Ticker,Name,buy,sell,diff,Branch,Date,Branch_Code
00632R,元大台灣50反1,183,30,153,富邦-桃園,2023-01-03,9665
2882,國泰金,125,20,105,富邦-桃園,2023-01-03,9665
1605,華新,138,65,73,富邦-桃園,2023-01-03,9665
00673R,期元大S＆P原油反1,67,0,67,富邦-桃園,2023-01-03,9665
00637L,元大滬深300正2,58,1,57,富邦-桃園,2023-01-03,9665
2609,陽明,53,8,45,富邦-桃園,2023-01-03,9665
00679B,元大美債20年,39,0,39,富邦-桃園,2023-01-03,9665
00862B,中信投資級公司債,31,0,31,富邦-桃園,2023-01-03,9665
1909,榮成,32,1,31,富邦-桃園,2023-01-03,9665
2371,大同,30,0,30,富邦-桃園,2023-01-03,9665
1522,堤維西,40,10,30,富邦-桃園,2023-01-03,9665
2881,富邦金,34,6,28,富邦-桃園,2023-01-03,9665
2317,鴻海,37,13,24,富邦-桃園,2023-01-03,9665
2888,新光金,30,6,24,富邦-桃園,2023-01-03,9665
2006,東和鋼鐵,20,0,20,富邦-桃園,2023-01-03,9665
1457,宜進,20,0,20,富邦-桃園,2023-01-03,9665
8131,福懋科,20,0,20,富邦-桃園,2023-01-03,9665
1455,集盛,30,10,20,富邦-桃園,2023-01-03,9665
2618,長榮航,20,2,18,富邦-桃園,2023-01-03,9665
00751B,元大AAA至A公司債,17,0,17,富邦-桃園,2023-01-03,9665
00885,富邦越南,21,5,16,富邦-桃園,2023-01-03,9665
1734,杏輝,15,0,15,富邦-桃園,2023-01-03,9665
2890,永豐金,14,0,14,富邦-桃園,2023-01-03,9665
4987,科誠,14,0,14,富邦-桃園,2023-01-03,9665
2399,映泰,21,8,13,富邦-桃園,2023-01-03,9665
0050,元大台灣50,12,0,12,富邦-桃園,2023-01-03,9665
00878,國泰永續高股息,41,28,13,富邦-桃園,2023-01-03,9665
2884,玉山金,12,0,12,富邦-桃園,2023-01-03,9665
3576,聯合再生,12,1,11,富邦-桃園,2023-01-03,9665
1447,力鵬,10,0,10,富邦-桃園,2023-01-03,9665
5014,建錩,10,0,10,富邦-桃園,2023-01-03,9665
1442,名軒,10,0,10,富邦-桃園,2023-01-03,9665
1609,大亞,18,8,10,富邦-桃園,2023-01-03,9665
1444,力麗,10,0,10,富邦-桃園,2023-01-03,9665
0056,元大高股息,23,14,9,富邦-桃園,2023-01-03,9665
4958,臻鼎-KY,9,0,9,富邦-桃園,2023-01-03,9665
6451,訊芯-KY,9,0,9,富邦-桃園,2023-01-03,9665
00772B,中信高評級公司債,8,0,8,富邦-桃園,2023-01-03,9665
2641,正德,8,0,8,富邦-桃園,2023-01-03,9665
8171,天宇,7,0,7,富邦-桃園,2023-01-03,9665
2867,三商壽,9,2,7,富邦-桃園,2023-01-03,9665
3481,群創,6,0,6,富邦-桃園,2023-01-03,9665
4977,眾達-KY,6,0,6,富邦-桃園,2023-01-03,9665
4121,優盛,7,1,6,富邦-桃園,2023-01-03,9665
3682,亞太電,6,0,6,富邦-桃園,2023-01-03,9665
6180,橘子,21,15,6,富邦-桃園,2023-01-03,9665
2495,普安,6,0,6,富邦-桃園,2023-01-03,9665
2382,廣達,6,0,6,富邦-桃園,2023-01-03,9665
5009,榮剛,6,0,6,富邦-桃園,2023-01-03,9665
2603,長榮,13,7,6,富邦-桃園,2023-01-03,9665
00632R,元大台灣50反1,120,0,120,富邦-桃園,2023-01-04,9665
1909,榮成,73,4,69,富邦-桃園,2023-01-04,9665
00905,FT臺灣Smart,52,0,52,富邦-桃園,2023-01-04,9665
00673R,期元大S＆P原油反1,55,11,44,富邦-桃園,2023-01-04,9665
2884,玉山金,42,0,42,富邦-桃園,2023-01-04,9665
00675L,富邦臺灣加權正2,40,0,40,富邦-桃園,2023-01-04,9665
00670L,富邦NASDAQ正2,39,0,39,富邦-桃園,2023-01-04,9665
3037,欣興,44,7,37,富邦-桃園,2023-01-04,9665
2317,鴻海,32,3,29,富邦-桃園,2023-01-04,9665
3213,茂訊,27,0,27,富邦-桃園,2023-01-04,9665
00773B,中信優先金融債,28,1,27,富邦-桃園,2023-01-04,9665
2498,宏達電,42,17,25,富邦-桃園,2023-01-04,9665
00679B,元大美債20年,25,2,23,富邦-桃園,2023-01-04,9665
00633L,富邦上証正2,22,1,21,富邦-桃園,2023-01-04,9665
1701,中化,22,2,20,富邦-桃園,2023-01-04,9665
8046,南電,19,3,16,富邦-桃園,2023-01-04,9665
2444,兆勁,16,0,16,富邦-桃園,2023-01-04,9665
8131,福懋科,15,0,15,富邦-桃園,2023-01-04,9665
3481,群創,22,7,15,富邦-桃園,2023-01-04,9665
6118,建達,53,38,15,富邦-桃園,2023-01-04,9665
00900,富邦特選高股息30,16,2,14,富邦-桃園,2023-01-04,9665
1609,大亞,37,22,15,富邦-桃園,2023-01-04,9665
3545,敦泰,16,3,13,富邦-桃園,2023-01-04,9665
1536,和大,13,1,12,富邦-桃園,2023-01-04,9665
1442,名軒,11,0,11,富邦-桃園,2023-01-04,9665
00725B,國泰投資級公司債,10,0,10,富邦-桃園,2023-01-04,9665
00770,國泰北美科技,10,0,10,富邦-桃園,2023-01-04,9665
4958,臻鼎-KY,10,0,10,富邦-桃園,2023-01-04,9665
5351,鈺創,10,0,10,富邦-桃園,2023-01-04,9665
1723,中碳,10,0,10,富邦-桃園,2023-01-04,9665
3221,台嘉碩,10,0,10,富邦-桃園,2023-01-04,9665
2337,旺宏,10,0,10,富邦-桃園,2023-01-04,9665
1605,華新,102,94,8,富邦-桃園,2023-01-04,9665
3504,揚明光,8,0,8,富邦-桃園,2023-01-04,9665
3047,訊舟,46,38,8,富邦-桃園,2023-01-04,9665
2603,長榮,10,3,7,富邦-桃園,2023-01-04,9665
3508,位速,9,2,7,富邦-桃園,2023-01-04,9665
00715L,期街口布蘭特正2,112,105,7,富邦-桃園,2023-01-04,9665
9917,中保科,7,0,7,富邦-桃園,2023-01-04,9665
006208,富邦台50,6,0,6,富邦-桃園,2023-01-04,9665
2344,華邦電,6,0,6,富邦-桃園,2023-01-04,9665
00895,富邦未來車,6,0,6,富邦-桃園,2023-01-04,9665
3034,聯詠,9,3,6,富邦-桃園,2023-01-04,9665
2615,萬海,18,12,6,富邦-桃園,2023-01-04,9665
1513,中興電,50,45,5,富邦-桃園,2023-01-04,9665
2023,燁輝,5,0,5,富邦-桃園,2023-01-04,9665
2368,金像電,11,6,5,富邦-桃園,2023-01-04,9665
2338,光罩,6,1,5,富邦-桃園,2023-01-04,9665
1752,南光,16,11,5,富邦-桃園,2023-01-04,9665
3715,定穎投控,5,0,5,富邦-桃園,2023-01-04,9665
00632R,元大台灣50反1,112,1,111,富邦-桃園,2023-01-05,9665
1444,力麗,51,3,48,富邦-桃園,2023-01-05,9665
00679B,元大美債20年,33,0,33,富邦-桃園,2023-01-05,9665
6443,元晶,29,2,27,富邦-桃園,2023-01-05,9665
00878,國泰永續高股息,31,5,26,富邦-桃園,2023-01-05,9665
00671R,富邦NASDAQ反1,21,0,21,富邦-桃園,2023-01-05,9665
2317,鴻海,29,8,21,富邦-桃園,2023-01-05,9665
00715L,期街口布蘭特正2,21,1,20,富邦-桃園,2023-01-05,9665
2498,宏達電,35,17,18,富邦-桃園,2023-01-05,9665
6411,晶焱,17,0,17,富邦-桃園,2023-01-05,9665
3272,東碩,26,10,16,富邦-桃園,2023-01-05,9665
3380,明泰,15,0,15,富邦-桃園,2023-01-05,9665
4743,合一,21,6,15,富邦-桃園,2023-01-05,9665
0056,元大高股息,17,3,14,富邦-桃園,2023-01-05,9665
2368,金像電,24,10,14,富邦-桃園,2023-01-05,9665
2313,華通,36,23,13,富邦-桃園,2023-01-05,9665
2409,友達,13,0,13,富邦-桃園,2023-01-05,9665
2380,虹光,14,1,13,富邦-桃園,2023-01-05,9665
00634R,富邦上証反1,13,0,13,富邦-桃園,2023-01-05,9665
1909,榮成,17,4,13,富邦-桃園,2023-01-05,9665
1101,台泥,17,5,12,富邦-桃園,2023-01-05,9665
8358,金居,28,16,12,富邦-桃園,2023-01-05,9665
1529,樂事綠能,49,37,12,富邦-桃園,2023-01-05,9665
4958,臻鼎-KY,11,0,11,富邦-桃園,2023-01-05,9665
00881,國泰台灣5G+,22,11,11,富邦-桃園,2023-01-05,9665
3037,欣興,24,13,11,富邦-桃園,2023-01-05,9665
1519,華城,207,196,11,富邦-桃園,2023-01-05,9665
2002,中鋼,12,1,11,富邦-桃園,2023-01-05,9665
5905,南仁湖,11,0,11,富邦-桃園,2023-01-05,9665
3006,晶豪科,23,12,11,富邦-桃園,2023-01-05,9665
2614,東森,16,5,11,富邦-桃園,2023-01-05,9665
2308,台達電,11,1,10,富邦-桃園,2023-01-05,9665
2371,大同,10,0,10,富邦-桃園,2023-01-05,9665
3234,光環,10,0,10,富邦-桃園,2023-01-05,9665
2913,農林,10,0,10,富邦-桃園,2023-01-05,9665
2884,玉山金,10,0,10,富邦-桃園,2023-01-05,9665
8131,福懋科,10,0,10,富邦-桃園,2023-01-05,9665
2642,宅配通,19,9,10,富邦-桃園,2023-01-05,9665
6234,高僑,10,0,10,富邦-桃園,2023-01-05,9665
2444,兆勁,25,15,10,富邦-桃園,2023-01-05,9665
4707,磐亞,9,0,9,富邦-桃園,2023-01-05,9665
3447,展達,9,0,9,富邦-桃園,2023-01-05,9665
2382,廣達,8,1,7,富邦-桃園,2023-01-05,9665
2419,仲琦,29,22,7,富邦-桃園,2023-01-05,9665
3189,景碩,8,1,7,富邦-桃園,2023-01-05,9665
8069,元太,15,8,7,富邦-桃園,2023-01-05,9665
6533,晶心科,9,2,7,富邦-桃園,2023-01-05,9665
6640,均華,7,0,7,富邦-桃園,2023-01-05,9665
8050,廣積,7,0,7,富邦-桃園,2023-01-05,9665
2603,長榮,23,16,7,富邦-桃園,2023-01-05,9665
1102,亞泥,50,0,50,富邦-桃園,2023-01-06,9665
00673R,期元大S＆P原油反1,43,0,43,富邦-桃園,2023-01-06,9665
00634R,富邦上証反1,35,0,35,富邦-桃園,2023-01-06,9665
00665L,富邦�琤肭磪囓�2,31,4,27,富邦-桃園,2023-01-06,9665
00885,富邦越南,26,1,25,富邦-桃園,2023-01-06,9665
2915,潤泰全,25,0,25,富邦-桃園,2023-01-06,9665
8171,天宇,31,6,25,富邦-桃園,2023-01-06,9665
6589,台康生技,22,2,20,富邦-桃園,2023-01-06,9665
3189,景碩,32,12,20,富邦-桃園,2023-01-06,9665
2371,大同,20,1,19,富邦-桃園,2023-01-06,9665
4121,優盛,17,0,17,富邦-桃園,2023-01-06,9665
6244,茂迪,16,0,16,富邦-桃園,2023-01-06,9665
00753L,中信中國50正2,21,6,15,富邦-桃園,2023-01-06,9665
2610,華航,15,4,11,富邦-桃園,2023-01-06,9665
6290,良維,16,5,11,富邦-桃園,2023-01-06,9665
1529,樂事綠能,34,23,11,富邦-桃園,2023-01-06,9665
6640,均華,10,0,10,富邦-桃園,2023-01-06,9665
2338,光罩,12,2,10,富邦-桃園,2023-01-06,9665
3680,家登,11,1,10,富邦-桃園,2023-01-06,9665
2038,海光,10,0,10,富邦-桃園,2023-01-06,9665
1584,精剛,10,0,10,富邦-桃園,2023-01-06,9665
1519,華城,201,192,9,富邦-桃園,2023-01-06,9665
3228,金麗科,18,9,9,富邦-桃園,2023-01-06,9665
2409,友達,10,1,9,富邦-桃園,2023-01-06,9665
6806,森崴能源,9,1,8,富邦-桃園,2023-01-06,9665
1444,力麗,8,0,8,富邦-桃園,2023-01-06,9665
4167,松瑞藥,62,54,8,富邦-桃園,2023-01-06,9665
8050,廣積,8,0,8,富邦-桃園,2023-01-06,9665
2317,鴻海,9,2,7,富邦-桃園,2023-01-06,9665
00720B,元大投資級公司債,7,0,7,富邦-桃園,2023-01-06,9665
1513,中興電,36,29,7,富邦-桃園,2023-01-06,9665
1342,八貫,13,6,7,富邦-桃園,2023-01-06,9665
00670L,富邦NASDAQ正2,7,0,7,富邦-桃園,2023-01-06,9665
00642U,期元大S＆P石油,7,0,7,富邦-桃園,2023-01-06,9665
2308,台達電,7,0,7,富邦-桃園,2023-01-06,9665
4114,健喬,63,56,7,富邦-桃園,2023-01-06,9665
8105,凌巨,20,14,6,富邦-桃園,2023-01-06,9665
2634,漢翔,6,0,6,富邦-桃園,2023-01-06,9665
9955,佳龍,7,1,6,富邦-桃園,2023-01-06,9665
2834,臺企銀,6,0,6,富邦-桃園,2023-01-06,9665
8996,高力,40,35,5,富邦-桃園,2023-01-06,9665
00893,國泰智能電動車,5,0,5,富邦-桃園,2023-01-06,9665
2707,晶華,5,0,5,富邦-桃園,2023-01-06,9665
2748,雲品,8,3,5,富邦-桃園,2023-01-06,9665
2888,新光金,6,1,5,富邦-桃園,2023-01-06,9665
2312,金寶,5,0,5,富邦-桃園,2023-01-06,9665
3046,建��,9,4,5,富邦-桃園,2023-01-06,9665
8096,擎亞,5,0,5,富邦-桃園,2023-01-06,9665
2419,仲琦,6,1,5,富邦-桃園,2023-01-06,9665
00916,國泰全球品牌50,5,0,5,富邦-桃園,2023-01-06,9665
00637L,元大滬深300正2,255,52,203,富邦-桃園,2023-01-09,9665
00878,國泰永續高股息,194,63,131,富邦-桃園,2023-01-09,9665
2915,潤泰全,69,0,69,富邦-桃園,2023-01-09,9665
2809,京城銀,50,0,50,富邦-桃園,2023-01-09,9665
00655L,國泰中國A50正2,51,1,50,富邦-桃園,2023-01-09,9665
2882,國泰金,54,15,39,富邦-桃園,2023-01-09,9665
1319,東陽,33,0,33,富邦-桃園,2023-01-09,9665
3704,合勤控,25,1,24,富邦-桃園,2023-01-09,9665
4768,晶呈科技,21,0,21,富邦-桃園,2023-01-09,9665
2376,技嘉,20,1,19,富邦-桃園,2023-01-09,9665
00632R,元大台灣50反1,325,308,17,富邦-桃園,2023-01-09,9665
3189,景碩,19,2,17,富邦-桃園,2023-01-09,9665
4121,優盛,15,1,14,富邦-桃園,2023-01-09,9665
00919,群益台灣精選高息,12,0,12,富邦-桃園,2023-01-09,9665
6153,嘉聯益,11,0,11,富邦-桃園,2023-01-09,9665
00885,富邦越南,14,3,11,富邦-桃園,2023-01-09,9665
6152,百一,10,0,10,富邦-桃園,2023-01-09,9665
00727B,國泰優選非投等債,10,0,10,富邦-桃園,2023-01-09,9665
5426,振發,10,0,10,富邦-桃園,2023-01-09,9665
2464,盟立,10,0,10,富邦-桃園,2023-01-09,9665
1316,上曜,9,1,8,富邦-桃園,2023-01-09,9665
2367,燿華,10,2,8,富邦-桃園,2023-01-09,9665
00888,永豐台灣ESG,7,0,7,富邦-桃園,2023-01-09,9665
2727,王品,6,0,6,富邦-桃園,2023-01-09,9665
1815,富喬,6,0,6,富邦-桃園,2023-01-09,9665
8097,常珵,5,0,5,富邦-桃園,2023-01-09,9665
3491,昇達科,5,0,5,富邦-桃園,2023-01-09,9665
6215,和椿,5,0,5,富邦-桃園,2023-01-09,9665
3035,智原,24,19,5,富邦-桃園,2023-01-09,9665
6234,高僑,5,0,5,富邦-桃園,2023-01-09,9665
00902,中信電池及儲能,5,0,5,富邦-桃園,2023-01-09,9665
1337,再生-KY,5,0,5,富邦-桃園,2023-01-09,9665
00634R,富邦上証反1,5,0,5,富邦-桃園,2023-01-09,9665
5351,鈺創,6,1,5,富邦-桃園,2023-01-09,9665
00773B,中信優先金融債,33,28,5,富邦-桃園,2023-01-09,9665
4102,永日,5,0,5,富邦-桃園,2023-01-09,9665
00710B,復華彭博非投等債,5,0,5,富邦-桃園,2023-01-09,9665
4720,德淵,5,0,5,富邦-桃園,2023-01-09,9665
8234,新漢,7,2,5,富邦-桃園,2023-01-09,9665
2457,飛宏,5,0,5,富邦-桃園,2023-01-09,9665
4114,健喬,27,22,5,富邦-桃園,2023-01-09,9665
00665L,富邦�琤肭磪囓�2,5,1,4,富邦-桃園,2023-01-09,9665
00770,國泰北美科技,4,0,4,富邦-桃園,2023-01-09,9665
2929,淘帝-KY,4,0,4,富邦-桃園,2023-01-09,9665
2388,威盛,20,16,4,富邦-桃園,2023-01-09,9665
1708,東鹼,10,6,4,富邦-桃園,2023-01-09,9665
8421,旭源,4,0,4,富邦-桃園,2023-01-09,9665
6274,台燿,10,6,4,富邦-桃園,2023-01-09,9665
8033,雷虎,4,0,4,富邦-桃園,2023-01-09,9665
00772B,中信高評級公司債,6,2,4,富邦-桃園,2023-01-09,9665
00715L,期街口布蘭特正2,72,0,72,富邦-桃園,2023-01-10,9665
1444,力麗,54,0,54,富邦-桃園,2023-01-10,9665
6244,茂迪,51,0,51,富邦-桃園,2023-01-10,9665
2884,玉山金,41,1,40,富邦-桃園,2023-01-10,9665
2883,凱基金,25,0,25,富邦-桃園,2023-01-10,9665
8105,凌巨,26,1,25,富邦-桃園,2023-01-10,9665
8112,至上,21,0,21,富邦-桃園,2023-01-10,9665
00679B,元大美債20年,21,0,21,富邦-桃園,2023-01-10,9665
1455,集盛,20,0,20,富邦-桃園,2023-01-10,9665
2547,日勝生,20,0,20,富邦-桃園,2023-01-10,9665
3680,家登,27,10,17,富邦-桃園,2023-01-10,9665
1305,華夏,18,2,16,富邦-桃園,2023-01-10,9665
2367,燿華,15,0,15,富邦-桃園,2023-01-10,9665
3037,欣興,19,4,15,富邦-桃園,2023-01-10,9665
2388,威盛,35,21,14,富邦-桃園,2023-01-10,9665
2887,台新金,13,1,12,富邦-桃園,2023-01-10,9665
00642U,期元大S＆P石油,12,0,12,富邦-桃園,2023-01-10,9665
2337,旺宏,15,3,12,富邦-桃園,2023-01-10,9665
2609,陽明,17,6,11,富邦-桃園,2023-01-10,9665
1789,神隆,11,0,11,富邦-桃園,2023-01-10,9665
4968,立積,22,12,10,富邦-桃園,2023-01-10,9665
2851,中再保,10,0,10,富邦-桃園,2023-01-10,9665
1512,瑞利,10,0,10,富邦-桃園,2023-01-10,9665
4162,智擎,10,0,10,富邦-桃園,2023-01-10,9665
4114,健喬,34,25,9,富邦-桃園,2023-01-10,9665
2023,燁輝,10,2,8,富邦-桃園,2023-01-10,9665
2201,裕隆,39,31,8,富邦-桃園,2023-01-10,9665
3090,日電貿,8,0,8,富邦-桃園,2023-01-10,9665
4551,智伸科,8,0,8,富邦-桃園,2023-01-10,9665
9933,中鼎,10,2,8,富邦-桃園,2023-01-10,9665
2379,瑞昱,12,4,8,富邦-桃園,2023-01-10,9665
2338,光罩,9,2,7,富邦-桃園,2023-01-10,9665
6640,均華,7,0,7,富邦-桃園,2023-01-10,9665
2330,台積電,14,8,6,富邦-桃園,2023-01-10,9665
8081,致新,6,0,6,富邦-桃園,2023-01-10,9665
2022,聚亨,6,0,6,富邦-桃園,2023-01-10,9665
1708,東鹼,8,2,6,富邦-桃園,2023-01-10,9665
2606,裕民,6,0,6,富邦-桃園,2023-01-10,9665
1529,樂事綠能,6,0,6,富邦-桃園,2023-01-10,9665
2355,敬鵬,6,0,6,富邦-桃園,2023-01-10,9665
1736,喬山,14,8,6,富邦-桃園,2023-01-10,9665
00795B,中信美國公債20年,6,0,6,富邦-桃園,2023-01-10,9665
2812,台中銀,6,0,6,富邦-桃園,2023-01-10,9665
1560,中砂,17,12,5,富邦-桃園,2023-01-10,9665
2892,第一金,11,5,6,富邦-桃園,2023-01-10,9665
3228,金麗科,8,3,5,富邦-桃園,2023-01-10,9665
5483,中美晶,5,0,5,富邦-桃園,2023-01-10,9665
2601,益航,5,0,5,富邦-桃園,2023-01-10,9665
00751B,元大AAA至A公司債,7,2,5,富邦-桃園,2023-01-10,9665
2913,農林,5,0,5,富邦-桃園,2023-01-10,9665
00878,國泰永續高股息,302,18,284,富邦-桃園,2023-01-11,9665
2883B,凱基金乙特,181,0,181,富邦-桃園,2023-01-11,9665
4904,遠傳,55,0,55,富邦-桃園,2023-01-11,9665
1227,佳格,30,0,30,富邦-桃園,2023-01-11,9665
2547,日勝生,30,0,30,富邦-桃園,2023-01-11,9665
1442,名軒,30,4,26,富邦-桃園,2023-01-11,9665
2618,長榮航,115,89,26,富邦-桃園,2023-01-11,9665
8131,福懋科,25,0,25,富邦-桃園,2023-01-11,9665
3062,建漢,25,0,25,富邦-桃園,2023-01-11,9665
6533,晶心科,30,7,23,富邦-桃園,2023-01-11,9665
4162,智擎,24,1,23,富邦-桃園,2023-01-11,9665
00669R,國泰美國道瓊反1,21,0,21,富邦-桃園,2023-01-11,9665
00676R,富邦臺灣加權反1,20,0,20,富邦-桃園,2023-01-11,9665
00720B,元大投資級公司債,18,0,18,富邦-桃園,2023-01-11,9665
3141,晶宏,32,15,17,富邦-桃園,2023-01-11,9665
2033,佳大,15,0,15,富邦-桃園,2023-01-11,9665
6640,均華,15,0,15,富邦-桃園,2023-01-11,9665
2884,玉山金,21,7,14,富邦-桃園,2023-01-11,9665
2845,遠東銀,15,2,13,富邦-桃園,2023-01-11,9665
1314,中石化,22,10,12,富邦-桃園,2023-01-11,9665
2436,偉詮電,14,2,12,富邦-桃園,2023-01-11,9665
2609,陽明,26,14,12,富邦-桃園,2023-01-11,9665
2317,鴻海,14,2,12,富邦-桃園,2023-01-11,9665
2495,普安,11,0,11,富邦-桃園,2023-01-11,9665
3704,合勤控,30,20,10,富邦-桃園,2023-01-11,9665
2851,中再保,10,0,10,富邦-桃園,2023-01-11,9665
6152,百一,10,0,10,富邦-桃園,2023-01-11,9665
2702,華園,10,0,10,富邦-桃園,2023-01-11,9665
2888,新光金,12,2,10,富邦-桃園,2023-01-11,9665
6234,高僑,10,0,10,富邦-桃園,2023-01-11,9665
6104,創惟,10,0,10,富邦-桃園,2023-01-11,9665
2323,中環,10,0,10,富邦-桃園,2023-01-11,9665
2344,華邦電,12,3,9,富邦-桃園,2023-01-11,9665
1336,台翰,9,0,9,富邦-桃園,2023-01-11,9665
8097,常珵,10,2,8,富邦-桃園,2023-01-11,9665
00712,復華富時不動產,10,2,8,富邦-桃園,2023-01-11,9665
1605,華新,11,4,7,富邦-桃園,2023-01-11,9665
4114,健喬,38,31,7,富邦-桃園,2023-01-11,9665
6589,台康生技,6,0,6,富邦-桃園,2023-01-11,9665
2413,環科,8,2,6,富邦-桃園,2023-01-11,9665
00751B,元大AAA至A公司債,16,10,6,富邦-桃園,2023-01-11,9665
1342,八貫,7,1,6,富邦-桃園,2023-01-11,9665
3163,波若威,9,3,6,富邦-桃園,2023-01-11,9665
2324,仁寶,6,0,6,富邦-桃園,2023-01-11,9665
3587,閎康,10,4,6,富邦-桃園,2023-01-11,9665
6592,和潤企業,7,1,6,富邦-桃園,2023-01-11,9665
3045,台灣大,5,0,5,富邦-桃園,2023-01-11,9665
2401,凌陽,5,0,5,富邦-桃園,2023-01-11,9665
00634R,富邦上証反1,5,0,5,富邦-桃園,2023-01-11,9665
3346,麗清,5,0,5,富邦-桃園,2023-01-11,9665
2615,萬海,161,10,151,富邦-桃園,2023-01-12,9665
2603,長榮,141,6,135,富邦-桃園,2023-01-12,9665
00673R,期元大S＆P原油反1,113,0,113,富邦-桃園,2023-01-12,9665
00878,國泰永續高股息,100,10,90,富邦-桃園,2023-01-12,9665
00882,中信中國高股息,54,0,54,富邦-桃園,2023-01-12,9665
2884,玉山金,48,0,48,富邦-桃園,2023-01-12,9665
00679B,元大美債20年,45,1,44,富邦-桃園,2023-01-12,9665
4128,中天,40,1,39,富邦-桃園,2023-01-12,9665
2308,台達電,32,2,30,富邦-桃園,2023-01-12,9665
00632R,元大台灣50反1,37,7,30,富邦-桃園,2023-01-12,9665
2885,元大金,51,21,30,富邦-桃園,2023-01-12,9665
2609,陽明,20,0,20,富邦-桃園,2023-01-12,9665
00637L,元大滬深300正2,20,0,20,富邦-桃園,2023-01-12,9665
00905,FT臺灣Smart,19,0,19,富邦-桃園,2023-01-12,9665
2880,華南金,16,0,16,富邦-桃園,2023-01-12,9665
00720B,元大投資級公司債,17,1,16,富邦-桃園,2023-01-12,9665
00648R,元大S＆P500反1,15,0,15,富邦-桃園,2023-01-12,9665
2897,王道銀行,15,0,15,富邦-桃園,2023-01-12,9665
00671R,富邦NASDAQ反1,15,0,15,富邦-桃園,2023-01-12,9665
2332,友訊,13,0,13,富邦-桃園,2023-01-12,9665
5009,榮剛,14,1,13,富邦-桃園,2023-01-12,9665
9955,佳龍,12,0,12,富邦-桃園,2023-01-12,9665
6176,瑞儀,12,0,12,富邦-桃園,2023-01-12,9665
2883,凱基金,15,4,11,富邦-桃園,2023-01-12,9665
2444,兆勁,12,1,11,富邦-桃園,2023-01-12,9665
2324,仁寶,11,0,11,富邦-桃園,2023-01-12,9665
1760,寶齡富錦,12,2,10,富邦-桃園,2023-01-12,9665
6152,百一,10,0,10,富邦-桃園,2023-01-12,9665
1460,宏遠,10,0,10,富邦-桃園,2023-01-12,9665
4114,健喬,29,19,10,富邦-桃園,2023-01-12,9665
6456,GIS-KY,9,0,9,富邦-桃園,2023-01-12,9665
2882,國泰金,13,4,9,富邦-桃園,2023-01-12,9665
3163,波若威,9,0,9,富邦-桃園,2023-01-12,9665
1312,國喬,13,4,9,富邦-桃園,2023-01-12,9665
1560,中砂,10,1,9,富邦-桃園,2023-01-12,9665
00895,富邦未來車,8,0,8,富邦-桃園,2023-01-12,9665
2412,中華電,8,0,8,富邦-桃園,2023-01-12,9665
2607,榮運,8,0,8,富邦-桃園,2023-01-12,9665
2812,台中銀,8,0,8,富邦-桃園,2023-01-12,9665
00919,群益台灣精選高息,8,0,8,富邦-桃園,2023-01-12,9665
2358,廷鑫,23,15,8,富邦-桃園,2023-01-12,9665
9962,有益,10,3,7,富邦-桃園,2023-01-12,9665
6443,元晶,11,4,7,富邦-桃園,2023-01-12,9665
00633L,富邦上証正2,8,1,7,富邦-桃園,2023-01-12,9665
2356,英業達,6,0,6,富邦-桃園,2023-01-12,9665
6505,台塑化,6,0,6,富邦-桃園,2023-01-12,9665
2867,三商壽,6,0,6,富邦-桃園,2023-01-12,9665
2633,台灣高鐵,8,2,6,富邦-桃園,2023-01-12,9665
3624,光頡,8,2,6,富邦-桃園,2023-01-12,9665
2851,中再保,6,0,6,富邦-桃園,2023-01-12,9665
00632R,元大台灣50反1,107,1,106,富邦-桃園,2023-01-13,9665
00679B,元大美債20年,94,5,89,富邦-桃園,2023-01-13,9665
2603,長榮,94,5,89,富邦-桃園,2023-01-13,9665
1409,新纖,50,0,50,富邦-桃園,2023-01-13,9665
2891,中信金,50,1,49,富邦-桃園,2023-01-13,9665
1584,精剛,31,2,29,富邦-桃園,2023-01-13,9665
2371,大同,20,0,20,富邦-桃園,2023-01-13,9665
6244,茂迪,21,2,19,富邦-桃園,2023-01-13,9665
00900,富邦特選高股息30,20,1,19,富邦-桃園,2023-01-13,9665
2812,台中銀,18,0,18,富邦-桃園,2023-01-13,9665
6148,驊宏資,15,0,15,富邦-桃園,2023-01-13,9665
2880,華南金,15,0,15,富邦-桃園,2023-01-13,9665
4720,德淵,14,0,14,富邦-桃園,2023-01-13,9665
8097,常珵,14,0,14,富邦-桃園,2023-01-13,9665
00673R,期元大S＆P原油反1,14,0,14,富邦-桃園,2023-01-13,9665
9955,佳龍,30,17,13,富邦-桃園,2023-01-13,9665
00921,兆豐龍頭等權重,13,0,13,富邦-桃園,2023-01-13,9665
1513,中興電,13,1,12,富邦-桃園,2023-01-13,9665
2609,陽明,13,2,11,富邦-桃園,2023-01-13,9665
2337,旺宏,10,0,10,富邦-桃園,2023-01-13,9665
00671R,富邦NASDAQ反1,10,0,10,富邦-桃園,2023-01-13,9665
3213,茂訊,10,0,10,富邦-桃園,2023-01-13,9665
1444,力麗,10,0,10,富邦-桃園,2023-01-13,9665
6152,百一,10,0,10,富邦-桃園,2023-01-13,9665
00634R,富邦上証反1,10,0,10,富邦-桃園,2023-01-13,9665
3228,金麗科,15,5,10,富邦-桃園,2023-01-13,9665
6171,大城地產,9,0,9,富邦-桃園,2023-01-13,9665
2883,凱基金,22,14,8,富邦-桃園,2023-01-13,9665
2892,第一金,7,0,7,富邦-桃園,2023-01-13,9665
6727,亞泰金屬,6,0,6,富邦-桃園,2023-01-13,9665
3680,家登,11,5,6,富邦-桃園,2023-01-13,9665
2317,鴻海,8,2,6,富邦-桃園,2023-01-13,9665
4167,松瑞藥,6,1,5,富邦-桃園,2023-01-13,9665
0056,元大高股息,35,30,5,富邦-桃園,2023-01-13,9665
00713,元大台灣高息低波,6,1,5,富邦-桃園,2023-01-13,9665
5321,美而快,16,11,5,富邦-桃園,2023-01-13,9665
2323,中環,5,0,5,富邦-桃園,2023-01-13,9665
00650L,復華香港正2,5,0,5,富邦-桃園,2023-01-13,9665
1529,樂事綠能,5,0,5,富邦-桃園,2023-01-13,9665
00648R,元大S＆P500反1,5,0,5,富邦-桃園,2023-01-13,9665
3704,合勤控,32,27,5,富邦-桃園,2023-01-13,9665
3321,同泰,5,0,5,富邦-桃園,2023-01-13,9665
2883B,凱基金乙特,5,0,5,富邦-桃園,2023-01-13,9665
2312,金寶,5,0,5,富邦-桃園,2023-01-13,9665
3163,波若威,8,3,5,富邦-桃園,2023-01-13,9665
1201,味全,5,0,5,富邦-桃園,2023-01-13,9665
1522,堤維西,5,0,5,富邦-桃園,2023-01-13,9665
00665L,富邦�琤肭磪囓�2,5,0,5,富邦-桃園,2023-01-13,9665
4503,金雨,5,0,5,富邦-桃園,2023-01-13,9665
6285,啟��,5,0,5,富邦-桃園,2023-01-13,9665
2883,凱基金,316,4,312,富邦-桃園,2023-01-16,9665
2891,中信金,150,8,142,富邦-桃園,2023-01-16,9665
00632R,元大台灣50反1,100,4,96,富邦-桃園,2023-01-16,9665
00679B,元大美債20年,69,1,68,富邦-桃園,2023-01-16,9665
00900,富邦特選高股息30,57,4,53,富邦-桃園,2023-01-16,9665
2603,長榮,36,2,34,富邦-桃園,2023-01-16,9665
2809,京城銀,30,0,30,富邦-桃園,2023-01-16,9665
3481,群創,41,18,23,富邦-桃園,2023-01-16,9665
00919,群益台灣精選高息,23,0,23,富邦-桃園,2023-01-16,9665
6231,系微,21,1,20,富邦-桃園,2023-01-16,9665
2317,鴻海,24,5,19,富邦-桃園,2023-01-16,9665
2547,日勝生,18,0,18,富邦-桃園,2023-01-16,9665
00907,永豐優息存股,16,0,16,富邦-桃園,2023-01-16,9665
3189,景碩,17,2,15,富邦-桃園,2023-01-16,9665
2329,華泰,15,0,15,富邦-桃園,2023-01-16,9665
3704,合勤控,18,4,14,富邦-桃園,2023-01-16,9665
2609,陽明,15,2,13,富邦-桃園,2023-01-16,9665
6189,豐藝,13,0,13,富邦-桃園,2023-01-16,9665
00680L,元大美債20正2,12,0,12,富邦-桃園,2023-01-16,9665
3029,零壹,12,0,12,富邦-桃園,2023-01-16,9665
3013,晟銘電,12,0,12,富邦-桃園,2023-01-16,9665
6770,力積電,14,3,11,富邦-桃園,2023-01-16,9665
3213,茂訊,11,0,11,富邦-桃園,2023-01-16,9665
2812,台中銀,11,0,11,富邦-桃園,2023-01-16,9665
3623,富晶通,11,0,11,富邦-桃園,2023-01-16,9665
2303,聯電,31,20,11,富邦-桃園,2023-01-16,9665
4720,德淵,10,0,10,富邦-桃園,2023-01-16,9665
00772B,中信高評級公司債,11,1,10,富邦-桃園,2023-01-16,9665
1789,神隆,9,0,9,富邦-桃園,2023-01-16,9665
2882,國泰金,16,8,8,富邦-桃園,2023-01-16,9665
2615,萬海,10,3,7,富邦-桃園,2023-01-16,9665
4162,智擎,8,1,7,富邦-桃園,2023-01-16,9665
4961,天鈺,14,7,7,富邦-桃園,2023-01-16,9665
00676R,富邦臺灣加權反1,6,0,6,富邦-桃園,2023-01-16,9665
6152,百一,6,0,6,富邦-桃園,2023-01-16,9665
6443,元晶,8,2,6,富邦-桃園,2023-01-16,9665
00881,國泰台灣5G+,9,3,6,富邦-桃園,2023-01-16,9665
00902,中信電池及儲能,6,0,6,富邦-桃園,2023-01-16,9665
2408,南亞科,11,5,6,富邦-桃園,2023-01-16,9665
00675L,富邦臺灣加權正2,7,1,6,富邦-桃園,2023-01-16,9665
2382,廣達,12,6,6,富邦-桃園,2023-01-16,9665
00905,FT臺灣Smart,5,0,5,富邦-桃園,2023-01-16,9665
00770,國泰北美科技,5,0,5,富邦-桃園,2023-01-16,9665
8086,宏捷科,5,0,5,富邦-桃園,2023-01-16,9665
8937,合騏,5,0,5,富邦-桃園,2023-01-16,9665
2851,中再保,7,2,5,富邦-桃園,2023-01-16,9665
3321,同泰,5,0,5,富邦-桃園,2023-01-16,9665
1609,大亞,6,1,5,富邦-桃園,2023-01-16,9665
00711B,復華彭博新興債,5,0,5,富邦-桃園,2023-01-16,9665
3211,順達,4,0,4,富邦-桃園,2023-01-16,9665
00878,國泰永續高股息,214,43,171,富邦-桃園,2023-01-17,9665
00637L,元大滬深300正2,128,5,123,富邦-桃園,2023-01-17,9665
00632R,元大台灣50反1,97,19,78,富邦-桃園,2023-01-17,9665
6640,均華,59,0,59,富邦-桃園,2023-01-17,9665
00679B,元大美債20年,55,1,54,富邦-桃園,2023-01-17,9665
00882,中信中國高股息,50,1,49,富邦-桃園,2023-01-17,9665
1529,樂事綠能,74,38,36,富邦-桃園,2023-01-17,9665
2317,鴻海,35,1,34,富邦-桃園,2023-01-17,9665
00680L,元大美債20正2,32,0,32,富邦-桃園,2023-01-17,9665
2547,日勝生,32,0,32,富邦-桃園,2023-01-17,9665
3037,欣興,29,1,28,富邦-桃園,2023-01-17,9665
2618,長榮航,43,16,27,富邦-桃園,2023-01-17,9665
4720,德淵,25,0,25,富邦-桃園,2023-01-17,9665
2890,永豐金,32,9,23,富邦-桃園,2023-01-17,9665
6443,元晶,22,0,22,富邦-桃園,2023-01-17,9665
1455,集盛,20,0,20,富邦-桃園,2023-01-17,9665
00638R,元大滬深300反1,20,0,20,富邦-桃園,2023-01-17,9665
2065,世豐,19,0,19,富邦-桃園,2023-01-17,9665
2884,玉山金,17,1,16,富邦-桃園,2023-01-17,9665
6770,力積電,17,2,15,富邦-桃園,2023-01-17,9665
2482,連宇,15,0,15,富邦-桃園,2023-01-17,9665
00900,富邦特選高股息30,20,6,14,富邦-桃園,2023-01-17,9665
1789,神隆,13,0,13,富邦-桃園,2023-01-17,9665
3481,群創,13,0,13,富邦-桃園,2023-01-17,9665
2851,中再保,12,0,12,富邦-桃園,2023-01-17,9665
00795B,中信美國公債20年,12,0,12,富邦-桃園,2023-01-17,9665
2883,凱基金,14,2,12,富邦-桃園,2023-01-17,9665
8050,廣積,12,2,10,富邦-桃園,2023-01-17,9665
8438,昶昕,10,0,10,富邦-桃園,2023-01-17,9665
4162,智擎,11,1,10,富邦-桃園,2023-01-17,9665
00648R,元大S＆P500反1,10,0,10,富邦-桃園,2023-01-17,9665
8147,正淩,10,0,10,富邦-桃園,2023-01-17,9665
3013,晟銘電,11,1,10,富邦-桃園,2023-01-17,9665
2442,新美齊,10,0,10,富邦-桃園,2023-01-17,9665
4979,華星光,21,11,10,富邦-桃園,2023-01-17,9665
6152,百一,10,0,10,富邦-桃園,2023-01-17,9665
3213,茂訊,10,0,10,富邦-桃園,2023-01-17,9665
00701,國泰股利精選30,10,0,10,富邦-桃園,2023-01-17,9665
4961,天鈺,12,3,9,富邦-桃園,2023-01-17,9665
2812,台中銀,8,0,8,富邦-桃園,2023-01-17,9665
00752,中信中國50,11,3,8,富邦-桃園,2023-01-17,9665
3704,合勤控,9,1,8,富邦-桃園,2023-01-17,9665
2349,錸德,8,0,8,富邦-桃園,2023-01-17,9665
3221,台嘉碩,10,2,8,富邦-桃園,2023-01-17,9665
00725B,國泰投資級公司債,8,0,8,富邦-桃園,2023-01-17,9665
1615,大山,8,0,8,富邦-桃園,2023-01-17,9665
00753L,中信中國50正2,18,11,7,富邦-桃園,2023-01-17,9665
00633L,富邦上証正2,7,0,7,富邦-桃園,2023-01-17,9665
5321,美而快,35,29,6,富邦-桃園,2023-01-17,9665
00720B,元大投資級公司債,7,1,6,富邦-桃園,2023-01-17,9665
00632R,元大台灣50反1,424,0,424,富邦-桃園,2023-01-30,9665
2317,鴻海,62,2,60,富邦-桃園,2023-01-30,9665
00671R,富邦NASDAQ反1,51,0,51,富邦-桃園,2023-01-30,9665
9955,佳龍,50,1,49,富邦-桃園,2023-01-30,9665
2609,陽明,50,4,46,富邦-桃園,2023-01-30,9665
00751B,元大AAA至A公司債,36,0,36,富邦-桃園,2023-01-30,9665
00676R,富邦臺灣加權反1,36,0,36,富邦-桃園,2023-01-30,9665
00679B,元大美債20年,35,0,35,富邦-桃園,2023-01-30,9665
00882,中信中國高股息,31,0,31,富邦-桃園,2023-01-30,9665
1319,東陽,32,2,30,富邦-桃園,2023-01-30,9665
6223,旺矽,34,4,30,富邦-桃園,2023-01-30,9665
6640,均華,37,7,30,富邦-桃園,2023-01-30,9665
2634,漢翔,21,1,20,富邦-桃園,2023-01-30,9665
2809,京城銀,20,0,20,富邦-桃園,2023-01-30,9665
00772B,中信高評級公司債,20,2,18,富邦-桃園,2023-01-30,9665
2444,兆勁,20,3,17,富邦-桃園,2023-01-30,9665
2482,連宇,21,5,16,富邦-桃園,2023-01-30,9665
00665L,富邦�琤肭磪囓�2,21,7,14,富邦-桃園,2023-01-30,9665
2337,旺宏,20,7,13,富邦-桃園,2023-01-30,9665
1810,和成,13,0,13,富邦-桃園,2023-01-30,9665
00673R,期元大S＆P原油反1,13,0,13,富邦-桃園,2023-01-30,9665
00655L,國泰中國A50正2,15,2,13,富邦-桃園,2023-01-30,9665
1591,駿吉-KY,12,0,12,富邦-桃園,2023-01-30,9665
1513,中興電,35,24,11,富邦-桃園,2023-01-30,9665
2851,中再保,13,2,11,富邦-桃園,2023-01-30,9665
00664R,國泰臺灣加權反1,10,0,10,富邦-桃園,2023-01-30,9665
3013,晟銘電,10,0,10,富邦-桃園,2023-01-30,9665
2882A,國泰特,10,0,10,富邦-桃園,2023-01-30,9665
8028,昇陽半導體,11,1,10,富邦-桃園,2023-01-30,9665
9105,泰金寶-DR,10,0,10,富邦-桃園,2023-01-30,9665
00631L,元大台灣50正2,10,1,9,富邦-桃園,2023-01-30,9665
00921,兆豐龍頭等權重,9,0,9,富邦-桃園,2023-01-30,9665
2615,萬海,11,2,9,富邦-桃園,2023-01-30,9665
5321,美而快,21,12,9,富邦-桃園,2023-01-30,9665
3711,日月光投控,10,1,9,富邦-桃園,2023-01-30,9665
00720B,元大投資級公司債,10,2,8,富邦-桃園,2023-01-30,9665
00680L,元大美債20正2,8,0,8,富邦-桃園,2023-01-30,9665
2313,華通,9,1,8,富邦-桃園,2023-01-30,9665
8042,金山電,8,0,8,富邦-桃園,2023-01-30,9665
2328,廣宇,10,3,7,富邦-桃園,2023-01-30,9665
6182,合晶,13,6,7,富邦-桃園,2023-01-30,9665
6789,采鈺,6,0,6,富邦-桃園,2023-01-30,9665
4162,智擎,11,5,6,富邦-桃園,2023-01-30,9665
00656R,國泰中國A50反1,6,0,6,富邦-桃園,2023-01-30,9665
4968,立積,7,1,6,富邦-桃園,2023-01-30,9665
3710,連展投控,6,0,6,富邦-桃園,2023-01-30,9665
3491,昇達科,6,0,6,富邦-桃園,2023-01-30,9665
1752,南光,18,12,6,富邦-桃園,2023-01-30,9665
8033,雷虎,6,0,6,富邦-桃園,2023-01-30,9665
8069,元太,9,4,5,富邦-桃園,2023-01-30,9665
2891,中信金,113,0,113,富邦-桃園,2023-01-31,9665
6282,康舒,135,30,105,富邦-桃園,2023-01-31,9665
00772B,中信高評級公司債,93,0,93,富邦-桃園,2023-01-31,9665
2880,華南金,74,0,74,富邦-桃園,2023-01-31,9665
4979,華星光,91,31,60,富邦-桃園,2023-01-31,9665
00882,中信中國高股息,56,1,55,富邦-桃園,2023-01-31,9665
00751B,元大AAA至A公司債,57,7,50,富邦-桃園,2023-01-31,9665
00905,FT臺灣Smart,43,0,43,富邦-桃園,2023-01-31,9665
00637L,元大滬深300正2,66,23,43,富邦-桃園,2023-01-31,9665
00632R,元大台灣50反1,61,22,39,富邦-桃園,2023-01-31,9665
2032,新鋼,96,58,38,富邦-桃園,2023-01-31,9665
00878,國泰永續高股息,87,55,32,富邦-桃園,2023-01-31,9665
00720B,元大投資級公司債,32,1,31,富邦-桃園,2023-01-31,9665
4961,天鈺,33,5,28,富邦-桃園,2023-01-31,9665
00679B,元大美債20年,25,0,25,富邦-桃園,2023-01-31,9665
00893,國泰智能電動車,29,5,24,富邦-桃園,2023-01-31,9665
2354,鴻準,22,0,22,富邦-桃園,2023-01-31,9665
3164,景岳,22,0,22,富邦-桃園,2023-01-31,9665
00753L,中信中國50正2,24,2,22,富邦-桃園,2023-01-31,9665
2892,第一金,24,3,21,富邦-桃園,2023-01-31,9665
6279,胡連,22,2,20,富邦-桃園,2023-01-31,9665
6153,嘉聯益,17,0,17,富邦-桃園,2023-01-31,9665
2887,台新金,20,4,16,富邦-桃園,2023-01-31,9665
00888,永豐台灣ESG,20,4,16,富邦-桃園,2023-01-31,9665
2884,玉山金,16,0,16,富邦-桃園,2023-01-31,9665
2641,正德,17,2,15,富邦-桃園,2023-01-31,9665
1718,中纖,15,1,14,富邦-桃園,2023-01-31,9665
00885,富邦越南,13,0,13,富邦-桃園,2023-01-31,9665
2618,長榮航,23,11,12,富邦-桃園,2023-01-31,9665
2038,海光,16,4,12,富邦-桃園,2023-01-31,9665
00675L,富邦臺灣加權正2,12,0,12,富邦-桃園,2023-01-31,9665
5880,合庫金,12,0,12,富邦-桃園,2023-01-31,9665
2882A,國泰特,11,0,11,富邦-桃園,2023-01-31,9665
6143,振曜,15,4,11,富邦-桃園,2023-01-31,9665
2897,王道銀行,10,0,10,富邦-桃園,2023-01-31,9665
4306,炎洲,10,0,10,富邦-桃園,2023-01-31,9665
00664R,國泰臺灣加權反1,10,0,10,富邦-桃園,2023-01-31,9665
00676R,富邦臺灣加權反1,10,0,10,富邦-桃園,2023-01-31,9665
6127,九豪,10,0,10,富邦-桃園,2023-01-31,9665
1475,業旺,10,0,10,富邦-桃園,2023-01-31,9665
8937,合騏,10,0,10,富邦-桃園,2023-01-31,9665
3029,零壹,9,0,9,富邦-桃園,2023-01-31,9665
1455,集盛,20,11,9,富邦-桃園,2023-01-31,9665
6719,力智,16,7,9,富邦-桃園,2023-01-31,9665
1701,中化,23,15,8,富邦-桃園,2023-01-31,9665
2444,兆勁,10,2,8,富邦-桃園,2023-01-31,9665
1460,宏遠,8,0,8,富邦-桃園,2023-01-31,9665
2834,臺企銀,16,8,8,富邦-桃園,2023-01-31,9665
6245,立端,9,2,7,富邦-桃園,2023-01-31,9665
1514,亞力,14,7,7,富邦-桃園,2023-01-31,9665
1605,華新,170,41,129,富邦-桃園,2023-02-01,9665
00637L,元大滬深300正2,96,3,93,富邦-桃園,2023-02-01,9665
00878,國泰永續高股息,107,24,83,富邦-桃園,2023-02-01,9665
2486,一詮,72,6,66,富邦-桃園,2023-02-01,9665
1409,新纖,50,1,49,富邦-桃園,2023-02-01,9665
9105,泰金寶-DR,46,1,45,富邦-桃園,2023-02-01,9665
00679B,元大美債20年,44,0,44,富邦-桃園,2023-02-01,9665
2834,臺企銀,51,10,41,富邦-桃園,2023-02-01,9665
2891,中信金,41,1,40,富邦-桃園,2023-02-01,9665
00772B,中信高評級公司債,36,0,36,富邦-桃園,2023-02-01,9665
0056,元大高股息,41,9,32,富邦-桃園,2023-02-01,9665
00896,中信綠能及電動車,32,0,32,富邦-桃園,2023-02-01,9665
00673R,期元大S＆P原油反1,32,2,30,富邦-桃園,2023-02-01,9665
2881,富邦金,28,0,28,富邦-桃園,2023-02-01,9665
3481,群創,25,0,25,富邦-桃園,2023-02-01,9665
3693,營邦,34,9,25,富邦-桃園,2023-02-01,9665
2886,兆豐金,25,1,24,富邦-桃園,2023-02-01,9665
1305,華夏,25,4,21,富邦-桃園,2023-02-01,9665
5880,合庫金,22,2,20,富邦-桃園,2023-02-01,9665
4974,亞泰,20,0,20,富邦-桃園,2023-02-01,9665
2609,陽明,22,3,19,富邦-桃園,2023-02-01,9665
4961,天鈺,20,1,19,富邦-桃園,2023-02-01,9665
1609,大亞,62,46,16,富邦-桃園,2023-02-01,9665
2498,宏達電,15,0,15,富邦-桃園,2023-02-01,9665
00751B,元大AAA至A公司債,15,1,14,富邦-桃園,2023-02-01,9665
2885,元大金,12,0,12,富邦-桃園,2023-02-01,9665
3037,欣興,37,26,11,富邦-桃園,2023-02-01,9665
2614,東森,12,1,11,富邦-桃園,2023-02-01,9665
6125,廣運,12,1,11,富邦-桃園,2023-02-01,9665
2027,大成鋼,12,1,11,富邦-桃園,2023-02-01,9665
4162,智擎,15,5,10,富邦-桃園,2023-02-01,9665
2317,鴻海,14,4,10,富邦-桃園,2023-02-01,9665
2478,大毅,10,0,10,富邦-桃園,2023-02-01,9665
1444,力麗,20,10,10,富邦-桃園,2023-02-01,9665
00720B,元大投資級公司債,11,1,10,富邦-桃園,2023-02-01,9665
2615,萬海,10,1,9,富邦-桃園,2023-02-01,9665
1522,堤維西,10,1,9,富邦-桃園,2023-02-01,9665
3029,零壹,10,1,9,富邦-桃園,2023-02-01,9665
3596,智易,10,1,9,富邦-桃園,2023-02-01,9665
1312,國喬,15,6,9,富邦-桃園,2023-02-01,9665
6180,橘子,11,2,9,富邦-桃園,2023-02-01,9665
4114,健喬,17,9,8,富邦-桃園,2023-02-01,9665
2458,義隆,16,8,8,富邦-桃園,2023-02-01,9665
5351,鈺創,9,1,8,富邦-桃園,2023-02-01,9665
1309,台達化,8,0,8,富邦-桃園,2023-02-01,9665
8111,立��,8,0,8,富邦-桃園,2023-02-01,9665
2355,敬鵬,8,0,8,富邦-桃園,2023-02-01,9665
1101,台泥,10,2,8,富邦-桃園,2023-02-01,9665
2603,長榮,11,4,7,富邦-桃園,2023-02-01,9665
2892,第一金,7,0,7,富邦-桃園,2023-02-01,9665
2634,漢翔,231,0,231,富邦-桃園,2023-02-02,9665
00885,富邦越南,138,3,135,富邦-桃園,2023-02-02,9665
00679B,元大美債20年,120,0,120,富邦-桃園,2023-02-02,9665
00878,國泰永續高股息,131,15,116,富邦-桃園,2023-02-02,9665
2891,中信金,97,6,91,富邦-桃園,2023-02-02,9665
00632R,元大台灣50反1,320,238,82,富邦-桃園,2023-02-02,9665
1605,華新,115,58,57,富邦-桃園,2023-02-02,9665
00905,FT臺灣Smart,39,0,39,富邦-桃園,2023-02-02,9665
00882,中信中國高股息,35,0,35,富邦-桃園,2023-02-02,9665
3714,富采,31,4,27,富邦-桃園,2023-02-02,9665
9955,佳龍,25,0,25,富邦-桃園,2023-02-02,9665
3041,揚智,26,2,24,富邦-桃園,2023-02-02,9665
6770,力積電,34,13,21,富邦-桃園,2023-02-02,9665
6789,采鈺,20,0,20,富邦-桃園,2023-02-02,9665
2405,輔信,20,0,20,富邦-桃園,2023-02-02,9665
2356,英業達,18,0,18,富邦-桃園,2023-02-02,9665
2884,玉山金,18,1,17,富邦-桃園,2023-02-02,9665
4968,立積,19,2,17,富邦-桃園,2023-02-02,9665
4919,新唐,29,13,16,富邦-桃園,2023-02-02,9665
1612,宏泰,17,2,15,富邦-桃園,2023-02-02,9665
3093,港建*,15,0,15,富邦-桃園,2023-02-02,9665
2352,佳世達,15,0,15,富邦-桃園,2023-02-02,9665
1701,中化,16,2,14,富邦-桃園,2023-02-02,9665
00637L,元大滬深300正2,16,2,14,富邦-桃園,2023-02-02,9665
2317,鴻海,25,11,14,富邦-桃園,2023-02-02,9665
1513,中興電,41,27,14,富邦-桃園,2023-02-02,9665
2834,臺企銀,12,1,11,富邦-桃園,2023-02-02,9665
9958,世紀鋼,14,3,11,富邦-桃園,2023-02-02,9665
2358,廷鑫,15,4,11,富邦-桃園,2023-02-02,9665
5392,能率,11,0,11,富邦-桃園,2023-02-02,9665
2484,希華,20,9,11,富邦-桃園,2023-02-02,9665
00676R,富邦臺灣加權反1,10,0,10,富邦-桃園,2023-02-02,9665
1529,樂事綠能,10,0,10,富邦-桃園,2023-02-02,9665
00664R,國泰臺灣加權反1,10,0,10,富邦-桃園,2023-02-02,9665
3029,零壹,10,0,10,富邦-桃園,2023-02-02,9665
6129,普誠,16,6,10,富邦-桃園,2023-02-02,9665
00642U,期元大S＆P石油,11,1,10,富邦-桃園,2023-02-02,9665
1708,東鹼,13,3,10,富邦-桃園,2023-02-02,9665
2002,中鋼,11,1,10,富邦-桃園,2023-02-02,9665
2486,一詮,9,0,9,富邦-桃園,2023-02-02,9665
8476,台境*,9,0,9,富邦-桃園,2023-02-02,9665
6640,均華,9,0,9,富邦-桃園,2023-02-02,9665
8112,至上,8,0,8,富邦-桃園,2023-02-02,9665
5880,合庫金,8,0,8,富邦-桃園,2023-02-02,9665
8033,雷虎,10,2,8,富邦-桃園,2023-02-02,9665
00862B,中信投資級公司債,8,0,8,富邦-桃園,2023-02-02,9665
6180,橘子,8,0,8,富邦-桃園,2023-02-02,9665
2892,第一金,7,0,7,富邦-桃園,2023-02-02,9665
6806,森崴能源,8,1,7,富邦-桃園,2023-02-02,9665
00712,復華富時不動產,7,0,7,富邦-桃園,2023-02-02,9665
00878,國泰永續高股息,204,4,200,富邦-桃園,2023-02-03,9665
6129,普誠,126,0,126,富邦-桃園,2023-02-03,9665
00637L,元大滬深300正2,86,2,84,富邦-桃園,2023-02-03,9665
00715L,期街口布蘭特正2,77,0,77,富邦-桃園,2023-02-03,9665
2344,華邦電,70,12,58,富邦-桃園,2023-02-03,9665
00632R,元大台灣50反1,73,20,53,富邦-桃園,2023-02-03,9665
8215,明基材,50,2,48,富邦-桃園,2023-02-03,9665
00772B,中信高評級公司債,41,0,41,富邦-桃園,2023-02-03,9665
2317,鴻海,40,1,39,富邦-桃園,2023-02-03,9665
9105,泰金寶-DR,39,5,34,富邦-桃園,2023-02-03,9665
2618,長榮航,33,1,32,富邦-桃園,2023-02-03,9665
2731,雄獅,33,1,32,富邦-桃園,2023-02-03,9665
6712,長聖,33,2,31,富邦-桃園,2023-02-03,9665
2891,中信金,26,1,25,富邦-桃園,2023-02-03,9665
4915,致伸,25,0,25,富邦-桃園,2023-02-03,9665
9955,佳龍,25,0,25,富邦-桃園,2023-02-03,9665
1460,宏遠,24,0,24,富邦-桃園,2023-02-03,9665
2882,國泰金,24,2,22,富邦-桃園,2023-02-03,9665
2886,兆豐金,20,0,20,富邦-桃園,2023-02-03,9665
1455,集盛,20,0,20,富邦-桃園,2023-02-03,9665
6609,瀧澤科,20,0,20,富邦-桃園,2023-02-03,9665
2358,廷鑫,21,2,19,富邦-桃園,2023-02-03,9665
3362,先進光,24,6,18,富邦-桃園,2023-02-03,9665
1584,精剛,39,23,16,富邦-桃園,2023-02-03,9665
6278,台表科,17,1,16,富邦-桃園,2023-02-03,9665
2444,兆勁,16,0,16,富邦-桃園,2023-02-03,9665
6118,建達,123,107,16,富邦-桃園,2023-02-03,9665
00882,中信中國高股息,73,58,15,富邦-桃園,2023-02-03,9665
00648R,元大S＆P500反1,15,0,15,富邦-桃園,2023-02-03,9665
3481,群創,14,0,14,富邦-桃園,2023-02-03,9665
5425,台半,14,1,13,富邦-桃園,2023-02-03,9665
2329,華泰,13,0,13,富邦-桃園,2023-02-03,9665
5608,四維航,19,7,12,富邦-桃園,2023-02-03,9665
2103,台橡,12,0,12,富邦-桃園,2023-02-03,9665
3508,位速,12,1,11,富邦-桃園,2023-02-03,9665
1784,訊聯,11,0,11,富邦-桃園,2023-02-03,9665
2038,海光,10,0,10,富邦-桃園,2023-02-03,9665
00669R,國泰美國道瓊反1,10,0,10,富邦-桃園,2023-02-03,9665
6026,福邦證,10,0,10,富邦-桃園,2023-02-03,9665
2405,輔信,10,0,10,富邦-桃園,2023-02-03,9665
00665L,富邦�琤肭磪囓�2,13,3,10,富邦-桃園,2023-02-03,9665
2028,威致,10,0,10,富邦-桃園,2023-02-03,9665
00664R,國泰臺灣加權反1,10,0,10,富邦-桃園,2023-02-03,9665
2538,基泰,10,0,10,富邦-桃園,2023-02-03,9665
3454,晶睿,12,2,10,富邦-桃園,2023-02-03,9665
2482,連宇,74,65,9,富邦-桃園,2023-02-03,9665
3024,憶聲,9,0,9,富邦-桃園,2023-02-03,9665
5706,鳳凰,10,1,9,富邦-桃園,2023-02-03,9665
3532,台勝科,9,1,8,富邦-桃園,2023-02-03,9665
2615,萬海,57,49,8,富邦-桃園,2023-02-03,9665
2634,漢翔,247,1,246,富邦-桃園,2023-02-06,9665
00878,國泰永續高股息,268,22,246,富邦-桃園,2023-02-06,9665
00772B,中信高評級公司債,93,0,93,富邦-桃園,2023-02-06,9665
00715L,期街口布蘭特正2,89,1,88,富邦-桃園,2023-02-06,9665
3013,晟銘電,88,33,55,富邦-桃園,2023-02-06,9665
2618,長榮航,114,59,55,富邦-桃園,2023-02-06,9665
00637L,元大滬深300正2,64,10,54,富邦-桃園,2023-02-06,9665
00885,富邦越南,67,13,54,富邦-桃園,2023-02-06,9665
2609,陽明,58,5,53,富邦-桃園,2023-02-06,9665
2371,大同,50,0,50,富邦-桃園,2023-02-06,9665
00882,中信中國高股息,59,11,48,富邦-桃園,2023-02-06,9665
00632R,元大台灣50反1,120,80,40,富邦-桃園,2023-02-06,9665
4974,亞泰,38,0,38,富邦-桃園,2023-02-06,9665
00680L,元大美債20正2,37,0,37,富邦-桃園,2023-02-06,9665
2615,萬海,30,0,30,富邦-桃園,2023-02-06,9665
2314,台揚,30,0,30,富邦-桃園,2023-02-06,9665
6770,力積電,36,7,29,富邦-桃園,2023-02-06,9665
2888,新光金,24,0,24,富邦-桃園,2023-02-06,9665
6129,普誠,22,0,22,富邦-桃園,2023-02-06,9665
0056,元大高股息,32,11,21,富邦-桃園,2023-02-06,9665
00671R,富邦NASDAQ反1,20,0,20,富邦-桃園,2023-02-06,9665
6133,金橋,20,0,20,富邦-桃園,2023-02-06,9665
00642U,期元大S＆P石油,20,1,19,富邦-桃園,2023-02-06,9665
00679B,元大美債20年,18,0,18,富邦-桃園,2023-02-06,9665
00753L,中信中國50正2,18,0,18,富邦-桃園,2023-02-06,9665
00902,中信電池及儲能,17,0,17,富邦-桃園,2023-02-06,9665
5340,建榮,22,5,17,富邦-桃園,2023-02-06,9665
2886,兆豐金,17,0,17,富邦-桃園,2023-02-06,9665
9955,佳龍,16,0,16,富邦-桃園,2023-02-06,9665
2368,金像電,20,4,16,富邦-桃園,2023-02-06,9665
2731,雄獅,17,1,16,富邦-桃園,2023-02-06,9665
2002,中鋼,15,0,15,富邦-桃園,2023-02-06,9665
2891,中信金,21,6,15,富邦-桃園,2023-02-06,9665
1516,川飛,15,0,15,富邦-桃園,2023-02-06,9665
1784,訊聯,15,0,15,富邦-桃園,2023-02-06,9665
3037,欣興,22,7,15,富邦-桃園,2023-02-06,9665
00648R,元大S＆P500反1,13,0,13,富邦-桃園,2023-02-06,9665
00720B,元大投資級公司債,13,0,13,富邦-桃園,2023-02-06,9665
4142,國光生,12,1,11,富邦-桃園,2023-02-06,9665
2897,王道銀行,11,0,11,富邦-桃園,2023-02-06,9665
2201,裕隆,27,17,10,富邦-桃園,2023-02-06,9665
1444,力麗,10,0,10,富邦-桃園,2023-02-06,9665
2367,燿華,10,0,10,富邦-桃園,2023-02-06,9665
3019,亞光,10,0,10,富邦-桃園,2023-02-06,9665
3049,精金,10,0,10,富邦-桃園,2023-02-06,9665
6152,百一,10,0,10,富邦-桃園,2023-02-06,9665
2892,第一金,10,0,10,富邦-桃園,2023-02-06,9665
3021,鴻名,10,1,9,富邦-桃園,2023-02-06,9665
6533,晶心科,10,1,9,富邦-桃園,2023-02-06,9665
3465,進泰電子,9,0,9,富邦-桃園,2023-02-06,9665
2344,華邦電,86,0,86,富邦-桃園,2023-02-07,9665
00878,國泰永續高股息,82,1,81,富邦-桃園,2023-02-07,9665
2891,中信金,75,2,73,富邦-桃園,2023-02-07,9665
8028,昇陽半導體,61,0,61,富邦-桃園,2023-02-07,9665
6282,康舒,98,38,60,富邦-桃園,2023-02-07,9665
00725B,國泰投資級公司債,50,0,50,富邦-桃園,2023-02-07,9665
1605,華新,80,30,50,富邦-桃園,2023-02-07,9665
2618,長榮航,46,0,46,富邦-桃園,2023-02-07,9665
00632R,元大台灣50反1,40,0,40,富邦-桃園,2023-02-07,9665
2486,一詮,40,1,39,富邦-桃園,2023-02-07,9665
2884,玉山金,31,1,30,富邦-桃園,2023-02-07,9665
00679B,元大美債20年,25,0,25,富邦-桃園,2023-02-07,9665
8097,常珵,25,0,25,富邦-桃園,2023-02-07,9665
00680L,元大美債20正2,21,0,21,富邦-桃園,2023-02-07,9665
00715L,期街口布蘭特正2,21,1,20,富邦-桃園,2023-02-07,9665
2498,宏達電,30,13,17,富邦-桃園,2023-02-07,9665
2890,永豐金,20,3,17,富邦-桃園,2023-02-07,9665
00686R,群益臺灣加權反1,16,0,16,富邦-桃園,2023-02-07,9665
2748,雲品,25,9,16,富邦-桃園,2023-02-07,9665
00780B,國泰A級金融債,15,0,15,富邦-桃園,2023-02-07,9665
00720B,元大投資級公司債,14,0,14,富邦-桃園,2023-02-07,9665
6116,彩晶,14,0,14,富邦-桃園,2023-02-07,9665
00713,元大台灣高息低波,13,0,13,富邦-桃園,2023-02-07,9665
3093,港建*,18,5,13,富邦-桃園,2023-02-07,9665
2888,新光金,18,5,13,富邦-桃園,2023-02-07,9665
2881,富邦金,13,1,12,富邦-桃園,2023-02-07,9665
2610,華航,31,19,12,富邦-桃園,2023-02-07,9665
00772B,中信高評級公司債,12,0,12,富邦-桃園,2023-02-07,9665
00753L,中信中國50正2,13,1,12,富邦-桃園,2023-02-07,9665
3037,欣興,16,5,11,富邦-桃園,2023-02-07,9665
4726,永昕,15,4,11,富邦-桃園,2023-02-07,9665
1795,美時,39,28,11,富邦-桃園,2023-02-07,9665
00882,中信中國高股息,21,10,11,富邦-桃園,2023-02-07,9665
2324,仁寶,12,2,10,富邦-桃園,2023-02-07,9665
1417,嘉裕,31,21,10,富邦-桃園,2023-02-07,9665
00664R,國泰臺灣加權反1,10,0,10,富邦-桃園,2023-02-07,9665
3438,類比科,10,0,10,富邦-桃園,2023-02-07,9665
3444,利機,11,1,10,富邦-桃園,2023-02-07,9665
00637L,元大滬深300正2,15,5,10,富邦-桃園,2023-02-07,9665
1102,亞泥,10,0,10,富邦-桃園,2023-02-07,9665
2731,雄獅,15,5,10,富邦-桃園,2023-02-07,9665
00885,富邦越南,11,2,9,富邦-桃園,2023-02-07,9665
6505,台塑化,12,3,9,富邦-桃園,2023-02-07,9665
2633,台灣高鐵,11,2,9,富邦-桃園,2023-02-07,9665
1909,榮成,10,1,9,富邦-桃園,2023-02-07,9665
6129,普誠,12,3,9,富邦-桃園,2023-02-07,9665
00712,復華富時不動產,8,0,8,富邦-桃園,2023-02-07,9665
2812,台中銀,8,0,8,富邦-桃園,2023-02-07,9665
2368,金像電,11,3,8,富邦-桃園,2023-02-07,9665
8358,金居,12,4,8,富邦-桃園,2023-02-07,9665
00885,富邦越南,234,12,222,富邦-桃園,2023-02-08,9665
00878,國泰永續高股息,109,4,105,富邦-桃園,2023-02-08,9665
1608,華榮,80,0,80,富邦-桃園,2023-02-08,9665
00632R,元大台灣50反1,117,51,66,富邦-桃園,2023-02-08,9665
2368,金像電,63,0,63,富邦-桃園,2023-02-08,9665
00715L,期街口布蘭特正2,61,3,58,富邦-桃園,2023-02-08,9665
00725B,國泰投資級公司債,53,0,53,富邦-桃園,2023-02-08,9665
3013,晟銘電,50,0,50,富邦-桃園,2023-02-08,9665
1591,駿吉-KY,40,0,40,富邦-桃園,2023-02-08,9665
00895,富邦未來車,41,6,35,富邦-桃園,2023-02-08,9665
00882,中信中國高股息,32,0,32,富邦-桃園,2023-02-08,9665
00893,國泰智能電動車,38,10,28,富邦-桃園,2023-02-08,9665
1605,華新,46,20,26,富邦-桃園,2023-02-08,9665
2338,光罩,29,6,23,富邦-桃園,2023-02-08,9665
00772B,中信高評級公司債,24,1,23,富邦-桃園,2023-02-08,9665
2867,三商壽,25,5,20,富邦-桃園,2023-02-08,9665
1313,聯成,20,0,20,富邦-桃園,2023-02-08,9665
1711,永光,20,0,20,富邦-桃園,2023-02-08,9665
2317,鴻海,20,1,19,富邦-桃園,2023-02-08,9665
8097,常珵,18,0,18,富邦-桃園,2023-02-08,9665
2498,宏達電,27,12,15,富邦-桃園,2023-02-08,9665
2610,華航,16,3,13,富邦-桃園,2023-02-08,9665
6282,康舒,53,41,12,富邦-桃園,2023-02-08,9665
2889,國票金,12,0,12,富邦-桃園,2023-02-08,9665
8933,愛地雅,12,0,12,富邦-桃園,2023-02-08,9665
2726,雅茗-KY,10,0,10,富邦-桃園,2023-02-08,9665
2405,輔信,10,0,10,富邦-桃園,2023-02-08,9665
6234,高僑,10,0,10,富邦-桃園,2023-02-08,9665
1103,嘉泥,10,0,10,富邦-桃園,2023-02-08,9665
2327,國巨,10,0,10,富邦-桃園,2023-02-08,9665
2881,富邦金,10,0,10,富邦-桃園,2023-02-08,9665
4128,中天,13,4,9,富邦-桃園,2023-02-08,9665
00720B,元大投資級公司債,9,0,9,富邦-桃園,2023-02-08,9665
2363,矽統,10,1,9,富邦-桃園,2023-02-08,9665
00786B,元大10年IG銀行債,9,0,9,富邦-桃園,2023-02-08,9665
2884,玉山金,8,0,8,富邦-桃園,2023-02-08,9665
3035,智原,63,55,8,富邦-桃園,2023-02-08,9665
6640,均華,7,0,7,富邦-桃園,2023-02-08,9665
3038,全台,7,0,7,富邦-桃園,2023-02-08,9665
3264,欣銓,7,0,7,富邦-桃園,2023-02-08,9665
2890,永豐金,7,0,7,富邦-桃園,2023-02-08,9665
00753L,中信中國50正2,7,0,7,富邦-桃園,2023-02-08,9665
5351,鈺創,24,17,7,富邦-桃園,2023-02-08,9665
00665L,富邦�琤肭磪囓�2,9,2,7,富邦-桃園,2023-02-08,9665
2356,英業達,7,0,7,富邦-桃園,2023-02-08,9665
1513,中興電,9,2,7,富邦-桃園,2023-02-08,9665
3162,精確,10,3,7,富邦-桃園,2023-02-08,9665
1101,台泥,10,3,7,富邦-桃園,2023-02-08,9665
3022,威強電,21,15,6,富邦-桃園,2023-02-08,9665
3006,晶豪科,7,1,6,富邦-桃園,2023-02-08,9665
00878,國泰永續高股息,399,50,349,富邦-桃園,2023-02-09,9665
00679B,元大美債20年,140,7,133,富邦-桃園,2023-02-09,9665
00680L,元大美債20正2,75,0,75,富邦-桃園,2023-02-09,9665
6282,康舒,135,97,38,富邦-桃園,2023-02-09,9665
00770,國泰北美科技,40,2,38,富邦-桃園,2023-02-09,9665
6235,華孚,147,110,37,富邦-桃園,2023-02-09,9665
1451,年興,30,0,30,富邦-桃園,2023-02-09,9665
6189,豐藝,30,0,30,富邦-桃園,2023-02-09,9665
8436,大江,30,0,30,富邦-桃園,2023-02-09,9665
4114,健喬,38,12,26,富邦-桃園,2023-02-09,9665
3444,利機,26,3,23,富邦-桃園,2023-02-09,9665
2368,金像電,73,52,21,富邦-桃園,2023-02-09,9665
3231,緯創,31,10,21,富邦-桃園,2023-02-09,9665
5309,系統電,26,6,20,富邦-桃園,2023-02-09,9665
6770,力積電,21,1,20,富邦-桃園,2023-02-09,9665
3027,盛達,20,1,19,富邦-桃園,2023-02-09,9665
2607,榮運,20,2,18,富邦-桃園,2023-02-09,9665
2314,台揚,18,0,18,富邦-桃園,2023-02-09,9665
2618,長榮航,23,5,18,富邦-桃園,2023-02-09,9665
3481,群創,24,6,18,富邦-桃園,2023-02-09,9665
3704,合勤控,19,2,17,富邦-桃園,2023-02-09,9665
2880,華南金,17,0,17,富邦-桃園,2023-02-09,9665
1301,台塑,15,0,15,富邦-桃園,2023-02-09,9665
1313,聯成,15,0,15,富邦-桃園,2023-02-09,9665
2891,中信金,14,0,14,富邦-桃園,2023-02-09,9665
3221,台嘉碩,13,0,13,富邦-桃園,2023-02-09,9665
00720B,元大投資級公司債,12,0,12,富邦-桃園,2023-02-09,9665
1609,大亞,12,0,12,富邦-桃園,2023-02-09,9665
2308,台達電,11,0,11,富邦-桃園,2023-02-09,9665
3710,連展投控,17,6,11,富邦-桃園,2023-02-09,9665
00795B,中信美國公債20年,11,0,11,富邦-桃園,2023-02-09,9665
00751B,元大AAA至A公司債,15,5,10,富邦-桃園,2023-02-09,9665
9940,信義,10,0,10,富邦-桃園,2023-02-09,9665
1512,瑞利,10,0,10,富邦-桃園,2023-02-09,9665
6122,擎邦,10,0,10,富邦-桃園,2023-02-09,9665
8112,至上,10,0,10,富邦-桃園,2023-02-09,9665
6550,北極星藥業-KY,14,4,10,富邦-桃園,2023-02-09,9665
00637L,元大滬深300正2,10,1,9,富邦-桃園,2023-02-09,9665
4915,致伸,8,1,7,富邦-桃園,2023-02-09,9665
2897,王道銀行,7,0,7,富邦-桃園,2023-02-09,9665
3228,金麗科,9,2,7,富邦-桃園,2023-02-09,9665
006208,富邦台50,8,1,7,富邦-桃園,2023-02-09,9665
2888,新光金,8,2,6,富邦-桃園,2023-02-09,9665
1409,新纖,8,2,6,富邦-桃園,2023-02-09,9665
2376,技嘉,7,1,6,富邦-桃園,2023-02-09,9665
9958,世紀鋼,6,0,6,富邦-桃園,2023-02-09,9665
2358,廷鑫,6,0,6,富邦-桃園,2023-02-09,9665
5388,中磊,6,0,6,富邦-桃園,2023-02-09,9665
4903,聯光通,6,0,6,富邦-桃園,2023-02-09,9665
3356,奇偶,7,1,6,富邦-桃園,2023-02-09,9665
00878,國泰永續高股息,168,6,162,富邦-桃園,2023-02-10,9665
00772B,中信高評級公司債,105,0,105,富邦-桃園,2023-02-10,9665
2618,長榮航,104,0,104,富邦-桃園,2023-02-10,9665
2809,京城銀,70,0,70,富邦-桃園,2023-02-10,9665
2344,華邦電,72,9,63,富邦-桃園,2023-02-10,9665
2614,東森,49,0,49,富邦-桃園,2023-02-10,9665
1605,華新,69,26,43,富邦-桃園,2023-02-10,9665
6770,力積電,44,2,42,富邦-桃園,2023-02-10,9665
2405,輔信,40,0,40,富邦-桃園,2023-02-10,9665
0056,元大高股息,46,7,39,富邦-桃園,2023-02-10,9665
2634,漢翔,78,40,38,富邦-桃園,2023-02-10,9665
00907,永豐優息存股,37,0,37,富邦-桃園,2023-02-10,9665
00632R,元大台灣50反1,40,5,35,富邦-桃園,2023-02-10,9665
2453,凌群,55,20,35,富邦-桃園,2023-02-10,9665
00671R,富邦NASDAQ反1,30,0,30,富邦-桃園,2023-02-10,9665
1504,東元,30,0,30,富邦-桃園,2023-02-10,9665
2101,南港,29,0,29,富邦-桃園,2023-02-10,9665
3444,利機,27,1,26,富邦-桃園,2023-02-10,9665
00903,富邦元宇宙,28,2,26,富邦-桃園,2023-02-10,9665
00712,復華富時不動產,24,0,24,富邦-桃園,2023-02-10,9665
2498,宏達電,41,17,24,富邦-桃園,2023-02-10,9665
4915,致伸,23,1,22,富邦-桃園,2023-02-10,9665
00897,富邦基因免疫生技,21,0,21,富邦-桃園,2023-02-10,9665
8105,凌巨,20,0,20,富邦-桃園,2023-02-10,9665
6129,普誠,20,0,20,富邦-桃園,2023-02-10,9665
00673R,期元大S＆P原油反1,20,0,20,富邦-桃園,2023-02-10,9665
6016,康和證,19,0,19,富邦-桃園,2023-02-10,9665
3217,優群,18,1,17,富邦-桃園,2023-02-10,9665
3189,景碩,17,2,15,富邦-桃園,2023-02-10,9665
8046,南電,19,4,15,富邦-桃園,2023-02-10,9665
6533,晶心科,16,1,15,富邦-桃園,2023-02-10,9665
00713,元大台灣高息低波,15,1,14,富邦-桃園,2023-02-10,9665
2883,凱基金,16,2,14,富邦-桃園,2023-02-10,9665
00902,中信電池及儲能,18,4,14,富邦-桃園,2023-02-10,9665
6122,擎邦,14,0,14,富邦-桃園,2023-02-10,9665
2607,榮運,13,0,13,富邦-桃園,2023-02-10,9665
2610,華航,16,4,12,富邦-桃園,2023-02-10,9665
6789,采鈺,23,11,12,富邦-桃園,2023-02-10,9665
2887,台新金,11,0,11,富邦-桃園,2023-02-10,9665
2329,華泰,11,0,11,富邦-桃園,2023-02-10,9665
3027,盛達,19,8,11,富邦-桃園,2023-02-10,9665
4130,健亞,15,4,11,富邦-桃園,2023-02-10,9665
5258,虹堡,13,3,10,富邦-桃園,2023-02-10,9665
6005,群益證,10,0,10,富邦-桃園,2023-02-10,9665
6173,信昌電,10,0,10,富邦-桃園,2023-02-10,9665
2468,華經,24,14,10,富邦-桃園,2023-02-10,9665
1444,力麗,10,0,10,富邦-桃園,2023-02-10,9665
00725B,國泰投資級公司債,10,0,10,富邦-桃園,2023-02-10,9665
2867,三商壽,10,0,10,富邦-桃園,2023-02-10,9665
3680,家登,13,3,10,富邦-桃園,2023-02-10,9665
00878,國泰永續高股息,219,54,165,富邦-桃園,2023-02-13,9665
00679B,元大美債20年,123,0,123,富邦-桃園,2023-02-13,9665
00632R,元大台灣50反1,171,50,121,富邦-桃園,2023-02-13,9665
2399,映泰,81,0,81,富邦-桃園,2023-02-13,9665
00680L,元大美債20正2,68,0,68,富邦-桃園,2023-02-13,9665
2409,友達,51,7,44,富邦-桃園,2023-02-13,9665
6235,華孚,105,76,29,富邦-桃園,2023-02-13,9665
00773B,中信優先金融債,29,0,29,富邦-桃園,2023-02-13,9665
2609,陽明,36,7,29,富邦-桃園,2023-02-13,9665
2610,華航,27,1,26,富邦-桃園,2023-02-13,9665
00720B,元大投資級公司債,24,0,24,富邦-桃園,2023-02-13,9665
00673R,期元大S＆P原油反1,24,0,24,富邦-桃園,2023-02-13,9665
0056,元大高股息,28,6,22,富邦-桃園,2023-02-13,9665
2891,中信金,30,8,22,富邦-桃園,2023-02-13,9665
2618,長榮航,22,1,21,富邦-桃園,2023-02-13,9665
00725B,國泰投資級公司債,20,0,20,富邦-桃園,2023-02-13,9665
4167,松瑞藥,20,0,20,富邦-桃園,2023-02-13,9665
2809,京城銀,20,0,20,富邦-桃園,2023-02-13,9665
8227,巨有科技,22,3,19,富邦-桃園,2023-02-13,9665
1504,東元,20,1,19,富邦-桃園,2023-02-13,9665
2881,富邦金,18,3,15,富邦-桃園,2023-02-13,9665
00862B,中信投資級公司債,15,0,15,富邦-桃園,2023-02-13,9665
1584,精剛,29,16,13,富邦-桃園,2023-02-13,9665
00903,富邦元宇宙,13,1,12,富邦-桃園,2023-02-13,9665
2482,連宇,21,9,12,富邦-桃園,2023-02-13,9665
4968,立積,12,1,11,富邦-桃園,2023-02-13,9665
00713,元大台灣高息低波,11,0,11,富邦-桃園,2023-02-13,9665
1217,愛之味,11,0,11,富邦-桃園,2023-02-13,9665
6533,晶心科,15,4,11,富邦-桃園,2023-02-13,9665
00710B,復華彭博非投等債,10,0,10,富邦-桃園,2023-02-13,9665
2354,鴻準,10,0,10,富邦-桃園,2023-02-13,9665
3705,永信,16,6,10,富邦-桃園,2023-02-13,9665
1783,和康生,10,0,10,富邦-桃園,2023-02-13,9665
1733,五鼎,10,0,10,富邦-桃園,2023-02-13,9665
6441,廣錠,15,5,10,富邦-桃園,2023-02-13,9665
6547,高端疫苗,10,1,9,富邦-桃園,2023-02-13,9665
6266,泰詠,18,9,9,富邦-桃園,2023-02-13,9665
3006,晶豪科,9,0,9,富邦-桃園,2023-02-13,9665
00751B,元大AAA至A公司債,8,0,8,富邦-桃園,2023-02-13,9665
5203,訊連,8,0,8,富邦-桃園,2023-02-13,9665
1313,聯成,10,2,8,富邦-桃園,2023-02-13,9665
2634,漢翔,18,11,7,富邦-桃園,2023-02-13,9665
8033,雷虎,16,9,7,富邦-桃園,2023-02-13,9665
3289,宜特,7,0,7,富邦-桃園,2023-02-13,9665
2601,益航,7,0,7,富邦-桃園,2023-02-13,9665
6640,均華,7,0,7,富邦-桃園,2023-02-13,9665
3259,鑫創,7,0,7,富邦-桃園,2023-02-13,9665
2359,所羅門,7,0,7,富邦-桃園,2023-02-13,9665
2049,上銀,8,1,7,富邦-桃園,2023-02-13,9665
2379,瑞昱,6,0,6,富邦-桃園,2023-02-13,9665
00673R,期元大S＆P原油反1,272,0,272,富邦-桃園,2023-02-14,9665
00664R,國泰臺灣加權反1,100,0,100,富邦-桃園,2023-02-14,9665
00632R,元大台灣50反1,95,9,86,富邦-桃園,2023-02-14,9665
00885,富邦越南,63,2,61,富邦-桃園,2023-02-14,9665
2371,大同,75,15,60,富邦-桃園,2023-02-14,9665
00878,國泰永續高股息,89,53,36,富邦-桃園,2023-02-14,9665
1447,力鵬,30,0,30,富邦-桃園,2023-02-14,9665
1313,聯成,30,0,30,富邦-桃園,2023-02-14,9665
9907,統一實,30,0,30,富邦-桃園,2023-02-14,9665
00679B,元大美債20年,29,0,29,富邦-桃園,2023-02-14,9665
00780B,國泰A級金融債,27,0,27,富邦-桃園,2023-02-14,9665
2601,益航,24,0,24,富邦-桃園,2023-02-14,9665
3661,世芯-KY,23,0,23,富邦-桃園,2023-02-14,9665
3479,安勤,27,7,20,富邦-桃園,2023-02-14,9665
2367,燿華,20,0,20,富邦-桃園,2023-02-14,9665
3704,合勤控,23,4,19,富邦-桃園,2023-02-14,9665
4162,智擎,23,5,18,富邦-桃園,2023-02-14,9665
1504,東元,20,2,18,富邦-桃園,2023-02-14,9665
00753L,中信中國50正2,18,0,18,富邦-桃園,2023-02-14,9665
2884,玉山金,30,13,17,富邦-桃園,2023-02-14,9665
2471,資通,30,13,17,富邦-桃園,2023-02-14,9665
3024,憶聲,17,0,17,富邦-桃園,2023-02-14,9665
4114,健喬,36,19,17,富邦-桃園,2023-02-14,9665
6213,聯茂,16,0,16,富邦-桃園,2023-02-14,9665
2314,台揚,19,3,16,富邦-桃園,2023-02-14,9665
0056,元大高股息,22,7,15,富邦-桃園,2023-02-14,9665
2014,中鴻,15,1,14,富邦-桃園,2023-02-14,9665
2453,凌群,64,50,14,富邦-桃園,2023-02-14,9665
6806,森崴能源,16,3,13,富邦-桃園,2023-02-14,9665
00772B,中信高評級公司債,13,0,13,富邦-桃園,2023-02-14,9665
6509,聚和,12,0,12,富邦-桃園,2023-02-14,9665
2492,華新科,13,2,11,富邦-桃園,2023-02-14,9665
6129,普誠,11,0,11,富邦-桃園,2023-02-14,9665
00908,富邦入息REITs+,11,0,11,富邦-桃園,2023-02-14,9665
00905,FT臺灣Smart,10,0,10,富邦-桃園,2023-02-14,9665
8436,大江,13,3,10,富邦-桃園,2023-02-14,9665
1460,宏遠,10,0,10,富邦-桃園,2023-02-14,9665
2468,華經,10,1,9,富邦-桃園,2023-02-14,9665
6541,泰福-KY,10,1,9,富邦-桃園,2023-02-14,9665
2368,金像電,17,8,9,富邦-桃園,2023-02-14,9665
00882,中信中國高股息,8,0,8,富邦-桃園,2023-02-14,9665
1584,精剛,9,1,8,富邦-桃園,2023-02-14,9665
5512,力麒,9,1,8,富邦-桃園,2023-02-14,9665
6640,均華,8,0,8,富邦-桃園,2023-02-14,9665
2882,國泰金,11,3,8,富邦-桃園,2023-02-14,9665
6443,元晶,10,2,8,富邦-桃園,2023-02-14,9665
5880,合庫金,12,5,7,富邦-桃園,2023-02-14,9665
6112,邁達特,13,6,7,富邦-桃園,2023-02-14,9665
8429,金麗-KY,7,0,7,富邦-桃園,2023-02-14,9665
4426,利勤,7,0,7,富邦-桃園,2023-02-14,9665
00878,國泰永續高股息,332,19,313,富邦-桃園,2023-02-15,9665
2880,華南金,37,0,37,富邦-桃園,2023-02-15,9665
2884,玉山金,31,0,31,富邦-桃園,2023-02-15,9665
0056,元大高股息,25,0,25,富邦-桃園,2023-02-15,9665
00882,中信中國高股息,22,0,22,富邦-桃園,2023-02-15,9665
00773B,中信優先金融債,22,0,22,富邦-桃園,2023-02-15,9665
2489,瑞軒,20,0,20,富邦-桃園,2023-02-15,9665
2882,國泰金,21,1,20,富邦-桃園,2023-02-15,9665
00751B,元大AAA至A公司債,19,0,19,富邦-桃園,2023-02-15,9665
00692,富邦公司治理,18,0,18,富邦-桃園,2023-02-15,9665
1101,台泥,18,1,17,富邦-桃園,2023-02-15,9665
4167,松瑞藥,17,0,17,富邦-桃園,2023-02-15,9665
2482,連宇,16,0,16,富邦-桃園,2023-02-15,9665
2027,大成鋼,16,1,15,富邦-桃園,2023-02-15,9665
4162,智擎,18,3,15,富邦-桃園,2023-02-15,9665
00673R,期元大S＆P原油反1,22,7,15,富邦-桃園,2023-02-15,9665
00772B,中信高評級公司債,23,8,15,富邦-桃園,2023-02-15,9665
3321,同泰,15,0,15,富邦-桃園,2023-02-15,9665
3037,欣興,34,20,14,富邦-桃園,2023-02-15,9665
00900,富邦特選高股息30,20,7,13,富邦-桃園,2023-02-15,9665
1528,恩德,13,0,13,富邦-桃園,2023-02-15,9665
6770,力積電,14,1,13,富邦-桃園,2023-02-15,9665
2834,臺企銀,14,2,12,富邦-桃園,2023-02-15,9665
2891,中信金,12,0,12,富邦-桃園,2023-02-15,9665
00907,永豐優息存股,11,0,11,富邦-桃園,2023-02-15,9665
2471,資通,48,37,11,富邦-桃園,2023-02-15,9665
6541,泰福-KY,11,0,11,富邦-桃園,2023-02-15,9665
2375,凱美,10,0,10,富邦-桃園,2023-02-15,9665
3047,訊舟,10,0,10,富邦-桃園,2023-02-15,9665
1455,集盛,10,0,10,富邦-桃園,2023-02-15,9665
00648R,元大S＆P500反1,10,0,10,富邦-桃園,2023-02-15,9665
1432,大魯閣,10,0,10,富邦-桃園,2023-02-15,9665
3013,晟銘電,10,0,10,富邦-桃園,2023-02-15,9665
2609,陽明,10,1,9,富邦-桃園,2023-02-15,9665
3653,健策,10,1,9,富邦-桃園,2023-02-15,9665
3605,宏致,10,1,9,富邦-桃園,2023-02-15,9665
00637L,元大滬深300正2,11,2,9,富邦-桃園,2023-02-15,9665
2603,長榮,10,2,8,富邦-桃園,2023-02-15,9665
00675L,富邦臺灣加權正2,14,6,8,富邦-桃園,2023-02-15,9665
00892,富邦台灣半導體,15,7,8,富邦-桃園,2023-02-15,9665
2888,新光金,8,0,8,富邦-桃園,2023-02-15,9665
4953,緯軟,8,0,8,富邦-桃園,2023-02-15,9665
6706,惠特,8,0,8,富邦-桃園,2023-02-15,9665
4979,華星光,19,11,8,富邦-桃園,2023-02-15,9665
006208,富邦台50,10,3,7,富邦-桃園,2023-02-15,9665
4729,熒茂,7,0,7,富邦-桃園,2023-02-15,9665
2388,威盛,8,1,7,富邦-桃園,2023-02-15,9665
3189,景碩,9,2,7,富邦-桃園,2023-02-15,9665
3707,漢磊,9,2,7,富邦-桃園,2023-02-15,9665
2330,台積電,32,26,6,富邦-桃園,2023-02-15,9665
00878,國泰永續高股息,335,2,333,富邦-桃園,2023-02-16,9665
00632R,元大台灣50反1,265,0,265,富邦-桃園,2023-02-16,9665
6116,彩晶,100,21,79,富邦-桃園,2023-02-16,9665
00687B,國泰20年美債,61,0,61,富邦-桃園,2023-02-16,9665
2441,超豐,62,1,61,富邦-桃園,2023-02-16,9665
00679B,元大美債20年,57,0,57,富邦-桃園,2023-02-16,9665
00664R,國泰臺灣加權反1,52,0,52,富邦-桃園,2023-02-16,9665
00905,FT臺灣Smart,42,1,41,富邦-桃園,2023-02-16,9665
6180,橘子,40,3,37,富邦-桃園,2023-02-16,9665
00673R,期元大S＆P原油反1,34,0,34,富邦-桃園,2023-02-16,9665
00772B,中信高評級公司債,31,0,31,富邦-桃園,2023-02-16,9665
4804,大略-KY,20,0,20,富邦-桃園,2023-02-16,9665
00637L,元大滬深300正2,19,0,19,富邦-桃園,2023-02-16,9665
1513,中興電,81,63,18,富邦-桃園,2023-02-16,9665
1605,華新,52,34,18,富邦-桃園,2023-02-16,9665
3710,連展投控,17,0,17,富邦-桃園,2023-02-16,9665
3141,晶宏,26,9,17,富邦-桃園,2023-02-16,9665
00751B,元大AAA至A公司債,16,0,16,富邦-桃園,2023-02-16,9665
6290,良維,23,7,16,富邦-桃園,2023-02-16,9665
1432,大魯閣,16,0,16,富邦-桃園,2023-02-16,9665
2409,友達,25,12,13,富邦-桃園,2023-02-16,9665
2884,玉山金,13,0,13,富邦-桃園,2023-02-16,9665
2812,台中銀,12,0,12,富邦-桃園,2023-02-16,9665
1591,駿吉-KY,12,0,12,富邦-桃園,2023-02-16,9665
1609,大亞,28,17,11,富邦-桃園,2023-02-16,9665
2881,富邦金,13,2,11,富邦-桃園,2023-02-16,9665
5905,南仁湖,21,10,11,富邦-桃園,2023-02-16,9665
6477,安集,11,0,11,富邦-桃園,2023-02-16,9665
6127,九豪,11,0,11,富邦-桃園,2023-02-16,9665
6279,胡連,11,1,10,富邦-桃園,2023-02-16,9665
3221,台嘉碩,11,1,10,富邦-桃園,2023-02-16,9665
6153,嘉聯益,11,1,10,富邦-桃園,2023-02-16,9665
00862B,中信投資級公司債,10,0,10,富邦-桃園,2023-02-16,9665
6266,泰詠,15,5,10,富邦-桃園,2023-02-16,9665
3149,正達,10,0,10,富邦-桃園,2023-02-16,9665
2401,凌陽,10,0,10,富邦-桃園,2023-02-16,9665
3035,智原,20,10,10,富邦-桃園,2023-02-16,9665
4128,中天,9,0,9,富邦-桃園,2023-02-16,9665
1101,台泥,13,4,9,富邦-桃園,2023-02-16,9665
1216,統一,8,0,8,富邦-桃園,2023-02-16,9665
00882,中信中國高股息,8,0,8,富邦-桃園,2023-02-16,9665
5340,建榮,8,0,8,富邦-桃園,2023-02-16,9665
00701,國泰股利精選30,7,0,7,富邦-桃園,2023-02-16,9665
6217,中探針,12,5,7,富邦-桃園,2023-02-16,9665
2453,凌群,23,16,7,富邦-桃園,2023-02-16,9665
2889,國票金,7,0,7,富邦-桃園,2023-02-16,9665
6182,合晶,7,0,7,富邦-桃園,2023-02-16,9665
2609,陽明,16,10,6,富邦-桃園,2023-02-16,9665
00720B,元大投資級公司債,6,0,6,富邦-桃園,2023-02-16,9665
2375,凱美,6,0,6,富邦-桃園,2023-02-16,9665
2610,華航,427,234,193,富邦-桃園,2023-02-17,9665
00878,國泰永續高股息,178,19,159,富邦-桃園,2023-02-17,9665
2441,超豐,92,0,92,富邦-桃園,2023-02-17,9665
00772B,中信高評級公司債,140,50,90,富邦-桃園,2023-02-17,9665
8105,凌巨,85,0,85,富邦-桃園,2023-02-17,9665
00893,國泰智能電動車,93,12,81,富邦-桃園,2023-02-17,9665
00680L,元大美債20正2,67,0,67,富邦-桃園,2023-02-17,9665
2344,華邦電,73,15,58,富邦-桃園,2023-02-17,9665
0056,元大高股息,58,3,55,富邦-桃園,2023-02-17,9665
4961,天鈺,58,22,36,富邦-桃園,2023-02-17,9665
00903,富邦元宇宙,36,0,36,富邦-桃園,2023-02-17,9665
00725B,國泰投資級公司債,31,0,31,富邦-桃園,2023-02-17,9665
1444,力麗,28,0,28,富邦-桃園,2023-02-17,9665
3499,環天科,25,0,25,富邦-桃園,2023-02-17,9665
1504,東元,25,1,24,富邦-桃園,2023-02-17,9665
00902,中信電池及儲能,23,0,23,富邦-桃園,2023-02-17,9665
2618,長榮航,65,42,23,富邦-桃園,2023-02-17,9665
00713,元大台灣高息低波,20,0,20,富邦-桃園,2023-02-17,9665
00751B,元大AAA至A公司債,20,0,20,富邦-桃園,2023-02-17,9665
00710B,復華彭博非投等債,20,0,20,富邦-桃園,2023-02-17,9665
1591,駿吉-KY,20,0,20,富邦-桃園,2023-02-17,9665
1313,聯成,20,0,20,富邦-桃園,2023-02-17,9665
2545,皇翔,20,0,20,富邦-桃園,2023-02-17,9665
2330,台積電,24,4,20,富邦-桃園,2023-02-17,9665
3058,立德,29,12,17,富邦-桃園,2023-02-17,9665
2834,臺企銀,32,15,17,富邦-桃園,2023-02-17,9665
2705,六福,23,7,16,富邦-桃園,2023-02-17,9665
9910,豐泰,17,1,16,富邦-桃園,2023-02-17,9665
1460,宏遠,15,0,15,富邦-桃園,2023-02-17,9665
3027,盛達,16,2,14,富邦-桃園,2023-02-17,9665
4968,立積,14,0,14,富邦-桃園,2023-02-17,9665
6202,盛群,13,0,13,富邦-桃園,2023-02-17,9665
3013,晟銘電,13,0,13,富邦-桃園,2023-02-17,9665
2308,台達電,13,0,13,富邦-桃園,2023-02-17,9665
2482,連宇,12,0,12,富邦-桃園,2023-02-17,9665
00692,富邦公司治理,12,0,12,富邦-桃園,2023-02-17,9665
2867,三商壽,11,0,11,富邦-桃園,2023-02-17,9665
2498,宏達電,11,0,11,富邦-桃園,2023-02-17,9665
00905,FT臺灣Smart,11,0,11,富邦-桃園,2023-02-17,9665
00919,群益台灣精選高息,11,0,11,富邦-桃園,2023-02-17,9665
2884,玉山金,30,20,10,富邦-桃園,2023-02-17,9665
2375,凱美,13,3,10,富邦-桃園,2023-02-17,9665
4526,東台,10,0,10,富邦-桃園,2023-02-17,9665
3048,益登,10,0,10,富邦-桃園,2023-02-17,9665
2809,京城銀,10,0,10,富邦-桃園,2023-02-17,9665
00633L,富邦上証正2,11,1,10,富邦-桃園,2023-02-17,9665
00753L,中信中國50正2,11,1,10,富邦-桃園,2023-02-17,9665
2897,王道銀行,10,0,10,富邦-桃園,2023-02-17,9665
6239,力成,11,1,10,富邦-桃園,2023-02-17,9665
4167,松瑞藥,14,5,9,富邦-桃園,2023-02-17,9665
00885,富邦越南,206,5,201,富邦-桃園,2023-02-20,9665
2886,兆豐金,125,1,124,富邦-桃園,2023-02-20,9665
0056,元大高股息,84,13,71,富邦-桃園,2023-02-20,9665
00679B,元大美債20年,67,0,67,富邦-桃園,2023-02-20,9665
5340,建榮,54,5,49,富邦-桃園,2023-02-20,9665
1524,耿鼎,47,1,46,富邦-桃園,2023-02-20,9665
2890,永豐金,37,1,36,富邦-桃園,2023-02-20,9665
00772B,中信高評級公司債,32,1,31,富邦-桃園,2023-02-20,9665
00862B,中信投資級公司債,30,0,30,富邦-桃園,2023-02-20,9665
00751B,元大AAA至A公司債,29,0,29,富邦-桃園,2023-02-20,9665
2882A,國泰特,29,0,29,富邦-桃園,2023-02-20,9665
1616,億泰,26,0,26,富邦-桃園,2023-02-20,9665
2352,佳世達,41,16,25,富邦-桃園,2023-02-20,9665
2455,全新,42,17,25,富邦-桃園,2023-02-20,9665
2342,茂矽,25,0,25,富邦-桃園,2023-02-20,9665
00902,中信電池及儲能,23,0,23,富邦-桃園,2023-02-20,9665
2809,京城銀,23,0,23,富邦-桃園,2023-02-20,9665
1216,統一,22,0,22,富邦-桃園,2023-02-20,9665
00715L,期街口布蘭特正2,24,2,22,富邦-桃園,2023-02-20,9665
5905,南仁湖,21,0,21,富邦-桃園,2023-02-20,9665
00903,富邦元宇宙,20,0,20,富邦-桃園,2023-02-20,9665
2601,益航,20,1,19,富邦-桃園,2023-02-20,9665
6533,晶心科,22,4,18,富邦-桃園,2023-02-20,9665
2453,凌群,35,17,18,富邦-桃園,2023-02-20,9665
00919,群益台灣精選高息,16,0,16,富邦-桃園,2023-02-20,9665
2324,仁寶,15,0,15,富邦-桃園,2023-02-20,9665
2492,華新科,17,2,15,富邦-桃園,2023-02-20,9665
6180,橘子,16,1,15,富邦-桃園,2023-02-20,9665
2340,台亞,20,5,15,富邦-桃園,2023-02-20,9665
00753L,中信中國50正2,15,1,14,富邦-桃園,2023-02-20,9665
6109,亞元,14,0,14,富邦-桃園,2023-02-20,9665
3049,精金,15,1,14,富邦-桃園,2023-02-20,9665
1503,士電,23,10,13,富邦-桃園,2023-02-20,9665
4958,臻鼎-KY,15,2,13,富邦-桃園,2023-02-20,9665
6282,康舒,22,9,13,富邦-桃園,2023-02-20,9665
5425,台半,18,5,13,富邦-桃園,2023-02-20,9665
00637L,元大滬深300正2,96,84,12,富邦-桃園,2023-02-20,9665
6116,彩晶,12,0,12,富邦-桃園,2023-02-20,9665
6719,力智,15,4,11,富邦-桃園,2023-02-20,9665
6143,振曜,15,4,11,富邦-桃園,2023-02-20,9665
1516,川飛,10,0,10,富邦-桃園,2023-02-20,9665
5512,力麒,10,0,10,富邦-桃園,2023-02-20,9665
00710B,復華彭博非投等債,10,0,10,富邦-桃園,2023-02-20,9665
8150,南茂,10,0,10,富邦-桃園,2023-02-20,9665
00633L,富邦上証正2,20,10,10,富邦-桃園,2023-02-20,9665
4171,瑞基,10,0,10,富邦-桃園,2023-02-20,9665
3024,憶聲,10,0,10,富邦-桃園,2023-02-20,9665
2515,中工,10,0,10,富邦-桃園,2023-02-20,9665
2368,金像電,31,21,10,富邦-桃園,2023-02-20,9665
2867,三商壽,9,0,9,富邦-桃園,2023-02-20,9665
00885,富邦越南,357,5,352,富邦-桃園,2023-02-21,9665
2884,玉山金,139,39,100,富邦-桃園,2023-02-21,9665
6116,彩晶,120,41,79,富邦-桃園,2023-02-21,9665
1109,信大,50,0,50,富邦-桃園,2023-02-21,9665
1591,駿吉-KY,42,0,42,富邦-桃園,2023-02-21,9665
00679B,元大美債20年,35,0,35,富邦-桃園,2023-02-21,9665
3006,晶豪科,37,6,31,富邦-桃園,2023-02-21,9665
2344,華邦電,39,10,29,富邦-桃園,2023-02-21,9665
3231,緯創,31,2,29,富邦-桃園,2023-02-21,9665
00713,元大台灣高息低波,28,1,27,富邦-桃園,2023-02-21,9665
1513,中興電,75,49,26,富邦-桃園,2023-02-21,9665
2731,雄獅,25,0,25,富邦-桃園,2023-02-21,9665
6129,普誠,27,2,25,富邦-桃園,2023-02-21,9665
2634,漢翔,41,16,25,富邦-桃園,2023-02-21,9665
2208,台船,49,25,24,富邦-桃園,2023-02-21,9665
2610,華航,122,98,24,富邦-桃園,2023-02-21,9665
00725B,國泰投資級公司債,23,0,23,富邦-桃園,2023-02-21,9665
00878,國泰永續高股息,46,23,23,富邦-桃園,2023-02-21,9665
2313,華通,22,0,22,富邦-桃園,2023-02-21,9665
2340,台亞,22,0,22,富邦-桃園,2023-02-21,9665
4162,智擎,24,2,22,富邦-桃園,2023-02-21,9665
2834,臺企銀,23,3,20,富邦-桃園,2023-02-21,9665
2201,裕隆,82,63,19,富邦-桃園,2023-02-21,9665
2886,兆豐金,25,8,17,富邦-桃園,2023-02-21,9665
2882,國泰金,17,0,17,富邦-桃園,2023-02-21,9665
4968,立積,32,16,16,富邦-桃園,2023-02-21,9665
8421,旭源,16,0,16,富邦-桃園,2023-02-21,9665
2314,台揚,17,2,15,富邦-桃園,2023-02-21,9665
8112,至上,18,3,15,富邦-桃園,2023-02-21,9665
8234,新漢,14,0,14,富邦-桃園,2023-02-21,9665
2913,農林,13,0,13,富邦-桃園,2023-02-21,9665
3705,永信,13,0,13,富邦-桃園,2023-02-21,9665
00751B,元大AAA至A公司債,12,0,12,富邦-桃園,2023-02-21,9665
6712,長聖,12,0,12,富邦-桃園,2023-02-21,9665
4128,中天,12,1,11,富邦-桃園,2023-02-21,9665
00772B,中信高評級公司債,11,0,11,富邦-桃園,2023-02-21,9665
5512,力麒,11,0,11,富邦-桃園,2023-02-21,9665
00710B,復華彭博非投等債,10,0,10,富邦-桃園,2023-02-21,9665
2705,六福,10,0,10,富邦-桃園,2023-02-21,9665
00900,富邦特選高股息30,16,6,10,富邦-桃園,2023-02-21,9665
00862B,中信投資級公司債,10,0,10,富邦-桃園,2023-02-21,9665
00642U,期元大S＆P石油,10,0,10,富邦-桃園,2023-02-21,9665
4167,松瑞藥,10,0,10,富邦-桃園,2023-02-21,9665
4532,瑞智,10,0,10,富邦-桃園,2023-02-21,9665
2880,華南金,12,2,10,富邦-桃園,2023-02-21,9665
6288,聯嘉,41,32,9,富邦-桃園,2023-02-21,9665
4931,新盛力,27,18,9,富邦-桃園,2023-02-21,9665
2498,宏達電,25,16,9,富邦-桃園,2023-02-21,9665
3583,辛耘,10,1,9,富邦-桃園,2023-02-21,9665
8936,國統,14,5,9,富邦-桃園,2023-02-21,9665
00632R,元大台灣50反1,340,45,295,富邦-桃園,2023-02-22,9665
00878,國泰永續高股息,227,13,214,富邦-桃園,2023-02-22,9665
00679B,元大美債20年,113,21,92,富邦-桃園,2023-02-22,9665
00900,富邦特選高股息30,39,0,39,富邦-桃園,2023-02-22,9665
6116,彩晶,37,2,35,富邦-桃園,2023-02-22,9665
00753L,中信中國50正2,36,2,34,富邦-桃園,2023-02-22,9665
8112,至上,34,0,34,富邦-桃園,2023-02-22,9665
00751B,元大AAA至A公司債,34,1,33,富邦-桃園,2023-02-22,9665
3035,智原,33,5,28,富邦-桃園,2023-02-22,9665
2882,國泰金,32,5,27,富邦-桃園,2023-02-22,9665
3037,欣興,34,9,25,富邦-桃園,2023-02-22,9665
006208,富邦台50,29,4,25,富邦-桃園,2023-02-22,9665
6129,普誠,37,13,24,富邦-桃園,2023-02-22,9665
2618,長榮航,49,25,24,富邦-桃園,2023-02-22,9665
00713,元大台灣高息低波,23,0,23,富邦-桃園,2023-02-22,9665
6768,志強-KY,22,0,22,富邦-桃園,2023-02-22,9665
00712,復華富時不動產,22,0,22,富邦-桃園,2023-02-22,9665
2530,華建,22,0,22,富邦-桃園,2023-02-22,9665
00715L,期街口布蘭特正2,22,0,22,富邦-桃園,2023-02-22,9665
3163,波若威,25,6,19,富邦-桃園,2023-02-22,9665
00665L,富邦�琤肭磪囓�2,18,0,18,富邦-桃園,2023-02-22,9665
1522,堤維西,22,4,18,富邦-桃園,2023-02-22,9665
4119,旭富,20,6,14,富邦-桃園,2023-02-22,9665
2303,聯電,21,7,14,富邦-桃園,2023-02-22,9665
00881,國泰台灣5G+,15,2,13,富邦-桃園,2023-02-22,9665
00720B,元大投資級公司債,13,0,13,富邦-桃園,2023-02-22,9665
3128,昇銳,14,1,13,富邦-桃園,2023-02-22,9665
2338,光罩,16,3,13,富邦-桃園,2023-02-22,9665
00882,中信中國高股息,13,0,13,富邦-桃園,2023-02-22,9665
1514,亞力,35,22,13,富邦-桃園,2023-02-22,9665
2201,裕隆,19,6,13,富邦-桃園,2023-02-22,9665
1519,華城,50,38,12,富邦-桃園,2023-02-22,9665
2308,台達電,13,1,12,富邦-桃園,2023-02-22,9665
6223,旺矽,22,10,12,富邦-桃園,2023-02-22,9665
3362,先進光,16,4,12,富邦-桃園,2023-02-22,9665
2353,宏��,12,0,12,富邦-桃園,2023-02-22,9665
6770,力積電,17,5,12,富邦-桃園,2023-02-22,9665
2605,新興,15,3,12,富邦-桃園,2023-02-22,9665
1524,耿鼎,51,40,11,富邦-桃園,2023-02-22,9665
1591,駿吉-KY,11,0,11,富邦-桃園,2023-02-22,9665
4903,聯光通,11,0,11,富邦-桃園,2023-02-22,9665
6441,廣錠,11,0,11,富邦-桃園,2023-02-22,9665
2881,富邦金,11,0,11,富邦-桃園,2023-02-22,9665
6578,達邦蛋白,10,0,10,富邦-桃園,2023-02-22,9665
6278,台表科,11,1,10,富邦-桃園,2023-02-22,9665
6284,佳邦,10,0,10,富邦-桃園,2023-02-22,9665
2736,富野,33,23,10,富邦-桃園,2023-02-22,9665
2612,中航,10,0,10,富邦-桃園,2023-02-22,9665
1540,喬福,10,0,10,富邦-桃園,2023-02-22,9665
1460,宏遠,10,0,10,富邦-桃園,2023-02-22,9665
1589,永冠-KY,200,0,200,富邦-桃園,2023-02-23,9665
4961,天鈺,162,13,149,富邦-桃園,2023-02-23,9665
00715L,期街口布蘭特正2,122,1,121,富邦-桃園,2023-02-23,9665
00632R,元大台灣50反1,242,140,102,富邦-桃園,2023-02-23,9665
3293,鈊象,100,0,100,富邦-桃園,2023-02-23,9665
2618,長榮航,95,18,77,富邦-桃園,2023-02-23,9665
8033,雷虎,80,4,76,富邦-桃園,2023-02-23,9665
00772B,中信高評級公司債,63,0,63,富邦-桃園,2023-02-23,9665
6116,彩晶,90,27,63,富邦-桃園,2023-02-23,9665
2607,榮運,56,4,52,富邦-桃園,2023-02-23,9665
2327,國巨,51,2,49,富邦-桃園,2023-02-23,9665
00679B,元大美債20年,49,1,48,富邦-桃園,2023-02-23,9665
2409,友達,51,3,48,富邦-桃園,2023-02-23,9665
00720B,元大投資級公司債,48,1,47,富邦-桃園,2023-02-23,9665
2887,台新金,53,9,44,富邦-桃園,2023-02-23,9665
00642U,期元大S＆P石油,44,0,44,富邦-桃園,2023-02-23,9665
6257,矽格,44,1,43,富邦-桃園,2023-02-23,9665
2883,凱基金,64,21,43,富邦-桃園,2023-02-23,9665
00885,富邦越南,41,0,41,富邦-桃園,2023-02-23,9665
9907,統一實,29,0,29,富邦-桃園,2023-02-23,9665
2393,億光,30,2,28,富邦-桃園,2023-02-23,9665
3289,宜特,27,1,26,富邦-桃園,2023-02-23,9665
1513,中興電,72,48,24,富邦-桃園,2023-02-23,9665
9955,佳龍,23,0,23,富邦-桃園,2023-02-23,9665
2610,華航,30,7,23,富邦-桃園,2023-02-23,9665
4979,華星光,35,13,22,富邦-桃園,2023-02-23,9665
4915,致伸,22,0,22,富邦-桃園,2023-02-23,9665
2884,玉山金,29,8,21,富邦-桃園,2023-02-23,9665
2702,華園,24,4,20,富邦-桃園,2023-02-23,9665
3499,環天科,20,0,20,富邦-桃園,2023-02-23,9665
3047,訊舟,20,0,20,富邦-桃園,2023-02-23,9665
2303,聯電,28,9,19,富邦-桃園,2023-02-23,9665
00712,復華富時不動產,19,0,19,富邦-桃園,2023-02-23,9665
4967,十銓,37,20,17,富邦-桃園,2023-02-23,9665
2605,新興,19,4,15,富邦-桃園,2023-02-23,9665
00773B,中信優先金融債,15,0,15,富邦-桃園,2023-02-23,9665
6126,信音,15,0,15,富邦-桃園,2023-02-23,9665
00882,中信中國高股息,18,4,14,富邦-桃園,2023-02-23,9665
4153,鈺緯,15,1,14,富邦-桃園,2023-02-23,9665
3624,光頡,18,4,14,富邦-桃園,2023-02-23,9665
8429,金麗-KY,14,0,14,富邦-桃園,2023-02-23,9665
1605,華新,24,11,13,富邦-桃園,2023-02-23,9665
6282,康舒,13,0,13,富邦-桃園,2023-02-23,9665
6239,力成,12,0,12,富邦-桃園,2023-02-23,9665
1522,堤維西,12,0,12,富邦-桃園,2023-02-23,9665
5521,工信,11,0,11,富邦-桃園,2023-02-23,9665
3252,海灣,13,2,11,富邦-桃園,2023-02-23,9665
2612,中航,15,5,10,富邦-桃園,2023-02-23,9665
3494,誠研,10,0,10,富邦-桃園,2023-02-23,9665
5452,佶優,10,0,10,富邦-桃園,2023-02-23,9665
2368,金像電,557,32,525,富邦-桃園,2023-02-24,9665
2834,臺企銀,312,0,312,富邦-桃園,2023-02-24,9665
2201,裕隆,455,259,196,富邦-桃園,2023-02-24,9665
5457,宣德,175,14,161,富邦-桃園,2023-02-24,9665
00882,中信中國高股息,132,0,132,富邦-桃園,2023-02-24,9665
9136,巨騰-DR,99,0,99,富邦-桃園,2023-02-24,9665
00878,國泰永續高股息,120,22,98,富邦-桃園,2023-02-24,9665
1605,華新,114,20,94,富邦-桃園,2023-02-24,9665
00679B,元大美債20年,90,4,86,富邦-桃園,2023-02-24,9665
00900,富邦特選高股息30,83,0,83,富邦-桃園,2023-02-24,9665
4906,正文,80,0,80,富邦-桃園,2023-02-24,9665
00637L,元大滬深300正2,67,0,67,富邦-桃園,2023-02-24,9665
00725B,國泰投資級公司債,59,0,59,富邦-桃園,2023-02-24,9665
3037,欣興,70,17,53,富邦-桃園,2023-02-24,9665
2441,超豐,41,0,41,富邦-桃園,2023-02-24,9665
4768,晶呈科技,43,2,41,富邦-桃園,2023-02-24,9665
8429,金麗-KY,40,0,40,富邦-桃園,2023-02-24,9665
0056,元大高股息,35,4,31,富邦-桃園,2023-02-24,9665
2618,長榮航,47,21,26,富邦-桃園,2023-02-24,9665
00773B,中信優先金融債,26,0,26,富邦-桃園,2023-02-24,9665
3006,晶豪科,30,6,24,富邦-桃園,2023-02-24,9665
2367,燿華,23,0,23,富邦-桃園,2023-02-24,9665
00897,富邦基因免疫生技,22,0,22,富邦-桃園,2023-02-24,9665
3704,合勤控,21,0,21,富邦-桃園,2023-02-24,9665
00633L,富邦上証正2,23,2,21,富邦-桃園,2023-02-24,9665
4968,立積,31,10,21,富邦-桃園,2023-02-24,9665
2340,台亞,20,0,20,富邦-桃園,2023-02-24,9665
5512,力麒,25,5,20,富邦-桃園,2023-02-24,9665
00641R,富邦日本反1,20,0,20,富邦-桃園,2023-02-24,9665
3081,聯亞,21,4,17,富邦-桃園,2023-02-24,9665
2601,益航,100,83,17,富邦-桃園,2023-02-24,9665
1714,和桐,17,0,17,富邦-桃園,2023-02-24,9665
2317,鴻海,17,2,15,富邦-桃園,2023-02-24,9665
2498,宏達電,26,11,15,富邦-桃園,2023-02-24,9665
4147,中裕,20,5,15,富邦-桃園,2023-02-24,9665
2419,仲琦,16,2,14,富邦-桃園,2023-02-24,9665
4743,合一,14,1,13,富邦-桃園,2023-02-24,9665
4114,健喬,14,1,13,富邦-桃園,2023-02-24,9665
6147,頎邦,15,2,13,富邦-桃園,2023-02-24,9665
00891,中信關鍵半導體,12,0,12,富邦-桃園,2023-02-24,9665
6245,立端,13,1,12,富邦-桃園,2023-02-24,9665
006208,富邦台50,12,0,12,富邦-桃園,2023-02-24,9665
1444,力麗,22,10,12,富邦-桃園,2023-02-24,9665
4735,豪展,12,0,12,富邦-桃園,2023-02-24,9665
00919,群益台灣精選高息,12,0,12,富邦-桃園,2023-02-24,9665
00665L,富邦�琤肭磪囓�2,12,0,12,富邦-桃園,2023-02-24,9665
9955,佳龍,12,0,12,富邦-桃園,2023-02-24,9665
2002,中鋼,13,1,12,富邦-桃園,2023-02-24,9665
5009,榮剛,22,11,11,富邦-桃園,2023-02-24,9665
8349,�矬�,11,0,11,富邦-桃園,2023-02-24,9665
1605,華新,207,44,163,富邦-桃園,2023-03-01,9665
2471,資通,137,2,135,富邦-桃園,2023-03-01,9665
2409,友達,142,12,130,富邦-桃園,2023-03-01,9665
2601,益航,141,12,129,富邦-桃園,2023-03-01,9665
00878,國泰永續高股息,130,22,108,富邦-桃園,2023-03-01,9665
2603,長榮,101,5,96,富邦-桃園,2023-03-01,9665
00632R,元大台灣50反1,115,50,65,富邦-桃園,2023-03-01,9665
00885,富邦越南,66,6,60,富邦-桃園,2023-03-01,9665
2883,凱基金,57,0,57,富邦-桃園,2023-03-01,9665
2344,華邦電,51,0,51,富邦-桃園,2023-03-01,9665
1714,和桐,50,0,50,富邦-桃園,2023-03-01,9665
2890,永豐金,42,2,40,富邦-桃園,2023-03-01,9665
1101,台泥,46,11,35,富邦-桃園,2023-03-01,9665
2617,台航,32,0,32,富邦-桃園,2023-03-01,9665
00773B,中信優先金融債,32,0,32,富邦-桃園,2023-03-01,9665
2327,國巨,34,3,31,富邦-桃園,2023-03-01,9665
2458,義隆,30,0,30,富邦-桃園,2023-03-01,9665
2201,裕隆,126,97,29,富邦-桃園,2023-03-01,9665
6189,豐藝,29,0,29,富邦-桃園,2023-03-01,9665
2887,台新金,41,13,28,富邦-桃園,2023-03-01,9665
6282,康舒,55,30,25,富邦-桃園,2023-03-01,9665
5498,凱崴,35,10,25,富邦-桃園,2023-03-01,9665
4102,永日,25,0,25,富邦-桃園,2023-03-01,9665
9945,潤泰新,22,0,22,富邦-桃園,2023-03-01,9665
2641,正德,22,0,22,富邦-桃園,2023-03-01,9665
0056,元大高股息,37,15,22,富邦-桃園,2023-03-01,9665
2882,國泰金,19,0,19,富邦-桃園,2023-03-01,9665
1455,集盛,20,1,19,富邦-桃園,2023-03-01,9665
3652,精聯,19,1,18,富邦-桃園,2023-03-01,9665
3213,茂訊,17,0,17,富邦-桃園,2023-03-01,9665
6235,華孚,23,6,17,富邦-桃園,2023-03-01,9665
2492,華新科,26,10,16,富邦-桃園,2023-03-01,9665
5425,台半,22,6,16,富邦-桃園,2023-03-01,9665
2886,兆豐金,18,2,16,富邦-桃園,2023-03-01,9665
6116,彩晶,15,0,15,富邦-桃園,2023-03-01,9665
4167,松瑞藥,14,0,14,富邦-桃園,2023-03-01,9665
8936,國統,27,13,14,富邦-桃園,2023-03-01,9665
00679B,元大美債20年,33,20,13,富邦-桃園,2023-03-01,9665
00712,復華富時不動產,13,0,13,富邦-桃園,2023-03-01,9665
2892,第一金,13,0,13,富邦-桃園,2023-03-01,9665
6266,泰詠,19,7,12,富邦-桃園,2023-03-01,9665
3029,零壹,13,1,12,富邦-桃園,2023-03-01,9665
5512,力麒,11,0,11,富邦-桃園,2023-03-01,9665
4114,健喬,11,0,11,富邦-桃園,2023-03-01,9665
00634R,富邦上証反1,11,0,11,富邦-桃園,2023-03-01,9665
2885,元大金,13,3,10,富邦-桃園,2023-03-01,9665
4968,立積,11,1,10,富邦-桃園,2023-03-01,9665
4207,環泰,10,0,10,富邦-桃園,2023-03-01,9665
00795B,中信美國公債20年,10,0,10,富邦-桃園,2023-03-01,9665
00862B,中信投資級公司債,10,0,10,富邦-桃園,2023-03-01,9665
00878,國泰永續高股息,157,26,131,富邦-桃園,2023-03-02,9665
4961,天鈺,101,2,99,富邦-桃園,2023-03-02,9665
2603,長榮,103,23,80,富邦-桃園,2023-03-02,9665
2201,裕隆,119,42,77,富邦-桃園,2023-03-02,9665
2617,台航,71,3,68,富邦-桃園,2023-03-02,9665
3481,群創,76,8,68,富邦-桃園,2023-03-02,9665
00772B,中信高評級公司債,108,50,58,富邦-桃園,2023-03-02,9665
00679B,元大美債20年,46,0,46,富邦-桃園,2023-03-02,9665
8046,南電,54,15,39,富邦-桃園,2023-03-02,9665
00632R,元大台灣50反1,156,120,36,富邦-桃園,2023-03-02,9665
2471,資通,44,11,33,富邦-桃園,2023-03-02,9665
00680L,元大美債20正2,32,0,32,富邦-桃園,2023-03-02,9665
2352,佳世達,32,0,32,富邦-桃園,2023-03-02,9665
1326,台化,31,0,31,富邦-桃園,2023-03-02,9665
6148,驊宏資,30,0,30,富邦-桃園,2023-03-02,9665
5457,宣德,45,16,29,富邦-桃園,2023-03-02,9665
8112,至上,32,4,28,富邦-桃園,2023-03-02,9665
2425,承啟,28,0,28,富邦-桃園,2023-03-02,9665
00712,復華富時不動產,28,0,28,富邦-桃園,2023-03-02,9665
9907,統一實,30,4,26,富邦-桃園,2023-03-02,9665
8403,盛弘,25,0,25,富邦-桃園,2023-03-02,9665
2409,友達,24,0,24,富邦-桃園,2023-03-02,9665
2337,旺宏,23,0,23,富邦-桃園,2023-03-02,9665
8049,晶采,22,0,22,富邦-桃園,2023-03-02,9665
3682,亞太電,20,0,20,富邦-桃園,2023-03-02,9665
2891,中信金,20,1,19,富邦-桃園,2023-03-02,9665
1513,中興電,127,109,18,富邦-桃園,2023-03-02,9665
00751B,元大AAA至A公司債,18,0,18,富邦-桃園,2023-03-02,9665
00675L,富邦臺灣加權正2,20,2,18,富邦-桃園,2023-03-02,9665
00885,富邦越南,23,6,17,富邦-桃園,2023-03-02,9665
5512,力麒,17,1,16,富邦-桃園,2023-03-02,9665
2892,第一金,15,0,15,富邦-桃園,2023-03-02,9665
2612,中航,15,1,14,富邦-桃園,2023-03-02,9665
2303,聯電,41,27,14,富邦-桃園,2023-03-02,9665
5608,四維航,45,33,12,富邦-桃園,2023-03-02,9665
00720B,元大投資級公司債,13,1,12,富邦-桃園,2023-03-02,9665
00907,永豐優息存股,13,1,12,富邦-桃園,2023-03-02,9665
2885,元大金,23,11,12,富邦-桃園,2023-03-02,9665
00892,富邦台灣半導體,12,0,12,富邦-桃園,2023-03-02,9665
2611,志信,14,3,11,富邦-桃園,2023-03-02,9665
1229,聯華,11,0,11,富邦-桃園,2023-03-02,9665
2504,國產,11,0,11,富邦-桃園,2023-03-02,9665
2905,三商,10,0,10,富邦-桃園,2023-03-02,9665
3707,漢磊,13,3,10,富邦-桃園,2023-03-02,9665
6288,聯嘉,16,6,10,富邦-桃園,2023-03-02,9665
2886,兆豐金,9,0,9,富邦-桃園,2023-03-02,9665
3029,零壹,11,2,9,富邦-桃園,2023-03-02,9665
2609,陽明,65,57,8,富邦-桃園,2023-03-02,9665
2634,漢翔,8,0,8,富邦-桃園,2023-03-02,9665
00888,永豐台灣ESG,8,0,8,富邦-桃園,2023-03-02,9665
2618,長榮航,223,1,222,富邦-桃園,2023-03-03,9665
2344,華邦電,291,151,140,富邦-桃園,2023-03-03,9665
2834,臺企銀,82,4,78,富邦-桃園,2023-03-03,9665
4961,天鈺,73,10,63,富邦-桃園,2023-03-03,9665
2605,新興,59,2,57,富邦-桃園,2023-03-03,9665
00680L,元大美債20正2,55,0,55,富邦-桃園,2023-03-03,9665
00632R,元大台灣50反1,126,72,54,富邦-桃園,2023-03-03,9665
00679B,元大美債20年,62,10,52,富邦-桃園,2023-03-03,9665
00664R,國泰臺灣加權反1,51,0,51,富邦-桃園,2023-03-03,9665
00673R,期元大S＆P原油反1,51,0,51,富邦-桃園,2023-03-03,9665
8046,南電,59,18,41,富邦-桃園,2023-03-03,9665
2601,益航,47,11,36,富邦-桃園,2023-03-03,9665
6776,展�眥篕�,30,0,30,富邦-桃園,2023-03-03,9665
8112,至上,30,4,26,富邦-桃園,2023-03-03,9665
2393,億光,24,0,24,富邦-桃園,2023-03-03,9665
4934,太極,23,0,23,富邦-桃園,2023-03-03,9665
1609,大亞,22,1,21,富邦-桃園,2023-03-03,9665
1536,和大,21,0,21,富邦-桃園,2023-03-03,9665
00712,復華富時不動產,21,0,21,富邦-桃園,2023-03-03,9665
4121,優盛,21,1,20,富邦-桃園,2023-03-03,9665
3036,文曄,20,0,20,富邦-桃園,2023-03-03,9665
1605,華新,140,121,19,富邦-桃園,2023-03-03,9665
2066,世德,20,1,19,富邦-桃園,2023-03-03,9665
8131,福懋科,18,0,18,富邦-桃園,2023-03-03,9665
00713,元大台灣高息低波,20,2,18,富邦-桃園,2023-03-03,9665
5353,台林,17,0,17,富邦-桃園,2023-03-03,9665
3264,欣銓,20,3,17,富邦-桃園,2023-03-03,9665
2892,第一金,17,1,16,富邦-桃園,2023-03-03,9665
6288,聯嘉,17,2,15,富邦-桃園,2023-03-03,9665
9945,潤泰新,20,5,15,富邦-桃園,2023-03-03,9665
00720B,元大投資級公司債,14,0,14,富邦-桃園,2023-03-03,9665
3027,盛達,24,10,14,富邦-桃園,2023-03-03,9665
3141,晶宏,52,38,14,富邦-桃園,2023-03-03,9665
6207,雷科,13,0,13,富邦-桃園,2023-03-03,9665
8936,國統,26,13,13,富邦-桃園,2023-03-03,9665
2886,兆豐金,12,0,12,富邦-桃園,2023-03-03,9665
2208,台船,12,0,12,富邦-桃園,2023-03-03,9665
8043,蜜望實,12,0,12,富邦-桃園,2023-03-03,9665
00751B,元大AAA至A公司債,11,0,11,富邦-桃園,2023-03-03,9665
3042,晶技,11,0,11,富邦-桃園,2023-03-03,9665
3558,神準,14,4,10,富邦-桃園,2023-03-03,9665
2534,宏盛,10,0,10,富邦-桃園,2023-03-03,9665
3149,正達,10,0,10,富邦-桃園,2023-03-03,9665
1524,耿鼎,11,1,10,富邦-桃園,2023-03-03,9665
6239,力成,10,0,10,富邦-桃園,2023-03-03,9665
6477,安集,10,0,10,富邦-桃園,2023-03-03,9665
006208,富邦台50,11,1,10,富邦-桃園,2023-03-03,9665
5015,華祺,9,0,9,富邦-桃園,2023-03-03,9665
1731,美吾華,8,0,8,富邦-桃園,2023-03-03,9665
6235,華孚,118,110,8,富邦-桃園,2023-03-03,9665
00673R,期元大S＆P原油反1,361,0,361,富邦-桃園,2023-03-06,9665
5701,劍湖山,106,0,106,富邦-桃園,2023-03-06,9665
2603,長榮,102,4,98,富邦-桃園,2023-03-06,9665
00664R,國泰臺灣加權反1,70,10,60,富邦-桃園,2023-03-06,9665
2609,陽明,81,22,59,富邦-桃園,2023-03-06,9665
2845,遠東銀,56,0,56,富邦-桃園,2023-03-06,9665
2368,金像電,58,3,55,富邦-桃園,2023-03-06,9665
8046,南電,57,3,54,富邦-桃園,2023-03-06,9665
1604,聲寶,49,0,49,富邦-桃園,2023-03-06,9665
2610,華航,33,1,32,富邦-桃園,2023-03-06,9665
00772B,中信高評級公司債,29,0,29,富邦-桃園,2023-03-06,9665
2449,京元電子,36,9,27,富邦-桃園,2023-03-06,9665
4720,德淵,25,0,25,富邦-桃園,2023-03-06,9665
2913,農林,23,0,23,富邦-桃園,2023-03-06,9665
3454,晶睿,37,15,22,富邦-桃園,2023-03-06,9665
00631L,元大台灣50正2,23,1,22,富邦-桃園,2023-03-06,9665
5309,系統電,22,1,21,富邦-桃園,2023-03-06,9665
6811,宏�硌穈T,20,0,20,富邦-桃園,2023-03-06,9665
2312,金寶,20,0,20,富邦-桃園,2023-03-06,9665
1608,華榮,20,0,20,富邦-桃園,2023-03-06,9665
1708,東鹼,24,4,20,富邦-桃園,2023-03-06,9665
00896,中信綠能及電動車,31,11,20,富邦-桃園,2023-03-06,9665
2615,萬海,24,4,20,富邦-桃園,2023-03-06,9665
6257,矽格,20,1,19,富邦-桃園,2023-03-06,9665
6605,帝寶,21,2,19,富邦-桃園,2023-03-06,9665
6712,長聖,21,4,17,富邦-桃園,2023-03-06,9665
00882,中信中國高股息,23,6,17,富邦-桃園,2023-03-06,9665
00679B,元大美債20年,18,2,16,富邦-桃園,2023-03-06,9665
3419,譁裕,16,0,16,富邦-桃園,2023-03-06,9665
00751B,元大AAA至A公司債,15,0,15,富邦-桃園,2023-03-06,9665
2338,光罩,17,3,14,富邦-桃園,2023-03-06,9665
2534,宏盛,14,0,14,富邦-桃園,2023-03-06,9665
3356,奇偶,72,59,13,富邦-桃園,2023-03-06,9665
1612,宏泰,13,0,13,富邦-桃園,2023-03-06,9665
1219,福壽,48,36,12,富邦-桃園,2023-03-06,9665
8383,千附,12,0,12,富邦-桃園,2023-03-06,9665
00897,富邦基因免疫生技,12,0,12,富邦-桃園,2023-03-06,9665
6196,帆宣,11,0,11,富邦-桃園,2023-03-06,9665
2472,立隆電,11,0,11,富邦-桃園,2023-03-06,9665
5464,霖宏,21,10,11,富邦-桃園,2023-03-06,9665
00675L,富邦臺灣加權正2,12,1,11,富邦-桃園,2023-03-06,9665
9105,泰金寶-DR,10,0,10,富邦-桃園,2023-03-06,9665
911868,同方友友-DR,10,0,10,富邦-桃園,2023-03-06,9665
00633L,富邦上証正2,10,0,10,富邦-桃園,2023-03-06,9665
6104,創惟,11,1,10,富邦-桃園,2023-03-06,9665
2605,新興,16,6,10,富邦-桃園,2023-03-06,9665
6782,視陽,10,1,9,富邦-桃園,2023-03-06,9665
3686,達能,9,0,9,富邦-桃園,2023-03-06,9665
5512,力麒,9,0,9,富邦-桃園,2023-03-06,9665
5258,虹堡,15,6,9,富邦-桃園,2023-03-06,9665
3481,群創,169,9,160,富邦-桃園,2023-03-07,9665
2344,華邦電,131,10,121,富邦-桃園,2023-03-07,9665
00673R,期元大S＆P原油反1,110,0,110,富邦-桃園,2023-03-07,9665
4533,協易機,100,2,98,富邦-桃園,2023-03-07,9665
00679B,元大美債20年,68,0,68,富邦-桃園,2023-03-07,9665
00637L,元大滬深300正2,62,0,62,富邦-桃園,2023-03-07,9665
2891,中信金,58,4,54,富邦-桃園,2023-03-07,9665
2603,長榮,54,3,51,富邦-桃園,2023-03-07,9665
8050,廣積,50,0,50,富邦-桃園,2023-03-07,9665
2302,麗正,51,1,50,富邦-桃園,2023-03-07,9665
1605,華新,132,85,47,富邦-桃園,2023-03-07,9665
3491,昇達科,45,1,44,富邦-桃園,2023-03-07,9665
2352,佳世達,44,4,40,富邦-桃園,2023-03-07,9665
00878,國泰永續高股息,79,41,38,富邦-桃園,2023-03-07,9665
6770,力積電,61,23,38,富邦-桃園,2023-03-07,9665
1444,力麗,35,0,35,富邦-桃園,2023-03-07,9665
6282,康舒,49,15,34,富邦-桃園,2023-03-07,9665
3441,聯一光,37,3,34,富邦-桃園,2023-03-07,9665
8112,至上,32,1,31,富邦-桃園,2023-03-07,9665
9946,三發地產,29,0,29,富邦-桃園,2023-03-07,9665
2345,智邦,28,3,25,富邦-桃園,2023-03-07,9665
3686,達能,25,0,25,富邦-桃園,2023-03-07,9665
2486,一詮,53,28,25,富邦-桃園,2023-03-07,9665
1609,大亞,38,14,24,富邦-桃園,2023-03-07,9665
00632R,元大台灣50反1,118,96,22,富邦-桃園,2023-03-07,9665
2618,長榮航,52,31,21,富邦-桃園,2023-03-07,9665
2409,友達,50,28,22,富邦-桃園,2023-03-07,9665
2367,燿華,21,0,21,富邦-桃園,2023-03-07,9665
2363,矽統,20,0,20,富邦-桃園,2023-03-07,9665
2368,金像電,26,6,20,富邦-桃園,2023-03-07,9665
6548,長科*,25,6,19,富邦-桃園,2023-03-07,9665
00751B,元大AAA至A公司債,19,0,19,富邦-桃園,2023-03-07,9665
6113,亞矽,19,0,19,富邦-桃園,2023-03-07,9665
3019,亞光,44,26,18,富邦-桃園,2023-03-07,9665
9945,潤泰新,23,5,18,富邦-桃園,2023-03-07,9665
6235,華孚,59,41,18,富邦-桃園,2023-03-07,9665
1513,中興電,83,66,17,富邦-桃園,2023-03-07,9665
2890,永豐金,21,5,16,富邦-桃園,2023-03-07,9665
2892,第一金,15,0,15,富邦-桃園,2023-03-07,9665
2534,宏盛,15,0,15,富邦-桃園,2023-03-07,9665
8171,天宇,15,1,14,富邦-桃園,2023-03-07,9665
2457,飛宏,99,85,14,富邦-桃園,2023-03-07,9665
8222,寶一,20,7,13,富邦-桃園,2023-03-07,9665
00725B,國泰投資級公司債,13,0,13,富邦-桃園,2023-03-07,9665
4768,晶呈科技,13,0,13,富邦-桃園,2023-03-07,9665
2455,全新,12,0,12,富邦-桃園,2023-03-07,9665
6443,元晶,17,5,12,富邦-桃園,2023-03-07,9665
4114,健喬,17,5,12,富邦-桃園,2023-03-07,9665
2605,新興,22,11,11,富邦-桃園,2023-03-07,9665
2405,輔信,12,1,11,富邦-桃園,2023-03-07,9665
2332,友訊,175,1,174,富邦-桃園,2023-03-08,9665
00637L,元大滬深300正2,146,0,146,富邦-桃園,2023-03-08,9665
5701,劍湖山,130,0,130,富邦-桃園,2023-03-08,9665
00632R,元大台灣50反1,165,63,102,富邦-桃園,2023-03-08,9665
00878,國泰永續高股息,111,36,75,富邦-桃園,2023-03-08,9665
3362,先進光,89,28,61,富邦-桃園,2023-03-08,9665
00715L,期街口布蘭特正2,60,1,59,富邦-桃園,2023-03-08,9665
6488,環球晶,60,2,58,富邦-桃園,2023-03-08,9665
00923,群益台ESG低碳50,44,1,43,富邦-桃園,2023-03-08,9665
6548,長科*,56,14,42,富邦-桃園,2023-03-08,9665
3093,港建*,71,30,41,富邦-桃園,2023-03-08,9665
00633L,富邦上証正2,91,50,41,富邦-桃園,2023-03-08,9665
00753L,中信中國50正2,30,0,30,富邦-桃園,2023-03-08,9665
4904,遠傳,30,0,30,富邦-桃園,2023-03-08,9665
1314,中石化,32,3,29,富邦-桃園,2023-03-08,9665
1536,和大,29,0,29,富邦-桃園,2023-03-08,9665
4768,晶呈科技,25,0,25,富邦-桃園,2023-03-08,9665
4128,中天,26,3,23,富邦-桃園,2023-03-08,9665
2354,鴻準,21,0,21,富邦-桃園,2023-03-08,9665
911868,同方友友-DR,20,0,20,富邦-桃園,2023-03-08,9665
3013,晟銘電,72,52,20,富邦-桃園,2023-03-08,9665
8050,廣積,20,0,20,富邦-桃園,2023-03-08,9665
3682,亞太電,20,0,20,富邦-桃園,2023-03-08,9665
00882,中信中國高股息,21,2,19,富邦-桃園,2023-03-08,9665
5009,榮剛,28,9,19,富邦-桃園,2023-03-08,9665
00713,元大台灣高息低波,22,3,19,富邦-桃園,2023-03-08,9665
6282,康舒,44,26,18,富邦-桃園,2023-03-08,9665
8383,千附,17,0,17,富邦-桃園,2023-03-08,9665
4979,華星光,18,2,16,富邦-桃園,2023-03-08,9665
00751B,元大AAA至A公司債,15,0,15,富邦-桃園,2023-03-08,9665
2351,順德,17,2,15,富邦-桃園,2023-03-08,9665
6712,長聖,18,4,14,富邦-桃園,2023-03-08,9665
2329,華泰,19,5,14,富邦-桃園,2023-03-08,9665
00665L,富邦�琤肭磪囓�2,14,0,14,富邦-桃園,2023-03-08,9665
3380,明泰,15,1,14,富邦-桃園,2023-03-08,9665
2481,強茂,28,14,14,富邦-桃園,2023-03-08,9665
4167,松瑞藥,14,0,14,富邦-桃園,2023-03-08,9665
2881,富邦金,26,12,14,富邦-桃園,2023-03-08,9665
2834,臺企銀,20,7,13,富邦-桃園,2023-03-08,9665
00919,群益台灣精選高息,15,2,13,富邦-桃園,2023-03-08,9665
3489,森寶,13,0,13,富邦-桃園,2023-03-08,9665
8105,凌巨,15,2,13,富邦-桃園,2023-03-08,9665
4976,佳凌,15,2,13,富邦-桃園,2023-03-08,9665
3029,零壹,14,1,13,富邦-桃園,2023-03-08,9665
00885,富邦越南,14,2,12,富邦-桃園,2023-03-08,9665
2913,農林,12,0,12,富邦-桃園,2023-03-08,9665
00687B,國泰20年美債,12,0,12,富邦-桃園,2023-03-08,9665
00673R,期元大S＆P原油反1,50,38,12,富邦-桃園,2023-03-08,9665
2884,玉山金,14,3,11,富邦-桃園,2023-03-08,9665
2371,大同,17,6,11,富邦-桃園,2023-03-08,9665
2618,長榮航,475,23,452,富邦-桃園,2023-03-09,9665
3481,群創,174,45,129,富邦-桃園,2023-03-09,9665
00878,國泰永續高股息,152,37,115,富邦-桃園,2023-03-09,9665
5211,蒙恬,85,7,78,富邦-桃園,2023-03-09,9665
2352,佳世達,68,1,67,富邦-桃園,2023-03-09,9665
3455,由田,65,0,65,富邦-桃園,2023-03-09,9665
00900,富邦特選高股息30,64,4,60,富邦-桃園,2023-03-09,9665
1402,遠東新,51,0,51,富邦-桃園,2023-03-09,9665
00772B,中信高評級公司債,52,4,48,富邦-桃園,2023-03-09,9665
2471,資通,68,27,41,富邦-桃園,2023-03-09,9665
00664R,國泰臺灣加權反1,41,0,41,富邦-桃園,2023-03-09,9665
2317,鴻海,43,5,38,富邦-桃園,2023-03-09,9665
3046,建��,65,28,37,富邦-桃園,2023-03-09,9665
2530,華建,36,0,36,富邦-桃園,2023-03-09,9665
1109,信大,34,0,34,富邦-桃園,2023-03-09,9665
2886,兆豐金,32,0,32,富邦-桃園,2023-03-09,9665
00923,群益台ESG低碳50,32,0,32,富邦-桃園,2023-03-09,9665
3290,東浦,32,0,32,富邦-桃園,2023-03-09,9665
00715L,期街口布蘭特正2,29,0,29,富邦-桃園,2023-03-09,9665
2002,中鋼,28,2,26,富邦-桃園,2023-03-09,9665
00673R,期元大S＆P原油反1,52,26,26,富邦-桃園,2023-03-09,9665
2884,玉山金,25,0,25,富邦-桃園,2023-03-09,9665
1504,東元,39,16,23,富邦-桃園,2023-03-09,9665
0056,元大高股息,32,9,23,富邦-桃園,2023-03-09,9665
00637L,元大滬深300正2,35,12,23,富邦-桃園,2023-03-09,9665
2236,百達-KY,21,0,21,富邦-桃園,2023-03-09,9665
00632R,元大台灣50反1,20,0,20,富邦-桃園,2023-03-09,9665
2409,友達,24,5,19,富邦-桃園,2023-03-09,9665
3209,全科,36,17,19,富邦-桃園,2023-03-09,9665
6443,元晶,43,24,19,富邦-桃園,2023-03-09,9665
4119,旭富,21,3,18,富邦-桃園,2023-03-09,9665
2489,瑞軒,18,0,18,富邦-桃園,2023-03-09,9665
9955,佳龍,18,0,18,富邦-桃園,2023-03-09,9665
00713,元大台灣高息低波,19,4,15,富邦-桃園,2023-03-09,9665
3093,港建*,35,20,15,富邦-桃園,2023-03-09,9665
6735,美達科技,15,0,15,富邦-桃園,2023-03-09,9665
3419,譁裕,15,0,15,富邦-桃園,2023-03-09,9665
3027,盛達,21,6,15,富邦-桃園,2023-03-09,9665
00882,中信中國高股息,13,0,13,富邦-桃園,2023-03-09,9665
2888,新光金,18,5,13,富邦-桃園,2023-03-09,9665
4768,晶呈科技,13,0,13,富邦-桃園,2023-03-09,9665
8112,至上,14,1,13,富邦-桃園,2023-03-09,9665
6548,長科*,13,1,12,富邦-桃園,2023-03-09,9665
8936,國統,20,9,11,富邦-桃園,2023-03-09,9665
9105,泰金寶-DR,12,1,11,富邦-桃園,2023-03-09,9665
00631L,元大台灣50正2,11,0,11,富邦-桃園,2023-03-09,9665
00751B,元大AAA至A公司債,13,2,11,富邦-桃園,2023-03-09,9665
2368,金像電,11,0,11,富邦-桃園,2023-03-09,9665
3706,神達,11,0,11,富邦-桃園,2023-03-09,9665
6235,華孚,43,32,11,富邦-桃園,2023-03-09,9665
2834,臺企銀,262,7,255,富邦-桃園,2023-03-10,9665
00878,國泰永續高股息,337,133,204,富邦-桃園,2023-03-10,9665
00637L,元大滬深300正2,172,0,172,富邦-桃園,2023-03-10,9665
2883,凱基金,127,0,127,富邦-桃園,2023-03-10,9665
2610,華航,479,365,114,富邦-桃園,2023-03-10,9665
00715L,期街口布蘭特正2,90,0,90,富邦-桃園,2023-03-10,9665
00713,元大台灣高息低波,92,4,88,富邦-桃園,2023-03-10,9665
2609,陽明,223,142,81,富邦-桃園,2023-03-10,9665
5443,均豪,81,0,81,富邦-桃園,2023-03-10,9665
00923,群益台ESG低碳50,81,0,81,富邦-桃園,2023-03-10,9665
2618,長榮航,202,127,75,富邦-桃園,2023-03-10,9665
6605,帝寶,95,32,63,富邦-桃園,2023-03-10,9665
00720B,元大投資級公司債,62,3,59,富邦-桃園,2023-03-10,9665
2344,華邦電,68,11,57,富邦-桃園,2023-03-10,9665
2402,毅嘉,59,2,57,富邦-桃園,2023-03-10,9665
5880,合庫金,44,1,43,富邦-桃園,2023-03-10,9665
6770,力積電,43,1,42,富邦-桃園,2023-03-10,9665
8050,廣積,41,0,41,富邦-桃園,2023-03-10,9665
5529,鉅陞,40,0,40,富邦-桃園,2023-03-10,9665
2881,富邦金,42,6,36,富邦-桃園,2023-03-10,9665
6548,長科*,36,0,36,富邦-桃園,2023-03-10,9665
2409,友達,36,1,35,富邦-桃園,2023-03-10,9665
2530,華建,34,0,34,富邦-桃園,2023-03-10,9665
6126,信音,33,0,33,富邦-桃園,2023-03-10,9665
2884,玉山金,33,1,32,富邦-桃園,2023-03-10,9665
2641,正德,43,11,32,富邦-桃園,2023-03-10,9665
1604,聲寶,32,0,32,富邦-桃園,2023-03-10,9665
3037,欣興,37,5,32,富邦-桃園,2023-03-10,9665
00882,中信中國高股息,37,5,32,富邦-桃園,2023-03-10,9665
8069,元太,34,3,31,富邦-桃園,2023-03-10,9665
5328,華容,30,0,30,富邦-桃園,2023-03-10,9665
00665L,富邦�琤肭磪囓�2,78,50,28,富邦-桃園,2023-03-10,9665
00888,永豐台灣ESG,29,2,27,富邦-桃園,2023-03-10,9665
1101,台泥,29,3,26,富邦-桃園,2023-03-10,9665
3362,先進光,31,5,26,富邦-桃園,2023-03-10,9665
00907,永豐優息存股,25,0,25,富邦-桃園,2023-03-10,9665
2892,第一金,23,0,23,富邦-桃園,2023-03-10,9665
00904,新光臺灣半導體30,23,0,23,富邦-桃園,2023-03-10,9665
00903,富邦元宇宙,23,0,23,富邦-桃園,2023-03-10,9665
00712,復華富時不動產,25,3,22,富邦-桃園,2023-03-10,9665
8936,國統,23,1,22,富邦-桃園,2023-03-10,9665
6235,華孚,29,7,22,富邦-桃園,2023-03-10,9665
4142,國光生,38,18,20,富邦-桃園,2023-03-10,9665
6148,驊宏資,20,0,20,富邦-桃園,2023-03-10,9665
00648R,元大S＆P500反1,20,0,20,富邦-桃園,2023-03-10,9665
00902,中信電池及儲能,20,0,20,富邦-桃園,2023-03-10,9665
2885,元大金,20,1,19,富邦-桃園,2023-03-10,9665
6116,彩晶,20,2,18,富邦-桃園,2023-03-10,9665
00642U,期元大S＆P石油,18,0,18,富邦-桃園,2023-03-10,9665
2887,台新金,18,1,17,富邦-桃園,2023-03-10,9665
1409,新纖,300,0,300,富邦-桃園,2023-03-13,9665
00878,國泰永續高股息,385,92,293,富邦-桃園,2023-03-13,9665
00715L,期街口布蘭特正2,216,3,213,富邦-桃園,2023-03-13,9665
2867,三商壽,201,0,201,富邦-桃園,2023-03-13,9665
2368,金像電,112,12,100,富邦-桃園,2023-03-13,9665
00637L,元大滬深300正2,71,0,71,富邦-桃園,2023-03-13,9665
3046,建��,121,57,64,富邦-桃園,2023-03-13,9665
2607,榮運,59,1,58,富邦-桃園,2023-03-13,9665
1314,中石化,85,40,45,富邦-桃園,2023-03-13,9665
00713,元大台灣高息低波,46,3,43,富邦-桃園,2023-03-13,9665
00923,群益台ESG低碳50,39,0,39,富邦-桃園,2023-03-13,9665
4916,事欣科,33,1,32,富邦-桃園,2023-03-13,9665
1609,大亞,30,0,30,富邦-桃園,2023-03-13,9665
8050,廣積,31,1,30,富邦-桃園,2023-03-13,9665
2618,長榮航,30,1,29,富邦-桃園,2023-03-13,9665
2884,玉山金,31,2,29,富邦-桃園,2023-03-13,9665
2891,中信金,38,10,28,富邦-桃園,2023-03-13,9665
2413,環科,57,30,27,富邦-桃園,2023-03-13,9665
8040,九暘,28,1,27,富邦-桃園,2023-03-13,9665
00712,復華富時不動產,28,3,25,富邦-桃園,2023-03-13,9665
2851,中再保,24,0,24,富邦-桃園,2023-03-13,9665
5701,劍湖山,24,0,24,富邦-桃園,2023-03-13,9665
2449,京元電子,24,0,24,富邦-桃園,2023-03-13,9665
2887,台新金,37,13,24,富邦-桃園,2023-03-13,9665
3234,光環,31,10,21,富邦-桃園,2023-03-13,9665
2352,佳世達,21,1,20,富邦-桃園,2023-03-13,9665
2641,正德,20,0,20,富邦-桃園,2023-03-13,9665
6104,創惟,26,6,20,富邦-桃園,2023-03-13,9665
00885,富邦越南,21,2,19,富邦-桃園,2023-03-13,9665
2634,漢翔,21,4,17,富邦-桃園,2023-03-13,9665
6609,瀧澤科,23,6,17,富邦-桃園,2023-03-13,9665
2883,凱基金,35,19,16,富邦-桃園,2023-03-13,9665
2610,華航,24,9,15,富邦-桃園,2023-03-13,9665
2892,第一金,17,2,15,富邦-桃園,2023-03-13,9665
2338,光罩,15,1,14,富邦-桃園,2023-03-13,9665
3707,漢磊,14,0,14,富邦-桃園,2023-03-13,9665
00773B,中信優先金融債,14,0,14,富邦-桃園,2023-03-13,9665
1101,台泥,18,4,14,富邦-桃園,2023-03-13,9665
3481,群創,19,5,14,富邦-桃園,2023-03-13,9665
2482,連宇,40,27,13,富邦-桃園,2023-03-13,9665
00751B,元大AAA至A公司債,14,1,13,富邦-桃園,2023-03-13,9665
6235,華孚,68,56,12,富邦-桃園,2023-03-13,9665
8429,金麗-KY,12,0,12,富邦-桃園,2023-03-13,9665
1524,耿鼎,44,32,12,富邦-桃園,2023-03-13,9665
1316,上曜,12,1,11,富邦-桃園,2023-03-13,9665
2457,飛宏,174,163,11,富邦-桃園,2023-03-13,9665
9933,中鼎,11,0,11,富邦-桃園,2023-03-13,9665
4931,新盛力,11,0,11,富邦-桃園,2023-03-13,9665
3437,榮創,11,0,11,富邦-桃園,2023-03-13,9665
1721,三晃,11,0,11,富邦-桃園,2023-03-13,9665
00878,國泰永續高股息,336,21,315,富邦-桃園,2023-03-14,9665
2618,長榮航,271,8,263,富邦-桃園,2023-03-14,9665
1101,台泥,208,2,206,富邦-桃園,2023-03-14,9665
00713,元大台灣高息低波,129,0,129,富邦-桃園,2023-03-14,9665
00715L,期街口布蘭特正2,130,2,128,富邦-桃園,2023-03-14,9665
2610,華航,114,1,113,富邦-桃園,2023-03-14,9665
2368,金像電,105,0,105,富邦-桃園,2023-03-14,9665
2890,永豐金,91,0,91,富邦-桃園,2023-03-14,9665
8046,南電,89,6,83,富邦-桃園,2023-03-14,9665
2891,中信金,84,2,82,富邦-桃園,2023-03-14,9665
2882,國泰金,75,0,75,富邦-桃園,2023-03-14,9665
2889,國票金,71,4,67,富邦-桃園,2023-03-14,9665
00637L,元大滬深300正2,52,0,52,富邦-桃園,2023-03-14,9665
2327,國巨,52,0,52,富邦-桃園,2023-03-14,9665
00882,中信中國高股息,48,0,48,富邦-桃園,2023-03-14,9665
2615,萬海,55,9,46,富邦-桃園,2023-03-14,9665
00725B,國泰投資級公司債,45,0,45,富邦-桃園,2023-03-14,9665
2883,凱基金,45,0,45,富邦-桃園,2023-03-14,9665
2888,新光金,41,0,41,富邦-桃園,2023-03-14,9665
4167,松瑞藥,38,0,38,富邦-桃園,2023-03-14,9665
2609,陽明,111,75,36,富邦-桃園,2023-03-14,9665
2027,大成鋼,63,29,34,富邦-桃園,2023-03-14,9665
2344,華邦電,35,1,34,富邦-桃園,2023-03-14,9665
2884,玉山金,38,5,33,富邦-桃園,2023-03-14,9665
2515,中工,32,0,32,富邦-桃園,2023-03-14,9665
2887,台新金,33,3,30,富邦-桃園,2023-03-14,9665
00664R,國泰臺灣加權反1,30,0,30,富邦-桃園,2023-03-14,9665
2312,金寶,30,0,30,富邦-桃園,2023-03-14,9665
3481,群創,30,0,30,富邦-桃園,2023-03-14,9665
6770,力積電,31,4,27,富邦-桃園,2023-03-14,9665
2303,聯電,30,4,26,富邦-桃園,2023-03-14,9665
6282,康舒,40,16,24,富邦-桃園,2023-03-14,9665
2892,第一金,23,0,23,富邦-桃園,2023-03-14,9665
00902,中信電池及儲能,23,0,23,富邦-桃園,2023-03-14,9665
00712,復華富時不動產,28,5,23,富邦-桃園,2023-03-14,9665
00642U,期元大S＆P石油,20,0,20,富邦-桃園,2023-03-14,9665
00893,國泰智能電動車,20,0,20,富邦-桃園,2023-03-14,9665
1442,名軒,20,0,20,富邦-桃園,2023-03-14,9665
00881,國泰台灣5G+,19,0,19,富邦-桃園,2023-03-14,9665
2457,飛宏,147,128,19,富邦-桃園,2023-03-14,9665
1432,大魯閣,21,3,18,富邦-桃園,2023-03-14,9665
2409,友達,22,4,18,富邦-桃園,2023-03-14,9665
6147,頎邦,17,0,17,富邦-桃園,2023-03-14,9665
2033,佳大,17,0,17,富邦-桃園,2023-03-14,9665
3289,宜特,17,1,16,富邦-桃園,2023-03-14,9665
2885,元大金,16,0,16,富邦-桃園,2023-03-14,9665
00891,中信關鍵半導體,15,0,15,富邦-桃園,2023-03-14,9665
00676R,富邦臺灣加權反1,20,5,15,富邦-桃園,2023-03-14,9665
00923,群益台ESG低碳50,15,0,15,富邦-桃園,2023-03-14,9665
00885,富邦越南,15,0,15,富邦-桃園,2023-03-14,9665
2603,長榮,700,43,657,富邦-桃園,2023-03-15,9665
00715L,期街口布蘭特正2,249,2,247,富邦-桃園,2023-03-15,9665
00878,國泰永續高股息,241,12,229,富邦-桃園,2023-03-15,9665
2891,中信金,171,1,170,富邦-桃園,2023-03-15,9665
2368,金像電,161,11,150,富邦-桃園,2023-03-15,9665
00679B,元大美債20年,134,52,82,富邦-桃園,2023-03-15,9665
2888,新光金,81,0,81,富邦-桃園,2023-03-15,9665
3481,群創,83,2,81,富邦-桃園,2023-03-15,9665
2607,榮運,63,1,62,富邦-桃園,2023-03-15,9665
9945,潤泰新,58,3,55,富邦-桃園,2023-03-15,9665
2881,富邦金,45,6,39,富邦-桃園,2023-03-15,9665
8112,至上,44,6,38,富邦-桃園,2023-03-15,9665
2327,國巨,36,0,36,富邦-桃園,2023-03-15,9665
2882,國泰金,32,0,32,富邦-桃園,2023-03-15,9665
00712,復華富時不動產,30,0,30,富邦-桃園,2023-03-15,9665
3093,港建*,29,2,27,富邦-桃園,2023-03-15,9665
00642U,期元大S＆P石油,26,0,26,富邦-桃園,2023-03-15,9665
2009,第一銅,26,0,26,富邦-桃園,2023-03-15,9665
3090,日電貿,25,0,25,富邦-桃園,2023-03-15,9665
00713,元大台灣高息低波,27,2,25,富邦-桃園,2023-03-15,9665
00773B,中信優先金融債,23,0,23,富邦-桃園,2023-03-15,9665
4162,智擎,23,1,22,富邦-桃園,2023-03-15,9665
2809,京城銀,20,0,20,富邦-桃園,2023-03-15,9665
8996,高力,20,0,20,富邦-桃園,2023-03-15,9665
2312,金寶,24,5,19,富邦-桃園,2023-03-15,9665
2880,華南金,18,0,18,富邦-桃園,2023-03-15,9665
6116,彩晶,17,0,17,富邦-桃園,2023-03-15,9665
6235,華孚,34,18,16,富邦-桃園,2023-03-15,9665
5880,合庫金,16,0,16,富邦-桃園,2023-03-15,9665
2892,第一金,16,0,16,富邦-桃園,2023-03-15,9665
2890,永豐金,16,1,15,富邦-桃園,2023-03-15,9665
2885,元大金,16,1,15,富邦-桃園,2023-03-15,9665
2889,國票金,19,5,14,富邦-桃園,2023-03-15,9665
3058,立德,14,0,14,富邦-桃園,2023-03-15,9665
6126,信音,14,0,14,富邦-桃園,2023-03-15,9665
2610,華航,14,0,14,富邦-桃園,2023-03-15,9665
1444,力麗,13,0,13,富邦-桃園,2023-03-15,9665
6719,力智,13,0,13,富邦-桃園,2023-03-15,9665
2498,宏達電,15,3,12,富邦-桃園,2023-03-15,9665
2399,映泰,12,0,12,富邦-桃園,2023-03-15,9665
3217,優群,13,1,12,富邦-桃園,2023-03-15,9665
00896,中信綠能及電動車,12,0,12,富邦-桃園,2023-03-15,9665
1504,東元,41,30,11,富邦-桃園,2023-03-15,9665
3038,全台,14,3,11,富邦-桃園,2023-03-15,9665
2313,華通,12,1,11,富邦-桃園,2023-03-15,9665
1314,中石化,11,0,11,富邦-桃園,2023-03-15,9665
3209,全科,11,0,11,富邦-桃園,2023-03-15,9665
2886,兆豐金,10,0,10,富邦-桃園,2023-03-15,9665
2317,鴻海,11,1,10,富邦-桃園,2023-03-15,9665
2103,台橡,10,0,10,富邦-桃園,2023-03-15,9665
2603,長榮,261,23,238,富邦-桃園,2023-03-16,9665
2891,中信金,130,4,126,富邦-桃園,2023-03-16,9665
2882,國泰金,93,2,91,富邦-桃園,2023-03-16,9665
2867,三商壽,63,0,63,富邦-桃園,2023-03-16,9665
00715L,期街口布蘭特正2,279,216,63,富邦-桃園,2023-03-16,9665
00713,元大台灣高息低波,61,5,56,富邦-桃園,2023-03-16,9665
2885,元大金,53,0,53,富邦-桃園,2023-03-16,9665
2881,富邦金,69,23,46,富邦-桃園,2023-03-16,9665
2618,長榮航,44,0,44,富邦-桃園,2023-03-16,9665
9945,潤泰新,132,89,43,富邦-桃園,2023-03-16,9665
2890,永豐金,57,15,42,富邦-桃園,2023-03-16,9665
00772B,中信高評級公司債,40,1,39,富邦-桃園,2023-03-16,9665
00712,復華富時不動產,37,1,36,富邦-桃園,2023-03-16,9665
00642U,期元大S＆P石油,39,3,36,富邦-桃園,2023-03-16,9665
2615,萬海,36,4,32,富邦-桃園,2023-03-16,9665
0056,元大高股息,44,14,30,富邦-桃園,2023-03-16,9665
00751B,元大AAA至A公司債,29,0,29,富邦-桃園,2023-03-16,9665
3027,盛達,48,21,27,富邦-桃園,2023-03-16,9665
2888,新光金,33,7,26,富邦-桃園,2023-03-16,9665
8171,天宇,23,0,23,富邦-桃園,2023-03-16,9665
5880,合庫金,21,0,21,富邦-桃園,2023-03-16,9665
1108,幸福,21,1,20,富邦-桃園,2023-03-16,9665
00902,中信電池及儲能,18,0,18,富邦-桃園,2023-03-16,9665
1460,宏遠,18,0,18,富邦-桃園,2023-03-16,9665
2812,台中銀,18,2,16,富邦-桃園,2023-03-16,9665
6691,洋基工程,16,0,16,富邦-桃園,2023-03-16,9665
2880,華南金,16,0,16,富邦-桃園,2023-03-16,9665
6235,華孚,43,28,15,富邦-桃園,2023-03-16,9665
3522,御嵿,15,0,15,富邦-桃園,2023-03-16,9665
00923,群益台ESG低碳50,15,0,15,富邦-桃園,2023-03-16,9665
2614,東森,20,6,14,富邦-桃園,2023-03-16,9665
2376,技嘉,14,0,14,富邦-桃園,2023-03-16,9665
4306,炎洲,13,0,13,富邦-桃園,2023-03-16,9665
5512,力麒,13,0,13,富邦-桃園,2023-03-16,9665
6533,晶心科,18,5,13,富邦-桃園,2023-03-16,9665
5009,榮剛,17,5,12,富邦-桃園,2023-03-16,9665
2308,台達電,12,0,12,富邦-桃園,2023-03-16,9665
2317,鴻海,27,15,12,富邦-桃園,2023-03-16,9665
3038,全台,11,0,11,富邦-桃園,2023-03-16,9665
2344,華邦電,13,2,11,富邦-桃園,2023-03-16,9665
5452,佶優,14,3,11,富邦-桃園,2023-03-16,9665
9802,鈺齊-KY,11,0,11,富邦-桃園,2023-03-16,9665
6278,台表科,11,0,11,富邦-桃園,2023-03-16,9665
0050,元大台灣50,15,4,11,富邦-桃園,2023-03-16,9665
1409,新纖,10,0,10,富邦-桃園,2023-03-16,9665
3712,永崴投控,10,0,10,富邦-桃園,2023-03-16,9665
00891,中信關鍵半導體,13,3,10,富邦-桃園,2023-03-16,9665
2641,正德,13,3,10,富邦-桃園,2023-03-16,9665
4119,旭富,11,1,10,富邦-桃園,2023-03-16,9665
4581,光隆精密-KY,10,0,10,富邦-桃園,2023-03-16,9665
00637L,元大滬深300正2,240,1,239,富邦-桃園,2023-03-17,9665
2891,中信金,209,3,206,富邦-桃園,2023-03-17,9665
00632R,元大台灣50反1,179,0,179,富邦-桃園,2023-03-17,9665
00633L,富邦上証正2,180,40,140,富邦-桃園,2023-03-17,9665
2327,國巨,82,0,82,富邦-桃園,2023-03-17,9665
3481,群創,138,70,68,富邦-桃園,2023-03-17,9665
00679B,元大美債20年,89,50,39,富邦-桃園,2023-03-17,9665
2376,技嘉,39,0,39,富邦-桃園,2023-03-17,9665
00878,國泰永續高股息,146,113,33,富邦-桃園,2023-03-17,9665
9904,寶成,33,0,33,富邦-桃園,2023-03-17,9665
00713,元大台灣高息低波,36,3,33,富邦-桃園,2023-03-17,9665
9945,潤泰新,64,34,30,富邦-桃園,2023-03-17,9665
6161,捷波,30,0,30,富邦-桃園,2023-03-17,9665
2881,富邦金,39,10,29,富邦-桃園,2023-03-17,9665
2892,第一金,26,0,26,富邦-桃園,2023-03-17,9665
2338,光罩,65,39,26,富邦-桃園,2023-03-17,9665
5483,中美晶,23,1,22,富邦-桃園,2023-03-17,9665
2609,陽明,23,2,21,富邦-桃園,2023-03-17,9665
3454,晶睿,21,0,21,富邦-桃園,2023-03-17,9665
2610,華航,36,16,20,富邦-桃園,2023-03-17,9665
6290,良維,20,0,20,富邦-桃園,2023-03-17,9665
2885,元大金,19,0,19,富邦-桃園,2023-03-17,9665
00712,復華富時不動產,19,0,19,富邦-桃園,2023-03-17,9665
2402,毅嘉,25,7,18,富邦-桃園,2023-03-17,9665
00676R,富邦臺灣加權反1,16,0,16,富邦-桃園,2023-03-17,9665
00902,中信電池及儲能,16,0,16,富邦-桃園,2023-03-17,9665
6576,逸達,15,0,15,富邦-桃園,2023-03-17,9665
2408,南亞科,15,0,15,富邦-桃園,2023-03-17,9665
1611,中電,16,2,14,富邦-桃園,2023-03-17,9665
3289,宜特,15,1,14,富邦-桃園,2023-03-17,9665
2363,矽統,15,1,14,富邦-桃園,2023-03-17,9665
6163,華電網,15,2,13,富邦-桃園,2023-03-17,9665
8429,金麗-KY,13,0,13,富邦-桃園,2023-03-17,9665
00885,富邦越南,13,1,12,富邦-桃園,2023-03-17,9665
2886,兆豐金,13,1,12,富邦-桃園,2023-03-17,9665
4958,臻鼎-KY,13,1,12,富邦-桃園,2023-03-17,9665
2382,廣達,12,0,12,富邦-桃園,2023-03-17,9665
6129,普誠,12,0,12,富邦-桃園,2023-03-17,9665
6257,矽格,12,0,12,富邦-桃園,2023-03-17,9665
0056,元大高股息,13,2,11,富邦-桃園,2023-03-17,9665
3056,富華新,36,25,11,富邦-桃園,2023-03-17,9665
2888,新光金,13,2,11,富邦-桃園,2023-03-17,9665
2486,一詮,11,0,11,富邦-桃園,2023-03-17,9665
2211,長榮鋼,11,0,11,富邦-桃園,2023-03-17,9665
2014,中鴻,11,0,11,富邦-桃園,2023-03-17,9665
00753L,中信中國50正2,11,0,11,富邦-桃園,2023-03-17,9665
2603,長榮,17,6,11,富邦-桃園,2023-03-17,9665
4979,華星光,12,1,11,富邦-桃園,2023-03-17,9665
6116,彩晶,10,0,10,富邦-桃園,2023-03-17,9665
2465,麗臺,10,0,10,富邦-桃園,2023-03-17,9665
00637L,元大滬深300正2,227,0,227,富邦-桃園,2023-03-20,9665
00878,國泰永續高股息,171,50,121,富邦-桃園,2023-03-20,9665
00902,中信電池及儲能,92,0,92,富邦-桃園,2023-03-20,9665
2891,中信金,66,2,64,富邦-桃園,2023-03-20,9665
00632R,元大台灣50反1,66,4,62,富邦-桃園,2023-03-20,9665
2882,國泰金,57,1,56,富邦-桃園,2023-03-20,9665
2634,漢翔,52,0,52,富邦-桃園,2023-03-20,9665
4155,訊映,42,1,41,富邦-桃園,2023-03-20,9665
2845,遠東銀,40,0,40,富邦-桃園,2023-03-20,9665
00751B,元大AAA至A公司債,40,2,38,富邦-桃園,2023-03-20,9665
6219,富旺,37,2,35,富邦-桃園,2023-03-20,9665
2881,富邦金,34,0,34,富邦-桃園,2023-03-20,9665
1605,華新,65,35,30,富邦-桃園,2023-03-20,9665
9945,潤泰新,60,32,28,富邦-桃園,2023-03-20,9665
6443,元晶,84,59,25,富邦-桃園,2023-03-20,9665
00642U,期元大S＆P石油,24,0,24,富邦-桃園,2023-03-20,9665
5512,力麒,46,23,23,富邦-桃園,2023-03-20,9665
2481,強茂,28,7,21,富邦-桃園,2023-03-20,9665
1536,和大,20,0,20,富邦-桃園,2023-03-20,9665
00673R,期元大S＆P原油反1,41,21,20,富邦-桃園,2023-03-20,9665
2885,元大金,19,0,19,富邦-桃園,2023-03-20,9665
00885,富邦越南,18,0,18,富邦-桃園,2023-03-20,9665
6182,合晶,20,3,17,富邦-桃園,2023-03-20,9665
8996,高力,17,1,16,富邦-桃園,2023-03-20,9665
2884,玉山金,26,10,16,富邦-桃園,2023-03-20,9665
6163,華電網,15,2,13,富邦-桃園,2023-03-20,9665
00633L,富邦上証正2,13,0,13,富邦-桃園,2023-03-20,9665
5425,台半,15,2,13,富邦-桃園,2023-03-20,9665
00680L,元大美債20正2,13,0,13,富邦-桃園,2023-03-20,9665
00882,中信中國高股息,12,0,12,富邦-桃園,2023-03-20,9665
3481,群創,14,2,12,富邦-桃園,2023-03-20,9665
3038,全台,14,2,12,富邦-桃園,2023-03-20,9665
5880,合庫金,13,1,12,富邦-桃園,2023-03-20,9665
1101,台泥,12,0,12,富邦-桃園,2023-03-20,9665
5315,光聯,11,0,11,富邦-桃園,2023-03-20,9665
6865,偉康科技,12,1,11,富邦-桃園,2023-03-20,9665
3046,建��,51,40,11,富邦-桃園,2023-03-20,9665
00888,永豐台灣ESG,11,0,11,富邦-桃園,2023-03-20,9665
2880,華南金,11,1,10,富邦-桃園,2023-03-20,9665
00720B,元大投資級公司債,13,3,10,富邦-桃園,2023-03-20,9665
2103,台橡,10,0,10,富邦-桃園,2023-03-20,9665
2331,精英,10,0,10,富邦-桃園,2023-03-20,9665
8938,明安,11,1,10,富邦-桃園,2023-03-20,9665
00891,中信關鍵半導體,10,0,10,富邦-桃園,2023-03-20,9665
5529,鉅陞,10,0,10,富邦-桃園,2023-03-20,9665
5701,劍湖山,10,0,10,富邦-桃園,2023-03-20,9665
6024,群益期,10,0,10,富邦-桃園,2023-03-20,9665
3533,嘉澤,10,0,10,富邦-桃園,2023-03-20,9665
2603,長榮,11,1,10,富邦-桃園,2023-03-20,9665
00893,國泰智能電動車,11,2,9,富邦-桃園,2023-03-20,9665
2471,資通,261,84,177,富邦-桃園,2023-03-21,9665
00715L,期街口布蘭特正2,79,13,66,富邦-桃園,2023-03-21,9665
00878,國泰永續高股息,65,4,61,富邦-桃園,2023-03-21,9665
2453,凌群,103,46,57,富邦-桃園,2023-03-21,9665
2610,華航,58,4,54,富邦-桃園,2023-03-21,9665
00885,富邦越南,54,4,50,富邦-桃園,2023-03-21,9665
2915,潤泰全,44,0,44,富邦-桃園,2023-03-21,9665
00632R,元大台灣50反1,65,21,44,富邦-桃園,2023-03-21,9665
3046,建��,60,22,38,富邦-桃園,2023-03-21,9665
9907,統一實,39,2,37,富邦-桃園,2023-03-21,9665
6533,晶心科,34,1,33,富邦-桃園,2023-03-21,9665
3594,磐儀,35,7,28,富邦-桃園,2023-03-21,9665
6189,豐藝,24,0,24,富邦-桃園,2023-03-21,9665
2884,玉山金,23,0,23,富邦-桃園,2023-03-21,9665
00669R,國泰美國道瓊反1,20,0,20,富邦-桃園,2023-03-21,9665
00751B,元大AAA至A公司債,20,0,20,富邦-桃園,2023-03-21,9665
4960,誠美材,20,1,19,富邦-桃園,2023-03-21,9665
3272,東碩,17,1,16,富邦-桃園,2023-03-21,9665
1785,光洋科,16,0,16,富邦-桃園,2023-03-21,9665
6770,力積電,20,5,15,富邦-桃園,2023-03-21,9665
2609,陽明,16,1,15,富邦-桃園,2023-03-21,9665
2707,晶華,16,1,15,富邦-桃園,2023-03-21,9665
00650L,復華香港正2,15,0,15,富邦-桃園,2023-03-21,9665
4543,萬在,17,2,15,富邦-桃園,2023-03-21,9665
00720B,元大投資級公司債,14,0,14,富邦-桃園,2023-03-21,9665
00679B,元大美債20年,15,1,14,富邦-桃園,2023-03-21,9665
6191,精成科,22,9,13,富邦-桃園,2023-03-21,9665
00717,富邦美國特別股,13,0,13,富邦-桃園,2023-03-21,9665
4770,上品,13,0,13,富邦-桃園,2023-03-21,9665
1611,中電,32,19,13,富邦-桃園,2023-03-21,9665
00712,復華富時不動產,12,0,12,富邦-桃園,2023-03-21,9665
2102,泰豐,12,0,12,富邦-桃園,2023-03-21,9665
3419,譁裕,12,0,12,富邦-桃園,2023-03-21,9665
6691,洋基工程,13,1,12,富邦-桃園,2023-03-21,9665
2891,中信金,109,98,11,富邦-桃園,2023-03-21,9665
00634R,富邦上証反1,11,0,11,富邦-桃園,2023-03-21,9665
00665L,富邦�琤肭磪囓�2,11,0,11,富邦-桃園,2023-03-21,9665
6244,茂迪,44,33,11,富邦-桃園,2023-03-21,9665
2601,益航,10,0,10,富邦-桃園,2023-03-21,9665
4526,東台,10,0,10,富邦-桃園,2023-03-21,9665
00670L,富邦NASDAQ正2,10,0,10,富邦-桃園,2023-03-21,9665
6161,捷波,10,0,10,富邦-桃園,2023-03-21,9665
00674R,期元大S＆P黃金反1,10,0,10,富邦-桃園,2023-03-21,9665
2882,國泰金,12,2,10,富邦-桃園,2023-03-21,9665
2634,漢翔,10,1,9,富邦-桃園,2023-03-21,9665
3712,永崴投控,9,0,9,富邦-桃園,2023-03-21,9665
8996,高力,11,2,9,富邦-桃園,2023-03-21,9665
1609,大亞,11,2,9,富邦-桃園,2023-03-21,9665
3545,敦泰,17,9,8,富邦-桃園,2023-03-21,9665
2331,精英,10,2,8,富邦-桃園,2023-03-21,9665
00885,富邦越南,126,4,122,富邦-桃園,2023-03-22,9665
00676R,富邦臺灣加權反1,120,0,120,富邦-桃園,2023-03-22,9665
3013,晟銘電,109,18,91,富邦-桃園,2023-03-22,9665
00878,國泰永續高股息,100,16,84,富邦-桃園,2023-03-22,9665
00679B,元大美債20年,83,0,83,富邦-桃園,2023-03-22,9665
00773B,中信優先金融債,56,0,56,富邦-桃園,2023-03-22,9665
2409,友達,52,0,52,富邦-桃園,2023-03-22,9665
00637L,元大滬深300正2,75,28,47,富邦-桃園,2023-03-22,9665
00772B,中信高評級公司債,41,0,41,富邦-桃園,2023-03-22,9665
3481,群創,42,12,30,富邦-桃園,2023-03-22,9665
00795B,中信美國公債20年,30,0,30,富邦-桃園,2023-03-22,9665
2834,臺企銀,30,1,29,富邦-桃園,2023-03-22,9665
6203,海韻電,26,0,26,富邦-桃園,2023-03-22,9665
6290,良維,28,4,24,富邦-桃園,2023-03-22,9665
00888,永豐台灣ESG,22,0,22,富邦-桃園,2023-03-22,9665
3038,全台,47,27,20,富邦-桃園,2023-03-22,9665
3689,湧德,22,3,19,富邦-桃園,2023-03-22,9665
3545,敦泰,21,3,18,富邦-桃園,2023-03-22,9665
2891,中信金,18,1,17,富邦-桃園,2023-03-22,9665
00631L,元大台灣50正2,18,1,17,富邦-桃園,2023-03-22,9665
2014,中鴻,18,1,17,富邦-桃園,2023-03-22,9665
8213,志超,17,0,17,富邦-桃園,2023-03-22,9665
6235,華孚,21,6,15,富邦-桃園,2023-03-22,9665
8996,高力,15,1,14,富邦-桃園,2023-03-22,9665
5272,笙科,15,1,14,富邦-桃園,2023-03-22,9665
2427,三商電,16,2,14,富邦-桃園,2023-03-22,9665
8069,元太,19,5,14,富邦-桃園,2023-03-22,9665
6288,聯嘉,17,4,13,富邦-桃園,2023-03-22,9665
9907,統一實,13,0,13,富邦-桃園,2023-03-22,9665
1513,中興電,16,4,12,富邦-桃園,2023-03-22,9665
6122,擎邦,14,3,11,富邦-桃園,2023-03-22,9665
8121,越峰,11,0,11,富邦-桃園,2023-03-22,9665
2884,玉山金,13,2,11,富邦-桃園,2023-03-22,9665
5880,合庫金,11,0,11,富邦-桃園,2023-03-22,9665
2301,光寶科,10,0,10,富邦-桃園,2023-03-22,9665
2601,益航,10,0,10,富邦-桃園,2023-03-22,9665
1316,上曜,10,0,10,富邦-桃園,2023-03-22,9665
6533,晶心科,21,11,10,富邦-桃園,2023-03-22,9665
6531,愛普*,22,12,10,富邦-桃園,2023-03-22,9665
6443,元晶,20,10,10,富邦-桃園,2023-03-22,9665
00680L,元大美債20正2,10,0,10,富邦-桃園,2023-03-22,9665
5328,華容,10,1,9,富邦-桃園,2023-03-22,9665
2204,中華,14,5,9,富邦-桃園,2023-03-22,9665
00664R,國泰臺灣加權反1,9,0,9,富邦-桃園,2023-03-22,9665
4114,健喬,11,2,9,富邦-桃園,2023-03-22,9665
8436,大江,10,1,9,富邦-桃園,2023-03-22,9665
1504,東元,100,92,8,富邦-桃園,2023-03-22,9665
6116,彩晶,8,0,8,富邦-桃園,2023-03-22,9665
5351,鈺創,9,1,8,富邦-桃園,2023-03-22,9665
2374,佳能,8,0,8,富邦-桃園,2023-03-22,9665
00885,富邦越南,125,0,125,富邦-桃園,2023-03-23,9665
2880,華南金,92,1,91,富邦-桃園,2023-03-23,9665
1104,環泥,90,0,90,富邦-桃園,2023-03-23,9665
4127,天良,62,0,62,富邦-桃園,2023-03-23,9665
00715L,期街口布蘭特正2,85,25,60,富邦-桃園,2023-03-23,9665
3481,群創,99,44,55,富邦-桃園,2023-03-23,9665
1524,耿鼎,37,2,35,富邦-桃園,2023-03-23,9665
2409,友達,54,20,34,富邦-桃園,2023-03-23,9665
00751B,元大AAA至A公司債,33,1,32,富邦-桃園,2023-03-23,9665
3479,安勤,30,1,29,富邦-桃園,2023-03-23,9665
00664R,國泰臺灣加權反1,26,0,26,富邦-桃園,2023-03-23,9665
2344,華邦電,30,5,25,富邦-桃園,2023-03-23,9665
00902,中信電池及儲能,30,6,24,富邦-桃園,2023-03-23,9665
00679B,元大美債20年,74,52,22,富邦-桃園,2023-03-23,9665
2303,聯電,30,10,20,富邦-桃園,2023-03-23,9665
3033,威健,20,0,20,富邦-桃園,2023-03-23,9665
3046,建��,22,2,20,富邦-桃園,2023-03-23,9665
2882A,國泰特,19,0,19,富邦-桃園,2023-03-23,9665
2881,富邦金,24,5,19,富邦-桃園,2023-03-23,9665
3289,宜特,20,1,19,富邦-桃園,2023-03-23,9665
1722,台肥,20,1,19,富邦-桃園,2023-03-23,9665
00712,復華富時不動產,20,1,19,富邦-桃園,2023-03-23,9665
2618,長榮航,26,7,19,富邦-桃園,2023-03-23,9665
2615,萬海,21,3,18,富邦-桃園,2023-03-23,9665
4155,訊映,19,2,17,富邦-桃園,2023-03-23,9665
00919,群益台灣精選高息,15,0,15,富邦-桃園,2023-03-23,9665
6235,華孚,41,27,14,富邦-桃園,2023-03-23,9665
1419,新紡,13,0,13,富邦-桃園,2023-03-23,9665
2610,華航,45,33,12,富邦-桃園,2023-03-23,9665
2888,新光金,12,0,12,富邦-桃園,2023-03-23,9665
3710,連展投控,16,4,12,富邦-桃園,2023-03-23,9665
4157,太景*-KY,12,1,11,富邦-桃園,2023-03-23,9665
6282,康舒,15,4,11,富邦-桃園,2023-03-23,9665
00631L,元大台灣50正2,11,0,11,富邦-桃園,2023-03-23,9665
2010,春源,10,0,10,富邦-桃園,2023-03-23,9665
1529,樂事綠能,12,2,10,富邦-桃園,2023-03-23,9665
6231,系微,13,3,10,富邦-桃園,2023-03-23,9665
2486,一詮,15,5,10,富邦-桃園,2023-03-23,9665
8936,國統,11,1,10,富邦-桃園,2023-03-23,9665
2812,台中銀,10,1,9,富邦-桃園,2023-03-23,9665
2606,裕民,9,0,9,富邦-桃園,2023-03-23,9665
2882,國泰金,9,0,9,富邦-桃園,2023-03-23,9665
3432,台端,10,1,9,富邦-桃園,2023-03-23,9665
3059,華晶科,9,0,9,富邦-桃園,2023-03-23,9665
6290,良維,12,3,9,富邦-桃園,2023-03-23,9665
3062,建漢,12,3,9,富邦-桃園,2023-03-23,9665
5425,台半,17,8,9,富邦-桃園,2023-03-23,9665
2356,英業達,14,5,9,富邦-桃園,2023-03-23,9665
3491,昇達科,14,5,9,富邦-桃園,2023-03-23,9665
8931,大汽電,12,3,9,富邦-桃園,2023-03-23,9665
2356,英業達,163,0,163,富邦-桃園,2023-03-24,9665
2340,台亞,100,5,95,富邦-桃園,2023-03-24,9665
00882,中信中國高股息,101,7,94,富邦-桃園,2023-03-24,9665
00900,富邦特選高股息30,105,13,92,富邦-桃園,2023-03-24,9665
00637L,元大滬深300正2,82,0,82,富邦-桃園,2023-03-24,9665
2539,櫻花建,55,1,54,富邦-桃園,2023-03-24,9665
2332,友訊,54,9,45,富邦-桃園,2023-03-24,9665
3290,東浦,45,0,45,富邦-桃園,2023-03-24,9665
2880,華南金,39,0,39,富邦-桃園,2023-03-24,9665
3213,茂訊,35,0,35,富邦-桃園,2023-03-24,9665
2891,中信金,38,5,33,富邦-桃園,2023-03-24,9665
1591,駿吉-KY,30,0,30,富邦-桃園,2023-03-24,9665
3362,先進光,32,5,27,富邦-桃園,2023-03-24,9665
3491,昇達科,26,0,26,富邦-桃園,2023-03-24,9665
2834,臺企銀,25,0,25,富邦-桃園,2023-03-24,9665
1605,華新,74,49,25,富邦-桃園,2023-03-24,9665
1609,大亞,44,20,24,富邦-桃園,2023-03-24,9665
2303,聯電,27,6,21,富邦-桃園,2023-03-24,9665
3289,宜特,21,1,20,富邦-桃園,2023-03-24,9665
1402,遠東新,18,0,18,富邦-桃園,2023-03-24,9665
6235,華孚,31,14,17,富邦-桃園,2023-03-24,9665
6109,亞元,18,2,16,富邦-桃園,2023-03-24,9665
3189,景碩,19,4,15,富邦-桃園,2023-03-24,9665
2889,國票金,15,0,15,富邦-桃園,2023-03-24,9665
3038,全台,15,0,15,富邦-桃園,2023-03-24,9665
3093,港建*,16,1,15,富邦-桃園,2023-03-24,9665
00751B,元大AAA至A公司債,15,0,15,富邦-桃園,2023-03-24,9665
2317,鴻海,42,28,14,富邦-桃園,2023-03-24,9665
4550,長佳,14,0,14,富邦-桃園,2023-03-24,9665
00679B,元大美債20年,69,56,13,富邦-桃園,2023-03-24,9665
2609,陽明,15,2,13,富邦-桃園,2023-03-24,9665
6576,逸達,14,1,13,富邦-桃園,2023-03-24,9665
1220,台榮,12,0,12,富邦-桃園,2023-03-24,9665
1569,濱川,12,0,12,富邦-桃園,2023-03-24,9665
4934,太極,15,3,12,富邦-桃園,2023-03-24,9665
3441,聯一光,17,5,12,富邦-桃園,2023-03-24,9665
4958,臻鼎-KY,11,0,11,富邦-桃園,2023-03-24,9665
1434,福懋,12,1,11,富邦-桃園,2023-03-24,9665
2616,山隆,10,0,10,富邦-桃園,2023-03-24,9665
1513,中興電,10,0,10,富邦-桃園,2023-03-24,9665
9907,統一實,10,0,10,富邦-桃園,2023-03-24,9665
2471,資通,10,0,10,富邦-桃園,2023-03-24,9665
1460,宏遠,10,0,10,富邦-桃園,2023-03-24,9665
6203,海韻電,10,0,10,富邦-桃園,2023-03-24,9665
3346,麗清,12,2,10,富邦-桃園,2023-03-24,9665
3434,哲固,10,0,10,富邦-桃園,2023-03-24,9665
3013,晟銘電,15,5,10,富邦-桃園,2023-03-24,9665
6516,勤崴國際,10,0,10,富邦-桃園,2023-03-24,9665
2492,華新科,10,0,10,富邦-桃園,2023-03-24,9665
4123,晟德,10,0,10,富邦-桃園,2023-03-24,9665
00882,中信中國高股息,294,120,174,富邦-桃園,2023-03-27,9665
2368,金像電,155,20,135,富邦-桃園,2023-03-27,9665
2317,鴻海,123,8,115,富邦-桃園,2023-03-27,9665
4906,正文,102,1,101,富邦-桃園,2023-03-27,9665
2867,三商壽,60,0,60,富邦-桃園,2023-03-27,9665
1504,東元,183,129,54,富邦-桃園,2023-03-27,9665
00715L,期街口布蘭特正2,54,1,53,富邦-桃園,2023-03-27,9665
2845,遠東銀,60,7,53,富邦-桃園,2023-03-27,9665
00773B,中信優先金融債,33,0,33,富邦-桃園,2023-03-27,9665
3231,緯創,111,79,32,富邦-桃園,2023-03-27,9665
1104,環泥,32,0,32,富邦-桃園,2023-03-27,9665
2345,智邦,31,0,31,富邦-桃園,2023-03-27,9665
3033,威健,30,2,28,富邦-桃園,2023-03-27,9665
1609,大亞,75,49,26,富邦-桃園,2023-03-27,9665
00720B,元大投資級公司債,25,0,25,富邦-桃園,2023-03-27,9665
1312,國喬,25,0,25,富邦-桃園,2023-03-27,9665
2812,台中銀,27,4,23,富邦-桃園,2023-03-27,9665
3093,港建*,23,0,23,富邦-桃園,2023-03-27,9665
00726B,國泰新興投等債,23,0,23,富邦-桃園,2023-03-27,9665
3481,群創,26,5,21,富邦-桃園,2023-03-27,9665
2530,華建,20,0,20,富邦-桃園,2023-03-27,9665
4916,事欣科,25,5,20,富邦-桃園,2023-03-27,9665
1605,華新,51,32,19,富邦-桃園,2023-03-27,9665
3046,建��,30,11,19,富邦-桃園,2023-03-27,9665
6244,茂迪,45,26,19,富邦-桃園,2023-03-27,9665
3017,奇鋐,53,35,18,富邦-桃園,2023-03-27,9665
2890,永豐金,19,2,17,富邦-桃園,2023-03-27,9665
2495,普安,17,0,17,富邦-桃園,2023-03-27,9665
00885,富邦越南,15,0,15,富邦-桃園,2023-03-27,9665
3625,西勝,15,0,15,富邦-桃園,2023-03-27,9665
2615,萬海,15,0,15,富邦-桃園,2023-03-27,9665
3680,家登,25,10,15,富邦-桃園,2023-03-27,9665
00888,永豐台灣ESG,14,0,14,富邦-桃園,2023-03-27,9665
1220,台榮,14,0,14,富邦-桃園,2023-03-27,9665
1519,華城,23,9,14,富邦-桃園,2023-03-27,9665
2891,中信金,15,1,14,富邦-桃園,2023-03-27,9665
00772B,中信高評級公司債,16,2,14,富邦-桃園,2023-03-27,9665
2303,聯電,58,45,13,富邦-桃園,2023-03-27,9665
3552,同致,12,0,12,富邦-桃園,2023-03-27,9665
1217,愛之味,13,1,12,富邦-桃園,2023-03-27,9665
2453,凌群,42,30,12,富邦-桃園,2023-03-27,9665
6282,康舒,27,15,12,富邦-桃園,2023-03-27,9665
2618,長榮航,13,2,11,富邦-桃園,2023-03-27,9665
2332,友訊,15,4,11,富邦-桃園,2023-03-27,9665
6770,力積電,10,0,10,富邦-桃園,2023-03-27,9665
2013,中鋼構,10,0,10,富邦-桃園,2023-03-27,9665
1905,華紙,10,0,10,富邦-桃園,2023-03-27,9665
6226,光鼎,12,2,10,富邦-桃園,2023-03-27,9665
00633L,富邦上証正2,10,0,10,富邦-桃園,2023-03-27,9665
1102,亞泥,10,0,10,富邦-桃園,2023-03-27,9665
2481,強茂,858,8,850,富邦-桃園,2023-03-28,9665
00679B,元大美債20年,115,0,115,富邦-桃園,2023-03-28,9665
00878,國泰永續高股息,91,19,72,富邦-桃園,2023-03-28,9665
00900,富邦特選高股息30,58,0,58,富邦-桃園,2023-03-28,9665
6533,晶心科,46,4,42,富邦-桃園,2023-03-28,9665
00922,國泰台灣領袖50,47,10,37,富邦-桃園,2023-03-28,9665
1504,東元,71,34,37,富邦-桃園,2023-03-28,9665
4744,皇將,34,2,32,富邦-桃園,2023-03-28,9665
1104,環泥,30,0,30,富邦-桃園,2023-03-28,9665
3035,智原,57,31,26,富邦-桃園,2023-03-28,9665
6161,捷波,26,0,26,富邦-桃園,2023-03-28,9665
3362,先進光,44,18,26,富邦-桃園,2023-03-28,9665
00720B,元大投資級公司債,25,0,25,富邦-桃園,2023-03-28,9665
00751B,元大AAA至A公司債,25,0,25,富邦-桃園,2023-03-28,9665
00904,新光臺灣半導體30,22,0,22,富邦-桃園,2023-03-28,9665
00882,中信中國高股息,22,0,22,富邦-桃園,2023-03-28,9665
2388,威盛,25,4,21,富邦-桃園,2023-03-28,9665
5443,均豪,21,0,21,富邦-桃園,2023-03-28,9665
5521,工信,20,0,20,富邦-桃園,2023-03-28,9665
2303,聯電,24,5,19,富邦-桃園,2023-03-28,9665
2409,友達,19,0,19,富邦-桃園,2023-03-28,9665
3289,宜特,19,0,19,富邦-桃園,2023-03-28,9665
1569,濱川,18,0,18,富邦-桃園,2023-03-28,9665
2482,連宇,20,2,18,富邦-桃園,2023-03-28,9665
3093,港建*,20,3,17,富邦-桃園,2023-03-28,9665
2382,廣達,17,0,17,富邦-桃園,2023-03-28,9665
1101,台泥,20,3,17,富邦-桃園,2023-03-28,9665
00772B,中信高評級公司債,26,10,16,富邦-桃園,2023-03-28,9665
1591,駿吉-KY,16,0,16,富邦-桃園,2023-03-28,9665
8033,雷虎,15,0,15,富邦-桃園,2023-03-28,9665
2359,所羅門,15,1,14,富邦-桃園,2023-03-28,9665
3046,建��,13,0,13,富邦-桃園,2023-03-28,9665
2337,旺宏,12,0,12,富邦-桃園,2023-03-28,9665
3624,光頡,65,53,12,富邦-桃園,2023-03-28,9665
2884,玉山金,16,5,11,富邦-桃園,2023-03-28,9665
2890,永豐金,21,10,11,富邦-桃園,2023-03-28,9665
2615,萬海,12,1,11,富邦-桃園,2023-03-28,9665
2206,三陽工業,14,3,11,富邦-桃園,2023-03-28,9665
6245,立端,13,2,11,富邦-桃園,2023-03-28,9665
4147,中裕,27,16,11,富邦-桃園,2023-03-28,9665
6116,彩晶,11,0,11,富邦-桃園,2023-03-28,9665
3664,安瑞-KY,11,0,11,富邦-桃園,2023-03-28,9665
3037,欣興,28,17,11,富邦-桃園,2023-03-28,9665
3481,群創,11,0,11,富邦-桃園,2023-03-28,9665
2723,美食-KY,12,2,10,富邦-桃園,2023-03-28,9665
2530,華建,10,0,10,富邦-桃園,2023-03-28,9665
00795B,中信美國公債20年,10,0,10,富邦-桃園,2023-03-28,9665
2707,晶華,10,0,10,富邦-桃園,2023-03-28,9665
6233,旺玖,10,0,10,富邦-桃園,2023-03-28,9665
1220,台榮,9,0,9,富邦-桃園,2023-03-28,9665
2354,鴻準,301,9,292,富邦-桃園,2023-03-29,9665
8086,宏捷科,216,12,204,富邦-桃園,2023-03-29,9665
3025,星通,105,5,100,富邦-桃園,2023-03-29,9665
00632R,元大台灣50反1,73,0,73,富邦-桃園,2023-03-29,9665
00680L,元大美債20正2,50,0,50,富邦-桃園,2023-03-29,9665
1104,環泥,50,0,50,富邦-桃園,2023-03-29,9665
3706,神達,49,2,47,富邦-桃園,2023-03-29,9665
00633L,富邦上証正2,50,5,45,富邦-桃園,2023-03-29,9665
3093,港建*,50,5,45,富邦-桃園,2023-03-29,9665
2312,金寶,41,0,41,富邦-桃園,2023-03-29,9665
6288,聯嘉,46,9,37,富邦-桃園,2023-03-29,9665
00878,國泰永續高股息,146,114,32,富邦-桃園,2023-03-29,9665
3213,茂訊,32,0,32,富邦-桃園,2023-03-29,9665
00679B,元大美債20年,31,0,31,富邦-桃園,2023-03-29,9665
00673R,期元大S＆P原油反1,27,0,27,富邦-桃園,2023-03-29,9665
2851,中再保,21,0,21,富邦-桃園,2023-03-29,9665
6770,力積電,20,0,20,富邦-桃園,2023-03-29,9665
2883B,凱基金乙特,20,0,20,富邦-桃園,2023-03-29,9665
3441,聯一光,20,0,20,富邦-桃園,2023-03-29,9665
2812,台中銀,20,0,20,富邦-桃園,2023-03-29,9665
6235,華孚,50,33,17,富邦-桃園,2023-03-29,9665
2331,精英,16,0,16,富邦-桃園,2023-03-29,9665
3715,定穎投控,88,73,15,富邦-桃園,2023-03-29,9665
4114,健喬,16,2,14,富邦-桃園,2023-03-29,9665
3005,神基,18,5,13,富邦-桃園,2023-03-29,9665
3558,神準,15,2,13,富邦-桃園,2023-03-29,9665
2867,三商壽,13,0,13,富邦-桃園,2023-03-29,9665
2455,全新,41,28,13,富邦-桃園,2023-03-29,9665
00713,元大台灣高息低波,18,5,13,富邦-桃園,2023-03-29,9665
2615,萬海,15,3,12,富邦-桃園,2023-03-29,9665
6122,擎邦,45,33,12,富邦-桃園,2023-03-29,9665
3035,智原,22,11,11,富邦-桃園,2023-03-29,9665
1609,大亞,28,17,11,富邦-桃園,2023-03-29,9665
2359,所羅門,12,1,11,富邦-桃園,2023-03-29,9665
00687B,國泰20年美債,11,0,11,富邦-桃園,2023-03-29,9665
3047,訊舟,11,0,11,富邦-桃園,2023-03-29,9665
4551,智伸科,10,0,10,富邦-桃園,2023-03-29,9665
8931,大汽電,12,2,10,富邦-桃園,2023-03-29,9665
1591,駿吉-KY,10,0,10,富邦-桃園,2023-03-29,9665
3705,永信,10,0,10,富邦-桃園,2023-03-29,9665
3702,大聯大,11,1,10,富邦-桃園,2023-03-29,9665
00712,復華富時不動產,9,0,9,富邦-桃園,2023-03-29,9665
9945,潤泰新,18,9,9,富邦-桃園,2023-03-29,9665
00720B,元大投資級公司債,8,0,8,富邦-桃園,2023-03-29,9665
6274,台燿,8,0,8,富邦-桃園,2023-03-29,9665
4979,華星光,22,14,8,富邦-桃園,2023-03-29,9665
2371,大同,22,14,8,富邦-桃園,2023-03-29,9665
2535,達欣工,8,0,8,富邦-桃園,2023-03-29,9665
5450,南良,10,2,8,富邦-桃園,2023-03-29,9665
3432,台端,10,2,8,富邦-桃園,2023-03-29,9665
00632R,元大台灣50反1,284,3,281,富邦-桃園,2023-03-30,9665
4967,十銓,151,51,100,富邦-桃園,2023-03-30,9665
2889,國票金,51,0,51,富邦-桃園,2023-03-30,9665
00673R,期元大S＆P原油反1,50,0,50,富邦-桃園,2023-03-30,9665
8415,大國鋼,40,0,40,富邦-桃園,2023-03-30,9665
2610,華航,37,1,36,富邦-桃園,2023-03-30,9665
2420,新巨,33,0,33,富邦-桃園,2023-03-30,9665
8112,至上,33,0,33,富邦-桃園,2023-03-30,9665
2609,陽明,33,1,32,富邦-桃園,2023-03-30,9665
3093,港建*,31,1,30,富邦-桃園,2023-03-30,9665
00679B,元大美債20年,30,0,30,富邦-桃園,2023-03-30,9665
8050,廣積,41,19,22,富邦-桃園,2023-03-30,9665
1784,訊聯,22,0,22,富邦-桃園,2023-03-30,9665
4931,新盛力,22,1,21,富邦-桃園,2023-03-30,9665
2867,三商壽,17,0,17,富邦-桃園,2023-03-30,9665
1529,樂事綠能,20,3,17,富邦-桃園,2023-03-30,9665
3035,智原,32,17,15,富邦-桃園,2023-03-30,9665
00680L,元大美債20正2,12,0,12,富邦-桃園,2023-03-30,9665
2890,永豐金,13,1,12,富邦-桃園,2023-03-30,9665
4119,旭富,16,4,12,富邦-桃園,2023-03-30,9665
3025,星通,12,0,12,富邦-桃園,2023-03-30,9665
2342,茂矽,15,3,12,富邦-桃園,2023-03-30,9665
2402,毅嘉,12,0,12,富邦-桃園,2023-03-30,9665
2211,長榮鋼,11,0,11,富邦-桃園,2023-03-30,9665
6257,矽格,10,0,10,富邦-桃園,2023-03-30,9665
5469,瀚宇博,10,0,10,富邦-桃園,2023-03-30,9665
6239,力成,10,0,10,富邦-桃園,2023-03-30,9665
2478,大毅,9,0,9,富邦-桃園,2023-03-30,9665
4976,佳凌,9,0,9,富邦-桃園,2023-03-30,9665
00712,復華富時不動產,9,0,9,富邦-桃園,2023-03-30,9665
4979,華星光,96,87,9,富邦-桃園,2023-03-30,9665
6233,旺玖,19,11,8,富邦-桃園,2023-03-30,9665
4432,銘旺實,8,0,8,富邦-桃園,2023-03-30,9665
3006,晶豪科,17,9,8,富邦-桃園,2023-03-30,9665
00751B,元大AAA至A公司債,9,1,8,富邦-桃園,2023-03-30,9665
2891,中信金,11,3,8,富邦-桃園,2023-03-30,9665
2401,凌陽,10,2,8,富邦-桃園,2023-03-30,9665
5425,台半,8,0,8,富邦-桃園,2023-03-30,9665
2317,鴻海,9,2,7,富邦-桃園,2023-03-30,9665
1762,中化生,7,0,7,富邦-桃園,2023-03-30,9665
9958,世紀鋼,7,0,7,富邦-桃園,2023-03-30,9665
6128,上福,6,0,6,富邦-桃園,2023-03-30,9665
4973,廣穎,6,0,6,富邦-桃園,2023-03-30,9665
2425,承啟,5,0,5,富邦-桃園,2023-03-30,9665
2101,南港,5,0,5,富邦-桃園,2023-03-30,9665
3312,弘憶股,5,0,5,富邦-桃園,2023-03-30,9665
3447,展達,5,0,5,富邦-桃園,2023-03-30,9665
1904,正隆,5,0,5,富邦-桃園,2023-03-30,9665
2618,長榮航,8,3,5,富邦-桃園,2023-03-30,9665
3169,亞信,5,0,5,富邦-桃園,2023-03-30,9665
00632R,元大台灣50反1,139,4,135,富邦-桃園,2023-03-31,9665
00633L,富邦上証正2,100,13,87,富邦-桃園,2023-03-31,9665
2609,陽明,65,13,52,富邦-桃園,2023-03-31,9665
0056,元大高股息,58,20,38,富邦-桃園,2023-03-31,9665
6416,瑞祺電通,33,0,33,富邦-桃園,2023-03-31,9665
5434,崇越,30,0,30,富邦-桃園,2023-03-31,9665
00885,富邦越南,79,51,28,富邦-桃園,2023-03-31,9665
9907,統一實,30,2,28,富邦-桃園,2023-03-31,9665
00895,富邦未來車,31,6,25,富邦-桃園,2023-03-31,9665
00664R,國泰臺灣加權反1,25,0,25,富邦-桃園,2023-03-31,9665
2402,毅嘉,26,1,25,富邦-桃園,2023-03-31,9665
2886,兆豐金,25,1,24,富邦-桃園,2023-03-31,9665
2889,國票金,22,0,22,富邦-桃園,2023-03-31,9665
9945,潤泰新,26,4,22,富邦-桃園,2023-03-31,9665
00687B,國泰20年美債,21,0,21,富邦-桃園,2023-03-31,9665
2201,裕隆,23,2,21,富邦-桃園,2023-03-31,9665
2890,永豐金,37,18,19,富邦-桃園,2023-03-31,9665
2867,三商壽,19,0,19,富邦-桃園,2023-03-31,9665
3033,威健,18,0,18,富邦-桃園,2023-03-31,9665
00878,國泰永續高股息,80,62,18,富邦-桃園,2023-03-31,9665
6182,合晶,23,7,16,富邦-桃園,2023-03-31,9665
2481,強茂,17,1,16,富邦-桃園,2023-03-31,9665
7402,邑錡,21,5,16,富邦-桃園,2023-03-31,9665
2618,長榮航,15,0,15,富邦-桃園,2023-03-31,9665
5512,力麒,15,0,15,富邦-桃園,2023-03-31,9665
2419,仲琦,15,0,15,富邦-桃園,2023-03-31,9665
00679B,元大美債20年,21,7,14,富邦-桃園,2023-03-31,9665
8046,南電,16,3,13,富邦-桃園,2023-03-31,9665
5309,系統電,55,42,13,富邦-桃園,2023-03-31,9665
6288,聯嘉,19,7,12,富邦-桃園,2023-03-31,9665
00669R,國泰美國道瓊反1,11,0,11,富邦-桃園,2023-03-31,9665
2359,所羅門,12,1,11,富邦-桃園,2023-03-31,9665
2009,第一銅,10,0,10,富邦-桃園,2023-03-31,9665
6167,久正,10,0,10,富邦-桃園,2023-03-31,9665
00751B,元大AAA至A公司債,20,10,10,富邦-桃園,2023-03-31,9665
2883B,凱基金乙特,10,0,10,富邦-桃園,2023-03-31,9665
6109,亞元,10,0,10,富邦-桃園,2023-03-31,9665
00712,復華富時不動產,10,0,10,富邦-桃園,2023-03-31,9665
6282,康舒,9,0,9,富邦-桃園,2023-03-31,9665
00673R,期元大S＆P原油反1,29,20,9,富邦-桃園,2023-03-31,9665
3027,盛達,9,0,9,富邦-桃園,2023-03-31,9665
2882,國泰金,10,1,9,富邦-桃園,2023-03-31,9665
2482,連宇,26,18,8,富邦-桃園,2023-03-31,9665
1513,中興電,8,0,8,富邦-桃園,2023-03-31,9665
3221,台嘉碩,8,0,8,富邦-桃園,2023-03-31,9665
6133,金橋,22,14,8,富邦-桃園,2023-03-31,9665
6770,力積電,9,1,8,富邦-桃園,2023-03-31,9665
4162,智擎,10,3,7,富邦-桃園,2023-03-31,9665
3035,智原,18,11,7,富邦-桃園,2023-03-31,9665
5213,亞昕,10,3,7,富邦-桃園,2023-03-31,9665
00673R,期元大S＆P原油反1,495,0,495,富邦-桃園,2023-04-06,9665
00679B,元大美債20年,300,59,241,富邦-桃園,2023-04-06,9665
8299,群聯,192,1,191,富邦-桃園,2023-04-06,9665
00772B,中信高評級公司債,129,12,117,富邦-桃園,2023-04-06,9665
2889,國票金,101,0,101,富邦-桃園,2023-04-06,9665
2344,華邦電,82,15,67,富邦-桃園,2023-04-06,9665
6235,華孚,123,64,59,富邦-桃園,2023-04-06,9665
00637L,元大滬深300正2,53,0,53,富邦-桃園,2023-04-06,9665
2317,鴻海,36,5,31,富邦-桃園,2023-04-06,9665
2539,櫻花建,30,0,30,富邦-桃園,2023-04-06,9665
00773B,中信優先金融債,27,0,27,富邦-桃園,2023-04-06,9665
00751B,元大AAA至A公司債,32,7,25,富邦-桃園,2023-04-06,9665
2609,陽明,23,0,23,富邦-桃園,2023-04-06,9665
6182,合晶,23,0,23,富邦-桃園,2023-04-06,9665
2453,凌群,34,11,23,富邦-桃園,2023-04-06,9665
8069,元太,25,3,22,富邦-桃園,2023-04-06,9665
2201,裕隆,24,3,21,富邦-桃園,2023-04-06,9665
8436,大江,21,0,21,富邦-桃園,2023-04-06,9665
00720B,元大投資級公司債,32,11,21,富邦-桃園,2023-04-06,9665
00655L,國泰中國A50正2,19,0,19,富邦-桃園,2023-04-06,9665
5328,華容,20,2,18,富邦-桃園,2023-04-06,9665
9945,潤泰新,20,2,18,富邦-桃園,2023-04-06,9665
00902,中信電池及儲能,40,22,18,富邦-桃園,2023-04-06,9665
3006,晶豪科,16,0,16,富邦-桃園,2023-04-06,9665
1535,中宇,15,0,15,富邦-桃園,2023-04-06,9665
2457,飛宏,19,5,14,富邦-桃園,2023-04-06,9665
2867,三商壽,14,0,14,富邦-桃園,2023-04-06,9665
2884,玉山金,28,14,14,富邦-桃園,2023-04-06,9665
00900,富邦特選高股息30,13,1,12,富邦-桃園,2023-04-06,9665
1810,和成,15,3,12,富邦-桃園,2023-04-06,9665
6548,長科*,16,4,12,富邦-桃園,2023-04-06,9665
00633L,富邦上証正2,11,0,11,富邦-桃園,2023-04-06,9665
00726B,國泰新興投等債,11,0,11,富邦-桃園,2023-04-06,9665
00830,國泰費城半導體,10,0,10,富邦-桃園,2023-04-06,9665
6770,力積電,11,1,10,富邦-桃園,2023-04-06,9665
6120,達運,10,0,10,富邦-桃園,2023-04-06,9665
6197,佳必琪,10,0,10,富邦-桃園,2023-04-06,9665
2443,昶虹,10,0,10,富邦-桃園,2023-04-06,9665
00664R,國泰臺灣加權反1,10,0,10,富邦-桃園,2023-04-06,9665
5434,崇越,10,0,10,富邦-桃園,2023-04-06,9665
3033,威健,10,0,10,富邦-桃園,2023-04-06,9665
8028,昇陽半導體,13,3,10,富邦-桃園,2023-04-06,9665
2308,台達電,9,0,9,富邦-桃園,2023-04-06,9665
3056,富華新,39,30,9,富邦-桃園,2023-04-06,9665
2359,所羅門,9,0,9,富邦-桃園,2023-04-06,9665
3231,緯創,19,10,9,富邦-桃園,2023-04-06,9665
2441,超豐,8,0,8,富邦-桃園,2023-04-06,9665
2027,大成鋼,9,1,8,富邦-桃園,2023-04-06,9665
2413,環科,8,0,8,富邦-桃園,2023-04-06,9665
5608,四維航,8,0,8,富邦-桃園,2023-04-06,9665
2867,三商壽,130,0,130,富邦-桃園,2023-04-07,9665
8299,群聯,114,3,111,富邦-桃園,2023-04-07,9665
00679B,元大美債20年,173,71,102,富邦-桃園,2023-04-07,9665
00632R,元大台灣50反1,102,3,99,富邦-桃園,2023-04-07,9665
2891,中信金,93,2,91,富邦-桃園,2023-04-07,9665
00902,中信電池及儲能,62,0,62,富邦-桃園,2023-04-07,9665
6417,韋僑,60,0,60,富邦-桃園,2023-04-07,9665
1909,榮成,52,0,52,富邦-桃園,2023-04-07,9665
3004,豐達科,56,10,46,富邦-桃園,2023-04-07,9665
4207,環泰,40,0,40,富邦-桃園,2023-04-07,9665
2436,偉詮電,37,0,37,富邦-桃園,2023-04-07,9665
2356,英業達,37,1,36,富邦-桃園,2023-04-07,9665
00712,復華富時不動產,28,2,26,富邦-桃園,2023-04-07,9665
2883B,凱基金乙特,20,0,20,富邦-桃園,2023-04-07,9665
00664R,國泰臺灣加權反1,20,0,20,富邦-桃園,2023-04-07,9665
00896,中信綠能及電動車,20,2,18,富邦-桃園,2023-04-07,9665
2884,玉山金,21,4,17,富邦-桃園,2023-04-07,9665
00882,中信中國高股息,16,0,16,富邦-桃園,2023-04-07,9665
6235,華孚,82,67,15,富邦-桃園,2023-04-07,9665
2317,鴻海,36,23,13,富邦-桃園,2023-04-07,9665
2605,新興,12,0,12,富邦-桃園,2023-04-07,9665
1784,訊聯,12,0,12,富邦-桃園,2023-04-07,9665
00673R,期元大S＆P原油反1,12,0,12,富邦-桃園,2023-04-07,9665
00888,永豐台灣ESG,11,0,11,富邦-桃園,2023-04-07,9665
2481,強茂,12,1,11,富邦-桃園,2023-04-07,9665
00634R,富邦上証反1,11,0,11,富邦-桃園,2023-04-07,9665
6163,華電網,12,1,11,富邦-桃園,2023-04-07,9665
2328,廣宇,11,0,11,富邦-桃園,2023-04-07,9665
2881,富邦金,12,1,11,富邦-桃園,2023-04-07,9665
3093,港建*,10,0,10,富邦-桃園,2023-04-07,9665
3289,宜特,10,0,10,富邦-桃園,2023-04-07,9665
00669R,國泰美國道瓊反1,10,0,10,富邦-桃園,2023-04-07,9665
5608,四維航,12,2,10,富邦-桃園,2023-04-07,9665
2812,台中銀,10,0,10,富邦-桃園,2023-04-07,9665
6271,同欣電,9,0,9,富邦-桃園,2023-04-07,9665
2353,宏��,9,0,9,富邦-桃園,2023-04-07,9665
1309,台達化,10,1,9,富邦-桃園,2023-04-07,9665
6233,旺玖,10,1,9,富邦-桃園,2023-04-07,9665
1584,精剛,9,0,9,富邦-桃園,2023-04-07,9665
1605,華新,24,15,9,富邦-桃園,2023-04-07,9665
6470,宇智,8,0,8,富邦-桃園,2023-04-07,9665
8086,宏捷科,13,6,7,富邦-桃園,2023-04-07,9665
1560,中砂,7,0,7,富邦-桃園,2023-04-07,9665
6244,茂迪,7,0,7,富邦-桃園,2023-04-07,9665
1217,愛之味,7,0,7,富邦-桃園,2023-04-07,9665
6719,力智,6,0,6,富邦-桃園,2023-04-07,9665
3056,富華新,8,2,6,富邦-桃園,2023-04-07,9665
3520,華盈,21,15,6,富邦-桃園,2023-04-07,9665
1720,生達,6,0,6,富邦-桃園,2023-04-07,9665
00912,中信臺灣智慧50,6,0,6,富邦-桃園,2023-04-07,9665
00679B,元大美債20年,242,4,238,富邦-桃園,2023-04-10,9665
4707,磐亞,200,0,200,富邦-桃園,2023-04-10,9665
2889,國票金,100,0,100,富邦-桃園,2023-04-10,9665
00673R,期元大S＆P原油反1,69,0,69,富邦-桃園,2023-04-10,9665
2867,三商壽,51,0,51,富邦-桃園,2023-04-10,9665
8299,群聯,51,1,50,富邦-桃園,2023-04-10,9665
00637L,元大滬深300正2,50,0,50,富邦-桃園,2023-04-10,9665
00712,復華富時不動產,32,1,31,富邦-桃園,2023-04-10,9665
4207,環泰,36,6,30,富邦-桃園,2023-04-10,9665
1451,年興,30,0,30,富邦-桃園,2023-04-10,9665
00878,國泰永續高股息,50,21,29,富邦-桃園,2023-04-10,9665
1605,華新,24,0,24,富邦-桃園,2023-04-10,9665
2317,鴻海,25,2,23,富邦-桃園,2023-04-10,9665
00888,永豐台灣ESG,23,0,23,富邦-桃園,2023-04-10,9665
1444,力麗,20,0,20,富邦-桃園,2023-04-10,9665
5489,彩富,20,0,20,富邦-桃園,2023-04-10,9665
1609,大亞,26,7,19,富邦-桃園,2023-04-10,9665
00896,中信綠能及電動車,20,1,19,富邦-桃園,2023-04-10,9665
3679,新至陞,18,0,18,富邦-桃園,2023-04-10,9665
6770,力積電,17,0,17,富邦-桃園,2023-04-10,9665
0056,元大高股息,20,4,16,富邦-桃園,2023-04-10,9665
2886,兆豐金,16,1,15,富邦-桃園,2023-04-10,9665
2497,怡利電,21,6,15,富邦-桃園,2023-04-10,9665
00665L,富邦�琤肭磪囓�2,15,0,15,富邦-桃園,2023-04-10,9665
00720B,元大投資級公司債,14,0,14,富邦-桃園,2023-04-10,9665
2610,華航,39,27,12,富邦-桃園,2023-04-10,9665
3715,定穎投控,18,6,12,富邦-桃園,2023-04-10,9665
3006,晶豪科,13,2,11,富邦-桃園,2023-04-10,9665
1524,耿鼎,53,42,11,富邦-桃園,2023-04-10,9665
00892,富邦台灣半導體,11,0,11,富邦-桃園,2023-04-10,9665
2603,長榮,17,6,11,富邦-桃園,2023-04-10,9665
5529,鉅陞,10,0,10,富邦-桃園,2023-04-10,9665
6197,佳必琪,10,0,10,富邦-桃園,2023-04-10,9665
00753L,中信中國50正2,10,0,10,富邦-桃園,2023-04-10,9665
3694,海華,10,0,10,富邦-桃園,2023-04-10,9665
3419,譁裕,10,0,10,富邦-桃園,2023-04-10,9665
2444,兆勁,10,0,10,富邦-桃園,2023-04-10,9665
6279,胡連,10,0,10,富邦-桃園,2023-04-10,9665
6147,頎邦,20,10,10,富邦-桃園,2023-04-10,9665
2614,東森,10,0,10,富邦-桃園,2023-04-10,9665
8234,新漢,10,0,10,富邦-桃園,2023-04-10,9665
2883B,凱基金乙特,10,0,10,富邦-桃園,2023-04-10,9665
00773B,中信優先金融債,10,0,10,富邦-桃園,2023-04-10,9665
6719,力智,11,1,10,富邦-桃園,2023-04-10,9665
2408,南亞科,10,0,10,富邦-桃園,2023-04-10,9665
2344,華邦電,76,67,9,富邦-桃園,2023-04-10,9665
5211,蒙恬,8,0,8,富邦-桃園,2023-04-10,9665
6768,志強-KY,8,0,8,富邦-桃園,2023-04-10,9665
2002,中鋼,13,5,8,富邦-桃園,2023-04-10,9665
3162,精確,11,4,7,富邦-桃園,2023-04-10,9665
00679B,元大美債20年,203,0,203,富邦-桃園,2023-04-11,9665
4906,正文,164,1,163,富邦-桃園,2023-04-11,9665
00885,富邦越南,106,0,106,富邦-桃園,2023-04-11,9665
00712,復華富時不動產,67,1,66,富邦-桃園,2023-04-11,9665
1605,華新,60,8,52,富邦-桃園,2023-04-11,9665
3715,定穎投控,62,13,49,富邦-桃園,2023-04-11,9665
00896,中信綠能及電動車,50,10,40,富邦-桃園,2023-04-11,9665
2890,永豐金,36,3,33,富邦-桃園,2023-04-11,9665
2402,毅嘉,25,2,23,富邦-桃園,2023-04-11,9665
8110,華東,26,4,22,富邦-桃園,2023-04-11,9665
2834,臺企銀,31,9,22,富邦-桃園,2023-04-11,9665
6443,元晶,27,5,22,富邦-桃園,2023-04-11,9665
8201,無敵,20,0,20,富邦-桃園,2023-04-11,9665
2892,第一金,20,1,19,富邦-桃園,2023-04-11,9665
2317,鴻海,24,6,18,富邦-桃園,2023-04-11,9665
2388,威盛,27,9,18,富邦-桃園,2023-04-11,9665
00673R,期元大S＆P原油反1,18,0,18,富邦-桃園,2023-04-11,9665
2337,旺宏,20,2,18,富邦-桃園,2023-04-11,9665
2345,智邦,15,0,15,富邦-桃園,2023-04-11,9665
6233,旺玖,16,1,15,富邦-桃園,2023-04-11,9665
4142,國光生,15,0,15,富邦-桃園,2023-04-11,9665
1513,中興電,105,91,14,富邦-桃園,2023-04-11,9665
8183,精星,15,1,14,富邦-桃園,2023-04-11,9665
00878,國泰永續高股息,63,50,13,富邦-桃園,2023-04-11,9665
6122,擎邦,19,6,13,富邦-桃園,2023-04-11,9665
2208,台船,14,2,12,富邦-桃園,2023-04-11,9665
2881,富邦金,17,5,12,富邦-桃園,2023-04-11,9665
2618,長榮航,11,0,11,富邦-桃園,2023-04-11,9665
00919,群益台灣精選高息,11,0,11,富邦-桃園,2023-04-11,9665
2457,飛宏,40,30,10,富邦-桃園,2023-04-11,9665
3419,譁裕,11,1,10,富邦-桃園,2023-04-11,9665
2314,台揚,10,0,10,富邦-桃園,2023-04-11,9665
2915,潤泰全,10,0,10,富邦-桃園,2023-04-11,9665
00669R,國泰美國道瓊反1,10,0,10,富邦-桃園,2023-04-11,9665
2883B,凱基金乙特,10,0,10,富邦-桃園,2023-04-11,9665
00664R,國泰臺灣加權反1,10,0,10,富邦-桃園,2023-04-11,9665
5489,彩富,10,0,10,富邦-桃園,2023-04-11,9665
00751B,元大AAA至A公司債,9,0,9,富邦-桃園,2023-04-11,9665
3093,港建*,9,0,9,富邦-桃園,2023-04-11,9665
1609,大亞,18,9,9,富邦-桃園,2023-04-11,9665
6245,立端,9,1,8,富邦-桃園,2023-04-11,9665
3035,智原,15,7,8,富邦-桃園,2023-04-11,9665
2002,中鋼,8,0,8,富邦-桃園,2023-04-11,9665
006208,富邦台50,9,1,8,富邦-桃園,2023-04-11,9665
1503,士電,26,18,8,富邦-桃園,2023-04-11,9665
2486,一詮,10,2,8,富邦-桃園,2023-04-11,9665
1533,車王電,8,0,8,富邦-桃園,2023-04-11,9665
3558,神準,14,7,7,富邦-桃園,2023-04-11,9665
6547,高端疫苗,9,2,7,富邦-桃園,2023-04-11,9665
6158,禾昌,7,0,7,富邦-桃園,2023-04-11,9665
6104,創惟,402,4,398,富邦-桃園,2023-04-12,9665
00637L,元大滬深300正2,131,0,131,富邦-桃園,2023-04-12,9665
5009,榮剛,124,32,92,富邦-桃園,2023-04-12,9665
00680L,元大美債20正2,55,0,55,富邦-桃園,2023-04-12,9665
00712,復華富時不動產,48,0,48,富邦-桃園,2023-04-12,9665
1444,力麗,45,0,45,富邦-桃園,2023-04-12,9665
6806,森崴能源,87,47,40,富邦-桃園,2023-04-12,9665
00772B,中信高評級公司債,40,1,39,富邦-桃園,2023-04-12,9665
2015,豐興,39,3,36,富邦-桃園,2023-04-12,9665
2634,漢翔,61,26,35,富邦-桃園,2023-04-12,9665
00902,中信電池及儲能,34,0,34,富邦-桃園,2023-04-12,9665
3715,定穎投控,36,3,33,富邦-桃園,2023-04-12,9665
6148,驊宏資,30,0,30,富邦-桃園,2023-04-12,9665
4906,正文,33,4,29,富邦-桃園,2023-04-12,9665
2497,怡利電,34,6,28,富邦-桃園,2023-04-12,9665
5434,崇越,28,0,28,富邦-桃園,2023-04-12,9665
3540,曜越,25,0,25,富邦-桃園,2023-04-12,9665
00878,國泰永續高股息,44,21,23,富邦-桃園,2023-04-12,9665
1609,大亞,100,78,22,富邦-桃園,2023-04-12,9665
00673R,期元大S＆P原油反1,22,0,22,富邦-桃園,2023-04-12,9665
6548,長科*,32,11,21,富邦-桃園,2023-04-12,9665
9907,統一實,20,0,20,富邦-桃園,2023-04-12,9665
2610,華航,20,0,20,富邦-桃園,2023-04-12,9665
00896,中信綠能及電動車,20,0,20,富邦-桃園,2023-04-12,9665
1605,華新,43,24,19,富邦-桃園,2023-04-12,9665
4952,凌通,19,0,19,富邦-桃園,2023-04-12,9665
8289,泰藝,18,0,18,富邦-桃園,2023-04-12,9665
9921,巨大,24,6,18,富邦-桃園,2023-04-12,9665
5309,系統電,21,5,16,富邦-桃園,2023-04-12,9665
8926,台汽電,28,13,15,富邦-桃園,2023-04-12,9665
6285,啟��,15,0,15,富邦-桃園,2023-04-12,9665
8390,金益鼎,15,0,15,富邦-桃園,2023-04-12,9665
8121,越峰,16,1,15,富邦-桃園,2023-04-12,9665
00780B,國泰A級金融債,15,0,15,富邦-桃園,2023-04-12,9665
00655L,國泰中國A50正2,14,0,14,富邦-桃園,2023-04-12,9665
00720B,元大投資級公司債,14,0,14,富邦-桃園,2023-04-12,9665
00679B,元大美債20年,46,33,13,富邦-桃園,2023-04-12,9665
6770,力積電,18,5,13,富邦-桃園,2023-04-12,9665
00738U,期元大道瓊白銀,13,0,13,富邦-桃園,2023-04-12,9665
2834,臺企銀,39,27,12,富邦-桃園,2023-04-12,9665
3093,港建*,12,0,12,富邦-桃園,2023-04-12,9665
4968,立積,16,4,12,富邦-桃園,2023-04-12,9665
6182,合晶,13,1,12,富邦-桃園,2023-04-12,9665
2342,茂矽,13,2,11,富邦-桃園,2023-04-12,9665
3484,崧騰,11,0,11,富邦-桃園,2023-04-12,9665
4207,環泰,11,0,11,富邦-桃園,2023-04-12,9665
2609,陽明,28,17,11,富邦-桃園,2023-04-12,9665
6461,益得,11,0,11,富邦-桃園,2023-04-12,9665
3680,家登,11,0,11,富邦-桃園,2023-04-12,9665
6207,雷科,10,0,10,富邦-桃園,2023-04-12,9665
6104,創惟,152,1,151,富邦-桃園,2023-04-13,9665
00673R,期元大S＆P原油反1,125,0,125,富邦-桃園,2023-04-13,9665
2618,長榮航,107,32,75,富邦-桃園,2023-04-13,9665
00720B,元大投資級公司債,66,2,64,富邦-桃園,2023-04-13,9665
2344,華邦電,68,15,53,富邦-桃園,2023-04-13,9665
00637L,元大滬深300正2,53,1,52,富邦-桃園,2023-04-13,9665
5521,工信,51,0,51,富邦-桃園,2023-04-13,9665
00712,復華富時不動產,40,0,40,富邦-桃園,2023-04-13,9665
9907,統一實,40,3,37,富邦-桃園,2023-04-13,9665
2634,漢翔,59,24,35,富邦-桃園,2023-04-13,9665
1314,中石化,31,0,31,富邦-桃園,2023-04-13,9665
00679B,元大美債20年,30,1,29,富邦-桃園,2023-04-13,9665
2883B,凱基金乙特,28,0,28,富邦-桃園,2023-04-13,9665
6182,合晶,31,3,28,富邦-桃園,2023-04-13,9665
00715L,期街口布蘭特正2,59,32,27,富邦-桃園,2023-04-13,9665
00751B,元大AAA至A公司債,24,0,24,富邦-桃園,2023-04-13,9665
00772B,中信高評級公司債,21,0,21,富邦-桃園,2023-04-13,9665
2867,三商壽,23,2,21,富邦-桃園,2023-04-13,9665
2313,華通,20,0,20,富邦-桃園,2023-04-13,9665
1524,耿鼎,20,0,20,富邦-桃園,2023-04-13,9665
2211,長榮鋼,24,5,19,富邦-桃園,2023-04-13,9665
2497,怡利電,19,1,18,富邦-桃園,2023-04-13,9665
4168,醣聯,20,2,18,富邦-桃園,2023-04-13,9665
2392,正崴,18,0,18,富邦-桃園,2023-04-13,9665
2883,凱基金,18,1,17,富邦-桃園,2023-04-13,9665
1514,亞力,61,44,17,富邦-桃園,2023-04-13,9665
00923,群益台ESG低碳50,18,1,17,富邦-桃園,2023-04-13,9665
5388,中磊,16,0,16,富邦-桃園,2023-04-13,9665
3499,環天科,15,0,15,富邦-桃園,2023-04-13,9665
4433,興采,18,3,15,富邦-桃園,2023-04-13,9665
5706,鳳凰,17,3,14,富邦-桃園,2023-04-13,9665
2345,智邦,13,0,13,富邦-桃園,2023-04-13,9665
00632R,元大台灣50反1,13,0,13,富邦-桃園,2023-04-13,9665
00676R,富邦臺灣加權反1,13,0,13,富邦-桃園,2023-04-13,9665
2330,台積電,15,2,13,富邦-桃園,2023-04-13,9665
8033,雷虎,13,1,12,富邦-桃園,2023-04-13,9665
1535,中宇,13,1,12,富邦-桃園,2023-04-13,9665
6547,高端疫苗,12,1,11,富邦-桃園,2023-04-13,9665
1712,興農,12,1,11,富邦-桃園,2023-04-13,9665
00665L,富邦�琤肭磪囓�2,41,30,11,富邦-桃園,2023-04-13,9665
5439,高技,11,0,11,富邦-桃園,2023-04-13,9665
3346,麗清,11,0,11,富邦-桃園,2023-04-13,9665
3289,宜特,16,5,11,富邦-桃園,2023-04-13,9665
1519,華城,40,30,10,富邦-桃園,2023-04-13,9665
00713,元大台灣高息低波,13,3,10,富邦-桃園,2023-04-13,9665
6207,雷科,10,0,10,富邦-桃園,2023-04-13,9665
6190,萬泰科,10,0,10,富邦-桃園,2023-04-13,9665
1720,生達,11,1,10,富邦-桃園,2023-04-13,9665
00674R,期元大S＆P黃金反1,10,0,10,富邦-桃園,2023-04-13,9665
3033,威健,10,0,10,富邦-桃園,2023-04-13,9665
4961,天鈺,182,8,174,富邦-桃園,2023-04-14,9665
2634,漢翔,345,203,142,富邦-桃園,2023-04-14,9665
00632R,元大台灣50反1,132,6,126,富邦-桃園,2023-04-14,9665
9105,泰金寶-DR,99,0,99,富邦-桃園,2023-04-14,9665
2402,毅嘉,112,19,93,富邦-桃園,2023-04-14,9665
2867,三商壽,72,10,62,富邦-桃園,2023-04-14,9665
00712,復華富時不動產,55,0,55,富邦-桃園,2023-04-14,9665
3673,TPK-KY,51,0,51,富邦-桃園,2023-04-14,9665
3046,建��,47,4,43,富邦-桃園,2023-04-14,9665
8936,國統,53,12,41,富邦-桃園,2023-04-14,9665
9934,成霖,40,0,40,富邦-桃園,2023-04-14,9665
2344,華邦電,49,14,35,富邦-桃園,2023-04-14,9665
00720B,元大投資級公司債,31,0,31,富邦-桃園,2023-04-14,9665
00751B,元大AAA至A公司債,30,0,30,富邦-桃園,2023-04-14,9665
2610,華航,44,14,30,富邦-桃園,2023-04-14,9665
00687B,國泰20年美債,29,0,29,富邦-桃園,2023-04-14,9665
4207,環泰,29,0,29,富邦-桃園,2023-04-14,9665
2208,台船,53,25,28,富邦-桃園,2023-04-14,9665
00680L,元大美債20正2,25,0,25,富邦-桃園,2023-04-14,9665
1504,東元,39,15,24,富邦-桃園,2023-04-14,9665
6197,佳必琪,36,15,21,富邦-桃園,2023-04-14,9665
00679B,元大美債20年,35,14,21,富邦-桃園,2023-04-14,9665
3011,今皓,24,4,20,富邦-桃園,2023-04-14,9665
1460,宏遠,20,0,20,富邦-桃園,2023-04-14,9665
2303,聯電,20,2,18,富邦-桃園,2023-04-14,9665
1513,中興電,26,10,16,富邦-桃園,2023-04-14,9665
00715L,期街口布蘭特正2,17,1,16,富邦-桃園,2023-04-14,9665
6806,森崴能源,39,24,15,富邦-桃園,2023-04-14,9665
2382,廣達,15,0,15,富邦-桃園,2023-04-14,9665
2618,長榮航,19,5,14,富邦-桃園,2023-04-14,9665
4541,晟田,14,1,13,富邦-桃園,2023-04-14,9665
1529,樂事綠能,57,44,13,富邦-桃園,2023-04-14,9665
3380,明泰,25,12,13,富邦-桃園,2023-04-14,9665
4566,時碩工業,14,1,13,富邦-桃園,2023-04-14,9665
4168,醣聯,13,0,13,富邦-桃園,2023-04-14,9665
2886,兆豐金,16,3,13,富邦-桃園,2023-04-14,9665
2834,臺企銀,13,0,13,富邦-桃園,2023-04-14,9665
6285,啟��,17,5,12,富邦-桃園,2023-04-14,9665
00655L,國泰中國A50正2,14,2,12,富邦-桃園,2023-04-14,9665
2607,榮運,12,0,12,富邦-桃園,2023-04-14,9665
2515,中工,16,4,12,富邦-桃園,2023-04-14,9665
2748,雲品,17,5,12,富邦-桃園,2023-04-14,9665
00795B,中信美國公債20年,12,0,12,富邦-桃園,2023-04-14,9665
6443,元晶,12,0,12,富邦-桃園,2023-04-14,9665
2387,精元,11,0,11,富邦-桃園,2023-04-14,9665
2356,英業達,12,1,11,富邦-桃園,2023-04-14,9665
00631L,元大台灣50正2,10,0,10,富邦-桃園,2023-04-14,9665
2601,益航,10,0,10,富邦-桃園,2023-04-14,9665
00724B,群益投資級金融債,10,0,10,富邦-桃園,2023-04-14,9665
2409,友達,35,25,10,富邦-桃園,2023-04-14,9665
00679B,元大美債20年,182,7,175,富邦-桃園,2023-04-17,9665
00885,富邦越南,137,3,134,富邦-桃園,2023-04-17,9665
00882,中信中國高股息,102,3,99,富邦-桃園,2023-04-17,9665
00896,中信綠能及電動車,80,0,80,富邦-桃園,2023-04-17,9665
1444,力麗,77,2,75,富邦-桃園,2023-04-17,9665
4953,緯軟,68,3,65,富邦-桃園,2023-04-17,9665
2607,榮運,65,0,65,富邦-桃園,2023-04-17,9665
00712,復華富時不動產,64,0,64,富邦-桃園,2023-04-17,9665
2845,遠東銀,61,2,59,富邦-桃園,2023-04-17,9665
00881,國泰台灣5G+,66,11,55,富邦-桃園,2023-04-17,9665
00878,國泰永續高股息,66,12,54,富邦-桃園,2023-04-17,9665
1504,東元,67,14,53,富邦-桃園,2023-04-17,9665
00632R,元大台灣50反1,52,1,51,富邦-桃園,2023-04-17,9665
3481,群創,51,12,39,富邦-桃園,2023-04-17,9665
00680L,元大美債20正2,38,0,38,富邦-桃園,2023-04-17,9665
2615,萬海,42,8,34,富邦-桃園,2023-04-17,9665
1447,力鵬,31,0,31,富邦-桃園,2023-04-17,9665
6116,彩晶,30,0,30,富邦-桃園,2023-04-17,9665
2443,昶虹,30,0,30,富邦-桃園,2023-04-17,9665
3545,敦泰,32,5,27,富邦-桃園,2023-04-17,9665
3033,威健,26,0,26,富邦-桃園,2023-04-17,9665
3011,今皓,28,2,26,富邦-桃園,2023-04-17,9665
3680,家登,28,2,26,富邦-桃園,2023-04-17,9665
1101,台泥,56,30,26,富邦-桃園,2023-04-17,9665
3004,豐達科,25,1,24,富邦-桃園,2023-04-17,9665
00751B,元大AAA至A公司債,27,5,22,富邦-桃園,2023-04-17,9665
3712,永崴投控,32,10,22,富邦-桃園,2023-04-17,9665
4768,晶呈科技,21,0,21,富邦-桃園,2023-04-17,9665
8358,金居,20,0,20,富邦-桃園,2023-04-17,9665
2345,智邦,20,0,20,富邦-桃園,2023-04-17,9665
3484,崧騰,18,0,18,富邦-桃園,2023-04-17,9665
3576,聯合再生,22,4,18,富邦-桃園,2023-04-17,9665
00772B,中信高評級公司債,17,0,17,富邦-桃園,2023-04-17,9665
6163,華電網,25,8,17,富邦-桃園,2023-04-17,9665
2002,中鋼,16,1,15,富邦-桃園,2023-04-17,9665
2359,所羅門,22,7,15,富邦-桃園,2023-04-17,9665
00912,中信臺灣智慧50,14,0,14,富邦-桃園,2023-04-17,9665
4162,智擎,15,1,14,富邦-桃園,2023-04-17,9665
00888,永豐台灣ESG,13,0,13,富邦-桃園,2023-04-17,9665
1514,亞力,46,33,13,富邦-桃園,2023-04-17,9665
9950,萬國通,13,0,13,富邦-桃園,2023-04-17,9665
2618,長榮航,22,9,13,富邦-桃園,2023-04-17,9665
00713,元大台灣高息低波,16,4,12,富邦-桃園,2023-04-17,9665
6182,合晶,12,0,12,富邦-桃園,2023-04-17,9665
1605,華新,165,153,12,富邦-桃園,2023-04-17,9665
2542,興富發,12,0,12,富邦-桃園,2023-04-17,9665
4915,致伸,11,0,11,富邦-桃園,2023-04-17,9665
4746,台耀,11,0,11,富邦-桃園,2023-04-17,9665
3207,耀勝,12,1,11,富邦-桃園,2023-04-17,9665
8110,華東,15,4,11,富邦-桃園,2023-04-17,9665
2634,漢翔,493,85,408,富邦-桃園,2023-04-18,9665
8261,富鼎,100,1,99,富邦-桃園,2023-04-18,9665
00680L,元大美債20正2,113,20,93,富邦-桃園,2023-04-18,9665
00751B,元大AAA至A公司債,79,0,79,富邦-桃園,2023-04-18,9665
2313,華通,60,0,60,富邦-桃園,2023-04-18,9665
3481,群創,74,18,56,富邦-桃園,2023-04-18,9665
00888,永豐台灣ESG,56,2,54,富邦-桃園,2023-04-18,9665
00878,國泰永續高股息,88,35,53,富邦-桃園,2023-04-18,9665
00712,復華富時不動產,49,2,47,富邦-桃園,2023-04-18,9665
00720B,元大投資級公司債,46,0,46,富邦-桃園,2023-04-18,9665
00679B,元大美債20年,100,55,45,富邦-桃園,2023-04-18,9665
4532,瑞智,42,0,42,富邦-桃園,2023-04-18,9665
3046,建��,71,30,41,富邦-桃園,2023-04-18,9665
3715,定穎投控,39,6,33,富邦-桃園,2023-04-18,9665
00687B,國泰20年美債,32,0,32,富邦-桃園,2023-04-18,9665
8121,越峰,31,0,31,富邦-桃園,2023-04-18,9665
9945,潤泰新,31,0,31,富邦-桃園,2023-04-18,9665
1529,樂事綠能,69,39,30,富邦-桃園,2023-04-18,9665
00912,中信臺灣智慧50,30,0,30,富邦-桃園,2023-04-18,9665
5488,松普,30,1,29,富邦-桃園,2023-04-18,9665
6148,驊宏資,36,8,28,富邦-桃園,2023-04-18,9665
2457,飛宏,88,62,26,富邦-桃園,2023-04-18,9665
6283,淳安,25,0,25,富邦-桃園,2023-04-18,9665
00715L,期街口布蘭特正2,24,0,24,富邦-桃園,2023-04-18,9665
3466,德晉,25,1,24,富邦-桃園,2023-04-18,9665
6142,友勁,32,8,24,富邦-桃園,2023-04-18,9665
2420,新巨,23,0,23,富邦-桃園,2023-04-18,9665
6288,聯嘉,32,9,23,富邦-桃園,2023-04-18,9665
2610,華航,36,13,23,富邦-桃園,2023-04-18,9665
1810,和成,24,1,23,富邦-桃園,2023-04-18,9665
00904,新光臺灣半導體30,22,0,22,富邦-桃園,2023-04-18,9665
6531,愛普*,24,2,22,富邦-桃園,2023-04-18,9665
00673R,期元大S＆P原油反1,23,2,21,富邦-桃園,2023-04-18,9665
3033,威健,23,2,21,富邦-桃園,2023-04-18,9665
8183,精星,20,0,20,富邦-桃園,2023-04-18,9665
1604,聲寶,20,0,20,富邦-桃園,2023-04-18,9665
2103,台橡,20,0,20,富邦-桃園,2023-04-18,9665
9934,成霖,20,0,20,富邦-桃園,2023-04-18,9665
4510,高鋒,20,0,20,富邦-桃園,2023-04-18,9665
5475,德宏,20,0,20,富邦-桃園,2023-04-18,9665
0056,元大高股息,24,6,18,富邦-桃園,2023-04-18,9665
6550,北極星藥業-KY,25,8,17,富邦-桃園,2023-04-18,9665
3037,欣興,15,0,15,富邦-桃園,2023-04-18,9665
3189,景碩,16,1,15,富邦-桃園,2023-04-18,9665
3305,昇貿,23,8,15,富邦-桃園,2023-04-18,9665
3714,富采,15,0,15,富邦-桃園,2023-04-18,9665
2497,怡利電,20,5,15,富邦-桃園,2023-04-18,9665
4550,長佳,15,0,15,富邦-桃園,2023-04-18,9665
5512,力麒,15,0,15,富邦-桃園,2023-04-18,9665
5465,富驊,21,7,14,富邦-桃園,2023-04-18,9665
00712,復華富時不動產,212,3,209,富邦-桃園,2023-04-19,9665
2618,長榮航,78,0,78,富邦-桃園,2023-04-19,9665
00720B,元大投資級公司債,67,6,61,富邦-桃園,2023-04-19,9665
2609,陽明,63,9,54,富邦-桃園,2023-04-19,9665
1444,力麗,54,0,54,富邦-桃園,2023-04-19,9665
2409,友達,69,15,54,富邦-桃園,2023-04-19,9665
2634,漢翔,66,21,45,富邦-桃園,2023-04-19,9665
00888,永豐台灣ESG,43,2,41,富邦-桃園,2023-04-19,9665
3037,欣興,44,3,41,富邦-桃園,2023-04-19,9665
6770,力積電,60,24,36,富邦-桃園,2023-04-19,9665
2497,怡利電,34,0,34,富邦-桃園,2023-04-19,9665
1604,聲寶,30,0,30,富邦-桃園,2023-04-19,9665
00904,新光臺灣半導體30,28,0,28,富邦-桃園,2023-04-19,9665
00679B,元大美債20年,28,0,28,富邦-桃園,2023-04-19,9665
6288,聯嘉,47,20,27,富邦-桃園,2023-04-19,9665
00687B,國泰20年美債,22,0,22,富邦-桃園,2023-04-19,9665
6548,長科*,20,0,20,富邦-桃園,2023-04-19,9665
3508,位速,20,0,20,富邦-桃園,2023-04-19,9665
2535,達欣工,21,2,19,富邦-桃園,2023-04-19,9665
3029,零壹,31,12,19,富邦-桃園,2023-04-19,9665
00680L,元大美債20正2,17,0,17,富邦-桃園,2023-04-19,9665
2457,飛宏,38,21,17,富邦-桃園,2023-04-19,9665
2330,台積電,17,0,17,富邦-桃園,2023-04-19,9665
2406,國碩,26,10,16,富邦-桃園,2023-04-19,9665
6245,立端,16,1,15,富邦-桃園,2023-04-19,9665
00918,大華優利高填息30,15,0,15,富邦-桃園,2023-04-19,9665
1471,首利,14,0,14,富邦-桃園,2023-04-19,9665
1519,華城,28,14,14,富邦-桃園,2023-04-19,9665
3363,上詮,21,7,14,富邦-桃園,2023-04-19,9665
3545,敦泰,14,0,14,富邦-桃園,2023-04-19,9665
3189,景碩,15,2,13,富邦-桃園,2023-04-19,9665
6182,合晶,13,0,13,富邦-桃園,2023-04-19,9665
8046,南電,14,1,13,富邦-桃園,2023-04-19,9665
2402,毅嘉,29,17,12,富邦-桃園,2023-04-19,9665
2337,旺宏,12,0,12,富邦-桃園,2023-04-19,9665
006208,富邦台50,12,0,12,富邦-桃園,2023-04-19,9665
2303,聯電,12,1,11,富邦-桃園,2023-04-19,9665
00772B,中信高評級公司債,11,0,11,富邦-桃園,2023-04-19,9665
5258,虹堡,12,1,11,富邦-桃園,2023-04-19,9665
2338,光罩,11,0,11,富邦-桃園,2023-04-19,9665
9945,潤泰新,11,0,11,富邦-桃園,2023-04-19,9665
3419,譁裕,12,1,11,富邦-桃園,2023-04-19,9665
0050,元大台灣50,10,0,10,富邦-桃園,2023-04-19,9665
3576,聯合再生,30,20,10,富邦-桃園,2023-04-19,9665
8033,雷虎,59,49,10,富邦-桃園,2023-04-19,9665
3090,日電貿,10,0,10,富邦-桃園,2023-04-19,9665
2612,中航,10,0,10,富邦-桃園,2023-04-19,9665
6209,今國光,10,0,10,富邦-桃園,2023-04-19,9665
2630,亞航,10,0,10,富邦-桃園,2023-04-19,9665
8093,保銳,10,0,10,富邦-桃園,2023-04-19,9665
00632R,元大台灣50反1,155,50,105,富邦-桃園,2023-04-20,9665
3479,安勤,63,0,63,富邦-桃園,2023-04-20,9665
00720B,元大投資級公司債,62,0,62,富邦-桃園,2023-04-20,9665
00637L,元大滬深300正2,65,4,61,富邦-桃園,2023-04-20,9665
6248,沛波,60,0,60,富邦-桃園,2023-04-20,9665
00687B,國泰20年美債,57,0,57,富邦-桃園,2023-04-20,9665
6443,元晶,71,17,54,富邦-桃園,2023-04-20,9665
00680L,元大美債20正2,42,0,42,富邦-桃園,2023-04-20,9665
6257,矽格,41,0,41,富邦-桃園,2023-04-20,9665
00902,中信電池及儲能,59,21,38,富邦-桃園,2023-04-20,9665
00795B,中信美國公債20年,37,0,37,富邦-桃園,2023-04-20,9665
6244,茂迪,73,37,36,富邦-桃園,2023-04-20,9665
00918,大華優利高填息30,35,0,35,富邦-桃園,2023-04-20,9665
00679B,元大美債20年,34,1,33,富邦-桃園,2023-04-20,9665
3576,聯合再生,32,0,32,富邦-桃園,2023-04-20,9665
2618,長榮航,32,1,31,富邦-桃園,2023-04-20,9665
3058,立德,40,9,31,富邦-桃園,2023-04-20,9665
3033,威健,30,0,30,富邦-桃園,2023-04-20,9665
6768,志強-KY,28,0,28,富邦-桃園,2023-04-20,9665
6612,奈米醫材,32,5,27,富邦-桃園,2023-04-20,9665
00772B,中信高評級公司債,41,15,26,富邦-桃園,2023-04-20,9665
4934,太極,27,4,23,富邦-桃園,2023-04-20,9665
2890,永豐金,21,0,21,富邦-桃園,2023-04-20,9665
2105,正新,20,0,20,富邦-桃園,2023-04-20,9665
2345,智邦,20,1,19,富邦-桃園,2023-04-20,9665
2101,南港,21,2,19,富邦-桃園,2023-04-20,9665
6218,豪勉,20,1,19,富邦-桃園,2023-04-20,9665
00888,永豐台灣ESG,18,0,18,富邦-桃園,2023-04-20,9665
3228,金麗科,18,0,18,富邦-桃園,2023-04-20,9665
3711,日月光投控,17,0,17,富邦-桃園,2023-04-20,9665
2886,兆豐金,17,0,17,富邦-桃園,2023-04-20,9665
9945,潤泰新,23,7,16,富邦-桃園,2023-04-20,9665
4114,健喬,23,7,16,富邦-桃園,2023-04-20,9665
4714,永捷,16,0,16,富邦-桃園,2023-04-20,9665
3038,全台,17,1,16,富邦-桃園,2023-04-20,9665
3227,原相,15,0,15,富邦-桃園,2023-04-20,9665
3234,光環,15,0,15,富邦-桃園,2023-04-20,9665
1784,訊聯,15,0,15,富邦-桃園,2023-04-20,9665
2331,精英,15,0,15,富邦-桃園,2023-04-20,9665
2645,長榮航太,21,6,15,富邦-桃園,2023-04-20,9665
3032,偉訓,18,3,15,富邦-桃園,2023-04-20,9665
2457,飛宏,58,45,13,富邦-桃園,2023-04-20,9665
6719,力智,14,1,13,富邦-桃園,2023-04-20,9665
1795,美時,30,17,13,富邦-桃園,2023-04-20,9665
2409,友達,12,0,12,富邦-桃園,2023-04-20,9665
006208,富邦台50,12,0,12,富邦-桃園,2023-04-20,9665
6209,今國光,12,0,12,富邦-桃園,2023-04-20,9665
2338,光罩,18,6,12,富邦-桃園,2023-04-20,9665
4744,皇將,12,0,12,富邦-桃園,2023-04-20,9665
2324,仁寶,12,0,12,富邦-桃園,2023-04-20,9665
4707,磐亞,200,1,199,富邦-桃園,2023-04-21,9665
00679B,元大美債20年,170,13,157,富邦-桃園,2023-04-21,9665
2471,資通,115,15,100,富邦-桃園,2023-04-21,9665
00878,國泰永續高股息,80,11,69,富邦-桃園,2023-04-21,9665
2002,中鋼,66,2,64,富邦-桃園,2023-04-21,9665
1444,力麗,65,3,62,富邦-桃園,2023-04-21,9665
1447,力鵬,50,0,50,富邦-桃園,2023-04-21,9665
00900,富邦特選高股息30,51,3,48,富邦-桃園,2023-04-21,9665
4953,緯軟,41,0,41,富邦-桃園,2023-04-21,9665
0056,元大高股息,46,6,40,富邦-桃園,2023-04-21,9665
00888,永豐台灣ESG,40,0,40,富邦-桃園,2023-04-21,9665
2609,陽明,44,10,34,富邦-桃園,2023-04-21,9665
3260,威剛,35,1,34,富邦-桃園,2023-04-21,9665
2006,東和鋼鐵,30,0,30,富邦-桃園,2023-04-21,9665
1710,東聯,30,2,28,富邦-桃園,2023-04-21,9665
2634,漢翔,58,31,27,富邦-桃園,2023-04-21,9665
2610,華航,36,10,26,富邦-桃園,2023-04-21,9665
4744,皇將,26,1,25,富邦-桃園,2023-04-21,9665
3588,通嘉,34,10,24,富邦-桃園,2023-04-21,9665
00853B,統一美債10年Aa-,25,1,24,富邦-桃園,2023-04-21,9665
6768,志強-KY,24,0,24,富邦-桃園,2023-04-21,9665
2515,中工,25,1,24,富邦-桃園,2023-04-21,9665
2618,長榮航,23,1,22,富邦-桃園,2023-04-21,9665
00772B,中信高評級公司債,23,1,22,富邦-桃園,2023-04-21,9665
2615,萬海,28,7,21,富邦-桃園,2023-04-21,9665
2383,台光電,20,0,20,富邦-桃園,2023-04-21,9665
1316,上曜,20,0,20,富邦-桃園,2023-04-21,9665
00904,新光臺灣半導體30,20,0,20,富邦-桃園,2023-04-21,9665
3376,新日興,20,0,20,富邦-桃園,2023-04-21,9665
1101,台泥,76,57,19,富邦-桃園,2023-04-21,9665
00712,復華富時不動產,19,0,19,富邦-桃園,2023-04-21,9665
2010,春源,19,0,19,富邦-桃園,2023-04-21,9665
00720B,元大投資級公司債,20,1,19,富邦-桃園,2023-04-21,9665
3033,威健,18,0,18,富邦-桃園,2023-04-21,9665
00680L,元大美債20正2,17,0,17,富邦-桃園,2023-04-21,9665
2314,台揚,18,1,17,富邦-桃園,2023-04-21,9665
00892,富邦台灣半導體,16,0,16,富邦-桃園,2023-04-21,9665
3032,偉訓,16,0,16,富邦-桃園,2023-04-21,9665
1907,永豐餘,57,41,16,富邦-桃園,2023-04-21,9665
3231,緯創,37,23,14,富邦-桃園,2023-04-21,9665
5608,四維航,17,3,14,富邦-桃園,2023-04-21,9665
4121,優盛,14,0,14,富邦-桃園,2023-04-21,9665
3441,聯一光,15,1,14,富邦-桃園,2023-04-21,9665
6547,高端疫苗,13,0,13,富邦-桃園,2023-04-21,9665
3711,日月光投控,12,0,12,富邦-桃園,2023-04-21,9665
6271,同欣電,12,0,12,富邦-桃園,2023-04-21,9665
00669R,國泰美國道瓊反1,12,0,12,富邦-桃園,2023-04-21,9665
6874,倍力,21,9,12,富邦-桃園,2023-04-21,9665
3227,原相,12,0,12,富邦-桃園,2023-04-21,9665
00687B,國泰20年美債,13,2,11,富邦-桃園,2023-04-21,9665
00637L,元大滬深300正2,90,0,90,富邦-桃園,2023-04-24,9665
4906,正文,71,6,65,富邦-桃園,2023-04-24,9665
00902,中信電池及儲能,54,0,54,富邦-桃園,2023-04-24,9665
1609,大亞,42,2,40,富邦-桃園,2023-04-24,9665
2402,毅嘉,37,0,37,富邦-桃園,2023-04-24,9665
6248,沛波,30,0,30,富邦-桃園,2023-04-24,9665
00715L,期街口布蘭特正2,25,0,25,富邦-桃園,2023-04-24,9665
3711,日月光投控,23,0,23,富邦-桃園,2023-04-24,9665
1711,永光,39,16,23,富邦-桃園,2023-04-24,9665
00633L,富邦上証正2,21,0,21,富邦-桃園,2023-04-24,9665
2065,世豐,21,1,20,富邦-桃園,2023-04-24,9665
2303,聯電,19,0,19,富邦-桃園,2023-04-24,9665
6148,驊宏資,28,10,18,富邦-桃園,2023-04-24,9665
3029,零壹,31,13,18,富邦-桃園,2023-04-24,9665
2913,農林,41,24,17,富邦-桃園,2023-04-24,9665
3047,訊舟,17,0,17,富邦-桃園,2023-04-24,9665
00680L,元大美債20正2,17,0,17,富邦-桃園,2023-04-24,9665
1810,和成,37,21,16,富邦-桃園,2023-04-24,9665
2314,台揚,24,8,16,富邦-桃園,2023-04-24,9665
2618,長榮航,30,15,15,富邦-桃園,2023-04-24,9665
1513,中興電,17,3,14,富邦-桃園,2023-04-24,9665
00893,國泰智能電動車,15,1,14,富邦-桃園,2023-04-24,9665
8358,金居,14,0,14,富邦-桃園,2023-04-24,9665
1310,台苯,24,11,13,富邦-桃園,2023-04-24,9665
00878,國泰永續高股息,21,8,13,富邦-桃園,2023-04-24,9665
00712,復華富時不動產,13,0,13,富邦-桃園,2023-04-24,9665
2324,仁寶,12,0,12,富邦-桃園,2023-04-24,9665
5258,虹堡,12,0,12,富邦-桃園,2023-04-24,9665
3004,豐達科,12,0,12,富邦-桃園,2023-04-24,9665
6220,岳豐,11,0,11,富邦-桃園,2023-04-24,9665
4768,晶呈科技,11,0,11,富邦-桃園,2023-04-24,9665
8093,保銳,11,0,11,富邦-桃園,2023-04-24,9665
00720B,元大投資級公司債,10,0,10,富邦-桃園,2023-04-24,9665
3689,湧德,10,0,10,富邦-桃園,2023-04-24,9665
3710,連展投控,10,0,10,富邦-桃園,2023-04-24,9665
00896,中信綠能及電動車,10,0,10,富邦-桃園,2023-04-24,9665
4927,泰鼎-KY,10,0,10,富邦-桃園,2023-04-24,9665
2453,凌群,57,47,10,富邦-桃園,2023-04-24,9665
4974,亞泰,10,0,10,富邦-桃園,2023-04-24,9665
9802,鈺齊-KY,24,14,10,富邦-桃園,2023-04-24,9665
1784,訊聯,23,13,10,富邦-桃園,2023-04-24,9665
2603,長榮,11,1,10,富邦-桃園,2023-04-24,9665
2006,東和鋼鐵,10,0,10,富邦-桃園,2023-04-24,9665
4968,立積,19,9,10,富邦-桃園,2023-04-24,9665
3149,正達,9,0,9,富邦-桃園,2023-04-24,9665
2610,華航,30,21,9,富邦-桃園,2023-04-24,9665
5425,台半,12,3,9,富邦-桃園,2023-04-24,9665
00888,永豐台灣ESG,9,1,8,富邦-桃園,2023-04-24,9665
00751B,元大AAA至A公司債,8,0,8,富邦-桃園,2023-04-24,9665
00900,富邦特選高股息30,8,0,8,富邦-桃園,2023-04-24,9665
1904,正隆,245,30,215,富邦-桃園,2023-04-25,9665
00679B,元大美債20年,129,5,124,富邦-桃園,2023-04-25,9665
00878,國泰永續高股息,134,28,106,富邦-桃園,2023-04-25,9665
2634,漢翔,202,107,95,富邦-桃園,2023-04-25,9665
2603,長榮,102,10,92,富邦-桃園,2023-04-25,9665
00772B,中信高評級公司債,87,3,84,富邦-桃園,2023-04-25,9665
2884,玉山金,76,2,74,富邦-桃園,2023-04-25,9665
1310,台苯,113,42,71,富邦-桃園,2023-04-25,9665
2610,華航,68,0,68,富邦-桃園,2023-04-25,9665
00637L,元大滬深300正2,65,3,62,富邦-桃園,2023-04-25,9665
3231,緯創,67,6,61,富邦-桃園,2023-04-25,9665
0056,元大高股息,75,14,61,富邦-桃園,2023-04-25,9665
00751B,元大AAA至A公司債,41,0,41,富邦-桃園,2023-04-25,9665
1455,集盛,55,15,40,富邦-桃園,2023-04-25,9665
00902,中信電池及儲能,39,0,39,富邦-桃園,2023-04-25,9665
3588,通嘉,38,0,38,富邦-桃園,2023-04-25,9665
6220,岳豐,30,0,30,富邦-桃園,2023-04-25,9665
00632R,元大台灣50反1,170,141,29,富邦-桃園,2023-04-25,9665
1504,東元,30,3,27,富邦-桃園,2023-04-25,9665
2845,遠東銀,26,0,26,富邦-桃園,2023-04-25,9665
2303,聯電,24,2,22,富邦-桃園,2023-04-25,9665
3290,東浦,22,0,22,富邦-桃園,2023-04-25,9665
2337,旺宏,22,0,22,富邦-桃園,2023-04-25,9665
2383,台光電,21,0,21,富邦-桃園,2023-04-25,9665
0050,元大台灣50,23,2,21,富邦-桃園,2023-04-25,9665
1432,大魯閣,20,0,20,富邦-桃園,2023-04-25,9665
6282,康舒,69,49,20,富邦-桃園,2023-04-25,9665
00713,元大台灣高息低波,28,8,20,富邦-桃園,2023-04-25,9665
2313,華通,19,0,19,富邦-桃園,2023-04-25,9665
00881,國泰台灣5G+,19,0,19,富邦-桃園,2023-04-25,9665
00923,群益台ESG低碳50,18,0,18,富邦-桃園,2023-04-25,9665
00904,新光臺灣半導體30,18,0,18,富邦-桃園,2023-04-25,9665
006208,富邦台50,22,4,18,富邦-桃園,2023-04-25,9665
3481,群創,20,4,16,富邦-桃園,2023-04-25,9665
3711,日月光投控,16,0,16,富邦-桃園,2023-04-25,9665
3227,原相,16,0,16,富邦-桃園,2023-04-25,9665
4510,高鋒,21,5,16,富邦-桃園,2023-04-25,9665
4121,優盛,24,8,16,富邦-桃園,2023-04-25,9665
1513,中興電,34,18,16,富邦-桃園,2023-04-25,9665
2330,台積電,27,11,16,富邦-桃園,2023-04-25,9665
2308,台達電,20,5,15,富邦-桃園,2023-04-25,9665
00922,國泰台灣領袖50,17,2,15,富邦-桃園,2023-04-25,9665
2883,凱基金,14,0,14,富邦-桃園,2023-04-25,9665
4906,正文,13,0,13,富邦-桃園,2023-04-25,9665
00888,永豐台灣ESG,14,1,13,富邦-桃園,2023-04-25,9665
2340,台亞,13,1,12,富邦-桃園,2023-04-25,9665
00891,中信關鍵半導體,12,0,12,富邦-桃園,2023-04-25,9665
2338,光罩,12,0,12,富邦-桃園,2023-04-25,9665
8171,天宇,12,0,12,富邦-桃園,2023-04-25,9665
00892,富邦台灣半導體,13,2,11,富邦-桃園,2023-04-25,9665
00632R,元大台灣50反1,318,36,282,富邦-桃園,2023-04-26,9665
00712,復華富時不動產,212,35,177,富邦-桃園,2023-04-26,9665
2634,漢翔,133,59,74,富邦-桃園,2023-04-26,9665
2610,華航,60,3,57,富邦-桃園,2023-04-26,9665
6770,力積電,45,0,45,富邦-桃園,2023-04-26,9665
00923,群益台ESG低碳50,40,0,40,富邦-桃園,2023-04-26,9665
00878,國泰永續高股息,90,50,40,富邦-桃園,2023-04-26,9665
1905,華紙,93,55,38,富邦-桃園,2023-04-26,9665
1711,永光,46,10,36,富邦-桃園,2023-04-26,9665
1101,台泥,41,7,34,富邦-桃園,2023-04-26,9665
2603,長榮,59,26,33,富邦-桃園,2023-04-26,9665
00885,富邦越南,44,15,29,富邦-桃園,2023-04-26,9665
2886,兆豐金,30,2,28,富邦-桃園,2023-04-26,9665
2609,陽明,29,1,28,富邦-桃園,2023-04-26,9665
2002,中鋼,27,4,23,富邦-桃園,2023-04-26,9665
3035,智原,68,45,23,富邦-桃園,2023-04-26,9665
1709,和益,22,0,22,富邦-桃園,2023-04-26,9665
00904,新光臺灣半導體30,22,0,22,富邦-桃園,2023-04-26,9665
1907,永豐餘,26,4,22,富邦-桃園,2023-04-26,9665
00772B,中信高評級公司債,24,3,21,富邦-桃園,2023-04-26,9665
5608,四維航,21,2,19,富邦-桃園,2023-04-26,9665
2409,友達,21,3,18,富邦-桃園,2023-04-26,9665
3588,通嘉,17,0,17,富邦-桃園,2023-04-26,9665
00881,國泰台灣5G+,16,0,16,富邦-桃園,2023-04-26,9665
3047,訊舟,15,0,15,富邦-桃園,2023-04-26,9665
0050,元大台灣50,18,4,14,富邦-桃園,2023-04-26,9665
006208,富邦台50,17,2,15,富邦-桃園,2023-04-26,9665
2308,台達電,14,0,14,富邦-桃園,2023-04-26,9665
2303,聯電,17,3,14,富邦-桃園,2023-04-26,9665
2380,虹光,13,0,13,富邦-桃園,2023-04-26,9665
1909,榮成,13,0,13,富邦-桃園,2023-04-26,9665
0056,元大高股息,16,4,12,富邦-桃園,2023-04-26,9665
6257,矽格,12,0,12,富邦-桃園,2023-04-26,9665
2482,連宇,32,20,12,富邦-桃園,2023-04-26,9665
2915,潤泰全,12,0,12,富邦-桃園,2023-04-26,9665
00715L,期街口布蘭特正2,12,0,12,富邦-桃園,2023-04-26,9665
2006,東和鋼鐵,10,0,10,富邦-桃園,2023-04-26,9665
3441,聯一光,10,0,10,富邦-桃園,2023-04-26,9665
6220,岳豐,10,0,10,富邦-桃園,2023-04-26,9665
3058,立德,11,1,10,富邦-桃園,2023-04-26,9665
3526,凡甲,10,0,10,富邦-桃園,2023-04-26,9665
3290,東浦,10,0,10,富邦-桃園,2023-04-26,9665
00680L,元大美債20正2,13,3,10,富邦-桃園,2023-04-26,9665
4979,華星光,15,5,10,富邦-桃園,2023-04-26,9665
6461,益得,10,0,10,富邦-桃園,2023-04-26,9665
5425,台半,12,2,10,富邦-桃園,2023-04-26,9665
2330,台積電,11,1,10,富邦-桃園,2023-04-26,9665
2618,長榮航,23,14,9,富邦-桃園,2023-04-26,9665
2913,農林,10,1,9,富邦-桃園,2023-04-26,9665
00692,富邦公司治理,9,0,9,富邦-桃園,2023-04-26,9665
1604,聲寶,100,0,100,富邦-桃園,2023-04-27,9665
2603,長榮,82,0,82,富邦-桃園,2023-04-27,9665
00715L,期街口布蘭特正2,57,2,55,富邦-桃園,2023-04-27,9665
2609,陽明,40,0,40,富邦-桃園,2023-04-27,9665
006208,富邦台50,36,0,36,富邦-桃園,2023-04-27,9665
00712,復華富時不動產,34,0,34,富邦-桃園,2023-04-27,9665
1905,華紙,61,30,31,富邦-桃園,2023-04-27,9665
4707,磐亞,30,0,30,富邦-桃園,2023-04-27,9665
2303,聯電,28,5,23,富邦-桃園,2023-04-27,9665
2313,華通,24,2,22,富邦-桃園,2023-04-27,9665
3715,定穎投控,22,0,22,富邦-桃園,2023-04-27,9665
2489,瑞軒,20,0,20,富邦-桃園,2023-04-27,9665
6443,元晶,21,1,20,富邦-桃園,2023-04-27,9665
6161,捷波,20,0,20,富邦-桃園,2023-04-27,9665
00679B,元大美債20年,45,25,20,富邦-桃園,2023-04-27,9665
0050,元大台灣50,18,0,18,富邦-桃園,2023-04-27,9665
2002,中鋼,19,3,16,富邦-桃園,2023-04-27,9665
6235,華孚,16,0,16,富邦-桃園,2023-04-27,9665
1709,和益,27,11,16,富邦-桃園,2023-04-27,9665
00685L,群益臺灣加權正2,16,0,16,富邦-桃園,2023-04-27,9665
2498,宏達電,29,13,16,富邦-桃園,2023-04-27,9665
2375,凱美,16,0,16,富邦-桃園,2023-04-27,9665
00905,FT臺灣Smart,15,0,15,富邦-桃園,2023-04-27,9665
2891,中信金,15,2,13,富邦-桃園,2023-04-27,9665
1336,台翰,12,0,12,富邦-桃園,2023-04-27,9665
3037,欣興,23,11,12,富邦-桃園,2023-04-27,9665
4763,材料-KY,16,4,12,富邦-桃園,2023-04-27,9665
6138,茂達,14,2,12,富邦-桃園,2023-04-27,9665
1802,台玻,12,0,12,富邦-桃園,2023-04-27,9665
2834,臺企銀,12,1,11,富邦-桃園,2023-04-27,9665
00725B,國泰投資級公司債,11,0,11,富邦-桃園,2023-04-27,9665
4908,前鼎,11,0,11,富邦-桃園,2023-04-27,9665
2201,裕隆,11,0,11,富邦-桃園,2023-04-27,9665
2492,華新科,11,0,11,富邦-桃園,2023-04-27,9665
2610,華航,16,5,11,富邦-桃園,2023-04-27,9665
2208,台船,16,6,10,富邦-桃園,2023-04-27,9665
6189,豐藝,10,0,10,富邦-桃園,2023-04-27,9665
6239,力成,10,0,10,富邦-桃園,2023-04-27,9665
8042,金山電,10,0,10,富邦-桃園,2023-04-27,9665
1784,訊聯,12,2,10,富邦-桃園,2023-04-27,9665
2317,鴻海,12,3,9,富邦-桃園,2023-04-27,9665
00772B,中信高評級公司債,12,3,9,富邦-桃園,2023-04-27,9665
1316,上曜,10,1,9,富邦-桃園,2023-04-27,9665
4979,華星光,35,26,9,富邦-桃園,2023-04-27,9665
2330,台積電,9,0,9,富邦-桃園,2023-04-27,9665
00888,永豐台灣ESG,9,0,9,富邦-桃園,2023-04-27,9665
3483,力致,9,1,8,富邦-桃園,2023-04-27,9665
6125,廣運,8,0,8,富邦-桃園,2023-04-27,9665
00900,富邦特選高股息30,8,0,8,富邦-桃園,2023-04-27,9665
00680L,元大美債20正2,8,0,8,富邦-桃園,2023-04-27,9665
4961,天鈺,151,1,150,富邦-桃園,2023-04-28,9665
2891,中信金,62,0,62,富邦-桃園,2023-04-28,9665
00715L,期街口布蘭特正2,62,12,50,富邦-桃園,2023-04-28,9665
00795B,中信美國公債20年,46,1,45,富邦-桃園,2023-04-28,9665
2409,友達,109,67,42,富邦-桃園,2023-04-28,9665
1460,宏遠,40,0,40,富邦-桃園,2023-04-28,9665
00669R,國泰美國道瓊反1,50,10,40,富邦-桃園,2023-04-28,9665
00720B,元大投資級公司債,32,0,32,富邦-桃園,2023-04-28,9665
2022,聚亨,34,2,32,富邦-桃園,2023-04-28,9665
8112,至上,30,0,30,富邦-桃園,2023-04-28,9665
2801,彰銀,30,0,30,富邦-桃園,2023-04-28,9665
00891,中信關鍵半導體,29,0,29,富邦-桃園,2023-04-28,9665
2482,連宇,48,19,29,富邦-桃園,2023-04-28,9665
00922,國泰台灣領袖50,30,1,29,富邦-桃園,2023-04-28,9665
4952,凌通,30,3,27,富邦-桃園,2023-04-28,9665
2867,三商壽,26,0,26,富邦-桃園,2023-04-28,9665
1444,力麗,25,0,25,富邦-桃園,2023-04-28,9665
00631L,元大台灣50正2,23,0,23,富邦-桃園,2023-04-28,9665
2457,飛宏,43,21,22,富邦-桃園,2023-04-28,9665
2317,鴻海,30,9,21,富邦-桃園,2023-04-28,9665
4906,正文,21,0,21,富邦-桃園,2023-04-28,9665
2402,毅嘉,39,18,21,富邦-桃園,2023-04-28,9665
1711,永光,40,20,20,富邦-桃園,2023-04-28,9665
1513,中興電,22,2,20,富邦-桃園,2023-04-28,9665
6509,聚和,20,0,20,富邦-桃園,2023-04-28,9665
4707,磐亞,20,0,20,富邦-桃園,2023-04-28,9665
00751B,元大AAA至A公司債,19,0,19,富邦-桃園,2023-04-28,9665
6282,康舒,31,12,19,富邦-桃園,2023-04-28,9665
8222,寶一,83,64,19,富邦-桃園,2023-04-28,9665
3305,昇貿,20,2,18,富邦-桃園,2023-04-28,9665
4572,駐龍,23,5,18,富邦-桃園,2023-04-28,9665
00665L,富邦�琤肭磪囓�2,70,53,17,富邦-桃園,2023-04-28,9665
2101,南港,17,0,17,富邦-桃園,2023-04-28,9665
6806,森崴能源,27,10,17,富邦-桃園,2023-04-28,9665
1905,華紙,37,20,17,富邦-桃園,2023-04-28,9665
00680L,元大美債20正2,15,0,15,富邦-桃園,2023-04-28,9665
3290,東浦,15,0,15,富邦-桃園,2023-04-28,9665
6226,光鼎,15,0,15,富邦-桃園,2023-04-28,9665
3576,聯合再生,18,4,14,富邦-桃園,2023-04-28,9665
3004,豐達科,18,4,14,富邦-桃園,2023-04-28,9665
2027,大成鋼,13,0,13,富邦-桃園,2023-04-28,9665
00664R,國泰臺灣加權反1,13,0,13,富邦-桃園,2023-04-28,9665
4967,十銓,14,1,13,富邦-桃園,2023-04-28,9665
00900,富邦特選高股息30,17,5,12,富邦-桃園,2023-04-28,9665
2312,金寶,14,2,12,富邦-桃園,2023-04-28,9665
3090,日電貿,12,0,12,富邦-桃園,2023-04-28,9665
00919,群益台灣精選高息,11,0,11,富邦-桃園,2023-04-28,9665
2313,華通,11,0,11,富邦-桃園,2023-04-28,9665
2913,農林,11,0,11,富邦-桃園,2023-04-28,9665
3149,正達,10,0,10,富邦-桃園,2023-04-28,9665
1460,宏遠,170,20,150,富邦-桃園,2023-05-02,9665
2603,長榮,137,0,137,富邦-桃園,2023-05-02,9665
4961,天鈺,129,0,129,富邦-桃園,2023-05-02,9665
4121,優盛,75,10,65,富邦-桃園,2023-05-02,9665
00896,中信綠能及電動車,60,2,58,富邦-桃園,2023-05-02,9665
3231,緯創,124,71,53,富邦-桃園,2023-05-02,9665
4707,磐亞,50,0,50,富邦-桃園,2023-05-02,9665
2504,國產,61,15,46,富邦-桃園,2023-05-02,9665
00922,國泰台灣領袖50,41,1,40,富邦-桃園,2023-05-02,9665
2102,泰豐,40,0,40,富邦-桃園,2023-05-02,9665
00680L,元大美債20正2,31,0,31,富邦-桃園,2023-05-02,9665
2471,資通,37,11,26,富邦-桃園,2023-05-02,9665
00878,國泰永續高股息,74,48,26,富邦-桃園,2023-05-02,9665
2801,彰銀,28,3,25,富邦-桃園,2023-05-02,9665
5009,榮剛,29,4,25,富邦-桃園,2023-05-02,9665
5403,中菲,26,2,24,富邦-桃園,2023-05-02,9665
00795B,中信美國公債20年,24,0,24,富邦-桃園,2023-05-02,9665
2609,陽明,25,4,21,富邦-桃園,2023-05-02,9665
2633,台灣高鐵,20,0,20,富邦-桃園,2023-05-02,9665
2882,國泰金,36,17,19,富邦-桃園,2023-05-02,9665
1605,華新,26,8,18,富邦-桃園,2023-05-02,9665
00888,永豐台灣ESG,20,3,17,富邦-桃園,2023-05-02,9665
5222,全訊,26,9,17,富邦-桃園,2023-05-02,9665
2884,玉山金,16,1,15,富邦-桃園,2023-05-02,9665
3006,晶豪科,15,0,15,富邦-桃園,2023-05-02,9665
00885,富邦越南,15,0,15,富邦-桃園,2023-05-02,9665
2002,中鋼,28,14,14,富邦-桃園,2023-05-02,9665
3481,群創,33,19,14,富邦-桃園,2023-05-02,9665
1810,和成,14,0,14,富邦-桃園,2023-05-02,9665
9945,潤泰新,15,1,14,富邦-桃園,2023-05-02,9665
2880,華南金,18,5,13,富邦-桃園,2023-05-02,9665
3078,僑威,36,23,13,富邦-桃園,2023-05-02,9665
6163,華電網,15,2,13,富邦-桃園,2023-05-02,9665
2344,華邦電,39,27,12,富邦-桃園,2023-05-02,9665
6753,龍德造船,13,1,12,富邦-桃園,2023-05-02,9665
00679B,元大美債20年,21,9,12,富邦-桃園,2023-05-02,9665
00751B,元大AAA至A公司債,21,10,11,富邦-桃園,2023-05-02,9665
00642U,期元大S＆P石油,11,0,11,富邦-桃園,2023-05-02,9665
2495,普安,18,7,11,富邦-桃園,2023-05-02,9665
1789,神隆,11,0,11,富邦-桃園,2023-05-02,9665
00892,富邦台灣半導體,10,0,10,富邦-桃園,2023-05-02,9665
2497,怡利電,10,0,10,富邦-桃園,2023-05-02,9665
2516,新建,10,0,10,富邦-桃園,2023-05-02,9665
2481,強茂,10,0,10,富邦-桃園,2023-05-02,9665
1339,昭輝,10,0,10,富邦-桃園,2023-05-02,9665
2455,全新,11,1,10,富邦-桃園,2023-05-02,9665
00725B,國泰投資級公司債,9,0,9,富邦-桃園,2023-05-02,9665
8086,宏捷科,10,1,9,富邦-桃園,2023-05-02,9665
6129,普誠,9,0,9,富邦-桃園,2023-05-02,9665
4566,時碩工業,12,4,8,富邦-桃園,2023-05-02,9665
00878,國泰永續高股息,207,18,189,富邦-桃園,2023-05-03,9665
00712,復華富時不動產,102,1,101,富邦-桃園,2023-05-03,9665
3481,群創,69,0,69,富邦-桃園,2023-05-03,9665
00679B,元大美債20年,72,7,65,富邦-桃園,2023-05-03,9665
00715L,期街口布蘭特正2,127,69,58,富邦-桃園,2023-05-03,9665
1104,環泥,58,1,57,富邦-桃園,2023-05-03,9665
4707,磐亞,44,0,44,富邦-桃園,2023-05-03,9665
00772B,中信高評級公司債,41,2,39,富邦-桃園,2023-05-03,9665
1709,和益,41,2,39,富邦-桃園,2023-05-03,9665
00690,兆豐藍籌30,38,0,38,富邦-桃園,2023-05-03,9665
2337,旺宏,33,0,33,富邦-桃園,2023-05-03,9665
1904,正隆,31,0,31,富邦-桃園,2023-05-03,9665
00642U,期元大S＆P石油,30,1,29,富邦-桃園,2023-05-03,9665
3715,定穎投控,48,20,28,富邦-桃園,2023-05-03,9665
1444,力麗,25,0,25,富邦-桃園,2023-05-03,9665
1519,華城,44,20,24,富邦-桃園,2023-05-03,9665
2615,萬海,25,1,24,富邦-桃園,2023-05-03,9665
2102,泰豐,20,0,20,富邦-桃園,2023-05-03,9665
1721,三晃,33,13,20,富邦-桃園,2023-05-03,9665
2344,華邦電,22,3,19,富邦-桃園,2023-05-03,9665
00922,國泰台灣領袖50,19,0,19,富邦-桃園,2023-05-03,9665
2317,鴻海,19,1,18,富邦-桃園,2023-05-03,9665
1584,精剛,17,0,17,富邦-桃園,2023-05-03,9665
1503,士電,28,11,17,富邦-桃園,2023-05-03,9665
3006,晶豪科,22,5,17,富邦-桃園,2023-05-03,9665
6752,叡揚,42,25,17,富邦-桃園,2023-05-03,9665
3264,欣銓,17,0,17,富邦-桃園,2023-05-03,9665
2834,臺企銀,21,5,16,富邦-桃園,2023-05-03,9665
6288,聯嘉,21,5,16,富邦-桃園,2023-05-03,9665
00753L,中信中國50正2,16,0,16,富邦-桃園,2023-05-03,9665
3231,緯創,33,18,15,富邦-桃園,2023-05-03,9665
4968,立積,23,8,15,富邦-桃園,2023-05-03,9665
00713,元大台灣高息低波,13,0,13,富邦-桃園,2023-05-03,9665
6235,華孚,17,5,12,富邦-桃園,2023-05-03,9665
3236,千如,13,1,12,富邦-桃園,2023-05-03,9665
8147,正淩,12,0,12,富邦-桃園,2023-05-03,9665
2880,華南金,12,1,11,富邦-桃園,2023-05-03,9665
00888,永豐台灣ESG,11,0,11,富邦-桃園,2023-05-03,9665
00692,富邦公司治理,12,1,11,富邦-桃園,2023-05-03,9665
1514,亞力,22,11,11,富邦-桃園,2023-05-03,9665
2409,友達,33,23,10,富邦-桃園,2023-05-03,9665
2014,中鴻,15,5,10,富邦-桃園,2023-05-03,9665
1604,聲寶,10,0,10,富邦-桃園,2023-05-03,9665
00882,中信中國高股息,16,6,10,富邦-桃園,2023-05-03,9665
2601,益航,10,0,10,富邦-桃園,2023-05-03,9665
00655L,國泰中國A50正2,10,0,10,富邦-桃園,2023-05-03,9665
2732,六角,10,0,10,富邦-桃園,2023-05-03,9665
00853B,統一美債10年Aa-,10,0,10,富邦-桃園,2023-05-03,9665
4938,和碩,10,0,10,富邦-桃園,2023-05-03,9665
3035,智原,16,7,9,富邦-桃園,2023-05-03,9665
00715L,期街口布蘭特正2,305,2,303,富邦-桃園,2023-05-04,9665
00878,國泰永續高股息,133,17,116,富邦-桃園,2023-05-04,9665
1305,華夏,102,0,102,富邦-桃園,2023-05-04,9665
2867,三商壽,100,0,100,富邦-桃園,2023-05-04,9665
9105,泰金寶-DR,100,0,100,富邦-桃園,2023-05-04,9665
2634,漢翔,121,32,89,富邦-桃園,2023-05-04,9665
00720B,元大投資級公司債,78,2,76,富邦-桃園,2023-05-04,9665
4953,緯軟,52,1,51,富邦-桃園,2023-05-04,9665
2471,資通,60,11,49,富邦-桃園,2023-05-04,9665
00712,復華富時不動產,47,0,47,富邦-桃園,2023-05-04,9665
3006,晶豪科,49,2,47,富邦-桃園,2023-05-04,9665
3046,建��,50,6,44,富邦-桃園,2023-05-04,9665
4743,合一,40,0,40,富邦-桃園,2023-05-04,9665
4108,懷特,35,2,33,富邦-桃園,2023-05-04,9665
00642U,期元大S＆P石油,32,0,32,富邦-桃園,2023-05-04,9665
1905,華紙,50,18,32,富邦-桃園,2023-05-04,9665
2880,華南金,31,1,30,富邦-桃園,2023-05-04,9665
1444,力麗,25,0,25,富邦-桃園,2023-05-04,9665
0056,元大高股息,51,26,25,富邦-桃園,2023-05-04,9665
2409,友達,44,20,24,富邦-桃園,2023-05-04,9665
5465,富驊,23,0,23,富邦-桃園,2023-05-04,9665
8121,越峰,23,1,22,富邦-桃園,2023-05-04,9665
3272,東碩,21,0,21,富邦-桃園,2023-05-04,9665
1460,宏遠,20,0,20,富邦-桃園,2023-05-04,9665
00679B,元大美債20年,32,14,18,富邦-桃園,2023-05-04,9665
2377,微星,16,0,16,富邦-桃園,2023-05-04,9665
1709,和益,21,5,16,富邦-桃園,2023-05-04,9665
2812,台中銀,20,5,15,富邦-桃園,2023-05-04,9665
3231,緯創,119,104,15,富邦-桃園,2023-05-04,9665
6244,茂迪,15,0,15,富邦-桃園,2023-05-04,9665
3025,星通,15,0,15,富邦-桃園,2023-05-04,9665
2002,中鋼,17,3,14,富邦-桃園,2023-05-04,9665
2882,國泰金,16,3,13,富邦-桃園,2023-05-04,9665
6220,岳豐,11,0,11,富邦-桃園,2023-05-04,9665
2618,長榮航,10,0,10,富邦-桃園,2023-05-04,9665
6218,豪勉,14,4,10,富邦-桃園,2023-05-04,9665
2913,農林,11,1,10,富邦-桃園,2023-05-04,9665
00751B,元大AAA至A公司債,11,1,10,富邦-桃園,2023-05-04,9665
00664R,國泰臺灣加權反1,10,0,10,富邦-桃園,2023-05-04,9665
6509,聚和,13,3,10,富邦-桃園,2023-05-04,9665
3058,立德,18,8,10,富邦-桃園,2023-05-04,9665
6122,擎邦,11,1,10,富邦-桃園,2023-05-04,9665
6153,嘉聯益,10,0,10,富邦-桃園,2023-05-04,9665
2317,鴻海,10,2,8,富邦-桃園,2023-05-04,9665
00924,復華S＆P500成長,8,0,8,富邦-桃園,2023-05-04,9665
3363,上詮,21,13,8,富邦-桃園,2023-05-04,9665
8072,陞泰,8,0,8,富邦-桃園,2023-05-04,9665
00690,兆豐藍籌30,7,0,7,富邦-桃園,2023-05-04,9665
1718,中纖,7,0,7,富邦-桃園,2023-05-04,9665
2601,益航,7,0,7,富邦-桃園,2023-05-04,9665
00878,國泰永續高股息,161,8,153,富邦-桃園,2023-05-05,9665
00715L,期街口布蘭特正2,124,2,122,富邦-桃園,2023-05-05,9665
00642U,期元大S＆P石油,102,0,102,富邦-桃園,2023-05-05,9665
00885,富邦越南,59,1,58,富邦-桃園,2023-05-05,9665
00712,復華富時不動產,55,0,55,富邦-桃園,2023-05-05,9665
00632R,元大台灣50反1,58,5,53,富邦-桃園,2023-05-05,9665
1905,華紙,76,24,52,富邦-桃園,2023-05-05,9665
00751B,元大AAA至A公司債,51,5,46,富邦-桃園,2023-05-05,9665
6209,今國光,45,1,44,富邦-桃園,2023-05-05,9665
1104,環泥,34,1,33,富邦-桃園,2023-05-05,9665
2317,鴻海,31,0,31,富邦-桃園,2023-05-05,9665
2634,漢翔,63,37,26,富邦-桃園,2023-05-05,9665
2609,陽明,28,3,25,富邦-桃園,2023-05-05,9665
2353,宏��,30,6,24,富邦-桃園,2023-05-05,9665
8215,明基材,22,2,20,富邦-桃園,2023-05-05,9665
2368,金像電,25,6,19,富邦-桃園,2023-05-05,9665
3363,上詮,36,17,19,富邦-桃園,2023-05-05,9665
00795B,中信美國公債20年,17,0,17,富邦-桃園,2023-05-05,9665
6244,茂迪,72,55,17,富邦-桃園,2023-05-05,9665
1513,中興電,41,24,17,富邦-桃園,2023-05-05,9665
2002,中鋼,17,0,17,富邦-桃園,2023-05-05,9665
1519,華城,25,9,16,富邦-桃園,2023-05-05,9665
4108,懷特,16,0,16,富邦-桃園,2023-05-05,9665
00720B,元大投資級公司債,15,0,15,富邦-桃園,2023-05-05,9665
3479,安勤,28,13,15,富邦-桃園,2023-05-05,9665
4173,久裕,20,5,15,富邦-桃園,2023-05-05,9665
1460,宏遠,15,0,15,富邦-桃園,2023-05-05,9665
6282,康舒,16,2,14,富邦-桃園,2023-05-05,9665
1904,正隆,14,1,13,富邦-桃園,2023-05-05,9665
2457,飛宏,17,4,13,富邦-桃園,2023-05-05,9665
00687B,國泰20年美債,21,8,13,富邦-桃園,2023-05-05,9665
2610,華航,21,8,13,富邦-桃園,2023-05-05,9665
00891,中信關鍵半導體,13,0,13,富邦-桃園,2023-05-05,9665
00696B,富邦美債20年,13,1,12,富邦-桃園,2023-05-05,9665
1504,東元,17,5,12,富邦-桃園,2023-05-05,9665
2103,台橡,12,0,12,富邦-桃園,2023-05-05,9665
1784,訊聯,31,19,12,富邦-桃園,2023-05-05,9665
2453,凌群,23,11,12,富邦-桃園,2023-05-05,9665
6129,普誠,12,1,11,富邦-桃園,2023-05-05,9665
5009,榮剛,12,1,11,富邦-桃園,2023-05-05,9665
2482,連宇,17,6,11,富邦-桃園,2023-05-05,9665
2485,兆赫,11,0,11,富邦-桃園,2023-05-05,9665
8476,台境*,10,0,10,富邦-桃園,2023-05-05,9665
1526,日馳,10,0,10,富邦-桃園,2023-05-05,9665
4119,旭富,11,1,10,富邦-桃園,2023-05-05,9665
1447,力鵬,10,0,10,富邦-桃園,2023-05-05,9665
5347,世界,10,0,10,富邦-桃園,2023-05-05,9665
2630,亞航,17,7,10,富邦-桃園,2023-05-05,9665
1516,川飛,10,0,10,富邦-桃園,2023-05-05,9665
00897,富邦基因免疫生技,10,0,10,富邦-桃園,2023-05-05,9665
00712,復華富時不動產,218,7,211,富邦-桃園,2023-05-08,9665
00679B,元大美債20年,120,7,113,富邦-桃園,2023-05-08,9665
00673R,期元大S＆P原油反1,100,6,94,富邦-桃園,2023-05-08,9665
00878,國泰永續高股息,97,29,68,富邦-桃園,2023-05-08,9665
1504,東元,149,94,55,富邦-桃園,2023-05-08,9665
4541,晟田,85,40,45,富邦-桃園,2023-05-08,9665
1316,上曜,40,0,40,富邦-桃園,2023-05-08,9665
3540,曜越,36,0,36,富邦-桃園,2023-05-08,9665
2880,華南金,44,11,33,富邦-桃園,2023-05-08,9665
4167,松瑞藥,31,0,31,富邦-桃園,2023-05-08,9665
00720B,元大投資級公司債,25,0,25,富邦-桃園,2023-05-08,9665
6443,元晶,26,2,24,富邦-桃園,2023-05-08,9665
2887,台新金,34,11,23,富邦-桃園,2023-05-08,9665
00923,群益台ESG低碳50,21,0,21,富邦-桃園,2023-05-08,9665
3149,正達,21,0,21,富邦-桃園,2023-05-08,9665
3038,全台,23,2,21,富邦-桃園,2023-05-08,9665
1605,華新,69,48,21,富邦-桃園,2023-05-08,9665
00896,中信綠能及電動車,21,1,20,富邦-桃園,2023-05-08,9665
3052,夆典,20,0,20,富邦-桃園,2023-05-08,9665
3363,上詮,36,16,20,富邦-桃園,2023-05-08,9665
5498,凱崴,22,2,20,富邦-桃園,2023-05-08,9665
2883,凱基金,211,191,20,富邦-桃園,2023-05-08,9665
2881,富邦金,22,2,20,富邦-桃園,2023-05-08,9665
00632R,元大台灣50反1,25,6,19,富邦-桃園,2023-05-08,9665
1530,亞崴,18,0,18,富邦-桃園,2023-05-08,9665
2317,鴻海,16,0,16,富邦-桃園,2023-05-08,9665
2498,宏達電,16,2,14,富邦-桃園,2023-05-08,9665
00688L,國泰20年美債正2,14,0,14,富邦-桃園,2023-05-08,9665
8996,高力,16,3,13,富邦-桃園,2023-05-08,9665
3481,群創,13,0,13,富邦-桃園,2023-05-08,9665
1218,泰山,49,36,13,富邦-桃園,2023-05-08,9665
2231,為升,12,0,12,富邦-桃園,2023-05-08,9665
3025,星通,12,0,12,富邦-桃園,2023-05-08,9665
2542,興富發,15,4,11,富邦-桃園,2023-05-08,9665
1802,台玻,11,0,11,富邦-桃園,2023-05-08,9665
3591,艾笛森,12,1,11,富邦-桃園,2023-05-08,9665
8358,金居,11,0,11,富邦-桃園,2023-05-08,9665
2344,華邦電,11,0,11,富邦-桃園,2023-05-08,9665
2603,長榮,14,4,10,富邦-桃園,2023-05-08,9665
2443,昶虹,10,0,10,富邦-桃園,2023-05-08,9665
00634R,富邦上証反1,10,0,10,富邦-桃園,2023-05-08,9665
2801,彰銀,10,0,10,富邦-桃園,2023-05-08,9665
00710B,復華彭博非投等債,10,0,10,富邦-桃園,2023-05-08,9665
6220,岳豐,10,0,10,富邦-桃園,2023-05-08,9665
2913,農林,11,1,10,富邦-桃園,2023-05-08,9665
00924,復華S＆P500成長,10,0,10,富邦-桃園,2023-05-08,9665
6152,百一,10,0,10,富邦-桃園,2023-05-08,9665
6470,宇智,10,0,10,富邦-桃園,2023-05-08,9665
3703,欣陸,10,0,10,富邦-桃園,2023-05-08,9665
00680L,元大美債20正2,9,0,9,富邦-桃園,2023-05-08,9665
00878,國泰永續高股息,180,27,153,富邦-桃園,2023-05-09,9665
00680L,元大美債20正2,107,0,107,富邦-桃園,2023-05-09,9665
1904,正隆,96,5,91,富邦-桃園,2023-05-09,9665
00772B,中信高評級公司債,60,0,60,富邦-桃園,2023-05-09,9665
00751B,元大AAA至A公司債,54,0,54,富邦-桃園,2023-05-09,9665
1101,台泥,62,9,53,富邦-桃園,2023-05-09,9665
3715,定穎投控,84,43,41,富邦-桃園,2023-05-09,9665
00679B,元大美債20年,40,1,39,富邦-桃園,2023-05-09,9665
00720B,元大投資級公司債,37,0,37,富邦-桃園,2023-05-09,9665
6443,元晶,47,14,33,富邦-桃園,2023-05-09,9665
2834,臺企銀,27,0,27,富邦-桃園,2023-05-09,9665
8436,大江,40,13,27,富邦-桃園,2023-05-09,9665
2609,陽明,28,2,26,富邦-桃園,2023-05-09,9665
6218,豪勉,24,0,24,富邦-桃園,2023-05-09,9665
00687B,國泰20年美債,23,0,23,富邦-桃園,2023-05-09,9665
6152,百一,30,10,20,富邦-桃園,2023-05-09,9665
3540,曜越,20,0,20,富邦-桃園,2023-05-09,9665
2801,彰銀,17,0,17,富邦-桃園,2023-05-09,9665
00712,復華富時不動產,27,10,17,富邦-桃園,2023-05-09,9665
3706,神達,16,0,16,富邦-桃園,2023-05-09,9665
1612,宏泰,18,3,15,富邦-桃園,2023-05-09,9665
4979,華星光,32,17,15,富邦-桃園,2023-05-09,9665
00642U,期元大S＆P石油,17,2,15,富邦-桃園,2023-05-09,9665
5211,蒙恬,18,3,15,富邦-桃園,2023-05-09,9665
3576,聯合再生,14,0,14,富邦-桃園,2023-05-09,9665
3046,建��,70,56,14,富邦-桃園,2023-05-09,9665
3071,協禧,25,12,13,富邦-桃園,2023-05-09,9665
3058,立德,24,11,13,富邦-桃園,2023-05-09,9665
3038,全台,13,0,13,富邦-桃園,2023-05-09,9665
00725B,國泰投資級公司債,13,1,12,富邦-桃園,2023-05-09,9665
8215,明基材,13,1,12,富邦-桃園,2023-05-09,9665
00690,兆豐藍籌30,12,0,12,富邦-桃園,2023-05-09,9665
1711,永光,14,2,12,富邦-桃園,2023-05-09,9665
3437,榮創,12,0,12,富邦-桃園,2023-05-09,9665
6129,普誠,12,0,12,富邦-桃園,2023-05-09,9665
1810,和成,17,5,12,富邦-桃園,2023-05-09,9665
1611,中電,12,0,12,富邦-桃園,2023-05-09,9665
5284,jpp-KY,38,26,12,富邦-桃園,2023-05-09,9665
6743,安普新,11,0,11,富邦-桃園,2023-05-09,9665
8097,常珵,13,2,11,富邦-桃園,2023-05-09,9665
2915,潤泰全,11,0,11,富邦-桃園,2023-05-09,9665
4119,旭富,10,0,10,富邦-桃園,2023-05-09,9665
4572,駐龍,10,0,10,富邦-桃園,2023-05-09,9665
2845,遠東銀,10,0,10,富邦-桃園,2023-05-09,9665
8476,台境*,10,0,10,富邦-桃園,2023-05-09,9665
1605,華新,47,37,10,富邦-桃園,2023-05-09,9665
00688L,國泰20年美債正2,9,0,9,富邦-桃園,2023-05-09,9665
1471,首利,9,0,9,富邦-桃園,2023-05-09,9665
8147,正淩,9,0,9,富邦-桃園,2023-05-09,9665
1218,泰山,25,16,9,富邦-桃園,2023-05-09,9665
2834,臺企銀,109,0,109,富邦-桃園,2023-05-10,9665
1904,正隆,111,9,102,富邦-桃園,2023-05-10,9665
00680L,元大美債20正2,89,0,89,富邦-桃園,2023-05-10,9665
1905,華紙,136,52,84,富邦-桃園,2023-05-10,9665
1609,大亞,122,72,50,富邦-桃園,2023-05-10,9665
2547,日勝生,50,0,50,富邦-桃園,2023-05-10,9665
3231,緯創,45,0,45,富邦-桃園,2023-05-10,9665
3046,建��,46,6,40,富邦-桃園,2023-05-10,9665
4953,緯軟,40,0,40,富邦-桃園,2023-05-10,9665
5498,凱崴,32,0,32,富邦-桃園,2023-05-10,9665
3588,通嘉,30,0,30,富邦-桃園,2023-05-10,9665
00679B,元大美債20年,29,0,29,富邦-桃園,2023-05-10,9665
00687B,國泰20年美債,26,0,26,富邦-桃園,2023-05-10,9665
0056,元大高股息,26,0,26,富邦-桃園,2023-05-10,9665
2883,凱基金,27,3,24,富邦-桃園,2023-05-10,9665
00878,國泰永續高股息,71,48,23,富邦-桃園,2023-05-10,9665
6235,華孚,127,104,23,富邦-桃園,2023-05-10,9665
00655L,國泰中國A50正2,22,0,22,富邦-桃園,2023-05-10,9665
3049,精金,21,0,21,富邦-桃園,2023-05-10,9665
6226,光鼎,20,0,20,富邦-桃園,2023-05-10,9665
00676R,富邦臺灣加權反1,19,0,19,富邦-桃園,2023-05-10,9665
00753L,中信中國50正2,19,0,19,富邦-桃園,2023-05-10,9665
00637L,元大滬深300正2,16,0,16,富邦-桃園,2023-05-10,9665
2344,華邦電,16,0,16,富邦-桃園,2023-05-10,9665
2890,永豐金,13,0,13,富邦-桃園,2023-05-10,9665
4979,華星光,63,50,13,富邦-桃園,2023-05-10,9665
00712,復華富時不動產,13,0,13,富邦-桃園,2023-05-10,9665
00690,兆豐藍籌30,12,0,12,富邦-桃園,2023-05-10,9665
3363,上詮,13,1,12,富邦-桃園,2023-05-10,9665
6185,幃翔,12,0,12,富邦-桃園,2023-05-10,9665
00888,永豐台灣ESG,11,0,11,富邦-桃園,2023-05-10,9665
2317,鴻海,17,6,11,富邦-桃園,2023-05-10,9665
00713,元大台灣高息低波,12,1,11,富邦-桃園,2023-05-10,9665
6770,力積電,11,0,11,富邦-桃園,2023-05-10,9665
00673R,期元大S＆P原油反1,11,0,11,富邦-桃園,2023-05-10,9665
6806,森崴能源,26,15,11,富邦-桃園,2023-05-10,9665
2406,國碩,11,0,11,富邦-桃園,2023-05-10,9665
00922,國泰台灣領袖50,10,0,10,富邦-桃園,2023-05-10,9665
2106,建大,10,0,10,富邦-桃園,2023-05-10,9665
1447,力鵬,10,0,10,富邦-桃園,2023-05-10,9665
6224,聚鼎,10,0,10,富邦-桃園,2023-05-10,9665
3011,今皓,10,0,10,富邦-桃園,2023-05-10,9665
00674R,期元大S＆P黃金反1,10,0,10,富邦-桃園,2023-05-10,9665
3059,華晶科,10,0,10,富邦-桃園,2023-05-10,9665
2208,台船,11,1,10,富邦-桃園,2023-05-10,9665
5469,瀚宇博,10,0,10,富邦-桃園,2023-05-10,9665
4551,智伸科,10,0,10,富邦-桃園,2023-05-10,9665
3715,定穎投控,38,28,10,富邦-桃園,2023-05-10,9665
1503,士電,14,5,9,富邦-桃園,2023-05-10,9665
2371,大同,9,0,9,富邦-桃園,2023-05-10,9665
2834,臺企銀,142,3,139,富邦-桃園,2023-05-11,9665
2610,華航,125,10,115,富邦-桃園,2023-05-11,9665
1609,大亞,87,0,87,富邦-桃園,2023-05-11,9665
2634,漢翔,55,7,48,富邦-桃園,2023-05-11,9665
1447,力鵬,44,0,44,富邦-桃園,2023-05-11,9665
2913,農林,45,1,44,富邦-桃園,2023-05-11,9665
1101,台泥,47,5,42,富邦-桃園,2023-05-11,9665
6160,欣技,49,14,35,富邦-桃園,2023-05-11,9665
4114,健喬,37,4,33,富邦-桃園,2023-05-11,9665
2409,友達,47,15,32,富邦-桃園,2023-05-11,9665
3234,光環,32,0,32,富邦-桃園,2023-05-11,9665
2317,鴻海,34,4,30,富邦-桃園,2023-05-11,9665
2883,凱基金,31,1,30,富邦-桃園,2023-05-11,9665
2547,日勝生,30,0,30,富邦-桃園,2023-05-11,9665
3481,群創,29,0,29,富邦-桃園,2023-05-11,9665
1530,亞崴,29,0,29,富邦-桃園,2023-05-11,9665
2736,富野,30,2,28,富邦-桃園,2023-05-11,9665
00751B,元大AAA至A公司債,27,1,26,富邦-桃園,2023-05-11,9665
00772B,中信高評級公司債,26,0,26,富邦-桃園,2023-05-11,9665
00878,國泰永續高股息,56,33,23,富邦-桃園,2023-05-11,9665
6806,森崴能源,63,41,22,富邦-桃園,2023-05-11,9665
00712,復華富時不動產,21,0,21,富邦-桃園,2023-05-11,9665
3264,欣銓,21,0,21,富邦-桃園,2023-05-11,9665
2630,亞航,28,7,21,富邦-桃園,2023-05-11,9665
3149,正達,22,2,20,富邦-桃園,2023-05-11,9665
2337,旺宏,20,0,20,富邦-桃園,2023-05-11,9665
6218,豪勉,35,16,19,富邦-桃園,2023-05-11,9665
2542,興富發,43,25,18,富邦-桃園,2023-05-11,9665
2478,大毅,18,0,18,富邦-桃園,2023-05-11,9665
1905,華紙,56,38,18,富邦-桃園,2023-05-11,9665
2313,華通,20,3,17,富邦-桃園,2023-05-11,9665
3058,立德,25,9,16,富邦-桃園,2023-05-11,9665
3588,通嘉,16,0,16,富邦-桃園,2023-05-11,9665
00632R,元大台灣50反1,211,195,16,富邦-桃園,2023-05-11,9665
4967,十銓,15,0,15,富邦-桃園,2023-05-11,9665
2457,飛宏,17,2,15,富邦-桃園,2023-05-11,9665
6727,亞泰金屬,14,0,14,富邦-桃園,2023-05-11,9665
2497,怡利電,30,16,14,富邦-桃園,2023-05-11,9665
1727,中華化,14,0,14,富邦-桃園,2023-05-11,9665
4306,炎洲,13,0,13,富邦-桃園,2023-05-11,9665
3038,全台,18,5,13,富邦-桃園,2023-05-11,9665
6133,金橋,13,0,13,富邦-桃園,2023-05-11,9665
6167,久正,13,0,13,富邦-桃園,2023-05-11,9665
1733,五鼎,12,0,12,富邦-桃園,2023-05-11,9665
5498,凱崴,20,8,12,富邦-桃園,2023-05-11,9665
1612,宏泰,12,0,12,富邦-桃園,2023-05-11,9665
6469,大樹,14,2,12,富邦-桃園,2023-05-11,9665
00753L,中信中國50正2,11,0,11,富邦-桃園,2023-05-11,9665
2206,三陽工業,16,5,11,富邦-桃園,2023-05-11,9665
1218,泰山,11,0,11,富邦-桃園,2023-05-11,9665
3481,群創,64,0,64,富邦-桃園,2023-05-12,9665
2888,新光金,59,0,59,富邦-桃園,2023-05-12,9665
00637L,元大滬深300正2,54,0,54,富邦-桃園,2023-05-12,9665
2882,國泰金,55,4,51,富邦-桃園,2023-05-12,9665
2317,鴻海,52,4,48,富邦-桃園,2023-05-12,9665
2409,友達,47,4,43,富邦-桃園,2023-05-12,9665
00715L,期街口布蘭特正2,144,108,36,富邦-桃園,2023-05-12,9665
00633L,富邦上証正2,34,0,34,富邦-桃園,2023-05-12,9665
1101,台泥,32,0,32,富邦-桃園,2023-05-12,9665
2880,華南金,32,0,32,富邦-桃園,2023-05-12,9665
2610,華航,27,1,26,富邦-桃園,2023-05-12,9665
00878,國泰永續高股息,25,2,23,富邦-桃園,2023-05-12,9665
2883,凱基金,34,12,22,富邦-桃園,2023-05-12,9665
1504,東元,26,5,21,富邦-桃園,2023-05-12,9665
00673R,期元大S＆P原油反1,23,2,21,富邦-桃園,2023-05-12,9665
2515,中工,20,0,20,富邦-桃園,2023-05-12,9665
4744,皇將,21,1,20,富邦-桃園,2023-05-12,9665
1905,華紙,68,53,15,富邦-桃園,2023-05-12,9665
6689,伊雲谷,16,1,15,富邦-桃園,2023-05-12,9665
0056,元大高股息,15,1,14,富邦-桃園,2023-05-12,9665
00713,元大台灣高息低波,13,0,13,富邦-桃園,2023-05-12,9665
3078,僑威,25,12,13,富邦-桃園,2023-05-12,9665
2451,創見,13,0,13,富邦-桃園,2023-05-12,9665
00708L,期元大S＆P黃金正2,13,0,13,富邦-桃園,2023-05-12,9665
6133,金橋,13,0,13,富邦-桃園,2023-05-12,9665
6122,擎邦,62,50,12,富邦-桃園,2023-05-12,9665
6782,視陽,11,0,11,富邦-桃園,2023-05-12,9665
6269,台郡,11,0,11,富邦-桃園,2023-05-12,9665
1609,大亞,11,0,11,富邦-桃園,2023-05-12,9665
4973,廣穎,10,0,10,富邦-桃園,2023-05-12,9665
4119,旭富,10,0,10,富邦-桃園,2023-05-12,9665
2478,大毅,10,0,10,富邦-桃園,2023-05-12,9665
00674R,期元大S＆P黃金反1,10,0,10,富邦-桃園,2023-05-12,9665
1336,台翰,10,0,10,富邦-桃園,2023-05-12,9665
3052,夆典,10,0,10,富邦-桃園,2023-05-12,9665
4938,和碩,11,1,10,富邦-桃園,2023-05-12,9665
1795,美時,18,8,10,富邦-桃園,2023-05-12,9665
00900,富邦特選高股息30,11,2,9,富邦-桃園,2023-05-12,9665
3576,聯合再生,9,0,9,富邦-桃園,2023-05-12,9665
2834,臺企銀,9,0,9,富邦-桃園,2023-05-12,9665
6126,信音,10,1,9,富邦-桃園,2023-05-12,9665
4566,時碩工業,10,1,9,富邦-桃園,2023-05-12,9665
2002,中鋼,10,1,9,富邦-桃園,2023-05-12,9665
00882,中信中國高股息,9,0,9,富邦-桃園,2023-05-12,9665
6285,啟��,13,5,8,富邦-桃園,2023-05-12,9665
3058,立德,10,2,8,富邦-桃園,2023-05-12,9665
1453,大將,8,0,8,富邦-桃園,2023-05-12,9665
5284,jpp-KY,15,7,8,富邦-桃園,2023-05-12,9665
00655L,國泰中國A50正2,8,0,8,富邦-桃園,2023-05-12,9665
006208,富邦台50,10,2,8,富邦-桃園,2023-05-12,9665
00878,國泰永續高股息,100,36,64,富邦-桃園,2023-05-15,9665
1905,華紙,73,21,52,富邦-桃園,2023-05-15,9665
2867,三商壽,50,0,50,富邦-桃園,2023-05-15,9665
00687B,國泰20年美債,59,11,48,富邦-桃園,2023-05-15,9665
2634,漢翔,55,12,43,富邦-桃園,2023-05-15,9665
1444,力麗,42,0,42,富邦-桃園,2023-05-15,9665
00715L,期街口布蘭特正2,37,0,37,富邦-桃園,2023-05-15,9665
4114,健喬,51,15,36,富邦-桃園,2023-05-15,9665
00633L,富邦上証正2,40,5,35,富邦-桃園,2023-05-15,9665
00632R,元大台灣50反1,31,1,30,富邦-桃園,2023-05-15,9665
2317,鴻海,31,2,29,富邦-桃園,2023-05-15,9665
00680L,元大美債20正2,24,0,24,富邦-桃園,2023-05-15,9665
3231,緯創,54,31,23,富邦-桃園,2023-05-15,9665
2609,陽明,28,6,22,富邦-桃園,2023-05-15,9665
6122,擎邦,90,69,21,富邦-桃園,2023-05-15,9665
5531,鄉林,21,0,21,富邦-桃園,2023-05-15,9665
3058,立德,20,0,20,富邦-桃園,2023-05-15,9665
2356,英業達,28,8,20,富邦-桃園,2023-05-15,9665
1101,台泥,38,20,18,富邦-桃園,2023-05-15,9665
8091,翔名,17,0,17,富邦-桃園,2023-05-15,9665
3062,建漢,41,25,16,富邦-桃園,2023-05-15,9665
3105,穩懋,17,2,15,富邦-桃園,2023-05-15,9665
6285,啟��,15,0,15,富邦-桃園,2023-05-15,9665
00720B,元大投資級公司債,14,0,14,富邦-桃園,2023-05-15,9665
00679B,元大美債20年,16,3,13,富邦-桃園,2023-05-15,9665
3202,樺晟,40,28,12,富邦-桃園,2023-05-15,9665
8996,高力,14,2,12,富邦-桃園,2023-05-15,9665
00882,中信中國高股息,12,0,12,富邦-桃園,2023-05-15,9665
8105,凌巨,12,0,12,富邦-桃園,2023-05-15,9665
9945,潤泰新,12,0,12,富邦-桃園,2023-05-15,9665
3545,敦泰,11,0,11,富邦-桃園,2023-05-15,9665
4119,旭富,11,0,11,富邦-桃園,2023-05-15,9665
1609,大亞,35,24,11,富邦-桃園,2023-05-15,9665
2303,聯電,12,2,10,富邦-桃園,2023-05-15,9665
3052,夆典,10,0,10,富邦-桃園,2023-05-15,9665
1336,台翰,10,0,10,富邦-桃園,2023-05-15,9665
2331,精英,10,0,10,富邦-桃園,2023-05-15,9665
2538,基泰,10,0,10,富邦-桃園,2023-05-15,9665
3228,金麗科,10,0,10,富邦-桃園,2023-05-15,9665
1524,耿鼎,10,0,10,富邦-桃園,2023-05-15,9665
6727,亞泰金屬,10,0,10,富邦-桃園,2023-05-15,9665
8074,鉅橡,10,0,10,富邦-桃園,2023-05-15,9665
1513,中興電,13,4,9,富邦-桃園,2023-05-15,9665
3078,僑威,9,0,9,富邦-桃園,2023-05-15,9665
3548,兆利,12,3,9,富邦-桃園,2023-05-15,9665
6163,華電網,9,0,9,富邦-桃園,2023-05-15,9665
3034,聯詠,9,1,8,富邦-桃園,2023-05-15,9665
00713,元大台灣高息低波,9,0,9,富邦-桃園,2023-05-15,9665
5871,中租-KY,9,0,9,富邦-桃園,2023-05-15,9665
00751B,元大AAA至A公司債,8,0,8,富邦-桃園,2023-05-15,9665
4961,天鈺,133,5,128,富邦-桃園,2023-05-16,9665
00680L,元大美債20正2,106,0,106,富邦-桃園,2023-05-16,9665
2443,昶虹,90,0,90,富邦-桃園,2023-05-16,9665
00885,富邦越南,106,23,83,富邦-桃園,2023-05-16,9665
00751B,元大AAA至A公司債,85,10,75,富邦-桃園,2023-05-16,9665
4114,健喬,74,0,74,富邦-桃園,2023-05-16,9665
00772B,中信高評級公司債,59,0,59,富邦-桃園,2023-05-16,9665
2327,國巨,55,3,52,富邦-桃園,2023-05-16,9665
1608,華榮,50,0,50,富邦-桃園,2023-05-16,9665
3046,建��,43,3,40,富邦-桃園,2023-05-16,9665
8299,群聯,35,5,30,富邦-桃園,2023-05-16,9665
6218,豪勉,29,1,28,富邦-桃園,2023-05-16,9665
4967,十銓,44,20,24,富邦-桃園,2023-05-16,9665
2610,華航,55,31,24,富邦-桃園,2023-05-16,9665
2313,華通,22,0,22,富邦-桃園,2023-05-16,9665
5469,瀚宇博,21,0,21,富邦-桃園,2023-05-16,9665
1504,東元,38,18,20,富邦-桃園,2023-05-16,9665
2382,廣達,29,10,19,富邦-桃園,2023-05-16,9665
2801,彰銀,20,1,19,富邦-桃園,2023-05-16,9665
4904,遠傳,20,1,19,富邦-桃園,2023-05-16,9665
6005,群益證,15,0,15,富邦-桃園,2023-05-16,9665
00673R,期元大S＆P原油反1,14,0,14,富邦-桃園,2023-05-16,9665
6712,長聖,19,6,13,富邦-桃園,2023-05-16,9665
1444,力麗,12,0,12,富邦-桃園,2023-05-16,9665
2495,普安,12,0,12,富邦-桃園,2023-05-16,9665
00882,中信中國高股息,14,3,11,富邦-桃園,2023-05-16,9665
00722B,群益投資級電信債,11,0,11,富邦-桃園,2023-05-16,9665
00712,復華富時不動產,10,0,10,富邦-桃園,2023-05-16,9665
2380,虹光,10,0,10,富邦-桃園,2023-05-16,9665
6152,百一,10,0,10,富邦-桃園,2023-05-16,9665
2331,精英,10,0,10,富邦-桃園,2023-05-16,9665
4121,優盛,10,0,10,富邦-桃園,2023-05-16,9665
5284,jpp-KY,21,11,10,富邦-桃園,2023-05-16,9665
00642U,期元大S＆P石油,15,5,10,富邦-桃園,2023-05-16,9665
2530,華建,10,0,10,富邦-桃園,2023-05-16,9665
3290,東浦,11,1,10,富邦-桃園,2023-05-16,9665
6558,興能高,11,2,9,富邦-桃園,2023-05-16,9665
1711,永光,11,2,9,富邦-桃園,2023-05-16,9665
4908,前鼎,10,1,9,富邦-桃園,2023-05-16,9665
5498,凱崴,10,1,9,富邦-桃園,2023-05-16,9665
6160,欣技,32,23,9,富邦-桃園,2023-05-16,9665
2014,中鴻,9,1,8,富邦-桃園,2023-05-16,9665
3025,星通,8,0,8,富邦-桃園,2023-05-16,9665
2609,陽明,8,1,7,富邦-桃園,2023-05-16,9665
6182,合晶,7,0,7,富邦-桃園,2023-05-16,9665
8011,台通,10,3,7,富邦-桃園,2023-05-16,9665
00679B,元大美債20年,12,6,6,富邦-桃園,2023-05-16,9665
1319,東陽,6,0,6,富邦-桃園,2023-05-16,9665
4919,新唐,7,1,6,富邦-桃園,2023-05-16,9665
3694,海華,6,0,6,富邦-桃園,2023-05-16,9665
00632R,元大台灣50反1,806,33,773,富邦-桃園,2023-05-17,9665
2618,長榮航,259,6,253,富邦-桃園,2023-05-17,9665
00878,國泰永續高股息,215,42,173,富邦-桃園,2023-05-17,9665
1101,台泥,100,10,90,富邦-桃園,2023-05-17,9665
00715L,期街口布蘭特正2,73,3,70,富邦-桃園,2023-05-17,9665
00633L,富邦上証正2,65,0,65,富邦-桃園,2023-05-17,9665
00751B,元大AAA至A公司債,60,0,60,富邦-桃園,2023-05-17,9665
00720B,元大投資級公司債,49,0,49,富邦-桃園,2023-05-17,9665
3715,定穎投控,46,9,37,富邦-桃園,2023-05-17,9665
00680L,元大美債20正2,33,0,33,富邦-桃園,2023-05-17,9665
4953,緯軟,33,0,33,富邦-桃園,2023-05-17,9665
6811,宏�硌穈T,31,1,30,富邦-桃園,2023-05-17,9665
00679B,元大美債20年,44,17,27,富邦-桃園,2023-05-17,9665
1810,和成,28,2,26,富邦-桃園,2023-05-17,9665
00687B,國泰20年美債,24,0,24,富邦-桃園,2023-05-17,9665
00664R,國泰臺灣加權反1,23,0,23,富邦-桃園,2023-05-17,9665
00690,兆豐藍籌30,23,1,22,富邦-桃園,2023-05-17,9665
5465,富驊,20,0,20,富邦-桃園,2023-05-17,9665
00712,復華富時不動產,22,2,20,富邦-桃園,2023-05-17,9665
00882,中信中國高股息,19,0,19,富邦-桃園,2023-05-17,9665
3090,日電貿,18,0,18,富邦-桃園,2023-05-17,9665
3362,先進光,18,2,16,富邦-桃園,2023-05-17,9665
1584,精剛,19,3,16,富邦-桃園,2023-05-17,9665
00637L,元大滬深300正2,14,0,14,富邦-桃園,2023-05-17,9665
6640,均華,13,0,13,富邦-桃園,2023-05-17,9665
00673R,期元大S＆P原油反1,12,0,12,富邦-桃園,2023-05-17,9665
3363,上詮,33,22,11,富邦-桃園,2023-05-17,9665
2449,京元電子,11,0,11,富邦-桃園,2023-05-17,9665
2603,長榮,11,1,10,富邦-桃園,2023-05-17,9665
2457,飛宏,34,24,10,富邦-桃園,2023-05-17,9665
4973,廣穎,10,0,10,富邦-桃園,2023-05-17,9665
1605,華新,11,1,10,富邦-桃園,2023-05-17,9665
00688L,國泰20年美債正2,10,0,10,富邦-桃園,2023-05-17,9665
2010,春源,10,0,10,富邦-桃園,2023-05-17,9665
4121,優盛,10,0,10,富邦-桃園,2023-05-17,9665
6167,久正,10,0,10,富邦-桃園,2023-05-17,9665
1503,士電,13,4,9,富邦-桃園,2023-05-17,9665
6218,豪勉,10,1,9,富邦-桃園,2023-05-17,9665
6470,宇智,8,0,8,富邦-桃園,2023-05-17,9665
8076,伍豐,17,9,8,富邦-桃園,2023-05-17,9665
00725B,國泰投資級公司債,7,0,7,富邦-桃園,2023-05-17,9665
00795B,中信美國公債20年,7,0,7,富邦-桃園,2023-05-17,9665
2069,運錩,7,0,7,富邦-桃園,2023-05-17,9665
6261,久元,7,0,7,富邦-桃園,2023-05-17,9665
00696B,富邦美債20年,7,0,7,富邦-桃園,2023-05-17,9665
1752,南光,6,0,6,富邦-桃園,2023-05-17,9665
3162,精確,7,1,6,富邦-桃園,2023-05-17,9665
2230,泰茂,6,0,6,富邦-桃園,2023-05-17,9665
4956,光鋐,6,0,6,富邦-桃園,2023-05-17,9665
2471,資通,10,4,6,富邦-桃園,2023-05-17,9665
2327,國巨,206,1,205,富邦-桃園,2023-05-18,9665
00680L,元大美債20正2,115,5,110,富邦-桃園,2023-05-18,9665
00632R,元大台灣50反1,229,124,105,富邦-桃園,2023-05-18,9665
00885,富邦越南,103,1,102,富邦-桃園,2023-05-18,9665
00633L,富邦上証正2,53,0,53,富邦-桃園,2023-05-18,9665
1314,中石化,60,10,50,富邦-桃園,2023-05-18,9665
00687B,國泰20年美債,42,0,42,富邦-桃園,2023-05-18,9665
2634,漢翔,42,0,42,富邦-桃園,2023-05-18,9665
1608,華榮,42,0,42,富邦-桃園,2023-05-18,9665
2349,錸德,40,0,40,富邦-桃園,2023-05-18,9665
00751B,元大AAA至A公司債,39,0,39,富邦-桃園,2023-05-18,9665
6122,擎邦,45,8,37,富邦-桃園,2023-05-18,9665
3046,建��,44,9,35,富邦-桃園,2023-05-18,9665
2313,華通,33,0,33,富邦-桃園,2023-05-18,9665
6811,宏�硌穈T,32,0,32,富邦-桃園,2023-05-18,9665
00674R,期元大S＆P黃金反1,30,1,29,富邦-桃園,2023-05-18,9665
00679B,元大美債20年,29,1,28,富邦-桃園,2023-05-18,9665
00664R,國泰臺灣加權反1,38,13,25,富邦-桃園,2023-05-18,9665
00878,國泰永續高股息,104,79,25,富邦-桃園,2023-05-18,9665
2402,毅嘉,30,9,21,富邦-桃園,2023-05-18,9665
00713,元大台灣高息低波,20,1,19,富邦-桃園,2023-05-18,9665
00690,兆豐藍籌30,15,0,15,富邦-桃園,2023-05-18,9665
00712,復華富時不動產,14,0,14,富邦-桃園,2023-05-18,9665
2537,聯上發,14,0,14,富邦-桃園,2023-05-18,9665
00720B,元大投資級公司債,13,0,13,富邦-桃園,2023-05-18,9665
2427,三商電,13,0,13,富邦-桃園,2023-05-18,9665
8222,寶一,26,13,13,富邦-桃園,2023-05-18,9665
3021,鴻名,12,0,12,富邦-桃園,2023-05-18,9665
6112,邁達特,29,18,11,富邦-桃園,2023-05-18,9665
4958,臻鼎-KY,11,0,11,富邦-桃園,2023-05-18,9665
2442,新美齊,11,0,11,富邦-桃園,2023-05-18,9665
2317,鴻海,13,2,11,富邦-桃園,2023-05-18,9665
6550,北極星藥業-KY,10,0,10,富邦-桃園,2023-05-18,9665
00924,復華S＆P500成長,10,0,10,富邦-桃園,2023-05-18,9665
3038,全台,10,0,10,富邦-桃園,2023-05-18,9665
2530,華建,10,0,10,富邦-桃園,2023-05-18,9665
4934,太極,10,0,10,富邦-桃園,2023-05-18,9665
2495,普安,11,1,10,富邦-桃園,2023-05-18,9665
3059,華晶科,10,0,10,富邦-桃園,2023-05-18,9665
2887,台新金,12,2,10,富邦-桃園,2023-05-18,9665
2409,友達,11,1,10,富邦-桃園,2023-05-18,9665
2633,台灣高鐵,10,0,10,富邦-桃園,2023-05-18,9665
2431,聯昌,10,0,10,富邦-桃園,2023-05-18,9665
00795B,中信美國公債20年,9,0,9,富邦-桃園,2023-05-18,9665
4128,中天,9,0,9,富邦-桃園,2023-05-18,9665
1762,中化生,10,1,9,富邦-桃園,2023-05-18,9665
00696B,富邦美債20年,8,0,8,富邦-桃園,2023-05-18,9665
2734,易飛網,15,7,8,富邦-桃園,2023-05-18,9665
3693,營邦,9,1,8,富邦-桃園,2023-05-18,9665
2387,精元,8,0,8,富邦-桃園,2023-05-18,9665
00680L,元大美債20正2,158,0,158,富邦-桃園,2023-05-19,9665
00772B,中信高評級公司債,72,0,72,富邦-桃園,2023-05-19,9665
1101,台泥,66,3,63,富邦-桃園,2023-05-19,9665
4533,協易機,60,0,60,富邦-桃園,2023-05-19,9665
00637L,元大滬深300正2,76,21,55,富邦-桃園,2023-05-19,9665
00687B,國泰20年美債,51,0,51,富邦-桃園,2023-05-19,9665
00896,中信綠能及電動車,50,0,50,富邦-桃園,2023-05-19,9665
00633L,富邦上証正2,48,0,48,富邦-桃園,2023-05-19,9665
3029,零壹,51,13,38,富邦-桃園,2023-05-19,9665
00882,中信中國高股息,33,0,33,富邦-桃園,2023-05-19,9665
00712,復華富時不動產,39,10,29,富邦-桃園,2023-05-19,9665
00751B,元大AAA至A公司債,26,0,26,富邦-桃園,2023-05-19,9665
00753L,中信中國50正2,26,0,26,富邦-桃園,2023-05-19,9665
2882,國泰金,40,15,25,富邦-桃園,2023-05-19,9665
3013,晟銘電,22,0,22,富邦-桃園,2023-05-19,9665
4906,正文,23,1,22,富邦-桃園,2023-05-19,9665
1314,中石化,21,0,21,富邦-桃園,2023-05-19,9665
2603,長榮,19,0,19,富邦-桃園,2023-05-19,9665
2471,資通,94,75,19,富邦-桃園,2023-05-19,9665
3703,欣陸,16,0,16,富邦-桃園,2023-05-19,9665
4931,新盛力,27,11,16,富邦-桃園,2023-05-19,9665
5009,榮剛,28,13,15,富邦-桃園,2023-05-19,9665
2393,億光,13,0,13,富邦-桃園,2023-05-19,9665
1584,精剛,20,7,13,富邦-桃園,2023-05-19,9665
00773B,中信優先金融債,12,0,12,富邦-桃園,2023-05-19,9665
5512,力麒,12,0,12,富邦-桃園,2023-05-19,9665
3363,上詮,16,4,12,富邦-桃園,2023-05-19,9665
3178,公準,12,0,12,富邦-桃園,2023-05-19,9665
00795B,中信美國公債20年,15,4,11,富邦-桃園,2023-05-19,9665
6218,豪勉,28,17,11,富邦-桃園,2023-05-19,9665
2736,富野,20,9,11,富邦-桃園,2023-05-19,9665
5315,光聯,11,0,11,富邦-桃園,2023-05-19,9665
2352,佳世達,27,16,11,富邦-桃園,2023-05-19,9665
2303,聯電,17,6,11,富邦-桃園,2023-05-19,9665
00696B,富邦美債20年,10,0,10,富邦-桃園,2023-05-19,9665
2605,新興,10,0,10,富邦-桃園,2023-05-19,9665
00780B,國泰A級金融債,10,0,10,富邦-桃園,2023-05-19,9665
2010,春源,10,0,10,富邦-桃園,2023-05-19,9665
2323,中環,22,12,10,富邦-桃園,2023-05-19,9665
2495,普安,11,1,10,富邦-桃園,2023-05-19,9665
6517,保勝光學,38,28,10,富邦-桃園,2023-05-19,9665
8215,明基材,10,0,10,富邦-桃園,2023-05-19,9665
9907,統一實,10,0,10,富邦-桃園,2023-05-19,9665
2002,中鋼,10,1,9,富邦-桃園,2023-05-19,9665
00688L,國泰20年美債正2,9,0,9,富邦-桃園,2023-05-19,9665
2913,農林,9,0,9,富邦-桃園,2023-05-19,9665
00761B,國泰A級公司債,9,0,9,富邦-桃園,2023-05-19,9665
4173,久裕,12,3,9,富邦-桃園,2023-05-19,9665
5521,工信,10,1,9,富邦-桃園,2023-05-19,9665
9958,世紀鋼,8,0,8,富邦-桃園,2023-05-19,9665
1104,環泥,101,0,101,富邦-桃園,2023-05-22,9665
00687B,國泰20年美債,75,0,75,富邦-桃園,2023-05-22,9665
00715L,期街口布蘭特正2,65,1,64,富邦-桃園,2023-05-22,9665
8097,常珵,53,2,51,富邦-桃園,2023-05-22,9665
2610,華航,152,101,51,富邦-桃園,2023-05-22,9665
00696B,富邦美債20年,46,0,46,富邦-桃園,2023-05-22,9665
2303,聯電,43,1,42,富邦-桃園,2023-05-22,9665
3037,欣興,32,9,23,富邦-桃園,2023-05-22,9665
6282,康舒,47,24,23,富邦-桃園,2023-05-22,9665
00690,兆豐藍籌30,21,0,21,富邦-桃園,2023-05-22,9665
00674R,期元大S＆P黃金反1,20,0,20,富邦-桃園,2023-05-22,9665
00751B,元大AAA至A公司債,19,0,19,富邦-桃園,2023-05-22,9665
1609,大亞,29,10,19,富邦-桃園,2023-05-22,9665
1314,中石化,20,1,19,富邦-桃園,2023-05-22,9665
1721,三晃,18,0,18,富邦-桃園,2023-05-22,9665
3058,立德,30,13,17,富邦-桃園,2023-05-22,9665
2442,新美齊,42,26,16,富邦-桃園,2023-05-22,9665
2887,台新金,17,1,16,富邦-桃園,2023-05-22,9665
4543,萬在,15,0,15,富邦-桃園,2023-05-22,9665
3703,欣陸,18,3,15,富邦-桃園,2023-05-22,9665
2368,金像電,26,12,14,富邦-桃園,2023-05-22,9665
2609,陽明,18,5,13,富邦-桃園,2023-05-22,9665
00795B,中信美國公債20年,12,0,12,富邦-桃園,2023-05-22,9665
2736,富野,12,0,12,富邦-桃園,2023-05-22,9665
8046,南電,14,3,11,富邦-桃園,2023-05-22,9665
5243,乙盛-KY,29,18,11,富邦-桃園,2023-05-22,9665
00773B,中信優先金融債,11,0,11,富邦-桃園,2023-05-22,9665
00680L,元大美債20正2,11,0,11,富邦-桃園,2023-05-22,9665
2371,大同,16,5,11,富邦-桃園,2023-05-22,9665
2913,農林,11,0,11,富邦-桃園,2023-05-22,9665
2548,華固,11,0,11,富邦-桃園,2023-05-22,9665
3231,緯創,25,14,11,富邦-桃園,2023-05-22,9665
1504,東元,45,35,10,富邦-桃園,2023-05-22,9665
6285,啟��,12,2,10,富邦-桃園,2023-05-22,9665
1316,上曜,10,0,10,富邦-桃園,2023-05-22,9665
3489,森寶,10,0,10,富邦-桃園,2023-05-22,9665
2332,友訊,10,0,10,富邦-桃園,2023-05-22,9665
1528,恩德,10,0,10,富邦-桃園,2023-05-22,9665
1727,中華化,30,20,10,富邦-桃園,2023-05-22,9665
2539,櫻花建,10,0,10,富邦-桃園,2023-05-22,9665
1584,精剛,11,1,10,富邦-桃園,2023-05-22,9665
2457,飛宏,13,3,10,富邦-桃園,2023-05-22,9665
2356,英業達,11,2,9,富邦-桃園,2023-05-22,9665
00882,中信中國高股息,9,0,9,富邦-桃園,2023-05-22,9665
3035,智原,13,5,8,富邦-桃園,2023-05-22,9665
2353,宏��,13,5,8,富邦-桃園,2023-05-22,9665
6535,順藥,9,1,8,富邦-桃園,2023-05-22,9665
8926,台汽電,8,0,8,富邦-桃園,2023-05-22,9665
6214,精誠,9,1,8,富邦-桃園,2023-05-22,9665
8935,邦泰,10,2,8,富邦-桃園,2023-05-22,9665
3062,建漢,95,15,80,富邦-桃園,2023-05-23,9665
00679B,元大美債20年,69,0,69,富邦-桃園,2023-05-23,9665
00687B,國泰20年美債,58,0,58,富邦-桃園,2023-05-23,9665
00772B,中信高評級公司債,52,0,52,富邦-桃園,2023-05-23,9665
1513,中興電,73,27,46,富邦-桃園,2023-05-23,9665
2409,友達,115,70,45,富邦-桃園,2023-05-23,9665
00882,中信中國高股息,43,0,43,富邦-桃園,2023-05-23,9665
00680L,元大美債20正2,45,3,42,富邦-桃園,2023-05-23,9665
00751B,元大AAA至A公司債,38,0,38,富邦-桃園,2023-05-23,9665
3041,揚智,35,0,35,富邦-桃園,2023-05-23,9665
2605,新興,31,1,30,富邦-桃園,2023-05-23,9665
2331,精英,27,0,27,富邦-桃園,2023-05-23,9665
6116,彩晶,25,0,25,富邦-桃園,2023-05-23,9665
3033,威健,24,1,23,富邦-桃園,2023-05-23,9665
2313,華通,23,0,23,富邦-桃園,2023-05-23,9665
6218,豪勉,27,6,21,富邦-桃園,2023-05-23,9665
1905,華紙,110,91,19,富邦-桃園,2023-05-23,9665
1101,台泥,26,7,19,富邦-桃園,2023-05-23,9665
2745,五福,21,4,17,富邦-桃園,2023-05-23,9665
00688L,國泰20年美債正2,17,0,17,富邦-桃園,2023-05-23,9665
00720B,元大投資級公司債,16,0,16,富邦-桃園,2023-05-23,9665
2427,三商電,17,1,16,富邦-桃園,2023-05-23,9665
3024,憶聲,16,0,16,富邦-桃園,2023-05-23,9665
6233,旺玖,15,0,15,富邦-桃園,2023-05-23,9665
3029,零壹,16,2,14,富邦-桃園,2023-05-23,9665
6697,東捷資訊,14,1,13,富邦-桃園,2023-05-23,9665
2388,威盛,13,1,12,富邦-桃園,2023-05-23,9665
1618,合機,12,0,12,富邦-桃園,2023-05-23,9665
2421,建準,13,1,12,富邦-桃園,2023-05-23,9665
00713,元大台灣高息低波,12,0,12,富邦-桃園,2023-05-23,9665
00725B,國泰投資級公司債,11,0,11,富邦-桃園,2023-05-23,9665
1708,東鹼,11,0,11,富邦-桃園,2023-05-23,9665
00878,國泰永續高股息,59,48,11,富邦-桃園,2023-05-23,9665
2368,金像電,21,10,11,富邦-桃園,2023-05-23,9665
2303,聯電,13,2,11,富邦-桃園,2023-05-23,9665
6806,森崴能源,28,18,10,富邦-桃園,2023-05-23,9665
2812,台中銀,11,1,10,富邦-桃園,2023-05-23,9665
1460,宏遠,21,11,10,富邦-桃園,2023-05-23,9665
00922,國泰台灣領袖50,20,10,10,富邦-桃園,2023-05-23,9665
00795B,中信美國公債20年,10,0,10,富邦-桃園,2023-05-23,9665
1608,華榮,10,0,10,富邦-桃園,2023-05-23,9665
4979,華星光,10,1,9,富邦-桃園,2023-05-23,9665
2442,新美齊,46,37,9,富邦-桃園,2023-05-23,9665
2344,華邦電,16,7,9,富邦-桃園,2023-05-23,9665
5498,凱崴,10,1,9,富邦-桃園,2023-05-23,9665
5880,合庫金,9,0,9,富邦-桃園,2023-05-23,9665
5009,榮剛,56,47,9,富邦-桃園,2023-05-23,9665
3178,公準,16,8,8,富邦-桃園,2023-05-23,9665
3006,晶豪科,8,0,8,富邦-桃園,2023-05-23,9665
2328,廣宇,8,0,8,富邦-桃園,2023-05-23,9665
00637L,元大滬深300正2,98,0,98,富邦-桃園,2023-05-24,9665
00882,中信中國高股息,95,1,94,富邦-桃園,2023-05-24,9665
00688L,國泰20年美債正2,56,0,56,富邦-桃園,2023-05-24,9665
00633L,富邦上証正2,52,0,52,富邦-桃園,2023-05-24,9665
00878,國泰永續高股息,86,42,44,富邦-桃園,2023-05-24,9665
3013,晟銘電,41,0,41,富邦-桃園,2023-05-24,9665
00679B,元大美債20年,71,39,32,富邦-桃園,2023-05-24,9665
5498,凱崴,30,0,30,富邦-桃園,2023-05-24,9665
2539,櫻花建,30,0,30,富邦-桃園,2023-05-24,9665
2344,華邦電,43,14,29,富邦-桃園,2023-05-24,9665
6712,長聖,30,2,28,富邦-桃園,2023-05-24,9665
00713,元大台灣高息低波,34,7,27,富邦-桃園,2023-05-24,9665
2881,富邦金,26,2,24,富邦-桃園,2023-05-24,9665
00751B,元大AAA至A公司債,22,0,22,富邦-桃園,2023-05-24,9665
00650L,復華香港正2,20,0,20,富邦-桃園,2023-05-24,9665
2328,廣宇,26,6,20,富邦-桃園,2023-05-24,9665
00680L,元大美債20正2,20,0,20,富邦-桃園,2023-05-24,9665
5009,榮剛,29,11,18,富邦-桃園,2023-05-24,9665
1810,和成,26,9,17,富邦-桃園,2023-05-24,9665
00712,復華富時不動產,16,0,16,富邦-桃園,2023-05-24,9665
3005,神基,18,2,16,富邦-桃園,2023-05-24,9665
5465,富驊,16,0,16,富邦-桃園,2023-05-24,9665
6282,康舒,26,10,16,富邦-桃園,2023-05-24,9665
00655L,國泰中國A50正2,20,5,15,富邦-桃園,2023-05-24,9665
1795,美時,15,0,15,富邦-桃園,2023-05-24,9665
1608,華榮,15,0,15,富邦-桃園,2023-05-24,9665
2705,六福,41,27,14,富邦-桃園,2023-05-24,9665
00687B,國泰20年美債,14,0,14,富邦-桃園,2023-05-24,9665
5871,中租-KY,13,0,13,富邦-桃園,2023-05-24,9665
2356,英業達,12,0,12,富邦-桃園,2023-05-24,9665
3479,安勤,11,0,11,富邦-桃園,2023-05-24,9665
00795B,中信美國公債20年,11,0,11,富邦-桃園,2023-05-24,9665
8097,常珵,11,0,11,富邦-桃園,2023-05-24,9665
6550,北極星藥業-KY,12,1,11,富邦-桃園,2023-05-24,9665
6271,同欣電,12,1,11,富邦-桃園,2023-05-24,9665
1442,名軒,12,1,11,富邦-桃園,2023-05-24,9665
5701,劍湖山,11,0,11,富邦-桃園,2023-05-24,9665
2890,永豐金,11,0,11,富邦-桃園,2023-05-24,9665
4541,晟田,35,24,11,富邦-桃園,2023-05-24,9665
6288,聯嘉,21,11,10,富邦-桃園,2023-05-24,9665
6770,力積電,12,2,10,富邦-桃園,2023-05-24,9665
00753L,中信中國50正2,10,0,10,富邦-桃園,2023-05-24,9665
1529,樂事綠能,11,1,10,富邦-桃園,2023-05-24,9665
8105,凌巨,10,0,10,富邦-桃園,2023-05-24,9665
8215,明基材,13,3,10,富邦-桃園,2023-05-24,9665
2610,華航,46,36,10,富邦-桃園,2023-05-24,9665
1101,台泥,12,3,9,富邦-桃園,2023-05-24,9665
4915,致伸,11,2,9,富邦-桃園,2023-05-24,9665
9958,世紀鋼,11,2,9,富邦-桃園,2023-05-24,9665
2883B,凱基金乙特,9,0,9,富邦-桃園,2023-05-24,9665
00882,中信中國高股息,188,3,185,富邦-桃園,2023-05-25,9665
2539,櫻花建,105,0,105,富邦-桃園,2023-05-25,9665
2443,昶虹,98,0,98,富邦-桃園,2023-05-25,9665
00637L,元大滬深300正2,99,6,93,富邦-桃園,2023-05-25,9665
00712,復華富時不動產,86,2,84,富邦-桃園,2023-05-25,9665
00632R,元大台灣50反1,76,3,73,富邦-桃園,2023-05-25,9665
00680L,元大美債20正2,68,0,68,富邦-桃園,2023-05-25,9665
2471,資通,75,7,68,富邦-桃園,2023-05-25,9665
3013,晟銘電,68,3,65,富邦-桃園,2023-05-25,9665
2891,中信金,60,5,55,富邦-桃園,2023-05-25,9665
00751B,元大AAA至A公司債,51,0,51,富邦-桃園,2023-05-25,9665
00670L,富邦NASDAQ正2,51,1,50,富邦-桃園,2023-05-25,9665
00688L,國泰20年美債正2,42,0,42,富邦-桃園,2023-05-25,9665
2615,萬海,41,1,40,富邦-桃園,2023-05-25,9665
1616,億泰,40,0,40,富邦-桃園,2023-05-25,9665
2881,富邦金,40,0,40,富邦-桃園,2023-05-25,9665
2618,長榮航,130,97,33,富邦-桃園,2023-05-25,9665
6643,M31,43,11,32,富邦-桃園,2023-05-25,9665
3363,上詮,38,7,31,富邦-桃園,2023-05-25,9665
1524,耿鼎,30,0,30,富邦-桃園,2023-05-25,9665
1504,東元,60,31,29,富邦-桃園,2023-05-25,9665
1460,宏遠,45,16,29,富邦-桃園,2023-05-25,9665
00687B,國泰20年美債,30,1,29,富邦-桃園,2023-05-25,9665
00878,國泰永續高股息,53,24,29,富邦-桃園,2023-05-25,9665
2630,亞航,66,40,26,富邦-桃園,2023-05-25,9665
2371,大同,44,18,26,富邦-桃園,2023-05-25,9665
3058,立德,28,5,23,富邦-桃園,2023-05-25,9665
2634,漢翔,29,7,22,富邦-桃園,2023-05-25,9665
1101,台泥,28,6,22,富邦-桃園,2023-05-25,9665
0056,元大高股息,44,22,22,富邦-桃園,2023-05-25,9665
2809,京城銀,21,0,21,富邦-桃園,2023-05-25,9665
00903,富邦元宇宙,20,2,18,富邦-桃園,2023-05-25,9665
1513,中興電,52,34,18,富邦-桃園,2023-05-25,9665
6806,森崴能源,27,9,18,富邦-桃園,2023-05-25,9665
00679B,元大美債20年,26,8,18,富邦-桃園,2023-05-25,9665
2887,台新金,17,0,17,富邦-桃園,2023-05-25,9665
1605,華新,20,3,17,富邦-桃園,2023-05-25,9665
2303,聯電,18,2,16,富邦-桃園,2023-05-25,9665
1528,恩德,16,0,16,富邦-桃園,2023-05-25,9665
2834,臺企銀,15,0,15,富邦-桃園,2023-05-25,9665
2206,三陽工業,22,7,15,富邦-桃園,2023-05-25,9665
2457,飛宏,20,5,15,富邦-桃園,2023-05-25,9665
00665L,富邦�琤肭磪囓�2,15,0,15,富邦-桃園,2023-05-25,9665
5871,中租-KY,14,0,14,富邦-桃園,2023-05-25,9665
00740B,富邦全球投等債,13,0,13,富邦-桃園,2023-05-25,9665
3041,揚智,12,0,12,富邦-桃園,2023-05-25,9665
2356,英業達,20,8,12,富邦-桃園,2023-05-25,9665
2883,凱基金,11,0,11,富邦-桃園,2023-05-25,9665
2890,永豐金,11,0,11,富邦-桃園,2023-05-25,9665
3558,神準,11,0,11,富邦-桃園,2023-05-25,9665
2883,凱基金,126,11,115,富邦-桃園,2023-05-26,9665
00712,復華富時不動產,99,1,98,富邦-桃園,2023-05-26,9665
3481,群創,91,0,91,富邦-桃園,2023-05-26,9665
3231,緯創,143,73,70,富邦-桃園,2023-05-26,9665
8105,凌巨,54,0,54,富邦-桃園,2023-05-26,9665
00882,中信中國高股息,49,2,47,富邦-桃園,2023-05-26,9665
00696B,富邦美債20年,51,5,46,富邦-桃園,2023-05-26,9665
00751B,元大AAA至A公司債,46,0,46,富邦-桃園,2023-05-26,9665
00679B,元大美債20年,40,2,38,富邦-桃園,2023-05-26,9665
2891,中信金,41,3,38,富邦-桃園,2023-05-26,9665
00637L,元大滬深300正2,36,0,36,富邦-桃園,2023-05-26,9665
6288,聯嘉,35,2,33,富邦-桃園,2023-05-26,9665
1444,力麗,32,0,32,富邦-桃園,2023-05-26,9665
2356,英業達,58,26,32,富邦-桃園,2023-05-26,9665
5498,凱崴,30,0,30,富邦-桃園,2023-05-26,9665
3441,聯一光,30,0,30,富邦-桃園,2023-05-26,9665
2421,建準,55,28,27,富邦-桃園,2023-05-26,9665
2443,昶虹,27,0,27,富邦-桃園,2023-05-26,9665
2105,正新,25,0,25,富邦-桃園,2023-05-26,9665
2539,櫻花建,25,0,25,富邦-桃園,2023-05-26,9665
6190,萬泰科,32,8,24,富邦-桃園,2023-05-26,9665
3704,合勤控,24,1,23,富邦-桃園,2023-05-26,9665
6285,啟��,33,11,22,富邦-桃園,2023-05-26,9665
2809,京城銀,22,0,22,富邦-桃園,2023-05-26,9665
2376,技嘉,33,12,21,富邦-桃園,2023-05-26,9665
00687B,國泰20年美債,20,0,20,富邦-桃園,2023-05-26,9665
1314,中石化,22,2,20,富邦-桃園,2023-05-26,9665
2801,彰銀,20,0,20,富邦-桃園,2023-05-26,9665
4967,十銓,24,5,19,富邦-桃園,2023-05-26,9665
00671R,富邦NASDAQ反1,19,0,19,富邦-桃園,2023-05-26,9665
2913,農林,18,0,18,富邦-桃園,2023-05-26,9665
4543,萬在,18,0,18,富邦-桃園,2023-05-26,9665
00632R,元大台灣50反1,98,81,17,富邦-桃園,2023-05-26,9665
00715L,期街口布蘭特正2,21,4,17,富邦-桃園,2023-05-26,9665
2465,麗臺,17,1,16,富邦-桃園,2023-05-26,9665
2617,台航,16,0,16,富邦-桃園,2023-05-26,9665
2618,長榮航,151,135,16,富邦-桃園,2023-05-26,9665
2317,鴻海,20,5,15,富邦-桃園,2023-05-26,9665
3363,上詮,29,15,14,富邦-桃園,2023-05-26,9665
2425,承啟,23,9,14,富邦-桃園,2023-05-26,9665
2884,玉山金,20,6,14,富邦-桃園,2023-05-26,9665
2368,金像電,24,10,14,富邦-桃園,2023-05-26,9665
2303,聯電,32,19,13,富邦-桃園,2023-05-26,9665
00714,群益道瓊美國地產,13,0,13,富邦-桃園,2023-05-26,9665
00633L,富邦上証正2,13,0,13,富邦-桃園,2023-05-26,9665
6290,良維,13,0,13,富邦-桃園,2023-05-26,9665
3623,富晶通,13,0,13,富邦-桃園,2023-05-26,9665
00773B,中信優先金融債,13,0,13,富邦-桃園,2023-05-26,9665
1609,大亞,18,5,13,富邦-桃園,2023-05-26,9665
1504,東元,38,26,12,富邦-桃園,2023-05-26,9665
00882,中信中國高股息,138,0,138,富邦-桃園,2023-05-29,9665
00671R,富邦NASDAQ反1,103,1,102,富邦-桃園,2023-05-29,9665
0056,元大高股息,156,63,93,富邦-桃園,2023-05-29,9665
2393,億光,80,2,78,富邦-桃園,2023-05-29,9665
00650L,復華香港正2,70,0,70,富邦-桃園,2023-05-29,9665
3349,寶德,69,1,68,富邦-桃園,2023-05-29,9665
00679B,元大美債20年,62,2,60,富邦-桃園,2023-05-29,9665
00902,中信電池及儲能,54,0,54,富邦-桃園,2023-05-29,9665
3265,台星科,75,25,50,富邦-桃園,2023-05-29,9665
00687B,國泰20年美債,47,3,44,富邦-桃園,2023-05-29,9665
00720B,元大投資級公司債,43,0,43,富邦-桃園,2023-05-29,9665
3163,波若威,46,4,42,富邦-桃園,2023-05-29,9665
2441,超豐,42,1,41,富邦-桃園,2023-05-29,9665
6284,佳邦,41,0,41,富邦-桃園,2023-05-29,9665
00642U,期元大S＆P石油,42,2,40,富邦-桃園,2023-05-29,9665
6432,今展科,40,0,40,富邦-桃園,2023-05-29,9665
00725B,國泰投資級公司債,33,0,33,富邦-桃園,2023-05-29,9665
00674R,期元大S＆P黃金反1,31,0,31,富邦-桃園,2023-05-29,9665
00795B,中信美國公債20年,30,0,30,富邦-桃園,2023-05-29,9665
2027,大成鋼,30,0,30,富邦-桃園,2023-05-29,9665
4711,永純,29,0,29,富邦-桃園,2023-05-29,9665
00772B,中信高評級公司債,28,0,28,富邦-桃園,2023-05-29,9665
2002,中鋼,28,0,28,富邦-桃園,2023-05-29,9665
5483,中美晶,27,0,27,富邦-桃園,2023-05-29,9665
1460,宏遠,35,10,25,富邦-桃園,2023-05-29,9665
9955,佳龍,25,0,25,富邦-桃園,2023-05-29,9665
2382,廣達,38,13,25,富邦-桃園,2023-05-29,9665
5328,華容,24,2,22,富邦-桃園,2023-05-29,9665
6643,M31,30,9,21,富邦-桃園,2023-05-29,9665
00680L,元大美債20正2,23,2,21,富邦-桃園,2023-05-29,9665
8249,菱光,21,0,21,富邦-桃園,2023-05-29,9665
2449,京元電子,50,30,20,富邦-桃園,2023-05-29,9665
1568,倉佑,20,0,20,富邦-桃園,2023-05-29,9665
4976,佳凌,20,0,20,富邦-桃園,2023-05-29,9665
1616,億泰,20,0,20,富邦-桃園,2023-05-29,9665
00673R,期元大S＆P原油反1,20,0,20,富邦-桃園,2023-05-29,9665
6180,橘子,26,7,19,富邦-桃園,2023-05-29,9665
3712,永崴投控,20,1,19,富邦-桃園,2023-05-29,9665
00688L,國泰20年美債正2,18,0,18,富邦-桃園,2023-05-29,9665
2881,富邦金,37,19,18,富邦-桃園,2023-05-29,9665
4549,桓達,16,0,16,富邦-桃園,2023-05-29,9665
4906,正文,25,9,16,富邦-桃園,2023-05-29,9665
3058,立德,28,12,16,富邦-桃園,2023-05-29,9665
6640,均華,16,0,16,富邦-桃園,2023-05-29,9665
00676R,富邦臺灣加權反1,16,0,16,富邦-桃園,2023-05-29,9665
3037,欣興,41,25,16,富邦-桃園,2023-05-29,9665
6664,群翊,15,0,15,富邦-桃園,2023-05-29,9665
1442,名軒,15,0,15,富邦-桃園,2023-05-29,9665
1218,泰山,15,0,15,富邦-桃園,2023-05-29,9665
6285,啟��,21,6,15,富邦-桃園,2023-05-29,9665
00632R,元大台灣50反1,134,7,127,富邦-桃園,2023-05-30,9665
2356,英業達,218,93,125,富邦-桃園,2023-05-30,9665
00882,中信中國高股息,113,1,112,富邦-桃園,2023-05-30,9665
2105,正新,82,0,82,富邦-桃園,2023-05-30,9665
00878,國泰永續高股息,160,84,76,富邦-桃園,2023-05-30,9665
00637L,元大滬深300正2,71,1,70,富邦-桃園,2023-05-30,9665
3013,晟銘電,149,104,45,富邦-桃園,2023-05-30,9665
00713,元大台灣高息低波,54,9,45,富邦-桃園,2023-05-30,9665
2368,金像電,62,18,44,富邦-桃園,2023-05-30,9665
2382,廣達,66,23,43,富邦-桃園,2023-05-30,9665
2888,新光金,51,11,40,富邦-桃園,2023-05-30,9665
3046,建��,43,4,39,富邦-桃園,2023-05-30,9665
0056,元大高股息,103,67,36,富邦-桃園,2023-05-30,9665
2002,中鋼,40,6,34,富邦-桃園,2023-05-30,9665
3058,立德,33,0,33,富邦-桃園,2023-05-30,9665
2323,中環,53,22,31,富邦-桃園,2023-05-30,9665
2415,錩新,30,0,30,富邦-桃園,2023-05-30,9665
3349,寶德,29,1,28,富邦-桃園,2023-05-30,9665
6148,驊宏資,35,9,26,富邦-桃園,2023-05-30,9665
2399,映泰,32,6,26,富邦-桃園,2023-05-30,9665
2324,仁寶,29,5,24,富邦-桃園,2023-05-30,9665
2883,凱基金,41,17,24,富邦-桃園,2023-05-30,9665
00687B,國泰20年美債,27,3,24,富邦-桃園,2023-05-30,9665
00688L,國泰20年美債正2,24,0,24,富邦-桃園,2023-05-30,9665
4564,元翎,24,0,24,富邦-桃園,2023-05-30,9665
2393,億光,22,0,22,富邦-桃園,2023-05-30,9665
1605,華新,31,10,21,富邦-桃園,2023-05-30,9665
2337,旺宏,21,0,21,富邦-桃園,2023-05-30,9665
00751B,元大AAA至A公司債,24,3,21,富邦-桃園,2023-05-30,9665
9955,佳龍,25,4,21,富邦-桃園,2023-05-30,9665
1905,華紙,43,22,21,富邦-桃園,2023-05-30,9665
3037,欣興,36,15,21,富邦-桃園,2023-05-30,9665
3588,通嘉,20,0,20,富邦-桃園,2023-05-30,9665
2022,聚亨,20,0,20,富邦-桃園,2023-05-30,9665
2882,國泰金,20,0,20,富邦-桃園,2023-05-30,9665
1444,力麗,20,1,19,富邦-桃園,2023-05-30,9665
2618,長榮航,197,178,19,富邦-桃園,2023-05-30,9665
1609,大亞,49,30,19,富邦-桃園,2023-05-30,9665
5355,佳總,18,0,18,富邦-桃園,2023-05-30,9665
6188,廣明,28,10,18,富邦-桃園,2023-05-30,9665
00679B,元大美債20年,36,18,18,富邦-桃園,2023-05-30,9665
6160,欣技,40,24,16,富邦-桃園,2023-05-30,9665
3163,波若威,36,20,16,富邦-桃園,2023-05-30,9665
3380,明泰,17,1,16,富邦-桃園,2023-05-30,9665
6443,元晶,16,0,16,富邦-桃園,2023-05-30,9665
00720B,元大投資級公司債,15,0,15,富邦-桃園,2023-05-30,9665
00902,中信電池及儲能,15,0,15,富邦-桃園,2023-05-30,9665
2867,三商壽,15,0,15,富邦-桃園,2023-05-30,9665
2913,農林,25,10,15,富邦-桃園,2023-05-30,9665
00633L,富邦上証正2,14,0,14,富邦-桃園,2023-05-30,9665
00715L,期街口布蘭特正2,388,41,347,富邦-桃園,2023-05-31,9665
6470,宇智,178,1,177,富邦-桃園,2023-05-31,9665
00882,中信中國高股息,107,3,104,富邦-桃園,2023-05-31,9665
4961,天鈺,91,0,91,富邦-桃園,2023-05-31,9665
2801,彰銀,78,0,78,富邦-桃園,2023-05-31,9665
00655L,國泰中國A50正2,54,4,50,富邦-桃園,2023-05-31,9665
8085,福華,50,0,50,富邦-桃園,2023-05-31,9665
00688L,國泰20年美債正2,50,1,49,富邦-桃園,2023-05-31,9665
00642U,期元大S＆P石油,50,3,47,富邦-桃園,2023-05-31,9665
00751B,元大AAA至A公司債,46,0,46,富邦-桃園,2023-05-31,9665
2402,毅嘉,48,2,46,富邦-桃園,2023-05-31,9665
2443,昶虹,45,0,45,富邦-桃園,2023-05-31,9665
3046,建��,45,3,42,富邦-桃園,2023-05-31,9665
3704,合勤控,33,1,32,富邦-桃園,2023-05-31,9665
6535,順藥,35,5,30,富邦-桃園,2023-05-31,9665
2609,陽明,30,0,30,富邦-桃園,2023-05-31,9665
2317,鴻海,60,31,29,富邦-桃園,2023-05-31,9665
2356,英業達,163,135,28,富邦-桃園,2023-05-31,9665
00650L,復華香港正2,26,0,26,富邦-桃園,2023-05-31,9665
2352,佳世達,48,22,26,富邦-桃園,2023-05-31,9665
00720B,元大投資級公司債,22,0,22,富邦-桃園,2023-05-31,9665
1598,岱宇,23,1,22,富邦-桃園,2023-05-31,9665
2605,新興,21,0,21,富邦-桃園,2023-05-31,9665
2105,正新,22,1,21,富邦-桃園,2023-05-31,9665
3128,昇銳,20,0,20,富邦-桃園,2023-05-31,9665
8033,雷虎,22,3,19,富邦-桃園,2023-05-31,9665
2328,廣宇,62,43,19,富邦-桃園,2023-05-31,9665
4977,眾達-KY,33,14,19,富邦-桃園,2023-05-31,9665
4563,百德,19,0,19,富邦-桃園,2023-05-31,9665
2913,農林,18,0,18,富邦-桃園,2023-05-31,9665
2615,萬海,18,1,17,富邦-桃園,2023-05-31,9665
6245,立端,23,6,17,富邦-桃園,2023-05-31,9665
3038,全台,21,4,17,富邦-桃園,2023-05-31,9665
00878,國泰永續高股息,61,45,16,富邦-桃園,2023-05-31,9665
4916,事欣科,20,4,16,富邦-桃園,2023-05-31,9665
5511,德昌,17,1,16,富邦-桃園,2023-05-31,9665
2883,凱基金,22,7,15,富邦-桃園,2023-05-31,9665
2705,六福,20,5,15,富邦-桃園,2023-05-31,9665
3231,緯創,108,94,14,富邦-桃園,2023-05-31,9665
00919,群益台灣精選高息,14,0,14,富邦-桃園,2023-05-31,9665
2606,裕民,15,1,14,富邦-桃園,2023-05-31,9665
2515,中工,54,40,14,富邦-桃園,2023-05-31,9665
2368,金像電,18,5,13,富邦-桃園,2023-05-31,9665
5871,中租-KY,13,0,13,富邦-桃園,2023-05-31,9665
1709,和益,13,1,12,富邦-桃園,2023-05-31,9665
00637L,元大滬深300正2,12,0,12,富邦-桃園,2023-05-31,9665
6269,台郡,12,0,12,富邦-桃園,2023-05-31,9665
6142,友勁,15,3,12,富邦-桃園,2023-05-31,9665
2614,東森,11,0,11,富邦-桃園,2023-05-31,9665
2002,中鋼,15,4,11,富邦-桃園,2023-05-31,9665
00715L,期街口布蘭特正2,168,6,162,富邦-桃園,2023-06-01,9665
2352,佳世達,125,16,109,富邦-桃園,2023-06-01,9665
3037,欣興,124,31,93,富邦-桃園,2023-06-01,9665
4564,元翎,94,17,77,富邦-桃園,2023-06-01,9665
3706,神達,107,40,67,富邦-桃園,2023-06-01,9665
00882,中信中國高股息,61,0,61,富邦-桃園,2023-06-01,9665
2317,鴻海,58,3,55,富邦-桃園,2023-06-01,9665
4533,協易機,64,11,53,富邦-桃園,2023-06-01,9665
2368,金像電,60,8,52,富邦-桃園,2023-06-01,9665
00687B,國泰20年美債,52,1,51,富邦-桃園,2023-06-01,9665
00655L,國泰中國A50正2,50,0,50,富邦-桃園,2023-06-01,9665
2530,華建,50,0,50,富邦-桃園,2023-06-01,9665
8271,宇瞻,54,7,47,富邦-桃園,2023-06-01,9665
2468,華經,41,0,41,富邦-桃園,2023-06-01,9665
6691,洋基工程,38,0,38,富邦-桃園,2023-06-01,9665
2344,華邦電,58,20,38,富邦-桃園,2023-06-01,9665
4543,萬在,39,1,38,富邦-桃園,2023-06-01,9665
00642U,期元大S＆P石油,39,1,38,富邦-桃園,2023-06-01,9665
5706,鳳凰,107,70,37,富邦-桃園,2023-06-01,9665
2617,台航,34,0,34,富邦-桃園,2023-06-01,9665
1907,永豐餘,74,47,27,富邦-桃園,2023-06-01,9665
3213,茂訊,30,3,27,富邦-桃園,2023-06-01,9665
4976,佳凌,28,2,26,富邦-桃園,2023-06-01,9665
6202,盛群,27,1,26,富邦-桃園,2023-06-01,9665
6733,博晟生醫,25,1,24,富邦-桃園,2023-06-01,9665
2913,農林,24,2,22,富邦-桃園,2023-06-01,9665
6188,廣明,68,47,21,富邦-桃園,2023-06-01,9665
2883,凱基金,24,3,21,富邦-桃園,2023-06-01,9665
1605,華新,23,2,21,富邦-桃園,2023-06-01,9665
00680L,元大美債20正2,20,0,20,富邦-桃園,2023-06-01,9665
8440,綠電,20,0,20,富邦-桃園,2023-06-01,9665
3013,晟銘電,87,68,19,富邦-桃園,2023-06-01,9665
3128,昇銳,20,1,19,富邦-桃園,2023-06-01,9665
0056,元大高股息,44,25,19,富邦-桃園,2023-06-01,9665
2515,中工,49,31,18,富邦-桃園,2023-06-01,9665
2444,兆勁,21,3,18,富邦-桃園,2023-06-01,9665
3617,碩天,19,1,18,富邦-桃園,2023-06-01,9665
00720B,元大投資級公司債,17,0,17,富邦-桃園,2023-06-01,9665
6640,均華,17,0,17,富邦-桃園,2023-06-01,9665
1727,中華化,27,10,17,富邦-桃園,2023-06-01,9665
5328,華容,17,0,17,富邦-桃園,2023-06-01,9665
3260,威剛,35,19,16,富邦-桃園,2023-06-01,9665
00688L,國泰20年美債正2,16,0,16,富邦-桃園,2023-06-01,9665
1524,耿鼎,20,4,16,富邦-桃園,2023-06-01,9665
3059,華晶科,26,10,16,富邦-桃園,2023-06-01,9665
00919,群益台灣精選高息,16,1,15,富邦-桃園,2023-06-01,9665
3481,群創,21,6,15,富邦-桃園,2023-06-01,9665
1608,華榮,16,1,15,富邦-桃園,2023-06-01,9665
3294,英濟,15,0,15,富邦-桃園,2023-06-01,9665
1444,力麗,15,0,15,富邦-桃園,2023-06-01,9665
1905,華紙,349,191,158,富邦-桃園,2023-06-02,9665
00671R,富邦NASDAQ反1,150,0,150,富邦-桃園,2023-06-02,9665
00679B,元大美債20年,123,16,107,富邦-桃園,2023-06-02,9665
2323,中環,147,56,91,富邦-桃園,2023-06-02,9665
6811,宏�硌穈T,68,1,67,富邦-桃園,2023-06-02,9665
00919,群益台灣精選高息,55,1,54,富邦-桃園,2023-06-02,9665
2352,佳世達,81,31,50,富邦-桃園,2023-06-02,9665
2442,新美齊,49,0,49,富邦-桃園,2023-06-02,9665
00885,富邦越南,45,0,45,富邦-桃園,2023-06-02,9665
00687B,國泰20年美債,42,0,42,富邦-桃園,2023-06-02,9665
5534,長虹,40,0,40,富邦-桃園,2023-06-02,9665
00642U,期元大S＆P石油,58,18,40,富邦-桃園,2023-06-02,9665
3625,西勝,37,3,34,富邦-桃園,2023-06-02,9665
3325,旭品,36,6,30,富邦-桃園,2023-06-02,9665
3704,合勤控,32,2,30,富邦-桃園,2023-06-02,9665
3360,尚立,28,0,28,富邦-桃園,2023-06-02,9665
00720B,元大投資級公司債,29,3,26,富邦-桃園,2023-06-02,9665
2444,兆勁,35,10,25,富邦-桃園,2023-06-02,9665
2371,大同,29,5,24,富邦-桃園,2023-06-02,9665
6168,宏齊,26,4,22,富邦-桃園,2023-06-02,9665
00715L,期街口布蘭特正2,57,37,20,富邦-桃園,2023-06-02,9665
2009,第一銅,20,0,20,富邦-桃園,2023-06-02,9665
3317,尼克森,20,0,20,富邦-桃園,2023-06-02,9665
00655L,國泰中國A50正2,20,0,20,富邦-桃園,2023-06-02,9665
8277,商丞,20,0,20,富邦-桃園,2023-06-02,9665
3052,夆典,20,0,20,富邦-桃園,2023-06-02,9665
1904,正隆,20,0,20,富邦-桃園,2023-06-02,9665
3294,英濟,19,0,19,富邦-桃園,2023-06-02,9665
6275,元山,26,7,19,富邦-桃園,2023-06-02,9665
1218,泰山,18,0,18,富邦-桃園,2023-06-02,9665
3047,訊舟,41,23,18,富邦-桃園,2023-06-02,9665
00631L,元大台灣50正2,18,0,18,富邦-桃園,2023-06-02,9665
3189,景碩,36,19,17,富邦-桃園,2023-06-02,9665
3712,永崴投控,22,6,16,富邦-桃園,2023-06-02,9665
2634,漢翔,23,7,16,富邦-桃園,2023-06-02,9665
1611,中電,25,10,15,富邦-桃園,2023-06-02,9665
1503,士電,36,21,15,富邦-桃園,2023-06-02,9665
2887,台新金,14,0,14,富邦-桃園,2023-06-02,9665
5905,南仁湖,15,1,14,富邦-桃園,2023-06-02,9665
8059,凱碩,22,8,14,富邦-桃園,2023-06-02,9665
1568,倉佑,13,0,13,富邦-桃園,2023-06-02,9665
2855,統一證,13,0,13,富邦-桃園,2023-06-02,9665
2706,第一店,15,2,13,富邦-桃園,2023-06-02,9665
2485,兆赫,13,0,13,富邦-桃園,2023-06-02,9665
00712,復華富時不動產,30,18,12,富邦-桃園,2023-06-02,9665
3591,艾笛森,13,1,12,富邦-桃園,2023-06-02,9665
6257,矽格,13,1,12,富邦-桃園,2023-06-02,9665
3232,昱捷,11,0,11,富邦-桃園,2023-06-02,9665
6821,聯寶,11,0,11,富邦-桃園,2023-06-02,9665
9928,中視,11,0,11,富邦-桃園,2023-06-02,9665
00679B,元大美債20年,147,0,147,富邦-桃園,2023-06-05,9665
2618,長榮航,197,97,100,富邦-桃園,2023-06-05,9665
6284,佳邦,94,3,91,富邦-桃園,2023-06-05,9665
4916,事欣科,81,12,69,富邦-桃園,2023-06-05,9665
2201,裕隆,78,16,62,富邦-桃園,2023-06-05,9665
2353,宏��,75,17,58,富邦-桃園,2023-06-05,9665
00673R,期元大S＆P原油反1,54,0,54,富邦-桃園,2023-06-05,9665
2603,長榮,67,16,51,富邦-桃園,2023-06-05,9665
00882,中信中國高股息,48,1,47,富邦-桃園,2023-06-05,9665
2882,國泰金,62,15,47,富邦-桃園,2023-06-05,9665
4549,桓達,46,0,46,富邦-桃園,2023-06-05,9665
1217,愛之味,41,0,41,富邦-桃園,2023-06-05,9665
2530,華建,40,0,40,富邦-桃園,2023-06-05,9665
2913,農林,53,14,39,富邦-桃園,2023-06-05,9665
1514,亞力,77,39,38,富邦-桃園,2023-06-05,9665
6125,廣運,78,40,38,富邦-桃園,2023-06-05,9665
1529,樂事綠能,46,11,35,富邦-桃園,2023-06-05,9665
00712,復華富時不動產,74,39,35,富邦-桃園,2023-06-05,9665
00680L,元大美債20正2,33,0,33,富邦-桃園,2023-06-05,9665
2449,京元電子,36,3,33,富邦-桃園,2023-06-05,9665
1513,中興電,55,25,30,富邦-桃園,2023-06-05,9665
00902,中信電池及儲能,36,7,29,富邦-桃園,2023-06-05,9665
00688L,國泰20年美債正2,29,0,29,富邦-桃園,2023-06-05,9665
00919,群益台灣精選高息,33,4,29,富邦-桃園,2023-06-05,9665
00772B,中信高評級公司債,28,0,28,富邦-桃園,2023-06-05,9665
2014,中鴻,26,0,26,富邦-桃園,2023-06-05,9665
020032,元大綠能N,25,0,25,富邦-桃園,2023-06-05,9665
2206,三陽工業,57,33,24,富邦-桃園,2023-06-05,9665
1727,中華化,32,8,24,富邦-桃園,2023-06-05,9665
3625,西勝,24,0,24,富邦-桃園,2023-06-05,9665
3058,立德,38,15,23,富邦-桃園,2023-06-05,9665
2301,光寶科,29,6,23,富邦-桃園,2023-06-05,9665
2344,華邦電,50,27,23,富邦-桃園,2023-06-05,9665
00720B,元大投資級公司債,21,0,21,富邦-桃園,2023-06-05,9665
5309,系統電,21,0,21,富邦-桃園,2023-06-05,9665
6219,富旺,20,0,20,富邦-桃園,2023-06-05,9665
2832,台產,20,0,20,富邦-桃園,2023-06-05,9665
2371,大同,44,25,19,富邦-桃園,2023-06-05,9665
2317,鴻海,28,11,17,富邦-桃園,2023-06-05,9665
6182,合晶,18,1,17,富邦-桃園,2023-06-05,9665
6288,聯嘉,18,1,17,富邦-桃園,2023-06-05,9665
1101,台泥,32,15,17,富邦-桃園,2023-06-05,9665
2489,瑞軒,18,2,16,富邦-桃園,2023-06-05,9665
00922,國泰台灣領袖50,36,20,16,富邦-桃園,2023-06-05,9665
1503,士電,21,5,16,富邦-桃園,2023-06-05,9665
2352,佳世達,21,6,15,富邦-桃園,2023-06-05,9665
3711,日月光投控,20,5,15,富邦-桃園,2023-06-05,9665
6244,茂迪,34,19,15,富邦-桃園,2023-06-05,9665
6231,系微,16,1,15,富邦-桃園,2023-06-05,9665
4540,全球傳動,15,0,15,富邦-桃園,2023-06-05,9665
00679B,元大美債20年,155,7,148,富邦-桃園,2023-06-06,9665
1609,大亞,228,86,142,富邦-桃園,2023-06-06,9665
6116,彩晶,164,36,128,富邦-桃園,2023-06-06,9665
2402,毅嘉,163,39,124,富邦-桃園,2023-06-06,9665
1734,杏輝,105,5,100,富邦-桃園,2023-06-06,9665
2303,聯電,193,98,95,富邦-桃園,2023-06-06,9665
2610,華航,121,31,90,富邦-桃園,2023-06-06,9665
2888,新光金,146,64,82,富邦-桃園,2023-06-06,9665
00885,富邦越南,95,18,77,富邦-桃園,2023-06-06,9665
2530,華建,68,0,68,富邦-桃園,2023-06-06,9665
4931,新盛力,104,37,67,富邦-桃園,2023-06-06,9665
00673R,期元大S＆P原油反1,62,2,60,富邦-桃園,2023-06-06,9665
3046,建��,56,6,50,富邦-桃園,2023-06-06,9665
00712,復華富時不動產,103,53,50,富邦-桃園,2023-06-06,9665
1905,華紙,167,118,49,富邦-桃園,2023-06-06,9665
1904,正隆,48,0,48,富邦-桃園,2023-06-06,9665
2427,三商電,54,7,47,富邦-桃園,2023-06-06,9665
1605,華新,69,25,44,富邦-桃園,2023-06-06,9665
4906,正文,54,10,44,富邦-桃園,2023-06-06,9665
2449,京元電子,42,2,40,富邦-桃園,2023-06-06,9665
6470,宇智,47,8,39,富邦-桃園,2023-06-06,9665
2913,農林,44,8,36,富邦-桃園,2023-06-06,9665
2882,國泰金,35,1,34,富邦-桃園,2023-06-06,9665
3078,僑威,54,23,31,富邦-桃園,2023-06-06,9665
1513,中興電,35,6,29,富邦-桃園,2023-06-06,9665
00720B,元大投資級公司債,31,2,29,富邦-桃園,2023-06-06,9665
3128,昇銳,30,1,29,富邦-桃園,2023-06-06,9665
8028,昇陽半導體,38,10,28,富邦-桃園,2023-06-06,9665
00751B,元大AAA至A公司債,29,2,27,富邦-桃園,2023-06-06,9665
00687B,國泰20年美債,27,0,27,富邦-桃園,2023-06-06,9665
2356,英業達,34,7,27,富邦-桃園,2023-06-06,9665
2331,精英,35,8,27,富邦-桃園,2023-06-06,9665
4123,晟德,36,11,25,富邦-桃園,2023-06-06,9665
3022,威強電,27,2,25,富邦-桃園,2023-06-06,9665
00795B,中信美國公債20年,87,63,24,富邦-桃園,2023-06-06,9665
6209,今國光,22,0,22,富邦-桃園,2023-06-06,9665
00919,群益台灣精選高息,30,10,20,富邦-桃園,2023-06-06,9665
8358,金居,28,8,20,富邦-桃園,2023-06-06,9665
5356,協益,20,0,20,富邦-桃園,2023-06-06,9665
3231,緯創,136,117,19,富邦-桃園,2023-06-06,9665
8403,盛弘,23,4,19,富邦-桃園,2023-06-06,9665
4977,眾達-KY,30,12,18,富邦-桃園,2023-06-06,9665
5864,致和證,20,2,18,富邦-桃園,2023-06-06,9665
00927,群益半導體收益,18,0,18,富邦-桃園,2023-06-06,9665
8426,紅木-KY,22,4,18,富邦-桃園,2023-06-06,9665
3037,欣興,39,21,18,富邦-桃園,2023-06-06,9665
5483,中美晶,17,0,17,富邦-桃園,2023-06-06,9665
6190,萬泰科,20,3,17,富邦-桃園,2023-06-06,9665
2353,宏��,18,2,16,富邦-桃園,2023-06-06,9665
00857B,永豐20年美公債,16,0,16,富邦-桃園,2023-06-06,9665
6470,宇智,173,1,172,富邦-桃園,2023-06-07,9665
2530,華建,156,10,146,富邦-桃園,2023-06-07,9665
2427,三商電,134,16,118,富邦-桃園,2023-06-07,9665
00712,復華富時不動產,119,15,104,富邦-桃園,2023-06-07,9665
2515,中工,96,2,94,富邦-桃園,2023-06-07,9665
2468,華經,80,0,80,富邦-桃園,2023-06-07,9665
2618,長榮航,122,51,71,富邦-桃園,2023-06-07,9665
1608,華榮,80,13,67,富邦-桃園,2023-06-07,9665
00772B,中信高評級公司債,63,1,62,富邦-桃園,2023-06-07,9665
3207,耀勝,58,1,57,富邦-桃園,2023-06-07,9665
1734,杏輝,55,0,55,富邦-桃園,2023-06-07,9665
3231,緯創,121,75,46,富邦-桃園,2023-06-07,9665
00927,群益半導體收益,45,1,44,富邦-桃園,2023-06-07,9665
6670,復盛應用,42,0,42,富邦-桃園,2023-06-07,9665
2457,飛宏,71,30,41,富邦-桃園,2023-06-07,9665
6125,廣運,101,63,38,富邦-桃園,2023-06-07,9665
2610,華航,103,65,38,富邦-桃園,2023-06-07,9665
4958,臻鼎-KY,38,0,38,富邦-桃園,2023-06-07,9665
3694,海華,40,5,35,富邦-桃園,2023-06-07,9665
6213,聯茂,36,2,34,富邦-桃園,2023-06-07,9665
3481,群創,100,66,34,富邦-桃園,2023-06-07,9665
2890,永豐金,64,31,33,富邦-桃園,2023-06-07,9665
2402,毅嘉,45,12,33,富邦-桃園,2023-06-07,9665
00919,群益台灣精選高息,38,6,32,富邦-桃園,2023-06-07,9665
2812,台中銀,32,1,31,富邦-桃園,2023-06-07,9665
6167,久正,31,0,31,富邦-桃園,2023-06-07,9665
00882,中信中國高股息,30,0,30,富邦-桃園,2023-06-07,9665
6197,佳必琪,30,1,29,富邦-桃園,2023-06-07,9665
00679B,元大美債20年,28,2,26,富邦-桃園,2023-06-07,9665
00633L,富邦上証正2,25,0,25,富邦-桃園,2023-06-07,9665
5706,鳳凰,60,36,24,富邦-桃園,2023-06-07,9665
6733,博晟生醫,24,2,22,富邦-桃園,2023-06-07,9665
4540,全球傳動,76,54,22,富邦-桃園,2023-06-07,9665
1616,億泰,23,1,22,富邦-桃園,2023-06-07,9665
4906,正文,24,3,21,富邦-桃園,2023-06-07,9665
6219,富旺,20,0,20,富邦-桃園,2023-06-07,9665
2352,佳世達,26,6,20,富邦-桃園,2023-06-07,9665
6443,元晶,20,0,20,富邦-桃園,2023-06-07,9665
3118,進階,20,1,19,富邦-桃園,2023-06-07,9665
6160,欣技,19,0,19,富邦-桃園,2023-06-07,9665
3037,欣興,30,13,17,富邦-桃園,2023-06-07,9665
3081,聯亞,21,4,17,富邦-桃園,2023-06-07,9665
8016,矽創,17,0,17,富邦-桃園,2023-06-07,9665
2883B,凱基金乙特,17,0,17,富邦-桃園,2023-06-07,9665
3673,TPK-KY,18,1,17,富邦-桃園,2023-06-07,9665
1605,華新,38,22,16,富邦-桃園,2023-06-07,9665
5511,德昌,16,0,16,富邦-桃園,2023-06-07,9665
3232,昱捷,16,0,16,富邦-桃園,2023-06-07,9665
2482,連宇,18,2,16,富邦-桃園,2023-06-07,9665
8076,伍豐,18,2,16,富邦-桃園,2023-06-07,9665
00882,中信中國高股息,492,17,475,富邦-桃園,2023-06-08,9665
00679B,元大美債20年,218,13,205,富邦-桃園,2023-06-08,9665
1609,大亞,441,288,153,富邦-桃園,2023-06-08,9665
2530,華建,97,0,97,富邦-桃園,2023-06-08,9665
2515,中工,101,4,97,富邦-桃園,2023-06-08,9665
00673R,期元大S＆P原油反1,86,0,86,富邦-桃園,2023-06-08,9665
00878,國泰永續高股息,104,18,86,富邦-桃園,2023-06-08,9665
6116,彩晶,79,0,79,富邦-桃園,2023-06-08,9665
00919,群益台灣精選高息,102,23,79,富邦-桃園,2023-06-08,9665
00751B,元大AAA至A公司債,77,0,77,富邦-桃園,2023-06-08,9665
8277,商丞,72,2,70,富邦-桃園,2023-06-08,9665
1734,杏輝,63,5,58,富邦-桃園,2023-06-08,9665
2890,永豐金,57,0,57,富邦-桃園,2023-06-08,9665
3207,耀勝,53,1,52,富邦-桃園,2023-06-08,9665
2748,雲品,79,28,51,富邦-桃園,2023-06-08,9665
4147,中裕,52,6,46,富邦-桃園,2023-06-08,9665
2468,華經,45,0,45,富邦-桃園,2023-06-08,9665
3576,聯合再生,43,1,42,富邦-桃園,2023-06-08,9665
00687B,國泰20年美債,40,0,40,富邦-桃園,2023-06-08,9665
2362,藍天,40,0,40,富邦-桃園,2023-06-08,9665
2337,旺宏,50,11,39,富邦-桃園,2023-06-08,9665
00720B,元大投資級公司債,44,6,38,富邦-桃園,2023-06-08,9665
00680L,元大美債20正2,38,0,38,富邦-桃園,2023-06-08,9665
3037,欣興,108,70,38,富邦-桃園,2023-06-08,9665
2882,國泰金,37,0,37,富邦-桃園,2023-06-08,9665
4906,正文,36,2,34,富邦-桃園,2023-06-08,9665
1904,正隆,36,4,32,富邦-桃園,2023-06-08,9665
4549,桓達,34,2,32,富邦-桃園,2023-06-08,9665
1616,億泰,50,23,27,富邦-桃園,2023-06-08,9665
3624,光頡,27,1,26,富邦-桃園,2023-06-08,9665
00713,元大台灣高息低波,29,3,26,富邦-桃園,2023-06-08,9665
00638R,元大滬深300反1,25,0,25,富邦-桃園,2023-06-08,9665
2888,新光金,53,29,24,富邦-桃園,2023-06-08,9665
1720,生達,27,5,22,富邦-桃園,2023-06-08,9665
3702,大聯大,22,0,22,富邦-桃園,2023-06-08,9665
2436,偉詮電,33,11,22,富邦-桃園,2023-06-08,9665
8215,明基材,24,2,22,富邦-桃園,2023-06-08,9665
6691,洋基工程,22,0,22,富邦-桃園,2023-06-08,9665
6152,百一,21,0,21,富邦-桃園,2023-06-08,9665
00927,群益半導體收益,20,0,20,富邦-桃園,2023-06-08,9665
0056,元大高股息,51,31,20,富邦-桃園,2023-06-08,9665
3346,麗清,25,5,20,富邦-桃園,2023-06-08,9665
7402,邑錡,20,1,19,富邦-桃園,2023-06-08,9665
1524,耿鼎,29,10,19,富邦-桃園,2023-06-08,9665
3058,立德,58,39,19,富邦-桃園,2023-06-08,9665
3308,聯德,21,2,19,富邦-桃園,2023-06-08,9665
2618,長榮航,93,74,19,富邦-桃園,2023-06-08,9665
4726,永昕,27,9,18,富邦-桃園,2023-06-08,9665
3483,力致,25,7,18,富邦-桃園,2023-06-08,9665
00857B,永豐20年美公債,18,0,18,富邦-桃園,2023-06-08,9665
2515,中工,300,14,286,富邦-桃園,2023-06-09,9665
00919,群益台灣精選高息,239,0,239,富邦-桃園,2023-06-09,9665
2457,飛宏,107,16,91,富邦-桃園,2023-06-09,9665
2888,新光金,102,12,90,富邦-桃園,2023-06-09,9665
1504,東元,97,17,80,富邦-桃園,2023-06-09,9665
00642U,期元大S＆P石油,68,0,68,富邦-桃園,2023-06-09,9665
2743,山富,78,15,63,富邦-桃園,2023-06-09,9665
2618,長榮航,107,47,60,富邦-桃園,2023-06-09,9665
3207,耀勝,51,0,51,富邦-桃園,2023-06-09,9665
8271,宇瞻,50,2,48,富邦-桃園,2023-06-09,9665
2882,國泰金,48,6,42,富邦-桃園,2023-06-09,9665
3706,神達,55,17,38,富邦-桃園,2023-06-09,9665
3003,健和興,38,1,37,富邦-桃園,2023-06-09,9665
00712,復華富時不動產,52,16,36,富邦-桃園,2023-06-09,9665
00715L,期街口布蘭特正2,44,9,35,富邦-桃園,2023-06-09,9665
00892,富邦台灣半導體,37,6,31,富邦-桃園,2023-06-09,9665
6129,普誠,30,0,30,富邦-桃園,2023-06-09,9665
2383,台光電,32,2,30,富邦-桃園,2023-06-09,9665
2812,台中銀,30,2,28,富邦-桃園,2023-06-09,9665
2328,廣宇,28,3,25,富邦-桃園,2023-06-09,9665
1514,亞力,27,3,24,富邦-桃園,2023-06-09,9665
1432,大魯閣,28,5,23,富邦-桃園,2023-06-09,9665
2337,旺宏,26,5,21,富邦-桃園,2023-06-09,9665
4906,正文,21,0,21,富邦-桃園,2023-06-09,9665
6152,百一,20,0,20,富邦-桃園,2023-06-09,9665
2101,南港,20,0,20,富邦-桃園,2023-06-09,9665
8937,合騏,20,0,20,富邦-桃園,2023-06-09,9665
6625,必應,49,30,19,富邦-桃園,2023-06-09,9665
3014,聯陽,20,1,19,富邦-桃園,2023-06-09,9665
3518,柏騰,20,2,18,富邦-桃園,2023-06-09,9665
3363,上詮,27,9,18,富邦-桃園,2023-06-09,9665
2301,光寶科,29,13,16,富邦-桃園,2023-06-09,9665
2401,凌陽,17,1,16,富邦-桃園,2023-06-09,9665
3055,蔚華科,18,3,15,富邦-桃園,2023-06-09,9665
5009,榮剛,15,1,14,富邦-桃園,2023-06-09,9665
1905,華紙,22,8,14,富邦-桃園,2023-06-09,9665
3548,兆利,14,0,14,富邦-桃園,2023-06-09,9665
2329,華泰,20,6,14,富邦-桃園,2023-06-09,9665
9945,潤泰新,14,1,13,富邦-桃園,2023-06-09,9665
2731,雄獅,20,7,13,富邦-桃園,2023-06-09,9665
2636,台驊控股,15,2,13,富邦-桃園,2023-06-09,9665
2889,國票金,13,0,13,富邦-桃園,2023-06-09,9665
8440,綠電,13,0,13,富邦-桃園,2023-06-09,9665
2705,六福,17,4,13,富邦-桃園,2023-06-09,9665
6770,力積電,14,1,13,富邦-桃園,2023-06-09,9665
1903,士紙,13,1,12,富邦-桃園,2023-06-09,9665
2630,亞航,39,28,11,富邦-桃園,2023-06-09,9665
8111,立��,17,6,11,富邦-桃園,2023-06-09,9665
6175,立敦,11,0,11,富邦-桃園,2023-06-09,9665
2712,遠雄來,13,2,11,富邦-桃園,2023-06-09,9665
00919,群益台灣精選高息,366,2,364,富邦-桃園,2023-06-12,9665
00929,復華台灣科技優息,309,49,260,富邦-桃園,2023-06-12,9665
00715L,期街口布蘭特正2,240,4,236,富邦-桃園,2023-06-12,9665
3231,緯創,272,86,186,富邦-桃園,2023-06-12,9665
2888,新光金,290,179,111,富邦-桃園,2023-06-12,9665
6116,彩晶,97,3,94,富邦-桃園,2023-06-12,9665
00642U,期元大S＆P石油,82,0,82,富邦-桃園,2023-06-12,9665
00712,復華富時不動產,100,31,69,富邦-桃園,2023-06-12,9665
2356,英業達,97,32,65,富邦-桃園,2023-06-12,9665
0056,元大高股息,69,9,60,富邦-桃園,2023-06-12,9665
2352,佳世達,63,10,53,富邦-桃園,2023-06-12,9665
4167,松瑞藥,51,0,51,富邦-桃園,2023-06-12,9665
3306,鼎天,55,13,42,富邦-桃園,2023-06-12,9665
2382,廣達,75,34,41,富邦-桃園,2023-06-12,9665
00862B,中信投資級公司債,40,0,40,富邦-桃園,2023-06-12,9665
2913,農林,36,0,36,富邦-桃園,2023-06-12,9665
2812,台中銀,40,5,35,富邦-桃園,2023-06-12,9665
00891,中信關鍵半導體,37,2,35,富邦-桃園,2023-06-12,9665
2882,國泰金,43,8,35,富邦-桃園,2023-06-12,9665
2492,華新科,39,6,33,富邦-桃園,2023-06-12,9665
5465,富驊,37,4,33,富邦-桃園,2023-06-12,9665
00679B,元大美債20年,32,0,32,富邦-桃園,2023-06-12,9665
2515,中工,32,2,30,富邦-桃園,2023-06-12,9665
8446,華研,32,2,30,富邦-桃園,2023-06-12,9665
6122,擎邦,40,13,27,富邦-桃園,2023-06-12,9665
4906,正文,27,0,27,富邦-桃園,2023-06-12,9665
2353,宏��,37,11,26,富邦-桃園,2023-06-12,9665
4543,萬在,34,8,26,富邦-桃園,2023-06-12,9665
3046,建��,46,22,24,富邦-桃園,2023-06-12,9665
6163,華電網,30,7,23,富邦-桃園,2023-06-12,9665
1795,美時,24,2,22,富邦-桃園,2023-06-12,9665
6167,久正,25,3,22,富邦-桃園,2023-06-12,9665
1905,華紙,57,35,22,富邦-桃園,2023-06-12,9665
1101,台泥,27,5,22,富邦-桃園,2023-06-12,9665
8034,榮群,24,3,21,富邦-桃園,2023-06-12,9665
6152,百一,20,0,20,富邦-桃園,2023-06-12,9665
6165,浪凡,20,0,20,富邦-桃園,2023-06-12,9665
2030,彰源,20,0,20,富邦-桃園,2023-06-12,9665
2889,國票金,20,0,20,富邦-桃園,2023-06-12,9665
8105,凌巨,20,0,20,富邦-桃園,2023-06-12,9665
1513,中興電,29,10,19,富邦-桃園,2023-06-12,9665
6278,台表科,34,15,19,富邦-桃園,2023-06-12,9665
6789,采鈺,46,27,19,富邦-桃園,2023-06-12,9665
8358,金居,24,6,18,富邦-桃園,2023-06-12,9665
3714,富采,18,0,18,富邦-桃園,2023-06-12,9665
1524,耿鼎,18,0,18,富邦-桃園,2023-06-12,9665
3207,耀勝,25,7,18,富邦-桃園,2023-06-12,9665
3043,科風,31,14,17,富邦-桃園,2023-06-12,9665
5439,高技,30,13,17,富邦-桃園,2023-06-12,9665
8420,明揚,18,3,15,富邦-桃園,2023-06-12,9665
00882,中信中國高股息,2631,4,2627,富邦-桃園,2023-06-13,9665
00715L,期街口布蘭特正2,625,4,621,富邦-桃園,2023-06-13,9665
6470,宇智,133,0,133,富邦-桃園,2023-06-13,9665
00642U,期元大S＆P石油,119,0,119,富邦-桃園,2023-06-13,9665
2888,新光金,159,53,106,富邦-桃園,2023-06-13,9665
00919,群益台灣精選高息,114,11,103,富邦-桃園,2023-06-13,9665
00929,復華台灣科技優息,117,19,98,富邦-桃園,2023-06-13,9665
2323,中環,105,13,92,富邦-桃園,2023-06-13,9665
6288,聯嘉,98,21,77,富邦-桃園,2023-06-13,9665
4564,元翎,75,1,74,富邦-桃園,2023-06-13,9665
3706,神達,81,12,69,富邦-桃園,2023-06-13,9665
4768,晶呈科技,60,2,58,富邦-桃園,2023-06-13,9665
3033,威健,68,17,51,富邦-桃園,2023-06-13,9665
8034,榮群,50,1,49,富邦-桃園,2023-06-13,9665
3481,群創,44,2,42,富邦-桃園,2023-06-13,9665
5425,台半,39,0,39,富邦-桃園,2023-06-13,9665
3518,柏騰,33,0,33,富邦-桃園,2023-06-13,9665
3058,立德,33,0,33,富邦-桃園,2023-06-13,9665
00688L,國泰20年美債正2,30,0,30,富邦-桃園,2023-06-13,9665
6167,久正,33,4,29,富邦-桃園,2023-06-13,9665
00795B,中信美國公債20年,29,0,29,富邦-桃園,2023-06-13,9665
2352,佳世達,44,18,26,富邦-桃園,2023-06-13,9665
1609,大亞,60,35,25,富邦-桃園,2023-06-13,9665
2453,凌群,32,7,25,富邦-桃園,2023-06-13,9665
8092,建暐,25,0,25,富邦-桃園,2023-06-13,9665
3576,聯合再生,44,19,25,富邦-桃園,2023-06-13,9665
00751B,元大AAA至A公司債,27,3,24,富邦-桃園,2023-06-13,9665
6005,群益證,22,0,22,富邦-桃園,2023-06-13,9665
6245,立端,35,14,21,富邦-桃園,2023-06-13,9665
3234,光環,21,0,21,富邦-桃園,2023-06-13,9665
3356,奇偶,29,8,21,富邦-桃園,2023-06-13,9665
2206,三陽工業,158,138,20,富邦-桃園,2023-06-13,9665
1455,集盛,20,0,20,富邦-桃園,2023-06-13,9665
5328,華容,21,1,20,富邦-桃園,2023-06-13,9665
1227,佳格,25,5,20,富邦-桃園,2023-06-13,9665
2331,精英,21,1,20,富邦-桃園,2023-06-13,9665
2882,國泰金,22,5,17,富邦-桃園,2023-06-13,9665
00720B,元大投資級公司債,22,6,16,富邦-桃園,2023-06-13,9665
4961,天鈺,18,2,16,富邦-桃園,2023-06-13,9665
2645,長榮航太,18,2,16,富邦-桃園,2023-06-13,9665
2353,宏��,17,1,16,富邦-桃園,2023-06-13,9665
8478,東哥遊艇,18,2,16,富邦-桃園,2023-06-13,9665
1513,中興電,36,21,15,富邦-桃園,2023-06-13,9665
8358,金居,20,5,15,富邦-桃園,2023-06-13,9665
5512,力麒,16,1,15,富邦-桃園,2023-06-13,9665
1514,亞力,19,4,15,富邦-桃園,2023-06-13,9665
6234,高僑,14,0,14,富邦-桃園,2023-06-13,9665
4960,誠美材,15,1,14,富邦-桃園,2023-06-13,9665
2337,旺宏,14,0,14,富邦-桃園,2023-06-13,9665
3652,精聯,26,12,14,富邦-桃園,2023-06-13,9665
2312,金寶,601,12,589,富邦-桃園,2023-06-14,9665
2356,英業達,350,146,204,富邦-桃園,2023-06-14,9665
00919,群益台灣精選高息,131,4,127,富邦-桃園,2023-06-14,9665
1734,杏輝,110,0,110,富邦-桃園,2023-06-14,9665
2883,凱基金,100,1,99,富邦-桃園,2023-06-14,9665
00795B,中信美國公債20年,92,0,92,富邦-桃園,2023-06-14,9665
00712,復華富時不動產,83,3,80,富邦-桃園,2023-06-14,9665
1522,堤維西,148,72,76,富邦-桃園,2023-06-14,9665
00655L,國泰中國A50正2,80,16,64,富邦-桃園,2023-06-14,9665
5009,榮剛,61,0,61,富邦-桃園,2023-06-14,9665
3481,群創,60,2,58,富邦-桃園,2023-06-14,9665
1504,東元,85,33,52,富邦-桃園,2023-06-14,9665
00679B,元大美債20年,50,0,50,富邦-桃園,2023-06-14,9665
5340,建榮,50,0,50,富邦-桃園,2023-06-14,9665
8390,金益鼎,50,0,50,富邦-桃園,2023-06-14,9665
2908,特力,45,0,45,富邦-桃園,2023-06-14,9665
00929,復華台灣科技優息,80,36,44,富邦-桃園,2023-06-14,9665
00688L,國泰20年美債正2,40,0,40,富邦-桃園,2023-06-14,9665
2884,玉山金,41,1,40,富邦-桃園,2023-06-14,9665
9105,泰金寶-DR,50,11,39,富邦-桃園,2023-06-14,9665
00687B,國泰20年美債,38,0,38,富邦-桃園,2023-06-14,9665
2382,廣達,74,36,38,富邦-桃園,2023-06-14,9665
3046,建��,61,25,36,富邦-桃園,2023-06-14,9665
2436,偉詮電,38,4,34,富邦-桃園,2023-06-14,9665
3290,東浦,34,0,34,富邦-桃園,2023-06-14,9665
00891,中信關鍵半導體,34,2,32,富邦-桃園,2023-06-14,9665
2425,承啟,33,4,29,富邦-桃園,2023-06-14,9665
2313,華通,31,2,29,富邦-桃園,2023-06-14,9665
1609,大亞,58,29,29,富邦-桃園,2023-06-14,9665
6116,彩晶,28,0,28,富邦-桃園,2023-06-14,9665
00895,富邦未來車,29,5,24,富邦-桃園,2023-06-14,9665
6278,台表科,24,0,24,富邦-桃園,2023-06-14,9665
2324,仁寶,23,0,23,富邦-桃園,2023-06-14,9665
1815,富喬,25,2,23,富邦-桃園,2023-06-14,9665
2428,興勤,24,1,23,富邦-桃園,2023-06-14,9665
00680L,元大美債20正2,32,10,22,富邦-桃園,2023-06-14,9665
1905,華紙,35,13,22,富邦-桃園,2023-06-14,9665
3027,盛達,21,0,21,富邦-桃園,2023-06-14,9665
1709,和益,21,0,21,富邦-桃園,2023-06-14,9665
4768,晶呈科技,21,0,21,富邦-桃園,2023-06-14,9665
3078,僑威,60,40,20,富邦-桃園,2023-06-14,9665
2812,台中銀,22,2,20,富邦-桃園,2023-06-14,9665
1558,伸興,20,0,20,富邦-桃園,2023-06-14,9665
9933,中鼎,20,0,20,富邦-桃園,2023-06-14,9665
2393,億光,20,2,18,富邦-桃園,2023-06-14,9665
4931,新盛力,31,13,18,富邦-桃園,2023-06-14,9665
2009,第一銅,22,4,18,富邦-桃園,2023-06-14,9665
3022,威強電,35,17,18,富邦-桃園,2023-06-14,9665
8926,台汽電,31,15,16,富邦-桃園,2023-06-14,9665
2515,中工,15,0,15,富邦-桃園,2023-06-14,9665
00882,中信中國高股息,936,1,935,富邦-桃園,2023-06-15,9665
0056,元大高股息,236,27,209,富邦-桃園,2023-06-15,9665
00919,群益台灣精選高息,198,0,198,富邦-桃園,2023-06-15,9665
00674R,期元大S＆P黃金反1,100,0,100,富邦-桃園,2023-06-15,9665
00751B,元大AAA至A公司債,81,0,81,富邦-桃園,2023-06-15,9665
00632R,元大台灣50反1,128,50,78,富邦-桃園,2023-06-15,9665
6278,台表科,72,0,72,富邦-桃園,2023-06-15,9665
00715L,期街口布蘭特正2,113,51,62,富邦-桃園,2023-06-15,9665
2352,佳世達,95,38,57,富邦-桃園,2023-06-15,9665
00679B,元大美債20年,54,0,54,富邦-桃園,2023-06-15,9665
2609,陽明,54,3,51,富邦-桃園,2023-06-15,9665
00897,富邦基因免疫生技,50,0,50,富邦-桃園,2023-06-15,9665
00712,復華富時不動產,116,66,50,富邦-桃園,2023-06-15,9665
4510,高鋒,53,4,49,富邦-桃園,2023-06-15,9665
2323,中環,80,34,46,富邦-桃園,2023-06-15,9665
2401,凌陽,72,29,43,富邦-桃園,2023-06-15,9665
4906,正文,44,1,43,富邦-桃園,2023-06-15,9665
6691,洋基工程,42,0,42,富邦-桃園,2023-06-15,9665
1904,正隆,40,2,38,富邦-桃園,2023-06-15,9665
00642U,期元大S＆P石油,37,0,37,富邦-桃園,2023-06-15,9665
1455,集盛,35,0,35,富邦-桃園,2023-06-15,9665
2812,台中銀,36,2,34,富邦-桃園,2023-06-15,9665
2313,華通,39,5,34,富邦-桃園,2023-06-15,9665
8076,伍豐,52,19,33,富邦-桃園,2023-06-15,9665
2603,長榮,38,5,33,富邦-桃園,2023-06-15,9665
2105,正新,39,6,33,富邦-桃園,2023-06-15,9665
1314,中石化,33,1,32,富邦-桃園,2023-06-15,9665
2102,泰豐,36,5,31,富邦-桃園,2023-06-15,9665
00929,復華台灣科技優息,57,27,30,富邦-桃園,2023-06-15,9665
3033,威健,31,3,28,富邦-桃園,2023-06-15,9665
2371,大同,55,30,25,富邦-桃園,2023-06-15,9665
2331,精英,69,44,25,富邦-桃園,2023-06-15,9665
3058,立德,35,10,25,富邦-桃園,2023-06-15,9665
2888,新光金,69,44,25,富邦-桃園,2023-06-15,9665
6205,詮欣,26,2,24,富邦-桃園,2023-06-15,9665
1524,耿鼎,29,5,24,富邦-桃園,2023-06-15,9665
3022,威強電,40,16,24,富邦-桃園,2023-06-15,9665
2834,臺企銀,26,3,23,富邦-桃園,2023-06-15,9665
3032,偉訓,29,7,22,富邦-桃園,2023-06-15,9665
6116,彩晶,29,7,22,富邦-桃園,2023-06-15,9665
2317,鴻海,33,11,22,富邦-桃園,2023-06-15,9665
1504,東元,59,39,20,富邦-桃園,2023-06-15,9665
00687B,國泰20年美債,31,11,20,富邦-桃園,2023-06-15,9665
5880,合庫金,37,17,20,富邦-桃園,2023-06-15,9665
2882,國泰金,19,0,19,富邦-桃園,2023-06-15,9665
00885,富邦越南,48,29,19,富邦-桃園,2023-06-15,9665
2482,連宇,51,32,19,富邦-桃園,2023-06-15,9665
2332,友訊,28,11,17,富邦-桃園,2023-06-15,9665
6411,晶焱,17,0,17,富邦-桃園,2023-06-15,9665
00779B,凱基美債25+,15,0,15,富邦-桃園,2023-06-15,9665
2610,華航,1293,579,714,富邦-桃園,2023-06-16,9665
1605,華新,371,54,317,富邦-桃園,2023-06-16,9665
2618,長榮航,527,247,280,富邦-桃園,2023-06-16,9665
00674R,期元大S＆P黃金反1,274,0,274,富邦-桃園,2023-06-16,9665
2323,中環,337,66,271,富邦-桃園,2023-06-16,9665
4564,元翎,239,20,219,富邦-桃園,2023-06-16,9665
2356,英業達,396,224,172,富邦-桃園,2023-06-16,9665
00712,復華富時不動產,179,10,169,富邦-桃園,2023-06-16,9665
00676R,富邦臺灣加權反1,298,148,150,富邦-桃園,2023-06-16,9665
1815,富喬,163,42,121,富邦-桃園,2023-06-16,9665
2888,新光金,137,25,112,富邦-桃園,2023-06-16,9665
2371,大同,251,151,100,富邦-桃園,2023-06-16,9665
3706,神達,157,57,100,富邦-桃園,2023-06-16,9665
5426,振發,103,10,93,富邦-桃園,2023-06-16,9665
1616,億泰,84,2,82,富邦-桃園,2023-06-16,9665
00919,群益台灣精選高息,143,63,80,富邦-桃園,2023-06-16,9665
6443,元晶,68,0,68,富邦-桃園,2023-06-16,9665
3264,欣銓,101,35,66,富邦-桃園,2023-06-16,9665
4906,正文,73,12,61,富邦-桃園,2023-06-16,9665
2530,華建,53,0,53,富邦-桃園,2023-06-16,9665
5392,能率,50,0,50,富邦-桃園,2023-06-16,9665
3372,典範,50,2,48,富邦-桃園,2023-06-16,9665
9105,泰金寶-DR,50,5,45,富邦-桃園,2023-06-16,9665
00673R,期元大S＆P原油反1,44,0,44,富邦-桃園,2023-06-16,9665
6282,康舒,50,7,43,富邦-桃園,2023-06-16,9665
3022,威強電,43,1,42,富邦-桃園,2023-06-16,9665
5498,凱崴,40,0,40,富邦-桃園,2023-06-16,9665
2201,裕隆,40,4,36,富邦-桃園,2023-06-16,9665
6548,長科*,35,0,35,富邦-桃園,2023-06-16,9665
2382,廣達,58,24,34,富邦-桃園,2023-06-16,9665
00929,復華台灣科技優息,66,32,34,富邦-桃園,2023-06-16,9665
3231,緯創,140,108,32,富邦-桃園,2023-06-16,9665
3540,曜越,32,0,32,富邦-桃園,2023-06-16,9665
2883,凱基金,39,7,32,富邦-桃園,2023-06-16,9665
2331,精英,31,0,31,富邦-桃園,2023-06-16,9665
2353,宏��,56,25,31,富邦-桃園,2023-06-16,9665
00877,復華中國5G,30,3,27,富邦-桃園,2023-06-16,9665
2359,所羅門,49,22,27,富邦-桃園,2023-06-16,9665
6234,高僑,26,0,26,富邦-桃園,2023-06-16,9665
8049,晶采,26,0,26,富邦-桃園,2023-06-16,9665
00679B,元大美債20年,29,3,26,富邦-桃園,2023-06-16,9665
2401,凌陽,49,24,25,富邦-桃園,2023-06-16,9665
6226,光鼎,24,0,24,富邦-桃園,2023-06-16,9665
1434,福懋,24,2,22,富邦-桃園,2023-06-16,9665
3645,達邁,22,0,22,富邦-桃園,2023-06-16,9665
4916,事欣科,25,3,22,富邦-桃園,2023-06-16,9665
1584,精剛,22,1,21,富邦-桃園,2023-06-16,9665
4510,高鋒,26,5,21,富邦-桃園,2023-06-16,9665
6691,洋基工程,21,0,21,富邦-桃園,2023-06-16,9665
2409,友達,39,19,20,富邦-桃園,2023-06-16,9665
9105,泰金寶-DR,250,0,250,富邦-桃園,2023-06-19,9665
00882,中信中國高股息,237,0,237,富邦-桃園,2023-06-19,9665
00712,復華富時不動產,226,31,195,富邦-桃園,2023-06-19,9665
3535,晶彩科,112,0,112,富邦-桃園,2023-06-19,9665
00650L,復華香港正2,110,0,110,富邦-桃園,2023-06-19,9665
00674R,期元大S＆P黃金反1,100,0,100,富邦-桃園,2023-06-19,9665
3231,緯創,161,62,99,富邦-桃園,2023-06-19,9665
3706,神達,97,12,85,富邦-桃園,2023-06-19,9665
2312,金寶,120,38,82,富邦-桃園,2023-06-19,9665
6470,宇智,78,0,78,富邦-桃園,2023-06-19,9665
2393,億光,80,3,77,富邦-桃園,2023-06-19,9665
2443,昶虹,70,0,70,富邦-桃園,2023-06-19,9665
00673R,期元大S＆P原油反1,60,0,60,富邦-桃園,2023-06-19,9665
1734,杏輝,66,10,56,富邦-桃園,2023-06-19,9665
2353,宏��,62,7,55,富邦-桃園,2023-06-19,9665
2610,華航,376,324,52,富邦-桃園,2023-06-19,9665
00637L,元大滬深300正2,125,74,51,富邦-桃園,2023-06-19,9665
2409,友達,190,141,49,富邦-桃園,2023-06-19,9665
2382,廣達,113,68,45,富邦-桃園,2023-06-19,9665
1307,三芳,48,6,42,富邦-桃園,2023-06-19,9665
00665L,富邦�琤肭磪囓�2,95,55,40,富邦-桃園,2023-06-19,9665
1504,東元,67,28,39,富邦-桃園,2023-06-19,9665
2402,毅嘉,71,32,39,富邦-桃園,2023-06-19,9665
2421,建準,54,16,38,富邦-桃園,2023-06-19,9665
00751B,元大AAA至A公司債,36,0,36,富邦-桃園,2023-06-19,9665
1609,大亞,62,28,34,富邦-桃園,2023-06-19,9665
2891,中信金,40,7,33,富邦-桃園,2023-06-19,9665
2356,英業達,81,48,33,富邦-桃園,2023-06-19,9665
4906,正文,65,33,32,富邦-桃園,2023-06-19,9665
00655L,國泰中國A50正2,51,20,31,富邦-桃園,2023-06-19,9665
00919,群益台灣精選高息,43,14,29,富邦-桃園,2023-06-19,9665
2489,瑞軒,30,1,29,富邦-桃園,2023-06-19,9665
1513,中興電,170,141,29,富邦-桃園,2023-06-19,9665
6148,驊宏資,45,17,28,富邦-桃園,2023-06-19,9665
0056,元大高股息,74,46,28,富邦-桃園,2023-06-19,9665
1802,台玻,32,5,27,富邦-桃園,2023-06-19,9665
2609,陽明,39,12,27,富邦-桃園,2023-06-19,9665
00929,復華台灣科技優息,98,71,27,富邦-桃園,2023-06-19,9665
2324,仁寶,28,4,24,富邦-桃園,2023-06-19,9665
6189,豐藝,23,0,23,富邦-桃園,2023-06-19,9665
6234,高僑,30,8,22,富邦-桃園,2023-06-19,9665
6120,達運,108,86,22,富邦-桃園,2023-06-19,9665
00706L,期元大S＆P日圓正2,22,0,22,富邦-桃園,2023-06-19,9665
00795B,中信美國公債20年,19,0,19,富邦-桃園,2023-06-19,9665
6282,康舒,29,11,18,富邦-桃園,2023-06-19,9665
2014,中鴻,20,2,18,富邦-桃園,2023-06-19,9665
3264,欣銓,49,31,18,富邦-桃園,2023-06-19,9665
1519,華城,34,16,18,富邦-桃園,2023-06-19,9665
3022,威強電,21,4,17,富邦-桃園,2023-06-19,9665
2605,新興,17,0,17,富邦-桃園,2023-06-19,9665
00882,中信中國高股息,747,2,745,富邦-桃園,2023-06-20,9665
6470,宇智,295,2,293,富邦-桃園,2023-06-20,9665
00673R,期元大S＆P原油反1,158,0,158,富邦-桃園,2023-06-20,9665
9105,泰金寶-DR,151,0,151,富邦-桃園,2023-06-20,9665
3481,群創,226,104,122,富邦-桃園,2023-06-20,9665
2504,國產,102,0,102,富邦-桃園,2023-06-20,9665
2409,友達,113,11,102,富邦-桃園,2023-06-20,9665
2027,大成鋼,102,1,101,富邦-桃園,2023-06-20,9665
00674R,期元大S＆P黃金反1,100,5,95,富邦-桃園,2023-06-20,9665
2618,長榮航,159,72,87,富邦-桃園,2023-06-20,9665
2337,旺宏,74,11,63,富邦-桃園,2023-06-20,9665
2323,中環,143,83,60,富邦-桃園,2023-06-20,9665
00712,復華富時不動產,61,8,53,富邦-桃園,2023-06-20,9665
6125,廣運,50,3,47,富邦-桃園,2023-06-20,9665
3264,欣銓,46,0,46,富邦-桃園,2023-06-20,9665
2014,中鴻,44,1,43,富邦-桃園,2023-06-20,9665
5009,榮剛,50,10,40,富邦-桃園,2023-06-20,9665
2913,農林,42,5,37,富邦-桃園,2023-06-20,9665
1319,東陽,40,4,36,富邦-桃園,2023-06-20,9665
3011,今皓,51,17,34,富邦-桃園,2023-06-20,9665
00675L,富邦臺灣加權正2,32,0,32,富邦-桃園,2023-06-20,9665
2454,聯發科,72,41,31,富邦-桃園,2023-06-20,9665
4564,元翎,30,0,30,富邦-桃園,2023-06-20,9665
9930,中聯資源,30,0,30,富邦-桃園,2023-06-20,9665
1605,華新,46,18,28,富邦-桃園,2023-06-20,9665
3625,西勝,30,3,27,富邦-桃園,2023-06-20,9665
00919,群益台灣精選高息,41,16,25,富邦-桃園,2023-06-20,9665
6284,佳邦,23,0,23,富邦-桃園,2023-06-20,9665
2382,廣達,47,26,21,富邦-桃園,2023-06-20,9665
6234,高僑,21,0,21,富邦-桃園,2023-06-20,9665
1444,力麗,26,5,21,富邦-桃園,2023-06-20,9665
2457,飛宏,34,13,21,富邦-桃園,2023-06-20,9665
00925,新光標普電動車,20,0,20,富邦-桃園,2023-06-20,9665
2392,正崴,20,0,20,富邦-桃園,2023-06-20,9665
6136,富爾特,20,0,20,富邦-桃園,2023-06-20,9665
8222,寶一,70,50,20,富邦-桃園,2023-06-20,9665
1783,和康生,20,1,19,富邦-桃園,2023-06-20,9665
4968,立積,19,0,19,富邦-桃園,2023-06-20,9665
2489,瑞軒,20,1,19,富邦-桃園,2023-06-20,9665
5706,鳳凰,42,23,19,富邦-桃園,2023-06-20,9665
6244,茂迪,47,28,19,富邦-桃園,2023-06-20,9665
6111,大宇資,37,19,18,富邦-桃園,2023-06-20,9665
2356,英業達,76,58,18,富邦-桃園,2023-06-20,9665
2727,王品,17,0,17,富邦-桃園,2023-06-20,9665
4979,華星光,29,12,17,富邦-桃園,2023-06-20,9665
2731,雄獅,17,1,16,富邦-桃園,2023-06-20,9665
2482,連宇,27,11,16,富邦-桃園,2023-06-20,9665
00687B,國泰20年美債,18,2,16,富邦-桃園,2023-06-20,9665
2706,第一店,23,7,16,富邦-桃園,2023-06-20,9665
1524,耿鼎,18,2,16,富邦-桃園,2023-06-20,9665
00632R,元大台灣50反1,404,39,365,富邦-桃園,2023-06-21,9665
00650L,復華香港正2,151,0,151,富邦-桃園,2023-06-21,9665
5905,南仁湖,111,6,105,富邦-桃園,2023-06-21,9665
2609,陽明,89,13,76,富邦-桃園,2023-06-21,9665
4540,全球傳動,72,0,72,富邦-桃園,2023-06-21,9665
2405,輔信,83,19,64,富邦-桃園,2023-06-21,9665
2371,大同,111,56,55,富邦-桃園,2023-06-21,9665
2618,長榮航,158,104,54,富邦-桃園,2023-06-21,9665
00673R,期元大S＆P原油反1,50,0,50,富邦-桃園,2023-06-21,9665
00680L,元大美債20正2,60,11,49,富邦-桃園,2023-06-21,9665
00895,富邦未來車,54,7,47,富邦-桃園,2023-06-21,9665
2359,所羅門,62,20,42,富邦-桃園,2023-06-21,9665
2634,漢翔,76,37,39,富邦-桃園,2023-06-21,9665
3013,晟銘電,91,58,33,富邦-桃園,2023-06-21,9665
2705,六福,69,36,33,富邦-桃園,2023-06-21,9665
6219,富旺,30,0,30,富邦-桃園,2023-06-21,9665
3535,晶彩科,30,0,30,富邦-桃園,2023-06-21,9665
4958,臻鼎-KY,29,0,29,富邦-桃園,2023-06-21,9665
3625,西勝,29,0,29,富邦-桃園,2023-06-21,9665
2497,怡利電,25,0,25,富邦-桃園,2023-06-21,9665
3027,盛達,45,22,23,富邦-桃園,2023-06-21,9665
5302,太欣,22,0,22,富邦-桃園,2023-06-21,9665
2383,台光電,22,0,22,富邦-桃園,2023-06-21,9665
2867,三商壽,24,2,22,富邦-桃園,2023-06-21,9665
1314,中石化,21,0,21,富邦-桃園,2023-06-21,9665
3576,聯合再生,21,0,21,富邦-桃園,2023-06-21,9665
1609,大亞,44,23,21,富邦-桃園,2023-06-21,9665
1727,中華化,23,3,20,富邦-桃園,2023-06-21,9665
5512,力麒,20,0,20,富邦-桃園,2023-06-21,9665
6117,迎廣,20,0,20,富邦-桃園,2023-06-21,9665
4503,金雨,20,0,20,富邦-桃園,2023-06-21,9665
2301,光寶科,26,6,20,富邦-桃園,2023-06-21,9665
2834,臺企銀,22,2,20,富邦-桃園,2023-06-21,9665
2337,旺宏,21,2,19,富邦-桃園,2023-06-21,9665
1605,華新,40,21,19,富邦-桃園,2023-06-21,9665
00925,新光標普電動車,18,0,18,富邦-桃園,2023-06-21,9665
3221,台嘉碩,18,0,18,富邦-桃園,2023-06-21,9665
9930,中聯資源,18,0,18,富邦-桃園,2023-06-21,9665
00712,復華富時不動產,38,21,17,富邦-桃園,2023-06-21,9665
1795,美時,19,3,16,富邦-桃園,2023-06-21,9665
00757,統一FANG+,17,1,16,富邦-桃園,2023-06-21,9665
2702,華園,31,15,16,富邦-桃園,2023-06-21,9665
2413,環科,20,4,16,富邦-桃園,2023-06-21,9665
6244,茂迪,16,0,16,富邦-桃園,2023-06-21,9665
8011,台通,16,0,16,富邦-桃園,2023-06-21,9665
2312,金寶,24,8,16,富邦-桃園,2023-06-21,9665
3374,精材,19,4,15,富邦-桃園,2023-06-21,9665
5871,中租-KY,16,1,15,富邦-桃園,2023-06-21,9665
8210,勤誠,29,13,16,富邦-桃園,2023-06-21,9665
2482,連宇,15,1,14,富邦-桃園,2023-06-21,9665
00882,中信中國高股息,765,0,765,富邦-桃園,2023-06-26,9665
00715L,期街口布蘭特正2,218,0,218,富邦-桃園,2023-06-26,9665
6116,彩晶,78,6,72,富邦-桃園,2023-06-26,9665
2371,大同,112,44,68,富邦-桃園,2023-06-26,9665
00642U,期元大S＆P石油,58,0,58,富邦-桃園,2023-06-26,9665
1504,東元,72,22,50,富邦-桃園,2023-06-26,9665
4906,正文,50,0,50,富邦-桃園,2023-06-26,9665
00637L,元大滬深300正2,49,0,49,富邦-桃園,2023-06-26,9665
2331,精英,55,7,48,富邦-桃園,2023-06-26,9665
2443,昶虹,38,0,38,富邦-桃園,2023-06-26,9665
2368,金像電,41,5,36,富邦-桃園,2023-06-26,9665
1802,台玻,37,6,31,富邦-桃園,2023-06-26,9665
3033,威健,31,0,31,富邦-桃園,2023-06-26,9665
2014,中鴻,45,14,31,富邦-桃園,2023-06-26,9665
6282,康舒,43,12,31,富邦-桃園,2023-06-26,9665
2530,華建,30,0,30,富邦-桃園,2023-06-26,9665
2312,金寶,45,15,30,富邦-桃園,2023-06-26,9665
2610,華航,162,133,29,富邦-桃園,2023-06-26,9665
2457,飛宏,38,10,28,富邦-桃園,2023-06-26,9665
00902,中信電池及儲能,28,0,28,富邦-桃園,2023-06-26,9665
00655L,國泰中國A50正2,27,0,27,富邦-桃園,2023-06-26,9665
1522,堤維西,59,33,26,富邦-桃園,2023-06-26,9665
6112,邁達特,37,12,25,富邦-桃園,2023-06-26,9665
2382,廣達,56,31,25,富邦-桃園,2023-06-26,9665
6670,復盛應用,24,0,24,富邦-桃園,2023-06-26,9665
1605,華新,72,48,24,富邦-桃園,2023-06-26,9665
6277,宏正,22,0,22,富邦-桃園,2023-06-26,9665
8069,元太,27,5,22,富邦-桃園,2023-06-26,9665
3363,上詮,30,9,21,富邦-桃園,2023-06-26,9665
2515,中工,21,0,21,富邦-桃園,2023-06-26,9665
2882,國泰金,47,26,21,富邦-桃園,2023-06-26,9665
2609,陽明,25,5,20,富邦-桃園,2023-06-26,9665
00676R,富邦臺灣加權反1,20,0,20,富邦-桃園,2023-06-26,9665
2308,台達電,23,3,20,富邦-桃園,2023-06-26,9665
1737,臺鹽,20,1,19,富邦-桃園,2023-06-26,9665
2349,錸德,19,0,19,富邦-桃園,2023-06-26,9665
2317,鴻海,83,64,19,富邦-桃園,2023-06-26,9665
8358,金居,29,11,18,富邦-桃園,2023-06-26,9665
2867,三商壽,33,15,18,富邦-桃園,2023-06-26,9665
2303,聯電,50,33,17,富邦-桃園,2023-06-26,9665
00757,統一FANG+,17,0,17,富邦-桃園,2023-06-26,9665
3032,偉訓,24,7,17,富邦-桃園,2023-06-26,9665
6443,元晶,18,1,17,富邦-桃園,2023-06-26,9665
1301,台塑,18,2,16,富邦-桃園,2023-06-26,9665
2883,凱基金,18,2,16,富邦-桃園,2023-06-26,9665
2482,連宇,15,0,15,富邦-桃園,2023-06-26,9665
8926,台汽電,40,25,15,富邦-桃園,2023-06-26,9665
00633L,富邦上証正2,15,0,15,富邦-桃園,2023-06-26,9665
00740B,富邦全球投等債,14,0,14,富邦-桃園,2023-06-26,9665
2615,萬海,13,0,13,富邦-桃園,2023-06-26,9665
3481,群創,209,46,163,富邦-桃園,2023-06-27,9665
00674R,期元大S＆P黃金反1,136,0,136,富邦-桃園,2023-06-27,9665
2331,精英,143,12,131,富邦-桃園,2023-06-27,9665
4906,正文,109,0,109,富邦-桃園,2023-06-27,9665
6116,彩晶,160,56,104,富邦-桃園,2023-06-27,9665
00878,國泰永續高股息,149,64,85,富邦-桃園,2023-06-27,9665
1101,台泥,77,1,76,富邦-桃園,2023-06-27,9665
2340,台亞,83,11,72,富邦-桃園,2023-06-27,9665
2367,燿華,70,2,68,富邦-桃園,2023-06-27,9665
1513,中興電,126,60,66,富邦-桃園,2023-06-27,9665
2303,聯電,99,34,65,富邦-桃園,2023-06-27,9665
00715L,期街口布蘭特正2,76,13,63,富邦-桃園,2023-06-27,9665
2409,友達,76,19,57,富邦-桃園,2023-06-27,9665
0056,元大高股息,84,31,53,富邦-桃園,2023-06-27,9665
3714,富采,41,0,41,富邦-桃園,2023-06-27,9665
1907,永豐餘,42,3,39,富邦-桃園,2023-06-27,9665
00929,復華台灣科技優息,57,19,38,富邦-桃園,2023-06-27,9665
6188,廣明,123,87,36,富邦-桃園,2023-06-27,9665
2362,藍天,33,0,33,富邦-桃園,2023-06-27,9665
2890,永豐金,32,0,32,富邦-桃園,2023-06-27,9665
00905,FT臺灣Smart,32,0,32,富邦-桃園,2023-06-27,9665
1605,華新,64,32,32,富邦-桃園,2023-06-27,9665
3038,全台,85,54,31,富邦-桃園,2023-06-27,9665
00680L,元大美債20正2,30,0,30,富邦-桃園,2023-06-27,9665
3372,典範,29,0,29,富邦-桃園,2023-06-27,9665
2489,瑞軒,30,2,28,富邦-桃園,2023-06-27,9665
2888,新光金,26,0,26,富邦-桃園,2023-06-27,9665
3535,晶彩科,26,0,26,富邦-桃園,2023-06-27,9665
6443,元晶,27,2,25,富邦-桃園,2023-06-27,9665
00919,群益台灣精選高息,30,5,25,富邦-桃園,2023-06-27,9665
1904,正隆,47,23,24,富邦-桃園,2023-06-27,9665
2412,中華電,23,0,23,富邦-桃園,2023-06-27,9665
00706L,期元大S＆P日圓正2,22,0,22,富邦-桃園,2023-06-27,9665
1314,中石化,34,14,20,富邦-桃園,2023-06-27,9665
6290,良維,20,0,20,富邦-桃園,2023-06-27,9665
1616,億泰,20,0,20,富邦-桃園,2023-06-27,9665
4123,晟德,26,6,20,富邦-桃園,2023-06-27,9665
2427,三商電,51,31,20,富邦-桃園,2023-06-27,9665
2344,華邦電,34,14,20,富邦-桃園,2023-06-27,9665
00757,統一FANG+,21,1,20,富邦-桃園,2023-06-27,9665
1301,台塑,20,0,20,富邦-桃園,2023-06-27,9665
2332,友訊,20,1,19,富邦-桃園,2023-06-27,9665
2419,仲琦,19,0,19,富邦-桃園,2023-06-27,9665
4106,雃博,32,13,19,富邦-桃園,2023-06-27,9665
1522,堤維西,32,14,18,富邦-桃園,2023-06-27,9665
2324,仁寶,24,6,18,富邦-桃園,2023-06-27,9665
2887,台新金,18,0,18,富邦-桃園,2023-06-27,9665
1471,首利,20,3,17,富邦-桃園,2023-06-27,9665
8215,明基材,23,6,17,富邦-桃園,2023-06-27,9665
2913,農林,33,16,17,富邦-桃園,2023-06-27,9665
6147,頎邦,602,0,602,富邦-桃園,2023-06-28,9665
00715L,期街口布蘭特正2,515,6,509,富邦-桃園,2023-06-28,9665
3481,群創,224,45,179,富邦-桃園,2023-06-28,9665
6104,創惟,135,1,134,富邦-桃園,2023-06-28,9665
4906,正文,138,9,129,富邦-桃園,2023-06-28,9665
2317,鴻海,129,16,113,富邦-桃園,2023-06-28,9665
4961,天鈺,100,1,99,富邦-桃園,2023-06-28,9665
2331,精英,121,26,95,富邦-桃園,2023-06-28,9665
1605,華新,138,54,84,富邦-桃園,2023-06-28,9665
00674R,期元大S＆P黃金反1,80,0,80,富邦-桃園,2023-06-28,9665
2382,廣達,101,22,79,富邦-桃園,2023-06-28,9665
1734,杏輝,85,11,74,富邦-桃園,2023-06-28,9665
00632R,元大台灣50反1,70,14,56,富邦-桃園,2023-06-28,9665
00642U,期元大S＆P石油,52,2,50,富邦-桃園,2023-06-28,9665
1907,永豐餘,45,5,40,富邦-桃園,2023-06-28,9665
2812,台中銀,42,3,39,富邦-桃園,2023-06-28,9665
3078,僑威,58,20,38,富邦-桃園,2023-06-28,9665
1301,台塑,34,0,34,富邦-桃園,2023-06-28,9665
00687B,國泰20年美債,38,4,34,富邦-桃園,2023-06-28,9665
4564,元翎,42,9,33,富邦-桃園,2023-06-28,9665
2371,大同,75,44,31,富邦-桃園,2023-06-28,9665
00892,富邦台灣半導體,31,1,30,富邦-桃園,2023-06-28,9665
2913,農林,31,3,28,富邦-桃園,2023-06-28,9665
2888,新光金,31,4,27,富邦-桃園,2023-06-28,9665
5880,合庫金,30,3,27,富邦-桃園,2023-06-28,9665
1504,東元,61,36,25,富邦-桃園,2023-06-28,9665
2867,三商壽,25,0,25,富邦-桃園,2023-06-28,9665
3013,晟銘電,36,13,23,富邦-桃園,2023-06-28,9665
3714,富采,23,0,23,富邦-桃園,2023-06-28,9665
1101,台泥,24,2,22,富邦-桃園,2023-06-28,9665
3356,奇偶,54,32,22,富邦-桃園,2023-06-28,9665
2706,第一店,22,0,22,富邦-桃園,2023-06-28,9665
00670L,富邦NASDAQ正2,25,3,22,富邦-桃園,2023-06-28,9665
2485,兆赫,22,1,21,富邦-桃園,2023-06-28,9665
2495,普安,31,10,21,富邦-桃園,2023-06-28,9665
1727,中華化,21,0,21,富邦-桃園,2023-06-28,9665
6198,瑞築,21,0,21,富邦-桃園,2023-06-28,9665
0056,元大高股息,29,9,20,富邦-桃園,2023-06-28,9665
2303,聯電,26,7,19,富邦-桃園,2023-06-28,9665
00679B,元大美債20年,25,7,18,富邦-桃園,2023-06-28,9665
2736,富野,21,4,17,富邦-桃園,2023-06-28,9665
2352,佳世達,21,4,17,富邦-桃園,2023-06-28,9665
8147,正淩,17,0,17,富邦-桃園,2023-06-28,9665
2882,國泰金,20,4,16,富邦-桃園,2023-06-28,9665
6432,今展科,18,2,16,富邦-桃園,2023-06-28,9665
3083,網龍,17,1,16,富邦-桃園,2023-06-28,9665
5465,富驊,68,52,16,富邦-桃園,2023-06-28,9665
00772B,中信高評級公司債,15,0,15,富邦-桃園,2023-06-28,9665
2534,宏盛,15,0,15,富邦-桃園,2023-06-28,9665
8277,商丞,15,0,15,富邦-桃園,2023-06-28,9665
4414,如興,269,5,264,富邦-桃園,2023-06-29,9665
00895,富邦未來車,153,0,153,富邦-桃園,2023-06-29,9665
2883,凱基金,107,1,106,富邦-桃園,2023-06-29,9665
00650L,復華香港正2,105,0,105,富邦-桃園,2023-06-29,9665
1605,華新,109,8,101,富邦-桃園,2023-06-29,9665
2618,長榮航,142,44,98,富邦-桃園,2023-06-29,9665
2303,聯電,118,34,84,富邦-桃園,2023-06-29,9665
00922,國泰台灣領袖50,76,0,76,富邦-桃園,2023-06-29,9665
2323,中環,81,10,71,富邦-桃園,2023-06-29,9665
00929,復華台灣科技優息,65,5,60,富邦-桃園,2023-06-29,9665
2607,榮運,50,0,50,富邦-桃園,2023-06-29,9665
2317,鴻海,103,56,47,富邦-桃園,2023-06-29,9665
00919,群益台灣精選高息,66,21,45,富邦-桃園,2023-06-29,9665
3356,奇偶,57,14,43,富邦-桃園,2023-06-29,9665
2867,三商壽,73,32,41,富邦-桃園,2023-06-29,9665
2022,聚亨,40,0,40,富邦-桃園,2023-06-29,9665
1444,力麗,37,1,36,富邦-桃園,2023-06-29,9665
8403,盛弘,35,5,30,富邦-桃園,2023-06-29,9665
00673R,期元大S＆P原油反1,32,3,29,富邦-桃園,2023-06-29,9665
4157,太景*-KY,47,19,28,富邦-桃園,2023-06-29,9665
2332,友訊,29,1,28,富邦-桃園,2023-06-29,9665
4526,東台,128,101,27,富邦-桃園,2023-06-29,9665
2634,漢翔,65,39,26,富邦-桃園,2023-06-29,9665
1608,華榮,30,4,26,富邦-桃園,2023-06-29,9665
2412,中華電,34,9,25,富邦-桃園,2023-06-29,9665
4908,前鼎,32,10,22,富邦-桃園,2023-06-29,9665
1802,台玻,32,10,22,富邦-桃園,2023-06-29,9665
4123,晟德,23,2,21,富邦-桃園,2023-06-29,9665
1522,堤維西,26,5,21,富邦-桃園,2023-06-29,9665
1301,台塑,20,0,20,富邦-桃園,2023-06-29,9665
8277,商丞,29,9,20,富邦-桃園,2023-06-29,9665
8215,明基材,35,16,19,富邦-桃園,2023-06-29,9665
2340,台亞,26,7,19,富邦-桃園,2023-06-29,9665
4121,優盛,26,9,17,富邦-桃園,2023-06-29,9665
2457,飛宏,30,13,17,富邦-桃園,2023-06-29,9665
3711,日月光投控,22,6,16,富邦-桃園,2023-06-29,9665
2402,毅嘉,16,0,16,富邦-桃園,2023-06-29,9665
5465,富驊,19,3,16,富邦-桃園,2023-06-29,9665
2331,精英,30,15,15,富邦-桃園,2023-06-29,9665
3591,艾笛森,15,0,15,富邦-桃園,2023-06-29,9665
8121,越峰,16,2,14,富邦-桃園,2023-06-29,9665
1504,東元,26,12,14,富邦-桃園,2023-06-29,9665
8289,泰藝,14,0,14,富邦-桃園,2023-06-29,9665
00715L,期街口布蘭特正2,80,67,13,富邦-桃園,2023-06-29,9665
00753L,中信中國50正2,24,11,13,富邦-桃園,2023-06-29,9665
1528,恩德,26,13,13,富邦-桃園,2023-06-29,9665
6142,友勁,13,1,12,富邦-桃園,2023-06-29,9665
00772B,中信高評級公司債,12,0,12,富邦-桃園,2023-06-29,9665
00902,中信電池及儲能,13,2,11,富邦-桃園,2023-06-29,9665
2630,亞航,19,8,11,富邦-桃園,2023-06-29,9665
1589,永冠-KY,303,0,303,富邦-桃園,2023-06-30,9665
2603,長榮,245,49,196,富邦-桃園,2023-06-30,9665
2382,廣達,240,58,182,富邦-桃園,2023-06-30,9665
2883,凱基金,138,6,132,富邦-桃園,2023-06-30,9665
2618,長榮航,273,152,121,富邦-桃園,2023-06-30,9665
2606,裕民,113,0,113,富邦-桃園,2023-06-30,9665
9105,泰金寶-DR,100,6,94,富邦-桃園,2023-06-30,9665
6120,達運,82,1,81,富邦-桃園,2023-06-30,9665
4414,如興,80,0,80,富邦-桃園,2023-06-30,9665
2409,友達,120,48,72,富邦-桃園,2023-06-30,9665
2344,華邦電,70,2,68,富邦-桃園,2023-06-30,9665
00679B,元大美債20年,65,0,65,富邦-桃園,2023-06-30,9665
00772B,中信高評級公司債,55,0,55,富邦-桃園,2023-06-30,9665
00687B,國泰20年美債,53,0,53,富邦-桃園,2023-06-30,9665
00878,國泰永續高股息,69,18,51,富邦-桃園,2023-06-30,9665
2607,榮運,51,1,50,富邦-桃園,2023-06-30,9665
2323,中環,64,15,49,富邦-桃園,2023-06-30,9665
2867,三商壽,50,6,44,富邦-桃園,2023-06-30,9665
2610,華航,105,62,43,富邦-桃園,2023-06-30,9665
00885,富邦越南,51,11,40,富邦-桃園,2023-06-30,9665
1609,大亞,92,53,39,富邦-桃園,2023-06-30,9665
00722B,群益投資級電信債,34,0,34,富邦-桃園,2023-06-30,9665
6234,高僑,30,0,30,富邦-桃園,2023-06-30,9665
6550,北極星藥業-KY,29,0,29,富邦-桃園,2023-06-30,9665
3045,台灣大,28,1,27,富邦-桃園,2023-06-30,9665
0050,元大台灣50,32,4,28,富邦-桃園,2023-06-30,9665
1605,華新,50,23,27,富邦-桃園,2023-06-30,9665
3034,聯詠,32,5,27,富邦-桃園,2023-06-30,9665
2022,聚亨,26,0,26,富邦-桃園,2023-06-30,9665
3481,群創,54,28,26,富邦-桃園,2023-06-30,9665
00680L,元大美債20正2,30,5,25,富邦-桃園,2023-06-30,9665
2887,台新金,25,1,24,富邦-桃園,2023-06-30,9665
5381,合正,23,0,23,富邦-桃園,2023-06-30,9665
3005,神基,33,10,23,富邦-桃園,2023-06-30,9665
3058,立德,25,3,22,富邦-桃園,2023-06-30,9665
9958,世紀鋼,40,19,21,富邦-桃園,2023-06-30,9665
3260,威剛,26,5,21,富邦-桃園,2023-06-30,9665
4526,東台,28,9,19,富邦-桃園,2023-06-30,9665
2412,中華電,18,0,18,富邦-桃園,2023-06-30,9665
00919,群益台灣精選高息,18,1,17,富邦-桃園,2023-06-30,9665
3035,智原,24,8,16,富邦-桃園,2023-06-30,9665
00673R,期元大S＆P原油反1,16,0,16,富邦-桃園,2023-06-30,9665
2881,富邦金,15,0,15,富邦-桃園,2023-06-30,9665
1522,堤維西,25,10,15,富邦-桃園,2023-06-30,9665
3011,今皓,21,6,15,富邦-桃園,2023-06-30,9665
5328,華容,15,0,15,富邦-桃園,2023-06-30,9665
3322,建舜電,14,0,14,富邦-桃園,2023-06-30,9665
2457,飛宏,18,4,14,富邦-桃園,2023-06-30,9665
00720B,元大投資級公司債,55,42,13,富邦-桃園,2023-06-30,9665
2462,良得電,13,0,13,富邦-桃園,2023-06-30,9665
2323,中環,246,34,212,富邦-桃園,2023-07-03,9665
2903,遠百,203,0,203,富邦-桃園,2023-07-03,9665
1528,恩德,158,21,137,富邦-桃園,2023-07-03,9665
00676R,富邦臺灣加權反1,111,10,101,富邦-桃園,2023-07-03,9665
3231,緯創,119,48,71,富邦-桃園,2023-07-03,9665
2312,金寶,65,1,64,富邦-桃園,2023-07-03,9665
4564,元翎,95,31,64,富邦-桃園,2023-07-03,9665
1795,美時,80,20,60,富邦-桃園,2023-07-03,9665
2340,台亞,60,7,53,富邦-桃園,2023-07-03,9665
2303,聯電,71,21,50,富邦-桃園,2023-07-03,9665
1608,華榮,50,0,50,富邦-桃園,2023-07-03,9665
00929,復華台灣科技優息,54,4,50,富邦-桃園,2023-07-03,9665
1605,華新,77,34,43,富邦-桃園,2023-07-03,9665
00673R,期元大S＆P原油反1,42,0,42,富邦-桃園,2023-07-03,9665
1314,中石化,41,0,41,富邦-桃園,2023-07-03,9665
2887,台新金,51,10,41,富邦-桃園,2023-07-03,9665
8358,金居,38,1,37,富邦-桃園,2023-07-03,9665
00687B,國泰20年美債,38,1,37,富邦-桃園,2023-07-03,9665
3128,昇銳,49,12,37,富邦-桃園,2023-07-03,9665
4532,瑞智,53,20,33,富邦-桃園,2023-07-03,9665
2478,大毅,33,0,33,富邦-桃園,2023-07-03,9665
2402,毅嘉,44,12,32,富邦-桃園,2023-07-03,9665
5498,凱崴,30,0,30,富邦-桃園,2023-07-03,9665
6220,岳豐,30,0,30,富邦-桃園,2023-07-03,9665
3083,網龍,30,0,30,富邦-桃園,2023-07-03,9665
00637L,元大滬深300正2,51,24,27,富邦-桃園,2023-07-03,9665
8271,宇瞻,28,2,26,富邦-桃園,2023-07-03,9665
6741,91APP*-KY,26,0,26,富邦-桃園,2023-07-03,9665
3356,奇偶,32,7,25,富邦-桃園,2023-07-03,9665
00888,永豐台灣ESG,32,9,23,富邦-桃園,2023-07-03,9665
5315,光聯,22,0,22,富邦-桃園,2023-07-03,9665
00631L,元大台灣50正2,28,7,21,富邦-桃園,2023-07-03,9665
2206,三陽工業,32,11,21,富邦-桃園,2023-07-03,9665
00891,中信關鍵半導體,20,0,20,富邦-桃園,2023-07-03,9665
1301,台塑,19,0,19,富邦-桃園,2023-07-03,9665
2809,京城銀,19,0,19,富邦-桃園,2023-07-03,9665
3044,健鼎,29,10,19,富邦-桃園,2023-07-03,9665
5211,蒙恬,21,2,19,富邦-桃園,2023-07-03,9665
2412,中華電,19,0,19,富邦-桃園,2023-07-03,9665
2453,凌群,27,9,18,富邦-桃園,2023-07-03,9665
3058,立德,23,5,18,富邦-桃園,2023-07-03,9665
3207,耀勝,72,55,17,富邦-桃園,2023-07-03,9665
2409,友達,25,8,17,富邦-桃園,2023-07-03,9665
2615,萬海,43,26,17,富邦-桃園,2023-07-03,9665
00885,富邦越南,18,2,16,富邦-桃園,2023-07-03,9665
6790,永豐實,17,1,16,富邦-桃園,2023-07-03,9665
3045,台灣大,18,2,16,富邦-桃園,2023-07-03,9665
1454,台富,15,0,15,富邦-桃園,2023-07-03,9665
4931,新盛力,24,9,15,富邦-桃園,2023-07-03,9665
6770,力積電,15,0,15,富邦-桃園,2023-07-03,9665
1589,永冠-KY,354,1,353,富邦-桃園,2023-07-04,9665
0056,元大高股息,298,87,211,富邦-桃園,2023-07-04,9665
2317,鴻海,251,60,191,富邦-桃園,2023-07-04,9665
9105,泰金寶-DR,150,0,150,富邦-桃園,2023-07-04,9665
2603,長榮,275,162,113,富邦-桃園,2023-07-04,9665
1314,中石化,73,0,73,富邦-桃園,2023-07-04,9665
1528,恩德,97,25,72,富邦-桃園,2023-07-04,9665
2609,陽明,163,98,65,富邦-桃園,2023-07-04,9665
2105,正新,61,0,61,富邦-桃園,2023-07-04,9665
3323,加百裕,59,0,59,富邦-桃園,2023-07-04,9665
1444,力麗,58,0,58,富邦-桃園,2023-07-04,9665
00895,富邦未來車,65,13,52,富邦-桃園,2023-07-04,9665
00679B,元大美債20年,52,2,50,富邦-桃園,2023-07-04,9665
6278,台表科,40,0,40,富邦-桃園,2023-07-04,9665
00929,復華台灣科技優息,52,12,40,富邦-桃園,2023-07-04,9665
1795,美時,38,2,36,富邦-桃園,2023-07-04,9665
3025,星通,82,47,35,富邦-桃園,2023-07-04,9665
5388,中磊,36,2,34,富邦-桃園,2023-07-04,9665
00893,國泰智能電動車,66,33,33,富邦-桃園,2023-07-04,9665
2888,新光金,42,12,30,富邦-桃園,2023-07-04,9665
1611,中電,33,3,30,富邦-桃園,2023-07-04,9665
1220,台榮,30,0,30,富邦-桃園,2023-07-04,9665
2409,友達,35,5,30,富邦-桃園,2023-07-04,9665
2399,映泰,51,22,29,富邦-桃園,2023-07-04,9665
3362,先進光,33,4,29,富邦-桃園,2023-07-04,9665
1513,中興電,40,11,29,富邦-桃園,2023-07-04,9665
8271,宇瞻,30,2,28,富邦-桃園,2023-07-04,9665
1609,大亞,47,19,28,富邦-桃園,2023-07-04,9665
6112,邁達特,32,7,25,富邦-桃園,2023-07-04,9665
00688L,國泰20年美債正2,25,0,25,富邦-桃園,2023-07-04,9665
1802,台玻,29,5,24,富邦-桃園,2023-07-04,9665
6220,岳豐,22,0,22,富邦-桃園,2023-07-04,9665
4931,新盛力,30,8,22,富邦-桃園,2023-07-04,9665
2449,京元電子,45,23,22,富邦-桃園,2023-07-04,9665
4967,十銓,23,2,21,富邦-桃園,2023-07-04,9665
3059,華晶科,21,0,21,富邦-桃園,2023-07-04,9665
4938,和碩,23,3,20,富邦-桃園,2023-07-04,9665
2331,精英,45,25,20,富邦-桃園,2023-07-04,9665
1301,台塑,25,5,20,富邦-桃園,2023-07-04,9665
2615,萬海,116,97,19,富邦-桃園,2023-07-04,9665
1218,泰山,19,0,19,富邦-桃園,2023-07-04,9665
4414,如興,19,0,19,富邦-桃園,2023-07-04,9665
3518,柏騰,20,1,19,富邦-桃園,2023-07-04,9665
5704,老爺知,20,2,18,富邦-桃園,2023-07-04,9665
3045,台灣大,17,0,17,富邦-桃園,2023-07-04,9665
00919,群益台灣精選高息,23,6,17,富邦-桃園,2023-07-04,9665
6235,華孚,18,1,17,富邦-桃園,2023-07-04,9665
3083,網龍,17,0,17,富邦-桃園,2023-07-04,9665
00673R,期元大S＆P原油反1,17,0,17,富邦-桃園,2023-07-04,9665
4915,致伸,16,0,16,富邦-桃園,2023-07-04,9665
6470,宇智,309,8,301,富邦-桃園,2023-07-05,9665
0056,元大高股息,211,25,186,富邦-桃園,2023-07-05,9665
00929,復華台灣科技優息,180,0,180,富邦-桃園,2023-07-05,9665
2609,陽明,304,188,116,富邦-桃園,2023-07-05,9665
00650L,復華香港正2,100,0,100,富邦-桃園,2023-07-05,9665
00679B,元大美債20年,95,0,95,富邦-桃園,2023-07-05,9665
2618,長榮航,301,225,76,富邦-桃園,2023-07-05,9665
2401,凌陽,74,0,74,富邦-桃園,2023-07-05,9665
00665L,富邦�琤肭磪囓�2,73,0,73,富邦-桃園,2023-07-05,9665
3231,緯創,184,113,71,富邦-桃園,2023-07-05,9665
1535,中宇,71,3,68,富邦-桃園,2023-07-05,9665
00673R,期元大S＆P原油反1,68,0,68,富邦-桃園,2023-07-05,9665
4934,太極,99,34,65,富邦-桃園,2023-07-05,9665
2327,國巨,64,0,64,富邦-桃園,2023-07-05,9665
2812,台中銀,65,2,63,富邦-桃園,2023-07-05,9665
3535,晶彩科,61,0,61,富邦-桃園,2023-07-05,9665
3013,晟銘電,78,23,55,富邦-桃園,2023-07-05,9665
2610,華航,97,42,55,富邦-桃園,2023-07-05,9665
6016,康和證,54,1,53,富邦-桃園,2023-07-05,9665
2356,英業達,149,105,44,富邦-桃園,2023-07-05,9665
2883,凱基金,46,2,44,富邦-桃園,2023-07-05,9665
2443,昶虹,40,0,40,富邦-桃園,2023-07-05,9665
6278,台表科,38,0,38,富邦-桃園,2023-07-05,9665
2409,友達,37,4,33,富邦-桃園,2023-07-05,9665
8088,品安,43,10,33,富邦-桃園,2023-07-05,9665
2303,聯電,54,22,32,富邦-桃園,2023-07-05,9665
8271,宇瞻,36,4,32,富邦-桃園,2023-07-05,9665
5905,南仁湖,31,0,31,富邦-桃園,2023-07-05,9665
2014,中鴻,35,5,30,富邦-桃園,2023-07-05,9665
00905,FT臺灣Smart,29,0,29,富邦-桃園,2023-07-05,9665
4904,遠傳,28,0,28,富邦-桃園,2023-07-05,9665
2317,鴻海,48,20,28,富邦-桃園,2023-07-05,9665
2331,精英,29,1,28,富邦-桃園,2023-07-05,9665
4906,正文,35,7,28,富邦-桃園,2023-07-05,9665
00687B,國泰20年美債,26,0,26,富邦-桃園,2023-07-05,9665
2801,彰銀,27,1,26,富邦-桃園,2023-07-05,9665
3047,訊舟,26,0,26,富邦-桃園,2023-07-05,9665
2419,仲琦,80,55,25,富邦-桃園,2023-07-05,9665
1806,冠軍,25,0,25,富邦-桃園,2023-07-05,9665
1785,光洋科,25,0,25,富邦-桃園,2023-07-05,9665
1609,大亞,121,96,25,富邦-桃園,2023-07-05,9665
3376,新日興,23,0,23,富邦-桃園,2023-07-05,9665
2421,建準,33,11,22,富邦-桃園,2023-07-05,9665
4503,金雨,36,14,22,富邦-桃園,2023-07-05,9665
00632R,元大台灣50反1,22,0,22,富邦-桃園,2023-07-05,9665
6285,啟��,56,35,21,富邦-桃園,2023-07-05,9665
6195,詩肯,21,0,21,富邦-桃園,2023-07-05,9665
6112,邁達特,38,18,20,富邦-桃園,2023-07-05,9665
6282,康舒,53,33,20,富邦-桃園,2023-07-05,9665
1907,永豐餘,19,0,19,富邦-桃園,2023-07-05,9665
00632R,元大台灣50反1,296,52,244,富邦-桃園,2023-07-06,9665
00929,復華台灣科技優息,242,5,237,富邦-桃園,2023-07-06,9665
2618,長榮航,335,150,185,富邦-桃園,2023-07-06,9665
2610,華航,274,110,164,富邦-桃園,2023-07-06,9665
3481,群創,301,154,147,富邦-桃園,2023-07-06,9665
0056,元大高股息,225,112,113,富邦-桃園,2023-07-06,9665
00650L,復華香港正2,105,0,105,富邦-桃園,2023-07-06,9665
00673R,期元大S＆P原油反1,250,150,100,富邦-桃園,2023-07-06,9665
00679B,元大美債20年,144,45,99,富邦-桃園,2023-07-06,9665
6470,宇智,103,9,94,富邦-桃園,2023-07-06,9665
8215,明基材,167,80,87,富邦-桃園,2023-07-06,9665
2883,凱基金,89,2,87,富邦-桃園,2023-07-06,9665
2356,英業達,136,57,79,富邦-桃園,2023-07-06,9665
00878,國泰永續高股息,131,56,75,富邦-桃園,2023-07-06,9665
2409,友達,172,109,63,富邦-桃園,2023-07-06,9665
2327,國巨,61,2,59,富邦-桃園,2023-07-06,9665
1101,台泥,64,7,57,富邦-桃園,2023-07-06,9665
1591,駿吉-KY,57,0,57,富邦-桃園,2023-07-06,9665
2002,中鋼,64,7,57,富邦-桃園,2023-07-06,9665
00772B,中信高評級公司債,58,2,56,富邦-桃園,2023-07-06,9665
2382,廣達,83,28,55,富邦-桃園,2023-07-06,9665
3037,欣興,55,4,51,富邦-桃園,2023-07-06,9665
9105,泰金寶-DR,50,0,50,富邦-桃園,2023-07-06,9665
8088,品安,51,3,48,富邦-桃園,2023-07-06,9665
2887,台新金,63,21,42,富邦-桃園,2023-07-06,9665
2323,中環,93,52,41,富邦-桃園,2023-07-06,9665
00687B,國泰20年美債,71,30,41,富邦-桃園,2023-07-06,9665
1611,中電,81,40,41,富邦-桃園,2023-07-06,9665
1528,恩德,40,0,40,富邦-桃園,2023-07-06,9665
2330,台積電,42,3,39,富邦-桃園,2023-07-06,9665
9904,寶成,37,0,37,富邦-桃園,2023-07-06,9665
2609,陽明,119,82,37,富邦-桃園,2023-07-06,9665
6282,康舒,70,34,36,富邦-桃園,2023-07-06,9665
1434,福懋,36,0,36,富邦-桃園,2023-07-06,9665
3675,德微,36,1,35,富邦-桃園,2023-07-06,9665
3090,日電貿,35,0,35,富邦-桃園,2023-07-06,9665
00882,中信中國高股息,32,0,32,富邦-桃園,2023-07-06,9665
00688L,國泰20年美債正2,31,0,31,富邦-桃園,2023-07-06,9665
2468,華經,31,0,31,富邦-桃園,2023-07-06,9665
2617,台航,30,0,30,富邦-桃園,2023-07-06,9665
2380,虹光,35,5,30,富邦-桃園,2023-07-06,9665
3013,晟銘電,129,100,29,富邦-桃園,2023-07-06,9665
2812,台中銀,79,50,29,富邦-桃園,2023-07-06,9665
4746,台耀,50,22,28,富邦-桃園,2023-07-06,9665
2881,富邦金,31,2,29,富邦-桃園,2023-07-06,9665
3363,上詮,55,27,28,富邦-桃園,2023-07-06,9665
00637L,元大滬深300正2,27,0,27,富邦-桃園,2023-07-06,9665
2880,華南金,25,0,25,富邦-桃園,2023-07-06,9665
2882,國泰金,26,1,25,富邦-桃園,2023-07-06,9665
9945,潤泰新,25,1,24,富邦-桃園,2023-07-06,9665
2883,凱基金,237,11,226,富邦-桃園,2023-07-07,9665
0056,元大高股息,259,68,191,富邦-桃園,2023-07-07,9665
2303,聯電,182,39,143,富邦-桃園,2023-07-07,9665
00632R,元大台灣50反1,147,12,135,富邦-桃園,2023-07-07,9665
2887,台新金,143,15,128,富邦-桃園,2023-07-07,9665
00929,復華台灣科技優息,118,0,118,富邦-桃園,2023-07-07,9665
00679B,元大美債20年,113,0,113,富邦-桃園,2023-07-07,9665
00720B,元大投資級公司債,116,7,109,富邦-桃園,2023-07-07,9665
2344,華邦電,117,11,106,富邦-桃園,2023-07-07,9665
2369,菱生,110,10,100,富邦-桃園,2023-07-07,9665
00673R,期元大S＆P原油反1,82,0,82,富邦-桃園,2023-07-07,9665
8040,九暘,80,0,80,富邦-桃園,2023-07-07,9665
2323,中環,115,36,79,富邦-桃園,2023-07-07,9665
3481,群創,92,14,78,富邦-桃園,2023-07-07,9665
2409,友達,78,0,78,富邦-桃園,2023-07-07,9665
2401,凌陽,73,10,63,富邦-桃園,2023-07-07,9665
6277,宏正,55,0,55,富邦-桃園,2023-07-07,9665
2891,中信金,57,4,53,富邦-桃園,2023-07-07,9665
2812,台中銀,51,0,51,富邦-桃園,2023-07-07,9665
4414,如興,50,0,50,富邦-桃園,2023-07-07,9665
2393,億光,50,0,50,富邦-桃園,2023-07-07,9665
3535,晶彩科,46,1,45,富邦-桃園,2023-07-07,9665
2888,新光金,45,3,42,富邦-桃園,2023-07-07,9665
1434,福懋,40,0,40,富邦-桃園,2023-07-07,9665
6290,良維,40,0,40,富邦-桃園,2023-07-07,9665
8271,宇瞻,40,1,39,富邦-桃園,2023-07-07,9665
6112,邁達特,42,6,36,富邦-桃園,2023-07-07,9665
2618,長榮航,61,25,36,富邦-桃園,2023-07-07,9665
2340,台亞,129,94,35,富邦-桃園,2023-07-07,9665
00688L,國泰20年美債正2,34,0,34,富邦-桃園,2023-07-07,9665
2881,富邦金,33,0,33,富邦-桃園,2023-07-07,9665
6741,91APP*-KY,34,1,33,富邦-桃園,2023-07-07,9665
2884,玉山金,34,1,33,富邦-桃園,2023-07-07,9665
5426,振發,32,1,31,富邦-桃園,2023-07-07,9665
2356,英業達,79,49,30,富邦-桃園,2023-07-07,9665
3323,加百裕,30,0,30,富邦-桃園,2023-07-07,9665
2617,台航,30,0,30,富邦-桃園,2023-07-07,9665
3374,精材,31,2,29,富邦-桃園,2023-07-07,9665
3006,晶豪科,32,2,30,富邦-桃園,2023-07-07,9665
5211,蒙恬,29,0,29,富邦-桃園,2023-07-07,9665
3594,磐儀,28,0,28,富邦-桃園,2023-07-07,9665
1301,台塑,27,0,27,富邦-桃園,2023-07-07,9665
00888,永豐台灣ESG,25,0,25,富邦-桃園,2023-07-07,9665
3260,威剛,31,6,25,富邦-桃園,2023-07-07,9665
4549,桓達,25,0,25,富邦-桃園,2023-07-07,9665
4532,瑞智,109,85,24,富邦-桃園,2023-07-07,9665
00680L,元大美債20正2,114,90,24,富邦-桃園,2023-07-07,9665
1342,八貫,24,0,24,富邦-桃園,2023-07-07,9665
2610,華航,93,69,24,富邦-桃園,2023-07-07,9665
1514,亞力,35,11,24,富邦-桃園,2023-07-07,9665
00673R,期元大S＆P原油反1,558,0,558,富邦-桃園,2023-07-10,9665
2610,華航,238,52,186,富邦-桃園,2023-07-10,9665
2883,凱基金,158,4,154,富邦-桃園,2023-07-10,9665
00679B,元大美債20年,134,1,133,富邦-桃園,2023-07-10,9665
00929,復華台灣科技優息,151,47,104,富邦-桃園,2023-07-10,9665
0056,元大高股息,126,33,93,富邦-桃園,2023-07-10,9665
00882,中信中國高股息,94,3,91,富邦-桃園,2023-07-10,9665
00680L,元大美債20正2,89,0,89,富邦-桃園,2023-07-10,9665
4566,時碩工業,67,7,60,富邦-桃園,2023-07-10,9665
1337,再生-KY,62,5,57,富邦-桃園,2023-07-10,9665
3078,僑威,64,7,57,富邦-桃園,2023-07-10,9665
4549,桓達,52,0,52,富邦-桃園,2023-07-10,9665
8271,宇瞻,50,0,50,富邦-桃園,2023-07-10,9665
00878,國泰永續高股息,104,54,50,富邦-桃園,2023-07-10,9665
8049,晶采,70,22,48,富邦-桃園,2023-07-10,9665
4532,瑞智,96,50,46,富邦-桃園,2023-07-10,9665
00712,復華富時不動產,57,11,46,富邦-桃園,2023-07-10,9665
00687B,國泰20年美債,42,0,42,富邦-桃園,2023-07-10,9665
3521,鴻翊,54,13,41,富邦-桃園,2023-07-10,9665
3707,漢磊,73,32,41,富邦-桃園,2023-07-10,9665
2618,長榮航,129,90,39,富邦-桃園,2023-07-10,9665
2317,鴻海,38,0,38,富邦-桃園,2023-07-10,9665
2303,聯電,47,10,37,富邦-桃園,2023-07-10,9665
8050,廣積,42,5,37,富邦-桃園,2023-07-10,9665
1904,正隆,37,0,37,富邦-桃園,2023-07-10,9665
2324,仁寶,38,5,33,富邦-桃園,2023-07-10,9665
8088,品安,33,0,33,富邦-桃園,2023-07-10,9665
2419,仲琦,142,111,31,富邦-桃園,2023-07-10,9665
2454,聯發科,35,4,31,富邦-桃園,2023-07-10,9665
5439,高技,43,13,30,富邦-桃園,2023-07-10,9665
1529,樂事綠能,31,2,29,富邦-桃園,2023-07-10,9665
00764B,群益25年美債,27,0,27,富邦-桃園,2023-07-10,9665
1528,恩德,36,12,24,富邦-桃園,2023-07-10,9665
00713,元大台灣高息低波,27,3,24,富邦-桃園,2023-07-10,9665
00722B,群益投資級電信債,23,0,23,富邦-桃園,2023-07-10,9665
1434,福懋,23,0,23,富邦-桃園,2023-07-10,9665
6470,宇智,28,5,23,富邦-桃園,2023-07-10,9665
5864,致和證,22,0,22,富邦-桃園,2023-07-10,9665
2332,友訊,25,4,21,富邦-桃園,2023-07-10,9665
5607,遠雄港,21,0,21,富邦-桃園,2023-07-10,9665
4533,協易機,30,9,21,富邦-桃園,2023-07-10,9665
00927,群益半導體收益,20,0,20,富邦-桃園,2023-07-10,9665
1903,士紙,20,0,20,富邦-桃園,2023-07-10,9665
4543,萬在,44,24,20,富邦-桃園,2023-07-10,9665
1522,堤維西,44,24,20,富邦-桃園,2023-07-10,9665
3535,晶彩科,20,0,20,富邦-桃園,2023-07-10,9665
1591,駿吉-KY,20,0,20,富邦-桃園,2023-07-10,9665
3011,今皓,22,2,20,富邦-桃園,2023-07-10,9665
9958,世紀鋼,34,14,20,富邦-桃園,2023-07-10,9665
5388,中磊,19,0,19,富邦-桃園,2023-07-10,9665
2883B,凱基金乙特,210,0,210,富邦-桃園,2023-07-11,9665
2883,凱基金,123,1,122,富邦-桃園,2023-07-11,9665
1609,大亞,252,151,101,富邦-桃園,2023-07-11,9665
2915,潤泰全,100,1,99,富邦-桃園,2023-07-11,9665
2468,華經,112,13,99,富邦-桃園,2023-07-11,9665
6288,聯嘉,95,17,78,富邦-桃園,2023-07-11,9665
3521,鴻翊,75,1,74,富邦-桃園,2023-07-11,9665
4566,時碩工業,73,6,67,富邦-桃園,2023-07-11,9665
3707,漢磊,81,16,65,富邦-桃園,2023-07-11,9665
3025,星通,98,40,58,富邦-桃園,2023-07-11,9665
2340,台亞,115,63,52,富邦-桃園,2023-07-11,9665
2371,大同,65,16,49,富邦-桃園,2023-07-11,9665
00673R,期元大S＆P原油反1,49,0,49,富邦-桃園,2023-07-11,9665
1409,新纖,49,0,49,富邦-桃園,2023-07-11,9665
2609,陽明,78,30,48,富邦-桃園,2023-07-11,9665
9958,世紀鋼,47,4,43,富邦-桃園,2023-07-11,9665
00929,復華台灣科技優息,69,27,42,富邦-桃園,2023-07-11,9665
00927,群益半導體收益,42,0,42,富邦-桃園,2023-07-11,9665
4510,高鋒,78,37,41,富邦-桃園,2023-07-11,9665
8271,宇瞻,40,0,40,富邦-桃園,2023-07-11,9665
3045,台灣大,37,0,37,富邦-桃園,2023-07-11,9665
4526,東台,39,2,37,富邦-桃園,2023-07-11,9665
1528,恩德,43,7,36,富邦-桃園,2023-07-11,9665
2605,新興,32,0,32,富邦-桃園,2023-07-11,9665
00679B,元大美債20年,33,2,31,富邦-桃園,2023-07-11,9665
1217,愛之味,33,2,31,富邦-桃園,2023-07-11,9665
2329,華泰,37,7,30,富邦-桃園,2023-07-11,9665
4532,瑞智,70,41,29,富邦-桃園,2023-07-11,9665
2457,飛宏,98,72,26,富邦-桃園,2023-07-11,9665
1526,日馳,25,0,25,富邦-桃園,2023-07-11,9665
1785,光洋科,27,2,25,富邦-桃園,2023-07-11,9665
1417,嘉裕,23,0,23,富邦-桃園,2023-07-11,9665
2845,遠東銀,23,0,23,富邦-桃園,2023-07-11,9665
2201,裕隆,25,3,22,富邦-桃園,2023-07-11,9665
6182,合晶,48,26,22,富邦-桃園,2023-07-11,9665
6244,茂迪,26,4,22,富邦-桃園,2023-07-11,9665
2303,聯電,36,15,21,富邦-桃園,2023-07-11,9665
3083,網龍,21,0,21,富邦-桃園,2023-07-11,9665
2402,毅嘉,23,2,21,富邦-桃園,2023-07-11,9665
1101,台泥,30,9,21,富邦-桃園,2023-07-11,9665
5014,建錩,22,2,20,富邦-桃園,2023-07-11,9665
5706,鳳凰,21,2,19,富邦-桃園,2023-07-11,9665
3518,柏騰,20,1,19,富邦-桃園,2023-07-11,9665
3128,昇銳,20,1,19,富邦-桃園,2023-07-11,9665
6670,復盛應用,19,0,19,富邦-桃園,2023-07-11,9665
00688L,國泰20年美債正2,18,0,18,富邦-桃園,2023-07-11,9665
1524,耿鼎,18,0,18,富邦-桃園,2023-07-11,9665
3016,嘉晶,22,5,17,富邦-桃園,2023-07-11,9665
5211,蒙恬,17,0,17,富邦-桃園,2023-07-11,9665
4533,協易機,17,0,17,富邦-桃園,2023-07-11,9665
00673R,期元大S＆P原油反1,256,67,189,富邦-桃園,2023-07-12,9665
4564,元翎,161,1,160,富邦-桃園,2023-07-12,9665
1460,宏遠,159,0,159,富邦-桃園,2023-07-12,9665
2610,華航,245,124,121,富邦-桃園,2023-07-12,9665
2356,英業達,400,285,115,富邦-桃園,2023-07-12,9665
00679B,元大美債20年,81,0,81,富邦-桃園,2023-07-12,9665
2303,聯電,112,37,75,富邦-桃園,2023-07-12,9665
00680L,元大美債20正2,65,0,65,富邦-桃園,2023-07-12,9665
00720B,元大投資級公司債,61,0,61,富邦-桃園,2023-07-12,9665
2618,長榮航,125,64,61,富邦-桃園,2023-07-12,9665
2486,一詮,66,7,59,富邦-桃園,2023-07-12,9665
2317,鴻海,89,36,53,富邦-桃園,2023-07-12,9665
00712,復華富時不動產,66,14,52,富邦-桃園,2023-07-12,9665
2399,映泰,58,9,49,富邦-桃園,2023-07-12,9665
6120,達運,85,39,46,富邦-桃園,2023-07-12,9665
1618,合機,66,22,44,富邦-桃園,2023-07-12,9665
4906,正文,42,0,42,富邦-桃園,2023-07-12,9665
00882,中信中國高股息,42,1,41,富邦-桃園,2023-07-12,9665
1314,中石化,40,0,40,富邦-桃園,2023-07-12,9665
00687B,國泰20年美債,38,0,38,富邦-桃園,2023-07-12,9665
6116,彩晶,44,6,38,富邦-桃園,2023-07-12,9665
00725B,國泰投資級公司債,38,0,38,富邦-桃園,2023-07-12,9665
5704,老爺知,42,5,37,富邦-桃園,2023-07-12,9665
3037,欣興,35,8,27,富邦-桃園,2023-07-12,9665
2481,強茂,68,43,25,富邦-桃園,2023-07-12,9665
1101,台泥,30,5,25,富邦-桃園,2023-07-12,9665
3071,協禧,31,7,24,富邦-桃園,2023-07-12,9665
2906,高林,24,0,24,富邦-桃園,2023-07-12,9665
2409,友達,51,27,24,富邦-桃園,2023-07-12,9665
2421,建準,31,9,22,富邦-桃園,2023-07-12,9665
2617,台航,22,0,22,富邦-桃園,2023-07-12,9665
8105,凌巨,36,14,22,富邦-桃園,2023-07-12,9665
2419,仲琦,67,45,22,富邦-桃園,2023-07-12,9665
6189,豐藝,22,0,22,富邦-桃園,2023-07-12,9665
2883,凱基金,24,3,21,富邦-桃園,2023-07-12,9665
1514,亞力,51,30,21,富邦-桃園,2023-07-12,9665
6129,普誠,22,1,21,富邦-桃園,2023-07-12,9665
6216,居易,22,2,20,富邦-桃園,2023-07-12,9665
1337,再生-KY,20,0,20,富邦-桃園,2023-07-12,9665
2006,東和鋼鐵,20,0,20,富邦-桃園,2023-07-12,9665
2915,潤泰全,20,0,20,富邦-桃園,2023-07-12,9665
00688L,國泰20年美債正2,24,5,19,富邦-桃園,2023-07-12,9665
5425,台半,23,4,19,富邦-桃園,2023-07-12,9665
2542,興富發,30,11,19,富邦-桃園,2023-07-12,9665
3231,緯創,154,135,19,富邦-桃園,2023-07-12,9665
2497,怡利電,36,18,18,富邦-桃園,2023-07-12,9665
3045,台灣大,18,0,18,富邦-桃園,2023-07-12,9665
00635U,期元大S＆P黃金,16,0,16,富邦-桃園,2023-07-12,9665
6023,元大期,16,0,16,富邦-桃園,2023-07-12,9665
3027,盛達,22,6,16,富邦-桃園,2023-07-12,9665
00929,復華台灣科技優息,572,9,563,富邦-桃園,2023-07-13,9665
00642U,期元大S＆P石油,532,125,407,富邦-桃園,2023-07-13,9665
1447,力鵬,200,0,200,富邦-桃園,2023-07-13,9665
00679B,元大美債20年,150,1,149,富邦-桃園,2023-07-13,9665
00725B,國泰投資級公司債,133,0,133,富邦-桃園,2023-07-13,9665
2609,陽明,248,115,133,富邦-桃園,2023-07-13,9665
2618,長榮航,499,398,101,富邦-桃園,2023-07-13,9665
2801,彰銀,85,0,85,富邦-桃園,2023-07-13,9665
5483,中美晶,88,14,74,富邦-桃園,2023-07-13,9665
3576,聯合再生,73,5,68,富邦-桃園,2023-07-13,9665
2743,山富,60,0,60,富邦-桃園,2023-07-13,9665
2393,億光,70,11,59,富邦-桃園,2023-07-13,9665
2409,友達,76,20,56,富邦-桃園,2023-07-13,9665
3652,精聯,53,5,48,富邦-桃園,2023-07-13,9665
6547,高端疫苗,47,1,46,富邦-桃園,2023-07-13,9665
8046,南電,50,4,46,富邦-桃園,2023-07-13,9665
3189,景碩,51,9,42,富邦-桃園,2023-07-13,9665
3037,欣興,83,45,38,富邦-桃園,2023-07-13,9665
5864,致和證,38,0,38,富邦-桃園,2023-07-13,9665
1904,正隆,41,5,36,富邦-桃園,2023-07-13,9665
3033,威健,38,3,35,富邦-桃園,2023-07-13,9665
2610,華航,157,124,33,富邦-桃園,2023-07-13,9665
4510,高鋒,34,1,33,富邦-桃園,2023-07-13,9665
2887,台新金,44,13,31,富邦-桃園,2023-07-13,9665
00669R,國泰美國道瓊反1,30,0,30,富邦-桃園,2023-07-13,9665
5014,建錩,30,0,30,富邦-桃園,2023-07-13,9665
2356,英業達,150,121,29,富邦-桃園,2023-07-13,9665
2812,台中銀,35,6,29,富邦-桃園,2023-07-13,9665
1905,華紙,58,29,29,富邦-桃園,2023-07-13,9665
00688L,國泰20年美債正2,30,2,28,富邦-桃園,2023-07-13,9665
6470,宇智,40,13,27,富邦-桃園,2023-07-13,9665
6282,康舒,54,28,26,富邦-桃園,2023-07-13,9665
00635U,期元大S＆P黃金,25,0,25,富邦-桃園,2023-07-13,9665
6770,力積電,26,1,25,富邦-桃園,2023-07-13,9665
00930,永豐ESG低碳高息,30,5,25,富邦-桃園,2023-07-13,9665
6167,久正,24,0,24,富邦-桃園,2023-07-13,9665
6139,亞翔,39,16,23,富邦-桃園,2023-07-13,9665
2421,建準,62,39,23,富邦-桃園,2023-07-13,9665
00722B,群益投資級電信債,23,1,22,富邦-桃園,2023-07-13,9665
5425,台半,58,36,22,富邦-桃園,2023-07-13,9665
2324,仁寶,67,45,22,富邦-桃園,2023-07-13,9665
4532,瑞智,43,21,22,富邦-桃園,2023-07-13,9665
2313,華通,35,14,21,富邦-桃園,2023-07-13,9665
8110,華東,21,0,21,富邦-桃園,2023-07-13,9665
5426,振發,32,13,19,富邦-桃園,2023-07-13,9665
4533,協易機,126,108,18,富邦-桃園,2023-07-13,9665
2204,中華,21,3,18,富邦-桃園,2023-07-13,9665
00706L,期元大S＆P日圓正2,17,0,17,富邦-桃園,2023-07-13,9665
5210,寶碩,17,0,17,富邦-桃園,2023-07-13,9665
6548,長科*,33,16,17,富邦-桃園,2023-07-13,9665
6282,康舒,1016,5,1011,富邦-桃園,2023-07-14,9665
2382,廣達,222,91,131,富邦-桃園,2023-07-14,9665
00637L,元大滬深300正2,120,7,113,富邦-桃園,2023-07-14,9665
00673R,期元大S＆P原油反1,105,0,105,富邦-桃園,2023-07-14,9665
4961,天鈺,102,0,102,富邦-桃園,2023-07-14,9665
00929,復華台灣科技優息,168,91,77,富邦-桃園,2023-07-14,9665
2352,佳世達,185,118,67,富邦-桃園,2023-07-14,9665
00893,國泰智能電動車,74,9,65,富邦-桃園,2023-07-14,9665
8070,長華*,65,1,64,富邦-桃園,2023-07-14,9665
00632R,元大台灣50反1,169,110,59,富邦-桃園,2023-07-14,9665
8105,凌巨,61,5,56,富邦-桃園,2023-07-14,9665
2312,金寶,82,28,54,富邦-桃園,2023-07-14,9665
00751B,元大AAA至A公司債,52,0,52,富邦-桃園,2023-07-14,9665
5607,遠雄港,82,31,51,富邦-桃園,2023-07-14,9665
3521,鴻翊,51,0,51,富邦-桃園,2023-07-14,9665
3231,緯創,107,57,50,富邦-桃園,2023-07-14,9665
00676R,富邦臺灣加權反1,50,0,50,富邦-桃園,2023-07-14,9665
00720B,元大投資級公司債,48,0,48,富邦-桃園,2023-07-14,9665
4934,太極,52,7,45,富邦-桃園,2023-07-14,9665
00882,中信中國高股息,42,0,42,富邦-桃園,2023-07-14,9665
00927,群益半導體收益,40,0,40,富邦-桃園,2023-07-14,9665
2603,長榮,63,24,39,富邦-桃園,2023-07-14,9665
6245,立端,41,2,39,富邦-桃園,2023-07-14,9665
2324,仁寶,51,14,37,富邦-桃園,2023-07-14,9665
2368,金像電,66,30,36,富邦-桃園,2023-07-14,9665
6116,彩晶,47,12,35,富邦-桃園,2023-07-14,9665
1314,中石化,35,0,35,富邦-桃園,2023-07-14,9665
2301,光寶科,137,103,34,富邦-桃園,2023-07-14,9665
3481,群創,55,22,33,富邦-桃園,2023-07-14,9665
00725B,國泰投資級公司債,32,0,32,富邦-桃園,2023-07-14,9665
2634,漢翔,34,3,31,富邦-桃園,2023-07-14,9665
5014,建錩,30,0,30,富邦-桃園,2023-07-14,9665
00722B,群益投資級電信債,29,0,29,富邦-桃園,2023-07-14,9665
3045,台灣大,34,5,29,富邦-桃園,2023-07-14,9665
8155,博智,45,18,27,富邦-桃園,2023-07-14,9665
6188,廣明,69,44,25,富邦-桃園,2023-07-14,9665
2356,英業達,201,176,25,富邦-桃園,2023-07-14,9665
2303,聯電,51,27,24,富邦-桃園,2023-07-14,9665
2609,陽明,100,76,24,富邦-桃園,2023-07-14,9665
00679B,元大美債20年,26,3,23,富邦-桃園,2023-07-14,9665
6235,華孚,61,39,22,富邦-桃園,2023-07-14,9665
1301,台塑,21,0,21,富邦-桃園,2023-07-14,9665
3380,明泰,36,16,20,富邦-桃園,2023-07-14,9665
5457,宣德,29,9,20,富邦-桃園,2023-07-14,9665
2367,燿華,20,0,20,富邦-桃園,2023-07-14,9665
3363,上詮,66,47,19,富邦-桃園,2023-07-14,9665
6288,聯嘉,31,12,19,富邦-桃園,2023-07-14,9665
1471,首利,20,2,18,富邦-桃園,2023-07-14,9665
2022,聚亨,18,0,18,富邦-桃園,2023-07-14,9665
8050,廣積,38,21,17,富邦-桃園,2023-07-14,9665
2481,強茂,402,33,369,富邦-桃園,2023-07-17,9665
00673R,期元大S＆P原油反1,276,1,275,富邦-桃園,2023-07-17,9665
00929,復華台灣科技優息,276,46,230,富邦-桃園,2023-07-17,9665
00712,復華富時不動產,203,10,193,富邦-桃園,2023-07-17,9665
2883,凱基金,272,98,174,富邦-桃園,2023-07-17,9665
00650L,復華香港正2,151,0,151,富邦-桃園,2023-07-17,9665
8299,群聯,130,0,130,富邦-桃園,2023-07-17,9665
6691,洋基工程,92,0,92,富邦-桃園,2023-07-17,9665
2331,精英,90,10,80,富邦-桃園,2023-07-17,9665
00900,富邦特選高股息30,80,12,68,富邦-桃園,2023-07-17,9665
2312,金寶,107,48,59,富邦-桃園,2023-07-17,9665
2812,台中銀,69,15,54,富邦-桃園,2023-07-17,9665
2609,陽明,61,7,54,富邦-桃園,2023-07-17,9665
2888,新光金,146,98,48,富邦-桃園,2023-07-17,9665
4532,瑞智,63,19,44,富邦-桃園,2023-07-17,9665
2104,國際中橡,50,6,44,富邦-桃園,2023-07-17,9665
5258,虹堡,71,28,43,富邦-桃園,2023-07-17,9665
00888,永豐台灣ESG,40,0,40,富邦-桃園,2023-07-17,9665
2402,毅嘉,45,6,39,富邦-桃園,2023-07-17,9665
4938,和碩,71,34,37,富邦-桃園,2023-07-17,9665
2454,聯發科,39,1,38,富邦-桃園,2023-07-17,9665
3163,波若威,115,80,35,富邦-桃園,2023-07-17,9665
4967,十銓,38,5,33,富邦-桃園,2023-07-17,9665
3306,鼎天,42,9,33,富邦-桃園,2023-07-17,9665
2530,華建,32,0,32,富邦-桃園,2023-07-17,9665
3033,威健,39,8,31,富邦-桃園,2023-07-17,9665
2382,廣達,49,19,30,富邦-桃園,2023-07-17,9665
2337,旺宏,43,13,30,富邦-桃園,2023-07-17,9665
2497,怡利電,31,2,29,富邦-桃園,2023-07-17,9665
00930,永豐ESG低碳高息,29,0,29,富邦-桃園,2023-07-17,9665
2354,鴻準,29,0,29,富邦-桃園,2023-07-17,9665
3346,麗清,28,0,28,富邦-桃園,2023-07-17,9665
1608,華榮,29,1,28,富邦-桃園,2023-07-17,9665
6148,驊宏資,28,0,28,富邦-桃園,2023-07-17,9665
2356,英業達,117,90,27,富邦-桃園,2023-07-17,9665
1528,恩德,26,0,26,富邦-桃園,2023-07-17,9665
00679B,元大美債20年,72,47,25,富邦-桃園,2023-07-17,9665
1526,日馳,25,0,25,富邦-桃園,2023-07-17,9665
6548,長科*,28,5,23,富邦-桃園,2023-07-17,9665
6185,幃翔,23,1,22,富邦-桃園,2023-07-17,9665
8933,愛地雅,22,0,22,富邦-桃園,2023-07-17,9665
3037,欣興,46,25,21,富邦-桃園,2023-07-17,9665
2393,億光,22,2,20,富邦-桃園,2023-07-17,9665
00683L,期元大美元指正2,20,0,20,富邦-桃園,2023-07-17,9665
4541,晟田,20,0,20,富邦-桃園,2023-07-17,9665
00662,富邦NASDAQ,20,0,20,富邦-桃園,2023-07-17,9665
00919,群益台灣精選高息,26,7,19,富邦-桃園,2023-07-17,9665
4960,誠美材,20,1,19,富邦-桃園,2023-07-17,9665
00670L,富邦NASDAQ正2,19,0,19,富邦-桃園,2023-07-17,9665
00882,中信中國高股息,28,10,18,富邦-桃園,2023-07-17,9665
6470,宇智,361,89,272,富邦-桃園,2023-07-18,9665
00882,中信中國高股息,216,13,203,富邦-桃園,2023-07-18,9665
2356,英業達,442,247,195,富邦-桃園,2023-07-18,9665
6282,康舒,326,132,194,富邦-桃園,2023-07-18,9665
2324,仁寶,354,166,188,富邦-桃園,2023-07-18,9665
0056,元大高股息,242,85,157,富邦-桃園,2023-07-18,9665
00632R,元大台灣50反1,145,2,143,富邦-桃園,2023-07-18,9665
00712,復華富時不動產,135,3,132,富邦-桃園,2023-07-18,9665
00929,復華台灣科技優息,268,150,118,富邦-桃園,2023-07-18,9665
2312,金寶,259,150,109,富邦-桃園,2023-07-18,9665
1609,大亞,199,99,100,富邦-桃園,2023-07-18,9665
2890,永豐金,97,8,89,富邦-桃園,2023-07-18,9665
2337,旺宏,90,3,87,富邦-桃園,2023-07-18,9665
00720B,元大投資級公司債,85,0,85,富邦-桃園,2023-07-18,9665
3706,神達,275,202,73,富邦-桃園,2023-07-18,9665
2468,華經,73,8,65,富邦-桃園,2023-07-18,9665
2812,台中銀,74,12,62,富邦-桃園,2023-07-18,9665
3163,波若威,90,30,60,富邦-桃園,2023-07-18,9665
00650L,復華香港正2,206,150,56,富邦-桃園,2023-07-18,9665
2409,友達,81,30,51,富邦-桃園,2023-07-18,9665
2449,京元電子,118,70,48,富邦-桃園,2023-07-18,9665
2374,佳能,48,1,47,富邦-桃園,2023-07-18,9665
00715L,期街口布蘭特正2,46,0,46,富邦-桃園,2023-07-18,9665
2329,華泰,141,99,42,富邦-桃園,2023-07-18,9665
00919,群益台灣精選高息,43,2,41,富邦-桃園,2023-07-18,9665
5475,德宏,37,0,37,富邦-桃園,2023-07-18,9665
6841,長佳智能,58,23,35,富邦-桃園,2023-07-18,9665
1789,神隆,48,16,32,富邦-桃園,2023-07-18,9665
8105,凌巨,45,13,32,富邦-桃園,2023-07-18,9665
2006,東和鋼鐵,31,0,31,富邦-桃園,2023-07-18,9665
00722B,群益投資級電信債,30,0,30,富邦-桃園,2023-07-18,9665
2528,皇普,30,0,30,富邦-桃園,2023-07-18,9665
1605,華新,43,13,30,富邦-桃園,2023-07-18,9665
3518,柏騰,37,8,29,富邦-桃園,2023-07-18,9665
5469,瀚宇博,59,31,28,富邦-桃園,2023-07-18,9665
2645,長榮航太,30,3,27,富邦-桃園,2023-07-18,9665
2402,毅嘉,49,22,27,富邦-桃園,2023-07-18,9665
00751B,元大AAA至A公司債,26,0,26,富邦-桃園,2023-07-18,9665
2481,強茂,95,69,26,富邦-桃園,2023-07-18,9665
2204,中華,26,0,26,富邦-桃園,2023-07-18,9665
3128,昇銳,30,4,26,富邦-桃園,2023-07-18,9665
2352,佳世達,218,192,26,富邦-桃園,2023-07-18,9665
1218,泰山,24,0,24,富邦-桃園,2023-07-18,9665
4510,高鋒,26,2,24,富邦-桃園,2023-07-18,9665
00673R,期元大S＆P原油反1,30,6,24,富邦-桃園,2023-07-18,9665
2609,陽明,71,47,24,富邦-桃園,2023-07-18,9665
2332,友訊,23,0,23,富邦-桃園,2023-07-18,9665
5244,弘凱,24,1,23,富邦-桃園,2023-07-18,9665
2369,菱生,23,0,23,富邦-桃園,2023-07-18,9665
2211,長榮鋼,23,0,23,富邦-桃園,2023-07-18,9665
00929,復華台灣科技優息,141,21,120,富邦-桃園,2023-07-19,9665
2324,仁寶,345,238,107,富邦-桃園,2023-07-19,9665
3706,神達,308,201,107,富邦-桃園,2023-07-19,9665
00650L,復華香港正2,105,0,105,富邦-桃園,2023-07-19,9665
2393,億光,100,1,99,富邦-桃園,2023-07-19,9665
9105,泰金寶-DR,119,22,97,富邦-桃園,2023-07-19,9665
00712,復華富時不動產,121,35,86,富邦-桃園,2023-07-19,9665
8105,凌巨,136,55,81,富邦-桃園,2023-07-19,9665
00882,中信中國高股息,82,7,75,富邦-桃園,2023-07-19,9665
00637L,元大滬深300正2,78,4,74,富邦-桃園,2023-07-19,9665
00632R,元大台灣50反1,69,2,67,富邦-桃園,2023-07-19,9665
8299,群聯,65,0,65,富邦-桃園,2023-07-19,9665
00669R,國泰美國道瓊反1,60,0,60,富邦-桃園,2023-07-19,9665
9958,世紀鋼,66,9,57,富邦-桃園,2023-07-19,9665
4916,事欣科,67,11,56,富邦-桃園,2023-07-19,9665
00676R,富邦臺灣加權反1,55,0,55,富邦-桃園,2023-07-19,9665
2323,中環,56,9,47,富邦-桃園,2023-07-19,9665
00673R,期元大S＆P原油反1,50,3,47,富邦-桃園,2023-07-19,9665
2317,鴻海,64,23,41,富邦-桃園,2023-07-19,9665
6218,豪勉,38,3,35,富邦-桃園,2023-07-19,9665
3092,鴻碩,35,0,35,富邦-桃園,2023-07-19,9665
2329,華泰,90,56,34,富邦-桃園,2023-07-19,9665
00772B,中信高評級公司債,41,7,34,富邦-桃園,2023-07-19,9665
00902,中信電池及儲能,33,0,33,富邦-桃園,2023-07-19,9665
00888,永豐台灣ESG,30,0,30,富邦-桃園,2023-07-19,9665
2468,華經,30,0,30,富邦-桃園,2023-07-19,9665
00670L,富邦NASDAQ正2,30,1,29,富邦-桃園,2023-07-19,9665
6278,台表科,28,0,28,富邦-桃園,2023-07-19,9665
8403,盛弘,45,17,28,富邦-桃園,2023-07-19,9665
6527,明達醫,33,5,28,富邦-桃園,2023-07-19,9665
00930,永豐ESG低碳高息,33,6,27,富邦-桃園,2023-07-19,9665
8050,廣積,34,7,27,富邦-桃園,2023-07-19,9665
2303,聯電,42,15,27,富邦-桃園,2023-07-19,9665
2609,陽明,48,21,27,富邦-桃園,2023-07-19,9665
2812,台中銀,28,4,24,富邦-桃園,2023-07-19,9665
5607,遠雄港,26,2,24,富邦-桃園,2023-07-19,9665
4173,久裕,24,0,24,富邦-桃園,2023-07-19,9665
2409,友達,35,12,23,富邦-桃園,2023-07-19,9665
8933,愛地雅,23,0,23,富邦-桃園,2023-07-19,9665
6770,力積電,22,0,22,富邦-桃園,2023-07-19,9665
2201,裕隆,21,0,21,富邦-桃園,2023-07-19,9665
1736,喬山,23,2,21,富邦-桃園,2023-07-19,9665
1789,神隆,24,3,21,富邦-桃園,2023-07-19,9665
1101,台泥,22,2,20,富邦-桃園,2023-07-19,9665
006205,富邦上証,20,0,20,富邦-桃園,2023-07-19,9665
5014,建錩,20,0,20,富邦-桃園,2023-07-19,9665
00916,國泰全球品牌50,20,0,20,富邦-桃園,2023-07-19,9665
4974,亞泰,20,0,20,富邦-桃園,2023-07-19,9665
2539,櫻花建,21,1,20,富邦-桃園,2023-07-19,9665
8011,台通,21,1,20,富邦-桃園,2023-07-19,9665
00713,元大台灣高息低波,158,9,149,富邦-桃園,2023-07-20,9665
8105,凌巨,112,3,109,富邦-桃園,2023-07-20,9665
2303,聯電,125,24,101,富邦-桃園,2023-07-20,9665
9105,泰金寶-DR,100,0,100,富邦-桃園,2023-07-20,9665
3481,群創,96,5,91,富邦-桃園,2023-07-20,9665
1815,富喬,71,0,71,富邦-桃園,2023-07-20,9665
6691,洋基工程,58,0,58,富邦-桃園,2023-07-20,9665
4768,晶呈科技,55,4,51,富邦-桃園,2023-07-20,9665
6244,茂迪,55,5,50,富邦-桃園,2023-07-20,9665
8234,新漢,50,1,49,富邦-桃園,2023-07-20,9665
5340,建榮,47,0,47,富邦-桃園,2023-07-20,9665
00712,復華富時不動產,64,18,46,富邦-桃園,2023-07-20,9665
3037,欣興,80,36,44,富邦-桃園,2023-07-20,9665
3078,僑威,49,6,43,富邦-桃園,2023-07-20,9665
6770,力積電,75,37,38,富邦-桃園,2023-07-20,9665
2329,華泰,61,24,37,富邦-桃園,2023-07-20,9665
6188,廣明,76,39,37,富邦-桃園,2023-07-20,9665
2323,中環,70,34,36,富邦-桃園,2023-07-20,9665
3013,晟銘電,49,14,35,富邦-桃園,2023-07-20,9665
2888,新光金,37,2,35,富邦-桃園,2023-07-20,9665
1102,亞泥,35,1,34,富邦-桃園,2023-07-20,9665
2515,中工,45,14,31,富邦-桃園,2023-07-20,9665
1529,樂事綠能,54,24,30,富邦-桃園,2023-07-20,9665
3090,日電貿,30,0,30,富邦-桃園,2023-07-20,9665
1444,力麗,30,0,30,富邦-桃園,2023-07-20,9665
4572,駐龍,30,0,30,富邦-桃園,2023-07-20,9665
00877,復華中國5G,30,0,30,富邦-桃園,2023-07-20,9665
00919,群益台灣精選高息,33,4,29,富邦-桃園,2023-07-20,9665
00679B,元大美債20年,36,8,28,富邦-桃園,2023-07-20,9665
00637L,元大滬深300正2,31,5,26,富邦-桃園,2023-07-20,9665
1101,台泥,32,7,25,富邦-桃園,2023-07-20,9665
6120,達運,41,15,26,富邦-桃園,2023-07-20,9665
2867,三商壽,25,0,25,富邦-桃園,2023-07-20,9665
00925,新光標普電動車,25,0,25,富邦-桃園,2023-07-20,9665
4714,永捷,25,3,22,富邦-桃園,2023-07-20,9665
2609,陽明,49,29,20,富邦-桃園,2023-07-20,9665
3289,宜特,69,49,20,富邦-桃園,2023-07-20,9665
2911,麗嬰房,20,0,20,富邦-桃園,2023-07-20,9665
3346,麗清,30,10,20,富邦-桃園,2023-07-20,9665
2352,佳世達,78,58,20,富邦-桃園,2023-07-20,9665
2324,仁寶,62,43,19,富邦-桃園,2023-07-20,9665
00675L,富邦臺灣加權正2,25,6,19,富邦-桃園,2023-07-20,9665
5392,能率,20,1,19,富邦-桃園,2023-07-20,9665
8210,勤誠,26,7,19,富邦-桃園,2023-07-20,9665
8050,廣積,37,19,18,富邦-桃園,2023-07-20,9665
2419,仲琦,80,62,18,富邦-桃園,2023-07-20,9665
5465,富驊,19,1,18,富邦-桃園,2023-07-20,9665
00893,國泰智能電動車,38,21,17,富邦-桃園,2023-07-20,9665
6285,啟��,27,10,17,富邦-桃園,2023-07-20,9665
3264,欣銓,22,6,16,富邦-桃園,2023-07-20,9665
3305,昇貿,262,25,237,富邦-桃園,2023-07-21,9665
1305,華夏,201,0,201,富邦-桃園,2023-07-21,9665
8227,巨有科技,179,12,167,富邦-桃園,2023-07-21,9665
00919,群益台灣精選高息,121,0,121,富邦-桃園,2023-07-21,9665
9105,泰金寶-DR,100,0,100,富邦-桃園,2023-07-21,9665
00675L,富邦臺灣加權正2,90,2,88,富邦-桃園,2023-07-21,9665
00888,永豐台灣ESG,64,0,64,富邦-桃園,2023-07-21,9665
00673R,期元大S＆P原油反1,59,0,59,富邦-桃園,2023-07-21,9665
6691,洋基工程,55,2,53,富邦-桃園,2023-07-21,9665
2303,聯電,116,65,51,富邦-桃園,2023-07-21,9665
3033,威健,50,0,50,富邦-桃園,2023-07-21,9665
00929,復華台灣科技優息,73,24,49,富邦-桃園,2023-07-21,9665
2405,輔信,90,43,47,富邦-桃園,2023-07-21,9665
1513,中興電,144,97,47,富邦-桃園,2023-07-21,9665
6120,達運,64,20,44,富邦-桃園,2023-07-21,9665
00893,國泰智能電動車,60,17,43,富邦-桃園,2023-07-21,9665
2887,台新金,41,0,41,富邦-桃園,2023-07-21,9665
2610,華航,114,74,40,富邦-桃園,2023-07-21,9665
2352,佳世達,93,57,36,富邦-桃園,2023-07-21,9665
1102,亞泥,35,0,35,富邦-桃園,2023-07-21,9665
2330,台積電,49,14,35,富邦-桃園,2023-07-21,9665
00877,復華中國5G,30,0,30,富邦-桃園,2023-07-21,9665
2838,聯邦銀,30,0,30,富邦-桃園,2023-07-21,9665
4934,太極,32,2,30,富邦-桃園,2023-07-21,9665
5905,南仁湖,30,1,29,富邦-桃園,2023-07-21,9665
2206,三陽工業,91,63,28,富邦-桃園,2023-07-21,9665
2486,一詮,28,0,28,富邦-桃園,2023-07-21,9665
4906,正文,31,4,27,富邦-桃園,2023-07-21,9665
3521,鴻翊,26,0,26,富邦-桃園,2023-07-21,9665
6275,元山,56,31,25,富邦-桃園,2023-07-21,9665
00688L,國泰20年美債正2,24,0,24,富邦-桃園,2023-07-21,9665
2201,裕隆,25,1,24,富邦-桃園,2023-07-21,9665
00757,統一FANG+,56,34,22,富邦-桃園,2023-07-21,9665
1402,遠東新,22,0,22,富邦-桃園,2023-07-21,9665
5880,合庫金,22,0,22,富邦-桃園,2023-07-21,9665
2371,大同,37,16,21,富邦-桃園,2023-07-21,9665
2101,南港,21,0,21,富邦-桃園,2023-07-21,9665
4768,晶呈科技,23,2,21,富邦-桃園,2023-07-21,9665
2454,聯發科,23,2,21,富邦-桃園,2023-07-21,9665
00902,中信電池及儲能,22,2,20,富邦-桃園,2023-07-21,9665
2468,華經,20,0,20,富邦-桃園,2023-07-21,9665
2387,精元,20,0,20,富邦-桃園,2023-07-21,9665
1503,士電,31,11,20,富邦-桃園,2023-07-21,9665
00903,富邦元宇宙,19,0,19,富邦-桃園,2023-07-21,9665
5425,台半,24,5,19,富邦-桃園,2023-07-21,9665
006208,富邦台50,22,4,18,富邦-桃園,2023-07-21,9665
3518,柏騰,21,3,18,富邦-桃園,2023-07-21,9665
4532,瑞智,25,7,18,富邦-桃園,2023-07-21,9665
6235,華孚,31,14,17,富邦-桃園,2023-07-21,9665
00670L,富邦NASDAQ正2,25,8,17,富邦-桃園,2023-07-21,9665
6282,康舒,628,34,594,富邦-桃園,2023-07-24,9665
3588,通嘉,505,7,498,富邦-桃園,2023-07-24,9665
00632R,元大台灣50反1,310,20,290,富邦-桃園,2023-07-24,9665
00772B,中信高評級公司債,171,1,170,富邦-桃園,2023-07-24,9665
00929,復華台灣科技優息,190,27,163,富邦-桃園,2023-07-24,9665
6470,宇智,140,1,139,富邦-桃園,2023-07-24,9665
3706,神達,120,9,111,富邦-桃園,2023-07-24,9665
4549,桓達,95,4,91,富邦-桃園,2023-07-24,9665
2887,台新金,73,0,73,富邦-桃園,2023-07-24,9665
2609,陽明,95,25,70,富邦-桃園,2023-07-24,9665
2329,華泰,144,81,63,富邦-桃園,2023-07-24,9665
00679B,元大美債20年,62,2,60,富邦-桃園,2023-07-24,9665
3013,晟銘電,144,84,60,富邦-桃園,2023-07-24,9665
6770,力積電,71,15,56,富邦-桃園,2023-07-24,9665
3305,昇貿,74,18,56,富邦-桃園,2023-07-24,9665
2886,兆豐金,61,6,55,富邦-桃園,2023-07-24,9665
00712,復華富時不動產,81,31,50,富邦-桃園,2023-07-24,9665
2323,中環,92,43,49,富邦-桃園,2023-07-24,9665
00673R,期元大S＆P原油反1,44,0,44,富邦-桃園,2023-07-24,9665
6125,廣運,89,45,44,富邦-桃園,2023-07-24,9665
00720B,元大投資級公司債,41,0,41,富邦-桃園,2023-07-24,9665
1513,中興電,88,48,40,富邦-桃園,2023-07-24,9665
9958,世紀鋼,58,18,40,富邦-桃園,2023-07-24,9665
2888,新光金,39,1,38,富邦-桃園,2023-07-24,9665
8040,九暘,35,0,35,富邦-桃園,2023-07-24,9665
1907,永豐餘,59,24,35,富邦-桃園,2023-07-24,9665
8093,保銳,35,1,34,富邦-桃園,2023-07-24,9665
3006,晶豪科,36,3,33,富邦-桃園,2023-07-24,9665
1460,宏遠,30,0,30,富邦-桃園,2023-07-24,9665
6190,萬泰科,35,5,30,富邦-桃園,2023-07-24,9665
4167,松瑞藥,29,0,29,富邦-桃園,2023-07-24,9665
2352,佳世達,54,26,28,富邦-桃園,2023-07-24,9665
2101,南港,28,0,28,富邦-桃園,2023-07-24,9665
2303,聯電,60,32,28,富邦-桃園,2023-07-24,9665
1402,遠東新,27,0,27,富邦-桃園,2023-07-24,9665
3306,鼎天,29,2,27,富邦-桃園,2023-07-24,9665
2610,華航,60,35,25,富邦-桃園,2023-07-24,9665
1316,上曜,25,0,25,富邦-桃園,2023-07-24,9665
3338,泰碩,34,10,24,富邦-桃園,2023-07-24,9665
1102,亞泥,23,0,23,富邦-桃園,2023-07-24,9665
2357,華碩,30,7,23,富邦-桃園,2023-07-24,9665
2454,聯發科,25,2,23,富邦-桃園,2023-07-24,9665
1609,大亞,149,127,22,富邦-桃園,2023-07-24,9665
1504,東元,60,38,22,富邦-桃園,2023-07-24,9665
2637,慧洋-KY,23,1,22,富邦-桃園,2023-07-24,9665
2356,英業達,75,53,22,富邦-桃園,2023-07-24,9665
2353,宏��,46,24,22,富邦-桃園,2023-07-24,9665
00903,富邦元宇宙,21,0,21,富邦-桃園,2023-07-24,9665
00751B,元大AAA至A公司債,22,1,21,富邦-桃園,2023-07-24,9665
4510,高鋒,25,4,21,富邦-桃園,2023-07-24,9665
00673R,期元大S＆P原油反1,258,70,188,富邦-桃園,2023-07-25,9665
00772B,中信高評級公司債,138,1,137,富邦-桃園,2023-07-25,9665
3305,昇貿,130,6,124,富邦-桃園,2023-07-25,9665
2481,強茂,123,0,123,富邦-桃園,2023-07-25,9665
2328,廣宇,127,11,116,富邦-桃園,2023-07-25,9665
9105,泰金寶-DR,124,11,113,富邦-桃園,2023-07-25,9665
00878,國泰永續高股息,207,110,97,富邦-桃園,2023-07-25,9665
2409,友達,104,8,96,富邦-桃園,2023-07-25,9665
2356,英業達,122,35,87,富邦-桃園,2023-07-25,9665
2353,宏��,111,25,86,富邦-桃園,2023-07-25,9665
6278,台表科,78,0,78,富邦-桃園,2023-07-25,9665
00929,復華台灣科技優息,137,59,78,富邦-桃園,2023-07-25,9665
2887,台新金,69,7,62,富邦-桃園,2023-07-25,9665
00679B,元大美債20年,62,2,60,富邦-桃園,2023-07-25,9665
2886,兆豐金,63,10,53,富邦-桃園,2023-07-25,9665
00712,復華富時不動產,62,10,52,富邦-桃園,2023-07-25,9665
00680L,元大美債20正2,51,0,51,富邦-桃園,2023-07-25,9665
9958,世紀鋼,55,9,46,富邦-桃園,2023-07-25,9665
2610,華航,142,99,43,富邦-桃園,2023-07-25,9665
3037,欣興,102,60,42,富邦-桃園,2023-07-25,9665
3706,神達,58,17,41,富邦-桃園,2023-07-25,9665
1905,華紙,84,43,41,富邦-桃園,2023-07-25,9665
8358,金居,93,53,40,富邦-桃園,2023-07-25,9665
6111,大宇資,54,14,40,富邦-桃園,2023-07-25,9665
2884,玉山金,51,13,38,富邦-桃園,2023-07-25,9665
2382,廣達,197,161,36,富邦-桃園,2023-07-25,9665
6470,宇智,38,3,35,富邦-桃園,2023-07-25,9665
1789,神隆,33,1,32,富邦-桃園,2023-07-25,9665
6234,高僑,32,0,32,富邦-桃園,2023-07-25,9665
2303,聯電,53,22,31,富邦-桃園,2023-07-25,9665
8088,品安,30,0,30,富邦-桃園,2023-07-25,9665
2609,陽明,32,2,30,富邦-桃園,2023-07-25,9665
6188,廣明,52,23,29,富邦-桃園,2023-07-25,9665
2312,金寶,87,58,29,富邦-桃園,2023-07-25,9665
1513,中興電,78,49,29,富邦-桃園,2023-07-25,9665
5483,中美晶,35,9,26,富邦-桃園,2023-07-25,9665
00919,群益台灣精選高息,24,0,24,富邦-桃園,2023-07-25,9665
3006,晶豪科,25,1,24,富邦-桃園,2023-07-25,9665
8183,精星,25,2,23,富邦-桃園,2023-07-25,9665
1217,愛之味,26,3,23,富邦-桃園,2023-07-25,9665
3231,緯創,59,37,22,富邦-桃園,2023-07-25,9665
6697,東捷資訊,23,1,22,富邦-桃園,2023-07-25,9665
00903,富邦元宇宙,21,0,21,富邦-桃園,2023-07-25,9665
2211,長榮鋼,22,1,21,富邦-桃園,2023-07-25,9665
1444,力麗,20,1,19,富邦-桃園,2023-07-25,9665
3694,海華,32,13,19,富邦-桃園,2023-07-25,9665
1402,遠東新,20,2,18,富邦-桃園,2023-07-25,9665
3024,憶聲,23,5,18,富邦-桃園,2023-07-25,9665
3363,上詮,21,4,17,富邦-桃園,2023-07-25,9665
1308,亞聚,20,3,17,富邦-桃園,2023-07-25,9665
2329,華泰,672,314,358,富邦-桃園,2023-07-26,9665
00929,復華台灣科技優息,355,16,339,富邦-桃園,2023-07-26,9665
1504,東元,329,208,121,富邦-桃園,2023-07-26,9665
9105,泰金寶-DR,119,0,119,富邦-桃園,2023-07-26,9665
4961,天鈺,100,0,100,富邦-桃園,2023-07-26,9665
6104,創惟,112,13,99,富邦-桃園,2023-07-26,9665
2886,兆豐金,112,22,90,富邦-桃園,2023-07-26,9665
2883,凱基金,98,11,87,富邦-桃園,2023-07-26,9665
8227,巨有科技,86,1,85,富邦-桃園,2023-07-26,9665
3078,僑威,74,9,65,富邦-桃園,2023-07-26,9665
3481,群創,95,30,65,富邦-桃園,2023-07-26,9665
3006,晶豪科,65,1,64,富邦-桃園,2023-07-26,9665
2887,台新金,67,7,60,富邦-桃園,2023-07-26,9665
2855,統一證,51,0,51,富邦-桃園,2023-07-26,9665
8088,品安,51,0,51,富邦-桃園,2023-07-26,9665
5340,建榮,54,4,50,富邦-桃園,2023-07-26,9665
3588,通嘉,50,0,50,富邦-桃園,2023-07-26,9665
1609,大亞,71,21,50,富邦-桃園,2023-07-26,9665
00772B,中信高評級公司債,49,0,49,富邦-桃園,2023-07-26,9665
00927,群益半導體收益,45,0,45,富邦-桃園,2023-07-26,9665
8040,九暘,44,0,44,富邦-桃園,2023-07-26,9665
2354,鴻準,70,32,38,富邦-桃園,2023-07-26,9665
00679B,元大美債20年,50,12,38,富邦-桃園,2023-07-26,9665
00715L,期街口布蘭特正2,53,15,38,富邦-桃園,2023-07-26,9665
6266,泰詠,35,0,35,富邦-桃園,2023-07-26,9665
2352,佳世達,63,28,35,富邦-桃園,2023-07-26,9665
9958,世紀鋼,36,1,35,富邦-桃園,2023-07-26,9665
6189,豐藝,34,0,34,富邦-桃園,2023-07-26,9665
2313,華通,34,1,33,富邦-桃園,2023-07-26,9665
4162,智擎,32,0,32,富邦-桃園,2023-07-26,9665
2405,輔信,65,33,32,富邦-桃園,2023-07-26,9665
4153,鈺緯,32,2,30,富邦-桃園,2023-07-26,9665
2457,飛宏,40,10,30,富邦-桃園,2023-07-26,9665
2371,大同,57,31,26,富邦-桃園,2023-07-26,9665
00712,復華富時不動產,31,5,26,富邦-桃園,2023-07-26,9665
3706,神達,48,23,25,富邦-桃園,2023-07-26,9665
6691,洋基工程,24,1,23,富邦-桃園,2023-07-26,9665
3702,大聯大,23,1,22,富邦-桃園,2023-07-26,9665
3128,昇銳,21,0,21,富邦-桃園,2023-07-26,9665
4128,中天,21,0,21,富邦-桃園,2023-07-26,9665
4533,協易機,84,63,21,富邦-桃園,2023-07-26,9665
00900,富邦特選高股息30,25,4,21,富邦-桃園,2023-07-26,9665
00903,富邦元宇宙,20,0,20,富邦-桃園,2023-07-26,9665
00720B,元大投資級公司債,19,0,19,富邦-桃園,2023-07-26,9665
2402,毅嘉,21,2,19,富邦-桃園,2023-07-26,9665
00795B,中信美國公債20年,19,0,19,富邦-桃園,2023-07-26,9665
2002,中鋼,38,19,19,富邦-桃園,2023-07-26,9665
3035,智原,20,2,18,富邦-桃園,2023-07-26,9665
6188,廣明,61,44,17,富邦-桃園,2023-07-26,9665
3217,優群,22,5,17,富邦-桃園,2023-07-26,9665
00632R,元大台灣50反1,340,19,321,富邦-桃園,2023-07-27,9665
9105,泰金寶-DR,100,7,93,富邦-桃園,2023-07-27,9665
2887,台新金,91,3,88,富邦-桃園,2023-07-27,9665
00902,中信電池及儲能,86,22,64,富邦-桃園,2023-07-27,9665
00720B,元大投資級公司債,62,1,61,富邦-桃園,2023-07-27,9665
00673R,期元大S＆P原油反1,58,10,48,富邦-桃園,2023-07-27,9665
2468,華經,104,63,41,富邦-桃園,2023-07-27,9665
5475,德宏,36,0,36,富邦-桃園,2023-07-27,9665
3037,欣興,63,28,35,富邦-桃園,2023-07-27,9665
4533,協易機,104,69,35,富邦-桃園,2023-07-27,9665
00929,復華台灣科技優息,37,2,35,富邦-桃園,2023-07-27,9665
2405,輔信,42,7,35,富邦-桃園,2023-07-27,9665
5452,佶優,47,13,34,富邦-桃園,2023-07-27,9665
2002,中鋼,33,0,33,富邦-桃園,2023-07-27,9665
4768,晶呈科技,35,3,32,富邦-桃園,2023-07-27,9665
8155,博智,36,5,31,富邦-桃園,2023-07-27,9665
2443,昶虹,28,0,28,富邦-桃園,2023-07-27,9665
3306,鼎天,56,30,26,富邦-桃園,2023-07-27,9665
00882,中信中國高股息,48,22,26,富邦-桃園,2023-07-27,9665
00679B,元大美債20年,45,20,25,富邦-桃園,2023-07-27,9665
8028,昇陽半導體,30,6,24,富邦-桃園,2023-07-27,9665
4532,瑞智,34,10,24,富邦-桃園,2023-07-27,9665
00772B,中信高評級公司債,25,2,23,富邦-桃園,2023-07-27,9665
6125,廣運,130,108,22,富邦-桃園,2023-07-27,9665
2884,玉山金,28,6,22,富邦-桃園,2023-07-27,9665
6166,凌華,24,3,21,富邦-桃園,2023-07-27,9665
9925,新保,21,0,21,富邦-桃園,2023-07-27,9665
2337,旺宏,29,8,21,富邦-桃園,2023-07-27,9665
2883,凱基金,61,41,20,富邦-桃園,2023-07-27,9665
2486,一詮,20,0,20,富邦-桃園,2023-07-27,9665
1722,台肥,20,0,20,富邦-桃園,2023-07-27,9665
2402,毅嘉,30,10,20,富邦-桃園,2023-07-27,9665
2867,三商壽,20,0,20,富邦-桃園,2023-07-27,9665
2855,統一證,20,0,20,富邦-桃園,2023-07-27,9665
2301,光寶科,66,46,20,富邦-桃園,2023-07-27,9665
00712,復華富時不動產,34,14,20,富邦-桃園,2023-07-27,9665
2382,廣達,106,86,20,富邦-桃園,2023-07-27,9665
4414,如興,20,2,18,富邦-桃園,2023-07-27,9665
3231,緯創,27,9,18,富邦-桃園,2023-07-27,9665
6015,宏遠證,17,0,17,富邦-桃園,2023-07-27,9665
2356,英業達,45,29,16,富邦-桃園,2023-07-27,9665
1904,正隆,55,39,16,富邦-桃園,2023-07-27,9665
5465,富驊,17,1,16,富邦-桃園,2023-07-27,9665
2369,菱生,25,10,15,富邦-桃園,2023-07-27,9665
2453,凌群,36,21,15,富邦-桃園,2023-07-27,9665
8070,長華*,15,0,15,富邦-桃園,2023-07-27,9665
6275,元山,34,19,15,富邦-桃園,2023-07-27,9665
3189,景碩,14,0,14,富邦-桃園,2023-07-27,9665
5880,合庫金,25,11,14,富邦-桃園,2023-07-27,9665
6188,廣明,51,37,14,富邦-桃園,2023-07-27,9665
00680L,元大美債20正2,724,0,724,富邦-桃園,2023-07-28,9665
1905,華紙,427,237,190,富邦-桃園,2023-07-28,9665
9105,泰金寶-DR,185,0,185,富邦-桃園,2023-07-28,9665
00679B,元大美債20年,248,74,174,富邦-桃園,2023-07-28,9665
2883,凱基金,214,91,123,富邦-桃園,2023-07-28,9665
2027,大成鋼,137,18,119,富邦-桃園,2023-07-28,9665
2002,中鋼,98,1,97,富邦-桃園,2023-07-28,9665
00772B,中信高評級公司債,89,0,89,富邦-桃園,2023-07-28,9665
00632R,元大台灣50反1,102,41,61,富邦-桃園,2023-07-28,9665
00751B,元大AAA至A公司債,69,8,61,富邦-桃園,2023-07-28,9665
00687B,國泰20年美債,52,0,52,富邦-桃園,2023-07-28,9665
6112,邁達特,57,6,51,富邦-桃園,2023-07-28,9665
00712,復華富時不動產,100,50,50,富邦-桃園,2023-07-28,9665
00930,永豐ESG低碳高息,48,0,48,富邦-桃園,2023-07-28,9665
00688L,國泰20年美債正2,48,0,48,富邦-桃園,2023-07-28,9665
1904,正隆,83,38,45,富邦-桃園,2023-07-28,9665
2382,廣達,141,96,45,富邦-桃園,2023-07-28,9665
2409,友達,93,51,42,富邦-桃園,2023-07-28,9665
2610,華航,57,17,40,富邦-桃園,2023-07-28,9665
3231,緯創,324,285,39,富邦-桃園,2023-07-28,9665
1907,永豐餘,45,8,37,富邦-桃園,2023-07-28,9665
00795B,中信美國公債20年,37,0,37,富邦-桃園,2023-07-28,9665
2329,華泰,157,121,36,富邦-桃園,2023-07-28,9665
2312,金寶,45,11,34,富邦-桃園,2023-07-28,9665
5608,四維航,36,3,33,富邦-桃園,2023-07-28,9665
2362,藍天,31,0,31,富邦-桃園,2023-07-28,9665
1802,台玻,75,45,30,富邦-桃園,2023-07-28,9665
00720B,元大投資級公司債,42,13,29,富邦-桃園,2023-07-28,9665
2443,昶虹,28,0,28,富邦-桃園,2023-07-28,9665
8234,新漢,31,4,27,富邦-桃園,2023-07-28,9665
6117,迎廣,28,3,25,富邦-桃園,2023-07-28,9665
6148,驊宏資,44,21,23,富邦-桃園,2023-07-28,9665
8050,廣積,65,43,22,富邦-桃園,2023-07-28,9665
3029,零壹,40,18,22,富邦-桃園,2023-07-28,9665
6196,帆宣,28,7,21,富邦-桃園,2023-07-28,9665
3715,定穎投控,26,6,20,富邦-桃園,2023-07-28,9665
2401,凌陽,22,2,20,富邦-桃園,2023-07-28,9665
2468,華經,20,0,20,富邦-桃園,2023-07-28,9665
3024,憶聲,20,0,20,富邦-桃園,2023-07-28,9665
2882,國泰金,25,5,20,富邦-桃園,2023-07-28,9665
006208,富邦台50,21,4,17,富邦-桃園,2023-07-28,9665
00857B,永豐20年美公債,17,0,17,富邦-桃園,2023-07-28,9665
2454,聯發科,16,0,16,富邦-桃園,2023-07-28,9665
00773B,中信優先金融債,16,0,16,富邦-桃園,2023-07-28,9665
00764B,群益25年美債,16,0,16,富邦-桃園,2023-07-28,9665
00923,群益台ESG低碳50,20,5,15,富邦-桃園,2023-07-28,9665
5483,中美晶,20,5,15,富邦-桃園,2023-07-28,9665
6203,海韻電,19,4,15,富邦-桃園,2023-07-28,9665
3037,欣興,55,41,14,富邦-桃園,2023-07-28,9665
8358,金居,94,80,14,富邦-桃園,2023-07-28,9665
00680L,元大美債20正2,156,2,154,富邦-桃園,2023-07-31,9665
00929,復華台灣科技優息,153,33,120,富邦-桃園,2023-07-31,9665
00679B,元大美債20年,117,0,117,富邦-桃園,2023-07-31,9665
9105,泰金寶-DR,110,0,110,富邦-桃園,2023-07-31,9665
2402,毅嘉,136,60,76,富邦-桃園,2023-07-31,9665
00712,復華富時不動產,84,10,74,富邦-桃園,2023-07-31,9665
00772B,中信高評級公司債,74,0,74,富邦-桃園,2023-07-31,9665
6278,台表科,73,0,73,富邦-桃園,2023-07-31,9665
2301,光寶科,173,105,68,富邦-桃園,2023-07-31,9665
2609,陽明,75,13,62,富邦-桃園,2023-07-31,9665
00930,永豐ESG低碳高息,57,0,57,富邦-桃園,2023-07-31,9665
00919,群益台灣精選高息,60,5,55,富邦-桃園,2023-07-31,9665
6547,高端疫苗,53,1,52,富邦-桃園,2023-07-31,9665
00923,群益台ESG低碳50,48,0,48,富邦-桃園,2023-07-31,9665
2891,中信金,48,1,47,富邦-桃園,2023-07-31,9665
3037,欣興,70,24,46,富邦-桃園,2023-07-31,9665
3481,群創,113,69,44,富邦-桃園,2023-07-31,9665
00720B,元大投資級公司債,37,0,37,富邦-桃園,2023-07-31,9665
1809,中釉,34,1,33,富邦-桃園,2023-07-31,9665
5607,遠雄港,32,0,32,富邦-桃園,2023-07-31,9665
2002,中鋼,36,5,31,富邦-桃園,2023-07-31,9665
8088,品安,31,0,31,富邦-桃園,2023-07-31,9665
2603,長榮,41,10,31,富邦-桃園,2023-07-31,9665
2809,京城銀,30,0,30,富邦-桃園,2023-07-31,9665
2883B,凱基金乙特,30,0,30,富邦-桃園,2023-07-31,9665
4974,亞泰,24,0,24,富邦-桃園,2023-07-31,9665
00888,永豐台灣ESG,24,0,24,富邦-桃園,2023-07-31,9665
1522,堤維西,24,2,22,富邦-桃園,2023-07-31,9665
2457,飛宏,44,22,22,富邦-桃園,2023-07-31,9665
2353,宏��,25,3,22,富邦-桃園,2023-07-31,9665
3264,欣銓,29,8,21,富邦-桃園,2023-07-31,9665
5608,四維航,21,0,21,富邦-桃園,2023-07-31,9665
2454,聯發科,37,16,21,富邦-桃園,2023-07-31,9665
3011,今皓,26,6,20,富邦-桃園,2023-07-31,9665
00676R,富邦臺灣加權反1,20,0,20,富邦-桃園,2023-07-31,9665
00751B,元大AAA至A公司債,21,1,20,富邦-桃園,2023-07-31,9665
2027,大成鋼,19,0,19,富邦-桃園,2023-07-31,9665
2014,中鴻,20,2,18,富邦-桃園,2023-07-31,9665
6269,台郡,17,0,17,富邦-桃園,2023-07-31,9665
8436,大江,17,0,17,富邦-桃園,2023-07-31,9665
3032,偉訓,74,57,17,富邦-桃園,2023-07-31,9665
2317,鴻海,31,15,16,富邦-桃園,2023-07-31,9665
6125,廣運,63,47,16,富邦-桃園,2023-07-31,9665
2426,鼎元,16,0,16,富邦-桃園,2023-07-31,9665
1904,正隆,22,7,15,富邦-桃園,2023-07-31,9665
8271,宇瞻,15,0,15,富邦-桃園,2023-07-31,9665
0056,元大高股息,123,109,14,富邦-桃園,2023-07-31,9665
00885,富邦越南,52,38,14,富邦-桃園,2023-07-31,9665
1605,華新,37,23,14,富邦-桃園,2023-07-31,9665
00687B,國泰20年美債,14,0,14,富邦-桃園,2023-07-31,9665
4916,事欣科,215,22,193,富邦-桃園,2023-08-01,9665
1802,台玻,264,114,150,富邦-桃園,2023-08-01,9665
00929,復華台灣科技優息,139,25,114,富邦-桃園,2023-08-01,9665
6282,康舒,141,36,105,富邦-桃園,2023-08-01,9665
9105,泰金寶-DR,91,0,91,富邦-桃園,2023-08-01,9665
6285,啟��,157,74,83,富邦-桃園,2023-08-01,9665
1460,宏遠,80,0,80,富邦-桃園,2023-08-01,9665
1905,華紙,113,37,76,富邦-桃園,2023-08-01,9665
2409,友達,115,48,67,富邦-桃園,2023-08-01,9665
2891,中信金,67,2,65,富邦-桃園,2023-08-01,9665
00885,富邦越南,82,21,61,富邦-桃園,2023-08-01,9665
5211,蒙恬,50,0,50,富邦-桃園,2023-08-01,9665
3324,雙鴻,55,6,49,富邦-桃園,2023-08-01,9665
2913,農林,435,395,40,富邦-桃園,2023-08-01,9665
00679B,元大美債20年,97,58,39,富邦-桃園,2023-08-01,9665
00930,永豐ESG低碳高息,36,0,36,富邦-桃園,2023-08-01,9665
3706,神達,64,28,36,富邦-桃園,2023-08-01,9665
5880,合庫金,34,1,33,富邦-桃園,2023-08-01,9665
6691,洋基工程,33,0,33,富邦-桃園,2023-08-01,9665
1904,正隆,35,2,33,富邦-桃園,2023-08-01,9665
5388,中磊,61,29,32,富邦-桃園,2023-08-01,9665
00923,群益台ESG低碳50,32,0,32,富邦-桃園,2023-08-01,9665
2419,仲琦,46,14,32,富邦-桃園,2023-08-01,9665
3051,力特,38,6,32,富邦-桃園,2023-08-01,9665
6188,廣明,70,38,32,富邦-桃園,2023-08-01,9665
1313,聯成,36,5,31,富邦-桃園,2023-08-01,9665
2312,金寶,75,46,29,富邦-桃園,2023-08-01,9665
2313,華通,34,5,29,富邦-桃園,2023-08-01,9665
2323,中環,64,35,29,富邦-桃園,2023-08-01,9665
2402,毅嘉,109,82,27,富邦-桃園,2023-08-01,9665
2331,精英,27,0,27,富邦-桃園,2023-08-01,9665
2393,億光,26,0,26,富邦-桃園,2023-08-01,9665
6218,豪勉,41,15,26,富邦-桃園,2023-08-01,9665
6189,豐藝,26,0,26,富邦-桃園,2023-08-01,9665
2344,華邦電,35,9,26,富邦-桃園,2023-08-01,9665
00706L,期元大S＆P日圓正2,25,0,25,富邦-桃園,2023-08-01,9665
3591,艾笛森,33,8,25,富邦-桃園,2023-08-01,9665
6239,力成,27,4,23,富邦-桃園,2023-08-01,9665
1584,精剛,26,3,23,富邦-桃園,2023-08-01,9665
2457,飛宏,41,19,22,富邦-桃園,2023-08-01,9665
4755,三福化,22,1,21,富邦-桃園,2023-08-01,9665
00878,國泰永續高股息,276,255,21,富邦-桃園,2023-08-01,9665
2539,櫻花建,20,0,20,富邦-桃園,2023-08-01,9665
3596,智易,23,3,20,富邦-桃園,2023-08-01,9665
6112,邁達特,20,0,20,富邦-桃園,2023-08-01,9665
3518,柏騰,27,7,20,富邦-桃園,2023-08-01,9665
2906,高林,20,0,20,富邦-桃園,2023-08-01,9665
6531,愛普*,26,7,19,富邦-桃園,2023-08-01,9665
3105,穩懋,32,13,19,富邦-桃園,2023-08-01,9665
00919,群益台灣精選高息,18,2,16,富邦-桃園,2023-08-01,9665
00878,國泰永續高股息,722,251,471,富邦-桃園,2023-08-02,9665
00929,復華台灣科技優息,387,55,332,富邦-桃園,2023-08-02,9665
3231,緯創,345,73,272,富邦-桃園,2023-08-02,9665
00650L,復華香港正2,208,0,208,富邦-桃園,2023-08-02,9665
2883,凱基金,188,5,183,富邦-桃園,2023-08-02,9665
00679B,元大美債20年,224,49,175,富邦-桃園,2023-08-02,9665
0056,元大高股息,225,55,170,富邦-桃園,2023-08-02,9665
3481,群創,175,12,163,富邦-桃園,2023-08-02,9665
3037,欣興,162,17,145,富邦-桃園,2023-08-02,9665
00712,復華富時不動產,140,2,138,富邦-桃園,2023-08-02,9665
2610,華航,148,53,95,富邦-桃園,2023-08-02,9665
00673R,期元大S＆P原油反1,91,0,91,富邦-桃園,2023-08-02,9665
1605,華新,488,398,90,富邦-桃園,2023-08-02,9665
9105,泰金寶-DR,90,5,85,富邦-桃園,2023-08-02,9665
00675L,富邦臺灣加權正2,73,2,71,富邦-桃園,2023-08-02,9665
2105,正新,70,0,70,富邦-桃園,2023-08-02,9665
00923,群益台ESG低碳50,87,19,68,富邦-桃園,2023-08-02,9665
6285,啟��,165,102,63,富邦-桃園,2023-08-02,9665
2402,毅嘉,102,41,61,富邦-桃園,2023-08-02,9665
00772B,中信高評級公司債,60,0,60,富邦-桃園,2023-08-02,9665
00687B,國泰20年美債,63,4,59,富邦-桃園,2023-08-02,9665
3518,柏騰,54,0,54,富邦-桃園,2023-08-02,9665
8215,明基材,51,3,48,富邦-桃園,2023-08-02,9665
2382,廣達,210,162,48,富邦-桃園,2023-08-02,9665
00688L,國泰20年美債正2,46,0,46,富邦-桃園,2023-08-02,9665
6116,彩晶,51,7,44,富邦-桃園,2023-08-02,9665
2317,鴻海,42,2,40,富邦-桃園,2023-08-02,9665
1536,和大,40,0,40,富邦-桃園,2023-08-02,9665
2301,光寶科,114,76,38,富邦-桃園,2023-08-02,9665
6282,康舒,92,55,37,富邦-桃園,2023-08-02,9665
00722B,群益投資級電信債,36,0,36,富邦-桃園,2023-08-02,9665
2892,第一金,45,10,35,富邦-桃園,2023-08-02,9665
5211,蒙恬,34,0,34,富邦-桃園,2023-08-02,9665
2911,麗嬰房,31,0,31,富邦-桃園,2023-08-02,9665
2801,彰銀,30,1,29,富邦-桃園,2023-08-02,9665
2633,台灣高鐵,29,0,29,富邦-桃園,2023-08-02,9665
2352,佳世達,72,43,29,富邦-桃園,2023-08-02,9665
00900,富邦特選高股息30,83,55,28,富邦-桃園,2023-08-02,9665
2399,映泰,28,0,28,富邦-桃園,2023-08-02,9665
00720B,元大投資級公司債,28,1,27,富邦-桃園,2023-08-02,9665
2022,聚亨,26,0,26,富邦-桃園,2023-08-02,9665
2027,大成鋼,35,9,26,富邦-桃園,2023-08-02,9665
1785,光洋科,54,29,25,富邦-桃園,2023-08-02,9665
3163,波若威,78,53,25,富邦-桃園,2023-08-02,9665
2308,台達電,36,12,24,富邦-桃園,2023-08-02,9665
00904,新光臺灣半導體30,24,0,24,富邦-桃園,2023-08-02,9665
5351,鈺創,33,9,24,富邦-桃園,2023-08-02,9665
3044,健鼎,74,51,23,富邦-桃園,2023-08-02,9665
1216,統一,23,0,23,富邦-桃園,2023-08-02,9665
00725B,國泰投資級公司債,23,0,23,富邦-桃園,2023-08-02,9665
00642U,期元大S＆P石油,500,15,485,富邦-桃園,2023-08-04,9665
1598,岱宇,452,0,452,富邦-桃園,2023-08-04,9665
00679B,元大美債20年,335,8,327,富邦-桃園,2023-08-04,9665
6282,康舒,226,11,215,富邦-桃園,2023-08-04,9665
00929,復華台灣科技優息,200,14,186,富邦-桃園,2023-08-04,9665
2891,中信金,164,2,162,富邦-桃園,2023-08-04,9665
00680L,元大美債20正2,138,0,138,富邦-桃園,2023-08-04,9665
00687B,國泰20年美債,134,0,134,富邦-桃園,2023-08-04,9665
00878,國泰永續高股息,314,190,124,富邦-桃園,2023-08-04,9665
00720B,元大投資級公司債,123,0,123,富邦-桃園,2023-08-04,9665
00664R,國泰臺灣加權反1,100,0,100,富邦-桃園,2023-08-04,9665
00900,富邦特選高股息30,115,18,97,富邦-桃園,2023-08-04,9665
3004,豐達科,107,12,95,富邦-桃園,2023-08-04,9665
1605,華新,141,48,93,富邦-桃園,2023-08-04,9665
9105,泰金寶-DR,80,0,80,富邦-桃園,2023-08-04,9665
2618,長榮航,87,12,75,富邦-桃園,2023-08-04,9665
00751B,元大AAA至A公司債,71,4,67,富邦-桃園,2023-08-04,9665
2344,華邦電,107,42,65,富邦-桃園,2023-08-04,9665
8215,明基材,64,1,63,富邦-桃園,2023-08-04,9665
00688L,國泰20年美債正2,73,11,62,富邦-桃園,2023-08-04,9665
00795B,中信美國公債20年,59,0,59,富邦-桃園,2023-08-04,9665
6239,力成,57,0,57,富邦-桃園,2023-08-04,9665
4714,永捷,59,5,54,富邦-桃園,2023-08-04,9665
2329,華泰,63,12,51,富邦-桃園,2023-08-04,9665
00712,復華富時不動產,122,76,46,富邦-桃園,2023-08-04,9665
1536,和大,45,0,45,富邦-桃園,2023-08-04,9665
4746,台耀,47,5,42,富邦-桃園,2023-08-04,9665
2206,三陽工業,54,12,42,富邦-桃園,2023-08-04,9665
00764B,群益25年美債,39,0,39,富邦-桃園,2023-08-04,9665
00696B,富邦美債20年,42,3,39,富邦-桃園,2023-08-04,9665
1609,大亞,198,159,39,富邦-桃園,2023-08-04,9665
2382,廣達,192,156,36,富邦-桃園,2023-08-04,9665
8299,群聯,36,0,36,富邦-桃園,2023-08-04,9665
00740B,富邦全球投等債,36,0,36,富邦-桃園,2023-08-04,9665
3706,神達,169,134,35,富邦-桃園,2023-08-04,9665
00862B,中信投資級公司債,34,0,34,富邦-桃園,2023-08-04,9665
9955,佳龍,50,17,33,富邦-桃園,2023-08-04,9665
00923,群益台ESG低碳50,30,0,30,富邦-桃園,2023-08-04,9665
3689,湧德,39,9,30,富邦-桃園,2023-08-04,9665
2911,麗嬰房,30,0,30,富邦-桃園,2023-08-04,9665
00722B,群益投資級電信債,29,0,29,富邦-桃園,2023-08-04,9665
00772B,中信高評級公司債,98,70,28,富邦-桃園,2023-08-04,9665
00637L,元大滬深300正2,368,340,28,富邦-桃園,2023-08-04,9665
2363,矽統,31,3,28,富邦-桃園,2023-08-04,9665
00907,永豐優息存股,26,0,26,富邦-桃園,2023-08-04,9665
1216,統一,26,0,26,富邦-桃園,2023-08-04,9665
2913,農林,95,70,25,富邦-桃園,2023-08-04,9665
2356,英業達,169,144,25,富邦-桃園,2023-08-04,9665
00673R,期元大S＆P原油反1,23,0,23,富邦-桃園,2023-08-04,9665
2616,山隆,21,0,21,富邦-桃園,2023-08-04,9665
2353,宏��,675,59,616,富邦-桃園,2023-08-07,9665
00929,復華台灣科技優息,210,1,209,富邦-桃園,2023-08-07,9665
00931B,統一美債20年,161,1,160,富邦-桃園,2023-08-07,9665
2603,長榮,124,7,117,富邦-桃園,2023-08-07,9665
00650L,復華香港正2,210,100,110,富邦-桃園,2023-08-07,9665
2888,新光金,117,8,109,富邦-桃園,2023-08-07,9665
00642U,期元大S＆P石油,108,1,107,富邦-桃園,2023-08-07,9665
2618,長榮航,155,53,102,富邦-桃園,2023-08-07,9665
1905,華紙,141,42,99,富邦-桃園,2023-08-07,9665
3013,晟銘電,89,13,76,富邦-桃園,2023-08-07,9665
00900,富邦特選高股息30,78,3,75,富邦-桃園,2023-08-07,9665
1609,大亞,109,35,74,富邦-桃園,2023-08-07,9665
3046,建��,76,6,70,富邦-桃園,2023-08-07,9665
00720B,元大投資級公司債,58,0,58,富邦-桃園,2023-08-07,9665
2891,中信金,63,5,58,富邦-桃園,2023-08-07,9665
2913,農林,129,73,56,富邦-桃園,2023-08-07,9665
00751B,元大AAA至A公司債,52,0,52,富邦-桃園,2023-08-07,9665
2537,聯上發,41,0,41,富邦-桃園,2023-08-07,9665
2609,陽明,44,6,38,富邦-桃園,2023-08-07,9665
4919,新唐,31,1,30,富邦-桃園,2023-08-07,9665
2454,聯發科,37,8,29,富邦-桃園,2023-08-07,9665
2356,英業達,158,129,29,富邦-桃園,2023-08-07,9665
00687B,國泰20年美債,28,1,27,富邦-桃園,2023-08-07,9665
2301,光寶科,138,112,26,富邦-桃園,2023-08-07,9665
6125,廣運,54,29,25,富邦-桃園,2023-08-07,9665
00773B,中信優先金融債,25,0,25,富邦-桃園,2023-08-07,9665
2329,華泰,59,35,24,富邦-桃園,2023-08-07,9665
9955,佳龍,31,8,23,富邦-桃園,2023-08-07,9665
3024,憶聲,28,6,22,富邦-桃園,2023-08-07,9665
2352,佳世達,48,28,20,富邦-桃園,2023-08-07,9665
2606,裕民,20,0,20,富邦-桃園,2023-08-07,9665
9105,泰金寶-DR,20,0,20,富邦-桃園,2023-08-07,9665
2409,友達,27,7,20,富邦-桃園,2023-08-07,9665
00882,中信中國高股息,19,0,19,富邦-桃園,2023-08-07,9665
00922,國泰台灣領袖50,19,0,19,富邦-桃園,2023-08-07,9665
2367,燿華,20,1,19,富邦-桃園,2023-08-07,9665
00680L,元大美債20正2,19,0,19,富邦-桃園,2023-08-07,9665
3037,欣興,24,7,17,富邦-桃園,2023-08-07,9665
5371,中光電,24,8,16,富邦-桃園,2023-08-07,9665
00665L,富邦�琤肭磪囓�2,16,0,16,富邦-桃園,2023-08-07,9665
5009,榮剛,88,73,15,富邦-桃園,2023-08-07,9665
00670L,富邦NASDAQ正2,15,0,15,富邦-桃園,2023-08-07,9665
3715,定穎投控,16,2,14,富邦-桃園,2023-08-07,9665
1519,華城,50,36,14,富邦-桃園,2023-08-07,9665
5483,中美晶,15,1,14,富邦-桃園,2023-08-07,9665
6117,迎廣,19,6,13,富邦-桃園,2023-08-07,9665
2458,義隆,28,16,12,富邦-桃園,2023-08-07,9665
00679B,元大美債20年,48,36,12,富邦-桃園,2023-08-07,9665
5381,合正,12,0,12,富邦-桃園,2023-08-07,9665
3306,鼎天,21,9,12,富邦-桃園,2023-08-07,9665
00929,復華台灣科技優息,237,6,231,富邦-桃園,2023-08-08,9665
00900,富邦特選高股息30,253,28,225,富邦-桃園,2023-08-08,9665
00673R,期元大S＆P原油反1,194,0,194,富邦-桃園,2023-08-08,9665
00632R,元大台灣50反1,124,2,122,富邦-桃園,2023-08-08,9665
3231,緯創,425,311,114,富邦-桃園,2023-08-08,9665
00637L,元大滬深300正2,111,4,107,富邦-桃園,2023-08-08,9665
00931B,統一美債20年,107,0,107,富邦-桃園,2023-08-08,9665
2356,英業達,231,145,86,富邦-桃園,2023-08-08,9665
00671R,富邦NASDAQ反1,80,0,80,富邦-桃園,2023-08-08,9665
9105,泰金寶-DR,80,0,80,富邦-桃園,2023-08-08,9665
3044,健鼎,140,77,63,富邦-桃園,2023-08-08,9665
2329,華泰,69,13,56,富邦-桃園,2023-08-08,9665
3037,欣興,51,1,50,富邦-桃園,2023-08-08,9665
3051,力特,55,5,50,富邦-桃園,2023-08-08,9665
00795B,中信美國公債20年,48,1,47,富邦-桃園,2023-08-08,9665
2206,三陽工業,78,32,46,富邦-桃園,2023-08-08,9665
1905,華紙,66,27,39,富邦-桃園,2023-08-08,9665
00923,群益台ESG低碳50,37,0,37,富邦-桃園,2023-08-08,9665
3045,台灣大,35,0,35,富邦-桃園,2023-08-08,9665
00751B,元大AAA至A公司債,33,0,33,富邦-桃園,2023-08-08,9665
1529,樂事綠能,33,1,32,富邦-桃園,2023-08-08,9665
2911,麗嬰房,30,0,30,富邦-桃園,2023-08-08,9665
00722B,群益投資級電信債,28,0,28,富邦-桃園,2023-08-08,9665
00891,中信關鍵半導體,32,4,28,富邦-桃園,2023-08-08,9665
3004,豐達科,30,3,27,富邦-桃園,2023-08-08,9665
2303,聯電,38,12,26,富邦-桃園,2023-08-08,9665
00927,群益半導體收益,26,0,26,富邦-桃園,2023-08-08,9665
1722,台肥,26,0,26,富邦-桃園,2023-08-08,9665
00878,國泰永續高股息,157,132,25,富邦-桃園,2023-08-08,9665
1515,力山,25,0,25,富邦-桃園,2023-08-08,9665
00907,永豐優息存股,25,0,25,富邦-桃園,2023-08-08,9665
1589,永冠-KY,23,0,23,富邦-桃園,2023-08-08,9665
3055,蔚華科,25,2,23,富邦-桃園,2023-08-08,9665
6188,廣明,60,37,23,富邦-桃園,2023-08-08,9665
00882,中信中國高股息,22,0,22,富邦-桃園,2023-08-08,9665
6139,亞翔,34,13,21,富邦-桃園,2023-08-08,9665
2801,彰銀,21,0,21,富邦-桃園,2023-08-08,9665
00665L,富邦�琤肭磪囓�2,30,10,20,富邦-桃園,2023-08-08,9665
4533,協易機,27,7,20,富邦-桃園,2023-08-08,9665
2495,普安,20,0,20,富邦-桃園,2023-08-08,9665
4906,正文,33,14,19,富邦-桃園,2023-08-08,9665
2301,光寶科,81,62,19,富邦-桃園,2023-08-08,9665
2409,友達,45,27,18,富邦-桃園,2023-08-08,9665
5452,佶優,20,2,18,富邦-桃園,2023-08-08,9665
2883,凱基金,17,0,17,富邦-桃園,2023-08-08,9665
2376,技嘉,57,40,17,富邦-桃園,2023-08-08,9665
3306,鼎天,27,11,16,富邦-桃園,2023-08-08,9665
3346,麗清,21,5,16,富邦-桃園,2023-08-08,9665
5608,四維航,15,0,15,富邦-桃園,2023-08-08,9665
00650L,復華香港正2,115,100,15,富邦-桃園,2023-08-08,9665
00632R,元大台灣50反1,446,3,443,富邦-桃園,2023-08-09,9665
00929,復華台灣科技優息,335,29,306,富邦-桃園,2023-08-09,9665
00919,群益台灣精選高息,143,1,142,富邦-桃園,2023-08-09,9665
00878,國泰永續高股息,164,30,134,富邦-桃園,2023-08-09,9665
00720B,元大投資級公司債,164,37,127,富邦-桃園,2023-08-09,9665
00882,中信中國高股息,114,5,109,富邦-桃園,2023-08-09,9665
00680L,元大美債20正2,77,1,76,富邦-桃園,2023-08-09,9665
00900,富邦特選高股息30,89,16,73,富邦-桃園,2023-08-09,9665
2329,華泰,77,6,71,富邦-桃園,2023-08-09,9665
00679B,元大美債20年,103,33,70,富邦-桃園,2023-08-09,9665
2618,長榮航,181,112,69,富邦-桃園,2023-08-09,9665
2344,華邦電,61,4,57,富邦-桃園,2023-08-09,9665
00931B,統一美債20年,55,0,55,富邦-桃園,2023-08-09,9665
3231,緯創,256,202,54,富邦-桃園,2023-08-09,9665
00712,復華富時不動產,60,7,53,富邦-桃園,2023-08-09,9665
1536,和大,61,9,52,富邦-桃園,2023-08-09,9665
00923,群益台ESG低碳50,44,0,44,富邦-桃園,2023-08-09,9665
2002,中鋼,41,1,40,富邦-桃園,2023-08-09,9665
2530,華建,35,0,35,富邦-桃園,2023-08-09,9665
1605,華新,49,14,35,富邦-桃園,2023-08-09,9665
0056,元大高股息,52,20,32,富邦-桃園,2023-08-09,9665
4934,太極,34,3,31,富邦-桃園,2023-08-09,9665
2022,聚亨,31,0,31,富邦-桃園,2023-08-09,9665
00859B,群益0-1年美債,30,0,30,富邦-桃園,2023-08-09,9665
2468,華經,30,0,30,富邦-桃園,2023-08-09,9665
00907,永豐優息存股,32,3,29,富邦-桃園,2023-08-09,9665
2911,麗嬰房,28,0,28,富邦-桃園,2023-08-09,9665
3078,僑威,51,25,26,富邦-桃園,2023-08-09,9665
1529,樂事綠能,28,2,26,富邦-桃園,2023-08-09,9665
1515,力山,27,1,26,富邦-桃園,2023-08-09,9665
8088,品安,25,0,25,富邦-桃園,2023-08-09,9665
3308,聯德,37,12,25,富邦-桃園,2023-08-09,9665
00665L,富邦�琤肭磪囓�2,34,10,24,富邦-桃園,2023-08-09,9665
2892,第一金,29,5,24,富邦-桃園,2023-08-09,9665
5880,合庫金,31,8,23,富邦-桃園,2023-08-09,9665
006208,富邦台50,22,0,22,富邦-桃園,2023-08-09,9665
1905,華紙,58,37,21,富邦-桃園,2023-08-09,9665
3363,上詮,24,3,21,富邦-桃園,2023-08-09,9665
3045,台灣大,21,0,21,富邦-桃園,2023-08-09,9665
1722,台肥,20,0,20,富邦-桃園,2023-08-09,9665
4977,眾達-KY,20,0,20,富邦-桃園,2023-08-09,9665
6615,慧智,20,0,20,富邦-桃園,2023-08-09,9665
4526,東台,20,0,20,富邦-桃園,2023-08-09,9665
00751B,元大AAA至A公司債,19,0,19,富邦-桃園,2023-08-09,9665
00719B,元大美債1-3,19,0,19,富邦-桃園,2023-08-09,9665
2023,燁輝,18,0,18,富邦-桃園,2023-08-09,9665
4549,桓達,17,0,17,富邦-桃園,2023-08-09,9665
1417,嘉裕,17,0,17,富邦-桃園,2023-08-09,9665
2528,皇普,17,0,17,富邦-桃園,2023-08-09,9665
1402,遠東新,16,0,16,富邦-桃園,2023-08-09,9665
00929,復華台灣科技優息,667,2,665,富邦-桃園,2023-08-10,9665
00878,國泰永續高股息,362,68,294,富邦-桃園,2023-08-10,9665
6282,康舒,261,31,230,富邦-桃園,2023-08-10,9665
00900,富邦特選高股息30,203,24,179,富邦-桃園,2023-08-10,9665
1609,大亞,106,7,99,富邦-桃園,2023-08-10,9665
00931B,統一美債20年,95,0,95,富邦-桃園,2023-08-10,9665
1605,華新,91,11,80,富邦-桃園,2023-08-10,9665
1905,華紙,108,29,79,富邦-桃園,2023-08-10,9665
0050,元大台灣50,81,2,79,富邦-桃園,2023-08-10,9665
2743,山富,76,0,76,富邦-桃園,2023-08-10,9665
2382,廣達,194,125,69,富邦-桃園,2023-08-10,9665
00664R,國泰臺灣加權反1,65,0,65,富邦-桃園,2023-08-10,9665
00919,群益台灣精選高息,73,10,63,富邦-桃園,2023-08-10,9665
3481,群創,168,105,63,富邦-桃園,2023-08-10,9665
00923,群益台ESG低碳50,62,0,62,富邦-桃園,2023-08-10,9665
0056,元大高股息,137,77,60,富邦-桃園,2023-08-10,9665
6161,捷波,51,0,51,富邦-桃園,2023-08-10,9665
00719B,元大美債1-3,50,0,50,富邦-桃園,2023-08-10,9665
2886,兆豐金,53,6,47,富邦-桃園,2023-08-10,9665
3045,台灣大,47,0,47,富邦-桃園,2023-08-10,9665
00665L,富邦�琤肭磪囓�2,54,10,44,富邦-桃園,2023-08-10,9665
00637L,元大滬深300正2,81,44,37,富邦-桃園,2023-08-10,9665
00712,復華富時不動產,40,5,35,富邦-桃園,2023-08-10,9665
00751B,元大AAA至A公司債,36,4,32,富邦-桃園,2023-08-10,9665
2376,技嘉,55,24,31,富邦-桃園,2023-08-10,9665
00713,元大台灣高息低波,32,1,31,富邦-桃園,2023-08-10,9665
00907,永豐優息存股,30,0,30,富邦-桃園,2023-08-10,9665
00638R,元大滬深300反1,30,0,30,富邦-桃園,2023-08-10,9665
1904,正隆,31,2,29,富邦-桃園,2023-08-10,9665
8088,品安,30,2,28,富邦-桃園,2023-08-10,9665
2002,中鋼,27,1,26,富邦-桃園,2023-08-10,9665
6770,力積電,29,3,26,富邦-桃園,2023-08-10,9665
2369,菱生,25,0,25,富邦-桃園,2023-08-10,9665
3024,憶聲,25,0,25,富邦-桃園,2023-08-10,9665
2352,佳世達,26,2,24,富邦-桃園,2023-08-10,9665
2022,聚亨,29,5,24,富邦-桃園,2023-08-10,9665
00881,國泰台灣5G+,25,1,24,富邦-桃園,2023-08-10,9665
00680L,元大美債20正2,23,0,23,富邦-桃園,2023-08-10,9665
2371,大同,39,16,23,富邦-桃園,2023-08-10,9665
2468,華經,22,0,22,富邦-桃園,2023-08-10,9665
8996,高力,43,21,22,富邦-桃園,2023-08-10,9665
2609,陽明,37,16,21,富邦-桃園,2023-08-10,9665
2337,旺宏,21,0,21,富邦-桃園,2023-08-10,9665
3128,昇銳,21,0,21,富邦-桃園,2023-08-10,9665
1417,嘉裕,20,0,20,富邦-桃園,2023-08-10,9665
1909,榮成,20,0,20,富邦-桃園,2023-08-10,9665
3665,貿聯-KY,23,3,20,富邦-桃園,2023-08-10,9665
00687B,國泰20年美債,20,1,19,富邦-桃園,2023-08-10,9665
2201,裕隆,19,1,18,富邦-桃園,2023-08-10,9665
3037,欣興,26,8,18,富邦-桃園,2023-08-10,9665
2618,長榮航,297,80,217,富邦-桃園,2023-08-11,9665
2382,廣達,344,154,190,富邦-桃園,2023-08-11,9665
00929,復華台灣科技優息,188,42,146,富邦-桃園,2023-08-11,9665
2409,友達,144,5,139,富邦-桃園,2023-08-11,9665
00673R,期元大S＆P原油反1,141,5,136,富邦-桃園,2023-08-11,9665
00931B,統一美債20年,137,10,127,富邦-桃園,2023-08-11,9665
00637L,元大滬深300正2,168,54,114,富邦-桃園,2023-08-11,9665
6770,力積電,114,0,114,富邦-桃園,2023-08-11,9665
6282,康舒,111,11,100,富邦-桃園,2023-08-11,9665
2344,華邦電,104,16,88,富邦-桃園,2023-08-11,9665
0050,元大台灣50,90,2,88,富邦-桃園,2023-08-11,9665
3481,群創,75,0,75,富邦-桃園,2023-08-11,9665
00878,國泰永續高股息,111,36,75,富邦-桃園,2023-08-11,9665
00900,富邦特選高股息30,115,40,75,富邦-桃園,2023-08-11,9665
4414,如興,70,0,70,富邦-桃園,2023-08-11,9665
00795B,中信美國公債20年,67,10,57,富邦-桃園,2023-08-11,9665
00679B,元大美債20年,100,46,54,富邦-桃園,2023-08-11,9665
00687B,國泰20年美債,61,10,51,富邦-桃園,2023-08-11,9665
3231,緯創,222,175,47,富邦-桃園,2023-08-11,9665
2892,第一金,46,0,46,富邦-桃園,2023-08-11,9665
1609,大亞,52,11,41,富邦-桃園,2023-08-11,9665
00772B,中信高評級公司債,40,1,39,富邦-桃園,2023-08-11,9665
2308,台達電,41,3,38,富邦-桃園,2023-08-11,9665
2883,凱基金,36,0,36,富邦-桃園,2023-08-11,9665
00706L,期元大S＆P日圓正2,35,0,35,富邦-桃園,2023-08-11,9665
2457,飛宏,40,7,33,富邦-桃園,2023-08-11,9665
2014,中鴻,38,6,32,富邦-桃園,2023-08-11,9665
00751B,元大AAA至A公司債,32,1,31,富邦-桃園,2023-08-11,9665
00665L,富邦�琤肭磪囓�2,72,41,31,富邦-桃園,2023-08-11,9665
0056,元大高股息,86,55,31,富邦-桃園,2023-08-11,9665
00923,群益台ESG低碳50,30,0,30,富邦-桃園,2023-08-11,9665
3665,貿聯-KY,31,1,30,富邦-桃園,2023-08-11,9665
2002,中鋼,43,17,26,富邦-桃園,2023-08-11,9665
2324,仁寶,33,10,23,富邦-桃園,2023-08-11,9665
2845,遠東銀,23,0,23,富邦-桃園,2023-08-11,9665
1905,華紙,92,70,22,富邦-桃園,2023-08-11,9665
1460,宏遠,26,5,21,富邦-桃園,2023-08-11,9665
00708L,期元大S＆P黃金正2,20,0,20,富邦-桃園,2023-08-11,9665
2630,亞航,20,0,20,富邦-桃園,2023-08-11,9665
1909,榮成,21,1,20,富邦-桃園,2023-08-11,9665
6125,廣運,32,14,18,富邦-桃園,2023-08-11,9665
00720B,元大投資級公司債,17,0,17,富邦-桃園,2023-08-11,9665
006208,富邦台50,17,0,17,富邦-桃園,2023-08-11,9665
1612,宏泰,17,0,17,富邦-桃園,2023-08-11,9665
5880,合庫金,16,0,16,富邦-桃園,2023-08-11,9665
2885,元大金,16,0,16,富邦-桃園,2023-08-11,9665
00633L,富邦上証正2,16,0,16,富邦-桃園,2023-08-11,9665
3037,欣興,20,5,15,富邦-桃園,2023-08-11,9665
2313,華通,17,2,15,富邦-桃園,2023-08-11,9665
2022,聚亨,15,0,15,富邦-桃園,2023-08-11,9665
00929,復華台灣科技優息,412,6,406,富邦-桃園,2023-08-14,9665
00900,富邦特選高股息30,396,8,388,富邦-桃園,2023-08-14,9665
6282,康舒,399,13,386,富邦-桃園,2023-08-14,9665
00878,國泰永續高股息,391,107,284,富邦-桃園,2023-08-14,9665
2609,陽明,118,3,115,富邦-桃園,2023-08-14,9665
2303,聯電,117,12,105,富邦-桃園,2023-08-14,9665
3706,神達,113,12,101,富邦-桃園,2023-08-14,9665
00923,群益台ESG低碳50,98,0,98,富邦-桃園,2023-08-14,9665
2363,矽統,193,98,95,富邦-桃園,2023-08-14,9665
00795B,中信美國公債20年,96,5,91,富邦-桃園,2023-08-14,9665
2002,中鋼,88,5,83,富邦-桃園,2023-08-14,9665
2606,裕民,82,1,81,富邦-桃園,2023-08-14,9665
00751B,元大AAA至A公司債,70,0,70,富邦-桃園,2023-08-14,9665
3231,緯創,234,166,68,富邦-桃園,2023-08-14,9665
1513,中興電,70,4,66,富邦-桃園,2023-08-14,9665
2344,華邦電,68,3,65,富邦-桃園,2023-08-14,9665
0050,元大台灣50,63,3,60,富邦-桃園,2023-08-14,9665
2888,新光金,60,4,56,富邦-桃園,2023-08-14,9665
6125,廣運,107,54,53,富邦-桃園,2023-08-14,9665
1616,億泰,52,0,52,富邦-桃園,2023-08-14,9665
006208,富邦台50,54,2,52,富邦-桃園,2023-08-14,9665
00907,永豐優息存股,45,0,45,富邦-桃園,2023-08-14,9665
00922,國泰台灣領袖50,48,3,45,富邦-桃園,2023-08-14,9665
00673R,期元大S＆P原油反1,47,4,43,富邦-桃園,2023-08-14,9665
2884,玉山金,45,2,43,富邦-桃園,2023-08-14,9665
2454,聯發科,45,4,41,富邦-桃園,2023-08-14,9665
2887,台新金,51,10,41,富邦-桃園,2023-08-14,9665
2610,華航,234,194,40,富邦-桃園,2023-08-14,9665
00882,中信中國高股息,47,8,39,富邦-桃園,2023-08-14,9665
2420,新巨,35,0,35,富邦-桃園,2023-08-14,9665
00888,永豐台灣ESG,33,1,32,富邦-桃園,2023-08-14,9665
2614,東森,30,0,30,富邦-桃園,2023-08-14,9665
6443,元晶,30,0,30,富邦-桃園,2023-08-14,9665
6290,良維,29,0,29,富邦-桃園,2023-08-14,9665
5876,上海商銀,27,0,27,富邦-桃園,2023-08-14,9665
2356,英業達,149,123,26,富邦-桃園,2023-08-14,9665
00665L,富邦�琤肭磪囓�2,29,4,25,富邦-桃園,2023-08-14,9665
3006,晶豪科,26,1,25,富邦-桃園,2023-08-14,9665
2633,台灣高鐵,26,1,25,富邦-桃園,2023-08-14,9665
6470,宇智,25,0,25,富邦-桃園,2023-08-14,9665
2023,燁輝,25,0,25,富邦-桃園,2023-08-14,9665
2401,凌陽,27,2,25,富邦-桃園,2023-08-14,9665
2201,裕隆,28,4,24,富邦-桃園,2023-08-14,9665
1504,東元,37,14,23,富邦-桃園,2023-08-14,9665
1417,嘉裕,23,0,23,富邦-桃園,2023-08-14,9665
5871,中租-KY,39,17,22,富邦-桃園,2023-08-14,9665
4746,台耀,34,12,22,富邦-桃園,2023-08-14,9665
00753L,中信中國50正2,26,4,22,富邦-桃園,2023-08-14,9665
8088,品安,22,0,22,富邦-桃園,2023-08-14,9665
00931B,統一美債20年,22,0,22,富邦-桃園,2023-08-14,9665
00929,復華台灣科技優息,280,10,270,富邦-桃園,2023-08-15,9665
00900,富邦特選高股息30,296,62,234,富邦-桃園,2023-08-15,9665
00923,群益台ESG低碳50,161,1,160,富邦-桃園,2023-08-15,9665
2891,中信金,198,41,157,富邦-桃園,2023-08-15,9665
2618,長榮航,154,37,117,富邦-桃園,2023-08-15,9665
00679B,元大美債20年,111,4,107,富邦-桃園,2023-08-15,9665
9105,泰金寶-DR,100,1,99,富邦-桃園,2023-08-15,9665
2317,鴻海,110,19,91,富邦-桃園,2023-08-15,9665
2363,矽統,191,107,84,富邦-桃園,2023-08-15,9665
00878,國泰永續高股息,134,53,81,富邦-桃園,2023-08-15,9665
00773B,中信優先金融債,75,0,75,富邦-桃園,2023-08-15,9665
3213,茂訊,88,14,74,富邦-桃園,2023-08-15,9665
6770,力積電,71,1,70,富邦-桃園,2023-08-15,9665
3715,定穎投控,117,52,65,富邦-桃園,2023-08-15,9665
1312,國喬,62,0,62,富邦-桃園,2023-08-15,9665
3481,群創,73,16,57,富邦-桃園,2023-08-15,9665
00772B,中信高評級公司債,50,0,50,富邦-桃園,2023-08-15,9665
3051,力特,56,6,50,富邦-桃園,2023-08-15,9665
6811,宏�硌穈T,50,0,50,富邦-桃園,2023-08-15,9665
00751B,元大AAA至A公司債,49,0,49,富邦-桃園,2023-08-15,9665
2352,佳世達,68,20,48,富邦-桃園,2023-08-15,9665
8105,凌巨,40,0,40,富邦-桃園,2023-08-15,9665
2892,第一金,40,0,40,富邦-桃園,2023-08-15,9665
2312,金寶,125,92,33,富邦-桃園,2023-08-15,9665
6285,啟��,39,7,32,富邦-桃園,2023-08-15,9665
6155,鈞寶,30,0,30,富邦-桃園,2023-08-15,9665
00720B,元大投資級公司債,27,0,27,富邦-桃園,2023-08-15,9665
1471,首利,36,9,27,富邦-桃園,2023-08-15,9665
2329,華泰,29,2,27,富邦-桃園,2023-08-15,9665
2884,玉山金,29,5,24,富邦-桃園,2023-08-15,9665
00795B,中信美國公債20年,22,0,22,富邦-桃園,2023-08-15,9665
1304,台聚,21,0,21,富邦-桃園,2023-08-15,9665
2002,中鋼,24,3,21,富邦-桃園,2023-08-15,9665
2015,豐興,20,0,20,富邦-桃園,2023-08-15,9665
2607,榮運,27,7,20,富邦-桃園,2023-08-15,9665
00931B,統一美債20年,24,5,19,富邦-桃園,2023-08-15,9665
2027,大成鋼,19,0,19,富邦-桃園,2023-08-15,9665
2323,中環,43,25,18,富邦-桃園,2023-08-15,9665
2887,台新金,17,0,17,富邦-桃園,2023-08-15,9665
6470,宇智,17,0,17,富邦-桃園,2023-08-15,9665
2888,新光金,16,0,16,富邦-桃園,2023-08-15,9665
8255,朋程,17,1,16,富邦-桃園,2023-08-15,9665
2890,永豐金,16,1,15,富邦-桃園,2023-08-15,9665
1535,中宇,15,0,15,富邦-桃園,2023-08-15,9665
00892,富邦台灣半導體,15,0,15,富邦-桃園,2023-08-15,9665
1584,精剛,15,0,15,富邦-桃園,2023-08-15,9665
5388,中磊,18,3,15,富邦-桃園,2023-08-15,9665
00687B,國泰20年美債,15,0,15,富邦-桃園,2023-08-15,9665
3045,台灣大,14,0,14,富邦-桃園,2023-08-15,9665
00753L,中信中國50正2,34,20,14,富邦-桃園,2023-08-15,9665
00929,復華台灣科技優息,531,44,487,富邦-桃園,2023-08-16,9665
2610,華航,375,109,266,富邦-桃園,2023-08-16,9665
6282,康舒,157,9,148,富邦-桃園,2023-08-16,9665
2303,聯電,160,19,141,富邦-桃園,2023-08-16,9665
00900,富邦特選高股息30,117,9,108,富邦-桃園,2023-08-16,9665
00674R,期元大S＆P黃金反1,100,0,100,富邦-桃園,2023-08-16,9665
00923,群益台ESG低碳50,97,0,97,富邦-桃園,2023-08-16,9665
00878,國泰永續高股息,195,102,93,富邦-桃園,2023-08-16,9665
3481,群創,94,5,89,富邦-桃園,2023-08-16,9665
00893,國泰智能電動車,63,0,63,富邦-桃園,2023-08-16,9665
00931B,統一美債20年,62,3,59,富邦-桃園,2023-08-16,9665
2891,中信金,96,46,50,富邦-桃園,2023-08-16,9665
2002,中鋼,46,4,42,富邦-桃園,2023-08-16,9665
2618,長榮航,148,105,43,富邦-桃園,2023-08-16,9665
0050,元大台灣50,43,1,42,富邦-桃園,2023-08-16,9665
2609,陽明,65,26,39,富邦-桃園,2023-08-16,9665
006208,富邦台50,38,0,38,富邦-桃園,2023-08-16,9665
2884,玉山金,39,3,36,富邦-桃園,2023-08-16,9665
1605,華新,46,10,36,富邦-桃園,2023-08-16,9665
00751B,元大AAA至A公司債,56,21,35,富邦-桃園,2023-08-16,9665
00687B,國泰20年美債,36,3,33,富邦-桃園,2023-08-16,9665
00888,永豐台灣ESG,32,0,32,富邦-桃園,2023-08-16,9665
2352,佳世達,34,2,32,富邦-桃園,2023-08-16,9665
2887,台新金,52,21,31,富邦-桃園,2023-08-16,9665
00907,永豐優息存股,30,0,30,富邦-桃園,2023-08-16,9665
00753L,中信中國50正2,28,0,28,富邦-桃園,2023-08-16,9665
2880,華南金,28,0,28,富邦-桃園,2023-08-16,9665
4906,正文,30,4,26,富邦-桃園,2023-08-16,9665
4147,中裕,26,0,26,富邦-桃園,2023-08-16,9665
3231,緯創,248,223,25,富邦-桃園,2023-08-16,9665
00882,中信中國高股息,35,10,25,富邦-桃園,2023-08-16,9665
1101,台泥,31,8,23,富邦-桃園,2023-08-16,9665
2892,第一金,27,5,22,富邦-桃園,2023-08-16,9665
2329,華泰,113,92,21,富邦-桃園,2023-08-16,9665
00897,富邦基因免疫生技,20,0,20,富邦-桃園,2023-08-16,9665
00637L,元大滬深300正2,20,0,20,富邦-桃園,2023-08-16,9665
1504,東元,24,6,18,富邦-桃園,2023-08-16,9665
00772B,中信高評級公司債,18,0,18,富邦-桃園,2023-08-16,9665
6182,合晶,17,0,17,富邦-桃園,2023-08-16,9665
00764B,群益25年美債,17,0,17,富邦-桃園,2023-08-16,9665
2409,友達,20,4,16,富邦-桃園,2023-08-16,9665
2890,永豐金,15,0,15,富邦-桃園,2023-08-16,9665
8027,鈦昇,22,7,15,富邦-桃園,2023-08-16,9665
1471,首利,23,8,15,富邦-桃園,2023-08-16,9665
2913,農林,15,0,15,富邦-桃園,2023-08-16,9665
6470,宇智,16,1,15,富邦-桃園,2023-08-16,9665
2313,華通,15,0,15,富邦-桃園,2023-08-16,9665
2308,台達電,16,2,14,富邦-桃園,2023-08-16,9665
9945,潤泰新,22,8,14,富邦-桃園,2023-08-16,9665
2344,華邦電,14,0,14,富邦-桃園,2023-08-16,9665
2353,宏��,419,37,382,富邦-桃園,2023-08-17,9665
3231,緯創,381,240,141,富邦-桃園,2023-08-17,9665
6282,康舒,108,8,100,富邦-桃園,2023-08-17,9665
00929,復華台灣科技優息,104,6,98,富邦-桃園,2023-08-17,9665
00679B,元大美債20年,90,5,85,富邦-桃園,2023-08-17,9665
2891,中信金,140,59,81,富邦-桃園,2023-08-17,9665
00669R,國泰美國道瓊反1,80,0,80,富邦-桃園,2023-08-17,9665
2382,廣達,259,191,68,富邦-桃園,2023-08-17,9665
00900,富邦特選高股息30,63,3,60,富邦-桃園,2023-08-17,9665
00687B,國泰20年美債,53,0,53,富邦-桃園,2023-08-17,9665
00772B,中信高評級公司債,55,2,53,富邦-桃園,2023-08-17,9665
6126,信音,59,9,50,富邦-桃園,2023-08-17,9665
2838,聯邦銀,50,0,50,富邦-桃園,2023-08-17,9665
00753L,中信中國50正2,69,21,48,富邦-桃園,2023-08-17,9665
00931B,統一美債20年,56,8,48,富邦-桃園,2023-08-17,9665
1101,台泥,47,0,47,富邦-桃園,2023-08-17,9665
2303,聯電,92,48,44,富邦-桃園,2023-08-17,9665
2886,兆豐金,49,6,43,富邦-桃園,2023-08-17,9665
6470,宇智,48,6,42,富邦-桃園,2023-08-17,9665
2356,英業達,120,79,41,富邦-桃園,2023-08-17,9665
00720B,元大投資級公司債,41,0,41,富邦-桃園,2023-08-17,9665
2637,慧洋-KY,60,21,39,富邦-桃園,2023-08-17,9665
00882,中信中國高股息,50,12,38,富邦-桃園,2023-08-17,9665
1905,華紙,69,31,38,富邦-桃園,2023-08-17,9665
4934,太極,42,5,37,富邦-桃園,2023-08-17,9665
00751B,元大AAA至A公司債,36,0,36,富邦-桃園,2023-08-17,9665
006208,富邦台50,36,2,34,富邦-桃園,2023-08-17,9665
5880,合庫金,34,2,32,富邦-桃園,2023-08-17,9665
8027,鈦昇,38,7,31,富邦-桃園,2023-08-17,9665
8050,廣積,43,13,30,富邦-桃園,2023-08-17,9665
2880,華南金,29,0,29,富邦-桃園,2023-08-17,9665
2409,友達,31,3,28,富邦-桃園,2023-08-17,9665
00637L,元大滬深300正2,51,24,27,富邦-桃園,2023-08-17,9665
00795B,中信美國公債20年,27,1,26,富邦-桃園,2023-08-17,9665
6278,台表科,25,0,25,富邦-桃園,2023-08-17,9665
2890,永豐金,25,0,25,富邦-桃園,2023-08-17,9665
2834,臺企銀,26,2,24,富邦-桃園,2023-08-17,9665
2002,中鋼,26,3,23,富邦-桃園,2023-08-17,9665
1565,精華,23,0,23,富邦-桃園,2023-08-17,9665
3715,定穎投控,83,60,23,富邦-桃園,2023-08-17,9665
2633,台灣高鐵,22,0,22,富邦-桃園,2023-08-17,9665
4167,松瑞藥,22,0,22,富邦-桃園,2023-08-17,9665
1513,中興電,29,7,22,富邦-桃園,2023-08-17,9665
6770,力積電,37,16,21,富邦-桃園,2023-08-17,9665
3306,鼎天,48,27,21,富邦-桃園,2023-08-17,9665
00650L,復華香港正2,21,0,21,富邦-桃園,2023-08-17,9665
00773B,中信優先金融債,20,0,20,富邦-桃園,2023-08-17,9665
1709,和益,20,0,20,富邦-桃園,2023-08-17,9665
2401,凌陽,52,33,19,富邦-桃園,2023-08-17,9665
0050,元大台灣50,23,5,18,富邦-桃園,2023-08-17,9665
00929,復華台灣科技優息,567,20,547,富邦-桃園,2023-08-18,9665
2353,宏��,336,40,296,富邦-桃園,2023-08-18,9665
6282,康舒,209,24,185,富邦-桃園,2023-08-18,9665
3231,緯創,392,222,170,富邦-桃園,2023-08-18,9665
00673R,期元大S＆P原油反1,208,40,168,富邦-桃園,2023-08-18,9665
2610,華航,190,39,151,富邦-桃園,2023-08-18,9665
00913,兆豐台灣晶圓製造,102,0,102,富邦-桃園,2023-08-18,9665
1609,大亞,122,25,97,富邦-桃園,2023-08-18,9665
3706,神達,232,151,81,富邦-桃園,2023-08-18,9665
2329,華泰,187,115,72,富邦-桃園,2023-08-18,9665
2409,友達,86,16,70,富邦-桃園,2023-08-18,9665
8105,凌巨,51,0,51,富邦-桃園,2023-08-18,9665
4916,事欣科,50,0,50,富邦-桃園,2023-08-18,9665
2356,英業達,203,154,49,富邦-桃園,2023-08-18,9665
2402,毅嘉,103,55,48,富邦-桃園,2023-08-18,9665
2324,仁寶,320,276,44,富邦-桃園,2023-08-18,9665
3038,全台,47,4,43,富邦-桃園,2023-08-18,9665
1905,華紙,57,14,43,富邦-桃園,2023-08-18,9665
0056,元大高股息,48,5,43,富邦-桃園,2023-08-18,9665
6470,宇智,45,3,42,富邦-桃園,2023-08-18,9665
2913,農林,43,2,41,富邦-桃園,2023-08-18,9665
2457,飛宏,63,26,37,富邦-桃園,2023-08-18,9665
2609,陽明,77,41,36,富邦-桃園,2023-08-18,9665
00679B,元大美債20年,43,8,35,富邦-桃園,2023-08-18,9665
4906,正文,80,46,34,富邦-桃園,2023-08-18,9665
00923,群益台ESG低碳50,42,8,34,富邦-桃園,2023-08-18,9665
2313,華通,38,6,32,富邦-桃園,2023-08-18,9665
00633L,富邦上証正2,31,0,31,富邦-桃園,2023-08-18,9665
2355,敬鵬,39,9,30,富邦-桃園,2023-08-18,9665
2371,大同,36,7,29,富邦-桃園,2023-08-18,9665
6218,豪勉,33,5,28,富邦-桃園,2023-08-18,9665
2530,華建,27,0,27,富邦-桃園,2023-08-18,9665
3056,富華新,31,5,26,富邦-桃園,2023-08-18,9665
3035,智原,58,32,26,富邦-桃園,2023-08-18,9665
2317,鴻海,30,5,25,富邦-桃園,2023-08-18,9665
6672,騰輝電子-KY,28,3,25,富邦-桃園,2023-08-18,9665
00637L,元大滬深300正2,40,16,24,富邦-桃園,2023-08-18,9665
2637,慧洋-KY,229,205,24,富邦-桃園,2023-08-18,9665
2027,大成鋼,25,2,23,富邦-桃園,2023-08-18,9665
00665L,富邦�琤肭磪囓�2,23,0,23,富邦-桃園,2023-08-18,9665
2352,佳世達,29,7,22,富邦-桃園,2023-08-18,9665
00712,復華富時不動產,88,66,22,富邦-桃園,2023-08-18,9665
00930,永豐ESG低碳高息,22,0,22,富邦-桃園,2023-08-18,9665
9904,寶成,21,0,21,富邦-桃園,2023-08-18,9665
2834,臺企銀,27,6,21,富邦-桃園,2023-08-18,9665
2884,玉山金,23,2,21,富邦-桃園,2023-08-18,9665
3704,合勤控,24,4,20,富邦-桃園,2023-08-18,9665
6125,廣運,28,8,20,富邦-桃園,2023-08-18,9665
2641,正德,21,3,18,富邦-桃園,2023-08-18,9665
00720B,元大投資級公司債,43,25,18,富邦-桃園,2023-08-18,9665
00642U,期元大S＆P石油,450,4,446,富邦-桃園,2023-08-21,9665
00882,中信中國高股息,256,20,236,富邦-桃園,2023-08-21,9665
2363,矽統,289,128,161,富邦-桃園,2023-08-21,9665
00687B,國泰20年美債,148,12,136,富邦-桃園,2023-08-21,9665
2606,裕民,111,11,100,富邦-桃園,2023-08-21,9665
00637L,元大滬深300正2,107,8,99,富邦-桃園,2023-08-21,9665
00929,復華台灣科技優息,143,52,91,富邦-桃園,2023-08-21,9665
3715,定穎投控,116,26,90,富邦-桃園,2023-08-21,9665
3051,力特,114,44,70,富邦-桃園,2023-08-21,9665
2344,華邦電,67,1,66,富邦-桃園,2023-08-21,9665
00751B,元大AAA至A公司債,58,1,57,富邦-桃園,2023-08-21,9665
6691,洋基工程,50,0,50,富邦-桃園,2023-08-21,9665
2609,陽明,49,2,47,富邦-桃園,2023-08-21,9665
6026,福邦證,45,0,45,富邦-桃園,2023-08-21,9665
2457,飛宏,60,18,42,富邦-桃園,2023-08-21,9665
1471,首利,47,8,39,富邦-桃園,2023-08-21,9665
00753L,中信中國50正2,61,22,39,富邦-桃園,2023-08-21,9665
2886,兆豐金,37,0,37,富邦-桃園,2023-08-21,9665
00885,富邦越南,299,263,36,富邦-桃園,2023-08-21,9665
2618,長榮航,66,34,32,富邦-桃園,2023-08-21,9665
00900,富邦特選高股息30,42,10,32,富邦-桃園,2023-08-21,9665
2388,威盛,36,5,31,富邦-桃園,2023-08-21,9665
3363,上詮,33,3,30,富邦-桃園,2023-08-21,9665
2884,玉山金,33,3,30,富邦-桃園,2023-08-21,9665
2892,第一金,29,0,29,富邦-桃園,2023-08-21,9665
2409,友達,31,3,28,富邦-桃園,2023-08-21,9665
1444,力麗,40,12,28,富邦-桃園,2023-08-21,9665
1417,嘉裕,27,0,27,富邦-桃園,2023-08-21,9665
2615,萬海,23,0,23,富邦-桃園,2023-08-21,9665
6139,亞翔,38,15,23,富邦-桃園,2023-08-21,9665
00712,復華富時不動產,22,0,22,富邦-桃園,2023-08-21,9665
6005,群益證,21,0,21,富邦-桃園,2023-08-21,9665
2495,普安,20,0,20,富邦-桃園,2023-08-21,9665
2382,廣達,90,72,18,富邦-桃園,2023-08-21,9665
2520,冠德,17,0,17,富邦-桃園,2023-08-21,9665
2408,南亞科,16,0,16,富邦-桃園,2023-08-21,9665
0050,元大台灣50,16,0,16,富邦-桃園,2023-08-21,9665
1101,台泥,17,1,16,富邦-桃園,2023-08-21,9665
1504,東元,16,1,15,富邦-桃園,2023-08-21,9665
2641,正德,15,0,15,富邦-桃園,2023-08-21,9665
2303,聯電,23,9,14,富邦-桃園,2023-08-21,9665
00720B,元大投資級公司債,13,0,13,富邦-桃園,2023-08-21,9665
00931B,統一美債20年,15,3,12,富邦-桃園,2023-08-21,9665
3583,辛耘,19,7,12,富邦-桃園,2023-08-21,9665
6116,彩晶,12,0,12,富邦-桃園,2023-08-21,9665
3338,泰碩,13,1,12,富邦-桃園,2023-08-21,9665
5340,建榮,14,2,12,富邦-桃園,2023-08-21,9665
6188,廣明,14,2,12,富邦-桃園,2023-08-21,9665
2883,凱基金,12,1,11,富邦-桃園,2023-08-21,9665
2887,台新金,14,3,11,富邦-桃園,2023-08-21,9665
2618,長榮航,217,65,152,富邦-桃園,2023-08-22,9665
00679B,元大美債20年,131,13,118,富邦-桃園,2023-08-22,9665
00929,復華台灣科技優息,120,4,116,富邦-桃園,2023-08-22,9665
6282,康舒,119,13,106,富邦-桃園,2023-08-22,9665
3305,昇貿,104,8,96,富邦-桃園,2023-08-22,9665
2891,中信金,83,10,73,富邦-桃園,2023-08-22,9665
6116,彩晶,72,10,62,富邦-桃園,2023-08-22,9665
3051,力特,87,37,50,富邦-桃園,2023-08-22,9665
2886,兆豐金,50,2,48,富邦-桃園,2023-08-22,9665
2324,仁寶,85,43,42,富邦-桃園,2023-08-22,9665
5355,佳總,39,0,39,富邦-桃園,2023-08-22,9665
00900,富邦特選高股息30,40,2,38,富邦-桃園,2023-08-22,9665
00637L,元大滬深300正2,37,0,37,富邦-桃園,2023-08-22,9665
3325,旭品,54,17,37,富邦-桃園,2023-08-22,9665
2002,中鋼,41,6,35,富邦-桃園,2023-08-22,9665
2382,廣達,109,75,34,富邦-桃園,2023-08-22,9665
2363,矽統,207,172,35,富邦-桃園,2023-08-22,9665
2449,京元電子,107,73,34,富邦-桃園,2023-08-22,9665
2303,聯電,36,2,34,富邦-桃園,2023-08-22,9665
3078,僑威,44,11,33,富邦-桃園,2023-08-22,9665
1444,力麗,42,10,32,富邦-桃園,2023-08-22,9665
2645,長榮航太,33,3,30,富邦-桃園,2023-08-22,9665
2323,中環,30,1,29,富邦-桃園,2023-08-22,9665
1471,首利,41,14,27,富邦-桃園,2023-08-22,9665
2352,佳世達,31,4,27,富邦-桃園,2023-08-22,9665
1513,中興電,30,6,24,富邦-桃園,2023-08-22,9665
00882,中信中國高股息,23,0,23,富邦-桃園,2023-08-22,9665
6108,競國,29,6,23,富邦-桃園,2023-08-22,9665
00922,國泰台灣領袖50,20,0,20,富邦-桃園,2023-08-22,9665
00638R,元大滬深300反1,20,0,20,富邦-桃園,2023-08-22,9665
4432,銘旺實,20,0,20,富邦-桃園,2023-08-22,9665
2488,漢平,20,0,20,富邦-桃園,2023-08-22,9665
6125,廣運,67,47,20,富邦-桃園,2023-08-22,9665
6691,洋基工程,19,0,19,富邦-桃園,2023-08-22,9665
2421,建準,63,45,18,富邦-桃園,2023-08-22,9665
00687B,國泰20年美債,18,0,18,富邦-桃園,2023-08-22,9665
1609,大亞,22,4,18,富邦-桃園,2023-08-22,9665
00753L,中信中國50正2,18,0,18,富邦-桃園,2023-08-22,9665
4931,新盛力,20,3,17,富邦-桃園,2023-08-22,9665
8046,南電,21,4,17,富邦-桃園,2023-08-22,9665
2884,玉山金,16,0,16,富邦-桃園,2023-08-22,9665
1905,華紙,19,3,16,富邦-桃園,2023-08-22,9665
3045,台灣大,15,0,15,富邦-桃園,2023-08-22,9665
3548,兆利,15,0,15,富邦-桃園,2023-08-22,9665
2890,永豐金,14,0,14,富邦-桃園,2023-08-22,9665
00888,永豐台灣ESG,18,4,14,富邦-桃園,2023-08-22,9665
00923,群益台ESG低碳50,14,0,14,富邦-桃園,2023-08-22,9665
4746,台耀,19,5,14,富邦-桃園,2023-08-22,9665
00673R,期元大S＆P原油反1,13,0,13,富邦-桃園,2023-08-22,9665
8936,國統,14,1,13,富邦-桃園,2023-08-22,9665
00674R,期元大S＆P黃金反1,200,0,200,富邦-桃園,2023-08-23,9665
2618,長榮航,258,132,126,富邦-桃園,2023-08-23,9665
2363,矽統,232,150,82,富邦-桃園,2023-08-23,9665
00931B,統一美債20年,80,4,76,富邦-桃園,2023-08-23,9665
6770,力積電,53,1,52,富邦-桃園,2023-08-23,9665
2609,陽明,53,4,49,富邦-桃園,2023-08-23,9665
2634,漢翔,104,61,43,富邦-桃園,2023-08-23,9665
1605,華新,51,16,35,富邦-桃園,2023-08-23,9665
3024,憶聲,35,0,35,富邦-桃園,2023-08-23,9665
2331,精英,39,4,35,富邦-桃園,2023-08-23,9665
6116,彩晶,44,10,34,富邦-桃園,2023-08-23,9665
00922,國泰台灣領袖50,35,2,33,富邦-桃園,2023-08-23,9665
3044,健鼎,44,12,32,富邦-桃園,2023-08-23,9665
6125,廣運,47,16,31,富邦-桃園,2023-08-23,9665
2515,中工,30,0,30,富邦-桃園,2023-08-23,9665
3051,力特,128,100,28,富邦-桃園,2023-08-23,9665
2603,長榮,33,5,28,富邦-桃園,2023-08-23,9665
2486,一詮,53,29,24,富邦-桃園,2023-08-23,9665
00642U,期元大S＆P石油,25,1,24,富邦-桃園,2023-08-23,9665
2887,台新金,25,1,24,富邦-桃園,2023-08-23,9665
3675,德微,24,1,23,富邦-桃園,2023-08-23,9665
3264,欣銓,32,9,23,富邦-桃園,2023-08-23,9665
2344,華邦電,36,14,22,富邦-桃園,2023-08-23,9665
2382,廣達,86,66,20,富邦-桃園,2023-08-23,9665
2886,兆豐金,20,0,20,富邦-桃園,2023-08-23,9665
2312,金寶,22,2,20,富邦-桃園,2023-08-23,9665
8088,品安,20,0,20,富邦-桃園,2023-08-23,9665
2002,中鋼,30,11,19,富邦-桃園,2023-08-23,9665
4155,訊映,20,1,19,富邦-桃園,2023-08-23,9665
00923,群益台ESG低碳50,20,1,19,富邦-桃園,2023-08-23,9665
2303,聯電,32,13,19,富邦-桃園,2023-08-23,9665
00919,群益台灣精選高息,17,0,17,富邦-桃園,2023-08-23,9665
00680L,元大美債20正2,17,0,17,富邦-桃園,2023-08-23,9665
1444,力麗,16,0,16,富邦-桃園,2023-08-23,9665
6169,昱泉,16,0,16,富邦-桃園,2023-08-23,9665
2453,凌群,18,2,16,富邦-桃園,2023-08-23,9665
2031,新光鋼,16,0,16,富邦-桃園,2023-08-23,9665
00687B,國泰20年美債,17,2,15,富邦-桃園,2023-08-23,9665
00902,中信電池及儲能,14,0,14,富邦-桃園,2023-08-23,9665
4746,台耀,15,1,14,富邦-桃園,2023-08-23,9665
6182,合晶,14,1,13,富邦-桃園,2023-08-23,9665
3704,合勤控,20,6,14,富邦-桃園,2023-08-23,9665
1504,東元,16,3,13,富邦-桃園,2023-08-23,9665
1737,臺鹽,15,2,13,富邦-桃園,2023-08-23,9665
00753L,中信中國50正2,23,10,13,富邦-桃園,2023-08-23,9665
3325,旭品,16,4,12,富邦-桃園,2023-08-23,9665
2419,仲琦,24,13,11,富邦-桃園,2023-08-23,9665
00772B,中信高評級公司債,11,1,10,富邦-桃園,2023-08-23,9665
2888,新光金,10,0,10,富邦-桃園,2023-08-23,9665
00708L,期元大S＆P黃金正2,10,0,10,富邦-桃園,2023-08-23,9665
2363,矽統,529,365,164,富邦-桃園,2023-08-24,9665
00929,復華台灣科技優息,237,77,160,富邦-桃園,2023-08-24,9665
00882,中信中國高股息,176,50,126,富邦-桃園,2023-08-24,9665
3265,台星科,104,4,100,富邦-桃園,2023-08-24,9665
00632R,元大台灣50反1,117,34,83,富邦-桃園,2023-08-24,9665
00633L,富邦上証正2,90,10,80,富邦-桃園,2023-08-24,9665
2488,漢平,80,2,78,富邦-桃園,2023-08-24,9665
3231,緯創,363,295,68,富邦-桃園,2023-08-24,9665
00922,國泰台灣領袖50,71,15,56,富邦-桃園,2023-08-24,9665
00931B,統一美債20年,54,0,54,富邦-桃園,2023-08-24,9665
00900,富邦特選高股息30,87,42,45,富邦-桃園,2023-08-24,9665
2317,鴻海,102,57,45,富邦-桃園,2023-08-24,9665
00680L,元大美債20正2,44,0,44,富邦-桃園,2023-08-24,9665
8033,雷虎,53,10,43,富邦-桃園,2023-08-24,9665
3706,神達,132,94,38,富邦-桃園,2023-08-24,9665
2884,玉山金,38,0,38,富邦-桃園,2023-08-24,9665
2618,長榮航,130,97,33,富邦-桃園,2023-08-24,9665
6005,群益證,32,0,32,富邦-桃園,2023-08-24,9665
1528,恩德,50,18,32,富邦-桃園,2023-08-24,9665
3078,僑威,42,10,32,富邦-桃園,2023-08-24,9665
6188,廣明,41,11,30,富邦-桃園,2023-08-24,9665
00895,富邦未來車,36,6,30,富邦-桃園,2023-08-24,9665
3035,智原,43,15,28,富邦-桃園,2023-08-24,9665
3483,力致,46,19,27,富邦-桃園,2023-08-24,9665
2344,華邦電,54,29,25,富邦-桃園,2023-08-24,9665
2913,農林,28,3,25,富邦-桃園,2023-08-24,9665
2002,中鋼,27,2,25,富邦-桃園,2023-08-24,9665
1605,華新,27,3,24,富邦-桃園,2023-08-24,9665
1417,嘉裕,22,0,22,富邦-桃園,2023-08-24,9665
2610,華航,35,14,21,富邦-桃園,2023-08-24,9665
2419,仲琦,68,48,20,富邦-桃園,2023-08-24,9665
00727B,國泰優選非投等債,20,0,20,富邦-桃園,2023-08-24,9665
3518,柏騰,20,0,20,富邦-桃園,2023-08-24,9665
2367,燿華,22,2,20,富邦-桃園,2023-08-24,9665
6541,泰福-KY,20,0,20,富邦-桃園,2023-08-24,9665
4155,訊映,20,0,20,富邦-桃園,2023-08-24,9665
1737,臺鹽,24,5,19,富邦-桃園,2023-08-24,9665
00907,永豐優息存股,19,0,19,富邦-桃園,2023-08-24,9665
2453,凌群,19,0,19,富邦-桃園,2023-08-24,9665
2102,泰豐,17,0,17,富邦-桃園,2023-08-24,9665
00664R,國泰臺灣加權反1,20,3,17,富邦-桃園,2023-08-24,9665
4906,正文,26,11,15,富邦-桃園,2023-08-24,9665
2413,環科,15,0,15,富邦-桃園,2023-08-24,9665
3024,憶聲,15,0,15,富邦-桃園,2023-08-24,9665
2485,兆赫,45,30,15,富邦-桃園,2023-08-24,9665
6470,宇智,15,1,14,富邦-桃園,2023-08-24,9665
6274,台燿,23,10,13,富邦-桃園,2023-08-24,9665
5607,遠雄港,13,0,13,富邦-桃園,2023-08-24,9665
2634,漢翔,71,58,13,富邦-桃園,2023-08-24,9665
6148,驊宏資,14,2,12,富邦-桃園,2023-08-24,9665
00673R,期元大S＆P原油反1,1090,10,1080,富邦-桃園,2023-08-25,9665
9105,泰金寶-DR,595,0,595,富邦-桃園,2023-08-25,9665
00878,國泰永續高股息,391,5,386,富邦-桃園,2023-08-25,9665
00919,群益台灣精選高息,305,3,302,富邦-桃園,2023-08-25,9665
3231,緯創,407,132,275,富邦-桃園,2023-08-25,9665
2618,長榮航,202,42,160,富邦-桃園,2023-08-25,9665
00893,國泰智能電動車,120,3,117,富邦-桃園,2023-08-25,9665
00929,復華台灣科技優息,196,86,110,富邦-桃園,2023-08-25,9665
00632R,元大台灣50反1,168,62,106,富邦-桃園,2023-08-25,9665
00900,富邦特選高股息30,112,6,106,富邦-桃園,2023-08-25,9665
2105,正新,100,0,100,富邦-桃園,2023-08-25,9665
3706,神達,92,8,84,富邦-桃園,2023-08-25,9665
2634,漢翔,95,22,73,富邦-桃園,2023-08-25,9665
2382,廣達,134,64,70,富邦-桃園,2023-08-25,9665
00753L,中信中國50正2,74,5,69,富邦-桃園,2023-08-25,9665
00670L,富邦NASDAQ正2,54,0,54,富邦-桃園,2023-08-25,9665
2312,金寶,51,3,48,富邦-桃園,2023-08-25,9665
4919,新唐,50,3,47,富邦-桃園,2023-08-25,9665
8234,新漢,34,0,34,富邦-桃園,2023-08-25,9665
0056,元大高股息,38,4,34,富邦-桃園,2023-08-25,9665
4155,訊映,35,3,32,富邦-桃園,2023-08-25,9665
3715,定穎投控,53,24,29,富邦-桃園,2023-08-25,9665
8926,台汽電,28,1,27,富邦-桃園,2023-08-25,9665
2328,廣宇,27,0,27,富邦-桃園,2023-08-25,9665
00679B,元大美債20年,29,2,27,富邦-桃園,2023-08-25,9665
2486,一詮,28,2,26,富邦-桃園,2023-08-25,9665
4417,金洲,26,0,26,富邦-桃園,2023-08-25,9665
2610,華航,55,29,26,富邦-桃園,2023-08-25,9665
2002,中鋼,30,6,24,富邦-桃園,2023-08-25,9665
2399,映泰,29,5,24,富邦-桃園,2023-08-25,9665
00895,富邦未來車,23,0,23,富邦-桃園,2023-08-25,9665
2101,南港,23,0,23,富邦-桃園,2023-08-25,9665
00712,復華富時不動產,24,3,21,富邦-桃園,2023-08-25,9665
4967,十銓,21,0,21,富邦-桃園,2023-08-25,9665
2890,永豐金,20,0,20,富邦-桃園,2023-08-25,9665
3094,聯傑,34,14,20,富邦-桃園,2023-08-25,9665
2891,中信金,21,2,19,富邦-桃園,2023-08-25,9665
2409,友達,24,5,19,富邦-桃園,2023-08-25,9665
0050,元大台灣50,20,1,19,富邦-桃園,2023-08-25,9665
00881,國泰台灣5G+,19,1,18,富邦-桃園,2023-08-25,9665
9904,寶成,18,0,18,富邦-桃園,2023-08-25,9665
2330,台積電,19,2,17,富邦-桃園,2023-08-25,9665
00830,國泰費城半導體,17,0,17,富邦-桃園,2023-08-25,9665
4533,協易機,20,4,16,富邦-桃園,2023-08-25,9665
2376,技嘉,41,25,16,富邦-桃園,2023-08-25,9665
6282,康舒,26,11,15,富邦-桃園,2023-08-25,9665
5011,久陽,15,0,15,富邦-桃園,2023-08-25,9665
2880,華南金,17,2,15,富邦-桃園,2023-08-25,9665
3017,奇鋐,27,13,14,富邦-桃園,2023-08-25,9665
00903,富邦元宇宙,14,0,14,富邦-桃園,2023-08-25,9665
9105,泰金寶-DR,405,0,405,富邦-桃園,2023-08-28,9665
00929,復華台灣科技優息,362,45,317,富邦-桃園,2023-08-28,9665
4906,正文,268,49,219,富邦-桃園,2023-08-28,9665
2331,精英,343,126,217,富邦-桃園,2023-08-28,9665
00878,國泰永續高股息,201,59,142,富邦-桃園,2023-08-28,9665
2449,京元電子,150,35,115,富邦-桃園,2023-08-28,9665
00673R,期元大S＆P原油反1,102,0,102,富邦-桃園,2023-08-28,9665
2022,聚亨,92,1,91,富邦-桃園,2023-08-28,9665
00637L,元大滬深300正2,374,306,68,富邦-桃園,2023-08-28,9665
00919,群益台灣精選高息,63,0,63,富邦-桃園,2023-08-28,9665
2610,華航,83,23,60,富邦-桃園,2023-08-28,9665
3548,兆利,80,23,57,富邦-桃園,2023-08-28,9665
2388,威盛,115,62,53,富邦-桃園,2023-08-28,9665
2382,廣達,92,43,49,富邦-桃園,2023-08-28,9665
2352,佳世達,47,0,47,富邦-桃園,2023-08-28,9665
00632R,元大台灣50反1,79,34,45,富邦-桃園,2023-08-28,9665
2609,陽明,59,16,43,富邦-桃園,2023-08-28,9665
00679B,元大美債20年,42,0,42,富邦-桃園,2023-08-28,9665
3231,緯創,239,202,37,富邦-桃園,2023-08-28,9665
00674R,期元大S＆P黃金反1,35,0,35,富邦-桃園,2023-08-28,9665
2355,敬鵬,34,0,34,富邦-桃園,2023-08-28,9665
00882,中信中國高股息,147,114,33,富邦-桃園,2023-08-28,9665
3051,力特,80,53,27,富邦-桃園,2023-08-28,9665
9958,世紀鋼,25,0,25,富邦-桃園,2023-08-28,9665
2468,華經,36,12,24,富邦-桃園,2023-08-28,9665
3062,建漢,24,1,23,富邦-桃園,2023-08-28,9665
3528,安馳,24,2,22,富邦-桃園,2023-08-28,9665
00727B,國泰優選非投等債,20,0,20,富邦-桃園,2023-08-28,9665
00715L,期街口布蘭特正2,20,0,20,富邦-桃園,2023-08-28,9665
00751B,元大AAA至A公司債,20,1,19,富邦-桃園,2023-08-28,9665
8050,廣積,23,4,19,富邦-桃園,2023-08-28,9665
0056,元大高股息,22,5,17,富邦-桃園,2023-08-28,9665
8103,瀚荃,17,0,17,富邦-桃園,2023-08-28,9665
3518,柏騰,17,0,17,富邦-桃園,2023-08-28,9665
2723,美食-KY,19,2,17,富邦-桃園,2023-08-28,9665
5465,富驊,21,4,17,富邦-桃園,2023-08-28,9665
00722B,群益投資級電信債,17,0,17,富邦-桃園,2023-08-28,9665
2345,智邦,18,1,17,富邦-桃園,2023-08-28,9665
2301,光寶科,29,13,16,富邦-桃園,2023-08-28,9665
00752,中信中國50,16,0,16,富邦-桃園,2023-08-28,9665
2344,華邦電,20,4,16,富邦-桃園,2023-08-28,9665
4908,前鼎,16,0,16,富邦-桃園,2023-08-28,9665
3481,群創,88,72,16,富邦-桃園,2023-08-28,9665
1737,臺鹽,54,38,16,富邦-桃園,2023-08-28,9665
2520,冠德,15,0,15,富邦-桃園,2023-08-28,9665
3323,加百裕,15,0,15,富邦-桃園,2023-08-28,9665
2834,臺企銀,15,0,15,富邦-桃園,2023-08-28,9665
6156,松上,64,50,14,富邦-桃園,2023-08-28,9665
2371,大同,14,0,14,富邦-桃園,2023-08-28,9665
5452,佶優,15,1,14,富邦-桃園,2023-08-28,9665
6282,康舒,339,2,337,富邦-桃園,2023-08-29,9665
00929,復華台灣科技優息,305,2,303,富邦-桃園,2023-08-29,9665
00878,國泰永續高股息,193,36,157,富邦-桃園,2023-08-29,9665
4919,新唐,105,3,102,富邦-桃園,2023-08-29,9665
1589,永冠-KY,100,0,100,富邦-桃園,2023-08-29,9665
2317,鴻海,97,19,78,富邦-桃園,2023-08-29,9665
3051,力特,77,26,51,富邦-桃園,2023-08-29,9665
2303,聯電,59,12,47,富邦-桃園,2023-08-29,9665
00919,群益台灣精選高息,42,0,42,富邦-桃園,2023-08-29,9665
2002,中鋼,55,17,38,富邦-桃園,2023-08-29,9665
00900,富邦特選高股息30,34,1,33,富邦-桃園,2023-08-29,9665
2402,毅嘉,60,27,33,富邦-桃園,2023-08-29,9665
3231,緯創,174,146,28,富邦-桃園,2023-08-29,9665
2485,兆赫,31,9,22,富邦-桃園,2023-08-29,9665
5258,虹堡,22,0,22,富邦-桃園,2023-08-29,9665
1440,南紡,20,0,20,富邦-桃園,2023-08-29,9665
00773B,中信優先金融債,20,0,20,富邦-桃園,2023-08-29,9665
5534,長虹,20,0,20,富邦-桃園,2023-08-29,9665
00724B,群益投資級金融債,20,0,20,富邦-桃園,2023-08-29,9665
3694,海華,20,1,19,富邦-桃園,2023-08-29,9665
3481,群創,20,1,19,富邦-桃園,2023-08-29,9665
6126,信音,18,0,18,富邦-桃園,2023-08-29,9665
3163,波若威,30,12,18,富邦-桃園,2023-08-29,9665
4927,泰鼎-KY,15,0,15,富邦-桃園,2023-08-29,9665
2022,聚亨,18,5,13,富邦-桃園,2023-08-29,9665
0056,元大高股息,16,3,13,富邦-桃園,2023-08-29,9665
2634,漢翔,53,40,13,富邦-桃園,2023-08-29,9665
1409,新纖,12,0,12,富邦-桃園,2023-08-29,9665
2340,台亞,71,59,12,富邦-桃園,2023-08-29,9665
2329,華泰,38,27,11,富邦-桃園,2023-08-29,9665
1810,和成,40,29,11,富邦-桃園,2023-08-29,9665
4566,時碩工業,11,0,11,富邦-桃園,2023-08-29,9665
6202,盛群,11,0,11,富邦-桃園,2023-08-29,9665
1905,華紙,20,10,10,富邦-桃園,2023-08-29,9665
6244,茂迪,10,0,10,富邦-桃園,2023-08-29,9665
5465,富驊,12,2,10,富邦-桃園,2023-08-29,9665
00751B,元大AAA至A公司債,10,0,10,富邦-桃園,2023-08-29,9665
3213,茂訊,10,0,10,富邦-桃園,2023-08-29,9665
1584,精剛,10,0,10,富邦-桃園,2023-08-29,9665
00882,中信中國高股息,12,2,10,富邦-桃園,2023-08-29,9665
1701,中化,10,0,10,富邦-桃園,2023-08-29,9665
6509,聚和,10,0,10,富邦-桃園,2023-08-29,9665
2607,榮運,10,0,10,富邦-桃園,2023-08-29,9665
00764B,群益25年美債,10,0,10,富邦-桃園,2023-08-29,9665
2312,金寶,13,4,9,富邦-桃園,2023-08-29,9665
00795B,中信美國公債20年,8,0,8,富邦-桃園,2023-08-29,9665
2704,國賓,9,1,8,富邦-桃園,2023-08-29,9665
8150,南茂,10,2,8,富邦-桃園,2023-08-29,9665
2331,精英,152,144,8,富邦-桃園,2023-08-29,9665
00679B,元大美債20年,7,0,7,富邦-桃園,2023-08-29,9665
00642U,期元大S＆P石油,381,1,380,富邦-桃園,2023-08-30,9665
00929,復華台灣科技優息,237,43,194,富邦-桃園,2023-08-30,9665
1589,永冠-KY,135,0,135,富邦-桃園,2023-08-30,9665
2618,長榮航,192,75,117,富邦-桃園,2023-08-30,9665
6282,康舒,101,8,93,富邦-桃園,2023-08-30,9665
2610,華航,105,34,71,富邦-桃園,2023-08-30,9665
2637,慧洋-KY,69,5,64,富邦-桃園,2023-08-30,9665
2609,陽明,65,2,63,富邦-桃園,2023-08-30,9665
9945,潤泰新,70,13,57,富邦-桃園,2023-08-30,9665
1471,首利,89,38,51,富邦-桃園,2023-08-30,9665
2449,京元電子,100,50,50,富邦-桃園,2023-08-30,9665
00673R,期元大S＆P原油反1,44,0,44,富邦-桃園,2023-08-30,9665
2468,華經,40,0,40,富邦-桃園,2023-08-30,9665
3706,神達,38,0,38,富邦-桃園,2023-08-30,9665
1409,新纖,38,0,38,富邦-桃園,2023-08-30,9665
2409,友達,38,3,35,富邦-桃園,2023-08-30,9665
00931B,統一美債20年,34,0,34,富邦-桃園,2023-08-30,9665
00922,國泰台灣領袖50,30,0,30,富邦-桃園,2023-08-30,9665
1714,和桐,30,0,30,富邦-桃園,2023-08-30,9665
2329,華泰,61,32,29,富邦-桃園,2023-08-30,9665
5009,榮剛,34,5,29,富邦-桃園,2023-08-30,9665
00919,群益台灣精選高息,31,2,29,富邦-桃園,2023-08-30,9665
00902,中信電池及儲能,27,0,27,富邦-桃園,2023-08-30,9665
00881,國泰台灣5G+,30,4,26,富邦-桃園,2023-08-30,9665
00885,富邦越南,39,13,26,富邦-桃園,2023-08-30,9665
00722B,群益投資級電信債,24,0,24,富邦-桃園,2023-08-30,9665
2002,中鋼,23,0,23,富邦-桃園,2023-08-30,9665
2892,第一金,28,5,23,富邦-桃園,2023-08-30,9665
00751B,元大AAA至A公司債,35,12,23,富邦-桃園,2023-08-30,9665
00675L,富邦臺灣加權正2,23,1,22,富邦-桃園,2023-08-30,9665
3257,虹冠電,39,17,22,富邦-桃園,2023-08-30,9665
3455,由田,21,0,21,富邦-桃園,2023-08-30,9665
2324,仁寶,35,15,20,富邦-桃園,2023-08-30,9665
00923,群益台ESG低碳50,21,1,20,富邦-桃園,2023-08-30,9665
00920,富邦ESG綠色電力,20,0,20,富邦-桃園,2023-08-30,9665
1513,中興電,19,0,19,富邦-桃園,2023-08-30,9665
8299,群聯,21,3,18,富邦-桃園,2023-08-30,9665
2439,美律,21,3,18,富邦-桃園,2023-08-30,9665
2301,光寶科,27,9,18,富邦-桃園,2023-08-30,9665
2436,偉詮電,71,54,17,富邦-桃園,2023-08-30,9665
3289,宜特,17,1,16,富邦-桃園,2023-08-30,9665
2634,漢翔,38,23,15,富邦-桃園,2023-08-30,9665
00637L,元大滬深300正2,37,22,15,富邦-桃園,2023-08-30,9665
5469,瀚宇博,17,3,14,富邦-桃園,2023-08-30,9665
3105,穩懋,17,4,13,富邦-桃園,2023-08-30,9665
2913,農林,15,2,13,富邦-桃園,2023-08-30,9665
3308,聯德,26,14,12,富邦-桃園,2023-08-30,9665
6168,宏齊,26,14,12,富邦-桃園,2023-08-30,9665
3163,波若威,19,7,12,富邦-桃園,2023-08-30,9665
5607,遠雄港,16,5,11,富邦-桃園,2023-08-30,9665
00929,復華台灣科技優息,199,10,189,富邦-桃園,2023-08-31,9665
00642U,期元大S＆P石油,251,100,151,富邦-桃園,2023-08-31,9665
2337,旺宏,216,125,91,富邦-桃園,2023-08-31,9665
1802,台玻,77,3,74,富邦-桃園,2023-08-31,9665
4564,元翎,74,8,66,富邦-桃園,2023-08-31,9665
00878,國泰永續高股息,68,10,58,富邦-桃園,2023-08-31,9665
2834,臺企銀,55,3,52,富邦-桃園,2023-08-31,9665
2891,中信金,43,0,43,富邦-桃園,2023-08-31,9665
2002,中鋼,46,3,43,富邦-桃園,2023-08-31,9665
00919,群益台灣精選高息,36,1,35,富邦-桃園,2023-08-31,9665
3213,茂訊,40,9,31,富邦-桃園,2023-08-31,9665
2618,長榮航,182,152,30,富邦-桃園,2023-08-31,9665
2892,第一金,29,0,29,富邦-桃園,2023-08-31,9665
3011,今皓,39,13,26,富邦-桃園,2023-08-31,9665
3051,力特,53,28,25,富邦-桃園,2023-08-31,9665
2399,映泰,26,1,25,富邦-桃園,2023-08-31,9665
2495,普安,43,19,24,富邦-桃園,2023-08-31,9665
00882,中信中國高股息,23,0,23,富邦-桃園,2023-08-31,9665
2884,玉山金,23,0,23,富邦-桃園,2023-08-31,9665
00673R,期元大S＆P原油反1,23,0,23,富邦-桃園,2023-08-31,9665
2303,聯電,40,17,23,富邦-桃園,2023-08-31,9665
5258,虹堡,23,2,21,富邦-桃園,2023-08-31,9665
4916,事欣科,44,23,21,富邦-桃園,2023-08-31,9665
2313,華通,31,10,21,富邦-桃園,2023-08-31,9665
2376,技嘉,55,35,20,富邦-桃園,2023-08-31,9665
00905,FT臺灣Smart,20,1,19,富邦-桃園,2023-08-31,9665
2883,凱基金,27,8,19,富邦-桃園,2023-08-31,9665
2886,兆豐金,31,12,19,富邦-桃園,2023-08-31,9665
2324,仁寶,42,23,19,富邦-桃園,2023-08-31,9665
9904,寶成,19,0,19,富邦-桃園,2023-08-31,9665
00722B,群益投資級電信債,18,0,18,富邦-桃園,2023-08-31,9665
00633L,富邦上証正2,20,2,18,富邦-桃園,2023-08-31,9665
6770,力積電,21,3,18,富邦-桃園,2023-08-31,9665
00923,群益台ESG低碳50,17,0,17,富邦-桃園,2023-08-31,9665
2401,凌陽,39,22,17,富邦-桃園,2023-08-31,9665
00637L,元大滬深300正2,20,3,17,富邦-桃園,2023-08-31,9665
6274,台燿,29,12,17,富邦-桃園,2023-08-31,9665
2881,富邦金,19,2,17,富邦-桃園,2023-08-31,9665
3715,定穎投控,110,94,16,富邦-桃園,2023-08-31,9665
2887,台新金,16,1,15,富邦-桃園,2023-08-31,9665
00680L,元大美債20正2,15,0,15,富邦-桃園,2023-08-31,9665
2354,鴻準,15,0,15,富邦-桃園,2023-08-31,9665
1905,華紙,25,12,13,富邦-桃園,2023-08-31,9665
4909,新復興,15,2,13,富邦-桃園,2023-08-31,9665
1904,正隆,14,1,13,富邦-桃園,2023-08-31,9665
6213,聯茂,66,54,12,富邦-桃園,2023-08-31,9665
00679B,元大美債20年,34,22,12,富邦-桃園,2023-08-31,9665
1519,華城,15,3,12,富邦-桃園,2023-08-31,9665
00688L,國泰20年美債正2,12,0,12,富邦-桃園,2023-08-31,9665
00645,富邦日本,12,1,11,富邦-桃園,2023-08-31,9665
3231,緯創,406,274,132,富邦-桃園,2023-09-01,9665
00919,群益台灣精選高息,127,0,127,富邦-桃園,2023-09-01,9665
00932,兆豐永續高息等權,125,0,125,富邦-桃園,2023-09-01,9665
00929,復華台灣科技優息,110,24,86,富邦-桃園,2023-09-01,9665
00673R,期元大S＆P原油反1,85,0,85,富邦-桃園,2023-09-01,9665
2363,矽統,385,313,72,富邦-桃園,2023-09-01,9665
2495,普安,65,0,65,富邦-桃園,2023-09-01,9665
00878,國泰永續高股息,83,20,63,富邦-桃園,2023-09-01,9665
0056,元大高股息,60,8,52,富邦-桃園,2023-09-01,9665
3024,憶聲,52,2,50,富邦-桃園,2023-09-01,9665
2356,英業達,72,26,46,富邦-桃園,2023-09-01,9665
2324,仁寶,53,11,42,富邦-桃園,2023-09-01,9665
6432,今展科,40,0,40,富邦-桃園,2023-09-01,9665
2485,兆赫,157,117,40,富邦-桃園,2023-09-01,9665
2883B,凱基金乙特,35,0,35,富邦-桃園,2023-09-01,9665
6719,力智,36,1,35,富邦-桃園,2023-09-01,9665
5388,中磊,33,2,31,富邦-桃園,2023-09-01,9665
2369,菱生,35,5,30,富邦-桃園,2023-09-01,9665
2027,大成鋼,27,1,26,富邦-桃園,2023-09-01,9665
1513,中興電,46,22,24,富邦-桃園,2023-09-01,9665
2376,技嘉,42,18,24,富邦-桃園,2023-09-01,9665
2516,新建,27,4,23,富邦-桃園,2023-09-01,9665
1471,首利,40,17,23,富邦-桃園,2023-09-01,9665
00922,國泰台灣領袖50,22,1,21,富邦-桃園,2023-09-01,9665
2812,台中銀,22,1,21,富邦-桃園,2023-09-01,9665
3035,智原,41,20,21,富邦-桃園,2023-09-01,9665
2382,廣達,63,42,21,富邦-桃園,2023-09-01,9665
2886,兆豐金,23,3,20,富邦-桃園,2023-09-01,9665
00706L,期元大S＆P日圓正2,20,0,20,富邦-桃園,2023-09-01,9665
2884,玉山金,25,6,19,富邦-桃園,2023-09-01,9665
3011,今皓,55,36,19,富邦-桃園,2023-09-01,9665
2609,陽明,24,6,18,富邦-桃園,2023-09-01,9665
6235,華孚,47,29,18,富邦-桃園,2023-09-01,9665
5328,華容,30,12,18,富邦-桃園,2023-09-01,9665
2880,華南金,17,0,17,富邦-桃園,2023-09-01,9665
4432,銘旺實,18,1,17,富邦-桃園,2023-09-01,9665
8210,勤誠,27,10,17,富邦-桃園,2023-09-01,9665
2436,偉詮電,23,6,17,富邦-桃園,2023-09-01,9665
2520,冠德,16,0,16,富邦-桃園,2023-09-01,9665
2316,楠梓電,17,2,15,富邦-桃園,2023-09-01,9665
3622,洋華,24,10,14,富邦-桃園,2023-09-01,9665
3042,晶技,21,7,14,富邦-桃園,2023-09-01,9665
3163,波若威,34,20,14,富邦-桃園,2023-09-01,9665
1402,遠東新,14,0,14,富邦-桃園,2023-09-01,9665
4533,協易機,15,1,14,富邦-桃園,2023-09-01,9665
00713,元大台灣高息低波,19,5,14,富邦-桃園,2023-09-01,9665
1514,亞力,16,3,13,富邦-桃園,2023-09-01,9665
00751B,元大AAA至A公司債,22,9,13,富邦-桃園,2023-09-01,9665
6125,廣運,15,2,13,富邦-桃園,2023-09-01,9665
2603,長榮,14,1,13,富邦-桃園,2023-09-01,9665
00929,復華台灣科技優息,341,74,267,富邦-桃園,2023-09-04,9665
00919,群益台灣精選高息,259,11,248,富邦-桃園,2023-09-04,9665
3231,緯創,343,159,184,富邦-桃園,2023-09-04,9665
00673R,期元大S＆P原油反1,183,0,183,富邦-桃園,2023-09-04,9665
8358,金居,142,28,114,富邦-桃園,2023-09-04,9665
2409,友達,121,9,112,富邦-桃園,2023-09-04,9665
5880,合庫金,101,5,96,富邦-桃園,2023-09-04,9665
00882,中信中國高股息,138,45,93,富邦-桃園,2023-09-04,9665
2492,華新科,85,10,75,富邦-桃園,2023-09-04,9665
00915,凱基優選高股息30,82,10,72,富邦-桃園,2023-09-04,9665
2885,元大金,68,1,67,富邦-桃園,2023-09-04,9665
1815,富喬,75,10,65,富邦-桃園,2023-09-04,9665
00795B,中信美國公債20年,64,0,64,富邦-桃園,2023-09-04,9665
2382,廣達,93,35,58,富邦-桃園,2023-09-04,9665
2201,裕隆,76,25,51,富邦-桃園,2023-09-04,9665
2891,中信金,50,6,44,富邦-桃園,2023-09-04,9665
3213,茂訊,42,0,42,富邦-桃園,2023-09-04,9665
2468,華經,41,0,41,富邦-桃園,2023-09-04,9665
00720B,元大投資級公司債,40,0,40,富邦-桃園,2023-09-04,9665
2881,富邦金,47,8,39,富邦-桃園,2023-09-04,9665
00696B,富邦美債20年,38,0,38,富邦-桃園,2023-09-04,9665
2388,威盛,82,46,36,富邦-桃園,2023-09-04,9665
00770,國泰北美科技,67,32,35,富邦-桃園,2023-09-04,9665
2344,華邦電,34,5,29,富邦-桃園,2023-09-04,9665
5381,合正,150,122,28,富邦-桃園,2023-09-04,9665
00679B,元大美債20年,29,2,27,富邦-桃園,2023-09-04,9665
2002,中鋼,35,10,25,富邦-桃園,2023-09-04,9665
1802,台玻,67,42,25,富邦-桃園,2023-09-04,9665
3481,群創,24,1,23,富邦-桃園,2023-09-04,9665
00772B,中信高評級公司債,23,0,23,富邦-桃園,2023-09-04,9665
2331,精英,24,2,22,富邦-桃園,2023-09-04,9665
00725B,國泰投資級公司債,24,2,22,富邦-桃園,2023-09-04,9665
00862B,中信投資級公司債,21,0,21,富邦-桃園,2023-09-04,9665
00931B,統一美債20年,21,0,21,富邦-桃園,2023-09-04,9665
2393,億光,20,0,20,富邦-桃園,2023-09-04,9665
1304,台聚,20,0,20,富邦-桃園,2023-09-04,9665
2317,鴻海,44,24,20,富邦-桃園,2023-09-04,9665
2023,燁輝,20,1,19,富邦-桃園,2023-09-04,9665
8086,宏捷科,25,6,19,富邦-桃園,2023-09-04,9665
9927,泰銘,23,5,18,富邦-桃園,2023-09-04,9665
3511,矽瑪,20,4,16,富邦-桃園,2023-09-04,9665
2354,鴻準,16,0,16,富邦-桃園,2023-09-04,9665
2436,偉詮電,40,24,16,富邦-桃園,2023-09-04,9665
8222,寶一,17,2,15,富邦-桃園,2023-09-04,9665
6282,康舒,33,18,15,富邦-桃園,2023-09-04,9665
2376,技嘉,23,8,15,富邦-桃園,2023-09-04,9665
6418,詠昇,23,8,15,富邦-桃園,2023-09-04,9665
8110,華東,15,0,15,富邦-桃園,2023-09-04,9665
00878,國泰永續高股息,71,57,14,富邦-桃園,2023-09-04,9665
6432,今展科,15,1,14,富邦-桃園,2023-09-04,9665
00929,復華台灣科技優息,497,31,466,富邦-桃園,2023-09-05,9665
00919,群益台灣精選高息,329,4,325,富邦-桃園,2023-09-05,9665
00915,凱基優選高股息30,135,6,129,富邦-桃園,2023-09-05,9665
2488,漢平,137,9,128,富邦-桃園,2023-09-05,9665
00637L,元大滬深300正2,78,10,68,富邦-桃園,2023-09-05,9665
2618,長榮航,66,10,56,富邦-桃園,2023-09-05,9665
00931B,統一美債20年,42,0,42,富邦-桃園,2023-09-05,9665
00927,群益半導體收益,40,0,40,富邦-桃園,2023-09-05,9665
2409,友達,42,6,36,富邦-桃園,2023-09-05,9665
00932,兆豐永續高息等權,45,9,36,富邦-桃園,2023-09-05,9665
2886,兆豐金,33,0,33,富邦-桃園,2023-09-05,9665
00751B,元大AAA至A公司債,31,0,31,富邦-桃園,2023-09-05,9665
8064,東捷,30,0,30,富邦-桃園,2023-09-05,9665
3169,亞信,31,3,28,富邦-桃園,2023-09-05,9665
00679B,元大美債20年,28,0,28,富邦-桃園,2023-09-05,9665
2884,玉山金,31,3,28,富邦-桃園,2023-09-05,9665
2881,富邦金,31,4,27,富邦-桃園,2023-09-05,9665
6531,愛普*,50,24,26,富邦-桃園,2023-09-05,9665
2443,昶虹,25,0,25,富邦-桃園,2023-09-05,9665
2390,云辰,25,0,25,富邦-桃園,2023-09-05,9665
2376,技嘉,50,26,24,富邦-桃園,2023-09-05,9665
4551,智伸科,25,1,24,富邦-桃園,2023-09-05,9665
8086,宏捷科,45,22,23,富邦-桃園,2023-09-05,9665
2913,農林,22,0,22,富邦-桃園,2023-09-05,9665
1307,三芳,21,0,21,富邦-桃園,2023-09-05,9665
3548,兆利,37,16,21,富邦-桃園,2023-09-05,9665
2027,大成鋼,23,3,20,富邦-桃園,2023-09-05,9665
2337,旺宏,24,5,19,富邦-桃園,2023-09-05,9665
3622,洋華,32,13,19,富邦-桃園,2023-09-05,9665
3707,漢磊,15,0,15,富邦-桃園,2023-09-05,9665
6235,華孚,38,24,14,富邦-桃園,2023-09-05,9665
00772B,中信高評級公司債,13,0,13,富邦-桃園,2023-09-05,9665
6122,擎邦,43,30,13,富邦-桃園,2023-09-05,9665
00930,永豐ESG低碳高息,15,2,13,富邦-桃園,2023-09-05,9665
6416,瑞祺電通,13,0,13,富邦-桃園,2023-09-05,9665
2392,正崴,16,3,13,富邦-桃園,2023-09-05,9665
2834,臺企銀,14,1,13,富邦-桃園,2023-09-05,9665
3704,合勤控,16,4,12,富邦-桃園,2023-09-05,9665
3338,泰碩,19,7,12,富邦-桃園,2023-09-05,9665
5488,松普,42,30,12,富邦-桃園,2023-09-05,9665
2329,華泰,18,6,12,富邦-桃園,2023-09-05,9665
6811,宏�硌穈T,37,26,11,富邦-桃園,2023-09-05,9665
4174,浩鼎,11,0,11,富邦-桃園,2023-09-05,9665
8234,新漢,11,0,11,富邦-桃園,2023-09-05,9665
00918,大華優利高填息30,11,0,11,富邦-桃園,2023-09-05,9665
1444,力麗,11,0,11,富邦-桃園,2023-09-05,9665
5328,華容,29,18,11,富邦-桃園,2023-09-05,9665
4147,中裕,13,2,11,富邦-桃園,2023-09-05,9665
3231,緯創,75,64,11,富邦-桃園,2023-09-05,9665
00725B,國泰投資級公司債,10,0,10,富邦-桃園,2023-09-05,9665
3481,群創,796,24,772,富邦-桃園,2023-09-06,9665
00929,復華台灣科技優息,545,99,446,富邦-桃園,2023-09-06,9665
00878,國泰永續高股息,218,55,163,富邦-桃園,2023-09-06,9665
2409,友達,133,27,106,富邦-桃園,2023-09-06,9665
00919,群益台灣精選高息,187,82,105,富邦-桃園,2023-09-06,9665
8358,金居,128,36,92,富邦-桃園,2023-09-06,9665
2344,華邦電,79,8,71,富邦-桃園,2023-09-06,9665
3013,晟銘電,58,7,51,富邦-桃園,2023-09-06,9665
00680L,元大美債20正2,53,2,51,富邦-桃園,2023-09-06,9665
2328,廣宇,50,0,50,富邦-桃園,2023-09-06,9665
2385,群光,50,1,49,富邦-桃園,2023-09-06,9665
00679B,元大美債20年,58,12,46,富邦-桃園,2023-09-06,9665
00930,永豐ESG低碳高息,70,24,46,富邦-桃園,2023-09-06,9665
1802,台玻,44,4,40,富邦-桃園,2023-09-06,9665
2363,矽統,341,301,40,富邦-桃園,2023-09-06,9665
1616,億泰,42,4,38,富邦-桃園,2023-09-06,9665
1101,台泥,42,7,35,富邦-桃園,2023-09-06,9665
2897,王道銀行,37,2,35,富邦-桃園,2023-09-06,9665
2884,玉山金,44,10,34,富邦-桃園,2023-09-06,9665
5381,合正,175,142,33,富邦-桃園,2023-09-06,9665
00885,富邦越南,42,9,33,富邦-桃園,2023-09-06,9665
00882,中信中國高股息,36,4,32,富邦-桃園,2023-09-06,9665
2834,臺企銀,34,2,32,富邦-桃園,2023-09-06,9665
2888,新光金,31,0,31,富邦-桃園,2023-09-06,9665
00753L,中信中國50正2,30,0,30,富邦-桃園,2023-09-06,9665
5475,德宏,30,0,30,富邦-桃園,2023-09-06,9665
3128,昇銳,30,0,30,富邦-桃園,2023-09-06,9665
2340,台亞,51,21,30,富邦-桃園,2023-09-06,9665
3045,台灣大,29,0,29,富邦-桃園,2023-09-06,9665
00918,大華優利高填息30,29,0,29,富邦-桃園,2023-09-06,9665
3592,瑞鼎,27,0,27,富邦-桃園,2023-09-06,9665
00713,元大台灣高息低波,45,19,26,富邦-桃園,2023-09-06,9665
4147,中裕,28,2,26,富邦-桃園,2023-09-06,9665
3715,定穎投控,111,87,24,富邦-桃園,2023-09-06,9665
4564,元翎,23,0,23,富邦-桃園,2023-09-06,9665
00687B,國泰20年美債,24,2,22,富邦-桃園,2023-09-06,9665
2891,中信金,42,20,22,富邦-桃園,2023-09-06,9665
2401,凌陽,60,39,21,富邦-桃園,2023-09-06,9665
5488,松普,23,2,21,富邦-桃園,2023-09-06,9665
00932,兆豐永續高息等權,24,3,21,富邦-桃園,2023-09-06,9665
2002,中鋼,21,1,20,富邦-桃園,2023-09-06,9665
4916,事欣科,31,11,20,富邦-桃園,2023-09-06,9665
00751B,元大AAA至A公司債,29,11,18,富邦-桃園,2023-09-06,9665
2376,技嘉,34,16,18,富邦-桃園,2023-09-06,9665
2881,富邦金,17,0,17,富邦-桃園,2023-09-06,9665
00915,凱基優選高股息30,49,32,17,富邦-桃園,2023-09-06,9665
00931B,統一美債20年,16,0,16,富邦-桃園,2023-09-06,9665
3043,科風,22,6,16,富邦-桃園,2023-09-06,9665
5880,合庫金,15,0,15,富邦-桃園,2023-09-06,9665
3508,位速,15,0,15,富邦-桃園,2023-09-06,9665
00929,復華台灣科技優息,671,135,536,富邦-桃園,2023-09-07,9665
00919,群益台灣精選高息,330,26,304,富邦-桃園,2023-09-07,9665
2313,華通,327,111,216,富邦-桃園,2023-09-07,9665
00632R,元大台灣50反1,252,57,195,富邦-桃園,2023-09-07,9665
1802,台玻,97,1,96,富邦-桃園,2023-09-07,9665
2614,東森,91,13,78,富邦-桃園,2023-09-07,9665
00915,凱基優選高股息30,76,0,76,富邦-桃園,2023-09-07,9665
2885,元大金,80,6,74,富邦-桃園,2023-09-07,9665
00932,兆豐永續高息等權,56,0,56,富邦-桃園,2023-09-07,9665
00918,大華優利高填息30,53,0,53,富邦-桃園,2023-09-07,9665
2884,玉山金,53,0,53,富邦-桃園,2023-09-07,9665
8261,富鼎,71,22,49,富邦-桃園,2023-09-07,9665
00773B,中信優先金融債,49,0,49,富邦-桃園,2023-09-07,9665
4147,中裕,52,7,45,富邦-桃園,2023-09-07,9665
2401,凌陽,55,11,44,富邦-桃園,2023-09-07,9665
2376,技嘉,83,40,43,富邦-桃園,2023-09-07,9665
00679B,元大美債20年,41,0,41,富邦-桃園,2023-09-07,9665
4533,協易機,95,55,40,富邦-桃園,2023-09-07,9665
5439,高技,42,4,38,富邦-桃園,2023-09-07,9665
2881,富邦金,36,0,36,富邦-桃園,2023-09-07,9665
00637L,元大滬深300正2,37,3,34,富邦-桃園,2023-09-07,9665
3231,緯創,69,36,33,富邦-桃園,2023-09-07,9665
2913,農林,30,0,30,富邦-桃園,2023-09-07,9665
00931B,統一美債20年,29,0,29,富邦-桃園,2023-09-07,9665
2618,長榮航,89,60,29,富邦-桃園,2023-09-07,9665
8112,至上,83,55,28,富邦-桃園,2023-09-07,9665
3045,台灣大,26,0,26,富邦-桃園,2023-09-07,9665
4572,駐龍,30,4,26,富邦-桃園,2023-09-07,9665
2002,中鋼,27,1,26,富邦-桃園,2023-09-07,9665
00878,國泰永續高股息,124,98,26,富邦-桃園,2023-09-07,9665
00753L,中信中國50正2,25,0,25,富邦-桃園,2023-09-07,9665
2409,友達,28,3,25,富邦-桃園,2023-09-07,9665
00900,富邦特選高股息30,27,2,25,富邦-桃園,2023-09-07,9665
00902,中信電池及儲能,25,0,25,富邦-桃園,2023-09-07,9665
2303,聯電,29,7,22,富邦-桃園,2023-09-07,9665
2887,台新金,30,10,20,富邦-桃園,2023-09-07,9665
00633L,富邦上証正2,20,0,20,富邦-桃園,2023-09-07,9665
1722,台肥,20,0,20,富邦-桃園,2023-09-07,9665
3038,全台,20,1,19,富邦-桃園,2023-09-07,9665
2382,廣達,31,13,18,富邦-桃園,2023-09-07,9665
1102,亞泥,18,0,18,富邦-桃園,2023-09-07,9665
00673R,期元大S＆P原油反1,18,0,18,富邦-桃園,2023-09-07,9665
1101,台泥,28,10,18,富邦-桃園,2023-09-07,9665
00882,中信中國高股息,19,1,18,富邦-桃園,2023-09-07,9665
2316,楠梓電,27,10,17,富邦-桃園,2023-09-07,9665
3707,漢磊,20,3,17,富邦-桃園,2023-09-07,9665
1460,宏遠,17,1,16,富邦-桃園,2023-09-07,9665
0050,元大台灣50,17,1,16,富邦-桃園,2023-09-07,9665
4915,致伸,31,16,15,富邦-桃園,2023-09-07,9665
8150,南茂,15,0,15,富邦-桃園,2023-09-07,9665
00919,群益台灣精選高息,739,12,727,富邦-桃園,2023-09-08,9665
00632R,元大台灣50反1,234,20,214,富邦-桃園,2023-09-08,9665
00929,復華台灣科技優息,340,137,203,富邦-桃園,2023-09-08,9665
00878,國泰永續高股息,279,93,186,富邦-桃園,2023-09-08,9665
2618,長榮航,232,97,135,富邦-桃園,2023-09-08,9665
3046,建��,185,64,121,富邦-桃園,2023-09-08,9665
2504,國產,100,0,100,富邦-桃園,2023-09-08,9665
2376,技嘉,89,30,59,富邦-桃園,2023-09-08,9665
00673R,期元大S＆P原油反1,60,2,58,富邦-桃園,2023-09-08,9665
00893,國泰智能電動車,58,2,56,富邦-桃園,2023-09-08,9665
2344,華邦電,53,0,53,富邦-桃園,2023-09-08,9665
9105,泰金寶-DR,84,35,49,富邦-桃園,2023-09-08,9665
5206,坤悅,46,0,46,富邦-桃園,2023-09-08,9665
2486,一詮,67,29,38,富邦-桃園,2023-09-08,9665
00637L,元大滬深300正2,78,41,37,富邦-桃園,2023-09-08,9665
00902,中信電池及儲能,34,0,34,富邦-桃園,2023-09-08,9665
6470,宇智,29,0,29,富邦-桃園,2023-09-08,9665
1305,華夏,35,6,29,富邦-桃園,2023-09-08,9665
00679B,元大美債20年,42,20,22,富邦-桃園,2023-09-08,9665
2634,漢翔,53,32,21,富邦-桃園,2023-09-08,9665
2330,台積電,24,3,21,富邦-桃園,2023-09-08,9665
00931B,統一美債20年,21,0,21,富邦-桃園,2023-09-08,9665
3045,台灣大,20,0,20,富邦-桃園,2023-09-08,9665
2913,農林,20,0,20,富邦-桃園,2023-09-08,9665
2885,元大金,20,0,20,富邦-桃園,2023-09-08,9665
00918,大華優利高填息30,19,0,19,富邦-桃園,2023-09-08,9665
00915,凱基優選高股息30,19,0,19,富邦-桃園,2023-09-08,9665
5488,松普,19,0,19,富邦-桃園,2023-09-08,9665
1101,台泥,29,10,19,富邦-桃園,2023-09-08,9665
2892,第一金,20,2,18,富邦-桃園,2023-09-08,9665
00882,中信中國高股息,18,0,18,富邦-桃園,2023-09-08,9665
2886,兆豐金,18,1,17,富邦-桃園,2023-09-08,9665
1802,台玻,18,1,17,富邦-桃園,2023-09-08,9665
6188,廣明,21,5,16,富邦-桃園,2023-09-08,9665
2390,云辰,16,0,16,富邦-桃園,2023-09-08,9665
3338,泰碩,18,2,16,富邦-桃園,2023-09-08,9665
2358,廷鑫,44,28,16,富邦-桃園,2023-09-08,9665
2301,光寶科,23,8,15,富邦-桃園,2023-09-08,9665
2002,中鋼,15,0,15,富邦-桃園,2023-09-08,9665
6125,廣運,17,2,15,富邦-桃園,2023-09-08,9665
6205,詮欣,15,0,15,富邦-桃園,2023-09-08,9665
00932,兆豐永續高息等權,17,2,15,富邦-桃園,2023-09-08,9665
2356,英業達,32,17,15,富邦-桃園,2023-09-08,9665
9958,世紀鋼,16,1,15,富邦-桃園,2023-09-08,9665
3715,定穎投控,149,134,15,富邦-桃園,2023-09-08,9665
2883,凱基金,18,4,14,富邦-桃園,2023-09-08,9665
6191,精成科,23,9,14,富邦-桃園,2023-09-08,9665
2201,裕隆,14,1,13,富邦-桃園,2023-09-08,9665
3707,漢磊,14,1,13,富邦-桃園,2023-09-08,9665
6169,昱泉,13,0,13,富邦-桃園,2023-09-08,9665
00929,復華台灣科技優息,480,162,318,富邦-桃園,2023-09-11,9665
00919,群益台灣精選高息,470,186,284,富邦-桃園,2023-09-11,9665
00878,國泰永續高股息,483,229,254,富邦-桃園,2023-09-11,9665
1471,首利,197,42,155,富邦-桃園,2023-09-11,9665
00665L,富邦�琤肭磪囓�2,101,0,101,富邦-桃園,2023-09-11,9665
6470,宇智,87,0,87,富邦-桃園,2023-09-11,9665
2382,廣達,196,109,87,富邦-桃園,2023-09-11,9665
2542,興富發,82,0,82,富邦-桃園,2023-09-11,9665
1605,華新,79,1,78,富邦-桃園,2023-09-11,9665
3030,德律,77,0,77,富邦-桃園,2023-09-11,9665
00637L,元大滬深300正2,86,23,63,富邦-桃園,2023-09-11,9665
2449,京元電子,64,3,61,富邦-桃園,2023-09-11,9665
00918,大華優利高填息30,59,0,59,富邦-桃園,2023-09-11,9665
2376,技嘉,88,30,58,富邦-桃園,2023-09-11,9665
00632R,元大台灣50反1,105,50,55,富邦-桃園,2023-09-11,9665
4906,正文,55,1,54,富邦-桃園,2023-09-11,9665
2618,長榮航,65,12,53,富邦-桃園,2023-09-11,9665
2312,金寶,56,3,53,富邦-桃園,2023-09-11,9665
0056,元大高股息,100,50,50,富邦-桃園,2023-09-11,9665
2405,輔信,73,25,48,富邦-桃園,2023-09-11,9665
2313,華通,81,39,42,富邦-桃園,2023-09-11,9665
00696B,富邦美債20年,38,0,38,富邦-桃園,2023-09-11,9665
2630,亞航,42,5,37,富邦-桃園,2023-09-11,9665
00931B,統一美債20年,36,0,36,富邦-桃園,2023-09-11,9665
00675L,富邦臺灣加權正2,53,20,33,富邦-桃園,2023-09-11,9665
1305,華夏,31,0,31,富邦-桃園,2023-09-11,9665
3027,盛達,31,1,30,富邦-桃園,2023-09-11,9665
3479,安勤,30,0,30,富邦-桃園,2023-09-11,9665
8069,元太,34,7,27,富邦-桃園,2023-09-11,9665
1618,合機,35,9,26,富邦-桃園,2023-09-11,9665
6150,撼訊,26,1,25,富邦-桃園,2023-09-11,9665
2891,中信金,38,13,25,富邦-桃園,2023-09-11,9665
2838,聯邦銀,23,0,23,富邦-桃園,2023-09-11,9665
2486,一詮,33,10,23,富邦-桃園,2023-09-11,9665
3481,群創,50,27,23,富邦-桃園,2023-09-11,9665
00930,永豐ESG低碳高息,41,20,21,富邦-桃園,2023-09-11,9665
3038,全台,21,0,21,富邦-桃園,2023-09-11,9665
3013,晟銘電,28,7,21,富邦-桃園,2023-09-11,9665
0050,元大台灣50,20,0,20,富邦-桃園,2023-09-11,9665
3022,威強電,20,0,20,富邦-桃園,2023-09-11,9665
8222,寶一,66,46,20,富邦-桃園,2023-09-11,9665
1473,台南,20,0,20,富邦-桃園,2023-09-11,9665
00751B,元大AAA至A公司債,19,0,19,富邦-桃園,2023-09-11,9665
00713,元大台灣高息低波,27,8,19,富邦-桃園,2023-09-11,9665
8112,至上,24,5,19,富邦-桃園,2023-09-11,9665
2393,億光,19,0,19,富邦-桃園,2023-09-11,9665
2368,金像電,21,3,18,富邦-桃園,2023-09-11,9665
00922,國泰台灣領袖50,19,1,18,富邦-桃園,2023-09-11,9665
00900,富邦特選高股息30,43,25,18,富邦-桃園,2023-09-11,9665
6125,廣運,19,3,16,富邦-桃園,2023-09-11,9665
2382,廣達,333,37,296,富邦-桃園,2023-09-12,9665
00929,復華台灣科技優息,416,138,278,富邦-桃園,2023-09-12,9665
00919,群益台灣精選高息,164,2,162,富邦-桃園,2023-09-12,9665
00878,國泰永續高股息,167,43,124,富邦-桃園,2023-09-12,9665
2634,漢翔,106,6,100,富邦-桃園,2023-09-12,9665
00918,大華優利高填息30,57,0,57,富邦-桃園,2023-09-12,9665
6282,康舒,77,22,55,富邦-桃園,2023-09-12,9665
6470,宇智,55,2,53,富邦-桃園,2023-09-12,9665
2027,大成鋼,52,0,52,富邦-桃園,2023-09-12,9665
00650L,復華香港正2,55,5,50,富邦-桃園,2023-09-12,9665
6125,廣運,53,5,48,富邦-桃園,2023-09-12,9665
00885,富邦越南,49,11,38,富邦-桃園,2023-09-12,9665
3264,欣銓,86,50,36,富邦-桃園,2023-09-12,9665
00891,中信關鍵半導體,48,17,31,富邦-桃園,2023-09-12,9665
8110,華東,30,0,30,富邦-桃園,2023-09-12,9665
4919,新唐,30,0,30,富邦-桃園,2023-09-12,9665
3030,德律,30,0,30,富邦-桃園,2023-09-12,9665
2323,中環,46,18,28,富邦-桃園,2023-09-12,9665
3323,加百裕,29,1,28,富邦-桃園,2023-09-12,9665
00673R,期元大S＆P原油反1,48,21,27,富邦-桃園,2023-09-12,9665
2204,中華,41,16,25,富邦-桃園,2023-09-12,9665
2538,基泰,39,15,24,富邦-桃園,2023-09-12,9665
3035,智原,36,12,24,富邦-桃園,2023-09-12,9665
2887,台新金,25,2,23,富邦-桃園,2023-09-12,9665
2399,映泰,22,0,22,富邦-桃園,2023-09-12,9665
0056,元大高股息,34,13,21,富邦-桃園,2023-09-12,9665
1471,首利,53,32,21,富邦-桃園,2023-09-12,9665
2888,新光金,30,9,21,富邦-桃園,2023-09-12,9665
2630,亞航,38,17,21,富邦-桃園,2023-09-12,9665
2427,三商電,26,6,20,富邦-桃園,2023-09-12,9665
2331,精英,22,2,20,富邦-桃園,2023-09-12,9665
00882,中信中國高股息,19,0,19,富邦-桃園,2023-09-12,9665
5009,榮剛,19,0,19,富邦-桃園,2023-09-12,9665
00930,永豐ESG低碳高息,20,2,18,富邦-桃園,2023-09-12,9665
2206,三陽工業,18,1,17,富邦-桃園,2023-09-12,9665
00722B,群益投資級電信債,16,0,16,富邦-桃園,2023-09-12,9665
2356,英業達,36,21,15,富邦-桃園,2023-09-12,9665
2884,玉山金,27,12,15,富邦-桃園,2023-09-12,9665
3071,協禧,15,1,14,富邦-桃園,2023-09-12,9665
2443,昶虹,14,0,14,富邦-桃園,2023-09-12,9665
6120,達運,25,12,13,富邦-桃園,2023-09-12,9665
1710,東聯,13,0,13,富邦-桃園,2023-09-12,9665
5381,合正,32,19,13,富邦-桃園,2023-09-12,9665
00715L,期街口布蘭特正2,20,7,13,富邦-桃園,2023-09-12,9665
2890,永豐金,18,5,13,富邦-桃園,2023-09-12,9665
2376,技嘉,48,35,13,富邦-桃園,2023-09-12,9665
00923,群益台ESG低碳50,12,0,12,富邦-桃園,2023-09-12,9665
6111,大宇資,12,0,12,富邦-桃園,2023-09-12,9665
8155,博智,15,3,12,富邦-桃園,2023-09-12,9665
00772B,中信高評級公司債,12,0,12,富邦-桃園,2023-09-12,9665
6432,今展科,424,0,424,富邦-桃園,2023-09-13,9665
00929,復華台灣科技優息,338,23,315,富邦-桃園,2023-09-13,9665
00919,群益台灣精選高息,260,52,208,富邦-桃園,2023-09-13,9665
00885,富邦越南,161,10,151,富邦-桃園,2023-09-13,9665
00665L,富邦�琤肭磪囓�2,144,30,114,富邦-桃園,2023-09-13,9665
2443,昶虹,76,0,76,富邦-桃園,2023-09-13,9665
00878,國泰永續高股息,85,21,64,富邦-桃園,2023-09-13,9665
00918,大華優利高填息30,54,0,54,富邦-桃園,2023-09-13,9665
2417,圓剛,54,4,50,富邦-桃園,2023-09-13,9665
00795B,中信美國公債20年,50,0,50,富邦-桃園,2023-09-13,9665
00900,富邦特選高股息30,47,4,43,富邦-桃園,2023-09-13,9665
00772B,中信高評級公司債,41,0,41,富邦-桃園,2023-09-13,9665
00902,中信電池及儲能,42,4,38,富邦-桃園,2023-09-13,9665
1524,耿鼎,141,104,37,富邦-桃園,2023-09-13,9665
00753L,中信中國50正2,36,0,36,富邦-桃園,2023-09-13,9665
2025,千興,38,5,33,富邦-桃園,2023-09-13,9665
2313,華通,39,10,29,富邦-桃園,2023-09-13,9665
3481,群創,29,0,29,富邦-桃園,2023-09-13,9665
00673R,期元大S＆P原油反1,27,0,27,富邦-桃園,2023-09-13,9665
1515,力山,40,16,24,富邦-桃園,2023-09-13,9665
00637L,元大滬深300正2,22,0,22,富邦-桃園,2023-09-13,9665
0056,元大高股息,26,4,22,富邦-桃園,2023-09-13,9665
2355,敬鵬,43,22,21,富邦-桃園,2023-09-13,9665
2371,大同,36,15,21,富邦-桃園,2023-09-13,9665
00633L,富邦上証正2,20,0,20,富邦-桃園,2023-09-13,9665
2105,正新,23,4,19,富邦-桃園,2023-09-13,9665
1903,士紙,18,0,18,富邦-桃園,2023-09-13,9665
00931B,統一美債20年,18,1,17,富邦-桃園,2023-09-13,9665
2317,鴻海,24,9,15,富邦-桃園,2023-09-13,9665
3037,欣興,19,4,15,富邦-桃園,2023-09-13,9665
3213,茂訊,18,3,15,富邦-桃園,2023-09-13,9665
2610,華航,29,15,14,富邦-桃園,2023-09-13,9665
6691,洋基工程,28,14,14,富邦-桃園,2023-09-13,9665
00830,國泰費城半導體,14,0,14,富邦-桃園,2023-09-13,9665
4915,致伸,20,7,13,富邦-桃園,2023-09-13,9665
1609,大亞,12,0,12,富邦-桃園,2023-09-13,9665
1568,倉佑,23,11,12,富邦-桃園,2023-09-13,9665
3588,通嘉,15,3,12,富邦-桃園,2023-09-13,9665
3363,上詮,46,34,12,富邦-桃園,2023-09-13,9665
00882,中信中國高股息,12,1,11,富邦-桃園,2023-09-13,9665
3694,海華,25,14,11,富邦-桃園,2023-09-13,9665
2002,中鋼,12,1,11,富邦-桃園,2023-09-13,9665
2887,台新金,11,0,11,富邦-桃園,2023-09-13,9665
3711,日月光投控,10,0,10,富邦-桃園,2023-09-13,9665
2409,友達,10,0,10,富邦-桃園,2023-09-13,9665
2852,第一保,10,0,10,富邦-桃園,2023-09-13,9665
2542,興富發,10,0,10,富邦-桃園,2023-09-13,9665
4721,美琪瑪,10,0,10,富邦-桃園,2023-09-13,9665
8916,光隆,10,0,10,富邦-桃園,2023-09-13,9665
6182,合晶,12,2,10,富邦-桃園,2023-09-13,9665
2618,長榮航,363,14,349,富邦-桃園,2023-09-14,9665
00929,復華台灣科技優息,448,104,344,富邦-桃園,2023-09-14,9665
00919,群益台灣精選高息,204,51,153,富邦-桃園,2023-09-14,9665
00676R,富邦臺灣加權反1,105,0,105,富邦-桃園,2023-09-14,9665
3260,威剛,77,10,67,富邦-桃園,2023-09-14,9665
3030,德律,67,0,67,富邦-桃園,2023-09-14,9665
00751B,元大AAA至A公司債,56,0,56,富邦-桃園,2023-09-14,9665
00637L,元大滬深300正2,55,0,55,富邦-桃園,2023-09-14,9665
6691,洋基工程,74,20,54,富邦-桃園,2023-09-14,9665
2371,大同,46,6,40,富邦-桃園,2023-09-14,9665
00882,中信中國高股息,37,0,37,富邦-桃園,2023-09-14,9665
00665L,富邦�琤肭磪囓�2,33,0,33,富邦-桃園,2023-09-14,9665
2640,大車隊,30,0,30,富邦-桃園,2023-09-14,9665
2363,矽統,105,76,29,富邦-桃園,2023-09-14,9665
00674R,期元大S＆P黃金反1,25,0,25,富邦-桃園,2023-09-14,9665
00631L,元大台灣50正2,25,4,21,富邦-桃園,2023-09-14,9665
2331,精英,27,6,21,富邦-桃園,2023-09-14,9665
2634,漢翔,26,5,21,富邦-桃園,2023-09-14,9665
00930,永豐ESG低碳高息,20,0,20,富邦-桃園,2023-09-14,9665
00902,中信電池及儲能,20,0,20,富邦-桃園,2023-09-14,9665
8068,全達,23,3,20,富邦-桃園,2023-09-14,9665
1815,富喬,20,0,20,富邦-桃園,2023-09-14,9665
5009,榮剛,18,1,17,富邦-桃園,2023-09-14,9665
5347,世界,17,0,17,富邦-桃園,2023-09-14,9665
00642U,期元大S＆P石油,21,5,16,富邦-桃園,2023-09-14,9665
1324,地球,16,0,16,富邦-桃園,2023-09-14,9665
2301,光寶科,31,16,15,富邦-桃園,2023-09-14,9665
3264,欣銓,46,31,15,富邦-桃園,2023-09-14,9665
00719B,元大美債1-3,15,0,15,富邦-桃園,2023-09-14,9665
3213,茂訊,18,4,14,富邦-桃園,2023-09-14,9665
4915,致伸,17,4,13,富邦-桃園,2023-09-14,9665
00694B,富邦美債1-3,13,0,13,富邦-桃園,2023-09-14,9665
4171,瑞基,13,0,13,富邦-桃園,2023-09-14,9665
4979,華星光,38,25,13,富邦-桃園,2023-09-14,9665
3481,群創,34,23,11,富邦-桃園,2023-09-14,9665
2402,毅嘉,25,14,11,富邦-桃園,2023-09-14,9665
2449,京元電子,27,16,11,富邦-桃園,2023-09-14,9665
6593,台灣銘板,13,2,11,富邦-桃園,2023-09-14,9665
2542,興富發,14,3,11,富邦-桃園,2023-09-14,9665
3706,神達,17,6,11,富邦-桃園,2023-09-14,9665
8048,德勝,31,20,11,富邦-桃園,2023-09-14,9665
2354,鴻準,18,8,10,富邦-桃園,2023-09-14,9665
00712,復華富時不動產,14,4,10,富邦-桃園,2023-09-14,9665
2204,中華,20,10,10,富邦-桃園,2023-09-14,9665
00722B,群益投資級電信債,10,0,10,富邦-桃園,2023-09-14,9665
3128,昇銳,10,0,10,富邦-桃園,2023-09-14,9665
1736,喬山,10,0,10,富邦-桃園,2023-09-14,9665
5534,長虹,10,0,10,富邦-桃園,2023-09-14,9665
1802,台玻,15,5,10,富邦-桃園,2023-09-14,9665
3322,建舜電,20,10,10,富邦-桃園,2023-09-14,9665
00929,復華台灣科技優息,762,64,698,富邦-桃園,2023-09-15,9665
00919,群益台灣精選高息,290,100,190,富邦-桃園,2023-09-15,9665
2615,萬海,221,40,181,富邦-桃園,2023-09-15,9665
2601,益航,109,0,109,富邦-桃園,2023-09-15,9665
9904,寶成,102,0,102,富邦-桃園,2023-09-15,9665
2618,長榮航,113,18,95,富邦-桃園,2023-09-15,9665
3030,德律,92,0,92,富邦-桃園,2023-09-15,9665
00632R,元大台灣50反1,113,31,82,富邦-桃園,2023-09-15,9665
00647L,元大S＆P500正2,74,0,74,富邦-桃園,2023-09-15,9665
00885,富邦越南,56,0,56,富邦-桃園,2023-09-15,9665
00679B,元大美債20年,81,25,56,富邦-桃園,2023-09-15,9665
00637L,元大滬深300正2,73,20,53,富邦-桃園,2023-09-15,9665
1722,台肥,52,0,52,富邦-桃園,2023-09-15,9665
2206,三陽工業,48,0,48,富邦-桃園,2023-09-15,9665
2495,普安,50,2,48,富邦-桃園,2023-09-15,9665
4906,正文,48,2,46,富邦-桃園,2023-09-15,9665
3481,群創,51,7,44,富邦-桃園,2023-09-15,9665
6668,中揚光,46,3,43,富邦-桃園,2023-09-15,9665
3058,立德,42,3,39,富邦-桃園,2023-09-15,9665
00696B,富邦美債20年,38,0,38,富邦-桃園,2023-09-15,9665
2401,凌陽,36,1,35,富邦-桃園,2023-09-15,9665
2331,精英,31,0,31,富邦-桃園,2023-09-15,9665
2610,華航,72,42,30,富邦-桃園,2023-09-15,9665
3057,喬鼎,30,0,30,富邦-桃園,2023-09-15,9665
2538,基泰,31,1,30,富邦-桃園,2023-09-15,9665
2002,中鋼,31,2,29,富邦-桃園,2023-09-15,9665
00918,大華優利高填息30,31,2,29,富邦-桃園,2023-09-15,9665
00931B,統一美債20年,28,0,28,富邦-桃園,2023-09-15,9665
6243,迅杰,28,0,28,富邦-桃園,2023-09-15,9665
4908,前鼎,117,90,27,富邦-桃園,2023-09-15,9665
3624,光頡,27,0,27,富邦-桃園,2023-09-15,9665
3035,智原,76,50,26,富邦-桃園,2023-09-15,9665
1802,台玻,29,3,26,富邦-桃園,2023-09-15,9665
2323,中環,25,0,25,富邦-桃園,2023-09-15,9665
2884,玉山金,35,11,24,富邦-桃園,2023-09-15,9665
5465,富驊,23,0,23,富邦-桃園,2023-09-15,9665
3027,盛達,23,0,23,富邦-桃園,2023-09-15,9665
4967,十銓,48,26,22,富邦-桃園,2023-09-15,9665
2542,興富發,22,0,22,富邦-桃園,2023-09-15,9665
4532,瑞智,21,1,20,富邦-桃園,2023-09-15,9665
00930,永豐ESG低碳高息,20,0,20,富邦-桃園,2023-09-15,9665
6161,捷波,20,0,20,富邦-桃園,2023-09-15,9665
5340,建榮,20,0,20,富邦-桃園,2023-09-15,9665
1402,遠東新,31,11,20,富邦-桃園,2023-09-15,9665
2892,第一金,20,1,19,富邦-桃園,2023-09-15,9665
3622,洋華,24,6,18,富邦-桃園,2023-09-15,9665
2883,凱基金,26,9,17,富邦-桃園,2023-09-15,9665
1342,八貫,18,1,17,富邦-桃園,2023-09-15,9665
2637,慧洋-KY,39,22,17,富邦-桃園,2023-09-15,9665
2204,中華,21,5,16,富邦-桃園,2023-09-15,9665
00929,復華台灣科技優息,735,226,509,富邦-桃園,2023-09-18,9665
00878,國泰永續高股息,322,7,315,富邦-桃園,2023-09-18,9665
6182,合晶,301,3,298,富邦-桃園,2023-09-18,9665
00919,群益台灣精選高息,378,98,280,富邦-桃園,2023-09-18,9665
6470,宇智,236,16,220,富邦-桃園,2023-09-18,9665
6432,今展科,176,10,166,富邦-桃園,2023-09-18,9665
00679B,元大美債20年,181,36,145,富邦-桃園,2023-09-18,9665
2409,友達,121,20,101,富邦-桃園,2023-09-18,9665
6446,藥華藥,107,7,100,富邦-桃園,2023-09-18,9665
00896,中信綠能及電動車,89,0,89,富邦-桃園,2023-09-18,9665
2637,慧洋-KY,93,8,85,富邦-桃園,2023-09-18,9665
00772B,中信高評級公司債,86,1,85,富邦-桃園,2023-09-18,9665
00687B,國泰20年美債,84,0,84,富邦-桃園,2023-09-18,9665
2405,輔信,67,1,66,富邦-桃園,2023-09-18,9665
2363,矽統,243,183,60,富邦-桃園,2023-09-18,9665
00688L,國泰20年美債正2,60,0,60,富邦-桃園,2023-09-18,9665
00893,國泰智能電動車,56,1,55,富邦-桃園,2023-09-18,9665
3231,緯創,85,34,51,富邦-桃園,2023-09-18,9665
2417,圓剛,51,3,48,富邦-桃園,2023-09-18,9665
3030,德律,43,0,43,富邦-桃園,2023-09-18,9665
00915,凱基優選高股息30,75,33,42,富邦-桃園,2023-09-18,9665
00931B,統一美債20年,42,0,42,富邦-桃園,2023-09-18,9665
2330,台積電,42,2,40,富邦-桃園,2023-09-18,9665
9907,統一實,40,0,40,富邦-桃園,2023-09-18,9665
2601,益航,40,1,39,富邦-桃園,2023-09-18,9665
2303,聯電,61,24,37,富邦-桃園,2023-09-18,9665
00751B,元大AAA至A公司債,69,34,35,富邦-桃園,2023-09-18,9665
6541,泰福-KY,35,0,35,富邦-桃園,2023-09-18,9665
00795B,中信美國公債20年,32,0,32,富邦-桃園,2023-09-18,9665
00720B,元大投資級公司債,41,10,31,富邦-桃園,2023-09-18,9665
00922,國泰台灣領袖50,31,0,31,富邦-桃園,2023-09-18,9665
2838,聯邦銀,30,0,30,富邦-桃園,2023-09-18,9665
00882,中信中國高股息,30,0,30,富邦-桃園,2023-09-18,9665
00888,永豐台灣ESG,27,0,27,富邦-桃園,2023-09-18,9665
3037,欣興,38,13,25,富邦-桃園,2023-09-18,9665
00670L,富邦NASDAQ正2,25,0,25,富邦-桃園,2023-09-18,9665
00830,國泰費城半導體,25,0,25,富邦-桃園,2023-09-18,9665
2344,華邦電,46,22,24,富邦-桃園,2023-09-18,9665
2392,正崴,22,0,22,富邦-桃園,2023-09-18,9665
8916,光隆,22,0,22,富邦-桃園,2023-09-18,9665
00764B,群益25年美債,22,0,22,富邦-桃園,2023-09-18,9665
8112,至上,38,17,21,富邦-桃園,2023-09-18,9665
3588,通嘉,22,2,20,富邦-桃園,2023-09-18,9665
1319,東陽,40,22,18,富邦-桃園,2023-09-18,9665
3324,雙鴻,25,8,17,富邦-桃園,2023-09-18,9665
4979,華星光,27,10,17,富邦-桃園,2023-09-18,9665
2402,毅嘉,29,12,17,富邦-桃園,2023-09-18,9665
00924,復華S＆P500成長,17,0,17,富邦-桃園,2023-09-18,9665
2641,正德,17,0,17,富邦-桃園,2023-09-18,9665
2883,凱基金,16,0,16,富邦-桃園,2023-09-18,9665
6182,合晶,230,17,213,富邦-桃園,2023-09-19,9665
2606,裕民,159,3,156,富邦-桃園,2023-09-19,9665
2313,華通,290,149,141,富邦-桃園,2023-09-19,9665
00919,群益台灣精選高息,199,60,139,富邦-桃園,2023-09-19,9665
3711,日月光投控,101,3,98,富邦-桃園,2023-09-19,9665
3231,緯創,179,124,55,富邦-桃園,2023-09-19,9665
2401,凌陽,59,10,49,富邦-桃園,2023-09-19,9665
2417,圓剛,43,0,43,富邦-桃園,2023-09-19,9665
00679B,元大美債20年,53,18,35,富邦-桃園,2023-09-19,9665
00902,中信電池及儲能,34,0,34,富邦-桃園,2023-09-19,9665
2618,長榮航,38,4,34,富邦-桃園,2023-09-19,9665
00921,兆豐龍頭等權重,33,0,33,富邦-桃園,2023-09-19,9665
00878,國泰永續高股息,95,63,32,富邦-桃園,2023-09-19,9665
2457,飛宏,32,0,32,富邦-桃園,2023-09-19,9665
1609,大亞,34,3,31,富邦-桃園,2023-09-19,9665
6282,康舒,40,10,30,富邦-桃園,2023-09-19,9665
3588,通嘉,36,7,29,富邦-桃園,2023-09-19,9665
2368,金像電,34,6,28,富邦-桃園,2023-09-19,9665
00929,復華台灣科技優息,398,370,28,富邦-桃園,2023-09-19,9665
2382,廣達,36,9,27,富邦-桃園,2023-09-19,9665
2330,台積電,27,0,27,富邦-桃園,2023-09-19,9665
00903,富邦元宇宙,21,0,21,富邦-桃園,2023-09-19,9665
2356,英業達,36,16,20,富邦-桃園,2023-09-19,9665
1522,堤維西,64,44,20,富邦-桃園,2023-09-19,9665
2838,聯邦銀,20,0,20,富邦-桃園,2023-09-19,9665
6139,亞翔,20,0,20,富邦-桃園,2023-09-19,9665
2312,金寶,22,2,20,富邦-桃園,2023-09-19,9665
00752,中信中國50,20,0,20,富邦-桃園,2023-09-19,9665
2812,台中銀,21,2,19,富邦-桃園,2023-09-19,9665
3035,智原,48,29,19,富邦-桃園,2023-09-19,9665
2462,良得電,22,3,19,富邦-桃園,2023-09-19,9665
1815,富喬,36,17,19,富邦-桃園,2023-09-19,9665
00882,中信中國高股息,22,4,18,富邦-桃園,2023-09-19,9665
00670L,富邦NASDAQ正2,28,10,18,富邦-桃園,2023-09-19,9665
2340,台亞,20,2,18,富邦-桃園,2023-09-19,9665
00673R,期元大S＆P原油反1,19,2,17,富邦-桃園,2023-09-19,9665
2352,佳世達,48,31,17,富邦-桃園,2023-09-19,9665
4706,大恭,16,0,16,富邦-桃園,2023-09-19,9665
2880,華南金,15,0,15,富邦-桃園,2023-09-19,9665
3548,兆利,15,0,15,富邦-桃園,2023-09-19,9665
2605,新興,78,63,15,富邦-桃園,2023-09-19,9665
2376,技嘉,29,15,14,富邦-桃園,2023-09-19,9665
6213,聯茂,14,0,14,富邦-桃園,2023-09-19,9665
5465,富驊,16,2,14,富邦-桃園,2023-09-19,9665
6274,台燿,73,59,14,富邦-桃園,2023-09-19,9665
2603,長榮,43,29,14,富邦-桃園,2023-09-19,9665
3715,定穎投控,104,91,13,富邦-桃園,2023-09-19,9665
00665L,富邦�琤肭磪囓�2,43,30,13,富邦-桃園,2023-09-19,9665
1514,亞力,20,7,13,富邦-桃園,2023-09-19,9665
6152,百一,13,0,13,富邦-桃園,2023-09-19,9665
00929,復華台灣科技優息,964,593,371,富邦-桃園,2023-09-20,9665
00919,群益台灣精選高息,264,46,218,富邦-桃園,2023-09-20,9665
2344,華邦電,144,10,134,富邦-桃園,2023-09-20,9665
1605,華新,117,15,102,富邦-桃園,2023-09-20,9665
3030,德律,105,5,100,富邦-桃園,2023-09-20,9665
2542,興富發,100,1,99,富邦-桃園,2023-09-20,9665
6432,今展科,101,3,98,富邦-桃園,2023-09-20,9665
2618,長榮航,108,18,90,富邦-桃園,2023-09-20,9665
3481,群創,78,19,59,富邦-桃園,2023-09-20,9665
2363,矽統,117,67,50,富邦-桃園,2023-09-20,9665
00673R,期元大S＆P原油反1,47,4,43,富邦-桃園,2023-09-20,9665
00753L,中信中國50正2,43,0,43,富邦-桃園,2023-09-20,9665
2486,一詮,43,1,42,富邦-桃園,2023-09-20,9665
2885,元大金,52,12,40,富邦-桃園,2023-09-20,9665
1584,精剛,48,8,40,富邦-桃園,2023-09-20,9665
2641,正德,68,30,38,富邦-桃園,2023-09-20,9665
2449,京元電子,150,115,35,富邦-桃園,2023-09-20,9665
00696B,富邦美債20年,35,0,35,富邦-桃園,2023-09-20,9665
2330,台積電,34,0,34,富邦-桃園,2023-09-20,9665
2417,圓剛,38,4,34,富邦-桃園,2023-09-20,9665
2883,凱基金,33,0,33,富邦-桃園,2023-09-20,9665
2354,鴻準,46,15,31,富邦-桃園,2023-09-20,9665
2352,佳世達,28,0,28,富邦-桃園,2023-09-20,9665
00921,兆豐龍頭等權重,27,0,27,富邦-桃園,2023-09-20,9665
3322,建舜電,25,0,25,富邦-桃園,2023-09-20,9665
00932,兆豐永續高息等權,25,0,25,富邦-桃園,2023-09-20,9665
3205,佰研,25,0,25,富邦-桃園,2023-09-20,9665
8088,品安,31,6,25,富邦-桃園,2023-09-20,9665
3037,欣興,33,9,24,富邦-桃園,2023-09-20,9665
2402,毅嘉,27,3,24,富邦-桃園,2023-09-20,9665
3706,神達,50,26,24,富邦-桃園,2023-09-20,9665
2880,華南金,26,3,23,富邦-桃園,2023-09-20,9665
2353,宏��,52,30,22,富邦-桃園,2023-09-20,9665
2367,燿華,82,61,21,富邦-桃園,2023-09-20,9665
3673,TPK-KY,21,0,21,富邦-桃園,2023-09-20,9665
6278,台表科,23,3,20,富邦-桃園,2023-09-20,9665
4736,泰博,19,0,19,富邦-桃園,2023-09-20,9665
8933,愛地雅,18,0,18,富邦-桃園,2023-09-20,9665
2329,華泰,27,11,16,富邦-桃園,2023-09-20,9665
00892,富邦台灣半導體,16,0,16,富邦-桃園,2023-09-20,9665
3617,碩天,21,5,16,富邦-桃園,2023-09-20,9665
3715,定穎投控,279,264,15,富邦-桃園,2023-09-20,9665
2208,台船,22,8,14,富邦-桃園,2023-09-20,9665
00665L,富邦�琤肭磪囓�2,24,10,14,富邦-桃園,2023-09-20,9665
6191,精成科,16,2,14,富邦-桃園,2023-09-20,9665
6901,鑽石投資,33,19,14,富邦-桃園,2023-09-20,9665
00888,永豐台灣ESG,13,0,13,富邦-桃園,2023-09-20,9665
2332,友訊,20,7,13,富邦-桃園,2023-09-20,9665
2538,基泰,13,0,13,富邦-桃園,2023-09-20,9665
2331,精英,25,12,13,富邦-桃園,2023-09-20,9665
00929,復華台灣科技優息,810,335,475,富邦-桃園,2023-09-21,9665
00878,國泰永續高股息,312,53,259,富邦-桃園,2023-09-21,9665
00919,群益台灣精選高息,169,30,139,富邦-桃園,2023-09-21,9665
2838,聯邦銀,162,52,110,富邦-桃園,2023-09-21,9665
9904,寶成,101,0,101,富邦-桃園,2023-09-21,9665
2363,矽統,147,48,99,富邦-桃園,2023-09-21,9665
00679B,元大美債20年,103,7,96,富邦-桃園,2023-09-21,9665
1101,台泥,85,0,85,富邦-桃園,2023-09-21,9665
6284,佳邦,63,0,63,富邦-桃園,2023-09-21,9665
00664R,國泰臺灣加權反1,80,18,62,富邦-桃園,2023-09-21,9665
5880,合庫金,56,0,56,富邦-桃園,2023-09-21,9665
2884,玉山金,55,2,53,富邦-桃園,2023-09-21,9665
00680L,元大美債20正2,53,0,53,富邦-桃園,2023-09-21,9665
00893,國泰智能電動車,53,1,52,富邦-桃園,2023-09-21,9665
3030,德律,52,0,52,富邦-桃園,2023-09-21,9665
00722B,群益投資級電信債,50,0,50,富邦-桃園,2023-09-21,9665
2330,台積電,48,1,47,富邦-桃園,2023-09-21,9665
1504,東元,49,4,45,富邦-桃園,2023-09-21,9665
0050,元大台灣50,46,2,44,富邦-桃園,2023-09-21,9665
2883,凱基金,45,2,43,富邦-桃園,2023-09-21,9665
00687B,國泰20年美債,45,2,43,富邦-桃園,2023-09-21,9665
0056,元大高股息,62,20,42,富邦-桃園,2023-09-21,9665
00673R,期元大S＆P原油反1,40,1,39,富邦-桃園,2023-09-21,9665
00900,富邦特選高股息30,50,12,38,富邦-桃園,2023-09-21,9665
2002,中鋼,41,3,38,富邦-桃園,2023-09-21,9665
2421,建準,41,4,37,富邦-桃園,2023-09-21,9665
2882,國泰金,39,2,37,富邦-桃園,2023-09-21,9665
2887,台新金,56,20,36,富邦-桃園,2023-09-21,9665
2409,友達,35,1,34,富邦-桃園,2023-09-21,9665
3092,鴻碩,36,3,33,富邦-桃園,2023-09-21,9665
00892,富邦台灣半導體,31,0,31,富邦-桃園,2023-09-21,9665
00697B,元大美債7-10,30,0,30,富邦-桃園,2023-09-21,9665
6023,元大期,30,0,30,富邦-桃園,2023-09-21,9665
1809,中釉,33,4,29,富邦-桃園,2023-09-21,9665
2426,鼎元,30,1,29,富邦-桃園,2023-09-21,9665
3450,聯鈞,50,21,29,富邦-桃園,2023-09-21,9665
00665L,富邦�琤肭磪囓�2,38,10,28,富邦-桃園,2023-09-21,9665
00921,兆豐龍頭等權重,28,0,28,富邦-桃園,2023-09-21,9665
00753L,中信中國50正2,26,0,26,富邦-桃園,2023-09-21,9665
2354,鴻準,40,14,26,富邦-桃園,2023-09-21,9665
00670L,富邦NASDAQ正2,26,0,26,富邦-桃園,2023-09-21,9665
6292,迅德,25,0,25,富邦-桃園,2023-09-21,9665
2891,中信金,38,14,24,富邦-桃園,2023-09-21,9665
2834,臺企銀,24,0,24,富邦-桃園,2023-09-21,9665
3037,欣興,31,8,23,富邦-桃園,2023-09-21,9665
2539,櫻花建,23,0,23,富邦-桃園,2023-09-21,9665
006208,富邦台50,25,2,23,富邦-桃園,2023-09-21,9665
2880,華南金,22,0,22,富邦-桃園,2023-09-21,9665
3707,漢磊,29,9,20,富邦-桃園,2023-09-21,9665
00713,元大台灣高息低波,21,1,20,富邦-桃園,2023-09-21,9665
6282,康舒,302,8,294,富邦-桃園,2023-09-22,9665
00712,復華富時不動產,229,30,199,富邦-桃園,2023-09-22,9665
00929,復華台灣科技優息,241,97,144,富邦-桃園,2023-09-22,9665
00687B,國泰20年美債,143,0,143,富邦-桃園,2023-09-22,9665
00679B,元大美債20年,177,69,108,富邦-桃園,2023-09-22,9665
00919,群益台灣精選高息,107,2,105,富邦-桃園,2023-09-22,9665
1444,力麗,85,27,58,富邦-桃園,2023-09-22,9665
00720B,元大投資級公司債,61,4,57,富邦-桃園,2023-09-22,9665
00893,國泰智能電動車,57,0,57,富邦-桃園,2023-09-22,9665
3030,德律,48,0,48,富邦-桃園,2023-09-22,9665
00751B,元大AAA至A公司債,46,0,46,富邦-桃園,2023-09-22,9665
2891,中信金,46,5,41,富邦-桃園,2023-09-22,9665
1101,台泥,65,25,40,富邦-桃園,2023-09-22,9665
00764B,群益25年美債,38,0,38,富邦-桃園,2023-09-22,9665
2618,長榮航,104,68,36,富邦-桃園,2023-09-22,9665
2330,台積電,37,4,33,富邦-桃園,2023-09-22,9665
6213,聯茂,36,8,28,富邦-桃園,2023-09-22,9665
3149,正達,28,0,28,富邦-桃園,2023-09-22,9665
00795B,中信美國公債20年,35,8,27,富邦-桃園,2023-09-22,9665
2883,凱基金,26,0,26,富邦-桃園,2023-09-22,9665
2329,華泰,42,16,26,富邦-桃園,2023-09-22,9665
00857B,永豐20年美公債,25,0,25,富邦-桃園,2023-09-22,9665
2887,台新金,24,0,24,富邦-桃園,2023-09-22,9665
5880,合庫金,24,0,24,富邦-桃園,2023-09-22,9665
2303,聯電,33,9,24,富邦-桃園,2023-09-22,9665
00885,富邦越南,49,25,24,富邦-桃園,2023-09-22,9665
3037,欣興,37,14,23,富邦-桃園,2023-09-22,9665
00670L,富邦NASDAQ正2,29,6,23,富邦-桃園,2023-09-22,9665
1584,精剛,43,21,22,富邦-桃園,2023-09-22,9665
2539,櫻花建,22,0,22,富邦-桃園,2023-09-22,9665
00931B,統一美債20年,38,17,21,富邦-桃園,2023-09-22,9665
2367,燿華,37,17,20,富邦-桃園,2023-09-22,9665
3709,鑫聯大投控,23,3,20,富邦-桃園,2023-09-22,9665
00923,群益台ESG低碳50,18,0,18,富邦-桃園,2023-09-22,9665
1460,宏遠,18,0,18,富邦-桃園,2023-09-22,9665
00631L,元大台灣50正2,18,1,17,富邦-桃園,2023-09-22,9665
2884,玉山金,24,8,16,富邦-桃園,2023-09-22,9665
00773B,中信優先金融債,18,2,16,富邦-桃園,2023-09-22,9665
0056,元大高股息,43,28,15,富邦-桃園,2023-09-22,9665
2486,一詮,22,8,14,富邦-桃園,2023-09-22,9665
6285,啟��,32,18,14,富邦-桃園,2023-09-22,9665
00713,元大台灣高息低波,17,3,14,富邦-桃園,2023-09-22,9665
1560,中砂,14,1,13,富邦-桃園,2023-09-22,9665
00696B,富邦美債20年,13,0,13,富邦-桃園,2023-09-22,9665
00725B,國泰投資級公司債,13,0,13,富邦-桃園,2023-09-22,9665
2371,大同,15,3,12,富邦-桃園,2023-09-22,9665
5014,建錩,12,0,12,富邦-桃園,2023-09-22,9665
2606,裕民,19,7,12,富邦-桃園,2023-09-22,9665
00924,復華S＆P500成長,12,1,11,富邦-桃園,2023-09-22,9665
5347,世界,11,0,11,富邦-桃園,2023-09-22,9665
00929,復華台灣科技優息,391,32,359,富邦-桃園,2023-09-25,9665
00919,群益台灣精選高息,317,1,316,富邦-桃園,2023-09-25,9665
00679B,元大美債20年,138,5,133,富邦-桃園,2023-09-25,9665
00882,中信中國高股息,110,2,108,富邦-桃園,2023-09-25,9665
2408,南亞科,89,0,89,富邦-桃園,2023-09-25,9665
3030,德律,67,1,66,富邦-桃園,2023-09-25,9665
2468,華經,69,4,65,富邦-桃園,2023-09-25,9665
1504,東元,96,49,47,富邦-桃園,2023-09-25,9665
2382,廣達,60,21,39,富邦-桃園,2023-09-25,9665
00712,復華富時不動產,37,0,37,富邦-桃園,2023-09-25,9665
5340,建榮,48,13,35,富邦-桃園,2023-09-25,9665
00932,兆豐永續高息等權,34,0,34,富邦-桃園,2023-09-25,9665
2637,慧洋-KY,35,5,30,富邦-桃園,2023-09-25,9665
2344,華邦電,29,1,28,富邦-桃園,2023-09-25,9665
00751B,元大AAA至A公司債,35,8,27,富邦-桃園,2023-09-25,9665
00637L,元大滬深300正2,77,51,26,富邦-桃園,2023-09-25,9665
2417,圓剛,25,1,24,富邦-桃園,2023-09-25,9665
3615,安可,38,14,24,富邦-桃園,2023-09-25,9665
1101,台泥,52,30,22,富邦-桃園,2023-09-25,9665
5880,合庫金,19,1,18,富邦-桃園,2023-09-25,9665
3363,上詮,87,69,18,富邦-桃園,2023-09-25,9665
3706,神達,45,28,17,富邦-桃園,2023-09-25,9665
3438,類比科,21,5,16,富邦-桃園,2023-09-25,9665
00720B,元大投資級公司債,17,2,15,富邦-桃園,2023-09-25,9665
2331,精英,24,9,15,富邦-桃園,2023-09-25,9665
1444,力麗,15,0,15,富邦-桃園,2023-09-25,9665
2882,國泰金,13,0,13,富邦-桃園,2023-09-25,9665
2641,正德,12,0,12,富邦-桃園,2023-09-25,9665
2399,映泰,12,0,12,富邦-桃園,2023-09-25,9665
2367,燿華,28,16,12,富邦-桃園,2023-09-25,9665
2515,中工,13,1,12,富邦-桃園,2023-09-25,9665
2542,興富發,11,0,11,富邦-桃園,2023-09-25,9665
1727,中華化,11,0,11,富邦-桃園,2023-09-25,9665
3013,晟銘電,33,22,11,富邦-桃園,2023-09-25,9665
3694,海華,11,0,11,富邦-桃園,2023-09-25,9665
4979,華星光,26,15,11,富邦-桃園,2023-09-25,9665
8210,勤誠,17,6,11,富邦-桃園,2023-09-25,9665
00773B,中信優先金融債,10,0,10,富邦-桃園,2023-09-25,9665
4167,松瑞藥,10,0,10,富邦-桃園,2023-09-25,9665
3362,先進光,11,1,10,富邦-桃園,2023-09-25,9665
3024,憶聲,10,0,10,富邦-桃園,2023-09-25,9665
6120,達運,11,1,10,富邦-桃園,2023-09-25,9665
6288,聯嘉,19,9,10,富邦-桃園,2023-09-25,9665
5014,建錩,10,0,10,富邦-桃園,2023-09-25,9665
2312,金寶,10,0,10,富邦-桃園,2023-09-25,9665
2330,台積電,9,0,9,富邦-桃園,2023-09-25,9665
1604,聲寶,10,1,9,富邦-桃園,2023-09-25,9665
00673R,期元大S＆P原油反1,10,1,9,富邦-桃園,2023-09-25,9665
3003,健和興,10,1,9,富邦-桃園,2023-09-25,9665
2883,凱基金,8,0,8,富邦-桃園,2023-09-25,9665
00929,復華台灣科技優息,507,148,359,富邦-桃園,2023-09-26,9665
6182,合晶,302,0,302,富邦-桃園,2023-09-26,9665
00919,群益台灣精選高息,191,3,188,富邦-桃園,2023-09-26,9665
1101,台泥,113,0,113,富邦-桃園,2023-09-26,9665
00882,中信中國高股息,106,0,106,富邦-桃園,2023-09-26,9665
00679B,元大美債20年,138,35,103,富邦-桃園,2023-09-26,9665
8112,至上,108,5,103,富邦-桃園,2023-09-26,9665
00712,復華富時不動產,97,5,92,富邦-桃園,2023-09-26,9665
6284,佳邦,85,0,85,富邦-桃園,2023-09-26,9665
2812,台中銀,73,0,73,富邦-桃園,2023-09-26,9665
4173,久裕,50,0,50,富邦-桃園,2023-09-26,9665
2882,國泰金,49,3,46,富邦-桃園,2023-09-26,9665
2408,南亞科,44,1,43,富邦-桃園,2023-09-26,9665
2885,元大金,42,0,42,富邦-桃園,2023-09-26,9665
3030,德律,41,0,41,富邦-桃園,2023-09-26,9665
2640,大車隊,40,0,40,富邦-桃園,2023-09-26,9665
00772B,中信高評級公司債,40,0,40,富邦-桃園,2023-09-26,9665
1616,億泰,39,0,39,富邦-桃園,2023-09-26,9665
6188,廣明,39,1,38,富邦-桃園,2023-09-26,9665
00885,富邦越南,37,0,37,富邦-桃園,2023-09-26,9665
00878,國泰永續高股息,66,29,37,富邦-桃園,2023-09-26,9665
2634,漢翔,49,14,35,富邦-桃園,2023-09-26,9665
2303,聯電,52,17,35,富邦-桃園,2023-09-26,9665
2002,中鋼,33,2,31,富邦-桃園,2023-09-26,9665
1618,合機,33,4,29,富邦-桃園,2023-09-26,9665
2884,玉山金,29,1,28,富邦-桃園,2023-09-26,9665
6806,森崴能源,44,17,27,富邦-桃園,2023-09-26,9665
2344,華邦電,34,8,26,富邦-桃園,2023-09-26,9665
2330,台積電,32,6,26,富邦-桃園,2023-09-26,9665
2881,富邦金,26,0,26,富邦-桃園,2023-09-26,9665
00932,兆豐永續高息等權,23,0,23,富邦-桃園,2023-09-26,9665
6432,今展科,22,0,22,富邦-桃園,2023-09-26,9665
5880,合庫金,24,3,21,富邦-桃園,2023-09-26,9665
3035,智原,36,15,21,富邦-桃園,2023-09-26,9665
00795B,中信美國公債20年,21,0,21,富邦-桃園,2023-09-26,9665
00862B,中信投資級公司債,21,0,21,富邦-桃園,2023-09-26,9665
9945,潤泰新,22,2,20,富邦-桃園,2023-09-26,9665
3481,群創,25,4,21,富邦-桃園,2023-09-26,9665
00888,永豐台灣ESG,20,0,20,富邦-桃園,2023-09-26,9665
00893,國泰智能電動車,24,5,19,富邦-桃園,2023-09-26,9665
2331,精英,26,7,19,富邦-桃園,2023-09-26,9665
6770,力積電,20,1,19,富邦-桃園,2023-09-26,9665
00696B,富邦美債20年,18,0,18,富邦-桃園,2023-09-26,9665
00720B,元大投資級公司債,20,3,17,富邦-桃園,2023-09-26,9665
2363,矽統,69,53,16,富邦-桃園,2023-09-26,9665
00923,群益台ESG低碳50,16,0,16,富邦-桃園,2023-09-26,9665
00931B,統一美債20年,16,0,16,富邦-桃園,2023-09-26,9665
2356,英業達,19,4,15,富邦-桃園,2023-09-26,9665
5512,力麒,15,0,15,富邦-桃園,2023-09-26,9665
4105,東洋,15,0,15,富邦-桃園,2023-09-26,9665
00929,復華台灣科技優息,397,111,286,富邦-桃園,2023-09-27,9665
00674R,期元大S＆P黃金反1,200,0,200,富邦-桃園,2023-09-27,9665
00919,群益台灣精選高息,153,16,137,富邦-桃園,2023-09-27,9665
00712,復華富時不動產,131,22,109,富邦-桃園,2023-09-27,9665
00670L,富邦NASDAQ正2,94,0,94,富邦-桃園,2023-09-27,9665
00679B,元大美債20年,99,20,79,富邦-桃園,2023-09-27,9665
2884,玉山金,69,2,67,富邦-桃園,2023-09-27,9665
2002,中鋼,127,65,62,富邦-桃園,2023-09-27,9665
1301,台塑,48,5,43,富邦-桃園,2023-09-27,9665
5880,合庫金,40,1,39,富邦-桃園,2023-09-27,9665
1612,宏泰,60,24,36,富邦-桃園,2023-09-27,9665
00720B,元大投資級公司債,34,0,34,富邦-桃園,2023-09-27,9665
6284,佳邦,34,0,34,富邦-桃園,2023-09-27,9665
2891,中信金,36,5,31,富邦-桃園,2023-09-27,9665
3205,佰研,30,0,30,富邦-桃園,2023-09-27,9665
3030,德律,30,0,30,富邦-桃園,2023-09-27,9665
6806,森崴能源,31,5,26,富邦-桃園,2023-09-27,9665
2408,南亞科,28,3,25,富邦-桃園,2023-09-27,9665
3128,昇銳,25,0,25,富邦-桃園,2023-09-27,9665
1815,富喬,25,1,24,富邦-桃園,2023-09-27,9665
2892,第一金,23,0,23,富邦-桃園,2023-09-27,9665
2303,聯電,26,4,22,富邦-桃園,2023-09-27,9665
1101,台泥,21,1,20,富邦-桃園,2023-09-27,9665
3034,聯詠,19,0,19,富邦-桃園,2023-09-27,9665
00885,富邦越南,18,0,18,富邦-桃園,2023-09-27,9665
00675L,富邦臺灣加權正2,18,1,17,富邦-桃園,2023-09-27,9665
1471,首利,17,0,17,富邦-桃園,2023-09-27,9665
2542,興富發,17,1,16,富邦-桃園,2023-09-27,9665
2337,旺宏,17,1,16,富邦-桃園,2023-09-27,9665
1524,耿鼎,29,13,16,富邦-桃園,2023-09-27,9665
6023,元大期,16,0,16,富邦-桃園,2023-09-27,9665
3615,安可,20,4,16,富邦-桃園,2023-09-27,9665
00930,永豐ESG低碳高息,15,0,15,富邦-桃園,2023-09-27,9665
2344,華邦電,28,13,15,富邦-桃園,2023-09-27,9665
2355,敬鵬,17,2,15,富邦-桃園,2023-09-27,9665
00932,兆豐永續高息等權,18,3,15,富邦-桃園,2023-09-27,9665
3092,鴻碩,15,0,15,富邦-桃園,2023-09-27,9665
6470,宇智,14,0,14,富邦-桃園,2023-09-27,9665
6442,光聖,43,29,14,富邦-桃園,2023-09-27,9665
6189,豐藝,14,1,13,富邦-桃園,2023-09-27,9665
00719B,元大美債1-3,13,0,13,富邦-桃園,2023-09-27,9665
00715L,期街口布蘭特正2,20,7,13,富邦-桃園,2023-09-27,9665
0050,元大台灣50,16,3,13,富邦-桃園,2023-09-27,9665
3037,欣興,23,11,12,富邦-桃園,2023-09-27,9665
3363,上詮,37,25,12,富邦-桃園,2023-09-27,9665
2606,裕民,28,16,12,富邦-桃園,2023-09-27,9665
2317,鴻海,18,6,12,富邦-桃園,2023-09-27,9665
2409,友達,15,4,11,富邦-桃園,2023-09-27,9665
1605,華新,13,2,11,富邦-桃園,2023-09-27,9665
9945,潤泰新,17,6,11,富邦-桃園,2023-09-27,9665
00929,復華台灣科技優息,337,58,279,富邦-桃園,2023-09-28,9665
00674R,期元大S＆P黃金反1,200,0,200,富邦-桃園,2023-09-28,9665
3231,緯創,236,58,178,富邦-桃園,2023-09-28,9665
00712,復華富時不動產,149,0,149,富邦-桃園,2023-09-28,9665
00753L,中信中國50正2,102,0,102,富邦-桃園,2023-09-28,9665
4919,新唐,100,2,98,富邦-桃園,2023-09-28,9665
2610,華航,97,22,75,富邦-桃園,2023-09-28,9665
8088,品安,70,8,62,富邦-桃園,2023-09-28,9665
00637L,元大滬深300正2,62,0,62,富邦-桃園,2023-09-28,9665
2002,中鋼,85,31,54,富邦-桃園,2023-09-28,9665
6284,佳邦,55,4,51,富邦-桃園,2023-09-28,9665
2417,圓剛,55,7,48,富邦-桃園,2023-09-28,9665
00919,群益台灣精選高息,53,7,46,富邦-桃園,2023-09-28,9665
1101,台泥,45,1,44,富邦-桃園,2023-09-28,9665
2838,聯邦銀,40,0,40,富邦-桃園,2023-09-28,9665
00650L,復華香港正2,65,25,40,富邦-桃園,2023-09-28,9665
00720B,元大投資級公司債,41,2,39,富邦-桃園,2023-09-28,9665
3030,德律,38,0,38,富邦-桃園,2023-09-28,9665
00719B,元大美債1-3,39,1,38,富邦-桃園,2023-09-28,9665
00687B,國泰20年美債,78,42,36,富邦-桃園,2023-09-28,9665
00696B,富邦美債20年,34,0,34,富邦-桃園,2023-09-28,9665
00878,國泰永續高股息,70,38,32,富邦-桃園,2023-09-28,9665
2329,華泰,41,9,32,富邦-桃園,2023-09-28,9665
2376,技嘉,46,15,31,富邦-桃園,2023-09-28,9665
00795B,中信美國公債20年,30,0,30,富邦-桃園,2023-09-28,9665
6219,富旺,30,0,30,富邦-桃園,2023-09-28,9665
2640,大車隊,30,0,30,富邦-桃園,2023-09-28,9665
2885,元大金,30,0,30,富邦-桃園,2023-09-28,9665
00665L,富邦�琤肭磪囓�2,33,4,29,富邦-桃園,2023-09-28,9665
6285,啟��,35,7,28,富邦-桃園,2023-09-28,9665
00751B,元大AAA至A公司債,28,1,27,富邦-桃園,2023-09-28,9665
1460,宏遠,27,0,27,富邦-桃園,2023-09-28,9665
2887,台新金,26,1,25,富邦-桃園,2023-09-28,9665
6418,詠昇,48,23,25,富邦-桃園,2023-09-28,9665
3013,晟銘電,52,27,25,富邦-桃園,2023-09-28,9665
1815,富喬,66,42,24,富邦-桃園,2023-09-28,9665
3481,群創,24,0,24,富邦-桃園,2023-09-28,9665
4906,正文,24,1,23,富邦-桃園,2023-09-28,9665
1905,華紙,22,0,22,富邦-桃園,2023-09-28,9665
3706,神達,29,7,22,富邦-桃園,2023-09-28,9665
2377,微星,22,1,21,富邦-桃園,2023-09-28,9665
3006,晶豪科,20,0,20,富邦-桃園,2023-09-28,9665
1616,億泰,20,1,19,富邦-桃園,2023-09-28,9665
2301,光寶科,39,21,18,富邦-桃園,2023-09-28,9665
2618,長榮航,21,4,17,富邦-桃園,2023-09-28,9665
2408,南亞科,21,4,17,富邦-桃園,2023-09-28,9665
4979,華星光,54,39,15,富邦-桃園,2023-09-28,9665
3260,威剛,34,19,15,富邦-桃園,2023-09-28,9665
00931B,統一美債20年,15,0,15,富邦-桃園,2023-09-28,9665
006208,富邦台50,14,0,14,富邦-桃園,2023-09-28,9665
00679B,元大美債20年,244,1,243,富邦-桃園,2023-10-02,9665
00929,復華台灣科技優息,139,18,121,富邦-桃園,2023-10-02,9665
00712,復華富時不動產,121,16,105,富邦-桃園,2023-10-02,9665
2363,矽統,138,65,73,富邦-桃園,2023-10-02,9665
5607,遠雄港,53,1,52,富邦-桃園,2023-10-02,9665
2882,國泰金,55,3,52,富邦-桃園,2023-10-02,9665
6005,群益證,50,0,50,富邦-桃園,2023-10-02,9665
6116,彩晶,45,0,45,富邦-桃園,2023-10-02,9665
1618,合機,61,18,43,富邦-桃園,2023-10-02,9665
00915,凱基優選高股息30,46,3,43,富邦-桃園,2023-10-02,9665
2356,英業達,120,78,42,富邦-桃園,2023-10-02,9665
2867,三商壽,50,10,40,富邦-桃園,2023-10-02,9665
00720B,元大投資級公司債,36,0,36,富邦-桃園,2023-10-02,9665
00751B,元大AAA至A公司債,32,0,32,富邦-桃園,2023-10-02,9665
2329,華泰,49,18,31,富邦-桃園,2023-10-02,9665
2382,廣達,101,75,26,富邦-桃園,2023-10-02,9665
1444,力麗,25,0,25,富邦-桃園,2023-10-02,9665
00645,富邦日本,25,0,25,富邦-桃園,2023-10-02,9665
00931B,統一美債20年,25,0,25,富邦-桃園,2023-10-02,9665
3105,穩懋,26,3,23,富邦-桃園,2023-10-02,9665
3325,旭品,45,23,22,富邦-桃園,2023-10-02,9665
1513,中興電,42,21,21,富邦-桃園,2023-10-02,9665
2603,長榮,33,13,20,富邦-桃園,2023-10-02,9665
1707,葡萄王,20,0,20,富邦-桃園,2023-10-02,9665
2301,光寶科,46,26,20,富邦-桃園,2023-10-02,9665
2006,東和鋼鐵,20,1,19,富邦-桃園,2023-10-02,9665
00715L,期街口布蘭特正2,19,0,19,富邦-桃園,2023-10-02,9665
2615,萬海,18,0,18,富邦-桃園,2023-10-02,9665
2883,凱基金,21,3,18,富邦-桃園,2023-10-02,9665
00772B,中信高評級公司債,16,0,16,富邦-桃園,2023-10-02,9665
6188,廣明,57,42,15,富邦-桃園,2023-10-02,9665
3030,德律,15,0,15,富邦-桃園,2023-10-02,9665
2606,裕民,22,8,14,富邦-桃園,2023-10-02,9665
00725B,國泰投資級公司債,14,0,14,富邦-桃園,2023-10-02,9665
6282,康舒,38,25,13,富邦-桃園,2023-10-02,9665
2405,輔信,17,4,13,富邦-桃園,2023-10-02,9665
1609,大亞,40,28,12,富邦-桃園,2023-10-02,9665
2885,元大金,13,1,12,富邦-桃園,2023-10-02,9665
1905,華紙,12,0,12,富邦-桃園,2023-10-02,9665
00664R,國泰臺灣加權反1,12,0,12,富邦-桃園,2023-10-02,9665
2425,承啟,16,4,12,富邦-桃園,2023-10-02,9665
1307,三芳,11,0,11,富邦-桃園,2023-10-02,9665
3625,西勝,11,0,11,富邦-桃園,2023-10-02,9665
00862B,中信投資級公司債,11,0,11,富邦-桃園,2023-10-02,9665
2204,中華,12,1,11,富邦-桃園,2023-10-02,9665
3213,茂訊,11,0,11,富邦-桃園,2023-10-02,9665
6806,森崴能源,23,12,11,富邦-桃園,2023-10-02,9665
2368,金像電,34,24,10,富邦-桃園,2023-10-02,9665
2888,新光金,10,0,10,富邦-桃園,2023-10-02,9665
3711,日月光投控,10,0,10,富邦-桃園,2023-10-02,9665
00929,復華台灣科技優息,269,57,212,富邦-桃園,2023-10-03,9665
00712,復華富時不動產,155,1,154,富邦-桃園,2023-10-03,9665
00753L,中信中國50正2,148,0,148,富邦-桃園,2023-10-03,9665
2409,友達,175,39,136,富邦-桃園,2023-10-03,9665
0056,元大高股息,141,32,109,富邦-桃園,2023-10-03,9665
5426,振發,125,35,90,富邦-桃園,2023-10-03,9665
00882,中信中國高股息,81,0,81,富邦-桃園,2023-10-03,9665
00919,群益台灣精選高息,111,35,76,富邦-桃園,2023-10-03,9665
00720B,元大投資級公司債,112,40,72,富邦-桃園,2023-10-03,9665
2356,英業達,84,13,71,富邦-桃園,2023-10-03,9665
00878,國泰永續高股息,95,30,65,富邦-桃園,2023-10-03,9665
00922,國泰台灣領袖50,74,10,64,富邦-桃園,2023-10-03,9665
2618,長榮航,101,38,63,富邦-桃園,2023-10-03,9665
3030,德律,57,0,57,富邦-桃園,2023-10-03,9665
00650L,復華香港正2,55,0,55,富邦-桃園,2023-10-03,9665
1717,長興,50,0,50,富邦-桃園,2023-10-03,9665
3013,晟銘電,104,57,47,富邦-桃園,2023-10-03,9665
6432,今展科,42,0,42,富邦-桃園,2023-10-03,9665
1612,宏泰,42,2,40,富邦-桃園,2023-10-03,9665
3231,緯創,137,99,38,富邦-桃園,2023-10-03,9665
2201,裕隆,39,1,38,富邦-桃園,2023-10-03,9665
3481,群創,38,3,35,富邦-桃園,2023-10-03,9665
00772B,中信高評級公司債,32,0,32,富邦-桃園,2023-10-03,9665
4906,正文,32,0,32,富邦-桃園,2023-10-03,9665
2006,東和鋼鐵,30,0,30,富邦-桃園,2023-10-03,9665
6235,華孚,41,11,30,富邦-桃園,2023-10-03,9665
4916,事欣科,30,3,27,富邦-桃園,2023-10-03,9665
1301,台塑,27,0,27,富邦-桃園,2023-10-03,9665
2002,中鋼,58,31,27,富邦-桃園,2023-10-03,9665
2884,玉山金,27,1,26,富邦-桃園,2023-10-03,9665
2606,裕民,35,10,25,富邦-桃園,2023-10-03,9665
2891,中信金,24,0,24,富邦-桃園,2023-10-03,9665
00665L,富邦�琤肭磪囓�2,24,0,24,富邦-桃園,2023-10-03,9665
2390,云辰,24,0,24,富邦-桃園,2023-10-03,9665
3521,鴻翊,24,1,23,富邦-桃園,2023-10-03,9665
2314,台揚,25,2,23,富邦-桃園,2023-10-03,9665
1504,東元,29,7,22,富邦-桃園,2023-10-03,9665
2436,偉詮電,27,5,22,富邦-桃園,2023-10-03,9665
00719B,元大美債1-3,22,0,22,富邦-桃園,2023-10-03,9665
1303,南亞,22,0,22,富邦-桃園,2023-10-03,9665
2352,佳世達,21,0,21,富邦-桃園,2023-10-03,9665
00931B,統一美債20年,25,4,21,富邦-桃園,2023-10-03,9665
5498,凱崴,20,0,20,富邦-桃園,2023-10-03,9665
00637L,元大滬深300正2,21,1,20,富邦-桃園,2023-10-03,9665
2031,新光鋼,20,0,20,富邦-桃園,2023-10-03,9665
1815,富喬,29,9,20,富邦-桃園,2023-10-03,9665
1513,中興電,22,2,20,富邦-桃園,2023-10-03,9665
2603,長榮,26,6,20,富邦-桃園,2023-10-03,9665
2027,大成鋼,18,0,18,富邦-桃園,2023-10-03,9665
1522,堤維西,31,13,18,富邦-桃園,2023-10-03,9665
00632R,元大台灣50反1,319,70,249,富邦-桃園,2023-10-04,9665
00679B,元大美債20年,265,37,228,富邦-桃園,2023-10-04,9665
6432,今展科,247,39,208,富邦-桃園,2023-10-04,9665
2891,中信金,212,51,161,富邦-桃園,2023-10-04,9665
2606,裕民,168,10,158,富邦-桃園,2023-10-04,9665
00753L,中信中國50正2,152,0,152,富邦-桃園,2023-10-04,9665
00720B,元大投資級公司債,176,45,131,富邦-桃園,2023-10-04,9665
0056,元大高股息,132,18,114,富邦-桃園,2023-10-04,9665
00922,國泰台灣領袖50,109,0,109,富邦-桃園,2023-10-04,9665
00712,復華富時不動產,203,109,94,富邦-桃園,2023-10-04,9665
2002,中鋼,86,2,84,富邦-桃園,2023-10-04,9665
00878,國泰永續高股息,115,32,83,富邦-桃園,2023-10-04,9665
2427,三商電,77,6,71,富邦-桃園,2023-10-04,9665
2888,新光金,78,12,66,富邦-桃園,2023-10-04,9665
2884,玉山金,67,2,65,富邦-桃園,2023-10-04,9665
2303,聯電,82,17,65,富邦-桃園,2023-10-04,9665
00637L,元大滬深300正2,67,5,62,富邦-桃園,2023-10-04,9665
6269,台郡,62,0,62,富邦-桃園,2023-10-04,9665
00751B,元大AAA至A公司債,64,8,56,富邦-桃園,2023-10-04,9665
00929,復華台灣科技優息,173,118,55,富邦-桃園,2023-10-04,9665
00687B,國泰20年美債,49,1,48,富邦-桃園,2023-10-04,9665
00919,群益台灣精選高息,78,30,48,富邦-桃園,2023-10-04,9665
3231,緯創,97,52,45,富邦-桃園,2023-10-04,9665
2618,長榮航,69,25,44,富邦-桃園,2023-10-04,9665
3105,穩懋,44,1,43,富邦-桃園,2023-10-04,9665
1303,南亞,42,0,42,富邦-桃園,2023-10-04,9665
2886,兆豐金,42,0,42,富邦-桃園,2023-10-04,9665
2344,華邦電,39,0,39,富邦-桃園,2023-10-04,9665
5880,合庫金,40,1,39,富邦-桃園,2023-10-04,9665
2542,興富發,39,0,39,富邦-桃園,2023-10-04,9665
2352,佳世達,33,0,33,富邦-桃園,2023-10-04,9665
3481,群創,38,5,33,富邦-桃園,2023-10-04,9665
2892,第一金,33,0,33,富邦-桃園,2023-10-04,9665
2881,富邦金,37,6,31,富邦-桃園,2023-10-04,9665
2640,大車隊,30,0,30,富邦-桃園,2023-10-04,9665
1618,合機,30,2,28,富邦-桃園,2023-10-04,9665
00719B,元大美債1-3,28,0,28,富邦-桃園,2023-10-04,9665
3030,德律,28,0,28,富邦-桃園,2023-10-04,9665
2330,台積電,30,2,28,富邦-桃園,2023-10-04,9665
00670L,富邦NASDAQ正2,27,0,27,富邦-桃園,2023-10-04,9665
00696B,富邦美債20年,28,1,27,富邦-桃園,2023-10-04,9665
2882,國泰金,23,0,23,富邦-桃園,2023-10-04,9665
1210,大成,23,1,22,富邦-桃園,2023-10-04,9665
2538,基泰,39,17,22,富邦-桃園,2023-10-04,9665
0050,元大台灣50,22,0,22,富邦-桃園,2023-10-04,9665
2633,台灣高鐵,20,0,20,富邦-桃園,2023-10-04,9665
2392,正崴,20,0,20,富邦-桃園,2023-10-04,9665
2401,凌陽,21,1,20,富邦-桃園,2023-10-04,9665
9105,泰金寶-DR,20,0,20,富邦-桃園,2023-10-04,9665
2801,彰銀,19,0,19,富邦-桃園,2023-10-04,9665
00712,復華富時不動產,302,0,302,富邦-桃園,2023-10-05,9665
2618,長榮航,239,76,163,富邦-桃園,2023-10-05,9665
00929,復華台灣科技優息,162,34,128,富邦-桃園,2023-10-05,9665
00708L,期元大S＆P黃金正2,121,0,121,富邦-桃園,2023-10-05,9665
00679B,元大美債20年,76,11,65,富邦-桃園,2023-10-05,9665
2538,基泰,88,27,61,富邦-桃園,2023-10-05,9665
00922,國泰台灣領袖50,60,2,58,富邦-桃園,2023-10-05,9665
2417,圓剛,137,79,58,富邦-桃園,2023-10-05,9665
2006,東和鋼鐵,50,0,50,富邦-桃園,2023-10-05,9665
2313,華通,54,7,47,富邦-桃園,2023-10-05,9665
00633L,富邦上証正2,43,0,43,富邦-桃園,2023-10-05,9665
6190,萬泰科,35,1,34,富邦-桃園,2023-10-05,9665
4533,協易機,30,0,30,富邦-桃園,2023-10-05,9665
6275,元山,30,3,27,富邦-桃園,2023-10-05,9665
00720B,元大投資級公司債,32,6,26,富邦-桃園,2023-10-05,9665
3030,德律,25,0,25,富邦-桃園,2023-10-05,9665
4173,久裕,25,0,25,富邦-桃園,2023-10-05,9665
3013,晟銘電,75,52,23,富邦-桃園,2023-10-05,9665
9958,世紀鋼,22,0,22,富邦-桃園,2023-10-05,9665
00719B,元大美債1-3,21,0,21,富邦-桃園,2023-10-05,9665
2883,凱基金,25,5,20,富邦-桃園,2023-10-05,9665
2412,中華電,20,0,20,富邦-桃園,2023-10-05,9665
00751B,元大AAA至A公司債,26,6,20,富邦-桃園,2023-10-05,9665
1524,耿鼎,47,27,20,富邦-桃園,2023-10-05,9665
2887,台新金,19,0,19,富邦-桃園,2023-10-05,9665
00891,中信關鍵半導體,21,3,18,富邦-桃園,2023-10-05,9665
00931B,統一美債20年,18,0,18,富邦-桃園,2023-10-05,9665
2376,技嘉,60,43,17,富邦-桃園,2023-10-05,9665
00919,群益台灣精選高息,25,9,16,富邦-桃園,2023-10-05,9665
2405,輔信,18,2,16,富邦-桃園,2023-10-05,9665
2388,威盛,30,15,15,富邦-桃園,2023-10-05,9665
0056,元大高股息,28,13,15,富邦-桃園,2023-10-05,9665
1815,富喬,103,90,13,富邦-桃園,2023-10-05,9665
1514,亞力,20,7,13,富邦-桃園,2023-10-05,9665
00687B,國泰20年美債,13,1,12,富邦-桃園,2023-10-05,9665
3037,欣興,19,7,12,富邦-桃園,2023-10-05,9665
3032,偉訓,49,38,11,富邦-桃園,2023-10-05,9665
6531,愛普*,15,4,11,富邦-桃園,2023-10-05,9665
9933,中鼎,10,0,10,富邦-桃園,2023-10-05,9665
00772B,中信高評級公司債,12,2,10,富邦-桃園,2023-10-05,9665
3276,宇環,10,0,10,富邦-桃園,2023-10-05,9665
6451,訊芯-KY,23,13,10,富邦-桃園,2023-10-05,9665
6579,研揚,10,0,10,富邦-桃園,2023-10-05,9665
8044,網家,10,0,10,富邦-桃園,2023-10-05,9665
5014,建錩,10,0,10,富邦-桃園,2023-10-05,9665
2358,廷鑫,13,3,10,富邦-桃園,2023-10-05,9665
5457,宣德,10,0,10,富邦-桃園,2023-10-05,9665
1603,華電,19,9,10,富邦-桃園,2023-10-05,9665
2427,三商電,15,5,10,富邦-桃園,2023-10-05,9665
3363,上詮,53,44,9,富邦-桃園,2023-10-05,9665
00680L,元大美債20正2,307,1,306,富邦-桃園,2023-10-06,9665
00929,復華台灣科技優息,218,35,183,富邦-桃園,2023-10-06,9665
2637,慧洋-KY,185,8,177,富邦-桃園,2023-10-06,9665
6432,今展科,183,7,176,富邦-桃園,2023-10-06,9665
2421,建準,135,3,132,富邦-桃園,2023-10-06,9665
9105,泰金寶-DR,115,1,114,富邦-桃園,2023-10-06,9665
00673R,期元大S＆P原油反1,120,11,109,富邦-桃園,2023-10-06,9665
2618,長榮航,105,10,95,富邦-桃園,2023-10-06,9665
2486,一詮,123,45,78,富邦-桃園,2023-10-06,9665
2363,矽統,134,66,68,富邦-桃園,2023-10-06,9665
00878,國泰永續高股息,99,39,60,富邦-桃園,2023-10-06,9665
00772B,中信高評級公司債,54,0,54,富邦-桃園,2023-10-06,9665
6288,聯嘉,57,7,50,富邦-桃園,2023-10-06,9665
00930,永豐ESG低碳高息,50,0,50,富邦-桃園,2023-10-06,9665
2409,友達,51,7,44,富邦-桃園,2023-10-06,9665
00712,復華富時不動產,46,4,42,富邦-桃園,2023-10-06,9665
00679B,元大美債20年,67,32,35,富邦-桃園,2023-10-06,9665
3481,群創,34,2,32,富邦-桃園,2023-10-06,9665
2417,圓剛,90,60,30,富邦-桃園,2023-10-06,9665
0056,元大高股息,57,28,29,富邦-桃園,2023-10-06,9665
2313,華通,39,10,29,富邦-桃園,2023-10-06,9665
00922,國泰台灣領袖50,36,9,27,富邦-桃園,2023-10-06,9665
2884,玉山金,31,4,27,富邦-桃園,2023-10-06,9665
2468,華經,35,11,24,富邦-桃園,2023-10-06,9665
6139,亞翔,36,13,23,富邦-桃園,2023-10-06,9665
3037,欣興,30,7,23,富邦-桃園,2023-10-06,9665
2399,映泰,24,4,20,富邦-桃園,2023-10-06,9665
6120,達運,20,1,19,富邦-桃園,2023-10-06,9665
3260,威剛,26,8,18,富邦-桃園,2023-10-06,9665
2883,凱基金,23,6,17,富邦-桃園,2023-10-06,9665
00730,富邦臺灣優質高息,15,0,15,富邦-桃園,2023-10-06,9665
6451,訊芯-KY,20,5,15,富邦-桃園,2023-10-06,9665
00919,群益台灣精選高息,25,10,15,富邦-桃園,2023-10-06,9665
2388,威盛,20,6,14,富邦-桃園,2023-10-06,9665
1324,地球,15,1,14,富邦-桃園,2023-10-06,9665
6670,復盛應用,14,0,14,富邦-桃園,2023-10-06,9665
3438,類比科,15,2,13,富邦-桃園,2023-10-06,9665
2402,毅嘉,15,2,13,富邦-桃園,2023-10-06,9665
00720B,元大投資級公司債,37,24,13,富邦-桃園,2023-10-06,9665
2834,臺企銀,13,0,13,富邦-桃園,2023-10-06,9665
3034,聯詠,12,0,12,富邦-桃園,2023-10-06,9665
4746,台耀,12,0,12,富邦-桃園,2023-10-06,9665
2442,新美齊,13,1,12,富邦-桃園,2023-10-06,9665
2329,華泰,38,27,11,富邦-桃園,2023-10-06,9665
8046,南電,13,2,11,富邦-桃園,2023-10-06,9665
5258,虹堡,16,5,11,富邦-桃園,2023-10-06,9665
2365,昆盈,11,0,11,富邦-桃園,2023-10-06,9665
9950,萬國通,12,1,11,富邦-桃園,2023-10-06,9665
00631L,元大台灣50正2,12,2,10,富邦-桃園,2023-10-06,9665
1618,合機,15,5,10,富邦-桃園,2023-10-06,9665
3231,緯創,564,176,388,富邦-桃園,2023-10-11,9665
2610,華航,188,38,150,富邦-桃園,2023-10-11,9665
00922,國泰台灣領袖50,127,0,127,富邦-桃園,2023-10-11,9665
2002,中鋼,99,2,97,富邦-桃園,2023-10-11,9665
6432,今展科,110,25,85,富邦-桃園,2023-10-11,9665
2606,裕民,71,10,61,富邦-桃園,2023-10-11,9665
00919,群益台灣精選高息,110,49,61,富邦-桃園,2023-10-11,9665
3006,晶豪科,182,122,60,富邦-桃園,2023-10-11,9665
00751B,元大AAA至A公司債,51,0,51,富邦-桃園,2023-10-11,9665
0056,元大高股息,63,12,51,富邦-桃園,2023-10-11,9665
2376,技嘉,124,80,44,富邦-桃園,2023-10-11,9665
6158,禾昌,45,2,43,富邦-桃園,2023-10-11,9665
3325,旭品,64,22,42,富邦-桃園,2023-10-11,9665
2031,新光鋼,42,0,42,富邦-桃園,2023-10-11,9665
1584,精剛,43,1,42,富邦-桃園,2023-10-11,9665
00929,復華台灣科技優息,171,131,40,富邦-桃園,2023-10-11,9665
2618,長榮航,250,213,37,富邦-桃園,2023-10-11,9665
6443,元晶,35,0,35,富邦-桃園,2023-10-11,9665
5381,合正,32,0,32,富邦-桃園,2023-10-11,9665
3481,群創,31,0,31,富邦-桃園,2023-10-11,9665
1815,富喬,81,50,31,富邦-桃園,2023-10-11,9665
2634,漢翔,164,134,30,富邦-桃園,2023-10-11,9665
00772B,中信高評級公司債,41,12,29,富邦-桃園,2023-10-11,9665
6530,創威,32,4,28,富邦-桃園,2023-10-11,9665
00720B,元大投資級公司債,49,22,27,富邦-桃園,2023-10-11,9665
6111,大宇資,26,0,26,富邦-桃園,2023-10-11,9665
00891,中信關鍵半導體,33,9,24,富邦-桃園,2023-10-11,9665
2885,元大金,52,30,22,富邦-桃園,2023-10-11,9665
6139,亞翔,26,4,22,富邦-桃園,2023-10-11,9665
00719B,元大美債1-3,20,0,20,富邦-桃園,2023-10-11,9665
2538,基泰,24,4,20,富邦-桃園,2023-10-11,9665
8410,森田,20,0,20,富邦-桃園,2023-10-11,9665
3715,定穎投控,146,127,19,富邦-桃園,2023-10-11,9665
2607,榮運,20,1,19,富邦-桃園,2023-10-11,9665
4714,永捷,23,5,18,富邦-桃園,2023-10-11,9665
2637,慧洋-KY,29,11,18,富邦-桃園,2023-10-11,9665
3234,光環,18,0,18,富邦-桃園,2023-10-11,9665
2884,玉山金,30,12,18,富邦-桃園,2023-10-11,9665
1609,大亞,18,1,17,富邦-桃園,2023-10-11,9665
3030,德律,20,3,17,富邦-桃園,2023-10-11,9665
00712,復華富時不動產,30,13,17,富邦-桃園,2023-10-11,9665
3037,欣興,35,19,16,富邦-桃園,2023-10-11,9665
3013,晟銘電,70,54,16,富邦-桃園,2023-10-11,9665
8358,金居,28,13,15,富邦-桃園,2023-10-11,9665
5243,乙盛-KY,15,0,15,富邦-桃園,2023-10-11,9665
5351,鈺創,17,2,15,富邦-桃園,2023-10-11,9665
3128,昇銳,15,0,15,富邦-桃園,2023-10-11,9665
6684,安格,22,7,15,富邦-桃園,2023-10-11,9665
3693,營邦,26,11,15,富邦-桃園,2023-10-11,9665
2340,台亞,22,8,14,富邦-桃園,2023-10-11,9665
00680L,元大美債20正2,205,0,205,富邦-桃園,2023-10-12,9665
00673R,期元大S＆P原油反1,110,5,105,富邦-桃園,2023-10-12,9665
1609,大亞,88,7,81,富邦-桃園,2023-10-12,9665
2468,華經,82,2,80,富邦-桃園,2023-10-12,9665
1314,中石化,70,14,56,富邦-桃園,2023-10-12,9665
00720B,元大投資級公司債,50,1,49,富邦-桃園,2023-10-12,9665
2520,冠德,36,0,36,富邦-桃園,2023-10-12,9665
00929,復華台灣科技優息,61,28,33,富邦-桃園,2023-10-12,9665
00931B,統一美債20年,37,4,33,富邦-桃園,2023-10-12,9665
4173,久裕,30,0,30,富邦-桃園,2023-10-12,9665
1584,精剛,33,4,29,富邦-桃園,2023-10-12,9665
6488,環球晶,29,0,29,富邦-桃園,2023-10-12,9665
2888,新光金,26,1,25,富邦-桃園,2023-10-12,9665
2356,英業達,37,13,24,富邦-桃園,2023-10-12,9665
2352,佳世達,25,5,20,富邦-桃園,2023-10-12,9665
1736,喬山,20,0,20,富邦-桃園,2023-10-12,9665
2887,台新金,26,6,20,富邦-桃園,2023-10-12,9665
00751B,元大AAA至A公司債,31,12,19,富邦-桃園,2023-10-12,9665
8050,廣積,21,3,18,富邦-桃園,2023-10-12,9665
2313,華通,38,20,18,富邦-桃園,2023-10-12,9665
00642U,期元大S＆P石油,17,0,17,富邦-桃園,2023-10-12,9665
3051,力特,18,1,17,富邦-桃園,2023-10-12,9665
00679B,元大美債20年,76,60,16,富邦-桃園,2023-10-12,9665
2915,潤泰全,17,1,16,富邦-桃園,2023-10-12,9665
1342,八貫,26,11,15,富邦-桃園,2023-10-12,9665
3236,千如,23,9,14,富邦-桃園,2023-10-12,9665
2409,友達,36,23,13,富邦-桃園,2023-10-12,9665
5381,合正,13,0,13,富邦-桃園,2023-10-12,9665
2488,漢平,14,1,13,富邦-桃園,2023-10-12,9665
3481,群創,23,11,12,富邦-桃園,2023-10-12,9665
00687B,國泰20年美債,16,4,12,富邦-桃園,2023-10-12,9665
1568,倉佑,15,3,12,富邦-桃園,2023-10-12,9665
2610,華航,27,15,12,富邦-桃園,2023-10-12,9665
1612,宏泰,12,0,12,富邦-桃園,2023-10-12,9665
2528,皇普,11,0,11,富邦-桃園,2023-10-12,9665
3013,晟銘電,45,35,10,富邦-桃園,2023-10-12,9665
5607,遠雄港,10,0,10,富邦-桃園,2023-10-12,9665
3030,德律,10,0,10,富邦-桃園,2023-10-12,9665
6285,啟��,12,2,10,富邦-桃園,2023-10-12,9665
00772B,中信高評級公司債,9,0,9,富邦-桃園,2023-10-12,9665
1104,環泥,9,0,9,富邦-桃園,2023-10-12,9665
00637L,元大滬深300正2,15,6,9,富邦-桃園,2023-10-12,9665
6170,統振,11,2,9,富邦-桃園,2023-10-12,9665
2354,鴻準,11,2,9,富邦-桃園,2023-10-12,9665
3325,旭品,39,30,9,富邦-桃園,2023-10-12,9665
2363,矽統,194,185,9,富邦-桃園,2023-10-12,9665
2303,聯電,22,13,9,富邦-桃園,2023-10-12,9665
00920,富邦ESG綠色電力,8,0,8,富邦-桃園,2023-10-12,9665
2838,聯邦銀,8,0,8,富邦-桃園,2023-10-12,9665
4561,健椿,8,0,8,富邦-桃園,2023-10-12,9665
2618,長榮航,302,11,291,富邦-桃園,2023-10-13,9665
6216,居易,154,7,147,富邦-桃園,2023-10-13,9665
00680L,元大美債20正2,139,0,139,富邦-桃園,2023-10-13,9665
00720B,元大投資級公司債,119,0,119,富邦-桃園,2023-10-13,9665
3231,緯創,244,132,112,富邦-桃園,2023-10-13,9665
2344,華邦電,117,12,105,富邦-桃園,2023-10-13,9665
00878,國泰永續高股息,105,9,96,富邦-桃園,2023-10-13,9665
00712,復華富時不動產,93,6,87,富邦-桃園,2023-10-13,9665
0056,元大高股息,86,6,80,富邦-桃園,2023-10-13,9665
6432,今展科,77,3,74,富邦-桃園,2023-10-13,9665
00922,國泰台灣領袖50,66,1,65,富邦-桃園,2023-10-13,9665
2495,普安,50,0,50,富邦-桃園,2023-10-13,9665
2025,千興,50,0,50,富邦-桃園,2023-10-13,9665
1101,台泥,51,1,50,富邦-桃園,2023-10-13,9665
2528,皇普,48,0,48,富邦-桃園,2023-10-13,9665
00724B,群益投資級金融債,36,0,36,富邦-桃園,2023-10-13,9665
3013,晟銘電,72,36,36,富邦-桃園,2023-10-13,9665
2376,技嘉,69,33,36,富邦-桃園,2023-10-13,9665
00715L,期街口布蘭特正2,42,7,35,富邦-桃園,2023-10-13,9665
00919,群益台灣精選高息,89,55,34,富邦-桃園,2023-10-13,9665
2401,凌陽,31,0,31,富邦-桃園,2023-10-13,9665
2609,陽明,30,0,30,富邦-桃園,2023-10-13,9665
2377,微星,30,1,29,富邦-桃園,2023-10-13,9665
00655L,國泰中國A50正2,29,0,29,富邦-桃園,2023-10-13,9665
2382,廣達,60,31,29,富邦-桃園,2023-10-13,9665
00679B,元大美債20年,32,5,27,富邦-桃園,2023-10-13,9665
00687B,國泰20年美債,26,0,26,富邦-桃園,2023-10-13,9665
3715,定穎投控,137,111,26,富邦-桃園,2023-10-13,9665
6491,晶碩,25,0,25,富邦-桃園,2023-10-13,9665
2913,農林,26,1,25,富邦-桃園,2023-10-13,9665
00900,富邦特選高股息30,26,4,22,富邦-桃園,2023-10-13,9665
3037,欣興,32,10,22,富邦-桃園,2023-10-13,9665
8996,高力,49,28,21,富邦-桃園,2023-10-13,9665
3481,群創,22,1,21,富邦-桃園,2023-10-13,9665
6138,茂達,24,4,20,富邦-桃園,2023-10-13,9665
3587,閎康,20,0,20,富邦-桃園,2023-10-13,9665
00719B,元大美債1-3,19,0,19,富邦-桃園,2023-10-13,9665
3030,德律,19,0,19,富邦-桃園,2023-10-13,9665
1605,華新,31,12,19,富邦-桃園,2023-10-13,9665
00905,FT臺灣Smart,18,0,18,富邦-桃園,2023-10-13,9665
8068,全達,17,0,17,富邦-桃園,2023-10-13,9665
00751B,元大AAA至A公司債,16,0,16,富邦-桃園,2023-10-13,9665
2324,仁寶,17,1,16,富邦-桃園,2023-10-13,9665
6284,佳邦,25,9,16,富邦-桃園,2023-10-13,9665
2734,易飛網,17,1,16,富邦-桃園,2023-10-13,9665
2444,兆勁,16,0,16,富邦-桃園,2023-10-13,9665
2486,一詮,16,0,16,富邦-桃園,2023-10-13,9665
1609,大亞,19,3,16,富邦-桃園,2023-10-13,9665
00637L,元大滬深300正2,15,0,15,富邦-桃園,2023-10-13,9665
3202,樺晟,14,0,14,富邦-桃園,2023-10-13,9665
00632R,元大台灣50反1,307,1,306,富邦-桃園,2023-10-16,9665
0056,元大高股息,184,8,176,富邦-桃園,2023-10-16,9665
2618,長榮航,254,91,163,富邦-桃園,2023-10-16,9665
6432,今展科,143,2,141,富邦-桃園,2023-10-16,9665
00715L,期街口布蘭特正2,128,22,106,富邦-桃園,2023-10-16,9665
00929,復華台灣科技優息,256,159,97,富邦-桃園,2023-10-16,9665
2344,華邦電,130,39,91,富邦-桃園,2023-10-16,9665
2363,矽統,359,289,70,富邦-桃園,2023-10-16,9665
00919,群益台灣精選高息,95,30,65,富邦-桃園,2023-10-16,9665
3030,德律,57,0,57,富邦-桃園,2023-10-16,9665
00922,國泰台灣領袖50,57,1,56,富邦-桃園,2023-10-16,9665
6412,群電,50,0,50,富邦-桃園,2023-10-16,9665
00712,復華富時不動產,48,1,47,富邦-桃園,2023-10-16,9665
2515,中工,122,76,46,富邦-桃園,2023-10-16,9665
5347,世界,45,2,43,富邦-桃園,2023-10-16,9665
2610,華航,85,44,41,富邦-桃園,2023-10-16,9665
3017,奇鋐,43,4,39,富邦-桃園,2023-10-16,9665
2486,一詮,41,5,36,富邦-桃園,2023-10-16,9665
8996,高力,66,35,31,富邦-桃園,2023-10-16,9665
00893,國泰智能電動車,31,0,31,富邦-桃園,2023-10-16,9665
2002,中鋼,33,2,31,富邦-桃園,2023-10-16,9665
00751B,元大AAA至A公司債,29,1,28,富邦-桃園,2023-10-16,9665
2516,新建,29,1,28,富邦-桃園,2023-10-16,9665
2376,技嘉,58,31,27,富邦-桃園,2023-10-16,9665
1605,華新,27,0,27,富邦-桃園,2023-10-16,9665
00772B,中信高評級公司債,26,0,26,富邦-桃園,2023-10-16,9665
1718,中纖,25,0,25,富邦-桃園,2023-10-16,9665
3105,穩懋,30,6,24,富邦-桃園,2023-10-16,9665
2474,可成,23,0,23,富邦-桃園,2023-10-16,9665
1524,耿鼎,26,3,23,富邦-桃園,2023-10-16,9665
5381,合正,43,22,21,富邦-桃園,2023-10-16,9665
3706,神達,45,25,20,富邦-桃園,2023-10-16,9665
00719B,元大美債1-3,20,1,19,富邦-桃園,2023-10-16,9665
6282,康舒,25,6,19,富邦-桃園,2023-10-16,9665
3013,晟銘電,34,15,19,富邦-桃園,2023-10-16,9665
2329,華泰,29,11,18,富邦-桃園,2023-10-16,9665
6152,百一,18,0,18,富邦-桃園,2023-10-16,9665
00882,中信中國高股息,23,7,16,富邦-桃園,2023-10-16,9665
2885,元大金,20,5,15,富邦-桃園,2023-10-16,9665
2495,普安,21,6,15,富邦-桃園,2023-10-16,9665
2734,易飛網,16,1,15,富邦-桃園,2023-10-16,9665
5426,振發,15,0,15,富邦-桃園,2023-10-16,9665
2892,第一金,15,1,14,富邦-桃園,2023-10-16,9665
9950,萬國通,17,3,14,富邦-桃園,2023-10-16,9665
6770,力積電,37,24,13,富邦-桃園,2023-10-16,9665
00720B,元大投資級公司債,13,0,13,富邦-桃園,2023-10-16,9665
00670L,富邦NASDAQ正2,12,0,12,富邦-桃園,2023-10-16,9665
4916,事欣科,12,0,12,富邦-桃園,2023-10-16,9665
2443,昶虹,12,0,12,富邦-桃園,2023-10-16,9665
2204,中華,12,0,12,富邦-桃園,2023-10-16,9665
00929,復華台灣科技優息,178,12,166,富邦-桃園,2023-10-17,9665
00751B,元大AAA至A公司債,153,3,150,富邦-桃園,2023-10-17,9665
0056,元大高股息,172,29,143,富邦-桃園,2023-10-17,9665
00922,國泰台灣領袖50,117,3,114,富邦-桃園,2023-10-17,9665
2382,廣達,131,20,111,富邦-桃園,2023-10-17,9665
00878,國泰永續高股息,122,13,109,富邦-桃園,2023-10-17,9665
2618,長榮航,189,81,108,富邦-桃園,2023-10-17,9665
6432,今展科,105,2,103,富邦-桃園,2023-10-17,9665
2031,新光鋼,92,0,92,富邦-桃園,2023-10-17,9665
00687B,國泰20年美債,87,2,85,富邦-桃園,2023-10-17,9665
00724B,群益投資級金融債,68,0,68,富邦-桃園,2023-10-17,9665
1905,華紙,59,6,53,富邦-桃園,2023-10-17,9665
2645,長榮航太,51,0,51,富邦-桃園,2023-10-17,9665
2401,凌陽,73,23,50,富邦-桃園,2023-10-17,9665
00722B,群益投資級電信債,47,0,47,富邦-桃園,2023-10-17,9665
00720B,元大投資級公司債,92,52,40,富邦-桃園,2023-10-17,9665
9904,寶成,40,0,40,富邦-桃園,2023-10-17,9665
2201,裕隆,66,26,40,富邦-桃園,2023-10-17,9665
2356,英業達,60,21,39,富邦-桃園,2023-10-17,9665
3234,光環,36,1,35,富邦-桃園,2023-10-17,9665
2363,矽統,428,395,33,富邦-桃園,2023-10-17,9665
2886,兆豐金,29,0,29,富邦-桃園,2023-10-17,9665
3231,緯創,187,161,26,富邦-桃園,2023-10-17,9665
3032,偉訓,26,2,24,富邦-桃園,2023-10-17,9665
6284,佳邦,29,5,24,富邦-桃園,2023-10-17,9665
00715L,期街口布蘭特正2,25,2,23,富邦-桃園,2023-10-17,9665
2352,佳世達,23,0,23,富邦-桃園,2023-10-17,9665
4931,新盛力,22,0,22,富邦-桃園,2023-10-17,9665
3592,瑞鼎,25,4,21,富邦-桃園,2023-10-17,9665
2376,技嘉,60,39,21,富邦-桃園,2023-10-17,9665
2889,國票金,21,0,21,富邦-桃園,2023-10-17,9665
00680L,元大美債20正2,26,5,21,富邦-桃園,2023-10-17,9665
6491,晶碩,21,0,21,富邦-桃園,2023-10-17,9665
3483,力致,43,22,21,富邦-桃園,2023-10-17,9665
00931B,統一美債20年,21,0,21,富邦-桃園,2023-10-17,9665
00882,中信中國高股息,21,1,20,富邦-桃園,2023-10-17,9665
4746,台耀,20,1,19,富邦-桃園,2023-10-17,9665
2543,皇昌,20,2,18,富邦-桃園,2023-10-17,9665
00907,永豐優息存股,18,0,18,富邦-桃園,2023-10-17,9665
2609,陽明,30,12,18,富邦-桃園,2023-10-17,9665
2888,新光金,16,0,16,富邦-桃園,2023-10-17,9665
00719B,元大美債1-3,16,0,16,富邦-桃園,2023-10-17,9665
6220,岳豐,16,0,16,富邦-桃園,2023-10-17,9665
2884,玉山金,23,7,16,富邦-桃園,2023-10-17,9665
00679B,元大美債20年,55,40,15,富邦-桃園,2023-10-17,9665
2002,中鋼,16,2,14,富邦-桃園,2023-10-17,9665
6168,宏齊,16,2,14,富邦-桃園,2023-10-17,9665
4908,前鼎,21,7,14,富邦-桃園,2023-10-17,9665
1471,首利,20,7,13,富邦-桃園,2023-10-17,9665
00764B,群益25年美債,13,0,13,富邦-桃園,2023-10-17,9665
00878,國泰永續高股息,422,28,394,富邦-桃園,2023-10-18,9665
00929,復華台灣科技優息,400,12,388,富邦-桃園,2023-10-18,9665
0056,元大高股息,394,12,382,富邦-桃園,2023-10-18,9665
2618,長榮航,247,12,235,富邦-桃園,2023-10-18,9665
00919,群益台灣精選高息,233,27,206,富邦-桃園,2023-10-18,9665
2382,廣達,215,76,139,富邦-桃園,2023-10-18,9665
00720B,元大投資級公司債,157,25,132,富邦-桃園,2023-10-18,9665
00922,國泰台灣領袖50,210,100,110,富邦-桃園,2023-10-18,9665
00687B,國泰20年美債,98,0,98,富邦-桃園,2023-10-18,9665
2344,華邦電,89,3,86,富邦-桃園,2023-10-18,9665
2002,中鋼,68,2,66,富邦-桃園,2023-10-18,9665
00751B,元大AAA至A公司債,63,0,63,富邦-桃園,2023-10-18,9665
00696B,富邦美債20年,62,0,62,富邦-桃園,2023-10-18,9665
00632R,元大台灣50反1,131,69,62,富邦-桃園,2023-10-18,9665
3041,揚智,53,0,53,富邦-桃園,2023-10-18,9665
2645,長榮航太,52,0,52,富邦-桃園,2023-10-18,9665
6269,台郡,51,0,51,富邦-桃園,2023-10-18,9665
3374,精材,60,10,50,富邦-桃園,2023-10-18,9665
3030,德律,44,0,44,富邦-桃園,2023-10-18,9665
00724B,群益投資級金融債,43,0,43,富邦-桃園,2023-10-18,9665
2409,友達,42,1,41,富邦-桃園,2023-10-18,9665
00712,復華富時不動產,52,12,40,富邦-桃園,2023-10-18,9665
1101,台泥,51,13,38,富邦-桃園,2023-10-18,9665
2610,華航,78,41,37,富邦-桃園,2023-10-18,9665
00679B,元大美債20年,34,0,34,富邦-桃園,2023-10-18,9665
1471,首利,34,5,29,富邦-桃園,2023-10-18,9665
3481,群創,31,2,29,富邦-桃園,2023-10-18,9665
2486,一詮,33,5,28,富邦-桃園,2023-10-18,9665
00931B,統一美債20年,28,1,27,富邦-桃園,2023-10-18,9665
3715,定穎投控,154,128,26,富邦-桃園,2023-10-18,9665
1609,大亞,29,3,26,富邦-桃園,2023-10-18,9665
2607,榮運,32,6,26,富邦-桃園,2023-10-18,9665
2388,威盛,121,96,25,富邦-桃園,2023-10-18,9665
6168,宏齊,79,55,24,富邦-桃園,2023-10-18,9665
4916,事欣科,24,0,24,富邦-桃園,2023-10-18,9665
8088,品安,39,15,24,富邦-桃園,2023-10-18,9665
2308,台達電,24,1,23,富邦-桃園,2023-10-18,9665
2913,農林,22,0,22,富邦-桃園,2023-10-18,9665
3588,通嘉,48,26,22,富邦-桃園,2023-10-18,9665
8358,金居,23,1,22,富邦-桃園,2023-10-18,9665
1605,華新,21,0,21,富邦-桃園,2023-10-18,9665
2889,國票金,21,0,21,富邦-桃園,2023-10-18,9665
00915,凱基優選高股息30,20,0,20,富邦-桃園,2023-10-18,9665
2495,普安,20,0,20,富邦-桃園,2023-10-18,9665
00730,富邦臺灣優質高息,22,2,20,富邦-桃園,2023-10-18,9665
6220,岳豐,20,0,20,富邦-桃園,2023-10-18,9665
4736,泰博,20,1,19,富邦-桃園,2023-10-18,9665
6443,元晶,20,1,19,富邦-桃園,2023-10-18,9665
2402,毅嘉,21,3,18,富邦-桃園,2023-10-18,9665
6189,豐藝,18,0,18,富邦-桃園,2023-10-18,9665
00933B,國泰10Y+金融債,275,0,275,富邦-桃園,2023-10-19,9665
0056,元大高股息,244,7,237,富邦-桃園,2023-10-19,9665
00674R,期元大S＆P黃金反1,200,0,200,富邦-桃園,2023-10-19,9665
00878,國泰永續高股息,274,83,191,富邦-桃園,2023-10-19,9665
00753L,中信中國50正2,180,0,180,富邦-桃園,2023-10-19,9665
00929,復華台灣科技優息,173,10,163,富邦-桃園,2023-10-19,9665
00720B,元大投資級公司債,176,27,149,富邦-桃園,2023-10-19,9665
00751B,元大AAA至A公司債,149,2,147,富邦-桃園,2023-10-19,9665
00679B,元大美債20年,120,5,115,富邦-桃園,2023-10-19,9665
00637L,元大滬深300正2,155,43,112,富邦-桃園,2023-10-19,9665
00893,國泰智能電動車,97,0,97,富邦-桃園,2023-10-19,9665
9105,泰金寶-DR,100,5,95,富邦-桃園,2023-10-19,9665
1101,台泥,90,5,85,富邦-桃園,2023-10-19,9665
00687B,國泰20年美債,82,15,67,富邦-桃園,2023-10-19,9665
00724B,群益投資級金融債,64,0,64,富邦-桃園,2023-10-19,9665
3231,緯創,114,62,52,富邦-桃園,2023-10-19,9665
3030,德律,47,0,47,富邦-桃園,2023-10-19,9665
2363,矽統,101,55,46,富邦-桃園,2023-10-19,9665
00885,富邦越南,45,0,45,富邦-桃園,2023-10-19,9665
2317,鴻海,45,1,44,富邦-桃園,2023-10-19,9665
00680L,元大美債20正2,43,0,43,富邦-桃園,2023-10-19,9665
00712,復華富時不動產,36,0,36,富邦-桃園,2023-10-19,9665
00907,永豐優息存股,33,0,33,富邦-桃園,2023-10-19,9665
00931B,統一美債20年,32,0,32,富邦-桃園,2023-10-19,9665
00655L,國泰中國A50正2,45,13,32,富邦-桃園,2023-10-19,9665
00632R,元大台灣50反1,116,84,32,富邦-桃園,2023-10-19,9665
6148,驊宏資,30,0,30,富邦-桃園,2023-10-19,9665
00673R,期元大S＆P原油反1,26,0,26,富邦-桃園,2023-10-19,9665
2516,新建,26,2,24,富邦-桃園,2023-10-19,9665
2889,國票金,24,0,24,富邦-桃園,2023-10-19,9665
5488,松普,24,0,24,富邦-桃園,2023-10-19,9665
00696B,富邦美債20年,23,0,23,富邦-桃園,2023-10-19,9665
2402,毅嘉,23,0,23,富邦-桃園,2023-10-19,9665
3588,通嘉,22,2,20,富邦-桃園,2023-10-19,9665
6901,鑽石投資,22,2,20,富邦-桃園,2023-10-19,9665
2645,長榮航太,20,0,20,富邦-桃園,2023-10-19,9665
00633L,富邦上証正2,20,0,20,富邦-桃園,2023-10-19,9665
1609,大亞,22,2,20,富邦-桃園,2023-10-19,9665
8277,商丞,20,0,20,富邦-桃園,2023-10-19,9665
00772B,中信高評級公司債,45,25,20,富邦-桃園,2023-10-19,9665
6168,宏齊,38,19,19,富邦-桃園,2023-10-19,9665
2486,一詮,19,0,19,富邦-桃園,2023-10-19,9665
2886,兆豐金,20,1,19,富邦-桃園,2023-10-19,9665
2002,中鋼,36,17,19,富邦-桃園,2023-10-19,9665
2206,三陽工業,19,0,19,富邦-桃園,2023-10-19,9665
00882,中信中國高股息,18,0,18,富邦-桃園,2023-10-19,9665
00665L,富邦�琤肭磪囓�2,16,0,16,富邦-桃園,2023-10-19,9665
2390,云辰,17,1,16,富邦-桃園,2023-10-19,9665
5521,工信,24,9,15,富邦-桃園,2023-10-19,9665
2354,鴻準,15,0,15,富邦-桃園,2023-10-19,9665
00632R,元大台灣50反1,327,36,291,富邦-桃園,2023-10-20,9665
00712,復華富時不動產,264,0,264,富邦-桃園,2023-10-20,9665
00929,復華台灣科技優息,260,46,214,富邦-桃園,2023-10-20,9665
00882,中信中國高股息,193,0,193,富邦-桃園,2023-10-20,9665
00878,國泰永續高股息,266,153,113,富邦-桃園,2023-10-20,9665
00637L,元大滬深300正2,101,2,99,富邦-桃園,2023-10-20,9665
2363,矽統,116,19,97,富邦-桃園,2023-10-20,9665
5521,工信,109,17,92,富邦-桃園,2023-10-20,9665
00885,富邦越南,87,1,86,富邦-桃園,2023-10-20,9665
0056,元大高股息,146,62,84,富邦-桃園,2023-10-20,9665
2002,中鋼,89,9,80,富邦-桃園,2023-10-20,9665
00669R,國泰美國道瓊反1,80,0,80,富邦-桃園,2023-10-20,9665
1609,大亞,83,3,80,富邦-桃園,2023-10-20,9665
00751B,元大AAA至A公司債,77,2,75,富邦-桃園,2023-10-20,9665
2618,長榮航,136,63,73,富邦-桃園,2023-10-20,9665
00753L,中信中國50正2,73,0,73,富邦-桃園,2023-10-20,9665
3030,德律,66,0,66,富邦-桃園,2023-10-20,9665
2888,新光金,60,1,59,富邦-桃園,2023-10-20,9665
00720B,元大投資級公司債,56,0,56,富邦-桃園,2023-10-20,9665
00933B,國泰10Y+金融債,113,60,53,富邦-桃園,2023-10-20,9665
2352,佳世達,76,24,52,富邦-桃園,2023-10-20,9665
1524,耿鼎,54,11,43,富邦-桃園,2023-10-20,9665
4714,永捷,50,8,42,富邦-桃園,2023-10-20,9665
1608,華榮,41,0,41,富邦-桃園,2023-10-20,9665
00687B,國泰20年美債,53,13,40,富邦-桃園,2023-10-20,9665
2601,益航,35,0,35,富邦-桃園,2023-10-20,9665
2468,華經,35,1,34,富邦-桃園,2023-10-20,9665
00696B,富邦美債20年,34,0,34,富邦-桃園,2023-10-20,9665
2884,玉山金,36,2,34,富邦-桃園,2023-10-20,9665
2027,大成鋼,33,0,33,富邦-桃園,2023-10-20,9665
2883,凱基金,48,15,33,富邦-桃園,2023-10-20,9665
6108,競國,30,0,30,富邦-桃園,2023-10-20,9665
2538,基泰,30,0,30,富邦-桃園,2023-10-20,9665
2885,元大金,78,51,27,富邦-桃園,2023-10-20,9665
2889,國票金,26,0,26,富邦-桃園,2023-10-20,9665
00674R,期元大S＆P黃金反1,26,0,26,富邦-桃園,2023-10-20,9665
00919,群益台灣精選高息,85,60,25,富邦-桃園,2023-10-20,9665
2605,新興,25,1,24,富邦-桃園,2023-10-20,9665
00893,國泰智能電動車,46,24,22,富邦-桃園,2023-10-20,9665
3094,聯傑,33,11,22,富邦-桃園,2023-10-20,9665
2606,裕民,21,0,21,富邦-桃園,2023-10-20,9665
00891,中信關鍵半導體,25,4,21,富邦-桃園,2023-10-20,9665
2882,國泰金,20,0,20,富邦-桃園,2023-10-20,9665
6161,捷波,20,0,20,富邦-桃園,2023-10-20,9665
00922,國泰台灣領袖50,26,7,19,富邦-桃園,2023-10-20,9665
00670L,富邦NASDAQ正2,19,0,19,富邦-桃園,2023-10-20,9665
2204,中華,20,1,19,富邦-桃園,2023-10-20,9665
00900,富邦特選高股息30,20,2,18,富邦-桃園,2023-10-20,9665
2481,強茂,20,2,18,富邦-桃園,2023-10-20,9665
1605,華新,18,0,18,富邦-桃園,2023-10-20,9665
00929,復華台灣科技優息,516,55,461,富邦-桃園,2023-10-23,9665
00712,復華富時不動產,429,28,401,富邦-桃園,2023-10-23,9665
00882,中信中國高股息,180,26,154,富邦-桃園,2023-10-23,9665
0056,元大高股息,178,30,148,富邦-桃園,2023-10-23,9665
2317,鴻海,146,18,128,富邦-桃園,2023-10-23,9665
1305,華夏,120,0,120,富邦-桃園,2023-10-23,9665
00919,群益台灣精選高息,138,26,112,富邦-桃園,2023-10-23,9665
00878,國泰永續高股息,166,83,83,富邦-桃園,2023-10-23,9665
00679B,元大美債20年,60,0,60,富邦-桃園,2023-10-23,9665
2516,新建,64,7,57,富邦-桃園,2023-10-23,9665
2382,廣達,75,20,55,富邦-桃園,2023-10-23,9665
2885,元大金,56,2,54,富邦-桃園,2023-10-23,9665
00720B,元大投資級公司債,58,6,52,富邦-桃園,2023-10-23,9665
1584,精剛,50,0,50,富邦-桃園,2023-10-23,9665
00751B,元大AAA至A公司債,45,0,45,富邦-桃園,2023-10-23,9665
2402,毅嘉,82,38,44,富邦-桃園,2023-10-23,9665
00687B,國泰20年美債,46,3,43,富邦-桃園,2023-10-23,9665
3481,群創,43,1,42,富邦-桃園,2023-10-23,9665
2201,裕隆,36,1,35,富邦-桃園,2023-10-23,9665
00715L,期街口布蘭特正2,38,3,35,富邦-桃園,2023-10-23,9665
2891,中信金,45,11,34,富邦-桃園,2023-10-23,9665
6269,台郡,30,0,30,富邦-桃園,2023-10-23,9665
2606,裕民,53,23,30,富邦-桃園,2023-10-23,9665
2002,中鋼,32,5,27,富邦-桃園,2023-10-23,9665
2409,友達,54,28,26,富邦-桃園,2023-10-23,9665
6023,元大期,25,0,25,富邦-桃園,2023-10-23,9665
3715,定穎投控,101,78,23,富邦-桃園,2023-10-23,9665
6147,頎邦,33,10,23,富邦-桃園,2023-10-23,9665
2816,旺旺保,22,0,22,富邦-桃園,2023-10-23,9665
2618,長榮航,42,22,20,富邦-桃園,2023-10-23,9665
3030,德律,20,0,20,富邦-桃園,2023-10-23,9665
4987,科誠,20,0,20,富邦-桃園,2023-10-23,9665
2352,佳世達,30,11,19,富邦-桃園,2023-10-23,9665
2881,富邦金,21,2,19,富邦-桃園,2023-10-23,9665
00931B,統一美債20年,18,0,18,富邦-桃園,2023-10-23,9665
6187,萬潤,34,18,16,富邦-桃園,2023-10-23,9665
2363,矽統,43,28,15,富邦-桃園,2023-10-23,9665
6526,達發,15,1,14,富邦-桃園,2023-10-23,9665
3013,晟銘電,19,5,14,富邦-桃園,2023-10-23,9665
2605,新興,14,0,14,富邦-桃園,2023-10-23,9665
2344,華邦電,18,4,14,富邦-桃園,2023-10-23,9665
8068,全達,15,1,14,富邦-桃園,2023-10-23,9665
00772B,中信高評級公司債,14,0,14,富邦-桃園,2023-10-23,9665
00933B,國泰10Y+金融債,13,0,13,富邦-桃園,2023-10-23,9665
2356,英業達,17,5,12,富邦-桃園,2023-10-23,9665
00665L,富邦�琤肭磪囓�2,12,0,12,富邦-桃園,2023-10-23,9665
00724B,群益投資級金融債,12,0,12,富邦-桃園,2023-10-23,9665
0050,元大台灣50,15,3,12,富邦-桃園,2023-10-23,9665
6148,驊宏資,11,0,11,富邦-桃園,2023-10-23,9665
6442,光聖,13,2,11,富邦-桃園,2023-10-23,9665
2610,華航,589,32,557,富邦-桃園,2023-10-24,9665
00680L,元大美債20正2,260,2,258,富邦-桃園,2023-10-24,9665
00929,復華台灣科技優息,222,34,188,富邦-桃園,2023-10-24,9665
2317,鴻海,217,40,177,富邦-桃園,2023-10-24,9665
00712,復華富時不動產,177,0,177,富邦-桃園,2023-10-24,9665
2369,菱生,166,39,127,富邦-桃園,2023-10-24,9665
00900,富邦特選高股息30,128,14,114,富邦-桃園,2023-10-24,9665
2401,凌陽,109,7,102,富邦-桃園,2023-10-24,9665
00878,國泰永續高股息,100,23,77,富邦-桃園,2023-10-24,9665
2382,廣達,107,41,66,富邦-桃園,2023-10-24,9665
2891,中信金,56,0,56,富邦-桃園,2023-10-24,9665
00637L,元大滬深300正2,59,10,49,富邦-桃園,2023-10-24,9665
3030,德律,46,0,46,富邦-桃園,2023-10-24,9665
3041,揚智,88,51,37,富邦-桃園,2023-10-24,9665
2002,中鋼,44,11,33,富邦-桃園,2023-10-24,9665
00687B,國泰20年美債,38,6,32,富邦-桃園,2023-10-24,9665
1303,南亞,32,0,32,富邦-桃園,2023-10-24,9665
1721,三晃,45,16,29,富邦-桃園,2023-10-24,9665
6113,亞矽,38,11,27,富邦-桃園,2023-10-24,9665
2516,新建,31,4,27,富邦-桃園,2023-10-24,9665
00931B,統一美債20年,29,3,26,富邦-桃園,2023-10-24,9665
6197,佳必琪,38,12,26,富邦-桃園,2023-10-24,9665
00679B,元大美債20年,38,14,24,富邦-桃園,2023-10-24,9665
4915,致伸,23,0,23,富邦-桃園,2023-10-24,9665
00642U,期元大S＆P石油,22,0,22,富邦-桃園,2023-10-24,9665
2105,正新,20,0,20,富邦-桃園,2023-10-24,9665
3294,英濟,20,0,20,富邦-桃園,2023-10-24,9665
6901,鑽石投資,20,0,20,富邦-桃園,2023-10-24,9665
3122,笙泉,66,46,20,富邦-桃園,2023-10-24,9665
6488,環球晶,19,0,19,富邦-桃園,2023-10-24,9665
00933B,國泰10Y+金融債,26,8,18,富邦-桃園,2023-10-24,9665
2884,玉山金,19,2,17,富邦-桃園,2023-10-24,9665
2881,富邦金,18,2,16,富邦-桃園,2023-10-24,9665
00922,國泰台灣領袖50,20,4,16,富邦-桃園,2023-10-24,9665
6168,宏齊,37,21,16,富邦-桃園,2023-10-24,9665
3051,力特,62,46,16,富邦-桃園,2023-10-24,9665
2355,敬鵬,17,1,16,富邦-桃園,2023-10-24,9665
3231,緯創,176,163,13,富邦-桃園,2023-10-24,9665
2892,第一金,13,0,13,富邦-桃園,2023-10-24,9665
1609,大亞,37,24,13,富邦-桃園,2023-10-24,9665
6290,良維,13,0,13,富邦-桃園,2023-10-24,9665
3014,聯陽,27,15,12,富邦-桃園,2023-10-24,9665
4162,智擎,32,20,12,富邦-桃園,2023-10-24,9665
3013,晟銘電,20,8,12,富邦-桃園,2023-10-24,9665
2530,華建,12,0,12,富邦-桃園,2023-10-24,9665
00675L,富邦臺灣加權正2,11,0,11,富邦-桃園,2023-10-24,9665
2352,佳世達,23,12,11,富邦-桃園,2023-10-24,9665
6806,森崴能源,14,3,11,富邦-桃園,2023-10-24,9665
0056,元大高股息,34,23,11,富邦-桃園,2023-10-24,9665
6005,群益證,10,0,10,富邦-桃園,2023-10-24,9665
00712,復華富時不動產,185,4,181,富邦-桃園,2023-10-25,9665
6182,合晶,152,2,150,富邦-桃園,2023-10-25,9665
2317,鴻海,88,4,84,富邦-桃園,2023-10-25,9665
00929,復華台灣科技優息,100,21,79,富邦-桃園,2023-10-25,9665
3030,德律,76,0,76,富邦-桃園,2023-10-25,9665
00878,國泰永續高股息,78,5,73,富邦-桃園,2023-10-25,9665
1101,台泥,64,1,63,富邦-桃園,2023-10-25,9665
1524,耿鼎,187,126,61,富邦-桃園,2023-10-25,9665
00931B,統一美債20年,65,15,50,富邦-桃園,2023-10-25,9665
2409,友達,70,20,50,富邦-桃園,2023-10-25,9665
00632R,元大台灣50反1,154,107,47,富邦-桃園,2023-10-25,9665
8088,品安,46,0,46,富邦-桃園,2023-10-25,9665
3294,英濟,40,0,40,富邦-桃園,2023-10-25,9665
00679B,元大美債20年,51,13,38,富邦-桃園,2023-10-25,9665
9105,泰金寶-DR,38,0,38,富邦-桃園,2023-10-25,9665
2337,旺宏,84,50,34,富邦-桃園,2023-10-25,9665
00715L,期街口布蘭特正2,37,3,34,富邦-桃園,2023-10-25,9665
2468,華經,31,0,31,富邦-桃園,2023-10-25,9665
2329,華泰,54,23,31,富邦-桃園,2023-10-25,9665
2405,輔信,60,29,31,富邦-桃園,2023-10-25,9665
00655L,國泰中國A50正2,30,1,29,富邦-桃園,2023-10-25,9665
1471,首利,33,4,29,富邦-桃園,2023-10-25,9665
8110,華東,41,14,27,富邦-桃園,2023-10-25,9665
2606,裕民,35,8,27,富邦-桃園,2023-10-25,9665
2356,英業達,36,9,27,富邦-桃園,2023-10-25,9665
2891,中信金,30,6,24,富邦-桃園,2023-10-25,9665
00720B,元大投資級公司債,23,1,22,富邦-桃園,2023-10-25,9665
00933B,國泰10Y+金融債,27,5,22,富邦-桃園,2023-10-25,9665
2412,中華電,22,0,22,富邦-桃園,2023-10-25,9665
2376,技嘉,39,18,21,富邦-桃園,2023-10-25,9665
2323,中環,21,0,21,富邦-桃園,2023-10-25,9665
6432,今展科,19,0,19,富邦-桃園,2023-10-25,9665
00902,中信電池及儲能,24,5,19,富邦-桃園,2023-10-25,9665
4908,前鼎,141,123,18,富邦-桃園,2023-10-25,9665
3035,智原,23,5,18,富邦-桃園,2023-10-25,9665
6197,佳必琪,43,25,18,富邦-桃園,2023-10-25,9665
2002,中鋼,23,6,17,富邦-桃園,2023-10-25,9665
1608,華榮,17,0,17,富邦-桃園,2023-10-25,9665
00687B,國泰20年美債,42,27,15,富邦-桃園,2023-10-25,9665
2618,長榮航,40,25,15,富邦-桃園,2023-10-25,9665
2883,凱基金,15,0,15,富邦-桃園,2023-10-25,9665
6695,芯鼎,15,1,14,富邦-桃園,2023-10-25,9665
4916,事欣科,14,0,14,富邦-桃園,2023-10-25,9665
00642U,期元大S＆P石油,14,0,14,富邦-桃園,2023-10-25,9665
1303,南亞,13,0,13,富邦-桃園,2023-10-25,9665
00680L,元大美債20正2,15,2,13,富邦-桃園,2023-10-25,9665
2886,兆豐金,16,4,12,富邦-桃園,2023-10-25,9665
00713,元大台灣高息低波,12,0,12,富邦-桃園,2023-10-25,9665
3363,上詮,21,10,11,富邦-桃園,2023-10-25,9665
6213,聯茂,14,3,11,富邦-桃園,2023-10-25,9665
00929,復華台灣科技優息,595,21,574,富邦-桃園,2023-10-26,9665
00878,國泰永續高股息,232,32,200,富邦-桃園,2023-10-26,9665
00919,群益台灣精選高息,170,0,170,富邦-桃園,2023-10-26,9665
00712,復華富時不動產,159,1,158,富邦-桃園,2023-10-26,9665
00708L,期元大S＆P黃金正2,150,2,148,富邦-桃園,2023-10-26,9665
0056,元大高股息,122,3,119,富邦-桃園,2023-10-26,9665
00655L,國泰中國A50正2,120,2,118,富邦-桃園,2023-10-26,9665
2883,凱基金,127,11,116,富邦-桃園,2023-10-26,9665
2344,華邦電,124,15,109,富邦-桃園,2023-10-26,9665
3481,群創,101,5,96,富邦-桃園,2023-10-26,9665
6684,安格,127,33,94,富邦-桃園,2023-10-26,9665
1305,華夏,80,0,80,富邦-桃園,2023-10-26,9665
00680L,元大美債20正2,76,0,76,富邦-桃園,2023-10-26,9665
00885,富邦越南,78,14,64,富邦-桃園,2023-10-26,9665
2317,鴻海,82,23,59,富邦-桃園,2023-10-26,9665
3030,德律,57,0,57,富邦-桃園,2023-10-26,9665
6139,亞翔,66,12,54,富邦-桃園,2023-10-26,9665
2303,聯電,89,37,52,富邦-桃園,2023-10-26,9665
00687B,國泰20年美債,62,13,49,富邦-桃園,2023-10-26,9665
2516,新建,51,5,46,富邦-桃園,2023-10-26,9665
1609,大亞,46,1,45,富邦-桃園,2023-10-26,9665
3231,緯創,126,89,37,富邦-桃園,2023-10-26,9665
0050,元大台灣50,34,0,34,富邦-桃園,2023-10-26,9665
2618,長榮航,72,38,34,富邦-桃園,2023-10-26,9665
2412,中華電,33,0,33,富邦-桃園,2023-10-26,9665
2002,中鋼,30,1,29,富邦-桃園,2023-10-26,9665
3289,宜特,31,2,29,富邦-桃園,2023-10-26,9665
00679B,元大美債20年,30,1,29,富邦-桃園,2023-10-26,9665
8358,金居,29,1,28,富邦-桃園,2023-10-26,9665
00922,國泰台灣領袖50,38,10,28,富邦-桃園,2023-10-26,9665
2368,金像電,30,3,27,富邦-桃園,2023-10-26,9665
2402,毅嘉,27,0,27,富邦-桃園,2023-10-26,9665
006208,富邦台50,25,0,25,富邦-桃園,2023-10-26,9665
3044,健鼎,50,26,24,富邦-桃園,2023-10-26,9665
00892,富邦台灣半導體,24,0,24,富邦-桃園,2023-10-26,9665
2887,台新金,24,0,24,富邦-桃園,2023-10-26,9665
2330,台積電,23,0,23,富邦-桃園,2023-10-26,9665
00864B,中信美國公債0-1,23,0,23,富邦-桃園,2023-10-26,9665
1721,三晃,65,43,22,富邦-桃園,2023-10-26,9665
00720B,元大投資級公司債,22,2,20,富邦-桃園,2023-10-26,9665
2369,菱生,37,17,20,富邦-桃園,2023-10-26,9665
3037,欣興,27,8,19,富邦-桃園,2023-10-26,9665
2834,臺企銀,19,0,19,富邦-桃園,2023-10-26,9665
00751B,元大AAA至A公司債,18,0,18,富邦-桃園,2023-10-26,9665
6237,驊訊,31,13,18,富邦-桃園,2023-10-26,9665
2363,矽統,38,20,18,富邦-桃園,2023-10-26,9665
3715,定穎投控,57,40,17,富邦-桃園,2023-10-26,9665
00891,中信關鍵半導體,17,0,17,富邦-桃園,2023-10-26,9665
2610,華航,183,167,16,富邦-桃園,2023-10-26,9665
3346,麗清,21,5,16,富邦-桃園,2023-10-26,9665
00655L,國泰中國A50正2,387,4,383,富邦-桃園,2023-10-27,9665
00753L,中信中國50正2,222,67,155,富邦-桃園,2023-10-27,9665
00929,復華台灣科技優息,177,32,145,富邦-桃園,2023-10-27,9665
00885,富邦越南,127,2,125,富邦-桃園,2023-10-27,9665
00632R,元大台灣50反1,101,1,100,富邦-桃園,2023-10-27,9665
00900,富邦特選高股息30,111,21,90,富邦-桃園,2023-10-27,9665
3030,德律,73,0,73,富邦-桃園,2023-10-27,9665
6271,同欣電,64,0,64,富邦-桃園,2023-10-27,9665
00933B,國泰10Y+金融債,62,1,61,富邦-桃園,2023-10-27,9665
3013,晟銘電,71,17,54,富邦-桃園,2023-10-27,9665
00712,復華富時不動產,82,30,52,富邦-桃園,2023-10-27,9665
2317,鴻海,58,18,40,富邦-桃園,2023-10-27,9665
0056,元大高股息,51,14,37,富邦-桃園,2023-10-27,9665
2356,英業達,46,10,36,富邦-桃園,2023-10-27,9665
2201,裕隆,34,1,33,富邦-桃園,2023-10-27,9665
2323,中環,41,10,31,富邦-桃園,2023-10-27,9665
00679B,元大美債20年,41,10,31,富邦-桃園,2023-10-27,9665
5426,振發,40,10,30,富邦-桃園,2023-10-27,9665
1524,耿鼎,63,33,30,富邦-桃園,2023-10-27,9665
0050,元大台灣50,27,1,26,富邦-桃園,2023-10-27,9665
00795B,中信美國公債20年,23,0,23,富邦-桃園,2023-10-27,9665
2615,萬海,30,7,23,富邦-桃園,2023-10-27,9665
3055,蔚華科,23,2,21,富邦-桃園,2023-10-27,9665
00715L,期街口布蘭特正2,31,10,21,富邦-桃園,2023-10-27,9665
3035,智原,35,15,20,富邦-桃園,2023-10-27,9665
6770,力積電,21,1,20,富邦-桃園,2023-10-27,9665
3346,麗清,20,0,20,富邦-桃園,2023-10-27,9665
2344,華邦電,20,0,20,富邦-桃園,2023-10-27,9665
2618,長榮航,49,29,20,富邦-桃園,2023-10-27,9665
2883,凱基金,27,8,19,富邦-桃園,2023-10-27,9665
2303,聯電,33,16,17,富邦-桃園,2023-10-27,9665
2408,南亞科,18,2,16,富邦-桃園,2023-10-27,9665
6290,良維,22,6,16,富邦-桃園,2023-10-27,9665
1303,南亞,15,0,15,富邦-桃園,2023-10-27,9665
00919,群益台灣精選高息,20,5,15,富邦-桃園,2023-10-27,9665
5351,鈺創,14,0,14,富邦-桃園,2023-10-27,9665
00670L,富邦NASDAQ正2,13,0,13,富邦-桃園,2023-10-27,9665
2888,新光金,13,1,12,富邦-桃園,2023-10-27,9665
3163,波若威,12,0,12,富邦-桃園,2023-10-27,9665
8176,智捷,12,0,12,富邦-桃園,2023-10-27,9665
6216,居易,17,6,11,富邦-桃園,2023-10-27,9665
4743,合一,30,19,11,富邦-桃園,2023-10-27,9665
3264,欣銓,26,15,11,富邦-桃園,2023-10-27,9665
8110,華東,20,9,11,富邦-桃園,2023-10-27,9665
2392,正崴,11,0,11,富邦-桃園,2023-10-27,9665
2337,旺宏,12,1,11,富邦-桃園,2023-10-27,9665
00648R,元大S＆P500反1,10,0,10,富邦-桃園,2023-10-27,9665
2913,農林,10,0,10,富邦-桃園,2023-10-27,9665
2889,國票金,10,0,10,富邦-桃園,2023-10-27,9665
1727,中華化,10,0,10,富邦-桃園,2023-10-27,9665
00753L,中信中國50正2,200,0,200,富邦-桃園,2023-10-30,9665
2356,英業達,206,10,196,富邦-桃園,2023-10-30,9665
2317,鴻海,337,179,158,富邦-桃園,2023-10-30,9665
00712,復華富時不動產,119,1,118,富邦-桃園,2023-10-30,9665
00671R,富邦NASDAQ反1,110,0,110,富邦-桃園,2023-10-30,9665
2610,華航,121,27,94,富邦-桃園,2023-10-30,9665
5483,中美晶,80,10,70,富邦-桃園,2023-10-30,9665
00878,國泰永續高股息,88,23,65,富邦-桃園,2023-10-30,9665
2883,凱基金,67,4,63,富邦-桃園,2023-10-30,9665
00680L,元大美債20正2,61,3,58,富邦-桃園,2023-10-30,9665
6443,元晶,68,21,47,富邦-桃園,2023-10-30,9665
2002,中鋼,50,3,47,富邦-桃園,2023-10-30,9665
3030,德律,45,0,45,富邦-桃園,2023-10-30,9665
2618,長榮航,43,1,42,富邦-桃園,2023-10-30,9665
00929,復華台灣科技優息,76,34,42,富邦-桃園,2023-10-30,9665
0050,元大台灣50,32,1,31,富邦-桃園,2023-10-30,9665
00885,富邦越南,33,3,30,富邦-桃園,2023-10-30,9665
2405,輔信,46,16,30,富邦-桃園,2023-10-30,9665
6477,安集,30,3,27,富邦-桃園,2023-10-30,9665
00751B,元大AAA至A公司債,24,0,24,富邦-桃園,2023-10-30,9665
00655L,國泰中國A50正2,25,1,24,富邦-桃園,2023-10-30,9665
2891,中信金,24,0,24,富邦-桃園,2023-10-30,9665
1795,美時,27,4,23,富邦-桃園,2023-10-30,9665
3715,定穎投控,87,64,23,富邦-桃園,2023-10-30,9665
1303,南亞,21,0,21,富邦-桃園,2023-10-30,9665
3176,基亞,24,4,20,富邦-桃園,2023-10-30,9665
00653L,富邦印度正2,20,0,20,富邦-桃園,2023-10-30,9665
3481,群創,24,6,18,富邦-桃園,2023-10-30,9665
2337,旺宏,30,12,18,富邦-桃園,2023-10-30,9665
5272,笙科,27,11,16,富邦-桃園,2023-10-30,9665
6526,達發,14,0,14,富邦-桃園,2023-10-30,9665
2368,金像電,14,0,14,富邦-桃園,2023-10-30,9665
00919,群益台灣精選高息,19,6,13,富邦-桃園,2023-10-30,9665
2890,永豐金,13,0,13,富邦-桃園,2023-10-30,9665
2885,元大金,23,10,13,富邦-桃園,2023-10-30,9665
8110,華東,13,0,13,富邦-桃園,2023-10-30,9665
00679B,元大美債20年,14,1,13,富邦-桃園,2023-10-30,9665
2308,台達電,13,1,12,富邦-桃園,2023-10-30,9665
4162,智擎,21,9,12,富邦-桃園,2023-10-30,9665
8086,宏捷科,12,0,12,富邦-桃園,2023-10-30,9665
2485,兆赫,31,19,12,富邦-桃園,2023-10-30,9665
6901,鑽石投資,12,0,12,富邦-桃園,2023-10-30,9665
5465,富驊,12,0,12,富邦-桃園,2023-10-30,9665
2376,技嘉,20,9,11,富邦-桃園,2023-10-30,9665
3037,欣興,13,2,11,富邦-桃園,2023-10-30,9665
1519,華城,11,0,11,富邦-桃園,2023-10-30,9665
3122,笙泉,26,15,11,富邦-桃園,2023-10-30,9665
00687B,國泰20年美債,14,3,11,富邦-桃園,2023-10-30,9665
6290,良維,11,0,11,富邦-桃園,2023-10-30,9665
9945,潤泰新,11,0,11,富邦-桃園,2023-10-30,9665
00878,國泰永續高股息,244,8,236,富邦-桃園,2023-10-31,9665
0056,元大高股息,155,12,143,富邦-桃園,2023-10-31,9665
2323,中環,95,6,89,富邦-桃園,2023-10-31,9665
00632R,元大台灣50反1,110,27,83,富邦-桃園,2023-10-31,9665
00919,群益台灣精選高息,84,3,81,富邦-桃園,2023-10-31,9665
4542,科嶠,82,10,72,富邦-桃園,2023-10-31,9665
00671R,富邦NASDAQ反1,70,0,70,富邦-桃園,2023-10-31,9665
00929,復華台灣科技優息,86,18,68,富邦-桃園,2023-10-31,9665
2516,新建,56,0,56,富邦-桃園,2023-10-31,9665
6182,合晶,54,0,54,富邦-桃園,2023-10-31,9665
4128,中天,57,4,53,富邦-桃園,2023-10-31,9665
2317,鴻海,119,68,51,富邦-桃園,2023-10-31,9665
2303,聯電,54,3,51,富邦-桃園,2023-10-31,9665
3481,群創,58,8,50,富邦-桃園,2023-10-31,9665
00893,國泰智能電動車,47,0,47,富邦-桃園,2023-10-31,9665
6290,良維,53,7,46,富邦-桃園,2023-10-31,9665
00715L,期街口布蘭特正2,43,0,43,富邦-桃園,2023-10-31,9665
2201,裕隆,43,1,42,富邦-桃園,2023-10-31,9665
0050,元大台灣50,38,0,38,富邦-桃園,2023-10-31,9665
3587,閎康,38,1,37,富邦-桃園,2023-10-31,9665
1905,華紙,37,1,36,富邦-桃園,2023-10-31,9665
3030,德律,36,0,36,富邦-桃園,2023-10-31,9665
00679B,元大美債20年,35,0,35,富邦-桃園,2023-10-31,9665
4933,友輝,41,7,34,富邦-桃園,2023-10-31,9665
00900,富邦特選高股息30,37,4,33,富邦-桃園,2023-10-31,9665
6161,捷波,33,0,33,富邦-桃園,2023-10-31,9665
1524,耿鼎,232,199,33,富邦-桃園,2023-10-31,9665
3094,聯傑,45,12,33,富邦-桃園,2023-10-31,9665
2382,廣達,106,75,31,富邦-桃園,2023-10-31,9665
2344,華邦電,36,10,26,富邦-桃園,2023-10-31,9665
2006,東和鋼鐵,25,0,25,富邦-桃園,2023-10-31,9665
2816,旺旺保,30,5,25,富邦-桃園,2023-10-31,9665
3576,聯合再生,27,3,24,富邦-桃園,2023-10-31,9665
3037,欣興,28,5,23,富邦-桃園,2023-10-31,9665
2388,威盛,42,20,22,富邦-桃園,2023-10-31,9665
2337,旺宏,23,1,22,富邦-桃園,2023-10-31,9665
3035,智原,35,13,22,富邦-桃園,2023-10-31,9665
2301,光寶科,29,8,21,富邦-桃園,2023-10-31,9665
2204,中華,23,2,21,富邦-桃園,2023-10-31,9665
2538,基泰,20,0,20,富邦-桃園,2023-10-31,9665
00885,富邦越南,27,7,20,富邦-桃園,2023-10-31,9665
00888,永豐台灣ESG,19,0,19,富邦-桃園,2023-10-31,9665
00712,復華富時不動產,19,0,19,富邦-桃園,2023-10-31,9665
3325,旭品,18,0,18,富邦-桃園,2023-10-31,9665
5521,工信,20,2,18,富邦-桃園,2023-10-31,9665
6491,晶碩,17,0,17,富邦-桃園,2023-10-31,9665
1533,車王電,17,0,17,富邦-桃園,2023-10-31,9665
3213,茂訊,20,3,17,富邦-桃園,2023-10-31,9665
2883,凱基金,28,12,16,富邦-桃園,2023-10-31,9665
3704,合勤控,45,29,16,富邦-桃園,2023-10-31,9665
00929,復華台灣科技優息,304,12,292,富邦-桃園,2023-11-01,9665
00934,中信成長高股息,234,0,234,富邦-桃園,2023-11-01,9665
00632R,元大台灣50反1,255,32,223,富邦-桃園,2023-11-01,9665
00878,國泰永續高股息,157,19,138,富邦-桃園,2023-11-01,9665
2382,廣達,163,46,117,富邦-桃園,2023-11-01,9665
00885,富邦越南,109,1,108,富邦-桃園,2023-11-01,9665
2498,宏達電,102,0,102,富邦-桃園,2023-11-01,9665
6191,精成科,149,47,102,富邦-桃園,2023-11-01,9665
1303,南亞,97,0,97,富邦-桃園,2023-11-01,9665
2317,鴻海,117,26,91,富邦-桃園,2023-11-01,9665
9958,世紀鋼,91,25,66,富邦-桃園,2023-11-01,9665
00715L,期街口布蘭特正2,69,10,59,富邦-桃園,2023-11-01,9665
2888,新光金,52,0,52,富邦-桃園,2023-11-01,9665
00679B,元大美債20年,51,0,51,富邦-桃園,2023-11-01,9665
3324,雙鴻,52,3,49,富邦-桃園,2023-11-01,9665
00655L,國泰中國A50正2,56,13,43,富邦-桃園,2023-11-01,9665
2313,華通,36,2,34,富邦-桃園,2023-11-01,9665
2610,華航,84,54,30,富邦-桃園,2023-11-01,9665
00720B,元大投資級公司債,27,0,27,富邦-桃園,2023-11-01,9665
2308,台達電,29,2,27,富邦-桃園,2023-11-01,9665
00795B,中信美國公債20年,25,0,25,富邦-桃園,2023-11-01,9665
00712,復華富時不動產,27,2,25,富邦-桃園,2023-11-01,9665
0056,元大高股息,30,5,25,富邦-桃園,2023-11-01,9665
2353,宏��,23,0,23,富邦-桃園,2023-11-01,9665
00933B,國泰10Y+金融債,24,2,22,富邦-桃園,2023-11-01,9665
6443,元晶,22,1,21,富邦-桃園,2023-11-01,9665
00753L,中信中國50正2,23,2,21,富邦-桃園,2023-11-01,9665
4162,智擎,44,26,18,富邦-桃園,2023-11-01,9665
00751B,元大AAA至A公司債,17,0,17,富邦-桃園,2023-11-01,9665
2486,一詮,32,16,16,富邦-桃園,2023-11-01,9665
2337,旺宏,35,20,15,富邦-桃園,2023-11-01,9665
6285,啟��,26,11,15,富邦-桃園,2023-11-01,9665
6492,生華科,43,28,15,富邦-桃園,2023-11-01,9665
3094,聯傑,29,14,15,富邦-桃園,2023-11-01,9665
1589,永冠-KY,15,0,15,富邦-桃園,2023-11-01,9665
3105,穩懋,24,9,15,富邦-桃園,2023-11-01,9665
00923,群益台ESG低碳50,20,6,14,富邦-桃園,2023-11-01,9665
2427,三商電,32,19,13,富邦-桃園,2023-11-01,9665
6854,錼創科技-KY創,13,0,13,富邦-桃園,2023-11-01,9665
3346,麗清,14,1,13,富邦-桃園,2023-11-01,9665
3006,晶豪科,17,5,12,富邦-桃園,2023-11-01,9665
3030,德律,11,0,11,富邦-桃園,2023-11-01,9665
6113,亞矽,24,13,11,富邦-桃園,2023-11-01,9665
2390,云辰,13,3,10,富邦-桃園,2023-11-01,9665
00924,復華S＆P500成長,10,0,10,富邦-桃園,2023-11-01,9665
6477,安集,10,0,10,富邦-桃園,2023-11-01,9665
8112,至上,16,6,10,富邦-桃園,2023-11-01,9665
2014,中鴻,10,0,10,富邦-桃園,2023-11-01,9665
5469,瀚宇博,20,10,10,富邦-桃園,2023-11-01,9665
6603,富強鑫,10,1,9,富邦-桃園,2023-11-01,9665
2883,凱基金,141,1,140,富邦-桃園,2023-11-02,9665
2516,新建,135,0,135,富邦-桃園,2023-11-02,9665
8054,安國,147,65,82,富邦-桃園,2023-11-02,9665
1324,地球,77,0,77,富邦-桃園,2023-11-02,9665
00934,中信成長高股息,80,4,76,富邦-桃園,2023-11-02,9665
3030,德律,75,0,75,富邦-桃園,2023-11-02,9665
2618,長榮航,93,33,60,富邦-桃園,2023-11-02,9665
00633L,富邦上証正2,50,0,50,富邦-桃園,2023-11-02,9665
00687B,國泰20年美債,49,1,48,富邦-桃園,2023-11-02,9665
6158,禾昌,44,0,44,富邦-桃園,2023-11-02,9665
4167,松瑞藥,42,0,42,富邦-桃園,2023-11-02,9665
3715,定穎投控,129,88,41,富邦-桃園,2023-11-02,9665
00891,中信關鍵半導體,51,12,39,富邦-桃園,2023-11-02,9665
2888,新光金,38,1,37,富邦-桃園,2023-11-02,9665
5014,建錩,30,0,30,富邦-桃園,2023-11-02,9665
00632R,元大台灣50反1,29,0,29,富邦-桃園,2023-11-02,9665
2852,第一保,29,0,29,富邦-桃園,2023-11-02,9665
00637L,元大滬深300正2,30,2,28,富邦-桃園,2023-11-02,9665
1524,耿鼎,90,62,28,富邦-桃園,2023-11-02,9665
00772B,中信高評級公司債,23,1,22,富邦-桃園,2023-11-02,9665
2344,華邦電,44,22,22,富邦-桃園,2023-11-02,9665
00878,國泰永續高股息,51,30,21,富邦-桃園,2023-11-02,9665
8088,品安,57,36,21,富邦-桃園,2023-11-02,9665
9939,宏全,20,0,20,富邦-桃園,2023-11-02,9665
00733,富邦臺灣中小,20,0,20,富邦-桃園,2023-11-02,9665
2886,兆豐金,25,6,19,富邦-桃園,2023-11-02,9665
2356,英業達,30,11,19,富邦-桃園,2023-11-02,9665
1305,華夏,20,1,19,富邦-桃園,2023-11-02,9665
00720B,元大投資級公司債,24,6,18,富邦-桃園,2023-11-02,9665
8277,商丞,18,0,18,富邦-桃園,2023-11-02,9665
3031,佰鴻,18,0,18,富邦-桃園,2023-11-02,9665
2367,燿華,27,10,17,富邦-桃園,2023-11-02,9665
2331,精英,16,0,16,富邦-桃園,2023-11-02,9665
4743,合一,20,5,15,富邦-桃園,2023-11-02,9665
1314,中石化,15,3,12,富邦-桃園,2023-11-02,9665
3372,典範,14,2,12,富邦-桃園,2023-11-02,9665
00715L,期街口布蘭特正2,12,1,11,富邦-桃園,2023-11-02,9665
00648R,元大S＆P500反1,11,0,11,富邦-桃園,2023-11-02,9665
4915,致伸,12,1,11,富邦-桃園,2023-11-02,9665
3213,茂訊,15,4,11,富邦-桃園,2023-11-02,9665
2317,鴻海,50,39,11,富邦-桃園,2023-11-02,9665
9958,世紀鋼,20,10,10,富邦-桃園,2023-11-02,9665
5607,遠雄港,10,0,10,富邦-桃園,2023-11-02,9665
2495,普安,10,0,10,富邦-桃園,2023-11-02,9665
6278,台表科,10,0,10,富邦-桃園,2023-11-02,9665
3437,榮創,10,0,10,富邦-桃園,2023-11-02,9665
00642U,期元大S＆P石油,10,0,10,富邦-桃園,2023-11-02,9665
6244,茂迪,10,0,10,富邦-桃園,2023-11-02,9665
4919,新唐,12,2,10,富邦-桃園,2023-11-02,9665
3704,合勤控,24,14,10,富邦-桃園,2023-11-02,9665
2317,鴻海,134,23,111,富邦-桃園,2023-11-03,9665
2344,華邦電,126,17,109,富邦-桃園,2023-11-03,9665
3213,茂訊,82,6,76,富邦-桃園,2023-11-03,9665
00878,國泰永續高股息,99,25,74,富邦-桃園,2023-11-03,9665
00933B,國泰10Y+金融債,91,21,70,富邦-桃園,2023-11-03,9665
00897,富邦基因免疫生技,60,0,60,富邦-桃園,2023-11-03,9665
2886,兆豐金,100,44,56,富邦-桃園,2023-11-03,9665
3030,德律,55,0,55,富邦-桃園,2023-11-03,9665
9955,佳龍,55,5,50,富邦-桃園,2023-11-03,9665
00720B,元大投資級公司債,56,8,48,富邦-桃園,2023-11-03,9665
1324,地球,44,0,44,富邦-桃園,2023-11-03,9665
3105,穩懋,59,18,41,富邦-桃園,2023-11-03,9665
2537,聯上發,43,2,41,富邦-桃園,2023-11-03,9665
2363,矽統,434,395,39,富邦-桃園,2023-11-03,9665
00934,中信成長高股息,88,51,37,富邦-桃園,2023-11-03,9665
2409,友達,110,75,35,富邦-桃園,2023-11-03,9665
3535,晶彩科,40,6,34,富邦-桃園,2023-11-03,9665
6269,台郡,33,0,33,富邦-桃園,2023-11-03,9665
00885,富邦越南,62,29,33,富邦-桃園,2023-11-03,9665
00922,國泰台灣領袖50,33,1,32,富邦-桃園,2023-11-03,9665
4162,智擎,40,10,30,富邦-桃園,2023-11-03,9665
1905,華紙,30,0,30,富邦-桃園,2023-11-03,9665
2516,新建,30,1,29,富邦-桃園,2023-11-03,9665
3231,緯創,92,63,29,富邦-桃園,2023-11-03,9665
3376,新日興,49,21,28,富邦-桃園,2023-11-03,9665
4133,亞諾法,24,0,24,富邦-桃園,2023-11-03,9665
00722B,群益投資級電信債,23,0,23,富邦-桃園,2023-11-03,9665
2049,上銀,22,1,21,富邦-桃園,2023-11-03,9665
00756B,群益投等新興公債,20,0,20,富邦-桃園,2023-11-03,9665
3128,昇銳,20,0,20,富邦-桃園,2023-11-03,9665
8150,南茂,27,9,18,富邦-桃園,2023-11-03,9665
4906,正文,17,0,17,富邦-桃園,2023-11-03,9665
00881,國泰台灣5G+,16,0,16,富邦-桃園,2023-11-03,9665
00772B,中信高評級公司債,15,1,14,富邦-桃園,2023-11-03,9665
5211,蒙恬,16,2,14,富邦-桃園,2023-11-03,9665
2465,麗臺,16,2,14,富邦-桃園,2023-11-03,9665
00687B,國泰20年美債,22,9,13,富邦-桃園,2023-11-03,9665
00688L,國泰20年美債正2,13,0,13,富邦-桃園,2023-11-03,9665
00895,富邦未來車,28,15,13,富邦-桃園,2023-11-03,9665
5344,立衛,13,0,13,富邦-桃園,2023-11-03,9665
2382,廣達,28,15,13,富邦-桃園,2023-11-03,9665
6187,萬潤,17,5,12,富邦-桃園,2023-11-03,9665
3041,揚智,20,8,12,富邦-桃園,2023-11-03,9665
006208,富邦台50,13,2,11,富邦-桃園,2023-11-03,9665
6204,艾華,16,5,11,富邦-桃園,2023-11-03,9665
6491,晶碩,10,0,10,富邦-桃園,2023-11-03,9665
3066,李洲,10,0,10,富邦-桃園,2023-11-03,9665
00676R,富邦臺灣加權反1,10,0,10,富邦-桃園,2023-11-03,9665
9939,宏全,10,0,10,富邦-桃園,2023-11-03,9665
2337,旺宏,22,12,10,富邦-桃園,2023-11-03,9665
00632R,元大台灣50反1,249,36,213,富邦-桃園,2023-11-06,9665
2618,長榮航,185,38,147,富邦-桃園,2023-11-06,9665
00897,富邦基因免疫生技,121,0,121,富邦-桃園,2023-11-06,9665
2027,大成鋼,108,0,108,富邦-桃園,2023-11-06,9665
2883,凱基金,107,19,88,富邦-桃園,2023-11-06,9665
00679B,元大美債20年,94,18,76,富邦-桃園,2023-11-06,9665
6139,亞翔,84,11,73,富邦-桃園,2023-11-06,9665
2317,鴻海,77,12,65,富邦-桃園,2023-11-06,9665
2634,漢翔,65,1,64,富邦-桃園,2023-11-06,9665
3437,榮創,64,0,64,富邦-桃園,2023-11-06,9665
00934,中信成長高股息,69,6,63,富邦-桃園,2023-11-06,9665
4714,永捷,60,1,59,富邦-桃園,2023-11-06,9665
00720B,元大投資級公司債,52,4,48,富邦-桃園,2023-11-06,9665
2443,昶虹,48,0,48,富邦-桃園,2023-11-06,9665
00715L,期街口布蘭特正2,45,0,45,富邦-桃園,2023-11-06,9665
00933B,國泰10Y+金融債,48,3,45,富邦-桃園,2023-11-06,9665
2313,華通,47,5,42,富邦-桃園,2023-11-06,9665
6197,佳必琪,49,9,40,富邦-桃園,2023-11-06,9665
3030,德律,36,0,36,富邦-桃園,2023-11-06,9665
1785,光洋科,37,1,36,富邦-桃園,2023-11-06,9665
00885,富邦越南,65,31,34,富邦-桃園,2023-11-06,9665
1721,三晃,77,45,32,富邦-桃園,2023-11-06,9665
00930,永豐ESG低碳高息,30,0,30,富邦-桃園,2023-11-06,9665
1324,地球,42,13,29,富邦-桃園,2023-11-06,9665
2388,威盛,165,138,27,富邦-桃園,2023-11-06,9665
00687B,國泰20年美債,27,2,25,富邦-桃園,2023-11-06,9665
3147,大綜,27,2,25,富邦-桃園,2023-11-06,9665
6257,矽格,51,27,24,富邦-桃園,2023-11-06,9665
00751B,元大AAA至A公司債,25,1,24,富邦-桃園,2023-11-06,9665
2002,中鋼,32,9,23,富邦-桃園,2023-11-06,9665
6118,建達,63,41,22,富邦-桃園,2023-11-06,9665
3714,富采,22,0,22,富邦-桃園,2023-11-06,9665
4973,廣穎,22,0,22,富邦-桃園,2023-11-06,9665
2538,基泰,20,0,20,富邦-桃園,2023-11-06,9665
2905,三商,20,0,20,富邦-桃園,2023-11-06,9665
2609,陽明,22,2,20,富邦-桃園,2023-11-06,9665
3231,緯創,47,29,18,富邦-桃園,2023-11-06,9665
4942,嘉彰,18,0,18,富邦-桃園,2023-11-06,9665
2603,長榮,24,7,17,富邦-桃園,2023-11-06,9665
8150,南茂,16,0,16,富邦-桃園,2023-11-06,9665
1503,士電,15,0,15,富邦-桃園,2023-11-06,9665
2023,燁輝,14,0,14,富邦-桃園,2023-11-06,9665
3704,合勤控,15,1,14,富邦-桃園,2023-11-06,9665
3062,建漢,14,0,14,富邦-桃園,2023-11-06,9665
00756B,群益投等新興公債,14,0,14,富邦-桃園,2023-11-06,9665
6245,立端,15,1,14,富邦-桃園,2023-11-06,9665
6770,力積電,20,7,13,富邦-桃園,2023-11-06,9665
2915,潤泰全,15,2,13,富邦-桃園,2023-11-06,9665
00878,國泰永續高股息,82,69,13,富邦-桃園,2023-11-06,9665
00692,富邦公司治理,17,5,12,富邦-桃園,2023-11-06,9665
00919,群益台灣精選高息,132,0,132,富邦-桃園,2023-11-07,9665
2406,國碩,100,0,100,富邦-桃園,2023-11-07,9665
2421,建準,77,10,67,富邦-桃園,2023-11-07,9665
2363,矽統,186,128,58,富邦-桃園,2023-11-07,9665
6023,元大期,50,0,50,富邦-桃園,2023-11-07,9665
00655L,國泰中國A50正2,51,1,50,富邦-桃園,2023-11-07,9665
2610,華航,65,18,47,富邦-桃園,2023-11-07,9665
2317,鴻海,59,13,46,富邦-桃園,2023-11-07,9665
2002,中鋼,45,1,44,富邦-桃園,2023-11-07,9665
9955,佳龍,38,0,38,富邦-桃園,2023-11-07,9665
3030,德律,37,0,37,富邦-桃園,2023-11-07,9665
00679B,元大美債20年,37,2,35,富邦-桃園,2023-11-07,9665
1324,地球,43,8,35,富邦-桃園,2023-11-07,9665
2344,華邦電,34,0,34,富邦-桃園,2023-11-07,9665
00934,中信成長高股息,33,5,28,富邦-桃園,2023-11-07,9665
2618,長榮航,68,41,27,富邦-桃園,2023-11-07,9665
00722B,群益投資級電信債,26,0,26,富邦-桃園,2023-11-07,9665
3034,聯詠,27,2,25,富邦-桃園,2023-11-07,9665
2838,聯邦銀,21,0,21,富邦-桃園,2023-11-07,9665
00930,永豐ESG低碳高息,21,0,21,富邦-桃園,2023-11-07,9665
2408,南亞科,22,3,19,富邦-桃園,2023-11-07,9665
00715L,期街口布蘭特正2,19,0,19,富邦-桃園,2023-11-07,9665
4915,致伸,19,0,19,富邦-桃園,2023-11-07,9665
2465,麗臺,19,0,19,富邦-桃園,2023-11-07,9665
00712,復華富時不動產,38,20,18,富邦-桃園,2023-11-07,9665
2706,第一店,18,0,18,富邦-桃園,2023-11-07,9665
2634,漢翔,57,39,18,富邦-桃園,2023-11-07,9665
3588,通嘉,19,1,18,富邦-桃園,2023-11-07,9665
5425,台半,17,0,17,富邦-桃園,2023-11-07,9665
1524,耿鼎,59,42,17,富邦-桃園,2023-11-07,9665
2883,凱基金,15,0,15,富邦-桃園,2023-11-07,9665
4167,松瑞藥,45,30,15,富邦-桃園,2023-11-07,9665
2498,宏達電,31,18,13,富邦-桃園,2023-11-07,9665
00882,中信中國高股息,13,0,13,富邦-桃園,2023-11-07,9665
00751B,元大AAA至A公司債,17,5,12,富邦-桃園,2023-11-07,9665
6185,幃翔,12,0,12,富邦-桃園,2023-11-07,9665
3450,聯鈞,12,0,12,富邦-桃園,2023-11-07,9665
4164,承業醫,11,0,11,富邦-桃園,2023-11-07,9665
2516,新建,11,0,11,富邦-桃園,2023-11-07,9665
6216,居易,11,0,11,富邦-桃園,2023-11-07,9665
1609,大亞,12,1,11,富邦-桃園,2023-11-07,9665
3481,群創,14,4,10,富邦-桃園,2023-11-07,9665
5351,鈺創,14,4,10,富邦-桃園,2023-11-07,9665
00931B,統一美債20年,10,0,10,富邦-桃園,2023-11-07,9665
1519,華城,31,21,10,富邦-桃園,2023-11-07,9665
6005,群益證,10,0,10,富邦-桃園,2023-11-07,9665
1905,華紙,10,0,10,富邦-桃園,2023-11-07,9665
2605,新興,14,4,10,富邦-桃園,2023-11-07,9665
4108,懷特,10,0,10,富邦-桃園,2023-11-07,9665
3060,銘異,10,0,10,富邦-桃園,2023-11-07,9665
00936,台新永續高息中小,567,11,556,富邦-桃園,2023-11-08,9665
00715L,期街口布蘭特正2,141,20,121,富邦-桃園,2023-11-08,9665
2618,長榮航,116,35,81,富邦-桃園,2023-11-08,9665
2002,中鋼,94,15,79,富邦-桃園,2023-11-08,9665
1314,中石化,102,26,76,富邦-桃園,2023-11-08,9665
2401,凌陽,72,4,68,富邦-桃園,2023-11-08,9665
00632R,元大台灣50反1,120,60,60,富邦-桃園,2023-11-08,9665
2516,新建,51,0,51,富邦-桃園,2023-11-08,9665
2421,建準,88,42,46,富邦-桃園,2023-11-08,9665
3289,宜特,43,0,43,富邦-桃園,2023-11-08,9665
4743,合一,65,29,36,富邦-桃園,2023-11-08,9665
1605,華新,37,1,36,富邦-桃園,2023-11-08,9665
00720B,元大投資級公司債,36,1,35,富邦-桃園,2023-11-08,9665
2888,新光金,41,6,35,富邦-桃園,2023-11-08,9665
6770,力積電,34,1,33,富邦-桃園,2023-11-08,9665
2388,威盛,96,63,33,富邦-桃園,2023-11-08,9665
9958,世紀鋼,58,26,32,富邦-桃園,2023-11-08,9665
2382,廣達,98,66,32,富邦-桃園,2023-11-08,9665
4167,松瑞藥,32,4,28,富邦-桃園,2023-11-08,9665
2488,漢平,32,4,28,富邦-桃園,2023-11-08,9665
2406,國碩,27,0,27,富邦-桃園,2023-11-08,9665
4128,中天,63,38,25,富邦-桃園,2023-11-08,9665
6117,迎廣,80,56,24,富邦-桃園,2023-11-08,9665
00885,富邦越南,25,4,21,富邦-桃園,2023-11-08,9665
2303,聯電,68,47,21,富邦-桃園,2023-11-08,9665
3056,富華新,19,0,19,富邦-桃園,2023-11-08,9665
1905,華紙,17,0,17,富邦-桃園,2023-11-08,9665
1471,首利,19,2,17,富邦-桃園,2023-11-08,9665
00751B,元大AAA至A公司債,17,1,16,富邦-桃園,2023-11-08,9665
1710,東聯,15,0,15,富邦-桃園,2023-11-08,9665
2734,易飛網,15,0,15,富邦-桃園,2023-11-08,9665
1734,杏輝,15,0,15,富邦-桃園,2023-11-08,9665
00722B,群益投資級電信債,15,0,15,富邦-桃園,2023-11-08,9665
5347,世界,18,3,15,富邦-桃園,2023-11-08,9665
8299,群聯,16,3,13,富邦-桃園,2023-11-08,9665
2201,裕隆,17,4,13,富邦-桃園,2023-11-08,9665
2603,長榮,14,1,13,富邦-桃園,2023-11-08,9665
3306,鼎天,13,0,13,富邦-桃園,2023-11-08,9665
3372,典範,15,2,13,富邦-桃園,2023-11-08,9665
3545,敦泰,22,9,13,富邦-桃園,2023-11-08,9665
2347,聯強,17,4,13,富邦-桃園,2023-11-08,9665
2515,中工,13,1,12,富邦-桃園,2023-11-08,9665
3623,富晶通,12,0,12,富邦-桃園,2023-11-08,9665
00655L,國泰中國A50正2,12,0,12,富邦-桃園,2023-11-08,9665
2451,創見,13,1,12,富邦-桃園,2023-11-08,9665
00934,中信成長高股息,11,0,11,富邦-桃園,2023-11-08,9665
00902,中信電池及儲能,11,0,11,富邦-桃園,2023-11-08,9665
6526,達發,13,1,12,富邦-桃園,2023-11-08,9665
00773B,中信優先金融債,11,0,11,富邦-桃園,2023-11-08,9665
00664R,國泰臺灣加權反1,11,0,11,富邦-桃園,2023-11-08,9665
00680L,元大美債20正2,239,12,227,富邦-桃園,2023-11-09,9665
00936,台新永續高息中小,180,10,170,富邦-桃園,2023-11-09,9665
00715L,期街口布蘭特正2,147,2,145,富邦-桃園,2023-11-09,9665
2406,國碩,110,0,110,富邦-桃園,2023-11-09,9665
00878,國泰永續高股息,110,27,83,富邦-桃園,2023-11-09,9665
00931B,統一美債20年,84,10,74,富邦-桃園,2023-11-09,9665
3013,晟銘電,97,41,56,富邦-桃園,2023-11-09,9665
5607,遠雄港,60,4,56,富邦-桃園,2023-11-09,9665
00934,中信成長高股息,47,0,47,富邦-桃園,2023-11-09,9665
2313,華通,50,5,45,富邦-桃園,2023-11-09,9665
3030,德律,44,0,44,富邦-桃園,2023-11-09,9665
6158,禾昌,40,1,39,富邦-桃園,2023-11-09,9665
5347,世界,42,5,37,富邦-桃園,2023-11-09,9665
2317,鴻海,61,23,38,富邦-桃園,2023-11-09,9665
3289,宜特,37,0,37,富邦-桃園,2023-11-09,9665
2734,易飛網,34,0,34,富邦-桃園,2023-11-09,9665
2401,凌陽,44,10,34,富邦-桃園,2023-11-09,9665
00930,永豐ESG低碳高息,32,0,32,富邦-桃園,2023-11-09,9665
2344,華邦電,32,0,32,富邦-桃園,2023-11-09,9665
6142,友勁,30,0,30,富邦-桃園,2023-11-09,9665
2885,元大金,30,0,30,富邦-桃園,2023-11-09,9665
6901,鑽石投資,49,19,30,富邦-桃園,2023-11-09,9665
00933B,國泰10Y+金融債,49,22,27,富邦-桃園,2023-11-09,9665
2427,三商電,32,5,27,富邦-桃園,2023-11-09,9665
6418,詠昇,26,0,26,富邦-桃園,2023-11-09,9665
3545,敦泰,41,16,25,富邦-桃園,2023-11-09,9665
9955,佳龍,30,6,24,富邦-桃園,2023-11-09,9665
00751B,元大AAA至A公司債,25,1,24,富邦-桃園,2023-11-09,9665
8043,蜜望實,26,3,23,富邦-桃園,2023-11-09,9665
2337,旺宏,22,0,22,富邦-桃園,2023-11-09,9665
3588,通嘉,21,0,21,富邦-桃園,2023-11-09,9665
2838,聯邦銀,21,0,21,富邦-桃園,2023-11-09,9665
6120,達運,21,0,21,富邦-桃園,2023-11-09,9665
3437,榮創,20,0,20,富邦-桃園,2023-11-09,9665
00756B,群益投等新興公債,20,0,20,富邦-桃園,2023-11-09,9665
2606,裕民,19,0,19,富邦-桃園,2023-11-09,9665
00688L,國泰20年美債正2,20,2,18,富邦-桃園,2023-11-09,9665
1101,台泥,18,1,17,富邦-桃園,2023-11-09,9665
2609,陽明,24,7,17,富邦-桃園,2023-11-09,9665
3006,晶豪科,18,1,17,富邦-桃園,2023-11-09,9665
2891,中信金,50,34,16,富邦-桃園,2023-11-09,9665
4162,智擎,31,16,15,富邦-桃園,2023-11-09,9665
6244,茂迪,13,0,13,富邦-桃園,2023-11-09,9665
2618,長榮航,117,105,12,富邦-桃園,2023-11-09,9665
00642U,期元大S＆P石油,13,1,12,富邦-桃園,2023-11-09,9665
1314,中石化,34,23,11,富邦-桃園,2023-11-09,9665
2408,南亞科,11,0,11,富邦-桃園,2023-11-09,9665
3622,洋華,18,7,11,富邦-桃園,2023-11-09,9665
3234,光環,11,0,11,富邦-桃園,2023-11-09,9665
2610,華航,66,56,10,富邦-桃園,2023-11-09,9665
2467,志聖,1013,1,1012,富邦-桃園,2023-11-10,9665
00878,國泰永續高股息,114,3,111,富邦-桃園,2023-11-10,9665
2406,國碩,100,0,100,富邦-桃園,2023-11-10,9665
3231,緯創,294,196,98,富邦-桃園,2023-11-10,9665
00680L,元大美債20正2,108,20,88,富邦-桃園,2023-11-10,9665
00936,台新永續高息中小,83,4,79,富邦-桃園,2023-11-10,9665
00929,復華台灣科技優息,151,76,75,富邦-桃園,2023-11-10,9665
00931B,統一美債20年,69,4,65,富邦-桃園,2023-11-10,9665
2516,新建,52,0,52,富邦-桃園,2023-11-10,9665
6901,鑽石投資,76,28,48,富邦-桃園,2023-11-10,9665
00919,群益台灣精選高息,56,8,48,富邦-桃園,2023-11-10,9665
00679B,元大美債20年,56,13,43,富邦-桃園,2023-11-10,9665
2317,鴻海,60,18,42,富邦-桃園,2023-11-10,9665
2609,陽明,45,3,42,富邦-桃園,2023-11-10,9665
3105,穩懋,45,5,40,富邦-桃園,2023-11-10,9665
3030,德律,39,0,39,富邦-桃園,2023-11-10,9665
2363,矽統,213,178,35,富邦-桃園,2023-11-10,9665
00772B,中信高評級公司債,34,0,34,富邦-桃園,2023-11-10,9665
3289,宜特,34,0,34,富邦-桃園,2023-11-10,9665
4128,中天,118,84,34,富邦-桃園,2023-11-10,9665
00687B,國泰20年美債,53,21,32,富邦-桃園,2023-11-10,9665
2618,長榮航,70,40,30,富邦-桃園,2023-11-10,9665
00650L,復華香港正2,30,0,30,富邦-桃園,2023-11-10,9665
4533,協易機,108,79,29,富邦-桃園,2023-11-10,9665
1584,精剛,31,3,28,富邦-桃園,2023-11-10,9665
2201,裕隆,31,4,27,富邦-桃園,2023-11-10,9665
1905,華紙,26,0,26,富邦-桃園,2023-11-10,9665
6418,詠昇,26,0,26,富邦-桃園,2023-11-10,9665
1815,富喬,78,53,25,富邦-桃園,2023-11-10,9665
3535,晶彩科,24,0,24,富邦-桃園,2023-11-10,9665
2883,凱基金,27,4,23,富邦-桃園,2023-11-10,9665
00712,復華富時不動產,22,0,22,富邦-桃園,2023-11-10,9665
2344,華邦電,22,1,21,富邦-桃園,2023-11-10,9665
00637L,元大滬深300正2,21,0,21,富邦-桃園,2023-11-10,9665
2606,裕民,20,0,20,富邦-桃園,2023-11-10,9665
00688L,國泰20年美債正2,18,0,18,富邦-桃園,2023-11-10,9665
2816,旺旺保,29,11,18,富邦-桃園,2023-11-10,9665
6446,藥華藥,21,4,17,富邦-桃園,2023-11-10,9665
3645,達邁,17,0,17,富邦-桃園,2023-11-10,9665
6158,禾昌,16,0,16,富邦-桃園,2023-11-10,9665
9950,萬國通,16,0,16,富邦-桃園,2023-11-10,9665
1455,集盛,25,10,15,富邦-桃園,2023-11-10,9665
6526,達發,17,2,15,富邦-桃園,2023-11-10,9665
00795B,中信美國公債20年,15,0,15,富邦-桃園,2023-11-10,9665
00882,中信中國高股息,15,0,15,富邦-桃園,2023-11-10,9665
3051,力特,15,0,15,富邦-桃園,2023-11-10,9665
2634,漢翔,15,0,15,富邦-桃園,2023-11-10,9665
6770,力積電,20,5,15,富邦-桃園,2023-11-10,9665
4743,合一,100,85,15,富邦-桃園,2023-11-10,9665
3035,智原,27,12,15,富邦-桃園,2023-11-10,9665
00632R,元大台灣50反1,364,65,299,富邦-桃園,2023-11-13,9665
2467,志聖,288,4,284,富邦-桃園,2023-11-13,9665
2883,凱基金,223,17,206,富邦-桃園,2023-11-13,9665
00882,中信中國高股息,273,75,198,富邦-桃園,2023-11-13,9665
00929,復華台灣科技優息,190,46,144,富邦-桃園,2023-11-13,9665
00878,國泰永續高股息,149,14,135,富邦-桃園,2023-11-13,9665
3260,威剛,184,62,122,富邦-桃園,2023-11-13,9665
2882,國泰金,117,3,114,富邦-桃園,2023-11-13,9665
6684,安格,98,0,98,富邦-桃園,2023-11-13,9665
2382,廣達,109,18,91,富邦-桃園,2023-11-13,9665
00679B,元大美債20年,84,1,83,富邦-桃園,2023-11-13,9665
2618,長榮航,102,47,55,富邦-桃園,2023-11-13,9665
6290,良維,65,17,48,富邦-桃園,2023-11-13,9665
3030,德律,47,0,47,富邦-桃園,2023-11-13,9665
00885,富邦越南,58,13,45,富邦-桃園,2023-11-13,9665
00923,群益台ESG低碳50,50,5,45,富邦-桃園,2023-11-13,9665
00720B,元大投資級公司債,38,0,38,富邦-桃園,2023-11-13,9665
5607,遠雄港,40,3,37,富邦-桃園,2023-11-13,9665
00919,群益台灣精選高息,43,9,34,富邦-桃園,2023-11-13,9665
00753L,中信中國50正2,31,0,31,富邦-桃園,2023-11-13,9665
4533,協易機,61,31,30,富邦-桃園,2023-11-13,9665
6237,驊訊,28,0,28,富邦-桃園,2023-11-13,9665
4746,台耀,32,5,27,富邦-桃園,2023-11-13,9665
3450,聯鈞,33,6,27,富邦-桃園,2023-11-13,9665
00712,復華富時不動產,28,1,27,富邦-桃園,2023-11-13,9665
2897,王道銀行,25,0,25,富邦-桃園,2023-11-13,9665
2486,一詮,25,1,24,富邦-桃園,2023-11-13,9665
2363,矽統,166,143,23,富邦-桃園,2023-11-13,9665
2002,中鋼,24,1,23,富邦-桃園,2023-11-13,9665
00935,野村臺灣新科技50,38,15,23,富邦-桃園,2023-11-13,9665
00680L,元大美債20正2,25,2,23,富邦-桃園,2023-11-13,9665
0056,元大高股息,38,17,21,富邦-桃園,2023-11-13,9665
2337,旺宏,20,0,20,富邦-桃園,2023-11-13,9665
00933B,國泰10Y+金融債,20,0,20,富邦-桃園,2023-11-13,9665
3294,英濟,20,0,20,富邦-桃園,2023-11-13,9665
3289,宜特,18,0,18,富邦-桃園,2023-11-13,9665
00936,台新永續高息中小,19,1,18,富邦-桃園,2023-11-13,9665
2049,上銀,20,2,18,富邦-桃園,2023-11-13,9665
6901,鑽石投資,28,11,17,富邦-桃園,2023-11-13,9665
6139,亞翔,30,14,16,富邦-桃園,2023-11-13,9665
8054,安國,34,18,16,富邦-桃園,2023-11-13,9665
6133,金橋,16,0,16,富邦-桃園,2023-11-13,9665
3481,群創,16,0,16,富邦-桃園,2023-11-13,9665
2462,良得電,15,0,15,富邦-桃園,2023-11-13,9665
1795,美時,22,7,15,富邦-桃園,2023-11-13,9665
2515,中工,26,11,15,富邦-桃園,2023-11-13,9665
4933,友輝,14,0,14,富邦-桃園,2023-11-13,9665
2504,國產,14,0,14,富邦-桃園,2023-11-13,9665
3036,文曄,16,2,14,富邦-桃園,2023-11-13,9665
8926,台汽電,13,0,13,富邦-桃園,2023-11-13,9665
2618,長榮航,481,79,402,富邦-桃園,2023-11-14,9665
2467,志聖,118,0,118,富邦-桃園,2023-11-14,9665
3231,緯創,179,64,115,富邦-桃園,2023-11-14,9665
00878,國泰永續高股息,151,41,110,富邦-桃園,2023-11-14,9665
00632R,元大台灣50反1,118,10,108,富邦-桃園,2023-11-14,9665
2883,凱基金,105,4,101,富邦-桃園,2023-11-14,9665
1444,力麗,60,0,60,富邦-桃園,2023-11-14,9665
2412,中華電,50,0,50,富邦-桃園,2023-11-14,9665
00687B,國泰20年美債,46,2,44,富邦-桃園,2023-11-14,9665
00934,中信成長高股息,42,2,40,富邦-桃園,2023-11-14,9665
2356,英業達,51,14,37,富邦-桃園,2023-11-14,9665
3032,偉訓,47,11,36,富邦-桃園,2023-11-14,9665
2402,毅嘉,39,5,34,富邦-桃園,2023-11-14,9665
2887,台新金,33,0,33,富邦-桃園,2023-11-14,9665
2313,華通,58,26,32,富邦-桃園,2023-11-14,9665
00933B,國泰10Y+金融債,31,0,31,富邦-桃園,2023-11-14,9665
00637L,元大滬深300正2,50,20,30,富邦-桃園,2023-11-14,9665
00720B,元大投資級公司債,30,2,28,富邦-桃園,2023-11-14,9665
00756B,群益投等新興公債,28,0,28,富邦-桃園,2023-11-14,9665
00680L,元大美債20正2,25,0,25,富邦-桃園,2023-11-14,9665
4542,科嶠,28,3,25,富邦-桃園,2023-11-14,9665
2610,華航,49,25,24,富邦-桃園,2023-11-14,9665
2485,兆赫,25,2,23,富邦-桃園,2023-11-14,9665
3260,威剛,27,5,22,富邦-桃園,2023-11-14,9665
0056,元大高股息,25,3,22,富邦-桃園,2023-11-14,9665
2516,新建,22,1,21,富邦-桃園,2023-11-14,9665
2390,云辰,21,1,20,富邦-桃園,2023-11-14,9665
6189,豐藝,20,0,20,富邦-桃園,2023-11-14,9665
9958,世紀鋼,29,9,20,富邦-桃園,2023-11-14,9665
3338,泰碩,20,2,18,富邦-桃園,2023-11-14,9665
1314,中石化,20,2,18,富邦-桃園,2023-11-14,9665
6158,禾昌,19,2,17,富邦-桃園,2023-11-14,9665
2891,中信金,70,53,17,富邦-桃園,2023-11-14,9665
8054,安國,23,7,16,富邦-桃園,2023-11-14,9665
5607,遠雄港,16,0,16,富邦-桃園,2023-11-14,9665
3013,晟銘電,30,15,15,富邦-桃園,2023-11-14,9665
2609,陽明,30,16,14,富邦-桃園,2023-11-14,9665
2328,廣宇,14,0,14,富邦-桃園,2023-11-14,9665
2449,京元電子,23,9,14,富邦-桃園,2023-11-14,9665
3037,欣興,18,4,14,富邦-桃園,2023-11-14,9665
6235,華孚,28,14,14,富邦-桃園,2023-11-14,9665
6854,錼創科技-KY創,13,0,13,富邦-桃園,2023-11-14,9665
2611,志信,20,7,13,富邦-桃園,2023-11-14,9665
00900,富邦特選高股息30,19,6,13,富邦-桃園,2023-11-14,9665
5211,蒙恬,28,16,12,富邦-桃園,2023-11-14,9665
6122,擎邦,129,118,11,富邦-桃園,2023-11-14,9665
9921,巨大,11,0,11,富邦-桃園,2023-11-14,9665
8011,台通,16,5,11,富邦-桃園,2023-11-14,9665
8068,全達,11,0,11,富邦-桃園,2023-11-14,9665
8088,品安,15,5,10,富邦-桃園,2023-11-14,9665
2467,志聖,292,1,291,富邦-桃園,2023-11-15,9665
6282,康舒,218,14,204,富邦-桃園,2023-11-15,9665
00878,國泰永續高股息,194,62,132,富邦-桃園,2023-11-15,9665
2607,榮運,87,5,82,富邦-桃園,2023-11-15,9665
00679B,元大美債20年,100,24,76,富邦-桃園,2023-11-15,9665
9945,潤泰新,94,19,75,富邦-桃園,2023-11-15,9665
3714,富采,58,5,53,富邦-桃園,2023-11-15,9665
3481,群創,74,22,52,富邦-桃園,2023-11-15,9665
00655L,國泰中國A50正2,51,1,50,富邦-桃園,2023-11-15,9665
2317,鴻海,63,20,43,富邦-桃園,2023-11-15,9665
2885,元大金,50,8,42,富邦-桃園,2023-11-15,9665
00751B,元大AAA至A公司債,45,4,41,富邦-桃園,2023-11-15,9665
5009,榮剛,41,1,40,富邦-桃園,2023-11-15,9665
6158,禾昌,32,0,32,富邦-桃園,2023-11-15,9665
6143,振曜,40,11,29,富邦-桃園,2023-11-15,9665
00919,群益台灣精選高息,59,31,28,富邦-桃園,2023-11-15,9665
3128,昇銳,28,1,27,富邦-桃園,2023-11-15,9665
1522,堤維西,46,19,27,富邦-桃園,2023-11-15,9665
3276,宇環,64,38,26,富邦-桃園,2023-11-15,9665
6139,亞翔,38,12,26,富邦-桃園,2023-11-15,9665
6491,晶碩,26,0,26,富邦-桃園,2023-11-15,9665
3231,緯創,174,148,26,富邦-桃園,2023-11-15,9665
00637L,元大滬深300正2,24,0,24,富邦-桃園,2023-11-15,9665
6757,台灣虎航,24,0,24,富邦-桃園,2023-11-15,9665
00923,群益台ESG低碳50,31,7,24,富邦-桃園,2023-11-15,9665
3013,晟銘電,54,31,23,富邦-桃園,2023-11-15,9665
00756B,群益投等新興公債,24,1,23,富邦-桃園,2023-11-15,9665
2369,菱生,35,13,22,富邦-桃園,2023-11-15,9665
2063,世鎧,27,5,22,富邦-桃園,2023-11-15,9665
8088,品安,25,3,22,富邦-桃園,2023-11-15,9665
2468,華經,21,0,21,富邦-桃園,2023-11-15,9665
8213,志超,21,0,21,富邦-桃園,2023-11-15,9665
6204,艾華,21,0,21,富邦-桃園,2023-11-15,9665
1447,力鵬,20,0,20,富邦-桃園,2023-11-15,9665
1618,合機,29,9,20,富邦-桃園,2023-11-15,9665
00673R,期元大S＆P原油反1,20,0,20,富邦-桃園,2023-11-15,9665
2489,瑞軒,20,0,20,富邦-桃園,2023-11-15,9665
2504,國產,20,1,19,富邦-桃園,2023-11-15,9665
3450,聯鈞,18,0,18,富邦-桃園,2023-11-15,9665
2515,中工,17,0,17,富邦-桃園,2023-11-15,9665
3311,閎暉,23,6,17,富邦-桃園,2023-11-15,9665
8011,台通,18,1,17,富邦-桃園,2023-11-15,9665
3035,智原,53,37,16,富邦-桃園,2023-11-15,9665
00720B,元大投資級公司債,22,7,15,富邦-桃園,2023-11-15,9665
2331,精英,16,1,15,富邦-桃園,2023-11-15,9665
2630,亞航,16,1,15,富邦-桃園,2023-11-15,9665
3317,尼克森,16,1,15,富邦-桃園,2023-11-15,9665
3706,神達,34,20,14,富邦-桃園,2023-11-15,9665
00688L,國泰20年美債正2,16,3,13,富邦-桃園,2023-11-15,9665
2492,華新科,13,0,13,富邦-桃園,2023-11-15,9665
00679B,元大美債20年,274,11,263,富邦-桃園,2023-11-16,9665
00878,國泰永續高股息,190,30,160,富邦-桃園,2023-11-16,9665
00650L,復華香港正2,110,10,100,富邦-桃園,2023-11-16,9665
00680L,元大美債20正2,75,0,75,富邦-桃園,2023-11-16,9665
2607,榮運,63,2,61,富邦-桃園,2023-11-16,9665
3260,威剛,66,5,61,富邦-桃園,2023-11-16,9665
3030,德律,62,2,60,富邦-桃園,2023-11-16,9665
00715L,期街口布蘭特正2,62,5,57,富邦-桃園,2023-11-16,9665
00931B,統一美債20年,54,0,54,富邦-桃園,2023-11-16,9665
00720B,元大投資級公司債,42,0,42,富邦-桃園,2023-11-16,9665
8936,國統,42,2,40,富邦-桃園,2023-11-16,9665
00751B,元大AAA至A公司債,42,6,36,富邦-桃園,2023-11-16,9665
9904,寶成,40,5,35,富邦-桃園,2023-11-16,9665
2417,圓剛,77,47,30,富邦-桃園,2023-11-16,9665
2723,美食-KY,28,0,28,富邦-桃園,2023-11-16,9665
2367,燿華,38,10,28,富邦-桃園,2023-11-16,9665
00637L,元大滬深300正2,38,10,28,富邦-桃園,2023-11-16,9665
2504,國產,26,0,26,富邦-桃園,2023-11-16,9665
2363,矽統,120,94,26,富邦-桃園,2023-11-16,9665
1718,中纖,25,0,25,富邦-桃園,2023-11-16,9665
2439,美律,33,8,25,富邦-桃園,2023-11-16,9665
3006,晶豪科,41,17,24,富邦-桃園,2023-11-16,9665
00687B,國泰20年美債,25,2,23,富邦-桃園,2023-11-16,9665
3056,富華新,20,0,20,富邦-桃園,2023-11-16,9665
00933B,國泰10Y+金融債,19,0,19,富邦-桃園,2023-11-16,9665
0056,元大高股息,27,9,18,富邦-桃園,2023-11-16,9665
2516,新建,33,15,18,富邦-桃園,2023-11-16,9665
00885,富邦越南,41,25,16,富邦-桃園,2023-11-16,9665
2303,聯電,18,3,15,富邦-桃園,2023-11-16,9665
6284,佳邦,15,0,15,富邦-桃園,2023-11-16,9665
6133,金橋,14,0,14,富邦-桃園,2023-11-16,9665
2352,佳世達,15,2,13,富邦-桃園,2023-11-16,9665
1795,美時,19,6,13,富邦-桃園,2023-11-16,9665
2382,廣達,21,9,12,富邦-桃園,2023-11-16,9665
6104,創惟,15,3,12,富邦-桃園,2023-11-16,9665
00688L,國泰20年美債正2,12,0,12,富邦-桃園,2023-11-16,9665
5871,中租-KY,11,0,11,富邦-桃園,2023-11-16,9665
2402,毅嘉,43,32,11,富邦-桃園,2023-11-16,9665
2369,菱生,28,17,11,富邦-桃園,2023-11-16,9665
8069,元太,14,4,10,富邦-桃園,2023-11-16,9665
2465,麗臺,12,2,10,富邦-桃園,2023-11-16,9665
2442,新美齊,10,0,10,富邦-桃園,2023-11-16,9665
3128,昇銳,10,0,10,富邦-桃園,2023-11-16,9665
00706L,期元大S＆P日圓正2,10,0,10,富邦-桃園,2023-11-16,9665
6152,百一,15,5,10,富邦-桃園,2023-11-16,9665
00633L,富邦上証正2,10,0,10,富邦-桃園,2023-11-16,9665
8213,志超,10,0,10,富邦-桃園,2023-11-16,9665
1524,耿鼎,49,39,10,富邦-桃園,2023-11-16,9665
3035,智原,22,12,10,富邦-桃園,2023-11-16,9665
00919,群益台灣精選高息,13,4,9,富邦-桃園,2023-11-16,9665
2402,毅嘉,259,44,215,富邦-桃園,2023-11-17,9665
00715L,期街口布蘭特正2,206,31,175,富邦-桃園,2023-11-17,9665
00632R,元大台灣50反1,148,0,148,富邦-桃園,2023-11-17,9665
2607,榮運,138,4,134,富邦-桃園,2023-11-17,9665
00650L,復華香港正2,135,15,120,富邦-桃園,2023-11-17,9665
2739,寒舍,89,13,76,富邦-桃園,2023-11-17,9665
1815,富喬,96,25,71,富邦-桃園,2023-11-17,9665
00751B,元大AAA至A公司債,61,0,61,富邦-桃園,2023-11-17,9665
00679B,元大美債20年,54,2,52,富邦-桃園,2023-11-17,9665
3056,富華新,50,0,50,富邦-桃園,2023-11-17,9665
6127,九豪,50,2,48,富邦-桃園,2023-11-17,9665
2324,仁寶,50,4,46,富邦-桃園,2023-11-17,9665
1524,耿鼎,58,15,43,富邦-桃園,2023-11-17,9665
2363,矽統,115,74,41,富邦-桃園,2023-11-17,9665
00930,永豐ESG低碳高息,40,0,40,富邦-桃園,2023-11-17,9665
00665L,富邦�琤肭磪囓�2,35,0,35,富邦-桃園,2023-11-17,9665
1598,岱宇,42,7,35,富邦-桃園,2023-11-17,9665
2347,聯強,34,0,34,富邦-桃園,2023-11-17,9665
5469,瀚宇博,35,1,34,富邦-桃園,2023-11-17,9665
3260,威剛,36,3,33,富邦-桃園,2023-11-17,9665
00922,國泰台灣領袖50,45,13,32,富邦-桃園,2023-11-17,9665
2417,圓剛,56,25,31,富邦-桃園,2023-11-17,9665
5512,力麒,30,2,28,富邦-桃園,2023-11-17,9665
6125,廣運,33,5,28,富邦-桃園,2023-11-17,9665
00720B,元大投資級公司債,28,0,28,富邦-桃園,2023-11-17,9665
00655L,國泰中國A50正2,26,1,25,富邦-桃園,2023-11-17,9665
6237,驊訊,25,2,23,富邦-桃園,2023-11-17,9665
00891,中信關鍵半導體,37,15,22,富邦-桃園,2023-11-17,9665
2486,一詮,23,2,21,富邦-桃園,2023-11-17,9665
2618,長榮航,152,131,21,富邦-桃園,2023-11-17,9665
2504,國產,20,0,20,富邦-桃園,2023-11-17,9665
00722B,群益投資級電信債,20,0,20,富邦-桃園,2023-11-17,9665
2308,台達電,22,3,19,富邦-桃園,2023-11-17,9665
00882,中信中國高股息,19,0,19,富邦-桃園,2023-11-17,9665
2743,山富,47,28,19,富邦-桃園,2023-11-17,9665
1584,精剛,22,3,19,富邦-桃園,2023-11-17,9665
3276,宇環,62,43,19,富邦-桃園,2023-11-17,9665
2338,光罩,19,0,19,富邦-桃園,2023-11-17,9665
3257,虹冠電,17,0,17,富邦-桃園,2023-11-17,9665
2376,技嘉,22,6,16,富邦-桃園,2023-11-17,9665
00688L,國泰20年美債正2,16,0,16,富邦-桃園,2023-11-17,9665
2405,輔信,38,24,14,富邦-桃園,2023-11-17,9665
2313,華通,35,21,14,富邦-桃園,2023-11-17,9665
6901,鑽石投資,16,3,13,富邦-桃園,2023-11-17,9665
4128,中天,14,1,13,富邦-桃園,2023-11-17,9665
2027,大成鋼,19,6,13,富邦-桃園,2023-11-17,9665
3413,京鼎,12,0,12,富邦-桃園,2023-11-17,9665
2352,佳世達,12,0,12,富邦-桃園,2023-11-17,9665
5607,遠雄港,13,1,12,富邦-桃園,2023-11-17,9665
6672,騰輝電子-KY,12,0,12,富邦-桃園,2023-11-17,9665
00885,富邦越南,283,7,276,富邦-桃園,2023-11-20,9665
2722,夏都,113,27,86,富邦-桃園,2023-11-20,9665
2371,大同,78,1,77,富邦-桃園,2023-11-20,9665
9945,潤泰新,73,0,73,富邦-桃園,2023-11-20,9665
00679B,元大美債20年,73,0,73,富邦-桃園,2023-11-20,9665
00929,復華台灣科技優息,283,212,71,富邦-桃園,2023-11-20,9665
4714,永捷,71,1,70,富邦-桃園,2023-11-20,9665
00751B,元大AAA至A公司債,67,0,67,富邦-桃園,2023-11-20,9665
2743,山富,64,4,60,富邦-桃園,2023-11-20,9665
00772B,中信高評級公司債,52,2,50,富邦-桃園,2023-11-20,9665
00919,群益台灣精選高息,54,8,46,富邦-桃園,2023-11-20,9665
2915,潤泰全,39,0,39,富邦-桃園,2023-11-20,9665
00936,台新永續高息中小,40,1,39,富邦-桃園,2023-11-20,9665
00719B,元大美債1-3,41,3,38,富邦-桃園,2023-11-20,9665
00697B,元大美債7-10,35,0,35,富邦-桃園,2023-11-20,9665
2610,華航,75,42,33,富邦-桃園,2023-11-20,9665
00930,永豐ESG低碳高息,40,8,32,富邦-桃園,2023-11-20,9665
00933B,國泰10Y+金融債,31,0,31,富邦-桃園,2023-11-20,9665
5607,遠雄港,52,23,29,富邦-桃園,2023-11-20,9665
1303,南亞,28,0,28,富邦-桃園,2023-11-20,9665
4162,智擎,30,3,27,富邦-桃園,2023-11-20,9665
9904,寶成,26,0,26,富邦-桃園,2023-11-20,9665
2258,鴻華先進-創,26,0,26,富邦-桃園,2023-11-20,9665
5244,弘凱,27,1,26,富邦-桃園,2023-11-20,9665
2530,華建,25,0,25,富邦-桃園,2023-11-20,9665
00687B,國泰20年美債,28,4,24,富邦-桃園,2023-11-20,9665
1598,岱宇,25,1,24,富邦-桃園,2023-11-20,9665
3231,緯創,48,26,22,富邦-桃園,2023-11-20,9665
2406,國碩,22,0,22,富邦-桃園,2023-11-20,9665
5469,瀚宇博,27,6,21,富邦-桃園,2023-11-20,9665
6418,詠昇,50,29,21,富邦-桃園,2023-11-20,9665
00935,野村臺灣新科技50,22,2,20,富邦-桃園,2023-11-20,9665
6005,群益證,20,0,20,富邦-桃園,2023-11-20,9665
5425,台半,19,0,19,富邦-桃園,2023-11-20,9665
6270,倍微,29,10,19,富邦-桃園,2023-11-20,9665
4128,中天,19,1,18,富邦-桃園,2023-11-20,9665
2369,菱生,20,4,16,富邦-桃園,2023-11-20,9665
00632R,元大台灣50反1,17,2,15,富邦-桃園,2023-11-20,9665
8068,全達,15,0,15,富邦-桃園,2023-11-20,9665
2356,英業達,35,21,14,富邦-桃園,2023-11-20,9665
2603,長榮,19,5,14,富邦-桃園,2023-11-20,9665
00892,富邦台灣半導體,18,4,14,富邦-桃園,2023-11-20,9665
3701,大眾控,19,5,14,富邦-桃園,2023-11-20,9665
00706L,期元大S＆P日圓正2,14,0,14,富邦-桃園,2023-11-20,9665
2615,萬海,14,1,13,富邦-桃園,2023-11-20,9665
00931B,統一美債20年,13,0,13,富邦-桃園,2023-11-20,9665
00673R,期元大S＆P原油反1,13,0,13,富邦-桃園,2023-11-20,9665
2482,連宇,13,0,13,富邦-桃園,2023-11-20,9665
00724B,群益投資級金融債,13,0,13,富邦-桃園,2023-11-20,9665
2449,京元電子,21,9,12,富邦-桃園,2023-11-20,9665
00665L,富邦�琤肭磪囓�2,270,2,268,富邦-桃園,2023-11-21,9665
00679B,元大美債20年,117,4,113,富邦-桃園,2023-11-21,9665
2883,凱基金,212,105,107,富邦-桃園,2023-11-21,9665
2406,國碩,100,0,100,富邦-桃園,2023-11-21,9665
00676R,富邦臺灣加權反1,100,0,100,富邦-桃園,2023-11-21,9665
00632R,元大台灣50反1,77,4,73,富邦-桃園,2023-11-21,9665
2344,華邦電,97,34,63,富邦-桃園,2023-11-21,9665
6005,群益證,60,0,60,富邦-桃園,2023-11-21,9665
3059,華晶科,74,18,56,富邦-桃園,2023-11-21,9665
00929,復華台灣科技優息,144,99,45,富邦-桃園,2023-11-21,9665
3231,緯創,143,101,42,富邦-桃園,2023-11-21,9665
00919,群益台灣精選高息,55,14,41,富邦-桃園,2023-11-21,9665
2618,長榮航,70,29,41,富邦-桃園,2023-11-21,9665
00936,台新永續高息中小,61,21,40,富邦-桃園,2023-11-21,9665
3450,聯鈞,47,11,36,富邦-桃園,2023-11-21,9665
2380,虹光,35,0,35,富邦-桃園,2023-11-21,9665
6237,驊訊,54,19,35,富邦-桃園,2023-11-21,9665
2363,矽統,85,51,34,富邦-桃園,2023-11-21,9665
5351,鈺創,71,38,33,富邦-桃園,2023-11-21,9665
00720B,元大投資級公司債,31,0,31,富邦-桃園,2023-11-21,9665
3041,揚智,71,41,30,富邦-桃園,2023-11-21,9665
3013,晟銘電,70,41,29,富邦-桃園,2023-11-21,9665
00664R,國泰臺灣加權反1,25,0,25,富邦-桃園,2023-11-21,9665
4906,正文,25,0,25,富邦-桃園,2023-11-21,9665
3052,夆典,25,0,25,富邦-桃園,2023-11-21,9665
00751B,元大AAA至A公司債,25,1,24,富邦-桃園,2023-11-21,9665
6589,台康生技,25,1,24,富邦-桃園,2023-11-21,9665
00922,國泰台灣領袖50,51,28,23,富邦-桃園,2023-11-21,9665
2329,華泰,41,18,23,富邦-桃園,2023-11-21,9665
2609,陽明,27,5,22,富邦-桃園,2023-11-21,9665
1524,耿鼎,50,28,22,富邦-桃園,2023-11-21,9665
5340,建榮,22,0,22,富邦-桃園,2023-11-21,9665
6201,亞弘電,22,0,22,富邦-桃園,2023-11-21,9665
00857B,永豐20年美公債,21,0,21,富邦-桃園,2023-11-21,9665
5469,瀚宇博,27,6,21,富邦-桃園,2023-11-21,9665
00931B,統一美債20年,20,0,20,富邦-桃園,2023-11-21,9665
00722B,群益投資級電信債,20,0,20,富邦-桃園,2023-11-21,9665
00712,復華富時不動產,29,10,19,富邦-桃園,2023-11-21,9665
2367,燿華,41,23,18,富邦-桃園,2023-11-21,9665
00882,中信中國高股息,15,0,15,富邦-桃園,2023-11-21,9665
6191,精成科,21,6,15,富邦-桃園,2023-11-21,9665
1504,東元,15,0,15,富邦-桃園,2023-11-21,9665
3518,柏騰,14,0,14,富邦-桃園,2023-11-21,9665
1326,台化,15,1,14,富邦-桃園,2023-11-21,9665
2603,長榮,13,0,13,富邦-桃園,2023-11-21,9665
2486,一詮,14,1,13,富邦-桃園,2023-11-21,9665
00673R,期元大S＆P原油反1,13,0,13,富邦-桃園,2023-11-21,9665
3035,智原,27,15,12,富邦-桃園,2023-11-21,9665
2352,佳世達,14,2,12,富邦-桃園,2023-11-21,9665
2009,第一銅,14,2,12,富邦-桃園,2023-11-21,9665
00680L,元大美債20正2,140,0,140,富邦-桃園,2023-11-22,9665
5512,力麒,113,2,111,富邦-桃園,2023-11-22,9665
3231,緯創,168,64,104,富邦-桃園,2023-11-22,9665
2406,國碩,104,1,103,富邦-桃園,2023-11-22,9665
3530,晶相光,104,3,101,富邦-桃園,2023-11-22,9665
2356,英業達,122,25,97,富邦-桃園,2023-11-22,9665
00688L,國泰20年美債正2,78,0,78,富邦-桃園,2023-11-22,9665
2405,輔信,137,78,59,富邦-桃園,2023-11-22,9665
6411,晶焱,67,9,58,富邦-桃園,2023-11-22,9665
00919,群益台灣精選高息,61,5,56,富邦-桃園,2023-11-22,9665
5880,合庫金,51,1,50,富邦-桃園,2023-11-22,9665
00935,野村臺灣新科技50,54,5,49,富邦-桃園,2023-11-22,9665
6108,競國,42,0,42,富邦-桃園,2023-11-22,9665
00929,復華台灣科技優息,108,68,40,富邦-桃園,2023-11-22,9665
3041,揚智,86,46,40,富邦-桃園,2023-11-22,9665
00878,國泰永續高股息,72,32,40,富邦-桃園,2023-11-22,9665
2330,台積電,40,0,40,富邦-桃園,2023-11-22,9665
2201,裕隆,38,0,38,富邦-桃園,2023-11-22,9665
00679B,元大美債20年,39,3,36,富邦-桃園,2023-11-22,9665
2376,技嘉,51,15,36,富邦-桃園,2023-11-22,9665
1444,力麗,45,10,35,富邦-桃園,2023-11-22,9665
00751B,元大AAA至A公司債,31,0,31,富邦-桃園,2023-11-22,9665
2607,榮運,44,13,31,富邦-桃園,2023-11-22,9665
2883,凱基金,42,11,31,富邦-桃園,2023-11-22,9665
00905,FT臺灣Smart,30,0,30,富邦-桃園,2023-11-22,9665
3706,神達,48,21,27,富邦-桃園,2023-11-22,9665
2353,宏��,28,2,26,富邦-桃園,2023-11-22,9665
00882,中信中國高股息,25,0,25,富邦-桃園,2023-11-22,9665
2352,佳世達,25,0,25,富邦-桃園,2023-11-22,9665
2371,大同,26,1,25,富邦-桃園,2023-11-22,9665
2610,華航,80,55,25,富邦-桃園,2023-11-22,9665
2516,新建,46,22,24,富邦-桃園,2023-11-22,9665
1905,華紙,27,5,22,富邦-桃園,2023-11-22,9665
4999,鑫禾,22,0,22,富邦-桃園,2023-11-22,9665
00670L,富邦NASDAQ正2,21,0,21,富邦-桃園,2023-11-22,9665
6237,驊訊,67,47,20,富邦-桃園,2023-11-22,9665
2002,中鋼,26,6,20,富邦-桃園,2023-11-22,9665
00637L,元大滬深300正2,20,0,20,富邦-桃園,2023-11-22,9665
2301,光寶科,23,4,19,富邦-桃園,2023-11-22,9665
6770,力積電,26,7,19,富邦-桃園,2023-11-22,9665
3583,辛耘,25,7,18,富邦-桃園,2023-11-22,9665
00918,大華優利高填息30,18,0,18,富邦-桃園,2023-11-22,9665
4746,台耀,19,1,18,富邦-桃園,2023-11-22,9665
3450,聯鈞,27,9,18,富邦-桃園,2023-11-22,9665
4162,智擎,19,1,18,富邦-桃園,2023-11-22,9665
2892,第一金,20,2,18,富邦-桃園,2023-11-22,9665
2329,華泰,54,36,18,富邦-桃園,2023-11-22,9665
3438,類比科,29,12,17,富邦-桃園,2023-11-22,9665
3189,景碩,17,0,17,富邦-桃園,2023-11-22,9665
00934,中信成長高股息,17,1,16,富邦-桃園,2023-11-22,9665
00673R,期元大S＆P原油反1,250,3,247,富邦-桃園,2023-11-23,9665
00665L,富邦�琤肭磪囓�2,230,0,230,富邦-桃園,2023-11-23,9665
2467,志聖,170,0,170,富邦-桃園,2023-11-23,9665
2344,華邦電,97,6,91,富邦-桃園,2023-11-23,9665
00919,群益台灣精選高息,179,98,81,富邦-桃園,2023-11-23,9665
3176,基亞,87,13,74,富邦-桃園,2023-11-23,9665
4714,永捷,70,0,70,富邦-桃園,2023-11-23,9665
2504,國產,60,0,60,富邦-桃園,2023-11-23,9665
00637L,元大滬深300正2,63,5,58,富邦-桃園,2023-11-23,9665
6282,康舒,168,112,56,富邦-桃園,2023-11-23,9665
00751B,元大AAA至A公司債,66,10,56,富邦-桃園,2023-11-23,9665
00720B,元大投資級公司債,104,50,54,富邦-桃園,2023-11-23,9665
00670L,富邦NASDAQ正2,53,0,53,富邦-桃園,2023-11-23,9665
3231,緯創,90,38,52,富邦-桃園,2023-11-23,9665
00772B,中信高評級公司債,60,10,50,富邦-桃園,2023-11-23,9665
00710B,復華彭博非投等債,50,0,50,富邦-桃園,2023-11-23,9665
00882,中信中國高股息,57,13,44,富邦-桃園,2023-11-23,9665
6005,群益證,40,0,40,富邦-桃園,2023-11-23,9665
2516,新建,50,10,40,富邦-桃園,2023-11-23,9665
2329,華泰,45,6,39,富邦-桃園,2023-11-23,9665
5521,工信,50,11,39,富邦-桃園,2023-11-23,9665
3030,德律,39,0,39,富邦-桃園,2023-11-23,9665
8054,安國,61,23,38,富邦-桃園,2023-11-23,9665
2382,廣達,64,27,37,富邦-桃園,2023-11-23,9665
4906,正文,43,7,36,富邦-桃園,2023-11-23,9665
2501,國建,35,0,35,富邦-桃園,2023-11-23,9665
2363,矽統,123,90,33,富邦-桃園,2023-11-23,9665
9105,泰金寶-DR,35,2,33,富邦-桃園,2023-11-23,9665
1444,力麗,30,2,28,富邦-桃園,2023-11-23,9665
00795B,中信美國公債20年,28,0,28,富邦-桃園,2023-11-23,9665
2892,第一金,50,24,26,富邦-桃園,2023-11-23,9665
3530,晶相光,33,9,24,富邦-桃園,2023-11-23,9665
3035,智原,43,20,23,富邦-桃園,2023-11-23,9665
1616,億泰,23,0,23,富邦-桃園,2023-11-23,9665
4188,安克,23,1,22,富邦-桃園,2023-11-23,9665
2388,威盛,53,31,22,富邦-桃園,2023-11-23,9665
3006,晶豪科,117,95,22,富邦-桃園,2023-11-23,9665
2401,凌陽,26,4,22,富邦-桃園,2023-11-23,9665
00905,FT臺灣Smart,21,0,21,富邦-桃園,2023-11-23,9665
1449,佳和,34,14,20,富邦-桃園,2023-11-23,9665
6418,詠昇,20,0,20,富邦-桃園,2023-11-23,9665
2883B,凱基金乙特,20,0,20,富邦-桃園,2023-11-23,9665
3078,僑威,62,43,19,富邦-桃園,2023-11-23,9665
6533,晶心科,21,4,17,富邦-桃園,2023-11-23,9665
2482,連宇,29,13,16,富邦-桃園,2023-11-23,9665
6201,亞弘電,16,0,16,富邦-桃園,2023-11-23,9665
2317,鴻海,26,11,15,富邦-桃園,2023-11-23,9665
2457,飛宏,39,24,15,富邦-桃園,2023-11-23,9665
6684,安格,98,83,15,富邦-桃園,2023-11-23,9665
2314,台揚,15,0,15,富邦-桃園,2023-11-23,9665
00679B,元大美債20年,516,0,516,富邦-桃園,2023-11-24,9665
2303,聯電,531,80,451,富邦-桃園,2023-11-24,9665
6125,廣運,468,23,445,富邦-桃園,2023-11-24,9665
00655L,國泰中國A50正2,381,3,378,富邦-桃園,2023-11-24,9665
00885,富邦越南,352,4,348,富邦-桃園,2023-11-24,9665
2618,長榮航,295,43,252,富邦-桃園,2023-11-24,9665
2382,廣達,227,12,215,富邦-桃園,2023-11-24,9665
00751B,元大AAA至A公司債,125,0,125,富邦-桃園,2023-11-24,9665
2888,新光金,117,2,115,富邦-桃園,2023-11-24,9665
00919,群益台灣精選高息,116,3,113,富邦-桃園,2023-11-24,9665
00680L,元大美債20正2,111,0,111,富邦-桃園,2023-11-24,9665
2406,國碩,105,2,103,富邦-桃園,2023-11-24,9665
1503,士電,264,179,85,富邦-桃園,2023-11-24,9665
00632R,元大台灣50反1,83,6,77,富邦-桃園,2023-11-24,9665
3006,晶豪科,71,5,66,富邦-桃園,2023-11-24,9665
1471,首利,66,4,62,富邦-桃園,2023-11-24,9665
00936,台新永續高息中小,61,2,59,富邦-桃園,2023-11-24,9665
00720B,元大投資級公司債,59,0,59,富邦-桃園,2023-11-24,9665
00673R,期元大S＆P原油反1,50,0,50,富邦-桃園,2023-11-24,9665
3105,穩懋,59,10,49,富邦-桃園,2023-11-24,9665
5225,東科-KY,48,4,44,富邦-桃園,2023-11-24,9665
2371,大同,79,40,39,富邦-桃園,2023-11-24,9665
00670L,富邦NASDAQ正2,33,0,33,富邦-桃園,2023-11-24,9665
00665L,富邦�琤肭磪囓�2,32,0,32,富邦-桃園,2023-11-24,9665
00687B,國泰20年美債,31,1,30,富邦-桃園,2023-11-24,9665
2641,正德,30,0,30,富邦-桃園,2023-11-24,9665
2340,台亞,38,13,25,富邦-桃園,2023-11-24,9665
00934,中信成長高股息,25,0,25,富邦-桃園,2023-11-24,9665
1460,宏遠,25,0,25,富邦-桃園,2023-11-24,9665
5351,鈺創,75,51,24,富邦-桃園,2023-11-24,9665
2417,圓剛,41,17,24,富邦-桃園,2023-11-24,9665
3013,晟銘電,32,8,24,富邦-桃園,2023-11-24,9665
00878,國泰永續高股息,42,19,23,富邦-桃園,2023-11-24,9665
00688L,國泰20年美債正2,22,0,22,富邦-桃園,2023-11-24,9665
6156,松上,21,0,21,富邦-桃園,2023-11-24,9665
3044,健鼎,21,1,20,富邦-桃園,2023-11-24,9665
00753L,中信中國50正2,20,0,20,富邦-桃園,2023-11-24,9665
6418,詠昇,20,0,20,富邦-桃園,2023-11-24,9665
00725B,國泰投資級公司債,20,0,20,富邦-桃園,2023-11-24,9665
00722B,群益投資級電信債,20,0,20,富邦-桃園,2023-11-24,9665
1721,三晃,21,1,20,富邦-桃園,2023-11-24,9665
3011,今皓,20,0,20,富邦-桃園,2023-11-24,9665
6168,宏齊,36,17,19,富邦-桃園,2023-11-24,9665
2610,華航,34,16,18,富邦-桃園,2023-11-24,9665
3666,光耀,22,4,18,富邦-桃園,2023-11-24,9665
3530,晶相光,27,9,18,富邦-桃園,2023-11-24,9665
2892,第一金,18,2,16,富邦-桃園,2023-11-24,9665
2547,日勝生,16,0,16,富邦-桃園,2023-11-24,9665
2206,三陽工業,19,3,16,富邦-桃園,2023-11-24,9665
3231,緯創,33,18,15,富邦-桃園,2023-11-24,9665
00687B,國泰20年美債,491,0,491,富邦-桃園,2023-11-27,9665
2467,志聖,324,1,323,富邦-桃園,2023-11-27,9665
2630,亞航,228,27,201,富邦-桃園,2023-11-27,9665
6125,廣運,161,8,153,富邦-桃園,2023-11-27,9665
00919,群益台灣精選高息,155,7,148,富邦-桃園,2023-11-27,9665
00882,中信中國高股息,146,0,146,富邦-桃園,2023-11-27,9665
1591,駿吉-KY,150,5,145,富邦-桃園,2023-11-27,9665
00885,富邦越南,108,2,106,富邦-桃園,2023-11-27,9665
00878,國泰永續高股息,111,12,99,富邦-桃園,2023-11-27,9665
4162,智擎,94,12,82,富邦-桃園,2023-11-27,9665
00712,復華富時不動產,80,6,74,富邦-桃園,2023-11-27,9665
3231,緯創,128,57,71,富邦-桃園,2023-11-27,9665
00720B,元大投資級公司債,57,0,57,富邦-桃園,2023-11-27,9665
1584,精剛,59,4,55,富邦-桃園,2023-11-27,9665
2516,新建,57,3,54,富邦-桃園,2023-11-27,9665
2883,凱基金,78,25,53,富邦-桃園,2023-11-27,9665
2382,廣達,70,18,52,富邦-桃園,2023-11-27,9665
3406,玉晶光,55,4,51,富邦-桃園,2023-11-27,9665
6278,台表科,62,11,51,富邦-桃園,2023-11-27,9665
4167,松瑞藥,52,6,46,富邦-桃園,2023-11-27,9665
3090,日電貿,50,6,44,富邦-桃園,2023-11-27,9665
00637L,元大滬深300正2,95,51,44,富邦-桃園,2023-11-27,9665
00935,野村臺灣新科技50,41,0,41,富邦-桃園,2023-11-27,9665
00642U,期元大S＆P石油,40,0,40,富邦-桃園,2023-11-27,9665
2356,英業達,45,5,40,富邦-桃園,2023-11-27,9665
2344,華邦電,40,1,39,富邦-桃園,2023-11-27,9665
00679B,元大美債20年,34,0,34,富邦-桃園,2023-11-27,9665
0056,元大高股息,55,21,34,富邦-桃園,2023-11-27,9665
2610,華航,62,28,34,富邦-桃園,2023-11-27,9665
6235,華孚,45,12,33,富邦-桃園,2023-11-27,9665
2387,精元,33,0,33,富邦-桃園,2023-11-27,9665
2882,國泰金,34,3,31,富邦-桃園,2023-11-27,9665
4142,國光生,32,1,31,富邦-桃園,2023-11-27,9665
00632R,元大台灣50反1,40,10,30,富邦-桃園,2023-11-27,9665
2889,國票金,30,0,30,富邦-桃園,2023-11-27,9665
00633L,富邦上証正2,29,0,29,富邦-桃園,2023-11-27,9665
6282,康舒,55,26,29,富邦-桃園,2023-11-27,9665
3706,神達,35,8,27,富邦-桃園,2023-11-27,9665
6667,信紘科,32,5,27,富邦-桃園,2023-11-27,9665
00751B,元大AAA至A公司債,25,0,25,富邦-桃園,2023-11-27,9665
6274,台燿,27,4,23,富邦-桃園,2023-11-27,9665
00933B,國泰10Y+金融債,25,2,23,富邦-桃園,2023-11-27,9665
6270,倍微,21,0,21,富邦-桃園,2023-11-27,9665
00891,中信關鍵半導體,29,9,20,富邦-桃園,2023-11-27,9665
6443,元晶,21,1,20,富邦-桃園,2023-11-27,9665
6418,詠昇,20,0,20,富邦-桃園,2023-11-27,9665
2734,易飛網,20,0,20,富邦-桃園,2023-11-27,9665
3041,揚智,38,18,20,富邦-桃園,2023-11-27,9665
5347,世界,40,21,19,富邦-桃園,2023-11-27,9665
2317,鴻海,29,10,19,富邦-桃園,2023-11-27,9665
2467,志聖,338,0,338,富邦-桃園,2023-11-28,9665
00882,中信中國高股息,133,0,133,富邦-桃園,2023-11-28,9665
1718,中纖,100,4,96,富邦-桃園,2023-11-28,9665
2516,新建,100,30,70,富邦-桃園,2023-11-28,9665
1101,台泥,121,54,67,富邦-桃園,2023-11-28,9665
00632R,元大台灣50反1,65,2,63,富邦-桃園,2023-11-28,9665
00919,群益台灣精選高息,71,11,60,富邦-桃園,2023-11-28,9665
00891,中信關鍵半導體,58,4,54,富邦-桃園,2023-11-28,9665
2883B,凱基金乙特,48,0,48,富邦-桃園,2023-11-28,9665
2355,敬鵬,52,5,47,富邦-桃園,2023-11-28,9665
2025,千興,49,4,45,富邦-桃園,2023-11-28,9665
3231,緯創,66,22,44,富邦-桃園,2023-11-28,9665
00712,復華富時不動產,48,4,44,富邦-桃園,2023-11-28,9665
2303,聯電,60,18,42,富邦-桃園,2023-11-28,9665
5347,世界,48,6,42,富邦-桃園,2023-11-28,9665
9103,美德醫療-DR,36,0,36,富邦-桃園,2023-11-28,9665
4114,健喬,71,37,34,富邦-桃園,2023-11-28,9665
3030,德律,34,0,34,富邦-桃園,2023-11-28,9665
00687B,國泰20年美債,32,0,32,富邦-桃園,2023-11-28,9665
00772B,中信高評級公司債,32,0,32,富邦-桃園,2023-11-28,9665
6282,康舒,44,16,28,富邦-桃園,2023-11-28,9665
6443,元晶,26,0,26,富邦-桃園,2023-11-28,9665
2439,美律,37,12,25,富邦-桃園,2023-11-28,9665
5340,建榮,25,0,25,富邦-桃園,2023-11-28,9665
00753L,中信中國50正2,26,1,25,富邦-桃園,2023-11-28,9665
00665L,富邦�琤肭磪囓�2,24,0,24,富邦-桃園,2023-11-28,9665
00935,野村臺灣新科技50,22,0,22,富邦-桃園,2023-11-28,9665
00885,富邦越南,23,1,22,富邦-桃園,2023-11-28,9665
2382,廣達,28,6,22,富邦-桃園,2023-11-28,9665
2383,台光電,25,4,21,富邦-桃園,2023-11-28,9665
8358,金居,21,0,21,富邦-桃園,2023-11-28,9665
2891,中信金,40,20,20,富邦-桃園,2023-11-28,9665
00710B,復華彭博非投等債,20,0,20,富邦-桃園,2023-11-28,9665
6418,詠昇,20,0,20,富邦-桃園,2023-11-28,9665
00934,中信成長高股息,19,0,19,富邦-桃園,2023-11-28,9665
6237,驊訊,34,15,19,富邦-桃園,2023-11-28,9665
2457,飛宏,24,6,18,富邦-桃園,2023-11-28,9665
00715L,期街口布蘭特正2,20,2,18,富邦-桃園,2023-11-28,9665
1752,南光,18,0,18,富邦-桃園,2023-11-28,9665
5521,工信,24,6,18,富邦-桃園,2023-11-28,9665
9919,康那香,25,7,18,富邦-桃園,2023-11-28,9665
2401,凌陽,29,12,17,富邦-桃園,2023-11-28,9665
3051,力特,31,14,17,富邦-桃園,2023-11-28,9665
1905,華紙,55,38,17,富邦-桃園,2023-11-28,9665
3092,鴻碩,16,0,16,富邦-桃園,2023-11-28,9665
00720B,元大投資級公司債,15,0,15,富邦-桃園,2023-11-28,9665
2417,圓剛,23,8,15,富邦-桃園,2023-11-28,9665
2530,華建,15,0,15,富邦-桃園,2023-11-28,9665
1504,東元,16,3,13,富邦-桃園,2023-11-28,9665
3138,耀登,14,2,12,富邦-桃園,2023-11-28,9665
00655L,國泰中國A50正2,418,0,418,富邦-桃園,2023-11-29,9665
00882,中信中國高股息,155,5,150,富邦-桃園,2023-11-29,9665
2467,志聖,146,0,146,富邦-桃園,2023-11-29,9665
00919,群益台灣精選高息,155,13,142,富邦-桃園,2023-11-29,9665
00650L,復華香港正2,88,0,88,富邦-桃園,2023-11-29,9665
00665L,富邦�琤肭磪囓�2,100,20,80,富邦-桃園,2023-11-29,9665
00680L,元大美債20正2,80,3,77,富邦-桃園,2023-11-29,9665
4714,永捷,73,2,71,富邦-桃園,2023-11-29,9665
2329,華泰,144,86,58,富邦-桃園,2023-11-29,9665
2883,凱基金,78,27,51,富邦-桃園,2023-11-29,9665
00673R,期元大S＆P原油反1,50,0,50,富邦-桃園,2023-11-29,9665
00679B,元大美債20年,47,0,47,富邦-桃園,2023-11-29,9665
00720B,元大投資級公司債,45,3,42,富邦-桃園,2023-11-29,9665
2610,華航,60,21,39,富邦-桃園,2023-11-29,9665
2605,新興,47,12,35,富邦-桃園,2023-11-29,9665
3047,訊舟,35,1,34,富邦-桃園,2023-11-29,9665
3041,揚智,38,5,33,富邦-桃園,2023-11-29,9665
3030,德律,30,0,30,富邦-桃園,2023-11-29,9665
00930,永豐ESG低碳高息,30,0,30,富邦-桃園,2023-11-29,9665
5475,德宏,29,0,29,富邦-桃園,2023-11-29,9665
00664R,國泰臺灣加權反1,30,2,28,富邦-桃園,2023-11-29,9665
2516,新建,27,0,27,富邦-桃園,2023-11-29,9665
6488,環球晶,30,3,27,富邦-桃園,2023-11-29,9665
00712,復華富時不動產,24,0,24,富邦-桃園,2023-11-29,9665
5351,鈺創,63,40,23,富邦-桃園,2023-11-29,9665
2408,南亞科,37,15,22,富邦-桃園,2023-11-29,9665
2363,矽統,42,20,22,富邦-桃園,2023-11-29,9665
00751B,元大AAA至A公司債,22,0,22,富邦-桃園,2023-11-29,9665
3231,緯創,48,26,22,富邦-桃園,2023-11-29,9665
00857B,永豐20年美公債,21,0,21,富邦-桃園,2023-11-29,9665
6282,康舒,31,10,21,富邦-桃園,2023-11-29,9665
00687B,國泰20年美債,32,11,21,富邦-桃園,2023-11-29,9665
5014,建錩,21,0,21,富邦-桃園,2023-11-29,9665
9103,美德醫療-DR,26,5,21,富邦-桃園,2023-11-29,9665
3545,敦泰,46,26,20,富邦-桃園,2023-11-29,9665
3052,夆典,40,20,20,富邦-桃園,2023-11-29,9665
00688L,國泰20年美債正2,20,0,20,富邦-桃園,2023-11-29,9665
2897,王道銀行,20,0,20,富邦-桃園,2023-11-29,9665
2913,農林,20,0,20,富邦-桃園,2023-11-29,9665
5608,四維航,32,12,20,富邦-桃園,2023-11-29,9665
00637L,元大滬深300正2,49,30,19,富邦-桃園,2023-11-29,9665
2816,旺旺保,23,4,19,富邦-桃園,2023-11-29,9665
6243,迅杰,65,47,18,富邦-桃園,2023-11-29,9665
2369,菱生,95,77,18,富邦-桃園,2023-11-29,9665
1529,樂事綠能,21,4,17,富邦-桃園,2023-11-29,9665
2354,鴻準,21,5,16,富邦-桃園,2023-11-29,9665
8150,南茂,17,1,16,富邦-桃園,2023-11-29,9665
2618,長榮航,39,24,15,富邦-桃園,2023-11-29,9665
2886,兆豐金,15,0,15,富邦-桃園,2023-11-29,9665
2891,中信金,26,11,15,富邦-桃園,2023-11-29,9665
6282,康舒,368,9,359,富邦-桃園,2023-11-30,9665
1591,駿吉-KY,202,35,167,富邦-桃園,2023-11-30,9665
2467,志聖,150,2,148,富邦-桃園,2023-11-30,9665
2354,鴻準,106,0,106,富邦-桃園,2023-11-30,9665
00919,群益台灣精選高息,122,19,103,富邦-桃園,2023-11-30,9665
00885,富邦越南,115,27,88,富邦-桃園,2023-11-30,9665
00882,中信中國高股息,80,6,74,富邦-桃園,2023-11-30,9665
00679B,元大美債20年,112,41,71,富邦-桃園,2023-11-30,9665
3231,緯創,105,36,69,富邦-桃園,2023-11-30,9665
3030,德律,65,0,65,富邦-桃園,2023-11-30,9665
6494,九齊,66,1,65,富邦-桃園,2023-11-30,9665
00655L,國泰中國A50正2,59,2,57,富邦-桃園,2023-11-30,9665
6139,亞翔,62,5,57,富邦-桃園,2023-11-30,9665
2313,華通,84,31,53,富邦-桃園,2023-11-30,9665
00687B,國泰20年美債,48,0,48,富邦-桃園,2023-11-30,9665
00931B,統一美債20年,55,11,44,富邦-桃園,2023-11-30,9665
3105,穩懋,67,25,42,富邦-桃園,2023-11-30,9665
2606,裕民,55,21,34,富邦-桃園,2023-11-30,9665
00673R,期元大S＆P原油反1,32,0,32,富邦-桃園,2023-11-30,9665
00665L,富邦�琤肭磪囓�2,51,20,31,富邦-桃園,2023-11-30,9665
4712,福格創新,30,0,30,富邦-桃園,2023-11-30,9665
4933,友輝,30,0,30,富邦-桃園,2023-11-30,9665
00633L,富邦上証正2,30,1,29,富邦-桃園,2023-11-30,9665
2439,美律,78,49,29,富邦-桃園,2023-11-30,9665
2610,華航,45,17,28,富邦-桃園,2023-11-30,9665
4956,光鋐,31,3,28,富邦-桃園,2023-11-30,9665
2002,中鋼,32,4,28,富邦-桃園,2023-11-30,9665
2618,長榮航,42,17,25,富邦-桃園,2023-11-30,9665
2353,宏��,26,1,25,富邦-桃園,2023-11-30,9665
2605,新興,28,3,25,富邦-桃園,2023-11-30,9665
2897,王道銀行,25,0,25,富邦-桃園,2023-11-30,9665
00918,大華優利高填息30,25,0,25,富邦-桃園,2023-11-30,9665
00720B,元大投資級公司債,53,30,23,富邦-桃園,2023-11-30,9665
6213,聯茂,25,2,23,富邦-桃園,2023-11-30,9665
1314,中石化,24,1,23,富邦-桃園,2023-11-30,9665
1616,億泰,32,10,22,富邦-桃園,2023-11-30,9665
00933B,國泰10Y+金融債,53,31,22,富邦-桃園,2023-11-30,9665
2888,新光金,23,1,22,富邦-桃園,2023-11-30,9665
5328,華容,70,49,21,富邦-桃園,2023-11-30,9665
2367,燿華,22,2,20,富邦-桃園,2023-11-30,9665
00921,兆豐龍頭等權重,20,0,20,富邦-桃園,2023-11-30,9665
00786B,元大10年IG銀行債,20,0,20,富邦-桃園,2023-11-30,9665
3041,揚智,26,6,20,富邦-桃園,2023-11-30,9665
1909,榮成,20,0,20,富邦-桃園,2023-11-30,9665
6111,大宇資,22,3,19,富邦-桃園,2023-11-30,9665
6205,詮欣,19,0,19,富邦-桃園,2023-11-30,9665
1449,佳和,23,5,18,富邦-桃園,2023-11-30,9665
8933,愛地雅,17,0,17,富邦-桃園,2023-11-30,9665
00710B,復華彭博非投等債,17,0,17,富邦-桃園,2023-11-30,9665
00692,富邦公司治理,18,1,17,富邦-桃園,2023-11-30,9665
2467,志聖,503,1,502,富邦-桃園,2023-12-01,9665
00687B,國泰20年美債,314,1,313,富邦-桃園,2023-12-01,9665
00919,群益台灣精選高息,342,47,295,富邦-桃園,2023-12-01,9665
6125,廣運,191,18,173,富邦-桃園,2023-12-01,9665
2009,第一銅,145,0,145,富邦-桃園,2023-12-01,9665
00885,富邦越南,122,1,121,富邦-桃園,2023-12-01,9665
00632R,元大台灣50反1,110,0,110,富邦-桃園,2023-12-01,9665
3481,群創,104,2,102,富邦-桃園,2023-12-01,9665
00680L,元大美債20正2,98,0,98,富邦-桃園,2023-12-01,9665
00715L,期街口布蘭特正2,84,2,82,富邦-桃園,2023-12-01,9665
2481,強茂,93,12,81,富邦-桃園,2023-12-01,9665
1339,昭輝,78,2,76,富邦-桃園,2023-12-01,9665
2618,長榮航,100,25,75,富邦-桃園,2023-12-01,9665
5009,榮剛,77,14,63,富邦-桃園,2023-12-01,9665
6443,元晶,81,21,60,富邦-桃園,2023-12-01,9665
3030,德律,58,0,58,富邦-桃園,2023-12-01,9665
00637L,元大滬深300正2,56,0,56,富邦-桃園,2023-12-01,9665
3437,榮創,67,15,52,富邦-桃園,2023-12-01,9665
00670L,富邦NASDAQ正2,49,1,48,富邦-桃園,2023-12-01,9665
2883,凱基金,61,15,46,富邦-桃園,2023-12-01,9665
00710B,復華彭博非投等債,45,0,45,富邦-桃園,2023-12-01,9665
5469,瀚宇博,56,12,44,富邦-桃園,2023-12-01,9665
2867,三商壽,40,0,40,富邦-桃園,2023-12-01,9665
3363,上詮,88,51,37,富邦-桃園,2023-12-01,9665
2382,廣達,39,4,35,富邦-桃園,2023-12-01,9665
1513,中興電,44,9,35,富邦-桃園,2023-12-01,9665
00893,國泰智能電動車,34,0,34,富邦-桃園,2023-12-01,9665
2359,所羅門,38,5,33,富邦-桃園,2023-12-01,9665
6108,競國,32,0,32,富邦-桃園,2023-12-01,9665
6205,詮欣,31,0,31,富邦-桃園,2023-12-01,9665
00655L,國泰中國A50正2,62,32,30,富邦-桃園,2023-12-01,9665
1101,台泥,42,12,30,富邦-桃園,2023-12-01,9665
3231,緯創,101,72,29,富邦-桃園,2023-12-01,9665
6282,康舒,50,21,29,富邦-桃園,2023-12-01,9665
2313,華通,83,55,28,富邦-桃園,2023-12-01,9665
00878,國泰永續高股息,57,30,27,富邦-桃園,2023-12-01,9665
2355,敬鵬,52,25,27,富邦-桃園,2023-12-01,9665
00679B,元大美債20年,26,0,26,富邦-桃園,2023-12-01,9665
00921,兆豐龍頭等權重,28,2,26,富邦-桃園,2023-12-01,9665
2102,泰豐,25,0,25,富邦-桃園,2023-12-01,9665
1605,華新,33,9,24,富邦-桃園,2023-12-01,9665
2886,兆豐金,27,3,24,富邦-桃園,2023-12-01,9665
2323,中環,24,1,23,富邦-桃園,2023-12-01,9665
2390,云辰,23,0,23,富邦-桃園,2023-12-01,9665
3624,光頡,23,1,22,富邦-桃園,2023-12-01,9665
2453,凌群,21,0,21,富邦-桃園,2023-12-01,9665
00642U,期元大S＆P石油,21,0,21,富邦-桃園,2023-12-01,9665
00891,中信關鍵半導體,20,0,20,富邦-桃園,2023-12-01,9665
4956,光鋐,20,0,20,富邦-桃園,2023-12-01,9665
1712,興農,20,0,20,富邦-桃園,2023-12-01,9665
2467,志聖,317,1,316,富邦-桃園,2023-12-04,9665
00680L,元大美債20正2,288,129,159,富邦-桃園,2023-12-04,9665
00715L,期街口布蘭特正2,154,9,145,富邦-桃園,2023-12-04,9665
2516,新建,120,2,118,富邦-桃園,2023-12-04,9665
00918,大華優利高填息30,110,2,108,富邦-桃園,2023-12-04,9665
2481,強茂,108,1,107,富邦-桃園,2023-12-04,9665
00885,富邦越南,117,15,102,富邦-桃園,2023-12-04,9665
00706L,期元大S＆P日圓正2,100,0,100,富邦-桃園,2023-12-04,9665
1909,榮成,90,2,88,富邦-桃園,2023-12-04,9665
1605,華新,96,14,82,富邦-桃園,2023-12-04,9665
00670L,富邦NASDAQ正2,81,0,81,富邦-桃園,2023-12-04,9665
00919,群益台灣精選高息,354,283,71,富邦-桃園,2023-12-04,9665
3715,定穎投控,103,47,56,富邦-桃園,2023-12-04,9665
00632R,元大台灣50反1,72,17,55,富邦-桃園,2023-12-04,9665
1101,台泥,75,22,53,富邦-桃園,2023-12-04,9665
00710B,復華彭博非投等債,51,0,51,富邦-桃園,2023-12-04,9665
3231,緯創,84,33,51,富邦-桃園,2023-12-04,9665
2607,榮運,49,2,47,富邦-桃園,2023-12-04,9665
00642U,期元大S＆P石油,45,0,45,富邦-桃園,2023-12-04,9665
2492,華新科,50,6,44,富邦-桃園,2023-12-04,9665
00753L,中信中國50正2,43,0,43,富邦-桃園,2023-12-04,9665
2883,凱基金,86,46,40,富邦-桃園,2023-12-04,9665
00934,中信成長高股息,42,2,40,富邦-桃園,2023-12-04,9665
3706,神達,46,6,40,富邦-桃園,2023-12-04,9665
4533,協易機,66,27,39,富邦-桃園,2023-12-04,9665
2340,台亞,40,2,38,富邦-桃園,2023-12-04,9665
5469,瀚宇博,73,37,36,富邦-桃園,2023-12-04,9665
1720,生達,41,6,35,富邦-桃園,2023-12-04,9665
2618,長榮航,80,45,35,富邦-桃園,2023-12-04,9665
00727B,國泰優選非投等債,34,0,34,富邦-桃園,2023-12-04,9665
6005,群益證,53,20,33,富邦-桃園,2023-12-04,9665
00882,中信中國高股息,32,0,32,富邦-桃園,2023-12-04,9665
3035,智原,58,27,31,富邦-桃園,2023-12-04,9665
00679B,元大美債20年,68,38,30,富邦-桃園,2023-12-04,9665
6213,聯茂,28,0,28,富邦-桃園,2023-12-04,9665
8054,安國,61,34,27,富邦-桃園,2023-12-04,9665
00933B,國泰10Y+金融債,28,2,26,富邦-桃園,2023-12-04,9665
00795B,中信美國公債20年,26,0,26,富邦-桃園,2023-12-04,9665
3022,威強電,30,5,25,富邦-桃園,2023-12-04,9665
3363,上詮,28,3,25,富邦-桃園,2023-12-04,9665
2409,友達,170,147,23,富邦-桃園,2023-12-04,9665
6288,聯嘉,34,12,22,富邦-桃園,2023-12-04,9665
6125,廣運,73,51,22,富邦-桃園,2023-12-04,9665
2376,技嘉,28,7,21,富邦-桃園,2023-12-04,9665
00921,兆豐龍頭等權重,25,4,21,富邦-桃園,2023-12-04,9665
00915,凱基優選高股息30,40,19,21,富邦-桃園,2023-12-04,9665
2891,中信金,21,1,20,富邦-桃園,2023-12-04,9665
00756B,群益投等新興公債,20,0,20,富邦-桃園,2023-12-04,9665
4712,福格創新,20,0,20,富邦-桃園,2023-12-04,9665
2601,益航,32,12,20,富邦-桃園,2023-12-04,9665
00937B,群益ESG投等債20,1083,364,719,富邦-桃園,2023-12-05,9665
00680L,元大美債20正2,290,6,284,富邦-桃園,2023-12-05,9665
2467,志聖,212,3,209,富邦-桃園,2023-12-05,9665
2344,華邦電,111,0,111,富邦-桃園,2023-12-05,9665
2601,益航,163,62,101,富邦-桃園,2023-12-05,9665
2301,光寶科,103,4,99,富邦-桃園,2023-12-05,9665
00918,大華優利高填息30,111,18,93,富邦-桃園,2023-12-05,9665
6125,廣運,102,10,92,富邦-桃園,2023-12-05,9665
00919,群益台灣精選高息,370,284,86,富邦-桃園,2023-12-05,9665
00753L,中信中國50正2,100,22,78,富邦-桃園,2023-12-05,9665
3231,緯創,85,17,68,富邦-桃園,2023-12-05,9665
2303,聯電,70,10,60,富邦-桃園,2023-12-05,9665
00637L,元大滬深300正2,70,13,57,富邦-桃園,2023-12-05,9665
00934,中信成長高股息,52,0,52,富邦-桃園,2023-12-05,9665
00687B,國泰20年美債,112,61,51,富邦-桃園,2023-12-05,9665
9955,佳龍,51,0,51,富邦-桃園,2023-12-05,9665
6005,群益證,50,0,50,富邦-桃園,2023-12-05,9665
00642U,期元大S＆P石油,45,1,44,富邦-桃園,2023-12-05,9665
00882,中信中國高股息,59,17,42,富邦-桃園,2023-12-05,9665
2618,長榮航,64,24,40,富邦-桃園,2023-12-05,9665
00915,凱基優選高股息30,47,7,40,富邦-桃園,2023-12-05,9665
1909,榮成,40,0,40,富邦-桃園,2023-12-05,9665
00933B,國泰10Y+金融債,42,2,40,富邦-桃園,2023-12-05,9665
2641,正德,132,94,38,富邦-桃園,2023-12-05,9665
00688L,國泰20年美債正2,37,0,37,富邦-桃園,2023-12-05,9665
1101,台泥,43,7,36,富邦-桃園,2023-12-05,9665
2332,友訊,36,0,36,富邦-桃園,2023-12-05,9665
3030,德律,34,0,34,富邦-桃園,2023-12-05,9665
6196,帆宣,33,1,32,富邦-桃園,2023-12-05,9665
5347,世界,32,0,32,富邦-桃園,2023-12-05,9665
2734,易飛網,31,0,31,富邦-桃園,2023-12-05,9665
00725B,國泰投資級公司債,40,10,30,富邦-桃園,2023-12-05,9665
0056,元大高股息,31,1,30,富邦-桃園,2023-12-05,9665
3022,威強電,30,1,29,富邦-桃園,2023-12-05,9665
2882,國泰金,29,0,29,富邦-桃園,2023-12-05,9665
00665L,富邦�琤肭磪囓�2,178,150,28,富邦-桃園,2023-12-05,9665
6158,禾昌,25,0,25,富邦-桃園,2023-12-05,9665
2399,映泰,26,2,24,富邦-桃園,2023-12-05,9665
3576,聯合再生,28,5,23,富邦-桃園,2023-12-05,9665
6152,百一,23,0,23,富邦-桃園,2023-12-05,9665
3715,定穎投控,42,19,23,富邦-桃園,2023-12-05,9665
4714,永捷,22,0,22,富邦-桃園,2023-12-05,9665
00715L,期街口布蘭特正2,24,2,22,富邦-桃園,2023-12-05,9665
00764B,群益25年美債,22,0,22,富邦-桃園,2023-12-05,9665
2314,台揚,22,1,21,富邦-桃園,2023-12-05,9665
2615,萬海,45,24,21,富邦-桃園,2023-12-05,9665
2356,英業達,24,3,21,富邦-桃園,2023-12-05,9665
2376,技嘉,26,5,21,富邦-桃園,2023-12-05,9665
3380,明泰,23,2,21,富邦-桃園,2023-12-05,9665
5210,寶碩,25,4,21,富邦-桃園,2023-12-05,9665
00687B,國泰20年美債,1791,62,1729,富邦-桃園,2023-12-06,9665
00680L,元大美債20正2,760,228,532,富邦-桃園,2023-12-06,9665
00937B,群益ESG投等債20,875,414,461,富邦-桃園,2023-12-06,9665
2467,志聖,245,0,245,富邦-桃園,2023-12-06,9665
00918,大華優利高填息30,193,1,192,富邦-桃園,2023-12-06,9665
00919,群益台灣精選高息,213,63,150,富邦-桃園,2023-12-06,9665
6278,台表科,113,1,112,富邦-桃園,2023-12-06,9665
2516,新建,118,27,91,富邦-桃園,2023-12-06,9665
00720B,元大投資級公司債,94,15,79,富邦-桃園,2023-12-06,9665
3481,群創,80,2,78,富邦-桃園,2023-12-06,9665
2409,友達,72,1,71,富邦-桃園,2023-12-06,9665
00637L,元大滬深300正2,66,1,65,富邦-桃園,2023-12-06,9665
00933B,國泰10Y+金融債,63,1,62,富邦-桃園,2023-12-06,9665
00710B,復華彭博非投等債,61,0,61,富邦-桃園,2023-12-06,9665
6443,元晶,51,0,51,富邦-桃園,2023-12-06,9665
2313,華通,96,46,50,富邦-桃園,2023-12-06,9665
2344,華邦電,51,2,49,富邦-桃園,2023-12-06,9665
3703,欣陸,50,1,49,富邦-桃園,2023-12-06,9665
2425,承啟,62,21,41,富邦-桃園,2023-12-06,9665
1514,亞力,173,132,41,富邦-桃園,2023-12-06,9665
1909,榮成,40,0,40,富邦-桃園,2023-12-06,9665
3715,定穎投控,59,20,39,富邦-桃園,2023-12-06,9665
6122,擎邦,51,12,39,富邦-桃園,2023-12-06,9665
2888,新光金,61,23,38,富邦-桃園,2023-12-06,9665
6276,安鈦克,38,0,38,富邦-桃園,2023-12-06,9665
1503,士電,80,44,36,富邦-桃園,2023-12-06,9665
00756B,群益投等新興公債,35,0,35,富邦-桃園,2023-12-06,9665
00891,中信關鍵半導體,35,0,35,富邦-桃園,2023-12-06,9665
2388,威盛,52,18,34,富邦-桃園,2023-12-06,9665
00655L,國泰中國A50正2,54,20,34,富邦-桃園,2023-12-06,9665
1605,華新,35,5,30,富邦-桃園,2023-12-06,9665
8996,高力,50,20,30,富邦-桃園,2023-12-06,9665
2444,兆勁,28,0,28,富邦-桃園,2023-12-06,9665
3211,順達,28,0,28,富邦-桃園,2023-12-06,9665
2329,華泰,59,33,26,富邦-桃園,2023-12-06,9665
2303,聯電,35,9,26,富邦-桃園,2023-12-06,9665
00753L,中信中國50正2,25,0,25,富邦-桃園,2023-12-06,9665
00931B,統一美債20年,34,9,25,富邦-桃園,2023-12-06,9665
1504,東元,61,36,25,富邦-桃園,2023-12-06,9665
00688L,國泰20年美債正2,23,0,23,富邦-桃園,2023-12-06,9665
00864B,中信美國公債0-1,23,0,23,富邦-桃園,2023-12-06,9665
1529,樂事綠能,88,66,22,富邦-桃園,2023-12-06,9665
2606,裕民,62,41,21,富邦-桃園,2023-12-06,9665
3051,力特,32,11,21,富邦-桃園,2023-12-06,9665
2413,環科,21,0,21,富邦-桃園,2023-12-06,9665
2349,錸德,20,0,20,富邦-桃園,2023-12-06,9665
1513,中興電,93,73,20,富邦-桃園,2023-12-06,9665
00895,富邦未來車,28,8,20,富邦-桃園,2023-12-06,9665
00633L,富邦上証正2,36,17,19,富邦-桃園,2023-12-06,9665
4105,東洋,21,3,18,富邦-桃園,2023-12-06,9665
00680L,元大美債20正2,605,208,397,富邦-桃園,2023-12-07,9665
2467,志聖,383,0,383,富邦-桃園,2023-12-07,9665
00885,富邦越南,341,9,332,富邦-桃園,2023-12-07,9665
00919,群益台灣精選高息,344,40,304,富邦-桃園,2023-12-07,9665
00687B,國泰20年美債,392,128,264,富邦-桃園,2023-12-07,9665
00665L,富邦�琤肭磪囓�2,211,0,211,富邦-桃園,2023-12-07,9665
00679B,元大美債20年,322,116,206,富邦-桃園,2023-12-07,9665
00715L,期街口布蘭特正2,232,38,194,富邦-桃園,2023-12-07,9665
2882,國泰金,129,2,127,富邦-桃園,2023-12-07,9665
00937B,群益ESG投等債20,424,303,121,富邦-桃園,2023-12-07,9665
00753L,中信中國50正2,119,5,114,富邦-桃園,2023-12-07,9665
00688L,國泰20年美債正2,201,87,114,富邦-桃園,2023-12-07,9665
00918,大華優利高填息30,80,0,80,富邦-桃園,2023-12-07,9665
00670L,富邦NASDAQ正2,68,1,67,富邦-桃園,2023-12-07,9665
00936,台新永續高息中小,68,3,65,富邦-桃園,2023-12-07,9665
00764B,群益25年美債,77,13,64,富邦-桃園,2023-12-07,9665
00712,復華富時不動產,104,42,62,富邦-桃園,2023-12-07,9665
2101,南港,59,0,59,富邦-桃園,2023-12-07,9665
00720B,元大投資級公司債,90,31,59,富邦-桃園,2023-12-07,9665
00929,復華台灣科技優息,79,26,53,富邦-桃園,2023-12-07,9665
1609,大亞,156,108,48,富邦-桃園,2023-12-07,9665
00642U,期元大S＆P石油,47,0,47,富邦-桃園,2023-12-07,9665
5439,高技,47,4,43,富邦-桃園,2023-12-07,9665
1522,堤維西,129,87,42,富邦-桃園,2023-12-07,9665
2338,光罩,42,0,42,富邦-桃園,2023-12-07,9665
00931B,統一美債20年,48,6,42,富邦-桃園,2023-12-07,9665
00915,凱基優選高股息30,42,0,42,富邦-桃園,2023-12-07,9665
2303,聯電,54,13,41,富邦-桃園,2023-12-07,9665
1618,合機,64,24,40,富邦-桃園,2023-12-07,9665
2388,威盛,84,44,40,富邦-桃園,2023-12-07,9665
00650L,復華香港正2,77,40,37,富邦-桃園,2023-12-07,9665
00882,中信中國高股息,40,4,36,富邦-桃園,2023-12-07,9665
2610,華航,123,88,35,富邦-桃園,2023-12-07,9665
8936,國統,55,20,35,富邦-桃園,2023-12-07,9665
1616,億泰,53,18,35,富邦-桃園,2023-12-07,9665
6148,驊宏資,37,3,34,富邦-桃園,2023-12-07,9665
5608,四維航,50,19,31,富邦-桃園,2023-12-07,9665
00878,國泰永續高股息,63,33,30,富邦-桃園,2023-12-07,9665
00727B,國泰優選非投等債,30,0,30,富邦-桃園,2023-12-07,9665
00640L,富邦日本正2,30,0,30,富邦-桃園,2023-12-07,9665
2605,新興,69,39,30,富邦-桃園,2023-12-07,9665
3607,谷崧,27,0,27,富邦-桃園,2023-12-07,9665
00933B,國泰10Y+金融債,47,21,26,富邦-桃園,2023-12-07,9665
2324,仁寶,28,2,26,富邦-桃園,2023-12-07,9665
2889,國票金,27,2,25,富邦-桃園,2023-12-07,9665
3030,德律,25,0,25,富邦-桃園,2023-12-07,9665
00934,中信成長高股息,24,0,24,富邦-桃園,2023-12-07,9665
4939,亞電,25,1,24,富邦-桃園,2023-12-07,9665
1605,華新,53,31,22,富邦-桃園,2023-12-07,9665
3390,旭軟,23,1,22,富邦-桃園,2023-12-07,9665
2467,志聖,1025,1,1024,富邦-桃園,2023-12-08,9665
00674R,期元大S＆P黃金反1,357,0,357,富邦-桃園,2023-12-08,9665
00919,群益台灣精選高息,344,44,300,富邦-桃園,2023-12-08,9665
00937B,群益ESG投等債20,326,120,206,富邦-桃園,2023-12-08,9665
6125,廣運,180,3,177,富邦-桃園,2023-12-08,9665
00679B,元大美債20年,202,86,116,富邦-桃園,2023-12-08,9665
00680L,元大美債20正2,181,66,115,富邦-桃園,2023-12-08,9665
2882,國泰金,105,0,105,富邦-桃園,2023-12-08,9665
00720B,元大投資級公司債,94,1,93,富邦-桃園,2023-12-08,9665
00706L,期元大S＆P日圓正2,92,0,92,富邦-桃園,2023-12-08,9665
00751B,元大AAA至A公司債,82,0,82,富邦-桃園,2023-12-08,9665
6412,群電,63,0,63,富邦-桃園,2023-12-08,9665
00753L,中信中國50正2,60,0,60,富邦-桃園,2023-12-08,9665
1444,力麗,60,0,60,富邦-桃園,2023-12-08,9665
00688L,國泰20年美債正2,53,0,53,富邦-桃園,2023-12-08,9665
00882,中信中國高股息,60,11,49,富邦-桃園,2023-12-08,9665
2611,志信,55,6,49,富邦-桃園,2023-12-08,9665
2314,台揚,45,3,42,富邦-桃園,2023-12-08,9665
00918,大華優利高填息30,40,0,40,富邦-桃園,2023-12-08,9665
00715L,期街口布蘭特正2,44,9,35,富邦-桃園,2023-12-08,9665
1815,富喬,40,5,35,富邦-桃園,2023-12-08,9665
2867,三商壽,33,0,33,富邦-桃園,2023-12-08,9665
6005,群益證,33,1,32,富邦-桃園,2023-12-08,9665
2601,益航,32,0,32,富邦-桃園,2023-12-08,9665
2358,廷鑫,60,28,32,富邦-桃園,2023-12-08,9665
2329,華泰,91,60,31,富邦-桃園,2023-12-08,9665
00891,中信關鍵半導體,33,5,28,富邦-桃園,2023-12-08,9665
2889,國票金,28,0,28,富邦-桃園,2023-12-08,9665
00637L,元大滬深300正2,42,14,28,富邦-桃園,2023-12-08,9665
2610,華航,94,67,27,富邦-桃園,2023-12-08,9665
3437,榮創,33,6,27,富邦-桃園,2023-12-08,9665
8996,高力,35,8,27,富邦-桃園,2023-12-08,9665
00933B,國泰10Y+金融債,26,0,26,富邦-桃園,2023-12-08,9665
2405,輔信,38,12,26,富邦-桃園,2023-12-08,9665
00640L,富邦日本正2,25,0,25,富邦-桃園,2023-12-08,9665
2331,精英,28,4,24,富邦-桃園,2023-12-08,9665
1514,亞力,128,104,24,富邦-桃園,2023-12-08,9665
3706,神達,38,16,22,富邦-桃園,2023-12-08,9665
2442,新美齊,21,0,21,富邦-桃園,2023-12-08,9665
2516,新建,20,1,19,富邦-桃園,2023-12-08,9665
2641,正德,54,35,19,富邦-桃園,2023-12-08,9665
00905,FT臺灣Smart,20,1,19,富邦-桃園,2023-12-08,9665
1533,車王電,20,1,19,富邦-桃園,2023-12-08,9665
1529,樂事綠能,60,43,17,富邦-桃園,2023-12-08,9665
2376,技嘉,101,84,17,富邦-桃園,2023-12-08,9665
6491,晶碩,16,0,16,富邦-桃園,2023-12-08,9665
00722B,群益投資級電信債,16,0,16,富邦-桃園,2023-12-08,9665
00727B,國泰優選非投等債,16,0,16,富邦-桃園,2023-12-08,9665
00710B,復華彭博非投等債,15,0,15,富邦-桃園,2023-12-08,9665
5355,佳總,15,0,15,富邦-桃園,2023-12-08,9665
00687B,國泰20年美債,414,64,350,富邦-桃園,2023-12-11,9665
00919,群益台灣精選高息,350,69,281,富邦-桃園,2023-12-11,9665
2467,志聖,261,0,261,富邦-桃園,2023-12-11,9665
00885,富邦越南,203,3,200,富邦-桃園,2023-12-11,9665
00918,大華優利高填息30,174,21,153,富邦-桃園,2023-12-11,9665
00753L,中信中國50正2,102,0,102,富邦-桃園,2023-12-11,9665
00933B,國泰10Y+金融債,98,4,94,富邦-桃園,2023-12-11,9665
00679B,元大美債20年,101,9,92,富邦-桃園,2023-12-11,9665
2402,毅嘉,93,13,80,富邦-桃園,2023-12-11,9665
2388,威盛,95,29,66,富邦-桃園,2023-12-11,9665
00665L,富邦�琤肭磪囓�2,54,0,54,富邦-桃園,2023-12-11,9665
2888,新光金,53,0,53,富邦-桃園,2023-12-11,9665
00712,復華富時不動產,58,7,51,富邦-桃園,2023-12-11,9665
00882,中信中國高股息,77,28,49,富邦-桃園,2023-12-11,9665
00637L,元大滬深300正2,67,20,47,富邦-桃園,2023-12-11,9665
2618,長榮航,63,18,45,富邦-桃園,2023-12-11,9665
00929,復華台灣科技優息,70,26,44,富邦-桃園,2023-12-11,9665
1584,精剛,42,0,42,富邦-桃園,2023-12-11,9665
00931B,統一美債20年,37,2,35,富邦-桃園,2023-12-11,9665
1815,富喬,35,0,35,富邦-桃園,2023-12-11,9665
2002,中鋼,33,0,33,富邦-桃園,2023-12-11,9665
00937B,群益ESG投等債20,172,140,32,富邦-桃園,2023-12-11,9665
4173,久裕,30,0,30,富邦-桃園,2023-12-11,9665
2323,中環,71,41,30,富邦-桃園,2023-12-11,9665
2344,華邦電,40,11,29,富邦-桃園,2023-12-11,9665
00934,中信成長高股息,39,11,28,富邦-桃園,2023-12-11,9665
4737,華廣,27,0,27,富邦-桃園,2023-12-11,9665
8088,品安,35,9,26,富邦-桃園,2023-12-11,9665
2314,台揚,27,3,24,富邦-桃園,2023-12-11,9665
2065,世豐,23,0,23,富邦-桃園,2023-12-11,9665
00720B,元大投資級公司債,23,0,23,富邦-桃園,2023-12-11,9665
6270,倍微,23,0,23,富邦-桃園,2023-12-11,9665
6282,康舒,26,4,22,富邦-桃園,2023-12-11,9665
00923,群益台ESG低碳50,28,6,22,富邦-桃園,2023-12-11,9665
00751B,元大AAA至A公司債,28,7,21,富邦-桃園,2023-12-11,9665
2611,志信,22,1,21,富邦-桃園,2023-12-11,9665
5608,四維航,30,10,20,富邦-桃園,2023-12-11,9665
6016,康和證,20,0,20,富邦-桃園,2023-12-11,9665
2025,千興,20,0,20,富邦-桃園,2023-12-11,9665
3062,建漢,20,0,20,富邦-桃園,2023-12-11,9665
3013,晟銘電,47,29,18,富邦-桃園,2023-12-11,9665
5381,合正,18,0,18,富邦-桃園,2023-12-11,9665
00715L,期街口布蘭特正2,31,13,18,富邦-桃園,2023-12-11,9665
00662,富邦NASDAQ,18,0,18,富邦-桃園,2023-12-11,9665
2883,凱基金,17,0,17,富邦-桃園,2023-12-11,9665
6792,詠業,17,0,17,富邦-桃園,2023-12-11,9665
2610,華航,28,12,16,富邦-桃園,2023-12-11,9665
6148,驊宏資,16,0,16,富邦-桃園,2023-12-11,9665
2449,京元電子,18,2,16,富邦-桃園,2023-12-11,9665
3438,類比科,38,22,16,富邦-桃園,2023-12-11,9665
00919,群益台灣精選高息,574,57,517,富邦-桃園,2023-12-12,9665
1618,合機,178,60,118,富邦-桃園,2023-12-12,9665
00687B,國泰20年美債,117,0,117,富邦-桃園,2023-12-12,9665
2881,富邦金,102,4,98,富邦-桃園,2023-12-12,9665
00937B,群益ESG投等債20,136,42,94,富邦-桃園,2023-12-12,9665
2516,新建,128,43,85,富邦-桃園,2023-12-12,9665
00680L,元大美債20正2,78,0,78,富邦-桃園,2023-12-12,9665
00637L,元大滬深300正2,149,75,74,富邦-桃園,2023-12-12,9665
8050,廣積,70,1,69,富邦-桃園,2023-12-12,9665
8054,安國,72,26,46,富邦-桃園,2023-12-12,9665
2344,華邦電,50,7,43,富邦-桃園,2023-12-12,9665
3481,群創,57,14,43,富邦-桃園,2023-12-12,9665
2884,玉山金,40,2,38,富邦-桃園,2023-12-12,9665
2409,友達,42,4,38,富邦-桃園,2023-12-12,9665
2468,華經,38,6,32,富邦-桃園,2023-12-12,9665
2002,中鋼,39,8,31,富邦-桃園,2023-12-12,9665
00715L,期街口布蘭特正2,37,6,31,富邦-桃園,2023-12-12,9665
4908,前鼎,41,10,31,富邦-桃園,2023-12-12,9665
00724B,群益投資級金融債,30,0,30,富邦-桃園,2023-12-12,9665
2417,圓剛,33,3,30,富邦-桃園,2023-12-12,9665
00894,中信小資高價30,32,2,30,富邦-桃園,2023-12-12,9665
2359,所羅門,29,0,29,富邦-桃園,2023-12-12,9665
5533,皇鼎,30,1,29,富邦-桃園,2023-12-12,9665
00933B,國泰10Y+金融債,28,0,28,富邦-桃園,2023-12-12,9665
00772B,中信高評級公司債,28,1,27,富邦-桃園,2023-12-12,9665
00891,中信關鍵半導體,34,7,27,富邦-桃園,2023-12-12,9665
3030,德律,27,0,27,富邦-桃園,2023-12-12,9665
3260,威剛,30,3,27,富邦-桃園,2023-12-12,9665
3231,緯創,56,30,26,富邦-桃園,2023-12-12,9665
1514,亞力,121,95,26,富邦-桃園,2023-12-12,9665
00934,中信成長高股息,26,0,26,富邦-桃園,2023-12-12,9665
6418,詠昇,55,29,26,富邦-桃園,2023-12-12,9665
8011,台通,71,48,23,富邦-桃園,2023-12-12,9665
3694,海華,46,23,23,富邦-桃園,2023-12-12,9665
00931B,統一美債20年,36,13,23,富邦-桃園,2023-12-12,9665
0056,元大高股息,47,24,23,富邦-桃園,2023-12-12,9665
6156,松上,30,8,22,富邦-桃園,2023-12-12,9665
2308,台達電,25,3,22,富邦-桃園,2023-12-12,9665
6548,長科*,21,0,21,富邦-桃園,2023-12-12,9665
00751B,元大AAA至A公司債,29,8,21,富邦-桃園,2023-12-12,9665
3037,欣興,21,1,20,富邦-桃園,2023-12-12,9665
2023,燁輝,20,0,20,富邦-桃園,2023-12-12,9665
1802,台玻,20,0,20,富邦-桃園,2023-12-12,9665
3209,全科,20,0,20,富邦-桃園,2023-12-12,9665
2882,國泰金,23,4,19,富邦-桃園,2023-12-12,9665
2888,新光金,32,13,19,富邦-桃園,2023-12-12,9665
4956,光鋐,19,0,19,富邦-桃園,2023-12-12,9665
2317,鴻海,34,17,17,富邦-桃園,2023-12-12,9665
00688L,國泰20年美債正2,19,2,17,富邦-桃園,2023-12-12,9665
8034,榮群,21,5,16,富邦-桃園,2023-12-12,9665
00933B,國泰10Y+金融債,553,0,553,富邦-桃園,2023-12-13,9665
00929,復華台灣科技優息,432,166,266,富邦-桃園,2023-12-13,9665
00715L,期街口布蘭特正2,251,6,245,富邦-桃園,2023-12-13,9665
5347,世界,217,5,212,富邦-桃園,2023-12-13,9665
00919,群益台灣精選高息,391,194,197,富邦-桃園,2023-12-13,9665
00687B,國泰20年美債,140,7,133,富邦-桃園,2023-12-13,9665
2634,漢翔,126,6,120,富邦-桃園,2023-12-13,9665
2419,仲琦,221,109,112,富邦-桃園,2023-12-13,9665
6278,台表科,113,1,112,富邦-桃園,2023-12-13,9665
00937B,群益ESG投等債20,180,68,112,富邦-桃園,2023-12-13,9665
00637L,元大滬深300正2,123,11,112,富邦-桃園,2023-12-13,9665
6139,亞翔,123,26,97,富邦-桃園,2023-12-13,9665
2402,毅嘉,85,0,85,富邦-桃園,2023-12-13,9665
3481,群創,86,5,81,富邦-桃園,2023-12-13,9665
00918,大華優利高填息30,89,24,65,富邦-桃園,2023-12-13,9665
00642U,期元大S＆P石油,64,0,64,富邦-桃園,2023-12-13,9665
00632R,元大台灣50反1,60,0,60,富邦-桃園,2023-12-13,9665
00934,中信成長高股息,59,0,59,富邦-桃園,2023-12-13,9665
00679B,元大美債20年,51,0,51,富邦-桃園,2023-12-13,9665
5426,振發,51,2,49,富邦-桃園,2023-12-13,9665
2002,中鋼,43,0,43,富邦-桃園,2023-12-13,9665
00882,中信中國高股息,41,0,41,富邦-桃園,2023-12-13,9665
00680L,元大美債20正2,67,30,37,富邦-桃園,2023-12-13,9665
3030,德律,35,0,35,富邦-桃園,2023-12-13,9665
1460,宏遠,34,0,34,富邦-桃園,2023-12-13,9665
00772B,中信高評級公司債,35,1,34,富邦-桃園,2023-12-13,9665
2102,泰豐,32,0,32,富邦-桃園,2023-12-13,9665
2027,大成鋼,30,0,30,富邦-桃園,2023-12-13,9665
00751B,元大AAA至A公司債,41,11,30,富邦-桃園,2023-12-13,9665
2371,大同,31,1,30,富邦-桃園,2023-12-13,9665
3499,環天科,33,4,29,富邦-桃園,2023-12-13,9665
5483,中美晶,30,2,28,富邦-桃園,2023-12-13,9665
00907,永豐優息存股,27,0,27,富邦-桃園,2023-12-13,9665
00688L,國泰20年美債正2,28,1,27,富邦-桃園,2023-12-13,9665
4533,協易機,32,7,25,富邦-桃園,2023-12-13,9665
6770,力積電,59,34,25,富邦-桃園,2023-12-13,9665
4933,友輝,58,35,23,富邦-桃園,2023-12-13,9665
2063,世鎧,33,10,23,富邦-桃園,2023-12-13,9665
1513,中興電,25,3,22,富邦-桃園,2023-12-13,9665
2303,聯電,64,42,22,富邦-桃園,2023-12-13,9665
5521,工信,30,9,21,富邦-桃園,2023-12-13,9665
2506,太設,20,0,20,富邦-桃園,2023-12-13,9665
3363,上詮,25,5,20,富邦-桃園,2023-12-13,9665
00633L,富邦上証正2,20,0,20,富邦-桃園,2023-12-13,9665
3006,晶豪科,24,4,20,富邦-桃園,2023-12-13,9665
4919,新唐,20,0,20,富邦-桃園,2023-12-13,9665
2610,華航,45,26,19,富邦-桃園,2023-12-13,9665
3545,敦泰,20,1,19,富邦-桃園,2023-12-13,9665
3694,海華,51,32,19,富邦-桃園,2023-12-13,9665
2538,基泰,19,0,19,富邦-桃園,2023-12-13,9665
00708L,期元大S＆P黃金正2,382,0,382,富邦-桃園,2023-12-14,9665
00919,群益台灣精選高息,483,105,378,富邦-桃園,2023-12-14,9665
00632R,元大台灣50反1,257,0,257,富邦-桃園,2023-12-14,9665
00929,復華台灣科技優息,453,249,204,富邦-桃園,2023-12-14,9665
00933B,國泰10Y+金融債,172,0,172,富邦-桃園,2023-12-14,9665
00687B,國泰20年美債,177,34,143,富邦-桃園,2023-12-14,9665
00885,富邦越南,155,37,118,富邦-桃園,2023-12-14,9665
8011,台通,124,39,85,富邦-桃園,2023-12-14,9665
00934,中信成長高股息,104,22,82,富邦-桃園,2023-12-14,9665
00756B,群益投等新興公債,65,0,65,富邦-桃園,2023-12-14,9665
00937B,群益ESG投等債20,302,238,64,富邦-桃園,2023-12-14,9665
00918,大華優利高填息30,149,85,64,富邦-桃園,2023-12-14,9665
3481,群創,69,12,57,富邦-桃園,2023-12-14,9665
5426,振發,70,13,57,富邦-桃園,2023-12-14,9665
00640L,富邦日本正2,55,0,55,富邦-桃園,2023-12-14,9665
00795B,中信美國公債20年,53,2,51,富邦-桃園,2023-12-14,9665
5521,工信,91,50,41,富邦-桃園,2023-12-14,9665
2498,宏達電,107,69,38,富邦-桃園,2023-12-14,9665
00679B,元大美債20年,98,62,36,富邦-桃園,2023-12-14,9665
3041,揚智,62,27,35,富邦-桃園,2023-12-14,9665
2915,潤泰全,35,0,35,富邦-桃園,2023-12-14,9665
00635U,期元大S＆P黃金,34,0,34,富邦-桃園,2023-12-14,9665
2301,光寶科,40,6,34,富邦-桃園,2023-12-14,9665
00857B,永豐20年美公債,35,2,33,富邦-桃園,2023-12-14,9665
2313,華通,156,125,31,富邦-桃園,2023-12-14,9665
6139,亞翔,37,8,29,富邦-桃園,2023-12-14,9665
2329,華泰,67,38,29,富邦-桃園,2023-12-14,9665
00936,台新永續高息中小,28,0,28,富邦-桃園,2023-12-14,9665
3052,夆典,27,0,27,富邦-桃園,2023-12-14,9665
00637L,元大滬深300正2,27,0,27,富邦-桃園,2023-12-14,9665
6005,群益證,22,0,22,富邦-桃園,2023-12-14,9665
5222,全訊,22,0,22,富邦-桃園,2023-12-14,9665
6235,華孚,24,2,22,富邦-桃園,2023-12-14,9665
1444,力麗,22,0,22,富邦-桃園,2023-12-14,9665
5356,協益,21,0,21,富邦-桃園,2023-12-14,9665
2867,三商壽,20,0,20,富邦-桃園,2023-12-14,9665
6418,詠昇,20,0,20,富邦-桃園,2023-12-14,9665
00706L,期元大S＆P日圓正2,20,0,20,富邦-桃園,2023-12-14,9665
2615,萬海,22,2,20,富邦-桃園,2023-12-14,9665
3035,智原,35,16,19,富邦-桃園,2023-12-14,9665
3518,柏騰,19,0,19,富邦-桃園,2023-12-14,9665
00713,元大台灣高息低波,19,0,19,富邦-桃園,2023-12-14,9665
00905,FT臺灣Smart,20,1,19,富邦-桃園,2023-12-14,9665
6443,元晶,23,4,19,富邦-桃園,2023-12-14,9665
1504,東元,19,1,18,富邦-桃園,2023-12-14,9665
00931B,統一美債20年,29,11,18,富邦-桃園,2023-12-14,9665
1591,駿吉-KY,25,7,18,富邦-桃園,2023-12-14,9665
6244,茂迪,21,3,18,富邦-桃園,2023-12-14,9665
5009,榮剛,27,10,17,富邦-桃園,2023-12-14,9665
2616,山隆,17,0,17,富邦-桃園,2023-12-14,9665
00715L,期街口布蘭特正2,693,110,583,富邦-桃園,2023-12-15,9665
00919,群益台灣精選高息,892,506,386,富邦-桃園,2023-12-15,9665
00918,大華優利高填息30,492,130,362,富邦-桃園,2023-12-15,9665
2834,臺企銀,200,13,187,富邦-桃園,2023-12-15,9665
00885,富邦越南,222,37,185,富邦-桃園,2023-12-15,9665
2356,英業達,602,452,150,富邦-桃園,2023-12-15,9665
00687B,國泰20年美債,211,75,136,富邦-桃園,2023-12-15,9665
00929,復華台灣科技優息,397,272,125,富邦-桃園,2023-12-15,9665
2516,新建,104,2,102,富邦-桃園,2023-12-15,9665
2363,矽統,367,273,94,富邦-桃園,2023-12-15,9665
00934,中信成長高股息,70,2,68,富邦-桃園,2023-12-15,9665
00632R,元大台灣50反1,65,0,65,富邦-桃園,2023-12-15,9665
00882,中信中國高股息,207,142,65,富邦-桃園,2023-12-15,9665
3005,神基,110,52,58,富邦-桃園,2023-12-15,9665
00751B,元大AAA至A公司債,74,21,53,富邦-桃園,2023-12-15,9665
00680L,元大美債20正2,142,92,50,富邦-桃園,2023-12-15,9665
4919,新唐,48,4,44,富邦-桃園,2023-12-15,9665
00633L,富邦上証正2,40,0,40,富邦-桃園,2023-12-15,9665
6005,群益證,44,4,40,富邦-桃園,2023-12-15,9665
00688L,國泰20年美債正2,185,146,39,富邦-桃園,2023-12-15,9665
3231,緯創,56,17,39,富邦-桃園,2023-12-15,9665
00673R,期元大S＆P原油反1,38,0,38,富邦-桃園,2023-12-15,9665
3499,環天科,40,2,38,富邦-桃園,2023-12-15,9665
1584,精剛,92,55,37,富邦-桃園,2023-12-15,9665
00936,台新永續高息中小,36,0,36,富邦-桃園,2023-12-15,9665
2388,威盛,87,53,34,富邦-桃園,2023-12-15,9665
00679B,元大美債20年,135,100,35,富邦-桃園,2023-12-15,9665
00915,凱基優選高股息30,32,1,31,富邦-桃園,2023-12-15,9665
2401,凌陽,39,8,31,富邦-桃園,2023-12-15,9665
2501,國建,30,0,30,富邦-桃園,2023-12-15,9665
00935,野村臺灣新科技50,28,0,28,富邦-桃園,2023-12-15,9665
3041,揚智,45,17,28,富邦-桃園,2023-12-15,9665
2369,菱生,27,0,27,富邦-桃園,2023-12-15,9665
00772B,中信高評級公司債,34,8,26,富邦-桃園,2023-12-15,9665
2420,新巨,26,0,26,富邦-桃園,2023-12-15,9665
3035,智原,40,14,26,富邦-桃園,2023-12-15,9665
1514,亞力,69,45,24,富邦-桃園,2023-12-15,9665
4533,協易機,25,2,23,富邦-桃園,2023-12-15,9665
2606,裕民,29,6,23,富邦-桃園,2023-12-15,9665
2201,裕隆,22,0,22,富邦-桃園,2023-12-15,9665
00650L,復華香港正2,22,0,22,富邦-桃園,2023-12-15,9665
6148,驊宏資,21,0,21,富邦-桃園,2023-12-15,9665
2474,可成,21,0,21,富邦-桃園,2023-12-15,9665
4906,正文,25,4,21,富邦-桃園,2023-12-15,9665
4933,友輝,24,4,20,富邦-桃園,2023-12-15,9665
3518,柏騰,22,2,20,富邦-桃園,2023-12-15,9665
3289,宜特,19,0,19,富邦-桃園,2023-12-15,9665
3030,德律,19,0,19,富邦-桃園,2023-12-15,9665
1460,宏遠,23,5,18,富邦-桃園,2023-12-15,9665
00931B,統一美債20年,22,4,18,富邦-桃園,2023-12-15,9665
00680L,元大美債20正2,705,212,493,富邦-桃園,2023-12-18,9665
00937B,群益ESG投等債20,492,97,395,富邦-桃園,2023-12-18,9665
00919,群益台灣精選高息,489,95,394,富邦-桃園,2023-12-18,9665
2014,中鴻,396,77,319,富邦-桃園,2023-12-18,9665
00929,復華台灣科技優息,344,192,152,富邦-桃園,2023-12-18,9665
00655L,國泰中國A50正2,151,2,149,富邦-桃園,2023-12-18,9665
00687B,國泰20年美債,133,9,124,富邦-桃園,2023-12-18,9665
2023,燁輝,135,20,115,富邦-桃園,2023-12-18,9665
00676R,富邦臺灣加權反1,100,0,100,富邦-桃園,2023-12-18,9665
00679B,元大美債20年,167,72,95,富邦-桃園,2023-12-18,9665
00665L,富邦�琤肭磪囓�2,180,100,80,富邦-桃園,2023-12-18,9665
2610,華航,87,11,76,富邦-桃園,2023-12-18,9665
00688L,國泰20年美債正2,200,128,72,富邦-桃園,2023-12-18,9665
2618,長榮航,137,69,68,富邦-桃園,2023-12-18,9665
00720B,元大投資級公司債,88,21,67,富邦-桃園,2023-12-18,9665
00637L,元大滬深300正2,56,0,56,富邦-桃園,2023-12-18,9665
2630,亞航,55,0,55,富邦-桃園,2023-12-18,9665
5880,合庫金,54,1,53,富邦-桃園,2023-12-18,9665
3481,群創,52,2,50,富邦-桃園,2023-12-18,9665
2022,聚亨,49,2,47,富邦-桃園,2023-12-18,9665
00933B,國泰10Y+金融債,56,14,42,富邦-桃園,2023-12-18,9665
6005,群益證,40,1,39,富邦-桃園,2023-12-18,9665
00772B,中信高評級公司債,38,0,38,富邦-桃園,2023-12-18,9665
2388,威盛,58,21,37,富邦-桃園,2023-12-18,9665
00936,台新永續高息中小,37,1,36,富邦-桃園,2023-12-18,9665
2363,矽統,51,20,31,富邦-桃園,2023-12-18,9665
1524,耿鼎,59,29,30,富邦-桃園,2023-12-18,9665
2401,凌陽,32,3,29,富邦-桃園,2023-12-18,9665
3694,海華,30,1,29,富邦-桃園,2023-12-18,9665
4167,松瑞藥,33,5,28,富邦-桃園,2023-12-18,9665
4953,緯軟,27,0,27,富邦-桃園,2023-12-18,9665
2482,連宇,28,2,26,富邦-桃園,2023-12-18,9665
2356,英業達,97,73,24,富邦-桃園,2023-12-18,9665
2340,台亞,24,0,24,富邦-桃園,2023-12-18,9665
2412,中華電,26,3,23,富邦-桃園,2023-12-18,9665
6257,矽格,26,4,22,富邦-桃園,2023-12-18,9665
2002,中鋼,69,48,21,富邦-桃園,2023-12-18,9665
8155,博智,22,1,21,富邦-桃園,2023-12-18,9665
2010,春源,27,6,21,富邦-桃園,2023-12-18,9665
3588,通嘉,20,0,20,富邦-桃園,2023-12-18,9665
00753L,中信中國50正2,20,0,20,富邦-桃園,2023-12-18,9665
020020,元大台股領航N,20,0,20,富邦-桃園,2023-12-18,9665
5351,鈺創,31,12,19,富邦-桃園,2023-12-18,9665
6443,元晶,27,8,19,富邦-桃園,2023-12-18,9665
3011,今皓,18,0,18,富邦-桃園,2023-12-18,9665
5469,瀚宇博,26,8,18,富邦-桃園,2023-12-18,9665
2313,華通,23,6,17,富邦-桃園,2023-12-18,9665
2031,新光鋼,42,25,17,富邦-桃園,2023-12-18,9665
8033,雷虎,20,3,17,富邦-桃園,2023-12-18,9665
00915,凱基優選高股息30,16,0,16,富邦-桃園,2023-12-18,9665
2913,農林,309,9,300,富邦-桃園,2023-12-19,9665
2618,長榮航,398,99,299,富邦-桃園,2023-12-19,9665
00919,群益台灣精選高息,386,144,242,富邦-桃園,2023-12-19,9665
1609,大亞,206,4,202,富邦-桃園,2023-12-19,9665
00688L,國泰20年美債正2,216,34,182,富邦-桃園,2023-12-19,9665
00680L,元大美債20正2,187,67,120,富邦-桃園,2023-12-19,9665
00885,富邦越南,121,5,116,富邦-桃園,2023-12-19,9665
2356,英業達,135,48,87,富邦-桃園,2023-12-19,9665
00882,中信中國高股息,86,5,81,富邦-桃園,2023-12-19,9665
00929,復華台灣科技優息,316,244,72,富邦-桃園,2023-12-19,9665
00934,中信成長高股息,64,6,58,富邦-桃園,2023-12-19,9665
2634,漢翔,59,4,55,富邦-桃園,2023-12-19,9665
00931B,統一美債20年,54,0,54,富邦-桃園,2023-12-19,9665
6005,群益證,52,0,52,富邦-桃園,2023-12-19,9665
2610,華航,92,45,47,富邦-桃園,2023-12-19,9665
2352,佳世達,46,0,46,富邦-桃園,2023-12-19,9665
00720B,元大投資級公司債,48,5,43,富邦-桃園,2023-12-19,9665
00918,大華優利高填息30,69,29,40,富邦-桃園,2023-12-19,9665
1536,和大,39,0,39,富邦-桃園,2023-12-19,9665
6152,百一,38,0,38,富邦-桃園,2023-12-19,9665
6792,詠業,35,0,35,富邦-桃園,2023-12-19,9665
3006,晶豪科,54,20,34,富邦-桃園,2023-12-19,9665
2340,台亞,33,0,33,富邦-桃園,2023-12-19,9665
00795B,中信美國公債20年,32,1,31,富邦-桃園,2023-12-19,9665
3128,昇銳,31,0,31,富邦-桃園,2023-12-19,9665
4167,松瑞藥,82,51,31,富邦-桃園,2023-12-19,9665
2007,燁興,43,13,30,富邦-桃園,2023-12-19,9665
2368,金像電,34,6,28,富邦-桃園,2023-12-19,9665
2465,麗臺,37,9,28,富邦-桃園,2023-12-19,9665
6139,亞翔,33,6,27,富邦-桃園,2023-12-19,9665
2329,華泰,67,42,25,富邦-桃園,2023-12-19,9665
2365,昆盈,35,11,24,富邦-桃園,2023-12-19,9665
2884,玉山金,29,6,23,富邦-桃園,2023-12-19,9665
4128,中天,23,0,23,富邦-桃園,2023-12-19,9665
4533,協易機,23,0,23,富邦-桃園,2023-12-19,9665
8110,華東,26,3,23,富邦-桃園,2023-12-19,9665
2063,世鎧,23,0,23,富邦-桃園,2023-12-19,9665
00881,國泰台灣5G+,24,2,22,富邦-桃園,2023-12-19,9665
1605,華新,33,11,22,富邦-桃園,2023-12-19,9665
2303,聯電,25,4,21,富邦-桃園,2023-12-19,9665
8068,全達,34,13,21,富邦-桃園,2023-12-19,9665
00915,凱基優選高股息30,20,0,20,富邦-桃園,2023-12-19,9665
4142,國光生,20,0,20,富邦-桃園,2023-12-19,9665
00921,兆豐龍頭等權重,21,2,19,富邦-桃園,2023-12-19,9665
2324,仁寶,40,21,19,富邦-桃園,2023-12-19,9665
00753L,中信中國50正2,19,0,19,富邦-桃園,2023-12-19,9665
2609,陽明,278,260,18,富邦-桃園,2023-12-19,9665
00933B,國泰10Y+金融債,60,43,17,富邦-桃園,2023-12-19,9665
2353,宏��,78,61,17,富邦-桃園,2023-12-19,9665
5014,建錩,16,0,16,富邦-桃園,2023-12-19,9665
2610,華航,502,12,490,富邦-桃園,2023-12-20,9665
00680L,元大美債20正2,300,61,239,富邦-桃園,2023-12-20,9665
00665L,富邦�琤肭磪囓�2,310,120,190,富邦-桃園,2023-12-20,9665
00919,群益台灣精選高息,156,5,151,富邦-桃園,2023-12-20,9665
00937B,群益ESG投等債20,186,45,141,富邦-桃園,2023-12-20,9665
0056,元大高股息,166,29,137,富邦-桃園,2023-12-20,9665
00929,復華台灣科技優息,245,134,111,富邦-桃園,2023-12-20,9665
2007,燁興,113,4,109,富邦-桃園,2023-12-20,9665
2883,凱基金,104,1,103,富邦-桃園,2023-12-20,9665
00688L,國泰20年美債正2,108,13,95,富邦-桃園,2023-12-20,9665
2028,威致,81,1,80,富邦-桃園,2023-12-20,9665
00930,永豐ESG低碳高息,76,5,71,富邦-桃園,2023-12-20,9665
2845,遠東銀,70,0,70,富邦-桃園,2023-12-20,9665
2201,裕隆,59,1,58,富邦-桃園,2023-12-20,9665
2892,第一金,52,1,51,富邦-桃園,2023-12-20,9665
2516,新建,52,2,50,富邦-桃園,2023-12-20,9665
1608,華榮,50,0,50,富邦-桃園,2023-12-20,9665
00637L,元大滬深300正2,45,0,45,富邦-桃園,2023-12-20,9665
1522,堤維西,45,0,45,富邦-桃園,2023-12-20,9665
6156,松上,56,14,42,富邦-桃園,2023-12-20,9665
2891,中信金,45,10,35,富邦-桃園,2023-12-20,9665
5522,遠雄,32,0,32,富邦-桃園,2023-12-20,9665
3673,TPK-KY,30,0,30,富邦-桃園,2023-12-20,9665
00706L,期元大S＆P日圓正2,50,21,29,富邦-桃園,2023-12-20,9665
3035,智原,40,11,29,富邦-桃園,2023-12-20,9665
00642U,期元大S＆P石油,32,4,28,富邦-桃園,2023-12-20,9665
00934,中信成長高股息,27,0,27,富邦-桃園,2023-12-20,9665
00715L,期街口布蘭特正2,78,53,25,富邦-桃園,2023-12-20,9665
3321,同泰,24,0,24,富邦-桃園,2023-12-20,9665
2376,技嘉,46,22,24,富邦-桃園,2023-12-20,9665
3030,德律,24,0,24,富邦-桃園,2023-12-20,9665
8410,森田,24,0,24,富邦-桃園,2023-12-20,9665
2812,台中銀,24,0,24,富邦-桃園,2023-12-20,9665
5210,寶碩,23,0,23,富邦-桃園,2023-12-20,9665
2303,聯電,23,2,21,富邦-桃園,2023-12-20,9665
5457,宣德,22,2,20,富邦-桃園,2023-12-20,9665
8011,台通,40,20,20,富邦-桃園,2023-12-20,9665
2816,旺旺保,20,0,20,富邦-桃園,2023-12-20,9665
2395,研華,20,0,20,富邦-桃園,2023-12-20,9665
00772B,中信高評級公司債,51,32,19,富邦-桃園,2023-12-20,9665
1528,恩德,20,2,18,富邦-桃園,2023-12-20,9665
2401,凌陽,18,0,18,富邦-桃園,2023-12-20,9665
00632R,元大台灣50反1,17,0,17,富邦-桃園,2023-12-20,9665
1314,中石化,16,0,16,富邦-桃園,2023-12-20,9665
2492,華新科,17,1,16,富邦-桃園,2023-12-20,9665
00679B,元大美債20年,33,17,16,富邦-桃園,2023-12-20,9665
8112,至上,18,2,16,富邦-桃園,2023-12-20,9665
3043,科風,15,0,15,富邦-桃園,2023-12-20,9665
6244,茂迪,60,46,14,富邦-桃園,2023-12-20,9665
1905,華紙,17,3,14,富邦-桃園,2023-12-20,9665
2331,精英,582,37,545,富邦-桃園,2023-12-21,9665
00937B,群益ESG投等債20,479,102,377,富邦-桃園,2023-12-21,9665
00919,群益台灣精選高息,371,72,299,富邦-桃園,2023-12-21,9665
9105,泰金寶-DR,270,51,219,富邦-桃園,2023-12-21,9665
00878,國泰永續高股息,259,42,217,富邦-桃園,2023-12-21,9665
00688L,國泰20年美債正2,203,30,173,富邦-桃園,2023-12-21,9665
00764B,群益25年美債,128,2,126,富邦-桃園,2023-12-21,9665
2516,新建,101,0,101,富邦-桃園,2023-12-21,9665
00680L,元大美債20正2,92,0,92,富邦-桃園,2023-12-21,9665
2409,友達,75,4,71,富邦-桃園,2023-12-21,9665
00637L,元大滬深300正2,70,6,64,富邦-桃園,2023-12-21,9665
00934,中信成長高股息,69,10,59,富邦-桃園,2023-12-21,9665
2324,仁寶,115,64,51,富邦-桃園,2023-12-21,9665
6443,元晶,48,0,48,富邦-桃園,2023-12-21,9665
2887,台新金,54,7,47,富邦-桃園,2023-12-21,9665
00706L,期元大S＆P日圓正2,45,0,45,富邦-桃園,2023-12-21,9665
3715,定穎投控,53,8,45,富邦-桃園,2023-12-21,9665
0056,元大高股息,51,9,42,富邦-桃園,2023-12-21,9665
2891,中信金,82,42,40,富邦-桃園,2023-12-21,9665
1608,華榮,40,0,40,富邦-桃園,2023-12-21,9665
2303,聯電,43,5,38,富邦-桃園,2023-12-21,9665
2610,華航,40,4,36,富邦-桃園,2023-12-21,9665
00640L,富邦日本正2,35,0,35,富邦-桃園,2023-12-21,9665
00665L,富邦�琤肭磪囓�2,134,100,34,富邦-桃園,2023-12-21,9665
00795B,中信美國公債20年,31,0,31,富邦-桃園,2023-12-21,9665
2241,艾姆勒,35,4,31,富邦-桃園,2023-12-21,9665
1455,集盛,30,0,30,富邦-桃園,2023-12-21,9665
1806,冠軍,30,0,30,富邦-桃園,2023-12-21,9665
1522,堤維西,34,9,25,富邦-桃園,2023-12-21,9665
00720B,元大投資級公司債,33,8,25,富邦-桃園,2023-12-21,9665
006208,富邦台50,26,2,24,富邦-桃園,2023-12-21,9665
1319,東陽,23,0,23,富邦-桃園,2023-12-21,9665
2329,華泰,43,20,23,富邦-桃園,2023-12-21,9665
00753L,中信中國50正2,24,1,23,富邦-桃園,2023-12-21,9665
3035,智原,36,14,22,富邦-桃園,2023-12-21,9665
2023,燁輝,35,14,21,富邦-桃園,2023-12-21,9665
00773B,中信優先金融債,21,0,21,富邦-桃園,2023-12-21,9665
3041,揚智,51,30,21,富邦-桃園,2023-12-21,9665
1504,東元,20,0,20,富邦-桃園,2023-12-21,9665
00900,富邦特選高股息30,22,2,20,富邦-桃園,2023-12-21,9665
2367,燿華,20,0,20,富邦-桃園,2023-12-21,9665
2412,中華電,20,0,20,富邦-桃園,2023-12-21,9665
5880,合庫金,20,0,20,富邦-桃園,2023-12-21,9665
1605,華新,29,9,20,富邦-桃園,2023-12-21,9665
4542,科嶠,20,0,20,富邦-桃園,2023-12-21,9665
00751B,元大AAA至A公司債,20,1,19,富邦-桃園,2023-12-21,9665
5426,振發,23,4,19,富邦-桃園,2023-12-21,9665
1732,毛寶,67,49,18,富邦-桃園,2023-12-21,9665
2369,菱生,18,0,18,富邦-桃園,2023-12-21,9665
2317,鴻海,32,14,18,富邦-桃園,2023-12-21,9665
00680L,元大美債20正2,416,5,411,富邦-桃園,2023-12-22,9665
00753L,中信中國50正2,256,1,255,富邦-桃園,2023-12-22,9665
00919,群益台灣精選高息,243,17,226,富邦-桃園,2023-12-22,9665
00632R,元大台灣50反1,214,0,214,富邦-桃園,2023-12-22,9665
00933B,國泰10Y+金融債,122,0,122,富邦-桃園,2023-12-22,9665
00687B,國泰20年美債,127,7,120,富邦-桃園,2023-12-22,9665
00882,中信中國高股息,129,10,119,富邦-桃園,2023-12-22,9665
00937B,群益ESG投等債20,174,57,117,富邦-桃園,2023-12-22,9665
2883,凱基金,100,2,98,富邦-桃園,2023-12-22,9665
00688L,國泰20年美債正2,91,23,68,富邦-桃園,2023-12-22,9665
2515,中工,117,50,67,富邦-桃園,2023-12-22,9665
00720B,元大投資級公司債,69,8,61,富邦-桃園,2023-12-22,9665
00891,中信關鍵半導體,61,2,59,富邦-桃園,2023-12-22,9665
00929,復華台灣科技優息,70,19,51,富邦-桃園,2023-12-22,9665
2324,仁寶,88,37,51,富邦-桃園,2023-12-22,9665
00676R,富邦臺灣加權反1,50,0,50,富邦-桃園,2023-12-22,9665
2506,太設,49,1,48,富邦-桃園,2023-12-22,9665
2356,英業達,118,73,45,富邦-桃園,2023-12-22,9665
3607,谷崧,46,3,43,富邦-桃園,2023-12-22,9665
00751B,元大AAA至A公司債,53,11,42,富邦-桃園,2023-12-22,9665
1314,中石化,34,0,34,富邦-桃園,2023-12-22,9665
00931B,統一美債20年,31,0,31,富邦-桃園,2023-12-22,9665
2331,精英,34,6,28,富邦-桃園,2023-12-22,9665
2344,華邦電,187,159,28,富邦-桃園,2023-12-22,9665
0056,元大高股息,30,4,26,富邦-桃園,2023-12-22,9665
2412,中華電,25,0,25,富邦-桃園,2023-12-22,9665
00669R,國泰美國道瓊反1,25,0,25,富邦-桃園,2023-12-22,9665
8110,華東,24,0,24,富邦-桃園,2023-12-22,9665
2888,新光金,29,6,23,富邦-桃園,2023-12-22,9665
2241,艾姆勒,21,0,21,富邦-桃園,2023-12-22,9665
1802,台玻,21,0,21,富邦-桃園,2023-12-22,9665
3231,緯創,35,15,20,富邦-桃園,2023-12-22,9665
3128,昇銳,20,0,20,富邦-桃園,2023-12-22,9665
00650L,復華香港正2,20,0,20,富邦-桃園,2023-12-22,9665
00900,富邦特選高股息30,21,1,20,富邦-桃園,2023-12-22,9665
8112,至上,23,3,20,富邦-桃園,2023-12-22,9665
4746,台耀,21,2,19,富邦-桃園,2023-12-22,9665
00637L,元大滬深300正2,21,2,19,富邦-桃園,2023-12-22,9665
3044,健鼎,21,2,19,富邦-桃園,2023-12-22,9665
6116,彩晶,21,2,19,富邦-桃園,2023-12-22,9665
00934,中信成長高股息,18,0,18,富邦-桃園,2023-12-22,9665
6245,立端,18,0,18,富邦-桃園,2023-12-22,9665
4967,十銓,32,14,18,富邦-桃園,2023-12-22,9665
3576,聯合再生,18,1,17,富邦-桃園,2023-12-22,9665
9910,豐泰,15,0,15,富邦-桃園,2023-12-22,9665
00671R,富邦NASDAQ反1,20,5,15,富邦-桃園,2023-12-22,9665
6418,詠昇,15,0,15,富邦-桃園,2023-12-22,9665
2498,宏達電,34,19,15,富邦-桃園,2023-12-22,9665
1524,耿鼎,14,0,14,富邦-桃園,2023-12-22,9665
00713,元大台灣高息低波,15,1,14,富邦-桃園,2023-12-22,9665
00919,群益台灣精選高息,466,45,421,富邦-桃園,2023-12-25,9665
2371,大同,200,9,191,富邦-桃園,2023-12-25,9665
2610,華航,229,53,176,富邦-桃園,2023-12-25,9665
2498,宏達電,229,55,174,富邦-桃園,2023-12-25,9665
2324,仁寶,265,108,157,富邦-桃園,2023-12-25,9665
2609,陽明,352,225,127,富邦-桃園,2023-12-25,9665
2516,新建,111,1,110,富邦-桃園,2023-12-25,9665
00632R,元大台灣50反1,104,0,104,富邦-桃園,2023-12-25,9665
00923,群益台ESG低碳50,100,7,93,富邦-桃園,2023-12-25,9665
2883,凱基金,100,22,78,富邦-桃園,2023-12-25,9665
00918,大華優利高填息30,80,10,70,富邦-桃園,2023-12-25,9665
020020,元大台股領航N,70,0,70,富邦-桃園,2023-12-25,9665
00933B,國泰10Y+金融債,61,2,59,富邦-桃園,2023-12-25,9665
3013,晟銘電,82,24,58,富邦-桃園,2023-12-25,9665
3591,艾笛森,55,2,53,富邦-桃園,2023-12-25,9665
2607,榮運,58,6,52,富邦-桃園,2023-12-25,9665
2884,玉山金,52,0,52,富邦-桃園,2023-12-25,9665
6164,華興,50,0,50,富邦-桃園,2023-12-25,9665
2007,燁興,71,23,48,富邦-桃園,2023-12-25,9665
00937B,群益ESG投等債20,117,71,46,富邦-桃園,2023-12-25,9665
00687B,國泰20年美債,47,2,45,富邦-桃園,2023-12-25,9665
00679B,元大美債20年,56,16,40,富邦-桃園,2023-12-25,9665
2645,長榮航太,40,1,39,富邦-桃園,2023-12-25,9665
00637L,元大滬深300正2,38,0,38,富邦-桃園,2023-12-25,9665
00751B,元大AAA至A公司債,37,0,37,富邦-桃園,2023-12-25,9665
2344,華邦電,46,9,37,富邦-桃園,2023-12-25,9665
2317,鴻海,40,5,35,富邦-桃園,2023-12-25,9665
2356,英業達,189,154,35,富邦-桃園,2023-12-25,9665
2530,華建,34,0,34,富邦-桃園,2023-12-25,9665
1524,耿鼎,33,0,33,富邦-桃園,2023-12-25,9665
2603,長榮,65,33,32,富邦-桃園,2023-12-25,9665
00935,野村臺灣新科技50,36,5,31,富邦-桃園,2023-12-25,9665
00753L,中信中國50正2,30,0,30,富邦-桃園,2023-12-25,9665
0056,元大高股息,49,20,29,富邦-桃園,2023-12-25,9665
2331,精英,87,59,28,富邦-桃園,2023-12-25,9665
1605,華新,31,5,26,富邦-桃園,2023-12-25,9665
8054,安國,26,1,25,富邦-桃園,2023-12-25,9665
9105,泰金寶-DR,44,20,24,富邦-桃園,2023-12-25,9665
2515,中工,37,13,24,富邦-桃園,2023-12-25,9665
6139,亞翔,69,46,23,富邦-桃園,2023-12-25,9665
3213,茂訊,23,0,23,富邦-桃園,2023-12-25,9665
1314,中石化,53,30,23,富邦-桃園,2023-12-25,9665
2023,燁輝,24,2,22,富邦-桃園,2023-12-25,9665
1514,亞力,48,29,19,富邦-桃園,2023-12-25,9665
4542,科嶠,20,1,19,富邦-桃園,2023-12-25,9665
3211,順達,18,0,18,富邦-桃園,2023-12-25,9665
5355,佳總,18,0,18,富邦-桃園,2023-12-25,9665
3548,兆利,21,4,17,富邦-桃園,2023-12-25,9665
4956,光鋐,16,0,16,富邦-桃園,2023-12-25,9665
8088,品安,82,66,16,富邦-桃園,2023-12-25,9665
2618,長榮航,279,84,195,富邦-桃園,2023-12-26,9665
00632R,元大台灣50反1,129,0,129,富邦-桃園,2023-12-26,9665
00919,群益台灣精選高息,126,39,87,富邦-桃園,2023-12-26,9665
6116,彩晶,91,10,81,富邦-桃園,2023-12-26,9665
2610,華航,124,55,69,富邦-桃園,2023-12-26,9665
3714,富采,53,0,53,富邦-桃園,2023-12-26,9665
4956,光鋐,52,0,52,富邦-桃園,2023-12-26,9665
3437,榮創,52,3,49,富邦-桃園,2023-12-26,9665
00687B,國泰20年美債,56,7,49,富邦-桃園,2023-12-26,9665
9105,泰金寶-DR,44,0,44,富邦-桃園,2023-12-26,9665
1815,富喬,40,1,39,富邦-桃園,2023-12-26,9665
00923,群益台ESG低碳50,40,3,37,富邦-桃園,2023-12-26,9665
00891,中信關鍵半導體,50,19,31,富邦-桃園,2023-12-26,9665
00933B,國泰10Y+金融債,28,0,28,富邦-桃園,2023-12-26,9665
6770,力積電,26,1,25,富邦-桃園,2023-12-26,9665
00633L,富邦上証正2,24,0,24,富邦-桃園,2023-12-26,9665
6443,元晶,24,2,22,富邦-桃園,2023-12-26,9665
3691,碩禾,21,0,21,富邦-桃園,2023-12-26,9665
1618,合機,21,0,21,富邦-桃園,2023-12-26,9665
2010,春源,21,0,21,富邦-桃園,2023-12-26,9665
00712,復華富時不動產,20,0,20,富邦-桃園,2023-12-26,9665
2436,偉詮電,20,0,20,富邦-桃園,2023-12-26,9665
1806,冠軍,22,2,20,富邦-桃園,2023-12-26,9665
3268,海德威,21,1,20,富邦-桃園,2023-12-26,9665
2905,三商,20,0,20,富邦-桃園,2023-12-26,9665
2313,華通,27,7,20,富邦-桃園,2023-12-26,9665
2331,精英,628,609,19,富邦-桃園,2023-12-26,9665
6533,晶心科,20,1,19,富邦-桃園,2023-12-26,9665
2032,新鋼,19,2,17,富邦-桃園,2023-12-26,9665
2324,仁寶,175,159,16,富邦-桃園,2023-12-26,9665
8039,台虹,19,4,15,富邦-桃園,2023-12-26,9665
00662,富邦NASDAQ,15,0,15,富邦-桃園,2023-12-26,9665
6776,展�眥篕�,15,0,15,富邦-桃園,2023-12-26,9665
00882,中信中國高股息,14,0,14,富邦-桃園,2023-12-26,9665
00665L,富邦�琤肭磪囓�2,13,0,13,富邦-桃園,2023-12-26,9665
5607,遠雄港,12,0,12,富邦-桃園,2023-12-26,9665
2816,旺旺保,12,0,12,富邦-桃園,2023-12-26,9665
3231,緯創,48,37,11,富邦-桃園,2023-12-26,9665
2449,京元電子,12,1,11,富邦-桃園,2023-12-26,9665
5871,中租-KY,11,0,11,富邦-桃園,2023-12-26,9665
1609,大亞,12,1,11,富邦-桃園,2023-12-26,9665
3545,敦泰,11,1,10,富邦-桃園,2023-12-26,9665
3264,欣銓,12,2,10,富邦-桃園,2023-12-26,9665
00706L,期元大S＆P日圓正2,10,0,10,富邦-桃園,2023-12-26,9665
2022,聚亨,21,11,10,富邦-桃園,2023-12-26,9665
6152,百一,10,0,10,富邦-桃園,2023-12-26,9665
2504,國產,10,0,10,富邦-桃園,2023-12-26,9665
00688L,國泰20年美債正2,12,2,10,富邦-桃園,2023-12-26,9665
2369,菱生,11,1,10,富邦-桃園,2023-12-26,9665
1708,東鹼,10,0,10,富邦-桃園,2023-12-26,9665
00937B,群益ESG投等債20,914,69,845,富邦-桃園,2023-12-27,9665
00632R,元大台灣50反1,339,5,334,富邦-桃園,2023-12-27,9665
2303,聯電,594,325,269,富邦-桃園,2023-12-27,9665
2618,長榮航,312,80,232,富邦-桃園,2023-12-27,9665
00882,中信中國高股息,280,112,168,富邦-桃園,2023-12-27,9665
020020,元大台股領航N,100,0,100,富邦-桃園,2023-12-27,9665
2324,仁寶,273,174,99,富邦-桃園,2023-12-27,9665
00919,群益台灣精選高息,147,57,90,富邦-桃園,2023-12-27,9665
3037,欣興,89,2,87,富邦-桃園,2023-12-27,9665
00753L,中信中國50正2,80,0,80,富邦-桃園,2023-12-27,9665
5483,中美晶,82,7,75,富邦-桃園,2023-12-27,9665
00933B,國泰10Y+金融債,76,5,71,富邦-桃園,2023-12-27,9665
2376,技嘉,73,9,64,富邦-桃園,2023-12-27,9665
2498,宏達電,62,6,56,富邦-桃園,2023-12-27,9665
2405,輔信,306,250,56,富邦-桃園,2023-12-27,9665
2006,東和鋼鐵,57,4,53,富邦-桃園,2023-12-27,9665
2329,華泰,51,1,50,富邦-桃園,2023-12-27,9665
00934,中信成長高股息,56,7,49,富邦-桃園,2023-12-27,9665
00923,群益台ESG低碳50,50,2,48,富邦-桃園,2023-12-27,9665
2889,國票金,52,7,45,富邦-桃園,2023-12-27,9665
2883,凱基金,103,60,43,富邦-桃園,2023-12-27,9665
3049,精金,43,0,43,富邦-桃園,2023-12-27,9665
2102,泰豐,40,2,38,富邦-桃園,2023-12-27,9665
00891,中信關鍵半導體,74,36,38,富邦-桃園,2023-12-27,9665
00931B,統一美債20年,46,11,35,富邦-桃園,2023-12-27,9665
00679B,元大美債20年,47,13,34,富邦-桃園,2023-12-27,9665
3437,榮創,37,3,34,富邦-桃園,2023-12-27,9665
2337,旺宏,77,44,33,富邦-桃園,2023-12-27,9665
00673R,期元大S＆P原油反1,31,0,31,富邦-桃園,2023-12-27,9665
2505,國揚,30,0,30,富邦-桃園,2023-12-27,9665
8410,森田,29,0,29,富邦-桃園,2023-12-27,9665
8059,凱碩,71,43,28,富邦-桃園,2023-12-27,9665
00637L,元大滬深300正2,38,11,27,富邦-桃園,2023-12-27,9665
2867,三商壽,45,20,25,富邦-桃園,2023-12-27,9665
5007,三星,25,0,25,富邦-桃園,2023-12-27,9665
2605,新興,25,0,25,富邦-桃園,2023-12-27,9665
3703,欣陸,25,0,25,富邦-桃園,2023-12-27,9665
1584,精剛,27,3,24,富邦-桃園,2023-12-27,9665
2607,榮運,21,0,21,富邦-桃園,2023-12-27,9665
2630,亞航,21,0,21,富邦-桃園,2023-12-27,9665
00720B,元大投資級公司債,20,0,20,富邦-桃園,2023-12-27,9665
2427,三商電,20,0,20,富邦-桃園,2023-12-27,9665
1444,力麗,20,0,20,富邦-桃園,2023-12-27,9665
00687B,國泰20年美債,28,9,19,富邦-桃園,2023-12-27,9665
2301,光寶科,25,7,18,富邦-桃園,2023-12-27,9665
3691,碩禾,18,0,18,富邦-桃園,2023-12-27,9665
1522,堤維西,18,1,17,富邦-桃園,2023-12-27,9665
2610,華航,23,6,17,富邦-桃園,2023-12-27,9665
4906,正文,17,0,17,富邦-桃園,2023-12-27,9665
2363,矽統,35,19,16,富邦-桃園,2023-12-27,9665
00937B,群益ESG投等債20,623,61,562,富邦-桃園,2023-12-28,9665
00655L,國泰中國A50正2,430,8,422,富邦-桃園,2023-12-28,9665
00688L,國泰20年美債正2,400,16,384,富邦-桃園,2023-12-28,9665
2303,聯電,471,106,365,富邦-桃園,2023-12-28,9665
00632R,元大台灣50反1,168,6,162,富邦-桃園,2023-12-28,9665
00919,群益台灣精選高息,197,38,159,富邦-桃園,2023-12-28,9665
6125,廣運,113,12,101,富邦-桃園,2023-12-28,9665
2371,大同,108,10,98,富邦-桃園,2023-12-28,9665
00929,復華台灣科技優息,193,98,95,富邦-桃園,2023-12-28,9665
00922,國泰台灣領袖50,73,7,66,富邦-桃園,2023-12-28,9665
3481,群創,65,4,61,富邦-桃園,2023-12-28,9665
2323,中環,62,4,58,富邦-桃園,2023-12-28,9665
9105,泰金寶-DR,56,2,54,富邦-桃園,2023-12-28,9665
6005,群益證,53,1,52,富邦-桃園,2023-12-28,9665
00933B,國泰10Y+金融債,36,0,36,富邦-桃園,2023-12-28,9665
2376,技嘉,54,18,36,富邦-桃園,2023-12-28,9665
2324,仁寶,124,92,32,富邦-桃園,2023-12-28,9665
2603,長榮,64,33,31,富邦-桃園,2023-12-28,9665
2102,泰豐,30,0,30,富邦-桃園,2023-12-28,9665
1712,興農,30,0,30,富邦-桃園,2023-12-28,9665
00635U,期元大S＆P黃金,30,0,30,富邦-桃園,2023-12-28,9665
00679B,元大美債20年,31,2,29,富邦-桃園,2023-12-28,9665
3703,欣陸,30,1,29,富邦-桃園,2023-12-28,9665
00918,大華優利高填息30,28,0,28,富邦-桃園,2023-12-28,9665
3056,富華新,30,5,25,富邦-桃園,2023-12-28,9665
3006,晶豪科,76,52,24,富邦-桃園,2023-12-28,9665
2439,美律,25,1,24,富邦-桃園,2023-12-28,9665
1514,亞力,150,127,23,富邦-桃園,2023-12-28,9665
3545,敦泰,31,9,22,富邦-桃園,2023-12-28,9665
2606,裕民,23,2,21,富邦-桃園,2023-12-28,9665
00931B,統一美債20年,22,1,21,富邦-桃園,2023-12-28,9665
2208,台船,20,0,20,富邦-桃園,2023-12-28,9665
3376,新日興,34,14,20,富邦-桃園,2023-12-28,9665
2605,新興,22,2,20,富邦-桃園,2023-12-28,9665
6244,茂迪,20,0,20,富邦-桃園,2023-12-28,9665
2609,陽明,50,30,20,富邦-桃園,2023-12-28,9665
2516,新建,50,31,19,富邦-桃園,2023-12-28,9665
2481,強茂,19,0,19,富邦-桃園,2023-12-28,9665
00934,中信成長高股息,19,0,19,富邦-桃園,2023-12-28,9665
00900,富邦特選高股息30,21,3,18,富邦-桃園,2023-12-28,9665
2637,慧洋-KY,21,3,18,富邦-桃園,2023-12-28,9665
3294,英濟,18,0,18,富邦-桃園,2023-12-28,9665
00722B,群益投資級電信債,30,12,18,富邦-桃園,2023-12-28,9665
4979,華星光,35,17,18,富邦-桃園,2023-12-28,9665
00885,富邦越南,22,5,17,富邦-桃園,2023-12-28,9665
2505,國揚,17,0,17,富邦-桃園,2023-12-28,9665
1513,中興電,35,19,16,富邦-桃園,2023-12-28,9665
3631,晟楠,16,0,16,富邦-桃園,2023-12-28,9665
2610,華航,21,5,16,富邦-桃園,2023-12-28,9665
3213,茂訊,15,0,15,富邦-桃園,2023-12-28,9665
00937B,群益ESG投等債20,363,0,363,富邦-桃園,2023-12-29,9665
00688L,國泰20年美債正2,275,0,275,富邦-桃園,2023-12-29,9665
2356,英業達,206,77,129,富邦-桃園,2023-12-29,9665
00919,群益台灣精選高息,134,11,123,富邦-桃園,2023-12-29,9665
5351,鈺創,108,5,103,富邦-桃園,2023-12-29,9665
3231,緯創,377,287,90,富邦-桃園,2023-12-29,9665
00715L,期街口布蘭特正2,99,23,76,富邦-桃園,2023-12-29,9665
00751B,元大AAA至A公司債,64,6,58,富邦-桃園,2023-12-29,9665
00795B,中信美國公債20年,57,0,57,富邦-桃園,2023-12-29,9665
00687B,國泰20年美債,69,13,56,富邦-桃園,2023-12-29,9665
4533,協易機,45,1,44,富邦-桃園,2023-12-29,9665
00882,中信中國高股息,50,7,43,富邦-桃園,2023-12-29,9665
00772B,中信高評級公司債,44,2,42,富邦-桃園,2023-12-29,9665
2883,凱基金,49,13,36,富邦-桃園,2023-12-29,9665
2353,宏��,332,295,37,富邦-桃園,2023-12-29,9665
00933B,國泰10Y+金融債,55,19,36,富邦-桃園,2023-12-29,9665
00712,復華富時不動產,65,30,35,富邦-桃園,2023-12-29,9665
00885,富邦越南,40,7,33,富邦-桃園,2023-12-29,9665
2303,聯電,47,14,33,富邦-桃園,2023-12-29,9665
1734,杏輝,30,0,30,富邦-桃園,2023-12-29,9665
2618,長榮航,67,38,29,富邦-桃園,2023-12-29,9665
00680L,元大美債20正2,31,3,28,富邦-桃園,2023-12-29,9665
2436,偉詮電,38,10,28,富邦-桃園,2023-12-29,9665
6667,信紘科,43,16,27,富邦-桃園,2023-12-29,9665
8110,華東,27,0,27,富邦-桃園,2023-12-29,9665
1513,中興電,32,7,25,富邦-桃園,2023-12-29,9665
2515,中工,33,8,25,富邦-桃園,2023-12-29,9665
3260,威剛,36,13,23,富邦-桃園,2023-12-29,9665
00655L,國泰中國A50正2,23,0,23,富邦-桃園,2023-12-29,9665
00679B,元大美債20年,35,12,23,富邦-桃園,2023-12-29,9665
2607,榮運,20,0,20,富邦-桃園,2023-12-29,9665
3437,榮創,20,0,20,富邦-桃園,2023-12-29,9665
8011,台通,87,68,19,富邦-桃園,2023-12-29,9665
6125,廣運,79,61,18,富邦-桃園,2023-12-29,9665
3006,晶豪科,46,29,17,富邦-桃園,2023-12-29,9665
2888,新光金,16,0,16,富邦-桃園,2023-12-29,9665
3494,誠研,16,0,16,富邦-桃園,2023-12-29,9665
6182,合晶,17,1,16,富邦-桃園,2023-12-29,9665
00720B,元大投資級公司債,15,0,15,富邦-桃園,2023-12-29,9665
1605,華新,18,3,15,富邦-桃園,2023-12-29,9665
006206,元大上證50,15,0,15,富邦-桃園,2023-12-29,9665
2344,華邦電,160,145,15,富邦-桃園,2023-12-29,9665
3706,神達,31,17,14,富邦-桃園,2023-12-29,9665
2610,華航,26,12,14,富邦-桃園,2023-12-29,9665
3234,光環,14,0,14,富邦-桃園,2023-12-29,9665
2363,矽統,14,1,13,富邦-桃園,2023-12-29,9665
3041,揚智,14,1,13,富邦-桃園,2023-12-29,9665
8039,台虹,16,3,13,富邦-桃園,2023-12-29,9665
2897,王道銀行,12,0,12,富邦-桃園,2023-12-29,9665
3296,勝德,13,1,12,富邦-桃園,2023-12-29,9665
00937B,群益ESG投等債20,558,62,496,富邦-桃園,2024-01-02,9665
00688L,國泰20年美債正2,246,0,246,富邦-桃園,2024-01-02,9665
00919,群益台灣精選高息,181,23,158,富邦-桃園,2024-01-02,9665
00929,復華台灣科技優息,151,20,131,富邦-桃園,2024-01-02,9665
3231,緯創,172,46,126,富邦-桃園,2024-01-02,9665
2506,太設,100,1,99,富邦-桃園,2024-01-02,9665
6139,亞翔,113,14,99,富邦-桃園,2024-01-02,9665
00878,國泰永續高股息,116,35,81,富邦-桃園,2024-01-02,9665
00637L,元大滬深300正2,79,0,79,富邦-桃園,2024-01-02,9665
00679B,元大美債20年,96,25,71,富邦-桃園,2024-01-02,9665
00934,中信成長高股息,112,46,66,富邦-桃園,2024-01-02,9665
00712,復華富時不動產,92,30,62,富邦-桃園,2024-01-02,9665
1217,愛之味,56,0,56,富邦-桃園,2024-01-02,9665
00655L,國泰中國A50正2,59,8,51,富邦-桃園,2024-01-02,9665
6244,茂迪,50,0,50,富邦-桃園,2024-01-02,9665
2516,新建,50,4,46,富邦-桃園,2024-01-02,9665
00922,國泰台灣領袖50,52,9,43,富邦-桃園,2024-01-02,9665
1503,士電,42,3,39,富邦-桃園,2024-01-02,9665
2313,華通,73,37,36,富邦-桃園,2024-01-02,9665
00720B,元大投資級公司債,34,0,34,富邦-桃園,2024-01-02,9665
00772B,中信高評級公司債,39,5,34,富邦-桃園,2024-01-02,9665
00662,富邦NASDAQ,31,0,31,富邦-桃園,2024-01-02,9665
2883,凱基金,36,7,29,富邦-桃園,2024-01-02,9665
2356,英業達,67,39,28,富邦-桃園,2024-01-02,9665
2409,友達,42,14,28,富邦-桃園,2024-01-02,9665
2014,中鴻,31,3,28,富邦-桃園,2024-01-02,9665
00751B,元大AAA至A公司債,27,0,27,富邦-桃園,2024-01-02,9665
8932,智通*,26,0,26,富邦-桃園,2024-01-02,9665
1612,宏泰,31,5,26,富邦-桃園,2024-01-02,9665
2382,廣達,32,7,25,富邦-桃園,2024-01-02,9665
3481,群創,43,17,26,富邦-桃園,2024-01-02,9665
00931B,統一美債20年,24,0,24,富邦-桃園,2024-01-02,9665
3706,神達,42,18,24,富邦-桃園,2024-01-02,9665
2303,聯電,37,13,24,富邦-桃園,2024-01-02,9665
3059,華晶科,26,3,23,富邦-桃園,2024-01-02,9665
00933B,國泰10Y+金融債,21,0,21,富邦-桃園,2024-01-02,9665
00891,中信關鍵半導體,21,0,21,富邦-桃園,2024-01-02,9665
00918,大華優利高填息30,20,0,20,富邦-桃園,2024-01-02,9665
6203,海韻電,20,0,20,富邦-桃園,2024-01-02,9665
9934,成霖,22,2,20,富邦-桃園,2024-01-02,9665
2615,萬海,51,32,19,富邦-桃園,2024-01-02,9665
2376,技嘉,63,45,18,富邦-桃園,2024-01-02,9665
6811,宏�硌穈T,18,0,18,富邦-桃園,2024-01-02,9665
2498,宏達電,27,9,18,富邦-桃園,2024-01-02,9665
5457,宣德,18,0,18,富邦-桃園,2024-01-02,9665
00892,富邦台灣半導體,21,5,16,富邦-桃園,2024-01-02,9665
00921,兆豐龍頭等權重,23,7,16,富邦-桃園,2024-01-02,9665
00935,野村臺灣新科技50,20,5,15,富邦-桃園,2024-01-02,9665
4956,光鋐,15,0,15,富邦-桃園,2024-01-02,9665
9105,泰金寶-DR,15,0,15,富邦-桃園,2024-01-02,9665
00929,復華台灣科技優息,817,101,716,富邦-桃園,2024-01-03,9665
00919,群益台灣精選高息,393,23,370,富邦-桃園,2024-01-03,9665
00937B,群益ESG投等債20,430,145,285,富邦-桃園,2024-01-03,9665
00688L,國泰20年美債正2,206,0,206,富邦-桃園,2024-01-03,9665
2882,國泰金,123,1,122,富邦-桃園,2024-01-03,9665
00878,國泰永續高股息,165,53,112,富邦-桃園,2024-01-03,9665
9934,成霖,106,22,84,富邦-桃園,2024-01-03,9665
00715L,期街口布蘭特正2,101,20,81,富邦-桃園,2024-01-03,9665
00680L,元大美債20正2,158,85,73,富邦-桃園,2024-01-03,9665
2376,技嘉,89,18,71,富邦-桃園,2024-01-03,9665
0056,元大高股息,122,51,71,富邦-桃園,2024-01-03,9665
00934,中信成長高股息,70,5,65,富邦-桃園,2024-01-03,9665
9105,泰金寶-DR,65,0,65,富邦-桃園,2024-01-03,9665
2331,精英,105,42,63,富邦-桃園,2024-01-03,9665
00642U,期元大S＆P石油,62,0,62,富邦-桃園,2024-01-03,9665
1605,華新,61,4,57,富邦-桃園,2024-01-03,9665
2002,中鋼,61,5,56,富邦-桃園,2024-01-03,9665
2892,第一金,54,2,52,富邦-桃園,2024-01-03,9665
00881,國泰台灣5G+,50,0,50,富邦-桃園,2024-01-03,9665
2352,佳世達,64,15,49,富邦-桃園,2024-01-03,9665
2303,聯電,52,6,46,富邦-桃園,2024-01-03,9665
3481,群創,49,3,46,富邦-桃園,2024-01-03,9665
2353,宏��,132,89,43,富邦-桃園,2024-01-03,9665
00770,國泰北美科技,41,0,41,富邦-桃園,2024-01-03,9665
2486,一詮,123,84,39,富邦-桃園,2024-01-03,9665
00935,野村臺灣新科技50,37,0,37,富邦-桃園,2024-01-03,9665
1504,東元,57,20,37,富邦-桃園,2024-01-03,9665
3703,欣陸,34,0,34,富邦-桃園,2024-01-03,9665
3041,揚智,33,0,33,富邦-桃園,2024-01-03,9665
6244,茂迪,33,1,32,富邦-桃園,2024-01-03,9665
00918,大華優利高填息30,31,1,30,富邦-桃園,2024-01-03,9665
00712,復華富時不動產,37,7,30,富邦-桃園,2024-01-03,9665
00882,中信中國高股息,42,12,30,富邦-桃園,2024-01-03,9665
00772B,中信高評級公司債,59,31,28,富邦-桃園,2024-01-03,9665
5426,振發,28,3,25,富邦-桃園,2024-01-03,9665
2516,新建,81,56,25,富邦-桃園,2024-01-03,9665
00927,群益半導體收益,25,0,25,富邦-桃園,2024-01-03,9665
00753L,中信中國50正2,24,0,24,富邦-桃園,2024-01-03,9665
8112,至上,26,2,24,富邦-桃園,2024-01-03,9665
4906,正文,24,0,24,富邦-桃園,2024-01-03,9665
6770,力積電,24,0,24,富邦-桃園,2024-01-03,9665
00687B,國泰20年美債,30,7,23,富邦-桃園,2024-01-03,9665
2610,華航,43,21,22,富邦-桃園,2024-01-03,9665
2101,南港,23,1,22,富邦-桃園,2024-01-03,9665
2208,台船,23,1,22,富邦-桃園,2024-01-03,9665
2330,台積電,23,2,21,富邦-桃園,2024-01-03,9665
2515,中工,27,6,21,富邦-桃園,2024-01-03,9665
6152,百一,21,0,21,富邦-桃園,2024-01-03,9665
2340,台亞,22,1,21,富邦-桃園,2024-01-03,9665
2409,友達,44,24,20,富邦-桃園,2024-01-03,9665
00929,復華台灣科技優息,416,55,361,富邦-桃園,2024-01-04,9665
00753L,中信中國50正2,209,6,203,富邦-桃園,2024-01-04,9665
00937B,群益ESG投等債20,188,58,130,富邦-桃園,2024-01-04,9665
00927,群益半導體收益,127,0,127,富邦-桃園,2024-01-04,9665
00637L,元大滬深300正2,179,65,114,富邦-桃園,2024-01-04,9665
6125,廣運,81,2,79,富邦-桃園,2024-01-04,9665
2609,陽明,933,869,64,富邦-桃園,2024-01-04,9665
9934,成霖,65,3,62,富邦-桃園,2024-01-04,9665
00632R,元大台灣50反1,75,13,62,富邦-桃園,2024-01-04,9665
00720B,元大投資級公司債,54,1,53,富邦-桃園,2024-01-04,9665
2344,華邦電,59,6,53,富邦-桃園,2024-01-04,9665
00893,國泰智能電動車,52,0,52,富邦-桃園,2024-01-04,9665
0056,元大高股息,68,16,52,富邦-桃園,2024-01-04,9665
2516,新建,50,0,50,富邦-桃園,2024-01-04,9665
4533,協易機,56,10,46,富邦-桃園,2024-01-04,9665
00751B,元大AAA至A公司債,42,0,42,富邦-桃園,2024-01-04,9665
6139,亞翔,42,3,39,富邦-桃園,2024-01-04,9665
00919,群益台灣精選高息,52,14,38,富邦-桃園,2024-01-04,9665
6140,訊達,88,54,34,富邦-桃園,2024-01-04,9665
5521,工信,36,4,32,富邦-桃園,2024-01-04,9665
6244,茂迪,32,2,30,富邦-桃園,2024-01-04,9665
1227,佳格,30,0,30,富邦-桃園,2024-01-04,9665
2618,長榮航,156,128,28,富邦-桃園,2024-01-04,9665
00633L,富邦上証正2,30,2,28,富邦-桃園,2024-01-04,9665
00770,國泰北美科技,25,0,25,富邦-桃園,2024-01-04,9665
00725B,國泰投資級公司債,24,0,24,富邦-桃園,2024-01-04,9665
2303,聯電,38,15,23,富邦-桃園,2024-01-04,9665
2486,一詮,57,34,23,富邦-桃園,2024-01-04,9665
00655L,國泰中國A50正2,27,4,23,富邦-桃園,2024-01-04,9665
00881,國泰台灣5G+,22,0,22,富邦-桃園,2024-01-04,9665
2331,精英,34,12,22,富邦-桃園,2024-01-04,9665
2882,國泰金,21,0,21,富邦-桃園,2024-01-04,9665
6443,元晶,20,0,20,富邦-桃園,2024-01-04,9665
3257,虹冠電,20,0,20,富邦-桃園,2024-01-04,9665
2392,正崴,24,4,20,富邦-桃園,2024-01-04,9665
1802,台玻,22,2,20,富邦-桃園,2024-01-04,9665
3037,欣興,24,5,19,富邦-桃園,2024-01-04,9665
4746,台耀,20,1,19,富邦-桃園,2024-01-04,9665
00902,中信電池及儲能,19,0,19,富邦-桃園,2024-01-04,9665
3706,神達,43,25,18,富邦-桃園,2024-01-04,9665
2453,凌群,18,0,18,富邦-桃園,2024-01-04,9665
2436,偉詮電,37,20,17,富邦-桃園,2024-01-04,9665
00830,國泰費城半導體,16,0,16,富邦-桃園,2024-01-04,9665
00673R,期元大S＆P原油反1,15,0,15,富邦-桃園,2024-01-04,9665
6136,富爾特,15,0,15,富邦-桃園,2024-01-04,9665
3042,晶技,15,0,15,富邦-桃園,2024-01-04,9665
00933B,國泰10Y+金融債,20,5,15,富邦-桃園,2024-01-04,9665
3481,群創,18,4,14,富邦-桃園,2024-01-04,9665
3006,晶豪科,24,10,14,富邦-桃園,2024-01-04,9665
1514,亞力,32,18,14,富邦-桃園,2024-01-04,9665
00929,復華台灣科技優息,375,117,258,富邦-桃園,2024-01-05,9665
2515,中工,202,1,201,富邦-桃園,2024-01-05,9665
00919,群益台灣精選高息,206,12,194,富邦-桃園,2024-01-05,9665
00937B,群益ESG投等債20,140,45,95,富邦-桃園,2024-01-05,9665
2618,長榮航,208,142,66,富邦-桃園,2024-01-05,9665
2610,華航,153,94,59,富邦-桃園,2024-01-05,9665
2489,瑞軒,64,6,58,富邦-桃園,2024-01-05,9665
00751B,元大AAA至A公司債,45,0,45,富邦-桃園,2024-01-05,9665
00679B,元大美債20年,56,12,44,富邦-桃園,2024-01-05,9665
5521,工信,43,4,39,富邦-桃園,2024-01-05,9665
2356,英業達,99,60,39,富邦-桃園,2024-01-05,9665
00720B,元大投資級公司債,34,0,34,富邦-桃園,2024-01-05,9665
3037,欣興,39,5,34,富邦-桃園,2024-01-05,9665
00725B,國泰投資級公司債,34,0,34,富邦-桃園,2024-01-05,9665
4956,光鋐,32,2,30,富邦-桃園,2024-01-05,9665
0056,元大高股息,40,13,27,富邦-桃園,2024-01-05,9665
3380,明泰,35,8,27,富邦-桃園,2024-01-05,9665
2344,華邦電,30,4,26,富邦-桃園,2024-01-05,9665
1783,和康生,25,0,25,富邦-桃園,2024-01-05,9665
00927,群益半導體收益,22,0,22,富邦-桃園,2024-01-05,9665
00918,大華優利高填息30,22,1,21,富邦-桃園,2024-01-05,9665
00881,國泰台灣5G+,23,2,21,富邦-桃園,2024-01-05,9665
6290,良維,25,4,21,富邦-桃園,2024-01-05,9665
2486,一詮,26,5,21,富邦-桃園,2024-01-05,9665
3221,台嘉碩,20,0,20,富邦-桃園,2024-01-05,9665
6139,亞翔,32,12,20,富邦-桃園,2024-01-05,9665
2542,興富發,20,1,19,富邦-桃園,2024-01-05,9665
4906,正文,21,4,17,富邦-桃園,2024-01-05,9665
00933B,國泰10Y+金融債,21,5,16,富邦-桃園,2024-01-05,9665
00934,中信成長高股息,16,0,16,富邦-桃園,2024-01-05,9665
3062,建漢,20,4,16,富邦-桃園,2024-01-05,9665
00770,國泰北美科技,16,0,16,富邦-桃園,2024-01-05,9665
2393,億光,14,0,14,富邦-桃園,2024-01-05,9665
2362,藍天,52,38,14,富邦-桃園,2024-01-05,9665
1466,聚隆,14,0,14,富邦-桃園,2024-01-05,9665
4979,華星光,30,17,13,富邦-桃園,2024-01-05,9665
2328,廣宇,12,0,12,富邦-桃園,2024-01-05,9665
2324,仁寶,18,6,12,富邦-桃園,2024-01-05,9665
2891,中信金,13,1,12,富邦-桃園,2024-01-05,9665
8096,擎亞,37,25,12,富邦-桃園,2024-01-05,9665
5533,皇鼎,16,5,11,富邦-桃園,2024-01-05,9665
2368,金像電,15,4,11,富邦-桃園,2024-01-05,9665
00930,永豐ESG低碳高息,11,0,11,富邦-桃園,2024-01-05,9665
3024,憶聲,11,0,11,富邦-桃園,2024-01-05,9665
2609,陽明,463,452,11,富邦-桃園,2024-01-05,9665
2314,台揚,11,0,11,富邦-桃園,2024-01-05,9665
6244,茂迪,10,0,10,富邦-桃園,2024-01-05,9665
2353,宏��,37,27,10,富邦-桃園,2024-01-05,9665
2883,凱基金,12,2,10,富邦-桃園,2024-01-05,9665
6242,立康,10,0,10,富邦-桃園,2024-01-05,9665
00929,復華台灣科技優息,425,17,408,富邦-桃園,2024-01-08,9665
2303,聯電,251,4,247,富邦-桃園,2024-01-08,9665
00753L,中信中國50正2,247,0,247,富邦-桃園,2024-01-08,9665
00937B,群益ESG投等債20,200,32,168,富邦-桃園,2024-01-08,9665
00687B,國泰20年美債,120,3,117,富邦-桃園,2024-01-08,9665
00679B,元大美債20年,119,3,116,富邦-桃園,2024-01-08,9665
3714,富采,105,6,99,富邦-桃園,2024-01-08,9665
00919,群益台灣精選高息,101,12,89,富邦-桃園,2024-01-08,9665
6116,彩晶,130,41,89,富邦-桃園,2024-01-08,9665
00637L,元大滬深300正2,88,14,74,富邦-桃園,2024-01-08,9665
2353,宏��,122,58,64,富邦-桃園,2024-01-08,9665
2329,華泰,63,0,63,富邦-桃園,2024-01-08,9665
2603,長榮,251,188,63,富邦-桃園,2024-01-08,9665
00670L,富邦NASDAQ正2,54,0,54,富邦-桃園,2024-01-08,9665
2801,彰銀,57,3,54,富邦-桃園,2024-01-08,9665
2888,新光金,61,7,54,富邦-桃園,2024-01-08,9665
00878,國泰永續高股息,112,58,54,富邦-桃園,2024-01-08,9665
2324,仁寶,67,22,45,富邦-桃園,2024-01-08,9665
1612,宏泰,44,3,41,富邦-桃園,2024-01-08,9665
6792,詠業,40,0,40,富邦-桃園,2024-01-08,9665
00712,復華富時不動產,36,0,36,富邦-桃園,2024-01-08,9665
00725B,國泰投資級公司債,33,0,33,富邦-桃園,2024-01-08,9665
2344,華邦電,34,3,31,富邦-桃園,2024-01-08,9665
1444,力麗,30,0,30,富邦-桃園,2024-01-08,9665
00665L,富邦�琤肭磪囓�2,30,0,30,富邦-桃園,2024-01-08,9665
2498,宏達電,42,13,29,富邦-桃園,2024-01-08,9665
00902,中信電池及儲能,29,0,29,富邦-桃園,2024-01-08,9665
00934,中信成長高股息,30,2,28,富邦-桃園,2024-01-08,9665
00720B,元大投資級公司債,29,1,28,富邦-桃園,2024-01-08,9665
00751B,元大AAA至A公司債,36,9,27,富邦-桃園,2024-01-08,9665
8096,擎亞,65,38,27,富邦-桃園,2024-01-08,9665
00927,群益半導體收益,24,0,24,富邦-桃園,2024-01-08,9665
4909,新復興,36,12,24,富邦-桃園,2024-01-08,9665
2338,光罩,25,1,24,富邦-桃園,2024-01-08,9665
00915,凱基優選高股息30,22,0,22,富邦-桃園,2024-01-08,9665
00764B,群益25年美債,22,0,22,富邦-桃園,2024-01-08,9665
2617,台航,23,1,22,富邦-桃園,2024-01-08,9665
00933B,國泰10Y+金融債,36,15,21,富邦-桃園,2024-01-08,9665
2388,威盛,62,41,21,富邦-桃園,2024-01-08,9665
2530,華建,47,27,20,富邦-桃園,2024-01-08,9665
3673,TPK-KY,21,1,20,富邦-桃園,2024-01-08,9665
00662,富邦NASDAQ,17,0,17,富邦-桃園,2024-01-08,9665
6274,台燿,18,1,17,富邦-桃園,2024-01-08,9665
4533,協易機,16,0,16,富邦-桃園,2024-01-08,9665
00770,國泰北美科技,16,0,16,富邦-桃園,2024-01-08,9665
8086,宏捷科,16,1,15,富邦-桃園,2024-01-08,9665
1314,中石化,16,2,14,富邦-桃園,2024-01-08,9665
4968,立積,17,3,14,富邦-桃園,2024-01-08,9665
6695,芯鼎,63,49,14,富邦-桃園,2024-01-08,9665
00931B,統一美債20年,18,5,13,富邦-桃園,2024-01-08,9665
00919,群益台灣精選高息,398,5,393,富邦-桃園,2024-01-09,9665
00680L,元大美債20正2,231,1,230,富邦-桃園,2024-01-09,9665
1609,大亞,209,1,208,富邦-桃園,2024-01-09,9665
2609,陽明,312,125,187,富邦-桃園,2024-01-09,9665
1514,亞力,183,64,119,富邦-桃園,2024-01-09,9665
00715L,期街口布蘭特正2,115,12,103,富邦-桃園,2024-01-09,9665
3056,富華新,96,0,96,富邦-桃園,2024-01-09,9665
00918,大華優利高填息30,96,0,96,富邦-桃園,2024-01-09,9665
00929,復華台灣科技優息,239,145,94,富邦-桃園,2024-01-09,9665
2353,宏��,148,85,63,富邦-桃園,2024-01-09,9665
3030,德律,60,0,60,富邦-桃園,2024-01-09,9665
00933B,國泰10Y+金融債,83,26,57,富邦-桃園,2024-01-09,9665
2006,東和鋼鐵,56,0,56,富邦-桃園,2024-01-09,9665
00725B,國泰投資級公司債,50,0,50,富邦-桃園,2024-01-09,9665
2002,中鋼,47,1,46,富邦-桃園,2024-01-09,9665
00665L,富邦�琤肭磪囓�2,65,20,45,富邦-桃園,2024-01-09,9665
00937B,群益ESG投等債20,85,40,45,富邦-桃園,2024-01-09,9665
2888,新光金,45,1,44,富邦-桃園,2024-01-09,9665
2610,華航,68,26,42,富邦-桃園,2024-01-09,9665
00927,群益半導體收益,44,3,41,富邦-桃園,2024-01-09,9665
00752,中信中國50,41,0,41,富邦-桃園,2024-01-09,9665
6290,良維,40,0,40,富邦-桃園,2024-01-09,9665
1584,精剛,39,0,39,富邦-桃園,2024-01-09,9665
2324,仁寶,82,46,36,富邦-桃園,2024-01-09,9665
2308,台達電,36,2,34,富邦-桃園,2024-01-09,9665
2615,萬海,46,12,34,富邦-桃園,2024-01-09,9665
00753L,中信中國50正2,31,0,31,富邦-桃園,2024-01-09,9665
1605,華新,35,4,31,富邦-桃園,2024-01-09,9665
2498,宏達電,130,101,29,富邦-桃園,2024-01-09,9665
00934,中信成長高股息,29,1,28,富邦-桃園,2024-01-09,9665
3231,緯創,92,64,28,富邦-桃園,2024-01-09,9665
00637L,元大滬深300正2,27,0,27,富邦-桃園,2024-01-09,9665
00687B,國泰20年美債,31,7,24,富邦-桃園,2024-01-09,9665
6276,安鈦克,25,1,24,富邦-桃園,2024-01-09,9665
00696B,富邦美債20年,26,3,23,富邦-桃園,2024-01-09,9665
2211,長榮鋼,23,0,23,富邦-桃園,2024-01-09,9665
2402,毅嘉,26,3,23,富邦-桃園,2024-01-09,9665
4906,正文,25,2,23,富邦-桃園,2024-01-09,9665
2356,英業達,178,156,22,富邦-桃園,2024-01-09,9665
3346,麗清,36,15,21,富邦-桃園,2024-01-09,9665
0056,元大高股息,26,6,20,富邦-桃園,2024-01-09,9665
2467,志聖,29,9,20,富邦-桃園,2024-01-09,9665
6257,矽格,20,0,20,富邦-桃園,2024-01-09,9665
2883,凱基金,19,0,19,富邦-桃園,2024-01-09,9665
2317,鴻海,20,2,18,富邦-桃園,2024-01-09,9665
2603,長榮,134,117,17,富邦-桃園,2024-01-09,9665
00770,國泰北美科技,17,0,17,富邦-桃園,2024-01-09,9665
3234,光環,17,0,17,富邦-桃園,2024-01-09,9665
1503,士電,20,3,17,富邦-桃園,2024-01-09,9665
6282,康舒,16,1,15,富邦-桃園,2024-01-09,9665
00679B,元大美債20年,152,0,152,富邦-桃園,2024-01-10,9665
00929,復華台灣科技優息,180,38,142,富邦-桃園,2024-01-10,9665
00919,群益台灣精選高息,105,17,88,富邦-桃園,2024-01-10,9665
00933B,國泰10Y+金融債,71,2,69,富邦-桃園,2024-01-10,9665
2610,華航,137,71,66,富邦-桃園,2024-01-10,9665
9105,泰金寶-DR,68,2,66,富邦-桃園,2024-01-10,9665
00878,國泰永續高股息,101,37,64,富邦-桃園,2024-01-10,9665
2888,新光金,63,3,60,富邦-桃園,2024-01-10,9665
2516,新建,81,23,58,富邦-桃園,2024-01-10,9665
2006,東和鋼鐵,58,0,58,富邦-桃園,2024-01-10,9665
00680L,元大美債20正2,56,0,56,富邦-桃園,2024-01-10,9665
2618,長榮航,56,11,45,富邦-桃園,2024-01-10,9665
1612,宏泰,42,1,41,富邦-桃園,2024-01-10,9665
6770,力積電,41,2,39,富邦-桃園,2024-01-10,9665
0056,元大高股息,45,9,36,富邦-桃園,2024-01-10,9665
2301,光寶科,51,15,36,富邦-桃園,2024-01-10,9665
00753L,中信中國50正2,34,0,34,富邦-桃園,2024-01-10,9665
2498,宏達電,102,70,32,富邦-桃園,2024-01-10,9665
00720B,元大投資級公司債,33,2,31,富邦-桃園,2024-01-10,9665
2371,大同,86,61,25,富邦-桃園,2024-01-10,9665
0050,元大台灣50,26,1,25,富邦-桃園,2024-01-10,9665
00673R,期元大S＆P原油反1,23,0,23,富邦-桃園,2024-01-10,9665
4909,新復興,36,15,21,富邦-桃園,2024-01-10,9665
00713,元大台灣高息低波,24,3,21,富邦-桃園,2024-01-10,9665
00653L,富邦印度正2,20,0,20,富邦-桃園,2024-01-10,9665
1227,佳格,20,2,18,富邦-桃園,2024-01-10,9665
2356,英業達,78,63,15,富邦-桃園,2024-01-10,9665
2376,技嘉,25,10,15,富邦-桃園,2024-01-10,9665
9927,泰銘,15,0,15,富邦-桃園,2024-01-10,9665
00688L,國泰20年美債正2,15,0,15,富邦-桃園,2024-01-10,9665
2352,佳世達,30,16,14,富邦-桃園,2024-01-10,9665
4716,大立,14,0,14,富邦-桃園,2024-01-10,9665
00937B,群益ESG投等債20,56,43,13,富邦-桃園,2024-01-10,9665
00930,永豐ESG低碳高息,13,0,13,富邦-桃園,2024-01-10,9665
8011,台通,13,0,13,富邦-桃園,2024-01-10,9665
3046,建��,13,1,12,富邦-桃園,2024-01-10,9665
2308,台達電,13,1,12,富邦-桃園,2024-01-10,9665
8068,全達,12,0,12,富邦-桃園,2024-01-10,9665
1815,富喬,12,0,12,富邦-桃園,2024-01-10,9665
00632R,元大台灣50反1,25,13,12,富邦-桃園,2024-01-10,9665
6163,華電網,14,2,12,富邦-桃園,2024-01-10,9665
3037,欣興,13,1,12,富邦-桃園,2024-01-10,9665
00935,野村臺灣新科技50,14,2,12,富邦-桃園,2024-01-10,9665
00931B,統一美債20年,12,1,11,富邦-桃園,2024-01-10,9665
5425,台半,11,0,11,富邦-桃園,2024-01-10,9665
6486,互動,11,0,11,富邦-桃園,2024-01-10,9665
3092,鴻碩,11,0,11,富邦-桃園,2024-01-10,9665
6274,台燿,12,1,11,富邦-桃園,2024-01-10,9665
6806,森崴能源,11,0,11,富邦-桃園,2024-01-10,9665
2208,台船,11,0,11,富邦-桃園,2024-01-10,9665
2498,宏達電,470,84,386,富邦-桃園,2024-01-11,9665
00929,復華台灣科技優息,370,21,349,富邦-桃園,2024-01-11,9665
00919,群益台灣精選高息,249,80,169,富邦-桃園,2024-01-11,9665
00927,群益半導體收益,87,2,85,富邦-桃園,2024-01-11,9665
2506,太設,80,0,80,富邦-桃園,2024-01-11,9665
00680L,元大美債20正2,79,20,59,富邦-桃園,2024-01-11,9665
2408,南亞科,50,4,46,富邦-桃園,2024-01-11,9665
6239,力成,48,3,45,富邦-桃園,2024-01-11,9665
0056,元大高股息,55,12,43,富邦-桃園,2024-01-11,9665
00679B,元大美債20年,50,10,40,富邦-桃園,2024-01-11,9665
1301,台塑,43,3,40,富邦-桃園,2024-01-11,9665
2609,陽明,101,62,39,富邦-桃園,2024-01-11,9665
00770,國泰北美科技,38,1,37,富邦-桃園,2024-01-11,9665
2331,精英,47,12,35,富邦-桃園,2024-01-11,9665
6163,華電網,39,4,35,富邦-桃園,2024-01-11,9665
2888,新光金,50,16,34,富邦-桃園,2024-01-11,9665
2486,一詮,69,35,34,富邦-桃園,2024-01-11,9665
6695,芯鼎,108,76,32,富邦-桃園,2024-01-11,9665
2353,宏��,94,63,31,富邦-桃園,2024-01-11,9665
00772B,中信高評級公司債,31,0,31,富邦-桃園,2024-01-11,9665
2610,華航,99,69,30,富邦-桃園,2024-01-11,9665
8111,立��,38,8,30,富邦-桃園,2024-01-11,9665
00720B,元大投資級公司債,28,0,28,富邦-桃園,2024-01-11,9665
00882,中信中國高股息,127,100,27,富邦-桃園,2024-01-11,9665
2884,玉山金,26,0,26,富邦-桃園,2024-01-11,9665
00637L,元大滬深300正2,25,0,25,富邦-桃園,2024-01-11,9665
2449,京元電子,33,9,24,富邦-桃園,2024-01-11,9665
2423,固緯,26,3,23,富邦-桃園,2024-01-11,9665
6164,華興,23,0,23,富邦-桃園,2024-01-11,9665
6243,迅杰,33,10,23,富邦-桃園,2024-01-11,9665
1519,華城,44,21,23,富邦-桃園,2024-01-11,9665
6120,達運,58,38,20,富邦-桃園,2024-01-11,9665
6806,森崴能源,20,1,19,富邦-桃園,2024-01-11,9665
2329,華泰,74,56,18,富邦-桃園,2024-01-11,9665
3037,欣興,17,0,17,富邦-桃園,2024-01-11,9665
00715L,期街口布蘭特正2,19,2,17,富邦-桃園,2024-01-11,9665
3147,大綜,17,1,16,富邦-桃園,2024-01-11,9665
5381,合正,15,0,15,富邦-桃園,2024-01-11,9665
2606,裕民,16,1,15,富邦-桃園,2024-01-11,9665
1504,東元,14,0,14,富邦-桃園,2024-01-11,9665
2897,王道銀行,14,0,14,富邦-桃園,2024-01-11,9665
5443,均豪,50,36,14,富邦-桃園,2024-01-11,9665
3025,星通,90,76,14,富邦-桃園,2024-01-11,9665
5351,鈺創,21,7,14,富邦-桃園,2024-01-11,9665
2421,建準,14,1,13,富邦-桃園,2024-01-11,9665
6770,力積電,22,10,12,富邦-桃園,2024-01-11,9665
2442,新美齊,12,0,12,富邦-桃園,2024-01-11,9665
00688L,國泰20年美債正2,11,0,11,富邦-桃園,2024-01-11,9665
2882,國泰金,15,4,11,富邦-桃園,2024-01-11,9665
2913,農林,11,0,11,富邦-桃園,2024-01-11,9665
00669R,國泰美國道瓊反1,2133,0,2133,富邦-桃園,2024-01-12,9665
00885,富邦越南,736,0,736,富邦-桃園,2024-01-12,9665
00929,復華台灣科技優息,786,54,732,富邦-桃園,2024-01-12,9665
2888,新光金,304,11,293,富邦-桃園,2024-01-12,9665
00919,群益台灣精選高息,300,22,278,富邦-桃園,2024-01-12,9665
00937B,群益ESG投等債20,156,3,153,富邦-桃園,2024-01-12,9665
0056,元大高股息,83,4,79,富邦-桃園,2024-01-12,9665
2353,宏��,112,40,72,富邦-桃園,2024-01-12,9665
00680L,元大美債20正2,89,23,66,富邦-桃園,2024-01-12,9665
5426,振發,101,39,62,富邦-桃園,2024-01-12,9665
2486,一詮,155,100,55,富邦-桃園,2024-01-12,9665
006208,富邦台50,62,9,53,富邦-桃園,2024-01-12,9665
3030,德律,38,0,38,富邦-桃園,2024-01-12,9665
00927,群益半導體收益,36,0,36,富邦-桃園,2024-01-12,9665
4909,新復興,48,13,35,富邦-桃園,2024-01-12,9665
2211,長榮鋼,35,0,35,富邦-桃園,2024-01-12,9665
00706L,期元大S＆P日圓正2,30,0,30,富邦-桃園,2024-01-12,9665
00882,中信中國高股息,79,50,29,富邦-桃園,2024-01-12,9665
3037,欣興,37,9,28,富邦-桃園,2024-01-12,9665
00904,新光臺灣半導體30,27,2,25,富邦-桃園,2024-01-12,9665
2528,皇普,25,0,25,富邦-桃園,2024-01-12,9665
3706,神達,41,16,25,富邦-桃園,2024-01-12,9665
6120,達運,63,39,24,富邦-桃園,2024-01-12,9665
00770,國泰北美科技,23,0,23,富邦-桃園,2024-01-12,9665
2303,聯電,30,8,22,富邦-桃園,2024-01-12,9665
2481,強茂,21,0,21,富邦-桃園,2024-01-12,9665
8150,南茂,22,2,20,富邦-桃園,2024-01-12,9665
4933,友輝,20,0,20,富邦-桃園,2024-01-12,9665
1802,台玻,20,0,20,富邦-桃園,2024-01-12,9665
2915,潤泰全,18,0,18,富邦-桃園,2024-01-12,9665
0050,元大台灣50,18,1,17,富邦-桃園,2024-01-12,9665
2388,威盛,33,16,17,富邦-桃園,2024-01-12,9665
1736,喬山,16,0,16,富邦-桃園,2024-01-12,9665
2329,華泰,30,15,15,富邦-桃園,2024-01-12,9665
2530,華建,15,0,15,富邦-桃園,2024-01-12,9665
00688L,國泰20年美債正2,15,0,15,富邦-桃園,2024-01-12,9665
4906,正文,15,0,15,富邦-桃園,2024-01-12,9665
6799,來頡,16,1,15,富邦-桃園,2024-01-12,9665
00712,復華富時不動產,15,1,14,富邦-桃園,2024-01-12,9665
2313,華通,39,25,14,富邦-桃園,2024-01-12,9665
00679B,元大美債20年,16,2,14,富邦-桃園,2024-01-12,9665
00935,野村臺灣新科技50,14,0,14,富邦-桃園,2024-01-12,9665
2208,台船,33,19,14,富邦-桃園,2024-01-12,9665
3588,通嘉,14,1,13,富邦-桃園,2024-01-12,9665
00687B,國泰20年美債,14,1,13,富邦-桃園,2024-01-12,9665
2449,京元電子,28,15,13,富邦-桃園,2024-01-12,9665
5347,世界,12,0,12,富邦-桃園,2024-01-12,9665
2885,元大金,12,0,12,富邦-桃園,2024-01-12,9665
6244,茂迪,12,0,12,富邦-桃園,2024-01-12,9665
2892,第一金,13,2,11,富邦-桃園,2024-01-12,9665
00655L,國泰中國A50正2,434,4,430,富邦-桃園,2024-01-15,9665
00665L,富邦�琤肭磪囓�2,307,3,304,富邦-桃園,2024-01-15,9665
1513,中興電,282,32,250,富邦-桃園,2024-01-15,9665
00918,大華優利高填息30,192,0,192,富邦-桃園,2024-01-15,9665
00929,復華台灣科技優息,305,119,186,富邦-桃園,2024-01-15,9665
00680L,元大美債20正2,187,4,183,富邦-桃園,2024-01-15,9665
00933B,國泰10Y+金融債,174,2,172,富邦-桃園,2024-01-15,9665
00927,群益半導體收益,140,1,139,富邦-桃園,2024-01-15,9665
2618,長榮航,133,29,104,富邦-桃園,2024-01-15,9665
00712,復華富時不動產,106,3,103,富邦-桃園,2024-01-15,9665
020020,元大台股領航N,100,0,100,富邦-桃園,2024-01-15,9665
1503,士電,139,44,95,富邦-桃園,2024-01-15,9665
00687B,國泰20年美債,86,0,86,富邦-桃園,2024-01-15,9665
0056,元大高股息,107,23,84,富邦-桃園,2024-01-15,9665
2610,華航,122,62,60,富邦-桃園,2024-01-15,9665
3231,緯創,139,86,53,富邦-桃園,2024-01-15,9665
6477,安集,51,0,51,富邦-桃園,2024-01-15,9665
3576,聯合再生,75,25,50,富邦-桃園,2024-01-15,9665
2356,英業達,75,29,46,富邦-桃園,2024-01-15,9665
8096,擎亞,72,34,38,富邦-桃園,2024-01-15,9665
00878,國泰永續高股息,61,23,38,富邦-桃園,2024-01-15,9665
00632R,元大台灣50反1,37,0,37,富邦-桃園,2024-01-15,9665
2331,精英,47,10,37,富邦-桃園,2024-01-15,9665
00715L,期街口布蘭特正2,50,14,36,富邦-桃園,2024-01-15,9665
00753L,中信中國50正2,33,0,33,富邦-桃園,2024-01-15,9665
2208,台船,33,3,30,富邦-桃園,2024-01-15,9665
00725B,國泰投資級公司債,30,0,30,富邦-桃園,2024-01-15,9665
5340,建榮,30,0,30,富邦-桃園,2024-01-15,9665
3715,定穎投控,44,15,29,富邦-桃園,2024-01-15,9665
2634,漢翔,32,5,27,富邦-桃園,2024-01-15,9665
00904,新光臺灣半導體30,24,0,24,富邦-桃園,2024-01-15,9665
3041,揚智,28,4,24,富邦-桃園,2024-01-15,9665
5483,中美晶,23,1,22,富邦-桃園,2024-01-15,9665
00915,凱基優選高股息30,22,0,22,富邦-桃園,2024-01-15,9665
5533,皇鼎,20,0,20,富邦-桃園,2024-01-15,9665
1444,力麗,20,0,20,富邦-桃園,2024-01-15,9665
3037,欣興,22,3,19,富邦-桃園,2024-01-15,9665
3046,建��,24,6,18,富邦-桃園,2024-01-15,9665
1514,亞力,85,68,17,富邦-桃園,2024-01-15,9665
2317,鴻海,17,1,16,富邦-桃園,2024-01-15,9665
2884,玉山金,17,1,16,富邦-桃園,2024-01-15,9665
00679B,元大美債20年,16,1,15,富邦-桃園,2024-01-15,9665
2867,三商壽,15,0,15,富邦-桃園,2024-01-15,9665
2353,宏��,41,27,14,富邦-桃園,2024-01-15,9665
3017,奇鋐,66,53,13,富邦-桃園,2024-01-15,9665
00751B,元大AAA至A公司債,13,0,13,富邦-桃園,2024-01-15,9665
2882,國泰金,20,7,13,富邦-桃園,2024-01-15,9665
00688L,國泰20年美債正2,13,0,13,富邦-桃園,2024-01-15,9665
2329,華泰,35,24,11,富邦-桃園,2024-01-15,9665
1301,台塑,13,2,11,富邦-桃園,2024-01-15,9665
00929,復華台灣科技優息,503,98,405,富邦-桃園,2024-01-16,9665
2618,長榮航,304,28,276,富邦-桃園,2024-01-16,9665
0056,元大高股息,344,127,217,富邦-桃園,2024-01-16,9665
00919,群益台灣精選高息,222,13,209,富邦-桃園,2024-01-16,9665
00937B,群益ESG投等債20,206,7,199,富邦-桃園,2024-01-16,9665
00753L,中信中國50正2,178,0,178,富邦-桃園,2024-01-16,9665
00772B,中信高評級公司債,152,3,149,富邦-桃園,2024-01-16,9665
00680L,元大美債20正2,125,16,109,富邦-桃園,2024-01-16,9665
2883,凱基金,113,4,109,富邦-桃園,2024-01-16,9665
2027,大成鋼,103,0,103,富邦-桃園,2024-01-16,9665
00923,群益台ESG低碳50,115,12,103,富邦-桃園,2024-01-16,9665
020020,元大台股領航N,100,0,100,富邦-桃園,2024-01-16,9665
2603,長榮,106,25,81,富邦-桃園,2024-01-16,9665
00687B,國泰20年美債,72,0,72,富邦-桃園,2024-01-16,9665
00665L,富邦�琤肭磪囓�2,133,66,67,富邦-桃園,2024-01-16,9665
2486,一詮,132,68,64,富邦-桃園,2024-01-16,9665
00927,群益半導體收益,123,60,63,富邦-桃園,2024-01-16,9665
1513,中興電,63,1,62,富邦-桃園,2024-01-16,9665
1301,台塑,66,5,61,富邦-桃園,2024-01-16,9665
00751B,元大AAA至A公司債,54,2,52,富邦-桃園,2024-01-16,9665
00650L,復華香港正2,50,0,50,富邦-桃園,2024-01-16,9665
2002,中鋼,54,6,48,富邦-桃園,2024-01-16,9665
00881,國泰台灣5G+,47,0,47,富邦-桃園,2024-01-16,9665
1303,南亞,43,0,43,富邦-桃園,2024-01-16,9665
2353,宏��,75,33,42,富邦-桃園,2024-01-16,9665
6116,彩晶,42,0,42,富邦-桃園,2024-01-16,9665
2630,亞航,41,0,41,富邦-桃園,2024-01-16,9665
2881,富邦金,40,0,40,富邦-桃園,2024-01-16,9665
2882,國泰金,41,1,40,富邦-桃園,2024-01-16,9665
2880,華南金,39,0,39,富邦-桃園,2024-01-16,9665
2344,華邦電,47,9,38,富邦-桃園,2024-01-16,9665
3231,緯創,89,51,38,富邦-桃園,2024-01-16,9665
2609,陽明,59,22,37,富邦-桃園,2024-01-16,9665
5880,合庫金,66,30,36,富邦-桃園,2024-01-16,9665
2887,台新金,36,0,36,富邦-桃園,2024-01-16,9665
2884,玉山金,42,6,36,富邦-桃園,2024-01-16,9665
2324,仁寶,39,4,35,富邦-桃園,2024-01-16,9665
1326,台化,32,0,32,富邦-桃園,2024-01-16,9665
00891,中信關鍵半導體,30,0,30,富邦-桃園,2024-01-16,9665
0050,元大台灣50,31,2,29,富邦-桃園,2024-01-16,9665
2892,第一金,29,1,28,富邦-桃園,2024-01-16,9665
00637L,元大滬深300正2,32,4,28,富邦-桃園,2024-01-16,9665
00904,新光臺灣半導體30,28,0,28,富邦-桃園,2024-01-16,9665
2308,台達電,27,0,27,富邦-桃園,2024-01-16,9665
00882,中信中國高股息,26,0,26,富邦-桃園,2024-01-16,9665
3623,富晶通,31,5,26,富邦-桃園,2024-01-16,9665
4123,晟德,27,1,26,富邦-桃園,2024-01-16,9665
2454,聯發科,26,1,25,富邦-桃園,2024-01-16,9665
6140,訊達,55,31,24,富邦-桃園,2024-01-16,9665
2367,燿華,23,0,23,富邦-桃園,2024-01-16,9665
00929,復華台灣科技優息,982,165,817,富邦-桃園,2024-01-17,9665
0056,元大高股息,517,20,497,富邦-桃園,2024-01-17,9665
00687B,國泰20年美債,378,43,335,富邦-桃園,2024-01-17,9665
00882,中信中國高股息,310,58,252,富邦-桃園,2024-01-17,9665
00919,群益台灣精選高息,382,134,248,富邦-桃園,2024-01-17,9665
00937B,群益ESG投等債20,248,5,243,富邦-桃園,2024-01-17,9665
00680L,元大美債20正2,237,49,188,富邦-桃園,2024-01-17,9665
00676R,富邦臺灣加權反1,170,10,160,富邦-桃園,2024-01-17,9665
00753L,中信中國50正2,188,45,143,富邦-桃園,2024-01-17,9665
00878,國泰永續高股息,177,41,136,富邦-桃園,2024-01-17,9665
00650L,復華香港正2,125,0,125,富邦-桃園,2024-01-17,9665
2303,聯電,143,40,103,富邦-桃園,2024-01-17,9665
00720B,元大投資級公司債,87,2,85,富邦-桃園,2024-01-17,9665
2881,富邦金,90,13,77,富邦-桃園,2024-01-17,9665
6116,彩晶,68,0,68,富邦-桃園,2024-01-17,9665
2883,凱基金,69,2,67,富邦-桃園,2024-01-17,9665
00918,大華優利高填息30,71,5,66,富邦-桃園,2024-01-17,9665
6278,台表科,60,0,60,富邦-桃園,2024-01-17,9665
3306,鼎天,73,13,60,富邦-桃園,2024-01-17,9665
0050,元大台灣50,70,14,56,富邦-桃園,2024-01-17,9665
2882,國泰金,53,0,53,富邦-桃園,2024-01-17,9665
00927,群益半導體收益,135,83,52,富邦-桃園,2024-01-17,9665
2344,華邦電,59,9,50,富邦-桃園,2024-01-17,9665
2887,台新金,49,0,49,富邦-桃園,2024-01-17,9665
6770,力積電,51,3,48,富邦-桃園,2024-01-17,9665
2317,鴻海,59,11,48,富邦-桃園,2024-01-17,9665
1605,華新,47,1,46,富邦-桃園,2024-01-17,9665
00675L,富邦臺灣加權正2,47,2,45,富邦-桃園,2024-01-17,9665
6152,百一,50,8,42,富邦-桃園,2024-01-17,9665
00679B,元大美債20年,64,23,41,富邦-桃園,2024-01-17,9665
00891,中信關鍵半導體,41,2,39,富邦-桃園,2024-01-17,9665
2002,中鋼,47,8,39,富邦-桃園,2024-01-17,9665
00770,國泰北美科技,39,0,39,富邦-桃園,2024-01-17,9665
5880,合庫金,38,0,38,富邦-桃園,2024-01-17,9665
2886,兆豐金,39,1,38,富邦-桃園,2024-01-17,9665
6284,佳邦,37,0,37,富邦-桃園,2024-01-17,9665
00881,國泰台灣5G+,39,2,37,富邦-桃園,2024-01-17,9665
2308,台達電,40,3,37,富邦-桃園,2024-01-17,9665
2609,陽明,73,38,35,富邦-桃園,2024-01-17,9665
8054,安國,33,0,33,富邦-桃園,2024-01-17,9665
2801,彰銀,32,0,32,富邦-桃園,2024-01-17,9665
2892,第一金,32,0,32,富邦-桃園,2024-01-17,9665
00696B,富邦美債20年,31,0,31,富邦-桃園,2024-01-17,9665
4162,智擎,36,6,30,富邦-桃園,2024-01-17,9665
2812,台中銀,29,0,29,富邦-桃園,2024-01-17,9665
3037,欣興,27,1,26,富邦-桃園,2024-01-17,9665
00688L,國泰20年美債正2,27,2,25,富邦-桃園,2024-01-17,9665
8096,擎亞,102,78,24,富邦-桃園,2024-01-17,9665
2610,華航,80,56,24,富邦-桃園,2024-01-17,9665
2371,大同,24,2,22,富邦-桃園,2024-01-17,9665
00929,復華台灣科技優息,441,171,270,富邦-桃園,2024-01-18,9665
00882,中信中國高股息,164,10,154,富邦-桃園,2024-01-18,9665
00722B,群益投資級電信債,126,0,126,富邦-桃園,2024-01-18,9665
00725B,國泰投資級公司債,123,0,123,富邦-桃園,2024-01-18,9665
0056,元大高股息,141,30,111,富邦-桃園,2024-01-18,9665
9904,寶成,107,0,107,富邦-桃園,2024-01-18,9665
00919,群益台灣精選高息,116,19,97,富邦-桃園,2024-01-18,9665
00933B,國泰10Y+金融債,79,8,71,富邦-桃園,2024-01-18,9665
00878,國泰永續高股息,82,25,57,富邦-桃園,2024-01-18,9665
00679B,元大美債20年,56,0,56,富邦-桃園,2024-01-18,9665
3030,德律,51,0,51,富邦-桃園,2024-01-18,9665
00937B,群益ESG投等債20,80,35,45,富邦-桃園,2024-01-18,9665
3037,欣興,36,0,36,富邦-桃園,2024-01-18,9665
00902,中信電池及儲能,38,2,36,富邦-桃園,2024-01-18,9665
3149,正達,39,5,34,富邦-桃園,2024-01-18,9665
2887,台新金,33,0,33,富邦-桃園,2024-01-18,9665
00934,中信成長高股息,31,0,31,富邦-桃園,2024-01-18,9665
2303,聯電,71,40,31,富邦-桃園,2024-01-18,9665
2308,台達電,37,8,29,富邦-桃園,2024-01-18,9665
8096,擎亞,81,53,28,富邦-桃園,2024-01-18,9665
00918,大華優利高填息30,27,0,27,富邦-桃園,2024-01-18,9665
00881,國泰台灣5G+,31,4,27,富邦-桃園,2024-01-18,9665
6806,森崴能源,46,20,26,富邦-桃園,2024-01-18,9665
00687B,國泰20年美債,26,0,26,富邦-桃園,2024-01-18,9665
6505,台塑化,25,0,25,富邦-桃園,2024-01-18,9665
2888,新光金,27,3,24,富邦-桃園,2024-01-18,9665
2317,鴻海,27,4,23,富邦-桃園,2024-01-18,9665
3437,榮創,33,10,23,富邦-桃園,2024-01-18,9665
4960,誠美材,27,5,22,富邦-桃園,2024-01-18,9665
2406,國碩,21,0,21,富邦-桃園,2024-01-18,9665
00931B,統一美債20年,21,0,21,富邦-桃園,2024-01-18,9665
00911,兆豐洲際半導體,20,0,20,富邦-桃園,2024-01-18,9665
00720B,元大投資級公司債,21,1,20,富邦-桃園,2024-01-18,9665
2431,聯昌,19,0,19,富邦-桃園,2024-01-18,9665
6743,安普新,19,0,19,富邦-桃園,2024-01-18,9665
2344,華邦電,41,22,19,富邦-桃園,2024-01-18,9665
2883,凱基金,18,0,18,富邦-桃園,2024-01-18,9665
8932,智通*,18,0,18,富邦-桃園,2024-01-18,9665
0050,元大台灣50,19,1,18,富邦-桃園,2024-01-18,9665
6205,詮欣,17,0,17,富邦-桃園,2024-01-18,9665
4549,桓達,17,0,17,富邦-桃園,2024-01-18,9665
3033,威健,18,2,16,富邦-桃園,2024-01-18,9665
1101,台泥,16,1,15,富邦-桃園,2024-01-18,9665
1301,台塑,19,3,16,富邦-桃園,2024-01-18,9665
2886,兆豐金,16,1,15,富邦-桃園,2024-01-18,9665
2382,廣達,38,23,15,富邦-桃園,2024-01-18,9665
3051,力特,15,0,15,富邦-桃園,2024-01-18,9665
6770,力積電,15,0,15,富邦-桃園,2024-01-18,9665
2208,台船,13,0,13,富邦-桃園,2024-01-18,9665
2313,華通,19,6,13,富邦-桃園,2024-01-18,9665
3481,群創,784,232,552,富邦-桃園,2024-01-19,9665
00712,復華富時不動產,332,37,295,富邦-桃園,2024-01-19,9665
00680L,元大美債20正2,294,1,293,富邦-桃園,2024-01-19,9665
00937B,群益ESG投等債20,284,92,192,富邦-桃園,2024-01-19,9665
00923,群益台ESG低碳50,154,15,139,富邦-桃園,2024-01-19,9665
00632R,元大台灣50反1,134,2,132,富邦-桃園,2024-01-19,9665
00929,復華台灣科技優息,328,206,122,富邦-桃園,2024-01-19,9665
00679B,元大美債20年,131,23,108,富邦-桃園,2024-01-19,9665
2603,長榮,176,69,107,富邦-桃園,2024-01-19,9665
9904,寶成,106,0,106,富邦-桃園,2024-01-19,9665
00664R,國泰臺灣加權反1,87,0,87,富邦-桃園,2024-01-19,9665
0056,元大高股息,124,40,84,富邦-桃園,2024-01-19,9665
00720B,元大投資級公司債,104,21,83,富邦-桃園,2024-01-19,9665
00882,中信中國高股息,81,0,81,富邦-桃園,2024-01-19,9665
00919,群益台灣精選高息,98,30,68,富邦-桃園,2024-01-19,9665
2516,新建,66,0,66,富邦-桃園,2024-01-19,9665
2353,宏��,63,9,54,富邦-桃園,2024-01-19,9665
2812,台中銀,52,0,52,富邦-桃園,2024-01-19,9665
00753L,中信中國50正2,61,10,51,富邦-桃園,2024-01-19,9665
00930,永豐ESG低碳高息,50,0,50,富邦-桃園,2024-01-19,9665
2365,昆盈,50,0,50,富邦-桃園,2024-01-19,9665
00696B,富邦美債20年,50,0,50,富邦-桃園,2024-01-19,9665
2357,華碩,52,2,50,富邦-桃園,2024-01-19,9665
2609,陽明,49,7,42,富邦-桃園,2024-01-19,9665
2486,一詮,71,32,39,富邦-桃園,2024-01-19,9665
00655L,國泰中國A50正2,42,3,39,富邦-桃園,2024-01-19,9665
2610,華航,56,21,35,富邦-桃園,2024-01-19,9665
00688L,國泰20年美債正2,40,5,35,富邦-桃園,2024-01-19,9665
00931B,統一美債20年,34,1,33,富邦-桃園,2024-01-19,9665
2002,中鋼,36,5,31,富邦-桃園,2024-01-19,9665
00665L,富邦�琤肭磪囓�2,31,0,31,富邦-桃園,2024-01-19,9665
2409,友達,36,7,29,富邦-桃園,2024-01-19,9665
6152,百一,29,0,29,富邦-桃園,2024-01-19,9665
00642U,期元大S＆P石油,50,23,27,富邦-桃園,2024-01-19,9665
2363,矽統,26,0,26,富邦-桃園,2024-01-19,9665
5351,鈺創,26,0,26,富邦-桃園,2024-01-19,9665
00892,富邦台灣半導體,31,8,23,富邦-桃園,2024-01-19,9665
00673R,期元大S＆P原油反1,22,0,22,富邦-桃園,2024-01-19,9665
00751B,元大AAA至A公司債,30,8,22,富邦-桃園,2024-01-19,9665
2025,千興,20,0,20,富邦-桃園,2024-01-19,9665
2406,國碩,20,0,20,富邦-桃園,2024-01-19,9665
9919,康那香,20,0,20,富邦-桃園,2024-01-19,9665
2618,長榮航,51,33,18,富邦-桃園,2024-01-19,9665
3390,旭軟,18,0,18,富邦-桃園,2024-01-19,9665
00772B,中信高評級公司債,17,0,17,富邦-桃園,2024-01-19,9665
6415,矽力*-KY,17,0,17,富邦-桃園,2024-01-19,9665
00891,中信關鍵半導體,141,125,16,富邦-桃園,2024-01-19,9665
2890,永豐金,15,0,15,富邦-桃園,2024-01-19,9665
00904,新光臺灣半導體30,15,0,15,富邦-桃園,2024-01-19,9665
2101,南港,15,0,15,富邦-桃園,2024-01-19,9665
00919,群益台灣精選高息,464,9,455,富邦-桃園,2024-01-22,9665
00937B,群益ESG投等債20,245,10,235,富邦-桃園,2024-01-22,9665
2353,宏��,185,32,153,富邦-桃園,2024-01-22,9665
00882,中信中國高股息,168,18,150,富邦-桃園,2024-01-22,9665
00687B,國泰20年美債,142,14,128,富邦-桃園,2024-01-22,9665
00680L,元大美債20正2,126,7,119,富邦-桃園,2024-01-22,9665
2356,英業達,407,302,105,富邦-桃園,2024-01-22,9665
6139,亞翔,92,1,91,富邦-桃園,2024-01-22,9665
1444,力麗,80,0,80,富邦-桃園,2024-01-22,9665
2316,楠梓電,95,26,69,富邦-桃園,2024-01-22,9665
00753L,中信中國50正2,65,2,63,富邦-桃園,2024-01-22,9665
2313,華通,60,3,57,富邦-桃園,2024-01-22,9665
00650L,復華香港正2,55,0,55,富邦-桃園,2024-01-22,9665
8059,凱碩,84,29,55,富邦-桃園,2024-01-22,9665
2363,矽統,105,52,53,富邦-桃園,2024-01-22,9665
00664R,國泰臺灣加權反1,52,0,52,富邦-桃園,2024-01-22,9665
00655L,國泰中國A50正2,50,1,49,富邦-桃園,2024-01-22,9665
5488,松普,59,10,49,富邦-桃園,2024-01-22,9665
8028,昇陽半導體,45,0,45,富邦-桃園,2024-01-22,9665
3231,緯創,294,258,36,富邦-桃園,2024-01-22,9665
2867,三商壽,35,0,35,富邦-桃園,2024-01-22,9665
3059,華晶科,33,1,32,富邦-桃園,2024-01-22,9665
2329,華泰,126,94,32,富邦-桃園,2024-01-22,9665
00679B,元大美債20年,31,0,31,富邦-桃園,2024-01-22,9665
3490,單井,30,0,30,富邦-桃園,2024-01-22,9665
2409,友達,55,25,30,富邦-桃園,2024-01-22,9665
6116,彩晶,32,3,29,富邦-桃園,2024-01-22,9665
2610,華航,89,61,28,富邦-桃園,2024-01-22,9665
00885,富邦越南,46,20,26,富邦-桃園,2024-01-22,9665
2324,仁寶,75,49,26,富邦-桃園,2024-01-22,9665
4188,安克,40,15,25,富邦-桃園,2024-01-22,9665
3044,健鼎,28,3,25,富邦-桃園,2024-01-22,9665
6120,達運,24,0,24,富邦-桃園,2024-01-22,9665
1303,南亞,26,2,24,富邦-桃園,2024-01-22,9665
00929,復華台灣科技優息,151,129,22,富邦-桃園,2024-01-22,9665
00665L,富邦�琤肭磪囓�2,131,110,21,富邦-桃園,2024-01-22,9665
5426,振發,37,16,21,富邦-桃園,2024-01-22,9665
2641,正德,20,0,20,富邦-桃園,2024-01-22,9665
00688L,國泰20年美債正2,20,0,20,富邦-桃園,2024-01-22,9665
6219,富旺,20,0,20,富邦-桃園,2024-01-22,9665
2406,國碩,57,38,19,富邦-桃園,2024-01-22,9665
4743,合一,26,7,19,富邦-桃園,2024-01-22,9665
6792,詠業,18,0,18,富邦-桃園,2024-01-22,9665
2337,旺宏,20,2,18,富邦-桃園,2024-01-22,9665
2515,中工,18,1,17,富邦-桃園,2024-01-22,9665
3615,安可,20,3,17,富邦-桃園,2024-01-22,9665
00923,群益台ESG低碳50,21,4,17,富邦-桃園,2024-01-22,9665
5880,合庫金,17,1,16,富邦-桃園,2024-01-22,9665
2357,華碩,26,10,16,富邦-桃園,2024-01-22,9665
2344,華邦電,18,2,16,富邦-桃園,2024-01-22,9665
00933B,國泰10Y+金融債,282,1,281,富邦-桃園,2024-01-23,9665
6182,合晶,246,0,246,富邦-桃園,2024-01-23,9665
00937B,群益ESG投等債20,245,10,235,富邦-桃園,2024-01-23,9665
00673R,期元大S＆P原油反1,199,0,199,富邦-桃園,2024-01-23,9665
00680L,元大美債20正2,113,8,105,富邦-桃園,2024-01-23,9665
00632R,元大台灣50反1,116,17,99,富邦-桃園,2024-01-23,9665
00687B,國泰20年美債,99,0,99,富邦-桃園,2024-01-23,9665
3260,威剛,130,32,98,富邦-桃園,2024-01-23,9665
1305,華夏,69,0,69,富邦-桃園,2024-01-23,9665
2406,國碩,81,13,68,富邦-桃園,2024-01-23,9665
5880,合庫金,55,6,49,富邦-桃園,2024-01-23,9665
1513,中興電,51,4,47,富邦-桃園,2024-01-23,9665
2618,長榮航,67,22,45,富邦-桃園,2024-01-23,9665
00922,國泰台灣領袖50,41,1,40,富邦-桃園,2024-01-23,9665
2337,旺宏,34,0,34,富邦-桃園,2024-01-23,9665
00679B,元大美債20年,34,2,32,富邦-桃園,2024-01-23,9665
2610,華航,43,12,31,富邦-桃園,2024-01-23,9665
00725B,國泰投資級公司債,31,0,31,富邦-桃園,2024-01-23,9665
2324,仁寶,37,8,29,富邦-桃園,2024-01-23,9665
2486,一詮,48,20,28,富邦-桃園,2024-01-23,9665
5211,蒙恬,30,4,26,富邦-桃園,2024-01-23,9665
4956,光鋐,38,13,25,富邦-桃園,2024-01-23,9665
00929,復華台灣科技優息,164,139,25,富邦-桃園,2024-01-23,9665
6278,台表科,25,1,24,富邦-桃園,2024-01-23,9665
2208,台船,23,0,23,富邦-桃園,2024-01-23,9665
1471,首利,24,3,21,富邦-桃園,2024-01-23,9665
6124,業強,23,2,21,富邦-桃園,2024-01-23,9665
00882,中信中國高股息,58,38,20,富邦-桃園,2024-01-23,9665
3704,合勤控,20,0,20,富邦-桃園,2024-01-23,9665
5533,皇鼎,20,0,20,富邦-桃園,2024-01-23,9665
4960,誠美材,21,1,20,富邦-桃園,2024-01-23,9665
2886,兆豐金,20,2,18,富邦-桃園,2024-01-23,9665
2002,中鋼,18,0,18,富邦-桃園,2024-01-23,9665
1524,耿鼎,18,0,18,富邦-桃園,2024-01-23,9665
3058,立德,17,0,17,富邦-桃園,2024-01-23,9665
2363,矽統,21,5,16,富邦-桃園,2024-01-23,9665
3339,泰谷,16,0,16,富邦-桃園,2024-01-23,9665
00795B,中信美國公債20年,15,0,15,富邦-桃園,2024-01-23,9665
3036,文曄,39,24,15,富邦-桃園,2024-01-23,9665
2609,陽明,28,14,14,富邦-桃園,2024-01-23,9665
2365,昆盈,20,6,14,富邦-桃園,2024-01-23,9665
8096,擎亞,23,9,14,富邦-桃園,2024-01-23,9665
00637L,元大滬深300正2,44,30,14,富邦-桃園,2024-01-23,9665
6243,迅杰,21,8,13,富邦-桃園,2024-01-23,9665
2204,中華,14,1,13,富邦-桃園,2024-01-23,9665
2301,光寶科,14,2,12,富邦-桃園,2024-01-23,9665
2316,楠梓電,20,8,12,富邦-桃園,2024-01-23,9665
3030,德律,12,0,12,富邦-桃園,2024-01-23,9665
6743,安普新,12,0,12,富邦-桃園,2024-01-23,9665
3706,神達,45,33,12,富邦-桃園,2024-01-23,9665
00937B,群益ESG投等債20,714,100,614,富邦-桃園,2024-01-24,9665
00673R,期元大S＆P原油反1,550,0,550,富邦-桃園,2024-01-24,9665
6282,康舒,355,1,354,富邦-桃園,2024-01-24,9665
00725B,國泰投資級公司債,204,0,204,富邦-桃園,2024-01-24,9665
6182,合晶,152,0,152,富邦-桃園,2024-01-24,9665
00632R,元大台灣50反1,116,3,113,富邦-桃園,2024-01-24,9665
00722B,群益投資級電信債,101,0,101,富邦-桃園,2024-01-24,9665
00885,富邦越南,100,2,98,富邦-桃園,2024-01-24,9665
00665L,富邦�琤肭磪囓�2,138,53,85,富邦-桃園,2024-01-24,9665
1513,中興電,81,0,81,富邦-桃園,2024-01-24,9665
00664R,國泰臺灣加權反1,80,0,80,富邦-桃園,2024-01-24,9665
3499,環天科,75,7,68,富邦-桃園,2024-01-24,9665
00637L,元大滬深300正2,101,36,65,富邦-桃園,2024-01-24,9665
00720B,元大投資級公司債,62,0,62,富邦-桃園,2024-01-24,9665
00687B,國泰20年美債,56,0,56,富邦-桃園,2024-01-24,9665
5533,皇鼎,53,0,53,富邦-桃園,2024-01-24,9665
006206,元大上證50,50,0,50,富邦-桃園,2024-01-24,9665
3591,艾笛森,46,0,46,富邦-桃園,2024-01-24,9665
3481,群創,160,117,43,富邦-桃園,2024-01-24,9665
00679B,元大美債20年,42,1,41,富邦-桃園,2024-01-24,9665
00652,富邦印度,40,1,39,富邦-桃園,2024-01-24,9665
00680L,元大美債20正2,72,36,36,富邦-桃園,2024-01-24,9665
3231,緯創,105,72,33,富邦-桃園,2024-01-24,9665
1522,堤維西,30,0,30,富邦-桃園,2024-01-24,9665
2883,凱基金,30,2,28,富邦-桃園,2024-01-24,9665
2618,長榮航,61,34,27,富邦-桃園,2024-01-24,9665
6111,大宇資,52,25,27,富邦-桃園,2024-01-24,9665
2417,圓剛,27,0,27,富邦-桃園,2024-01-24,9665
3615,安可,42,15,27,富邦-桃園,2024-01-24,9665
00688L,國泰20年美債正2,27,0,27,富邦-桃園,2024-01-24,9665
6451,訊芯-KY,31,4,27,富邦-桃園,2024-01-24,9665
2369,菱生,71,45,26,富邦-桃園,2024-01-24,9665
2409,友達,49,23,26,富邦-桃園,2024-01-24,9665
1301,台塑,24,0,24,富邦-桃園,2024-01-24,9665
2884,玉山金,24,0,24,富邦-桃園,2024-01-24,9665
6237,驊訊,75,52,23,富邦-桃園,2024-01-24,9665
8034,榮群,43,21,22,富邦-桃園,2024-01-24,9665
4987,科誠,20,0,20,富邦-桃園,2024-01-24,9665
9927,泰銘,20,0,20,富邦-桃園,2024-01-24,9665
4938,和碩,39,21,18,富邦-桃園,2024-01-24,9665
00902,中信電池及儲能,18,2,16,富邦-桃園,2024-01-24,9665
4967,十銓,27,11,16,富邦-桃園,2024-01-24,9665
2374,佳能,15,0,15,富邦-桃園,2024-01-24,9665
5488,松普,15,0,15,富邦-桃園,2024-01-24,9665
3588,通嘉,26,11,15,富邦-桃園,2024-01-24,9665
3490,單井,37,22,15,富邦-桃園,2024-01-24,9665
3483,力致,29,15,14,富邦-桃園,2024-01-24,9665
1809,中釉,13,0,13,富邦-桃園,2024-01-24,9665
8089,康全電訊,12,0,12,富邦-桃園,2024-01-24,9665
00931B,統一美債20年,12,0,12,富邦-桃園,2024-01-24,9665
00655L,國泰中國A50正2,427,63,364,富邦-桃園,2024-01-25,9665
00680L,元大美債20正2,261,0,261,富邦-桃園,2024-01-25,9665
00632R,元大台灣50反1,171,0,171,富邦-桃園,2024-01-25,9665
00937B,群益ESG投等債20,149,13,136,富邦-桃園,2024-01-25,9665
00687B,國泰20年美債,139,10,129,富邦-桃園,2024-01-25,9665
00679B,元大美債20年,121,0,121,富邦-桃園,2024-01-25,9665
8059,凱碩,114,4,110,富邦-桃園,2024-01-25,9665
00882,中信中國高股息,200,91,109,富邦-桃園,2024-01-25,9665
6139,亞翔,95,2,93,富邦-桃園,2024-01-25,9665
00725B,國泰投資級公司債,77,0,77,富邦-桃園,2024-01-25,9665
00923,群益台ESG低碳50,70,1,69,富邦-桃園,2024-01-25,9665
2409,友達,71,12,59,富邦-桃園,2024-01-25,9665
2618,長榮航,210,152,58,富邦-桃園,2024-01-25,9665
2486,一詮,72,17,55,富邦-桃園,2024-01-25,9665
2365,昆盈,73,28,45,富邦-桃園,2024-01-25,9665
4909,新復興,87,42,45,富邦-桃園,2024-01-25,9665
00637L,元大滬深300正2,73,33,40,富邦-桃園,2024-01-25,9665
00720B,元大投資級公司債,38,0,38,富邦-桃園,2024-01-25,9665
6243,迅杰,36,1,35,富邦-桃園,2024-01-25,9665
3030,德律,37,2,35,富邦-桃園,2024-01-25,9665
6237,驊訊,36,3,33,富邦-桃園,2024-01-25,9665
3149,正達,40,10,30,富邦-桃園,2024-01-25,9665
3265,台星科,35,6,29,富邦-桃園,2024-01-25,9665
3339,泰谷,37,10,27,富邦-桃園,2024-01-25,9665
4526,東台,27,0,27,富邦-桃園,2024-01-25,9665
00756B,群益投等新興公債,24,0,24,富邦-桃園,2024-01-25,9665
2605,新興,24,0,24,富邦-桃園,2024-01-25,9665
00666R,富邦�琤肭磪齯�1,21,0,21,富邦-桃園,2024-01-25,9665
2484,希華,20,0,20,富邦-桃園,2024-01-25,9665
00740B,富邦全球投等債,20,0,20,富邦-桃園,2024-01-25,9665
1326,台化,19,0,19,富邦-桃園,2024-01-25,9665
2421,建準,24,6,18,富邦-桃園,2024-01-25,9665
2308,台達電,25,7,18,富邦-桃園,2024-01-25,9665
3499,環天科,21,3,18,富邦-桃園,2024-01-25,9665
5258,虹堡,17,0,17,富邦-桃園,2024-01-25,9665
2002,中鋼,20,4,16,富邦-桃園,2024-01-25,9665
6152,百一,15,0,15,富邦-桃園,2024-01-25,9665
2883,凱基金,16,1,15,富邦-桃園,2024-01-25,9665
8111,立��,15,1,14,富邦-桃園,2024-01-25,9665
2610,華航,26,13,13,富邦-桃園,2024-01-25,9665
00751B,元大AAA至A公司債,23,10,13,富邦-桃園,2024-01-25,9665
3036,文曄,35,22,13,富邦-桃園,2024-01-25,9665
1528,恩德,27,14,13,富邦-桃園,2024-01-25,9665
5426,振發,42,29,13,富邦-桃園,2024-01-25,9665
00927,群益半導體收益,23,10,13,富邦-桃園,2024-01-25,9665
6425,易發,15,2,13,富邦-桃園,2024-01-25,9665
00712,復華富時不動產,14,2,12,富邦-桃園,2024-01-25,9665
5483,中美晶,16,4,12,富邦-桃園,2024-01-25,9665
3622,洋華,14,2,12,富邦-桃園,2024-01-25,9665
00700,富邦�琤肭磪�,15,3,12,富邦-桃園,2024-01-25,9665
00929,復華台灣科技優息,302,15,287,富邦-桃園,2024-01-26,9665
00937B,群益ESG投等債20,267,6,261,富邦-桃園,2024-01-26,9665
2303,聯電,187,35,152,富邦-桃園,2024-01-26,9665
00687B,國泰20年美債,139,0,139,富邦-桃園,2024-01-26,9665
00679B,元大美債20年,134,0,134,富邦-桃園,2024-01-26,9665
00673R,期元大S＆P原油反1,113,0,113,富邦-桃園,2024-01-26,9665
2353,宏��,93,14,79,富邦-桃園,2024-01-26,9665
00632R,元大台灣50反1,62,1,61,富邦-桃園,2024-01-26,9665
00919,群益台灣精選高息,77,19,58,富邦-桃園,2024-01-26,9665
00893,國泰智能電動車,63,6,57,富邦-桃園,2024-01-26,9665
2417,圓剛,55,0,55,富邦-桃園,2024-01-26,9665
00931B,統一美債20年,56,2,54,富邦-桃園,2024-01-26,9665
2324,仁寶,113,62,51,富邦-桃園,2024-01-26,9665
2409,友達,56,9,47,富邦-桃園,2024-01-26,9665
2317,鴻海,59,13,46,富邦-桃園,2024-01-26,9665
00637L,元大滬深300正2,44,0,44,富邦-桃園,2024-01-26,9665
4906,正文,51,10,41,富邦-桃園,2024-01-26,9665
3380,明泰,36,0,36,富邦-桃園,2024-01-26,9665
2382,廣達,49,16,33,富邦-桃園,2024-01-26,9665
6284,佳邦,31,1,30,富邦-桃園,2024-01-26,9665
3413,京鼎,31,1,30,富邦-桃園,2024-01-26,9665
00878,國泰永續高股息,53,25,28,富邦-桃園,2024-01-26,9665
6108,競國,33,5,28,富邦-桃園,2024-01-26,9665
3035,智原,40,13,27,富邦-桃園,2024-01-26,9665
1326,台化,27,0,27,富邦-桃園,2024-01-26,9665
3615,安可,26,1,25,富邦-桃園,2024-01-26,9665
00665L,富邦�琤肭磪囓�2,61,38,23,富邦-桃園,2024-01-26,9665
2515,中工,23,0,23,富邦-桃園,2024-01-26,9665
00877,復華中國5G,23,0,23,富邦-桃園,2024-01-26,9665
00753L,中信中國50正2,22,0,22,富邦-桃園,2024-01-26,9665
2329,華泰,46,25,21,富邦-桃園,2024-01-26,9665
3033,威健,22,2,20,富邦-桃園,2024-01-26,9665
00722B,群益投資級電信債,21,1,20,富邦-桃園,2024-01-26,9665
00640L,富邦日本正2,20,0,20,富邦-桃園,2024-01-26,9665
6113,亞矽,32,13,19,富邦-桃園,2024-01-26,9665
5211,蒙恬,20,1,19,富邦-桃園,2024-01-26,9665
3037,欣興,22,4,18,富邦-桃園,2024-01-26,9665
2316,楠梓電,20,2,18,富邦-桃園,2024-01-26,9665
2426,鼎元,20,2,18,富邦-桃園,2024-01-26,9665
3706,神達,26,8,18,富邦-桃園,2024-01-26,9665
6270,倍微,58,41,17,富邦-桃園,2024-01-26,9665
00764B,群益25年美債,16,0,16,富邦-桃園,2024-01-26,9665
00918,大華優利高填息30,17,2,15,富邦-桃園,2024-01-26,9665
6418,詠昇,15,0,15,富邦-桃園,2024-01-26,9665
2867,三商壽,15,0,15,富邦-桃園,2024-01-26,9665
00706L,期元大S＆P日圓正2,15,0,15,富邦-桃園,2024-01-26,9665
2884,玉山金,17,2,15,富邦-桃園,2024-01-26,9665
00720B,元大投資級公司債,15,1,14,富邦-桃園,2024-01-26,9665
6235,華孚,30,16,14,富邦-桃園,2024-01-26,9665
6288,聯嘉,14,0,14,富邦-桃園,2024-01-26,9665
00687B,國泰20年美債,764,1,763,富邦-桃園,2024-01-29,9665
2618,長榮航,413,124,289,富邦-桃園,2024-01-29,9665
00673R,期元大S＆P原油反1,269,0,269,富邦-桃園,2024-01-29,9665
00937B,群益ESG投等債20,222,6,216,富邦-桃園,2024-01-29,9665
00632R,元大台灣50反1,199,0,199,富邦-桃園,2024-01-29,9665
00740B,富邦全球投等債,81,0,81,富邦-桃園,2024-01-29,9665
00676R,富邦臺灣加權反1,75,0,75,富邦-桃園,2024-01-29,9665
9105,泰金寶-DR,75,3,72,富邦-桃園,2024-01-29,9665
00725B,國泰投資級公司債,65,0,65,富邦-桃園,2024-01-29,9665
6139,亞翔,74,12,62,富邦-桃園,2024-01-29,9665
2303,聯電,68,6,62,富邦-桃園,2024-01-29,9665
00680L,元大美債20正2,51,0,51,富邦-桃園,2024-01-29,9665
6182,合晶,51,0,51,富邦-桃園,2024-01-29,9665
00753L,中信中國50正2,66,15,51,富邦-桃園,2024-01-29,9665
2382,廣達,55,7,48,富邦-桃園,2024-01-29,9665
00933B,國泰10Y+金融債,41,0,41,富邦-桃園,2024-01-29,9665
3360,尚立,104,65,39,富邦-桃園,2024-01-29,9665
3413,京鼎,40,6,34,富邦-桃園,2024-01-29,9665
1319,東陽,39,5,34,富邦-桃園,2024-01-29,9665
2344,華邦電,40,9,31,富邦-桃園,2024-01-29,9665
006206,元大上證50,31,0,31,富邦-桃園,2024-01-29,9665
00882,中信中國高股息,43,12,31,富邦-桃園,2024-01-29,9665
00772B,中信高評級公司債,36,10,26,富邦-桃園,2024-01-29,9665
2409,友達,30,4,26,富邦-桃園,2024-01-29,9665
00864B,中信美國公債0-1,23,0,23,富邦-桃園,2024-01-29,9665
00720B,元大投資級公司債,33,11,22,富邦-桃園,2024-01-29,9665
2454,聯發科,24,2,22,富邦-桃園,2024-01-29,9665
00636,國泰中國A50,21,0,21,富邦-桃園,2024-01-29,9665
3623,富晶通,33,12,21,富邦-桃園,2024-01-29,9665
8070,長華*,21,0,21,富邦-桃園,2024-01-29,9665
00915,凱基優選高股息30,20,0,20,富邦-桃園,2024-01-29,9665
3035,智原,32,13,19,富邦-桃園,2024-01-29,9665
00795B,中信美國公債20年,19,0,19,富邦-桃園,2024-01-29,9665
1101,台泥,20,1,19,富邦-桃園,2024-01-29,9665
4162,智擎,22,4,18,富邦-桃園,2024-01-29,9665
2374,佳能,26,10,16,富邦-桃園,2024-01-29,9665
2867,三商壽,21,5,16,富邦-桃園,2024-01-29,9665
6116,彩晶,20,5,15,富邦-桃園,2024-01-29,9665
00764B,群益25年美債,15,0,15,富邦-桃園,2024-01-29,9665
00688L,國泰20年美債正2,40,26,14,富邦-桃園,2024-01-29,9665
3339,泰谷,14,0,14,富邦-桃園,2024-01-29,9665
6276,安鈦克,15,2,13,富邦-桃園,2024-01-29,9665
4968,立積,23,10,13,富邦-桃園,2024-01-29,9665
8111,立��,13,0,13,富邦-桃園,2024-01-29,9665
00733,富邦臺灣中小,12,0,12,富邦-桃園,2024-01-29,9665
2609,陽明,22,10,12,富邦-桃園,2024-01-29,9665
8147,正淩,12,1,11,富邦-桃園,2024-01-29,9665
00857B,永豐20年美公債,11,0,11,富邦-桃園,2024-01-29,9665
2338,光罩,11,0,11,富邦-桃園,2024-01-29,9665
2884,玉山金,12,1,11,富邦-桃園,2024-01-29,9665
00933B,國泰10Y+金融債,220,0,220,富邦-桃園,2024-01-30,9665
00937B,群益ESG投等債20,156,24,132,富邦-桃園,2024-01-30,9665
00680L,元大美債20正2,129,2,127,富邦-桃園,2024-01-30,9665
2365,昆盈,131,11,120,富邦-桃園,2024-01-30,9665
00687B,國泰20年美債,116,5,111,富邦-桃園,2024-01-30,9665
00753L,中信中國50正2,88,0,88,富邦-桃園,2024-01-30,9665
6182,合晶,87,4,83,富邦-桃園,2024-01-30,9665
00882,中信中國高股息,142,61,81,富邦-桃園,2024-01-30,9665
00637L,元大滬深300正2,153,85,68,富邦-桃園,2024-01-30,9665
1313,聯成,60,2,58,富邦-桃園,2024-01-30,9665
2409,友達,77,21,56,富邦-桃園,2024-01-30,9665
2344,華邦電,56,5,51,富邦-桃園,2024-01-30,9665
8096,擎亞,74,27,47,富邦-桃園,2024-01-30,9665
3481,群創,128,83,45,富邦-桃園,2024-01-30,9665
00931B,統一美債20年,45,5,40,富邦-桃園,2024-01-30,9665
2356,英業達,56,20,36,富邦-桃園,2024-01-30,9665
1309,台達化,35,0,35,富邦-桃園,2024-01-30,9665
00740B,富邦全球投等債,32,0,32,富邦-桃園,2024-01-30,9665
2337,旺宏,31,0,31,富邦-桃園,2024-01-30,9665
00642U,期元大S＆P石油,30,0,30,富邦-桃園,2024-01-30,9665
00751B,元大AAA至A公司債,29,1,28,富邦-桃園,2024-01-30,9665
00752,中信中國50,27,1,26,富邦-桃園,2024-01-30,9665
1326,台化,25,0,25,富邦-桃園,2024-01-30,9665
2867,三商壽,24,1,23,富邦-桃園,2024-01-30,9665
2884,玉山金,23,0,23,富邦-桃園,2024-01-30,9665
6770,力積電,28,6,22,富邦-桃園,2024-01-30,9665
00929,復華台灣科技優息,55,33,22,富邦-桃園,2024-01-30,9665
2892,第一金,23,2,21,富邦-桃園,2024-01-30,9665
3483,力致,33,12,21,富邦-桃園,2024-01-30,9665
3535,晶彩科,27,6,21,富邦-桃園,2024-01-30,9665
00934,中信成長高股息,20,0,20,富邦-桃園,2024-01-30,9665
2504,國產,20,0,20,富邦-桃園,2024-01-30,9665
5871,中租-KY,20,1,19,富邦-桃園,2024-01-30,9665
2308,台達電,20,1,19,富邦-桃園,2024-01-30,9665
4105,東洋,20,1,19,富邦-桃園,2024-01-30,9665
6233,旺玖,18,1,17,富邦-桃園,2024-01-30,9665
00733,富邦臺灣中小,19,2,17,富邦-桃園,2024-01-30,9665
3390,旭軟,20,3,17,富邦-桃園,2024-01-30,9665
2882,國泰金,16,0,16,富邦-桃園,2024-01-30,9665
00902,中信電池及儲能,17,1,16,富邦-桃園,2024-01-30,9665
1325,恆大,17,1,16,富邦-桃園,2024-01-30,9665
1802,台玻,15,0,15,富邦-桃園,2024-01-30,9665
00632R,元大台灣50反1,17,2,15,富邦-桃園,2024-01-30,9665
1319,東陽,16,1,15,富邦-桃園,2024-01-30,9665
2369,菱生,37,23,14,富邦-桃園,2024-01-30,9665
6695,芯鼎,27,13,14,富邦-桃園,2024-01-30,9665
6120,達運,16,3,13,富邦-桃園,2024-01-30,9665
9105,泰金寶-DR,22,9,13,富邦-桃園,2024-01-30,9665
6179,亞通,13,0,13,富邦-桃園,2024-01-30,9665
00725B,國泰投資級公司債,13,0,13,富邦-桃園,2024-01-30,9665
00680L,元大美債20正2,1629,220,1409,富邦-桃園,2024-01-31,9665
00715L,期街口布蘭特正2,480,1,479,富邦-桃園,2024-01-31,9665
00687B,國泰20年美債,304,3,301,富邦-桃園,2024-01-31,9665
2504,國產,190,0,190,富邦-桃園,2024-01-31,9665
00753L,中信中國50正2,154,0,154,富邦-桃園,2024-01-31,9665
00679B,元大美債20年,159,11,148,富邦-桃園,2024-01-31,9665
3231,緯創,116,22,94,富邦-桃園,2024-01-31,9665
00882,中信中國高股息,98,10,88,富邦-桃園,2024-01-31,9665
2867,三商壽,84,5,79,富邦-桃園,2024-01-31,9665
3535,晶彩科,74,1,73,富邦-桃園,2024-01-31,9665
00919,群益台灣精選高息,86,17,69,富邦-桃園,2024-01-31,9665
6278,台表科,63,0,63,富邦-桃園,2024-01-31,9665
00740B,富邦全球投等債,63,0,63,富邦-桃園,2024-01-31,9665
6188,廣明,54,0,54,富邦-桃園,2024-01-31,9665
2610,華航,53,3,50,富邦-桃園,2024-01-31,9665
00688L,國泰20年美債正2,50,0,50,富邦-桃園,2024-01-31,9665
00923,群益台ESG低碳50,50,3,47,富邦-桃園,2024-01-31,9665
00931B,統一美債20年,46,0,46,富邦-桃園,2024-01-31,9665
2883,凱基金,60,20,40,富邦-桃園,2024-01-31,9665
3038,全台,40,1,39,富邦-桃園,2024-01-31,9665
6284,佳邦,38,0,38,富邦-桃園,2024-01-31,9665
00893,國泰智能電動車,53,20,33,富邦-桃園,2024-01-31,9665
00673R,期元大S＆P原油反1,32,0,32,富邦-桃園,2024-01-31,9665
1101,台泥,30,0,30,富邦-桃園,2024-01-31,9665
9105,泰金寶-DR,28,0,28,富邦-桃園,2024-01-31,9665
2609,陽明,32,5,27,富邦-桃園,2024-01-31,9665
2303,聯電,58,33,25,富邦-桃園,2024-01-31,9665
2308,台達電,24,0,24,富邦-桃園,2024-01-31,9665
8227,巨有科技,32,8,24,富邦-桃園,2024-01-31,9665
2344,華邦電,88,65,23,富邦-桃園,2024-01-31,9665
8932,智通*,24,1,23,富邦-桃園,2024-01-31,9665
00933B,國泰10Y+金融債,39,17,22,富邦-桃園,2024-01-31,9665
2382,廣達,44,22,22,富邦-桃園,2024-01-31,9665
6443,元晶,21,1,20,富邦-桃園,2024-01-31,9665
3390,旭軟,20,0,20,富邦-桃園,2024-01-31,9665
3346,麗清,20,0,20,富邦-桃園,2024-01-31,9665
2618,長榮航,57,37,20,富邦-桃園,2024-01-31,9665
1309,台達化,20,0,20,富邦-桃園,2024-01-31,9665
2356,英業達,47,27,20,富邦-桃園,2024-01-31,9665
3024,憶聲,19,0,19,富邦-桃園,2024-01-31,9665
1802,台玻,17,0,17,富邦-桃園,2024-01-31,9665
2352,佳世達,20,3,17,富邦-桃園,2024-01-31,9665
00752,中信中國50,17,0,17,富邦-桃園,2024-01-31,9665
6140,訊達,23,8,15,富邦-桃園,2024-01-31,9665
4714,永捷,18,3,15,富邦-桃園,2024-01-31,9665
2884,玉山金,15,1,14,富邦-桃園,2024-01-31,9665
3715,定穎投控,18,4,14,富邦-桃園,2024-01-31,9665
2002,中鋼,16,3,13,富邦-桃園,2024-01-31,9665
3163,波若威,13,0,13,富邦-桃園,2024-01-31,9665
6152,百一,13,0,13,富邦-桃園,2024-01-31,9665
00712,復華富時不動產,366,0,366,富邦-桃園,2024-02-01,9665
00885,富邦越南,202,0,202,富邦-桃園,2024-02-01,9665
1101,台泥,101,0,101,富邦-桃園,2024-02-01,9665
1609,大亞,101,3,98,富邦-桃園,2024-02-01,9665
2409,友達,111,19,92,富邦-桃園,2024-02-01,9665
2812,台中銀,162,80,82,富邦-桃園,2024-02-01,9665
00929,復華台灣科技優息,151,79,72,富邦-桃園,2024-02-01,9665
00931B,統一美債20年,71,1,70,富邦-桃園,2024-02-01,9665
00878,國泰永續高股息,73,12,61,富邦-桃園,2024-02-01,9665
8011,台通,69,9,60,富邦-桃園,2024-02-01,9665
00679B,元大美債20年,85,28,57,富邦-桃園,2024-02-01,9665
00830,國泰費城半導體,55,0,55,富邦-桃園,2024-02-01,9665
00937B,群益ESG投等債20,98,50,48,富邦-桃園,2024-02-01,9665
2303,聯電,48,4,44,富邦-桃園,2024-02-01,9665
00918,大華優利高填息30,40,0,40,富邦-桃園,2024-02-01,9665
00680L,元大美債20正2,331,291,40,富邦-桃園,2024-02-01,9665
3535,晶彩科,47,8,39,富邦-桃園,2024-02-01,9665
2340,台亞,31,0,31,富邦-桃園,2024-02-01,9665
2382,廣達,32,6,26,富邦-桃園,2024-02-01,9665
3390,旭軟,20,0,20,富邦-桃園,2024-02-01,9665
00900,富邦特選高股息30,21,2,19,富邦-桃園,2024-02-01,9665
3622,洋華,27,8,19,富邦-桃園,2024-02-01,9665
00882,中信中國高股息,24,5,19,富邦-桃園,2024-02-01,9665
3499,環天科,19,0,19,富邦-桃園,2024-02-01,9665
00764B,群益25年美債,20,2,18,富邦-桃園,2024-02-01,9665
2454,聯發科,27,9,18,富邦-桃園,2024-02-01,9665
3481,群創,38,20,18,富邦-桃園,2024-02-01,9665
3149,正達,18,1,17,富邦-桃園,2024-02-01,9665
9105,泰金寶-DR,17,0,17,富邦-桃園,2024-02-01,9665
00881,國泰台灣5G+,18,1,17,富邦-桃園,2024-02-01,9665
3033,威健,78,62,16,富邦-桃園,2024-02-01,9665
6116,彩晶,18,2,16,富邦-桃園,2024-02-01,9665
6152,百一,35,20,15,富邦-桃園,2024-02-01,9665
8996,高力,23,8,15,富邦-桃園,2024-02-01,9665
3231,緯創,53,39,14,富邦-桃園,2024-02-01,9665
6425,易發,30,16,14,富邦-桃園,2024-02-01,9665
2867,三商壽,13,0,13,富邦-桃園,2024-02-01,9665
8070,長華*,13,0,13,富邦-桃園,2024-02-01,9665
1460,宏遠,13,0,13,富邦-桃園,2024-02-01,9665
00715L,期街口布蘭特正2,13,0,13,富邦-桃園,2024-02-01,9665
4147,中裕,16,3,13,富邦-桃園,2024-02-01,9665
00733,富邦臺灣中小,13,0,13,富邦-桃園,2024-02-01,9665
6167,久正,12,0,12,富邦-桃園,2024-02-01,9665
3615,安可,16,4,12,富邦-桃園,2024-02-01,9665
8059,凱碩,14,2,12,富邦-桃園,2024-02-01,9665
3297,杭特,17,6,11,富邦-桃園,2024-02-01,9665
6257,矽格,12,1,11,富邦-桃園,2024-02-01,9665
3450,聯鈞,11,0,11,富邦-桃園,2024-02-01,9665
2884,玉山金,11,0,11,富邦-桃園,2024-02-01,9665
4915,致伸,11,0,11,富邦-桃園,2024-02-01,9665
00937B,群益ESG投等債20,562,34,528,富邦-桃園,2024-02-02,9665
00933B,國泰10Y+金融債,269,14,255,富邦-桃園,2024-02-02,9665
2356,英業達,210,29,181,富邦-桃園,2024-02-02,9665
00712,復華富時不動產,175,0,175,富邦-桃園,2024-02-02,9665
00929,復華台灣科技優息,191,33,158,富邦-桃園,2024-02-02,9665
00688L,國泰20年美債正2,130,9,121,富邦-桃園,2024-02-02,9665
00637L,元大滬深300正2,109,2,107,富邦-桃園,2024-02-02,9665
2303,聯電,110,14,96,富邦-桃園,2024-02-02,9665
00733,富邦臺灣中小,97,4,93,富邦-桃園,2024-02-02,9665
6139,亞翔,91,0,91,富邦-桃園,2024-02-02,9665
2405,輔信,81,0,81,富邦-桃園,2024-02-02,9665
00919,群益台灣精選高息,68,1,67,富邦-桃園,2024-02-02,9665
2504,國產,63,0,63,富邦-桃園,2024-02-02,9665
6770,力積電,52,0,52,富邦-桃園,2024-02-02,9665
2603,長榮,49,1,48,富邦-桃園,2024-02-02,9665
00706L,期元大S＆P日圓正2,45,0,45,富邦-桃園,2024-02-02,9665
3128,昇銳,42,0,42,富邦-桃園,2024-02-02,9665
00918,大華優利高填息30,38,0,38,富邦-桃園,2024-02-02,9665
5347,世界,42,4,38,富邦-桃園,2024-02-02,9665
00633L,富邦上証正2,37,0,37,富邦-桃園,2024-02-02,9665
00882,中信中國高股息,34,0,34,富邦-桃園,2024-02-02,9665
6125,廣運,43,10,33,富邦-桃園,2024-02-02,9665
3615,安可,48,17,31,富邦-桃園,2024-02-02,9665
2467,志聖,35,7,28,富邦-桃園,2024-02-02,9665
2605,新興,30,3,27,富邦-桃園,2024-02-02,9665
006205,富邦上証,26,0,26,富邦-桃園,2024-02-02,9665
2891,中信金,25,0,25,富邦-桃園,2024-02-02,9665
2609,陽明,37,13,24,富邦-桃園,2024-02-02,9665
2201,裕隆,30,7,23,富邦-桃園,2024-02-02,9665
8176,智捷,23,0,23,富邦-桃園,2024-02-02,9665
2408,南亞科,22,0,22,富邦-桃園,2024-02-02,9665
2888,新光金,21,0,21,富邦-桃園,2024-02-02,9665
00665L,富邦�琤肭磪囓�2,41,20,21,富邦-桃園,2024-02-02,9665
2439,美律,23,2,21,富邦-桃園,2024-02-02,9665
6167,久正,20,0,20,富邦-桃園,2024-02-02,9665
3213,茂訊,20,0,20,富邦-桃園,2024-02-02,9665
00666R,富邦�琤肭磪齯�1,20,0,20,富邦-桃園,2024-02-02,9665
3535,晶彩科,53,33,20,富邦-桃園,2024-02-02,9665
1316,上曜,19,0,19,富邦-桃園,2024-02-02,9665
00752,中信中國50,20,1,19,富邦-桃園,2024-02-02,9665
3294,英濟,27,9,18,富邦-桃園,2024-02-02,9665
2884,玉山金,17,0,17,富邦-桃園,2024-02-02,9665
1529,樂事綠能,16,0,16,富邦-桃園,2024-02-02,9665
4906,正文,51,36,15,富邦-桃園,2024-02-02,9665
00900,富邦特選高股息30,19,5,14,富邦-桃園,2024-02-02,9665
3047,訊舟,17,3,14,富邦-桃園,2024-02-02,9665
5469,瀚宇博,17,3,14,富邦-桃園,2024-02-02,9665
3036,文曄,76,63,13,富邦-桃園,2024-02-02,9665
3169,亞信,18,5,13,富邦-桃園,2024-02-02,9665
6148,驊宏資,13,0,13,富邦-桃園,2024-02-02,9665
00937B,群益ESG投等債20,523,75,448,富邦-桃園,2024-02-05,9665
00680L,元大美債20正2,731,302,429,富邦-桃園,2024-02-05,9665
00929,復華台灣科技優息,368,69,299,富邦-桃園,2024-02-05,9665
00679B,元大美債20年,287,114,173,富邦-桃園,2024-02-05,9665
00933B,國泰10Y+金融債,178,20,158,富邦-桃園,2024-02-05,9665
2888,新光金,106,0,106,富邦-桃園,2024-02-05,9665
3260,威剛,103,1,102,富邦-桃園,2024-02-05,9665
2025,千興,110,8,102,富邦-桃園,2024-02-05,9665
6139,亞翔,91,4,87,富邦-桃園,2024-02-05,9665
00715L,期街口布蘭特正2,91,6,85,富邦-桃園,2024-02-05,9665
2303,聯電,91,6,85,富邦-桃園,2024-02-05,9665
00919,群益台灣精選高息,86,18,68,富邦-桃園,2024-02-05,9665
3591,艾笛森,71,4,67,富邦-桃園,2024-02-05,9665
00688L,國泰20年美債正2,61,0,61,富邦-桃園,2024-02-05,9665
00764B,群益25年美債,58,0,58,富邦-桃園,2024-02-05,9665
2329,華泰,83,28,55,富邦-桃園,2024-02-05,9665
00922,國泰台灣領袖50,52,2,50,富邦-桃園,2024-02-05,9665
00882,中信中國高股息,73,25,48,富邦-桃園,2024-02-05,9665
2369,菱生,53,7,46,富邦-桃園,2024-02-05,9665
4303,信立,52,10,42,富邦-桃園,2024-02-05,9665
2834,臺企銀,50,9,41,富邦-桃園,2024-02-05,9665
3128,昇銳,38,0,38,富邦-桃園,2024-02-05,9665
2867,三商壽,51,14,37,富邦-桃園,2024-02-05,9665
1616,億泰,35,1,34,富邦-桃園,2024-02-05,9665
1529,樂事綠能,34,0,34,富邦-桃園,2024-02-05,9665
3483,力致,71,37,34,富邦-桃園,2024-02-05,9665
2884,玉山金,34,3,31,富邦-桃園,2024-02-05,9665
2421,建準,89,58,31,富邦-桃園,2024-02-05,9665
1605,華新,28,1,27,富邦-桃園,2024-02-05,9665
8210,勤誠,40,14,26,富邦-桃園,2024-02-05,9665
6284,佳邦,29,3,26,富邦-桃園,2024-02-05,9665
1731,美吾華,25,0,25,富邦-桃園,2024-02-05,9665
2409,友達,30,5,25,富邦-桃園,2024-02-05,9665
00751B,元大AAA至A公司債,53,28,25,富邦-桃園,2024-02-05,9665
1102,亞泥,24,0,24,富邦-桃園,2024-02-05,9665
2889,國票金,23,0,23,富邦-桃園,2024-02-05,9665
1905,華紙,22,0,22,富邦-桃園,2024-02-05,9665
2208,台船,22,0,22,富邦-桃園,2024-02-05,9665
2405,輔信,22,1,21,富邦-桃園,2024-02-05,9665
2605,新興,22,1,21,富邦-桃園,2024-02-05,9665
2340,台亞,20,0,20,富邦-桃園,2024-02-05,9665
3105,穩懋,22,3,19,富邦-桃園,2024-02-05,9665
3141,晶宏,20,1,19,富邦-桃園,2024-02-05,9665
00757,統一FANG+,23,4,19,富邦-桃園,2024-02-05,9665
8064,東捷,23,5,18,富邦-桃園,2024-02-05,9665
8096,擎亞,20,2,18,富邦-桃園,2024-02-05,9665
3499,環天科,29,11,18,富邦-桃園,2024-02-05,9665
2002,中鋼,18,1,17,富邦-桃園,2024-02-05,9665
4551,智伸科,16,0,16,富邦-桃園,2024-02-05,9665
2371,大同,17,1,16,富邦-桃園,2024-02-05,9665
00680L,元大美債20正2,566,71,495,富邦-桃園,2024-02-15,9665
00687B,國泰20年美債,508,36,472,富邦-桃園,2024-02-15,9665
00937B,群益ESG投等債20,569,107,462,富邦-桃園,2024-02-15,9665
00933B,國泰10Y+金融債,285,31,254,富邦-桃園,2024-02-15,9665
00679B,元大美債20年,253,1,252,富邦-桃園,2024-02-15,9665
00878,國泰永續高股息,323,145,178,富邦-桃園,2024-02-15,9665
00673R,期元大S＆P原油反1,138,0,138,富邦-桃園,2024-02-15,9665
00929,復華台灣科技優息,367,243,124,富邦-桃園,2024-02-15,9665
00712,復華富時不動產,123,1,122,富邦-桃園,2024-02-15,9665
00720B,元大投資級公司債,135,18,117,富邦-桃園,2024-02-15,9665
00725B,國泰投資級公司債,114,0,114,富邦-桃園,2024-02-15,9665
00795B,中信美國公債20年,110,0,110,富邦-桃園,2024-02-15,9665
2356,英業達,197,100,97,富邦-桃園,2024-02-15,9665
8112,至上,102,8,94,富邦-桃園,2024-02-15,9665
2618,長榮航,210,117,93,富邦-桃園,2024-02-15,9665
00688L,國泰20年美債正2,93,0,93,富邦-桃園,2024-02-15,9665
00751B,元大AAA至A公司債,101,10,91,富邦-桃園,2024-02-15,9665
00881,國泰台灣5G+,134,48,86,富邦-桃園,2024-02-15,9665
2382,廣達,178,93,85,富邦-桃園,2024-02-15,9665
2603,長榮,85,2,83,富邦-桃園,2024-02-15,9665
00931B,統一美債20年,71,0,71,富邦-桃園,2024-02-15,9665
3481,群創,110,45,65,富邦-桃園,2024-02-15,9665
2408,南亞科,64,3,61,富邦-桃園,2024-02-15,9665
2369,菱生,85,27,58,富邦-桃園,2024-02-15,9665
2633,台灣高鐵,53,0,53,富邦-桃園,2024-02-15,9665
00918,大華優利高填息30,51,0,51,富邦-桃園,2024-02-15,9665
3043,科風,50,0,50,富邦-桃園,2024-02-15,9665
2344,華邦電,55,5,50,富邦-桃園,2024-02-15,9665
00733,富邦臺灣中小,66,24,42,富邦-桃園,2024-02-15,9665
6277,宏正,41,0,41,富邦-桃園,2024-02-15,9665
00753L,中信中國50正2,54,14,40,富邦-桃園,2024-02-15,9665
2476,鉅祥,41,3,38,富邦-桃園,2024-02-15,9665
2834,臺企銀,51,14,37,富邦-桃園,2024-02-15,9665
1515,力山,35,0,35,富邦-桃園,2024-02-15,9665
3712,永崴投控,32,0,32,富邦-桃園,2024-02-15,9665
2610,華航,92,61,31,富邦-桃園,2024-02-15,9665
6806,森崴能源,31,0,31,富邦-桃園,2024-02-15,9665
4303,信立,36,6,30,富邦-桃園,2024-02-15,9665
00764B,群益25年美債,27,0,27,富邦-桃園,2024-02-15,9665
5483,中美晶,26,1,25,富邦-桃園,2024-02-15,9665
3234,光環,29,5,24,富邦-桃園,2024-02-15,9665
00923,群益台ESG低碳50,64,40,24,富邦-桃園,2024-02-15,9665
2002,中鋼,35,12,23,富邦-桃園,2024-02-15,9665
00857B,永豐20年美公債,23,0,23,富邦-桃園,2024-02-15,9665
2399,映泰,37,14,23,富邦-桃園,2024-02-15,9665
2515,中工,43,21,22,富邦-桃園,2024-02-15,9665
2882,國泰金,22,1,21,富邦-桃園,2024-02-15,9665
6139,亞翔,34,13,21,富邦-桃園,2024-02-15,9665
00666R,富邦�琤肭磪齯�1,21,0,21,富邦-桃園,2024-02-15,9665
00902,中信電池及儲能,26,5,21,富邦-桃園,2024-02-15,9665
00637L,元大滬深300正2,2447,878,1569,富邦-桃園,2024-02-16,9665
00937B,群益ESG投等債20,526,13,513,富邦-桃園,2024-02-16,9665
00632R,元大台灣50反1,506,5,501,富邦-桃園,2024-02-16,9665
00688L,國泰20年美債正2,301,0,301,富邦-桃園,2024-02-16,9665
00712,復華富時不動產,269,4,265,富邦-桃園,2024-02-16,9665
1815,富喬,239,29,210,富邦-桃園,2024-02-16,9665
00687B,國泰20年美債,206,10,196,富邦-桃園,2024-02-16,9665
00933B,國泰10Y+金融債,171,6,165,富邦-桃園,2024-02-16,9665
2530,華建,121,0,121,富邦-桃園,2024-02-16,9665
00929,復華台灣科技優息,337,219,118,富邦-桃園,2024-02-16,9665
00725B,國泰投資級公司債,116,0,116,富邦-桃園,2024-02-16,9665
5340,建榮,120,6,114,富邦-桃園,2024-02-16,9665
00919,群益台灣精選高息,131,29,102,富邦-桃園,2024-02-16,9665
00679B,元大美債20年,99,3,96,富邦-桃園,2024-02-16,9665
2382,廣達,165,90,75,富邦-桃園,2024-02-16,9665
2352,佳世達,146,71,75,富邦-桃園,2024-02-16,9665
3591,艾笛森,65,0,65,富邦-桃園,2024-02-16,9665
00680L,元大美債20正2,126,63,63,富邦-桃園,2024-02-16,9665
8936,國統,75,14,61,富邦-桃園,2024-02-16,9665
00795B,中信美國公債20年,156,102,54,富邦-桃園,2024-02-16,9665
3231,緯創,132,81,51,富邦-桃園,2024-02-16,9665
3481,群創,84,34,50,富邦-桃園,2024-02-16,9665
2888,新光金,54,8,46,富邦-桃園,2024-02-16,9665
2884,玉山金,47,2,45,富邦-桃園,2024-02-16,9665
2442,新美齊,44,0,44,富邦-桃園,2024-02-16,9665
00751B,元大AAA至A公司債,43,0,43,富邦-桃園,2024-02-16,9665
8933,愛地雅,38,0,38,富邦-桃園,2024-02-16,9665
2303,聯電,57,20,37,富邦-桃園,2024-02-16,9665
00931B,統一美債20年,41,10,31,富邦-桃園,2024-02-16,9665
2329,華泰,79,48,31,富邦-桃園,2024-02-16,9665
3706,神達,41,10,31,富邦-桃園,2024-02-16,9665
3207,耀勝,50,19,31,富邦-桃園,2024-02-16,9665
2025,千興,62,33,29,富邦-桃園,2024-02-16,9665
6116,彩晶,30,1,29,富邦-桃園,2024-02-16,9665
1101,台泥,31,2,29,富邦-桃園,2024-02-16,9665
2376,技嘉,46,21,25,富邦-桃園,2024-02-16,9665
3437,榮創,30,5,25,富邦-桃園,2024-02-16,9665
2408,南亞科,26,2,24,富邦-桃園,2024-02-16,9665
3596,智易,28,5,23,富邦-桃園,2024-02-16,9665
1303,南亞,21,0,21,富邦-桃園,2024-02-16,9665
1515,力山,20,0,20,富邦-桃園,2024-02-16,9665
2360,致茂,20,0,20,富邦-桃園,2024-02-16,9665
5244,弘凱,20,0,20,富邦-桃園,2024-02-16,9665
00666R,富邦�琤肭磪齯�1,20,0,20,富邦-桃園,2024-02-16,9665
2886,兆豐金,22,3,19,富邦-桃園,2024-02-16,9665
6411,晶焱,20,1,19,富邦-桃園,2024-02-16,9665
00927,群益半導體收益,23,4,19,富邦-桃園,2024-02-16,9665
2498,宏達電,20,2,18,富邦-桃園,2024-02-16,9665
00773B,中信優先金融債,18,0,18,富邦-桃園,2024-02-16,9665
2344,華邦電,44,26,18,富邦-桃園,2024-02-16,9665
00937B,群益ESG投等債20,355,3,352,富邦-桃園,2024-02-19,9665
00933B,國泰10Y+金融債,290,0,290,富邦-桃園,2024-02-19,9665
00665L,富邦�琤肭磪囓�2,519,252,267,富邦-桃園,2024-02-19,9665
00919,群益台灣精選高息,266,23,243,富邦-桃園,2024-02-19,9665
00885,富邦越南,216,42,174,富邦-桃園,2024-02-19,9665
6284,佳邦,151,1,150,富邦-桃園,2024-02-19,9665
00878,國泰永續高股息,228,79,149,富邦-桃園,2024-02-19,9665
3712,永崴投控,176,32,144,富邦-桃園,2024-02-19,9665
00679B,元大美債20年,143,4,139,富邦-桃園,2024-02-19,9665
00927,群益半導體收益,118,5,113,富邦-桃園,2024-02-19,9665
00929,復華台灣科技優息,198,85,113,富邦-桃園,2024-02-19,9665
2637,慧洋-KY,109,2,107,富邦-桃園,2024-02-19,9665
9904,寶成,106,0,106,富邦-桃園,2024-02-19,9665
00680L,元大美債20正2,120,25,95,富邦-桃園,2024-02-19,9665
2886,兆豐金,101,10,91,富邦-桃園,2024-02-19,9665
2515,中工,181,92,89,富邦-桃園,2024-02-19,9665
2353,宏��,119,41,78,富邦-桃園,2024-02-19,9665
6005,群益證,75,2,73,富邦-桃園,2024-02-19,9665
00650L,復華香港正2,72,0,72,富邦-桃園,2024-02-19,9665
1514,亞力,97,27,70,富邦-桃園,2024-02-19,9665
3437,榮創,87,23,64,富邦-桃園,2024-02-19,9665
00633L,富邦上証正2,75,12,63,富邦-桃園,2024-02-19,9665
5284,jpp-KY,63,1,62,富邦-桃園,2024-02-19,9665
8096,擎亞,65,14,51,富邦-桃園,2024-02-19,9665
00751B,元大AAA至A公司債,51,0,51,富邦-桃園,2024-02-19,9665
00930,永豐ESG低碳高息,50,0,50,富邦-桃園,2024-02-19,9665
00720B,元大投資級公司債,70,20,50,富邦-桃園,2024-02-19,9665
4714,永捷,66,19,47,富邦-桃園,2024-02-19,9665
3035,智原,54,11,43,富邦-桃園,2024-02-19,9665
3041,揚智,57,16,41,富邦-桃園,2024-02-19,9665
1513,中興電,150,111,39,富邦-桃園,2024-02-19,9665
00931B,統一美債20年,38,0,38,富邦-桃園,2024-02-19,9665
2365,昆盈,104,67,37,富邦-桃園,2024-02-19,9665
1907,永豐餘,37,1,36,富邦-桃園,2024-02-19,9665
5521,工信,40,7,33,富邦-桃園,2024-02-19,9665
3450,聯鈞,69,36,33,富邦-桃園,2024-02-19,9665
2439,美律,39,6,33,富邦-桃園,2024-02-19,9665
1108,幸福,30,0,30,富邦-桃園,2024-02-19,9665
00673R,期元大S＆P原油反1,29,0,29,富邦-桃園,2024-02-19,9665
4768,晶呈科技,31,3,28,富邦-桃園,2024-02-19,9665
2303,聯電,28,1,27,富邦-桃園,2024-02-19,9665
2465,麗臺,37,10,27,富邦-桃園,2024-02-19,9665
2369,菱生,195,169,26,富邦-桃園,2024-02-19,9665
3030,德律,24,0,24,富邦-桃園,2024-02-19,9665
3706,神達,28,5,23,富邦-桃園,2024-02-19,9665
1444,力麗,30,7,23,富邦-桃園,2024-02-19,9665
6698,旭暉應材,22,0,22,富邦-桃園,2024-02-19,9665
2881,富邦金,32,11,21,富邦-桃園,2024-02-19,9665
3231,緯創,78,57,21,富邦-桃園,2024-02-19,9665
2355,敬鵬,49,29,20,富邦-桃園,2024-02-19,9665
00937B,群益ESG投等債20,239,0,239,富邦-桃園,2024-02-20,9665
6282,康舒,253,107,146,富邦-桃園,2024-02-20,9665
00679B,元大美債20年,142,14,128,富邦-桃園,2024-02-20,9665
00885,富邦越南,234,110,124,富邦-桃園,2024-02-20,9665
00919,群益台灣精選高息,257,143,114,富邦-桃園,2024-02-20,9665
3712,永崴投控,100,15,85,富邦-桃園,2024-02-20,9665
1815,富喬,97,15,82,富邦-桃園,2024-02-20,9665
00720B,元大投資級公司債,76,1,75,富邦-桃園,2024-02-20,9665
3041,揚智,110,35,75,富邦-桃園,2024-02-20,9665
4960,誠美材,97,22,75,富邦-桃園,2024-02-20,9665
3231,緯創,130,55,75,富邦-桃園,2024-02-20,9665
4714,永捷,182,115,67,富邦-桃園,2024-02-20,9665
00753L,中信中國50正2,64,0,64,富邦-桃園,2024-02-20,9665
00687B,國泰20年美債,68,10,58,富邦-桃園,2024-02-20,9665
1319,東陽,61,4,57,富邦-桃園,2024-02-20,9665
2442,新美齊,56,0,56,富邦-桃園,2024-02-20,9665
2332,友訊,58,3,55,富邦-桃園,2024-02-20,9665
8110,華東,97,44,53,富邦-桃園,2024-02-20,9665
00751B,元大AAA至A公司債,53,3,50,富邦-桃園,2024-02-20,9665
1444,力麗,50,0,50,富邦-桃園,2024-02-20,9665
00795B,中信美國公債20年,49,0,49,富邦-桃園,2024-02-20,9665
00878,國泰永續高股息,104,58,46,富邦-桃園,2024-02-20,9665
3591,艾笛森,45,0,45,富邦-桃園,2024-02-20,9665
00931B,統一美債20年,47,3,44,富邦-桃園,2024-02-20,9665
3013,晟銘電,44,0,44,富邦-桃園,2024-02-20,9665
6789,采鈺,51,8,43,富邦-桃園,2024-02-20,9665
00927,群益半導體收益,44,3,41,富邦-桃園,2024-02-20,9665
00712,復華富時不動產,46,8,38,富邦-桃園,2024-02-20,9665
00673R,期元大S＆P原油反1,46,10,36,富邦-桃園,2024-02-20,9665
3607,谷崧,43,7,36,富邦-桃園,2024-02-20,9665
2363,矽統,40,5,35,富邦-桃園,2024-02-20,9665
3030,德律,37,2,35,富邦-桃園,2024-02-20,9665
8092,建暐,33,0,33,富邦-桃園,2024-02-20,9665
2353,宏��,53,21,32,富邦-桃園,2024-02-20,9665
2547,日勝生,35,3,32,富邦-桃園,2024-02-20,9665
6418,詠昇,37,5,32,富邦-桃園,2024-02-20,9665
6153,嘉聯益,32,1,31,富邦-桃園,2024-02-20,9665
8086,宏捷科,40,10,30,富邦-桃園,2024-02-20,9665
00680L,元大美債20正2,40,10,30,富邦-桃園,2024-02-20,9665
3260,威剛,38,8,30,富邦-桃園,2024-02-20,9665
6770,力積電,31,1,30,富邦-桃園,2024-02-20,9665
9105,泰金寶-DR,57,28,29,富邦-桃園,2024-02-20,9665
00688L,國泰20年美債正2,29,1,28,富邦-桃園,2024-02-20,9665
3481,群創,48,20,28,富邦-桃園,2024-02-20,9665
2882,國泰金,29,2,27,富邦-桃園,2024-02-20,9665
2886,兆豐金,31,4,27,富邦-桃園,2024-02-20,9665
00665L,富邦�琤肭磪囓�2,451,425,26,富邦-桃園,2024-02-20,9665
2369,菱生,93,69,24,富邦-桃園,2024-02-20,9665
2460,建通,28,5,23,富邦-桃園,2024-02-20,9665
6112,邁達特,24,2,22,富邦-桃園,2024-02-20,9665
00937B,群益ESG投等債20,519,26,493,富邦-桃園,2024-02-21,9665
00878,國泰永續高股息,294,9,285,富邦-桃園,2024-02-21,9665
6770,力積電,238,12,226,富邦-桃園,2024-02-21,9665
00680L,元大美債20正2,192,10,182,富邦-桃園,2024-02-21,9665
00712,復華富時不動產,131,10,121,富邦-桃園,2024-02-21,9665
9105,泰金寶-DR,125,22,103,富邦-桃園,2024-02-21,9665
00929,復華台灣科技優息,256,156,100,富邦-桃園,2024-02-21,9665
2303,聯電,81,6,75,富邦-桃園,2024-02-21,9665
1316,上曜,104,31,73,富邦-桃園,2024-02-21,9665
00919,群益台灣精選高息,269,200,69,富邦-桃園,2024-02-21,9665
3231,緯創,118,51,67,富邦-桃園,2024-02-21,9665
00687B,國泰20年美債,69,3,66,富邦-桃園,2024-02-21,9665
2409,友達,69,8,61,富邦-桃園,2024-02-21,9665
6213,聯茂,55,1,54,富邦-桃園,2024-02-21,9665
3035,智原,71,20,51,富邦-桃園,2024-02-21,9665
00893,國泰智能電動車,55,5,50,富邦-桃園,2024-02-21,9665
8111,立��,53,10,43,富邦-桃園,2024-02-21,9665
00933B,國泰10Y+金融債,86,45,41,富邦-桃園,2024-02-21,9665
00751B,元大AAA至A公司債,43,2,41,富邦-桃園,2024-02-21,9665
00679B,元大美債20年,51,10,41,富邦-桃園,2024-02-21,9665
2888,新光金,40,0,40,富邦-桃園,2024-02-21,9665
2329,華泰,143,106,37,富邦-桃園,2024-02-21,9665
2881,富邦金,64,27,37,富邦-桃園,2024-02-21,9665
2312,金寶,76,42,34,富邦-桃園,2024-02-21,9665
3591,艾笛森,33,0,33,富邦-桃園,2024-02-21,9665
3481,群創,73,40,33,富邦-桃園,2024-02-21,9665
2882,國泰金,42,12,30,富邦-桃園,2024-02-21,9665
3450,聯鈞,95,65,30,富邦-桃園,2024-02-21,9665
00783,富邦中証500,30,0,30,富邦-桃園,2024-02-21,9665
00881,國泰台灣5G+,29,1,28,富邦-桃園,2024-02-21,9665
1455,集盛,56,29,27,富邦-桃園,2024-02-21,9665
9934,成霖,25,0,25,富邦-桃園,2024-02-21,9665
3037,欣興,27,2,25,富邦-桃園,2024-02-21,9665
1717,長興,29,5,24,富邦-桃園,2024-02-21,9665
3535,晶彩科,30,7,23,富邦-桃園,2024-02-21,9665
3234,光環,31,8,23,富邦-桃園,2024-02-21,9665
2504,國產,22,0,22,富邦-桃園,2024-02-21,9665
00922,國泰台灣領袖50,22,0,22,富邦-桃園,2024-02-21,9665
6282,康舒,59,37,22,富邦-桃園,2024-02-21,9665
3260,威剛,26,5,21,富邦-桃園,2024-02-21,9665
6117,迎廣,21,0,21,富邦-桃園,2024-02-21,9665
8110,華東,32,11,21,富邦-桃園,2024-02-21,9665
2382,廣達,36,16,20,富邦-桃園,2024-02-21,9665
2637,慧洋-KY,27,7,20,富邦-桃園,2024-02-21,9665
00891,中信關鍵半導體,22,2,20,富邦-桃園,2024-02-21,9665
2885,元大金,22,3,19,富邦-桃園,2024-02-21,9665
8059,凱碩,23,4,19,富邦-桃園,2024-02-21,9665
3055,蔚華科,51,32,19,富邦-桃園,2024-02-21,9665
2301,光寶科,18,0,18,富邦-桃園,2024-02-21,9665
2392,正崴,18,0,18,富邦-桃園,2024-02-21,9665
1314,中石化,231,0,231,富邦-桃園,2024-02-22,9665
00687B,國泰20年美債,193,2,191,富邦-桃園,2024-02-22,9665
00665L,富邦�琤肭磪囓�2,835,670,165,富邦-桃園,2024-02-22,9665
3479,安勤,160,8,152,富邦-桃園,2024-02-22,9665
00937B,群益ESG投等債20,144,0,144,富邦-桃園,2024-02-22,9665
00795B,中信美國公債20年,124,0,124,富邦-桃園,2024-02-22,9665
00753L,中信中國50正2,123,12,111,富邦-桃園,2024-02-22,9665
00650L,復華香港正2,110,1,109,富邦-桃園,2024-02-22,9665
00933B,國泰10Y+金融債,118,20,98,富邦-桃園,2024-02-22,9665
2371,大同,130,33,97,富邦-桃園,2024-02-22,9665
00680L,元大美債20正2,100,5,95,富邦-桃園,2024-02-22,9665
2417,圓剛,104,27,77,富邦-桃園,2024-02-22,9665
00637L,元大滬深300正2,226,152,74,富邦-桃園,2024-02-22,9665
00633L,富邦上証正2,84,17,67,富邦-桃園,2024-02-22,9665
5443,均豪,138,77,61,富邦-桃園,2024-02-22,9665
3231,緯創,149,89,60,富邦-桃園,2024-02-22,9665
2486,一詮,59,3,56,富邦-桃園,2024-02-22,9665
1316,上曜,81,25,56,富邦-桃園,2024-02-22,9665
9105,泰金寶-DR,55,0,55,富邦-桃園,2024-02-22,9665
3006,晶豪科,56,1,55,富邦-桃園,2024-02-22,9665
00720B,元大投資級公司債,50,0,50,富邦-桃園,2024-02-22,9665
3481,群創,80,32,48,富邦-桃園,2024-02-22,9665
6126,信音,88,43,45,富邦-桃園,2024-02-22,9665
00679B,元大美債20年,80,36,44,富邦-桃園,2024-02-22,9665
3689,湧德,73,32,41,富邦-桃園,2024-02-22,9665
2329,華泰,203,163,40,富邦-桃園,2024-02-22,9665
00927,群益半導體收益,44,4,40,富邦-桃園,2024-02-22,9665
2884,玉山金,35,0,35,富邦-桃園,2024-02-22,9665
2303,聯電,42,7,35,富邦-桃園,2024-02-22,9665
00632R,元大台灣50反1,35,0,35,富邦-桃園,2024-02-22,9665
3516,亞帝歐,31,0,31,富邦-桃園,2024-02-22,9665
00878,國泰永續高股息,102,71,31,富邦-桃園,2024-02-22,9665
00885,富邦越南,48,18,30,富邦-桃園,2024-02-22,9665
2618,長榮航,46,16,30,富邦-桃園,2024-02-22,9665
2356,英業達,62,32,30,富邦-桃園,2024-02-22,9665
00881,國泰台灣5G+,60,32,28,富邦-桃園,2024-02-22,9665
3607,谷崧,28,3,25,富邦-桃園,2024-02-22,9665
3032,偉訓,28,3,25,富邦-桃園,2024-02-22,9665
6136,富爾特,29,5,24,富邦-桃園,2024-02-22,9665
3047,訊舟,23,1,22,富邦-桃園,2024-02-22,9665
2208,台船,22,0,22,富邦-桃園,2024-02-22,9665
2353,宏��,52,31,21,富邦-桃園,2024-02-22,9665
3221,台嘉碩,39,19,20,富邦-桃園,2024-02-22,9665
8085,福華,26,6,20,富邦-桃園,2024-02-22,9665
2442,新美齊,20,0,20,富邦-桃園,2024-02-22,9665
5244,弘凱,20,0,20,富邦-桃園,2024-02-22,9665
00688L,國泰20年美債正2,20,0,20,富邦-桃園,2024-02-22,9665
4909,新復興,35,16,19,富邦-桃園,2024-02-22,9665
6265,方土昶,19,0,19,富邦-桃園,2024-02-22,9665
1513,中興電,82,63,19,富邦-桃園,2024-02-22,9665
00637L,元大滬深300正2,522,90,432,富邦-桃園,2024-02-23,9665
00933B,國泰10Y+金融債,449,26,423,富邦-桃園,2024-02-23,9665
00885,富邦越南,211,1,210,富邦-桃園,2024-02-23,9665
00937B,群益ESG投等債20,201,11,190,富邦-桃園,2024-02-23,9665
3231,緯創,192,56,136,富邦-桃園,2024-02-23,9665
00878,國泰永續高股息,217,99,118,富邦-桃園,2024-02-23,9665
00632R,元大台灣50反1,101,0,101,富邦-桃園,2024-02-23,9665
00680L,元大美債20正2,106,20,86,富邦-桃園,2024-02-23,9665
00795B,中信美國公債20年,84,0,84,富邦-桃園,2024-02-23,9665
2609,陽明,80,10,70,富邦-桃園,2024-02-23,9665
2618,長榮航,114,46,68,富邦-桃園,2024-02-23,9665
2356,英業達,110,43,67,富邦-桃園,2024-02-23,9665
2353,宏��,80,16,64,富邦-桃園,2024-02-23,9665
1815,富喬,75,12,63,富邦-桃園,2024-02-23,9665
00919,群益台灣精選高息,242,182,60,富邦-桃園,2024-02-23,9665
2367,燿華,69,14,55,富邦-桃園,2024-02-23,9665
00665L,富邦�琤肭磪囓�2,80,26,54,富邦-桃園,2024-02-23,9665
2442,新美齊,51,0,51,富邦-桃園,2024-02-23,9665
2303,聯電,52,9,43,富邦-桃園,2024-02-23,9665
00882,中信中國高股息,58,15,43,富邦-桃園,2024-02-23,9665
6235,華孚,44,3,41,富邦-桃園,2024-02-23,9665
2884,玉山金,42,1,41,富邦-桃園,2024-02-23,9665
00673R,期元大S＆P原油反1,40,0,40,富邦-桃園,2024-02-23,9665
6126,信音,61,25,36,富邦-桃園,2024-02-23,9665
2542,興富發,36,0,36,富邦-桃園,2024-02-23,9665
00751B,元大AAA至A公司債,35,0,35,富邦-桃園,2024-02-23,9665
2421,建準,51,19,32,富邦-桃園,2024-02-23,9665
5443,均豪,34,2,32,富邦-桃園,2024-02-23,9665
2417,圓剛,39,8,31,富邦-桃園,2024-02-23,9665
8926,台汽電,30,0,30,富邦-桃園,2024-02-23,9665
00720B,元大投資級公司債,31,1,30,富邦-桃園,2024-02-23,9665
1319,東陽,30,1,29,富邦-桃園,2024-02-23,9665
6152,百一,28,0,28,富邦-桃園,2024-02-23,9665
2882,國泰金,39,13,26,富邦-桃園,2024-02-23,9665
6005,群益證,30,4,26,富邦-桃園,2024-02-23,9665
2006,東和鋼鐵,25,0,25,富邦-桃園,2024-02-23,9665
9105,泰金寶-DR,23,0,23,富邦-桃園,2024-02-23,9665
6531,愛普*,26,4,22,富邦-桃園,2024-02-23,9665
1533,車王電,22,0,22,富邦-桃園,2024-02-23,9665
4960,誠美材,27,5,22,富邦-桃園,2024-02-23,9665
6139,亞翔,23,2,21,富邦-桃園,2024-02-23,9665
2607,榮運,27,6,21,富邦-桃園,2024-02-23,9665
2382,廣達,47,26,21,富邦-桃園,2024-02-23,9665
3591,艾笛森,20,0,20,富邦-桃園,2024-02-23,9665
5469,瀚宇博,21,1,20,富邦-桃園,2024-02-23,9665
4167,松瑞藥,20,0,20,富邦-桃園,2024-02-23,9665
3163,波若威,36,17,19,富邦-桃園,2024-02-23,9665
00690,兆豐藍籌30,19,0,19,富邦-桃園,2024-02-23,9665
6109,亞元,18,0,18,富邦-桃園,2024-02-23,9665
6770,力積電,20,2,18,富邦-桃園,2024-02-23,9665
00680L,元大美債20正2,362,15,347,富邦-桃園,2024-02-26,9665
00919,群益台灣精選高息,424,103,321,富邦-桃園,2024-02-26,9665
00679B,元大美債20年,300,6,294,富邦-桃園,2024-02-26,9665
00878,國泰永續高股息,431,177,254,富邦-桃園,2024-02-26,9665
1589,永冠-KY,137,7,130,富邦-桃園,2024-02-26,9665
6139,亞翔,115,3,112,富邦-桃園,2024-02-26,9665
00937B,群益ESG投等債20,186,77,109,富邦-桃園,2024-02-26,9665
00637L,元大滬深300正2,154,49,105,富邦-桃園,2024-02-26,9665
2363,矽統,175,75,100,富邦-桃園,2024-02-26,9665
00690,兆豐藍籌30,82,0,82,富邦-桃園,2024-02-26,9665
00929,復華台灣科技優息,217,137,80,富邦-桃園,2024-02-26,9665
00753L,中信中國50正2,91,28,63,富邦-桃園,2024-02-26,9665
3591,艾笛森,60,2,58,富邦-桃園,2024-02-26,9665
1455,集盛,55,0,55,富邦-桃園,2024-02-26,9665
2371,大同,95,46,49,富邦-桃園,2024-02-26,9665
3231,緯創,60,15,45,富邦-桃園,2024-02-26,9665
2812,台中銀,49,4,45,富邦-桃園,2024-02-26,9665
4908,前鼎,77,37,40,富邦-桃園,2024-02-26,9665
00795B,中信美國公債20年,41,2,39,富邦-桃園,2024-02-26,9665
3221,台嘉碩,38,0,38,富邦-桃園,2024-02-26,9665
8936,國統,266,229,37,富邦-桃園,2024-02-26,9665
9934,成霖,35,0,35,富邦-桃園,2024-02-26,9665
2303,聯電,45,12,33,富邦-桃園,2024-02-26,9665
2405,輔信,77,44,33,富邦-桃園,2024-02-26,9665
2356,英業達,70,37,33,富邦-桃園,2024-02-26,9665
1909,榮成,30,0,30,富邦-桃園,2024-02-26,9665
6122,擎邦,33,3,30,富邦-桃園,2024-02-26,9665
8011,台通,29,0,29,富邦-桃園,2024-02-26,9665
2409,友達,31,2,29,富邦-桃園,2024-02-26,9665
2883,凱基金,29,1,28,富邦-桃園,2024-02-26,9665
3081,聯亞,28,2,26,富邦-桃園,2024-02-26,9665
8028,昇陽半導體,31,5,26,富邦-桃園,2024-02-26,9665
6233,旺玖,36,10,26,富邦-桃園,2024-02-26,9665
00885,富邦越南,27,1,26,富邦-桃園,2024-02-26,9665
6257,矽格,29,4,25,富邦-桃園,2024-02-26,9665
2329,華泰,121,96,25,富邦-桃園,2024-02-26,9665
2609,陽明,31,6,25,富邦-桃園,2024-02-26,9665
2369,菱生,27,3,24,富邦-桃園,2024-02-26,9665
5381,合正,40,18,22,富邦-桃園,2024-02-26,9665
2515,中工,21,0,21,富邦-桃園,2024-02-26,9665
2344,華邦電,20,0,20,富邦-桃園,2024-02-26,9665
2002,中鋼,21,1,20,富邦-桃園,2024-02-26,9665
1612,宏泰,20,0,20,富邦-桃園,2024-02-26,9665
9938,百和,20,0,20,富邦-桃園,2024-02-26,9665
6108,競國,24,5,19,富邦-桃園,2024-02-26,9665
6188,廣明,19,0,19,富邦-桃園,2024-02-26,9665
00712,復華富時不動產,18,0,18,富邦-桃園,2024-02-26,9665
2884,玉山金,23,5,18,富邦-桃園,2024-02-26,9665
3296,勝德,19,1,18,富邦-桃園,2024-02-26,9665
1504,東元,31,13,18,富邦-桃園,2024-02-26,9665
00937B,群益ESG投等債20,871,4,867,富邦-桃園,2024-02-27,9665
00878,國泰永續高股息,537,49,488,富邦-桃園,2024-02-27,9665
00680L,元大美債20正2,301,9,292,富邦-桃園,2024-02-27,9665
00919,群益台灣精選高息,477,193,284,富邦-桃園,2024-02-27,9665
1589,永冠-KY,220,5,215,富邦-桃園,2024-02-27,9665
00687B,國泰20年美債,217,41,176,富邦-桃園,2024-02-27,9665
1711,永光,139,23,116,富邦-桃園,2024-02-27,9665
00671R,富邦NASDAQ反1,100,0,100,富邦-桃園,2024-02-27,9665
00679B,元大美債20年,93,0,93,富邦-桃園,2024-02-27,9665
00933B,國泰10Y+金融債,86,2,84,富邦-桃園,2024-02-27,9665
3231,緯創,118,35,83,富邦-桃園,2024-02-27,9665
00929,復華台灣科技優息,395,318,77,富邦-桃園,2024-02-27,9665
3037,欣興,138,71,67,富邦-桃園,2024-02-27,9665
00706L,期元大S＆P日圓正2,62,0,62,富邦-桃園,2024-02-27,9665
3005,神基,68,17,51,富邦-桃園,2024-02-27,9665
3450,聯鈞,112,63,49,富邦-桃園,2024-02-27,9665
2002,中鋼,57,9,48,富邦-桃園,2024-02-27,9665
2442,新美齊,50,2,48,富邦-桃園,2024-02-27,9665
6789,采鈺,50,6,44,富邦-桃園,2024-02-27,9665
00795B,中信美國公債20年,44,0,44,富邦-桃園,2024-02-27,9665
00665L,富邦�琤肭磪囓�2,42,0,42,富邦-桃園,2024-02-27,9665
6770,力積電,51,13,38,富邦-桃園,2024-02-27,9665
2405,輔信,59,23,36,富邦-桃園,2024-02-27,9665
6126,信音,132,97,35,富邦-桃園,2024-02-27,9665
1513,中興電,133,99,34,富邦-桃園,2024-02-27,9665
2610,華航,70,36,34,富邦-桃園,2024-02-27,9665
3437,榮創,33,0,33,富邦-桃園,2024-02-27,9665
3712,永崴投控,34,3,31,富邦-桃園,2024-02-27,9665
6125,廣運,93,62,31,富邦-桃園,2024-02-27,9665
2211,長榮鋼,30,0,30,富邦-桃園,2024-02-27,9665
1316,上曜,53,23,30,富邦-桃園,2024-02-27,9665
5398,慕康生醫,30,0,30,富邦-桃園,2024-02-27,9665
1303,南亞,30,1,29,富邦-桃園,2024-02-27,9665
3032,偉訓,28,0,28,富邦-桃園,2024-02-27,9665
2382,廣達,54,26,28,富邦-桃園,2024-02-27,9665
00751B,元大AAA至A公司債,29,3,26,富邦-桃園,2024-02-27,9665
5469,瀚宇博,26,0,26,富邦-桃園,2024-02-27,9665
2609,陽明,48,22,26,富邦-桃園,2024-02-27,9665
910322,康師傅-DR,24,0,24,富邦-桃園,2024-02-27,9665
3265,台星科,25,1,24,富邦-桃園,2024-02-27,9665
5272,笙科,34,12,22,富邦-桃園,2024-02-27,9665
2313,華通,52,31,21,富邦-桃園,2024-02-27,9665
6150,撼訊,21,0,21,富邦-桃園,2024-02-27,9665
3141,晶宏,20,0,20,富邦-桃園,2024-02-27,9665
5426,振發,31,11,20,富邦-桃園,2024-02-27,9665
3591,艾笛森,20,0,20,富邦-桃園,2024-02-27,9665
6147,頎邦,19,0,19,富邦-桃園,2024-02-27,9665
6167,久正,43,24,19,富邦-桃園,2024-02-27,9665
6217,中探針,18,0,18,富邦-桃園,2024-02-27,9665
5355,佳總,18,0,18,富邦-桃園,2024-02-27,9665
00664R,國泰臺灣加權反1,2475,0,2475,富邦-桃園,2024-02-29,9665
00937B,群益ESG投等債20,705,4,701,富邦-桃園,2024-02-29,9665
00665L,富邦�琤肭磪囓�2,584,0,584,富邦-桃園,2024-02-29,9665
2353,宏��,195,10,185,富邦-桃園,2024-02-29,9665
00687B,國泰20年美債,189,28,161,富邦-桃園,2024-02-29,9665
00919,群益台灣精選高息,148,41,107,富邦-桃園,2024-02-29,9665
6278,台表科,99,21,78,富邦-桃園,2024-02-29,9665
00673R,期元大S＆P原油反1,68,0,68,富邦-桃園,2024-02-29,9665
3390,旭軟,73,7,66,富邦-桃園,2024-02-29,9665
6139,亞翔,91,26,65,富邦-桃園,2024-02-29,9665
00680L,元大美債20正2,65,5,60,富邦-桃園,2024-02-29,9665
3023,信邦,50,3,47,富邦-桃園,2024-02-29,9665
2884,玉山金,56,10,46,富邦-桃園,2024-02-29,9665
1101,台泥,48,3,45,富邦-桃園,2024-02-29,9665
6244,茂迪,52,8,44,富邦-桃園,2024-02-29,9665
6770,力積電,44,3,41,富邦-桃園,2024-02-29,9665
3325,旭品,40,2,38,富邦-桃園,2024-02-29,9665
2809,京城銀,37,1,36,富邦-桃園,2024-02-29,9665
2329,華泰,78,43,35,富邦-桃園,2024-02-29,9665
5347,世界,33,1,32,富邦-桃園,2024-02-29,9665
00882,中信中國高股息,62,30,32,富邦-桃園,2024-02-29,9665
3071,協禧,32,0,32,富邦-桃園,2024-02-29,9665
00650L,復華香港正2,30,0,30,富邦-桃園,2024-02-29,9665
1721,三晃,47,17,30,富邦-桃園,2024-02-29,9665
3481,群創,63,34,29,富邦-桃園,2024-02-29,9665
3535,晶彩科,29,0,29,富邦-桃園,2024-02-29,9665
6207,雷科,45,17,28,富邦-桃園,2024-02-29,9665
2547,日勝生,34,6,28,富邦-桃園,2024-02-29,9665
8936,國統,39,12,27,富邦-桃園,2024-02-29,9665
1618,合機,50,25,25,富邦-桃園,2024-02-29,9665
2543,皇昌,28,3,25,富邦-桃園,2024-02-29,9665
4919,新唐,22,0,22,富邦-桃園,2024-02-29,9665
1809,中釉,26,4,22,富邦-桃園,2024-02-29,9665
00878,國泰永續高股息,124,102,22,富邦-桃園,2024-02-29,9665
3231,緯創,50,29,21,富邦-桃園,2024-02-29,9665
5452,佶優,50,29,21,富邦-桃園,2024-02-29,9665
2313,華通,46,26,20,富邦-桃園,2024-02-29,9665
00751B,元大AAA至A公司債,20,0,20,富邦-桃園,2024-02-29,9665
9938,百和,20,0,20,富邦-桃園,2024-02-29,9665
8059,凱碩,20,0,20,富邦-桃園,2024-02-29,9665
6182,合晶,19,0,19,富邦-桃園,2024-02-29,9665
2002,中鋼,20,1,19,富邦-桃園,2024-02-29,9665
8050,廣積,19,1,18,富邦-桃園,2024-02-29,9665
00752,中信中國50,18,0,18,富邦-桃園,2024-02-29,9665
2303,聯電,37,20,17,富邦-桃園,2024-02-29,9665
2812,台中銀,29,12,17,富邦-桃園,2024-02-29,9665
2888,新光金,16,0,16,富邦-桃園,2024-02-29,9665
00712,復華富時不動產,17,1,16,富邦-桃園,2024-02-29,9665
5457,宣德,15,0,15,富邦-桃園,2024-02-29,9665
8163,達方,15,0,15,富邦-桃園,2024-02-29,9665
00919,群益台灣精選高息,579,68,511,富邦-桃園,2024-03-01,9665
00937B,群益ESG投等債20,366,53,313,富邦-桃園,2024-03-01,9665
00680L,元大美債20正2,216,4,212,富邦-桃園,2024-03-01,9665
00918,大華優利高填息30,134,2,132,富邦-桃園,2024-03-01,9665
00679B,元大美債20年,111,12,99,富邦-桃園,2024-03-01,9665
5452,佶優,108,9,99,富邦-桃園,2024-03-01,9665
2609,陽明,94,2,92,富邦-桃園,2024-03-01,9665
4147,中裕,87,4,83,富邦-桃園,2024-03-01,9665
6150,撼訊,86,14,72,富邦-桃園,2024-03-01,9665
00933B,國泰10Y+金融債,68,0,68,富邦-桃園,2024-03-01,9665
00929,復華台灣科技優息,178,114,64,富邦-桃園,2024-03-01,9665
3588,通嘉,125,65,60,富邦-桃園,2024-03-01,9665
00637L,元大滬深300正2,60,1,59,富邦-桃園,2024-03-01,9665
3005,神基,66,12,54,富邦-桃園,2024-03-01,9665
2002,中鋼,57,4,53,富邦-桃園,2024-03-01,9665
2317,鴻海,63,10,53,富邦-桃園,2024-03-01,9665
1605,華新,54,1,53,富邦-桃園,2024-03-01,9665
8936,國統,66,16,50,富邦-桃園,2024-03-01,9665
00915,凱基優選高股息30,49,3,46,富邦-桃園,2024-03-01,9665
3360,尚立,68,26,42,富邦-桃園,2024-03-01,9665
2329,華泰,65,33,32,富邦-桃園,2024-03-01,9665
4303,信立,41,10,31,富邦-桃園,2024-03-01,9665
6278,台表科,36,5,31,富邦-桃園,2024-03-01,9665
3591,艾笛森,30,0,30,富邦-桃園,2024-03-01,9665
00690,兆豐藍籌30,31,1,30,富邦-桃園,2024-03-01,9665
2409,友達,55,26,29,富邦-桃園,2024-03-01,9665
2355,敬鵬,34,5,29,富邦-桃園,2024-03-01,9665
5386,青雲,36,7,29,富邦-桃園,2024-03-01,9665
2488,漢平,28,0,28,富邦-桃園,2024-03-01,9665
3535,晶彩科,30,2,28,富邦-桃園,2024-03-01,9665
6120,達運,28,0,28,富邦-桃園,2024-03-01,9665
1101,台泥,29,1,28,富邦-桃園,2024-03-01,9665
3231,緯創,125,98,27,富邦-桃園,2024-03-01,9665
2369,菱生,35,8,27,富邦-桃園,2024-03-01,9665
00687B,國泰20年美債,32,6,26,富邦-桃園,2024-03-01,9665
6152,百一,26,0,26,富邦-桃園,2024-03-01,9665
2618,長榮航,31,5,26,富邦-桃園,2024-03-01,9665
00907,永豐優息存股,31,5,26,富邦-桃園,2024-03-01,9665
8096,擎亞,27,3,24,富邦-桃園,2024-03-01,9665
3712,永崴投控,40,18,22,富邦-桃園,2024-03-01,9665
00795B,中信美國公債20年,23,2,21,富邦-桃園,2024-03-01,9665
3037,欣興,29,9,20,富邦-桃園,2024-03-01,9665
2601,益航,20,0,20,富邦-桃園,2024-03-01,9665
1104,環泥,20,0,20,富邦-桃園,2024-03-01,9665
6275,元山,22,2,20,富邦-桃園,2024-03-01,9665
3047,訊舟,25,5,20,富邦-桃園,2024-03-01,9665
6418,詠昇,20,0,20,富邦-桃園,2024-03-01,9665
3044,健鼎,22,2,20,富邦-桃園,2024-03-01,9665
1326,台化,19,0,19,富邦-桃園,2024-03-01,9665
5426,振發,29,10,19,富邦-桃園,2024-03-01,9665
00653L,富邦印度正2,316,4,312,富邦-桃園,2024-03-04,9665
00919,群益台灣精選高息,384,81,303,富邦-桃園,2024-03-04,9665
00632R,元大台灣50反1,261,2,259,富邦-桃園,2024-03-04,9665
00665L,富邦�琤肭磪囓�2,744,490,254,富邦-桃園,2024-03-04,9665
00680L,元大美債20正2,248,22,226,富邦-桃園,2024-03-04,9665
2353,宏��,246,47,199,富邦-桃園,2024-03-04,9665
1582,信錦,175,8,167,富邦-桃園,2024-03-04,9665
00918,大華優利高填息30,165,1,164,富邦-桃園,2024-03-04,9665
00915,凱基優選高股息30,137,4,133,富邦-桃園,2024-03-04,9665
3481,群創,201,83,118,富邦-桃園,2024-03-04,9665
00712,復華富時不動產,160,53,107,富邦-桃園,2024-03-04,9665
00679B,元大美債20年,106,0,106,富邦-桃園,2024-03-04,9665
8926,台汽電,75,5,70,富邦-桃園,2024-03-04,9665
6139,亞翔,79,12,67,富邦-桃園,2024-03-04,9665
2609,陽明,81,15,66,富邦-桃園,2024-03-04,9665
2498,宏達電,60,2,58,富邦-桃園,2024-03-04,9665
2356,英業達,74,18,56,富邦-桃園,2024-03-04,9665
3047,訊舟,56,0,56,富邦-桃園,2024-03-04,9665
2516,新建,50,1,49,富邦-桃園,2024-03-04,9665
6005,群益證,49,6,43,富邦-桃園,2024-03-04,9665
2402,毅嘉,58,18,40,富邦-桃園,2024-03-04,9665
3005,神基,55,17,38,富邦-桃園,2024-03-04,9665
4162,智擎,36,0,36,富邦-桃園,2024-03-04,9665
2329,華泰,76,41,35,富邦-桃園,2024-03-04,9665
00673R,期元大S＆P原油反1,32,0,32,富邦-桃園,2024-03-04,9665
6150,撼訊,32,0,32,富邦-桃園,2024-03-04,9665
2883,凱基金,40,9,31,富邦-桃園,2024-03-04,9665
9105,泰金寶-DR,30,1,29,富邦-桃園,2024-03-04,9665
2331,精英,34,7,27,富邦-桃園,2024-03-04,9665
2369,菱生,29,2,27,富邦-桃園,2024-03-04,9665
3015,全漢,26,0,26,富邦-桃園,2024-03-04,9665
00687B,國泰20年美債,115,90,25,富邦-桃園,2024-03-04,9665
2610,華航,55,30,25,富邦-桃園,2024-03-04,9665
2618,長榮航,33,9,24,富邦-桃園,2024-03-04,9665
3380,明泰,26,2,24,富邦-桃園,2024-03-04,9665
6274,台燿,35,11,24,富邦-桃園,2024-03-04,9665
2486,一詮,30,6,24,富邦-桃園,2024-03-04,9665
9945,潤泰新,26,4,22,富邦-桃園,2024-03-04,9665
1513,中興電,66,44,22,富邦-桃園,2024-03-04,9665
2417,圓剛,32,11,21,富邦-桃園,2024-03-04,9665
00662,富邦NASDAQ,21,0,21,富邦-桃園,2024-03-04,9665
3324,雙鴻,30,9,21,富邦-桃園,2024-03-04,9665
2515,中工,21,0,21,富邦-桃園,2024-03-04,9665
6672,騰輝電子-KY,20,0,20,富邦-桃園,2024-03-04,9665
3437,榮創,21,1,20,富邦-桃園,2024-03-04,9665
2887,台新金,20,0,20,富邦-桃園,2024-03-04,9665
4968,立積,32,13,19,富邦-桃園,2024-03-04,9665
1471,首利,21,2,19,富邦-桃園,2024-03-04,9665
3033,威健,30,11,19,富邦-桃園,2024-03-04,9665
2312,金寶,32,13,19,富邦-桃園,2024-03-04,9665
00632R,元大台灣50反1,1250,0,1250,富邦-桃園,2024-03-05,9665
00687B,國泰20年美債,269,16,253,富邦-桃園,2024-03-05,9665
00919,群益台灣精選高息,316,77,239,富邦-桃園,2024-03-05,9665
00665L,富邦�琤肭磪囓�2,724,502,222,富邦-桃園,2024-03-05,9665
00712,復華富時不動產,243,31,212,富邦-桃園,2024-03-05,9665
3481,群創,233,46,187,富邦-桃園,2024-03-05,9665
2329,華泰,185,18,167,富邦-桃園,2024-03-05,9665
2367,燿華,262,119,143,富邦-桃園,2024-03-05,9665
00937B,群益ESG投等債20,246,105,141,富邦-桃園,2024-03-05,9665
00753L,中信中國50正2,134,20,114,富邦-桃園,2024-03-05,9665
1409,新纖,198,91,107,富邦-桃園,2024-03-05,9665
1604,聲寶,104,0,104,富邦-桃園,2024-03-05,9665
00915,凱基優選高股息30,86,0,86,富邦-桃園,2024-03-05,9665
6770,力積電,113,35,78,富邦-桃園,2024-03-05,9665
00923,群益台ESG低碳50,81,4,77,富邦-桃園,2024-03-05,9665
00679B,元大美債20年,108,38,70,富邦-桃園,2024-03-05,9665
6139,亞翔,61,2,59,富邦-桃園,2024-03-05,9665
6125,廣運,81,29,52,富邦-桃園,2024-03-05,9665
6126,信音,60,8,52,富邦-桃園,2024-03-05,9665
2324,仁寶,108,57,51,富邦-桃園,2024-03-05,9665
4906,正文,97,50,47,富邦-桃園,2024-03-05,9665
2337,旺宏,48,2,46,富邦-桃園,2024-03-05,9665
00931B,統一美債20年,45,0,45,富邦-桃園,2024-03-05,9665
1303,南亞,57,14,43,富邦-桃園,2024-03-05,9665
6217,中探針,64,24,40,富邦-桃園,2024-03-05,9665
4545,銘鈺,42,2,40,富邦-桃園,2024-03-05,9665
1815,富喬,113,75,38,富邦-桃園,2024-03-05,9665
3450,聯鈞,69,33,36,富邦-桃園,2024-03-05,9665
00752,中信中國50,35,0,35,富邦-桃園,2024-03-05,9665
1460,宏遠,35,0,35,富邦-桃園,2024-03-05,9665
2409,友達,39,6,33,富邦-桃園,2024-03-05,9665
3128,昇銳,36,3,33,富邦-桃園,2024-03-05,9665
1584,精剛,32,1,31,富邦-桃園,2024-03-05,9665
00929,復華台灣科技優息,168,138,30,富邦-桃園,2024-03-05,9665
2344,華邦電,38,8,30,富邦-桃園,2024-03-05,9665
2355,敬鵬,37,7,30,富邦-桃園,2024-03-05,9665
6290,良維,34,5,29,富邦-桃園,2024-03-05,9665
2890,永豐金,30,2,28,富邦-桃園,2024-03-05,9665
6464,台數科,27,0,27,富邦-桃園,2024-03-05,9665
2485,兆赫,49,22,27,富邦-桃園,2024-03-05,9665
6188,廣明,39,12,27,富邦-桃園,2024-03-05,9665
6227,茂綸,36,11,25,富邦-桃園,2024-03-05,9665
1808,潤隆,25,0,25,富邦-桃園,2024-03-05,9665
3694,海華,42,18,24,富邦-桃園,2024-03-05,9665
3354,律勝,34,10,24,富邦-桃園,2024-03-05,9665
2417,圓剛,32,8,24,富邦-桃園,2024-03-05,9665
00857B,永豐20年美公債,24,1,23,富邦-桃園,2024-03-05,9665
2731,雄獅,25,4,21,富邦-桃園,2024-03-05,9665
1905,華紙,21,0,21,富邦-桃園,2024-03-05,9665
3105,穩懋,40,20,20,富邦-桃園,2024-03-05,9665
00933B,國泰10Y+金融債,217,25,192,富邦-桃園,2024-03-06,9665
2329,華泰,187,28,159,富邦-桃園,2024-03-06,9665
3481,群創,192,35,157,富邦-桃園,2024-03-06,9665
00632R,元大台灣50反1,177,20,157,富邦-桃園,2024-03-06,9665
00918,大華優利高填息30,170,30,140,富邦-桃園,2024-03-06,9665
00937B,群益ESG投等債20,149,9,140,富邦-桃園,2024-03-06,9665
00919,群益台灣精選高息,319,212,107,富邦-桃園,2024-03-06,9665
2515,中工,145,41,104,富邦-桃園,2024-03-06,9665
3231,緯創,143,52,91,富邦-桃園,2024-03-06,9665
2845,遠東銀,92,12,80,富邦-桃園,2024-03-06,9665
00915,凱基優選高股息30,85,7,78,富邦-桃園,2024-03-06,9665
1609,大亞,152,90,62,富邦-桃園,2024-03-06,9665
00733,富邦臺灣中小,61,1,60,富邦-桃園,2024-03-06,9665
2897,王道銀行,50,0,50,富邦-桃園,2024-03-06,9665
1734,杏輝,50,0,50,富邦-桃園,2024-03-06,9665
2367,燿華,175,128,47,富邦-桃園,2024-03-06,9665
3128,昇銳,52,7,45,富邦-桃園,2024-03-06,9665
2353,宏��,44,1,43,富邦-桃園,2024-03-06,9665
6770,力積電,42,1,41,富邦-桃園,2024-03-06,9665
2399,映泰,40,0,40,富邦-桃園,2024-03-06,9665
2801,彰銀,42,2,40,富邦-桃園,2024-03-06,9665
00712,復華富時不動產,42,6,36,富邦-桃園,2024-03-06,9665
00882,中信中國高股息,45,9,36,富邦-桃園,2024-03-06,9665
1314,中石化,36,0,36,富邦-桃園,2024-03-06,9665
2889,國票金,32,0,32,富邦-桃園,2024-03-06,9665
1522,堤維西,38,6,32,富邦-桃園,2024-03-06,9665
8011,台通,60,28,32,富邦-桃園,2024-03-06,9665
2464,盟立,34,2,32,富邦-桃園,2024-03-06,9665
1604,聲寶,31,0,31,富邦-桃園,2024-03-06,9665
1582,信錦,32,1,31,富邦-桃園,2024-03-06,9665
6136,富爾特,30,0,30,富邦-桃園,2024-03-06,9665
2468,華經,30,0,30,富邦-桃園,2024-03-06,9665
3296,勝德,30,0,30,富邦-桃園,2024-03-06,9665
4306,炎洲,47,18,29,富邦-桃園,2024-03-06,9665
1504,東元,50,23,27,富邦-桃園,2024-03-06,9665
2609,陽明,29,2,27,富邦-桃園,2024-03-06,9665
2882,國泰金,31,4,27,富邦-桃園,2024-03-06,9665
6163,華電網,39,13,26,富邦-桃園,2024-03-06,9665
1711,永光,30,5,25,富邦-桃園,2024-03-06,9665
6443,元晶,35,11,24,富邦-桃園,2024-03-06,9665
6127,九豪,24,1,23,富邦-桃園,2024-03-06,9665
00930,永豐ESG低碳高息,23,0,23,富邦-桃園,2024-03-06,9665
6198,瑞築,20,0,20,富邦-桃園,2024-03-06,9665
8085,福華,20,0,20,富邦-桃園,2024-03-06,9665
1303,南亞,24,5,19,富邦-桃園,2024-03-06,9665
6182,合晶,22,3,19,富邦-桃園,2024-03-06,9665
6190,萬泰科,21,2,19,富邦-桃園,2024-03-06,9665
1612,宏泰,18,0,18,富邦-桃園,2024-03-06,9665
3189,景碩,22,4,18,富邦-桃園,2024-03-06,9665
3380,明泰,19,2,17,富邦-桃園,2024-03-06,9665
00647L,元大S＆P500正2,513,39,474,富邦-桃園,2024-03-07,9665
00670L,富邦NASDAQ正2,304,0,304,富邦-桃園,2024-03-07,9665
00937B,群益ESG投等債20,320,54,266,富邦-桃園,2024-03-07,9665
00919,群益台灣精選高息,735,473,262,富邦-桃園,2024-03-07,9665
00915,凱基優選高股息30,208,4,204,富邦-桃園,2024-03-07,9665
2329,華泰,196,24,172,富邦-桃園,2024-03-07,9665
3481,群創,171,34,137,富邦-桃園,2024-03-07,9665
1471,首利,153,30,123,富邦-桃園,2024-03-07,9665
2367,燿華,195,88,107,富邦-桃園,2024-03-07,9665
1785,光洋科,164,66,98,富邦-桃園,2024-03-07,9665
6443,元晶,112,18,94,富邦-桃園,2024-03-07,9665
2382,廣達,147,60,87,富邦-桃園,2024-03-07,9665
5521,工信,104,24,80,富邦-桃園,2024-03-07,9665
2313,華通,140,63,77,富邦-桃園,2024-03-07,9665
3231,緯創,127,51,76,富邦-桃園,2024-03-07,9665
00751B,元大AAA至A公司債,125,58,67,富邦-桃園,2024-03-07,9665
00733,富邦臺灣中小,63,0,63,富邦-桃園,2024-03-07,9665
1522,堤維西,83,21,62,富邦-桃園,2024-03-07,9665
5452,佶優,67,10,57,富邦-桃園,2024-03-07,9665
6176,瑞儀,59,5,54,富邦-桃園,2024-03-07,9665
1582,信錦,72,20,52,富邦-桃園,2024-03-07,9665
6150,撼訊,52,1,51,富邦-桃園,2024-03-07,9665
00679B,元大美債20年,133,82,51,富邦-桃園,2024-03-07,9665
00655L,國泰中國A50正2,50,2,48,富邦-桃園,2024-03-07,9665
2897,王道銀行,50,3,47,富邦-桃園,2024-03-07,9665
2468,華經,46,0,46,富邦-桃園,2024-03-07,9665
6152,百一,48,6,42,富邦-桃園,2024-03-07,9665
2547,日勝生,48,7,41,富邦-桃園,2024-03-07,9665
00918,大華優利高填息30,70,29,41,富邦-桃園,2024-03-07,9665
2409,友達,72,32,40,富邦-桃園,2024-03-07,9665
00857B,永豐20年美公債,48,8,40,富邦-桃園,2024-03-07,9665
1447,力鵬,40,1,39,富邦-桃園,2024-03-07,9665
4714,永捷,40,1,39,富邦-桃園,2024-03-07,9665
1513,中興電,45,6,39,富邦-桃園,2024-03-07,9665
2356,英業達,60,22,38,富邦-桃園,2024-03-07,9665
6205,詮欣,47,9,38,富邦-桃園,2024-03-07,9665
00712,復華富時不動產,48,12,36,富邦-桃園,2024-03-07,9665
2421,建準,73,38,35,富邦-桃園,2024-03-07,9665
8112,至上,59,25,34,富邦-桃園,2024-03-07,9665
2002,中鋼,37,3,34,富邦-桃園,2024-03-07,9665
2368,金像電,81,49,32,富邦-桃園,2024-03-07,9665
5398,慕康生醫,30,0,30,富邦-桃園,2024-03-07,9665
00922,國泰台灣領袖50,31,1,30,富邦-桃園,2024-03-07,9665
1316,上曜,164,136,28,富邦-桃園,2024-03-07,9665
6125,廣運,55,28,27,富邦-桃園,2024-03-07,9665
1905,華紙,30,3,27,富邦-桃園,2024-03-07,9665
6126,信音,50,24,26,富邦-桃園,2024-03-07,9665
5211,蒙恬,26,0,26,富邦-桃園,2024-03-07,9665
3491,昇達科,27,2,25,富邦-桃園,2024-03-07,9665
00637L,元大滬深300正2,39,14,25,富邦-桃園,2024-03-07,9665
00919,群益台灣精選高息,963,445,518,富邦-桃園,2024-03-08,9665
00937B,群益ESG投等債20,582,141,441,富邦-桃園,2024-03-08,9665
00632R,元大台灣50反1,495,285,210,富邦-桃園,2024-03-08,9665
00915,凱基優選高股息30,215,33,182,富邦-桃園,2024-03-08,9665
00712,復華富時不動產,164,18,146,富邦-桃園,2024-03-08,9665
00670L,富邦NASDAQ正2,140,1,139,富邦-桃園,2024-03-08,9665
00687B,國泰20年美債,123,16,107,富邦-桃園,2024-03-08,9665
5488,松普,98,7,91,富邦-桃園,2024-03-08,9665
2002,中鋼,109,23,86,富邦-桃園,2024-03-08,9665
3481,群創,126,47,79,富邦-桃園,2024-03-08,9665
2515,中工,80,9,71,富邦-桃園,2024-03-08,9665
6176,瑞儀,80,10,70,富邦-桃園,2024-03-08,9665
00706L,期元大S＆P日圓正2,63,1,62,富邦-桃園,2024-03-08,9665
1808,潤隆,64,2,62,富邦-桃園,2024-03-08,9665
00923,群益台ESG低碳50,59,0,59,富邦-桃園,2024-03-08,9665
2547,日勝生,55,2,53,富邦-桃園,2024-03-08,9665
2329,華泰,139,87,52,富邦-桃園,2024-03-08,9665
6139,亞翔,52,0,52,富邦-桃園,2024-03-08,9665
8092,建暐,50,0,50,富邦-桃園,2024-03-08,9665
9105,泰金寶-DR,50,0,50,富邦-桃園,2024-03-08,9665
6443,元晶,54,5,49,富邦-桃園,2024-03-08,9665
2465,麗臺,47,1,46,富邦-桃園,2024-03-08,9665
00679B,元大美債20年,71,28,43,富邦-桃園,2024-03-08,9665
00857B,永豐20年美公債,47,5,42,富邦-桃園,2024-03-08,9665
3030,德律,51,9,42,富邦-桃園,2024-03-08,9665
2417,圓剛,82,40,42,富邦-桃園,2024-03-08,9665
2352,佳世達,41,4,37,富邦-桃園,2024-03-08,9665
5443,均豪,33,0,33,富邦-桃園,2024-03-08,9665
3516,亞帝歐,37,5,32,富邦-桃園,2024-03-08,9665
4549,桓達,31,0,31,富邦-桃園,2024-03-08,9665
00927,群益半導體收益,39,8,31,富邦-桃園,2024-03-08,9665
00933B,國泰10Y+金融債,43,13,30,富邦-桃園,2024-03-08,9665
00918,大華優利高填息30,100,70,30,富邦-桃園,2024-03-08,9665
4533,協易機,30,0,30,富邦-桃園,2024-03-08,9665
1444,力麗,30,0,30,富邦-桃園,2024-03-08,9665
2504,國產,32,2,30,富邦-桃園,2024-03-08,9665
8096,擎亞,45,16,29,富邦-桃園,2024-03-08,9665
6290,良維,32,3,29,富邦-桃園,2024-03-08,9665
4513,福裕,28,0,28,富邦-桃園,2024-03-08,9665
5521,工信,44,17,27,富邦-桃園,2024-03-08,9665
2457,飛宏,29,2,27,富邦-桃園,2024-03-08,9665
2607,榮運,26,2,24,富邦-桃園,2024-03-08,9665
2301,光寶科,60,36,24,富邦-桃園,2024-03-08,9665
3711,日月光投控,52,28,24,富邦-桃園,2024-03-08,9665
3380,明泰,25,2,23,富邦-桃園,2024-03-08,9665
00720B,元大投資級公司債,23,0,23,富邦-桃園,2024-03-08,9665
00751B,元大AAA至A公司債,24,1,23,富邦-桃園,2024-03-08,9665
1815,富喬,140,117,23,富邦-桃園,2024-03-08,9665
2208,台船,22,0,22,富邦-桃園,2024-03-08,9665
6239,力成,36,14,22,富邦-桃園,2024-03-08,9665
00937B,群益ESG投等債20,808,19,789,富邦-桃園,2024-03-11,9665
2610,華航,717,31,686,富邦-桃園,2024-03-11,9665
00919,群益台灣精選高息,509,240,269,富邦-桃園,2024-03-11,9665
00687B,國泰20年美債,246,5,241,富邦-桃園,2024-03-11,9665
00918,大華優利高填息30,235,68,167,富邦-桃園,2024-03-11,9665
00679B,元大美債20年,223,85,138,富邦-桃園,2024-03-11,9665
00929,復華台灣科技優息,377,275,102,富邦-桃園,2024-03-11,9665
1304,台聚,100,4,96,富邦-桃園,2024-03-11,9665
3380,明泰,103,10,93,富邦-桃園,2024-03-11,9665
2002,中鋼,87,0,87,富邦-桃園,2024-03-11,9665
1504,東元,90,7,83,富邦-桃園,2024-03-11,9665
1314,中石化,67,0,67,富邦-桃園,2024-03-11,9665
6443,元晶,59,5,54,富邦-桃園,2024-03-11,9665
9907,統一實,52,0,52,富邦-桃園,2024-03-11,9665
2603,長榮,77,26,51,富邦-桃園,2024-03-11,9665
6136,富爾特,50,0,50,富邦-桃園,2024-03-11,9665
2547,日勝生,49,1,48,富邦-桃園,2024-03-11,9665
00881,國泰台灣5G+,50,4,46,富邦-桃園,2024-03-11,9665
1316,上曜,70,26,44,富邦-桃園,2024-03-11,9665
2417,圓剛,46,5,41,富邦-桃園,2024-03-11,9665
5498,凱崴,75,38,37,富邦-桃園,2024-03-11,9665
2367,燿華,104,69,35,富邦-桃園,2024-03-11,9665
2358,廷鑫,33,3,30,富邦-桃園,2024-03-11,9665
3050,鈺德,30,0,30,富邦-桃園,2024-03-11,9665
00715L,期街口布蘭特正2,30,1,29,富邦-桃園,2024-03-11,9665
2330,台積電,39,10,29,富邦-桃園,2024-03-11,9665
8926,台汽電,52,24,28,富邦-桃園,2024-03-11,9665
6275,元山,53,25,28,富邦-桃園,2024-03-11,9665
8271,宇瞻,27,0,27,富邦-桃園,2024-03-11,9665
2301,光寶科,34,8,26,富邦-桃園,2024-03-11,9665
2609,陽明,45,20,25,富邦-桃園,2024-03-11,9665
00706L,期元大S＆P日圓正2,24,0,24,富邦-桃園,2024-03-11,9665
2371,大同,34,10,24,富邦-桃園,2024-03-11,9665
00712,復華富時不動產,41,18,23,富邦-桃園,2024-03-11,9665
2308,台達電,28,5,23,富邦-桃園,2024-03-11,9665
2337,旺宏,24,2,22,富邦-桃園,2024-03-11,9665
4933,友輝,22,0,22,富邦-桃園,2024-03-11,9665
2449,京元電子,26,5,21,富邦-桃園,2024-03-11,9665
00857B,永豐20年美公債,41,20,21,富邦-桃園,2024-03-11,9665
1522,堤維西,22,1,21,富邦-桃園,2024-03-11,9665
3030,德律,21,0,21,富邦-桃園,2024-03-11,9665
2303,聯電,68,47,21,富邦-桃園,2024-03-11,9665
6016,康和證,21,1,20,富邦-桃園,2024-03-11,9665
8163,達方,20,0,20,富邦-桃園,2024-03-11,9665
00923,群益台ESG低碳50,27,8,19,富邦-桃園,2024-03-11,9665
00680L,元大美債20正2,45,26,19,富邦-桃園,2024-03-11,9665
5272,笙科,18,0,18,富邦-桃園,2024-03-11,9665
6005,群益證,20,3,17,富邦-桃園,2024-03-11,9665
1514,亞力,25,8,17,富邦-桃園,2024-03-11,9665
2352,佳世達,21,5,16,富邦-桃園,2024-03-11,9665
00919,群益台灣精選高息,505,142,363,富邦-桃園,2024-03-12,9665
00885,富邦越南,307,20,287,富邦-桃園,2024-03-12,9665
00918,大華優利高填息30,297,100,197,富邦-桃園,2024-03-12,9665
4961,天鈺,154,12,142,富邦-桃園,2024-03-12,9665
00632R,元大台灣50反1,163,36,127,富邦-桃園,2024-03-12,9665
2882,國泰金,106,20,86,富邦-桃園,2024-03-12,9665
2002,中鋼,92,7,85,富邦-桃園,2024-03-12,9665
00687B,國泰20年美債,85,19,66,富邦-桃園,2024-03-12,9665
2610,華航,72,11,61,富邦-桃園,2024-03-12,9665
2208,台船,55,0,55,富邦-桃園,2024-03-12,9665
00679B,元大美債20年,90,38,52,富邦-桃園,2024-03-12,9665
1528,恩德,50,0,50,富邦-桃園,2024-03-12,9665
00881,國泰台灣5G+,60,12,48,富邦-桃園,2024-03-12,9665
00891,中信關鍵半導體,49,3,46,富邦-桃園,2024-03-12,9665
6290,良維,47,3,44,富邦-桃園,2024-03-12,9665
2201,裕隆,55,11,44,富邦-桃園,2024-03-12,9665
2371,大同,51,8,43,富邦-桃園,2024-03-12,9665
00905,FT臺灣Smart,43,0,43,富邦-桃園,2024-03-12,9665
6182,合晶,30,1,29,富邦-桃園,2024-03-12,9665
3221,台嘉碩,29,1,28,富邦-桃園,2024-03-12,9665
00857B,永豐20年美公債,33,6,27,富邦-桃園,2024-03-12,9665
910322,康師傅-DR,26,0,26,富邦-桃園,2024-03-12,9665
6770,力積電,27,2,25,富邦-桃園,2024-03-12,9665
8443,阿瘦,24,0,24,富邦-桃園,2024-03-12,9665
2376,技嘉,35,12,23,富邦-桃園,2024-03-12,9665
3450,聯鈞,31,8,23,富邦-桃園,2024-03-12,9665
00720B,元大投資級公司債,23,2,21,富邦-桃園,2024-03-12,9665
2903,遠百,23,2,21,富邦-桃園,2024-03-12,9665
4714,永捷,61,40,21,富邦-桃園,2024-03-12,9665
1447,力鵬,22,1,21,富邦-桃園,2024-03-12,9665
1416,廣豐,21,0,21,富邦-桃園,2024-03-12,9665
9945,潤泰新,24,3,21,富邦-桃園,2024-03-12,9665
2516,新建,20,0,20,富邦-桃園,2024-03-12,9665
2355,敬鵬,26,6,20,富邦-桃園,2024-03-12,9665
00773B,中信優先金融債,23,3,20,富邦-桃園,2024-03-12,9665
2495,普安,20,0,20,富邦-桃園,2024-03-12,9665
2408,南亞科,36,17,19,富邦-桃園,2024-03-12,9665
6125,廣運,49,30,19,富邦-桃園,2024-03-12,9665
2352,佳世達,32,14,18,富邦-桃園,2024-03-12,9665
00751B,元大AAA至A公司債,17,0,17,富邦-桃園,2024-03-12,9665
1517,利奇,17,0,17,富邦-桃園,2024-03-12,9665
5225,東科-KY,25,9,16,富邦-桃園,2024-03-12,9665
00930,永豐ESG低碳高息,16,0,16,富邦-桃園,2024-03-12,9665
6023,元大期,16,0,16,富邦-桃園,2024-03-12,9665
1514,亞力,38,22,16,富邦-桃園,2024-03-12,9665
9941,裕融,15,0,15,富邦-桃園,2024-03-12,9665
6806,森崴能源,40,25,15,富邦-桃園,2024-03-12,9665
2641,正德,15,0,15,富邦-桃園,2024-03-12,9665
2605,新興,15,0,15,富邦-桃園,2024-03-12,9665
2441,超豐,17,2,15,富邦-桃園,2024-03-12,9665
00919,群益台灣精選高息,819,350,469,富邦-桃園,2024-03-13,9665
00937B,群益ESG投等債20,465,190,275,富邦-桃園,2024-03-13,9665
5347,世界,381,119,262,富邦-桃園,2024-03-13,9665
00632R,元大台灣50反1,177,52,125,富邦-桃園,2024-03-13,9665
00680L,元大美債20正2,119,4,115,富邦-桃園,2024-03-13,9665
3231,緯創,251,170,81,富邦-桃園,2024-03-13,9665
00918,大華優利高填息30,228,153,75,富邦-桃園,2024-03-13,9665
00933B,國泰10Y+金融債,87,23,64,富邦-桃園,2024-03-13,9665
2515,中工,64,1,63,富邦-桃園,2024-03-13,9665
00679B,元大美債20年,104,42,62,富邦-桃園,2024-03-13,9665
6005,群益證,62,0,62,富邦-桃園,2024-03-13,9665
2834,臺企銀,110,50,60,富邦-桃園,2024-03-13,9665
3163,波若威,167,110,57,富邦-桃園,2024-03-13,9665
5529,鉅陞,57,2,55,富邦-桃園,2024-03-13,9665
2352,佳世達,72,18,54,富邦-桃園,2024-03-13,9665
00891,中信關鍵半導體,64,13,51,富邦-桃園,2024-03-13,9665
00751B,元大AAA至A公司債,51,2,49,富邦-桃園,2024-03-13,9665
4306,炎洲,50,1,49,富邦-桃園,2024-03-13,9665
6443,元晶,47,0,47,富邦-桃園,2024-03-13,9665
2376,技嘉,91,46,45,富邦-桃園,2024-03-13,9665
00857B,永豐20年美公債,42,0,42,富邦-桃園,2024-03-13,9665
2329,華泰,49,7,42,富邦-桃園,2024-03-13,9665
2607,榮運,113,73,40,富邦-桃園,2024-03-13,9665
6462,神盾,43,3,40,富邦-桃園,2024-03-13,9665
8011,台通,263,225,38,富邦-桃園,2024-03-13,9665
1589,永冠-KY,38,2,36,富邦-桃園,2024-03-13,9665
1513,中興電,164,129,35,富邦-桃園,2024-03-13,9665
8299,群聯,35,1,34,富邦-桃園,2024-03-13,9665
00930,永豐ESG低碳高息,34,0,34,富邦-桃園,2024-03-13,9665
2344,華邦電,40,7,33,富邦-桃園,2024-03-13,9665
3050,鈺德,52,20,32,富邦-桃園,2024-03-13,9665
1522,堤維西,33,1,32,富邦-桃園,2024-03-13,9665
6150,撼訊,34,2,32,富邦-桃園,2024-03-13,9665
00795B,中信美國公債20年,34,2,32,富邦-桃園,2024-03-13,9665
2408,南亞科,38,7,31,富邦-桃園,2024-03-13,9665
2002,中鋼,36,6,30,富邦-桃園,2024-03-13,9665
4114,健喬,30,1,29,富邦-桃園,2024-03-13,9665
2467,志聖,36,7,29,富邦-桃園,2024-03-13,9665
00915,凱基優選高股息30,64,36,28,富邦-桃園,2024-03-13,9665
8049,晶采,28,0,28,富邦-桃園,2024-03-13,9665
6274,台燿,42,14,28,富邦-桃園,2024-03-13,9665
1529,樂事綠能,28,1,27,富邦-桃園,2024-03-13,9665
8996,高力,42,15,27,富邦-桃園,2024-03-13,9665
8068,全達,31,5,26,富邦-桃園,2024-03-13,9665
00715L,期街口布蘭特正2,36,10,26,富邦-桃園,2024-03-13,9665
2888,新光金,38,14,24,富邦-桃園,2024-03-13,9665
4927,泰鼎-KY,30,6,24,富邦-桃園,2024-03-13,9665
3234,光環,25,1,24,富邦-桃園,2024-03-13,9665
3013,晟銘電,33,10,23,富邦-桃園,2024-03-13,9665
2323,中環,32,9,23,富邦-桃園,2024-03-13,9665
00687B,國泰20年美債,1815,51,1764,富邦-桃園,2024-03-14,9665
00919,群益台灣精選高息,1151,408,743,富邦-桃園,2024-03-14,9665
00915,凱基優選高股息30,338,23,315,富邦-桃園,2024-03-14,9665
00665L,富邦�琤肭磪囓�2,701,459,242,富邦-桃園,2024-03-14,9665
00751B,元大AAA至A公司債,216,8,208,富邦-桃園,2024-03-14,9665
00937B,群益ESG投等債20,210,28,182,富邦-桃園,2024-03-14,9665
2618,長榮航,224,72,152,富邦-桃園,2024-03-14,9665
00933B,國泰10Y+金融債,171,37,134,富邦-桃園,2024-03-14,9665
3231,緯創,144,28,116,富邦-桃園,2024-03-14,9665
2301,光寶科,117,5,112,富邦-桃園,2024-03-14,9665
2867,三商壽,110,5,105,富邦-桃園,2024-03-14,9665
00676R,富邦臺灣加權反1,100,0,100,富邦-桃園,2024-03-14,9665
00655L,國泰中國A50正2,100,0,100,富邦-桃園,2024-03-14,9665
00632R,元大台灣50反1,90,5,85,富邦-桃園,2024-03-14,9665
1464,得力,73,0,73,富邦-桃園,2024-03-14,9665
2371,大同,87,18,69,富邦-桃園,2024-03-14,9665
00857B,永豐20年美公債,72,4,68,富邦-桃園,2024-03-14,9665
2889,國票金,85,22,63,富邦-桃園,2024-03-14,9665
0056,元大高股息,85,26,59,富邦-桃園,2024-03-14,9665
00680L,元大美債20正2,55,1,54,富邦-桃園,2024-03-14,9665
6005,群益證,123,70,53,富邦-桃園,2024-03-14,9665
4207,環泰,52,2,50,富邦-桃園,2024-03-14,9665
2603,長榮,105,59,46,富邦-桃園,2024-03-14,9665
2354,鴻準,101,59,42,富邦-桃園,2024-03-14,9665
00647L,元大S＆P500正2,41,0,41,富邦-桃園,2024-03-14,9665
2313,華通,92,53,39,富邦-桃園,2024-03-14,9665
4906,正文,38,2,36,富邦-桃園,2024-03-14,9665
2515,中工,31,0,31,富邦-桃園,2024-03-14,9665
1513,中興電,98,67,31,富邦-桃園,2024-03-14,9665
3702,大聯大,37,6,31,富邦-桃園,2024-03-14,9665
3535,晶彩科,30,0,30,富邦-桃園,2024-03-14,9665
2363,矽統,28,2,26,富邦-桃園,2024-03-14,9665
6120,達運,26,0,26,富邦-桃園,2024-03-14,9665
6152,百一,24,0,24,富邦-桃園,2024-03-14,9665
3030,德律,23,0,23,富邦-桃園,2024-03-14,9665
6275,元山,43,20,23,富邦-桃園,2024-03-14,9665
2356,英業達,38,16,22,富邦-桃園,2024-03-14,9665
2211,長榮鋼,29,7,22,富邦-桃園,2024-03-14,9665
3260,威剛,22,1,21,富邦-桃園,2024-03-14,9665
3017,奇鋐,30,9,21,富邦-桃園,2024-03-14,9665
6139,亞翔,28,8,20,富邦-桃園,2024-03-14,9665
6217,中探針,21,1,20,富邦-桃園,2024-03-14,9665
00764B,群益25年美債,20,0,20,富邦-桃園,2024-03-14,9665
5009,榮剛,20,0,20,富邦-桃園,2024-03-14,9665
00772B,中信高評級公司債,20,1,19,富邦-桃園,2024-03-14,9665
4714,永捷,38,19,19,富邦-桃園,2024-03-14,9665
00653L,富邦印度正2,20,1,19,富邦-桃園,2024-03-14,9665
00633L,富邦上証正2,23,5,18,富邦-桃園,2024-03-14,9665
5347,世界,20,2,18,富邦-桃園,2024-03-14,9665
2812,台中銀,32,14,18,富邦-桃園,2024-03-14,9665
00687B,國泰20年美債,1397,11,1386,富邦-桃園,2024-03-15,9665
00919,群益台灣精選高息,918,249,669,富邦-桃園,2024-03-15,9665
00941,中信上游半導體,713,172,541,富邦-桃園,2024-03-15,9665
00680L,元大美債20正2,512,0,512,富邦-桃園,2024-03-15,9665
00937B,群益ESG投等債20,394,7,387,富邦-桃園,2024-03-15,9665
1809,中釉,325,3,322,富邦-桃園,2024-03-15,9665
00712,復華富時不動產,266,13,253,富邦-桃園,2024-03-15,9665
00665L,富邦�琤肭磪囓�2,553,351,202,富邦-桃園,2024-03-15,9665
00679B,元大美債20年,159,22,137,富邦-桃園,2024-03-15,9665
00933B,國泰10Y+金融債,136,3,133,富邦-桃園,2024-03-15,9665
2022,聚亨,114,1,113,富邦-桃園,2024-03-15,9665
00857B,永豐20年美公債,107,0,107,富邦-桃園,2024-03-15,9665
2603,長榮,198,106,92,富邦-桃園,2024-03-15,9665
2834,臺企銀,315,251,64,富邦-桃園,2024-03-15,9665
00753L,中信中國50正2,84,20,64,富邦-桃園,2024-03-15,9665
2812,台中銀,61,2,59,富邦-桃園,2024-03-15,9665
2610,華航,54,1,53,富邦-桃園,2024-03-15,9665
00720B,元大投資級公司債,53,1,52,富邦-桃園,2024-03-15,9665
00706L,期元大S＆P日圓正2,50,0,50,富邦-桃園,2024-03-15,9665
3481,群創,137,89,48,富邦-桃園,2024-03-15,9665
2303,聯電,56,10,46,富邦-桃園,2024-03-15,9665
2467,志聖,44,0,44,富邦-桃園,2024-03-15,9665
2352,佳世達,54,11,43,富邦-桃園,2024-03-15,9665
00713,元大台灣高息低波,51,8,43,富邦-桃園,2024-03-15,9665
2371,大同,70,28,42,富邦-桃園,2024-03-15,9665
6116,彩晶,43,1,42,富邦-桃園,2024-03-15,9665
6152,百一,41,0,41,富邦-桃園,2024-03-15,9665
00893,國泰智能電動車,57,17,40,富邦-桃園,2024-03-15,9665
00751B,元大AAA至A公司債,39,0,39,富邦-桃園,2024-03-15,9665
4545,銘鈺,39,0,39,富邦-桃園,2024-03-15,9665
3062,建漢,39,1,38,富邦-桃園,2024-03-15,9665
2882,國泰金,48,12,36,富邦-桃園,2024-03-15,9665
2009,第一銅,47,13,34,富邦-桃園,2024-03-15,9665
1513,中興電,61,28,33,富邦-桃園,2024-03-15,9665
8054,安國,56,23,33,富邦-桃園,2024-03-15,9665
2881,富邦金,43,10,33,富邦-桃園,2024-03-15,9665
2344,華邦電,33,1,32,富邦-桃園,2024-03-15,9665
4945,陞達科技,33,1,32,富邦-桃園,2024-03-15,9665
5381,合正,32,0,32,富邦-桃園,2024-03-15,9665
2330,台積電,37,6,31,富邦-桃園,2024-03-15,9665
3231,緯創,77,46,31,富邦-桃園,2024-03-15,9665
00673R,期元大S＆P原油反1,31,1,30,富邦-桃園,2024-03-15,9665
2539,櫻花建,30,0,30,富邦-桃園,2024-03-15,9665
00764B,群益25年美債,29,0,29,富邦-桃園,2024-03-15,9665
00918,大華優利高填息30,153,124,29,富邦-桃園,2024-03-15,9665
6443,元晶,27,0,27,富邦-桃園,2024-03-15,9665
2615,萬海,35,8,27,富邦-桃園,2024-03-15,9665
3622,洋華,31,4,27,富邦-桃園,2024-03-15,9665
1808,潤隆,27,1,26,富邦-桃園,2024-03-15,9665
3025,星通,32,7,25,富邦-桃園,2024-03-15,9665
00919,群益台灣精選高息,861,100,761,富邦-桃園,2024-03-18,9665
00857B,永豐20年美公債,272,0,272,富邦-桃園,2024-03-18,9665
00933B,國泰10Y+金融債,164,1,163,富邦-桃園,2024-03-18,9665
00941,中信上游半導體,225,69,156,富邦-桃園,2024-03-18,9665
00687B,國泰20年美債,143,6,137,富邦-桃園,2024-03-18,9665
2884,玉山金,126,4,122,富邦-桃園,2024-03-18,9665
3050,鈺德,112,0,112,富邦-桃園,2024-03-18,9665
00679B,元大美債20年,105,10,95,富邦-桃園,2024-03-18,9665
00632R,元大台灣50反1,123,29,94,富邦-桃園,2024-03-18,9665
2812,台中銀,93,2,91,富邦-桃園,2024-03-18,9665
00931B,統一美債20年,75,1,74,富邦-桃園,2024-03-18,9665
2367,燿華,91,39,52,富邦-桃園,2024-03-18,9665
00637L,元大滬深300正2,55,5,50,富邦-桃園,2024-03-18,9665
1528,恩德,50,0,50,富邦-桃園,2024-03-18,9665
2610,華航,74,28,46,富邦-桃園,2024-03-18,9665
2891,中信金,44,0,44,富邦-桃園,2024-03-18,9665
3711,日月光投控,47,5,42,富邦-桃園,2024-03-18,9665
00751B,元大AAA至A公司債,92,50,42,富邦-桃園,2024-03-18,9665
2408,南亞科,46,5,41,富邦-桃園,2024-03-18,9665
00887,永豐中國科技50大,41,0,41,富邦-桃園,2024-03-18,9665
1616,億泰,53,12,41,富邦-桃園,2024-03-18,9665
00881,國泰台灣5G+,50,11,39,富邦-桃園,2024-03-18,9665
2607,榮運,40,2,38,富邦-桃園,2024-03-18,9665
00918,大華優利高填息30,49,13,36,富邦-桃園,2024-03-18,9665
2323,中環,91,55,36,富邦-桃園,2024-03-18,9665
8011,台通,43,10,33,富邦-桃園,2024-03-18,9665
2834,臺企銀,127,96,31,富邦-桃園,2024-03-18,9665
2002,中鋼,36,5,31,富邦-桃園,2024-03-18,9665
2537,聯上發,30,0,30,富邦-桃園,2024-03-18,9665
2034,允強,30,0,30,富邦-桃園,2024-03-18,9665
2352,佳世達,40,12,28,富邦-桃園,2024-03-18,9665
00680L,元大美債20正2,27,0,27,富邦-桃園,2024-03-18,9665
00715L,期街口布蘭特正2,34,8,26,富邦-桃園,2024-03-18,9665
2009,第一銅,44,19,25,富邦-桃園,2024-03-18,9665
1307,三芳,25,0,25,富邦-桃園,2024-03-18,9665
4961,天鈺,30,6,24,富邦-桃園,2024-03-18,9665
3312,弘憶股,69,45,24,富邦-桃園,2024-03-18,9665
5533,皇鼎,25,1,24,富邦-桃園,2024-03-18,9665
2609,陽明,41,17,24,富邦-桃園,2024-03-18,9665
1101,台泥,25,2,23,富邦-桃園,2024-03-18,9665
3205,佰研,23,0,23,富邦-桃園,2024-03-18,9665
2618,長榮航,35,13,22,富邦-桃園,2024-03-18,9665
2382,廣達,46,25,21,富邦-桃園,2024-03-18,9665
00650L,復華香港正2,21,0,21,富邦-桃園,2024-03-18,9665
2890,永豐金,23,2,21,富邦-桃園,2024-03-18,9665
2530,華建,22,1,21,富邦-桃園,2024-03-18,9665
2504,國產,30,10,20,富邦-桃園,2024-03-18,9665
2885,元大金,21,1,20,富邦-桃園,2024-03-18,9665
00937B,群益ESG投等債20,86,66,20,富邦-桃園,2024-03-18,9665
2030,彰源,20,0,20,富邦-桃園,2024-03-18,9665
00665L,富邦�琤肭磪囓�2,807,551,256,富邦-桃園,2024-03-19,9665
2344,華邦電,216,7,209,富邦-桃園,2024-03-19,9665
00680L,元大美債20正2,208,0,208,富邦-桃園,2024-03-19,9665
8234,新漢,161,0,161,富邦-桃園,2024-03-19,9665
00937B,群益ESG投等債20,137,8,129,富邦-桃園,2024-03-19,9665
00857B,永豐20年美公債,118,0,118,富邦-桃園,2024-03-19,9665
2371,大同,124,7,117,富邦-桃園,2024-03-19,9665
00687B,國泰20年美債,122,5,117,富邦-桃園,2024-03-19,9665
1464,得力,115,7,108,富邦-桃園,2024-03-19,9665
5483,中美晶,116,14,102,富邦-桃園,2024-03-19,9665
2618,長榮航,106,11,95,富邦-桃園,2024-03-19,9665
00722B,群益投資級電信債,70,0,70,富邦-桃園,2024-03-19,9665
00673R,期元大S＆P原油反1,56,0,56,富邦-桃園,2024-03-19,9665
00720B,元大投資級公司債,56,1,55,富邦-桃園,2024-03-19,9665
3481,群創,56,2,54,富邦-桃園,2024-03-19,9665
5392,能率,54,0,54,富邦-桃園,2024-03-19,9665
3052,夆典,50,0,50,富邦-桃園,2024-03-19,9665
6443,元晶,52,5,47,富邦-桃園,2024-03-19,9665
00795B,中信美國公債20年,46,0,46,富邦-桃園,2024-03-19,9665
00679B,元大美債20年,55,12,43,富邦-桃園,2024-03-19,9665
00753L,中信中國50正2,53,12,41,富邦-桃園,2024-03-19,9665
00830,國泰費城半導體,62,22,40,富邦-桃園,2024-03-19,9665
3205,佰研,40,0,40,富邦-桃園,2024-03-19,9665
5533,皇鼎,40,0,40,富邦-桃園,2024-03-19,9665
8070,長華*,34,0,34,富邦-桃園,2024-03-19,9665
6462,神盾,51,19,32,富邦-桃園,2024-03-19,9665
3049,精金,30,0,30,富邦-桃園,2024-03-19,9665
00941,中信上游半導體,68,38,30,富邦-桃園,2024-03-19,9665
3050,鈺德,30,1,29,富邦-桃園,2024-03-19,9665
1616,億泰,42,14,28,富邦-桃園,2024-03-19,9665
2888,新光金,38,12,26,富邦-桃園,2024-03-19,9665
2211,長榮鋼,32,6,26,富邦-桃園,2024-03-19,9665
6176,瑞儀,43,19,24,富邦-桃園,2024-03-19,9665
2323,中環,27,3,24,富邦-桃園,2024-03-19,9665
2002,中鋼,24,1,23,富邦-桃園,2024-03-19,9665
3005,神基,69,48,21,富邦-桃園,2024-03-19,9665
00632R,元大台灣50反1,52,31,21,富邦-桃園,2024-03-19,9665
3094,聯傑,21,0,21,富邦-桃園,2024-03-19,9665
2542,興富發,23,2,21,富邦-桃園,2024-03-19,9665
2329,華泰,57,37,20,富邦-桃園,2024-03-19,9665
2496,卓越,20,1,19,富邦-桃園,2024-03-19,9665
6790,永豐實,19,0,19,富邦-桃園,2024-03-19,9665
3041,揚智,43,25,18,富邦-桃園,2024-03-19,9665
2449,京元電子,27,9,18,富邦-桃園,2024-03-19,9665
3583,辛耘,42,24,18,富邦-桃園,2024-03-19,9665
2105,正新,18,1,17,富邦-桃園,2024-03-19,9665
1101,台泥,57,40,17,富邦-桃園,2024-03-19,9665
2313,華通,34,17,17,富邦-桃園,2024-03-19,9665
9930,中聯資源,17,0,17,富邦-桃園,2024-03-19,9665
6505,台塑化,16,0,16,富邦-桃園,2024-03-19,9665
00939,統一台灣高息動能,2076,305,1771,富邦-桃園,2024-03-20,9665
00919,群益台灣精選高息,780,521,259,富邦-桃園,2024-03-20,9665
2317,鴻海,362,160,202,富邦-桃園,2024-03-20,9665
2618,長榮航,209,23,186,富邦-桃園,2024-03-20,9665
00688L,國泰20年美債正2,147,0,147,富邦-桃園,2024-03-20,9665
3231,緯創,198,63,135,富邦-桃園,2024-03-20,9665
2313,華通,165,43,122,富邦-桃園,2024-03-20,9665
5483,中美晶,128,20,108,富邦-桃園,2024-03-20,9665
1464,得力,100,0,100,富邦-桃園,2024-03-20,9665
00687B,國泰20年美債,115,15,100,富邦-桃園,2024-03-20,9665
1609,大亞,89,1,88,富邦-桃園,2024-03-20,9665
2352,佳世達,93,16,77,富邦-桃園,2024-03-20,9665
00929,復華台灣科技優息,177,100,77,富邦-桃園,2024-03-20,9665
00679B,元大美債20年,79,5,74,富邦-桃園,2024-03-20,9665
2108,南帝,72,0,72,富邦-桃園,2024-03-20,9665
6139,亞翔,56,5,51,富邦-桃園,2024-03-20,9665
00680L,元大美債20正2,90,40,50,富邦-桃園,2024-03-20,9665
2356,英業達,66,17,49,富邦-桃園,2024-03-20,9665
1301,台塑,46,0,46,富邦-桃園,2024-03-20,9665
00637L,元大滬深300正2,63,22,41,富邦-桃園,2024-03-20,9665
2002,中鋼,52,14,38,富邦-桃園,2024-03-20,9665
5880,合庫金,42,5,37,富邦-桃園,2024-03-20,9665
9958,世紀鋼,51,15,36,富邦-桃園,2024-03-20,9665
00878,國泰永續高股息,109,74,35,富邦-桃園,2024-03-20,9665
00632R,元大台灣50反1,54,19,35,富邦-桃園,2024-03-20,9665
2482,連宇,34,1,33,富邦-桃園,2024-03-20,9665
2880,華南金,32,0,32,富邦-桃園,2024-03-20,9665
00722B,群益投資級電信債,30,0,30,富邦-桃園,2024-03-20,9665
1584,精剛,30,0,30,富邦-桃園,2024-03-20,9665
6136,富爾特,30,0,30,富邦-桃園,2024-03-20,9665
2374,佳能,36,6,30,富邦-桃園,2024-03-20,9665
1513,中興電,47,17,30,富邦-桃園,2024-03-20,9665
2457,飛宏,26,0,26,富邦-桃園,2024-03-20,9665
6118,建達,26,0,26,富邦-桃園,2024-03-20,9665
6198,瑞築,26,0,26,富邦-桃園,2024-03-20,9665
2834,臺企銀,32,7,25,富邦-桃園,2024-03-20,9665
2812,台中銀,36,11,25,富邦-桃園,2024-03-20,9665
00857B,永豐20年美公債,31,6,25,富邦-桃園,2024-03-20,9665
2408,南亞科,25,1,24,富邦-桃園,2024-03-20,9665
2530,華建,24,0,24,富邦-桃園,2024-03-20,9665
00931B,統一美債20年,24,0,24,富邦-桃園,2024-03-20,9665
2371,大同,32,8,24,富邦-桃園,2024-03-20,9665
4945,陞達科技,25,1,24,富邦-桃園,2024-03-20,9665
0056,元大高股息,67,43,24,富邦-桃園,2024-03-20,9665
00933B,國泰10Y+金融債,34,11,23,富邦-桃園,2024-03-20,9665
00830,國泰費城半導體,26,3,23,富邦-桃園,2024-03-20,9665
2354,鴻準,118,96,22,富邦-桃園,2024-03-20,9665
2344,華邦電,27,6,21,富邦-桃園,2024-03-20,9665
3090,日電貿,21,0,21,富邦-桃園,2024-03-20,9665
3264,欣銓,42,21,21,富邦-桃園,2024-03-20,9665
00939,統一台灣高息動能,865,143,722,富邦-桃園,2024-03-21,9665
00632R,元大台灣50反1,718,250,468,富邦-桃園,2024-03-21,9665
00919,群益台灣精選高息,620,170,450,富邦-桃園,2024-03-21,9665
2317,鴻海,329,127,202,富邦-桃園,2024-03-21,9665
00720B,元大投資級公司債,185,1,184,富邦-桃園,2024-03-21,9665
00937B,群益ESG投等債20,195,25,170,富邦-桃園,2024-03-21,9665
3041,揚智,138,31,107,富邦-桃園,2024-03-21,9665
3703,欣陸,100,1,99,富邦-桃園,2024-03-21,9665
3231,緯創,126,28,98,富邦-桃園,2024-03-21,9665
1785,光洋科,147,54,93,富邦-桃園,2024-03-21,9665
2458,義隆,92,6,86,富邦-桃園,2024-03-21,9665
1504,東元,133,53,80,富邦-桃園,2024-03-21,9665
3033,威健,119,40,79,富邦-桃園,2024-03-21,9665
00679B,元大美債20年,79,1,78,富邦-桃園,2024-03-21,9665
00751B,元大AAA至A公司債,70,1,69,富邦-桃園,2024-03-21,9665
2515,中工,68,2,66,富邦-桃園,2024-03-21,9665
00687B,國泰20年美債,172,111,61,富邦-桃園,2024-03-21,9665
2809,京城銀,60,0,60,富邦-桃園,2024-03-21,9665
3006,晶豪科,96,36,60,富邦-桃園,2024-03-21,9665
00881,國泰台灣5G+,81,24,57,富邦-桃園,2024-03-21,9665
00929,復華台灣科技優息,159,105,54,富邦-桃園,2024-03-21,9665
2915,潤泰全,50,0,50,富邦-桃園,2024-03-21,9665
6139,亞翔,108,59,49,富邦-桃園,2024-03-21,9665
1464,得力,49,0,49,富邦-桃園,2024-03-21,9665
8234,新漢,55,7,48,富邦-桃園,2024-03-21,9665
00637L,元大滬深300正2,84,37,47,富邦-桃園,2024-03-21,9665
2880,華南金,53,9,44,富邦-桃園,2024-03-21,9665
00830,國泰費城半導體,45,1,44,富邦-桃園,2024-03-21,9665
2406,國碩,135,95,40,富邦-桃園,2024-03-21,9665
00857B,永豐20年美公債,39,0,39,富邦-桃園,2024-03-21,9665
4906,正文,36,0,36,富邦-桃園,2024-03-21,9665
00918,大華優利高填息30,43,7,36,富邦-桃園,2024-03-21,9665
2603,長榮,66,34,32,富邦-桃園,2024-03-21,9665
1815,富喬,36,5,31,富邦-桃園,2024-03-21,9665
6276,安鈦克,30,0,30,富邦-桃園,2024-03-21,9665
2208,台船,35,7,28,富邦-桃園,2024-03-21,9665
5347,世界,52,25,27,富邦-桃園,2024-03-21,9665
3498,陽程,33,7,26,富邦-桃園,2024-03-21,9665
2337,旺宏,31,5,26,富邦-桃園,2024-03-21,9665
2329,華泰,39,14,25,富邦-桃園,2024-03-21,9665
4303,信立,31,6,25,富邦-桃園,2024-03-21,9665
00633L,富邦上証正2,45,21,24,富邦-桃園,2024-03-21,9665
00706L,期元大S＆P日圓正2,25,2,23,富邦-桃園,2024-03-21,9665
00795B,中信美國公債20年,23,0,23,富邦-桃園,2024-03-21,9665
3081,聯亞,39,17,22,富邦-桃園,2024-03-21,9665
8936,國統,29,8,21,富邦-桃園,2024-03-21,9665
6470,宇智,21,0,21,富邦-桃園,2024-03-21,9665
1513,中興電,104,83,21,富邦-桃園,2024-03-21,9665
1447,力鵬,20,0,20,富邦-桃園,2024-03-21,9665
00708L,期元大S＆P黃金正2,20,0,20,富邦-桃園,2024-03-21,9665
00665L,富邦�琤肭磪囓�2,906,0,906,富邦-桃園,2024-03-22,9665
00939,統一台灣高息動能,417,130,287,富邦-桃園,2024-03-22,9665
2883,凱基金,226,12,214,富邦-桃園,2024-03-22,9665
2610,華航,215,9,206,富邦-桃園,2024-03-22,9665
00941,中信上游半導體,229,35,194,富邦-桃園,2024-03-22,9665
6284,佳邦,141,0,141,富邦-桃園,2024-03-22,9665
00753L,中信中國50正2,135,0,135,富邦-桃園,2024-03-22,9665
00937B,群益ESG投等債20,304,185,119,富邦-桃園,2024-03-22,9665
2344,華邦電,120,8,112,富邦-桃園,2024-03-22,9665
5347,世界,174,65,109,富邦-桃園,2024-03-22,9665
00650L,復華香港正2,157,50,107,富邦-桃園,2024-03-22,9665
2897,王道銀行,102,0,102,富邦-桃園,2024-03-22,9665
00929,復華台灣科技優息,319,217,102,富邦-桃園,2024-03-22,9665
00679B,元大美債20年,118,23,95,富邦-桃園,2024-03-22,9665
2317,鴻海,239,146,93,富邦-桃園,2024-03-22,9665
00931B,統一美債20年,86,0,86,富邦-桃園,2024-03-22,9665
00687B,國泰20年美債,95,21,74,富邦-桃園,2024-03-22,9665
1504,東元,112,40,72,富邦-桃園,2024-03-22,9665
2369,菱生,76,6,70,富邦-桃園,2024-03-22,9665
2515,中工,66,0,66,富邦-桃園,2024-03-22,9665
00720B,元大投資級公司債,67,2,65,富邦-桃園,2024-03-22,9665
2603,長榮,78,14,64,富邦-桃園,2024-03-22,9665
1799,易威,62,0,62,富邦-桃園,2024-03-22,9665
2332,友訊,55,0,55,富邦-桃園,2024-03-22,9665
8050,廣積,52,1,51,富邦-桃園,2024-03-22,9665
5469,瀚宇博,88,37,51,富邦-桃園,2024-03-22,9665
1605,華新,90,41,49,富邦-桃園,2024-03-22,9665
1101,台泥,42,1,41,富邦-桃園,2024-03-22,9665
3581,博磊,35,0,35,富邦-桃園,2024-03-22,9665
2353,宏��,183,148,35,富邦-桃園,2024-03-22,9665
8271,宇瞻,40,6,34,富邦-桃園,2024-03-22,9665
4746,台耀,34,1,33,富邦-桃園,2024-03-22,9665
3413,京鼎,32,0,32,富邦-桃園,2024-03-22,9665
00918,大華優利高填息30,63,32,31,富邦-桃園,2024-03-22,9665
00881,國泰台灣5G+,72,41,31,富邦-桃園,2024-03-22,9665
3005,神基,47,16,31,富邦-桃園,2024-03-22,9665
3205,佰研,28,0,28,富邦-桃園,2024-03-22,9665
3083,網龍,27,0,27,富邦-桃園,2024-03-22,9665
00915,凱基優選高股息30,26,1,25,富邦-桃園,2024-03-22,9665
6442,光聖,34,10,24,富邦-桃園,2024-03-22,9665
1524,耿鼎,25,1,24,富邦-桃園,2024-03-22,9665
6505,台塑化,22,0,22,富邦-桃園,2024-03-22,9665
2302,麗正,22,0,22,富邦-桃園,2024-03-22,9665
1589,永冠-KY,21,0,21,富邦-桃園,2024-03-22,9665
2371,大同,46,26,20,富邦-桃園,2024-03-22,9665
1618,合機,84,64,20,富邦-桃園,2024-03-22,9665
6116,彩晶,36,16,20,富邦-桃園,2024-03-22,9665
00907,永豐優息存股,20,0,20,富邦-桃園,2024-03-22,9665
2376,技嘉,60,40,20,富邦-桃園,2024-03-22,9665
1503,士電,81,62,19,富邦-桃園,2024-03-22,9665
00753L,中信中國50正2,604,1,603,富邦-桃園,2024-03-25,9665
00937B,群益ESG投等債20,564,5,559,富邦-桃園,2024-03-25,9665
2317,鴻海,304,77,227,富邦-桃園,2024-03-25,9665
00929,復華台灣科技優息,297,101,196,富邦-桃園,2024-03-25,9665
00939,統一台灣高息動能,272,91,181,富邦-桃園,2024-03-25,9665
00941,中信上游半導體,486,331,155,富邦-桃園,2024-03-25,9665
00931B,統一美債20年,141,0,141,富邦-桃園,2024-03-25,9665
2610,華航,227,90,137,富邦-桃園,2024-03-25,9665
00679B,元大美債20年,142,16,126,富邦-桃園,2024-03-25,9665
2313,華通,208,95,113,富邦-桃園,2024-03-25,9665
5603,陸海,110,0,110,富邦-桃園,2024-03-25,9665
00919,群益台灣精選高息,282,182,100,富邦-桃園,2024-03-25,9665
2367,燿華,321,230,91,富邦-桃園,2024-03-25,9665
6122,擎邦,100,10,90,富邦-桃園,2024-03-25,9665
2356,英業達,169,82,87,富邦-桃園,2024-03-25,9665
2618,長榮航,113,27,86,富邦-桃園,2024-03-25,9665
2464,盟立,99,29,70,富邦-桃園,2024-03-25,9665
00687B,國泰20年美債,135,65,70,富邦-桃園,2024-03-25,9665
00650L,復華香港正2,103,33,70,富邦-桃園,2024-03-25,9665
00751B,元大AAA至A公司債,67,3,64,富邦-桃園,2024-03-25,9665
2809,京城銀,63,1,62,富邦-桃園,2024-03-25,9665
3005,神基,69,9,60,富邦-桃園,2024-03-25,9665
6596,寬宏藝術,55,1,54,富邦-桃園,2024-03-25,9665
00676R,富邦臺灣加權反1,50,0,50,富邦-桃園,2024-03-25,9665
00878,國泰永續高股息,77,30,47,富邦-桃園,2024-03-25,9665
00885,富邦越南,67,20,47,富邦-桃園,2024-03-25,9665
00933B,國泰10Y+金融債,56,11,45,富邦-桃園,2024-03-25,9665
5452,佶優,45,2,43,富邦-桃園,2024-03-25,9665
5488,松普,43,1,42,富邦-桃園,2024-03-25,9665
2353,宏��,63,22,41,富邦-桃園,2024-03-25,9665
2406,國碩,46,8,38,富邦-桃園,2024-03-25,9665
2834,臺企銀,73,35,38,富邦-桃園,2024-03-25,9665
2371,大同,144,110,34,富邦-桃園,2024-03-25,9665
00935,野村臺灣新科技50,36,2,34,富邦-桃園,2024-03-25,9665
6257,矽格,35,3,32,富邦-桃園,2024-03-25,9665
8905,裕國,30,0,30,富邦-桃園,2024-03-25,9665
3058,立德,37,7,30,富邦-桃園,2024-03-25,9665
2888,新光金,103,74,29,富邦-桃園,2024-03-25,9665
3024,憶聲,31,3,28,富邦-桃園,2024-03-25,9665
9927,泰銘,26,0,26,富邦-桃園,2024-03-25,9665
2881,富邦金,26,1,25,富邦-桃園,2024-03-25,9665
0056,元大高股息,41,17,24,富邦-桃園,2024-03-25,9665
1612,宏泰,41,17,24,富邦-桃園,2024-03-25,9665
8033,雷虎,29,6,23,富邦-桃園,2024-03-25,9665
1799,易威,37,14,23,富邦-桃園,2024-03-25,9665
8996,高力,60,38,22,富邦-桃園,2024-03-25,9665
4305,世坤,21,0,21,富邦-桃園,2024-03-25,9665
3706,神達,41,21,20,富邦-桃園,2024-03-25,9665
2884,玉山金,27,6,21,富邦-桃園,2024-03-25,9665
5347,世界,40,20,20,富邦-桃園,2024-03-25,9665
00939,統一台灣高息動能,743,320,423,富邦-桃園,2024-03-26,9665
00919,群益台灣精選高息,810,396,414,富邦-桃園,2024-03-26,9665
00753L,中信中國50正2,227,0,227,富邦-桃園,2024-03-26,9665
00937B,群益ESG投等債20,200,54,146,富邦-桃園,2024-03-26,9665
00687B,國泰20年美債,101,0,101,富邦-桃園,2024-03-26,9665
00933B,國泰10Y+金融債,105,5,100,富邦-桃園,2024-03-26,9665
2313,華通,122,22,100,富邦-桃園,2024-03-26,9665
00679B,元大美債20年,105,6,99,富邦-桃園,2024-03-26,9665
00688L,國泰20年美債正2,95,0,95,富邦-桃園,2024-03-26,9665
3030,德律,94,0,94,富邦-桃園,2024-03-26,9665
2618,長榮航,85,1,84,富邦-桃園,2024-03-26,9665
00696B,富邦美債20年,82,2,80,富邦-桃園,2024-03-26,9665
6163,華電網,159,79,80,富邦-桃園,2024-03-26,9665
2610,華航,77,4,73,富邦-桃園,2024-03-26,9665
6284,佳邦,74,2,72,富邦-桃園,2024-03-26,9665
00680L,元大美債20正2,63,0,63,富邦-桃園,2024-03-26,9665
00632R,元大台灣50反1,117,57,60,富邦-桃園,2024-03-26,9665
3231,緯創,204,144,60,富邦-桃園,2024-03-26,9665
1444,力麗,101,44,57,富邦-桃園,2024-03-26,9665
6125,廣運,117,60,57,富邦-桃園,2024-03-26,9665
4906,正文,66,10,56,富邦-桃園,2024-03-26,9665
1447,力鵬,55,0,55,富邦-桃園,2024-03-26,9665
1612,宏泰,143,89,54,富邦-桃園,2024-03-26,9665
00650L,復華香港正2,290,240,50,富邦-桃園,2024-03-26,9665
2530,華建,48,0,48,富邦-桃園,2024-03-26,9665
2801,彰銀,48,4,44,富邦-桃園,2024-03-26,9665
6122,擎邦,55,11,44,富邦-桃園,2024-03-26,9665
1815,富喬,54,11,43,富邦-桃園,2024-03-26,9665
00720B,元大投資級公司債,44,1,43,富邦-桃園,2024-03-26,9665
2303,聯電,84,42,42,富邦-桃園,2024-03-26,9665
00857B,永豐20年美公債,47,7,40,富邦-桃園,2024-03-26,9665
8383,千附,40,0,40,富邦-桃園,2024-03-26,9665
2609,陽明,61,22,39,富邦-桃園,2024-03-26,9665
2880,華南金,41,2,39,富邦-桃園,2024-03-26,9665
2371,大同,226,191,35,富邦-桃園,2024-03-26,9665
2353,宏��,49,15,34,富邦-桃園,2024-03-26,9665
00915,凱基優選高股息30,41,9,32,富邦-桃園,2024-03-26,9665
8996,高力,81,49,32,富邦-桃園,2024-03-26,9665
2537,聯上發,56,26,30,富邦-桃園,2024-03-26,9665
6215,和椿,38,8,30,富邦-桃園,2024-03-26,9665
6596,寬宏藝術,30,0,30,富邦-桃園,2024-03-26,9665
2332,友訊,30,0,30,富邦-桃園,2024-03-26,9665
1342,八貫,27,0,27,富邦-桃園,2024-03-26,9665
0056,元大高股息,65,38,27,富邦-桃園,2024-03-26,9665
2002,中鋼,66,40,26,富邦-桃園,2024-03-26,9665
8054,安國,30,4,26,富邦-桃園,2024-03-26,9665
3059,華晶科,32,6,26,富邦-桃園,2024-03-26,9665
00905,FT臺灣Smart,26,0,26,富邦-桃園,2024-03-26,9665
2444,兆勁,25,0,25,富邦-桃園,2024-03-26,9665
4909,新復興,28,4,24,富邦-桃園,2024-03-26,9665
00939,統一台灣高息動能,290,130,160,富邦-桃園,2024-03-27,9665
00937B,群益ESG投等債20,180,36,144,富邦-桃園,2024-03-27,9665
2371,大同,295,165,130,富邦-桃園,2024-03-27,9665
3231,緯創,153,32,121,富邦-桃園,2024-03-27,9665
00632R,元大台灣50反1,130,18,112,富邦-桃園,2024-03-27,9665
00680L,元大美債20正2,101,15,86,富邦-桃園,2024-03-27,9665
2530,華建,75,10,65,富邦-桃園,2024-03-27,9665
00687B,國泰20年美債,71,7,64,富邦-桃園,2024-03-27,9665
6120,達運,63,0,63,富邦-桃園,2024-03-27,9665
3622,洋華,67,7,60,富邦-桃園,2024-03-27,9665
1513,中興電,112,55,57,富邦-桃園,2024-03-27,9665
00881,國泰台灣5G+,70,15,55,富邦-桃園,2024-03-27,9665
2006,東和鋼鐵,58,6,52,富邦-桃園,2024-03-27,9665
00941,中信上游半導體,74,25,49,富邦-桃園,2024-03-27,9665
2365,昆盈,50,5,45,富邦-桃園,2024-03-27,9665
00830,國泰費城半導體,40,1,39,富邦-桃園,2024-03-27,9665
1616,億泰,43,4,39,富邦-桃園,2024-03-27,9665
6163,華電網,85,46,39,富邦-桃園,2024-03-27,9665
00772B,中信高評級公司債,38,0,38,富邦-桃園,2024-03-27,9665
2303,聯電,41,4,37,富邦-桃園,2024-03-27,9665
2801,彰銀,37,0,37,富邦-桃園,2024-03-27,9665
3168,眾福科,38,1,37,富邦-桃園,2024-03-27,9665
6443,元晶,54,19,35,富邦-桃園,2024-03-27,9665
4533,協易機,66,34,32,富邦-桃園,2024-03-27,9665
6470,宇智,32,0,32,富邦-桃園,2024-03-27,9665
00936,台新永續高息中小,35,4,31,富邦-桃園,2024-03-27,9665
2888,新光金,33,3,30,富邦-桃園,2024-03-27,9665
00688L,國泰20年美債正2,30,0,30,富邦-桃園,2024-03-27,9665
1905,華紙,31,2,29,富邦-桃園,2024-03-27,9665
4909,新復興,30,2,28,富邦-桃園,2024-03-27,9665
2834,臺企銀,61,35,26,富邦-桃園,2024-03-27,9665
2329,華泰,45,21,24,富邦-桃園,2024-03-27,9665
3059,華晶科,24,0,24,富邦-桃園,2024-03-27,9665
2528,皇普,22,0,22,富邦-桃園,2024-03-27,9665
2630,亞航,48,26,22,富邦-桃園,2024-03-27,9665
5014,建錩,21,0,21,富邦-桃園,2024-03-27,9665
9958,世紀鋼,27,6,21,富邦-桃園,2024-03-27,9665
00720B,元大投資級公司債,20,0,20,富邦-桃園,2024-03-27,9665
2388,威盛,26,6,20,富邦-桃園,2024-03-27,9665
00673R,期元大S＆P原油反1,20,0,20,富邦-桃園,2024-03-27,9665
00931B,統一美債20年,20,0,20,富邦-桃園,2024-03-27,9665
00933B,國泰10Y+金融債,21,1,20,富邦-桃園,2024-03-27,9665
3030,德律,20,1,19,富邦-桃園,2024-03-27,9665
2382,廣達,27,9,18,富邦-桃園,2024-03-27,9665
2889,國票金,20,2,18,富邦-桃園,2024-03-27,9665
00795B,中信美國公債20年,18,0,18,富邦-桃園,2024-03-27,9665
3498,陽程,19,2,17,富邦-桃園,2024-03-27,9665
4906,正文,19,2,17,富邦-桃園,2024-03-27,9665
1447,力鵬,25,8,17,富邦-桃園,2024-03-27,9665
1444,力麗,17,0,17,富邦-桃園,2024-03-27,9665
00937B,群益ESG投等債20,570,21,549,富邦-桃園,2024-03-28,9665
00919,群益台灣精選高息,631,307,324,富邦-桃園,2024-03-28,9665
2883,凱基金,317,41,276,富邦-桃園,2024-03-28,9665
3168,眾福科,180,0,180,富邦-桃園,2024-03-28,9665
2530,華建,164,10,154,富邦-桃園,2024-03-28,9665
2328,廣宇,211,59,152,富邦-桃園,2024-03-28,9665
00939,統一台灣高息動能,161,12,149,富邦-桃園,2024-03-28,9665
3062,建漢,208,76,132,富邦-桃園,2024-03-28,9665
2618,長榮航,130,3,127,富邦-桃園,2024-03-28,9665
2610,華航,134,12,122,富邦-桃園,2024-03-28,9665
2354,鴻準,288,169,119,富邦-桃園,2024-03-28,9665
00885,富邦越南,173,71,102,富邦-桃園,2024-03-28,9665
1785,光洋科,118,16,102,富邦-桃園,2024-03-28,9665
00720B,元大投資級公司債,119,17,102,富邦-桃園,2024-03-28,9665
3050,鈺德,100,0,100,富邦-桃園,2024-03-28,9665
00650L,復華香港正2,148,68,80,富邦-桃園,2024-03-28,9665
2301,光寶科,95,16,79,富邦-桃園,2024-03-28,9665
1447,力鵬,76,0,76,富邦-桃園,2024-03-28,9665
2888,新光金,83,13,70,富邦-桃園,2024-03-28,9665
00941,中信上游半導體,93,36,57,富邦-桃園,2024-03-28,9665
3576,聯合再生,55,0,55,富邦-桃園,2024-03-28,9665
2006,東和鋼鐵,47,0,47,富邦-桃園,2024-03-28,9665
2313,華通,70,27,43,富邦-桃園,2024-03-28,9665
2885,元大金,37,5,32,富邦-桃園,2024-03-28,9665
6257,矽格,33,1,32,富邦-桃園,2024-03-28,9665
8092,建暐,42,11,31,富邦-桃園,2024-03-28,9665
00933B,國泰10Y+金融債,32,2,30,富邦-桃園,2024-03-28,9665
3030,德律,28,0,28,富邦-桃園,2024-03-28,9665
2102,泰豐,28,0,28,富邦-桃園,2024-03-28,9665
3044,健鼎,27,0,27,富邦-桃園,2024-03-28,9665
2801,彰銀,29,2,27,富邦-桃園,2024-03-28,9665
8936,國統,43,17,26,富邦-桃園,2024-03-28,9665
6122,擎邦,26,0,26,富邦-桃園,2024-03-28,9665
2330,台積電,30,4,26,富邦-桃園,2024-03-28,9665
3346,麗清,28,3,25,富邦-桃園,2024-03-28,9665
00830,國泰費城半導體,25,1,24,富邦-桃園,2024-03-28,9665
3374,精材,23,0,23,富邦-桃園,2024-03-28,9665
1303,南亞,21,0,21,富邦-桃園,2024-03-28,9665
3481,群創,52,31,21,富邦-桃園,2024-03-28,9665
2408,南亞科,33,12,21,富邦-桃園,2024-03-28,9665
2457,飛宏,45,24,21,富邦-桃園,2024-03-28,9665
5533,皇鼎,21,0,21,富邦-桃園,2024-03-28,9665
1314,中石化,25,5,20,富邦-桃園,2024-03-28,9665
8064,東捷,20,0,20,富邦-桃園,2024-03-28,9665
1217,愛之味,20,0,20,富邦-桃園,2024-03-28,9665
1612,宏泰,22,2,20,富邦-桃園,2024-03-28,9665
2388,威盛,23,4,19,富邦-桃園,2024-03-28,9665
3312,弘憶股,43,24,19,富邦-桃園,2024-03-28,9665
4714,永捷,78,60,18,富邦-桃園,2024-03-28,9665
3037,欣興,23,5,18,富邦-桃園,2024-03-28,9665
00937B,群益ESG投等債20,750,35,715,富邦-桃園,2024-03-29,9665
00632R,元大台灣50反1,417,0,417,富邦-桃園,2024-03-29,9665
2317,鴻海,370,133,237,富邦-桃園,2024-03-29,9665
2530,華建,232,42,190,富邦-桃園,2024-03-29,9665
00939,統一台灣高息動能,251,97,154,富邦-桃園,2024-03-29,9665
2371,大同,194,60,134,富邦-桃園,2024-03-29,9665
00941,中信上游半導體,139,25,114,富邦-桃園,2024-03-29,9665
6139,亞翔,139,35,104,富邦-桃園,2024-03-29,9665
6284,佳邦,96,2,94,富邦-桃園,2024-03-29,9665
00922,國泰台灣領袖50,83,4,79,富邦-桃園,2024-03-29,9665
00676R,富邦臺灣加權反1,70,0,70,富邦-桃園,2024-03-29,9665
1217,愛之味,64,0,64,富邦-桃園,2024-03-29,9665
1612,宏泰,80,17,63,富邦-桃園,2024-03-29,9665
1808,潤隆,58,4,54,富邦-桃園,2024-03-29,9665
6120,達運,74,23,51,富邦-桃園,2024-03-29,9665
00664R,國泰臺灣加權反1,50,0,50,富邦-桃園,2024-03-29,9665
2324,仁寶,57,12,45,富邦-桃園,2024-03-29,9665
6122,擎邦,49,9,40,富邦-桃園,2024-03-29,9665
2888,新光金,48,11,37,富邦-桃園,2024-03-29,9665
1584,精剛,36,2,34,富邦-桃園,2024-03-29,9665
00673R,期元大S＆P原油反1,44,10,34,富邦-桃園,2024-03-29,9665
2301,光寶科,53,20,33,富邦-桃園,2024-03-29,9665
2537,聯上發,37,5,32,富邦-桃園,2024-03-29,9665
6257,矽格,32,2,30,富邦-桃園,2024-03-29,9665
2609,陽明,33,4,29,富邦-桃園,2024-03-29,9665
3055,蔚華科,30,1,29,富邦-桃園,2024-03-29,9665
8033,雷虎,36,7,29,富邦-桃園,2024-03-29,9665
2354,鴻準,87,59,28,富邦-桃園,2024-03-29,9665
2468,華經,41,13,28,富邦-桃園,2024-03-29,9665
5386,青雲,32,5,27,富邦-桃園,2024-03-29,9665
2328,廣宇,35,10,25,富邦-桃園,2024-03-29,9665
3094,聯傑,25,0,25,富邦-桃園,2024-03-29,9665
00679B,元大美債20年,26,2,24,富邦-桃園,2024-03-29,9665
2915,潤泰全,22,0,22,富邦-桃園,2024-03-29,9665
5469,瀚宇博,29,8,21,富邦-桃園,2024-03-29,9665
2204,中華,21,0,21,富邦-桃園,2024-03-29,9665
5383,金利,20,0,20,富邦-桃園,2024-03-29,9665
00674R,期元大S＆P黃金反1,20,0,20,富邦-桃園,2024-03-29,9665
1536,和大,20,0,20,富邦-桃園,2024-03-29,9665
2303,聯電,96,76,20,富邦-桃園,2024-03-29,9665
3169,亞信,19,0,19,富邦-桃園,2024-03-29,9665
8054,安國,64,45,19,富邦-桃園,2024-03-29,9665
6443,元晶,38,19,19,富邦-桃園,2024-03-29,9665
00772B,中信高評級公司債,20,1,19,富邦-桃園,2024-03-29,9665
00915,凱基優選高股息30,23,5,18,富邦-桃園,2024-03-29,9665
3062,建漢,24,7,17,富邦-桃園,2024-03-29,9665
8121,越峰,17,0,17,富邦-桃園,2024-03-29,9665
1608,華榮,43,26,17,富邦-桃園,2024-03-29,9665
2355,敬鵬,17,1,16,富邦-桃園,2024-03-29,9665
00857B,永豐20年美公債,16,0,16,富邦-桃園,2024-03-29,9665
00940,元大台灣價值高息,8895,583,8312,富邦-桃園,2024-04-01,9665
00939,統一台灣高息動能,5465,173,5292,富邦-桃園,2024-04-01,9665
00937B,群益ESG投等債20,699,41,658,富邦-桃園,2024-04-01,9665
00919,群益台灣精選高息,399,55,344,富邦-桃園,2024-04-01,9665
00929,復華台灣科技優息,211,28,183,富邦-桃園,2024-04-01,9665
3231,緯創,134,13,121,富邦-桃園,2024-04-01,9665
2408,南亞科,121,17,104,富邦-桃園,2024-04-01,9665
2303,聯電,123,22,101,富邦-桃園,2024-04-01,9665
1305,華夏,100,1,99,富邦-桃園,2024-04-01,9665
2382,廣達,176,78,98,富邦-桃園,2024-04-01,9665
2356,英業達,156,63,93,富邦-桃園,2024-04-01,9665
3711,日月光投控,85,4,81,富邦-桃園,2024-04-01,9665
2340,台亞,82,4,78,富邦-桃園,2024-04-01,9665
3481,群創,87,10,77,富邦-桃園,2024-04-01,9665
00632R,元大台灣50反1,73,0,73,富邦-桃園,2024-04-01,9665
00941,中信上游半導體,77,11,66,富邦-桃園,2024-04-01,9665
1504,東元,83,18,65,富邦-桃園,2024-04-01,9665
2530,華建,65,0,65,富邦-桃園,2024-04-01,9665
2516,新建,55,0,55,富邦-桃園,2024-04-01,9665
6667,信紘科,65,11,54,富邦-桃園,2024-04-01,9665
4915,致伸,52,0,52,富邦-桃園,2024-04-01,9665
2369,菱生,66,15,51,富邦-桃園,2024-04-01,9665
2515,中工,63,13,50,富邦-桃園,2024-04-01,9665
3050,鈺德,50,0,50,富邦-桃園,2024-04-01,9665
3666,光耀,51,2,49,富邦-桃園,2024-04-01,9665
00881,國泰台灣5G+,72,23,49,富邦-桃園,2024-04-01,9665
4743,合一,51,5,46,富邦-桃園,2024-04-01,9665
00640L,富邦日本正2,43,0,43,富邦-桃園,2024-04-01,9665
00885,富邦越南,43,1,42,富邦-桃園,2024-04-01,9665
2855,統一證,44,3,41,富邦-桃園,2024-04-01,9665
1513,中興電,69,31,38,富邦-桃園,2024-04-01,9665
8033,雷虎,75,39,36,富邦-桃園,2024-04-01,9665
6279,胡連,40,5,35,富邦-桃園,2024-04-01,9665
2317,鴻海,110,80,30,富邦-桃園,2024-04-01,9665
2891,中信金,53,27,26,富邦-桃園,2024-04-01,9665
2897,王道銀行,30,5,25,富邦-桃園,2024-04-01,9665
00772B,中信高評級公司債,50,25,25,富邦-桃園,2024-04-01,9665
4303,信立,68,44,24,富邦-桃園,2024-04-01,9665
2610,華航,54,30,24,富邦-桃園,2024-04-01,9665
2481,強茂,25,2,23,富邦-桃園,2024-04-01,9665
1612,宏泰,34,11,23,富邦-桃園,2024-04-01,9665
6770,力積電,35,12,23,富邦-桃園,2024-04-01,9665
1815,富喬,59,37,22,富邦-桃園,2024-04-01,9665
00857B,永豐20年美公債,21,0,21,富邦-桃園,2024-04-01,9665
2352,佳世達,47,26,21,富邦-桃園,2024-04-01,9665
2392,正崴,30,10,20,富邦-桃園,2024-04-01,9665
00669R,國泰美國道瓊反1,20,0,20,富邦-桃園,2024-04-01,9665
6443,元晶,22,2,20,富邦-桃園,2024-04-01,9665
2884,玉山金,30,11,19,富邦-桃園,2024-04-01,9665
5371,中光電,24,5,19,富邦-桃園,2024-04-01,9665
00940,元大台灣價值高息,1681,527,1154,富邦-桃園,2024-04-02,9665
00632R,元大台灣50反1,995,66,929,富邦-桃園,2024-04-02,9665
00937B,群益ESG投等債20,798,21,777,富邦-桃園,2024-04-02,9665
00929,復華台灣科技優息,795,115,680,富邦-桃園,2024-04-02,9665
00680L,元大美債20正2,159,1,158,富邦-桃園,2024-04-02,9665
2618,長榮航,184,44,140,富邦-桃園,2024-04-02,9665
00688L,國泰20年美債正2,149,28,121,富邦-桃園,2024-04-02,9665
00679B,元大美債20年,129,16,113,富邦-桃園,2024-04-02,9665
00941,中信上游半導體,139,31,108,富邦-桃園,2024-04-02,9665
00687B,國泰20年美債,122,21,101,富邦-桃園,2024-04-02,9665
00751B,元大AAA至A公司債,85,0,85,富邦-桃園,2024-04-02,9665
1217,愛之味,80,0,80,富邦-桃園,2024-04-02,9665
00720B,元大投資級公司債,66,6,60,富邦-桃園,2024-04-02,9665
00733,富邦臺灣中小,54,1,53,富邦-桃園,2024-04-02,9665
00664R,國泰臺灣加權反1,50,0,50,富邦-桃園,2024-04-02,9665
00676R,富邦臺灣加權反1,50,0,50,富邦-桃園,2024-04-02,9665
00933B,國泰10Y+金融債,52,2,50,富邦-桃園,2024-04-02,9665
2367,燿華,74,26,48,富邦-桃園,2024-04-02,9665
6667,信紘科,58,13,45,富邦-桃園,2024-04-02,9665
4945,陞達科技,41,0,41,富邦-桃園,2024-04-02,9665
6505,台塑化,63,22,41,富邦-桃園,2024-04-02,9665
2641,正德,40,0,40,富邦-桃園,2024-04-02,9665
00671R,富邦NASDAQ反1,40,0,40,富邦-桃園,2024-04-02,9665
00922,國泰台灣領袖50,50,12,38,富邦-桃園,2024-04-02,9665
6015,宏遠證,38,0,38,富邦-桃園,2024-04-02,9665
2888,新光金,39,2,37,富邦-桃園,2024-04-02,9665
2329,華泰,41,4,37,富邦-桃園,2024-04-02,9665
3481,群創,55,19,36,富邦-桃園,2024-04-02,9665
00927,群益半導體收益,35,0,35,富邦-桃園,2024-04-02,9665
3666,光耀,88,54,34,富邦-桃園,2024-04-02,9665
3006,晶豪科,37,3,34,富邦-桃園,2024-04-02,9665
2344,華邦電,50,17,33,富邦-桃園,2024-04-02,9665
6668,中揚光,55,24,31,富邦-桃園,2024-04-02,9665
1717,長興,37,6,31,富邦-桃園,2024-04-02,9665
3706,神達,33,3,30,富邦-桃園,2024-04-02,9665
2838,聯邦銀,30,0,30,富邦-桃園,2024-04-02,9665
00696B,富邦美債20年,29,0,29,富邦-桃園,2024-04-02,9665
2371,大同,216,189,27,富邦-桃園,2024-04-02,9665
2634,漢翔,32,6,26,富邦-桃園,2024-04-02,9665
1612,宏泰,28,2,26,富邦-桃園,2024-04-02,9665
9955,佳龍,25,0,25,富邦-桃園,2024-04-02,9665
00939,統一台灣高息動能,64,40,24,富邦-桃園,2024-04-02,9665
2603,長榮,49,25,24,富邦-桃園,2024-04-02,9665
6139,亞翔,62,39,23,富邦-桃園,2024-04-02,9665
6202,盛群,24,1,23,富邦-桃園,2024-04-02,9665
1522,堤維西,36,14,22,富邦-桃園,2024-04-02,9665
2801,彰銀,22,0,22,富邦-桃園,2024-04-02,9665
1815,富喬,42,21,21,富邦-桃園,2024-04-02,9665
3058,立德,25,4,21,富邦-桃園,2024-04-02,9665
3294,英濟,24,3,21,富邦-桃園,2024-04-02,9665
00680L,元大美債20正2,692,10,682,富邦-桃園,2024-04-03,9665
00940,元大台灣價值高息,965,533,432,富邦-桃園,2024-04-03,9665
3481,群創,476,63,413,富邦-桃園,2024-04-03,9665
00665L,富邦�琤肭磪囓�2,329,0,329,富邦-桃園,2024-04-03,9665
00937B,群益ESG投等債20,348,19,329,富邦-桃園,2024-04-03,9665
2371,大同,312,41,271,富邦-桃園,2024-04-03,9665
00650L,復華香港正2,262,0,262,富邦-桃園,2024-04-03,9665
00929,復華台灣科技優息,252,9,243,富邦-桃園,2024-04-03,9665
00679B,元大美債20年,243,6,237,富邦-桃園,2024-04-03,9665
00687B,國泰20年美債,223,3,220,富邦-桃園,2024-04-03,9665
6122,擎邦,217,2,215,富邦-桃園,2024-04-03,9665
00688L,國泰20年美債正2,319,120,199,富邦-桃園,2024-04-03,9665
4958,臻鼎-KY,123,12,111,富邦-桃園,2024-04-03,9665
00632R,元大台灣50反1,120,11,109,富邦-桃園,2024-04-03,9665
00857B,永豐20年美公債,102,1,101,富邦-桃園,2024-04-03,9665
2382,廣達,97,22,75,富邦-桃園,2024-04-03,9665
2486,一詮,323,251,72,富邦-桃園,2024-04-03,9665
2388,威盛,81,9,72,富邦-桃園,2024-04-03,9665
2618,長榮航,64,4,60,富邦-桃園,2024-04-03,9665
1217,愛之味,60,0,60,富邦-桃園,2024-04-03,9665
00941,中信上游半導體,76,17,59,富邦-桃園,2024-04-03,9665
1802,台玻,60,2,58,富邦-桃園,2024-04-03,9665
2317,鴻海,187,129,58,富邦-桃園,2024-04-03,9665
2888,新光金,58,1,57,富邦-桃園,2024-04-03,9665
6234,高僑,62,10,52,富邦-桃園,2024-04-03,9665
2515,中工,159,107,52,富邦-桃園,2024-04-03,9665
00830,國泰費城半導體,49,0,49,富邦-桃園,2024-04-03,9665
6548,長科*,51,5,46,富邦-桃園,2024-04-03,9665
00933B,國泰10Y+金融債,55,10,45,富邦-桃園,2024-04-03,9665
00696B,富邦美債20年,44,0,44,富邦-桃園,2024-04-03,9665
8064,東捷,57,16,41,富邦-桃園,2024-04-03,9665
1447,力鵬,71,30,41,富邦-桃園,2024-04-03,9665
6770,力積電,43,4,39,富邦-桃園,2024-04-03,9665
2231,為升,36,0,36,富邦-桃園,2024-04-03,9665
00720B,元大投資級公司債,34,0,34,富邦-桃園,2024-04-03,9665
2406,國碩,32,0,32,富邦-桃園,2024-04-03,9665
00909,國泰數位支付服務,31,0,31,富邦-桃園,2024-04-03,9665
00795B,中信美國公債20年,30,0,30,富邦-桃園,2024-04-03,9665
2002,中鋼,37,7,30,富邦-桃園,2024-04-03,9665
0056,元大高股息,38,9,29,富邦-桃園,2024-04-03,9665
5443,均豪,120,90,30,富邦-桃園,2024-04-03,9665
2881,富邦金,30,2,28,富邦-桃園,2024-04-03,9665
00751B,元大AAA至A公司債,29,2,27,富邦-桃園,2024-04-03,9665
2354,鴻準,48,21,27,富邦-桃園,2024-04-03,9665
2367,燿華,37,12,25,富邦-桃園,2024-04-03,9665
3437,榮創,24,0,24,富邦-桃園,2024-04-03,9665
9958,世紀鋼,50,27,23,富邦-桃園,2024-04-03,9665
9944,新麗,23,0,23,富邦-桃園,2024-04-03,9665
3030,德律,23,0,23,富邦-桃園,2024-04-03,9665
2409,友達,59,37,22,富邦-桃園,2024-04-03,9665
00940,元大台灣價值高息,3687,170,3517,富邦-桃園,2024-04-08,9665
00665L,富邦�琤肭磪囓�2,1024,415,609,富邦-桃園,2024-04-08,9665
00680L,元大美債20正2,524,174,350,富邦-桃園,2024-04-08,9665
00679B,元大美債20年,237,5,232,富邦-桃園,2024-04-08,9665
00687B,國泰20年美債,252,52,200,富邦-桃園,2024-04-08,9665
00753L,中信中國50正2,200,0,200,富邦-桃園,2024-04-08,9665
00929,復華台灣科技優息,368,194,174,富邦-桃園,2024-04-08,9665
00919,群益台灣精選高息,189,40,149,富邦-桃園,2024-04-08,9665
00632R,元大台灣50反1,247,100,147,富邦-桃園,2024-04-08,9665
2888,新光金,167,50,117,富邦-桃園,2024-04-08,9665
00937B,群益ESG投等債20,202,98,104,富邦-桃園,2024-04-08,9665
2897,王道銀行,100,0,100,富邦-桃園,2024-04-08,9665
3058,立德,100,13,87,富邦-桃園,2024-04-08,9665
2374,佳能,144,60,84,富邦-桃園,2024-04-08,9665
2356,英業達,105,24,81,富邦-桃園,2024-04-08,9665
00939,統一台灣高息動能,87,10,77,富邦-桃園,2024-04-08,9665
2618,長榮航,105,31,74,富邦-桃園,2024-04-08,9665
00922,國泰台灣領袖50,70,1,69,富邦-桃園,2024-04-08,9665
00673R,期元大S＆P原油反1,66,0,66,富邦-桃園,2024-04-08,9665
3030,德律,66,1,65,富邦-桃園,2024-04-08,9665
00733,富邦臺灣中小,64,0,64,富邦-桃園,2024-04-08,9665
00751B,元大AAA至A公司債,63,0,63,富邦-桃園,2024-04-08,9665
6284,佳邦,62,0,62,富邦-桃園,2024-04-08,9665
3050,鈺德,60,0,60,富邦-桃園,2024-04-08,9665
1609,大亞,88,30,58,富邦-桃園,2024-04-08,9665
00933B,國泰10Y+金融債,68,10,58,富邦-桃園,2024-04-08,9665
8234,新漢,66,15,51,富邦-桃園,2024-04-08,9665
6120,達運,58,7,51,富邦-桃園,2024-04-08,9665
5443,均豪,88,38,50,富邦-桃園,2024-04-08,9665
1785,光洋科,47,0,47,富邦-桃園,2024-04-08,9665
9944,新麗,47,0,47,富邦-桃園,2024-04-08,9665
5521,工信,64,20,44,富邦-桃園,2024-04-08,9665
2903,遠百,49,5,44,富邦-桃園,2024-04-08,9665
6187,萬潤,44,3,41,富邦-桃園,2024-04-08,9665
2495,普安,41,0,41,富邦-桃園,2024-04-08,9665
00878,國泰永續高股息,71,30,41,富邦-桃園,2024-04-08,9665
00893,國泰智能電動車,45,5,40,富邦-桃園,2024-04-08,9665
1342,八貫,37,0,37,富邦-桃園,2024-04-08,9665
4532,瑞智,35,1,34,富邦-桃園,2024-04-08,9665
00881,國泰台灣5G+,60,29,31,富邦-桃園,2024-04-08,9665
1736,喬山,30,0,30,富邦-桃園,2024-04-08,9665
8210,勤誠,31,2,29,富邦-桃園,2024-04-08,9665
00795B,中信美國公債20年,31,2,29,富邦-桃園,2024-04-08,9665
2367,燿華,61,33,28,富邦-桃園,2024-04-08,9665
2834,臺企銀,33,6,27,富邦-桃園,2024-04-08,9665
00725B,國泰投資級公司債,29,3,26,富邦-桃園,2024-04-08,9665
2610,華航,92,66,26,富邦-桃園,2024-04-08,9665
2359,所羅門,45,20,25,富邦-桃園,2024-04-08,9665
2516,新建,32,7,25,富邦-桃園,2024-04-08,9665
6532,瑞耘,25,0,25,富邦-桃園,2024-04-08,9665
00632R,元大台灣50反1,686,336,350,富邦-桃園,2024-04-09,9665
00929,復華台灣科技優息,291,7,284,富邦-桃園,2024-04-09,9665
00665L,富邦�琤肭磪囓�2,950,701,249,富邦-桃園,2024-04-09,9665
1504,東元,255,19,236,富邦-桃園,2024-04-09,9665
3260,威剛,214,21,193,富邦-桃園,2024-04-09,9665
00885,富邦越南,164,10,154,富邦-桃園,2024-04-09,9665
6548,長科*,152,1,151,富邦-桃園,2024-04-09,9665
2637,慧洋-KY,117,14,103,富邦-桃園,2024-04-09,9665
00937B,群益ESG投等債20,155,53,102,富邦-桃園,2024-04-09,9665
3231,緯創,182,87,95,富邦-桃園,2024-04-09,9665
6284,佳邦,87,2,85,富邦-桃園,2024-04-09,9665
5521,工信,80,0,80,富邦-桃園,2024-04-09,9665
2515,中工,181,108,73,富邦-桃園,2024-04-09,9665
3015,全漢,64,2,62,富邦-桃園,2024-04-09,9665
2388,威盛,71,9,62,富邦-桃園,2024-04-09,9665
00679B,元大美債20年,62,1,61,富邦-桃園,2024-04-09,9665
00940,元大台灣價值高息,357,297,60,富邦-桃園,2024-04-09,9665
2634,漢翔,209,150,59,富邦-桃園,2024-04-09,9665
4533,協易機,75,16,59,富邦-桃園,2024-04-09,9665
1463,強盛新,60,1,59,富邦-桃園,2024-04-09,9665
6188,廣明,77,19,58,富邦-桃園,2024-04-09,9665
2365,昆盈,60,12,48,富邦-桃園,2024-04-09,9665
5533,皇鼎,46,1,45,富邦-桃園,2024-04-09,9665
5443,均豪,101,57,44,富邦-桃園,2024-04-09,9665
8011,台通,48,5,43,富邦-桃園,2024-04-09,9665
00733,富邦臺灣中小,45,4,41,富邦-桃園,2024-04-09,9665
00941,中信上游半導體,46,5,41,富邦-桃園,2024-04-09,9665
2332,友訊,40,0,40,富邦-桃園,2024-04-09,9665
00922,國泰台灣領袖50,50,11,39,富邦-桃園,2024-04-09,9665
2501,國建,38,2,36,富邦-桃園,2024-04-09,9665
2201,裕隆,43,8,35,富邦-桃園,2024-04-09,9665
6603,富強鑫,54,19,35,富邦-桃園,2024-04-09,9665
6187,萬潤,39,6,33,富邦-桃園,2024-04-09,9665
6470,宇智,33,0,33,富邦-桃園,2024-04-09,9665
2313,華通,78,46,32,富邦-桃園,2024-04-09,9665
2329,華泰,39,8,31,富邦-桃園,2024-04-09,9665
2101,南港,32,1,31,富邦-桃園,2024-04-09,9665
00751B,元大AAA至A公司債,31,2,29,富邦-桃園,2024-04-09,9665
2883,凱基金,85,56,29,富邦-桃園,2024-04-09,9665
2528,皇普,29,0,29,富邦-桃園,2024-04-09,9665
2641,正德,23,0,23,富邦-桃園,2024-04-09,9665
3346,麗清,28,5,23,富邦-桃園,2024-04-09,9665
6189,豐藝,29,6,23,富邦-桃園,2024-04-09,9665
00881,國泰台灣5G+,36,14,22,富邦-桃園,2024-04-09,9665
2606,裕民,29,8,21,富邦-桃園,2024-04-09,9665
1342,八貫,21,0,21,富邦-桃園,2024-04-09,9665
9944,新麗,20,0,20,富邦-桃園,2024-04-09,9665
3059,華晶科,22,3,19,富邦-桃園,2024-04-09,9665
4147,中裕,24,5,19,富邦-桃園,2024-04-09,9665
00633L,富邦上証正2,41,24,17,富邦-桃園,2024-04-09,9665
6282,康舒,201,6,195,富邦-桃園,2024-04-10,9665
1504,東元,166,20,146,富邦-桃園,2024-04-10,9665
00937B,群益ESG投等債20,182,45,137,富邦-桃園,2024-04-10,9665
6213,聯茂,187,102,85,富邦-桃園,2024-04-10,9665
1604,聲寶,76,0,76,富邦-桃園,2024-04-10,9665
1513,中興電,134,66,68,富邦-桃園,2024-04-10,9665
2371,大同,94,27,67,富邦-桃園,2024-04-10,9665
2382,廣達,77,13,64,富邦-桃園,2024-04-10,9665
2888,新光金,83,20,63,富邦-桃園,2024-04-10,9665
5371,中光電,103,44,59,富邦-桃園,2024-04-10,9665
00679B,元大美債20年,61,6,55,富邦-桃園,2024-04-10,9665
6125,廣運,71,18,53,富邦-桃園,2024-04-10,9665
2014,中鴻,64,11,53,富邦-桃園,2024-04-10,9665
00751B,元大AAA至A公司債,50,0,50,富邦-桃園,2024-04-10,9665
6215,和椿,69,21,48,富邦-桃園,2024-04-10,9665
3481,群創,86,39,47,富邦-桃園,2024-04-10,9665
2464,盟立,78,31,47,富邦-桃園,2024-04-10,9665
2537,聯上發,72,28,44,富邦-桃園,2024-04-10,9665
00830,國泰費城半導體,43,0,43,富邦-桃園,2024-04-10,9665
2897,王道銀行,42,0,42,富邦-桃園,2024-04-10,9665
5340,建榮,51,9,42,富邦-桃園,2024-04-10,9665
2388,威盛,52,13,39,富邦-桃園,2024-04-10,9665
2528,皇普,42,4,38,富邦-桃園,2024-04-10,9665
1503,士電,83,47,36,富邦-桃園,2024-04-10,9665
1734,杏輝,35,0,35,富邦-桃園,2024-04-10,9665
5356,協益,51,16,35,富邦-桃園,2024-04-10,9665
8358,金居,38,4,34,富邦-桃園,2024-04-10,9665
00720B,元大投資級公司債,34,0,34,富邦-桃園,2024-04-10,9665
1314,中石化,41,9,32,富邦-桃園,2024-04-10,9665
00676R,富邦臺灣加權反1,30,0,30,富邦-桃園,2024-04-10,9665
1608,華榮,100,70,30,富邦-桃園,2024-04-10,9665
00637L,元大滬深300正2,30,0,30,富邦-桃園,2024-04-10,9665
1108,幸福,28,0,28,富邦-桃園,2024-04-10,9665
00733,富邦臺灣中小,31,3,28,富邦-桃園,2024-04-10,9665
00941,中信上游半導體,27,0,27,富邦-桃園,2024-04-10,9665
3312,弘憶股,27,1,26,富邦-桃園,2024-04-10,9665
2421,建準,29,3,26,富邦-桃園,2024-04-10,9665
00673R,期元大S＆P原油反1,25,0,25,富邦-桃園,2024-04-10,9665
6588,東典光電,25,0,25,富邦-桃園,2024-04-10,9665
6274,台燿,39,14,25,富邦-桃園,2024-04-10,9665
2913,農林,37,12,25,富邦-桃園,2024-04-10,9665
5488,松普,23,0,23,富邦-桃園,2024-04-10,9665
2885,元大金,35,13,22,富邦-桃園,2024-04-10,9665
5533,皇鼎,21,0,21,富邦-桃園,2024-04-10,9665
3715,定穎投控,28,8,20,富邦-桃園,2024-04-10,9665
2367,燿華,51,30,21,富邦-桃園,2024-04-10,9665
2101,南港,20,0,20,富邦-桃園,2024-04-10,9665
8085,福華,30,10,20,富邦-桃園,2024-04-10,9665
8110,華東,44,24,20,富邦-桃園,2024-04-10,9665
2208,台船,35,15,20,富邦-桃園,2024-04-10,9665
00937B,群益ESG投等債20,287,24,263,富邦-桃園,2024-04-11,9665
00665L,富邦�琤肭磪囓�2,1526,1300,226,富邦-桃園,2024-04-11,9665
00680L,元大美債20正2,224,10,214,富邦-桃園,2024-04-11,9665
3481,群創,535,339,196,富邦-桃園,2024-04-11,9665
00929,復華台灣科技優息,233,42,191,富邦-桃園,2024-04-11,9665
00679B,元大美債20年,206,24,182,富邦-桃園,2024-04-11,9665
00688L,國泰20年美債正2,148,1,147,富邦-桃園,2024-04-11,9665
2609,陽明,164,20,144,富邦-桃園,2024-04-11,9665
00712,復華富時不動產,154,31,123,富邦-桃園,2024-04-11,9665
00751B,元大AAA至A公司債,137,26,111,富邦-桃園,2024-04-11,9665
00919,群益台灣精選高息,119,18,101,富邦-桃園,2024-04-11,9665
00940,元大台灣價值高息,176,75,101,富邦-桃園,2024-04-11,9665
00687B,國泰20年美債,222,123,99,富邦-桃園,2024-04-11,9665
2371,大同,159,62,97,富邦-桃園,2024-04-11,9665
3013,晟銘電,137,55,82,富邦-桃園,2024-04-11,9665
2607,榮運,73,0,73,富邦-桃園,2024-04-11,9665
00857B,永豐20年美公債,71,0,71,富邦-桃園,2024-04-11,9665
2355,敬鵬,94,25,69,富邦-桃園,2024-04-11,9665
3576,聯合再生,84,19,65,富邦-桃園,2024-04-11,9665
1316,上曜,68,4,64,富邦-桃園,2024-04-11,9665
2881,富邦金,63,0,63,富邦-桃園,2024-04-11,9665
2409,友達,63,1,62,富邦-桃園,2024-04-11,9665
3060,銘異,81,20,61,富邦-桃園,2024-04-11,9665
3052,夆典,61,0,61,富邦-桃園,2024-04-11,9665
3231,緯創,95,34,61,富邦-桃園,2024-04-11,9665
00933B,國泰10Y+金融債,88,30,58,富邦-桃園,2024-04-11,9665
9958,世紀鋼,64,6,58,富邦-桃園,2024-04-11,9665
3260,威剛,71,15,56,富邦-桃園,2024-04-11,9665
4306,炎洲,56,1,55,富邦-桃園,2024-04-11,9665
9910,豐泰,50,0,50,富邦-桃園,2024-04-11,9665
1517,利奇,50,0,50,富邦-桃園,2024-04-11,9665
00676R,富邦臺灣加權反1,50,0,50,富邦-桃園,2024-04-11,9665
2520,冠德,53,3,50,富邦-桃園,2024-04-11,9665
0056,元大高股息,54,8,46,富邦-桃園,2024-04-11,9665
8054,安國,56,12,44,富邦-桃園,2024-04-11,9665
3714,富采,49,6,43,富邦-桃園,2024-04-11,9665
00720B,元大投資級公司債,58,16,42,富邦-桃園,2024-04-11,9665
00795B,中信美國公債20年,41,0,41,富邦-桃園,2024-04-11,9665
6770,力積電,35,0,35,富邦-桃園,2024-04-11,9665
6016,康和證,35,1,34,富邦-桃園,2024-04-11,9665
2515,中工,51,18,33,富邦-桃園,2024-04-11,9665
2419,仲琦,43,10,33,富邦-桃園,2024-04-11,9665
2303,聯電,53,23,30,富邦-桃園,2024-04-11,9665
6244,茂迪,30,0,30,富邦-桃園,2024-04-11,9665
1452,宏益,30,0,30,富邦-桃園,2024-04-11,9665
2313,華通,43,13,30,富邦-桃園,2024-04-11,9665
1514,亞力,146,120,26,富邦-桃園,2024-04-11,9665
2353,宏��,150,126,24,富邦-桃園,2024-04-11,9665
3363,上詮,32,8,24,富邦-桃園,2024-04-11,9665
3059,華晶科,25,2,23,富邦-桃園,2024-04-11,9665
00665L,富邦�琤肭磪囓�2,1652,93,1559,富邦-桃園,2024-04-12,9665
00680L,元大美債20正2,246,5,241,富邦-桃園,2024-04-12,9665
2353,宏��,536,353,183,富邦-桃園,2024-04-12,9665
00687B,國泰20年美債,147,4,143,富邦-桃園,2024-04-12,9665
2382,廣達,111,10,101,富邦-桃園,2024-04-12,9665
4533,協易機,130,38,92,富邦-桃園,2024-04-12,9665
00688L,國泰20年美債正2,85,0,85,富邦-桃園,2024-04-12,9665
00929,復華台灣科技優息,230,145,85,富邦-桃園,2024-04-12,9665
2352,佳世達,91,7,84,富邦-桃園,2024-04-12,9665
3294,英濟,86,8,78,富邦-桃園,2024-04-12,9665
2329,華泰,90,15,75,富邦-桃園,2024-04-12,9665
00931B,統一美債20年,84,17,67,富邦-桃園,2024-04-12,9665
3094,聯傑,67,0,67,富邦-桃園,2024-04-12,9665
00919,群益台灣精選高息,87,23,64,富邦-桃園,2024-04-12,9665
0056,元大高股息,72,14,58,富邦-桃園,2024-04-12,9665
00878,國泰永續高股息,101,44,57,富邦-桃園,2024-04-12,9665
3715,定穎投控,65,9,56,富邦-桃園,2024-04-12,9665
00637L,元大滬深300正2,54,0,54,富邦-桃園,2024-04-12,9665
3576,聯合再生,55,2,53,富邦-桃園,2024-04-12,9665
3060,銘異,82,31,51,富邦-桃園,2024-04-12,9665
00795B,中信美國公債20年,96,45,51,富邦-桃園,2024-04-12,9665
2881,富邦金,71,21,50,富邦-桃園,2024-04-12,9665
3168,眾福科,61,11,50,富邦-桃園,2024-04-12,9665
1529,樂事綠能,54,4,50,富邦-桃園,2024-04-12,9665
6770,力積電,50,3,47,富邦-桃園,2024-04-12,9665
3231,緯創,65,24,41,富邦-桃園,2024-04-12,9665
4906,正文,40,0,40,富邦-桃園,2024-04-12,9665
00720B,元大投資級公司債,38,0,38,富邦-桃園,2024-04-12,9665
2427,三商電,39,1,38,富邦-桃園,2024-04-12,9665
00937B,群益ESG投等債20,203,167,36,富邦-桃園,2024-04-12,9665
2515,中工,41,5,36,富邦-桃園,2024-04-12,9665
3489,森寶,35,0,35,富邦-桃園,2024-04-12,9665
1603,華電,55,21,34,富邦-桃園,2024-04-12,9665
2834,臺企銀,35,1,34,富邦-桃園,2024-04-12,9665
8996,高力,34,1,33,富邦-桃園,2024-04-12,9665
2002,中鋼,41,10,31,富邦-桃園,2024-04-12,9665
00679B,元大美債20年,56,25,31,富邦-桃園,2024-04-12,9665
00671R,富邦NASDAQ反1,30,0,30,富邦-桃園,2024-04-12,9665
2618,長榮航,117,89,28,富邦-桃園,2024-04-12,9665
2374,佳能,70,43,27,富邦-桃園,2024-04-12,9665
1316,上曜,28,2,26,富邦-桃園,2024-04-12,9665
00753L,中信中國50正2,25,0,25,富邦-桃園,2024-04-12,9665
2888,新光金,25,1,24,富邦-桃園,2024-04-12,9665
2313,華通,98,74,24,富邦-桃園,2024-04-12,9665
2883,凱基金,35,12,23,富邦-桃園,2024-04-12,9665
4306,炎洲,23,0,23,富邦-桃園,2024-04-12,9665
2913,農林,22,0,22,富邦-桃園,2024-04-12,9665
00733,富邦臺灣中小,22,0,22,富邦-桃園,2024-04-12,9665
8936,國統,37,17,20,富邦-桃園,2024-04-12,9665
1734,杏輝,20,0,20,富邦-桃園,2024-04-12,9665
00939,統一台灣高息動能,1612,6,1606,富邦-桃園,2024-04-15,9665
00632R,元大台灣50反1,1047,71,976,富邦-桃園,2024-04-15,9665
00929,復華台灣科技優息,886,136,750,富邦-桃園,2024-04-15,9665
00937B,群益ESG投等債20,437,20,417,富邦-桃園,2024-04-15,9665
00940,元大台灣價值高息,331,80,251,富邦-桃園,2024-04-15,9665
2547,日勝生,254,4,250,富邦-桃園,2024-04-15,9665
0056,元大高股息,160,20,140,富邦-桃園,2024-04-15,9665
3060,銘異,156,19,137,富邦-桃園,2024-04-15,9665
2367,燿華,236,99,137,富邦-桃園,2024-04-15,9665
00941,中信上游半導體,118,1,117,富邦-桃園,2024-04-15,9665
5371,中光電,144,33,111,富邦-桃園,2024-04-15,9665
00927,群益半導體收益,126,21,105,富邦-桃園,2024-04-15,9665
9105,泰金寶-DR,100,0,100,富邦-桃園,2024-04-15,9665
2371,大同,368,270,98,富邦-桃園,2024-04-15,9665
2867,三商壽,130,49,81,富邦-桃園,2024-04-15,9665
6284,佳邦,80,0,80,富邦-桃園,2024-04-15,9665
00753L,中信中國50正2,76,0,76,富邦-桃園,2024-04-15,9665
00878,國泰永續高股息,106,35,71,富邦-桃園,2024-04-15,9665
2618,長榮航,123,54,69,富邦-桃園,2024-04-15,9665
00933B,國泰10Y+金融債,69,3,66,富邦-桃園,2024-04-15,9665
1513,中興電,187,125,62,富邦-桃園,2024-04-15,9665
2382,廣達,79,19,60,富邦-桃園,2024-04-15,9665
2344,華邦電,72,14,58,富邦-桃園,2024-04-15,9665
3030,德律,58,0,58,富邦-桃園,2024-04-15,9665
2374,佳能,152,100,52,富邦-桃園,2024-04-15,9665
2883,凱基金,58,7,51,富邦-桃園,2024-04-15,9665
00881,國泰台灣5G+,52,2,50,富邦-桃園,2024-04-15,9665
6120,達運,55,6,49,富邦-桃園,2024-04-15,9665
00650L,復華香港正2,45,0,45,富邦-桃園,2024-04-15,9665
00712,復華富時不動產,64,20,44,富邦-桃園,2024-04-15,9665
1608,華榮,229,186,43,富邦-桃園,2024-04-15,9665
3707,漢磊,46,3,43,富邦-桃園,2024-04-15,9665
00919,群益台灣精選高息,157,116,41,富邦-桃園,2024-04-15,9665
2913,農林,40,0,40,富邦-桃園,2024-04-15,9665
3037,欣興,55,17,38,富邦-桃園,2024-04-15,9665
8358,金居,37,0,37,富邦-桃園,2024-04-15,9665
6165,浪凡,37,0,37,富邦-桃園,2024-04-15,9665
3715,定穎投控,39,3,36,富邦-桃園,2024-04-15,9665
2353,宏��,69,34,35,富邦-桃園,2024-04-15,9665
2356,英業達,45,12,33,富邦-桃園,2024-04-15,9665
00720B,元大投資級公司債,40,7,33,富邦-桃園,2024-04-15,9665
00922,國泰台灣領袖50,38,6,32,富邦-桃園,2024-04-15,9665
5347,世界,31,0,31,富邦-桃園,2024-04-15,9665
1612,宏泰,72,42,30,富邦-桃園,2024-04-15,9665
00830,國泰費城半導體,31,1,30,富邦-桃園,2024-04-15,9665
2534,宏盛,30,0,30,富邦-桃園,2024-04-15,9665
1604,聲寶,30,0,30,富邦-桃園,2024-04-15,9665
2834,臺企銀,29,0,29,富邦-桃園,2024-04-15,9665
6770,力積電,32,3,29,富邦-桃園,2024-04-15,9665
2408,南亞科,33,6,27,富邦-桃園,2024-04-15,9665
00940,元大台灣價值高息,1847,180,1667,富邦-桃園,2024-04-16,9665
00929,復華台灣科技優息,1101,100,1001,富邦-桃園,2024-04-16,9665
00939,統一台灣高息動能,772,37,735,富邦-桃園,2024-04-16,9665
00919,群益台灣精選高息,762,127,635,富邦-桃園,2024-04-16,9665
00937B,群益ESG投等債20,699,223,476,富邦-桃園,2024-04-16,9665
00650L,復華香港正2,409,18,391,富邦-桃園,2024-04-16,9665
0056,元大高股息,254,31,223,富邦-桃園,2024-04-16,9665
1101,台泥,252,61,191,富邦-桃園,2024-04-16,9665
2618,長榮航,229,44,185,富邦-桃園,2024-04-16,9665
00679B,元大美債20年,264,94,170,富邦-桃園,2024-04-16,9665
00878,國泰永續高股息,298,139,159,富邦-桃園,2024-04-16,9665
00941,中信上游半導體,177,20,157,富邦-桃園,2024-04-16,9665
2897,王道銀行,146,0,146,富邦-桃園,2024-04-16,9665
2888,新光金,192,69,123,富邦-桃園,2024-04-16,9665
2317,鴻海,272,153,119,富邦-桃園,2024-04-16,9665
00933B,國泰10Y+金融債,138,25,113,富邦-桃園,2024-04-16,9665
2884,玉山金,115,7,108,富邦-桃園,2024-04-16,9665
2303,聯電,135,29,106,富邦-桃園,2024-04-16,9665
6188,廣明,106,3,103,富邦-桃園,2024-04-16,9665
9105,泰金寶-DR,102,5,97,富邦-桃園,2024-04-16,9665
3481,群創,138,43,95,富邦-桃園,2024-04-16,9665
00753L,中信中國50正2,125,35,90,富邦-桃園,2024-04-16,9665
3030,德律,91,4,87,富邦-桃園,2024-04-16,9665
2834,臺企銀,103,17,86,富邦-桃園,2024-04-16,9665
00720B,元大投資級公司債,81,4,77,富邦-桃園,2024-04-16,9665
00927,群益半導體收益,77,4,73,富邦-桃園,2024-04-16,9665
2409,友達,77,7,70,富邦-桃園,2024-04-16,9665
2344,華邦電,83,16,67,富邦-桃園,2024-04-16,9665
00712,復華富時不動產,91,25,66,富邦-桃園,2024-04-16,9665
6284,佳邦,71,11,60,富邦-桃園,2024-04-16,9665
00687B,國泰20年美債,82,22,60,富邦-桃園,2024-04-16,9665
2382,廣達,94,36,58,富邦-桃園,2024-04-16,9665
2887,台新金,56,3,53,富邦-桃園,2024-04-16,9665
1609,大亞,253,200,53,富邦-桃園,2024-04-16,9665
4114,健喬,51,0,51,富邦-桃園,2024-04-16,9665
1605,華新,95,47,48,富邦-桃園,2024-04-16,9665
3522,御嵿,55,8,47,富邦-桃園,2024-04-16,9665
2371,大同,187,142,45,富邦-桃園,2024-04-16,9665
2015,豐興,43,0,43,富邦-桃園,2024-04-16,9665
00918,大華優利高填息30,51,8,43,富邦-桃園,2024-04-16,9665
6770,力積電,46,3,43,富邦-桃園,2024-04-16,9665
00751B,元大AAA至A公司債,50,9,41,富邦-桃園,2024-04-16,9665
5880,合庫金,43,2,41,富邦-桃園,2024-04-16,9665
00891,中信關鍵半導體,39,1,38,富邦-桃園,2024-04-16,9665
2881,富邦金,39,1,38,富邦-桃園,2024-04-16,9665
00885,富邦越南,69,32,37,富邦-桃園,2024-04-16,9665
3059,華晶科,42,6,36,富邦-桃園,2024-04-16,9665
6290,良維,69,34,35,富邦-桃園,2024-04-16,9665
2330,台積電,43,9,34,富邦-桃園,2024-04-16,9665
2633,台灣高鐵,34,0,34,富邦-桃園,2024-04-16,9665
00665L,富邦�琤肭磪囓�2,337,0,337,富邦-桃園,2024-04-17,9665
00937B,群益ESG投等債20,341,15,326,富邦-桃園,2024-04-17,9665
3231,緯創,361,68,293,富邦-桃園,2024-04-17,9665
00929,復華台灣科技優息,314,22,292,富邦-桃園,2024-04-17,9665
0056,元大高股息,225,11,214,富邦-桃園,2024-04-17,9665
00940,元大台灣價值高息,275,76,199,富邦-桃園,2024-04-17,9665
00919,群益台灣精選高息,188,49,139,富邦-桃園,2024-04-17,9665
2618,長榮航,136,0,136,富邦-桃園,2024-04-17,9665
00933B,國泰10Y+金融債,146,12,134,富邦-桃園,2024-04-17,9665
00712,復華富時不動產,134,20,114,富邦-桃園,2024-04-17,9665
00857B,永豐20年美公債,114,3,111,富邦-桃園,2024-04-17,9665
2888,新光金,114,5,109,富邦-桃園,2024-04-17,9665
00687B,國泰20年美債,143,35,108,富邦-桃園,2024-04-17,9665
1605,華新,206,111,95,富邦-桃園,2024-04-17,9665
00905,FT臺灣Smart,104,11,93,富邦-桃園,2024-04-17,9665
00688L,國泰20年美債正2,94,8,86,富邦-桃園,2024-04-17,9665
2406,國碩,104,21,83,富邦-桃園,2024-04-17,9665
00679B,元大美債20年,119,50,69,富邦-桃園,2024-04-17,9665
3030,德律,61,3,58,富邦-桃園,2024-04-17,9665
2009,第一銅,92,38,54,富邦-桃園,2024-04-17,9665
4526,東台,81,28,53,富邦-桃園,2024-04-17,9665
2353,宏��,83,32,51,富邦-桃園,2024-04-17,9665
00878,國泰永續高股息,86,34,52,富邦-桃園,2024-04-17,9665
2401,凌陽,68,17,51,富邦-桃園,2024-04-17,9665
00753L,中信中國50正2,51,0,51,富邦-桃園,2024-04-17,9665
00720B,元大投資級公司債,80,31,49,富邦-桃園,2024-04-17,9665
1532,勤美,43,0,43,富邦-桃園,2024-04-17,9665
6412,群電,41,0,41,富邦-桃園,2024-04-17,9665
00751B,元大AAA至A公司債,41,0,41,富邦-桃園,2024-04-17,9665
9958,世紀鋼,55,15,40,富邦-桃園,2024-04-17,9665
00941,中信上游半導體,36,0,36,富邦-桃園,2024-04-17,9665
5508,永信建,34,2,32,富邦-桃園,2024-04-17,9665
3489,森寶,32,1,31,富邦-桃園,2024-04-17,9665
2348,海悅,34,4,30,富邦-桃園,2024-04-17,9665
1101,台泥,41,11,30,富邦-桃園,2024-04-17,9665
1810,和成,108,79,29,富邦-桃園,2024-04-17,9665
2887,台新金,32,3,29,富邦-桃園,2024-04-17,9665
3587,閎康,116,88,28,富邦-桃園,2024-04-17,9665
3413,京鼎,30,5,25,富邦-桃園,2024-04-17,9665
2889,國票金,23,0,23,富邦-桃園,2024-04-17,9665
2382,廣達,50,27,23,富邦-桃園,2024-04-17,9665
2611,志信,26,3,23,富邦-桃園,2024-04-17,9665
2303,聯電,56,34,22,富邦-桃園,2024-04-17,9665
4956,光鋐,22,0,22,富邦-桃園,2024-04-17,9665
00923,群益台ESG低碳50,22,0,22,富邦-桃園,2024-04-17,9665
2883,凱基金,21,0,21,富邦-桃園,2024-04-17,9665
2486,一詮,33,13,20,富邦-桃園,2024-04-17,9665
6546,正基,18,0,18,富邦-桃園,2024-04-17,9665
5608,四維航,18,0,18,富邦-桃園,2024-04-17,9665
00927,群益半導體收益,19,1,18,富邦-桃園,2024-04-17,9665
00937B,群益ESG投等債20,259,0,259,富邦-桃園,2024-04-18,9665
2630,亞航,350,126,224,富邦-桃園,2024-04-18,9665
00929,復華台灣科技優息,355,137,218,富邦-桃園,2024-04-18,9665
00942B,台新美A公司債20+,231,20,211,富邦-桃園,2024-04-18,9665
2371,大同,502,306,196,富邦-桃園,2024-04-18,9665
3707,漢磊,261,71,190,富邦-桃園,2024-04-18,9665
4306,炎洲,157,0,157,富邦-桃園,2024-04-18,9665
0056,元大高股息,152,7,145,富邦-桃園,2024-04-18,9665
1314,中石化,146,7,139,富邦-桃園,2024-04-18,9665
3231,緯創,171,54,117,富邦-桃園,2024-04-18,9665
1605,華新,224,130,94,富邦-桃園,2024-04-18,9665
4956,光鋐,83,3,80,富邦-桃園,2024-04-18,9665
00919,群益台灣精選高息,113,41,72,富邦-桃園,2024-04-18,9665
00941,中信上游半導體,88,20,68,富邦-桃園,2024-04-18,9665
00922,國泰台灣領袖50,70,4,66,富邦-桃園,2024-04-18,9665
00881,國泰台灣5G+,60,2,58,富邦-桃園,2024-04-18,9665
00715L,期街口布蘭特正2,61,3,58,富邦-桃園,2024-04-18,9665
00878,國泰永續高股息,78,23,55,富邦-桃園,2024-04-18,9665
2329,華泰,111,63,48,富邦-桃園,2024-04-18,9665
9910,豐泰,48,1,47,富邦-桃園,2024-04-18,9665
3413,京鼎,46,0,46,富邦-桃園,2024-04-18,9665
3030,德律,45,0,45,富邦-桃園,2024-04-18,9665
00633L,富邦上証正2,68,25,43,富邦-桃園,2024-04-18,9665
00712,復華富時不動產,42,0,42,富邦-桃園,2024-04-18,9665
9105,泰金寶-DR,50,8,42,富邦-桃園,2024-04-18,9665
00885,富邦越南,42,2,40,富邦-桃園,2024-04-18,9665
2303,聯電,44,6,38,富邦-桃園,2024-04-18,9665
1513,中興電,139,104,35,富邦-桃園,2024-04-18,9665
8383,千附,42,7,35,富邦-桃園,2024-04-18,9665
2504,國產,75,41,34,富邦-桃園,2024-04-18,9665
2363,矽統,88,55,33,富邦-桃園,2024-04-18,9665
00687B,國泰20年美債,35,2,33,富邦-桃園,2024-04-18,9665
1504,東元,83,51,32,富邦-桃園,2024-04-18,9665
00927,群益半導體收益,31,0,31,富邦-桃園,2024-04-18,9665
2887,台新金,30,0,30,富邦-桃園,2024-04-18,9665
8147,正淩,30,0,30,富邦-桃園,2024-04-18,9665
3715,定穎投控,30,1,29,富邦-桃園,2024-04-18,9665
3481,群創,88,60,28,富邦-桃園,2024-04-18,9665
4919,新唐,31,3,28,富邦-桃園,2024-04-18,9665
2027,大成鋼,71,44,27,富邦-桃園,2024-04-18,9665
2889,國票金,27,0,27,富邦-桃園,2024-04-18,9665
8054,安國,132,105,27,富邦-桃園,2024-04-18,9665
1815,富喬,36,10,26,富邦-桃園,2024-04-18,9665
8936,國統,140,114,26,富邦-桃園,2024-04-18,9665
8926,台汽電,38,12,26,富邦-桃園,2024-04-18,9665
3703,欣陸,36,10,26,富邦-桃園,2024-04-18,9665
00650L,復華香港正2,25,0,25,富邦-桃園,2024-04-18,9665
9933,中鼎,38,13,25,富邦-桃園,2024-04-18,9665
2382,廣達,31,8,23,富邦-桃園,2024-04-18,9665
3296,勝德,20,0,20,富邦-桃園,2024-04-18,9665
00929,復華台灣科技優息,1277,411,866,富邦-桃園,2024-04-19,9665
00632R,元大台灣50反1,1056,373,683,富邦-桃園,2024-04-19,9665
00940,元大台灣價值高息,1083,477,606,富邦-桃園,2024-04-19,9665
00919,群益台灣精選高息,565,147,418,富邦-桃園,2024-04-19,9665
0056,元大高股息,333,50,283,富邦-桃園,2024-04-19,9665
00937B,群益ESG投等債20,230,45,185,富邦-桃園,2024-04-19,9665
2330,台積電,203,40,163,富邦-桃園,2024-04-19,9665
00878,國泰永續高股息,303,149,154,富邦-桃園,2024-04-19,9665
00939,統一台灣高息動能,238,88,150,富邦-桃園,2024-04-19,9665
2888,新光金,149,5,144,富邦-桃園,2024-04-19,9665
00679B,元大美債20年,196,52,144,富邦-桃園,2024-04-19,9665
2610,華航,160,33,127,富邦-桃園,2024-04-19,9665
2303,聯電,178,51,127,富邦-桃園,2024-04-19,9665
8033,雷虎,154,30,124,富邦-桃園,2024-04-19,9665
1609,大亞,697,591,106,富邦-桃園,2024-04-19,9665
00941,中信上游半導體,128,25,103,富邦-桃園,2024-04-19,9665
8936,國統,191,92,99,富邦-桃園,2024-04-19,9665
2313,華通,119,31,88,富邦-桃園,2024-04-19,9665
00942B,台新美A公司債20+,150,65,85,富邦-桃園,2024-04-19,9665
006208,富邦台50,105,21,84,富邦-桃園,2024-04-19,9665
2634,漢翔,104,32,72,富邦-桃園,2024-04-19,9665
2101,南港,95,26,69,富邦-桃園,2024-04-19,9665
2537,聯上發,62,2,60,富邦-桃園,2024-04-19,9665
9105,泰金寶-DR,60,0,60,富邦-桃園,2024-04-19,9665
2506,太設,71,12,59,富邦-桃園,2024-04-19,9665
4114,健喬,58,0,58,富邦-桃園,2024-04-19,9665
1612,宏泰,118,64,54,富邦-桃園,2024-04-19,9665
1717,長興,52,0,52,富邦-桃園,2024-04-19,9665
1815,富喬,56,5,51,富邦-桃園,2024-04-19,9665
2485,兆赫,50,0,50,富邦-桃園,2024-04-19,9665
2887,台新金,95,45,50,富邦-桃園,2024-04-19,9665
1603,華電,109,59,50,富邦-桃園,2024-04-19,9665
1608,華榮,325,279,46,富邦-桃園,2024-04-19,9665
00857B,永豐20年美公債,56,10,46,富邦-桃園,2024-04-19,9665
00675L,富邦臺灣加權正2,59,15,44,富邦-桃園,2024-04-19,9665
2002,中鋼,47,4,43,富邦-桃園,2024-04-19,9665
4167,松瑞藥,43,1,42,富邦-桃園,2024-04-19,9665
0050,元大台灣50,58,17,41,富邦-桃園,2024-04-19,9665
5512,力麒,116,75,41,富邦-桃園,2024-04-19,9665
3030,德律,42,1,41,富邦-桃園,2024-04-19,9665
2367,燿華,76,35,41,富邦-桃園,2024-04-19,9665
5347,世界,45,5,40,富邦-桃園,2024-04-19,9665
00885,富邦越南,40,1,39,富邦-桃園,2024-04-19,9665
1611,中電,95,56,39,富邦-桃園,2024-04-19,9665
2427,三商電,47,9,38,富邦-桃園,2024-04-19,9665
5880,合庫金,37,0,37,富邦-桃園,2024-04-19,9665
8147,正淩,38,1,37,富邦-桃園,2024-04-19,9665
2605,新興,59,24,35,富邦-桃園,2024-04-19,9665
00923,群益台ESG低碳50,40,5,35,富邦-桃園,2024-04-19,9665
2408,南亞科,40,6,34,富邦-桃園,2024-04-19,9665
00929,復華台灣科技優息,1070,145,925,富邦-桃園,2024-04-22,9665
00937B,群益ESG投等債20,581,120,461,富邦-桃園,2024-04-22,9665
00940,元大台灣價值高息,482,95,387,富邦-桃園,2024-04-22,9665
2303,聯電,292,6,286,富邦-桃園,2024-04-22,9665
2313,華通,253,21,232,富邦-桃園,2024-04-22,9665
00885,富邦越南,158,5,153,富邦-桃園,2024-04-22,9665
2506,太設,151,10,141,富邦-桃園,2024-04-22,9665
3231,緯創,202,80,122,富邦-桃園,2024-04-22,9665
2405,輔信,111,1,110,富邦-桃園,2024-04-22,9665
2547,日勝生,124,19,105,富邦-桃園,2024-04-22,9665
2543,皇昌,198,106,92,富邦-桃園,2024-04-22,9665
2371,大同,488,399,89,富邦-桃園,2024-04-22,9665
00939,統一台灣高息動能,152,80,72,富邦-桃園,2024-04-22,9665
3686,達能,70,1,69,富邦-桃園,2024-04-22,9665
9930,中聯資源,66,2,64,富邦-桃園,2024-04-22,9665
4114,健喬,61,1,60,富邦-桃園,2024-04-22,9665
3030,德律,60,0,60,富邦-桃園,2024-04-22,9665
00933B,國泰10Y+金融債,67,10,57,富邦-桃園,2024-04-22,9665
0056,元大高股息,82,29,53,富邦-桃園,2024-04-22,9665
1612,宏泰,127,77,50,富邦-桃園,2024-04-22,9665
2330,台積電,58,8,50,富邦-桃園,2024-04-22,9665
3703,欣陸,81,33,48,富邦-桃園,2024-04-22,9665
2485,兆赫,50,2,48,富邦-桃園,2024-04-22,9665
5531,鄉林,45,0,45,富邦-桃園,2024-04-22,9665
2329,華泰,103,58,45,富邦-桃園,2024-04-22,9665
2834,臺企銀,80,36,44,富邦-桃園,2024-04-22,9665
2610,華航,87,44,43,富邦-桃園,2024-04-22,9665
8070,長華*,43,0,43,富邦-桃園,2024-04-22,9665
1608,華榮,105,65,40,富邦-桃園,2024-04-22,9665
00795B,中信美國公債20年,40,0,40,富邦-桃園,2024-04-22,9665
00637L,元大滬深300正2,52,12,40,富邦-桃園,2024-04-22,9665
2356,英業達,67,28,39,富邦-桃園,2024-04-22,9665
00733,富邦臺灣中小,43,4,39,富邦-桃園,2024-04-22,9665
00680L,元大美債20正2,38,0,38,富邦-桃園,2024-04-22,9665
3006,晶豪科,43,6,37,富邦-桃園,2024-04-22,9665
8936,國統,78,41,37,富邦-桃園,2024-04-22,9665
3062,建漢,37,1,36,富邦-桃園,2024-04-22,9665
1616,億泰,60,25,35,富邦-桃園,2024-04-22,9665
6216,居易,30,0,30,富邦-桃園,2024-04-22,9665
3081,聯亞,29,1,28,富邦-桃園,2024-04-22,9665
00665L,富邦�琤肭磪囓�2,250,222,28,富邦-桃園,2024-04-22,9665
2382,廣達,43,15,28,富邦-桃園,2024-04-22,9665
5512,力麒,44,19,25,富邦-桃園,2024-04-22,9665
3715,定穎投控,26,1,25,富邦-桃園,2024-04-22,9665
9958,世紀鋼,30,5,25,富邦-桃園,2024-04-22,9665
00941,中信上游半導體,37,13,24,富邦-桃園,2024-04-22,9665
00687B,國泰20年美債,37,14,23,富邦-桃園,2024-04-22,9665
6125,廣運,48,25,23,富邦-桃園,2024-04-22,9665
3450,聯鈞,31,8,23,富邦-桃園,2024-04-22,9665
2605,新興,42,19,23,富邦-桃園,2024-04-22,9665
2610,華航,603,103,500,富邦-桃園,2024-04-23,9665
00637L,元大滬深300正2,425,2,423,富邦-桃園,2024-04-23,9665
00919,群益台灣精選高息,437,64,373,富邦-桃園,2024-04-23,9665
00929,復華台灣科技優息,264,27,237,富邦-桃園,2024-04-23,9665
00940,元大台灣價值高息,218,74,144,富邦-桃園,2024-04-23,9665
3231,緯創,198,78,120,富邦-桃園,2024-04-23,9665
00751B,元大AAA至A公司債,107,8,99,富邦-桃園,2024-04-23,9665
00878,國泰永續高股息,104,6,98,富邦-桃園,2024-04-23,9665
2303,聯電,108,17,91,富邦-桃園,2024-04-23,9665
00650L,復華香港正2,92,5,87,富邦-桃園,2024-04-23,9665
2515,中工,122,43,79,富邦-桃園,2024-04-23,9665
5009,榮剛,85,10,75,富邦-桃園,2024-04-23,9665
0056,元大高股息,61,7,54,富邦-桃園,2024-04-23,9665
00939,統一台灣高息動能,54,6,48,富邦-桃園,2024-04-23,9665
2367,燿華,64,18,46,富邦-桃園,2024-04-23,9665
2317,鴻海,72,29,43,富邦-桃園,2024-04-23,9665
1440,南紡,47,5,42,富邦-桃園,2024-04-23,9665
2547,日勝生,56,15,41,富邦-桃園,2024-04-23,9665
1337,再生-KY,40,0,40,富邦-桃園,2024-04-23,9665
2801,彰銀,39,1,38,富邦-桃園,2024-04-23,9665
00632R,元大台灣50反1,37,2,35,富邦-桃園,2024-04-23,9665
3041,揚智,35,0,35,富邦-桃園,2024-04-23,9665
2506,太設,59,26,33,富邦-桃園,2024-04-23,9665
2440,太空梭,30,0,30,富邦-桃園,2024-04-23,9665
2851,中再保,31,1,30,富邦-桃園,2024-04-23,9665
00937B,群益ESG投等債20,43,14,29,富邦-桃園,2024-04-23,9665
2371,大同,251,226,25,富邦-桃園,2024-04-23,9665
6770,力積電,24,0,24,富邦-桃園,2024-04-23,9665
4726,永昕,52,28,24,富邦-桃園,2024-04-23,9665
2887,台新金,24,1,23,富邦-桃園,2024-04-23,9665
2889,國票金,24,2,22,富邦-桃園,2024-04-23,9665
8070,長華*,21,0,21,富邦-桃園,2024-04-23,9665
1304,台聚,20,0,20,富邦-桃園,2024-04-23,9665
1909,榮成,20,0,20,富邦-桃園,2024-04-23,9665
1101,台泥,19,0,19,富邦-桃園,2024-04-23,9665
3024,憶聲,71,52,19,富邦-桃園,2024-04-23,9665
2313,華通,40,21,19,富邦-桃園,2024-04-23,9665
8054,安國,79,61,18,富邦-桃園,2024-04-23,9665
2520,冠德,24,7,17,富邦-桃園,2024-04-23,9665
00941,中信上游半導體,16,0,16,富邦-桃園,2024-04-23,9665
3036,文曄,23,7,16,富邦-桃園,2024-04-23,9665
5371,中光電,16,0,16,富邦-桃園,2024-04-23,9665
4909,新復興,21,5,16,富邦-桃園,2024-04-23,9665
1314,中石化,103,88,15,富邦-桃園,2024-04-23,9665
2427,三商電,18,3,15,富邦-桃園,2024-04-23,9665
00915,凱基優選高股息30,15,1,14,富邦-桃園,2024-04-23,9665
00857B,永豐20年美公債,13,0,13,富邦-桃園,2024-04-23,9665
2337,旺宏,15,2,13,富邦-桃園,2024-04-23,9665
5347,世界,13,1,12,富邦-桃園,2024-04-23,9665
5531,鄉林,12,0,12,富邦-桃園,2024-04-23,9665
00753L,中信中國50正2,998,193,805,富邦-桃園,2024-04-24,9665
00937B,群益ESG投等債20,245,17,228,富邦-桃園,2024-04-24,9665
00918,大華優利高填息30,180,2,178,富邦-桃園,2024-04-24,9665
00679B,元大美債20年,132,3,129,富邦-桃園,2024-04-24,9665
00929,復華台灣科技優息,204,89,115,富邦-桃園,2024-04-24,9665
00687B,國泰20年美債,97,0,97,富邦-桃園,2024-04-24,9665
3481,群創,121,33,88,富邦-桃園,2024-04-24,9665
2313,華通,115,28,87,富邦-桃園,2024-04-24,9665
00933B,國泰10Y+金融債,82,2,80,富邦-桃園,2024-04-24,9665
5508,永信建,73,11,62,富邦-桃園,2024-04-24,9665
1409,新纖,59,0,59,富邦-桃園,2024-04-24,9665
00941,中信上游半導體,54,1,53,富邦-桃園,2024-04-24,9665
2348,海悅,51,1,50,富邦-桃園,2024-04-24,9665
00878,國泰永續高股息,55,6,49,富邦-桃園,2024-04-24,9665
2515,中工,81,33,48,富邦-桃園,2024-04-24,9665
00922,國泰台灣領袖50,50,2,48,富邦-桃園,2024-04-24,9665
2886,兆豐金,53,6,47,富邦-桃園,2024-04-24,9665
00939,統一台灣高息動能,49,2,47,富邦-桃園,2024-04-24,9665
00664R,國泰臺灣加權反1,46,0,46,富邦-桃園,2024-04-24,9665
2014,中鴻,47,3,44,富邦-桃園,2024-04-24,9665
2867,三商壽,41,1,40,富邦-桃園,2024-04-24,9665
1612,宏泰,98,61,37,富邦-桃園,2024-04-24,9665
3231,緯創,124,89,35,富邦-桃園,2024-04-24,9665
00722B,群益投資級電信債,30,0,30,富邦-桃園,2024-04-24,9665
1434,福懋,29,0,29,富邦-桃園,2024-04-24,9665
3666,光耀,31,2,29,富邦-桃園,2024-04-24,9665
5533,皇鼎,33,4,29,富邦-桃園,2024-04-24,9665
6125,廣運,158,129,29,富邦-桃園,2024-04-24,9665
00931B,統一美債20年,29,1,28,富邦-桃園,2024-04-24,9665
1101,台泥,32,5,27,富邦-桃園,2024-04-24,9665
4562,穎漢,23,0,23,富邦-桃園,2024-04-24,9665
2405,輔信,23,0,23,富邦-桃園,2024-04-24,9665
5230,雷笛克光學,31,10,21,富邦-桃園,2024-04-24,9665
3312,弘憶股,26,6,20,富邦-桃園,2024-04-24,9665
2254,巨鎧精密-創,20,0,20,富邦-桃園,2024-04-24,9665
00924,復華S＆P500成長,20,0,20,富邦-桃園,2024-04-24,9665
4543,萬在,20,0,20,富邦-桃園,2024-04-24,9665
1467,南緯,20,0,20,富邦-桃園,2024-04-24,9665
2903,遠百,28,8,20,富邦-桃園,2024-04-24,9665
2528,皇普,29,10,19,富邦-桃園,2024-04-24,9665
00940,元大台灣價值高息,94,76,18,富邦-桃園,2024-04-24,9665
6215,和椿,32,14,18,富邦-桃園,2024-04-24,9665
3703,欣陸,90,72,18,富邦-桃園,2024-04-24,9665
8011,台通,50,32,18,富邦-桃園,2024-04-24,9665
2548,華固,22,4,18,富邦-桃園,2024-04-24,9665
2368,金像電,30,14,16,富邦-桃園,2024-04-24,9665
1504,東元,19,3,16,富邦-桃園,2024-04-24,9665
3230,錦明,15,0,15,富邦-桃園,2024-04-24,9665
2887,台新金,16,1,15,富邦-桃園,2024-04-24,9665
00936,台新永續高息中小,22,7,15,富邦-桃園,2024-04-24,9665
2409,友達,578,14,564,富邦-桃園,2024-04-25,9665
00937B,群益ESG投等債20,560,4,556,富邦-桃園,2024-04-25,9665
2618,長榮航,469,237,232,富邦-桃園,2024-04-25,9665
00919,群益台灣精選高息,168,2,166,富邦-桃園,2024-04-25,9665
00687B,國泰20年美債,181,24,157,富邦-桃園,2024-04-25,9665
2317,鴻海,212,67,145,富邦-桃園,2024-04-25,9665
00940,元大台灣價值高息,183,38,145,富邦-桃園,2024-04-25,9665
2515,中工,284,163,121,富邦-桃園,2024-04-25,9665
00933B,國泰10Y+金融債,118,1,117,富邦-桃園,2024-04-25,9665
00665L,富邦�琤肭磪囓�2,131,31,100,富邦-桃園,2024-04-25,9665
00929,復華台灣科技優息,211,116,95,富邦-桃園,2024-04-25,9665
00679B,元大美債20年,79,0,79,富邦-桃園,2024-04-25,9665
00878,國泰永續高股息,74,8,66,富邦-桃園,2024-04-25,9665
2405,輔信,62,0,62,富邦-桃園,2024-04-25,9665
2888,新光金,62,0,62,富邦-桃園,2024-04-25,9665
5521,工信,63,4,59,富邦-桃園,2024-04-25,9665
00857B,永豐20年美公債,62,4,58,富邦-桃園,2024-04-25,9665
2610,華航,126,73,53,富邦-桃園,2024-04-25,9665
3081,聯亞,56,4,52,富邦-桃園,2024-04-25,9665
5533,皇鼎,81,36,45,富邦-桃園,2024-04-25,9665
2371,大同,156,112,44,富邦-桃園,2024-04-25,9665
3013,晟銘電,67,24,43,富邦-桃園,2024-04-25,9665
00680L,元大美債20正2,42,0,42,富邦-桃園,2024-04-25,9665
1609,大亞,118,80,38,富邦-桃園,2024-04-25,9665
3231,緯創,69,32,37,富邦-桃園,2024-04-25,9665
00881,國泰台灣5G+,36,3,33,富邦-桃園,2024-04-25,9665
2880,華南金,35,3,32,富邦-桃園,2024-04-25,9665
2382,廣達,70,38,32,富邦-桃園,2024-04-25,9665
2867,三商壽,37,6,31,富邦-桃園,2024-04-25,9665
2891,中信金,31,0,31,富邦-桃園,2024-04-25,9665
00939,統一台灣高息動能,51,20,31,富邦-桃園,2024-04-25,9665
1734,杏輝,30,0,30,富邦-桃園,2024-04-25,9665
3715,定穎投控,44,14,30,富邦-桃園,2024-04-25,9665
0056,元大高股息,34,7,27,富邦-桃園,2024-04-25,9665
2886,兆豐金,27,0,27,富邦-桃園,2024-04-25,9665
00725B,國泰投資級公司債,26,0,26,富邦-桃園,2024-04-25,9665
00688L,國泰20年美債正2,26,0,26,富邦-桃園,2024-04-25,9665
2032,新鋼,25,0,25,富邦-桃園,2024-04-25,9665
2887,台新金,23,0,23,富邦-桃園,2024-04-25,9665
6770,力積電,29,7,22,富邦-桃園,2024-04-25,9665
2547,日勝生,25,3,22,富邦-桃園,2024-04-25,9665
3017,奇鋐,58,37,21,富邦-桃園,2024-04-25,9665
5439,高技,21,0,21,富邦-桃園,2024-04-25,9665
1104,環泥,20,0,20,富邦-桃園,2024-04-25,9665
2501,國建,152,133,19,富邦-桃園,2024-04-25,9665
6186,新潤,20,1,19,富邦-桃園,2024-04-25,9665
1810,和成,20,1,19,富邦-桃園,2024-04-25,9665
3450,聯鈞,29,10,19,富邦-桃園,2024-04-25,9665
6190,萬泰科,20,1,19,富邦-桃園,2024-04-25,9665
00751B,元大AAA至A公司債,18,0,18,富邦-桃園,2024-04-25,9665
00937B,群益ESG投等債20,355,7,348,富邦-桃園,2024-04-26,9665
00632R,元大台灣50反1,163,2,161,富邦-桃園,2024-04-26,9665
00857B,永豐20年美公債,163,3,160,富邦-桃園,2024-04-26,9665
00940,元大台灣價值高息,178,27,151,富邦-桃園,2024-04-26,9665
00933B,國泰10Y+金融債,151,0,151,富邦-桃園,2024-04-26,9665
2371,大同,202,64,138,富邦-桃園,2024-04-26,9665
00680L,元大美債20正2,125,0,125,富邦-桃園,2024-04-26,9665
2883,凱基金,117,7,110,富邦-桃園,2024-04-26,9665
2897,王道銀行,110,0,110,富邦-桃園,2024-04-26,9665
3357,臺慶科,140,50,90,富邦-桃園,2024-04-26,9665
2405,輔信,84,0,84,富邦-桃園,2024-04-26,9665
1522,堤維西,77,6,71,富邦-桃園,2024-04-26,9665
00929,復華台灣科技優息,159,95,64,富邦-桃園,2024-04-26,9665
1101,台泥,54,1,53,富邦-桃園,2024-04-26,9665
2520,冠德,61,9,52,富邦-桃園,2024-04-26,9665
2408,南亞科,63,13,50,富邦-桃園,2024-04-26,9665
6290,良維,45,0,45,富邦-桃園,2024-04-26,9665
00881,國泰台灣5G+,50,6,44,富邦-桃園,2024-04-26,9665
3363,上詮,123,81,42,富邦-桃園,2024-04-26,9665
1440,南紡,92,51,41,富邦-桃園,2024-04-26,9665
2530,華建,38,0,38,富邦-桃園,2024-04-26,9665
1342,八貫,40,3,37,富邦-桃園,2024-04-26,9665
5009,榮剛,40,3,37,富邦-桃園,2024-04-26,9665
4533,協易機,40,6,34,富邦-桃園,2024-04-26,9665
5230,雷笛克光學,46,12,34,富邦-桃園,2024-04-26,9665
3666,光耀,37,4,33,富邦-桃園,2024-04-26,9665
2528,皇普,31,0,31,富邦-桃園,2024-04-26,9665
4306,炎洲,32,1,31,富邦-桃園,2024-04-26,9665
2547,日勝生,74,45,29,富邦-桃園,2024-04-26,9665
2465,麗臺,30,3,27,富邦-桃園,2024-04-26,9665
1524,耿鼎,28,1,27,富邦-桃園,2024-04-26,9665
2363,矽統,51,25,26,富邦-桃園,2024-04-26,9665
00720B,元大投資級公司債,30,4,26,富邦-桃園,2024-04-26,9665
2536,宏普,25,0,25,富邦-桃園,2024-04-26,9665
2009,第一銅,38,18,20,富邦-桃園,2024-04-26,9665
6207,雷科,55,36,19,富邦-桃園,2024-04-26,9665
2241,艾姆勒,48,29,19,富邦-桃園,2024-04-26,9665
00931B,統一美債20年,25,7,18,富邦-桃園,2024-04-26,9665
6125,廣運,52,34,18,富邦-桃園,2024-04-26,9665
00795B,中信美國公債20年,30,12,18,富邦-桃園,2024-04-26,9665
2206,三陽工業,32,14,18,富邦-桃園,2024-04-26,9665
1609,大亞,69,52,17,富邦-桃園,2024-04-26,9665
1603,華電,27,10,17,富邦-桃園,2024-04-26,9665
00878,國泰永續高股息,51,34,17,富邦-桃園,2024-04-26,9665
2359,所羅門,105,89,16,富邦-桃園,2024-04-26,9665
2537,聯上發,51,35,16,富邦-桃園,2024-04-26,9665
00715L,期街口布蘭特正2,20,4,16,富邦-桃園,2024-04-26,9665
0056,元大高股息,29,13,16,富邦-桃園,2024-04-26,9665
3037,欣興,19,4,15,富邦-桃園,2024-04-26,9665
5381,合正,15,1,14,富邦-桃園,2024-04-26,9665
2610,華航,829,219,610,富邦-桃園,2024-04-29,9665
00632R,元大台灣50反1,454,0,454,富邦-桃園,2024-04-29,9665
00753L,中信中國50正2,902,636,266,富邦-桃園,2024-04-29,9665
2618,長榮航,660,465,195,富邦-桃園,2024-04-29,9665
2371,大同,234,71,163,富邦-桃園,2024-04-29,9665
2743,山富,105,3,102,富邦-桃園,2024-04-29,9665
2834,臺企銀,128,30,98,富邦-桃園,2024-04-29,9665
6189,豐藝,148,50,98,富邦-桃園,2024-04-29,9665
5531,鄉林,102,6,96,富邦-桃園,2024-04-29,9665
00919,群益台灣精選高息,175,79,96,富邦-桃園,2024-04-29,9665
2547,日勝生,110,22,88,富邦-桃園,2024-04-29,9665
00665L,富邦�琤肭磪囓�2,736,649,87,富邦-桃園,2024-04-29,9665
2515,中工,292,209,83,富邦-桃園,2024-04-29,9665
3050,鈺德,80,0,80,富邦-桃園,2024-04-29,9665
00918,大華優利高填息30,102,26,76,富邦-桃園,2024-04-29,9665
6177,達麗,110,35,75,富邦-桃園,2024-04-29,9665
00933B,國泰10Y+金融債,73,1,72,富邦-桃園,2024-04-29,9665
00937B,群益ESG投等債20,104,39,65,富邦-桃園,2024-04-29,9665
2363,矽統,149,85,64,富邦-桃園,2024-04-29,9665
00942B,台新美A公司債20+,60,0,60,富邦-桃園,2024-04-29,9665
6182,合晶,59,0,59,富邦-桃園,2024-04-29,9665
2915,潤泰全,79,21,58,富邦-桃園,2024-04-29,9665
00929,復華台灣科技優息,110,53,57,富邦-桃園,2024-04-29,9665
6139,亞翔,71,18,53,富邦-桃園,2024-04-29,9665
00633L,富邦上証正2,77,24,53,富邦-桃園,2024-04-29,9665
00922,國泰台灣領袖50,60,8,52,富邦-桃園,2024-04-29,9665
2615,萬海,80,29,51,富邦-桃園,2024-04-29,9665
2867,三商壽,50,0,50,富邦-桃園,2024-04-29,9665
00650L,復華香港正2,47,0,47,富邦-桃園,2024-04-29,9665
2883,凱基金,109,64,45,富邦-桃園,2024-04-29,9665
6290,良維,52,11,41,富邦-桃園,2024-04-29,9665
2514,龍邦,50,11,39,富邦-桃園,2024-04-29,9665
00720B,元大投資級公司債,55,16,39,富邦-桃園,2024-04-29,9665
3056,富華新,41,4,37,富邦-桃園,2024-04-29,9665
00885,富邦越南,72,36,36,富邦-桃園,2024-04-29,9665
2323,中環,85,49,36,富邦-桃園,2024-04-29,9665
2101,南港,69,35,34,富邦-桃園,2024-04-29,9665
2888,新光金,122,88,34,富邦-桃園,2024-04-29,9665
00687B,國泰20年美債,43,10,33,富邦-桃園,2024-04-29,9665
5213,亞昕,33,0,33,富邦-桃園,2024-04-29,9665
00878,國泰永續高股息,85,53,32,富邦-桃園,2024-04-29,9665
1413,宏洲,30,1,29,富邦-桃園,2024-04-29,9665
3312,弘憶股,34,5,29,富邦-桃園,2024-04-29,9665
3703,欣陸,46,19,27,富邦-桃園,2024-04-29,9665
5392,能率,29,3,26,富邦-桃園,2024-04-29,9665
2536,宏普,25,0,25,富邦-桃園,2024-04-29,9665
1718,中纖,25,1,24,富邦-桃園,2024-04-29,9665
2449,京元電子,43,22,21,富邦-桃園,2024-04-29,9665
8463,潤泰材,21,0,21,富邦-桃園,2024-04-29,9665
1532,勤美,27,6,21,富邦-桃園,2024-04-29,9665
1314,中石化,861,193,668,富邦-桃園,2024-04-30,9665
00641R,富邦日本反1,311,0,311,富邦-桃園,2024-04-30,9665
00632R,元大台灣50反1,302,0,302,富邦-桃園,2024-04-30,9665
2867,三商壽,188,3,185,富邦-桃園,2024-04-30,9665
00679B,元大美債20年,198,19,179,富邦-桃園,2024-04-30,9665
00940,元大台灣價值高息,195,32,163,富邦-桃園,2024-04-30,9665
2501,國建,253,101,152,富邦-桃園,2024-04-30,9665
00942B,台新美A公司債20+,150,5,145,富邦-桃園,2024-04-30,9665
1605,華新,127,8,119,富邦-桃園,2024-04-30,9665
00687B,國泰20年美債,106,15,91,富邦-桃園,2024-04-30,9665
3363,上詮,145,55,90,富邦-桃園,2024-04-30,9665
00671R,富邦NASDAQ反1,90,0,90,富邦-桃園,2024-04-30,9665
2610,華航,250,165,85,富邦-桃園,2024-04-30,9665
2611,志信,158,75,83,富邦-桃園,2024-04-30,9665
1907,永豐餘,70,0,70,富邦-桃園,2024-04-30,9665
00633L,富邦上証正2,71,2,69,富邦-桃園,2024-04-30,9665
3050,鈺德,60,4,56,富邦-桃園,2024-04-30,9665
00878,國泰永續高股息,63,8,55,富邦-桃園,2024-04-30,9665
00919,群益台灣精選高息,110,59,51,富邦-桃園,2024-04-30,9665
2547,日勝生,58,8,50,富邦-桃園,2024-04-30,9665
00676R,富邦臺灣加權反1,50,0,50,富邦-桃園,2024-04-30,9665
2609,陽明,86,39,47,富邦-桃園,2024-04-30,9665
1905,華紙,45,2,43,富邦-桃園,2024-04-30,9665
2537,聯上發,46,7,39,富邦-桃園,2024-04-30,9665
2317,鴻海,82,44,38,富邦-桃園,2024-04-30,9665
2915,潤泰全,37,0,37,富邦-桃園,2024-04-30,9665
2913,農林,53,17,36,富邦-桃園,2024-04-30,9665
1504,東元,47,11,36,富邦-桃園,2024-04-30,9665
3666,光耀,40,4,36,富邦-桃園,2024-04-30,9665
2355,敬鵬,35,2,33,富邦-桃園,2024-04-30,9665
1457,宜進,46,14,32,富邦-桃園,2024-04-30,9665
5531,鄉林,36,6,30,富邦-桃園,2024-04-30,9665
00881,國泰台灣5G+,30,0,30,富邦-桃園,2024-04-30,9665
1316,上曜,172,144,28,富邦-桃園,2024-04-30,9665
00706L,期元大S＆P日圓正2,35,10,25,富邦-桃園,2024-04-30,9665
1413,宏洲,25,0,25,富邦-桃園,2024-04-30,9665
2385,群光,25,2,23,富邦-桃園,2024-04-30,9665
5347,世界,39,16,23,富邦-桃園,2024-04-30,9665
6282,康舒,26,3,23,富邦-桃園,2024-04-30,9665
8096,擎亞,77,54,23,富邦-桃園,2024-04-30,9665
1409,新纖,23,1,22,富邦-桃園,2024-04-30,9665
1108,幸福,22,0,22,富邦-桃園,2024-04-30,9665
6235,華孚,50,28,22,富邦-桃園,2024-04-30,9665
3312,弘憶股,40,19,21,富邦-桃園,2024-04-30,9665
00665L,富邦�琤肭磪囓�2,21,0,21,富邦-桃園,2024-04-30,9665
1219,福壽,20,0,20,富邦-桃園,2024-04-30,9665
00708L,期元大S＆P黃金正2,20,0,20,富邦-桃園,2024-04-30,9665
2102,泰豐,20,0,20,富邦-桃園,2024-04-30,9665
6026,福邦證,20,0,20,富邦-桃園,2024-04-30,9665
2371,大同,94,74,20,富邦-桃園,2024-04-30,9665
00632R,元大台灣50反1,1920,36,1884,富邦-桃園,2024-05-02,9665
00937B,群益ESG投等債20,824,78,746,富邦-桃園,2024-05-02,9665
00940,元大台灣價值高息,532,35,497,富邦-桃園,2024-05-02,9665
00665L,富邦�琤肭磪囓�2,1091,670,421,富邦-桃園,2024-05-02,9665
00878,國泰永續高股息,327,5,322,富邦-桃園,2024-05-02,9665
3481,群創,206,32,174,富邦-桃園,2024-05-02,9665
2867,三商壽,138,0,138,富邦-桃園,2024-05-02,9665
2506,太設,122,8,114,富邦-桃園,2024-05-02,9665
00753L,中信中國50正2,129,17,112,富邦-桃園,2024-05-02,9665
5512,力麒,153,55,98,富邦-桃園,2024-05-02,9665
00929,復華台灣科技優息,102,34,68,富邦-桃園,2024-05-02,9665
3715,定穎投控,126,65,61,富邦-桃園,2024-05-02,9665
3030,德律,64,5,59,富邦-桃園,2024-05-02,9665
3041,揚智,61,5,56,富邦-桃園,2024-05-02,9665
00679B,元大美債20年,135,81,54,富邦-桃園,2024-05-02,9665
2801,彰銀,51,0,51,富邦-桃園,2024-05-02,9665
3050,鈺德,54,5,49,富邦-桃園,2024-05-02,9665
6207,雷科,51,8,43,富邦-桃園,2024-05-02,9665
1108,幸福,50,8,42,富邦-桃園,2024-05-02,9665
4533,協易機,101,59,42,富邦-桃園,2024-05-02,9665
1618,合機,63,22,41,富邦-桃園,2024-05-02,9665
3363,上詮,88,49,39,富邦-桃園,2024-05-02,9665
2607,榮運,62,23,39,富邦-桃園,2024-05-02,9665
2615,萬海,56,18,38,富邦-桃園,2024-05-02,9665
2520,冠德,84,47,37,富邦-桃園,2024-05-02,9665
2324,仁寶,35,1,34,富邦-桃園,2024-05-02,9665
3044,健鼎,36,2,34,富邦-桃園,2024-05-02,9665
00637L,元大滬深300正2,33,0,33,富邦-桃園,2024-05-02,9665
00795B,中信美國公債20年,31,0,31,富邦-桃園,2024-05-02,9665
00936,台新永續高息中小,31,0,31,富邦-桃園,2024-05-02,9665
3591,艾笛森,30,0,30,富邦-桃園,2024-05-02,9665
2515,中工,78,50,28,富邦-桃園,2024-05-02,9665
00945B,凱基美國非投等債,28,0,28,富邦-桃園,2024-05-02,9665
2330,台積電,50,22,28,富邦-桃園,2024-05-02,9665
1612,宏泰,48,21,27,富邦-桃園,2024-05-02,9665
3338,泰碩,27,0,27,富邦-桃園,2024-05-02,9665
00941,中信上游半導體,27,1,26,富邦-桃園,2024-05-02,9665
5371,中光電,32,6,26,富邦-桃園,2024-05-02,9665
2891,中信金,26,1,25,富邦-桃園,2024-05-02,9665
2317,鴻海,80,57,23,富邦-桃園,2024-05-02,9665
00933B,國泰10Y+金融債,26,3,23,富邦-桃園,2024-05-02,9665
1609,大亞,73,50,23,富邦-桃園,2024-05-02,9665
5213,亞昕,24,1,23,富邦-桃園,2024-05-02,9665
00690,兆豐藍籌30,23,0,23,富邦-桃園,2024-05-02,9665
00706L,期元大S＆P日圓正2,22,0,22,富邦-桃園,2024-05-02,9665
2352,佳世達,23,1,22,富邦-桃園,2024-05-02,9665
3703,欣陸,34,12,22,富邦-桃園,2024-05-02,9665
2887,台新金,23,2,21,富邦-桃園,2024-05-02,9665
6215,和椿,28,7,21,富邦-桃園,2024-05-02,9665
00688L,國泰20年美債正2,20,0,20,富邦-桃園,2024-05-02,9665
00937B,群益ESG投等債20,656,14,642,富邦-桃園,2024-05-03,9665
2609,陽明,291,5,286,富邦-桃園,2024-05-03,9665
00942B,台新美A公司債20+,200,0,200,富邦-桃園,2024-05-03,9665
5531,鄉林,231,38,193,富邦-桃園,2024-05-03,9665
2317,鴻海,212,72,140,富邦-桃園,2024-05-03,9665
1316,上曜,208,89,119,富邦-桃園,2024-05-03,9665
00878,國泰永續高股息,128,11,117,富邦-桃園,2024-05-03,9665
00679B,元大美債20年,106,2,104,富邦-桃園,2024-05-03,9665
4714,永捷,173,70,103,富邦-桃園,2024-05-03,9665
2897,王道銀行,100,0,100,富邦-桃園,2024-05-03,9665
3231,緯創,195,112,83,富邦-桃園,2024-05-03,9665
6026,福邦證,70,0,70,富邦-桃園,2024-05-03,9665
3052,夆典,69,0,69,富邦-桃園,2024-05-03,9665
2618,長榮航,382,314,68,富邦-桃園,2024-05-03,9665
00933B,國泰10Y+金融債,65,0,65,富邦-桃園,2024-05-03,9665
1532,勤美,75,11,64,富邦-桃園,2024-05-03,9665
1447,力鵬,60,0,60,富邦-桃園,2024-05-03,9665
6412,群電,55,0,55,富邦-桃園,2024-05-03,9665
2313,華通,83,31,52,富邦-桃園,2024-05-03,9665
00940,元大台灣價值高息,146,95,51,富邦-桃園,2024-05-03,9665
00893,國泰智能電動車,50,0,50,富邦-桃園,2024-05-03,9665
6216,居易,50,2,48,富邦-桃園,2024-05-03,9665
4306,炎洲,47,1,46,富邦-桃園,2024-05-03,9665
8271,宇瞻,47,1,46,富邦-桃園,2024-05-03,9665
2371,大同,114,68,46,富邦-桃園,2024-05-03,9665
1618,合機,75,32,43,富邦-桃園,2024-05-03,9665
1815,富喬,44,1,43,富邦-桃園,2024-05-03,9665
00941,中信上游半導體,47,5,42,富邦-桃園,2024-05-03,9665
9945,潤泰新,166,126,40,富邦-桃園,2024-05-03,9665
00795B,中信美國公債20年,39,0,39,富邦-桃園,2024-05-03,9665
2363,矽統,121,84,37,富邦-桃園,2024-05-03,9665
3363,上詮,51,14,37,富邦-桃園,2024-05-03,9665
1612,宏泰,88,54,34,富邦-桃園,2024-05-03,9665
2101,南港,88,54,34,富邦-桃園,2024-05-03,9665
00640L,富邦日本正2,32,0,32,富邦-桃園,2024-05-03,9665
2323,中環,59,27,32,富邦-桃園,2024-05-03,9665
00857B,永豐20年美公債,31,0,31,富邦-桃園,2024-05-03,9665
5534,長虹,30,0,30,富邦-桃園,2024-05-03,9665
3005,神基,32,2,30,富邦-桃園,2024-05-03,9665
1609,大亞,107,81,26,富邦-桃園,2024-05-03,9665
1718,中纖,25,0,25,富邦-桃園,2024-05-03,9665
6278,台表科,30,5,25,富邦-桃園,2024-05-03,9665
00882,中信中國高股息,48,23,25,富邦-桃園,2024-05-03,9665
2329,華泰,35,11,24,富邦-桃園,2024-05-03,9665
6213,聯茂,23,1,22,富邦-桃園,2024-05-03,9665
00637L,元大滬深300正2,25,3,22,富邦-桃園,2024-05-03,9665
8064,東捷,38,16,22,富邦-桃園,2024-05-03,9665
1785,光洋科,22,0,22,富邦-桃園,2024-05-03,9665
3706,神達,24,3,21,富邦-桃園,2024-05-03,9665
5355,佳總,21,0,21,富邦-桃園,2024-05-03,9665
00637L,元大滬深300正2,546,49,497,富邦-桃園,2024-05-06,9665
2610,華航,540,211,329,富邦-桃園,2024-05-06,9665
00929,復華台灣科技優息,268,19,249,富邦-桃園,2024-05-06,9665
00937B,群益ESG投等債20,160,8,152,富邦-桃園,2024-05-06,9665
00918,大華優利高填息30,190,62,128,富邦-桃園,2024-05-06,9665
3033,威健,251,139,112,富邦-桃園,2024-05-06,9665
2356,英業達,104,3,101,富邦-桃園,2024-05-06,9665
00680L,元大美債20正2,120,33,87,富邦-桃園,2024-05-06,9665
00676R,富邦臺灣加權反1,74,0,74,富邦-桃園,2024-05-06,9665
3703,欣陸,84,16,68,富邦-桃園,2024-05-06,9665
2409,友達,63,1,62,富邦-桃園,2024-05-06,9665
9945,潤泰新,117,57,60,富邦-桃園,2024-05-06,9665
2449,京元電子,76,22,54,富邦-桃園,2024-05-06,9665
00936,台新永續高息中小,53,0,53,富邦-桃園,2024-05-06,9665
1104,環泥,50,0,50,富邦-桃園,2024-05-06,9665
5009,榮剛,57,8,49,富邦-桃園,2024-05-06,9665
3030,德律,54,8,46,富邦-桃園,2024-05-06,9665
00878,國泰永續高股息,72,27,45,富邦-桃園,2024-05-06,9665
1316,上曜,163,121,42,富邦-桃園,2024-05-06,9665
2352,佳世達,42,2,40,富邦-桃園,2024-05-06,9665
8088,品安,50,11,39,富邦-桃園,2024-05-06,9665
2363,矽統,69,31,38,富邦-桃園,2024-05-06,9665
00679B,元大美債20年,37,1,36,富邦-桃園,2024-05-06,9665
2607,榮運,40,5,35,富邦-桃園,2024-05-06,9665
4114,健喬,40,5,35,富邦-桃園,2024-05-06,9665
3052,夆典,34,0,34,富邦-桃園,2024-05-06,9665
00633L,富邦上証正2,53,21,32,富邦-桃園,2024-05-06,9665
2472,立隆電,34,2,32,富邦-桃園,2024-05-06,9665
4303,信立,73,44,29,富邦-桃園,2024-05-06,9665
4967,十銓,43,15,28,富邦-桃園,2024-05-06,9665
1314,中石化,64,37,27,富邦-桃園,2024-05-06,9665
2371,大同,60,34,26,富邦-桃園,2024-05-06,9665
2301,光寶科,26,0,26,富邦-桃園,2024-05-06,9665
2313,華通,48,22,26,富邦-桃園,2024-05-06,9665
3036,文曄,41,16,25,富邦-桃園,2024-05-06,9665
2515,中工,48,23,25,富邦-桃園,2024-05-06,9665
4513,福裕,24,1,23,富邦-桃園,2024-05-06,9665
8064,東捷,27,4,23,富邦-桃園,2024-05-06,9665
00795B,中信美國公債20年,29,7,22,富邦-桃園,2024-05-06,9665
8033,雷虎,25,5,20,富邦-桃園,2024-05-06,9665
2812,台中銀,23,4,19,富邦-桃園,2024-05-06,9665
5512,力麒,48,30,18,富邦-桃園,2024-05-06,9665
6182,合晶,18,0,18,富邦-桃園,2024-05-06,9665
5284,jpp-KY,18,0,18,富邦-桃園,2024-05-06,9665
6173,信昌電,19,1,18,富邦-桃園,2024-05-06,9665
3287,廣寰科,24,7,17,富邦-桃園,2024-05-06,9665
3615,安可,17,0,17,富邦-桃園,2024-05-06,9665
6177,達麗,37,20,17,富邦-桃園,2024-05-06,9665
2406,國碩,16,0,16,富邦-桃園,2024-05-06,9665
2537,聯上發,24,8,16,富邦-桃園,2024-05-06,9665
2641,正德,424,117,307,富邦-桃園,2024-05-07,9665
3481,群創,281,42,239,富邦-桃園,2024-05-07,9665
00632R,元大台灣50反1,248,10,238,富邦-桃園,2024-05-07,9665
00937B,群益ESG投等債20,279,50,229,富邦-桃園,2024-05-07,9665
2882,國泰金,216,15,201,富邦-桃園,2024-05-07,9665
2485,兆赫,200,0,200,富邦-桃園,2024-05-07,9665
1316,上曜,161,5,156,富邦-桃園,2024-05-07,9665
6125,廣運,124,4,120,富邦-桃園,2024-05-07,9665
00878,國泰永續高股息,134,26,108,富邦-桃園,2024-05-07,9665
2836,高雄銀,100,0,100,富邦-桃園,2024-05-07,9665
00942B,台新美A公司債20+,100,0,100,富邦-桃園,2024-05-07,9665
00929,復華台灣科技優息,105,8,97,富邦-桃園,2024-05-07,9665
4306,炎洲,91,15,76,富邦-桃園,2024-05-07,9665
2344,華邦電,82,16,66,富邦-桃園,2024-05-07,9665
2530,華建,69,3,66,富邦-桃園,2024-05-07,9665
2536,宏普,65,0,65,富邦-桃園,2024-05-07,9665
00940,元大台灣價值高息,99,45,54,富邦-桃園,2024-05-07,9665
6770,力積電,59,7,52,富邦-桃園,2024-05-07,9665
2486,一詮,204,154,50,富邦-桃園,2024-05-07,9665
1905,華紙,50,1,49,富邦-桃園,2024-05-07,9665
2457,飛宏,52,3,49,富邦-桃園,2024-05-07,9665
2025,千興,50,1,49,富邦-桃園,2024-05-07,9665
00676R,富邦臺灣加權反1,45,0,45,富邦-桃園,2024-05-07,9665
3372,典範,41,0,41,富邦-桃園,2024-05-07,9665
2834,臺企銀,58,17,41,富邦-桃園,2024-05-07,9665
2006,東和鋼鐵,40,0,40,富邦-桃園,2024-05-07,9665
2409,友達,137,102,35,富邦-桃園,2024-05-07,9665
2801,彰銀,35,0,35,富邦-桃園,2024-05-07,9665
1104,環泥,34,1,33,富邦-桃園,2024-05-07,9665
9945,潤泰新,69,39,30,富邦-桃園,2024-05-07,9665
3013,晟銘電,83,54,29,富邦-桃園,2024-05-07,9665
3712,永崴投控,31,3,28,富邦-桃園,2024-05-07,9665
2367,燿華,70,44,26,富邦-桃園,2024-05-07,9665
5871,中租-KY,26,1,25,富邦-桃園,2024-05-07,9665
1342,八貫,29,4,25,富邦-桃園,2024-05-07,9665
6278,台表科,25,1,24,富邦-桃園,2024-05-07,9665
00708L,期元大S＆P黃金正2,23,0,23,富邦-桃園,2024-05-07,9665
2392,正崴,25,3,22,富邦-桃園,2024-05-07,9665
2303,聯電,27,5,22,富邦-桃園,2024-05-07,9665
2515,中工,41,20,21,富邦-桃園,2024-05-07,9665
00922,國泰台灣領袖50,23,2,21,富邦-桃園,2024-05-07,9665
6914,阜爾運通,22,2,20,富邦-桃園,2024-05-07,9665
1440,南紡,39,19,20,富邦-桃園,2024-05-07,9665
1447,力鵬,20,0,20,富邦-桃園,2024-05-07,9665
8071,能率網通,20,0,20,富邦-桃園,2024-05-07,9665
1101,台泥,34,15,19,富邦-桃園,2024-05-07,9665
2542,興富發,37,18,19,富邦-桃園,2024-05-07,9665
1609,大亞,120,101,19,富邦-桃園,2024-05-07,9665
00919,群益台灣精選高息,37,19,18,富邦-桃園,2024-05-07,9665
2731,雄獅,19,1,18,富邦-桃園,2024-05-07,9665
00679B,元大美債20年,318,30,288,富邦-桃園,2024-05-08,9665
00637L,元大滬深300正2,282,0,282,富邦-桃園,2024-05-08,9665
00937B,群益ESG投等債20,321,46,275,富邦-桃園,2024-05-08,9665
2530,華建,257,2,255,富邦-桃園,2024-05-08,9665
00940,元大台灣價值高息,282,37,245,富邦-桃園,2024-05-08,9665
00929,復華台灣科技優息,299,85,214,富邦-桃園,2024-05-08,9665
2641,正德,571,390,181,富邦-桃園,2024-05-08,9665
2606,裕民,191,29,162,富邦-桃園,2024-05-08,9665
2303,聯電,163,21,142,富邦-桃園,2024-05-08,9665
00764B,群益25年美債,101,0,101,富邦-桃園,2024-05-08,9665
5508,永信建,113,36,77,富邦-桃園,2024-05-08,9665
3363,上詮,120,44,76,富邦-桃園,2024-05-08,9665
2618,長榮航,124,57,67,富邦-桃園,2024-05-08,9665
2509,全坤建,69,7,62,富邦-桃園,2024-05-08,9665
2603,長榮,76,15,61,富邦-桃園,2024-05-08,9665
2605,新興,96,40,56,富邦-桃園,2024-05-08,9665
6177,達麗,93,40,53,富邦-桃園,2024-05-08,9665
2317,鴻海,86,35,51,富邦-桃園,2024-05-08,9665
3481,群創,114,64,50,富邦-桃園,2024-05-08,9665
2348,海悅,60,11,49,富邦-桃園,2024-05-08,9665
00936,台新永續高息中小,47,0,47,富邦-桃園,2024-05-08,9665
8234,新漢,65,19,46,富邦-桃園,2024-05-08,9665
5871,中租-KY,51,8,43,富邦-桃園,2024-05-08,9665
00942B,台新美A公司債20+,42,0,42,富邦-桃園,2024-05-08,9665
4714,永捷,42,0,42,富邦-桃園,2024-05-08,9665
2367,燿華,211,170,41,富邦-桃園,2024-05-08,9665
3036,文曄,54,14,40,富邦-桃園,2024-05-08,9665
2834,臺企銀,39,2,37,富邦-桃園,2024-05-08,9665
2006,東和鋼鐵,35,0,35,富邦-桃園,2024-05-08,9665
1444,力麗,34,0,34,富邦-桃園,2024-05-08,9665
1616,億泰,40,7,33,富邦-桃園,2024-05-08,9665
2409,友達,36,5,31,富邦-桃園,2024-05-08,9665
00915,凱基優選高股息30,31,0,31,富邦-桃園,2024-05-08,9665
3030,德律,32,1,31,富邦-桃園,2024-05-08,9665
2601,益航,30,0,30,富邦-桃園,2024-05-08,9665
1733,五鼎,33,3,30,富邦-桃園,2024-05-08,9665
2597,潤弘,30,0,30,富邦-桃園,2024-05-08,9665
3234,光環,29,2,27,富邦-桃園,2024-05-08,9665
1436,華友聯,28,1,27,富邦-桃園,2024-05-08,9665
2352,佳世達,34,9,25,富邦-桃園,2024-05-08,9665
2855,統一證,25,1,24,富邦-桃園,2024-05-08,9665
2520,冠德,39,15,24,富邦-桃園,2024-05-08,9665
4114,健喬,30,7,23,富邦-桃園,2024-05-08,9665
5014,建錩,28,6,22,富邦-桃園,2024-05-08,9665
00882,中信中國高股息,36,14,22,富邦-桃園,2024-05-08,9665
2102,泰豐,21,0,21,富邦-桃園,2024-05-08,9665
3015,全漢,21,1,20,富邦-桃園,2024-05-08,9665
9105,泰金寶-DR,20,0,20,富邦-桃園,2024-05-08,9665
5439,高技,19,0,19,富邦-桃園,2024-05-08,9665
8069,元太,19,1,18,富邦-桃園,2024-05-08,9665
00940,元大台灣價值高息,374,29,345,富邦-桃園,2024-05-09,9665
00937B,群益ESG投等債20,199,8,191,富邦-桃園,2024-05-09,9665
00929,復華台灣科技優息,217,27,190,富邦-桃園,2024-05-09,9665
00946,群益科技高息成長,289,116,173,富邦-桃園,2024-05-09,9665
6284,佳邦,131,0,131,富邦-桃園,2024-05-09,9665
00679B,元大美債20年,122,8,114,富邦-桃園,2024-05-09,9665
5871,中租-KY,89,6,83,富邦-桃園,2024-05-09,9665
2344,華邦電,82,0,82,富邦-桃園,2024-05-09,9665
00922,國泰台灣領袖50,81,3,78,富邦-桃園,2024-05-09,9665
3030,德律,82,7,75,富邦-桃園,2024-05-09,9665
2618,長榮航,222,150,72,富邦-桃園,2024-05-09,9665
00919,群益台灣精選高息,92,22,70,富邦-桃園,2024-05-09,9665
00944,野村趨勢動能高息,100,32,68,富邦-桃園,2024-05-09,9665
2367,燿華,171,103,68,富邦-桃園,2024-05-09,9665
2409,友達,65,2,63,富邦-桃園,2024-05-09,9665
2457,飛宏,63,0,63,富邦-桃園,2024-05-09,9665
3231,緯創,61,1,60,富邦-桃園,2024-05-09,9665
2006,東和鋼鐵,55,0,55,富邦-桃園,2024-05-09,9665
00933B,國泰10Y+金融債,56,4,52,富邦-桃園,2024-05-09,9665
1444,力麗,45,0,45,富邦-桃園,2024-05-09,9665
2105,正新,50,6,44,富邦-桃園,2024-05-09,9665
2601,益航,43,0,43,富邦-桃園,2024-05-09,9665
8215,明基材,38,0,38,富邦-桃園,2024-05-09,9665
4127,天良,40,3,37,富邦-桃園,2024-05-09,9665
5522,遠雄,45,8,37,富邦-桃園,2024-05-09,9665
2393,億光,41,4,37,富邦-桃園,2024-05-09,9665
1612,宏泰,63,29,34,富邦-桃園,2024-05-09,9665
00915,凱基優選高股息30,33,0,33,富邦-桃園,2024-05-09,9665
2371,大同,95,62,33,富邦-桃園,2024-05-09,9665
2363,矽統,82,54,28,富邦-桃園,2024-05-09,9665
1605,華新,27,0,27,富邦-桃園,2024-05-09,9665
3058,立德,30,4,26,富邦-桃園,2024-05-09,9665
00939,統一台灣高息動能,27,1,26,富邦-桃園,2024-05-09,9665
6278,台表科,26,1,25,富邦-桃園,2024-05-09,9665
8110,華東,22,0,22,富邦-桃園,2024-05-09,9665
2353,宏��,34,12,22,富邦-桃園,2024-05-09,9665
4979,華星光,28,6,22,富邦-桃園,2024-05-09,9665
2025,千興,21,0,21,富邦-桃園,2024-05-09,9665
2834,臺企銀,42,21,21,富邦-桃園,2024-05-09,9665
6005,群益證,26,6,20,富邦-桃園,2024-05-09,9665
1325,恆大,20,0,20,富邦-桃園,2024-05-09,9665
5014,建錩,21,1,20,富邦-桃園,2024-05-09,9665
6695,芯鼎,20,0,20,富邦-桃園,2024-05-09,9665
00632R,元大台灣50反1,19,0,19,富邦-桃園,2024-05-09,9665
6213,聯茂,21,2,19,富邦-桃園,2024-05-09,9665
2317,鴻海,157,138,19,富邦-桃園,2024-05-09,9665
8926,台汽電,18,0,18,富邦-桃園,2024-05-09,9665
00633L,富邦上証正2,29,11,18,富邦-桃園,2024-05-09,9665
5206,坤悅,18,0,18,富邦-桃園,2024-05-09,9665
00795B,中信美國公債20年,18,0,18,富邦-桃園,2024-05-09,9665
00753L,中信中國50正2,727,1,726,富邦-桃園,2024-05-10,9665
00929,復華台灣科技優息,462,117,345,富邦-桃園,2024-05-10,9665
2618,長榮航,693,380,313,富邦-桃園,2024-05-10,9665
00946,群益科技高息成長,210,10,200,富邦-桃園,2024-05-10,9665
2845,遠東銀,152,1,151,富邦-桃園,2024-05-10,9665
00878,國泰永續高股息,225,100,125,富邦-桃園,2024-05-10,9665
3481,群創,166,45,121,富邦-桃園,2024-05-10,9665
3564,其陽,114,7,107,富邦-桃園,2024-05-10,9665
00764B,群益25年美債,100,0,100,富邦-桃園,2024-05-10,9665
5508,永信建,102,2,100,富邦-桃園,2024-05-10,9665
2409,友達,87,3,84,富邦-桃園,2024-05-10,9665
2867,三商壽,80,0,80,富邦-桃園,2024-05-10,9665
00919,群益台灣精選高息,137,60,77,富邦-桃園,2024-05-10,9665
00679B,元大美債20年,90,25,65,富邦-桃園,2024-05-10,9665
2313,華通,180,115,65,富邦-桃園,2024-05-10,9665
00922,國泰台灣領袖50,71,7,64,富邦-桃園,2024-05-10,9665
2367,燿華,137,73,64,富邦-桃園,2024-05-10,9665
2348,海悅,70,12,58,富邦-桃園,2024-05-10,9665
6770,力積電,62,7,55,富邦-桃園,2024-05-10,9665
00688L,國泰20年美債正2,54,0,54,富邦-桃園,2024-05-10,9665
00942B,台新美A公司債20+,50,0,50,富邦-桃園,2024-05-10,9665
2317,鴻海,93,44,49,富邦-桃園,2024-05-10,9665
1626,艾美特-KY,48,0,48,富邦-桃園,2024-05-10,9665
2371,大同,66,20,46,富邦-桃園,2024-05-10,9665
6177,達麗,47,5,42,富邦-桃園,2024-05-10,9665
2514,龍邦,40,0,40,富邦-桃園,2024-05-10,9665
3013,晟銘電,170,132,38,富邦-桃園,2024-05-10,9665
2915,潤泰全,54,16,38,富邦-桃園,2024-05-10,9665
2323,中環,37,3,34,富邦-桃園,2024-05-10,9665
2891,中信金,49,16,33,富邦-桃園,2024-05-10,9665
4949,有成精密,33,1,32,富邦-桃園,2024-05-10,9665
00632R,元大台灣50反1,32,0,32,富邦-桃園,2024-05-10,9665
3011,今皓,30,0,30,富邦-桃園,2024-05-10,9665
00944,野村趨勢動能高息,29,0,29,富邦-桃園,2024-05-10,9665
2897,王道銀行,32,3,29,富邦-桃園,2024-05-10,9665
8112,至上,173,146,27,富邦-桃園,2024-05-10,9665
1589,永冠-KY,30,4,26,富邦-桃園,2024-05-10,9665
2388,威盛,39,14,25,富邦-桃園,2024-05-10,9665
3706,神達,35,11,24,富邦-桃園,2024-05-10,9665
2606,裕民,94,70,24,富邦-桃園,2024-05-10,9665
6139,亞翔,27,4,23,富邦-桃園,2024-05-10,9665
2385,群光,22,1,21,富邦-桃園,2024-05-10,9665
5014,建錩,21,1,20,富邦-桃園,2024-05-10,9665
4903,聯光通,21,1,20,富邦-桃園,2024-05-10,9665
3591,艾笛森,20,0,20,富邦-桃園,2024-05-10,9665
2340,台亞,18,0,18,富邦-桃園,2024-05-10,9665
3036,文曄,24,6,18,富邦-桃園,2024-05-10,9665
00687B,國泰20年美債,24,7,17,富邦-桃園,2024-05-10,9665
5519,隆大,17,0,17,富邦-桃園,2024-05-10,9665
2009,第一銅,18,1,17,富邦-桃園,2024-05-10,9665
00632R,元大台灣50反1,1190,640,550,富邦-桃園,2024-05-13,9665
2610,華航,550,213,337,富邦-桃園,2024-05-13,9665
00929,復華台灣科技優息,397,69,328,富邦-桃園,2024-05-13,9665
2867,三商壽,176,4,172,富邦-桃園,2024-05-13,9665
00946,群益科技高息成長,106,0,106,富邦-桃園,2024-05-13,9665
2317,鴻海,147,42,105,富邦-桃園,2024-05-13,9665
00650L,復華香港正2,225,125,100,富邦-桃園,2024-05-13,9665
2344,華邦電,104,10,94,富邦-桃園,2024-05-13,9665
6125,廣運,125,35,90,富邦-桃園,2024-05-13,9665
4167,松瑞藥,73,3,70,富邦-桃園,2024-05-13,9665
2356,英業達,94,32,62,富邦-桃園,2024-05-13,9665
00942B,台新美A公司債20+,112,50,62,富邦-桃園,2024-05-13,9665
00933B,國泰10Y+金融債,59,0,59,富邦-桃園,2024-05-13,9665
2897,王道銀行,105,48,57,富邦-桃園,2024-05-13,9665
2880,華南金,54,2,52,富邦-桃園,2024-05-13,9665
2617,台航,67,22,45,富邦-桃園,2024-05-13,9665
6509,聚和,42,0,42,富邦-桃園,2024-05-13,9665
4960,誠美材,45,4,41,富邦-桃園,2024-05-13,9665
1582,信錦,52,12,40,富邦-桃園,2024-05-13,9665
3450,聯鈞,43,3,40,富邦-桃園,2024-05-13,9665
00944,野村趨勢動能高息,37,0,37,富邦-桃園,2024-05-13,9665
1905,華紙,35,0,35,富邦-桃園,2024-05-13,9665
1303,南亞,35,2,33,富邦-桃園,2024-05-13,9665
1524,耿鼎,50,17,33,富邦-桃園,2024-05-13,9665
00676R,富邦臺灣加權反1,32,0,32,富邦-桃園,2024-05-13,9665
3703,欣陸,41,10,31,富邦-桃園,2024-05-13,9665
3231,緯創,41,10,31,富邦-桃園,2024-05-13,9665
3260,威剛,44,13,31,富邦-桃園,2024-05-13,9665
2313,華通,39,9,30,富邦-桃園,2024-05-13,9665
6005,群益證,34,4,30,富邦-桃園,2024-05-13,9665
1442,名軒,40,10,30,富邦-桃園,2024-05-13,9665
2371,大同,138,110,28,富邦-桃園,2024-05-13,9665
3036,文曄,33,5,28,富邦-桃園,2024-05-13,9665
00715L,期街口布蘭特正2,28,1,27,富邦-桃園,2024-05-13,9665
2363,矽統,49,22,27,富邦-桃園,2024-05-13,9665
9930,中聯資源,29,3,26,富邦-桃園,2024-05-13,9665
3691,碩禾,27,3,24,富邦-桃園,2024-05-13,9665
2025,千興,24,0,24,富邦-桃園,2024-05-13,9665
2834,臺企銀,40,16,24,富邦-桃園,2024-05-13,9665
4720,德淵,26,3,23,富邦-桃園,2024-05-13,9665
2891,中信金,44,21,23,富邦-桃園,2024-05-13,9665
1101,台泥,61,39,22,富邦-桃園,2024-05-13,9665
2636,台驊控股,59,37,22,富邦-桃園,2024-05-13,9665
2883,凱基金,74,52,22,富邦-桃園,2024-05-13,9665
00922,國泰台灣領袖50,27,5,22,富邦-桃園,2024-05-13,9665
00687B,國泰20年美債,24,2,22,富邦-桃園,2024-05-13,9665
1608,華榮,31,10,21,富邦-桃園,2024-05-13,9665
00688L,國泰20年美債正2,29,9,20,富邦-桃園,2024-05-13,9665
1104,環泥,20,0,20,富邦-桃園,2024-05-13,9665
1436,華友聯,20,0,20,富邦-桃園,2024-05-13,9665
1314,中石化,999,10,989,富邦-桃園,2024-05-14,9665
00753L,中信中國50正2,256,15,241,富邦-桃園,2024-05-14,9665
00882,中信中國高股息,161,24,137,富邦-桃園,2024-05-14,9665
00937B,群益ESG投等債20,138,14,124,富邦-桃園,2024-05-14,9665
00632R,元大台灣50反1,111,0,111,富邦-桃園,2024-05-14,9665
00929,復華台灣科技優息,193,105,88,富邦-桃園,2024-05-14,9665
00933B,國泰10Y+金融債,79,3,76,富邦-桃園,2024-05-14,9665
3231,緯創,95,23,72,富邦-桃園,2024-05-14,9665
00922,國泰台灣領袖50,70,0,70,富邦-桃園,2024-05-14,9665
9945,潤泰新,96,27,69,富邦-桃園,2024-05-14,9665
00679B,元大美債20年,73,5,68,富邦-桃園,2024-05-14,9665
2615,萬海,385,319,66,富邦-桃園,2024-05-14,9665
9944,新麗,44,0,44,富邦-桃園,2024-05-14,9665
2617,台航,54,12,42,富邦-桃園,2024-05-14,9665
2344,華邦電,56,16,40,富邦-桃園,2024-05-14,9665
2897,王道銀行,48,10,38,富邦-桃園,2024-05-14,9665
2317,鴻海,106,69,37,富邦-桃園,2024-05-14,9665
1522,堤維西,156,119,37,富邦-桃園,2024-05-14,9665
3030,德律,38,1,37,富邦-桃園,2024-05-14,9665
3356,奇偶,34,0,34,富邦-桃園,2024-05-14,9665
2834,臺企銀,48,15,33,富邦-桃園,2024-05-14,9665
00772B,中信高評級公司債,30,0,30,富邦-桃園,2024-05-14,9665
2882,國泰金,50,21,29,富邦-桃園,2024-05-14,9665
2636,台驊控股,44,17,27,富邦-桃園,2024-05-14,9665
2888,新光金,31,5,26,富邦-桃園,2024-05-14,9665
2885,元大金,25,0,25,富邦-桃園,2024-05-14,9665
2374,佳能,111,86,25,富邦-桃園,2024-05-14,9665
2913,農林,26,2,24,富邦-桃園,2024-05-14,9665
3481,群創,27,5,22,富邦-桃園,2024-05-14,9665
00944,野村趨勢動能高息,22,0,22,富邦-桃園,2024-05-14,9665
8299,群聯,26,5,21,富邦-桃園,2024-05-14,9665
2867,三商壽,38,18,20,富邦-桃園,2024-05-14,9665
2352,佳世達,22,2,20,富邦-桃園,2024-05-14,9665
5392,能率,43,24,19,富邦-桃園,2024-05-14,9665
2504,國產,21,2,19,富邦-桃園,2024-05-14,9665
3230,錦明,28,11,17,富邦-桃園,2024-05-14,9665
8234,新漢,17,1,16,富邦-桃園,2024-05-14,9665
8147,正淩,15,0,15,富邦-桃園,2024-05-14,9665
1815,富喬,33,18,15,富邦-桃園,2024-05-14,9665
4716,大立,45,30,15,富邦-桃園,2024-05-14,9665
00946,群益科技高息成長,15,0,15,富邦-桃園,2024-05-14,9665
5871,中租-KY,16,1,15,富邦-桃園,2024-05-14,9665
1609,大亞,23,9,14,富邦-桃園,2024-05-14,9665
2515,中工,16,2,14,富邦-桃園,2024-05-14,9665
2607,榮運,26,12,14,富邦-桃園,2024-05-14,9665
5534,長虹,23,10,13,富邦-桃園,2024-05-14,9665
8932,智通*,13,0,13,富邦-桃園,2024-05-14,9665
00720B,元大投資級公司債,12,0,12,富邦-桃園,2024-05-14,9665
2204,中華,12,0,12,富邦-桃園,2024-05-14,9665
2915,潤泰全,33,21,12,富邦-桃園,2024-05-14,9665
2905,三商,638,1,637,富邦-桃園,2024-05-15,9665
00937B,群益ESG投等債20,445,95,350,富邦-桃園,2024-05-15,9665
00632R,元大台灣50反1,322,110,212,富邦-桃園,2024-05-15,9665
00878,國泰永續高股息,297,105,192,富邦-桃園,2024-05-15,9665
2897,王道銀行,179,6,173,富邦-桃園,2024-05-15,9665
00918,大華優利高填息30,125,1,124,富邦-桃園,2024-05-15,9665
2356,英業達,236,120,116,富邦-桃園,2024-05-15,9665
00940,元大台灣價值高息,203,91,112,富邦-桃園,2024-05-15,9665
00942B,台新美A公司債20+,101,3,98,富邦-桃園,2024-05-15,9665
2530,華建,91,1,90,富邦-桃園,2024-05-15,9665
2641,正德,114,31,83,富邦-桃園,2024-05-15,9665
1815,富喬,108,29,79,富邦-桃園,2024-05-15,9665
00919,群益台灣精選高息,104,28,76,富邦-桃園,2024-05-15,9665
00946,群益科技高息成長,73,0,73,富邦-桃園,2024-05-15,9665
3363,上詮,91,23,68,富邦-桃園,2024-05-15,9665
2883,凱基金,106,52,54,富邦-桃園,2024-05-15,9665
3050,鈺德,54,0,54,富邦-桃園,2024-05-15,9665
6244,茂迪,58,5,53,富邦-桃園,2024-05-15,9665
2363,矽統,182,130,52,富邦-桃園,2024-05-15,9665
2603,長榮,106,53,53,富邦-桃園,2024-05-15,9665
2498,宏達電,46,1,45,富邦-桃園,2024-05-15,9665
00688L,國泰20年美債正2,42,0,42,富邦-桃園,2024-05-15,9665
2609,陽明,364,322,42,富邦-桃園,2024-05-15,9665
00679B,元大美債20年,123,81,42,富邦-桃園,2024-05-15,9665
2324,仁寶,45,9,36,富邦-桃園,2024-05-15,9665
3715,定穎投控,39,4,35,富邦-桃園,2024-05-15,9665
00676R,富邦臺灣加權反1,85,50,35,富邦-桃園,2024-05-15,9665
4414,如興,35,0,35,富邦-桃園,2024-05-15,9665
00932,兆豐永續高息等權,39,6,33,富邦-桃園,2024-05-15,9665
3234,光環,50,18,32,富邦-桃園,2024-05-15,9665
4533,協易機,51,19,32,富邦-桃園,2024-05-15,9665
00922,國泰台灣領袖50,81,49,32,富邦-桃園,2024-05-15,9665
2314,台揚,31,0,31,富邦-桃園,2024-05-15,9665
4526,東台,32,2,30,富邦-桃園,2024-05-15,9665
2352,佳世達,51,21,30,富邦-桃園,2024-05-15,9665
2867,三商壽,40,10,30,富邦-桃園,2024-05-15,9665
1504,東元,32,3,29,富邦-桃園,2024-05-15,9665
2365,昆盈,44,15,29,富邦-桃園,2024-05-15,9665
3703,欣陸,31,3,28,富邦-桃園,2024-05-15,9665
4716,大立,37,9,28,富邦-桃園,2024-05-15,9665
6215,和椿,47,21,26,富邦-桃園,2024-05-15,9665
2025,千興,25,0,25,富邦-桃園,2024-05-15,9665
00945B,凱基美國非投等債,25,0,25,富邦-桃園,2024-05-15,9665
2542,興富發,23,0,23,富邦-桃園,2024-05-15,9665
2208,台船,22,1,21,富邦-桃園,2024-05-15,9665
2516,新建,21,1,20,富邦-桃園,2024-05-15,9665
5356,協益,20,0,20,富邦-桃園,2024-05-15,9665
2637,慧洋-KY,25,5,20,富邦-桃園,2024-05-15,9665
3005,神基,20,1,19,富邦-桃園,2024-05-15,9665
2880,華南金,25,7,18,富邦-桃園,2024-05-15,9665
00857B,永豐20年美公債,319,34,285,富邦-桃園,2024-05-16,9665
2888,新光金,253,41,212,富邦-桃園,2024-05-16,9665
5351,鈺創,206,16,190,富邦-桃園,2024-05-16,9665
00878,國泰永續高股息,220,69,151,富邦-桃園,2024-05-16,9665
2356,英業達,171,45,126,富邦-桃園,2024-05-16,9665
2382,廣達,156,37,119,富邦-桃園,2024-05-16,9665
00937B,群益ESG投等債20,249,161,88,富邦-桃園,2024-05-16,9665
00632R,元大台灣50反1,330,250,80,富邦-桃園,2024-05-16,9665
00946,群益科技高息成長,96,21,75,富邦-桃園,2024-05-16,9665
00929,復華台灣科技優息,187,120,67,富邦-桃園,2024-05-16,9665
3231,緯創,135,75,60,富邦-桃園,2024-05-16,9665
9945,潤泰新,95,39,56,富邦-桃園,2024-05-16,9665
2352,佳世達,66,10,56,富邦-桃園,2024-05-16,9665
2006,東和鋼鐵,56,0,56,富邦-桃園,2024-05-16,9665
5608,四維航,58,2,56,富邦-桃園,2024-05-16,9665
1612,宏泰,94,42,52,富邦-桃園,2024-05-16,9665
00942B,台新美A公司債20+,50,0,50,富邦-桃園,2024-05-16,9665
2501,國建,132,87,45,富邦-桃園,2024-05-16,9665
00922,國泰台灣領袖50,43,1,42,富邦-桃園,2024-05-16,9665
8234,新漢,71,33,38,富邦-桃園,2024-05-16,9665
2331,精英,62,25,37,富邦-桃園,2024-05-16,9665
6215,和椿,50,17,33,富邦-桃園,2024-05-16,9665
8054,安國,37,6,31,富邦-桃園,2024-05-16,9665
2903,遠百,32,1,31,富邦-桃園,2024-05-16,9665
1535,中宇,30,0,30,富邦-桃園,2024-05-16,9665
1532,勤美,40,11,29,富邦-桃園,2024-05-16,9665
2405,輔信,33,7,26,富邦-桃園,2024-05-16,9665
6177,達麗,31,5,26,富邦-桃園,2024-05-16,9665
1524,耿鼎,27,2,25,富邦-桃園,2024-05-16,9665
1447,力鵬,30,5,25,富邦-桃園,2024-05-16,9665
3163,波若威,37,14,23,富邦-桃園,2024-05-16,9665
1319,東陽,25,2,23,富邦-桃園,2024-05-16,9665
3390,旭軟,22,0,22,富邦-桃園,2024-05-16,9665
3047,訊舟,34,12,22,富邦-桃園,2024-05-16,9665
2515,中工,31,10,21,富邦-桃園,2024-05-16,9665
2489,瑞軒,33,13,20,富邦-桃園,2024-05-16,9665
2025,千興,20,0,20,富邦-桃園,2024-05-16,9665
4949,有成精密,20,0,20,富邦-桃園,2024-05-16,9665
6197,佳必琪,35,15,20,富邦-桃園,2024-05-16,9665
00675L,富邦臺灣加權正2,36,17,19,富邦-桃園,2024-05-16,9665
4562,穎漢,17,0,17,富邦-桃園,2024-05-16,9665
1591,駿吉-KY,20,3,17,富邦-桃園,2024-05-16,9665
3707,漢磊,16,0,16,富邦-桃園,2024-05-16,9665
3680,家登,17,1,16,富邦-桃園,2024-05-16,9665
00640L,富邦日本正2,16,0,16,富邦-桃園,2024-05-16,9665
3033,威健,16,1,15,富邦-桃園,2024-05-16,9665
2301,光寶科,14,0,14,富邦-桃園,2024-05-16,9665
2204,中華,14,0,14,富邦-桃園,2024-05-16,9665
2359,所羅門,142,128,14,富邦-桃園,2024-05-16,9665
5009,榮剛,14,1,13,富邦-桃園,2024-05-16,9665
2409,友達,680,7,673,富邦-桃園,2024-05-17,9665
2610,華航,979,598,381,富邦-桃園,2024-05-17,9665
2867,三商壽,411,46,365,富邦-桃園,2024-05-17,9665
00878,國泰永續高股息,317,44,273,富邦-桃園,2024-05-17,9665
00665L,富邦�琤肭磪囓�2,401,152,249,富邦-桃園,2024-05-17,9665
00753L,中信中國50正2,277,45,232,富邦-桃園,2024-05-17,9665
00929,復華台灣科技優息,337,124,213,富邦-桃園,2024-05-17,9665
00946,群益科技高息成長,201,1,200,富邦-桃園,2024-05-17,9665
2349,錸德,181,6,175,富邦-桃園,2024-05-17,9665
00940,元大台灣價值高息,175,25,150,富邦-桃園,2024-05-17,9665
1815,富喬,122,25,97,富邦-桃園,2024-05-17,9665
3059,華晶科,185,97,88,富邦-桃園,2024-05-17,9665
3030,德律,85,12,73,富邦-桃園,2024-05-17,9665
1708,東鹼,56,0,56,富邦-桃園,2024-05-17,9665
2637,慧洋-KY,65,9,56,富邦-桃園,2024-05-17,9665
1314,中石化,54,4,50,富邦-桃園,2024-05-17,9665
3481,群創,55,11,44,富邦-桃園,2024-05-17,9665
5512,力麒,49,5,44,富邦-桃園,2024-05-17,9665
2317,鴻海,139,97,42,富邦-桃園,2024-05-17,9665
1447,力鵬,36,1,35,富邦-桃園,2024-05-17,9665
00680L,元大美債20正2,34,0,34,富邦-桃園,2024-05-17,9665
2417,圓剛,85,53,32,富邦-桃園,2024-05-17,9665
2607,榮運,36,5,31,富邦-桃園,2024-05-17,9665
3062,建漢,30,0,30,富邦-桃園,2024-05-17,9665
2408,南亞科,31,2,29,富邦-桃園,2024-05-17,9665
9930,中聯資源,29,0,29,富邦-桃園,2024-05-17,9665
00918,大華優利高填息30,34,5,29,富邦-桃園,2024-05-17,9665
2374,佳能,246,217,29,富邦-桃園,2024-05-17,9665
1301,台塑,30,2,28,富邦-桃園,2024-05-17,9665
2543,皇昌,36,8,28,富邦-桃園,2024-05-17,9665
4545,銘鈺,31,5,26,富邦-桃園,2024-05-17,9665
00688L,國泰20年美債正2,24,0,24,富邦-桃園,2024-05-17,9665
2356,英業達,55,31,24,富邦-桃園,2024-05-17,9665
1718,中纖,23,0,23,富邦-桃園,2024-05-17,9665
3363,上詮,32,9,23,富邦-桃園,2024-05-17,9665
00944,野村趨勢動能高息,32,10,22,富邦-桃園,2024-05-17,9665
00864B,中信美國公債0-1,22,0,22,富邦-桃園,2024-05-17,9665
2731,雄獅,26,5,21,富邦-桃園,2024-05-17,9665
2365,昆盈,28,7,21,富邦-桃園,2024-05-17,9665
2834,臺企銀,22,2,20,富邦-桃園,2024-05-17,9665
1449,佳和,20,0,20,富邦-桃園,2024-05-17,9665
2020,美亞,21,1,20,富邦-桃園,2024-05-17,9665
2352,佳世達,27,8,19,富邦-桃園,2024-05-17,9665
6257,矽格,20,1,19,富邦-桃園,2024-05-17,9665
3266,昇陽,25,6,19,富邦-桃園,2024-05-17,9665
2855,統一證,20,1,19,富邦-桃園,2024-05-17,9665
8086,宏捷科,18,0,18,富邦-桃園,2024-05-17,9665
00905,FT臺灣Smart,17,0,17,富邦-桃園,2024-05-17,9665
2301,光寶科,23,6,17,富邦-桃園,2024-05-17,9665
1618,合機,20,3,17,富邦-桃園,2024-05-17,9665
00929,復華台灣科技優息,882,24,858,富邦-桃園,2024-05-20,9665
2610,華航,858,372,486,富邦-桃園,2024-05-20,9665
2371,大同,220,14,206,富邦-桃園,2024-05-20,9665
00937B,群益ESG投等債20,200,39,161,富邦-桃園,2024-05-20,9665
2618,長榮航,315,160,155,富邦-桃園,2024-05-20,9665
00650L,復華香港正2,145,6,139,富邦-桃園,2024-05-20,9665
3481,群創,148,11,137,富邦-桃園,2024-05-20,9665
6125,廣運,214,82,132,富邦-桃園,2024-05-20,9665
00919,群益台灣精選高息,202,84,118,富邦-桃園,2024-05-20,9665
00679B,元大美債20年,80,6,74,富邦-桃園,2024-05-20,9665
2881,富邦金,79,13,66,富邦-桃園,2024-05-20,9665
3010,華立,57,5,52,富邦-桃園,2024-05-20,9665
3231,緯創,54,4,50,富邦-桃園,2024-05-20,9665
2317,鴻海,99,50,49,富邦-桃園,2024-05-20,9665
00680L,元大美債20正2,48,3,45,富邦-桃園,2024-05-20,9665
6509,聚和,47,2,45,富邦-桃園,2024-05-20,9665
2905,三商,44,0,44,富邦-桃園,2024-05-20,9665
2367,燿華,162,122,40,富邦-桃園,2024-05-20,9665
2515,中工,41,4,37,富邦-桃園,2024-05-20,9665
2834,臺企銀,37,2,35,富邦-桃園,2024-05-20,9665
3591,艾笛森,35,0,35,富邦-桃園,2024-05-20,9665
3313,斐成,37,2,35,富邦-桃園,2024-05-20,9665
4167,松瑞藥,45,11,34,富邦-桃園,2024-05-20,9665
00922,國泰台灣領袖50,27,0,27,富邦-桃園,2024-05-20,9665
00915,凱基優選高股息30,26,0,26,富邦-桃園,2024-05-20,9665
6153,嘉聯益,25,0,25,富邦-桃園,2024-05-20,9665
2520,冠德,72,48,24,富邦-桃園,2024-05-20,9665
2362,藍天,66,42,24,富邦-桃園,2024-05-20,9665
2329,華泰,25,1,24,富邦-桃園,2024-05-20,9665
3324,雙鴻,29,6,23,富邦-桃園,2024-05-20,9665
1608,華榮,87,64,23,富邦-桃園,2024-05-20,9665
2606,裕民,26,4,22,富邦-桃園,2024-05-20,9665
2204,中華,22,0,22,富邦-桃園,2024-05-20,9665
2867,三商壽,118,97,21,富邦-桃園,2024-05-20,9665
00918,大華優利高填息30,22,2,20,富邦-桃園,2024-05-20,9665
1104,環泥,20,0,20,富邦-桃園,2024-05-20,9665
2347,聯強,20,1,19,富邦-桃園,2024-05-20,9665
2611,志信,21,2,19,富邦-桃園,2024-05-20,9665
3060,銘異,33,14,19,富邦-桃園,2024-05-20,9665
2352,佳世達,19,1,18,富邦-桃園,2024-05-20,9665
5371,中光電,19,1,18,富邦-桃園,2024-05-20,9665
00946,群益科技高息成長,121,104,17,富邦-桃園,2024-05-20,9665
8028,昇陽半導體,35,19,16,富邦-桃園,2024-05-20,9665
1708,東鹼,16,0,16,富邦-桃園,2024-05-20,9665
2022,聚亨,17,1,16,富邦-桃園,2024-05-20,9665
1905,華紙,21,5,16,富邦-桃園,2024-05-20,9665
2025,千興,16,0,16,富邦-桃園,2024-05-20,9665
2634,漢翔,78,62,16,富邦-桃園,2024-05-20,9665
9945,潤泰新,31,16,15,富邦-桃園,2024-05-20,9665
00940,元大台灣價值高息,213,197,16,富邦-桃園,2024-05-20,9665
00929,復華台灣科技優息,320,50,270,富邦-桃園,2024-05-21,9665
00878,國泰永續高股息,164,22,142,富邦-桃園,2024-05-21,9665
00937B,群益ESG投等債20,118,11,107,富邦-桃園,2024-05-21,9665
00650L,復華香港正2,104,0,104,富邦-桃園,2024-05-21,9665
2618,長榮航,163,67,96,富邦-桃園,2024-05-21,9665
3481,群創,87,1,86,富邦-桃園,2024-05-21,9665
00919,群益台灣精選高息,140,56,84,富邦-桃園,2024-05-21,9665
2834,臺企銀,85,5,80,富邦-桃園,2024-05-21,9665
2603,長榮,119,41,78,富邦-桃園,2024-05-21,9665
00881,國泰台灣5G+,81,4,77,富邦-桃園,2024-05-21,9665
2348,海悅,75,1,74,富邦-桃園,2024-05-21,9665
2409,友達,92,33,59,富邦-桃園,2024-05-21,9665
2374,佳能,115,59,56,富邦-桃園,2024-05-21,9665
3033,威健,78,23,55,富邦-桃園,2024-05-21,9665
00751B,元大AAA至A公司債,55,0,55,富邦-桃園,2024-05-21,9665
2867,三商壽,167,113,54,富邦-桃園,2024-05-21,9665
1536,和大,53,0,53,富邦-桃園,2024-05-21,9665
00946,群益科技高息成長,55,2,53,富邦-桃園,2024-05-21,9665
5508,永信建,50,0,50,富邦-桃園,2024-05-21,9665
3535,晶彩科,63,13,50,富邦-桃園,2024-05-21,9665
00679B,元大美債20年,65,16,49,富邦-桃園,2024-05-21,9665
00940,元大台灣價值高息,86,38,48,富邦-桃園,2024-05-21,9665
2504,國產,43,1,42,富邦-桃園,2024-05-21,9665
3052,夆典,40,0,40,富邦-桃園,2024-05-21,9665
3356,奇偶,70,33,37,富邦-桃園,2024-05-21,9665
00882,中信中國高股息,86,50,36,富邦-桃園,2024-05-21,9665
3036,文曄,34,4,30,富邦-桃園,2024-05-21,9665
00915,凱基優選高股息30,31,2,29,富邦-桃園,2024-05-21,9665
6147,頎邦,30,1,29,富邦-桃園,2024-05-21,9665
2102,泰豐,29,0,29,富邦-桃園,2024-05-21,9665
1301,台塑,28,0,28,富邦-桃園,2024-05-21,9665
00944,野村趨勢動能高息,25,0,25,富邦-桃園,2024-05-21,9665
8463,潤泰材,25,0,25,富邦-桃園,2024-05-21,9665
2891,中信金,32,7,25,富邦-桃園,2024-05-21,9665
6770,力積電,27,4,23,富邦-桃園,2024-05-21,9665
1514,亞力,31,10,21,富邦-桃園,2024-05-21,9665
00918,大華優利高填息30,23,3,20,富邦-桃園,2024-05-21,9665
6167,久正,20,0,20,富邦-桃園,2024-05-21,9665
2329,華泰,70,51,19,富邦-桃園,2024-05-21,9665
2491,吉祥全,19,0,19,富邦-桃園,2024-05-21,9665
2611,志信,24,5,19,富邦-桃園,2024-05-21,9665
4533,協易機,51,32,19,富邦-桃園,2024-05-21,9665
2880,華南金,24,6,18,富邦-桃園,2024-05-21,9665
2109,華豐,20,2,18,富邦-桃園,2024-05-21,9665
2547,日勝生,18,0,18,富邦-桃園,2024-05-21,9665
8111,立��,20,2,18,富邦-桃園,2024-05-21,9665
6215,和椿,40,22,18,富邦-桃園,2024-05-21,9665
1702,南僑,17,0,17,富邦-桃園,2024-05-21,9665
1342,八貫,17,0,17,富邦-桃園,2024-05-21,9665
2007,燁興,83,66,17,富邦-桃園,2024-05-21,9665
00632R,元大台灣50反1,327,113,214,富邦-桃園,2024-05-22,9665
1447,力鵬,211,0,211,富邦-桃園,2024-05-22,9665
6005,群益證,201,35,166,富邦-桃園,2024-05-22,9665
2367,燿華,377,246,131,富邦-桃園,2024-05-22,9665
2610,華航,1234,1113,121,富邦-桃園,2024-05-22,9665
6188,廣明,205,93,112,富邦-桃園,2024-05-22,9665
2002,中鋼,105,1,104,富邦-桃園,2024-05-22,9665
1301,台塑,110,10,100,富邦-桃園,2024-05-22,9665
2352,佳世達,105,5,100,富邦-桃園,2024-05-22,9665
6125,廣運,177,100,77,富邦-桃園,2024-05-22,9665
3013,晟銘電,278,210,68,富邦-桃園,2024-05-22,9665
00930,永豐ESG低碳高息,57,0,57,富邦-桃園,2024-05-22,9665
8110,華東,71,18,53,富邦-桃園,2024-05-22,9665
2324,仁寶,230,179,51,富邦-桃園,2024-05-22,9665
2009,第一銅,182,131,51,富邦-桃園,2024-05-22,9665
2388,威盛,52,4,48,富邦-桃園,2024-05-22,9665
00946,群益科技高息成長,81,35,46,富邦-桃園,2024-05-22,9665
5230,雷笛克光學,60,14,46,富邦-桃園,2024-05-22,9665
2354,鴻準,58,13,45,富邦-桃園,2024-05-22,9665
00937B,群益ESG投等債20,131,88,43,富邦-桃園,2024-05-22,9665
2489,瑞軒,279,236,43,富邦-桃園,2024-05-22,9665
00680L,元大美債20正2,44,2,42,富邦-桃園,2024-05-22,9665
1612,宏泰,111,72,39,富邦-桃園,2024-05-22,9665
2465,麗臺,67,29,38,富邦-桃園,2024-05-22,9665
00665L,富邦�琤肭磪囓�2,128,93,35,富邦-桃園,2024-05-22,9665
00751B,元大AAA至A公司債,31,0,31,富邦-桃園,2024-05-22,9665
1608,華榮,49,19,30,富邦-桃園,2024-05-22,9665
3706,神達,79,51,28,富邦-桃園,2024-05-22,9665
00932,兆豐永續高息等權,34,6,28,富邦-桃園,2024-05-22,9665
2014,中鴻,28,0,28,富邦-桃園,2024-05-22,9665
2515,中工,30,3,27,富邦-桃園,2024-05-22,9665
00715L,期街口布蘭特正2,27,0,27,富邦-桃園,2024-05-22,9665
1605,華新,40,13,27,富邦-桃園,2024-05-22,9665
3360,尚立,35,8,27,富邦-桃園,2024-05-22,9665
5475,德宏,33,6,27,富邦-桃園,2024-05-22,9665
2356,英業達,62,37,25,富邦-桃園,2024-05-22,9665
3049,精金,25,1,24,富邦-桃園,2024-05-22,9665
8071,能率網通,52,28,24,富邦-桃園,2024-05-22,9665
4956,光鋐,24,0,24,富邦-桃園,2024-05-22,9665
6806,森崴能源,23,0,23,富邦-桃園,2024-05-22,9665
2634,漢翔,31,8,23,富邦-桃園,2024-05-22,9665
00936,台新永續高息中小,23,0,23,富邦-桃園,2024-05-22,9665
3060,銘異,32,9,23,富邦-桃園,2024-05-22,9665
00881,國泰台灣5G+,40,18,22,富邦-桃園,2024-05-22,9665
8234,新漢,25,3,22,富邦-桃園,2024-05-22,9665
00944,野村趨勢動能高息,22,0,22,富邦-桃園,2024-05-22,9665
2204,中華,22,1,21,富邦-桃園,2024-05-22,9665
1582,信錦,23,2,21,富邦-桃園,2024-05-22,9665
00640L,富邦日本正2,21,0,21,富邦-桃園,2024-05-22,9665
1587,吉茂,26,6,20,富邦-桃園,2024-05-22,9665
1815,富喬,618,257,361,富邦-桃園,2024-05-23,9665
00632R,元大台灣50反1,203,2,201,富邦-桃園,2024-05-23,9665
00937B,群益ESG投等債20,302,130,172,富邦-桃園,2024-05-23,9665
2356,英業達,154,24,130,富邦-桃園,2024-05-23,9665
2409,友達,150,26,124,富邦-桃園,2024-05-23,9665
00857B,永豐20年美公債,120,0,120,富邦-桃園,2024-05-23,9665
00946,群益科技高息成長,107,1,106,富邦-桃園,2024-05-23,9665
2324,仁寶,229,124,105,富邦-桃園,2024-05-23,9665
2002,中鋼,97,11,86,富邦-桃園,2024-05-23,9665
00878,國泰永續高股息,109,24,85,富邦-桃園,2024-05-23,9665
3033,威健,78,6,72,富邦-桃園,2024-05-23,9665
2009,第一銅,110,38,72,富邦-桃園,2024-05-23,9665
2353,宏��,312,247,65,富邦-桃園,2024-05-23,9665
2897,王道銀行,65,0,65,富邦-桃園,2024-05-23,9665
6235,華孚,60,0,60,富邦-桃園,2024-05-23,9665
00882,中信中國高股息,61,3,58,富邦-桃園,2024-05-23,9665
6116,彩晶,53,1,52,富邦-桃園,2024-05-23,9665
00712,復華富時不動產,52,1,51,富邦-桃園,2024-05-23,9665
00936,台新永續高息中小,83,36,47,富邦-桃園,2024-05-23,9665
00633L,富邦上証正2,45,0,45,富邦-桃園,2024-05-23,9665
2371,大同,92,47,45,富邦-桃園,2024-05-23,9665
6147,頎邦,41,0,41,富邦-桃園,2024-05-23,9665
2363,矽統,59,21,38,富邦-桃園,2024-05-23,9665
4167,松瑞藥,38,0,38,富邦-桃園,2024-05-23,9665
2605,新興,48,13,35,富邦-桃園,2024-05-23,9665
2352,佳世達,71,37,34,富邦-桃園,2024-05-23,9665
1342,八貫,34,1,33,富邦-桃園,2024-05-23,9665
3058,立德,33,1,32,富邦-桃園,2024-05-23,9665
2302,麗正,38,6,32,富邦-桃園,2024-05-23,9665
2204,中華,30,0,30,富邦-桃園,2024-05-23,9665
00940,元大台灣價值高息,55,25,30,富邦-桃園,2024-05-23,9665
2609,陽明,42,14,28,富邦-桃園,2024-05-23,9665
6215,和椿,45,17,28,富邦-桃園,2024-05-23,9665
00764B,群益25年美債,29,1,28,富邦-桃園,2024-05-23,9665
2376,技嘉,38,11,27,富邦-桃園,2024-05-23,9665
3363,上詮,86,59,27,富邦-桃園,2024-05-23,9665
6120,達運,27,0,27,富邦-桃園,2024-05-23,9665
2915,潤泰全,26,0,26,富邦-桃園,2024-05-23,9665
00715L,期街口布蘭特正2,31,5,26,富邦-桃園,2024-05-23,9665
00944,野村趨勢動能高息,25,0,25,富邦-桃園,2024-05-23,9665
2359,所羅門,124,100,24,富邦-桃園,2024-05-23,9665
6213,聯茂,44,20,24,富邦-桃園,2024-05-23,9665
1609,大亞,30,6,24,富邦-桃園,2024-05-23,9665
4746,台耀,23,0,23,富邦-桃園,2024-05-23,9665
2883,凱基金,31,9,22,富邦-桃園,2024-05-23,9665
5522,遠雄,23,1,22,富邦-桃園,2024-05-23,9665
4114,健喬,23,1,22,富邦-桃園,2024-05-23,9665
5426,振發,28,6,22,富邦-桃園,2024-05-23,9665
2611,志信,23,2,21,富邦-桃園,2024-05-23,9665
00650L,復華香港正2,23,2,21,富邦-桃園,2024-05-23,9665
3047,訊舟,308,19,289,富邦-桃園,2024-05-24,9665
00937B,群益ESG投等債20,310,43,267,富邦-桃園,2024-05-24,9665
2365,昆盈,240,92,148,富邦-桃園,2024-05-24,9665
00764B,群益25年美債,150,10,140,富邦-桃園,2024-05-24,9665
00712,復華富時不動產,115,3,112,富邦-桃園,2024-05-24,9665
00940,元大台灣價值高息,182,76,106,富邦-桃園,2024-05-24,9665
00946,群益科技高息成長,102,0,102,富邦-桃園,2024-05-24,9665
2610,華航,292,204,88,富邦-桃園,2024-05-24,9665
6147,頎邦,85,2,83,富邦-桃園,2024-05-24,9665
00650L,復華香港正2,80,0,80,富邦-桃園,2024-05-24,9665
00933B,國泰10Y+金融債,91,22,69,富邦-桃園,2024-05-24,9665
2867,三商壽,61,0,61,富邦-桃園,2024-05-24,9665
2349,錸德,63,2,61,富邦-桃園,2024-05-24,9665
2891,中信金,60,1,59,富邦-桃園,2024-05-24,9665
6425,易發,57,8,49,富邦-桃園,2024-05-24,9665
1342,八貫,47,0,47,富邦-桃園,2024-05-24,9665
2392,正崴,145,98,47,富邦-桃園,2024-05-24,9665
2547,日勝生,45,0,45,富邦-桃園,2024-05-24,9665
1444,力麗,40,0,40,富邦-桃園,2024-05-24,9665
2356,英業達,75,37,38,富邦-桃園,2024-05-24,9665
2486,一詮,139,102,37,富邦-桃園,2024-05-24,9665
2352,佳世達,37,1,36,富邦-桃園,2024-05-24,9665
00720B,元大投資級公司債,33,0,33,富邦-桃園,2024-05-24,9665
00679B,元大美債20年,43,11,32,富邦-桃園,2024-05-24,9665
2002,中鋼,31,1,30,富邦-桃園,2024-05-24,9665
2102,泰豐,30,1,29,富邦-桃園,2024-05-24,9665
2609,陽明,67,39,28,富邦-桃園,2024-05-24,9665
00929,復華台灣科技優息,162,134,28,富邦-桃園,2024-05-24,9665
2368,金像電,28,2,26,富邦-桃園,2024-05-24,9665
2834,臺企銀,31,6,25,富邦-桃園,2024-05-24,9665
00941,中信上游半導體,27,4,23,富邦-桃園,2024-05-24,9665
2330,台積電,32,9,23,富邦-桃園,2024-05-24,9665
6125,廣運,95,73,22,富邦-桃園,2024-05-24,9665
2337,旺宏,22,0,22,富邦-桃園,2024-05-24,9665
00936,台新永續高息中小,22,0,22,富邦-桃園,2024-05-24,9665
2206,三陽工業,26,4,22,富邦-桃園,2024-05-24,9665
4532,瑞智,24,2,22,富邦-桃園,2024-05-24,9665
8064,東捷,29,7,22,富邦-桃園,2024-05-24,9665
00687B,國泰20年美債,23,1,22,富邦-桃園,2024-05-24,9665
1802,台玻,21,0,21,富邦-桃園,2024-05-24,9665
2355,敬鵬,21,1,20,富邦-桃園,2024-05-24,9665
6411,晶焱,20,0,20,富邦-桃園,2024-05-24,9665
2241,艾姆勒,47,28,19,富邦-桃園,2024-05-24,9665
1810,和成,147,128,19,富邦-桃園,2024-05-24,9665
2007,燁興,20,2,18,富邦-桃園,2024-05-24,9665
1608,華榮,24,6,18,富邦-桃園,2024-05-24,9665
4543,萬在,26,9,17,富邦-桃園,2024-05-24,9665
1314,中石化,17,1,16,富邦-桃園,2024-05-24,9665
2359,所羅門,111,94,17,富邦-桃園,2024-05-24,9665
6209,今國光,40,24,16,富邦-桃園,2024-05-24,9665
5498,凱崴,613,246,367,富邦-桃園,2024-05-27,9665
00882,中信中國高股息,336,13,323,富邦-桃園,2024-05-27,9665
00937B,群益ESG投等債20,298,6,292,富邦-桃園,2024-05-27,9665
00665L,富邦�琤肭磪囓�2,503,230,273,富邦-桃園,2024-05-27,9665
2883,凱基金,196,2,194,富邦-桃園,2024-05-27,9665
2618,長榮航,126,24,102,富邦-桃園,2024-05-27,9665
1314,中石化,100,6,94,富邦-桃園,2024-05-27,9665
2002,中鋼,116,31,85,富邦-桃園,2024-05-27,9665
00632R,元大台灣50反1,293,208,85,富邦-桃園,2024-05-27,9665
2352,佳世達,117,35,82,富邦-桃園,2024-05-27,9665
2392,正崴,135,60,75,富邦-桃園,2024-05-27,9665
5608,四維航,89,17,72,富邦-桃園,2024-05-27,9665
00946,群益科技高息成長,73,2,71,富邦-桃園,2024-05-27,9665
3689,湧德,171,104,67,富邦-桃園,2024-05-27,9665
00772B,中信高評級公司債,63,6,57,富邦-桃園,2024-05-27,9665
2353,宏��,294,241,53,富邦-桃園,2024-05-27,9665
2511,太子,50,0,50,富邦-桃園,2024-05-27,9665
2515,中工,46,0,46,富邦-桃園,2024-05-27,9665
2405,輔信,59,13,46,富邦-桃園,2024-05-27,9665
2881,富邦金,54,8,46,富邦-桃園,2024-05-27,9665
00679B,元大美債20年,44,0,44,富邦-桃園,2024-05-27,9665
3437,榮創,43,0,43,富邦-桃園,2024-05-27,9665
3666,光耀,40,0,40,富邦-桃園,2024-05-27,9665
1815,富喬,190,150,40,富邦-桃園,2024-05-27,9665
2888,新光金,43,5,38,富邦-桃園,2024-05-27,9665
2845,遠東銀,40,3,37,富邦-桃園,2024-05-27,9665
2498,宏達電,43,6,37,富邦-桃園,2024-05-27,9665
2476,鉅祥,40,4,36,富邦-桃園,2024-05-27,9665
2363,矽統,207,172,35,富邦-桃園,2024-05-27,9665
00922,國泰台灣領袖50,32,0,32,富邦-桃園,2024-05-27,9665
2406,國碩,34,3,31,富邦-桃園,2024-05-27,9665
2610,華航,501,471,30,富邦-桃園,2024-05-27,9665
2359,所羅門,54,24,30,富邦-桃園,2024-05-27,9665
00923,群益台ESG低碳50,40,14,26,富邦-桃園,2024-05-27,9665
2330,台積電,28,3,25,富邦-桃園,2024-05-27,9665
6770,力積電,24,0,24,富邦-桃園,2024-05-27,9665
1809,中釉,26,3,23,富邦-桃園,2024-05-27,9665
5234,達興材料,30,7,23,富邦-桃園,2024-05-27,9665
00864B,中信美國公債0-1,22,0,22,富邦-桃園,2024-05-27,9665
00895,富邦未來車,24,3,21,富邦-桃園,2024-05-27,9665
3605,宏致,27,6,21,富邦-桃園,2024-05-27,9665
3163,波若威,35,14,21,富邦-桃園,2024-05-27,9665
912000,晨訊科-DR,22,2,20,富邦-桃園,2024-05-27,9665
3083,網龍,20,0,20,富邦-桃園,2024-05-27,9665
8277,商丞,20,0,20,富邦-桃園,2024-05-27,9665
00708L,期元大S＆P黃金正2,20,0,20,富邦-桃園,2024-05-27,9665
4167,松瑞藥,20,0,20,富邦-桃園,2024-05-27,9665
3499,環天科,20,1,19,富邦-桃園,2024-05-27,9665
3017,奇鋐,28,9,19,富邦-桃園,2024-05-27,9665
1612,宏泰,40,22,18,富邦-桃園,2024-05-27,9665
00946,群益科技高息成長,181,7,174,富邦-桃園,2024-05-28,9665
2354,鴻準,361,227,134,富邦-桃園,2024-05-28,9665
00665L,富邦�琤肭磪囓�2,1055,934,121,富邦-桃園,2024-05-28,9665
00941,中信上游半導體,136,20,116,富邦-桃園,2024-05-28,9665
2634,漢翔,106,3,103,富邦-桃園,2024-05-28,9665
4714,永捷,156,53,103,富邦-桃園,2024-05-28,9665
00937B,群益ESG投等債20,388,288,100,富邦-桃園,2024-05-28,9665
3576,聯合再生,102,5,97,富邦-桃園,2024-05-28,9665
2610,華航,696,604,92,富邦-桃園,2024-05-28,9665
00633L,富邦上証正2,87,5,82,富邦-桃園,2024-05-28,9665
3450,聯鈞,161,90,71,富邦-桃園,2024-05-28,9665
1815,富喬,229,158,71,富邦-桃園,2024-05-28,9665
2891,中信金,79,13,66,富邦-桃園,2024-05-28,9665
6125,廣運,128,65,63,富邦-桃園,2024-05-28,9665
2609,陽明,121,61,60,富邦-桃園,2024-05-28,9665
2353,宏��,147,89,58,富邦-桃園,2024-05-28,9665
00679B,元大美債20年,62,8,54,富邦-桃園,2024-05-28,9665
00712,復華富時不動產,54,1,53,富邦-桃園,2024-05-28,9665
4956,光鋐,60,10,50,富邦-桃園,2024-05-28,9665
3481,群創,59,12,47,富邦-桃園,2024-05-28,9665
2464,盟立,103,57,46,富邦-桃園,2024-05-28,9665
2365,昆盈,45,3,42,富邦-桃園,2024-05-28,9665
5371,中光電,62,22,40,富邦-桃園,2024-05-28,9665
2382,廣達,45,8,37,富邦-桃園,2024-05-28,9665
3024,憶聲,42,7,35,富邦-桃園,2024-05-28,9665
2313,華通,40,6,34,富邦-桃園,2024-05-28,9665
2211,長榮鋼,34,0,34,富邦-桃園,2024-05-28,9665
3694,海華,35,3,32,富邦-桃園,2024-05-28,9665
00933B,國泰10Y+金融債,42,10,32,富邦-桃園,2024-05-28,9665
2615,萬海,56,25,31,富邦-桃園,2024-05-28,9665
00929,復華台灣科技優息,256,225,31,富邦-桃園,2024-05-28,9665
00673R,期元大S＆P原油反1,31,0,31,富邦-桃園,2024-05-28,9665
00720B,元大投資級公司債,30,0,30,富邦-桃園,2024-05-28,9665
2607,榮運,31,1,30,富邦-桃園,2024-05-28,9665
1604,聲寶,30,1,29,富邦-桃園,2024-05-28,9665
3520,華盈,30,2,28,富邦-桃園,2024-05-28,9665
2482,連宇,27,0,27,富邦-桃園,2024-05-28,9665
6668,中揚光,31,4,27,富邦-桃園,2024-05-28,9665
2330,台積電,29,3,26,富邦-桃園,2024-05-28,9665
9945,潤泰新,31,6,25,富邦-桃園,2024-05-28,9665
00751B,元大AAA至A公司債,25,0,25,富邦-桃園,2024-05-28,9665
2409,友達,30,6,24,富邦-桃園,2024-05-28,9665
00878,國泰永續高股息,78,55,23,富邦-桃園,2024-05-28,9665
00680L,元大美債20正2,22,0,22,富邦-桃園,2024-05-28,9665
00918,大華優利高填息30,23,1,22,富邦-桃園,2024-05-28,9665
2301,光寶科,34,13,21,富邦-桃園,2024-05-28,9665
2002,中鋼,35,14,21,富邦-桃園,2024-05-28,9665
00713,元大台灣高息低波,22,1,21,富邦-桃園,2024-05-28,9665
00922,國泰台灣領袖50,21,1,20,富邦-桃園,2024-05-28,9665
6244,茂迪,20,0,20,富邦-桃園,2024-05-28,9665
00687B,國泰20年美債,570,31,539,富邦-桃園,2024-05-29,9665
00857B,永豐20年美公債,441,110,331,富邦-桃園,2024-05-29,9665
00878,國泰永續高股息,307,43,264,富邦-桃園,2024-05-29,9665
4714,永捷,241,9,232,富邦-桃園,2024-05-29,9665
00679B,元大美債20年,164,1,163,富邦-桃園,2024-05-29,9665
2610,華航,833,689,144,富邦-桃園,2024-05-29,9665
00933B,國泰10Y+金融債,143,4,139,富邦-桃園,2024-05-29,9665
00680L,元大美債20正2,149,17,132,富邦-桃園,2024-05-29,9665
00650L,復華香港正2,113,0,113,富邦-桃園,2024-05-29,9665
00764B,群益25年美債,109,0,109,富邦-桃園,2024-05-29,9665
2353,宏��,197,104,93,富邦-桃園,2024-05-29,9665
2409,友達,96,6,90,富邦-桃園,2024-05-29,9665
00941,中信上游半導體,115,25,90,富邦-桃園,2024-05-29,9665
2641,正德,130,41,89,富邦-桃園,2024-05-29,9665
00751B,元大AAA至A公司債,84,0,84,富邦-桃園,2024-05-29,9665
2349,錸德,95,12,83,富邦-桃園,2024-05-29,9665
3380,明泰,100,19,81,富邦-桃園,2024-05-29,9665
2365,昆盈,101,20,81,富邦-桃園,2024-05-29,9665
5880,合庫金,79,0,79,富邦-桃園,2024-05-29,9665
2401,凌陽,146,70,76,富邦-桃園,2024-05-29,9665
00712,復華富時不動產,79,10,69,富邦-桃園,2024-05-29,9665
2363,矽統,128,61,67,富邦-桃園,2024-05-29,9665
2891,中信金,83,16,67,富邦-桃園,2024-05-29,9665
2382,廣達,119,53,66,富邦-桃園,2024-05-29,9665
2880,華南金,65,1,64,富邦-桃園,2024-05-29,9665
2313,華通,67,7,60,富邦-桃園,2024-05-29,9665
2883,凱基金,71,12,59,富邦-桃園,2024-05-29,9665
00753L,中信中國50正2,58,0,58,富邦-桃園,2024-05-29,9665
2884,玉山金,78,20,58,富邦-桃園,2024-05-29,9665
00665L,富邦�琤肭磪囓�2,56,0,56,富邦-桃園,2024-05-29,9665
00653L,富邦印度正2,55,0,55,富邦-桃園,2024-05-29,9665
3231,緯創,74,19,55,富邦-桃園,2024-05-29,9665
2614,東森,55,1,54,富邦-桃園,2024-05-29,9665
00919,群益台灣精選高息,130,77,53,富邦-桃園,2024-05-29,9665
2354,鴻準,191,138,53,富邦-桃園,2024-05-29,9665
6189,豐藝,100,49,51,富邦-桃園,2024-05-29,9665
2330,台積電,54,4,50,富邦-桃園,2024-05-29,9665
1722,台肥,50,0,50,富邦-桃園,2024-05-29,9665
2317,鴻海,92,44,48,富邦-桃園,2024-05-29,9665
1101,台泥,50,4,46,富邦-桃園,2024-05-29,9665
1303,南亞,45,0,45,富邦-桃園,2024-05-29,9665
1802,台玻,47,2,45,富邦-桃園,2024-05-29,9665
5608,四維航,87,42,45,富邦-桃園,2024-05-29,9665
2489,瑞軒,244,202,42,富邦-桃園,2024-05-29,9665
3048,益登,45,7,38,富邦-桃園,2024-05-29,9665
3047,訊舟,165,127,38,富邦-桃園,2024-05-29,9665
00795B,中信美國公債20年,35,0,35,富邦-桃園,2024-05-29,9665
2515,中工,44,10,34,富邦-桃園,2024-05-29,9665
00772B,中信高評級公司債,33,0,33,富邦-桃園,2024-05-29,9665
00922,國泰台灣領袖50,33,1,32,富邦-桃園,2024-05-29,9665
00929,復華台灣科技優息,517,157,360,富邦-桃園,2024-05-30,9665
00940,元大台灣價值高息,301,60,241,富邦-桃園,2024-05-30,9665
00937B,群益ESG投等債20,340,119,221,富邦-桃園,2024-05-30,9665
00942B,台新美A公司債20+,202,5,197,富邦-桃園,2024-05-30,9665
00679B,元大美債20年,163,0,163,富邦-桃園,2024-05-30,9665
00919,群益台灣精選高息,182,22,160,富邦-桃園,2024-05-30,9665
00688L,國泰20年美債正2,152,1,151,富邦-桃園,2024-05-30,9665
00680L,元大美債20正2,118,1,117,富邦-桃園,2024-05-30,9665
2353,宏��,230,121,109,富邦-桃園,2024-05-30,9665
00687B,國泰20年美債,101,0,101,富邦-桃園,2024-05-30,9665
2312,金寶,87,0,87,富邦-桃園,2024-05-30,9665
2382,廣達,105,19,86,富邦-桃園,2024-05-30,9665
2409,友達,112,27,85,富邦-桃園,2024-05-30,9665
2301,光寶科,84,1,83,富邦-桃園,2024-05-30,9665
2002,中鋼,81,4,77,富邦-桃園,2024-05-30,9665
00753L,中信中國50正2,76,0,76,富邦-桃園,2024-05-30,9665
1471,首利,76,1,75,富邦-桃園,2024-05-30,9665
00946,群益科技高息成長,71,0,71,富邦-桃園,2024-05-30,9665
2344,華邦電,70,1,69,富邦-桃園,2024-05-30,9665
00752,中信中國50,62,0,62,富邦-桃園,2024-05-30,9665
2027,大成鋼,61,0,61,富邦-桃園,2024-05-30,9665
00650L,復華香港正2,61,3,58,富邦-桃園,2024-05-30,9665
6505,台塑化,52,0,52,富邦-桃園,2024-05-30,9665
1444,力麗,49,0,49,富邦-桃園,2024-05-30,9665
2317,鴻海,104,56,48,富邦-桃園,2024-05-30,9665
2891,中信金,61,14,47,富邦-桃園,2024-05-30,9665
2886,兆豐金,47,0,47,富邦-桃園,2024-05-30,9665
2834,臺企銀,45,0,45,富邦-桃園,2024-05-30,9665
3004,豐達科,45,0,45,富邦-桃園,2024-05-30,9665
00933B,國泰10Y+金融債,49,7,42,富邦-桃園,2024-05-30,9665
00830,國泰費城半導體,44,3,41,富邦-桃園,2024-05-30,9665
2330,台積電,46,6,40,富邦-桃園,2024-05-30,9665
4562,穎漢,93,53,40,富邦-桃園,2024-05-30,9665
2363,矽統,120,85,35,富邦-桃園,2024-05-30,9665
1218,泰山,38,3,35,富邦-桃園,2024-05-30,9665
5880,合庫金,36,1,35,富邦-桃園,2024-05-30,9665
2883,凱基金,44,10,34,富邦-桃園,2024-05-30,9665
00915,凱基優選高股息30,39,5,34,富邦-桃園,2024-05-30,9665
6209,今國光,94,61,33,富邦-桃園,2024-05-30,9665
3037,欣興,34,2,32,富邦-桃園,2024-05-30,9665
2880,華南金,34,2,32,富邦-桃園,2024-05-30,9665
00675L,富邦臺灣加權正2,32,1,31,富邦-桃園,2024-05-30,9665
2515,中工,31,2,29,富邦-桃園,2024-05-30,9665
00751B,元大AAA至A公司債,29,0,29,富邦-桃園,2024-05-30,9665
1303,南亞,32,3,29,富邦-桃園,2024-05-30,9665
00713,元大台灣高息低波,32,3,29,富邦-桃園,2024-05-30,9665
2801,彰銀,41,13,28,富邦-桃園,2024-05-30,9665
2354,鴻準,98,70,28,富邦-桃園,2024-05-30,9665
2465,麗臺,40,13,27,富邦-桃園,2024-05-30,9665
2610,華航,282,256,26,富邦-桃園,2024-05-30,9665
00937B,群益ESG投等債20,642,188,454,富邦-桃園,2024-05-31,9665
2409,友達,364,9,355,富邦-桃園,2024-05-31,9665
2609,陽明,333,123,210,富邦-桃園,2024-05-31,9665
00919,群益台灣精選高息,240,63,177,富邦-桃園,2024-05-31,9665
2317,鴻海,213,40,173,富邦-桃園,2024-05-31,9665
00946,群益科技高息成長,121,15,106,富邦-桃園,2024-05-31,9665
3231,緯創,139,39,100,富邦-桃園,2024-05-31,9665
00942B,台新美A公司債20+,100,4,96,富邦-桃園,2024-05-31,9665
00679B,元大美債20年,83,7,76,富邦-桃園,2024-05-31,9665
3691,碩禾,75,0,75,富邦-桃園,2024-05-31,9665
2834,臺企銀,91,16,75,富邦-桃園,2024-05-31,9665
00939,統一台灣高息動能,69,0,69,富邦-桃園,2024-05-31,9665
2867,三商壽,98,41,57,富邦-桃園,2024-05-31,9665
5512,力麒,54,1,53,富邦-桃園,2024-05-31,9665
3062,建漢,53,1,52,富邦-桃園,2024-05-31,9665
2365,昆盈,63,11,52,富邦-桃園,2024-05-31,9665
2382,廣達,58,9,49,富邦-桃園,2024-05-31,9665
00878,國泰永續高股息,83,35,48,富邦-桃園,2024-05-31,9665
2331,精英,78,31,47,富邦-桃園,2024-05-31,9665
2002,中鋼,47,1,46,富邦-桃園,2024-05-31,9665
3030,德律,46,3,43,富邦-桃園,2024-05-31,9665
2330,台積電,46,4,42,富邦-桃園,2024-05-31,9665
8107,大億金茂,43,3,40,富邦-桃園,2024-05-31,9665
00715L,期街口布蘭特正2,41,1,40,富邦-桃園,2024-05-31,9665
2353,宏��,75,37,38,富邦-桃園,2024-05-31,9665
1815,富喬,130,93,37,富邦-桃園,2024-05-31,9665
00857B,永豐20年美公債,41,4,37,富邦-桃園,2024-05-31,9665
3037,欣興,37,1,36,富邦-桃園,2024-05-31,9665
2367,燿華,86,51,35,富邦-桃園,2024-05-31,9665
6278,台表科,37,2,35,富邦-桃園,2024-05-31,9665
2356,英業達,55,22,33,富邦-桃園,2024-05-31,9665
2344,華邦電,32,1,31,富邦-桃園,2024-05-31,9665
2603,長榮,133,102,31,富邦-桃園,2024-05-31,9665
2201,裕隆,31,2,29,富邦-桃園,2024-05-31,9665
00929,復華台灣科技優息,279,251,28,富邦-桃園,2024-05-31,9665
2489,瑞軒,174,146,28,富邦-桃園,2024-05-31,9665
2504,國產,26,0,26,富邦-桃園,2024-05-31,9665
2886,兆豐金,27,1,26,富邦-桃園,2024-05-31,9665
3017,奇鋐,28,4,24,富邦-桃園,2024-05-31,9665
00633L,富邦上証正2,34,10,24,富邦-桃園,2024-05-31,9665
00902,中信電池及儲能,24,0,24,富邦-桃園,2024-05-31,9665
2891,中信金,44,21,23,富邦-桃園,2024-05-31,9665
2371,大同,29,7,22,富邦-桃園,2024-05-31,9665
2303,聯電,45,23,22,富邦-桃園,2024-05-31,9665
3712,永崴投控,25,4,21,富邦-桃園,2024-05-31,9665
2329,華泰,71,50,21,富邦-桃園,2024-05-31,9665
2352,佳世達,21,0,21,富邦-桃園,2024-05-31,9665
006208,富邦台50,25,5,20,富邦-桃園,2024-05-31,9665
00923,群益台ESG低碳50,21,0,21,富邦-桃園,2024-05-31,9665
2636,台驊控股,20,0,20,富邦-桃園,2024-05-31,9665
2888,新光金,1163,319,844,富邦-桃園,2024-06-03,9665
00929,復華台灣科技優息,497,69,428,富邦-桃園,2024-06-03,9665
2610,華航,607,439,168,富邦-桃園,2024-06-03,9665
00679B,元大美債20年,208,44,164,富邦-桃園,2024-06-03,9665
2317,鴻海,207,74,133,富邦-桃園,2024-06-03,9665
2915,潤泰全,119,1,118,富邦-桃園,2024-06-03,9665
00919,群益台灣精選高息,211,110,101,富邦-桃園,2024-06-03,9665
2838,聯邦銀,100,0,100,富邦-桃園,2024-06-03,9665
3712,永崴投控,92,0,92,富邦-桃園,2024-06-03,9665
4533,協易機,153,70,83,富邦-桃園,2024-06-03,9665
2353,宏��,126,52,74,富邦-桃園,2024-06-03,9665
2427,三商電,84,13,71,富邦-桃園,2024-06-03,9665
5880,合庫金,67,0,67,富邦-桃園,2024-06-03,9665
00712,復華富時不動產,121,56,65,富邦-桃園,2024-06-03,9665
2313,華通,58,0,58,富邦-桃園,2024-06-03,9665
00637L,元大滬深300正2,54,0,54,富邦-桃園,2024-06-03,9665
00715L,期街口布蘭特正2,52,1,51,富邦-桃園,2024-06-03,9665
00946,群益科技高息成長,49,0,49,富邦-桃園,2024-06-03,9665
2354,鴻準,132,84,48,富邦-桃園,2024-06-03,9665
8299,群聯,50,3,47,富邦-桃園,2024-06-03,9665
00918,大華優利高填息30,50,3,47,富邦-桃園,2024-06-03,9665
2303,聯電,79,34,45,富邦-桃園,2024-06-03,9665
2515,中工,66,21,45,富邦-桃園,2024-06-03,9665
2349,錸德,55,10,45,富邦-桃園,2024-06-03,9665
3376,新日興,58,20,38,富邦-桃園,2024-06-03,9665
6209,今國光,38,1,37,富邦-桃園,2024-06-03,9665
00687B,國泰20年美債,46,10,36,富邦-桃園,2024-06-03,9665
2348,海悅,37,1,36,富邦-桃園,2024-06-03,9665
2890,永豐金,40,5,35,富邦-桃園,2024-06-03,9665
6770,力積電,40,11,29,富邦-桃園,2024-06-03,9665
2511,太子,28,0,28,富邦-桃園,2024-06-03,9665
1447,力鵬,28,0,28,富邦-桃園,2024-06-03,9665
00937B,群益ESG投等債20,171,144,27,富邦-桃園,2024-06-03,9665
2405,輔信,31,5,26,富邦-桃園,2024-06-03,9665
1608,華榮,31,6,25,富邦-桃園,2024-06-03,9665
6188,廣明,89,64,25,富邦-桃園,2024-06-03,9665
2324,仁寶,49,26,23,富邦-桃園,2024-06-03,9665
5498,凱崴,23,0,23,富邦-桃園,2024-06-03,9665
2356,英業達,81,59,22,富邦-桃園,2024-06-03,9665
2615,萬海,173,151,22,富邦-桃園,2024-06-03,9665
3689,湧德,23,1,22,富邦-桃園,2024-06-03,9665
1409,新纖,22,0,22,富邦-桃園,2024-06-03,9665
00665L,富邦�琤肭磪囓�2,422,401,21,富邦-桃園,2024-06-03,9665
1301,台塑,22,1,21,富邦-桃園,2024-06-03,9665
2301,光寶科,38,18,20,富邦-桃園,2024-06-03,9665
6126,信音,30,11,19,富邦-桃園,2024-06-03,9665
6412,群電,18,0,18,富邦-桃園,2024-06-03,9665
3437,榮創,18,0,18,富邦-桃園,2024-06-03,9665
4958,臻鼎-KY,21,3,18,富邦-桃園,2024-06-03,9665
2382,廣達,38,20,18,富邦-桃園,2024-06-03,9665
00929,復華台灣科技優息,566,32,534,富邦-桃園,2024-06-04,9665
00919,群益台灣精選高息,346,17,329,富邦-桃園,2024-06-04,9665
00918,大華優利高填息30,190,1,189,富邦-桃園,2024-06-04,9665
2344,華邦電,230,52,178,富邦-桃園,2024-06-04,9665
00878,國泰永續高股息,165,0,165,富邦-桃園,2024-06-04,9665
00942B,台新美A公司債20+,150,3,147,富邦-桃園,2024-06-04,9665
00653L,富邦印度正2,139,10,129,富邦-桃園,2024-06-04,9665
2889,國票金,112,3,109,富邦-桃園,2024-06-04,9665
1314,中石化,107,0,107,富邦-桃園,2024-06-04,9665
3481,群創,124,18,106,富邦-桃園,2024-06-04,9665
00715L,期街口布蘭特正2,105,5,100,富邦-桃園,2024-06-04,9665
1785,光洋科,100,0,100,富邦-桃園,2024-06-04,9665
00940,元大台灣價值高息,130,31,99,富邦-桃園,2024-06-04,9665
2317,鴻海,156,61,95,富邦-桃園,2024-06-04,9665
00857B,永豐20年美公債,110,17,93,富邦-桃園,2024-06-04,9665
2354,鴻準,190,101,89,富邦-桃園,2024-06-04,9665
3030,德律,84,3,81,富邦-桃園,2024-06-04,9665
6125,廣運,219,147,72,富邦-桃園,2024-06-04,9665
2029,盛餘,70,0,70,富邦-桃園,2024-06-04,9665
2883,凱基金,70,4,66,富邦-桃園,2024-06-04,9665
2603,長榮,72,9,63,富邦-桃園,2024-06-04,9665
8096,擎亞,140,78,62,富邦-桃園,2024-06-04,9665
2324,仁寶,192,132,60,富邦-桃園,2024-06-04,9665
2303,聯電,73,14,59,富邦-桃園,2024-06-04,9665
4967,十銓,112,54,58,富邦-桃園,2024-06-04,9665
2367,燿華,208,150,58,富邦-桃園,2024-06-04,9665
2312,金寶,160,104,56,富邦-桃園,2024-06-04,9665
8110,華東,56,0,56,富邦-桃園,2024-06-04,9665
6770,力積電,53,3,50,富邦-桃園,2024-06-04,9665
00713,元大台灣高息低波,49,0,49,富邦-桃園,2024-06-04,9665
2838,聯邦銀,47,0,47,富邦-桃園,2024-06-04,9665
3013,晟銘電,75,35,40,富邦-桃園,2024-06-04,9665
2465,麗臺,117,78,39,富邦-桃園,2024-06-04,9665
4167,松瑞藥,40,3,37,富邦-桃園,2024-06-04,9665
5880,合庫金,36,0,36,富邦-桃園,2024-06-04,9665
2915,潤泰全,37,2,35,富邦-桃園,2024-06-04,9665
2382,廣達,50,17,33,富邦-桃園,2024-06-04,9665
00936,台新永續高息中小,89,56,33,富邦-桃園,2024-06-04,9665
2801,彰銀,32,0,32,富邦-桃園,2024-06-04,9665
2363,矽統,60,28,32,富邦-桃園,2024-06-04,9665
2301,光寶科,37,5,32,富邦-桃園,2024-06-04,9665
2102,泰豐,30,0,30,富邦-桃園,2024-06-04,9665
2025,千興,29,0,29,富邦-桃園,2024-06-04,9665
0050,元大台灣50,28,0,28,富邦-桃園,2024-06-04,9665
1303,南亞,29,3,26,富邦-桃園,2024-06-04,9665
6215,和椿,45,19,26,富邦-桃園,2024-06-04,9665
00712,復華富時不動產,123,97,26,富邦-桃園,2024-06-04,9665
2409,友達,33,8,25,富邦-桃園,2024-06-04,9665
2353,宏��,94,69,25,富邦-桃園,2024-06-04,9665
1342,八貫,24,1,23,富邦-桃園,2024-06-04,9665
00929,復華台灣科技優息,593,65,528,富邦-桃園,2024-06-05,9665
00878,國泰永續高股息,296,25,271,富邦-桃園,2024-06-05,9665
2609,陽明,839,601,238,富邦-桃園,2024-06-05,9665
00653L,富邦印度正2,246,47,199,富邦-桃園,2024-06-05,9665
00918,大華優利高填息30,160,0,160,富邦-桃園,2024-06-05,9665
00936,台新永續高息中小,155,9,146,富邦-桃園,2024-06-05,9665
00715L,期街口布蘭特正2,142,0,142,富邦-桃園,2024-06-05,9665
2344,華邦電,81,3,78,富邦-桃園,2024-06-05,9665
3033,威健,75,1,74,富邦-桃園,2024-06-05,9665
2501,國建,90,24,66,富邦-桃園,2024-06-05,9665
6270,倍微,63,6,57,富邦-桃園,2024-06-05,9665
2002,中鋼,59,10,49,富邦-桃園,2024-06-05,9665
2331,精英,67,20,47,富邦-桃園,2024-06-05,9665
3450,聯鈞,63,18,45,富邦-桃園,2024-06-05,9665
00919,群益台灣精選高息,56,13,43,富邦-桃園,2024-06-05,9665
2353,宏��,65,23,42,富邦-桃園,2024-06-05,9665
0056,元大高股息,44,3,41,富邦-桃園,2024-06-05,9665
1447,力鵬,40,0,40,富邦-桃園,2024-06-05,9665
00712,復華富時不動產,37,1,36,富邦-桃園,2024-06-05,9665
00687B,國泰20年美債,111,75,36,富邦-桃園,2024-06-05,9665
00640L,富邦日本正2,31,0,31,富邦-桃園,2024-06-05,9665
2417,圓剛,54,23,31,富邦-桃園,2024-06-05,9665
2313,華通,30,0,30,富邦-桃園,2024-06-05,9665
2891,中信金,31,2,29,富邦-桃園,2024-06-05,9665
1802,台玻,58,29,29,富邦-桃園,2024-06-05,9665
2025,千興,29,0,29,富邦-桃園,2024-06-05,9665
2303,聯電,94,66,28,富邦-桃園,2024-06-05,9665
4532,瑞智,35,8,27,富邦-桃園,2024-06-05,9665
2530,華建,26,0,26,富邦-桃園,2024-06-05,9665
2102,泰豐,36,10,26,富邦-桃園,2024-06-05,9665
2101,南港,43,20,23,富邦-桃園,2024-06-05,9665
3048,益登,44,21,23,富邦-桃園,2024-06-05,9665
2464,盟立,61,41,20,富邦-桃園,2024-06-05,9665
2352,佳世達,22,2,20,富邦-桃園,2024-06-05,9665
2637,慧洋-KY,22,2,20,富邦-桃園,2024-06-05,9665
6215,和椿,29,9,20,富邦-桃園,2024-06-05,9665
2324,仁寶,37,17,20,富邦-桃園,2024-06-05,9665
2301,光寶科,22,3,19,富邦-桃園,2024-06-05,9665
2482,連宇,54,35,19,富邦-桃園,2024-06-05,9665
3141,晶宏,31,12,19,富邦-桃園,2024-06-05,9665
1301,台塑,20,2,18,富邦-桃園,2024-06-05,9665
3050,鈺德,20,2,18,富邦-桃園,2024-06-05,9665
6770,力積電,21,3,18,富邦-桃園,2024-06-05,9665
5880,合庫金,18,0,18,富邦-桃園,2024-06-05,9665
2103,台橡,17,0,17,富邦-桃園,2024-06-05,9665
4533,協易機,25,8,17,富邦-桃園,2024-06-05,9665
3188,鑫龍騰,17,0,17,富邦-桃園,2024-06-05,9665
3312,弘憶股,19,2,17,富邦-桃園,2024-06-05,9665
3005,神基,17,1,16,富邦-桃園,2024-06-05,9665
2867,三商壽,26,10,16,富邦-桃園,2024-06-05,9665
00632R,元大台灣50反1,588,30,558,富邦-桃園,2024-06-06,9665
00687B,國泰20年美債,442,43,399,富邦-桃園,2024-06-06,9665
2313,華通,356,14,342,富邦-桃園,2024-06-06,9665
00918,大華優利高填息30,285,3,282,富邦-桃園,2024-06-06,9665
00942B,台新美A公司債20+,267,3,264,富邦-桃園,2024-06-06,9665
00936,台新永續高息中小,227,5,222,富邦-桃園,2024-06-06,9665
00665L,富邦�琤肭磪囓�2,202,0,202,富邦-桃園,2024-06-06,9665
00929,復華台灣科技優息,190,37,153,富邦-桃園,2024-06-06,9665
00922,國泰台灣領袖50,152,7,145,富邦-桃園,2024-06-06,9665
2606,裕民,128,7,121,富邦-桃園,2024-06-06,9665
00882,中信中國高股息,111,5,106,富邦-桃園,2024-06-06,9665
9105,泰金寶-DR,110,10,100,富邦-桃園,2024-06-06,9665
00919,群益台灣精選高息,149,49,100,富邦-桃園,2024-06-06,9665
00878,國泰永續高股息,115,18,97,富邦-桃園,2024-06-06,9665
00857B,永豐20年美公債,115,21,94,富邦-桃園,2024-06-06,9665
00751B,元大AAA至A公司債,144,53,91,富邦-桃園,2024-06-06,9665
5880,合庫金,82,0,82,富邦-桃園,2024-06-06,9665
2317,鴻海,229,160,69,富邦-桃園,2024-06-06,9665
1605,華新,60,3,57,富邦-桃園,2024-06-06,9665
3128,昇銳,64,8,56,富邦-桃園,2024-06-06,9665
1102,亞泥,77,22,55,富邦-桃園,2024-06-06,9665
2348,海悅,51,0,51,富邦-桃園,2024-06-06,9665
2867,三商壽,50,0,50,富邦-桃園,2024-06-06,9665
0056,元大高股息,55,13,42,富邦-桃園,2024-06-06,9665
2102,泰豐,41,0,41,富邦-桃園,2024-06-06,9665
2409,友達,43,2,41,富邦-桃園,2024-06-06,9665
00688L,國泰20年美債正2,55,16,39,富邦-桃園,2024-06-06,9665
2851,中再保,40,2,38,富邦-桃園,2024-06-06,9665
00830,國泰費城半導體,57,22,35,富邦-桃園,2024-06-06,9665
2641,正德,34,0,34,富邦-桃園,2024-06-06,9665
2329,華泰,35,3,32,富邦-桃園,2024-06-06,9665
1342,八貫,30,0,30,富邦-桃園,2024-06-06,9665
2605,新興,51,21,30,富邦-桃園,2024-06-06,9665
00720B,元大投資級公司債,31,2,29,富邦-桃園,2024-06-06,9665
2328,廣宇,102,75,27,富邦-桃園,2024-06-06,9665
2354,鴻準,71,44,27,富邦-桃園,2024-06-06,9665
2002,中鋼,32,7,25,富邦-桃園,2024-06-06,9665
1314,中石化,35,11,24,富邦-桃園,2024-06-06,9665
8933,愛地雅,24,0,24,富邦-桃園,2024-06-06,9665
2331,精英,45,22,23,富邦-桃園,2024-06-06,9665
2356,英業達,35,13,22,富邦-桃園,2024-06-06,9665
2399,映泰,22,0,22,富邦-桃園,2024-06-06,9665
4123,晟德,25,3,22,富邦-桃園,2024-06-06,9665
00713,元大台灣高息低波,23,1,22,富邦-桃園,2024-06-06,9665
2882,國泰金,39,18,21,富邦-桃園,2024-06-06,9665
2543,皇昌,23,2,21,富邦-桃園,2024-06-06,9665
3231,緯創,66,45,21,富邦-桃園,2024-06-06,9665
2337,旺宏,20,0,20,富邦-桃園,2024-06-06,9665
6770,力積電,17,0,17,富邦-桃園,2024-06-06,9665
2611,志信,89,72,17,富邦-桃園,2024-06-06,9665
00942B,台新美A公司債20+,442,0,442,富邦-桃園,2024-06-07,9665
00795B,中信美國公債20年,404,0,404,富邦-桃園,2024-06-07,9665
00936,台新永續高息中小,338,0,338,富邦-桃園,2024-06-07,9665
00929,復華台灣科技優息,346,54,292,富邦-桃園,2024-06-07,9665
00687B,國泰20年美債,278,43,235,富邦-桃園,2024-06-07,9665
2609,陽明,474,275,199,富邦-桃園,2024-06-07,9665
3481,群創,217,40,177,富邦-桃園,2024-06-07,9665
2883,凱基金,253,116,137,富邦-桃園,2024-06-07,9665
8064,東捷,119,40,79,富邦-桃園,2024-06-07,9665
00688L,國泰20年美債正2,129,55,74,富邦-桃園,2024-06-07,9665
2313,華通,132,61,71,富邦-桃園,2024-06-07,9665
00753L,中信中國50正2,70,0,70,富邦-桃園,2024-06-07,9665
00882,中信中國高股息,62,3,59,富邦-桃園,2024-06-07,9665
00680L,元大美債20正2,74,15,59,富邦-桃園,2024-06-07,9665
2356,英業達,64,5,59,富邦-桃園,2024-06-07,9665
00918,大華優利高填息30,58,0,58,富邦-桃園,2024-06-07,9665
00881,國泰台灣5G+,51,1,50,富邦-桃園,2024-06-07,9665
2489,瑞軒,101,53,48,富邦-桃園,2024-06-07,9665
00940,元大台灣價值高息,644,598,46,富邦-桃園,2024-06-07,9665
3231,緯創,73,29,44,富邦-桃園,2024-06-07,9665
00919,群益台灣精選高息,81,38,43,富邦-桃園,2024-06-07,9665
2352,佳世達,51,9,42,富邦-桃園,2024-06-07,9665
2613,中櫃,82,45,37,富邦-桃園,2024-06-07,9665
4909,新復興,36,0,36,富邦-桃園,2024-06-07,9665
00712,復華富時不動產,82,48,34,富邦-桃園,2024-06-07,9665
2547,日勝生,33,1,32,富邦-桃園,2024-06-07,9665
2102,泰豐,30,0,30,富邦-桃園,2024-06-07,9665
2603,長榮,42,12,30,富邦-桃園,2024-06-07,9665
2615,萬海,162,133,29,富邦-桃園,2024-06-07,9665
2027,大成鋼,60,31,29,富邦-桃園,2024-06-07,9665
3540,曜越,31,2,29,富邦-桃園,2024-06-07,9665
1609,大亞,54,26,28,富邦-桃園,2024-06-07,9665
6143,振曜,30,2,28,富邦-桃園,2024-06-07,9665
2382,廣達,30,4,26,富邦-桃園,2024-06-07,9665
1563,巧新,26,0,26,富邦-桃園,2024-06-07,9665
2353,宏��,42,18,24,富邦-桃園,2024-06-07,9665
3048,益登,28,5,23,富邦-桃園,2024-06-07,9665
2482,連宇,26,3,23,富邦-桃園,2024-06-07,9665
00915,凱基優選高股息30,22,0,22,富邦-桃園,2024-06-07,9665
4157,太景*-KY,22,0,22,富邦-桃園,2024-06-07,9665
3260,威剛,30,9,21,富邦-桃園,2024-06-07,9665
2331,精英,39,18,21,富邦-桃園,2024-06-07,9665
2371,大同,43,23,20,富邦-桃園,2024-06-07,9665
3305,昇貿,21,1,20,富邦-桃園,2024-06-07,9665
6125,廣運,48,29,19,富邦-桃園,2024-06-07,9665
5880,合庫金,27,8,19,富邦-桃園,2024-06-07,9665
00733,富邦臺灣中小,21,2,19,富邦-桃園,2024-06-07,9665
2605,新興,27,8,19,富邦-桃園,2024-06-07,9665
1455,集盛,19,0,19,富邦-桃園,2024-06-07,9665
3374,精材,24,5,19,富邦-桃園,2024-06-07,9665
00942B,台新美A公司債20+,616,10,606,富邦-桃園,2024-06-11,9665
00936,台新永續高息中小,277,2,275,富邦-桃園,2024-06-11,9665
2610,華航,821,548,273,富邦-桃園,2024-06-11,9665
00929,復華台灣科技優息,495,231,264,富邦-桃園,2024-06-11,9665
00680L,元大美債20正2,222,5,217,富邦-桃園,2024-06-11,9665
2838,聯邦銀,200,0,200,富邦-桃園,2024-06-11,9665
00919,群益台灣精選高息,212,19,193,富邦-桃園,2024-06-11,9665
00687B,國泰20年美債,456,298,158,富邦-桃園,2024-06-11,9665
00679B,元大美債20年,161,34,127,富邦-桃園,2024-06-11,9665
1513,中興電,194,67,127,富邦-桃園,2024-06-11,9665
1815,富喬,236,117,119,富邦-桃園,2024-06-11,9665
1314,中石化,103,1,102,富邦-桃園,2024-06-11,9665
2897,王道銀行,100,2,98,富邦-桃園,2024-06-11,9665
2603,長榮,135,43,92,富邦-桃園,2024-06-11,9665
2002,中鋼,99,8,91,富邦-桃園,2024-06-11,9665
1608,華榮,109,20,89,富邦-桃園,2024-06-11,9665
2609,陽明,665,577,88,富邦-桃園,2024-06-11,9665
3508,位速,91,5,86,富邦-桃園,2024-06-11,9665
00918,大華優利高填息30,235,170,65,富邦-桃園,2024-06-11,9665
3540,曜越,65,1,64,富邦-桃園,2024-06-11,9665
1342,八貫,56,0,56,富邦-桃園,2024-06-11,9665
9945,潤泰新,85,30,55,富邦-桃園,2024-06-11,9665
1604,聲寶,50,0,50,富邦-桃園,2024-06-11,9665
3484,崧騰,53,3,50,富邦-桃園,2024-06-11,9665
00688L,國泰20年美債正2,41,0,41,富邦-桃園,2024-06-11,9665
2356,英業達,48,10,38,富邦-桃園,2024-06-11,9665
2515,中工,79,41,38,富邦-桃園,2024-06-11,9665
2613,中櫃,83,47,36,富邦-桃園,2024-06-11,9665
9902,台火,35,0,35,富邦-桃園,2024-06-11,9665
00753L,中信中國50正2,42,7,35,富邦-桃園,2024-06-11,9665
1802,台玻,35,1,34,富邦-桃園,2024-06-11,9665
00922,國泰台灣領袖50,60,28,32,富邦-桃園,2024-06-11,9665
6125,廣運,114,83,31,富邦-桃園,2024-06-11,9665
8299,群聯,32,1,31,富邦-桃園,2024-06-11,9665
1218,泰山,38,7,31,富邦-桃園,2024-06-11,9665
5871,中租-KY,30,0,30,富邦-桃園,2024-06-11,9665
3062,建漢,30,0,30,富邦-桃園,2024-06-11,9665
00673R,期元大S＆P原油反1,30,0,30,富邦-桃園,2024-06-11,9665
00655L,國泰中國A50正2,30,0,30,富邦-桃園,2024-06-11,9665
6156,松上,30,1,29,富邦-桃園,2024-06-11,9665
3481,群創,73,45,28,富邦-桃園,2024-06-11,9665
00933B,國泰10Y+金融債,40,12,28,富邦-桃園,2024-06-11,9665
00878,國泰永續高股息,83,56,27,富邦-桃園,2024-06-11,9665
2501,國建,72,45,27,富邦-桃園,2024-06-11,9665
5880,合庫金,27,1,26,富邦-桃園,2024-06-11,9665
2444,兆勁,26,0,26,富邦-桃園,2024-06-11,9665
2801,彰銀,25,0,25,富邦-桃園,2024-06-11,9665
00632R,元大台灣50反1,25,0,25,富邦-桃園,2024-06-11,9665
1734,杏輝,25,0,25,富邦-桃園,2024-06-11,9665
2615,萬海,178,154,24,富邦-桃園,2024-06-11,9665
00937B,群益ESG投等債20,686,19,667,富邦-桃園,2024-06-12,9665
00915,凱基優選高股息30,503,2,501,富邦-桃園,2024-06-12,9665
2353,宏��,463,5,458,富邦-桃園,2024-06-12,9665
00929,復華台灣科技優息,462,26,436,富邦-桃園,2024-06-12,9665
00948B,中信優息投資級債,432,0,432,富邦-桃園,2024-06-12,9665
00687B,國泰20年美債,313,14,299,富邦-桃園,2024-06-12,9665
00665L,富邦�琤肭磪囓�2,258,13,245,富邦-桃園,2024-06-12,9665
3231,緯創,273,88,185,富邦-桃園,2024-06-12,9665
00942B,台新美A公司債20+,180,0,180,富邦-桃園,2024-06-12,9665
2883,凱基金,379,212,167,富邦-桃園,2024-06-12,9665
00712,復華富時不動產,139,0,139,富邦-桃園,2024-06-12,9665
00922,國泰台灣領袖50,141,7,134,富邦-桃園,2024-06-12,9665
00919,群益台灣精選高息,246,117,129,富邦-桃園,2024-06-12,9665
00918,大華優利高填息30,106,6,100,富邦-桃園,2024-06-12,9665
1314,中石化,106,8,98,富邦-桃園,2024-06-12,9665
3481,群創,88,3,85,富邦-桃園,2024-06-12,9665
2881,富邦金,85,0,85,富邦-桃園,2024-06-12,9665
3591,艾笛森,80,0,80,富邦-桃園,2024-06-12,9665
00795B,中信美國公債20年,93,15,78,富邦-桃園,2024-06-12,9665
5014,建錩,60,0,60,富邦-桃園,2024-06-12,9665
1444,力麗,60,0,60,富邦-桃園,2024-06-12,9665
6412,群電,49,0,49,富邦-桃園,2024-06-12,9665
2344,華邦電,49,3,46,富邦-桃園,2024-06-12,9665
2515,中工,52,7,45,富邦-桃園,2024-06-12,9665
1604,聲寶,44,0,44,富邦-桃園,2024-06-12,9665
8110,華東,63,20,43,富邦-桃園,2024-06-12,9665
00640L,富邦日本正2,39,0,39,富邦-桃園,2024-06-12,9665
2002,中鋼,47,10,37,富邦-桃園,2024-06-12,9665
9105,泰金寶-DR,62,28,34,富邦-桃園,2024-06-12,9665
2637,慧洋-KY,34,1,33,富邦-桃園,2024-06-12,9665
2303,聯電,40,7,33,富邦-桃園,2024-06-12,9665
00679B,元大美債20年,64,31,33,富邦-桃園,2024-06-12,9665
00947,台新臺灣IC設計,32,1,31,富邦-桃園,2024-06-12,9665
3622,洋華,94,63,31,富邦-桃園,2024-06-12,9665
2365,昆盈,46,16,30,富邦-桃園,2024-06-12,9665
9945,潤泰新,64,35,29,富邦-桃園,2024-06-12,9665
1617,榮星,35,7,28,富邦-桃園,2024-06-12,9665
3508,位速,29,1,28,富邦-桃園,2024-06-12,9665
2486,一詮,60,32,28,富邦-桃園,2024-06-12,9665
5880,合庫金,27,0,27,富邦-桃園,2024-06-12,9665
2392,正崴,33,7,26,富邦-桃園,2024-06-12,9665
3450,聯鈞,63,37,26,富邦-桃園,2024-06-12,9665
00632R,元大台灣50反1,225,200,25,富邦-桃園,2024-06-12,9665
00713,元大台灣高息低波,25,0,25,富邦-桃園,2024-06-12,9665
2845,遠東銀,28,6,22,富邦-桃園,2024-06-12,9665
2615,萬海,137,116,21,富邦-桃園,2024-06-12,9665
2887,台新金,21,0,21,富邦-桃園,2024-06-12,9665
6589,台康生技,21,1,20,富邦-桃園,2024-06-12,9665
2882,國泰金,26,6,20,富邦-桃園,2024-06-12,9665
2352,佳世達,19,0,19,富邦-桃園,2024-06-12,9665
2353,宏��,1153,88,1065,富邦-桃園,2024-06-13,9665
00947,台新臺灣IC設計,1063,1,1062,富邦-桃園,2024-06-13,9665
00674R,期元大S＆P黃金反1,537,0,537,富邦-桃園,2024-06-13,9665
00942B,台新美A公司債20+,405,0,405,富邦-桃園,2024-06-13,9665
00665L,富邦�琤肭磪囓�2,400,0,400,富邦-桃園,2024-06-13,9665
00948B,中信優息投資級債,363,0,363,富邦-桃園,2024-06-13,9665
00653L,富邦印度正2,343,1,342,富邦-桃園,2024-06-13,9665
00772B,中信高評級公司債,167,2,165,富邦-桃園,2024-06-13,9665
00946,群益科技高息成長,138,2,136,富邦-桃園,2024-06-13,9665
2365,昆盈,164,43,121,富邦-桃園,2024-06-13,9665
00632R,元大台灣50反1,127,22,105,富邦-桃園,2024-06-13,9665
6216,居易,103,1,102,富邦-桃園,2024-06-13,9665
00922,國泰台灣領袖50,100,4,96,富邦-桃園,2024-06-13,9665
2609,陽明,820,733,87,富邦-桃園,2024-06-13,9665
00687B,國泰20年美債,120,35,85,富邦-桃園,2024-06-13,9665
9105,泰金寶-DR,119,42,77,富邦-桃園,2024-06-13,9665
00712,復華富時不動產,153,82,71,富邦-桃園,2024-06-13,9665
00923,群益台ESG低碳50,71,1,70,富邦-桃園,2024-06-13,9665
00655L,國泰中國A50正2,70,0,70,富邦-桃園,2024-06-13,9665
00919,群益台灣精選高息,271,204,67,富邦-桃園,2024-06-13,9665
2352,佳世達,60,4,56,富邦-桃園,2024-06-13,9665
2367,燿華,93,38,55,富邦-桃園,2024-06-13,9665
2002,中鋼,56,2,54,富邦-桃園,2024-06-13,9665
00936,台新永續高息中小,89,37,52,富邦-桃園,2024-06-13,9665
2457,飛宏,50,0,50,富邦-桃園,2024-06-13,9665
00918,大華優利高填息30,73,23,50,富邦-桃園,2024-06-13,9665
2324,仁寶,60,15,45,富邦-桃園,2024-06-13,9665
5014,建錩,46,1,45,富邦-桃園,2024-06-13,9665
5880,合庫金,57,13,44,富邦-桃園,2024-06-13,9665
1815,富喬,136,94,42,富邦-桃園,2024-06-13,9665
5533,皇鼎,40,0,40,富邦-桃園,2024-06-13,9665
00795B,中信美國公債20年,46,8,38,富邦-桃園,2024-06-13,9665
00679B,元大美債20年,39,2,37,富邦-桃園,2024-06-13,9665
6125,廣運,61,26,35,富邦-桃園,2024-06-13,9665
2618,長榮航,42,7,35,富邦-桃園,2024-06-13,9665
00640L,富邦日本正2,35,0,35,富邦-桃園,2024-06-13,9665
2615,萬海,115,80,35,富邦-桃園,2024-06-13,9665
6274,台燿,42,8,34,富邦-桃園,2024-06-13,9665
4562,穎漢,40,6,34,富邦-桃園,2024-06-13,9665
2489,瑞軒,32,1,31,富邦-桃園,2024-06-13,9665
1802,台玻,51,20,31,富邦-桃園,2024-06-13,9665
3535,晶彩科,33,3,30,富邦-桃園,2024-06-13,9665
00671R,富邦NASDAQ反1,30,0,30,富邦-桃園,2024-06-13,9665
00937B,群益ESG投等債20,39,10,29,富邦-桃園,2024-06-13,9665
3508,位速,27,0,27,富邦-桃園,2024-06-13,9665
2368,金像電,32,6,26,富邦-桃園,2024-06-13,9665
00713,元大台灣高息低波,25,1,24,富邦-桃園,2024-06-13,9665
2427,三商電,26,4,22,富邦-桃園,2024-06-13,9665
6443,元晶,31,10,21,富邦-桃園,2024-06-13,9665
6207,雷科,93,73,20,富邦-桃園,2024-06-13,9665
00948B,中信優息投資級債,500,8,492,富邦-桃園,2024-06-14,9665
00942B,台新美A公司債20+,320,10,310,富邦-桃園,2024-06-14,9665
00939,統一台灣高息動能,271,21,250,富邦-桃園,2024-06-14,9665
00919,群益台灣精選高息,298,49,249,富邦-桃園,2024-06-14,9665
9105,泰金寶-DR,324,163,161,富邦-桃園,2024-06-14,9665
6173,信昌電,109,1,108,富邦-桃園,2024-06-14,9665
2371,大同,212,105,107,富邦-桃園,2024-06-14,9665
00632R,元大台灣50反1,111,12,99,富邦-桃園,2024-06-14,9665
00795B,中信美國公債20年,96,4,92,富邦-桃園,2024-06-14,9665
00929,復華台灣科技優息,280,197,83,富邦-桃園,2024-06-14,9665
9919,康那香,61,0,61,富邦-桃園,2024-06-14,9665
2392,正崴,83,24,59,富邦-桃園,2024-06-14,9665
2367,燿華,68,11,57,富邦-桃園,2024-06-14,9665
1570,力肯,59,2,57,富邦-桃園,2024-06-14,9665
00918,大華優利高填息30,79,28,51,富邦-桃園,2024-06-14,9665
00681R,元大美債20反1,50,0,50,富邦-桃園,2024-06-14,9665
00885,富邦越南,57,8,49,富邦-桃園,2024-06-14,9665
6270,倍微,53,5,48,富邦-桃園,2024-06-14,9665
8028,昇陽半導體,68,20,48,富邦-桃園,2024-06-14,9665
3481,群創,73,33,40,富邦-桃園,2024-06-14,9665
00688L,國泰20年美債正2,38,0,38,富邦-桃園,2024-06-14,9665
6770,力積電,80,42,38,富邦-桃園,2024-06-14,9665
4167,松瑞藥,40,8,32,富邦-桃園,2024-06-14,9665
1444,力麗,30,1,29,富邦-桃園,2024-06-14,9665
2641,正德,30,5,25,富邦-桃園,2024-06-14,9665
00713,元大台灣高息低波,23,0,23,富邦-桃園,2024-06-14,9665
2303,聯電,39,16,23,富邦-桃園,2024-06-14,9665
2363,矽統,44,22,22,富邦-桃園,2024-06-14,9665
3706,神達,44,22,22,富邦-桃園,2024-06-14,9665
6443,元晶,22,0,22,富邦-桃園,2024-06-14,9665
00637L,元大滬深300正2,22,0,22,富邦-桃園,2024-06-14,9665
2385,群光,21,0,21,富邦-桃園,2024-06-14,9665
4976,佳凌,34,13,21,富邦-桃園,2024-06-14,9665
00946,群益科技高息成長,35,15,20,富邦-桃園,2024-06-14,9665
5347,世界,28,8,20,富邦-桃園,2024-06-14,9665
2368,金像電,24,5,19,富邦-桃園,2024-06-14,9665
2025,千興,105,86,19,富邦-桃園,2024-06-14,9665
00924,復華S＆P500成長,20,1,19,富邦-桃園,2024-06-14,9665
2603,長榮,77,59,18,富邦-桃園,2024-06-14,9665
00751B,元大AAA至A公司債,23,5,18,富邦-桃園,2024-06-14,9665
1815,富喬,77,61,16,富邦-桃園,2024-06-14,9665
2520,冠德,23,7,16,富邦-桃園,2024-06-14,9665
8906,花王,17,1,16,富邦-桃園,2024-06-14,9665
2454,聯發科,16,1,15,富邦-桃園,2024-06-14,9665
2913,農林,21,6,15,富邦-桃園,2024-06-14,9665
3048,益登,71,56,15,富邦-桃園,2024-06-14,9665
2609,陽明,214,200,14,富邦-桃園,2024-06-14,9665
2809,京城銀,16,2,14,富邦-桃園,2024-06-14,9665
2314,台揚,17,3,14,富邦-桃園,2024-06-14,9665
2610,華航,440,426,14,富邦-桃園,2024-06-14,9665
2542,興富發,324,5,319,富邦-桃園,2024-06-17,9665
1802,台玻,279,9,270,富邦-桃園,2024-06-17,9665
2401,凌陽,208,3,205,富邦-桃園,2024-06-17,9665
00929,復華台灣科技優息,254,56,198,富邦-桃園,2024-06-17,9665
00918,大華優利高填息30,188,13,175,富邦-桃園,2024-06-17,9665
00948B,中信優息投資級債,179,4,175,富邦-桃園,2024-06-17,9665
00936,台新永續高息中小,234,63,171,富邦-桃園,2024-06-17,9665
00687B,國泰20年美債,178,42,136,富邦-桃園,2024-06-17,9665
00713,元大台灣高息低波,136,1,135,富邦-桃園,2024-06-17,9665
00919,群益台灣精選高息,148,26,122,富邦-桃園,2024-06-17,9665
9105,泰金寶-DR,116,5,111,富邦-桃園,2024-06-17,9665
2615,萬海,175,66,109,富邦-桃園,2024-06-17,9665
1815,富喬,262,180,82,富邦-桃園,2024-06-17,9665
00946,群益科技高息成長,71,0,71,富邦-桃園,2024-06-17,9665
911868,同方友友-DR,60,1,59,富邦-桃園,2024-06-17,9665
6278,台表科,71,13,58,富邦-桃園,2024-06-17,9665
2888,新光金,71,19,52,富邦-桃園,2024-06-17,9665
00753L,中信中國50正2,51,0,51,富邦-桃園,2024-06-17,9665
00650L,復華香港正2,50,0,50,富邦-桃園,2024-06-17,9665
1513,中興電,75,34,41,富邦-桃園,2024-06-17,9665
00640L,富邦日本正2,40,0,40,富邦-桃園,2024-06-17,9665
6290,良維,116,76,40,富邦-桃園,2024-06-17,9665
00933B,國泰10Y+金融債,35,2,33,富邦-桃園,2024-06-17,9665
3231,緯創,84,51,33,富邦-桃園,2024-06-17,9665
3508,位速,34,2,32,富邦-桃園,2024-06-17,9665
1604,聲寶,31,0,31,富邦-桃園,2024-06-17,9665
00942B,台新美A公司債20+,34,3,31,富邦-桃園,2024-06-17,9665
1605,華新,41,11,30,富邦-桃園,2024-06-17,9665
1608,華榮,90,62,28,富邦-桃園,2024-06-17,9665
1618,合機,102,74,28,富邦-桃園,2024-06-17,9665
2515,中工,29,2,27,富邦-桃園,2024-06-17,9665
2329,華泰,29,3,26,富邦-桃園,2024-06-17,9665
5381,合正,26,0,26,富邦-桃園,2024-06-17,9665
00681R,元大美債20反1,25,0,25,富邦-桃園,2024-06-17,9665
8261,富鼎,31,6,25,富邦-桃園,2024-06-17,9665
00881,國泰台灣5G+,24,0,24,富邦-桃園,2024-06-17,9665
2603,長榮,52,28,24,富邦-桃園,2024-06-17,9665
1503,士電,90,67,23,富邦-桃園,2024-06-17,9665
3706,神達,34,11,23,富邦-桃園,2024-06-17,9665
4123,晟德,31,9,22,富邦-桃園,2024-06-17,9665
3105,穩懋,36,15,21,富邦-桃園,2024-06-17,9665
1612,宏泰,66,45,21,富邦-桃園,2024-06-17,9665
00882,中信中國高股息,20,0,20,富邦-桃園,2024-06-17,9665
3260,威剛,20,0,20,富邦-桃園,2024-06-17,9665
00733,富邦臺灣中小,20,1,19,富邦-桃園,2024-06-17,9665
6197,佳必琪,54,35,19,富邦-桃園,2024-06-17,9665
6215,和椿,24,6,18,富邦-桃園,2024-06-17,9665
00891,中信關鍵半導體,18,2,16,富邦-桃園,2024-06-17,9665
5443,均豪,28,12,16,富邦-桃園,2024-06-17,9665
00751B,元大AAA至A公司債,16,0,16,富邦-桃園,2024-06-17,9665
2303,聯電,585,27,558,富邦-桃園,2024-06-18,9665
2371,大同,535,116,419,富邦-桃園,2024-06-18,9665
2542,興富發,389,10,379,富邦-桃園,2024-06-18,9665
2409,友達,313,3,310,富邦-桃園,2024-06-18,9665
1802,台玻,303,54,249,富邦-桃園,2024-06-18,9665
00936,台新永續高息中小,286,71,215,富邦-桃園,2024-06-18,9665
00687B,國泰20年美債,240,38,202,富邦-桃園,2024-06-18,9665
9105,泰金寶-DR,191,35,156,富邦-桃園,2024-06-18,9665
00937B,群益ESG投等債20,321,181,140,富邦-桃園,2024-06-18,9665
2609,陽明,162,57,105,富邦-桃園,2024-06-18,9665
2883,凱基金,107,5,102,富邦-桃園,2024-06-18,9665
00922,國泰台灣領袖50,100,1,99,富邦-桃園,2024-06-18,9665
2834,臺企銀,135,44,91,富邦-桃園,2024-06-18,9665
3481,群創,141,61,80,富邦-桃園,2024-06-18,9665
00713,元大台灣高息低波,79,0,79,富邦-桃園,2024-06-18,9665
00942B,台新美A公司債20+,76,0,76,富邦-桃園,2024-06-18,9665
00929,復華台灣科技優息,197,122,75,富邦-桃園,2024-06-18,9665
4566,時碩工業,97,23,74,富邦-桃園,2024-06-18,9665
2337,旺宏,87,19,68,富邦-桃園,2024-06-18,9665
00753L,中信中國50正2,60,0,60,富邦-桃園,2024-06-18,9665
00923,群益台ESG低碳50,63,7,56,富邦-桃園,2024-06-18,9665
00933B,國泰10Y+金融債,59,4,55,富邦-桃園,2024-06-18,9665
1504,東元,55,1,54,富邦-桃園,2024-06-18,9665
2867,三商壽,55,1,54,富邦-桃園,2024-06-18,9665
2317,鴻海,97,43,54,富邦-桃園,2024-06-18,9665
00679B,元大美債20年,111,62,49,富邦-桃園,2024-06-18,9665
911868,同方友友-DR,48,0,48,富邦-桃園,2024-06-18,9665
00632R,元大台灣50反1,373,330,43,富邦-桃園,2024-06-18,9665
00946,群益科技高息成長,50,7,43,富邦-桃園,2024-06-18,9665
2365,昆盈,50,13,37,富邦-桃園,2024-06-18,9665
2353,宏��,50,14,36,富邦-桃園,2024-06-18,9665
4123,晟德,38,4,34,富邦-桃園,2024-06-18,9665
9958,世紀鋼,38,6,32,富邦-桃園,2024-06-18,9665
5388,中磊,31,0,31,富邦-桃園,2024-06-18,9665
1447,力鵬,31,1,30,富邦-桃園,2024-06-18,9665
8096,擎亞,123,93,30,富邦-桃園,2024-06-18,9665
2211,長榮鋼,31,1,30,富邦-桃園,2024-06-18,9665
2515,中工,30,1,29,富邦-桃園,2024-06-18,9665
00915,凱基優選高股息30,29,0,29,富邦-桃園,2024-06-18,9665
9103,美德醫療-DR,29,1,28,富邦-桃園,2024-06-18,9665
6125,廣運,46,19,27,富邦-桃園,2024-06-18,9665
3686,達能,27,1,26,富邦-桃園,2024-06-18,9665
2385,群光,25,0,25,富邦-桃園,2024-06-18,9665
2888,新光金,31,6,25,富邦-桃園,2024-06-18,9665
00680L,元大美債20正2,54,29,25,富邦-桃園,2024-06-18,9665
3035,智原,45,21,24,富邦-桃園,2024-06-18,9665
00673R,期元大S＆P原油反1,25,2,23,富邦-桃園,2024-06-18,9665
8092,建暐,23,0,23,富邦-桃園,2024-06-18,9665
1714,和桐,22,0,22,富邦-桃園,2024-06-18,9665
4532,瑞智,21,0,21,富邦-桃園,2024-06-18,9665
00687B,國泰20年美債,395,18,377,富邦-桃園,2024-06-19,9665
00936,台新永續高息中小,263,30,233,富邦-桃園,2024-06-19,9665
00665L,富邦�琤肭磪囓�2,226,3,223,富邦-桃園,2024-06-19,9665
00946,群益科技高息成長,209,0,209,富邦-桃園,2024-06-19,9665
00937B,群益ESG投等債20,219,46,173,富邦-桃園,2024-06-19,9665
3033,威健,179,17,162,富邦-桃園,2024-06-19,9665
8105,凌巨,164,11,153,富邦-桃園,2024-06-19,9665
6189,豐藝,138,7,131,富邦-桃園,2024-06-19,9665
1714,和桐,129,0,129,富邦-桃園,2024-06-19,9665
00712,復華富時不動產,164,39,125,富邦-桃園,2024-06-19,9665
00713,元大台灣高息低波,120,11,109,富邦-桃園,2024-06-19,9665
2371,大同,176,74,102,富邦-桃園,2024-06-19,9665
6284,佳邦,101,0,101,富邦-桃園,2024-06-19,9665
1608,華榮,105,21,84,富邦-桃園,2024-06-19,9665
1815,富喬,324,246,78,富邦-桃園,2024-06-19,9665
9105,泰金寶-DR,84,6,78,富邦-桃園,2024-06-19,9665
3062,建漢,262,190,72,富邦-桃園,2024-06-19,9665
2049,上銀,64,0,64,富邦-桃園,2024-06-19,9665
2542,興富發,87,26,61,富邦-桃園,2024-06-19,9665
3481,群創,105,45,60,富邦-桃園,2024-06-19,9665
6412,群電,60,0,60,富邦-桃園,2024-06-19,9665
3535,晶彩科,62,2,60,富邦-桃園,2024-06-19,9665
6770,力積電,104,46,58,富邦-桃園,2024-06-19,9665
00935,野村臺灣新科技50,60,4,56,富邦-桃園,2024-06-19,9665
1314,中石化,55,2,53,富邦-桃園,2024-06-19,9665
6270,倍微,52,2,50,富邦-桃園,2024-06-19,9665
911622,泰聚亨-DR,47,0,47,富邦-桃園,2024-06-19,9665
2344,華邦電,78,32,46,富邦-桃園,2024-06-19,9665
9945,潤泰新,46,1,45,富邦-桃園,2024-06-19,9665
00895,富邦未來車,43,0,43,富邦-桃園,2024-06-19,9665
4128,中天,43,0,43,富邦-桃園,2024-06-19,9665
2867,三商壽,62,19,43,富邦-桃園,2024-06-19,9665
00632R,元大台灣50反1,328,288,40,富邦-桃園,2024-06-19,9665
00795B,中信美國公債20年,40,0,40,富邦-桃園,2024-06-19,9665
2324,仁寶,47,9,38,富邦-桃園,2024-06-19,9665
911868,同方友友-DR,35,0,35,富邦-桃園,2024-06-19,9665
8926,台汽電,33,0,33,富邦-桃園,2024-06-19,9665
6190,萬泰科,98,66,32,富邦-桃園,2024-06-19,9665
2515,中工,43,13,30,富邦-桃園,2024-06-19,9665
2888,新光金,68,38,30,富邦-桃園,2024-06-19,9665
6282,康舒,34,4,30,富邦-桃園,2024-06-19,9665
910322,康師傅-DR,30,0,30,富邦-桃園,2024-06-19,9665
8092,建暐,30,0,30,富邦-桃園,2024-06-19,9665
8046,南電,31,1,30,富邦-桃園,2024-06-19,9665
2408,南亞科,48,18,30,富邦-桃園,2024-06-19,9665
6442,光聖,30,1,29,富邦-桃園,2024-06-19,9665
2331,精英,28,0,28,富邦-桃園,2024-06-19,9665
00933B,國泰10Y+金融債,32,6,26,富邦-桃園,2024-06-19,9665
00673R,期元大S＆P原油反1,26,0,26,富邦-桃園,2024-06-19,9665
00681R,元大美債20反1,25,0,25,富邦-桃園,2024-06-19,9665
00937B,群益ESG投等債20,488,42,446,富邦-桃園,2024-06-20,9665
00918,大華優利高填息30,439,76,363,富邦-桃園,2024-06-20,9665
2303,聯電,353,60,293,富邦-桃園,2024-06-20,9665
00632R,元大台灣50反1,250,2,248,富邦-桃園,2024-06-20,9665
00687B,國泰20年美債,203,17,186,富邦-桃園,2024-06-20,9665
00919,群益台灣精選高息,526,340,186,富邦-桃園,2024-06-20,9665
00933B,國泰10Y+金融債,140,1,139,富邦-桃園,2024-06-20,9665
2888,新光金,123,16,107,富邦-桃園,2024-06-20,9665
00936,台新永續高息中小,106,0,106,富邦-桃園,2024-06-20,9665
6125,廣運,126,20,106,富邦-桃園,2024-06-20,9665
4526,東台,153,51,102,富邦-桃園,2024-06-20,9665
00773B,中信優先金融債,100,0,100,富邦-桃園,2024-06-20,9665
00885,富邦越南,102,2,100,富邦-桃園,2024-06-20,9665
1447,力鵬,92,5,87,富邦-桃園,2024-06-20,9665
9105,泰金寶-DR,85,0,85,富邦-桃園,2024-06-20,9665
00712,復華富時不動產,98,20,78,富邦-桃園,2024-06-20,9665
00671R,富邦NASDAQ反1,75,0,75,富邦-桃園,2024-06-20,9665
4306,炎洲,80,7,73,富邦-桃園,2024-06-20,9665
2348,海悅,82,10,72,富邦-桃園,2024-06-20,9665
2887,台新金,67,0,67,富邦-桃園,2024-06-20,9665
00946,群益科技高息成長,64,2,62,富邦-桃園,2024-06-20,9665
2409,友達,67,5,62,富邦-桃園,2024-06-20,9665
00637L,元大滬深300正2,61,0,61,富邦-桃園,2024-06-20,9665
1513,中興電,73,14,59,富邦-桃園,2024-06-20,9665
00679B,元大美債20年,65,7,58,富邦-桃園,2024-06-20,9665
2353,宏��,71,16,55,富邦-桃園,2024-06-20,9665
2365,昆盈,129,77,52,富邦-桃園,2024-06-20,9665
1785,光洋科,104,52,52,富邦-桃園,2024-06-20,9665
2312,金寶,55,4,51,富邦-桃園,2024-06-20,9665
00881,國泰台灣5G+,72,23,49,富邦-桃園,2024-06-20,9665
2881,富邦金,63,15,48,富邦-桃園,2024-06-20,9665
8050,廣積,69,22,47,富邦-桃園,2024-06-20,9665
00948B,中信優息投資級債,47,0,47,富邦-桃園,2024-06-20,9665
2330,台積電,52,7,45,富邦-桃園,2024-06-20,9665
00751B,元大AAA至A公司債,44,0,44,富邦-桃園,2024-06-20,9665
2610,華航,250,212,38,富邦-桃園,2024-06-20,9665
1514,亞力,150,113,37,富邦-桃園,2024-06-20,9665
8096,擎亞,88,52,36,富邦-桃園,2024-06-20,9665
00935,野村臺灣新科技50,34,0,34,富邦-桃園,2024-06-20,9665
2618,長榮航,56,23,33,富邦-桃園,2024-06-20,9665
3033,威健,32,2,30,富邦-桃園,2024-06-20,9665
2607,榮運,41,11,30,富邦-桃園,2024-06-20,9665
00650L,復華香港正2,32,2,30,富邦-桃園,2024-06-20,9665
2883,凱基金,67,38,29,富邦-桃園,2024-06-20,9665
2049,上銀,30,1,29,富邦-桃園,2024-06-20,9665
00764B,群益25年美債,29,0,29,富邦-桃園,2024-06-20,9665
3413,京鼎,32,4,28,富邦-桃園,2024-06-20,9665
006208,富邦台50,35,7,28,富邦-桃園,2024-06-20,9665
2323,中環,46,20,26,富邦-桃園,2024-06-20,9665
2105,正新,30,5,25,富邦-桃園,2024-06-20,9665
00937B,群益ESG投等債20,570,208,362,富邦-桃園,2024-06-21,9665
00929,復華台灣科技優息,447,87,360,富邦-桃園,2024-06-21,9665
00936,台新永續高息中小,171,0,171,富邦-桃園,2024-06-21,9665
2027,大成鋼,154,0,154,富邦-桃園,2024-06-21,9665
2542,興富發,140,4,136,富邦-桃園,2024-06-21,9665
00922,國泰台灣領袖50,136,0,136,富邦-桃園,2024-06-21,9665
00637L,元大滬深300正2,158,48,110,富邦-桃園,2024-06-21,9665
00753L,中信中國50正2,104,0,104,富邦-桃園,2024-06-21,9665
00919,群益台灣精選高息,657,553,104,富邦-桃園,2024-06-21,9665
00948B,中信優息投資級債,102,0,102,富邦-桃園,2024-06-21,9665
2897,王道銀行,100,0,100,富邦-桃園,2024-06-21,9665
2401,凌陽,110,13,97,富邦-桃園,2024-06-21,9665
00687B,國泰20年美債,207,112,95,富邦-桃園,2024-06-21,9665
00933B,國泰10Y+金融債,112,18,94,富邦-桃園,2024-06-21,9665
2303,聯電,129,41,88,富邦-桃園,2024-06-21,9665
4306,炎洲,88,8,80,富邦-桃園,2024-06-21,9665
00940,元大台灣價值高息,275,196,79,富邦-桃園,2024-06-21,9665
2317,鴻海,155,87,68,富邦-桃園,2024-06-21,9665
00830,國泰費城半導體,97,38,59,富邦-桃園,2024-06-21,9665
2618,長榮航,128,70,58,富邦-桃園,2024-06-21,9665
00946,群益科技高息成長,81,30,51,富邦-桃園,2024-06-21,9665
2609,陽明,330,281,49,富邦-桃園,2024-06-21,9665
9105,泰金寶-DR,61,12,49,富邦-桃園,2024-06-21,9665
2504,國產,51,2,49,富邦-桃園,2024-06-21,9665
2330,台積電,55,7,48,富邦-桃園,2024-06-21,9665
00680L,元大美債20正2,155,108,47,富邦-桃園,2024-06-21,9665
1301,台塑,50,4,46,富邦-桃園,2024-06-21,9665
8011,台通,52,6,46,富邦-桃園,2024-06-21,9665
8033,雷虎,45,0,45,富邦-桃園,2024-06-21,9665
2382,廣達,82,43,39,富邦-桃園,2024-06-21,9665
2371,大同,68,28,40,富邦-桃園,2024-06-21,9665
2548,華固,36,0,36,富邦-桃園,2024-06-21,9665
6117,迎廣,33,1,32,富邦-桃園,2024-06-21,9665
00902,中信電池及儲能,32,0,32,富邦-桃園,2024-06-21,9665
2363,矽統,49,19,30,富邦-桃園,2024-06-21,9665
2349,錸德,30,0,30,富邦-桃園,2024-06-21,9665
6443,元晶,30,0,30,富邦-桃園,2024-06-21,9665
00942B,台新美A公司債20+,31,2,29,富邦-桃園,2024-06-21,9665
00915,凱基優選高股息30,29,0,29,富邦-桃園,2024-06-21,9665
2611,志信,40,11,29,富邦-桃園,2024-06-21,9665
6233,旺玖,31,3,28,富邦-桃園,2024-06-21,9665
1440,南紡,27,0,27,富邦-桃園,2024-06-21,9665
4562,穎漢,34,7,27,富邦-桃園,2024-06-21,9665
1312,國喬,30,4,26,富邦-桃園,2024-06-21,9665
2365,昆盈,69,44,25,富邦-桃園,2024-06-21,9665
3312,弘憶股,42,17,25,富邦-桃園,2024-06-21,9665
3048,益登,36,14,22,富邦-桃園,2024-06-21,9665
6598,ABC-KY,26,4,22,富邦-桃園,2024-06-21,9665
3588,通嘉,48,27,21,富邦-桃園,2024-06-21,9665
2316,楠梓電,111,90,21,富邦-桃園,2024-06-21,9665
3481,群創,2113,1049,1064,富邦-桃園,2024-06-24,9665
00919,群益台灣精選高息,713,219,494,富邦-桃園,2024-06-24,9665
00948B,中信優息投資級債,316,0,316,富邦-桃園,2024-06-24,9665
00937B,群益ESG投等債20,300,11,289,富邦-桃園,2024-06-24,9665
2610,華航,429,186,243,富邦-桃園,2024-06-24,9665
00680L,元大美債20正2,201,0,201,富邦-桃園,2024-06-24,9665
2838,聯邦銀,135,0,135,富邦-桃園,2024-06-24,9665
1314,中石化,146,11,135,富邦-桃園,2024-06-24,9665
00918,大華優利高填息30,135,21,114,富邦-桃園,2024-06-24,9665
2344,華邦電,116,8,108,富邦-桃園,2024-06-24,9665
2349,錸德,106,0,106,富邦-桃園,2024-06-24,9665
1304,台聚,92,0,92,富邦-桃園,2024-06-24,9665
00946,群益科技高息成長,100,10,90,富邦-桃園,2024-06-24,9665
00830,國泰費城半導體,89,0,89,富邦-桃園,2024-06-24,9665
1802,台玻,94,9,85,富邦-桃園,2024-06-24,9665
00715L,期街口布蘭特正2,80,1,79,富邦-桃園,2024-06-24,9665
00687B,國泰20年美債,141,62,79,富邦-桃園,2024-06-24,9665
00878,國泰永續高股息,105,28,77,富邦-桃園,2024-06-24,9665
3062,建漢,312,235,77,富邦-桃園,2024-06-24,9665
00753L,中信中國50正2,71,0,71,富邦-桃園,2024-06-24,9665
2382,廣達,85,17,68,富邦-桃園,2024-06-24,9665
2883,凱基金,69,3,66,富邦-桃園,2024-06-24,9665
1612,宏泰,76,10,66,富邦-桃園,2024-06-24,9665
1815,富喬,82,19,63,富邦-桃園,2024-06-24,9665
2002,中鋼,69,6,63,富邦-桃園,2024-06-24,9665
2330,台積電,69,15,54,富邦-桃園,2024-06-24,9665
2353,宏��,56,2,54,富邦-桃園,2024-06-24,9665
1785,光洋科,161,108,53,富邦-桃園,2024-06-24,9665
0056,元大高股息,65,18,47,富邦-桃園,2024-06-24,9665
2542,興富發,76,30,46,富邦-桃園,2024-06-24,9665
2368,金像電,133,89,44,富邦-桃園,2024-06-24,9665
1301,台塑,38,1,37,富邦-桃園,2024-06-24,9665
8064,東捷,92,56,36,富邦-桃園,2024-06-24,9665
2408,南亞科,41,6,35,富邦-桃園,2024-06-24,9665
8926,台汽電,32,0,32,富邦-桃園,2024-06-24,9665
2615,萬海,51,19,32,富邦-桃園,2024-06-24,9665
2347,聯強,31,0,31,富邦-桃園,2024-06-24,9665
4714,永捷,31,0,31,富邦-桃園,2024-06-24,9665
6505,台塑化,31,0,31,富邦-桃園,2024-06-24,9665
3285,微端,30,0,30,富邦-桃園,2024-06-24,9665
2440,太空梭,31,1,30,富邦-桃園,2024-06-24,9665
4123,晟德,28,0,28,富邦-桃園,2024-06-24,9665
1309,台達化,30,3,27,富邦-桃園,2024-06-24,9665
1101,台泥,41,14,27,富邦-桃園,2024-06-24,9665
00947,台新臺灣IC設計,33,6,27,富邦-桃園,2024-06-24,9665
2617,台航,26,0,26,富邦-桃園,2024-06-24,9665
5328,華容,89,63,26,富邦-桃園,2024-06-24,9665
9105,泰金寶-DR,84,59,25,富邦-桃園,2024-06-24,9665
00907,永豐優息存股,25,0,25,富邦-桃園,2024-06-24,9665
00923,群益台ESG低碳50,105,81,24,富邦-桃園,2024-06-24,9665
2303,聯電,742,27,715,富邦-桃園,2024-06-25,9665
00937B,群益ESG投等債20,532,75,457,富邦-桃園,2024-06-25,9665
3481,群創,1088,635,453,富邦-桃園,2024-06-25,9665
00919,群益台灣精選高息,365,118,247,富邦-桃園,2024-06-25,9665
00929,復華台灣科技優息,352,111,241,富邦-桃園,2024-06-25,9665
00918,大華優利高填息30,208,28,180,富邦-桃園,2024-06-25,9665
00680L,元大美債20正2,149,12,137,富邦-桃園,2024-06-25,9665
2409,友達,121,11,110,富邦-桃園,2024-06-25,9665
6147,頎邦,106,0,106,富邦-桃園,2024-06-25,9665
2897,王道銀行,100,2,98,富邦-桃園,2024-06-25,9665
00936,台新永續高息中小,97,20,77,富邦-桃園,2024-06-25,9665
00830,國泰費城半導體,68,0,68,富邦-桃園,2024-06-25,9665
2542,興富發,73,5,68,富邦-桃園,2024-06-25,9665
1301,台塑,73,9,64,富邦-桃園,2024-06-25,9665
8105,凌巨,69,11,58,富邦-桃園,2024-06-25,9665
2401,凌陽,86,31,55,富邦-桃園,2024-06-25,9665
2408,南亞科,57,3,54,富邦-桃園,2024-06-25,9665
00946,群益科技高息成長,54,1,53,富邦-桃園,2024-06-25,9665
2356,英業達,108,56,52,富邦-桃園,2024-06-25,9665
9105,泰金寶-DR,110,60,50,富邦-桃園,2024-06-25,9665
2258,鴻華先進-創,50,2,48,富邦-桃園,2024-06-25,9665
3037,欣興,46,0,46,富邦-桃園,2024-06-25,9665
00633L,富邦上証正2,52,7,45,富邦-桃園,2024-06-25,9665
1802,台玻,47,3,44,富邦-桃園,2024-06-25,9665
2406,國碩,124,81,43,富邦-桃園,2024-06-25,9665
6284,佳邦,47,4,43,富邦-桃園,2024-06-25,9665
2382,廣達,64,22,42,富邦-桃園,2024-06-25,9665
00715L,期街口布蘭特正2,80,38,42,富邦-桃園,2024-06-25,9665
1447,力鵬,40,0,40,富邦-桃園,2024-06-25,9665
2834,臺企銀,64,25,39,富邦-桃園,2024-06-25,9665
5452,佶優,79,41,38,富邦-桃園,2024-06-25,9665
0056,元大高股息,44,7,37,富邦-桃園,2024-06-25,9665
00881,國泰台灣5G+,61,26,35,富邦-桃園,2024-06-25,9665
2485,兆赫,34,0,34,富邦-桃園,2024-06-25,9665
2537,聯上發,36,2,34,富邦-桃園,2024-06-25,9665
00947,台新臺灣IC設計,33,0,33,富邦-桃園,2024-06-25,9665
2002,中鋼,46,13,33,富邦-桃園,2024-06-25,9665
3663,鑫科,66,33,33,富邦-桃園,2024-06-25,9665
2867,三商壽,35,5,30,富邦-桃園,2024-06-25,9665
00665L,富邦�琤肭磪囓�2,41,11,30,富邦-桃園,2024-06-25,9665
2444,兆勁,33,4,29,富邦-桃園,2024-06-25,9665
3047,訊舟,32,5,27,富邦-桃園,2024-06-25,9665
4566,時碩工業,76,49,27,富邦-桃園,2024-06-25,9665
1440,南紡,27,0,27,富邦-桃園,2024-06-25,9665
00772B,中信高評級公司債,26,0,26,富邦-桃園,2024-06-25,9665
00679B,元大美債20年,41,15,26,富邦-桃園,2024-06-25,9665
2618,長榮航,74,50,24,富邦-桃園,2024-06-25,9665
6173,信昌電,40,16,24,富邦-桃園,2024-06-25,9665
3450,聯鈞,95,71,24,富邦-桃園,2024-06-25,9665
00878,國泰永續高股息,66,44,22,富邦-桃園,2024-06-25,9665
2374,佳能,670,10,660,富邦-桃園,2024-06-26,9665
00946,群益科技高息成長,470,3,467,富邦-桃園,2024-06-26,9665
9105,泰金寶-DR,184,13,171,富邦-桃園,2024-06-26,9665
00929,復華台灣科技優息,194,48,146,富邦-桃園,2024-06-26,9665
00937B,群益ESG投等債20,197,65,132,富邦-桃園,2024-06-26,9665
3406,玉晶光,103,1,102,富邦-桃園,2024-06-26,9665
2883,凱基金,127,26,101,富邦-桃園,2024-06-26,9665
2890,永豐金,97,0,97,富邦-桃園,2024-06-26,9665
00936,台新永續高息中小,94,0,94,富邦-桃園,2024-06-26,9665
00830,國泰費城半導體,87,2,85,富邦-桃園,2024-06-26,9665
2002,中鋼,89,5,84,富邦-桃園,2024-06-26,9665
1785,光洋科,102,35,67,富邦-桃園,2024-06-26,9665
00935,野村臺灣新科技50,68,1,67,富邦-桃園,2024-06-26,9665
2409,友達,76,10,66,富邦-桃園,2024-06-26,9665
5880,合庫金,62,0,62,富邦-桃園,2024-06-26,9665
2618,長榮航,58,8,50,富邦-桃園,2024-06-26,9665
4526,東台,114,64,50,富邦-桃園,2024-06-26,9665
3712,永崴投控,94,45,49,富邦-桃園,2024-06-26,9665
3535,晶彩科,49,6,43,富邦-桃園,2024-06-26,9665
6548,長科*,65,24,41,富邦-桃園,2024-06-26,9665
2204,中華,40,0,40,富邦-桃園,2024-06-26,9665
2401,凌陽,95,56,39,富邦-桃園,2024-06-26,9665
1303,南亞,49,10,39,富邦-桃園,2024-06-26,9665
8277,商丞,50,13,37,富邦-桃園,2024-06-26,9665
00881,國泰台灣5G+,113,76,37,富邦-桃園,2024-06-26,9665
00948B,中信優息投資級債,37,0,37,富邦-桃園,2024-06-26,9665
6152,百一,39,3,36,富邦-桃園,2024-06-26,9665
2317,鴻海,88,52,36,富邦-桃園,2024-06-26,9665
2515,中工,34,0,34,富邦-桃園,2024-06-26,9665
8358,金居,46,13,33,富邦-桃園,2024-06-26,9665
00878,國泰永續高股息,50,17,33,富邦-桃園,2024-06-26,9665
00713,元大台灣高息低波,31,1,30,富邦-桃園,2024-06-26,9665
2103,台橡,30,0,30,富邦-桃園,2024-06-26,9665
1301,台塑,65,36,29,富邦-桃園,2024-06-26,9665
5452,佶優,55,26,29,富邦-桃園,2024-06-26,9665
1815,富喬,76,49,27,富邦-桃園,2024-06-26,9665
2834,臺企銀,27,0,27,富邦-桃園,2024-06-26,9665
00940,元大台灣價值高息,162,137,25,富邦-桃園,2024-06-26,9665
00679B,元大美債20年,74,49,25,富邦-桃園,2024-06-26,9665
00933B,國泰10Y+金融債,25,0,25,富邦-桃園,2024-06-26,9665
2641,正德,25,1,24,富邦-桃園,2024-06-26,9665
00665L,富邦�琤肭磪囓�2,162,138,24,富邦-桃園,2024-06-26,9665
3260,威剛,25,1,24,富邦-桃園,2024-06-26,9665
6207,雷科,26,3,23,富邦-桃園,2024-06-26,9665
1608,華榮,24,1,23,富邦-桃園,2024-06-26,9665
00637L,元大滬深300正2,23,0,23,富邦-桃園,2024-06-26,9665
00632R,元大台灣50反1,23,0,23,富邦-桃園,2024-06-26,9665
3062,建漢,119,97,22,富邦-桃園,2024-06-26,9665
3037,欣興,31,10,21,富邦-桃園,2024-06-26,9665
0056,元大高股息,25,4,21,富邦-桃園,2024-06-26,9665
00632R,元大台灣50反1,1000,3,997,富邦-桃園,2024-06-27,9665
00929,復華台灣科技優息,541,36,505,富邦-桃園,2024-06-27,9665
00937B,群益ESG投等債20,455,6,449,富邦-桃園,2024-06-27,9665
00687B,國泰20年美債,318,24,294,富邦-桃園,2024-06-27,9665
00679B,元大美債20年,291,62,229,富邦-桃園,2024-06-27,9665
6443,元晶,689,478,211,富邦-桃園,2024-06-27,9665
00680L,元大美債20正2,156,0,156,富邦-桃園,2024-06-27,9665
9105,泰金寶-DR,152,10,142,富邦-桃園,2024-06-27,9665
3060,銘異,121,20,101,富邦-桃園,2024-06-27,9665
2801,彰銀,100,1,99,富邦-桃園,2024-06-27,9665
2349,錸德,110,39,71,富邦-桃園,2024-06-27,9665
00933B,國泰10Y+金融債,70,0,70,富邦-桃園,2024-06-27,9665
2344,華邦電,68,1,67,富邦-桃園,2024-06-27,9665
00753L,中信中國50正2,67,0,67,富邦-桃園,2024-06-27,9665
00878,國泰永續高股息,87,20,67,富邦-桃園,2024-06-27,9665
4167,松瑞藥,277,217,60,富邦-桃園,2024-06-27,9665
00715L,期街口布蘭特正2,60,0,60,富邦-桃園,2024-06-27,9665
1303,南亞,73,13,60,富邦-桃園,2024-06-27,9665
5443,均豪,172,113,59,富邦-桃園,2024-06-27,9665
6257,矽格,51,1,50,富邦-桃園,2024-06-27,9665
1785,光洋科,77,27,50,富邦-桃園,2024-06-27,9665
2885,元大金,50,0,50,富邦-桃園,2024-06-27,9665
00936,台新永續高息中小,50,2,48,富邦-桃園,2024-06-27,9665
00882,中信中國高股息,51,6,45,富邦-桃園,2024-06-27,9665
00946,群益科技高息成長,46,1,45,富邦-桃園,2024-06-27,9665
5425,台半,42,0,42,富邦-桃園,2024-06-27,9665
3037,欣興,43,1,42,富邦-桃園,2024-06-27,9665
2409,友達,63,22,41,富邦-桃園,2024-06-27,9665
00862B,中信投資級公司債,40,0,40,富邦-桃園,2024-06-27,9665
8277,商丞,40,0,40,富邦-桃園,2024-06-27,9665
00918,大華優利高填息30,44,7,37,富邦-桃園,2024-06-27,9665
1609,大亞,72,36,36,富邦-桃園,2024-06-27,9665
2382,廣達,38,4,34,富邦-桃園,2024-06-27,9665
00830,國泰費城半導體,34,1,33,富邦-桃園,2024-06-27,9665
3047,訊舟,379,347,32,富邦-桃園,2024-06-27,9665
2890,永豐金,31,1,30,富邦-桃園,2024-06-27,9665
2607,榮運,34,4,30,富邦-桃園,2024-06-27,9665
1447,力鵬,30,0,30,富邦-桃園,2024-06-27,9665
2352,佳世達,39,10,29,富邦-桃園,2024-06-27,9665
2478,大毅,30,1,29,富邦-桃園,2024-06-27,9665
912000,晨訊科-DR,52,24,28,富邦-桃園,2024-06-27,9665
2353,宏��,47,19,28,富邦-桃園,2024-06-27,9665
0056,元大高股息,30,2,28,富邦-桃園,2024-06-27,9665
00720B,元大投資級公司債,46,18,28,富邦-桃園,2024-06-27,9665
1720,生達,27,0,27,富邦-桃園,2024-06-27,9665
4938,和碩,26,0,26,富邦-桃園,2024-06-27,9665
2002,中鋼,28,2,26,富邦-桃園,2024-06-27,9665
1301,台塑,27,2,25,富邦-桃園,2024-06-27,9665
6806,森崴能源,94,69,25,富邦-桃園,2024-06-27,9665
3652,精聯,29,4,25,富邦-桃園,2024-06-27,9665
2353,宏��,862,0,862,富邦-桃園,2024-06-28,9665
00937B,群益ESG投等債20,239,0,239,富邦-桃園,2024-06-28,9665
2337,旺宏,234,3,231,富邦-桃園,2024-06-28,9665
2542,興富發,165,10,155,富邦-桃園,2024-06-28,9665
00936,台新永續高息中小,139,3,136,富邦-桃園,2024-06-28,9665
00680L,元大美債20正2,121,0,121,富邦-桃園,2024-06-28,9665
2409,友達,131,27,104,富邦-桃園,2024-06-28,9665
00712,復華富時不動產,97,1,96,富邦-桃園,2024-06-28,9665
00679B,元大美債20年,81,5,76,富邦-桃園,2024-06-28,9665
1802,台玻,84,10,74,富邦-桃園,2024-06-28,9665
9958,世紀鋼,90,23,67,富邦-桃園,2024-06-28,9665
00687B,國泰20年美債,75,10,65,富邦-桃園,2024-06-28,9665
1609,大亞,68,6,62,富邦-桃園,2024-06-28,9665
2867,三商壽,56,2,54,富邦-桃園,2024-06-28,9665
9105,泰金寶-DR,55,1,54,富邦-桃園,2024-06-28,9665
00922,國泰台灣領袖50,52,1,51,富邦-桃園,2024-06-28,9665
8271,宇瞻,50,0,50,富邦-桃園,2024-06-28,9665
00948B,中信優息投資級債,49,0,49,富邦-桃園,2024-06-28,9665
6477,安集,74,27,47,富邦-桃園,2024-06-28,9665
5443,均豪,92,45,47,富邦-桃園,2024-06-28,9665
3576,聯合再生,218,171,47,富邦-桃園,2024-06-28,9665
2352,佳世達,53,7,46,富邦-桃園,2024-06-28,9665
00795B,中信美國公債20年,44,0,44,富邦-桃園,2024-06-28,9665
2323,中環,66,24,42,富邦-桃園,2024-06-28,9665
2406,國碩,268,228,40,富邦-桃園,2024-06-28,9665
4934,太極,42,2,40,富邦-桃園,2024-06-28,9665
1789,神隆,40,0,40,富邦-桃園,2024-06-28,9665
2603,長榮,45,7,38,富邦-桃園,2024-06-28,9665
6770,力積電,38,1,37,富邦-桃園,2024-06-28,9665
00919,群益台灣精選高息,76,41,35,富邦-桃園,2024-06-28,9665
1815,富喬,73,39,34,富邦-桃園,2024-06-28,9665
00929,復華台灣科技優息,166,135,31,富邦-桃園,2024-06-28,9665
2489,瑞軒,71,41,30,富邦-桃園,2024-06-28,9665
2349,錸德,36,6,30,富邦-桃園,2024-06-28,9665
2354,鴻準,47,17,30,富邦-桃園,2024-06-28,9665
00915,凱基優選高股息30,29,0,29,富邦-桃園,2024-06-28,9665
2347,聯強,28,0,28,富邦-桃園,2024-06-28,9665
2427,三商電,35,7,28,富邦-桃園,2024-06-28,9665
2301,光寶科,29,3,26,富邦-桃園,2024-06-28,9665
00885,富邦越南,25,0,25,富邦-桃園,2024-06-28,9665
2331,精英,25,0,25,富邦-桃園,2024-06-28,9665
5469,瀚宇博,26,1,25,富邦-桃園,2024-06-28,9665
00713,元大台灣高息低波,29,5,24,富邦-桃園,2024-06-28,9665
8027,鈦昇,25,1,24,富邦-桃園,2024-06-28,9665
00673R,期元大S＆P原油反1,23,0,23,富邦-桃園,2024-06-28,9665
1319,東陽,57,34,23,富邦-桃園,2024-06-28,9665
8473,山林水,22,0,22,富邦-桃園,2024-06-28,9665
2002,中鋼,36,15,21,富邦-桃園,2024-06-28,9665
5512,力麒,21,0,21,富邦-桃園,2024-06-28,9665
3046,建��,21,0,21,富邦-桃園,2024-06-28,9665
00937B,群益ESG投等債20,778,56,722,富邦-桃園,2024-07-01,9665
2303,聯電,762,161,601,富邦-桃園,2024-07-01,9665
00929,復華台灣科技優息,380,44,336,富邦-桃園,2024-07-01,9665
00680L,元大美債20正2,281,2,279,富邦-桃園,2024-07-01,9665
00687B,國泰20年美債,279,62,217,富邦-桃園,2024-07-01,9665
00948B,中信優息投資級債,167,0,167,富邦-桃園,2024-07-01,9665
0056,元大高股息,174,12,162,富邦-桃園,2024-07-01,9665
2618,長榮航,241,116,125,富邦-桃園,2024-07-01,9665
00933B,國泰10Y+金融債,113,6,107,富邦-桃園,2024-07-01,9665
00725B,國泰投資級公司債,109,3,106,富邦-桃園,2024-07-01,9665
00679B,元大美債20年,260,154,106,富邦-桃園,2024-07-01,9665
2337,旺宏,90,0,90,富邦-桃園,2024-07-01,9665
00936,台新永續高息中小,99,10,89,富邦-桃園,2024-07-01,9665
00688L,國泰20年美債正2,105,26,79,富邦-桃園,2024-07-01,9665
00885,富邦越南,79,4,75,富邦-桃園,2024-07-01,9665
2359,所羅門,150,79,71,富邦-桃園,2024-07-01,9665
2365,昆盈,250,180,70,富邦-桃園,2024-07-01,9665
00944,野村趨勢動能高息,66,9,57,富邦-桃園,2024-07-01,9665
00753L,中信中國50正2,56,0,56,富邦-桃園,2024-07-01,9665
2537,聯上發,63,11,52,富邦-桃園,2024-07-01,9665
2409,友達,64,12,52,富邦-桃園,2024-07-01,9665
6189,豐藝,56,5,51,富邦-桃園,2024-07-01,9665
00751B,元大AAA至A公司債,48,0,48,富邦-桃園,2024-07-01,9665
6188,廣明,90,44,46,富邦-桃園,2024-07-01,9665
3006,晶豪科,45,2,43,富邦-桃園,2024-07-01,9665
3689,湧德,46,3,43,富邦-桃園,2024-07-01,9665
3025,星通,44,4,40,富邦-桃園,2024-07-01,9665
00795B,中信美國公債20年,41,1,40,富邦-桃園,2024-07-01,9665
4533,協易機,45,6,39,富邦-桃園,2024-07-01,9665
6152,百一,44,6,38,富邦-桃園,2024-07-01,9665
2883,凱基金,50,13,37,富邦-桃園,2024-07-01,9665
2367,燿華,68,32,36,富邦-桃園,2024-07-01,9665
3576,聯合再生,44,8,36,富邦-桃園,2024-07-01,9665
9105,泰金寶-DR,52,19,33,富邦-桃園,2024-07-01,9665
2002,中鋼,35,4,31,富邦-桃園,2024-07-01,9665
00942B,台新美A公司債20+,30,0,30,富邦-桃園,2024-07-01,9665
2406,國碩,142,113,29,富邦-桃園,2024-07-01,9665
2615,萬海,77,48,29,富邦-桃園,2024-07-01,9665
2317,鴻海,64,37,27,富邦-桃園,2024-07-01,9665
2851,中再保,25,0,25,富邦-桃園,2024-07-01,9665
5439,高技,27,2,25,富邦-桃園,2024-07-01,9665
6117,迎廣,33,8,25,富邦-桃園,2024-07-01,9665
9958,世紀鋼,37,13,24,富邦-桃園,2024-07-01,9665
2362,藍天,73,50,23,富邦-桃園,2024-07-01,9665
2457,飛宏,23,0,23,富邦-桃園,2024-07-01,9665
2882,國泰金,43,22,21,富邦-桃園,2024-07-01,9665
3128,昇銳,20,0,20,富邦-桃園,2024-07-01,9665
1727,中華化,20,0,20,富邦-桃園,2024-07-01,9665
00671R,富邦NASDAQ反1,20,0,20,富邦-桃園,2024-07-01,9665
8033,雷虎,21,1,20,富邦-桃園,2024-07-01,9665
00632R,元大台灣50反1,1029,120,909,富邦-桃園,2024-07-02,9665
00934,中信成長高股息,479,12,467,富邦-桃園,2024-07-02,9665
00929,復華台灣科技優息,703,253,450,富邦-桃園,2024-07-02,9665
00688L,國泰20年美債正2,305,0,305,富邦-桃園,2024-07-02,9665
00680L,元大美債20正2,278,0,278,富邦-桃園,2024-07-02,9665
00679B,元大美債20年,239,12,227,富邦-桃園,2024-07-02,9665
00937B,群益ESG投等債20,241,15,226,富邦-桃園,2024-07-02,9665
00687B,國泰20年美債,234,29,205,富邦-桃園,2024-07-02,9665
2303,聯電,318,130,188,富邦-桃園,2024-07-02,9665
2317,鴻海,246,96,150,富邦-桃園,2024-07-02,9665
3050,鈺德,132,5,127,富邦-桃園,2024-07-02,9665
3035,智原,157,33,124,富邦-桃園,2024-07-02,9665
00948B,中信優息投資級債,106,0,106,富邦-桃園,2024-07-02,9665
00881,國泰台灣5G+,103,13,90,富邦-桃園,2024-07-02,9665
6443,元晶,235,147,88,富邦-桃園,2024-07-02,9665
00936,台新永續高息中小,84,2,82,富邦-桃園,2024-07-02,9665
0056,元大高股息,112,31,81,富邦-桃園,2024-07-02,9665
00712,復華富時不動產,88,8,80,富邦-桃園,2024-07-02,9665
00927,群益半導體收益,79,1,78,富邦-桃園,2024-07-02,9665
00946,群益科技高息成長,77,0,77,富邦-桃園,2024-07-02,9665
4739,康普,71,2,69,富邦-桃園,2024-07-02,9665
2365,昆盈,156,88,68,富邦-桃園,2024-07-02,9665
00933B,國泰10Y+金融債,62,1,61,富邦-桃園,2024-07-02,9665
00918,大華優利高填息30,66,5,61,富邦-桃園,2024-07-02,9665
3006,晶豪科,61,2,59,富邦-桃園,2024-07-02,9665
1301,台塑,56,0,56,富邦-桃園,2024-07-02,9665
2323,中環,52,0,52,富邦-桃園,2024-07-02,9665
2889,國票金,55,4,51,富邦-桃園,2024-07-02,9665
2464,盟立,118,69,49,富邦-桃園,2024-07-02,9665
2489,瑞軒,53,5,48,富邦-桃園,2024-07-02,9665
3062,建漢,47,3,44,富邦-桃園,2024-07-02,9665
00905,FT臺灣Smart,44,0,44,富邦-桃園,2024-07-02,9665
00945B,凱基美國非投等債,52,8,44,富邦-桃園,2024-07-02,9665
4721,美琪瑪,42,2,40,富邦-桃園,2024-07-02,9665
6139,亞翔,76,36,40,富邦-桃園,2024-07-02,9665
2834,臺企銀,43,5,38,富邦-桃園,2024-07-02,9665
00919,群益台灣精選高息,102,63,39,富邦-桃園,2024-07-02,9665
3715,定穎投控,39,3,36,富邦-桃園,2024-07-02,9665
00671R,富邦NASDAQ反1,36,0,36,富邦-桃園,2024-07-02,9665
00942B,台新美A公司債20+,35,0,35,富邦-桃園,2024-07-02,9665
6189,豐藝,43,9,34,富邦-桃園,2024-07-02,9665
3535,晶彩科,142,108,34,富邦-桃園,2024-07-02,9665
2354,鴻準,36,5,31,富邦-桃園,2024-07-02,9665
2301,光寶科,43,12,31,富邦-桃園,2024-07-02,9665
3702,大聯大,33,3,30,富邦-桃園,2024-07-02,9665
6285,啟��,29,0,29,富邦-桃園,2024-07-02,9665
1303,南亞,31,3,28,富邦-桃園,2024-07-02,9665
3037,欣興,29,2,27,富邦-桃園,2024-07-02,9665
4109,加捷生醫,33,7,26,富邦-桃園,2024-07-02,9665
6257,矽格,26,0,26,富邦-桃園,2024-07-02,9665
00934,中信成長高股息,350,7,343,富邦-桃園,2024-07-03,9665
6188,廣明,308,8,300,富邦-桃園,2024-07-03,9665
2610,華航,420,188,232,富邦-桃園,2024-07-03,9665
2406,國碩,292,102,190,富邦-桃園,2024-07-03,9665
00918,大華優利高填息30,157,1,156,富邦-桃園,2024-07-03,9665
3576,聯合再生,459,306,153,富邦-桃園,2024-07-03,9665
2349,錸德,181,62,119,富邦-桃園,2024-07-03,9665
6244,茂迪,166,66,100,富邦-桃園,2024-07-03,9665
00680L,元大美債20正2,105,10,95,富邦-桃園,2024-07-03,9665
00679B,元大美債20年,107,19,88,富邦-桃園,2024-07-03,9665
00632R,元大台灣50反1,105,18,87,富邦-桃園,2024-07-03,9665
00665L,富邦�琤肭磪囓�2,277,200,77,富邦-桃園,2024-07-03,9665
2317,鴻海,112,41,71,富邦-桃園,2024-07-03,9665
6443,元晶,285,218,67,富邦-桃園,2024-07-03,9665
00936,台新永續高息中小,65,0,65,富邦-桃園,2024-07-03,9665
3047,訊舟,142,81,61,富邦-桃園,2024-07-03,9665
2368,金像電,177,121,56,富邦-桃園,2024-07-03,9665
00687B,國泰20年美債,66,12,54,富邦-桃園,2024-07-03,9665
00946,群益科技高息成長,83,31,52,富邦-桃園,2024-07-03,9665
00676R,富邦臺灣加權反1,50,0,50,富邦-桃園,2024-07-03,9665
2607,榮運,51,1,50,富邦-桃園,2024-07-03,9665
00922,國泰台灣領袖50,50,0,50,富邦-桃園,2024-07-03,9665
2031,新光鋼,42,1,41,富邦-桃園,2024-07-03,9665
5443,均豪,116,76,40,富邦-桃園,2024-07-03,9665
2312,金寶,44,4,40,富邦-桃園,2024-07-03,9665
1608,華榮,35,2,33,富邦-桃園,2024-07-03,9665
3005,神基,44,13,31,富邦-桃園,2024-07-03,9665
2344,華邦電,122,92,30,富邦-桃園,2024-07-03,9665
00650L,復華香港正2,30,2,28,富邦-桃園,2024-07-03,9665
3492,長盛,30,2,28,富邦-桃園,2024-07-03,9665
9103,美德醫療-DR,26,0,26,富邦-桃園,2024-07-03,9665
4915,致伸,35,10,25,富邦-桃園,2024-07-03,9665
3321,同泰,35,10,25,富邦-桃園,2024-07-03,9665
00927,群益半導體收益,25,0,25,富邦-桃園,2024-07-03,9665
00688L,國泰20年美債正2,24,0,24,富邦-桃園,2024-07-03,9665
2356,英業達,32,9,23,富邦-桃園,2024-07-03,9665
1815,富喬,154,131,23,富邦-桃園,2024-07-03,9665
2347,聯強,24,2,22,富邦-桃園,2024-07-03,9665
1802,台玻,22,0,22,富邦-桃園,2024-07-03,9665
1301,台塑,31,9,22,富邦-桃園,2024-07-03,9665
00671R,富邦NASDAQ反1,21,0,21,富邦-桃園,2024-07-03,9665
6538,倉和,29,8,21,富邦-桃園,2024-07-03,9665
8086,宏捷科,32,11,21,富邦-桃園,2024-07-03,9665
1504,東元,21,1,20,富邦-桃園,2024-07-03,9665
4906,正文,41,20,21,富邦-桃園,2024-07-03,9665
2007,燁興,20,0,20,富邦-桃園,2024-07-03,9665
6589,台康生技,20,1,19,富邦-桃園,2024-07-03,9665
6282,康舒,44,25,19,富邦-桃園,2024-07-03,9665
5371,中光電,18,0,18,富邦-桃園,2024-07-03,9665
8473,山林水,19,1,18,富邦-桃園,2024-07-03,9665
3481,群創,1983,334,1649,富邦-桃園,2024-07-04,9665
2344,華邦電,307,14,293,富邦-桃園,2024-07-04,9665
2515,中工,185,13,172,富邦-桃園,2024-07-04,9665
00680L,元大美債20正2,148,26,122,富邦-桃園,2024-07-04,9665
3050,鈺德,130,15,115,富邦-桃園,2024-07-04,9665
3290,東浦,112,0,112,富邦-桃園,2024-07-04,9665
2412,中華電,101,2,99,富邦-桃園,2024-07-04,9665
2867,三商壽,142,42,100,富邦-桃園,2024-07-04,9665
3189,景碩,98,0,98,富邦-桃園,2024-07-04,9665
00679B,元大美債20年,89,0,89,富邦-桃園,2024-07-04,9665
9105,泰金寶-DR,138,55,83,富邦-桃園,2024-07-04,9665
1785,光洋科,237,157,80,富邦-桃園,2024-07-04,9665
00922,國泰台灣領袖50,71,3,68,富邦-桃園,2024-07-04,9665
00687B,國泰20年美債,100,32,68,富邦-桃園,2024-07-04,9665
2610,華航,408,342,66,富邦-桃園,2024-07-04,9665
4167,松瑞藥,57,1,56,富邦-桃園,2024-07-04,9665
2349,錸德,56,3,53,富邦-桃園,2024-07-04,9665
00650L,復華香港正2,62,10,52,富邦-桃園,2024-07-04,9665
1455,集盛,50,0,50,富邦-桃園,2024-07-04,9665
3047,訊舟,107,60,47,富邦-桃園,2024-07-04,9665
2618,長榮航,91,45,46,富邦-桃園,2024-07-04,9665
2405,輔信,120,75,45,富邦-桃園,2024-07-04,9665
00772B,中信高評級公司債,45,1,44,富邦-桃園,2024-07-04,9665
2603,長榮,53,10,43,富邦-桃園,2024-07-04,9665
00725B,國泰投資級公司債,41,1,40,富邦-桃園,2024-07-04,9665
1734,杏輝,40,0,40,富邦-桃園,2024-07-04,9665
2323,中環,160,121,39,富邦-桃園,2024-07-04,9665
2834,臺企銀,51,13,38,富邦-桃園,2024-07-04,9665
2324,仁寶,42,5,37,富邦-桃園,2024-07-04,9665
6016,康和證,34,0,34,富邦-桃園,2024-07-04,9665
5347,世界,41,9,32,富邦-桃園,2024-07-04,9665
1802,台玻,32,0,32,富邦-桃園,2024-07-04,9665
00713,元大台灣高息低波,36,4,32,富邦-桃園,2024-07-04,9665
6274,台燿,44,13,31,富邦-桃園,2024-07-04,9665
4510,高鋒,33,3,30,富邦-桃園,2024-07-04,9665
00712,復華富時不動產,40,10,30,富邦-桃園,2024-07-04,9665
6589,台康生技,28,0,28,富邦-桃園,2024-07-04,9665
00936,台新永續高息中小,38,10,28,富邦-桃園,2024-07-04,9665
9945,潤泰新,26,0,26,富邦-桃園,2024-07-04,9665
1409,新纖,42,16,26,富邦-桃園,2024-07-04,9665
00637L,元大滬深300正2,35,9,26,富邦-桃園,2024-07-04,9665
8163,達方,25,0,25,富邦-桃園,2024-07-04,9665
3323,加百裕,27,3,24,富邦-桃園,2024-07-04,9665
1440,南紡,24,0,24,富邦-桃園,2024-07-04,9665
2885,元大金,41,18,23,富邦-桃園,2024-07-04,9665
1815,富喬,74,52,22,富邦-桃園,2024-07-04,9665
2007,燁興,22,0,22,富邦-桃園,2024-07-04,9665
1717,長興,21,0,21,富邦-桃園,2024-07-04,9665
6142,友勁,22,1,21,富邦-桃園,2024-07-04,9665
5392,能率,39,19,20,富邦-桃園,2024-07-04,9665
00934,中信成長高股息,383,0,383,富邦-桃園,2024-07-05,9665
2618,長榮航,332,66,266,富邦-桃園,2024-07-05,9665
00687B,國泰20年美債,278,18,260,富邦-桃園,2024-07-05,9665
00715L,期街口布蘭特正2,240,4,236,富邦-桃園,2024-07-05,9665
00919,群益台灣精選高息,286,70,216,富邦-桃園,2024-07-05,9665
00637L,元大滬深300正2,217,30,187,富邦-桃園,2024-07-05,9665
6153,嘉聯益,206,19,187,富邦-桃園,2024-07-05,9665
2323,中環,284,109,175,富邦-桃園,2024-07-05,9665
00680L,元大美債20正2,152,21,131,富邦-桃園,2024-07-05,9665
00936,台新永續高息中小,128,3,125,富邦-桃園,2024-07-05,9665
2317,鴻海,166,46,120,富邦-桃園,2024-07-05,9665
8277,商丞,102,0,102,富邦-桃園,2024-07-05,9665
6188,廣明,108,27,81,富邦-桃園,2024-07-05,9665
0056,元大高股息,94,19,75,富邦-桃園,2024-07-05,9665
2374,佳能,144,76,68,富邦-桃園,2024-07-05,9665
1714,和桐,68,0,68,富邦-桃園,2024-07-05,9665
2867,三商壽,81,28,53,富邦-桃園,2024-07-05,9665
6152,百一,56,4,52,富邦-桃園,2024-07-05,9665
00655L,國泰中國A50正2,50,0,50,富邦-桃園,2024-07-05,9665
3576,聯合再生,91,42,49,富邦-桃園,2024-07-05,9665
00675L,富邦臺灣加權正2,46,0,46,富邦-桃園,2024-07-05,9665
1304,台聚,56,16,40,富邦-桃園,2024-07-05,9665
1604,聲寶,40,0,40,富邦-桃園,2024-07-05,9665
6179,亞通,45,6,39,富邦-桃園,2024-07-05,9665
00933B,國泰10Y+金融債,52,13,39,富邦-桃園,2024-07-05,9665
3048,益登,84,45,39,富邦-桃園,2024-07-05,9665
2385,群光,38,1,37,富邦-桃園,2024-07-05,9665
00720B,元大投資級公司債,37,1,36,富邦-桃園,2024-07-05,9665
2495,普安,127,93,34,富邦-桃園,2024-07-05,9665
2352,佳世達,33,0,33,富邦-桃園,2024-07-05,9665
2002,中鋼,43,10,33,富邦-桃園,2024-07-05,9665
8105,凌巨,38,6,32,富邦-桃園,2024-07-05,9665
6541,泰福-KY,32,1,31,富邦-桃園,2024-07-05,9665
6189,豐藝,44,14,30,富邦-桃園,2024-07-05,9665
2344,華邦電,47,18,29,富邦-桃園,2024-07-05,9665
006208,富邦台50,34,6,28,富邦-桃園,2024-07-05,9665
6753,龍德造船,30,4,26,富邦-桃園,2024-07-05,9665
4123,晟德,26,0,26,富邦-桃園,2024-07-05,9665
5392,能率,79,54,25,富邦-桃園,2024-07-05,9665
6207,雷科,61,38,23,富邦-桃園,2024-07-05,9665
00882,中信中國高股息,28,5,23,富邦-桃園,2024-07-05,9665
5371,中光電,31,8,23,富邦-桃園,2024-07-05,9665
00891,中信關鍵半導體,32,10,22,富邦-桃園,2024-07-05,9665
2603,長榮,55,33,22,富邦-桃園,2024-07-05,9665
00725B,國泰投資級公司債,22,0,22,富邦-桃園,2024-07-05,9665
3689,湧德,24,2,22,富邦-桃園,2024-07-05,9665
1303,南亞,21,0,21,富邦-桃園,2024-07-05,9665
2427,三商電,90,69,21,富邦-桃園,2024-07-05,9665
00735,國泰臺韓科技,22,2,20,富邦-桃園,2024-07-05,9665
1909,榮成,20,0,20,富邦-桃園,2024-07-05,9665
00712,復華富時不動產,9301,30,9271,富邦-桃園,2024-07-08,9665
00632R,元大台灣50反1,452,48,404,富邦-桃園,2024-07-08,9665
00937B,群益ESG投等債20,380,6,374,富邦-桃園,2024-07-08,9665
2515,中工,236,0,236,富邦-桃園,2024-07-08,9665
2303,聯電,297,71,226,富邦-桃園,2024-07-08,9665
3231,緯創,283,67,216,富邦-桃園,2024-07-08,9665
2348,海悅,182,1,181,富邦-桃園,2024-07-08,9665
2618,長榮航,280,129,151,富邦-桃園,2024-07-08,9665
00935,野村臺灣新科技50,146,9,137,富邦-桃園,2024-07-08,9665
00687B,國泰20年美債,134,2,132,富邦-桃園,2024-07-08,9665
00930,永豐ESG低碳高息,130,0,130,富邦-桃園,2024-07-08,9665
00922,國泰台灣領袖50,127,2,125,富邦-桃園,2024-07-08,9665
6284,佳邦,125,2,123,富邦-桃園,2024-07-08,9665
3481,群創,159,65,94,富邦-桃園,2024-07-08,9665
2897,王道銀行,92,0,92,富邦-桃園,2024-07-08,9665
2365,昆盈,221,132,89,富邦-桃園,2024-07-08,9665
2344,華邦電,95,9,86,富邦-桃園,2024-07-08,9665
1608,華榮,83,1,82,富邦-桃園,2024-07-08,9665
6213,聯茂,89,15,74,富邦-桃園,2024-07-08,9665
2317,鴻海,272,203,69,富邦-桃園,2024-07-08,9665
2542,興富發,76,7,69,富邦-桃園,2024-07-08,9665
9958,世紀鋼,73,7,66,富邦-桃園,2024-07-08,9665
00680L,元大美債20正2,77,11,66,富邦-桃園,2024-07-08,9665
5530,龍巖,61,1,60,富邦-桃園,2024-07-08,9665
912000,晨訊科-DR,57,0,57,富邦-桃園,2024-07-08,9665
2867,三商壽,56,0,56,富邦-桃園,2024-07-08,9665
2464,盟立,166,114,52,富邦-桃園,2024-07-08,9665
2547,日勝生,50,0,50,富邦-桃園,2024-07-08,9665
00713,元大台灣高息低波,63,13,50,富邦-桃園,2024-07-08,9665
5392,能率,67,19,48,富邦-桃園,2024-07-08,9665
2352,佳世達,52,5,47,富邦-桃園,2024-07-08,9665
2603,長榮,103,59,44,富邦-桃園,2024-07-08,9665
6412,群電,43,0,43,富邦-桃園,2024-07-08,9665
2453,凌群,71,28,43,富邦-桃園,2024-07-08,9665
2363,矽統,117,80,37,富邦-桃園,2024-07-08,9665
00725B,國泰投資級公司債,38,2,36,富邦-桃園,2024-07-08,9665
1802,台玻,42,6,36,富邦-桃園,2024-07-08,9665
4167,松瑞藥,60,24,36,富邦-桃園,2024-07-08,9665
6139,亞翔,41,5,36,富邦-桃園,2024-07-08,9665
00671R,富邦NASDAQ反1,34,0,34,富邦-桃園,2024-07-08,9665
3490,單井,38,4,34,富邦-桃園,2024-07-08,9665
2611,志信,35,2,33,富邦-桃園,2024-07-08,9665
0056,元大高股息,49,16,33,富邦-桃園,2024-07-08,9665
1447,力鵬,32,0,32,富邦-桃園,2024-07-08,9665
5443,均豪,85,53,32,富邦-桃園,2024-07-08,9665
4714,永捷,33,2,31,富邦-桃園,2024-07-08,9665
2409,友達,33,4,29,富邦-桃園,2024-07-08,9665
1785,光洋科,162,134,28,富邦-桃園,2024-07-08,9665
3229,晟鈦,32,4,28,富邦-桃園,2024-07-08,9665
1609,大亞,32,5,27,富邦-桃園,2024-07-08,9665
2401,凌陽,360,8,352,富邦-桃園,2024-07-09,9665
00680L,元大美債20正2,391,66,325,富邦-桃園,2024-07-09,9665
2312,金寶,644,349,295,富邦-桃園,2024-07-09,9665
00937B,群益ESG投等債20,327,99,228,富邦-桃園,2024-07-09,9665
2317,鴻海,350,135,215,富邦-桃園,2024-07-09,9665
00934,中信成長高股息,207,17,190,富邦-桃園,2024-07-09,9665
2371,大同,209,21,188,富邦-桃園,2024-07-09,9665
2883,凱基金,221,72,149,富邦-桃園,2024-07-09,9665
00929,復華台灣科技優息,347,206,141,富邦-桃園,2024-07-09,9665
2834,臺企銀,129,1,128,富邦-桃園,2024-07-09,9665
3231,緯創,187,62,125,富邦-桃園,2024-07-09,9665
00922,國泰台灣領袖50,121,6,115,富邦-桃園,2024-07-09,9665
00905,FT臺灣Smart,109,0,109,富邦-桃園,2024-07-09,9665
00878,國泰永續高股息,136,40,96,富邦-桃園,2024-07-09,9665
2618,長榮航,216,123,93,富邦-桃園,2024-07-09,9665
9105,泰金寶-DR,556,483,73,富邦-桃園,2024-07-09,9665
2609,陽明,116,45,71,富邦-桃園,2024-07-09,9665
00713,元大台灣高息低波,69,1,68,富邦-桃園,2024-07-09,9665
4510,高鋒,75,16,59,富邦-桃園,2024-07-09,9665
0056,元大高股息,64,5,59,富邦-桃園,2024-07-09,9665
2353,宏��,70,12,58,富邦-桃園,2024-07-09,9665
00927,群益半導體收益,58,4,54,富邦-桃園,2024-07-09,9665
3037,欣興,56,4,52,富邦-桃園,2024-07-09,9665
00753L,中信中國50正2,51,0,51,富邦-桃園,2024-07-09,9665
1717,長興,70,21,49,富邦-桃園,2024-07-09,9665
1802,台玻,50,1,49,富邦-桃園,2024-07-09,9665
3029,零壹,47,3,44,富邦-桃園,2024-07-09,9665
5443,均豪,75,31,44,富邦-桃園,2024-07-09,9665
6213,聯茂,63,21,42,富邦-桃園,2024-07-09,9665
2337,旺宏,46,6,40,富邦-桃園,2024-07-09,9665
8105,凌巨,78,42,36,富邦-桃園,2024-07-09,9665
1301,台塑,38,2,36,富邦-桃園,2024-07-09,9665
00946,群益科技高息成長,36,0,36,富邦-桃園,2024-07-09,9665
6788,華景電,42,7,35,富邦-桃園,2024-07-09,9665
3260,威剛,91,56,35,富邦-桃園,2024-07-09,9665
00671R,富邦NASDAQ反1,34,0,34,富邦-桃園,2024-07-09,9665
2344,華邦電,39,8,31,富邦-桃園,2024-07-09,9665
2356,英業達,34,3,31,富邦-桃園,2024-07-09,9665
00950B,凱基A級公司債,30,0,30,富邦-桃園,2024-07-09,9665
1721,三晃,30,0,30,富邦-桃園,2024-07-09,9665
2542,興富發,34,4,30,富邦-桃園,2024-07-09,9665
00688L,國泰20年美債正2,30,0,30,富邦-桃園,2024-07-09,9665
00722B,群益投資級電信債,30,0,30,富邦-桃園,2024-07-09,9665
3033,威健,35,6,29,富邦-桃園,2024-07-09,9665
4960,誠美材,49,20,29,富邦-桃園,2024-07-09,9665
1732,毛寶,28,0,28,富邦-桃園,2024-07-09,9665
5530,龍巖,30,2,28,富邦-桃園,2024-07-09,9665
3047,訊舟,192,165,27,富邦-桃園,2024-07-09,9665
4532,瑞智,27,0,27,富邦-桃園,2024-07-09,9665
2610,華航,563,537,26,富邦-桃園,2024-07-09,9665
00937B,群益ESG投等債20,2083,11,2072,富邦-桃園,2024-07-10,9665
2888,新光金,554,165,389,富邦-桃園,2024-07-10,9665
00934,中信成長高股息,326,5,321,富邦-桃園,2024-07-10,9665
2867,三商壽,331,71,260,富邦-桃園,2024-07-10,9665
9105,泰金寶-DR,220,55,165,富邦-桃園,2024-07-10,9665
3037,欣興,168,27,141,富邦-桃園,2024-07-10,9665
00680L,元大美債20正2,135,1,134,富邦-桃園,2024-07-10,9665
2406,國碩,335,201,134,富邦-桃園,2024-07-10,9665
6244,茂迪,128,2,126,富邦-桃園,2024-07-10,9665
2601,益航,112,2,110,富邦-桃園,2024-07-10,9665
00935,野村臺灣新科技50,100,0,100,富邦-桃園,2024-07-10,9665
2371,大同,104,10,94,富邦-桃園,2024-07-10,9665
00929,復華台灣科技優息,158,66,92,富邦-桃園,2024-07-10,9665
00946,群益科技高息成長,97,7,90,富邦-桃園,2024-07-10,9665
2317,鴻海,137,63,74,富邦-桃園,2024-07-10,9665
2367,燿華,152,78,74,富邦-桃園,2024-07-10,9665
00679B,元大美債20年,80,8,72,富邦-桃園,2024-07-10,9665
1455,集盛,70,0,70,富邦-桃園,2024-07-10,9665
2303,聯電,73,14,59,富邦-桃園,2024-07-10,9665
5530,龍巖,60,5,55,富邦-桃園,2024-07-10,9665
1802,台玻,60,11,49,富邦-桃園,2024-07-10,9665
2834,臺企銀,54,7,47,富邦-桃園,2024-07-10,9665
00878,國泰永續高股息,129,82,47,富邦-桃園,2024-07-10,9665
2344,華邦電,48,5,43,富邦-桃園,2024-07-10,9665
5880,合庫金,43,2,41,富邦-桃園,2024-07-10,9665
2528,皇普,41,0,41,富邦-桃園,2024-07-10,9665
00927,群益半導體收益,47,7,40,富邦-桃園,2024-07-10,9665
6257,矽格,40,2,38,富邦-桃園,2024-07-10,9665
2543,皇昌,57,19,38,富邦-桃園,2024-07-10,9665
2392,正崴,140,104,36,富邦-桃園,2024-07-10,9665
2610,華航,452,416,36,富邦-桃園,2024-07-10,9665
00690,兆豐藍籌30,35,0,35,富邦-桃園,2024-07-10,9665
00671R,富邦NASDAQ反1,35,0,35,富邦-桃園,2024-07-10,9665
00725B,國泰投資級公司債,37,3,34,富邦-桃園,2024-07-10,9665
1303,南亞,38,6,32,富邦-桃園,2024-07-10,9665
2444,兆勁,33,1,32,富邦-桃園,2024-07-10,9665
6770,力積電,48,17,31,富邦-桃園,2024-07-10,9665
5371,中光電,30,1,29,富邦-桃園,2024-07-10,9665
2353,宏��,109,80,29,富邦-桃園,2024-07-10,9665
00922,國泰台灣領袖50,27,1,26,富邦-桃園,2024-07-10,9665
2354,鴻準,53,27,26,富邦-桃園,2024-07-10,9665
2609,陽明,44,20,24,富邦-桃園,2024-07-10,9665
1409,新纖,26,1,25,富邦-桃園,2024-07-10,9665
6806,森崴能源,73,49,24,富邦-桃園,2024-07-10,9665
5512,力麒,24,0,24,富邦-桃園,2024-07-10,9665
00632R,元大台灣50反1,838,815,23,富邦-桃園,2024-07-10,9665
4904,遠傳,23,0,23,富邦-桃園,2024-07-10,9665
3673,TPK-KY,32,9,23,富邦-桃園,2024-07-10,9665
00713,元大台灣高息低波,22,0,22,富邦-桃園,2024-07-10,9665
2002,中鋼,24,4,20,富邦-桃園,2024-07-10,9665
2317,鴻海,334,57,277,富邦-桃園,2024-07-11,9665
00934,中信成長高股息,276,1,275,富邦-桃園,2024-07-11,9665
00937B,群益ESG投等債20,195,20,175,富邦-桃園,2024-07-11,9665
0056,元大高股息,157,8,149,富邦-桃園,2024-07-11,9665
00680L,元大美債20正2,198,56,142,富邦-桃園,2024-07-11,9665
2367,燿華,265,140,125,富邦-桃園,2024-07-11,9665
2371,大同,140,20,120,富邦-桃園,2024-07-11,9665
00945B,凱基美國非投等債,109,0,109,富邦-桃園,2024-07-11,9665
2374,佳能,112,10,102,富邦-桃園,2024-07-11,9665
2888,新光金,154,53,101,富邦-桃園,2024-07-11,9665
2528,皇普,92,0,92,富邦-桃園,2024-07-11,9665
1447,力鵬,72,0,72,富邦-桃園,2024-07-11,9665
2365,昆盈,186,119,67,富邦-桃園,2024-07-11,9665
2303,聯電,105,39,66,富邦-桃園,2024-07-11,9665
1608,華榮,69,5,64,富邦-桃園,2024-07-11,9665
6005,群益證,69,5,64,富邦-桃園,2024-07-11,9665
2355,敬鵬,65,9,56,富邦-桃園,2024-07-11,9665
1815,富喬,429,374,55,富邦-桃園,2024-07-11,9665
6806,森崴能源,115,60,55,富邦-桃園,2024-07-11,9665
2313,華通,173,120,53,富邦-桃園,2024-07-11,9665
00725B,國泰投資級公司債,60,8,52,富邦-桃園,2024-07-11,9665
00905,FT臺灣Smart,51,1,50,富邦-桃園,2024-07-11,9665
00935,野村臺灣新科技50,67,18,49,富邦-桃園,2024-07-11,9665
3048,益登,60,13,47,富邦-桃園,2024-07-11,9665
2537,聯上發,62,19,43,富邦-桃園,2024-07-11,9665
3050,鈺德,73,30,43,富邦-桃園,2024-07-11,9665
3062,建漢,59,18,41,富邦-桃園,2024-07-11,9665
2601,益航,40,0,40,富邦-桃園,2024-07-11,9665
00927,群益半導體收益,43,6,37,富邦-桃園,2024-07-11,9665
1609,大亞,125,89,36,富邦-桃園,2024-07-11,9665
00671R,富邦NASDAQ反1,35,0,35,富邦-桃園,2024-07-11,9665
00933B,國泰10Y+金融債,59,25,34,富邦-桃園,2024-07-11,9665
2344,華邦電,79,45,34,富邦-桃園,2024-07-11,9665
00936,台新永續高息中小,48,16,32,富邦-桃園,2024-07-11,9665
2464,盟立,95,64,31,富邦-桃園,2024-07-11,9665
00665L,富邦�琤肭磪囓�2,30,0,30,富邦-桃園,2024-07-11,9665
2449,京元電子,47,18,29,富邦-桃園,2024-07-11,9665
3324,雙鴻,33,5,28,富邦-桃園,2024-07-11,9665
1565,精華,28,1,27,富邦-桃園,2024-07-11,9665
2607,榮運,33,7,26,富邦-桃園,2024-07-11,9665
2363,矽統,44,19,25,富邦-桃園,2024-07-11,9665
00948B,中信優息投資級債,24,0,24,富邦-桃園,2024-07-11,9665
1301,台塑,25,2,23,富邦-桃園,2024-07-11,9665
2891,中信金,32,8,24,富邦-桃園,2024-07-11,9665
2885,元大金,67,45,22,富邦-桃園,2024-07-11,9665
1514,亞力,78,56,22,富邦-桃園,2024-07-11,9665
1513,中興電,133,111,22,富邦-桃園,2024-07-11,9665
00679B,元大美債20年,37,16,21,富邦-桃園,2024-07-11,9665
3450,聯鈞,66,45,21,富邦-桃園,2024-07-11,9665
2603,長榮,27,6,21,富邦-桃園,2024-07-11,9665
00937B,群益ESG投等債20,784,39,745,富邦-桃園,2024-07-12,9665
00632R,元大台灣50反1,901,158,743,富邦-桃園,2024-07-12,9665
00929,復華台灣科技優息,728,177,551,富邦-桃園,2024-07-12,9665
00919,群益台灣精選高息,415,100,315,富邦-桃園,2024-07-12,9665
3019,亞光,372,66,306,富邦-桃園,2024-07-12,9665
2317,鴻海,376,73,303,富邦-桃園,2024-07-12,9665
00706L,期元大S＆P日圓正2,271,2,269,富邦-桃園,2024-07-12,9665
00715L,期街口布蘭特正2,204,0,204,富邦-桃園,2024-07-12,9665
00680L,元大美債20正2,386,213,173,富邦-桃園,2024-07-12,9665
00927,群益半導體收益,170,6,164,富邦-桃園,2024-07-12,9665
2312,金寶,752,603,149,富邦-桃園,2024-07-12,9665
2867,三商壽,262,121,141,富邦-桃園,2024-07-12,9665
2601,益航,123,2,121,富邦-桃園,2024-07-12,9665
6284,佳邦,121,1,120,富邦-桃園,2024-07-12,9665
00934,中信成長高股息,214,96,118,富邦-桃園,2024-07-12,9665
00679B,元大美債20年,149,37,112,富邦-桃園,2024-07-12,9665
2313,華通,111,14,97,富邦-桃園,2024-07-12,9665
00712,復華富時不動產,232,151,81,富邦-桃園,2024-07-12,9665
00878,國泰永續高股息,90,10,80,富邦-桃園,2024-07-12,9665
00830,國泰費城半導體,84,7,77,富邦-桃園,2024-07-12,9665
6411,晶焱,78,5,73,富邦-桃園,2024-07-12,9665
3231,緯創,98,27,71,富邦-桃園,2024-07-12,9665
3047,訊舟,79,9,70,富邦-桃園,2024-07-12,9665
0056,元大高股息,95,29,66,富邦-桃園,2024-07-12,9665
2618,長榮航,121,58,63,富邦-桃園,2024-07-12,9665
1714,和桐,60,0,60,富邦-桃園,2024-07-12,9665
6213,聯茂,59,1,58,富邦-桃園,2024-07-12,9665
00687B,國泰20年美債,68,10,58,富邦-桃園,2024-07-12,9665
006208,富邦台50,61,5,56,富邦-桃園,2024-07-12,9665
00688L,國泰20年美債正2,53,1,52,富邦-桃園,2024-07-12,9665
00665L,富邦�琤肭磪囓�2,96,45,51,富邦-桃園,2024-07-12,9665
3588,通嘉,49,0,49,富邦-桃園,2024-07-12,9665
2303,聯電,124,76,48,富邦-桃園,2024-07-12,9665
6005,群益證,51,4,47,富邦-桃園,2024-07-12,9665
1312,國喬,59,18,41,富邦-桃園,2024-07-12,9665
3374,精材,66,25,41,富邦-桃園,2024-07-12,9665
2330,台積電,61,22,39,富邦-桃園,2024-07-12,9665
5534,長虹,39,0,39,富邦-桃園,2024-07-12,9665
00936,台新永續高息中小,39,1,38,富邦-桃園,2024-07-12,9665
1612,宏泰,60,22,38,富邦-桃園,2024-07-12,9665
2348,海悅,37,0,37,富邦-桃園,2024-07-12,9665
2884,玉山金,36,1,35,富邦-桃園,2024-07-12,9665
3013,晟銘電,70,36,34,富邦-桃園,2024-07-12,9665
0050,元大台灣50,48,15,33,富邦-桃園,2024-07-12,9665
2406,國碩,67,35,32,富邦-桃園,2024-07-12,9665
3715,定穎投控,36,5,31,富邦-桃園,2024-07-12,9665
2610,華航,454,424,30,富邦-桃園,2024-07-12,9665
2363,矽統,37,7,30,富邦-桃園,2024-07-12,9665
2880,華南金,31,1,30,富邦-桃園,2024-07-12,9665
2881,富邦金,47,19,28,富邦-桃園,2024-07-12,9665
00937B,群益ESG投等債20,537,7,530,富邦-桃園,2024-07-15,9665
00950B,凱基A級公司債,301,0,301,富邦-桃園,2024-07-15,9665
00934,中信成長高股息,490,193,297,富邦-桃園,2024-07-15,9665
6116,彩晶,271,0,271,富邦-桃園,2024-07-15,9665
2867,三商壽,380,112,268,富邦-桃園,2024-07-15,9665
1609,大亞,348,82,266,富邦-桃園,2024-07-15,9665
00637L,元大滬深300正2,208,0,208,富邦-桃園,2024-07-15,9665
00680L,元大美債20正2,169,1,168,富邦-桃園,2024-07-15,9665
2618,長榮航,288,143,145,富邦-桃園,2024-07-15,9665
00688L,國泰20年美債正2,141,0,141,富邦-桃園,2024-07-15,9665
0056,元大高股息,144,13,131,富邦-桃園,2024-07-15,9665
00919,群益台灣精選高息,377,247,130,富邦-桃園,2024-07-15,9665
2891,中信金,159,45,114,富邦-桃園,2024-07-15,9665
00712,復華富時不動產,168,54,114,富邦-桃園,2024-07-15,9665
6770,力積電,131,21,110,富邦-桃園,2024-07-15,9665
2332,友訊,111,7,104,富邦-桃園,2024-07-15,9665
00679B,元大美債20年,113,16,97,富邦-桃園,2024-07-15,9665
00942B,台新美A公司債20+,100,20,80,富邦-桃園,2024-07-15,9665
2605,新興,94,20,74,富邦-桃園,2024-07-15,9665
2601,益航,69,0,69,富邦-桃園,2024-07-15,9665
9945,潤泰新,67,1,66,富邦-桃園,2024-07-15,9665
00878,國泰永續高股息,116,51,65,富邦-桃園,2024-07-15,9665
2607,榮運,102,39,63,富邦-桃園,2024-07-15,9665
2323,中環,94,33,61,富邦-桃園,2024-07-15,9665
3437,榮創,86,27,59,富邦-桃園,2024-07-15,9665
2356,英業達,182,130,52,富邦-桃園,2024-07-15,9665
4566,時碩工業,100,48,52,富邦-桃園,2024-07-15,9665
4526,東台,57,5,52,富邦-桃園,2024-07-15,9665
3071,協禧,50,0,50,富邦-桃園,2024-07-15,9665
3576,聯合再生,56,6,50,富邦-桃園,2024-07-15,9665
2889,國票金,57,9,48,富邦-桃園,2024-07-15,9665
2344,華邦電,47,0,47,富邦-桃園,2024-07-15,9665
2609,陽明,97,55,42,富邦-桃園,2024-07-15,9665
2365,昆盈,128,87,41,富邦-桃園,2024-07-15,9665
00946,群益科技高息成長,38,3,35,富邦-桃園,2024-07-15,9665
00735,國泰臺韓科技,37,2,35,富邦-桃園,2024-07-15,9665
9904,寶成,35,0,35,富邦-桃園,2024-07-15,9665
1301,台塑,35,1,34,富邦-桃園,2024-07-15,9665
00725B,國泰投資級公司債,34,1,33,富邦-桃園,2024-07-15,9665
2888,新光金,102,69,33,富邦-桃園,2024-07-15,9665
4958,臻鼎-KY,37,5,32,富邦-桃園,2024-07-15,9665
00722B,群益投資級電信債,30,0,30,富邦-桃園,2024-07-15,9665
2317,鴻海,73,42,31,富邦-桃園,2024-07-15,9665
2838,聯邦銀,31,1,30,富邦-桃園,2024-07-15,9665
6126,信音,35,5,30,富邦-桃園,2024-07-15,9665
2834,臺企銀,33,3,30,富邦-桃園,2024-07-15,9665
3450,聯鈞,61,32,29,富邦-桃園,2024-07-15,9665
2489,瑞軒,277,248,29,富邦-桃園,2024-07-15,9665
2409,友達,41,13,28,富邦-桃園,2024-07-15,9665
1304,台聚,29,1,28,富邦-桃園,2024-07-15,9665
00882,中信中國高股息,3523,30,3493,富邦-桃園,2024-07-16,9665
00937B,群益ESG投等債20,518,7,511,富邦-桃園,2024-07-16,9665
00945B,凱基美國非投等債,260,0,260,富邦-桃園,2024-07-16,9665
00632R,元大台灣50反1,300,100,200,富邦-桃園,2024-07-16,9665
00680L,元大美債20正2,194,0,194,富邦-桃園,2024-07-16,9665
00934,中信成長高股息,178,0,178,富邦-桃園,2024-07-16,9665
00905,FT臺灣Smart,163,10,153,富邦-桃園,2024-07-16,9665
0056,元大高股息,137,6,131,富邦-桃園,2024-07-16,9665
2356,英業達,135,11,124,富邦-桃園,2024-07-16,9665
00915,凱基優選高股息30,122,1,121,富邦-桃園,2024-07-16,9665
00712,復華富時不動產,130,31,99,富邦-桃園,2024-07-16,9665
1314,中石化,101,5,96,富邦-桃園,2024-07-16,9665
00679B,元大美債20年,109,17,92,富邦-桃園,2024-07-16,9665
2312,金寶,232,141,91,富邦-桃園,2024-07-16,9665
00919,群益台灣精選高息,226,139,87,富邦-桃園,2024-07-16,9665
00929,復華台灣科技優息,245,171,74,富邦-桃園,2024-07-16,9665
2891,中信金,69,4,65,富邦-桃園,2024-07-16,9665
1721,三晃,66,5,61,富邦-桃園,2024-07-16,9665
1301,台塑,61,0,61,富邦-桃園,2024-07-16,9665
00933B,國泰10Y+金融債,64,5,59,富邦-桃園,2024-07-16,9665
00927,群益半導體收益,59,0,59,富邦-桃園,2024-07-16,9665
00665L,富邦�琤肭磪囓�2,173,115,58,富邦-桃園,2024-07-16,9665
6278,台表科,52,0,52,富邦-桃園,2024-07-16,9665
00922,國泰台灣領袖50,51,0,51,富邦-桃園,2024-07-16,9665
2867,三商壽,72,22,50,富邦-桃園,2024-07-16,9665
2029,盛餘,50,0,50,富邦-桃園,2024-07-16,9665
5328,華容,55,8,47,富邦-桃園,2024-07-16,9665
00885,富邦越南,50,3,47,富邦-桃園,2024-07-16,9665
2834,臺企銀,45,0,45,富邦-桃園,2024-07-16,9665
3481,群創,120,76,44,富邦-桃園,2024-07-16,9665
2489,瑞軒,103,61,42,富邦-桃園,2024-07-16,9665
2354,鴻準,55,15,40,富邦-桃園,2024-07-16,9665
00673R,期元大S＆P原油反1,40,0,40,富邦-桃園,2024-07-16,9665
5443,均豪,52,13,39,富邦-桃園,2024-07-16,9665
00881,國泰台灣5G+,42,4,38,富邦-桃園,2024-07-16,9665
2888,新光金,93,61,32,富邦-桃園,2024-07-16,9665
2464,盟立,36,4,32,富邦-桃園,2024-07-16,9665
2528,皇普,35,4,31,富邦-桃園,2024-07-16,9665
2317,鴻海,99,68,31,富邦-桃園,2024-07-16,9665
6189,豐藝,36,6,30,富邦-桃園,2024-07-16,9665
00696B,富邦美債20年,30,1,29,富邦-桃園,2024-07-16,9665
1569,濱川,31,3,28,富邦-桃園,2024-07-16,9665
6443,元晶,33,6,27,富邦-桃園,2024-07-16,9665
3049,精金,27,1,26,富邦-桃園,2024-07-16,9665
00858,永豐美國500大,27,1,26,富邦-桃園,2024-07-16,9665
2371,大同,29,4,25,富邦-桃園,2024-07-16,9665
1612,宏泰,77,52,25,富邦-桃園,2024-07-16,9665
1316,上曜,164,139,25,富邦-桃園,2024-07-16,9665
00949,復華日本龍頭,25,1,24,富邦-桃園,2024-07-16,9665
00722B,群益投資級電信債,24,0,24,富邦-桃園,2024-07-16,9665
00882,中信中國高股息,2069,103,1966,富邦-桃園,2024-07-17,9665
00929,復華台灣科技優息,751,134,617,富邦-桃園,2024-07-17,9665
00937B,群益ESG投等債20,480,3,477,富邦-桃園,2024-07-17,9665
00680L,元大美債20正2,477,147,330,富邦-桃園,2024-07-17,9665
2344,華邦電,205,12,193,富邦-桃園,2024-07-17,9665
0056,元大高股息,209,34,175,富邦-桃園,2024-07-17,9665
1102,亞泥,150,2,148,富邦-桃園,2024-07-17,9665
00927,群益半導體收益,140,11,129,富邦-桃園,2024-07-17,9665
2897,王道銀行,100,0,100,富邦-桃園,2024-07-17,9665
3019,亞光,104,6,98,富邦-桃園,2024-07-17,9665
00753L,中信中國50正2,100,5,95,富邦-桃園,2024-07-17,9665
6757,台灣虎航,91,4,87,富邦-桃園,2024-07-17,9665
00949,復華日本龍頭,86,1,85,富邦-桃園,2024-07-17,9665
00795B,中信美國公債20年,71,1,70,富邦-桃園,2024-07-17,9665
00671R,富邦NASDAQ反1,68,0,68,富邦-桃園,2024-07-17,9665
00905,FT臺灣Smart,68,0,68,富邦-桃園,2024-07-17,9665
00712,復華富時不動產,94,27,67,富邦-桃園,2024-07-17,9665
1802,台玻,66,0,66,富邦-桃園,2024-07-17,9665
8105,凌巨,119,55,64,富邦-桃園,2024-07-17,9665
6147,頎邦,60,0,60,富邦-桃園,2024-07-17,9665
00687B,國泰20年美債,63,4,59,富邦-桃園,2024-07-17,9665
2489,瑞軒,194,138,56,富邦-桃園,2024-07-17,9665
00878,國泰永續高股息,126,70,56,富邦-桃園,2024-07-17,9665
3037,欣興,283,227,56,富邦-桃園,2024-07-17,9665
00918,大華優利高填息30,55,1,54,富邦-桃園,2024-07-17,9665
2330,台積電,61,6,55,富邦-桃園,2024-07-17,9665
2891,中信金,68,13,55,富邦-桃園,2024-07-17,9665
00936,台新永續高息中小,51,0,51,富邦-桃園,2024-07-17,9665
4155,訊映,50,0,50,富邦-桃園,2024-07-17,9665
2528,皇普,50,1,49,富邦-桃園,2024-07-17,9665
4714,永捷,50,1,49,富邦-桃園,2024-07-17,9665
3231,緯創,70,21,49,富邦-桃園,2024-07-17,9665
00919,群益台灣精選高息,276,228,48,富邦-桃園,2024-07-17,9665
00764B,群益25年美債,55,8,47,富邦-桃園,2024-07-17,9665
00881,國泰台灣5G+,46,1,45,富邦-桃園,2024-07-17,9665
2312,金寶,127,84,43,富邦-桃園,2024-07-17,9665
00915,凱基優選高股息30,46,3,43,富邦-桃園,2024-07-17,9665
00715L,期街口布蘭特正2,42,0,42,富邦-桃園,2024-07-17,9665
2605,新興,41,0,41,富邦-桃園,2024-07-17,9665
9105,泰金寶-DR,63,23,40,富邦-桃園,2024-07-17,9665
2603,長榮,80,40,40,富邦-桃園,2024-07-17,9665
1503,士電,44,4,40,富邦-桃園,2024-07-17,9665
1608,華榮,59,20,39,富邦-桃園,2024-07-17,9665
5876,上海商銀,38,0,38,富邦-桃園,2024-07-17,9665
5469,瀚宇博,37,0,37,富邦-桃園,2024-07-17,9665
3710,連展投控,35,1,34,富邦-桃園,2024-07-17,9665
3535,晶彩科,55,22,33,富邦-桃園,2024-07-17,9665
00751B,元大AAA至A公司債,42,10,32,富邦-桃園,2024-07-17,9665
2301,光寶科,36,5,31,富邦-桃園,2024-07-17,9665
6189,豐藝,29,1,28,富邦-桃園,2024-07-17,9665
00882,中信中國高股息,1139,2,1137,富邦-桃園,2024-07-18,9665
00929,復華台灣科技優息,764,165,599,富邦-桃園,2024-07-18,9665
00919,群益台灣精選高息,367,86,281,富邦-桃園,2024-07-18,9665
6770,力積電,268,20,248,富邦-桃園,2024-07-18,9665
2501,國建,193,19,174,富邦-桃園,2024-07-18,9665
00881,國泰台灣5G+,175,4,171,富邦-桃園,2024-07-18,9665
6284,佳邦,127,0,127,富邦-桃園,2024-07-18,9665
3019,亞光,127,4,123,富邦-桃園,2024-07-18,9665
00927,群益半導體收益,136,22,114,富邦-桃園,2024-07-18,9665
0056,元大高股息,157,50,107,富邦-桃園,2024-07-18,9665
00946,群益科技高息成長,135,32,103,富邦-桃園,2024-07-18,9665
00934,中信成長高股息,121,31,90,富邦-桃園,2024-07-18,9665
3481,群創,815,727,88,富邦-桃園,2024-07-18,9665
1802,台玻,84,0,84,富邦-桃園,2024-07-18,9665
00933B,國泰10Y+金融債,83,2,81,富邦-桃園,2024-07-18,9665
00830,國泰費城半導體,78,0,78,富邦-桃園,2024-07-18,9665
2330,台積電,91,23,68,富邦-桃園,2024-07-18,9665
00936,台新永續高息中小,71,3,68,富邦-桃園,2024-07-18,9665
00753L,中信中國50正2,67,0,67,富邦-桃園,2024-07-18,9665
2382,廣達,73,7,66,富邦-桃園,2024-07-18,9665
00878,國泰永續高股息,142,79,63,富邦-桃園,2024-07-18,9665
2344,華邦電,66,8,58,富邦-桃園,2024-07-18,9665
1447,力鵬,60,3,57,富邦-桃園,2024-07-18,9665
2489,瑞軒,100,45,55,富邦-桃園,2024-07-18,9665
3294,英濟,92,38,54,富邦-桃園,2024-07-18,9665
2506,太設,51,0,51,富邦-桃園,2024-07-18,9665
00937B,群益ESG投等債20,160,109,51,富邦-桃園,2024-07-18,9665
2355,敬鵬,53,7,46,富邦-桃園,2024-07-18,9665
00940,元大台灣價值高息,238,193,45,富邦-桃園,2024-07-18,9665
2365,昆盈,220,174,46,富邦-桃園,2024-07-18,9665
00905,FT臺灣Smart,45,2,43,富邦-桃園,2024-07-18,9665
3035,智原,46,5,41,富邦-桃園,2024-07-18,9665
2356,英業達,106,66,40,富邦-桃園,2024-07-18,9665
1714,和桐,40,1,39,富邦-桃園,2024-07-18,9665
2891,中信金,40,2,38,富邦-桃園,2024-07-18,9665
3062,建漢,43,6,37,富邦-桃園,2024-07-18,9665
4958,臻鼎-KY,43,6,37,富邦-桃園,2024-07-18,9665
1611,中電,119,84,35,富邦-桃園,2024-07-18,9665
1314,中石化,61,26,35,富邦-桃園,2024-07-18,9665
6290,良維,36,2,34,富邦-桃園,2024-07-18,9665
2641,正德,34,0,34,富邦-桃園,2024-07-18,9665
3037,欣興,134,100,34,富邦-桃園,2024-07-18,9665
3094,聯傑,33,1,32,富邦-桃園,2024-07-18,9665
2888,新光金,65,34,31,富邦-桃園,2024-07-18,9665
3374,精材,47,16,31,富邦-桃園,2024-07-18,9665
3013,晟銘電,99,69,30,富邦-桃園,2024-07-18,9665
2867,三商壽,35,5,30,富邦-桃園,2024-07-18,9665
2610,華航,149,120,29,富邦-桃園,2024-07-18,9665
1609,大亞,62,33,29,富邦-桃園,2024-07-18,9665
2845,遠東銀,31,2,29,富邦-桃園,2024-07-18,9665
00929,復華台灣科技優息,860,133,727,富邦-桃園,2024-07-19,9665
00919,群益台灣精選高息,587,63,524,富邦-桃園,2024-07-19,9665
3481,群創,358,43,315,富邦-桃園,2024-07-19,9665
2330,台積電,294,14,280,富邦-桃園,2024-07-19,9665
2888,新光金,289,15,274,富邦-桃園,2024-07-19,9665
00934,中信成長高股息,246,5,241,富邦-桃園,2024-07-19,9665
00937B,群益ESG投等債20,201,11,190,富邦-桃園,2024-07-19,9665
00878,國泰永續高股息,225,57,168,富邦-桃園,2024-07-19,9665
00753L,中信中國50正2,157,6,151,富邦-桃園,2024-07-19,9665
00650L,復華香港正2,172,40,132,富邦-桃園,2024-07-19,9665
0056,元大高股息,175,45,130,富邦-桃園,2024-07-19,9665
2344,華邦電,120,8,112,富邦-桃園,2024-07-19,9665
2356,英業達,136,38,98,富邦-桃園,2024-07-19,9665
2897,王道銀行,100,4,96,富邦-桃園,2024-07-19,9665
6217,中探針,95,1,94,富邦-桃園,2024-07-19,9665
2618,長榮航,115,29,86,富邦-桃園,2024-07-19,9665
2547,日勝生,113,28,85,富邦-桃園,2024-07-19,9665
1102,亞泥,85,0,85,富邦-桃園,2024-07-19,9665
00680L,元大美債20正2,89,6,83,富邦-桃園,2024-07-19,9665
00946,群益科技高息成長,128,47,81,富邦-桃園,2024-07-19,9665
1802,台玻,79,0,79,富邦-桃園,2024-07-19,9665
00927,群益半導體收益,84,8,76,富邦-桃園,2024-07-19,9665
2382,廣達,84,12,72,富邦-桃園,2024-07-19,9665
00935,野村臺灣新科技50,74,2,72,富邦-桃園,2024-07-19,9665
2338,光罩,73,8,65,富邦-桃園,2024-07-19,9665
00665L,富邦�琤肭磪囓�2,115,50,65,富邦-桃園,2024-07-19,9665
00941,中信上游半導體,61,0,61,富邦-桃園,2024-07-19,9665
8105,凌巨,176,120,56,富邦-桃園,2024-07-19,9665
3019,亞光,69,13,56,富邦-桃園,2024-07-19,9665
00905,FT臺灣Smart,75,19,56,富邦-桃園,2024-07-19,9665
2501,國建,60,5,55,富邦-桃園,2024-07-19,9665
2881,富邦金,62,7,55,富邦-桃園,2024-07-19,9665
00918,大華優利高填息30,53,1,52,富邦-桃園,2024-07-19,9665
1455,集盛,52,0,52,富邦-桃園,2024-07-19,9665
00679B,元大美債20年,92,41,51,富邦-桃園,2024-07-19,9665
3625,西勝,51,0,51,富邦-桃園,2024-07-19,9665
2882,國泰金,57,8,49,富邦-桃園,2024-07-19,9665
2355,敬鵬,49,1,48,富邦-桃園,2024-07-19,9665
2610,華航,182,138,44,富邦-桃園,2024-07-19,9665
2349,錸德,40,0,40,富邦-桃園,2024-07-19,9665
3450,聯鈞,78,39,39,富邦-桃園,2024-07-19,9665
2406,國碩,40,2,38,富邦-桃園,2024-07-19,9665
2408,南亞科,66,30,36,富邦-桃園,2024-07-19,9665
00673R,期元大S＆P原油反1,40,4,36,富邦-桃園,2024-07-19,9665
2891,中信金,66,32,34,富邦-桃園,2024-07-19,9665
00631L,元大台灣50正2,38,4,34,富邦-桃園,2024-07-19,9665
0050,元大台灣50,47,14,33,富邦-桃園,2024-07-19,9665
4760,勤凱,34,1,33,富邦-桃園,2024-07-19,9665
3231,緯創,85,53,32,富邦-桃園,2024-07-19,9665
00688L,國泰20年美債正2,32,0,32,富邦-桃園,2024-07-19,9665
00929,復華台灣科技優息,1389,259,1130,富邦-桃園,2024-07-22,9665
00919,群益台灣精選高息,762,267,495,富邦-桃園,2024-07-22,9665
00940,元大台灣價值高息,789,304,485,富邦-桃園,2024-07-22,9665
3481,群創,235,79,156,富邦-桃園,2024-07-22,9665
00937B,群益ESG投等債20,222,69,153,富邦-桃園,2024-07-22,9665
00764B,群益25年美債,139,5,134,富邦-桃園,2024-07-22,9665
4128,中天,155,21,134,富邦-桃園,2024-07-22,9665
00946,群益科技高息成長,130,14,116,富邦-桃園,2024-07-22,9665
00936,台新永續高息中小,90,0,90,富邦-桃園,2024-07-22,9665
00830,國泰費城半導體,82,0,82,富邦-桃園,2024-07-22,9665
00687B,國泰20年美債,188,111,77,富邦-桃園,2024-07-22,9665
1609,大亞,127,50,77,富邦-桃園,2024-07-22,9665
4566,時碩工業,78,8,70,富邦-桃園,2024-07-22,9665
00918,大華優利高填息30,130,66,64,富邦-桃園,2024-07-22,9665
5876,上海商銀,63,0,63,富邦-桃園,2024-07-22,9665
00934,中信成長高股息,198,138,60,富邦-桃園,2024-07-22,9665
0056,元大高股息,161,101,60,富邦-桃園,2024-07-22,9665
00915,凱基優選高股息30,74,15,59,富邦-桃園,2024-07-22,9665
2888,新光金,109,51,58,富邦-桃園,2024-07-22,9665
3052,夆典,58,0,58,富邦-桃園,2024-07-22,9665
00878,國泰永續高股息,216,159,57,富邦-桃園,2024-07-22,9665
00947,台新臺灣IC設計,56,0,56,富邦-桃園,2024-07-22,9665
2834,臺企銀,59,3,56,富邦-桃園,2024-07-22,9665
00927,群益半導體收益,67,11,56,富邦-桃園,2024-07-22,9665
2337,旺宏,58,5,53,富邦-桃園,2024-07-22,9665
2303,聯電,59,6,53,富邦-桃園,2024-07-22,9665
1905,華紙,52,0,52,富邦-桃園,2024-07-22,9665
8105,凌巨,79,27,52,富邦-桃園,2024-07-22,9665
5512,力麒,185,135,50,富邦-桃園,2024-07-22,9665
2489,瑞軒,75,26,49,富邦-桃園,2024-07-22,9665
2610,華航,234,185,49,富邦-桃園,2024-07-22,9665
3032,偉訓,47,0,47,富邦-桃園,2024-07-22,9665
2618,長榮航,132,87,45,富邦-桃園,2024-07-22,9665
00631L,元大台灣50正2,52,7,45,富邦-桃園,2024-07-22,9665
2344,華邦電,46,2,44,富邦-桃園,2024-07-22,9665
1447,力鵬,44,0,44,富邦-桃園,2024-07-22,9665
3035,智原,55,14,41,富邦-桃園,2024-07-22,9665
3588,通嘉,41,0,41,富邦-桃園,2024-07-22,9665
00935,野村臺灣新科技50,101,62,39,富邦-桃園,2024-07-22,9665
5530,龍巖,36,0,36,富邦-桃園,2024-07-22,9665
3715,定穎投控,39,7,32,富邦-桃園,2024-07-22,9665
6274,台燿,43,13,30,富邦-桃園,2024-07-22,9665
2482,連宇,30,0,30,富邦-桃園,2024-07-22,9665
2838,聯邦銀,29,0,29,富邦-桃園,2024-07-22,9665
00715L,期街口布蘭特正2,29,0,29,富邦-桃園,2024-07-22,9665
6770,力積電,28,0,28,富邦-桃園,2024-07-22,9665
00675L,富邦臺灣加權正2,28,3,25,富邦-桃園,2024-07-22,9665
1444,力麗,28,3,25,富邦-桃園,2024-07-22,9665
2444,兆勁,25,0,25,富邦-桃園,2024-07-22,9665
2352,佳世達,38,13,25,富邦-桃園,2024-07-22,9665
00937B,群益ESG投等債20,633,29,604,富邦-桃園,2024-07-23,9665
00919,群益台灣精選高息,407,55,352,富邦-桃園,2024-07-23,9665
00929,復華台灣科技優息,422,120,302,富邦-桃園,2024-07-23,9665
2867,三商壽,239,23,216,富邦-桃園,2024-07-23,9665
3481,群創,262,64,198,富邦-桃園,2024-07-23,9665
00679B,元大美債20年,176,2,174,富邦-桃園,2024-07-23,9665
00680L,元大美債20正2,171,15,156,富邦-桃園,2024-07-23,9665
00946,群益科技高息成長,188,51,137,富邦-桃園,2024-07-23,9665
3052,夆典,127,20,107,富邦-桃園,2024-07-23,9665
2409,友達,109,6,103,富邦-桃園,2024-07-23,9665
00632R,元大台灣50反1,99,10,89,富邦-桃園,2024-07-23,9665
2408,南亞科,85,4,81,富邦-桃園,2024-07-23,9665
00712,復華富時不動產,111,32,79,富邦-桃園,2024-07-23,9665
2834,臺企銀,90,13,77,富邦-桃園,2024-07-23,9665
6213,聯茂,80,17,63,富邦-桃園,2024-07-23,9665
2344,華邦電,61,1,60,富邦-桃園,2024-07-23,9665
2365,昆盈,129,71,58,富邦-桃園,2024-07-23,9665
2537,聯上發,70,14,56,富邦-桃園,2024-07-23,9665
2888,新光金,93,38,55,富邦-桃園,2024-07-23,9665
00878,國泰永續高股息,88,34,54,富邦-桃園,2024-07-23,9665
2317,鴻海,121,70,51,富邦-桃園,2024-07-23,9665
2812,台中銀,55,5,50,富邦-桃園,2024-07-23,9665
0056,元大高股息,86,38,48,富邦-桃園,2024-07-23,9665
3149,正達,46,2,44,富邦-桃園,2024-07-23,9665
2489,瑞軒,71,35,36,富邦-桃園,2024-07-23,9665
00927,群益半導體收益,41,9,32,富邦-桃園,2024-07-23,9665
2501,國建,54,22,32,富邦-桃園,2024-07-23,9665
00923,群益台ESG低碳50,32,0,32,富邦-桃園,2024-07-23,9665
6274,台燿,34,3,31,富邦-桃園,2024-07-23,9665
00933B,國泰10Y+金融債,33,3,30,富邦-桃園,2024-07-23,9665
00915,凱基優選高股息30,29,0,29,富邦-桃園,2024-07-23,9665
2615,萬海,40,12,28,富邦-桃園,2024-07-23,9665
2352,佳世達,30,2,28,富邦-桃園,2024-07-23,9665
5443,均豪,54,27,27,富邦-桃園,2024-07-23,9665
4933,友輝,41,14,27,富邦-桃園,2024-07-23,9665
6770,力積電,32,6,26,富邦-桃園,2024-07-23,9665
8105,凌巨,28,2,26,富邦-桃園,2024-07-23,9665
3189,景碩,50,24,26,富邦-桃園,2024-07-23,9665
2542,興富發,34,9,25,富邦-桃園,2024-07-23,9665
00947,台新臺灣IC設計,25,1,24,富邦-桃園,2024-07-23,9665
2528,皇普,23,0,23,富邦-桃園,2024-07-23,9665
2603,長榮,28,6,22,富邦-桃園,2024-07-23,9665
00830,國泰費城半導體,24,3,21,富邦-桃園,2024-07-23,9665
2406,國碩,24,3,21,富邦-桃園,2024-07-23,9665
00795B,中信美國公債20年,21,0,21,富邦-桃園,2024-07-23,9665
00950B,凱基A級公司債,21,0,21,富邦-桃園,2024-07-23,9665
2891,中信金,29,9,20,富邦-桃園,2024-07-23,9665
5309,系統電,20,0,20,富邦-桃園,2024-07-23,9665
4142,國光生,20,0,20,富邦-桃園,2024-07-23,9665
1314,中石化,44,24,20,富邦-桃園,2024-07-23,9665
00929,復華台灣科技優息,799,176,623,富邦-桃園,2024-07-26,9665
00937B,群益ESG投等債20,659,38,621,富邦-桃園,2024-07-26,9665
00878,國泰永續高股息,268,54,214,富邦-桃園,2024-07-26,9665
0056,元大高股息,201,25,176,富邦-桃園,2024-07-26,9665
00676R,富邦臺灣加權反1,200,58,142,富邦-桃園,2024-07-26,9665
2348,海悅,137,5,132,富邦-桃園,2024-07-26,9665
00940,元大台灣價值高息,307,187,120,富邦-桃園,2024-07-26,9665
2365,昆盈,186,71,115,富邦-桃園,2024-07-26,9665
00946,群益科技高息成長,140,26,114,富邦-桃園,2024-07-26,9665
00944,野村趨勢動能高息,109,0,109,富邦-桃園,2024-07-26,9665
2317,鴻海,189,89,100,富邦-桃園,2024-07-26,9665
2884,玉山金,100,1,99,富邦-桃園,2024-07-26,9665
00919,群益台灣精選高息,302,205,97,富邦-桃園,2024-07-26,9665
00830,國泰費城半導體,89,7,82,富邦-桃園,2024-07-26,9665
2303,聯電,88,6,82,富邦-桃園,2024-07-26,9665
2330,台積電,98,19,79,富邦-桃園,2024-07-26,9665
00941,中信上游半導體,79,0,79,富邦-桃園,2024-07-26,9665
00934,中信成長高股息,75,1,74,富邦-桃園,2024-07-26,9665
3349,寶德,71,0,71,富邦-桃園,2024-07-26,9665
0050,元大台灣50,73,2,71,富邦-桃園,2024-07-26,9665
00764B,群益25年美債,70,0,70,富邦-桃園,2024-07-26,9665
00881,國泰台灣5G+,73,4,69,富邦-桃園,2024-07-26,9665
2344,華邦電,70,8,62,富邦-桃園,2024-07-26,9665
00933B,國泰10Y+金融債,115,54,61,富邦-桃園,2024-07-26,9665
00942B,台新美A公司債20+,60,5,55,富邦-桃園,2024-07-26,9665
00655L,國泰中國A50正2,55,0,55,富邦-桃園,2024-07-26,9665
006208,富邦台50,75,21,54,富邦-桃園,2024-07-26,9665
5876,上海商銀,53,0,53,富邦-桃園,2024-07-26,9665
00905,FT臺灣Smart,58,5,53,富邦-桃園,2024-07-26,9665
00918,大華優利高填息30,52,0,52,富邦-桃園,2024-07-26,9665
3231,緯創,72,21,51,富邦-桃園,2024-07-26,9665
2382,廣達,68,22,46,富邦-桃園,2024-07-26,9665
3711,日月光投控,45,0,45,富邦-桃園,2024-07-26,9665
00720B,元大投資級公司債,46,3,43,富邦-桃園,2024-07-26,9665
00915,凱基優選高股息30,63,24,39,富邦-桃園,2024-07-26,9665
3037,欣興,96,57,39,富邦-桃園,2024-07-26,9665
00923,群益台ESG低碳50,40,2,38,富邦-桃園,2024-07-26,9665
00936,台新永續高息中小,36,0,36,富邦-桃園,2024-07-26,9665
00951,台新日本半導體,36,0,36,富邦-桃園,2024-07-26,9665
2891,中信金,38,3,35,富邦-桃園,2024-07-26,9665
2349,錸德,68,34,34,富邦-桃園,2024-07-26,9665
1609,大亞,62,29,33,富邦-桃園,2024-07-26,9665
00688L,國泰20年美債正2,52,20,32,富邦-桃園,2024-07-26,9665
4142,國光生,32,0,32,富邦-桃園,2024-07-26,9665
6412,群電,30,0,30,富邦-桃園,2024-07-26,9665
2367,燿華,57,27,30,富邦-桃園,2024-07-26,9665
2867,三商壽,63,34,29,富邦-桃園,2024-07-26,9665
6147,頎邦,29,0,29,富邦-桃園,2024-07-26,9665
2002,中鋼,46,17,29,富邦-桃園,2024-07-26,9665
00935,野村臺灣新科技50,38,10,28,富邦-桃園,2024-07-26,9665
00929,復華台灣科技優息,669,177,492,富邦-桃園,2024-07-29,9665
00722B,群益投資級電信債,259,0,259,富邦-桃園,2024-07-29,9665
00878,國泰永續高股息,250,44,206,富邦-桃園,2024-07-29,9665
00937B,群益ESG投等債20,168,22,146,富邦-桃園,2024-07-29,9665
00665L,富邦�琤肭磪囓�2,125,2,123,富邦-桃園,2024-07-29,9665
0056,元大高股息,124,4,120,富邦-桃園,2024-07-29,9665
2888,新光金,122,14,108,富邦-桃園,2024-07-29,9665
00795B,中信美國公債20年,124,18,106,富邦-桃園,2024-07-29,9665
00934,中信成長高股息,125,22,103,富邦-桃園,2024-07-29,9665
00918,大華優利高填息30,120,21,99,富邦-桃園,2024-07-29,9665
2884,玉山金,74,2,72,富邦-桃園,2024-07-29,9665
00933B,國泰10Y+金融債,74,3,71,富邦-桃園,2024-07-29,9665
2834,臺企銀,89,18,71,富邦-桃園,2024-07-29,9665
00679B,元大美債20年,85,14,71,富邦-桃園,2024-07-29,9665
00946,群益科技高息成長,71,4,67,富邦-桃園,2024-07-29,9665
2356,英業達,69,10,59,富邦-桃園,2024-07-29,9665
00922,國泰台灣領袖50,54,0,54,富邦-桃園,2024-07-29,9665
5876,上海商銀,54,0,54,富邦-桃園,2024-07-29,9665
3013,晟銘電,51,4,47,富邦-桃園,2024-07-29,9665
3231,緯創,63,17,46,富邦-桃園,2024-07-29,9665
5443,均豪,119,74,45,富邦-桃園,2024-07-29,9665
00680L,元大美債20正2,45,0,45,富邦-桃園,2024-07-29,9665
2348,海悅,47,2,45,富邦-桃園,2024-07-29,9665
6278,台表科,40,0,40,富邦-桃園,2024-07-29,9665
00931B,統一美債20年,41,2,39,富邦-桃園,2024-07-29,9665
2515,中工,48,11,37,富邦-桃園,2024-07-29,9665
2891,中信金,42,6,36,富邦-桃園,2024-07-29,9665
4933,友輝,41,9,32,富邦-桃園,2024-07-29,9665
2409,友達,32,1,31,富邦-桃園,2024-07-29,9665
1609,大亞,55,26,29,富邦-桃園,2024-07-29,9665
00715L,期街口布蘭特正2,29,1,28,富邦-桃園,2024-07-29,9665
3035,智原,40,13,27,富邦-桃園,2024-07-29,9665
00637L,元大滬深300正2,51,25,26,富邦-桃園,2024-07-29,9665
3006,晶豪科,27,2,25,富邦-桃園,2024-07-29,9665
2812,台中銀,27,2,25,富邦-桃園,2024-07-29,9665
5014,建錩,45,20,25,富邦-桃園,2024-07-29,9665
4909,新復興,30,5,25,富邦-桃園,2024-07-29,9665
00940,元大台灣價值高息,97,73,24,富邦-桃園,2024-07-29,9665
00927,群益半導體收益,27,3,24,富邦-桃園,2024-07-29,9665
9958,世紀鋼,31,7,24,富邦-桃園,2024-07-29,9665
00923,群益台ESG低碳50,24,0,24,富邦-桃園,2024-07-29,9665
00915,凱基優選高股息30,75,51,24,富邦-桃園,2024-07-29,9665
00772B,中信高評級公司債,23,0,23,富邦-桃園,2024-07-29,9665
6829,千附精密,26,3,23,富邦-桃園,2024-07-29,9665
1802,台玻,23,1,22,富邦-桃園,2024-07-29,9665
6290,良維,22,0,22,富邦-桃園,2024-07-29,9665
4142,國光生,22,0,22,富邦-桃園,2024-07-29,9665
6177,達麗,23,2,21,富邦-桃園,2024-07-29,9665
8104,錸寶,21,0,21,富邦-桃園,2024-07-29,9665
4532,瑞智,44,23,21,富邦-桃園,2024-07-29,9665
00937B,群益ESG投等債20,629,60,569,富邦-桃園,2024-07-30,9665
00929,復華台灣科技優息,459,118,341,富邦-桃園,2024-07-30,9665
00669R,國泰美國道瓊反1,287,0,287,富邦-桃園,2024-07-30,9665
2349,錸德,638,405,233,富邦-桃園,2024-07-30,9665
00679B,元大美債20年,277,72,205,富邦-桃園,2024-07-30,9665
00882,中信中國高股息,218,37,181,富邦-桃園,2024-07-30,9665
6770,力積電,159,5,154,富邦-桃園,2024-07-30,9665
00878,國泰永續高股息,186,47,139,富邦-桃園,2024-07-30,9665
00940,元大台灣價值高息,300,190,110,富邦-桃園,2024-07-30,9665
00632R,元大台灣50反1,234,124,110,富邦-桃園,2024-07-30,9665
2501,國建,99,0,99,富邦-桃園,2024-07-30,9665
3231,緯創,113,14,99,富邦-桃園,2024-07-30,9665
00934,中信成長高股息,95,3,92,富邦-桃園,2024-07-30,9665
0056,元大高股息,105,20,85,富邦-桃園,2024-07-30,9665
2891,中信金,98,14,84,富邦-桃園,2024-07-30,9665
2884,玉山金,68,5,63,富邦-桃園,2024-07-30,9665
00715L,期街口布蘭特正2,58,0,58,富邦-桃園,2024-07-30,9665
00687B,國泰20年美債,74,18,56,富邦-桃園,2024-07-30,9665
00753L,中信中國50正2,54,0,54,富邦-桃園,2024-07-30,9665
00945B,凱基美國非投等債,52,0,52,富邦-桃園,2024-07-30,9665
00674R,期元大S＆P黃金反1,51,0,51,富邦-桃園,2024-07-30,9665
6213,聯茂,59,9,50,富邦-桃園,2024-07-30,9665
00713,元大台灣高息低波,51,7,44,富邦-桃園,2024-07-30,9665
00830,國泰費城半導體,43,0,43,富邦-桃園,2024-07-30,9665
00919,群益台灣精選高息,146,108,38,富邦-桃園,2024-07-30,9665
5864,致和證,37,0,37,富邦-桃園,2024-07-30,9665
00712,復華富時不動產,37,0,37,富邦-桃園,2024-07-30,9665
3481,群創,189,154,35,富邦-桃園,2024-07-30,9665
00927,群益半導體收益,37,3,34,富邦-桃園,2024-07-30,9665
2344,華邦電,171,140,31,富邦-桃園,2024-07-30,9665
2356,英業達,44,13,31,富邦-桃園,2024-07-30,9665
2367,燿華,44,13,31,富邦-桃園,2024-07-30,9665
00764B,群益25年美債,31,0,31,富邦-桃園,2024-07-30,9665
00922,國泰台灣領袖50,38,7,31,富邦-桃園,2024-07-30,9665
00947,台新臺灣IC設計,31,1,30,富邦-桃園,2024-07-30,9665
6412,群電,30,0,30,富邦-桃園,2024-07-30,9665
2528,皇普,30,0,30,富邦-桃園,2024-07-30,9665
2303,聯電,47,18,29,富邦-桃園,2024-07-30,9665
00881,國泰台灣5G+,34,5,29,富邦-桃園,2024-07-30,9665
1802,台玻,29,0,29,富邦-桃園,2024-07-30,9665
00918,大華優利高填息30,53,25,28,富邦-桃園,2024-07-30,9665
00688L,國泰20年美債正2,28,1,27,富邦-桃園,2024-07-30,9665
6274,台燿,28,2,26,富邦-桃園,2024-07-30,9665
2867,三商壽,53,28,25,富邦-桃園,2024-07-30,9665
2812,台中銀,30,5,25,富邦-桃園,2024-07-30,9665
1905,華紙,25,0,25,富邦-桃園,2024-07-30,9665
2464,盟立,27,2,25,富邦-桃園,2024-07-30,9665
00933B,國泰10Y+金融債,79,56,23,富邦-桃園,2024-07-30,9665
2031,新光鋼,25,2,23,富邦-桃園,2024-07-30,9665
2489,瑞軒,28,6,22,富邦-桃園,2024-07-30,9665
00945B,凱基美國非投等債,400,0,400,富邦-桃園,2024-07-31,9665
00931B,統一美債20年,320,4,316,富邦-桃園,2024-07-31,9665
00929,復華台灣科技優息,281,113,168,富邦-桃園,2024-07-31,9665
00878,國泰永續高股息,171,9,162,富邦-桃園,2024-07-31,9665
2883,凱基金,142,13,129,富邦-桃園,2024-07-31,9665
9105,泰金寶-DR,132,11,121,富邦-桃園,2024-07-31,9665
00937B,群益ESG投等債20,120,12,108,富邦-桃園,2024-07-31,9665
00946,群益科技高息成長,89,0,89,富邦-桃園,2024-07-31,9665
00940,元大台灣價值高息,98,13,85,富邦-桃園,2024-07-31,9665
00679B,元大美債20年,84,4,80,富邦-桃園,2024-07-31,9665
00687B,國泰20年美債,100,21,79,富邦-桃園,2024-07-31,9665
2317,鴻海,119,48,71,富邦-桃園,2024-07-31,9665
3047,訊舟,150,87,63,富邦-桃園,2024-07-31,9665
3481,群創,594,537,57,富邦-桃園,2024-07-31,9665
00919,群益台灣精選高息,64,9,55,富邦-桃園,2024-07-31,9665
2409,友達,57,2,55,富邦-桃園,2024-07-31,9665
00715L,期街口布蘭特正2,52,1,51,富邦-桃園,2024-07-31,9665
00632R,元大台灣50反1,110,60,50,富邦-桃園,2024-07-31,9665
0056,元大高股息,58,10,48,富邦-桃園,2024-07-31,9665
00725B,國泰投資級公司債,49,1,48,富邦-桃園,2024-07-31,9665
2365,昆盈,81,34,47,富邦-桃園,2024-07-31,9665
00712,復華富時不動產,69,26,43,富邦-桃園,2024-07-31,9665
2348,海悅,133,90,43,富邦-桃園,2024-07-31,9665
00688L,國泰20年美債正2,42,0,42,富邦-桃園,2024-07-31,9665
1605,華新,43,2,41,富邦-桃園,2024-07-31,9665
00939,統一台灣高息動能,43,4,39,富邦-桃園,2024-07-31,9665
00948B,中信優息投資級債,34,0,34,富邦-桃園,2024-07-31,9665
2061,風青,36,3,33,富邦-桃園,2024-07-31,9665
3105,穩懋,39,7,32,富邦-桃園,2024-07-31,9665
2312,金寶,44,13,31,富邦-桃園,2024-07-31,9665
00934,中信成長高股息,31,0,31,富邦-桃園,2024-07-31,9665
2867,三商壽,36,6,30,富邦-桃園,2024-07-31,9665
2528,皇普,30,0,30,富邦-桃園,2024-07-31,9665
00671R,富邦NASDAQ反1,30,0,30,富邦-桃園,2024-07-31,9665
2489,瑞軒,40,11,29,富邦-桃園,2024-07-31,9665
00927,群益半導體收益,25,1,24,富邦-桃園,2024-07-31,9665
2338,光罩,24,0,24,富邦-桃園,2024-07-31,9665
6278,台表科,24,0,24,富邦-桃園,2024-07-31,9665
3037,欣興,36,12,24,富邦-桃園,2024-07-31,9665
00949,復華日本龍頭,22,0,22,富邦-桃園,2024-07-31,9665
3545,敦泰,25,4,21,富邦-桃園,2024-07-31,9665
2324,仁寶,22,1,21,富邦-桃園,2024-07-31,9665
8271,宇瞻,20,0,20,富邦-桃園,2024-07-31,9665
1447,力鵬,30,10,20,富邦-桃園,2024-07-31,9665
2884,玉山金,23,3,20,富邦-桃園,2024-07-31,9665
5515,建國,23,4,19,富邦-桃園,2024-07-31,9665
8105,凌巨,19,0,19,富邦-桃園,2024-07-31,9665
3711,日月光投控,18,0,18,富邦-桃園,2024-07-31,9665
6126,信音,36,18,18,富邦-桃園,2024-07-31,9665
2501,國建,18,0,18,富邦-桃園,2024-07-31,9665
2409,友達,478,2,476,富邦-桃園,2024-08-01,9665
00937B,群益ESG投等債20,452,76,376,富邦-桃園,2024-08-01,9665
00687B,國泰20年美債,189,9,180,富邦-桃園,2024-08-01,9665
00764B,群益25年美債,100,0,100,富邦-桃園,2024-08-01,9665
00715L,期街口布蘭特正2,108,12,96,富邦-桃園,2024-08-01,9665
00931B,統一美債20年,108,25,83,富邦-桃園,2024-08-01,9665
00878,國泰永續高股息,121,47,74,富邦-桃園,2024-08-01,9665
00632R,元大台灣50反1,158,100,58,富邦-桃園,2024-08-01,9665
2317,鴻海,108,51,57,富邦-桃園,2024-08-01,9665
00951,台新日本半導體,51,2,49,富邦-桃園,2024-08-01,9665
6239,力成,66,21,45,富邦-桃園,2024-08-01,9665
3211,順達,48,3,45,富邦-桃園,2024-08-01,9665
0056,元大高股息,49,5,44,富邦-桃園,2024-08-01,9665
00945B,凱基美國非投等債,39,0,39,富邦-桃園,2024-08-01,9665
3481,群創,165,128,37,富邦-桃園,2024-08-01,9665
2374,佳能,79,43,36,富邦-桃園,2024-08-01,9665
00722B,群益投資級電信債,35,0,35,富邦-桃園,2024-08-01,9665
00933B,國泰10Y+金融債,45,12,33,富邦-桃園,2024-08-01,9665
00949,復華日本龍頭,33,0,33,富邦-桃園,2024-08-01,9665
00640L,富邦日本正2,33,0,33,富邦-桃園,2024-08-01,9665
2363,矽統,99,66,33,富邦-桃園,2024-08-01,9665
6257,矽格,31,0,31,富邦-桃園,2024-08-01,9665
9945,潤泰新,52,21,31,富邦-桃園,2024-08-01,9665
4564,元翎,42,12,30,富邦-桃園,2024-08-01,9665
3522,御嵿,34,6,28,富邦-桃園,2024-08-01,9665
8028,昇陽半導體,45,18,27,富邦-桃園,2024-08-01,9665
00934,中信成長高股息,30,3,27,富邦-桃園,2024-08-01,9665
2867,三商壽,31,4,27,富邦-桃園,2024-08-01,9665
00942B,台新美A公司債20+,25,0,25,富邦-桃園,2024-08-01,9665
00922,國泰台灣領袖50,35,11,24,富邦-桃園,2024-08-01,9665
3535,晶彩科,127,104,23,富邦-桃園,2024-08-01,9665
00637L,元大滬深300正2,23,0,23,富邦-桃園,2024-08-01,9665
6202,盛群,21,0,21,富邦-桃園,2024-08-01,9665
3663,鑫科,98,77,21,富邦-桃園,2024-08-01,9665
3518,柏騰,26,6,20,富邦-桃園,2024-08-01,9665
6177,達麗,54,34,20,富邦-桃園,2024-08-01,9665
2743,山富,18,0,18,富邦-桃園,2024-08-01,9665
2383,台光電,32,15,17,富邦-桃園,2024-08-01,9665
00712,復華富時不動產,40,24,16,富邦-桃園,2024-08-01,9665
8358,金居,16,0,16,富邦-桃園,2024-08-01,9665
8064,東捷,58,42,16,富邦-桃園,2024-08-01,9665
1216,統一,16,1,15,富邦-桃園,2024-08-01,9665
3715,定穎投控,17,2,15,富邦-桃園,2024-08-01,9665
2481,強茂,17,2,15,富邦-桃園,2024-08-01,9665
00915,凱基優選高股息30,25,10,15,富邦-桃園,2024-08-01,9665
2506,太設,16,1,15,富邦-桃園,2024-08-01,9665
2615,萬海,30,15,15,富邦-桃園,2024-08-01,9665
2330,台積電,35,21,14,富邦-桃園,2024-08-01,9665
2881,富邦金,21,8,13,富邦-桃園,2024-08-01,9665
6869,雲豹能源,20,7,13,富邦-桃園,2024-08-01,9665
00929,復華台灣科技優息,865,44,821,富邦-桃園,2024-08-02,9665
00632R,元大台灣50反1,1240,419,821,富邦-桃園,2024-08-02,9665
00878,國泰永續高股息,836,63,773,富邦-桃園,2024-08-02,9665
00942B,台新美A公司債20+,401,17,384,富邦-桃園,2024-08-02,9665
00764B,群益25年美債,257,0,257,富邦-桃園,2024-08-02,9665
2317,鴻海,356,119,237,富邦-桃園,2024-08-02,9665
00951,台新日本半導體,236,0,236,富邦-桃園,2024-08-02,9665
00936,台新永續高息中小,233,0,233,富邦-桃園,2024-08-02,9665
2610,華航,231,4,227,富邦-桃園,2024-08-02,9665
2501,國建,218,12,206,富邦-桃園,2024-08-02,9665
00687B,國泰20年美債,311,111,200,富邦-桃園,2024-08-02,9665
0056,元大高股息,201,24,177,富邦-桃園,2024-08-02,9665
00641R,富邦日本反1,171,3,168,富邦-桃園,2024-08-02,9665
00881,國泰台灣5G+,170,2,168,富邦-桃園,2024-08-02,9665
00680L,元大美債20正2,247,82,165,富邦-桃園,2024-08-02,9665
00940,元大台灣價值高息,382,230,152,富邦-桃園,2024-08-02,9665
00676R,富邦臺灣加權反1,150,2,148,富邦-桃園,2024-08-02,9665
5876,上海商銀,130,3,127,富邦-桃園,2024-08-02,9665
3037,欣興,136,16,120,富邦-桃園,2024-08-02,9665
2365,昆盈,289,171,118,富邦-桃園,2024-08-02,9665
2330,台積電,139,23,116,富邦-桃園,2024-08-02,9665
00919,群益台灣精選高息,355,244,111,富邦-桃園,2024-08-02,9665
00712,復華富時不動產,119,10,109,富邦-桃園,2024-08-02,9665
0050,元大台灣50,107,2,105,富邦-桃園,2024-08-02,9665
00946,群益科技高息成長,96,0,96,富邦-桃園,2024-08-02,9665
2867,三商壽,78,0,78,富邦-桃園,2024-08-02,9665
3588,通嘉,71,0,71,富邦-桃園,2024-08-02,9665
006208,富邦台50,68,3,65,富邦-桃園,2024-08-02,9665
2382,廣達,83,19,64,富邦-桃園,2024-08-02,9665
00905,FT臺灣Smart,66,2,64,富邦-桃園,2024-08-02,9665
00885,富邦越南,71,8,63,富邦-桃園,2024-08-02,9665
00941,中信上游半導體,68,5,63,富邦-桃園,2024-08-02,9665
00637L,元大滬深300正2,61,0,61,富邦-桃園,2024-08-02,9665
00753L,中信中國50正2,58,0,58,富邦-桃園,2024-08-02,9665
2408,南亞科,58,3,55,富邦-桃園,2024-08-02,9665
00891,中信關鍵半導體,53,1,52,富邦-桃園,2024-08-02,9665
00900,富邦特選高股息30,58,6,52,富邦-桃園,2024-08-02,9665
00706L,期元大S＆P日圓正2,50,0,50,富邦-桃園,2024-08-02,9665
2308,台達電,58,9,49,富邦-桃園,2024-08-02,9665
2313,華通,52,4,48,富邦-桃園,2024-08-02,9665
3231,緯創,77,30,47,富邦-桃園,2024-08-02,9665
6269,台郡,47,0,47,富邦-桃園,2024-08-02,9665
00927,群益半導體收益,47,0,47,富邦-桃園,2024-08-02,9665
00675L,富邦臺灣加權正2,87,41,46,富邦-桃園,2024-08-02,9665
2745,五福,44,0,44,富邦-桃園,2024-08-02,9665
00892,富邦台灣半導體,44,1,43,富邦-桃園,2024-08-02,9665
2891,中信金,73,30,43,富邦-桃園,2024-08-02,9665
4532,瑞智,40,0,40,富邦-桃園,2024-08-02,9665
00932,兆豐永續高息等權,49,9,40,富邦-桃園,2024-08-02,9665
00650L,復華香港正2,40,0,40,富邦-桃園,2024-08-02,9665
00669R,國泰美國道瓊反1,12116,0,12116,富邦-桃園,2024-08-05,9665
00929,復華台灣科技優息,1522,579,943,富邦-桃園,2024-08-05,9665
00940,元大台灣價值高息,1123,261,862,富邦-桃園,2024-08-05,9665
00878,國泰永續高股息,933,229,704,富邦-桃園,2024-08-05,9665
00919,群益台灣精選高息,873,318,555,富邦-桃園,2024-08-05,9665
3481,群創,815,472,343,富邦-桃園,2024-08-05,9665
00680L,元大美債20正2,651,365,286,富邦-桃園,2024-08-05,9665
00931B,統一美債20年,339,56,283,富邦-桃園,2024-08-05,9665
2610,華航,543,315,228,富邦-桃園,2024-08-05,9665
2317,鴻海,373,155,218,富邦-桃園,2024-08-05,9665
00937B,群益ESG投等債20,567,372,195,富邦-桃園,2024-08-05,9665
0056,元大高股息,275,101,174,富邦-桃園,2024-08-05,9665
00679B,元大美債20年,376,212,164,富邦-桃園,2024-08-05,9665
2834,臺企銀,167,13,154,富邦-桃園,2024-08-05,9665
00795B,中信美國公債20年,154,11,143,富邦-桃園,2024-08-05,9665
00715L,期街口布蘭特正2,227,100,127,富邦-桃園,2024-08-05,9665
00936,台新永續高息中小,157,31,126,富邦-桃園,2024-08-05,9665
00692,富邦公司治理,115,3,112,富邦-桃園,2024-08-05,9665
2409,友達,111,5,106,富邦-桃園,2024-08-05,9665
2867,三商壽,172,80,92,富邦-桃園,2024-08-05,9665
2891,中信金,143,56,87,富邦-桃園,2024-08-05,9665
3051,力特,102,16,86,富邦-桃園,2024-08-05,9665
3037,欣興,113,32,81,富邦-桃園,2024-08-05,9665
2330,台積電,158,88,70,富邦-桃園,2024-08-05,9665
2618,長榮航,115,45,70,富邦-桃園,2024-08-05,9665
1802,台玻,67,1,66,富邦-桃園,2024-08-05,9665
6147,頎邦,68,3,65,富邦-桃園,2024-08-05,9665
00918,大華優利高填息30,98,33,65,富邦-桃園,2024-08-05,9665
00941,中信上游半導體,65,0,65,富邦-桃園,2024-08-05,9665
006208,富邦台50,136,71,65,富邦-桃園,2024-08-05,9665
00905,FT臺灣Smart,73,10,63,富邦-桃園,2024-08-05,9665
00946,群益科技高息成長,134,71,63,富邦-桃園,2024-08-05,9665
00830,國泰費城半導體,71,10,61,富邦-桃園,2024-08-05,9665
00671R,富邦NASDAQ反1,60,0,60,富邦-桃園,2024-08-05,9665
00951,台新日本半導體,56,0,56,富邦-桃園,2024-08-05,9665
2884,玉山金,72,17,55,富邦-桃園,2024-08-05,9665
2892,第一金,55,2,53,富邦-桃園,2024-08-05,9665
2883,凱基金,236,184,52,富邦-桃園,2024-08-05,9665
2801,彰銀,72,21,51,富邦-桃園,2024-08-05,9665
5876,上海商銀,50,0,50,富邦-桃園,2024-08-05,9665
2106,建大,50,0,50,富邦-桃園,2024-08-05,9665
1609,大亞,63,13,50,富邦-桃園,2024-08-05,9665
2323,中環,58,10,48,富邦-桃園,2024-08-05,9665
2308,台達電,51,4,47,富邦-桃園,2024-08-05,9665
6244,茂迪,45,0,45,富邦-桃園,2024-08-05,9665
00881,國泰台灣5G+,174,130,44,富邦-桃園,2024-08-05,9665
2515,中工,57,13,44,富邦-桃園,2024-08-05,9665
2423,固緯,45,2,43,富邦-桃園,2024-08-05,9665
00675L,富邦臺灣加權正2,80,40,40,富邦-桃園,2024-08-05,9665
2002,中鋼,88,49,39,富邦-桃園,2024-08-05,9665
00900,富邦特選高股息30,290,4,286,富邦-桃園,2024-08-06,9665
00937B,群益ESG投等債20,563,309,254,富邦-桃園,2024-08-06,9665
00940,元大台灣價值高息,562,369,193,富邦-桃園,2024-08-06,9665
00712,復華富時不動產,204,12,192,富邦-桃園,2024-08-06,9665
2317,鴻海,397,237,160,富邦-桃園,2024-08-06,9665
2542,興富發,167,13,154,富邦-桃園,2024-08-06,9665
2409,友達,167,23,144,富邦-桃園,2024-08-06,9665
2337,旺宏,170,51,119,富邦-桃園,2024-08-06,9665
00878,國泰永續高股息,225,110,115,富邦-桃園,2024-08-06,9665
00891,中信關鍵半導體,116,6,110,富邦-桃園,2024-08-06,9665
2313,華通,120,23,97,富邦-桃園,2024-08-06,9665
2888,新光金,162,65,97,富邦-桃園,2024-08-06,9665
00637L,元大滬深300正2,91,0,91,富邦-桃園,2024-08-06,9665
2618,長榮航,132,45,87,富邦-桃園,2024-08-06,9665
00676R,富邦臺灣加權反1,183,108,75,富邦-桃園,2024-08-06,9665
3037,欣興,128,55,73,富邦-桃園,2024-08-06,9665
3481,群創,175,112,63,富邦-桃園,2024-08-06,9665
1504,東元,65,4,61,富邦-桃園,2024-08-06,9665
1513,中興電,75,17,58,富邦-桃園,2024-08-06,9665
0050,元大台灣50,109,57,52,富邦-桃園,2024-08-06,9665
3189,景碩,74,22,52,富邦-桃園,2024-08-06,9665
00948B,中信優息投資級債,50,0,50,富邦-桃園,2024-08-06,9665
2892,第一金,73,31,42,富邦-桃園,2024-08-06,9665
2485,兆赫,41,0,41,富邦-桃園,2024-08-06,9665
00942B,台新美A公司債20+,41,1,40,富邦-桃園,2024-08-06,9665
9105,泰金寶-DR,82,44,38,富邦-桃園,2024-08-06,9665
00772B,中信高評級公司債,40,2,38,富邦-桃園,2024-08-06,9665
00642U,期元大S＆P石油,37,0,37,富邦-桃園,2024-08-06,9665
2812,台中銀,37,1,36,富邦-桃園,2024-08-06,9665
00706L,期元大S＆P日圓正2,215,180,35,富邦-桃園,2024-08-06,9665
00715L,期街口布蘭特正2,34,1,33,富邦-桃園,2024-08-06,9665
00740B,富邦全球投等債,33,0,33,富邦-桃園,2024-08-06,9665
2530,華建,32,0,32,富邦-桃園,2024-08-06,9665
6770,力積電,32,1,31,富邦-桃園,2024-08-06,9665
2897,王道銀行,32,1,31,富邦-桃園,2024-08-06,9665
2323,中環,83,52,31,富邦-桃園,2024-08-06,9665
2365,昆盈,79,49,30,富邦-桃園,2024-08-06,9665
5014,建錩,34,4,30,富邦-桃園,2024-08-06,9665
2883B,凱基金乙特,30,0,30,富邦-桃園,2024-08-06,9665
006208,富邦台50,76,47,29,富邦-桃園,2024-08-06,9665
6189,豐藝,31,4,27,富邦-桃園,2024-08-06,9665
3349,寶德,27,0,27,富邦-桃園,2024-08-06,9665
2489,瑞軒,49,24,25,富邦-桃園,2024-08-06,9665
00926,凱基全球菁英55,25,0,25,富邦-桃園,2024-08-06,9665
00795B,中信美國公債20年,30,6,24,富邦-桃園,2024-08-06,9665
00664R,國泰臺灣加權反1,22,0,22,富邦-桃園,2024-08-06,9665
3228,金麗科,22,0,22,富邦-桃園,2024-08-06,9665
4958,臻鼎-KY,24,2,22,富邦-桃園,2024-08-06,9665
9945,潤泰新,93,72,21,富邦-桃園,2024-08-06,9665
6806,森崴能源,44,23,21,富邦-桃園,2024-08-06,9665
00715L,期街口布蘭特正2,206,1,205,富邦-桃園,2024-08-07,9665
00929,復華台灣科技優息,286,117,169,富邦-桃園,2024-08-07,9665
00679B,元大美債20年,215,77,138,富邦-桃園,2024-08-07,9665
00937B,群益ESG投等債20,264,129,135,富邦-桃園,2024-08-07,9665
00878,國泰永續高股息,208,75,133,富邦-桃園,2024-08-07,9665
2317,鴻海,225,96,129,富邦-桃園,2024-08-07,9665
00680L,元大美債20正2,279,159,120,富邦-桃園,2024-08-07,9665
00919,群益台灣精選高息,213,101,112,富邦-桃園,2024-08-07,9665
2367,燿華,128,36,92,富邦-桃園,2024-08-07,9665
2382,廣達,101,19,82,富邦-桃園,2024-08-07,9665
2349,錸德,105,24,81,富邦-桃園,2024-08-07,9665
2337,旺宏,85,18,67,富邦-桃園,2024-08-07,9665
2409,友達,111,45,66,富邦-桃園,2024-08-07,9665
00935,野村臺灣新科技50,70,7,63,富邦-桃園,2024-08-07,9665
00688L,國泰20年美債正2,62,0,62,富邦-桃園,2024-08-07,9665
2312,金寶,77,15,62,富邦-桃園,2024-08-07,9665
00942B,台新美A公司債20+,57,1,56,富邦-桃園,2024-08-07,9665
2834,臺企銀,70,14,56,富邦-桃園,2024-08-07,9665
00676R,富邦臺灣加權反1,153,100,53,富邦-桃園,2024-08-07,9665
00664R,國泰臺灣加權反1,52,0,52,富邦-桃園,2024-08-07,9665
1312,國喬,51,1,50,富邦-桃園,2024-08-07,9665
00905,FT臺灣Smart,89,40,49,富邦-桃園,2024-08-07,9665
00948B,中信優息投資級債,48,0,48,富邦-桃園,2024-08-07,9665
00795B,中信美國公債20年,48,5,43,富邦-桃園,2024-08-07,9665
0050,元大台灣50,51,11,40,富邦-桃園,2024-08-07,9665
0056,元大高股息,44,5,39,富邦-桃園,2024-08-07,9665
00927,群益半導體收益,59,20,39,富邦-桃園,2024-08-07,9665
00881,國泰台灣5G+,42,6,36,富邦-桃園,2024-08-07,9665
00947,台新臺灣IC設計,37,3,34,富邦-桃園,2024-08-07,9665
2313,華通,62,30,32,富邦-桃園,2024-08-07,9665
2408,南亞科,39,7,32,富邦-桃園,2024-08-07,9665
2881,富邦金,44,13,31,富邦-桃園,2024-08-07,9665
2356,英業達,50,24,26,富邦-桃園,2024-08-07,9665
8924,大田,25,0,25,富邦-桃園,2024-08-07,9665
2887,台新金,29,5,24,富邦-桃園,2024-08-07,9665
2884,玉山金,24,1,23,富邦-桃園,2024-08-07,9665
3047,訊舟,44,22,22,富邦-桃園,2024-08-07,9665
2897,王道銀行,22,0,22,富邦-桃園,2024-08-07,9665
2353,宏��,28,8,20,富邦-桃園,2024-08-07,9665
1722,台肥,20,0,20,富邦-桃園,2024-08-07,9665
8938,明安,20,0,20,富邦-桃園,2024-08-07,9665
00637L,元大滬深300正2,20,0,20,富邦-桃園,2024-08-07,9665
2891,中信金,24,5,19,富邦-桃園,2024-08-07,9665
00933B,國泰10Y+金融債,44,25,19,富邦-桃園,2024-08-07,9665
00936,台新永續高息中小,20,4,16,富邦-桃園,2024-08-07,9665
2542,興富發,35,19,16,富邦-桃園,2024-08-07,9665
5347,世界,21,5,16,富邦-桃園,2024-08-07,9665
00670L,富邦NASDAQ正2,15,0,15,富邦-桃園,2024-08-07,9665
1304,台聚,15,0,15,富邦-桃園,2024-08-07,9665
00902,中信電池及儲能,17,2,15,富邦-桃園,2024-08-07,9665
00679B,元大美債20年,2995,106,2889,富邦-桃園,2024-08-08,9665
00632R,元大台灣50反1,947,34,913,富邦-桃園,2024-08-08,9665
00878,國泰永續高股息,203,9,194,富邦-桃園,2024-08-08,9665
00929,復華台灣科技優息,307,126,181,富邦-桃園,2024-08-08,9665
2317,鴻海,299,121,178,富邦-桃園,2024-08-08,9665
00936,台新永續高息中小,125,0,125,富邦-桃園,2024-08-08,9665
00935,野村臺灣新科技50,115,1,114,富邦-桃園,2024-08-08,9665
2367,燿華,118,7,111,富邦-桃園,2024-08-08,9665
00637L,元大滬深300正2,107,2,105,富邦-桃園,2024-08-08,9665
00687B,國泰20年美債,152,50,102,富邦-桃園,2024-08-08,9665
2365,昆盈,261,167,94,富邦-桃園,2024-08-08,9665
00942B,台新美A公司債20+,87,0,87,富邦-桃園,2024-08-08,9665
2834,臺企銀,84,0,84,富邦-桃園,2024-08-08,9665
00680L,元大美債20正2,95,14,81,富邦-桃園,2024-08-08,9665
2892,第一金,70,0,70,富邦-桃園,2024-08-08,9665
2886,兆豐金,62,1,61,富邦-桃園,2024-08-08,9665
0056,元大高股息,60,2,58,富邦-桃園,2024-08-08,9665
00940,元大台灣價值高息,86,30,56,富邦-桃園,2024-08-08,9665
00919,群益台灣精選高息,91,38,53,富邦-桃園,2024-08-08,9665
2891,中信金,59,11,48,富邦-桃園,2024-08-08,9665
3481,群創,82,35,47,富邦-桃園,2024-08-08,9665
00946,群益科技高息成長,47,1,46,富邦-桃園,2024-08-08,9665
2031,新光鋼,43,1,42,富邦-桃園,2024-08-08,9665
00933B,國泰10Y+金融債,40,0,40,富邦-桃園,2024-08-08,9665
1455,集盛,40,0,40,富邦-桃園,2024-08-08,9665
2353,宏��,45,7,38,富邦-桃園,2024-08-08,9665
00941,中信上游半導體,43,10,33,富邦-桃園,2024-08-08,9665
2382,廣達,87,55,32,富邦-桃園,2024-08-08,9665
00830,國泰費城半導體,30,0,30,富邦-桃園,2024-08-08,9665
1605,華新,34,5,29,富邦-桃園,2024-08-08,9665
1301,台塑,34,5,29,富邦-桃園,2024-08-08,9665
2464,盟立,47,20,27,富邦-桃園,2024-08-08,9665
00945B,凱基美國非投等債,26,0,26,富邦-桃園,2024-08-08,9665
00688L,國泰20年美債正2,30,4,26,富邦-桃園,2024-08-08,9665
00931B,統一美債20年,26,2,24,富邦-桃園,2024-08-08,9665
00713,元大台灣高息低波,27,3,24,富邦-桃園,2024-08-08,9665
00934,中信成長高股息,26,2,24,富邦-桃園,2024-08-08,9665
3356,奇偶,24,0,24,富邦-桃園,2024-08-08,9665
4510,高鋒,150,127,23,富邦-桃園,2024-08-08,9665
5469,瀚宇博,21,0,21,富邦-桃園,2024-08-08,9665
1815,富喬,23,2,21,富邦-桃園,2024-08-08,9665
00881,國泰台灣5G+,23,3,20,富邦-桃園,2024-08-08,9665
2884,玉山金,20,0,20,富邦-桃園,2024-08-08,9665
2017,官田鋼,20,0,20,富邦-桃園,2024-08-08,9665
2615,萬海,26,6,20,富邦-桃園,2024-08-08,9665
00918,大華優利高填息30,19,0,19,富邦-桃園,2024-08-08,9665
5439,高技,26,7,19,富邦-桃園,2024-08-08,9665
3231,緯創,51,33,18,富邦-桃園,2024-08-08,9665
4174,浩鼎,20,2,18,富邦-桃園,2024-08-08,9665
00882,中信中國高股息,17,0,17,富邦-桃園,2024-08-08,9665
00950B,凱基A級公司債,802,0,802,富邦-桃園,2024-08-09,9665
00937B,群益ESG投等債20,910,140,770,富邦-桃園,2024-08-09,9665
00679B,元大美債20年,286,124,162,富邦-桃園,2024-08-09,9665
00688L,國泰20年美債正2,142,2,140,富邦-桃園,2024-08-09,9665
5014,建錩,130,5,125,富邦-桃園,2024-08-09,9665
00948B,中信優息投資級債,124,0,124,富邦-桃園,2024-08-09,9665
00637L,元大滬深300正2,100,0,100,富邦-桃園,2024-08-09,9665
00795B,中信美國公債20年,97,0,97,富邦-桃園,2024-08-09,9665
00680L,元大美債20正2,137,53,84,富邦-桃園,2024-08-09,9665
3019,亞光,137,54,83,富邦-桃園,2024-08-09,9665
9105,泰金寶-DR,84,12,72,富邦-桃園,2024-08-09,9665
2915,潤泰全,72,0,72,富邦-桃園,2024-08-09,9665
00687B,國泰20年美債,186,133,53,富邦-桃園,2024-08-09,9665
00933B,國泰10Y+金融債,58,5,53,富邦-桃園,2024-08-09,9665
1718,中纖,52,0,52,富邦-桃園,2024-08-09,9665
00922,國泰台灣領袖50,52,5,47,富邦-桃園,2024-08-09,9665
1455,集盛,45,0,45,富邦-桃園,2024-08-09,9665
00706L,期元大S＆P日圓正2,50,5,45,富邦-桃園,2024-08-09,9665
2365,昆盈,238,195,43,富邦-桃園,2024-08-09,9665
2382,廣達,92,50,42,富邦-桃園,2024-08-09,9665
00947,台新臺灣IC設計,47,6,41,富邦-桃園,2024-08-09,9665
6288,聯嘉,41,0,41,富邦-桃園,2024-08-09,9665
2897,王道銀行,41,0,41,富邦-桃園,2024-08-09,9665
00751B,元大AAA至A公司債,55,15,40,富邦-桃園,2024-08-09,9665
3044,健鼎,48,8,40,富邦-桃園,2024-08-09,9665
00919,群益台灣精選高息,81,47,34,富邦-桃園,2024-08-09,9665
00713,元大台灣高息低波,34,2,32,富邦-桃園,2024-08-09,9665
00931B,統一美債20年,31,1,30,富邦-桃園,2024-08-09,9665
2883B,凱基金乙特,30,0,30,富邦-桃園,2024-08-09,9665
8437,大地-KY,30,0,30,富邦-桃園,2024-08-09,9665
3715,定穎投控,113,84,29,富邦-桃園,2024-08-09,9665
4562,穎漢,68,42,26,富邦-桃園,2024-08-09,9665
2472,立隆電,25,0,25,富邦-桃園,2024-08-09,9665
2352,佳世達,24,0,24,富邦-桃園,2024-08-09,9665
1301,台塑,28,4,24,富邦-桃園,2024-08-09,9665
00676R,富邦臺灣加權反1,33,9,24,富邦-桃園,2024-08-09,9665
2337,旺宏,58,35,23,富邦-桃園,2024-08-09,9665
00878,國泰永續高股息,119,96,23,富邦-桃園,2024-08-09,9665
4909,新復興,44,24,20,富邦-桃園,2024-08-09,9665
4906,正文,20,0,20,富邦-桃園,2024-08-09,9665
00857B,永豐20年美公債,19,0,19,富邦-桃園,2024-08-09,9665
5521,工信,19,1,18,富邦-桃園,2024-08-09,9665
1527,鑽全,18,0,18,富邦-桃園,2024-08-09,9665
5530,龍巖,44,26,18,富邦-桃園,2024-08-09,9665
00830,國泰費城半導體,23,6,17,富邦-桃園,2024-08-09,9665
3037,欣興,67,50,17,富邦-桃園,2024-08-09,9665
2834,臺企銀,24,7,17,富邦-桃園,2024-08-09,9665
2882,國泰金,39,22,17,富邦-桃園,2024-08-09,9665
00951,台新日本半導體,16,0,16,富邦-桃園,2024-08-09,9665
00949,復華日本龍頭,15,0,15,富邦-桃園,2024-08-09,9665
00680L,元大美債20正2,528,50,478,富邦-桃園,2024-08-12,9665
00632R,元大台灣50反1,243,10,233,富邦-桃園,2024-08-12,9665
00687B,國泰20年美債,247,87,160,富邦-桃園,2024-08-12,9665
00919,群益台灣精選高息,195,56,139,富邦-桃園,2024-08-12,9665
00878,國泰永續高股息,159,26,133,富邦-桃園,2024-08-12,9665
00931B,統一美債20年,126,0,126,富邦-桃園,2024-08-12,9665
00948B,中信優息投資級債,126,0,126,富邦-桃園,2024-08-12,9665
2312,金寶,237,123,114,富邦-桃園,2024-08-12,9665
3036,文曄,60,3,57,富邦-桃園,2024-08-12,9665
00937B,群益ESG投等債20,98,47,51,富邦-桃園,2024-08-12,9665
4167,松瑞藥,50,0,50,富邦-桃園,2024-08-12,9665
00795B,中信美國公債20年,52,4,48,富邦-桃園,2024-08-12,9665
5530,龍巖,47,0,47,富邦-桃園,2024-08-12,9665
3522,御嵿,46,4,42,富邦-桃園,2024-08-12,9665
00932,兆豐永續高息等權,42,0,42,富邦-桃園,2024-08-12,9665
0056,元大高股息,56,17,39,富邦-桃園,2024-08-12,9665
2506,太設,143,110,33,富邦-桃園,2024-08-12,9665
2609,陽明,164,132,32,富邦-桃園,2024-08-12,9665
2409,友達,34,2,32,富邦-桃園,2024-08-12,9665
4306,炎洲,52,20,32,富邦-桃園,2024-08-12,9665
2354,鴻準,34,2,32,富邦-桃園,2024-08-12,9665
00951,台新日本半導體,32,0,32,富邦-桃園,2024-08-12,9665
00646,元大S＆P500,30,0,30,富邦-桃園,2024-08-12,9665
9105,泰金寶-DR,27,0,27,富邦-桃園,2024-08-12,9665
8086,宏捷科,27,1,26,富邦-桃園,2024-08-12,9665
2607,榮運,32,7,25,富邦-桃園,2024-08-12,9665
1455,集盛,24,0,24,富邦-桃園,2024-08-12,9665
1513,中興電,85,63,22,富邦-桃園,2024-08-12,9665
00679B,元大美債20年,67,45,22,富邦-桃園,2024-08-12,9665
00713,元大台灣高息低波,22,1,21,富邦-桃園,2024-08-12,9665
1301,台塑,22,2,20,富邦-桃園,2024-08-12,9665
00857B,永豐20年美公債,20,0,20,富邦-桃園,2024-08-12,9665
2392,正崴,25,5,20,富邦-桃園,2024-08-12,9665
3518,柏騰,25,5,20,富邦-桃園,2024-08-12,9665
9904,寶成,23,3,20,富邦-桃園,2024-08-12,9665
2427,三商電,20,0,20,富邦-桃園,2024-08-12,9665
2376,技嘉,23,4,19,富邦-桃園,2024-08-12,9665
00945B,凱基美國非投等債,19,0,19,富邦-桃園,2024-08-12,9665
1711,永光,21,3,18,富邦-桃園,2024-08-12,9665
2337,旺宏,30,12,18,富邦-桃園,2024-08-12,9665
6806,森崴能源,23,7,16,富邦-桃園,2024-08-12,9665
6215,和椿,32,16,16,富邦-桃園,2024-08-12,9665
00688L,國泰20年美債正2,18,2,16,富邦-桃園,2024-08-12,9665
2891,中信金,30,14,16,富邦-桃園,2024-08-12,9665
2101,南港,15,0,15,富邦-桃園,2024-08-12,9665
4720,德淵,15,0,15,富邦-桃園,2024-08-12,9665
00934,中信成長高股息,15,0,15,富邦-桃園,2024-08-12,9665
00936,台新永續高息中小,25,10,15,富邦-桃園,2024-08-12,9665
4562,穎漢,113,99,14,富邦-桃園,2024-08-12,9665
2359,所羅門,77,63,14,富邦-桃園,2024-08-12,9665
00632R,元大台灣50反1,519,100,419,富邦-桃園,2024-08-13,9665
00948B,中信優息投資級債,391,18,373,富邦-桃園,2024-08-13,9665
00937B,群益ESG投等債20,243,63,180,富邦-桃園,2024-08-13,9665
2365,昆盈,286,106,180,富邦-桃園,2024-08-13,9665
00687B,國泰20年美債,154,28,126,富邦-桃園,2024-08-13,9665
00795B,中信美國公債20年,112,0,112,富邦-桃園,2024-08-13,9665
00679B,元大美債20年,123,12,111,富邦-桃園,2024-08-13,9665
00764B,群益25年美債,100,0,100,富邦-桃園,2024-08-13,9665
6108,競國,96,0,96,富邦-桃園,2024-08-13,9665
2607,榮運,101,6,95,富邦-桃園,2024-08-13,9665
00878,國泰永續高股息,140,50,90,富邦-桃園,2024-08-13,9665
00680L,元大美債20正2,80,0,80,富邦-桃園,2024-08-13,9665
00929,復華台灣科技優息,158,91,67,富邦-桃園,2024-08-13,9665
00900,富邦特選高股息30,68,4,64,富邦-桃園,2024-08-13,9665
2880,華南金,76,17,59,富邦-桃園,2024-08-13,9665
2603,長榮,58,11,47,富邦-桃園,2024-08-13,9665
2888,新光金,63,17,46,富邦-桃園,2024-08-13,9665
00712,復華富時不動產,45,0,45,富邦-桃園,2024-08-13,9665
2520,冠德,52,10,42,富邦-桃園,2024-08-13,9665
2834,臺企銀,47,6,41,富邦-桃園,2024-08-13,9665
00942B,台新美A公司債20+,40,0,40,富邦-桃園,2024-08-13,9665
0056,元大高股息,45,6,39,富邦-桃園,2024-08-13,9665
3036,文曄,38,0,38,富邦-桃園,2024-08-13,9665
00936,台新永續高息中小,38,0,38,富邦-桃園,2024-08-13,9665
00933B,國泰10Y+金融債,37,0,37,富邦-桃園,2024-08-13,9665
4526,東台,37,2,35,富邦-桃園,2024-08-13,9665
00919,群益台灣精選高息,50,15,35,富邦-桃園,2024-08-13,9665
2886,兆豐金,35,3,32,富邦-桃園,2024-08-13,9665
00857B,永豐20年美公債,31,0,31,富邦-桃園,2024-08-13,9665
5880,合庫金,32,3,29,富邦-桃園,2024-08-13,9665
3024,憶聲,30,2,28,富邦-桃園,2024-08-13,9665
3062,建漢,47,24,23,富邦-桃園,2024-08-13,9665
6176,瑞儀,22,0,22,富邦-桃園,2024-08-13,9665
2892,第一金,21,0,21,富邦-桃園,2024-08-13,9665
00945B,凱基美國非投等債,21,0,21,富邦-桃園,2024-08-13,9665
4109,加捷生醫,25,4,21,富邦-桃園,2024-08-13,9665
2314,台揚,20,0,20,富邦-桃園,2024-08-13,9665
5498,凱崴,20,0,20,富邦-桃園,2024-08-13,9665
6288,聯嘉,20,0,20,富邦-桃園,2024-08-13,9665
6152,百一,20,0,20,富邦-桃園,2024-08-13,9665
6220,岳豐,20,0,20,富邦-桃園,2024-08-13,9665
3522,御嵿,31,11,20,富邦-桃園,2024-08-13,9665
1513,中興電,68,48,20,富邦-桃園,2024-08-13,9665
00673R,期元大S＆P原油反1,19,0,19,富邦-桃園,2024-08-13,9665
3037,欣興,40,23,17,富邦-桃園,2024-08-13,9665
00922,國泰台灣領袖50,17,0,17,富邦-桃園,2024-08-13,9665
2801,彰銀,18,1,17,富邦-桃園,2024-08-13,9665
00882,中信中國高股息,18,2,16,富邦-桃園,2024-08-13,9665
8028,昇陽半導體,35,19,16,富邦-桃園,2024-08-13,9665
3013,晟銘電,115,101,14,富邦-桃園,2024-08-13,9665
00680L,元大美債20正2,1228,3,1225,富邦-桃園,2024-08-14,9665
2888,新光金,735,81,654,富邦-桃園,2024-08-14,9665
00687B,國泰20年美債,773,128,645,富邦-桃園,2024-08-14,9665
3481,群創,363,102,261,富邦-桃園,2024-08-14,9665
00931B,統一美債20年,226,27,199,富邦-桃園,2024-08-14,9665
00937B,群益ESG投等債20,197,18,179,富邦-桃園,2024-08-14,9665
00688L,國泰20年美債正2,106,0,106,富邦-桃園,2024-08-14,9665
00948B,中信優息投資級債,97,0,97,富邦-桃園,2024-08-14,9665
00900,富邦特選高股息30,111,15,96,富邦-桃園,2024-08-14,9665
6108,競國,115,24,91,富邦-桃園,2024-08-14,9665
5905,南仁湖,110,22,88,富邦-桃園,2024-08-14,9665
00679B,元大美債20年,160,91,69,富邦-桃園,2024-08-14,9665
6462,神盾,64,3,61,富邦-桃園,2024-08-14,9665
00632R,元大台灣50反1,165,106,59,富邦-桃園,2024-08-14,9665
00795B,中信美國公債20年,76,24,52,富邦-桃園,2024-08-14,9665
00753L,中信中國50正2,50,0,50,富邦-桃園,2024-08-14,9665
2610,華航,260,211,49,富邦-桃園,2024-08-14,9665
2365,昆盈,323,275,48,富邦-桃園,2024-08-14,9665
2464,盟立,81,35,46,富邦-桃園,2024-08-14,9665
2609,陽明,101,56,45,富邦-桃園,2024-08-14,9665
2607,榮運,43,0,43,富邦-桃園,2024-08-14,9665
00712,復華富時不動產,41,4,37,富邦-桃園,2024-08-14,9665
2349,錸德,46,10,36,富邦-桃園,2024-08-14,9665
4562,穎漢,181,147,34,富邦-桃園,2024-08-14,9665
1101,台泥,61,27,34,富邦-桃園,2024-08-14,9665
00637L,元大滬深300正2,33,0,33,富邦-桃園,2024-08-14,9665
00922,國泰台灣領袖50,35,3,32,富邦-桃園,2024-08-14,9665
2313,華通,38,6,32,富邦-桃園,2024-08-14,9665
1455,集盛,31,0,31,富邦-桃園,2024-08-14,9665
6156,松上,31,1,30,富邦-桃園,2024-08-14,9665
2820,華票,30,0,30,富邦-桃園,2024-08-14,9665
2883B,凱基金乙特,32,5,27,富邦-桃園,2024-08-14,9665
4909,新復興,44,17,27,富邦-桃園,2024-08-14,9665
5381,合正,26,0,26,富邦-桃園,2024-08-14,9665
9958,世紀鋼,26,2,24,富邦-桃園,2024-08-14,9665
2429,銘旺科,24,1,23,富邦-桃園,2024-08-14,9665
4534,慶騰,29,6,23,富邦-桃園,2024-08-14,9665
3037,欣興,44,23,21,富邦-桃園,2024-08-14,9665
2356,英業達,38,17,21,富邦-桃園,2024-08-14,9665
8096,擎亞,118,97,21,富邦-桃園,2024-08-14,9665
4958,臻鼎-KY,27,7,20,富邦-桃園,2024-08-14,9665
4526,東台,22,3,19,富邦-桃園,2024-08-14,9665
4513,福裕,33,14,19,富邦-桃園,2024-08-14,9665
6215,和椿,40,21,19,富邦-桃園,2024-08-14,9665
00881,國泰台灣5G+,23,5,18,富邦-桃園,2024-08-14,9665
00936,台新永續高息中小,23,5,18,富邦-桃園,2024-08-14,9665
3047,訊舟,30,12,18,富邦-桃園,2024-08-14,9665
2615,萬海,95,77,18,富邦-桃園,2024-08-14,9665
3048,益登,19,3,16,富邦-桃園,2024-08-14,9665
3303,岱稜,23,7,16,富邦-桃園,2024-08-14,9665
00948B,中信優息投資級債,876,67,809,富邦-桃園,2024-08-15,9665
00687B,國泰20年美債,674,20,654,富邦-桃園,2024-08-15,9665
00950B,凱基A級公司債,402,2,400,富邦-桃園,2024-08-15,9665
00900,富邦特選高股息30,303,32,271,富邦-桃園,2024-08-15,9665
00679B,元大美債20年,382,118,264,富邦-桃園,2024-08-15,9665
00931B,統一美債20年,228,0,228,富邦-桃園,2024-08-15,9665
00878,國泰永續高股息,266,81,185,富邦-桃園,2024-08-15,9665
1532,勤美,166,0,166,富邦-桃園,2024-08-15,9665
00712,復華富時不動產,109,9,100,富邦-桃園,2024-08-15,9665
00929,復華台灣科技優息,219,125,94,富邦-桃園,2024-08-15,9665
00795B,中信美國公債20年,93,0,93,富邦-桃園,2024-08-15,9665
00688L,國泰20年美債正2,71,0,71,富邦-桃園,2024-08-15,9665
00632R,元大台灣50反1,84,19,65,富邦-桃園,2024-08-15,9665
00881,國泰台灣5G+,61,2,59,富邦-桃園,2024-08-15,9665
2489,瑞軒,90,35,55,富邦-桃園,2024-08-15,9665
2002,中鋼,47,2,45,富邦-桃園,2024-08-15,9665
4306,炎洲,45,1,44,富邦-桃園,2024-08-15,9665
5328,華容,53,13,40,富邦-桃園,2024-08-15,9665
00936,台新永續高息中小,33,1,32,富邦-桃園,2024-08-15,9665
00940,元大台灣價值高息,63,34,29,富邦-桃園,2024-08-15,9665
3663,鑫科,67,39,28,富邦-桃園,2024-08-15,9665
5880,合庫金,25,0,25,富邦-桃園,2024-08-15,9665
2891,中信金,43,19,24,富邦-桃園,2024-08-15,9665
3645,達邁,66,42,24,富邦-桃園,2024-08-15,9665
00669R,國泰美國道瓊反1,23,0,23,富邦-桃園,2024-08-15,9665
2801,彰銀,27,5,22,富邦-桃園,2024-08-15,9665
2905,三商,22,0,22,富邦-桃園,2024-08-15,9665
2313,華通,42,21,21,富邦-桃園,2024-08-15,9665
2892,第一金,21,0,21,富邦-桃園,2024-08-15,9665
5011,久陽,38,19,19,富邦-桃園,2024-08-15,9665
00927,群益半導體收益,28,10,18,富邦-桃園,2024-08-15,9665
1101,台泥,52,34,18,富邦-桃園,2024-08-15,9665
2062,橋椿,26,8,18,富邦-桃園,2024-08-15,9665
006208,富邦台50,26,9,17,富邦-桃園,2024-08-15,9665
00932,兆豐永續高息等權,17,0,17,富邦-桃園,2024-08-15,9665
1301,台塑,16,0,16,富邦-桃園,2024-08-15,9665
5371,中光電,27,11,16,富邦-桃園,2024-08-15,9665
2605,新興,16,1,15,富邦-桃園,2024-08-15,9665
2371,大同,19,5,14,富邦-桃園,2024-08-15,9665
3711,日月光投控,16,2,14,富邦-桃園,2024-08-15,9665
1402,遠東新,14,0,14,富邦-桃園,2024-08-15,9665
2884,玉山金,14,1,13,富邦-桃園,2024-08-15,9665
3522,御嵿,13,0,13,富邦-桃園,2024-08-15,9665
3037,欣興,25,12,13,富邦-桃園,2024-08-15,9665
2352,佳世達,26,14,12,富邦-桃園,2024-08-15,9665
6134,萬旭,12,0,12,富邦-桃園,2024-08-15,9665
2376,技嘉,54,43,11,富邦-桃園,2024-08-15,9665
5324,士開,11,0,11,富邦-桃園,2024-08-15,9665
5469,瀚宇博,12,1,11,富邦-桃園,2024-08-15,9665
2312,金寶,38,27,11,富邦-桃園,2024-08-15,9665
00687B,國泰20年美債,824,20,804,富邦-桃園,2024-08-16,9665
00929,復華台灣科技優息,763,118,645,富邦-桃園,2024-08-16,9665
00795B,中信美國公債20年,191,2,189,富邦-桃園,2024-08-16,9665
00715L,期街口布蘭特正2,117,17,100,富邦-桃園,2024-08-16,9665
00946,群益科技高息成長,102,10,92,富邦-桃園,2024-08-16,9665
00942B,台新美A公司債20+,101,10,91,富邦-桃園,2024-08-16,9665
00688L,國泰20年美債正2,85,0,85,富邦-桃園,2024-08-16,9665
6197,佳必琪,96,16,80,富邦-桃園,2024-08-16,9665
00676R,富邦臺灣加權反1,70,0,70,富邦-桃園,2024-08-16,9665
00712,復華富時不動產,100,32,68,富邦-桃園,2024-08-16,9665
00936,台新永續高息中小,63,5,58,富邦-桃園,2024-08-16,9665
00878,國泰永續高股息,120,65,55,富邦-桃園,2024-08-16,9665
00633L,富邦上証正2,69,19,50,富邦-桃園,2024-08-16,9665
2062,橋椿,116,69,47,富邦-桃園,2024-08-16,9665
8096,擎亞,111,70,41,富邦-桃園,2024-08-16,9665
2596,綠意,40,0,40,富邦-桃園,2024-08-16,9665
1314,中石化,40,2,38,富邦-桃園,2024-08-16,9665
00706L,期元大S＆P日圓正2,37,0,37,富邦-桃園,2024-08-16,9665
2363,矽統,69,34,35,富邦-桃園,2024-08-16,9665
0056,元大高股息,54,20,34,富邦-桃園,2024-08-16,9665
3522,御嵿,38,6,32,富邦-桃園,2024-08-16,9665
00881,國泰台灣5G+,33,2,31,富邦-桃園,2024-08-16,9665
1806,冠軍,30,0,30,富邦-桃園,2024-08-16,9665
3450,聯鈞,62,32,30,富邦-桃園,2024-08-16,9665
5452,佶優,34,5,29,富邦-桃園,2024-08-16,9665
1445,大宇,37,9,28,富邦-桃園,2024-08-16,9665
1609,大亞,34,9,25,富邦-桃園,2024-08-16,9665
2323,中環,170,145,25,富邦-桃園,2024-08-16,9665
6770,力積電,29,5,24,富邦-桃園,2024-08-16,9665
2365,昆盈,101,79,22,富邦-桃園,2024-08-16,9665
00900,富邦特選高股息30,45,23,22,富邦-桃園,2024-08-16,9665
00669R,國泰美國道瓊反1,21,0,21,富邦-桃園,2024-08-16,9665
5434,崇越,21,0,21,富邦-桃園,2024-08-16,9665
2607,榮運,20,0,20,富邦-桃園,2024-08-16,9665
00708L,期元大S＆P黃金正2,19,0,19,富邦-桃園,2024-08-16,9665
8271,宇瞻,20,1,19,富邦-桃園,2024-08-16,9665
1444,力麗,20,1,19,富邦-桃園,2024-08-16,9665
1785,光洋科,39,21,18,富邦-桃園,2024-08-16,9665
2317,鴻海,81,63,18,富邦-桃園,2024-08-16,9665
4903,聯光通,18,0,18,富邦-桃園,2024-08-16,9665
00945B,凱基美國非投等債,18,0,18,富邦-桃園,2024-08-16,9665
4562,穎漢,56,39,17,富邦-桃園,2024-08-16,9665
2834,臺企銀,23,7,16,富邦-桃園,2024-08-16,9665
1570,力肯,21,5,16,富邦-桃園,2024-08-16,9665
3030,德律,20,4,16,富邦-桃園,2024-08-16,9665
1301,台塑,15,0,15,富邦-桃園,2024-08-16,9665
00857B,永豐20年美公債,15,0,15,富邦-桃園,2024-08-16,9665
3712,永崴投控,17,2,15,富邦-桃園,2024-08-16,9665
2888,新光金,24,10,14,富邦-桃園,2024-08-16,9665
00951,台新日本半導體,25,11,14,富邦-桃園,2024-08-16,9665
00680L,元大美債20正2,504,50,454,富邦-桃園,2024-08-19,9665
00687B,國泰20年美債,461,109,352,富邦-桃園,2024-08-19,9665
2354,鴻準,263,36,227,富邦-桃園,2024-08-19,9665
00688L,國泰20年美債正2,241,20,221,富邦-桃園,2024-08-19,9665
2317,鴻海,280,134,146,富邦-桃園,2024-08-19,9665
00679B,元大美債20年,148,8,140,富邦-桃園,2024-08-19,9665
00882,中信中國高股息,136,18,118,富邦-桃園,2024-08-19,9665
2515,中工,117,1,116,富邦-桃園,2024-08-19,9665
00948B,中信優息投資級債,110,1,109,富邦-桃園,2024-08-19,9665
00919,群益台灣精選高息,225,117,108,富邦-桃園,2024-08-19,9665
2002,中鋼,99,6,93,富邦-桃園,2024-08-19,9665
00933B,國泰10Y+金融債,104,31,73,富邦-桃園,2024-08-19,9665
00936,台新永續高息中小,76,4,72,富邦-桃園,2024-08-19,9665
00929,復華台灣科技優息,126,56,70,富邦-桃園,2024-08-19,9665
3047,訊舟,132,68,64,富邦-桃園,2024-08-19,9665
2882,國泰金,63,4,59,富邦-桃園,2024-08-19,9665
2915,潤泰全,56,0,56,富邦-桃園,2024-08-19,9665
0056,元大高股息,61,14,47,富邦-桃園,2024-08-19,9665
5905,南仁湖,64,28,36,富邦-桃園,2024-08-19,9665
2881,富邦金,41,11,30,富邦-桃園,2024-08-19,9665
3645,達邁,52,23,29,富邦-桃園,2024-08-19,9665
00795B,中信美國公債20年,30,5,25,富邦-桃園,2024-08-19,9665
00878,國泰永續高股息,74,49,25,富邦-桃園,2024-08-19,9665
4927,泰鼎-KY,25,0,25,富邦-桃園,2024-08-19,9665
2359,所羅門,98,74,24,富邦-桃園,2024-08-19,9665
2615,萬海,34,10,24,富邦-桃園,2024-08-19,9665
2883,凱基金,32,9,23,富邦-桃園,2024-08-19,9665
8105,凌巨,23,1,22,富邦-桃園,2024-08-19,9665
00922,國泰台灣領袖50,45,24,21,富邦-桃園,2024-08-19,9665
5009,榮剛,21,0,21,富邦-桃園,2024-08-19,9665
6207,雷科,45,24,21,富邦-桃園,2024-08-19,9665
2634,漢翔,20,0,20,富邦-桃園,2024-08-19,9665
1589,永冠-KY,20,0,20,富邦-桃園,2024-08-19,9665
8070,長華*,22,2,20,富邦-桃園,2024-08-19,9665
00902,中信電池及儲能,20,0,20,富邦-桃園,2024-08-19,9665
2886,兆豐金,19,0,19,富邦-桃園,2024-08-19,9665
00931B,統一美債20年,19,0,19,富邦-桃園,2024-08-19,9665
2316,楠梓電,21,2,19,富邦-桃園,2024-08-19,9665
00864B,中信美國公債0-1,18,0,18,富邦-桃園,2024-08-19,9665
1513,中興電,21,3,18,富邦-桃園,2024-08-19,9665
2344,華邦電,24,7,17,富邦-桃園,2024-08-19,9665
00715L,期街口布蘭特正2,29,13,16,富邦-桃園,2024-08-19,9665
1527,鑽全,20,4,16,富邦-桃園,2024-08-19,9665
1402,遠東新,19,3,16,富邦-桃園,2024-08-19,9665
4906,正文,24,8,16,富邦-桃園,2024-08-19,9665
8933,愛地雅,15,0,15,富邦-桃園,2024-08-19,9665
6877,鏵友益,21,7,14,富邦-桃園,2024-08-19,9665
00751B,元大AAA至A公司債,15,1,14,富邦-桃園,2024-08-19,9665
8096,擎亞,34,20,14,富邦-桃園,2024-08-19,9665
3501,維熹,15,1,14,富邦-桃園,2024-08-19,9665
00706L,期元大S＆P日圓正2,479,50,429,富邦-桃園,2024-08-20,9665
2888,新光金,689,428,261,富邦-桃園,2024-08-20,9665
00715L,期街口布蘭特正2,331,117,214,富邦-桃園,2024-08-20,9665
00687B,國泰20年美債,218,30,188,富邦-桃園,2024-08-20,9665
00680L,元大美債20正2,190,22,168,富邦-桃園,2024-08-20,9665
00665L,富邦�琤肭磪囓�2,201,70,131,富邦-桃園,2024-08-20,9665
00937B,群益ESG投等債20,137,11,126,富邦-桃園,2024-08-20,9665
2897,王道銀行,101,0,101,富邦-桃園,2024-08-20,9665
00882,中信中國高股息,101,1,100,富邦-桃園,2024-08-20,9665
00929,復華台灣科技優息,154,66,88,富邦-桃園,2024-08-20,9665
2356,英業達,70,8,62,富邦-桃園,2024-08-20,9665
1455,集盛,60,0,60,富邦-桃園,2024-08-20,9665
3312,弘憶股,83,26,57,富邦-桃園,2024-08-20,9665
00633L,富邦上証正2,65,15,50,富邦-桃園,2024-08-20,9665
00922,國泰台灣領袖50,45,0,45,富邦-桃園,2024-08-20,9665
00679B,元大美債20年,90,46,44,富邦-桃園,2024-08-20,9665
00907,永豐優息存股,42,0,42,富邦-桃園,2024-08-20,9665
00919,群益台灣精選高息,66,26,40,富邦-桃園,2024-08-20,9665
00713,元大台灣高息低波,40,0,40,富邦-桃園,2024-08-20,9665
00795B,中信美國公債20年,39,0,39,富邦-桃園,2024-08-20,9665
00923,群益台ESG低碳50,37,0,37,富邦-桃園,2024-08-20,9665
2520,冠德,59,24,35,富邦-桃園,2024-08-20,9665
2317,鴻海,88,54,34,富邦-桃園,2024-08-20,9665
4904,遠傳,34,0,34,富邦-桃園,2024-08-20,9665
2881,富邦金,52,20,32,富邦-桃園,2024-08-20,9665
8028,昇陽半導體,123,92,31,富邦-桃園,2024-08-20,9665
2607,榮運,31,0,31,富邦-桃園,2024-08-20,9665
00632R,元大台灣50反1,61,30,31,富邦-桃園,2024-08-20,9665
2891,中信金,31,4,27,富邦-桃園,2024-08-20,9665
5392,能率,32,7,25,富邦-桃園,2024-08-20,9665
2464,盟立,77,52,25,富邦-桃園,2024-08-20,9665
2352,佳世達,28,4,24,富邦-桃園,2024-08-20,9665
2374,佳能,91,67,24,富邦-桃園,2024-08-20,9665
2883,凱基金,27,4,23,富邦-桃園,2024-08-20,9665
00948B,中信優息投資級債,46,24,22,富邦-桃園,2024-08-20,9665
8070,長華*,32,11,21,富邦-桃園,2024-08-20,9665
00934,中信成長高股息,21,0,21,富邦-桃園,2024-08-20,9665
00712,復華富時不動產,57,38,19,富邦-桃園,2024-08-20,9665
6213,聯茂,23,4,19,富邦-桃園,2024-08-20,9665
1611,中電,20,1,19,富邦-桃園,2024-08-20,9665
2634,漢翔,20,1,19,富邦-桃園,2024-08-20,9665
3663,鑫科,36,17,19,富邦-桃園,2024-08-20,9665
00927,群益半導體收益,18,1,17,富邦-桃園,2024-08-20,9665
8071,能率網通,19,3,16,富邦-桃園,2024-08-20,9665
5309,系統電,26,10,16,富邦-桃園,2024-08-20,9665
6570,維田,23,7,16,富邦-桃園,2024-08-20,9665
6218,豪勉,25,10,15,富邦-桃園,2024-08-20,9665
00650L,復華香港正2,70,55,15,富邦-桃園,2024-08-20,9665
00935,野村臺灣新科技50,20,6,14,富邦-桃園,2024-08-20,9665
1584,精剛,33,19,14,富邦-桃園,2024-08-20,9665
2891,中信金,632,39,593,富邦-桃園,2024-08-21,9665
00948B,中信優息投資級債,200,48,152,富邦-桃園,2024-08-21,9665
00929,復華台灣科技優息,208,65,143,富邦-桃園,2024-08-21,9665
00687B,國泰20年美債,144,9,135,富邦-桃園,2024-08-21,9665
00764B,群益25年美債,110,0,110,富邦-桃園,2024-08-21,9665
00919,群益台灣精選高息,105,11,94,富邦-桃園,2024-08-21,9665
00715L,期街口布蘭特正2,93,0,93,富邦-桃園,2024-08-21,9665
00676R,富邦臺灣加權反1,78,0,78,富邦-桃園,2024-08-21,9665
00679B,元大美債20年,77,4,73,富邦-桃園,2024-08-21,9665
2317,鴻海,97,30,67,富邦-桃園,2024-08-21,9665
00752,中信中國50,62,0,62,富邦-桃園,2024-08-21,9665
00937B,群益ESG投等債20,83,23,60,富邦-桃園,2024-08-21,9665
2542,興富發,55,0,55,富邦-桃園,2024-08-21,9665
00712,復華富時不動產,65,11,54,富邦-桃園,2024-08-21,9665
00882,中信中國高股息,62,8,54,富邦-桃園,2024-08-21,9665
2610,華航,53,0,53,富邦-桃園,2024-08-21,9665
00753L,中信中國50正2,51,0,51,富邦-桃園,2024-08-21,9665
00637L,元大滬深300正2,50,0,50,富邦-桃園,2024-08-21,9665
00953B,群益優選非投等債,99,53,46,富邦-桃園,2024-08-21,9665
2356,英業達,51,6,45,富邦-桃園,2024-08-21,9665
5876,上海商銀,40,0,40,富邦-桃園,2024-08-21,9665
8086,宏捷科,36,0,36,富邦-桃園,2024-08-21,9665
00940,元大台灣價值高息,55,21,34,富邦-桃園,2024-08-21,9665
8089,康全電訊,35,2,33,富邦-桃園,2024-08-21,9665
3379,彬台,43,10,33,富邦-桃園,2024-08-21,9665
1584,精剛,76,43,33,富邦-桃園,2024-08-21,9665
6609,瀧澤科,35,3,32,富邦-桃園,2024-08-21,9665
2888,新光金,1184,1157,27,富邦-桃園,2024-08-21,9665
2344,華邦電,28,1,27,富邦-桃園,2024-08-21,9665
4906,正文,26,0,26,富邦-桃園,2024-08-21,9665
8064,東捷,43,18,25,富邦-桃園,2024-08-21,9665
2543,皇昌,38,13,25,富邦-桃園,2024-08-21,9665
4555,氣立,40,15,25,富邦-桃園,2024-08-21,9665
00918,大華優利高填息30,31,7,24,富邦-桃園,2024-08-21,9665
00900,富邦特選高股息30,25,1,24,富邦-桃園,2024-08-21,9665
3037,欣興,29,7,22,富邦-桃園,2024-08-21,9665
2313,華通,26,4,22,富邦-桃園,2024-08-21,9665
00696B,富邦美債20年,23,1,22,富邦-桃園,2024-08-21,9665
3686,達能,24,2,22,富邦-桃園,2024-08-21,9665
3535,晶彩科,118,96,22,富邦-桃園,2024-08-21,9665
2634,漢翔,21,0,21,富邦-桃園,2024-08-21,9665
9934,成霖,21,0,21,富邦-桃園,2024-08-21,9665
2405,輔信,24,4,20,富邦-桃園,2024-08-21,9665
2062,橋椿,60,40,20,富邦-桃園,2024-08-21,9665
00934,中信成長高股息,24,5,19,富邦-桃園,2024-08-21,9665
0050,元大台灣50,19,1,18,富邦-桃園,2024-08-21,9665
00923,群益台ESG低碳50,18,0,18,富邦-桃園,2024-08-21,9665
8054,安國,33,16,17,富邦-桃園,2024-08-21,9665
8440,綠電,49,32,17,富邦-桃園,2024-08-21,9665
1609,大亞,33,16,17,富邦-桃園,2024-08-21,9665
00715L,期街口布蘭特正2,221,0,221,富邦-桃園,2024-08-22,9665
00688L,國泰20年美債正2,226,10,216,富邦-桃園,2024-08-22,9665
00680L,元大美債20正2,184,10,174,富邦-桃園,2024-08-22,9665
00948B,中信優息投資級債,157,0,157,富邦-桃園,2024-08-22,9665
00687B,國泰20年美債,161,26,135,富邦-桃園,2024-08-22,9665
00664R,國泰臺灣加權反1,130,0,130,富邦-桃園,2024-08-22,9665
2313,華通,136,18,118,富邦-桃園,2024-08-22,9665
00907,永豐優息存股,114,0,114,富邦-桃園,2024-08-22,9665
2891,中信金,170,57,113,富邦-桃園,2024-08-22,9665
00929,復華台灣科技優息,106,9,97,富邦-桃園,2024-08-22,9665
00937B,群益ESG投等債20,133,44,89,富邦-桃園,2024-08-22,9665
2409,友達,76,10,66,富邦-桃園,2024-08-22,9665
2317,鴻海,101,40,61,富邦-桃園,2024-08-22,9665
00878,國泰永續高股息,113,53,60,富邦-桃園,2024-08-22,9665
2349,錸德,289,231,58,富邦-桃園,2024-08-22,9665
00893,國泰智能電動車,54,0,54,富邦-桃園,2024-08-22,9665
5905,南仁湖,89,37,52,富邦-桃園,2024-08-22,9665
2890,永豐金,50,0,50,富邦-桃園,2024-08-22,9665
006208,富邦台50,44,1,43,富邦-桃園,2024-08-22,9665
3047,訊舟,104,66,38,富邦-桃園,2024-08-22,9665
00936,台新永續高息中小,38,1,37,富邦-桃園,2024-08-22,9665
00882,中信中國高股息,35,0,35,富邦-桃園,2024-08-22,9665
3715,定穎投控,36,4,32,富邦-桃園,2024-08-22,9665
00713,元大台灣高息低波,30,0,30,富邦-桃園,2024-08-22,9665
00919,群益台灣精選高息,31,2,29,富邦-桃園,2024-08-22,9665
2382,廣達,31,2,29,富邦-桃園,2024-08-22,9665
4303,信立,33,6,27,富邦-桃園,2024-08-22,9665
6125,廣運,43,17,26,富邦-桃園,2024-08-22,9665
1514,亞力,94,69,25,富邦-桃園,2024-08-22,9665
2610,華航,92,68,24,富邦-桃園,2024-08-22,9665
00795B,中信美國公債20年,24,1,23,富邦-桃園,2024-08-22,9665
8070,長華*,29,8,21,富邦-桃園,2024-08-22,9665
3645,達邁,32,11,21,富邦-桃園,2024-08-22,9665
2337,旺宏,21,0,21,富邦-桃園,2024-08-22,9665
8105,凌巨,24,4,20,富邦-桃園,2024-08-22,9665
3049,精金,20,0,20,富邦-桃園,2024-08-22,9665
4545,銘鈺,19,0,19,富邦-桃園,2024-08-22,9665
00953B,群益優選非投等債,43,25,18,富邦-桃園,2024-08-22,9665
5443,均豪,58,45,13,富邦-桃園,2024-08-22,9665
2331,精英,13,0,13,富邦-桃園,2024-08-22,9665
2542,興富發,28,15,13,富邦-桃園,2024-08-22,9665
3234,光環,15,2,13,富邦-桃園,2024-08-22,9665
4306,炎洲,12,0,12,富邦-桃園,2024-08-22,9665
2615,萬海,31,19,12,富邦-桃園,2024-08-22,9665
5469,瀚宇博,12,0,12,富邦-桃園,2024-08-22,9665
2885,元大金,12,0,12,富邦-桃園,2024-08-22,9665
4763,材料-KY,14,3,11,富邦-桃園,2024-08-22,9665
00931B,統一美債20年,10,0,10,富邦-桃園,2024-08-22,9665
1503,士電,12,2,10,富邦-桃園,2024-08-22,9665
3122,笙泉,10,0,10,富邦-桃園,2024-08-22,9665
00687B,國泰20年美債,2867,54,2813,富邦-桃園,2024-08-23,9665
1314,中石化,284,24,260,富邦-桃園,2024-08-23,9665
2897,王道銀行,191,2,189,富邦-桃園,2024-08-23,9665
00688L,國泰20年美債正2,194,40,154,富邦-桃園,2024-08-23,9665
2891,中信金,147,41,106,富邦-桃園,2024-08-23,9665
00680L,元大美債20正2,219,115,104,富邦-桃園,2024-08-23,9665
00919,群益台灣精選高息,103,5,98,富邦-桃園,2024-08-23,9665
8064,東捷,186,91,95,富邦-桃園,2024-08-23,9665
00632R,元大台灣50反1,73,1,72,富邦-桃園,2024-08-23,9665
00679B,元大美債20年,61,4,57,富邦-桃園,2024-08-23,9665
0056,元大高股息,72,16,56,富邦-桃園,2024-08-23,9665
1717,長興,51,0,51,富邦-桃園,2024-08-23,9665
00929,復華台灣科技優息,152,105,47,富邦-桃園,2024-08-23,9665
00878,國泰永續高股息,110,65,45,富邦-桃園,2024-08-23,9665
1708,東鹼,61,17,44,富邦-桃園,2024-08-23,9665
8021,尖點,101,58,43,富邦-桃園,2024-08-23,9665
2834,臺企銀,42,0,42,富邦-桃園,2024-08-23,9665
5452,佶優,40,1,39,富邦-桃園,2024-08-23,9665
00713,元大台灣高息低波,39,2,37,富邦-桃園,2024-08-23,9665
8028,昇陽半導體,115,78,37,富邦-桃園,2024-08-23,9665
6133,金橋,53,17,36,富邦-桃園,2024-08-23,9665
1711,永光,128,93,35,富邦-桃園,2024-08-23,9665
3652,精聯,34,3,31,富邦-桃園,2024-08-23,9665
3189,景碩,82,55,27,富邦-桃園,2024-08-23,9665
2313,華通,36,10,26,富邦-桃園,2024-08-23,9665
2615,萬海,33,7,26,富邦-桃園,2024-08-23,9665
4513,福裕,33,7,26,富邦-桃園,2024-08-23,9665
2464,盟立,29,3,26,富邦-桃園,2024-08-23,9665
6156,松上,29,4,25,富邦-桃園,2024-08-23,9665
4979,華星光,30,5,25,富邦-桃園,2024-08-23,9665
5299,杰力,25,0,25,富邦-桃園,2024-08-23,9665
2317,鴻海,52,27,25,富邦-桃園,2024-08-23,9665
1584,精剛,32,7,25,富邦-桃園,2024-08-23,9665
1409,新纖,28,4,24,富邦-桃園,2024-08-23,9665
1444,力麗,24,0,24,富邦-桃園,2024-08-23,9665
2402,毅嘉,53,30,23,富邦-桃園,2024-08-23,9665
1447,力鵬,21,0,21,富邦-桃園,2024-08-23,9665
1721,三晃,299,279,20,富邦-桃園,2024-08-23,9665
00933B,國泰10Y+金融債,20,0,20,富邦-桃園,2024-08-23,9665
3363,上詮,40,20,20,富邦-桃園,2024-08-23,9665
3356,奇偶,22,2,20,富邦-桃園,2024-08-23,9665
2534,宏盛,20,0,20,富邦-桃園,2024-08-23,9665
2348,海悅,20,1,19,富邦-桃園,2024-08-23,9665
8096,擎亞,43,24,19,富邦-桃園,2024-08-23,9665
2486,一詮,29,10,19,富邦-桃園,2024-08-23,9665
00948B,中信優息投資級債,19,1,18,富邦-桃園,2024-08-23,9665
1514,亞力,59,40,19,富邦-桃園,2024-08-23,9665
00940,元大台灣價值高息,47,30,17,富邦-桃園,2024-08-23,9665
00900,富邦特選高股息30,19,3,16,富邦-桃園,2024-08-23,9665
4711,永純,16,0,16,富邦-桃園,2024-08-23,9665
2888,新光金,1762,1453,309,富邦-桃園,2024-08-26,9665
00687B,國泰20年美債,196,14,182,富邦-桃園,2024-08-26,9665
00712,復華富時不動產,155,16,139,富邦-桃園,2024-08-26,9665
00633L,富邦上証正2,105,0,105,富邦-桃園,2024-08-26,9665
00680L,元大美債20正2,114,13,101,富邦-桃園,2024-08-26,9665
00715L,期街口布蘭特正2,149,58,91,富邦-桃園,2024-08-26,9665
00642U,期元大S＆P石油,100,13,87,富邦-桃園,2024-08-26,9665
00882,中信中國高股息,81,1,80,富邦-桃園,2024-08-26,9665
00929,復華台灣科技優息,111,53,58,富邦-桃園,2024-08-26,9665
2891,中信金,102,45,57,富邦-桃園,2024-08-26,9665
00664R,國泰臺灣加權反1,50,0,50,富邦-桃園,2024-08-26,9665
5452,佶優,111,62,49,富邦-桃園,2024-08-26,9665
00878,國泰永續高股息,111,64,47,富邦-桃園,2024-08-26,9665
00637L,元大滬深300正2,40,0,40,富邦-桃園,2024-08-26,9665
1304,台聚,41,1,40,富邦-桃園,2024-08-26,9665
6156,松上,46,8,38,富邦-桃園,2024-08-26,9665
2409,友達,132,96,36,富邦-桃園,2024-08-26,9665
00919,群益台灣精選高息,57,21,36,富邦-桃園,2024-08-26,9665
2615,萬海,61,25,36,富邦-桃園,2024-08-26,9665
2618,長榮航,60,25,35,富邦-桃園,2024-08-26,9665
00706L,期元大S＆P日圓正2,35,0,35,富邦-桃園,2024-08-26,9665
6197,佳必琪,42,9,33,富邦-桃園,2024-08-26,9665
2365,昆盈,56,23,33,富邦-桃園,2024-08-26,9665
2317,鴻海,86,53,33,富邦-桃園,2024-08-26,9665
6190,萬泰科,32,0,32,富邦-桃園,2024-08-26,9665
3645,達邁,66,35,31,富邦-桃園,2024-08-26,9665
2402,毅嘉,120,89,31,富邦-桃園,2024-08-26,9665
3481,群創,50,21,29,富邦-桃園,2024-08-26,9665
2363,矽統,45,16,29,富邦-桃園,2024-08-26,9665
2377,微星,40,12,28,富邦-桃園,2024-08-26,9665
00927,群益半導體收益,28,2,26,富邦-桃園,2024-08-26,9665
5905,南仁湖,40,16,24,富邦-桃園,2024-08-26,9665
1570,力肯,22,0,22,富邦-桃園,2024-08-26,9665
3260,威剛,31,9,22,富邦-桃園,2024-08-26,9665
00935,野村臺灣新科技50,21,0,21,富邦-桃園,2024-08-26,9665
6134,萬旭,37,16,21,富邦-桃園,2024-08-26,9665
3535,晶彩科,51,30,21,富邦-桃園,2024-08-26,9665
1565,精華,20,0,20,富邦-桃園,2024-08-26,9665
00942B,台新美A公司債20+,20,0,20,富邦-桃園,2024-08-26,9665
00948B,中信優息投資級債,19,0,19,富邦-桃園,2024-08-26,9665
00936,台新永續高息中小,19,0,19,富邦-桃園,2024-08-26,9665
3715,定穎投控,56,37,19,富邦-桃園,2024-08-26,9665
2349,錸德,79,60,19,富邦-桃園,2024-08-26,9665
00795B,中信美國公債20年,22,5,17,富邦-桃園,2024-08-26,9665
6288,聯嘉,20,3,17,富邦-桃園,2024-08-26,9665
00945B,凱基美國非投等債,17,0,17,富邦-桃園,2024-08-26,9665
00881,國泰台灣5G+,30,13,17,富邦-桃園,2024-08-26,9665
006208,富邦台50,19,3,16,富邦-桃園,2024-08-26,9665
2331,精英,22,6,16,富邦-桃園,2024-08-26,9665
4174,浩鼎,16,1,15,富邦-桃園,2024-08-26,9665
00632R,元大台灣50反1,834,1,833,富邦-桃園,2024-08-27,9665
2610,華航,392,0,392,富邦-桃園,2024-08-27,9665
2891,中信金,379,3,376,富邦-桃園,2024-08-27,9665
00688L,國泰20年美債正2,181,0,181,富邦-桃園,2024-08-27,9665
00929,復華台灣科技優息,157,16,141,富邦-桃園,2024-08-27,9665
00712,復華富時不動產,122,8,114,富邦-桃園,2024-08-27,9665
00878,國泰永續高股息,95,7,88,富邦-桃園,2024-08-27,9665
00948B,中信優息投資級債,78,0,78,富邦-桃園,2024-08-27,9665
2409,友達,64,0,64,富邦-桃園,2024-08-27,9665
2615,萬海,96,33,63,富邦-桃園,2024-08-27,9665
00752,中信中國50,60,0,60,富邦-桃園,2024-08-27,9665
1612,宏泰,63,10,53,富邦-桃園,2024-08-27,9665
00635U,期元大S＆P黃金,50,0,50,富邦-桃園,2024-08-27,9665
2883,凱基金,53,7,46,富邦-桃園,2024-08-27,9665
2303,聯電,48,5,43,富邦-桃園,2024-08-27,9665
00679B,元大美債20年,40,0,40,富邦-桃園,2024-08-27,9665
6143,振曜,41,2,39,富邦-桃園,2024-08-27,9665
2609,陽明,48,14,34,富邦-桃園,2024-08-27,9665
1316,上曜,31,0,31,富邦-桃園,2024-08-27,9665
8086,宏捷科,30,0,30,富邦-桃園,2024-08-27,9665
2834,臺企銀,30,0,30,富邦-桃園,2024-08-27,9665
8027,鈦昇,33,4,29,富邦-桃園,2024-08-27,9665
4979,華星光,30,2,28,富邦-桃園,2024-08-27,9665
0056,元大高股息,41,14,27,富邦-桃園,2024-08-27,9665
00937B,群益ESG投等債20,43,17,26,富邦-桃園,2024-08-27,9665
00936,台新永續高息中小,31,5,26,富邦-桃園,2024-08-27,9665
00673R,期元大S＆P原油反1,26,0,26,富邦-桃園,2024-08-27,9665
2887,台新金,38,12,26,富邦-桃園,2024-08-27,9665
00922,國泰台灣領袖50,26,1,25,富邦-桃園,2024-08-27,9665
6209,今國光,25,0,25,富邦-桃園,2024-08-27,9665
1409,新纖,23,0,23,富邦-桃園,2024-08-27,9665
2356,英業達,22,0,22,富邦-桃園,2024-08-27,9665
1605,華新,24,4,20,富邦-桃園,2024-08-27,9665
2515,中工,35,17,18,富邦-桃園,2024-08-27,9665
00795B,中信美國公債20年,18,0,18,富邦-桃園,2024-08-27,9665
2317,鴻海,34,17,17,富邦-桃園,2024-08-27,9665
3037,欣興,27,10,17,富邦-桃園,2024-08-27,9665
00933B,國泰10Y+金融債,16,0,16,富邦-桃園,2024-08-27,9665
3260,威剛,21,6,15,富邦-桃園,2024-08-27,9665
9943,好樂迪,15,0,15,富邦-桃園,2024-08-27,9665
2399,映泰,31,17,14,富邦-桃園,2024-08-27,9665
6156,松上,14,0,14,富邦-桃園,2024-08-27,9665
4513,福裕,26,12,14,富邦-桃園,2024-08-27,9665
2429,銘旺科,14,0,14,富邦-桃園,2024-08-27,9665
3047,訊舟,40,26,14,富邦-桃園,2024-08-27,9665
2330,台積電,15,2,13,富邦-桃園,2024-08-27,9665
3149,正達,35,22,13,富邦-桃園,2024-08-27,9665
3036,文曄,20,8,12,富邦-桃園,2024-08-27,9665
3518,柏騰,12,0,12,富邦-桃園,2024-08-27,9665
3605,宏致,17,5,12,富邦-桃園,2024-08-27,9665
00959B,大華投等美債15Y+,191,0,191,富邦-桃園,2024-08-28,9665
2367,燿華,220,50,170,富邦-桃園,2024-08-28,9665
00680L,元大美債20正2,166,0,166,富邦-桃園,2024-08-28,9665
00915,凱基優選高股息30,161,0,161,富邦-桃園,2024-08-28,9665
00632R,元大台灣50反1,99,1,98,富邦-桃園,2024-08-28,9665
00687B,國泰20年美債,135,38,97,富邦-桃園,2024-08-28,9665
8064,東捷,98,19,79,富邦-桃園,2024-08-28,9665
00940,元大台灣價值高息,97,25,72,富邦-桃園,2024-08-28,9665
2891,中信金,93,22,71,富邦-桃園,2024-08-28,9665
8249,菱光,71,1,70,富邦-桃園,2024-08-28,9665
2888,新光金,726,658,68,富邦-桃園,2024-08-28,9665
9934,成霖,67,0,67,富邦-桃園,2024-08-28,9665
00679B,元大美債20年,129,67,62,富邦-桃園,2024-08-28,9665
00878,國泰永續高股息,91,31,60,富邦-桃園,2024-08-28,9665
00919,群益台灣精選高息,69,8,61,富邦-桃園,2024-08-28,9665
00633L,富邦上証正2,57,4,53,富邦-桃園,2024-08-28,9665
00688L,國泰20年美債正2,73,22,51,富邦-桃園,2024-08-28,9665
00637L,元大滬深300正2,46,0,46,富邦-桃園,2024-08-28,9665
2425,承啟,53,11,42,富邦-桃園,2024-08-28,9665
00953B,群益優選非投等債,40,0,40,富邦-桃園,2024-08-28,9665
00929,復華台灣科技優息,140,103,37,富邦-桃園,2024-08-28,9665
2409,友達,115,80,35,富邦-桃園,2024-08-28,9665
2464,盟立,54,21,33,富邦-桃園,2024-08-28,9665
3645,達邁,36,5,31,富邦-桃園,2024-08-28,9665
2543,皇昌,47,17,30,富邦-桃園,2024-08-28,9665
2365,昆盈,57,27,30,富邦-桃園,2024-08-28,9665
2392,正崴,40,10,30,富邦-桃園,2024-08-28,9665
1597,直得,52,23,29,富邦-桃園,2024-08-28,9665
00936,台新永續高息中小,27,0,27,富邦-桃園,2024-08-28,9665
3715,定穎投控,75,50,25,富邦-桃園,2024-08-28,9665
4526,東台,51,30,21,富邦-桃園,2024-08-28,9665
6418,詠昇,21,0,21,富邦-桃園,2024-08-28,9665
2402,毅嘉,40,20,20,富邦-桃園,2024-08-28,9665
1307,三芳,20,0,20,富邦-桃園,2024-08-28,9665
5903,全家,20,0,20,富邦-桃園,2024-08-28,9665
6412,群電,20,0,20,富邦-桃園,2024-08-28,9665
5871,中租-KY,20,0,20,富邦-桃園,2024-08-28,9665
2834,臺企銀,19,0,19,富邦-桃園,2024-08-28,9665
8028,昇陽半導體,41,23,18,富邦-桃園,2024-08-28,9665
3024,憶聲,18,0,18,富邦-桃園,2024-08-28,9665
00948B,中信優息投資級債,29,12,17,富邦-桃園,2024-08-28,9665
5443,均豪,169,153,16,富邦-桃園,2024-08-28,9665
6405,悅城,18,2,16,富邦-桃園,2024-08-28,9665
8011,台通,45,29,16,富邦-桃園,2024-08-28,9665
3498,陽程,44,30,14,富邦-桃園,2024-08-28,9665
1108,幸福,13,0,13,富邦-桃園,2024-08-28,9665
6438,迅得,14,1,13,富邦-桃園,2024-08-28,9665
8121,越峰,21,8,13,富邦-桃園,2024-08-28,9665
6143,振曜,46,34,12,富邦-桃園,2024-08-28,9665
2886,兆豐金,12,0,12,富邦-桃園,2024-08-28,9665
2891,中信金,227,50,177,富邦-桃園,2024-08-29,9665
3081,聯亞,173,29,144,富邦-桃園,2024-08-29,9665
00679B,元大美債20年,152,31,121,富邦-桃園,2024-08-29,9665
00673R,期元大S＆P原油反1,111,1,110,富邦-桃園,2024-08-29,9665
00687B,國泰20年美債,154,53,101,富邦-桃園,2024-08-29,9665
00937B,群益ESG投等債20,120,22,98,富邦-桃園,2024-08-29,9665
00933B,國泰10Y+金融債,89,3,86,富邦-桃園,2024-08-29,9665
3550,聯穎,94,16,78,富邦-桃園,2024-08-29,9665
00948B,中信優息投資級債,74,0,74,富邦-桃園,2024-08-29,9665
1314,中石化,122,57,65,富邦-桃園,2024-08-29,9665
00680L,元大美債20正2,103,40,63,富邦-桃園,2024-08-29,9665
6284,佳邦,62,1,61,富邦-桃園,2024-08-29,9665
2610,華航,62,3,59,富邦-桃園,2024-08-29,9665
8086,宏捷科,62,3,59,富邦-桃園,2024-08-29,9665
00753L,中信中國50正2,53,0,53,富邦-桃園,2024-08-29,9665
9934,成霖,50,0,50,富邦-桃園,2024-08-29,9665
00918,大華優利高填息30,48,0,48,富邦-桃園,2024-08-29,9665
00929,復華台灣科技優息,175,127,48,富邦-桃園,2024-08-29,9665
00940,元大台灣價值高息,103,56,47,富邦-桃園,2024-08-29,9665
2002,中鋼,52,6,46,富邦-桃園,2024-08-29,9665
5443,均豪,192,149,43,富邦-桃園,2024-08-29,9665
2317,鴻海,72,30,42,富邦-桃園,2024-08-29,9665
00635U,期元大S＆P黃金,40,0,40,富邦-桃園,2024-08-29,9665
00674R,期元大S＆P黃金反1,39,0,39,富邦-桃園,2024-08-29,9665
4510,高鋒,138,101,37,富邦-桃園,2024-08-29,9665
2330,台積電,40,3,37,富邦-桃園,2024-08-29,9665
2102,泰豐,36,0,36,富邦-桃園,2024-08-29,9665
2867,三商壽,34,0,34,富邦-桃園,2024-08-29,9665
6151,晉倫,55,22,33,富邦-桃園,2024-08-29,9665
00751B,元大AAA至A公司債,36,4,32,富邦-桃園,2024-08-29,9665
3481,群創,188,156,32,富邦-桃園,2024-08-29,9665
00715L,期街口布蘭特正2,31,0,31,富邦-桃園,2024-08-29,9665
00830,國泰費城半導體,31,1,30,富邦-桃園,2024-08-29,9665
3673,TPK-KY,37,11,26,富邦-桃園,2024-08-29,9665
00942B,台新美A公司債20+,26,0,26,富邦-桃園,2024-08-29,9665
1540,喬福,104,79,25,富邦-桃園,2024-08-29,9665
00922,國泰台灣領袖50,26,1,25,富邦-桃園,2024-08-29,9665
3294,英濟,23,0,23,富邦-桃園,2024-08-29,9665
00795B,中信美國公債20年,22,0,22,富邦-桃園,2024-08-29,9665
4127,天良,21,0,21,富邦-桃園,2024-08-29,9665
2887,台新金,22,1,21,富邦-桃園,2024-08-29,9665
00688L,國泰20年美債正2,30,10,20,富邦-桃園,2024-08-29,9665
4927,泰鼎-KY,20,0,20,富邦-桃園,2024-08-29,9665
1905,華紙,20,0,20,富邦-桃園,2024-08-29,9665
3360,尚立,20,0,20,富邦-桃園,2024-08-29,9665
6603,富強鑫,48,29,19,富邦-桃園,2024-08-29,9665
2801,彰銀,21,2,19,富邦-桃園,2024-08-29,9665
4303,信立,35,16,19,富邦-桃園,2024-08-29,9665
2356,英業達,23,4,19,富邦-桃園,2024-08-29,9665
2834,臺企銀,20,2,18,富邦-桃園,2024-08-29,9665
00680L,元大美債20正2,466,73,393,富邦-桃園,2024-08-30,9665
00687B,國泰20年美債,254,2,252,富邦-桃園,2024-08-30,9665
00688L,國泰20年美債正2,197,0,197,富邦-桃園,2024-08-30,9665
1513,中興電,185,7,178,富邦-桃園,2024-08-30,9665
00959B,大華投等美債15Y+,132,0,132,富邦-桃園,2024-08-30,9665
00919,群益台灣精選高息,184,58,126,富邦-桃園,2024-08-30,9665
3481,群創,257,132,125,富邦-桃園,2024-08-30,9665
00712,復華富時不動產,162,52,110,富邦-桃園,2024-08-30,9665
1711,永光,202,93,109,富邦-桃園,2024-08-30,9665
2610,華航,115,14,101,富邦-桃園,2024-08-30,9665
00937B,群益ESG投等債20,139,41,98,富邦-桃園,2024-08-30,9665
00929,復華台灣科技優息,154,66,88,富邦-桃園,2024-08-30,9665
3227,原相,86,3,83,富邦-桃園,2024-08-30,9665
2891,中信金,79,0,79,富邦-桃園,2024-08-30,9665
2312,金寶,70,6,64,富邦-桃園,2024-08-30,9665
2356,英業達,71,8,63,富邦-桃園,2024-08-30,9665
00674R,期元大S＆P黃金反1,61,0,61,富邦-桃園,2024-08-30,9665
00795B,中信美國公債20年,70,10,60,富邦-桃園,2024-08-30,9665
00948B,中信優息投資級債,51,0,51,富邦-桃園,2024-08-30,9665
6215,和椿,91,41,50,富邦-桃園,2024-08-30,9665
00633L,富邦上証正2,61,15,46,富邦-桃園,2024-08-30,9665
00751B,元大AAA至A公司債,45,0,45,富邦-桃園,2024-08-30,9665
4561,健椿,48,7,41,富邦-桃園,2024-08-30,9665
00918,大華優利高填息30,41,3,38,富邦-桃園,2024-08-30,9665
2409,友達,37,0,37,富邦-桃園,2024-08-30,9665
4526,東台,226,191,35,富邦-桃園,2024-08-30,9665
6609,瀧澤科,39,4,35,富邦-桃園,2024-08-30,9665
2367,燿華,114,80,34,富邦-桃園,2024-08-30,9665
00671R,富邦NASDAQ反1,33,0,33,富邦-桃園,2024-08-30,9665
2392,正崴,52,20,32,富邦-桃園,2024-08-30,9665
3013,晟銘電,46,16,30,富邦-桃園,2024-08-30,9665
5880,合庫金,28,1,27,富邦-桃園,2024-08-30,9665
8086,宏捷科,50,23,27,富邦-桃園,2024-08-30,9665
2464,盟立,31,6,25,富邦-桃園,2024-08-30,9665
3374,精材,39,15,24,富邦-桃園,2024-08-30,9665
8111,立��,37,14,23,富邦-桃園,2024-08-30,9665
6213,聯茂,34,11,23,富邦-桃園,2024-08-30,9665
3535,晶彩科,24,3,21,富邦-桃園,2024-08-30,9665
2431,聯昌,20,0,20,富邦-桃園,2024-08-30,9665
8277,商丞,20,0,20,富邦-桃園,2024-08-30,9665
2883,凱基金,25,5,20,富邦-桃園,2024-08-30,9665
3645,達邁,58,38,20,富邦-桃園,2024-08-30,9665
2382,廣達,24,4,20,富邦-桃園,2024-08-30,9665
6284,佳邦,21,2,19,富邦-桃園,2024-08-30,9665
1314,中石化,28,10,18,富邦-桃園,2024-08-30,9665
4420,光明,18,0,18,富邦-桃園,2024-08-30,9665
4909,新復興,46,28,18,富邦-桃園,2024-08-30,9665
2515,中工,17,0,17,富邦-桃園,2024-08-30,9665
4976,佳凌,17,0,17,富邦-桃園,2024-08-30,9665
2102,泰豐,19,2,17,富邦-桃園,2024-08-30,9665
3062,建漢,725,37,688,富邦-桃園,2024-09-02,9665
00680L,元大美債20正2,454,40,414,富邦-桃園,2024-09-02,9665
00937B,群益ESG投等債20,355,22,333,富邦-桃園,2024-09-02,9665
00687B,國泰20年美債,319,26,293,富邦-桃園,2024-09-02,9665
00795B,中信美國公債20年,246,65,181,富邦-桃園,2024-09-02,9665
00715L,期街口布蘭特正2,249,103,146,富邦-桃園,2024-09-02,9665
00919,群益台灣精選高息,142,0,142,富邦-桃園,2024-09-02,9665
00688L,國泰20年美債正2,132,0,132,富邦-桃園,2024-09-02,9665
00959B,大華投等美債15Y+,122,0,122,富邦-桃園,2024-09-02,9665
00953B,群益優選非投等債,116,0,116,富邦-桃園,2024-09-02,9665
8105,凌巨,153,50,103,富邦-桃園,2024-09-02,9665
2891,中信金,112,26,86,富邦-桃園,2024-09-02,9665
00915,凱基優選高股息30,79,0,79,富邦-桃園,2024-09-02,9665
00637L,元大滬深300正2,77,0,77,富邦-桃園,2024-09-02,9665
00633L,富邦上証正2,88,12,76,富邦-桃園,2024-09-02,9665
00918,大華優利高填息30,60,1,59,富邦-桃園,2024-09-02,9665
00764B,群益25年美債,56,0,56,富邦-桃園,2024-09-02,9665
00923,群益台ESG低碳50,54,0,54,富邦-桃園,2024-09-02,9665
1815,富喬,61,10,51,富邦-桃園,2024-09-02,9665
2845,遠東銀,52,2,50,富邦-桃園,2024-09-02,9665
00753L,中信中國50正2,50,0,50,富邦-桃園,2024-09-02,9665
00679B,元大美債20年,57,11,46,富邦-桃園,2024-09-02,9665
00713,元大台灣高息低波,47,0,47,富邦-桃園,2024-09-02,9665
4526,東台,78,35,43,富邦-桃園,2024-09-02,9665
1314,中石化,44,6,38,富邦-桃園,2024-09-02,9665
00882,中信中國高股息,38,1,37,富邦-桃園,2024-09-02,9665
00948B,中信優息投資級債,37,0,37,富邦-桃園,2024-09-02,9665
6213,聯茂,40,4,36,富邦-桃園,2024-09-02,9665
3518,柏騰,36,2,34,富邦-桃園,2024-09-02,9665
3081,聯亞,72,40,32,富邦-桃園,2024-09-02,9665
00933B,國泰10Y+金融債,30,0,30,富邦-桃園,2024-09-02,9665
2313,華通,73,44,29,富邦-桃園,2024-09-02,9665
2537,聯上發,37,10,27,富邦-桃園,2024-09-02,9665
2008,高興昌,29,3,26,富邦-桃園,2024-09-02,9665
1905,華紙,25,0,25,富邦-桃園,2024-09-02,9665
2409,友達,25,2,23,富邦-桃園,2024-09-02,9665
1301,台塑,23,0,23,富邦-桃園,2024-09-02,9665
4420,光明,29,7,22,富邦-桃園,2024-09-02,9665
00878,國泰永續高股息,51,29,22,富邦-桃園,2024-09-02,9665
3228,金麗科,22,0,22,富邦-桃園,2024-09-02,9665
00706L,期元大S＆P日圓正2,21,0,21,富邦-桃園,2024-09-02,9665
00942B,台新美A公司債20+,20,0,20,富邦-桃園,2024-09-02,9665
00751B,元大AAA至A公司債,20,0,20,富邦-桃園,2024-09-02,9665
6134,萬旭,20,0,20,富邦-桃園,2024-09-02,9665
00887,永豐中國科技50大,20,0,20,富邦-桃園,2024-09-02,9665
00642U,期元大S＆P石油,19,0,19,富邦-桃園,2024-09-02,9665
1303,南亞,20,1,19,富邦-桃園,2024-09-02,9665
1609,大亞,20,4,16,富邦-桃園,2024-09-02,9665
3041,揚智,16,0,16,富邦-桃園,2024-09-02,9665
3490,單井,15,0,15,富邦-桃園,2024-09-02,9665
2888,新光金,660,238,422,富邦-桃園,2024-09-03,9665
00919,群益台灣精選高息,230,20,210,富邦-桃園,2024-09-03,9665
00937B,群益ESG投等債20,240,48,192,富邦-桃園,2024-09-03,9665
00929,復華台灣科技優息,310,124,186,富邦-桃園,2024-09-03,9665
00687B,國泰20年美債,165,9,156,富邦-桃園,2024-09-03,9665
00882,中信中國高股息,139,0,139,富邦-桃園,2024-09-03,9665
00679B,元大美債20年,136,1,135,富邦-桃園,2024-09-03,9665
3062,建漢,168,41,127,富邦-桃園,2024-09-03,9665
00918,大華優利高填息30,114,13,101,富邦-桃園,2024-09-03,9665
4714,永捷,147,52,95,富邦-桃園,2024-09-03,9665
00878,國泰永續高股息,109,20,89,富邦-桃園,2024-09-03,9665
1101,台泥,89,3,86,富邦-桃園,2024-09-03,9665
2313,華通,125,43,82,富邦-桃園,2024-09-03,9665
00650L,復華香港正2,72,0,72,富邦-桃園,2024-09-03,9665
2241,艾姆勒,69,6,63,富邦-桃園,2024-09-03,9665
2337,旺宏,60,3,57,富邦-桃園,2024-09-03,9665
3481,群創,105,52,53,富邦-桃園,2024-09-03,9665
2883,凱基金,54,1,53,富邦-桃園,2024-09-03,9665
00637L,元大滬深300正2,53,0,53,富邦-桃園,2024-09-03,9665
00915,凱基優選高股息30,53,1,52,富邦-桃園,2024-09-03,9665
6188,廣明,70,21,49,富邦-桃園,2024-09-03,9665
00713,元大台灣高息低波,45,6,39,富邦-桃園,2024-09-03,9665
3006,晶豪科,39,0,39,富邦-桃園,2024-09-03,9665
6770,力積電,37,0,37,富邦-桃園,2024-09-03,9665
6418,詠昇,35,0,35,富邦-桃園,2024-09-03,9665
1608,華榮,34,0,34,富邦-桃園,2024-09-03,9665
1455,集盛,30,0,30,富邦-桃園,2024-09-03,9665
0056,元大高股息,34,4,30,富邦-桃園,2024-09-03,9665
3037,欣興,30,1,29,富邦-桃園,2024-09-03,9665
5876,上海商銀,28,0,28,富邦-桃園,2024-09-03,9665
2486,一詮,61,34,27,富邦-桃園,2024-09-03,9665
8105,凌巨,42,15,27,富邦-桃園,2024-09-03,9665
6151,晉倫,42,15,27,富邦-桃園,2024-09-03,9665
1815,富喬,154,129,25,富邦-桃園,2024-09-03,9665
2354,鴻準,25,2,23,富邦-桃園,2024-09-03,9665
2362,藍天,22,0,22,富邦-桃園,2024-09-03,9665
1303,南亞,23,1,22,富邦-桃園,2024-09-03,9665
1612,宏泰,20,0,20,富邦-桃園,2024-09-03,9665
00655L,國泰中國A50正2,20,0,20,富邦-桃園,2024-09-03,9665
00939,統一台灣高息動能,32,12,20,富邦-桃園,2024-09-03,9665
2002,中鋼,26,9,17,富邦-桃園,2024-09-03,9665
9958,世紀鋼,27,9,18,富邦-桃園,2024-09-03,9665
3522,御嵿,17,0,17,富邦-桃園,2024-09-03,9665
3013,晟銘電,41,24,17,富邦-桃園,2024-09-03,9665
6143,振曜,20,4,16,富邦-桃園,2024-09-03,9665
00680L,元大美債20正2,81,65,16,富邦-桃園,2024-09-03,9665
00948B,中信優息投資級債,15,0,15,富邦-桃園,2024-09-03,9665
3167,大量,51,37,14,富邦-桃園,2024-09-03,9665
8028,昇陽半導體,33,19,14,富邦-桃園,2024-09-03,9665
3624,光頡,35,22,13,富邦-桃園,2024-09-03,9665
00632R,元大台灣50反1,1292,265,1027,富邦-桃園,2024-09-04,9665
00919,群益台灣精選高息,807,152,655,富邦-桃園,2024-09-04,9665
00878,國泰永續高股息,494,36,458,富邦-桃園,2024-09-04,9665
00940,元大台灣價值高息,490,72,418,富邦-桃園,2024-09-04,9665
2610,華航,328,15,313,富邦-桃園,2024-09-04,9665
00687B,國泰20年美債,384,109,275,富邦-桃園,2024-09-04,9665
0056,元大高股息,240,11,229,富邦-桃園,2024-09-04,9665
2883,凱基金,218,3,215,富邦-桃園,2024-09-04,9665
00715L,期街口布蘭特正2,213,0,213,富邦-桃園,2024-09-04,9665
00918,大華優利高填息30,316,125,191,富邦-桃園,2024-09-04,9665
2891,中信金,245,90,155,富邦-桃園,2024-09-04,9665
2330,台積電,166,21,145,富邦-桃園,2024-09-04,9665
3037,欣興,153,10,143,富邦-桃園,2024-09-04,9665
2618,長榮航,185,56,129,富邦-桃園,2024-09-04,9665
00891,中信關鍵半導體,122,1,121,富邦-桃園,2024-09-04,9665
00915,凱基優選高股息30,134,14,120,富邦-桃園,2024-09-04,9665
00929,復華台灣科技優息,637,534,103,富邦-桃園,2024-09-04,9665
3481,群創,134,34,100,富邦-桃園,2024-09-04,9665
00688L,國泰20年美債正2,105,8,97,富邦-桃園,2024-09-04,9665
1301,台塑,108,13,95,富邦-桃園,2024-09-04,9665
2303,聯電,99,4,95,富邦-桃園,2024-09-04,9665
4510,高鋒,316,224,92,富邦-桃園,2024-09-04,9665
2313,華通,103,12,91,富邦-桃園,2024-09-04,9665
006208,富邦台50,87,7,80,富邦-桃園,2024-09-04,9665
00946,群益科技高息成長,76,4,72,富邦-桃園,2024-09-04,9665
2002,中鋼,85,15,70,富邦-桃園,2024-09-04,9665
0050,元大台灣50,77,8,69,富邦-桃園,2024-09-04,9665
6770,力積電,80,13,67,富邦-桃園,2024-09-04,9665
00712,復華富時不動產,66,3,63,富邦-桃園,2024-09-04,9665
1540,喬福,179,116,63,富邦-桃園,2024-09-04,9665
00830,國泰費城半導體,62,0,62,富邦-桃園,2024-09-04,9665
00881,國泰台灣5G+,57,0,57,富邦-桃園,2024-09-04,9665
2317,鴻海,191,135,56,富邦-桃園,2024-09-04,9665
1303,南亞,62,6,56,富邦-桃園,2024-09-04,9665
00752,中信中國50,60,5,55,富邦-桃園,2024-09-04,9665
00923,群益台ESG低碳50,76,22,54,富邦-桃園,2024-09-04,9665
2382,廣達,84,32,52,富邦-桃園,2024-09-04,9665
00650L,復華香港正2,59,10,49,富邦-桃園,2024-09-04,9665
00942B,台新美A公司債20+,48,0,48,富邦-桃園,2024-09-04,9665
1314,中石化,46,0,46,富邦-桃園,2024-09-04,9665
2867,三商壽,44,0,44,富邦-桃園,2024-09-04,9665
2329,華泰,44,0,44,富邦-桃園,2024-09-04,9665
00941,中信上游半導體,44,2,42,富邦-桃園,2024-09-04,9665
2615,萬海,54,15,39,富邦-桃園,2024-09-04,9665
2834,臺企銀,39,1,38,富邦-桃園,2024-09-04,9665
5880,合庫金,37,0,37,富邦-桃園,2024-09-04,9665
2337,旺宏,82,45,37,富邦-桃園,2024-09-04,9665
00951,台新日本半導體,36,0,36,富邦-桃園,2024-09-04,9665
00680L,元大美債20正2,203,167,36,富邦-桃園,2024-09-04,9665
00935,野村臺灣新科技50,38,2,36,富邦-桃園,2024-09-04,9665
00937B,群益ESG投等債20,842,111,731,富邦-桃園,2024-09-05,9665
00919,群益台灣精選高息,551,37,514,富邦-桃園,2024-09-05,9665
00715L,期街口布蘭特正2,369,6,363,富邦-桃園,2024-09-05,9665
00929,復華台灣科技優息,289,32,257,富邦-桃園,2024-09-05,9665
00706L,期元大S＆P日圓正2,189,0,189,富邦-桃園,2024-09-05,9665
00687B,國泰20年美債,176,24,152,富邦-桃園,2024-09-05,9665
00878,國泰永續高股息,158,31,127,富邦-桃園,2024-09-05,9665
00632R,元大台灣50反1,174,59,115,富邦-桃園,2024-09-05,9665
6213,聯茂,116,10,106,富邦-桃園,2024-09-05,9665
00764B,群益25年美債,106,0,106,富邦-桃園,2024-09-05,9665
2352,佳世達,108,7,101,富邦-桃園,2024-09-05,9665
00940,元大台灣價值高息,115,16,99,富邦-桃園,2024-09-05,9665
3481,群創,93,9,84,富邦-桃園,2024-09-05,9665
2317,鴻海,115,44,71,富邦-桃園,2024-09-05,9665
2337,旺宏,73,2,71,富邦-桃園,2024-09-05,9665
00712,復華富時不動產,87,20,67,富邦-桃園,2024-09-05,9665
00948B,中信優息投資級債,95,30,65,富邦-桃園,2024-09-05,9665
2409,友達,72,11,61,富邦-桃園,2024-09-05,9665
00882,中信中國高股息,110,50,60,富邦-桃園,2024-09-05,9665
0056,元大高股息,61,1,60,富邦-桃園,2024-09-05,9665
00930,永豐ESG低碳高息,59,0,59,富邦-桃園,2024-09-05,9665
3437,榮創,56,2,54,富邦-桃園,2024-09-05,9665
2408,南亞科,53,5,48,富邦-桃園,2024-09-05,9665
2888,新光金,138,99,39,富邦-桃園,2024-09-05,9665
00946,群益科技高息成長,38,0,38,富邦-桃園,2024-09-05,9665
2367,燿華,49,12,37,富邦-桃園,2024-09-05,9665
5905,南仁湖,65,28,37,富邦-桃園,2024-09-05,9665
2344,華邦電,35,0,35,富邦-桃園,2024-09-05,9665
00915,凱基優選高股息30,34,0,34,富邦-桃園,2024-09-05,9665
3289,宜特,34,0,34,富邦-桃園,2024-09-05,9665
2834,臺企銀,36,3,33,富邦-桃園,2024-09-05,9665
2241,艾姆勒,41,8,33,富邦-桃園,2024-09-05,9665
00671R,富邦NASDAQ反1,32,0,32,富邦-桃園,2024-09-05,9665
00951,台新日本半導體,31,0,31,富邦-桃園,2024-09-05,9665
00637L,元大滬深300正2,33,2,31,富邦-桃園,2024-09-05,9665
8155,博智,30,0,30,富邦-桃園,2024-09-05,9665
3260,威剛,31,1,30,富邦-桃園,2024-09-05,9665
00642U,期元大S＆P石油,28,0,28,富邦-桃園,2024-09-05,9665
2891,中信金,65,38,27,富邦-桃園,2024-09-05,9665
2486,一詮,52,25,27,富邦-桃園,2024-09-05,9665
3081,聯亞,40,14,26,富邦-桃園,2024-09-05,9665
0050,元大台灣50,30,5,25,富邦-桃園,2024-09-05,9665
3374,精材,86,61,25,富邦-桃園,2024-09-05,9665
2402,毅嘉,102,78,24,富邦-桃園,2024-09-05,9665
00713,元大台灣高息低波,20,0,20,富邦-桃園,2024-09-05,9665
1711,永光,43,23,20,富邦-桃園,2024-09-05,9665
6169,昱泉,20,0,20,富邦-桃園,2024-09-05,9665
00941,中信上游半導體,20,1,19,富邦-桃園,2024-09-05,9665
1618,合機,21,2,19,富邦-桃園,2024-09-05,9665
5608,四維航,18,0,18,富邦-桃園,2024-09-05,9665
00931B,統一美債20年,301,21,280,富邦-桃園,2024-09-06,9665
00632R,元大台灣50反1,302,112,190,富邦-桃園,2024-09-06,9665
00637L,元大滬深300正2,180,0,180,富邦-桃園,2024-09-06,9665
00919,群益台灣精選高息,125,22,103,富邦-桃園,2024-09-06,9665
00715L,期街口布蘭特正2,101,0,101,富邦-桃園,2024-09-06,9665
00712,復華富時不動產,79,7,72,富邦-桃園,2024-09-06,9665
00915,凱基優選高股息30,69,0,69,富邦-桃園,2024-09-06,9665
2888,新光金,162,98,64,富邦-桃園,2024-09-06,9665
3437,榮創,88,35,53,富邦-桃園,2024-09-06,9665
2845,遠東銀,53,2,51,富邦-桃園,2024-09-06,9665
3081,聯亞,45,0,45,富邦-桃園,2024-09-06,9665
1455,集盛,45,0,45,富邦-桃園,2024-09-06,9665
2002,中鋼,57,16,41,富邦-桃園,2024-09-06,9665
00959B,大華投等美債15Y+,40,0,40,富邦-桃園,2024-09-06,9665
00918,大華優利高填息30,38,1,37,富邦-桃園,2024-09-06,9665
6186,新潤,33,0,33,富邦-桃園,2024-09-06,9665
6215,和椿,79,49,30,富邦-桃園,2024-09-06,9665
3390,旭軟,29,0,29,富邦-桃園,2024-09-06,9665
00936,台新永續高息中小,33,5,28,富邦-桃園,2024-09-06,9665
8011,台通,42,14,28,富邦-桃園,2024-09-06,9665
00949,復華日本龍頭,27,0,27,富邦-桃園,2024-09-06,9665
2344,華邦電,27,1,26,富邦-桃園,2024-09-06,9665
2409,友達,28,3,25,富邦-桃園,2024-09-06,9665
3481,群創,80,56,24,富邦-桃園,2024-09-06,9665
00951,台新日本半導體,22,0,22,富邦-桃園,2024-09-06,9665
1711,永光,24,2,22,富邦-桃園,2024-09-06,9665
1815,富喬,96,74,22,富邦-桃園,2024-09-06,9665
6806,森崴能源,30,9,21,富邦-桃園,2024-09-06,9665
00713,元大台灣高息低波,21,0,21,富邦-桃園,2024-09-06,9665
1447,力鵬,20,0,20,富邦-桃園,2024-09-06,9665
4967,十銓,21,1,20,富邦-桃園,2024-09-06,9665
6757,台灣虎航,31,12,19,富邦-桃園,2024-09-06,9665
8028,昇陽半導體,25,7,18,富邦-桃園,2024-09-06,9665
2313,華通,28,11,17,富邦-桃園,2024-09-06,9665
00933B,國泰10Y+金融債,49,32,17,富邦-桃園,2024-09-06,9665
00878,國泰永續高股息,39,22,17,富邦-桃園,2024-09-06,9665
2891,中信金,56,40,16,富邦-桃園,2024-09-06,9665
6770,力積電,19,4,15,富邦-桃園,2024-09-06,9665
3260,威剛,15,0,15,富邦-桃園,2024-09-06,9665
2497,怡利電,41,26,15,富邦-桃園,2024-09-06,9665
00946,群益科技高息成長,15,0,15,富邦-桃園,2024-09-06,9665
00945B,凱基美國非投等債,15,1,14,富邦-桃園,2024-09-06,9665
00679B,元大美債20年,25,11,14,富邦-桃園,2024-09-06,9665
00830,國泰費城半導體,13,0,13,富邦-桃園,2024-09-06,9665
00642U,期元大S＆P石油,13,0,13,富邦-桃園,2024-09-06,9665
00688L,國泰20年美債正2,14,1,13,富邦-桃園,2024-09-06,9665
2408,南亞科,21,8,13,富邦-桃園,2024-09-06,9665
2101,南港,14,2,12,富邦-桃園,2024-09-06,9665
6405,悅城,106,94,12,富邦-桃園,2024-09-06,9665
3540,曜越,11,0,11,富邦-桃園,2024-09-06,9665
00919,群益台灣精選高息,375,32,343,富邦-桃園,2024-09-09,9665
2888,新光金,352,72,280,富邦-桃園,2024-09-09,9665
3062,建漢,216,5,211,富邦-桃園,2024-09-09,9665
00878,國泰永續高股息,195,5,190,富邦-桃園,2024-09-09,9665
00715L,期街口布蘭特正2,217,35,182,富邦-桃園,2024-09-09,9665
00929,復華台灣科技優息,279,106,173,富邦-桃園,2024-09-09,9665
00882,中信中國高股息,154,20,134,富邦-桃園,2024-09-09,9665
5234,達興材料,115,1,114,富邦-桃園,2024-09-09,9665
00915,凱基優選高股息30,106,0,106,富邦-桃園,2024-09-09,9665
00665L,富邦�琤肭磪囓�2,101,0,101,富邦-桃園,2024-09-09,9665
2881,富邦金,89,2,87,富邦-桃園,2024-09-09,9665
00753L,中信中國50正2,77,0,77,富邦-桃園,2024-09-09,9665
2317,鴻海,89,24,65,富邦-桃園,2024-09-09,9665
2891,中信金,83,20,63,富邦-桃園,2024-09-09,9665
3003,健和興,51,0,51,富邦-桃園,2024-09-09,9665
2515,中工,54,3,51,富邦-桃園,2024-09-09,9665
0056,元大高股息,56,7,49,富邦-桃園,2024-09-09,9665
00881,國泰台灣5G+,51,3,48,富邦-桃園,2024-09-09,9665
00918,大華優利高填息30,48,0,48,富邦-桃園,2024-09-09,9665
2330,台積電,44,3,41,富邦-桃園,2024-09-09,9665
00713,元大台灣高息低波,42,3,39,富邦-桃園,2024-09-09,9665
1314,中石化,40,2,38,富邦-桃園,2024-09-09,9665
2439,美律,39,3,36,富邦-桃園,2024-09-09,9665
6770,力積電,35,0,35,富邦-桃園,2024-09-09,9665
2382,廣達,66,31,35,富邦-桃園,2024-09-09,9665
2313,華通,45,12,33,富邦-桃園,2024-09-09,9665
2615,萬海,32,1,31,富邦-桃園,2024-09-09,9665
006208,富邦台50,35,5,30,富邦-桃園,2024-09-09,9665
4746,台耀,30,0,30,富邦-桃園,2024-09-09,9665
2883,凱基金,123,94,29,富邦-桃園,2024-09-09,9665
9105,泰金寶-DR,28,0,28,富邦-桃園,2024-09-09,9665
00951,台新日本半導體,27,0,27,富邦-桃園,2024-09-09,9665
0050,元大台灣50,32,7,25,富邦-桃園,2024-09-09,9665
3081,聯亞,32,7,25,富邦-桃園,2024-09-09,9665
2002,中鋼,35,11,24,富邦-桃園,2024-09-09,9665
00941,中信上游半導體,24,1,23,富邦-桃園,2024-09-09,9665
00688L,國泰20年美債正2,21,0,21,富邦-桃園,2024-09-09,9665
00947,台新臺灣IC設計,21,0,21,富邦-桃園,2024-09-09,9665
8088,品安,20,0,20,富邦-桃園,2024-09-09,9665
00952,凱基台灣AI50,19,0,19,富邦-桃園,2024-09-09,9665
2349,錸德,35,16,19,富邦-桃園,2024-09-09,9665
2489,瑞軒,23,5,18,富邦-桃園,2024-09-09,9665
3624,光頡,17,0,17,富邦-桃園,2024-09-09,9665
00637L,元大滬深300正2,87,70,17,富邦-桃園,2024-09-09,9665
00751B,元大AAA至A公司債,17,0,17,富邦-桃園,2024-09-09,9665
00934,中信成長高股息,17,2,15,富邦-桃園,2024-09-09,9665
00945B,凱基美國非投等債,15,0,15,富邦-桃園,2024-09-09,9665
5452,佶優,14,0,14,富邦-桃園,2024-09-09,9665
00930,永豐ESG低碳高息,14,0,14,富邦-桃園,2024-09-09,9665
2308,台達電,16,2,14,富邦-桃園,2024-09-09,9665
00919,群益台灣精選高息,319,34,285,富邦-桃園,2024-09-10,9665
00680L,元大美債20正2,376,150,226,富邦-桃園,2024-09-10,9665
00929,復華台灣科技優息,277,61,216,富邦-桃園,2024-09-10,9665
2313,華通,167,17,150,富邦-桃園,2024-09-10,9665
00915,凱基優選高股息30,152,4,148,富邦-桃園,2024-09-10,9665
00918,大華優利高填息30,123,8,115,富邦-桃園,2024-09-10,9665
00688L,國泰20年美債正2,184,77,107,富邦-桃園,2024-09-10,9665
3003,健和興,103,3,100,富邦-桃園,2024-09-10,9665
00878,國泰永續高股息,125,26,99,富邦-桃園,2024-09-10,9665
2344,華邦電,94,0,94,富邦-桃園,2024-09-10,9665
6706,惠特,109,19,90,富邦-桃園,2024-09-10,9665
00712,復華富時不動產,102,24,78,富邦-桃園,2024-09-10,9665
1314,中石化,87,10,77,富邦-桃園,2024-09-10,9665
3081,聯亞,77,0,77,富邦-桃園,2024-09-10,9665
2368,金像電,70,3,67,富邦-桃園,2024-09-10,9665
0056,元大高股息,73,6,67,富邦-桃園,2024-09-10,9665
00940,元大台灣價值高息,121,59,62,富邦-桃園,2024-09-10,9665
2337,旺宏,53,2,51,富邦-桃園,2024-09-10,9665
00637L,元大滬深300正2,50,0,50,富邦-桃園,2024-09-10,9665
1815,富喬,74,25,49,富邦-桃園,2024-09-10,9665
00945B,凱基美國非投等債,58,11,47,富邦-桃園,2024-09-10,9665
00930,永豐ESG低碳高息,42,0,42,富邦-桃園,2024-09-10,9665
2002,中鋼,43,1,42,富邦-桃園,2024-09-10,9665
2382,廣達,69,29,40,富邦-桃園,2024-09-10,9665
6443,元晶,39,1,38,富邦-桃園,2024-09-10,9665
00715L,期街口布蘭特正2,36,0,36,富邦-桃園,2024-09-10,9665
3037,欣興,40,5,35,富邦-桃園,2024-09-10,9665
00937B,群益ESG投等債20,212,179,33,富邦-桃園,2024-09-10,9665
3047,訊舟,183,151,32,富邦-桃園,2024-09-10,9665
00642U,期元大S＆P石油,31,0,31,富邦-桃園,2024-09-10,9665
9934,成霖,30,0,30,富邦-桃園,2024-09-10,9665
5328,華容,30,3,27,富邦-桃園,2024-09-10,9665
2891,中信金,33,9,24,富邦-桃園,2024-09-10,9665
00921,兆豐龍頭等權重,23,0,23,富邦-桃園,2024-09-10,9665
2883,凱基金,116,93,23,富邦-桃園,2024-09-10,9665
2408,南亞科,26,4,22,富邦-桃園,2024-09-10,9665
8249,菱光,150,129,21,富邦-桃園,2024-09-10,9665
3669,圓展,20,0,20,富邦-桃園,2024-09-10,9665
6269,台郡,20,0,20,富邦-桃園,2024-09-10,9665
8011,台通,28,8,20,富邦-桃園,2024-09-10,9665
00923,群益台ESG低碳50,19,0,19,富邦-桃園,2024-09-10,9665
4906,正文,19,0,19,富邦-桃園,2024-09-10,9665
00931B,統一美債20年,21,2,19,富邦-桃園,2024-09-10,9665
6462,神盾,18,0,18,富邦-桃園,2024-09-10,9665
5443,均豪,83,65,18,富邦-桃園,2024-09-10,9665
6603,富強鑫,18,0,18,富邦-桃園,2024-09-10,9665
00881,國泰台灣5G+,25,7,18,富邦-桃園,2024-09-10,9665
2641,正德,16,0,16,富邦-桃園,2024-09-10,9665
5871,中租-KY,18,3,15,富邦-桃園,2024-09-10,9665
2376,技嘉,15,0,15,富邦-桃園,2024-09-10,9665
00715L,期街口布蘭特正2,389,1,388,富邦-桃園,2024-09-11,9665
00632R,元大台灣50反1,265,28,237,富邦-桃園,2024-09-11,9665
2883,凱基金,190,0,190,富邦-桃園,2024-09-11,9665
00712,復華富時不動產,166,0,166,富邦-桃園,2024-09-11,9665
00929,復華台灣科技優息,171,42,129,富邦-桃園,2024-09-11,9665
00878,國泰永續高股息,149,20,129,富邦-桃園,2024-09-11,9665
00688L,國泰20年美債正2,170,52,118,富邦-桃園,2024-09-11,9665
00665L,富邦�琤肭磪囓�2,108,0,108,富邦-桃園,2024-09-11,9665
00919,群益台灣精選高息,101,10,91,富邦-桃園,2024-09-11,9665
2891,中信金,93,17,76,富邦-桃園,2024-09-11,9665
00959B,大華投等美債15Y+,103,33,70,富邦-桃園,2024-09-11,9665
00687B,國泰20年美債,81,24,57,富邦-桃園,2024-09-11,9665
00642U,期元大S＆P石油,53,0,53,富邦-桃園,2024-09-11,9665
00713,元大台灣高息低波,49,0,49,富邦-桃園,2024-09-11,9665
00940,元大台灣價值高息,78,30,48,富邦-桃園,2024-09-11,9665
00679B,元大美債20年,81,33,48,富邦-桃園,2024-09-11,9665
00650L,復華香港正2,45,0,45,富邦-桃園,2024-09-11,9665
5876,上海商銀,43,0,43,富邦-桃園,2024-09-11,9665
00957B,兆豐US優選投等債,41,0,41,富邦-桃園,2024-09-11,9665
8105,凌巨,41,0,41,富邦-桃園,2024-09-11,9665
00931B,統一美債20年,41,1,40,富邦-桃園,2024-09-11,9665
2317,鴻海,72,32,40,富邦-桃園,2024-09-11,9665
0056,元大高股息,39,3,36,富邦-桃園,2024-09-11,9665
00948B,中信優息投資級債,35,1,34,富邦-桃園,2024-09-11,9665
00881,國泰台灣5G+,31,1,30,富邦-桃園,2024-09-11,9665
2881,富邦金,36,7,29,富邦-桃園,2024-09-11,9665
2439,美律,26,0,26,富邦-桃園,2024-09-11,9665
3379,彬台,31,5,26,富邦-桃園,2024-09-11,9665
00949,復華日本龍頭,22,0,22,富邦-桃園,2024-09-11,9665
00930,永豐ESG低碳高息,22,0,22,富邦-桃園,2024-09-11,9665
2539,櫻花建,22,1,21,富邦-桃園,2024-09-11,9665
00918,大華優利高填息30,25,5,20,富邦-桃園,2024-09-11,9665
3707,漢磊,65,45,20,富邦-桃園,2024-09-11,9665
5498,凱崴,20,0,20,富邦-桃園,2024-09-11,9665
2897,王道銀行,20,0,20,富邦-桃園,2024-09-11,9665
6139,亞翔,33,13,20,富邦-桃園,2024-09-11,9665
2542,興富發,20,1,19,富邦-桃園,2024-09-11,9665
00945B,凱基美國非投等債,31,12,19,富邦-桃園,2024-09-11,9665
00934,中信成長高股息,18,0,18,富邦-桃園,2024-09-11,9665
2388,威盛,30,13,17,富邦-桃園,2024-09-11,9665
00764B,群益25年美債,18,2,16,富邦-桃園,2024-09-11,9665
4564,元翎,25,10,15,富邦-桃園,2024-09-11,9665
00741B,富邦全球非投等債,15,0,15,富邦-桃園,2024-09-11,9665
2464,盟立,16,1,15,富邦-桃園,2024-09-11,9665
1609,大亞,17,3,14,富邦-桃園,2024-09-11,9665
9935,慶豐富,14,0,14,富邦-桃園,2024-09-11,9665
2353,宏��,18,5,13,富邦-桃園,2024-09-11,9665
00936,台新永續高息中小,13,0,13,富邦-桃園,2024-09-11,9665
4908,前鼎,15,2,13,富邦-桃園,2024-09-11,9665
4566,時碩工業,13,1,12,富邦-桃園,2024-09-11,9665
00919,群益台灣精選高息,364,0,364,富邦-桃園,2024-09-12,9665
00918,大華優利高填息30,210,11,199,富邦-桃園,2024-09-12,9665
00929,復華台灣科技優息,251,83,168,富邦-桃園,2024-09-12,9665
00688L,國泰20年美債正2,145,23,122,富邦-桃園,2024-09-12,9665
00679B,元大美債20年,220,129,91,富邦-桃園,2024-09-12,9665
4563,百德,91,3,88,富邦-桃園,2024-09-12,9665
00715L,期街口布蘭特正2,107,20,87,富邦-桃園,2024-09-12,9665
00712,復華富時不動產,84,4,80,富邦-桃園,2024-09-12,9665
00687B,國泰20年美債,166,93,73,富邦-桃園,2024-09-12,9665
2891,中信金,79,14,65,富邦-桃園,2024-09-12,9665
00948B,中信優息投資級債,53,0,53,富邦-桃園,2024-09-12,9665
6152,百一,41,5,36,富邦-桃園,2024-09-12,9665
00764B,群益25年美債,52,17,35,富邦-桃園,2024-09-12,9665
00795B,中信美國公債20年,54,21,33,富邦-桃園,2024-09-12,9665
2367,燿華,35,3,32,富邦-桃園,2024-09-12,9665
1584,精剛,32,3,29,富邦-桃園,2024-09-12,9665
00945B,凱基美國非投等債,31,2,29,富邦-桃園,2024-09-12,9665
6190,萬泰科,26,0,26,富邦-桃園,2024-09-12,9665
00882,中信中國高股息,30,5,25,富邦-桃園,2024-09-12,9665
5347,世界,25,3,22,富邦-桃園,2024-09-12,9665
00713,元大台灣高息低波,20,1,19,富邦-桃園,2024-09-12,9665
3550,聯穎,19,0,19,富邦-桃園,2024-09-12,9665
2497,怡利電,53,35,18,富邦-桃園,2024-09-12,9665
1524,耿鼎,18,0,18,富邦-桃園,2024-09-12,9665
3081,聯亞,18,1,17,富邦-桃園,2024-09-12,9665
00762,元大全球AI,15,0,15,富邦-桃園,2024-09-12,9665
5443,均豪,62,48,14,富邦-桃園,2024-09-12,9665
2892,第一金,16,2,14,富邦-桃園,2024-09-12,9665
3706,神達,16,2,14,富邦-桃園,2024-09-12,9665
6194,育富,31,19,12,富邦-桃園,2024-09-12,9665
2915,潤泰全,12,0,12,富邦-桃園,2024-09-12,9665
00943,兆豐電子高息等權,12,0,12,富邦-桃園,2024-09-12,9665
1301,台塑,24,12,12,富邦-桃園,2024-09-12,9665
00933B,國泰10Y+金融債,12,0,12,富邦-桃園,2024-09-12,9665
2543,皇昌,16,5,11,富邦-桃園,2024-09-12,9665
4306,炎洲,11,0,11,富邦-桃園,2024-09-12,9665
00706L,期元大S＆P日圓正2,11,0,11,富邦-桃園,2024-09-12,9665
3511,矽瑪,11,0,11,富邦-桃園,2024-09-12,9665
2353,宏��,22,11,11,富邦-桃園,2024-09-12,9665
00631L,元大台灣50正2,19,9,10,富邦-桃園,2024-09-12,9665
00941,中信上游半導體,10,0,10,富邦-桃園,2024-09-12,9665
5452,佶優,17,7,10,富邦-桃園,2024-09-12,9665
2413,環科,10,0,10,富邦-桃園,2024-09-12,9665
2516,新建,10,0,10,富邦-桃園,2024-09-12,9665
3623,富晶通,11,1,10,富邦-桃園,2024-09-12,9665
4532,瑞智,10,0,10,富邦-桃園,2024-09-12,9665
9902,台火,10,0,10,富邦-桃園,2024-09-12,9665
8249,菱光,117,107,10,富邦-桃園,2024-09-12,9665
00946,群益科技高息成長,10,0,10,富邦-桃園,2024-09-12,9665
1815,富喬,9,0,9,富邦-桃園,2024-09-12,9665
3062,建漢,331,79,252,富邦-桃園,2024-09-13,9665
00687B,國泰20年美債,267,125,142,富邦-桃園,2024-09-13,9665
00929,復華台灣科技優息,150,19,131,富邦-桃園,2024-09-13,9665
00919,群益台灣精選高息,136,6,130,富邦-桃園,2024-09-13,9665
00715L,期街口布蘭特正2,115,20,95,富邦-桃園,2024-09-13,9665
00712,復華富時不動產,105,13,92,富邦-桃園,2024-09-13,9665
2317,鴻海,115,43,72,富邦-桃園,2024-09-13,9665
2312,金寶,67,0,67,富邦-桃園,2024-09-13,9665
3511,矽瑪,66,0,66,富邦-桃園,2024-09-13,9665
00632R,元大台灣50反1,74,15,59,富邦-桃園,2024-09-13,9665
2867,三商壽,68,11,57,富邦-桃園,2024-09-13,9665
00918,大華優利高填息30,57,2,55,富邦-桃園,2024-09-13,9665
00679B,元大美債20年,69,16,53,富邦-桃園,2024-09-13,9665
00795B,中信美國公債20年,75,27,48,富邦-桃園,2024-09-13,9665
00937B,群益ESG投等債20,73,32,41,富邦-桃園,2024-09-13,9665
4510,高鋒,77,43,34,富邦-桃園,2024-09-13,9665
00934,中信成長高股息,49,16,33,富邦-桃園,2024-09-13,9665
2444,兆勁,32,0,32,富邦-桃園,2024-09-13,9665
6706,惠特,81,50,31,富邦-桃園,2024-09-13,9665
00945B,凱基美國非投等債,28,0,28,富邦-桃園,2024-09-13,9665
00878,國泰永續高股息,40,13,27,富邦-桃園,2024-09-13,9665
00713,元大台灣高息低波,26,0,26,富邦-桃園,2024-09-13,9665
00933B,國泰10Y+金融債,26,1,25,富邦-桃園,2024-09-13,9665
00915,凱基優選高股息30,25,0,25,富邦-桃園,2024-09-13,9665
1326,台化,24,0,24,富邦-桃園,2024-09-13,9665
2070,精湛,45,23,22,富邦-桃園,2024-09-13,9665
3481,群創,23,3,20,富邦-桃園,2024-09-13,9665
00946,群益科技高息成長,30,11,19,富邦-桃園,2024-09-13,9665
2883,凱基金,22,4,18,富邦-桃園,2024-09-13,9665
00673R,期元大S＆P原油反1,18,0,18,富邦-桃園,2024-09-13,9665
8039,台虹,30,12,18,富邦-桃園,2024-09-13,9665
1584,精剛,21,4,17,富邦-桃園,2024-09-13,9665
2344,華邦電,17,0,17,富邦-桃園,2024-09-13,9665
2610,華航,20,3,17,富邦-桃園,2024-09-13,9665
3024,憶聲,17,0,17,富邦-桃園,2024-09-13,9665
3715,定穎投控,88,71,17,富邦-桃園,2024-09-13,9665
00943,兆豐電子高息等權,21,6,15,富邦-桃園,2024-09-13,9665
8070,長華*,23,8,15,富邦-桃園,2024-09-13,9665
2313,華通,23,8,15,富邦-桃園,2024-09-13,9665
8064,東捷,19,5,14,富邦-桃園,2024-09-13,9665
8277,商丞,14,0,14,富邦-桃園,2024-09-13,9665
6770,力積電,24,10,14,富邦-桃園,2024-09-13,9665
00772B,中信高評級公司債,14,0,14,富邦-桃園,2024-09-13,9665
2337,旺宏,22,9,13,富邦-桃園,2024-09-13,9665
2478,大毅,13,0,13,富邦-桃園,2024-09-13,9665
00722B,群益投資級電信債,20,7,13,富邦-桃園,2024-09-13,9665
8390,金益鼎,17,5,12,富邦-桃園,2024-09-13,9665
00655L,國泰中國A50正2,12,0,12,富邦-桃園,2024-09-13,9665
8147,正淩,15,3,12,富邦-桃園,2024-09-13,9665
3588,通嘉,12,0,12,富邦-桃園,2024-09-13,9665
00687B,國泰20年美債,422,234,188,富邦-桃園,2024-09-16,9665
00937B,群益ESG投等債20,239,60,179,富邦-桃園,2024-09-16,9665
00712,復華富時不動產,236,65,171,富邦-桃園,2024-09-16,9665
00878,國泰永續高股息,164,19,145,富邦-桃園,2024-09-16,9665
00945B,凱基美國非投等債,125,0,125,富邦-桃園,2024-09-16,9665
00919,群益台灣精選高息,130,8,122,富邦-桃園,2024-09-16,9665
00943,兆豐電子高息等權,113,0,113,富邦-桃園,2024-09-16,9665
00751B,元大AAA至A公司債,113,10,103,富邦-桃園,2024-09-16,9665
3290,東浦,89,5,84,富邦-桃園,2024-09-16,9665
2423,固緯,85,10,75,富邦-桃園,2024-09-16,9665
1326,台化,76,7,69,富邦-桃園,2024-09-16,9665
00679B,元大美債20年,135,66,69,富邦-桃園,2024-09-16,9665
00688L,國泰20年美債正2,144,75,69,富邦-桃園,2024-09-16,9665
00795B,中信美國公債20年,67,7,60,富邦-桃園,2024-09-16,9665
9934,成霖,58,0,58,富邦-桃園,2024-09-16,9665
00753L,中信中國50正2,51,0,51,富邦-桃園,2024-09-16,9665
00942B,台新美A公司債20+,50,0,50,富邦-桃園,2024-09-16,9665
2867,三商壽,47,6,41,富邦-桃園,2024-09-16,9665
2349,錸德,104,64,40,富邦-桃園,2024-09-16,9665
6706,惠特,132,98,34,富邦-桃園,2024-09-16,9665
6163,華電網,51,18,33,富邦-桃園,2024-09-16,9665
2515,中工,33,1,32,富邦-桃園,2024-09-16,9665
1806,冠軍,30,0,30,富邦-桃園,2024-09-16,9665
00934,中信成長高股息,50,20,30,富邦-桃園,2024-09-16,9665
00857B,永豐20年美公債,26,0,26,富邦-桃園,2024-09-16,9665
1711,永光,41,16,25,富邦-桃園,2024-09-16,9665
2062,橋椿,31,7,24,富邦-桃園,2024-09-16,9665
2883,凱基金,25,2,23,富邦-桃園,2024-09-16,9665
6133,金橋,24,1,23,富邦-桃園,2024-09-16,9665
4903,聯光通,24,1,23,富邦-桃園,2024-09-16,9665
1304,台聚,25,2,23,富邦-桃園,2024-09-16,9665
3062,建漢,135,113,22,富邦-桃園,2024-09-16,9665
9105,泰金寶-DR,22,0,22,富邦-桃園,2024-09-16,9665
00713,元大台灣高息低波,26,5,21,富邦-桃園,2024-09-16,9665
00930,永豐ESG低碳高息,21,0,21,富邦-桃園,2024-09-16,9665
8147,正淩,22,1,21,富邦-桃園,2024-09-16,9665
9945,潤泰新,20,0,20,富邦-桃園,2024-09-16,9665
3040,遠見,18,0,18,富邦-桃園,2024-09-16,9665
2371,大同,24,6,18,富邦-桃園,2024-09-16,9665
00948B,中信優息投資級債,17,0,17,富邦-桃園,2024-09-16,9665
5230,雷笛克光學,34,17,17,富邦-桃園,2024-09-16,9665
2442,新美齊,17,0,17,富邦-桃園,2024-09-16,9665
8032,光菱,27,10,17,富邦-桃園,2024-09-16,9665
00882,中信中國高股息,21,5,16,富邦-桃園,2024-09-16,9665
00881,國泰台灣5G+,15,0,15,富邦-桃園,2024-09-16,9665
00947,台新臺灣IC設計,15,0,15,富邦-桃園,2024-09-16,9665
5324,士開,15,0,15,富邦-桃園,2024-09-16,9665
2344,華邦電,20,6,14,富邦-桃園,2024-09-16,9665
3702,大聯大,14,0,14,富邦-桃園,2024-09-16,9665
00715L,期街口布蘭特正2,58,45,13,富邦-桃園,2024-09-16,9665
00929,復華台灣科技優息,400,72,328,富邦-桃園,2024-09-18,9665
00919,群益台灣精選高息,269,64,205,富邦-桃園,2024-09-18,9665
00937B,群益ESG投等債20,216,22,194,富邦-桃園,2024-09-18,9665
2888,新光金,598,414,184,富邦-桃園,2024-09-18,9665
00918,大華優利高填息30,238,96,142,富邦-桃園,2024-09-18,9665
00713,元大台灣高息低波,130,1,129,富邦-桃園,2024-09-18,9665
2317,鴻海,151,23,128,富邦-桃園,2024-09-18,9665
2423,固緯,100,0,100,富邦-桃園,2024-09-18,9665
9934,成霖,100,0,100,富邦-桃園,2024-09-18,9665
00915,凱基優選高股息30,101,1,100,富邦-桃園,2024-09-18,9665
00687B,國泰20年美債,316,229,87,富邦-桃園,2024-09-18,9665
00878,國泰永續高股息,91,15,76,富邦-桃園,2024-09-18,9665
1524,耿鼎,81,5,76,富邦-桃園,2024-09-18,9665
2352,佳世達,76,0,76,富邦-桃園,2024-09-18,9665
2349,錸德,115,41,74,富邦-桃園,2024-09-18,9665
1460,宏遠,60,0,60,富邦-桃園,2024-09-18,9665
00945B,凱基美國非投等債,97,42,55,富邦-桃園,2024-09-18,9665
9105,泰金寶-DR,50,0,50,富邦-桃園,2024-09-18,9665
1304,台聚,76,30,46,富邦-桃園,2024-09-18,9665
3290,東浦,67,22,45,富邦-桃園,2024-09-18,9665
00959B,大華投等美債15Y+,55,15,40,富邦-桃園,2024-09-18,9665
3481,群創,159,122,37,富邦-桃園,2024-09-18,9665
1303,南亞,47,15,32,富邦-桃園,2024-09-18,9665
1905,華紙,41,10,31,富邦-桃園,2024-09-18,9665
3714,富采,30,0,30,富邦-桃園,2024-09-18,9665
1806,冠軍,30,0,30,富邦-桃園,2024-09-18,9665
2353,宏��,30,0,30,富邦-桃園,2024-09-18,9665
00940,元大台灣價值高息,69,39,30,富邦-桃園,2024-09-18,9665
2489,瑞軒,30,1,29,富邦-桃園,2024-09-18,9665
3715,定穎投控,33,5,28,富邦-桃園,2024-09-18,9665
1326,台化,26,0,26,富邦-桃園,2024-09-18,9665
6548,長科*,25,0,25,富邦-桃園,2024-09-18,9665
00935,野村臺灣新科技50,25,0,25,富邦-桃園,2024-09-18,9665
00881,國泰台灣5G+,23,1,22,富邦-桃園,2024-09-18,9665
8011,台通,29,7,22,富邦-桃園,2024-09-18,9665
3062,建漢,50,28,22,富邦-桃園,2024-09-18,9665
5905,南仁湖,75,53,22,富邦-桃園,2024-09-18,9665
2426,鼎元,67,46,21,富邦-桃園,2024-09-18,9665
9935,慶豐富,27,6,21,富邦-桃園,2024-09-18,9665
5488,松普,20,0,20,富邦-桃園,2024-09-18,9665
00679B,元大美債20年,82,63,19,富邦-桃園,2024-09-18,9665
00946,群益科技高息成長,20,0,20,富邦-桃園,2024-09-18,9665
2409,友達,35,16,19,富邦-桃園,2024-09-18,9665
00751B,元大AAA至A公司債,17,0,17,富邦-桃園,2024-09-18,9665
1721,三晃,19,2,17,富邦-桃園,2024-09-18,9665
00948B,中信優息投資級債,16,0,16,富邦-桃園,2024-09-18,9665
6143,振曜,21,5,16,富邦-桃園,2024-09-18,9665
00673R,期元大S＆P原油反1,16,0,16,富邦-桃園,2024-09-18,9665
4956,光鋐,15,0,15,富邦-桃園,2024-09-18,9665
4909,新復興,26,11,15,富邦-桃園,2024-09-18,9665
00764B,群益25年美債,903,0,903,富邦-桃園,2024-09-19,9665
00937B,群益ESG投等債20,601,27,574,富邦-桃園,2024-09-19,9665
00719B,元大美債1-3,467,0,467,富邦-桃園,2024-09-19,9665
00687B,國泰20年美債,491,175,316,富邦-桃園,2024-09-19,9665
00688L,國泰20年美債正2,323,10,313,富邦-桃園,2024-09-19,9665
00948B,中信優息投資級債,319,14,305,富邦-桃園,2024-09-19,9665
00632R,元大台灣50反1,230,0,230,富邦-桃園,2024-09-19,9665
00679B,元大美債20年,245,35,210,富邦-桃園,2024-09-19,9665
00795B,中信美國公債20年,170,0,170,富邦-桃園,2024-09-19,9665
00919,群益台灣精選高息,161,45,116,富邦-桃園,2024-09-19,9665
00958B,永豐ESG銀行債15,112,0,112,富邦-桃園,2024-09-19,9665
00918,大華優利高填息30,117,12,105,富邦-桃園,2024-09-19,9665
3049,精金,300,214,86,富邦-桃園,2024-09-19,9665
00929,復華台灣科技優息,257,180,77,富邦-桃園,2024-09-19,9665
00915,凱基優選高股息30,75,0,75,富邦-桃園,2024-09-19,9665
3581,博磊,80,15,65,富邦-桃園,2024-09-19,9665
3511,矽瑪,70,15,55,富邦-桃園,2024-09-19,9665
00637L,元大滬深300正2,43,3,40,富邦-桃園,2024-09-19,9665
1806,冠軍,37,0,37,富邦-桃園,2024-09-19,9665
6412,群電,30,0,30,富邦-桃園,2024-09-19,9665
8105,凌巨,31,2,29,富邦-桃園,2024-09-19,9665
2607,榮運,29,0,29,富邦-桃園,2024-09-19,9665
2423,固緯,28,0,28,富邦-桃園,2024-09-19,9665
5905,南仁湖,69,41,28,富邦-桃園,2024-09-19,9665
2615,萬海,34,8,26,富邦-桃園,2024-09-19,9665
00922,國泰台灣領袖50,25,0,25,富邦-桃園,2024-09-19,9665
3058,立德,25,0,25,富邦-桃園,2024-09-19,9665
2243,宏旭-KY,23,6,17,富邦-桃園,2024-09-19,9665
2312,金寶,20,4,16,富邦-桃園,2024-09-19,9665
00933B,國泰10Y+金融債,19,4,15,富邦-桃園,2024-09-19,9665
2477,美隆電,26,11,15,富邦-桃園,2024-09-19,9665
3450,聯鈞,15,1,14,富邦-桃園,2024-09-19,9665
2106,建大,14,0,14,富邦-桃園,2024-09-19,9665
3189,景碩,26,12,14,富邦-桃園,2024-09-19,9665
4526,東台,25,12,13,富邦-桃園,2024-09-19,9665
0056,元大高股息,26,13,13,富邦-桃園,2024-09-19,9665
00940,元大台灣價值高息,27,15,12,富邦-桃園,2024-09-19,9665
2891,中信金,63,51,12,富邦-桃園,2024-09-19,9665
6706,惠特,27,15,12,富邦-桃園,2024-09-19,9665
00891,中信關鍵半導體,12,1,11,富邦-桃園,2024-09-19,9665
6151,晉倫,22,11,11,富邦-桃園,2024-09-19,9665
00713,元大台灣高息低波,12,1,11,富邦-桃園,2024-09-19,9665
1307,三芳,11,1,10,富邦-桃園,2024-09-19,9665
00857B,永豐20年美公債,10,0,10,富邦-桃園,2024-09-19,9665
6290,良維,10,0,10,富邦-桃園,2024-09-19,9665
3264,欣銓,10,0,10,富邦-桃園,2024-09-19,9665
8927,北基,12,2,10,富邦-桃園,2024-09-19,9665
3711,日月光投控,16,6,10,富邦-桃園,2024-09-19,9665
6788,華景電,14,4,10,富邦-桃園,2024-09-19,9665
4401,東隆興,10,0,10,富邦-桃園,2024-09-19,9665
00919,群益台灣精選高息,1858,53,1805,富邦-桃園,2024-09-20,9665
00937B,群益ESG投等債20,1187,241,946,富邦-桃園,2024-09-20,9665
00719B,元大美債1-3,201,9,192,富邦-桃園,2024-09-20,9665
8105,凌巨,116,1,115,富邦-桃園,2024-09-20,9665
00679B,元大美債20年,148,48,100,富邦-桃園,2024-09-20,9665
00948B,中信優息投資級債,66,0,66,富邦-桃園,2024-09-20,9665
9935,慶豐富,76,18,58,富邦-桃園,2024-09-20,9665
00633L,富邦上証正2,54,2,52,富邦-桃園,2024-09-20,9665
2504,國產,73,22,51,富邦-桃園,2024-09-20,9665
00795B,中信美國公債20年,59,10,49,富邦-桃園,2024-09-20,9665
3511,矽瑪,51,6,45,富邦-桃園,2024-09-20,9665
2423,固緯,43,0,43,富邦-桃園,2024-09-20,9665
9945,潤泰新,50,9,41,富邦-桃園,2024-09-20,9665
2515,中工,48,7,41,富邦-桃園,2024-09-20,9665
00915,凱基優選高股息30,60,19,41,富邦-桃園,2024-09-20,9665
1721,三晃,61,22,39,富邦-桃園,2024-09-20,9665
00922,國泰台灣領袖50,40,2,38,富邦-桃園,2024-09-20,9665
5905,南仁湖,64,27,37,富邦-桃園,2024-09-20,9665
6257,矽格,42,6,36,富邦-桃園,2024-09-20,9665
1806,冠軍,37,3,34,富邦-桃園,2024-09-20,9665
8111,立��,37,3,34,富邦-桃園,2024-09-20,9665
00907,永豐優息存股,40,10,30,富邦-桃園,2024-09-20,9665
4526,東台,90,61,29,富邦-桃園,2024-09-20,9665
00687B,國泰20年美債,232,204,28,富邦-桃園,2024-09-20,9665
3597,映興,61,33,28,富邦-桃園,2024-09-20,9665
3624,光頡,28,1,27,富邦-桃園,2024-09-20,9665
6116,彩晶,30,3,27,富邦-桃園,2024-09-20,9665
2444,兆勁,27,0,27,富邦-桃園,2024-09-20,9665
00680L,元大美債20正2,156,131,25,富邦-桃園,2024-09-20,9665
1316,上曜,24,0,24,富邦-桃園,2024-09-20,9665
3062,建漢,67,43,24,富邦-桃園,2024-09-20,9665
6104,創惟,52,29,23,富邦-桃園,2024-09-20,9665
6412,群電,52,30,22,富邦-桃園,2024-09-20,9665
00958B,永豐ESG銀行債15,22,0,22,富邦-桃園,2024-09-20,9665
00673R,期元大S＆P原油反1,21,0,21,富邦-桃園,2024-09-20,9665
2408,南亞科,37,18,19,富邦-桃園,2024-09-20,9665
5347,世界,51,33,18,富邦-桃園,2024-09-20,9665
8011,台通,21,4,17,富邦-桃園,2024-09-20,9665
1808,潤隆,20,3,17,富邦-桃園,2024-09-20,9665
4903,聯光通,47,31,16,富邦-桃園,2024-09-20,9665
2365,昆盈,17,1,16,富邦-桃園,2024-09-20,9665
2347,聯強,15,0,15,富邦-桃園,2024-09-20,9665
2542,興富發,18,3,15,富邦-桃園,2024-09-20,9665
2382,廣達,23,8,15,富邦-桃園,2024-09-20,9665
4123,晟德,14,1,13,富邦-桃園,2024-09-20,9665
2464,盟立,130,117,13,富邦-桃園,2024-09-20,9665
4939,亞電,13,1,12,富邦-桃園,2024-09-20,9665
5392,能率,12,0,12,富邦-桃園,2024-09-20,9665
5512,力麒,12,0,12,富邦-桃園,2024-09-20,9665
3305,昇貿,12,0,12,富邦-桃園,2024-09-20,9665
00637L,元大滬深300正2,421,18,403,富邦-桃園,2024-09-23,9665
00937B,群益ESG投等債20,370,55,315,富邦-桃園,2024-09-23,9665
00919,群益台灣精選高息,451,154,297,富邦-桃園,2024-09-23,9665
00680L,元大美債20正2,311,18,293,富邦-桃園,2024-09-23,9665
00712,復華富時不動產,179,30,149,富邦-桃園,2024-09-23,9665
00679B,元大美債20年,290,168,122,富邦-桃園,2024-09-23,9665
00948B,中信優息投資級債,132,11,121,富邦-桃園,2024-09-23,9665
2409,友達,93,2,91,富邦-桃園,2024-09-23,9665
00688L,國泰20年美債正2,80,0,80,富邦-桃園,2024-09-23,9665
1316,上曜,57,0,57,富邦-桃園,2024-09-23,9665
6215,和椿,50,0,50,富邦-桃園,2024-09-23,9665
00929,復華台灣科技優息,79,34,45,富邦-桃園,2024-09-23,9665
00673R,期元大S＆P原油反1,42,0,42,富邦-桃園,2024-09-23,9665
2888,新光金,256,214,42,富邦-桃園,2024-09-23,9665
6152,百一,40,0,40,富邦-桃園,2024-09-23,9665
1524,耿鼎,60,21,39,富邦-桃園,2024-09-23,9665
00795B,中信美國公債20年,67,32,35,富邦-桃園,2024-09-23,9665
1326,台化,37,3,34,富邦-桃園,2024-09-23,9665
2367,燿華,35,1,34,富邦-桃園,2024-09-23,9665
4526,東台,51,17,34,富邦-桃園,2024-09-23,9665
00725B,國泰投資級公司債,41,8,33,富邦-桃園,2024-09-23,9665
4716,大立,100,67,33,富邦-桃園,2024-09-23,9665
4935,茂林-KY,31,1,30,富邦-桃園,2024-09-23,9665
1444,力麗,30,0,30,富邦-桃園,2024-09-23,9665
00652,富邦印度,30,0,30,富邦-桃園,2024-09-23,9665
5213,亞昕,27,0,27,富邦-桃園,2024-09-23,9665
6532,瑞耘,32,5,27,富邦-桃園,2024-09-23,9665
8033,雷虎,35,8,27,富邦-桃園,2024-09-23,9665
00900,富邦特選高股息30,27,0,27,富邦-桃園,2024-09-23,9665
8070,長華*,35,10,25,富邦-桃園,2024-09-23,9665
1314,中石化,38,15,23,富邦-桃園,2024-09-23,9665
2867,三商壽,23,0,23,富邦-桃園,2024-09-23,9665
1708,東鹼,25,3,22,富邦-桃園,2024-09-23,9665
1569,濱川,22,1,21,富邦-桃園,2024-09-23,9665
3489,森寶,21,0,21,富邦-桃園,2024-09-23,9665
2323,中環,20,0,20,富邦-桃園,2024-09-23,9665
3260,威剛,23,4,19,富邦-桃園,2024-09-23,9665
4720,德淵,20,1,19,富邦-桃園,2024-09-23,9665
3511,矽瑪,20,1,19,富邦-桃園,2024-09-23,9665
3540,曜越,19,0,19,富邦-桃園,2024-09-23,9665
6706,惠特,22,3,19,富邦-桃園,2024-09-23,9665
00931B,統一美債20年,26,8,18,富邦-桃園,2024-09-23,9665
3290,東浦,20,3,17,富邦-桃園,2024-09-23,9665
6279,胡連,25,8,17,富邦-桃園,2024-09-23,9665
00922,國泰台灣領袖50,31,15,16,富邦-桃園,2024-09-23,9665
2002,中鋼,20,6,14,富邦-桃園,2024-09-23,9665
00915,凱基優選高股息30,20,6,14,富邦-桃園,2024-09-23,9665
8064,東捷,18,4,14,富邦-桃園,2024-09-23,9665
6134,萬旭,34,20,14,富邦-桃園,2024-09-23,9665
00891,中信關鍵半導體,14,0,14,富邦-桃園,2024-09-23,9665
00632R,元大台灣50反1,2261,24,2237,富邦-桃園,2024-09-24,9665
00929,復華台灣科技優息,220,48,172,富邦-桃園,2024-09-24,9665
00712,復華富時不動產,125,1,124,富邦-桃園,2024-09-24,9665
00680L,元大美債20正2,156,40,116,富邦-桃園,2024-09-24,9665
00688L,國泰20年美債正2,114,10,104,富邦-桃園,2024-09-24,9665
00679B,元大美債20年,158,63,95,富邦-桃園,2024-09-24,9665
2891,中信金,129,47,82,富邦-桃園,2024-09-24,9665
8086,宏捷科,80,4,76,富邦-桃園,2024-09-24,9665
00633L,富邦上証正2,83,8,75,富邦-桃園,2024-09-24,9665
2888,新光金,146,82,64,富邦-桃園,2024-09-24,9665
2367,燿華,57,0,57,富邦-桃園,2024-09-24,9665
00887,永豐中國科技50大,51,0,51,富邦-桃園,2024-09-24,9665
00945B,凱基美國非投等債,48,0,48,富邦-桃園,2024-09-24,9665
00946,群益科技高息成長,52,5,47,富邦-桃園,2024-09-24,9665
3605,宏致,66,19,47,富邦-桃園,2024-09-24,9665
2423,固緯,46,0,46,富邦-桃園,2024-09-24,9665
3511,矽瑪,43,0,43,富邦-桃園,2024-09-24,9665
00922,國泰台灣領袖50,43,2,41,富邦-桃園,2024-09-24,9665
2313,華通,49,11,38,富邦-桃園,2024-09-24,9665
3711,日月光投控,39,1,38,富邦-桃園,2024-09-24,9665
00948B,中信優息投資級債,39,2,37,富邦-桃園,2024-09-24,9665
00753L,中信中國50正2,50,14,36,富邦-桃園,2024-09-24,9665
00915,凱基優選高股息30,37,3,34,富邦-桃園,2024-09-24,9665
2241,艾姆勒,35,1,34,富邦-桃園,2024-09-24,9665
00931B,統一美債20年,37,4,33,富邦-桃園,2024-09-24,9665
00960,野村全球航運龍頭,47,15,32,富邦-桃園,2024-09-24,9665
3715,定穎投控,163,132,31,富邦-桃園,2024-09-24,9665
2609,陽明,206,176,30,富邦-桃園,2024-09-24,9665
6548,長科*,28,3,25,富邦-桃園,2024-09-24,9665
4526,東台,36,12,24,富邦-桃園,2024-09-24,9665
0056,元大高股息,37,13,24,富邦-桃園,2024-09-24,9665
6405,悅城,40,18,22,富邦-桃園,2024-09-24,9665
8105,凌巨,21,0,21,富邦-桃園,2024-09-24,9665
2388,威盛,30,10,20,富邦-桃園,2024-09-24,9665
4128,中天,20,0,20,富邦-桃園,2024-09-24,9665
8076,伍豐,25,5,20,富邦-桃園,2024-09-24,9665
2408,南亞科,19,0,19,富邦-桃園,2024-09-24,9665
3450,聯鈞,53,34,19,富邦-桃園,2024-09-24,9665
2399,映泰,110,92,18,富邦-桃園,2024-09-24,9665
6163,華電網,18,0,18,富邦-桃園,2024-09-24,9665
3049,精金,19,1,18,富邦-桃園,2024-09-24,9665
4513,福裕,29,11,18,富邦-桃園,2024-09-24,9665
6152,百一,18,1,17,富邦-桃園,2024-09-24,9665
00720B,元大投資級公司債,17,0,17,富邦-桃園,2024-09-24,9665
1727,中華化,24,7,17,富邦-桃園,2024-09-24,9665
2605,新興,20,4,16,富邦-桃園,2024-09-24,9665
3290,東浦,18,2,16,富邦-桃園,2024-09-24,9665
2867,三商壽,17,2,15,富邦-桃園,2024-09-24,9665
2890,永豐金,15,0,15,富邦-桃園,2024-09-24,9665
2354,鴻準,16,1,15,富邦-桃園,2024-09-24,9665
00719B,元大美債1-3,173,0,173,富邦-桃園,2024-09-25,9665
00795B,中信美國公債20年,148,0,148,富邦-桃園,2024-09-25,9665
00633L,富邦上証正2,116,10,106,富邦-桃園,2024-09-25,9665
2365,昆盈,176,71,105,富邦-桃園,2024-09-25,9665
00960,野村全球航運龍頭,180,77,103,富邦-桃園,2024-09-25,9665
00643,群益深証中小,100,0,100,富邦-桃園,2024-09-25,9665
00632R,元大台灣50反1,125,26,99,富邦-桃園,2024-09-25,9665
1584,精剛,120,25,95,富邦-桃園,2024-09-25,9665
00687B,國泰20年美債,181,93,88,富邦-桃園,2024-09-25,9665
0050,元大台灣50,110,29,81,富邦-桃園,2024-09-25,9665
00680L,元大美債20正2,212,145,67,富邦-桃園,2024-09-25,9665
2344,華邦電,72,5,67,富邦-桃園,2024-09-25,9665
00919,群益台灣精選高息,120,57,63,富邦-桃園,2024-09-25,9665
00918,大華優利高填息30,67,8,59,富邦-桃園,2024-09-25,9665
00922,國泰台灣領袖50,58,4,54,富邦-桃園,2024-09-25,9665
2610,華航,102,49,53,富邦-桃園,2024-09-25,9665
8070,長華*,72,19,53,富邦-桃園,2024-09-25,9665
00665L,富邦�琤肭磪囓�2,87,35,52,富邦-桃園,2024-09-25,9665
3062,建漢,243,192,51,富邦-桃園,2024-09-25,9665
00907,永豐優息存股,46,3,43,富邦-桃園,2024-09-25,9665
2891,中信金,71,28,43,富邦-桃園,2024-09-25,9665
00937B,群益ESG投等債20,311,270,41,富邦-桃園,2024-09-25,9665
4526,東台,50,11,39,富邦-桃園,2024-09-25,9665
3149,正達,90,52,38,富邦-桃園,2024-09-25,9665
00947,台新臺灣IC設計,40,5,35,富邦-桃園,2024-09-25,9665
2915,潤泰全,40,6,34,富邦-桃園,2024-09-25,9665
1785,光洋科,42,9,33,富邦-桃園,2024-09-25,9665
00923,群益台ESG低碳50,34,2,32,富邦-桃園,2024-09-25,9665
4306,炎洲,32,0,32,富邦-桃園,2024-09-25,9665
00933B,國泰10Y+金融債,29,0,29,富邦-桃園,2024-09-25,9665
2486,一詮,33,4,29,富邦-桃園,2024-09-25,9665
8011,台通,30,2,28,富邦-桃園,2024-09-25,9665
2515,中工,26,0,26,富邦-桃園,2024-09-25,9665
00688L,國泰20年美債正2,26,1,25,富邦-桃園,2024-09-25,9665
00945B,凱基美國非投等債,45,20,25,富邦-桃園,2024-09-25,9665
2530,華建,25,0,25,富邦-桃園,2024-09-25,9665
2423,固緯,31,8,23,富邦-桃園,2024-09-25,9665
2356,英業達,27,4,23,富邦-桃園,2024-09-25,9665
2349,錸德,33,10,23,富邦-桃園,2024-09-25,9665
2618,長榮航,33,10,23,富邦-桃園,2024-09-25,9665
5452,佶優,38,16,22,富邦-桃園,2024-09-25,9665
3306,鼎天,22,0,22,富邦-桃園,2024-09-25,9665
00948B,中信優息投資級債,23,2,21,富邦-桃園,2024-09-25,9665
2442,新美齊,22,1,21,富邦-桃園,2024-09-25,9665
8155,博智,21,0,21,富邦-桃園,2024-09-25,9665
6279,胡連,22,2,20,富邦-桃園,2024-09-25,9665
2457,飛宏,21,1,20,富邦-桃園,2024-09-25,9665
9934,成霖,20,0,20,富邦-桃園,2024-09-25,9665
1711,永光,33,14,19,富邦-桃園,2024-09-25,9665
00905,FT臺灣Smart,30,12,18,富邦-桃園,2024-09-25,9665
00937B,群益ESG投等債20,701,333,368,富邦-桃園,2024-09-26,9665
00931B,統一美債20年,336,0,336,富邦-桃園,2024-09-26,9665
00687B,國泰20年美債,419,113,306,富邦-桃園,2024-09-26,9665
3019,亞光,309,50,259,富邦-桃園,2024-09-26,9665
2888,新光金,216,11,205,富邦-桃園,2024-09-26,9665
00688L,國泰20年美債正2,135,0,135,富邦-桃園,2024-09-26,9665
00679B,元大美債20年,161,49,112,富邦-桃園,2024-09-26,9665
2313,華通,88,5,83,富邦-桃園,2024-09-26,9665
00680L,元大美債20正2,123,44,79,富邦-桃園,2024-09-26,9665
00960,野村全球航運龍頭,144,66,78,富邦-桃園,2024-09-26,9665
00795B,中信美國公債20年,76,0,76,富邦-桃園,2024-09-26,9665
00751B,元大AAA至A公司債,76,0,76,富邦-桃園,2024-09-26,9665
2312,金寶,199,126,73,富邦-桃園,2024-09-26,9665
00942B,台新美A公司債20+,67,0,67,富邦-桃園,2024-09-26,9665
9934,成霖,60,0,60,富邦-桃園,2024-09-26,9665
1309,台達化,55,0,55,富邦-桃園,2024-09-26,9665
00933B,國泰10Y+金融債,64,14,50,富邦-桃園,2024-09-26,9665
00930,永豐ESG低碳高息,46,0,46,富邦-桃園,2024-09-26,9665
5014,建錩,46,0,46,富邦-桃園,2024-09-26,9665
2882,國泰金,57,16,41,富邦-桃園,2024-09-26,9665
00927,群益半導體收益,44,3,41,富邦-桃園,2024-09-26,9665
00947,台新臺灣IC設計,39,2,37,富邦-桃園,2024-09-26,9665
00945B,凱基美國非投等債,34,0,34,富邦-桃園,2024-09-26,9665
8011,台通,32,0,32,富邦-桃園,2024-09-26,9665
2506,太設,30,0,30,富邦-桃園,2024-09-26,9665
1717,長興,36,6,30,富邦-桃園,2024-09-26,9665
2836,高雄銀,30,0,30,富邦-桃園,2024-09-26,9665
2542,興富發,36,6,30,富邦-桃園,2024-09-26,9665
1808,潤隆,34,4,30,富邦-桃園,2024-09-26,9665
3374,精材,29,3,26,富邦-桃園,2024-09-26,9665
00891,中信關鍵半導體,26,0,26,富邦-桃園,2024-09-26,9665
2453,凌群,25,0,25,富邦-桃園,2024-09-26,9665
6207,雷科,41,17,24,富邦-桃園,2024-09-26,9665
2362,藍天,97,75,22,富邦-桃園,2024-09-26,9665
1440,南紡,21,0,21,富邦-桃園,2024-09-26,9665
00712,復華富時不動產,98,77,21,富邦-桃園,2024-09-26,9665
6290,良維,20,0,20,富邦-桃園,2024-09-26,9665
2408,南亞科,57,37,20,富邦-桃園,2024-09-26,9665
1584,精剛,23,4,19,富邦-桃園,2024-09-26,9665
2399,映泰,23,4,19,富邦-桃園,2024-09-26,9665
2355,敬鵬,18,0,18,富邦-桃園,2024-09-26,9665
3149,正達,140,122,18,富邦-桃園,2024-09-26,9665
3209,全科,22,4,18,富邦-桃園,2024-09-26,9665
6188,廣明,20,3,17,富邦-桃園,2024-09-26,9665
8086,宏捷科,20,3,17,富邦-桃園,2024-09-26,9665
00720B,元大投資級公司債,16,0,16,富邦-桃園,2024-09-26,9665
8021,尖點,16,0,16,富邦-桃園,2024-09-26,9665
3051,力特,16,0,16,富邦-桃園,2024-09-26,9665
1727,中華化,16,0,16,富邦-桃園,2024-09-26,9665
1540,喬福,28,13,15,富邦-桃園,2024-09-26,9665
00632R,元大台灣50反1,403,6,397,富邦-桃園,2024-09-27,9665
00680L,元大美債20正2,350,23,327,富邦-桃園,2024-09-27,9665
00937B,群益ESG投等債20,275,28,247,富邦-桃園,2024-09-27,9665
1304,台聚,189,8,181,富邦-桃園,2024-09-27,9665
00687B,國泰20年美債,311,133,178,富邦-桃園,2024-09-27,9665
00945B,凱基美國非投等債,185,10,175,富邦-桃園,2024-09-27,9665
00688L,國泰20年美債正2,123,3,120,富邦-桃園,2024-09-27,9665
3019,亞光,120,9,111,富邦-桃園,2024-09-27,9665
2641,正德,109,7,102,富邦-桃園,2024-09-27,9665
00665L,富邦�琤肭磪囓�2,144,57,87,富邦-桃園,2024-09-27,9665
00927,群益半導體收益,82,1,81,富邦-桃園,2024-09-27,9665
00960,野村全球航運龍頭,102,31,71,富邦-桃園,2024-09-27,9665
2883,凱基金,73,6,67,富邦-桃園,2024-09-27,9665
00942B,台新美A公司債20+,65,0,65,富邦-桃園,2024-09-27,9665
1307,三芳,66,4,62,富邦-桃園,2024-09-27,9665
2609,陽明,143,83,60,富邦-桃園,2024-09-27,9665
1309,台達化,60,4,56,富邦-桃園,2024-09-27,9665
00719B,元大美債1-3,57,1,56,富邦-桃園,2024-09-27,9665
00948B,中信優息投資級債,53,0,53,富邦-桃園,2024-09-27,9665
00642U,期元大S＆P石油,52,0,52,富邦-桃園,2024-09-27,9665
3037,欣興,109,62,47,富邦-桃園,2024-09-27,9665
2313,華通,51,5,46,富邦-桃園,2024-09-27,9665
3615,安可,45,0,45,富邦-桃園,2024-09-27,9665
2423,固緯,43,0,43,富邦-桃園,2024-09-27,9665
00932,兆豐永續高息等權,40,2,38,富邦-桃園,2024-09-27,9665
2241,艾姆勒,40,3,37,富邦-桃園,2024-09-27,9665
00795B,中信美國公債20年,36,0,36,富邦-桃園,2024-09-27,9665
2891,中信金,71,35,36,富邦-桃園,2024-09-27,9665
2442,新美齊,36,1,35,富邦-桃園,2024-09-27,9665
2882,國泰金,40,5,35,富邦-桃園,2024-09-27,9665
00764B,群益25年美債,33,0,33,富邦-桃園,2024-09-27,9665
1305,華夏,32,0,32,富邦-桃園,2024-09-27,9665
00712,復華富時不動產,31,0,31,富邦-桃園,2024-09-27,9665
2365,昆盈,34,4,30,富邦-桃園,2024-09-27,9665
2399,映泰,51,21,30,富邦-桃園,2024-09-27,9665
3141,晶宏,31,3,28,富邦-桃園,2024-09-27,9665
2486,一詮,48,21,27,富邦-桃園,2024-09-27,9665
1785,光洋科,39,13,26,富邦-桃園,2024-09-27,9665
1301,台塑,35,9,26,富邦-桃園,2024-09-27,9665
2388,威盛,49,24,25,富邦-桃園,2024-09-27,9665
3029,零壹,27,2,25,富邦-桃園,2024-09-27,9665
2363,矽統,76,51,25,富邦-桃園,2024-09-27,9665
5608,四維航,54,30,24,富邦-桃園,2024-09-27,9665
3363,上詮,39,15,24,富邦-桃園,2024-09-27,9665
00679B,元大美債20年,96,74,22,富邦-桃園,2024-09-27,9665
00751B,元大AAA至A公司債,21,0,21,富邦-桃園,2024-09-27,9665
3605,宏致,31,10,21,富邦-桃園,2024-09-27,9665
3047,訊舟,23,3,20,富邦-桃園,2024-09-27,9665
00958B,永豐ESG銀行債15,22,2,20,富邦-桃園,2024-09-27,9665
2736,富野,20,0,20,富邦-桃園,2024-09-27,9665
00937B,群益ESG投等債20,824,166,658,富邦-桃園,2024-09-30,9665
00929,復華台灣科技優息,430,23,407,富邦-桃園,2024-09-30,9665
00637L,元大滬深300正2,613,217,396,富邦-桃園,2024-09-30,9665
00919,群益台灣精選高息,406,85,321,富邦-桃園,2024-09-30,9665
00680L,元大美債20正2,315,109,206,富邦-桃園,2024-09-30,9665
00948B,中信優息投資級債,205,2,203,富邦-桃園,2024-09-30,9665
2313,華通,170,23,147,富邦-桃園,2024-09-30,9665
00687B,國泰20年美債,330,189,141,富邦-桃園,2024-09-30,9665
00940,元大台灣價值高息,154,34,120,富邦-桃園,2024-09-30,9665
00922,國泰台灣領袖50,113,1,112,富邦-桃園,2024-09-30,9665
00636,國泰中國A50,77,2,75,富邦-桃園,2024-09-30,9665
1305,華夏,77,4,73,富邦-桃園,2024-09-30,9665
00878,國泰永續高股息,143,73,70,富邦-桃園,2024-09-30,9665
1309,台達化,76,15,61,富邦-桃園,2024-09-30,9665
0056,元大高股息,71,10,61,富邦-桃園,2024-09-30,9665
00641R,富邦日本反1,60,0,60,富邦-桃園,2024-09-30,9665
2023,燁輝,61,1,60,富邦-桃園,2024-09-30,9665
2442,新美齊,59,0,59,富邦-桃園,2024-09-30,9665
2382,廣達,61,8,53,富邦-桃園,2024-09-30,9665
00927,群益半導體收益,51,0,51,富邦-桃園,2024-09-30,9665
3550,聯穎,64,21,43,富邦-桃園,2024-09-30,9665
00633L,富邦上証正2,224,181,43,富邦-桃園,2024-09-30,9665
8111,立��,79,38,41,富邦-桃園,2024-09-30,9665
2330,台積電,44,4,40,富邦-桃園,2024-09-30,9665
3501,維熹,35,0,35,富邦-桃園,2024-09-30,9665
2423,固緯,35,0,35,富邦-桃園,2024-09-30,9665
00881,國泰台灣5G+,34,0,34,富邦-桃園,2024-09-30,9665
00946,群益科技高息成長,32,1,31,富邦-桃園,2024-09-30,9665
00720B,元大投資級公司債,32,2,30,富邦-桃園,2024-09-30,9665
8429,金麗-KY,30,0,30,富邦-桃園,2024-09-30,9665
00688L,國泰20年美債正2,38,10,28,富邦-桃園,2024-09-30,9665
3037,欣興,78,50,28,富邦-桃園,2024-09-30,9665
006208,富邦台50,35,7,28,富邦-桃園,2024-09-30,9665
2915,潤泰全,27,0,27,富邦-桃園,2024-09-30,9665
00753L,中信中國50正2,58,31,27,富邦-桃園,2024-09-30,9665
00639,富邦深100,31,5,26,富邦-桃園,2024-09-30,9665
00634R,富邦上証反1,25,0,25,富邦-桃園,2024-09-30,9665
2308,台達電,25,1,24,富邦-桃園,2024-09-30,9665
2356,英業達,54,31,23,富邦-桃園,2024-09-30,9665
1314,中石化,26,3,23,富邦-桃園,2024-09-30,9665
00679B,元大美債20年,74,51,23,富邦-桃園,2024-09-30,9665
1519,華城,28,5,23,富邦-桃園,2024-09-30,9665
2409,友達,51,29,22,富邦-桃園,2024-09-30,9665
00675L,富邦臺灣加權正2,71,50,21,富邦-桃園,2024-09-30,9665
2542,興富發,21,0,21,富邦-桃園,2024-09-30,9665
2606,裕民,29,8,21,富邦-桃園,2024-09-30,9665
9934,成霖,20,0,20,富邦-桃園,2024-09-30,9665
1612,宏泰,20,0,20,富邦-桃園,2024-09-30,9665
00930,永豐ESG低碳高息,20,0,20,富邦-桃園,2024-09-30,9665
4566,時碩工業,25,5,20,富邦-桃園,2024-09-30,9665
00687B,國泰20年美債,386,60,326,富邦-桃園,2024-10-01,9665
00929,復華台灣科技優息,329,25,304,富邦-桃園,2024-10-01,9665
0056,元大高股息,167,14,153,富邦-桃園,2024-10-01,9665
2883,凱基金,144,0,144,富邦-桃園,2024-10-01,9665
00937B,群益ESG投等債20,236,101,135,富邦-桃園,2024-10-01,9665
00948B,中信優息投資級債,155,35,120,富邦-桃園,2024-10-01,9665
00878,國泰永續高股息,135,21,114,富邦-桃園,2024-10-01,9665
2888,新光金,126,20,106,富邦-桃園,2024-10-01,9665
2615,萬海,145,52,93,富邦-桃園,2024-10-01,9665
00688L,國泰20年美債正2,88,8,80,富邦-桃園,2024-10-01,9665
00680L,元大美債20正2,76,0,76,富邦-桃園,2024-10-01,9665
0061,元大寶滬深,79,3,76,富邦-桃園,2024-10-01,9665
00665L,富邦�琤肭磪囓�2,83,26,57,富邦-桃園,2024-10-01,9665
00751B,元大AAA至A公司債,52,1,51,富邦-桃園,2024-10-01,9665
5014,建錩,51,0,51,富邦-桃園,2024-10-01,9665
00753L,中信中國50正2,64,14,50,富邦-桃園,2024-10-01,9665
2323,中環,61,12,49,富邦-桃園,2024-10-01,9665
1309,台達化,52,4,48,富邦-桃園,2024-10-01,9665
00679B,元大美債20年,86,43,43,富邦-桃園,2024-10-01,9665
1447,力鵬,40,0,40,富邦-桃園,2024-10-01,9665
2399,映泰,92,56,36,富邦-桃園,2024-10-01,9665
00919,群益台灣精選高息,82,47,35,富邦-桃園,2024-10-01,9665
2613,中櫃,49,16,33,富邦-桃園,2024-10-01,9665
6270,倍微,30,2,28,富邦-桃園,2024-10-01,9665
00752,中信中國50,30,3,27,富邦-桃園,2024-10-01,9665
2241,艾姆勒,26,1,25,富邦-桃園,2024-10-01,9665
6213,聯茂,27,4,23,富邦-桃園,2024-10-01,9665
3481,群創,27,5,22,富邦-桃園,2024-10-01,9665
2542,興富發,28,6,22,富邦-桃園,2024-10-01,9665
3294,英濟,21,0,21,富邦-桃園,2024-10-01,9665
4566,時碩工業,21,0,21,富邦-桃園,2024-10-01,9665
4958,臻鼎-KY,23,3,20,富邦-桃園,2024-10-01,9665
6290,良維,20,0,20,富邦-桃園,2024-10-01,9665
4561,健椿,20,1,19,富邦-桃園,2024-10-01,9665
3511,矽瑪,90,71,19,富邦-桃園,2024-10-01,9665
6241,易通展,19,0,19,富邦-桃園,2024-10-01,9665
5608,四維航,20,2,18,富邦-桃園,2024-10-01,9665
1727,中華化,18,0,18,富邦-桃園,2024-10-01,9665
00946,群益科技高息成長,17,0,17,富邦-桃園,2024-10-01,9665
2331,精英,17,0,17,富邦-桃園,2024-10-01,9665
00923,群益台ESG低碳50,16,0,16,富邦-桃園,2024-10-01,9665
9921,巨大,16,0,16,富邦-桃園,2024-10-01,9665
2317,鴻海,125,109,16,富邦-桃園,2024-10-01,9665
00915,凱基優選高股息30,21,6,15,富邦-桃園,2024-10-01,9665
6770,力積電,15,0,15,富邦-桃園,2024-10-01,9665
2836,高雄銀,15,0,15,富邦-桃園,2024-10-01,9665
3576,聯合再生,15,1,14,富邦-桃園,2024-10-01,9665
2801,彰銀,14,0,14,富邦-桃園,2024-10-01,9665
2385,群光,14,0,14,富邦-桃園,2024-10-01,9665
00650L,復華香港正2,16,2,14,富邦-桃園,2024-10-01,9665
2610,華航,462,4,458,富邦-桃園,2024-10-04,9665
00919,群益台灣精選高息,469,66,403,富邦-桃園,2024-10-04,9665
00929,復華台灣科技優息,420,36,384,富邦-桃園,2024-10-04,9665
00688L,國泰20年美債正2,314,23,291,富邦-桃園,2024-10-04,9665
00680L,元大美債20正2,306,70,236,富邦-桃園,2024-10-04,9665
00948B,中信優息投資級債,220,0,220,富邦-桃園,2024-10-04,9665
1802,台玻,208,16,192,富邦-桃園,2024-10-04,9665
00940,元大台灣價值高息,201,17,184,富邦-桃園,2024-10-04,9665
2618,長榮航,232,59,173,富邦-桃園,2024-10-04,9665
00943,兆豐電子高息等權,168,0,168,富邦-桃園,2024-10-04,9665
00720B,元大投資級公司債,133,0,133,富邦-桃園,2024-10-04,9665
0056,元大高股息,154,22,132,富邦-桃園,2024-10-04,9665
00752,中信中國50,139,20,119,富邦-桃園,2024-10-04,9665
00673R,期元大S＆P原油反1,89,0,89,富邦-桃園,2024-10-04,9665
00655L,國泰中國A50正2,146,57,89,富邦-桃園,2024-10-04,9665
00878,國泰永續高股息,112,26,86,富邦-桃園,2024-10-04,9665
2609,陽明,178,94,84,富邦-桃園,2024-10-04,9665
2498,宏達電,141,62,79,富邦-桃園,2024-10-04,9665
2313,華通,91,15,76,富邦-桃園,2024-10-04,9665
00650L,復華香港正2,225,150,75,富邦-桃園,2024-10-04,9665
00712,復華富時不動產,74,4,70,富邦-桃園,2024-10-04,9665
8429,金麗-KY,71,2,69,富邦-桃園,2024-10-04,9665
1815,富喬,77,14,63,富邦-桃園,2024-10-04,9665
2615,萬海,80,18,62,富邦-桃園,2024-10-04,9665
2603,長榮,82,20,62,富邦-桃園,2024-10-04,9665
00636,國泰中國A50,93,34,59,富邦-桃園,2024-10-04,9665
4566,時碩工業,57,2,55,富邦-桃園,2024-10-04,9665
2014,中鴻,60,7,53,富邦-桃園,2024-10-04,9665
1444,力麗,50,0,50,富邦-桃園,2024-10-04,9665
4114,健喬,50,0,50,富邦-桃園,2024-10-04,9665
2353,宏��,51,1,50,富邦-桃園,2024-10-04,9665
3062,建漢,55,6,49,富邦-桃園,2024-10-04,9665
2303,聯電,42,0,42,富邦-桃園,2024-10-04,9665
00881,國泰台灣5G+,53,12,41,富邦-桃園,2024-10-04,9665
00918,大華優利高填息30,66,28,38,富邦-桃園,2024-10-04,9665
2308,台達電,37,1,36,富邦-桃園,2024-10-04,9665
6834,天二科技,35,0,35,富邦-桃園,2024-10-04,9665
2423,固緯,35,0,35,富邦-桃園,2024-10-04,9665
00939,統一台灣高息動能,28,0,28,富邦-桃園,2024-10-04,9665
2891,中信金,38,13,25,富邦-桃園,2024-10-04,9665
00633L,富邦上証正2,119,94,25,富邦-桃園,2024-10-04,9665
2834,臺企銀,23,0,23,富邦-桃園,2024-10-04,9665
3037,欣興,28,6,22,富邦-桃園,2024-10-04,9665
2464,盟立,25,4,21,富邦-桃園,2024-10-04,9665
00887,永豐中國科技50大,28,8,20,富邦-桃園,2024-10-04,9665
00706L,期元大S＆P日圓正2,20,0,20,富邦-桃園,2024-10-04,9665
2530,華建,20,0,20,富邦-桃園,2024-10-04,9665
2836,高雄銀,20,0,20,富邦-桃園,2024-10-04,9665
2382,廣達,25,6,19,富邦-桃園,2024-10-04,9665
00713,元大台灣高息低波,34,16,18,富邦-桃園,2024-10-04,9665
00882,中信中國高股息,654,142,512,富邦-桃園,2024-10-07,9665
00665L,富邦�琤肭磪囓�2,627,270,357,富邦-桃園,2024-10-07,9665
00688L,國泰20年美債正2,302,7,295,富邦-桃園,2024-10-07,9665
00864B,中信美國公債0-1,184,0,184,富邦-桃園,2024-10-07,9665
00937B,群益ESG投等債20,192,47,145,富邦-桃園,2024-10-07,9665
2317,鴻海,153,41,112,富邦-桃園,2024-10-07,9665
1314,中石化,162,61,101,富邦-桃園,2024-10-07,9665
9934,成霖,100,0,100,富邦-桃園,2024-10-07,9665
00919,群益台灣精選高息,134,46,88,富邦-桃園,2024-10-07,9665
00687B,國泰20年美債,134,53,81,富邦-桃園,2024-10-07,9665
00680L,元大美債20正2,99,31,68,富邦-桃園,2024-10-07,9665
0056,元大高股息,66,4,62,富邦-桃園,2024-10-07,9665
2313,華通,107,48,59,富邦-桃園,2024-10-07,9665
00715L,期街口布蘭特正2,123,69,54,富邦-桃園,2024-10-07,9665
2515,中工,56,6,50,富邦-桃園,2024-10-07,9665
00637L,元大滬深300正2,285,245,40,富邦-桃園,2024-10-07,9665
3481,群創,72,37,35,富邦-桃園,2024-10-07,9665
00795B,中信美國公債20年,45,10,35,富邦-桃園,2024-10-07,9665
9105,泰金寶-DR,50,16,34,富邦-桃園,2024-10-07,9665
00940,元大台灣價值高息,47,15,32,富邦-桃園,2024-10-07,9665
4114,健喬,32,0,32,富邦-桃園,2024-10-07,9665
1727,中華化,45,13,32,富邦-桃園,2024-10-07,9665
00673R,期元大S＆P原油反1,31,0,31,富邦-桃園,2024-10-07,9665
2374,佳能,32,1,31,富邦-桃園,2024-10-07,9665
6179,亞通,32,1,31,富邦-桃園,2024-10-07,9665
0061,元大寶滬深,36,7,29,富邦-桃園,2024-10-07,9665
00679B,元大美債20年,105,77,28,富邦-桃園,2024-10-07,9665
2303,聯電,30,2,28,富邦-桃園,2024-10-07,9665
2504,國產,27,0,27,富邦-桃園,2024-10-07,9665
912000,晨訊科-DR,26,0,26,富邦-桃園,2024-10-07,9665
5907,大洋-KY,72,47,25,富邦-桃園,2024-10-07,9665
2891,中信金,34,9,25,富邦-桃園,2024-10-07,9665
00753L,中信中國50正2,111,86,25,富邦-桃園,2024-10-07,9665
00700,富邦�琤肭磪�,33,8,25,富邦-桃園,2024-10-07,9665
6834,天二科技,30,5,25,富邦-桃園,2024-10-07,9665
2408,南亞科,27,3,24,富邦-桃園,2024-10-07,9665
6118,建達,32,8,24,富邦-桃園,2024-10-07,9665
2014,中鴻,49,26,23,富邦-桃園,2024-10-07,9665
2402,毅嘉,52,30,22,富邦-桃園,2024-10-07,9665
2353,宏��,22,0,22,富邦-桃園,2024-10-07,9665
5014,建錩,25,3,22,富邦-桃園,2024-10-07,9665
3605,宏致,25,4,21,富邦-桃園,2024-10-07,9665
00653L,富邦印度正2,21,0,21,富邦-桃園,2024-10-07,9665
00634R,富邦上証反1,21,0,21,富邦-桃園,2024-10-07,9665
2867,三商壽,38,18,20,富邦-桃園,2024-10-07,9665
3374,精材,33,13,20,富邦-桃園,2024-10-07,9665
1595,川寶,24,4,20,富邦-桃園,2024-10-07,9665
00951,台新日本半導體,20,0,20,富邦-桃園,2024-10-07,9665
1711,永光,33,13,20,富邦-桃園,2024-10-07,9665
00948B,中信優息投資級債,38,20,18,富邦-桃園,2024-10-07,9665
00948B,中信優息投資級債,3077,24,3053,富邦-桃園,2024-10-08,9665
00882,中信中國高股息,2871,204,2667,富邦-桃園,2024-10-08,9665
00919,群益台灣精選高息,361,30,331,富邦-桃園,2024-10-08,9665
00679B,元大美債20年,234,21,213,富邦-桃園,2024-10-08,9665
00929,復華台灣科技優息,261,67,194,富邦-桃園,2024-10-08,9665
00637L,元大滬深300正2,852,675,177,富邦-桃園,2024-10-08,9665
00666R,富邦�琤肭磪齯�1,180,3,177,富邦-桃園,2024-10-08,9665
00753L,中信中國50正2,239,67,172,富邦-桃園,2024-10-08,9665
00673R,期元大S＆P原油反1,154,1,153,富邦-桃園,2024-10-08,9665
00752,中信中國50,210,60,150,富邦-桃園,2024-10-08,9665
00878,國泰永續高股息,208,61,147,富邦-桃園,2024-10-08,9665
2883,凱基金,136,1,135,富邦-桃園,2024-10-08,9665
00688L,國泰20年美債正2,141,20,121,富邦-桃園,2024-10-08,9665
2303,聯電,106,0,106,富邦-桃園,2024-10-08,9665
0056,元大高股息,125,24,101,富邦-桃園,2024-10-08,9665
00887,永豐中國科技50大,386,289,97,富邦-桃園,2024-10-08,9665
00922,國泰台灣領袖50,88,0,88,富邦-桃園,2024-10-08,9665
00633L,富邦上証正2,139,64,75,富邦-桃園,2024-10-08,9665
1314,中石化,87,12,75,富邦-桃園,2024-10-08,9665
1727,中華化,62,2,60,富邦-桃園,2024-10-08,9665
6269,台郡,63,4,59,富邦-桃園,2024-10-08,9665
3049,精金,172,115,57,富邦-桃園,2024-10-08,9665
4903,聯光通,131,81,50,富邦-桃園,2024-10-08,9665
00935,野村臺灣新科技50,50,1,49,富邦-桃園,2024-10-08,9665
5443,均豪,73,25,48,富邦-桃園,2024-10-08,9665
1460,宏遠,46,0,46,富邦-桃園,2024-10-08,9665
2313,華通,58,13,45,富邦-桃園,2024-10-08,9665
00937B,群益ESG投等債20,81,40,41,富邦-桃園,2024-10-08,9665
00943,兆豐電子高息等權,36,0,36,富邦-桃園,2024-10-08,9665
00918,大華優利高填息30,35,0,35,富邦-桃園,2024-10-08,9665
2834,臺企銀,36,2,34,富邦-桃園,2024-10-08,9665
3706,神達,35,2,33,富邦-桃園,2024-10-08,9665
00636,國泰中國A50,48,15,33,富邦-桃園,2024-10-08,9665
2423,固緯,33,1,32,富邦-桃園,2024-10-08,9665
3294,英濟,32,0,32,富邦-桃園,2024-10-08,9665
2023,燁輝,32,1,31,富邦-桃園,2024-10-08,9665
00687B,國泰20年美債,209,178,31,富邦-桃園,2024-10-08,9665
00940,元大台灣價值高息,45,15,30,富邦-桃園,2024-10-08,9665
0061,元大寶滬深,46,17,29,富邦-桃園,2024-10-08,9665
1519,華城,37,9,28,富邦-桃園,2024-10-08,9665
2356,英業達,40,13,27,富邦-桃園,2024-10-08,9665
2436,偉詮電,72,45,27,富邦-桃園,2024-10-08,9665
3037,欣興,28,1,27,富邦-桃園,2024-10-08,9665
00795B,中信美國公債20年,34,8,26,富邦-桃園,2024-10-08,9665
2426,鼎元,34,8,26,富邦-桃園,2024-10-08,9665
3149,正達,98,73,25,富邦-桃園,2024-10-08,9665
2362,藍天,50,25,25,富邦-桃園,2024-10-08,9665
1316,上曜,26,1,25,富邦-桃園,2024-10-08,9665
006208,富邦台50,32,7,25,富邦-桃園,2024-10-08,9665
6405,悅城,29,6,23,富邦-桃園,2024-10-08,9665
00882,中信中國高股息,2142,535,1607,富邦-桃園,2024-10-09,9665
00637L,元大滬深300正2,610,176,434,富邦-桃園,2024-10-09,9665
00948B,中信優息投資級債,385,10,375,富邦-桃園,2024-10-09,9665
00680L,元大美債20正2,278,7,271,富邦-桃園,2024-10-09,9665
00688L,國泰20年美債正2,228,25,203,富邦-桃園,2024-10-09,9665
00937B,群益ESG投等債20,251,87,164,富邦-桃園,2024-10-09,9665
00753L,中信中國50正2,156,32,124,富邦-桃園,2024-10-09,9665
00922,國泰台灣領袖50,121,13,108,富邦-桃園,2024-10-09,9665
00665L,富邦�琤肭磪囓�2,131,40,91,富邦-桃園,2024-10-09,9665
3511,矽瑪,96,11,85,富邦-桃園,2024-10-09,9665
3049,精金,135,56,79,富邦-桃園,2024-10-09,9665
00919,群益台灣精選高息,107,33,74,富邦-桃園,2024-10-09,9665
5876,上海商銀,70,0,70,富邦-桃園,2024-10-09,9665
2423,固緯,70,0,70,富邦-桃園,2024-10-09,9665
0056,元大高股息,81,11,70,富邦-桃園,2024-10-09,9665
00795B,中信美國公債20年,58,0,58,富邦-桃園,2024-10-09,9665
00634R,富邦上証反1,104,48,56,富邦-桃園,2024-10-09,9665
2399,映泰,177,122,55,富邦-桃園,2024-10-09,9665
00643,群益深証中小,50,0,50,富邦-桃園,2024-10-09,9665
3062,建漢,63,13,50,富邦-桃園,2024-10-09,9665
2883,凱基金,50,1,49,富邦-桃園,2024-10-09,9665
2464,盟立,62,14,48,富邦-桃園,2024-10-09,9665
00752,中信中國50,108,65,43,富邦-桃園,2024-10-09,9665
2363,矽統,164,121,43,富邦-桃園,2024-10-09,9665
6530,創威,56,13,43,富邦-桃園,2024-10-09,9665
00720B,元大投資級公司債,44,1,43,富邦-桃園,2024-10-09,9665
2891,中信金,78,38,40,富邦-桃園,2024-10-09,9665
1522,堤維西,40,1,39,富邦-桃園,2024-10-09,9665
6126,信音,40,3,37,富邦-桃園,2024-10-09,9665
00673R,期元大S＆P原油反1,37,0,37,富邦-桃園,2024-10-09,9665
1304,台聚,35,0,35,富邦-桃園,2024-10-09,9665
4933,友輝,35,1,34,富邦-桃園,2024-10-09,9665
2536,宏普,32,0,32,富邦-桃園,2024-10-09,9665
2365,昆盈,42,13,29,富邦-桃園,2024-10-09,9665
3481,群創,125,96,29,富邦-桃園,2024-10-09,9665
2313,華通,33,6,27,富邦-桃園,2024-10-09,9665
00931B,統一美債20年,27,0,27,富邦-桃園,2024-10-09,9665
00639,富邦深100,48,21,27,富邦-桃園,2024-10-09,9665
00900,富邦特選高股息30,26,1,25,富邦-桃園,2024-10-09,9665
2303,聯電,30,5,25,富邦-桃園,2024-10-09,9665
00751B,元大AAA至A公司債,23,0,23,富邦-桃園,2024-10-09,9665
00783,富邦中証500,22,0,22,富邦-桃園,2024-10-09,9665
2457,飛宏,22,0,22,富邦-桃園,2024-10-09,9665
5443,均豪,71,50,21,富邦-桃園,2024-10-09,9665
6742,澤米,24,3,21,富邦-桃園,2024-10-09,9665
1314,中石化,62,41,21,富邦-桃園,2024-10-09,9665
6506,雙邦,21,1,20,富邦-桃園,2024-10-09,9665
00632R,元大台灣50反1,36,17,19,富邦-桃園,2024-10-09,9665
00907,永豐優息存股,18,0,18,富邦-桃園,2024-10-09,9665
2376,技嘉,18,0,18,富邦-桃園,2024-10-09,9665
00679B,元大美債20年,298,30,268,富邦-桃園,2024-10-11,9665
00949,復華日本龍頭,200,0,200,富邦-桃園,2024-10-11,9665
00688L,國泰20年美債正2,190,3,187,富邦-桃園,2024-10-11,9665
2449,京元電子,214,54,160,富邦-桃園,2024-10-11,9665
0056,元大高股息,163,10,153,富邦-桃園,2024-10-11,9665
00680L,元大美債20正2,192,40,152,富邦-桃園,2024-10-11,9665
00715L,期街口布蘭特正2,198,58,140,富邦-桃園,2024-10-11,9665
00948B,中信優息投資級債,100,0,100,富邦-桃園,2024-10-11,9665
2344,華邦電,86,3,83,富邦-桃園,2024-10-11,9665
2423,固緯,69,0,69,富邦-桃園,2024-10-11,9665
00919,群益台灣精選高息,92,24,68,富邦-桃園,2024-10-11,9665
00929,復華台灣科技優息,138,74,64,富邦-桃園,2024-10-11,9665
2388,威盛,68,7,61,富邦-桃園,2024-10-11,9665
00632R,元大台灣50反1,114,54,60,富邦-桃園,2024-10-11,9665
00637L,元大滬深300正2,346,287,59,富邦-桃園,2024-10-11,9665
00922,國泰台灣領袖50,75,22,53,富邦-桃園,2024-10-11,9665
00751B,元大AAA至A公司債,56,10,46,富邦-桃園,2024-10-11,9665
00673R,期元大S＆P原油反1,46,0,46,富邦-桃園,2024-10-11,9665
3481,群創,43,1,42,富邦-桃園,2024-10-11,9665
00639,富邦深100,64,25,39,富邦-桃園,2024-10-11,9665
3149,正達,140,101,39,富邦-桃園,2024-10-11,9665
2605,新興,35,0,35,富邦-桃園,2024-10-11,9665
8032,光菱,43,11,32,富邦-桃園,2024-10-11,9665
00713,元大台灣高息低波,32,0,32,富邦-桃園,2024-10-11,9665
2888,新光金,106,75,31,富邦-桃園,2024-10-11,9665
1316,上曜,31,0,31,富邦-桃園,2024-10-11,9665
00877,復華中國5G,30,1,29,富邦-桃園,2024-10-11,9665
3189,景碩,30,1,29,富邦-桃園,2024-10-11,9665
2313,華通,35,7,28,富邦-桃園,2024-10-11,9665
6770,力積電,31,3,28,富邦-桃園,2024-10-11,9665
4956,光鋐,46,19,27,富邦-桃園,2024-10-11,9665
00933B,國泰10Y+金融債,26,0,26,富邦-桃園,2024-10-11,9665
00720B,元大投資級公司債,26,0,26,富邦-桃園,2024-10-11,9665
5230,雷笛克光學,26,0,26,富邦-桃園,2024-10-11,9665
4909,新復興,30,5,25,富邦-桃園,2024-10-11,9665
6257,矽格,35,12,23,富邦-桃園,2024-10-11,9665
2363,矽統,47,24,23,富邦-桃園,2024-10-11,9665
00959B,大華投等美債15Y+,23,0,23,富邦-桃園,2024-10-11,9665
2425,承啟,37,15,22,富邦-桃園,2024-10-11,9665
00753L,中信中國50正2,21,0,21,富邦-桃園,2024-10-11,9665
1806,冠軍,20,0,20,富邦-桃園,2024-10-11,9665
3230,錦明,21,1,20,富邦-桃園,2024-10-11,9665
6215,和椿,21,2,19,富邦-桃園,2024-10-11,9665
00927,群益半導體收益,25,7,18,富邦-桃園,2024-10-11,9665
2495,普安,25,7,18,富邦-桃園,2024-10-11,9665
3093,港建*,19,1,18,富邦-桃園,2024-10-11,9665
2303,聯電,19,1,18,富邦-桃園,2024-10-11,9665
1785,光洋科,41,23,18,富邦-桃園,2024-10-11,9665
3037,欣興,19,2,17,富邦-桃園,2024-10-11,9665
3141,晶宏,21,4,17,富邦-桃園,2024-10-11,9665
00948B,中信優息投資級債,2654,8,2646,富邦-桃園,2024-10-14,9665
00680L,元大美債20正2,270,0,270,富邦-桃園,2024-10-14,9665
00887,永豐中國科技50大,183,12,171,富邦-桃園,2024-10-14,9665
00637L,元大滬深300正2,473,326,147,富邦-桃園,2024-10-14,9665
3231,緯創,184,55,129,富邦-桃園,2024-10-14,9665
00688L,國泰20年美債正2,93,0,93,富邦-桃園,2024-10-14,9665
2312,金寶,136,61,75,富邦-桃園,2024-10-14,9665
00795B,中信美國公債20年,65,3,62,富邦-桃園,2024-10-14,9665
2399,映泰,132,80,52,富邦-桃園,2024-10-14,9665
9105,泰金寶-DR,75,27,48,富邦-桃園,2024-10-14,9665
3189,景碩,73,30,43,富邦-桃園,2024-10-14,9665
0056,元大高股息,73,31,42,富邦-桃園,2024-10-14,9665
5324,士開,40,0,40,富邦-桃園,2024-10-14,9665
3522,御嵿,38,0,38,富邦-桃園,2024-10-14,9665
00650L,復華香港正2,40,6,34,富邦-桃園,2024-10-14,9665
2423,固緯,32,0,32,富邦-桃園,2024-10-14,9665
6425,易發,105,77,28,富邦-桃園,2024-10-14,9665
2426,鼎元,42,15,27,富邦-桃園,2024-10-14,9665
00679B,元大美債20年,165,139,26,富邦-桃園,2024-10-14,9665
00959B,大華投等美債15Y+,25,0,25,富邦-桃園,2024-10-14,9665
2486,一詮,45,22,23,富邦-桃園,2024-10-14,9665
6770,力積電,23,0,23,富邦-桃園,2024-10-14,9665
3006,晶豪科,22,1,21,富邦-桃園,2024-10-14,9665
5876,上海商銀,21,0,21,富邦-桃園,2024-10-14,9665
00725B,國泰投資級公司債,20,0,20,富邦-桃園,2024-10-14,9665
00700,富邦�琤肭磪�,20,0,20,富邦-桃園,2024-10-14,9665
3048,益登,20,0,20,富邦-桃園,2024-10-14,9665
2317,鴻海,48,29,19,富邦-桃園,2024-10-14,9665
3511,矽瑪,20,2,18,富邦-桃園,2024-10-14,9665
00894,中信小資高價30,18,0,18,富邦-桃園,2024-10-14,9665
00712,復華富時不動產,17,0,17,富邦-桃園,2024-10-14,9665
5871,中租-KY,18,1,17,富邦-桃園,2024-10-14,9665
2867,三商壽,16,0,16,富邦-桃園,2024-10-14,9665
00639,富邦深100,23,7,16,富邦-桃園,2024-10-14,9665
2344,華邦電,26,11,15,富邦-桃園,2024-10-14,9665
00753L,中信中國50正2,58,43,15,富邦-桃園,2024-10-14,9665
00666R,富邦�琤肭磪齯�1,15,1,14,富邦-桃園,2024-10-14,9665
00675L,富邦臺灣加權正2,20,6,14,富邦-桃園,2024-10-14,9665
00929,復華台灣科技優息,65,52,13,富邦-桃園,2024-10-14,9665
1802,台玻,13,0,13,富邦-桃園,2024-10-14,9665
00636,國泰中國A50,16,3,13,富邦-桃園,2024-10-14,9665
8111,立��,49,36,13,富邦-桃園,2024-10-14,9665
6163,華電網,13,1,12,富邦-桃園,2024-10-14,9665
00946,群益科技高息成長,23,11,12,富邦-桃園,2024-10-14,9665
00943,兆豐電子高息等權,12,0,12,富邦-桃園,2024-10-14,9665
8299,群聯,13,2,11,富邦-桃園,2024-10-14,9665
00720B,元大投資級公司債,11,0,11,富邦-桃園,2024-10-14,9665
2421,建準,38,27,11,富邦-桃園,2024-10-14,9665
1314,中石化,12,1,11,富邦-桃園,2024-10-14,9665
2436,偉詮電,16,6,10,富邦-桃園,2024-10-14,9665
00680L,元大美債20正2,322,6,316,富邦-桃園,2024-10-15,9665
00687B,國泰20年美債,321,21,300,富邦-桃園,2024-10-15,9665
00937B,群益ESG投等債20,237,32,205,富邦-桃園,2024-10-15,9665
00679B,元大美債20年,163,44,119,富邦-桃園,2024-10-15,9665
1314,中石化,168,51,117,富邦-桃園,2024-10-15,9665
00712,復華富時不動產,115,3,112,富邦-桃園,2024-10-15,9665
2312,金寶,115,26,89,富邦-桃園,2024-10-15,9665
00887,永豐中國科技50大,90,17,73,富邦-桃園,2024-10-15,9665
00632R,元大台灣50反1,164,90,74,富邦-桃園,2024-10-15,9665
00665L,富邦�琤肭磪囓�2,168,100,68,富邦-桃園,2024-10-15,9665
00948B,中信優息投資級債,67,6,61,富邦-桃園,2024-10-15,9665
00882,中信中國高股息,83,23,60,富邦-桃園,2024-10-15,9665
00922,國泰台灣領袖50,77,17,60,富邦-桃園,2024-10-15,9665
00720B,元大投資級公司債,55,2,53,富邦-桃園,2024-10-15,9665
00725B,國泰投資級公司債,51,0,51,富邦-桃園,2024-10-15,9665
9934,成霖,50,0,50,富邦-桃園,2024-10-15,9665
1524,耿鼎,49,3,46,富邦-桃園,2024-10-15,9665
1447,力鵬,55,10,45,富邦-桃園,2024-10-15,9665
6177,達麗,43,0,43,富邦-桃園,2024-10-15,9665
2423,固緯,43,0,43,富邦-桃園,2024-10-15,9665
3714,富采,41,0,41,富邦-桃園,2024-10-15,9665
00900,富邦特選高股息30,54,14,40,富邦-桃園,2024-10-15,9665
00961,FT臺灣永續高息,40,0,40,富邦-桃園,2024-10-15,9665
6548,長科*,32,0,32,富邦-桃園,2024-10-15,9665
3294,英濟,32,0,32,富邦-桃園,2024-10-15,9665
1513,中興電,35,3,32,富邦-桃園,2024-10-15,9665
3060,銘異,31,1,30,富邦-桃園,2024-10-15,9665
1301,台塑,30,0,30,富邦-桃園,2024-10-15,9665
00912,中信臺灣智慧50,30,1,29,富邦-桃園,2024-10-15,9665
00919,群益台灣精選高息,67,40,27,富邦-桃園,2024-10-15,9665
4956,光鋐,101,74,27,富邦-桃園,2024-10-15,9665
00946,群益科技高息成長,32,7,25,富邦-桃園,2024-10-15,9665
00639,富邦深100,34,9,25,富邦-桃園,2024-10-15,9665
6186,新潤,25,1,24,富邦-桃園,2024-10-15,9665
6706,惠特,33,9,24,富邦-桃園,2024-10-15,9665
2464,盟立,33,10,23,富邦-桃園,2024-10-15,9665
2426,鼎元,46,23,23,富邦-桃園,2024-10-15,9665
00688L,國泰20年美債正2,33,11,22,富邦-桃園,2024-10-15,9665
3049,精金,24,2,22,富邦-桃園,2024-10-15,9665
1605,華新,22,1,21,富邦-桃園,2024-10-15,9665
2402,毅嘉,24,3,21,富邦-桃園,2024-10-15,9665
4563,百德,21,0,21,富邦-桃園,2024-10-15,9665
2367,燿華,21,1,20,富邦-桃園,2024-10-15,9665
3047,訊舟,28,8,20,富邦-桃園,2024-10-15,9665
00650L,復華香港正2,35,15,20,富邦-桃園,2024-10-15,9665
6958,日盛台駿,20,0,20,富邦-桃園,2024-10-15,9665
2002,中鋼,21,1,20,富邦-桃園,2024-10-15,9665
5443,均豪,36,18,18,富邦-桃園,2024-10-15,9665
2498,宏達電,18,1,17,富邦-桃園,2024-10-15,9665
3149,正達,101,85,16,富邦-桃園,2024-10-15,9665
00680L,元大美債20正2,585,0,585,富邦-桃園,2024-10-16,9665
00948B,中信優息投資級債,535,13,522,富邦-桃園,2024-10-16,9665
2883,凱基金,477,133,344,富邦-桃園,2024-10-16,9665
00687B,國泰20年美債,225,6,219,富邦-桃園,2024-10-16,9665
00922,國泰台灣領袖50,229,34,195,富邦-桃園,2024-10-16,9665
00715L,期街口布蘭特正2,183,10,173,富邦-桃園,2024-10-16,9665
0056,元大高股息,206,53,153,富邦-桃園,2024-10-16,9665
00887,永豐中國科技50大,166,36,130,富邦-桃園,2024-10-16,9665
2888,新光金,119,1,118,富邦-桃園,2024-10-16,9665
00637L,元大滬深300正2,409,313,96,富邦-桃園,2024-10-16,9665
00953B,群益優選非投等債,100,10,90,富邦-桃園,2024-10-16,9665
00935,野村臺灣新科技50,98,10,88,富邦-桃園,2024-10-16,9665
00937B,群益ESG投等債20,139,56,83,富邦-桃園,2024-10-16,9665
00722B,群益投資級電信債,75,0,75,富邦-桃園,2024-10-16,9665
00929,復華台灣科技優息,133,59,74,富邦-桃園,2024-10-16,9665
2442,新美齊,70,1,69,富邦-桃園,2024-10-16,9665
2344,華邦電,70,5,65,富邦-桃園,2024-10-16,9665
00919,群益台灣精選高息,186,123,63,富邦-桃園,2024-10-16,9665
2317,鴻海,110,48,62,富邦-桃園,2024-10-16,9665
00878,國泰永續高股息,70,10,60,富邦-桃園,2024-10-16,9665
00725B,國泰投資級公司債,61,3,58,富邦-桃園,2024-10-16,9665
00724B,群益投資級金融債,58,0,58,富邦-桃園,2024-10-16,9665
1785,光洋科,60,2,58,富邦-桃園,2024-10-16,9665
006208,富邦台50,70,14,56,富邦-桃園,2024-10-16,9665
00830,國泰費城半導體,57,1,56,富邦-桃園,2024-10-16,9665
2881,富邦金,54,3,51,富邦-桃園,2024-10-16,9665
2887,台新金,52,1,51,富邦-桃園,2024-10-16,9665
9934,成霖,50,0,50,富邦-桃園,2024-10-16,9665
2303,聯電,56,8,48,富邦-桃園,2024-10-16,9665
00882,中信中國高股息,131,84,47,富邦-桃園,2024-10-16,9665
00719B,元大美債1-3,47,1,46,富邦-桃園,2024-10-16,9665
2603,長榮,52,12,40,富邦-桃園,2024-10-16,9665
00650L,復華香港正2,41,2,39,富邦-桃園,2024-10-16,9665
2423,固緯,39,0,39,富邦-桃園,2024-10-16,9665
00941,中信上游半導體,38,0,38,富邦-桃園,2024-10-16,9665
3231,緯創,65,29,36,富邦-桃園,2024-10-16,9665
00753L,中信中國50正2,37,2,35,富邦-桃園,2024-10-16,9665
00773B,中信優先金融債,35,0,35,富邦-桃園,2024-10-16,9665
00951,台新日本半導體,33,0,33,富邦-桃園,2024-10-16,9665
00641R,富邦日本反1,30,0,30,富邦-桃園,2024-10-16,9665
00915,凱基優選高股息30,29,0,29,富邦-桃園,2024-10-16,9665
4908,前鼎,32,4,28,富邦-桃園,2024-10-16,9665
00943,兆豐電子高息等權,28,0,28,富邦-桃園,2024-10-16,9665
2542,興富發,26,0,26,富邦-桃園,2024-10-16,9665
8086,宏捷科,26,0,26,富邦-桃園,2024-10-16,9665
00675L,富邦臺灣加權正2,24,0,24,富邦-桃園,2024-10-16,9665
6274,台燿,25,1,24,富邦-桃園,2024-10-16,9665
1101,台泥,27,3,24,富邦-桃園,2024-10-16,9665
00960,野村全球航運龍頭,23,0,23,富邦-桃園,2024-10-16,9665
00665L,富邦�琤肭磪囓�2,49,27,22,富邦-桃園,2024-10-16,9665
0056,元大高股息,228,9,219,富邦-桃園,2024-10-17,9665
00633L,富邦上証正2,185,16,169,富邦-桃園,2024-10-17,9665
00922,國泰台灣領袖50,167,0,167,富邦-桃園,2024-10-17,9665
00887,永豐中國科技50大,178,59,119,富邦-桃園,2024-10-17,9665
00680L,元大美債20正2,183,65,118,富邦-桃園,2024-10-17,9665
00948B,中信優息投資級債,108,0,108,富邦-桃園,2024-10-17,9665
2399,映泰,157,59,98,富邦-桃園,2024-10-17,9665
00959B,大華投等美債15Y+,108,10,98,富邦-桃園,2024-10-17,9665
00637L,元大滬深300正2,308,223,85,富邦-桃園,2024-10-17,9665
5452,佶優,129,45,84,富邦-桃園,2024-10-17,9665
00752,中信中國50,70,9,61,富邦-桃園,2024-10-17,9665
2634,漢翔,151,90,61,富邦-桃園,2024-10-17,9665
00632R,元大台灣50反1,58,4,54,富邦-桃園,2024-10-17,9665
1528,恩德,112,59,53,富邦-桃園,2024-10-17,9665
2423,固緯,51,0,51,富邦-桃園,2024-10-17,9665
2421,建準,57,14,43,富邦-桃園,2024-10-17,9665
2312,金寶,136,93,43,富邦-桃園,2024-10-17,9665
00941,中信上游半導體,42,0,42,富邦-桃園,2024-10-17,9665
8111,立��,58,17,41,富邦-桃園,2024-10-17,9665
00830,國泰費城半導體,37,0,37,富邦-桃園,2024-10-17,9665
00641R,富邦日本反1,30,0,30,富邦-桃園,2024-10-17,9665
006205,富邦上証,31,1,30,富邦-桃園,2024-10-17,9665
5351,鈺創,28,0,28,富邦-桃園,2024-10-17,9665
00945B,凱基美國非投等債,23,0,23,富邦-桃園,2024-10-17,9665
2388,威盛,28,5,23,富邦-桃園,2024-10-17,9665
00960,野村全球航運龍頭,22,0,22,富邦-桃園,2024-10-17,9665
8011,台通,22,0,22,富邦-桃園,2024-10-17,9665
3060,銘異,35,14,21,富邦-桃園,2024-10-17,9665
2486,一詮,26,5,21,富邦-桃園,2024-10-17,9665
00687B,國泰20年美債,60,39,21,富邦-桃園,2024-10-17,9665
3564,其陽,22,1,21,富邦-桃園,2024-10-17,9665
9105,泰金寶-DR,56,35,21,富邦-桃園,2024-10-17,9665
1612,宏泰,20,0,20,富邦-桃園,2024-10-17,9665
6829,千附精密,22,2,20,富邦-桃園,2024-10-17,9665
8021,尖點,29,9,20,富邦-桃園,2024-10-17,9665
6546,正基,23,4,19,富邦-桃園,2024-10-17,9665
2605,新興,21,2,19,富邦-桃園,2024-10-17,9665
00753L,中信中國50正2,23,5,18,富邦-桃園,2024-10-17,9665
1309,台達化,20,3,17,富邦-桃園,2024-10-17,9665
2887,台新金,19,2,17,富邦-桃園,2024-10-17,9665
1560,中砂,33,16,17,富邦-桃園,2024-10-17,9665
00912,中信臺灣智慧50,16,0,16,富邦-桃園,2024-10-17,9665
00650L,復華香港正2,20,4,16,富邦-桃園,2024-10-17,9665
1308,亞聚,16,0,16,富邦-桃園,2024-10-17,9665
00653L,富邦印度正2,15,0,15,富邦-桃園,2024-10-17,9665
8996,高力,17,2,15,富邦-桃園,2024-10-17,9665
3209,全科,48,33,15,富邦-桃園,2024-10-17,9665
6134,萬旭,27,13,14,富邦-桃園,2024-10-17,9665
00905,FT臺灣Smart,14,0,14,富邦-桃園,2024-10-17,9665
2412,中華電,14,0,14,富邦-桃園,2024-10-17,9665
2883,凱基金,1068,368,700,富邦-桃園,2024-10-18,9665
00948B,中信優息投資級債,520,20,500,富邦-桃園,2024-10-18,9665
00680L,元大美債20正2,382,40,342,富邦-桃園,2024-10-18,9665
00679B,元大美債20年,213,6,207,富邦-桃園,2024-10-18,9665
00887,永豐中國科技50大,160,13,147,富邦-桃園,2024-10-18,9665
00688L,國泰20年美債正2,119,0,119,富邦-桃園,2024-10-18,9665
00937B,群益ESG投等債20,106,0,106,富邦-桃園,2024-10-18,9665
2303,聯電,131,26,105,富邦-桃園,2024-10-18,9665
2867,三商壽,109,10,99,富邦-桃園,2024-10-18,9665
00945B,凱基美國非投等債,72,0,72,富邦-桃園,2024-10-18,9665
2449,京元電子,103,44,59,富邦-桃園,2024-10-18,9665
00795B,中信美國公債20年,56,0,56,富邦-桃園,2024-10-18,9665
2399,映泰,89,44,45,富邦-桃園,2024-10-18,9665
2356,英業達,59,16,43,富邦-桃園,2024-10-18,9665
2317,鴻海,156,113,43,富邦-桃園,2024-10-18,9665
1540,喬福,144,103,41,富邦-桃園,2024-10-18,9665
2367,燿華,46,6,40,富邦-桃園,2024-10-18,9665
2006,東和鋼鐵,41,1,40,富邦-桃園,2024-10-18,9665
2374,佳能,60,21,39,富邦-桃園,2024-10-18,9665
8064,東捷,46,8,38,富邦-桃園,2024-10-18,9665
00751B,元大AAA至A公司債,34,3,31,富邦-桃園,2024-10-18,9665
1560,中砂,62,32,30,富邦-桃園,2024-10-18,9665
8028,昇陽半導體,142,115,27,富邦-桃園,2024-10-18,9665
2402,毅嘉,82,55,27,富邦-桃園,2024-10-18,9665
2344,華邦電,45,19,26,富邦-桃園,2024-10-18,9665
5452,佶優,75,50,25,富邦-桃園,2024-10-18,9665
3149,正達,69,44,25,富邦-桃園,2024-10-18,9665
2467,志聖,25,1,24,富邦-桃園,2024-10-18,9665
5483,中美晶,24,0,24,富邦-桃園,2024-10-18,9665
2887,台新金,24,1,23,富邦-桃園,2024-10-18,9665
6156,松上,23,0,23,富邦-桃園,2024-10-18,9665
6763,綠界科技*,47,24,23,富邦-桃園,2024-10-18,9665
3037,欣興,43,21,22,富邦-桃園,2024-10-18,9665
00676R,富邦臺灣加權反1,22,0,22,富邦-桃園,2024-10-18,9665
3564,其陽,22,0,22,富邦-桃園,2024-10-18,9665
00665L,富邦�琤肭磪囓�2,64,42,22,富邦-桃園,2024-10-18,9665
2313,華通,25,3,22,富邦-桃園,2024-10-18,9665
6290,良維,21,0,21,富邦-桃園,2024-10-18,9665
00931B,統一美債20年,21,0,21,富邦-桃園,2024-10-18,9665
00935,野村臺灣新科技50,25,4,21,富邦-桃園,2024-10-18,9665
9935,慶豐富,21,1,20,富邦-桃園,2024-10-18,9665
1785,光洋科,23,3,20,富邦-桃園,2024-10-18,9665
2010,春源,20,0,20,富邦-桃園,2024-10-18,9665
1314,中石化,20,1,19,富邦-桃園,2024-10-18,9665
2498,宏達電,19,0,19,富邦-桃園,2024-10-18,9665
00892,富邦台灣半導體,23,4,19,富邦-桃園,2024-10-18,9665
9105,泰金寶-DR,31,12,19,富邦-桃園,2024-10-18,9665
00946,群益科技高息成長,21,3,18,富邦-桃園,2024-10-18,9665
5347,世界,26,8,18,富邦-桃園,2024-10-18,9665
3374,精材,39,21,18,富邦-桃園,2024-10-18,9665
00637L,元大滬深300正2,780,346,434,富邦-桃園,2024-10-21,9665
00937B,群益ESG投等債20,381,55,326,富邦-桃園,2024-10-21,9665
00680L,元大美債20正2,320,0,320,富邦-桃園,2024-10-21,9665
2883,凱基金,267,0,267,富邦-桃園,2024-10-21,9665
2303,聯電,237,3,234,富邦-桃園,2024-10-21,9665
00887,永豐中國科技50大,144,28,116,富邦-桃園,2024-10-21,9665
00948B,中信優息投資級債,115,15,100,富邦-桃園,2024-10-21,9665
00953B,群益優選非投等債,100,0,100,富邦-桃園,2024-10-21,9665
6188,廣明,100,1,99,富邦-桃園,2024-10-21,9665
00715L,期街口布蘭特正2,91,3,88,富邦-桃園,2024-10-21,9665
3481,群創,126,42,84,富邦-桃園,2024-10-21,9665
2881,富邦金,79,4,75,富邦-桃園,2024-10-21,9665
2317,鴻海,142,68,74,富邦-桃園,2024-10-21,9665
2633,台灣高鐵,58,1,57,富邦-桃園,2024-10-21,9665
1815,富喬,72,18,54,富邦-桃園,2024-10-21,9665
00720B,元大投資級公司債,54,2,52,富邦-桃園,2024-10-21,9665
00918,大華優利高填息30,63,11,52,富邦-桃園,2024-10-21,9665
00882,中信中國高股息,62,16,46,富邦-桃園,2024-10-21,9665
1535,中宇,44,0,44,富邦-桃園,2024-10-21,9665
00795B,中信美國公債20年,42,0,42,富邦-桃園,2024-10-21,9665
2399,映泰,95,53,42,富邦-桃園,2024-10-21,9665
006208,富邦台50,64,24,40,富邦-桃園,2024-10-21,9665
2891,中信金,62,23,39,富邦-桃園,2024-10-21,9665
00632R,元大台灣50反1,57,20,37,富邦-桃園,2024-10-21,9665
6609,瀧澤科,43,7,36,富邦-桃園,2024-10-21,9665
5452,佶優,77,42,35,富邦-桃園,2024-10-21,9665
2359,所羅門,38,4,34,富邦-桃園,2024-10-21,9665
2402,毅嘉,34,3,31,富邦-桃園,2024-10-21,9665
2887,台新金,35,5,30,富邦-桃園,2024-10-21,9665
2885,元大金,34,8,26,富邦-桃園,2024-10-21,9665
00946,群益科技高息成長,25,0,25,富邦-桃園,2024-10-21,9665
6126,信音,36,11,25,富邦-桃園,2024-10-21,9665
3062,建漢,41,17,24,富邦-桃園,2024-10-21,9665
1303,南亞,24,0,24,富邦-桃園,2024-10-21,9665
3149,正達,64,41,23,富邦-桃園,2024-10-21,9665
00945B,凱基美國非投等債,22,0,22,富邦-桃園,2024-10-21,9665
4566,時碩工業,33,12,21,富邦-桃園,2024-10-21,9665
00665L,富邦�琤肭磪囓�2,22,1,21,富邦-桃園,2024-10-21,9665
00878,國泰永續高股息,55,35,20,富邦-桃園,2024-10-21,9665
5498,凱崴,20,0,20,富邦-桃園,2024-10-21,9665
2023,燁輝,20,0,20,富邦-桃園,2024-10-21,9665
00655L,國泰中國A50正2,31,11,20,富邦-桃園,2024-10-21,9665
00751B,元大AAA至A公司債,19,0,19,富邦-桃園,2024-10-21,9665
00933B,國泰10Y+金融債,34,15,19,富邦-桃園,2024-10-21,9665
3234,光環,19,0,19,富邦-桃園,2024-10-21,9665
00639,富邦深100,21,3,18,富邦-桃園,2024-10-21,9665
2002,中鋼,18,1,17,富邦-桃園,2024-10-21,9665
00753L,中信中國50正2,26,9,17,富邦-桃園,2024-10-21,9665
3714,富采,29,12,17,富邦-桃園,2024-10-21,9665
2882,國泰金,15,0,15,富邦-桃園,2024-10-21,9665
00687B,國泰20年美債,1592,92,1500,富邦-桃園,2024-10-22,9665
00937B,群益ESG投等債20,650,148,502,富邦-桃園,2024-10-22,9665
00680L,元大美債20正2,671,419,252,富邦-桃園,2024-10-22,9665
00679B,元大美債20年,286,43,243,富邦-桃園,2024-10-22,9665
00688L,國泰20年美債正2,238,60,178,富邦-桃園,2024-10-22,9665
00795B,中信美國公債20年,176,1,175,富邦-桃園,2024-10-22,9665
00905,FT臺灣Smart,88,0,88,富邦-桃園,2024-10-22,9665
00712,復華富時不動產,83,0,83,富邦-桃園,2024-10-22,9665
1101,台泥,64,0,64,富邦-桃園,2024-10-22,9665
00751B,元大AAA至A公司債,67,3,64,富邦-桃園,2024-10-22,9665
2006,東和鋼鐵,63,0,63,富邦-桃園,2024-10-22,9665
00950B,凱基A級公司債,56,0,56,富邦-桃園,2024-10-22,9665
00922,國泰台灣領袖50,55,0,55,富邦-桃園,2024-10-22,9665
3615,安可,72,19,53,富邦-桃園,2024-10-22,9665
00713,元大台灣高息低波,52,0,52,富邦-桃園,2024-10-22,9665
00720B,元大投資級公司債,57,7,50,富邦-桃園,2024-10-22,9665
5452,佶優,90,50,40,富邦-桃園,2024-10-22,9665
1569,濱川,46,10,36,富邦-桃園,2024-10-22,9665
00949,復華日本龍頭,33,0,33,富邦-桃園,2024-10-22,9665
2359,所羅門,37,5,32,富邦-桃園,2024-10-22,9665
3550,聯穎,38,7,31,富邦-桃園,2024-10-22,9665
3466,德晉,34,3,31,富邦-桃園,2024-10-22,9665
3049,精金,65,34,31,富邦-桃園,2024-10-22,9665
8011,台通,31,0,31,富邦-桃園,2024-10-22,9665
00881,國泰台灣5G+,93,63,30,富邦-桃園,2024-10-22,9665
00878,國泰永續高股息,54,24,30,富邦-桃園,2024-10-22,9665
6609,瀧澤科,56,26,30,富邦-桃園,2024-10-22,9665
2423,固緯,30,0,30,富邦-桃園,2024-10-22,9665
00945B,凱基美國非投等債,28,0,28,富邦-桃園,2024-10-22,9665
0056,元大高股息,39,13,26,富邦-桃園,2024-10-22,9665
3189,景碩,76,50,26,富邦-桃園,2024-10-22,9665
2349,錸德,29,4,25,富邦-桃園,2024-10-22,9665
9958,世紀鋼,28,3,25,富邦-桃園,2024-10-22,9665
4566,時碩工業,32,7,25,富邦-桃園,2024-10-22,9665
006208,富邦台50,39,14,25,富邦-桃園,2024-10-22,9665
2477,美隆電,31,7,24,富邦-桃園,2024-10-22,9665
2355,敬鵬,30,6,24,富邦-桃園,2024-10-22,9665
2313,華通,40,17,23,富邦-桃園,2024-10-22,9665
4540,全球傳動,27,5,22,富邦-桃園,2024-10-22,9665
2303,聯電,23,0,23,富邦-桃園,2024-10-22,9665
00907,永豐優息存股,23,2,21,富邦-桃園,2024-10-22,9665
2542,興富發,24,3,21,富邦-桃園,2024-10-22,9665
00942B,台新美A公司債20+,25,5,20,富邦-桃園,2024-10-22,9665
2002,中鋼,22,2,20,富邦-桃園,2024-10-22,9665
6414,樺漢,20,0,20,富邦-桃園,2024-10-22,9665
2388,威盛,31,11,20,富邦-桃園,2024-10-22,9665
00719B,元大美債1-3,20,0,20,富邦-桃園,2024-10-22,9665
8933,愛地雅,20,0,20,富邦-桃園,2024-10-22,9665
2888,新光金,77,58,19,富邦-桃園,2024-10-22,9665
00953B,群益優選非投等債,19,0,19,富邦-桃園,2024-10-22,9665
3481,群創,573,105,468,富邦-桃園,2024-10-23,9665
00680L,元大美債20正2,186,0,186,富邦-桃園,2024-10-23,9665
2423,固緯,117,6,111,富邦-桃園,2024-10-23,9665
00878,國泰永續高股息,114,5,109,富邦-桃園,2024-10-23,9665
00959B,大華投等美債15Y+,105,0,105,富邦-桃園,2024-10-23,9665
00687B,國泰20年美債,115,25,90,富邦-桃園,2024-10-23,9665
00929,復華台灣科技優息,109,21,88,富邦-桃園,2024-10-23,9665
4566,時碩工業,73,4,69,富邦-桃園,2024-10-23,9665
0056,元大高股息,69,0,69,富邦-桃園,2024-10-23,9665
2303,聯電,68,5,63,富邦-桃園,2024-10-23,9665
00907,永豐優息存股,66,5,61,富邦-桃園,2024-10-23,9665
00688L,國泰20年美債正2,58,2,56,富邦-桃園,2024-10-23,9665
2889,國票金,54,0,54,富邦-桃園,2024-10-23,9665
00712,復華富時不動產,47,2,45,富邦-桃園,2024-10-23,9665
00795B,中信美國公債20年,46,4,42,富邦-桃園,2024-10-23,9665
4526,東台,59,17,42,富邦-桃園,2024-10-23,9665
2369,菱生,78,38,40,富邦-桃園,2024-10-23,9665
2618,長榮航,39,1,38,富邦-桃園,2024-10-23,9665
8404,百和興業-KY,53,18,35,富邦-桃園,2024-10-23,9665
2327,國巨,35,0,35,富邦-桃園,2024-10-23,9665
2883,凱基金,62,27,35,富邦-桃園,2024-10-23,9665
2464,盟立,39,7,32,富邦-桃園,2024-10-23,9665
00950B,凱基A級公司債,31,0,31,富邦-桃園,2024-10-23,9665
00753L,中信中國50正2,33,2,31,富邦-桃園,2024-10-23,9665
3149,正達,43,12,31,富邦-桃園,2024-10-23,9665
2442,新美齊,33,3,30,富邦-桃園,2024-10-23,9665
2317,鴻海,79,50,29,富邦-桃園,2024-10-23,9665
006206,元大上證50,29,0,29,富邦-桃園,2024-10-23,9665
1301,台塑,28,0,28,富邦-桃園,2024-10-23,9665
1785,光洋科,46,20,26,富邦-桃園,2024-10-23,9665
1605,華新,26,1,25,富邦-桃園,2024-10-23,9665
3466,德晉,25,1,24,富邦-桃園,2024-10-23,9665
1314,中石化,25,1,24,富邦-桃園,2024-10-23,9665
3002,歐格,23,0,23,富邦-桃園,2024-10-23,9665
006208,富邦台50,28,6,22,富邦-桃園,2024-10-23,9665
00713,元大台灣高息低波,25,3,22,富邦-桃園,2024-10-23,9665
2498,宏達電,21,0,21,富邦-桃園,2024-10-23,9665
2887,台新金,20,0,20,富邦-桃園,2024-10-23,9665
00634R,富邦上証反1,20,0,20,富邦-桃園,2024-10-23,9665
00923,群益台ESG低碳50,18,0,18,富邦-桃園,2024-10-23,9665
2354,鴻準,40,22,18,富邦-桃園,2024-10-23,9665
6168,宏齊,18,0,18,富邦-桃園,2024-10-23,9665
2002,中鋼,17,0,17,富邦-桃園,2024-10-23,9665
1101,台泥,18,1,17,富邦-桃園,2024-10-23,9665
00953B,群益優選非投等債,17,0,17,富邦-桃園,2024-10-23,9665
00706L,期元大S＆P日圓正2,17,0,17,富邦-桃園,2024-10-23,9665
2834,臺企銀,17,0,17,富邦-桃園,2024-10-23,9665
2006,東和鋼鐵,16,0,16,富邦-桃園,2024-10-23,9665
4716,大立,27,11,16,富邦-桃園,2024-10-23,9665
4909,新復興,16,1,15,富邦-桃園,2024-10-23,9665
2423,固緯,328,10,318,富邦-桃園,2024-10-24,9665
00915,凱基優選高股息30,186,3,183,富邦-桃園,2024-10-24,9665
00637L,元大滬深300正2,206,51,155,富邦-桃園,2024-10-24,9665
00919,群益台灣精選高息,201,51,150,富邦-桃園,2024-10-24,9665
0056,元大高股息,151,4,147,富邦-桃園,2024-10-24,9665
00929,復華台灣科技優息,188,59,129,富邦-桃園,2024-10-24,9665
2887,台新金,127,2,125,富邦-桃園,2024-10-24,9665
00687B,國泰20年美債,114,7,107,富邦-桃園,2024-10-24,9665
00665L,富邦�琤肭磪囓�2,100,0,100,富邦-桃園,2024-10-24,9665
00950B,凱基A級公司債,100,0,100,富邦-桃園,2024-10-24,9665
2303,聯電,181,92,89,富邦-桃園,2024-10-24,9665
00887,永豐中國科技50大,108,31,77,富邦-桃園,2024-10-24,9665
00937B,群益ESG投等債20,87,13,74,富邦-桃園,2024-10-24,9665
00878,國泰永續高股息,121,49,72,富邦-桃園,2024-10-24,9665
00680L,元大美債20正2,100,30,70,富邦-桃園,2024-10-24,9665
00922,國泰台灣領袖50,66,1,65,富邦-桃園,2024-10-24,9665
00753L,中信中國50正2,64,3,61,富邦-桃園,2024-10-24,9665
2489,瑞軒,76,16,60,富邦-桃園,2024-10-24,9665
2388,威盛,118,60,58,富邦-桃園,2024-10-24,9665
00712,復華富時不動產,55,0,55,富邦-桃園,2024-10-24,9665
00953B,群益優選非投等債,52,0,52,富邦-桃園,2024-10-24,9665
2344,華邦電,54,3,51,富邦-桃園,2024-10-24,9665
00948B,中信優息投資級債,58,10,48,富邦-桃園,2024-10-24,9665
2317,鴻海,92,49,43,富邦-桃園,2024-10-24,9665
1528,恩德,340,297,43,富邦-桃園,2024-10-24,9665
2382,廣達,54,13,41,富邦-桃園,2024-10-24,9665
006208,富邦台50,53,17,36,富邦-桃園,2024-10-24,9665
3715,定穎投控,171,136,35,富邦-桃園,2024-10-24,9665
6770,力積電,39,5,34,富邦-桃園,2024-10-24,9665
00882,中信中國高股息,80,46,34,富邦-桃園,2024-10-24,9665
1806,冠軍,33,0,33,富邦-桃園,2024-10-24,9665
4716,大立,47,15,32,富邦-桃園,2024-10-24,9665
2405,輔信,35,3,32,富邦-桃園,2024-10-24,9665
2409,友達,36,4,32,富邦-桃園,2024-10-24,9665
006206,元大上證50,32,0,32,富邦-桃園,2024-10-24,9665
2891,中信金,33,1,32,富邦-桃園,2024-10-24,9665
6763,綠界科技*,52,22,30,富邦-桃園,2024-10-24,9665
2520,冠德,30,0,30,富邦-桃園,2024-10-24,9665
00679B,元大美債20年,68,39,29,富邦-桃園,2024-10-24,9665
6288,聯嘉,26,0,26,富邦-桃園,2024-10-24,9665
2883,凱基金,30,5,25,富邦-桃園,2024-10-24,9665
00952,凱基台灣AI50,24,0,24,富邦-桃園,2024-10-24,9665
4167,松瑞藥,25,1,24,富邦-桃園,2024-10-24,9665
1513,中興電,28,4,24,富邦-桃園,2024-10-24,9665
9958,世紀鋼,27,5,22,富邦-桃園,2024-10-24,9665
2006,東和鋼鐵,22,0,22,富邦-桃園,2024-10-24,9665
2596,綠意,22,0,22,富邦-桃園,2024-10-24,9665
00938,凱基優選30,22,0,22,富邦-桃園,2024-10-24,9665
6213,聯茂,27,6,21,富邦-桃園,2024-10-24,9665
0061,元大寶滬深,21,0,21,富邦-桃園,2024-10-24,9665
2646,星宇航空,963,311,652,富邦-桃園,2024-10-25,9665
00959B,大華投等美債15Y+,364,1,363,富邦-桃園,2024-10-25,9665
00937B,群益ESG投等債20,235,12,223,富邦-桃園,2024-10-25,9665
00670L,富邦NASDAQ正2,183,0,183,富邦-桃園,2024-10-25,9665
00953B,群益優選非投等債,152,0,152,富邦-桃園,2024-10-25,9665
00687B,國泰20年美債,246,114,132,富邦-桃園,2024-10-25,9665
00948B,中信優息投資級債,114,2,112,富邦-桃園,2024-10-25,9665
00887,永豐中國科技50大,110,5,105,富邦-桃園,2024-10-25,9665
1802,台玻,92,0,92,富邦-桃園,2024-10-25,9665
00919,群益台灣精選高息,77,4,73,富邦-桃園,2024-10-25,9665
00715L,期街口布蘭特正2,57,0,57,富邦-桃園,2024-10-25,9665
2312,金寶,94,37,57,富邦-桃園,2024-10-25,9665
00929,復華台灣科技優息,132,76,56,富邦-桃園,2024-10-25,9665
2423,固緯,50,0,50,富邦-桃園,2024-10-25,9665
00882,中信中國高股息,61,17,44,富邦-桃園,2024-10-25,9665
3149,正達,47,6,41,富邦-桃園,2024-10-25,9665
6770,力積電,42,1,41,富邦-桃園,2024-10-25,9665
00878,國泰永續高股息,50,12,38,富邦-桃園,2024-10-25,9665
00915,凱基優選高股息30,32,0,32,富邦-桃園,2024-10-25,9665
00881,國泰台灣5G+,48,17,31,富邦-桃園,2024-10-25,9665
2344,華邦電,43,15,28,富邦-桃園,2024-10-25,9665
3679,新至陞,28,0,28,富邦-桃園,2024-10-25,9665
2455,全新,30,2,28,富邦-桃園,2024-10-25,9665
2337,旺宏,27,0,27,富邦-桃園,2024-10-25,9665
00905,FT臺灣Smart,25,1,24,富邦-桃園,2024-10-25,9665
6509,聚和,27,3,24,富邦-桃園,2024-10-25,9665
00922,國泰台灣領袖50,21,0,21,富邦-桃園,2024-10-25,9665
6180,橘子,21,0,21,富邦-桃園,2024-10-25,9665
00895,富邦未來車,24,4,20,富邦-桃園,2024-10-25,9665
00795B,中信美國公債20年,20,0,20,富邦-桃園,2024-10-25,9665
3209,全科,21,1,20,富邦-桃園,2024-10-25,9665
3481,群創,53,34,19,富邦-桃園,2024-10-25,9665
1605,華新,19,0,19,富邦-桃園,2024-10-25,9665
00720B,元大投資級公司債,25,7,18,富邦-桃園,2024-10-25,9665
5202,力新,44,26,18,富邦-桃園,2024-10-25,9665
6152,百一,18,0,18,富邦-桃園,2024-10-25,9665
2303,聯電,30,13,17,富邦-桃園,2024-10-25,9665
2486,一詮,47,30,17,富邦-桃園,2024-10-25,9665
6151,晉倫,17,1,16,富邦-桃園,2024-10-25,9665
1721,三晃,19,3,16,富邦-桃園,2024-10-25,9665
6218,豪勉,17,1,16,富邦-桃園,2024-10-25,9665
00675L,富邦臺灣加權正2,20,4,16,富邦-桃園,2024-10-25,9665
00713,元大台灣高息低波,18,3,15,富邦-桃園,2024-10-25,9665
9105,泰金寶-DR,24,9,15,富邦-桃園,2024-10-25,9665
2809,京城銀,15,0,15,富邦-桃園,2024-10-25,9665
00941,中信上游半導體,14,0,14,富邦-桃園,2024-10-25,9665
8028,昇陽半導體,18,4,14,富邦-桃園,2024-10-25,9665
00927,群益半導體收益,19,5,14,富邦-桃園,2024-10-25,9665
2352,佳世達,18,4,14,富邦-桃園,2024-10-25,9665
1905,華紙,14,0,14,富邦-桃園,2024-10-25,9665
00950B,凱基A級公司債,1357,0,1357,富邦-桃園,2024-10-28,9665
2646,星宇航空,589,228,361,富邦-桃園,2024-10-28,9665
00679B,元大美債20年,192,17,175,富邦-桃園,2024-10-28,9665
00632R,元大台灣50反1,265,105,160,富邦-桃園,2024-10-28,9665
00715L,期街口布蘭特正2,159,1,158,富邦-桃園,2024-10-28,9665
00937B,群益ESG投等債20,188,77,111,富邦-桃園,2024-10-28,9665
2887,台新金,105,5,100,富邦-桃園,2024-10-28,9665
2867,三商壽,104,20,84,富邦-桃園,2024-10-28,9665
3231,緯創,149,70,79,富邦-桃園,2024-10-28,9665
00670L,富邦NASDAQ正2,75,0,75,富邦-桃園,2024-10-28,9665
00680L,元大美債20正2,157,86,71,富邦-桃園,2024-10-28,9665
2354,鴻準,250,181,69,富邦-桃園,2024-10-28,9665
00688L,國泰20年美債正2,68,5,63,富邦-桃園,2024-10-28,9665
2423,固緯,65,7,58,富邦-桃園,2024-10-28,9665
00878,國泰永續高股息,113,56,57,富邦-桃園,2024-10-28,9665
1455,集盛,50,0,50,富邦-桃園,2024-10-28,9665
2303,聯電,52,5,47,富邦-桃園,2024-10-28,9665
3704,合勤控,49,4,45,富邦-桃園,2024-10-28,9665
0056,元大高股息,46,9,37,富邦-桃園,2024-10-28,9665
2409,友達,36,0,36,富邦-桃園,2024-10-28,9665
00712,復華富時不動產,38,2,36,富邦-桃園,2024-10-28,9665
00905,FT臺灣Smart,32,0,32,富邦-桃園,2024-10-28,9665
3294,英濟,31,0,31,富邦-桃園,2024-10-28,9665
00720B,元大投資級公司債,33,3,30,富邦-桃園,2024-10-28,9665
8404,百和興業-KY,32,2,30,富邦-桃園,2024-10-28,9665
6770,力積電,37,7,30,富邦-桃園,2024-10-28,9665
00882,中信中國高股息,29,0,29,富邦-桃園,2024-10-28,9665
8074,鉅橡,29,1,28,富邦-桃園,2024-10-28,9665
9958,世紀鋼,38,12,26,富邦-桃園,2024-10-28,9665
00795B,中信美國公債20年,26,0,26,富邦-桃園,2024-10-28,9665
00642U,期元大S＆P石油,26,0,26,富邦-桃園,2024-10-28,9665
00959B,大華投等美債15Y+,26,0,26,富邦-桃園,2024-10-28,9665
1314,中石化,33,8,25,富邦-桃園,2024-10-28,9665
6530,創威,28,4,24,富邦-桃園,2024-10-28,9665
1605,華新,24,1,23,富邦-桃園,2024-10-28,9665
3581,博磊,21,0,21,富邦-桃園,2024-10-28,9665
2884,玉山金,19,0,19,富邦-桃園,2024-10-28,9665
3060,銘異,22,3,19,富邦-桃園,2024-10-28,9665
00935,野村臺灣新科技50,19,0,19,富邦-桃園,2024-10-28,9665
1528,恩德,34,15,19,富邦-桃園,2024-10-28,9665
3466,德晉,20,2,18,富邦-桃園,2024-10-28,9665
2402,毅嘉,19,2,17,富邦-桃園,2024-10-28,9665
00751B,元大AAA至A公司債,22,5,17,富邦-桃園,2024-10-28,9665
3363,上詮,17,1,16,富邦-桃園,2024-10-28,9665
2613,中櫃,17,1,16,富邦-桃園,2024-10-28,9665
6492,生華科,18,3,15,富邦-桃園,2024-10-28,9665
2889,國票金,14,0,14,富邦-桃園,2024-10-28,9665
00946,群益科技高息成長,13,0,13,富邦-桃園,2024-10-28,9665
2376,技嘉,13,0,13,富邦-桃園,2024-10-28,9665
2883,凱基金,132,119,13,富邦-桃園,2024-10-28,9665
00953B,群益優選非投等債,820,10,810,富邦-桃園,2024-10-29,9665
00919,群益台灣精選高息,450,14,436,富邦-桃園,2024-10-29,9665
00950B,凱基A級公司債,744,350,394,富邦-桃園,2024-10-29,9665
00929,復華台灣科技優息,425,90,335,富邦-桃園,2024-10-29,9665
00795B,中信美國公債20年,250,0,250,富邦-桃園,2024-10-29,9665
0056,元大高股息,256,11,245,富邦-桃園,2024-10-29,9665
2646,星宇航空,320,112,208,富邦-桃園,2024-10-29,9665
00715L,期街口布蘭特正2,207,2,205,富邦-桃園,2024-10-29,9665
00922,國泰台灣領袖50,216,50,166,富邦-桃園,2024-10-29,9665
00878,國泰永續高股息,291,142,149,富邦-桃園,2024-10-29,9665
2867,三商壽,104,5,99,富邦-桃園,2024-10-29,9665
00642U,期元大S＆P石油,95,0,95,富邦-桃園,2024-10-29,9665
2409,友達,91,0,91,富邦-桃園,2024-10-29,9665
00946,群益科技高息成長,67,0,67,富邦-桃園,2024-10-29,9665
5880,合庫金,67,2,65,富邦-桃園,2024-10-29,9665
00915,凱基優選高股息30,64,3,61,富邦-桃園,2024-10-29,9665
1455,集盛,50,0,50,富邦-桃園,2024-10-29,9665
00940,元大台灣價值高息,79,35,44,富邦-桃園,2024-10-29,9665
00938,凱基優選30,43,0,43,富邦-桃園,2024-10-29,9665
5488,松普,54,13,41,富邦-桃園,2024-10-29,9665
00712,復華富時不動產,41,0,41,富邦-桃園,2024-10-29,9665
2423,固緯,38,0,38,富邦-桃園,2024-10-29,9665
00905,FT臺灣Smart,69,31,38,富邦-桃園,2024-10-29,9665
2615,萬海,40,3,37,富邦-桃園,2024-10-29,9665
1314,中石化,44,8,36,富邦-桃園,2024-10-29,9665
00637L,元大滬深300正2,74,38,36,富邦-桃園,2024-10-29,9665
2834,臺企銀,35,0,35,富邦-桃園,2024-10-29,9665
2303,聯電,115,80,35,富邦-桃園,2024-10-29,9665
00891,中信關鍵半導體,33,0,33,富邦-桃園,2024-10-29,9665
6770,力積電,38,7,31,富邦-桃園,2024-10-29,9665
00665L,富邦�琤肭磪囓�2,96,65,31,富邦-桃園,2024-10-29,9665
6156,松上,33,2,31,富邦-桃園,2024-10-29,9665
006208,富邦台50,57,27,30,富邦-桃園,2024-10-29,9665
3709,鑫聯大投控,32,2,30,富邦-桃園,2024-10-29,9665
00713,元大台灣高息低波,30,0,30,富邦-桃園,2024-10-29,9665
3321,同泰,29,0,29,富邦-桃園,2024-10-29,9665
2607,榮運,30,1,29,富邦-桃園,2024-10-29,9665
00918,大華優利高填息30,30,2,28,富邦-桃園,2024-10-29,9665
0050,元大台灣50,33,5,28,富邦-桃園,2024-10-29,9665
4716,大立,94,67,27,富邦-桃園,2024-10-29,9665
4167,松瑞藥,26,0,26,富邦-桃園,2024-10-29,9665
6257,矽格,24,1,23,富邦-桃園,2024-10-29,9665
2442,新美齊,24,1,23,富邦-桃園,2024-10-29,9665
6288,聯嘉,44,23,21,富邦-桃園,2024-10-29,9665
6290,良維,20,0,20,富邦-桃園,2024-10-29,9665
1444,力麗,20,0,20,富邦-桃園,2024-10-29,9665
3081,聯亞,68,48,20,富邦-桃園,2024-10-29,9665
2344,華邦電,23,3,20,富邦-桃園,2024-10-29,9665
2006,東和鋼鐵,20,1,19,富邦-桃園,2024-10-29,9665
00934,中信成長高股息,29,10,19,富邦-桃園,2024-10-29,9665
00882,中信中國高股息,565,20,545,富邦-桃園,2024-10-30,9665
00680L,元大美債20正2,255,16,239,富邦-桃園,2024-10-30,9665
00929,復華台灣科技優息,242,40,202,富邦-桃園,2024-10-30,9665
2423,固緯,152,0,152,富邦-桃園,2024-10-30,9665
00959B,大華投等美債15Y+,151,10,141,富邦-桃園,2024-10-30,9665
00919,群益台灣精選高息,140,5,135,富邦-桃園,2024-10-30,9665
2618,長榮航,154,55,99,富邦-桃園,2024-10-30,9665
00940,元大台灣價值高息,93,5,88,富邦-桃園,2024-10-30,9665
0056,元大高股息,84,3,81,富邦-桃園,2024-10-30,9665
00687B,國泰20年美債,120,39,81,富邦-桃園,2024-10-30,9665
00878,國泰永續高股息,96,22,74,富邦-桃園,2024-10-30,9665
00679B,元大美債20年,74,0,74,富邦-桃園,2024-10-30,9665
00905,FT臺灣Smart,70,0,70,富邦-桃園,2024-10-30,9665
00753L,中信中國50正2,74,5,69,富邦-桃園,2024-10-30,9665
2303,聯電,82,18,64,富邦-桃園,2024-10-30,9665
3704,合勤控,67,5,62,富邦-桃園,2024-10-30,9665
2354,鴻準,455,400,55,富邦-桃園,2024-10-30,9665
00712,復華富時不動產,65,14,51,富邦-桃園,2024-10-30,9665
3481,群創,116,70,46,富邦-桃園,2024-10-30,9665
6284,佳邦,43,0,43,富邦-桃園,2024-10-30,9665
00715L,期街口布蘭特正2,45,4,41,富邦-桃園,2024-10-30,9665
4167,松瑞藥,40,0,40,富邦-桃園,2024-10-30,9665
4919,新唐,105,65,40,富邦-桃園,2024-10-30,9665
8044,網家,75,37,38,富邦-桃園,2024-10-30,9665
6156,松上,43,8,35,富邦-桃園,2024-10-30,9665
1618,合機,40,5,35,富邦-桃園,2024-10-30,9665
1449,佳和,38,3,35,富邦-桃園,2024-10-30,9665
2344,華邦電,37,7,30,富邦-桃園,2024-10-30,9665
00939,統一台灣高息動能,29,0,29,富邦-桃園,2024-10-30,9665
00665L,富邦�琤肭磪囓�2,114,85,29,富邦-桃園,2024-10-30,9665
00650L,復華香港正2,29,0,29,富邦-桃園,2024-10-30,9665
2883,凱基金,29,1,28,富邦-桃園,2024-10-30,9665
2406,國碩,38,10,28,富邦-桃園,2024-10-30,9665
00642U,期元大S＆P石油,28,0,28,富邦-桃園,2024-10-30,9665
8110,華東,27,0,27,富邦-桃園,2024-10-30,9665
6770,力積電,74,48,26,富邦-桃園,2024-10-30,9665
1314,中石化,24,0,24,富邦-桃園,2024-10-30,9665
00943,兆豐電子高息等權,23,0,23,富邦-桃園,2024-10-30,9665
1528,恩德,126,104,22,富邦-桃園,2024-10-30,9665
6185,幃翔,22,0,22,富邦-桃園,2024-10-30,9665
3294,英濟,21,0,21,富邦-桃園,2024-10-30,9665
6133,金橋,37,16,21,富邦-桃園,2024-10-30,9665
00934,中信成長高股息,20,0,20,富邦-桃園,2024-10-30,9665
00937B,群益ESG投等債20,55,35,20,富邦-桃園,2024-10-30,9665
2020,美亞,20,0,20,富邦-桃園,2024-10-30,9665
00946,群益科技高息成長,20,1,19,富邦-桃園,2024-10-30,9665
2731,雄獅,19,0,19,富邦-桃園,2024-10-30,9665
2890,永豐金,18,0,18,富邦-桃園,2024-10-30,9665
3686,達能,22,5,17,富邦-桃園,2024-10-30,9665
1560,中砂,48,31,17,富邦-桃園,2024-10-30,9665
2354,鴻準,337,98,239,富邦-桃園,2024-11-01,9665
00950B,凱基A級公司債,209,0,209,富邦-桃園,2024-11-01,9665
00878,國泰永續高股息,203,35,168,富邦-桃園,2024-11-01,9665
2303,聯電,166,39,127,富邦-桃園,2024-11-01,9665
00919,群益台灣精選高息,166,52,114,富邦-桃園,2024-11-01,9665
00795B,中信美國公債20年,110,3,107,富邦-桃園,2024-11-01,9665
2317,鴻海,136,40,96,富邦-桃園,2024-11-01,9665
00940,元大台灣價值高息,99,10,89,富邦-桃園,2024-11-01,9665
5880,合庫金,89,16,73,富邦-桃園,2024-11-01,9665
2884,玉山金,73,0,73,富邦-桃園,2024-11-01,9665
1464,得力,68,2,66,富邦-桃園,2024-11-01,9665
00948B,中信優息投資級債,63,0,63,富邦-桃園,2024-11-01,9665
0056,元大高股息,98,35,63,富邦-桃園,2024-11-01,9665
00934,中信成長高股息,60,0,60,富邦-桃園,2024-11-01,9665
00673R,期元大S＆P原油反1,59,0,59,富邦-桃園,2024-11-01,9665
6274,台燿,67,14,53,富邦-桃園,2024-11-01,9665
006208,富邦台50,70,19,51,富邦-桃園,2024-11-01,9665
00941,中信上游半導體,50,2,48,富邦-桃園,2024-11-01,9665
3466,德晉,47,2,45,富邦-桃園,2024-11-01,9665
00712,復華富時不動產,53,10,43,富邦-桃園,2024-11-01,9665
2646,星宇航空,75,34,41,富邦-桃園,2024-11-01,9665
00946,群益科技高息成長,38,0,38,富邦-桃園,2024-11-01,9665
2887,台新金,38,0,38,富邦-桃園,2024-11-01,9665
2423,固緯,35,0,35,富邦-桃園,2024-11-01,9665
6216,居易,41,7,34,富邦-桃園,2024-11-01,9665
2328,廣宇,49,16,33,富邦-桃園,2024-11-01,9665
2442,新美齊,37,5,32,富邦-桃園,2024-11-01,9665
00830,國泰費城半導體,34,2,32,富邦-桃園,2024-11-01,9665
00706L,期元大S＆P日圓正2,31,0,31,富邦-桃園,2024-11-01,9665
00935,野村臺灣新科技50,31,0,31,富邦-桃園,2024-11-01,9665
2891,中信金,39,9,30,富邦-桃園,2024-11-01,9665
8011,台通,42,14,28,富邦-桃園,2024-11-01,9665
2330,台積電,36,8,28,富邦-桃園,2024-11-01,9665
00952,凱基台灣AI50,27,0,27,富邦-桃園,2024-11-01,9665
00713,元大台灣高息低波,36,9,27,富邦-桃園,2024-11-01,9665
1616,億泰,26,0,26,富邦-桃園,2024-11-01,9665
00887,永豐中國科技50大,28,2,26,富邦-桃園,2024-11-01,9665
00670L,富邦NASDAQ正2,24,0,24,富邦-桃園,2024-11-01,9665
00915,凱基優選高股息30,24,0,24,富邦-桃園,2024-11-01,9665
00631L,元大台灣50正2,32,9,23,富邦-桃園,2024-11-01,9665
0050,元大台灣50,35,13,22,富邦-桃園,2024-11-01,9665
00927,群益半導體收益,20,0,20,富邦-桃園,2024-11-01,9665
00924,復華S＆P500成長,20,0,20,富邦-桃園,2024-11-01,9665
2731,雄獅,20,0,20,富邦-桃園,2024-11-01,9665
2301,光寶科,21,2,19,富邦-桃園,2024-11-01,9665
9955,佳龍,24,5,19,富邦-桃園,2024-11-01,9665
1314,中石化,22,4,18,富邦-桃園,2024-11-01,9665
00949,復華日本龍頭,18,0,18,富邦-桃園,2024-11-01,9665
00905,FT臺灣Smart,18,0,18,富邦-桃園,2024-11-01,9665
2883,凱基金,19,2,17,富邦-桃園,2024-11-01,9665
00950B,凱基A級公司債,624,0,624,富邦-桃園,2024-11-04,9665
00919,群益台灣精選高息,329,12,317,富邦-桃園,2024-11-04,9665
2337,旺宏,229,6,223,富邦-桃園,2024-11-04,9665
00953B,群益優選非投等債,221,1,220,富邦-桃園,2024-11-04,9665
00937B,群益ESG投等債20,260,42,218,富邦-桃園,2024-11-04,9665
00712,復華富時不動產,207,0,207,富邦-桃園,2024-11-04,9665
00878,國泰永續高股息,208,24,184,富邦-桃園,2024-11-04,9665
2467,志聖,209,26,183,富邦-桃園,2024-11-04,9665
00948B,中信優息投資級債,180,1,179,富邦-桃園,2024-11-04,9665
00687B,國泰20年美債,222,44,178,富邦-桃園,2024-11-04,9665
00679B,元大美債20年,206,35,171,富邦-桃園,2024-11-04,9665
2409,友達,110,7,103,富邦-桃園,2024-11-04,9665
2354,鴻準,268,168,100,富邦-桃園,2024-11-04,9665
2646,星宇航空,129,40,89,富邦-桃園,2024-11-04,9665
00688L,國泰20年美債正2,71,0,71,富邦-桃園,2024-11-04,9665
00930,永豐ESG低碳高息,65,0,65,富邦-桃園,2024-11-04,9665
00670L,富邦NASDAQ正2,56,0,56,富邦-桃園,2024-11-04,9665
00751B,元大AAA至A公司債,56,0,56,富邦-桃園,2024-11-04,9665
00637L,元大滬深300正2,57,2,55,富邦-桃園,2024-11-04,9665
2303,聯電,70,21,49,富邦-桃園,2024-11-04,9665
00943,兆豐電子高息等權,47,0,47,富邦-桃園,2024-11-04,9665
00632R,元大台灣50反1,67,24,43,富邦-桃園,2024-11-04,9665
2888,新光金,45,3,42,富邦-桃園,2024-11-04,9665
4167,松瑞藥,45,4,41,富邦-桃園,2024-11-04,9665
1464,得力,40,0,40,富邦-桃園,2024-11-04,9665
3019,亞光,48,8,40,富邦-桃園,2024-11-04,9665
2609,陽明,69,30,39,富邦-桃園,2024-11-04,9665
00665L,富邦�琤肭磪囓�2,118,80,38,富邦-桃園,2024-11-04,9665
00881,國泰台灣5G+,36,0,36,富邦-桃園,2024-11-04,9665
4977,眾達-KY,35,1,34,富邦-桃園,2024-11-04,9665
00720B,元大投資級公司債,28,0,28,富邦-桃園,2024-11-04,9665
00933B,國泰10Y+金融債,26,1,25,富邦-桃園,2024-11-04,9665
3605,宏致,28,3,25,富邦-桃園,2024-11-04,9665
3481,群創,59,36,23,富邦-桃園,2024-11-04,9665
0055,元大MSCI金融,22,0,22,富邦-桃園,2024-11-04,9665
2329,華泰,28,7,21,富邦-桃園,2024-11-04,9665
6133,金橋,40,19,21,富邦-桃園,2024-11-04,9665
00945B,凱基美國非投等債,23,3,20,富邦-桃園,2024-11-04,9665
2402,毅嘉,23,3,20,富邦-桃園,2024-11-04,9665
2493,揚博,115,96,19,富邦-桃園,2024-11-04,9665
00633L,富邦上証正2,22,3,19,富邦-桃園,2024-11-04,9665
2408,南亞科,22,5,17,富邦-桃園,2024-11-04,9665
2423,固緯,22,5,17,富邦-桃園,2024-11-04,9665
00932,兆豐永續高息等權,16,0,16,富邦-桃園,2024-11-04,9665
6806,森崴能源,26,10,16,富邦-桃園,2024-11-04,9665
4566,時碩工業,16,0,16,富邦-桃園,2024-11-04,9665
00713,元大台灣高息低波,19,3,16,富邦-桃園,2024-11-04,9665
1815,富喬,17,2,15,富邦-桃園,2024-11-04,9665
1522,堤維西,15,0,15,富邦-桃園,2024-11-04,9665
8043,蜜望實,15,0,15,富邦-桃園,2024-11-04,9665
00919,群益台灣精選高息,443,1,442,富邦-桃園,2024-11-05,9665
00687B,國泰20年美債,427,11,416,富邦-桃園,2024-11-05,9665
00878,國泰永續高股息,340,29,311,富邦-桃園,2024-11-05,9665
2467,志聖,213,13,200,富邦-桃園,2024-11-05,9665
0056,元大高股息,163,14,149,富邦-桃園,2024-11-05,9665
00953B,群益優選非投等債,103,5,98,富邦-桃園,2024-11-05,9665
00887,永豐中國科技50大,112,18,94,富邦-桃園,2024-11-05,9665
2354,鴻準,271,195,76,富邦-桃園,2024-11-05,9665
2312,金寶,105,39,66,富邦-桃園,2024-11-05,9665
2303,聯電,152,90,62,富邦-桃園,2024-11-05,9665
00937B,群益ESG投等債20,69,14,55,富邦-桃園,2024-11-05,9665
2344,華邦電,55,2,53,富邦-桃園,2024-11-05,9665
2834,臺企銀,53,0,53,富邦-桃園,2024-11-05,9665
3049,精金,68,20,48,富邦-桃園,2024-11-05,9665
00915,凱基優選高股息30,38,0,38,富邦-桃園,2024-11-05,9665
00927,群益半導體收益,42,6,36,富邦-桃園,2024-11-05,9665
1605,華新,40,5,35,富邦-桃園,2024-11-05,9665
00960,野村全球航運龍頭,35,0,35,富邦-桃園,2024-11-05,9665
5460,同協,51,17,34,富邦-桃園,2024-11-05,9665
00940,元大台灣價值高息,106,72,34,富邦-桃園,2024-11-05,9665
8011,台通,63,30,33,富邦-桃園,2024-11-05,9665
006206,元大上證50,33,0,33,富邦-桃園,2024-11-05,9665
00655L,國泰中國A50正2,35,3,32,富邦-桃園,2024-11-05,9665
2646,星宇航空,59,30,29,富邦-桃園,2024-11-05,9665
00700,富邦�琤肭磪�,30,2,28,富邦-桃園,2024-11-05,9665
3289,宜特,32,4,28,富邦-桃園,2024-11-05,9665
00948B,中信優息投資級債,23,0,23,富邦-桃園,2024-11-05,9665
4903,聯光通,77,54,23,富邦-桃園,2024-11-05,9665
00639,富邦深100,29,6,23,富邦-桃園,2024-11-05,9665
00673R,期元大S＆P原油反1,23,1,22,富邦-桃園,2024-11-05,9665
00930,永豐ESG低碳高息,21,0,21,富邦-桃園,2024-11-05,9665
1735,日勝化,21,0,21,富邦-桃園,2024-11-05,9665
00688L,國泰20年美債正2,20,0,20,富邦-桃園,2024-11-05,9665
2408,南亞科,20,0,20,富邦-桃園,2024-11-05,9665
006208,富邦台50,21,1,20,富邦-桃園,2024-11-05,9665
00891,中信關鍵半導體,19,0,19,富邦-桃園,2024-11-05,9665
00632R,元大台灣50反1,17,1,16,富邦-桃園,2024-11-05,9665
2493,揚博,15,0,15,富邦-桃園,2024-11-05,9665
2423,固緯,15,0,15,富邦-桃園,2024-11-05,9665
4991,環宇-KY,42,28,14,富邦-桃園,2024-11-05,9665
2425,承啟,14,0,14,富邦-桃園,2024-11-05,9665
1528,恩德,119,105,14,富邦-桃園,2024-11-05,9665
00712,復華富時不動產,23,10,13,富邦-桃園,2024-11-05,9665
6176,瑞儀,12,0,12,富邦-桃園,2024-11-05,9665
3455,由田,15,3,12,富邦-桃園,2024-11-05,9665
2369,菱生,11,0,11,富邦-桃園,2024-11-05,9665
6530,創威,53,42,11,富邦-桃園,2024-11-05,9665
00751B,元大AAA至A公司債,13,2,11,富邦-桃園,2024-11-05,9665
00946,群益科技高息成長,19,8,11,富邦-桃園,2024-11-05,9665
6425,易發,12,1,11,富邦-桃園,2024-11-05,9665
00688L,國泰20年美債正2,563,36,527,富邦-桃園,2024-11-06,9665
00953B,群益優選非投等債,500,0,500,富邦-桃園,2024-11-06,9665
00937B,群益ESG投等債20,547,88,459,富邦-桃園,2024-11-06,9665
00680L,元大美債20正2,522,165,357,富邦-桃園,2024-11-06,9665
00679B,元大美債20年,325,3,322,富邦-桃園,2024-11-06,9665
00687B,國泰20年美債,472,158,314,富邦-桃園,2024-11-06,9665
2467,志聖,193,11,182,富邦-桃園,2024-11-06,9665
2883,凱基金,427,249,178,富邦-桃園,2024-11-06,9665
00940,元大台灣價值高息,154,31,123,富邦-桃園,2024-11-06,9665
1314,中石化,112,1,111,富邦-桃園,2024-11-06,9665
00795B,中信美國公債20年,118,42,76,富邦-桃園,2024-11-06,9665
00753L,中信中國50正2,98,31,67,富邦-桃園,2024-11-06,9665
00665L,富邦�琤肭磪囓�2,75,9,66,富邦-桃園,2024-11-06,9665
3289,宜特,59,1,58,富邦-桃園,2024-11-06,9665
2303,聯電,105,49,56,富邦-桃園,2024-11-06,9665
3715,定穎投控,50,2,48,富邦-桃園,2024-11-06,9665
00881,國泰台灣5G+,62,15,47,富邦-桃園,2024-11-06,9665
00948B,中信優息投資級債,108,65,43,富邦-桃園,2024-11-06,9665
00713,元大台灣高息低波,48,10,38,富邦-桃園,2024-11-06,9665
00751B,元大AAA至A公司債,37,0,37,富邦-桃園,2024-11-06,9665
8064,東捷,40,5,35,富邦-桃園,2024-11-06,9665
00919,群益台灣精選高息,42,8,34,富邦-桃園,2024-11-06,9665
2423,固緯,31,0,31,富邦-桃園,2024-11-06,9665
2431,聯昌,76,47,29,富邦-桃園,2024-11-06,9665
8011,台通,28,0,28,富邦-桃園,2024-11-06,9665
00932,兆豐永續高息等權,27,0,27,富邦-桃園,2024-11-06,9665
5871,中租-KY,30,4,26,富邦-桃園,2024-11-06,9665
00915,凱基優選高股息30,25,0,25,富邦-桃園,2024-11-06,9665
00637L,元大滬深300正2,369,345,24,富邦-桃園,2024-11-06,9665
00696B,富邦美債20年,24,1,23,富邦-桃園,2024-11-06,9665
5438,東友,32,11,21,富邦-桃園,2024-11-06,9665
6835,圓裕,20,0,20,富邦-桃園,2024-11-06,9665
2442,新美齊,20,0,20,富邦-桃園,2024-11-06,9665
3390,旭軟,20,0,20,富邦-桃園,2024-11-06,9665
3686,達能,20,1,19,富邦-桃園,2024-11-06,9665
006206,元大上證50,16,0,16,富邦-桃園,2024-11-06,9665
2357,華碩,21,5,16,富邦-桃園,2024-11-06,9665
00712,復華富時不動產,16,0,16,富邦-桃園,2024-11-06,9665
6412,群電,15,0,15,富邦-桃園,2024-11-06,9665
00930,永豐ESG低碳高息,15,0,15,富邦-桃園,2024-11-06,9665
6227,茂綸,17,3,14,富邦-桃園,2024-11-06,9665
00926,凱基全球菁英55,14,0,14,富邦-桃園,2024-11-06,9665
2838,聯邦銀,13,0,13,富邦-桃園,2024-11-06,9665
2444,兆勁,13,0,13,富邦-桃園,2024-11-06,9665
00673R,期元大S＆P原油反1,13,0,13,富邦-桃園,2024-11-06,9665
8932,智通*,13,0,13,富邦-桃園,2024-11-06,9665
00946,群益科技高息成長,13,0,13,富邦-桃園,2024-11-06,9665
1528,恩德,35,23,12,富邦-桃園,2024-11-06,9665
2354,鴻準,107,95,12,富邦-桃園,2024-11-06,9665
9907,統一實,12,0,12,富邦-桃園,2024-11-06,9665
2467,志聖,153,1,152,富邦-桃園,2024-11-07,9665
00852L,國泰美國道瓊正2,151,0,151,富邦-桃園,2024-11-07,9665
00937B,群益ESG投等債20,238,108,130,富邦-桃園,2024-11-07,9665
00688L,國泰20年美債正2,130,15,115,富邦-桃園,2024-11-07,9665
00679B,元大美債20年,83,4,79,富邦-桃園,2024-11-07,9665
00673R,期元大S＆P原油反1,58,0,58,富邦-桃園,2024-11-07,9665
2615,萬海,60,7,53,富邦-桃園,2024-11-07,9665
00751B,元大AAA至A公司債,43,0,43,富邦-桃園,2024-11-07,9665
3230,錦明,34,0,34,富邦-桃園,2024-11-07,9665
8255,朋程,32,0,32,富邦-桃園,2024-11-07,9665
3715,定穎投控,98,66,32,富邦-桃園,2024-11-07,9665
0050,元大台灣50,35,4,31,富邦-桃園,2024-11-07,9665
00915,凱基優選高股息30,31,2,29,富邦-桃園,2024-11-07,9665
2889,國票金,26,0,26,富邦-桃園,2024-11-07,9665
8028,昇陽半導體,39,14,25,富邦-桃園,2024-11-07,9665
2423,固緯,25,0,25,富邦-桃園,2024-11-07,9665
9958,世紀鋼,30,6,24,富邦-桃園,2024-11-07,9665
5871,中租-KY,25,2,23,富邦-桃園,2024-11-07,9665
6187,萬潤,28,5,23,富邦-桃園,2024-11-07,9665
2363,矽統,34,11,23,富邦-桃園,2024-11-07,9665
8011,台通,48,26,22,富邦-桃園,2024-11-07,9665
1314,中石化,22,0,22,富邦-桃園,2024-11-07,9665
2834,臺企銀,25,4,21,富邦-桃園,2024-11-07,9665
2442,新美齊,22,1,21,富邦-桃園,2024-11-07,9665
2014,中鴻,163,143,20,富邦-桃園,2024-11-07,9665
3149,正達,71,51,20,富邦-桃園,2024-11-07,9665
00919,群益台灣精選高息,38,19,19,富邦-桃園,2024-11-07,9665
2646,星宇航空,32,13,19,富邦-桃園,2024-11-07,9665
3289,宜特,20,1,19,富邦-桃園,2024-11-07,9665
00943,兆豐電子高息等權,58,40,18,富邦-桃園,2024-11-07,9665
006208,富邦台50,39,21,18,富邦-桃園,2024-11-07,9665
3413,京鼎,17,0,17,富邦-桃園,2024-11-07,9665
00930,永豐ESG低碳高息,17,0,17,富邦-桃園,2024-11-07,9665
2497,怡利電,18,2,16,富邦-桃園,2024-11-07,9665
2609,陽明,19,3,16,富邦-桃園,2024-11-07,9665
00948B,中信優息投資級債,16,0,16,富邦-桃園,2024-11-07,9665
6869,雲豹能源,20,5,15,富邦-桃園,2024-11-07,9665
2457,飛宏,23,8,15,富邦-桃園,2024-11-07,9665
00680L,元大美債20正2,23,8,15,富邦-桃園,2024-11-07,9665
2855,統一證,14,0,14,富邦-桃園,2024-11-07,9665
6005,群益證,14,0,14,富邦-桃園,2024-11-07,9665
00713,元大台灣高息低波,18,4,14,富邦-桃園,2024-11-07,9665
6244,茂迪,33,20,13,富邦-桃園,2024-11-07,9665
2851,中再保,13,0,13,富邦-桃園,2024-11-07,9665
2892,第一金,13,1,12,富邦-桃園,2024-11-07,9665
8070,長華*,14,2,12,富邦-桃園,2024-11-07,9665
00668,國泰美國道瓊,12,0,12,富邦-桃園,2024-11-07,9665
00932,兆豐永續高息等權,12,0,12,富邦-桃園,2024-11-07,9665
4909,新復興,24,13,11,富邦-桃園,2024-11-07,9665
2399,映泰,24,13,11,富邦-桃園,2024-11-07,9665
2618,長榮航,296,35,261,富邦-桃園,2024-11-08,9665
2354,鴻準,359,141,218,富邦-桃園,2024-11-08,9665
9105,泰金寶-DR,438,276,162,富邦-桃園,2024-11-08,9665
3062,建漢,227,76,151,富邦-桃園,2024-11-08,9665
00632R,元大台灣50反1,151,6,145,富邦-桃園,2024-11-08,9665
2303,聯電,113,18,95,富邦-桃園,2024-11-08,9665
8105,凌巨,65,0,65,富邦-桃園,2024-11-08,9665
00878,國泰永續高股息,72,9,63,富邦-桃園,2024-11-08,9665
00795B,中信美國公債20年,112,50,62,富邦-桃園,2024-11-08,9665
00687B,國泰20年美債,128,68,60,富邦-桃園,2024-11-08,9665
00673R,期元大S＆P原油反1,55,0,55,富邦-桃園,2024-11-08,9665
2344,華邦電,72,18,54,富邦-桃園,2024-11-08,9665
2392,正崴,120,67,53,富邦-桃園,2024-11-08,9665
1471,首利,50,0,50,富邦-桃園,2024-11-08,9665
2388,威盛,80,32,48,富邦-桃園,2024-11-08,9665
2887,台新金,55,7,48,富邦-桃園,2024-11-08,9665
3037,欣興,115,71,44,富邦-桃園,2024-11-08,9665
2313,華通,54,11,43,富邦-桃園,2024-11-08,9665
2337,旺宏,48,10,38,富邦-桃園,2024-11-08,9665
00752,中信中國50,37,0,37,富邦-桃園,2024-11-08,9665
2423,固緯,35,0,35,富邦-桃園,2024-11-08,9665
00919,群益台灣精選高息,64,30,34,富邦-桃園,2024-11-08,9665
00932,兆豐永續高息等權,33,0,33,富邦-桃園,2024-11-08,9665
00929,復華台灣科技優息,119,87,32,富邦-桃園,2024-11-08,9665
00915,凱基優選高股息30,31,0,31,富邦-桃園,2024-11-08,9665
2368,金像電,38,7,31,富邦-桃園,2024-11-08,9665
00882,中信中國高股息,53,23,30,富邦-桃園,2024-11-08,9665
00725B,國泰投資級公司債,30,3,27,富邦-桃園,2024-11-08,9665
9958,世紀鋼,59,33,26,富邦-桃園,2024-11-08,9665
2409,友達,26,1,25,富邦-桃園,2024-11-08,9665
8096,擎亞,34,9,25,富邦-桃園,2024-11-08,9665
1326,台化,25,0,25,富邦-桃園,2024-11-08,9665
00679B,元大美債20年,57,33,24,富邦-桃園,2024-11-08,9665
00943,兆豐電子高息等權,22,0,22,富邦-桃園,2024-11-08,9665
4991,環宇-KY,34,12,22,富邦-桃園,2024-11-08,9665
6215,和椿,21,0,21,富邦-桃園,2024-11-08,9665
00713,元大台灣高息低波,24,3,21,富邦-桃園,2024-11-08,9665
2408,南亞科,20,0,20,富邦-桃園,2024-11-08,9665
2353,宏��,33,14,19,富邦-桃園,2024-11-08,9665
2537,聯上發,18,0,18,富邦-桃園,2024-11-08,9665
6505,台塑化,17,0,17,富邦-桃園,2024-11-08,9665
3227,原相,25,8,17,富邦-桃園,2024-11-08,9665
6152,百一,16,0,16,富邦-桃園,2024-11-08,9665
2889,國票金,15,0,15,富邦-桃園,2024-11-08,9665
2467,志聖,15,0,15,富邦-桃園,2024-11-08,9665
3294,英濟,15,0,15,富邦-桃園,2024-11-08,9665
3167,大量,24,9,15,富邦-桃園,2024-11-08,9665
3481,群創,21,7,14,富邦-桃園,2024-11-08,9665
6133,金橋,14,0,14,富邦-桃園,2024-11-08,9665
1531,高林股,23,10,13,富邦-桃園,2024-11-08,9665
00937B,群益ESG投等債20,567,73,494,富邦-桃園,2024-11-11,9665
00878,國泰永續高股息,247,14,233,富邦-桃園,2024-11-11,9665
00953B,群益優選非投等債,250,20,230,富邦-桃園,2024-11-11,9665
2354,鴻準,233,103,130,富邦-桃園,2024-11-11,9665
00795B,中信美國公債20年,160,35,125,富邦-桃園,2024-11-11,9665
00919,群益台灣精選高息,153,47,106,富邦-桃園,2024-11-11,9665
2464,盟立,100,1,99,富邦-桃園,2024-11-11,9665
1718,中纖,88,1,87,富邦-桃園,2024-11-11,9665
00852L,國泰美國道瓊正2,85,0,85,富邦-桃園,2024-11-11,9665
1605,華新,69,1,68,富邦-桃園,2024-11-11,9665
0056,元大高股息,78,11,67,富邦-桃園,2024-11-11,9665
00881,國泰台灣5G+,65,4,61,富邦-桃園,2024-11-11,9665
00687B,國泰20年美債,131,76,55,富邦-桃園,2024-11-11,9665
00887,永豐中國科技50大,100,46,54,富邦-桃園,2024-11-11,9665
00932,兆豐永續高息等權,53,0,53,富邦-桃園,2024-11-11,9665
00713,元大台灣高息低波,54,3,51,富邦-桃園,2024-11-11,9665
1449,佳和,78,29,49,富邦-桃園,2024-11-11,9665
00753L,中信中國50正2,119,70,49,富邦-桃園,2024-11-11,9665
2392,正崴,66,20,46,富邦-桃園,2024-11-11,9665
00882,中信中國高股息,45,0,45,富邦-桃園,2024-11-11,9665
2337,旺宏,41,0,41,富邦-桃園,2024-11-11,9665
00915,凱基優選高股息30,41,0,41,富邦-桃園,2024-11-11,9665
00752,中信中國50,54,13,41,富邦-桃園,2024-11-11,9665
00679B,元大美債20年,39,0,39,富邦-桃園,2024-11-11,9665
00943,兆豐電子高息等權,35,0,35,富邦-桃園,2024-11-11,9665
2486,一詮,45,11,34,富邦-桃園,2024-11-11,9665
2409,友達,31,0,31,富邦-桃園,2024-11-11,9665
006208,富邦台50,38,7,31,富邦-桃園,2024-11-11,9665
00665L,富邦�琤肭磪囓�2,82,54,28,富邦-桃園,2024-11-11,9665
9105,泰金寶-DR,38,10,28,富邦-桃園,2024-11-11,9665
2313,華通,46,19,27,富邦-桃園,2024-11-11,9665
00891,中信關鍵半導體,29,2,27,富邦-桃園,2024-11-11,9665
2887,台新金,24,0,24,富邦-桃園,2024-11-11,9665
00930,永豐ESG低碳高息,24,0,24,富邦-桃園,2024-11-11,9665
3303,岱稜,27,3,24,富邦-桃園,2024-11-11,9665
00637L,元大滬深300正2,96,73,23,富邦-桃園,2024-11-11,9665
00858,永豐美國500大,22,0,22,富邦-桃園,2024-11-11,9665
2646,星宇航空,31,10,21,富邦-桃園,2024-11-11,9665
2880,華南金,21,0,21,富邦-桃園,2024-11-11,9665
6186,新潤,21,0,21,富邦-桃園,2024-11-11,9665
5521,工信,20,0,20,富邦-桃園,2024-11-11,9665
2890,永豐金,22,2,20,富邦-桃園,2024-11-11,9665
2615,萬海,43,24,19,富邦-桃園,2024-11-11,9665
2641,正德,20,1,19,富邦-桃園,2024-11-11,9665
1312,國喬,18,0,18,富邦-桃園,2024-11-11,9665
2303,聯電,35,17,18,富邦-桃園,2024-11-11,9665
2006,東和鋼鐵,17,0,17,富邦-桃園,2024-11-11,9665
8096,擎亞,47,30,17,富邦-桃園,2024-11-11,9665
00675L,富邦臺灣加權正2,17,0,17,富邦-桃園,2024-11-11,9665
6603,富強鑫,16,0,16,富邦-桃園,2024-11-11,9665
00878,國泰永續高股息,480,58,422,富邦-桃園,2024-11-12,9665
00940,元大台灣價值高息,322,53,269,富邦-桃園,2024-11-12,9665
00795B,中信美國公債20年,255,4,251,富邦-桃園,2024-11-12,9665
0056,元大高股息,215,1,214,富邦-桃園,2024-11-12,9665
00715L,期街口布蘭特正2,201,0,201,富邦-桃園,2024-11-12,9665
2354,鴻準,254,74,180,富邦-桃園,2024-11-12,9665
00922,國泰台灣領袖50,143,2,141,富邦-桃園,2024-11-12,9665
1464,得力,100,0,100,富邦-桃園,2024-11-12,9665
5014,建錩,97,0,97,富邦-桃園,2024-11-12,9665
2017,官田鋼,91,0,91,富邦-桃園,2024-11-12,9665
00929,復華台灣科技優息,130,42,88,富邦-桃園,2024-11-12,9665
00937B,群益ESG投等債20,165,78,87,富邦-桃園,2024-11-12,9665
5871,中租-KY,91,5,86,富邦-桃園,2024-11-12,9665
00753L,中信中國50正2,140,59,81,富邦-桃園,2024-11-12,9665
2884,玉山金,101,22,79,富邦-桃園,2024-11-12,9665
006208,富邦台50,93,14,79,富邦-桃園,2024-11-12,9665
2882,國泰金,81,4,77,富邦-桃園,2024-11-12,9665
2317,鴻海,122,47,75,富邦-桃園,2024-11-12,9665
00919,群益台灣精選高息,172,102,70,富邦-桃園,2024-11-12,9665
1524,耿鼎,94,24,70,富邦-桃園,2024-11-12,9665
00915,凱基優選高股息30,102,33,69,富邦-桃園,2024-11-12,9665
2838,聯邦銀,65,0,65,富邦-桃園,2024-11-12,9665
00713,元大台灣高息低波,64,0,64,富邦-桃園,2024-11-12,9665
2834,臺企銀,74,11,63,富邦-桃園,2024-11-12,9665
3481,群創,60,1,59,富邦-桃園,2024-11-12,9665
2883,凱基金,360,302,58,富邦-桃園,2024-11-12,9665
9105,泰金寶-DR,141,85,56,富邦-桃園,2024-11-12,9665
00932,兆豐永續高息等權,53,0,53,富邦-桃園,2024-11-12,9665
2887,台新金,53,0,53,富邦-桃園,2024-11-12,9665
2002,中鋼,49,0,49,富邦-桃園,2024-11-12,9665
1718,中纖,63,15,48,富邦-桃園,2024-11-12,9665
00891,中信關鍵半導體,46,0,46,富邦-桃園,2024-11-12,9665
00930,永豐ESG低碳高息,45,0,45,富邦-桃園,2024-11-12,9665
2330,台積電,52,8,44,富邦-桃園,2024-11-12,9665
2423,固緯,43,1,42,富邦-桃園,2024-11-12,9665
2349,錸德,64,22,42,富邦-桃園,2024-11-12,9665
00905,FT臺灣Smart,42,1,41,富邦-桃園,2024-11-12,9665
2356,英業達,96,55,41,富邦-桃園,2024-11-12,9665
00882,中信中國高股息,53,13,40,富邦-桃園,2024-11-12,9665
2382,廣達,47,7,40,富邦-桃園,2024-11-12,9665
2328,廣宇,67,28,39,富邦-桃園,2024-11-12,9665
00943,兆豐電子高息等權,39,0,39,富邦-桃園,2024-11-12,9665
2313,華通,67,30,37,富邦-桃園,2024-11-12,9665
5880,合庫金,40,4,36,富邦-桃園,2024-11-12,9665
2892,第一金,36,0,36,富邦-桃園,2024-11-12,9665
00935,野村臺灣新科技50,35,0,35,富邦-桃園,2024-11-12,9665
2615,萬海,62,27,35,富邦-桃園,2024-11-12,9665
0050,元大台灣50,38,5,33,富邦-桃園,2024-11-12,9665
00960,野村全球航運龍頭,38,6,32,富邦-桃園,2024-11-12,9665
00895,富邦未來車,31,0,31,富邦-桃園,2024-11-12,9665
00882,中信中國高股息,1513,79,1434,富邦-桃園,2024-11-13,9665
00878,國泰永續高股息,321,33,288,富邦-桃園,2024-11-13,9665
00937B,群益ESG投等債20,410,241,169,富邦-桃園,2024-11-13,9665
00680L,元大美債20正2,151,20,131,富邦-桃園,2024-11-13,9665
2618,長榮航,271,158,113,富邦-桃園,2024-11-13,9665
2883,凱基金,219,123,96,富邦-桃園,2024-11-13,9665
2392,正崴,121,40,81,富邦-桃園,2024-11-13,9665
2010,春源,80,0,80,富邦-桃園,2024-11-13,9665
3481,群創,80,2,78,富邦-桃園,2024-11-13,9665
0056,元大高股息,84,7,77,富邦-桃園,2024-11-13,9665
00919,群益台灣精選高息,80,4,76,富邦-桃園,2024-11-13,9665
00887,永豐中國科技50大,111,36,75,富邦-桃園,2024-11-13,9665
1708,東鹼,109,36,73,富邦-桃園,2024-11-13,9665
00753L,中信中國50正2,79,15,64,富邦-桃園,2024-11-13,9665
00915,凱基優選高股息30,64,0,64,富邦-桃園,2024-11-13,9665
2303,聯電,78,14,64,富邦-桃園,2024-11-13,9665
6770,力積電,70,16,54,富邦-桃園,2024-11-13,9665
00671R,富邦NASDAQ反1,50,0,50,富邦-桃園,2024-11-13,9665
00687B,國泰20年美債,89,40,49,富邦-桃園,2024-11-13,9665
2409,友達,51,4,47,富邦-桃園,2024-11-13,9665
00918,大華優利高填息30,50,3,47,富邦-桃園,2024-11-13,9665
9105,泰金寶-DR,66,20,46,富邦-桃園,2024-11-13,9665
00715L,期街口布蘭特正2,45,1,44,富邦-桃園,2024-11-13,9665
1718,中纖,52,8,44,富邦-桃園,2024-11-13,9665
2330,台積電,46,9,37,富邦-桃園,2024-11-13,9665
2881,富邦金,37,2,35,富邦-桃園,2024-11-13,9665
2449,京元電子,44,9,35,富邦-桃園,2024-11-13,9665
00930,永豐ESG低碳高息,40,5,35,富邦-桃園,2024-11-13,9665
2477,美隆電,43,10,33,富邦-桃園,2024-11-13,9665
00679B,元大美債20年,64,33,31,富邦-桃園,2024-11-13,9665
00932,兆豐永續高息等權,31,0,31,富邦-桃園,2024-11-13,9665
2882,國泰金,44,13,31,富邦-桃園,2024-11-13,9665
1307,三芳,45,15,30,富邦-桃園,2024-11-13,9665
006208,富邦台50,35,5,30,富邦-桃園,2024-11-13,9665
2891,中信金,42,13,29,富邦-桃園,2024-11-13,9665
2601,益航,30,1,29,富邦-桃園,2024-11-13,9665
6743,安普新,31,2,29,富邦-桃園,2024-11-13,9665
3622,洋華,42,14,28,富邦-桃園,2024-11-13,9665
1449,佳和,30,4,26,富邦-桃園,2024-11-13,9665
00922,國泰台灣領袖50,29,3,26,富邦-桃園,2024-11-13,9665
2349,錸德,39,14,25,富邦-桃園,2024-11-13,9665
00830,國泰費城半導體,25,0,25,富邦-桃園,2024-11-13,9665
00891,中信關鍵半導體,23,0,23,富邦-桃園,2024-11-13,9665
6180,橘子,23,1,22,富邦-桃園,2024-11-13,9665
2337,旺宏,22,0,22,富邦-桃園,2024-11-13,9665
2354,鴻準,70,48,22,富邦-桃園,2024-11-13,9665
00948B,中信優息投資級債,31,10,21,富邦-桃園,2024-11-13,9665
00905,FT臺灣Smart,20,0,20,富邦-桃園,2024-11-13,9665
1464,得力,20,0,20,富邦-桃園,2024-11-13,9665
2006,東和鋼鐵,20,0,20,富邦-桃園,2024-11-13,9665
00878,國泰永續高股息,731,39,692,富邦-桃園,2024-11-14,9665
00929,復華台灣科技優息,259,31,228,富邦-桃園,2024-11-14,9665
00919,群益台灣精選高息,234,27,207,富邦-桃園,2024-11-14,9665
2303,聯電,222,58,164,富邦-桃園,2024-11-14,9665
0056,元大高股息,175,13,162,富邦-桃園,2024-11-14,9665
1471,首利,141,2,139,富邦-桃園,2024-11-14,9665
00687B,國泰20年美債,148,14,134,富邦-桃園,2024-11-14,9665
00915,凱基優選高股息30,114,3,111,富邦-桃園,2024-11-14,9665
3481,群創,112,38,74,富邦-桃園,2024-11-14,9665
00680L,元大美債20正2,64,0,64,富邦-桃園,2024-11-14,9665
00943,兆豐電子高息等權,63,0,63,富邦-桃園,2024-11-14,9665
3622,洋華,73,10,63,富邦-桃園,2024-11-14,9665
1718,中纖,70,14,56,富邦-桃園,2024-11-14,9665
00930,永豐ESG低碳高息,44,1,43,富邦-桃園,2024-11-14,9665
00946,群益科技高息成長,68,25,43,富邦-桃園,2024-11-14,9665
006208,富邦台50,46,5,41,富邦-桃園,2024-11-14,9665
1301,台塑,39,1,38,富邦-桃園,2024-11-14,9665
5014,建錩,38,0,38,富邦-桃園,2024-11-14,9665
2887,台新金,40,2,38,富邦-桃園,2024-11-14,9665
2467,志聖,36,3,33,富邦-桃園,2024-11-14,9665
3059,華晶科,32,0,32,富邦-桃園,2024-11-14,9665
8011,台通,34,3,31,富邦-桃園,2024-11-14,9665
2603,長榮,39,9,30,富邦-桃園,2024-11-14,9665
8213,志超,30,0,30,富邦-桃園,2024-11-14,9665
2382,廣達,30,1,29,富邦-桃園,2024-11-14,9665
2330,台積電,32,3,29,富邦-桃園,2024-11-14,9665
00927,群益半導體收益,25,0,25,富邦-桃園,2024-11-14,9665
2344,華邦電,39,14,25,富邦-桃園,2024-11-14,9665
00891,中信關鍵半導體,24,0,24,富邦-桃園,2024-11-14,9665
2881,富邦金,32,8,24,富邦-桃園,2024-11-14,9665
00932,兆豐永續高息等權,23,0,23,富邦-桃園,2024-11-14,9665
2609,陽明,45,22,23,富邦-桃園,2024-11-14,9665
00918,大華優利高填息30,24,2,22,富邦-桃園,2024-11-14,9665
3037,欣興,33,11,22,富邦-桃園,2024-11-14,9665
00905,FT臺灣Smart,22,0,22,富邦-桃園,2024-11-14,9665
2353,宏��,27,5,22,富邦-桃園,2024-11-14,9665
00952,凱基台灣AI50,22,0,22,富邦-桃園,2024-11-14,9665
6152,百一,22,0,22,富邦-桃園,2024-11-14,9665
00713,元大台灣高息低波,22,1,21,富邦-桃園,2024-11-14,9665
00951,台新日本半導體,21,0,21,富邦-桃園,2024-11-14,9665
00639,富邦深100,25,4,21,富邦-桃園,2024-11-14,9665
3294,英濟,21,0,21,富邦-桃園,2024-11-14,9665
6548,長科*,20,0,20,富邦-桃園,2024-11-14,9665
2495,普安,21,1,20,富邦-桃園,2024-11-14,9665
3141,晶宏,20,0,20,富邦-桃園,2024-11-14,9665
3715,定穎投控,25,6,19,富邦-桃園,2024-11-14,9665
2102,泰豐,19,0,19,富邦-桃園,2024-11-14,9665
9945,潤泰新,18,1,17,富邦-桃園,2024-11-14,9665
2392,正崴,35,18,17,富邦-桃園,2024-11-14,9665
2408,南亞科,19,2,17,富邦-桃園,2024-11-14,9665
00882,中信中國高股息,925,2,923,富邦-桃園,2024-11-15,9665
00878,國泰永續高股息,550,50,500,富邦-桃園,2024-11-15,9665
00891,中信關鍵半導體,158,1,157,富邦-桃園,2024-11-15,9665
2382,廣達,126,16,110,富邦-桃園,2024-11-15,9665
00687B,國泰20年美債,136,30,106,富邦-桃園,2024-11-15,9665
00937B,群益ESG投等債20,141,38,103,富邦-桃園,2024-11-15,9665
2317,鴻海,163,70,93,富邦-桃園,2024-11-15,9665
00933B,國泰10Y+金融債,85,0,85,富邦-桃園,2024-11-15,9665
2354,鴻準,288,207,81,富邦-桃園,2024-11-15,9665
2324,仁寶,69,8,61,富邦-桃園,2024-11-15,9665
3231,緯創,60,16,44,富邦-桃園,2024-11-15,9665
0056,元大高股息,70,33,37,富邦-桃園,2024-11-15,9665
2356,英業達,41,6,35,富邦-桃園,2024-11-15,9665
1560,中砂,33,0,33,富邦-桃園,2024-11-15,9665
2002,中鋼,34,3,31,富邦-桃園,2024-11-15,9665
00948B,中信優息投資級債,31,0,31,富邦-桃園,2024-11-15,9665
2506,太設,30,0,30,富邦-桃園,2024-11-15,9665
00752,中信中國50,29,0,29,富邦-桃園,2024-11-15,9665
00881,國泰台灣5G+,34,6,28,富邦-桃園,2024-11-15,9665
00932,兆豐永續高息等權,38,11,27,富邦-桃園,2024-11-15,9665
2887,台新金,27,1,26,富邦-桃園,2024-11-15,9665
4927,泰鼎-KY,29,3,26,富邦-桃園,2024-11-15,9665
1449,佳和,74,48,26,富邦-桃園,2024-11-15,9665
00830,國泰費城半導體,27,2,25,富邦-桃園,2024-11-15,9665
00885,富邦越南,25,0,25,富邦-桃園,2024-11-15,9665
1307,三芳,26,1,25,富邦-桃園,2024-11-15,9665
1301,台塑,29,4,25,富邦-桃園,2024-11-15,9665
00680L,元大美債20正2,31,7,24,富邦-桃園,2024-11-15,9665
00934,中信成長高股息,24,0,24,富邦-桃園,2024-11-15,9665
1587,吉茂,46,23,23,富邦-桃園,2024-11-15,9665
00922,國泰台灣領袖50,23,0,23,富邦-桃園,2024-11-15,9665
006208,富邦台50,28,5,23,富邦-桃園,2024-11-15,9665
3625,西勝,37,15,22,富邦-桃園,2024-11-15,9665
2399,映泰,24,2,22,富邦-桃園,2024-11-15,9665
3037,欣興,23,2,21,富邦-桃園,2024-11-15,9665
5871,中租-KY,59,39,20,富邦-桃園,2024-11-15,9665
00701,國泰股利精選30,20,0,20,富邦-桃園,2024-11-15,9665
6558,興能高,24,4,20,富邦-桃園,2024-11-15,9665
8011,台通,22,2,20,富邦-桃園,2024-11-15,9665
00953B,群益優選非投等債,35,16,19,富邦-桃園,2024-11-15,9665
4167,松瑞藥,19,1,18,富邦-桃園,2024-11-15,9665
2313,華通,22,4,18,富邦-桃園,2024-11-15,9665
3323,加百裕,26,8,18,富邦-桃園,2024-11-15,9665
6153,嘉聯益,18,0,18,富邦-桃園,2024-11-15,9665
5608,四維航,21,4,17,富邦-桃園,2024-11-15,9665
2615,萬海,59,42,17,富邦-桃園,2024-11-15,9665
2303,聯電,31,15,16,富邦-桃園,2024-11-15,9665
00915,凱基優選高股息30,42,26,16,富邦-桃園,2024-11-15,9665
2301,光寶科,18,3,15,富邦-桃園,2024-11-15,9665
00725B,國泰投資級公司債,26,11,15,富邦-桃園,2024-11-15,9665
00632R,元大台灣50反1,812,22,790,富邦-桃園,2024-11-18,9665
00878,國泰永續高股息,650,31,619,富邦-桃園,2024-11-18,9665
2618,長榮航,385,229,156,富邦-桃園,2024-11-18,9665
2312,金寶,207,69,138,富邦-桃園,2024-11-18,9665
00937B,群益ESG投等債20,151,14,137,富邦-桃園,2024-11-18,9665
0056,元大高股息,115,6,109,富邦-桃園,2024-11-18,9665
00706L,期元大S＆P日圓正2,102,0,102,富邦-桃園,2024-11-18,9665
3050,鈺德,96,7,89,富邦-桃園,2024-11-18,9665
00881,國泰台灣5G+,77,0,77,富邦-桃園,2024-11-18,9665
00715L,期街口布蘭特正2,76,2,74,富邦-桃園,2024-11-18,9665
3535,晶彩科,74,0,74,富邦-桃園,2024-11-18,9665
1718,中纖,100,32,68,富邦-桃園,2024-11-18,9665
2317,鴻海,100,40,60,富邦-桃園,2024-11-18,9665
2605,新興,61,4,57,富邦-桃園,2024-11-18,9665
2344,華邦電,56,1,55,富邦-桃園,2024-11-18,9665
1471,首利,63,9,54,富邦-桃園,2024-11-18,9665
006208,富邦台50,61,8,53,富邦-桃園,2024-11-18,9665
00951,台新日本半導體,51,1,50,富邦-桃園,2024-11-18,9665
00887,永豐中國科技50大,57,7,50,富邦-桃園,2024-11-18,9665
2423,固緯,44,0,44,富邦-桃園,2024-11-18,9665
00675L,富邦臺灣加權正2,42,0,42,富邦-桃園,2024-11-18,9665
3374,精材,50,9,41,富邦-桃園,2024-11-18,9665
00960,野村全球航運龍頭,40,2,38,富邦-桃園,2024-11-18,9665
2646,星宇航空,43,5,38,富邦-桃園,2024-11-18,9665
2881,富邦金,40,3,37,富邦-桃園,2024-11-18,9665
00688L,國泰20年美債正2,37,5,32,富邦-桃園,2024-11-18,9665
0050,元大台灣50,31,0,31,富邦-桃園,2024-11-18,9665
2031,新光鋼,30,0,30,富邦-桃園,2024-11-18,9665
00930,永豐ESG低碳高息,39,10,29,富邦-桃園,2024-11-18,9665
2330,台積電,32,3,29,富邦-桃園,2024-11-18,9665
00943,兆豐電子高息等權,28,0,28,富邦-桃園,2024-11-18,9665
8028,昇陽半導體,34,6,28,富邦-桃園,2024-11-18,9665
2520,冠德,33,5,28,富邦-桃園,2024-11-18,9665
6425,易發,31,3,28,富邦-桃園,2024-11-18,9665
00932,兆豐永續高息等權,26,0,26,富邦-桃園,2024-11-18,9665
2449,京元電子,26,1,25,富邦-桃園,2024-11-18,9665
3362,先進光,27,2,25,富邦-桃園,2024-11-18,9665
5014,建錩,25,0,25,富邦-桃園,2024-11-18,9665
00885,富邦越南,29,4,25,富邦-桃園,2024-11-18,9665
00922,國泰台灣領袖50,44,21,23,富邦-桃園,2024-11-18,9665
00642U,期元大S＆P石油,23,0,23,富邦-桃園,2024-11-18,9665
00929,復華台灣科技優息,178,155,23,富邦-桃園,2024-11-18,9665
1449,佳和,25,3,22,富邦-桃園,2024-11-18,9665
2884,玉山金,25,3,22,富邦-桃園,2024-11-18,9665
00952,凱基台灣AI50,21,0,21,富邦-桃園,2024-11-18,9665
00713,元大台灣高息低波,23,3,20,富邦-桃園,2024-11-18,9665
2303,聯電,36,16,20,富邦-桃園,2024-11-18,9665
00919,群益台灣精選高息,25,6,19,富邦-桃園,2024-11-18,9665
3037,欣興,37,18,19,富邦-桃園,2024-11-18,9665
00918,大華優利高填息30,20,2,18,富邦-桃園,2024-11-18,9665
00706L,期元大S＆P日圓正2,380,0,380,富邦-桃園,2024-11-19,9665
9105,泰金寶-DR,271,162,109,富邦-桃園,2024-11-19,9665
00878,國泰永續高股息,132,26,106,富邦-桃園,2024-11-19,9665
00637L,元大滬深300正2,306,241,65,富邦-桃園,2024-11-19,9665
00953B,群益優選非投等債,85,28,57,富邦-桃園,2024-11-19,9665
00673R,期元大S＆P原油反1,47,1,46,富邦-桃園,2024-11-19,9665
00932,兆豐永續高息等權,38,0,38,富邦-桃園,2024-11-19,9665
3481,群創,46,11,35,富邦-桃園,2024-11-19,9665
00887,永豐中國科技50大,45,11,34,富邦-桃園,2024-11-19,9665
0056,元大高股息,41,8,33,富邦-桃園,2024-11-19,9665
2324,仁寶,39,7,32,富邦-桃園,2024-11-19,9665
2423,固緯,31,0,31,富邦-桃園,2024-11-19,9665
2382,廣達,31,2,29,富邦-桃園,2024-11-19,9665
00945B,凱基美國非投等債,28,0,28,富邦-桃園,2024-11-19,9665
2105,正新,38,12,26,富邦-桃園,2024-11-19,9665
2312,金寶,295,272,23,富邦-桃園,2024-11-19,9665
2349,錸德,48,27,21,富邦-桃園,2024-11-19,9665
1314,中石化,20,0,20,富邦-桃園,2024-11-19,9665
8028,昇陽半導體,42,22,20,富邦-桃園,2024-11-19,9665
2368,金像電,20,1,19,富邦-桃園,2024-11-19,9665
1815,富喬,16,0,16,富邦-桃園,2024-11-19,9665
2017,官田鋼,16,0,16,富邦-桃園,2024-11-19,9665
6425,易發,22,6,16,富邦-桃園,2024-11-19,9665
2891,中信金,16,1,15,富邦-桃園,2024-11-19,9665
2881,富邦金,18,3,15,富邦-桃園,2024-11-19,9665
2367,燿華,15,0,15,富邦-桃園,2024-11-19,9665
00710B,復華彭博非投等債,15,0,15,富邦-桃園,2024-11-19,9665
00934,中信成長高股息,16,1,15,富邦-桃園,2024-11-19,9665
1587,吉茂,18,3,15,富邦-桃園,2024-11-19,9665
00943,兆豐電子高息等權,18,3,15,富邦-桃園,2024-11-19,9665
00713,元大台灣高息低波,16,2,14,富邦-桃園,2024-11-19,9665
9904,寶成,18,4,14,富邦-桃園,2024-11-19,9665
3625,西勝,16,2,14,富邦-桃園,2024-11-19,9665
00679B,元大美債20年,19,6,13,富邦-桃園,2024-11-19,9665
1301,台塑,16,3,13,富邦-桃園,2024-11-19,9665
00930,永豐ESG低碳高息,13,0,13,富邦-桃園,2024-11-19,9665
2883,凱基金,13,1,12,富邦-桃園,2024-11-19,9665
2520,冠德,20,8,12,富邦-桃園,2024-11-19,9665
00894,中信小資高價30,12,0,12,富邦-桃園,2024-11-19,9665
3024,憶聲,16,4,12,富邦-桃園,2024-11-19,9665
2613,中櫃,13,2,11,富邦-桃園,2024-11-19,9665
3088,艾訊,13,2,11,富邦-桃園,2024-11-19,9665
00751B,元大AAA至A公司債,11,0,11,富邦-桃園,2024-11-19,9665
5871,中租-KY,13,2,11,富邦-桃園,2024-11-19,9665
8104,錸寶,21,11,10,富邦-桃園,2024-11-19,9665
3419,譁裕,11,1,10,富邦-桃園,2024-11-19,9665
6217,中探針,10,0,10,富邦-桃園,2024-11-19,9665
3576,聯合再生,10,0,10,富邦-桃園,2024-11-19,9665
2006,東和鋼鐵,10,0,10,富邦-桃園,2024-11-19,9665
2431,聯昌,12,2,10,富邦-桃園,2024-11-19,9665
00953B,群益優選非投等債,211,0,211,富邦-桃園,2024-11-20,9665
00673R,期元大S＆P原油反1,205,0,205,富邦-桃園,2024-11-20,9665
2354,鴻準,294,93,201,富邦-桃園,2024-11-20,9665
00878,國泰永續高股息,112,8,104,富邦-桃園,2024-11-20,9665
0056,元大高股息,99,1,98,富邦-桃園,2024-11-20,9665
00706L,期元大S＆P日圓正2,100,10,90,富邦-桃園,2024-11-20,9665
0050,元大台灣50,78,0,78,富邦-桃園,2024-11-20,9665
2303,聯電,93,25,68,富邦-桃園,2024-11-20,9665
00671R,富邦NASDAQ反1,60,0,60,富邦-桃園,2024-11-20,9665
00937B,群益ESG投等債20,62,9,53,富邦-桃園,2024-11-20,9665
3005,神基,48,0,48,富邦-桃園,2024-11-20,9665
2408,南亞科,47,3,44,富邦-桃園,2024-11-20,9665
00930,永豐ESG低碳高息,43,0,43,富邦-桃園,2024-11-20,9665
00915,凱基優選高股息30,47,4,43,富邦-桃園,2024-11-20,9665
5243,乙盛-KY,43,3,40,富邦-桃園,2024-11-20,9665
2356,英業達,53,14,39,富邦-桃園,2024-11-20,9665
2329,華泰,41,2,39,富邦-桃園,2024-11-20,9665
3706,神達,323,286,37,富邦-桃園,2024-11-20,9665
00935,野村臺灣新科技50,36,0,36,富邦-桃園,2024-11-20,9665
4746,台耀,32,0,32,富邦-桃園,2024-11-20,9665
3625,西勝,33,2,31,富邦-桃園,2024-11-20,9665
006208,富邦台50,32,1,31,富邦-桃園,2024-11-20,9665
2349,錸德,110,82,28,富邦-桃園,2024-11-20,9665
00633L,富邦上証正2,83,56,27,富邦-桃園,2024-11-20,9665
00929,復華台灣科技優息,116,89,27,富邦-桃園,2024-11-20,9665
2317,鴻海,40,14,26,富邦-桃園,2024-11-20,9665
3006,晶豪科,30,5,25,富邦-桃園,2024-11-20,9665
3231,緯創,43,18,25,富邦-桃園,2024-11-20,9665
2017,官田鋼,25,0,25,富邦-桃園,2024-11-20,9665
2330,台積電,27,4,23,富邦-桃園,2024-11-20,9665
2646,星宇航空,27,4,23,富邦-桃園,2024-11-20,9665
3450,聯鈞,41,18,23,富邦-桃園,2024-11-20,9665
1605,華新,26,3,23,富邦-桃園,2024-11-20,9665
00679B,元大美債20年,32,9,23,富邦-桃園,2024-11-20,9665
2392,正崴,35,14,21,富邦-桃園,2024-11-20,9665
3024,憶聲,22,1,21,富邦-桃園,2024-11-20,9665
00950B,凱基A級公司債,20,0,20,富邦-桃園,2024-11-20,9665
2504,國產,20,0,20,富邦-桃園,2024-11-20,9665
00927,群益半導體收益,24,5,19,富邦-桃園,2024-11-20,9665
3447,展達,105,86,19,富邦-桃園,2024-11-20,9665
2352,佳世達,20,2,18,富邦-桃園,2024-11-20,9665
3037,欣興,21,3,18,富邦-桃園,2024-11-20,9665
6609,瀧澤科,22,4,18,富邦-桃園,2024-11-20,9665
00655L,國泰中國A50正2,20,2,18,富邦-桃園,2024-11-20,9665
2889,國票金,17,0,17,富邦-桃園,2024-11-20,9665
2881,富邦金,17,0,17,富邦-桃園,2024-11-20,9665
4430,耀億,16,0,16,富邦-桃園,2024-11-20,9665
6282,康舒,47,31,16,富邦-桃園,2024-11-20,9665
4956,光鋐,37,22,15,富邦-桃園,2024-11-20,9665
1218,泰山,17,2,15,富邦-桃園,2024-11-20,9665
00878,國泰永續高股息,145,4,141,富邦-桃園,2024-11-21,9665
2317,鴻海,104,26,78,富邦-桃園,2024-11-21,9665
2204,中華,135,59,76,富邦-桃園,2024-11-21,9665
2888,新光金,80,16,64,富邦-桃園,2024-11-21,9665
0056,元大高股息,64,5,59,富邦-桃園,2024-11-21,9665
00948B,中信優息投資級債,57,0,57,富邦-桃園,2024-11-21,9665
2605,新興,60,9,51,富邦-桃園,2024-11-21,9665
2530,華建,50,0,50,富邦-桃園,2024-11-21,9665
00950B,凱基A級公司債,50,1,49,富邦-桃園,2024-11-21,9665
3511,矽瑪,86,38,48,富邦-桃園,2024-11-21,9665
00633L,富邦上証正2,50,6,44,富邦-桃園,2024-11-21,9665
00937B,群益ESG投等債20,55,12,43,富邦-桃園,2024-11-21,9665
006208,富邦台50,51,10,41,富邦-桃園,2024-11-21,9665
2303,聯電,106,67,39,富邦-桃園,2024-11-21,9665
00915,凱基優選高股息30,39,0,39,富邦-桃園,2024-11-21,9665
2881,富邦金,37,0,37,富邦-桃園,2024-11-21,9665
6770,力積電,34,0,34,富邦-桃園,2024-11-21,9665
2442,新美齊,30,0,30,富邦-桃園,2024-11-21,9665
3622,洋華,31,3,28,富邦-桃園,2024-11-21,9665
8176,智捷,28,0,28,富邦-桃園,2024-11-21,9665
00929,復華台灣科技優息,105,77,28,富邦-桃園,2024-11-21,9665
5876,上海商銀,26,0,26,富邦-桃園,2024-11-21,9665
2646,星宇航空,26,1,25,富邦-桃園,2024-11-21,9665
6134,萬旭,27,3,24,富邦-桃園,2024-11-21,9665
5014,建錩,24,0,24,富邦-桃園,2024-11-21,9665
2308,台達電,29,5,24,富邦-桃園,2024-11-21,9665
00905,FT臺灣Smart,23,0,23,富邦-桃園,2024-11-21,9665
3481,群創,28,5,23,富邦-桃園,2024-11-21,9665
00930,永豐ESG低碳高息,23,1,22,富邦-桃園,2024-11-21,9665
00922,國泰台灣領袖50,22,0,22,富邦-桃園,2024-11-21,9665
00919,群益台灣精選高息,48,26,22,富邦-桃園,2024-11-21,9665
00713,元大台灣高息低波,25,4,21,富邦-桃園,2024-11-21,9665
00918,大華優利高填息30,26,5,21,富邦-桃園,2024-11-21,9665
2890,永豐金,21,3,18,富邦-桃園,2024-11-21,9665
2002,中鋼,19,1,18,富邦-桃園,2024-11-21,9665
00692,富邦公司治理,18,0,18,富邦-桃園,2024-11-21,9665
00891,中信關鍵半導體,17,0,17,富邦-桃園,2024-11-21,9665
6443,元晶,20,3,17,富邦-桃園,2024-11-21,9665
3032,偉訓,62,45,17,富邦-桃園,2024-11-21,9665
00960,野村全球航運龍頭,21,5,16,富邦-桃園,2024-11-21,9665
00946,群益科技高息成長,15,0,15,富邦-桃園,2024-11-21,9665
2356,英業達,88,73,15,富邦-桃園,2024-11-21,9665
1513,中興電,15,0,15,富邦-桃園,2024-11-21,9665
2504,國產,15,0,15,富邦-桃園,2024-11-21,9665
2882,國泰金,14,0,14,富邦-桃園,2024-11-21,9665
4167,松瑞藥,15,1,14,富邦-桃園,2024-11-21,9665
4977,眾達-KY,30,16,14,富邦-桃園,2024-11-21,9665
2330,台積電,19,5,14,富邦-桃園,2024-11-21,9665
0050,元大台灣50,18,4,14,富邦-桃園,2024-11-21,9665
1301,台塑,13,0,13,富邦-桃園,2024-11-21,9665
00953B,群益優選非投等債,589,0,589,富邦-桃園,2024-11-22,9665
00950B,凱基A級公司債,530,0,530,富邦-桃園,2024-11-22,9665
9105,泰金寶-DR,565,295,270,富邦-桃園,2024-11-22,9665
00673R,期元大S＆P原油反1,262,0,262,富邦-桃園,2024-11-22,9665
00664R,國泰臺灣加權反1,100,0,100,富邦-桃園,2024-11-22,9665
1718,中纖,100,0,100,富邦-桃園,2024-11-22,9665
1314,中石化,102,8,94,富邦-桃園,2024-11-22,9665
2317,鴻海,95,35,60,富邦-桃園,2024-11-22,9665
00882,中信中國高股息,112,52,60,富邦-桃園,2024-11-22,9665
2867,三商壽,56,0,56,富邦-桃園,2024-11-22,9665
00687B,國泰20年美債,94,39,55,富邦-桃園,2024-11-22,9665
00752,中信中國50,55,0,55,富邦-桃園,2024-11-22,9665
00918,大華優利高填息30,61,11,50,富邦-桃園,2024-11-22,9665
2609,陽明,123,77,46,富邦-桃園,2024-11-22,9665
3323,加百裕,195,157,38,富邦-桃園,2024-11-22,9665
2515,中工,37,0,37,富邦-桃園,2024-11-22,9665
0056,元大高股息,57,23,34,富邦-桃園,2024-11-22,9665
00919,群益台灣精選高息,49,14,35,富邦-桃園,2024-11-22,9665
4542,科嶠,35,1,34,富邦-桃園,2024-11-22,9665
00930,永豐ESG低碳高息,31,0,31,富邦-桃園,2024-11-22,9665
6558,興能高,46,15,31,富邦-桃園,2024-11-22,9665
00637L,元大滬深300正2,30,1,29,富邦-桃園,2024-11-22,9665
00939,統一台灣高息動能,35,8,27,富邦-桃園,2024-11-22,9665
5871,中租-KY,27,0,27,富邦-桃園,2024-11-22,9665
2883,凱基金,32,6,26,富邦-桃園,2024-11-22,9665
00830,國泰費城半導體,25,0,25,富邦-桃園,2024-11-22,9665
2408,南亞科,46,21,25,富邦-桃園,2024-11-22,9665
5876,上海商銀,23,0,23,富邦-桃園,2024-11-22,9665
3036,文曄,22,0,22,富邦-桃園,2024-11-22,9665
3037,欣興,34,13,21,富邦-桃園,2024-11-22,9665
2303,聯電,44,24,20,富邦-桃園,2024-11-22,9665
1449,佳和,121,101,20,富邦-桃園,2024-11-22,9665
8163,達方,22,2,20,富邦-桃園,2024-11-22,9665
5309,系統電,53,34,19,富邦-桃園,2024-11-22,9665
2486,一詮,51,32,19,富邦-桃園,2024-11-22,9665
00948B,中信優息投資級債,20,1,19,富邦-桃園,2024-11-22,9665
3032,偉訓,28,9,19,富邦-桃園,2024-11-22,9665
00881,國泰台灣5G+,20,1,19,富邦-桃園,2024-11-22,9665
2615,萬海,41,23,18,富邦-桃園,2024-11-22,9665
2356,英業達,65,48,17,富邦-桃園,2024-11-22,9665
8935,邦泰,16,0,16,富邦-桃園,2024-11-22,9665
3234,光環,16,0,16,富邦-桃園,2024-11-22,9665
8171,天宇,23,8,15,富邦-桃園,2024-11-22,9665
00915,凱基優選高股息30,17,3,14,富邦-桃園,2024-11-22,9665
2915,潤泰全,18,3,15,富邦-桃園,2024-11-22,9665
6438,迅得,55,42,13,富邦-桃園,2024-11-22,9665
00909,國泰數位支付服務,16,3,13,富邦-桃園,2024-11-22,9665
8358,金居,13,1,12,富邦-桃園,2024-11-22,9665
2423,固緯,12,0,12,富邦-桃園,2024-11-22,9665
8929,富堡,12,0,12,富邦-桃園,2024-11-22,9665
00950B,凱基A級公司債,316,0,316,富邦-桃園,2024-11-25,9665
00937B,群益ESG投等債20,313,15,298,富邦-桃園,2024-11-25,9665
00919,群益台灣精選高息,201,11,190,富邦-桃園,2024-11-25,9665
9105,泰金寶-DR,507,363,144,富邦-桃園,2024-11-25,9665
2618,長榮航,297,160,137,富邦-桃園,2024-11-25,9665
00706L,期元大S＆P日圓正2,100,0,100,富邦-桃園,2024-11-25,9665
00687B,國泰20年美債,158,68,90,富邦-桃園,2024-11-25,9665
1815,富喬,455,372,83,富邦-桃園,2024-11-25,9665
2301,光寶科,106,23,83,富邦-桃園,2024-11-25,9665
00673R,期元大S＆P原油反1,79,0,79,富邦-桃園,2024-11-25,9665
00887,永豐中國科技50大,80,1,79,富邦-桃園,2024-11-25,9665
2615,萬海,94,15,79,富邦-桃園,2024-11-25,9665
00930,永豐ESG低碳高息,61,0,61,富邦-桃園,2024-11-25,9665
00753L,中信中國50正2,95,42,53,富邦-桃園,2024-11-25,9665
6770,力積電,52,0,52,富邦-桃園,2024-11-25,9665
2312,金寶,476,429,47,富邦-桃園,2024-11-25,9665
6186,新潤,36,0,36,富邦-桃園,2024-11-25,9665
2371,大同,70,35,35,富邦-桃園,2024-11-25,9665
00922,國泰台灣領袖50,33,2,31,富邦-桃園,2024-11-25,9665
3622,洋華,37,6,31,富邦-桃園,2024-11-25,9665
00878,國泰永續高股息,42,14,28,富邦-桃園,2024-11-25,9665
4931,新盛力,39,13,26,富邦-桃園,2024-11-25,9665
4576,大銀微系統,26,1,25,富邦-桃園,2024-11-25,9665
5880,合庫金,24,0,24,富邦-桃園,2024-11-25,9665
00907,永豐優息存股,20,0,20,富邦-桃園,2024-11-25,9665
00739,元大MSCI A股,20,0,20,富邦-桃園,2024-11-25,9665
1314,中石化,131,111,20,富邦-桃園,2024-11-25,9665
6757,台灣虎航,20,0,20,富邦-桃園,2024-11-25,9665
2477,美隆電,25,6,19,富邦-桃園,2024-11-25,9665
3189,景碩,29,10,19,富邦-桃園,2024-11-25,9665
1611,中電,18,0,18,富邦-桃園,2024-11-25,9665
4909,新復興,20,2,18,富邦-桃園,2024-11-25,9665
2421,建準,24,7,17,富邦-桃園,2024-11-25,9665
2303,聯電,30,14,16,富邦-桃園,2024-11-25,9665
00858,永豐美國500大,16,0,16,富邦-桃園,2024-11-25,9665
1563,巧新,18,2,16,富邦-桃園,2024-11-25,9665
00886,永豐美國科技,15,0,15,富邦-桃園,2024-11-25,9665
1301,台塑,15,0,15,富邦-桃園,2024-11-25,9665
6005,群益證,14,0,14,富邦-桃園,2024-11-25,9665
1524,耿鼎,28,14,14,富邦-桃園,2024-11-25,9665
2382,廣達,16,3,13,富邦-桃園,2024-11-25,9665
4927,泰鼎-KY,18,5,13,富邦-桃園,2024-11-25,9665
2331,精英,14,1,13,富邦-桃園,2024-11-25,9665
6217,中探針,13,0,13,富邦-桃園,2024-11-25,9665
00915,凱基優選高股息30,21,8,13,富邦-桃園,2024-11-25,9665
3712,永崴投控,77,64,13,富邦-桃園,2024-11-25,9665
00945B,凱基美國非投等債,12,0,12,富邦-桃園,2024-11-25,9665
2423,固緯,12,0,12,富邦-桃園,2024-11-25,9665
5871,中租-KY,11,0,11,富邦-桃園,2024-11-25,9665
5876,上海商銀,11,0,11,富邦-桃園,2024-11-25,9665
00937B,群益ESG投等債20,355,92,263,富邦-桃園,2024-11-26,9665
00919,群益台灣精選高息,158,17,141,富邦-桃園,2024-11-26,9665
00930,永豐ESG低碳高息,116,1,115,富邦-桃園,2024-11-26,9665
2317,鴻海,160,49,111,富邦-桃園,2024-11-26,9665
00878,國泰永續高股息,128,21,107,富邦-桃園,2024-11-26,9665
00950B,凱基A級公司債,100,0,100,富邦-桃園,2024-11-26,9665
3323,加百裕,200,104,96,富邦-桃園,2024-11-26,9665
3622,洋華,96,3,93,富邦-桃園,2024-11-26,9665
00673R,期元大S＆P原油反1,84,3,81,富邦-桃園,2024-11-26,9665
6558,興能高,98,23,75,富邦-桃園,2024-11-26,9665
2367,燿華,84,13,71,富邦-桃園,2024-11-26,9665
2312,金寶,361,299,62,富邦-桃園,2024-11-26,9665
1718,中纖,50,0,50,富邦-桃園,2024-11-26,9665
2412,中華電,47,0,47,富邦-桃園,2024-11-26,9665
0056,元大高股息,71,25,46,富邦-桃園,2024-11-26,9665
006208,富邦台50,40,3,37,富邦-桃園,2024-11-26,9665
3231,緯創,124,90,34,富邦-桃園,2024-11-26,9665
2349,錸德,52,18,34,富邦-桃園,2024-11-26,9665
00924,復華S＆P500成長,31,0,31,富邦-桃園,2024-11-26,9665
2388,威盛,33,2,31,富邦-桃園,2024-11-26,9665
4167,松瑞藥,30,1,29,富邦-桃園,2024-11-26,9665
3706,神達,168,140,28,富邦-桃園,2024-11-26,9665
3605,宏致,31,4,27,富邦-桃園,2024-11-26,9665
1522,堤維西,33,6,27,富邦-桃園,2024-11-26,9665
00922,國泰台灣領袖50,71,45,26,富邦-桃園,2024-11-26,9665
00943,兆豐電子高息等權,26,0,26,富邦-桃園,2024-11-26,9665
2615,萬海,29,5,24,富邦-桃園,2024-11-26,9665
6757,台灣虎航,25,1,24,富邦-桃園,2024-11-26,9665
00885,富邦越南,26,3,23,富邦-桃園,2024-11-26,9665
6156,松上,22,0,22,富邦-桃園,2024-11-26,9665
2887,台新金,32,10,22,富邦-桃園,2024-11-26,9665
2344,華邦電,22,1,21,富邦-桃園,2024-11-26,9665
00637L,元大滬深300正2,66,45,21,富邦-桃園,2024-11-26,9665
2633,台灣高鐵,21,0,21,富邦-桃園,2024-11-26,9665
2408,南亞科,19,0,19,富邦-桃園,2024-11-26,9665
2402,毅嘉,22,3,19,富邦-桃園,2024-11-26,9665
1569,濱川,73,54,19,富邦-桃園,2024-11-26,9665
8261,富鼎,22,4,18,富邦-桃園,2024-11-26,9665
1449,佳和,19,1,18,富邦-桃園,2024-11-26,9665
2330,台積電,22,4,18,富邦-桃園,2024-11-26,9665
5243,乙盛-KY,32,15,17,富邦-桃園,2024-11-26,9665
2421,建準,18,1,17,富邦-桃園,2024-11-26,9665
3211,順達,18,2,16,富邦-桃園,2024-11-26,9665
6213,聯茂,18,2,16,富邦-桃園,2024-11-26,9665
2371,大同,35,20,15,富邦-桃園,2024-11-26,9665
2308,台達電,17,2,15,富邦-桃園,2024-11-26,9665
4956,光鋐,20,5,15,富邦-桃園,2024-11-26,9665
2419,仲琦,53,38,15,富邦-桃園,2024-11-26,9665
4977,眾達-KY,15,1,14,富邦-桃園,2024-11-26,9665
2449,京元電子,15,2,13,富邦-桃園,2024-11-26,9665
00632R,元大台灣50反1,700,179,521,富邦-桃園,2024-11-27,9665
00878,國泰永續高股息,390,36,354,富邦-桃園,2024-11-27,9665
00919,群益台灣精選高息,332,14,318,富邦-桃園,2024-11-27,9665
00950B,凱基A級公司債,300,0,300,富邦-桃園,2024-11-27,9665
0056,元大高股息,271,20,251,富邦-桃園,2024-11-27,9665
00929,復華台灣科技優息,197,67,130,富邦-桃園,2024-11-27,9665
2303,聯電,159,59,100,富邦-桃園,2024-11-27,9665
00671R,富邦NASDAQ反1,100,0,100,富邦-桃園,2024-11-27,9665
6770,力積電,109,12,97,富邦-桃園,2024-11-27,9665
00918,大華優利高填息30,131,40,91,富邦-桃園,2024-11-27,9665
006208,富邦台50,71,10,61,富邦-桃園,2024-11-27,9665
00687B,國泰20年美債,110,54,56,富邦-桃園,2024-11-27,9665
00669R,國泰美國道瓊反1,52,0,52,富邦-桃園,2024-11-27,9665
2609,陽明,168,116,52,富邦-桃園,2024-11-27,9665
8104,錸寶,64,13,51,富邦-桃園,2024-11-27,9665
00753L,中信中國50正2,50,0,50,富邦-桃園,2024-11-27,9665
00943,兆豐電子高息等權,48,0,48,富邦-桃園,2024-11-27,9665
00940,元大台灣價值高息,57,10,47,富邦-桃園,2024-11-27,9665
2002,中鋼,46,0,46,富邦-桃園,2024-11-27,9665
2603,長榮,71,26,45,富邦-桃園,2024-11-27,9665
6558,興能高,140,95,45,富邦-桃園,2024-11-27,9665
2615,萬海,94,49,45,富邦-桃園,2024-11-27,9665
5425,台半,42,0,42,富邦-桃園,2024-11-27,9665
2882,國泰金,56,14,42,富邦-桃園,2024-11-27,9665
5522,遠雄,39,0,39,富邦-桃園,2024-11-27,9665
8105,凌巨,40,1,39,富邦-桃園,2024-11-27,9665
5309,系統電,62,25,37,富邦-桃園,2024-11-27,9665
2356,英業達,53,17,36,富邦-桃園,2024-11-27,9665
00905,FT臺灣Smart,36,0,36,富邦-桃園,2024-11-27,9665
2392,正崴,79,43,36,富邦-桃園,2024-11-27,9665
00915,凱基優選高股息30,34,0,34,富邦-桃園,2024-11-27,9665
2408,南亞科,35,1,34,富邦-桃園,2024-11-27,9665
3037,欣興,46,12,34,富邦-桃園,2024-11-27,9665
3231,緯創,87,54,33,富邦-桃園,2024-11-27,9665
6290,良維,31,0,31,富邦-桃園,2024-11-27,9665
2881,富邦金,47,16,31,富邦-桃園,2024-11-27,9665
3094,聯傑,30,0,30,富邦-桃園,2024-11-27,9665
2344,華邦電,39,10,29,富邦-桃園,2024-11-27,9665
3090,日電貿,47,18,29,富邦-桃園,2024-11-27,9665
2402,毅嘉,38,10,28,富邦-桃園,2024-11-27,9665
0050,元大台灣50,28,0,28,富邦-桃園,2024-11-27,9665
2330,台積電,38,11,27,富邦-桃園,2024-11-27,9665
4562,穎漢,54,29,25,富邦-桃園,2024-11-27,9665
2349,錸德,30,5,25,富邦-桃園,2024-11-27,9665
00922,國泰台灣領袖50,38,15,23,富邦-桃園,2024-11-27,9665
4909,新復興,28,5,23,富邦-桃園,2024-11-27,9665
3323,加百裕,175,152,23,富邦-桃園,2024-11-27,9665
00946,群益科技高息成長,21,0,21,富邦-桃園,2024-11-27,9665
2915,潤泰全,23,2,21,富邦-桃園,2024-11-27,9665
6505,台塑化,21,1,20,富邦-桃園,2024-11-27,9665
00878,國泰永續高股息,423,109,314,富邦-桃園,2024-11-28,9665
00919,群益台灣精選高息,380,144,236,富邦-桃園,2024-11-28,9665
0056,元大高股息,177,10,167,富邦-桃園,2024-11-28,9665
3622,洋華,154,2,152,富邦-桃園,2024-11-28,9665
00950B,凱基A級公司債,107,0,107,富邦-桃園,2024-11-28,9665
00940,元大台灣價值高息,135,38,97,富邦-桃園,2024-11-28,9665
00676R,富邦臺灣加權反1,100,10,90,富邦-桃園,2024-11-28,9665
9105,泰金寶-DR,223,137,86,富邦-桃園,2024-11-28,9665
2883,凱基金,76,6,70,富邦-桃園,2024-11-28,9665
00929,復華台灣科技優息,269,201,68,富邦-桃園,2024-11-28,9665
6770,力積電,74,11,63,富邦-桃園,2024-11-28,9665
4510,高鋒,146,89,57,富邦-桃園,2024-11-28,9665
00918,大華優利高填息30,65,10,55,富邦-桃園,2024-11-28,9665
2303,聯電,157,103,54,富邦-桃園,2024-11-28,9665
00915,凱基優選高股息30,53,0,53,富邦-桃園,2024-11-28,9665
1815,富喬,194,143,51,富邦-桃園,2024-11-28,9665
00669R,國泰美國道瓊反1,50,0,50,富邦-桃園,2024-11-28,9665
3037,欣興,91,42,49,富邦-桃園,2024-11-28,9665
2312,金寶,225,181,44,富邦-桃園,2024-11-28,9665
2882,國泰金,51,8,43,富邦-桃園,2024-11-28,9665
00687B,國泰20年美債,99,57,42,富邦-桃園,2024-11-28,9665
00932,兆豐永續高息等權,50,10,40,富邦-桃園,2024-11-28,9665
2017,官田鋼,40,0,40,富邦-桃園,2024-11-28,9665
006208,富邦台50,50,12,38,富邦-桃園,2024-11-28,9665
8111,立��,44,8,36,富邦-桃園,2024-11-28,9665
4931,新盛力,38,4,34,富邦-桃園,2024-11-28,9665
6425,易發,31,0,31,富邦-桃園,2024-11-28,9665
2313,華通,45,14,31,富邦-桃園,2024-11-28,9665
00688L,國泰20年美債正2,40,10,30,富邦-桃園,2024-11-28,9665
4927,泰鼎-KY,31,2,29,富邦-桃園,2024-11-28,9665
00713,元大台灣高息低波,29,1,28,富邦-桃園,2024-11-28,9665
5871,中租-KY,32,5,27,富邦-桃園,2024-11-28,9665
3706,神達,368,342,26,富邦-桃園,2024-11-28,9665
4916,事欣科,43,17,26,富邦-桃園,2024-11-28,9665
0050,元大台灣50,29,3,26,富邦-桃園,2024-11-28,9665
2408,南亞科,32,7,25,富邦-桃園,2024-11-28,9665
00930,永豐ESG低碳高息,24,0,24,富邦-桃園,2024-11-28,9665
6156,松上,27,3,24,富邦-桃園,2024-11-28,9665
1605,華新,47,24,23,富邦-桃園,2024-11-28,9665
4991,環宇-KY,26,5,21,富邦-桃園,2024-11-28,9665
2344,華邦電,32,11,21,富邦-桃園,2024-11-28,9665
1307,三芳,21,0,21,富邦-桃園,2024-11-28,9665
3059,華晶科,20,0,20,富邦-桃園,2024-11-28,9665
2070,精湛,53,33,20,富邦-桃園,2024-11-28,9665
6282,康舒,21,1,20,富邦-桃園,2024-11-28,9665
2330,台積電,26,7,19,富邦-桃園,2024-11-28,9665
8358,金居,19,0,19,富邦-桃園,2024-11-28,9665
00946,群益科技高息成長,37,18,19,富邦-桃園,2024-11-28,9665
2419,仲琦,18,0,18,富邦-桃園,2024-11-28,9665
2354,鴻準,51,33,18,富邦-桃園,2024-11-28,9665
00632R,元大台灣50反1,726,201,525,富邦-桃園,2024-11-29,9665
00878,國泰永續高股息,159,53,106,富邦-桃園,2024-11-29,9665
0056,元大高股息,105,2,103,富邦-桃園,2024-11-29,9665
00919,群益台灣精選高息,117,16,101,富邦-桃園,2024-11-29,9665
2618,長榮航,138,39,99,富邦-桃園,2024-11-29,9665
00950B,凱基A級公司債,95,0,95,富邦-桃園,2024-11-29,9665
3090,日電貿,79,3,76,富邦-桃園,2024-11-29,9665
00882,中信中國高股息,72,10,62,富邦-桃園,2024-11-29,9665
00688L,國泰20年美債正2,60,9,51,富邦-桃園,2024-11-29,9665
2317,鴻海,67,22,45,富邦-桃園,2024-11-29,9665
6558,興能高,120,78,42,富邦-桃園,2024-11-29,9665
00650L,復華香港正2,41,0,41,富邦-桃園,2024-11-29,9665
2303,聯電,87,47,40,富邦-桃園,2024-11-29,9665
5309,系統電,90,52,38,富邦-桃園,2024-11-29,9665
2002,中鋼,35,3,32,富邦-桃園,2024-11-29,9665
00915,凱基優選高股息30,30,0,30,富邦-桃園,2024-11-29,9665
00953B,群益優選非投等債,30,0,30,富邦-桃園,2024-11-29,9665
00918,大華優利高填息30,35,5,30,富邦-桃園,2024-11-29,9665
2881,富邦金,28,1,27,富邦-桃園,2024-11-29,9665
9958,世紀鋼,34,7,27,富邦-桃園,2024-11-29,9665
2423,固緯,26,0,26,富邦-桃園,2024-11-29,9665
1301,台塑,27,1,26,富邦-桃園,2024-11-29,9665
00713,元大台灣高息低波,27,1,26,富邦-桃園,2024-11-29,9665
5880,合庫金,25,0,25,富邦-桃園,2024-11-29,9665
006208,富邦台50,30,6,24,富邦-桃園,2024-11-29,9665
9105,泰金寶-DR,50,27,23,富邦-桃園,2024-11-29,9665
2330,台積電,26,4,22,富邦-桃園,2024-11-29,9665
6530,創威,34,13,21,富邦-桃園,2024-11-29,9665
2883,凱基金,22,2,20,富邦-桃園,2024-11-29,9665
2204,中華,25,5,20,富邦-桃園,2024-11-29,9665
1616,億泰,20,0,20,富邦-桃園,2024-11-29,9665
00947,台新臺灣IC設計,21,1,20,富邦-桃園,2024-11-29,9665
3706,神達,513,494,19,富邦-桃園,2024-11-29,9665
2515,中工,20,1,19,富邦-桃園,2024-11-29,9665
6770,力積電,50,32,18,富邦-桃園,2024-11-29,9665
2017,官田鋼,18,0,18,富邦-桃園,2024-11-29,9665
3231,緯創,25,9,16,富邦-桃園,2024-11-29,9665
00881,國泰台灣5G+,16,0,16,富邦-桃園,2024-11-29,9665
5244,弘凱,33,17,16,富邦-桃園,2024-11-29,9665
2615,萬海,20,5,15,富邦-桃園,2024-11-29,9665
2880,華南金,15,0,15,富邦-桃園,2024-11-29,9665
2915,潤泰全,15,0,15,富邦-桃園,2024-11-29,9665
2344,華邦電,17,2,15,富邦-桃園,2024-11-29,9665
00930,永豐ESG低碳高息,14,0,14,富邦-桃園,2024-11-29,9665
00905,FT臺灣Smart,13,0,13,富邦-桃園,2024-11-29,9665
4958,臻鼎-KY,13,0,13,富邦-桃園,2024-11-29,9665
6153,嘉聯益,13,0,13,富邦-桃園,2024-11-29,9665
5871,中租-KY,26,13,13,富邦-桃園,2024-11-29,9665
2884,玉山金,14,2,12,富邦-桃園,2024-11-29,9665
4538,大詠城,12,0,12,富邦-桃園,2024-11-29,9665
00943,兆豐電子高息等權,586,0,586,富邦-桃園,2024-12-02,9665
00953B,群益優選非投等債,285,4,281,富邦-桃園,2024-12-02,9665
6558,興能高,163,77,86,富邦-桃園,2024-12-02,9665
00637L,元大滬深300正2,87,1,86,富邦-桃園,2024-12-02,9665
2440,太空梭,70,0,70,富邦-桃園,2024-12-02,9665
00633L,富邦上証正2,100,31,69,富邦-桃園,2024-12-02,9665
00715L,期街口布蘭特正2,69,1,68,富邦-桃園,2024-12-02,9665
2317,鴻海,80,15,65,富邦-桃園,2024-12-02,9665
00959B,大華投等美債15Y+,64,1,63,富邦-桃園,2024-12-02,9665
8042,金山電,69,8,61,富邦-桃園,2024-12-02,9665
00919,群益台灣精選高息,84,26,58,富邦-桃園,2024-12-02,9665
3090,日電貿,60,5,55,富邦-桃園,2024-12-02,9665
6127,九豪,57,17,40,富邦-桃園,2024-12-02,9665
1536,和大,73,35,38,富邦-桃園,2024-12-02,9665
4123,晟德,60,23,37,富邦-桃園,2024-12-02,9665
2603,長榮,39,3,36,富邦-桃園,2024-12-02,9665
00878,國泰永續高股息,53,19,34,富邦-桃園,2024-12-02,9665
2834,臺企銀,35,3,32,富邦-桃園,2024-12-02,9665
3323,加百裕,178,146,32,富邦-桃園,2024-12-02,9665
5328,華容,74,44,30,富邦-桃園,2024-12-02,9665
1718,中纖,30,0,30,富邦-桃園,2024-12-02,9665
3211,順達,200,171,29,富邦-桃園,2024-12-02,9665
2312,金寶,126,98,28,富邦-桃園,2024-12-02,9665
2353,宏��,31,4,27,富邦-桃園,2024-12-02,9665
2354,鴻準,60,35,25,富邦-桃園,2024-12-02,9665
2867,三商壽,24,0,24,富邦-桃園,2024-12-02,9665
00918,大華優利高填息30,123,99,24,富邦-桃園,2024-12-02,9665
1522,堤維西,25,3,22,富邦-桃園,2024-12-02,9665
9105,泰金寶-DR,48,26,22,富邦-桃園,2024-12-02,9665
2382,廣達,24,3,21,富邦-桃園,2024-12-02,9665
3380,明泰,21,1,20,富邦-桃園,2024-12-02,9665
0056,元大高股息,27,8,19,富邦-桃園,2024-12-02,9665
8043,蜜望實,28,10,18,富邦-桃園,2024-12-02,9665
2313,華通,19,1,18,富邦-桃園,2024-12-02,9665
2646,星宇航空,20,2,18,富邦-桃園,2024-12-02,9665
2615,萬海,25,7,18,富邦-桃園,2024-12-02,9665
6005,群益證,32,15,17,富邦-桃園,2024-12-02,9665
00915,凱基優選高股息30,16,0,16,富邦-桃園,2024-12-02,9665
5309,系統電,98,83,15,富邦-桃園,2024-12-02,9665
3625,西勝,24,9,15,富邦-桃園,2024-12-02,9665
4931,新盛力,26,11,15,富邦-桃園,2024-12-02,9665
2929,淘帝-KY,17,3,14,富邦-桃園,2024-12-02,9665
3062,建漢,14,0,14,富邦-桃園,2024-12-02,9665
6279,胡連,14,0,14,富邦-桃園,2024-12-02,9665
00946,群益科技高息成長,14,0,14,富邦-桃園,2024-12-02,9665
8234,新漢,13,0,13,富邦-桃園,2024-12-02,9665
8437,大地-KY,13,0,13,富邦-桃園,2024-12-02,9665
00713,元大台灣高息低波,12,0,12,富邦-桃園,2024-12-02,9665
8163,達方,30,18,12,富邦-桃園,2024-12-02,9665
2423,固緯,12,0,12,富邦-桃園,2024-12-02,9665
00919,群益台灣精選高息,1682,41,1641,富邦-桃園,2024-12-03,9665
00918,大華優利高填息30,245,13,232,富邦-桃園,2024-12-03,9665
00900,富邦特選高股息30,219,0,219,富邦-桃園,2024-12-03,9665
00915,凱基優選高股息30,194,8,186,富邦-桃園,2024-12-03,9665
2338,光罩,108,1,107,富邦-桃園,2024-12-03,9665
00706L,期元大S＆P日圓正2,106,0,106,富邦-桃園,2024-12-03,9665
2317,鴻海,121,18,103,富邦-桃園,2024-12-03,9665
0056,元大高股息,157,70,87,富邦-桃園,2024-12-03,9665
3040,遠見,76,3,73,富邦-桃園,2024-12-03,9665
00959B,大華投等美債15Y+,69,1,68,富邦-桃園,2024-12-03,9665
00713,元大台灣高息低波,82,14,68,富邦-桃園,2024-12-03,9665
00715L,期街口布蘭特正2,67,4,63,富邦-桃園,2024-12-03,9665
00650L,復華香港正2,61,0,61,富邦-桃園,2024-12-03,9665
3625,西勝,56,4,52,富邦-桃園,2024-12-03,9665
8042,金山電,89,37,52,富邦-桃園,2024-12-03,9665
5880,合庫金,52,1,51,富邦-桃園,2024-12-03,9665
4931,新盛力,44,3,41,富邦-桃園,2024-12-03,9665
5328,華容,89,53,36,富邦-桃園,2024-12-03,9665
6257,矽格,30,0,30,富邦-桃園,2024-12-03,9665
00675L,富邦臺灣加權正2,30,3,27,富邦-桃園,2024-12-03,9665
4977,眾達-KY,32,7,25,富邦-桃園,2024-12-03,9665
3209,全科,24,1,23,富邦-桃園,2024-12-03,9665
2344,華邦電,23,1,22,富邦-桃園,2024-12-03,9665
4534,慶騰,21,0,21,富邦-桃園,2024-12-03,9665
2609,陽明,32,11,21,富邦-桃園,2024-12-03,9665
00950B,凱基A級公司債,20,0,20,富邦-桃園,2024-12-03,9665
3062,建漢,28,8,20,富邦-桃園,2024-12-03,9665
2495,普安,20,2,18,富邦-桃園,2024-12-03,9665
00888,永豐台灣ESG,18,0,18,富邦-桃園,2024-12-03,9665
8043,蜜望實,18,0,18,富邦-桃園,2024-12-03,9665
2444,兆勁,18,0,18,富邦-桃園,2024-12-03,9665
00881,國泰台灣5G+,18,1,17,富邦-桃園,2024-12-03,9665
00932,兆豐永續高息等權,15,0,15,富邦-桃園,2024-12-03,9665
00664R,國泰臺灣加權反1,15,0,15,富邦-桃園,2024-12-03,9665
5434,崇越,15,0,15,富邦-桃園,2024-12-03,9665
6530,創威,49,35,14,富邦-桃園,2024-12-03,9665
9904,寶成,16,2,14,富邦-桃園,2024-12-03,9665
4303,信立,106,93,13,富邦-桃園,2024-12-03,9665
2731,雄獅,12,0,12,富邦-桃園,2024-12-03,9665
2327,國巨,12,1,11,富邦-桃園,2024-12-03,9665
8240,華宏,15,4,11,富邦-桃園,2024-12-03,9665
00930,永豐ESG低碳高息,13,2,11,富邦-桃園,2024-12-03,9665
7584,樂意,11,0,11,富邦-桃園,2024-12-03,9665
8404,百和興業-KY,11,0,11,富邦-桃園,2024-12-03,9665
2515,中工,10,0,10,富邦-桃園,2024-12-03,9665
2501,國建,10,0,10,富邦-桃園,2024-12-03,9665
3437,榮創,10,0,10,富邦-桃園,2024-12-03,9665
3551,世禾,12,2,10,富邦-桃園,2024-12-03,9665
3037,欣興,16,6,10,富邦-桃園,2024-12-03,9665
00752,中信中國50,10,1,9,富邦-桃園,2024-12-03,9665
00953B,群益優選非投等債,419,51,368,富邦-桃園,2024-12-04,9665
00919,群益台灣精選高息,448,91,357,富邦-桃園,2024-12-04,9665
1802,台玻,307,105,202,富邦-桃園,2024-12-04,9665
00633L,富邦上証正2,181,11,170,富邦-桃園,2024-12-04,9665
00918,大華優利高填息30,164,32,132,富邦-桃園,2024-12-04,9665
2354,鴻準,133,17,116,富邦-桃園,2024-12-04,9665
2887,台新金,115,0,115,富邦-桃園,2024-12-04,9665
00706L,期元大S＆P日圓正2,103,0,103,富邦-桃園,2024-12-04,9665
6122,擎邦,102,0,102,富邦-桃園,2024-12-04,9665
2618,長榮航,191,90,101,富邦-桃園,2024-12-04,9665
00878,國泰永續高股息,113,16,97,富邦-桃園,2024-12-04,9665
00881,國泰台灣5G+,84,20,64,富邦-桃園,2024-12-04,9665
00915,凱基優選高股息30,70,10,60,富邦-桃園,2024-12-04,9665
2472,立隆電,58,5,53,富邦-桃園,2024-12-04,9665
00933B,國泰10Y+金融債,69,20,49,富邦-桃園,2024-12-04,9665
5328,華容,141,98,43,富邦-桃園,2024-12-04,9665
00712,復華富時不動產,47,7,40,富邦-桃園,2024-12-04,9665
2891,中信金,44,7,37,富邦-桃園,2024-12-04,9665
00887,永豐中國科技50大,34,0,34,富邦-桃園,2024-12-04,9665
00713,元大台灣高息低波,39,7,32,富邦-桃園,2024-12-04,9665
2337,旺宏,41,9,32,富邦-桃園,2024-12-04,9665
2419,仲琦,36,5,31,富邦-桃園,2024-12-04,9665
1434,福懋,30,0,30,富邦-桃園,2024-12-04,9665
00888,永豐台灣ESG,30,0,30,富邦-桃園,2024-12-04,9665
2204,中華,27,0,27,富邦-桃園,2024-12-04,9665
00882,中信中國高股息,35,8,27,富邦-桃園,2024-12-04,9665
00950B,凱基A級公司債,25,0,25,富邦-桃園,2024-12-04,9665
2349,錸德,55,31,24,富邦-桃園,2024-12-04,9665
1513,中興電,24,1,23,富邦-桃園,2024-12-04,9665
00673R,期元大S＆P原油反1,23,0,23,富邦-桃園,2024-12-04,9665
2883,凱基金,39,17,22,富邦-桃園,2024-12-04,9665
2344,華邦電,26,4,22,富邦-桃園,2024-12-04,9665
2464,盟立,37,15,22,富邦-桃園,2024-12-04,9665
2382,廣達,27,6,21,富邦-桃園,2024-12-04,9665
2301,光寶科,21,0,21,富邦-桃園,2024-12-04,9665
6603,富強鑫,21,0,21,富邦-桃園,2024-12-04,9665
2423,固緯,20,0,20,富邦-桃園,2024-12-04,9665
00926,凱基全球菁英55,20,0,20,富邦-桃園,2024-12-04,9665
2444,兆勁,25,6,19,富邦-桃園,2024-12-04,9665
2449,京元電子,20,1,19,富邦-桃園,2024-12-04,9665
3706,神達,197,178,19,富邦-桃園,2024-12-04,9665
8171,天宇,40,21,19,富邦-桃園,2024-12-04,9665
00639,富邦深100,18,0,18,富邦-桃園,2024-12-04,9665
8104,錸寶,30,13,17,富邦-桃園,2024-12-04,9665
00902,中信電池及儲能,16,0,16,富邦-桃園,2024-12-04,9665
2834,臺企銀,15,0,15,富邦-桃園,2024-12-04,9665
5340,建榮,16,1,15,富邦-桃園,2024-12-04,9665
3605,宏致,17,2,15,富邦-桃園,2024-12-04,9665
2426,鼎元,30,16,14,富邦-桃園,2024-12-04,9665
0056,元大高股息,19,6,13,富邦-桃園,2024-12-04,9665
2392,正崴,224,75,149,富邦-桃園,2024-12-05,9665
00953B,群益優選非投等債,117,0,117,富邦-桃園,2024-12-05,9665
00687B,國泰20年美債,152,45,107,富邦-桃園,2024-12-05,9665
9105,泰金寶-DR,135,30,105,富邦-桃園,2024-12-05,9665
1815,富喬,243,142,101,富邦-桃園,2024-12-05,9665
00715L,期街口布蘭特正2,104,10,94,富邦-桃園,2024-12-05,9665
00915,凱基優選高股息30,84,4,80,富邦-桃園,2024-12-05,9665
3211,順達,143,73,70,富邦-桃園,2024-12-05,9665
2423,固緯,68,0,68,富邦-桃園,2024-12-05,9665
2303,聯電,107,41,66,富邦-桃園,2024-12-05,9665
00918,大華優利高填息30,93,32,61,富邦-桃園,2024-12-05,9665
00664R,國泰臺灣加權反1,60,0,60,富邦-桃園,2024-12-05,9665
00900,富邦特選高股息30,54,0,54,富邦-桃園,2024-12-05,9665
2317,鴻海,83,31,52,富邦-桃園,2024-12-05,9665
00753L,中信中國50正2,50,0,50,富邦-桃園,2024-12-05,9665
3625,西勝,50,4,46,富邦-桃園,2024-12-05,9665
2312,金寶,80,37,43,富邦-桃園,2024-12-05,9665
3041,揚智,76,35,41,富邦-桃園,2024-12-05,9665
6558,興能高,84,44,40,富邦-桃園,2024-12-05,9665
00932,兆豐永續高息等權,39,0,39,富邦-桃園,2024-12-05,9665
1301,台塑,37,0,37,富邦-桃園,2024-12-05,9665
00637L,元大滬深300正2,37,0,37,富邦-桃園,2024-12-05,9665
2382,廣達,38,5,33,富邦-桃園,2024-12-05,9665
3622,洋華,29,1,28,富邦-桃園,2024-12-05,9665
00887,永豐中國科技50大,32,7,25,富邦-桃園,2024-12-05,9665
00712,復華富時不動產,23,0,23,富邦-桃園,2024-12-05,9665
3450,聯鈞,53,30,23,富邦-桃園,2024-12-05,9665
1449,佳和,23,0,23,富邦-桃園,2024-12-05,9665
00950B,凱基A級公司債,22,0,22,富邦-桃園,2024-12-05,9665
2472,立隆電,55,33,22,富邦-桃園,2024-12-05,9665
2344,華邦電,24,2,22,富邦-桃園,2024-12-05,9665
2002,中鋼,22,1,21,富邦-桃園,2024-12-05,9665
3290,東浦,20,0,20,富邦-桃園,2024-12-05,9665
6116,彩晶,20,0,20,富邦-桃園,2024-12-05,9665
2615,萬海,20,1,19,富邦-桃園,2024-12-05,9665
1605,華新,20,1,19,富邦-桃園,2024-12-05,9665
00945B,凱基美國非投等債,19,0,19,富邦-桃園,2024-12-05,9665
2409,友達,23,4,19,富邦-桃園,2024-12-05,9665
4303,信立,27,8,19,富邦-桃園,2024-12-05,9665
00665L,富邦�琤肭磪囓�2,20,1,19,富邦-桃園,2024-12-05,9665
2204,中華,33,15,18,富邦-桃園,2024-12-05,9665
8150,南茂,20,2,18,富邦-桃園,2024-12-05,9665
2356,英業達,36,19,17,富邦-桃園,2024-12-05,9665
6770,力積電,17,0,17,富邦-桃園,2024-12-05,9665
3032,偉訓,20,3,17,富邦-桃園,2024-12-05,9665
8043,蜜望實,16,0,16,富邦-桃園,2024-12-05,9665
6122,擎邦,15,0,15,富邦-桃園,2024-12-05,9665
2388,威盛,19,4,15,富邦-桃園,2024-12-05,9665
2017,官田鋼,15,0,15,富邦-桃園,2024-12-05,9665
3015,全漢,20,5,15,富邦-桃園,2024-12-05,9665
00953B,群益優選非投等債,514,10,504,富邦-桃園,2024-12-06,9665
00687B,國泰20年美債,179,12,167,富邦-桃園,2024-12-06,9665
2354,鴻準,362,213,149,富邦-桃園,2024-12-06,9665
00715L,期街口布蘭特正2,132,0,132,富邦-桃園,2024-12-06,9665
3029,零壹,172,56,116,富邦-桃園,2024-12-06,9665
2618,長榮航,133,22,111,富邦-桃園,2024-12-06,9665
00664R,國泰臺灣加權反1,100,0,100,富邦-桃園,2024-12-06,9665
2317,鴻海,107,21,86,富邦-桃園,2024-12-06,9665
00918,大華優利高填息30,105,29,76,富邦-桃園,2024-12-06,9665
5309,系統電,82,11,71,富邦-桃園,2024-12-06,9665
00919,群益台灣精選高息,126,61,65,富邦-桃園,2024-12-06,9665
2312,金寶,65,10,55,富邦-桃園,2024-12-06,9665
00665L,富邦�琤肭磪囓�2,65,20,45,富邦-桃園,2024-12-06,9665
2337,旺宏,87,48,39,富邦-桃園,2024-12-06,9665
9105,泰金寶-DR,41,7,34,富邦-桃園,2024-12-06,9665
2344,華邦電,41,7,34,富邦-桃園,2024-12-06,9665
00909,國泰數位支付服務,36,3,33,富邦-桃園,2024-12-06,9665
3605,宏致,33,2,31,富邦-桃園,2024-12-06,9665
2480,敦陽科,30,0,30,富邦-桃園,2024-12-06,9665
1721,三晃,30,0,30,富邦-桃園,2024-12-06,9665
2887,台新金,31,2,29,富邦-桃園,2024-12-06,9665
2408,南亞科,30,1,29,富邦-桃園,2024-12-06,9665
4909,新復興,31,2,29,富邦-桃園,2024-12-06,9665
00713,元大台灣高息低波,29,0,29,富邦-桃園,2024-12-06,9665
3622,洋華,28,0,28,富邦-桃園,2024-12-06,9665
00915,凱基優選高股息30,34,6,28,富邦-桃園,2024-12-06,9665
00650L,復華香港正2,30,4,26,富邦-桃園,2024-12-06,9665
3714,富采,24,1,23,富邦-桃園,2024-12-06,9665
4919,新唐,58,35,23,富邦-桃園,2024-12-06,9665
6274,台燿,29,7,22,富邦-桃園,2024-12-06,9665
1460,宏遠,22,0,22,富邦-桃園,2024-12-06,9665
3050,鈺德,20,0,20,富邦-桃園,2024-12-06,9665
00634R,富邦上証反1,20,0,20,富邦-桃園,2024-12-06,9665
00900,富邦特選高股息30,41,22,19,富邦-桃園,2024-12-06,9665
2303,聯電,52,33,19,富邦-桃園,2024-12-06,9665
2427,三商電,40,22,18,富邦-桃園,2024-12-06,9665
2405,輔信,29,12,17,富邦-桃園,2024-12-06,9665
3037,欣興,20,4,16,富邦-桃園,2024-12-06,9665
2453,凌群,29,13,16,富邦-桃園,2024-12-06,9665
2646,星宇航空,22,7,15,富邦-桃園,2024-12-06,9665
1605,華新,15,0,15,富邦-桃園,2024-12-06,9665
2486,一詮,17,2,15,富邦-桃園,2024-12-06,9665
2345,智邦,19,4,15,富邦-桃園,2024-12-06,9665
2002,中鋼,20,5,15,富邦-桃園,2024-12-06,9665
00640L,富邦日本正2,15,0,15,富邦-桃園,2024-12-06,9665
2504,國產,15,0,15,富邦-桃園,2024-12-06,9665
3003,健和興,17,2,15,富邦-桃園,2024-12-06,9665
1326,台化,15,0,15,富邦-桃園,2024-12-06,9665
2929,淘帝-KY,16,2,14,富邦-桃園,2024-12-06,9665
6558,興能高,131,117,14,富邦-桃園,2024-12-06,9665
00918,大華優利高填息30,192,9,183,富邦-桃園,2024-12-09,9665
00919,群益台灣精選高息,221,40,181,富邦-桃園,2024-12-09,9665
00715L,期街口布蘭特正2,173,1,172,富邦-桃園,2024-12-09,9665
00967B,元大優息美債,153,0,153,富邦-桃園,2024-12-09,9665
00915,凱基優選高股息30,142,0,142,富邦-桃園,2024-12-09,9665
2349,錸德,117,6,111,富邦-桃園,2024-12-09,9665
00637L,元大滬深300正2,104,3,101,富邦-桃園,2024-12-09,9665
00968B,元大優息投等債,100,0,100,富邦-桃園,2024-12-09,9665
00706L,期元大S＆P日圓正2,100,0,100,富邦-桃園,2024-12-09,9665
2337,旺宏,94,9,85,富邦-桃園,2024-12-09,9665
2317,鴻海,81,6,75,富邦-桃園,2024-12-09,9665
00712,復華富時不動產,72,1,71,富邦-桃園,2024-12-09,9665
00959B,大華投等美債15Y+,60,0,60,富邦-桃園,2024-12-09,9665
00922,國泰台灣領袖50,61,2,59,富邦-桃園,2024-12-09,9665
0056,元大高股息,73,15,58,富邦-桃園,2024-12-09,9665
2615,萬海,107,54,53,富邦-桃園,2024-12-09,9665
2915,潤泰全,46,0,46,富邦-桃園,2024-12-09,9665
2354,鴻準,130,87,43,富邦-桃園,2024-12-09,9665
1326,台化,40,0,40,富邦-桃園,2024-12-09,9665
00907,永豐優息存股,40,0,40,富邦-桃園,2024-12-09,9665
2002,中鋼,35,0,35,富邦-桃園,2024-12-09,9665
2883,凱基金,77,42,35,富邦-桃園,2024-12-09,9665
00946,群益科技高息成長,34,0,34,富邦-桃園,2024-12-09,9665
2890,永豐金,35,3,32,富邦-桃園,2024-12-09,9665
3059,華晶科,30,0,30,富邦-桃園,2024-12-09,9665
2834,臺企銀,29,0,29,富邦-桃園,2024-12-09,9665
5309,系統電,48,19,29,富邦-桃園,2024-12-09,9665
2408,南亞科,34,6,28,富邦-桃園,2024-12-09,9665
3029,零壹,80,52,28,富邦-桃園,2024-12-09,9665
2884,玉山金,35,8,27,富邦-桃園,2024-12-09,9665
8176,智捷,26,0,26,富邦-桃園,2024-12-09,9665
00953B,群益優選非投等債,67,43,24,富邦-桃園,2024-12-09,9665
2489,瑞軒,23,0,23,富邦-桃園,2024-12-09,9665
2495,普安,28,5,23,富邦-桃園,2024-12-09,9665
8028,昇陽半導體,43,20,23,富邦-桃園,2024-12-09,9665
2409,友達,24,1,23,富邦-桃園,2024-12-09,9665
00932,兆豐永續高息等權,22,0,22,富邦-桃園,2024-12-09,9665
2887,台新金,31,9,22,富邦-桃園,2024-12-09,9665
1721,三晃,21,0,21,富邦-桃園,2024-12-09,9665
2449,京元電子,39,18,21,富邦-桃園,2024-12-09,9665
4909,新復興,25,5,20,富邦-桃園,2024-12-09,9665
2392,正崴,53,33,20,富邦-桃園,2024-12-09,9665
1314,中石化,20,0,20,富邦-桃園,2024-12-09,9665
3044,健鼎,20,0,20,富邦-桃園,2024-12-09,9665
2520,冠德,20,1,19,富邦-桃園,2024-12-09,9665
6689,伊雲谷,23,4,19,富邦-桃園,2024-12-09,9665
00882,中信中國高股息,20,1,19,富邦-桃園,2024-12-09,9665
3037,欣興,23,4,19,富邦-桃園,2024-12-09,9665
2886,兆豐金,21,3,18,富邦-桃園,2024-12-09,9665
2367,燿華,22,6,16,富邦-桃園,2024-12-09,9665
00918,大華優利高填息30,194,30,164,富邦-桃園,2024-12-10,9665
00937B,群益ESG投等債20,138,27,111,富邦-桃園,2024-12-10,9665
00960,野村全球航運龍頭,123,15,108,富邦-桃園,2024-12-10,9665
00967B,元大優息美債,106,0,106,富邦-桃園,2024-12-10,9665
2618,長榮航,135,35,100,富邦-桃園,2024-12-10,9665
2317,鴻海,128,43,85,富邦-桃園,2024-12-10,9665
00687B,國泰20年美債,177,107,70,富邦-桃園,2024-12-10,9665
0056,元大高股息,77,8,69,富邦-桃園,2024-12-10,9665
2609,陽明,203,135,68,富邦-桃園,2024-12-10,9665
3706,神達,317,253,64,富邦-桃園,2024-12-10,9665
2337,旺宏,73,9,64,富邦-桃園,2024-12-10,9665
2312,金寶,65,7,58,富邦-桃園,2024-12-10,9665
00635U,期元大S＆P黃金,56,0,56,富邦-桃園,2024-12-10,9665
00922,國泰台灣領袖50,55,0,55,富邦-桃園,2024-12-10,9665
00671R,富邦NASDAQ反1,50,0,50,富邦-桃園,2024-12-10,9665
00738U,期元大道瓊白銀,50,0,50,富邦-桃園,2024-12-10,9665
00650L,復華香港正2,62,17,45,富邦-桃園,2024-12-10,9665
00878,國泰永續高股息,69,25,44,富邦-桃園,2024-12-10,9665
1802,台玻,84,45,39,富邦-桃園,2024-12-10,9665
4991,環宇-KY,37,3,34,富邦-桃園,2024-12-10,9665
00665L,富邦�琤肭磪囓�2,91,58,33,富邦-桃園,2024-12-10,9665
6684,安格,39,9,30,富邦-桃園,2024-12-10,9665
00915,凱基優選高股息30,31,4,27,富邦-桃園,2024-12-10,9665
00950B,凱基A級公司債,30,5,25,富邦-桃園,2024-12-10,9665
00953B,群益優選非投等債,25,0,25,富邦-桃園,2024-12-10,9665
00935,野村臺灣新科技50,26,1,25,富邦-桃園,2024-12-10,9665
1815,富喬,74,49,25,富邦-桃園,2024-12-10,9665
2382,廣達,30,5,25,富邦-桃園,2024-12-10,9665
1605,華新,36,11,25,富邦-桃園,2024-12-10,9665
2349,錸德,25,1,24,富邦-桃園,2024-12-10,9665
6706,惠特,27,4,23,富邦-桃園,2024-12-10,9665
00909,國泰數位支付服務,33,10,23,富邦-桃園,2024-12-10,9665
2449,京元電子,23,1,22,富邦-桃園,2024-12-10,9665
2610,華航,38,17,21,富邦-桃園,2024-12-10,9665
3323,加百裕,37,16,21,富邦-桃園,2024-12-10,9665
1326,台化,20,0,20,富邦-桃園,2024-12-10,9665
2890,永豐金,20,0,20,富邦-桃園,2024-12-10,9665
4551,智伸科,20,0,20,富邦-桃園,2024-12-10,9665
6188,廣明,21,1,20,富邦-桃園,2024-12-10,9665
3535,晶彩科,41,22,19,富邦-桃園,2024-12-10,9665
3607,谷崧,31,14,17,富邦-桃園,2024-12-10,9665
2302,麗正,17,0,17,富邦-桃園,2024-12-10,9665
8096,擎亞,17,0,17,富邦-桃園,2024-12-10,9665
2356,英業達,22,5,17,富邦-桃園,2024-12-10,9665
3234,光環,15,0,15,富邦-桃園,2024-12-10,9665
2408,南亞科,15,0,15,富邦-桃園,2024-12-10,9665
00932,兆豐永續高息等權,15,0,15,富邦-桃園,2024-12-10,9665
00633L,富邦上証正2,50,35,15,富邦-桃園,2024-12-10,9665
8047,星雲,15,0,15,富邦-桃園,2024-12-10,9665
2363,矽統,54,39,15,富邦-桃園,2024-12-10,9665
00919,群益台灣精選高息,254,31,223,富邦-桃園,2024-12-11,9665
00918,大華優利高填息30,218,5,213,富邦-桃園,2024-12-11,9665
00688L,國泰20年美債正2,131,0,131,富邦-桃園,2024-12-11,9665
00945B,凱基美國非投等債,123,0,123,富邦-桃園,2024-12-11,9665
00679B,元大美債20年,123,31,92,富邦-桃園,2024-12-11,9665
00753L,中信中國50正2,132,51,81,富邦-桃園,2024-12-11,9665
00915,凱基優選高股息30,74,1,73,富邦-桃園,2024-12-11,9665
2317,鴻海,103,36,67,富邦-桃園,2024-12-11,9665
2408,南亞科,78,18,60,富邦-桃園,2024-12-11,9665
006208,富邦台50,59,7,52,富邦-桃園,2024-12-11,9665
6112,邁達特,86,35,51,富邦-桃園,2024-12-11,9665
3234,光環,73,25,48,富邦-桃園,2024-12-11,9665
00878,國泰永續高股息,70,23,47,富邦-桃園,2024-12-11,9665
2883,凱基金,50,3,47,富邦-桃園,2024-12-11,9665
00950B,凱基A級公司債,150,105,45,富邦-桃園,2024-12-11,9665
2002,中鋼,46,2,44,富邦-桃園,2024-12-11,9665
2891,中信金,64,20,44,富邦-桃園,2024-12-11,9665
00922,國泰台灣領袖50,114,70,44,富邦-桃園,2024-12-11,9665
2618,長榮航,113,69,44,富邦-桃園,2024-12-11,9665
6770,力積電,63,20,43,富邦-桃園,2024-12-11,9665
2609,陽明,110,71,39,富邦-桃園,2024-12-11,9665
1815,富喬,125,87,38,富邦-桃園,2024-12-11,9665
3024,憶聲,38,2,36,富邦-桃園,2024-12-11,9665
00940,元大台灣價值高息,51,15,36,富邦-桃園,2024-12-11,9665
2382,廣達,42,7,35,富邦-桃園,2024-12-11,9665
00637L,元大滬深300正2,43,11,32,富邦-桃園,2024-12-11,9665
3594,磐儀,43,11,32,富邦-桃園,2024-12-11,9665
00712,復華富時不動產,34,5,29,富邦-桃園,2024-12-11,9665
6743,安普新,29,0,29,富邦-桃園,2024-12-11,9665
5871,中租-KY,32,3,29,富邦-桃園,2024-12-11,9665
0056,元大高股息,59,30,29,富邦-桃園,2024-12-11,9665
1413,宏洲,28,1,27,富邦-桃園,2024-12-11,9665
4720,德淵,27,0,27,富邦-桃園,2024-12-11,9665
6684,安格,29,2,27,富邦-桃園,2024-12-11,9665
00650L,復華香港正2,36,10,26,富邦-桃園,2024-12-11,9665
2610,華航,42,18,24,富邦-桃園,2024-12-11,9665
00932,兆豐永續高息等權,22,0,22,富邦-桃園,2024-12-11,9665
3062,建漢,28,6,22,富邦-桃園,2024-12-11,9665
00959B,大華投等美債15Y+,21,0,21,富邦-桃園,2024-12-11,9665
2323,中環,21,0,21,富邦-桃園,2024-12-11,9665
2501,國建,20,0,20,富邦-桃園,2024-12-11,9665
2344,華邦電,24,5,19,富邦-桃園,2024-12-11,9665
3041,揚智,29,11,18,富邦-桃園,2024-12-11,9665
2520,冠德,23,5,18,富邦-桃園,2024-12-11,9665
3607,谷崧,18,0,18,富邦-桃園,2024-12-11,9665
00673R,期元大S＆P原油反1,18,0,18,富邦-桃園,2024-12-11,9665
00713,元大台灣高息低波,18,0,18,富邦-桃園,2024-12-11,9665
00905,FT臺灣Smart,17,0,17,富邦-桃園,2024-12-11,9665
2440,太空梭,17,0,17,富邦-桃園,2024-12-11,9665
6187,萬潤,21,5,16,富邦-桃園,2024-12-11,9665
00687B,國泰20年美債,256,83,173,富邦-桃園,2024-12-12,9665
00967B,元大優息美債,153,0,153,富邦-桃園,2024-12-12,9665
9934,成霖,151,2,149,富邦-桃園,2024-12-12,9665
00688L,國泰20年美債正2,139,0,139,富邦-桃園,2024-12-12,9665
9105,泰金寶-DR,151,32,119,富邦-桃園,2024-12-12,9665
00671R,富邦NASDAQ反1,100,0,100,富邦-桃園,2024-12-12,9665
00918,大華優利高填息30,88,4,84,富邦-桃園,2024-12-12,9665
1526,日馳,75,0,75,富邦-桃園,2024-12-12,9665
00948B,中信優息投資級債,68,0,68,富邦-桃園,2024-12-12,9665
0056,元大高股息,73,12,61,富邦-桃園,2024-12-12,9665
1326,台化,57,0,57,富邦-桃園,2024-12-12,9665
00680L,元大美債20正2,61,5,56,富邦-桃園,2024-12-12,9665
6770,力積電,107,52,55,富邦-桃園,2024-12-12,9665
00690,兆豐藍籌30,60,6,54,富邦-桃園,2024-12-12,9665
00878,國泰永續高股息,66,15,51,富邦-桃園,2024-12-12,9665
00933B,國泰10Y+金融債,45,0,45,富邦-桃園,2024-12-12,9665
2317,鴻海,69,25,44,富邦-桃園,2024-12-12,9665
00915,凱基優選高股息30,42,0,42,富邦-桃園,2024-12-12,9665
1301,台塑,54,12,42,富邦-桃園,2024-12-12,9665
00679B,元大美債20年,82,41,41,富邦-桃園,2024-12-12,9665
3317,尼克森,40,0,40,富邦-桃園,2024-12-12,9665
3176,基亞,38,2,36,富邦-桃園,2024-12-12,9665
4977,眾達-KY,65,32,33,富邦-桃園,2024-12-12,9665
2017,官田鋼,32,0,32,富邦-桃園,2024-12-12,9665
2002,中鋼,30,0,30,富邦-桃園,2024-12-12,9665
00932,兆豐永續高息等權,29,0,29,富邦-桃園,2024-12-12,9665
8111,立��,45,16,29,富邦-桃園,2024-12-12,9665
00858,永豐美國500大,29,0,29,富邦-桃園,2024-12-12,9665
2303,聯電,80,54,26,富邦-桃園,2024-12-12,9665
00673R,期元大S＆P原油反1,25,0,25,富邦-桃園,2024-12-12,9665
6534,正瀚-創,25,0,25,富邦-桃園,2024-12-12,9665
00959B,大華投等美債15Y+,25,0,25,富邦-桃園,2024-12-12,9665
00664R,國泰臺灣加權反1,55,30,25,富邦-桃園,2024-12-12,9665
3715,定穎投控,37,13,24,富邦-桃園,2024-12-12,9665
00950B,凱基A級公司債,24,0,24,富邦-桃園,2024-12-12,9665
2618,長榮航,235,212,23,富邦-桃園,2024-12-12,9665
2466,冠西電,21,0,21,富邦-桃園,2024-12-12,9665
5014,建錩,20,0,20,富邦-桃園,2024-12-12,9665
2449,京元電子,22,3,19,富邦-桃園,2024-12-12,9665
3231,緯創,37,17,20,富邦-桃園,2024-12-12,9665
3205,佰研,19,0,19,富邦-桃園,2024-12-12,9665
3234,光環,19,0,19,富邦-桃園,2024-12-12,9665
8070,長華*,18,0,18,富邦-桃園,2024-12-12,9665
00930,永豐ESG低碳高息,21,3,18,富邦-桃園,2024-12-12,9665
1449,佳和,34,17,17,富邦-桃園,2024-12-12,9665
3041,揚智,40,23,17,富邦-桃園,2024-12-12,9665
2382,廣達,20,3,17,富邦-桃園,2024-12-12,9665
00725B,國泰投資級公司債,17,1,16,富邦-桃園,2024-12-12,9665
00655L,國泰中國A50正2,18,2,16,富邦-桃園,2024-12-12,9665
1806,冠軍,16,1,15,富邦-桃園,2024-12-12,9665
00918,大華優利高填息30,312,33,279,富邦-桃園,2024-12-13,9665
00671R,富邦NASDAQ反1,210,0,210,富邦-桃園,2024-12-13,9665
00687B,國泰20年美債,212,43,169,富邦-桃園,2024-12-13,9665
00919,群益台灣精選高息,183,33,150,富邦-桃園,2024-12-13,9665
00665L,富邦�琤肭磪囓�2,130,0,130,富邦-桃園,2024-12-13,9665
0056,元大高股息,128,5,123,富邦-桃園,2024-12-13,9665
00637L,元大滬深300正2,105,0,105,富邦-桃園,2024-12-13,9665
00688L,國泰20年美債正2,103,0,103,富邦-桃園,2024-12-13,9665
00937B,群益ESG投等債20,108,6,102,富邦-桃園,2024-12-13,9665
2867,三商壽,109,7,102,富邦-桃園,2024-12-13,9665
00753L,中信中國50正2,101,1,100,富邦-桃園,2024-12-13,9665
00664R,國泰臺灣加權反1,76,0,76,富邦-桃園,2024-12-13,9665
2618,長榮航,143,67,76,富邦-桃園,2024-12-13,9665
00673R,期元大S＆P原油反1,74,0,74,富邦-桃園,2024-12-13,9665
3037,欣興,76,5,71,富邦-桃園,2024-12-13,9665
2408,南亞科,90,20,70,富邦-桃園,2024-12-13,9665
2317,鴻海,113,51,62,富邦-桃園,2024-12-13,9665
00878,國泰永續高股息,72,16,56,富邦-桃園,2024-12-13,9665
00950B,凱基A級公司債,50,0,50,富邦-桃園,2024-12-13,9665
2023,燁輝,50,0,50,富邦-桃園,2024-12-13,9665
1815,富喬,98,50,48,富邦-桃園,2024-12-13,9665
00922,國泰台灣領袖50,64,19,45,富邦-桃園,2024-12-13,9665
00680L,元大美債20正2,44,0,44,富邦-桃園,2024-12-13,9665
00713,元大台灣高息低波,39,0,39,富邦-桃園,2024-12-13,9665
00915,凱基優選高股息30,57,21,36,富邦-桃園,2024-12-13,9665
2375,凱美,39,3,36,富邦-桃園,2024-12-13,9665
00751B,元大AAA至A公司債,31,0,31,富邦-桃園,2024-12-13,9665
3594,磐儀,30,0,30,富邦-桃園,2024-12-13,9665
2017,官田鋼,28,0,28,富邦-桃園,2024-12-13,9665
2002,中鋼,29,1,28,富邦-桃園,2024-12-13,9665
00725B,國泰投資級公司債,31,5,26,富邦-桃園,2024-12-13,9665
2472,立隆電,26,0,26,富邦-桃園,2024-12-13,9665
1522,堤維西,29,4,25,富邦-桃園,2024-12-13,9665
1301,台塑,68,44,24,富邦-桃園,2024-12-13,9665
3231,緯創,34,11,23,富邦-桃園,2024-12-13,9665
3176,基亞,22,0,22,富邦-桃園,2024-12-13,9665
6488,環球晶,23,1,22,富邦-桃園,2024-12-13,9665
8111,立��,37,16,21,富邦-桃園,2024-12-13,9665
5328,華容,21,0,21,富邦-桃園,2024-12-13,9665
00770,國泰北美科技,21,0,21,富邦-桃園,2024-12-13,9665
2062,橋椿,20,0,20,富邦-桃園,2024-12-13,9665
5864,致和證,20,0,20,富邦-桃園,2024-12-13,9665
00933B,國泰10Y+金融債,23,3,20,富邦-桃園,2024-12-13,9665
00948B,中信優息投資級債,19,0,19,富邦-桃園,2024-12-13,9665
2423,固緯,19,0,19,富邦-桃園,2024-12-13,9665
8021,尖點,19,0,19,富邦-桃園,2024-12-13,9665
3317,尼克森,20,1,19,富邦-桃園,2024-12-13,9665
6770,力積電,32,14,18,富邦-桃園,2024-12-13,9665
8255,朋程,18,2,16,富邦-桃園,2024-12-13,9665
3535,晶彩科,16,0,16,富邦-桃園,2024-12-13,9665
00937B,群益ESG投等債20,912,42,870,富邦-桃園,2024-12-16,9665
00918,大華優利高填息30,342,10,332,富邦-桃園,2024-12-16,9665
3211,順達,315,67,248,富邦-桃園,2024-12-16,9665
00919,群益台灣精選高息,196,27,169,富邦-桃園,2024-12-16,9665
00688L,國泰20年美債正2,161,0,161,富邦-桃園,2024-12-16,9665
00680L,元大美債20正2,146,0,146,富邦-桃園,2024-12-16,9665
0056,元大高股息,170,26,144,富邦-桃園,2024-12-16,9665
00671R,富邦NASDAQ反1,112,0,112,富邦-桃園,2024-12-16,9665
00967B,元大優息美債,101,0,101,富邦-桃園,2024-12-16,9665
00773B,中信優先金融債,100,0,100,富邦-桃園,2024-12-16,9665
2317,鴻海,135,36,99,富邦-桃園,2024-12-16,9665
9105,泰金寶-DR,200,101,99,富邦-桃園,2024-12-16,9665
00751B,元大AAA至A公司債,105,15,90,富邦-桃園,2024-12-16,9665
5315,光聯,70,0,70,富邦-桃園,2024-12-16,9665
00940,元大台灣價值高息,76,6,70,富邦-桃園,2024-12-16,9665
2002,中鋼,70,4,66,富邦-桃園,2024-12-16,9665
00878,國泰永續高股息,98,33,65,富邦-桃園,2024-12-16,9665
00933B,國泰10Y+金融債,68,3,65,富邦-桃園,2024-12-16,9665
00679B,元大美債20年,65,2,63,富邦-桃園,2024-12-16,9665
00959B,大華投等美債15Y+,59,0,59,富邦-桃園,2024-12-16,9665
3231,緯創,71,17,54,富邦-桃園,2024-12-16,9665
2609,陽明,169,117,52,富邦-桃園,2024-12-16,9665
00772B,中信高評級公司債,50,0,50,富邦-桃園,2024-12-16,9665
00673R,期元大S＆P原油反1,48,0,48,富邦-桃園,2024-12-16,9665
3205,佰研,44,0,44,富邦-桃園,2024-12-16,9665
3176,基亞,40,0,40,富邦-桃園,2024-12-16,9665
00900,富邦特選高股息30,36,0,36,富邦-桃園,2024-12-16,9665
1101,台泥,35,1,34,富邦-桃園,2024-12-16,9665
6684,安格,38,4,34,富邦-桃園,2024-12-16,9665
00953B,群益優選非投等債,34,2,32,富邦-桃園,2024-12-16,9665
00942B,台新美A公司債20+,27,1,26,富邦-桃園,2024-12-16,9665
00924,復華S＆P500成長,25,0,25,富邦-桃園,2024-12-16,9665
2413,環科,25,0,25,富邦-桃園,2024-12-16,9665
3380,明泰,25,0,25,富邦-桃園,2024-12-16,9665
2498,宏達電,25,0,25,富邦-桃園,2024-12-16,9665
2423,固緯,24,0,24,富邦-桃園,2024-12-16,9665
6558,興能高,37,14,23,富邦-桃園,2024-12-16,9665
00915,凱基優選高股息30,38,16,22,富邦-桃園,2024-12-16,9665
3013,晟銘電,24,2,22,富邦-桃園,2024-12-16,9665
6235,華孚,23,1,22,富邦-桃園,2024-12-16,9665
2467,志聖,22,0,22,富邦-桃園,2024-12-16,9665
3317,尼克森,21,0,21,富邦-桃園,2024-12-16,9665
3234,光環,25,5,20,富邦-桃園,2024-12-16,9665
8240,華宏,22,2,20,富邦-桃園,2024-12-16,9665
3037,欣興,27,8,19,富邦-桃園,2024-12-16,9665
3017,奇鋐,19,0,19,富邦-桃園,2024-12-16,9665
4977,眾達-KY,39,21,18,富邦-桃園,2024-12-16,9665
00945B,凱基美國非投等債,18,0,18,富邦-桃園,2024-12-16,9665
00946,群益科技高息成長,30,13,17,富邦-桃園,2024-12-16,9665
2354,鴻準,50,32,18,富邦-桃園,2024-12-16,9665
00687B,國泰20年美債,467,3,464,富邦-桃園,2024-12-17,9665
00918,大華優利高填息30,291,10,281,富邦-桃園,2024-12-17,9665
00937B,群益ESG投等債20,192,15,177,富邦-桃園,2024-12-17,9665
00713,元大台灣高息低波,163,0,163,富邦-桃園,2024-12-17,9665
00680L,元大美債20正2,159,0,159,富邦-桃園,2024-12-17,9665
00945B,凱基美國非投等債,155,0,155,富邦-桃園,2024-12-17,9665
00959B,大華投等美債15Y+,145,0,145,富邦-桃園,2024-12-17,9665
00915,凱基優選高股息30,133,0,133,富邦-桃園,2024-12-17,9665
00795B,中信美國公債20年,128,0,128,富邦-桃園,2024-12-17,9665
6770,力積電,173,47,126,富邦-桃園,2024-12-17,9665
0056,元大高股息,126,12,114,富邦-桃園,2024-12-17,9665
2303,聯電,132,37,95,富邦-桃園,2024-12-17,9665
2883,凱基金,102,12,90,富邦-桃園,2024-12-17,9665
2313,華通,142,65,77,富邦-桃園,2024-12-17,9665
00953B,群益優選非投等債,73,0,73,富邦-桃園,2024-12-17,9665
00679B,元大美債20年,76,6,70,富邦-桃園,2024-12-17,9665
2371,大同,68,6,62,富邦-桃園,2024-12-17,9665
00688L,國泰20年美債正2,61,0,61,富邦-桃園,2024-12-17,9665
00712,復華富時不動產,59,1,58,富邦-桃園,2024-12-17,9665
3481,群創,75,21,54,富邦-桃園,2024-12-17,9665
6412,群電,52,0,52,富邦-桃園,2024-12-17,9665
00753L,中信中國50正2,50,0,50,富邦-桃園,2024-12-17,9665
2367,燿華,51,4,47,富邦-桃園,2024-12-17,9665
00900,富邦特選高股息30,46,0,46,富邦-桃園,2024-12-17,9665
00922,國泰台灣領袖50,48,13,35,富邦-桃園,2024-12-17,9665
00878,國泰永續高股息,77,44,33,富邦-桃園,2024-12-17,9665
2413,環科,32,0,32,富邦-桃園,2024-12-17,9665
2317,鴻海,54,22,32,富邦-桃園,2024-12-17,9665
3090,日電貿,32,1,31,富邦-桃園,2024-12-17,9665
3594,磐儀,35,5,30,富邦-桃園,2024-12-17,9665
5864,致和證,30,0,30,富邦-桃園,2024-12-17,9665
3706,神達,91,63,28,富邦-桃園,2024-12-17,9665
00764B,群益25年美債,27,0,27,富邦-桃園,2024-12-17,9665
3037,欣興,33,10,23,富邦-桃園,2024-12-17,9665
9945,潤泰新,23,0,23,富邦-桃園,2024-12-17,9665
4306,炎洲,22,0,22,富邦-桃園,2024-12-17,9665
00720B,元大投資級公司債,21,0,21,富邦-桃園,2024-12-17,9665
00673R,期元大S＆P原油反1,21,0,21,富邦-桃園,2024-12-17,9665
1605,華新,23,3,20,富邦-桃園,2024-12-17,9665
2545,皇翔,20,0,20,富邦-桃園,2024-12-17,9665
8105,凌巨,20,0,20,富邦-桃園,2024-12-17,9665
2449,京元電子,38,19,19,富邦-桃園,2024-12-17,9665
5880,合庫金,19,0,19,富邦-桃園,2024-12-17,9665
00770,國泰北美科技,19,0,19,富邦-桃園,2024-12-17,9665
2881,富邦金,28,9,19,富邦-桃園,2024-12-17,9665
2891,中信金,32,14,18,富邦-桃園,2024-12-17,9665
8111,立��,44,26,18,富邦-桃園,2024-12-17,9665
2331,精英,18,0,18,富邦-桃園,2024-12-17,9665
3023,信邦,18,1,17,富邦-桃園,2024-12-17,9665
00751B,元大AAA至A公司債,18,3,15,富邦-桃園,2024-12-17,9665
00937B,群益ESG投等債20,378,16,362,富邦-桃園,2024-12-18,9665
00918,大華優利高填息30,200,24,176,富邦-桃園,2024-12-18,9665
00712,復華富時不動產,162,0,162,富邦-桃園,2024-12-18,9665
00772B,中信高評級公司債,101,0,101,富邦-桃園,2024-12-18,9665
00665L,富邦�琤肭磪囓�2,100,0,100,富邦-桃園,2024-12-18,9665
00632R,元大台灣50反1,98,7,91,富邦-桃園,2024-12-18,9665
00968B,元大優息投等債,70,0,70,富邦-桃園,2024-12-18,9665
2344,華邦電,80,12,68,富邦-桃園,2024-12-18,9665
9105,泰金寶-DR,129,68,61,富邦-桃園,2024-12-18,9665
00687B,國泰20年美債,72,16,56,富邦-桃園,2024-12-18,9665
3594,磐儀,56,0,56,富邦-桃園,2024-12-18,9665
5484,慧友,58,5,53,富邦-桃園,2024-12-18,9665
00773B,中信優先金融債,51,0,51,富邦-桃園,2024-12-18,9665
2354,鴻準,52,5,47,富邦-桃園,2024-12-18,9665
2891,中信金,49,5,44,富邦-桃園,2024-12-18,9665
3466,德晉,42,0,42,富邦-桃園,2024-12-18,9665
0056,元大高股息,41,3,38,富邦-桃園,2024-12-18,9665
6962,ITH-KY,32,2,30,富邦-桃園,2024-12-18,9665
00907,永豐優息存股,28,0,28,富邦-桃園,2024-12-18,9665
2002,中鋼,32,4,28,富邦-桃園,2024-12-18,9665
3231,緯創,32,6,26,富邦-桃園,2024-12-18,9665
00680L,元大美債20正2,33,7,26,富邦-桃園,2024-12-18,9665
2609,陽明,32,7,25,富邦-桃園,2024-12-18,9665
00713,元大台灣高息低波,26,1,25,富邦-桃園,2024-12-18,9665
2464,盟立,46,22,24,富邦-桃園,2024-12-18,9665
3706,神達,81,59,22,富邦-桃園,2024-12-18,9665
1460,宏遠,20,0,20,富邦-桃園,2024-12-18,9665
2374,佳能,58,39,19,富邦-桃園,2024-12-18,9665
3041,揚智,114,96,18,富邦-桃園,2024-12-18,9665
00878,國泰永續高股息,60,42,18,富邦-桃園,2024-12-18,9665
00673R,期元大S＆P原油反1,16,0,16,富邦-桃園,2024-12-18,9665
00887,永豐中國科技50大,16,0,16,富邦-桃園,2024-12-18,9665
1314,中石化,37,21,16,富邦-桃園,2024-12-18,9665
3023,信邦,15,0,15,富邦-桃園,2024-12-18,9665
5425,台半,15,0,15,富邦-桃園,2024-12-18,9665
2886,兆豐金,16,2,14,富邦-桃園,2024-12-18,9665
1597,直得,19,5,14,富邦-桃園,2024-12-18,9665
00720B,元大投資級公司債,14,0,14,富邦-桃園,2024-12-18,9665
3489,森寶,14,0,14,富邦-桃園,2024-12-18,9665
2881,富邦金,19,6,13,富邦-桃園,2024-12-18,9665
00945B,凱基美國非投等債,13,0,13,富邦-桃園,2024-12-18,9665
2867,三商壽,13,0,13,富邦-桃園,2024-12-18,9665
3689,湧德,25,12,13,富邦-桃園,2024-12-18,9665
2449,京元電子,25,12,13,富邦-桃園,2024-12-18,9665
1785,光洋科,15,3,12,富邦-桃園,2024-12-18,9665
2637,慧洋-KY,13,1,12,富邦-桃園,2024-12-18,9665
2349,錸德,16,4,12,富邦-桃園,2024-12-18,9665
00953B,群益優選非投等債,16,4,12,富邦-桃園,2024-12-18,9665
00965,元大航太防衛科技,12,0,12,富邦-桃園,2024-12-18,9665
2367,燿華,35,23,12,富邦-桃園,2024-12-18,9665
00937B,群益ESG投等債20,448,27,421,富邦-桃園,2024-12-19,9665
00918,大華優利高填息30,384,0,384,富邦-桃園,2024-12-19,9665
00687B,國泰20年美債,305,4,301,富邦-桃園,2024-12-19,9665
00688L,國泰20年美債正2,287,5,282,富邦-桃園,2024-12-19,9665
00680L,元大美債20正2,363,105,258,富邦-桃園,2024-12-19,9665
00950B,凱基A級公司債,194,0,194,富邦-桃園,2024-12-19,9665
00953B,群益優選非投等債,139,0,139,富邦-桃園,2024-12-19,9665
00878,國泰永續高股息,163,24,139,富邦-桃園,2024-12-19,9665
00712,復華富時不動產,127,1,126,富邦-桃園,2024-12-19,9665
00852L,國泰美國道瓊正2,90,0,90,富邦-桃園,2024-12-19,9665
0056,元大高股息,88,3,85,富邦-桃園,2024-12-19,9665
2884,玉山金,85,2,83,富邦-桃園,2024-12-19,9665
00922,國泰台灣領袖50,78,0,78,富邦-桃園,2024-12-19,9665
00948B,中信優息投資級債,76,0,76,富邦-桃園,2024-12-19,9665
00967B,元大優息美債,75,0,75,富邦-桃園,2024-12-19,9665
2883,凱基金,84,12,72,富邦-桃園,2024-12-19,9665
00679B,元大美債20年,100,38,62,富邦-桃園,2024-12-19,9665
3041,揚智,123,61,62,富邦-桃園,2024-12-19,9665
00926,凱基全球菁英55,57,0,57,富邦-桃園,2024-12-19,9665
3594,磐儀,52,0,52,富邦-桃園,2024-12-19,9665
00753L,中信中國50正2,51,0,51,富邦-桃園,2024-12-19,9665
2618,長榮航,57,8,49,富邦-桃園,2024-12-19,9665
00900,富邦特選高股息30,54,9,45,富邦-桃園,2024-12-19,9665
4931,新盛力,137,95,42,富邦-桃園,2024-12-19,9665
00915,凱基優選高股息30,57,16,41,富邦-桃園,2024-12-19,9665
006208,富邦台50,42,1,41,富邦-桃園,2024-12-19,9665
00720B,元大投資級公司債,59,19,40,富邦-桃園,2024-12-19,9665
00959B,大華投等美債15Y+,39,0,39,富邦-桃園,2024-12-19,9665
00713,元大台灣高息低波,40,2,38,富邦-桃園,2024-12-19,9665
00830,國泰費城半導體,38,0,38,富邦-桃園,2024-12-19,9665
2887,台新金,36,0,36,富邦-桃園,2024-12-19,9665
2609,陽明,74,39,35,富邦-桃園,2024-12-19,9665
2317,鴻海,84,49,35,富邦-桃園,2024-12-19,9665
6209,今國光,46,11,35,富邦-桃園,2024-12-19,9665
00725B,國泰投資級公司債,33,0,33,富邦-桃園,2024-12-19,9665
5880,合庫金,30,0,30,富邦-桃園,2024-12-19,9665
2891,中信金,33,4,29,富邦-桃園,2024-12-19,9665
9958,世紀鋼,32,4,28,富邦-桃園,2024-12-19,9665
3715,定穎投控,28,1,27,富邦-桃園,2024-12-19,9665
00751B,元大AAA至A公司債,28,5,23,富邦-桃園,2024-12-19,9665
1528,恩德,23,0,23,富邦-桃園,2024-12-19,9665
2423,固緯,23,0,23,富邦-桃園,2024-12-19,9665
2646,星宇航空,24,2,22,富邦-桃園,2024-12-19,9665
00942B,台新美A公司債20+,22,0,22,富邦-桃園,2024-12-19,9665
00653L,富邦印度正2,22,0,22,富邦-桃園,2024-12-19,9665
00905,FT臺灣Smart,22,0,22,富邦-桃園,2024-12-19,9665
5871,中租-KY,32,10,22,富邦-桃園,2024-12-19,9665
00933B,國泰10Y+金融債,71,50,21,富邦-桃園,2024-12-19,9665
2352,佳世達,19,0,19,富邦-桃園,2024-12-19,9665
2002,中鋼,25,6,19,富邦-桃園,2024-12-19,9665
