Ticker,Name,buy,sell,diff,Branch,Date,Branch_Code
00671R,富邦NASDAQ反1,3721,586,3135,元大證券,2023-01-03,9800
00753L,中信中國50正2,5462,2950,2512,元大證券,2023-01-03,9800
2891,中信金,2808,366,2442,元大證券,2023-01-03,9800
00715L,期街口布蘭特正2,3155,821,2334,元大證券,2023-01-03,9800
2882,國泰金,3226,1157,2069,元大證券,2023-01-03,9800
00878,國泰永續高股息,6335,4305,2030,元大證券,2023-01-03,9800
2409,友達,1962,152,1810,元大證券,2023-01-03,9800
00642U,期元大S＆P石油,1532,322,1210,元大證券,2023-01-03,9800
00669R,國泰美國道瓊反1,4470,3277,1193,元大證券,2023-01-03,9800
1513,中興電,1307,117,1190,元大證券,2023-01-03,9800
3481,群創,2441,1283,1158,元大證券,2023-01-03,9800
00900,富邦特選高股息30,1716,607,1109,元大證券,2023-01-03,9800
00633L,富邦上証正2,3489,2399,1090,元大證券,2023-01-03,9800
00877,復華中國5G,1058,0,1058,元大證券,2023-01-03,9800
00650L,復華香港正2,5824,5016,808,元大證券,2023-01-03,9800
00881,國泰台灣5G+,1224,418,806,元大證券,2023-01-03,9800
00728,第一金工業30,1127,385,742,元大證券,2023-01-03,9800
2201,裕隆,1395,698,697,元大證券,2023-01-03,9800
00896,中信綠能及電動車,893,277,616,元大證券,2023-01-03,9800
00891,中信關鍵半導體,1611,1036,575,元大證券,2023-01-03,9800
2609,陽明,922,383,539,元大證券,2023-01-03,9800
2618,長榮航,1035,527,508,元大證券,2023-01-03,9800
3027,盛達,860,361,499,元大證券,2023-01-03,9800
00665L,富邦�琤肭磪囓�2,11458,10974,484,元大證券,2023-01-03,9800
00641R,富邦日本反1,713,234,479,元大證券,2023-01-03,9800
00919,群益台灣精選高息,406,16,390,元大證券,2023-01-03,9800
3289,宜特,653,272,381,元大證券,2023-01-03,9800
00706L,期元大S＆P日圓正2,1501,1161,340,元大證券,2023-01-03,9800
00751B,元大AAA至A公司債,451,121,330,元大證券,2023-01-03,9800
00708L,期元大S＆P黃金正2,605,277,328,元大證券,2023-01-03,9800
00882,中信中國高股息,959,641,318,元大證券,2023-01-03,9800
3047,訊舟,391,75,316,元大證券,2023-01-03,9800
2027,大成鋼,568,271,297,元大證券,2023-01-03,9800
00894,中信小資高價30,429,134,295,元大證券,2023-01-03,9800
00885,富邦越南,1104,830,274,元大證券,2023-01-03,9800
00643,群益深証中小,272,1,271,元大證券,2023-01-03,9800
00912,中信臺灣智慧50,342,79,263,元大證券,2023-01-03,9800
2014,中鴻,327,65,262,元大證券,2023-01-03,9800
2454,聯發科,280,41,239,元大證券,2023-01-03,9800
2425,承啟,877,640,237,元大證券,2023-01-03,9800
1519,華城,253,17,236,元大證券,2023-01-03,9800
00738U,期元大道瓊白銀,314,93,221,元大證券,2023-01-03,9800
006208,富邦台50,494,273,221,元大證券,2023-01-03,9800
8069,元太,401,196,205,元大證券,2023-01-03,9800
8046,南電,248,44,204,元大證券,2023-01-03,9800
2885,元大金,212,9,203,元大證券,2023-01-03,9800
2337,旺宏,247,48,199,元大證券,2023-01-03,9800
00654R,富邦印度反1,188,0,188,元大證券,2023-01-03,9800
3231,緯創,217,43,174,元大證券,2023-01-03,9800
8932,智通*,264,100,164,元大證券,2023-01-03,9800
00632R,元大台灣50反1,26887,12311,14576,元大證券,2023-01-04,9800
00753L,中信中國50正2,6930,1782,5148,元大證券,2023-01-04,9800
00885,富邦越南,4147,1223,2924,元大證券,2023-01-04,9800
00650L,復華香港正2,4569,1979,2590,元大證券,2023-01-04,9800
2882,國泰金,2271,43,2228,元大證券,2023-01-04,9800
00673R,期元大S＆P原油反1,3649,1490,2159,元大證券,2023-01-04,9800
8358,金居,2281,483,1798,元大證券,2023-01-04,9800
00634R,富邦上証反1,2006,512,1494,元大證券,2023-01-04,9800
2317,鴻海,968,4,964,元大證券,2023-01-04,9800
9904,寶成,993,157,836,元大證券,2023-01-04,9800
2201,裕隆,1191,501,690,元大證券,2023-01-04,9800
3704,合勤控,803,166,637,元大證券,2023-01-04,9800
3034,聯詠,691,73,618,元大證券,2023-01-04,9800
2330,台積電,673,148,525,元大證券,2023-01-04,9800
2313,華通,512,3,509,元大證券,2023-01-04,9800
00751B,元大AAA至A公司債,842,344,498,元大證券,2023-01-04,9800
1216,統一,495,0,495,元大證券,2023-01-04,9800
1909,榮成,495,27,468,元大證券,2023-01-04,9800
2323,中環,418,1,417,元大證券,2023-01-04,9800
00640L,富邦日本正2,697,293,404,元大證券,2023-01-04,9800
00654R,富邦印度反1,421,23,398,元大證券,2023-01-04,9800
2353,宏��,392,2,390,元大證券,2023-01-04,9800
2634,漢翔,396,18,378,元大證券,2023-01-04,9800
2409,友達,666,291,375,元大證券,2023-01-04,9800
2002,中鋼,424,51,373,元大證券,2023-01-04,9800
1101,台泥,383,16,367,元大證券,2023-01-04,9800
00674R,期元大S＆P黃金反1,366,12,354,元大證券,2023-01-04,9800
3714,富采,338,0,338,元大證券,2023-01-04,9800
00892,富邦台灣半導體,508,176,332,元大證券,2023-01-04,9800
00896,中信綠能及電動車,472,156,316,元大證券,2023-01-04,9800
3479,安勤,311,6,305,元大證券,2023-01-04,9800
00907,永豐優息存股,324,23,301,元大證券,2023-01-04,9800
00752,中信中國50,564,268,296,元大證券,2023-01-04,9800
4958,臻鼎-KY,305,14,291,元大證券,2023-01-04,9800
2891,中信金,293,3,290,元大證券,2023-01-04,9800
00891,中信關鍵半導體,606,327,279,元大證券,2023-01-04,9800
6274,台燿,320,41,279,元大證券,2023-01-04,9800
1519,華城,450,209,241,元大證券,2023-01-04,9800
2303,聯電,559,325,234,元大證券,2023-01-04,9800
2888,新光金,225,0,225,元大證券,2023-01-04,9800
1504,東元,229,4,225,元大證券,2023-01-04,9800
2603,長榮,532,309,223,元大證券,2023-01-04,9800
1605,華新,2377,2162,215,元大證券,2023-01-04,9800
00637L,元大滬深300正2,18437,18225,212,元大證券,2023-01-04,9800
6456,GIS-KY,235,24,211,元大證券,2023-01-04,9800
00850,元大臺灣ESG永續,226,17,209,元大證券,2023-01-04,9800
6443,元晶,247,38,209,元大證券,2023-01-04,9800
2337,旺宏,192,0,192,元大證券,2023-01-04,9800
2885,元大金,192,7,185,元大證券,2023-01-04,9800
00692,富邦公司治理,235,51,184,元大證券,2023-01-04,9800
00637L,元大滬深300正2,33440,18457,14983,元大證券,2023-01-05,9800
00673R,期元大S＆P原油反1,11558,0,11558,元大證券,2023-01-05,9800
00664R,國泰臺灣加權反1,12158,1634,10524,元大證券,2023-01-05,9800
00676R,富邦臺灣加權反1,10914,816,10098,元大證券,2023-01-05,9800
00632R,元大台灣50反1,32172,22452,9720,元大證券,2023-01-05,9800
2882,國泰金,2569,408,2161,元大證券,2023-01-05,9800
00633L,富邦上証正2,4664,2693,1971,元大證券,2023-01-05,9800
00650L,復華香港正2,7334,5471,1863,元大證券,2023-01-05,9800
00655L,國泰中國A50正2,2382,540,1842,元大證券,2023-01-05,9800
1909,榮成,1748,123,1625,元大證券,2023-01-05,9800
00665L,富邦�琤肭磪囓�2,8063,6527,1536,元大證券,2023-01-05,9800
2301,光寶科,1547,60,1487,元大證券,2023-01-05,9800
00671R,富邦NASDAQ反1,2702,1254,1448,元大證券,2023-01-05,9800
00885,富邦越南,1612,204,1408,元大證券,2023-01-05,9800
00675L,富邦臺灣加權正2,1459,281,1178,元大證券,2023-01-05,9800
2027,大成鋼,883,50,833,元大證券,2023-01-05,9800
00902,中信電池及儲能,1297,610,687,元大證券,2023-01-05,9800
1101,台泥,1144,472,672,元大證券,2023-01-05,9800
2603,長榮,893,245,648,元大證券,2023-01-05,9800
00752,中信中國50,1212,572,640,元大證券,2023-01-05,9800
00753L,中信中國50正2,4751,4143,608,元大證券,2023-01-05,9800
00674R,期元大S＆P黃金反1,614,35,579,元大證券,2023-01-05,9800
00669R,國泰美國道瓊反1,1220,674,546,元大證券,2023-01-05,9800
00877,復華中國5G,528,19,509,元大證券,2023-01-05,9800
00679B,元大美債20年,1063,650,413,元大證券,2023-01-05,9800
2609,陽明,684,276,408,元大證券,2023-01-05,9800
2528,皇普,350,7,343,元大證券,2023-01-05,9800
2323,中環,340,5,335,元大證券,2023-01-05,9800
6456,GIS-KY,405,71,334,元大證券,2023-01-05,9800
00654R,富邦印度反1,347,20,327,元大證券,2023-01-05,9800
3260,威剛,410,93,317,元大證券,2023-01-05,9800
006205,富邦上証,435,195,240,元大證券,2023-01-05,9800
2377,微星,266,26,240,元大證券,2023-01-05,9800
00631L,元大台灣50正2,1973,1737,236,元大證券,2023-01-05,9800
3704,合勤控,650,424,226,元大證券,2023-01-05,9800
8069,元太,427,207,220,元大證券,2023-01-05,9800
00636,國泰中國A50,292,87,205,元大證券,2023-01-05,9800
00663L,國泰臺灣加權正2,226,33,193,元大證券,2023-01-05,9800
0061,元大寶滬深,196,11,185,元大證券,2023-01-05,9800
00909,國泰數位支付服務,234,50,184,元大證券,2023-01-05,9800
2353,宏��,290,111,179,元大證券,2023-01-05,9800
2327,國巨,216,45,171,元大證券,2023-01-05,9800
00700,富邦�琤肭磪�,427,259,168,元大證券,2023-01-05,9800
2903,遠百,200,45,155,元大證券,2023-01-05,9800
5347,世界,187,43,144,元大證券,2023-01-05,9800
1513,中興電,440,302,138,元大證券,2023-01-05,9800
4167,松瑞藥,138,4,134,元大證券,2023-01-05,9800
1305,華夏,143,15,128,元大證券,2023-01-05,9800
1802,台玻,199,74,125,元大證券,2023-01-05,9800
2408,南亞科,165,43,122,元大證券,2023-01-05,9800
00673R,期元大S＆P原油反1,5641,1154,4487,元大證券,2023-01-06,9800
3481,群創,5579,1208,4371,元大證券,2023-01-06,9800
00671R,富邦NASDAQ反1,3513,1200,2313,元大證券,2023-01-06,9800
0056,元大高股息,2177,8,2169,元大證券,2023-01-06,9800
00631L,元大台灣50正2,2774,945,1829,元大證券,2023-01-06,9800
00669R,國泰美國道瓊反1,2197,416,1781,元大證券,2023-01-06,9800
2882,國泰金,1756,99,1657,元大證券,2023-01-06,9800
00878,國泰永續高股息,2318,778,1540,元大證券,2023-01-06,9800
1402,遠東新,1316,5,1311,元大證券,2023-01-06,9800
2367,燿華,1164,0,1164,元大證券,2023-01-06,9800
00753L,中信中國50正2,5363,4217,1146,元大證券,2023-01-06,9800
00637L,元大滬深300正2,27167,26111,1056,元大證券,2023-01-06,9800
00900,富邦特選高股息30,1876,842,1034,元大證券,2023-01-06,9800
00881,國泰台灣5G+,1221,350,871,元大證券,2023-01-06,9800
00877,復華中國5G,851,56,795,元大證券,2023-01-06,9800
1605,華新,1413,629,784,元大證券,2023-01-06,9800
00634R,富邦上証反1,1656,920,736,元大證券,2023-01-06,9800
2330,台積電,767,69,698,元大證券,2023-01-06,9800
00633L,富邦上証正2,3135,2437,698,元大證券,2023-01-06,9800
2890,永豐金,729,87,642,元大證券,2023-01-06,9800
4114,健喬,959,317,642,元大證券,2023-01-06,9800
6285,啟��,613,21,592,元大證券,2023-01-06,9800
2615,萬海,766,214,552,元大證券,2023-01-06,9800
2498,宏達電,888,353,535,元大證券,2023-01-06,9800
4128,中天,544,14,530,元大證券,2023-01-06,9800
2889,國票金,540,11,529,元大證券,2023-01-06,9800
3037,欣興,769,274,495,元大證券,2023-01-06,9800
00648R,元大S＆P500反1,463,5,458,元大證券,2023-01-06,9800
2891,中信金,559,108,451,元大證券,2023-01-06,9800
2402,毅嘉,445,0,445,元大證券,2023-01-06,9800
2338,光罩,512,76,436,元大證券,2023-01-06,9800
00891,中信關鍵半導體,981,552,429,元大證券,2023-01-06,9800
6550,北極星藥業-KY,440,30,410,元大證券,2023-01-06,9800
6116,彩晶,399,0,399,元大證券,2023-01-06,9800
9958,世紀鋼,402,6,396,元大證券,2023-01-06,9800
5388,中磊,412,18,394,元大證券,2023-01-06,9800
2809,京城銀,400,7,393,元大證券,2023-01-06,9800
2885,元大金,389,12,377,元大證券,2023-01-06,9800
3707,漢磊,374,6,368,元大證券,2023-01-06,9800
2886,兆豐金,392,26,366,元大證券,2023-01-06,9800
2353,宏��,393,32,361,元大證券,2023-01-06,9800
00894,中信小資高價30,379,34,345,元大證券,2023-01-06,9800
1513,中興電,808,470,338,元大證券,2023-01-06,9800
2388,威盛,350,12,338,元大證券,2023-01-06,9800
2408,南亞科,336,2,334,元大證券,2023-01-06,9800
006205,富邦上証,335,14,321,元大證券,2023-01-06,9800
9907,統一實,302,9,293,元大證券,2023-01-06,9800
5880,合庫金,299,12,287,元大證券,2023-01-06,9800
00655L,國泰中國A50正2,1203,918,285,元大證券,2023-01-06,9800
2892,第一金,284,1,283,元大證券,2023-01-06,9800
00632R,元大台灣50反1,150439,58894,91545,元大證券,2023-01-09,9800
00671R,富邦NASDAQ反1,11285,1801,9484,元大證券,2023-01-09,9800
2303,聯電,8891,544,8347,元大證券,2023-01-09,9800
00669R,國泰美國道瓊反1,5324,256,5068,元大證券,2023-01-09,9800
00878,國泰永續高股息,5632,819,4813,元大證券,2023-01-09,9800
00673R,期元大S＆P原油反1,6263,2475,3788,元大證券,2023-01-09,9800
00648R,元大S＆P500反1,1959,0,1959,元大證券,2023-01-09,9800
00631L,元大台灣50正2,3524,1600,1924,元大證券,2023-01-09,9800
0056,元大高股息,1849,21,1828,元大證券,2023-01-09,9800
2498,宏達電,1904,152,1752,元大證券,2023-01-09,9800
00891,中信關鍵半導體,1853,455,1398,元大證券,2023-01-09,9800
00900,富邦特選高股息30,1649,340,1309,元大證券,2023-01-09,9800
00670L,富邦NASDAQ正2,1594,309,1285,元大證券,2023-01-09,9800
2312,金寶,1250,100,1150,元大證券,2023-01-09,9800
6116,彩晶,1147,0,1147,元大證券,2023-01-09,9800
5880,合庫金,1237,173,1064,元大證券,2023-01-09,9800
2027,大成鋼,1083,38,1045,元大證券,2023-01-09,9800
5009,榮剛,1059,31,1028,元大證券,2023-01-09,9800
0050,元大台灣50,2035,1009,1026,元大證券,2023-01-09,9800
00633L,富邦上証正2,3382,2449,933,元大證券,2023-01-09,9800
2337,旺宏,890,25,865,元大證券,2023-01-09,9800
00753L,中信中國50正2,3622,2758,864,元大證券,2023-01-09,9800
2201,裕隆,1308,448,860,元大證券,2023-01-09,9800
2368,金像電,896,58,838,元大證券,2023-01-09,9800
1402,遠東新,815,20,795,元大證券,2023-01-09,9800
00915,凱基優選高股息30,781,0,781,元大證券,2023-01-09,9800
00692,富邦公司治理,766,0,766,元大證券,2023-01-09,9800
00881,國泰台灣5G+,1364,606,758,元大證券,2023-01-09,9800
2313,華通,838,91,747,元大證券,2023-01-09,9800
00654R,富邦印度反1,752,13,739,元大證券,2023-01-09,9800
2323,中環,729,3,726,元大證券,2023-01-09,9800
2367,燿華,695,0,695,元大證券,2023-01-09,9800
00728,第一金工業30,692,0,692,元大證券,2023-01-09,9800
2330,台積電,1855,1183,672,元大證券,2023-01-09,9800
00642U,期元大S＆P石油,1090,462,628,元大證券,2023-01-09,9800
00664R,國泰臺灣加權反1,3926,3320,606,元大證券,2023-01-09,9800
5340,建榮,601,4,597,元大證券,2023-01-09,9800
1319,東陽,614,37,577,元大證券,2023-01-09,9800
2002,中鋼,708,156,552,元大證券,2023-01-09,9800
00675L,富邦臺灣加權正2,811,266,545,元大證券,2023-01-09,9800
6533,晶心科,816,277,539,元大證券,2023-01-09,9800
1504,東元,557,22,535,元大證券,2023-01-09,9800
9904,寶成,689,161,528,元大證券,2023-01-09,9800
00896,中信綠能及電動車,634,111,523,元大證券,2023-01-09,9800
2495,普安,515,1,514,元大證券,2023-01-09,9800
6285,啟��,532,24,508,元大證券,2023-01-09,9800
00877,復華中國5G,508,0,508,元大證券,2023-01-09,9800
2882,國泰金,575,97,478,元大證券,2023-01-09,9800
2618,長榮航,614,149,465,元大證券,2023-01-09,9800
2481,強茂,474,16,458,元大證券,2023-01-09,9800
2303,聯電,4613,810,3803,元大證券,2023-01-10,9800
00673R,期元大S＆P原油反1,3784,1161,2623,元大證券,2023-01-10,9800
0056,元大高股息,2754,152,2602,元大證券,2023-01-10,9800
00637L,元大滬深300正2,16530,14427,2103,元大證券,2023-01-10,9800
00665L,富邦�琤肭磪囓�2,5617,4083,1534,元大證券,2023-01-10,9800
2301,光寶科,1399,47,1352,元大證券,2023-01-10,9800
00893,國泰智能電動車,2738,1441,1297,元大證券,2023-01-10,9800
00892,富邦台灣半導體,1815,757,1058,元大證券,2023-01-10,9800
2330,台積電,1200,146,1054,元大證券,2023-01-10,9800
00641R,富邦日本反1,1268,216,1052,元大證券,2023-01-10,9800
00728,第一金工業30,961,1,960,元大證券,2023-01-10,9800
0050,元大台灣50,1683,737,946,元大證券,2023-01-10,9800
2313,華通,1052,216,836,元大證券,2023-01-10,9800
00753L,中信中國50正2,2707,1935,772,元大證券,2023-01-10,9800
2402,毅嘉,734,0,734,元大證券,2023-01-10,9800
1303,南亞,753,29,724,元大證券,2023-01-10,9800
2892,第一金,721,9,712,元大證券,2023-01-10,9800
3711,日月光投控,674,32,642,元大證券,2023-01-10,9800
00882,中信中國高股息,1520,885,635,元大證券,2023-01-10,9800
2317,鴻海,608,39,569,元大證券,2023-01-10,9800
4915,致伸,563,0,563,元大證券,2023-01-10,9800
00897,富邦基因免疫生技,564,3,561,元大證券,2023-01-10,9800
00648R,元大S＆P500反1,557,0,557,元大證券,2023-01-10,9800
00903,富邦元宇宙,701,181,520,元大證券,2023-01-10,9800
1101,台泥,771,255,516,元大證券,2023-01-10,9800
3481,群創,1469,970,499,元大證券,2023-01-10,9800
00896,中信綠能及電動車,841,370,471,元大證券,2023-01-10,9800
00915,凱基優選高股息30,472,2,470,元大證券,2023-01-10,9800
00656R,國泰中國A50反1,514,76,438,元大證券,2023-01-10,9800
2618,長榮航,489,71,418,元大證券,2023-01-10,9800
2495,普安,421,16,405,元大證券,2023-01-10,9800
1712,興農,403,0,403,元大證券,2023-01-10,9800
020034,元大IC設計N,578,180,398,元大證券,2023-01-10,9800
6153,嘉聯益,386,1,385,元大證券,2023-01-10,9800
00902,中信電池及儲能,1186,805,381,元大證券,2023-01-10,9800
2889,國票金,409,37,372,元大證券,2023-01-10,9800
00706L,期元大S＆P日圓正2,468,107,361,元大證券,2023-01-10,9800
2312,金寶,361,2,359,元大證券,2023-01-10,9800
00751B,元大AAA至A公司債,579,229,350,元大證券,2023-01-10,9800
020022,元大電動車N,342,3,339,元大證券,2023-01-10,9800
00891,中信關鍵半導體,1445,1108,337,元大證券,2023-01-10,9800
2324,仁寶,423,87,336,元大證券,2023-01-10,9800
00669R,國泰美國道瓊反1,1605,1269,336,元大證券,2023-01-10,9800
2356,英業達,390,55,335,元大證券,2023-01-10,9800
2367,燿華,340,7,333,元大證券,2023-01-10,9800
5410,國眾,330,0,330,元大證券,2023-01-10,9800
2888,新光金,368,54,314,元大證券,2023-01-10,9800
1513,中興電,362,56,306,元大證券,2023-01-10,9800
2409,友達,689,384,305,元大證券,2023-01-10,9800
00881,國泰台灣5G+,804,517,287,元大證券,2023-01-10,9800
00632R,元大台灣50反1,36872,7619,29253,元大證券,2023-01-11,9800
00637L,元大滬深300正2,27343,18041,9302,元大證券,2023-01-11,9800
2303,聯電,4397,278,4119,元大證券,2023-01-11,9800
00671R,富邦NASDAQ反1,3086,628,2458,元大證券,2023-01-11,9800
00753L,中信中國50正2,3983,2357,1626,元大證券,2023-01-11,9800
2330,台積電,1585,36,1549,元大證券,2023-01-11,9800
00669R,國泰美國道瓊反1,2662,1421,1241,元大證券,2023-01-11,9800
00882,中信中國高股息,1418,227,1191,元大證券,2023-01-11,9800
00673R,期元大S＆P原油反1,2364,1326,1038,元大證券,2023-01-11,9800
00664R,國泰臺灣加權反1,2587,1603,984,元大證券,2023-01-11,9800
00891,中信關鍵半導體,1225,273,952,元大證券,2023-01-11,9800
00885,富邦越南,1320,415,905,元大證券,2023-01-11,9800
00654R,富邦印度反1,866,28,838,元大證券,2023-01-11,9800
00830,國泰費城半導體,811,5,806,元大證券,2023-01-11,9800
00648R,元大S＆P500反1,798,23,775,元大證券,2023-01-11,9800
2308,台達電,665,6,659,元大證券,2023-01-11,9800
00893,國泰智能電動車,942,289,653,元大證券,2023-01-11,9800
00665L,富邦�琤肭磪囓�2,4795,4204,591,元大證券,2023-01-11,9800
2409,友達,731,159,572,元大證券,2023-01-11,9800
2891,中信金,552,12,540,元大證券,2023-01-11,9800
2455,全新,495,25,470,元大證券,2023-01-11,9800
2382,廣達,478,8,470,元大證券,2023-01-11,9800
2882,國泰金,474,21,453,元大證券,2023-01-11,9800
3711,日月光投控,465,16,449,元大證券,2023-01-11,9800
5347,世界,483,35,448,元大證券,2023-01-11,9800
6153,嘉聯益,458,18,440,元大證券,2023-01-11,9800
00676R,富邦臺灣加權反1,2204,1775,429,元大證券,2023-01-11,9800
00636,國泰中國A50,488,77,411,元大證券,2023-01-11,9800
00904,新光臺灣半導體30,378,1,377,元大證券,2023-01-11,9800
2317,鴻海,399,38,361,元大證券,2023-01-11,9800
00902,中信電池及儲能,641,286,355,元大證券,2023-01-11,9800
0056,元大高股息,352,7,345,元大證券,2023-01-11,9800
2886,兆豐金,388,53,335,元大證券,2023-01-11,9800
1210,大成,340,9,331,元大證券,2023-01-11,9800
1101,台泥,453,124,329,元大證券,2023-01-11,9800
2603,長榮,421,95,326,元大證券,2023-01-11,9800
2883,凱基金,499,175,324,元大證券,2023-01-11,9800
2002,中鋼,400,77,323,元大證券,2023-01-11,9800
2887,台新金,329,9,320,元大證券,2023-01-11,9800
2890,永豐金,315,2,313,元大證券,2023-01-11,9800
2885,元大金,308,0,308,元大證券,2023-01-11,9800
5880,合庫金,347,41,306,元大證券,2023-01-11,9800
2892,第一金,360,56,304,元大證券,2023-01-11,9800
2884,玉山金,398,94,304,元大證券,2023-01-11,9800
00708L,期元大S＆P黃金正2,485,189,296,元大證券,2023-01-11,9800
00881,國泰台灣5G+,638,345,293,元大證券,2023-01-11,9800
00674R,期元大S＆P黃金反1,323,31,292,元大證券,2023-01-11,9800
00900,富邦特選高股息30,621,337,284,元大證券,2023-01-11,9800
2880,華南金,283,2,281,元大證券,2023-01-11,9800
00655L,國泰中國A50正2,811,534,277,元大證券,2023-01-11,9800
00632R,元大台灣50反1,23767,12206,11561,元大證券,2023-01-12,9800
00715L,期街口布蘭特正2,7841,2485,5356,元大證券,2023-01-12,9800
00669R,國泰美國道瓊反1,7773,2827,4946,元大證券,2023-01-12,9800
00676R,富邦臺灣加權反1,3274,770,2504,元大證券,2023-01-12,9800
2303,聯電,1828,87,1741,元大證券,2023-01-12,9800
00671R,富邦NASDAQ反1,3141,1529,1612,元大證券,2023-01-12,9800
00670L,富邦NASDAQ正2,1999,580,1419,元大證券,2023-01-12,9800
2882,國泰金,1475,165,1310,元大證券,2023-01-12,9800
0050,元大台灣50,1408,121,1287,元大證券,2023-01-12,9800
2317,鴻海,1087,52,1035,元大證券,2023-01-12,9800
2412,中華電,1267,443,824,元大證券,2023-01-12,9800
00679B,元大美債20年,1813,1063,750,元大證券,2023-01-12,9800
00903,富邦元宇宙,684,1,683,元大證券,2023-01-12,9800
00683L,期元大美元指正2,623,0,623,元大證券,2023-01-12,9800
00675L,富邦臺灣加權正2,741,194,547,元大證券,2023-01-12,9800
00631L,元大台灣50正2,1260,723,537,元大證券,2023-01-12,9800
3708,上緯投控,569,41,528,元大證券,2023-01-12,9800
2883,凱基金,535,23,512,元大證券,2023-01-12,9800
2618,長榮航,685,213,472,元大證券,2023-01-12,9800
00642U,期元大S＆P石油,1426,999,427,元大證券,2023-01-12,9800
00654R,富邦印度反1,508,89,419,元大證券,2023-01-12,9800
00687B,國泰20年美債,491,76,415,元大證券,2023-01-12,9800
00909,國泰數位支付服務,413,1,412,元大證券,2023-01-12,9800
2498,宏達電,686,295,391,元大證券,2023-01-12,9800
00728,第一金工業30,392,4,388,元大證券,2023-01-12,9800
2014,中鴻,597,239,358,元大證券,2023-01-12,9800
3711,日月光投控,365,12,353,元大證券,2023-01-12,9800
2330,台積電,672,327,345,元大證券,2023-01-12,9800
6153,嘉聯益,334,0,334,元大證券,2023-01-12,9800
00893,國泰智能電動車,1044,717,327,元大證券,2023-01-12,9800
00830,國泰費城半導體,353,54,299,元大證券,2023-01-12,9800
00902,中信電池及儲能,867,578,289,元大證券,2023-01-12,9800
2353,宏��,322,33,289,元大證券,2023-01-12,9800
00762,元大全球AI,289,1,288,元大證券,2023-01-12,9800
1605,華新,933,655,278,元大證券,2023-01-12,9800
2888,新光金,267,20,247,元大證券,2023-01-12,9800
020034,元大IC設計N,248,2,246,元大證券,2023-01-12,9800
00877,復華中國5G,249,13,236,元大證券,2023-01-12,9800
9933,中鼎,236,10,226,元大證券,2023-01-12,9800
2887,台新金,222,3,219,元大證券,2023-01-12,9800
006207,復華滬深,217,0,217,元大證券,2023-01-12,9800
00892,富邦台灣半導體,612,400,212,元大證券,2023-01-12,9800
2002,中鋼,245,37,208,元大證券,2023-01-12,9800
00706L,期元大S＆P日圓正2,490,284,206,元大證券,2023-01-12,9800
6835,圓裕,200,0,200,元大證券,2023-01-12,9800
2382,廣達,281,87,194,元大證券,2023-01-12,9800
2027,大成鋼,201,11,190,元大證券,2023-01-12,9800
00757,統一FANG+,174,0,174,元大證券,2023-01-12,9800
2201,裕隆,509,335,174,元大證券,2023-01-12,9800
0056,元大高股息,234,65,169,元大證券,2023-01-12,9800
00637L,元大滬深300正2,36805,19285,17520,元大證券,2023-01-13,9800
00715L,期街口布蘭特正2,5210,213,4997,元大證券,2023-01-13,9800
0050,元大台灣50,3675,185,3490,元大證券,2023-01-13,9800
00706L,期元大S＆P日圓正2,3092,216,2876,元大證券,2023-01-13,9800
00921,兆豐龍頭等權重,3464,1232,2232,元大證券,2023-01-13,9800
00631L,元大台灣50正2,2790,713,2077,元大證券,2023-01-13,9800
00642U,期元大S＆P石油,1668,51,1617,元大證券,2023-01-13,9800
2882,國泰金,1729,167,1562,元大證券,2023-01-13,9800
00903,富邦元宇宙,1654,101,1553,元大證券,2023-01-13,9800
00670L,富邦NASDAQ正2,1597,173,1424,元大證券,2023-01-13,9800
00655L,國泰中國A50正2,2403,1139,1264,元大證券,2023-01-13,9800
0056,元大高股息,1167,14,1153,元大證券,2023-01-13,9800
00633L,富邦上証正2,3709,2557,1152,元大證券,2023-01-13,9800
00830,國泰費城半導體,972,58,914,元大證券,2023-01-13,9800
00675L,富邦臺灣加權正2,1026,214,812,元大證券,2023-01-13,9800
2330,台積電,1797,1007,790,元大證券,2023-01-13,9800
00893,國泰智能電動車,1658,886,772,元大證券,2023-01-13,9800
00650L,復華香港正2,1925,1173,752,元大證券,2023-01-13,9800
1101,台泥,1033,312,721,元大證券,2023-01-13,9800
00674R,期元大S＆P黃金反1,762,66,696,元大證券,2023-01-13,9800
6770,力積電,878,240,638,元大證券,2023-01-13,9800
00891,中信關鍵半導體,1564,950,614,元大證券,2023-01-13,9800
2344,華邦電,651,43,608,元大證券,2023-01-13,9800
8069,元太,731,210,521,元大證券,2023-01-13,9800
00752,中信中國50,726,223,503,元大證券,2023-01-13,9800
2883,凱基金,529,36,493,元大證券,2023-01-13,9800
6505,台塑化,461,38,423,元大證券,2023-01-13,9800
3034,聯詠,489,74,415,元大證券,2023-01-13,9800
2337,旺宏,392,15,377,元大證券,2023-01-13,9800
00882,中信中國高股息,1776,1423,353,元大證券,2023-01-13,9800
3711,日月光投控,373,25,348,元大證券,2023-01-13,9800
00738U,期元大道瓊白銀,383,61,322,元大證券,2023-01-13,9800
006208,富邦台50,366,55,311,元大證券,2023-01-13,9800
2888,新光金,342,34,308,元大證券,2023-01-13,9800
2912,統一超,306,1,305,元大證券,2023-01-13,9800
006207,復華滬深,325,30,295,元大證券,2023-01-13,9800
4915,致伸,300,10,290,元大證券,2023-01-13,9800
00728,第一金工業30,376,87,289,元大證券,2023-01-13,9800
3481,群創,1015,730,285,元大證券,2023-01-13,9800
5009,榮剛,279,0,279,元大證券,2023-01-13,9800
2408,南亞科,255,1,254,元大證券,2023-01-13,9800
2382,廣達,249,22,227,元大證券,2023-01-13,9800
02001S,策元大加權策略N,236,9,227,元大證券,2023-01-13,9800
2609,陽明,294,68,226,元大證券,2023-01-13,9800
2449,京元電子,232,8,224,元大證券,2023-01-13,9800
3105,穩懋,348,126,222,元大證券,2023-01-13,9800
00683L,期元大美元指正2,495,283,212,元大證券,2023-01-13,9800
2618,長榮航,733,526,207,元大證券,2023-01-13,9800
00904,新光臺灣半導體30,271,68,203,元大證券,2023-01-13,9800
2201,裕隆,441,240,201,元大證券,2023-01-13,9800
00637L,元大滬深300正2,38891,25611,13280,元大證券,2023-01-16,9800
00633L,富邦上証正2,7861,4066,3795,元大證券,2023-01-16,9800
00715L,期街口布蘭特正2,4570,1008,3562,元大證券,2023-01-16,9800
2303,聯電,2806,778,2028,元大證券,2023-01-16,9800
00881,國泰台灣5G+,2315,555,1760,元大證券,2023-01-16,9800
00671R,富邦NASDAQ反1,2787,1092,1695,元大證券,2023-01-16,9800
00753L,中信中國50正2,3197,1712,1485,元大證券,2023-01-16,9800
0050,元大台灣50,2108,790,1318,元大證券,2023-01-16,9800
0056,元大高股息,2538,1239,1299,元大證券,2023-01-16,9800
00893,國泰智能電動車,2056,834,1222,元大證券,2023-01-16,9800
00655L,國泰中國A50正2,1903,726,1177,元大證券,2023-01-16,9800
00642U,期元大S＆P石油,1579,479,1100,元大證券,2023-01-16,9800
00728,第一金工業30,891,83,808,元大證券,2023-01-16,9800
00891,中信關鍵半導體,1404,648,756,元大證券,2023-01-16,9800
00670L,富邦NASDAQ正2,993,248,745,元大證券,2023-01-16,9800
00676R,富邦臺灣加權反1,2329,1657,672,元大證券,2023-01-16,9800
00706L,期元大S＆P日圓正2,947,313,634,元大證券,2023-01-16,9800
2317,鴻海,822,198,624,元大證券,2023-01-16,9800
00631L,元大台灣50正2,1704,1097,607,元大證券,2023-01-16,9800
2528,皇普,584,0,584,元大證券,2023-01-16,9800
00877,復華中國5G,735,191,544,元大證券,2023-01-16,9800
006207,復華滬深,515,21,494,元大證券,2023-01-16,9800
2330,台積電,581,92,489,元大證券,2023-01-16,9800
00903,富邦元宇宙,567,100,467,元大證券,2023-01-16,9800
1326,台化,449,0,449,元大證券,2023-01-16,9800
2006,東和鋼鐵,455,15,440,元大證券,2023-01-16,9800
2882,國泰金,457,22,435,元大證券,2023-01-16,9800
00646,元大S＆P500,438,5,433,元大證券,2023-01-16,9800
2382,廣達,430,6,424,元大證券,2023-01-16,9800
1304,台聚,401,2,399,元大證券,2023-01-16,9800
3711,日月光投控,400,3,397,元大證券,2023-01-16,9800
00915,凱基優選高股息30,471,79,392,元大證券,2023-01-16,9800
00896,中信綠能及電動車,591,199,392,元大證券,2023-01-16,9800
2324,仁寶,404,22,382,元大證券,2023-01-16,9800
00654R,富邦印度反1,379,17,362,元大證券,2023-01-16,9800
00894,中信小資高價30,451,93,358,元大證券,2023-01-16,9800
2891,中信金,364,16,348,元大證券,2023-01-16,9800
00683L,期元大美元指正2,437,90,347,元大證券,2023-01-16,9800
2002,中鋼,340,3,337,元大證券,2023-01-16,9800
3481,群創,744,414,330,元大證券,2023-01-16,9800
2103,台橡,325,0,325,元大證券,2023-01-16,9800
2903,遠百,313,7,306,元大證券,2023-01-16,9800
2886,兆豐金,292,1,291,元大證券,2023-01-16,9800
0061,元大寶滬深,314,26,288,元大證券,2023-01-16,9800
8069,元太,461,179,282,元大證券,2023-01-16,9800
00850,元大臺灣ESG永續,391,131,260,元大證券,2023-01-16,9800
00669R,國泰美國道瓊反1,1002,749,253,元大證券,2023-01-16,9800
00738U,期元大道瓊白銀,415,169,246,元大證券,2023-01-16,9800
4961,天鈺,267,27,240,元大證券,2023-01-16,9800
020020,元大台股領航N,239,2,237,元大證券,2023-01-16,9800
00676R,富邦臺灣加權反1,9426,2768,6658,元大證券,2023-01-17,9800
6770,力積電,1010,50,960,元大證券,2023-01-17,9800
00892,富邦台灣半導體,1145,300,845,元大證券,2023-01-17,9800
00902,中信電池及儲能,1031,231,800,元大證券,2023-01-17,9800
00631L,元大台灣50正2,1512,834,678,元大證券,2023-01-17,9800
00663L,國泰臺灣加權正2,651,0,651,元大證券,2023-01-17,9800
00895,富邦未來車,646,5,641,元大證券,2023-01-17,9800
6488,環球晶,630,2,628,元大證券,2023-01-17,9800
00638R,元大滬深300反1,675,69,606,元大證券,2023-01-17,9800
00642U,期元大S＆P石油,790,220,570,元大證券,2023-01-17,9800
00671R,富邦NASDAQ反1,1238,707,531,元大證券,2023-01-17,9800
8996,高力,1276,760,516,元大證券,2023-01-17,9800
00654R,富邦印度反1,507,20,487,元大證券,2023-01-17,9800
0056,元大高股息,487,14,473,元大證券,2023-01-17,9800
00903,富邦元宇宙,465,1,464,元大證券,2023-01-17,9800
6505,台塑化,468,5,463,元大證券,2023-01-17,9800
4904,遠傳,454,0,454,元大證券,2023-01-17,9800
1305,華夏,456,5,451,元大證券,2023-01-17,9800
00665L,富邦�琤肭磪囓�2,3757,3311,446,元大證券,2023-01-17,9800
00634R,富邦上証反1,468,38,430,元大證券,2023-01-17,9800
1513,中興電,437,19,418,元大證券,2023-01-17,9800
1336,台翰,419,4,415,元大證券,2023-01-17,9800
00651R,復華香港反1,665,257,408,元大證券,2023-01-17,9800
6788,華景電,588,198,390,元大證券,2023-01-17,9800
2002,中鋼,367,0,367,元大證券,2023-01-17,9800
2337,旺宏,301,11,290,元大證券,2023-01-17,9800
00878,國泰永續高股息,1901,1613,288,元大證券,2023-01-17,9800
00669R,國泰美國道瓊反1,899,621,278,元大證券,2023-01-17,9800
00915,凱基優選高股息30,254,1,253,元大證券,2023-01-17,9800
00900,富邦特選高股息30,493,240,253,元大證券,2023-01-17,9800
2748,雲品,573,325,248,元大證券,2023-01-17,9800
00893,國泰智能電動車,1019,773,246,元大證券,2023-01-17,9800
2449,京元電子,252,9,243,元大證券,2023-01-17,9800
00708L,期元大S＆P黃金正2,618,379,239,元大證券,2023-01-17,9800
020034,元大IC設計N,239,10,229,元大證券,2023-01-17,9800
5425,台半,248,25,223,元大證券,2023-01-17,9800
00675L,富邦臺灣加權正2,286,65,221,元大證券,2023-01-17,9800
00896,中信綠能及電動車,237,30,207,元大證券,2023-01-17,9800
020022,元大電動車N,213,12,201,元大證券,2023-01-17,9800
00635U,期元大S＆P黃金,354,159,195,元大證券,2023-01-17,9800
00648R,元大S＆P500反1,211,36,175,元大證券,2023-01-17,9800
2377,微星,199,35,164,元大證券,2023-01-17,9800
2882,國泰金,165,17,148,元大證券,2023-01-17,9800
2049,上銀,162,18,144,元大證券,2023-01-17,9800
00907,永豐優息存股,144,0,144,元大證券,2023-01-17,9800
2376,技嘉,158,19,139,元大證券,2023-01-17,9800
020029,元大ESG高股息N,138,1,137,元大證券,2023-01-17,9800
00909,國泰數位支付服務,126,0,126,元大證券,2023-01-17,9800
8069,元太,324,201,123,元大證券,2023-01-17,9800
00917,中信特選金融,126,5,121,元大證券,2023-01-17,9800
00893,國泰智能電動車,14825,424,14401,元大證券,2023-01-30,9800
00637L,元大滬深300正2,38473,29751,8722,元大證券,2023-01-30,9800
00902,中信電池及儲能,6223,3,6220,元大證券,2023-01-30,9800
0056,元大高股息,5162,681,4481,元大證券,2023-01-30,9800
00891,中信關鍵半導體,5161,849,4312,元大證券,2023-01-30,9800
00670L,富邦NASDAQ正2,3926,38,3888,元大證券,2023-01-30,9800
0050,元大台灣50,8098,4432,3666,元大證券,2023-01-30,9800
00921,兆豐龍頭等權重,3928,694,3234,元大證券,2023-01-30,9800
4142,國光生,2956,3,2953,元大證券,2023-01-30,9800
3481,群創,3739,895,2844,元大證券,2023-01-30,9800
2303,聯電,3463,800,2663,元大證券,2023-01-30,9800
00753L,中信中國50正2,3492,1204,2288,元大證券,2023-01-30,9800
00631L,元大台灣50正2,3709,1695,2014,元大證券,2023-01-30,9800
2891,中信金,2363,491,1872,元大證券,2023-01-30,9800
00904,新光臺灣半導體30,1988,123,1865,元大證券,2023-01-30,9800
00900,富邦特選高股息30,2905,1259,1646,元大證券,2023-01-30,9800
00638R,元大滬深300反1,2171,528,1643,元大證券,2023-01-30,9800
6282,康舒,4993,3564,1429,元大證券,2023-01-30,9800
00877,復華中國5G,1757,329,1428,元大證券,2023-01-30,9800
00650L,復華香港正2,3701,2370,1331,元大證券,2023-01-30,9800
00633L,富邦上証正2,4426,3118,1308,元大證券,2023-01-30,9800
00881,國泰台灣5G+,2441,1158,1283,元大證券,2023-01-30,9800
00757,統一FANG+,1204,0,1204,元大證券,2023-01-30,9800
00665L,富邦�琤肭磪囓�2,4608,3501,1107,元大證券,2023-01-30,9800
00728,第一金工業30,1378,353,1025,元大證券,2023-01-30,9800
00915,凱基優選高股息30,978,3,975,元大證券,2023-01-30,9800
8358,金居,1218,273,945,元大證券,2023-01-30,9800
00651R,復華香港反1,1988,1065,923,元大證券,2023-01-30,9800
2049,上銀,980,58,922,元大證券,2023-01-30,9800
2337,旺宏,1068,173,895,元大證券,2023-01-30,9800
00895,富邦未來車,1018,131,887,元大證券,2023-01-30,9800
00903,富邦元宇宙,1269,476,793,元大證券,2023-01-30,9800
5880,合庫金,899,119,780,元大證券,2023-01-30,9800
2867,三商壽,752,0,752,元大證券,2023-01-30,9800
00675L,富邦臺灣加權正2,1055,335,720,元大證券,2023-01-30,9800
020022,元大電動車N,766,52,714,元大證券,2023-01-30,9800
3264,欣銓,900,199,701,元大證券,2023-01-30,9800
00715L,期街口布蘭特正2,3592,2903,689,元大證券,2023-01-30,9800
020029,元大ESG高股息N,828,143,685,元大證券,2023-01-30,9800
00655L,國泰中國A50正2,2069,1387,682,元大證券,2023-01-30,9800
2903,遠百,711,34,677,元大證券,2023-01-30,9800
2105,正新,713,46,667,元大證券,2023-01-30,9800
2002,中鋼,706,91,615,元大證券,2023-01-30,9800
3217,優群,672,80,592,元大證券,2023-01-30,9800
00654R,富邦印度反1,1034,453,581,元大證券,2023-01-30,9800
2412,中華電,594,16,578,元大證券,2023-01-30,9800
2330,台積電,1348,774,574,元大證券,2023-01-30,9800
00708L,期元大S＆P黃金正2,634,109,525,元大證券,2023-01-30,9800
1802,台玻,571,55,516,元大證券,2023-01-30,9800
2376,技嘉,1189,686,503,元大證券,2023-01-30,9800
2303,聯電,10131,930,9201,元大證券,2023-01-31,9800
00664R,國泰臺灣加權反1,6735,1012,5723,元大證券,2023-01-31,9800
00676R,富邦臺灣加權反1,7103,2096,5007,元大證券,2023-01-31,9800
0056,元大高股息,4540,80,4460,元大證券,2023-01-31,9800
0050,元大台灣50,3508,915,2593,元大證券,2023-01-31,9800
2882,國泰金,3165,706,2459,元大證券,2023-01-31,9800
3231,緯創,1941,101,1840,元大證券,2023-01-31,9800
2330,台積電,2029,461,1568,元大證券,2023-01-31,9800
00903,富邦元宇宙,1586,106,1480,元大證券,2023-01-31,9800
3711,日月光投控,1325,29,1296,元大證券,2023-01-31,9800
2892,第一金,1550,298,1252,元大證券,2023-01-31,9800
2014,中鴻,1455,204,1251,元大證券,2023-01-31,9800
00680L,元大美債20正2,1356,180,1176,元大證券,2023-01-31,9800
00891,中信關鍵半導體,1702,535,1167,元大證券,2023-01-31,9800
00893,國泰智能電動車,2498,1383,1115,元大證券,2023-01-31,9800
2323,中環,1055,4,1051,元大證券,2023-01-31,9800
2201,裕隆,2995,2038,957,元大證券,2023-01-31,9800
4142,國光生,2036,1126,910,元大證券,2023-01-31,9800
00881,國泰台灣5G+,1080,177,903,元大證券,2023-01-31,9800
2353,宏��,900,11,889,元大證券,2023-01-31,9800
2881,富邦金,862,36,826,元大證券,2023-01-31,9800
5347,世界,854,96,758,元大證券,2023-01-31,9800
2891,中信金,857,111,746,元大證券,2023-01-31,9800
2449,京元電子,727,45,682,元大證券,2023-01-31,9800
00895,富邦未來車,698,33,665,元大證券,2023-01-31,9800
6488,環球晶,630,1,629,元大證券,2023-01-31,9800
00648R,元大S＆P500反1,1013,401,612,元大證券,2023-01-31,9800
2890,永豐金,809,207,602,元大證券,2023-01-31,9800
2888,新光金,598,0,598,元大證券,2023-01-31,9800
2412,中華電,709,134,575,元大證券,2023-01-31,9800
2883,凱基金,583,13,570,元大證券,2023-01-31,9800
00915,凱基優選高股息30,621,79,542,元大證券,2023-01-31,9800
2002,中鋼,505,24,481,元大證券,2023-01-31,9800
2884,玉山金,640,167,473,元大證券,2023-01-31,9800
00919,群益台灣精選高息,530,64,466,元大證券,2023-01-31,9800
00896,中信綠能及電動車,617,160,457,元大證券,2023-01-31,9800
00920,富邦ESG綠色電力,529,90,439,元大證券,2023-01-31,9800
5880,合庫金,610,183,427,元大證券,2023-01-31,9800
2887,台新金,428,16,412,元大證券,2023-01-31,9800
6781,AES-KY,435,26,409,元大證券,2023-01-31,9800
2377,微星,562,157,405,元大證券,2023-01-31,9800
00728,第一金工業30,664,270,394,元大證券,2023-01-31,9800
00898,國泰基因免疫革命,916,541,375,元大證券,2023-01-31,9800
00632R,元大台灣50反1,29762,29393,369,元大證券,2023-01-31,9800
00892,富邦台灣半導體,901,545,356,元大證券,2023-01-31,9800
2347,聯強,400,50,350,元大證券,2023-01-31,9800
2474,可成,355,14,341,元大證券,2023-01-31,9800
2618,長榮航,445,108,337,元大證券,2023-01-31,9800
2308,台達電,322,4,318,元大證券,2023-01-31,9800
00636,國泰中國A50,459,148,311,元大證券,2023-01-31,9800
00632R,元大台灣50反1,34416,17609,16807,元大證券,2023-02-01,9800
2303,聯電,8740,856,7884,元大證券,2023-02-01,9800
00664R,國泰臺灣加權反1,3893,401,3492,元大證券,2023-02-01,9800
00728,第一金工業30,1976,8,1968,元大證券,2023-02-01,9800
2323,中環,1188,5,1183,元大證券,2023-02-01,9800
00753L,中信中國50正2,2146,972,1174,元大證券,2023-02-01,9800
2618,長榮航,2081,997,1084,元大證券,2023-02-01,9800
6282,康舒,1766,705,1061,元大證券,2023-02-01,9800
2344,華邦電,1244,192,1052,元大證券,2023-02-01,9800
00670L,富邦NASDAQ正2,1224,240,984,元大證券,2023-02-01,9800
00713,元大台灣高息低波,1398,416,982,元大證券,2023-02-01,9800
00665L,富邦�琤肭磪囓�2,4521,3714,807,元大證券,2023-02-01,9800
00893,國泰智能電動車,2029,1228,801,元大證券,2023-02-01,9800
3037,欣興,1157,421,736,元大證券,2023-02-01,9800
00878,國泰永續高股息,1821,1089,732,元大證券,2023-02-01,9800
4919,新唐,904,172,732,元大證券,2023-02-01,9800
020022,元大電動車N,684,18,666,元大證券,2023-02-01,9800
8358,金居,704,82,622,元大證券,2023-02-01,9800
00642U,期元大S＆P石油,546,19,527,元大證券,2023-02-01,9800
00662,富邦NASDAQ,530,9,521,元大證券,2023-02-01,9800
2727,王品,805,302,503,元大證券,2023-02-01,9800
00898,國泰基因免疫革命,494,0,494,元大證券,2023-02-01,9800
00675L,富邦臺灣加權正2,782,316,466,元大證券,2023-02-01,9800
6488,環球晶,467,11,456,元大證券,2023-02-01,9800
8069,元太,705,262,443,元大證券,2023-02-01,9800
2883,凱基金,593,152,441,元大證券,2023-02-01,9800
3017,奇鋐,815,386,429,元大證券,2023-02-01,9800
2885,元大金,497,109,388,元大證券,2023-02-01,9800
2884,玉山金,465,79,386,元大證券,2023-02-01,9800
00881,國泰台灣5G+,892,508,384,元大證券,2023-02-01,9800
2801,彰銀,367,30,337,元大證券,2023-02-01,9800
3711,日月光投控,530,193,337,元大證券,2023-02-01,9800
006205,富邦上証,580,250,330,元大證券,2023-02-01,9800
2201,裕隆,877,552,325,元大證券,2023-02-01,9800
5425,台半,748,426,322,元大證券,2023-02-01,9800
020028,元大特選電動車N,346,34,312,元大證券,2023-02-01,9800
00689R,國泰20年美債反1,316,9,307,元大證券,2023-02-01,9800
00757,統一FANG+,305,5,300,元大證券,2023-02-01,9800
2353,宏��,353,53,300,元大證券,2023-02-01,9800
1305,華夏,310,14,296,元大證券,2023-02-01,9800
3264,欣銓,313,18,295,元大證券,2023-02-01,9800
2027,大成鋼,384,92,292,元大證券,2023-02-01,9800
00715L,期街口布蘭特正2,2413,2138,275,元大證券,2023-02-01,9800
00892,富邦台灣半導體,752,499,253,元大證券,2023-02-01,9800
2382,廣達,252,14,238,元大證券,2023-02-01,9800
4746,台耀,222,2,220,元大證券,2023-02-01,9800
00652,富邦印度,231,20,211,元大證券,2023-02-01,9800
00877,復華中國5G,206,0,206,元大證券,2023-02-01,9800
3034,聯詠,299,100,199,元大證券,2023-02-01,9800
3189,景碩,232,40,192,元大證券,2023-02-01,9800
00673R,期元大S＆P原油反1,6082,880,5202,元大證券,2023-02-02,9800
0056,元大高股息,4436,69,4367,元大證券,2023-02-02,9800
00830,國泰費城半導體,4147,21,4126,元大證券,2023-02-02,9800
00881,國泰台灣5G+,2933,699,2234,元大證券,2023-02-02,9800
6118,建達,2247,16,2231,元大證券,2023-02-02,9800
00670L,富邦NASDAQ正2,2080,440,1640,元大證券,2023-02-02,9800
00891,中信關鍵半導體,2750,1125,1625,元大證券,2023-02-02,9800
0050,元大台灣50,2082,821,1261,元大證券,2023-02-02,9800
00713,元大台灣高息低波,1712,452,1260,元大證券,2023-02-02,9800
2323,中環,1205,18,1187,元大證券,2023-02-02,9800
00900,富邦特選高股息30,3245,2068,1177,元大證券,2023-02-02,9800
00757,統一FANG+,1151,0,1151,元大證券,2023-02-02,9800
2388,威盛,2772,1759,1013,元大證券,2023-02-02,9800
00706L,期元大S＆P日圓正2,1056,55,1001,元大證券,2023-02-02,9800
6282,康舒,1363,502,861,元大證券,2023-02-02,9800
00894,中信小資高價30,1025,169,856,元大證券,2023-02-02,9800
00892,富邦台灣半導體,1572,717,855,元大證券,2023-02-02,9800
020022,元大電動車N,809,47,762,元大證券,2023-02-02,9800
3711,日月光投控,1036,290,746,元大證券,2023-02-02,9800
2317,鴻海,952,209,743,元大證券,2023-02-02,9800
2002,中鋼,1007,331,676,元大證券,2023-02-02,9800
020023,元大櫃買半導體N,729,172,557,元大證券,2023-02-02,9800
020028,元大特選電動車N,613,66,547,元大證券,2023-02-02,9800
00877,復華中國5G,540,0,540,元大證券,2023-02-02,9800
00893,國泰智能電動車,2850,2313,537,元大證券,2023-02-02,9800
2637,慧洋-KY,596,59,537,元大證券,2023-02-02,9800
3141,晶宏,788,255,533,元大證券,2023-02-02,9800
2498,宏達電,1373,847,526,元大證券,2023-02-02,9800
00708L,期元大S＆P黃金正2,542,59,483,元大證券,2023-02-02,9800
6443,元晶,543,86,457,元大證券,2023-02-02,9800
00728,第一金工業30,458,15,443,元大證券,2023-02-02,9800
00641R,富邦日本反1,414,0,414,元大證券,2023-02-02,9800
2354,鴻準,521,115,406,元大證券,2023-02-02,9800
5425,台半,776,372,404,元大證券,2023-02-02,9800
00915,凱基優選高股息30,426,33,393,元大證券,2023-02-02,9800
6488,環球晶,425,35,390,元大證券,2023-02-02,9800
00651R,復華香港反1,856,467,389,元大證券,2023-02-02,9800
2882,國泰金,626,254,372,元大證券,2023-02-02,9800
00654R,富邦印度反1,424,53,371,元大證券,2023-02-02,9800
020034,元大IC設計N,461,96,365,元大證券,2023-02-02,9800
2351,順德,379,18,361,元大證券,2023-02-02,9800
3443,創意,928,589,339,元大證券,2023-02-02,9800
00753L,中信中國50正2,1653,1317,336,元大證券,2023-02-02,9800
00635U,期元大S＆P黃金,335,0,335,元大證券,2023-02-02,9800
00683L,期元大美元指正2,471,139,332,元大證券,2023-02-02,9800
3006,晶豪科,1291,961,330,元大證券,2023-02-02,9800
00896,中信綠能及電動車,538,223,315,元大證券,2023-02-02,9800
00662,富邦NASDAQ,491,184,307,元大證券,2023-02-02,9800
00681R,元大美債20反1,314,15,299,元大證券,2023-02-02,9800
00850,元大臺灣ESG永續,295,9,286,元大證券,2023-02-02,9800
00673R,期元大S＆P原油反1,5577,0,5577,元大證券,2023-02-03,9800
00893,國泰智能電動車,5793,428,5365,元大證券,2023-02-03,9800
00830,國泰費城半導體,4495,995,3500,元大證券,2023-02-03,9800
00664R,國泰臺灣加權反1,4856,1447,3409,元大證券,2023-02-03,9800
00891,中信關鍵半導體,3608,220,3388,元大證券,2023-02-03,9800
00670L,富邦NASDAQ正2,2192,102,2090,元大證券,2023-02-03,9800
00903,富邦元宇宙,1932,111,1821,元大證券,2023-02-03,9800
6282,康舒,2287,515,1772,元大證券,2023-02-03,9800
00713,元大台灣高息低波,1925,169,1756,元大證券,2023-02-03,9800
00895,富邦未來車,2237,500,1737,元大證券,2023-02-03,9800
0050,元大台灣50,1934,330,1604,元大證券,2023-02-03,9800
00757,統一FANG+,1552,0,1552,元大證券,2023-02-03,9800
1783,和康生,1385,3,1382,元大證券,2023-02-03,9800
2376,技嘉,1208,98,1110,元大證券,2023-02-03,9800
0056,元大高股息,1226,120,1106,元大證券,2023-02-03,9800
00881,國泰台灣5G+,1046,25,1021,元大證券,2023-02-03,9800
6104,創惟,2570,1680,890,元大證券,2023-02-03,9800
00631L,元大台灣50正2,1623,748,875,元大證券,2023-02-03,9800
8069,元太,1081,305,776,元大證券,2023-02-03,9800
2344,華邦電,1172,412,760,元大證券,2023-02-03,9800
2317,鴻海,708,43,665,元大證券,2023-02-03,9800
6488,環球晶,693,31,662,元大證券,2023-02-03,9800
1605,華新,1502,879,623,元大證券,2023-02-03,9800
00902,中信電池及儲能,2295,1710,585,元大證券,2023-02-03,9800
00892,富邦台灣半導體,981,454,527,元大證券,2023-02-03,9800
00920,富邦ESG綠色電力,588,62,526,元大證券,2023-02-03,9800
2382,廣達,600,86,514,元大證券,2023-02-03,9800
3035,智原,1466,952,514,元大證券,2023-02-03,9800
020028,元大特選電動車N,509,14,495,元大證券,2023-02-03,9800
00668,國泰美國道瓊,373,1,372,元大證券,2023-02-03,9800
020022,元大電動車N,409,40,369,元大證券,2023-02-03,9800
00728,第一金工業30,361,2,359,元大證券,2023-02-03,9800
3013,晟銘電,714,363,351,元大證券,2023-02-03,9800
00706L,期元大S＆P日圓正2,349,0,349,元大證券,2023-02-03,9800
00896,中信綠能及電動車,395,68,327,元大證券,2023-02-03,9800
00651R,復華香港反1,1075,751,324,元大證券,2023-02-03,9800
6244,茂迪,337,15,322,元大證券,2023-02-03,9800
6279,胡連,304,21,283,元大證券,2023-02-03,9800
00681R,元大美債20反1,327,55,272,元大證券,2023-02-03,9800
00894,中信小資高價30,274,20,254,元大證券,2023-02-03,9800
00909,國泰數位支付服務,283,31,252,元大證券,2023-02-03,9800
2377,微星,268,22,246,元大證券,2023-02-03,9800
00656R,國泰中國A50反1,379,143,236,元大證券,2023-02-03,9800
006208,富邦台50,328,110,218,元大證券,2023-02-03,9800
00915,凱基優選高股息30,405,189,216,元大證券,2023-02-03,9800
00898,國泰基因免疫革命,217,1,216,元大證券,2023-02-03,9800
00654R,富邦印度反1,289,77,212,元大證券,2023-02-03,9800
3045,台灣大,255,47,208,元大證券,2023-02-03,9800
00662,富邦NASDAQ,476,281,195,元大證券,2023-02-03,9800
00646,元大S＆P500,184,1,183,元大證券,2023-02-03,9800
00632R,元大台灣50反1,29933,6371,23562,元大證券,2023-02-06,9800
00673R,期元大S＆P原油反1,19975,42,19933,元大證券,2023-02-06,9800
2748,雲品,1941,59,1882,元大證券,2023-02-06,9800
2303,聯電,1989,531,1458,元大證券,2023-02-06,9800
00664R,國泰臺灣加權反1,1987,648,1339,元大證券,2023-02-06,9800
3481,群創,1666,564,1102,元大證券,2023-02-06,9800
2498,宏達電,2212,1114,1098,元大證券,2023-02-06,9800
00655L,國泰中國A50正2,1828,866,962,元大證券,2023-02-06,9800
00903,富邦元宇宙,895,101,794,元大證券,2023-02-06,9800
6488,環球晶,604,11,593,元大證券,2023-02-06,9800
3711,日月光投控,676,124,552,元大證券,2023-02-06,9800
2618,長榮航,668,121,547,元大證券,2023-02-06,9800
8069,元太,872,361,511,元大證券,2023-02-06,9800
00893,國泰智能電動車,1165,657,508,元大證券,2023-02-06,9800
2368,金像電,540,110,430,元大證券,2023-02-06,9800
020034,元大IC設計N,636,231,405,元大證券,2023-02-06,9800
2330,台積電,504,101,403,元大證券,2023-02-06,9800
2891,中信金,1354,958,396,元大證券,2023-02-06,9800
00915,凱基優選高股息30,430,102,328,元大證券,2023-02-06,9800
2328,廣宇,403,83,320,元大證券,2023-02-06,9800
020028,元大特選電動車N,290,16,274,元大證券,2023-02-06,9800
00852L,國泰美國道瓊正2,268,1,267,元大證券,2023-02-06,9800
020022,元大電動車N,327,64,263,元大證券,2023-02-06,9800
3264,欣銓,335,86,249,元大證券,2023-02-06,9800
00634R,富邦上証反1,304,63,241,元大證券,2023-02-06,9800
00651R,復華香港反1,672,435,237,元大證券,2023-02-06,9800
1301,台塑,255,32,223,元大證券,2023-02-06,9800
00641R,富邦日本反1,229,8,221,元大證券,2023-02-06,9800
00687B,國泰20年美債,457,238,219,元大證券,2023-02-06,9800
00712,復華富時不動產,221,10,211,元大證券,2023-02-06,9800
0052,富邦科技,246,46,200,元大證券,2023-02-06,9800
3034,聯詠,236,44,192,元大證券,2023-02-06,9800
6443,元晶,206,14,192,元大證券,2023-02-06,9800
2885,元大金,230,45,185,元大證券,2023-02-06,9800
3047,訊舟,231,49,182,元大證券,2023-02-06,9800
1101,台泥,1004,826,178,元大證券,2023-02-06,9800
6282,康舒,507,332,175,元大證券,2023-02-06,9800
00656R,國泰中國A50反1,174,22,152,元大證券,2023-02-06,9800
2230,泰茂,241,91,150,元大證券,2023-02-06,9800
020027,元大上櫃ESG成長N,160,10,150,元大證券,2023-02-06,9800
00876,元大全球5G,176,27,149,元大證券,2023-02-06,9800
006201,元大富櫃50,510,364,146,元大證券,2023-02-06,9800
2886,兆豐金,900,758,142,元大證券,2023-02-06,9800
2353,宏��,1053,914,139,元大證券,2023-02-06,9800
5880,合庫金,241,102,139,元大證券,2023-02-06,9800
2324,仁寶,1435,1301,134,元大證券,2023-02-06,9800
00757,統一FANG+,167,34,133,元大證券,2023-02-06,9800
00662,富邦NASDAQ,236,108,128,元大證券,2023-02-06,9800
00895,富邦未來車,326,201,125,元大證券,2023-02-06,9800
00885,富邦越南,839,714,125,元大證券,2023-02-06,9800
00632R,元大台灣50反1,12556,2953,9603,元大證券,2023-02-07,9800
00673R,期元大S＆P原油反1,5866,335,5531,元大證券,2023-02-07,9800
00664R,國泰臺灣加權反1,4888,286,4602,元大證券,2023-02-07,9800
2886,兆豐金,1424,24,1400,元大證券,2023-02-07,9800
00878,國泰永續高股息,3485,2282,1203,元大證券,2023-02-07,9800
00648R,元大S＆P500反1,1096,73,1023,元大證券,2023-02-07,9800
3481,群創,2874,2148,726,元大證券,2023-02-07,9800
00900,富邦特選高股息30,1496,781,715,元大證券,2023-02-07,9800
00882,中信中國高股息,1811,1097,714,元大證券,2023-02-07,9800
00708L,期元大S＆P黃金正2,641,43,598,元大證券,2023-02-07,9800
5009,榮剛,601,18,583,元大證券,2023-02-07,9800
1795,美時,876,379,497,元大證券,2023-02-07,9800
00893,國泰智能電動車,869,434,435,元大證券,2023-02-07,9800
020022,元大電動車N,423,14,409,元大證券,2023-02-07,9800
00650L,復華香港正2,2153,1745,408,元大證券,2023-02-07,9800
00663L,國泰臺灣加權正2,385,0,385,元大證券,2023-02-07,9800
2409,友達,619,274,345,元大證券,2023-02-07,9800
3105,穩懋,391,55,336,元大證券,2023-02-07,9800
00903,富邦元宇宙,559,250,309,元大證券,2023-02-07,9800
4114,健喬,707,435,272,元大證券,2023-02-07,9800
00636,國泰中國A50,357,98,259,元大證券,2023-02-07,9800
2324,仁寶,303,45,258,元大證券,2023-02-07,9800
00674R,期元大S＆P黃金反1,280,24,256,元大證券,2023-02-07,9800
00919,群益台灣精選高息,399,151,248,元大證券,2023-02-07,9800
2330,台積電,351,103,248,元大證券,2023-02-07,9800
2888,新光金,283,46,237,元大證券,2023-02-07,9800
8046,南電,306,71,235,元大證券,2023-02-07,9800
2603,長榮,258,42,216,元大證券,2023-02-07,9800
5425,台半,362,147,215,元大證券,2023-02-07,9800
00888,永豐台灣ESG,228,17,211,元大證券,2023-02-07,9800
6182,合晶,215,9,206,元大證券,2023-02-07,9800
00675L,富邦臺灣加權正2,366,162,204,元大證券,2023-02-07,9800
8341,日友,212,10,202,元大證券,2023-02-07,9800
8044,網家,201,8,193,元大證券,2023-02-07,9800
2801,彰銀,186,1,185,元大證券,2023-02-07,9800
3324,雙鴻,209,27,182,元大證券,2023-02-07,9800
3006,晶豪科,275,93,182,元大證券,2023-02-07,9800
3035,智原,324,147,177,元大證券,2023-02-07,9800
00739,元大MSCI A股,170,0,170,元大證券,2023-02-07,9800
00651R,復華香港反1,802,635,167,元大證券,2023-02-07,9800
1701,中化,191,29,162,元大證券,2023-02-07,9800
6245,立端,202,41,161,元大證券,2023-02-07,9800
2609,陽明,190,31,159,元大證券,2023-02-07,9800
00670L,富邦NASDAQ正2,159,0,159,元大證券,2023-02-07,9800
8358,金居,191,33,158,元大證券,2023-02-07,9800
00757,統一FANG+,153,0,153,元大證券,2023-02-07,9800
3037,欣興,387,237,150,元大證券,2023-02-07,9800
3022,威強電,306,159,147,元大證券,2023-02-07,9800
00688L,國泰20年美債正2,293,151,142,元大證券,2023-02-07,9800
00725B,國泰投資級公司債,135,2,133,元大證券,2023-02-07,9800
00715L,期街口布蘭特正2,3655,1192,2463,元大證券,2023-02-08,9800
00881,國泰台灣5G+,2753,624,2129,元大證券,2023-02-08,9800
00891,中信關鍵半導體,2255,539,1716,元大證券,2023-02-08,9800
00642U,期元大S＆P石油,1958,547,1411,元大證券,2023-02-08,9800
00900,富邦特選高股息30,2001,926,1075,元大證券,2023-02-08,9800
2382,廣達,1025,23,1002,元大證券,2023-02-08,9800
3481,群創,3753,2862,891,元大證券,2023-02-08,9800
00648R,元大S＆P500反1,919,86,833,元大證券,2023-02-08,9800
0050,元大台灣50,809,107,702,元大證券,2023-02-08,9800
6138,茂達,736,37,699,元大證券,2023-02-08,9800
00670L,富邦NASDAQ正2,724,70,654,元大證券,2023-02-08,9800
00882,中信中國高股息,2082,1497,585,元大證券,2023-02-08,9800
00728,第一金工業30,580,0,580,元大證券,2023-02-08,9800
020022,元大電動車N,593,20,573,元大證券,2023-02-08,9800
5347,世界,531,46,485,元大證券,2023-02-08,9800
00757,統一FANG+,489,29,460,元大證券,2023-02-08,9800
00692,富邦公司治理,522,68,454,元大證券,2023-02-08,9800
00675L,富邦臺灣加權正2,556,102,454,元大證券,2023-02-08,9800
6770,力積電,501,60,441,元大證券,2023-02-08,9800
006208,富邦台50,496,80,416,元大證券,2023-02-08,9800
2317,鴻海,922,506,416,元大證券,2023-02-08,9800
00919,群益台灣精選高息,523,110,413,元大證券,2023-02-08,9800
00631L,元大台灣50正2,1259,851,408,元大證券,2023-02-08,9800
00894,中信小資高價30,494,87,407,元大證券,2023-02-08,9800
2324,仁寶,422,25,397,元大證券,2023-02-08,9800
2449,京元電子,404,18,386,元大證券,2023-02-08,9800
00896,中信綠能及電動車,491,116,375,元大證券,2023-02-08,9800
5425,台半,716,353,363,元大證券,2023-02-08,9800
3017,奇鋐,520,166,354,元大證券,2023-02-08,9800
00706L,期元大S＆P日圓正2,766,430,336,元大證券,2023-02-08,9800
3059,華晶科,556,222,334,元大證券,2023-02-08,9800
00895,富邦未來車,515,193,322,元大證券,2023-02-08,9800
2401,凌陽,353,38,315,元大證券,2023-02-08,9800
3035,智原,1121,818,303,元大證券,2023-02-08,9800
8028,昇陽半導體,302,16,286,元大證券,2023-02-08,9800
2353,宏��,308,25,283,元大證券,2023-02-08,9800
00634R,富邦上証反1,283,0,283,元大證券,2023-02-08,9800
00888,永豐台灣ESG,396,126,270,元大證券,2023-02-08,9800
00687B,國泰20年美債,341,73,268,元大證券,2023-02-08,9800
6505,台塑化,302,35,267,元大證券,2023-02-08,9800
020028,元大特選電動車N,269,14,255,元大證券,2023-02-08,9800
00663L,國泰臺灣加權正2,242,1,241,元大證券,2023-02-08,9800
00898,國泰基因免疫革命,242,1,241,元大證券,2023-02-08,9800
2618,長榮航,328,97,231,元大證券,2023-02-08,9800
00850,元大臺灣ESG永續,231,8,223,元大證券,2023-02-08,9800
5309,系統電,225,21,204,元大證券,2023-02-08,9800
2344,華邦電,548,344,204,元大證券,2023-02-08,9800
3443,創意,561,361,200,元大證券,2023-02-08,9800
3025,星通,235,35,200,元大證券,2023-02-08,9800
00674R,期元大S＆P黃金反1,338,140,198,元大證券,2023-02-08,9800
00637L,元大滬深300正2,21046,12833,8213,元大證券,2023-02-09,9800
00715L,期街口布蘭特正2,6573,25,6548,元大證券,2023-02-09,9800
00676R,富邦臺灣加權反1,3330,784,2546,元大證券,2023-02-09,9800
2303,聯電,2980,821,2159,元大證券,2023-02-09,9800
00665L,富邦�琤肭磪囓�2,4728,2660,2068,元大證券,2023-02-09,9800
00642U,期元大S＆P石油,1898,50,1848,元大證券,2023-02-09,9800
00664R,國泰臺灣加權反1,1958,502,1456,元大證券,2023-02-09,9800
00669R,國泰美國道瓊反1,1877,438,1439,元大證券,2023-02-09,9800
00877,復華中國5G,1315,0,1315,元大證券,2023-02-09,9800
0050,元大台灣50,2122,904,1218,元大證券,2023-02-09,9800
00633L,富邦上証正2,2616,1728,888,元大證券,2023-02-09,9800
6282,康舒,1104,241,863,元大證券,2023-02-09,9800
00656R,國泰中國A50反1,888,44,844,元大證券,2023-02-09,9800
6266,泰詠,711,0,711,元大證券,2023-02-09,9800
2609,陽明,825,161,664,元大證券,2023-02-09,9800
5425,台半,1128,500,628,元大證券,2023-02-09,9800
2634,漢翔,729,119,610,元大證券,2023-02-09,9800
00674R,期元大S＆P黃金反1,609,42,567,元大證券,2023-02-09,9800
00753L,中信中國50正2,1609,1086,523,元大證券,2023-02-09,9800
020034,元大IC設計N,700,204,496,元大證券,2023-02-09,9800
3037,欣興,669,188,481,元大證券,2023-02-09,9800
6235,華孚,1693,1235,458,元大證券,2023-02-09,9800
00675L,富邦臺灣加權正2,567,114,453,元大證券,2023-02-09,9800
8069,元太,686,246,440,元大證券,2023-02-09,9800
00903,富邦元宇宙,480,40,440,元大證券,2023-02-09,9800
00655L,國泰中國A50正2,981,550,431,元大證券,2023-02-09,9800
2606,裕民,438,11,427,元大證券,2023-02-09,9800
00648R,元大S＆P500反1,396,7,389,元大證券,2023-02-09,9800
1605,華新,672,305,367,元大證券,2023-02-09,9800
020028,元大特選電動車N,383,20,363,元大證券,2023-02-09,9800
2425,承啟,1047,696,351,元大證券,2023-02-09,9800
3454,晶睿,510,171,339,元大證券,2023-02-09,9800
2201,裕隆,441,126,315,元大證券,2023-02-09,9800
3013,晟銘電,505,196,309,元大證券,2023-02-09,9800
00706L,期元大S＆P日圓正2,425,117,308,元大證券,2023-02-09,9800
00687B,國泰20年美債,417,122,295,元大證券,2023-02-09,9800
3264,欣銓,315,30,285,元大證券,2023-02-09,9800
00651R,復華香港反1,708,429,279,元大證券,2023-02-09,9800
00891,中信關鍵半導體,1887,1641,246,元大證券,2023-02-09,9800
2454,聯發科,293,48,245,元大證券,2023-02-09,9800
00631L,元大台灣50正2,725,503,222,元大證券,2023-02-09,9800
3027,盛達,599,385,214,元大證券,2023-02-09,9800
2449,京元電子,217,5,212,元大證券,2023-02-09,9800
006206,元大上證50,180,3,177,元大證券,2023-02-09,9800
1609,大亞,186,14,172,元大證券,2023-02-09,9800
2881A,富邦特,152,0,152,元大證券,2023-02-09,9800
2324,仁寶,479,332,147,元大證券,2023-02-09,9800
4743,合一,405,263,142,元大證券,2023-02-09,9800
3034,聯詠,246,105,141,元大證券,2023-02-09,9800
4915,致伸,142,3,139,元大證券,2023-02-09,9800
2382,廣達,2426,355,2071,元大證券,2023-02-10,9800
00895,富邦未來車,1933,160,1773,元大證券,2023-02-10,9800
00669R,國泰美國道瓊反1,2052,694,1358,元大證券,2023-02-10,9800
3481,群創,3499,2331,1168,元大證券,2023-02-10,9800
00888,永豐台灣ESG,1293,438,855,元大證券,2023-02-10,9800
2637,慧洋-KY,777,20,757,元大證券,2023-02-10,9800
00830,國泰費城半導體,683,0,683,元大證券,2023-02-10,9800
00903,富邦元宇宙,616,4,612,元大證券,2023-02-10,9800
2201,裕隆,1229,774,455,元大證券,2023-02-10,9800
00631L,元大台灣50正2,1046,593,453,元大證券,2023-02-10,9800
2425,承啟,1047,621,426,元大證券,2023-02-10,9800
00881,國泰台灣5G+,1311,911,400,元大證券,2023-02-10,9800
2303,聯電,1308,945,363,元大證券,2023-02-10,9800
00877,復華中國5G,679,355,324,元大證券,2023-02-10,9800
00876,元大全球5G,304,1,303,元大證券,2023-02-10,9800
020034,元大IC設計N,371,70,301,元大證券,2023-02-10,9800
00896,中信綠能及電動車,626,336,290,元大證券,2023-02-10,9800
00901,永豐智能車供應鏈,303,13,290,元大證券,2023-02-10,9800
00897,富邦基因免疫生技,526,243,283,元大證券,2023-02-10,9800
00757,統一FANG+,337,64,273,元大證券,2023-02-10,9800
2634,漢翔,1019,751,268,元大證券,2023-02-10,9800
2449,京元電子,261,27,234,元大證券,2023-02-10,9800
1342,八貫,1549,1325,224,元大證券,2023-02-10,9800
2049,上銀,247,40,207,元大證券,2023-02-10,9800
2603,長榮,750,545,205,元大證券,2023-02-10,9800
3711,日月光投控,347,148,199,元大證券,2023-02-10,9800
00634R,富邦上証反1,216,30,186,元大證券,2023-02-10,9800
020022,元大電動車N,212,28,184,元大證券,2023-02-10,9800
00692,富邦公司治理,454,293,161,元大證券,2023-02-10,9800
2328,廣宇,197,36,161,元大證券,2023-02-10,9800
00902,中信電池及儲能,399,243,156,元大證券,2023-02-10,9800
5483,中美晶,195,44,151,元大證券,2023-02-10,9800
00651R,復華香港反1,236,90,146,元大證券,2023-02-10,9800
2885,元大金,158,14,144,元大證券,2023-02-10,9800
3675,德微,156,18,138,元大證券,2023-02-10,9800
020027,元大上櫃ESG成長N,163,31,132,元大證券,2023-02-10,9800
6138,茂達,249,118,131,元大證券,2023-02-10,9800
00892,富邦台灣半導體,1332,1201,131,元大證券,2023-02-10,9800
6130,上亞科技,130,0,130,元大證券,2023-02-10,9800
006208,富邦台50,379,252,127,元大證券,2023-02-10,9800
6806,森崴能源,197,75,122,元大證券,2023-02-10,9800
6285,啟��,138,16,122,元大證券,2023-02-10,9800
3479,安勤,760,647,113,元大證券,2023-02-10,9800
3443,創意,632,521,111,元大證券,2023-02-10,9800
8927,北基,117,6,111,元大證券,2023-02-10,9800
5347,世界,223,112,111,元大證券,2023-02-10,9800
00894,中信小資高價30,489,379,110,元大證券,2023-02-10,9800
00642U,期元大S＆P石油,877,767,110,元大證券,2023-02-10,9800
00738U,期元大道瓊白銀,336,226,110,元大證券,2023-02-10,9800
6205,詮欣,121,15,106,元大證券,2023-02-10,9800
00637L,元大滬深300正2,27663,12034,15629,元大證券,2023-02-13,9800
8222,寶一,13177,8766,4411,元大證券,2023-02-13,9800
00715L,期街口布蘭特正2,4796,1210,3586,元大證券,2023-02-13,9800
00665L,富邦�琤肭磪囓�2,6776,4091,2685,元大證券,2023-02-13,9800
00642U,期元大S＆P石油,2812,224,2588,元大證券,2023-02-13,9800
00676R,富邦臺灣加權反1,3376,1291,2085,元大證券,2023-02-13,9800
00633L,富邦上証正2,3805,2022,1783,元大證券,2023-02-13,9800
2014,中鴻,1466,61,1405,元大證券,2023-02-13,9800
00631L,元大台灣50正2,1753,735,1018,元大證券,2023-02-13,9800
5009,榮剛,737,114,623,元大證券,2023-02-13,9800
00655L,國泰中國A50正2,1057,446,611,元大證券,2023-02-13,9800
2382,廣達,886,282,604,元大證券,2023-02-13,9800
00903,富邦元宇宙,618,84,534,元大證券,2023-02-13,9800
006205,富邦上証,728,300,428,元大證券,2023-02-13,9800
00651R,復華香港反1,697,269,428,元大證券,2023-02-13,9800
00895,富邦未來車,476,82,394,元大證券,2023-02-13,9800
00670L,富邦NASDAQ正2,946,566,380,元大證券,2023-02-13,9800
6285,啟��,395,16,379,元大證券,2023-02-13,9800
00636,國泰中國A50,391,61,330,元大證券,2023-02-13,9800
6290,良維,324,37,287,元大證券,2023-02-13,9800
2498,宏達電,649,382,267,元大證券,2023-02-13,9800
00654R,富邦印度反1,287,21,266,元大證券,2023-02-13,9800
2449,京元電子,280,29,251,元大證券,2023-02-13,9800
020022,元大電動車N,244,6,238,元大證券,2023-02-13,9800
3594,磐儀,276,70,206,元大證券,2023-02-13,9800
00909,國泰數位支付服務,191,1,190,元大證券,2023-02-13,9800
3062,建漢,206,16,190,元大證券,2023-02-13,9800
2455,全新,225,48,177,元大證券,2023-02-13,9800
3059,華晶科,194,21,173,元大證券,2023-02-13,9800
4743,合一,185,12,173,元大證券,2023-02-13,9800
4114,健喬,792,621,171,元大證券,2023-02-13,9800
00830,國泰費城半導體,636,469,167,元大證券,2023-02-13,9800
2885,元大金,213,55,158,元大證券,2023-02-13,9800
1304,台聚,202,46,156,元大證券,2023-02-13,9800
00919,群益台灣精選高息,505,358,147,元大證券,2023-02-13,9800
2425,承啟,403,258,145,元大證券,2023-02-13,9800
3491,昇達科,213,68,145,元大證券,2023-02-13,9800
2206,三陽工業,180,36,144,元大證券,2023-02-13,9800
6517,保勝光學,140,0,140,元大證券,2023-02-13,9800
4942,嘉彰,141,5,136,元大證券,2023-02-13,9800
00908,富邦入息REITs+,136,0,136,元大證券,2023-02-13,9800
3432,台端,166,33,133,元大證券,2023-02-13,9800
6239,力成,182,52,130,元大證券,2023-02-13,9800
3207,耀勝,728,601,127,元大證券,2023-02-13,9800
00876,元大全球5G,127,6,121,元大證券,2023-02-13,9800
00898,國泰基因免疫革命,120,1,119,元大證券,2023-02-13,9800
3006,晶豪科,272,155,117,元大證券,2023-02-13,9800
00662,富邦NASDAQ,137,25,112,元大證券,2023-02-13,9800
4960,誠美材,133,24,109,元大證券,2023-02-13,9800
00635U,期元大S＆P黃金,138,32,106,元大證券,2023-02-13,9800
3481,群創,3855,1062,2793,元大證券,2023-02-14,9800
00642U,期元大S＆P石油,2727,98,2629,元大證券,2023-02-14,9800
00715L,期街口布蘭特正2,2661,953,1708,元大證券,2023-02-14,9800
00881,國泰台灣5G+,2066,403,1663,元大證券,2023-02-14,9800
00891,中信關鍵半導體,1871,659,1212,元大證券,2023-02-14,9800
0050,元大台灣50,1020,7,1013,元大證券,2023-02-14,9800
00900,富邦特選高股息30,1710,833,877,元大證券,2023-02-14,9800
00896,中信綠能及電動車,990,115,875,元大證券,2023-02-14,9800
00878,國泰永續高股息,7806,6984,822,元大證券,2023-02-14,9800
2886,兆豐金,714,18,696,元大證券,2023-02-14,9800
00692,富邦公司治理,664,44,620,元大證券,2023-02-14,9800
2603,長榮,779,217,562,元大證券,2023-02-14,9800
2382,廣達,551,2,549,元大證券,2023-02-14,9800
2330,台積電,914,378,536,元大證券,2023-02-14,9800
00919,群益台灣精選高息,402,31,371,元大證券,2023-02-14,9800
006208,富邦台50,481,114,367,元大證券,2023-02-14,9800
00905,FT臺灣Smart,347,0,347,元大證券,2023-02-14,9800
00888,永豐台灣ESG,453,115,338,元大證券,2023-02-14,9800
3675,德微,433,124,309,元大證券,2023-02-14,9800
00897,富邦基因免疫生技,331,24,307,元大證券,2023-02-14,9800
00850,元大臺灣ESG永續,305,1,304,元大證券,2023-02-14,9800
00674R,期元大S＆P黃金反1,278,1,277,元大證券,2023-02-14,9800
020022,元大電動車N,302,27,275,元大證券,2023-02-14,9800
020029,元大ESG高股息N,280,5,275,元大證券,2023-02-14,9800
3231,緯創,269,8,261,元大證券,2023-02-14,9800
1301,台塑,270,13,257,元大證券,2023-02-14,9800
3024,憶聲,338,82,256,元大證券,2023-02-14,9800
2409,友達,614,368,246,元大證券,2023-02-14,9800
2610,華航,353,115,238,元大證券,2023-02-14,9800
00892,富邦台灣半導體,539,312,227,元大證券,2023-02-14,9800
3438,類比科,263,37,226,元大證券,2023-02-14,9800
3260,威剛,360,137,223,元大證券,2023-02-14,9800
2449,京元電子,223,1,222,元大證券,2023-02-14,9800
2888,新光金,230,23,207,元大證券,2023-02-14,9800
00877,復華中國5G,257,50,207,元大證券,2023-02-14,9800
6285,啟��,390,188,202,元大證券,2023-02-14,9800
00915,凱基優選高股息30,204,5,199,元大證券,2023-02-14,9800
00904,新光臺灣半導體30,223,28,195,元大證券,2023-02-14,9800
2498,宏達電,361,167,194,元大證券,2023-02-14,9800
2883B,凱基金乙特,186,0,186,元大證券,2023-02-14,9800
3406,玉晶光,301,115,186,元大證券,2023-02-14,9800
2609,陽明,298,113,185,元大證券,2023-02-14,9800
00725B,國泰投資級公司債,181,0,181,元大證券,2023-02-14,9800
2303,聯電,802,624,178,元大證券,2023-02-14,9800
0055,元大MSCI金融,175,2,173,元大證券,2023-02-14,9800
00662,富邦NASDAQ,175,2,173,元大證券,2023-02-14,9800
2492,華新科,184,12,172,元大證券,2023-02-14,9800
3289,宜特,332,163,169,元大證券,2023-02-14,9800
00675L,富邦臺灣加權正2,287,121,166,元大證券,2023-02-14,9800
00901,永豐智能車供應鏈,221,55,166,元大證券,2023-02-14,9800
00632R,元大台灣50反1,82179,14255,67924,元大證券,2023-02-15,9800
00664R,國泰臺灣加權反1,5622,557,5065,元大證券,2023-02-15,9800
2303,聯電,3979,493,3486,元大證券,2023-02-15,9800
00676R,富邦臺灣加權反1,5442,2258,3184,元大證券,2023-02-15,9800
3481,群創,8764,6098,2666,元大證券,2023-02-15,9800
00893,國泰智能電動車,2509,415,2094,元大證券,2023-02-15,9800
00830,國泰費城半導體,2018,0,2018,元大證券,2023-02-15,9800
00670L,富邦NASDAQ正2,1677,32,1645,元大證券,2023-02-15,9800
2883,凱基金,1666,42,1624,元大證券,2023-02-15,9800
00877,復華中國5G,1355,0,1355,元大證券,2023-02-15,9800
00679B,元大美債20年,1997,914,1083,元大證券,2023-02-15,9800
00665L,富邦�琤肭磪囓�2,6309,5358,951,元大證券,2023-02-15,9800
00637L,元大滬深300正2,14364,13493,871,元大證券,2023-02-15,9800
00903,富邦元宇宙,816,0,816,元大證券,2023-02-15,9800
020023,元大櫃買半導體N,2201,1519,682,元大證券,2023-02-15,9800
2618,長榮航,913,243,670,元大證券,2023-02-15,9800
1605,華新,1083,451,632,元大證券,2023-02-15,9800
3035,智原,677,94,583,元大證券,2023-02-15,9800
1101,台泥,721,148,573,元大證券,2023-02-15,9800
2382,廣達,653,110,543,元大證券,2023-02-15,9800
1301,台塑,518,26,492,元大證券,2023-02-15,9800
3665,貿聯-KY,487,3,484,元大證券,2023-02-15,9800
00757,統一FANG+,441,1,440,元大證券,2023-02-15,9800
2337,旺宏,552,137,415,元大證券,2023-02-15,9800
020034,元大IC設計N,742,349,393,元大證券,2023-02-15,9800
3037,欣興,583,212,371,元大證券,2023-02-15,9800
2449,京元電子,373,4,369,元大證券,2023-02-15,9800
00680L,元大美債20正2,1176,820,356,元大證券,2023-02-15,9800
00651R,復華香港反1,522,191,331,元大證券,2023-02-15,9800
00909,國泰數位支付服務,316,1,315,元大證券,2023-02-15,9800
0056,元大高股息,407,107,300,元大證券,2023-02-15,9800
00639,富邦深100,519,232,287,元大證券,2023-02-15,9800
3034,聯詠,527,253,274,元大證券,2023-02-15,9800
6116,彩晶,501,228,273,元大證券,2023-02-15,9800
3706,神達,348,81,267,元大證券,2023-02-15,9800
2376,技嘉,286,20,266,元大證券,2023-02-15,9800
1609,大亞,359,105,254,元大證券,2023-02-15,9800
2888,新光金,352,100,252,元大證券,2023-02-15,9800
00634R,富邦上証反1,241,9,232,元大證券,2023-02-15,9800
1504,東元,240,27,213,元大證券,2023-02-15,9800
00908,富邦入息REITs+,206,1,205,元大證券,2023-02-15,9800
3013,晟銘電,477,278,199,元大證券,2023-02-15,9800
00654R,富邦印度反1,338,140,198,元大證券,2023-02-15,9800
00653L,富邦印度正2,333,140,193,元大證券,2023-02-15,9800
2454,聯發科,345,154,191,元大證券,2023-02-15,9800
2606,裕民,188,4,184,元大證券,2023-02-15,9800
2377,微星,180,11,169,元大證券,2023-02-15,9800
00697B,元大美債7-10,209,40,169,元大證券,2023-02-15,9800
2886,兆豐金,168,2,166,元大證券,2023-02-15,9800
6182,合晶,161,12,149,元大證券,2023-02-15,9800
00637L,元大滬深300正2,27382,11371,16011,元大證券,2023-02-16,9800
3481,群創,5656,1272,4384,元大證券,2023-02-16,9800
0050,元大台灣50,5733,2134,3599,元大證券,2023-02-16,9800
2409,友達,4368,1043,3325,元大證券,2023-02-16,9800
00669R,國泰美國道瓊反1,3148,59,3089,元大證券,2023-02-16,9800
00664R,國泰臺灣加權反1,4608,1732,2876,元大證券,2023-02-16,9800
00715L,期街口布蘭特正2,2777,572,2205,元大證券,2023-02-16,9800
00650L,復華香港正2,2771,604,2167,元大證券,2023-02-16,9800
1605,華新,3250,1213,2037,元大證券,2023-02-16,9800
00665L,富邦�琤肭磪囓�2,3787,1887,1900,元大證券,2023-02-16,9800
00881,國泰台灣5G+,1952,149,1803,元大證券,2023-02-16,9800
2412,中華電,1627,174,1453,元大證券,2023-02-16,9800
2610,華航,2531,1118,1413,元大證券,2023-02-16,9800
00631L,元大台灣50正2,1660,518,1142,元大證券,2023-02-16,9800
00642U,期元大S＆P石油,1289,178,1111,元大證券,2023-02-16,9800
020022,元大電動車N,975,21,954,元大證券,2023-02-16,9800
00648R,元大S＆P500反1,1041,139,902,元大證券,2023-02-16,9800
00900,富邦特選高股息30,1862,1005,857,元大證券,2023-02-16,9800
00655L,國泰中國A50正2,1094,267,827,元大證券,2023-02-16,9800
2201,裕隆,1572,762,810,元大證券,2023-02-16,9800
2885,元大金,839,32,807,元大證券,2023-02-16,9800
00663L,國泰臺灣加權正2,788,3,785,元大證券,2023-02-16,9800
00830,國泰費城半導體,957,223,734,元大證券,2023-02-16,9800
00891,中信關鍵半導體,1038,314,724,元大證券,2023-02-16,9800
00888,永豐台灣ESG,710,1,709,元大證券,2023-02-16,9800
2330,台積電,861,154,707,元大證券,2023-02-16,9800
00633L,富邦上証正2,2461,1780,681,元大證券,2023-02-16,9800
00753L,中信中國50正2,1832,1165,667,元大證券,2023-02-16,9800
00670L,富邦NASDAQ正2,747,107,640,元大證券,2023-02-16,9800
5425,台半,1132,518,614,元大證券,2023-02-16,9800
00675L,富邦臺灣加權正2,702,136,566,元大證券,2023-02-16,9800
020027,元大上櫃ESG成長N,564,0,564,元大證券,2023-02-16,9800
00892,富邦台灣半導體,678,137,541,元大證券,2023-02-16,9800
00919,群益台灣精選高息,501,1,500,元大證券,2023-02-16,9800
2891,中信金,1531,1048,483,元大證券,2023-02-16,9800
00654R,富邦印度反1,485,5,480,元大證券,2023-02-16,9800
00636,國泰中國A50,525,59,466,元大證券,2023-02-16,9800
00641R,富邦日本反1,552,89,463,元大證券,2023-02-16,9800
00674R,期元大S＆P黃金反1,385,0,385,元大證券,2023-02-16,9800
00901,永豐智能車供應鏈,376,0,376,元大證券,2023-02-16,9800
5009,榮剛,398,24,374,元大證券,2023-02-16,9800
2347,聯強,926,570,356,元大證券,2023-02-16,9800
8069,元太,1163,817,346,元大證券,2023-02-16,9800
2890,永豐金,1742,1397,345,元大證券,2023-02-16,9800
00713,元大台灣高息低波,543,210,333,元大證券,2023-02-16,9800
00634R,富邦上証反1,326,0,326,元大證券,2023-02-16,9800
2884,玉山金,374,65,309,元大證券,2023-02-16,9800
2915,潤泰全,309,4,305,元大證券,2023-02-16,9800
2886,兆豐金,1061,770,291,元大證券,2023-02-16,9800
2356,英業達,1414,1126,288,元大證券,2023-02-16,9800
00632R,元大台灣50反1,42019,10212,31807,元大證券,2023-02-17,9800
00673R,期元大S＆P原油反1,11666,3883,7783,元大證券,2023-02-17,9800
00664R,國泰臺灣加權反1,6586,336,6250,元大證券,2023-02-17,9800
00669R,國泰美國道瓊反1,3588,626,2962,元大證券,2023-02-17,9800
00878,國泰永續高股息,11607,9436,2171,元大證券,2023-02-17,9800
3481,群創,2807,1798,1009,元大證券,2023-02-17,9800
00676R,富邦臺灣加權反1,1305,357,948,元大證券,2023-02-17,9800
2308,台達電,755,17,738,元大證券,2023-02-17,9800
00895,富邦未來車,789,131,658,元大證券,2023-02-17,9800
1513,中興電,1101,507,594,元大證券,2023-02-17,9800
00675L,富邦臺灣加權正2,1462,927,535,元大證券,2023-02-17,9800
2317,鴻海,561,48,513,元大證券,2023-02-17,9800
1605,華新,1960,1448,512,元大證券,2023-02-17,9800
006205,富邦上証,514,57,457,元大證券,2023-02-17,9800
8069,元太,715,276,439,元大證券,2023-02-17,9800
2883B,凱基金乙特,400,0,400,元大證券,2023-02-17,9800
6285,啟��,393,3,390,元大證券,2023-02-17,9800
00668,國泰美國道瓊,379,0,379,元大證券,2023-02-17,9800
2892,第一金,422,54,368,元大證券,2023-02-17,9800
00902,中信電池及儲能,1027,673,354,元大證券,2023-02-17,9800
2347,聯強,371,32,339,元大證券,2023-02-17,9800
2425,承啟,513,200,313,元大證券,2023-02-17,9800
00663L,國泰臺灣加權正2,314,1,313,元大證券,2023-02-17,9800
2618,長榮航,1367,1057,310,元大證券,2023-02-17,9800
2634,漢翔,532,238,294,元大證券,2023-02-17,9800
2409,友達,723,464,259,元大證券,2023-02-17,9800
00896,中信綠能及電動車,481,239,242,元大證券,2023-02-17,9800
00674R,期元大S＆P黃金反1,269,30,239,元大證券,2023-02-17,9800
2356,英業達,249,15,234,元大證券,2023-02-17,9800
020022,元大電動車N,231,8,223,元大證券,2023-02-17,9800
3062,建漢,205,5,200,元大證券,2023-02-17,9800
5880,合庫金,220,26,194,元大證券,2023-02-17,9800
00885,富邦越南,653,467,186,元大證券,2023-02-17,9800
2890,永豐金,222,62,160,元大證券,2023-02-17,9800
3037,欣興,261,104,157,元大證券,2023-02-17,9800
1301,台塑,164,11,153,元大證券,2023-02-17,9800
00639,富邦深100,383,237,146,元大證券,2023-02-17,9800
4164,承業醫,214,71,143,元大證券,2023-02-17,9800
020028,元大特選電動車N,148,5,143,元大證券,2023-02-17,9800
00634R,富邦上証反1,139,1,138,元大證券,2023-02-17,9800
2891,中信金,181,46,135,元大證券,2023-02-17,9800
2727,王品,260,130,130,元大證券,2023-02-17,9800
00725B,國泰投資級公司債,173,43,130,元大證券,2023-02-17,9800
3594,磐儀,267,140,127,元大證券,2023-02-17,9800
3231,緯創,201,74,127,元大證券,2023-02-17,9800
00670L,富邦NASDAQ正2,930,811,119,元大證券,2023-02-17,9800
2449,京元電子,153,38,115,元大證券,2023-02-17,9800
2382,廣達,122,8,114,元大證券,2023-02-17,9800
1504,東元,144,31,113,元大證券,2023-02-17,9800
8436,大江,183,70,113,元大證券,2023-02-17,9800
00673R,期元大S＆P原油反1,10642,1725,8917,元大證券,2023-02-20,9800
00671R,富邦NASDAQ反1,3088,451,2637,元大證券,2023-02-20,9800
2409,友達,3492,1166,2326,元大證券,2023-02-20,9800
2618,長榮航,3024,844,2180,元大證券,2023-02-20,9800
00664R,國泰臺灣加權反1,2315,193,2122,元大證券,2023-02-20,9800
6288,聯嘉,1446,70,1376,元大證券,2023-02-20,9800
2303,聯電,1891,827,1064,元大證券,2023-02-20,9800
2382,廣達,1052,68,984,元大證券,2023-02-20,9800
00881,國泰台灣5G+,1907,1028,879,元大證券,2023-02-20,9800
00885,富邦越南,1548,740,808,元大證券,2023-02-20,9800
00900,富邦特選高股息30,1699,905,794,元大證券,2023-02-20,9800
4961,天鈺,900,162,738,元大證券,2023-02-20,9800
2886,兆豐金,942,224,718,元大證券,2023-02-20,9800
00650L,復華香港正2,2418,1796,622,元大證券,2023-02-20,9800
00675L,富邦臺灣加權正2,775,158,617,元大證券,2023-02-20,9800
00633L,富邦上証正2,3452,2938,514,元大證券,2023-02-20,9800
00631L,元大台灣50正2,1217,710,507,元大證券,2023-02-20,9800
00676R,富邦臺灣加權反1,1162,681,481,元大證券,2023-02-20,9800
2345,智邦,548,76,472,元大證券,2023-02-20,9800
2603,長榮,540,110,430,元大證券,2023-02-20,9800
020029,元大ESG高股息N,423,22,401,元大證券,2023-02-20,9800
2449,京元電子,434,35,399,元大證券,2023-02-20,9800
00830,國泰費城半導體,422,44,378,元大證券,2023-02-20,9800
020022,元大電動車N,438,65,373,元大證券,2023-02-20,9800
00636,國泰中國A50,452,87,365,元大證券,2023-02-20,9800
2498,宏達電,567,212,355,元大證券,2023-02-20,9800
4915,致伸,330,9,321,元大證券,2023-02-20,9800
00639,富邦深100,396,76,320,元大證券,2023-02-20,9800
00674R,期元大S＆P黃金反1,336,21,315,元大證券,2023-02-20,9800
006205,富邦上証,483,168,315,元大證券,2023-02-20,9800
1519,華城,492,186,306,元大證券,2023-02-20,9800
00896,中信綠能及電動車,485,181,304,元大證券,2023-02-20,9800
00888,永豐台灣ESG,377,115,262,元大證券,2023-02-20,9800
00681R,元大美債20反1,262,6,256,元大證券,2023-02-20,9800
020020,元大台股領航N,280,30,250,元大證券,2023-02-20,9800
4919,新唐,337,90,247,元大證券,2023-02-20,9800
2352,佳世達,288,52,236,元大證券,2023-02-20,9800
00642U,期元大S＆P石油,614,382,232,元大證券,2023-02-20,9800
00903,富邦元宇宙,418,189,229,元大證券,2023-02-20,9800
1301,台塑,328,100,228,元大證券,2023-02-20,9800
6285,啟��,260,49,211,元大證券,2023-02-20,9800
00638R,元大滬深300反1,307,97,210,元大證券,2023-02-20,9800
2347,聯強,244,34,210,元大證券,2023-02-20,9800
2383,台光電,211,12,199,元大證券,2023-02-20,9800
6116,彩晶,388,213,175,元大證券,2023-02-20,9800
2204,中華,157,10,147,元大證券,2023-02-20,9800
2206,三陽工業,179,37,142,元大證券,2023-02-20,9800
2337,旺宏,140,3,137,元大證券,2023-02-20,9800
1504,東元,309,178,131,元大證券,2023-02-20,9800
2457,飛宏,332,202,130,元大證券,2023-02-20,9800
00637L,元大滬深300正2,29191,22435,6756,元大證券,2023-02-21,9800
00673R,期元大S＆P原油反1,7265,690,6575,元大證券,2023-02-21,9800
2002,中鋼,4938,402,4536,元大證券,2023-02-21,9800
00664R,國泰臺灣加權反1,3168,605,2563,元大證券,2023-02-21,9800
2409,友達,3647,1594,2053,元大證券,2023-02-21,9800
6282,康舒,2448,703,1745,元大證券,2023-02-21,9800
2603,長榮,1872,301,1571,元大證券,2023-02-21,9800
00669R,國泰美國道瓊反1,1465,61,1404,元大證券,2023-02-21,9800
00671R,富邦NASDAQ反1,1439,267,1172,元大證券,2023-02-21,9800
00900,富邦特選高股息30,1615,769,846,元大證券,2023-02-21,9800
00633L,富邦上証正2,3090,2256,834,元大證券,2023-02-21,9800
020034,元大IC設計N,741,24,717,元大證券,2023-02-21,9800
00902,中信電池及儲能,1045,461,584,元大證券,2023-02-21,9800
1301,台塑,700,124,576,元大證券,2023-02-21,9800
8069,元太,1074,512,562,元大證券,2023-02-21,9800
2356,英業達,568,70,498,元大證券,2023-02-21,9800
3481,群創,3514,3027,487,元大證券,2023-02-21,9800
006205,富邦上証,596,131,465,元大證券,2023-02-21,9800
4114,健喬,531,84,447,元大證券,2023-02-21,9800
3231,緯創,495,56,439,元大證券,2023-02-21,9800
00680L,元大美債20正2,1266,830,436,元大證券,2023-02-21,9800
2347,聯強,442,33,409,元大證券,2023-02-21,9800
00896,中信綠能及電動車,400,20,380,元大證券,2023-02-21,9800
00668,國泰美國道瓊,358,0,358,元大證券,2023-02-21,9800
00885,富邦越南,1131,784,347,元大證券,2023-02-21,9800
2885,元大金,347,10,337,元大證券,2023-02-21,9800
6505,台塑化,515,190,325,元大證券,2023-02-21,9800
2324,仁寶,416,98,318,元大證券,2023-02-21,9800
2609,陽明,1071,757,314,元大證券,2023-02-21,9800
1909,榮成,323,37,286,元大證券,2023-02-21,9800
6285,啟��,321,41,280,元大證券,2023-02-21,9800
6235,華孚,607,328,279,元大證券,2023-02-21,9800
1102,亞泥,378,119,259,元大證券,2023-02-21,9800
6531,愛普*,615,369,246,元大證券,2023-02-21,9800
00656R,國泰中國A50反1,393,155,238,元大證券,2023-02-21,9800
00903,富邦元宇宙,229,10,219,元大證券,2023-02-21,9800
00655L,國泰中國A50正2,1165,950,215,元大證券,2023-02-21,9800
1802,台玻,275,63,212,元大證券,2023-02-21,9800
2890,永豐金,455,248,207,元大證券,2023-02-21,9800
2634,漢翔,381,179,202,元大證券,2023-02-21,9800
4961,天鈺,475,280,195,元大證券,2023-02-21,9800
3702,大聯大,224,33,191,元大證券,2023-02-21,9800
3017,奇鋐,258,70,188,元大證券,2023-02-21,9800
3035,智原,298,112,186,元大證券,2023-02-21,9800
3704,合勤控,202,18,184,元大證券,2023-02-21,9800
2867,三商壽,232,49,183,元大證券,2023-02-21,9800
2388,威盛,1591,1408,183,元大證券,2023-02-21,9800
00646,元大S＆P500,243,62,181,元大證券,2023-02-21,9800
1402,遠東新,252,79,173,元大證券,2023-02-21,9800
3037,欣興,446,274,172,元大證券,2023-02-21,9800
00673R,期元大S＆P原油反1,10841,614,10227,元大證券,2023-02-22,9800
2834,臺企銀,2573,466,2107,元大證券,2023-02-22,9800
1101,台泥,2032,331,1701,元大證券,2023-02-22,9800
00669R,國泰美國道瓊反1,2095,556,1539,元大證券,2023-02-22,9800
3661,世芯-KY,1023,365,658,元大證券,2023-02-22,9800
3711,日月光投控,775,189,586,元大證券,2023-02-22,9800
00895,富邦未來車,591,27,564,元大證券,2023-02-22,9800
00752,中信中國50,1328,798,530,元大證券,2023-02-22,9800
00885,富邦越南,1235,707,528,元大證券,2023-02-22,9800
00631L,元大台灣50正2,1549,1024,525,元大證券,2023-02-22,9800
00893,國泰智能電動車,1173,697,476,元大證券,2023-02-22,9800
8476,台境*,437,4,433,元大證券,2023-02-22,9800
1909,榮成,517,102,415,元大證券,2023-02-22,9800
9103,美德醫療-DR,373,0,373,元大證券,2023-02-22,9800
2347,聯強,450,80,370,元大證券,2023-02-22,9800
1605,華新,1653,1317,336,元大證券,2023-02-22,9800
00656R,國泰中國A50反1,308,0,308,元大證券,2023-02-22,9800
00875,國泰網路資安,344,56,288,元大證券,2023-02-22,9800
1102,亞泥,380,126,254,元大證券,2023-02-22,9800
00686R,群益臺灣加權反1,311,69,242,元大證券,2023-02-22,9800
6285,啟��,268,31,237,元大證券,2023-02-22,9800
00877,復華中國5G,304,73,231,元大證券,2023-02-22,9800
2707,晶華,336,113,223,元大證券,2023-02-22,9800
00662,富邦NASDAQ,225,8,217,元大證券,2023-02-22,9800
00683L,期元大美元指正2,326,114,212,元大證券,2023-02-22,9800
4167,松瑞藥,239,42,197,元大證券,2023-02-22,9800
2351,順德,203,8,195,元大證券,2023-02-22,9800
3702,大聯大,294,101,193,元大證券,2023-02-22,9800
2731,雄獅,341,161,180,元大證券,2023-02-22,9800
2885,元大金,218,41,177,元大證券,2023-02-22,9800
4137,麗豐-KY,176,2,174,元大證券,2023-02-22,9800
1519,華城,1109,938,171,元大證券,2023-02-22,9800
00676R,富邦臺灣加權反1,2924,2757,167,元大證券,2023-02-22,9800
00636,國泰中國A50,385,219,166,元大證券,2023-02-22,9800
2890,永豐金,679,513,166,元大證券,2023-02-22,9800
00862B,中信投資級公司債,161,0,161,元大證券,2023-02-22,9800
00757,統一FANG+,186,27,159,元大證券,2023-02-22,9800
00909,國泰數位支付服務,154,1,153,元大證券,2023-02-22,9800
020022,元大電動車N,213,60,153,元大證券,2023-02-22,9800
2027,大成鋼,218,69,149,元大證券,2023-02-22,9800
3419,譁裕,170,34,136,元大證券,2023-02-22,9800
6234,高僑,136,1,135,元大證券,2023-02-22,9800
00650L,復華香港正2,2238,2107,131,元大證券,2023-02-22,9800
8478,東哥遊艇,1481,1350,131,元大證券,2023-02-22,9800
5907,大洋-KY,128,0,128,元大證券,2023-02-22,9800
5425,台半,761,637,124,元大證券,2023-02-22,9800
3231,緯創,227,107,120,元大證券,2023-02-22,9800
1584,精剛,527,409,118,元大證券,2023-02-22,9800
2301,光寶科,273,157,116,元大證券,2023-02-22,9800
6146,耕興,120,6,114,元大證券,2023-02-22,9800
00673R,期元大S＆P原油反1,30720,2072,28648,元大證券,2023-02-23,9800
00878,國泰永續高股息,9563,434,9129,元大證券,2023-02-23,9800
00669R,國泰美國道瓊反1,6781,1209,5572,元大證券,2023-02-23,9800
2303,聯電,6012,612,5400,元大證券,2023-02-23,9800
00900,富邦特選高股息30,4474,863,3611,元大證券,2023-02-23,9800
00881,國泰台灣5G+,3101,146,2955,元大證券,2023-02-23,9800
00891,中信關鍵半導體,3180,478,2702,元大證券,2023-02-23,9800
2388,威盛,4142,1595,2547,元大證券,2023-02-23,9800
2834,臺企銀,2529,73,2456,元大證券,2023-02-23,9800
2892,第一金,2104,7,2097,元大證券,2023-02-23,9800
00894,中信小資高價30,1127,0,1127,元大證券,2023-02-23,9800
00674R,期元大S＆P黃金反1,1116,0,1116,元大證券,2023-02-23,9800
00713,元大台灣高息低波,1112,1,1111,元大證券,2023-02-23,9800
2606,裕民,1217,217,1000,元大證券,2023-02-23,9800
00892,富邦台灣半導體,1097,153,944,元大證券,2023-02-23,9800
3035,智原,2004,1145,859,元大證券,2023-02-23,9800
2330,台積電,939,106,833,元大證券,2023-02-23,9800
00651R,復華香港反1,1071,256,815,元大證券,2023-02-23,9800
020022,元大電動車N,805,2,803,元大證券,2023-02-23,9800
4979,華星光,1213,419,794,元大證券,2023-02-23,9800
2887,台新金,744,1,743,元大證券,2023-02-23,9800
0056,元大高股息,14434,13702,732,元大證券,2023-02-23,9800
00675L,富邦臺灣加權正2,941,218,723,元大證券,2023-02-23,9800
00654R,富邦印度反1,731,38,693,元大證券,2023-02-23,9800
4904,遠傳,691,7,684,元大證券,2023-02-23,9800
3231,緯創,644,48,596,元大證券,2023-02-23,9800
2609,陽明,850,258,592,元大證券,2023-02-23,9800
00634R,富邦上証反1,643,103,540,元大證券,2023-02-23,9800
00904,新光臺灣半導體30,534,1,533,元大證券,2023-02-23,9800
00692,富邦公司治理,573,42,531,元大證券,2023-02-23,9800
2603,長榮,808,293,515,元大證券,2023-02-23,9800
00919,群益台灣精選高息,516,7,509,元大證券,2023-02-23,9800
2014,中鴻,527,23,504,元大證券,2023-02-23,9800
0050,元大台灣50,663,196,467,元大證券,2023-02-23,9800
2347,聯強,465,0,465,元大證券,2023-02-23,9800
01003T,兆豐新光R1,437,0,437,元大證券,2023-02-23,9800
2324,仁寶,446,12,434,元大證券,2023-02-23,9800
5425,台半,607,181,426,元大證券,2023-02-23,9800
00631L,元大台灣50正2,1418,1010,408,元大證券,2023-02-23,9800
2454,聯發科,550,150,400,元大證券,2023-02-23,9800
3515,華擎,607,239,368,元大證券,2023-02-23,9800
3624,光頡,393,26,367,元大證券,2023-02-23,9800
5876,上海商銀,366,0,366,元大證券,2023-02-23,9800
00896,中信綠能及電動車,408,47,361,元大證券,2023-02-23,9800
2618,長榮航,661,301,360,元大證券,2023-02-23,9800
1102,亞泥,360,9,351,元大證券,2023-02-23,9800
8476,台境*,337,1,336,元大證券,2023-02-23,9800
00888,永豐台灣ESG,469,137,332,元大證券,2023-02-23,9800
2356,英業達,336,4,332,元大證券,2023-02-23,9800
2885,元大金,337,28,309,元大證券,2023-02-23,9800
2605,新興,11157,900,10257,元大證券,2023-02-24,9800
2303,聯電,5261,1328,3933,元大證券,2023-02-24,9800
00676R,富邦臺灣加權反1,4504,1481,3023,元大證券,2023-02-24,9800
3231,緯創,2343,125,2218,元大證券,2023-02-24,9800
00664R,國泰臺灣加權反1,2839,810,2029,元大證券,2023-02-24,9800
00673R,期元大S＆P原油反1,4282,2301,1981,元大證券,2023-02-24,9800
2834,臺企銀,2092,121,1971,元大證券,2023-02-24,9800
2891,中信金,2612,781,1831,元大證券,2023-02-24,9800
00885,富邦越南,2380,564,1816,元大證券,2023-02-24,9800
00687B,國泰20年美債,1588,311,1277,元大證券,2023-02-24,9800
2606,裕民,2376,1109,1267,元大證券,2023-02-24,9800
2890,永豐金,1317,172,1145,元大證券,2023-02-24,9800
2301,光寶科,1122,38,1084,元大證券,2023-02-24,9800
2610,華航,1083,187,896,元大證券,2023-02-24,9800
3711,日月光投控,1479,626,853,元大證券,2023-02-24,9800
2347,聯強,821,19,802,元大證券,2023-02-24,9800
2892,第一金,961,171,790,元大證券,2023-02-24,9800
2324,仁寶,881,91,790,元大證券,2023-02-24,9800
00752,中信中國50,1259,478,781,元大證券,2023-02-24,9800
00665L,富邦�琤肭磪囓�2,8938,8185,753,元大證券,2023-02-24,9800
2409,友達,1844,1112,732,元大證券,2023-02-24,9800
00651R,復華香港反1,1287,603,684,元大證券,2023-02-24,9800
2356,英業達,722,57,665,元大證券,2023-02-24,9800
2885,元大金,677,14,663,元大證券,2023-02-24,9800
4967,十銓,1062,410,652,元大證券,2023-02-24,9800
00636,國泰中國A50,820,189,631,元大證券,2023-02-24,9800
2454,聯發科,659,66,593,元大證券,2023-02-24,9800
2474,可成,593,47,546,元大證券,2023-02-24,9800
1802,台玻,565,36,529,元大證券,2023-02-24,9800
00646,元大S＆P500,717,197,520,元大證券,2023-02-24,9800
006205,富邦上証,979,477,502,元大證券,2023-02-24,9800
1402,遠東新,545,72,473,元大證券,2023-02-24,9800
6285,啟��,475,14,461,元大證券,2023-02-24,9800
2317,鴻海,928,474,454,元大證券,2023-02-24,9800
00656R,國泰中國A50反1,560,108,452,元大證券,2023-02-24,9800
00895,富邦未來車,729,300,429,元大證券,2023-02-24,9800
1102,亞泥,457,44,413,元大證券,2023-02-24,9800
00680L,元大美債20正2,2344,1931,413,元大證券,2023-02-24,9800
3264,欣銓,418,32,386,元大證券,2023-02-24,9800
2376,技嘉,483,101,382,元大證券,2023-02-24,9800
00674R,期元大S＆P黃金反1,379,0,379,元大證券,2023-02-24,9800
3036,文曄,357,13,344,元大證券,2023-02-24,9800
5009,榮剛,752,411,341,元大證券,2023-02-24,9800
4919,新唐,449,124,325,元大證券,2023-02-24,9800
00631L,元大台灣50正2,1010,686,324,元大證券,2023-02-24,9800
2542,興富發,343,24,319,元大證券,2023-02-24,9800
00686R,群益臺灣加權反1,301,6,295,元大證券,2023-02-24,9800
020034,元大IC設計N,360,71,289,元大證券,2023-02-24,9800
2027,大成鋼,364,78,286,元大證券,2023-02-24,9800
4938,和碩,323,41,282,元大證券,2023-02-24,9800
00637L,元大滬深300正2,38246,12714,25532,元大證券,2023-03-01,9800
00669R,國泰美國道瓊反1,12532,273,12259,元大證券,2023-03-01,9800
00715L,期街口布蘭特正2,5107,606,4501,元大證券,2023-03-01,9800
2303,聯電,5312,3301,2011,元大證券,2023-03-01,9800
00671R,富邦NASDAQ反1,3753,2245,1508,元大證券,2023-03-01,9800
00642U,期元大S＆P石油,2670,1215,1455,元大證券,2023-03-01,9800
00676R,富邦臺灣加權反1,2500,1253,1247,元大證券,2023-03-01,9800
00650L,復華香港正2,3103,1890,1213,元大證券,2023-03-01,9800
00655L,國泰中國A50正2,1357,434,923,元大證券,2023-03-01,9800
00636,國泰中國A50,972,81,891,元大證券,2023-03-01,9800
00648R,元大S＆P500反1,789,93,696,元大證券,2023-03-01,9800
020029,元大ESG高股息N,608,10,598,元大證券,2023-03-01,9800
006205,富邦上証,747,161,586,元大證券,2023-03-01,9800
00885,富邦越南,1712,1272,440,元大證券,2023-03-01,9800
1907,永豐餘,524,102,422,元大證券,2023-03-01,9800
00905,FT臺灣Smart,954,566,388,元大證券,2023-03-01,9800
2347,聯強,607,241,366,元大證券,2023-03-01,9800
00908,富邦入息REITs+,355,14,341,元大證券,2023-03-01,9800
00752,中信中國50,510,188,322,元大證券,2023-03-01,9800
00893,國泰智能電動車,786,485,301,元大證券,2023-03-01,9800
00686R,群益臺灣加權反1,299,0,299,元大證券,2023-03-01,9800
00688L,國泰20年美債正2,510,213,297,元大證券,2023-03-01,9800
2425,承啟,439,174,265,元大證券,2023-03-01,9800
6488,環球晶,303,47,256,元大證券,2023-03-01,9800
01003T,兆豐新光R1,251,0,251,元大證券,2023-03-01,9800
2454,聯發科,600,354,246,元大證券,2023-03-01,9800
4746,台耀,273,33,240,元大證券,2023-03-01,9800
00656R,國泰中國A50反1,444,236,208,元大證券,2023-03-01,9800
00903,富邦元宇宙,291,85,206,元大證券,2023-03-01,9800
1304,台聚,250,51,199,元大證券,2023-03-01,9800
00654R,富邦印度反1,200,27,173,元大證券,2023-03-01,9800
2885,元大金,385,216,169,元大證券,2023-03-01,9800
6505,台塑化,390,232,158,元大證券,2023-03-01,9800
00877,復華中國5G,339,183,156,元大證券,2023-03-01,9800
00700,富邦�琤肭磪�,162,7,155,元大證券,2023-03-01,9800
020022,元大電動車N,186,31,155,元大證券,2023-03-01,9800
00917,中信特選金融,156,1,155,元大證券,2023-03-01,9800
6282,康舒,802,649,153,元大證券,2023-03-01,9800
00681R,元大美債20反1,161,18,143,元大證券,2023-03-01,9800
00861,元大全球未來通訊,146,5,141,元大證券,2023-03-01,9800
00640L,富邦日本正2,146,6,140,元大證券,2023-03-01,9800
5488,松普,138,0,138,元大證券,2023-03-01,9800
3362,先進光,399,262,137,元大證券,2023-03-01,9800
3491,昇達科,216,81,135,元大證券,2023-03-01,9800
00682U,期元大美元指數,129,0,129,元大證券,2023-03-01,9800
6285,啟��,177,50,127,元大證券,2023-03-01,9800
00902,中信電池及儲能,486,365,121,元大證券,2023-03-01,9800
1319,東陽,249,134,115,元大證券,2023-03-01,9800
00739,元大MSCI A股,118,9,109,元大證券,2023-03-01,9800
020020,元大台股領航N,112,5,107,元大證券,2023-03-01,9800
00671R,富邦NASDAQ反1,18470,258,18212,元大證券,2023-03-02,9800
00715L,期街口布蘭特正2,3976,901,3075,元大證券,2023-03-02,9800
1605,華新,7171,4654,2517,元大證券,2023-03-02,9800
00669R,國泰美國道瓊反1,3991,1497,2494,元大證券,2023-03-02,9800
00882,中信中國高股息,2044,410,1634,元大證券,2023-03-02,9800
2609,陽明,2430,852,1578,元大證券,2023-03-02,9800
2344,華邦電,1830,787,1043,元大證券,2023-03-02,9800
00900,富邦特選高股息30,2252,1261,991,元大證券,2023-03-02,9800
2409,友達,1631,729,902,元大證券,2023-03-02,9800
2324,仁寶,975,90,885,元大證券,2023-03-02,9800
00642U,期元大S＆P石油,956,72,884,元大證券,2023-03-02,9800
00891,中信關鍵半導體,1801,942,859,元大證券,2023-03-02,9800
00648R,元大S＆P500反1,856,0,856,元大證券,2023-03-02,9800
1216,統一,887,172,715,元大證券,2023-03-02,9800
00895,富邦未來車,724,29,695,元大證券,2023-03-02,9800
3481,群創,1769,1090,679,元大證券,2023-03-02,9800
2356,英業達,652,48,604,元大證券,2023-03-02,9800
2002,中鋼,888,296,592,元大證券,2023-03-02,9800
2603,長榮,1119,556,563,元大證券,2023-03-02,9800
00650L,復華香港正2,3098,2552,546,元大證券,2023-03-02,9800
2014,中鴻,604,83,521,元大證券,2023-03-02,9800
020023,元大櫃買半導體N,420,9,411,元大證券,2023-03-02,9800
4960,誠美材,450,47,403,元大證券,2023-03-02,9800
5425,台半,492,106,386,元大證券,2023-03-02,9800
00753L,中信中國50正2,2441,2074,367,元大證券,2023-03-02,9800
2454,聯發科,523,157,366,元大證券,2023-03-02,9800
1102,亞泥,408,57,351,元大證券,2023-03-02,9800
2408,南亞科,527,193,334,元大證券,2023-03-02,9800
2615,萬海,774,445,329,元大證券,2023-03-02,9800
00654R,富邦印度反1,328,3,325,元大證券,2023-03-02,9800
006208,富邦台50,408,91,317,元大證券,2023-03-02,9800
00902,中信電池及儲能,794,488,306,元大證券,2023-03-02,9800
3045,台灣大,357,54,303,元大證券,2023-03-02,9800
2347,聯強,317,15,302,元大證券,2023-03-02,9800
00881,國泰台灣5G+,1597,1309,288,元大證券,2023-03-02,9800
020022,元大電動車N,285,2,283,元大證券,2023-03-02,9800
00915,凱基優選高股息30,398,120,278,元大證券,2023-03-02,9800
2607,榮運,328,50,278,元大證券,2023-03-02,9800
00830,國泰費城半導體,527,256,271,元大證券,2023-03-02,9800
00692,富邦公司治理,383,119,264,元大證券,2023-03-02,9800
2637,慧洋-KY,610,352,258,元大證券,2023-03-02,9800
00639,富邦深100,276,22,254,元大證券,2023-03-02,9800
00894,中信小資高價30,482,229,253,元大證券,2023-03-02,9800
00885,富邦越南,921,671,250,元大證券,2023-03-02,9800
2303,聯電,1008,761,247,元大證券,2023-03-02,9800
6799,來頡,354,108,246,元大證券,2023-03-02,9800
2892,第一金,548,317,231,元大證券,2023-03-02,9800
00752,中信中國50,445,222,223,元大證券,2023-03-02,9800
00909,國泰數位支付服務,220,0,220,元大證券,2023-03-02,9800
6415,矽力*-KY,246,29,217,元大證券,2023-03-02,9800
00715L,期街口布蘭特正2,4428,207,4221,元大證券,2023-03-03,9800
2409,友達,3122,673,2449,元大證券,2023-03-03,9800
00669R,國泰美國道瓊反1,2786,338,2448,元大證券,2023-03-03,9800
00633L,富邦上証正2,3049,1280,1769,元大證券,2023-03-03,9800
00642U,期元大S＆P石油,1718,102,1616,元大證券,2023-03-03,9800
2303,聯電,2065,567,1498,元大證券,2023-03-03,9800
00671R,富邦NASDAQ反1,3020,1779,1241,元大證券,2023-03-03,9800
1216,統一,1037,44,993,元大證券,2023-03-03,9800
5876,上海商銀,1000,52,948,元大證券,2023-03-03,9800
00896,中信綠能及電動車,875,0,875,元大證券,2023-03-03,9800
2301,光寶科,903,99,804,元大證券,2023-03-03,9800
2382,廣達,854,52,802,元大證券,2023-03-03,9800
2892,第一金,813,107,706,元大證券,2023-03-03,9800
2457,飛宏,1315,659,656,元大證券,2023-03-03,9800
2637,慧洋-KY,914,276,638,元大證券,2023-03-03,9800
2603,長榮,1192,561,631,元大證券,2023-03-03,9800
2324,仁寶,650,98,552,元大證券,2023-03-03,9800
00919,群益台灣精選高息,690,146,544,元大證券,2023-03-03,9800
00648R,元大S＆P500反1,539,10,529,元大證券,2023-03-03,9800
2449,京元電子,1106,622,484,元大證券,2023-03-03,9800
020022,元大電動車N,512,32,480,元大證券,2023-03-03,9800
4904,遠傳,431,21,410,元大證券,2023-03-03,9800
6285,啟��,402,1,401,元大證券,2023-03-03,9800
2605,新興,594,194,400,元大證券,2023-03-03,9800
00902,中信電池及儲能,786,389,397,元大證券,2023-03-03,9800
00905,FT臺灣Smart,675,289,386,元大證券,2023-03-03,9800
2356,英業達,410,29,381,元大證券,2023-03-03,9800
00651R,復華香港反1,544,184,360,元大證券,2023-03-03,9800
00881,國泰台灣5G+,2037,1678,359,元大證券,2023-03-03,9800
00656R,國泰中國A50反1,351,15,336,元大證券,2023-03-03,9800
00909,國泰數位支付服務,331,0,331,元大證券,2023-03-03,9800
00918,大華優利高填息30,311,3,308,元大證券,2023-03-03,9800
00713,元大台灣高息低波,574,272,302,元大證券,2023-03-03,9800
3264,欣銓,315,15,300,元大證券,2023-03-03,9800
3006,晶豪科,654,354,300,元大證券,2023-03-03,9800
00915,凱基優選高股息30,337,51,286,元大證券,2023-03-03,9800
00682U,期元大美元指數,272,0,272,元大證券,2023-03-03,9800
0050,元大台灣50,381,114,267,元大證券,2023-03-03,9800
00641R,富邦日本反1,507,243,264,元大證券,2023-03-03,9800
020023,元大櫃買半導體N,1061,804,257,元大證券,2023-03-03,9800
2801,彰銀,360,103,257,元大證券,2023-03-03,9800
2344,華邦電,1785,1529,256,元大證券,2023-03-03,9800
1102,亞泥,262,24,238,元大證券,2023-03-03,9800
00850,元大臺灣ESG永續,360,129,231,元大證券,2023-03-03,9800
1708,東鹼,306,75,231,元大證券,2023-03-03,9800
3714,富采,291,65,226,元大證券,2023-03-03,9800
1514,亞力,278,60,218,元大證券,2023-03-03,9800
1101,台泥,423,212,211,元大證券,2023-03-03,9800
2347,聯強,233,27,206,元大證券,2023-03-03,9800
3221,台嘉碩,206,1,205,元大證券,2023-03-03,9800
00632R,元大台灣50反1,80051,37323,42728,元大證券,2023-03-06,9800
2317,鴻海,3319,119,3200,元大證券,2023-03-06,9800
00881,國泰台灣5G+,4354,1375,2979,元大證券,2023-03-06,9800
00878,國泰永續高股息,7282,4311,2971,元大證券,2023-03-06,9800
00671R,富邦NASDAQ反1,4435,1722,2713,元大證券,2023-03-06,9800
0056,元大高股息,2785,112,2673,元大證券,2023-03-06,9800
00715L,期街口布蘭特正2,4047,1503,2544,元大證券,2023-03-06,9800
2330,台積電,2218,25,2193,元大證券,2023-03-06,9800
0050,元大台灣50,2262,131,2131,元大證券,2023-03-06,9800
1216,統一,1931,21,1910,元大證券,2023-03-06,9800
00891,中信關鍵半導體,2586,746,1840,元大證券,2023-03-06,9800
2324,仁寶,1885,71,1814,元大證券,2023-03-06,9800
2888,新光金,1758,9,1749,元大證券,2023-03-06,9800
00893,國泰智能電動車,3191,1587,1604,元大證券,2023-03-06,9800
00905,FT臺灣Smart,1532,8,1524,元大證券,2023-03-06,9800
00676R,富邦臺灣加權反1,3422,2016,1406,元大證券,2023-03-06,9800
2891,中信金,1463,85,1378,元大證券,2023-03-06,9800
2382,廣達,1306,28,1278,元大證券,2023-03-06,9800
2356,英業達,1295,19,1276,元大證券,2023-03-06,9800
2002,中鋼,1233,34,1199,元大證券,2023-03-06,9800
2883,凱基金,1206,51,1155,元大證券,2023-03-06,9800
2301,光寶科,1192,52,1140,元大證券,2023-03-06,9800
2886,兆豐金,1169,29,1140,元大證券,2023-03-06,9800
00680L,元大美債20正2,2804,1695,1109,元大證券,2023-03-06,9800
2884,玉山金,1234,182,1052,元大證券,2023-03-06,9800
00885,富邦越南,1834,786,1048,元大證券,2023-03-06,9800
020022,元大電動車N,1098,57,1041,元大證券,2023-03-06,9800
5880,合庫金,1043,29,1014,元大證券,2023-03-06,9800
2881,富邦金,1027,23,1004,元大證券,2023-03-06,9800
2412,中華電,1002,15,987,元大證券,2023-03-06,9800
2892,第一金,978,37,941,元大證券,2023-03-06,9800
2303,聯電,1381,456,925,元大證券,2023-03-06,9800
2610,華航,887,32,855,元大證券,2023-03-06,9800
2887,台新金,873,24,849,元大證券,2023-03-06,9800
6770,力積電,1067,235,832,元大證券,2023-03-06,9800
6505,台塑化,842,11,831,元大證券,2023-03-06,9800
2834,臺企銀,871,65,806,元大證券,2023-03-06,9800
2880,華南金,812,11,801,元大證券,2023-03-06,9800
2882,國泰金,1048,252,796,元大證券,2023-03-06,9800
00900,富邦特選高股息30,2285,1534,751,元大證券,2023-03-06,9800
00670L,富邦NASDAQ正2,1429,697,732,元大證券,2023-03-06,9800
00896,中信綠能及電動車,761,38,723,元大證券,2023-03-06,9800
2498,宏達電,1075,374,701,元大證券,2023-03-06,9800
2633,台灣高鐵,713,26,687,元大證券,2023-03-06,9800
2345,智邦,742,70,672,元大證券,2023-03-06,9800
2801,彰銀,642,2,640,元大證券,2023-03-06,9800
00894,中信小資高價30,668,91,577,元大證券,2023-03-06,9800
00654R,富邦印度反1,589,23,566,元大證券,2023-03-06,9800
1303,南亞,541,13,528,元大證券,2023-03-06,9800
1101,台泥,643,127,516,元大證券,2023-03-06,9800
00715L,期街口布蘭特正2,6084,1172,4912,元大證券,2023-03-07,9800
3711,日月光投控,1913,46,1867,元大證券,2023-03-07,9800
00650L,復華香港正2,5018,3403,1615,元大證券,2023-03-07,9800
5284,jpp-KY,1584,184,1400,元大證券,2023-03-07,9800
1605,華新,3055,1778,1277,元大證券,2023-03-07,9800
2317,鴻海,1249,115,1134,元大證券,2023-03-07,9800
00676R,富邦臺灣加權反1,2400,1268,1132,元大證券,2023-03-07,9800
00885,富邦越南,1541,472,1069,元大證券,2023-03-07,9800
020028,元大特選電動車N,1085,28,1057,元大證券,2023-03-07,9800
00878,國泰永續高股息,5103,4068,1035,元大證券,2023-03-07,9800
3703,欣陸,1001,3,998,元大證券,2023-03-07,9800
00664R,國泰臺灣加權反1,1258,310,948,元大證券,2023-03-07,9800
2412,中華電,1068,146,922,元大證券,2023-03-07,9800
00642U,期元大S＆P石油,1076,161,915,元大證券,2023-03-07,9800
020022,元大電動車N,931,27,904,元大證券,2023-03-07,9800
00683L,期元大美元指正2,1026,165,861,元大證券,2023-03-07,9800
00669R,國泰美國道瓊反1,1829,1005,824,元大證券,2023-03-07,9800
2324,仁寶,1126,396,730,元大證券,2023-03-07,9800
2002,中鋼,824,102,722,元大證券,2023-03-07,9800
00692,富邦公司治理,765,52,713,元大證券,2023-03-07,9800
2356,英業達,759,60,699,元大證券,2023-03-07,9800
2382,廣達,683,14,669,元大證券,2023-03-07,9800
1504,東元,788,163,625,元大證券,2023-03-07,9800
2308,台達電,775,183,592,元大證券,2023-03-07,9800
2301,光寶科,640,52,588,元大證券,2023-03-07,9800
3264,欣銓,618,82,536,元大證券,2023-03-07,9800
00670L,富邦NASDAQ正2,693,173,520,元大證券,2023-03-07,9800
0050,元大台灣50,769,278,491,元大證券,2023-03-07,9800
006208,富邦台50,781,323,458,元大證券,2023-03-07,9800
00896,中信綠能及電動車,544,102,442,元大證券,2023-03-07,9800
2330,台積電,483,49,434,元大證券,2023-03-07,9800
00894,中信小資高價30,449,17,432,元大證券,2023-03-07,9800
6285,啟��,497,74,423,元大證券,2023-03-07,9800
2891,中信金,506,89,417,元大證券,2023-03-07,9800
6239,力成,405,2,403,元大證券,2023-03-07,9800
1514,亞力,539,177,362,元大證券,2023-03-07,9800
00656R,國泰中國A50反1,364,11,353,元大證券,2023-03-07,9800
2882,國泰金,475,153,322,元大證券,2023-03-07,9800
00897,富邦基因免疫生技,406,96,310,元大證券,2023-03-07,9800
00895,富邦未來車,430,126,304,元大證券,2023-03-07,9800
3481,群創,1084,782,302,元大證券,2023-03-07,9800
00688L,國泰20年美債正2,300,0,300,元大證券,2023-03-07,9800
00701,國泰股利精選30,356,58,298,元大證券,2023-03-07,9800
2883,凱基金,371,73,298,元大證券,2023-03-07,9800
2344,華邦電,558,278,280,元大證券,2023-03-07,9800
2474,可成,273,0,273,元大證券,2023-03-07,9800
1227,佳格,270,0,270,元大證券,2023-03-07,9800
1432,大魯閣,276,7,269,元大證券,2023-03-07,9800
00728,第一金工業30,258,0,258,元大證券,2023-03-07,9800
2409,友達,1281,1025,256,元大證券,2023-03-07,9800
00632R,元大台灣50反1,25493,10042,15451,元大證券,2023-03-08,9800
00673R,期元大S＆P原油反1,16918,3446,13472,元大證券,2023-03-08,9800
00923,群益台ESG低碳50,3693,12,3681,元大證券,2023-03-08,9800
00669R,國泰美國道瓊反1,2313,258,2055,元大證券,2023-03-08,9800
2301,光寶科,1694,206,1488,元大證券,2023-03-08,9800
2002,中鋼,2160,734,1426,元大證券,2023-03-08,9800
00648R,元大S＆P500反1,1342,222,1120,元大證券,2023-03-08,9800
00636,國泰中國A50,1417,328,1089,元大證券,2023-03-08,9800
00877,復華中國5G,1059,135,924,元大證券,2023-03-08,9800
00892,富邦台灣半導體,1922,1113,809,元大證券,2023-03-08,9800
00688L,國泰20年美債正2,788,0,788,元大證券,2023-03-08,9800
6285,啟��,787,46,741,元大證券,2023-03-08,9800
2449,京元電子,744,79,665,元大證券,2023-03-08,9800
00679B,元大美債20年,1130,475,655,元大證券,2023-03-08,9800
00900,富邦特選高股息30,3171,2532,639,元大證券,2023-03-08,9800
3037,欣興,899,272,627,元大證券,2023-03-08,9800
00634R,富邦上証反1,722,122,600,元大證券,2023-03-08,9800
00680L,元大美債20正2,1351,752,599,元大證券,2023-03-08,9800
2606,裕民,884,287,597,元大證券,2023-03-08,9800
2330,台積電,1227,643,584,元大證券,2023-03-08,9800
00893,國泰智能電動車,1717,1182,535,元大證券,2023-03-08,9800
00687B,國泰20年美債,520,64,456,元大證券,2023-03-08,9800
00646,元大S＆P500,460,25,435,元大證券,2023-03-08,9800
00895,富邦未來車,437,26,411,元大證券,2023-03-08,9800
00891,中信關鍵半導體,1570,1197,373,元大證券,2023-03-08,9800
1319,東陽,392,21,371,元大證券,2023-03-08,9800
00656R,國泰中國A50反1,553,191,362,元大證券,2023-03-08,9800
2338,光罩,372,20,352,元大證券,2023-03-08,9800
00830,國泰費城半導體,345,2,343,元大證券,2023-03-08,9800
2324,仁寶,561,218,343,元大證券,2023-03-08,9800
2409,友達,1237,900,337,元大證券,2023-03-08,9800
1301,台塑,701,365,336,元大證券,2023-03-08,9800
2006,東和鋼鐵,325,3,322,元大證券,2023-03-08,9800
00885,富邦越南,1143,824,319,元大證券,2023-03-08,9800
00654R,富邦印度反1,377,80,297,元大證券,2023-03-08,9800
6873,泓德能源,296,0,296,元大證券,2023-03-08,9800
00674R,期元大S＆P黃金反1,365,71,294,元大證券,2023-03-08,9800
020028,元大特選電動車N,303,18,285,元大證券,2023-03-08,9800
1227,佳格,286,2,284,元大證券,2023-03-08,9800
2812,台中銀,299,17,282,元大證券,2023-03-08,9800
6290,良維,418,136,282,元大證券,2023-03-08,9800
3231,緯創,500,220,280,元大證券,2023-03-08,9800
3044,健鼎,280,0,280,元大證券,2023-03-08,9800
6505,台塑化,355,76,279,元大證券,2023-03-08,9800
3703,欣陸,286,11,275,元大證券,2023-03-08,9800
6282,康舒,1311,1040,271,元大證券,2023-03-08,9800
2382,廣達,415,144,271,元大證券,2023-03-08,9800
2915,潤泰全,266,1,265,元大證券,2023-03-08,9800
020022,元大電動車N,264,23,241,元大證券,2023-03-08,9800
9907,統一實,342,102,240,元大證券,2023-03-08,9800
00673R,期元大S＆P原油反1,13547,2145,11402,元大證券,2023-03-09,9800
6770,力積電,3174,159,3015,元大證券,2023-03-09,9800
2603,長榮,2995,489,2506,元大證券,2023-03-09,9800
2609,陽明,1754,701,1053,元大證券,2023-03-09,9800
00686R,群益臺灣加權反1,1050,31,1019,元大證券,2023-03-09,9800
00665L,富邦�琤肭磪囓�2,7338,6335,1003,元大證券,2023-03-09,9800
1605,華新,2207,1331,876,元大證券,2023-03-09,9800
2303,聯電,2276,1450,826,元大證券,2023-03-09,9800
2886,兆豐金,976,225,751,元大證券,2023-03-09,9800
6182,合晶,721,36,685,元大證券,2023-03-09,9800
3231,緯創,746,79,667,元大證券,2023-03-09,9800
2449,京元電子,731,100,631,元大證券,2023-03-09,9800
020022,元大電動車N,670,49,621,元大證券,2023-03-09,9800
3624,光頡,965,404,561,元大證券,2023-03-09,9800
6285,啟��,581,38,543,元大證券,2023-03-09,9800
00902,中信電池及儲能,801,376,425,元大證券,2023-03-09,9800
1101,台泥,730,348,382,元大證券,2023-03-09,9800
00912,中信臺灣智慧50,315,1,314,元大證券,2023-03-09,9800
2610,華航,585,272,313,元大證券,2023-03-09,9800
2385,群光,345,34,311,元大證券,2023-03-09,9800
1907,永豐餘,322,12,310,元大證券,2023-03-09,9800
00687B,國泰20年美債,322,20,302,元大證券,2023-03-09,9800
2425,承啟,442,155,287,元大證券,2023-03-09,9800
2301,光寶科,390,122,268,元大證券,2023-03-09,9800
2388,威盛,1078,815,263,元大證券,2023-03-09,9800
3532,台勝科,272,15,257,元大證券,2023-03-09,9800
00888,永豐台灣ESG,263,26,237,元大證券,2023-03-09,9800
00892,富邦台灣半導體,559,334,225,元大證券,2023-03-09,9800
8069,元太,573,356,217,元大證券,2023-03-09,9800
3105,穩懋,291,88,203,元大證券,2023-03-09,9800
3037,欣興,724,525,199,元大證券,2023-03-09,9800
00650L,復華香港正2,3567,3369,198,元大證券,2023-03-09,9800
00634R,富邦上証反1,1158,961,197,元大證券,2023-03-09,9800
00877,復華中國5G,294,99,195,元大證券,2023-03-09,9800
2382,廣達,245,52,193,元大證券,2023-03-09,9800
00708L,期元大S＆P黃金正2,212,19,193,元大證券,2023-03-09,9800
00688L,國泰20年美債正2,198,5,193,元大證券,2023-03-09,9800
00908,富邦入息REITs+,219,27,192,元大證券,2023-03-09,9800
8222,寶一,1444,1259,185,元大證券,2023-03-09,9800
00656R,國泰中國A50反1,184,14,170,元大證券,2023-03-09,9800
2454,聯發科,226,58,168,元大證券,2023-03-09,9800
2027,大成鋼,225,58,167,元大證券,2023-03-09,9800
2324,仁寶,226,65,161,元大證券,2023-03-09,9800
2885,元大金,347,188,159,元大證券,2023-03-09,9800
5871,中租-KY,243,91,152,元大證券,2023-03-09,9800
1409,新纖,141,2,139,元大證券,2023-03-09,9800
00638R,元大滬深300反1,150,13,137,元大證券,2023-03-09,9800
00904,新光臺灣半導體30,135,0,135,元大證券,2023-03-09,9800
00639,富邦深100,205,75,130,元大證券,2023-03-09,9800
0050,元大台灣50,448,324,124,元大證券,2023-03-09,9800
00673R,期元大S＆P原油反1,25407,499,24908,元大證券,2023-03-10,9800
00671R,富邦NASDAQ反1,8651,1510,7141,元大證券,2023-03-10,9800
2324,仁寶,6709,1708,5001,元大證券,2023-03-10,9800
00680L,元大美債20正2,5985,2384,3601,元大證券,2023-03-10,9800
00676R,富邦臺灣加權反1,5163,3189,1974,元大證券,2023-03-10,9800
2356,英業達,3182,1359,1823,元大證券,2023-03-10,9800
2301,光寶科,2222,632,1590,元大證券,2023-03-10,9800
2347,聯強,1629,591,1038,元大證券,2023-03-10,9800
00895,富邦未來車,695,123,572,元大證券,2023-03-10,9800
020034,元大IC設計N,731,162,569,元大證券,2023-03-10,9800
2603,長榮,3488,2951,537,元大證券,2023-03-10,9800
00725B,國泰投資級公司債,813,349,464,元大證券,2023-03-10,9800
6147,頎邦,458,9,449,元大證券,2023-03-10,9800
00638R,元大滬深300反1,467,62,405,元大證券,2023-03-10,9800
00733,富邦臺灣中小,365,2,363,元大證券,2023-03-10,9800
2606,裕民,530,182,348,元大證券,2023-03-10,9800
00903,富邦元宇宙,756,437,319,元大證券,2023-03-10,9800
2027,大成鋼,337,35,302,元大證券,2023-03-10,9800
020029,元大ESG高股息N,294,34,260,元大證券,2023-03-10,9800
4919,新唐,333,75,258,元大證券,2023-03-10,9800
1319,東陽,351,92,259,元大證券,2023-03-10,9800
00696B,富邦美債20年,879,630,249,元大證券,2023-03-10,9800
2915,潤泰全,288,44,244,元大證券,2023-03-10,9800
3209,全科,245,14,231,元大證券,2023-03-10,9800
00708L,期元大S＆P黃金正2,234,10,224,元大證券,2023-03-10,9800
00830,國泰費城半導體,706,483,223,元大證券,2023-03-10,9800
00656R,國泰中國A50反1,259,44,215,元大證券,2023-03-10,9800
00681R,元大美債20反1,307,92,215,元大證券,2023-03-10,9800
1584,精剛,615,411,204,元大證券,2023-03-10,9800
5009,榮剛,376,175,201,元大證券,2023-03-10,9800
00688L,國泰20年美債正2,520,320,200,元大證券,2023-03-10,9800
00875,國泰網路資安,273,78,195,元大證券,2023-03-10,9800
00686R,群益臺灣加權反1,215,25,190,元大證券,2023-03-10,9800
2454,聯發科,446,260,186,元大證券,2023-03-10,9800
00773B,中信優先金融債,198,12,186,元大證券,2023-03-10,9800
2313,華通,589,405,184,元大證券,2023-03-10,9800
020023,元大櫃買半導體N,225,41,184,元大證券,2023-03-10,9800
6122,擎邦,191,10,181,元大證券,2023-03-10,9800
2449,京元電子,332,156,176,元大證券,2023-03-10,9800
2542,興富發,186,13,173,元大證券,2023-03-10,9800
6719,力智,270,106,164,元大證券,2023-03-10,9800
00908,富邦入息REITs+,265,106,159,元大證券,2023-03-10,9800
2006,東和鋼鐵,180,28,152,元大證券,2023-03-10,9800
3702,大聯大,728,583,145,元大證券,2023-03-10,9800
2359,所羅門,848,711,137,元大證券,2023-03-10,9800
2641,正德,281,146,135,元大證券,2023-03-10,9800
9939,宏全,242,119,123,元大證券,2023-03-10,9800
00780B,國泰A級金融債,286,163,123,元大證券,2023-03-10,9800
00918,大華優利高填息30,180,61,119,元大證券,2023-03-10,9800
2809,京城銀,130,13,117,元大證券,2023-03-10,9800
00673R,期元大S＆P原油反1,9764,1737,8027,元大證券,2023-03-13,9800
0050,元大台灣50,8418,1701,6717,元大證券,2023-03-13,9800
2324,仁寶,5268,2861,2407,元大證券,2023-03-13,9800
00641R,富邦日本反1,1954,15,1939,元大證券,2023-03-13,9800
5425,台半,2165,433,1732,元大證券,2023-03-13,9800
2356,英業達,3789,2185,1604,元大證券,2023-03-13,9800
00631L,元大台灣50正2,2628,1157,1471,元大證券,2023-03-13,9800
00753L,中信中國50正2,4405,2966,1439,元大證券,2023-03-13,9800
00900,富邦特選高股息30,3532,2236,1296,元大證券,2023-03-13,9800
00669R,國泰美國道瓊反1,5570,4331,1239,元大證券,2023-03-13,9800
00881,國泰台灣5G+,2774,1563,1211,元大證券,2023-03-13,9800
00665L,富邦�琤肭磪囓�2,10714,9511,1203,元大證券,2023-03-13,9800
00725B,國泰投資級公司債,1218,76,1142,元大證券,2023-03-13,9800
00909,國泰數位支付服務,1139,9,1130,元大證券,2023-03-13,9800
00671R,富邦NASDAQ反1,5794,4824,970,元大證券,2023-03-13,9800
00706L,期元大S＆P日圓正2,1620,671,949,元大證券,2023-03-13,9800
2618,長榮航,1218,273,945,元大證券,2023-03-13,9800
0056,元大高股息,11302,10443,859,元大證券,2023-03-13,9800
2330,台積電,1106,361,745,元大證券,2023-03-13,9800
00885,富邦越南,1410,677,733,元大證券,2023-03-13,9800
2301,光寶科,1529,827,702,元大證券,2023-03-13,9800
00903,富邦元宇宙,968,272,696,元大證券,2023-03-13,9800
3711,日月光投控,774,103,671,元大證券,2023-03-13,9800
00720B,元大投資級公司債,999,339,660,元大證券,2023-03-13,9800
00708L,期元大S＆P黃金正2,767,117,650,元大證券,2023-03-13,9800
2412,中華電,1009,404,605,元大證券,2023-03-13,9800
00896,中信綠能及電動車,666,67,599,元大證券,2023-03-13,9800
00897,富邦基因免疫生技,746,151,595,元大證券,2023-03-13,9800
00635U,期元大S＆P黃金,747,172,575,元大證券,2023-03-13,9800
00772B,中信高評級公司債,651,93,558,元大證券,2023-03-13,9800
3231,緯創,808,287,521,元大證券,2023-03-13,9800
5347,世界,537,48,489,元大證券,2023-03-13,9800
006208,富邦台50,1208,735,473,元大證券,2023-03-13,9800
00650L,復華香港正2,4917,4454,463,元大證券,2023-03-13,9800
2201,裕隆,1138,690,448,元大證券,2023-03-13,9800
2409,友達,1050,602,448,元大證券,2023-03-13,9800
00687B,國泰20年美債,974,536,438,元大證券,2023-03-13,9800
00891,中信關鍵半導體,1910,1473,437,元大證券,2023-03-13,9800
00675L,富邦臺灣加權正2,1133,700,433,元大證券,2023-03-13,9800
3702,大聯大,1579,1150,429,元大證券,2023-03-13,9800
00692,富邦公司治理,618,191,427,元大證券,2023-03-13,9800
6180,橘子,580,161,419,元大證券,2023-03-13,9800
00894,中信小資高價30,442,26,416,元大證券,2023-03-13,9800
020022,元大電動車N,424,12,412,元大證券,2023-03-13,9800
2883,凱基金,3856,3452,404,元大證券,2023-03-13,9800
2317,鴻海,892,508,384,元大證券,2023-03-13,9800
00726B,國泰新興投等債,380,0,380,元大證券,2023-03-13,9800
00761B,國泰A級公司債,421,44,377,元大證券,2023-03-13,9800
00647L,元大S＆P500正2,497,150,347,元大證券,2023-03-13,9800
2890,永豐金,2518,2174,344,元大證券,2023-03-13,9800
00632R,元大台灣50反1,80035,24440,55595,元大證券,2023-03-14,9800
00671R,富邦NASDAQ反1,11383,1053,10330,元大證券,2023-03-14,9800
00673R,期元大S＆P原油反1,4841,1018,3823,元大證券,2023-03-14,9800
00680L,元大美債20正2,6036,3272,2764,元大證券,2023-03-14,9800
00909,國泰數位支付服務,2376,55,2321,元大證券,2023-03-14,9800
2301,光寶科,1525,416,1109,元大證券,2023-03-14,9800
00641R,富邦日本反1,1274,197,1077,元大證券,2023-03-14,9800
2603,長榮,2513,1488,1025,元大證券,2023-03-14,9800
2412,中華電,1270,336,934,元大證券,2023-03-14,9800
2303,聯電,2204,1327,877,元大證券,2023-03-14,9800
00687B,國泰20年美債,1071,312,759,元大證券,2023-03-14,9800
2324,仁寶,1724,995,729,元大證券,2023-03-14,9800
2890,永豐金,1832,1103,729,元大證券,2023-03-14,9800
6182,合晶,742,43,699,元大證券,2023-03-14,9800
00688L,國泰20年美債正2,693,27,666,元大證券,2023-03-14,9800
00669R,國泰美國道瓊反1,2467,1839,628,元大證券,2023-03-14,9800
2834,臺企銀,1157,560,597,元大證券,2023-03-14,9800
1301,台塑,751,170,581,元大證券,2023-03-14,9800
2727,王品,669,110,559,元大證券,2023-03-14,9800
2356,英業達,1309,773,536,元大證券,2023-03-14,9800
0050,元大台灣50,938,411,527,元大證券,2023-03-14,9800
1102,亞泥,653,176,477,元大證券,2023-03-14,9800
00783,富邦中証500,419,0,419,元大證券,2023-03-14,9800
2353,宏��,1070,673,397,元大證券,2023-03-14,9800
3702,大聯大,754,382,372,元大證券,2023-03-14,9800
2883,凱基金,2064,1716,348,元大證券,2023-03-14,9800
1402,遠東新,866,565,301,元大證券,2023-03-14,9800
3027,盛達,344,62,282,元大證券,2023-03-14,9800
3046,建��,1143,883,260,元大證券,2023-03-14,9800
00676R,富邦臺灣加權反1,2633,2375,258,元大證券,2023-03-14,9800
2347,聯強,597,344,253,元大證券,2023-03-14,9800
9939,宏全,297,46,251,元大證券,2023-03-14,9800
3704,合勤控,282,48,234,元大證券,2023-03-14,9800
1504,東元,563,346,217,元大證券,2023-03-14,9800
2002,中鋼,1123,914,209,元大證券,2023-03-14,9800
00648R,元大S＆P500反1,959,764,195,元大證券,2023-03-14,9800
2634,漢翔,469,280,189,元大證券,2023-03-14,9800
2385,群光,216,43,173,元大證券,2023-03-14,9800
1701,中化,181,12,169,元大證券,2023-03-14,9800
1319,東陽,225,61,164,元大證券,2023-03-14,9800
4904,遠傳,423,262,161,元大證券,2023-03-14,9800
2605,新興,373,216,157,元大證券,2023-03-14,9800
00670L,富邦NASDAQ正2,578,429,149,元大證券,2023-03-14,9800
6244,茂迪,423,280,143,元大證券,2023-03-14,9800
8933,愛地雅,208,76,132,元大證券,2023-03-14,9800
5289,宜鼎,150,21,129,元大證券,2023-03-14,9800
00903,富邦元宇宙,714,589,125,元大證券,2023-03-14,9800
2408,南亞科,371,249,122,元大證券,2023-03-14,9800
2382,廣達,506,386,120,元大證券,2023-03-14,9800
5876,上海商銀,507,389,118,元大證券,2023-03-14,9800
00632R,元大台灣50反1,47367,31722,15645,元大證券,2023-03-15,9800
00673R,期元大S＆P原油反1,10762,1984,8778,元大證券,2023-03-15,9800
00671R,富邦NASDAQ反1,4520,1016,3504,元大證券,2023-03-15,9800
2610,華航,2822,491,2331,元大證券,2023-03-15,9800
00650L,復華香港正2,3383,1307,2076,元大證券,2023-03-15,9800
2498,宏達電,2084,294,1790,元大證券,2023-03-15,9800
00665L,富邦�琤肭磪囓�2,7059,5452,1607,元大證券,2023-03-15,9800
00881,國泰台灣5G+,2330,976,1354,元大證券,2023-03-15,9800
1301,台塑,1391,221,1170,元大證券,2023-03-15,9800
00670L,富邦NASDAQ正2,1268,120,1148,元大證券,2023-03-15,9800
00882,中信中國高股息,3178,2082,1096,元大證券,2023-03-15,9800
00885,富邦越南,1651,674,977,元大證券,2023-03-15,9800
006205,富邦上証,933,55,878,元大證券,2023-03-15,9800
00891,中信關鍵半導體,2100,1263,837,元大證券,2023-03-15,9800
00896,中信綠能及電動車,970,145,825,元大證券,2023-03-15,9800
00687B,國泰20年美債,997,252,745,元大證券,2023-03-15,9800
00892,富邦台灣半導體,1402,743,659,元大證券,2023-03-15,9800
00683L,期元大美元指正2,628,0,628,元大證券,2023-03-15,9800
3006,晶豪科,609,31,578,元大證券,2023-03-15,9800
00900,富邦特選高股息30,1737,1186,551,元大證券,2023-03-15,9800
8046,南電,569,76,493,元大證券,2023-03-15,9800
5425,台半,844,372,472,元大證券,2023-03-15,9800
3189,景碩,529,61,468,元大證券,2023-03-15,9800
00903,富邦元宇宙,439,7,432,元大證券,2023-03-15,9800
00646,元大S＆P500,822,395,427,元大證券,2023-03-15,9800
2388,威盛,882,463,419,元大證券,2023-03-15,9800
00830,國泰費城半導體,436,22,414,元大證券,2023-03-15,9800
00753L,中信中國50正2,1914,1507,407,元大證券,2023-03-15,9800
2615,萬海,1083,695,388,元大證券,2023-03-15,9800
00894,中信小資高價30,634,266,368,元大證券,2023-03-15,9800
3711,日月光投控,571,221,350,元大證券,2023-03-15,9800
020022,元大電動車N,295,8,287,元大證券,2023-03-15,9800
00905,FT臺灣Smart,624,351,273,元大證券,2023-03-15,9800
00641R,富邦日本反1,394,134,260,元大證券,2023-03-15,9800
00752,中信中國50,609,367,242,元大證券,2023-03-15,9800
00635U,期元大S＆P黃金,229,1,228,元大證券,2023-03-15,9800
00852L,國泰美國道瓊正2,273,49,224,元大證券,2023-03-15,9800
00733,富邦臺灣中小,229,6,223,元大證券,2023-03-15,9800
3056,富華新,241,20,221,元大證券,2023-03-15,9800
00708L,期元大S＆P黃金正2,210,10,200,元大證券,2023-03-15,9800
2382,廣達,736,539,197,元大證券,2023-03-15,9800
2885,元大金,233,42,191,元大證券,2023-03-15,9800
6244,茂迪,447,264,183,元大證券,2023-03-15,9800
00692,富邦公司治理,691,508,183,元大證券,2023-03-15,9800
00783,富邦中証500,253,70,183,元大證券,2023-03-15,9800
2027,大成鋼,598,415,183,元大證券,2023-03-15,9800
00654R,富邦印度反1,164,0,164,元大證券,2023-03-15,9800
00901,永豐智能車供應鏈,156,2,154,元大證券,2023-03-15,9800
00902,中信電池及儲能,666,514,152,元大證券,2023-03-15,9800
3552,同致,163,14,149,元大證券,2023-03-15,9800
00632R,元大台灣50反1,86253,51100,35153,元大證券,2023-03-16,9800
00673R,期元大S＆P原油反1,15389,2708,12681,元大證券,2023-03-16,9800
00664R,國泰臺灣加權反1,8104,2132,5972,元大證券,2023-03-16,9800
00637L,元大滬深300正2,26445,22308,4137,元大證券,2023-03-16,9800
00669R,國泰美國道瓊反1,4534,737,3797,元大證券,2023-03-16,9800
00680L,元大美債20正2,7160,4539,2621,元大證券,2023-03-16,9800
00900,富邦特選高股息30,4229,2031,2198,元大證券,2023-03-16,9800
00671R,富邦NASDAQ反1,3086,1327,1759,元大證券,2023-03-16,9800
00670L,富邦NASDAQ正2,1852,99,1753,元大證券,2023-03-16,9800
2382,廣達,1916,222,1694,元大證券,2023-03-16,9800
00676R,富邦臺灣加權反1,5545,3957,1588,元大證券,2023-03-16,9800
2303,聯電,2377,858,1519,元大證券,2023-03-16,9800
00891,中信關鍵半導體,3882,2393,1489,元大證券,2023-03-16,9800
2324,仁寶,2331,1177,1154,元大證券,2023-03-16,9800
00897,富邦基因免疫生技,1055,67,988,元大證券,2023-03-16,9800
2002,中鋼,1267,307,960,元大證券,2023-03-16,9800
0050,元大台灣50,4831,3959,872,元大證券,2023-03-16,9800
9945,潤泰新,2380,1541,839,元大證券,2023-03-16,9800
00641R,富邦日本反1,942,137,805,元大證券,2023-03-16,9800
2356,英業達,1527,775,752,元大證券,2023-03-16,9800
00687B,國泰20年美債,1077,361,716,元大證券,2023-03-16,9800
00894,中信小資高價30,773,86,687,元大證券,2023-03-16,9800
00893,國泰智能電動車,1998,1332,666,元大證券,2023-03-16,9800
00896,中信綠能及電動車,928,314,614,元大證券,2023-03-16,9800
00683L,期元大美元指正2,835,286,549,元大證券,2023-03-16,9800
020034,元大IC設計N,626,83,543,元大證券,2023-03-16,9800
00654R,富邦印度反1,635,106,529,元大證券,2023-03-16,9800
2317,鴻海,955,438,517,元大證券,2023-03-16,9800
00635U,期元大S＆P黃金,496,20,476,元大證券,2023-03-16,9800
00633L,富邦上証正2,2754,2295,459,元大證券,2023-03-16,9800
00651R,復華香港反1,544,91,453,元大證券,2023-03-16,9800
2885,元大金,461,26,435,元大證券,2023-03-16,9800
00675L,富邦臺灣加權正2,2301,1871,430,元大證券,2023-03-16,9800
1101,台泥,875,476,399,元大證券,2023-03-16,9800
6182,合晶,477,86,391,元大證券,2023-03-16,9800
00708L,期元大S＆P黃金正2,568,189,379,元大證券,2023-03-16,9800
9939,宏全,462,87,375,元大證券,2023-03-16,9800
00757,統一FANG+,361,5,356,元大證券,2023-03-16,9800
2607,榮運,365,15,350,元大證券,2023-03-16,9800
00639,富邦深100,434,86,348,元大證券,2023-03-16,9800
00648R,元大S＆P500反1,608,269,339,元大證券,2023-03-16,9800
00655L,國泰中國A50正2,1574,1246,328,元大證券,2023-03-16,9800
020022,元大電動車N,335,22,313,元大證券,2023-03-16,9800
00881,國泰台灣5G+,2052,1746,306,元大證券,2023-03-16,9800
3481,群創,1457,1181,276,元大證券,2023-03-16,9800
3532,台勝科,293,34,259,元大證券,2023-03-16,9800
00681R,元大美債20反1,347,90,257,元大證券,2023-03-16,9800
1303,南亞,657,402,255,元大證券,2023-03-16,9800
00882,中信中國高股息,1474,1223,251,元大證券,2023-03-16,9800
2301,光寶科,558,321,237,元大證券,2023-03-16,9800
1605,華新,18712,280,18432,元大證券,2023-03-17,9800
00673R,期元大S＆P原油反1,8247,1122,7125,元大證券,2023-03-17,9800
2002,中鋼,5813,129,5684,元大證券,2023-03-17,9800
2324,仁寶,5351,398,4953,元大證券,2023-03-17,9800
00671R,富邦NASDAQ反1,8879,4016,4863,元大證券,2023-03-17,9800
2303,聯電,5264,660,4604,元大證券,2023-03-17,9800
00665L,富邦�琤肭磪囓�2,13857,9553,4304,元大證券,2023-03-17,9800
0050,元大台灣50,7060,2892,4168,元大證券,2023-03-17,9800
2353,宏��,3240,428,2812,元大證券,2023-03-17,9800
00753L,中信中國50正2,3083,750,2333,元大證券,2023-03-17,9800
00715L,期街口布蘭特正2,9911,7610,2301,元大證券,2023-03-17,9800
00670L,富邦NASDAQ正2,2285,37,2248,元大證券,2023-03-17,9800
3231,緯創,2481,251,2230,元大證券,2023-03-17,9800
00891,中信關鍵半導體,3342,1373,1969,元大證券,2023-03-17,9800
1303,南亞,1759,52,1707,元大證券,2023-03-17,9800
0056,元大高股息,5473,3866,1607,元大證券,2023-03-17,9800
2301,光寶科,1492,78,1414,元大證券,2023-03-17,9800
00631L,元大台灣50正2,2058,661,1397,元大證券,2023-03-17,9800
1101,台泥,1387,49,1338,元大證券,2023-03-17,9800
00882,中信中國高股息,1472,173,1299,元大證券,2023-03-17,9800
1402,遠東新,1238,39,1199,元大證券,2023-03-17,9800
00893,國泰智能電動車,1403,384,1019,元大證券,2023-03-17,9800
2347,聯強,899,14,885,元大證券,2023-03-17,9800
2881,富邦金,996,128,868,元大證券,2023-03-17,9800
3045,台灣大,985,124,861,元大證券,2023-03-17,9800
00878,國泰永續高股息,5671,4835,836,元大證券,2023-03-17,9800
00692,富邦公司治理,800,0,800,元大證券,2023-03-17,9800
00708L,期元大S＆P黃金正2,977,179,798,元大證券,2023-03-17,9800
00757,統一FANG+,751,1,750,元大證券,2023-03-17,9800
00676R,富邦臺灣加權反1,2236,1556,680,元大證券,2023-03-17,9800
00900,富邦特選高股息30,1194,538,656,元大證券,2023-03-17,9800
00923,群益台ESG低碳50,927,301,626,元大證券,2023-03-17,9800
00636,國泰中國A50,673,72,601,元大證券,2023-03-17,9800
00706L,期元大S＆P日圓正2,704,144,560,元大證券,2023-03-17,9800
2409,友達,928,377,551,元大證券,2023-03-17,9800
00654R,富邦印度反1,528,0,528,元大證券,2023-03-17,9800
00894,中信小資高價30,571,65,506,元大證券,2023-03-17,9800
00648R,元大S＆P500反1,817,320,497,元大證券,2023-03-17,9800
00669R,國泰美國道瓊反1,3292,2798,494,元大證券,2023-03-17,9800
006205,富邦上証,550,116,434,元大證券,2023-03-17,9800
6244,茂迪,1595,1177,418,元大證券,2023-03-17,9800
00646,元大S＆P500,397,8,389,元大證券,2023-03-17,9800
00885,富邦越南,1777,1391,386,元大證券,2023-03-17,9800
2834,臺企銀,712,336,376,元大證券,2023-03-17,9800
020022,元大電動車N,369,2,367,元大證券,2023-03-17,9800
00907,永豐優息存股,484,127,357,元大證券,2023-03-17,9800
2317,鴻海,1154,813,341,元大證券,2023-03-17,9800
5009,榮剛,608,272,336,元大證券,2023-03-17,9800
1102,亞泥,493,159,334,元大證券,2023-03-17,9800
00641R,富邦日本反1,538,217,321,元大證券,2023-03-17,9800
00632R,元大台灣50反1,44380,5564,38816,元大證券,2023-03-20,9800
00669R,國泰美國道瓊反1,5844,459,5385,元大證券,2023-03-20,9800
0056,元大高股息,5923,2243,3680,元大證券,2023-03-20,9800
3037,欣興,3957,291,3666,元大證券,2023-03-20,9800
00673R,期元大S＆P原油反1,8272,5751,2521,元大證券,2023-03-20,9800
0050,元大台灣50,2316,405,1911,元大證券,2023-03-20,9800
00651R,復華香港反1,1882,27,1855,元大證券,2023-03-20,9800
00830,國泰費城半導體,1426,51,1375,元大證券,2023-03-20,9800
00671R,富邦NASDAQ反1,1946,667,1279,元大證券,2023-03-20,9800
00676R,富邦臺灣加權反1,3238,2180,1058,元大證券,2023-03-20,9800
00635U,期元大S＆P黃金,1185,144,1041,元大證券,2023-03-20,9800
5347,世界,1018,22,996,元大證券,2023-03-20,9800
00680L,元大美債20正2,4187,3352,835,元大證券,2023-03-20,9800
00708L,期元大S＆P黃金正2,1244,416,828,元大證券,2023-03-20,9800
1301,台塑,817,34,783,元大證券,2023-03-20,9800
00648R,元大S＆P500反1,823,96,727,元大證券,2023-03-20,9800
00752,中信中國50,1086,368,718,元大證券,2023-03-20,9800
3712,永崴投控,692,45,647,元大證券,2023-03-20,9800
3711,日月光投控,1053,428,625,元大證券,2023-03-20,9800
00751B,元大AAA至A公司債,835,236,599,元大證券,2023-03-20,9800
2610,華航,635,45,590,元大證券,2023-03-20,9800
00664R,國泰臺灣加權反1,1049,462,587,元大證券,2023-03-20,9800
00687B,國泰20年美債,685,108,577,元大證券,2023-03-20,9800
00893,國泰智能電動車,770,211,559,元大證券,2023-03-20,9800
00920,富邦ESG綠色電力,624,96,528,元大證券,2023-03-20,9800
00641R,富邦日本反1,508,26,482,元大證券,2023-03-20,9800
00773B,中信優先金融債,1196,763,433,元大證券,2023-03-20,9800
2615,萬海,629,202,427,元大證券,2023-03-20,9800
3481,群創,652,286,366,元大證券,2023-03-20,9800
00688L,國泰20年美債正2,537,175,362,元大證券,2023-03-20,9800
00706L,期元大S＆P日圓正2,404,64,340,元大證券,2023-03-20,9800
2634,漢翔,419,96,323,元大證券,2023-03-20,9800
2449,京元電子,357,44,313,元大證券,2023-03-20,9800
020023,元大櫃買半導體N,312,13,299,元大證券,2023-03-20,9800
1519,華城,358,63,295,元大證券,2023-03-20,9800
00909,國泰數位支付服務,369,83,286,元大證券,2023-03-20,9800
2002,中鋼,304,24,280,元大證券,2023-03-20,9800
3231,緯創,378,100,278,元大證券,2023-03-20,9800
9945,潤泰新,479,207,272,元大證券,2023-03-20,9800
1102,亞泥,249,1,248,元大證券,2023-03-20,9800
2313,華通,291,45,246,元大證券,2023-03-20,9800
00634R,富邦上証反1,274,33,241,元大證券,2023-03-20,9800
006201,元大富櫃50,241,1,240,元大證券,2023-03-20,9800
6274,台燿,327,96,231,元大證券,2023-03-20,9800
2454,聯發科,334,118,216,元大證券,2023-03-20,9800
00875,國泰網路資安,241,27,214,元大證券,2023-03-20,9800
020034,元大IC設計N,258,52,206,元大證券,2023-03-20,9800
2886,兆豐金,207,10,197,元大證券,2023-03-20,9800
1514,亞力,213,20,193,元大證券,2023-03-20,9800
2382,廣達,194,1,193,元大證券,2023-03-20,9800
00637L,元大滬深300正2,28596,18797,9799,元大證券,2023-03-21,9800
00632R,元大台灣50反1,31271,22549,8722,元大證券,2023-03-21,9800
00715L,期街口布蘭特正2,10070,7153,2917,元大證券,2023-03-21,9800
2344,華邦電,2306,120,2186,元大證券,2023-03-21,9800
3231,緯創,2678,663,2015,元大證券,2023-03-21,9800
2356,英業達,1439,51,1388,元大證券,2023-03-21,9800
1513,中興電,1529,179,1350,元大證券,2023-03-21,9800
3037,欣興,1199,201,998,元大證券,2023-03-21,9800
00633L,富邦上証正2,2424,1600,824,元大證券,2023-03-21,9800
00708L,期元大S＆P黃金正2,983,228,755,元大證券,2023-03-21,9800
1301,台塑,785,31,754,元大證券,2023-03-21,9800
2889,國票金,920,231,689,元大證券,2023-03-21,9800
2201,裕隆,1239,552,687,元大證券,2023-03-21,9800
6182,合晶,851,170,681,元大證券,2023-03-21,9800
00706L,期元大S＆P日圓正2,762,119,643,元大證券,2023-03-21,9800
2610,華航,691,86,605,元大證券,2023-03-21,9800
5009,榮剛,933,416,517,元大證券,2023-03-21,9800
2615,萬海,717,202,515,元大證券,2023-03-21,9800
3703,欣陸,526,22,504,元大證券,2023-03-21,9800
00635U,期元大S＆P黃金,521,22,499,元大證券,2023-03-21,9800
2382,廣達,534,49,485,元大證券,2023-03-21,9800
00683L,期元大美元指正2,564,106,458,元大證券,2023-03-21,9800
020022,元大電動車N,456,14,442,元大證券,2023-03-21,9800
0050,元大台灣50,672,245,427,元大證券,2023-03-21,9800
0056,元大高股息,478,105,373,元大證券,2023-03-21,9800
1216,統一,419,46,373,元大證券,2023-03-21,9800
00891,中信關鍵半導體,1313,941,372,元大證券,2023-03-21,9800
00830,國泰費城半導體,447,93,354,元大證券,2023-03-21,9800
00908,富邦入息REITs+,305,8,297,元大證券,2023-03-21,9800
2338,光罩,407,112,295,元大證券,2023-03-21,9800
00646,元大S＆P500,278,2,276,元大證券,2023-03-21,9800
00676R,富邦臺灣加權反1,3053,2790,263,元大證券,2023-03-21,9800
3005,神基,266,6,260,元大證券,2023-03-21,9800
2915,潤泰全,312,52,260,元大證券,2023-03-21,9800
8046,南電,294,47,247,元大證券,2023-03-21,9800
1584,精剛,244,3,241,元大證券,2023-03-21,9800
1504,東元,479,243,236,元大證券,2023-03-21,9800
2884,玉山金,250,16,234,元大證券,2023-03-21,9800
6143,振曜,263,32,231,元大證券,2023-03-21,9800
2606,裕民,351,121,230,元大證券,2023-03-21,9800
2453,凌群,2528,2312,216,元大證券,2023-03-21,9800
3006,晶豪科,234,20,214,元大證券,2023-03-21,9800
2313,華通,263,57,206,元大證券,2023-03-21,9800
4919,新唐,201,1,200,元大證券,2023-03-21,9800
2903,遠百,200,0,200,元大證券,2023-03-21,9800
3432,台端,539,350,189,元大證券,2023-03-21,9800
00752,中信中國50,771,592,179,元大證券,2023-03-21,9800
2204,中華,221,53,168,元大證券,2023-03-21,9800
00901,永豐智能車供應鏈,204,36,168,元大證券,2023-03-21,9800
2881,富邦金,215,50,165,元大證券,2023-03-21,9800
0050,元大台灣50,5006,99,4907,元大證券,2023-03-22,9800
00650L,復華香港正2,6861,2568,4293,元大證券,2023-03-22,9800
3231,緯創,4373,907,3466,元大證券,2023-03-22,9800
00893,國泰智能電動車,3453,186,3267,元大證券,2023-03-22,9800
00881,國泰台灣5G+,3020,200,2820,元大證券,2023-03-22,9800
00665L,富邦�琤肭磪囓�2,8076,5320,2756,元大證券,2023-03-22,9800
00891,中信關鍵半導體,2437,22,2415,元大證券,2023-03-22,9800
00923,群益台ESG低碳50,2064,2,2062,元大證券,2023-03-22,9800
00882,中信中國高股息,3004,1179,1825,元大證券,2023-03-22,9800
00753L,中信中國50正2,4530,2933,1597,元大證券,2023-03-22,9800
020022,元大電動車N,1944,405,1539,元大證券,2023-03-22,9800
00878,國泰永續高股息,4872,3614,1258,元大證券,2023-03-22,9800
2882,國泰金,1268,103,1165,元大證券,2023-03-22,9800
00641R,富邦日本反1,1256,138,1118,元大證券,2023-03-22,9800
2303,聯電,2136,1042,1094,元大證券,2023-03-22,9800
6182,合晶,1104,61,1043,元大證券,2023-03-22,9800
00895,富邦未來車,1029,123,906,元大證券,2023-03-22,9800
00670L,富邦NASDAQ正2,905,36,869,元大證券,2023-03-22,9800
00885,富邦越南,2187,1352,835,元大證券,2023-03-22,9800
2889,國票金,1008,220,788,元大證券,2023-03-22,9800
2356,英業達,897,119,778,元大證券,2023-03-22,9800
00635U,期元大S＆P黃金,774,18,756,元大證券,2023-03-22,9800
020029,元大ESG高股息N,753,2,751,元大證券,2023-03-22,9800
2338,光罩,759,12,747,元大證券,2023-03-22,9800
00900,富邦特選高股息30,1349,602,747,元大證券,2023-03-22,9800
00892,富邦台灣半導體,960,227,733,元大證券,2023-03-22,9800
2324,仁寶,768,38,730,元大證券,2023-03-22,9800
020028,元大特選電動車N,712,7,705,元大證券,2023-03-22,9800
00634R,富邦上証反1,704,5,699,元大證券,2023-03-22,9800
00713,元大台灣高息低波,853,198,655,元大證券,2023-03-22,9800
00642U,期元大S＆P石油,1952,1313,639,元大證券,2023-03-22,9800
5425,台半,1009,412,597,元大證券,2023-03-22,9800
00888,永豐台灣ESG,728,153,575,元大證券,2023-03-22,9800
00675L,富邦臺灣加權正2,583,36,547,元大證券,2023-03-22,9800
00905,FT臺灣Smart,547,1,546,元大證券,2023-03-22,9800
2330,台積電,1387,868,519,元大證券,2023-03-22,9800
00631L,元大台灣50正2,1459,947,512,元大證券,2023-03-22,9800
006208,富邦台50,680,171,509,元大證券,2023-03-22,9800
00692,富邦公司治理,620,130,490,元大證券,2023-03-22,9800
00850,元大臺灣ESG永續,485,1,484,元大證券,2023-03-22,9800
00877,復華中國5G,615,159,456,元大證券,2023-03-22,9800
2317,鴻海,483,46,437,元大證券,2023-03-22,9800
2313,華通,541,114,427,元大證券,2023-03-22,9800
3532,台勝科,438,15,423,元大證券,2023-03-22,9800
3037,欣興,707,285,422,元大證券,2023-03-22,9800
3260,威剛,480,58,422,元大證券,2023-03-22,9800
00708L,期元大S＆P黃金正2,777,379,398,元大證券,2023-03-22,9800
00896,中信綠能及電動車,812,451,361,元大證券,2023-03-22,9800
00674R,期元大S＆P黃金反1,537,179,358,元大證券,2023-03-22,9800
00656R,國泰中國A50反1,451,116,335,元大證券,2023-03-22,9800
00637L,元大滬深300正2,21466,12564,8902,元大證券,2023-03-23,9800
0050,元大台灣50,8448,777,7671,元大證券,2023-03-23,9800
3231,緯創,5889,969,4920,元大證券,2023-03-23,9800
00715L,期街口布蘭特正2,9514,4920,4594,元大證券,2023-03-23,9800
00878,國泰永續高股息,9750,5270,4480,元大證券,2023-03-23,9800
00753L,中信中國50正2,4145,694,3451,元大證券,2023-03-23,9800
00891,中信關鍵半導體,3929,484,3445,元大證券,2023-03-23,9800
3037,欣興,2280,309,1971,元大證券,2023-03-23,9800
00671R,富邦NASDAQ反1,2289,552,1737,元大證券,2023-03-23,9800
00706L,期元大S＆P日圓正2,1769,77,1692,元大證券,2023-03-23,9800
020022,元大電動車N,1694,29,1665,元大證券,2023-03-23,9800
00669R,國泰美國道瓊反1,3837,2272,1565,元大證券,2023-03-23,9800
00877,復華中國5G,1886,729,1157,元大證券,2023-03-23,9800
3260,威剛,1140,159,981,元大證券,2023-03-23,9800
6182,合晶,1100,127,973,元大證券,2023-03-23,9800
00683L,期元大美元指正2,1210,316,894,元大證券,2023-03-23,9800
00902,中信電池及儲能,1135,305,830,元大證券,2023-03-23,9800
00738U,期元大道瓊白銀,797,5,792,元大證券,2023-03-23,9800
00752,中信中國50,836,50,786,元大證券,2023-03-23,9800
00881,國泰台灣5G+,1844,1138,706,元大證券,2023-03-23,9800
5880,合庫金,674,4,670,元大證券,2023-03-23,9800
020028,元大特選電動車N,664,9,655,元大證券,2023-03-23,9800
00893,國泰智能電動車,1686,1072,614,元大證券,2023-03-23,9800
2356,英業達,940,333,607,元大證券,2023-03-23,9800
00708L,期元大S＆P黃金正2,698,101,597,元大證券,2023-03-23,9800
00687B,國泰20年美債,763,187,576,元大證券,2023-03-23,9800
00633L,富邦上証正2,2130,1607,523,元大證券,2023-03-23,9800
2382,廣達,538,27,511,元大證券,2023-03-23,9800
3481,群創,971,461,510,元大證券,2023-03-23,9800
5009,榮剛,581,84,497,元大證券,2023-03-23,9800
006205,富邦上証,495,0,495,元大證券,2023-03-23,9800
2634,漢翔,655,167,488,元大證券,2023-03-23,9800
00892,富邦台灣半導體,990,547,443,元大證券,2023-03-23,9800
00648R,元大S＆P500反1,729,291,438,元大證券,2023-03-23,9800
2317,鴻海,430,31,399,元大證券,2023-03-23,9800
020029,元大ESG高股息N,404,12,392,元大證券,2023-03-23,9800
00662,富邦NASDAQ,754,387,367,元大證券,2023-03-23,9800
00670L,富邦NASDAQ正2,864,500,364,元大證券,2023-03-23,9800
00888,永豐台灣ESG,763,405,358,元大證券,2023-03-23,9800
2313,華通,457,100,357,元大證券,2023-03-23,9800
8201,無敵,333,0,333,元大證券,2023-03-23,9800
00641R,富邦日本反1,394,65,329,元大證券,2023-03-23,9800
2383,台光電,332,13,319,元大證券,2023-03-23,9800
00639,富邦深100,323,4,319,元大證券,2023-03-23,9800
00923,群益台ESG低碳50,1888,1572,316,元大證券,2023-03-23,9800
5876,上海商銀,290,2,288,元大證券,2023-03-23,9800
00901,永豐智能車供應鏈,321,35,286,元大證券,2023-03-23,9800
00905,FT臺灣Smart,359,87,272,元大證券,2023-03-23,9800
6274,台燿,341,75,266,元大證券,2023-03-23,9800
2409,友達,452,186,266,元大證券,2023-03-23,9800
0056,元大高股息,10650,37,10613,元大證券,2023-03-24,9800
00673R,期元大S＆P原油反1,12936,3258,9678,元大證券,2023-03-24,9800
00878,國泰永續高股息,8727,3334,5393,元大證券,2023-03-24,9800
00669R,國泰美國道瓊反1,5763,499,5264,元大證券,2023-03-24,9800
2317,鴻海,5008,847,4161,元大證券,2023-03-24,9800
0050,元大台灣50,3726,47,3679,元大證券,2023-03-24,9800
00893,國泰智能電動車,4047,640,3407,元大證券,2023-03-24,9800
00715L,期街口布蘭特正2,7702,4751,2951,元大證券,2023-03-24,9800
00885,富邦越南,2933,331,2602,元大證券,2023-03-24,9800
00650L,復華香港正2,4040,1879,2161,元大證券,2023-03-24,9800
00891,中信關鍵半導體,2873,789,2084,元大證券,2023-03-24,9800
00881,國泰台灣5G+,3033,1060,1973,元大證券,2023-03-24,9800
020022,元大電動車N,2016,67,1949,元大證券,2023-03-24,9800
2344,華邦電,2461,602,1859,元大證券,2023-03-24,9800
1504,東元,2560,725,1835,元大證券,2023-03-24,9800
00706L,期元大S＆P日圓正2,1787,0,1787,元大證券,2023-03-24,9800
00753L,中信中國50正2,3767,2225,1542,元大證券,2023-03-24,9800
00708L,期元大S＆P黃金正2,1979,441,1538,元大證券,2023-03-24,9800
00680L,元大美債20正2,2744,1261,1483,元大證券,2023-03-24,9800
5876,上海商銀,1302,1,1301,元大證券,2023-03-24,9800
00664R,國泰臺灣加權反1,1543,257,1286,元大證券,2023-03-24,9800
00894,中信小資高價30,1315,202,1113,元大證券,2023-03-24,9800
2615,萬海,1229,157,1072,元大證券,2023-03-24,9800
00896,中信綠能及電動車,1101,168,933,元大證券,2023-03-24,9800
2609,陽明,1325,473,852,元大證券,2023-03-24,9800
00905,FT臺灣Smart,921,107,814,元大證券,2023-03-24,9800
3711,日月光投控,1136,323,813,元大證券,2023-03-24,9800
00895,富邦未來車,743,3,740,元大證券,2023-03-24,9800
00877,復華中國5G,1083,384,699,元大證券,2023-03-24,9800
00738U,期元大道瓊白銀,759,87,672,元大證券,2023-03-24,9800
6161,捷波,633,0,633,元大證券,2023-03-24,9800
00713,元大台灣高息低波,1246,617,629,元大證券,2023-03-24,9800
1301,台塑,1057,453,604,元大證券,2023-03-24,9800
00923,群益台ESG低碳50,2009,1412,597,元大證券,2023-03-24,9800
2356,英業達,1242,650,592,元大證券,2023-03-24,9800
2313,華通,642,52,590,元大證券,2023-03-24,9800
3037,欣興,1105,518,587,元大證券,2023-03-24,9800
00635U,期元大S＆P黃金,659,77,582,元大證券,2023-03-24,9800
00676R,富邦臺灣加權反1,3097,2550,547,元大證券,2023-03-24,9800
00897,富邦基因免疫生技,579,36,543,元大證券,2023-03-24,9800
3481,群創,990,468,522,元大證券,2023-03-24,9800
00728,第一金工業30,505,0,505,元大證券,2023-03-24,9800
00830,國泰費城半導體,731,236,495,元大證券,2023-03-24,9800
2382,廣達,945,450,495,元大證券,2023-03-24,9800
1605,華新,1437,952,485,元大證券,2023-03-24,9800
3011,今皓,486,5,481,元大證券,2023-03-24,9800
2330,台積電,671,227,444,元大證券,2023-03-24,9800
8046,南電,632,188,444,元大證券,2023-03-24,9800
00919,群益台灣精選高息,530,101,429,元大證券,2023-03-24,9800
3045,台灣大,446,24,422,元大證券,2023-03-24,9800
0056,元大高股息,8153,3807,4346,元大證券,2023-03-27,9800
00715L,期街口布蘭特正2,8002,5662,2340,元大證券,2023-03-27,9800
6285,啟��,2218,73,2145,元大證券,2023-03-27,9800
2891,中信金,2220,263,1957,元大證券,2023-03-27,9800
2317,鴻海,2132,504,1628,元大證券,2023-03-27,9800
3231,緯創,2159,555,1604,元大證券,2023-03-27,9800
00680L,元大美債20正2,2380,954,1426,元大證券,2023-03-27,9800
00903,富邦元宇宙,1313,11,1302,元大證券,2023-03-27,9800
020022,元大電動車N,1121,60,1061,元大證券,2023-03-27,9800
2883,凱基金,987,48,939,元大證券,2023-03-27,9800
00671R,富邦NASDAQ反1,2149,1251,898,元大證券,2023-03-27,9800
2884,玉山金,943,70,873,元大證券,2023-03-27,9800
00642U,期元大S＆P石油,1240,379,861,元大證券,2023-03-27,9800
1504,東元,2799,1974,825,元大證券,2023-03-27,9800
00676R,富邦臺灣加權反1,1396,583,813,元大證券,2023-03-27,9800
6182,合晶,853,53,800,元大證券,2023-03-27,9800
00891,中信關鍵半導體,1775,1020,755,元大證券,2023-03-27,9800
2888,新光金,902,168,734,元大證券,2023-03-27,9800
2330,台積電,813,99,714,元大證券,2023-03-27,9800
00665L,富邦�琤肭磪囓�2,12975,12273,702,元大證券,2023-03-27,9800
2887,台新金,723,25,698,元大證券,2023-03-27,9800
2002,中鋼,739,68,671,元大證券,2023-03-27,9800
00664R,國泰臺灣加權反1,877,211,666,元大證券,2023-03-27,9800
5880,合庫金,676,22,654,元大證券,2023-03-27,9800
00919,群益台灣精選高息,724,75,649,元大證券,2023-03-27,9800
2885,元大金,791,146,645,元大證券,2023-03-27,9800
00922,國泰台灣領袖50,3184,2553,631,元大證券,2023-03-27,9800
1101,台泥,665,87,578,元大證券,2023-03-27,9800
2880,華南金,561,0,561,元大證券,2023-03-27,9800
1477,聚陽,528,16,512,元大證券,2023-03-27,9800
2382,廣達,734,233,501,元大證券,2023-03-27,9800
2882,國泰金,613,119,494,元大證券,2023-03-27,9800
00905,FT臺灣Smart,495,7,488,元大證券,2023-03-27,9800
00900,富邦特選高股息30,1877,1406,471,元大證券,2023-03-27,9800
2881,富邦金,537,108,429,元大證券,2023-03-27,9800
2892,第一金,676,274,402,元大證券,2023-03-27,9800
2886,兆豐金,783,395,388,元大證券,2023-03-27,9800
00912,中信臺灣智慧50,400,15,385,元大證券,2023-03-27,9800
00893,國泰智能電動車,1176,796,380,元大證券,2023-03-27,9800
00895,富邦未來車,409,36,373,元大證券,2023-03-27,9800
3481,群創,944,603,341,元大證券,2023-03-27,9800
2412,中華電,338,9,329,元大證券,2023-03-27,9800
2801,彰銀,354,31,323,元大證券,2023-03-27,9800
3011,今皓,340,19,321,元大證券,2023-03-27,9800
00885,富邦越南,1709,1395,314,元大證券,2023-03-27,9800
1584,精剛,1149,835,314,元大證券,2023-03-27,9800
00888,永豐台灣ESG,504,192,312,元大證券,2023-03-27,9800
00670L,富邦NASDAQ正2,466,169,297,元大證券,2023-03-27,9800
1216,統一,371,85,286,元大證券,2023-03-27,9800
00907,永豐優息存股,340,62,278,元大證券,2023-03-27,9800
00632R,元大台灣50反1,44305,12894,31411,元大證券,2023-03-28,9800
00715L,期街口布蘭特正2,22859,6598,16261,元大證券,2023-03-28,9800
00642U,期元大S＆P石油,5584,102,5482,元大證券,2023-03-28,9800
2382,廣達,3600,100,3500,元大證券,2023-03-28,9800
00676R,富邦臺灣加權反1,3284,45,3239,元大證券,2023-03-28,9800
0050,元大台灣50,3752,1901,1851,元大證券,2023-03-28,9800
6285,啟��,2169,400,1769,元大證券,2023-03-28,9800
0056,元大高股息,5009,3783,1226,元大證券,2023-03-28,9800
00893,國泰智能電動車,1225,2,1223,元大證券,2023-03-28,9800
2891,中信金,1189,107,1082,元大證券,2023-03-28,9800
3711,日月光投控,1473,519,954,元大證券,2023-03-28,9800
2610,華航,925,32,893,元大證券,2023-03-28,9800
00674R,期元大S＆P黃金反1,904,24,880,元大證券,2023-03-28,9800
00903,富邦元宇宙,857,6,851,元大證券,2023-03-28,9800
2002,中鋼,845,4,841,元大證券,2023-03-28,9800
2368,金像電,1037,281,756,元大證券,2023-03-28,9800
1101,台泥,958,286,672,元大證券,2023-03-28,9800
2883,凱基金,783,142,641,元大證券,2023-03-28,9800
2313,華通,837,222,615,元大證券,2023-03-28,9800
2371,大同,668,79,589,元大證券,2023-03-28,9800
2303,聯電,633,54,579,元大證券,2023-03-28,9800
2884,玉山金,665,92,573,元大證券,2023-03-28,9800
2888,新光金,661,105,556,元大證券,2023-03-28,9800
2882,國泰金,582,28,554,元大證券,2023-03-28,9800
00706L,期元大S＆P日圓正2,553,4,549,元大證券,2023-03-28,9800
2886,兆豐金,532,42,490,元大證券,2023-03-28,9800
020022,元大電動車N,545,56,489,元大證券,2023-03-28,9800
00891,中信關鍵半導體,1087,605,482,元大證券,2023-03-28,9800
2892,第一金,508,29,479,元大證券,2023-03-28,9800
2887,台新金,547,72,475,元大證券,2023-03-28,9800
2885,元大金,589,117,472,元大證券,2023-03-28,9800
5880,合庫金,486,21,465,元大證券,2023-03-28,9800
2880,華南金,471,17,454,元大證券,2023-03-28,9800
1303,南亞,423,16,407,元大證券,2023-03-28,9800
1477,聚陽,416,12,404,元大證券,2023-03-28,9800
00637L,元大滬深300正2,15095,14697,398,元大證券,2023-03-28,9800
2317,鴻海,592,223,369,元大證券,2023-03-28,9800
00664R,國泰臺灣加權反1,666,307,359,元大證券,2023-03-28,9800
1301,台塑,376,24,352,元大證券,2023-03-28,9800
2801,彰銀,342,9,333,元大證券,2023-03-28,9800
2204,中華,329,1,328,元大證券,2023-03-28,9800
1102,亞泥,374,46,328,元大證券,2023-03-28,9800
8086,宏捷科,501,178,323,元大證券,2023-03-28,9800
2881,富邦金,367,52,315,元大證券,2023-03-28,9800
00671R,富邦NASDAQ反1,1529,1220,309,元大證券,2023-03-28,9800
2330,台積電,455,146,309,元大證券,2023-03-28,9800
00902,中信電池及儲能,443,156,287,元大證券,2023-03-28,9800
2834,臺企銀,447,168,279,元大證券,2023-03-28,9800
3481,群創,490,215,275,元大證券,2023-03-28,9800
1402,遠東新,305,40,265,元大證券,2023-03-28,9800
00715L,期街口布蘭特正2,30708,1091,29617,元大證券,2023-03-29,9800
0056,元大高股息,5158,31,5127,元大證券,2023-03-29,9800
00878,國泰永續高股息,6518,1662,4856,元大證券,2023-03-29,9800
00650L,復華香港正2,7334,3426,3908,元大證券,2023-03-29,9800
00642U,期元大S＆P石油,3268,11,3257,元大證券,2023-03-29,9800
6285,啟��,2438,95,2343,元大證券,2023-03-29,9800
00671R,富邦NASDAQ反1,3391,1601,1790,元大證券,2023-03-29,9800
1216,統一,1692,29,1663,元大證券,2023-03-29,9800
00891,中信關鍵半導體,1974,421,1553,元大證券,2023-03-29,9800
00881,國泰台灣5G+,1866,425,1441,元大證券,2023-03-29,9800
00665L,富邦�琤肭磪囓�2,14113,12871,1242,元大證券,2023-03-29,9800
00631L,元大台灣50正2,1066,27,1039,元大證券,2023-03-29,9800
2317,鴻海,795,19,776,元大證券,2023-03-29,9800
1101,台泥,776,10,766,元大證券,2023-03-29,9800
00753L,中信中國50正2,3376,2637,739,元大證券,2023-03-29,9800
2891,中信金,767,57,710,元大證券,2023-03-29,9800
00882,中信中國高股息,2932,2259,673,元大證券,2023-03-29,9800
00885,富邦越南,1728,1056,672,元大證券,2023-03-29,9800
2303,聯電,777,113,664,元大證券,2023-03-29,9800
00752,中信中國50,1176,525,651,元大證券,2023-03-29,9800
00895,富邦未來車,631,0,631,元大證券,2023-03-29,9800
00900,富邦特選高股息30,1303,680,623,元大證券,2023-03-29,9800
2883,凱基金,720,134,586,元大證券,2023-03-29,9800
00708L,期元大S＆P黃金正2,602,69,533,元大證券,2023-03-29,9800
00893,國泰智能電動車,1271,752,519,元大證券,2023-03-29,9800
2888,新光金,604,102,502,元大證券,2023-03-29,9800
2889,國票金,501,1,500,元大證券,2023-03-29,9800
00830,國泰費城半導體,485,3,482,元大證券,2023-03-29,9800
2409,友達,646,166,480,元大證券,2023-03-29,9800
00892,富邦台灣半導體,1432,955,477,元大證券,2023-03-29,9800
1605,華新,1057,592,465,元大證券,2023-03-29,9800
2385,群光,452,2,450,元大證券,2023-03-29,9800
2885,元大金,451,9,442,元大證券,2023-03-29,9800
2884,玉山金,521,101,420,元大證券,2023-03-29,9800
2887,台新金,471,52,419,元大證券,2023-03-29,9800
2886,兆豐金,426,7,419,元大證券,2023-03-29,9800
0050,元大台灣50,520,112,408,元大證券,2023-03-29,9800
5880,合庫金,406,12,394,元大證券,2023-03-29,9800
020022,元大電動車N,412,21,391,元大證券,2023-03-29,9800
2892,第一金,397,19,378,元大證券,2023-03-29,9800
2882,國泰金,430,52,378,元大證券,2023-03-29,9800
2880,華南金,385,8,377,元大證券,2023-03-29,9800
020028,元大特選電動車N,387,10,377,元大證券,2023-03-29,9800
2368,金像電,529,167,362,元大證券,2023-03-29,9800
3481,群創,563,203,360,元大證券,2023-03-29,9800
00696B,富邦美債20年,457,100,357,元大證券,2023-03-29,9800
2382,廣達,398,46,352,元大證券,2023-03-29,9800
2002,中鋼,458,107,351,元大證券,2023-03-29,9800
2890,永豐金,428,89,339,元大證券,2023-03-29,9800
2801,彰銀,347,17,330,元大證券,2023-03-29,9800
0056,元大高股息,11204,1273,9931,元大證券,2023-03-30,9800
00637L,元大滬深300正2,32523,24036,8487,元大證券,2023-03-30,9800
00878,國泰永續高股息,11086,3902,7184,元大證券,2023-03-30,9800
00715L,期街口布蘭特正2,6572,3199,3373,元大證券,2023-03-30,9800
6285,啟��,3780,673,3107,元大證券,2023-03-30,9800
00922,國泰台灣領袖50,3344,422,2922,元大證券,2023-03-30,9800
00900,富邦特選高股息30,2778,653,2125,元大證券,2023-03-30,9800
2382,廣達,1887,156,1731,元大證券,2023-03-30,9800
00891,中信關鍵半導體,1900,376,1524,元大證券,2023-03-30,9800
020022,元大電動車N,1567,126,1441,元大證券,2023-03-30,9800
00893,國泰智能電動車,2279,854,1425,元大證券,2023-03-30,9800
2303,聯電,1737,482,1255,元大證券,2023-03-30,9800
3037,欣興,1519,374,1145,元大證券,2023-03-30,9800
2330,台積電,1304,339,965,元大證券,2023-03-30,9800
2313,華通,1108,143,965,元大證券,2023-03-30,9800
3231,緯創,2639,1730,909,元大證券,2023-03-30,9800
00885,富邦越南,1969,1061,908,元大證券,2023-03-30,9800
00676R,富邦臺灣加權反1,1257,370,887,元大證券,2023-03-30,9800
00713,元大台灣高息低波,1342,471,871,元大證券,2023-03-30,9800
2317,鴻海,1023,167,856,元大證券,2023-03-30,9800
00881,國泰台灣5G+,1856,1057,799,元大證券,2023-03-30,9800
00905,FT臺灣Smart,946,186,760,元大證券,2023-03-30,9800
00636,國泰中國A50,1099,382,717,元大證券,2023-03-30,9800
00923,群益台ESG低碳50,1059,368,691,元大證券,2023-03-30,9800
2884,玉山金,703,24,679,元大證券,2023-03-30,9800
00669R,國泰美國道瓊反1,2428,1758,670,元大證券,2023-03-30,9800
2002,中鋼,656,30,626,元大證券,2023-03-30,9800
2888,新光金,776,251,525,元大證券,2023-03-30,9800
2892,第一金,508,2,506,元大證券,2023-03-30,9800
00876,元大全球5G,511,41,470,元大證券,2023-03-30,9800
2886,兆豐金,594,145,449,元大證券,2023-03-30,9800
00642U,期元大S＆P石油,759,318,441,元大證券,2023-03-30,9800
00738U,期元大道瓊白銀,465,26,439,元大證券,2023-03-30,9800
2412,中華電,535,99,436,元大證券,2023-03-30,9800
5388,中磊,476,52,424,元大證券,2023-03-30,9800
2880,華南金,421,8,413,元大證券,2023-03-30,9800
2890,永豐金,799,386,413,元大證券,2023-03-30,9800
00895,富邦未來車,405,0,405,元大證券,2023-03-30,9800
6274,台燿,402,13,389,元大證券,2023-03-30,9800
006208,富邦台50,711,338,373,元大證券,2023-03-30,9800
00701,國泰股利精選30,370,11,359,元大證券,2023-03-30,9800
00902,中信電池及儲能,610,259,351,元大證券,2023-03-30,9800
2368,金像電,372,31,341,元大證券,2023-03-30,9800
00639,富邦深100,415,76,339,元大證券,2023-03-30,9800
00915,凱基優選高股息30,341,11,330,元大證券,2023-03-30,9800
00896,中信綠能及電動車,515,187,328,元大證券,2023-03-30,9800
2891,中信金,915,596,319,元大證券,2023-03-30,9800
2603,長榮,455,139,316,元大證券,2023-03-30,9800
00674R,期元大S＆P黃金反1,371,60,311,元大證券,2023-03-30,9800
00888,永豐台灣ESG,575,282,293,元大證券,2023-03-30,9800
00878,國泰永續高股息,22172,106,22066,元大證券,2023-03-31,9800
00637L,元大滬深300正2,40476,21033,19443,元大證券,2023-03-31,9800
00715L,期街口布蘭特正2,19406,3138,16268,元大證券,2023-03-31,9800
0056,元大高股息,12185,1251,10934,元大證券,2023-03-31,9800
00642U,期元大S＆P石油,9514,156,9358,元大證券,2023-03-31,9800
00753L,中信中國50正2,8024,4001,4023,元大證券,2023-03-31,9800
00665L,富邦�琤肭磪囓�2,14912,11409,3503,元大證券,2023-03-31,9800
6285,啟��,3139,611,2528,元大證券,2023-03-31,9800
6548,長科*,2351,2,2349,元大證券,2023-03-31,9800
00891,中信關鍵半導體,2254,69,2185,元大證券,2023-03-31,9800
00881,國泰台灣5G+,2613,514,2099,元大證券,2023-03-31,9800
00633L,富邦上証正2,4043,2188,1855,元大證券,2023-03-31,9800
00650L,復華香港正2,5318,3652,1666,元大證券,2023-03-31,9800
00895,富邦未來車,1615,85,1530,元大證券,2023-03-31,9800
3032,偉訓,1965,515,1450,元大證券,2023-03-31,9800
00708L,期元大S＆P黃金正2,1435,13,1422,元大證券,2023-03-31,9800
00923,群益台ESG低碳50,1655,400,1255,元大證券,2023-03-31,9800
00634R,富邦上証反1,1408,204,1204,元大證券,2023-03-31,9800
020022,元大電動車N,2062,881,1181,元大證券,2023-03-31,9800
00830,國泰費城半導體,1436,302,1134,元大證券,2023-03-31,9800
0050,元大台灣50,3855,2839,1016,元大證券,2023-03-31,9800
00903,富邦元宇宙,912,0,912,元大證券,2023-03-31,9800
00905,FT臺灣Smart,1092,234,858,元大證券,2023-03-31,9800
2382,廣達,1029,191,838,元大證券,2023-03-31,9800
020029,元大ESG高股息N,749,2,747,元大證券,2023-03-31,9800
00893,國泰智能電動車,2934,2228,706,元大證券,2023-03-31,9800
00654R,富邦印度反1,688,31,657,元大證券,2023-03-31,9800
006205,富邦上証,663,19,644,元大證券,2023-03-31,9800
00676R,富邦臺灣加權反1,1337,711,626,元大證券,2023-03-31,9800
00896,中信綠能及電動車,715,108,607,元大證券,2023-03-31,9800
2002,中鋼,693,86,607,元大證券,2023-03-31,9800
00885,富邦越南,1083,498,585,元大證券,2023-03-31,9800
2376,技嘉,643,62,581,元大證券,2023-03-31,9800
00636,國泰中國A50,1048,491,557,元大證券,2023-03-31,9800
2344,華邦電,1776,1255,521,元大證券,2023-03-31,9800
00852L,國泰美國道瓊正2,517,1,516,元大證券,2023-03-31,9800
00713,元大台灣高息低波,656,145,511,元大證券,2023-03-31,9800
00738U,期元大道瓊白銀,535,59,476,元大證券,2023-03-31,9800
00752,中信中國50,1000,533,467,元大證券,2023-03-31,9800
00757,統一FANG+,460,0,460,元大證券,2023-03-31,9800
1605,華新,2266,1838,428,元大證券,2023-03-31,9800
1216,統一,438,11,427,元大證券,2023-03-31,9800
2330,台積電,521,117,404,元大證券,2023-03-31,9800
2605,新興,375,1,374,元大證券,2023-03-31,9800
00894,中信小資高價30,458,89,369,元大證券,2023-03-31,9800
00897,富邦基因免疫生技,475,116,359,元大證券,2023-03-31,9800
6274,台燿,377,27,350,元大證券,2023-03-31,9800
00888,永豐台灣ESG,699,356,343,元大證券,2023-03-31,9800
00692,富邦公司治理,437,123,314,元大證券,2023-03-31,9800
1402,遠東新,748,443,305,元大證券,2023-03-31,9800
00715L,期街口布蘭特正2,116669,2602,114067,元大證券,2023-04-06,9800
00680L,元大美債20正2,12441,95,12346,元大證券,2023-04-06,9800
00642U,期元大S＆P石油,13091,1210,11881,元大證券,2023-04-06,9800
00632R,元大台灣50反1,21754,13849,7905,元大證券,2023-04-06,9800
00877,復華中國5G,4449,473,3976,元大證券,2023-04-06,9800
0056,元大高股息,4123,187,3936,元大證券,2023-04-06,9800
00706L,期元大S＆P日圓正2,1634,12,1622,元大證券,2023-04-06,9800
00676R,富邦臺灣加權反1,1719,373,1346,元大證券,2023-04-06,9800
00923,群益台ESG低碳50,2663,1436,1227,元大證券,2023-04-06,9800
00664R,國泰臺灣加權反1,1914,829,1085,元大證券,2023-04-06,9800
00688L,國泰20年美債正2,1485,411,1074,元大證券,2023-04-06,9800
2382,廣達,1136,126,1010,元大證券,2023-04-06,9800
0050,元大台灣50,2303,1332,971,元大證券,2023-04-06,9800
00893,國泰智能電動車,1761,808,953,元大證券,2023-04-06,9800
00852L,國泰美國道瓊正2,713,2,711,元大證券,2023-04-06,9800
2317,鴻海,1246,583,663,元大證券,2023-04-06,9800
00713,元大台灣高息低波,1181,558,623,元大證券,2023-04-06,9800
00670L,富邦NASDAQ正2,566,40,526,元大證券,2023-04-06,9800
00725B,國泰投資級公司債,714,203,511,元大證券,2023-04-06,9800
00895,富邦未來車,519,19,500,元大證券,2023-04-06,9800
6185,幃翔,470,10,460,元大證券,2023-04-06,9800
020022,元大電動車N,462,10,452,元大證券,2023-04-06,9800
2606,裕民,704,257,447,元大證券,2023-04-06,9800
00647L,元大S＆P500正2,422,1,421,元大證券,2023-04-06,9800
00653L,富邦印度正2,435,25,410,元大證券,2023-04-06,9800
00634R,富邦上証反1,399,17,382,元大證券,2023-04-06,9800
1102,亞泥,365,20,345,元大證券,2023-04-06,9800
00885,富邦越南,1044,702,342,元大證券,2023-04-06,9800
2441,超豐,290,4,286,元大證券,2023-04-06,9800
2385,群光,290,14,276,元大證券,2023-04-06,9800
00646,元大S＆P500,354,82,272,元大證券,2023-04-06,9800
2455,全新,268,9,259,元大證券,2023-04-06,9800
00686R,群益臺灣加權反1,591,348,243,元大證券,2023-04-06,9800
020034,元大IC設計N,266,26,240,元大證券,2023-04-06,9800
3217,優群,314,76,238,元大證券,2023-04-06,9800
00738U,期元大道瓊白銀,330,112,218,元大證券,2023-04-06,9800
2885,元大金,271,66,205,元大證券,2023-04-06,9800
2349,錸德,200,0,200,元大證券,2023-04-06,9800
2886,兆豐金,291,114,177,元大證券,2023-04-06,9800
2481,強茂,196,20,176,元大證券,2023-04-06,9800
2324,仁寶,225,58,167,元大證券,2023-04-06,9800
2345,智邦,261,96,165,元大證券,2023-04-06,9800
00908,富邦入息REITs+,167,3,164,元大證券,2023-04-06,9800
3035,智原,395,234,161,元大證券,2023-04-06,9800
1519,華城,301,141,160,元大證券,2023-04-06,9800
4904,遠傳,168,12,156,元大證券,2023-04-06,9800
4977,眾達-KY,154,3,151,元大證券,2023-04-06,9800
00681R,元大美債20反1,241,92,149,元大證券,2023-04-06,9800
2330,台積電,442,293,149,元大證券,2023-04-06,9800
2347,聯強,169,22,147,元大證券,2023-04-06,9800
00680L,元大美債20正2,5526,572,4954,元大證券,2023-04-07,9800
00637L,元大滬深300正2,24429,19943,4486,元大證券,2023-04-07,9800
00715L,期街口布蘭特正2,4098,1,4097,元大證券,2023-04-07,9800
00633L,富邦上証正2,5085,1857,3228,元大證券,2023-04-07,9800
3481,群創,2843,427,2416,元大證券,2023-04-07,9800
00753L,中信中國50正2,2356,101,2255,元大證券,2023-04-07,9800
0050,元大台灣50,2194,131,2063,元大證券,2023-04-07,9800
00891,中信關鍵半導體,2207,155,2052,元大證券,2023-04-07,9800
2609,陽明,2307,444,1863,元大證券,2023-04-07,9800
2344,華邦電,2495,793,1702,元大證券,2023-04-07,9800
00665L,富邦�琤肭磪囓�2,1673,101,1572,元大證券,2023-04-07,9800
2330,台積電,1189,127,1062,元大證券,2023-04-07,9800
00655L,國泰中國A50正2,1275,312,963,元大證券,2023-04-07,9800
00650L,復華香港正2,1014,174,840,元大證券,2023-04-07,9800
00923,群益台ESG低碳50,1881,1075,806,元大證券,2023-04-07,9800
00878,國泰永續高股息,3538,2749,789,元大證券,2023-04-07,9800
1513,中興電,1086,306,780,元大證券,2023-04-07,9800
2603,長榮,870,166,704,元大證券,2023-04-07,9800
00881,國泰台灣5G+,1520,866,654,元大證券,2023-04-07,9800
00905,FT臺灣Smart,1136,519,617,元大證券,2023-04-07,9800
00900,富邦特選高股息30,953,351,602,元大證券,2023-04-07,9800
6235,華孚,2241,1710,531,元大證券,2023-04-07,9800
2408,南亞科,1152,623,529,元大證券,2023-04-07,9800
0056,元大高股息,595,77,518,元大證券,2023-04-07,9800
00892,富邦台灣半導體,613,138,475,元大證券,2023-04-07,9800
00670L,富邦NASDAQ正2,503,57,446,元大證券,2023-04-07,9800
2002,中鋼,412,13,399,元大證券,2023-04-07,9800
1402,遠東新,349,1,348,元大證券,2023-04-07,9800
9958,世紀鋼,402,61,341,元大證券,2023-04-07,9800
00896,中信綠能及電動車,426,91,335,元大證券,2023-04-07,9800
00636,國泰中國A50,651,358,293,元大證券,2023-04-07,9800
3432,台端,291,0,291,元大證券,2023-04-07,9800
3217,優群,291,15,276,元大證券,2023-04-07,9800
1101,台泥,317,44,273,元大證券,2023-04-07,9800
2606,裕民,397,127,270,元大證券,2023-04-07,9800
00898,國泰基因免疫革命,267,0,267,元大證券,2023-04-07,9800
00893,國泰智能電動車,628,364,264,元大證券,2023-04-07,9800
2376,技嘉,261,2,259,元大證券,2023-04-07,9800
00688L,國泰20年美債正2,367,117,250,元大證券,2023-04-07,9800
2356,英業達,383,137,246,元大證券,2023-04-07,9800
2605,新興,295,50,245,元大證券,2023-04-07,9800
2607,榮運,242,5,237,元大證券,2023-04-07,9800
020022,元大電動車N,232,2,230,元大證券,2023-04-07,9800
00894,中信小資高價30,310,81,229,元大證券,2023-04-07,9800
00653L,富邦印度正2,229,1,228,元大證券,2023-04-07,9800
020029,元大ESG高股息N,228,2,226,元大證券,2023-04-07,9800
00639,富邦深100,349,127,222,元大證券,2023-04-07,9800
1609,大亞,850,631,219,元大證券,2023-04-07,9800
1514,亞力,274,63,211,元大證券,2023-04-07,9800
1102,亞泥,207,0,207,元大證券,2023-04-07,9800
00632R,元大台灣50反1,18786,6984,11802,元大證券,2023-04-10,9800
00669R,國泰美國道瓊反1,1947,288,1659,元大證券,2023-04-10,9800
3231,緯創,1702,247,1455,元大證券,2023-04-10,9800
020022,元大電動車N,1582,220,1362,元大證券,2023-04-10,9800
00642U,期元大S＆P石油,1545,461,1084,元大證券,2023-04-10,9800
00878,國泰永續高股息,4867,3794,1073,元大證券,2023-04-10,9800
00891,中信關鍵半導體,1425,358,1067,元大證券,2023-04-10,9800
00634R,富邦上証反1,1056,18,1038,元大證券,2023-04-10,9800
5425,台半,1317,328,989,元大證券,2023-04-10,9800
2358,廷鑫,886,0,886,元大證券,2023-04-10,9800
00713,元大台灣高息低波,1099,219,880,元大證券,2023-04-10,9800
0056,元大高股息,808,6,802,元大證券,2023-04-10,9800
2455,全新,975,244,731,元大證券,2023-04-10,9800
00687B,國泰20年美債,773,121,652,元大證券,2023-04-10,9800
00898,國泰基因免疫革命,577,0,577,元大證券,2023-04-10,9800
2634,漢翔,938,413,525,元大證券,2023-04-10,9800
00903,富邦元宇宙,515,1,514,元大證券,2023-04-10,9800
00905,FT臺灣Smart,587,143,444,元大證券,2023-04-10,9800
00680L,元大美債20正2,1556,1121,435,元大證券,2023-04-10,9800
2049,上銀,396,6,390,元大證券,2023-04-10,9800
2382,廣達,385,4,381,元大證券,2023-04-10,9800
006206,元大上證50,403,58,345,元大證券,2023-04-10,9800
00753L,中信中國50正2,354,17,337,元大證券,2023-04-10,9800
00653L,富邦印度正2,322,2,320,元大證券,2023-04-10,9800
8069,元太,1417,1098,319,元大證券,2023-04-10,9800
2344,華邦電,1358,1068,290,元大證券,2023-04-10,9800
5009,榮剛,553,269,284,元大證券,2023-04-10,9800
0050,元大台灣50,537,274,263,元大證券,2023-04-10,9800
00894,中信小資高價30,258,4,254,元大證券,2023-04-10,9800
00631L,元大台灣50正2,739,493,246,元大證券,2023-04-10,9800
00688L,國泰20年美債正2,655,413,242,元大證券,2023-04-10,9800
2449,京元電子,320,79,241,元大證券,2023-04-10,9800
1584,精剛,435,196,239,元大證券,2023-04-10,9800
2303,聯電,485,249,236,元大證券,2023-04-10,9800
2002,中鋼,282,56,226,元大證券,2023-04-10,9800
00895,富邦未來車,213,2,211,元大證券,2023-04-10,9800
6244,茂迪,283,76,207,元大證券,2023-04-10,9800
00893,國泰智能電動車,419,230,189,元大證券,2023-04-10,9800
00647L,元大S＆P500正2,189,2,187,元大證券,2023-04-10,9800
00639,富邦深100,290,107,183,元大證券,2023-04-10,9800
2007,燁興,183,0,183,元大證券,2023-04-10,9800
3714,富采,187,5,182,元大證券,2023-04-10,9800
1519,華城,224,44,180,元大證券,2023-04-10,9800
2317,鴻海,216,39,177,元大證券,2023-04-10,9800
00738U,期元大道瓊白銀,317,143,174,元大證券,2023-04-10,9800
00795B,中信美國公債20年,174,0,174,元大證券,2023-04-10,9800
2884,玉山金,198,38,160,元大證券,2023-04-10,9800
00674R,期元大S＆P黃金反1,225,69,156,元大證券,2023-04-10,9800
020029,元大ESG高股息N,154,2,152,元大證券,2023-04-10,9800
2327,國巨,175,28,147,元大證券,2023-04-10,9800
00878,國泰永續高股息,10529,2768,7761,元大證券,2023-04-11,9800
00882,中信中國高股息,3873,823,3050,元大證券,2023-04-11,9800
0056,元大高股息,2362,11,2351,元大證券,2023-04-11,9800
00900,富邦特選高股息30,2556,242,2314,元大證券,2023-04-11,9800
00881,國泰台灣5G+,2337,105,2232,元大證券,2023-04-11,9800
00642U,期元大S＆P石油,1991,294,1697,元大證券,2023-04-11,9800
00891,中信關鍵半導體,1554,143,1411,元大證券,2023-04-11,9800
00902,中信電池及儲能,2927,1542,1385,元大證券,2023-04-11,9800
0050,元大台灣50,1408,168,1240,元大證券,2023-04-11,9800
00923,群益台ESG低碳50,1304,199,1105,元大證券,2023-04-11,9800
2408,南亞科,1474,384,1090,元大證券,2023-04-11,9800
020022,元大電動車N,1044,35,1009,元大證券,2023-04-11,9800
00892,富邦台灣半導體,931,0,931,元大證券,2023-04-11,9800
2421,建準,903,15,888,元大證券,2023-04-11,9800
3481,群創,1319,518,801,元大證券,2023-04-11,9800
00713,元大台灣高息低波,849,61,788,元大證券,2023-04-11,9800
00896,中信綠能及電動車,1017,253,764,元大證券,2023-04-11,9800
1216,統一,731,37,694,元大證券,2023-04-11,9800
1101,台泥,680,34,646,元大證券,2023-04-11,9800
6443,元晶,672,38,634,元大證券,2023-04-11,9800
2412,中華電,725,109,616,元大證券,2023-04-11,9800
2891,中信金,694,91,603,元大證券,2023-04-11,9800
00922,國泰台灣領袖50,688,95,593,元大證券,2023-04-11,9800
5425,台半,849,263,586,元大證券,2023-04-11,9800
2883,凱基金,600,18,582,元大證券,2023-04-11,9800
2884,玉山金,668,86,582,元大證券,2023-04-11,9800
00894,中信小資高價30,577,0,577,元大證券,2023-04-11,9800
2888,新光金,531,0,531,元大證券,2023-04-11,9800
00888,永豐台灣ESG,782,281,501,元大證券,2023-04-11,9800
2455,全新,588,106,482,元大證券,2023-04-11,9800
3006,晶豪科,1380,943,437,元大證券,2023-04-11,9800
020029,元大ESG高股息N,438,6,432,元大證券,2023-04-11,9800
1785,光洋科,424,2,422,元大證券,2023-04-11,9800
2886,兆豐金,427,10,417,元大證券,2023-04-11,9800
2887,台新金,423,10,413,元大證券,2023-04-11,9800
1319,東陽,428,19,409,元大證券,2023-04-11,9800
2349,錸德,400,0,400,元大證券,2023-04-11,9800
2892,第一金,399,4,395,元大證券,2023-04-11,9800
5880,合庫金,395,2,393,元大證券,2023-04-11,9800
00876,元大全球5G,385,1,384,元大證券,2023-04-11,9800
00631L,元大台灣50正2,880,496,384,元大證券,2023-04-11,9800
2880,華南金,383,1,382,元大證券,2023-04-11,9800
2890,永豐金,495,121,374,元大證券,2023-04-11,9800
00898,國泰基因免疫革命,359,0,359,元大證券,2023-04-11,9800
3045,台灣大,373,31,342,元大證券,2023-04-11,9800
2885,元大金,424,84,340,元大證券,2023-04-11,9800
3714,富采,396,57,339,元大證券,2023-04-11,9800
2515,中工,423,86,337,元大證券,2023-04-11,9800
1326,台化,338,5,333,元大證券,2023-04-11,9800
2834,臺企銀,383,52,331,元大證券,2023-04-11,9800
00632R,元大台灣50反1,17960,3229,14731,元大證券,2023-04-12,9800
020022,元大電動車N,2413,100,2313,元大證券,2023-04-12,9800
00642U,期元大S＆P石油,2041,44,1997,元大證券,2023-04-12,9800
0056,元大高股息,1213,6,1207,元大證券,2023-04-12,9800
00892,富邦台灣半導體,1658,828,830,元大證券,2023-04-12,9800
00669R,國泰美國道瓊反1,2840,2029,811,元大證券,2023-04-12,9800
00885,富邦越南,1396,628,768,元大證券,2023-04-12,9800
2330,台積電,1004,307,697,元大證券,2023-04-12,9800
1584,精剛,1734,1092,642,元大證券,2023-04-12,9800
2890,永豐金,709,72,637,元大證券,2023-04-12,9800
6245,立端,734,118,616,元大證券,2023-04-12,9800
00738U,期元大道瓊白銀,587,51,536,元大證券,2023-04-12,9800
6235,華孚,893,412,481,元大證券,2023-04-12,9800
006205,富邦上証,536,60,476,元大證券,2023-04-12,9800
020029,元大ESG高股息N,476,2,474,元大證券,2023-04-12,9800
2409,友達,854,400,454,元大證券,2023-04-12,9800
6138,茂達,488,48,440,元大證券,2023-04-12,9800
2867,三商壽,449,9,440,元大證券,2023-04-12,9800
3006,晶豪科,1355,939,416,元大證券,2023-04-12,9800
00896,中信綠能及電動車,638,223,415,元大證券,2023-04-12,9800
3231,緯創,1282,871,411,元大證券,2023-04-12,9800
3481,群創,1951,1546,405,元大證券,2023-04-12,9800
00877,復華中國5G,1303,928,375,元大證券,2023-04-12,9800
00635U,期元大S＆P黃金,575,201,374,元大證券,2023-04-12,9800
00708L,期元大S＆P黃金正2,742,368,374,元大證券,2023-04-12,9800
00646,元大S＆P500,506,134,372,元大證券,2023-04-12,9800
2454,聯發科,388,19,369,元大證券,2023-04-12,9800
2206,三陽工業,1025,657,368,元大證券,2023-04-12,9800
2049,上銀,371,9,362,元大證券,2023-04-12,9800
2603,長榮,552,202,350,元大證券,2023-04-12,9800
00639,富邦深100,422,82,340,元大證券,2023-04-12,9800
00664R,國泰臺灣加權反1,624,285,339,元大證券,2023-04-12,9800
9945,潤泰新,457,118,339,元大證券,2023-04-12,9800
00686R,群益臺灣加權反1,331,0,331,元大證券,2023-04-12,9800
2492,華新科,367,60,307,元大證券,2023-04-12,9800
2888,新光金,357,63,294,元大證券,2023-04-12,9800
1102,亞泥,333,42,291,元大證券,2023-04-12,9800
1519,華城,315,42,273,元大證券,2023-04-12,9800
2609,陽明,471,200,271,元大證券,2023-04-12,9800
00888,永豐台灣ESG,592,332,260,元大證券,2023-04-12,9800
00903,富邦元宇宙,268,9,259,元大證券,2023-04-12,9800
3045,台灣大,266,12,254,元大證券,2023-04-12,9800
00653L,富邦印度正2,253,2,251,元大證券,2023-04-12,9800
2886,兆豐金,261,24,237,元大證券,2023-04-12,9800
2891,中信金,309,75,234,元大證券,2023-04-12,9800
4164,承業醫,248,19,229,元大證券,2023-04-12,9800
020028,元大特選電動車N,238,9,229,元大證券,2023-04-12,9800
6116,彩晶,293,73,220,元大證券,2023-04-12,9800
00683L,期元大美元指正2,288,68,220,元大證券,2023-04-12,9800
1722,台肥,220,1,219,元大證券,2023-04-12,9800
00665L,富邦�琤肭磪囓�2,11574,7573,4001,元大證券,2023-04-13,9800
2324,仁寶,2722,43,2679,元大證券,2023-04-13,9800
00892,富邦台灣半導體,3048,1115,1933,元大證券,2023-04-13,9800
00725B,國泰投資級公司債,2972,1075,1897,元大證券,2023-04-13,9800
6547,高端疫苗,1499,46,1453,元大證券,2023-04-13,9800
00642U,期元大S＆P石油,1506,74,1432,元大證券,2023-04-13,9800
2891,中信金,1512,86,1426,元大證券,2023-04-13,9800
00670L,富邦NASDAQ正2,863,155,708,元大證券,2023-04-13,9800
020022,元大電動車N,747,54,693,元大證券,2023-04-13,9800
00636,國泰中國A50,621,28,593,元大證券,2023-04-13,9800
00902,中信電池及儲能,705,121,584,元大證券,2023-04-13,9800
00893,國泰智能電動車,1205,622,583,元大證券,2023-04-13,9800
2402,毅嘉,1243,714,529,元大證券,2023-04-13,9800
5009,榮剛,2067,1575,492,元大證券,2023-04-13,9800
00885,富邦越南,692,314,378,元大證券,2023-04-13,9800
1314,中石化,438,64,374,元大證券,2023-04-13,9800
006205,富邦上証,486,166,320,元大證券,2023-04-13,9800
00897,富邦基因免疫生技,510,192,318,元大證券,2023-04-13,9800
1301,台塑,337,25,312,元大證券,2023-04-13,9800
1216,統一,314,13,301,元大證券,2023-04-13,9800
2634,漢翔,1346,1056,290,元大證券,2023-04-13,9800
2049,上銀,320,36,284,元大證券,2023-04-13,9800
4114,健喬,387,111,276,元大證券,2023-04-13,9800
1762,中化生,349,79,270,元大證券,2023-04-13,9800
3011,今皓,302,37,265,元大證券,2023-04-13,9800
00761B,國泰A級公司債,354,99,255,元大證券,2023-04-13,9800
00903,富邦元宇宙,273,31,242,元大證券,2023-04-13,9800
3045,台灣大,240,3,237,元大證券,2023-04-13,9800
2413,環科,463,238,225,元大證券,2023-04-13,9800
00651R,復華香港反1,410,189,221,元大證券,2023-04-13,9800
2201,裕隆,1309,1090,219,元大證券,2023-04-13,9800
00655L,國泰中國A50正2,1520,1303,217,元大證券,2023-04-13,9800
2408,南亞科,590,375,215,元大證券,2023-04-13,9800
2542,興富發,213,1,212,元大證券,2023-04-13,9800
1305,華夏,200,0,200,元大證券,2023-04-13,9800
6248,沛波,416,228,188,元大證券,2023-04-13,9800
4128,中天,249,64,185,元大證券,2023-04-13,9800
2337,旺宏,219,36,183,元大證券,2023-04-13,9800
2347,聯強,181,2,179,元大證券,2023-04-13,9800
00696B,富邦美債20年,208,30,178,元大證券,2023-04-13,9800
2609,陽明,399,232,167,元大證券,2023-04-13,9800
2610,華航,846,684,162,元大證券,2023-04-13,9800
00757,統一FANG+,160,0,160,元大證券,2023-04-13,9800
1722,台肥,152,4,148,元大證券,2023-04-13,9800
2002,中鋼,397,253,144,元大證券,2023-04-13,9800
8383,千附,246,105,141,元大證券,2023-04-13,9800
8069,元太,246,116,130,元大證券,2023-04-13,9800
6125,廣運,266,137,129,元大證券,2023-04-13,9800
2327,國巨,232,103,129,元大證券,2023-04-13,9800
6235,華孚,2260,2132,128,元大證券,2023-04-13,9800
6547,高端疫苗,8348,4765,3583,元大證券,2023-04-14,9800
00878,國泰永續高股息,5905,2958,2947,元大證券,2023-04-14,9800
00638R,元大滬深300反1,2805,0,2805,元大證券,2023-04-14,9800
020022,元大電動車N,1845,92,1753,元大證券,2023-04-14,9800
00631L,元大台灣50正2,1832,358,1474,元大證券,2023-04-14,9800
00900,富邦特選高股息30,1649,196,1453,元大證券,2023-04-14,9800
00881,國泰台灣5G+,1590,368,1222,元大證券,2023-04-14,9800
00892,富邦台灣半導體,1851,684,1167,元大證券,2023-04-14,9800
00642U,期元大S＆P石油,1282,169,1113,元大證券,2023-04-14,9800
00905,FT臺灣Smart,1088,1,1087,元大證券,2023-04-14,9800
00713,元大台灣高息低波,1469,441,1028,元大證券,2023-04-14,9800
3711,日月光投控,958,31,927,元大證券,2023-04-14,9800
00891,中信關鍵半導體,1119,196,923,元大證券,2023-04-14,9800
00902,中信電池及儲能,1373,572,801,元大證券,2023-04-14,9800
00922,國泰台灣領袖50,845,43,802,元大證券,2023-04-14,9800
00896,中信綠能及電動車,864,93,771,元大證券,2023-04-14,9800
00923,群益台ESG低碳50,715,3,712,元大證券,2023-04-14,9800
1605,華新,1363,659,704,元大證券,2023-04-14,9800
1314,中石化,742,63,679,元大證券,2023-04-14,9800
00893,國泰智能電動車,1391,729,662,元大證券,2023-04-14,9800
2201,裕隆,1437,791,646,元大證券,2023-04-14,9800
2618,長榮航,861,216,645,元大證券,2023-04-14,9800
00919,群益台灣精選高息,638,16,622,元大證券,2023-04-14,9800
5371,中光電,623,19,604,元大證券,2023-04-14,9800
00888,永豐台灣ESG,1091,504,587,元大證券,2023-04-14,9800
2603,長榮,909,326,583,元大證券,2023-04-14,9800
00676R,富邦臺灣加權反1,2438,1879,559,元大證券,2023-04-14,9800
00701,國泰股利精選30,526,1,525,元大證券,2023-04-14,9800
2206,三陽工業,575,91,484,元大證券,2023-04-14,9800
0050,元大台灣50,541,79,462,元大證券,2023-04-14,9800
00903,富邦元宇宙,740,279,461,元大證券,2023-04-14,9800
00683L,期元大美元指正2,957,507,450,元大證券,2023-04-14,9800
2303,聯電,725,332,393,元大證券,2023-04-14,9800
00708L,期元大S＆P黃金正2,629,236,393,元大證券,2023-04-14,9800
1102,亞泥,412,26,386,元大證券,2023-04-14,9800
2345,智邦,487,105,382,元大證券,2023-04-14,9800
6285,啟��,471,102,369,元大證券,2023-04-14,9800
00907,永豐優息存股,358,5,353,元大證券,2023-04-14,9800
006205,富邦上証,353,3,350,元大證券,2023-04-14,9800
2887,台新金,365,15,350,元大證券,2023-04-14,9800
00655L,國泰中國A50正2,1065,733,332,元大證券,2023-04-14,9800
00738U,期元大道瓊白銀,324,6,318,元大證券,2023-04-14,9800
2498,宏達電,356,40,316,元大證券,2023-04-14,9800
2313,華通,406,98,308,元大證券,2023-04-14,9800
2609,陽明,689,382,307,元大證券,2023-04-14,9800
00894,中信小資高價30,309,3,306,元大證券,2023-04-14,9800
2454,聯發科,344,44,300,元大證券,2023-04-14,9800
2385,群光,289,1,288,元大證券,2023-04-14,9800
00898,國泰基因免疫革命,285,0,285,元大證券,2023-04-14,9800
00915,凱基優選高股息30,346,69,277,元大證券,2023-04-14,9800
00637L,元大滬深300正2,44179,6753,37426,元大證券,2023-04-17,9800
00632R,元大台灣50反1,30386,2529,27857,元大證券,2023-04-17,9800
00650L,復華香港正2,4142,1311,2831,元大證券,2023-04-17,9800
00673R,期元大S＆P原油反1,5738,2916,2822,元大證券,2023-04-17,9800
00633L,富邦上証正2,3159,523,2636,元大證券,2023-04-17,9800
00665L,富邦�琤肭磪囓�2,6889,4806,2083,元大證券,2023-04-17,9800
2303,聯電,2311,353,1958,元大證券,2023-04-17,9800
00655L,國泰中國A50正2,2383,547,1836,元大證券,2023-04-17,9800
0056,元大高股息,2390,910,1480,元大證券,2023-04-17,9800
00753L,中信中國50正2,2556,1232,1324,元大證券,2023-04-17,9800
00662,富邦NASDAQ,1150,5,1145,元大證券,2023-04-17,9800
00882,中信中國高股息,2618,1499,1119,元大證券,2023-04-17,9800
2421,建準,1239,138,1101,元大證券,2023-04-17,9800
00664R,國泰臺灣加權反1,1113,85,1028,元大證券,2023-04-17,9800
4968,立積,2086,1088,998,元大證券,2023-04-17,9800
020022,元大電動車N,1394,410,984,元大證券,2023-04-17,9800
00669R,國泰美國道瓊反1,1599,642,957,元大證券,2023-04-17,9800
00900,富邦特選高股息30,1135,180,955,元大證券,2023-04-17,9800
2891,中信金,1066,162,904,元大證券,2023-04-17,9800
4938,和碩,844,14,830,元大證券,2023-04-17,9800
1319,東陽,853,27,826,元大證券,2023-04-17,9800
00636,國泰中國A50,852,42,810,元大證券,2023-04-17,9800
1216,統一,561,26,535,元大證券,2023-04-17,9800
006205,富邦上証,563,37,526,元大證券,2023-04-17,9800
00897,富邦基因免疫生技,580,112,468,元大證券,2023-04-17,9800
00893,國泰智能電動車,596,131,465,元大證券,2023-04-17,9800
3078,僑威,954,491,463,元大證券,2023-04-17,9800
2408,南亞科,572,125,447,元大證券,2023-04-17,9800
6138,茂達,498,63,435,元大證券,2023-04-17,9800
2313,華通,458,73,385,元大證券,2023-04-17,9800
2201,裕隆,1058,678,380,元大證券,2023-04-17,9800
00881,國泰台灣5G+,797,423,374,元大證券,2023-04-17,9800
00681R,元大美債20反1,335,0,335,元大證券,2023-04-17,9800
3576,聯合再生,383,50,333,元大證券,2023-04-17,9800
00642U,期元大S＆P石油,390,65,325,元大證券,2023-04-17,9800
2301,光寶科,711,402,309,元大證券,2023-04-17,9800
3006,晶豪科,444,138,306,元大證券,2023-04-17,9800
00895,富邦未來車,308,2,306,元大證券,2023-04-17,9800
3017,奇鋐,415,119,296,元大證券,2023-04-17,9800
1513,中興電,959,664,295,元大證券,2023-04-17,9800
00905,FT臺灣Smart,286,1,285,元大證券,2023-04-17,9800
00903,富邦元宇宙,427,143,284,元大證券,2023-04-17,9800
2412,中華電,332,50,282,元大證券,2023-04-17,9800
00674R,期元大S＆P黃金反1,560,281,279,元大證券,2023-04-17,9800
1444,力麗,297,19,278,元大證券,2023-04-17,9800
00898,國泰基因免疫革命,275,0,275,元大證券,2023-04-17,9800
2885,元大金,286,15,271,元大證券,2023-04-17,9800
2345,智邦,286,18,268,元大證券,2023-04-17,9800
4190,佐登-KY,261,12,249,元大證券,2023-04-17,9800
6719,力智,387,139,248,元大證券,2023-04-17,9800
00637L,元大滬深300正2,36065,10061,26004,元大證券,2023-04-18,9800
00632R,元大台灣50反1,15066,7826,7240,元大證券,2023-04-18,9800
00753L,中信中國50正2,3798,1324,2474,元大證券,2023-04-18,9800
00633L,富邦上証正2,3589,1282,2307,元大證券,2023-04-18,9800
2884,玉山金,2258,76,2182,元大證券,2023-04-18,9800
00642U,期元大S＆P石油,2243,247,1996,元大證券,2023-04-18,9800
00665L,富邦�琤肭磪囓�2,5677,3713,1964,元大證券,2023-04-18,9800
1314,中石化,1824,31,1793,元大證券,2023-04-18,9800
00893,國泰智能電動車,1635,112,1523,元大證券,2023-04-18,9800
00676R,富邦臺灣加權反1,1850,392,1458,元大證券,2023-04-18,9800
3673,TPK-KY,1310,13,1297,元大證券,2023-04-18,9800
00650L,復華香港正2,2613,1502,1111,元大證券,2023-04-18,9800
00877,復華中國5G,1309,242,1067,元大證券,2023-04-18,9800
00662,富邦NASDAQ,1013,61,952,元大證券,2023-04-18,9800
2324,仁寶,898,26,872,元大證券,2023-04-18,9800
00636,國泰中國A50,745,91,654,元大證券,2023-04-18,9800
020022,元大電動車N,669,22,647,元大證券,2023-04-18,9800
2308,台達電,658,31,627,元大證券,2023-04-18,9800
00898,國泰基因免疫革命,607,1,606,元大證券,2023-04-18,9800
4979,華星光,1024,530,494,元大證券,2023-04-18,9800
00905,FT臺灣Smart,432,0,432,元大證券,2023-04-18,9800
3105,穩懋,554,124,430,元大證券,2023-04-18,9800
0050,元大台灣50,890,465,425,元大證券,2023-04-18,9800
00922,國泰台灣領袖50,466,62,404,元大證券,2023-04-18,9800
2330,台積電,423,24,399,元大證券,2023-04-18,9800
00670L,富邦NASDAQ正2,422,31,391,元大證券,2023-04-18,9800
00903,富邦元宇宙,396,25,371,元大證券,2023-04-18,9800
00891,中信關鍵半導體,850,481,369,元大證券,2023-04-18,9800
00683L,期元大美元指正2,356,0,356,元大證券,2023-04-18,9800
00725B,國泰投資級公司債,1214,876,338,元大證券,2023-04-18,9800
2376,技嘉,342,12,330,元大證券,2023-04-18,9800
2345,智邦,339,13,326,元大證券,2023-04-18,9800
2707,晶華,328,7,321,元大證券,2023-04-18,9800
00714,群益道瓊美國地產,314,0,314,元大證券,2023-04-18,9800
3322,建舜電,354,44,310,元大證券,2023-04-18,9800
3592,瑞鼎,364,60,304,元大證券,2023-04-18,9800
2413,環科,826,526,300,元大證券,2023-04-18,9800
00738U,期元大道瓊白銀,298,0,298,元大證券,2023-04-18,9800
00882,中信中國高股息,1774,1486,288,元大證券,2023-04-18,9800
2425,承啟,292,11,281,元大證券,2023-04-18,9800
6743,安普新,291,29,262,元大證券,2023-04-18,9800
6719,力智,389,128,261,元大證券,2023-04-18,9800
1301,台塑,260,1,259,元大證券,2023-04-18,9800
2457,飛宏,2974,2717,257,元大證券,2023-04-18,9800
3045,台灣大,264,12,252,元大證券,2023-04-18,9800
1909,榮成,292,43,249,元大證券,2023-04-18,9800
2855,統一證,249,1,248,元大證券,2023-04-18,9800
00897,富邦基因免疫生技,250,2,248,元大證券,2023-04-18,9800
2356,英業達,262,17,245,元大證券,2023-04-18,9800
00895,富邦未來車,238,0,238,元大證券,2023-04-18,9800
00632R,元大台灣50反1,28941,15270,13671,元大證券,2023-04-19,9800
1314,中石化,2159,17,2142,元大證券,2023-04-19,9800
2330,台積電,1626,266,1360,元大證券,2023-04-19,9800
00642U,期元大S＆P石油,1636,277,1359,元大證券,2023-04-19,9800
3481,群創,2765,1436,1329,元大證券,2023-04-19,9800
2888,新光金,1050,28,1022,元大證券,2023-04-19,9800
2891,中信金,1018,64,954,元大證券,2023-04-19,9800
00676R,富邦臺灣加權反1,1421,587,834,元大證券,2023-04-19,9800
00878,國泰永續高股息,2312,1480,832,元大證券,2023-04-19,9800
1101,台泥,820,69,751,元大證券,2023-04-19,9800
00670L,富邦NASDAQ正2,758,86,672,元大證券,2023-04-19,9800
2353,宏��,1033,386,647,元大證券,2023-04-19,9800
2884,玉山金,668,25,643,元大證券,2023-04-19,9800
00900,富邦特選高股息30,1357,735,622,元大證券,2023-04-19,9800
020022,元大電動車N,707,91,616,元大證券,2023-04-19,9800
6138,茂達,679,77,602,元大證券,2023-04-19,9800
8069,元太,677,106,571,元大證券,2023-04-19,9800
6116,彩晶,634,66,568,元大證券,2023-04-19,9800
3189,景碩,662,99,563,元大證券,2023-04-19,9800
2883,凱基金,587,55,532,元大證券,2023-04-19,9800
6282,康舒,1607,1101,506,元大證券,2023-04-19,9800
2002,中鋼,662,163,499,元大證券,2023-04-19,9800
2882,國泰金,505,14,491,元大證券,2023-04-19,9800
1504,東元,884,403,481,元大證券,2023-04-19,9800
5880,合庫金,478,3,475,元大證券,2023-04-19,9800
006205,富邦上証,549,78,471,元大證券,2023-04-19,9800
00894,中信小資高價30,474,6,468,元大證券,2023-04-19,9800
2886,兆豐金,458,1,457,元大證券,2023-04-19,9800
00919,群益台灣精選高息,695,238,457,元大證券,2023-04-19,9800
2881,富邦金,473,17,456,元大證券,2023-04-19,9800
6799,來頡,561,105,456,元大證券,2023-04-19,9800
2890,永豐金,748,297,451,元大證券,2023-04-19,9800
00713,元大台灣高息低波,559,115,444,元大證券,2023-04-19,9800
2889,國票金,451,13,438,元大證券,2023-04-19,9800
2402,毅嘉,603,167,436,元大證券,2023-04-19,9800
00893,國泰智能電動車,1390,965,425,元大證券,2023-04-19,9800
2880,華南金,441,26,415,元大證券,2023-04-19,9800
00738U,期元大道瓊白銀,426,16,410,元大證券,2023-04-19,9800
1402,遠東新,384,0,384,元大證券,2023-04-19,9800
6177,達麗,382,6,376,元大證券,2023-04-19,9800
2892,第一金,445,76,369,元大證券,2023-04-19,9800
6505,台塑化,354,1,353,元大證券,2023-04-19,9800
2801,彰銀,458,114,344,元大證券,2023-04-19,9800
1303,南亞,342,0,342,元大證券,2023-04-19,9800
2897,王道銀行,404,68,336,元大證券,2023-04-19,9800
5309,系統電,359,23,336,元大證券,2023-04-19,9800
6443,元晶,1472,1140,332,元大證券,2023-04-19,9800
00648R,元大S＆P500反1,624,292,332,元大證券,2023-04-19,9800
2887,台新金,412,80,332,元大證券,2023-04-19,9800
020034,元大IC設計N,532,207,325,元大證券,2023-04-19,9800
00632R,元大台灣50反1,20796,15837,4959,元大證券,2023-04-20,9800
1314,中石化,3990,163,3827,元大證券,2023-04-20,9800
00673R,期元大S＆P原油反1,10304,6765,3539,元大證券,2023-04-20,9800
2303,聯電,2823,389,2434,元大證券,2023-04-20,9800
00676R,富邦臺灣加權反1,2184,640,1544,元大證券,2023-04-20,9800
00892,富邦台灣半導體,2465,937,1528,元大證券,2023-04-20,9800
00670L,富邦NASDAQ正2,987,18,969,元大證券,2023-04-20,9800
00922,國泰台灣領袖50,997,164,833,元大證券,2023-04-20,9800
00891,中信關鍵半導體,1818,1013,805,元大證券,2023-04-20,9800
2883,凱基金,933,132,801,元大證券,2023-04-20,9800
00650L,復華香港正2,2800,2071,729,元大證券,2023-04-20,9800
2603,長榮,936,294,642,元大證券,2023-04-20,9800
00642U,期元大S＆P石油,2041,1404,637,元大證券,2023-04-20,9800
2204,中華,1717,1208,509,元大證券,2023-04-20,9800
00895,富邦未來車,562,54,508,元大證券,2023-04-20,9800
1102,亞泥,504,12,492,元大證券,2023-04-20,9800
00664R,國泰臺灣加權反1,727,252,475,元大證券,2023-04-20,9800
2382,廣達,531,86,445,元大證券,2023-04-20,9800
2454,聯發科,709,303,406,元大證券,2023-04-20,9800
8222,寶一,564,162,402,元大證券,2023-04-20,9800
00662,富邦NASDAQ,592,206,386,元大證券,2023-04-20,9800
00761B,國泰A級公司債,511,154,357,元大證券,2023-04-20,9800
1907,永豐餘,493,140,353,元大證券,2023-04-20,9800
5880,合庫金,455,103,352,元大證券,2023-04-20,9800
020022,元大電動車N,398,57,341,元大證券,2023-04-20,9800
2425,承啟,696,373,323,元大證券,2023-04-20,9800
2010,春源,298,5,293,元大證券,2023-04-20,9800
6863,永道-KY,292,1,291,元大證券,2023-04-20,9800
5243,乙盛-KY,336,49,287,元大證券,2023-04-20,9800
00898,國泰基因免疫革命,283,0,283,元大證券,2023-04-20,9800
00885,富邦越南,778,537,241,元大證券,2023-04-20,9800
2892,第一金,292,58,234,元大證券,2023-04-20,9800
00692,富邦公司治理,270,35,235,元大證券,2023-04-20,9800
2412,中華電,255,33,222,元大證券,2023-04-20,9800
2890,永豐金,312,93,219,元大證券,2023-04-20,9800
2891,中信金,321,107,214,元大證券,2023-04-20,9800
5009,榮剛,937,728,209,元大證券,2023-04-20,9800
1101,台泥,302,96,206,元大證券,2023-04-20,9800
00751B,元大AAA至A公司債,446,245,201,元大證券,2023-04-20,9800
1605,華新,862,665,197,元大證券,2023-04-20,9800
00738U,期元大道瓊白銀,343,153,190,元大證券,2023-04-20,9800
1303,南亞,200,38,162,元大證券,2023-04-20,9800
1402,遠東新,186,28,158,元大證券,2023-04-20,9800
9938,百和,149,1,148,元大證券,2023-04-20,9800
00696B,富邦美債20年,280,133,147,元大證券,2023-04-20,9800
00679B,元大美債20年,3242,3095,147,元大證券,2023-04-20,9800
2409,友達,596,449,147,元大證券,2023-04-20,9800
2886,兆豐金,223,77,146,元大證券,2023-04-20,9800
2330,台積電,561,418,143,元大證券,2023-04-20,9800
00896,中信綠能及電動車,331,192,139,元大證券,2023-04-20,9800
00632R,元大台灣50反1,47670,21334,26336,元大證券,2023-04-21,9800
00673R,期元大S＆P原油反1,16718,449,16269,元大證券,2023-04-21,9800
1605,華新,3299,525,2774,元大證券,2023-04-21,9800
2301,光寶科,2711,82,2629,元大證券,2023-04-21,9800
2344,華邦電,2875,466,2409,元大證券,2023-04-21,9800
1303,南亞,2559,167,2392,元大證券,2023-04-21,9800
6116,彩晶,2346,101,2245,元大證券,2023-04-21,9800
1301,台塑,2277,483,1794,元大證券,2023-04-21,9800
3711,日月光投控,1783,166,1617,元大證券,2023-04-21,9800
00650L,復華香港正2,3409,2133,1276,元大證券,2023-04-21,9800
2634,漢翔,1666,447,1219,元大證券,2023-04-21,9800
1101,台泥,1731,686,1045,元大證券,2023-04-21,9800
00878,國泰永續高股息,3810,2878,932,元大證券,2023-04-21,9800
2317,鴻海,1482,742,740,元大證券,2023-04-21,9800
00676R,富邦臺灣加權反1,2137,1420,717,元大證券,2023-04-21,9800
2834,臺企銀,789,94,695,元大證券,2023-04-21,9800
00670L,富邦NASDAQ正2,665,0,665,元大證券,2023-04-21,9800
6163,華電網,1480,833,647,元大證券,2023-04-21,9800
00830,國泰費城半導體,629,0,629,元大證券,2023-04-21,9800
1905,華紙,660,44,616,元大證券,2023-04-21,9800
00893,國泰智能電動車,722,143,579,元大證券,2023-04-21,9800
2204,中華,1393,825,568,元大證券,2023-04-21,9800
2453,凌群,796,254,542,元大證券,2023-04-21,9800
1102,亞泥,556,21,535,元大證券,2023-04-21,9800
2010,春源,501,4,497,元大證券,2023-04-21,9800
00898,國泰基因免疫革命,496,0,496,元大證券,2023-04-21,9800
00897,富邦基因免疫生技,501,16,485,元大證券,2023-04-21,9800
2201,裕隆,915,449,466,元大證券,2023-04-21,9800
8069,元太,868,428,440,元大證券,2023-04-21,9800
00738U,期元大道瓊白銀,440,2,438,元大證券,2023-04-21,9800
020022,元大電動車N,448,47,401,元大證券,2023-04-21,9800
2368,金像電,447,73,374,元大證券,2023-04-21,9800
2449,京元電子,647,275,372,元大證券,2023-04-21,9800
2409,友達,1496,1134,362,元大證券,2023-04-21,9800
2891,中信金,444,114,330,元大證券,2023-04-21,9800
2425,承啟,478,161,317,元大證券,2023-04-21,9800
00708L,期元大S＆P黃金正2,337,36,301,元大證券,2023-04-21,9800
3034,聯詠,341,47,294,元大證券,2023-04-21,9800
00757,統一FANG+,282,0,282,元大證券,2023-04-21,9800
2324,仁寶,521,242,279,元大證券,2023-04-21,9800
3583,辛耘,301,22,279,元大證券,2023-04-21,9800
00646,元大S＆P500,282,3,279,元大證券,2023-04-21,9800
00637L,元大滬深300正2,19324,19045,279,元大證券,2023-04-21,9800
00899,FT潔淨能源,267,0,267,元大證券,2023-04-21,9800
00916,國泰全球品牌50,240,0,240,元大證券,2023-04-21,9800
00635U,期元大S＆P黃金,282,43,239,元大證券,2023-04-21,9800
020028,元大特選電動車N,244,16,228,元大證券,2023-04-21,9800
00681R,元大美債20反1,227,0,227,元大證券,2023-04-21,9800
00686R,群益臺灣加權反1,216,0,216,元大證券,2023-04-21,9800
1802,台玻,294,79,215,元大證券,2023-04-21,9800
00673R,期元大S＆P原油反1,13409,422,12987,元大證券,2023-04-24,9800
00664R,國泰臺灣加權反1,3101,648,2453,元大證券,2023-04-24,9800
00670L,富邦NASDAQ正2,1670,103,1567,元大證券,2023-04-24,9800
00686R,群益臺灣加權反1,1293,77,1216,元大證券,2023-04-24,9800
3037,欣興,1092,180,912,元大證券,2023-04-24,9800
00676R,富邦臺灣加權反1,1251,373,878,元大證券,2023-04-24,9800
2423,固緯,844,0,844,元大證券,2023-04-24,9800
1102,亞泥,803,21,782,元大證券,2023-04-24,9800
2317,鴻海,1092,414,678,元大證券,2023-04-24,9800
3231,緯創,1460,918,542,元大證券,2023-04-24,9800
6282,康舒,1653,1145,508,元大證券,2023-04-24,9800
5347,世界,536,37,499,元大證券,2023-04-24,9800
2634,漢翔,833,342,491,元大證券,2023-04-24,9800
00830,國泰費城半導體,483,12,471,元大證券,2023-04-24,9800
3706,神達,477,30,447,元大證券,2023-04-24,9800
00674R,期元大S＆P黃金反1,543,106,437,元大證券,2023-04-24,9800
2337,旺宏,454,38,416,元大證券,2023-04-24,9800
00634R,富邦上証反1,490,97,393,元大證券,2023-04-24,9800
00669R,國泰美國道瓊反1,1193,831,362,元大證券,2023-04-24,9800
00881,國泰台灣5G+,1175,839,336,元大證券,2023-04-24,9800
8046,南電,414,114,300,元大證券,2023-04-24,9800
00713,元大台灣高息低波,282,14,268,元大證券,2023-04-24,9800
8069,元太,631,373,258,元大證券,2023-04-24,9800
00656R,國泰中國A50反1,253,3,250,元大證券,2023-04-24,9800
5880,合庫金,250,1,249,元大證券,2023-04-24,9800
00639,富邦深100,483,239,244,元大證券,2023-04-24,9800
6147,頎邦,262,21,241,元大證券,2023-04-24,9800
3363,上詮,599,360,239,元大證券,2023-04-24,9800
2913,農林,876,638,238,元大證券,2023-04-24,9800
00915,凱基優選高股息30,251,16,235,元大證券,2023-04-24,9800
00638R,元大滬深300反1,241,12,229,元大證券,2023-04-24,9800
00901,永豐智能車供應鏈,225,7,218,元大證券,2023-04-24,9800
2887,台新金,212,1,211,元大證券,2023-04-24,9800
020028,元大特選電動車N,209,2,207,元大證券,2023-04-24,9800
2344,華邦電,346,145,201,元大證券,2023-04-24,9800
6244,茂迪,580,388,192,元大證券,2023-04-24,9800
2892,第一金,211,21,190,元大證券,2023-04-24,9800
00643,群益深証中小,225,35,190,元大證券,2023-04-24,9800
6770,力積電,320,135,185,元大證券,2023-04-24,9800
1504,東元,387,207,180,元大證券,2023-04-24,9800
020022,元大電動車N,202,23,179,元大證券,2023-04-24,9800
00899,FT潔淨能源,178,2,176,元大證券,2023-04-24,9800
3661,世芯-KY,361,187,174,元大證券,2023-04-24,9800
00907,永豐優息存股,220,53,167,元大證券,2023-04-24,9800
2618,長榮航,219,53,166,元大證券,2023-04-24,9800
2368,金像電,288,122,166,元大證券,2023-04-24,9800
00894,中信小資高價30,285,123,162,元大證券,2023-04-24,9800
4123,晟德,434,277,157,元大證券,2023-04-24,9800
5522,遠雄,158,2,156,元大證券,2023-04-24,9800
2883,凱基金,501,361,140,元大證券,2023-04-24,9800
00632R,元大台灣50反1,44481,9840,34641,元大證券,2023-04-25,9800
00673R,期元大S＆P原油反1,6576,2234,4342,元大證券,2023-04-25,9800
00680L,元大美債20正2,4599,1147,3452,元大證券,2023-04-25,9800
00679B,元大美債20年,3408,26,3382,元大證券,2023-04-25,9800
00882,中信中國高股息,2858,993,1865,元大證券,2023-04-25,9800
00664R,國泰臺灣加權反1,2353,506,1847,元大證券,2023-04-25,9800
1102,亞泥,1298,9,1289,元大證券,2023-04-25,9800
2303,聯電,1613,413,1200,元大證券,2023-04-25,9800
2885,元大金,1126,14,1112,元大證券,2023-04-25,9800
2891,中信金,1163,66,1097,元大證券,2023-04-25,9800
00725B,國泰投資級公司債,1198,149,1049,元大證券,2023-04-25,9800
00670L,富邦NASDAQ正2,1371,498,873,元大證券,2023-04-25,9800
2324,仁寶,1109,239,870,元大證券,2023-04-25,9800
3037,欣興,1494,639,855,元大證券,2023-04-25,9800
1802,台玻,834,54,780,元大證券,2023-04-25,9800
2337,旺宏,937,182,755,元大證券,2023-04-25,9800
1504,東元,2038,1344,694,元大證券,2023-04-25,9800
2317,鴻海,1238,548,690,元大證券,2023-04-25,9800
00639,富邦深100,1431,765,666,元大證券,2023-04-25,9800
2409,友達,1693,1029,664,元大證券,2023-04-25,9800
2890,永豐金,1237,579,658,元大證券,2023-04-25,9800
2356,英業達,944,299,645,元大證券,2023-04-25,9800
1402,遠東新,645,1,644,元大證券,2023-04-25,9800
2887,台新金,604,21,583,元大證券,2023-04-25,9800
00892,富邦台灣半導體,2769,2187,582,元大證券,2023-04-25,9800
00646,元大S＆P500,571,3,568,元大證券,2023-04-25,9800
2892,第一金,568,27,541,元大證券,2023-04-25,9800
3711,日月光投控,857,354,503,元大證券,2023-04-25,9800
6176,瑞儀,574,97,477,元大證券,2023-04-25,9800
020020,元大台股領航N,534,57,477,元大證券,2023-04-25,9800
2449,京元電子,566,107,459,元大證券,2023-04-25,9800
2618,長榮航,832,379,453,元大證券,2023-04-25,9800
00895,富邦未來車,650,200,450,元大證券,2023-04-25,9800
1301,台塑,468,18,450,元大證券,2023-04-25,9800
1795,美時,602,166,436,元大證券,2023-04-25,9800
2027,大成鋼,459,26,433,元大證券,2023-04-25,9800
2542,興富發,433,7,426,元大證券,2023-04-25,9800
00686R,群益臺灣加權反1,401,0,401,元大證券,2023-04-25,9800
3702,大聯大,401,9,392,元大證券,2023-04-25,9800
00636,國泰中國A50,855,465,390,元大證券,2023-04-25,9800
5880,合庫金,413,25,388,元大證券,2023-04-25,9800
2603,長榮,803,416,387,元大證券,2023-04-25,9800
2347,聯強,394,23,371,元大證券,2023-04-25,9800
2454,聯發科,563,192,371,元大證券,2023-04-25,9800
3706,神達,385,17,368,元大證券,2023-04-25,9800
00920,富邦ESG綠色電力,411,50,361,元大證券,2023-04-25,9800
4938,和碩,407,48,359,元大證券,2023-04-25,9800
00898,國泰基因免疫革命,352,2,350,元大證券,2023-04-25,9800
1904,正隆,944,596,348,元大證券,2023-04-25,9800
2915,潤泰全,375,32,343,元大證券,2023-04-25,9800
00632R,元大台灣50反1,65905,26910,38995,元大證券,2023-04-26,9800
00673R,期元大S＆P原油反1,12189,482,11707,元大證券,2023-04-26,9800
00679B,元大美債20年,6720,402,6318,元大證券,2023-04-26,9800
00680L,元大美債20正2,6858,655,6203,元大證券,2023-04-26,9800
2330,台積電,2714,170,2544,元大證券,2023-04-26,9800
2891,中信金,2554,104,2450,元大證券,2023-04-26,9800
2002,中鋼,2462,148,2314,元大證券,2023-04-26,9800
00669R,國泰美國道瓊反1,2371,280,2091,元大證券,2023-04-26,9800
5880,合庫金,2079,19,2060,元大證券,2023-04-26,9800
2884,玉山金,2060,41,2019,元大證券,2023-04-26,9800
2888,新光金,2092,99,1993,元大證券,2023-04-26,9800
00924,復華S＆P500成長,2303,499,1804,元大證券,2023-04-26,9800
00650L,復華香港正2,2014,280,1734,元大證券,2023-04-26,9800
00665L,富邦�琤肭磪囓�2,6116,4413,1703,元大證券,2023-04-26,9800
2890,永豐金,1697,24,1673,元大證券,2023-04-26,9800
00900,富邦特選高股息30,2213,617,1596,元大證券,2023-04-26,9800
2882,國泰金,1603,62,1541,元大證券,2023-04-26,9800
2892,第一金,1497,22,1475,元大證券,2023-04-26,9800
2886,兆豐金,1771,315,1456,元大證券,2023-04-26,9800
2880,華南金,1451,27,1424,元大證券,2023-04-26,9800
3481,群創,2068,667,1401,元大證券,2023-04-26,9800
2887,台新金,1401,43,1358,元大證券,2023-04-26,9800
2409,友達,1462,139,1323,元大證券,2023-04-26,9800
00923,群益台ESG低碳50,1680,447,1233,元大證券,2023-04-26,9800
2603,長榮,1517,311,1206,元大證券,2023-04-26,9800
2881,富邦金,1302,116,1186,元大證券,2023-04-26,9800
2834,臺企銀,1189,56,1133,元大證券,2023-04-26,9800
00688L,國泰20年美債正2,1120,11,1109,元大證券,2023-04-26,9800
2801,彰銀,1094,19,1075,元大證券,2023-04-26,9800
00648R,元大S＆P500反1,1049,0,1049,元大證券,2023-04-26,9800
1102,亞泥,1024,6,1018,元大證券,2023-04-26,9800
2883,凱基金,2270,1300,970,元大證券,2023-04-26,9800
2356,英業達,998,80,918,元大證券,2023-04-26,9800
2324,仁寶,1025,136,889,元大證券,2023-04-26,9800
6505,台塑化,842,15,827,元大證券,2023-04-26,9800
1301,台塑,826,50,776,元大證券,2023-04-26,9800
1303,南亞,794,46,748,元大證券,2023-04-26,9800
00885,富邦越南,1271,541,730,元大證券,2023-04-26,9800
2812,台中銀,714,19,695,元大證券,2023-04-26,9800
2885,元大金,726,50,676,元大證券,2023-04-26,9800
00902,中信電池及儲能,1866,1207,659,元大證券,2023-04-26,9800
00891,中信關鍵半導體,3262,2604,658,元大證券,2023-04-26,9800
020022,元大電動車N,669,21,648,元大證券,2023-04-26,9800
1402,遠東新,721,95,626,元大證券,2023-04-26,9800
2382,廣達,653,45,608,元大證券,2023-04-26,9800
2412,中華電,803,197,606,元大證券,2023-04-26,9800
2845,遠東銀,584,12,572,元大證券,2023-04-26,9800
1314,中石化,623,53,570,元大證券,2023-04-26,9800
6770,力積電,808,277,531,元大證券,2023-04-26,9800
00670L,富邦NASDAQ正2,700,175,525,元大證券,2023-04-26,9800
00673R,期元大S＆P原油反1,29943,1888,28055,元大證券,2023-04-27,9800
00632R,元大台灣50反1,26776,13867,12909,元大證券,2023-04-27,9800
00637L,元大滬深300正2,13817,9428,4389,元大證券,2023-04-27,9800
00664R,國泰臺灣加權反1,3289,738,2551,元大證券,2023-04-27,9800
00669R,國泰美國道瓊反1,3068,1145,1923,元大證券,2023-04-27,9800
00665L,富邦�琤肭磪囓�2,6076,4960,1116,元大證券,2023-04-27,9800
00882,中信中國高股息,994,189,805,元大證券,2023-04-27,9800
006205,富邦上証,1010,256,754,元大證券,2023-04-27,9800
2603,長榮,875,213,662,元大證券,2023-04-27,9800
00924,復華S＆P500成長,630,0,630,元大證券,2023-04-27,9800
2382,廣達,879,250,629,元大證券,2023-04-27,9800
00713,元大台灣高息低波,679,75,604,元大證券,2023-04-27,9800
2313,華通,668,84,584,元大證券,2023-04-27,9800
00648R,元大S＆P500反1,1708,1199,509,元大證券,2023-04-27,9800
3231,緯創,1262,772,490,元大證券,2023-04-27,9800
2356,英業達,748,260,488,元大證券,2023-04-27,9800
00639,富邦深100,625,159,466,元大證券,2023-04-27,9800
2634,漢翔,1528,1089,439,元大證券,2023-04-27,9800
1102,亞泥,467,88,379,元大證券,2023-04-27,9800
00650L,復華香港正2,1380,1003,377,元大證券,2023-04-27,9800
00687B,國泰20年美債,763,401,362,元大證券,2023-04-27,9800
020022,元大電動車N,354,23,331,元大證券,2023-04-27,9800
00902,中信電池及儲能,896,600,296,元大證券,2023-04-27,9800
3264,欣銓,279,11,268,元大證券,2023-04-27,9800
3005,神基,283,21,262,元大證券,2023-04-27,9800
00708L,期元大S＆P黃金正2,493,251,242,元大證券,2023-04-27,9800
2201,裕隆,529,298,231,元大證券,2023-04-27,9800
00634R,富邦上証反1,230,1,229,元大證券,2023-04-27,9800
4904,遠傳,286,61,225,元大證券,2023-04-27,9800
3035,智原,558,356,202,元大證券,2023-04-27,9800
00897,富邦基因免疫生技,215,13,202,元大證券,2023-04-27,9800
3363,上詮,564,365,199,元大證券,2023-04-27,9800
2301,光寶科,318,126,192,元大證券,2023-04-27,9800
6176,瑞儀,230,38,192,元大證券,2023-04-27,9800
2347,聯強,259,87,172,元大證券,2023-04-27,9800
3017,奇鋐,431,266,165,元大證券,2023-04-27,9800
6278,台表科,186,32,154,元大證券,2023-04-27,9800
2345,智邦,192,48,144,元大證券,2023-04-27,9800
3029,零壹,172,40,132,元大證券,2023-04-27,9800
2727,王品,188,57,131,元大證券,2023-04-27,9800
8069,元太,487,359,128,元大證券,2023-04-27,9800
2442,新美齊,134,6,128,元大證券,2023-04-27,9800
2344,華邦電,509,388,121,元大證券,2023-04-27,9800
5425,台半,310,189,121,元大證券,2023-04-27,9800
3624,光頡,189,71,118,元大證券,2023-04-27,9800
1907,永豐餘,237,127,110,元大證券,2023-04-27,9800
00830,國泰費城半導體,339,231,108,元大證券,2023-04-27,9800
2383,台光電,171,65,106,元大證券,2023-04-27,9800
00653L,富邦印度正2,165,59,106,元大證券,2023-04-27,9800
5434,崇越,124,21,103,元大證券,2023-04-27,9800
00632R,元大台灣50反1,57795,25802,31993,元大證券,2023-04-28,9800
00637L,元大滬深300正2,33023,9011,24012,元大證券,2023-04-28,9800
00673R,期元大S＆P原油反1,17206,2578,14628,元大證券,2023-04-28,9800
6770,力積電,4138,211,3927,元大證券,2023-04-28,9800
00900,富邦特選高股息30,2073,751,1322,元大證券,2023-04-28,9800
2880,華南金,1408,159,1249,元大證券,2023-04-28,9800
00882,中信中國高股息,2248,1056,1192,元大證券,2023-04-28,9800
8069,元太,1251,68,1183,元大證券,2023-04-28,9800
00655L,國泰中國A50正2,1819,681,1138,元大證券,2023-04-28,9800
00903,富邦元宇宙,1037,0,1037,元大證券,2023-04-28,9800
3081,聯亞,1286,254,1032,元大證券,2023-04-28,9800
2303,聯電,1422,468,954,元大證券,2023-04-28,9800
00753L,中信中國50正2,2360,1429,931,元大證券,2023-04-28,9800
3037,欣興,1375,583,792,元大證券,2023-04-28,9800
00881,國泰台灣5G+,1173,595,578,元大證券,2023-04-28,9800
2352,佳世達,621,50,571,元大證券,2023-04-28,9800
00633L,富邦上証正2,2952,2405,547,元大證券,2023-04-28,9800
00895,富邦未來車,563,24,539,元大證券,2023-04-28,9800
020022,元大電動車N,540,82,458,元大證券,2023-04-28,9800
2002,中鋼,480,23,457,元大證券,2023-04-28,9800
00877,復華中國5G,543,88,455,元大證券,2023-04-28,9800
00636,國泰中國A50,555,100,455,元大證券,2023-04-28,9800
2882,國泰金,461,13,448,元大證券,2023-04-28,9800
1727,中華化,1610,1164,446,元大證券,2023-04-28,9800
3711,日月光投控,654,235,419,元大證券,2023-04-28,9800
00674R,期元大S＆P黃金反1,439,40,399,元大證券,2023-04-28,9800
00892,富邦台灣半導體,993,605,388,元大證券,2023-04-28,9800
2618,長榮航,519,142,377,元大證券,2023-04-28,9800
2603,長榮,553,177,376,元大證券,2023-04-28,9800
00646,元大S＆P500,372,0,372,元大證券,2023-04-28,9800
00757,統一FANG+,379,21,358,元大證券,2023-04-28,9800
00670L,富邦NASDAQ正2,624,279,345,元大證券,2023-04-28,9800
1314,中石化,389,52,337,元大證券,2023-04-28,9800
00740B,富邦全球投等債,391,56,335,元大證券,2023-04-28,9800
2441,超豐,338,12,326,元大證券,2023-04-28,9800
2449,京元電子,378,69,309,元大證券,2023-04-28,9800
2812,台中銀,319,11,308,元大證券,2023-04-28,9800
1309,台達化,306,1,305,元大證券,2023-04-28,9800
1504,東元,691,392,299,元大證券,2023-04-28,9800
5009,榮剛,1318,1033,285,元大證券,2023-04-28,9800
3702,大聯大,272,3,269,元大證券,2023-04-28,9800
00681R,元大美債20反1,258,3,255,元大證券,2023-04-28,9800
6147,頎邦,287,46,241,元大證券,2023-04-28,9800
2317,鴻海,490,252,238,元大證券,2023-04-28,9800
2337,旺宏,279,41,238,元大證券,2023-04-28,9800
2330,台積電,340,102,238,元大證券,2023-04-28,9800
2889,國票金,229,1,228,元大證券,2023-04-28,9800
2867,三商壽,267,46,221,元大證券,2023-04-28,9800
0061,元大寶滬深,221,0,221,元大證券,2023-04-28,9800
4961,天鈺,316,99,217,元大證券,2023-04-28,9800
00673R,期元大S＆P原油反1,12035,1837,10198,元大證券,2023-05-02,9800
00924,復華S＆P500成長,6445,0,6445,元大證券,2023-05-02,9800
00715L,期街口布蘭特正2,8521,4281,4240,元大證券,2023-05-02,9800
3481,群創,3822,634,3188,元大證券,2023-05-02,9800
3231,緯創,4447,1876,2571,元大證券,2023-05-02,9800
020022,元大電動車N,3044,840,2204,元大證券,2023-05-02,9800
00687B,國泰20年美債,4047,2010,2037,元大證券,2023-05-02,9800
00773B,中信優先金融債,2356,680,1676,元大證券,2023-05-02,9800
00891,中信關鍵半導體,2112,454,1658,元大證券,2023-05-02,9800
3711,日月光投控,1647,67,1580,元大證券,2023-05-02,9800
00878,國泰永續高股息,4272,2754,1518,元大證券,2023-05-02,9800
00881,國泰台灣5G+,1379,21,1358,元大證券,2023-05-02,9800
00830,國泰費城半導體,1798,465,1333,元大證券,2023-05-02,9800
00903,富邦元宇宙,1858,541,1317,元大證券,2023-05-02,9800
1504,東元,1692,629,1063,元大證券,2023-05-02,9800
00772B,中信高評級公司債,3608,2590,1018,元大證券,2023-05-02,9800
00720B,元大投資級公司債,2355,1402,953,元大證券,2023-05-02,9800
2352,佳世達,1105,211,894,元大證券,2023-05-02,9800
00713,元大台灣高息低波,966,146,820,元大證券,2023-05-02,9800
3037,欣興,1486,704,782,元大證券,2023-05-02,9800
2382,廣達,1867,1143,724,元大證券,2023-05-02,9800
020029,元大ESG高股息N,649,21,628,元大證券,2023-05-02,9800
00634R,富邦上証反1,592,7,585,元大證券,2023-05-02,9800
1102,亞泥,550,1,549,元大證券,2023-05-02,9800
00795B,中信美國公債20年,716,176,540,元大證券,2023-05-02,9800
00905,FT臺灣Smart,687,157,530,元大證券,2023-05-02,9800
00725B,國泰投資級公司債,2104,1578,526,元大證券,2023-05-02,9800
2376,技嘉,529,24,505,元大證券,2023-05-02,9800
1314,中石化,570,78,492,元大證券,2023-05-02,9800
00901,永豐智能車供應鏈,520,31,489,元大證券,2023-05-02,9800
00919,群益台灣精選高息,883,416,467,元大證券,2023-05-02,9800
00674R,期元大S＆P黃金反1,466,4,462,元大證券,2023-05-02,9800
00900,富邦特選高股息30,700,240,460,元大證券,2023-05-02,9800
2812,台中銀,468,21,447,元大證券,2023-05-02,9800
00923,群益台ESG低碳50,811,365,446,元大證券,2023-05-02,9800
00653L,富邦印度正2,427,20,407,元大證券,2023-05-02,9800
6116,彩晶,426,61,365,元大證券,2023-05-02,9800
1513,中興電,830,465,365,元大證券,2023-05-02,9800
00912,中信臺灣智慧50,454,95,359,元大證券,2023-05-02,9800
1319,東陽,364,16,348,元大證券,2023-05-02,9800
2371,大同,359,29,330,元大證券,2023-05-02,9800
2867,三商壽,349,23,326,元大證券,2023-05-02,9800
2889,國票金,337,15,322,元大證券,2023-05-02,9800
00898,國泰基因免疫革命,309,0,309,元大證券,2023-05-02,9800
2845,遠東銀,306,2,304,元大證券,2023-05-02,9800
2606,裕民,952,655,297,元大證券,2023-05-02,9800
00646,元大S＆P500,296,1,295,元大證券,2023-05-02,9800
2337,旺宏,396,102,294,元大證券,2023-05-02,9800
3576,聯合再生,303,25,278,元大證券,2023-05-02,9800
2838,聯邦銀,267,0,267,元大證券,2023-05-02,9800
00680L,元大美債20正2,13595,303,13292,元大證券,2023-05-03,9800
00673R,期元大S＆P原油反1,8662,44,8618,元大證券,2023-05-03,9800
00900,富邦特選高股息30,5239,1185,4054,元大證券,2023-05-03,9800
00688L,國泰20年美債正2,2494,1,2493,元大證券,2023-05-03,9800
00924,復華S＆P500成長,2391,557,1834,元大證券,2023-05-03,9800
00676R,富邦臺灣加權反1,1813,76,1737,元大證券,2023-05-03,9800
3231,緯創,2345,653,1692,元大證券,2023-05-03,9800
00669R,國泰美國道瓊反1,2401,833,1568,元大證券,2023-05-03,9800
2603,長榮,1925,685,1240,元大證券,2023-05-03,9800
00893,國泰智能電動車,1121,28,1093,元大證券,2023-05-03,9800
1504,東元,1778,696,1082,元大證券,2023-05-03,9800
2382,廣達,1207,379,828,元大證券,2023-05-03,9800
2891,中信金,816,22,794,元大證券,2023-05-03,9800
00708L,期元大S＆P黃金正2,935,142,793,元大證券,2023-05-03,9800
00662,富邦NASDAQ,777,68,709,元大證券,2023-05-03,9800
2883,凱基金,702,13,689,元大證券,2023-05-03,9800
2324,仁寶,661,23,638,元大證券,2023-05-03,9800
2618,長榮航,650,94,556,元大證券,2023-05-03,9800
1102,亞泥,535,11,524,元大證券,2023-05-03,9800
2408,南亞科,619,95,524,元大證券,2023-05-03,9800
2887,台新金,565,52,513,元大證券,2023-05-03,9800
2356,英業達,491,13,478,元大證券,2023-05-03,9800
00895,富邦未來車,474,10,464,元大證券,2023-05-03,9800
00706L,期元大S＆P日圓正2,788,325,463,元大證券,2023-05-03,9800
00885,富邦越南,491,72,419,元大證券,2023-05-03,9800
8069,元太,1027,622,405,元大證券,2023-05-03,9800
00903,富邦元宇宙,753,357,396,元大證券,2023-05-03,9800
2330,台積電,409,26,383,元大證券,2023-05-03,9800
2376,技嘉,398,51,347,元大證券,2023-05-03,9800
1101,台泥,807,477,330,元大證券,2023-05-03,9800
00635U,期元大S＆P黃金,327,0,327,元大證券,2023-05-03,9800
020022,元大電動車N,341,40,301,元大證券,2023-05-03,9800
00653L,富邦印度正2,311,10,301,元大證券,2023-05-03,9800
2884,玉山金,362,88,274,元大證券,2023-05-03,9800
1303,南亞,284,15,269,元大證券,2023-05-03,9800
1802,台玻,295,54,241,元大證券,2023-05-03,9800
2882,國泰金,299,66,233,元大證券,2023-05-03,9800
5483,中美晶,226,1,225,元大證券,2023-05-03,9800
3037,欣興,866,647,219,元大證券,2023-05-03,9800
5222,全訊,856,644,212,元大證券,2023-05-03,9800
2890,永豐金,248,38,210,元大證券,2023-05-03,9800
2301,光寶科,237,28,209,元大證券,2023-05-03,9800
00881,國泰台灣5G+,849,652,197,元大證券,2023-05-03,9800
1216,統一,203,14,189,元大證券,2023-05-03,9800
2548,華固,189,1,188,元大證券,2023-05-03,9800
00896,中信綠能及電動車,301,115,186,元大證券,2023-05-03,9800
5871A,中租-KY甲特,182,0,182,元大證券,2023-05-03,9800
1402,遠東新,176,11,165,元大證券,2023-05-03,9800
5356,協益,164,0,164,元大證券,2023-05-03,9800
5009,榮剛,686,522,164,元大證券,2023-05-03,9800
00637L,元大滬深300正2,23707,7819,15888,元大證券,2023-05-04,9800
00680L,元大美債20正2,11769,2254,9515,元大證券,2023-05-04,9800
00673R,期元大S＆P原油反1,17187,7793,9394,元大證券,2023-05-04,9800
00669R,國泰美國道瓊反1,4713,112,4601,元大證券,2023-05-04,9800
00882,中信中國高股息,5059,783,4276,元大證券,2023-05-04,9800
00665L,富邦�琤肭磪囓�2,9060,4813,4247,元大證券,2023-05-04,9800
00633L,富邦上証正2,4352,673,3679,元大證券,2023-05-04,9800
00688L,國泰20年美債正2,4787,1554,3233,元大證券,2023-05-04,9800
00671R,富邦NASDAQ反1,7445,4443,3002,元大證券,2023-05-04,9800
00753L,中信中國50正2,3551,1293,2258,元大證券,2023-05-04,9800
00650L,復華香港正2,3066,1099,1967,元大證券,2023-05-04,9800
00641R,富邦日本反1,1698,0,1698,元大證券,2023-05-04,9800
00706L,期元大S＆P日圓正2,1650,0,1650,元大證券,2023-05-04,9800
3231,緯創,2338,900,1438,元大證券,2023-05-04,9800
00655L,國泰中國A50正2,1632,215,1417,元大證券,2023-05-04,9800
020022,元大電動車N,1379,20,1359,元大證券,2023-05-04,9800
2303,聯電,1306,523,783,元大證券,2023-05-04,9800
00648R,元大S＆P500反1,1064,297,767,元大證券,2023-05-04,9800
3037,欣興,1346,599,747,元大證券,2023-05-04,9800
00878,國泰永續高股息,4988,4245,743,元大證券,2023-05-04,9800
1609,大亞,2633,1957,676,元大證券,2023-05-04,9800
00635U,期元大S＆P黃金,644,36,608,元大證券,2023-05-04,9800
00664R,國泰臺灣加權反1,682,99,583,元大證券,2023-05-04,9800
00708L,期元大S＆P黃金正2,733,214,519,元大證券,2023-05-04,9800
3711,日月光投控,581,87,494,元大證券,2023-05-04,9800
2352,佳世達,559,96,463,元大證券,2023-05-04,9800
006205,富邦上証,669,209,460,元大證券,2023-05-04,9800
00881,國泰台灣5G+,1000,550,450,元大證券,2023-05-04,9800
0050,元大台灣50,511,70,441,元大證券,2023-05-04,9800
1314,中石化,447,87,360,元大證券,2023-05-04,9800
00907,永豐優息存股,435,95,340,元大證券,2023-05-04,9800
00922,國泰台灣領袖50,336,11,325,元大證券,2023-05-04,9800
4938,和碩,318,2,316,元大證券,2023-05-04,9800
2317,鴻海,297,0,297,元大證券,2023-05-04,9800
00773B,中信優先金融債,414,127,287,元大證券,2023-05-04,9800
6285,啟��,358,75,283,元大證券,2023-05-04,9800
2308,台達電,302,32,270,元大證券,2023-05-04,9800
2881,富邦金,275,5,270,元大證券,2023-05-04,9800
00905,FT臺灣Smart,236,11,225,元大證券,2023-05-04,9800
1504,東元,654,434,220,元大證券,2023-05-04,9800
00751B,元大AAA至A公司債,527,314,213,元大證券,2023-05-04,9800
4919,新唐,290,79,211,元大證券,2023-05-04,9800
00738U,期元大道瓊白銀,456,253,203,元大證券,2023-05-04,9800
0061,元大寶滬深,391,194,197,元大證券,2023-05-04,9800
1795,美時,652,457,195,元大證券,2023-05-04,9800
00917,中信特選金融,197,2,195,元大證券,2023-05-04,9800
2606,裕民,288,93,195,元大證券,2023-05-04,9800
00725B,國泰投資級公司債,1478,1296,182,元大證券,2023-05-04,9800
2324,仁寶,214,50,164,元大證券,2023-05-04,9800
00687B,國泰20年美債,1225,1061,164,元大證券,2023-05-04,9800
00669R,國泰美國道瓊反1,3890,0,3890,元大證券,2023-05-05,9800
00671R,富邦NASDAQ反1,3434,0,3434,元大證券,2023-05-05,9800
00882,中信中國高股息,3722,661,3061,元大證券,2023-05-05,9800
00665L,富邦�琤肭磪囓�2,8880,5981,2899,元大證券,2023-05-05,9800
00753L,中信中國50正2,3401,1029,2372,元大證券,2023-05-05,9800
00637L,元大滬深300正2,17164,15170,1994,元大證券,2023-05-05,9800
00706L,期元大S＆P日圓正2,1380,0,1380,元大證券,2023-05-05,9800
00634R,富邦上証反1,1011,82,929,元大證券,2023-05-05,9800
00752,中信中國50,960,35,925,元大證券,2023-05-05,9800
3481,群創,993,183,810,元大證券,2023-05-05,9800
00881,國泰台灣5G+,1421,648,773,元大證券,2023-05-05,9800
00633L,富邦上証正2,1990,1239,751,元大證券,2023-05-05,9800
1504,東元,1438,694,744,元大證券,2023-05-05,9800
020022,元大電動車N,754,13,741,元大證券,2023-05-05,9800
00648R,元大S＆P500反1,709,0,709,元大證券,2023-05-05,9800
2324,仁寶,866,165,701,元大證券,2023-05-05,9800
1605,華新,955,274,681,元大證券,2023-05-05,9800
6285,啟��,713,43,670,元大證券,2023-05-05,9800
2421,建準,782,175,607,元大證券,2023-05-05,9800
00636,國泰中國A50,716,153,563,元大證券,2023-05-05,9800
2382,廣達,1115,560,555,元大證券,2023-05-05,9800
00900,富邦特選高股息30,1334,788,546,元大證券,2023-05-05,9800
1102,亞泥,519,3,516,元大證券,2023-05-05,9800
00738U,期元大道瓊白銀,508,0,508,元大證券,2023-05-05,9800
6276,安鈦克,493,0,493,元大證券,2023-05-05,9800
3037,欣興,936,472,464,元大證券,2023-05-05,9800
00757,統一FANG+,502,91,411,元大證券,2023-05-05,9800
3045,台灣大,420,17,403,元大證券,2023-05-05,9800
2412,中華電,410,20,390,元大證券,2023-05-05,9800
00891,中信關鍵半導體,1023,641,382,元大證券,2023-05-05,9800
00713,元大台灣高息低波,705,326,379,元大證券,2023-05-05,9800
0056,元大高股息,431,52,379,元大證券,2023-05-05,9800
00650L,復華香港正2,2093,1718,375,元大證券,2023-05-05,9800
2356,英業達,430,80,350,元大證券,2023-05-05,9800
2353,宏��,703,387,316,元大證券,2023-05-05,9800
00635U,期元大S＆P黃金,414,101,313,元大證券,2023-05-05,9800
00915,凱基優選高股息30,423,121,302,元大證券,2023-05-05,9800
00896,中信綠能及電動車,377,76,301,元大證券,2023-05-05,9800
00920,富邦ESG綠色電力,299,1,298,元大證券,2023-05-05,9800
00655L,國泰中國A50正2,820,526,294,元大證券,2023-05-05,9800
4919,新唐,282,33,249,元大證券,2023-05-05,9800
2409,友達,385,147,238,元大證券,2023-05-05,9800
2457,飛宏,829,604,225,元大證券,2023-05-05,9800
2317,鴻海,235,13,222,元大證券,2023-05-05,9800
00893,國泰智能電動車,581,364,217,元大證券,2023-05-05,9800
00662,富邦NASDAQ,565,354,211,元大證券,2023-05-05,9800
6005,群益證,238,31,207,元大證券,2023-05-05,9800
2640,大車隊,204,5,199,元大證券,2023-05-05,9800
8046,南電,348,158,190,元大證券,2023-05-05,9800
00922,國泰台灣領袖50,727,538,189,元大證券,2023-05-05,9800
00637L,元大滬深300正2,46706,19964,26742,元大證券,2023-05-08,9800
00882,中信中國高股息,5676,1417,4259,元大證券,2023-05-08,9800
00633L,富邦上証正2,4264,1691,2573,元大證券,2023-05-08,9800
0056,元大高股息,2613,191,2422,元大證券,2023-05-08,9800
00650L,復華香港正2,3602,1295,2307,元大證券,2023-05-08,9800
3231,緯創,3016,754,2262,元大證券,2023-05-08,9800
00878,國泰永續高股息,4569,2473,2096,元大證券,2023-05-08,9800
00753L,中信中國50正2,3698,1905,1793,元大證券,2023-05-08,9800
00642U,期元大S＆P石油,2992,1565,1427,元大證券,2023-05-08,9800
00665L,富邦�琤肭磪囓�2,7415,6025,1390,元大證券,2023-05-08,9800
00881,國泰台灣5G+,1547,236,1311,元大證券,2023-05-08,9800
020022,元大電動車N,1956,730,1226,元大證券,2023-05-08,9800
00673R,期元大S＆P原油反1,8767,7550,1217,元大證券,2023-05-08,9800
00664R,國泰臺灣加權反1,1370,184,1186,元大證券,2023-05-08,9800
00676R,富邦臺灣加權反1,2714,1546,1168,元大證券,2023-05-08,9800
3715,定穎投控,2271,1132,1139,元大證券,2023-05-08,9800
0050,元大台灣50,1407,426,981,元大證券,2023-05-08,9800
00893,國泰智能電動車,1283,303,980,元大證券,2023-05-08,9800
00655L,國泰中國A50正2,1497,590,907,元大證券,2023-05-08,9800
00891,中信關鍵半導體,1331,425,906,元大證券,2023-05-08,9800
006205,富邦上証,1137,258,879,元大證券,2023-05-08,9800
00713,元大台灣高息低波,1013,220,793,元大證券,2023-05-08,9800
3037,欣興,2142,1356,786,元大證券,2023-05-08,9800
00670L,富邦NASDAQ正2,818,39,779,元大證券,2023-05-08,9800
00900,富邦特選高股息30,1672,930,742,元大證券,2023-05-08,9800
1519,華城,1064,327,737,元大證券,2023-05-08,9800
1101,台泥,846,136,710,元大證券,2023-05-08,9800
00892,富邦台灣半導體,789,108,681,元大證券,2023-05-08,9800
00683L,期元大美元指正2,681,0,681,元大證券,2023-05-08,9800
2890,永豐金,839,190,649,元大證券,2023-05-08,9800
2324,仁寶,707,74,633,元大證券,2023-05-08,9800
1102,亞泥,588,12,576,元大證券,2023-05-08,9800
2204,中華,586,15,571,元大證券,2023-05-08,9800
00636,國泰中國A50,744,203,541,元大證券,2023-05-08,9800
6112,邁達特,888,387,501,元大證券,2023-05-08,9800
2356,英業達,446,23,423,元大證券,2023-05-08,9800
00924,復華S＆P500成長,517,104,413,元大證券,2023-05-08,9800
00894,中信小資高價30,373,6,367,元大證券,2023-05-08,9800
00905,FT臺灣Smart,413,60,353,元大證券,2023-05-08,9800
2330,台積電,435,91,344,元大證券,2023-05-08,9800
2402,毅嘉,414,83,331,元大證券,2023-05-08,9800
00850,元大臺灣ESG永續,424,107,317,元大證券,2023-05-08,9800
1319,東陽,418,113,305,元大證券,2023-05-08,9800
1795,美時,391,90,301,元大證券,2023-05-08,9800
2376,技嘉,362,62,300,元大證券,2023-05-08,9800
1504,東元,1432,1180,252,元大證券,2023-05-08,9800
00852L,國泰美國道瓊正2,250,0,250,元大證券,2023-05-08,9800
00907,永豐優息存股,259,26,233,元大證券,2023-05-08,9800
1402,遠東新,231,0,231,元大證券,2023-05-08,9800
00639,富邦深100,458,230,228,元大證券,2023-05-08,9800
00637L,元大滬深300正2,43891,14556,29335,元大證券,2023-05-09,9800
00715L,期街口布蘭特正2,22170,2704,19466,元大證券,2023-05-09,9800
00882,中信中國高股息,7942,1806,6136,元大證券,2023-05-09,9800
00633L,富邦上証正2,4488,1152,3336,元大證券,2023-05-09,9800
00893,國泰智能電動車,2521,0,2521,元大證券,2023-05-09,9800
00642U,期元大S＆P石油,1997,642,1355,元大證券,2023-05-09,9800
00664R,國泰臺灣加權反1,2416,1080,1336,元大證券,2023-05-09,9800
00895,富邦未來車,1387,102,1285,元大證券,2023-05-09,9800
00878,國泰永續高股息,4815,3573,1242,元大證券,2023-05-09,9800
1216,統一,1102,7,1095,元大證券,2023-05-09,9800
00902,中信電池及儲能,1358,293,1065,元大證券,2023-05-09,9800
3231,緯創,2709,1680,1029,元大證券,2023-05-09,9800
00753L,中信中國50正2,2084,1067,1017,元大證券,2023-05-09,9800
00676R,富邦臺灣加權反1,1291,360,931,元大證券,2023-05-09,9800
00885,富邦越南,1130,224,906,元大證券,2023-05-09,9800
00900,富邦特選高股息30,1829,941,888,元大證券,2023-05-09,9800
00655L,國泰中國A50正2,1484,686,798,元大證券,2023-05-09,9800
00891,中信關鍵半導體,974,335,639,元大證券,2023-05-09,9800
00757,統一FANG+,598,0,598,元大證券,2023-05-09,9800
3481,群創,1139,565,574,元大證券,2023-05-09,9800
00924,復華S＆P500成長,550,0,550,元大證券,2023-05-09,9800
020022,元大電動車N,548,4,544,元大證券,2023-05-09,9800
3711,日月光投控,488,46,442,元大證券,2023-05-09,9800
00738U,期元大道瓊白銀,443,16,427,元大證券,2023-05-09,9800
00653L,富邦印度正2,380,29,351,元大證券,2023-05-09,9800
2482,連宇,581,231,350,元大證券,2023-05-09,9800
0050,元大台灣50,332,27,305,元大證券,2023-05-09,9800
2330,台積電,308,26,282,元大證券,2023-05-09,9800
00915,凱基優選高股息30,284,2,282,元大證券,2023-05-09,9800
6285,啟��,295,48,247,元大證券,2023-05-09,9800
00923,群益台ESG低碳50,400,156,244,元大證券,2023-05-09,9800
2376,技嘉,367,124,243,元大證券,2023-05-09,9800
00646,元大S＆P500,270,41,229,元大證券,2023-05-09,9800
00919,群益台灣精選高息,281,52,229,元大證券,2023-05-09,9800
00670L,富邦NASDAQ正2,248,20,228,元大證券,2023-05-09,9800
00713,元大台灣高息低波,231,12,219,元大證券,2023-05-09,9800
00692,富邦公司治理,361,170,191,元大證券,2023-05-09,9800
3034,聯詠,223,36,187,元大證券,2023-05-09,9800
00896,中信綠能及電動車,368,193,175,元大證券,2023-05-09,9800
00662,富邦NASDAQ,191,20,171,元大證券,2023-05-09,9800
2913,農林,512,346,166,元大證券,2023-05-09,9800
3293,鈊象,177,12,165,元大證券,2023-05-09,9800
006208,富邦台50,327,163,164,元大證券,2023-05-09,9800
00897,富邦基因免疫生技,260,96,164,元大證券,2023-05-09,9800
00701,國泰股利精選30,162,2,160,元大證券,2023-05-09,9800
3693,營邦,249,90,159,元大證券,2023-05-09,9800
1589,永冠-KY,191,34,157,元大證券,2023-05-09,9800
1708,東鹼,225,70,155,元大證券,2023-05-09,9800
3576,聯合再生,189,36,153,元大證券,2023-05-09,9800
2603,長榮,432,281,151,元大證券,2023-05-09,9800
00632R,元大台灣50反1,30858,12920,17938,元大證券,2023-05-10,9800
00715L,期街口布蘭特正2,9026,3585,5441,元大證券,2023-05-10,9800
2884,玉山金,4681,245,4436,元大證券,2023-05-10,9800
00676R,富邦臺灣加權反1,1976,552,1424,元大證券,2023-05-10,9800
00885,富邦越南,1368,14,1354,元大證券,2023-05-10,9800
2324,仁寶,1207,92,1115,元大證券,2023-05-10,9800
00642U,期元大S＆P石油,1625,677,948,元大證券,2023-05-10,9800
2606,裕民,933,106,827,元大證券,2023-05-10,9800
3711,日月光投控,864,74,790,元大證券,2023-05-10,9800
5439,高技,830,163,667,元大證券,2023-05-10,9800
4958,臻鼎-KY,544,9,535,元大證券,2023-05-10,9800
00638R,元大滬深300反1,527,4,523,元大證券,2023-05-10,9800
2618,長榮航,1577,1072,505,元大證券,2023-05-10,9800
00902,中信電池及儲能,512,20,492,元大證券,2023-05-10,9800
00671R,富邦NASDAQ反1,2649,2235,414,元大證券,2023-05-10,9800
2421,建準,850,446,404,元大證券,2023-05-10,9800
020022,元大電動車N,419,40,379,元大證券,2023-05-10,9800
1301,台塑,338,8,330,元大證券,2023-05-10,9800
2603,長榮,402,95,307,元大證券,2023-05-10,9800
2609,陽明,494,190,304,元大證券,2023-05-10,9800
3025,星通,436,135,301,元大證券,2023-05-10,9800
006205,富邦上証,757,466,291,元大證券,2023-05-10,9800
2881,富邦金,383,113,270,元大證券,2023-05-10,9800
00639,富邦深100,651,403,248,元大證券,2023-05-10,9800
00664R,國泰臺灣加權反1,1073,845,228,元大證券,2023-05-10,9800
00830,國泰費城半導體,392,165,227,元大證券,2023-05-10,9800
9939,宏全,435,220,215,元大證券,2023-05-10,9800
8436,大江,370,170,200,元大證券,2023-05-10,9800
00895,富邦未來車,300,101,199,元大證券,2023-05-10,9800
3702,大聯大,195,2,193,元大證券,2023-05-10,9800
2330,台積電,206,14,192,元大證券,2023-05-10,9800
00882,中信中國高股息,2869,2691,178,元大證券,2023-05-10,9800
2201,裕隆,298,135,163,元大證券,2023-05-10,9800
00905,FT臺灣Smart,161,13,148,元大證券,2023-05-10,9800
020028,元大特選電動車N,162,16,146,元大證券,2023-05-10,9800
1605,華新,315,170,145,元大證券,2023-05-10,9800
00903,富邦元宇宙,227,87,140,元大證券,2023-05-10,9800
00683L,期元大美元指正2,189,50,139,元大證券,2023-05-10,9800
2457,飛宏,1472,1339,133,元大證券,2023-05-10,9800
2344,華邦電,340,207,133,元大證券,2023-05-10,9800
3293,鈊象,127,5,122,元大證券,2023-05-10,9800
8390,金益鼎,158,37,121,元大證券,2023-05-10,9800
3419,譁裕,127,7,120,元大證券,2023-05-10,9800
1612,宏泰,123,3,120,元大證券,2023-05-10,9800
6456,GIS-KY,126,7,119,元大證券,2023-05-10,9800
00898,國泰基因免疫革命,117,0,117,元大證券,2023-05-10,9800
2301,光寶科,189,73,116,元大證券,2023-05-10,9800
8097,常珵,212,98,114,元大證券,2023-05-10,9800
1101,台泥,171,62,109,元大證券,2023-05-10,9800
6176,瑞儀,108,4,104,元大證券,2023-05-10,9800
00715L,期街口布蘭特正2,6700,3204,3496,元大證券,2023-05-11,9800
00885,富邦越南,2564,5,2559,元大證券,2023-05-11,9800
00893,國泰智能電動車,2407,108,2299,元大證券,2023-05-11,9800
3231,緯創,2606,872,1734,元大證券,2023-05-11,9800
00680L,元大美債20正2,3298,1743,1555,元大證券,2023-05-11,9800
2303,聯電,1639,342,1297,元大證券,2023-05-11,9800
00830,國泰費城半導體,1272,111,1161,元大證券,2023-05-11,9800
00687B,國泰20年美債,1496,369,1127,元大證券,2023-05-11,9800
2634,漢翔,1198,482,716,元大證券,2023-05-11,9800
8048,德勝,720,25,695,元大證券,2023-05-11,9800
00757,統一FANG+,679,0,679,元大證券,2023-05-11,9800
2449,京元電子,646,30,616,元大證券,2023-05-11,9800
00706L,期元大S＆P日圓正2,642,87,555,元大證券,2023-05-11,9800
2356,英業達,520,21,499,元大證券,2023-05-11,9800
3711,日月光投控,526,30,496,元大證券,2023-05-11,9800
2301,光寶科,788,294,494,元大證券,2023-05-11,9800
2368,金像電,533,50,483,元大證券,2023-05-11,9800
2408,南亞科,634,171,463,元大證券,2023-05-11,9800
00898,國泰基因免疫革命,453,0,453,元大證券,2023-05-11,9800
00924,復華S＆P500成長,439,0,439,元大證券,2023-05-11,9800
00713,元大台灣高息低波,637,210,427,元大證券,2023-05-11,9800
6244,茂迪,501,79,422,元大證券,2023-05-11,9800
8069,元太,496,86,410,元大證券,2023-05-11,9800
2382,廣達,555,172,383,元大證券,2023-05-11,9800
00653L,富邦印度正2,433,52,381,元大證券,2023-05-11,9800
2618,長榮航,1245,878,367,元大證券,2023-05-11,9800
00674R,期元大S＆P黃金反1,441,74,367,元大證券,2023-05-11,9800
1301,台塑,345,7,338,元大證券,2023-05-11,9800
9921,巨大,351,13,338,元大證券,2023-05-11,9800
00662,富邦NASDAQ,328,15,313,元大證券,2023-05-11,9800
2376,技嘉,436,127,309,元大證券,2023-05-11,9800
2330,台積電,357,53,304,元大證券,2023-05-11,9800
00903,富邦元宇宙,302,0,302,元大證券,2023-05-11,9800
2317,鴻海,497,197,300,元大證券,2023-05-11,9800
2412,中華電,798,499,299,元大證券,2023-05-11,9800
2457,飛宏,539,241,298,元大證券,2023-05-11,9800
00923,群益台ESG低碳50,604,313,291,元大證券,2023-05-11,9800
00686R,群益臺灣加權反1,296,10,286,元大證券,2023-05-11,9800
1605,華新,886,613,273,元大證券,2023-05-11,9800
5425,台半,356,84,272,元大證券,2023-05-11,9800
00712,復華富時不動產,1175,907,268,元大證券,2023-05-11,9800
2885,元大金,290,22,268,元大證券,2023-05-11,9800
00877,復華中國5G,282,21,261,元大證券,2023-05-11,9800
2615,萬海,404,147,257,元大證券,2023-05-11,9800
00892,富邦台灣半導體,390,136,254,元大證券,2023-05-11,9800
00922,國泰台灣領袖50,290,36,254,元大證券,2023-05-11,9800
00646,元大S＆P500,244,0,244,元大證券,2023-05-11,9800
00895,富邦未來車,240,5,235,元大證券,2023-05-11,9800
2353,宏��,288,79,209,元大證券,2023-05-11,9800
2731,雄獅,323,120,203,元大證券,2023-05-11,9800
00632R,元大台灣50反1,36111,3938,32173,元大證券,2023-05-12,9800
00680L,元大美債20正2,20836,47,20789,元大證券,2023-05-12,9800
00669R,國泰美國道瓊反1,5118,454,4664,元大證券,2023-05-12,9800
00673R,期元大S＆P原油反1,7243,3907,3336,元大證券,2023-05-12,9800
00688L,國泰20年美債正2,2670,3,2667,元大證券,2023-05-12,9800
00753L,中信中國50正2,4049,1996,2053,元大證券,2023-05-12,9800
00679B,元大美債20年,1978,38,1940,元大證券,2023-05-12,9800
2887,台新金,1907,47,1860,元大證券,2023-05-12,9800
2412,中華電,4010,2402,1608,元大證券,2023-05-12,9800
00752,中信中國50,1578,10,1568,元大證券,2023-05-12,9800
00687B,國泰20年美債,1949,550,1399,元大證券,2023-05-12,9800
2303,聯電,1489,243,1246,元大證券,2023-05-12,9800
2891,中信金,1325,124,1201,元大證券,2023-05-12,9800
00650L,復華香港正2,2487,1665,822,元大證券,2023-05-12,9800
2330,台積電,777,18,759,元大證券,2023-05-12,9800
00634R,富邦上証反1,768,12,756,元大證券,2023-05-12,9800
020022,元大電動車N,773,24,749,元大證券,2023-05-12,9800
00674R,期元大S＆P黃金反1,844,150,694,元大證券,2023-05-12,9800
3711,日月光投控,692,18,674,元大證券,2023-05-12,9800
2324,仁寶,941,296,645,元大證券,2023-05-12,9800
00757,統一FANG+,613,0,613,元大證券,2023-05-12,9800
00665L,富邦�琤肭磪囓�2,7080,6500,580,元大證券,2023-05-12,9800
00676R,富邦臺灣加權反1,2652,2072,580,元大證券,2023-05-12,9800
2454,聯發科,593,55,538,元大證券,2023-05-12,9800
00638R,元大滬深300反1,491,1,490,元大證券,2023-05-12,9800
00662,富邦NASDAQ,830,342,488,元大證券,2023-05-12,9800
00892,富邦台灣半導體,818,335,483,元大證券,2023-05-12,9800
00725B,國泰投資級公司債,531,181,350,元大證券,2023-05-12,9800
2353,宏��,521,177,344,元大證券,2023-05-12,9800
2618,長榮航,572,262,310,元大證券,2023-05-12,9800
2201,裕隆,516,211,305,元大證券,2023-05-12,9800
00902,中信電池及儲能,600,301,299,元大證券,2023-05-12,9800
2337,旺宏,311,13,298,元大證券,2023-05-12,9800
8046,南電,374,96,278,元大證券,2023-05-12,9800
00683L,期元大美元指正2,376,102,274,元大證券,2023-05-12,9800
2890,永豐金,453,184,269,元大證券,2023-05-12,9800
2376,技嘉,381,130,251,元大證券,2023-05-12,9800
1752,南光,304,72,232,元大證券,2023-05-12,9800
00664R,國泰臺灣加權反1,2083,1857,226,元大證券,2023-05-12,9800
00773B,中信優先金融債,228,3,225,元大證券,2023-05-12,9800
1519,華城,852,630,222,元大證券,2023-05-12,9800
00919,群益台灣精選高息,436,232,204,元大證券,2023-05-12,9800
2313,華通,236,51,185,元大證券,2023-05-12,9800
00888,永豐台灣ESG,426,241,185,元大證券,2023-05-12,9800
00762,元大全球AI,196,15,181,元大證券,2023-05-12,9800
3017,奇鋐,334,157,177,元大證券,2023-05-12,9800
6005,群益證,218,42,176,元大證券,2023-05-12,9800
00830,國泰費城半導體,890,715,175,元大證券,2023-05-12,9800
00918,大華優利高填息30,199,29,170,元大證券,2023-05-12,9800
6288,聯嘉,203,42,161,元大證券,2023-05-12,9800
00676R,富邦臺灣加權反1,2994,118,2876,元大證券,2023-05-15,9800
00673R,期元大S＆P原油反1,4755,2439,2316,元大證券,2023-05-15,9800
00753L,中信中國50正2,3640,1536,2104,元大證券,2023-05-15,9800
00669R,國泰美國道瓊反1,1162,109,1053,元大證券,2023-05-15,9800
00671R,富邦NASDAQ反1,1913,867,1046,元大證券,2023-05-15,9800
00664R,國泰臺灣加權反1,1267,360,907,元大證券,2023-05-15,9800
2891,中信金,1009,104,905,元大證券,2023-05-15,9800
2887,台新金,902,56,846,元大證券,2023-05-15,9800
00882,中信中國高股息,3272,2487,785,元大證券,2023-05-15,9800
00650L,復華香港正2,2430,1652,778,元大證券,2023-05-15,9800
1101,台泥,987,276,711,元大證券,2023-05-15,9800
00891,中信關鍵半導體,1468,764,704,元大證券,2023-05-15,9800
1301,台塑,677,11,666,元大證券,2023-05-15,9800
00900,富邦特選高股息30,1551,887,664,元大證券,2023-05-15,9800
2883,凱基金,1143,526,617,元大證券,2023-05-15,9800
2884,玉山金,663,56,607,元大證券,2023-05-15,9800
00665L,富邦�琤肭磪囓�2,7589,7002,587,元大證券,2023-05-15,9800
00752,中信中國50,641,67,574,元大證券,2023-05-15,9800
00903,富邦元宇宙,596,51,545,元大證券,2023-05-15,9800
00712,復華富時不動產,1205,672,533,元大證券,2023-05-15,9800
2886,兆豐金,615,101,514,元大證券,2023-05-15,9800
1504,東元,1373,861,512,元大證券,2023-05-15,9800
2324,仁寶,645,144,501,元大證券,2023-05-15,9800
3711,日月光投控,631,147,484,元大證券,2023-05-15,9800
2409,友達,589,119,470,元大證券,2023-05-15,9800
2449,京元電子,501,31,470,元大證券,2023-05-15,9800
020022,元大電動車N,457,4,453,元大證券,2023-05-15,9800
00757,統一FANG+,422,3,419,元大證券,2023-05-15,9800
00895,富邦未來車,386,9,377,元大證券,2023-05-15,9800
2408,南亞科,523,148,375,元大證券,2023-05-15,9800
00902,中信電池及儲能,757,383,374,元大證券,2023-05-15,9800
00639,富邦深100,382,21,361,元大證券,2023-05-15,9800
2885,元大金,364,12,352,元大證券,2023-05-15,9800
2317,鴻海,461,117,344,元大證券,2023-05-15,9800
00708L,期元大S＆P黃金正2,503,193,310,元大證券,2023-05-15,9800
2618,長榮航,738,435,303,元大證券,2023-05-15,9800
006205,富邦上証,607,312,295,元大證券,2023-05-15,9800
5880,合庫金,319,23,296,元大證券,2023-05-15,9800
2882,國泰金,342,66,276,元大證券,2023-05-15,9800
2892,第一金,327,55,272,元大證券,2023-05-15,9800
00653L,富邦印度正2,286,14,272,元大證券,2023-05-15,9800
2880,華南金,283,20,263,元大證券,2023-05-15,9800
3264,欣銓,257,2,255,元大證券,2023-05-15,9800
00919,群益台灣精選高息,726,475,251,元大證券,2023-05-15,9800
1303,南亞,277,26,251,元大證券,2023-05-15,9800
00923,群益台ESG低碳50,428,180,248,元大證券,2023-05-15,9800
00894,中信小資高價30,333,95,238,元大證券,2023-05-15,9800
2454,聯發科,245,33,212,元大證券,2023-05-15,9800
00656R,國泰中國A50反1,337,126,211,元大證券,2023-05-15,9800
00924,復華S＆P500成長,201,1,200,元大證券,2023-05-15,9800
00665L,富邦�琤肭磪囓�2,7878,4686,3192,元大證券,2023-05-16,9800
00753L,中信中國50正2,4199,1051,3148,元大證券,2023-05-16,9800
00878,國泰永續高股息,4552,2025,2527,元大證券,2023-05-16,9800
2324,仁寶,2162,89,2073,元大證券,2023-05-16,9800
00669R,國泰美國道瓊反1,2293,279,2014,元大證券,2023-05-16,9800
0056,元大高股息,2010,14,1996,元大證券,2023-05-16,9800
2303,聯電,1837,164,1673,元大證券,2023-05-16,9800
00642U,期元大S＆P石油,2175,565,1610,元大證券,2023-05-16,9800
020022,元大電動車N,1590,24,1566,元大證券,2023-05-16,9800
2105,正新,1476,77,1399,元大證券,2023-05-16,9800
2330,台積電,1606,209,1397,元大證券,2023-05-16,9800
00673R,期元大S＆P原油反1,4456,3071,1385,元大證券,2023-05-16,9800
2891,中信金,1478,118,1360,元大證券,2023-05-16,9800
00893,國泰智能電動車,1283,20,1263,元大證券,2023-05-16,9800
5880,合庫金,1203,7,1196,元大證券,2023-05-16,9800
2002,中鋼,1206,62,1144,元大證券,2023-05-16,9800
00715L,期街口布蘭特正2,9019,7985,1034,元大證券,2023-05-16,9800
2884,玉山金,1070,69,1001,元大證券,2023-05-16,9800
0050,元大台灣50,1295,329,966,元大證券,2023-05-16,9800
2886,兆豐金,952,18,934,元大證券,2023-05-16,9800
2618,長榮航,1751,821,930,元大證券,2023-05-16,9800
2892,第一金,942,22,920,元大證券,2023-05-16,9800
2883,凱基金,1188,274,914,元大證券,2023-05-16,9800
2880,華南金,899,3,896,元大證券,2023-05-16,9800
2887,台新金,910,14,896,元大證券,2023-05-16,9800
00671R,富邦NASDAQ反1,2116,1237,879,元大證券,2023-05-16,9800
3037,欣興,1331,524,807,元大證券,2023-05-16,9800
00900,富邦特選高股息30,1147,362,785,元大證券,2023-05-16,9800
2881,富邦金,897,121,776,元大證券,2023-05-16,9800
00631L,元大台灣50正2,1324,559,765,元大證券,2023-05-16,9800
00905,FT臺灣Smart,747,1,746,元大證券,2023-05-16,9800
2801,彰銀,723,12,711,元大證券,2023-05-16,9800
2377,微星,774,66,708,元大證券,2023-05-16,9800
2882,國泰金,976,268,708,元大證券,2023-05-16,9800
00907,永豐優息存股,705,0,705,元大證券,2023-05-16,9800
3481,群創,1425,780,645,元大證券,2023-05-16,9800
2890,永豐金,797,225,572,元大證券,2023-05-16,9800
00881,國泰台灣5G+,568,0,568,元大證券,2023-05-16,9800
00923,群益台ESG低碳50,557,0,557,元大證券,2023-05-16,9800
2834,臺企銀,565,16,549,元大證券,2023-05-16,9800
6505,台塑化,546,1,545,元大證券,2023-05-16,9800
2352,佳世達,578,41,537,元大證券,2023-05-16,9800
00877,復華中國5G,1086,571,515,元大證券,2023-05-16,9800
1303,南亞,550,38,512,元大證券,2023-05-16,9800
00922,國泰台灣領袖50,505,5,500,元大證券,2023-05-16,9800
1301,台塑,509,23,486,元大證券,2023-05-16,9800
1101,台泥,498,40,458,元大證券,2023-05-16,9800
00713,元大台灣高息低波,632,189,443,元大證券,2023-05-16,9800
2356,英業達,1047,607,440,元大證券,2023-05-16,9800
3363,上詮,1788,1361,427,元大證券,2023-05-16,9800
2330,台積電,9727,667,9060,元大證券,2023-05-17,9800
2891,中信金,8507,1366,7141,元大證券,2023-05-17,9800
2884,玉山金,5662,125,5537,元大證券,2023-05-17,9800
2002,中鋼,5830,538,5292,元大證券,2023-05-17,9800
2303,聯電,5637,562,5075,元大證券,2023-05-17,9800
5880,合庫金,5305,313,4992,元大證券,2023-05-17,9800
2886,兆豐金,5012,250,4762,元大證券,2023-05-17,9800
2880,華南金,4624,62,4562,元大證券,2023-05-17,9800
2883,凱基金,5708,1195,4513,元大證券,2023-05-17,9800
00669R,國泰美國道瓊反1,4506,0,4506,元大證券,2023-05-17,9800
2892,第一金,4800,323,4477,元大證券,2023-05-17,9800
2890,永豐金,5097,731,4366,元大證券,2023-05-17,9800
2887,台新金,4329,59,4270,元大證券,2023-05-17,9800
2882,國泰金,5326,1080,4246,元大證券,2023-05-17,9800
2881,富邦金,4316,192,4124,元大證券,2023-05-17,9800
00893,國泰智能電動車,3836,10,3826,元大證券,2023-05-17,9800
0056,元大高股息,3624,5,3619,元大證券,2023-05-17,9800
2801,彰銀,3592,67,3525,元大證券,2023-05-17,9800
2834,臺企銀,3863,422,3441,元大證券,2023-05-17,9800
3481,群創,3873,703,3170,元大證券,2023-05-17,9800
00631L,元大台灣50正2,3315,326,2989,元大證券,2023-05-17,9800
00881,國泰台灣5G+,3326,414,2912,元大證券,2023-05-17,9800
1101,台泥,2901,258,2643,元大證券,2023-05-17,9800
2412,中華電,3119,571,2548,元大證券,2023-05-17,9800
1303,南亞,2818,311,2507,元大證券,2023-05-17,9800
2324,仁寶,3160,692,2468,元大證券,2023-05-17,9800
6505,台塑化,3026,603,2423,元大證券,2023-05-17,9800
2812,台中銀,2312,8,2304,元大證券,2023-05-17,9800
2888,新光金,7105,4832,2273,元大證券,2023-05-17,9800
2409,友達,2998,830,2168,元大證券,2023-05-17,9800
1301,台塑,2316,215,2101,元大證券,2023-05-17,9800
020022,元大電動車N,2162,148,2014,元大證券,2023-05-17,9800
1216,統一,2164,178,1986,元大證券,2023-05-17,9800
1402,遠東新,2200,301,1899,元大證券,2023-05-17,9800
1326,台化,1871,4,1867,元大證券,2023-05-17,9800
2845,遠東銀,1818,6,1812,元大證券,2023-05-17,9800
00900,富邦特選高股息30,2490,836,1654,元大證券,2023-05-17,9800
2382,廣達,3104,1477,1627,元大證券,2023-05-17,9800
5876,上海商銀,1815,196,1619,元大證券,2023-05-17,9800
2618,長榮航,2114,504,1610,元大證券,2023-05-17,9800
3711,日月光投控,2149,546,1603,元大證券,2023-05-17,9800
6770,力積電,1513,13,1500,元大證券,2023-05-17,9800
2889,國票金,1588,101,1487,元大證券,2023-05-17,9800
2301,光寶科,1728,279,1449,元大證券,2023-05-17,9800
1314,中石化,1436,8,1428,元大證券,2023-05-17,9800
2838,聯邦銀,1365,0,1365,元大證券,2023-05-17,9800
2610,華航,1704,369,1335,元大證券,2023-05-17,9800
2897,王道銀行,1329,10,1319,元大證券,2023-05-17,9800
1605,華新,1462,192,1270,元大證券,2023-05-17,9800
2867,三商壽,1261,0,1261,元大證券,2023-05-17,9800
0056,元大高股息,20213,40,20173,元大證券,2023-05-18,9800
00715L,期街口布蘭特正2,21660,1734,19926,元大證券,2023-05-18,9800
00878,國泰永續高股息,11031,3085,7946,元大證券,2023-05-18,9800
00642U,期元大S＆P石油,6215,195,6020,元大證券,2023-05-18,9800
00671R,富邦NASDAQ反1,5293,276,5017,元大證券,2023-05-18,9800
00881,國泰台灣5G+,4190,105,4085,元大證券,2023-05-18,9800
00664R,國泰臺灣加權反1,5161,1426,3735,元大證券,2023-05-18,9800
00905,FT臺灣Smart,3653,6,3647,元大證券,2023-05-18,9800
00923,群益台ESG低碳50,3609,202,3407,元大證券,2023-05-18,9800
3481,群創,3671,338,3333,元大證券,2023-05-18,9800
00896,中信綠能及電動車,2946,21,2925,元大證券,2023-05-18,9800
00893,國泰智能電動車,3729,809,2920,元大證券,2023-05-18,9800
0050,元大台灣50,3504,868,2636,元大證券,2023-05-18,9800
00900,富邦特選高股息30,2748,144,2604,元大證券,2023-05-18,9800
00861,元大全球未來通訊,2218,0,2218,元大證券,2023-05-18,9800
00922,國泰台灣領袖50,2171,179,1992,元大證券,2023-05-18,9800
2884,玉山金,2210,219,1991,元大證券,2023-05-18,9800
00895,富邦未來車,2144,237,1907,元大證券,2023-05-18,9800
00669R,國泰美國道瓊反1,2256,515,1741,元大證券,2023-05-18,9800
2882,國泰金,1852,274,1578,元大證券,2023-05-18,9800
00753L,中信中國50正2,2174,759,1415,元大證券,2023-05-18,9800
2888,新光金,1807,515,1292,元大證券,2023-05-18,9800
00631L,元大台灣50正2,1978,744,1234,元大證券,2023-05-18,9800
3711,日月光投控,1525,322,1203,元大證券,2023-05-18,9800
2312,金寶,1208,7,1201,元大證券,2023-05-18,9800
020022,元大電動車N,1332,154,1178,元大證券,2023-05-18,9800
00692,富邦公司治理,1301,137,1164,元大證券,2023-05-18,9800
2330,台積電,2006,908,1098,元大證券,2023-05-18,9800
2453,凌群,1478,418,1060,元大證券,2023-05-18,9800
00907,永豐優息存股,1090,55,1035,元大證券,2023-05-18,9800
00891,中信關鍵半導體,1663,713,950,元大證券,2023-05-18,9800
00888,永豐台灣ESG,1041,130,911,元大證券,2023-05-18,9800
020029,元大ESG高股息N,884,6,878,元大證券,2023-05-18,9800
1519,華城,1601,762,839,元大證券,2023-05-18,9800
2317,鴻海,961,145,816,元大證券,2023-05-18,9800
00901,永豐智能車供應鏈,862,147,715,元大證券,2023-05-18,9800
5483,中美晶,695,21,674,元大證券,2023-05-18,9800
00850,元大臺灣ESG永續,706,36,670,元大證券,2023-05-18,9800
006205,富邦上証,1355,688,667,元大證券,2023-05-18,9800
00924,復華S＆P500成長,639,1,638,元大證券,2023-05-18,9800
2368,金像電,828,226,602,元大證券,2023-05-18,9800
2303,聯電,3065,2474,591,元大證券,2023-05-18,9800
00892,富邦台灣半導體,870,310,560,元大證券,2023-05-18,9800
2618,長榮航,1634,1075,559,元大證券,2023-05-18,9800
2881,富邦金,845,301,544,元大證券,2023-05-18,9800
3231,緯創,3137,2603,534,元大證券,2023-05-18,9800
006208,富邦台50,853,324,529,元大證券,2023-05-18,9800
2471,資通,775,250,525,元大證券,2023-05-18,9800
1609,大亞,1024,501,523,元大證券,2023-05-18,9800
00713,元大台灣高息低波,1368,845,523,元大證券,2023-05-18,9800
0056,元大高股息,17221,60,17161,元大證券,2023-05-19,9800
00878,國泰永續高股息,11577,1691,9886,元大證券,2023-05-19,9800
2618,長榮航,11851,4919,6932,元大證券,2023-05-19,9800
00923,群益台ESG低碳50,4921,31,4890,元大證券,2023-05-19,9800
00893,國泰智能電動車,5672,1180,4492,元大證券,2023-05-19,9800
00830,國泰費城半導體,4382,130,4252,元大證券,2023-05-19,9800
00905,FT臺灣Smart,3566,1,3565,元大證券,2023-05-19,9800
00881,國泰台灣5G+,3442,195,3247,元大證券,2023-05-19,9800
020022,元大電動車N,2714,63,2651,元大證券,2023-05-19,9800
00632R,元大台灣50反1,44171,42202,1969,元大證券,2023-05-19,9800
00900,富邦特選高股息30,2593,727,1866,元大證券,2023-05-19,9800
2886,兆豐金,1796,76,1720,元大證券,2023-05-19,9800
00891,中信關鍵半導體,1504,63,1441,元大證券,2023-05-19,9800
00896,中信綠能及電動車,1599,160,1439,元大證券,2023-05-19,9800
00669R,國泰美國道瓊反1,2207,771,1436,元大證券,2023-05-19,9800
00757,統一FANG+,1416,8,1408,元大證券,2023-05-19,9800
2330,台積電,1660,264,1396,元大證券,2023-05-19,9800
2884,玉山金,1436,184,1252,元大證券,2023-05-19,9800
0050,元大台灣50,1897,660,1237,元大證券,2023-05-19,9800
00907,永豐優息存股,1048,0,1048,元大證券,2023-05-19,9800
2887,台新金,1058,46,1012,元大證券,2023-05-19,9800
020020,元大台股領航N,872,6,866,元大證券,2023-05-19,9800
00895,富邦未來車,1052,207,845,元大證券,2023-05-19,9800
006208,富邦台50,1026,302,724,元大證券,2023-05-19,9800
00713,元大台灣高息低波,1289,588,701,元大證券,2023-05-19,9800
00861,元大全球未來通訊,643,1,642,元大證券,2023-05-19,9800
2376,技嘉,1113,472,641,元大證券,2023-05-19,9800
020029,元大ESG高股息N,661,35,626,元大證券,2023-05-19,9800
2317,鴻海,1010,385,625,元大證券,2023-05-19,9800
1102,亞泥,892,271,621,元大證券,2023-05-19,9800
00651R,復華香港反1,586,10,576,元大證券,2023-05-19,9800
00670L,富邦NASDAQ正2,641,85,556,元大證券,2023-05-19,9800
2891,中信金,1009,475,534,元大證券,2023-05-19,9800
1303,南亞,660,140,520,元大證券,2023-05-19,9800
2888,新光金,823,308,515,元大證券,2023-05-19,9800
00888,永豐台灣ESG,683,171,512,元大證券,2023-05-19,9800
1216,統一,520,12,508,元大證券,2023-05-19,9800
5880,合庫金,527,21,506,元大證券,2023-05-19,9800
020034,元大IC設計N,516,12,504,元大證券,2023-05-19,9800
2002,中鋼,614,112,502,元大證券,2023-05-19,9800
00903,富邦元宇宙,533,46,487,元大證券,2023-05-19,9800
9933,中鼎,477,2,475,元大證券,2023-05-19,9800
00642U,期元大S＆P石油,1134,661,473,元大證券,2023-05-19,9800
2880,華南金,496,27,469,元大證券,2023-05-19,9800
8996,高力,592,138,454,元大證券,2023-05-19,9800
2371,大同,1344,921,423,元大證券,2023-05-19,9800
2834,臺企銀,451,37,414,元大證券,2023-05-19,9800
00894,中信小資高價30,436,24,412,元大證券,2023-05-19,9800
00924,復華S＆P500成長,649,249,400,元大證券,2023-05-19,9800
8069,元太,826,434,392,元大證券,2023-05-19,9800
2618,長榮航,12217,3535,8682,元大證券,2023-05-22,9800
0056,元大高股息,8137,24,8113,元大證券,2023-05-22,9800
00632R,元大台灣50反1,15956,10185,5771,元大證券,2023-05-22,9800
00637L,元大滬深300正2,31820,27897,3923,元大證券,2023-05-22,9800
00893,國泰智能電動車,3151,314,2837,元大證券,2023-05-22,9800
00669R,國泰美國道瓊反1,2665,694,1971,元大證券,2023-05-22,9800
00665L,富邦�琤肭磪囓�2,8022,6697,1325,元大證券,2023-05-22,9800
1513,中興電,4166,2994,1172,元大證券,2023-05-22,9800
00881,國泰台灣5G+,1550,479,1071,元大證券,2023-05-22,9800
00752,中信中國50,1680,709,971,元大證券,2023-05-22,9800
00896,中信綠能及電動車,1158,188,970,元大證券,2023-05-22,9800
006205,富邦上証,1092,130,962,元大證券,2023-05-22,9800
2634,漢翔,1041,188,853,元大證券,2023-05-22,9800
00753L,中信中國50正2,3808,2984,824,元大證券,2023-05-22,9800
2891,中信金,1069,284,785,元大證券,2023-05-22,9800
0050,元大台灣50,1409,757,652,元大證券,2023-05-22,9800
00885,富邦越南,846,208,638,元大證券,2023-05-22,9800
00891,中信關鍵半導體,1044,428,616,元大證券,2023-05-22,9800
00895,富邦未來車,687,104,583,元大證券,2023-05-22,9800
2890,永豐金,1052,500,552,元大證券,2023-05-22,9800
020022,元大電動車N,625,83,542,元大證券,2023-05-22,9800
020034,元大IC設計N,611,103,508,元大證券,2023-05-22,9800
00676R,富邦臺灣加權反1,1175,676,499,元大證券,2023-05-22,9800
00639,富邦深100,687,196,491,元大證券,2023-05-22,9800
00830,國泰費城半導體,758,278,480,元大證券,2023-05-22,9800
00900,富邦特選高股息30,954,482,472,元大證券,2023-05-22,9800
2603,長榮,615,166,449,元大證券,2023-05-22,9800
2609,陽明,722,279,443,元大證券,2023-05-22,9800
2888,新光金,498,60,438,元大證券,2023-05-22,9800
00902,中信電池及儲能,551,149,402,元大證券,2023-05-22,9800
3481,群創,838,442,396,元大證券,2023-05-22,9800
2317,鴻海,623,236,387,元大證券,2023-05-22,9800
1102,亞泥,503,125,378,元大證券,2023-05-22,9800
2382,廣達,1371,1021,350,元大證券,2023-05-22,9800
5880,合庫金,355,10,345,元大證券,2023-05-22,9800
2330,台積電,378,45,333,元大證券,2023-05-22,9800
2801,彰銀,407,77,330,元大證券,2023-05-22,9800
5243,乙盛-KY,1220,892,328,元大證券,2023-05-22,9800
1514,亞力,1221,895,326,元大證券,2023-05-22,9800
2002,中鋼,412,87,325,元大證券,2023-05-22,9800
2884,玉山金,392,76,316,元大證券,2023-05-22,9800
3017,奇鋐,440,142,298,元大證券,2023-05-22,9800
00738U,期元大道瓊白銀,337,40,297,元大證券,2023-05-22,9800
1301,台塑,310,44,266,元大證券,2023-05-22,9800
3479,安勤,336,74,262,元大證券,2023-05-22,9800
00888,永豐台灣ESG,707,445,262,元大證券,2023-05-22,9800
2412,中華電,1656,1405,251,元大證券,2023-05-22,9800
00905,FT臺灣Smart,423,176,247,元大證券,2023-05-22,9800
00673R,期元大S＆P原油反1,4910,4665,245,元大證券,2023-05-22,9800
00916,國泰全球品牌50,245,3,242,元大證券,2023-05-22,9800
00632R,元大台灣50反1,29120,11134,17986,元大證券,2023-05-23,9800
00715L,期街口布蘭特正2,15276,1864,13412,元大證券,2023-05-23,9800
0056,元大高股息,7592,459,7133,元大證券,2023-05-23,9800
00669R,國泰美國道瓊反1,5684,342,5342,元大證券,2023-05-23,9800
00891,中信關鍵半導體,2970,111,2859,元大證券,2023-05-23,9800
00893,國泰智能電動車,3377,920,2457,元大證券,2023-05-23,9800
00881,國泰台灣5G+,3038,630,2408,元大證券,2023-05-23,9800
00662,富邦NASDAQ,2024,11,2013,元大證券,2023-05-23,9800
00923,群益台ESG低碳50,1940,119,1821,元大證券,2023-05-23,9800
3231,緯創,3842,2383,1459,元大證券,2023-05-23,9800
6245,立端,1662,469,1193,元大證券,2023-05-23,9800
00642U,期元大S＆P石油,1297,179,1118,元大證券,2023-05-23,9800
00924,復華S＆P500成長,1313,226,1087,元大證券,2023-05-23,9800
00878,國泰永續高股息,7785,6707,1078,元大證券,2023-05-23,9800
00905,FT臺灣Smart,1076,155,921,元大證券,2023-05-23,9800
2891,中信金,1757,896,861,元大證券,2023-05-23,9800
2603,長榮,1061,262,799,元大證券,2023-05-23,9800
00664R,國泰臺灣加權反1,1494,899,595,元大證券,2023-05-23,9800
00631L,元大台灣50正2,1050,462,588,元大證券,2023-05-23,9800
00679B,元大美債20年,1205,640,565,元大證券,2023-05-23,9800
6274,台燿,944,385,559,元大證券,2023-05-23,9800
00900,富邦特選高股息30,2107,1560,547,元大證券,2023-05-23,9800
00651R,復華香港反1,574,27,547,元大證券,2023-05-23,9800
3037,欣興,1001,480,521,元大證券,2023-05-23,9800
00896,中信綠能及電動車,744,256,488,元大證券,2023-05-23,9800
020022,元大電動車N,567,88,479,元大證券,2023-05-23,9800
2376,技嘉,705,272,433,元大證券,2023-05-23,9800
1301,台塑,478,61,417,元大證券,2023-05-23,9800
00757,統一FANG+,413,0,413,元大證券,2023-05-23,9800
1102,亞泥,519,115,404,元大證券,2023-05-23,9800
00653L,富邦印度正2,419,36,383,元大證券,2023-05-23,9800
1605,華新,439,77,362,元大證券,2023-05-23,9800
8996,高力,636,282,354,元大證券,2023-05-23,9800
2421,建準,620,279,341,元大證券,2023-05-23,9800
2883,凱基金,395,60,335,元大證券,2023-05-23,9800
2880,華南金,355,22,333,元大證券,2023-05-23,9800
2882,國泰金,338,14,324,元大證券,2023-05-23,9800
2884,玉山金,347,38,309,元大證券,2023-05-23,9800
00861,元大全球未來通訊,341,33,308,元大證券,2023-05-23,9800
2317,鴻海,477,172,305,元大證券,2023-05-23,9800
00648R,元大S＆P500反1,650,356,294,元大證券,2023-05-23,9800
2344,華邦電,505,225,280,元大證券,2023-05-23,9800
2618,長榮航,4530,4254,276,元大證券,2023-05-23,9800
2731,雄獅,684,420,264,元大證券,2023-05-23,9800
00907,永豐優息存股,459,198,261,元大證券,2023-05-23,9800
020029,元大ESG高股息N,256,4,252,元大證券,2023-05-23,9800
3041,揚智,259,7,252,元大證券,2023-05-23,9800
2887,台新金,279,28,251,元大證券,2023-05-23,9800
2313,華通,703,465,238,元大證券,2023-05-23,9800
3706,神達,244,12,232,元大證券,2023-05-23,9800
00715L,期街口布蘭特正2,19008,6176,12832,元大證券,2023-05-24,9800
00669R,國泰美國道瓊反1,5939,223,5716,元大證券,2023-05-24,9800
0056,元大高股息,5717,124,5593,元大證券,2023-05-24,9800
00642U,期元大S＆P石油,3882,135,3747,元大證券,2023-05-24,9800
00893,國泰智能電動車,2515,17,2498,元大證券,2023-05-24,9800
00928,中信上櫃ESG30,2014,0,2014,元大證券,2023-05-24,9800
2330,台積電,1940,446,1494,元大證券,2023-05-24,9800
2457,飛宏,3941,2789,1152,元大證券,2023-05-24,9800
2891,中信金,1331,263,1068,元大證券,2023-05-24,9800
2303,聯電,1284,300,984,元大證券,2023-05-24,9800
2884,玉山金,1030,57,973,元大證券,2023-05-24,9800
2882,國泰金,1044,85,959,元大證券,2023-05-24,9800
2883,凱基金,1253,295,958,元大證券,2023-05-24,9800
2887,台新金,1069,119,950,元大證券,2023-05-24,9800
3711,日月光投控,1072,142,930,元大證券,2023-05-24,9800
5880,合庫金,958,61,897,元大證券,2023-05-24,9800
2002,中鋼,1082,203,879,元大證券,2023-05-24,9800
020022,元大電動車N,942,72,870,元大證券,2023-05-24,9800
2881,富邦金,1053,185,868,元大證券,2023-05-24,9800
2748,雲品,2308,1450,858,元大證券,2023-05-24,9800
2610,華航,2085,1233,852,元大證券,2023-05-24,9800
2880,華南金,921,73,848,元大證券,2023-05-24,9800
1216,統一,1394,553,841,元大證券,2023-05-24,9800
2892,第一金,906,72,834,元大證券,2023-05-24,9800
2886,兆豐金,960,178,782,元大證券,2023-05-24,9800
2834,臺企銀,980,206,774,元大證券,2023-05-24,9800
00712,復華富時不動產,1234,472,762,元大證券,2023-05-24,9800
2376,技嘉,1155,402,753,元大證券,2023-05-24,9800
3481,群創,994,260,734,元大證券,2023-05-24,9800
1303,南亞,808,77,731,元大證券,2023-05-24,9800
2801,彰銀,777,87,690,元大證券,2023-05-24,9800
00713,元大台灣高息低波,1434,773,661,元大證券,2023-05-24,9800
1301,台塑,726,73,653,元大證券,2023-05-24,9800
2867,三商壽,664,24,640,元大證券,2023-05-24,9800
6505,台塑化,652,31,621,元大證券,2023-05-24,9800
2201,裕隆,1033,414,619,元大證券,2023-05-24,9800
00634R,富邦上証反1,707,100,607,元大證券,2023-05-24,9800
3231,緯創,3782,3199,583,元大證券,2023-05-24,9800
3037,欣興,967,399,568,元大證券,2023-05-24,9800
6245,立端,1831,1282,549,元大證券,2023-05-24,9800
2385,群光,648,108,540,元大證券,2023-05-24,9800
2412,中華電,615,78,537,元大證券,2023-05-24,9800
2812,台中銀,554,28,526,元大證券,2023-05-24,9800
1102,亞泥,1339,814,525,元大證券,2023-05-24,9800
9904,寶成,572,66,506,元大證券,2023-05-24,9800
2634,漢翔,825,351,474,元大證券,2023-05-24,9800
020034,元大IC設計N,504,38,466,元大證券,2023-05-24,9800
00905,FT臺灣Smart,766,309,457,元大證券,2023-05-24,9800
2317,鴻海,951,514,437,元大證券,2023-05-24,9800
2845,遠東銀,465,39,426,元大證券,2023-05-24,9800
00715L,期街口布蘭特正2,18888,3135,15753,元大證券,2023-05-25,9800
0056,元大高股息,14248,149,14099,元大證券,2023-05-25,9800
00669R,國泰美國道瓊反1,12091,831,11260,元大證券,2023-05-25,9800
00881,國泰台灣5G+,7648,707,6941,元大證券,2023-05-25,9800
00893,國泰智能電動車,6719,278,6441,元大證券,2023-05-25,9800
3231,緯創,13640,9496,4144,元大證券,2023-05-25,9800
00900,富邦特選高股息30,3991,901,3090,元大證券,2023-05-25,9800
00896,中信綠能及電動車,3177,409,2768,元大證券,2023-05-25,9800
3711,日月光投控,3234,521,2713,元大證券,2023-05-25,9800
020022,元大電動車N,2691,50,2641,元大證券,2023-05-25,9800
00905,FT臺灣Smart,2600,1,2599,元大證券,2023-05-25,9800
00642U,期元大S＆P石油,2557,296,2261,元大證券,2023-05-25,9800
00878,國泰永續高股息,6246,4137,2109,元大證券,2023-05-25,9800
00891,中信關鍵半導體,2134,322,1812,元大證券,2023-05-25,9800
0050,元大台灣50,2720,997,1723,元大證券,2023-05-25,9800
00923,群益台ESG低碳50,3099,1470,1629,元大證券,2023-05-25,9800
2886,兆豐金,1587,132,1455,元大證券,2023-05-25,9800
00895,富邦未來車,1946,588,1358,元大證券,2023-05-25,9800
00901,永豐智能車供應鏈,1289,0,1289,元大證券,2023-05-25,9800
3017,奇鋐,2019,762,1257,元大證券,2023-05-25,9800
00924,復華S＆P500成長,1051,0,1051,元大證券,2023-05-25,9800
2618,長榮航,6874,5854,1020,元大證券,2023-05-25,9800
2356,英業達,2434,1438,996,元大證券,2023-05-25,9800
00648R,元大S＆P500反1,971,21,950,元大證券,2023-05-25,9800
00902,中信電池及儲能,1163,229,934,元大證券,2023-05-25,9800
2371,大同,1347,467,880,元大證券,2023-05-25,9800
3037,欣興,2995,2156,839,元大證券,2023-05-25,9800
2204,中華,1462,653,809,元大證券,2023-05-25,9800
2891,中信金,1332,543,789,元大證券,2023-05-25,9800
1301,台塑,846,129,717,元大證券,2023-05-25,9800
2449,京元電子,852,152,700,元大證券,2023-05-25,9800
00919,群益台灣精選高息,871,253,618,元大證券,2023-05-25,9800
00830,國泰費城半導體,966,377,589,元大證券,2023-05-25,9800
020029,元大ESG高股息N,560,2,558,元大證券,2023-05-25,9800
00757,統一FANG+,710,160,550,元大證券,2023-05-25,9800
6125,廣運,747,199,548,元大證券,2023-05-25,9800
00641R,富邦日本反1,517,5,512,元大證券,2023-05-25,9800
00692,富邦公司治理,506,10,496,元大證券,2023-05-25,9800
00733,富邦臺灣中小,482,0,482,元大證券,2023-05-25,9800
00651R,復華香港反1,915,497,418,元大證券,2023-05-25,9800
00876,元大全球5G,417,7,410,元大證券,2023-05-25,9800
3038,全台,500,119,381,元大證券,2023-05-25,9800
6235,華孚,853,475,378,元大證券,2023-05-25,9800
00888,永豐台灣ESG,621,246,375,元大證券,2023-05-25,9800
3035,智原,867,493,374,元大證券,2023-05-25,9800
00885,富邦越南,652,279,373,元大證券,2023-05-25,9800
006208,富邦台50,510,143,367,元大證券,2023-05-25,9800
00912,中信臺灣智慧50,395,48,347,元大證券,2023-05-25,9800
2313,華通,404,58,346,元大證券,2023-05-25,9800
1102,亞泥,608,264,344,元大證券,2023-05-25,9800
0056,元大高股息,17295,619,16676,元大證券,2023-05-26,9800
00881,國泰台灣5G+,14326,863,13463,元大證券,2023-05-26,9800
00673R,期元大S＆P原油反1,11681,780,10901,元大證券,2023-05-26,9800
00669R,國泰美國道瓊反1,10834,200,10634,元大證券,2023-05-26,9800
00893,國泰智能電動車,10352,769,9583,元大證券,2023-05-26,9800
00891,中信關鍵半導體,6487,96,6391,元大證券,2023-05-26,9800
2603,長榮,6451,454,5997,元大證券,2023-05-26,9800
00878,國泰永續高股息,9202,3337,5865,元大證券,2023-05-26,9800
0050,元大台灣50,5554,398,5156,元大證券,2023-05-26,9800
00900,富邦特選高股息30,5987,850,5137,元大證券,2023-05-26,9800
00888,永豐台灣ESG,5225,115,5110,元大證券,2023-05-26,9800
00896,中信綠能及電動車,4618,103,4515,元大證券,2023-05-26,9800
00895,富邦未來車,4366,206,4160,元大證券,2023-05-26,9800
00905,FT臺灣Smart,3868,4,3864,元大證券,2023-05-26,9800
00922,國泰台灣領袖50,3126,0,3126,元大證券,2023-05-26,9800
00901,永豐智能車供應鏈,3091,0,3091,元大證券,2023-05-26,9800
2303,聯電,3533,993,2540,元大證券,2023-05-26,9800
006208,富邦台50,3200,721,2479,元大證券,2023-05-26,9800
00923,群益台ESG低碳50,2533,417,2116,元大證券,2023-05-26,9800
00638R,元大滬深300反1,2031,19,2012,元大證券,2023-05-26,9800
00894,中信小資高價30,2082,99,1983,元大證券,2023-05-26,9800
2885,元大金,2325,608,1717,元大證券,2023-05-26,9800
3264,欣銓,1845,138,1707,元大證券,2023-05-26,9800
00912,中信臺灣智慧50,1652,0,1652,元大證券,2023-05-26,9800
020022,元大電動車N,1927,289,1638,元大證券,2023-05-26,9800
3017,奇鋐,2339,764,1575,元大證券,2023-05-26,9800
3711,日月光投控,1764,444,1320,元大證券,2023-05-26,9800
00850,元大臺灣ESG永續,1307,14,1293,元大證券,2023-05-26,9800
00876,元大全球5G,1259,3,1256,元大證券,2023-05-26,9800
00728,第一金工業30,1176,0,1176,元大證券,2023-05-26,9800
00928,中信上櫃ESG30,2024,853,1171,元大證券,2023-05-26,9800
00692,富邦公司治理,1136,44,1092,元大證券,2023-05-26,9800
2449,京元電子,1579,502,1077,元大證券,2023-05-26,9800
2371,大同,1588,535,1053,元大證券,2023-05-26,9800
00683L,期元大美元指正2,1097,50,1047,元大證券,2023-05-26,9800
2356,英業達,2659,1656,1003,元大證券,2023-05-26,9800
00830,國泰費城半導體,1356,365,991,元大證券,2023-05-26,9800
2345,智邦,1296,375,921,元大證券,2023-05-26,9800
00892,富邦台灣半導體,1374,500,874,元大證券,2023-05-26,9800
00903,富邦元宇宙,827,5,822,元大證券,2023-05-26,9800
020029,元大ESG高股息N,702,18,684,元大證券,2023-05-26,9800
1319,東陽,625,31,594,元大證券,2023-05-26,9800
00651R,復華香港反1,593,0,593,元大證券,2023-05-26,9800
00646,元大S＆P500,605,19,586,元大證券,2023-05-26,9800
020020,元大台股領航N,611,33,578,元大證券,2023-05-26,9800
00713,元大台灣高息低波,1415,873,542,元大證券,2023-05-26,9800
00904,新光臺灣半導體30,585,51,534,元大證券,2023-05-26,9800
00752,中信中國50,545,26,519,元大證券,2023-05-26,9800
00897,富邦基因免疫生技,631,120,511,元大證券,2023-05-26,9800
00861,元大全球未來通訊,607,101,506,元大證券,2023-05-26,9800
00632R,元大台灣50反1,86597,8663,77934,元大證券,2023-05-29,9800
00881,國泰台灣5G+,8616,10,8606,元大證券,2023-05-29,9800
00888,永豐台灣ESG,6549,261,6288,元大證券,2023-05-29,9800
00900,富邦特選高股息30,6150,295,5855,元大證券,2023-05-29,9800
2324,仁寶,8610,2846,5764,元大證券,2023-05-29,9800
00715L,期街口布蘭特正2,7104,1961,5143,元大證券,2023-05-29,9800
2344,華邦電,5931,831,5100,元大證券,2023-05-29,9800
00664R,國泰臺灣加權反1,5165,536,4629,元大證券,2023-05-29,9800
2603,長榮,5062,444,4618,元大證券,2023-05-29,9800
2882,國泰金,4321,294,4027,元大證券,2023-05-29,9800
00896,中信綠能及電動車,3783,0,3783,元大證券,2023-05-29,9800
00891,中信關鍵半導體,3473,497,2976,元大證券,2023-05-29,9800
2330,台積電,3201,686,2515,元大證券,2023-05-29,9800
00878,國泰永續高股息,5149,2757,2392,元大證券,2023-05-29,9800
3706,神達,2630,570,2060,元大證券,2023-05-29,9800
00671R,富邦NASDAQ反1,4227,2196,2031,元大證券,2023-05-29,9800
00905,FT臺灣Smart,1812,0,1812,元大證券,2023-05-29,9800
3264,欣銓,1790,42,1748,元大證券,2023-05-29,9800
00676R,富邦臺灣加權反1,3146,1399,1747,元大證券,2023-05-29,9800
00894,中信小資高價30,1725,0,1725,元大證券,2023-05-29,9800
0050,元大台灣50,2192,481,1711,元大證券,2023-05-29,9800
3711,日月光投控,2082,474,1608,元大證券,2023-05-29,9800
00648R,元大S＆P500反1,1978,589,1389,元大證券,2023-05-29,9800
00893,國泰智能電動車,5430,4098,1332,元大證券,2023-05-29,9800
00901,永豐智能車供應鏈,1108,1,1107,元大證券,2023-05-29,9800
00861,元大全球未來通訊,1087,37,1050,元大證券,2023-05-29,9800
00912,中信臺灣智慧50,1053,5,1048,元大證券,2023-05-29,9800
5876,上海商銀,1139,135,1004,元大證券,2023-05-29,9800
020022,元大電動車N,1262,332,930,元大證券,2023-05-29,9800
00923,群益台ESG低碳50,1524,604,920,元大證券,2023-05-29,9800
00674R,期元大S＆P黃金反1,918,0,918,元大證券,2023-05-29,9800
00919,群益台灣精選高息,2092,1220,872,元大證券,2023-05-29,9800
6282,康舒,1604,755,849,元大證券,2023-05-29,9800
2371,大同,1193,389,804,元大證券,2023-05-29,9800
00670L,富邦NASDAQ正2,967,205,762,元大證券,2023-05-29,9800
020036,元大金融配息N,718,2,716,元大證券,2023-05-29,9800
00692,富邦公司治理,761,58,703,元大證券,2023-05-29,9800
6235,華孚,1470,798,672,元大證券,2023-05-29,9800
006208,富邦台50,978,315,663,元大證券,2023-05-29,9800
2449,京元電子,1291,631,660,元大證券,2023-05-29,9800
00642U,期元大S＆P石油,820,167,653,元大證券,2023-05-29,9800
00701,國泰股利精選30,645,23,622,元大證券,2023-05-29,9800
3481,群創,1527,906,621,元大證券,2023-05-29,9800
1605,華新,741,166,575,元大證券,2023-05-29,9800
020029,元大ESG高股息N,597,27,570,元大證券,2023-05-29,9800
00640L,富邦日本正2,933,377,556,元大證券,2023-05-29,9800
1101,台泥,621,72,549,元大證券,2023-05-29,9800
006205,富邦上証,589,56,533,元大證券,2023-05-29,9800
3035,智原,615,115,500,元大證券,2023-05-29,9800
00850,元大臺灣ESG永續,452,5,447,元大證券,2023-05-29,9800
00881,國泰台灣5G+,8047,180,7867,元大證券,2023-05-30,9800
2356,英業達,12146,4345,7801,元大證券,2023-05-30,9800
2603,長榮,4742,228,4514,元大證券,2023-05-30,9800
00891,中信關鍵半導體,4704,865,3839,元大證券,2023-05-30,9800
00638R,元大滬深300反1,2732,51,2681,元大證券,2023-05-30,9800
2887,台新金,2146,45,2101,元大證券,2023-05-30,9800
00888,永豐台灣ESG,2207,259,1948,元大證券,2023-05-30,9800
00896,中信綠能及電動車,2022,83,1939,元大證券,2023-05-30,9800
00653L,富邦印度正2,1832,23,1809,元大證券,2023-05-30,9800
3231,緯創,6019,4451,1568,元大證券,2023-05-30,9800
3711,日月光投控,1797,313,1484,元大證券,2023-05-30,9800
2002,中鋼,1515,60,1455,元大證券,2023-05-30,9800
00923,群益台ESG低碳50,1621,202,1419,元大證券,2023-05-30,9800
006208,富邦台50,1429,102,1327,元大證券,2023-05-30,9800
2885,元大金,1322,34,1288,元大證券,2023-05-30,9800
00670L,富邦NASDAQ正2,1417,146,1271,元大證券,2023-05-30,9800
020022,元大電動車N,1790,646,1144,元大證券,2023-05-30,9800
00878,國泰永續高股息,7481,6427,1054,元大證券,2023-05-30,9800
00692,富邦公司治理,1048,1,1047,元大證券,2023-05-30,9800
0050,元大台灣50,2102,1128,974,元大證券,2023-05-30,9800
2303,聯電,2557,1590,967,元大證券,2023-05-30,9800
00912,中信臺灣智慧50,959,0,959,元大證券,2023-05-30,9800
00752,中信中國50,1207,264,943,元大證券,2023-05-30,9800
00830,國泰費城半導體,898,0,898,元大證券,2023-05-30,9800
00687B,國泰20年美債,2017,1139,878,元大證券,2023-05-30,9800
00895,富邦未來車,1041,186,855,元大證券,2023-05-30,9800
1102,亞泥,820,18,802,元大證券,2023-05-30,9800
00904,新光臺灣半導體30,840,73,767,元大證券,2023-05-30,9800
00901,永豐智能車供應鏈,763,0,763,元大證券,2023-05-30,9800
00669R,國泰美國道瓊反1,2405,1677,728,元大證券,2023-05-30,9800
2891,中信金,781,54,727,元大證券,2023-05-30,9800
00905,FT臺灣Smart,926,218,708,元大證券,2023-05-30,9800
4904,遠傳,707,13,694,元大證券,2023-05-30,9800
00728,第一金工業30,663,0,663,元大證券,2023-05-30,9800
00903,富邦元宇宙,658,1,657,元大證券,2023-05-30,9800
00861,元大全球未來通訊,903,272,631,元大證券,2023-05-30,9800
00673R,期元大S＆P原油反1,3480,2856,624,元大證券,2023-05-30,9800
020029,元大ESG高股息N,669,49,620,元大證券,2023-05-30,9800
020034,元大IC設計N,639,83,556,元大證券,2023-05-30,9800
2201,裕隆,2177,1638,539,元大證券,2023-05-30,9800
1319,東陽,500,26,474,元大證券,2023-05-30,9800
00701,國泰股利精選30,420,22,398,元大證券,2023-05-30,9800
4915,致伸,402,7,395,元大證券,2023-05-30,9800
00892,富邦台灣半導體,844,455,389,元大證券,2023-05-30,9800
2317,鴻海,1449,1063,386,元大證券,2023-05-30,9800
00894,中信小資高價30,396,27,369,元大證券,2023-05-30,9800
2449,京元電子,517,162,355,元大證券,2023-05-30,9800
2353,宏��,338,37,301,元大證券,2023-05-30,9800
2371,大同,1453,1155,298,元大證券,2023-05-30,9800
1303,南亞,314,19,295,元大證券,2023-05-30,9800
00632R,元大台灣50反1,27340,10833,16507,元大證券,2023-05-31,9800
00673R,期元大S＆P原油反1,12916,7852,5064,元大證券,2023-05-31,9800
00881,國泰台灣5G+,3830,258,3572,元大證券,2023-05-31,9800
00669R,國泰美國道瓊反1,4119,614,3505,元大證券,2023-05-31,9800
0050,元大台灣50,3063,51,3012,元大證券,2023-05-31,9800
00687B,國泰20年美債,4143,1681,2462,元大證券,2023-05-31,9800
2888,新光金,2606,235,2371,元大證券,2023-05-31,9800
00893,國泰智能電動車,2656,390,2266,元大證券,2023-05-31,9800
2330,台積電,2441,547,1894,元大證券,2023-05-31,9800
2882,國泰金,2343,473,1870,元大證券,2023-05-31,9800
2891,中信金,1979,162,1817,元大證券,2023-05-31,9800
00891,中信關鍵半導體,2904,1177,1727,元大證券,2023-05-31,9800
3481,群創,1943,268,1675,元大證券,2023-05-31,9800
00676R,富邦臺灣加權反1,2383,710,1673,元大證券,2023-05-31,9800
00665L,富邦�琤肭磪囓�2,8890,7234,1656,元大證券,2023-05-31,9800
00900,富邦特選高股息30,2899,1364,1535,元大證券,2023-05-31,9800
1101,台泥,1607,91,1516,元大證券,2023-05-31,9800
2884,玉山金,1533,32,1501,元大證券,2023-05-31,9800
00757,統一FANG+,1315,2,1313,元大證券,2023-05-31,9800
2886,兆豐金,1448,162,1286,元大證券,2023-05-31,9800
5880,合庫金,1353,76,1277,元大證券,2023-05-31,9800
2892,第一金,1284,65,1219,元大證券,2023-05-31,9800
2303,聯電,2333,1144,1189,元大證券,2023-05-31,9800
2834,臺企銀,1323,145,1178,元大證券,2023-05-31,9800
00896,中信綠能及電動車,1320,155,1165,元大證券,2023-05-31,9800
1216,統一,1136,31,1105,元大證券,2023-05-31,9800
2885,元大金,1152,75,1077,元大證券,2023-05-31,9800
020022,元大電動車N,1266,205,1061,元大證券,2023-05-31,9800
2880,華南金,1305,298,1007,元大證券,2023-05-31,9800
2105,正新,1069,68,1001,元大證券,2023-05-31,9800
2324,仁寶,1280,289,991,元大證券,2023-05-31,9800
2801,彰銀,1119,150,969,元大證券,2023-05-31,9800
00923,群益台ESG低碳50,1011,48,963,元大證券,2023-05-31,9800
00772B,中信高評級公司債,1044,93,951,元大證券,2023-05-31,9800
00830,國泰費城半導體,1563,612,951,元大證券,2023-05-31,9800
00924,復華S＆P500成長,1053,123,930,元大證券,2023-05-31,9800
2323,中環,1808,886,922,元大證券,2023-05-31,9800
6282,康舒,1829,915,914,元大證券,2023-05-31,9800
6505,台塑化,933,26,907,元大證券,2023-05-31,9800
5876,上海商銀,918,41,877,元大證券,2023-05-31,9800
1303,南亞,891,84,807,元大證券,2023-05-31,9800
00664R,國泰臺灣加權反1,1345,561,784,元大證券,2023-05-31,9800
00928,中信上櫃ESG30,1139,367,772,元大證券,2023-05-31,9800
2812,台中銀,768,18,750,元大證券,2023-05-31,9800
2610,華航,1939,1229,710,元大證券,2023-05-31,9800
00688L,國泰20年美債正2,2318,1612,706,元大證券,2023-05-31,9800
2352,佳世達,1060,356,704,元大證券,2023-05-31,9800
2867,三商壽,714,14,700,元大證券,2023-05-31,9800
2412,中華電,726,30,696,元大證券,2023-05-31,9800
2317,鴻海,1606,912,694,元大證券,2023-05-31,9800
00673R,期元大S＆P原油反1,26334,6561,19773,元大證券,2023-06-01,9800
00680L,元大美債20正2,10129,84,10045,元大證券,2023-06-01,9800
00637L,元大滬深300正2,28227,23566,4661,元大證券,2023-06-01,9800
00878,國泰永續高股息,8170,4121,4049,元大證券,2023-06-01,9800
00881,國泰台灣5G+,3421,158,3263,元大證券,2023-06-01,9800
00893,國泰智能電動車,3351,384,2967,元大證券,2023-06-01,9800
00891,中信關鍵半導體,3266,424,2842,元大證券,2023-06-01,9800
2618,長榮航,11017,8992,2025,元大證券,2023-06-01,9800
00688L,國泰20年美債正2,2072,535,1537,元大證券,2023-06-01,9800
00713,元大台灣高息低波,2327,1007,1320,元大證券,2023-06-01,9800
00676R,富邦臺灣加權反1,2543,1274,1269,元大證券,2023-06-01,9800
00720B,元大投資級公司債,1168,10,1158,元大證券,2023-06-01,9800
00888,永豐台灣ESG,1740,602,1138,元大證券,2023-06-01,9800
2891,中信金,1124,99,1025,元大證券,2023-06-01,9800
3037,欣興,1483,478,1005,元大證券,2023-06-01,9800
00900,富邦特選高股息30,1720,844,876,元大證券,2023-06-01,9800
00896,中信綠能及電動車,777,6,771,元大證券,2023-06-01,9800
0050,元大台灣50,1086,327,759,元大證券,2023-06-01,9800
1301,台塑,715,36,679,元大證券,2023-06-01,9800
2515,中工,1396,760,636,元大證券,2023-06-01,9800
00636,國泰中國A50,852,217,635,元大證券,2023-06-01,9800
00655L,國泰中國A50正2,1638,1052,586,元大證券,2023-06-01,9800
2449,京元電子,745,180,565,元大證券,2023-06-01,9800
00905,FT臺灣Smart,619,72,547,元大證券,2023-06-01,9800
2412,中華電,1060,529,531,元大證券,2023-06-01,9800
4904,遠傳,510,19,491,元大證券,2023-06-01,9800
00923,群益台ESG低碳50,850,377,473,元大證券,2023-06-01,9800
2885,元大金,548,79,469,元大證券,2023-06-01,9800
00701,國泰股利精選30,468,6,462,元大證券,2023-06-01,9800
020022,元大電動車N,482,40,442,元大證券,2023-06-01,9800
00753L,中信中國50正2,2679,2240,439,元大證券,2023-06-01,9800
2301,光寶科,479,46,433,元大證券,2023-06-01,9800
2609,陽明,1017,597,420,元大證券,2023-06-01,9800
5469,瀚宇博,418,13,405,元大證券,2023-06-01,9800
2610,華航,3520,3122,398,元大證券,2023-06-01,9800
2882,國泰金,409,26,383,元大證券,2023-06-01,9800
0056,元大高股息,441,83,358,元大證券,2023-06-01,9800
5009,榮剛,674,328,346,元大證券,2023-06-01,9800
1409,新纖,331,4,327,元大證券,2023-06-01,9800
006208,富邦台50,763,447,316,元大證券,2023-06-01,9800
00915,凱基優選高股息30,348,40,308,元大證券,2023-06-01,9800
2352,佳世達,488,189,299,元大證券,2023-06-01,9800
2345,智邦,431,136,295,元大證券,2023-06-01,9800
2388,威盛,367,72,295,元大證券,2023-06-01,9800
00640L,富邦日本正2,366,76,290,元大證券,2023-06-01,9800
00877,復華中國5G,800,513,287,元大證券,2023-06-01,9800
3038,全台,443,166,277,元大證券,2023-06-01,9800
2731,雄獅,480,207,273,元大證券,2023-06-01,9800
00708L,期元大S＆P黃金正2,469,213,256,元大證券,2023-06-01,9800
2606,裕民,266,13,253,元大證券,2023-06-01,9800
00878,國泰永續高股息,14381,2786,11595,元大證券,2023-06-02,9800
00715L,期街口布蘭特正2,14156,8009,6147,元大證券,2023-06-02,9800
00680L,元大美債20正2,5162,612,4550,元大證券,2023-06-02,9800
00881,國泰台灣5G+,4649,177,4472,元大證券,2023-06-02,9800
00638R,元大滬深300反1,4402,20,4382,元大證券,2023-06-02,9800
00900,富邦特選高股息30,5387,1407,3980,元大證券,2023-06-02,9800
00637L,元大滬深300正2,19615,15871,3744,元大證券,2023-06-02,9800
00896,中信綠能及電動車,3371,2,3369,元大證券,2023-06-02,9800
00669R,國泰美國道瓊反1,3363,21,3342,元大證券,2023-06-02,9800
2618,長榮航,10651,8490,2161,元大證券,2023-06-02,9800
00893,國泰智能電動車,3271,1277,1994,元大證券,2023-06-02,9800
2330,台積電,2031,126,1905,元大證券,2023-06-02,9800
00926,凱基全球菁英55,2283,632,1651,元大證券,2023-06-02,9800
0050,元大台灣50,1764,115,1649,元大證券,2023-06-02,9800
0056,元大高股息,2718,1099,1619,元大證券,2023-06-02,9800
00665L,富邦�琤肭磪囓�2,7237,5724,1513,元大證券,2023-06-02,9800
020022,元大電動車N,1554,175,1379,元大證券,2023-06-02,9800
3231,緯創,9720,8503,1217,元大證券,2023-06-02,9800
00907,永豐優息存股,1203,0,1203,元大證券,2023-06-02,9800
00888,永豐台灣ESG,1130,86,1044,元大證券,2023-06-02,9800
00683L,期元大美元指正2,1253,213,1040,元大證券,2023-06-02,9800
00905,FT臺灣Smart,1061,109,952,元大證券,2023-06-02,9800
00923,群益台ESG低碳50,1105,163,942,元大證券,2023-06-02,9800
00753L,中信中國50正2,1577,676,901,元大證券,2023-06-02,9800
2353,宏��,2630,1731,899,元大證券,2023-06-02,9800
00901,永豐智能車供應鏈,873,0,873,元大證券,2023-06-02,9800
00891,中信關鍵半導體,1235,370,865,元大證券,2023-06-02,9800
00912,中信臺灣智慧50,841,0,841,元大證券,2023-06-02,9800
00692,富邦公司治理,837,0,837,元大證券,2023-06-02,9800
00701,國泰股利精選30,820,0,820,元大證券,2023-06-02,9800
9933,中鼎,761,2,759,元大證券,2023-06-02,9800
00894,中信小資高價30,752,0,752,元大證券,2023-06-02,9800
00850,元大臺灣ESG永續,745,1,744,元大證券,2023-06-02,9800
8046,南電,861,148,713,元大證券,2023-06-02,9800
6176,瑞儀,731,23,708,元大證券,2023-06-02,9800
2204,中華,747,91,656,元大證券,2023-06-02,9800
00674R,期元大S＆P黃金反1,649,12,637,元大證券,2023-06-02,9800
2885,元大金,780,149,631,元大證券,2023-06-02,9800
2603,長榮,700,102,598,元大證券,2023-06-02,9800
020029,元大ESG高股息N,566,2,564,元大證券,2023-06-02,9800
00915,凱基優選高股息30,842,305,537,元大證券,2023-06-02,9800
00635U,期元大S＆P黃金,542,24,518,元大證券,2023-06-02,9800
00708L,期元大S＆P黃金正2,663,146,517,元大證券,2023-06-02,9800
3711,日月光投控,1288,797,491,元大證券,2023-06-02,9800
2313,華通,635,159,476,元大證券,2023-06-02,9800
6282,康舒,2661,2186,475,元大證券,2023-06-02,9800
1514,亞力,1108,642,466,元大證券,2023-06-02,9800
2454,聯發科,570,110,460,元大證券,2023-06-02,9800
020028,元大特選電動車N,628,174,454,元大證券,2023-06-02,9800
00918,大華優利高填息30,481,52,429,元大證券,2023-06-02,9800
00632R,元大台灣50反1,77359,19722,57637,元大證券,2023-06-05,9800
00715L,期街口布蘭特正2,56727,7448,49279,元大證券,2023-06-05,9800
2888,新光金,9013,4856,4157,元大證券,2023-06-05,9800
00893,國泰智能電動車,4523,618,3905,元大證券,2023-06-05,9800
00669R,國泰美國道瓊反1,4318,541,3777,元大證券,2023-06-05,9800
00676R,富邦臺灣加權反1,3572,1035,2537,元大證券,2023-06-05,9800
00680L,元大美債20正2,3010,931,2079,元大證券,2023-06-05,9800
00664R,國泰臺灣加權反1,2410,895,1515,元大證券,2023-06-05,9800
2885,元大金,1556,101,1455,元大證券,2023-06-05,9800
3481,群創,2826,1535,1291,元大證券,2023-06-05,9800
3231,緯創,5067,3838,1229,元大證券,2023-06-05,9800
00671R,富邦NASDAQ反1,1709,564,1145,元大證券,2023-06-05,9800
3711,日月光投控,2558,1471,1087,元大證券,2023-06-05,9800
00650L,復華香港正2,1948,964,984,元大證券,2023-06-05,9800
00830,國泰費城半導體,916,0,916,元大證券,2023-06-05,9800
00896,中信綠能及電動車,1293,377,916,元大證券,2023-06-05,9800
00926,凱基全球菁英55,1283,374,909,元大證券,2023-06-05,9800
6180,橘子,1127,233,894,元大證券,2023-06-05,9800
00895,富邦未來車,1066,181,885,元大證券,2023-06-05,9800
00925,新光標普電動車,844,0,844,元大證券,2023-06-05,9800
00907,永豐優息存股,1069,282,787,元大證券,2023-06-05,9800
00891,中信關鍵半導體,1116,338,778,元大證券,2023-06-05,9800
6191,精成科,807,31,776,元大證券,2023-06-05,9800
2618,長榮航,4791,4023,768,元大證券,2023-06-05,9800
00900,富邦特選高股息30,3578,2836,742,元大證券,2023-06-05,9800
00688L,國泰20年美債正2,1513,781,732,元大證券,2023-06-05,9800
5009,榮剛,1231,551,680,元大證券,2023-06-05,9800
1301,台塑,715,43,672,元大證券,2023-06-05,9800
2002,中鋼,774,107,667,元大證券,2023-06-05,9800
2317,鴻海,858,194,664,元大證券,2023-06-05,9800
00888,永豐台灣ESG,1138,503,635,元大證券,2023-06-05,9800
2890,永豐金,774,151,623,元大證券,2023-06-05,9800
00901,永豐智能車供應鏈,589,28,561,元大證券,2023-06-05,9800
6274,台燿,726,171,555,元大證券,2023-06-05,9800
00922,國泰台灣領袖50,784,242,542,元大證券,2023-06-05,9800
00892,富邦台灣半導體,801,298,503,元大證券,2023-06-05,9800
0056,元大高股息,630,141,489,元大證券,2023-06-05,9800
2425,承啟,1187,735,452,元大證券,2023-06-05,9800
2385,群光,442,14,428,元大證券,2023-06-05,9800
00701,國泰股利精選30,448,29,419,元大證券,2023-06-05,9800
00642U,期元大S＆P石油,1889,1493,396,元大證券,2023-06-05,9800
00902,中信電池及儲能,503,111,392,元大證券,2023-06-05,9800
00905,FT臺灣Smart,501,121,380,元大證券,2023-06-05,9800
00894,中信小資高價30,361,1,360,元大證券,2023-06-05,9800
0050,元大台灣50,718,370,348,元大證券,2023-06-05,9800
3617,碩天,394,47,347,元大證券,2023-06-05,9800
2887,台新金,483,147,336,元大證券,2023-06-05,9800
4906,正文,379,72,307,元大證券,2023-06-05,9800
6176,瑞儀,339,59,280,元大證券,2023-06-05,9800
020022,元大電動車N,727,450,277,元大證券,2023-06-05,9800
00715L,期街口布蘭特正2,13838,5696,8142,元大證券,2023-06-06,9800
00637L,元大滬深300正2,24119,19364,4755,元大證券,2023-06-06,9800
00753L,中信中國50正2,4195,910,3285,元大證券,2023-06-06,9800
3481,群創,4225,1523,2702,元大證券,2023-06-06,9800
3027,盛達,2167,7,2160,元大證券,2023-06-06,9800
00673R,期元大S＆P原油反1,7776,5754,2022,元大證券,2023-06-06,9800
00893,國泰智能電動車,2316,312,2004,元大證券,2023-06-06,9800
00650L,復華香港正2,3332,1700,1632,元大證券,2023-06-06,9800
00895,富邦未來車,1646,23,1623,元大證券,2023-06-06,9800
00655L,國泰中國A50正2,1879,652,1227,元大證券,2023-06-06,9800
0056,元大高股息,1856,632,1224,元大證券,2023-06-06,9800
2615,萬海,1535,373,1162,元大證券,2023-06-06,9800
00885,富邦越南,1305,213,1092,元大證券,2023-06-06,9800
2027,大成鋼,1089,37,1052,元大證券,2023-06-06,9800
0050,元大台灣50,1583,557,1026,元大證券,2023-06-06,9800
00926,凱基全球菁英55,1024,5,1019,元大證券,2023-06-06,9800
2603,長榮,1251,244,1007,元大證券,2023-06-06,9800
1301,台塑,967,12,955,元大證券,2023-06-06,9800
00888,永豐台灣ESG,1220,309,911,元大證券,2023-06-06,9800
2002,中鋼,1094,187,907,元大證券,2023-06-06,9800
00670L,富邦NASDAQ正2,887,6,881,元大證券,2023-06-06,9800
00900,富邦特選高股息30,2040,1248,792,元大證券,2023-06-06,9800
00907,永豐優息存股,867,84,783,元大證券,2023-06-06,9800
00642U,期元大S＆P石油,1010,313,697,元大證券,2023-06-06,9800
2402,毅嘉,2170,1474,696,元大證券,2023-06-06,9800
00923,群益台ESG低碳50,731,59,672,元大證券,2023-06-06,9800
00905,FT臺灣Smart,799,158,641,元大證券,2023-06-06,9800
00896,中信綠能及電動車,937,304,633,元大證券,2023-06-06,9800
00662,富邦NASDAQ,739,109,630,元大證券,2023-06-06,9800
00669R,國泰美國道瓊反1,1035,437,598,元大證券,2023-06-06,9800
00830,國泰費城半導體,813,225,588,元大證券,2023-06-06,9800
00912,中信臺灣智慧50,706,152,554,元大證券,2023-06-06,9800
00891,中信關鍵半導體,1001,465,536,元大證券,2023-06-06,9800
2357,華碩,554,18,536,元大證券,2023-06-06,9800
020022,元大電動車N,579,77,502,元大證券,2023-06-06,9800
00903,富邦元宇宙,497,0,497,元大證券,2023-06-06,9800
00725B,國泰投資級公司債,614,120,494,元大證券,2023-06-06,9800
00878,國泰永續高股息,4808,4319,489,元大證券,2023-06-06,9800
6191,精成科,490,15,475,元大證券,2023-06-06,9800
3044,健鼎,584,146,438,元大證券,2023-06-06,9800
00892,富邦台灣半導體,736,298,438,元大證券,2023-06-06,9800
00919,群益台灣精選高息,3993,3562,431,元大證券,2023-06-06,9800
00915,凱基優選高股息30,824,404,420,元大證券,2023-06-06,9800
2891,中信金,620,201,419,元大證券,2023-06-06,9800
00708L,期元大S＆P黃金正2,566,149,417,元大證券,2023-06-06,9800
00641R,富邦日本反1,551,146,405,元大證券,2023-06-06,9800
8358,金居,934,529,405,元大證券,2023-06-06,9800
020029,元大ESG高股息N,418,14,404,元大證券,2023-06-06,9800
00850,元大臺灣ESG永續,495,123,372,元大證券,2023-06-06,9800
00757,統一FANG+,369,1,368,元大證券,2023-06-06,9800
00632R,元大台灣50反1,58610,28058,30552,元大證券,2023-06-07,9800
2888,新光金,5268,475,4793,元大證券,2023-06-07,9800
00673R,期元大S＆P原油反1,5472,1922,3550,元大證券,2023-06-07,9800
00893,國泰智能電動車,3811,396,3415,元大證券,2023-06-07,9800
00881,國泰台灣5G+,3089,617,2472,元大證券,2023-06-07,9800
0050,元大台灣50,2335,98,2237,元大證券,2023-06-07,9800
2303,聯電,2570,402,2168,元大證券,2023-06-07,9800
00878,國泰永續高股息,4406,2576,1830,元大證券,2023-06-07,9800
00665L,富邦�琤肭磪囓�2,6191,4413,1778,元大證券,2023-06-07,9800
00900,富邦特選高股息30,2439,680,1759,元大證券,2023-06-07,9800
00650L,復華香港正2,2648,890,1758,元大證券,2023-06-07,9800
3231,緯創,3664,2132,1532,元大證券,2023-06-07,9800
00753L,中信中國50正2,3189,1732,1457,元大證券,2023-06-07,9800
00669R,國泰美國道瓊反1,1416,302,1114,元大證券,2023-06-07,9800
2449,京元電子,1149,57,1092,元大證券,2023-06-07,9800
00891,中信關鍵半導體,1236,169,1067,元大證券,2023-06-07,9800
1216,統一,1033,9,1024,元大證券,2023-06-07,9800
00892,富邦台灣半導體,1427,451,976,元大證券,2023-06-07,9800
2382,廣達,2363,1523,840,元大證券,2023-06-07,9800
9907,統一實,807,1,806,元大證券,2023-06-07,9800
6274,台燿,1631,849,782,元大證券,2023-06-07,9800
00905,FT臺灣Smart,772,3,769,元大證券,2023-06-07,9800
6239,力成,861,124,737,元大證券,2023-06-07,9800
00701,國泰股利精選30,677,0,677,元大證券,2023-06-07,9800
3481,群創,1837,1166,671,元大證券,2023-06-07,9800
2330,台積電,749,122,627,元大證券,2023-06-07,9800
00895,富邦未來車,1224,600,624,元大證券,2023-06-07,9800
00907,永豐優息存股,854,250,604,元大證券,2023-06-07,9800
2882,國泰金,895,313,582,元大證券,2023-06-07,9800
2301,光寶科,794,215,579,元大證券,2023-06-07,9800
00896,中信綠能及電動車,617,51,566,元大證券,2023-06-07,9800
1609,大亞,5670,5104,566,元大證券,2023-06-07,9800
00692,富邦公司治理,713,150,563,元大證券,2023-06-07,9800
006208,富邦台50,606,62,544,元大證券,2023-06-07,9800
00912,中信臺灣智慧50,666,131,535,元大證券,2023-06-07,9800
2885,元大金,720,200,520,元大證券,2023-06-07,9800
00928,中信上櫃ESG30,617,113,504,元大證券,2023-06-07,9800
00904,新光臺灣半導體30,528,55,473,元大證券,2023-06-07,9800
1504,東元,1329,867,462,元大證券,2023-06-07,9800
2308,台達電,585,183,402,元大證券,2023-06-07,9800
00680L,元大美債20正2,2735,2369,366,元大證券,2023-06-07,9800
2388,威盛,597,237,360,元大證券,2023-06-07,9800
00894,中信小資高價30,419,64,355,元大證券,2023-06-07,9800
2834,臺企銀,409,56,353,元大證券,2023-06-07,9800
6550,北極星藥業-KY,354,2,352,元大證券,2023-06-07,9800
00901,永豐智能車供應鏈,346,1,345,元大證券,2023-06-07,9800
00850,元大臺灣ESG永續,425,85,340,元大證券,2023-06-07,9800
00671R,富邦NASDAQ反1,502,167,335,元大證券,2023-06-07,9800
2425,承啟,897,570,327,元大證券,2023-06-07,9800
2880,華南金,298,6,292,元大證券,2023-06-07,9800
00715L,期街口布蘭特正2,20420,989,19431,元大證券,2023-06-08,9800
00632R,元大台灣50反1,34293,23436,10857,元大證券,2023-06-08,9800
00642U,期元大S＆P石油,6093,9,6084,元大證券,2023-06-08,9800
00637L,元大滬深300正2,16773,12218,4555,元大證券,2023-06-08,9800
2353,宏��,3363,417,2946,元大證券,2023-06-08,9800
00753L,中信中國50正2,3787,862,2925,元大證券,2023-06-08,9800
00676R,富邦臺灣加權反1,3800,918,2882,元大證券,2023-06-08,9800
6122,擎邦,2520,8,2512,元大證券,2023-06-08,9800
2609,陽明,2500,662,1838,元大證券,2023-06-08,9800
6770,力積電,1801,98,1703,元大證券,2023-06-08,9800
00650L,復華香港正2,2008,368,1640,元大證券,2023-06-08,9800
00893,國泰智能電動車,1813,263,1550,元大證券,2023-06-08,9800
2603,長榮,1680,286,1394,元大證券,2023-06-08,9800
00895,富邦未來車,1440,289,1151,元大證券,2023-06-08,9800
00633L,富邦上証正2,2281,1168,1113,元大證券,2023-06-08,9800
00725B,國泰投資級公司債,1481,369,1112,元大證券,2023-06-08,9800
8034,榮群,873,8,865,元大證券,2023-06-08,9800
9907,統一實,804,4,800,元大證券,2023-06-08,9800
2610,華航,2751,2014,737,元大證券,2023-06-08,9800
00882,中信中國高股息,3789,3095,694,元大證券,2023-06-08,9800
00773B,中信優先金融債,787,116,671,元大證券,2023-06-08,9800
00764B,群益25年美債,730,73,657,元大證券,2023-06-08,9800
00671R,富邦NASDAQ反1,2451,1822,629,元大證券,2023-06-08,9800
3231,緯創,3071,2456,615,元大證券,2023-06-08,9800
2482,連宇,1171,618,553,元大證券,2023-06-08,9800
00772B,中信高評級公司債,1567,1016,551,元大證券,2023-06-08,9800
020022,元大電動車N,816,281,535,元大證券,2023-06-08,9800
2615,萬海,900,382,518,元大證券,2023-06-08,9800
2303,聯電,1031,547,484,元大證券,2023-06-08,9800
00927,群益半導體收益,1599,1121,478,元大證券,2023-06-08,9800
00757,統一FANG+,494,27,467,元大證券,2023-06-08,9800
00830,國泰費城半導體,719,308,411,元大證券,2023-06-08,9800
00674R,期元大S＆P黃金反1,397,0,397,元大證券,2023-06-08,9800
2890,永豐金,450,78,372,元大證券,2023-06-08,9800
3711,日月光投控,1048,726,322,元大證券,2023-06-08,9800
00655L,國泰中國A50正2,1064,750,314,元大證券,2023-06-08,9800
2352,佳世達,686,372,314,元大證券,2023-06-08,9800
00852L,國泰美國道瓊正2,278,0,278,元大證券,2023-06-08,9800
2882,國泰金,457,186,271,元大證券,2023-06-08,9800
020029,元大ESG高股息N,274,9,265,元大證券,2023-06-08,9800
00653L,富邦印度正2,282,25,257,元大證券,2023-06-08,9800
5425,台半,273,21,252,元大證券,2023-06-08,9800
2324,仁寶,495,244,251,元大證券,2023-06-08,9800
0056,元大高股息,541,317,224,元大證券,2023-06-08,9800
6415,矽力*-KY,256,36,220,元大證券,2023-06-08,9800
00902,中信電池及儲能,741,527,214,元大證券,2023-06-08,9800
020034,元大IC設計N,289,79,210,元大證券,2023-06-08,9800
00761B,國泰A級公司債,232,24,208,元大證券,2023-06-08,9800
2377,微星,345,137,208,元大證券,2023-06-08,9800
6274,台燿,1177,981,196,元大證券,2023-06-08,9800
00673R,期元大S＆P原油反1,15749,462,15287,元大證券,2023-06-09,9800
0056,元大高股息,10870,743,10127,元大證券,2023-06-09,9800
00878,國泰永續高股息,4751,1475,3276,元大證券,2023-06-09,9800
00688L,國泰20年美債正2,2985,0,2985,元大證券,2023-06-09,9800
2303,聯電,3162,433,2729,元大證券,2023-06-09,9800
00893,國泰智能電動車,3111,1107,2004,元大證券,2023-06-09,9800
00927,群益半導體收益,2015,129,1886,元大證券,2023-06-09,9800
2888,新光金,2107,226,1881,元大證券,2023-06-09,9800
00892,富邦台灣半導體,1802,178,1624,元大證券,2023-06-09,9800
2002,中鋼,1637,13,1624,元大證券,2023-06-09,9800
00680L,元大美債20正2,1518,58,1460,元大證券,2023-06-09,9800
2317,鴻海,1399,54,1345,元大證券,2023-06-09,9800
2883,凱基金,1396,71,1325,元大證券,2023-06-09,9800
00753L,中信中國50正2,2521,1223,1298,元大證券,2023-06-09,9800
0050,元大台灣50,1288,25,1263,元大證券,2023-06-09,9800
00665L,富邦�琤肭磪囓�2,6866,5652,1214,元大證券,2023-06-09,9800
3481,群創,1833,622,1211,元大證券,2023-06-09,9800
2884,玉山金,1199,0,1199,元大證券,2023-06-09,9800
00900,富邦特選高股息30,2606,1479,1127,元大證券,2023-06-09,9800
2891,中信金,1630,722,908,元大證券,2023-06-09,9800
2887,台新金,1005,98,907,元大證券,2023-06-09,9800
3231,緯創,5565,4702,863,元大證券,2023-06-09,9800
2892,第一金,882,20,862,元大證券,2023-06-09,9800
2880,華南金,866,8,858,元大證券,2023-06-09,9800
5880,合庫金,855,0,855,元大證券,2023-06-09,9800
00772B,中信高評級公司債,835,3,832,元大證券,2023-06-09,9800
2330,台積電,841,11,830,元大證券,2023-06-09,9800
00706L,期元大S＆P日圓正2,844,55,789,元大證券,2023-06-09,9800
00708L,期元大S＆P黃金正2,723,0,723,元大證券,2023-06-09,9800
9907,統一實,702,4,698,元大證券,2023-06-09,9800
00650L,復華香港正2,1983,1303,680,元大證券,2023-06-09,9800
2881,富邦金,695,25,670,元大證券,2023-06-09,9800
6148,驊宏資,650,4,646,元大證券,2023-06-09,9800
2890,永豐金,966,323,643,元大證券,2023-06-09,9800
00692,富邦公司治理,637,8,629,元大證券,2023-06-09,9800
00830,國泰費城半導體,626,9,617,元大證券,2023-06-09,9800
2885,元大金,1011,422,589,元大證券,2023-06-09,9800
1101,台泥,624,55,569,元大證券,2023-06-09,9800
00894,中信小資高價30,556,2,554,元大證券,2023-06-09,9800
2801,彰銀,584,34,550,元大證券,2023-06-09,9800
00687B,國泰20年美債,1960,1416,544,元大證券,2023-06-09,9800
00696B,富邦美債20年,822,305,517,元大證券,2023-06-09,9800
00881,國泰台灣5G+,1410,893,517,元大證券,2023-06-09,9800
2610,華航,1382,873,509,元大證券,2023-06-09,9800
00891,中信關鍵半導體,666,158,508,元大證券,2023-06-09,9800
00923,群益台ESG低碳50,518,21,497,元大證券,2023-06-09,9800
00928,中信上櫃ESG30,643,161,482,元大證券,2023-06-09,9800
2455,全新,509,36,473,元大證券,2023-06-09,9800
00922,國泰台灣領袖50,586,121,465,元大證券,2023-06-09,9800
020022,元大電動車N,743,283,460,元大證券,2023-06-09,9800
00637L,元大滬深300正2,15177,6385,8792,元大證券,2023-06-12,9800
00664R,國泰臺灣加權反1,7291,2185,5106,元大證券,2023-06-12,9800
00673R,期元大S＆P原油反1,6430,1619,4811,元大證券,2023-06-12,9800
00893,國泰智能電動車,3788,480,3308,元大證券,2023-06-12,9800
00895,富邦未來車,3116,116,3000,元大證券,2023-06-12,9800
00650L,復華香港正2,2689,577,2112,元大證券,2023-06-12,9800
2317,鴻海,2683,752,1931,元大證券,2023-06-12,9800
00633L,富邦上証正2,2197,474,1723,元大證券,2023-06-12,9800
00885,富邦越南,2024,329,1695,元大證券,2023-06-12,9800
00881,國泰台灣5G+,1977,461,1516,元大證券,2023-06-12,9800
00877,復華中國5G,1562,225,1337,元大證券,2023-06-12,9800
00892,富邦台灣半導體,1641,345,1296,元大證券,2023-06-12,9800
2888,新光金,8254,7045,1209,元大證券,2023-06-12,9800
00905,FT臺灣Smart,1060,2,1058,元大證券,2023-06-12,9800
00852L,國泰美國道瓊正2,852,0,852,元大證券,2023-06-12,9800
00891,中信關鍵半導體,1215,380,835,元大證券,2023-06-12,9800
00830,國泰費城半導體,1293,459,834,元大證券,2023-06-12,9800
3652,精聯,801,3,798,元大證券,2023-06-12,9800
2002,中鋼,746,2,744,元大證券,2023-06-12,9800
00676R,富邦臺灣加權反1,1765,1029,736,元大證券,2023-06-12,9800
00907,永豐優息存股,768,64,704,元大證券,2023-06-12,9800
5425,台半,1137,481,656,元大證券,2023-06-12,9800
1216,統一,731,95,636,元大證券,2023-06-12,9800
00896,中信綠能及電動車,876,268,608,元大證券,2023-06-12,9800
00876,元大全球5G,567,20,547,元大證券,2023-06-12,9800
00882,中信中國高股息,2660,2139,521,元大證券,2023-06-12,9800
2887,台新金,603,121,482,元大證券,2023-06-12,9800
2609,陽明,894,416,478,元大證券,2023-06-12,9800
00683L,期元大美元指正2,413,1,412,元大證券,2023-06-12,9800
2312,金寶,896,537,359,元大證券,2023-06-12,9800
00753L,中信中國50正2,1567,1237,330,元大證券,2023-06-12,9800
00640L,富邦日本正2,456,143,313,元大證券,2023-06-12,9800
9907,統一實,310,11,299,元大證券,2023-06-12,9800
1101,台泥,364,72,292,元大證券,2023-06-12,9800
00636,國泰中國A50,317,32,285,元大證券,2023-06-12,9800
2615,萬海,356,79,277,元大證券,2023-06-12,9800
00641R,富邦日本反1,601,329,272,元大證券,2023-06-12,9800
00902,中信電池及儲能,389,134,255,元大證券,2023-06-12,9800
00706L,期元大S＆P日圓正2,545,295,250,元大證券,2023-06-12,9800
3035,智原,271,34,237,元大證券,2023-06-12,9800
3680,家登,388,152,236,元大證券,2023-06-12,9800
2308,台達電,433,198,235,元大證券,2023-06-12,9800
00926,凱基全球菁英55,233,1,232,元大證券,2023-06-12,9800
00692,富邦公司治理,368,140,228,元大證券,2023-06-12,9800
00655L,國泰中國A50正2,682,456,226,元大證券,2023-06-12,9800
00927,群益半導體收益,784,559,225,元大證券,2023-06-12,9800
00725B,國泰投資級公司債,328,119,209,元大證券,2023-06-12,9800
9802,鈺齊-KY,215,9,206,元大證券,2023-06-12,9800
00904,新光臺灣半導體30,202,3,199,元大證券,2023-06-12,9800
3596,智易,204,16,188,元大證券,2023-06-12,9800
00673R,期元大S＆P原油反1,15634,32,15602,元大證券,2023-06-13,9800
0056,元大高股息,24732,13819,10913,元大證券,2023-06-13,9800
00878,國泰永續高股息,10597,1740,8857,元大證券,2023-06-13,9800
00637L,元大滬深300正2,20069,12890,7179,元大證券,2023-06-13,9800
0050,元大台灣50,7038,1231,5807,元大證券,2023-06-13,9800
2317,鴻海,4272,412,3860,元大證券,2023-06-13,9800
00665L,富邦�琤肭磪囓�2,8513,5370,3143,元大證券,2023-06-13,9800
00881,國泰台灣5G+,4985,1989,2996,元大證券,2023-06-13,9800
00893,國泰智能電動車,3087,318,2769,元大證券,2023-06-13,9800
00676R,富邦臺灣加權反1,5621,3123,2498,元大證券,2023-06-13,9800
00692,富邦公司治理,2565,170,2395,元大證券,2023-06-13,9800
2002,中鋼,2335,165,2170,元大證券,2023-06-13,9800
2468,華經,2082,0,2082,元大證券,2023-06-13,9800
00650L,復華香港正2,2734,740,1994,元大證券,2023-06-13,9800
00891,中信關鍵半導體,2488,510,1978,元大證券,2023-06-13,9800
2618,長榮航,5447,3654,1793,元大證券,2023-06-13,9800
2330,台積電,2307,636,1671,元大證券,2023-06-13,9800
2884,玉山金,1801,133,1668,元大證券,2023-06-13,9800
00753L,中信中國50正2,1963,315,1648,元大證券,2023-06-13,9800
2891,中信金,2487,896,1591,元大證券,2023-06-13,9800
00900,富邦特選高股息30,2979,1483,1496,元大證券,2023-06-13,9800
00927,群益半導體收益,1867,425,1442,元大證券,2023-06-13,9800
2886,兆豐金,1578,234,1344,元大證券,2023-06-13,9800
2887,台新金,1459,117,1342,元大證券,2023-06-13,9800
2892,第一金,1417,108,1309,元大證券,2023-06-13,9800
2880,華南金,1408,117,1291,元大證券,2023-06-13,9800
5880,合庫金,1440,162,1278,元大證券,2023-06-13,9800
00896,中信綠能及電動車,1294,43,1251,元大證券,2023-06-13,9800
2801,彰銀,1234,126,1108,元大證券,2023-06-13,9800
2890,永豐金,1945,885,1060,元大證券,2023-06-13,9800
00905,FT臺灣Smart,1191,193,998,元大證券,2023-06-13,9800
00888,永豐台灣ESG,1408,457,951,元大證券,2023-06-13,9800
00892,富邦台灣半導體,1086,140,946,元大證券,2023-06-13,9800
00895,富邦未來車,1437,493,944,元大證券,2023-06-13,9800
020022,元大電動車N,1353,431,922,元大證券,2023-06-13,9800
2834,臺企銀,971,93,878,元大證券,2023-06-13,9800
1101,台泥,937,88,849,元大證券,2023-06-13,9800
00894,中信小資高價30,1074,238,836,元大證券,2023-06-13,9800
3711,日月光投控,1173,370,803,元大證券,2023-06-13,9800
00683L,期元大美元指正2,844,50,794,元大證券,2023-06-13,9800
00850,元大臺灣ESG永續,774,2,772,元大證券,2023-06-13,9800
5876,上海商銀,797,31,766,元大證券,2023-06-13,9800
00903,富邦元宇宙,784,50,734,元大證券,2023-06-13,9800
3037,欣興,1407,680,727,元大證券,2023-06-13,9800
00728,第一金工業30,720,0,720,元大證券,2023-06-13,9800
00904,新光臺灣半導體30,687,3,684,元大證券,2023-06-13,9800
00926,凱基全球菁英55,667,0,667,元大證券,2023-06-13,9800
00713,元大台灣高息低波,981,331,650,元大證券,2023-06-13,9800
00674R,期元大S＆P黃金反1,641,0,641,元大證券,2023-06-13,9800
1303,南亞,888,249,639,元大證券,2023-06-13,9800
00632R,元大台灣50反1,44742,2960,41782,元大證券,2023-06-14,9800
00715L,期街口布蘭特正2,20709,10804,9905,元大證券,2023-06-14,9800
0056,元大高股息,17969,10081,7888,元大證券,2023-06-14,9800
00637L,元大滬深300正2,22536,14687,7849,元大證券,2023-06-14,9800
2618,長榮航,20275,13497,6778,元大證券,2023-06-14,9800
00878,國泰永續高股息,7760,2110,5650,元大證券,2023-06-14,9800
2801,彰銀,4968,32,4936,元大證券,2023-06-14,9800
00893,國泰智能電動車,4161,11,4150,元大證券,2023-06-14,9800
00881,國泰台灣5G+,4861,1021,3840,元大證券,2023-06-14,9800
2885,元大金,3508,586,2922,元大證券,2023-06-14,9800
00642U,期元大S＆P石油,2623,861,1762,元大證券,2023-06-14,9800
00895,富邦未來車,1474,236,1238,元大證券,2023-06-14,9800
00650L,復華香港正2,1842,610,1232,元大證券,2023-06-14,9800
00725B,國泰投資級公司債,1622,477,1145,元大證券,2023-06-14,9800
00900,富邦特選高股息30,2879,1810,1069,元大證券,2023-06-14,9800
2610,華航,10216,9177,1039,元大證券,2023-06-14,9800
3711,日月光投控,1457,434,1023,元大證券,2023-06-14,9800
00905,FT臺灣Smart,1151,218,933,元大證券,2023-06-14,9800
2603,長榮,1749,869,880,元大證券,2023-06-14,9800
00830,國泰費城半導體,827,24,803,元大證券,2023-06-14,9800
00761B,國泰A級公司債,772,1,771,元大證券,2023-06-14,9800
00901,永豐智能車供應鏈,743,2,741,元大證券,2023-06-14,9800
00674R,期元大S＆P黃金反1,665,0,665,元大證券,2023-06-14,9800
2330,台積電,774,126,648,元大證券,2023-06-14,9800
00683L,期元大美元指正2,695,100,595,元大證券,2023-06-14,9800
00877,復華中國5G,521,11,510,元大證券,2023-06-14,9800
00740B,富邦全球投等債,570,68,502,元大證券,2023-06-14,9800
00701,國泰股利精選30,498,0,498,元大證券,2023-06-14,9800
020029,元大ESG高股息N,466,17,449,元大證券,2023-06-14,9800
00892,富邦台灣半導體,958,535,423,元大證券,2023-06-14,9800
00633L,富邦上証正2,2957,2537,420,元大證券,2023-06-14,9800
2883,凱基金,536,118,418,元大證券,2023-06-14,9800
2886,兆豐金,449,35,414,元大證券,2023-06-14,9800
3231,緯創,7788,7387,401,元大證券,2023-06-14,9800
2002,中鋼,400,6,394,元大證券,2023-06-14,9800
2884,玉山金,386,9,377,元大證券,2023-06-14,9800
3022,威強電,812,461,351,元大證券,2023-06-14,9800
006208,富邦台50,548,201,347,元大證券,2023-06-14,9800
2609,陽明,785,446,339,元大證券,2023-06-14,9800
2880,華南金,331,0,331,元大證券,2023-06-14,9800
3017,奇鋐,757,442,315,元大證券,2023-06-14,9800
2892,第一金,322,10,312,元大證券,2023-06-14,9800
006205,富邦上証,526,233,293,元大證券,2023-06-14,9800
2301,光寶科,1406,1116,290,元大證券,2023-06-14,9800
1504,東元,550,262,288,元大證券,2023-06-14,9800
00655L,國泰中國A50正2,1525,1254,271,元大證券,2023-06-14,9800
2881,富邦金,296,28,268,元大證券,2023-06-14,9800
00897,富邦基因免疫生技,293,32,261,元大證券,2023-06-14,9800
2887,台新金,368,113,255,元大證券,2023-06-14,9800
1101,台泥,264,15,249,元大證券,2023-06-14,9800
00632R,元大台灣50反1,68981,34592,34389,元大證券,2023-06-15,9800
0056,元大高股息,26085,10507,15578,元大證券,2023-06-15,9800
00878,國泰永續高股息,14174,3495,10679,元大證券,2023-06-15,9800
00637L,元大滬深300正2,23478,13214,10264,元大證券,2023-06-15,9800
00881,國泰台灣5G+,6748,1229,5519,元大證券,2023-06-15,9800
00665L,富邦�琤肭磪囓�2,10737,5559,5178,元大證券,2023-06-15,9800
00893,國泰智能電動車,4474,449,4025,元大證券,2023-06-15,9800
00650L,復華香港正2,4286,485,3801,元大證券,2023-06-15,9800
2610,華航,20340,16646,3694,元大證券,2023-06-15,9800
00687B,國泰20年美債,3659,105,3554,元大證券,2023-06-15,9800
00688L,國泰20年美債正2,3605,95,3510,元大證券,2023-06-15,9800
2801,彰銀,3303,48,3255,元大證券,2023-06-15,9800
2618,長榮航,23077,20260,2817,元大證券,2023-06-15,9800
00900,富邦特選高股息30,4783,2193,2590,元大證券,2023-06-15,9800
00633L,富邦上証正2,2923,633,2290,元大證券,2023-06-15,9800
3231,緯創,9407,7117,2290,元大證券,2023-06-15,9800
00725B,國泰投資級公司債,2570,347,2223,元大證券,2023-06-15,9800
00753L,中信中國50正2,2457,638,1819,元大證券,2023-06-15,9800
2301,光寶科,3759,1966,1793,元大證券,2023-06-15,9800
00680L,元大美債20正2,2126,336,1790,元大證券,2023-06-15,9800
00720B,元大投資級公司債,2226,593,1633,元大證券,2023-06-15,9800
00895,富邦未來車,1602,201,1401,元大證券,2023-06-15,9800
2885,元大金,2423,1132,1291,元大證券,2023-06-15,9800
2303,聯電,1955,678,1277,元大證券,2023-06-15,9800
2603,長榮,1807,587,1220,元大證券,2023-06-15,9800
00903,富邦元宇宙,1096,100,996,元大證券,2023-06-15,9800
00905,FT臺灣Smart,1239,287,952,元大證券,2023-06-15,9800
00662,富邦NASDAQ,954,19,935,元大證券,2023-06-15,9800
00795B,中信美國公債20年,879,17,862,元大證券,2023-06-15,9800
00772B,中信高評級公司債,1146,288,858,元大證券,2023-06-15,9800
00902,中信電池及儲能,1099,269,830,元大證券,2023-06-15,9800
00655L,國泰中國A50正2,1239,420,819,元大證券,2023-06-15,9800
4572,駐龍,801,45,756,元大證券,2023-06-15,9800
00882,中信中國高股息,3609,2872,737,元大證券,2023-06-15,9800
2344,華邦電,1317,584,733,元大證券,2023-06-15,9800
00891,中信關鍵半導體,1181,467,714,元大證券,2023-06-15,9800
2317,鴻海,1098,386,712,元大證券,2023-06-15,9800
00896,中信綠能及電動車,717,65,652,元大證券,2023-06-15,9800
3037,欣興,1436,811,625,元大證券,2023-06-15,9800
00897,富邦基因免疫生技,651,37,614,元大證券,2023-06-15,9800
0050,元大台灣50,1633,1073,560,元大證券,2023-06-15,9800
2353,宏��,789,234,555,元大證券,2023-06-15,9800
00901,永豐智能車供應鏈,544,13,531,元大證券,2023-06-15,9800
00830,國泰費城半導體,532,2,530,元大證券,2023-06-15,9800
00888,永豐台灣ESG,848,354,494,元大證券,2023-06-15,9800
5876,上海商銀,500,15,485,元大證券,2023-06-15,9800
00773B,中信優先金融債,538,69,469,元大證券,2023-06-15,9800
00904,新光臺灣半導體30,461,8,453,元大證券,2023-06-15,9800
020022,元大電動車N,894,442,452,元大證券,2023-06-15,9800
2408,南亞科,533,97,436,元大證券,2023-06-15,9800
00715L,期街口布蘭特正2,67010,1167,65843,元大證券,2023-06-16,9800
00637L,元大滬深300正2,32779,8102,24677,元大證券,2023-06-16,9800
0056,元大高股息,9094,472,8622,元大證券,2023-06-16,9800
00680L,元大美債20正2,6038,225,5813,元大證券,2023-06-16,9800
00642U,期元大S＆P石油,5411,237,5174,元大證券,2023-06-16,9800
00688L,國泰20年美債正2,4890,497,4393,元大證券,2023-06-16,9800
00650L,復華香港正2,6480,2221,4259,元大證券,2023-06-16,9800
00893,國泰智能電動車,4590,463,4127,元大證券,2023-06-16,9800
00633L,富邦上証正2,3992,496,3496,元大證券,2023-06-16,9800
3231,緯創,9628,6338,3290,元大證券,2023-06-16,9800
00878,國泰永續高股息,7787,4629,3158,元大證券,2023-06-16,9800
00753L,中信中國50正2,4699,1652,3047,元大證券,2023-06-16,9800
3037,欣興,3527,1187,2340,元大證券,2023-06-16,9800
00881,國泰台灣5G+,3985,1812,2173,元大證券,2023-06-16,9800
2801,彰銀,2158,102,2056,元大證券,2023-06-16,9800
00895,富邦未來車,2276,268,2008,元大證券,2023-06-16,9800
00687B,國泰20年美債,3130,1398,1732,元大證券,2023-06-16,9800
00664R,國泰臺灣加權反1,2392,727,1665,元大證券,2023-06-16,9800
00882,中信中國高股息,3378,1886,1492,元大證券,2023-06-16,9800
2382,廣達,3507,2074,1433,元大證券,2023-06-16,9800
00877,復華中國5G,1360,0,1360,元大證券,2023-06-16,9800
00900,富邦特選高股息30,3587,2266,1321,元大證券,2023-06-16,9800
00665L,富邦�琤肭磪囓�2,7290,6012,1278,元大證券,2023-06-16,9800
00896,中信綠能及電動車,1493,274,1219,元大證券,2023-06-16,9800
00670L,富邦NASDAQ正2,1168,114,1054,元大證券,2023-06-16,9800
1402,遠東新,1154,217,937,元大證券,2023-06-16,9800
00903,富邦元宇宙,1014,111,903,元大證券,2023-06-16,9800
2618,長榮航,13143,12241,902,元大證券,2023-06-16,9800
00679B,元大美債20年,2297,1453,844,元大證券,2023-06-16,9800
1609,大亞,3567,2724,843,元大證券,2023-06-16,9800
6550,北極星藥業-KY,846,69,777,元大證券,2023-06-16,9800
6669,緯穎,829,56,773,元大證券,2023-06-16,9800
5880,合庫金,980,226,754,元大證券,2023-06-16,9800
00655L,國泰中國A50正2,1216,486,730,元大證券,2023-06-16,9800
00662,富邦NASDAQ,773,92,681,元大證券,2023-06-16,9800
1303,南亞,780,151,629,元大證券,2023-06-16,9800
2809,京城銀,685,64,621,元大證券,2023-06-16,9800
2337,旺宏,1195,582,613,元大證券,2023-06-16,9800
2317,鴻海,1406,798,608,元大證券,2023-06-16,9800
00907,永豐優息存股,601,3,598,元大證券,2023-06-16,9800
00701,國泰股利精選30,655,80,575,元大證券,2023-06-16,9800
2880,華南金,1037,480,557,元大證券,2023-06-16,9800
00885,富邦越南,911,373,538,元大證券,2023-06-16,9800
1101,台泥,883,352,531,元大證券,2023-06-16,9800
3045,台灣大,565,41,524,元大證券,2023-06-16,9800
2892,第一金,767,248,519,元大證券,2023-06-16,9800
2371,大同,3333,2839,494,元大證券,2023-06-16,9800
2887,台新金,1027,550,477,元大證券,2023-06-16,9800
00638R,元大滬深300反1,479,6,473,元大證券,2023-06-16,9800
00648R,元大S＆P500反1,880,410,470,元大證券,2023-06-16,9800
00632R,元大台灣50反1,23330,2822,20508,元大證券,2023-06-19,9800
00715L,期街口布蘭特正2,13342,1780,11562,元大證券,2023-06-19,9800
2890,永豐金,8165,172,7993,元大證券,2023-06-19,9800
00878,國泰永續高股息,9137,4041,5096,元大證券,2023-06-19,9800
3481,群創,15283,11069,4214,元大證券,2023-06-19,9800
2603,長榮,4224,311,3913,元大證券,2023-06-19,9800
00881,國泰台灣5G+,4155,727,3428,元大證券,2023-06-19,9800
2886,兆豐金,3438,199,3239,元大證券,2023-06-19,9800
00900,富邦特選高股息30,3449,881,2568,元大證券,2023-06-19,9800
00891,中信關鍵半導體,3336,946,2390,元大證券,2023-06-19,9800
00893,國泰智能電動車,2261,11,2250,元大證券,2023-06-19,9800
2356,英業達,4162,1937,2225,元大證券,2023-06-19,9800
0056,元大高股息,2763,730,2033,元大證券,2023-06-19,9800
6120,達運,2735,729,2006,元大證券,2023-06-19,9800
2888,新光金,2553,560,1993,元大證券,2023-06-19,9800
6125,廣運,1626,14,1612,元大證券,2023-06-19,9800
00877,復華中國5G,1610,0,1610,元大證券,2023-06-19,9800
00664R,國泰臺灣加權反1,1529,20,1509,元大證券,2023-06-19,9800
00680L,元大美債20正2,1521,166,1355,元大證券,2023-06-19,9800
6285,啟��,1500,253,1247,元大證券,2023-06-19,9800
6214,精誠,1219,44,1175,元大證券,2023-06-19,9800
2409,友達,4021,2852,1169,元大證券,2023-06-19,9800
00642U,期元大S＆P石油,1393,233,1160,元大證券,2023-06-19,9800
1301,台塑,1154,69,1085,元大證券,2023-06-19,9800
1402,遠東新,1127,85,1042,元大證券,2023-06-19,9800
2303,聯電,1183,276,907,元大證券,2023-06-19,9800
2312,金寶,2642,1743,899,元大證券,2023-06-19,9800
3045,台灣大,896,30,866,元大證券,2023-06-19,9800
00892,富邦台灣半導體,1232,432,800,元大證券,2023-06-19,9800
00753L,中信中國50正2,1643,909,734,元大證券,2023-06-19,9800
00922,國泰台灣領袖50,749,16,733,元大證券,2023-06-19,9800
00888,永豐台灣ESG,1083,372,711,元大證券,2023-06-19,9800
2748,雲品,896,234,662,元大證券,2023-06-19,9800
3711,日月光投控,1510,851,659,元大證券,2023-06-19,9800
00650L,復華香港正2,2861,2208,653,元大證券,2023-06-19,9800
00929,復華台灣科技優息,2172,1546,626,元大證券,2023-06-19,9800
2449,京元電子,675,49,626,元大證券,2023-06-19,9800
00901,永豐智能車供應鏈,612,3,609,元大證券,2023-06-19,9800
3702,大聯大,661,61,600,元大證券,2023-06-19,9800
1303,南亞,632,76,556,元大證券,2023-06-19,9800
020022,元大電動車N,756,206,550,元大證券,2023-06-19,9800
00752,中信中國50,1654,1111,543,元大證券,2023-06-19,9800
00885,富邦越南,837,307,530,元大證券,2023-06-19,9800
00635U,期元大S＆P黃金,543,22,521,元大證券,2023-06-19,9800
2337,旺宏,603,104,499,元大證券,2023-06-19,9800
00713,元大台灣高息低波,1248,761,487,元大證券,2023-06-19,9800
6412,群電,483,11,472,元大證券,2023-06-19,9800
00701,國泰股利精選30,468,5,463,元大證券,2023-06-19,9800
00902,中信電池及儲能,530,86,444,元大證券,2023-06-19,9800
00773B,中信優先金融債,466,31,435,元大證券,2023-06-19,9800
2801,彰銀,34268,103,34165,元大證券,2023-06-20,9800
2886,兆豐金,23027,131,22896,元大證券,2023-06-20,9800
2303,聯電,10086,280,9806,元大證券,2023-06-20,9800
00878,國泰永續高股息,14345,4945,9400,元大證券,2023-06-20,9800
00715L,期街口布蘭特正2,15113,6134,8979,元大證券,2023-06-20,9800
0056,元大高股息,8229,966,7263,元大證券,2023-06-20,9800
2890,永豐金,7235,291,6944,元大證券,2023-06-20,9800
2891,中信金,5957,252,5705,元大證券,2023-06-20,9800
00881,國泰台灣5G+,5000,699,4301,元大證券,2023-06-20,9800
2317,鴻海,3197,294,2903,元大證券,2023-06-20,9800
00891,中信關鍵半導體,2824,349,2475,元大證券,2023-06-20,9800
00900,富邦特選高股息30,3489,1068,2421,元大證券,2023-06-20,9800
00642U,期元大S＆P石油,3093,863,2230,元大證券,2023-06-20,9800
00665L,富邦�琤肭磪囓�2,8967,6980,1987,元大證券,2023-06-20,9800
00713,元大台灣高息低波,1889,280,1609,元大證券,2023-06-20,9800
00673R,期元大S＆P原油反1,4710,3301,1409,元大證券,2023-06-20,9800
00877,復華中國5G,1701,382,1319,元大證券,2023-06-20,9800
1102,亞泥,1396,141,1255,元大證券,2023-06-20,9800
00919,群益台灣精選高息,2493,1364,1129,元大證券,2023-06-20,9800
2610,華航,3682,2565,1117,元大證券,2023-06-20,9800
020023,元大櫃買半導體N,1068,4,1064,元大證券,2023-06-20,9800
1301,台塑,1114,108,1006,元大證券,2023-06-20,9800
00664R,國泰臺灣加權反1,1712,712,1000,元大證券,2023-06-20,9800
00893,國泰智能電動車,1059,74,985,元大證券,2023-06-20,9800
1402,遠東新,1133,165,968,元大證券,2023-06-20,9800
00752,中信中國50,1050,105,945,元大證券,2023-06-20,9800
00676R,富邦臺灣加權反1,2763,1835,928,元大證券,2023-06-20,9800
3711,日月光投控,1144,227,917,元大證券,2023-06-20,9800
00896,中信綠能及電動車,996,227,769,元大證券,2023-06-20,9800
5425,台半,846,105,741,元大證券,2023-06-20,9800
2449,京元電子,719,113,606,元大證券,2023-06-20,9800
6239,力成,653,64,589,元大證券,2023-06-20,9800
00895,富邦未來車,618,30,588,元大證券,2023-06-20,9800
1303,南亞,621,53,568,元大證券,2023-06-20,9800
2356,英業達,3218,2668,550,元大證券,2023-06-20,9800
3687,歐買尬,624,101,523,元大證券,2023-06-20,9800
3044,健鼎,593,72,521,元大證券,2023-06-20,9800
2385,群光,544,40,504,元大證券,2023-06-20,9800
2368,金像電,1035,537,498,元大證券,2023-06-20,9800
00853B,統一美債10年Aa-,482,2,480,元大證券,2023-06-20,9800
00901,永豐智能車供應鏈,530,63,467,元大證券,2023-06-20,9800
00795B,中信美國公債20年,653,229,424,元大證券,2023-06-20,9800
00902,中信電池及儲能,480,58,422,元大證券,2023-06-20,9800
2606,裕民,464,49,415,元大證券,2023-06-20,9800
020022,元大電動車N,585,199,386,元大證券,2023-06-20,9800
3702,大聯大,505,125,380,元大證券,2023-06-20,9800
2637,慧洋-KY,408,45,363,元大證券,2023-06-20,9800
3189,景碩,416,70,346,元大證券,2023-06-20,9800
2809,京城銀,538,193,345,元大證券,2023-06-20,9800
00898,國泰基因免疫革命,359,22,337,元大證券,2023-06-20,9800
2886,兆豐金,23092,208,22884,元大證券,2023-06-21,9800
00632R,元大台灣50反1,30776,12840,17936,元大證券,2023-06-21,9800
00715L,期街口布蘭特正2,19129,5004,14125,元大證券,2023-06-21,9800
00680L,元大美債20正2,7624,4,7620,元大證券,2023-06-21,9800
00637L,元大滬深300正2,18507,11452,7055,元大證券,2023-06-21,9800
00688L,國泰20年美債正2,5653,1,5652,元大證券,2023-06-21,9800
0056,元大高股息,5230,11,5219,元大證券,2023-06-21,9800
2885,元大金,5167,341,4826,元大證券,2023-06-21,9800
2303,聯電,3300,682,2618,元大證券,2023-06-21,9800
00878,國泰永續高股息,6401,3789,2612,元大證券,2023-06-21,9800
2340,台亞,2785,409,2376,元大證券,2023-06-21,9800
3231,緯創,8050,5888,2162,元大證券,2023-06-21,9800
2356,英業達,4504,2369,2135,元大證券,2023-06-21,9800
00893,國泰智能電動車,2337,332,2005,元大證券,2023-06-21,9800
2353,宏��,2129,219,1910,元大證券,2023-06-21,9800
1102,亞泥,1430,94,1336,元大證券,2023-06-21,9800
3189,景碩,1342,53,1289,元大證券,2023-06-21,9800
020022,元大電動車N,1484,265,1219,元大證券,2023-06-21,9800
1101,台泥,1403,223,1180,元大證券,2023-06-21,9800
3481,群創,6494,5397,1097,元大證券,2023-06-21,9800
00642U,期元大S＆P石油,2242,1165,1077,元大證券,2023-06-21,9800
00669R,國泰美國道瓊反1,1526,499,1027,元大證券,2023-06-21,9800
2317,鴻海,1979,980,999,元大證券,2023-06-21,9800
1301,台塑,1144,216,928,元大證券,2023-06-21,9800
6282,康舒,1597,696,901,元大證券,2023-06-21,9800
020034,元大IC設計N,933,53,880,元大證券,2023-06-21,9800
00633L,富邦上証正2,1652,794,858,元大證券,2023-06-21,9800
1402,遠東新,1137,353,784,元大證券,2023-06-21,9800
3711,日月光投控,867,171,696,元大證券,2023-06-21,9800
6669,緯穎,816,121,695,元大證券,2023-06-21,9800
00900,富邦特選高股息30,3453,2760,693,元大證券,2023-06-21,9800
00773B,中信優先金融債,723,61,662,元大證券,2023-06-21,9800
00725B,國泰投資級公司債,996,338,658,元大證券,2023-06-21,9800
00896,中信綠能及電動車,1157,513,644,元大證券,2023-06-21,9800
006205,富邦上証,1454,837,617,元大證券,2023-06-21,9800
00877,復華中國5G,643,35,608,元大證券,2023-06-21,9800
2449,京元電子,747,162,585,元大證券,2023-06-21,9800
00876,元大全球5G,631,48,583,元大證券,2023-06-21,9800
6239,力成,646,67,579,元大證券,2023-06-21,9800
2352,佳世達,636,99,537,元大證券,2023-06-21,9800
2809,京城銀,592,67,525,元大證券,2023-06-21,9800
2385,群光,554,42,512,元大證券,2023-06-21,9800
00903,富邦元宇宙,413,1,412,元大證券,2023-06-21,9800
6176,瑞儀,452,42,410,元大證券,2023-06-21,9800
2606,裕民,481,81,400,元大證券,2023-06-21,9800
00795B,中信美國公債20年,396,1,395,元大證券,2023-06-21,9800
2498,宏達電,422,63,359,元大證券,2023-06-21,9800
2006,東和鋼鐵,392,37,355,元大證券,2023-06-21,9800
00772B,中信高評級公司債,496,145,351,元大證券,2023-06-21,9800
2736,富野,1840,1493,347,元大證券,2023-06-21,9800
00632R,元大台灣50反1,50361,15464,34897,元大證券,2023-06-26,9800
00673R,期元大S＆P原油反1,28083,4587,23496,元大證券,2023-06-26,9800
2890,永豐金,7633,965,6668,元大證券,2023-06-26,9800
2891,中信金,6294,25,6269,元大證券,2023-06-26,9800
2317,鴻海,5265,814,4451,元大證券,2023-06-26,9800
2618,長榮航,6548,2710,3838,元大證券,2023-06-26,9800
3231,緯創,4162,2169,1993,元大證券,2023-06-26,9800
00676R,富邦臺灣加權反1,7691,5812,1879,元大證券,2023-06-26,9800
2886,兆豐金,1891,34,1857,元大證券,2023-06-26,9800
00893,國泰智能電動車,1994,238,1756,元大證券,2023-06-26,9800
0050,元大台灣50,2722,971,1751,元大證券,2023-06-26,9800
2371,大同,2651,991,1660,元大證券,2023-06-26,9800
3711,日月光投控,1663,18,1645,元大證券,2023-06-26,9800
0056,元大高股息,1712,133,1579,元大證券,2023-06-26,9800
1102,亞泥,1524,4,1520,元大證券,2023-06-26,9800
2603,長榮,2052,769,1283,元大證券,2023-06-26,9800
00881,國泰台灣5G+,2112,946,1166,元大證券,2023-06-26,9800
00688L,國泰20年美債正2,1082,2,1080,元大證券,2023-06-26,9800
00900,富邦特選高股息30,2380,1322,1058,元大證券,2023-06-26,9800
2303,聯電,2951,1938,1013,元大證券,2023-06-26,9800
00671R,富邦NASDAQ反1,3998,3004,994,元大證券,2023-06-26,9800
2330,台積電,1060,160,900,元大證券,2023-06-26,9800
00680L,元大美債20正2,888,11,877,元大證券,2023-06-26,9800
6239,力成,816,0,816,元大證券,2023-06-26,9800
2002,中鋼,3530,2735,795,元大證券,2023-06-26,9800
6669,緯穎,805,11,794,元大證券,2023-06-26,9800
2809,京城銀,676,11,665,元大證券,2023-06-26,9800
2385,群光,612,12,600,元大證券,2023-06-26,9800
2344,華邦電,977,398,579,元大證券,2023-06-26,9800
00687B,國泰20年美債,1737,1160,577,元大證券,2023-06-26,9800
2881,富邦金,491,22,469,元大證券,2023-06-26,9800
2455,全新,465,0,465,元大證券,2023-06-26,9800
2006,東和鋼鐵,462,0,462,元大證券,2023-06-26,9800
5880,合庫金,478,20,458,元大證券,2023-06-26,9800
2892,第一金,436,8,428,元大證券,2023-06-26,9800
020022,元大電動車N,662,256,406,元大證券,2023-06-26,9800
2882,國泰金,547,146,401,元大證券,2023-06-26,9800
2801,彰銀,422,26,396,元大證券,2023-06-26,9800
6188,廣明,547,154,393,元大證券,2023-06-26,9800
00877,復華中國5G,553,167,386,元大證券,2023-06-26,9800
2308,台達電,573,218,355,元大證券,2023-06-26,9800
1216,統一,405,58,347,元大證券,2023-06-26,9800
8996,高力,355,25,330,元大證券,2023-06-26,9800
00753L,中信中國50正2,2694,2372,322,元大證券,2023-06-26,9800
00641R,富邦日本反1,326,12,314,元大證券,2023-06-26,9800
00905,FT臺灣Smart,413,108,305,元大證券,2023-06-26,9800
1303,南亞,296,15,281,元大證券,2023-06-26,9800
2867,三商壽,291,14,277,元大證券,2023-06-26,9800
00923,群益台ESG低碳50,618,349,269,元大證券,2023-06-26,9800
2027,大成鋼,303,40,263,元大證券,2023-06-26,9800
00632R,元大台灣50反1,70905,21713,49192,元大證券,2023-06-27,9800
00715L,期街口布蘭特正2,8273,1556,6717,元大證券,2023-06-27,9800
00664R,國泰臺灣加權反1,4815,1091,3724,元大證券,2023-06-27,9800
2885,元大金,3814,113,3701,元大證券,2023-06-27,9800
00673R,期元大S＆P原油反1,7666,4864,2802,元大證券,2023-06-27,9800
00671R,富邦NASDAQ反1,1921,315,1606,元大證券,2023-06-27,9800
00878,國泰永續高股息,9054,7608,1446,元大證券,2023-06-27,9800
00893,國泰智能電動車,2820,1477,1343,元大證券,2023-06-27,9800
00633L,富邦上証正2,2616,1344,1272,元大證券,2023-06-27,9800
2002,中鋼,1814,674,1140,元大證券,2023-06-27,9800
00900,富邦特選高股息30,3806,2717,1089,元大證券,2023-06-27,9800
00687B,國泰20年美債,1301,240,1061,元大證券,2023-06-27,9800
4414,如興,1045,0,1045,元大證券,2023-06-27,9800
2371,大同,1868,1017,851,元大證券,2023-06-27,9800
020022,元大電動車N,954,181,773,元大證券,2023-06-27,9800
00924,復華S＆P500成長,782,18,764,元大證券,2023-06-27,9800
2382,廣達,2236,1506,730,元大證券,2023-06-27,9800
00713,元大台灣高息低波,1262,540,722,元大證券,2023-06-27,9800
0056,元大高股息,1492,771,721,元大證券,2023-06-27,9800
00650L,復華香港正2,1367,677,690,元大證券,2023-06-27,9800
2603,長榮,1063,395,668,元大證券,2023-06-27,9800
00757,統一FANG+,726,63,663,元大證券,2023-06-27,9800
006205,富邦上証,691,44,647,元大證券,2023-06-27,9800
5880,合庫金,640,36,604,元大證券,2023-06-27,9800
00923,群益台ESG低碳50,1444,849,595,元大證券,2023-06-27,9800
1802,台玻,766,179,587,元大證券,2023-06-27,9800
00881,國泰台灣5G+,2154,1599,555,元大證券,2023-06-27,9800
00901,永豐智能車供應鏈,562,21,541,元大證券,2023-06-27,9800
00895,富邦未來車,646,109,537,元大證券,2023-06-27,9800
00903,富邦元宇宙,515,3,512,元大證券,2023-06-27,9800
00725B,國泰投資級公司債,542,56,486,元大證券,2023-06-27,9800
2449,京元電子,995,514,481,元大證券,2023-06-27,9800
2891,中信金,516,99,417,元大證券,2023-06-27,9800
00894,中信小資高價30,552,137,415,元大證券,2023-06-27,9800
00641R,富邦日本反1,787,389,398,元大證券,2023-06-27,9800
00795B,中信美國公債20年,510,113,397,元大證券,2023-06-27,9800
00648R,元大S＆P500反1,373,0,373,元大證券,2023-06-27,9800
00772B,中信高評級公司債,670,304,366,元大證券,2023-06-27,9800
3034,聯詠,406,61,345,元大證券,2023-06-27,9800
0050,元大台灣50,890,555,335,元大證券,2023-06-27,9800
2313,華通,365,33,332,元大證券,2023-06-27,9800
3044,健鼎,362,47,315,元大證券,2023-06-27,9800
2323,中環,3113,2798,315,元大證券,2023-06-27,9800
00912,中信臺灣智慧50,335,21,314,元大證券,2023-06-27,9800
2888,新光金,338,29,309,元大證券,2023-06-27,9800
2882,國泰金,301,1,300,元大證券,2023-06-27,9800
00701,國泰股利精選30,390,91,299,元大證券,2023-06-27,9800
2884,玉山金,301,2,299,元大證券,2023-06-27,9800
00922,國泰台灣領袖50,711,413,298,元大證券,2023-06-27,9800
00692,富邦公司治理,490,205,285,元大證券,2023-06-27,9800
00632R,元大台灣50反1,67809,17304,50505,元大證券,2023-06-28,9800
00673R,期元大S＆P原油反1,23094,474,22620,元大證券,2023-06-28,9800
00637L,元大滬深300正2,19727,11451,8276,元大證券,2023-06-28,9800
4414,如興,4316,0,4316,元大證券,2023-06-28,9800
00712,復華富時不動產,2998,1,2997,元大證券,2023-06-28,9800
00881,國泰台灣5G+,2587,592,1995,元大證券,2023-06-28,9800
0050,元大台灣50,2213,321,1892,元大證券,2023-06-28,9800
0056,元大高股息,1770,148,1622,元大證券,2023-06-28,9800
2885,元大金,2090,481,1609,元大證券,2023-06-28,9800
00893,國泰智能電動車,1917,391,1526,元大證券,2023-06-28,9800
00664R,國泰臺灣加權反1,1538,87,1451,元大證券,2023-06-28,9800
00633L,富邦上証正2,1997,557,1440,元大證券,2023-06-28,9800
00882,中信中國高股息,1701,417,1284,元大證券,2023-06-28,9800
2353,宏��,1642,464,1178,元大證券,2023-06-28,9800
00900,富邦特選高股息30,2947,1775,1172,元大證券,2023-06-28,9800
2845,遠東銀,1249,136,1113,元大證券,2023-06-28,9800
00650L,復華香港正2,2667,1640,1027,元大證券,2023-06-28,9800
00655L,國泰中國A50正2,1371,390,981,元大證券,2023-06-28,9800
00752,中信中國50,1522,547,975,元大證券,2023-06-28,9800
00830,國泰費城半導體,1105,140,965,元大證券,2023-06-28,9800
00892,富邦台灣半導體,858,7,851,元大證券,2023-06-28,9800
00929,復華台灣科技優息,1388,557,831,元大證券,2023-06-28,9800
2330,台積電,978,170,808,元大證券,2023-06-28,9800
2382,廣達,2720,1916,804,元大證券,2023-06-28,9800
3711,日月光投控,975,187,788,元大證券,2023-06-28,9800
00901,永豐智能車供應鏈,815,29,786,元大證券,2023-06-28,9800
00687B,國泰20年美債,2269,1547,722,元大證券,2023-06-28,9800
00878,國泰永續高股息,4242,3573,669,元大證券,2023-06-28,9800
3034,聯詠,670,19,651,元大證券,2023-06-28,9800
00891,中信關鍵半導體,1028,397,631,元大證券,2023-06-28,9800
00923,群益台ESG低碳50,957,335,622,元大證券,2023-06-28,9800
00665L,富邦�琤肭磪囓�2,8726,8110,616,元大證券,2023-06-28,9800
006208,富邦台50,864,259,605,元大證券,2023-06-28,9800
00713,元大台灣高息低波,606,15,591,元大證券,2023-06-28,9800
00653L,富邦印度正2,490,10,480,元大證券,2023-06-28,9800
00692,富邦公司治理,441,12,429,元大證券,2023-06-28,9800
2891,中信金,529,101,428,元大證券,2023-06-28,9800
020022,元大電動車N,521,93,428,元大證券,2023-06-28,9800
2356,英業達,1587,1160,427,元大證券,2023-06-28,9800
00919,群益台灣精選高息,2092,1684,408,元大證券,2023-06-28,9800
00636,國泰中國A50,422,16,406,元大證券,2023-06-28,9800
00896,中信綠能及電動車,444,38,406,元大證券,2023-06-28,9800
006205,富邦上証,706,311,395,元大證券,2023-06-28,9800
2883,凱基金,475,94,381,元大證券,2023-06-28,9800
4746,台耀,1540,1163,377,元大證券,2023-06-28,9800
2887,台新金,380,7,373,元大證券,2023-06-28,9800
3231,緯創,4532,4164,368,元大證券,2023-06-28,9800
00725B,國泰投資級公司債,1149,789,360,元大證券,2023-06-28,9800
2888,新光金,415,63,352,元大證券,2023-06-28,9800
2884,玉山金,367,27,340,元大證券,2023-06-28,9800
00715L,期街口布蘭特正2,22846,1231,21615,元大證券,2023-06-29,9800
00632R,元大台灣50反1,35107,14246,20861,元大證券,2023-06-29,9800
00680L,元大美債20正2,3853,0,3853,元大證券,2023-06-29,9800
00687B,國泰20年美債,3841,58,3783,元大證券,2023-06-29,9800
2883B,凱基金乙特,3600,0,3600,元大證券,2023-06-29,9800
00688L,國泰20年美債正2,2676,0,2676,元大證券,2023-06-29,9800
00642U,期元大S＆P石油,3038,401,2637,元大證券,2023-06-29,9800
00712,復華富時不動產,3303,792,2511,元大證券,2023-06-29,9800
00900,富邦特選高股息30,3852,1351,2501,元大證券,2023-06-29,9800
2603,長榮,4540,2769,1771,元大證券,2023-06-29,9800
3231,緯創,7205,5926,1279,元大證券,2023-06-29,9800
2324,仁寶,1950,867,1083,元大證券,2023-06-29,9800
2330,台積電,1130,110,1020,元大證券,2023-06-29,9800
2881,富邦金,1010,40,970,元大證券,2023-06-29,9800
0056,元大高股息,1032,175,857,元大證券,2023-06-29,9800
2883,凱基金,958,124,834,元大證券,2023-06-29,9800
5347,世界,822,13,809,元大證券,2023-06-29,9800
2301,光寶科,952,226,726,元大證券,2023-06-29,9800
00881,國泰台灣5G+,3250,2526,724,元大證券,2023-06-29,9800
2891,中信金,834,128,706,元大證券,2023-06-29,9800
020022,元大電動車N,800,97,703,元大證券,2023-06-29,9800
00893,國泰智能電動車,1306,619,687,元大證券,2023-06-29,9800
3481,群創,3543,2875,668,元大證券,2023-06-29,9800
1710,東聯,633,6,627,元大證券,2023-06-29,9800
2886,兆豐金,1132,506,626,元大證券,2023-06-29,9800
00676R,富邦臺灣加權反1,1609,983,626,元大證券,2023-06-29,9800
00751B,元大AAA至A公司債,704,107,597,元大證券,2023-06-29,9800
2504,國產,621,28,593,元大證券,2023-06-29,9800
00773B,中信優先金融債,592,20,572,元大證券,2023-06-29,9800
1605,華新,1431,915,516,元大證券,2023-06-29,9800
2884,玉山金,572,70,502,元大證券,2023-06-29,9800
5880,合庫金,500,6,494,元大證券,2023-06-29,9800
2344,華邦電,3573,3088,485,元大證券,2023-06-29,9800
2887,台新金,493,35,458,元大證券,2023-06-29,9800
2880,華南金,474,30,444,元大證券,2023-06-29,9800
2892,第一金,478,41,437,元大證券,2023-06-29,9800
1216,統一,457,23,434,元大證券,2023-06-29,9800
3035,智原,1472,1045,427,元大證券,2023-06-29,9800
3045,台灣大,430,5,425,元大證券,2023-06-29,9800
00896,中信綠能及電動車,1027,606,421,元大證券,2023-06-29,9800
2801,彰銀,479,62,417,元大證券,2023-06-29,9800
2317,鴻海,876,478,398,元大證券,2023-06-29,9800
2890,永豐金,522,124,398,元大證券,2023-06-29,9800
2408,南亞科,552,163,389,元大證券,2023-06-29,9800
2882,國泰金,508,138,370,元大證券,2023-06-29,9800
2615,萬海,396,40,356,元大證券,2023-06-29,9800
2455,全新,342,12,330,元大證券,2023-06-29,9800
2834,臺企銀,354,24,330,元大證券,2023-06-29,9800
6285,啟��,685,358,327,元大證券,2023-06-29,9800
00878,國泰永續高股息,7742,7446,296,元大證券,2023-06-29,9800
00632R,元大台灣50反1,48448,3671,44777,元大證券,2023-06-30,9800
00715L,期街口布蘭特正2,34442,600,33842,元大證券,2023-06-30,9800
00637L,元大滬深300正2,20253,9444,10809,元大證券,2023-06-30,9800
00642U,期元大S＆P石油,5535,2,5533,元大證券,2023-06-30,9800
00664R,國泰臺灣加權反1,3803,3,3800,元大證券,2023-06-30,9800
00882,中信中國高股息,3391,580,2811,元大證券,2023-06-30,9800
00633L,富邦上証正2,3273,804,2469,元大證券,2023-06-30,9800
2886,兆豐金,1838,70,1768,元大證券,2023-06-30,9800
3231,緯創,7825,6074,1751,元大證券,2023-06-30,9800
2609,陽明,2680,1713,967,元大證券,2023-06-30,9800
6153,嘉聯益,1207,251,956,元大證券,2023-06-30,9800
00902,中信電池及儲能,1234,341,893,元大證券,2023-06-30,9800
1605,華新,2690,1954,736,元大證券,2023-06-30,9800
0050,元大台灣50,1412,708,704,元大證券,2023-06-30,9800
2382,廣達,2166,1522,644,元大證券,2023-06-30,9800
3017,奇鋐,1328,712,616,元大證券,2023-06-30,9800
00878,國泰永續高股息,3661,3048,613,元大證券,2023-06-30,9800
0056,元大高股息,697,94,603,元大證券,2023-06-30,9800
2376,技嘉,1196,625,571,元大證券,2023-06-30,9800
00655L,國泰中國A50正2,957,391,566,元大證券,2023-06-30,9800
00877,復華中國5G,605,54,551,元大證券,2023-06-30,9800
1609,大亞,1362,838,524,元大證券,2023-06-30,9800
00753L,中信中國50正2,1807,1308,499,元大證券,2023-06-30,9800
00669R,國泰美國道瓊反1,499,4,495,元大證券,2023-06-30,9800
2323,中環,1206,742,464,元大證券,2023-06-30,9800
00830,國泰費城半導體,483,26,457,元大證券,2023-06-30,9800
3035,智原,1044,614,430,元大證券,2023-06-30,9800
6282,康舒,961,536,425,元大證券,2023-06-30,9800
020022,元大電動車N,534,112,422,元大證券,2023-06-30,9800
00928,中信上櫃ESG30,423,2,421,元大證券,2023-06-30,9800
4906,正文,777,361,416,元大證券,2023-06-30,9800
2880,華南金,427,15,412,元大證券,2023-06-30,9800
00671R,富邦NASDAQ反1,746,336,410,元大證券,2023-06-30,9800
2425,承啟,599,201,398,元大證券,2023-06-30,9800
1513,中興電,890,503,387,元大證券,2023-06-30,9800
00901,永豐智能車供應鏈,370,11,359,元大證券,2023-06-30,9800
2301,光寶科,711,374,337,元大證券,2023-06-30,9800
00893,國泰智能電動車,990,661,329,元大證券,2023-06-30,9800
00861,元大全球未來通訊,315,0,315,元大證券,2023-06-30,9800
00876,元大全球5G,317,5,312,元大證券,2023-06-30,9800
2801,彰銀,363,56,307,元大證券,2023-06-30,9800
00912,中信臺灣智慧50,476,176,300,元大證券,2023-06-30,9800
3189,景碩,324,28,296,元大證券,2023-06-30,9800
2834,臺企銀,303,10,293,元大證券,2023-06-30,9800
00895,富邦未來車,292,2,290,元大證券,2023-06-30,9800
00701,國泰股利精選30,354,67,287,元大證券,2023-06-30,9800
4979,華星光,2466,2198,268,元大證券,2023-06-30,9800
4563,百德,416,152,264,元大證券,2023-06-30,9800
2371,大同,1494,1245,249,元大證券,2023-06-30,9800
4746,台耀,521,272,249,元大證券,2023-06-30,9800
00632R,元大台灣50反1,73899,16371,57528,元大證券,2023-07-03,9800
00715L,期街口布蘭特正2,27280,1155,26125,元大證券,2023-07-03,9800
00637L,元大滬深300正2,28631,13623,15008,元大證券,2023-07-03,9800
00680L,元大美債20正2,7001,1,7000,元大證券,2023-07-03,9800
0056,元大高股息,7061,86,6975,元大證券,2023-07-03,9800
00878,國泰永續高股息,8465,1612,6853,元大證券,2023-07-03,9800
00688L,國泰20年美債正2,5618,0,5618,元大證券,2023-07-03,9800
00900,富邦特選高股息30,5589,889,4700,元大證券,2023-07-03,9800
2609,陽明,6002,2211,3791,元大證券,2023-07-03,9800
00881,國泰台灣5G+,4363,637,3726,元大證券,2023-07-03,9800
00919,群益台灣精選高息,3882,507,3375,元大證券,2023-07-03,9800
00642U,期元大S＆P石油,3291,108,3183,元大證券,2023-07-03,9800
00687B,國泰20年美債,3277,416,2861,元大證券,2023-07-03,9800
00633L,富邦上証正2,3091,725,2366,元大證券,2023-07-03,9800
00665L,富邦�琤肭磪囓�2,8785,6672,2113,元大證券,2023-07-03,9800
00772B,中信高評級公司債,1961,5,1956,元大證券,2023-07-03,9800
00929,復華台灣科技優息,1955,20,1935,元大證券,2023-07-03,9800
0050,元大台灣50,1785,42,1743,元大證券,2023-07-03,9800
00679B,元大美債20年,1865,410,1455,元大證券,2023-07-03,9800
2618,長榮航,5086,3770,1316,元大證券,2023-07-03,9800
00892,富邦台灣半導體,1279,80,1199,元大證券,2023-07-03,9800
2301,光寶科,2064,970,1094,元大證券,2023-07-03,9800
00650L,復華香港正2,2337,1247,1090,元大證券,2023-07-03,9800
00795B,中信美國公債20年,1012,5,1007,元大證券,2023-07-03,9800
00894,中信小資高價30,1000,0,1000,元大證券,2023-07-03,9800
5388,中磊,1331,381,950,元大證券,2023-07-03,9800
00901,永豐智能車供應鏈,875,1,874,元大證券,2023-07-03,9800
020022,元大電動車N,1203,334,869,元大證券,2023-07-03,9800
00713,元大台灣高息低波,844,9,835,元大證券,2023-07-03,9800
00725B,國泰投資級公司債,1212,463,749,元大證券,2023-07-03,9800
5347,世界,773,33,740,元大證券,2023-07-03,9800
00676R,富邦臺灣加權反1,1908,1170,738,元大證券,2023-07-03,9800
00907,永豐優息存股,704,0,704,元大證券,2023-07-03,9800
2330,台積電,782,98,684,元大證券,2023-07-03,9800
00773B,中信優先金融債,679,10,669,元大證券,2023-07-03,9800
00636,國泰中國A50,873,204,669,元大證券,2023-07-03,9800
020027,元大上櫃ESG成長N,727,62,665,元大證券,2023-07-03,9800
00830,國泰費城半導體,700,64,636,元大證券,2023-07-03,9800
2332,友訊,1448,902,546,元大證券,2023-07-03,9800
3481,群創,1996,1460,536,元大證券,2023-07-03,9800
00927,群益半導體收益,522,2,520,元大證券,2023-07-03,9800
00671R,富邦NASDAQ反1,677,158,519,元大證券,2023-07-03,9800
4979,華星光,1053,552,501,元大證券,2023-07-03,9800
2308,台達電,620,119,501,元大證券,2023-07-03,9800
00903,富邦元宇宙,504,4,500,元大證券,2023-07-03,9800
2317,鴻海,1970,1473,497,元大證券,2023-07-03,9800
4906,正文,1427,935,492,元大證券,2023-07-03,9800
00701,國泰股利精選30,482,0,482,元大證券,2023-07-03,9800
2324,仁寶,859,389,470,元大證券,2023-07-03,9800
3035,智原,1189,731,458,元大證券,2023-07-03,9800
00878,國泰永續高股息,12024,4210,7814,元大證券,2023-07-04,9800
00632R,元大台灣50反1,18300,12592,5708,元大證券,2023-07-04,9800
00881,國泰台灣5G+,5732,1965,3767,元大證券,2023-07-04,9800
00642U,期元大S＆P石油,3102,124,2978,元大證券,2023-07-04,9800
3231,緯創,4584,1791,2793,元大證券,2023-07-04,9800
00671R,富邦NASDAQ反1,2170,145,2025,元大證券,2023-07-04,9800
0050,元大台灣50,2339,373,1966,元大證券,2023-07-04,9800
00891,中信關鍵半導體,1855,213,1642,元大證券,2023-07-04,9800
00900,富邦特選高股息30,4603,2992,1611,元大證券,2023-07-04,9800
2609,陽明,6734,5264,1470,元大證券,2023-07-04,9800
00919,群益台灣精選高息,3304,2054,1250,元大證券,2023-07-04,9800
00902,中信電池及儲能,1322,116,1206,元大證券,2023-07-04,9800
00895,富邦未來車,1700,525,1175,元大證券,2023-07-04,9800
00901,永豐智能車供應鏈,1141,21,1120,元大證券,2023-07-04,9800
00680L,元大美債20正2,1385,266,1119,元大證券,2023-07-04,9800
2356,英業達,5031,3948,1083,元大證券,2023-07-04,9800
3481,群創,2445,1363,1082,元大證券,2023-07-04,9800
2303,聯電,1472,477,995,元大證券,2023-07-04,9800
00885,富邦越南,993,45,948,元大證券,2023-07-04,9800
3035,智原,2194,1287,907,元大證券,2023-07-04,9800
00912,中信臺灣智慧50,903,10,893,元大證券,2023-07-04,9800
00701,國泰股利精選30,966,97,869,元大證券,2023-07-04,9800
00713,元大台灣高息低波,1128,341,787,元大證券,2023-07-04,9800
006208,富邦台50,904,123,781,元大證券,2023-07-04,9800
2382,廣達,4094,3318,776,元大證券,2023-07-04,9800
00692,富邦公司治理,767,1,766,元大證券,2023-07-04,9800
00892,富邦台灣半導體,987,257,730,元大證券,2023-07-04,9800
2329,華泰,1980,1251,729,元大證券,2023-07-04,9800
00830,國泰費城半導體,716,0,716,元大證券,2023-07-04,9800
2312,金寶,1676,1001,675,元大證券,2023-07-04,9800
00896,中信綠能及電動車,730,101,629,元大證券,2023-07-04,9800
00893,國泰智能電動車,1649,1081,568,元大證券,2023-07-04,9800
00664R,國泰臺灣加權反1,1337,785,552,元大證券,2023-07-04,9800
00877,復華中國5G,552,1,551,元大證券,2023-07-04,9800
4566,時碩工業,737,197,540,元大證券,2023-07-04,9800
00688L,國泰20年美債正2,591,53,538,元大證券,2023-07-04,9800
2360,致茂,526,25,501,元大證券,2023-07-04,9800
2330,台積電,639,153,486,元大證券,2023-07-04,9800
2383,台光電,598,132,466,元大證券,2023-07-04,9800
2344,華邦電,639,191,448,元大證券,2023-07-04,9800
1605,華新,1573,1130,443,元大證券,2023-07-04,9800
2885,元大金,430,11,419,元大證券,2023-07-04,9800
2313,華通,664,254,410,元大證券,2023-07-04,9800
00894,中信小資高價30,711,309,402,元大證券,2023-07-04,9800
6282,康舒,4515,4115,400,元大證券,2023-07-04,9800
00922,國泰台灣領袖50,767,376,391,元大證券,2023-07-04,9800
2301,光寶科,2348,1965,383,元大證券,2023-07-04,9800
00898,國泰基因免疫革命,393,13,380,元大證券,2023-07-04,9800
00928,中信上櫃ESG30,374,2,372,元大證券,2023-07-04,9800
2891,中信金,384,26,358,元大證券,2023-07-04,9800
00715L,期街口布蘭特正2,23753,968,22785,元大證券,2023-07-05,9800
00642U,期元大S＆P石油,4583,68,4515,元大證券,2023-07-05,9800
5009,榮剛,4037,430,3607,元大證券,2023-07-05,9800
2356,英業達,3946,2480,1466,元大證券,2023-07-05,9800
00712,復華富時不動產,1942,491,1451,元大證券,2023-07-05,9800
00676R,富邦臺灣加權反1,1955,583,1372,元大證券,2023-07-05,9800
00891,中信關鍵半導體,1500,428,1072,元大證券,2023-07-05,9800
00919,群益台灣精選高息,2079,1105,974,元大證券,2023-07-05,9800
00687B,國泰20年美債,1113,167,946,元大證券,2023-07-05,9800
00895,富邦未來車,905,6,899,元大證券,2023-07-05,9800
2329,華泰,2442,1606,836,元大證券,2023-07-05,9800
00688L,國泰20年美債正2,728,8,720,元大證券,2023-07-05,9800
2603,長榮,4270,3679,591,元大證券,2023-07-05,9800
00857B,永豐20年美公債,607,52,555,元大證券,2023-07-05,9800
9907,統一實,607,86,521,元大證券,2023-07-05,9800
00900,富邦特選高股息30,2302,1827,475,元大證券,2023-07-05,9800
3231,緯創,6081,5644,437,元大證券,2023-07-05,9800
00772B,中信高評級公司債,388,6,382,元大證券,2023-07-05,9800
00892,富邦台灣半導體,1202,840,362,元大證券,2023-07-05,9800
00898,國泰基因免疫革命,335,2,333,元大證券,2023-07-05,9800
00885,富邦越南,484,160,324,元大證券,2023-07-05,9800
8358,金居,359,40,319,元大證券,2023-07-05,9800
5243,乙盛-KY,460,147,313,元大證券,2023-07-05,9800
00634R,富邦上証反1,346,50,296,元大證券,2023-07-05,9800
00923,群益台ESG低碳50,414,129,285,元大證券,2023-07-05,9800
2425,承啟,878,609,269,元大證券,2023-07-05,9800
2313,華通,746,479,267,元大證券,2023-07-05,9800
00901,永豐智能車供應鏈,297,49,248,元大證券,2023-07-05,9800
00680L,元大美債20正2,533,287,246,元大證券,2023-07-05,9800
00904,新光臺灣半導體30,235,6,229,元大證券,2023-07-05,9800
5457,宣德,243,15,228,元大證券,2023-07-05,9800
00926,凱基全球菁英55,200,0,200,元大證券,2023-07-05,9800
3217,優群,314,118,196,元大證券,2023-07-05,9800
2885,元大金,251,65,186,元大證券,2023-07-05,9800
2457,飛宏,1084,900,184,元大證券,2023-07-05,9800
020020,元大台股領航N,179,2,177,元大證券,2023-07-05,9800
3362,先進光,466,293,173,元大證券,2023-07-05,9800
00653L,富邦印度正2,202,42,160,元大證券,2023-07-05,9800
00921,兆豐龍頭等權重,163,9,154,元大證券,2023-07-05,9800
00894,中信小資高價30,370,222,148,元大證券,2023-07-05,9800
00915,凱基優選高股息30,150,8,142,元大證券,2023-07-05,9800
00738U,期元大道瓊白銀,198,56,142,元大證券,2023-07-05,9800
1806,冠軍,131,2,129,元大證券,2023-07-05,9800
00877,復華中國5G,209,82,127,元大證券,2023-07-05,9800
00656R,國泰中國A50反1,119,1,118,元大證券,2023-07-05,9800
6285,啟��,1365,1252,113,元大證券,2023-07-05,9800
2408,南亞科,315,206,109,元大證券,2023-07-05,9800
8112,至上,131,23,108,元大證券,2023-07-05,9800
2634,漢翔,248,140,108,元大證券,2023-07-05,9800
2393,億光,180,75,105,元大證券,2023-07-05,9800
00632R,元大台灣50反1,68733,11981,56752,元大證券,2023-07-06,9800
00715L,期街口布蘭特正2,18694,1476,17218,元大證券,2023-07-06,9800
00642U,期元大S＆P石油,8977,2,8975,元大證券,2023-07-06,9800
2885,元大金,3161,243,2918,元大證券,2023-07-06,9800
00893,國泰智能電動車,3387,620,2767,元大證券,2023-07-06,9800
00664R,國泰臺灣加權反1,3762,1080,2682,元大證券,2023-07-06,9800
00885,富邦越南,1999,384,1615,元大證券,2023-07-06,9800
3481,群創,8548,7212,1336,元大證券,2023-07-06,9800
00676R,富邦臺灣加權反1,3882,2581,1301,元大證券,2023-07-06,9800
00686R,群益臺灣加權反1,1240,0,1240,元大證券,2023-07-06,9800
00670L,富邦NASDAQ正2,1068,50,1018,元大證券,2023-07-06,9800
2312,金寶,1282,307,975,元大證券,2023-07-06,9800
0050,元大台灣50,2219,1427,792,元大證券,2023-07-06,9800
00757,統一FANG+,859,121,738,元大證券,2023-07-06,9800
2890,永豐金,944,217,727,元大證券,2023-07-06,9800
2409,友達,3274,2581,693,元大證券,2023-07-06,9800
00725B,國泰投資級公司債,969,297,672,元大證券,2023-07-06,9800
1402,遠東新,754,107,647,元大證券,2023-07-06,9800
2353,宏��,879,240,639,元大證券,2023-07-06,9800
2383,台光電,812,187,625,元大證券,2023-07-06,9800
2891,中信金,1107,489,618,元大證券,2023-07-06,9800
00641R,富邦日本反1,792,207,585,元大證券,2023-07-06,9800
2340,台亞,3118,2561,557,元大證券,2023-07-06,9800
2303,聯電,1095,562,533,元大證券,2023-07-06,9800
3034,聯詠,689,158,531,元大證券,2023-07-06,9800
1216,統一,705,184,521,元大證券,2023-07-06,9800
2330,台積電,833,336,497,元大證券,2023-07-06,9800
1102,亞泥,551,72,479,元大證券,2023-07-06,9800
2324,仁寶,685,268,417,元大證券,2023-07-06,9800
00881,國泰台灣5G+,1762,1363,399,元大證券,2023-07-06,9800
2301,光寶科,1379,983,396,元大證券,2023-07-06,9800
020022,元大電動車N,595,210,385,元大證券,2023-07-06,9800
00665L,富邦�琤肭磪囓�2,7339,6972,367,元大證券,2023-07-06,9800
2356,英業達,3284,2924,360,元大證券,2023-07-06,9800
00877,復華中國5G,381,27,354,元大證券,2023-07-06,9800
2609,陽明,4206,3857,349,元大證券,2023-07-06,9800
4938,和碩,468,122,346,元大證券,2023-07-06,9800
6190,萬泰科,363,17,346,元大證券,2023-07-06,9800
8358,金居,410,79,331,元大證券,2023-07-06,9800
2886,兆豐金,626,307,319,元大證券,2023-07-06,9800
2449,京元電子,391,85,306,元大證券,2023-07-06,9800
00852L,國泰美國道瓊正2,418,113,305,元大證券,2023-07-06,9800
1503,士電,399,99,300,元大證券,2023-07-06,9800
00712,復華富時不動產,819,539,280,元大證券,2023-07-06,9800
6285,啟��,985,706,279,元大證券,2023-07-06,9800
2887,台新金,548,271,277,元大證券,2023-07-06,9800
00653L,富邦印度正2,281,11,270,元大證券,2023-07-06,9800
00655L,國泰中國A50正2,1198,930,268,元大證券,2023-07-06,9800
4532,瑞智,1180,916,264,元大證券,2023-07-06,9800
00636,國泰中國A50,362,113,249,元大證券,2023-07-06,9800
00715L,期街口布蘭特正2,16460,2306,14154,元大證券,2023-07-07,9800
00664R,國泰臺灣加權反1,11435,3991,7444,元大證券,2023-07-07,9800
00642U,期元大S＆P石油,7648,829,6819,元大證券,2023-07-07,9800
00881,國泰台灣5G+,4646,1424,3222,元大證券,2023-07-07,9800
00637L,元大滬深300正2,14330,12646,1684,元大證券,2023-07-07,9800
00885,富邦越南,1882,461,1421,元大證券,2023-07-07,9800
2425,承啟,1804,611,1193,元大證券,2023-07-07,9800
00891,中信關鍵半導體,1273,273,1000,元大證券,2023-07-07,9800
2618,長榮航,4945,3983,962,元大證券,2023-07-07,9800
00669R,國泰美國道瓊反1,899,132,767,元大證券,2023-07-07,9800
0050,元大台灣50,1631,889,742,元大證券,2023-07-07,9800
00923,群益台ESG低碳50,1097,404,693,元大證券,2023-07-07,9800
00893,國泰智能電動車,2790,2104,686,元大證券,2023-07-07,9800
2353,宏��,711,125,586,元大證券,2023-07-07,9800
2455,全新,983,398,585,元大證券,2023-07-07,9800
00638R,元大滬深300反1,568,6,562,元大證券,2023-07-07,9800
2301,光寶科,1400,839,561,元大證券,2023-07-07,9800
2890,永豐金,977,424,553,元大證券,2023-07-07,9800
2409,友達,1463,946,517,元大證券,2023-07-07,9800
00757,統一FANG+,494,6,488,元大證券,2023-07-07,9800
2419,仲琦,1621,1143,478,元大證券,2023-07-07,9800
2885,元大金,709,263,446,元大證券,2023-07-07,9800
00686R,群益臺灣加權反1,440,0,440,元大證券,2023-07-07,9800
2324,仁寶,857,457,400,元大證券,2023-07-07,9800
00894,中信小資高價30,560,160,400,元大證券,2023-07-07,9800
4746,台耀,890,491,399,元大證券,2023-07-07,9800
6274,台燿,751,362,389,元大證券,2023-07-07,9800
1402,遠東新,525,138,387,元大證券,2023-07-07,9800
00701,國泰股利精選30,356,18,338,元大證券,2023-07-07,9800
9958,世紀鋼,1146,830,316,元大證券,2023-07-07,9800
00895,富邦未來車,623,307,316,元大證券,2023-07-07,9800
00904,新光臺灣半導體30,358,42,316,元大證券,2023-07-07,9800
00922,國泰台灣領袖50,838,533,305,元大證券,2023-07-07,9800
6282,康舒,3324,3033,291,元大證券,2023-07-07,9800
5234,達興材料,510,220,290,元大證券,2023-07-07,9800
2637,慧洋-KY,357,67,290,元大證券,2023-07-07,9800
00903,富邦元宇宙,283,4,279,元大證券,2023-07-07,9800
00924,復華S＆P500成長,333,57,276,元大證券,2023-07-07,9800
00648R,元大S＆P500反1,271,0,271,元大證券,2023-07-07,9800
1102,亞泥,359,100,259,元大證券,2023-07-07,9800
00641R,富邦日本反1,275,16,259,元大證券,2023-07-07,9800
2634,漢翔,369,118,251,元大證券,2023-07-07,9800
2303,聯電,1200,957,243,元大證券,2023-07-07,9800
00901,永豐智能車供應鏈,249,23,226,元大證券,2023-07-07,9800
4938,和碩,316,96,220,元大證券,2023-07-07,9800
4906,正文,660,442,218,元大證券,2023-07-07,9800
2542,興富發,241,30,211,元大證券,2023-07-07,9800
3706,神達,377,177,200,元大證券,2023-07-07,9800
2891,中信金,695,495,200,元大證券,2023-07-07,9800
3702,大聯大,244,53,191,元大證券,2023-07-07,9800
00632R,元大台灣50反1,36717,14253,22464,元大證券,2023-07-10,9800
00715L,期街口布蘭特正2,12961,2282,10679,元大證券,2023-07-10,9800
00642U,期元大S＆P石油,8504,834,7670,元大證券,2023-07-10,9800
00706L,期元大S＆P日圓正2,3996,449,3547,元大證券,2023-07-10,9800
1604,聲寶,3816,903,2913,元大證券,2023-07-10,9800
00669R,國泰美國道瓊反1,2308,230,2078,元大證券,2023-07-10,9800
1605,華新,2515,569,1946,元大證券,2023-07-10,9800
00671R,富邦NASDAQ反1,3780,2090,1690,元大證券,2023-07-10,9800
6285,啟��,2309,850,1459,元大證券,2023-07-10,9800
00725B,國泰投資級公司債,1233,32,1201,元大證券,2023-07-10,9800
00795B,中信美國公債20年,1638,494,1144,元大證券,2023-07-10,9800
2344,華邦電,1330,234,1096,元大證券,2023-07-10,9800
00650L,復華香港正2,2259,1197,1062,元大證券,2023-07-10,9800
3025,星通,4430,3405,1025,元大證券,2023-07-10,9800
6417,韋僑,958,163,795,元大證券,2023-07-10,9800
00752,中信中國50,814,49,765,元大證券,2023-07-10,9800
00902,中信電池及儲能,1080,365,715,元大證券,2023-07-10,9800
2301,光寶科,1800,1111,689,元大證券,2023-07-10,9800
2425,承啟,805,172,633,元大證券,2023-07-10,9800
3287,廣寰科,619,0,619,元大證券,2023-07-10,9800
00712,復華富時不動產,593,1,592,元大證券,2023-07-10,9800
00676R,富邦臺灣加權反1,2626,2064,562,元大證券,2023-07-10,9800
00633L,富邦上証正2,1402,904,498,元大證券,2023-07-10,9800
2376,技嘉,1504,1031,473,元大證券,2023-07-10,9800
00924,復華S＆P500成長,414,5,409,元大證券,2023-07-10,9800
00708L,期元大S＆P黃金正2,406,7,399,元大證券,2023-07-10,9800
020022,元大電動車N,486,90,396,元大證券,2023-07-10,9800
2353,宏��,861,474,387,元大證券,2023-07-10,9800
00733,富邦臺灣中小,386,6,380,元大證券,2023-07-10,9800
00657,國泰日經225,422,56,366,元大證券,2023-07-10,9800
2329,華泰,1265,919,346,元大證券,2023-07-10,9800
5234,達興材料,494,190,304,元大證券,2023-07-10,9800
00655L,國泰中國A50正2,879,578,301,元大證券,2023-07-10,9800
2324,仁寶,802,501,301,元大證券,2023-07-10,9800
2885,元大金,429,142,287,元大證券,2023-07-10,9800
006207,復華滬深,290,5,285,元大證券,2023-07-10,9800
2388,威盛,480,211,269,元大證券,2023-07-10,9800
6550,北極星藥業-KY,368,122,246,元大證券,2023-07-10,9800
2637,慧洋-KY,281,46,235,元大證券,2023-07-10,9800
1514,亞力,389,189,200,元大證券,2023-07-10,9800
1609,大亞,1113,917,196,元大證券,2023-07-10,9800
1402,遠東新,585,391,194,元大證券,2023-07-10,9800
3706,神達,354,169,185,元大證券,2023-07-10,9800
00920,富邦ESG綠色電力,184,1,183,元大證券,2023-07-10,9800
3293,鈊象,187,5,182,元大證券,2023-07-10,9800
00761B,國泰A級公司債,202,23,179,元大證券,2023-07-10,9800
3034,聯詠,268,95,173,元大證券,2023-07-10,9800
9910,豐泰,200,32,168,元大證券,2023-07-10,9800
2371,大同,854,692,162,元大證券,2023-07-10,9800
6116,彩晶,345,190,155,元大證券,2023-07-10,9800
00878,國泰永續高股息,17106,1897,15209,元大證券,2023-07-11,9800
00715L,期街口布蘭特正2,10990,1996,8994,元大證券,2023-07-11,9800
00706L,期元大S＆P日圓正2,7866,806,7060,元大證券,2023-07-11,9800
00637L,元大滬深300正2,15617,8615,7002,元大證券,2023-07-11,9800
00893,國泰智能電動車,5266,595,4671,元大證券,2023-07-11,9800
0056,元大高股息,4274,28,4246,元大證券,2023-07-11,9800
00753L,中信中國50正2,5960,1827,4133,元大證券,2023-07-11,9800
00671R,富邦NASDAQ反1,3418,12,3406,元大證券,2023-07-11,9800
00881,國泰台灣5G+,3199,34,3165,元大證券,2023-07-11,9800
00900,富邦特選高股息30,4675,1883,2792,元大證券,2023-07-11,9800
00876,元大全球5G,1908,10,1898,元大證券,2023-07-11,9800
00642U,期元大S＆P石油,2175,299,1876,元大證券,2023-07-11,9800
00665L,富邦�琤肭磪囓�2,6831,5057,1774,元大證券,2023-07-11,9800
00861,元大全球未來通訊,2056,475,1581,元大證券,2023-07-11,9800
00712,復華富時不動產,4441,2901,1540,元大證券,2023-07-11,9800
3481,群創,4115,2716,1399,元大證券,2023-07-11,9800
3231,緯創,7553,6169,1384,元大證券,2023-07-11,9800
0050,元大台灣50,1691,389,1302,元大證券,2023-07-11,9800
00713,元大台灣高息低波,1189,15,1174,元大證券,2023-07-11,9800
00919,群益台灣精選高息,1166,39,1127,元大證券,2023-07-11,9800
00631L,元大台灣50正2,1348,258,1090,元大證券,2023-07-11,9800
00830,國泰費城半導體,1084,0,1084,元大證券,2023-07-11,9800
2301,光寶科,2727,1657,1070,元大證券,2023-07-11,9800
00877,復華中國5G,962,0,962,元大證券,2023-07-11,9800
6139,亞翔,1105,156,949,元大證券,2023-07-11,9800
020022,元大電動車N,1023,113,910,元大證券,2023-07-11,9800
00923,群益台ESG低碳50,1016,214,802,元大證券,2023-07-11,9800
6274,台燿,1213,418,795,元大證券,2023-07-11,9800
2610,華航,2662,1878,784,元大證券,2023-07-11,9800
00896,中信綠能及電動車,822,61,761,元大證券,2023-07-11,9800
00891,中信關鍵半導體,786,97,689,元大證券,2023-07-11,9800
1519,華城,677,2,675,元大證券,2023-07-11,9800
00675L,富邦臺灣加權正2,763,96,667,元大證券,2023-07-11,9800
00701,國泰股利精選30,608,3,605,元大證券,2023-07-11,9800
2881,富邦金,646,49,597,元大證券,2023-07-11,9800
00895,富邦未來車,683,95,588,元大證券,2023-07-11,9800
2882,國泰金,579,25,554,元大證券,2023-07-11,9800
3706,神達,896,360,536,元大證券,2023-07-11,9800
00850,元大臺灣ESG永續,536,1,535,元大證券,2023-07-11,9800
00892,富邦台灣半導體,725,232,493,元大證券,2023-07-11,9800
00728,第一金工業30,486,0,486,元大證券,2023-07-11,9800
2020,美亞,475,0,475,元大證券,2023-07-11,9800
00648R,元大S＆P500反1,474,7,467,元大證券,2023-07-11,9800
00888,永豐台灣ESG,492,29,463,元大證券,2023-07-11,9800
006205,富邦上証,513,61,452,元大證券,2023-07-11,9800
2455,全新,676,230,446,元大證券,2023-07-11,9800
2481,強茂,846,403,443,元大證券,2023-07-11,9800
2383,台光電,767,344,423,元大證券,2023-07-11,9800
00641R,富邦日本反1,431,30,401,元大證券,2023-07-11,9800
00634R,富邦上証反1,407,49,358,元大證券,2023-07-11,9800
00878,國泰永續高股息,22871,4711,18160,元大證券,2023-07-12,9800
0056,元大高股息,15268,82,15186,元大證券,2023-07-12,9800
00715L,期街口布蘭特正2,12328,1673,10655,元大證券,2023-07-12,9800
00637L,元大滬深300正2,13873,6951,6922,元大證券,2023-07-12,9800
00881,國泰台灣5G+,7032,352,6680,元大證券,2023-07-12,9800
00642U,期元大S＆P石油,6163,2,6161,元大證券,2023-07-12,9800
00671R,富邦NASDAQ反1,10463,6127,4336,元大證券,2023-07-12,9800
00753L,中信中國50正2,4232,420,3812,元大證券,2023-07-12,9800
00706L,期元大S＆P日圓正2,4017,455,3562,元大證券,2023-07-12,9800
00676R,富邦臺灣加權反1,10349,7153,3196,元大證券,2023-07-12,9800
00900,富邦特選高股息30,6261,3400,2861,元大證券,2023-07-12,9800
00712,復華富時不動產,2467,807,1660,元大證券,2023-07-12,9800
3481,群創,4104,2500,1604,元大證券,2023-07-12,9800
2885,元大金,1733,298,1435,元大證券,2023-07-12,9800
00665L,富邦�琤肭磪囓�2,6638,5320,1318,元大證券,2023-07-12,9800
00919,群益台灣精選高息,2009,753,1256,元大證券,2023-07-12,9800
00713,元大台灣高息低波,1382,228,1154,元大證券,2023-07-12,9800
00895,富邦未來車,1120,1,1119,元大證券,2023-07-12,9800
2618,長榮航,4668,3635,1033,元大證券,2023-07-12,9800
00674R,期元大S＆P黃金反1,1098,99,999,元大證券,2023-07-12,9800
00896,中信綠能及電動車,1102,232,870,元大證券,2023-07-12,9800
00757,統一FANG+,817,60,757,元大證券,2023-07-12,9800
00664R,國泰臺灣加權反1,1390,640,750,元大證券,2023-07-12,9800
00901,永豐智能車供應鏈,721,35,686,元大證券,2023-07-12,9800
00687B,國泰20年美債,2828,2220,608,元大證券,2023-07-12,9800
2610,華航,2735,2129,606,元大證券,2023-07-12,9800
00923,群益台ESG低碳50,696,208,488,元大證券,2023-07-12,9800
00701,國泰股利精選30,543,64,479,元大證券,2023-07-12,9800
020027,元大上櫃ESG成長N,624,149,475,元大證券,2023-07-12,9800
3706,神達,2371,1910,461,元大證券,2023-07-12,9800
00634R,富邦上証反1,468,13,455,元大證券,2023-07-12,9800
2801,彰銀,754,317,437,元大證券,2023-07-12,9800
00633L,富邦上証正2,1198,774,424,元大證券,2023-07-12,9800
2301,光寶科,3652,3232,420,元大證券,2023-07-12,9800
00850,元大臺灣ESG永續,414,2,412,元大證券,2023-07-12,9800
5483,中美晶,622,240,382,元大證券,2023-07-12,9800
00692,富邦公司治理,842,484,358,元大證券,2023-07-12,9800
2328,廣宇,853,516,337,元大證券,2023-07-12,9800
1519,華城,356,19,337,元大證券,2023-07-12,9800
2882,國泰金,802,475,327,元大證券,2023-07-12,9800
00655L,國泰中國A50正2,499,190,309,元大證券,2023-07-12,9800
2352,佳世達,783,477,306,元大證券,2023-07-12,9800
2371,大同,1164,860,304,元大證券,2023-07-12,9800
00830,國泰費城半導體,465,171,294,元大證券,2023-07-12,9800
00898,國泰基因免疫革命,284,0,284,元大證券,2023-07-12,9800
00894,中信小資高價30,293,11,282,元大證券,2023-07-12,9800
00636,國泰中國A50,413,141,272,元大證券,2023-07-12,9800
2880,華南金,584,330,254,元大證券,2023-07-12,9800
00641R,富邦日本反1,252,10,242,元大證券,2023-07-12,9800
2486,一詮,1795,1558,237,元大證券,2023-07-12,9800
00632R,元大台灣50反1,70180,36709,33471,元大證券,2023-07-13,9800
0056,元大高股息,24633,1668,22965,元大證券,2023-07-13,9800
00637L,元大滬深300正2,29472,9747,19725,元大證券,2023-07-13,9800
00878,國泰永續高股息,18401,6128,12273,元大證券,2023-07-13,9800
00881,國泰台灣5G+,9105,2613,6492,元大證券,2023-07-13,9800
00706L,期元大S＆P日圓正2,5738,128,5610,元大證券,2023-07-13,9800
00753L,中信中國50正2,4275,404,3871,元大證券,2023-07-13,9800
00642U,期元大S＆P石油,4026,183,3843,元大證券,2023-07-13,9800
00900,富邦特選高股息30,5561,1956,3605,元大證券,2023-07-13,9800
2609,陽明,5915,2912,3003,元大證券,2023-07-13,9800
00715L,期街口布蘭特正2,8271,5737,2534,元大證券,2023-07-13,9800
00893,國泰智能電動車,4496,1988,2508,元大證券,2023-07-13,9800
00687B,國泰20年美債,4363,1891,2472,元大證券,2023-07-13,9800
3037,欣興,3994,1673,2321,元大證券,2023-07-13,9800
00665L,富邦�琤肭磪囓�2,9372,7424,1948,元大證券,2023-07-13,9800
00903,富邦元宇宙,2008,104,1904,元大證券,2023-07-13,9800
00650L,復華香港正2,3334,1471,1863,元大證券,2023-07-13,9800
00919,群益台灣精選高息,3612,1750,1862,元大證券,2023-07-13,9800
00633L,富邦上証正2,2700,926,1774,元大證券,2023-07-13,9800
3017,奇鋐,2690,1053,1637,元大證券,2023-07-13,9800
00713,元大台灣高息低波,1660,43,1617,元大證券,2023-07-13,9800
00671R,富邦NASDAQ反1,13187,11596,1591,元大證券,2023-07-13,9800
00896,中信綠能及電動車,2012,587,1425,元大證券,2023-07-13,9800
00674R,期元大S＆P黃金反1,1384,62,1322,元大證券,2023-07-13,9800
0050,元大台灣50,1745,453,1292,元大證券,2023-07-13,9800
3231,緯創,8447,7381,1066,元大證券,2023-07-13,9800
00712,復華富時不動產,3202,2194,1008,元大證券,2023-07-13,9800
2317,鴻海,1185,236,949,元大證券,2023-07-13,9800
00651R,復華香港反1,1184,255,929,元大證券,2023-07-13,9800
00641R,富邦日本反1,893,7,886,元大證券,2023-07-13,9800
3704,合勤控,2565,1680,885,元大證券,2023-07-13,9800
2329,華泰,3282,2445,837,元大證券,2023-07-13,9800
00738U,期元大道瓊白銀,813,2,811,元大證券,2023-07-13,9800
00701,國泰股利精選30,969,176,793,元大證券,2023-07-13,9800
00901,永豐智能車供應鏈,986,357,629,元大證券,2023-07-13,9800
00631L,元大台灣50正2,1623,1002,621,元大證券,2023-07-13,9800
00670L,富邦NASDAQ正2,1175,585,590,元大證券,2023-07-13,9800
1229,聯華,615,28,587,元大證券,2023-07-13,9800
00696B,富邦美債20年,968,395,573,元大證券,2023-07-13,9800
1519,華城,616,44,572,元大證券,2023-07-13,9800
00655L,國泰中國A50正2,1510,943,567,元大證券,2023-07-13,9800
00675L,富邦臺灣加權正2,932,379,553,元大證券,2023-07-13,9800
3483,力致,490,0,490,元大證券,2023-07-13,9800
00894,中信小資高價30,1023,545,478,元大證券,2023-07-13,9800
006208,富邦台50,762,288,474,元大證券,2023-07-13,9800
00830,國泰費城半導體,1052,579,473,元大證券,2023-07-13,9800
00654R,富邦印度反1,484,14,470,元大證券,2023-07-13,9800
3035,智原,1803,1363,440,元大證券,2023-07-13,9800
00708L,期元大S＆P黃金正2,625,212,413,元大證券,2023-07-13,9800
2610,華航,3419,3019,400,元大證券,2023-07-13,9800
0056,元大高股息,39719,1017,38702,元大證券,2023-07-14,9800
00878,國泰永續高股息,20184,3917,16267,元大證券,2023-07-14,9800
00900,富邦特選高股息30,8727,2711,6016,元大證券,2023-07-14,9800
00680L,元大美債20正2,8477,2568,5909,元大證券,2023-07-14,9800
00715L,期街口布蘭特正2,6291,1063,5228,元大證券,2023-07-14,9800
0050,元大台灣50,5431,503,4928,元大證券,2023-07-14,9800
00881,國泰台灣5G+,5751,998,4753,元大證券,2023-07-14,9800
00637L,元大滬深300正2,9959,6030,3929,元大證券,2023-07-14,9800
00893,國泰智能電動車,4764,980,3784,元大證券,2023-07-14,9800
00688L,國泰20年美債正2,5405,1624,3781,元大證券,2023-07-14,9800
00919,群益台灣精選高息,3379,513,2866,元大證券,2023-07-14,9800
00706L,期元大S＆P日圓正2,3323,657,2666,元大證券,2023-07-14,9800
00753L,中信中國50正2,3282,660,2622,元大證券,2023-07-14,9800
00713,元大台灣高息低波,2314,23,2291,元大證券,2023-07-14,9800
00683L,期元大美元指正2,2274,11,2263,元大證券,2023-07-14,9800
00701,國泰股利精選30,2121,19,2102,元大證券,2023-07-14,9800
00642U,期元大S＆P石油,2079,262,1817,元大證券,2023-07-14,9800
00676R,富邦臺灣加權反1,3527,1751,1776,元大證券,2023-07-14,9800
00896,中信綠能及電動車,1483,24,1459,元大證券,2023-07-14,9800
00901,永豐智能車供應鏈,1441,89,1352,元大證券,2023-07-14,9800
00891,中信關鍵半導體,1697,388,1309,元大證券,2023-07-14,9800
00692,富邦公司治理,1090,32,1058,元大證券,2023-07-14,9800
2883,凱基金,1301,297,1004,元大證券,2023-07-14,9800
00633L,富邦上証正2,2582,1676,906,元大證券,2023-07-14,9800
020027,元大上櫃ESG成長N,892,24,868,元大證券,2023-07-14,9800
00674R,期元大S＆P黃金反1,1228,380,848,元大證券,2023-07-14,9800
3035,智原,2215,1410,805,元大證券,2023-07-14,9800
00650L,復華香港正2,2031,1303,728,元大證券,2023-07-14,9800
2371,大同,2783,2071,712,元大證券,2023-07-14,9800
2884,玉山金,804,108,696,元大證券,2023-07-14,9800
2892,第一金,754,67,687,元大證券,2023-07-14,9800
00927,群益半導體收益,967,282,685,元大證券,2023-07-14,9800
3037,欣興,2176,1493,683,元大證券,2023-07-14,9800
00696B,富邦美債20年,1079,397,682,元大證券,2023-07-14,9800
3715,定穎投控,909,249,660,元大證券,2023-07-14,9800
2330,台積電,786,134,652,元大證券,2023-07-14,9800
5880,合庫金,651,19,632,元大證券,2023-07-14,9800
00904,新光臺灣半導體30,633,0,633,元大證券,2023-07-14,9800
1605,華新,874,276,598,元大證券,2023-07-14,9800
2882,國泰金,635,38,597,元大證券,2023-07-14,9800
2481,強茂,712,126,586,元大證券,2023-07-14,9800
006208,富邦台50,738,155,583,元大證券,2023-07-14,9800
5483,中美晶,793,213,580,元大證券,2023-07-14,9800
00892,富邦台灣半導體,1125,567,558,元大證券,2023-07-14,9800
2002,中鋼,513,1,512,元大證券,2023-07-14,9800
00850,元大臺灣ESG永續,548,48,500,元大證券,2023-07-14,9800
2880,華南金,521,23,498,元大證券,2023-07-14,9800
00928,中信上櫃ESG30,501,3,498,元大證券,2023-07-14,9800
2888,新光金,1078,581,497,元大證券,2023-07-14,9800
2317,鴻海,829,333,496,元大證券,2023-07-14,9800
0056,元大高股息,21508,417,21091,元大證券,2023-07-17,9800
00706L,期元大S＆P日圓正2,4166,109,4057,元大證券,2023-07-17,9800
00878,國泰永續高股息,11395,7401,3994,元大證券,2023-07-17,9800
00715L,期街口布蘭特正2,9861,6335,3526,元大證券,2023-07-17,9800
0050,元大台灣50,3675,258,3417,元大證券,2023-07-17,9800
00713,元大台灣高息低波,3116,139,2977,元大證券,2023-07-17,9800
2888,新光金,4421,1808,2613,元大證券,2023-07-17,9800
00893,國泰智能電動車,2157,179,1978,元大證券,2023-07-17,9800
00671R,富邦NASDAQ反1,2465,758,1707,元大證券,2023-07-17,9800
2303,聯電,2891,1210,1681,元大證券,2023-07-17,9800
00642U,期元大S＆P石油,1871,201,1670,元大證券,2023-07-17,9800
00676R,富邦臺灣加權反1,2765,1132,1633,元大證券,2023-07-17,9800
00680L,元大美債20正2,1973,386,1587,元大證券,2023-07-17,9800
00895,富邦未來車,1614,101,1513,元大證券,2023-07-17,9800
2890,永豐金,3933,2433,1500,元大證券,2023-07-17,9800
2882,國泰金,1657,199,1458,元大證券,2023-07-17,9800
3694,海華,1333,0,1333,元大證券,2023-07-17,9800
2609,陽明,1837,538,1299,元大證券,2023-07-17,9800
00881,國泰台灣5G+,2730,1454,1276,元大證券,2023-07-17,9800
00896,中信綠能及電動車,1291,17,1274,元大證券,2023-07-17,9800
3481,群創,2835,1654,1181,元大證券,2023-07-17,9800
00919,群益台灣精選高息,1999,951,1048,元大證券,2023-07-17,9800
00900,富邦特選高股息30,3885,2930,955,元大證券,2023-07-17,9800
00924,復華S＆P500成長,926,4,922,元大證券,2023-07-17,9800
00751B,元大AAA至A公司債,1302,390,912,元大證券,2023-07-17,9800
00701,國泰股利精選30,1103,193,910,元大證券,2023-07-17,9800
00646,元大S＆P500,1040,199,841,元大證券,2023-07-17,9800
8210,勤誠,1476,666,810,元大證券,2023-07-17,9800
00830,國泰費城半導體,822,41,781,元大證券,2023-07-17,9800
00757,統一FANG+,791,17,774,元大證券,2023-07-17,9800
00795B,中信美國公債20年,1079,311,768,元大證券,2023-07-17,9800
00688L,國泰20年美債正2,762,20,742,元大證券,2023-07-17,9800
00650L,復華香港正2,1170,441,729,元大證券,2023-07-17,9800
00772B,中信高評級公司債,1354,655,699,元大證券,2023-07-17,9800
2313,華通,1727,1106,621,元大證券,2023-07-17,9800
2481,強茂,1409,790,619,元大證券,2023-07-17,9800
1513,中興電,1702,1093,609,元大證券,2023-07-17,9800
00901,永豐智能車供應鏈,779,233,546,元大證券,2023-07-17,9800
00665L,富邦�琤肭磪囓�2,1447,905,542,元大證券,2023-07-17,9800
1519,華城,1358,819,539,元大證券,2023-07-17,9800
00877,復華中國5G,539,4,535,元大證券,2023-07-17,9800
00852L,國泰美國道瓊正2,567,54,513,元大證券,2023-07-17,9800
2884,玉山金,894,384,510,元大證券,2023-07-17,9800
2312,金寶,3933,3467,466,元大證券,2023-07-17,9800
2883,凱基金,1126,668,458,元大證券,2023-07-17,9800
6282,康舒,4321,3882,439,元大證券,2023-07-17,9800
00891,中信關鍵半導體,950,513,437,元大證券,2023-07-17,9800
00634R,富邦上証反1,629,218,411,元大證券,2023-07-17,9800
00641R,富邦日本反1,441,43,398,元大證券,2023-07-17,9800
5880,合庫金,692,296,396,元大證券,2023-07-17,9800
00878,國泰永續高股息,17893,9561,8332,元大證券,2023-07-18,9800
0056,元大高股息,13576,5454,8122,元大證券,2023-07-18,9800
00881,國泰台灣5G+,7349,677,6672,元大證券,2023-07-18,9800
00673R,期元大S＆P原油反1,7501,1003,6498,元大證券,2023-07-18,9800
4566,時碩工業,11657,8378,3279,元大證券,2023-07-18,9800
00671R,富邦NASDAQ反1,2638,117,2521,元大證券,2023-07-18,9800
00893,國泰智能電動車,2718,306,2412,元大證券,2023-07-18,9800
00642U,期元大S＆P石油,2727,380,2347,元大證券,2023-07-18,9800
2371,大同,5479,3265,2214,元大證券,2023-07-18,9800
00900,富邦特選高股息30,6787,4673,2114,元大證券,2023-07-18,9800
3037,欣興,4823,2748,2075,元大證券,2023-07-18,9800
00919,群益台灣精選高息,2843,817,2026,元大證券,2023-07-18,9800
2303,聯電,2318,514,1804,元大證券,2023-07-18,9800
6770,力積電,2147,364,1783,元大證券,2023-07-18,9800
00885,富邦越南,2070,297,1773,元大證券,2023-07-18,9800
4938,和碩,4687,2943,1744,元大證券,2023-07-18,9800
00680L,元大美債20正2,2048,475,1573,元大證券,2023-07-18,9800
00631L,元大台灣50正2,2551,1232,1319,元大證券,2023-07-18,9800
00713,元大台灣高息低波,2132,816,1316,元大證券,2023-07-18,9800
2882,國泰金,1425,271,1154,元大證券,2023-07-18,9800
00706L,期元大S＆P日圓正2,1517,666,851,元大證券,2023-07-18,9800
00930,永豐ESG低碳高息,1425,604,821,元大證券,2023-07-18,9800
00896,中信綠能及電動車,1734,919,815,元大證券,2023-07-18,9800
00712,復華富時不動產,1264,460,804,元大證券,2023-07-18,9800
00892,富邦台灣半導體,1299,529,770,元大證券,2023-07-18,9800
00830,國泰費城半導體,697,1,696,元大證券,2023-07-18,9800
00701,國泰股利精選30,719,52,667,元大證券,2023-07-18,9800
00670L,富邦NASDAQ正2,720,74,646,元大證券,2023-07-18,9800
00912,中信臺灣智慧50,685,85,600,元大證券,2023-07-18,9800
00664R,國泰臺灣加權反1,1647,1078,569,元大證券,2023-07-18,9800
00903,富邦元宇宙,666,107,559,元大證券,2023-07-18,9800
00891,中信關鍵半導體,1046,488,558,元大證券,2023-07-18,9800
00640L,富邦日本正2,906,426,480,元大證券,2023-07-18,9800
8210,勤誠,1235,783,452,元大證券,2023-07-18,9800
3189,景碩,1019,581,438,元大證券,2023-07-18,9800
3703,欣陸,458,36,422,元大證券,2023-07-18,9800
1504,東元,1045,626,419,元大證券,2023-07-18,9800
2838,聯邦銀,431,15,416,元大證券,2023-07-18,9800
2455,全新,560,163,397,元大證券,2023-07-18,9800
3071,協禧,1549,1180,369,元大證券,2023-07-18,9800
00633L,富邦上証正2,1254,886,368,元大證券,2023-07-18,9800
2353,宏��,5256,4898,358,元大證券,2023-07-18,9800
00894,中信小資高價30,420,70,350,元大證券,2023-07-18,9800
00901,永豐智能車供應鏈,502,155,347,元大證券,2023-07-18,9800
2421,建準,2674,2338,336,元大證券,2023-07-18,9800
00888,永豐台灣ESG,973,660,313,元大證券,2023-07-18,9800
6235,華孚,315,10,305,元大證券,2023-07-18,9800
00674R,期元大S＆P黃金反1,322,23,299,元大證券,2023-07-18,9800
2317,鴻海,655,373,282,元大證券,2023-07-18,9800
00648R,元大S＆P500反1,281,0,281,元大證券,2023-07-18,9800
00632R,元大台灣50反1,52760,17457,35303,元大證券,2023-07-19,9800
0056,元大高股息,26246,1264,24982,元大證券,2023-07-19,9800
00878,國泰永續高股息,14967,3093,11874,元大證券,2023-07-19,9800
00669R,國泰美國道瓊反1,4092,4,4088,元大證券,2023-07-19,9800
00676R,富邦臺灣加權反1,4042,1261,2781,元大證券,2023-07-19,9800
00706L,期元大S＆P日圓正2,2882,189,2693,元大證券,2023-07-19,9800
00708L,期元大S＆P黃金正2,3143,506,2637,元大證券,2023-07-19,9800
00687B,國泰20年美債,2433,274,2159,元大證券,2023-07-19,9800
00688L,國泰20年美債正2,2310,175,2135,元大證券,2023-07-19,9800
00772B,中信高評級公司債,1906,37,1869,元大證券,2023-07-19,9800
00720B,元大投資級公司債,1991,162,1829,元大證券,2023-07-19,9800
5009,榮剛,1859,269,1590,元大證券,2023-07-19,9800
00635U,期元大S＆P黃金,1488,75,1413,元大證券,2023-07-19,9800
00642U,期元大S＆P石油,1454,52,1402,元大證券,2023-07-19,9800
2881,富邦金,1427,119,1308,元大證券,2023-07-19,9800
00751B,元大AAA至A公司債,1518,233,1285,元大證券,2023-07-19,9800
2421,建準,4859,3632,1227,元大證券,2023-07-19,9800
006205,富邦上証,1241,120,1121,元大證券,2023-07-19,9800
00664R,國泰臺灣加權反1,2722,1632,1090,元大證券,2023-07-19,9800
00701,國泰股利精選30,1369,366,1003,元大證券,2023-07-19,9800
00893,國泰智能電動車,1232,267,965,元大證券,2023-07-19,9800
00891,中信關鍵半導體,1817,910,907,元大證券,2023-07-19,9800
00795B,中信美國公債20年,877,1,876,元大證券,2023-07-19,9800
00830,國泰費城半導體,2134,1378,756,元大證券,2023-07-19,9800
00881,國泰台灣5G+,2146,1408,738,元大證券,2023-07-19,9800
6235,華孚,3340,2651,689,元大證券,2023-07-19,9800
00679B,元大美債20年,1173,489,684,元大證券,2023-07-19,9800
00773B,中信優先金融債,637,56,581,元大證券,2023-07-19,9800
5483,中美晶,891,311,580,元大證券,2023-07-19,9800
00892,富邦台灣半導體,1506,1018,488,元大證券,2023-07-19,9800
00674R,期元大S＆P黃金反1,619,183,436,元大證券,2023-07-19,9800
00636,國泰中國A50,781,408,373,元大證券,2023-07-19,9800
3260,威剛,429,57,372,元大證券,2023-07-19,9800
3035,智原,1847,1479,368,元大證券,2023-07-19,9800
3293,鈊象,416,49,367,元大證券,2023-07-19,9800
2301,光寶科,3328,2965,363,元大證券,2023-07-19,9800
2882,國泰金,542,199,343,元大證券,2023-07-19,9800
5351,鈺創,671,357,314,元大證券,2023-07-19,9800
00671R,富邦NASDAQ反1,1434,1126,308,元大證券,2023-07-19,9800
00922,國泰台灣領袖50,330,24,306,元大證券,2023-07-19,9800
4919,新唐,607,315,292,元大證券,2023-07-19,9800
2883,凱基金,1322,1053,269,元大證券,2023-07-19,9800
00651R,復華香港反1,432,170,262,元大證券,2023-07-19,9800
8210,勤誠,964,707,257,元大證券,2023-07-19,9800
2308,台達電,436,180,256,元大證券,2023-07-19,9800
2344,華邦電,409,155,254,元大證券,2023-07-19,9800
4123,晟德,1247,1003,244,元大證券,2023-07-19,9800
2748,雲品,309,72,237,元大證券,2023-07-19,9800
2371,大同,1342,1110,232,元大證券,2023-07-19,9800
00690,兆豐藍籌30,230,0,230,元大證券,2023-07-19,9800
00632R,元大台灣50反1,34132,9695,24437,元大證券,2023-07-20,9800
00878,國泰永續高股息,14563,4318,10245,元大證券,2023-07-20,9800
0056,元大高股息,7205,836,6369,元大證券,2023-07-20,9800
00637L,元大滬深300正2,18303,12249,6054,元大證券,2023-07-20,9800
00676R,富邦臺灣加權反1,3299,170,3129,元大證券,2023-07-20,9800
00688L,國泰20年美債正2,3167,435,2732,元大證券,2023-07-20,9800
00680L,元大美債20正2,3296,1105,2191,元大證券,2023-07-20,9800
00893,國泰智能電動車,2825,659,2166,元大證券,2023-07-20,9800
2845,遠東銀,2132,23,2109,元大證券,2023-07-20,9800
00650L,復華香港正2,3877,1812,2065,元大證券,2023-07-20,9800
2002,中鋼,1857,62,1795,元大證券,2023-07-20,9800
00900,富邦特選高股息30,2082,646,1436,元大證券,2023-07-20,9800
00753L,中信中國50正2,2352,1040,1312,元大證券,2023-07-20,9800
00664R,國泰臺灣加權反1,2084,956,1128,元大證券,2023-07-20,9800
6278,台表科,1231,130,1101,元大證券,2023-07-20,9800
00687B,國泰20年美債,4042,3030,1012,元大證券,2023-07-20,9800
5009,榮剛,1524,591,933,元大證券,2023-07-20,9800
2886,兆豐金,1074,172,902,元大證券,2023-07-20,9800
5483,中美晶,882,119,763,元大證券,2023-07-20,9800
00751B,元大AAA至A公司債,1216,457,759,元大證券,2023-07-20,9800
00712,復華富時不動產,3451,2782,669,元大證券,2023-07-20,9800
00922,國泰台灣領袖50,812,146,666,元大證券,2023-07-20,9800
00876,元大全球5G,610,8,602,元大證券,2023-07-20,9800
00882,中信中國高股息,3392,2845,547,元大證券,2023-07-20,9800
2913,農林,537,36,501,元大證券,2023-07-20,9800
00708L,期元大S＆P黃金正2,503,20,483,元大證券,2023-07-20,9800
2317,鴻海,696,222,474,元大證券,2023-07-20,9800
00903,富邦元宇宙,468,4,464,元大證券,2023-07-20,9800
00701,國泰股利精選30,455,4,451,元大證券,2023-07-20,9800
00640L,富邦日本正2,555,133,422,元大證券,2023-07-20,9800
00686R,群益臺灣加權反1,417,0,417,元大證券,2023-07-20,9800
00633L,富邦上証正2,2076,1659,417,元大證券,2023-07-20,9800
2882,國泰金,500,92,408,元大證券,2023-07-20,9800
00642U,期元大S＆P石油,634,231,403,元大證券,2023-07-20,9800
00923,群益台ESG低碳50,1280,895,385,元大證券,2023-07-20,9800
3035,智原,1400,1018,382,元大證券,2023-07-20,9800
8926,台汽電,386,46,340,元大證券,2023-07-20,9800
00645,富邦日本,658,334,324,元大證券,2023-07-20,9800
8210,勤誠,903,586,317,元大證券,2023-07-20,9800
1529,樂事綠能,1044,728,316,元大證券,2023-07-20,9800
3017,奇鋐,904,592,312,元大證券,2023-07-20,9800
2330,台積電,337,29,308,元大證券,2023-07-20,9800
00696B,富邦美債20年,770,476,294,元大證券,2023-07-20,9800
2027,大成鋼,814,526,288,元大證券,2023-07-20,9800
00885,富邦越南,433,147,286,元大證券,2023-07-20,9800
1210,大成,553,268,285,元大證券,2023-07-20,9800
00636,國泰中國A50,604,321,283,元大證券,2023-07-20,9800
2881,富邦金,359,83,276,元大證券,2023-07-20,9800
00896,中信綠能及電動車,603,333,270,元大證券,2023-07-20,9800
2383,台光電,671,422,249,元大證券,2023-07-20,9800
00632R,元大台灣50反1,73195,16045,57150,元大證券,2023-07-21,9800
0056,元大高股息,24469,688,23781,元大證券,2023-07-21,9800
00878,國泰永續高股息,21503,11909,9594,元大證券,2023-07-21,9800
2002,中鋼,3992,163,3829,元大證券,2023-07-21,9800
2890,永豐金,5477,1808,3669,元大證券,2023-07-21,9800
00664R,國泰臺灣加權反1,4059,1500,2559,元大證券,2023-07-21,9800
00900,富邦特選高股息30,3971,1781,2190,元大證券,2023-07-21,9800
2884,玉山金,2221,135,2086,元大證券,2023-07-21,9800
2301,光寶科,5720,3894,1826,元大證券,2023-07-21,9800
00642U,期元大S＆P石油,1818,8,1810,元大證券,2023-07-21,9800
00669R,國泰美國道瓊反1,1615,1,1614,元大證券,2023-07-21,9800
2409,友達,3237,1688,1549,元大證券,2023-07-21,9800
3231,緯創,2309,987,1322,元大證券,2023-07-21,9800
00706L,期元大S＆P日圓正2,1916,673,1243,元大證券,2023-07-21,9800
00665L,富邦�琤肭磪囓�2,8105,6918,1187,元大證券,2023-07-21,9800
00676R,富邦臺灣加權反1,2024,987,1037,元大證券,2023-07-21,9800
00893,國泰智能電動車,2362,1359,1003,元大證券,2023-07-21,9800
5483,中美晶,903,89,814,元大證券,2023-07-21,9800
00688L,國泰20年美債正2,1921,1145,776,元大證券,2023-07-21,9800
00701,國泰股利精選30,743,123,620,元大證券,2023-07-21,9800
1605,華新,965,347,618,元大證券,2023-07-21,9800
00902,中信電池及儲能,964,396,568,元大證券,2023-07-21,9800
2412,中華電,580,48,532,元大證券,2023-07-21,9800
00795B,中信美國公債20年,601,72,529,元大證券,2023-07-21,9800
2883,凱基金,1125,625,500,元大證券,2023-07-21,9800
5009,榮剛,832,335,497,元大證券,2023-07-21,9800
5880,合庫金,543,60,483,元大證券,2023-07-21,9800
2882,國泰金,673,197,476,元大證券,2023-07-21,9800
2455,全新,751,284,467,元大證券,2023-07-21,9800
00650L,復華香港正2,1933,1485,448,元大證券,2023-07-21,9800
2421,建準,4740,4295,445,元大證券,2023-07-21,9800
2897,王道銀行,516,89,427,元大證券,2023-07-21,9800
00885,富邦越南,540,150,390,元大證券,2023-07-21,9800
020022,元大電動車N,581,192,389,元大證券,2023-07-21,9800
2610,華航,3643,3261,382,元大證券,2023-07-21,9800
00683L,期元大美元指正2,455,78,377,元大證券,2023-07-21,9800
3035,智原,2627,2264,363,元大證券,2023-07-21,9800
00773B,中信優先金融債,391,34,357,元大證券,2023-07-21,9800
2801,彰銀,463,106,357,元大證券,2023-07-21,9800
6188,廣明,1654,1310,344,元大證券,2023-07-21,9800
00876,元大全球5G,909,566,343,元大證券,2023-07-21,9800
2891,中信金,2194,1874,320,元大證券,2023-07-21,9800
00925,新光標普電動車,276,0,276,元大證券,2023-07-21,9800
1326,台化,437,167,270,元大證券,2023-07-21,9800
00708L,期元大S＆P黃金正2,307,39,268,元大證券,2023-07-21,9800
3017,奇鋐,1298,1047,251,元大證券,2023-07-21,9800
00640L,富邦日本正2,330,81,249,元大證券,2023-07-21,9800
2880,華南金,284,39,245,元大證券,2023-07-21,9800
3105,穩懋,395,162,233,元大證券,2023-07-21,9800
00645,富邦日本,361,131,230,元大證券,2023-07-21,9800
0056,元大高股息,86307,709,85598,元大證券,2023-07-24,9800
00878,國泰永續高股息,32561,10279,22282,元大證券,2023-07-24,9800
00632R,元大台灣50反1,20576,6560,14016,元大證券,2023-07-24,9800
00881,國泰台灣5G+,4815,637,4178,元大證券,2023-07-24,9800
00669R,國泰美國道瓊反1,3323,58,3265,元大證券,2023-07-24,9800
00642U,期元大S＆P石油,2954,28,2926,元大證券,2023-07-24,9800
00715L,期街口布蘭特正2,7818,5993,1825,元大證券,2023-07-24,9800
00701,國泰股利精選30,1683,3,1680,元大證券,2023-07-24,9800
00900,富邦特選高股息30,2186,692,1494,元大證券,2023-07-24,9800
00919,群益台灣精選高息,3506,2084,1422,元大證券,2023-07-24,9800
00929,復華台灣科技優息,3599,2386,1213,元大證券,2023-07-24,9800
9910,豐泰,1318,155,1163,元大證券,2023-07-24,9800
00713,元大台灣高息低波,1532,386,1146,元大證券,2023-07-24,9800
5009,榮剛,1430,387,1043,元大證券,2023-07-24,9800
00893,國泰智能電動車,1845,1003,842,元大證券,2023-07-24,9800
00896,中信綠能及電動車,1574,817,757,元大證券,2023-07-24,9800
00885,富邦越南,1429,737,692,元大證券,2023-07-24,9800
2913,農林,900,233,667,元大證券,2023-07-24,9800
2301,光寶科,5476,4841,635,元大證券,2023-07-24,9800
3037,欣興,2389,1799,590,元大證券,2023-07-24,9800
1905,華紙,2293,1720,573,元大證券,2023-07-24,9800
00671R,富邦NASDAQ反1,2151,1610,541,元大證券,2023-07-24,9800
020022,元大電動車N,676,147,529,元大證券,2023-07-24,9800
2454,聯發科,726,231,495,元大證券,2023-07-24,9800
6274,台燿,3004,2514,490,元大證券,2023-07-24,9800
2002,中鋼,468,0,468,元大證券,2023-07-24,9800
020020,元大台股領航N,491,25,466,元大證券,2023-07-24,9800
00696B,富邦美債20年,471,5,466,元大證券,2023-07-24,9800
00683L,期元大美元指正2,418,0,418,元大證券,2023-07-24,9800
00631L,元大台灣50正2,946,540,406,元大證券,2023-07-24,9800
9958,世紀鋼,820,446,374,元大證券,2023-07-24,9800
9921,巨大,368,13,355,元大證券,2023-07-24,9800
8050,廣積,807,474,333,元大證券,2023-07-24,9800
00876,元大全球5G,315,13,302,元大證券,2023-07-24,9800
4768,晶呈科技,452,151,301,元大證券,2023-07-24,9800
6770,力積電,600,319,281,元大證券,2023-07-24,9800
5483,中美晶,372,102,270,元大證券,2023-07-24,9800
2884,玉山金,313,67,246,元大證券,2023-07-24,9800
2014,中鴻,398,153,245,元大證券,2023-07-24,9800
2308,台達電,297,57,240,元大證券,2023-07-24,9800
2421,建準,2315,2086,229,元大證券,2023-07-24,9800
2371,大同,535,312,223,元大證券,2023-07-24,9800
2360,致茂,245,22,223,元大證券,2023-07-24,9800
00752,中信中國50,440,218,222,元大證券,2023-07-24,9800
1609,大亞,1152,947,205,元大證券,2023-07-24,9800
5706,鳳凰,267,67,200,元大證券,2023-07-24,9800
00921,兆豐龍頭等權重,266,82,184,元大證券,2023-07-24,9800
6282,康舒,1097,918,179,元大證券,2023-07-24,9800
9919,康那香,295,116,179,元大證券,2023-07-24,9800
00857B,永豐20年美公債,227,51,176,元大證券,2023-07-24,9800
00637L,元大滬深300正2,60195,13092,47103,元大證券,2023-07-25,9800
0056,元大高股息,46430,16564,29866,元大證券,2023-07-25,9800
00881,國泰台灣5G+,8805,91,8714,元大證券,2023-07-25,9800
00665L,富邦�琤肭磪囓�2,12873,7857,5016,元大證券,2023-07-25,9800
00633L,富邦上証正2,6000,1317,4683,元大證券,2023-07-25,9800
00671R,富邦NASDAQ反1,4488,322,4166,元大證券,2023-07-25,9800
00642U,期元大S＆P石油,3428,200,3228,元大證券,2023-07-25,9800
00715L,期街口布蘭特正2,4326,1176,3150,元大證券,2023-07-25,9800
00753L,中信中國50正2,4732,2059,2673,元大證券,2023-07-25,9800
6770,力積電,2883,398,2485,元大證券,2023-07-25,9800
6005,群益證,2559,130,2429,元大證券,2023-07-25,9800
00632R,元大台灣50反1,26551,24321,2230,元大證券,2023-07-25,9800
00664R,國泰臺灣加權反1,3285,1069,2216,元大證券,2023-07-25,9800
020020,元大台股領航N,2191,78,2113,元大證券,2023-07-25,9800
2888,新光金,2180,302,1878,元大證券,2023-07-25,9800
00655L,國泰中國A50正2,2991,1336,1655,元大證券,2023-07-25,9800
00901,永豐智能車供應鏈,1668,35,1633,元大證券,2023-07-25,9800
00701,國泰股利精選30,1643,17,1626,元大證券,2023-07-25,9800
00650L,復華香港正2,4203,2654,1549,元大證券,2023-07-25,9800
00687B,國泰20年美債,1845,412,1433,元大證券,2023-07-25,9800
00636,國泰中國A50,1676,280,1396,元大證券,2023-07-25,9800
6188,廣明,3176,1832,1344,元大證券,2023-07-25,9800
9904,寶成,1173,35,1138,元大證券,2023-07-25,9800
00896,中信綠能及電動車,1105,63,1042,元大證券,2023-07-25,9800
00752,中信中國50,1151,217,934,元大證券,2023-07-25,9800
8112,至上,914,62,852,元大證券,2023-07-25,9800
00905,FT臺灣Smart,856,4,852,元大證券,2023-07-25,9800
1216,統一,929,91,838,元大證券,2023-07-25,9800
006205,富邦上証,957,149,808,元大證券,2023-07-25,9800
9910,豐泰,908,165,743,元大證券,2023-07-25,9800
2002,中鋼,1047,306,741,元大證券,2023-07-25,9800
00713,元大台灣高息低波,903,184,719,元大證券,2023-07-25,9800
00878,國泰永續高股息,15884,15221,663,元大證券,2023-07-25,9800
00773B,中信優先金融債,714,66,648,元大證券,2023-07-25,9800
00892,富邦台灣半導體,1021,383,638,元大證券,2023-07-25,9800
00891,中信關鍵半導體,878,250,628,元大證券,2023-07-25,9800
00902,中信電池及儲能,845,229,616,元大證券,2023-07-25,9800
00903,富邦元宇宙,757,166,591,元大證券,2023-07-25,9800
00888,永豐台灣ESG,797,212,585,元大證券,2023-07-25,9800
1101,台泥,1144,560,584,元大證券,2023-07-25,9800
00795B,中信美國公債20年,868,288,580,元大證券,2023-07-25,9800
00919,群益台灣精選高息,1943,1389,554,元大證券,2023-07-25,9800
00728,第一金工業30,539,2,537,元大證券,2023-07-25,9800
0061,元大寶滬深,600,87,513,元大證券,2023-07-25,9800
3056,富華新,527,22,505,元大證券,2023-07-25,9800
00922,國泰台灣領袖50,432,10,422,元大證券,2023-07-25,9800
2887,台新金,1054,660,394,元大證券,2023-07-25,9800
1815,富喬,608,245,363,元大證券,2023-07-25,9800
00877,復華中國5G,463,139,324,元大證券,2023-07-25,9800
00927,群益半導體收益,641,325,316,元大證券,2023-07-25,9800
0056,元大高股息,21374,1111,20263,元大證券,2023-07-26,9800
00878,國泰永續高股息,10692,6101,4591,元大證券,2023-07-26,9800
00637L,元大滬深300正2,9677,6860,2817,元大證券,2023-07-26,9800
00680L,元大美債20正2,6974,4282,2692,元大證券,2023-07-26,9800
2888,新光金,4305,2124,2181,元大證券,2023-07-26,9800
00676R,富邦臺灣加權反1,2597,628,1969,元大證券,2023-07-26,9800
2882,國泰金,1993,189,1804,元大證券,2023-07-26,9800
00753L,中信中國50正2,3392,1750,1642,元大證券,2023-07-26,9800
00893,國泰智能電動車,1695,216,1479,元大證券,2023-07-26,9800
2883,凱基金,2903,1427,1476,元大證券,2023-07-26,9800
00642U,期元大S＆P石油,1492,91,1401,元大證券,2023-07-26,9800
5880,合庫金,1480,134,1346,元大證券,2023-07-26,9800
00902,中信電池及儲能,5314,4044,1270,元大證券,2023-07-26,9800
6282,康舒,3690,2438,1252,元大證券,2023-07-26,9800
00882,中信中國高股息,3081,1832,1249,元大證券,2023-07-26,9800
3481,群創,4450,3526,924,元大證券,2023-07-26,9800
00903,富邦元宇宙,927,54,873,元大證券,2023-07-26,9800
00830,國泰費城半導體,1173,370,803,元大證券,2023-07-26,9800
00686R,群益臺灣加權反1,800,0,800,元大證券,2023-07-26,9800
2301,光寶科,5764,5066,698,元大證券,2023-07-26,9800
00752,中信中國50,881,246,635,元大證券,2023-07-26,9800
00655L,國泰中國A50正2,901,346,555,元大證券,2023-07-26,9800
3056,富華新,581,34,547,元大證券,2023-07-26,9800
00895,富邦未來車,882,390,492,元大證券,2023-07-26,9800
1605,華新,729,291,438,元大證券,2023-07-26,9800
00715L,期街口布蘭特正2,1808,1393,415,元大證券,2023-07-26,9800
00669R,國泰美國道瓊反1,391,6,385,元大證券,2023-07-26,9800
2453,凌群,812,435,377,元大證券,2023-07-26,9800
3231,緯創,980,620,360,元大證券,2023-07-26,9800
3306,鼎天,671,371,300,元大證券,2023-07-26,9800
2748,雲品,360,79,281,元大證券,2023-07-26,9800
2449,京元電子,768,494,274,元大證券,2023-07-26,9800
00645,富邦日本,510,237,273,元大證券,2023-07-26,9800
00740B,富邦全球投等債,528,262,266,元大證券,2023-07-26,9800
2409,友達,2494,2228,266,元大證券,2023-07-26,9800
6271,同欣電,542,281,261,元大證券,2023-07-26,9800
2330,台積電,310,55,255,元大證券,2023-07-26,9800
00701,國泰股利精選30,251,20,231,元大證券,2023-07-26,9800
00713,元大台灣高息低波,542,326,216,元大證券,2023-07-26,9800
2377,微星,760,551,209,元大證券,2023-07-26,9800
8112,至上,270,70,200,元大證券,2023-07-26,9800
00651R,復華香港反1,407,211,196,元大證券,2023-07-26,9800
00912,中信臺灣智慧50,268,75,193,元大證券,2023-07-26,9800
2464,盟立,268,77,191,元大證券,2023-07-26,9800
00907,永豐優息存股,425,252,173,元大證券,2023-07-26,9800
2425,承啟,1303,1134,169,元大證券,2023-07-26,9800
00708L,期元大S＆P黃金正2,236,69,167,元大證券,2023-07-26,9800
00671R,富邦NASDAQ反1,1038,874,164,元大證券,2023-07-26,9800
2609,陽明,777,614,163,元大證券,2023-07-26,9800
00851,台新全球AI,151,0,151,元大證券,2023-07-26,9800
0056,元大高股息,8017,286,7731,元大證券,2023-07-27,9800
00753L,中信中國50正2,5091,1348,3743,元大證券,2023-07-27,9800
2027,大成鋼,3373,566,2807,元大證券,2023-07-27,9800
6282,康舒,5159,2375,2784,元大證券,2023-07-27,9800
00881,國泰台灣5G+,4465,1800,2665,元大證券,2023-07-27,9800
00715L,期街口布蘭特正2,4163,1601,2562,元大證券,2023-07-27,9800
00637L,元大滬深300正2,13792,11238,2554,元大證券,2023-07-27,9800
2888,新光金,6458,4187,2271,元大證券,2023-07-27,9800
2618,長榮航,4230,2084,2146,元大證券,2023-07-27,9800
00878,國泰永續高股息,8613,6684,1929,元大證券,2023-07-27,9800
3481,群創,11973,10096,1877,元大證券,2023-07-27,9800
00891,中信關鍵半導體,2191,410,1781,元大證券,2023-07-27,9800
00896,中信綠能及電動車,2218,622,1596,元大證券,2023-07-27,9800
00642U,期元大S＆P石油,1712,264,1448,元大證券,2023-07-27,9800
2303,聯電,2996,1584,1412,元大證券,2023-07-27,9800
00636,國泰中國A50,1466,60,1406,元大證券,2023-07-27,9800
00885,富邦越南,1560,226,1334,元大證券,2023-07-27,9800
00665L,富邦�琤肭磪囓�2,12451,11120,1331,元大證券,2023-07-27,9800
00752,中信中國50,1832,590,1242,元大證券,2023-07-27,9800
3056,富華新,1537,318,1219,元大證券,2023-07-27,9800
00701,國泰股利精選30,1064,16,1048,元大證券,2023-07-27,9800
00929,復華台灣科技優息,3326,2328,998,元大證券,2023-07-27,9800
2882,國泰金,1731,790,941,元大證券,2023-07-27,9800
00882,中信中國高股息,2934,2051,883,元大證券,2023-07-27,9800
00900,富邦特選高股息30,3434,2566,868,元大證券,2023-07-27,9800
00671R,富邦NASDAQ反1,1759,897,862,元大證券,2023-07-27,9800
00888,永豐台灣ESG,1110,298,812,元大證券,2023-07-27,9800
00893,國泰智能電動車,2112,1313,799,元大證券,2023-07-27,9800
2344,華邦電,1478,693,785,元大證券,2023-07-27,9800
2610,華航,1891,1179,712,元大證券,2023-07-27,9800
00631L,元大台灣50正2,1163,536,627,元大證券,2023-07-27,9800
1102,亞泥,1014,397,617,元大證券,2023-07-27,9800
2913,農林,1492,936,556,元大證券,2023-07-27,9800
00918,大華優利高填息30,654,109,545,元大證券,2023-07-27,9800
6274,台燿,2483,1948,535,元大證券,2023-07-27,9800
00903,富邦元宇宙,536,1,535,元大證券,2023-07-27,9800
00648R,元大S＆P500反1,762,228,534,元大證券,2023-07-27,9800
00924,復華S＆P500成長,559,47,512,元大證券,2023-07-27,9800
00907,永豐優息存股,516,14,502,元大證券,2023-07-27,9800
00683L,期元大美元指正2,603,151,452,元大證券,2023-07-27,9800
1609,大亞,527,93,434,元大證券,2023-07-27,9800
1802,台玻,722,317,405,元大證券,2023-07-27,9800
8358,金居,2142,1744,398,元大證券,2023-07-27,9800
5009,榮剛,586,195,391,元大證券,2023-07-27,9800
00901,永豐智能車供應鏈,397,28,369,元大證券,2023-07-27,9800
00927,群益半導體收益,826,465,361,元大證券,2023-07-27,9800
2323,中環,854,493,361,元大證券,2023-07-27,9800
6203,海韻電,691,333,358,元大證券,2023-07-27,9800
2421,建準,2213,1868,345,元大證券,2023-07-27,9800
006208,富邦台50,553,210,343,元大證券,2023-07-27,9800
0056,元大高股息,43972,678,43294,元大證券,2023-07-28,9800
00637L,元大滬深300正2,40297,15453,24844,元大證券,2023-07-28,9800
00878,國泰永續高股息,29995,11407,18588,元大證券,2023-07-28,9800
00633L,富邦上証正2,6669,901,5768,元大證券,2023-07-28,9800
00715L,期街口布蘭特正2,9256,4258,4998,元大證券,2023-07-28,9800
00665L,富邦�琤肭磪囓�2,14641,9769,4872,元大證券,2023-07-28,9800
00882,中信中國高股息,4886,1712,3174,元大證券,2023-07-28,9800
00753L,中信中國50正2,4517,1510,3007,元大證券,2023-07-28,9800
00646,元大S＆P500,3490,557,2933,元大證券,2023-07-28,9800
00881,國泰台灣5G+,6029,3212,2817,元大證券,2023-07-28,9800
00830,國泰費城半導體,5336,2899,2437,元大證券,2023-07-28,9800
2301,光寶科,7110,4966,2144,元大證券,2023-07-28,9800
00650L,復華香港正2,5110,2986,2124,元大證券,2023-07-28,9800
00655L,國泰中國A50正2,3105,1241,1864,元大證券,2023-07-28,9800
6274,台燿,5393,3618,1775,元大證券,2023-07-28,9800
00662,富邦NASDAQ,1863,99,1764,元大證券,2023-07-28,9800
00891,中信關鍵半導體,1920,341,1579,元大證券,2023-07-28,9800
00752,中信中國50,1945,374,1571,元大證券,2023-07-28,9800
00900,富邦特選高股息30,3785,2233,1552,元大證券,2023-07-28,9800
00642U,期元大S＆P石油,1648,123,1525,元大證券,2023-07-28,9800
00706L,期元大S＆P日圓正2,5321,3914,1407,元大證券,2023-07-28,9800
1504,東元,2353,964,1389,元大證券,2023-07-28,9800
00901,永豐智能車供應鏈,1396,22,1374,元大證券,2023-07-28,9800
00648R,元大S＆P500反1,1546,189,1357,元大證券,2023-07-28,9800
2883,凱基金,1412,319,1093,元大證券,2023-07-28,9800
00669R,國泰美國道瓊反1,1290,252,1038,元大證券,2023-07-28,9800
00676R,富邦臺灣加權反1,3232,2199,1033,元大證券,2023-07-28,9800
020022,元大電動車N,1134,203,931,元大證券,2023-07-28,9800
3044,健鼎,2008,1158,850,元大證券,2023-07-28,9800
00928,中信上櫃ESG30,802,0,802,元大證券,2023-07-28,9800
4904,遠傳,805,4,801,元大證券,2023-07-28,9800
006205,富邦上証,940,161,779,元大證券,2023-07-28,9800
00713,元大台灣高息低波,970,248,722,元大證券,2023-07-28,9800
2609,陽明,1581,863,718,元大證券,2023-07-28,9800
2888,新光金,3314,2699,615,元大證券,2023-07-28,9800
00915,凱基優選高股息30,532,7,525,元大證券,2023-07-28,9800
00645,富邦日本,1485,961,524,元大證券,2023-07-28,9800
00892,富邦台灣半導體,766,247,519,元大證券,2023-07-28,9800
5880,合庫金,538,33,505,元大證券,2023-07-28,9800
2408,南亞科,1009,505,504,元大證券,2023-07-28,9800
00764B,群益25年美債,2272,1772,500,元大證券,2023-07-28,9800
00740B,富邦全球投等債,1224,740,484,元大證券,2023-07-28,9800
2347,聯強,1014,544,470,元大證券,2023-07-28,9800
00853B,統一美債10年Aa-,993,532,461,元大證券,2023-07-28,9800
1802,台玻,1309,851,458,元大證券,2023-07-28,9800
006206,元大上證50,454,5,449,元大證券,2023-07-28,9800
2455,全新,840,394,446,元大證券,2023-07-28,9800
2376,技嘉,1763,1326,437,元大證券,2023-07-28,9800
00894,中信小資高價30,565,135,430,元大證券,2023-07-28,9800
00692,富邦公司治理,631,214,417,元大證券,2023-07-28,9800
00632R,元大台灣50反1,79401,24420,54981,元大證券,2023-07-31,9800
0056,元大高股息,21452,1875,19577,元大證券,2023-07-31,9800
00882,中信中國高股息,8321,2955,5366,元大證券,2023-07-31,9800
00664R,國泰臺灣加權反1,6370,1736,4634,元大證券,2023-07-31,9800
00753L,中信中國50正2,6970,2519,4451,元大證券,2023-07-31,9800
00676R,富邦臺灣加權反1,5636,2532,3104,元大證券,2023-07-31,9800
00650L,復華香港正2,5281,3328,1953,元大證券,2023-07-31,9800
2324,仁寶,3233,1476,1757,元大證券,2023-07-31,9800
00902,中信電池及儲能,1759,247,1512,元大證券,2023-07-31,9800
00640L,富邦日本正2,1342,30,1312,元大證券,2023-07-31,9800
00757,統一FANG+,1566,288,1278,元大證券,2023-07-31,9800
2313,華通,1433,162,1271,元大證券,2023-07-31,9800
00893,國泰智能電動車,2935,1739,1196,元大證券,2023-07-31,9800
00712,復華富時不動產,1676,518,1158,元大證券,2023-07-31,9800
2353,宏��,3156,2010,1146,元大證券,2023-07-31,9800
2618,長榮航,2840,1727,1113,元大證券,2023-07-31,9800
00663L,國泰臺灣加權正2,1099,0,1099,元大證券,2023-07-31,9800
00670L,富邦NASDAQ正2,1301,243,1058,元大證券,2023-07-31,9800
2882,國泰金,820,25,795,元大證券,2023-07-31,9800
00665L,富邦�琤肭磪囓�2,10458,9667,791,元大證券,2023-07-31,9800
6282,康舒,7712,6925,787,元大證券,2023-07-31,9800
00642U,期元大S＆P石油,1213,446,767,元大證券,2023-07-31,9800
00881,國泰台灣5G+,5870,5158,712,元大證券,2023-07-31,9800
3596,智易,1151,443,708,元大證券,2023-07-31,9800
00674R,期元大S＆P黃金反1,990,315,675,元大證券,2023-07-31,9800
3044,健鼎,2375,1713,662,元大證券,2023-07-31,9800
00733,富邦臺灣中小,741,83,658,元大證券,2023-07-31,9800
5880,合庫金,683,26,657,元大證券,2023-07-31,9800
00713,元大台灣高息低波,1420,805,615,元大證券,2023-07-31,9800
00877,復華中國5G,659,50,609,元大證券,2023-07-31,9800
2884,玉山金,816,223,593,元大證券,2023-07-31,9800
2449,京元電子,1344,784,560,元大證券,2023-07-31,9800
2892,第一金,580,66,514,元大證券,2023-07-31,9800
00830,國泰費城半導體,1285,773,512,元大證券,2023-07-31,9800
2308,台達電,1474,998,476,元大證券,2023-07-31,9800
2880,華南金,545,115,430,元大證券,2023-07-31,9800
1904,正隆,743,351,392,元大證券,2023-07-31,9800
4938,和碩,955,567,388,元大證券,2023-07-31,9800
1905,華紙,6078,5713,365,元大證券,2023-07-31,9800
00908,富邦入息REITs+,433,81,352,元大證券,2023-07-31,9800
2887,台新金,613,263,350,元大證券,2023-07-31,9800
4906,正文,746,412,334,元大證券,2023-07-31,9800
2801,彰銀,373,49,324,元大證券,2023-07-31,9800
2317,鴻海,598,278,320,元大證券,2023-07-31,9800
00852L,國泰美國道瓊正2,325,19,306,元大證券,2023-07-31,9800
4904,遠傳,301,4,297,元大證券,2023-07-31,9800
2401,凌陽,576,298,278,元大證券,2023-07-31,9800
2834,臺企銀,360,90,270,元大證券,2023-07-31,9800
2913,農林,1512,1249,263,元大證券,2023-07-31,9800
2888,新光金,5533,5277,256,元大證券,2023-07-31,9800
0056,元大高股息,18766,915,17851,元大證券,2023-08-01,9800
00878,國泰永續高股息,12838,6793,6045,元大證券,2023-08-01,9800
3481,群創,9247,6692,2555,元大證券,2023-08-01,9800
00640L,富邦日本正2,2234,275,1959,元大證券,2023-08-01,9800
00671R,富邦NASDAQ反1,2223,303,1920,元大證券,2023-08-01,9800
00642U,期元大S＆P石油,1748,23,1725,元大證券,2023-08-01,9800
00676R,富邦臺灣加權反1,2021,437,1584,元大證券,2023-08-01,9800
00715L,期街口布蘭特正2,2829,1249,1580,元大證券,2023-08-01,9800
00687B,國泰20年美債,6301,4750,1551,元大證券,2023-08-01,9800
0050,元大台灣50,2015,530,1485,元大證券,2023-08-01,9800
00893,國泰智能電動車,1907,610,1297,元大證券,2023-08-01,9800
00881,國泰台灣5G+,3065,1799,1266,元大證券,2023-08-01,9800
2881,富邦金,1427,279,1148,元大證券,2023-08-01,9800
00669R,國泰美國道瓊反1,1137,10,1127,元大證券,2023-08-01,9800
00650L,復華香港正2,3546,2528,1018,元大證券,2023-08-01,9800
00733,富邦臺灣中小,1001,43,958,元大證券,2023-08-01,9800
2913,農林,6786,5969,817,元大證券,2023-08-01,9800
00891,中信關鍵半導體,1030,216,814,元大證券,2023-08-01,9800
00720B,元大投資級公司債,1174,367,807,元大證券,2023-08-01,9800
00688L,國泰20年美債正2,1389,585,804,元大證券,2023-08-01,9800
00852L,國泰美國道瓊正2,777,0,777,元大證券,2023-08-01,9800
6285,啟��,2628,1908,720,元大證券,2023-08-01,9800
00764B,群益25年美債,806,91,715,元大證券,2023-08-01,9800
00900,富邦特選高股息30,957,312,645,元大證券,2023-08-01,9800
00728,第一金工業30,643,2,641,元大證券,2023-08-01,9800
2886,兆豐金,1270,698,572,元大證券,2023-08-01,9800
00877,復華中國5G,615,50,565,元大證券,2023-08-01,9800
00861,元大全球未來通訊,548,3,545,元大證券,2023-08-01,9800
00919,群益台灣精選高息,2110,1566,544,元大證券,2023-08-01,9800
00701,國泰股利精選30,921,387,534,元大證券,2023-08-01,9800
00885,富邦越南,1098,576,522,元大證券,2023-08-01,9800
2888,新光金,3076,2592,484,元大證券,2023-08-01,9800
006208,富邦台50,595,118,477,元大證券,2023-08-01,9800
3231,緯創,20826,20384,442,元大證券,2023-08-01,9800
00641R,富邦日本反1,547,125,422,元大證券,2023-08-01,9800
00927,群益半導體收益,523,123,400,元大證券,2023-08-01,9800
00697B,元大美債7-10,332,0,332,元大證券,2023-08-01,9800
2748,雲品,477,148,329,元大證券,2023-08-01,9800
00757,統一FANG+,437,108,329,元大證券,2023-08-01,9800
00740B,富邦全球投等債,521,211,310,元大證券,2023-08-01,9800
00888,永豐台灣ESG,507,211,296,元大證券,2023-08-01,9800
020029,元大ESG高股息N,340,50,290,元大證券,2023-08-01,9800
1319,東陽,554,269,285,元大證券,2023-08-01,9800
2388,威盛,902,629,273,元大證券,2023-08-01,9800
3189,景碩,516,245,271,元大證券,2023-08-01,9800
2609,陽明,557,291,266,元大證券,2023-08-01,9800
00651R,復華香港反1,430,169,261,元大證券,2023-08-01,9800
00915,凱基優選高股息30,293,46,247,元大證券,2023-08-01,9800
00896,中信綠能及電動車,920,679,241,元大證券,2023-08-01,9800
00656R,國泰中國A50反1,348,110,238,元大證券,2023-08-01,9800
00632R,元大台灣50反1,139789,14430,125359,元大證券,2023-08-02,9800
00664R,國泰臺灣加權反1,7120,1818,5302,元大證券,2023-08-02,9800
00893,國泰智能電動車,5031,116,4915,元大證券,2023-08-02,9800
00637L,元大滬深300正2,17318,13882,3436,元大證券,2023-08-02,9800
0056,元大高股息,4436,1653,2783,元大證券,2023-08-02,9800
00642U,期元大S＆P石油,2498,2,2496,元大證券,2023-08-02,9800
00757,統一FANG+,2335,0,2335,元大證券,2023-08-02,9800
8390,金益鼎,2193,94,2099,元大證券,2023-08-02,9800
00676R,富邦臺灣加權反1,4611,2789,1822,元大證券,2023-08-02,9800
00895,富邦未來車,1707,83,1624,元大證券,2023-08-02,9800
00674R,期元大S＆P黃金反1,1789,225,1564,元大證券,2023-08-02,9800
00715L,期街口布蘭特正2,3497,2185,1312,元大證券,2023-08-02,9800
00670L,富邦NASDAQ正2,1335,49,1286,元大證券,2023-08-02,9800
00882,中信中國高股息,3770,2502,1268,元大證券,2023-08-02,9800
00885,富邦越南,2962,1790,1172,元大證券,2023-08-02,9800
2330,台積電,2628,1521,1107,元大證券,2023-08-02,9800
2388,威盛,1334,476,858,元大證券,2023-08-02,9800
2887,台新金,2021,1242,779,元大證券,2023-08-02,9800
00633L,富邦上証正2,2861,2137,724,元大證券,2023-08-02,9800
1608,華榮,2900,2264,636,元大證券,2023-08-02,9800
9927,泰銘,610,3,607,元大證券,2023-08-02,9800
00903,富邦元宇宙,852,292,560,元大證券,2023-08-02,9800
2891,中信金,2190,1653,537,元大證券,2023-08-02,9800
00701,國泰股利精選30,617,114,503,元大證券,2023-08-02,9800
2913,農林,5590,5127,463,元大證券,2023-08-02,9800
5371,中光電,681,227,454,元大證券,2023-08-02,9800
00640L,富邦日本正2,606,206,400,元大證券,2023-08-02,9800
3105,穩懋,602,212,390,元大證券,2023-08-02,9800
00639,富邦深100,528,155,373,元大證券,2023-08-02,9800
00752,中信中國50,469,131,338,元大證券,2023-08-02,9800
00653L,富邦印度正2,336,6,330,元大證券,2023-08-02,9800
1904,正隆,658,343,315,元大證券,2023-08-02,9800
00920,富邦ESG綠色電力,283,2,281,元大證券,2023-08-02,9800
00773B,中信優先金融債,605,330,275,元大證券,2023-08-02,9800
00651R,復華香港反1,391,124,267,元大證券,2023-08-02,9800
9958,世紀鋼,486,234,252,元大證券,2023-08-02,9800
3653,健策,334,85,249,元大證券,2023-08-02,9800
00683L,期元大美元指正2,280,40,240,元大證券,2023-08-02,9800
5388,中磊,749,510,239,元大證券,2023-08-02,9800
2206,三陽工業,1081,850,231,元大證券,2023-08-02,9800
00634R,富邦上証反1,244,17,227,元大證券,2023-08-02,9800
3034,聯詠,299,79,220,元大證券,2023-08-02,9800
2009,第一銅,226,26,200,元大證券,2023-08-02,9800
2324,仁寶,1707,1512,195,元大證券,2023-08-02,9800
00852L,國泰美國道瓊正2,194,0,194,元大證券,2023-08-02,9800
00921,兆豐龍頭等權重,272,79,193,元大證券,2023-08-02,9800
00656R,國泰中國A50反1,184,1,183,元大證券,2023-08-02,9800
00901,永豐智能車供應鏈,414,232,182,元大證券,2023-08-02,9800
00926,凱基全球菁英55,192,13,179,元大證券,2023-08-02,9800
00655L,國泰中國A50正2,1352,1177,175,元大證券,2023-08-02,9800
00632R,元大台灣50反1,68814,5366,63448,元大證券,2023-08-04,9800
00637L,元大滬深300正2,37871,22302,15569,元大證券,2023-08-04,9800
0056,元大高股息,5379,787,4592,元大證券,2023-08-04,9800
00671R,富邦NASDAQ反1,4187,0,4187,元大證券,2023-08-04,9800
00664R,國泰臺灣加權反1,7107,3278,3829,元大證券,2023-08-04,9800
2888,新光金,5064,1302,3762,元大證券,2023-08-04,9800
00715L,期街口布蘭特正2,5057,1318,3739,元大證券,2023-08-04,9800
00669R,國泰美國道瓊反1,3430,0,3430,元大證券,2023-08-04,9800
00642U,期元大S＆P石油,2100,0,2100,元大證券,2023-08-04,9800
00633L,富邦上証正2,4137,2824,1313,元大證券,2023-08-04,9800
00641R,富邦日本反1,1238,45,1193,元大證券,2023-08-04,9800
00655L,國泰中國A50正2,2560,1592,968,元大證券,2023-08-04,9800
00676R,富邦臺灣加權反1,2012,1046,966,元大證券,2023-08-04,9800
2376,技嘉,2377,1434,943,元大證券,2023-08-04,9800
00877,復華中國5G,855,17,838,元大證券,2023-08-04,9800
00740B,富邦全球投等債,947,133,814,元大證券,2023-08-04,9800
00674R,期元大S＆P黃金反1,762,86,676,元大證券,2023-08-04,9800
00752,中信中國50,1216,545,671,元大證券,2023-08-04,9800
020022,元大電動車N,1069,415,654,元大證券,2023-08-04,9800
00830,國泰費城半導體,1145,564,581,元大證券,2023-08-04,9800
2344,華邦電,3436,2863,573,元大證券,2023-08-04,9800
00764B,群益25年美債,729,162,567,元大證券,2023-08-04,9800
6125,廣運,2330,1783,547,元大證券,2023-08-04,9800
00651R,復華香港反1,549,12,537,元大證券,2023-08-04,9800
2892,第一金,816,291,525,元大證券,2023-08-04,9800
2353,宏��,1537,1016,521,元大證券,2023-08-04,9800
00773B,中信優先金融債,540,54,486,元大證券,2023-08-04,9800
3017,奇鋐,1183,705,478,元大證券,2023-08-04,9800
6770,力積電,548,82,466,元大證券,2023-08-04,9800
2458,義隆,1916,1471,445,元大證券,2023-08-04,9800
00926,凱基全球菁英55,436,1,435,元大證券,2023-08-04,9800
2409,友達,1555,1121,434,元大證券,2023-08-04,9800
00924,復華S＆P500成長,415,20,395,元大證券,2023-08-04,9800
00897,富邦基因免疫生技,462,69,393,元大證券,2023-08-04,9800
2421,建準,435,47,388,元大證券,2023-08-04,9800
2408,南亞科,530,158,372,元大證券,2023-08-04,9800
2634,漢翔,586,227,359,元大證券,2023-08-04,9800
1326,台化,430,88,342,元大證券,2023-08-04,9800
1802,台玻,3518,3182,336,元大證券,2023-08-04,9800
4906,正文,619,295,324,元大證券,2023-08-04,9800
3078,僑威,855,561,294,元大證券,2023-08-04,9800
2014,中鴻,1325,1033,292,元大證券,2023-08-04,9800
00852L,國泰美國道瓊正2,290,5,285,元大證券,2023-08-04,9800
2455,全新,702,438,264,元大證券,2023-08-04,9800
006205,富邦上証,437,176,261,元大證券,2023-08-04,9800
0061,元大寶滬深,323,66,257,元大證券,2023-08-04,9800
2890,永豐金,628,376,252,元大證券,2023-08-04,9800
1210,大成,951,700,251,元大證券,2023-08-04,9800
2882,國泰金,411,166,245,元大證券,2023-08-04,9800
8086,宏捷科,673,452,221,元大證券,2023-08-04,9800
0056,元大高股息,14227,189,14038,元大證券,2023-08-07,9800
2888,新光金,6032,818,5214,元大證券,2023-08-07,9800
00878,國泰永續高股息,15554,10514,5040,元大證券,2023-08-07,9800
3231,緯創,13896,9518,4378,元大證券,2023-08-07,9800
00671R,富邦NASDAQ反1,4351,447,3904,元大證券,2023-08-07,9800
00669R,國泰美國道瓊反1,3711,129,3582,元大證券,2023-08-07,9800
00715L,期街口布蘭特正2,2789,509,2280,元大證券,2023-08-07,9800
00688L,國泰20年美債正2,3152,907,2245,元大證券,2023-08-07,9800
3583,辛耘,2907,938,1969,元大證券,2023-08-07,9800
00885,富邦越南,2458,945,1513,元大證券,2023-08-07,9800
2890,永豐金,2068,775,1293,元大證券,2023-08-07,9800
00642U,期元大S＆P石油,1250,71,1179,元大證券,2023-08-07,9800
3037,欣興,1991,905,1086,元大證券,2023-08-07,9800
00896,中信綠能及電動車,1133,69,1064,元大證券,2023-08-07,9800
2881,富邦金,1263,312,951,元大證券,2023-08-07,9800
00713,元大台灣高息低波,1171,250,921,元大證券,2023-08-07,9800
00862B,中信投資級公司債,890,0,890,元大證券,2023-08-07,9800
2313,華通,1321,432,889,元大證券,2023-08-07,9800
6282,康舒,1808,1008,800,元大證券,2023-08-07,9800
00891,中信關鍵半導體,1082,314,768,元大證券,2023-08-07,9800
00895,富邦未來車,1072,343,729,元大證券,2023-08-07,9800
00680L,元大美債20正2,4154,3449,705,元大證券,2023-08-07,9800
2301,光寶科,8035,7376,659,元大證券,2023-08-07,9800
00853B,統一美債10年Aa-,581,4,577,元大證券,2023-08-07,9800
00725B,國泰投資級公司債,591,30,561,元大證券,2023-08-07,9800
2317,鴻海,1200,734,466,元大證券,2023-08-07,9800
00679B,元大美債20年,1796,1349,447,元大證券,2023-08-07,9800
2892,第一金,664,229,435,元大證券,2023-08-07,9800
00634R,富邦上証反1,550,134,416,元大證券,2023-08-07,9800
3044,健鼎,1016,607,409,元大證券,2023-08-07,9800
3017,奇鋐,1765,1357,408,元大證券,2023-08-07,9800
8932,智通*,422,20,402,元大證券,2023-08-07,9800
2376,技嘉,1551,1155,396,元大證券,2023-08-07,9800
2382,廣達,7745,7351,394,元大證券,2023-08-07,9800
00761B,國泰A級公司債,397,14,383,元大證券,2023-08-07,9800
00912,中信臺灣智慧50,359,4,355,元大證券,2023-08-07,9800
020038,元大ESG配息N,581,232,349,元大證券,2023-08-07,9800
00905,FT臺灣Smart,350,19,331,元大證券,2023-08-07,9800
2634,漢翔,411,81,330,元大證券,2023-08-07,9800
00921,兆豐龍頭等權重,324,3,321,元大證券,2023-08-07,9800
6274,台燿,2016,1720,296,元大證券,2023-08-07,9800
6285,啟��,1053,763,290,元大證券,2023-08-07,9800
00850,元大臺灣ESG永續,741,451,290,元大證券,2023-08-07,9800
00701,國泰股利精選30,550,263,287,元大證券,2023-08-07,9800
8050,廣積,925,642,283,元大證券,2023-08-07,9800
00919,群益台灣精選高息,1037,781,256,元大證券,2023-08-07,9800
00638R,元大滬深300反1,243,1,242,元大證券,2023-08-07,9800
8358,金居,379,140,239,元大證券,2023-08-07,9800
2886,兆豐金,649,412,237,元大證券,2023-08-07,9800
00631L,元大台灣50正2,1122,890,232,元大證券,2023-08-07,9800
00632R,元大台灣50反1,62480,1153,61327,元大證券,2023-08-08,9800
00664R,國泰臺灣加權反1,7575,669,6906,元大證券,2023-08-08,9800
00878,國泰永續高股息,23193,16901,6292,元大證券,2023-08-08,9800
0056,元大高股息,5937,325,5612,元大證券,2023-08-08,9800
00637L,元大滬深300正2,18633,13940,4693,元大證券,2023-08-08,9800
3526,凡甲,3851,1313,2538,元大證券,2023-08-08,9800
2382,廣達,8775,7226,1549,元大證券,2023-08-08,9800
00642U,期元大S＆P石油,1438,63,1375,元大證券,2023-08-08,9800
3583,辛耘,2449,1161,1288,元大證券,2023-08-08,9800
00665L,富邦�琤肭磪囓�2,14689,13420,1269,元大證券,2023-08-08,9800
00679B,元大美債20年,2552,1355,1197,元大證券,2023-08-08,9800
00891,中信關鍵半導體,3381,2211,1170,元大證券,2023-08-08,9800
2890,永豐金,1991,879,1112,元大證券,2023-08-08,9800
00751B,元大AAA至A公司債,1790,680,1110,元大證券,2023-08-08,9800
00862B,中信投資級公司債,820,0,820,元大證券,2023-08-08,9800
00725B,國泰投資級公司債,945,157,788,元大證券,2023-08-08,9800
2206,三陽工業,1436,673,763,元大證券,2023-08-08,9800
2887,台新金,1443,689,754,元大證券,2023-08-08,9800
00645,富邦日本,881,152,729,元大證券,2023-08-08,9800
2634,漢翔,1146,497,649,元大證券,2023-08-08,9800
00882,中信中國高股息,3244,2628,616,元大證券,2023-08-08,9800
00633L,富邦上証正2,2288,1679,609,元大證券,2023-08-08,9800
2371,大同,1322,808,514,元大證券,2023-08-08,9800
00893,國泰智能電動車,861,373,488,元大證券,2023-08-08,9800
00669R,國泰美國道瓊反1,512,42,470,元大證券,2023-08-08,9800
00670L,富邦NASDAQ正2,618,156,462,元大證券,2023-08-08,9800
2345,智邦,531,69,462,元大證券,2023-08-08,9800
00877,復華中國5G,458,5,453,元大證券,2023-08-08,9800
00720B,元大投資級公司債,1596,1163,433,元大證券,2023-08-08,9800
020022,元大電動車N,516,101,415,元大證券,2023-08-08,9800
00651R,復華香港反1,524,127,397,元大證券,2023-08-08,9800
00740B,富邦全球投等債,399,4,395,元大證券,2023-08-08,9800
00895,富邦未來車,409,23,386,元大證券,2023-08-08,9800
020037,元大金融高股息N,401,40,361,元大證券,2023-08-08,9800
00773B,中信優先金融債,378,31,347,元大證券,2023-08-08,9800
00757,統一FANG+,367,24,343,元大證券,2023-08-08,9800
6282,康舒,1168,856,312,元大證券,2023-08-08,9800
8085,福華,335,27,308,元大證券,2023-08-08,9800
3706,神達,2648,2359,289,元大證券,2023-08-08,9800
00903,富邦元宇宙,300,14,286,元大證券,2023-08-08,9800
1504,東元,548,284,264,元大證券,2023-08-08,9800
3324,雙鴻,1546,1310,236,元大證券,2023-08-08,9800
4934,太極,514,283,231,元大證券,2023-08-08,9800
00662,富邦NASDAQ,315,84,231,元大證券,2023-08-08,9800
00701,國泰股利精選30,380,154,226,元大證券,2023-08-08,9800
8155,博智,359,133,226,元大證券,2023-08-08,9800
2892,第一金,915,703,212,元大證券,2023-08-08,9800
3037,欣興,1321,1110,211,元大證券,2023-08-08,9800
2376,技嘉,3126,2919,207,元大證券,2023-08-08,9800
00674R,期元大S＆P黃金反1,230,29,201,元大證券,2023-08-08,9800
00931B,統一美債20年,9632,537,9095,元大證券,2023-08-09,9800
00637L,元大滬深300正2,14372,7709,6663,元大證券,2023-08-09,9800
00687B,國泰20年美債,7281,3581,3700,元大證券,2023-08-09,9800
2888,新光金,4247,866,3381,元大證券,2023-08-09,9800
0056,元大高股息,2800,124,2676,元大證券,2023-08-09,9800
3483,力致,3224,807,2417,元大證券,2023-08-09,9800
00893,國泰智能電動車,2530,166,2364,元大證券,2023-08-09,9800
00715L,期街口布蘭特正2,2131,86,2045,元大證券,2023-08-09,9800
00642U,期元大S＆P石油,1983,1,1982,元大證券,2023-08-09,9800
2618,長榮航,4830,3489,1341,元大證券,2023-08-09,9800
00885,富邦越南,2161,947,1214,元大證券,2023-08-09,9800
00688L,國泰20年美債正2,2438,1477,961,元大證券,2023-08-09,9800
00902,中信電池及儲能,1051,220,831,元大證券,2023-08-09,9800
00720B,元大投資級公司債,2787,1987,800,元大證券,2023-08-09,9800
00751B,元大AAA至A公司債,3065,2267,798,元大證券,2023-08-09,9800
00892,富邦台灣半導體,1062,328,734,元大證券,2023-08-09,9800
00633L,富邦上証正2,1964,1245,719,元大證券,2023-08-09,9800
00712,復華富時不動產,613,1,612,元大證券,2023-08-09,9800
8210,勤誠,1180,613,567,元大證券,2023-08-09,9800
00881,國泰台灣5G+,1608,1057,551,元大證券,2023-08-09,9800
00680L,元大美債20正2,5584,5081,503,元大證券,2023-08-09,9800
00924,復華S＆P500成長,506,10,496,元大證券,2023-08-09,9800
00895,富邦未來車,542,57,485,元大證券,2023-08-09,9800
2371,大同,1568,1097,471,元大證券,2023-08-09,9800
2353,宏��,1570,1140,430,元大證券,2023-08-09,9800
00862B,中信投資級公司債,424,0,424,元大證券,2023-08-09,9800
00757,統一FANG+,459,39,420,元大證券,2023-08-09,9800
2376,技嘉,2976,2624,352,元大證券,2023-08-09,9800
2303,聯電,1299,950,349,元大證券,2023-08-09,9800
00894,中信小資高價30,628,295,333,元大證券,2023-08-09,9800
3037,欣興,1672,1359,313,元大證券,2023-08-09,9800
8085,福華,314,14,300,元大證券,2023-08-09,9800
00920,富邦ESG綠色電力,292,2,290,元大證券,2023-08-09,9800
2368,金像電,1006,717,289,元大證券,2023-08-09,9800
00655L,國泰中國A50正2,846,563,283,元大證券,2023-08-09,9800
00723B,群益投資級科技債,280,0,280,元大證券,2023-08-09,9800
00926,凱基全球菁英55,273,1,272,元大證券,2023-08-09,9800
00683L,期元大美元指正2,268,1,267,元大證券,2023-08-09,9800
00692,富邦公司治理,444,184,260,元大證券,2023-08-09,9800
2323,中環,782,526,256,元大證券,2023-08-09,9800
2886,兆豐金,760,505,255,元大證券,2023-08-09,9800
00761B,國泰A級公司債,256,15,241,元大證券,2023-08-09,9800
00713,元大台灣高息低波,455,216,239,元大證券,2023-08-09,9800
00639,富邦深100,361,128,233,元大證券,2023-08-09,9800
006208,富邦台50,654,423,231,元大證券,2023-08-09,9800
020022,元大電動車N,486,258,228,元大證券,2023-08-09,9800
00853B,統一美債10年Aa-,423,195,228,元大證券,2023-08-09,9800
00696B,富邦美債20年,1472,1247,225,元大證券,2023-08-09,9800
00915,凱基優選高股息30,247,24,223,元大證券,2023-08-09,9800
00674R,期元大S＆P黃金反1,303,80,223,元大證券,2023-08-09,9800
00632R,元大台灣50反1,106466,4740,101726,元大證券,2023-08-10,9800
3483,力致,16462,8032,8430,元大證券,2023-08-10,9800
00664R,國泰臺灣加權反1,10978,4081,6897,元大證券,2023-08-10,9800
00676R,富邦臺灣加權反1,7608,847,6761,元大證券,2023-08-10,9800
2892,第一金,2625,189,2436,元大證券,2023-08-10,9800
2610,華航,7110,5029,2081,元大證券,2023-08-10,9800
00642U,期元大S＆P石油,2160,158,2002,元大證券,2023-08-10,9800
2618,長榮航,5593,3784,1809,元大證券,2023-08-10,9800
2330,台積電,1607,45,1562,元大證券,2023-08-10,9800
00885,富邦越南,2368,951,1417,元大證券,2023-08-10,9800
00891,中信關鍵半導體,4152,2880,1272,元大證券,2023-08-10,9800
00687B,國泰20年美債,3507,2612,895,元大證券,2023-08-10,9800
2881,富邦金,1005,134,871,元大證券,2023-08-10,9800
2888,新光金,4182,3321,861,元大證券,2023-08-10,9800
00893,國泰智能電動車,1334,596,738,元大證券,2023-08-10,9800
00650L,復華香港正2,2164,1447,717,元大證券,2023-08-10,9800
2880,華南金,619,63,556,元大證券,2023-08-10,9800
2324,仁寶,1722,1169,553,元大證券,2023-08-10,9800
2834,臺企銀,668,117,551,元大證券,2023-08-10,9800
00757,統一FANG+,1252,713,539,元大證券,2023-08-10,9800
00924,復華S＆P500成長,710,226,484,元大證券,2023-08-10,9800
2609,陽明,806,346,460,元大證券,2023-08-10,9800
00655L,國泰中國A50正2,1343,912,431,元大證券,2023-08-10,9800
00895,富邦未來車,663,253,410,元大證券,2023-08-10,9800
00686R,群益臺灣加權反1,407,0,407,元大證券,2023-08-10,9800
2887,台新金,467,69,398,元大證券,2023-08-10,9800
00752,中信中國50,896,509,387,元大證券,2023-08-10,9800
3363,上詮,603,230,373,元大證券,2023-08-10,9800
00903,富邦元宇宙,768,412,356,元大證券,2023-08-10,9800
2368,金像電,1265,922,343,元大證券,2023-08-10,9800
00674R,期元大S＆P黃金反1,338,11,327,元大證券,2023-08-10,9800
5871,中租-KY,393,74,319,元大證券,2023-08-10,9800
020034,元大IC設計N,490,180,310,元大證券,2023-08-10,9800
8085,福華,332,32,300,元大證券,2023-08-10,9800
00640L,富邦日本正2,467,168,299,元大證券,2023-08-10,9800
00701,國泰股利精選30,354,58,296,元大證券,2023-08-10,9800
2425,承啟,799,505,294,元大證券,2023-08-10,9800
2634,漢翔,570,287,283,元大證券,2023-08-10,9800
2890,永豐金,468,194,274,元大證券,2023-08-10,9800
2412,中華電,278,5,273,元大證券,2023-08-10,9800
2347,聯強,282,18,264,元大證券,2023-08-10,9800
00657,國泰日經225,256,11,245,元大證券,2023-08-10,9800
00680L,元大美債20正2,1823,1583,240,元大證券,2023-08-10,9800
00636,國泰中國A50,963,725,238,元大證券,2023-08-10,9800
00830,國泰費城半導體,597,378,219,元大證券,2023-08-10,9800
00639,富邦深100,476,257,219,元大證券,2023-08-10,9800
00653L,富邦印度正2,232,17,215,元大證券,2023-08-10,9800
1303,南亞,309,97,212,元大證券,2023-08-10,9800
020022,元大電動車N,476,265,211,元大證券,2023-08-10,9800
2615,萬海,316,114,202,元大證券,2023-08-10,9800
00632R,元大台灣50反1,33592,20659,12933,元大證券,2023-08-11,9800
00671R,富邦NASDAQ反1,3138,824,2314,元大證券,2023-08-11,9800
2371,大同,3093,823,2270,元大證券,2023-08-11,9800
00676R,富邦臺灣加權反1,3288,1028,2260,元大證券,2023-08-11,9800
00795B,中信美國公債20年,3251,1382,1869,元大證券,2023-08-11,9800
00893,國泰智能電動車,2140,498,1642,元大證券,2023-08-11,9800
00885,富邦越南,3674,2284,1390,元大證券,2023-08-11,9800
00642U,期元大S＆P石油,1371,110,1261,元大證券,2023-08-11,9800
2885,元大金,1338,79,1259,元大證券,2023-08-11,9800
00725B,國泰投資級公司債,1250,37,1213,元大證券,2023-08-11,9800
00773B,中信優先金融債,1206,4,1202,元大證券,2023-08-11,9800
00752,中信中國50,1104,327,777,元大證券,2023-08-11,9800
00857B,永豐20年美公債,986,217,769,元大證券,2023-08-11,9800
00683L,期元大美元指正2,857,107,750,元大證券,2023-08-11,9800
00929,復華台灣科技優息,5918,5293,625,元大證券,2023-08-11,9800
2615,萬海,735,153,582,元大證券,2023-08-11,9800
00636,國泰中國A50,989,413,576,元大證券,2023-08-11,9800
9904,寶成,634,58,576,元大證券,2023-08-11,9800
3017,奇鋐,1867,1347,520,元大證券,2023-08-11,9800
2609,陽明,1002,487,515,元大證券,2023-08-11,9800
6282,康舒,1184,670,514,元大證券,2023-08-11,9800
00761B,國泰A級公司債,502,9,493,元大證券,2023-08-11,9800
00669R,國泰美國道瓊反1,483,0,483,元大證券,2023-08-11,9800
00674R,期元大S＆P黃金反1,415,14,401,元大證券,2023-08-11,9800
00853B,統一美債10年Aa-,416,25,391,元大證券,2023-08-11,9800
2317,鴻海,583,207,376,元大證券,2023-08-11,9800
2353,宏��,834,483,351,元大證券,2023-08-11,9800
00650L,復華香港正2,1740,1397,343,元大證券,2023-08-11,9800
00919,群益台灣精選高息,985,665,320,元大證券,2023-08-11,9800
00881,國泰台灣5G+,1491,1171,320,元大證券,2023-08-11,9800
2324,仁寶,1822,1502,320,元大證券,2023-08-11,9800
6285,啟��,956,651,305,元大證券,2023-08-11,9800
00877,復華中國5G,419,118,301,元大證券,2023-08-11,9800
5876,上海商銀,402,118,284,元大證券,2023-08-11,9800
1216,統一,375,111,264,元大證券,2023-08-11,9800
00903,富邦元宇宙,292,33,259,元大證券,2023-08-11,9800
3362,先進光,527,285,242,元大證券,2023-08-11,9800
8210,勤誠,996,761,235,元大證券,2023-08-11,9800
00858,永豐美國500大,245,14,231,元大證券,2023-08-11,9800
020022,元大電動車N,307,85,222,元大證券,2023-08-11,9800
020034,元大IC設計N,221,3,218,元大證券,2023-08-11,9800
00733,富邦臺灣中小,263,53,210,元大證券,2023-08-11,9800
8112,至上,566,358,208,元大證券,2023-08-11,9800
00652,富邦印度,223,29,194,元大證券,2023-08-11,9800
2383,台光電,1132,941,191,元大證券,2023-08-11,9800
2412,中華電,304,131,173,元大證券,2023-08-11,9800
00713,元大台灣高息低波,332,162,170,元大證券,2023-08-11,9800
3035,智原,1097,928,169,元大證券,2023-08-11,9800
00640L,富邦日本正2,163,8,155,元大證券,2023-08-11,9800
2753,八方雲集,162,11,151,元大證券,2023-08-11,9800
00632R,元大台灣50反1,140318,10048,130270,元大證券,2023-08-14,9800
00637L,元大滬深300正2,37084,28645,8439,元大證券,2023-08-14,9800
00687B,國泰20年美債,10414,2517,7897,元大證券,2023-08-14,9800
00676R,富邦臺灣加權反1,9305,1686,7619,元大證券,2023-08-14,9800
00893,國泰智能電動車,5811,200,5611,元大證券,2023-08-14,9800
00671R,富邦NASDAQ反1,5051,1180,3871,元大證券,2023-08-14,9800
00715L,期街口布蘭特正2,4149,512,3637,元大證券,2023-08-14,9800
00680L,元大美債20正2,7334,4139,3195,元大證券,2023-08-14,9800
00885,富邦越南,4049,1354,2695,元大證券,2023-08-14,9800
00665L,富邦�琤肭磪囓�2,17119,14695,2424,元大證券,2023-08-14,9800
00712,復華富時不動產,2281,103,2178,元大證券,2023-08-14,9800
00931B,統一美債20年,4484,2366,2118,元大證券,2023-08-14,9800
00795B,中信美國公債20年,3957,2032,1925,元大證券,2023-08-14,9800
00895,富邦未來車,1985,136,1849,元大證券,2023-08-14,9800
00752,中信中國50,1730,25,1705,元大證券,2023-08-14,9800
00639,富邦深100,1776,233,1543,元大證券,2023-08-14,9800
00642U,期元大S＆P石油,1585,59,1526,元大證券,2023-08-14,9800
00664R,國泰臺灣加權反1,3620,2096,1524,元大證券,2023-08-14,9800
00633L,富邦上証正2,6044,4681,1363,元大證券,2023-08-14,9800
006205,富邦上証,1452,153,1299,元大證券,2023-08-14,9800
00830,國泰費城半導體,1691,463,1228,元大證券,2023-08-14,9800
00753L,中信中國50正2,3401,2183,1218,元大證券,2023-08-14,9800
00670L,富邦NASDAQ正2,1739,543,1196,元大證券,2023-08-14,9800
00636,國泰中國A50,1479,294,1185,元大證券,2023-08-14,9800
2884,玉山金,1918,796,1122,元大證券,2023-08-14,9800
00688L,國泰20年美債正2,1497,431,1066,元大證券,2023-08-14,9800
2324,仁寶,5389,4410,979,元大證券,2023-08-14,9800
00725B,國泰投資級公司債,940,25,915,元大證券,2023-08-14,9800
1102,亞泥,849,28,821,元大證券,2023-08-14,9800
00773B,中信優先金融債,709,6,703,元大證券,2023-08-14,9800
00903,富邦元宇宙,704,45,659,元大證券,2023-08-14,9800
00696B,富邦美債20年,1116,471,645,元大證券,2023-08-14,9800
2887,台新金,1180,552,628,元大證券,2023-08-14,9800
00655L,國泰中國A50正2,2605,1977,628,元大證券,2023-08-14,9800
020022,元大電動車N,767,260,507,元大證券,2023-08-14,9800
006206,元大上證50,480,2,478,元大證券,2023-08-14,9800
00757,統一FANG+,530,67,463,元大證券,2023-08-14,9800
00905,FT臺灣Smart,573,115,458,元大證券,2023-08-14,9800
00646,元大S＆P500,421,17,404,元大證券,2023-08-14,9800
00897,富邦基因免疫生技,469,77,392,元大證券,2023-08-14,9800
00924,復華S＆P500成長,510,121,389,元大證券,2023-08-14,9800
2356,英業達,5463,5079,384,元大證券,2023-08-14,9800
00857B,永豐20年美公債,418,49,369,元大證券,2023-08-14,9800
00877,復華中國5G,465,102,363,元大證券,2023-08-14,9800
00643,群益深証中小,442,80,362,元大證券,2023-08-14,9800
00915,凱基優選高股息30,406,49,357,元大證券,2023-08-14,9800
8085,福華,378,38,340,元大證券,2023-08-14,9800
2425,承啟,1075,737,338,元大證券,2023-08-14,9800
00764B,群益25年美債,350,13,337,元大證券,2023-08-14,9800
00740B,富邦全球投等債,742,474,268,元大證券,2023-08-14,9800
00929,復華台灣科技優息,7373,5225,2148,元大證券,2023-08-15,9800
00642U,期元大S＆P石油,2007,0,2007,元大證券,2023-08-15,9800
00676R,富邦臺灣加權反1,2966,1091,1875,元大證券,2023-08-15,9800
0056,元大高股息,1807,31,1776,元大證券,2023-08-15,9800
3231,緯創,10647,8936,1711,元大證券,2023-08-15,9800
00688L,國泰20年美債正2,2523,1092,1431,元大證券,2023-08-15,9800
2324,仁寶,6480,5094,1386,元大證券,2023-08-15,9800
00664R,國泰臺灣加權反1,1895,757,1138,元大證券,2023-08-15,9800
2891,中信金,2200,1214,986,元大證券,2023-08-15,9800
2376,技嘉,2101,1118,983,元大證券,2023-08-15,9800
00713,元大台灣高息低波,1061,101,960,元大證券,2023-08-15,9800
00881,國泰台灣5G+,2092,1192,900,元大證券,2023-08-15,9800
2301,光寶科,2525,1764,761,元大證券,2023-08-15,9800
3035,智原,1674,928,746,元大證券,2023-08-15,9800
2887,台新金,779,124,655,元大證券,2023-08-15,9800
00905,FT臺灣Smart,635,9,626,元大證券,2023-08-15,9800
020029,元大ESG高股息N,578,28,550,元大證券,2023-08-15,9800
00922,國泰台灣領袖50,589,100,489,元大證券,2023-08-15,9800
00896,中信綠能及電動車,587,173,414,元大證券,2023-08-15,9800
2880,華南金,530,156,374,元大證券,2023-08-15,9800
00636,國泰中國A50,832,461,371,元大證券,2023-08-15,9800
2884,玉山金,794,433,361,元大證券,2023-08-15,9800
2330,台積電,389,36,353,元大證券,2023-08-15,9800
00701,國泰股利精選30,332,3,329,元大證券,2023-08-15,9800
020022,元大電動車N,429,100,329,元大證券,2023-08-15,9800
1319,東陽,650,328,322,元大證券,2023-08-15,9800
00757,統一FANG+,375,64,311,元大證券,2023-08-15,9800
00907,永豐優息存股,391,83,308,元大證券,2023-08-15,9800
2382,廣達,4854,4557,297,元大證券,2023-08-15,9800
00904,新光臺灣半導體30,287,1,286,元大證券,2023-08-15,9800
00675L,富邦臺灣加權正2,602,322,280,元大證券,2023-08-15,9800
4906,正文,297,47,250,元大證券,2023-08-15,9800
3481,群創,1334,1086,248,元大證券,2023-08-15,9800
4746,台耀,329,82,247,元大證券,2023-08-15,9800
00634R,富邦上証反1,587,343,244,元大證券,2023-08-15,9800
8932,智通*,245,10,235,元大證券,2023-08-15,9800
3044,健鼎,1157,929,228,元大證券,2023-08-15,9800
2368,金像電,1104,879,225,元大證券,2023-08-15,9800
1802,台玻,776,559,217,元大證券,2023-08-15,9800
00715L,期街口布蘭特正2,1561,1346,215,元大證券,2023-08-15,9800
00648R,元大S＆P500反1,321,109,212,元大證券,2023-08-15,9800
00909,國泰數位支付服務,202,0,202,元大證券,2023-08-15,9800
00924,復華S＆P500成長,205,12,193,元大證券,2023-08-15,9800
2634,漢翔,228,35,193,元大證券,2023-08-15,9800
1513,中興電,501,324,177,元大證券,2023-08-15,9800
9904,寶成,207,34,173,元大證券,2023-08-15,9800
00898,國泰基因免疫革命,189,17,172,元大證券,2023-08-15,9800
9907,統一實,175,5,170,元大證券,2023-08-15,9800
6799,來頡,322,153,169,元大證券,2023-08-15,9800
0052,富邦科技,184,18,166,元大證券,2023-08-15,9800
00632R,元大台灣50反1,46551,20724,25827,元大證券,2023-08-16,9800
00878,國泰永續高股息,29900,19366,10534,元大證券,2023-08-16,9800
3231,緯創,15945,10613,5332,元大證券,2023-08-16,9800
00715L,期街口布蘭特正2,10015,5154,4861,元大證券,2023-08-16,9800
00637L,元大滬深300正2,12865,8380,4485,元大證券,2023-08-16,9800
00642U,期元大S＆P石油,4429,13,4416,元大證券,2023-08-16,9800
00929,復華台灣科技優息,10388,6130,4258,元大證券,2023-08-16,9800
0056,元大高股息,3084,144,2940,元大證券,2023-08-16,9800
00881,國泰台灣5G+,3606,703,2903,元大證券,2023-08-16,9800
00671R,富邦NASDAQ反1,3459,669,2790,元大證券,2023-08-16,9800
00688L,國泰20年美債正2,3427,651,2776,元大證券,2023-08-16,9800
2382,廣達,4898,2608,2290,元大證券,2023-08-16,9800
00687B,國泰20年美債,5304,3236,2068,元大證券,2023-08-16,9800
2887,台新金,2290,440,1850,元大證券,2023-08-16,9800
00680L,元大美債20正2,7148,5597,1551,元大證券,2023-08-16,9800
2890,永豐金,1519,176,1343,元大證券,2023-08-16,9800
2330,台積電,1447,146,1301,元大證券,2023-08-16,9800
00919,群益台灣精選高息,2156,888,1268,元大證券,2023-08-16,9800
2303,聯電,2390,1176,1214,元大證券,2023-08-16,9800
00633L,富邦上証正2,1789,786,1003,元大證券,2023-08-16,9800
00655L,國泰中國A50正2,1086,241,845,元大證券,2023-08-16,9800
00922,國泰台灣領袖50,1021,264,757,元大證券,2023-08-16,9800
2888,新光金,1198,448,750,元大證券,2023-08-16,9800
00740B,富邦全球投等債,915,169,746,元大證券,2023-08-16,9800
00638R,元大滬深300反1,813,98,715,元大證券,2023-08-16,9800
0050,元大台灣50,2632,1967,665,元大證券,2023-08-16,9800
00764B,群益25年美債,842,201,641,元大證券,2023-08-16,9800
00639,富邦深100,881,259,622,元大證券,2023-08-16,9800
00636,國泰中國A50,882,260,622,元大證券,2023-08-16,9800
00761B,國泰A級公司債,661,56,605,元大證券,2023-08-16,9800
2891,中信金,2406,1817,589,元大證券,2023-08-16,9800
00896,中信綠能及電動車,921,334,587,元大證券,2023-08-16,9800
00905,FT臺灣Smart,611,77,534,元大證券,2023-08-16,9800
00634R,富邦上証反1,922,392,530,元大證券,2023-08-16,9800
00773B,中信優先金融債,849,344,505,元大證券,2023-08-16,9800
2882,國泰金,516,77,439,元大證券,2023-08-16,9800
2498,宏達電,517,114,403,元大證券,2023-08-16,9800
00701,國泰股利精選30,424,36,388,元大證券,2023-08-16,9800
2388,威盛,483,124,359,元大證券,2023-08-16,9800
2892,第一金,545,194,351,元大證券,2023-08-16,9800
00683L,期元大美元指正2,326,0,326,元大證券,2023-08-16,9800
00862B,中信投資級公司債,309,0,309,元大證券,2023-08-16,9800
2883,凱基金,593,287,306,元大證券,2023-08-16,9800
00892,富邦台灣半導體,1020,721,299,元大證券,2023-08-16,9800
2317,鴻海,919,630,289,元大證券,2023-08-16,9800
006207,復華滬深,426,139,287,元大證券,2023-08-16,9800
3056,富華新,359,75,284,元大證券,2023-08-16,9800
00882,中信中國高股息,2203,1930,273,元大證券,2023-08-16,9800
020022,元大電動車N,311,47,264,元大證券,2023-08-16,9800
00692,富邦公司治理,1060,809,251,元大證券,2023-08-16,9800
00673R,期元大S＆P原油反1,8669,1174,7495,元大證券,2023-08-17,9800
00671R,富邦NASDAQ反1,7495,185,7310,元大證券,2023-08-17,9800
0056,元大高股息,5232,68,5164,元大證券,2023-08-17,9800
00878,國泰永續高股息,18605,14519,4086,元大證券,2023-08-17,9800
00688L,國泰20年美債正2,4419,1106,3313,元大證券,2023-08-17,9800
3231,緯創,13029,9853,3176,元大證券,2023-08-17,9800
00669R,國泰美國道瓊反1,2765,1,2764,元大證券,2023-08-17,9800
00753L,中信中國50正2,5677,2956,2721,元大證券,2023-08-17,9800
00642U,期元大S＆P石油,2318,19,2299,元大證券,2023-08-17,9800
2303,聯電,3430,1227,2203,元大證券,2023-08-17,9800
00893,國泰智能電動車,3875,1769,2106,元大證券,2023-08-17,9800
00680L,元大美債20正2,7126,5378,1748,元大證券,2023-08-17,9800
00648R,元大S＆P500反1,1746,0,1746,元大證券,2023-08-17,9800
00885,富邦越南,1751,552,1199,元大證券,2023-08-17,9800
00665L,富邦�琤肭磪囓�2,15605,14456,1149,元大證券,2023-08-17,9800
2408,南亞科,1244,213,1031,元大證券,2023-08-17,9800
00686R,群益臺灣加權反1,965,0,965,元大證券,2023-08-17,9800
2368,金像電,2463,1543,920,元大證券,2023-08-17,9800
2332,友訊,1671,758,913,元大證券,2023-08-17,9800
2371,大同,1199,299,900,元大證券,2023-08-17,9800
3706,神達,1748,922,826,元大證券,2023-08-17,9800
00900,富邦特選高股息30,5101,4319,782,元大證券,2023-08-17,9800
00638R,元大滬深300反1,952,209,743,元大證券,2023-08-17,9800
6285,啟��,1298,563,735,元大證券,2023-08-17,9800
2301,光寶科,2638,1931,707,元大證券,2023-08-17,9800
00641R,富邦日本反1,678,41,637,元大證券,2023-08-17,9800
2603,長榮,1275,685,590,元大證券,2023-08-17,9800
3044,健鼎,1538,962,576,元大證券,2023-08-17,9800
2317,鴻海,901,344,557,元大證券,2023-08-17,9800
1319,東陽,658,103,555,元大證券,2023-08-17,9800
00895,富邦未來車,1260,737,523,元大證券,2023-08-17,9800
00752,中信中國50,894,414,480,元大證券,2023-08-17,9800
2002,中鋼,1181,712,469,元大證券,2023-08-17,9800
5009,榮剛,588,123,465,元大證券,2023-08-17,9800
00892,富邦台灣半導體,1162,698,464,元大證券,2023-08-17,9800
2323,中環,1557,1131,426,元大證券,2023-08-17,9800
2383,台光電,671,268,403,元大證券,2023-08-17,9800
00894,中信小資高價30,428,39,389,元大證券,2023-08-17,9800
3037,欣興,982,596,386,元大證券,2023-08-17,9800
2606,裕民,538,153,385,元大證券,2023-08-17,9800
4938,和碩,622,239,383,元大證券,2023-08-17,9800
6274,台燿,1119,738,381,元大證券,2023-08-17,9800
2892,第一金,748,374,374,元大證券,2023-08-17,9800
2376,技嘉,1688,1321,367,元大證券,2023-08-17,9800
2634,漢翔,418,72,346,元大證券,2023-08-17,9800
00708L,期元大S＆P黃金正2,513,179,334,元大證券,2023-08-17,9800
00876,元大全球5G,336,15,321,元大證券,2023-08-17,9800
2353,宏��,1508,1188,320,元大證券,2023-08-17,9800
2886,兆豐金,983,671,312,元大證券,2023-08-17,9800
2355,敬鵬,550,239,311,元大證券,2023-08-17,9800
00671R,富邦NASDAQ反1,7721,302,7419,元大證券,2023-08-18,9800
00676R,富邦臺灣加權反1,15182,8623,6559,元大證券,2023-08-18,9800
00673R,期元大S＆P原油反1,10331,5381,4950,元大證券,2023-08-18,9800
00885,富邦越南,8680,4423,4257,元大證券,2023-08-18,9800
00680L,元大美債20正2,4920,1219,3701,元大證券,2023-08-18,9800
00688L,國泰20年美債正2,3630,335,3295,元大證券,2023-08-18,9800
00751B,元大AAA至A公司債,3848,1284,2564,元大證券,2023-08-18,9800
2303,聯電,2565,1027,1538,元大證券,2023-08-18,9800
2603,長榮,2596,1097,1499,元大證券,2023-08-18,9800
00926,凱基全球菁英55,1305,4,1301,元大證券,2023-08-18,9800
1301,台塑,1340,122,1218,元大證券,2023-08-18,9800
00642U,期元大S＆P石油,1092,11,1081,元大證券,2023-08-18,9800
00648R,元大S＆P500反1,1244,215,1029,元大證券,2023-08-18,9800
00669R,國泰美國道瓊反1,1617,722,895,元大證券,2023-08-18,9800
00679B,元大美債20年,2202,1320,882,元大證券,2023-08-18,9800
00882,中信中國高股息,2998,2148,850,元大證券,2023-08-18,9800
00857B,永豐20年美公債,803,43,760,元大證券,2023-08-18,9800
1326,台化,942,229,713,元大證券,2023-08-18,9800
00701,國泰股利精選30,669,128,541,元大證券,2023-08-18,9800
00903,富邦元宇宙,576,39,537,元大證券,2023-08-18,9800
2368,金像電,2097,1638,459,元大證券,2023-08-18,9800
3306,鼎天,472,20,452,元大證券,2023-08-18,9800
00740B,富邦全球投等債,613,178,435,元大證券,2023-08-18,9800
1303,南亞,547,142,405,元大證券,2023-08-18,9800
00853B,統一美債10年Aa-,397,3,394,元大證券,2023-08-18,9800
00641R,富邦日本反1,591,208,383,元大證券,2023-08-18,9800
3017,奇鋐,965,635,330,元大證券,2023-08-18,9800
2317,鴻海,480,153,327,元大證券,2023-08-18,9800
00764B,群益25年美債,517,209,308,元大證券,2023-08-18,9800
2324,仁寶,4256,3961,295,元大證券,2023-08-18,9800
3308,聯德,387,110,277,元大證券,2023-08-18,9800
00896,中信綠能及電動車,684,433,251,元大證券,2023-08-18,9800
00902,中信電池及儲能,391,148,243,元大證券,2023-08-18,9800
006205,富邦上証,416,191,225,元大證券,2023-08-18,9800
1513,中興電,810,607,203,元大證券,2023-08-18,9800
00725B,國泰投資級公司債,606,406,200,元大證券,2023-08-18,9800
00715L,期街口布蘭特正2,1668,1468,200,元大證券,2023-08-18,9800
00639,富邦深100,313,115,198,元大證券,2023-08-18,9800
2455,全新,226,31,195,元大證券,2023-08-18,9800
2891,中信金,740,546,194,元大證券,2023-08-18,9800
2408,南亞科,664,472,192,元大證券,2023-08-18,9800
2301,光寶科,2112,1930,182,元大證券,2023-08-18,9800
2457,飛宏,747,566,181,元大證券,2023-08-18,9800
2363,矽統,9680,9506,174,元大證券,2023-08-18,9800
8932,智通*,435,267,168,元大證券,2023-08-18,9800
020038,元大ESG配息N,371,203,168,元大證券,2023-08-18,9800
2609,陽明,2081,1916,165,元大證券,2023-08-18,9800
00888,永豐台灣ESG,455,299,156,元大證券,2023-08-18,9800
00895,富邦未來車,353,199,154,元大證券,2023-08-18,9800
2371,大同,497,355,142,元大證券,2023-08-18,9800
00632R,元大台灣50反1,62340,5631,56709,元大證券,2023-08-21,9800
00671R,富邦NASDAQ反1,10829,40,10789,元大證券,2023-08-21,9800
00878,國泰永續高股息,14651,9150,5501,元大證券,2023-08-21,9800
00680L,元大美債20正2,5600,1415,4185,元大證券,2023-08-21,9800
00688L,國泰20年美債正2,4504,1525,2979,元大證券,2023-08-21,9800
00673R,期元大S＆P原油反1,5272,2414,2858,元大證券,2023-08-21,9800
3231,緯創,7538,4925,2613,元大證券,2023-08-21,9800
00648R,元大S＆P500反1,2552,141,2411,元大證券,2023-08-21,9800
00715L,期街口布蘭特正2,5003,2798,2205,元大證券,2023-08-21,9800
00669R,國泰美國道瓊反1,2178,132,2046,元大證券,2023-08-21,9800
0050,元大台灣50,2466,589,1877,元大證券,2023-08-21,9800
00885,富邦越南,6575,4947,1628,元大證券,2023-08-21,9800
00633L,富邦上証正2,3680,2292,1388,元大證券,2023-08-21,9800
00642U,期元大S＆P石油,1569,282,1287,元大證券,2023-08-21,9800
00881,國泰台灣5G+,1955,758,1197,元大證券,2023-08-21,9800
00696B,富邦美債20年,2179,1172,1007,元大證券,2023-08-21,9800
00923,群益台ESG低碳50,2945,2067,878,元大證券,2023-08-21,9800
00655L,國泰中國A50正2,1511,812,699,元大證券,2023-08-21,9800
0056,元大高股息,708,83,625,元大證券,2023-08-21,9800
2332,友訊,3157,2551,606,元大證券,2023-08-21,9800
00637L,元大滬深300正2,19559,18969,590,元大證券,2023-08-21,9800
00893,國泰智能電動車,1245,693,552,元大證券,2023-08-21,9800
2382,廣達,3620,3087,533,元大證券,2023-08-21,9800
00922,國泰台灣領袖50,755,260,495,元大證券,2023-08-21,9800
00876,元大全球5G,439,14,425,元大證券,2023-08-21,9800
00676R,富邦臺灣加權反1,1696,1306,390,元大證券,2023-08-21,9800
2353,宏��,1314,961,353,元大證券,2023-08-21,9800
6285,啟��,1473,1126,347,元大證券,2023-08-21,9800
3596,智易,520,178,342,元大證券,2023-08-21,9800
020022,元大電動車N,398,59,339,元大證券,2023-08-21,9800
3037,欣興,765,427,338,元大證券,2023-08-21,9800
00713,元大台灣高息低波,764,427,337,元大證券,2023-08-21,9800
0061,元大寶滬深,408,75,333,元大證券,2023-08-21,9800
5388,中磊,441,118,323,元大證券,2023-08-21,9800
00701,國泰股利精選30,334,22,312,元大證券,2023-08-21,9800
2425,承啟,363,57,306,元大證券,2023-08-21,9800
00903,富邦元宇宙,294,2,292,元大證券,2023-08-21,9800
00665L,富邦�琤肭磪囓�2,16487,16210,277,元大證券,2023-08-21,9800
00915,凱基優選高股息30,774,517,257,元大證券,2023-08-21,9800
3706,神達,1194,943,251,元大證券,2023-08-21,9800
2329,華泰,1293,1063,230,元大證券,2023-08-21,9800
00674R,期元大S＆P黃金反1,339,121,218,元大證券,2023-08-21,9800
2324,仁寶,2113,1905,208,元大證券,2023-08-21,9800
00896,中信綠能及電動車,386,180,206,元大證券,2023-08-21,9800
2376,技嘉,683,479,204,元大證券,2023-08-21,9800
3675,德微,220,30,190,元大證券,2023-08-21,9800
5340,建榮,370,180,190,元大證券,2023-08-21,9800
00683L,期元大美元指正2,187,0,187,元大證券,2023-08-21,9800
00891,中信關鍵半導體,1316,1141,175,元大證券,2023-08-21,9800
2345,智邦,334,164,170,元大證券,2023-08-21,9800
00632R,元大台灣50反1,27803,11905,15898,元大證券,2023-08-22,9800
00680L,元大美債20正2,7419,641,6778,元大證券,2023-08-22,9800
00929,復華台灣科技優息,9142,4478,4664,元大證券,2023-08-22,9800
3715,定穎投控,4635,51,4584,元大證券,2023-08-22,9800
0056,元大高股息,4355,4,4351,元大證券,2023-08-22,9800
00673R,期元大S＆P原油反1,5403,1158,4245,元大證券,2023-08-22,9800
00688L,國泰20年美債正2,4613,605,4008,元大證券,2023-08-22,9800
00669R,國泰美國道瓊反1,3002,0,3002,元大證券,2023-08-22,9800
00676R,富邦臺灣加權反1,3240,479,2761,元大證券,2023-08-22,9800
00664R,國泰臺灣加權反1,3084,850,2234,元大證券,2023-08-22,9800
00648R,元大S＆P500反1,2086,301,1785,元大證券,2023-08-22,9800
2891,中信金,2012,479,1533,元大證券,2023-08-22,9800
2449,京元電子,3014,1482,1532,元大證券,2023-08-22,9800
00923,群益台ESG低碳50,2171,884,1287,元大證券,2023-08-22,9800
00881,國泰台灣5G+,1984,808,1176,元大證券,2023-08-22,9800
00882,中信中國高股息,3152,2365,787,元大證券,2023-08-22,9800
00893,國泰智能電動車,2533,1974,559,元大證券,2023-08-22,9800
00902,中信電池及儲能,553,113,440,元大證券,2023-08-22,9800
2301,光寶科,3900,3483,417,元大證券,2023-08-22,9800
0050,元大台灣50,499,97,402,元大證券,2023-08-22,9800
2425,承啟,722,344,378,元大證券,2023-08-22,9800
00738U,期元大道瓊白銀,419,52,367,元大證券,2023-08-22,9800
00674R,期元大S＆P黃金反1,489,126,363,元大證券,2023-08-22,9800
00931B,統一美債20年,4009,3653,356,元大證券,2023-08-22,9800
00876,元大全球5G,319,1,318,元大證券,2023-08-22,9800
00638R,元大滬深300反1,380,92,288,元大證券,2023-08-22,9800
00636,國泰中國A50,429,143,286,元大證券,2023-08-22,9800
3675,德微,349,81,268,元大證券,2023-08-22,9800
2345,智邦,587,324,263,元大證券,2023-08-22,9800
2317,鴻海,332,81,251,元大證券,2023-08-22,9800
00640L,富邦日本正2,354,106,248,元大證券,2023-08-22,9800
2421,建準,1448,1212,236,元大證券,2023-08-22,9800
2383,台光電,325,101,224,元大證券,2023-08-22,9800
1519,華城,939,717,222,元大證券,2023-08-22,9800
3037,欣興,787,568,219,元大證券,2023-08-22,9800
3308,聯德,820,606,214,元大證券,2023-08-22,9800
00905,FT臺灣Smart,211,8,203,元大證券,2023-08-22,9800
020022,元大電動車N,225,26,199,元大證券,2023-08-22,9800
2880,華南金,200,3,197,元大證券,2023-08-22,9800
00830,國泰費城半導體,341,146,195,元大證券,2023-08-22,9800
2455,全新,233,39,194,元大證券,2023-08-22,9800
00671R,富邦NASDAQ反1,2727,2533,194,元大證券,2023-08-22,9800
2363,矽統,7971,7786,185,元大證券,2023-08-22,9800
006208,富邦台50,377,200,177,元大證券,2023-08-22,9800
1504,東元,448,286,162,元大證券,2023-08-22,9800
00643,群益深証中小,307,148,159,元大證券,2023-08-22,9800
00901,永豐智能車供應鏈,165,12,153,元大證券,2023-08-22,9800
00692,富邦公司治理,180,30,150,元大證券,2023-08-22,9800
2887,台新金,279,136,143,元大證券,2023-08-22,9800
00701,國泰股利精選30,150,7,143,元大證券,2023-08-22,9800
00931B,統一美債20年,11494,1130,10364,元大證券,2023-08-23,9800
0056,元大高股息,9886,51,9835,元大證券,2023-08-23,9800
00878,國泰永續高股息,16629,7234,9395,元大證券,2023-08-23,9800
00929,復華台灣科技優息,10811,3981,6830,元大證券,2023-08-23,9800
00687B,國泰20年美債,6823,1052,5771,元大證券,2023-08-23,9800
00751B,元大AAA至A公司債,5161,1018,4143,元大證券,2023-08-23,9800
00665L,富邦�琤肭磪囓�2,10725,6730,3995,元大證券,2023-08-23,9800
00673R,期元大S＆P原油反1,4704,2086,2618,元大證券,2023-08-23,9800
00893,國泰智能電動車,3395,1335,2060,元大證券,2023-08-23,9800
2363,矽統,7816,5806,2010,元大證券,2023-08-23,9800
2355,敬鵬,2405,407,1998,元大證券,2023-08-23,9800
00900,富邦特選高股息30,3389,1647,1742,元大證券,2023-08-23,9800
00648R,元大S＆P500反1,1634,0,1634,元大證券,2023-08-23,9800
2344,華邦電,1753,128,1625,元大證券,2023-08-23,9800
0050,元大台灣50,1597,53,1544,元大證券,2023-08-23,9800
00650L,復華香港正2,2657,1449,1208,元大證券,2023-08-23,9800
2449,京元電子,4387,3221,1166,元大證券,2023-08-23,9800
3702,大聯大,1372,216,1156,元大證券,2023-08-23,9800
00881,國泰台灣5G+,1523,384,1139,元大證券,2023-08-23,9800
00669R,國泰美國道瓊反1,1348,215,1133,元大證券,2023-08-23,9800
00637L,元大滬深300正2,14273,13151,1122,元大證券,2023-08-23,9800
00891,中信關鍵半導體,1759,662,1097,元大證券,2023-08-23,9800
00795B,中信美國公債20年,1913,855,1058,元大證券,2023-08-23,9800
00927,群益半導體收益,1069,135,934,元大證券,2023-08-23,9800
2301,光寶科,2600,1679,921,元大證券,2023-08-23,9800
4906,正文,1481,575,906,元大證券,2023-08-23,9800
9105,泰金寶-DR,697,11,686,元大證券,2023-08-23,9800
00919,群益台灣精選高息,2143,1493,650,元大證券,2023-08-23,9800
00752,中信中國50,809,171,638,元大證券,2023-08-23,9800
2884,玉山金,725,126,599,元大證券,2023-08-23,9800
00683L,期元大美元指正2,542,20,522,元大證券,2023-08-23,9800
00753L,中信中國50正2,1813,1329,484,元大證券,2023-08-23,9800
020022,元大電動車N,504,29,475,元大證券,2023-08-23,9800
2618,長榮航,4339,3881,458,元大證券,2023-08-23,9800
4938,和碩,674,221,453,元大證券,2023-08-23,9800
4960,誠美材,683,231,452,元大證券,2023-08-23,9800
2605,新興,1353,927,426,元大證券,2023-08-23,9800
00696B,富邦美債20年,874,451,423,元大證券,2023-08-23,9800
2401,凌陽,602,188,414,元大證券,2023-08-23,9800
2352,佳世達,431,32,399,元大證券,2023-08-23,9800
00905,FT臺灣Smart,437,46,391,元大證券,2023-08-23,9800
2371,大同,508,120,388,元大證券,2023-08-23,9800
00850,元大臺灣ESG永續,443,59,384,元大證券,2023-08-23,9800
00764B,群益25年美債,438,79,359,元大證券,2023-08-23,9800
2357,華碩,1209,853,356,元大證券,2023-08-23,9800
020038,元大ESG配息N,395,44,351,元大證券,2023-08-23,9800
00636,國泰中國A50,366,16,350,元大證券,2023-08-23,9800
00930,永豐ESG低碳高息,403,57,346,元大證券,2023-08-23,9800
00888,永豐台灣ESG,431,85,346,元大證券,2023-08-23,9800
3363,上詮,500,158,342,元大證券,2023-08-23,9800
0056,元大高股息,20971,143,20828,元大證券,2023-08-24,9800
00687B,國泰20年美債,7910,411,7499,元大證券,2023-08-24,9800
00637L,元大滬深300正2,19141,11918,7223,元大證券,2023-08-24,9800
00931B,統一美債20年,7770,760,7010,元大證券,2023-08-24,9800
00673R,期元大S＆P原油反1,7203,1963,5240,元大證券,2023-08-24,9800
00706L,期元大S＆P日圓正2,4713,688,4025,元大證券,2023-08-24,9800
00881,國泰台灣5G+,3826,1146,2680,元大證券,2023-08-24,9800
00665L,富邦�琤肭磪囓�2,11390,9061,2329,元大證券,2023-08-24,9800
00664R,國泰臺灣加權反1,3098,961,2137,元大證券,2023-08-24,9800
00640L,富邦日本正2,1877,16,1861,元大證券,2023-08-24,9800
3037,欣興,3108,1354,1754,元大證券,2023-08-24,9800
00905,FT臺灣Smart,1556,123,1433,元大證券,2023-08-24,9800
00683L,期元大美元指正2,1301,142,1159,元大證券,2023-08-24,9800
00772B,中信高評級公司債,1883,744,1139,元大證券,2023-08-24,9800
00751B,元大AAA至A公司債,2876,1743,1133,元大證券,2023-08-24,9800
00930,永豐ESG低碳高息,1148,41,1107,元大證券,2023-08-24,9800
00901,永豐智能車供應鏈,1166,124,1042,元大證券,2023-08-24,9800
2376,技嘉,4753,3790,963,元大證券,2023-08-24,9800
00720B,元大投資級公司債,1183,223,960,元大證券,2023-08-24,9800
00752,中信中國50,1259,350,909,元大證券,2023-08-24,9800
00696B,富邦美債20年,992,84,908,元大證券,2023-08-24,9800
00634R,富邦上証反1,1092,192,900,元大證券,2023-08-24,9800
2382,廣達,9872,9014,858,元大證券,2023-08-24,9800
00915,凱基優選高股息30,963,166,797,元大證券,2023-08-24,9800
0050,元大台灣50,1089,352,737,元大證券,2023-08-24,9800
00701,國泰股利精選30,733,10,723,元大證券,2023-08-24,9800
00674R,期元大S＆P黃金反1,763,51,712,元大證券,2023-08-24,9800
00850,元大臺灣ESG永續,825,122,703,元大證券,2023-08-24,9800
00902,中信電池及儲能,878,198,680,元大證券,2023-08-24,9800
00725B,國泰投資級公司債,664,20,644,元大證券,2023-08-24,9800
00740B,富邦全球投等債,812,213,599,元大證券,2023-08-24,9800
00648R,元大S＆P500反1,1103,511,592,元大證券,2023-08-24,9800
2634,漢翔,2441,1871,570,元大證券,2023-08-24,9800
00669R,國泰美國道瓊反1,1688,1145,543,元大證券,2023-08-24,9800
2801,彰銀,562,30,532,元大證券,2023-08-24,9800
00923,群益台ESG低碳50,2632,2110,522,元大證券,2023-08-24,9800
00926,凱基全球菁英55,509,0,509,元大證券,2023-08-24,9800
2436,偉詮電,635,133,502,元大證券,2023-08-24,9800
00857B,永豐20年美公債,620,119,501,元大證券,2023-08-24,9800
00688L,國泰20年美債正2,1409,913,496,元大證券,2023-08-24,9800
6274,台燿,1740,1256,484,元大證券,2023-08-24,9800
3689,湧德,1090,623,467,元大證券,2023-08-24,9800
00654R,富邦印度反1,454,0,454,元大證券,2023-08-24,9800
00641R,富邦日本反1,505,61,444,元大證券,2023-08-24,9800
3017,奇鋐,1413,980,433,元大證券,2023-08-24,9800
020022,元大電動車N,484,59,425,元大證券,2023-08-24,9800
00896,中信綠能及電動車,688,264,424,元大證券,2023-08-24,9800
00898,國泰基因免疫革命,424,0,424,元大證券,2023-08-24,9800
2301,光寶科,4777,4405,372,元大證券,2023-08-24,9800
00764B,群益25年美債,450,86,364,元大證券,2023-08-24,9800
00632R,元大台灣50反1,42426,11807,30619,元大證券,2023-08-25,9800
00662,富邦NASDAQ,6659,313,6346,元大證券,2023-08-25,9800
00680L,元大美債20正2,4601,1417,3184,元大證券,2023-08-25,9800
00830,國泰費城半導體,2849,1071,1778,元大證券,2023-08-25,9800
00885,富邦越南,2961,1291,1670,元大證券,2023-08-25,9800
00669R,國泰美國道瓊反1,1899,232,1667,元大證券,2023-08-25,9800
00673R,期元大S＆P原油反1,2699,1245,1454,元大證券,2023-08-25,9800
4906,正文,3345,2029,1316,元大證券,2023-08-25,9800
00688L,國泰20年美債正2,1504,325,1179,元大證券,2023-08-25,9800
00931B,統一美債20年,2347,1217,1130,元大證券,2023-08-25,9800
00715L,期街口布蘭特正2,1305,241,1064,元大證券,2023-08-25,9800
3231,緯創,10515,9476,1039,元大證券,2023-08-25,9800
00895,富邦未來車,1135,105,1030,元大證券,2023-08-25,9800
00648R,元大S＆P500反1,861,0,861,元大證券,2023-08-25,9800
00725B,國泰投資級公司債,800,13,787,元大證券,2023-08-25,9800
2002,中鋼,1206,475,731,元大證券,2023-08-25,9800
00679B,元大美債20年,1386,750,636,元大證券,2023-08-25,9800
00637L,元大滬深300正2,8181,7608,573,元大證券,2023-08-25,9800
2887,台新金,866,329,537,元大證券,2023-08-25,9800
00696B,富邦美債20年,627,95,532,元大證券,2023-08-25,9800
1301,台塑,649,161,488,元大證券,2023-08-25,9800
2897,王道銀行,530,56,474,元大證券,2023-08-25,9800
2324,仁寶,2254,1784,470,元大證券,2023-08-25,9800
2890,永豐金,701,234,467,元大證券,2023-08-25,9800
00639,富邦深100,757,330,427,元大證券,2023-08-25,9800
2371,大同,510,142,368,元大證券,2023-08-25,9800
00701,國泰股利精選30,468,108,360,元大證券,2023-08-25,9800
00642U,期元大S＆P石油,512,175,337,元大證券,2023-08-25,9800
2485,兆赫,3197,2871,326,元大證券,2023-08-25,9800
00683L,期元大美元指正2,499,174,325,元大證券,2023-08-25,9800
2425,承啟,438,116,322,元大證券,2023-08-25,9800
00930,永豐ESG低碳高息,655,337,318,元大證券,2023-08-25,9800
00853B,統一美債10年Aa-,320,3,317,元大證券,2023-08-25,9800
2332,友訊,1927,1615,312,元大證券,2023-08-25,9800
2331,精英,4308,4001,307,元大證券,2023-08-25,9800
00903,富邦元宇宙,380,95,285,元大證券,2023-08-25,9800
00908,富邦入息REITs+,279,2,277,元大證券,2023-08-25,9800
00664R,國泰臺灣加權反1,2636,2364,272,元大證券,2023-08-25,9800
1326,台化,447,181,266,元大證券,2023-08-25,9800
00752,中信中國50,429,206,223,元大證券,2023-08-25,9800
00640L,富邦日本正2,265,48,217,元大證券,2023-08-25,9800
00708L,期元大S＆P黃金正2,233,23,210,元大證券,2023-08-25,9800
00636,國泰中國A50,195,7,188,元大證券,2023-08-25,9800
00738U,期元大道瓊白銀,191,4,187,元大證券,2023-08-25,9800
4938,和碩,699,531,168,元大證券,2023-08-25,9800
5425,台半,209,55,154,元大證券,2023-08-25,9800
00720B,元大投資級公司債,286,135,151,元大證券,2023-08-25,9800
2345,智邦,350,201,149,元大證券,2023-08-25,9800
00877,復華中國5G,1160,1011,149,元大證券,2023-08-25,9800
8932,智通*,178,31,147,元大證券,2023-08-25,9800
00673R,期元大S＆P原油反1,10872,6349,4523,元大證券,2023-08-28,9800
00923,群益台ESG低碳50,3222,1114,2108,元大證券,2023-08-28,9800
00931B,統一美債20年,2223,790,1433,元大證券,2023-08-28,9800
00669R,國泰美國道瓊反1,942,21,921,元大證券,2023-08-28,9800
00648R,元大S＆P500反1,693,4,689,元大證券,2023-08-28,9800
0050,元大台灣50,1038,359,679,元大證券,2023-08-28,9800
00687B,國泰20年美債,2259,1622,637,元大證券,2023-08-28,9800
00881,國泰台灣5G+,1195,566,629,元大證券,2023-08-28,9800
2301,光寶科,2411,1791,620,元大證券,2023-08-28,9800
1319,東陽,1054,470,584,元大證券,2023-08-28,9800
2888,新光金,895,318,577,元大證券,2023-08-28,9800
00891,中信關鍵半導體,1318,743,575,元大證券,2023-08-28,9800
2897,王道銀行,586,29,557,元大證券,2023-08-28,9800
1477,聚陽,636,111,525,元大證券,2023-08-28,9800
00640L,富邦日本正2,522,0,522,元大證券,2023-08-28,9800
1504,東元,572,53,519,元大證券,2023-08-28,9800
2634,漢翔,2066,1549,517,元大證券,2023-08-28,9800
00631L,元大台灣50正2,801,291,510,元大證券,2023-08-28,9800
1301,台塑,560,63,497,元大證券,2023-08-28,9800
00688L,國泰20年美債正2,960,476,484,元大證券,2023-08-28,9800
00853B,統一美債10年Aa-,464,1,463,元大證券,2023-08-28,9800
00892,富邦台灣半導體,957,541,416,元大證券,2023-08-28,9800
1303,南亞,432,60,372,元大證券,2023-08-28,9800
3711,日月光投控,1100,752,348,元大證券,2023-08-28,9800
2409,友達,480,148,332,元大證券,2023-08-28,9800
00902,中信電池及儲能,345,21,324,元大證券,2023-08-28,9800
00850,元大臺灣ESG永續,391,74,317,元大證券,2023-08-28,9800
00655L,國泰中國A50正2,2707,2403,304,元大證券,2023-08-28,9800
3702,大聯大,344,93,251,元大證券,2023-08-28,9800
2425,承啟,605,355,250,元大證券,2023-08-28,9800
00878,國泰永續高股息,15294,15052,242,元大證券,2023-08-28,9800
00642U,期元大S＆P石油,272,39,233,元大證券,2023-08-28,9800
00683L,期元大美元指正2,636,406,230,元大證券,2023-08-28,9800
00905,FT臺灣Smart,265,36,229,元大證券,2023-08-28,9800
00912,中信臺灣智慧50,224,20,204,元大證券,2023-08-28,9800
00930,永豐ESG低碳高息,436,243,193,元大證券,2023-08-28,9800
2347,聯強,252,60,192,元大證券,2023-08-28,9800
00772B,中信高評級公司債,477,293,184,元大證券,2023-08-28,9800
00894,中信小資高價30,194,11,183,元大證券,2023-08-28,9800
00900,富邦特選高股息30,1822,1641,181,元大證券,2023-08-28,9800
2903,遠百,200,21,179,元大證券,2023-08-28,9800
9958,世紀鋼,235,60,175,元大證券,2023-08-28,9800
2886,兆豐金,288,117,171,元大證券,2023-08-28,9800
00693U,期街口S＆P黃豆,176,5,171,元大證券,2023-08-28,9800
2436,偉詮電,315,145,170,元大證券,2023-08-28,9800
00670L,富邦NASDAQ正2,341,183,158,元大證券,2023-08-28,9800
3715,定穎投控,1756,1609,147,元大證券,2023-08-28,9800
1326,台化,180,37,143,元大證券,2023-08-28,9800
3227,原相,207,75,132,元大證券,2023-08-28,9800
2885,元大金,141,10,131,元大證券,2023-08-28,9800
00665L,富邦�琤肭磪囓�2,12914,6621,6293,元大證券,2023-08-29,9800
00637L,元大滬深300正2,22203,16112,6091,元大證券,2023-08-29,9800
00929,復華台灣科技優息,8702,5430,3272,元大證券,2023-08-29,9800
0050,元大台灣50,3440,217,3223,元大證券,2023-08-29,9800
00878,國泰永續高股息,8024,5580,2444,元大證券,2023-08-29,9800
00650L,復華香港正2,4652,2309,2343,元大證券,2023-08-29,9800
00931B,統一美債20年,4045,2041,2004,元大證券,2023-08-29,9800
00919,群益台灣精選高息,3561,1599,1962,元大證券,2023-08-29,9800
00900,富邦特選高股息30,2902,1195,1707,元大證券,2023-08-29,9800
00923,群益台ESG低碳50,3150,1629,1521,元大證券,2023-08-29,9800
00861,元大全球未來通訊,1503,0,1503,元大證券,2023-08-29,9800
2317,鴻海,2115,694,1421,元大證券,2023-08-29,9800
00715L,期街口布蘭特正2,1885,578,1307,元大證券,2023-08-29,9800
00751B,元大AAA至A公司債,2176,1035,1141,元大證券,2023-08-29,9800
2324,仁寶,1835,705,1130,元大證券,2023-08-29,9800
00893,國泰智能電動車,1278,222,1056,元大證券,2023-08-29,9800
00881,國泰台灣5G+,1402,454,948,元大證券,2023-08-29,9800
2888,新光金,1212,306,906,元大證券,2023-08-29,9800
00895,富邦未來車,836,2,834,元大證券,2023-08-29,9800
00772B,中信高評級公司債,1052,251,801,元大證券,2023-08-29,9800
2897,王道銀行,713,23,690,元大證券,2023-08-29,9800
2436,偉詮電,1352,664,688,元大證券,2023-08-29,9800
00648R,元大S＆P500反1,664,0,664,元大證券,2023-08-29,9800
3037,欣興,1442,794,648,元大證券,2023-08-29,9800
00669R,國泰美國道瓊反1,661,13,648,元大證券,2023-08-29,9800
00692,富邦公司治理,606,0,606,元大證券,2023-08-29,9800
00725B,國泰投資級公司債,614,16,598,元大證券,2023-08-29,9800
00676R,富邦臺灣加權反1,2669,2132,537,元大證券,2023-08-29,9800
3706,神達,613,84,529,元大證券,2023-08-29,9800
00753L,中信中國50正2,1940,1420,520,元大證券,2023-08-29,9800
00713,元大台灣高息低波,732,304,428,元大證券,2023-08-29,9800
006208,富邦台50,782,361,421,元大證券,2023-08-29,9800
00683L,期元大美元指正2,426,5,421,元大證券,2023-08-29,9800
00930,永豐ESG低碳高息,649,231,418,元大證券,2023-08-29,9800
9945,潤泰新,641,261,380,元大證券,2023-08-29,9800
006207,復華滬深,388,25,363,元大證券,2023-08-29,9800
1605,華新,577,221,356,元大證券,2023-08-29,9800
00907,永豐優息存股,437,88,349,元大證券,2023-08-29,9800
2542,興富發,351,12,339,元大證券,2023-08-29,9800
00894,中信小資高價30,353,14,339,元大證券,2023-08-29,9800
9904,寶成,344,27,317,元大證券,2023-08-29,9800
00927,群益半導體收益,423,112,311,元大證券,2023-08-29,9800
00850,元大臺灣ESG永續,435,125,310,元大證券,2023-08-29,9800
00905,FT臺灣Smart,322,16,306,元大證券,2023-08-29,9800
2337,旺宏,529,230,299,元大證券,2023-08-29,9800
00720B,元大投資級公司債,541,252,289,元大證券,2023-08-29,9800
00640L,富邦日本正2,299,15,284,元大證券,2023-08-29,9800
00915,凱基優選高股息30,512,232,280,元大證券,2023-08-29,9800
020023,元大櫃買半導體N,316,43,273,元大證券,2023-08-29,9800
00924,復華S＆P500成長,261,0,261,元大證券,2023-08-29,9800
00632R,元大台灣50反1,31918,16544,15374,元大證券,2023-08-30,9800
00931B,統一美債20年,9688,908,8780,元大證券,2023-08-30,9800
00648R,元大S＆P500反1,5500,221,5279,元大證券,2023-08-30,9800
00881,國泰台灣5G+,2952,110,2842,元大證券,2023-08-30,9800
00715L,期街口布蘭特正2,3990,1338,2652,元大證券,2023-08-30,9800
2886,兆豐金,2750,277,2473,元大證券,2023-08-30,9800
00930,永豐ESG低碳高息,2453,17,2436,元大證券,2023-08-30,9800
00929,復華台灣科技優息,6290,3880,2410,元大證券,2023-08-30,9800
0050,元大台灣50,2132,130,2002,元大證券,2023-08-30,9800
00891,中信關鍵半導體,2317,560,1757,元大證券,2023-08-30,9800
00680L,元大美債20正2,3444,1695,1749,元大證券,2023-08-30,9800
0056,元大高股息,1805,76,1729,元大證券,2023-08-30,9800
00753L,中信中國50正2,4303,2696,1607,元大證券,2023-08-30,9800
00688L,國泰20年美債正2,2239,878,1361,元大證券,2023-08-30,9800
00642U,期元大S＆P石油,1115,0,1115,元大證券,2023-08-30,9800
00900,富邦特選高股息30,1954,1003,951,元大證券,2023-08-30,9800
2382,廣達,2541,1627,914,元大證券,2023-08-30,9800
5371,中光電,1262,383,879,元大證券,2023-08-30,9800
00631L,元大台灣50正2,1313,482,831,元大證券,2023-08-30,9800
00687B,國泰20年美債,3183,2455,728,元大證券,2023-08-30,9800
6213,聯茂,2053,1328,725,元大證券,2023-08-30,9800
2388,威盛,983,277,706,元大證券,2023-08-30,9800
00708L,期元大S＆P黃金正2,704,19,685,元大證券,2023-08-30,9800
00895,富邦未來車,705,27,678,元大證券,2023-08-30,9800
3711,日月光投控,1032,356,676,元大證券,2023-08-30,9800
2634,漢翔,915,257,658,元大證券,2023-08-30,9800
00683L,期元大美元指正2,610,0,610,元大證券,2023-08-30,9800
1802,台玻,1543,1018,525,元大證券,2023-08-30,9800
00892,富邦台灣半導體,643,119,524,元大證券,2023-08-30,9800
4906,正文,695,172,523,元大證券,2023-08-30,9800
00927,群益半導體收益,590,132,458,元大證券,2023-08-30,9800
3715,定穎投控,4209,3755,454,元大證券,2023-08-30,9800
2845,遠東銀,458,18,440,元大證券,2023-08-30,9800
2330,台積電,496,56,440,元大證券,2023-08-30,9800
8299,群聯,596,169,427,元大證券,2023-08-30,9800
00924,復華S＆P500成長,526,103,423,元大證券,2023-08-30,9800
3260,威剛,554,133,421,元大證券,2023-08-30,9800
2401,凌陽,761,343,418,元大證券,2023-08-30,9800
00905,FT臺灣Smart,424,7,417,元大證券,2023-08-30,9800
2897,王道銀行,423,7,416,元大證券,2023-08-30,9800
2347,聯強,459,45,414,元大證券,2023-08-30,9800
2317,鴻海,718,307,411,元大證券,2023-08-30,9800
00757,統一FANG+,439,34,405,元大證券,2023-08-30,9800
2337,旺宏,4498,4103,395,元大證券,2023-08-30,9800
00894,中信小資高價30,398,11,387,元大證券,2023-08-30,9800
00640L,富邦日本正2,396,15,381,元大證券,2023-08-30,9800
4904,遠傳,387,7,380,元大證券,2023-08-30,9800
00850,元大臺灣ESG永續,400,51,349,元大證券,2023-08-30,9800
3231,緯創,1867,1521,346,元大證券,2023-08-30,9800
00738U,期元大道瓊白銀,339,0,339,元大證券,2023-08-30,9800
00632R,元大台灣50反1,23992,9507,14485,元大證券,2023-08-31,9800
3231,緯創,12149,5338,6811,元大證券,2023-08-31,9800
00751B,元大AAA至A公司債,2568,324,2244,元大證券,2023-08-31,9800
00772B,中信高評級公司債,2156,43,2113,元大證券,2023-08-31,9800
2886,兆豐金,1756,122,1634,元大證券,2023-08-31,9800
2887,台新金,1564,45,1519,元大證券,2023-08-31,9800
00715L,期街口布蘭特正2,1552,149,1403,元大證券,2023-08-31,9800
00712,復華富時不動產,1317,1,1316,元大證券,2023-08-31,9800
00931B,統一美債20年,4140,2896,1244,元大證券,2023-08-31,9800
00664R,國泰臺灣加權反1,1464,256,1208,元大證券,2023-08-31,9800
00930,永豐ESG低碳高息,1110,18,1092,元大證券,2023-08-31,9800
00688L,國泰20年美債正2,1567,497,1070,元大證券,2023-08-31,9800
2317,鴻海,1188,133,1055,元大證券,2023-08-31,9800
2303,聯電,2002,975,1027,元大證券,2023-08-31,9800
2603,長榮,1074,95,979,元大證券,2023-08-31,9800
00683L,期元大美元指正2,932,0,932,元大證券,2023-08-31,9800
00893,國泰智能電動車,1207,299,908,元大證券,2023-08-31,9800
00680L,元大美債20正2,2284,1544,740,元大證券,2023-08-31,9800
00878,國泰永續高股息,8883,8169,714,元大證券,2023-08-31,9800
00686R,群益臺灣加權反1,701,0,701,元大證券,2023-08-31,9800
00708L,期元大S＆P黃金正2,650,4,646,元大證券,2023-08-31,9800
00757,統一FANG+,604,7,597,元大證券,2023-08-31,9800
2897,王道銀行,591,7,584,元大證券,2023-08-31,9800
00753L,中信中國50正2,2640,2066,574,元大證券,2023-08-31,9800
00642U,期元大S＆P石油,565,0,565,元大證券,2023-08-31,9800
3260,威剛,905,346,559,元大證券,2023-08-31,9800
2634,漢翔,1126,618,508,元大證券,2023-08-31,9800
1326,台化,562,72,490,元大證券,2023-08-31,9800
6285,啟��,897,422,475,元大證券,2023-08-31,9800
2834,臺企銀,495,22,473,元大證券,2023-08-31,9800
1605,華新,623,157,466,元大證券,2023-08-31,9800
2330,台積電,617,171,446,元大證券,2023-08-31,9800
00885,富邦越南,2516,2075,441,元大證券,2023-08-31,9800
00725B,國泰投資級公司債,791,355,436,元大證券,2023-08-31,9800
6147,頎邦,557,121,436,元大證券,2023-08-31,9800
2357,華碩,778,376,402,元大證券,2023-08-31,9800
00676R,富邦臺灣加權反1,670,268,402,元大證券,2023-08-31,9800
00670L,富邦NASDAQ正2,542,141,401,元大證券,2023-08-31,9800
6257,矽格,422,40,382,元大證券,2023-08-31,9800
6274,台燿,1055,678,377,元大證券,2023-08-31,9800
1101,台泥,487,118,369,元大證券,2023-08-31,9800
00773B,中信優先金融債,457,96,361,元大證券,2023-08-31,9800
00857B,永豐20年美公債,628,270,358,元大證券,2023-08-31,9800
00858,永豐美國500大,334,0,334,元大證券,2023-08-31,9800
2382,廣達,3141,2821,320,元大證券,2023-08-31,9800
00738U,期元大道瓊白銀,361,51,310,元大證券,2023-08-31,9800
00669R,國泰美國道瓊反1,814,505,309,元大證券,2023-08-31,9800
2356,英業達,1880,1578,302,元大證券,2023-08-31,9800
00927,群益半導體收益,384,93,291,元大證券,2023-08-31,9800
00640L,富邦日本正2,314,44,270,元大證券,2023-08-31,9800
00931B,統一美債20年,6450,1578,4872,元大證券,2023-09-01,9800
00715L,期街口布蘭特正2,4604,518,4086,元大證券,2023-09-01,9800
00642U,期元大S＆P石油,3799,1,3798,元大證券,2023-09-01,9800
00637L,元大滬深300正2,13649,10948,2701,元大證券,2023-09-01,9800
2002,中鋼,3119,787,2332,元大證券,2023-09-01,9800
00680L,元大美債20正2,1934,415,1519,元大證券,2023-09-01,9800
2303,聯電,1772,422,1350,元大證券,2023-09-01,9800
00687B,國泰20年美債,2479,1324,1155,元大證券,2023-09-01,9800
00712,復華富時不動產,1126,18,1108,元大證券,2023-09-01,9800
00757,統一FANG+,1105,106,999,元大證券,2023-09-01,9800
00930,永豐ESG低碳高息,867,3,864,元大證券,2023-09-01,9800
00830,國泰費城半導體,950,91,859,元大證券,2023-09-01,9800
00891,中信關鍵半導體,930,74,856,元大證券,2023-09-01,9800
00665L,富邦�琤肭磪囓�2,1061,210,851,元大證券,2023-09-01,9800
00633L,富邦上証正2,2338,1498,840,元大證券,2023-09-01,9800
00923,群益台ESG低碳50,1213,373,840,元大證券,2023-09-01,9800
00688L,國泰20年美債正2,1437,659,778,元大證券,2023-09-01,9800
00662,富邦NASDAQ,1030,253,777,元大證券,2023-09-01,9800
4906,正文,1213,462,751,元大證券,2023-09-01,9800
0050,元大台灣50,999,254,745,元大證券,2023-09-01,9800
00881,國泰台灣5G+,801,193,608,元大證券,2023-09-01,9800
00669R,國泰美國道瓊反1,611,5,606,元大證券,2023-09-01,9800
1326,台化,682,87,595,元大證券,2023-09-01,9800
00670L,富邦NASDAQ正2,647,72,575,元大證券,2023-09-01,9800
2618,長榮航,2879,2307,572,元大證券,2023-09-01,9800
2515,中工,616,48,568,元大證券,2023-09-01,9800
00888,永豐台灣ESG,588,52,536,元大證券,2023-09-01,9800
2610,華航,1197,698,499,元大證券,2023-09-01,9800
00683L,期元大美元指正2,495,0,495,元大證券,2023-09-01,9800
2634,漢翔,1038,546,492,元大證券,2023-09-01,9800
00676R,富邦臺灣加權反1,884,410,474,元大證券,2023-09-01,9800
3481,群創,1082,612,470,元大證券,2023-09-01,9800
2382,廣達,3110,2659,451,元大證券,2023-09-01,9800
1301,台塑,485,63,422,元大證券,2023-09-01,9800
00893,國泰智能電動車,561,196,365,元大證券,2023-09-01,9800
00664R,國泰臺灣加權反1,369,28,341,元大證券,2023-09-01,9800
00853B,統一美債10年Aa-,328,1,327,元大證券,2023-09-01,9800
6274,台燿,1256,934,322,元大證券,2023-09-01,9800
00795B,中信美國公債20年,1306,990,316,元大證券,2023-09-01,9800
2204,中華,690,378,312,元大證券,2023-09-01,9800
2603,長榮,679,376,303,元大證券,2023-09-01,9800
2409,友達,578,277,301,元大證券,2023-09-01,9800
2344,華邦電,814,537,277,元大證券,2023-09-01,9800
2609,陽明,396,123,273,元大證券,2023-09-01,9800
8110,華東,322,49,273,元大證券,2023-09-01,9800
00885,富邦越南,303,35,268,元大證券,2023-09-01,9800
2891,中信金,499,231,268,元大證券,2023-09-01,9800
00850,元大臺灣ESG永續,262,16,246,元大證券,2023-09-01,9800
6005,群益證,299,53,246,元大證券,2023-09-01,9800
00701,國泰股利精選30,246,10,236,元大證券,2023-09-01,9800
00637L,元大滬深300正2,24116,16276,7840,元大證券,2023-09-04,9800
00665L,富邦�琤肭磪囓�2,12625,6487,6138,元大證券,2023-09-04,9800
00650L,復華香港正2,7629,3705,3924,元大證券,2023-09-04,9800
00900,富邦特選高股息30,3829,625,3204,元大證券,2023-09-04,9800
00752,中信中國50,3180,482,2698,元大證券,2023-09-04,9800
00664R,國泰臺灣加權反1,2875,225,2650,元大證券,2023-09-04,9800
00878,國泰永續高股息,8049,5716,2333,元大證券,2023-09-04,9800
00753L,中信中國50正2,4820,2524,2296,元大證券,2023-09-04,9800
00642U,期元大S＆P石油,2058,7,2051,元大證券,2023-09-04,9800
2801,彰銀,2021,119,1902,元大證券,2023-09-04,9800
00795B,中信美國公債20年,3371,1472,1899,元大證券,2023-09-04,9800
00893,國泰智能電動車,2162,344,1818,元大證券,2023-09-04,9800
00633L,富邦上証正2,4251,2578,1673,元大證券,2023-09-04,9800
00676R,富邦臺灣加權反1,3079,1495,1584,元大證券,2023-09-04,9800
00655L,國泰中國A50正2,2605,1183,1422,元大證券,2023-09-04,9800
00882,中信中國高股息,4863,3445,1418,元大證券,2023-09-04,9800
1802,台玻,5388,4018,1370,元大證券,2023-09-04,9800
00671R,富邦NASDAQ反1,1905,628,1277,元大證券,2023-09-04,9800
2002,中鋼,3242,1997,1245,元大證券,2023-09-04,9800
00648R,元大S＆P500反1,1179,6,1173,元大證券,2023-09-04,9800
00662,富邦NASDAQ,1525,383,1142,元大證券,2023-09-04,9800
00669R,國泰美國道瓊反1,1197,66,1131,元大證券,2023-09-04,9800
00757,統一FANG+,954,20,934,元大證券,2023-09-04,9800
1301,台塑,1036,135,901,元大證券,2023-09-04,9800
2886,兆豐金,1050,244,806,元大證券,2023-09-04,9800
00905,FT臺灣Smart,792,11,781,元大證券,2023-09-04,9800
00772B,中信高評級公司債,1314,535,779,元大證券,2023-09-04,9800
2436,偉詮電,2768,2031,737,元大證券,2023-09-04,9800
00891,中信關鍵半導體,846,183,663,元大證券,2023-09-04,9800
00923,群益台ESG低碳50,2067,1415,652,元大證券,2023-09-04,9800
00764B,群益25年美債,834,189,645,元大證券,2023-09-04,9800
00903,富邦元宇宙,605,2,603,元大證券,2023-09-04,9800
8086,宏捷科,951,382,569,元大證券,2023-09-04,9800
2897,王道銀行,576,37,539,元大證券,2023-09-04,9800
00683L,期元大美元指正2,522,0,522,元大證券,2023-09-04,9800
00927,群益半導體收益,859,351,508,元大證券,2023-09-04,9800
00932,兆豐永續高息等權,1851,1397,454,元大證券,2023-09-04,9800
2458,義隆,672,263,409,元大證券,2023-09-04,9800
00686R,群益臺灣加權反1,395,0,395,元大證券,2023-09-04,9800
0050,元大台灣50,523,153,370,元大證券,2023-09-04,9800
2105,正新,494,127,367,元大證券,2023-09-04,9800
5009,榮剛,1371,1012,359,元大證券,2023-09-04,9800
2324,仁寶,707,348,359,元大證券,2023-09-04,9800
00892,富邦台灣半導體,462,110,352,元大證券,2023-09-04,9800
00930,永豐ESG低碳高息,615,265,350,元大證券,2023-09-04,9800
00885,富邦越南,700,360,340,元大證券,2023-09-04,9800
00850,元大臺灣ESG永續,402,71,331,元大證券,2023-09-04,9800
6274,台燿,1203,881,322,元大證券,2023-09-04,9800
00897,富邦基因免疫生技,311,0,311,元大證券,2023-09-04,9800
1605,華新,536,240,296,元大證券,2023-09-04,9800
00632R,元大台灣50反1,14415,5473,8942,元大證券,2023-09-05,9800
00712,復華富時不動產,3193,0,3193,元大證券,2023-09-05,9800
00687B,國泰20年美債,3471,1125,2346,元大證券,2023-09-05,9800
0056,元大高股息,1939,109,1830,元大證券,2023-09-05,9800
00642U,期元大S＆P石油,1528,0,1528,元大證券,2023-09-05,9800
00772B,中信高評級公司債,1690,170,1520,元大證券,2023-09-05,9800
2816,旺旺保,1287,3,1284,元大證券,2023-09-05,9800
00662,富邦NASDAQ,1297,23,1274,元大證券,2023-09-05,9800
00664R,國泰臺灣加權反1,1262,7,1255,元大證券,2023-09-05,9800
00885,富邦越南,1882,757,1125,元大證券,2023-09-05,9800
0050,元大台灣50,1238,126,1112,元大證券,2023-09-05,9800
00927,群益半導體收益,1074,5,1069,元大證券,2023-09-05,9800
00665L,富邦�琤肭磪囓�2,6572,5526,1046,元大證券,2023-09-05,9800
2886,兆豐金,1066,35,1031,元大證券,2023-09-05,9800
00795B,中信美國公債20年,1282,324,958,元大證券,2023-09-05,9800
2897,王道銀行,960,30,930,元大證券,2023-09-05,9800
6274,台燿,1802,880,922,元大證券,2023-09-05,9800
00830,國泰費城半導體,1119,257,862,元大證券,2023-09-05,9800
00764B,群益25年美債,832,5,827,元大證券,2023-09-05,9800
2603,長榮,806,90,716,元大證券,2023-09-05,9800
00715L,期街口布蘭特正2,2685,1999,686,元大證券,2023-09-05,9800
00669R,國泰美國道瓊反1,657,0,657,元大證券,2023-09-05,9800
00676R,富邦臺灣加權反1,1055,450,605,元大證券,2023-09-05,9800
00930,永豐ESG低碳高息,736,144,592,元大證券,2023-09-05,9800
00757,統一FANG+,638,54,584,元大證券,2023-09-05,9800
8358,金居,3213,2691,522,元大證券,2023-09-05,9800
00646,元大S＆P500,556,42,514,元大證券,2023-09-05,9800
00893,國泰智能電動車,960,466,494,元大證券,2023-09-05,9800
00895,富邦未來車,512,27,485,元大證券,2023-09-05,9800
00648R,元大S＆P500反1,466,0,466,元大證券,2023-09-05,9800
2382,廣達,1332,872,460,元大證券,2023-09-05,9800
00905,FT臺灣Smart,457,2,455,元大證券,2023-09-05,9800
2330,台積電,391,26,365,元大證券,2023-09-05,9800
00876,元大全球5G,354,3,351,元大證券,2023-09-05,9800
2201,裕隆,626,281,345,元大證券,2023-09-05,9800
00701,國泰股利精選30,350,9,341,元大證券,2023-09-05,9800
00903,富邦元宇宙,346,5,341,元大證券,2023-09-05,9800
00752,中信中國50,857,519,338,元大證券,2023-09-05,9800
00898,國泰基因免疫革命,341,3,338,元大證券,2023-09-05,9800
6223,旺矽,540,203,337,元大證券,2023-09-05,9800
3035,智原,966,631,335,元大證券,2023-09-05,9800
00696B,富邦美債20年,674,346,328,元大證券,2023-09-05,9800
00773B,中信優先金融債,361,61,300,元大證券,2023-09-05,9800
6531,愛普*,980,694,286,元大證券,2023-09-05,9800
00923,群益台ESG低碳50,698,438,260,元大證券,2023-09-05,9800
00683L,期元大美元指正2,259,0,259,元大證券,2023-09-05,9800
1605,華新,401,164,237,元大證券,2023-09-05,9800
3260,威剛,413,178,235,元大證券,2023-09-05,9800
00708L,期元大S＆P黃金正2,243,9,234,元大證券,2023-09-05,9800
2383,台光電,513,284,229,元大證券,2023-09-05,9800
0056,元大高股息,7346,37,7309,元大證券,2023-09-06,9800
2313,華通,15124,8290,6834,元大證券,2023-09-06,9800
00712,復華富時不動產,2114,202,1912,元大證券,2023-09-06,9800
00882,中信中國高股息,3171,1282,1889,元大證券,2023-09-06,9800
0050,元大台灣50,1791,67,1724,元大證券,2023-09-06,9800
00669R,國泰美國道瓊反1,1927,499,1428,元大證券,2023-09-06,9800
2897,王道銀行,1583,193,1390,元大證券,2023-09-06,9800
00895,富邦未來車,1342,57,1285,元大證券,2023-09-06,9800
00893,國泰智能電動車,1135,41,1094,元大證券,2023-09-06,9800
00665L,富邦�琤肭磪囓�2,7443,6446,997,元大證券,2023-09-06,9800
6285,啟��,1786,946,840,元大證券,2023-09-06,9800
4906,正文,1445,626,819,元大證券,2023-09-06,9800
2603,長榮,1077,331,746,元大證券,2023-09-06,9800
00757,統一FANG+,777,51,726,元大證券,2023-09-06,9800
3711,日月光投控,1079,451,628,元大證券,2023-09-06,9800
3704,合勤控,801,208,593,元大證券,2023-09-06,9800
5009,榮剛,645,148,497,元大證券,2023-09-06,9800
00670L,富邦NASDAQ正2,523,57,466,元大證券,2023-09-06,9800
6147,頎邦,794,362,432,元大證券,2023-09-06,9800
00764B,群益25年美債,505,77,428,元大證券,2023-09-06,9800
2886,兆豐金,1292,871,421,元大證券,2023-09-06,9800
00688L,國泰20年美債正2,1458,1039,419,元大證券,2023-09-06,9800
2887,台新金,1131,712,419,元大證券,2023-09-06,9800
4961,天鈺,698,282,416,元大證券,2023-09-06,9800
00648R,元大S＆P500反1,539,150,389,元大證券,2023-09-06,9800
00696B,富邦美債20年,663,276,387,元大證券,2023-09-06,9800
00642U,期元大S＆P石油,473,86,387,元大證券,2023-09-06,9800
6274,台燿,2665,2317,348,元大證券,2023-09-06,9800
8112,至上,7445,7123,322,元大證券,2023-09-06,9800
6239,力成,530,214,316,元大證券,2023-09-06,9800
2890,永豐金,1204,909,295,元大證券,2023-09-06,9800
00830,國泰費城半導體,627,332,295,元大證券,2023-09-06,9800
1319,東陽,390,99,291,元大證券,2023-09-06,9800
2316,楠梓電,444,155,289,元大證券,2023-09-06,9800
2634,漢翔,433,145,288,元大證券,2023-09-06,9800
00676R,富邦臺灣加權反1,965,681,284,元大證券,2023-09-06,9800
020022,元大電動車N,284,31,253,元大證券,2023-09-06,9800
3324,雙鴻,944,692,252,元大證券,2023-09-06,9800
00657,國泰日經225,252,1,251,元大證券,2023-09-06,9800
00674R,期元大S＆P黃金反1,346,100,246,元大證券,2023-09-06,9800
00725B,國泰投資級公司債,368,123,245,元大證券,2023-09-06,9800
4966,譜瑞-KY,374,130,244,元大證券,2023-09-06,9800
00858,永豐美國500大,227,0,227,元大證券,2023-09-06,9800
6213,聯茂,668,441,227,元大證券,2023-09-06,9800
00631L,元大台灣50正2,494,280,214,元大證券,2023-09-06,9800
6176,瑞儀,401,189,212,元大證券,2023-09-06,9800
00664R,國泰臺灣加權反1,920,710,210,元大證券,2023-09-06,9800
2337,旺宏,612,407,205,元大證券,2023-09-06,9800
2485,兆赫,761,558,203,元大證券,2023-09-06,9800
8050,廣積,630,427,203,元大證券,2023-09-06,9800
00632R,元大台灣50反1,17114,3774,13340,元大證券,2023-09-07,9800
00687B,國泰20年美債,2475,829,1646,元大證券,2023-09-07,9800
00885,富邦越南,4419,2805,1614,元大證券,2023-09-07,9800
00931B,統一美債20年,2738,1161,1577,元大證券,2023-09-07,9800
00712,復華富時不動產,1655,79,1576,元大證券,2023-09-07,9800
00676R,富邦臺灣加權反1,2009,916,1093,元大證券,2023-09-07,9800
00662,富邦NASDAQ,845,29,816,元大證券,2023-09-07,9800
3704,合勤控,1676,884,792,元大證券,2023-09-07,9800
2886,兆豐金,1282,497,785,元大證券,2023-09-07,9800
00642U,期元大S＆P石油,1024,263,761,元大證券,2023-09-07,9800
00764B,群益25年美債,1026,309,717,元大證券,2023-09-07,9800
00664R,國泰臺灣加權反1,1866,1204,662,元大證券,2023-09-07,9800
00757,統一FANG+,691,60,631,元大證券,2023-09-07,9800
2455,全新,746,118,628,元大證券,2023-09-07,9800
00893,國泰智能電動車,1310,683,627,元大證券,2023-09-07,9800
00753L,中信中國50正2,2168,1571,597,元大證券,2023-09-07,9800
00895,富邦未來車,581,36,545,元大證券,2023-09-07,9800
8299,群聯,559,112,447,元大證券,2023-09-07,9800
00683L,期元大美元指正2,434,0,434,元大證券,2023-09-07,9800
00648R,元大S＆P500反1,459,38,421,元大證券,2023-09-07,9800
2356,英業達,1482,1061,421,元大證券,2023-09-07,9800
00669R,國泰美國道瓊反1,428,11,417,元大證券,2023-09-07,9800
00645,富邦日本,655,249,406,元大證券,2023-09-07,9800
2887,台新金,764,377,387,元大證券,2023-09-07,9800
2385,群光,510,142,368,元大證券,2023-09-07,9800
2353,宏��,1121,753,368,元大證券,2023-09-07,9800
00646,元大S＆P500,391,31,360,元大證券,2023-09-07,9800
3711,日月光投控,583,223,360,元大證券,2023-09-07,9800
00633L,富邦上証正2,2181,1833,348,元大證券,2023-09-07,9800
00722B,群益投資級電信債,353,18,335,元大證券,2023-09-07,9800
1618,合機,511,214,297,元大證券,2023-09-07,9800
2412,中華電,1732,1445,287,元大證券,2023-09-07,9800
3006,晶豪科,762,483,279,元大證券,2023-09-07,9800
3260,威剛,772,502,270,元大證券,2023-09-07,9800
00640L,富邦日本正2,340,80,260,元大證券,2023-09-07,9800
2382,廣達,1850,1601,249,元大證券,2023-09-07,9800
3264,欣銓,586,338,248,元大證券,2023-09-07,9800
2425,承啟,445,226,219,元大證券,2023-09-07,9800
6285,啟��,1154,951,203,元大證券,2023-09-07,9800
00674R,期元大S＆P黃金反1,206,5,201,元大證券,2023-09-07,9800
0056,元大高股息,289,106,183,元大證券,2023-09-07,9800
00857B,永豐20年美公債,610,428,182,元大證券,2023-09-07,9800
6182,合晶,354,179,175,元大證券,2023-09-07,9800
2337,旺宏,603,436,167,元大證券,2023-09-07,9800
2027,大成鋼,328,165,163,元大證券,2023-09-07,9800
00701,國泰股利精選30,164,22,142,元大證券,2023-09-07,9800
2303,聯電,1140,1001,139,元大證券,2023-09-07,9800
2498,宏達電,229,99,130,元大證券,2023-09-07,9800
00725B,國泰投資級公司債,730,602,128,元大證券,2023-09-07,9800
4915,致伸,518,393,125,元大證券,2023-09-07,9800
00632R,元大台灣50反1,12952,7021,5931,元大證券,2023-09-08,9800
00715L,期街口布蘭特正2,12185,6865,5320,元大證券,2023-09-08,9800
00671R,富邦NASDAQ反1,3299,1197,2102,元大證券,2023-09-08,9800
00929,復華台灣科技優息,12229,10296,1933,元大證券,2023-09-08,9800
00642U,期元大S＆P石油,1598,88,1510,元大證券,2023-09-08,9800
4938,和碩,1592,242,1350,元大證券,2023-09-08,9800
00893,國泰智能電動車,1689,577,1112,元大證券,2023-09-08,9800
00923,群益台ESG低碳50,2953,1863,1090,元大證券,2023-09-08,9800
00687B,國泰20年美債,2277,1334,943,元大證券,2023-09-08,9800
00891,中信關鍵半導體,1031,231,800,元大證券,2023-09-08,9800
00680L,元大美債20正2,1736,974,762,元大證券,2023-09-08,9800
2618,長榮航,1999,1350,649,元大證券,2023-09-08,9800
00900,富邦特選高股息30,2203,1642,561,元大證券,2023-09-08,9800
2891,中信金,823,275,548,元大證券,2023-09-08,9800
00924,復華S＆P500成長,597,100,497,元大證券,2023-09-08,9800
2801,彰銀,538,73,465,元大證券,2023-09-08,9800
00907,永豐優息存股,524,98,426,元大證券,2023-09-08,9800
00706L,期元大S＆P日圓正2,1140,715,425,元大證券,2023-09-08,9800
00696B,富邦美債20年,764,342,422,元大證券,2023-09-08,9800
2634,漢翔,1176,784,392,元大證券,2023-09-08,9800
6213,聯茂,574,208,366,元大證券,2023-09-08,9800
00645,富邦日本,967,608,359,元大證券,2023-09-08,9800
00757,統一FANG+,636,305,331,元大證券,2023-09-08,9800
2356,英業達,1150,834,316,元大證券,2023-09-08,9800
2845,遠東銀,348,36,312,元大證券,2023-09-08,9800
2409,友達,760,449,311,元大證券,2023-09-08,9800
00648R,元大S＆P500反1,323,37,286,元大證券,2023-09-08,9800
3481,群創,1436,1156,280,元大證券,2023-09-08,9800
00896,中信綠能及電動車,765,493,272,元大證券,2023-09-08,9800
2330,台積電,500,237,263,元大證券,2023-09-08,9800
00895,富邦未來車,377,118,259,元大證券,2023-09-08,9800
2357,華碩,316,71,245,元大證券,2023-09-08,9800
00651R,復華香港反1,351,129,222,元大證券,2023-09-08,9800
0050,元大台灣50,592,373,219,元大證券,2023-09-08,9800
0056,元大高股息,374,170,204,元大證券,2023-09-08,9800
00901,永豐智能車供應鏈,204,7,197,元大證券,2023-09-08,9800
2313,華通,1142,948,194,元大證券,2023-09-08,9800
2425,承啟,459,273,186,元大證券,2023-09-08,9800
020022,元大電動車N,213,30,183,元大證券,2023-09-08,9800
00681R,元大美債20反1,178,0,178,元大證券,2023-09-08,9800
8299,群聯,247,70,177,元大證券,2023-09-08,9800
1319,東陽,1059,883,176,元大證券,2023-09-08,9800
00641R,富邦日本反1,333,158,175,元大證券,2023-09-08,9800
00653L,富邦印度正2,202,36,166,元大證券,2023-09-08,9800
2645,長榮航太,237,73,164,元大證券,2023-09-08,9800
00638R,元大滬深300反1,166,8,158,元大證券,2023-09-08,9800
00905,FT臺灣Smart,280,125,155,元大證券,2023-09-08,9800
2903,遠百,166,16,150,元大證券,2023-09-08,9800
00635U,期元大S＆P黃金,190,41,149,元大證券,2023-09-08,9800
2405,輔信,522,376,146,元大證券,2023-09-08,9800
00632R,元大台灣50反1,47894,11757,36137,元大證券,2023-09-11,9800
00687B,國泰20年美債,6323,2965,3358,元大證券,2023-09-11,9800
00637L,元大滬深300正2,12043,9584,2459,元大證券,2023-09-11,9800
00676R,富邦臺灣加權反1,4191,1967,2224,元大證券,2023-09-11,9800
00665L,富邦�琤肭磪囓�2,11133,8939,2194,元大證券,2023-09-11,9800
00795B,中信美國公債20年,3426,1391,2035,元大證券,2023-09-11,9800
2324,仁寶,2732,753,1979,元大證券,2023-09-11,9800
00773B,中信優先金融債,1953,254,1699,元大證券,2023-09-11,9800
2890,永豐金,1671,11,1660,元大證券,2023-09-11,9800
00931B,統一美債20年,4814,3377,1437,元大證券,2023-09-11,9800
00633L,富邦上証正2,2550,1210,1340,元大證券,2023-09-11,9800
00764B,群益25年美債,1620,635,985,元大證券,2023-09-11,9800
00671R,富邦NASDAQ反1,2441,1501,940,元大證券,2023-09-11,9800
00664R,國泰臺灣加權反1,2362,1431,931,元大證券,2023-09-11,9800
00712,復華富時不動產,1477,564,913,元大證券,2023-09-11,9800
00683L,期元大美元指正2,804,0,804,元大證券,2023-09-11,9800
3481,群創,3603,2898,705,元大證券,2023-09-11,9800
2801,彰銀,705,5,700,元大證券,2023-09-11,9800
00857B,永豐20年美公債,1966,1282,684,元大證券,2023-09-11,9800
00645,富邦日本,706,136,570,元大證券,2023-09-11,9800
00898,國泰基因免疫革命,562,4,558,元大證券,2023-09-11,9800
00897,富邦基因免疫生技,640,105,535,元大證券,2023-09-11,9800
006205,富邦上証,653,133,520,元大證券,2023-09-11,9800
3260,威剛,880,392,488,元大證券,2023-09-11,9800
00885,富邦越南,2027,1610,417,元大證券,2023-09-11,9800
00877,復華中國5G,456,53,403,元大證券,2023-09-11,9800
00903,富邦元宇宙,496,99,397,元大證券,2023-09-11,9800
5206,坤悅,428,68,360,元大證券,2023-09-11,9800
2425,承啟,605,263,342,元大證券,2023-09-11,9800
00673R,期元大S＆P原油反1,887,551,336,元大證券,2023-09-11,9800
3702,大聯大,593,290,303,元大證券,2023-09-11,9800
1504,東元,558,256,302,元大證券,2023-09-11,9800
2885,元大金,311,16,295,元大證券,2023-09-11,9800
00655L,國泰中國A50正2,898,607,291,元大證券,2023-09-11,9800
2882,國泰金,332,41,291,元大證券,2023-09-11,9800
00639,富邦深100,671,393,278,元大證券,2023-09-11,9800
3715,定穎投控,1401,1124,277,元大證券,2023-09-11,9800
00930,永豐ESG低碳高息,608,331,277,元大證券,2023-09-11,9800
1216,統一,304,32,272,元大證券,2023-09-11,9800
2897,王道銀行,269,0,269,元大證券,2023-09-11,9800
00701,國泰股利精選30,324,69,255,元大證券,2023-09-11,9800
00642U,期元大S＆P石油,560,325,235,元大證券,2023-09-11,9800
00830,國泰費城半導體,624,397,227,元大證券,2023-09-11,9800
2409,友達,1875,1660,215,元大證券,2023-09-11,9800
4904,遠傳,214,0,214,元大證券,2023-09-11,9800
2884,玉山金,276,68,208,元大證券,2023-09-11,9800
2887,台新金,295,94,201,元大證券,2023-09-11,9800
00928,中信上櫃ESG30,248,53,195,元大證券,2023-09-11,9800
2317,鴻海,336,147,189,元大證券,2023-09-11,9800
00651R,復華香港反1,607,419,188,元大證券,2023-09-11,9800
00929,復華台灣科技優息,21158,7078,14080,元大證券,2023-09-12,9800
00878,國泰永續高股息,13468,8497,4971,元大證券,2023-09-12,9800
00923,群益台ESG低碳50,3119,148,2971,元大證券,2023-09-12,9800
00881,國泰台灣5G+,2985,478,2507,元大證券,2023-09-12,9800
00669R,國泰美國道瓊反1,1542,0,1542,元大證券,2023-09-12,9800
00931B,統一美債20年,2811,1355,1456,元大證券,2023-09-12,9800
2886,兆豐金,1420,94,1326,元大證券,2023-09-12,9800
3231,緯創,3602,2317,1285,元大證券,2023-09-12,9800
2801,彰銀,1312,61,1251,元大證券,2023-09-12,9800
00631L,元大台灣50正2,1239,149,1090,元大證券,2023-09-12,9800
3704,合勤控,1747,831,916,元大證券,2023-09-12,9800
3260,威剛,2282,1393,889,元大證券,2023-09-12,9800
00888,永豐台灣ESG,912,34,878,元大證券,2023-09-12,9800
00664R,國泰臺灣加權反1,2174,1312,862,元大證券,2023-09-12,9800
00927,群益半導體收益,874,108,766,元大證券,2023-09-12,9800
00896,中信綠能及電動車,1005,249,756,元大證券,2023-09-12,9800
2330,台積電,832,110,722,元大證券,2023-09-12,9800
2888,新光金,917,213,704,元大證券,2023-09-12,9800
00692,富邦公司治理,704,5,699,元大證券,2023-09-12,9800
00671R,富邦NASDAQ反1,2155,1462,693,元大證券,2023-09-12,9800
2303,聯電,1631,979,652,元大證券,2023-09-12,9800
00642U,期元大S＆P石油,833,208,625,元大證券,2023-09-12,9800
00701,國泰股利精選30,598,34,564,元大證券,2023-09-12,9800
00892,富邦台灣半導體,794,246,548,元大證券,2023-09-12,9800
00905,FT臺灣Smart,530,4,526,元大證券,2023-09-12,9800
00713,元大台灣高息低波,771,268,503,元大證券,2023-09-12,9800
006208,富邦台50,588,113,475,元大證券,2023-09-12,9800
5009,榮剛,699,228,471,元大證券,2023-09-12,9800
00877,復華中國5G,521,62,459,元大證券,2023-09-12,9800
2454,聯發科,563,135,428,元大證券,2023-09-12,9800
00757,統一FANG+,478,59,419,元大證券,2023-09-12,9800
00900,富邦特選高股息30,2262,1880,382,元大證券,2023-09-12,9800
2891,中信金,463,84,379,元大證券,2023-09-12,9800
2409,友達,1679,1310,369,元大證券,2023-09-12,9800
00930,永豐ESG低碳高息,393,31,362,元大證券,2023-09-12,9800
00648R,元大S＆P500反1,353,0,353,元大證券,2023-09-12,9800
2412,中華電,395,46,349,元大證券,2023-09-12,9800
5425,台半,457,114,343,元大證券,2023-09-12,9800
00850,元大臺灣ESG永續,380,47,333,元大證券,2023-09-12,9800
020027,元大上櫃ESG成長N,408,75,333,元大證券,2023-09-12,9800
00761B,國泰A級公司債,334,8,326,元大證券,2023-09-12,9800
00932,兆豐永續高息等權,1845,1527,318,元大證券,2023-09-12,9800
00683L,期元大美元指正2,318,9,309,元大證券,2023-09-12,9800
1522,堤維西,1549,1243,306,元大證券,2023-09-12,9800
02002L,兆豐富櫃200正二N,300,0,300,元大證券,2023-09-12,9800
2371,大同,399,99,300,元大證券,2023-09-12,9800
1319,東陽,1507,1212,295,元大證券,2023-09-12,9800
1605,華新,433,140,293,元大證券,2023-09-12,9800
2317,鴻海,580,289,291,元大證券,2023-09-12,9800
2105,正新,328,39,289,元大證券,2023-09-12,9800
00671R,富邦NASDAQ反1,3710,222,3488,元大證券,2023-09-13,9800
2891,中信金,2458,474,1984,元大證券,2023-09-13,9800
2618,長榮航,2801,955,1846,元大證券,2023-09-13,9800
00650L,復華香港正2,2450,1298,1152,元大證券,2023-09-13,9800
2633,台灣高鐵,1076,9,1067,元大證券,2023-09-13,9800
2303,聯電,2215,1207,1008,元大證券,2023-09-13,9800
2330,台積電,1091,136,955,元大證券,2023-09-13,9800
2382,廣達,2165,1221,944,元大證券,2023-09-13,9800
2486,一詮,1975,1133,842,元大證券,2023-09-13,9800
00891,中信關鍵半導體,2047,1210,837,元大證券,2023-09-13,9800
00673R,期元大S＆P原油反1,3567,2790,777,元大證券,2023-09-13,9800
00696B,富邦美債20年,1881,1117,764,元大證券,2023-09-13,9800
00715L,期街口布蘭特正2,4394,3659,735,元大證券,2023-09-13,9800
00862B,中信投資級公司債,707,0,707,元大證券,2023-09-13,9800
00764B,群益25年美債,806,148,658,元大證券,2023-09-13,9800
00892,富邦台灣半導體,1123,504,619,元大證券,2023-09-13,9800
2324,仁寶,1077,462,615,元大證券,2023-09-13,9800
3260,威剛,1181,573,608,元大證券,2023-09-13,9800
6285,啟��,1122,578,544,元大證券,2023-09-13,9800
1504,東元,620,89,531,元大證券,2023-09-13,9800
2454,聯發科,793,263,530,元大證券,2023-09-13,9800
00772B,中信高評級公司債,1194,679,515,元大證券,2023-09-13,9800
2886,兆豐金,616,111,505,元大證券,2023-09-13,9800
00903,富邦元宇宙,526,27,499,元大證券,2023-09-13,9800
3481,群創,1048,559,489,元大證券,2023-09-13,9800
2885,元大金,681,198,483,元大證券,2023-09-13,9800
00642U,期元大S＆P石油,688,207,481,元大證券,2023-09-13,9800
5206,坤悅,521,41,480,元大證券,2023-09-13,9800
1319,東陽,3682,3223,459,元大證券,2023-09-13,9800
1522,堤維西,3090,2673,417,元大證券,2023-09-13,9800
00928,中信上櫃ESG30,530,125,405,元大證券,2023-09-13,9800
00713,元大台灣高息低波,678,275,403,元大證券,2023-09-13,9800
00905,FT臺灣Smart,387,14,373,元大證券,2023-09-13,9800
2882,國泰金,378,8,370,元大證券,2023-09-13,9800
00712,復華富時不動產,1066,706,360,元大證券,2023-09-13,9800
5009,榮剛,619,267,352,元大證券,2023-09-13,9800
2356,英業達,1154,810,344,元大證券,2023-09-13,9800
00683L,期元大美元指正2,350,8,342,元大證券,2023-09-13,9800
6284,佳邦,803,471,332,元大證券,2023-09-13,9800
2409,友達,694,380,314,元大證券,2023-09-13,9800
2897,王道銀行,275,2,273,元大證券,2023-09-13,9800
2412,中華電,781,516,265,元大證券,2023-09-13,9800
00920,富邦ESG綠色電力,273,9,264,元大證券,2023-09-13,9800
00752,中信中國50,447,183,264,元大證券,2023-09-13,9800
2610,華航,939,676,263,元大證券,2023-09-13,9800
3044,健鼎,997,736,261,元大證券,2023-09-13,9800
2881,富邦金,297,41,256,元大證券,2023-09-13,9800
00900,富邦特選高股息30,2791,2540,251,元大證券,2023-09-13,9800
3034,聯詠,319,84,235,元大證券,2023-09-13,9800
1301,台塑,259,25,234,元大證券,2023-09-13,9800
00671R,富邦NASDAQ反1,6321,4,6317,元大證券,2023-09-14,9800
00687B,國泰20年美債,9680,3480,6200,元大證券,2023-09-14,9800
00931B,統一美債20年,6261,964,5297,元大證券,2023-09-14,9800
00881,國泰台灣5G+,4572,74,4498,元大證券,2023-09-14,9800
0050,元大台灣50,4308,398,3910,元大證券,2023-09-14,9800
00900,富邦特選高股息30,3437,694,2743,元大證券,2023-09-14,9800
2891,中信金,3103,438,2665,元大證券,2023-09-14,9800
00927,群益半導體收益,2840,305,2535,元大證券,2023-09-14,9800
3231,緯創,5634,3711,1923,元大證券,2023-09-14,9800
2885,元大金,2115,201,1914,元大證券,2023-09-14,9800
00891,中信關鍵半導體,2046,220,1826,元大證券,2023-09-14,9800
00923,群益台ESG低碳50,1841,62,1779,元大證券,2023-09-14,9800
00772B,中信高評級公司債,1760,30,1730,元大證券,2023-09-14,9800
00701,國泰股利精選30,1777,50,1727,元大證券,2023-09-14,9800
2324,仁寶,1961,294,1667,元大證券,2023-09-14,9800
2542,興富發,1600,42,1558,元大證券,2023-09-14,9800
00631L,元大台灣50正2,1647,121,1526,元大證券,2023-09-14,9800
00885,富邦越南,3783,2602,1181,元大證券,2023-09-14,9800
2886,兆豐金,1311,142,1169,元大證券,2023-09-14,9800
00795B,中信美國公債20年,1328,188,1140,元大證券,2023-09-14,9800
00892,富邦台灣半導體,1143,201,942,元大證券,2023-09-14,9800
2882,國泰金,971,54,917,元大證券,2023-09-14,9800
020038,元大ESG配息N,816,58,758,元大證券,2023-09-14,9800
00669R,國泰美國道瓊反1,1543,788,755,元大證券,2023-09-14,9800
1504,東元,885,139,746,元大證券,2023-09-14,9800
00692,富邦公司治理,726,4,722,元大證券,2023-09-14,9800
2353,宏��,995,275,720,元大證券,2023-09-14,9800
00905,FT臺灣Smart,705,2,703,元大證券,2023-09-14,9800
6285,啟��,1167,506,661,元大證券,2023-09-14,9800
00752,中信中國50,812,169,643,元大證券,2023-09-14,9800
00924,復華S＆P500成長,837,232,605,元大證券,2023-09-14,9800
00857B,永豐20年美公債,1073,493,580,元大證券,2023-09-14,9800
00664R,國泰臺灣加權反1,1931,1363,568,元大證券,2023-09-14,9800
00675L,富邦臺灣加權正2,735,168,567,元大證券,2023-09-14,9800
2330,台積電,636,75,561,元大證券,2023-09-14,9800
3044,健鼎,899,339,560,元大證券,2023-09-14,9800
00895,富邦未來車,669,119,550,元大證券,2023-09-14,9800
2388,威盛,758,218,540,元大證券,2023-09-14,9800
00903,富邦元宇宙,531,5,526,元大證券,2023-09-14,9800
5439,高技,594,70,524,元大證券,2023-09-14,9800
00894,中信小資高價30,538,17,521,元大證券,2023-09-14,9800
6274,台燿,1335,828,507,元大證券,2023-09-14,9800
2606,裕民,920,441,479,元大證券,2023-09-14,9800
00898,國泰基因免疫革命,456,6,450,元大證券,2023-09-14,9800
2303,聯電,1221,778,443,元大證券,2023-09-14,9800
00897,富邦基因免疫生技,441,7,434,元大證券,2023-09-14,9800
6282,康舒,640,217,423,元大證券,2023-09-14,9800
00850,元大臺灣ESG永續,420,4,416,元大證券,2023-09-14,9800
2881,富邦金,538,144,394,元大證券,2023-09-14,9800
5009,榮剛,690,300,390,元大證券,2023-09-14,9800
3231,緯創,32371,5828,26543,元大證券,2023-09-15,9800
00632R,元大台灣50反1,31321,6324,24997,元大證券,2023-09-15,9800
2409,友達,16380,1085,15295,元大證券,2023-09-15,9800
0056,元大高股息,8338,191,8147,元大證券,2023-09-15,9800
00665L,富邦�琤肭磪囓�2,15869,8325,7544,元大證券,2023-09-15,9800
2313,華通,12695,6011,6684,元大證券,2023-09-15,9800
00881,國泰台灣5G+,5361,784,4577,元大證券,2023-09-15,9800
2838,聯邦銀,4147,42,4105,元大證券,2023-09-15,9800
00664R,國泰臺灣加權反1,5079,1601,3478,元大證券,2023-09-15,9800
00671R,富邦NASDAQ反1,3641,270,3371,元大證券,2023-09-15,9800
2002,中鋼,3001,212,2789,元大證券,2023-09-15,9800
2330,台積電,4536,1757,2779,元大證券,2023-09-15,9800
00927,群益半導體收益,2763,13,2750,元大證券,2023-09-15,9800
00650L,復華香港正2,4967,2270,2697,元大證券,2023-09-15,9800
00891,中信關鍵半導體,4976,2402,2574,元大證券,2023-09-15,9800
00753L,中信中國50正2,4941,2419,2522,元大證券,2023-09-15,9800
2408,南亞科,2706,337,2369,元大證券,2023-09-15,9800
2382,廣達,3648,1359,2289,元大證券,2023-09-15,9800
00882,中信中國高股息,2774,966,1808,元大證券,2023-09-15,9800
00900,富邦特選高股息30,4063,2349,1714,元大證券,2023-09-15,9800
00676R,富邦臺灣加權反1,1710,60,1650,元大證券,2023-09-15,9800
00905,FT臺灣Smart,1613,32,1581,元大證券,2023-09-15,9800
2633,台灣高鐵,1613,50,1563,元大證券,2023-09-15,9800
00713,元大台灣高息低波,1860,508,1352,元大證券,2023-09-15,9800
00631L,元大台灣50正2,1731,474,1257,元大證券,2023-09-15,9800
00638R,元大滬深300反1,1269,74,1195,元大證券,2023-09-15,9800
00701,國泰股利精選30,1109,7,1102,元大證券,2023-09-15,9800
3036,文曄,1087,4,1083,元大證券,2023-09-15,9800
00642U,期元大S＆P石油,1314,272,1042,元大證券,2023-09-15,9800
00673R,期元大S＆P原油反1,2003,998,1005,元大證券,2023-09-15,9800
2884,玉山金,1316,341,975,元大證券,2023-09-15,9800
6669,緯穎,967,44,923,元大證券,2023-09-15,9800
0050,元大台灣50,970,108,862,元大證券,2023-09-15,9800
2609,陽明,2898,2048,850,元大證券,2023-09-15,9800
3037,欣興,1416,584,832,元大證券,2023-09-15,9800
00895,富邦未來車,889,127,762,元大證券,2023-09-15,9800
1605,華新,999,275,724,元大證券,2023-09-15,9800
2412,中華電,1263,540,723,元大證券,2023-09-15,9800
2882,國泰金,767,72,695,元大證券,2023-09-15,9800
020038,元大ESG配息N,784,135,649,元大證券,2023-09-15,9800
00683L,期元大美元指正2,643,0,643,元大證券,2023-09-15,9800
00669R,國泰美國道瓊反1,773,139,634,元大證券,2023-09-15,9800
2449,京元電子,1467,903,564,元大證券,2023-09-15,9800
00725B,國泰投資級公司債,1002,451,551,元大證券,2023-09-15,9800
00903,富邦元宇宙,535,6,529,元大證券,2023-09-15,9800
2883,凱基金,531,20,511,元大證券,2023-09-15,9800
2303,聯電,1365,859,506,元大證券,2023-09-15,9800
006208,富邦台50,708,202,506,元大證券,2023-09-15,9800
2615,萬海,1104,610,494,元大證券,2023-09-15,9800
00651R,復華香港反1,506,46,460,元大證券,2023-09-15,9800
00632R,元大台灣50反1,36738,696,36042,元大證券,2023-09-18,9800
00671R,富邦NASDAQ反1,7727,0,7727,元大證券,2023-09-18,9800
00637L,元大滬深300正2,16398,8841,7557,元大證券,2023-09-18,9800
00893,國泰智能電動車,3159,548,2611,元大證券,2023-09-18,9800
3545,敦泰,2895,984,1911,元大證券,2023-09-18,9800
00895,富邦未來車,1848,16,1832,元大證券,2023-09-18,9800
0056,元大高股息,1982,163,1819,元大證券,2023-09-18,9800
2408,南亞科,1845,429,1416,元大證券,2023-09-18,9800
2542,興富發,1268,12,1256,元大證券,2023-09-18,9800
00669R,國泰美國道瓊反1,1734,686,1048,元大證券,2023-09-18,9800
00642U,期元大S＆P石油,1093,126,967,元大證券,2023-09-18,9800
2891,中信金,1274,407,867,元大證券,2023-09-18,9800
00928,中信上櫃ESG30,863,4,859,元大證券,2023-09-18,9800
3042,晶技,898,148,750,元大證券,2023-09-18,9800
00900,富邦特選高股息30,2587,1860,727,元大證券,2023-09-18,9800
00903,富邦元宇宙,738,44,694,元大證券,2023-09-18,9800
00648R,元大S＆P500反1,689,0,689,元大證券,2023-09-18,9800
00633L,富邦上証正2,2205,1517,688,元大證券,2023-09-18,9800
2388,威盛,1853,1230,623,元大證券,2023-09-18,9800
00686R,群益臺灣加權反1,587,0,587,元大證券,2023-09-18,9800
2887,台新金,859,308,551,元大證券,2023-09-18,9800
00712,復華富時不動產,1166,627,539,元大證券,2023-09-18,9800
2303,聯電,2897,2389,508,元大證券,2023-09-18,9800
2449,京元電子,1044,572,472,元大證券,2023-09-18,9800
4979,華星光,1382,932,450,元大證券,2023-09-18,9800
00927,群益半導體收益,642,206,436,元大證券,2023-09-18,9800
0050,元大台灣50,977,549,428,元大證券,2023-09-18,9800
00891,中信關鍵半導體,2526,2127,399,元大證券,2023-09-18,9800
00651R,復華香港反1,442,63,379,元大證券,2023-09-18,9800
4938,和碩,506,129,377,元大證券,2023-09-18,9800
8086,宏捷科,484,139,345,元大證券,2023-09-18,9800
2801,彰銀,328,6,322,元大證券,2023-09-18,9800
2385,群光,513,191,322,元大證券,2023-09-18,9800
2882,國泰金,354,32,322,元大證券,2023-09-18,9800
2330,台積電,348,62,286,元大證券,2023-09-18,9800
3044,健鼎,645,359,286,元大證券,2023-09-18,9800
6451,訊芯-KY,814,556,258,元大證券,2023-09-18,9800
2454,聯發科,777,529,248,元大證券,2023-09-18,9800
1402,遠東新,267,20,247,元大證券,2023-09-18,9800
8112,至上,833,595,238,元大證券,2023-09-18,9800
9910,豐泰,262,34,228,元大證券,2023-09-18,9800
00674R,期元大S＆P黃金反1,223,29,194,元大證券,2023-09-18,9800
3711,日月光投控,595,405,190,元大證券,2023-09-18,9800
00662,富邦NASDAQ,296,113,183,元大證券,2023-09-18,9800
2884,玉山金,174,0,174,元大證券,2023-09-18,9800
2886,兆豐金,207,39,168,元大證券,2023-09-18,9800
2809,京城銀,167,2,165,元大證券,2023-09-18,9800
2002,中鋼,358,208,150,元大證券,2023-09-18,9800
2383,台光電,335,187,148,元大證券,2023-09-18,9800
2409,友達,449,304,145,元大證券,2023-09-18,9800
00632R,元大台灣50反1,44914,3687,41227,元大證券,2023-09-19,9800
00671R,富邦NASDAQ反1,4270,0,4270,元大證券,2023-09-19,9800
00882,中信中國高股息,2766,787,1979,元大證券,2023-09-19,9800
00665L,富邦�琤肭磪囓�2,11960,10011,1949,元大證券,2023-09-19,9800
2367,燿華,2523,675,1848,元大證券,2023-09-19,9800
6285,啟��,2455,753,1702,元大證券,2023-09-19,9800
00931B,統一美債20年,2389,711,1678,元大證券,2023-09-19,9800
1504,東元,1685,270,1415,元大證券,2023-09-19,9800
2891,中信金,1554,367,1187,元大證券,2023-09-19,9800
00751B,元大AAA至A公司債,1557,399,1158,元大證券,2023-09-19,9800
00676R,富邦臺灣加權反1,1194,195,999,元大證券,2023-09-19,9800
2344,華邦電,1142,154,988,元大證券,2023-09-19,9800
2883,凱基金,1068,84,984,元大證券,2023-09-19,9800
00861,元大全球未來通訊,1050,81,969,元大證券,2023-09-19,9800
00706L,期元大S＆P日圓正2,1594,676,918,元大證券,2023-09-19,9800
00715L,期街口布蘭特正2,1720,820,900,元大證券,2023-09-19,9800
3036,文曄,2059,1166,893,元大證券,2023-09-19,9800
00701,國泰股利精選30,729,0,729,元大證券,2023-09-19,9800
00680L,元大美債20正2,1629,920,709,元大證券,2023-09-19,9800
00687B,國泰20年美債,857,200,657,元大證券,2023-09-19,9800
00915,凱基優選高股息30,1857,1221,636,元大證券,2023-09-19,9800
00688L,國泰20年美債正2,779,196,583,元大證券,2023-09-19,9800
00891,中信關鍵半導體,1990,1422,568,元大證券,2023-09-19,9800
00696B,富邦美債20年,938,388,550,元大證券,2023-09-19,9800
2887,台新金,648,148,500,元大證券,2023-09-19,9800
2449,京元電子,1387,903,484,元大證券,2023-09-19,9800
00928,中信上櫃ESG30,540,63,477,元大證券,2023-09-19,9800
00893,國泰智能電動車,813,343,470,元大證券,2023-09-19,9800
00651R,復華香港反1,671,204,467,元大證券,2023-09-19,9800
3044,健鼎,964,520,444,元大證券,2023-09-19,9800
2809,京城銀,442,7,435,元大證券,2023-09-19,9800
020022,元大電動車N,443,64,379,元大證券,2023-09-19,9800
2201,裕隆,552,188,364,元大證券,2023-09-19,9800
6176,瑞儀,633,271,362,元大證券,2023-09-19,9800
2882,國泰金,408,77,331,元大證券,2023-09-19,9800
0050,元大台灣50,505,178,327,元大證券,2023-09-19,9800
00712,復華富時不動產,323,3,320,元大證券,2023-09-19,9800
2002,中鋼,538,221,317,元大證券,2023-09-19,9800
2801,彰銀,348,37,311,元大證券,2023-09-19,9800
2385,群光,456,157,299,元大證券,2023-09-19,9800
2645,長榮航太,346,52,294,元大證券,2023-09-19,9800
6239,力成,422,156,266,元大證券,2023-09-19,9800
2881,富邦金,443,179,264,元大證券,2023-09-19,9800
00922,國泰台灣領袖50,379,122,257,元大證券,2023-09-19,9800
00720B,元大投資級公司債,601,365,236,元大證券,2023-09-19,9800
00907,永豐優息存股,620,412,208,元大證券,2023-09-19,9800
2603,長榮,1659,1455,204,元大證券,2023-09-19,9800
4915,致伸,692,495,197,元大證券,2023-09-19,9800
2324,仁寶,561,372,189,元大證券,2023-09-19,9800
00738U,期元大道瓊白銀,203,20,183,元大證券,2023-09-19,9800
00632R,元大台灣50反1,50809,4027,46782,元大證券,2023-09-20,9800
00715L,期街口布蘭特正2,10095,3721,6374,元大證券,2023-09-20,9800
00878,國泰永續高股息,9410,4930,4480,元大證券,2023-09-20,9800
00929,復華台灣科技優息,17641,13660,3981,元大證券,2023-09-20,9800
00676R,富邦臺灣加權反1,4264,484,3780,元大證券,2023-09-20,9800
00642U,期元大S＆P石油,2873,171,2702,元大證券,2023-09-20,9800
2891,中信金,4335,2308,2027,元大證券,2023-09-20,9800
00669R,國泰美國道瓊反1,1612,127,1485,元大證券,2023-09-20,9800
00882,中信中國高股息,1572,282,1290,元大證券,2023-09-20,9800
00885,富邦越南,1761,567,1194,元大證券,2023-09-20,9800
00931B,統一美債20年,2209,1018,1191,元大證券,2023-09-20,9800
2883,凱基金,1405,245,1160,元大證券,2023-09-20,9800
1316,上曜,1068,110,958,元大證券,2023-09-20,9800
00861,元大全球未來通訊,958,23,935,元大證券,2023-09-20,9800
2344,華邦電,1113,198,915,元大證券,2023-09-20,9800
3036,文曄,1524,650,874,元大證券,2023-09-20,9800
00664R,國泰臺灣加權反1,854,1,853,元大證券,2023-09-20,9800
00918,大華優利高填息30,1516,787,729,元大證券,2023-09-20,9800
2408,南亞科,709,28,681,元大證券,2023-09-20,9800
1504,東元,1102,454,648,元大證券,2023-09-20,9800
2105,正新,745,201,544,元大證券,2023-09-20,9800
2888,新光金,994,489,505,元大證券,2023-09-20,9800
2884,玉山金,650,150,500,元大證券,2023-09-20,9800
2412,中華電,566,70,496,元大證券,2023-09-20,9800
00683L,期元大美元指正2,526,34,492,元大證券,2023-09-20,9800
00701,國泰股利精選30,504,16,488,元大證券,2023-09-20,9800
2382,廣達,2817,2337,480,元大證券,2023-09-20,9800
00648R,元大S＆P500反1,499,20,479,元大證券,2023-09-20,9800
00706L,期元大S＆P日圓正2,972,511,461,元大證券,2023-09-20,9800
1101,台泥,615,201,414,元大證券,2023-09-20,9800
2324,仁寶,1085,683,402,元大證券,2023-09-20,9800
2887,台新金,531,172,359,元大證券,2023-09-20,9800
2634,漢翔,371,21,350,元大證券,2023-09-20,9800
4938,和碩,642,295,347,元大證券,2023-09-20,9800
2377,微星,667,321,346,元大證券,2023-09-20,9800
00650L,復華香港正2,1968,1665,303,元大證券,2023-09-20,9800
3715,定穎投控,3314,3014,300,元大證券,2023-09-20,9800
1605,華新,940,648,292,元大證券,2023-09-20,9800
8069,元太,564,276,288,元大證券,2023-09-20,9800
5388,中磊,300,21,279,元大證券,2023-09-20,9800
00651R,復華香港反1,323,50,273,元大證券,2023-09-20,9800
1326,台化,281,16,265,元大證券,2023-09-20,9800
2449,京元電子,1615,1353,262,元大證券,2023-09-20,9800
2498,宏達電,271,11,260,元大證券,2023-09-20,9800
00696B,富邦美債20年,567,313,254,元大證券,2023-09-20,9800
3006,晶豪科,327,81,246,元大證券,2023-09-20,9800
006205,富邦上証,444,200,244,元大證券,2023-09-20,9800
00637L,元大滬深300正2,5942,5723,219,元大證券,2023-09-20,9800
2885,元大金,365,146,219,元大證券,2023-09-20,9800
2204,中華,269,57,212,元大證券,2023-09-20,9800
00632R,元大台灣50反1,128017,3554,124463,元大證券,2023-09-21,9800
00676R,富邦臺灣加權反1,8925,1268,7657,元大證券,2023-09-21,9800
00664R,國泰臺灣加權反1,5046,1089,3957,元大證券,2023-09-21,9800
00885,富邦越南,3882,659,3223,元大證券,2023-09-21,9800
00687B,國泰20年美債,4777,2600,2177,元大證券,2023-09-21,9800
00642U,期元大S＆P石油,1987,17,1970,元大證券,2023-09-21,9800
00772B,中信高評級公司債,2067,110,1957,元大證券,2023-09-21,9800
00669R,國泰美國道瓊反1,1915,103,1812,元大證券,2023-09-21,9800
00715L,期街口布蘭特正2,4783,2996,1787,元大證券,2023-09-21,9800
2887,台新金,2205,801,1404,元大證券,2023-09-21,9800
2449,京元電子,2663,1486,1177,元大證券,2023-09-21,9800
1584,精剛,3303,2215,1088,元大證券,2023-09-21,9800
00773B,中信優先金融債,918,87,831,元大證券,2023-09-21,9800
00662,富邦NASDAQ,1444,616,828,元大證券,2023-09-21,9800
00712,復華富時不動產,1487,699,788,元大證券,2023-09-21,9800
2603,長榮,1407,672,735,元大證券,2023-09-21,9800
00725B,國泰投資級公司債,877,188,689,元大證券,2023-09-21,9800
00648R,元大S＆P500反1,881,217,664,元大證券,2023-09-21,9800
00895,富邦未來車,838,175,663,元大證券,2023-09-21,9800
00719B,元大美債1-3,646,0,646,元大證券,2023-09-21,9800
00722B,群益投資級電信債,717,106,611,元大證券,2023-09-21,9800
2886,兆豐金,1495,893,602,元大證券,2023-09-21,9800
1504,東元,1015,428,587,元大證券,2023-09-21,9800
00764B,群益25年美債,751,174,577,元大證券,2023-09-21,9800
3706,神達,1037,467,570,元大證券,2023-09-21,9800
00861,元大全球未來通訊,745,179,566,元大證券,2023-09-21,9800
00696B,富邦美債20年,962,461,501,元大證券,2023-09-21,9800
2897,王道銀行,546,51,495,元大證券,2023-09-21,9800
2301,光寶科,1254,760,494,元大證券,2023-09-21,9800
1560,中砂,543,51,492,元大證券,2023-09-21,9800
2356,英業達,2086,1630,456,元大證券,2023-09-21,9800
00641R,富邦日本反1,524,88,436,元大證券,2023-09-21,9800
00720B,元大投資級公司債,800,373,427,元大證券,2023-09-21,9800
00651R,復華香港反1,738,314,424,元大證券,2023-09-21,9800
2353,宏��,664,257,407,元大證券,2023-09-21,9800
00686R,群益臺灣加權反1,394,0,394,元大證券,2023-09-21,9800
2634,漢翔,571,187,384,元大證券,2023-09-21,9800
00639,富邦深100,498,115,383,元大證券,2023-09-21,9800
00757,統一FANG+,467,95,372,元大證券,2023-09-21,9800
00683L,期元大美元指正2,434,75,359,元大證券,2023-09-21,9800
00636,國泰中國A50,373,29,344,元大證券,2023-09-21,9800
00928,中信上櫃ESG30,523,179,344,元大證券,2023-09-21,9800
5371,中光電,396,53,343,元大證券,2023-09-21,9800
3702,大聯大,400,76,324,元大證券,2023-09-21,9800
2383,台光電,586,278,308,元大證券,2023-09-21,9800
2408,南亞科,667,365,302,元大證券,2023-09-21,9800
00897,富邦基因免疫生技,323,22,301,元大證券,2023-09-21,9800
00724B,群益投資級金融債,349,63,286,元大證券,2023-09-21,9800
2382,廣達,2896,2617,279,元大證券,2023-09-21,9800
00924,復華S＆P500成長,391,119,272,元大證券,2023-09-21,9800
00632R,元大台灣50反1,27869,5157,22712,元大證券,2023-09-22,9800
00671R,富邦NASDAQ反1,8313,7,8306,元大證券,2023-09-22,9800
00637L,元大滬深300正2,13832,9145,4687,元大證券,2023-09-22,9800
00665L,富邦�琤肭磪囓�2,10916,7377,3539,元大證券,2023-09-22,9800
00706L,期元大S＆P日圓正2,4626,1602,3024,元大證券,2023-09-22,9800
00673R,期元大S＆P原油反1,2857,327,2530,元大證券,2023-09-22,9800
00662,富邦NASDAQ,2121,120,2001,元大證券,2023-09-22,9800
00664R,國泰臺灣加權反1,3072,1251,1821,元大證券,2023-09-22,9800
00650L,復華香港正2,4309,2687,1622,元大證券,2023-09-22,9800
00669R,國泰美國道瓊反1,2076,510,1566,元大證券,2023-09-22,9800
00648R,元大S＆P500反1,1510,0,1510,元大證券,2023-09-22,9800
2886,兆豐金,1395,234,1161,元大證券,2023-09-22,9800
00882,中信中國高股息,2164,1052,1112,元大證券,2023-09-22,9800
00641R,富邦日本反1,1213,107,1106,元大證券,2023-09-22,9800
00753L,中信中國50正2,2856,1855,1001,元大證券,2023-09-22,9800
1504,東元,1321,372,949,元大證券,2023-09-22,9800
2330,台積電,951,15,936,元大證券,2023-09-22,9800
2618,長榮航,2132,1346,786,元大證券,2023-09-22,9800
2809,京城銀,743,0,743,元大證券,2023-09-22,9800
2303,聯電,1068,333,735,元大證券,2023-09-22,9800
2891,中信金,1613,943,670,元大證券,2023-09-22,9800
2412,中華電,626,0,626,元大證券,2023-09-22,9800
2888,新光金,912,296,616,元大證券,2023-09-22,9800
2409,友達,586,64,522,元大證券,2023-09-22,9800
2317,鴻海,460,4,456,元大證券,2023-09-22,9800
2301,光寶科,1408,952,456,元大證券,2023-09-22,9800
00901,永豐智能車供應鏈,418,3,415,元大證券,2023-09-22,9800
2885,元大金,523,110,413,元大證券,2023-09-22,9800
00674R,期元大S＆P黃金反1,423,17,406,元大證券,2023-09-22,9800
8932,智通*,539,168,371,元大證券,2023-09-22,9800
00701,國泰股利精選30,468,114,354,元大證券,2023-09-22,9800
00635U,期元大S＆P黃金,353,16,337,元大證券,2023-09-22,9800
00896,中信綠能及電動車,638,305,333,元大證券,2023-09-22,9800
1477,聚陽,357,39,318,元大證券,2023-09-22,9800
00738U,期元大道瓊白銀,328,29,299,元大證券,2023-09-22,9800
3450,聯鈞,2774,2477,297,元大證券,2023-09-22,9800
00645,富邦日本,1344,1059,285,元大證券,2023-09-22,9800
2376,技嘉,2207,1929,278,元大證券,2023-09-22,9800
00918,大華優利高填息30,1211,939,272,元大證券,2023-09-22,9800
6274,台燿,1012,741,271,元大證券,2023-09-22,9800
2890,永豐金,309,44,265,元大證券,2023-09-22,9800
2883,凱基金,320,57,263,元大證券,2023-09-22,9800
2887,台新金,274,29,245,元大證券,2023-09-22,9800
2884,玉山金,282,40,242,元大證券,2023-09-22,9800
6213,聯茂,649,418,231,元大證券,2023-09-22,9800
2606,裕民,424,195,229,元大證券,2023-09-22,9800
0050,元大台灣50,857,643,214,元大證券,2023-09-22,9800
1301,台塑,217,8,209,元大證券,2023-09-22,9800
3017,奇鋐,900,703,197,元大證券,2023-09-22,9800
3036,文曄,1520,1340,180,元大證券,2023-09-22,9800
00687B,國泰20年美債,3429,455,2974,元大證券,2023-09-25,9800
00669R,國泰美國道瓊反1,3123,346,2777,元大證券,2023-09-25,9800
00671R,富邦NASDAQ反1,3622,1060,2562,元大證券,2023-09-25,9800
00706L,期元大S＆P日圓正2,2354,311,2043,元大證券,2023-09-25,9800
00679B,元大美債20年,3616,1683,1933,元大證券,2023-09-25,9800
00900,富邦特選高股息30,2214,552,1662,元大證券,2023-09-25,9800
00923,群益台ESG低碳50,2016,365,1651,元大證券,2023-09-25,9800
00881,國泰台灣5G+,1552,129,1423,元大證券,2023-09-25,9800
00878,國泰永續高股息,4081,2873,1208,元大證券,2023-09-25,9800
00631L,元大台灣50正2,1287,184,1103,元大證券,2023-09-25,9800
00688L,國泰20年美債正2,1368,343,1025,元大證券,2023-09-25,9800
2801,彰銀,1022,31,991,元大證券,2023-09-25,9800
00918,大華優利高填息30,1201,219,982,元大證券,2023-09-25,9800
1504,東元,1612,861,751,元大證券,2023-09-25,9800
00715L,期街口布蘭特正2,1337,600,737,元大證券,2023-09-25,9800
00922,國泰台灣領袖50,1037,347,690,元大證券,2023-09-25,9800
00675L,富邦臺灣加權正2,774,134,640,元大證券,2023-09-25,9800
00696B,富邦美債20年,1146,508,638,元大證券,2023-09-25,9800
2324,仁寶,1049,419,630,元大證券,2023-09-25,9800
6274,台燿,2129,1529,600,元大證券,2023-09-25,9800
2303,聯電,1499,927,572,元大證券,2023-09-25,9800
2845,遠東銀,564,7,557,元大證券,2023-09-25,9800
4979,華星光,1245,719,526,元大證券,2023-09-25,9800
00674R,期元大S＆P黃金反1,525,47,478,元大證券,2023-09-25,9800
00901,永豐智能車供應鏈,465,4,461,元大證券,2023-09-25,9800
2330,台積電,635,174,461,元大證券,2023-09-25,9800
2388,威盛,1128,674,454,元大證券,2023-09-25,9800
4906,正文,721,281,440,元大證券,2023-09-25,9800
3037,欣興,736,314,422,元大證券,2023-09-25,9800
00692,富邦公司治理,437,41,396,元大證券,2023-09-25,9800
2891,中信金,953,579,374,元大證券,2023-09-25,9800
1216,統一,358,19,339,元大證券,2023-09-25,9800
00668,國泰美國道瓊,324,0,324,元大證券,2023-09-25,9800
2890,永豐金,376,65,311,元大證券,2023-09-25,9800
2376,技嘉,1349,1053,296,元大證券,2023-09-25,9800
2317,鴻海,375,85,290,元大證券,2023-09-25,9800
3017,奇鋐,757,487,270,元大證券,2023-09-25,9800
2903,遠百,261,5,256,元大證券,2023-09-25,9800
4904,遠傳,265,10,255,元大證券,2023-09-25,9800
00905,FT臺灣Smart,299,45,254,元大證券,2023-09-25,9800
00641R,富邦日本反1,257,14,243,元大證券,2023-09-25,9800
00701,國泰股利精選30,232,4,228,元大證券,2023-09-25,9800
1102,亞泥,240,17,223,元大證券,2023-09-25,9800
2355,敬鵬,503,286,217,元大證券,2023-09-25,9800
2204,中華,276,61,215,元大證券,2023-09-25,9800
1584,精剛,1422,1208,214,元大證券,2023-09-25,9800
00888,永豐台灣ESG,624,414,210,元大證券,2023-09-25,9800
00637L,元大滬深300正2,14903,14697,206,元大證券,2023-09-25,9800
00642U,期元大S＆P石油,862,657,205,元大證券,2023-09-25,9800
2206,三陽工業,450,250,200,元大證券,2023-09-25,9800
00632R,元大台灣50反1,43298,15611,27687,元大證券,2023-09-26,9800
00679B,元大美債20年,5247,2250,2997,元大證券,2023-09-26,9800
00706L,期元大S＆P日圓正2,2432,204,2228,元大證券,2023-09-26,9800
00688L,國泰20年美債正2,4692,2546,2146,元大證券,2023-09-26,9800
00673R,期元大S＆P原油反1,2013,0,2013,元大證券,2023-09-26,9800
00669R,國泰美國道瓊反1,1709,25,1684,元大證券,2023-09-26,9800
00676R,富邦臺灣加權反1,2317,1011,1306,元大證券,2023-09-26,9800
00664R,國泰臺灣加權反1,1457,203,1254,元大證券,2023-09-26,9800
2897,王道銀行,870,73,797,元大證券,2023-09-26,9800
00773B,中信優先金融債,914,153,761,元大證券,2023-09-26,9800
00893,國泰智能電動車,1668,990,678,元大證券,2023-09-26,9800
2324,仁寶,1234,596,638,元大證券,2023-09-26,9800
1815,富喬,4579,4008,571,元大證券,2023-09-26,9800
2317,鴻海,1754,1238,516,元大證券,2023-09-26,9800
00709,富邦歐洲,499,3,496,元大證券,2023-09-26,9800
3042,晶技,520,54,466,元大證券,2023-09-26,9800
2801,彰銀,881,428,453,元大證券,2023-09-26,9800
2368,金像電,826,393,433,元大證券,2023-09-26,9800
00642U,期元大S＆P石油,558,133,425,元大證券,2023-09-26,9800
4979,華星光,1381,1015,366,元大證券,2023-09-26,9800
00764B,群益25年美債,919,558,361,元大證券,2023-09-26,9800
2357,華碩,490,161,329,元大證券,2023-09-26,9800
00725B,國泰投資級公司債,850,541,309,元大證券,2023-09-26,9800
3217,優群,319,18,301,元大證券,2023-09-26,9800
3036,文曄,573,289,284,元大證券,2023-09-26,9800
00901,永豐智能車供應鏈,272,11,261,元大證券,2023-09-26,9800
00636,國泰中國A50,460,225,235,元大證券,2023-09-26,9800
8938,明安,613,381,232,元大證券,2023-09-26,9800
00656R,國泰中國A50反1,217,0,217,元大證券,2023-09-26,9800
00651R,復華香港反1,336,130,206,元大證券,2023-09-26,9800
3715,定穎投控,2474,2274,200,元大證券,2023-09-26,9800
2204,中華,245,52,193,元大證券,2023-09-26,9800
3035,智原,722,559,163,元大證券,2023-09-26,9800
00915,凱基優選高股息30,889,734,155,元大證券,2023-09-26,9800
2486,一詮,469,319,150,元大證券,2023-09-26,9800
2645,長榮航太,220,70,150,元大證券,2023-09-26,9800
2006,東和鋼鐵,181,35,146,元大證券,2023-09-26,9800
00903,富邦元宇宙,375,234,141,元大證券,2023-09-26,9800
2809,京城銀,172,36,136,元大證券,2023-09-26,9800
00924,復華S＆P500成長,294,174,120,元大證券,2023-09-26,9800
1477,聚陽,128,9,119,元大證券,2023-09-26,9800
6282,康舒,210,94,116,元大證券,2023-09-26,9800
00697B,元大美債7-10,127,12,115,元大證券,2023-09-26,9800
3324,雙鴻,912,797,115,元大證券,2023-09-26,9800
2883,凱基金,1297,1185,112,元大證券,2023-09-26,9800
9958,世紀鋼,210,100,110,元大證券,2023-09-26,9800
2371,大同,375,268,107,元大證券,2023-09-26,9800
8299,群聯,134,31,103,元大證券,2023-09-26,9800
00643,群益深証中小,125,24,101,元大證券,2023-09-26,9800
2351,順德,108,10,98,元大證券,2023-09-26,9800
00680L,元大美債20正2,7454,3973,3481,元大證券,2023-09-27,9800
00669R,國泰美國道瓊反1,2936,0,2936,元大證券,2023-09-27,9800
00919,群益台灣精選高息,4229,2074,2155,元大證券,2023-09-27,9800
00891,中信關鍵半導體,1997,724,1273,元大證券,2023-09-27,9800
00878,國泰永續高股息,4528,3452,1076,元大證券,2023-09-27,9800
00701,國泰股利精選30,978,1,977,元大證券,2023-09-27,9800
00888,永豐台灣ESG,1386,490,896,元大證券,2023-09-27,9800
00642U,期元大S＆P石油,1118,266,852,元大證券,2023-09-27,9800
00772B,中信高評級公司債,1450,598,852,元大證券,2023-09-27,9800
2897,王道銀行,942,185,757,元大證券,2023-09-27,9800
00930,永豐ESG低碳高息,1114,424,690,元大證券,2023-09-27,9800
00648R,元大S＆P500反1,908,233,675,元大證券,2023-09-27,9800
00923,群益台ESG低碳50,1218,600,618,元大證券,2023-09-27,9800
006205,富邦上証,664,109,555,元大證券,2023-09-27,9800
00713,元大台灣高息低波,679,152,527,元大證券,2023-09-27,9800
2303,聯電,2365,1851,514,元大證券,2023-09-27,9800
00638R,元大滬深300反1,509,0,509,元大證券,2023-09-27,9800
00673R,期元大S＆P原油反1,1609,1110,499,元大證券,2023-09-27,9800
00918,大華優利高填息30,751,255,496,元大證券,2023-09-27,9800
00751B,元大AAA至A公司債,775,285,490,元大證券,2023-09-27,9800
00692,富邦公司治理,598,169,429,元大證券,2023-09-27,9800
00636,國泰中國A50,490,85,405,元大證券,2023-09-27,9800
00639,富邦深100,506,122,384,元大證券,2023-09-27,9800
00905,FT臺灣Smart,692,310,382,元大證券,2023-09-27,9800
00896,中信綠能及電動車,501,120,381,元大證券,2023-09-27,9800
006208,富邦台50,657,285,372,元大證券,2023-09-27,9800
00631L,元大台灣50正2,802,437,365,元大證券,2023-09-27,9800
00850,元大臺灣ESG永續,410,101,309,元大證券,2023-09-27,9800
00643,群益深証中小,375,67,308,元大證券,2023-09-27,9800
00722B,群益投資級電信債,304,10,294,元大證券,2023-09-27,9800
2809,京城銀,354,77,277,元大證券,2023-09-27,9800
00927,群益半導體收益,278,45,233,元大證券,2023-09-27,9800
2337,旺宏,762,539,223,元大證券,2023-09-27,9800
3017,奇鋐,805,583,222,元大證券,2023-09-27,9800
00857B,永豐20年美公債,752,531,221,元大證券,2023-09-27,9800
6274,台燿,910,690,220,元大證券,2023-09-27,9800
2485,兆赫,315,99,216,元大證券,2023-09-27,9800
00728,第一金工業30,235,22,213,元大證券,2023-09-27,9800
00654R,富邦印度反1,210,0,210,元大證券,2023-09-27,9800
00915,凱基優選高股息30,946,742,204,元大證券,2023-09-27,9800
2634,漢翔,456,262,194,元大證券,2023-09-27,9800
8112,至上,401,208,193,元大證券,2023-09-27,9800
00877,復華中國5G,233,44,189,元大證券,2023-09-27,9800
00675L,富邦臺灣加權正2,498,328,170,元大證券,2023-09-27,9800
00900,富邦特選高股息30,1143,988,155,元大證券,2023-09-27,9800
1519,華城,874,733,141,元大證券,2023-09-27,9800
1560,中砂,835,701,134,元大證券,2023-09-27,9800
2201,裕隆,483,354,129,元大證券,2023-09-27,9800
3706,神達,574,446,128,元大證券,2023-09-27,9800
8299,群聯,179,53,126,元大證券,2023-09-27,9800
00632R,元大台灣50反1,16816,9453,7363,元大證券,2023-09-28,9800
00669R,國泰美國道瓊反1,3398,413,2985,元大證券,2023-09-28,9800
00680L,元大美債20正2,8323,5712,2611,元大證券,2023-09-28,9800
00688L,國泰20年美債正2,4006,1447,2559,元大證券,2023-09-28,9800
00648R,元大S＆P500反1,2216,221,1995,元大證券,2023-09-28,9800
00753L,中信中國50正2,4430,2469,1961,元大證券,2023-09-28,9800
3231,緯創,6832,5129,1703,元大證券,2023-09-28,9800
2883,凱基金,1797,165,1632,元大證券,2023-09-28,9800
6271,同欣電,1433,151,1282,元大證券,2023-09-28,9800
00687B,國泰20年美債,4557,3314,1243,元大證券,2023-09-28,9800
00642U,期元大S＆P石油,1346,196,1150,元大證券,2023-09-28,9800
3325,旭品,1823,867,956,元大證券,2023-09-28,9800
00882,中信中國高股息,2416,1571,845,元大證券,2023-09-28,9800
2610,華航,1140,330,810,元大證券,2023-09-28,9800
3481,群創,962,211,751,元大證券,2023-09-28,9800
2303,聯電,1071,326,745,元大證券,2023-09-28,9800
0056,元大高股息,732,46,686,元大證券,2023-09-28,9800
2330,台積電,1601,940,661,元大證券,2023-09-28,9800
2324,仁寶,1013,354,659,元大證券,2023-09-28,9800
2323,中環,706,67,639,元大證券,2023-09-28,9800
00683L,期元大美元指正2,655,45,610,元大證券,2023-09-28,9800
00651R,復華香港反1,596,27,569,元大證券,2023-09-28,9800
2312,金寶,586,36,550,元大證券,2023-09-28,9800
4532,瑞智,573,55,518,元大證券,2023-09-28,9800
00900,富邦特選高股息30,2177,1675,502,元大證券,2023-09-28,9800
00636,國泰中國A50,422,11,411,元大證券,2023-09-28,9800
6499,益安,291,0,291,元大證券,2023-09-28,9800
1609,大亞,1945,1665,280,元大證券,2023-09-28,9800
00885,富邦越南,1875,1603,272,元大證券,2023-09-28,9800
2371,大同,303,34,269,元大證券,2023-09-28,9800
2515,中工,497,236,261,元大證券,2023-09-28,9800
2886,兆豐金,320,61,259,元大證券,2023-09-28,9800
00638R,元大滬深300反1,302,45,257,元大證券,2023-09-28,9800
2337,旺宏,564,310,254,元大證券,2023-09-28,9800
9938,百和,241,8,233,元大證券,2023-09-28,9800
2897,王道銀行,238,5,233,元大證券,2023-09-28,9800
00652,富邦印度,258,35,223,元大證券,2023-09-28,9800
8420,明揚,222,0,222,元大證券,2023-09-28,9800
00657,國泰日經225,220,6,214,元大證券,2023-09-28,9800
6274,台燿,1474,1265,209,元大證券,2023-09-28,9800
2354,鴻準,285,77,208,元大證券,2023-09-28,9800
5452,佶優,508,303,205,元大證券,2023-09-28,9800
00896,中信綠能及電動車,955,754,201,元大證券,2023-09-28,9800
00862B,中信投資級公司債,208,13,195,元大證券,2023-09-28,9800
6005,群益證,194,1,193,元大證券,2023-09-28,9800
2355,敬鵬,225,38,187,元大證券,2023-09-28,9800
2206,三陽工業,284,102,182,元大證券,2023-09-28,9800
8105,凌巨,184,2,182,元大證券,2023-09-28,9800
3037,欣興,451,272,179,元大證券,2023-09-28,9800
2614,東森,183,5,178,元大證券,2023-09-28,9800
00637L,元大滬深300正2,13019,4600,8419,元大證券,2023-10-02,9800
00669R,國泰美國道瓊反1,5254,14,5240,元大證券,2023-10-02,9800
00673R,期元大S＆P原油反1,4875,200,4675,元大證券,2023-10-02,9800
00753L,中信中國50正2,4590,80,4510,元大證券,2023-10-02,9800
3231,緯創,10329,6348,3981,元大證券,2023-10-02,9800
00900,富邦特選高股息30,4768,849,3919,元大證券,2023-10-02,9800
00878,國泰永續高股息,10066,6166,3900,元大證券,2023-10-02,9800
00679B,元大美債20年,6243,3167,3076,元大證券,2023-10-02,9800
00881,國泰台灣5G+,3428,452,2976,元大證券,2023-10-02,9800
00632R,元大台灣50反1,29589,26687,2902,元大證券,2023-10-02,9800
00671R,富邦NASDAQ反1,2711,513,2198,元大證券,2023-10-02,9800
00915,凱基優選高股息30,2337,511,1826,元大證券,2023-10-02,9800
0056,元大高股息,1694,38,1656,元大證券,2023-10-02,9800
00664R,國泰臺灣加權反1,2805,1201,1604,元大證券,2023-10-02,9800
00923,群益台ESG低碳50,2115,559,1556,元大證券,2023-10-02,9800
0050,元大台灣50,1587,110,1477,元大證券,2023-10-02,9800
00725B,國泰投資級公司債,1908,550,1358,元大證券,2023-10-02,9800
00631L,元大台灣50正2,1871,609,1262,元大證券,2023-10-02,9800
00932,兆豐永續高息等權,1524,391,1133,元大證券,2023-10-02,9800
6282,康舒,1271,206,1065,元大證券,2023-10-02,9800
2801,彰銀,1252,204,1048,元大證券,2023-10-02,9800
8358,金居,1387,357,1030,元大證券,2023-10-02,9800
2845,遠東銀,979,26,953,元大證券,2023-10-02,9800
3706,神達,2032,1111,921,元大證券,2023-10-02,9800
00853B,統一美債10年Aa-,1023,123,900,元大證券,2023-10-02,9800
00773B,中信優先金融債,1121,309,812,元大證券,2023-10-02,9800
00648R,元大S＆P500反1,818,7,811,元大證券,2023-10-02,9800
00650L,復華香港正2,999,196,803,元大證券,2023-10-02,9800
00641R,富邦日本反1,848,77,771,元大證券,2023-10-02,9800
00740B,富邦全球投等債,914,176,738,元大證券,2023-10-02,9800
00905,FT臺灣Smart,781,52,729,元大證券,2023-10-02,9800
00918,大華優利高填息30,1172,467,705,元大證券,2023-10-02,9800
3481,群創,1638,940,698,元大證券,2023-10-02,9800
2382,廣達,5169,4493,676,元大證券,2023-10-02,9800
00713,元大台灣高息低波,784,109,675,元大證券,2023-10-02,9800
2323,中環,699,50,649,元大證券,2023-10-02,9800
00882,中信中國高股息,651,6,645,元大證券,2023-10-02,9800
00795B,中信美國公債20年,1110,539,571,元大證券,2023-10-02,9800
00850,元大臺灣ESG永續,588,19,569,元大證券,2023-10-02,9800
2312,金寶,598,39,559,元大證券,2023-10-02,9800
2317,鴻海,546,24,522,元大證券,2023-10-02,9800
2301,光寶科,2229,1729,500,元大證券,2023-10-02,9800
00692,富邦公司治理,545,50,495,元大證券,2023-10-02,9800
00696B,富邦美債20年,1093,613,480,元大證券,2023-10-02,9800
00746B,富邦A級公司債,446,1,445,元大證券,2023-10-02,9800
2329,華泰,1458,1014,444,元大證券,2023-10-02,9800
6176,瑞儀,522,80,442,元大證券,2023-10-02,9800
00634R,富邦上証反1,447,12,435,元大證券,2023-10-02,9800
00894,中信小資高價30,528,99,429,元大證券,2023-10-02,9800
00896,中信綠能及電動車,577,165,412,元大證券,2023-10-02,9800
00632R,元大台灣50反1,22141,11976,10165,元大證券,2023-10-03,9800
00673R,期元大S＆P原油反1,4457,557,3900,元大證券,2023-10-03,9800
2324,仁寶,4158,715,3443,元大證券,2023-10-03,9800
2891,中信金,4080,650,3430,元大證券,2023-10-03,9800
00669R,國泰美國道瓊反1,3004,9,2995,元大證券,2023-10-03,9800
00688L,國泰20年美債正2,5006,2735,2271,元大證券,2023-10-03,9800
00687B,國泰20年美債,5093,3170,1923,元大證券,2023-10-03,9800
00772B,中信高評級公司債,3495,1892,1603,元大證券,2023-10-03,9800
00715L,期街口布蘭特正2,9165,7760,1405,元大證券,2023-10-03,9800
2886,兆豐金,1837,554,1283,元大證券,2023-10-03,9800
3260,威剛,2695,1448,1247,元大證券,2023-10-03,9800
00764B,群益25年美債,1212,70,1142,元大證券,2023-10-03,9800
2890,永豐金,1428,379,1049,元大證券,2023-10-03,9800
00931B,統一美債20年,6370,5385,985,元大證券,2023-10-03,9800
1802,台玻,1092,200,892,元大證券,2023-10-03,9800
00895,富邦未來車,870,28,842,元大證券,2023-10-03,9800
2409,友達,5542,4790,752,元大證券,2023-10-03,9800
00696B,富邦美債20年,2000,1254,746,元大證券,2023-10-03,9800
00782B,國泰A級公用債,723,24,699,元大證券,2023-10-03,9800
2885,元大金,957,283,674,元大證券,2023-10-03,9800
3481,群創,3562,2919,643,元大證券,2023-10-03,9800
3006,晶豪科,1202,572,630,元大證券,2023-10-03,9800
2353,宏��,1182,577,605,元大證券,2023-10-03,9800
2887,台新金,930,329,601,元大證券,2023-10-03,9800
1102,亞泥,656,61,595,元大證券,2023-10-03,9800
2323,中環,723,137,586,元大證券,2023-10-03,9800
2897,王道銀行,598,18,580,元大證券,2023-10-03,9800
3380,明泰,581,14,567,元大證券,2023-10-03,9800
2312,金寶,634,72,562,元大證券,2023-10-03,9800
2610,華航,1096,547,549,元大證券,2023-10-03,9800
00752,中信中國50,837,302,535,元大證券,2023-10-03,9800
00924,復華S＆P500成長,566,39,527,元大證券,2023-10-03,9800
1402,遠東新,600,82,518,元大證券,2023-10-03,9800
00757,統一FANG+,600,83,517,元大證券,2023-10-03,9800
00670L,富邦NASDAQ正2,665,160,505,元大證券,2023-10-03,9800
6176,瑞儀,516,34,482,元大證券,2023-10-03,9800
2022,聚亨,470,2,468,元大證券,2023-10-03,9800
2884,玉山金,902,447,455,元大證券,2023-10-03,9800
2301,光寶科,1046,592,454,元大證券,2023-10-03,9800
2331,精英,477,25,452,元大證券,2023-10-03,9800
2542,興富發,430,2,428,元大證券,2023-10-03,9800
2317,鴻海,815,406,409,元大證券,2023-10-03,9800
00686R,群益臺灣加權反1,400,0,400,元大證券,2023-10-03,9800
1907,永豐餘,589,189,400,元大證券,2023-10-03,9800
00656R,國泰中國A50反1,387,0,387,元大證券,2023-10-03,9800
2308,台達電,587,210,377,元大證券,2023-10-03,9800
020038,元大ESG配息N,382,14,368,元大證券,2023-10-03,9800
6274,台燿,2122,1756,366,元大證券,2023-10-03,9800
2913,農林,506,143,363,元大證券,2023-10-03,9800
00908,富邦入息REITs+,496,135,361,元大證券,2023-10-03,9800
00632R,元大台灣50反1,51717,46138,5579,元大證券,2023-10-04,9800
00688L,國泰20年美債正2,6446,3688,2758,元大證券,2023-10-04,9800
00680L,元大美債20正2,15578,13054,2524,元大證券,2023-10-04,9800
00795B,中信美國公債20年,4545,3162,1383,元大證券,2023-10-04,9800
00673R,期元大S＆P原油反1,1961,600,1361,元大證券,2023-10-04,9800
2887,台新金,3114,1900,1214,元大證券,2023-10-04,9800
00893,國泰智能電動車,1332,320,1012,元大證券,2023-10-04,9800
00650L,復華香港正2,4099,3118,981,元大證券,2023-10-04,9800
00669R,國泰美國道瓊反1,2739,1886,853,元大證券,2023-10-04,9800
3481,群創,2481,1767,714,元大證券,2023-10-04,9800
2897,王道銀行,938,229,709,元大證券,2023-10-04,9800
3265,台星科,719,30,689,元大證券,2023-10-04,9800
00740B,富邦全球投等債,1493,825,668,元大證券,2023-10-04,9800
00782B,國泰A級公用債,670,55,615,元大證券,2023-10-04,9800
2356,英業達,1865,1269,596,元大證券,2023-10-04,9800
2204,中華,743,152,591,元大證券,2023-10-04,9800
00706L,期元大S＆P日圓正2,844,255,589,元大證券,2023-10-04,9800
3231,緯創,6332,5779,553,元大證券,2023-10-04,9800
00648R,元大S＆P500反1,728,218,510,元大證券,2023-10-04,9800
00655L,國泰中國A50正2,1249,796,453,元大證券,2023-10-04,9800
8210,勤誠,747,339,408,元大證券,2023-10-04,9800
00915,凱基優選高股息30,922,583,339,元大證券,2023-10-04,9800
6451,訊芯-KY,1573,1234,339,元大證券,2023-10-04,9800
2382,廣達,2800,2508,292,元大證券,2023-10-04,9800
00752,中信中國50,503,220,283,元大證券,2023-10-04,9800
8081,致新,311,31,280,元大證券,2023-10-04,9800
00930,永豐ESG低碳高息,470,190,280,元大證券,2023-10-04,9800
00924,復華S＆P500成長,592,342,250,元大證券,2023-10-04,9800
00664R,國泰臺灣加權反1,1933,1690,243,元大證券,2023-10-04,9800
00635U,期元大S＆P黃金,342,103,239,元大證券,2023-10-04,9800
2425,承啟,441,205,236,元大證券,2023-10-04,9800
1722,台肥,301,65,236,元大證券,2023-10-04,9800
00683L,期元大美元指正2,336,104,232,元大證券,2023-10-04,9800
2885,元大金,1085,859,226,元大證券,2023-10-04,9800
2006,東和鋼鐵,250,25,225,元大證券,2023-10-04,9800
2368,金像電,658,448,210,元大證券,2023-10-04,9800
00686R,群益臺灣加權反1,201,0,201,元大證券,2023-10-04,9800
1324,地球,269,69,200,元大證券,2023-10-04,9800
3715,定穎投控,1529,1333,196,元大證券,2023-10-04,9800
00634R,富邦上証反1,977,784,193,元大證券,2023-10-04,9800
2449,京元電子,609,417,192,元大證券,2023-10-04,9800
00757,統一FANG+,575,390,185,元大證券,2023-10-04,9800
00656R,國泰中國A50反1,329,145,184,元大證券,2023-10-04,9800
1907,永豐餘,254,72,182,元大證券,2023-10-04,9800
1102,亞泥,427,250,177,元大證券,2023-10-04,9800
00920,富邦ESG綠色電力,291,115,176,元大證券,2023-10-04,9800
2351,順德,247,74,173,元大證券,2023-10-04,9800
2542,興富發,278,111,167,元大證券,2023-10-04,9800
5272,笙科,267,106,161,元大證券,2023-10-04,9800
1504,東元,864,708,156,元大證券,2023-10-04,9800
00673R,期元大S＆P原油反1,27206,520,26686,元大證券,2023-10-05,9800
00637L,元大滬深300正2,11045,5683,5362,元大證券,2023-10-05,9800
00878,國泰永續高股息,7692,2763,4929,元大證券,2023-10-05,9800
00900,富邦特選高股息30,4623,289,4334,元大證券,2023-10-05,9800
2303,聯電,4631,939,3692,元大證券,2023-10-05,9800
00923,群益台ESG低碳50,3519,72,3447,元大證券,2023-10-05,9800
00881,國泰台灣5G+,3416,215,3201,元大證券,2023-10-05,9800
00931B,統一美債20年,3324,858,2466,元大證券,2023-10-05,9800
00891,中信關鍵半導體,2302,247,2055,元大證券,2023-10-05,9800
2618,長榮航,6507,4678,1829,元大證券,2023-10-05,9800
00631L,元大台灣50正2,1904,147,1757,元大證券,2023-10-05,9800
00932,兆豐永續高息等權,2183,456,1727,元大證券,2023-10-05,9800
00929,復華台灣科技優息,4732,3115,1617,元大證券,2023-10-05,9800
00641R,富邦日本反1,1576,251,1325,元大證券,2023-10-05,9800
00751B,元大AAA至A公司債,2383,1092,1291,元大證券,2023-10-05,9800
00888,永豐台灣ESG,1491,272,1219,元大證券,2023-10-05,9800
00665L,富邦�琤肭磪囓�2,6328,5140,1188,元大證券,2023-10-05,9800
00692,富邦公司治理,1162,37,1125,元大證券,2023-10-05,9800
2330,台積電,1208,106,1102,元大證券,2023-10-05,9800
00896,中信綠能及電動車,1143,53,1090,元大證券,2023-10-05,9800
00892,富邦台灣半導體,1213,192,1021,元大證券,2023-10-05,9800
00918,大華優利高填息30,1086,98,988,元大證券,2023-10-05,9800
2409,友達,1472,495,977,元大證券,2023-10-05,9800
00907,永豐優息存股,994,95,899,元大證券,2023-10-05,9800
00701,國泰股利精選30,962,72,890,元大證券,2023-10-05,9800
00921,兆豐龍頭等權重,1148,277,871,元大證券,2023-10-05,9800
6213,聯茂,1073,273,800,元大證券,2023-10-05,9800
00901,永豐智能車供應鏈,729,0,729,元大證券,2023-10-05,9800
00675L,富邦臺灣加權正2,716,49,667,元大證券,2023-10-05,9800
00713,元大台灣高息低波,686,119,567,元大證券,2023-10-05,9800
00919,群益台灣精選高息,2941,2435,506,元大證券,2023-10-05,9800
00671R,富邦NASDAQ反1,1864,1359,505,元大證券,2023-10-05,9800
006208,富邦台50,649,153,496,元大證券,2023-10-05,9800
2344,華邦電,905,414,491,元大證券,2023-10-05,9800
00674R,期元大S＆P黃金反1,663,173,490,元大證券,2023-10-05,9800
00927,群益半導體收益,709,229,480,元大證券,2023-10-05,9800
2356,英業達,1171,709,462,元大證券,2023-10-05,9800
00930,永豐ESG低碳高息,715,256,459,元大證券,2023-10-05,9800
2376,技嘉,1019,581,438,元大證券,2023-10-05,9800
2885,元大金,458,26,432,元大證券,2023-10-05,9800
00782B,國泰A級公用債,440,31,409,元大證券,2023-10-05,9800
00683L,期元大美元指正2,410,10,400,元大證券,2023-10-05,9800
2317,鴻海,743,350,393,元大證券,2023-10-05,9800
00905,FT臺灣Smart,404,17,387,元大證券,2023-10-05,9800
00850,元大臺灣ESG永續,478,104,374,元大證券,2023-10-05,9800
2002,中鋼,689,317,372,元大證券,2023-10-05,9800
00894,中信小資高價30,371,6,365,元大證券,2023-10-05,9800
00912,中信臺灣智慧50,361,5,356,元大證券,2023-10-05,9800
2442,新美齊,497,153,344,元大證券,2023-10-05,9800
2897,王道銀行,369,26,343,元大證券,2023-10-05,9800
00673R,期元大S＆P原油反1,26941,0,26941,元大證券,2023-10-06,9800
00637L,元大滬深300正2,12191,3872,8319,元大證券,2023-10-06,9800
2382,廣達,3914,1404,2510,元大證券,2023-10-06,9800
00751B,元大AAA至A公司債,4615,2517,2098,元大證券,2023-10-06,9800
00929,復華台灣科技優息,4029,2239,1790,元大證券,2023-10-06,9800
00671R,富邦NASDAQ反1,1851,111,1740,元大證券,2023-10-06,9800
2886,兆豐金,1788,153,1635,元大證券,2023-10-06,9800
00753L,中信中國50正2,3975,2395,1580,元大證券,2023-10-06,9800
00665L,富邦�琤肭磪囓�2,5948,4419,1529,元大證券,2023-10-06,9800
4960,誠美材,1529,28,1501,元大證券,2023-10-06,9800
00631L,元大台灣50正2,1593,106,1487,元大證券,2023-10-06,9800
00915,凱基優選高股息30,1792,445,1347,元大證券,2023-10-06,9800
00881,國泰台灣5G+,1797,504,1293,元大證券,2023-10-06,9800
00900,富邦特選高股息30,1784,503,1281,元大證券,2023-10-06,9800
00878,國泰永續高股息,4983,3929,1054,元大證券,2023-10-06,9800
00669R,國泰美國道瓊反1,1049,0,1049,元大證券,2023-10-06,9800
00918,大華優利高填息30,1252,249,1003,元大證券,2023-10-06,9800
0050,元大台灣50,1105,147,958,元大證券,2023-10-06,9800
2330,台積電,1144,195,949,元大證券,2023-10-06,9800
00882,中信中國高股息,1879,1157,722,元大證券,2023-10-06,9800
2885,元大金,613,59,554,元大證券,2023-10-06,9800
2317,鴻海,1277,756,521,元大證券,2023-10-06,9800
2890,永豐金,770,304,466,元大證券,2023-10-06,9800
2606,裕民,794,331,463,元大證券,2023-10-06,9800
00648R,元大S＆P500反1,482,34,448,元大證券,2023-10-06,9800
00893,國泰智能電動車,1150,746,404,元大證券,2023-10-06,9800
00650L,復華香港正2,4059,3668,391,元大證券,2023-10-06,9800
2303,聯電,757,367,390,元大證券,2023-10-06,9800
4915,致伸,561,188,373,元大證券,2023-10-06,9800
4938,和碩,433,73,360,元大證券,2023-10-06,9800
00907,永豐優息存股,492,134,358,元大證券,2023-10-06,9800
6176,瑞儀,371,14,357,元大證券,2023-10-06,9800
4979,華星光,586,230,356,元大證券,2023-10-06,9800
5388,中磊,437,82,355,元大證券,2023-10-06,9800
6213,聯茂,619,273,346,元大證券,2023-10-06,9800
2891,中信金,888,544,344,元大證券,2023-10-06,9800
00633L,富邦上証正2,1378,1073,305,元大證券,2023-10-06,9800
00681R,元大美債20反1,304,4,300,元大證券,2023-10-06,9800
00862B,中信投資級公司債,304,6,298,元大證券,2023-10-06,9800
00674R,期元大S＆P黃金反1,353,55,298,元大證券,2023-10-06,9800
5880,合庫金,322,28,294,元大證券,2023-10-06,9800
2006,東和鋼鐵,293,6,287,元大證券,2023-10-06,9800
00683L,期元大美元指正2,286,0,286,元大證券,2023-10-06,9800
2882,國泰金,297,14,283,元大證券,2023-10-06,9800
1102,亞泥,287,12,275,元大證券,2023-10-06,9800
3006,晶豪科,1696,1427,269,元大證券,2023-10-06,9800
00902,中信電池及儲能,341,79,262,元大證券,2023-10-06,9800
1907,永豐餘,265,15,250,元大證券,2023-10-06,9800
2542,興富發,231,0,231,元大證券,2023-10-06,9800
2458,義隆,307,88,219,元大證券,2023-10-06,9800
00632R,元大台灣50反1,59706,27283,32423,元大證券,2023-10-11,9800
00665L,富邦�琤肭磪囓�2,17585,5180,12405,元大證券,2023-10-11,9800
00650L,復華香港正2,11639,955,10684,元大證券,2023-10-11,9800
00753L,中信中國50正2,6650,757,5893,元大證券,2023-10-11,9800
00664R,國泰臺灣加權反1,5643,24,5619,元大證券,2023-10-11,9800
00676R,富邦臺灣加權反1,6447,1640,4807,元大證券,2023-10-11,9800
00881,國泰台灣5G+,4472,102,4370,元大證券,2023-10-11,9800
00923,群益台ESG低碳50,4783,720,4063,元大證券,2023-10-11,9800
00900,富邦特選高股息30,4409,536,3873,元大證券,2023-10-11,9800
00891,中信關鍵半導體,4588,1329,3259,元大證券,2023-10-11,9800
2330,台積電,4054,1054,3000,元大證券,2023-10-11,9800
00715L,期街口布蘭特正2,5015,2233,2782,元大證券,2023-10-11,9800
00915,凱基優選高股息30,2359,352,2007,元大證券,2023-10-11,9800
00673R,期元大S＆P原油反1,1916,0,1916,元大證券,2023-10-11,9800
00631L,元大台灣50正2,2243,368,1875,元大證券,2023-10-11,9800
00929,復華台灣科技優息,4693,2974,1719,元大證券,2023-10-11,9800
4960,誠美材,1625,122,1503,元大證券,2023-10-11,9800
00885,富邦越南,1890,416,1474,元大證券,2023-10-11,9800
00888,永豐台灣ESG,1505,179,1326,元大證券,2023-10-11,9800
00893,國泰智能電動車,1441,139,1302,元大證券,2023-10-11,9800
00894,中信小資高價30,1262,1,1261,元大證券,2023-10-11,9800
2882,國泰金,1665,429,1236,元大證券,2023-10-11,9800
2363,矽統,5391,4193,1198,元大證券,2023-10-11,9800
2886,兆豐金,2117,926,1191,元大證券,2023-10-11,9800
2890,永豐金,1895,708,1187,元大證券,2023-10-11,9800
2891,中信金,3111,1996,1115,元大證券,2023-10-11,9800
2324,仁寶,1660,562,1098,元大證券,2023-10-11,9800
00926,凱基全球菁英55,1023,2,1021,元大證券,2023-10-11,9800
2409,友達,1729,719,1010,元大證券,2023-10-11,9800
00892,富邦台灣半導體,1570,562,1008,元大證券,2023-10-11,9800
00670L,富邦NASDAQ正2,1024,25,999,元大證券,2023-10-11,9800
2885,元大金,1240,247,993,元大證券,2023-10-11,9800
0050,元大台灣50,1146,155,991,元大證券,2023-10-11,9800
00918,大華優利高填息30,1154,170,984,元大證券,2023-10-11,9800
00713,元大台灣高息低波,1176,249,927,元大證券,2023-10-11,9800
5880,合庫金,1176,251,925,元大證券,2023-10-11,9800
00757,統一FANG+,908,9,899,元大證券,2023-10-11,9800
2888,新光金,1302,403,899,元大證券,2023-10-11,9800
1101,台泥,1045,160,885,元大證券,2023-10-11,9800
00641R,富邦日本反1,954,106,848,元大證券,2023-10-11,9800
2883,凱基金,1180,364,816,元大證券,2023-10-11,9800
2356,英業達,3414,2611,803,元大證券,2023-10-11,9800
2892,第一金,954,162,792,元大證券,2023-10-11,9800
2801,彰銀,796,27,769,元大證券,2023-10-11,9800
2881,富邦金,939,171,768,元大證券,2023-10-11,9800
00687B,國泰20年美債,2734,1971,763,元大證券,2023-10-11,9800
2880,華南金,845,91,754,元大證券,2023-10-11,9800
3481,群創,1741,1005,736,元大證券,2023-10-11,9800
2308,台達電,851,136,715,元大證券,2023-10-11,9800
1102,亞泥,716,15,701,元大證券,2023-10-11,9800
00673R,期元大S＆P原油反1,6996,696,6300,元大證券,2023-10-12,9800
00650L,復華香港正2,8148,2302,5846,元大證券,2023-10-12,9800
00720B,元大投資級公司債,6703,1087,5616,元大證券,2023-10-12,9800
00637L,元大滬深300正2,29893,25407,4486,元大證券,2023-10-12,9800
00687B,國泰20年美債,4325,576,3749,元大證券,2023-10-12,9800
00753L,中信中國50正2,3716,1056,2660,元大證券,2023-10-12,9800
00757,統一FANG+,2657,29,2628,元大證券,2023-10-12,9800
00878,國泰永續高股息,4260,2173,2087,元大證券,2023-10-12,9800
2105,正新,2216,173,2043,元大證券,2023-10-12,9800
00882,中信中國高股息,4010,2076,1934,元大證券,2023-10-12,9800
00669R,國泰美國道瓊反1,2373,485,1888,元大證券,2023-10-12,9800
00881,國泰台灣5G+,2085,216,1869,元大證券,2023-10-12,9800
00631L,元大台灣50正2,1908,65,1843,元大證券,2023-10-12,9800
00751B,元大AAA至A公司債,2993,1320,1673,元大證券,2023-10-12,9800
3231,緯創,5551,4074,1477,元大證券,2023-10-12,9800
00923,群益台ESG低碳50,1973,728,1245,元大證券,2023-10-12,9800
00725B,國泰投資級公司債,1538,494,1044,元大證券,2023-10-12,9800
2897,王道銀行,1029,23,1006,元大證券,2023-10-12,9800
00900,富邦特選高股息30,2924,1992,932,元大證券,2023-10-12,9800
00915,凱基優選高股息30,1323,402,921,元大證券,2023-10-12,9800
00665L,富邦�琤肭磪囓�2,7727,6901,826,元大證券,2023-10-12,9800
2885,元大金,872,144,728,元大證券,2023-10-12,9800
2313,華通,1729,1016,713,元大證券,2023-10-12,9800
00919,群益台灣精選高息,3562,2877,685,元大證券,2023-10-12,9800
00654R,富邦印度反1,670,0,670,元大證券,2023-10-12,9800
4960,誠美材,749,119,630,元大證券,2023-10-12,9800
006208,富邦台50,676,83,593,元大證券,2023-10-12,9800
6285,啟��,877,305,572,元大證券,2023-10-12,9800
5009,榮剛,683,125,558,元大證券,2023-10-12,9800
2409,友達,778,251,527,元大證券,2023-10-12,9800
00857B,永豐20年美公債,1373,851,522,元大證券,2023-10-12,9800
3005,神基,572,73,499,元大證券,2023-10-12,9800
2201,裕隆,937,471,466,元大證券,2023-10-12,9800
00894,中信小資高價30,465,1,464,元大證券,2023-10-12,9800
00907,永豐優息存股,879,426,453,元大證券,2023-10-12,9800
00675L,富邦臺灣加權正2,789,354,435,元大證券,2023-10-12,9800
00896,中信綠能及電動車,488,85,403,元大證券,2023-10-12,9800
00852L,國泰美國道瓊正2,400,0,400,元大證券,2023-10-12,9800
2882,國泰金,506,117,389,元大證券,2023-10-12,9800
2356,英業達,1553,1171,382,元大證券,2023-10-12,9800
2002,中鋼,561,190,371,元大證券,2023-10-12,9800
00850,元大臺灣ESG永續,461,113,348,元大證券,2023-10-12,9800
00895,富邦未來車,949,601,348,元大證券,2023-10-12,9800
2890,永豐金,595,256,339,元大證券,2023-10-12,9800
8996,高力,665,326,339,元大證券,2023-10-12,9800
00670L,富邦NASDAQ正2,397,65,332,元大證券,2023-10-12,9800
6176,瑞儀,361,31,330,元大證券,2023-10-12,9800
2458,義隆,453,138,315,元大證券,2023-10-12,9800
00888,永豐台灣ESG,688,376,312,元大證券,2023-10-12,9800
0050,元大台灣50,331,22,309,元大證券,2023-10-12,9800
00673R,期元大S＆P原油反1,9766,35,9731,元大證券,2023-10-13,9800
00632R,元大台灣50反1,20323,15317,5006,元大證券,2023-10-13,9800
2891,中信金,4488,144,4344,元大證券,2023-10-13,9800
00891,中信關鍵半導體,5598,2010,3588,元大證券,2023-10-13,9800
00893,國泰智能電動車,2663,32,2631,元大證券,2023-10-13,9800
00669R,國泰美國道瓊反1,2622,493,2129,元大證券,2023-10-13,9800
2515,中工,9978,8057,1921,元大證券,2023-10-13,9800
2330,台積電,3127,1476,1651,元大證券,2023-10-13,9800
2890,永豐金,1780,153,1627,元大證券,2023-10-13,9800
00751B,元大AAA至A公司債,3996,2424,1572,元大證券,2023-10-13,9800
2409,友達,2023,560,1463,元大證券,2023-10-13,9800
00892,富邦台灣半導體,1962,517,1445,元大證券,2023-10-13,9800
3711,日月光投控,1536,228,1308,元大證券,2023-10-13,9800
2885,元大金,1312,34,1278,元大證券,2023-10-13,9800
2105,正新,1255,72,1183,元大證券,2023-10-13,9800
00725B,國泰投資級公司債,1491,464,1027,元大證券,2023-10-13,9800
2303,聯電,1948,1010,938,元大證券,2023-10-13,9800
00676R,富邦臺灣加權反1,1310,418,892,元大證券,2023-10-13,9800
00876,元大全球5G,858,2,856,元大證券,2023-10-13,9800
00927,群益半導體收益,954,171,783,元大證券,2023-10-13,9800
2618,長榮航,1557,775,782,元大證券,2023-10-13,9800
2353,宏��,1189,410,779,元大證券,2023-10-13,9800
2886,兆豐金,951,180,771,元大證券,2023-10-13,9800
2324,仁寶,2058,1337,721,元大證券,2023-10-13,9800
1102,亞泥,723,21,702,元大證券,2023-10-13,9800
00894,中信小資高價30,748,49,699,元大證券,2023-10-13,9800
00895,富邦未來車,903,205,698,元大證券,2023-10-13,9800
00901,永豐智能車供應鏈,657,2,655,元大證券,2023-10-13,9800
00904,新光臺灣半導體30,737,104,633,元大證券,2023-10-13,9800
2027,大成鋼,658,52,606,元大證券,2023-10-13,9800
2887,台新金,1233,633,600,元大證券,2023-10-13,9800
2542,興富發,626,37,589,元大證券,2023-10-13,9800
00920,富邦ESG綠色電力,588,1,587,元大證券,2023-10-13,9800
2897,王道銀行,595,23,572,元大證券,2023-10-13,9800
2368,金像電,837,283,554,元大證券,2023-10-13,9800
3702,大聯大,650,98,552,元大證券,2023-10-13,9800
00715L,期街口布蘭特正2,2349,1806,543,元大證券,2023-10-13,9800
1907,永豐餘,605,85,520,元大證券,2023-10-13,9800
2357,華碩,842,340,502,元大證券,2023-10-13,9800
2347,聯強,509,36,473,元大證券,2023-10-13,9800
1216,統一,499,35,464,元大證券,2023-10-13,9800
6176,瑞儀,465,12,453,元大證券,2023-10-13,9800
4938,和碩,496,57,439,元大證券,2023-10-13,9800
00641R,富邦日本反1,472,37,435,元大證券,2023-10-13,9800
00885,富邦越南,1298,870,428,元大證券,2023-10-13,9800
2412,中華電,431,6,425,元大證券,2023-10-13,9800
00900,富邦特選高股息30,2417,2003,414,元大證券,2023-10-13,9800
00928,中信上櫃ESG30,396,0,396,元大證券,2023-10-13,9800
3706,神達,1714,1332,382,元大證券,2023-10-13,9800
00656R,國泰中國A50反1,369,0,369,元大證券,2023-10-13,9800
00632R,元大台灣50反1,21503,15968,5535,元大證券,2023-10-16,9800
00680L,元大美債20正2,5490,2017,3473,元大證券,2023-10-16,9800
2303,聯電,4395,1523,2872,元大證券,2023-10-16,9800
00679B,元大美債20年,4630,2082,2548,元大證券,2023-10-16,9800
2609,陽明,2740,300,2440,元大證券,2023-10-16,9800
00720B,元大投資級公司債,3198,1029,2169,元大證券,2023-10-16,9800
00751B,元大AAA至A公司債,3468,1360,2108,元大證券,2023-10-16,9800
2330,台積電,2190,125,2065,元大證券,2023-10-16,9800
2890,永豐金,2276,278,1998,元大證券,2023-10-16,9800
2409,友達,2170,242,1928,元大證券,2023-10-16,9800
2891,中信金,2410,506,1904,元大證券,2023-10-16,9800
2885,元大金,1980,91,1889,元大證券,2023-10-16,9800
0050,元大台灣50,2248,758,1490,元大證券,2023-10-16,9800
00891,中信關鍵半導體,2596,1329,1267,元大證券,2023-10-16,9800
2615,萬海,1401,136,1265,元大證券,2023-10-16,9800
2886,兆豐金,1537,375,1162,元大證券,2023-10-16,9800
1504,東元,1140,77,1063,元大證券,2023-10-16,9800
00706L,期元大S＆P日圓正2,1012,0,1012,元大證券,2023-10-16,9800
2324,仁寶,1753,744,1009,元大證券,2023-10-16,9800
00878,國泰永續高股息,6255,5356,899,元大證券,2023-10-16,9800
1102,亞泥,924,33,891,元大證券,2023-10-16,9800
2353,宏��,1275,408,867,元大證券,2023-10-16,9800
3702,大聯大,1037,230,807,元大證券,2023-10-16,9800
2882,國泰金,850,67,783,元大證券,2023-10-16,9800
2317,鴻海,928,183,745,元大證券,2023-10-16,9800
2027,大成鋼,821,85,736,元大證券,2023-10-16,9800
2542,興富發,878,164,714,元大證券,2023-10-16,9800
00664R,國泰臺灣加權反1,912,218,694,元大證券,2023-10-16,9800
4938,和碩,735,86,649,元大證券,2023-10-16,9800
1907,永豐餘,819,189,630,元大證券,2023-10-16,9800
00882,中信中國高股息,1084,466,618,元大證券,2023-10-16,9800
2347,聯強,683,74,609,元大證券,2023-10-16,9800
2603,長榮,874,293,581,元大證券,2023-10-16,9800
3231,緯創,4430,3856,574,元大證券,2023-10-16,9800
1303,南亞,613,49,564,元大證券,2023-10-16,9800
1216,統一,570,9,561,元大證券,2023-10-16,9800
00900,富邦特選高股息30,1802,1272,530,元大證券,2023-10-16,9800
00708L,期元大S＆P黃金正2,892,379,513,元大證券,2023-10-16,9800
00753L,中信中國50正2,1506,996,510,元大證券,2023-10-16,9800
2884,玉山金,646,172,474,元大證券,2023-10-16,9800
2449,京元電子,1184,722,462,元大證券,2023-10-16,9800
3711,日月光投控,811,350,461,元大證券,2023-10-16,9800
00757,統一FANG+,599,140,459,元大證券,2023-10-16,9800
3044,健鼎,886,429,457,元大證券,2023-10-16,9800
00764B,群益25年美債,494,39,455,元大證券,2023-10-16,9800
00641R,富邦日本反1,553,102,451,元大證券,2023-10-16,9800
6176,瑞儀,520,69,451,元大證券,2023-10-16,9800
2915,潤泰全,446,0,446,元大證券,2023-10-16,9800
2809,京城銀,454,15,439,元大證券,2023-10-16,9800
3036,文曄,684,266,418,元大證券,2023-10-16,9800
00632R,元大台灣50反1,14298,1826,12472,元大證券,2023-10-17,9800
2890,永豐金,2987,85,2902,元大證券,2023-10-17,9800
2409,友達,3200,298,2902,元大證券,2023-10-17,9800
00715L,期街口布蘭特正2,5530,2880,2650,元大證券,2023-10-17,9800
00665L,富邦�琤肭磪囓�2,7258,5006,2252,元大證券,2023-10-17,9800
2891,中信金,2410,224,2186,元大證券,2023-10-17,9800
2885,元大金,2247,131,2116,元大證券,2023-10-17,9800
00673R,期元大S＆P原油反1,2362,297,2065,元大證券,2023-10-17,9800
00881,國泰台灣5G+,2596,604,1992,元大證券,2023-10-17,9800
2324,仁寶,2120,169,1951,元大證券,2023-10-17,9800
2356,英業達,3011,1270,1741,元大證券,2023-10-17,9800
020022,元大電動車N,1684,57,1627,元大證券,2023-10-17,9800
00757,統一FANG+,1756,302,1454,元大證券,2023-10-17,9800
2353,宏��,1552,238,1314,元大證券,2023-10-17,9800
1402,遠東新,1486,231,1255,元大證券,2023-10-17,9800
1102,亞泥,1259,8,1251,元大證券,2023-10-17,9800
00891,中信關鍵半導體,1751,520,1231,元大證券,2023-10-17,9800
2303,聯電,4261,3033,1228,元大證券,2023-10-17,9800
00919,群益台灣精選高息,2550,1396,1154,元大證券,2023-10-17,9800
00892,富邦台灣半導體,1670,563,1107,元大證券,2023-10-17,9800
2027,大成鋼,1124,41,1083,元大證券,2023-10-17,9800
2542,興富發,1104,34,1070,元大證券,2023-10-17,9800
00888,永豐台灣ESG,2103,1148,955,元大證券,2023-10-17,9800
2884,玉山金,1107,159,948,元大證券,2023-10-17,9800
3702,大聯大,966,106,860,元大證券,2023-10-17,9800
4938,和碩,944,88,856,元大證券,2023-10-17,9800
00669R,國泰美國道瓊反1,1068,249,819,元大證券,2023-10-17,9800
1907,永豐餘,989,183,806,元大證券,2023-10-17,9800
00676R,富邦臺灣加權反1,964,171,793,元大證券,2023-10-17,9800
2317,鴻海,892,99,793,元大證券,2023-10-17,9800
2347,聯強,881,96,785,元大證券,2023-10-17,9800
1303,南亞,764,81,683,元大證券,2023-10-17,9800
00885,富邦越南,762,109,653,元大證券,2023-10-17,9800
2897,王道銀行,664,14,650,元大證券,2023-10-17,9800
2809,京城銀,642,14,628,元大證券,2023-10-17,9800
00662,富邦NASDAQ,655,32,623,元大證券,2023-10-17,9800
2388,威盛,1209,617,592,元大證券,2023-10-17,9800
2915,潤泰全,660,70,590,元大證券,2023-10-17,9800
00696B,富邦美債20年,2492,1903,589,元大證券,2023-10-17,9800
00862B,中信投資級公司債,615,35,580,元大證券,2023-10-17,9800
2006,東和鋼鐵,585,8,577,元大證券,2023-10-17,9800
2515,中工,5535,4998,537,元大證券,2023-10-17,9800
2449,京元電子,1723,1203,520,元大證券,2023-10-17,9800
2301,光寶科,2251,1733,518,元大證券,2023-10-17,9800
00895,富邦未來車,675,175,500,元大證券,2023-10-17,9800
2606,裕民,507,17,490,元大證券,2023-10-17,9800
3036,文曄,1279,796,483,元大證券,2023-10-17,9800
00905,FT臺灣Smart,628,165,463,元大證券,2023-10-17,9800
00927,群益半導體收益,454,2,452,元大證券,2023-10-17,9800
6176,瑞儀,487,49,438,元大證券,2023-10-17,9800
00632R,元大台灣50反1,60545,2020,58525,元大證券,2023-10-18,9800
2891,中信金,8215,420,7795,元大證券,2023-10-18,9800
2890,永豐金,5324,274,5050,元大證券,2023-10-18,9800
2409,友達,4586,432,4154,元大證券,2023-10-18,9800
2885,元大金,3496,149,3347,元大證券,2023-10-18,9800
2886,兆豐金,3067,19,3048,元大證券,2023-10-18,9800
2324,仁寶,3573,775,2798,元大證券,2023-10-18,9800
00891,中信關鍵半導體,3357,786,2571,元大證券,2023-10-18,9800
3702,大聯大,2784,295,2489,元大證券,2023-10-18,9800
00881,國泰台灣5G+,4282,1855,2427,元大證券,2023-10-18,9800
2303,聯電,7131,4879,2252,元大證券,2023-10-18,9800
1402,遠東新,3008,928,2080,元大證券,2023-10-18,9800
2892,第一金,2382,319,2063,元大證券,2023-10-18,9800
1102,亞泥,2302,272,2030,元大證券,2023-10-18,9800
00927,群益半導體收益,2255,294,1961,元大證券,2023-10-18,9800
2353,宏��,2795,915,1880,元大證券,2023-10-18,9800
2317,鴻海,2560,686,1874,元大證券,2023-10-18,9800
00923,群益台ESG低碳50,2180,416,1764,元大證券,2023-10-18,9800
2027,大成鋼,1736,45,1691,元大證券,2023-10-18,9800
2542,興富發,1736,179,1557,元大證券,2023-10-18,9800
2882,國泰金,1689,180,1509,元大證券,2023-10-18,9800
00931B,統一美債20年,2895,1510,1385,元大證券,2023-10-18,9800
4938,和碩,1538,175,1363,元大證券,2023-10-18,9800
1907,永豐餘,1485,131,1354,元大證券,2023-10-18,9800
2883,凱基金,1471,130,1341,元大證券,2023-10-18,9800
5876,上海商銀,1190,21,1169,元大證券,2023-10-18,9800
2884,玉山金,1188,28,1160,元大證券,2023-10-18,9800
2618,長榮航,2556,1416,1140,元大證券,2023-10-18,9800
2347,聯強,1523,395,1128,元大證券,2023-10-18,9800
1303,南亞,1418,365,1053,元大證券,2023-10-18,9800
2887,台新金,1599,560,1039,元大證券,2023-10-18,9800
2880,華南金,1069,57,1012,元大證券,2023-10-18,9800
5880,合庫金,1059,64,995,元大證券,2023-10-18,9800
00753L,中信中國50正2,2743,1790,953,元大證券,2023-10-18,9800
2356,英業達,3824,2885,939,元大證券,2023-10-18,9800
2449,京元電子,2242,1350,892,元大證券,2023-10-18,9800
00892,富邦台灣半導體,1642,751,891,元大證券,2023-10-18,9800
2301,光寶科,3784,2923,861,元大證券,2023-10-18,9800
00637L,元大滬深300正2,11334,10484,850,元大證券,2023-10-18,9800
2006,東和鋼鐵,889,78,811,元大證券,2023-10-18,9800
3711,日月光投控,2192,1410,782,元大證券,2023-10-18,9800
00692,富邦公司治理,915,145,770,元大證券,2023-10-18,9800
00633L,富邦上証正2,1464,695,769,元大證券,2023-10-18,9800
4958,臻鼎-KY,817,74,743,元大證券,2023-10-18,9800
2425,承啟,965,229,736,元大證券,2023-10-18,9800
020022,元大電動車N,742,24,718,元大證券,2023-10-18,9800
2915,潤泰全,974,256,718,元大證券,2023-10-18,9800
2385,群光,838,123,715,元大證券,2023-10-18,9800
3045,台灣大,766,56,710,元大證券,2023-10-18,9800
00664R,國泰臺灣加權反1,1948,1250,698,元大證券,2023-10-18,9800
00632R,元大台灣50反1,32981,18905,14076,元大證券,2023-10-19,9800
2891,中信金,12037,307,11730,元大證券,2023-10-19,9800
2890,永豐金,9359,186,9173,元大證券,2023-10-19,9800
00638R,元大滬深300反1,8344,0,8344,元大證券,2023-10-19,9800
2303,聯電,9150,3177,5973,元大證券,2023-10-19,9800
00931B,統一美債20年,4501,1064,3437,元大證券,2023-10-19,9800
00676R,富邦臺灣加權反1,4210,820,3390,元大證券,2023-10-19,9800
2409,友達,3453,231,3222,元大證券,2023-10-19,9800
2885,元大金,3405,309,3096,元大證券,2023-10-19,9800
2887,台新金,3299,586,2713,元大證券,2023-10-19,9800
2886,兆豐金,2373,148,2225,元大證券,2023-10-19,9800
0050,元大台灣50,2134,72,2062,元大證券,2023-10-19,9800
2353,宏��,2303,329,1974,元大證券,2023-10-19,9800
2330,台積電,1973,85,1888,元大證券,2023-10-19,9800
00891,中信關鍵半導體,3152,1313,1839,元大證券,2023-10-19,9800
2027,大成鋼,1427,40,1387,元大證券,2023-10-19,9800
9904,寶成,1365,24,1341,元大證券,2023-10-19,9800
2542,興富發,1411,94,1317,元大證券,2023-10-19,9800
1102,亞泥,1542,341,1201,元大證券,2023-10-19,9800
1907,永豐餘,1180,46,1134,元大證券,2023-10-19,9800
2892,第一金,1188,107,1081,元大證券,2023-10-19,9800
2606,裕民,1523,448,1075,元大證券,2023-10-19,9800
2317,鴻海,1565,494,1071,元大證券,2023-10-19,9800
3702,大聯大,1263,202,1061,元大證券,2023-10-19,9800
00795B,中信美國公債20年,2073,1013,1060,元大證券,2023-10-19,9800
4938,和碩,1123,92,1031,元大證券,2023-10-19,9800
3231,緯創,6227,5208,1019,元大證券,2023-10-19,9800
00664R,國泰臺灣加權反1,2206,1223,983,元大證券,2023-10-19,9800
00715L,期街口布蘭特正2,1662,720,942,元大證券,2023-10-19,9800
2347,聯強,1071,150,921,元大證券,2023-10-19,9800
1402,遠東新,1817,938,879,元大證券,2023-10-19,9800
2618,長榮航,2117,1296,821,元大證券,2023-10-19,9800
2449,京元電子,1586,769,817,元大證券,2023-10-19,9800
2382,廣達,3683,2908,775,元大證券,2023-10-19,9800
00708L,期元大S＆P黃金正2,1031,267,764,元大證券,2023-10-19,9800
2809,京城銀,776,17,759,元大證券,2023-10-19,9800
2915,潤泰全,758,2,756,元大證券,2023-10-19,9800
3017,奇鋐,1139,392,747,元大證券,2023-10-19,9800
3711,日月光投控,1208,541,667,元大證券,2023-10-19,9800
2006,東和鋼鐵,648,4,644,元大證券,2023-10-19,9800
00926,凱基全球菁英55,644,1,643,元大證券,2023-10-19,9800
1301,台塑,850,211,639,元大證券,2023-10-19,9800
1303,南亞,817,207,610,元大證券,2023-10-19,9800
00892,富邦台灣半導體,1670,1070,600,元大證券,2023-10-19,9800
3036,文曄,772,177,595,元大證券,2023-10-19,9800
2301,光寶科,1664,1111,553,元大證券,2023-10-19,9800
5880,合庫金,692,172,520,元大證券,2023-10-19,9800
00657,國泰日經225,537,53,484,元大證券,2023-10-19,9800
6176,瑞儀,590,105,485,元大證券,2023-10-19,9800
00642U,期元大S＆P石油,501,19,482,元大證券,2023-10-19,9800
00632R,元大台灣50反1,26248,15274,10974,元大證券,2023-10-20,9800
00715L,期街口布蘭特正2,9516,3973,5543,元大證券,2023-10-20,9800
00671R,富邦NASDAQ反1,4684,841,3843,元大證券,2023-10-20,9800
00662,富邦NASDAQ,3510,200,3310,元大證券,2023-10-20,9800
00772B,中信高評級公司債,3874,881,2993,元大證券,2023-10-20,9800
00720B,元大投資級公司債,4633,1774,2859,元大證券,2023-10-20,9800
00664R,國泰臺灣加權反1,2898,239,2659,元大證券,2023-10-20,9800
00638R,元大滬深300反1,2527,100,2427,元大證券,2023-10-20,9800
3231,緯創,5706,3414,2292,元大證券,2023-10-20,9800
020039,元大加權N,2946,750,2196,元大證券,2023-10-20,9800
00676R,富邦臺灣加權反1,3658,1612,2046,元大證券,2023-10-20,9800
2303,聯電,5222,3418,1804,元大證券,2023-10-20,9800
4960,誠美材,1483,333,1150,元大證券,2023-10-20,9800
00642U,期元大S＆P石油,1853,713,1140,元大證券,2023-10-20,9800
00885,富邦越南,2639,1681,958,元大證券,2023-10-20,9800
00928,中信上櫃ESG30,1403,489,914,元大證券,2023-10-20,9800
2887,台新金,1495,590,905,元大證券,2023-10-20,9800
00669R,國泰美國道瓊反1,1707,897,810,元大證券,2023-10-20,9800
2890,永豐金,1231,445,786,元大證券,2023-10-20,9800
2369,菱生,2193,1415,778,元大證券,2023-10-20,9800
2885,元大金,1141,365,776,元大證券,2023-10-20,9800
00751B,元大AAA至A公司債,4143,3443,700,元大證券,2023-10-20,9800
00918,大華優利高填息30,1100,422,678,元大證券,2023-10-20,9800
2002,中鋼,1445,833,612,元大證券,2023-10-20,9800
2324,仁寶,1278,696,582,元大證券,2023-10-20,9800
2845,遠東銀,730,149,581,元大證券,2023-10-20,9800
2363,矽統,558,11,547,元大證券,2023-10-20,9800
2891,中信金,1364,829,535,元大證券,2023-10-20,9800
1102,亞泥,650,120,530,元大證券,2023-10-20,9800
6505,台塑化,531,73,458,元大證券,2023-10-20,9800
3044,健鼎,698,252,446,元大證券,2023-10-20,9800
00897,富邦基因免疫生技,443,16,427,元大證券,2023-10-20,9800
00706L,期元大S＆P日圓正2,398,0,398,元大證券,2023-10-20,9800
00900,富邦特選高股息30,3001,2607,394,元大證券,2023-10-20,9800
6274,台燿,2301,1908,393,元大證券,2023-10-20,9800
00862B,中信投資級公司債,400,16,384,元大證券,2023-10-20,9800
00725B,國泰投資級公司債,861,495,366,元大證券,2023-10-20,9800
2886,兆豐金,827,464,363,元大證券,2023-10-20,9800
3481,群創,1258,896,362,元大證券,2023-10-20,9800
00722B,群益投資級電信債,602,244,358,元大證券,2023-10-20,9800
2317,鴻海,643,295,348,元大證券,2023-10-20,9800
00773B,中信優先金融債,717,369,348,元大證券,2023-10-20,9800
2542,興富發,364,19,345,元大證券,2023-10-20,9800
00903,富邦元宇宙,447,105,342,元大證券,2023-10-20,9800
1907,永豐餘,355,18,337,元大證券,2023-10-20,9800
00634R,富邦上証反1,392,56,336,元大證券,2023-10-20,9800
006208,富邦台50,1238,906,332,元大證券,2023-10-20,9800
00905,FT臺灣Smart,1017,695,322,元大證券,2023-10-20,9800
2409,友達,1260,940,320,元大證券,2023-10-20,9800
3051,力特,598,287,311,元大證券,2023-10-20,9800
00632R,元大台灣50反1,56380,31108,25272,元大證券,2023-10-23,9800
00676R,富邦臺灣加權反1,3591,941,2650,元大證券,2023-10-23,9800
2887,台新金,1939,93,1846,元大證券,2023-10-23,9800
00671R,富邦NASDAQ反1,2313,540,1773,元大證券,2023-10-23,9800
00664R,國泰臺灣加權反1,1768,7,1761,元大證券,2023-10-23,9800
00669R,國泰美國道瓊反1,1839,95,1744,元大證券,2023-10-23,9800
00633L,富邦上証正2,3426,1724,1702,元大證券,2023-10-23,9800
2303,聯電,3222,1923,1299,元大證券,2023-10-23,9800
00637L,元大滬深300正2,10960,9766,1194,元大證券,2023-10-23,9800
00665L,富邦�琤肭磪囓�2,2104,952,1152,元大證券,2023-10-23,9800
2369,菱生,2780,1794,986,元大證券,2023-10-23,9800
2352,佳世達,1307,492,815,元大證券,2023-10-23,9800
00885,富邦越南,2021,1267,754,元大證券,2023-10-23,9800
2890,永豐金,804,146,658,元大證券,2023-10-23,9800
00642U,期元大S＆P石油,1969,1345,624,元大證券,2023-10-23,9800
00648R,元大S＆P500反1,640,32,608,元大證券,2023-10-23,9800
2881,富邦金,702,106,596,元大證券,2023-10-23,9800
2885,元大金,740,165,575,元大證券,2023-10-23,9800
00720B,元大投資級公司債,2505,1939,566,元大證券,2023-10-23,9800
00773B,中信優先金融債,874,342,532,元大證券,2023-10-23,9800
2891,中信金,684,163,521,元大證券,2023-10-23,9800
00933B,國泰10Y+金融債,1330,854,476,元大證券,2023-10-23,9800
2618,長榮航,1475,1011,464,元大證券,2023-10-23,9800
6244,茂迪,644,198,446,元大證券,2023-10-23,9800
2330,台積電,814,372,442,元大證券,2023-10-23,9800
00830,國泰費城半導體,986,584,402,元大證券,2023-10-23,9800
00635U,期元大S＆P黃金,477,84,393,元大證券,2023-10-23,9800
1722,台肥,388,11,377,元大證券,2023-10-23,9800
00877,復華中國5G,534,166,368,元大證券,2023-10-23,9800
00897,富邦基因免疫生技,488,157,331,元大證券,2023-10-23,9800
2542,興富發,315,14,301,元大證券,2023-10-23,9800
00926,凱基全球菁英55,307,7,300,元大證券,2023-10-23,9800
2886,兆豐金,592,308,284,元大證券,2023-10-23,9800
1303,南亞,366,104,262,元大證券,2023-10-23,9800
2356,英業達,910,653,257,元大證券,2023-10-23,9800
00634R,富邦上証反1,263,17,246,元大證券,2023-10-23,9800
2449,京元電子,1099,874,225,元大證券,2023-10-23,9800
00639,富邦深100,366,144,222,元大證券,2023-10-23,9800
6168,宏齊,1093,872,221,元大證券,2023-10-23,9800
1907,永豐餘,230,21,209,元大證券,2023-10-23,9800
2476,鉅祥,228,25,203,元大證券,2023-10-23,9800
2353,宏��,678,475,203,元大證券,2023-10-23,9800
2388,威盛,765,579,186,元大證券,2023-10-23,9800
2368,金像電,312,133,179,元大證券,2023-10-23,9800
2301,光寶科,1190,1016,174,元大證券,2023-10-23,9800
2371,大同,218,51,167,元大證券,2023-10-23,9800
2915,潤泰全,163,5,158,元大證券,2023-10-23,9800
3044,健鼎,291,135,156,元大證券,2023-10-23,9800
4915,致伸,246,90,156,元大證券,2023-10-23,9800
2027,大成鋼,275,124,151,元大證券,2023-10-23,9800
00632R,元大台灣50反1,53571,17407,36164,元大證券,2023-10-24,9800
00878,國泰永續高股息,11902,5856,6046,元大證券,2023-10-24,9800
00673R,期元大S＆P原油反1,5989,0,5989,元大證券,2023-10-24,9800
00919,群益台灣精選高息,6810,3997,2813,元大證券,2023-10-24,9800
00881,國泰台灣5G+,4419,2004,2415,元大證券,2023-10-24,9800
3231,緯創,6267,3996,2271,元大證券,2023-10-24,9800
00664R,國泰臺灣加權反1,2227,345,1882,元大證券,2023-10-24,9800
00891,中信關鍵半導體,3802,1935,1867,元大證券,2023-10-24,9800
00679B,元大美債20年,3926,2116,1810,元大證券,2023-10-24,9800
00671R,富邦NASDAQ反1,3578,2100,1478,元大證券,2023-10-24,9800
2890,永豐金,1330,93,1237,元大證券,2023-10-24,9800
2891,中信金,1475,247,1228,元大證券,2023-10-24,9800
00888,永豐台灣ESG,2767,1564,1203,元大證券,2023-10-24,9800
2882,國泰金,1278,101,1177,元大證券,2023-10-24,9800
00923,群益台ESG低碳50,2629,1462,1167,元大證券,2023-10-24,9800
2892,第一金,1207,122,1085,元大證券,2023-10-24,9800
2885,元大金,1100,46,1054,元大證券,2023-10-24,9800
00857B,永豐20年美公債,1385,443,942,元大證券,2023-10-24,9800
00692,富邦公司治理,1285,429,856,元大證券,2023-10-24,9800
00932,兆豐永續高息等權,1494,658,836,元大證券,2023-10-24,9800
00905,FT臺灣Smart,1376,569,807,元大證券,2023-10-24,9800
2324,仁寶,1059,306,753,元大證券,2023-10-24,9800
00930,永豐ESG低碳高息,1473,730,743,元大證券,2023-10-24,9800
2382,廣達,3250,2515,735,元大證券,2023-10-24,9800
3041,揚智,3671,2942,729,元大證券,2023-10-24,9800
2886,兆豐金,793,146,647,元大證券,2023-10-24,9800
2330,台積電,749,106,643,元大證券,2023-10-24,9800
00850,元大臺灣ESG永續,977,386,591,元大證券,2023-10-24,9800
00902,中信電池及儲能,1069,487,582,元大證券,2023-10-24,9800
00676R,富邦臺灣加權反1,2563,1996,567,元大證券,2023-10-24,9800
00882,中信中國高股息,2031,1489,542,元大證券,2023-10-24,9800
00927,群益半導體收益,1000,466,534,元大證券,2023-10-24,9800
00907,永豐優息存股,1279,752,527,元大證券,2023-10-24,9800
2409,友達,1667,1142,525,元大證券,2023-10-24,9800
00909,國泰數位支付服務,590,108,482,元大證券,2023-10-24,9800
00651R,復華香港反1,491,32,459,元大證券,2023-10-24,9800
00713,元大台灣高息低波,943,485,458,元大證券,2023-10-24,9800
3711,日月光投控,904,459,445,元大證券,2023-10-24,9800
00683L,期元大美元指正2,439,2,437,元大證券,2023-10-24,9800
3702,大聯大,555,146,409,元大證券,2023-10-24,9800
1795,美時,722,349,373,元大證券,2023-10-24,9800
5876,上海商銀,402,33,369,元大證券,2023-10-24,9800
006208,富邦台50,831,467,364,元大證券,2023-10-24,9800
00645,富邦日本,563,222,341,元大證券,2023-10-24,9800
00648R,元大S＆P500反1,418,95,323,元大證券,2023-10-24,9800
3045,台灣大,328,7,321,元大證券,2023-10-24,9800
00903,富邦元宇宙,433,118,315,元大證券,2023-10-24,9800
00666R,富邦�琤肭磪齯�1,546,235,311,元大證券,2023-10-24,9800
00926,凱基全球菁英55,532,227,305,元大證券,2023-10-24,9800
00701,國泰股利精選30,305,9,296,元大證券,2023-10-24,9800
00632R,元大台灣50反1,32010,17316,14694,元大證券,2023-10-25,9800
00673R,期元大S＆P原油反1,11308,50,11258,元大證券,2023-10-25,9800
00933B,國泰10Y+金融債,4974,186,4788,元大證券,2023-10-25,9800
00671R,富邦NASDAQ反1,4193,1160,3033,元大證券,2023-10-25,9800
2382,廣達,4392,1768,2624,元大證券,2023-10-25,9800
00669R,國泰美國道瓊反1,1880,81,1799,元大證券,2023-10-25,9800
2303,聯電,2643,1171,1472,元大證券,2023-10-25,9800
00708L,期元大S＆P黃金正2,1497,157,1340,元大證券,2023-10-25,9800
00648R,元大S＆P500反1,1298,4,1294,元大證券,2023-10-25,9800
00680L,元大美債20正2,4513,3506,1007,元大證券,2023-10-25,9800
00664R,國泰臺灣加權反1,2612,1677,935,元大證券,2023-10-25,9800
1402,遠東新,903,18,885,元大證券,2023-10-25,9800
00885,富邦越南,878,36,842,元大證券,2023-10-25,9800
00720B,元大投資級公司債,2115,1332,783,元大證券,2023-10-25,9800
00753L,中信中國50正2,3867,3280,587,元大證券,2023-10-25,9800
2337,旺宏,2732,2158,574,元大證券,2023-10-25,9800
00635U,期元大S＆P黃金,572,0,572,元大證券,2023-10-25,9800
2409,友達,2056,1574,482,元大證券,2023-10-25,9800
00676R,富邦臺灣加權反1,1439,990,449,元大證券,2023-10-25,9800
00654R,富邦印度反1,478,30,448,元大證券,2023-10-25,9800
00679B,元大美債20年,2696,2258,438,元大證券,2023-10-25,9800
2301,光寶科,1008,623,385,元大證券,2023-10-25,9800
00751B,元大AAA至A公司債,3006,2632,374,元大證券,2023-10-25,9800
1303,南亞,485,120,365,元大證券,2023-10-25,9800
2890,永豐金,451,94,357,元大證券,2023-10-25,9800
2891,中信金,704,349,355,元大證券,2023-10-25,9800
1795,美時,772,436,336,元大證券,2023-10-25,9800
00722B,群益投資級電信債,323,0,323,元大證券,2023-10-25,9800
2885,元大金,349,39,310,元大證券,2023-10-25,9800
00892,富邦台灣半導體,767,467,300,元大證券,2023-10-25,9800
3035,智原,1369,1073,296,元大證券,2023-10-25,9800
00894,中信小資高價30,390,102,288,元大證券,2023-10-25,9800
00932,兆豐永續高息等權,659,378,281,元大證券,2023-10-25,9800
6285,啟��,353,80,273,元大證券,2023-10-25,9800
2313,華通,862,590,272,元大證券,2023-10-25,9800
8176,智捷,272,2,270,元大證券,2023-10-25,9800
8210,勤誠,680,410,270,元大證券,2023-10-25,9800
2002,中鋼,518,250,268,元大證券,2023-10-25,9800
2449,京元電子,543,281,262,元大證券,2023-10-25,9800
6274,台燿,1082,833,249,元大證券,2023-10-25,9800
00923,群益台ESG低碳50,475,235,240,元大證券,2023-10-25,9800
00896,中信綠能及電動車,441,210,231,元大證券,2023-10-25,9800
00931B,統一美債20年,2315,2088,227,元大證券,2023-10-25,9800
00900,富邦特選高股息30,1472,1249,223,元大證券,2023-10-25,9800
00917,中信特選金融,224,15,209,元大證券,2023-10-25,9800
2383,台光電,270,66,204,元大證券,2023-10-25,9800
8054,安國,776,573,203,元大證券,2023-10-25,9800
00907,永豐優息存股,656,454,202,元大證券,2023-10-25,9800
00645,富邦日本,227,31,196,元大證券,2023-10-25,9800
5439,高技,549,353,196,元大證券,2023-10-25,9800
00632R,元大台灣50反1,103245,19912,83333,元大證券,2023-10-26,9800
00664R,國泰臺灣加權反1,7894,829,7065,元大證券,2023-10-26,9800
00676R,富邦臺灣加權反1,8335,2849,5486,元大證券,2023-10-26,9800
4960,誠美材,6528,1538,4990,元大證券,2023-10-26,9800
00715L,期街口布蘭特正2,4421,623,3798,元大證券,2023-10-26,9800
00637L,元大滬深300正2,17143,13672,3471,元大證券,2023-10-26,9800
00669R,國泰美國道瓊反1,3365,113,3252,元大證券,2023-10-26,9800
020039,元大加權N,3376,1273,2103,元大證券,2023-10-26,9800
2002,中鋼,2763,954,1809,元大證券,2023-10-26,9800
2887,台新金,2058,592,1466,元大證券,2023-10-26,9800
00665L,富邦�琤肭磪囓�2,9783,8641,1142,元大證券,2023-10-26,9800
00642U,期元大S＆P石油,1380,391,989,元大證券,2023-10-26,9800
2885,元大金,1108,157,951,元大證券,2023-10-26,9800
00893,國泰智能電動車,1946,1111,835,元大證券,2023-10-26,9800
00633L,富邦上証正2,1455,640,815,元大證券,2023-10-26,9800
00882,中信中國高股息,1509,745,764,元大證券,2023-10-26,9800
00648R,元大S＆P500反1,901,162,739,元大證券,2023-10-26,9800
00924,復華S＆P500成長,1072,346,726,元大證券,2023-10-26,9800
2890,永豐金,1393,695,698,元大證券,2023-10-26,9800
00752,中信中國50,809,138,671,元大證券,2023-10-26,9800
2409,友達,1605,976,629,元大證券,2023-10-26,9800
2324,仁寶,1297,675,622,元大證券,2023-10-26,9800
00650L,復華香港正2,3524,3020,504,元大證券,2023-10-26,9800
00654R,富邦印度反1,501,73,428,元大證券,2023-10-26,9800
00635U,期元大S＆P黃金,420,22,398,元大證券,2023-10-26,9800
2353,宏��,905,516,389,元大證券,2023-10-26,9800
1402,遠東新,619,248,371,元大證券,2023-10-26,9800
2027,大成鋼,508,138,370,元大證券,2023-10-26,9800
00876,元大全球5G,391,27,364,元大證券,2023-10-26,9800
2425,承啟,851,491,360,元大證券,2023-10-26,9800
1102,亞泥,530,173,357,元大證券,2023-10-26,9800
2356,英業達,1288,937,351,元大證券,2023-10-26,9800
00795B,中信美國公債20年,3593,3256,337,元大證券,2023-10-26,9800
00740B,富邦全球投等債,413,99,314,元大證券,2023-10-26,9800
5258,虹堡,936,635,301,元大證券,2023-10-26,9800
2542,興富發,443,145,298,元大證券,2023-10-26,9800
1907,永豐餘,401,103,298,元大證券,2023-10-26,9800
2449,京元電子,1313,1025,288,元大證券,2023-10-26,9800
2006,東和鋼鐵,314,37,277,元大證券,2023-10-26,9800
5439,高技,799,535,264,元大證券,2023-10-26,9800
2347,聯強,494,235,259,元大證券,2023-10-26,9800
00902,中信電池及儲能,654,396,258,元大證券,2023-10-26,9800
00689R,國泰20年美債反1,256,1,255,元大證券,2023-10-26,9800
3711,日月光投控,1052,806,246,元大證券,2023-10-26,9800
1721,三晃,2839,2594,245,元大證券,2023-10-26,9800
2915,潤泰全,272,52,220,元大證券,2023-10-26,9800
2317,鴻海,1335,1121,214,元大證券,2023-10-26,9800
4938,和碩,458,246,212,元大證券,2023-10-26,9800
00920,富邦ESG綠色電力,257,48,209,元大證券,2023-10-26,9800
2377,微星,302,103,199,元大證券,2023-10-26,9800
00637L,元大滬深300正2,23254,10512,12742,元大證券,2023-10-27,9800
00665L,富邦�琤肭磪囓�2,10672,5709,4963,元大證券,2023-10-27,9800
00878,國泰永續高股息,9239,4811,4428,元大證券,2023-10-27,9800
00673R,期元大S＆P原油反1,4535,1288,3247,元大證券,2023-10-27,9800
00795B,中信美國公債20年,4024,1174,2850,元大證券,2023-10-27,9800
00671R,富邦NASDAQ反1,4240,1503,2737,元大證券,2023-10-27,9800
00687B,國泰20年美債,6629,4149,2480,元大證券,2023-10-27,9800
00650L,復華香港正2,3905,1986,1919,元大證券,2023-10-27,9800
00753L,中信中國50正2,3571,1707,1864,元大證券,2023-10-27,9800
00881,國泰台灣5G+,4026,2192,1834,元大證券,2023-10-27,9800
4960,誠美材,3444,1646,1798,元大證券,2023-10-27,9800
00679B,元大美債20年,3677,2014,1663,元大證券,2023-10-27,9800
00931B,統一美債20年,3266,1615,1651,元大證券,2023-10-27,9800
00900,富邦特選高股息30,2169,535,1634,元大證券,2023-10-27,9800
00720B,元大投資級公司債,3076,1494,1582,元大證券,2023-10-27,9800
2618,長榮航,2486,1199,1287,元大證券,2023-10-27,9800
00882,中信中國高股息,1693,530,1163,元大證券,2023-10-27,9800
00633L,富邦上証正2,1922,771,1151,元大證券,2023-10-27,9800
2317,鴻海,1617,550,1067,元大證券,2023-10-27,9800
00669R,國泰美國道瓊反1,1069,169,900,元大證券,2023-10-27,9800
2891,中信金,1209,309,900,元大證券,2023-10-27,9800
00631L,元大台灣50正2,1349,502,847,元大證券,2023-10-27,9800
2610,華航,1093,287,806,元大證券,2023-10-27,9800
00648R,元大S＆P500反1,834,36,798,元大證券,2023-10-27,9800
5876,上海商銀,826,65,761,元大證券,2023-10-27,9800
00772B,中信高評級公司債,1923,1237,686,元大證券,2023-10-27,9800
00894,中信小資高價30,836,177,659,元大證券,2023-10-27,9800
2382,廣達,2524,1867,657,元大證券,2023-10-27,9800
00907,永豐優息存股,1342,713,629,元大證券,2023-10-27,9800
00923,群益台ESG低碳50,1273,673,600,元大證券,2023-10-27,9800
1301,台塑,626,34,592,元大證券,2023-10-27,9800
006208,富邦台50,1026,438,588,元大證券,2023-10-27,9800
00675L,富邦臺灣加權正2,713,153,560,元大證券,2023-10-27,9800
2890,永豐金,584,49,535,元大證券,2023-10-27,9800
00692,富邦公司治理,732,222,510,元大證券,2023-10-27,9800
2330,台積電,560,76,484,元大證券,2023-10-27,9800
00915,凱基優選高股息30,1110,629,481,元大證券,2023-10-27,9800
00912,中信臺灣智慧50,727,264,463,元大證券,2023-10-27,9800
00857B,永豐20年美公債,1369,930,439,元大證券,2023-10-27,9800
00921,兆豐龍頭等權重,776,376,400,元大證券,2023-10-27,9800
00888,永豐台灣ESG,1219,822,397,元大證券,2023-10-27,9800
6117,迎廣,1009,622,387,元大證券,2023-10-27,9800
00655L,國泰中國A50正2,1130,754,376,元大證券,2023-10-27,9800
1216,統一,664,290,374,元大證券,2023-10-27,9800
2885,元大金,403,54,349,元大證券,2023-10-27,9800
2887,台新金,371,28,343,元大證券,2023-10-27,9800
2337,旺宏,543,208,335,元大證券,2023-10-27,9800
4162,智擎,1090,772,318,元大證券,2023-10-27,9800
3704,合勤控,1080,787,293,元大證券,2023-10-27,9800
006207,復華滬深,284,0,284,元大證券,2023-10-27,9800
00632R,元大台灣50反1,28900,17306,11594,元大證券,2023-10-30,9800
00929,復華台灣科技優息,10654,4214,6440,元大證券,2023-10-30,9800
00637L,元大滬深300正2,14416,9969,4447,元大證券,2023-10-30,9800
00919,群益台灣精選高息,6753,3859,2894,元大證券,2023-10-30,9800
00669R,國泰美國道瓊反1,2208,0,2208,元大證券,2023-10-30,9800
00671R,富邦NASDAQ反1,2949,796,2153,元大證券,2023-10-30,9800
00931B,統一美債20年,3519,1391,2128,元大證券,2023-10-30,9800
2887,台新金,2596,587,2009,元大證券,2023-10-30,9800
2891,中信金,2057,168,1889,元大證券,2023-10-30,9800
00900,富邦特選高股息30,2928,1320,1608,元大證券,2023-10-30,9800
00927,群益半導體收益,1377,31,1346,元大證券,2023-10-30,9800
3704,合勤控,1630,298,1332,元大證券,2023-10-30,9800
00892,富邦台灣半導體,1890,703,1187,元大證券,2023-10-30,9800
00688L,國泰20年美債正2,1570,474,1096,元大證券,2023-10-30,9800
00881,國泰台灣5G+,1607,571,1036,元大證券,2023-10-30,9800
3105,穩懋,1005,2,1003,元大證券,2023-10-30,9800
00904,新光臺灣半導體30,1178,214,964,元大證券,2023-10-30,9800
00650L,復華香港正2,2518,1571,947,元大證券,2023-10-30,9800
00708L,期元大S＆P黃金正2,1127,248,879,元大證券,2023-10-30,9800
00932,兆豐永續高息等權,1122,267,855,元大證券,2023-10-30,9800
00921,兆豐龍頭等權重,1126,290,836,元大證券,2023-10-30,9800
8054,安國,3009,2182,827,元大證券,2023-10-30,9800
00696B,富邦美債20年,1236,453,783,元大證券,2023-10-30,9800
00692,富邦公司治理,979,299,680,元大證券,2023-10-30,9800
2344,華邦電,824,154,670,元大證券,2023-10-30,9800
2409,友達,857,245,612,元大證券,2023-10-30,9800
4904,遠傳,893,289,604,元大證券,2023-10-30,9800
2884,玉山金,621,28,593,元大證券,2023-10-30,9800
3094,聯傑,1018,427,591,元大證券,2023-10-30,9800
3711,日月光投控,916,327,589,元大證券,2023-10-30,9800
2881,富邦金,1033,448,585,元大證券,2023-10-30,9800
2330,台積電,680,104,576,元大證券,2023-10-30,9800
2890,永豐金,613,98,515,元大證券,2023-10-30,9800
00648R,元大S＆P500反1,541,37,504,元大證券,2023-10-30,9800
00905,FT臺灣Smart,698,194,504,元大證券,2023-10-30,9800
00930,永豐ESG低碳高息,1682,1204,478,元大證券,2023-10-30,9800
1605,華新,448,21,427,元大證券,2023-10-30,9800
1216,統一,447,23,424,元大證券,2023-10-30,9800
00753L,中信中國50正2,3129,2726,403,元大證券,2023-10-30,9800
1102,亞泥,500,99,401,元大證券,2023-10-30,9800
00850,元大臺灣ESG永續,747,356,391,元大證券,2023-10-30,9800
00713,元大台灣高息低波,794,420,374,元大證券,2023-10-30,9800
2880,華南金,409,37,372,元大證券,2023-10-30,9800
00888,永豐台灣ESG,1058,693,365,元大證券,2023-10-30,9800
5880,合庫金,426,90,336,元大證券,2023-10-30,9800
6443,元晶,1901,1574,327,元大證券,2023-10-30,9800
2002,中鋼,355,43,312,元大證券,2023-10-30,9800
00907,永豐優息存股,1107,806,301,元大證券,2023-10-30,9800
00903,富邦元宇宙,320,22,298,元大證券,2023-10-30,9800
2382,廣達,1732,1450,282,元大證券,2023-10-30,9800
00632R,元大台灣50反1,73038,14076,58962,元大證券,2023-10-31,9800
00680L,元大美債20正2,42043,7011,35032,元大證券,2023-10-31,9800
00688L,國泰20年美債正2,22739,1928,20811,元大證券,2023-10-31,9800
00673R,期元大S＆P原油反1,11819,20,11799,元大證券,2023-10-31,9800
00664R,國泰臺灣加權反1,5840,1761,4079,元大證券,2023-10-31,9800
00751B,元大AAA至A公司債,4857,1387,3470,元大證券,2023-10-31,9800
2885,元大金,2609,15,2594,元大證券,2023-10-31,9800
00772B,中信高評級公司債,3810,1350,2460,元大證券,2023-10-31,9800
2890,永豐金,3151,717,2434,元大證券,2023-10-31,9800
00720B,元大投資級公司債,3674,1344,2330,元大證券,2023-10-31,9800
1216,統一,1892,67,1825,元大證券,2023-10-31,9800
00725B,國泰投資級公司債,1803,204,1599,元大證券,2023-10-31,9800
2886,兆豐金,1450,17,1433,元大證券,2023-10-31,9800
00687B,國泰20年美債,8195,6802,1393,元大證券,2023-10-31,9800
3702,大聯大,1491,191,1300,元大證券,2023-10-31,9800
00830,國泰費城半導體,1613,458,1155,元大證券,2023-10-31,9800
2409,友達,1871,839,1032,元大證券,2023-10-31,9800
00740B,富邦全球投等債,1074,67,1007,元大證券,2023-10-31,9800
00696B,富邦美債20年,1710,726,984,元大證券,2023-10-31,9800
2882,國泰金,972,9,963,元大證券,2023-10-31,9800
00931B,統一美債20年,3015,2052,963,元大證券,2023-10-31,9800
00773B,中信優先金融債,988,27,961,元大證券,2023-10-31,9800
2892,第一金,959,6,953,元大證券,2023-10-31,9800
4904,遠傳,1014,77,937,元大證券,2023-10-31,9800
00676R,富邦臺灣加權反1,1952,1085,867,元大證券,2023-10-31,9800
00633L,富邦上証正2,1564,702,862,元大證券,2023-10-31,9800
00885,富邦越南,2448,1598,850,元大證券,2023-10-31,9800
2324,仁寶,948,190,758,元大證券,2023-10-31,9800
2353,宏��,779,144,635,元大證券,2023-10-31,9800
1402,遠東新,659,38,621,元大證券,2023-10-31,9800
4938,和碩,697,79,618,元大證券,2023-10-31,9800
5347,世界,640,38,602,元大證券,2023-10-31,9800
2356,英業達,1477,892,585,元大證券,2023-10-31,9800
00895,富邦未來車,967,405,562,元大證券,2023-10-31,9800
2618,長榮航,1558,998,560,元大證券,2023-10-31,9800
1102,亞泥,563,5,558,元大證券,2023-10-31,9800
5876,上海商銀,607,71,536,元大證券,2023-10-31,9800
00902,中信電池及儲能,826,307,519,元大證券,2023-10-31,9800
3704,合勤控,1121,610,511,元大證券,2023-10-31,9800
3711,日月光投控,1033,543,490,元大證券,2023-10-31,9800
00761B,國泰A級公司債,505,25,480,元大證券,2023-10-31,9800
2027,大成鋼,491,29,462,元大證券,2023-10-31,9800
1301,台塑,434,2,432,元大證券,2023-10-31,9800
00862B,中信投資級公司債,420,0,420,元大證券,2023-10-31,9800
2542,興富發,492,76,416,元大證券,2023-10-31,9800
00679B,元大美債20年,6027,5613,414,元大證券,2023-10-31,9800
1907,永豐餘,461,65,396,元大證券,2023-10-31,9800
2449,京元電子,706,314,392,元大證券,2023-10-31,9800
2891,中信金,2388,1997,391,元大證券,2023-10-31,9800
2454,聯發科,760,372,388,元大證券,2023-10-31,9800
00632R,元大台灣50反1,34385,21074,13311,元大證券,2023-11-01,9800
00673R,期元大S＆P原油反1,12799,0,12799,元大證券,2023-11-01,9800
00919,群益台灣精選高息,6348,2373,3975,元大證券,2023-11-01,9800
00637L,元大滬深300正2,23619,19783,3836,元大證券,2023-11-01,9800
00891,中信關鍵半導體,3470,939,2531,元大證券,2023-11-01,9800
00931B,統一美債20年,4023,1730,2293,元大證券,2023-11-01,9800
00671R,富邦NASDAQ反1,2592,837,1755,元大證券,2023-11-01,9800
00665L,富邦�琤肭磪囓�2,10246,8517,1729,元大證券,2023-11-01,9800
00720B,元大投資級公司債,3536,1920,1616,元大證券,2023-11-01,9800
00881,國泰台灣5G+,1771,342,1429,元大證券,2023-11-01,9800
00932,兆豐永續高息等權,2079,734,1345,元大證券,2023-11-01,9800
2618,長榮航,4202,2917,1285,元大證券,2023-11-01,9800
00640L,富邦日本正2,1255,169,1086,元大證券,2023-11-01,9800
00900,富邦特選高股息30,1846,843,1003,元大證券,2023-11-01,9800
00655L,國泰中國A50正2,1847,869,978,元大證券,2023-11-01,9800
00882,中信中國高股息,1284,398,886,元大證券,2023-11-01,9800
00923,群益台ESG低碳50,1035,287,748,元大證券,2023-11-01,9800
4904,遠傳,1056,327,729,元大證券,2023-11-01,9800
00708L,期元大S＆P黃金正2,869,150,719,元大證券,2023-11-01,9800
00676R,富邦臺灣加權反1,1606,911,695,元大證券,2023-11-01,9800
1216,統一,734,40,694,元大證券,2023-11-01,9800
2615,萬海,617,15,602,元大證券,2023-11-01,9800
00635U,期元大S＆P黃金,580,5,575,元大證券,2023-11-01,9800
00892,富邦台灣半導體,1289,743,546,元大證券,2023-11-01,9800
00633L,富邦上証正2,2728,2201,527,元大證券,2023-11-01,9800
3715,定穎投控,2588,2066,522,元大證券,2023-11-01,9800
6235,華孚,1494,1009,485,元大證券,2023-11-01,9800
00728,第一金工業30,384,1,383,元大證券,2023-11-01,9800
6147,頎邦,519,145,374,元大證券,2023-11-01,9800
00905,FT臺灣Smart,697,328,369,元大證券,2023-11-01,9800
3045,台灣大,499,158,341,元大證券,2023-11-01,9800
5483,中美晶,586,246,340,元大證券,2023-11-01,9800
00636,國泰中國A50,544,205,339,元大證券,2023-11-01,9800
00669R,國泰美國道瓊反1,568,246,322,元大證券,2023-11-01,9800
2353,宏��,820,505,315,元大證券,2023-11-01,9800
00645,富邦日本,342,30,312,元大證券,2023-11-01,9800
00895,富邦未來車,332,31,301,元大證券,2023-11-01,9800
2324,仁寶,709,411,298,元大證券,2023-11-01,9800
00922,國泰台灣領袖50,955,660,295,元大證券,2023-11-01,9800
2891,中信金,504,221,283,元大證券,2023-11-01,9800
3231,緯創,2000,1720,280,元大證券,2023-11-01,9800
00752,中信中國50,493,226,267,元大證券,2023-11-01,9800
00907,永豐優息存股,626,361,265,元大證券,2023-11-01,9800
00921,兆豐龍頭等權重,745,481,264,元大證券,2023-11-01,9800
00896,中信綠能及電動車,513,253,260,元大證券,2023-11-01,9800
1319,東陽,438,178,260,元大證券,2023-11-01,9800
00894,中信小資高價30,542,294,248,元大證券,2023-11-01,9800
00927,群益半導體收益,284,42,242,元大證券,2023-11-01,9800
2885,元大金,272,42,230,元大證券,2023-11-01,9800
00772B,中信高評級公司債,1577,1348,229,元大證券,2023-11-01,9800
00632R,元大台灣50反1,67623,38520,29103,元大證券,2023-11-02,9800
00929,復華台灣科技優息,14793,2636,12157,元大證券,2023-11-02,9800
00673R,期元大S＆P原油反1,4230,1497,2733,元大證券,2023-11-02,9800
00671R,富邦NASDAQ反1,2760,426,2334,元大證券,2023-11-02,9800
00923,群益台ESG低碳50,2421,214,2207,元大證券,2023-11-02,9800
0050,元大台灣50,2398,217,2181,元大證券,2023-11-02,9800
00919,群益台灣精選高息,3549,1498,2051,元大證券,2023-11-02,9800
00631L,元大台灣50正2,2201,323,1878,元大證券,2023-11-02,9800
00900,富邦特選高股息30,4024,2399,1625,元大證券,2023-11-02,9800
00932,兆豐永續高息等權,2088,727,1361,元大證券,2023-11-02,9800
3264,欣銓,1468,164,1304,元大證券,2023-11-02,9800
00881,國泰台灣5G+,1663,428,1235,元大證券,2023-11-02,9800
00857B,永豐20年美公債,1595,401,1194,元大證券,2023-11-02,9800
00922,國泰台灣領袖50,1350,173,1177,元大證券,2023-11-02,9800
00676R,富邦臺灣加權反1,2373,1252,1121,元大證券,2023-11-02,9800
6285,啟��,1484,382,1102,元大證券,2023-11-02,9800
2412,中華電,1095,55,1040,元大證券,2023-11-02,9800
1815,富喬,4810,3823,987,元大證券,2023-11-02,9800
00882,中信中國高股息,1531,653,878,元大證券,2023-11-02,9800
2634,漢翔,882,77,805,元大證券,2023-11-02,9800
00894,中信小資高價30,786,0,786,元大證券,2023-11-02,9800
00665L,富邦�琤肭磪囓�2,7062,6279,783,元大證券,2023-11-02,9800
3481,群創,2734,1973,761,元大證券,2023-11-02,9800
020039,元大加權N,834,81,753,元大證券,2023-11-02,9800
3105,穩懋,1073,321,752,元大證券,2023-11-02,9800
00891,中信關鍵半導體,2723,1972,751,元大證券,2023-11-02,9800
3703,欣陸,728,5,723,元大證券,2023-11-02,9800
2330,台積電,906,255,651,元大證券,2023-11-02,9800
020038,元大ESG配息N,621,0,621,元大證券,2023-11-02,9800
2891,中信金,752,176,576,元大證券,2023-11-02,9800
5880,合庫金,607,41,566,元大證券,2023-11-02,9800
00675L,富邦臺灣加權正2,970,456,514,元大證券,2023-11-02,9800
2457,飛宏,616,104,512,元大證券,2023-11-02,9800
3715,定穎投控,3079,2587,492,元大證券,2023-11-02,9800
00930,永豐ESG低碳高息,729,275,454,元大證券,2023-11-02,9800
2002,中鋼,473,34,439,元大證券,2023-11-02,9800
2606,裕民,560,128,432,元大證券,2023-11-02,9800
0056,元大高股息,548,122,426,元大證券,2023-11-02,9800
2610,華航,1600,1202,398,元大證券,2023-11-02,9800
2363,矽統,444,51,393,元大證券,2023-11-02,9800
2388,威盛,1624,1242,382,元大證券,2023-11-02,9800
4904,遠傳,567,195,372,元大證券,2023-11-02,9800
00713,元大台灣高息低波,605,248,357,元大證券,2023-11-02,9800
00728,第一金工業30,322,0,322,元大證券,2023-11-02,9800
00650L,復華香港正2,3781,3462,319,元大證券,2023-11-02,9800
00885,富邦越南,2471,2158,313,元大證券,2023-11-02,9800
2883,凱基金,443,134,309,元大證券,2023-11-02,9800
2882,國泰金,307,10,297,元大證券,2023-11-02,9800
2884,玉山金,305,8,297,元大證券,2023-11-02,9800
2454,聯發科,522,231,291,元大證券,2023-11-02,9800
00933B,國泰10Y+金融債,8980,170,8810,元大證券,2023-11-03,9800
00665L,富邦�琤肭磪囓�2,11453,6118,5335,元大證券,2023-11-03,9800
00650L,復華香港正2,7214,1893,5321,元大證券,2023-11-03,9800
00712,復華富時不動產,6163,1901,4262,元大證券,2023-11-03,9800
00715L,期街口布蘭特正2,7124,3030,4094,元大證券,2023-11-03,9800
00688L,國泰20年美債正2,5637,1681,3956,元大證券,2023-11-03,9800
00631L,元大台灣50正2,3231,277,2954,元大證券,2023-11-03,9800
00637L,元大滬深300正2,12971,10533,2438,元大證券,2023-11-03,9800
00753L,中信中國50正2,2851,507,2344,元大證券,2023-11-03,9800
2618,長榮航,7784,5595,2189,元大證券,2023-11-03,9800
00885,富邦越南,3293,1309,1984,元大證券,2023-11-03,9800
00878,國泰永續高股息,5088,3195,1893,元大證券,2023-11-03,9800
00751B,元大AAA至A公司債,2941,1122,1819,元大證券,2023-11-03,9800
2634,漢翔,1906,148,1758,元大證券,2023-11-03,9800
2303,聯電,3330,1623,1707,元大證券,2023-11-03,9800
00676R,富邦臺灣加權反1,2485,813,1672,元大證券,2023-11-03,9800
00900,富邦特選高股息30,3046,1544,1502,元大證券,2023-11-03,9800
2330,台積電,1738,300,1438,元大證券,2023-11-03,9800
2884,玉山金,1545,154,1391,元大證券,2023-11-03,9800
00893,國泰智能電動車,1468,126,1342,元大證券,2023-11-03,9800
1815,富喬,7423,6148,1275,元大證券,2023-11-03,9800
2888,新光金,1332,136,1196,元大證券,2023-11-03,9800
00670L,富邦NASDAQ正2,1087,0,1087,元大證券,2023-11-03,9800
00882,中信中國高股息,1442,382,1060,元大證券,2023-11-03,9800
0050,元大台灣50,1532,493,1039,元大證券,2023-11-03,9800
00696B,富邦美債20年,1369,338,1031,元大證券,2023-11-03,9800
00891,中信關鍵半導體,1884,904,980,元大證券,2023-11-03,9800
2891,中信金,1820,882,938,元大證券,2023-11-03,9800
00923,群益台ESG低碳50,1917,1004,913,元大證券,2023-11-03,9800
2002,中鋼,952,135,817,元大證券,2023-11-03,9800
00720B,元大投資級公司債,2287,1472,815,元大證券,2023-11-03,9800
00633L,富邦上証正2,1314,532,782,元大證券,2023-11-03,9800
00894,中信小資高價30,757,8,749,元大證券,2023-11-03,9800
00675L,富邦臺灣加權正2,902,159,743,元大證券,2023-11-03,9800
00918,大華優利高填息30,906,163,743,元大證券,2023-11-03,9800
3044,健鼎,784,58,726,元大證券,2023-11-03,9800
00931B,統一美債20年,4958,4238,720,元大證券,2023-11-03,9800
2883,凱基金,1258,547,711,元大證券,2023-11-03,9800
2886,兆豐金,863,181,682,元大證券,2023-11-03,9800
00915,凱基優選高股息30,1216,546,670,元大證券,2023-11-03,9800
6274,台燿,1638,989,649,元大證券,2023-11-03,9800
00921,兆豐龍頭等權重,744,95,649,元大證券,2023-11-03,9800
2882,國泰金,736,114,622,元大證券,2023-11-03,9800
00795B,中信美國公債20年,1528,906,622,元大證券,2023-11-03,9800
2301,光寶科,1272,651,621,元大證券,2023-11-03,9800
00895,富邦未來車,616,0,616,元大證券,2023-11-03,9800
2603,長榮,620,74,546,元大證券,2023-11-03,9800
2885,元大金,580,38,542,元大證券,2023-11-03,9800
2890,永豐金,661,126,535,元大證券,2023-11-03,9800
8210,勤誠,867,356,511,元大證券,2023-11-03,9800
00680L,元大美債20正2,15575,1366,14209,元大證券,2023-11-06,9800
00753L,中信中國50正2,10010,1320,8690,元大證券,2023-11-06,9800
00881,國泰台灣5G+,5056,385,4671,元大證券,2023-11-06,9800
00665L,富邦�琤肭磪囓�2,10003,5514,4489,元大證券,2023-11-06,9800
00631L,元大台灣50正2,4279,438,3841,元大證券,2023-11-06,9800
00650L,復華香港正2,6042,2335,3707,元大證券,2023-11-06,9800
00687B,國泰20年美債,7787,4303,3484,元大證券,2023-11-06,9800
00772B,中信高評級公司債,5390,2102,3288,元大證券,2023-11-06,9800
00915,凱基優選高股息30,3706,435,3271,元大證券,2023-11-06,9800
00673R,期元大S＆P原油反1,3295,223,3072,元大證券,2023-11-06,9800
00918,大華優利高填息30,3262,239,3023,元大證券,2023-11-06,9800
0050,元大台灣50,3139,465,2674,元大證券,2023-11-06,9800
00891,中信關鍵半導體,2641,305,2336,元大證券,2023-11-06,9800
00900,富邦特選高股息30,3040,831,2209,元大證券,2023-11-06,9800
00662,富邦NASDAQ,2226,42,2184,元大證券,2023-11-06,9800
00930,永豐ESG低碳高息,2895,736,2159,元大證券,2023-11-06,9800
00757,統一FANG+,1948,29,1919,元大證券,2023-11-06,9800
00929,復華台灣科技優息,11719,9951,1768,元大證券,2023-11-06,9800
00751B,元大AAA至A公司債,3067,1535,1532,元大證券,2023-11-06,9800
00923,群益台ESG低碳50,1896,395,1501,元大證券,2023-11-06,9800
00893,國泰智能電動車,1994,520,1474,元大證券,2023-11-06,9800
2421,建準,4144,2707,1437,元大證券,2023-11-06,9800
00931B,統一美債20年,2313,920,1393,元大證券,2023-11-06,9800
00720B,元大投資級公司債,2990,1609,1381,元大證券,2023-11-06,9800
1815,富喬,6185,4869,1316,元大證券,2023-11-06,9800
00894,中信小資高價30,1196,0,1196,元大證券,2023-11-06,9800
00892,富邦台灣半導體,1325,140,1185,元大證券,2023-11-06,9800
3481,群創,1388,276,1112,元大證券,2023-11-06,9800
00671R,富邦NASDAQ反1,5138,4081,1057,元大證券,2023-11-06,9800
2606,裕民,1106,83,1023,元大證券,2023-11-06,9800
00919,群益台灣精選高息,5301,4320,981,元大證券,2023-11-06,9800
2330,台積電,1089,142,947,元大證券,2023-11-06,9800
2324,仁寶,1205,262,943,元大證券,2023-11-06,9800
00932,兆豐永續高息等權,1600,670,930,元大證券,2023-11-06,9800
00670L,富邦NASDAQ正2,912,0,912,元大證券,2023-11-06,9800
00927,群益半導體收益,1098,204,894,元大證券,2023-11-06,9800
00712,復華富時不動產,1724,930,794,元大證券,2023-11-06,9800
00885,富邦越南,2314,1553,761,元大證券,2023-11-06,9800
00713,元大台灣高息低波,788,90,698,元大證券,2023-11-06,9800
00795B,中信美國公債20年,1543,869,674,元大證券,2023-11-06,9800
00830,國泰費城半導體,641,10,631,元大證券,2023-11-06,9800
00921,兆豐龍頭等權重,703,97,606,元大證券,2023-11-06,9800
2891,中信金,1096,493,603,元大證券,2023-11-06,9800
00728,第一金工業30,602,0,602,元大證券,2023-11-06,9800
2888,新光金,1015,428,587,元大證券,2023-11-06,9800
00896,中信綠能及電動車,718,144,574,元大證券,2023-11-06,9800
00877,復華中國5G,677,105,572,元大證券,2023-11-06,9800
00933B,國泰10Y+金融債,2049,1497,552,元大證券,2023-11-06,9800
2748,雲品,710,210,500,元大證券,2023-11-06,9800
5880,合庫金,554,61,493,元大證券,2023-11-06,9800
00933B,國泰10Y+金融債,7706,420,7286,元大證券,2023-11-07,9800
00673R,期元大S＆P原油反1,6967,361,6606,元大證券,2023-11-07,9800
00915,凱基優選高股息30,4171,710,3461,元大證券,2023-11-07,9800
00687B,國泰20年美債,6847,3543,3304,元大證券,2023-11-07,9800
00893,國泰智能電動車,3465,369,3096,元大證券,2023-11-07,9800
00669R,國泰美國道瓊反1,2997,66,2931,元大證券,2023-11-07,9800
00751B,元大AAA至A公司債,4298,2064,2234,元大證券,2023-11-07,9800
3231,緯創,3464,1678,1786,元大證券,2023-11-07,9800
00757,統一FANG+,1691,0,1691,元大證券,2023-11-07,9800
00631L,元大台灣50正2,2103,524,1579,元大證券,2023-11-07,9800
00772B,中信高評級公司債,3824,2252,1572,元大證券,2023-11-07,9800
00892,富邦台灣半導體,1908,613,1295,元大證券,2023-11-07,9800
00920,富邦ESG綠色電力,1192,0,1192,元大證券,2023-11-07,9800
00895,富邦未來車,1064,0,1064,元大證券,2023-11-07,9800
00688L,國泰20年美債正2,2163,1138,1025,元大證券,2023-11-07,9800
2324,仁寶,1119,190,929,元大證券,2023-11-07,9800
2890,永豐金,1204,278,926,元大證券,2023-11-07,9800
00881,國泰台灣5G+,985,84,901,元大證券,2023-11-07,9800
00930,永豐ESG低碳高息,1014,186,828,元大證券,2023-11-07,9800
00670L,富邦NASDAQ正2,818,1,817,元大證券,2023-11-07,9800
2891,中信金,910,177,733,元大證券,2023-11-07,9800
2885,元大金,786,89,697,元大證券,2023-11-07,9800
00773B,中信優先金融債,1152,456,696,元大證券,2023-11-07,9800
00646,元大S＆P500,670,0,670,元大證券,2023-11-07,9800
00662,富邦NASDAQ,760,100,660,元大證券,2023-11-07,9800
00894,中信小資高價30,651,0,651,元大證券,2023-11-07,9800
00918,大華優利高填息30,970,365,605,元大證券,2023-11-07,9800
2882,國泰金,782,180,602,元大證券,2023-11-07,9800
00935,野村臺灣新科技50,1429,835,594,元大證券,2023-11-07,9800
1504,東元,643,50,593,元大證券,2023-11-07,9800
00852L,國泰美國道瓊正2,592,1,591,元大證券,2023-11-07,9800
00885,富邦越南,1436,858,578,元大證券,2023-11-07,9800
00830,國泰費城半導體,554,20,534,元大證券,2023-11-07,9800
00932,兆豐永續高息等權,978,481,497,元大證券,2023-11-07,9800
00635U,期元大S＆P黃金,488,2,486,元大證券,2023-11-07,9800
4743,合一,664,179,485,元大證券,2023-11-07,9800
00900,富邦特選高股息30,1871,1400,471,元大證券,2023-11-07,9800
00924,復華S＆P500成長,461,0,461,元大證券,2023-11-07,9800
1402,遠東新,460,0,460,元大證券,2023-11-07,9800
1560,中砂,894,434,460,元大證券,2023-11-07,9800
2892,第一金,546,86,460,元大證券,2023-11-07,9800
00675L,富邦臺灣加權正2,535,77,458,元大證券,2023-11-07,9800
00902,中信電池及儲能,946,496,450,元大證券,2023-11-07,9800
1101,台泥,542,106,436,元大證券,2023-11-07,9800
3702,大聯大,523,103,420,元大證券,2023-11-07,9800
2356,英業達,1018,607,411,元大證券,2023-11-07,9800
2886,兆豐金,731,326,405,元大證券,2023-11-07,9800
2455,全新,1014,610,404,元大證券,2023-11-07,9800
3217,優群,782,381,401,元大證券,2023-11-07,9800
00714,群益道瓊美國地產,395,1,394,元大證券,2023-11-07,9800
00673R,期元大S＆P原油反1,26736,1287,25449,元大證券,2023-11-08,9800
00900,富邦特選高股息30,5427,1356,4071,元大證券,2023-11-08,9800
00881,國泰台灣5G+,3099,35,3064,元大證券,2023-11-08,9800
2324,仁寶,3207,449,2758,元大證券,2023-11-08,9800
3231,緯創,9217,6533,2684,元大證券,2023-11-08,9800
00637L,元大滬深300正2,7663,5128,2535,元大證券,2023-11-08,9800
00892,富邦台灣半導體,2899,698,2201,元大證券,2023-11-08,9800
00891,中信關鍵半導體,2742,795,1947,元大證券,2023-11-08,9800
00757,統一FANG+,1640,61,1579,元大證券,2023-11-08,9800
00918,大華優利高填息30,1737,312,1425,元大證券,2023-11-08,9800
00631L,元大台灣50正2,2015,617,1398,元大證券,2023-11-08,9800
2329,華泰,5296,3914,1382,元大證券,2023-11-08,9800
00795B,中信美國公債20年,3038,1732,1306,元大證券,2023-11-08,9800
2882,國泰金,1275,56,1219,元大證券,2023-11-08,9800
00713,元大台灣高息低波,1176,68,1108,元大證券,2023-11-08,9800
00753L,中信中國50正2,2164,1093,1071,元大證券,2023-11-08,9800
00932,兆豐永續高息等權,1318,278,1040,元大證券,2023-11-08,9800
00751B,元大AAA至A公司債,4276,3314,962,元大證券,2023-11-08,9800
0056,元大高股息,975,85,890,元大證券,2023-11-08,9800
00919,群益台灣精選高息,3205,2422,783,元大證券,2023-11-08,9800
2449,京元電子,1337,557,780,元大證券,2023-11-08,9800
00877,復華中國5G,744,0,744,元大證券,2023-11-08,9800
00915,凱基優選高股息30,1565,839,726,元大證券,2023-11-08,9800
00923,群益台ESG低碳50,980,254,726,元大證券,2023-11-08,9800
00927,群益半導體收益,696,5,691,元大證券,2023-11-08,9800
2412,中華電,1186,527,659,元大證券,2023-11-08,9800
2903,遠百,853,251,602,元大證券,2023-11-08,9800
2303,聯電,1709,1115,594,元大證券,2023-11-08,9800
2382,廣達,3431,2857,574,元大證券,2023-11-08,9800
00772B,中信高評級公司債,1913,1364,549,元大證券,2023-11-08,9800
00894,中信小資高價30,687,155,532,元大證券,2023-11-08,9800
00896,中信綠能及電動車,551,30,521,元大證券,2023-11-08,9800
00675L,富邦臺灣加權正2,675,158,517,元大證券,2023-11-08,9800
00708L,期元大S＆P黃金正2,608,105,503,元大證券,2023-11-08,9800
00893,國泰智能電動車,865,370,495,元大證券,2023-11-08,9800
3264,欣銓,774,319,455,元大證券,2023-11-08,9800
2385,群光,651,199,452,元大證券,2023-11-08,9800
00728,第一金工業30,437,0,437,元大證券,2023-11-08,9800
0050,元大台灣50,557,122,435,元大證券,2023-11-08,9800
00670L,富邦NASDAQ正2,428,0,428,元大證券,2023-11-08,9800
2301,光寶科,1524,1105,419,元大證券,2023-11-08,9800
8086,宏捷科,891,473,418,元大證券,2023-11-08,9800
00773B,中信優先金融債,885,536,349,元大證券,2023-11-08,9800
00692,富邦公司治理,364,20,344,元大證券,2023-11-08,9800
2454,聯發科,512,193,319,元大證券,2023-11-08,9800
00895,富邦未來車,523,206,317,元大證券,2023-11-08,9800
00633L,富邦上証正2,1096,780,316,元大證券,2023-11-08,9800
00701,國泰股利精選30,315,1,314,元大證券,2023-11-08,9800
2031,新光鋼,312,8,304,元大證券,2023-11-08,9800
00641R,富邦日本反1,318,19,299,元大證券,2023-11-08,9800
00673R,期元大S＆P原油反1,20382,499,19883,元大證券,2023-11-09,9800
00679B,元大美債20年,14235,6697,7538,元大證券,2023-11-09,9800
00881,國泰台灣5G+,4393,310,4083,元大證券,2023-11-09,9800
00632R,元大台灣50反1,17461,13815,3646,元大證券,2023-11-09,9800
00923,群益台ESG低碳50,3357,83,3274,元大證券,2023-11-09,9800
00891,中信關鍵半導體,3589,840,2749,元大證券,2023-11-09,9800
00892,富邦台灣半導體,3652,1143,2509,元大證券,2023-11-09,9800
00720B,元大投資級公司債,3965,1967,1998,元大證券,2023-11-09,9800
3231,緯創,6358,4387,1971,元大證券,2023-11-09,9800
00712,復華富時不動產,1841,79,1762,元大證券,2023-11-09,9800
00772B,中信高評級公司債,3307,1547,1760,元大證券,2023-11-09,9800
00751B,元大AAA至A公司債,4708,3038,1670,元大證券,2023-11-09,9800
00900,富邦特選高股息30,2675,1099,1576,元大證券,2023-11-09,9800
00885,富邦越南,3551,2005,1546,元大證券,2023-11-09,9800
00687B,國泰20年美債,6360,4997,1363,元大證券,2023-11-09,9800
2324,仁寶,2018,675,1343,元大證券,2023-11-09,9800
00696B,富邦美債20年,1779,633,1146,元大證券,2023-11-09,9800
2886,兆豐金,1277,159,1118,元大證券,2023-11-09,9800
00934,中信成長高股息,2835,1734,1101,元大證券,2023-11-09,9800
00918,大華優利高填息30,1201,113,1088,元大證券,2023-11-09,9800
00631L,元大台灣50正2,1532,500,1032,元大證券,2023-11-09,9800
00894,中信小資高價30,968,1,967,元大證券,2023-11-09,9800
00895,富邦未來車,1122,201,921,元大證券,2023-11-09,9800
2412,中華電,913,26,887,元大證券,2023-11-09,9800
00893,國泰智能電動車,1507,685,822,元大證券,2023-11-09,9800
0050,元大台灣50,872,83,789,元大證券,2023-11-09,9800
00907,永豐優息存股,1073,289,784,元大證券,2023-11-09,9800
2845,遠東銀,778,24,754,元大證券,2023-11-09,9800
00637L,元大滬深300正2,8328,7591,737,元大證券,2023-11-09,9800
00897,富邦基因免疫生技,760,34,726,元大證券,2023-11-09,9800
00857B,永豐20年美公債,1323,647,676,元大證券,2023-11-09,9800
00930,永豐ESG低碳高息,773,119,654,元大證券,2023-11-09,9800
5880,合庫金,653,3,650,元大證券,2023-11-09,9800
00646,元大S＆P500,626,5,621,元大證券,2023-11-09,9800
00878,國泰永續高股息,7474,6864,610,元大證券,2023-11-09,9800
00933B,國泰10Y+金融債,2220,1621,599,元大證券,2023-11-09,9800
00661,元大日經225,570,2,568,元大證券,2023-11-09,9800
00919,群益台灣精選高息,3362,2803,559,元大證券,2023-11-09,9800
00757,統一FANG+,549,1,548,元大證券,2023-11-09,9800
00915,凱基優選高股息30,1895,1365,530,元大證券,2023-11-09,9800
2885,元大金,536,21,515,元大證券,2023-11-09,9800
2887,台新金,514,12,502,元大證券,2023-11-09,9800
1216,統一,555,68,487,元大證券,2023-11-09,9800
2301,光寶科,1633,1147,486,元大證券,2023-11-09,9800
00670L,富邦NASDAQ正2,483,2,481,元大證券,2023-11-09,9800
3044,健鼎,571,97,474,元大證券,2023-11-09,9800
006208,富邦台50,968,498,470,元大證券,2023-11-09,9800
8210,勤誠,646,205,441,元大證券,2023-11-09,9800
00888,永豐台灣ESG,902,485,417,元大證券,2023-11-09,9800
00932,兆豐永續高息等權,843,429,414,元大證券,2023-11-09,9800
00632R,元大台灣50反1,23711,8637,15074,元大證券,2023-11-10,9800
00673R,期元大S＆P原油反1,8181,1679,6502,元大證券,2023-11-10,9800
00885,富邦越南,3237,790,2447,元大證券,2023-11-10,9800
00715L,期街口布蘭特正2,4736,2723,2013,元大證券,2023-11-10,9800
00931B,統一美債20年,3579,1993,1586,元大證券,2023-11-10,9800
00893,國泰智能電動車,1505,126,1379,元大證券,2023-11-10,9800
00655L,國泰中國A50正2,1552,289,1263,元大證券,2023-11-10,9800
00897,富邦基因免疫生技,1404,189,1215,元大證券,2023-11-10,9800
00895,富邦未來車,1210,5,1205,元大證券,2023-11-10,9800
2313,華通,5602,4654,948,元大證券,2023-11-10,9800
00757,統一FANG+,878,3,875,元大證券,2023-11-10,9800
00881,國泰台灣5G+,1864,1062,802,元大證券,2023-11-10,9800
00903,富邦元宇宙,889,134,755,元大證券,2023-11-10,9800
00713,元大台灣高息低波,1227,541,686,元大證券,2023-11-10,9800
00631L,元大台灣50正2,1122,494,628,元大證券,2023-11-10,9800
2891,中信金,1303,718,585,元大證券,2023-11-10,9800
00670L,富邦NASDAQ正2,485,40,445,元大證券,2023-11-10,9800
00664R,國泰臺灣加權反1,1138,707,431,元大證券,2023-11-10,9800
6122,擎邦,1504,1077,427,元大證券,2023-11-10,9800
00926,凱基全球菁英55,354,0,354,元大證券,2023-11-10,9800
2884,玉山金,526,173,353,元大證券,2023-11-10,9800
00877,復華中國5G,350,0,350,元大證券,2023-11-10,9800
00651R,復華香港反1,417,82,335,元大證券,2023-11-10,9800
3231,緯創,3764,3429,335,元大證券,2023-11-10,9800
00674R,期元大S＆P黃金反1,336,10,326,元大證券,2023-11-10,9800
2425,承啟,546,249,297,元大證券,2023-11-10,9800
9958,世紀鋼,791,496,295,元大證券,2023-11-10,9800
2303,聯電,583,295,288,元大證券,2023-11-10,9800
6290,良維,699,433,266,元大證券,2023-11-10,9800
00905,FT臺灣Smart,313,51,262,元大證券,2023-11-10,9800
00928,中信上櫃ESG30,248,0,248,元大證券,2023-11-10,9800
00725B,國泰投資級公司債,467,234,233,元大證券,2023-11-10,9800
5483,中美晶,321,94,227,元大證券,2023-11-10,9800
0050,元大台灣50,626,412,214,元大證券,2023-11-10,9800
00656R,國泰中國A50反1,214,0,214,元大證券,2023-11-10,9800
00740B,富邦全球投等債,436,237,199,元大證券,2023-11-10,9800
6213,聯茂,766,570,196,元大證券,2023-11-10,9800
00662,富邦NASDAQ,221,30,191,元大證券,2023-11-10,9800
00634R,富邦上証反1,494,306,188,元大證券,2023-11-10,9800
4958,臻鼎-KY,221,35,186,元大證券,2023-11-10,9800
2882,國泰金,287,101,186,元大證券,2023-11-10,9800
6133,金橋,178,1,177,元大證券,2023-11-10,9800
6176,瑞儀,192,16,176,元大證券,2023-11-10,9800
6901,鑽石投資,189,17,172,元大證券,2023-11-10,9800
00930,永豐ESG低碳高息,769,600,169,元大證券,2023-11-10,9800
2515,中工,311,144,167,元大證券,2023-11-10,9800
00901,永豐智能車供應鏈,220,66,154,元大證券,2023-11-10,9800
020022,元大電動車N,156,6,150,元大證券,2023-11-10,9800
2609,陽明,267,119,148,元大證券,2023-11-10,9800
00675L,富邦臺灣加權正2,397,252,145,元大證券,2023-11-10,9800
00632R,元大台灣50反1,37689,8903,28786,元大證券,2023-11-13,9800
00680L,元大美債20正2,27729,3523,24206,元大證券,2023-11-13,9800
00688L,國泰20年美債正2,12438,2633,9805,元大證券,2023-11-13,9800
00881,國泰台灣5G+,5815,310,5505,元大證券,2023-11-13,9800
00933B,國泰10Y+金融債,5093,554,4539,元大證券,2023-11-13,9800
00892,富邦台灣半導體,4254,843,3411,元大證券,2023-11-13,9800
00891,中信關鍵半導體,4226,1457,2769,元大證券,2023-11-13,9800
00679B,元大美債20年,7005,4451,2554,元大證券,2023-11-13,9800
00772B,中信高評級公司債,3951,1865,2086,元大證券,2023-11-13,9800
00712,復華富時不動產,2523,471,2052,元大證券,2023-11-13,9800
00934,中信成長高股息,3085,1215,1870,元大證券,2023-11-13,9800
00918,大華優利高填息30,1849,0,1849,元大證券,2023-11-13,9800
00893,國泰智能電動車,1830,2,1828,元大證券,2023-11-13,9800
00757,統一FANG+,1488,27,1461,元大證券,2023-11-13,9800
00638R,元大滬深300反1,1327,0,1327,元大證券,2023-11-13,9800
00935,野村臺灣新科技50,2580,1375,1205,元大證券,2023-11-13,9800
00888,永豐台灣ESG,1478,436,1042,元大證券,2023-11-13,9800
3231,緯創,4623,3618,1005,元大證券,2023-11-13,9800
00830,國泰費城半導體,1024,71,953,元大證券,2023-11-13,9800
6122,擎邦,2498,1604,894,元大證券,2023-11-13,9800
00927,群益半導體收益,1409,545,864,元大證券,2023-11-13,9800
00922,國泰台灣領袖50,1295,451,844,元大證券,2023-11-13,9800
00895,富邦未來車,911,102,809,元大證券,2023-11-13,9800
00670L,富邦NASDAQ正2,767,0,767,元大證券,2023-11-13,9800
00932,兆豐永續高息等權,1133,375,758,元大證券,2023-11-13,9800
00894,中信小資高價30,746,3,743,元大證券,2023-11-13,9800
00930,永豐ESG低碳高息,1223,508,715,元大證券,2023-11-13,9800
00903,富邦元宇宙,712,1,711,元大證券,2023-11-13,9800
2412,中華電,1149,510,639,元大證券,2023-11-13,9800
00631L,元大台灣50正2,1325,705,620,元大證券,2023-11-13,9800
00713,元大台灣高息低波,742,129,613,元大證券,2023-11-13,9800
2388,威盛,838,225,613,元大證券,2023-11-13,9800
00877,復華中國5G,771,202,569,元大證券,2023-11-13,9800
00728,第一金工業30,561,0,561,元大證券,2023-11-13,9800
00905,FT臺灣Smart,614,62,552,元大證券,2023-11-13,9800
00692,富邦公司治理,663,118,545,元大證券,2023-11-13,9800
2618,長榮航,2627,2097,530,元大證券,2023-11-13,9800
2801,彰銀,613,92,521,元大證券,2023-11-13,9800
2382,廣達,2666,2148,518,元大證券,2023-11-13,9800
3711,日月光投控,1100,590,510,元大證券,2023-11-13,9800
00904,新光臺灣半導體30,788,290,498,元大證券,2023-11-13,9800
2301,光寶科,966,469,497,元大證券,2023-11-13,9800
00919,群益台灣精選高息,4082,3587,495,元大證券,2023-11-13,9800
00674R,期元大S＆P黃金反1,589,101,488,元大證券,2023-11-13,9800
00850,元大臺灣ESG永續,596,112,484,元大證券,2023-11-13,9800
00634R,富邦上証反1,729,267,462,元大證券,2023-11-13,9800
0056,元大高股息,542,84,458,元大證券,2023-11-13,9800
00662,富邦NASDAQ,497,45,452,元大證券,2023-11-13,9800
00753L,中信中國50正2,1696,1245,451,元大證券,2023-11-13,9800
3483,力致,1671,1225,446,元大證券,2023-11-13,9800
00923,群益台ESG低碳50,4785,189,4596,元大證券,2023-11-14,9800
00891,中信關鍵半導體,4659,296,4363,元大證券,2023-11-14,9800
00919,群益台灣精選高息,8289,3986,4303,元大證券,2023-11-14,9800
00881,國泰台灣5G+,4185,339,3846,元大證券,2023-11-14,9800
00929,復華台灣科技優息,8553,5236,3317,元大證券,2023-11-14,9800
00671R,富邦NASDAQ反1,3520,555,2965,元大證券,2023-11-14,9800
00878,國泰永續高股息,9402,6508,2894,元大證券,2023-11-14,9800
00932,兆豐永續高息等權,2863,115,2748,元大證券,2023-11-14,9800
00918,大華優利高填息30,2878,338,2540,元大證券,2023-11-14,9800
00895,富邦未來車,2600,324,2276,元大證券,2023-11-14,9800
2317,鴻海,2569,398,2171,元大證券,2023-11-14,9800
020022,元大電動車N,2162,9,2153,元大證券,2023-11-14,9800
00892,富邦台灣半導體,2710,766,1944,元大證券,2023-11-14,9800
00896,中信綠能及電動車,2034,268,1766,元大證券,2023-11-14,9800
00715L,期街口布蘭特正2,4361,2641,1720,元大證券,2023-11-14,9800
00638R,元大滬深300反1,1684,5,1679,元大證券,2023-11-14,9800
00905,FT臺灣Smart,1619,5,1614,元大證券,2023-11-14,9800
00665L,富邦�琤肭磪囓�2,9925,8333,1592,元大證券,2023-11-14,9800
2884,玉山金,1620,137,1483,元大證券,2023-11-14,9800
00934,中信成長高股息,2386,939,1447,元大證券,2023-11-14,9800
00930,永豐ESG低碳高息,1555,207,1348,元大證券,2023-11-14,9800
00894,中信小資高價30,1234,1,1233,元大證券,2023-11-14,9800
2324,仁寶,1579,414,1165,元大證券,2023-11-14,9800
00927,群益半導體收益,950,3,947,元大證券,2023-11-14,9800
2618,長榮航,3118,2179,939,元大證券,2023-11-14,9800
00885,富邦越南,1517,621,896,元大證券,2023-11-14,9800
00650L,復華香港正2,4804,3999,805,元大證券,2023-11-14,9800
00757,統一FANG+,870,68,802,元大證券,2023-11-14,9800
00728,第一金工業30,797,5,792,元大證券,2023-11-14,9800
2885,元大金,794,9,785,元大證券,2023-11-14,9800
1216,統一,799,24,775,元大證券,2023-11-14,9800
00701,國泰股利精選30,773,0,773,元大證券,2023-11-14,9800
00631L,元大台灣50正2,1561,827,734,元大證券,2023-11-14,9800
00915,凱基優選高股息30,1756,1051,705,元大證券,2023-11-14,9800
5880,合庫金,743,88,655,元大證券,2023-11-14,9800
00907,永豐優息存股,896,257,639,元大證券,2023-11-14,9800
00922,國泰台灣領袖50,1323,698,625,元大證券,2023-11-14,9800
2882,國泰金,711,105,606,元大證券,2023-11-14,9800
2344,華邦電,1823,1270,553,元大證券,2023-11-14,9800
2880,華南金,564,23,541,元大證券,2023-11-14,9800
00901,永豐智能車供應鏈,736,201,535,元大證券,2023-11-14,9800
00795B,中信美國公債20年,1486,954,532,元大證券,2023-11-14,9800
00642U,期元大S＆P石油,828,312,516,元大證券,2023-11-14,9800
2610,華航,810,326,484,元大證券,2023-11-14,9800
2888,新光金,777,295,482,元大證券,2023-11-14,9800
00877,復華中國5G,495,13,482,元大證券,2023-11-14,9800
6505,台塑化,464,20,444,元大證券,2023-11-14,9800
00902,中信電池及儲能,457,28,429,元大證券,2023-11-14,9800
2412,中華電,426,1,425,元大證券,2023-11-14,9800
2801,彰銀,441,20,421,元大證券,2023-11-14,9800
00900,富邦特選高股息30,6037,1804,4233,元大證券,2023-11-15,9800
0056,元大高股息,6889,3029,3860,元大證券,2023-11-15,9800
2002,中鋼,4505,1259,3246,元大證券,2023-11-15,9800
00907,永豐優息存股,3641,424,3217,元大證券,2023-11-15,9800
00665L,富邦�琤肭磪囓�2,13294,10351,2943,元大證券,2023-11-15,9800
00662,富邦NASDAQ,2673,298,2375,元大證券,2023-11-15,9800
0050,元大台灣50,2772,498,2274,元大證券,2023-11-15,9800
2888,新光金,2211,278,1933,元大證券,2023-11-15,9800
00650L,復華香港正2,6706,4810,1896,元大證券,2023-11-15,9800
00670L,富邦NASDAQ正2,1706,20,1686,元大證券,2023-11-15,9800
00753L,中信中國50正2,3921,2304,1617,元大證券,2023-11-15,9800
006205,富邦上証,1703,106,1597,元大證券,2023-11-15,9800
00712,復華富時不動產,4142,2586,1556,元大證券,2023-11-15,9800
1301,台塑,1519,145,1374,元大證券,2023-11-15,9800
00894,中信小資高價30,1299,23,1276,元大證券,2023-11-15,9800
2409,友達,2682,1410,1272,元大證券,2023-11-15,9800
00888,永豐台灣ESG,1676,435,1241,元大證券,2023-11-15,9800
2618,長榮航,3606,2418,1188,元大證券,2023-11-15,9800
2884,玉山金,1760,609,1151,元大證券,2023-11-15,9800
00882,中信中國高股息,1380,259,1121,元大證券,2023-11-15,9800
00923,群益台ESG低碳50,1709,644,1065,元大證券,2023-11-15,9800
3711,日月光投控,2160,1100,1060,元大證券,2023-11-15,9800
00891,中信關鍵半導體,3040,2055,985,元大證券,2023-11-15,9800
00674R,期元大S＆P黃金反1,964,51,913,元大證券,2023-11-15,9800
00881,國泰台灣5G+,2430,1537,893,元大證券,2023-11-15,9800
00892,富邦台灣半導體,2174,1282,892,元大證券,2023-11-15,9800
2421,建準,924,52,872,元大證券,2023-11-15,9800
2301,光寶科,1403,545,858,元大證券,2023-11-15,9800
00905,FT臺灣Smart,985,170,815,元大證券,2023-11-15,9800
00728,第一金工業30,803,0,803,元大證券,2023-11-15,9800
020022,元大電動車N,792,14,778,元大證券,2023-11-15,9800
6488,環球晶,824,82,742,元大證券,2023-11-15,9800
2801,彰銀,972,266,706,元大證券,2023-11-15,9800
2880,華南金,1056,358,698,元大證券,2023-11-15,9800
2204,中華,740,56,684,元大證券,2023-11-15,9800
5880,合庫金,1309,650,659,元大證券,2023-11-15,9800
00715L,期街口布蘭特正2,2870,2219,651,元大證券,2023-11-15,9800
00661,元大日經225,634,6,628,元大證券,2023-11-15,9800
00713,元大台灣高息低波,956,357,599,元大證券,2023-11-15,9800
2834,臺企銀,915,327,588,元大證券,2023-11-15,9800
2887,台新金,1156,570,586,元大證券,2023-11-15,9800
00640L,富邦日本正2,664,99,565,元大證券,2023-11-15,9800
2382,廣達,1929,1366,563,元大證券,2023-11-15,9800
00936,台新永續高息中小,2579,2042,537,元大證券,2023-11-15,9800
1326,台化,551,24,527,元大證券,2023-11-15,9800
2609,陽明,722,198,524,元大證券,2023-11-15,9800
00657,國泰日經225,489,1,488,元大證券,2023-11-15,9800
6505,台塑化,733,250,483,元大證券,2023-11-15,9800
00932,兆豐永續高息等權,901,425,476,元大證券,2023-11-15,9800
2615,萬海,523,61,462,元大證券,2023-11-15,9800
00669R,國泰美國道瓊反1,7663,3756,3907,元大證券,2023-11-16,9800
00673R,期元大S＆P原油反1,4805,1232,3573,元大證券,2023-11-16,9800
00665L,富邦�琤肭磪囓�2,16986,14280,2706,元大證券,2023-11-16,9800
00650L,復華香港正2,6042,3530,2512,元大證券,2023-11-16,9800
2618,長榮航,14164,12103,2061,元大證券,2023-11-16,9800
2884,玉山金,2817,794,2023,元大證券,2023-11-16,9800
00753L,中信中國50正2,5912,3918,1994,元大證券,2023-11-16,9800
2634,漢翔,1862,98,1764,元大證券,2023-11-16,9800
00936,台新永續高息中小,2986,1379,1607,元大證券,2023-11-16,9800
00907,永豐優息存股,2144,682,1462,元大證券,2023-11-16,9800
2002,中鋼,1980,553,1427,元大證券,2023-11-16,9800
3481,群創,1950,664,1286,元大證券,2023-11-16,9800
00895,富邦未來車,1354,130,1224,元大證券,2023-11-16,9800
00638R,元大滬深300反1,1065,3,1062,元大證券,2023-11-16,9800
00670L,富邦NASDAQ正2,1064,11,1053,元大證券,2023-11-16,9800
2330,台積電,1081,76,1005,元大證券,2023-11-16,9800
00664R,國泰臺灣加權反1,1254,313,941,元大證券,2023-11-16,9800
2371,大同,1583,668,915,元大證券,2023-11-16,9800
2891,中信金,2033,1121,912,元大證券,2023-11-16,9800
2382,廣達,2458,1606,852,元大證券,2023-11-16,9800
2409,友達,1433,671,762,元大證券,2023-11-16,9800
00932,兆豐永續高息等權,1395,695,700,元大證券,2023-11-16,9800
00893,國泰智能電動車,882,200,682,元大證券,2023-11-16,9800
6235,華孚,1063,391,672,元大證券,2023-11-16,9800
2888,新光金,1084,417,667,元大證券,2023-11-16,9800
3376,新日興,1325,676,649,元大證券,2023-11-16,9800
2801,彰銀,674,33,641,元大證券,2023-11-16,9800
1605,華新,1241,625,616,元大證券,2023-11-16,9800
00897,富邦基因免疫生技,658,73,585,元大證券,2023-11-16,9800
00935,野村臺灣新科技50,1749,1175,574,元大證券,2023-11-16,9800
2886,兆豐金,783,236,547,元大證券,2023-11-16,9800
5347,世界,672,158,514,元大證券,2023-11-16,9800
2412,中華電,523,14,509,元大證券,2023-11-16,9800
00738U,期元大道瓊白銀,520,20,500,元大證券,2023-11-16,9800
00645,富邦日本,552,55,497,元大證券,2023-11-16,9800
1216,統一,741,286,455,元大證券,2023-11-16,9800
2408,南亞科,595,140,455,元大證券,2023-11-16,9800
2317,鴻海,1214,763,451,元大證券,2023-11-16,9800
2401,凌陽,614,170,444,元大證券,2023-11-16,9800
5871,中租-KY,407,21,386,元大證券,2023-11-16,9800
2885,元大金,680,327,353,元大證券,2023-11-16,9800
3006,晶豪科,977,625,352,元大證券,2023-11-16,9800
00701,國泰股利精選30,400,52,348,元大證券,2023-11-16,9800
00655L,國泰中國A50正2,1243,896,347,元大證券,2023-11-16,9800
2883,凱基金,1157,814,343,元大證券,2023-11-16,9800
2881,富邦金,499,161,338,元大證券,2023-11-16,9800
1326,台化,401,66,335,元大證券,2023-11-16,9800
00830,國泰費城半導體,1001,668,333,元大證券,2023-11-16,9800
00930,永豐ESG低碳高息,774,445,329,元大證券,2023-11-16,9800
1301,台塑,495,168,327,元大證券,2023-11-16,9800
00673R,期元大S＆P原油反1,15480,789,14691,元大證券,2023-11-17,9800
00900,富邦特選高股息30,5543,1550,3993,元大證券,2023-11-17,9800
2303,聯電,4718,2048,2670,元大證券,2023-11-17,9800
00923,群益台ESG低碳50,5480,2848,2632,元大證券,2023-11-17,9800
00931B,統一美債20年,7496,4885,2611,元大證券,2023-11-17,9800
00671R,富邦NASDAQ反1,3219,1366,1853,元大證券,2023-11-17,9800
0056,元大高股息,5261,3532,1729,元大證券,2023-11-17,9800
00888,永豐台灣ESG,2578,1086,1492,元大證券,2023-11-17,9800
00893,國泰智能電動車,1847,442,1405,元大證券,2023-11-17,9800
00918,大華優利高填息30,1396,263,1133,元大證券,2023-11-17,9800
020039,元大加權N,1123,110,1013,元大證券,2023-11-17,9800
00708L,期元大S＆P黃金正2,1022,24,998,元大證券,2023-11-17,9800
2883,凱基金,1693,711,982,元大證券,2023-11-17,9800
00850,元大臺灣ESG永續,1686,712,974,元大證券,2023-11-17,9800
00901,永豐智能車供應鏈,1069,114,955,元大證券,2023-11-17,9800
00881,國泰台灣5G+,3737,2807,930,元大證券,2023-11-17,9800
00895,富邦未來車,1100,192,908,元大證券,2023-11-17,9800
00830,國泰費城半導體,960,100,860,元大證券,2023-11-17,9800
00719B,元大美債1-3,893,52,841,元大證券,2023-11-17,9800
00638R,元大滬深300反1,836,1,835,元大證券,2023-11-17,9800
00932,兆豐永續高息等權,2072,1328,744,元大證券,2023-11-17,9800
00651R,復華香港反1,1041,302,739,元大證券,2023-11-17,9800
2888,新光金,849,124,725,元大證券,2023-11-17,9800
2618,長榮航,6794,6072,722,元大證券,2023-11-17,9800
2317,鴻海,1431,717,714,元大證券,2023-11-17,9800
00764B,群益25年美債,1184,485,699,元大證券,2023-11-17,9800
00919,群益台灣精選高息,4416,3720,696,元大證券,2023-11-17,9800
00934,中信成長高股息,2567,1883,684,元大證券,2023-11-17,9800
00903,富邦元宇宙,633,16,617,元大證券,2023-11-17,9800
00686R,群益臺灣加權反1,606,0,606,元大證券,2023-11-17,9800
00927,群益半導體收益,600,18,582,元大證券,2023-11-17,9800
2313,華通,1439,900,539,元大證券,2023-11-17,9800
3037,欣興,1105,580,525,元大證券,2023-11-17,9800
00701,國泰股利精選30,586,65,521,元大證券,2023-11-17,9800
1102,亞泥,613,117,496,元大證券,2023-11-17,9800
3715,定穎投控,2068,1592,476,元大證券,2023-11-17,9800
6243,迅杰,1265,800,465,元大證券,2023-11-17,9800
00912,中信臺灣智慧50,891,449,442,元大證券,2023-11-17,9800
00733,富邦臺灣中小,530,92,438,元大證券,2023-11-17,9800
2748,雲品,972,557,415,元大證券,2023-11-17,9800
00738U,期元大道瓊白銀,410,0,410,元大證券,2023-11-17,9800
00728,第一金工業30,441,38,403,元大證券,2023-11-17,9800
00857B,永豐20年美公債,1821,1455,366,元大證券,2023-11-17,9800
1815,富喬,1564,1209,355,元大證券,2023-11-17,9800
00894,中信小資高價30,618,282,336,元大證券,2023-11-17,9800
00635U,期元大S＆P黃金,377,44,333,元大證券,2023-11-17,9800
1314,中石化,328,5,323,元大證券,2023-11-17,9800
6274,台燿,652,331,321,元大證券,2023-11-17,9800
3005,神基,871,575,296,元大證券,2023-11-17,9800
00692,富邦公司治理,814,526,288,元大證券,2023-11-17,9800
00715L,期街口布蘭特正2,13333,3549,9784,元大證券,2023-11-20,9800
00665L,富邦�琤肭磪囓�2,13026,5906,7120,元大證券,2023-11-20,9800
00753L,中信中國50正2,3815,1083,2732,元大證券,2023-11-20,9800
2884,玉山金,2264,106,2158,元大證券,2023-11-20,9800
00900,富邦特選高股息30,4126,2195,1931,元大證券,2023-11-20,9800
00650L,復華香港正2,5152,3333,1819,元大證券,2023-11-20,9800
2885,元大金,1851,64,1787,元大證券,2023-11-20,9800
00936,台新永續高息中小,2856,1324,1532,元大證券,2023-11-20,9800
2313,華通,5686,4215,1471,元大證券,2023-11-20,9800
00642U,期元大S＆P石油,1909,509,1400,元大證券,2023-11-20,9800
6274,台燿,1959,662,1297,元大證券,2023-11-20,9800
00932,兆豐永續高息等權,1765,575,1190,元大證券,2023-11-20,9800
00773B,中信優先金融債,1589,576,1013,元大證券,2023-11-20,9800
00903,富邦元宇宙,924,1,923,元大證券,2023-11-20,9800
3231,緯創,2117,1233,884,元大證券,2023-11-20,9800
00902,中信電池及儲能,956,255,701,元大證券,2023-11-20,9800
00757,統一FANG+,1064,377,687,元大證券,2023-11-20,9800
3444,利機,711,125,586,元大證券,2023-11-20,9800
1216,統一,597,39,558,元大證券,2023-11-20,9800
2401,凌陽,3113,2574,539,元大證券,2023-11-20,9800
00881,國泰台灣5G+,2464,1939,525,元大證券,2023-11-20,9800
00930,永豐ESG低碳高息,741,272,469,元大證券,2023-11-20,9800
00905,FT臺灣Smart,557,93,464,元大證券,2023-11-20,9800
3035,智原,1543,1110,433,元大證券,2023-11-20,9800
2388,威盛,1034,615,419,元大證券,2023-11-20,9800
3264,欣銓,472,65,407,元大證券,2023-11-20,9800
6415,矽力*-KY,608,205,403,元大證券,2023-11-20,9800
00927,群益半導體收益,545,156,389,元大證券,2023-11-20,9800
2603,長榮,722,337,385,元大證券,2023-11-20,9800
2408,南亞科,1166,798,368,元大證券,2023-11-20,9800
2543,皇昌,1499,1140,359,元大證券,2023-11-20,9800
3706,神達,772,431,341,元大證券,2023-11-20,9800
006205,富邦上証,443,106,337,元大證券,2023-11-20,9800
2498,宏達電,474,162,312,元大證券,2023-11-20,9800
5351,鈺創,803,493,310,元大證券,2023-11-20,9800
6770,力積電,549,242,307,元大證券,2023-11-20,9800
1815,富喬,1218,913,305,元大證券,2023-11-20,9800
00928,中信上櫃ESG30,349,45,304,元大證券,2023-11-20,9800
00713,元大台灣高息低波,1063,764,299,元大證券,2023-11-20,9800
00918,大華優利高填息30,650,352,298,元大證券,2023-11-20,9800
2892,第一金,361,75,286,元大證券,2023-11-20,9800
00712,復華富時不動產,3083,2799,284,元大證券,2023-11-20,9800
2258,鴻華先進-創,312,33,279,元大證券,2023-11-20,9800
00907,永豐優息存股,777,500,277,元大證券,2023-11-20,9800
6139,亞翔,1648,1371,277,元大證券,2023-11-20,9800
6239,力成,288,23,265,元大證券,2023-11-20,9800
2516,新建,271,10,261,元大證券,2023-11-20,9800
6125,廣運,1694,1437,257,元大證券,2023-11-20,9800
3013,晟銘電,443,186,257,元大證券,2023-11-20,9800
00761B,國泰A級公司債,394,140,254,元大證券,2023-11-20,9800
0056,元大高股息,22303,110,22193,元大證券,2023-11-21,9800
00878,國泰永續高股息,13749,6150,7599,元大證券,2023-11-21,9800
00900,富邦特選高股息30,7296,902,6394,元大證券,2023-11-21,9800
00881,國泰台灣5G+,6018,257,5761,元大證券,2023-11-21,9800
00671R,富邦NASDAQ反1,6033,1159,4874,元大證券,2023-11-21,9800
00715L,期街口布蘭特正2,9655,5024,4631,元大證券,2023-11-21,9800
00933B,國泰10Y+金融債,5559,1772,3787,元大證券,2023-11-21,9800
3231,緯創,5197,1830,3367,元大證券,2023-11-21,9800
3037,欣興,4901,1586,3315,元大證券,2023-11-21,9800
00687B,國泰20年美債,7737,4639,3098,元大證券,2023-11-21,9800
00696B,富邦美債20年,4676,1581,3095,元大證券,2023-11-21,9800
00923,群益台ESG低碳50,3538,635,2903,元大證券,2023-11-21,9800
00931B,統一美債20年,7741,4867,2874,元大證券,2023-11-21,9800
00753L,中信中國50正2,4313,1739,2574,元大證券,2023-11-21,9800
2002,中鋼,3088,1273,1815,元大證券,2023-11-21,9800
00888,永豐台灣ESG,1853,219,1634,元大證券,2023-11-21,9800
00918,大華優利高填息30,1825,199,1626,元大證券,2023-11-21,9800
2882,國泰金,1923,512,1411,元大證券,2023-11-21,9800
2883,凱基金,2308,966,1342,元大證券,2023-11-21,9800
00932,兆豐永續高息等權,1659,322,1337,元大證券,2023-11-21,9800
00857B,永豐20年美公債,2567,1391,1176,元大證券,2023-11-21,9800
2891,中信金,3114,1952,1162,元大證券,2023-11-21,9800
00893,國泰智能電動車,2177,1069,1108,元大證券,2023-11-21,9800
00894,中信小資高價30,1043,0,1043,元大證券,2023-11-21,9800
00901,永豐智能車供應鏈,1024,0,1024,元大證券,2023-11-21,9800
00740B,富邦全球投等債,1520,517,1003,元大證券,2023-11-21,9800
00701,國泰股利精選30,981,3,978,元大證券,2023-11-21,9800
00713,元大台灣高息低波,1241,270,971,元大證券,2023-11-21,9800
00929,復華台灣科技優息,8794,7824,970,元大證券,2023-11-21,9800
00921,兆豐龍頭等權重,1147,296,851,元大證券,2023-11-21,9800
00642U,期元大S＆P石油,1089,245,844,元大證券,2023-11-21,9800
00907,永豐優息存股,1135,311,824,元大證券,2023-11-21,9800
00891,中信關鍵半導體,1370,572,798,元大證券,2023-11-21,9800
00903,富邦元宇宙,774,19,755,元大證券,2023-11-21,9800
1216,統一,945,230,715,元大證券,2023-11-21,9800
2834,臺企銀,800,85,715,元大證券,2023-11-21,9800
020022,元大電動車N,728,24,704,元大證券,2023-11-21,9800
00725B,國泰投資級公司債,1541,843,698,元大證券,2023-11-21,9800
00895,富邦未來車,1290,595,695,元大證券,2023-11-21,9800
0061,元大寶滬深,651,25,626,元大證券,2023-11-21,9800
5009,榮剛,689,88,601,元大證券,2023-11-21,9800
2376,技嘉,1985,1404,581,元大證券,2023-11-21,9800
00728,第一金工業30,575,0,575,元大證券,2023-11-21,9800
2892,第一金,939,365,574,元大證券,2023-11-21,9800
5880,合庫金,947,375,572,元大證券,2023-11-21,9800
00924,復華S＆P500成長,583,50,533,元大證券,2023-11-21,9800
00706L,期元大S＆P日圓正2,3756,3229,527,元大證券,2023-11-21,9800
2313,華通,6475,5959,516,元大證券,2023-11-21,9800
2887,台新金,1179,670,509,元大證券,2023-11-21,9800
2885,元大金,1586,1093,493,元大證券,2023-11-21,9800
00715L,期街口布蘭特正2,6518,751,5767,元大證券,2023-11-22,9800
00669R,國泰美國道瓊反1,3730,0,3730,元大證券,2023-11-22,9800
2303,聯電,4427,1470,2957,元大證券,2023-11-22,9800
00772B,中信高評級公司債,3175,852,2323,元大證券,2023-11-22,9800
00688L,國泰20年美債正2,2840,845,1995,元大證券,2023-11-22,9800
00893,國泰智能電動車,2017,193,1824,元大證券,2023-11-22,9800
00892,富邦台灣半導體,2427,624,1803,元大證券,2023-11-22,9800
00706L,期元大S＆P日圓正2,2344,798,1546,元大證券,2023-11-22,9800
1101,台泥,1661,209,1452,元大證券,2023-11-22,9800
00928,中信上櫃ESG30,1391,1,1390,元大證券,2023-11-22,9800
0050,元大台灣50,1513,330,1183,元大證券,2023-11-22,9800
00830,國泰費城半導體,1071,31,1040,元大證券,2023-11-22,9800
00655L,國泰中國A50正2,1403,439,964,元大證券,2023-11-22,9800
00642U,期元大S＆P石油,1038,81,957,元大證券,2023-11-22,9800
00773B,中信優先金融債,1070,188,882,元大證券,2023-11-22,9800
5009,榮剛,1188,338,850,元大證券,2023-11-22,9800
00670L,富邦NASDAQ正2,867,28,839,元大證券,2023-11-22,9800
00924,復華S＆P500成長,779,0,779,元大證券,2023-11-22,9800
2890,永豐金,918,175,743,元大證券,2023-11-22,9800
3362,先進光,1557,827,730,元大證券,2023-11-22,9800
0056,元大高股息,828,137,691,元大證券,2023-11-22,9800
00933B,國泰10Y+金融債,890,243,647,元大證券,2023-11-22,9800
00930,永豐ESG低碳高息,783,142,641,元大證券,2023-11-22,9800
00662,富邦NASDAQ,643,9,634,元大證券,2023-11-22,9800
00795B,中信美國公債20年,1715,1085,630,元大證券,2023-11-22,9800
00922,國泰台灣領袖50,1009,397,612,元大證券,2023-11-22,9800
00888,永豐台灣ESG,848,262,586,元大證券,2023-11-22,9800
2401,凌陽,1526,940,586,元大證券,2023-11-22,9800
00927,群益半導體收益,739,165,574,元大證券,2023-11-22,9800
2313,華通,2841,2269,572,元大證券,2023-11-22,9800
00895,富邦未來車,554,16,538,元大證券,2023-11-22,9800
00664R,國泰臺灣加權反1,1242,715,527,元大證券,2023-11-22,9800
00929,復華台灣科技優息,4383,3877,506,元大證券,2023-11-22,9800
00708L,期元大S＆P黃金正2,507,7,500,元大證券,2023-11-22,9800
1216,統一,662,188,474,元大證券,2023-11-22,9800
00722B,群益投資級電信債,524,90,434,元大證券,2023-11-22,9800
2408,南亞科,582,152,430,元大證券,2023-11-22,9800
00764B,群益25年美債,574,143,431,元大證券,2023-11-22,9800
00757,統一FANG+,484,54,430,元大證券,2023-11-22,9800
3059,華晶科,1791,1379,412,元大證券,2023-11-22,9800
00650L,復華香港正2,2181,1770,411,元大證券,2023-11-22,9800
00894,中信小資高價30,521,114,407,元大證券,2023-11-22,9800
1321,大洋,449,55,394,元大證券,2023-11-22,9800
6274,台燿,1179,794,385,元大證券,2023-11-22,9800
2002,中鋼,541,161,380,元大證券,2023-11-22,9800
00926,凱基全球菁英55,389,10,379,元大證券,2023-11-22,9800
6282,康舒,4038,3660,378,元大證券,2023-11-22,9800
2885,元大金,444,76,368,元大證券,2023-11-22,9800
00725B,國泰投資級公司債,714,360,354,元大證券,2023-11-22,9800
00891,中信關鍵半導體,1227,888,339,元大證券,2023-11-22,9800
00680L,元大美債20正2,9764,2222,7542,元大證券,2023-11-23,9800
00632R,元大台灣50反1,21370,16129,5241,元大證券,2023-11-23,9800
00665L,富邦�琤肭磪囓�2,10935,5843,5092,元大證券,2023-11-23,9800
00688L,國泰20年美債正2,4748,288,4460,元大證券,2023-11-23,9800
2618,長榮航,6029,2646,3383,元大證券,2023-11-23,9800
00931B,統一美債20年,6244,3181,3063,元大證券,2023-11-23,9800
00830,國泰費城半導體,2011,104,1907,元大證券,2023-11-23,9800
0050,元大台灣50,1893,337,1556,元大證券,2023-11-23,9800
00900,富邦特選高股息30,2478,1358,1120,元大證券,2023-11-23,9800
00772B,中信高評級公司債,2647,1728,919,元大證券,2023-11-23,9800
00669R,國泰美國道瓊反1,1695,777,918,元大證券,2023-11-23,9800
00907,永豐優息存股,1339,431,908,元大證券,2023-11-23,9800
00882,中信中國高股息,2241,1418,823,元大證券,2023-11-23,9800
00928,中信上櫃ESG30,809,1,808,元大證券,2023-11-23,9800
00881,國泰台灣5G+,1835,1051,784,元大證券,2023-11-23,9800
00930,永豐ESG低碳高息,815,68,747,元大證券,2023-11-23,9800
1605,華新,1214,538,676,元大證券,2023-11-23,9800
5009,榮剛,1114,491,623,元大證券,2023-11-23,9800
00670L,富邦NASDAQ正2,622,2,620,元大證券,2023-11-23,9800
00651R,復華香港反1,716,115,601,元大證券,2023-11-23,9800
00927,群益半導體收益,603,6,597,元大證券,2023-11-23,9800
8054,安國,2912,2347,565,元大證券,2023-11-23,9800
00687B,國泰20年美債,4386,3828,558,元大證券,2023-11-23,9800
8478,東哥遊艇,1009,471,538,元大證券,2023-11-23,9800
00888,永豐台灣ESG,1460,922,538,元大證券,2023-11-23,9800
2313,華通,1875,1358,517,元大證券,2023-11-23,9800
00936,台新永續高息中小,1342,832,510,元大證券,2023-11-23,9800
2881,富邦金,634,157,477,元大證券,2023-11-23,9800
00662,富邦NASDAQ,772,314,458,元大證券,2023-11-23,9800
8086,宏捷科,1065,629,436,元大證券,2023-11-23,9800
3483,力致,1523,1118,405,元大證券,2023-11-23,9800
3583,辛耘,562,236,326,元大證券,2023-11-23,9800
020022,元大電動車N,326,5,321,元大證券,2023-11-23,9800
9904,寶成,392,85,307,元大證券,2023-11-23,9800
0052,富邦科技,314,11,303,元大證券,2023-11-23,9800
00757,統一FANG+,286,0,286,元大證券,2023-11-23,9800
3122,笙泉,3975,3694,281,元大證券,2023-11-23,9800
00926,凱基全球菁英55,279,1,278,元大證券,2023-11-23,9800
00897,富邦基因免疫生技,614,342,272,元大證券,2023-11-23,9800
00752,中信中國50,481,212,269,元大證券,2023-11-23,9800
006205,富邦上証,411,142,269,元大證券,2023-11-23,9800
00751B,元大AAA至A公司債,2711,2448,263,元大證券,2023-11-23,9800
00725B,國泰投資級公司債,638,386,252,元大證券,2023-11-23,9800
2412,中華電,301,50,251,元大證券,2023-11-23,9800
6282,康舒,4928,4680,248,元大證券,2023-11-23,9800
2356,英業達,755,511,244,元大證券,2023-11-23,9800
00924,復華S＆P500成長,440,203,237,元大證券,2023-11-23,9800
00901,永豐智能車供應鏈,236,1,235,元大證券,2023-11-23,9800
6789,采鈺,668,436,232,元大證券,2023-11-23,9800
00922,國泰台灣領袖50,807,576,231,元大證券,2023-11-23,9800
00929,復華台灣科技優息,6444,2859,3585,元大證券,2023-11-24,9800
00671R,富邦NASDAQ反1,3853,840,3013,元大證券,2023-11-24,9800
00936,台新永續高息中小,2711,598,2113,元大證券,2023-11-24,9800
00764B,群益25年美債,1848,81,1767,元大證券,2023-11-24,9800
00931B,統一美債20年,3244,1581,1663,元大證券,2023-11-24,9800
00795B,中信美國公債20年,2705,1088,1617,元大證券,2023-11-24,9800
00632R,元大台灣50反1,7931,6432,1499,元大證券,2023-11-24,9800
00881,國泰台灣5G+,1758,684,1074,元大證券,2023-11-24,9800
00878,國泰永續高股息,3433,2378,1055,元大證券,2023-11-24,9800
00676R,富邦臺灣加權反1,1231,180,1051,元大證券,2023-11-24,9800
00900,富邦特選高股息30,2701,1653,1048,元大證券,2023-11-24,9800
2313,華通,5943,5000,943,元大證券,2023-11-24,9800
00923,群益台ESG低碳50,1178,408,770,元大證券,2023-11-24,9800
00893,國泰智能電動車,1189,448,741,元大證券,2023-11-24,9800
00773B,中信優先金融債,929,219,710,元大證券,2023-11-24,9800
2634,漢翔,2165,1470,695,元大證券,2023-11-24,9800
00892,富邦台灣半導體,1280,638,642,元大證券,2023-11-24,9800
00882,中信中國高股息,1519,913,606,元大證券,2023-11-24,9800
00896,中信綠能及電動車,948,372,576,元大證券,2023-11-24,9800
00752,中信中國50,690,114,576,元大證券,2023-11-24,9800
00675L,富邦臺灣加權正2,677,150,527,元大證券,2023-11-24,9800
00918,大華優利高填息30,790,304,486,元大證券,2023-11-24,9800
5009,榮剛,729,261,468,元大證券,2023-11-24,9800
020022,元大電動車N,449,13,436,元大證券,2023-11-24,9800
00701,國泰股利精選30,418,1,417,元大證券,2023-11-24,9800
00935,野村臺灣新科技50,1273,858,415,元大證券,2023-11-24,9800
2049,上銀,591,183,408,元大證券,2023-11-24,9800
1319,東陽,428,37,391,元大證券,2023-11-24,9800
00922,國泰台灣領袖50,557,169,388,元大證券,2023-11-24,9800
2371,大同,716,333,383,元大證券,2023-11-24,9800
00926,凱基全球菁英55,374,1,373,元大證券,2023-11-24,9800
1402,遠東新,398,31,367,元大證券,2023-11-24,9800
00895,富邦未來車,365,0,365,元大證券,2023-11-24,9800
2303,聯電,1867,1507,360,元大證券,2023-11-24,9800
020027,元大上櫃ESG成長N,391,42,349,元大證券,2023-11-24,9800
00897,富邦基因免疫生技,545,200,345,元大證券,2023-11-24,9800
00713,元大台灣高息低波,403,65,338,元大證券,2023-11-24,9800
2412,中華電,1239,917,322,元大證券,2023-11-24,9800
6245,立端,923,612,311,元大證券,2023-11-24,9800
2408,南亞科,577,268,309,元大證券,2023-11-24,9800
6127,九豪,567,277,290,元大證券,2023-11-24,9800
00927,群益半導體收益,608,325,283,元大證券,2023-11-24,9800
4770,上品,284,18,266,元大證券,2023-11-24,9800
00715L,期街口布蘭特正2,3389,3130,259,元大證券,2023-11-24,9800
00924,復華S＆P500成長,232,0,232,元大證券,2023-11-24,9800
020028,元大特選電動車N,228,5,223,元大證券,2023-11-24,9800
3374,精材,534,323,211,元大證券,2023-11-24,9800
00634R,富邦上証反1,210,1,209,元大證券,2023-11-24,9800
2385,群光,233,25,208,元大證券,2023-11-24,9800
00651R,復華香港反1,319,118,201,元大證券,2023-11-24,9800
00673R,期元大S＆P原油反1,9013,499,8514,元大證券,2023-11-27,9800
2892,第一金,3694,46,3648,元大證券,2023-11-27,9800
00933B,國泰10Y+金融債,3882,565,3317,元大證券,2023-11-27,9800
00696B,富邦美債20年,2951,1210,1741,元大證券,2023-11-27,9800
00671R,富邦NASDAQ反1,2739,1026,1713,元大證券,2023-11-27,9800
4904,遠傳,1867,166,1701,元大證券,2023-11-27,9800
00687B,國泰20年美債,8801,7215,1586,元大證券,2023-11-27,9800
3045,台灣大,1666,89,1577,元大證券,2023-11-27,9800
2303,聯電,2678,1215,1463,元大證券,2023-11-27,9800
2885,元大金,1294,235,1059,元大證券,2023-11-27,9800
00631L,元大台灣50正2,1374,402,972,元大證券,2023-11-27,9800
00738U,期元大道瓊白銀,920,3,917,元大證券,2023-11-27,9800
00725B,國泰投資級公司債,966,109,857,元大證券,2023-11-27,9800
00795B,中信美國公債20年,1517,664,853,元大證券,2023-11-27,9800
1216,統一,1112,272,840,元大證券,2023-11-27,9800
00712,復華富時不動產,1429,595,834,元大證券,2023-11-27,9800
00708L,期元大S＆P黃金正2,1147,326,821,元大證券,2023-11-27,9800
2317,鴻海,937,136,801,元大證券,2023-11-27,9800
2474,可成,845,79,766,元大證券,2023-11-27,9800
00670L,富邦NASDAQ正2,779,55,724,元大證券,2023-11-27,9800
2368,金像電,1162,443,719,元大證券,2023-11-27,9800
00665L,富邦�琤肭磪囓�2,6072,5364,708,元大證券,2023-11-27,9800
2884,玉山金,861,194,667,元大證券,2023-11-27,9800
3711,日月光投控,1246,612,634,元大證券,2023-11-27,9800
00903,富邦元宇宙,637,4,633,元大證券,2023-11-27,9800
2886,兆豐金,979,398,581,元大證券,2023-11-27,9800
00683L,期元大美元指正2,563,0,563,元大證券,2023-11-27,9800
2376,技嘉,1229,670,559,元大證券,2023-11-27,9800
2887,台新金,586,48,538,元大證券,2023-11-27,9800
2883,凱基金,5321,4824,497,元大證券,2023-11-27,9800
2330,台積電,566,89,477,元大證券,2023-11-27,9800
2301,光寶科,738,273,465,元大證券,2023-11-27,9800
2888,新光金,1175,712,463,元大證券,2023-11-27,9800
00740B,富邦全球投等債,513,84,429,元大證券,2023-11-27,9800
4919,新唐,752,360,392,元大證券,2023-11-27,9800
1303,南亞,758,373,385,元大證券,2023-11-27,9800
2880,華南金,534,179,355,元大證券,2023-11-27,9800
00885,富邦越南,658,306,352,元大證券,2023-11-27,9800
00761B,國泰A級公司債,397,54,343,元大證券,2023-11-27,9800
6239,力成,326,7,319,元大證券,2023-11-27,9800
00656R,國泰中國A50反1,444,132,312,元大證券,2023-11-27,9800
00905,FT臺灣Smart,765,455,310,元大證券,2023-11-27,9800
5388,中磊,398,95,303,元大證券,2023-11-27,9800
5880,合庫金,518,218,300,元大證券,2023-11-27,9800
2353,宏��,780,484,296,元大證券,2023-11-27,9800
00900,富邦特選高股息30,2652,2358,294,元大證券,2023-11-27,9800
00764B,群益25年美債,461,169,292,元大證券,2023-11-27,9800
2324,仁寶,559,281,278,元大證券,2023-11-27,9800
6415,矽力*-KY,299,23,276,元大證券,2023-11-27,9800
00901,永豐智能車供應鏈,458,188,270,元大證券,2023-11-27,9800
00680L,元大美債20正2,13578,1426,12152,元大證券,2023-11-28,9800
00929,復華台灣科技優息,14477,2462,12015,元大證券,2023-11-28,9800
00900,富邦特選高股息30,7517,978,6539,元大證券,2023-11-28,9800
00931B,統一美債20年,6934,1691,5243,元大證券,2023-11-28,9800
00936,台新永續高息中小,5445,488,4957,元大證券,2023-11-28,9800
00878,國泰永續高股息,6733,2406,4327,元大證券,2023-11-28,9800
00688L,國泰20年美債正2,5634,1552,4082,元大證券,2023-11-28,9800
00673R,期元大S＆P原油反1,3879,1075,2804,元大證券,2023-11-28,9800
00881,國泰台灣5G+,3644,866,2778,元大證券,2023-11-28,9800
00919,群益台灣精選高息,4234,2083,2151,元大證券,2023-11-28,9800
00891,中信關鍵半導體,2472,487,1985,元大證券,2023-11-28,9800
00915,凱基優選高股息30,2547,737,1810,元大證券,2023-11-28,9800
00923,群益台ESG低碳50,2442,854,1588,元大證券,2023-11-28,9800
2408,南亞科,2337,867,1470,元大證券,2023-11-28,9800
00934,中信成長高股息,3187,1725,1462,元大證券,2023-11-28,9800
3481,群創,1837,473,1364,元大證券,2023-11-28,9800
00935,野村臺灣新科技50,1811,495,1316,元大證券,2023-11-28,9800
00892,富邦台灣半導體,1884,569,1315,元大證券,2023-11-28,9800
00888,永豐台灣ESG,1493,236,1257,元大證券,2023-11-28,9800
00907,永豐優息存股,1696,443,1253,元大證券,2023-11-28,9800
00850,元大臺灣ESG永續,1260,68,1192,元大證券,2023-11-28,9800
00922,國泰台灣領袖50,1389,269,1120,元大證券,2023-11-28,9800
00912,中信臺灣智慧50,1106,1,1105,元大證券,2023-11-28,9800
00918,大華優利高填息30,1136,91,1045,元大證券,2023-11-28,9800
2412,中華電,3544,2558,986,元大證券,2023-11-28,9800
00896,中信綠能及電動車,1173,201,972,元大證券,2023-11-28,9800
00894,中信小資高價30,1091,181,910,元大證券,2023-11-28,9800
00671R,富邦NASDAQ反1,3003,2144,859,元大證券,2023-11-28,9800
00692,富邦公司治理,1197,361,836,元大證券,2023-11-28,9800
2329,華泰,4306,3486,820,元大證券,2023-11-28,9800
00701,國泰股利精選30,809,1,808,元大證券,2023-11-28,9800
00905,FT臺灣Smart,896,93,803,元大證券,2023-11-28,9800
00932,兆豐永續高息等權,972,175,797,元大證券,2023-11-28,9800
2317,鴻海,1081,327,754,元大證券,2023-11-28,9800
2892,第一金,938,203,735,元大證券,2023-11-28,9800
00696B,富邦美債20年,1479,797,682,元大證券,2023-11-28,9800
00662,富邦NASDAQ,1021,355,666,元大證券,2023-11-28,9800
00904,新光臺灣半導體30,670,17,653,元大證券,2023-11-28,9800
00679B,元大美債20年,7007,6382,625,元大證券,2023-11-28,9800
2105,正新,738,122,616,元大證券,2023-11-28,9800
020027,元大上櫃ESG成長N,654,40,614,元大證券,2023-11-28,9800
00706L,期元大S＆P日圓正2,1589,1001,588,元大證券,2023-11-28,9800
00927,群益半導體收益,616,46,570,元大證券,2023-11-28,9800
2356,英業達,861,315,546,元大證券,2023-11-28,9800
6274,台燿,1055,537,518,元大證券,2023-11-28,9800
00631L,元大台灣50正2,1026,546,480,元大證券,2023-11-28,9800
2313,華通,8462,7988,474,元大證券,2023-11-28,9800
020022,元大電動車N,518,48,470,元大證券,2023-11-28,9800
2605,新興,2004,1553,451,元大證券,2023-11-28,9800
00921,兆豐龍頭等權重,643,202,441,元大證券,2023-11-28,9800
00900,富邦特選高股息30,10997,3213,7784,元大證券,2023-11-29,9800
00715L,期街口布蘭特正2,8576,2524,6052,元大證券,2023-11-29,9800
0056,元大高股息,7356,2113,5243,元大證券,2023-11-29,9800
00671R,富邦NASDAQ反1,5190,300,4890,元大證券,2023-11-29,9800
00929,復華台灣科技優息,6185,1756,4429,元大證券,2023-11-29,9800
2303,聯電,5282,1007,4275,元大證券,2023-11-29,9800
00830,國泰費城半導體,3194,124,3070,元大證券,2023-11-29,9800
00878,國泰永續高股息,8571,5593,2978,元大證券,2023-11-29,9800
00706L,期元大S＆P日圓正2,3221,616,2605,元大證券,2023-11-29,9800
1216,統一,2314,146,2168,元大證券,2023-11-29,9800
2329,華泰,8895,6878,2017,元大證券,2023-11-29,9800
00662,富邦NASDAQ,1776,125,1651,元大證券,2023-11-29,9800
5347,世界,2233,606,1627,元大證券,2023-11-29,9800
2892,第一金,1638,65,1573,元大證券,2023-11-29,9800
1101,台泥,2036,523,1513,元大證券,2023-11-29,9800
1402,遠東新,1467,177,1290,元大證券,2023-11-29,9800
00931B,統一美債20年,4254,2979,1275,元大證券,2023-11-29,9800
020022,元大電動車N,1249,13,1236,元大證券,2023-11-29,9800
00670L,富邦NASDAQ正2,1108,38,1070,元大證券,2023-11-29,9800
2344,華邦電,2199,1175,1024,元大證券,2023-11-29,9800
00795B,中信美國公債20年,3263,2244,1019,元大證券,2023-11-29,9800
2317,鴻海,1299,296,1003,元大證券,2023-11-29,9800
5876,上海商銀,1005,11,994,元大證券,2023-11-29,9800
00708L,期元大S＆P黃金正2,1126,159,967,元大證券,2023-11-29,9800
00688L,國泰20年美債正2,4693,3788,905,元大證券,2023-11-29,9800
2330,台積電,1051,199,852,元大證券,2023-11-29,9800
00651R,復華香港反1,968,130,838,元大證券,2023-11-29,9800
00885,富邦越南,884,71,813,元大證券,2023-11-29,9800
00903,富邦元宇宙,953,150,803,元大證券,2023-11-29,9800
00773B,中信優先金融債,1103,315,788,元大證券,2023-11-29,9800
3005,神基,1303,580,723,元大證券,2023-11-29,9800
2888,新光金,979,282,697,元大證券,2023-11-29,9800
00764B,群益25年美債,1723,1031,692,元大證券,2023-11-29,9800
2105,正新,788,105,683,元大證券,2023-11-29,9800
00927,群益半導體收益,713,50,663,元大證券,2023-11-29,9800
2891,中信金,1682,1021,661,元大證券,2023-11-29,9800
00772B,中信高評級公司債,2936,2283,653,元大證券,2023-11-29,9800
2884,玉山金,775,136,639,元大證券,2023-11-29,9800
4904,遠傳,644,54,590,元大證券,2023-11-29,9800
2882,國泰金,691,103,588,元大證券,2023-11-29,9800
5351,鈺創,2265,1703,562,元大證券,2023-11-29,9800
00898,國泰基因免疫革命,548,3,545,元大證券,2023-11-29,9800
1560,中砂,571,52,519,元大證券,2023-11-29,9800
3045,台灣大,538,20,518,元大證券,2023-11-29,9800
00904,新光臺灣半導體30,540,54,486,元大證券,2023-11-29,9800
5483,中美晶,610,133,477,元大證券,2023-11-29,9800
2887,台新金,612,138,474,元大證券,2023-11-29,9800
2369,菱生,3152,2680,472,元大證券,2023-11-29,9800
3227,原相,889,423,466,元大證券,2023-11-29,9800
6104,創惟,927,463,464,元大證券,2023-11-29,9800
00632R,元大台灣50反1,23612,6062,17550,元大證券,2023-11-30,9800
00715L,期街口布蘭特正2,10402,1338,9064,元大證券,2023-11-30,9800
00662,富邦NASDAQ,3237,12,3225,元大證券,2023-11-30,9800
00642U,期元大S＆P石油,3006,40,2966,元大證券,2023-11-30,9800
00757,統一FANG+,2636,52,2584,元大證券,2023-11-30,9800
020022,元大電動車N,1772,27,1745,元大證券,2023-11-30,9800
2607,榮運,1324,26,1298,元大證券,2023-11-30,9800
00687B,國泰20年美債,9335,8195,1140,元大證券,2023-11-30,9800
00878,國泰永續高股息,6419,5428,991,元大證券,2023-11-30,9800
00752,中信中國50,2021,1074,947,元大證券,2023-11-30,9800
00706L,期元大S＆P日圓正2,1414,569,845,元大證券,2023-11-30,9800
00895,富邦未來車,1031,220,811,元大證券,2023-11-30,9800
00708L,期元大S＆P黃金正2,818,26,792,元大證券,2023-11-30,9800
6282,康舒,865,143,722,元大證券,2023-11-30,9800
2353,宏��,1183,532,651,元大證券,2023-11-30,9800
006205,富邦上証,678,28,650,元大證券,2023-11-30,9800
00830,國泰費城半導體,715,89,626,元大證券,2023-11-30,9800
2105,正新,680,75,605,元大證券,2023-11-30,9800
2481,強茂,1011,408,603,元大證券,2023-11-30,9800
3045,台灣大,612,15,597,元大證券,2023-11-30,9800
1312,國喬,621,40,581,元大證券,2023-11-30,9800
2330,台積電,875,317,558,元大證券,2023-11-30,9800
00764B,群益25年美債,859,302,557,元大證券,2023-11-30,9800
5452,佶優,742,193,549,元大證券,2023-11-30,9800
8150,南茂,566,36,530,元大證券,2023-11-30,9800
3715,定穎投控,1719,1205,514,元大證券,2023-11-30,9800
2049,上銀,530,29,501,元大證券,2023-11-30,9800
2356,英業達,907,407,500,元大證券,2023-11-30,9800
00907,永豐優息存股,664,175,489,元大證券,2023-11-30,9800
4915,致伸,504,24,480,元大證券,2023-11-30,9800
2317,鴻海,532,83,449,元大證券,2023-11-30,9800
00661,元大日經225,489,41,448,元大證券,2023-11-30,9800
00645,富邦日本,597,153,444,元大證券,2023-11-30,9800
1101,台泥,1011,568,443,元大證券,2023-11-30,9800
00912,中信臺灣智慧50,435,4,431,元大證券,2023-11-30,9800
00900,富邦特選高股息30,3727,3309,418,元大證券,2023-11-30,9800
2409,友達,639,223,416,元大證券,2023-11-30,9800
00670L,富邦NASDAQ正2,441,61,380,元大證券,2023-11-30,9800
8927,北基,409,31,378,元大證券,2023-11-30,9800
6117,迎廣,675,307,368,元大證券,2023-11-30,9800
2439,美律,464,113,351,元大證券,2023-11-30,9800
00636,國泰中國A50,470,125,345,元大證券,2023-11-30,9800
2903,遠百,344,2,342,元大證券,2023-11-30,9800
00692,富邦公司治理,744,408,336,元大證券,2023-11-30,9800
6257,矽格,579,258,321,元大證券,2023-11-30,9800
2324,仁寶,446,129,317,元大證券,2023-11-30,9800
00664R,國泰臺灣加權反1,775,464,311,元大證券,2023-11-30,9800
1582,信錦,683,381,302,元大證券,2023-11-30,9800
8069,元太,380,87,293,元大證券,2023-11-30,9800
2338,光罩,699,410,289,元大證券,2023-11-30,9800
2303,聯電,15791,975,14816,元大證券,2023-12-01,9800
00673R,期元大S＆P原油反1,10147,1166,8981,元大證券,2023-12-01,9800
1402,遠東新,6174,123,6051,元大證券,2023-12-01,9800
00929,復華台灣科技優息,5451,2614,2837,元大證券,2023-12-01,9800
00706L,期元大S＆P日圓正2,4727,1933,2794,元大證券,2023-12-01,9800
020022,元大電動車N,2216,15,2201,元大證券,2023-12-01,9800
00936,台新永續高息中小,2544,515,2029,元大證券,2023-12-01,9800
2329,華泰,5845,3837,2008,元大證券,2023-12-01,9800
0056,元大高股息,4306,2377,1929,元大證券,2023-12-01,9800
00632R,元大台灣50反1,28243,26618,1625,元大證券,2023-12-01,9800
00676R,富邦臺灣加權反1,1709,116,1593,元大證券,2023-12-01,9800
00772B,中信高評級公司債,2289,1245,1044,元大證券,2023-12-01,9800
00893,國泰智能電動車,1027,36,991,元大證券,2023-12-01,9800
2886,兆豐金,1788,799,989,元大證券,2023-12-01,9800
00665L,富邦�琤肭磪囓�2,11185,10240,945,元大證券,2023-12-01,9800
2376,技嘉,1549,620,929,元大證券,2023-12-01,9800
3231,緯創,2218,1359,859,元大證券,2023-12-01,9800
00656R,國泰中國A50反1,946,100,846,元大證券,2023-12-01,9800
00935,野村臺灣新科技50,2307,1472,835,元大證券,2023-12-01,9800
2891,中信金,1484,696,788,元大證券,2023-12-01,9800
2347,聯強,818,64,754,元大證券,2023-12-01,9800
00894,中信小資高價30,696,2,694,元大證券,2023-12-01,9800
2605,新興,2324,1675,649,元大證券,2023-12-01,9800
2474,可成,750,111,639,元大證券,2023-12-01,9800
00923,群益台ESG低碳50,1760,1149,611,元大證券,2023-12-01,9800
00634R,富邦上証反1,576,0,576,元大證券,2023-12-01,9800
00708L,期元大S＆P黃金正2,566,0,566,元大證券,2023-12-01,9800
00631L,元大台灣50正2,1054,488,566,元大證券,2023-12-01,9800
3264,欣銓,735,171,564,元大證券,2023-12-01,9800
00934,中信成長高股息,2241,1680,561,元大證券,2023-12-01,9800
2105,正新,623,72,551,元大證券,2023-12-01,9800
2402,毅嘉,1681,1134,547,元大證券,2023-12-01,9800
00852L,國泰美國道瓊正2,533,0,533,元大證券,2023-12-01,9800
00921,兆豐龍頭等權重,900,404,496,元大證券,2023-12-01,9800
3450,聯鈞,1145,674,471,元大證券,2023-12-01,9800
2439,美律,709,253,456,元大證券,2023-12-01,9800
00932,兆豐永續高息等權,708,253,455,元大證券,2023-12-01,9800
00892,富邦台灣半導體,1152,699,453,元大證券,2023-12-01,9800
2355,敬鵬,1255,804,451,元大證券,2023-12-01,9800
00881,國泰台灣5G+,1895,1488,407,元大證券,2023-12-01,9800
00674R,期元大S＆P黃金反1,391,16,375,元大證券,2023-12-01,9800
5439,高技,1584,1229,355,元大證券,2023-12-01,9800
3711,日月光投控,665,339,326,元大證券,2023-12-01,9800
1102,亞泥,493,173,320,元大證券,2023-12-01,9800
2606,裕民,1752,1437,315,元大證券,2023-12-01,9800
3217,優群,435,131,304,元大證券,2023-12-01,9800
2634,漢翔,411,112,299,元大證券,2023-12-01,9800
6274,台燿,508,217,291,元大證券,2023-12-01,9800
1795,美時,882,602,280,元大證券,2023-12-01,9800
2890,永豐金,891,617,274,元大證券,2023-12-01,9800
00632R,元大台灣50反1,54292,10361,43931,元大證券,2023-12-04,9800
00673R,期元大S＆P原油反1,32961,315,32646,元大證券,2023-12-04,9800
00671R,富邦NASDAQ反1,13052,302,12750,元大證券,2023-12-04,9800
00878,國泰永續高股息,18767,7204,11563,元大證券,2023-12-04,9800
00706L,期元大S＆P日圓正2,5906,13,5893,元大證券,2023-12-04,9800
00900,富邦特選高股息30,6442,1166,5276,元大證券,2023-12-04,9800
00931B,統一美債20年,4898,1953,2945,元大證券,2023-12-04,9800
00708L,期元大S＆P黃金正2,2387,143,2244,元大證券,2023-12-04,9800
00665L,富邦�琤肭磪囓�2,12954,10828,2126,元大證券,2023-12-04,9800
2606,裕民,4719,2649,2070,元大證券,2023-12-04,9800
00891,中信關鍵半導體,2300,274,2026,元大證券,2023-12-04,9800
00830,國泰費城半導體,1954,10,1944,元大證券,2023-12-04,9800
2027,大成鋼,2004,100,1904,元大證券,2023-12-04,9800
00885,富邦越南,2082,324,1758,元大證券,2023-12-04,9800
2618,長榮航,3360,1621,1739,元大證券,2023-12-04,9800
00712,復華富時不動產,1832,186,1646,元大證券,2023-12-04,9800
020022,元大電動車N,1633,33,1600,元大證券,2023-12-04,9800
2353,宏��,1543,82,1461,元大證券,2023-12-04,9800
00662,富邦NASDAQ,1442,152,1290,元大證券,2023-12-04,9800
2641,正德,2276,1005,1271,元大證券,2023-12-04,9800
00888,永豐台灣ESG,1892,714,1178,元大證券,2023-12-04,9800
2605,新興,3715,2606,1109,元大證券,2023-12-04,9800
00701,國泰股利精選30,1100,29,1071,元大證券,2023-12-04,9800
00881,國泰台灣5G+,1490,436,1054,元大證券,2023-12-04,9800
2002,中鋼,1167,134,1033,元大證券,2023-12-04,9800
00795B,中信美國公債20年,1844,1063,781,元大證券,2023-12-04,9800
2368,金像電,1048,281,767,元大證券,2023-12-04,9800
00676R,富邦臺灣加權反1,1170,484,686,元大證券,2023-12-04,9800
00738U,期元大道瓊白銀,829,154,675,元大證券,2023-12-04,9800
00921,兆豐龍頭等權重,1310,667,643,元大證券,2023-12-04,9800
00635U,期元大S＆P黃金,711,101,610,元大證券,2023-12-04,9800
00650L,復華香港正2,4962,4369,593,元大證券,2023-12-04,9800
00932,兆豐永續高息等權,829,276,553,元大證券,2023-12-04,9800
00753L,中信中國50正2,2465,1918,547,元大證券,2023-12-04,9800
00907,永豐優息存股,1254,718,536,元大證券,2023-12-04,9800
00850,元大臺灣ESG永續,951,436,515,元大證券,2023-12-04,9800
2610,華航,1176,696,480,元大證券,2023-12-04,9800
00915,凱基優選高股息30,2682,2213,469,元大證券,2023-12-04,9800
00773B,中信優先金融債,693,242,451,元大證券,2023-12-04,9800
6257,矽格,555,107,448,元大證券,2023-12-04,9800
2105,正新,894,452,442,元大證券,2023-12-04,9800
1102,亞泥,510,98,412,元大證券,2023-12-04,9800
2303,聯電,830,437,393,元大證券,2023-12-04,9800
00892,富邦台灣半導體,961,595,366,元大證券,2023-12-04,9800
00934,中信成長高股息,1471,1125,346,元大證券,2023-12-04,9800
00651R,復華香港反1,400,79,321,元大證券,2023-12-04,9800
2615,萬海,1305,985,320,元大證券,2023-12-04,9800
8150,南茂,426,112,314,元大證券,2023-12-04,9800
5009,榮剛,527,217,310,元大證券,2023-12-04,9800
6274,台燿,769,462,307,元大證券,2023-12-04,9800
00673R,期元大S＆P原油反1,24870,52,24818,元大證券,2023-12-05,9800
00632R,元大台灣50反1,23523,2287,21236,元大證券,2023-12-05,9800
2303,聯電,10790,3488,7302,元大證券,2023-12-05,9800
1402,遠東新,5929,146,5783,元大證券,2023-12-05,9800
00676R,富邦臺灣加權反1,5834,298,5536,元大證券,2023-12-05,9800
1216,統一,4262,139,4123,元大證券,2023-12-05,9800
00830,國泰費城半導體,4125,398,3727,元大證券,2023-12-05,9800
020022,元大電動車N,3368,23,3345,元大證券,2023-12-05,9800
00665L,富邦�琤肭磪囓�2,18456,15383,3073,元大證券,2023-12-05,9800
00648R,元大S＆P500反1,3330,331,2999,元大證券,2023-12-05,9800
00772B,中信高評級公司債,4475,1625,2850,元大證券,2023-12-05,9800
00900,富邦特選高股息30,4639,2104,2535,元大證券,2023-12-05,9800
2605,新興,11158,8987,2171,元大證券,2023-12-05,9800
00664R,國泰臺灣加權反1,2665,712,1953,元大證券,2023-12-05,9800
00662,富邦NASDAQ,2095,246,1849,元大證券,2023-12-05,9800
00634R,富邦上証反1,1619,1,1618,元大證券,2023-12-05,9800
00885,富邦越南,1678,97,1581,元大證券,2023-12-05,9800
2883,凱基金,3500,2104,1396,元大證券,2023-12-05,9800
00922,國泰台灣領袖50,2276,976,1300,元大證券,2023-12-05,9800
2606,裕民,9206,8019,1187,元大證券,2023-12-05,9800
00751B,元大AAA至A公司債,5099,4039,1060,元大證券,2023-12-05,9800
00773B,中信優先金融債,1260,272,988,元大證券,2023-12-05,9800
00725B,國泰投資級公司債,1445,464,981,元大證券,2023-12-05,9800
00674R,期元大S＆P黃金反1,938,0,938,元大證券,2023-12-05,9800
00653L,富邦印度正2,1165,244,921,元大證券,2023-12-05,9800
00686R,群益臺灣加權反1,917,0,917,元大證券,2023-12-05,9800
2002,中鋼,1246,370,876,元大證券,2023-12-05,9800
00931B,統一美債20年,5760,4961,799,元大證券,2023-12-05,9800
1303,南亞,892,100,792,元大證券,2023-12-05,9800
00932,兆豐永續高息等權,1206,447,759,元大證券,2023-12-05,9800
00651R,復華香港反1,732,23,709,元大證券,2023-12-05,9800
00933B,國泰10Y+金融債,2044,1343,701,元大證券,2023-12-05,9800
00740B,富邦全球投等債,700,2,698,元大證券,2023-12-05,9800
6143,振曜,1171,508,663,元大證券,2023-12-05,9800
3264,欣銓,1341,701,640,元大證券,2023-12-05,9800
3481,群創,3280,2656,624,元大證券,2023-12-05,9800
2301,光寶科,1523,929,594,元大證券,2023-12-05,9800
00898,國泰基因免疫革命,554,2,552,元大證券,2023-12-05,9800
00722B,群益投資級電信債,595,53,542,元大證券,2023-12-05,9800
1102,亞泥,822,294,528,元大證券,2023-12-05,9800
00902,中信電池及儲能,664,163,501,元大證券,2023-12-05,9800
00655L,國泰中國A50正2,1851,1357,494,元大證券,2023-12-05,9800
2409,友達,1436,955,481,元大證券,2023-12-05,9800
2641,正德,10936,10468,468,元大證券,2023-12-05,9800
1514,亞力,2526,2065,461,元大證券,2023-12-05,9800
2633,台灣高鐵,471,21,450,元大證券,2023-12-05,9800
00892,富邦台灣半導體,1650,1221,429,元大證券,2023-12-05,9800
2887,台新金,618,206,412,元大證券,2023-12-05,9800
00904,新光臺灣半導體30,573,165,408,元大證券,2023-12-05,9800
8150,南茂,444,39,405,元大證券,2023-12-05,9800
00673R,期元大S＆P原油反1,30294,92,30202,元大證券,2023-12-06,9800
00632R,元大台灣50反1,25359,13247,12112,元大證券,2023-12-06,9800
0056,元大高股息,8958,1989,6969,元大證券,2023-12-06,9800
00878,國泰永續高股息,7552,1442,6110,元大證券,2023-12-06,9800
020038,元大ESG配息N,4244,70,4174,元大證券,2023-12-06,9800
00900,富邦特選高股息30,4673,572,4101,元大證券,2023-12-06,9800
00671R,富邦NASDAQ反1,3088,416,2672,元大證券,2023-12-06,9800
00881,國泰台灣5G+,2337,248,2089,元大證券,2023-12-06,9800
00891,中信關鍵半導體,1924,232,1692,元大證券,2023-12-06,9800
0050,元大台灣50,2101,420,1681,元大證券,2023-12-06,9800
2330,台積電,1960,351,1609,元大證券,2023-12-06,9800
00830,國泰費城半導體,2692,1124,1568,元大證券,2023-12-06,9800
00923,群益台ESG低碳50,1904,490,1414,元大證券,2023-12-06,9800
00646,元大S＆P500,1426,194,1232,元大證券,2023-12-06,9800
00680L,元大美債20正2,18419,17259,1160,元大證券,2023-12-06,9800
00934,中信成長高股息,2155,1020,1135,元大證券,2023-12-06,9800
00662,富邦NASDAQ,1266,156,1110,元大證券,2023-12-06,9800
00713,元大台灣高息低波,1492,426,1066,元大證券,2023-12-06,9800
2002,中鋼,1286,231,1055,元大證券,2023-12-06,9800
2105,正新,1241,220,1021,元大證券,2023-12-06,9800
00915,凱基優選高股息30,2242,1235,1007,元大證券,2023-12-06,9800
00712,復華富時不動產,2206,1260,946,元大證券,2023-12-06,9800
00909,國泰數位支付服務,977,155,822,元大證券,2023-12-06,9800
2324,仁寶,1200,447,753,元大證券,2023-12-06,9800
00935,野村臺灣新科技50,1514,783,731,元大證券,2023-12-06,9800
2618,長榮航,1537,844,693,元大證券,2023-12-06,9800
2610,華航,748,71,677,元大證券,2023-12-06,9800
00894,中信小資高價30,676,0,676,元大證券,2023-12-06,9800
00664R,國泰臺灣加權反1,722,65,657,元大證券,2023-12-06,9800
00631L,元大台灣50正2,987,346,641,元大證券,2023-12-06,9800
00701,國泰股利精選30,678,39,639,元大證券,2023-12-06,9800
2376,技嘉,1394,759,635,元大證券,2023-12-06,9800
00930,永豐ESG低碳高息,940,313,627,元大證券,2023-12-06,9800
00850,元大臺灣ESG永續,785,159,626,元大證券,2023-12-06,9800
2408,南亞科,948,330,618,元大證券,2023-12-06,9800
00888,永豐台灣ESG,1041,450,591,元大證券,2023-12-06,9800
00905,FT臺灣Smart,1022,438,584,元大證券,2023-12-06,9800
2344,華邦電,812,242,570,元大證券,2023-12-06,9800
00932,兆豐永續高息等權,805,256,549,元大證券,2023-12-06,9800
3264,欣銓,967,420,547,元大證券,2023-12-06,9800
00927,群益半導體收益,522,8,514,元大證券,2023-12-06,9800
2308,台達電,500,66,434,元大證券,2023-12-06,9800
00892,富邦台灣半導體,807,402,405,元大證券,2023-12-06,9800
5439,高技,1491,1100,391,元大證券,2023-12-06,9800
3711,日月光投控,619,235,384,元大證券,2023-12-06,9800
2882,國泰金,405,24,381,元大證券,2023-12-06,9800
1102,亞泥,525,165,360,元大證券,2023-12-06,9800
00897,富邦基因免疫生技,481,129,352,元大證券,2023-12-06,9800
00645,富邦日本,360,16,344,元大證券,2023-12-06,9800
3013,晟銘電,3889,3555,334,元大證券,2023-12-06,9800
00673R,期元大S＆P原油反1,36322,2516,33806,元大證券,2023-12-07,9800
00665L,富邦�琤肭磪囓�2,10635,6968,3667,元大證券,2023-12-07,9800
00772B,中信高評級公司債,6712,3565,3147,元大證券,2023-12-07,9800
00632R,元大台灣50反1,10830,8769,2061,元大證券,2023-12-07,9800
00671R,富邦NASDAQ反1,3070,1110,1960,元大證券,2023-12-07,9800
0056,元大高股息,3641,2150,1491,元大證券,2023-12-07,9800
2883,凱基金,1572,712,860,元大證券,2023-12-07,9800
2105,正新,903,97,806,元大證券,2023-12-07,9800
00773B,中信優先金融債,1101,373,728,元大證券,2023-12-07,9800
2376,技嘉,2152,1567,585,元大證券,2023-12-07,9800
00664R,國泰臺灣加權反1,1373,843,530,元大證券,2023-12-07,9800
00892,富邦台灣半導體,1256,727,529,元大證券,2023-12-07,9800
00725B,國泰投資級公司債,1417,888,529,元大證券,2023-12-07,9800
2330,台積電,932,457,475,元大證券,2023-12-07,9800
2890,永豐金,768,303,465,元大證券,2023-12-07,9800
2317,鴻海,663,199,464,元大證券,2023-12-07,9800
2425,承啟,1896,1433,463,元大證券,2023-12-07,9800
1524,耿鼎,679,218,461,元大證券,2023-12-07,9800
00689R,國泰20年美債反1,434,3,431,元大證券,2023-12-07,9800
2605,新興,2381,1954,427,元大證券,2023-12-07,9800
00656R,國泰中國A50反1,1028,601,427,元大證券,2023-12-07,9800
2882,國泰金,665,246,419,元大證券,2023-12-07,9800
2606,裕民,1903,1490,413,元大證券,2023-12-07,9800
00891,中信關鍵半導體,1477,1082,395,元大證券,2023-12-07,9800
00895,富邦未來車,413,43,370,元大證券,2023-12-07,9800
2603,長榮,686,318,368,元大證券,2023-12-07,9800
00901,永豐智能車供應鏈,446,109,337,元大證券,2023-12-07,9800
00885,富邦越南,1622,1287,335,元大證券,2023-12-07,9800
00894,中信小資高價30,388,55,333,元大證券,2023-12-07,9800
1609,大亞,2228,1920,308,元大證券,2023-12-07,9800
2449,京元電子,767,459,308,元大證券,2023-12-07,9800
00722B,群益投資級電信債,677,369,308,元大證券,2023-12-07,9800
00877,復華中國5G,369,76,293,元大證券,2023-12-07,9800
00740B,富邦全球投等債,545,257,288,元大證券,2023-12-07,9800
3034,聯詠,331,54,277,元大證券,2023-12-07,9800
00662,富邦NASDAQ,741,471,270,元大證券,2023-12-07,9800
2371,大同,2010,1759,251,元大證券,2023-12-07,9800
00676R,富邦臺灣加權反1,1058,830,228,元大證券,2023-12-07,9800
00881,國泰台灣5G+,1170,943,227,元大證券,2023-12-07,9800
00653L,富邦印度正2,336,111,225,元大證券,2023-12-07,9800
00853B,統一美債10年Aa-,457,239,218,元大證券,2023-12-07,9800
00928,中信上櫃ESG30,251,39,212,元大證券,2023-12-07,9800
5388,中磊,329,119,210,元大證券,2023-12-07,9800
00634R,富邦上証反1,248,61,187,元大證券,2023-12-07,9800
6129,普誠,219,32,187,元大證券,2023-12-07,9800
00908,富邦入息REITs+,186,0,186,元大證券,2023-12-07,9800
8034,榮群,1734,1549,185,元大證券,2023-12-07,9800
1612,宏泰,372,189,183,元大證券,2023-12-07,9800
2337,旺宏,250,71,179,元大證券,2023-12-07,9800
2301,光寶科,387,217,170,元大證券,2023-12-07,9800
00680L,元大美債20正2,16084,1670,14414,元大證券,2023-12-08,9800
00673R,期元大S＆P原油反1,11040,60,10980,元大證券,2023-12-08,9800
00632R,元大台灣50反1,38659,28498,10161,元大證券,2023-12-08,9800
00929,復華台灣科技優息,6792,2602,4190,元大證券,2023-12-08,9800
0056,元大高股息,6086,2041,4045,元大證券,2023-12-08,9800
00900,富邦特選高股息30,6360,2789,3571,元大證券,2023-12-08,9800
00931B,統一美債20年,5913,3428,2485,元大證券,2023-12-08,9800
00830,國泰費城半導體,2776,382,2394,元大證券,2023-12-08,9800
00676R,富邦臺灣加權反1,2658,1063,1595,元大證券,2023-12-08,9800
00923,群益台ESG低碳50,2643,1269,1374,元大證券,2023-12-08,9800
00933B,國泰10Y+金融債,4875,3506,1369,元大證券,2023-12-08,9800
00891,中信關鍵半導體,2543,1250,1293,元大證券,2023-12-08,9800
00878,國泰永續高股息,6472,5199,1273,元大證券,2023-12-08,9800
2618,長榮航,5209,3962,1247,元大證券,2023-12-08,9800
00892,富邦台灣半導體,1911,777,1134,元大證券,2023-12-08,9800
00881,國泰台灣5G+,1793,745,1048,元大證券,2023-12-08,9800
00696B,富邦美債20年,1755,741,1014,元大證券,2023-12-08,9800
00706L,期元大S＆P日圓正2,6481,5576,905,元大證券,2023-12-08,9800
00885,富邦越南,1686,783,903,元大證券,2023-12-08,9800
00894,中信小資高價30,893,0,893,元大證券,2023-12-08,9800
00725B,國泰投資級公司債,1537,667,870,元大證券,2023-12-08,9800
00895,富邦未來車,938,200,738,元大證券,2023-12-08,9800
00904,新光臺灣半導體30,698,28,670,元大證券,2023-12-08,9800
00761B,國泰A級公司債,757,100,657,元大證券,2023-12-08,9800
3515,華擎,787,135,652,元大證券,2023-12-08,9800
00713,元大台灣高息低波,961,316,645,元大證券,2023-12-08,9800
00662,富邦NASDAQ,1057,452,605,元大證券,2023-12-08,9800
8112,至上,1625,1061,564,元大證券,2023-12-08,9800
2376,技嘉,2064,1507,557,元大證券,2023-12-08,9800
00850,元大臺灣ESG永續,673,116,557,元大證券,2023-12-08,9800
2603,長榮,826,271,555,元大證券,2023-12-08,9800
2883,凱基金,1338,816,522,元大證券,2023-12-08,9800
00764B,群益25年美債,1437,918,519,元大證券,2023-12-08,9800
00853B,統一美債10年Aa-,532,13,519,元大證券,2023-12-08,9800
00888,永豐台灣ESG,838,327,511,元大證券,2023-12-08,9800
00634R,富邦上証反1,903,403,500,元大證券,2023-12-08,9800
1102,亞泥,633,155,478,元大證券,2023-12-08,9800
00641R,富邦日本反1,703,260,443,元大證券,2023-12-08,9800
00772B,中信高評級公司債,2523,2097,426,元大證券,2023-12-08,9800
00675L,富邦臺灣加權正2,552,149,403,元大證券,2023-12-08,9800
00773B,中信優先金融債,1261,869,392,元大證券,2023-12-08,9800
00635U,期元大S＆P黃金,397,6,391,元大證券,2023-12-08,9800
00927,群益半導體收益,500,119,381,元大證券,2023-12-08,9800
3260,威剛,864,491,373,元大證券,2023-12-08,9800
8096,擎亞,708,341,367,元大證券,2023-12-08,9800
00901,永豐智能車供應鏈,384,19,365,元大證券,2023-12-08,9800
5351,鈺創,1722,1369,353,元大證券,2023-12-08,9800
00877,復華中國5G,500,160,340,元大證券,2023-12-08,9800
3711,日月光投控,783,444,339,元大證券,2023-12-08,9800
00692,富邦公司治理,701,364,337,元大證券,2023-12-08,9800
00900,富邦特選高股息30,4774,793,3981,元大證券,2023-12-11,9800
00680L,元大美債20正2,5871,1982,3889,元大證券,2023-12-11,9800
00665L,富邦�琤肭磪囓�2,16744,13178,3566,元大證券,2023-12-11,9800
00673R,期元大S＆P原油反1,4431,954,3477,元大證券,2023-12-11,9800
00679B,元大美債20年,6816,4482,2334,元大證券,2023-12-11,9800
00892,富邦台灣半導體,2127,421,1706,元大證券,2023-12-11,9800
00891,中信關鍵半導體,2048,377,1671,元大證券,2023-12-11,9800
2883,凱基金,1984,382,1602,元大證券,2023-12-11,9800
00662,富邦NASDAQ,1597,69,1528,元大證券,2023-12-11,9800
00893,國泰智能電動車,1424,21,1403,元大證券,2023-12-11,9800
0056,元大高股息,3344,2062,1282,元大證券,2023-12-11,9800
00830,國泰費城半導體,2947,1672,1275,元大證券,2023-12-11,9800
6285,啟��,2552,1372,1180,元大證券,2023-12-11,9800
00881,國泰台灣5G+,1736,710,1026,元大證券,2023-12-11,9800
2603,長榮,1920,968,952,元大證券,2023-12-11,9800
00894,中信小資高價30,831,0,831,元大證券,2023-12-11,9800
00877,復華中國5G,841,90,751,元大證券,2023-12-11,9800
00640L,富邦日本正2,753,3,750,元大證券,2023-12-11,9800
2317,鴻海,949,200,749,元大證券,2023-12-11,9800
00674R,期元大S＆P黃金反1,771,39,732,元大證券,2023-12-11,9800
2313,華通,1425,800,625,元大證券,2023-12-11,9800
00715L,期街口布蘭特正2,4497,3889,608,元大證券,2023-12-11,9800
2324,仁寶,1418,830,588,元大證券,2023-12-11,9800
2412,中華電,1024,506,518,元大證券,2023-12-11,9800
5351,鈺創,2697,2197,500,元大證券,2023-12-11,9800
00670L,富邦NASDAQ正2,552,61,491,元大證券,2023-12-11,9800
1102,亞泥,524,39,485,元大證券,2023-12-11,9800
00852L,國泰美國道瓊正2,483,0,483,元大證券,2023-12-11,9800
3005,神基,714,239,475,元大證券,2023-12-11,9800
00907,永豐優息存股,722,253,469,元大證券,2023-12-11,9800
8112,至上,2354,1889,465,元大證券,2023-12-11,9800
5521,工信,1985,1527,458,元大證券,2023-12-11,9800
6189,豐藝,446,11,435,元大證券,2023-12-11,9800
6257,矽格,472,40,432,元大證券,2023-12-11,9800
00921,兆豐龍頭等權重,678,268,410,元大證券,2023-12-11,9800
1524,耿鼎,4501,4099,402,元大證券,2023-12-11,9800
6290,良維,534,140,394,元大證券,2023-12-11,9800
00898,國泰基因免疫革命,395,3,392,元大證券,2023-12-11,9800
00932,兆豐永續高息等權,678,310,368,元大證券,2023-12-11,9800
2605,新興,1514,1159,355,元大證券,2023-12-11,9800
00669R,國泰美國道瓊反1,567,219,348,元大證券,2023-12-11,9800
2371,大同,1378,1030,348,元大證券,2023-12-11,9800
00923,群益台ESG低碳50,993,655,338,元大證券,2023-12-11,9800
2892,第一金,373,37,336,元大證券,2023-12-11,9800
00936,台新永續高息中小,1725,1394,331,元大證券,2023-12-11,9800
8426,紅木-KY,326,0,326,元大證券,2023-12-11,9800
00895,富邦未來車,346,23,323,元大證券,2023-12-11,9800
2368,金像電,825,511,314,元大證券,2023-12-11,9800
8150,南茂,380,75,305,元大證券,2023-12-11,9800
2303,聯電,930,627,303,元大證券,2023-12-11,9800
0056,元大高股息,11021,2058,8963,元大證券,2023-12-12,9800
00900,富邦特選高股息30,7719,426,7293,元大證券,2023-12-12,9800
00671R,富邦NASDAQ反1,4490,193,4297,元大證券,2023-12-12,9800
00878,國泰永續高股息,6709,3801,2908,元大證券,2023-12-12,9800
00891,中信關鍵半導體,3018,186,2832,元大證券,2023-12-12,9800
00881,國泰台灣5G+,3208,447,2761,元大證券,2023-12-12,9800
2890,永豐金,4061,1432,2629,元大證券,2023-12-12,9800
00632R,元大台灣50反1,21616,19079,2537,元大證券,2023-12-12,9800
00679B,元大美債20年,7260,4842,2418,元大證券,2023-12-12,9800
00772B,中信高評級公司債,3391,1345,2046,元大證券,2023-12-12,9800
00893,國泰智能電動車,2222,302,1920,元大證券,2023-12-12,9800
2303,聯電,3650,1953,1697,元大證券,2023-12-12,9800
0050,元大台灣50,1530,171,1359,元大證券,2023-12-12,9800
2618,長榮航,2466,1128,1338,元大證券,2023-12-12,9800
2313,華通,3102,1851,1251,元大證券,2023-12-12,9800
00915,凱基優選高股息30,1914,721,1193,元大證券,2023-12-12,9800
00650L,復華香港正2,4677,3553,1124,元大證券,2023-12-12,9800
00713,元大台灣高息低波,1533,422,1111,元大證券,2023-12-12,9800
00757,統一FANG+,1101,0,1101,元大證券,2023-12-12,9800
00932,兆豐永續高息等權,1039,57,982,元大證券,2023-12-12,9800
00888,永豐台灣ESG,1157,274,883,元大證券,2023-12-12,9800
00892,富邦台灣半導體,933,56,877,元大證券,2023-12-12,9800
3044,健鼎,1130,392,738,元大證券,2023-12-12,9800
2317,鴻海,1314,657,657,元大證券,2023-12-12,9800
00894,中信小資高價30,627,1,626,元大證券,2023-12-12,9800
00877,復華中國5G,570,0,570,元大證券,2023-12-12,9800
6182,合晶,926,395,531,元大證券,2023-12-12,9800
00901,永豐智能車供應鏈,526,2,524,元大證券,2023-12-12,9800
2105,正新,665,145,520,元大證券,2023-12-12,9800
3034,聯詠,690,171,519,元大證券,2023-12-12,9800
00830,國泰費城半導體,3062,2545,517,元大證券,2023-12-12,9800
2883,凱基金,856,351,505,元大證券,2023-12-12,9800
00692,富邦公司治理,587,104,483,元大證券,2023-12-12,9800
00761B,國泰A級公司債,511,42,469,元大證券,2023-12-12,9800
00740B,富邦全球投等債,458,6,452,元大證券,2023-12-12,9800
00904,新光臺灣半導體30,443,1,442,元大證券,2023-12-12,9800
3481,群創,2764,2328,436,元大證券,2023-12-12,9800
00898,國泰基因免疫革命,426,0,426,元大證券,2023-12-12,9800
00670L,富邦NASDAQ正2,569,144,425,元大證券,2023-12-12,9800
00924,復華S＆P500成長,425,0,425,元大證券,2023-12-12,9800
020027,元大上櫃ESG成長N,531,149,382,元大證券,2023-12-12,9800
00907,永豐優息存股,933,562,371,元大證券,2023-12-12,9800
6257,矽格,391,23,368,元大證券,2023-12-12,9800
00640L,富邦日本正2,479,136,343,元大證券,2023-12-12,9800
2892,第一金,348,9,339,元大證券,2023-12-12,9800
2337,旺宏,517,180,337,元大證券,2023-12-12,9800
00701,國泰股利精選30,335,0,335,元大證券,2023-12-12,9800
8150,南茂,371,42,329,元大證券,2023-12-12,9800
1102,亞泥,716,392,324,元大證券,2023-12-12,9800
5009,榮剛,477,154,323,元大證券,2023-12-12,9800
00673R,期元大S＆P原油反1,38596,493,38103,元大證券,2023-12-13,9800
0056,元大高股息,35619,1885,33734,元大證券,2023-12-13,9800
00878,國泰永續高股息,12007,4147,7860,元大證券,2023-12-13,9800
00632R,元大台灣50反1,13921,6924,6997,元大證券,2023-12-13,9800
00679B,元大美債20年,8077,2321,5756,元大證券,2023-12-13,9800
00900,富邦特選高股息30,5763,1010,4753,元大證券,2023-12-13,9800
00680L,元大美債20正2,5073,1155,3918,元大證券,2023-12-13,9800
00881,國泰台灣5G+,3965,798,3167,元大證券,2023-12-13,9800
2356,英業達,2768,474,2294,元大證券,2023-12-13,9800
00688L,國泰20年美債正2,3176,911,2265,元大證券,2023-12-13,9800
00893,國泰智能電動車,2125,3,2122,元大證券,2023-12-13,9800
00674R,期元大S＆P黃金反1,1529,0,1529,元大證券,2023-12-13,9800
00891,中信關鍵半導體,2185,681,1504,元大證券,2023-12-13,9800
2313,華通,3894,2526,1368,元大證券,2023-12-13,9800
00706L,期元大S＆P日圓正2,2834,1606,1228,元大證券,2023-12-13,9800
00894,中信小資高價30,1034,52,982,元大證券,2023-12-13,9800
00901,永豐智能車供應鏈,926,0,926,元大證券,2023-12-13,9800
9105,泰金寶-DR,4111,3268,843,元大證券,2023-12-13,9800
2105,正新,1030,222,808,元大證券,2023-12-13,9800
00772B,中信高評級公司債,1487,736,751,元大證券,2023-12-13,9800
2605,新興,1534,828,706,元大證券,2023-12-13,9800
00927,群益半導體收益,901,244,657,元大證券,2023-12-13,9800
00664R,國泰臺灣加權反1,1123,466,657,元大證券,2023-12-13,9800
00662,富邦NASDAQ,696,40,656,元大證券,2023-12-13,9800
00877,復華中國5G,639,0,639,元大證券,2023-12-13,9800
00892,富邦台灣半導體,1104,487,617,元大證券,2023-12-13,9800
3390,旭軟,922,328,594,元大證券,2023-12-13,9800
00757,統一FANG+,595,1,594,元大證券,2023-12-13,9800
5521,工信,5200,4635,565,元大證券,2023-12-13,9800
00670L,富邦NASDAQ正2,644,97,547,元大證券,2023-12-13,9800
8112,至上,2249,1710,539,元大證券,2023-12-13,9800
2365,昆盈,1116,640,476,元大證券,2023-12-13,9800
00764B,群益25年美債,832,359,473,元大證券,2023-12-13,9800
00885,富邦越南,718,245,473,元大證券,2023-12-13,9800
00713,元大台灣高息低波,1274,822,452,元大證券,2023-12-13,9800
00930,永豐ESG低碳高息,738,296,442,元大證券,2023-12-13,9800
00905,FT臺灣Smart,670,246,424,元大證券,2023-12-13,9800
3019,亞光,758,339,419,元大證券,2023-12-13,9800
00701,國泰股利精選30,421,3,418,元大證券,2023-12-13,9800
3264,欣銓,1232,845,387,元大證券,2023-12-13,9800
020038,元大ESG配息N,425,56,369,元大證券,2023-12-13,9800
00904,新光臺灣半導體30,411,60,351,元大證券,2023-12-13,9800
4904,遠傳,363,28,335,元大證券,2023-12-13,9800
00920,富邦ESG綠色電力,323,0,323,元大證券,2023-12-13,9800
2363,矽統,910,587,323,元大證券,2023-12-13,9800
2337,旺宏,375,74,301,元大證券,2023-12-13,9800
01004T,土銀富邦R2,300,0,300,元大證券,2023-12-13,9800
00928,中信上櫃ESG30,299,0,299,元大證券,2023-12-13,9800
00912,中信臺灣智慧50,325,28,297,元大證券,2023-12-13,9800
00683L,期元大美元指正2,293,7,286,元大證券,2023-12-13,9800
0056,元大高股息,26978,1669,25309,元大證券,2023-12-14,9800
00632R,元大台灣50反1,38447,15957,22490,元大證券,2023-12-14,9800
00878,國泰永續高股息,14193,3307,10886,元大證券,2023-12-14,9800
00900,富邦特選高股息30,9510,1306,8204,元大證券,2023-12-14,9800
00706L,期元大S＆P日圓正2,10935,4177,6758,元大證券,2023-12-14,9800
00671R,富邦NASDAQ反1,5385,579,4806,元大證券,2023-12-14,9800
2363,矽統,11411,6723,4688,元大證券,2023-12-14,9800
2356,英業達,4277,913,3364,元大證券,2023-12-14,9800
00673R,期元大S＆P原油反1,3448,504,2944,元大證券,2023-12-14,9800
00929,復華台灣科技優息,20260,17829,2431,元大證券,2023-12-14,9800
00712,復華富時不動產,8274,5871,2403,元大證券,2023-12-14,9800
00715L,期街口布蘭特正2,6167,3854,2313,元大證券,2023-12-14,9800
2882,國泰金,2210,301,1909,元大證券,2023-12-14,9800
00888,永豐台灣ESG,2408,650,1758,元大證券,2023-12-14,9800
2881,富邦金,2387,733,1654,元大證券,2023-12-14,9800
2892,第一金,1909,295,1614,元大證券,2023-12-14,9800
2313,華通,6788,5416,1372,元大證券,2023-12-14,9800
00664R,國泰臺灣加權反1,3504,2156,1348,元大證券,2023-12-14,9800
00676R,富邦臺灣加權反1,2838,1571,1267,元大證券,2023-12-14,9800
00901,永豐智能車供應鏈,1323,95,1228,元大證券,2023-12-14,9800
00881,國泰台灣5G+,4184,3015,1169,元大證券,2023-12-14,9800
00896,中信綠能及電動車,1495,369,1126,元大證券,2023-12-14,9800
00669R,國泰美國道瓊反1,3439,2316,1123,元大證券,2023-12-14,9800
00674R,期元大S＆P黃金反1,1223,199,1024,元大證券,2023-12-14,9800
00891,中信關鍵半導體,2995,2014,981,元大證券,2023-12-14,9800
3481,群創,2210,1240,970,元大證券,2023-12-14,9800
00923,群益台ESG低碳50,2668,1704,964,元大證券,2023-12-14,9800
00903,富邦元宇宙,1055,91,964,元大證券,2023-12-14,9800
00638R,元大滬深300反1,981,31,950,元大證券,2023-12-14,9800
2409,友達,2287,1360,927,元大證券,2023-12-14,9800
00907,永豐優息存股,1143,239,904,元大證券,2023-12-14,9800
00701,國泰股利精選30,1155,254,901,元大證券,2023-12-14,9800
00932,兆豐永續高息等權,1766,881,885,元大證券,2023-12-14,9800
006208,富邦台50,1277,411,866,元大證券,2023-12-14,9800
00904,新光臺灣半導體30,1079,215,864,元大證券,2023-12-14,9800
00850,元大臺灣ESG永續,1014,178,836,元大證券,2023-12-14,9800
2885,元大金,2087,1263,824,元大證券,2023-12-14,9800
00928,中信上櫃ESG30,923,184,739,元大證券,2023-12-14,9800
5425,台半,1238,519,719,元大證券,2023-12-14,9800
00708L,期元大S＆P黃金正2,1287,621,666,元大證券,2023-12-14,9800
6257,矽格,1359,698,661,元大證券,2023-12-14,9800
00692,富邦公司治理,995,367,628,元大證券,2023-12-14,9800
00738U,期元大道瓊白銀,602,0,602,元大證券,2023-12-14,9800
2105,正新,711,114,597,元大證券,2023-12-14,9800
00641R,富邦日本反1,765,168,597,元大證券,2023-12-14,9800
2603,長榮,1774,1206,568,元大證券,2023-12-14,9800
8069,元太,757,197,560,元大證券,2023-12-14,9800
2618,長榮航,1633,1108,525,元大證券,2023-12-14,9800
6239,力成,1650,1129,521,元大證券,2023-12-14,9800
00666R,富邦�琤肭磪齯�1,545,53,492,元大證券,2023-12-14,9800
00715L,期街口布蘭特正2,15345,372,14973,元大證券,2023-12-15,9800
00679B,元大美債20年,27041,14587,12454,元大證券,2023-12-15,9800
00680L,元大美債20正2,29785,21146,8639,元大證券,2023-12-15,9800
00650L,復華香港正2,11204,4416,6788,元大證券,2023-12-15,9800
00665L,富邦�琤肭磪囓�2,14404,7779,6625,元大證券,2023-12-15,9800
00881,國泰台灣5G+,4638,305,4333,元大證券,2023-12-15,9800
9917,中保科,4362,59,4303,元大證券,2023-12-15,9800
00642U,期元大S＆P石油,4574,285,4289,元大證券,2023-12-15,9800
6285,啟��,4871,654,4217,元大證券,2023-12-15,9800
00900,富邦特選高股息30,4767,1474,3293,元大證券,2023-12-15,9800
4915,致伸,3248,215,3033,元大證券,2023-12-15,9800
0056,元大高股息,4660,1845,2815,元大證券,2023-12-15,9800
2027,大成鋼,4355,1958,2397,元大證券,2023-12-15,9800
00712,復華富時不動產,6834,4448,2386,元大證券,2023-12-15,9800
2330,台積電,3131,768,2363,元大證券,2023-12-15,9800
00664R,國泰臺灣加權反1,3550,1385,2165,元大證券,2023-12-15,9800
00893,國泰智能電動車,1903,52,1851,元大證券,2023-12-15,9800
00888,永豐台灣ESG,2302,643,1659,元大證券,2023-12-15,9800
00907,永豐優息存股,2019,491,1528,元大證券,2023-12-15,9800
4904,遠傳,1465,40,1425,元大證券,2023-12-15,9800
2379,瑞昱,1473,87,1386,元大證券,2023-12-15,9800
00894,中信小資高價30,1252,66,1186,元大證券,2023-12-15,9800
1216,統一,1325,198,1127,元大證券,2023-12-15,9800
2353,宏��,1437,392,1045,元大證券,2023-12-15,9800
2371,大同,1581,543,1038,元大證券,2023-12-15,9800
2303,聯電,2067,1045,1022,元大證券,2023-12-15,9800
00901,永豐智能車供應鏈,1054,40,1014,元大證券,2023-12-15,9800
00892,富邦台灣半導體,1490,494,996,元大證券,2023-12-15,9800
00921,兆豐龍頭等權重,1098,145,953,元大證券,2023-12-15,9800
2014,中鴻,3888,2936,952,元大證券,2023-12-15,9800
00692,富邦公司治理,1025,105,920,元大證券,2023-12-15,9800
00903,富邦元宇宙,806,0,806,元大證券,2023-12-15,9800
00772B,中信高評級公司債,2820,2175,645,元大證券,2023-12-15,9800
00690,兆豐藍籌30,616,1,615,元大證券,2023-12-15,9800
00923,群益台ESG低碳50,1260,650,610,元大證券,2023-12-15,9800
00935,野村臺灣新科技50,1329,726,603,元大證券,2023-12-15,9800
6182,合晶,1352,759,593,元大證券,2023-12-15,9800
00701,國泰股利精選30,558,0,558,元大證券,2023-12-15,9800
1301,台塑,793,237,556,元大證券,2023-12-15,9800
8069,元太,710,170,540,元大證券,2023-12-15,9800
00646,元大S＆P500,875,340,535,元大證券,2023-12-15,9800
00728,第一金工業30,623,100,523,元大證券,2023-12-15,9800
00645,富邦日本,681,161,520,元大證券,2023-12-15,9800
2344,華邦電,3918,3403,515,元大證券,2023-12-15,9800
00643,群益深証中小,916,435,481,元大證券,2023-12-15,9800
5871,中租-KY,782,313,469,元大證券,2023-12-15,9800
00738U,期元大道瓊白銀,448,0,448,元大證券,2023-12-15,9800
00904,新光臺灣半導體30,746,307,439,元大證券,2023-12-15,9800
00639,富邦深100,789,362,427,元大證券,2023-12-15,9800
00905,FT臺灣Smart,725,303,422,元大證券,2023-12-15,9800
1102,亞泥,9222,152,9070,元大證券,2023-12-18,9800
00715L,期街口布蘭特正2,8988,1036,7952,元大證券,2023-12-18,9800
00679B,元大美債20年,23854,15943,7911,元大證券,2023-12-18,9800
00632R,元大台灣50反1,44366,37401,6965,元大證券,2023-12-18,9800
3005,神基,7351,556,6795,元大證券,2023-12-18,9800
2317,鴻海,7079,340,6739,元大證券,2023-12-18,9800
2891,中信金,5558,428,5130,元大證券,2023-12-18,9800
2303,聯電,6239,1386,4853,元大證券,2023-12-18,9800
6285,啟��,4572,798,3774,元大證券,2023-12-18,9800
00637L,元大滬深300正2,17999,14675,3324,元大證券,2023-12-18,9800
2027,大成鋼,3112,853,2259,元大證券,2023-12-18,9800
2353,宏��,4378,2438,1940,元大證券,2023-12-18,9800
2330,台積電,2603,708,1895,元大證券,2023-12-18,9800
0056,元大高股息,3237,1521,1716,元大證券,2023-12-18,9800
2885,元大金,2864,1382,1482,元大證券,2023-12-18,9800
1303,南亞,1469,188,1281,元大證券,2023-12-18,9800
00926,凱基全球菁英55,1372,305,1067,元大證券,2023-12-18,9800
0050,元大台灣50,1952,928,1024,元大證券,2023-12-18,9800
2883,凱基金,1420,450,970,元大證券,2023-12-18,9800
00900,富邦特選高股息30,3166,2237,929,元大證券,2023-12-18,9800
00674R,期元大S＆P黃金反1,903,0,903,元大證券,2023-12-18,9800
2385,群光,966,121,845,元大證券,2023-12-18,9800
2609,陽明,8046,7382,664,元大證券,2023-12-18,9800
00893,國泰智能電動車,646,1,645,元大證券,2023-12-18,9800
2881,富邦金,789,156,633,元大證券,2023-12-18,9800
5876,上海商銀,709,81,628,元大證券,2023-12-18,9800
2886,兆豐金,3382,2771,611,元大證券,2023-12-18,9800
00895,富邦未來車,614,3,611,元大證券,2023-12-18,9800
3044,健鼎,999,471,528,元大證券,2023-12-18,9800
00642U,期元大S＆P石油,689,227,462,元大證券,2023-12-18,9800
6257,矽格,630,175,455,元大證券,2023-12-18,9800
2425,承啟,1504,1096,408,元大證券,2023-12-18,9800
2007,燁興,467,89,378,元大證券,2023-12-18,9800
2344,華邦電,2706,2337,369,元大證券,2023-12-18,9800
3035,智原,1146,791,355,元大證券,2023-12-18,9800
00922,國泰台灣領袖50,658,333,325,元大證券,2023-12-18,9800
8046,南電,383,60,323,元大證券,2023-12-18,9800
2605,新興,1830,1509,321,元大證券,2023-12-18,9800
00908,富邦入息REITs+,307,1,306,元大證券,2023-12-18,9800
2903,遠百,356,51,305,元大證券,2023-12-18,9800
00905,FT臺灣Smart,425,132,293,元大證券,2023-12-18,9800
00645,富邦日本,410,136,274,元大證券,2023-12-18,9800
1301,台塑,364,93,271,元大證券,2023-12-18,9800
6239,力成,623,353,270,元大證券,2023-12-18,9800
2884,玉山金,436,166,270,元大證券,2023-12-18,9800
00850,元大臺灣ESG永續,464,197,267,元大證券,2023-12-18,9800
2379,瑞昱,372,114,258,元大證券,2023-12-18,9800
00633L,富邦上証正2,2309,2053,256,元大證券,2023-12-18,9800
006207,復華滬深,275,48,227,元大證券,2023-12-18,9800
5483,中美晶,733,509,224,元大證券,2023-12-18,9800
1605,華新,27448,957,26491,元大證券,2023-12-19,9800
00679B,元大美債20年,19597,11832,7765,元大證券,2023-12-19,9800
00715L,期街口布蘭特正2,8632,1171,7461,元大證券,2023-12-19,9800
00673R,期元大S＆P原油反1,8941,2880,6061,元大證券,2023-12-19,9800
2317,鴻海,7200,1153,6047,元大證券,2023-12-19,9800
00637L,元大滬深300正2,9712,3842,5870,元大證券,2023-12-19,9800
3005,神基,6142,577,5565,元大證券,2023-12-19,9800
00688L,國泰20年美債正2,7604,2141,5463,元大證券,2023-12-19,9800
2303,聯電,5558,1474,4084,元大證券,2023-12-19,9800
00900,富邦特選高股息30,5450,1402,4048,元大證券,2023-12-19,9800
00891,中信關鍵半導體,4208,600,3608,元大證券,2023-12-19,9800
00706L,期元大S＆P日圓正2,8295,4749,3546,元大證券,2023-12-19,9800
2014,中鴻,7894,4704,3190,元大證券,2023-12-19,9800
00665L,富邦�琤肭磪囓�2,10636,7465,3171,元大證券,2023-12-19,9800
6285,啟��,4852,1783,3069,元大證券,2023-12-19,9800
00923,群益台ESG低碳50,3317,355,2962,元大證券,2023-12-19,9800
0056,元大高股息,2946,175,2771,元大證券,2023-12-19,9800
00936,台新永續高息中小,4501,2116,2385,元大證券,2023-12-19,9800
00720B,元大投資級公司債,6304,4041,2263,元大證券,2023-12-19,9800
2211,長榮鋼,2563,466,2097,元大證券,2023-12-19,9800
2845,遠東銀,2275,226,2049,元大證券,2023-12-19,9800
00712,復華富時不動產,4774,2803,1971,元大證券,2023-12-19,9800
6239,力成,3120,1164,1956,元大證券,2023-12-19,9800
2027,大成鋼,2508,672,1836,元大證券,2023-12-19,9800
2356,英業達,4917,3161,1756,元大證券,2023-12-19,9800
00881,國泰台灣5G+,2562,821,1741,元大證券,2023-12-19,9800
00857B,永豐20年美公債,2138,460,1678,元大證券,2023-12-19,9800
2903,遠百,1789,112,1677,元大證券,2023-12-19,9800
00676R,富邦臺灣加權反1,1742,143,1599,元大證券,2023-12-19,9800
00931B,統一美債20年,7161,5577,1584,元大證券,2023-12-19,9800
00725B,國泰投資級公司債,1848,342,1506,元大證券,2023-12-19,9800
00687B,國泰20年美債,14935,13497,1438,元大證券,2023-12-19,9800
00639,富邦深100,1417,156,1261,元大證券,2023-12-19,9800
00772B,中信高評級公司債,2981,1721,1260,元大證券,2023-12-19,9800
2504,國產,1237,41,1196,元大證券,2023-12-19,9800
2353,宏��,5024,3846,1178,元大證券,2023-12-19,9800
00671R,富邦NASDAQ反1,4127,3150,977,元大證券,2023-12-19,9800
00764B,群益25年美債,1269,298,971,元大證券,2023-12-19,9800
00773B,中信優先金融債,1025,112,913,元大證券,2023-12-19,9800
2603,長榮,4320,3478,842,元大證券,2023-12-19,9800
00751B,元大AAA至A公司債,3771,2939,832,元大證券,2023-12-19,9800
00895,富邦未來車,828,2,826,元大證券,2023-12-19,9800
00907,永豐優息存股,1519,815,704,元大證券,2023-12-19,9800
00670L,富邦NASDAQ正2,873,197,676,元大證券,2023-12-19,9800
3036,文曄,876,202,674,元大證券,2023-12-19,9800
00903,富邦元宇宙,641,0,641,元大證券,2023-12-19,9800
00669R,國泰美國道瓊反1,996,375,621,元大證券,2023-12-19,9800
00932,兆豐永續高息等權,907,305,602,元大證券,2023-12-19,9800
00722B,群益投資級電信債,924,340,584,元大證券,2023-12-19,9800
00930,永豐ESG低碳高息,686,113,573,元大證券,2023-12-19,9800
1605,華新,27095,424,26671,元大證券,2023-12-20,9800
00679B,元大美債20年,24238,10256,13982,元大證券,2023-12-20,9800
00878,國泰永續高股息,15159,2206,12953,元大證券,2023-12-20,9800
00715L,期街口布蘭特正2,11047,1900,9147,元大證券,2023-12-20,9800
00881,國泰台灣5G+,9344,1014,8330,元大證券,2023-12-20,9800
0056,元大高股息,8250,1525,6725,元大證券,2023-12-20,9800
3005,神基,6922,522,6400,元大證券,2023-12-20,9800
2891,中信金,9150,3705,5445,元大證券,2023-12-20,9800
2317,鴻海,4286,555,3731,元大證券,2023-12-20,9800
6285,啟��,4506,789,3717,元大證券,2023-12-20,9800
00712,復華富時不動產,3766,322,3444,元大證券,2023-12-20,9800
00900,富邦特選高股息30,4284,971,3313,元大證券,2023-12-20,9800
00706L,期元大S＆P日圓正2,4944,2034,2910,元大證券,2023-12-20,9800
0050,元大台灣50,3270,772,2498,元大證券,2023-12-20,9800
2609,陽明,5716,3292,2424,元大證券,2023-12-20,9800
00934,中信成長高股息,5776,3429,2347,元大證券,2023-12-20,9800
00642U,期元大S＆P石油,2583,319,2264,元大證券,2023-12-20,9800
6176,瑞儀,2272,343,1929,元大證券,2023-12-20,9800
006205,富邦上証,2144,293,1851,元大證券,2023-12-20,9800
2409,友達,2551,995,1556,元大證券,2023-12-20,9800
2353,宏��,8479,6975,1504,元大證券,2023-12-20,9800
00687B,國泰20年美債,11962,10628,1334,元大證券,2023-12-20,9800
00918,大華優利高填息30,3179,1889,1290,元大證券,2023-12-20,9800
00772B,中信高評級公司債,2142,902,1240,元大證券,2023-12-20,9800
2883,凱基金,1192,74,1118,元大證券,2023-12-20,9800
00921,兆豐龍頭等權重,1513,405,1108,元大證券,2023-12-20,9800
00923,群益台ESG低碳50,1097,99,998,元大證券,2023-12-20,9800
00907,永豐優息存股,1249,269,980,元大證券,2023-12-20,9800
00935,野村臺灣新科技50,1453,542,911,元大證券,2023-12-20,9800
2603,長榮,2503,1598,905,元大證券,2023-12-20,9800
00915,凱基優選高股息30,2315,1427,888,元大證券,2023-12-20,9800
00713,元大台灣高息低波,1521,637,884,元大證券,2023-12-20,9800
5521,工信,2602,1719,883,元大證券,2023-12-20,9800
00675L,富邦臺灣加權正2,1090,207,883,元大證券,2023-12-20,9800
00664R,國泰臺灣加權反1,1174,304,870,元大證券,2023-12-20,9800
00888,永豐台灣ESG,1035,188,847,元大證券,2023-12-20,9800
6257,矽格,851,63,788,元大證券,2023-12-20,9800
2884,玉山金,973,199,774,元大證券,2023-12-20,9800
2888,新光金,829,99,730,元大證券,2023-12-20,9800
00930,永豐ESG低碳高息,740,56,684,元大證券,2023-12-20,9800
2363,矽統,1082,408,674,元大證券,2023-12-20,9800
2303,聯電,2644,1973,671,元大證券,2023-12-20,9800
6139,亞翔,792,128,664,元大證券,2023-12-20,9800
00901,永豐智能車供應鏈,660,3,657,元大證券,2023-12-20,9800
00692,富邦公司治理,787,147,640,元大證券,2023-12-20,9800
2002,中鋼,1533,900,633,元大證券,2023-12-20,9800
00885,富邦越南,1282,649,633,元大證券,2023-12-20,9800
2006,東和鋼鐵,1200,574,626,元大證券,2023-12-20,9800
2887,台新金,716,105,611,元大證券,2023-12-20,9800
00903,富邦元宇宙,587,2,585,元大證券,2023-12-20,9800
00632R,元大台灣50反1,26970,13067,13903,元大證券,2023-12-21,9800
2317,鴻海,7272,306,6966,元大證券,2023-12-21,9800
2609,陽明,21302,14933,6369,元大證券,2023-12-21,9800
00679B,元大美債20年,16577,10221,6356,元大證券,2023-12-21,9800
3005,神基,6176,529,5647,元大證券,2023-12-21,9800
00637L,元大滬深300正2,24722,19134,5588,元大證券,2023-12-21,9800
2891,中信金,6124,1114,5010,元大證券,2023-12-21,9800
00715L,期街口布蘭特正2,5105,605,4500,元大證券,2023-12-21,9800
6285,啟��,4619,273,4346,元大證券,2023-12-21,9800
2885,元大金,3710,131,3579,元大證券,2023-12-21,9800
2303,聯電,7204,3673,3531,元大證券,2023-12-21,9800
00712,復華富時不動產,4806,1305,3501,元大證券,2023-12-21,9800
2886,兆豐金,3470,421,3049,元大證券,2023-12-21,9800
2027,大成鋼,2352,83,2269,元大證券,2023-12-21,9800
00900,富邦特選高股息30,3337,1402,1935,元大證券,2023-12-21,9800
00933B,國泰10Y+金融債,7905,6307,1598,元大證券,2023-12-21,9800
2353,宏��,5870,4278,1592,元大證券,2023-12-21,9800
00639,富邦深100,1911,413,1498,元大證券,2023-12-21,9800
1303,南亞,1394,44,1350,元大證券,2023-12-21,9800
00642U,期元大S＆P石油,1575,277,1298,元大證券,2023-12-21,9800
2603,長榮,5317,4089,1228,元大證券,2023-12-21,9800
006206,元大上證50,1073,4,1069,元大證券,2023-12-21,9800
2371,大同,1178,232,946,元大證券,2023-12-21,9800
00670L,富邦NASDAQ正2,1006,79,927,元大證券,2023-12-21,9800
2408,南亞科,1359,514,845,元大證券,2023-12-21,9800
00753L,中信中國50正2,2050,1306,744,元大證券,2023-12-21,9800
2330,台積電,1372,707,665,元大證券,2023-12-21,9800
00772B,中信高評級公司債,2234,1578,656,元大證券,2023-12-21,9800
00636,國泰中國A50,1598,950,648,元大證券,2023-12-21,9800
2515,中工,13660,13025,635,元大證券,2023-12-21,9800
00633L,富邦上証正2,2332,1772,560,元大證券,2023-12-21,9800
00891,中信關鍵半導體,1634,1103,531,元大證券,2023-12-21,9800
4938,和碩,640,110,530,元大證券,2023-12-21,9800
2883,凱基金,567,44,523,元大證券,2023-12-21,9800
2002,中鋼,658,182,476,元大證券,2023-12-21,9800
2323,中環,1011,577,434,元大證券,2023-12-21,9800
00648R,元大S＆P500反1,786,356,430,元大證券,2023-12-21,9800
1314,中石化,2296,1871,425,元大證券,2023-12-21,9800
00675L,富邦臺灣加權正2,929,509,420,元大證券,2023-12-21,9800
00877,復華中國5G,620,210,410,元大證券,2023-12-21,9800
00701,國泰股利精選30,429,35,394,元大證券,2023-12-21,9800
2634,漢翔,1110,719,391,元大證券,2023-12-21,9800
00928,中信上櫃ESG30,663,275,388,元大證券,2023-12-21,9800
1301,台塑,401,26,375,元大證券,2023-12-21,9800
00932,兆豐永續高息等權,503,128,375,元大證券,2023-12-21,9800
00674R,期元大S＆P黃金反1,401,28,373,元大證券,2023-12-21,9800
2439,美律,394,25,369,元大證券,2023-12-21,9800
00922,國泰台灣領袖50,1161,812,349,元大證券,2023-12-21,9800
2337,旺宏,469,127,342,元大證券,2023-12-21,9800
006205,富邦上証,962,651,311,元大證券,2023-12-21,9800
00715L,期街口布蘭特正2,10662,2841,7821,元大證券,2023-12-22,9800
0056,元大高股息,4907,82,4825,元大證券,2023-12-22,9800
00650L,復華香港正2,12442,9366,3076,元大證券,2023-12-22,9800
2317,鴻海,3634,966,2668,元大證券,2023-12-22,9800
2474,可成,2508,90,2418,元大證券,2023-12-22,9800
00642U,期元大S＆P石油,1981,464,1517,元大證券,2023-12-22,9800
00928,中信上櫃ESG30,1568,124,1444,元大證券,2023-12-22,9800
00669R,國泰美國道瓊反1,1405,0,1405,元大證券,2023-12-22,9800
00900,富邦特選高股息30,2208,805,1403,元大證券,2023-12-22,9800
00637L,元大滬深300正2,22520,21179,1341,元大證券,2023-12-22,9800
2603,長榮,4060,2922,1138,元大證券,2023-12-22,9800
006205,富邦上証,1735,600,1135,元大證券,2023-12-22,9800
00679B,元大美債20年,8399,7286,1113,元大證券,2023-12-22,9800
00708L,期元大S＆P黃金正2,1165,55,1110,元大證券,2023-12-22,9800
00878,國泰永續高股息,4797,3721,1076,元大證券,2023-12-22,9800
00881,國泰台灣5G+,1671,684,987,元大證券,2023-12-22,9800
5876,上海商銀,986,47,939,元大證券,2023-12-22,9800
00891,中信關鍵半導體,1368,535,833,元大證券,2023-12-22,9800
2382,廣達,1755,939,816,元大證券,2023-12-22,9800
1216,統一,826,78,748,元大證券,2023-12-22,9800
00706L,期元大S＆P日圓正2,5473,4736,737,元大證券,2023-12-22,9800
00882,中信中國高股息,3249,2528,721,元大證券,2023-12-22,9800
00885,富邦越南,1035,346,689,元大證券,2023-12-22,9800
2006,東和鋼鐵,745,83,662,元大證券,2023-12-22,9800
00712,復華富時不動產,1075,419,656,元大證券,2023-12-22,9800
00924,復華S＆P500成長,690,56,634,元大證券,2023-12-22,9800
00655L,國泰中國A50正2,1681,1087,594,元大證券,2023-12-22,9800
00903,富邦元宇宙,688,100,588,元大證券,2023-12-22,9800
00701,國泰股利精選30,525,4,521,元大證券,2023-12-22,9800
2408,南亞科,2085,1598,487,元大證券,2023-12-22,9800
00901,永豐智能車供應鏈,435,0,435,元大證券,2023-12-22,9800
4938,和碩,592,168,424,元大證券,2023-12-22,9800
2344,華邦電,4803,4388,415,元大證券,2023-12-22,9800
2105,正新,695,281,414,元大證券,2023-12-22,9800
00893,國泰智能電動車,1297,941,356,元大證券,2023-12-22,9800
2439,美律,380,38,342,元大證券,2023-12-22,9800
2425,承啟,449,109,340,元大證券,2023-12-22,9800
00675L,富邦臺灣加權正2,448,112,336,元大證券,2023-12-22,9800
00902,中信電池及儲能,368,37,331,元大證券,2023-12-22,9800
00648R,元大S＆P500反1,672,349,323,元大證券,2023-12-22,9800
00896,中信綠能及電動車,589,274,315,元大證券,2023-12-22,9800
00888,永豐台灣ESG,885,577,308,元大證券,2023-12-22,9800
2880,華南金,478,181,297,元大證券,2023-12-22,9800
8086,宏捷科,487,190,297,元大證券,2023-12-22,9800
00898,國泰基因免疫革命,287,0,287,元大證券,2023-12-22,9800
00640L,富邦日本正2,630,350,280,元大證券,2023-12-22,9800
2618,長榮航,4088,3811,277,元大證券,2023-12-22,9800
00894,中信小資高價30,325,48,277,元大證券,2023-12-22,9800
3706,神達,404,137,267,元大證券,2023-12-22,9800
2371,大同,352,95,257,元大證券,2023-12-22,9800
00878,國泰永續高股息,7458,2273,5185,元大證券,2023-12-25,9800
0056,元大高股息,4926,183,4743,元大證券,2023-12-25,9800
00881,國泰台灣5G+,3862,1450,2412,元大證券,2023-12-25,9800
00665L,富邦�琤肭磪囓�2,2461,112,2349,元大證券,2023-12-25,9800
00650L,復華香港正2,2303,10,2293,元大證券,2023-12-25,9800
3231,緯創,4100,1830,2270,元大證券,2023-12-25,9800
00882,中信中國高股息,1437,8,1429,元大證券,2023-12-25,9800
00673R,期元大S＆P原油反1,1513,128,1385,元大證券,2023-12-25,9800
00772B,中信高評級公司債,1883,559,1324,元大證券,2023-12-25,9800
00915,凱基優選高股息30,1530,257,1273,元大證券,2023-12-25,9800
8112,至上,1424,184,1240,元大證券,2023-12-25,9800
00893,國泰智能電動車,1224,0,1224,元大證券,2023-12-25,9800
00885,富邦越南,2739,1524,1215,元大證券,2023-12-25,9800
6191,精成科,1041,67,974,元大證券,2023-12-25,9800
2421,建準,2204,1233,971,元大證券,2023-12-25,9800
2303,聯電,3395,2491,904,元大證券,2023-12-25,9800
2002,中鋼,1305,430,875,元大證券,2023-12-25,9800
00901,永豐智能車供應鏈,823,1,822,元大證券,2023-12-25,9800
00895,富邦未來車,761,0,761,元大證券,2023-12-25,9800
2356,英業達,6117,5395,722,元大證券,2023-12-25,9800
00932,兆豐永續高息等權,687,7,680,元大證券,2023-12-25,9800
00725B,國泰投資級公司債,859,196,663,元大證券,2023-12-25,9800
5425,台半,1515,876,639,元大證券,2023-12-25,9800
00712,復華富時不動產,646,12,634,元大證券,2023-12-25,9800
00773B,中信優先金融債,701,76,625,元大證券,2023-12-25,9800
2353,宏��,5860,5252,608,元大證券,2023-12-25,9800
00903,富邦元宇宙,718,131,587,元大證券,2023-12-25,9800
2377,微星,1146,575,571,元大證券,2023-12-25,9800
5876,上海商銀,598,39,559,元大證券,2023-12-25,9800
006205,富邦上証,1025,474,551,元大證券,2023-12-25,9800
00900,富邦特選高股息30,1548,1022,526,元大證券,2023-12-25,9800
2845,遠東銀,517,15,502,元大證券,2023-12-25,9800
00896,中信綠能及電動車,576,136,440,元大證券,2023-12-25,9800
00641R,富邦日本反1,519,84,435,元大證券,2023-12-25,9800
00701,國泰股利精選30,417,4,413,元大證券,2023-12-25,9800
00894,中信小資高價30,399,1,398,元大證券,2023-12-25,9800
00715L,期街口布蘭特正2,1200,818,382,元大證券,2023-12-25,9800
00850,元大臺灣ESG永續,494,182,312,元大證券,2023-12-25,9800
00692,富邦公司治理,339,28,311,元大證券,2023-12-25,9800
00888,永豐台灣ESG,979,676,303,元大證券,2023-12-25,9800
00656R,國泰中國A50反1,300,0,300,元大證券,2023-12-25,9800
00936,台新永續高息中小,1327,1032,295,元大證券,2023-12-25,9800
8086,宏捷科,522,257,265,元大證券,2023-12-25,9800
8069,元太,605,348,257,元大證券,2023-12-25,9800
00722B,群益投資級電信債,347,105,242,元大證券,2023-12-25,9800
00930,永豐ESG低碳高息,444,208,236,元大證券,2023-12-25,9800
00912,中信臺灣智慧50,284,60,224,元大證券,2023-12-25,9800
2903,遠百,238,15,223,元大證券,2023-12-25,9800
00676R,富邦臺灣加權反1,915,693,222,元大證券,2023-12-25,9800
2883,凱基金,262,54,208,元大證券,2023-12-25,9800
0056,元大高股息,16996,61,16935,元大證券,2023-12-26,9800
00878,國泰永續高股息,6371,1568,4803,元大證券,2023-12-26,9800
00715L,期街口布蘭特正2,4997,343,4654,元大證券,2023-12-26,9800
00881,國泰台灣5G+,3985,926,3059,元大證券,2023-12-26,9800
2303,聯電,3703,796,2907,元大證券,2023-12-26,9800
00888,永豐台灣ESG,2795,263,2532,元大證券,2023-12-26,9800
3481,群創,7400,4872,2528,元大證券,2023-12-26,9800
00900,富邦特選高股息30,2918,445,2473,元大證券,2023-12-26,9800
2609,陽明,9700,7230,2470,元大證券,2023-12-26,9800
00882,中信中國高股息,2404,205,2199,元大證券,2023-12-26,9800
00795B,中信美國公債20年,3224,1069,2155,元大證券,2023-12-26,9800
00751B,元大AAA至A公司債,4201,2221,1980,元大證券,2023-12-26,9800
00918,大華優利高填息30,1967,478,1489,元大證券,2023-12-26,9800
8112,至上,1512,26,1486,元大證券,2023-12-26,9800
00725B,國泰投資級公司債,2087,728,1359,元大證券,2023-12-26,9800
00923,群益台ESG低碳50,1330,15,1315,元大證券,2023-12-26,9800
00891,中信關鍵半導體,2050,807,1243,元大證券,2023-12-26,9800
00706L,期元大S＆P日圓正2,1464,350,1114,元大證券,2023-12-26,9800
00901,永豐智能車供應鏈,1058,18,1040,元大證券,2023-12-26,9800
00650L,復華香港正2,973,0,973,元大證券,2023-12-26,9800
6191,精成科,981,20,961,元大證券,2023-12-26,9800
00701,國泰股利精選30,980,71,909,元大證券,2023-12-26,9800
00915,凱基優選高股息30,3078,2169,909,元大證券,2023-12-26,9800
2408,南亞科,1034,135,899,元大證券,2023-12-26,9800
00773B,中信優先金融債,1268,426,842,元大證券,2023-12-26,9800
3231,緯創,1970,1173,797,元大證券,2023-12-26,9800
00932,兆豐永續高息等權,792,1,791,元大證券,2023-12-26,9800
00895,富邦未來車,963,200,763,元大證券,2023-12-26,9800
00671R,富邦NASDAQ反1,711,35,676,元大證券,2023-12-26,9800
00772B,中信高評級公司債,3100,2476,624,元大證券,2023-12-26,9800
00876,元大全球5G,626,3,623,元大證券,2023-12-26,9800
00674R,期元大S＆P黃金反1,833,220,613,元大證券,2023-12-26,9800
00708L,期元大S＆P黃金正2,708,95,613,元大證券,2023-12-26,9800
00892,富邦台灣半導體,834,246,588,元大證券,2023-12-26,9800
00894,中信小資高價30,547,9,538,元大證券,2023-12-26,9800
00921,兆豐龍頭等權重,556,26,530,元大證券,2023-12-26,9800
00857B,永豐20年美公債,1123,634,489,元大證券,2023-12-26,9800
2002,中鋼,570,93,477,元大證券,2023-12-26,9800
00713,元大台灣高息低波,882,428,454,元大證券,2023-12-26,9800
00907,永豐優息存股,746,301,445,元大證券,2023-12-26,9800
00675L,富邦臺灣加權正2,498,58,440,元大證券,2023-12-26,9800
00905,FT臺灣Smart,456,17,439,元大證券,2023-12-26,9800
00927,群益半導體收益,462,25,437,元大證券,2023-12-26,9800
2425,承啟,725,307,418,元大證券,2023-12-26,9800
3211,順達,595,187,408,元大證券,2023-12-26,9800
5371,中光電,467,78,389,元大證券,2023-12-26,9800
00761B,國泰A級公司債,375,1,374,元大證券,2023-12-26,9800
00904,新光臺灣半導體30,353,0,353,元大證券,2023-12-26,9800
00931B,統一美債20年,2623,2293,330,元大證券,2023-12-26,9800
4979,華星光,742,429,313,元大證券,2023-12-26,9800
0056,元大高股息,25262,68,25194,元大證券,2023-12-27,9800
00715L,期街口布蘭特正2,10687,3067,7620,元大證券,2023-12-27,9800
2303,聯電,9446,4439,5007,元大證券,2023-12-27,9800
00931B,統一美債20年,7184,2197,4987,元大證券,2023-12-27,9800
00795B,中信美國公債20年,5708,1426,4282,元大證券,2023-12-27,9800
00878,國泰永續高股息,7843,4000,3843,元大證券,2023-12-27,9800
00881,國泰台灣5G+,4282,1023,3259,元大證券,2023-12-27,9800
00888,永豐台灣ESG,3597,487,3110,元大證券,2023-12-27,9800
00642U,期元大S＆P石油,3316,341,2975,元大證券,2023-12-27,9800
00665L,富邦�琤肭磪囓�2,10338,7539,2799,元大證券,2023-12-27,9800
00753L,中信中國50正2,5158,2743,2415,元大證券,2023-12-27,9800
00772B,中信高評級公司債,3473,1416,2057,元大證券,2023-12-27,9800
00936,台新永續高息中小,2006,485,1521,元大證券,2023-12-27,9800
00712,復華富時不動產,2129,930,1199,元大證券,2023-12-27,9800
00706L,期元大S＆P日圓正2,1537,406,1131,元大證券,2023-12-27,9800
8112,至上,1190,71,1119,元大證券,2023-12-27,9800
00752,中信中國50,2142,1028,1114,元大證券,2023-12-27,9800
00893,國泰智能電動車,1112,0,1112,元大證券,2023-12-27,9800
00857B,永豐20年美公債,1721,692,1029,元大證券,2023-12-27,9800
2609,陽明,5225,4272,953,元大證券,2023-12-27,9800
00901,永豐智能車供應鏈,937,54,883,元大證券,2023-12-27,9800
00671R,富邦NASDAQ反1,1536,666,870,元大證券,2023-12-27,9800
00877,復華中國5G,1056,218,838,元大證券,2023-12-27,9800
2603,長榮,2242,1419,823,元大證券,2023-12-27,9800
00688L,國泰20年美債正2,2562,1778,784,元大證券,2023-12-27,9800
006208,富邦台50,1091,330,761,元大證券,2023-12-27,9800
00640L,富邦日本正2,660,1,659,元大證券,2023-12-27,9800
2324,仁寶,9174,8601,573,元大證券,2023-12-27,9800
00932,兆豐永續高息等權,774,211,563,元大證券,2023-12-27,9800
2337,旺宏,1934,1376,558,元大證券,2023-12-27,9800
00725B,國泰投資級公司債,1461,905,556,元大證券,2023-12-27,9800
00902,中信電池及儲能,552,5,547,元大證券,2023-12-27,9800
00894,中信小資高價30,625,100,525,元大證券,2023-12-27,9800
00690,兆豐藍籌30,606,83,523,元大證券,2023-12-27,9800
00670L,富邦NASDAQ正2,535,38,497,元大證券,2023-12-27,9800
00921,兆豐龍頭等權重,532,42,490,元大證券,2023-12-27,9800
00876,元大全球5G,477,7,470,元大證券,2023-12-27,9800
00674R,期元大S＆P黃金反1,608,149,459,元大證券,2023-12-27,9800
00722B,群益投資級電信債,625,171,454,元大證券,2023-12-27,9800
00648R,元大S＆P500反1,725,287,438,元大證券,2023-12-27,9800
00740B,富邦全球投等債,918,488,430,元大證券,2023-12-27,9800
00701,國泰股利精選30,495,74,421,元大證券,2023-12-27,9800
8150,南茂,452,32,420,元大證券,2023-12-27,9800
6278,台表科,431,30,401,元大證券,2023-12-27,9800
00645,富邦日本,407,7,400,元大證券,2023-12-27,9800
00686R,群益臺灣加權反1,601,202,399,元大證券,2023-12-27,9800
5371,中光電,448,57,391,元大證券,2023-12-27,9800
2439,美律,486,120,366,元大證券,2023-12-27,9800
2421,建準,712,388,324,元大證券,2023-12-27,9800
00728,第一金工業30,316,0,316,元大證券,2023-12-27,9800
00637L,元大滬深300正2,29481,17425,12056,元大證券,2023-12-28,9800
00688L,國泰20年美債正2,11568,2300,9268,元大證券,2023-12-28,9800
00706L,期元大S＆P日圓正2,3480,56,3424,元大證券,2023-12-28,9800
00830,國泰費城半導體,2796,425,2371,元大證券,2023-12-28,9800
00632R,元大台灣50反1,6223,4216,2007,元大證券,2023-12-28,9800
00665L,富邦�琤肭磪囓�2,9177,7519,1658,元大證券,2023-12-28,9800
00885,富邦越南,1687,168,1519,元大證券,2023-12-28,9800
00633L,富邦上証正2,3491,2109,1382,元大證券,2023-12-28,9800
2618,長榮航,2360,992,1368,元大證券,2023-12-28,9800
00676R,富邦臺灣加權反1,2295,1145,1150,元大證券,2023-12-28,9800
00670L,富邦NASDAQ正2,1146,0,1146,元大證券,2023-12-28,9800
00893,國泰智能電動車,2305,1164,1141,元大證券,2023-12-28,9800
00878,國泰永續高股息,6040,4927,1113,元大證券,2023-12-28,9800
00715L,期街口布蘭特正2,4744,3649,1095,元大證券,2023-12-28,9800
00655L,國泰中國A50正2,2543,1507,1036,元大證券,2023-12-28,9800
2337,旺宏,1589,591,998,元大證券,2023-12-28,9800
0050,元大台灣50,1894,943,951,元大證券,2023-12-28,9800
00753L,中信中國50正2,4166,3289,877,元大證券,2023-12-28,9800
00650L,復華香港正2,15651,14804,847,元大證券,2023-12-28,9800
0056,元大高股息,1830,1005,825,元大證券,2023-12-28,9800
00669R,國泰美國道瓊反1,1533,811,722,元大證券,2023-12-28,9800
00922,國泰台灣領袖50,993,275,718,元大證券,2023-12-28,9800
2002,中鋼,980,263,717,元大證券,2023-12-28,9800
00895,富邦未來車,1150,482,668,元大證券,2023-12-28,9800
020029,元大ESG高股息N,707,96,611,元大證券,2023-12-28,9800
00752,中信中國50,1296,738,558,元大證券,2023-12-28,9800
00712,復華富時不動產,1056,526,530,元大證券,2023-12-28,9800
00708L,期元大S＆P黃金正2,624,100,524,元大證券,2023-12-28,9800
2303,聯電,4142,3658,484,元大證券,2023-12-28,9800
2890,永豐金,908,445,463,元大證券,2023-12-28,9800
3706,神達,5274,4839,435,元大證券,2023-12-28,9800
1514,亞力,2172,1739,433,元大證券,2023-12-28,9800
00701,國泰股利精選30,530,109,421,元大證券,2023-12-28,9800
00696B,富邦美債20年,1598,1178,420,元大證券,2023-12-28,9800
2425,承啟,452,37,415,元大證券,2023-12-28,9800
1519,華城,1068,654,414,元大證券,2023-12-28,9800
020023,元大櫃買半導體N,426,45,381,元大證券,2023-12-28,9800
00639,富邦深100,674,302,372,元大證券,2023-12-28,9800
00930,永豐ESG低碳高息,699,328,371,元大證券,2023-12-28,9800
00635U,期元大S＆P黃金,381,11,370,元大證券,2023-12-28,9800
00700,富邦�琤肭磪�,366,3,363,元大證券,2023-12-28,9800
1609,大亞,656,380,276,元大證券,2023-12-28,9800
00725B,國泰投資級公司債,1700,1426,274,元大證券,2023-12-28,9800
00686R,群益臺灣加權反1,305,51,254,元大證券,2023-12-28,9800
00738U,期元大道瓊白銀,259,7,252,元大證券,2023-12-28,9800
00902,中信電池及儲能,1026,784,242,元大證券,2023-12-28,9800
1503,士電,754,517,237,元大證券,2023-12-28,9800
00853B,統一美債10年Aa-,295,59,236,元大證券,2023-12-28,9800
00862B,中信投資級公司債,238,3,235,元大證券,2023-12-28,9800
00654R,富邦印度反1,273,38,235,元大證券,2023-12-28,9800
00632R,元大台灣50反1,13277,1005,12272,元大證券,2023-12-29,9800
00650L,復華香港正2,11862,3376,8486,元大證券,2023-12-29,9800
00673R,期元大S＆P原油反1,15696,8251,7445,元大證券,2023-12-29,9800
00878,國泰永續高股息,6989,3678,3311,元大證券,2023-12-29,9800
0056,元大高股息,3269,256,3013,元大證券,2023-12-29,9800
00933B,國泰10Y+金融債,7428,4427,3001,元大證券,2023-12-29,9800
00881,國泰台灣5G+,2966,1148,1818,元大證券,2023-12-29,9800
2408,南亞科,1913,353,1560,元大證券,2023-12-29,9800
00900,富邦特選高股息30,2176,658,1518,元大證券,2023-12-29,9800
0050,元大台灣50,2242,789,1453,元大證券,2023-12-29,9800
00692,富邦公司治理,1286,160,1126,元大證券,2023-12-29,9800
00893,國泰智能電動車,1354,228,1126,元大證券,2023-12-29,9800
00646,元大S＆P500,1112,18,1094,元大證券,2023-12-29,9800
00671R,富邦NASDAQ反1,1233,287,946,元大證券,2023-12-29,9800
8112,至上,1047,161,886,元大證券,2023-12-29,9800
00918,大華優利高填息30,1217,424,793,元大證券,2023-12-29,9800
00882,中信中國高股息,1386,630,756,元大證券,2023-12-29,9800
00877,復華中國5G,937,208,729,元大證券,2023-12-29,9800
00708L,期元大S＆P黃金正2,744,18,726,元大證券,2023-12-29,9800
00669R,國泰美國道瓊反1,608,0,608,元大證券,2023-12-29,9800
3260,威剛,2013,1469,544,元大證券,2023-12-29,9800
00676R,富邦臺灣加權反1,755,237,518,元大證券,2023-12-29,9800
00903,富邦元宇宙,514,1,513,元大證券,2023-12-29,9800
00641R,富邦日本反1,536,28,508,元大證券,2023-12-29,9800
00895,富邦未來車,623,121,502,元大證券,2023-12-29,9800
00648R,元大S＆P500反1,476,1,475,元大證券,2023-12-29,9800
00922,國泰台灣領袖50,654,199,455,元大證券,2023-12-29,9800
2382,廣達,2344,1897,447,元大證券,2023-12-29,9800
00929,復華台灣科技優息,5199,4753,446,元大證券,2023-12-29,9800
00683L,期元大美元指正2,471,29,442,元大證券,2023-12-29,9800
00888,永豐台灣ESG,1052,622,430,元大證券,2023-12-29,9800
3017,奇鋐,1104,684,420,元大證券,2023-12-29,9800
00911,兆豐洲際半導體,385,0,385,元大證券,2023-12-29,9800
00773B,中信優先金融債,608,226,382,元大證券,2023-12-29,9800
00891,中信關鍵半導體,2164,1785,379,元大證券,2023-12-29,9800
00885,富邦越南,860,492,368,元大證券,2023-12-29,9800
00917,中信特選金融,364,0,364,元大證券,2023-12-29,9800
00927,群益半導體收益,1025,712,313,元大證券,2023-12-29,9800
2317,鴻海,851,545,306,元大證券,2023-12-29,9800
00764B,群益25年美債,862,561,301,元大證券,2023-12-29,9800
1319,東陽,343,48,295,元大證券,2023-12-29,9800
2913,農林,330,38,292,元大證券,2023-12-29,9800
2615,萬海,433,154,279,元大證券,2023-12-29,9800
00897,富邦基因免疫生技,672,394,278,元大證券,2023-12-29,9800
8936,國統,364,105,259,元大證券,2023-12-29,9800
6284,佳邦,266,8,258,元大證券,2023-12-29,9800
00919,群益台灣精選高息,6594,6337,257,元大證券,2023-12-29,9800
2425,承啟,403,151,252,元大證券,2023-12-29,9800
006207,復華滬深,428,193,235,元大證券,2023-12-29,9800
2609,陽明,1358,1129,229,元大證券,2023-12-29,9800
00673R,期元大S＆P原油反1,6502,1117,5385,元大證券,2024-01-02,9800
00715L,期街口布蘭特正2,7007,2478,4529,元大證券,2024-01-02,9800
00933B,國泰10Y+金融債,8211,4618,3593,元大證券,2024-01-02,9800
00706L,期元大S＆P日圓正2,3322,354,2968,元大證券,2024-01-02,9800
00772B,中信高評級公司債,4060,1887,2173,元大證券,2024-01-02,9800
00882,中信中國高股息,2845,1026,1819,元大證券,2024-01-02,9800
1609,大亞,1877,194,1683,元大證券,2024-01-02,9800
00676R,富邦臺灣加權反1,2253,583,1670,元大證券,2024-01-02,9800
00669R,國泰美國道瓊反1,1769,106,1663,元大證券,2024-01-02,9800
2891,中信金,2998,1372,1626,元大證券,2024-01-02,9800
00830,國泰費城半導體,1512,54,1458,元大證券,2024-01-02,9800
00795B,中信美國公債20年,2873,1651,1222,元大證券,2024-01-02,9800
1402,遠東新,1973,751,1222,元大證券,2024-01-02,9800
00712,復華富時不動產,3323,2153,1170,元大證券,2024-01-02,9800
00893,國泰智能電動車,1164,6,1158,元大證券,2024-01-02,9800
1102,亞泥,1640,520,1120,元大證券,2024-01-02,9800
2618,長榮航,10808,9702,1106,元大證券,2024-01-02,9800
00773B,中信優先金融債,1793,744,1049,元大證券,2024-01-02,9800
00891,中信關鍵半導體,2793,1784,1009,元大證券,2024-01-02,9800
2886,兆豐金,1922,920,1002,元大證券,2024-01-02,9800
2885,元大金,1152,288,864,元大證券,2024-01-02,9800
2609,陽明,8457,7659,798,元大證券,2024-01-02,9800
00757,統一FANG+,740,41,699,元大證券,2024-01-02,9800
00648R,元大S＆P500反1,667,1,666,元大證券,2024-01-02,9800
00740B,富邦全球投等債,855,236,619,元大證券,2024-01-02,9800
00903,富邦元宇宙,629,58,571,元大證券,2024-01-02,9800
0050,元大台灣50,976,447,529,元大證券,2024-01-02,9800
2371,大同,783,279,504,元大證券,2024-01-02,9800
00662,富邦NASDAQ,543,47,496,元大證券,2024-01-02,9800
6140,訊達,1148,694,454,元大證券,2024-01-02,9800
00888,永豐台灣ESG,1664,1235,429,元大證券,2024-01-02,9800
00725B,國泰投資級公司債,1689,1264,425,元大證券,2024-01-02,9800
00895,富邦未來車,428,6,422,元大證券,2024-01-02,9800
6176,瑞儀,526,118,408,元大證券,2024-01-02,9800
0056,元大高股息,1095,703,392,元大證券,2024-01-02,9800
00898,國泰基因免疫革命,399,13,386,元大證券,2024-01-02,9800
2337,旺宏,757,371,386,元大證券,2024-01-02,9800
00894,中信小資高價30,667,311,356,元大證券,2024-01-02,9800
00670L,富邦NASDAQ正2,424,80,344,元大證券,2024-01-02,9800
00926,凱基全球菁英55,313,0,313,元大證券,2024-01-02,9800
00897,富邦基因免疫生技,491,204,287,元大證券,2024-01-02,9800
2603,長榮,3905,3641,264,元大證券,2024-01-02,9800
00853B,統一美債10年Aa-,339,90,249,元大證券,2024-01-02,9800
00696B,富邦美債20年,2579,2335,244,元大證券,2024-01-02,9800
2486,一詮,3009,2765,244,元大證券,2024-01-02,9800
00900,富邦特選高股息30,2482,2240,242,元大證券,2024-01-02,9800
2317,鴻海,653,430,223,元大證券,2024-01-02,9800
1722,台肥,261,39,222,元大證券,2024-01-02,9800
00902,中信電池及儲能,510,288,222,元大證券,2024-01-02,9800
8299,群聯,257,36,221,元大證券,2024-01-02,9800
00632R,元大台灣50反1,53548,9945,43603,元大證券,2024-01-03,9800
00673R,期元大S＆P原油反1,15425,705,14720,元大證券,2024-01-03,9800
00878,國泰永續高股息,12652,7278,5374,元大證券,2024-01-03,9800
00664R,國泰臺灣加權反1,6399,1152,5247,元大證券,2024-01-03,9800
00900,富邦特選高股息30,3660,1163,2497,元大證券,2024-01-03,9800
00881,國泰台灣5G+,4493,2107,2386,元大證券,2024-01-03,9800
00676R,富邦臺灣加權反1,2776,656,2120,元大證券,2024-01-03,9800
2331,精英,4952,3206,1746,元大證券,2024-01-03,9800
2609,陽明,6625,4915,1710,元大證券,2024-01-03,9800
00891,中信關鍵半導體,4240,2531,1709,元大證券,2024-01-03,9800
2886,兆豐金,2662,965,1697,元大證券,2024-01-03,9800
00896,中信綠能及電動車,1981,318,1663,元大證券,2024-01-03,9800
00934,中信成長高股息,6108,4505,1603,元大證券,2024-01-03,9800
00936,台新永續高息中小,3388,1810,1578,元大證券,2024-01-03,9800
00640L,富邦日本正2,1426,0,1426,元大證券,2024-01-03,9800
00893,國泰智能電動車,1434,23,1411,元大證券,2024-01-03,9800
2891,中信金,4522,3317,1205,元大證券,2024-01-03,9800
2885,元大金,1689,581,1108,元大證券,2024-01-03,9800
2890,永豐金,1896,866,1030,元大證券,2024-01-03,9800
00932,兆豐永續高息等權,1447,441,1006,元大證券,2024-01-03,9800
00701,國泰股利精選30,1066,66,1000,元大證券,2024-01-03,9800
2337,旺宏,1541,548,993,元大證券,2024-01-03,9800
2409,友達,2220,1292,928,元大證券,2024-01-03,9800
00892,富邦台灣半導體,1754,863,891,元大證券,2024-01-03,9800
2353,宏��,4705,3953,752,元大證券,2024-01-03,9800
00930,永豐ESG低碳高息,1802,1071,731,元大證券,2024-01-03,9800
2603,長榮,3008,2298,710,元大證券,2024-01-03,9800
00901,永豐智能車供應鏈,828,128,700,元大證券,2024-01-03,9800
00671R,富邦NASDAQ反1,2440,1761,679,元大證券,2024-01-03,9800
00912,中信臺灣智慧50,930,255,675,元大證券,2024-01-03,9800
00905,FT臺灣Smart,1111,445,666,元大證券,2024-01-03,9800
2356,英業達,2147,1531,616,元大證券,2024-01-03,9800
1605,華新,813,197,616,元大證券,2024-01-03,9800
3702,大聯大,921,316,605,元大證券,2024-01-03,9800
2883,凱基金,1417,813,604,元大證券,2024-01-03,9800
00651R,復華香港反1,677,77,600,元大證券,2024-01-03,9800
00922,國泰台灣領袖50,2216,1626,590,元大證券,2024-01-03,9800
00876,元大全球5G,584,2,582,元大證券,2024-01-03,9800
00888,永豐台灣ESG,1546,1004,542,元大證券,2024-01-03,9800
00757,統一FANG+,753,228,525,元大證券,2024-01-03,9800
2449,京元電子,917,413,504,元大證券,2024-01-03,9800
00740B,富邦全球投等債,778,284,494,元大證券,2024-01-03,9800
2347,聯強,729,237,492,元大證券,2024-01-03,9800
2303,聯電,4979,4503,476,元大證券,2024-01-03,9800
00895,富邦未來車,459,2,457,元大證券,2024-01-03,9800
2301,光寶科,849,409,440,元大證券,2024-01-03,9800
00686R,群益臺灣加權反1,666,236,430,元大證券,2024-01-03,9800
2027,大成鋼,569,160,409,元大證券,2024-01-03,9800
1402,遠東新,899,501,398,元大證券,2024-01-03,9800
00645,富邦日本,394,0,394,元大證券,2024-01-03,9800
00715L,期街口布蘭特正2,18323,545,17778,元大證券,2024-01-04,9800
00931B,統一美債20年,10595,3061,7534,元大證券,2024-01-04,9800
00664R,國泰臺灣加權反1,8047,1616,6431,元大證券,2024-01-04,9800
00671R,富邦NASDAQ反1,4033,53,3980,元大證券,2024-01-04,9800
00642U,期元大S＆P石油,3736,658,3078,元大證券,2024-01-04,9800
00687B,國泰20年美債,11903,9176,2727,元大證券,2024-01-04,9800
00720B,元大投資級公司債,6734,4288,2446,元大證券,2024-01-04,9800
00688L,國泰20年美債正2,4056,1722,2334,元大證券,2024-01-04,9800
00900,富邦特選高股息30,3782,1539,2243,元大證券,2024-01-04,9800
00795B,中信美國公債20年,3539,1624,1915,元大證券,2024-01-04,9800
00725B,國泰投資級公司債,4985,3325,1660,元大證券,2024-01-04,9800
00918,大華優利高填息30,2556,1011,1545,元大證券,2024-01-04,9800
00923,群益台ESG低碳50,1769,365,1404,元大證券,2024-01-04,9800
00919,群益台灣精選高息,8932,7534,1398,元大證券,2024-01-04,9800
00891,中信關鍵半導體,3096,1749,1347,元大證券,2024-01-04,9800
00885,富邦越南,1972,737,1235,元大證券,2024-01-04,9800
00857B,永豐20年美公債,2255,1021,1234,元大證券,2024-01-04,9800
00770,國泰北美科技,1211,0,1211,元大證券,2024-01-04,9800
00933B,國泰10Y+金融債,5580,4375,1205,元大證券,2024-01-04,9800
00676R,富邦臺灣加權反1,1284,130,1154,元大證券,2024-01-04,9800
00648R,元大S＆P500反1,1119,1,1118,元大證券,2024-01-04,9800
6113,亞矽,4524,3407,1117,元大證券,2024-01-04,9800
2603,長榮,5241,4126,1115,元大證券,2024-01-04,9800
00878,國泰永續高股息,4626,3594,1032,元大證券,2024-01-04,9800
00932,兆豐永續高息等權,1140,152,988,元大證券,2024-01-04,9800
2618,長榮航,4433,3499,934,元大證券,2024-01-04,9800
1722,台肥,889,37,852,元大證券,2024-01-04,9800
2002,中鋼,925,76,849,元大證券,2024-01-04,9800
00713,元大台灣高息低波,1101,347,754,元大證券,2024-01-04,9800
00722B,群益投資級電信債,1232,540,692,元大證券,2024-01-04,9800
00772B,中信高評級公司債,2429,1797,632,元大證券,2024-01-04,9800
1504,東元,680,67,613,元大證券,2024-01-04,9800
2891,中信金,3127,2536,591,元大證券,2024-01-04,9800
00701,國泰股利精選30,565,1,564,元大證券,2024-01-04,9800
00675L,富邦臺灣加權正2,704,156,548,元大證券,2024-01-04,9800
00631L,元大台灣50正2,752,223,529,元大證券,2024-01-04,9800
00882,中信中國高股息,2017,1489,528,元大證券,2024-01-04,9800
9958,世紀鋼,572,46,526,元大證券,2024-01-04,9800
2882,國泰金,630,113,517,元大證券,2024-01-04,9800
00692,富邦公司治理,613,102,511,元大證券,2024-01-04,9800
00683L,期元大美元指正2,612,105,507,元大證券,2024-01-04,9800
00645,富邦日本,512,13,499,元大證券,2024-01-04,9800
00922,國泰台灣領袖50,1506,1008,498,元大證券,2024-01-04,9800
00921,兆豐龍頭等權重,743,249,494,元大證券,2024-01-04,9800
00881,國泰台灣5G+,2130,1671,459,元大證券,2024-01-04,9800
0050,元大台灣50,526,74,452,元大證券,2024-01-04,9800
00663L,國泰臺灣加權正2,448,0,448,元大證券,2024-01-04,9800
00892,富邦台灣半導體,946,498,448,元大證券,2024-01-04,9800
2379,瑞昱,509,101,408,元大證券,2024-01-04,9800
00764B,群益25年美債,970,570,400,元大證券,2024-01-04,9800
00680L,元大美債20正2,21533,2620,18913,元大證券,2024-01-05,9800
00637L,元大滬深300正2,29239,13002,16237,元大證券,2024-01-05,9800
00676R,富邦臺灣加權反1,14459,885,13574,元大證券,2024-01-05,9800
00632R,元大台灣50反1,25106,13187,11919,元大證券,2024-01-05,9800
00688L,國泰20年美債正2,8610,1277,7333,元大證券,2024-01-05,9800
2409,友達,8771,2643,6128,元大證券,2024-01-05,9800
00665L,富邦�琤肭磪囓�2,12133,7556,4577,元大證券,2024-01-05,9800
3481,群創,11525,8440,3085,元大證券,2024-01-05,9800
2002,中鋼,2824,138,2686,元大證券,2024-01-05,9800
00671R,富邦NASDAQ反1,2539,132,2407,元大證券,2024-01-05,9800
6770,力積電,9882,8217,1665,元大證券,2024-01-05,9800
00900,富邦特選高股息30,3003,1407,1596,元大證券,2024-01-05,9800
2891,中信金,4571,3043,1528,元大證券,2024-01-05,9800
00664R,國泰臺灣加權反1,2512,1231,1281,元大證券,2024-01-05,9800
2303,聯電,4034,2800,1234,元大證券,2024-01-05,9800
00795B,中信美國公債20年,3094,2076,1018,元大證券,2024-01-05,9800
3025,星通,921,0,921,元大證券,2024-01-05,9800
00669R,國泰美國道瓊反1,1475,635,840,元大證券,2024-01-05,9800
2014,中鴻,861,112,749,元大證券,2024-01-05,9800
2634,漢翔,884,213,671,元大證券,2024-01-05,9800
2636,台驊控股,871,226,645,元大證券,2024-01-05,9800
3036,文曄,721,83,638,元大證券,2024-01-05,9800
2408,南亞科,726,90,636,元大證券,2024-01-05,9800
00876,元大全球5G,631,6,625,元大證券,2024-01-05,9800
00655L,國泰中國A50正2,1278,704,574,元大證券,2024-01-05,9800
00633L,富邦上証正2,2162,1613,549,元大證券,2024-01-05,9800
3588,通嘉,1695,1176,519,元大證券,2024-01-05,9800
00932,兆豐永續高息等權,843,342,501,元大證券,2024-01-05,9800
00715L,期街口布蘭特正2,3154,2705,449,元大證券,2024-01-05,9800
00892,富邦台灣半導體,755,313,442,元大證券,2024-01-05,9800
2883,凱基金,452,24,428,元大證券,2024-01-05,9800
00894,中信小資高價30,690,343,347,元大證券,2024-01-05,9800
00648R,元大S＆P500反1,393,67,326,元大證券,2024-01-05,9800
01004T,土銀富邦R2,300,0,300,元大證券,2024-01-05,9800
00631L,元大台灣50正2,710,418,292,元大證券,2024-01-05,9800
2884,玉山金,406,136,270,元大證券,2024-01-05,9800
2882,國泰金,253,0,253,元大證券,2024-01-05,9800
2344,華邦電,673,422,251,元大證券,2024-01-05,9800
00902,中信電池及儲能,1034,791,243,元大證券,2024-01-05,9800
2515,中工,849,618,231,元大證券,2024-01-05,9800
0052,富邦科技,247,20,227,元大證券,2024-01-05,9800
6488,環球晶,276,56,220,元大證券,2024-01-05,9800
2356,英業達,2072,1853,219,元大證券,2024-01-05,9800
2801,彰銀,233,23,210,元大證券,2024-01-05,9800
2834,臺企銀,371,163,208,元大證券,2024-01-05,9800
6274,台燿,454,246,208,元大證券,2024-01-05,9800
00724B,群益投資級金融債,351,159,192,元大證券,2024-01-05,9800
8011,台通,701,523,178,元大證券,2024-01-05,9800
3217,優群,447,275,172,元大證券,2024-01-05,9800
020039,元大加權N,243,77,166,元大證券,2024-01-05,9800
3481,群創,23500,13792,9708,元大證券,2024-01-08,9800
00680L,元大美債20正2,9092,4517,4575,元大證券,2024-01-08,9800
9904,寶成,2916,8,2908,元大證券,2024-01-08,9800
2891,中信金,3880,1243,2637,元大證券,2024-01-08,9800
00900,富邦特選高股息30,3967,1436,2531,元大證券,2024-01-08,9800
00669R,國泰美國道瓊反1,2602,167,2435,元大證券,2024-01-08,9800
00646,元大S＆P500,2439,113,2326,元大證券,2024-01-08,9800
0050,元大台灣50,2541,366,2175,元大證券,2024-01-08,9800
00688L,國泰20年美債正2,5308,3823,1485,元大證券,2024-01-08,9800
00642U,期元大S＆P石油,1623,227,1396,元大證券,2024-01-08,9800
2885,元大金,1376,162,1214,元大證券,2024-01-08,9800
00936,台新永續高息中小,3079,2091,988,元大證券,2024-01-08,9800
00795B,中信美國公債20年,2588,1637,951,元大證券,2024-01-08,9800
00631L,元大台灣50正2,1399,454,945,元大證券,2024-01-08,9800
00905,FT臺灣Smart,1179,235,944,元大證券,2024-01-08,9800
00933B,國泰10Y+金融債,2779,1856,923,元大證券,2024-01-08,9800
00850,元大臺灣ESG永續,959,179,780,元大證券,2024-01-08,9800
00915,凱基優選高股息30,2629,1878,751,元大證券,2024-01-08,9800
2317,鴻海,867,188,679,元大證券,2024-01-08,9800
2603,長榮,2152,1484,668,元大證券,2024-01-08,9800
2884,玉山金,945,297,648,元大證券,2024-01-08,9800
00922,國泰台灣領袖50,1310,694,616,元大證券,2024-01-08,9800
2890,永豐金,1187,576,611,元大證券,2024-01-08,9800
2324,仁寶,2130,1519,611,元大證券,2024-01-08,9800
2002,中鋼,742,135,607,元大證券,2024-01-08,9800
00764B,群益25年美債,1856,1255,601,元大證券,2024-01-08,9800
2882,國泰金,751,179,572,元大證券,2024-01-08,9800
00907,永豐優息存股,1953,1417,536,元大證券,2024-01-08,9800
4938,和碩,933,416,517,元大證券,2024-01-08,9800
00901,永豐智能車供應鏈,578,85,493,元大證券,2024-01-08,9800
2331,精英,1136,670,466,元大證券,2024-01-08,9800
00712,復華富時不動產,492,26,466,元大證券,2024-01-08,9800
2498,宏達電,2376,1917,459,元大證券,2024-01-08,9800
00681R,元大美債20反1,522,68,454,元大證券,2024-01-08,9800
00921,兆豐龍頭等權重,929,495,434,元大證券,2024-01-08,9800
00643,群益深証中小,827,393,434,元大證券,2024-01-08,9800
00894,中信小資高價30,468,35,433,元大證券,2024-01-08,9800
00740B,富邦全球投等債,889,476,413,元大證券,2024-01-08,9800
8069,元太,510,130,380,元大證券,2024-01-08,9800
2356,英業達,1649,1282,367,元大證券,2024-01-08,9800
2618,長榮航,2029,1675,354,元大證券,2024-01-08,9800
3711,日月光投控,553,200,353,元大證券,2024-01-08,9800
00713,元大台灣高息低波,1213,875,338,元大證券,2024-01-08,9800
3260,威剛,791,480,311,元大證券,2024-01-08,9800
00634R,富邦上証反1,310,5,305,元大證券,2024-01-08,9800
2353,宏��,6263,5959,304,元大證券,2024-01-08,9800
00686R,群益臺灣加權反1,507,209,298,元大證券,2024-01-08,9800
2105,正新,337,49,288,元大證券,2024-01-08,9800
2301,光寶科,551,275,276,元大證券,2024-01-08,9800
00674R,期元大S＆P黃金反1,264,5,259,元大證券,2024-01-08,9800
00632R,元大台灣50反1,25117,2720,22397,元大證券,2024-01-09,9800
00673R,期元大S＆P原油反1,15536,612,14924,元大證券,2024-01-09,9800
00891,中信關鍵半導體,5672,1306,4366,元大證券,2024-01-09,9800
2891,中信金,5469,1526,3943,元大證券,2024-01-09,9800
00665L,富邦�琤肭磪囓�2,9809,6386,3423,元大證券,2024-01-09,9800
00646,元大S＆P500,3138,474,2664,元大證券,2024-01-09,9800
2303,聯電,5759,3610,2149,元大證券,2024-01-09,9800
00706L,期元大S＆P日圓正2,2449,889,1560,元大證券,2024-01-09,9800
00885,富邦越南,1267,59,1208,元大證券,2024-01-09,9800
2344,華邦電,1413,393,1020,元大證券,2024-01-09,9800
00894,中信小資高價30,1096,202,894,元大證券,2024-01-09,9800
2316,楠梓電,1071,213,858,元大證券,2024-01-09,9800
00895,富邦未來車,813,1,812,元大證券,2024-01-09,9800
00892,富邦台灣半導體,1549,777,772,元大證券,2024-01-09,9800
00674R,期元大S＆P黃金反1,745,0,745,元大證券,2024-01-09,9800
0050,元大台灣50,842,173,669,元大證券,2024-01-09,9800
2890,永豐金,955,289,666,元大證券,2024-01-09,9800
2886,兆豐金,1172,527,645,元大證券,2024-01-09,9800
2317,鴻海,660,25,635,元大證券,2024-01-09,9800
2618,長榮航,2166,1591,575,元大證券,2024-01-09,9800
00876,元大全球5G,562,1,561,元大證券,2024-01-09,9800
00904,新光臺灣半導體30,1160,615,545,元大證券,2024-01-09,9800
2885,元大金,573,46,527,元大證券,2024-01-09,9800
00664R,國泰臺灣加權反1,951,486,465,元大證券,2024-01-09,9800
2356,英業達,2253,1789,464,元大證券,2024-01-09,9800
00893,國泰智能電動車,666,212,454,元大證券,2024-01-09,9800
2352,佳世達,1152,715,437,元大證券,2024-01-09,9800
2912,統一超,436,1,435,元大證券,2024-01-09,9800
00857B,永豐20年美公債,1334,997,337,元大證券,2024-01-09,9800
4938,和碩,416,89,327,元大證券,2024-01-09,9800
2883,凱基金,939,615,324,元大證券,2024-01-09,9800
00902,中信電池及儲能,805,497,308,元大證券,2024-01-09,9800
6223,旺矽,759,455,304,元大證券,2024-01-09,9800
01004T,土銀富邦R2,300,0,300,元大證券,2024-01-09,9800
3481,群創,5555,5261,294,元大證券,2024-01-09,9800
1605,華新,575,284,291,元大證券,2024-01-09,9800
2371,大同,1059,770,289,元大證券,2024-01-09,9800
020038,元大ESG配息N,341,53,288,元大證券,2024-01-09,9800
2409,友達,2206,1920,286,元大證券,2024-01-09,9800
2105,正新,310,25,285,元大證券,2024-01-09,9800
00926,凱基全球菁英55,281,0,281,元大證券,2024-01-09,9800
00676R,富邦臺灣加權反1,844,571,273,元大證券,2024-01-09,9800
00924,復華S＆P500成長,253,0,253,元大證券,2024-01-09,9800
00905,FT臺灣Smart,602,351,251,元大證券,2024-01-09,9800
2377,微星,420,170,250,元大證券,2024-01-09,9800
1519,華城,752,502,250,元大證券,2024-01-09,9800
2330,台積電,519,273,246,元大證券,2024-01-09,9800
2425,承啟,300,58,242,元大證券,2024-01-09,9800
1102,亞泥,364,131,233,元大證券,2024-01-09,9800
3036,文曄,274,40,234,元大證券,2024-01-09,9800
00632R,元大台灣50反1,28555,18104,10451,元大證券,2024-01-10,9800
00715L,期街口布蘭特正2,10114,2022,8092,元大證券,2024-01-10,9800
00637L,元大滬深300正2,20980,15295,5685,元大證券,2024-01-10,9800
00687B,國泰20年美債,15309,10324,4985,元大證券,2024-01-10,9800
2303,聯電,5525,1085,4440,元大證券,2024-01-10,9800
00642U,期元大S＆P石油,3375,1,3374,元大證券,2024-01-10,9800
00680L,元大美債20正2,8327,5053,3274,元大證券,2024-01-10,9800
3481,群創,6392,3265,3127,元大證券,2024-01-10,9800
2891,中信金,2948,890,2058,元大證券,2024-01-10,9800
00795B,中信美國公債20年,3488,1746,1742,元大證券,2024-01-10,9800
00669R,國泰美國道瓊反1,1653,0,1653,元大證券,2024-01-10,9800
2317,鴻海,1452,26,1426,元大證券,2024-01-10,9800
00646,元大S＆P500,1286,22,1264,元大證券,2024-01-10,9800
2371,大同,2505,1392,1113,元大證券,2024-01-10,9800
1504,東元,1184,129,1055,元大證券,2024-01-10,9800
2886,兆豐金,981,65,916,元大證券,2024-01-10,9800
00772B,中信高評級公司債,2243,1396,847,元大證券,2024-01-10,9800
3017,奇鋐,1176,353,823,元大證券,2024-01-10,9800
3706,神達,2309,1511,798,元大證券,2024-01-10,9800
4938,和碩,862,89,773,元大證券,2024-01-10,9800
2883,凱基金,804,41,763,元大證券,2024-01-10,9800
00696B,富邦美債20年,1149,387,762,元大證券,2024-01-10,9800
00900,富邦特選高股息30,2201,1449,752,元大證券,2024-01-10,9800
2308,台達電,1070,361,709,元大證券,2024-01-10,9800
00670L,富邦NASDAQ正2,847,147,700,元大證券,2024-01-10,9800
2885,元大金,723,42,681,元大證券,2024-01-10,9800
00712,復華富時不動產,849,174,675,元大證券,2024-01-10,9800
2890,永豐金,941,284,657,元大證券,2024-01-10,9800
2353,宏��,2703,2062,641,元大證券,2024-01-10,9800
00764B,群益25年美債,1576,956,620,元大證券,2024-01-10,9800
2324,仁寶,1472,898,574,元大證券,2024-01-10,9800
00923,群益台ESG低碳50,1762,1191,571,元大證券,2024-01-10,9800
2379,瑞昱,749,212,537,元大證券,2024-01-10,9800
00651R,復華香港反1,522,0,522,元大證券,2024-01-10,9800
00893,國泰智能電動車,626,112,514,元大證券,2024-01-10,9800
2385,群光,732,229,503,元大證券,2024-01-10,9800
00902,中信電池及儲能,913,438,475,元大證券,2024-01-10,9800
00713,元大台灣高息低波,1667,1209,458,元大證券,2024-01-10,9800
6120,達運,1044,597,447,元大證券,2024-01-10,9800
1605,華新,516,70,446,元大證券,2024-01-10,9800
00830,國泰費城半導體,1129,705,424,元大證券,2024-01-10,9800
00932,兆豐永續高息等權,845,444,401,元大證券,2024-01-10,9800
01004T,土銀富邦R2,400,0,400,元大證券,2024-01-10,9800
2002,中鋼,546,149,397,元大證券,2024-01-10,9800
8096,擎亞,2567,2184,383,元大證券,2024-01-10,9800
00896,中信綠能及電動車,843,465,378,元大證券,2024-01-10,9800
2211,長榮鋼,402,26,376,元大證券,2024-01-10,9800
2105,正新,402,32,370,元大證券,2024-01-10,9800
6223,旺矽,722,359,363,元大證券,2024-01-10,9800
2412,中華電,491,137,354,元大證券,2024-01-10,9800
00632R,元大台灣50反1,19913,12029,7884,元大證券,2024-01-11,9800
00673R,期元大S＆P原油反1,13734,6772,6962,元大證券,2024-01-11,9800
00878,國泰永續高股息,7063,1731,5332,元大證券,2024-01-11,9800
00680L,元大美債20正2,9120,4936,4184,元大證券,2024-01-11,9800
00665L,富邦�琤肭磪囓�2,13179,9509,3670,元大證券,2024-01-11,9800
00891,中信關鍵半導體,4355,1471,2884,元大證券,2024-01-11,9800
00881,國泰台灣5G+,3341,950,2391,元大證券,2024-01-11,9800
00637L,元大滬深300正2,22626,20758,1868,元大證券,2024-01-11,9800
2603,長榮,2337,632,1705,元大證券,2024-01-11,9800
00772B,中信高評級公司債,2961,1257,1704,元大證券,2024-01-11,9800
2891,中信金,1756,163,1593,元大證券,2024-01-11,9800
2486,一詮,2983,1400,1583,元大證券,2024-01-11,9800
2317,鴻海,1891,371,1520,元大證券,2024-01-11,9800
00900,富邦特選高股息30,2214,781,1433,元大證券,2024-01-11,9800
9904,寶成,1283,14,1269,元大證券,2024-01-11,9800
2607,榮運,1265,45,1220,元大證券,2024-01-11,9800
00893,國泰智能電動車,1657,501,1156,元大證券,2024-01-11,9800
00922,國泰台灣領袖50,1707,578,1129,元大證券,2024-01-11,9800
00934,中信成長高股息,3385,2312,1073,元大證券,2024-01-11,9800
00923,群益台ESG低碳50,1677,728,949,元大證券,2024-01-11,9800
00919,群益台灣精選高息,7281,6355,926,元大證券,2024-01-11,9800
00646,元大S＆P500,988,104,884,元大證券,2024-01-11,9800
00876,元大全球5G,905,75,830,元大證券,2024-01-11,9800
4979,華星光,2298,1494,804,元大證券,2024-01-11,9800
00712,復華富時不動產,802,6,796,元大證券,2024-01-11,9800
3481,群創,4280,3503,777,元大證券,2024-01-11,9800
00892,富邦台灣半導體,1150,411,739,元大證券,2024-01-11,9800
2886,兆豐金,754,19,735,元大證券,2024-01-11,9800
2382,廣達,1645,911,734,元大證券,2024-01-11,9800
00894,中信小資高價30,738,28,710,元大證券,2024-01-11,9800
00896,中信綠能及電動車,1214,536,678,元大證券,2024-01-11,9800
5483,中美晶,1126,450,676,元大證券,2024-01-11,9800
00692,富邦公司治理,805,131,674,元大證券,2024-01-11,9800
00901,永豐智能車供應鏈,761,130,631,元大證券,2024-01-11,9800
006208,富邦台50,762,156,606,元大證券,2024-01-11,9800
00895,富邦未來車,705,101,604,元大證券,2024-01-11,9800
2376,技嘉,1028,444,584,元大證券,2024-01-11,9800
00713,元大台灣高息低波,715,138,577,元大證券,2024-01-11,9800
00935,野村臺灣新科技50,2465,1902,563,元大證券,2024-01-11,9800
2353,宏��,2758,2204,554,元大證券,2024-01-11,9800
2489,瑞軒,667,122,545,元大證券,2024-01-11,9800
2610,華航,1348,835,513,元大證券,2024-01-11,9800
00634R,富邦上証反1,527,25,502,元大證券,2024-01-11,9800
1515,力山,668,177,491,元大證券,2024-01-11,9800
1303,南亞,541,68,473,元大證券,2024-01-11,9800
00655L,國泰中國A50正2,1469,1045,424,元大證券,2024-01-11,9800
00936,台新永續高息中小,1839,1434,405,元大證券,2024-01-11,9800
2890,永豐金,719,321,398,元大證券,2024-01-11,9800
2885,元大金,414,23,391,元大證券,2024-01-11,9800
1402,遠東新,767,389,378,元大證券,2024-01-11,9800
00680L,元大美債20正2,26758,6824,19934,元大證券,2024-01-12,9800
00715L,期街口布蘭特正2,18090,5248,12842,元大證券,2024-01-12,9800
00632R,元大台灣50反1,11890,998,10892,元大證券,2024-01-12,9800
00650L,復華香港正2,9085,5055,4030,元大證券,2024-01-12,9800
00688L,國泰20年美債正2,7516,3515,4001,元大證券,2024-01-12,9800
00642U,期元大S＆P石油,4799,1513,3286,元大證券,2024-01-12,9800
2317,鴻海,2405,276,2129,元大證券,2024-01-12,9800
2891,中信金,2260,219,2041,元大證券,2024-01-12,9800
00646,元大S＆P500,2037,85,1952,元大證券,2024-01-12,9800
2382,廣達,3181,1327,1854,元大證券,2024-01-12,9800
2303,聯電,3442,1996,1446,元大證券,2024-01-12,9800
00764B,群益25年美債,1990,620,1370,元大證券,2024-01-12,9800
2886,兆豐金,1350,50,1300,元大證券,2024-01-12,9800
00882,中信中國高股息,2262,975,1287,元大證券,2024-01-12,9800
00751B,元大AAA至A公司債,5649,4518,1131,元大證券,2024-01-12,9800
2409,友達,1470,339,1131,元大證券,2024-01-12,9800
00720B,元大投資級公司債,3543,2561,982,元大證券,2024-01-12,9800
2890,永豐金,1148,200,948,元大證券,2024-01-12,9800
00897,富邦基因免疫生技,897,27,870,元大證券,2024-01-12,9800
2885,元大金,830,27,803,元大證券,2024-01-12,9800
00893,國泰智能電動車,824,31,793,元大證券,2024-01-12,9800
00772B,中信高評級公司債,2465,1693,772,元大證券,2024-01-12,9800
2603,長榮,2400,1778,622,元大證券,2024-01-12,9800
00648R,元大S＆P500反1,592,0,592,元大證券,2024-01-12,9800
2520,冠德,596,38,558,元大證券,2024-01-12,9800
2609,陽明,5247,4691,556,元大證券,2024-01-12,9800
3231,緯創,3460,2939,521,元大證券,2024-01-12,9800
2408,南亞科,670,151,519,元大證券,2024-01-12,9800
2353,宏��,5356,4845,511,元大證券,2024-01-12,9800
1605,華新,502,37,465,元大證券,2024-01-12,9800
1216,統一,491,26,465,元大證券,2024-01-12,9800
2308,台達電,522,77,445,元大證券,2024-01-12,9800
2347,聯強,659,233,426,元大證券,2024-01-12,9800
2883,凱基金,1035,615,420,元大證券,2024-01-12,9800
2515,中工,1263,861,402,元大證券,2024-01-12,9800
1560,中砂,579,180,399,元大證券,2024-01-12,9800
00928,中信上櫃ESG30,488,88,400,元大證券,2024-01-12,9800
5483,中美晶,565,169,396,元大證券,2024-01-12,9800
2105,正新,405,21,384,元大證券,2024-01-12,9800
2002,中鋼,420,36,384,元大證券,2024-01-12,9800
00674R,期元大S＆P黃金反1,380,0,380,元大證券,2024-01-12,9800
00686R,群益臺灣加權反1,470,104,366,元大證券,2024-01-12,9800
2486,一詮,5339,4976,363,元大證券,2024-01-12,9800
1402,遠東新,534,204,330,元大證券,2024-01-12,9800
00670L,富邦NASDAQ正2,344,28,316,元大證券,2024-01-12,9800
3702,大聯大,546,240,306,元大證券,2024-01-12,9800
1102,亞泥,483,177,306,元大證券,2024-01-12,9800
2618,長榮航,1176,876,300,元大證券,2024-01-12,9800
2027,大成鋼,355,58,297,元大證券,2024-01-12,9800
00712,復華富時不動產,523,228,295,元大證券,2024-01-12,9800
00673R,期元大S＆P原油反1,9869,933,8936,元大證券,2024-01-15,9800
00919,群益台灣精選高息,10787,7983,2804,元大證券,2024-01-15,9800
2885,元大金,2331,84,2247,元大證券,2024-01-15,9800
2409,友達,2481,549,1932,元大證券,2024-01-15,9800
00930,永豐ESG低碳高息,2296,681,1615,元大證券,2024-01-15,9800
0050,元大台灣50,2361,774,1587,元大證券,2024-01-15,9800
00669R,國泰美國道瓊反1,1511,15,1496,元大證券,2024-01-15,9800
00900,富邦特選高股息30,4048,2555,1493,元大證券,2024-01-15,9800
2486,一詮,4113,2755,1358,元大證券,2024-01-15,9800
2449,京元電子,2010,659,1351,元大證券,2024-01-15,9800
00665L,富邦�琤肭磪囓�2,15403,14067,1336,元大證券,2024-01-15,9800
2892,第一金,1440,143,1297,元大證券,2024-01-15,9800
2891,中信金,1602,338,1264,元大證券,2024-01-15,9800
2408,南亞科,1551,293,1258,元大證券,2024-01-15,9800
00662,富邦NASDAQ,1380,156,1224,元大證券,2024-01-15,9800
2890,永豐金,1600,395,1205,元大證券,2024-01-15,9800
2303,聯電,2714,1623,1091,元大證券,2024-01-15,9800
00772B,中信高評級公司債,2459,1438,1021,元大證券,2024-01-15,9800
2886,兆豐金,1045,48,997,元大證券,2024-01-15,9800
2324,仁寶,1251,268,983,元大證券,2024-01-15,9800
6443,元晶,1607,637,970,元大證券,2024-01-15,9800
00915,凱基優選高股息30,2653,1742,911,元大證券,2024-01-15,9800
6239,力成,1166,342,824,元大證券,2024-01-15,9800
2382,廣達,1922,1117,805,元大證券,2024-01-15,9800
2330,台積電,843,70,773,元大證券,2024-01-15,9800
1605,華新,798,75,723,元大證券,2024-01-15,9800
00922,國泰台灣領袖50,1447,733,714,元大證券,2024-01-15,9800
00725B,國泰投資級公司債,2233,1519,714,元大證券,2024-01-15,9800
00894,中信小資高價30,1032,324,708,元大證券,2024-01-15,9800
3260,威剛,864,156,708,元大證券,2024-01-15,9800
00904,新光臺灣半導體30,1318,627,691,元大證券,2024-01-15,9800
3481,群創,2103,1420,683,元大證券,2024-01-15,9800
1216,統一,698,33,665,元大證券,2024-01-15,9800
2353,宏��,2429,1769,660,元大證券,2024-01-15,9800
1402,遠東新,871,238,633,元大證券,2024-01-15,9800
2105,正新,655,34,621,元大證券,2024-01-15,9800
00905,FT臺灣Smart,841,229,612,元大證券,2024-01-15,9800
00932,兆豐永續高息等權,650,40,610,元大證券,2024-01-15,9800
9958,世紀鋼,1060,466,594,元大證券,2024-01-15,9800
2027,大成鋼,574,8,566,元大證券,2024-01-15,9800
2356,英業達,1239,683,556,元大證券,2024-01-15,9800
2609,陽明,3203,2656,547,元大證券,2024-01-15,9800
00935,野村臺灣新科技50,1855,1330,525,元大證券,2024-01-15,9800
00764B,群益25年美債,2632,2130,502,元大證券,2024-01-15,9800
5876,上海商銀,506,5,501,元大證券,2024-01-15,9800
1102,亞泥,782,303,479,元大證券,2024-01-15,9800
2347,聯強,711,270,441,元大證券,2024-01-15,9800
00936,台新永續高息中小,1390,961,429,元大證券,2024-01-15,9800
00657,國泰日經225,568,144,424,元大證券,2024-01-15,9800
2542,興富發,446,32,414,元大證券,2024-01-15,9800
00632R,元大台灣50反1,38359,29894,8465,元大證券,2024-01-16,9800
2891,中信金,9922,3347,6575,元大證券,2024-01-16,9800
00680L,元大美債20正2,14982,9812,5170,元大證券,2024-01-16,9800
2409,友達,6398,2386,4012,元大證券,2024-01-16,9800
2886,兆豐金,5405,1428,3977,元大證券,2024-01-16,9800
00673R,期元大S＆P原油反1,4210,600,3610,元大證券,2024-01-16,9800
00933B,國泰10Y+金融債,16985,14138,2847,元大證券,2024-01-16,9800
2303,聯電,7049,4297,2752,元大證券,2024-01-16,9800
2324,仁寶,3330,619,2711,元大證券,2024-01-16,9800
2885,元大金,4114,1447,2667,元大證券,2024-01-16,9800
1402,遠東新,2718,639,2079,元大證券,2024-01-16,9800
1605,華新,2364,330,2034,元大證券,2024-01-16,9800
00650L,復華香港正2,11286,9434,1852,元大證券,2024-01-16,9800
2105,正新,2061,252,1809,元大證券,2024-01-16,9800
00686R,群益臺灣加權反1,2016,280,1736,元大證券,2024-01-16,9800
2027,大成鋼,1739,87,1652,元大證券,2024-01-16,9800
2356,英業達,2390,749,1641,元大證券,2024-01-16,9800
2353,宏��,4143,2524,1619,元大證券,2024-01-16,9800
00712,復華富時不動產,2156,608,1548,元大證券,2024-01-16,9800
1102,亞泥,2469,1025,1444,元大證券,2024-01-16,9800
2449,京元電子,2157,720,1437,元大證券,2024-01-16,9800
00688L,國泰20年美債正2,7565,6141,1424,元大證券,2024-01-16,9800
00773B,中信優先金融債,1938,562,1376,元大證券,2024-01-16,9800
2542,興富發,1402,34,1368,元大證券,2024-01-16,9800
4938,和碩,1827,470,1357,元大證券,2024-01-16,9800
00772B,中信高評級公司債,4787,3502,1285,元大證券,2024-01-16,9800
00676R,富邦臺灣加權反1,1627,352,1275,元大證券,2024-01-16,9800
00934,中信成長高股息,2669,1430,1239,元大證券,2024-01-16,9800
3702,大聯大,1590,425,1165,元大證券,2024-01-16,9800
2347,聯強,1409,327,1082,元大證券,2024-01-16,9800
1216,統一,1571,503,1068,元大證券,2024-01-16,9800
2892,第一金,2423,1417,1006,元大證券,2024-01-16,9800
3711,日月光投控,1729,771,958,元大證券,2024-01-16,9800
00669R,國泰美國道瓊反1,1254,360,894,元大證券,2024-01-16,9800
2915,潤泰全,927,69,858,元大證券,2024-01-16,9800
2809,京城銀,831,40,791,元大證券,2024-01-16,9800
00795B,中信美國公債20年,2357,1589,768,元大證券,2024-01-16,9800
2883,凱基金,2888,2158,730,元大證券,2024-01-16,9800
6239,力成,1278,561,717,元大證券,2024-01-16,9800
2006,東和鋼鐵,717,31,686,元大證券,2024-01-16,9800
3036,文曄,1751,1066,685,元大證券,2024-01-16,9800
00633L,富邦上証正2,3624,2951,673,元大證券,2024-01-16,9800
2382,廣達,1306,689,617,元大證券,2024-01-16,9800
5425,台半,724,121,603,元大證券,2024-01-16,9800
00830,國泰費城半導體,898,324,574,元大證券,2024-01-16,9800
4958,臻鼎-KY,792,221,571,元大證券,2024-01-16,9800
5522,遠雄,530,11,519,元大證券,2024-01-16,9800
00656R,國泰中國A50反1,647,130,517,元大證券,2024-01-16,9800
3481,群創,6181,5675,506,元大證券,2024-01-16,9800
00936,台新永續高息中小,1867,1361,506,元大證券,2024-01-16,9800
00632R,元大台灣50反1,68122,5628,62494,元大證券,2024-01-17,9800
00933B,國泰10Y+金融債,15209,9331,5878,元大證券,2024-01-17,9800
2891,中信金,11958,6387,5571,元大證券,2024-01-17,9800
2409,友達,6693,1169,5524,元大證券,2024-01-17,9800
2890,永豐金,6669,1335,5334,元大證券,2024-01-17,9800
00891,中信關鍵半導體,6171,1388,4783,元大證券,2024-01-17,9800
00878,國泰永續高股息,9067,4493,4574,元大證券,2024-01-17,9800
00673R,期元大S＆P原油反1,4780,313,4467,元大證券,2024-01-17,9800
00687B,國泰20年美債,13896,9603,4293,元大證券,2024-01-17,9800
00665L,富邦�琤肭磪囓�2,30315,26421,3894,元大證券,2024-01-17,9800
00646,元大S＆P500,3816,258,3558,元大證券,2024-01-17,9800
1402,遠東新,3507,247,3260,元大證券,2024-01-17,9800
1605,華新,3287,513,2774,元大證券,2024-01-17,9800
2002,中鋼,4103,1374,2729,元大證券,2024-01-17,9800
2324,仁寶,4090,1486,2604,元大證券,2024-01-17,9800
00934,中信成長高股息,3963,1431,2532,元大證券,2024-01-17,9800
1102,亞泥,3021,516,2505,元大證券,2024-01-17,9800
00885,富邦越南,2551,117,2434,元大證券,2024-01-17,9800
2353,宏��,4252,1831,2421,元大證券,2024-01-17,9800
2330,台積電,3857,1561,2296,元大證券,2024-01-17,9800
2105,正新,2501,216,2285,元大證券,2024-01-17,9800
2883,凱基金,3649,1412,2237,元大證券,2024-01-17,9800
2356,英業達,3108,889,2219,元大證券,2024-01-17,9800
2027,大成鋼,2181,139,2042,元大證券,2024-01-17,9800
2885,元大金,4167,2179,1988,元大證券,2024-01-17,9800
5483,中美晶,2701,801,1900,元大證券,2024-01-17,9800
00725B,國泰投資級公司債,3088,1204,1884,元大證券,2024-01-17,9800
1303,南亞,2296,521,1775,元大證券,2024-01-17,9800
2542,興富發,1791,19,1772,元大證券,2024-01-17,9800
00679B,元大美債20年,12856,11208,1648,元大證券,2024-01-17,9800
00712,復華富時不動產,2206,559,1647,元大證券,2024-01-17,9800
00751B,元大AAA至A公司債,3942,2295,1647,元大證券,2024-01-17,9800
00930,永豐ESG低碳高息,3019,1385,1634,元大證券,2024-01-17,9800
3702,大聯大,2338,713,1625,元大證券,2024-01-17,9800
00936,台新永續高息中小,2940,1327,1613,元大證券,2024-01-17,9800
2317,鴻海,3826,2236,1590,元大證券,2024-01-17,9800
2603,長榮,3520,1988,1532,元大證券,2024-01-17,9800
2801,彰銀,2055,530,1525,元大證券,2024-01-17,9800
4938,和碩,1894,380,1514,元大證券,2024-01-17,9800
3231,緯創,3596,2083,1513,元大證券,2024-01-17,9800
00915,凱基優選高股息30,2551,1054,1497,元大證券,2024-01-17,9800
2347,聯強,1913,426,1487,元大證券,2024-01-17,9800
2408,南亞科,2156,743,1413,元大證券,2024-01-17,9800
00932,兆豐永續高息等權,1654,317,1337,元大證券,2024-01-17,9800
2888,新光金,3711,2419,1292,元大證券,2024-01-17,9800
2303,聯電,9815,8546,1269,元大證券,2024-01-17,9800
00922,國泰台灣領袖50,2730,1464,1266,元大證券,2024-01-17,9800
2886,兆豐金,4549,3287,1262,元大證券,2024-01-17,9800
2308,台達電,1737,529,1208,元大證券,2024-01-17,9800
2882,國泰金,2191,1049,1142,元大證券,2024-01-17,9800
00632R,元大台灣50反1,27216,2687,24529,元大證券,2024-01-18,9800
3481,群創,19142,13632,5510,元大證券,2024-01-18,9800
2409,友達,7773,4638,3135,元大證券,2024-01-18,9800
2885,元大金,2985,67,2918,元大證券,2024-01-18,9800
2891,中信金,3869,1124,2745,元大證券,2024-01-18,9800
3231,緯創,3921,1412,2509,元大證券,2024-01-18,9800
00642U,期元大S＆P石油,2134,8,2126,元大證券,2024-01-18,9800
00688L,國泰20年美債正2,3207,1089,2118,元大證券,2024-01-18,9800
2603,長榮,3189,1249,1940,元大證券,2024-01-18,9800
00895,富邦未來車,1919,400,1519,元大證券,2024-01-18,9800
00900,富邦特選高股息30,4537,3106,1431,元大證券,2024-01-18,9800
2408,南亞科,1507,87,1420,元大證券,2024-01-18,9800
00638R,元大滬深300反1,1461,208,1253,元大證券,2024-01-18,9800
2890,永豐金,1395,320,1075,元大證券,2024-01-18,9800
2449,京元電子,1839,768,1071,元大證券,2024-01-18,9800
2324,仁寶,2126,1064,1062,元大證券,2024-01-18,9800
3264,欣銓,1214,162,1052,元大證券,2024-01-18,9800
00919,群益台灣精選高息,10787,9744,1043,元大證券,2024-01-18,9800
2317,鴻海,1090,80,1010,元大證券,2024-01-18,9800
2382,廣達,1791,857,934,元大證券,2024-01-18,9800
1102,亞泥,1293,368,925,元大證券,2024-01-18,9800
00795B,中信美國公債20年,2328,1469,859,元大證券,2024-01-18,9800
2886,兆豐金,920,85,835,元大證券,2024-01-18,9800
2609,陽明,2753,1985,768,元大證券,2024-01-18,9800
00936,台新永續高息中小,2794,2064,730,元大證券,2024-01-18,9800
00656R,國泰中國A50反1,963,249,714,元大證券,2024-01-18,9800
006208,富邦台50,950,266,684,元大證券,2024-01-18,9800
1402,遠東新,676,20,656,元大證券,2024-01-18,9800
2356,英業達,1177,592,585,元大證券,2024-01-18,9800
1605,華新,572,37,535,元大證券,2024-01-18,9800
2412,中華電,536,5,531,元大證券,2024-01-18,9800
2105,正新,528,9,519,元大證券,2024-01-18,9800
00687B,國泰20年美債,13167,12674,493,元大證券,2024-01-18,9800
00892,富邦台灣半導體,1129,665,464,元大證券,2024-01-18,9800
2303,聯電,3866,3409,457,元大證券,2024-01-18,9800
00918,大華優利高填息30,2672,2226,446,元大證券,2024-01-18,9800
00932,兆豐永續高息等權,708,271,437,元大證券,2024-01-18,9800
2353,宏��,2060,1640,420,元大證券,2024-01-18,9800
00715L,期街口布蘭特正2,4617,4200,417,元大證券,2024-01-18,9800
00764B,群益25年美債,2178,1764,414,元大證券,2024-01-18,9800
3034,聯詠,543,133,410,元大證券,2024-01-18,9800
2027,大成鋼,464,64,400,元大證券,2024-01-18,9800
1210,大成,406,7,399,元大證券,2024-01-18,9800
4938,和碩,514,131,383,元大證券,2024-01-18,9800
00674R,期元大S＆P黃金反1,384,5,379,元大證券,2024-01-18,9800
00928,中信上櫃ESG30,461,93,368,元大證券,2024-01-18,9800
00891,中信關鍵半導體,3551,3199,352,元大證券,2024-01-18,9800
00757,統一FANG+,348,1,347,元大證券,2024-01-18,9800
6239,力成,530,204,326,元大證券,2024-01-18,9800
2542,興富發,341,44,297,元大證券,2024-01-18,9800
00637L,元大滬深300正2,42396,21810,20586,元大證券,2024-01-19,9800
3231,緯創,13453,4604,8849,元大證券,2024-01-19,9800
00715L,期街口布蘭特正2,5100,208,4892,元大證券,2024-01-19,9800
00830,國泰費城半導體,4523,158,4365,元大證券,2024-01-19,9800
00642U,期元大S＆P石油,4094,43,4051,元大證券,2024-01-19,9800
00795B,中信美國公債20年,4799,1826,2973,元大證券,2024-01-19,9800
2316,楠梓電,4563,1656,2907,元大證券,2024-01-19,9800
00671R,富邦NASDAQ反1,5157,2830,2327,元大證券,2024-01-19,9800
00881,國泰台灣5G+,4772,2608,2164,元大證券,2024-01-19,9800
006208,富邦台50,2512,479,2033,元大證券,2024-01-19,9800
0050,元大台灣50,4471,2677,1794,元大證券,2024-01-19,9800
00893,國泰智能電動車,2036,311,1725,元大證券,2024-01-19,9800
00923,群益台ESG低碳50,2605,885,1720,元大證券,2024-01-19,9800
00692,富邦公司治理,1819,111,1708,元大證券,2024-01-19,9800
00935,野村臺灣新科技50,2545,1124,1421,元大證券,2024-01-19,9800
00646,元大S＆P500,1407,29,1378,元大證券,2024-01-19,9800
00896,中信綠能及電動車,1366,30,1336,元大證券,2024-01-19,9800
3481,群創,14422,13168,1254,元大證券,2024-01-19,9800
00888,永豐台灣ESG,1524,275,1249,元大證券,2024-01-19,9800
00895,富邦未來車,1642,405,1237,元大證券,2024-01-19,9800
00675L,富邦臺灣加權正2,1420,212,1208,元大證券,2024-01-19,9800
00897,富邦基因免疫生技,1149,108,1041,元大證券,2024-01-19,9800
1514,亞力,1091,123,968,元大證券,2024-01-19,9800
00850,元大臺灣ESG永續,1002,83,919,元大證券,2024-01-19,9800
00878,國泰永續高股息,9528,8631,897,元大證券,2024-01-19,9800
00631L,元大台灣50正2,1909,1070,839,元大證券,2024-01-19,9800
00903,富邦元宇宙,854,150,704,元大證券,2024-01-19,9800
00922,國泰台灣領袖50,2099,1457,642,元大證券,2024-01-19,9800
00894,中信小資高價30,1113,489,624,元大證券,2024-01-19,9800
00861,元大全球未來通訊,615,2,613,元大證券,2024-01-19,9800
00912,中信臺灣智慧50,603,18,585,元大證券,2024-01-19,9800
2449,京元電子,1385,842,543,元大證券,2024-01-19,9800
00728,第一金工業30,529,16,513,元大證券,2024-01-19,9800
00905,FT臺灣Smart,810,302,508,元大證券,2024-01-19,9800
2603,長榮,1622,1139,483,元大證券,2024-01-19,9800
00633L,富邦上証正2,3008,2534,474,元大證券,2024-01-19,9800
2409,友達,3040,2584,456,元大證券,2024-01-19,9800
5876,上海商銀,508,53,455,元大證券,2024-01-19,9800
0052,富邦科技,521,85,436,元大證券,2024-01-19,9800
00670L,富邦NASDAQ正2,507,78,429,元大證券,2024-01-19,9800
2412,中華電,520,118,402,元大證券,2024-01-19,9800
00712,復華富時不動產,1358,960,398,元大證券,2024-01-19,9800
00669R,國泰美國道瓊反1,2559,2173,386,元大證券,2024-01-19,9800
00921,兆豐龍頭等權重,654,279,375,元大證券,2024-01-19,9800
3706,神達,1606,1235,371,元大證券,2024-01-19,9800
00655L,國泰中國A50正2,2449,2084,365,元大證券,2024-01-19,9800
00932,兆豐永續高息等權,1209,857,352,元大證券,2024-01-19,9800
2353,宏��,1701,1370,331,元大證券,2024-01-19,9800
00898,國泰基因免疫革命,330,0,330,元大證券,2024-01-19,9800
00931B,統一美債20年,5944,5616,328,元大證券,2024-01-19,9800
3481,群創,18142,9401,8741,元大證券,2024-01-22,9800
00878,國泰永續高股息,14223,5980,8243,元大證券,2024-01-22,9800
00637L,元大滬深300正2,22677,15702,6975,元大證券,2024-01-22,9800
00646,元大S＆P500,6011,98,5913,元大證券,2024-01-22,9800
00679B,元大美債20年,11885,6749,5136,元大證券,2024-01-22,9800
00929,復華台灣科技優息,11736,7107,4629,元大證券,2024-01-22,9800
00665L,富邦�琤肭磪囓�2,19649,17287,2362,元大證券,2024-01-22,9800
0056,元大高股息,1814,339,1475,元大證券,2024-01-22,9800
00673R,期元大S＆P原油反1,4065,2616,1449,元大證券,2024-01-22,9800
00751B,元大AAA至A公司債,3117,1727,1390,元大證券,2024-01-22,9800
00830,國泰費城半導體,1812,441,1371,元大證券,2024-01-22,9800
00934,中信成長高股息,2818,1448,1370,元大證券,2024-01-22,9800
00764B,群益25年美債,2971,1605,1366,元大證券,2024-01-22,9800
00905,FT臺灣Smart,1387,118,1269,元大證券,2024-01-22,9800
00891,中信關鍵半導體,2908,1640,1268,元大證券,2024-01-22,9800
2356,英業達,13791,12689,1102,元大證券,2024-01-22,9800
2301,光寶科,3162,2081,1081,元大證券,2024-01-22,9800
00902,中信電池及儲能,2281,1235,1046,元大證券,2024-01-22,9800
2337,旺宏,1089,159,930,元大證券,2024-01-22,9800
00893,國泰智能電動車,2145,1250,895,元大證券,2024-01-22,9800
00932,兆豐永續高息等權,1010,124,886,元大證券,2024-01-22,9800
2603,長榮,1977,1096,881,元大證券,2024-01-22,9800
00641R,富邦日本反1,967,93,874,元大證券,2024-01-22,9800
2330,台積電,2791,1931,860,元大證券,2024-01-22,9800
00881,國泰台灣5G+,2448,1645,803,元大證券,2024-01-22,9800
00651R,復華香港反1,1008,240,768,元大證券,2024-01-22,9800
00900,富邦特選高股息30,3543,2847,696,元大證券,2024-01-22,9800
00773B,中信優先金融債,891,212,679,元大證券,2024-01-22,9800
00636,國泰中國A50,1066,417,649,元大證券,2024-01-22,9800
00669R,國泰美國道瓊反1,1154,528,626,元大證券,2024-01-22,9800
00692,富邦公司治理,742,120,622,元大證券,2024-01-22,9800
2303,聯電,1980,1367,613,元大證券,2024-01-22,9800
6274,台燿,2468,1857,611,元大證券,2024-01-22,9800
2382,廣達,5115,4559,556,元大證券,2024-01-22,9800
00911,兆豐洲際半導體,540,15,525,元大證券,2024-01-22,9800
00725B,國泰投資級公司債,1622,1107,515,元大證券,2024-01-22,9800
00683L,期元大美元指正2,502,6,496,元大證券,2024-01-22,9800
00772B,中信高評級公司債,1999,1518,481,元大證券,2024-01-22,9800
00903,富邦元宇宙,535,100,435,元大證券,2024-01-22,9800
00686R,群益臺灣加權反1,440,31,409,元大證券,2024-01-22,9800
2449,京元電子,995,612,383,元大證券,2024-01-22,9800
00670L,富邦NASDAQ正2,586,213,373,元大證券,2024-01-22,9800
5351,鈺創,544,181,363,元大證券,2024-01-22,9800
00876,元大全球5G,372,12,360,元大證券,2024-01-22,9800
00857B,永豐20年美公債,2122,1763,359,元大證券,2024-01-22,9800
2352,佳世達,698,340,358,元大證券,2024-01-22,9800
3044,健鼎,528,173,355,元大證券,2024-01-22,9800
00795B,中信美國公債20年,2428,2090,338,元大證券,2024-01-22,9800
3231,緯創,9582,9249,333,元大證券,2024-01-22,9800
00936,台新永續高息中小,1290,959,331,元大證券,2024-01-22,9800
00715L,期街口布蘭特正2,20310,6675,13635,元大證券,2024-01-23,9800
00665L,富邦�琤肭磪囓�2,31007,18374,12633,元大證券,2024-01-23,9800
00642U,期元大S＆P石油,7689,1141,6548,元大證券,2024-01-23,9800
00638R,元大滬深300反1,6628,387,6241,元大證券,2024-01-23,9800
00650L,復華香港正2,13060,8001,5059,元大證券,2024-01-23,9800
2330,台積電,5381,804,4577,元大證券,2024-01-23,9800
00753L,中信中國50正2,6718,3090,3628,元大證券,2024-01-23,9800
00646,元大S＆P500,4277,692,3585,元大證券,2024-01-23,9800
2409,友達,13937,10494,3443,元大證券,2024-01-23,9800
00937B,群益ESG投等債20,12719,9344,3375,元大證券,2024-01-23,9800
00671R,富邦NASDAQ反1,4871,1590,3281,元大證券,2024-01-23,9800
00900,富邦特選高股息30,3872,787,3085,元大證券,2024-01-23,9800
3481,群創,24628,21696,2932,元大證券,2024-01-23,9800
00931B,統一美債20年,4553,2016,2537,元大證券,2024-01-23,9800
2371,大同,3030,949,2081,元大證券,2024-01-23,9800
00631L,元大台灣50正2,1883,64,1819,元大證券,2024-01-23,9800
00679B,元大美債20年,13683,12156,1527,元大證券,2024-01-23,9800
00892,富邦台灣半導體,1573,107,1466,元大證券,2024-01-23,9800
00752,中信中國50,2755,1451,1304,元大證券,2024-01-23,9800
2313,華通,2029,765,1264,元大證券,2024-01-23,9800
00891,中信關鍵半導體,1885,803,1082,元大證券,2024-01-23,9800
0050,元大台灣50,1225,218,1007,元大證券,2024-01-23,9800
0056,元大高股息,1103,198,905,元大證券,2024-01-23,9800
00641R,富邦日本反1,1991,1093,898,元大證券,2024-01-23,9800
00930,永豐ESG低碳高息,1483,608,875,元大證券,2024-01-23,9800
00936,台新永續高息中小,1407,572,835,元大證券,2024-01-23,9800
00881,國泰台灣5G+,1634,812,822,元大證券,2024-01-23,9800
00923,群益台ESG低碳50,1482,824,658,元大證券,2024-01-23,9800
00850,元大臺灣ESG永續,630,14,616,元大證券,2024-01-23,9800
00888,永豐台灣ESG,1076,513,563,元大證券,2024-01-23,9800
00692,富邦公司治理,553,2,551,元大證券,2024-01-23,9800
00882,中信中國高股息,8448,7908,540,元大證券,2024-01-23,9800
2618,長榮航,1563,1027,536,元大證券,2024-01-23,9800
00675L,富邦臺灣加權正2,648,113,535,元大證券,2024-01-23,9800
00725B,國泰投資級公司債,2098,1575,523,元大證券,2024-01-23,9800
00773B,中信優先金融債,1132,610,522,元大證券,2024-01-23,9800
020023,元大櫃買半導體N,1215,710,505,元大證券,2024-01-23,9800
5425,台半,638,150,488,元大證券,2024-01-23,9800
2376,技嘉,1614,1161,453,元大證券,2024-01-23,9800
00902,中信電池及儲能,1374,925,449,元大證券,2024-01-23,9800
00770,國泰北美科技,438,1,437,元大證券,2024-01-23,9800
00905,FT臺灣Smart,437,5,432,元大證券,2024-01-23,9800
00636,國泰中國A50,1219,796,423,元大證券,2024-01-23,9800
00928,中信上櫃ESG30,503,101,402,元大證券,2024-01-23,9800
00926,凱基全球菁英55,703,302,401,元大證券,2024-01-23,9800
00795B,中信美國公債20年,2317,1948,369,元大證券,2024-01-23,9800
2408,南亞科,1156,799,357,元大證券,2024-01-23,9800
006205,富邦上証,1009,652,357,元大證券,2024-01-23,9800
00935,野村臺灣新科技50,1392,1049,343,元大證券,2024-01-23,9800
00896,中信綠能及電動車,753,421,332,元大證券,2024-01-23,9800
00665L,富邦�琤肭磪囓�2,19998,9278,10720,元大證券,2024-01-24,9800
0056,元大高股息,4707,165,4542,元大證券,2024-01-24,9800
00646,元大S＆P500,4156,1,4155,元大證券,2024-01-24,9800
00900,富邦特選高股息30,4520,667,3853,元大證券,2024-01-24,9800
3481,群創,9700,6687,3013,元大證券,2024-01-24,9800
00638R,元大滬深300反1,2963,454,2509,元大證券,2024-01-24,9800
00857B,永豐20年美公債,3599,1294,2305,元大證券,2024-01-24,9800
00673R,期元大S＆P原油反1,2431,159,2272,元大證券,2024-01-24,9800
9105,泰金寶-DR,2690,420,2270,元大證券,2024-01-24,9800
00878,國泰永續高股息,5981,3735,2246,元大證券,2024-01-24,9800
00933B,國泰10Y+金融債,19985,17836,2149,元大證券,2024-01-24,9800
00881,國泰台灣5G+,2367,356,2011,元大證券,2024-01-24,9800
8096,擎亞,3736,1839,1897,元大證券,2024-01-24,9800
2408,南亞科,2479,665,1814,元大證券,2024-01-24,9800
2867,三商壽,1776,155,1621,元大證券,2024-01-24,9800
00891,中信關鍵半導體,2507,1097,1410,元大證券,2024-01-24,9800
00631L,元大台灣50正2,1514,244,1270,元大證券,2024-01-24,9800
00772B,中信高評級公司債,2339,1090,1249,元大證券,2024-01-24,9800
00888,永豐台灣ESG,1092,206,886,元大證券,2024-01-24,9800
0050,元大台灣50,1086,220,866,元大證券,2024-01-24,9800
00642U,期元大S＆P石油,1065,334,731,元大證券,2024-01-24,9800
00901,永豐智能車供應鏈,686,20,666,元大證券,2024-01-24,9800
00892,富邦台灣半導體,1331,701,630,元大證券,2024-01-24,9800
00764B,群益25年美債,1064,512,552,元大證券,2024-01-24,9800
00675L,富邦臺灣加權正2,932,387,545,元大證券,2024-01-24,9800
6901,鑽石投資,574,29,545,元大證券,2024-01-24,9800
9904,寶成,657,162,495,元大證券,2024-01-24,9800
00918,大華優利高填息30,1106,637,469,元大證券,2024-01-24,9800
3041,揚智,476,25,451,元大證券,2024-01-24,9800
00713,元大台灣高息低波,628,185,443,元大證券,2024-01-24,9800
00725B,國泰投資級公司債,1271,844,427,元大證券,2024-01-24,9800
00905,FT臺灣Smart,525,103,422,元大證券,2024-01-24,9800
4909,新復興,2663,2253,410,元大證券,2024-01-24,9800
00895,富邦未來車,404,0,404,元大證券,2024-01-24,9800
00904,新光臺灣半導體30,903,511,392,元大證券,2024-01-24,9800
00935,野村臺灣新科技50,755,374,381,元大證券,2024-01-24,9800
00923,群益台ESG低碳50,798,433,365,元大證券,2024-01-24,9800
00921,兆豐龍頭等權重,477,118,359,元大證券,2024-01-24,9800
3034,聯詠,385,49,336,元大證券,2024-01-24,9800
2449,京元電子,594,268,326,元大證券,2024-01-24,9800
2369,菱生,4449,4139,310,元大證券,2024-01-24,9800
00692,富邦公司治理,372,72,300,元大證券,2024-01-24,9800
1216,統一,569,278,291,元大證券,2024-01-24,9800
00927,群益半導體收益,1063,773,290,元大證券,2024-01-24,9800
00920,富邦ESG綠色電力,268,0,268,元大證券,2024-01-24,9800
1582,信錦,282,16,266,元大證券,2024-01-24,9800
00661,元大日經225,283,22,261,元大證券,2024-01-24,9800
00773B,中信優先金融債,372,114,258,元大證券,2024-01-24,9800
3483,力致,823,569,254,元大證券,2024-01-24,9800
8086,宏捷科,306,58,248,元大證券,2024-01-24,9800
00665L,富邦�琤肭磪囓�2,35455,22919,12536,元大證券,2024-01-25,9800
00715L,期街口布蘭特正2,10055,43,10012,元大證券,2024-01-25,9800
00650L,復華香港正2,13929,9163,4766,元大證券,2024-01-25,9800
0056,元大高股息,4899,566,4333,元大證券,2024-01-25,9800
00888,永豐台灣ESG,5065,1035,4030,元大證券,2024-01-25,9800
00881,國泰台灣5G+,5074,2342,2732,元大證券,2024-01-25,9800
00891,中信關鍵半導體,4561,2187,2374,元大證券,2024-01-25,9800
0050,元大台灣50,3259,1090,2169,元大證券,2024-01-25,9800
00882,中信中國高股息,7210,5049,2161,元大證券,2024-01-25,9800
00646,元大S＆P500,2385,450,1935,元大證券,2024-01-25,9800
00927,群益半導體收益,3211,1288,1923,元大證券,2024-01-25,9800
00893,國泰智能電動車,2113,340,1773,元大證券,2024-01-25,9800
00637L,元大滬深300正2,51740,50100,1640,元大證券,2024-01-25,9800
00923,群益台ESG低碳50,1980,633,1347,元大證券,2024-01-25,9800
00895,富邦未來車,1442,100,1342,元大證券,2024-01-25,9800
00935,野村臺灣新科技50,1881,723,1158,元大證券,2024-01-25,9800
00643,群益深証中小,1395,263,1132,元大證券,2024-01-25,9800
00901,永豐智能車供應鏈,1081,28,1053,元大證券,2024-01-25,9800
1216,統一,1012,23,989,元大證券,2024-01-25,9800
00752,中信中國50,2199,1216,983,元大證券,2024-01-25,9800
3360,尚立,921,9,912,元大證券,2024-01-25,9800
3481,群創,4487,3577,910,元大證券,2024-01-25,9800
006205,富邦上証,1750,922,828,元大證券,2024-01-25,9800
00631L,元大台灣50正2,954,202,752,元大證券,2024-01-25,9800
00642U,期元大S＆P石油,1004,291,713,元大證券,2024-01-25,9800
2330,台積電,1820,1142,678,元大證券,2024-01-25,9800
2603,長榮,1261,661,600,元大證券,2024-01-25,9800
00686R,群益臺灣加權反1,878,302,576,元大證券,2024-01-25,9800
00885,富邦越南,1015,486,529,元大證券,2024-01-25,9800
2880,華南金,624,132,492,元大證券,2024-01-25,9800
00670L,富邦NASDAQ正2,660,169,491,元大證券,2024-01-25,9800
00892,富邦台灣半導體,1431,940,491,元大證券,2024-01-25,9800
2884,玉山金,647,162,485,元大證券,2024-01-25,9800
00712,復華富時不動產,4605,4121,484,元大證券,2024-01-25,9800
3711,日月光投控,639,179,460,元大證券,2024-01-25,9800
00932,兆豐永續高息等權,700,250,450,元大證券,2024-01-25,9800
00903,富邦元宇宙,493,50,443,元大證券,2024-01-25,9800
00850,元大臺灣ESG永續,665,252,413,元大證券,2024-01-25,9800
00675L,富邦臺灣加權正2,524,112,412,元大證券,2024-01-25,9800
00915,凱基優選高股息30,1878,1472,406,元大證券,2024-01-25,9800
00725B,國泰投資級公司債,2647,2250,397,元大證券,2024-01-25,9800
00664R,國泰臺灣加權反1,1352,981,371,元大證券,2024-01-25,9800
00773B,中信優先金融債,652,286,366,元大證券,2024-01-25,9800
00905,FT臺灣Smart,858,497,361,元大證券,2024-01-25,9800
00897,富邦基因免疫生技,554,209,345,元大證券,2024-01-25,9800
1504,東元,410,66,344,元大證券,2024-01-25,9800
2002,中鋼,479,144,335,元大證券,2024-01-25,9800
2303,聯電,7218,6897,321,元大證券,2024-01-25,9800
2883,凱基金,626,336,290,元大證券,2024-01-25,9800
2454,聯發科,448,180,268,元大證券,2024-01-25,9800
00715L,期街口布蘭特正2,16396,1248,15148,元大證券,2024-01-26,9800
3481,群創,12365,7388,4977,元大證券,2024-01-26,9800
00642U,期元大S＆P石油,4911,127,4784,元大證券,2024-01-26,9800
00850,元大臺灣ESG永續,3655,773,2882,元大證券,2024-01-26,9800
00646,元大S＆P500,2976,199,2777,元大證券,2024-01-26,9800
0050,元大台灣50,3254,500,2754,元大證券,2024-01-26,9800
2002,中鋼,1740,59,1681,元大證券,2024-01-26,9800
00893,國泰智能電動車,1737,204,1533,元大證券,2024-01-26,9800
00631L,元大台灣50正2,1414,66,1348,元大證券,2024-01-26,9800
00882,中信中國高股息,4824,3494,1330,元大證券,2024-01-26,9800
2603,長榮,1757,689,1068,元大證券,2024-01-26,9800
0056,元大高股息,1164,136,1028,元大證券,2024-01-26,9800
00670L,富邦NASDAQ正2,1027,79,948,元大證券,2024-01-26,9800
00876,元大全球5G,932,0,932,元大證券,2024-01-26,9800
2344,華邦電,1482,615,867,元大證券,2024-01-26,9800
2382,廣達,1708,844,864,元大證券,2024-01-26,9800
00895,富邦未來車,842,100,742,元大證券,2024-01-26,9800
00773B,中信優先金融債,901,182,719,元大證券,2024-01-26,9800
3034,聯詠,657,90,567,元大證券,2024-01-26,9800
00912,中信臺灣智慧50,565,3,562,元大證券,2024-01-26,9800
00752,中信中國50,1890,1341,549,元大證券,2024-01-26,9800
00675L,富邦臺灣加權正2,638,98,540,元大證券,2024-01-26,9800
2324,仁寶,2907,2415,492,元大證券,2024-01-26,9800
00885,富邦越南,713,245,468,元大證券,2024-01-26,9800
2409,友達,1362,918,444,元大證券,2024-01-26,9800
00639,富邦深100,824,409,415,元大證券,2024-01-26,9800
1216,統一,429,55,374,元大證券,2024-01-26,9800
00907,永豐優息存股,712,340,372,元大證券,2024-01-26,9800
00722B,群益投資級電信債,1072,708,364,元大證券,2024-01-26,9800
00674R,期元大S＆P黃金反1,360,9,351,元大證券,2024-01-26,9800
00751B,元大AAA至A公司債,2259,1916,343,元大證券,2024-01-26,9800
2886,兆豐金,413,76,337,元大證券,2024-01-26,9800
3045,台灣大,322,3,319,元大證券,2024-01-26,9800
00903,富邦元宇宙,300,1,299,元大證券,2024-01-26,9800
1326,台化,350,56,294,元大證券,2024-01-26,9800
00935,野村臺灣新科技50,1120,852,268,元大證券,2024-01-26,9800
2303,聯電,7165,6907,258,元大證券,2024-01-26,9800
00634R,富邦上証反1,284,26,258,元大證券,2024-01-26,9800
00922,國泰台灣領袖50,848,593,255,元大證券,2024-01-26,9800
6239,力成,545,291,254,元大證券,2024-01-26,9800
00690,兆豐藍籌30,274,25,249,元大證券,2024-01-26,9800
2885,元大金,315,83,232,元大證券,2024-01-26,9800
6176,瑞儀,233,9,224,元大證券,2024-01-26,9800
2440,太空梭,215,3,212,元大證券,2024-01-26,9800
2474,可成,221,16,205,元大證券,2024-01-26,9800
6237,驊訊,528,325,203,元大證券,2024-01-26,9800
2014,中鴻,229,27,202,元大證券,2024-01-26,9800
8932,智通*,338,153,185,元大證券,2024-01-26,9800
3294,英濟,192,8,184,元大證券,2024-01-26,9800
4938,和碩,228,45,183,元大證券,2024-01-26,9800
00715L,期街口布蘭特正2,22090,2633,19457,元大證券,2024-01-29,9800
00878,國泰永續高股息,8795,2631,6164,元大證券,2024-01-29,9800
00642U,期元大S＆P石油,6282,132,6150,元大證券,2024-01-29,9800
00919,群益台灣精選高息,6835,1897,4938,元大證券,2024-01-29,9800
00929,復華台灣科技優息,6120,1700,4420,元大證券,2024-01-29,9800
00900,富邦特選高股息30,3305,44,3261,元大證券,2024-01-29,9800
00881,國泰台灣5G+,4363,1552,2811,元大證券,2024-01-29,9800
3231,緯創,5400,2955,2445,元大證券,2024-01-29,9800
00850,元大臺灣ESG永續,3419,1258,2161,元大證券,2024-01-29,9800
00888,永豐台灣ESG,2155,68,2087,元大證券,2024-01-29,9800
00713,元大台灣高息低波,2031,162,1869,元大證券,2024-01-29,9800
00891,中信關鍵半導體,2458,601,1857,元大證券,2024-01-29,9800
00934,中信成長高股息,2422,741,1681,元大證券,2024-01-29,9800
2891,中信金,1710,247,1463,元大證券,2024-01-29,9800
0056,元大高股息,1382,10,1372,元大證券,2024-01-29,9800
00915,凱基優選高股息30,2032,712,1320,元大證券,2024-01-29,9800
00932,兆豐永續高息等權,1605,304,1301,元大證券,2024-01-29,9800
00936,台新永續高息中小,2204,1017,1187,元大證券,2024-01-29,9800
2303,聯電,1955,989,966,元大證券,2024-01-29,9800
2002,中鋼,1128,172,956,元大證券,2024-01-29,9800
006205,富邦上証,2235,1281,954,元大證券,2024-01-29,9800
2382,廣達,1775,882,893,元大證券,2024-01-29,9800
00918,大華優利高填息30,1303,429,874,元大證券,2024-01-29,9800
6165,浪凡,851,5,846,元大證券,2024-01-29,9800
00901,永豐智能車供應鏈,838,21,817,元大證券,2024-01-29,9800
2618,長榮航,6350,5536,814,元大證券,2024-01-29,9800
00927,群益半導體收益,1505,692,813,元大證券,2024-01-29,9800
00894,中信小資高價30,1290,509,781,元大證券,2024-01-29,9800
2313,華通,1104,354,750,元大證券,2024-01-29,9800
2301,光寶科,2528,1796,732,元大證券,2024-01-29,9800
00692,富邦公司治理,713,11,702,元大證券,2024-01-29,9800
00904,新光臺灣半導體30,732,52,680,元大證券,2024-01-29,9800
00905,FT臺灣Smart,760,86,674,元大證券,2024-01-29,9800
00631L,元大台灣50正2,786,143,643,元大證券,2024-01-29,9800
00651R,復華香港反1,694,56,638,元大證券,2024-01-29,9800
00922,國泰台灣領袖50,1188,567,621,元大證券,2024-01-29,9800
00892,富邦台灣半導體,1348,759,589,元大證券,2024-01-29,9800
00674R,期元大S＆P黃金反1,586,0,586,元大證券,2024-01-29,9800
00921,兆豐龍頭等權重,593,15,578,元大證券,2024-01-29,9800
00896,中信綠能及電動車,1037,460,577,元大證券,2024-01-29,9800
00930,永豐ESG低碳高息,1124,555,569,元大證券,2024-01-29,9800
00893,國泰智能電動車,969,421,548,元大證券,2024-01-29,9800
00912,中信臺灣智慧50,697,171,526,元大證券,2024-01-29,9800
00897,富邦基因免疫生技,653,147,506,元大證券,2024-01-29,9800
4960,誠美材,690,190,500,元大證券,2024-01-29,9800
006208,富邦台50,536,53,483,元大證券,2024-01-29,9800
1216,統一,485,36,449,元大證券,2024-01-29,9800
00712,復華富時不動產,897,464,433,元大證券,2024-01-29,9800
00907,永豐優息存股,473,42,431,元大證券,2024-01-29,9800
00670L,富邦NASDAQ正2,528,124,404,元大證券,2024-01-29,9800
00632R,元大台灣50反1,16106,4797,11309,元大證券,2024-01-30,9800
0056,元大高股息,8927,43,8884,元大證券,2024-01-30,9800
00673R,期元大S＆P原油反1,9223,2103,7120,元大證券,2024-01-30,9800
00888,永豐台灣ESG,5514,427,5087,元大證券,2024-01-30,9800
00881,國泰台灣5G+,5884,1072,4812,元大證券,2024-01-30,9800
2330,台積電,5572,1294,4278,元大證券,2024-01-30,9800
00891,中信關鍵半導體,5109,1315,3794,元大證券,2024-01-30,9800
2890,永豐金,4092,426,3666,元大證券,2024-01-30,9800
00676R,富邦臺灣加權反1,3660,548,3112,元大證券,2024-01-30,9800
2892,第一金,2951,87,2864,元大證券,2024-01-30,9800
2883,凱基金,2602,325,2277,元大證券,2024-01-30,9800
00892,富邦台灣半導體,2036,202,1834,元大證券,2024-01-30,9800
2884,玉山金,2175,397,1778,元大證券,2024-01-30,9800
00725B,國泰投資級公司債,2584,1299,1285,元大證券,2024-01-30,9800
6113,亞矽,2520,1346,1174,元大證券,2024-01-30,9800
2887,台新金,1238,77,1161,元大證券,2024-01-30,9800
00927,群益半導體收益,2214,1057,1157,元大證券,2024-01-30,9800
2891,中信金,2492,1359,1133,元大證券,2024-01-30,9800
2618,長榮航,2458,1363,1095,元大證券,2024-01-30,9800
2002,中鋼,1177,138,1039,元大證券,2024-01-30,9800
2888,新光金,1614,591,1023,元大證券,2024-01-30,9800
00923,群益台ESG低碳50,1361,362,999,元大證券,2024-01-30,9800
00740B,富邦全球投等債,1344,367,977,元大證券,2024-01-30,9800
00662,富邦NASDAQ,1188,217,971,元大證券,2024-01-30,9800
00712,復華富時不動產,1673,706,967,元大證券,2024-01-30,9800
2880,華南金,987,21,966,元大證券,2024-01-30,9800
2885,元大金,1240,298,942,元大證券,2024-01-30,9800
2886,兆豐金,2445,1512,933,元大證券,2024-01-30,9800
5880,合庫金,1046,150,896,元大證券,2024-01-30,9800
00904,新光臺灣半導體30,1308,446,862,元大證券,2024-01-30,9800
2303,聯電,1950,1092,858,元大證券,2024-01-30,9800
2317,鴻海,1110,294,816,元大證券,2024-01-30,9800
5876,上海商銀,789,2,787,元大證券,2024-01-30,9800
00900,富邦特選高股息30,2531,1766,765,元大證券,2024-01-30,9800
00706L,期元大S＆P日圓正2,1514,774,740,元大證券,2024-01-30,9800
2882,國泰金,779,51,728,元大證券,2024-01-30,9800
00686R,群益臺灣加權反1,811,95,716,元大證券,2024-01-30,9800
2801,彰銀,724,32,692,元大證券,2024-01-30,9800
00901,永豐智能車供應鏈,685,1,684,元大證券,2024-01-30,9800
3231,緯創,4785,4106,679,元大證券,2024-01-30,9800
3481,群創,4402,3739,663,元大證券,2024-01-30,9800
00751B,元大AAA至A公司債,2854,2207,647,元大證券,2024-01-30,9800
00894,中信小資高價30,1010,396,614,元大證券,2024-01-30,9800
0050,元大台灣50,1009,413,596,元大證券,2024-01-30,9800
00722B,群益投資級電信債,1034,438,596,元大證券,2024-01-30,9800
1216,統一,602,28,574,元大證券,2024-01-30,9800
2371,大同,657,97,560,元大證券,2024-01-30,9800
00905,FT臺灣Smart,623,70,553,元大證券,2024-01-30,9800
00738U,期元大道瓊白銀,546,0,546,元大證券,2024-01-30,9800
00850,元大臺灣ESG永續,903,379,524,元大證券,2024-01-30,9800
00632R,元大台灣50反1,13429,3994,9435,元大證券,2024-01-31,9800
006205,富邦上証,4165,800,3365,元大證券,2024-01-31,9800
2301,光寶科,3147,587,2560,元大證券,2024-01-31,9800
00915,凱基優選高股息30,2738,835,1903,元大證券,2024-01-31,9800
00715L,期街口布蘭特正2,3397,1653,1744,元大證券,2024-01-31,9800
2886,兆豐金,2593,897,1696,元大證券,2024-01-31,9800
00642U,期元大S＆P石油,1707,39,1668,元大證券,2024-01-31,9800
2603,長榮,1726,298,1428,元大證券,2024-01-31,9800
00772B,中信高評級公司債,2381,1279,1102,元大證券,2024-01-31,9800
00751B,元大AAA至A公司債,4692,3750,942,元大證券,2024-01-31,9800
3294,英濟,904,5,899,元大證券,2024-01-31,9800
2027,大成鋼,870,41,829,元大證券,2024-01-31,9800
00926,凱基全球菁英55,784,2,782,元大證券,2024-01-31,9800
00701,國泰股利精選30,936,180,756,元大證券,2024-01-31,9800
00686R,群益臺灣加權反1,1215,475,740,元大證券,2024-01-31,9800
00927,群益半導體收益,1549,863,686,元大證券,2024-01-31,9800
00725B,國泰投資級公司債,2073,1421,652,元大證券,2024-01-31,9800
1319,東陽,783,132,651,元大證券,2024-01-31,9800
00757,統一FANG+,672,43,629,元大證券,2024-01-31,9800
00720B,元大投資級公司債,3683,3092,591,元大證券,2024-01-31,9800
00924,復華S＆P500成長,689,114,575,元大證券,2024-01-31,9800
00713,元大台灣高息低波,981,407,574,元大證券,2024-01-31,9800
00903,富邦元宇宙,557,31,526,元大證券,2024-01-31,9800
0050,元大台灣50,725,201,524,元大證券,2024-01-31,9800
2002,中鋼,753,233,520,元大證券,2024-01-31,9800
00876,元大全球5G,506,16,490,元大證券,2024-01-31,9800
9904,寶成,510,25,485,元大證券,2024-01-31,9800
3034,聯詠,583,124,459,元大證券,2024-01-31,9800
00676R,富邦臺灣加權反1,1071,649,422,元大證券,2024-01-31,9800
00877,復華中國5G,2232,1825,407,元大證券,2024-01-31,9800
00928,中信上櫃ESG30,400,11,389,元大證券,2024-01-31,9800
2883,凱基金,637,275,362,元大證券,2024-01-31,9800
2891,中信金,619,272,347,元大證券,2024-01-31,9800
2408,南亞科,567,223,344,元大證券,2024-01-31,9800
3036,文曄,1004,673,331,元大證券,2024-01-31,9800
2881,富邦金,647,348,299,元大證券,2024-01-31,9800
00674R,期元大S＆P黃金反1,297,1,296,元大證券,2024-01-31,9800
00930,永豐ESG低碳高息,572,284,288,元大證券,2024-01-31,9800
2344,華邦電,508,230,278,元大證券,2024-01-31,9800
00901,永豐智能車供應鏈,376,100,276,元大證券,2024-01-31,9800
00857B,永豐20年美公債,1709,1446,263,元大證券,2024-01-31,9800
00892,富邦台灣半導體,567,313,254,元大證券,2024-01-31,9800
1210,大成,250,3,247,元大證券,2024-01-31,9800
6139,亞翔,1202,958,244,元大證券,2024-01-31,9800
2303,聯電,1758,1516,242,元大證券,2024-01-31,9800
00664R,國泰臺灣加權反1,1463,1228,235,元大證券,2024-01-31,9800
8054,安國,1216,995,221,元大證券,2024-01-31,9800
00640L,富邦日本正2,285,67,218,元大證券,2024-01-31,9800
00773B,中信優先金融債,513,296,217,元大證券,2024-01-31,9800
006207,復華滬深,308,91,217,元大證券,2024-01-31,9800
00680L,元大美債20正2,36506,10201,26305,元大證券,2024-02-01,9800
00632R,元大台灣50反1,14703,3534,11169,元大證券,2024-02-01,9800
00671R,富邦NASDAQ反1,5252,595,4657,元大證券,2024-02-01,9800
00932,兆豐永續高息等權,3333,80,3253,元大證券,2024-02-01,9800
00757,統一FANG+,3782,583,3199,元大證券,2024-02-01,9800
0050,元大台灣50,2966,110,2856,元大證券,2024-02-01,9800
00830,國泰費城半導體,4454,1704,2750,元大證券,2024-02-01,9800
00688L,國泰20年美債正2,7469,4744,2725,元大證券,2024-02-01,9800
2371,大同,2717,900,1817,元大證券,2024-02-01,9800
00706L,期元大S＆P日圓正2,3061,1246,1815,元大證券,2024-02-01,9800
00923,群益台ESG低碳50,2419,734,1685,元大證券,2024-02-01,9800
00664R,國泰臺灣加權反1,2526,1122,1404,元大證券,2024-02-01,9800
00881,國泰台灣5G+,2535,1370,1165,元大證券,2024-02-01,9800
00772B,中信高評級公司債,2545,1423,1122,元大證券,2024-02-01,9800
00752,中信中國50,1808,802,1006,元大證券,2024-02-01,9800
00907,永豐優息存股,1240,242,998,元大證券,2024-02-01,9800
00773B,中信優先金融債,1468,500,968,元大證券,2024-02-01,9800
00918,大華優利高填息30,1654,696,958,元大證券,2024-02-01,9800
00633L,富邦上証正2,4638,3694,944,元大證券,2024-02-01,9800
00722B,群益投資級電信債,1892,963,929,元大證券,2024-02-01,9800
2382,廣達,1964,1098,866,元大證券,2024-02-01,9800
00645,富邦日本,919,78,841,元大證券,2024-02-01,9800
00878,國泰永續高股息,7804,6975,829,元大證券,2024-02-01,9800
00661,元大日經225,810,4,806,元大證券,2024-02-01,9800
00740B,富邦全球投等債,1131,386,745,元大證券,2024-02-01,9800
3034,聯詠,849,131,718,元大證券,2024-02-01,9800
00713,元大台灣高息低波,1062,416,646,元大證券,2024-02-01,9800
00725B,國泰投資級公司債,1978,1347,631,元大證券,2024-02-01,9800
006205,富邦上証,1814,1230,584,元大證券,2024-02-01,9800
00733,富邦臺灣中小,603,34,569,元大證券,2024-02-01,9800
3268,海德威,558,3,555,元大證券,2024-02-01,9800
8086,宏捷科,586,78,508,元大證券,2024-02-01,9800
0056,元大高股息,854,396,458,元大證券,2024-02-01,9800
00936,台新永續高息中小,1435,982,453,元大證券,2024-02-01,9800
00921,兆豐龍頭等權重,662,211,451,元大證券,2024-02-01,9800
6274,台燿,1238,789,449,元大證券,2024-02-01,9800
00901,永豐智能車供應鏈,447,21,426,元大證券,2024-02-01,9800
00746B,富邦A級公司債,660,242,418,元大證券,2024-02-01,9800
3711,日月光投控,1051,660,391,元大證券,2024-02-01,9800
00631L,元大台灣50正2,567,194,373,元大證券,2024-02-01,9800
00673R,期元大S＆P原油反1,4747,4408,339,元大證券,2024-02-01,9800
6282,康舒,1415,1078,337,元大證券,2024-02-01,9800
00902,中信電池及儲能,1157,842,315,元大證券,2024-02-01,9800
2609,陽明,1859,1544,315,元大證券,2024-02-01,9800
00701,國泰股利精選30,462,161,301,元大證券,2024-02-01,9800
2331,精英,317,17,300,元大證券,2024-02-01,9800
00674R,期元大S＆P黃金反1,392,110,282,元大證券,2024-02-01,9800
00761B,國泰A級公司債,296,20,276,元大證券,2024-02-01,9800
00912,中信臺灣智慧50,371,103,268,元大證券,2024-02-01,9800
3044,健鼎,379,118,261,元大證券,2024-02-01,9800
00673R,期元大S＆P原油反1,23477,1235,22242,元大證券,2024-02-02,9800
0056,元大高股息,10117,44,10073,元大證券,2024-02-02,9800
00632R,元大台灣50反1,10569,1543,9026,元大證券,2024-02-02,9800
00688L,國泰20年美債正2,11170,2909,8261,元大證券,2024-02-02,9800
3231,緯創,10526,2690,7836,元大證券,2024-02-02,9800
00680L,元大美債20正2,11626,4075,7551,元大證券,2024-02-02,9800
00900,富邦特選高股息30,4310,590,3720,元大證券,2024-02-02,9800
00881,國泰台灣5G+,2877,98,2779,元大證券,2024-02-02,9800
00720B,元大投資級公司債,5352,2677,2675,元大證券,2024-02-02,9800
00932,兆豐永續高息等權,1898,101,1797,元大證券,2024-02-02,9800
0050,元大台灣50,1996,230,1766,元大證券,2024-02-02,9800
00923,群益台ESG低碳50,1767,46,1721,元大證券,2024-02-02,9800
2303,聯電,3001,1373,1628,元大證券,2024-02-02,9800
00896,中信綠能及電動車,1642,31,1611,元大證券,2024-02-02,9800
00893,國泰智能電動車,1698,204,1494,元大證券,2024-02-02,9800
00931B,統一美債20年,7028,5706,1322,元大證券,2024-02-02,9800
00676R,富邦臺灣加權反1,1333,105,1228,元大證券,2024-02-02,9800
00892,富邦台灣半導體,1378,194,1184,元大證券,2024-02-02,9800
00650L,復華香港正2,14311,13182,1129,元大證券,2024-02-02,9800
00773B,中信優先金融債,1718,665,1053,元大證券,2024-02-02,9800
00894,中信小資高價30,1321,313,1008,元大證券,2024-02-02,9800
00638R,元大滬深300反1,1000,0,1000,元大證券,2024-02-02,9800
00904,新光臺灣半導體30,1045,72,973,元大證券,2024-02-02,9800
00757,統一FANG+,1048,119,929,元大證券,2024-02-02,9800
00857B,永豐20年美公債,3034,2112,922,元大證券,2024-02-02,9800
00905,FT臺灣Smart,1006,124,882,元大證券,2024-02-02,9800
00891,中信關鍵半導體,2067,1258,809,元大證券,2024-02-02,9800
00850,元大臺灣ESG永續,727,1,726,元大證券,2024-02-02,9800
00692,富邦公司治理,975,306,669,元大證券,2024-02-02,9800
00640L,富邦日本正2,1048,396,652,元大證券,2024-02-02,9800
00669R,國泰美國道瓊反1,1138,487,651,元大證券,2024-02-02,9800
2603,長榮,1788,1174,614,元大證券,2024-02-02,9800
00634R,富邦上証反1,775,242,533,元大證券,2024-02-02,9800
2365,昆盈,3522,2992,530,元大證券,2024-02-02,9800
3234,光環,515,1,514,元大證券,2024-02-02,9800
00652,富邦印度,509,0,509,元大證券,2024-02-02,9800
00722B,群益投資級電信債,1144,641,503,元大證券,2024-02-02,9800
2382,廣達,2196,1726,470,元大證券,2024-02-02,9800
00671R,富邦NASDAQ反1,1674,1206,468,元大證券,2024-02-02,9800
00772B,中信高評級公司債,2243,1799,444,元大證券,2024-02-02,9800
00912,中信臺灣智慧50,497,73,424,元大證券,2024-02-02,9800
00901,永豐智能車供應鏈,405,4,401,元大證券,2024-02-02,9800
00728,第一金工業30,384,4,380,元大證券,2024-02-02,9800
8069,元太,1250,872,378,元大證券,2024-02-02,9800
00724B,群益投資級金融債,762,391,371,元大證券,2024-02-02,9800
2421,建準,2777,2481,296,元大證券,2024-02-02,9800
00888,永豐台灣ESG,546,252,294,元大證券,2024-02-02,9800
00935,野村臺灣新科技50,1731,1440,291,元大證券,2024-02-02,9800
00651R,復華香港反1,594,304,290,元大證券,2024-02-02,9800
00635U,期元大S＆P黃金,291,5,286,元大證券,2024-02-02,9800
00673R,期元大S＆P原油反1,30588,2377,28211,元大證券,2024-02-05,9800
00637L,元大滬深300正2,43727,33497,10230,元大證券,2024-02-05,9800
00893,國泰智能電動車,5656,695,4961,元大證券,2024-02-05,9800
00795B,中信美國公債20年,6471,2398,4073,元大證券,2024-02-05,9800
00665L,富邦�琤肭磪囓�2,15255,11183,4072,元大證券,2024-02-05,9800
00900,富邦特選高股息30,4926,1869,3057,元大證券,2024-02-05,9800
00895,富邦未來車,3151,114,3037,元大證券,2024-02-05,9800
00881,國泰台灣5G+,4830,1878,2952,元大證券,2024-02-05,9800
00655L,國泰中國A50正2,4857,2545,2312,元大證券,2024-02-05,9800
0050,元大台灣50,2390,218,2172,元大證券,2024-02-05,9800
00633L,富邦上証正2,6852,5143,1709,元大證券,2024-02-05,9800
3034,聯詠,1998,297,1701,元大證券,2024-02-05,9800
00664R,國泰臺灣加權反1,1950,435,1515,元大證券,2024-02-05,9800
00676R,富邦臺灣加權反1,1371,21,1350,元大證券,2024-02-05,9800
00686R,群益臺灣加權反1,1670,358,1312,元大證券,2024-02-05,9800
2303,聯電,2828,1610,1218,元大證券,2024-02-05,9800
2882,國泰金,1358,256,1102,元大證券,2024-02-05,9800
00773B,中信優先金融債,1657,574,1083,元大證券,2024-02-05,9800
00632R,元大台灣50反1,7110,6041,1069,元大證券,2024-02-05,9800
2317,鴻海,1143,126,1017,元大證券,2024-02-05,9800
00903,富邦元宇宙,999,0,999,元大證券,2024-02-05,9800
00926,凱基全球菁英55,1000,37,963,元大證券,2024-02-05,9800
00772B,中信高評級公司債,3260,2318,942,元大證券,2024-02-05,9800
00720B,元大投資級公司債,3027,2186,841,元大證券,2024-02-05,9800
00932,兆豐永續高息等權,1149,353,796,元大證券,2024-02-05,9800
00764B,群益25年美債,2847,2120,727,元大證券,2024-02-05,9800
1504,東元,893,184,709,元大證券,2024-02-05,9800
2883,凱基金,1058,358,700,元大證券,2024-02-05,9800
0056,元大高股息,1187,525,662,元大證券,2024-02-05,9800
00912,中信臺灣智慧50,749,107,642,元大證券,2024-02-05,9800
00888,永豐台灣ESG,1244,648,596,元大證券,2024-02-05,9800
00902,中信電池及儲能,1657,1128,529,元大證券,2024-02-05,9800
2382,廣達,2100,1612,488,元大證券,2024-02-05,9800
5347,世界,636,194,442,元大證券,2024-02-05,9800
00850,元大臺灣ESG永續,577,155,422,元大證券,2024-02-05,9800
00648R,元大S＆P500反1,462,67,395,元大證券,2024-02-05,9800
2449,京元電子,715,354,361,元大證券,2024-02-05,9800
8069,元太,538,179,359,元大證券,2024-02-05,9800
2409,友達,1632,1290,342,元大證券,2024-02-05,9800
00639,富邦深100,945,604,341,元大證券,2024-02-05,9800
00901,永豐智能車供應鏈,326,7,319,元大證券,2024-02-05,9800
4714,永捷,959,648,311,元大證券,2024-02-05,9800
5439,高技,400,93,307,元大證券,2024-02-05,9800
00641R,富邦日本反1,362,59,303,元大證券,2024-02-05,9800
2886,兆豐金,1909,1615,294,元大證券,2024-02-05,9800
6176,瑞儀,355,74,281,元大證券,2024-02-05,9800
00670L,富邦NASDAQ正2,525,252,273,元大證券,2024-02-05,9800
2603,長榮,906,650,256,元大證券,2024-02-05,9800
6274,台燿,1467,1213,254,元大證券,2024-02-05,9800
00885,富邦越南,1625,1383,242,元大證券,2024-02-05,9800
00637L,元大滬深300正2,31034,7695,23339,元大證券,2024-02-15,9800
0056,元大高股息,23616,659,22957,元大證券,2024-02-15,9800
00715L,期街口布蘭特正2,21860,1247,20613,元大證券,2024-02-15,9800
00891,中信關鍵半導體,8076,721,7355,元大證券,2024-02-15,9800
00881,國泰台灣5G+,8377,1126,7251,元大證券,2024-02-15,9800
00665L,富邦�琤肭磪囓�2,18123,11242,6881,元大證券,2024-02-15,9800
00892,富邦台灣半導體,7130,272,6858,元大證券,2024-02-15,9800
0050,元大台灣50,6088,423,5665,元大證券,2024-02-15,9800
00923,群益台ESG低碳50,6082,983,5099,元大證券,2024-02-15,9800
00927,群益半導體收益,5665,1160,4505,元大證券,2024-02-15,9800
00888,永豐台灣ESG,5572,1086,4486,元大證券,2024-02-15,9800
00900,富邦特選高股息30,4910,880,4030,元大證券,2024-02-15,9800
00633L,富邦上証正2,5742,1988,3754,元大證券,2024-02-15,9800
00919,群益台灣精選高息,10662,6933,3729,元大證券,2024-02-15,9800
00643,群益深証中小,4498,1306,3192,元大證券,2024-02-15,9800
00901,永豐智能車供應鏈,2960,9,2951,元大證券,2024-02-15,9800
00878,國泰永續高股息,12639,9852,2787,元大證券,2024-02-15,9800
00642U,期元大S＆P石油,2787,50,2737,元大證券,2024-02-15,9800
00773B,中信優先金融債,2654,185,2469,元大證券,2024-02-15,9800
2603,長榮,3412,983,2429,元大證券,2024-02-15,9800
00904,新光臺灣半導體30,2893,516,2377,元大證券,2024-02-15,9800
00655L,國泰中國A50正2,3156,935,2221,元大證券,2024-02-15,9800
00893,國泰智能電動車,4032,1854,2178,元大證券,2024-02-15,9800
00896,中信綠能及電動車,2319,192,2127,元大證券,2024-02-15,9800
2329,華泰,3941,1950,1991,元大證券,2024-02-15,9800
00934,中信成長高股息,3465,1609,1856,元大證券,2024-02-15,9800
00728,第一金工業30,1741,0,1741,元大證券,2024-02-15,9800
00905,FT臺灣Smart,1784,227,1557,元大證券,2024-02-15,9800
00894,中信小資高價30,1604,58,1546,元大證券,2024-02-15,9800
00631L,元大台灣50正2,2009,477,1532,元大證券,2024-02-15,9800
3231,緯創,6629,5098,1531,元大證券,2024-02-15,9800
00915,凱基優選高股息30,2024,546,1478,元大證券,2024-02-15,9800
00713,元大台灣高息低波,2414,991,1423,元大證券,2024-02-15,9800
00671R,富邦NASDAQ反1,2155,753,1402,元大證券,2024-02-15,9800
00930,永豐ESG低碳高息,1297,39,1258,元大證券,2024-02-15,9800
00932,兆豐永續高息等權,1688,440,1248,元大證券,2024-02-15,9800
006208,富邦台50,2322,1083,1239,元大證券,2024-02-15,9800
00850,元大臺灣ESG永續,1591,391,1200,元大證券,2024-02-15,9800
00675L,富邦臺灣加權正2,1517,348,1169,元大證券,2024-02-15,9800
00885,富邦越南,1168,24,1144,元大證券,2024-02-15,9800
006205,富邦上証,1429,297,1132,元大證券,2024-02-15,9800
2892,第一金,1620,569,1051,元大證券,2024-02-15,9800
2352,佳世達,1777,784,993,元大證券,2024-02-15,9800
00674R,期元大S＆P黃金反1,991,2,989,元大證券,2024-02-15,9800
00669R,國泰美國道瓊反1,1041,75,966,元大證券,2024-02-15,9800
00935,野村臺灣新科技50,2119,1169,950,元大證券,2024-02-15,9800
00724B,群益投資級金融債,1125,252,873,元大證券,2024-02-15,9800
00746B,富邦A級公司債,844,4,840,元大證券,2024-02-15,9800
2330,台積電,3448,2620,828,元大證券,2024-02-15,9800
3034,聯詠,1032,252,780,元大證券,2024-02-15,9800
0056,元大高股息,14132,132,14000,元大證券,2024-02-16,9800
00665L,富邦�琤肭磪囓�2,22810,9672,13138,元大證券,2024-02-16,9800
00715L,期街口布蘭特正2,13071,643,12428,元大證券,2024-02-16,9800
00632R,元大台灣50反1,26590,15049,11541,元大證券,2024-02-16,9800
00637L,元大滬深300正2,20698,12289,8409,元大證券,2024-02-16,9800
00900,富邦特選高股息30,5616,317,5299,元大證券,2024-02-16,9800
00830,國泰費城半導體,3664,202,3462,元大證券,2024-02-16,9800
00650L,復華香港正2,10362,7166,3196,元大證券,2024-02-16,9800
00753L,中信中國50正2,4362,1264,3098,元大證券,2024-02-16,9800
00655L,國泰中國A50正2,3833,896,2937,元大證券,2024-02-16,9800
00934,中信成長高股息,3902,1362,2540,元大證券,2024-02-16,9800
00642U,期元大S＆P石油,2196,5,2191,元大證券,2024-02-16,9800
00932,兆豐永續高息等權,2055,170,1885,元大證券,2024-02-16,9800
00725B,國泰投資級公司債,3084,1262,1822,元大證券,2024-02-16,9800
00927,群益半導體收益,2475,685,1790,元大證券,2024-02-16,9800
00893,國泰智能電動車,4610,2869,1741,元大證券,2024-02-16,9800
2330,台積電,2003,346,1657,元大證券,2024-02-16,9800
00930,永豐ESG低碳高息,1468,137,1331,元大證券,2024-02-16,9800
00892,富邦台灣半導體,1664,413,1251,元大證券,2024-02-16,9800
00882,中信中國高股息,3916,2807,1109,元大證券,2024-02-16,9800
00669R,國泰美國道瓊反1,1095,10,1085,元大證券,2024-02-16,9800
1815,富喬,3726,2649,1077,元大證券,2024-02-16,9800
006205,富邦上証,1048,43,1005,元大證券,2024-02-16,9800
00633L,富邦上証正2,3377,2431,946,元大證券,2024-02-16,9800
00936,台新永續高息中小,2197,1337,860,元大證券,2024-02-16,9800
2317,鴻海,1328,502,826,元大證券,2024-02-16,9800
00929,復華台灣科技優息,14927,14111,816,元大證券,2024-02-16,9800
00740B,富邦全球投等債,1465,656,809,元大證券,2024-02-16,9800
00662,富邦NASDAQ,890,108,782,元大證券,2024-02-16,9800
00752,中信中國50,1531,785,746,元大證券,2024-02-16,9800
2891,中信金,1408,686,722,元大證券,2024-02-16,9800
00896,中信綠能及電動車,1072,356,716,元大證券,2024-02-16,9800
00670L,富邦NASDAQ正2,692,7,685,元大證券,2024-02-16,9800
2353,宏��,5672,4989,683,元大證券,2024-02-16,9800
00746B,富邦A級公司債,730,50,680,元大證券,2024-02-16,9800
2603,長榮,1207,536,671,元大證券,2024-02-16,9800
00901,永豐智能車供應鏈,711,63,648,元大證券,2024-02-16,9800
4714,永捷,1561,924,637,元大證券,2024-02-16,9800
00907,永豐優息存股,1000,374,626,元大證券,2024-02-16,9800
3041,揚智,800,206,594,元大證券,2024-02-16,9800
00881,國泰台灣5G+,2724,2209,515,元大證券,2024-02-16,9800
0050,元大台灣50,1217,706,511,元大證券,2024-02-16,9800
00643,群益深証中小,1090,581,509,元大證券,2024-02-16,9800
00921,兆豐龍頭等權重,747,246,501,元大證券,2024-02-16,9800
00877,復華中國5G,596,101,495,元大證券,2024-02-16,9800
00923,群益台ESG低碳50,1353,869,484,元大證券,2024-02-16,9800
2303,聯電,1313,841,472,元大證券,2024-02-16,9800
4909,新復興,1089,630,459,元大證券,2024-02-16,9800
2408,南亞科,680,230,450,元大證券,2024-02-16,9800
00686R,群益臺灣加權反1,497,56,441,元大證券,2024-02-16,9800
00715L,期街口布蘭特正2,5841,1619,4222,元大證券,2024-02-19,9800
00900,富邦特選高股息30,4808,892,3916,元大證券,2024-02-19,9800
00642U,期元大S＆P石油,2995,22,2973,元大證券,2024-02-19,9800
00882,中信中國高股息,4734,1786,2948,元大證券,2024-02-19,9800
00764B,群益25年美債,3749,1006,2743,元大證券,2024-02-19,9800
00671R,富邦NASDAQ反1,2778,71,2707,元大證券,2024-02-19,9800
0056,元大高股息,2813,516,2297,元大證券,2024-02-19,9800
00772B,中信高評級公司債,3202,986,2216,元大證券,2024-02-19,9800
00664R,國泰臺灣加權反1,2569,677,1892,元大證券,2024-02-19,9800
2605,新興,1986,169,1817,元大證券,2024-02-19,9800
00795B,中信美國公債20年,3022,1270,1752,元大證券,2024-02-19,9800
00893,國泰智能電動車,1544,22,1522,元大證券,2024-02-19,9800
00740B,富邦全球投等債,1644,178,1466,元大證券,2024-02-19,9800
2603,長榮,1573,387,1186,元大證券,2024-02-19,9800
2885,元大金,1346,189,1157,元大證券,2024-02-19,9800
00888,永豐台灣ESG,1437,291,1146,元大證券,2024-02-19,9800
00927,群益半導體收益,1691,670,1021,元大證券,2024-02-19,9800
5381,合正,988,7,981,元大證券,2024-02-19,9800
00761B,國泰A級公司債,955,8,947,元大證券,2024-02-19,9800
00662,富邦NASDAQ,1281,374,907,元大證券,2024-02-19,9800
00686R,群益臺灣加權反1,887,8,879,元大證券,2024-02-19,9800
00634R,富邦上証反1,1925,1079,846,元大證券,2024-02-19,9800
6282,康舒,1574,734,840,元大證券,2024-02-19,9800
00857B,永豐20年美公債,1761,945,816,元大證券,2024-02-19,9800
00876,元大全球5G,771,22,749,元大證券,2024-02-19,9800
00932,兆豐永續高息等權,1065,322,743,元大證券,2024-02-19,9800
00655L,國泰中國A50正2,2312,1576,736,元大證券,2024-02-19,9800
2330,台積電,1075,344,731,元大證券,2024-02-19,9800
00921,兆豐龍頭等權重,689,27,662,元大證券,2024-02-19,9800
5880,合庫金,701,47,654,元大證券,2024-02-19,9800
00713,元大台灣高息低波,1051,403,648,元大證券,2024-02-19,9800
5876,上海商銀,636,1,635,元大證券,2024-02-19,9800
00896,中信綠能及電動車,1020,385,635,元大證券,2024-02-19,9800
6285,啟��,874,251,623,元大證券,2024-02-19,9800
8435,鉅邁,684,77,607,元大證券,2024-02-19,9800
00928,中信上櫃ESG30,602,0,602,元大證券,2024-02-19,9800
8086,宏捷科,1505,905,600,元大證券,2024-02-19,9800
00902,中信電池及儲能,634,43,591,元大證券,2024-02-19,9800
00877,復華中國5G,2357,1778,579,元大證券,2024-02-19,9800
00773B,中信優先金融債,843,265,578,元大證券,2024-02-19,9800
00931B,統一美債20年,1936,1365,571,元大證券,2024-02-19,9800
2892,第一金,762,193,569,元大證券,2024-02-19,9800
2890,永豐金,781,216,565,元大證券,2024-02-19,9800
2002,中鋼,685,133,552,元大證券,2024-02-19,9800
00918,大華優利高填息30,1509,1024,485,元大證券,2024-02-19,9800
3037,欣興,2538,2065,473,元大證券,2024-02-19,9800
2888,新光金,701,241,460,元大證券,2024-02-19,9800
3481,群創,9078,8651,427,元大證券,2024-02-19,9800
00901,永豐智能車供應鏈,554,133,421,元大證券,2024-02-19,9800
2303,聯電,1045,637,408,元大證券,2024-02-19,9800
0056,元大高股息,20662,139,20523,元大證券,2024-02-20,9800
00900,富邦特選高股息30,11242,2360,8882,元大證券,2024-02-20,9800
2885,元大金,6884,696,6188,元大證券,2024-02-20,9800
00919,群益台灣精選高息,17758,11975,5783,元大證券,2024-02-20,9800
00715L,期街口布蘭特正2,6031,609,5422,元大證券,2024-02-20,9800
00934,中信成長高股息,6918,2196,4722,元大證券,2024-02-20,9800
00881,國泰台灣5G+,5197,1833,3364,元大證券,2024-02-20,9800
00642U,期元大S＆P石油,3272,30,3242,元大證券,2024-02-20,9800
00929,復華台灣科技優息,11052,8281,2771,元大證券,2024-02-20,9800
00772B,中信高評級公司債,3787,1047,2740,元大證券,2024-02-20,9800
00773B,中信優先金融債,1793,21,1772,元大證券,2024-02-20,9800
00637L,元大滬深300正2,14222,12464,1758,元大證券,2024-02-20,9800
00918,大華優利高填息30,2546,842,1704,元大證券,2024-02-20,9800
00888,永豐台灣ESG,2444,759,1685,元大證券,2024-02-20,9800
2603,長榮,2467,789,1678,元大證券,2024-02-20,9800
00915,凱基優選高股息30,2317,777,1540,元大證券,2024-02-20,9800
6578,達邦蛋白,1505,0,1505,元大證券,2024-02-20,9800
00878,國泰永續高股息,6372,4885,1487,元大證券,2024-02-20,9800
00877,復華中國5G,2112,741,1371,元大證券,2024-02-20,9800
00633L,富邦上証正2,3238,2037,1201,元大證券,2024-02-20,9800
00923,群益台ESG低碳50,1753,563,1190,元大證券,2024-02-20,9800
00901,永豐智能車供應鏈,1162,0,1162,元大證券,2024-02-20,9800
00669R,國泰美國道瓊反1,1338,218,1120,元大證券,2024-02-20,9800
00892,富邦台灣半導體,2558,1443,1115,元大證券,2024-02-20,9800
00764B,群益25年美債,2730,1626,1104,元大證券,2024-02-20,9800
00932,兆豐永續高息等權,1424,352,1072,元大證券,2024-02-20,9800
00921,兆豐龍頭等權重,1078,148,930,元大證券,2024-02-20,9800
00740B,富邦全球投等債,1108,210,898,元大證券,2024-02-20,9800
00936,台新永續高息中小,1723,990,733,元大證券,2024-02-20,9800
00902,中信電池及儲能,861,142,719,元大證券,2024-02-20,9800
00631L,元大台灣50正2,730,74,656,元大證券,2024-02-20,9800
00904,新光臺灣半導體30,953,309,644,元大證券,2024-02-20,9800
006205,富邦上証,931,303,628,元大證券,2024-02-20,9800
00671R,富邦NASDAQ反1,1237,644,593,元大證券,2024-02-20,9800
00692,富邦公司治理,1180,589,591,元大證券,2024-02-20,9800
5512,力麒,862,284,578,元大證券,2024-02-20,9800
00655L,國泰中國A50正2,1452,882,570,元大證券,2024-02-20,9800
00922,國泰台灣領袖50,820,251,569,元大證券,2024-02-20,9800
00661,元大日經225,994,428,566,元大證券,2024-02-20,9800
00646,元大S＆P500,631,104,527,元大證券,2024-02-20,9800
00728,第一金工業30,522,0,522,元大證券,2024-02-20,9800
00882,中信中國高股息,3275,2798,477,元大證券,2024-02-20,9800
00893,國泰智能電動車,963,488,475,元大證券,2024-02-20,9800
3047,訊舟,2461,1996,465,元大證券,2024-02-20,9800
00912,中信臺灣智慧50,463,0,463,元大證券,2024-02-20,9800
00664R,國泰臺灣加權反1,833,372,461,元大證券,2024-02-20,9800
00930,永豐ESG低碳高息,1523,1080,443,元大證券,2024-02-20,9800
00907,永豐優息存股,1540,1124,416,元大證券,2024-02-20,9800
8059,凱碩,940,539,401,元大證券,2024-02-20,9800
2025,千興,371,12,359,元大證券,2024-02-20,9800
00665L,富邦�琤肭磪囓�2,36993,10942,26051,元大證券,2024-02-21,9800
00637L,元大滬深300正2,40978,18566,22412,元大證券,2024-02-21,9800
00650L,復華香港正2,19581,8263,11318,元大證券,2024-02-21,9800
00882,中信中國高股息,10198,1035,9163,元大證券,2024-02-21,9800
00632R,元大台灣50反1,13990,6531,7459,元大證券,2024-02-21,9800
00900,富邦特選高股息30,7960,785,7175,元大證券,2024-02-21,9800
00633L,富邦上証正2,9382,3604,5778,元大證券,2024-02-21,9800
00753L,中信中國50正2,7447,2911,4536,元大證券,2024-02-21,9800
0050,元大台灣50,3752,234,3518,元大證券,2024-02-21,9800
00655L,國泰中國A50正2,6827,3338,3489,元大證券,2024-02-21,9800
006205,富邦上証,3212,31,3181,元大證券,2024-02-21,9800
00671R,富邦NASDAQ反1,2955,0,2955,元大證券,2024-02-21,9800
00893,國泰智能電動車,3007,167,2840,元大證券,2024-02-21,9800
00636,國泰中國A50,2540,258,2282,元大證券,2024-02-21,9800
00715L,期街口布蘭特正2,3017,951,2066,元大證券,2024-02-21,9800
0056,元大高股息,2102,225,1877,元大證券,2024-02-21,9800
00642U,期元大S＆P石油,2717,1075,1642,元大證券,2024-02-21,9800
00877,復華中國5G,2735,1334,1401,元大證券,2024-02-21,9800
00927,群益半導體收益,1658,372,1286,元大證券,2024-02-21,9800
00932,兆豐永續高息等權,1276,2,1274,元大證券,2024-02-21,9800
6290,良維,2797,1654,1143,元大證券,2024-02-21,9800
00885,富邦越南,2394,1374,1020,元大證券,2024-02-21,9800
3221,台嘉碩,1001,26,975,元大證券,2024-02-21,9800
00772B,中信高評級公司債,1757,807,950,元大證券,2024-02-21,9800
2603,長榮,2131,1195,936,元大證券,2024-02-21,9800
2409,友達,1470,534,936,元大證券,2024-02-21,9800
2317,鴻海,1040,133,907,元大證券,2024-02-21,9800
2458,義隆,1138,256,882,元大證券,2024-02-21,9800
2886,兆豐金,1292,412,880,元大證券,2024-02-21,9800
00648R,元大S＆P500反1,863,0,863,元大證券,2024-02-21,9800
00645,富邦日本,825,4,821,元大證券,2024-02-21,9800
2329,華泰,4343,3554,789,元大證券,2024-02-21,9800
2330,台積電,1599,813,786,元大證券,2024-02-21,9800
00934,中信成長高股息,1865,1083,782,元大證券,2024-02-21,9800
00902,中信電池及儲能,1026,260,766,元大證券,2024-02-21,9800
00876,元大全球5G,721,1,720,元大證券,2024-02-21,9800
2883,凱基金,1024,311,713,元大證券,2024-02-21,9800
1503,士電,2787,2142,645,元大證券,2024-02-21,9800
00643,群益深証中小,1557,913,644,元大證券,2024-02-21,9800
00895,富邦未來車,633,0,633,元大證券,2024-02-21,9800
3234,光環,621,0,621,元大證券,2024-02-21,9800
2884,玉山金,766,205,561,元大證券,2024-02-21,9800
1216,統一,630,72,558,元大證券,2024-02-21,9800
2303,聯電,1109,564,545,元大證券,2024-02-21,9800
2891,中信金,712,175,537,元大證券,2024-02-21,9800
5880,合庫金,539,26,513,元大證券,2024-02-21,9800
3005,神基,2999,2496,503,元大證券,2024-02-21,9800
00764B,群益25年美債,1794,1292,502,元大證券,2024-02-21,9800
8046,南電,504,31,473,元大證券,2024-02-21,9800
00875,國泰網路資安,508,45,463,元大證券,2024-02-21,9800
0056,元大高股息,18442,61,18381,元大證券,2024-02-22,9800
00900,富邦特選高股息30,10849,1626,9223,元大證券,2024-02-22,9800
00882,中信中國高股息,8878,1514,7364,元大證券,2024-02-22,9800
00929,復華台灣科技優息,10944,4892,6052,元大證券,2024-02-22,9800
00881,國泰台灣5G+,6301,1199,5102,元大證券,2024-02-22,9800
00919,群益台灣精選高息,15729,10819,4910,元大證券,2024-02-22,9800
00878,國泰永續高股息,7708,4681,3027,元大證券,2024-02-22,9800
00764B,群益25年美債,6335,3385,2950,元大證券,2024-02-22,9800
2603,長榮,4012,1351,2661,元大證券,2024-02-22,9800
0050,元大台灣50,2664,111,2553,元大證券,2024-02-22,9800
00935,野村臺灣新科技50,2778,278,2500,元大證券,2024-02-22,9800
00923,群益台ESG低碳50,2635,239,2396,元大證券,2024-02-22,9800
00915,凱基優選高股息30,3154,839,2315,元大證券,2024-02-22,9800
00715L,期街口布蘭特正2,2691,449,2242,元大證券,2024-02-22,9800
00904,新光臺灣半導體30,2311,191,2120,元大證券,2024-02-22,9800
2313,華通,4984,3018,1966,元大證券,2024-02-22,9800
00907,永豐優息存股,2358,483,1875,元大證券,2024-02-22,9800
00888,永豐台灣ESG,2309,497,1812,元大證券,2024-02-22,9800
4904,遠傳,1802,5,1797,元大證券,2024-02-22,9800
00892,富邦台灣半導體,2463,668,1795,元大證券,2024-02-22,9800
00642U,期元大S＆P石油,1882,101,1781,元大證券,2024-02-22,9800
00891,中信關鍵半導體,3589,1833,1756,元大證券,2024-02-22,9800
00692,富邦公司治理,2496,743,1753,元大證券,2024-02-22,9800
00932,兆豐永續高息等權,1820,315,1505,元大證券,2024-02-22,9800
00918,大華優利高填息30,3030,1571,1459,元大證券,2024-02-22,9800
2330,台積電,1816,387,1429,元大證券,2024-02-22,9800
00936,台新永續高息中小,2462,1079,1383,元大證券,2024-02-22,9800
00905,FT臺灣Smart,1445,151,1294,元大證券,2024-02-22,9800
00930,永豐ESG低碳高息,1265,85,1180,元大證券,2024-02-22,9800
00921,兆豐龍頭等權重,1348,244,1104,元大證券,2024-02-22,9800
00901,永豐智能車供應鏈,1010,0,1010,元大證券,2024-02-22,9800
00927,群益半導體收益,1701,710,991,元大證券,2024-02-22,9800
00752,中信中國50,1858,944,914,元大證券,2024-02-22,9800
00728,第一金工業30,887,1,886,元大證券,2024-02-22,9800
00896,中信綠能及電動車,1037,219,818,元大證券,2024-02-22,9800
2609,陽明,2608,1800,808,元大證券,2024-02-22,9800
2317,鴻海,1311,506,805,元大證券,2024-02-22,9800
00934,中信成長高股息,3589,2793,796,元大證券,2024-02-22,9800
00877,復華中國5G,1834,1066,768,元大證券,2024-02-22,9800
00922,國泰台灣領袖50,1104,399,705,元大證券,2024-02-22,9800
3231,緯創,3361,2664,697,元大證券,2024-02-22,9800
00669R,國泰美國道瓊反1,717,23,694,元大證券,2024-02-22,9800
00911,兆豐洲際半導體,685,54,631,元大證券,2024-02-22,9800
00664R,國泰臺灣加權反1,2287,1693,594,元大證券,2024-02-22,9800
00917,中信特選金融,496,0,496,元大證券,2024-02-22,9800
00701,國泰股利精選30,489,0,489,元大證券,2024-02-22,9800
2882,國泰金,515,29,486,元大證券,2024-02-22,9800
00713,元大台灣高息低波,758,274,484,元大證券,2024-02-22,9800
9958,世紀鋼,764,289,475,元大證券,2024-02-22,9800
1815,富喬,1502,1044,458,元大證券,2024-02-22,9800
00637L,元大滬深300正2,21039,11543,9496,元大證券,2024-02-23,9800
00882,中信中國高股息,10614,2264,8350,元大證券,2024-02-23,9800
00881,國泰台灣5G+,7913,1817,6096,元大證券,2024-02-23,9800
0056,元大高股息,8283,2818,5465,元大證券,2024-02-23,9800
00830,國泰費城半導體,6284,1576,4708,元大證券,2024-02-23,9800
00662,富邦NASDAQ,3203,328,2875,元大證券,2024-02-23,9800
00632R,元大台灣50反1,22794,20010,2784,元大證券,2024-02-23,9800
00665L,富邦�琤肭磪囓�2,17647,15021,2626,元大證券,2024-02-23,9800
00919,群益台灣精選高息,15736,13291,2445,元大證券,2024-02-23,9800
00888,永豐台灣ESG,2814,400,2414,元大證券,2024-02-23,9800
00688L,國泰20年美債正2,2839,559,2280,元大證券,2024-02-23,9800
00633L,富邦上証正2,3303,1489,1814,元大證券,2024-02-23,9800
00753L,中信中國50正2,3201,1571,1630,元大證券,2024-02-23,9800
00664R,國泰臺灣加權反1,3371,1770,1601,元大證券,2024-02-23,9800
00934,中信成長高股息,4402,2990,1412,元大證券,2024-02-23,9800
00918,大華優利高填息30,3385,2075,1310,元大證券,2024-02-23,9800
00891,中信關鍵半導體,6595,5357,1238,元大證券,2024-02-23,9800
00915,凱基優選高股息30,2328,1110,1218,元大證券,2024-02-23,9800
00895,富邦未來車,1216,0,1216,元大證券,2024-02-23,9800
00715L,期街口布蘭特正2,1528,354,1174,元大證券,2024-02-23,9800
00877,復華中國5G,2159,1006,1153,元大證券,2024-02-23,9800
00642U,期元大S＆P石油,1121,10,1111,元大證券,2024-02-23,9800
00728,第一金工業30,1191,101,1090,元大證券,2024-02-23,9800
00650L,復華香港正2,9347,8329,1018,元大證券,2024-02-23,9800
00772B,中信高評級公司債,2571,1624,947,元大證券,2024-02-23,9800
00901,永豐智能車供應鏈,975,103,872,元大證券,2024-02-23,9800
00655L,國泰中國A50正2,1736,951,785,元大證券,2024-02-23,9800
00900,富邦特選高股息30,3150,2367,783,元大證券,2024-02-23,9800
00773B,中信優先金融債,1004,239,765,元大證券,2024-02-23,9800
00927,群益半導體收益,2967,2222,745,元大證券,2024-02-23,9800
00902,中信電池及儲能,744,7,737,元大證券,2024-02-23,9800
1314,中石化,737,2,735,元大證券,2024-02-23,9800
00929,復華台灣科技優息,13247,12513,734,元大證券,2024-02-23,9800
3481,群創,2717,1998,719,元大證券,2024-02-23,9800
00932,兆豐永續高息等權,1282,585,697,元大證券,2024-02-23,9800
00903,富邦元宇宙,679,2,677,元大證券,2024-02-23,9800
00896,中信綠能及電動車,1017,346,671,元大證券,2024-02-23,9800
00761B,國泰A級公司債,674,5,669,元大證券,2024-02-23,9800
00930,永豐ESG低碳高息,1646,981,665,元大證券,2024-02-23,9800
2303,聯電,1668,1057,611,元大證券,2024-02-23,9800
00669R,國泰美國道瓊反1,767,160,607,元大證券,2024-02-23,9800
00923,群益台ESG低碳50,1666,1083,583,元大證券,2024-02-23,9800
00670L,富邦NASDAQ正2,665,83,582,元大證券,2024-02-23,9800
00904,新光臺灣半導體30,1573,1017,556,元大證券,2024-02-23,9800
00661,元大日經225,579,31,548,元大證券,2024-02-23,9800
3583,辛耘,727,265,462,元大證券,2024-02-23,9800
4526,東台,481,26,455,元大證券,2024-02-23,9800
3450,聯鈞,1322,894,428,元大證券,2024-02-23,9800
3234,光環,435,8,427,元大證券,2024-02-23,9800
00894,中信小資高價30,1150,741,409,元大證券,2024-02-23,9800
00673R,期元大S＆P原油反1,20342,1372,18970,元大證券,2024-02-26,9800
00680L,元大美債20正2,13620,4575,9045,元大證券,2024-02-26,9800
00900,富邦特選高股息30,9688,2801,6887,元大證券,2024-02-26,9800
0056,元大高股息,6913,3035,3878,元大證券,2024-02-26,9800
00882,中信中國高股息,4762,1192,3570,元大證券,2024-02-26,9800
00772B,中信高評級公司債,3698,1258,2440,元大證券,2024-02-26,9800
00921,兆豐龍頭等權重,2205,351,1854,元大證券,2024-02-26,9800
00932,兆豐永續高息等權,1802,2,1800,元大證券,2024-02-26,9800
00881,國泰台灣5G+,4551,2789,1762,元大證券,2024-02-26,9800
00687B,國泰20年美債,12270,10523,1747,元大證券,2024-02-26,9800
00665L,富邦�琤肭磪囓�2,12518,10803,1715,元大證券,2024-02-26,9800
00918,大華優利高填息30,2088,564,1524,元大證券,2024-02-26,9800
00931B,統一美債20年,4617,3138,1479,元大證券,2024-02-26,9800
00764B,群益25年美債,2652,1278,1374,元大證券,2024-02-26,9800
00891,中信關鍵半導體,6432,5079,1353,元大證券,2024-02-26,9800
00936,台新永續高息中小,1870,517,1353,元大證券,2024-02-26,9800
00888,永豐台灣ESG,1562,228,1334,元大證券,2024-02-26,9800
00892,富邦台灣半導體,1726,416,1310,元大證券,2024-02-26,9800
00877,復華中國5G,1498,236,1262,元大證券,2024-02-26,9800
00907,永豐優息存股,1807,548,1259,元大證券,2024-02-26,9800
00706L,期元大S＆P日圓正2,3039,1782,1257,元大證券,2024-02-26,9800
00751B,元大AAA至A公司債,4323,3099,1224,元大證券,2024-02-26,9800
3450,聯鈞,1615,415,1200,元大證券,2024-02-26,9800
00935,野村臺灣新科技50,2353,1188,1165,元大證券,2024-02-26,9800
00901,永豐智能車供應鏈,1133,2,1131,元大證券,2024-02-26,9800
2891,中信金,1882,799,1083,元大證券,2024-02-26,9800
00934,中信成長高股息,1958,884,1074,元大證券,2024-02-26,9800
00638R,元大滬深300反1,1190,230,960,元大證券,2024-02-26,9800
3037,欣興,1950,1027,923,元大證券,2024-02-26,9800
00670L,富邦NASDAQ正2,1093,218,875,元大證券,2024-02-26,9800
2892,第一金,1134,273,861,元大證券,2024-02-26,9800
00676R,富邦臺灣加權反1,1894,1070,824,元大證券,2024-02-26,9800
1314,中石化,825,8,817,元大證券,2024-02-26,9800
00728,第一金工業30,905,89,816,元大證券,2024-02-26,9800
2610,華航,1008,195,813,元大證券,2024-02-26,9800
00722B,群益投資級電信債,1134,346,788,元大證券,2024-02-26,9800
00902,中信電池及儲能,919,173,746,元大證券,2024-02-26,9800
2618,長榮航,1067,370,697,元大證券,2024-02-26,9800
00857B,永豐20年美公債,3090,2505,585,元大證券,2024-02-26,9800
00896,中信綠能及電動車,709,129,580,元大證券,2024-02-26,9800
0050,元大台灣50,1977,1400,577,元大證券,2024-02-26,9800
00724B,群益投資級金融債,1275,708,567,元大證券,2024-02-26,9800
00905,FT臺灣Smart,746,201,545,元大證券,2024-02-26,9800
2382,廣達,1111,573,538,元大證券,2024-02-26,9800
2408,南亞科,893,366,527,元大證券,2024-02-26,9800
2371,大同,2500,1983,517,元大證券,2024-02-26,9800
2882,國泰金,624,113,511,元大證券,2024-02-26,9800
2330,台積電,1015,507,508,元大證券,2024-02-26,9800
1513,中興電,6179,5671,508,元大證券,2024-02-26,9800
5880,合庫金,619,121,498,元大證券,2024-02-26,9800
00632R,元大台灣50反1,30556,19946,10610,元大證券,2024-02-27,9800
00637L,元大滬深300正2,17605,12399,5206,元大證券,2024-02-27,9800
00715L,期街口布蘭特正2,5008,34,4974,元大證券,2024-02-27,9800
00877,復華中國5G,3564,850,2714,元大證券,2024-02-27,9800
00882,中信中國高股息,4425,1834,2591,元大證券,2024-02-27,9800
00676R,富邦臺灣加權反1,3069,1154,1915,元大證券,2024-02-27,9800
00642U,期元大S＆P石油,1793,0,1793,元大證券,2024-02-27,9800
00919,群益台灣精選高息,18453,17150,1303,元大證券,2024-02-27,9800
2301,光寶科,3601,2396,1205,元大證券,2024-02-27,9800
3481,群創,2012,1167,845,元大證券,2024-02-27,9800
2303,聯電,2385,1544,841,元大證券,2024-02-27,9800
00670L,富邦NASDAQ正2,859,26,833,元大證券,2024-02-27,9800
0050,元大台灣50,1501,712,789,元大證券,2024-02-27,9800
00633L,富邦上証正2,2340,1550,790,元大證券,2024-02-27,9800
00892,富邦台灣半導體,2501,1743,758,元大證券,2024-02-27,9800
0056,元大高股息,2967,2223,744,元大證券,2024-02-27,9800
2886,兆豐金,1639,946,693,元大證券,2024-02-27,9800
00701,國泰股利精選30,922,239,683,元大證券,2024-02-27,9800
00664R,國泰臺灣加權反1,1792,1110,682,元大證券,2024-02-27,9800
006205,富邦上証,749,68,681,元大證券,2024-02-27,9800
00902,中信電池及儲能,655,106,549,元大證券,2024-02-27,9800
2887,台新金,768,223,545,元大證券,2024-02-27,9800
1522,堤維西,1159,642,517,元大證券,2024-02-27,9800
00752,中信中國50,1155,654,501,元大證券,2024-02-27,9800
00932,兆豐永續高息等權,1162,668,494,元大證券,2024-02-27,9800
6274,台燿,1313,842,471,元大證券,2024-02-27,9800
00894,中信小資高價30,1205,733,472,元大證券,2024-02-27,9800
00903,富邦元宇宙,518,103,415,元大證券,2024-02-27,9800
00901,永豐智能車供應鏈,417,10,407,元大證券,2024-02-27,9800
2002,中鋼,888,502,386,元大證券,2024-02-27,9800
6770,力積電,597,245,352,元大證券,2024-02-27,9800
00891,中信關鍵半導體,6356,6014,342,元大證券,2024-02-27,9800
2317,鴻海,831,492,339,元大證券,2024-02-27,9800
2324,仁寶,3398,3062,336,元大證券,2024-02-27,9800
00757,統一FANG+,524,197,327,元大證券,2024-02-27,9800
2345,智邦,612,289,323,元大證券,2024-02-27,9800
1314,中石化,541,219,322,元大證券,2024-02-27,9800
5880,合庫金,416,97,319,元大證券,2024-02-27,9800
1210,大成,321,4,317,元大證券,2024-02-27,9800
00852L,國泰美國道瓊正2,315,0,315,元大證券,2024-02-27,9800
1319,東陽,1022,709,313,元大證券,2024-02-27,9800
00917,中信特選金融,296,0,296,元大證券,2024-02-27,9800
2884,玉山金,991,699,292,元大證券,2024-02-27,9800
1513,中興電,4300,4017,283,元大證券,2024-02-27,9800
3711,日月光投控,809,527,282,元大證券,2024-02-27,9800
2892,第一金,1307,1038,269,元大證券,2024-02-27,9800
00686R,群益臺灣加權反1,261,0,261,元大證券,2024-02-27,9800
0061,元大寶滬深,297,36,261,元大證券,2024-02-27,9800
00652,富邦印度,318,60,258,元大證券,2024-02-27,9800
2603,長榮,804,547,257,元大證券,2024-02-27,9800
00893,國泰智能電動車,8670,861,7809,元大證券,2024-02-29,9800
0056,元大高股息,4489,173,4316,元大證券,2024-02-29,9800
00937B,群益ESG投等債20,14162,10060,4102,元大證券,2024-02-29,9800
00642U,期元大S＆P石油,2791,39,2752,元大證券,2024-02-29,9800
2317,鴻海,2967,499,2468,元大證券,2024-02-29,9800
00830,國泰費城半導體,3630,1273,2357,元大證券,2024-02-29,9800
00933B,國泰10Y+金融債,8060,5745,2315,元大證券,2024-02-29,9800
00885,富邦越南,3426,1181,2245,元大證券,2024-02-29,9800
00662,富邦NASDAQ,2317,103,2214,元大證券,2024-02-29,9800
00878,國泰永續高股息,9018,6888,2130,元大證券,2024-02-29,9800
00900,富邦特選高股息30,4571,2493,2078,元大證券,2024-02-29,9800
3071,協禧,1646,0,1646,元大證券,2024-02-29,9800
2603,長榮,2249,652,1597,元大證券,2024-02-29,9800
1718,中纖,1626,39,1587,元大證券,2024-02-29,9800
00891,中信關鍵半導體,3484,1982,1502,元大證券,2024-02-29,9800
00921,兆豐龍頭等權重,1285,2,1283,元大證券,2024-02-29,9800
00923,群益台ESG低碳50,2074,841,1233,元大證券,2024-02-29,9800
00882,中信中國高股息,2618,1458,1160,元大證券,2024-02-29,9800
2884,玉山金,1381,309,1072,元大證券,2024-02-29,9800
00861,元大全球未來通訊,1026,3,1023,元大證券,2024-02-29,9800
2371,大同,3902,2886,1016,元大證券,2024-02-29,9800
1314,中石化,1083,108,975,元大證券,2024-02-29,9800
00757,統一FANG+,2307,1340,967,元大證券,2024-02-29,9800
2888,新光金,1348,388,960,元大證券,2024-02-29,9800
00877,復華中國5G,1836,913,923,元大證券,2024-02-29,9800
00902,中信電池及儲能,1082,165,917,元大證券,2024-02-29,9800
00725B,國泰投資級公司債,2699,1801,898,元大證券,2024-02-29,9800
006205,富邦上証,1042,174,868,元大證券,2024-02-29,9800
00715L,期街口布蘭特正2,1385,554,831,元大證券,2024-02-29,9800
00897,富邦基因免疫生技,976,178,798,元大證券,2024-02-29,9800
00932,兆豐永續高息等權,1176,404,772,元大證券,2024-02-29,9800
1514,亞力,2780,2033,747,元大證券,2024-02-29,9800
2836,高雄銀,746,44,702,元大證券,2024-02-29,9800
00772B,中信高評級公司債,2898,2219,679,元大證券,2024-02-29,9800
3231,緯創,2348,1683,665,元大證券,2024-02-29,9800
00686R,群益臺灣加權反1,776,123,653,元大證券,2024-02-29,9800
2618,長榮航,1046,421,625,元大證券,2024-02-29,9800
00876,元大全球5G,675,57,618,元大證券,2024-02-29,9800
00888,永豐台灣ESG,1206,608,598,元大證券,2024-02-29,9800
8069,元太,1893,1299,594,元大證券,2024-02-29,9800
00905,FT臺灣Smart,716,132,584,元大證券,2024-02-29,9800
2002,中鋼,841,281,560,元大證券,2024-02-29,9800
00688L,國泰20年美債正2,3813,3261,552,元大證券,2024-02-29,9800
1402,遠東新,715,182,533,元大證券,2024-02-29,9800
6290,良維,1752,1244,508,元大證券,2024-02-29,9800
00701,國泰股利精選30,504,0,504,元大證券,2024-02-29,9800
1609,大亞,1489,988,501,元大證券,2024-02-29,9800
00881,國泰台灣5G+,3291,2793,498,元大證券,2024-02-29,9800
00895,富邦未來車,1039,546,493,元大證券,2024-02-29,9800
2905,三商,500,23,477,元大證券,2024-02-29,9800
00637L,元大滬深300正2,22762,13542,9220,元大證券,2024-03-01,9800
00937B,群益ESG投等債20,12169,5327,6842,元大證券,2024-03-01,9800
00900,富邦特選高股息30,4761,868,3893,元大證券,2024-03-01,9800
00882,中信中國高股息,6048,2218,3830,元大證券,2024-03-01,9800
0056,元大高股息,2908,128,2780,元大證券,2024-03-01,9800
00665L,富邦�琤肭磪囓�2,19361,17097,2264,元大證券,2024-03-01,9800
00929,復華台灣科技優息,14198,12033,2165,元大證券,2024-03-01,9800
00877,復華中國5G,2652,520,2132,元大證券,2024-03-01,9800
3481,群創,3613,2390,1223,元大證券,2024-03-01,9800
00892,富邦台灣半導體,2111,1155,956,元大證券,2024-03-01,9800
00680L,元大美債20正2,3777,2832,945,元大證券,2024-03-01,9800
1314,中石化,889,59,830,元大證券,2024-03-01,9800
00932,兆豐永續高息等權,1016,207,809,元大證券,2024-03-01,9800
2603,長榮,3626,2852,774,元大證券,2024-03-01,9800
3036,文曄,3292,2520,772,元大證券,2024-03-01,9800
00907,永豐優息存股,1111,366,745,元大證券,2024-03-01,9800
00633L,富邦上証正2,2599,1857,742,元大證券,2024-03-01,9800
00921,兆豐龍頭等權重,1360,639,721,元大證券,2024-03-01,9800
006205,富邦上証,781,87,694,元大證券,2024-03-01,9800
00901,永豐智能車供應鏈,673,1,672,元大證券,2024-03-01,9800
00670L,富邦NASDAQ正2,762,106,656,元大證券,2024-03-01,9800
2356,英業達,1914,1290,624,元大證券,2024-03-01,9800
00936,台新永續高息中小,826,272,554,元大證券,2024-03-01,9800
00897,富邦基因免疫生技,567,38,529,元大證券,2024-03-01,9800
2301,光寶科,1119,593,526,元大證券,2024-03-01,9800
2855,統一證,532,28,504,元大證券,2024-03-01,9800
00761B,國泰A級公司債,648,172,476,元大證券,2024-03-01,9800
2425,承啟,504,52,452,元大證券,2024-03-01,9800
2371,大同,3946,3506,440,元大證券,2024-03-01,9800
00708L,期元大S＆P黃金正2,461,72,389,元大證券,2024-03-01,9800
00655L,國泰中國A50正2,1889,1513,376,元大證券,2024-03-01,9800
020040,元大上櫃ESG龍頭N,341,3,338,元大證券,2024-03-01,9800
00642U,期元大S＆P石油,392,62,330,元大證券,2024-03-01,9800
00634R,富邦上証反1,339,13,326,元大證券,2024-03-01,9800
00701,國泰股利精選30,351,29,322,元大證券,2024-03-01,9800
00651R,復華香港反1,502,180,322,元大證券,2024-03-01,9800
00885,富邦越南,1012,703,309,元大證券,2024-03-01,9800
1456,怡華,338,31,307,元大證券,2024-03-01,9800
00888,永豐台灣ESG,544,238,306,元大證券,2024-03-01,9800
9904,寶成,585,280,305,元大證券,2024-03-01,9800
3013,晟銘電,819,518,301,元大證券,2024-03-01,9800
00681R,元大美債20反1,303,5,298,元大證券,2024-03-01,9800
2385,群光,810,539,271,元大證券,2024-03-01,9800
4968,立積,742,474,268,元大證券,2024-03-01,9800
020027,元大上櫃ESG成長N,277,20,257,元大證券,2024-03-01,9800
5483,中美晶,1024,767,257,元大證券,2024-03-01,9800
6147,頎邦,739,491,248,元大證券,2024-03-01,9800
00687B,國泰20年美債,13049,12807,242,元大證券,2024-03-01,9800
00693U,期街口S＆P黃豆,230,4,226,元大證券,2024-03-01,9800
00902,中信電池及儲能,283,63,220,元大證券,2024-03-01,9800
0056,元大高股息,16610,245,16365,元大證券,2024-03-04,9800
00929,復華台灣科技優息,19917,4974,14943,元大證券,2024-03-04,9800
00900,富邦特選高股息30,8420,481,7939,元大證券,2024-03-04,9800
00680L,元大美債20正2,8944,2670,6274,元大證券,2024-03-04,9800
00888,永豐台灣ESG,4633,134,4499,元大證券,2024-03-04,9800
00715L,期街口布蘭特正2,5533,1144,4389,元大證券,2024-03-04,9800
00692,富邦公司治理,3224,3,3221,元大證券,2024-03-04,9800
00892,富邦台灣半導體,4001,1073,2928,元大證券,2024-03-04,9800
00891,中信關鍵半導體,5774,2977,2797,元大證券,2024-03-04,9800
00795B,中信美國公債20年,4445,1672,2773,元大證券,2024-03-04,9800
00752,中信中國50,3375,851,2524,元大證券,2024-03-04,9800
00881,國泰台灣5G+,5658,3198,2460,元大證券,2024-03-04,9800
00923,群益台ESG低碳50,2706,318,2388,元大證券,2024-03-04,9800
00934,中信成長高股息,4738,2357,2381,元大證券,2024-03-04,9800
00922,國泰台灣領袖50,2944,590,2354,元大證券,2024-03-04,9800
2618,長榮航,3449,1186,2263,元大證券,2024-03-04,9800
00642U,期元大S＆P石油,2364,129,2235,元大證券,2024-03-04,9800
00931B,統一美債20年,5690,3611,2079,元大證券,2024-03-04,9800
00636,國泰中國A50,2384,394,1990,元大證券,2024-03-04,9800
00688L,國泰20年美債正2,2533,574,1959,元大證券,2024-03-04,9800
2886,兆豐金,2430,695,1735,元大證券,2024-03-04,9800
00927,群益半導體收益,2982,1268,1714,元大證券,2024-03-04,9800
00665L,富邦�琤肭磪囓�2,13344,11667,1677,元大證券,2024-03-04,9800
2891,中信金,6835,5169,1666,元大證券,2024-03-04,9800
00751B,元大AAA至A公司債,3203,1803,1400,元大證券,2024-03-04,9800
006208,富邦台50,1754,367,1387,元大證券,2024-03-04,9800
00932,兆豐永續高息等權,1697,351,1346,元大證券,2024-03-04,9800
00669R,國泰美國道瓊反1,1348,10,1338,元大證券,2024-03-04,9800
00936,台新永續高息中小,2086,833,1253,元大證券,2024-03-04,9800
00737,國泰AI+Robo,1498,259,1239,元大證券,2024-03-04,9800
2603,長榮,3927,2711,1216,元大證券,2024-03-04,9800
00690,兆豐藍籌30,1144,61,1083,元大證券,2024-03-04,9800
00901,永豐智能車供應鏈,1048,16,1032,元大證券,2024-03-04,9800
8112,至上,1433,417,1016,元大證券,2024-03-04,9800
0050,元大台灣50,2126,1115,1011,元大證券,2024-03-04,9800
00772B,中信高評級公司債,2698,1708,990,元大證券,2024-03-04,9800
2324,仁寶,14871,13885,986,元大證券,2024-03-04,9800
00877,復華中國5G,2332,1394,938,元大證券,2024-03-04,9800
00725B,國泰投資級公司債,2419,1520,899,元大證券,2024-03-04,9800
00850,元大臺灣ESG永續,1009,149,860,元大證券,2024-03-04,9800
00882,中信中國高股息,3134,2276,858,元大證券,2024-03-04,9800
00753L,中信中國50正2,2499,1673,826,元大證券,2024-03-04,9800
00728,第一金工業30,767,9,758,元大證券,2024-03-04,9800
00930,永豐ESG低碳高息,1111,391,720,元大證券,2024-03-04,9800
00933B,國泰10Y+金融債,7290,6580,710,元大證券,2024-03-04,9800
3005,神基,2689,2006,683,元大證券,2024-03-04,9800
00708L,期元大S＆P黃金正2,694,19,675,元大證券,2024-03-04,9800
2303,聯電,4707,4068,639,元大證券,2024-03-04,9800
00913,兆豐台灣晶圓製造,750,123,627,元大證券,2024-03-04,9800
2367,燿華,3568,2949,619,元大證券,2024-03-04,9800
00637L,元大滬深300正2,31516,11900,19616,元大證券,2024-03-05,9800
0056,元大高股息,9497,574,8923,元大證券,2024-03-05,9800
00673R,期元大S＆P原油反1,8492,310,8182,元大證券,2024-03-05,9800
0050,元大台灣50,7947,1605,6342,元大證券,2024-03-05,9800
00662,富邦NASDAQ,5151,184,4967,元大證券,2024-03-05,9800
00929,復華台灣科技優息,11651,6835,4816,元大證券,2024-03-05,9800
00633L,富邦上証正2,6109,1529,4580,元大證券,2024-03-05,9800
00636,國泰中國A50,3555,67,3488,元大證券,2024-03-05,9800
00893,國泰智能電動車,2784,241,2543,元大證券,2024-03-05,9800
00671R,富邦NASDAQ反1,2641,222,2419,元大證券,2024-03-05,9800
00895,富邦未來車,2221,29,2192,元大證券,2024-03-05,9800
00878,國泰永續高股息,8918,6867,2051,元大證券,2024-03-05,9800
00933B,國泰10Y+金融債,5540,3624,1916,元大證券,2024-03-05,9800
00892,富邦台灣半導體,2992,1125,1867,元大證券,2024-03-05,9800
00679B,元大美債20年,6727,4971,1756,元大證券,2024-03-05,9800
8069,元太,1918,275,1643,元大證券,2024-03-05,9800
00708L,期元大S＆P黃金正2,1495,57,1438,元大證券,2024-03-05,9800
00900,富邦特選高股息30,5901,4465,1436,元大證券,2024-03-05,9800
006205,富邦上証,1733,297,1436,元大證券,2024-03-05,9800
00882,中信中國高股息,7681,6345,1336,元大證券,2024-03-05,9800
00688L,國泰20年美債正2,2440,1115,1325,元大證券,2024-03-05,9800
8112,至上,1447,252,1195,元大證券,2024-03-05,9800
00881,國泰台灣5G+,3115,2019,1096,元大證券,2024-03-05,9800
00877,復華中國5G,2016,939,1077,元大證券,2024-03-05,9800
3264,欣銓,1350,288,1062,元大證券,2024-03-05,9800
00888,永豐台灣ESG,1948,937,1011,元大證券,2024-03-05,9800
00752,中信中國50,2772,1777,995,元大證券,2024-03-05,9800
1815,富喬,4187,3205,982,元大證券,2024-03-05,9800
2618,長榮航,1810,858,952,元大證券,2024-03-05,9800
2603,長榮,2735,1864,871,元大證券,2024-03-05,9800
00701,國泰股利精選30,733,12,721,元大證券,2024-03-05,9800
2371,大同,2456,1752,704,元大證券,2024-03-05,9800
00690,兆豐藍籌30,760,153,607,元大證券,2024-03-05,9800
00725B,國泰投資級公司債,2705,2108,597,元大證券,2024-03-05,9800
00635U,期元大S＆P黃金,585,13,572,元大證券,2024-03-05,9800
3005,神基,1547,977,570,元大證券,2024-03-05,9800
0061,元大寶滬深,526,7,519,元大證券,2024-03-05,9800
00669R,國泰美國道瓊反1,508,7,501,元大證券,2024-03-05,9800
00901,永豐智能車供應鏈,574,76,498,元大證券,2024-03-05,9800
00655L,國泰中國A50正2,2494,1999,495,元大證券,2024-03-05,9800
1316,上曜,3104,2609,495,元大證券,2024-03-05,9800
00850,元大臺灣ESG永續,820,341,479,元大證券,2024-03-05,9800
2356,英業達,1816,1374,442,元大證券,2024-03-05,9800
00936,台新永續高息中小,1102,672,430,元大證券,2024-03-05,9800
00738U,期元大道瓊白銀,419,1,418,元大證券,2024-03-05,9800
00909,國泰數位支付服務,393,16,377,元大證券,2024-03-05,9800
00903,富邦元宇宙,385,14,371,元大證券,2024-03-05,9800
00722B,群益投資級電信債,891,538,353,元大證券,2024-03-05,9800
00923,群益台ESG低碳50,1835,1511,324,元大證券,2024-03-05,9800
3515,華擎,780,459,321,元大證券,2024-03-05,9800
00679B,元大美債20年,13675,4627,9048,元大證券,2024-03-06,9800
00671R,富邦NASDAQ反1,8376,223,8153,元大證券,2024-03-06,9800
00688L,國泰20年美債正2,8581,1001,7580,元大證券,2024-03-06,9800
0056,元大高股息,6104,281,5823,元大證券,2024-03-06,9800
00673R,期元大S＆P原油反1,5325,61,5264,元大證券,2024-03-06,9800
00665L,富邦�琤肭磪囓�2,16307,11577,4730,元大證券,2024-03-06,9800
00680L,元大美債20正2,4278,799,3479,元大證券,2024-03-06,9800
00882,中信中國高股息,4925,1667,3258,元大證券,2024-03-06,9800
00878,國泰永續高股息,6454,3332,3122,元大證券,2024-03-06,9800
2303,聯電,4741,1988,2753,元大證券,2024-03-06,9800
00753L,中信中國50正2,4092,1662,2430,元大證券,2024-03-06,9800
00900,富邦特選高股息30,6867,4584,2283,元大證券,2024-03-06,9800
00888,永豐台灣ESG,3008,762,2246,元大證券,2024-03-06,9800
3005,神基,2952,1114,1838,元大證券,2024-03-06,9800
00706L,期元大S＆P日圓正2,2238,589,1649,元大證券,2024-03-06,9800
00881,國泰台灣5G+,4710,3113,1597,元大證券,2024-03-06,9800
00929,復華台灣科技優息,10927,9533,1394,元大證券,2024-03-06,9800
1504,東元,2645,1311,1334,元大證券,2024-03-06,9800
00795B,中信美國公債20年,3376,2156,1220,元大證券,2024-03-06,9800
00650L,復華香港正2,12193,11001,1192,元大證券,2024-03-06,9800
00933B,國泰10Y+金融債,6503,5314,1189,元大證券,2024-03-06,9800
00764B,群益25年美債,2453,1286,1167,元大證券,2024-03-06,9800
8112,至上,1388,259,1129,元大證券,2024-03-06,9800
3702,大聯大,1373,276,1097,元大證券,2024-03-06,9800
00686R,群益臺灣加權反1,1410,322,1088,元大證券,2024-03-06,9800
2371,大同,4116,3094,1022,元大證券,2024-03-06,9800
2317,鴻海,1397,442,955,元大證券,2024-03-06,9800
00690,兆豐藍籌30,1042,191,851,元大證券,2024-03-06,9800
00922,國泰台灣領袖50,1446,650,796,元大證券,2024-03-06,9800
00713,元大台灣高息低波,1747,955,792,元大證券,2024-03-06,9800
1815,富喬,3238,2451,787,元大證券,2024-03-06,9800
00932,兆豐永續高息等權,1186,403,783,元大證券,2024-03-06,9800
2330,台積電,1331,551,780,元大證券,2024-03-06,9800
00877,復華中國5G,1742,991,751,元大證券,2024-03-06,9800
8069,元太,1207,463,744,元大證券,2024-03-06,9800
00924,復華S＆P500成長,731,0,731,元大證券,2024-03-06,9800
00633L,富邦上証正2,2226,1506,720,元大證券,2024-03-06,9800
1303,南亞,984,306,678,元大證券,2024-03-06,9800
5439,高技,1570,895,675,元大證券,2024-03-06,9800
0061,元大寶滬深,694,22,672,元大證券,2024-03-06,9800
00850,元大臺灣ESG永續,899,296,603,元大證券,2024-03-06,9800
00692,富邦公司治理,768,179,589,元大證券,2024-03-06,9800
00701,國泰股利精選30,652,68,584,元大證券,2024-03-06,9800
00636,國泰中國A50,1006,430,576,元大證券,2024-03-06,9800
00772B,中信高評級公司債,1828,1269,559,元大證券,2024-03-06,9800
3264,欣銓,663,109,554,元大證券,2024-03-06,9800
3483,力致,1743,1192,551,元大證券,2024-03-06,9800
00773B,中信優先金融債,605,87,518,元大證券,2024-03-06,9800
006207,復華滬深,499,1,498,元大證券,2024-03-06,9800
2449,京元電子,2148,1664,484,元大證券,2024-03-06,9800
00929,復華台灣科技優息,27287,15097,12190,元大證券,2024-03-07,9800
0056,元大高股息,8266,611,7655,元大證券,2024-03-07,9800
00882,中信中國高股息,9332,1734,7598,元大證券,2024-03-07,9800
00900,富邦特選高股息30,9595,4561,5034,元大證券,2024-03-07,9800
0050,元大台灣50,5925,1168,4757,元大證券,2024-03-07,9800
00931B,統一美債20年,6462,2346,4116,元大證券,2024-03-07,9800
2303,聯電,8322,4223,4099,元大證券,2024-03-07,9800
3264,欣銓,4453,445,4008,元大證券,2024-03-07,9800
00878,國泰永續高股息,14131,10516,3615,元大證券,2024-03-07,9800
00715L,期街口布蘭特正2,3936,548,3388,元大證券,2024-03-07,9800
00892,富邦台灣半導體,4534,1662,2872,元大證券,2024-03-07,9800
00934,中信成長高股息,5108,2335,2773,元大證券,2024-03-07,9800
00893,國泰智能電動車,3639,1538,2101,元大證券,2024-03-07,9800
00888,永豐台灣ESG,3031,938,2093,元大證券,2024-03-07,9800
3711,日月光投控,3693,1832,1861,元大證券,2024-03-07,9800
00772B,中信高評級公司債,3017,1261,1756,元大證券,2024-03-07,9800
00795B,中信美國公債20年,5637,3958,1679,元大證券,2024-03-07,9800
00690,兆豐藍籌30,2340,729,1611,元大證券,2024-03-07,9800
00891,中信關鍵半導體,6189,4621,1568,元大證券,2024-03-07,9800
006208,富邦台50,2190,654,1536,元大證券,2024-03-07,9800
00633L,富邦上証正2,3943,2424,1519,元大證券,2024-03-07,9800
2603,長榮,3132,1652,1480,元大證券,2024-03-07,9800
8112,至上,2819,1388,1431,元大證券,2024-03-07,9800
00688L,國泰20年美債正2,4829,3700,1129,元大證券,2024-03-07,9800
00936,台新永續高息中小,2061,1069,992,元大證券,2024-03-07,9800
1504,東元,1442,477,965,元大證券,2024-03-07,9800
8069,元太,1348,478,870,元大證券,2024-03-07,9800
00901,永豐智能車供應鏈,1159,305,854,元大證券,2024-03-07,9800
00895,富邦未來車,1385,535,850,元大證券,2024-03-07,9800
00885,富邦越南,1646,801,845,元大證券,2024-03-07,9800
00850,元大臺灣ESG永續,1539,707,832,元大證券,2024-03-07,9800
00637L,元大滬深300正2,19784,19029,755,元大證券,2024-03-07,9800
00932,兆豐永續高息等權,1258,507,751,元大證券,2024-03-07,9800
00907,永豐優息存股,1799,1087,712,元大證券,2024-03-07,9800
00752,中信中國50,1271,583,688,元大證券,2024-03-07,9800
5483,中美晶,843,164,679,元大證券,2024-03-07,9800
2317,鴻海,1798,1121,677,元大證券,2024-03-07,9800
00676R,富邦臺灣加權反1,7951,7279,672,元大證券,2024-03-07,9800
00902,中信電池及儲能,856,219,637,元大證券,2024-03-07,9800
00876,元大全球5G,634,18,616,元大證券,2024-03-07,9800
00733,富邦臺灣中小,1469,897,572,元大證券,2024-03-07,9800
00671R,富邦NASDAQ反1,4615,4054,561,元大證券,2024-03-07,9800
00635U,期元大S＆P黃金,842,331,511,元大證券,2024-03-07,9800
3171,炎洲流通,499,0,499,元大證券,2024-03-07,9800
8933,愛地雅,472,0,472,元大證券,2024-03-07,9800
00915,凱基優選高股息30,7112,6678,434,元大證券,2024-03-07,9800
00773B,中信優先金融債,650,232,418,元大證券,2024-03-07,9800
00923,群益台ESG低碳50,1964,1565,399,元大證券,2024-03-07,9800
3293,鈊象,438,68,370,元大證券,2024-03-07,9800
2609,陽明,849,506,343,元大證券,2024-03-07,9800
00929,復華台灣科技優息,58635,28592,30043,元大證券,2024-03-08,9800
00878,國泰永續高股息,34416,9898,24518,元大證券,2024-03-08,9800
2303,聯電,34666,10713,23953,元大證券,2024-03-08,9800
00900,富邦特選高股息30,25941,5414,20527,元大證券,2024-03-08,9800
00830,國泰費城半導體,12821,492,12329,元大證券,2024-03-08,9800
0056,元大高股息,12735,812,11923,元大證券,2024-03-08,9800
00882,中信中國高股息,8595,505,8090,元大證券,2024-03-08,9800
00888,永豐台灣ESG,9574,1825,7749,元大證券,2024-03-08,9800
00881,國泰台灣5G+,10327,4591,5736,元大證券,2024-03-08,9800
00665L,富邦�琤肭磪囓�2,15955,10946,5009,元大證券,2024-03-08,9800
00933B,國泰10Y+金融債,7937,4315,3622,元大證券,2024-03-08,9800
00680L,元大美債20正2,4962,1511,3451,元大證券,2024-03-08,9800
2618,長榮航,6012,2820,3192,元大證券,2024-03-08,9800
00907,永豐優息存股,4446,1423,3023,元大證券,2024-03-08,9800
00650L,復華香港正2,8952,6128,2824,元大證券,2024-03-08,9800
00715L,期街口布蘭特正2,3566,860,2706,元大證券,2024-03-08,9800
00934,中信成長高股息,7806,5189,2617,元大證券,2024-03-08,9800
00686R,群益臺灣加權反1,2654,254,2400,元大證券,2024-03-08,9800
00903,富邦元宇宙,2600,337,2263,元大證券,2024-03-08,9800
00876,元大全球5G,2459,217,2242,元大證券,2024-03-08,9800
00901,永豐智能車供應鏈,3042,866,2176,元大證券,2024-03-08,9800
00923,群益台ESG低碳50,3872,1714,2158,元大證券,2024-03-08,9800
00936,台新永續高息中小,3032,896,2136,元大證券,2024-03-08,9800
00932,兆豐永續高息等權,2813,820,1993,元大證券,2024-03-08,9800
00895,富邦未來車,3183,1336,1847,元大證券,2024-03-08,9800
00927,群益半導體收益,5007,3257,1750,元大證券,2024-03-08,9800
00850,元大臺灣ESG永續,1991,294,1697,元大證券,2024-03-08,9800
00892,富邦台灣半導體,5192,3536,1656,元大證券,2024-03-08,9800
00772B,中信高評級公司債,3523,1892,1631,元大證券,2024-03-08,9800
00891,中信關鍵半導體,10254,8700,1554,元大證券,2024-03-08,9800
2317,鴻海,2828,1276,1552,元大證券,2024-03-08,9800
00757,統一FANG+,1499,14,1485,元大證券,2024-03-08,9800
00795B,中信美國公債20年,2950,1495,1455,元大證券,2024-03-08,9800
00642U,期元大S＆P石油,1752,329,1423,元大證券,2024-03-08,9800
00670L,富邦NASDAQ正2,1636,224,1412,元大證券,2024-03-08,9800
1504,東元,1598,443,1155,元大證券,2024-03-08,9800
00752,中信中國50,1429,288,1141,元大證券,2024-03-08,9800
0050,元大台灣50,3170,2084,1086,元大證券,2024-03-08,9800
8040,九暘,1048,1,1047,元大證券,2024-03-08,9800
00931B,統一美債20年,3291,2293,998,元大證券,2024-03-08,9800
00701,國泰股利精選30,1083,102,981,元大證券,2024-03-08,9800
00635U,期元大S＆P黃金,984,8,976,元大證券,2024-03-08,9800
00905,FT臺灣Smart,1870,958,912,元大證券,2024-03-08,9800
00877,復華中國5G,1410,525,885,元大證券,2024-03-08,9800
00764B,群益25年美債,2153,1276,877,元大證券,2024-03-08,9800
00773B,中信優先金融債,1265,394,871,元大證券,2024-03-08,9800
8112,至上,1445,630,815,元大證券,2024-03-08,9800
6147,頎邦,1676,877,799,元大證券,2024-03-08,9800
00688L,國泰20年美債正2,3323,2533,790,元大證券,2024-03-08,9800
00893,國泰智能電動車,1978,1251,727,元大證券,2024-03-08,9800
00929,復華台灣科技優息,30944,8163,22781,元大證券,2024-03-11,9800
00673R,期元大S＆P原油反1,21956,337,21619,元大證券,2024-03-11,9800
00878,國泰永續高股息,25009,7069,17940,元大證券,2024-03-11,9800
00900,富邦特選高股息30,17036,3980,13056,元大證券,2024-03-11,9800
00671R,富邦NASDAQ反1,10697,1249,9448,元大證券,2024-03-11,9800
0056,元大高股息,7433,554,6879,元大證券,2024-03-11,9800
00881,國泰台灣5G+,5793,803,4990,元大證券,2024-03-11,9800
3231,緯創,9979,5694,4285,元大證券,2024-03-11,9800
00933B,國泰10Y+金融債,6783,2864,3919,元大證券,2024-03-11,9800
2317,鴻海,4940,1319,3621,元大證券,2024-03-11,9800
00934,中信成長高股息,5004,1654,3350,元大證券,2024-03-11,9800
00637L,元大滬深300正2,19460,16472,2988,元大證券,2024-03-11,9800
2303,聯電,6770,3827,2943,元大證券,2024-03-11,9800
00891,中信關鍵半導體,4729,2109,2620,元大證券,2024-03-11,9800
00655L,國泰中國A50正2,3575,1158,2417,元大證券,2024-03-11,9800
00888,永豐台灣ESG,2752,522,2230,元大證券,2024-03-11,9800
00892,富邦台灣半導體,2336,370,1966,元大證券,2024-03-11,9800
2313,華通,5906,4044,1862,元大證券,2024-03-11,9800
2330,台積電,2969,1189,1780,元大證券,2024-03-11,9800
00936,台新永續高息中小,1756,30,1726,元大證券,2024-03-11,9800
00753L,中信中國50正2,2662,1122,1540,元大證券,2024-03-11,9800
00632R,元大台灣50反1,22523,21023,1500,元大證券,2024-03-11,9800
00907,永豐優息存股,2467,997,1470,元大證券,2024-03-11,9800
00713,元大台灣高息低波,1530,424,1106,元大證券,2024-03-11,9800
00877,復華中國5G,1545,456,1089,元大證券,2024-03-11,9800
00896,中信綠能及電動車,1175,115,1060,元大證券,2024-03-11,9800
00932,兆豐永續高息等權,1068,9,1059,元大證券,2024-03-11,9800
00921,兆豐龍頭等權重,1135,79,1056,元大證券,2024-03-11,9800
3711,日月光投控,2788,1737,1051,元大證券,2024-03-11,9800
4909,新復興,1067,25,1042,元大證券,2024-03-11,9800
2883,凱基金,5323,4297,1026,元大證券,2024-03-11,9800
00901,永豐智能車供應鏈,1004,18,986,元大證券,2024-03-11,9800
00701,國泰股利精選30,936,2,934,元大證券,2024-03-11,9800
00641R,富邦日本反1,1493,606,887,元大證券,2024-03-11,9800
00724B,群益投資級金融債,1338,560,778,元大證券,2024-03-11,9800
00850,元大臺灣ESG永續,845,165,680,元大證券,2024-03-11,9800
00905,FT臺灣Smart,835,178,657,元大證券,2024-03-11,9800
2886,兆豐金,1578,925,653,元大證券,2024-03-11,9800
2834,臺企銀,1914,1271,643,元大證券,2024-03-11,9800
00903,富邦元宇宙,675,34,641,元大證券,2024-03-11,9800
00895,富邦未來車,1044,406,638,元大證券,2024-03-11,9800
8112,至上,1067,439,628,元大證券,2024-03-11,9800
00728,第一金工業30,628,2,626,元大證券,2024-03-11,9800
3481,群創,4222,3609,613,元大證券,2024-03-11,9800
4420,光明,607,0,607,元大證券,2024-03-11,9800
00920,富邦ESG綠色電力,588,16,572,元大證券,2024-03-11,9800
00772B,中信高評級公司債,2473,1972,501,元大證券,2024-03-11,9800
00893,國泰智能電動車,1732,1244,488,元大證券,2024-03-11,9800
00923,群益台ESG低碳50,1889,1424,465,元大證券,2024-03-11,9800
00636,國泰中國A50,548,109,439,元大證券,2024-03-11,9800
00900,富邦特選高股息30,14328,3240,11088,元大證券,2024-03-12,9800
00878,國泰永續高股息,12240,1271,10969,元大證券,2024-03-12,9800
00929,復華台灣科技優息,14306,5716,8590,元大證券,2024-03-12,9800
2317,鴻海,17747,9483,8264,元大證券,2024-03-12,9800
00665L,富邦�琤肭磪囓�2,19344,12406,6938,元大證券,2024-03-12,9800
0056,元大高股息,6706,330,6376,元大證券,2024-03-12,9800
2303,聯電,7381,1667,5714,元大證券,2024-03-12,9800
00688L,國泰20年美債正2,6990,1314,5676,元大證券,2024-03-12,9800
00632R,元大台灣50反1,25048,19647,5401,元大證券,2024-03-12,9800
00650L,復華香港正2,9901,4664,5237,元大證券,2024-03-12,9800
00680L,元大美債20正2,5623,733,4890,元大證券,2024-03-12,9800
00915,凱基優選高股息30,8915,5224,3691,元大證券,2024-03-12,9800
00671R,富邦NASDAQ反1,4286,716,3570,元大證券,2024-03-12,9800
00715L,期街口布蘭特正2,4112,687,3425,元大證券,2024-03-12,9800
00881,國泰台灣5G+,4482,1138,3344,元大證券,2024-03-12,9800
2891,中信金,3685,597,3088,元大證券,2024-03-12,9800
00888,永豐台灣ESG,2556,80,2476,元大證券,2024-03-12,9800
00637L,元大滬深300正2,18586,16161,2425,元大證券,2024-03-12,9800
00905,FT臺灣Smart,2451,129,2322,元大證券,2024-03-12,9800
00753L,中信中國50正2,4869,2656,2213,元大證券,2024-03-12,9800
3231,緯創,4271,2455,1816,元大證券,2024-03-12,9800
2603,長榮,3428,1661,1767,元大證券,2024-03-12,9800
2330,台積電,2415,691,1724,元大證券,2024-03-12,9800
00676R,富邦臺灣加權反1,1692,125,1567,元大證券,2024-03-12,9800
00892,富邦台灣半導體,1531,9,1522,元大證券,2024-03-12,9800
00934,中信成長高股息,2911,1400,1511,元大證券,2024-03-12,9800
00936,台新永續高息中小,2225,744,1481,元大證券,2024-03-12,9800
00764B,群益25年美債,2731,1321,1410,元大證券,2024-03-12,9800
00935,野村臺灣新科技50,2246,860,1386,元大證券,2024-03-12,9800
2313,華通,5881,4530,1351,元大證券,2024-03-12,9800
00692,富邦公司治理,1346,3,1343,元大證券,2024-03-12,9800
2887,台新金,1384,42,1342,元大證券,2024-03-12,9800
2618,長榮航,3739,2422,1317,元大證券,2024-03-12,9800
00901,永豐智能車供應鏈,1313,1,1312,元大證券,2024-03-12,9800
020027,元大上櫃ESG成長N,1300,1,1299,元大證券,2024-03-12,9800
00877,復華中國5G,2240,955,1285,元大證券,2024-03-12,9800
00907,永豐優息存股,1935,667,1268,元大證券,2024-03-12,9800
00850,元大臺灣ESG永續,1584,339,1245,元大證券,2024-03-12,9800
00861,元大全球未來通訊,1237,2,1235,元大證券,2024-03-12,9800
2886,兆豐金,2597,1363,1234,元大證券,2024-03-12,9800
00896,中信綠能及電動車,1353,130,1223,元大證券,2024-03-12,9800
3481,群創,2807,1596,1211,元大證券,2024-03-12,9800
00662,富邦NASDAQ,1119,16,1103,元大證券,2024-03-12,9800
00882,中信中國高股息,2786,1720,1066,元大證券,2024-03-12,9800
006208,富邦台50,1128,76,1052,元大證券,2024-03-12,9800
00655L,國泰中國A50正2,2263,1235,1028,元大證券,2024-03-12,9800
1504,東元,1246,269,977,元大證券,2024-03-12,9800
00638R,元大滬深300反1,1391,431,960,元大證券,2024-03-12,9800
00713,元大台灣高息低波,1524,590,934,元大證券,2024-03-12,9800
00927,群益半導體收益,1956,1092,864,元大證券,2024-03-12,9800
00680L,元大美債20正2,57961,66,57895,元大證券,2024-03-13,9800
00929,復華台灣科技優息,18454,5912,12542,元大證券,2024-03-13,9800
2303,聯電,15373,5800,9573,元大證券,2024-03-13,9800
00688L,國泰20年美債正2,10358,1861,8497,元大證券,2024-03-13,9800
0056,元大高股息,6147,396,5751,元大證券,2024-03-13,9800
2891,中信金,9135,3507,5628,元大證券,2024-03-13,9800
00753L,中信中國50正2,6140,2109,4031,元大證券,2024-03-13,9800
2317,鴻海,11721,7720,4001,元大證券,2024-03-13,9800
00893,國泰智能電動車,3244,108,3136,元大證券,2024-03-13,9800
00900,富邦特選高股息30,11170,8417,2753,元大證券,2024-03-13,9800
2890,永豐金,3063,693,2370,元大證券,2024-03-13,9800
2886,兆豐金,3140,829,2311,元大證券,2024-03-13,9800
00772B,中信高評級公司債,3069,797,2272,元大證券,2024-03-13,9800
2330,台積電,3148,1285,1863,元大證券,2024-03-13,9800
2883,凱基金,6420,4827,1593,元大證券,2024-03-13,9800
00885,富邦越南,1446,335,1111,元大證券,2024-03-13,9800
4938,和碩,1999,995,1004,元大證券,2024-03-13,9800
2885,元大金,1786,787,999,元大證券,2024-03-13,9800
00676R,富邦臺灣加權反1,1142,166,976,元大證券,2024-03-13,9800
00638R,元大滬深300反1,954,21,933,元大證券,2024-03-13,9800
2603,長榮,4097,3179,918,元大證券,2024-03-13,9800
00686R,群益臺灣加權反1,893,38,855,元大證券,2024-03-13,9800
00907,永豐優息存股,1454,663,791,元大證券,2024-03-13,9800
3711,日月光投控,1934,1181,753,元大證券,2024-03-13,9800
00903,富邦元宇宙,738,10,728,元大證券,2024-03-13,9800
00902,中信電池及儲能,743,40,703,元大證券,2024-03-13,9800
3596,智易,771,127,644,元大證券,2024-03-13,9800
3264,欣銓,948,327,621,元大證券,2024-03-13,9800
00713,元大台灣高息低波,1789,1170,619,元大證券,2024-03-13,9800
5876,上海商銀,714,100,614,元大證券,2024-03-13,9800
00670L,富邦NASDAQ正2,630,18,612,元大證券,2024-03-13,9800
2412,中華電,642,89,553,元大證券,2024-03-13,9800
00882,中信中國高股息,5502,4967,535,元大證券,2024-03-13,9800
2454,聯發科,983,460,523,元大證券,2024-03-13,9800
5469,瀚宇博,599,78,521,元大證券,2024-03-13,9800
00714,群益道瓊美國地產,492,1,491,元大證券,2024-03-13,9800
5483,中美晶,1459,971,488,元大證券,2024-03-13,9800
00740B,富邦全球投等債,596,113,483,元大證券,2024-03-13,9800
6274,台燿,1877,1396,481,元大證券,2024-03-13,9800
00877,復華中國5G,1210,746,464,元大證券,2024-03-13,9800
2301,光寶科,1837,1395,442,元大證券,2024-03-13,9800
00895,富邦未來車,514,80,434,元大證券,2024-03-13,9800
00924,復華S＆P500成長,415,0,415,元大證券,2024-03-13,9800
3042,晶技,1583,1183,400,元大證券,2024-03-13,9800
00773B,中信優先金融債,574,184,390,元大證券,2024-03-13,9800
00673R,期元大S＆P原油反1,1236,856,380,元大證券,2024-03-13,9800
00642U,期元大S＆P石油,463,85,378,元大證券,2024-03-13,9800
1216,統一,760,397,363,元大證券,2024-03-13,9800
00915,凱基優選高股息30,12386,12036,350,元大證券,2024-03-13,9800
00671R,富邦NASDAQ反1,2418,2080,338,元大證券,2024-03-13,9800
00715L,期街口布蘭特正2,6287,35,6252,元大證券,2024-03-14,9800
0056,元大高股息,4123,703,3420,元大證券,2024-03-14,9800
3481,群創,3188,1125,2063,元大證券,2024-03-14,9800
2611,志信,1870,0,1870,元大證券,2024-03-14,9800
00892,富邦台灣半導體,1882,360,1522,元大證券,2024-03-14,9800
00692,富邦公司治理,1321,93,1228,元大證券,2024-03-14,9800
00752,中信中國50,1598,401,1197,元大證券,2024-03-14,9800
00631L,元大台灣50正2,1632,531,1101,元大證券,2024-03-14,9800
9904,寶成,1338,312,1026,元大證券,2024-03-14,9800
2889,國票金,2779,1777,1002,元大證券,2024-03-14,9800
00885,富邦越南,1778,784,994,元大證券,2024-03-14,9800
6285,啟��,2029,1120,909,元大證券,2024-03-14,9800
2891,中信金,3204,2312,892,元大證券,2024-03-14,9800
00907,永豐優息存股,1355,507,848,元大證券,2024-03-14,9800
00642U,期元大S＆P石油,1573,727,846,元大證券,2024-03-14,9800
2347,聯強,1054,211,843,元大證券,2024-03-14,9800
00921,兆豐龍頭等權重,1017,282,735,元大證券,2024-03-14,9800
00671R,富邦NASDAQ反1,1069,355,714,元大證券,2024-03-14,9800
8150,南茂,795,142,653,元大證券,2024-03-14,9800
00772B,中信高評級公司債,2413,1831,582,元大證券,2024-03-14,9800
00936,台新永續高息中小,1725,1149,576,元大證券,2024-03-14,9800
00904,新光臺灣半導體30,978,415,563,元大證券,2024-03-14,9800
00701,國泰股利精選30,545,7,538,元大證券,2024-03-14,9800
00932,兆豐永續高息等權,654,137,517,元大證券,2024-03-14,9800
2882,國泰金,2468,1976,492,元大證券,2024-03-14,9800
00905,FT臺灣Smart,912,424,488,元大證券,2024-03-14,9800
00882,中信中國高股息,2306,1822,484,元大證券,2024-03-14,9800
00912,中信臺灣智慧50,483,1,482,元大證券,2024-03-14,9800
00920,富邦ESG綠色電力,474,4,470,元大證券,2024-03-14,9800
00664R,國泰臺灣加權反1,1009,541,468,元大證券,2024-03-14,9800
00773B,中信優先金融債,1073,674,399,元大證券,2024-03-14,9800
00637L,元大滬深300正2,16364,15981,383,元大證券,2024-03-14,9800
00894,中信小資高價30,1281,903,378,元大證券,2024-03-14,9800
4961,天鈺,564,186,378,元大證券,2024-03-14,9800
3596,智易,625,253,372,元大證券,2024-03-14,9800
00933B,國泰10Y+金融債,2586,2224,362,元大證券,2024-03-14,9800
1605,華新,710,370,340,元大證券,2024-03-14,9800
00738U,期元大道瓊白銀,357,23,334,元大證券,2024-03-14,9800
6806,森崴能源,598,271,327,元大證券,2024-03-14,9800
2890,永豐金,1504,1179,325,元大證券,2024-03-14,9800
00924,復華S＆P500成長,318,0,318,元大證券,2024-03-14,9800
00922,國泰台灣領袖50,1071,756,315,元大證券,2024-03-14,9800
1609,大亞,4034,3731,303,元大證券,2024-03-14,9800
4938,和碩,687,387,300,元大證券,2024-03-14,9800
00850,元大臺灣ESG永續,524,224,300,元大證券,2024-03-14,9800
8069,元太,439,139,300,元大證券,2024-03-14,9800
00690,兆豐藍籌30,643,350,293,元大證券,2024-03-14,9800
00927,群益半導體收益,2935,2644,291,元大證券,2024-03-14,9800
6239,力成,789,520,269,元大證券,2024-03-14,9800
2504,國產,319,51,268,元大證券,2024-03-14,9800
00632R,元大台灣50反1,51224,12906,38318,元大證券,2024-03-15,9800
00878,國泰永續高股息,15360,4927,10433,元大證券,2024-03-15,9800
00929,復華台灣科技優息,18441,8158,10283,元大證券,2024-03-15,9800
0056,元大高股息,10351,337,10014,元大證券,2024-03-15,9800
2317,鴻海,19839,11519,8320,元大證券,2024-03-15,9800
00715L,期街口布蘭特正2,6485,302,6183,元大證券,2024-03-15,9800
00881,國泰台灣5G+,6973,895,6078,元大證券,2024-03-15,9800
00642U,期元大S＆P石油,4184,0,4184,元大證券,2024-03-15,9800
00934,中信成長高股息,3804,1262,2542,元大證券,2024-03-15,9800
00891,中信關鍵半導體,5049,2606,2443,元大證券,2024-03-15,9800
00882,中信中國高股息,3710,1679,2031,元大證券,2024-03-15,9800
00900,富邦特選高股息30,4307,2495,1812,元大證券,2024-03-15,9800
00892,富邦台灣半導體,2040,323,1717,元大證券,2024-03-15,9800
3481,群創,6142,4441,1701,元大證券,2024-03-15,9800
00665L,富邦�琤肭磪囓�2,15450,14074,1376,元大證券,2024-03-15,9800
00923,群益台ESG低碳50,1762,415,1347,元大證券,2024-03-15,9800
3711,日月光投控,2071,845,1226,元大證券,2024-03-15,9800
00894,中信小資高價30,1355,175,1180,元大證券,2024-03-15,9800
00633L,富邦上証正2,1728,556,1172,元大證券,2024-03-15,9800
00927,群益半導體收益,1835,712,1123,元大證券,2024-03-15,9800
00905,FT臺灣Smart,1169,114,1055,元大證券,2024-03-15,9800
00861,元大全球未來通訊,1102,100,1002,元大證券,2024-03-15,9800
00676R,富邦臺灣加權反1,1743,755,988,元大證券,2024-03-15,9800
00935,野村臺灣新科技50,1240,407,833,元大證券,2024-03-15,9800
00888,永豐台灣ESG,1372,587,785,元大證券,2024-03-15,9800
3706,神達,1115,336,779,元大證券,2024-03-15,9800
00901,永豐智能車供應鏈,1183,435,748,元大證券,2024-03-15,9800
2385,群光,1205,479,726,元大證券,2024-03-15,9800
2845,遠東銀,1469,752,717,元大證券,2024-03-15,9800
2382,廣達,2863,2215,648,元大證券,2024-03-15,9800
00930,永豐ESG低碳高息,858,215,643,元大證券,2024-03-15,9800
2330,台積電,1995,1378,617,元大證券,2024-03-15,9800
00655L,國泰中國A50正2,1553,954,599,元大證券,2024-03-15,9800
00932,兆豐永續高息等權,1001,417,584,元大證券,2024-03-15,9800
00904,新光臺灣半導體30,1180,597,583,元大證券,2024-03-15,9800
00692,富邦公司治理,737,180,557,元大證券,2024-03-15,9800
4938,和碩,1393,838,555,元大證券,2024-03-15,9800
00664R,國泰臺灣加權反1,897,360,537,元大證券,2024-03-15,9800
00896,中信綠能及電動車,1377,883,494,元大證券,2024-03-15,9800
00670L,富邦NASDAQ正2,642,194,448,元大證券,2024-03-15,9800
6239,力成,1365,930,435,元大證券,2024-03-15,9800
00701,國泰股利精選30,439,6,433,元大證券,2024-03-15,9800
6139,亞翔,959,528,431,元大證券,2024-03-15,9800
00912,中信臺灣智慧50,422,4,418,元大證券,2024-03-15,9800
00674R,期元大S＆P黃金反1,518,129,389,元大證券,2024-03-15,9800
00909,國泰數位支付服務,379,0,379,元大證券,2024-03-15,9800
3661,世芯-KY,448,104,344,元大證券,2024-03-15,9800
00895,富邦未來車,697,356,341,元大證券,2024-03-15,9800
00657,國泰日經225,440,104,336,元大證券,2024-03-15,9800
1402,遠東新,989,655,334,元大證券,2024-03-15,9800
00929,復華台灣科技優息,15962,3089,12873,元大證券,2024-03-18,9800
00665L,富邦�琤肭磪囓�2,12478,6161,6317,元大證券,2024-03-18,9800
3702,大聯大,6556,313,6243,元大證券,2024-03-18,9800
0056,元大高股息,5505,236,5269,元大證券,2024-03-18,9800
2356,英業達,4804,649,4155,元大證券,2024-03-18,9800
00632R,元大台灣50反1,12975,9388,3587,元大證券,2024-03-18,9800
00715L,期街口布蘭特正2,4863,1615,3248,元大證券,2024-03-18,9800
00671R,富邦NASDAQ反1,3713,501,3212,元大證券,2024-03-18,9800
00900,富邦特選高股息30,4952,1745,3207,元大證券,2024-03-18,9800
00650L,復華香港正2,8994,5848,3146,元大證券,2024-03-18,9800
2449,京元電子,5417,2395,3022,元大證券,2024-03-18,9800
3044,健鼎,3363,559,2804,元大證券,2024-03-18,9800
2347,聯強,3022,221,2801,元大證券,2024-03-18,9800
2317,鴻海,7893,5171,2722,元大證券,2024-03-18,9800
2385,群光,3055,587,2468,元大證券,2024-03-18,9800
3034,聯詠,3120,1032,2088,元大證券,2024-03-18,9800
4938,和碩,2286,393,1893,元大證券,2024-03-18,9800
3264,欣銓,2431,598,1833,元大證券,2024-03-18,9800
2303,聯電,5872,4163,1709,元大證券,2024-03-18,9800
2836,高雄銀,2100,536,1564,元大證券,2024-03-18,9800
3711,日月光投控,2268,735,1533,元大證券,2024-03-18,9800
1319,東陽,3048,1601,1447,元大證券,2024-03-18,9800
3037,欣興,2797,1426,1371,元大證券,2024-03-18,9800
2606,裕民,1505,148,1357,元大證券,2024-03-18,9800
3041,揚智,1370,44,1326,元大證券,2024-03-18,9800
2618,長榮航,1597,308,1289,元大證券,2024-03-18,9800
00753L,中信中國50正2,6049,4762,1287,元大證券,2024-03-18,9800
00882,中信中國高股息,3888,2615,1273,元大證券,2024-03-18,9800
00915,凱基優選高股息30,7096,5824,1272,元大證券,2024-03-18,9800
3036,文曄,1875,626,1249,元大證券,2024-03-18,9800
3481,群創,4288,3040,1248,元大證券,2024-03-18,9800
00935,野村臺灣新科技50,1827,628,1199,元大證券,2024-03-18,9800
2891,中信金,2554,1437,1117,元大證券,2024-03-18,9800
2337,旺宏,1085,50,1035,元大證券,2024-03-18,9800
2845,遠東銀,1229,199,1030,元大證券,2024-03-18,9800
00901,永豐智能車供應鏈,1022,0,1022,元大證券,2024-03-18,9800
00670L,富邦NASDAQ正2,1467,451,1016,元大證券,2024-03-18,9800
00932,兆豐永續高息等權,1193,217,976,元大證券,2024-03-18,9800
00676R,富邦臺灣加權反1,1688,786,902,元大證券,2024-03-18,9800
6239,力成,1664,770,894,元大證券,2024-03-18,9800
2379,瑞昱,1194,329,865,元大證券,2024-03-18,9800
8150,南茂,922,65,857,元大證券,2024-03-18,9800
00923,群益台ESG低碳50,981,196,785,元大證券,2024-03-18,9800
4915,致伸,1292,547,745,元大證券,2024-03-18,9800
5347,世界,1357,615,742,元大證券,2024-03-18,9800
00690,兆豐藍籌30,818,99,719,元大證券,2024-03-18,9800
00888,永豐台灣ESG,1103,404,699,元大證券,2024-03-18,9800
00637L,元大滬深300正2,13074,12384,690,元大證券,2024-03-18,9800
00905,FT臺灣Smart,653,21,632,元大證券,2024-03-18,9800
00773B,中信優先金融債,1098,468,630,元大證券,2024-03-18,9800
00929,復華台灣科技優息,21763,9471,12292,元大證券,2024-03-19,9800
00632R,元大台灣50反1,23043,12780,10263,元大證券,2024-03-19,9800
00900,富邦特選高股息30,14625,6901,7724,元大證券,2024-03-19,9800
00878,國泰永續高股息,10407,2695,7712,元大證券,2024-03-19,9800
00637L,元大滬深300正2,14216,7944,6272,元大證券,2024-03-19,9800
00933B,國泰10Y+金融債,10563,5867,4696,元大證券,2024-03-19,9800
0056,元大高股息,4459,489,3970,元大證券,2024-03-19,9800
3702,大聯大,3767,543,3224,元大證券,2024-03-19,9800
00642U,期元大S＆P石油,3228,10,3218,元大證券,2024-03-19,9800
3231,緯創,6052,3008,3044,元大證券,2024-03-19,9800
00715L,期街口布蘭特正2,3421,432,2989,元大證券,2024-03-19,9800
0050,元大台灣50,3461,1269,2192,元大證券,2024-03-19,9800
5347,世界,3721,1736,1985,元大證券,2024-03-19,9800
00885,富邦越南,2182,323,1859,元大證券,2024-03-19,9800
00633L,富邦上証正2,3455,1644,1811,元大證券,2024-03-19,9800
00696B,富邦美債20年,4235,2610,1625,元大證券,2024-03-19,9800
00688L,國泰20年美債正2,4062,2448,1614,元大證券,2024-03-19,9800
4938,和碩,3377,1996,1381,元大證券,2024-03-19,9800
00876,元大全球5G,1470,97,1373,元大證券,2024-03-19,9800
00772B,中信高評級公司債,2949,1663,1286,元大證券,2024-03-19,9800
6285,啟��,2146,980,1166,元大證券,2024-03-19,9800
6147,頎邦,1758,622,1136,元大證券,2024-03-19,9800
00918,大華優利高填息30,9056,7985,1071,元大證券,2024-03-19,9800
3711,日月光投控,2136,1097,1039,元大證券,2024-03-19,9800
00740B,富邦全球投等債,1388,401,987,元大證券,2024-03-19,9800
00751B,元大AAA至A公司債,3780,2819,961,元大證券,2024-03-19,9800
00724B,群益投資級金融債,2069,1166,903,元大證券,2024-03-19,9800
3264,欣銓,1544,688,856,元大證券,2024-03-19,9800
00888,永豐台灣ESG,2130,1302,828,元大證券,2024-03-19,9800
3706,神達,3453,2697,756,元大證券,2024-03-19,9800
00928,中信上櫃ESG30,793,46,747,元大證券,2024-03-19,9800
00757,統一FANG+,751,46,705,元大證券,2024-03-19,9800
00877,復華中國5G,1146,477,669,元大證券,2024-03-19,9800
00932,兆豐永續高息等權,1150,489,661,元大證券,2024-03-19,9800
6239,力成,1479,827,652,元大證券,2024-03-19,9800
3042,晶技,1096,448,648,元大證券,2024-03-19,9800
00922,國泰台灣領袖50,1314,685,629,元大證券,2024-03-19,9800
00634R,富邦上証反1,641,12,629,元大證券,2024-03-19,9800
2641,正德,974,373,601,元大證券,2024-03-19,9800
00752,中信中國50,855,291,564,元大證券,2024-03-19,9800
00655L,國泰中國A50正2,1337,778,559,元大證券,2024-03-19,9800
00882,中信中國高股息,1676,1118,558,元大證券,2024-03-19,9800
00686R,群益臺灣加權反1,558,0,558,元大證券,2024-03-19,9800
6290,良維,857,304,553,元大證券,2024-03-19,9800
00636,國泰中國A50,827,282,545,元大證券,2024-03-19,9800
00664R,國泰臺灣加權反1,757,228,529,元大證券,2024-03-19,9800
00669R,國泰美國道瓊反1,608,101,507,元大證券,2024-03-19,9800
00725B,國泰投資級公司債,1773,1312,461,元大證券,2024-03-19,9800
2367,燿華,3682,3225,457,元大證券,2024-03-19,9800
00773B,中信優先金融債,760,305,455,元大證券,2024-03-19,9800
2891,中信金,19660,4235,15425,元大證券,2024-03-20,9800
00679B,元大美債20年,15447,4755,10692,元大證券,2024-03-20,9800
2301,光寶科,12725,3505,9220,元大證券,2024-03-20,9800
5347,世界,8791,2117,6674,元大證券,2024-03-20,9800
00918,大華優利高填息30,11294,5450,5844,元大證券,2024-03-20,9800
00715L,期街口布蘭特正2,4491,426,4065,元大證券,2024-03-20,9800
00637L,元大滬深300正2,14787,11039,3748,元大證券,2024-03-20,9800
5876,上海商銀,4077,454,3623,元大證券,2024-03-20,9800
00882,中信中國高股息,5577,2582,2995,元大證券,2024-03-20,9800
00636,國泰中國A50,2818,25,2793,元大證券,2024-03-20,9800
00915,凱基優選高股息30,9650,6955,2695,元大證券,2024-03-20,9800
5483,中美晶,4999,2334,2665,元大證券,2024-03-20,9800
2404,漢唐,2466,143,2323,元大證券,2024-03-20,9800
00696B,富邦美債20年,3853,1561,2292,元大證券,2024-03-20,9800
020038,元大ESG配息N,2058,115,1943,元大證券,2024-03-20,9800
00642U,期元大S＆P石油,1867,0,1867,元大證券,2024-03-20,9800
3231,緯創,5599,3753,1846,元大證券,2024-03-20,9800
2845,遠東銀,2054,231,1823,元大證券,2024-03-20,9800
00931B,統一美債20年,3720,1947,1773,元大證券,2024-03-20,9800
9907,統一實,2094,356,1738,元大證券,2024-03-20,9800
00933B,國泰10Y+金融債,6360,4840,1520,元大證券,2024-03-20,9800
2382,廣達,4062,2567,1495,元大證券,2024-03-20,9800
00712,復華富時不動產,1623,273,1350,元大證券,2024-03-20,9800
006205,富邦上証,1535,198,1337,元大證券,2024-03-20,9800
2359,所羅門,1152,40,1112,元大證券,2024-03-20,9800
2330,台積電,2810,1777,1033,元大證券,2024-03-20,9800
00772B,中信高評級公司債,1667,638,1029,元大證券,2024-03-20,9800
1605,華新,1466,454,1012,元大證券,2024-03-20,9800
00664R,國泰臺灣加權反1,1706,706,1000,元大證券,2024-03-20,9800
00655L,國泰中國A50正2,2068,1089,979,元大證券,2024-03-20,9800
3037,欣興,2471,1547,924,元大證券,2024-03-20,9800
00934,中信成長高股息,3100,2199,901,元大證券,2024-03-20,9800
6488,環球晶,1022,140,882,元大證券,2024-03-20,9800
00633L,富邦上証正2,2012,1194,818,元大證券,2024-03-20,9800
00881,國泰台灣5G+,2729,1935,794,元大證券,2024-03-20,9800
2357,華碩,852,93,759,元大證券,2024-03-20,9800
2603,長榮,6270,5521,749,元大證券,2024-03-20,9800
00893,國泰智能電動車,1127,421,706,元大證券,2024-03-20,9800
9904,寶成,1196,503,693,元大證券,2024-03-20,9800
8358,金居,926,282,644,元大證券,2024-03-20,9800
00713,元大台灣高息低波,1431,790,641,元大證券,2024-03-20,9800
3042,晶技,1154,531,623,元大證券,2024-03-20,9800
00936,台新永續高息中小,1886,1282,604,元大證券,2024-03-20,9800
0056,元大高股息,4456,3877,579,元大證券,2024-03-20,9800
2360,致茂,669,115,554,元大證券,2024-03-20,9800
2606,裕民,969,424,545,元大證券,2024-03-20,9800
00903,富邦元宇宙,544,0,544,元大證券,2024-03-20,9800
00665L,富邦�琤肭磪囓�2,11779,11261,518,元大證券,2024-03-20,9800
00907,永豐優息存股,1200,692,508,元大證券,2024-03-20,9800
8150,南茂,1196,696,500,元大證券,2024-03-20,9800
00878,國泰永續高股息,19099,4659,14440,元大證券,2024-03-21,9800
2301,光寶科,11835,2528,9307,元大證券,2024-03-21,9800
5347,世界,8196,799,7397,元大證券,2024-03-21,9800
00881,國泰台灣5G+,6091,729,5362,元大證券,2024-03-21,9800
00923,群益台ESG低碳50,4619,103,4516,元大證券,2024-03-21,9800
00650L,復華香港正2,10672,6443,4229,元大證券,2024-03-21,9800
00918,大華優利高填息30,8000,3920,4080,元大證券,2024-03-21,9800
00888,永豐台灣ESG,4074,11,4063,元大證券,2024-03-21,9800
00673R,期元大S＆P原油反1,5911,1903,4008,元大證券,2024-03-21,9800
00669R,國泰美國道瓊反1,3919,173,3746,元大證券,2024-03-21,9800
00712,復華富時不動產,3610,19,3591,元大證券,2024-03-21,9800
00753L,中信中國50正2,5385,1801,3584,元大證券,2024-03-21,9800
00933B,國泰10Y+金融債,11568,7985,3583,元大證券,2024-03-21,9800
00671R,富邦NASDAQ反1,4383,856,3527,元大證券,2024-03-21,9800
00900,富邦特選高股息30,6876,3350,3526,元大證券,2024-03-21,9800
00892,富邦台灣半導體,3125,0,3125,元大證券,2024-03-21,9800
00891,中信關鍵半導體,3612,732,2880,元大證券,2024-03-21,9800
00896,中信綠能及電動車,2809,3,2806,元大證券,2024-03-21,9800
5876,上海商銀,3276,695,2581,元大證券,2024-03-21,9800
6139,亞翔,3219,730,2489,元大證券,2024-03-21,9800
00882,中信中國高股息,3651,1173,2478,元大證券,2024-03-21,9800
00934,中信成長高股息,3393,1062,2331,元大證券,2024-03-21,9800
00921,兆豐龍頭等權重,5778,3517,2261,元大證券,2024-03-21,9800
00922,國泰台灣領袖50,2356,118,2238,元大證券,2024-03-21,9800
00929,復華台灣科技優息,9141,6991,2150,元大證券,2024-03-21,9800
2303,聯電,5123,3039,2084,元大證券,2024-03-21,9800
00764B,群益25年美債,4340,2291,2049,元大證券,2024-03-21,9800
00915,凱基優選高股息30,5924,3919,2005,元大證券,2024-03-21,9800
00907,永豐優息存股,2145,162,1983,元大證券,2024-03-21,9800
00930,永豐ESG低碳高息,3330,1380,1950,元大證券,2024-03-21,9800
2408,南亞科,4614,2669,1945,元大證券,2024-03-21,9800
00850,元大臺灣ESG永續,2167,236,1931,元大證券,2024-03-21,9800
00935,野村臺灣新科技50,3063,1208,1855,元大證券,2024-03-21,9800
006208,富邦台50,1916,114,1802,元大證券,2024-03-21,9800
0056,元大高股息,1566,73,1493,元大證券,2024-03-21,9800
00905,FT臺灣Smart,1442,79,1363,元大證券,2024-03-21,9800
00692,富邦公司治理,1181,1,1180,元大證券,2024-03-21,9800
00894,中信小資高價30,1255,105,1150,元大證券,2024-03-21,9800
2883,凱基金,3152,2040,1112,元大證券,2024-03-21,9800
2317,鴻海,10229,9142,1087,元大證券,2024-03-21,9800
00885,富邦越南,2316,1255,1061,元大證券,2024-03-21,9800
3260,威剛,1785,731,1054,元大證券,2024-03-21,9800
00904,新光臺灣半導體30,1184,131,1053,元大證券,2024-03-21,9800
2382,廣達,2632,1656,976,元大證券,2024-03-21,9800
00901,永豐智能車供應鏈,921,1,920,元大證券,2024-03-21,9800
00936,台新永續高息中小,1053,139,914,元大證券,2024-03-21,9800
1314,中石化,922,11,911,元大證券,2024-03-21,9800
00932,兆豐永續高息等權,1025,117,908,元大證券,2024-03-21,9800
6488,環球晶,1135,227,908,元大證券,2024-03-21,9800
00701,國泰股利精選30,894,2,892,元大證券,2024-03-21,9800
00937B,群益ESG投等債20,48630,13749,34881,元大證券,2024-03-22,9800
00632R,元大台灣50反1,44096,27756,16340,元大證券,2024-03-22,9800
00929,復華台灣科技優息,15724,4002,11722,元大證券,2024-03-22,9800
0056,元大高股息,9252,377,8875,元大證券,2024-03-22,9800
00637L,元大滬深300正2,21615,15312,6303,元大證券,2024-03-22,9800
5347,世界,8149,2510,5639,元大證券,2024-03-22,9800
00673R,期元大S＆P原油反1,7605,2031,5574,元大證券,2024-03-22,9800
3481,群創,10547,5725,4822,元大證券,2024-03-22,9800
00933B,國泰10Y+金融債,13204,8667,4537,元大證券,2024-03-22,9800
2890,永豐金,5170,843,4327,元大證券,2024-03-22,9800
5876,上海商銀,4322,211,4111,元大證券,2024-03-22,9800
2301,光寶科,5046,1383,3663,元大證券,2024-03-22,9800
00679B,元大美債20年,11149,7739,3410,元大證券,2024-03-22,9800
00881,國泰台灣5G+,3955,943,3012,元大證券,2024-03-22,9800
00687B,國泰20年美債,17649,14765,2884,元大證券,2024-03-22,9800
0050,元大台灣50,2754,80,2674,元大證券,2024-03-22,9800
00878,國泰永續高股息,6358,3974,2384,元大證券,2024-03-22,9800
00900,富邦特選高股息30,7404,5036,2368,元大證券,2024-03-22,9800
2464,盟立,3115,1020,2095,元大證券,2024-03-22,9800
00885,富邦越南,3499,1412,2087,元大證券,2024-03-22,9800
00934,中信成長高股息,3493,1437,2056,元大證券,2024-03-22,9800
00795B,中信美國公債20年,4832,2796,2036,元大證券,2024-03-22,9800
2356,英業達,13615,12191,1424,元大證券,2024-03-22,9800
00922,國泰台灣領袖50,1701,282,1419,元大證券,2024-03-22,9800
2303,聯電,6559,5151,1408,元大證券,2024-03-22,9800
00686R,群益臺灣加權反1,1396,39,1357,元大證券,2024-03-22,9800
00712,復華富時不動產,2283,979,1304,元大證券,2024-03-22,9800
2504,國產,1273,47,1226,元大證券,2024-03-22,9800
00915,凱基優選高股息30,5421,4244,1177,元大證券,2024-03-22,9800
00882,中信中國高股息,2796,1706,1090,元大證券,2024-03-22,9800
00896,中信綠能及電動車,1063,192,871,元大證券,2024-03-22,9800
1609,大亞,3946,3107,839,元大證券,2024-03-22,9800
6488,環球晶,957,134,823,元大證券,2024-03-22,9800
2382,廣達,3271,2514,757,元大證券,2024-03-22,9800
2359,所羅門,714,13,701,元大證券,2024-03-22,9800
9958,世紀鋼,1336,655,681,元大證券,2024-03-22,9800
5439,高技,1060,402,658,元大證券,2024-03-22,9800
2308,台達電,4279,3628,651,元大證券,2024-03-22,9800
8210,勤誠,701,53,648,元大證券,2024-03-22,9800
00935,野村臺灣新科技50,1064,421,643,元大證券,2024-03-22,9800
3037,欣興,1879,1290,589,元大證券,2024-03-22,9800
1319,東陽,823,243,580,元大證券,2024-03-22,9800
2884,玉山金,1241,671,570,元大證券,2024-03-22,9800
00895,富邦未來車,659,100,559,元大證券,2024-03-22,9800
3231,緯創,2915,2387,528,元大證券,2024-03-22,9800
2313,華通,1247,735,512,元大證券,2024-03-22,9800
3058,立德,517,5,512,元大證券,2024-03-22,9800
00921,兆豐龍頭等權重,626,168,458,元大證券,2024-03-22,9800
00670L,富邦NASDAQ正2,525,69,456,元大證券,2024-03-22,9800
00640L,富邦日本正2,625,180,445,元大證券,2024-03-22,9800
00632R,元大台灣50反1,39430,25508,13922,元大證券,2024-03-25,9800
00937B,群益ESG投等債20,22869,13731,9138,元大證券,2024-03-25,9800
00687B,國泰20年美債,14796,9631,5165,元大證券,2024-03-25,9800
00929,復華台灣科技優息,12483,7538,4945,元大證券,2024-03-25,9800
00673R,期元大S＆P原油反1,5183,1493,3690,元大證券,2024-03-25,9800
00882,中信中國高股息,4932,1559,3373,元大證券,2024-03-25,9800
00669R,國泰美國道瓊反1,3355,0,3355,元大證券,2024-03-25,9800
2317,鴻海,8661,5618,3043,元大證券,2024-03-25,9800
2883,凱基金,3924,1272,2652,元大證券,2024-03-25,9800
00900,富邦特選高股息30,3607,1249,2358,元大證券,2024-03-25,9800
1605,華新,2703,651,2052,元大證券,2024-03-25,9800
00671R,富邦NASDAQ反1,2206,308,1898,元大證券,2024-03-25,9800
6274,台燿,3038,1375,1663,元大證券,2024-03-25,9800
00885,富邦越南,2694,1099,1595,元大證券,2024-03-25,9800
2371,大同,4188,2668,1520,元大證券,2024-03-25,9800
2408,南亞科,1879,491,1388,元大證券,2024-03-25,9800
00650L,復華香港正2,7915,6571,1344,元大證券,2024-03-25,9800
2313,華通,1523,254,1269,元大證券,2024-03-25,9800
00893,國泰智能電動車,1370,108,1262,元大證券,2024-03-25,9800
4938,和碩,2174,985,1189,元大證券,2024-03-25,9800
00696B,富邦美債20年,3582,2396,1186,元大證券,2024-03-25,9800
6257,矽格,1181,65,1116,元大證券,2024-03-25,9800
0056,元大高股息,2062,970,1092,元大證券,2024-03-25,9800
5347,世界,1644,556,1088,元大證券,2024-03-25,9800
00670L,富邦NASDAQ正2,1079,19,1060,元大證券,2024-03-25,9800
00724B,群益投資級金融債,1500,454,1046,元大證券,2024-03-25,9800
3702,大聯大,1095,68,1027,元大證券,2024-03-25,9800
00712,復華富時不動產,2264,1244,1020,元大證券,2024-03-25,9800
2891,中信金,1680,717,963,元大證券,2024-03-25,9800
1216,統一,1283,343,940,元大證券,2024-03-25,9800
6147,頎邦,1659,756,903,元大證券,2024-03-25,9800
00633L,富邦上証正2,2231,1379,852,元大證券,2024-03-25,9800
00725B,國泰投資級公司債,2685,1869,816,元大證券,2024-03-25,9800
00722B,群益投資級電信債,1401,605,796,元大證券,2024-03-25,9800
00636,國泰中國A50,1105,332,773,元大證券,2024-03-25,9800
3042,晶技,858,98,760,元大證券,2024-03-25,9800
1504,東元,1358,648,710,元大證券,2024-03-25,9800
0050,元大台灣50,898,213,685,元大證券,2024-03-25,9800
4915,致伸,762,96,666,元大證券,2024-03-25,9800
00637L,元大滬深300正2,15259,14603,656,元大證券,2024-03-25,9800
3264,欣銓,702,75,627,元大證券,2024-03-25,9800
00764B,群益25年美債,2749,2157,592,元大證券,2024-03-25,9800
2884,玉山金,925,381,544,元大證券,2024-03-25,9800
1319,東陽,725,184,541,元大證券,2024-03-25,9800
2308,台達電,829,310,519,元大證券,2024-03-25,9800
5388,中磊,714,198,516,元大證券,2024-03-25,9800
00896,中信綠能及電動車,940,430,510,元大證券,2024-03-25,9800
2385,群光,577,72,505,元大證券,2024-03-25,9800
00655L,國泰中國A50正2,1429,941,488,元大證券,2024-03-25,9800
00662,富邦NASDAQ,657,171,486,元大證券,2024-03-25,9800
00673R,期元大S＆P原油反1,9966,1009,8957,元大證券,2024-03-26,9800
00933B,國泰10Y+金融債,12141,6482,5659,元大證券,2024-03-26,9800
00679B,元大美債20年,10560,7362,3198,元大證券,2024-03-26,9800
00646,元大S＆P500,2381,86,2295,元大證券,2024-03-26,9800
00671R,富邦NASDAQ反1,2636,375,2261,元大證券,2024-03-26,9800
00680L,元大美債20正2,3048,1119,1929,元大證券,2024-03-26,9800
2408,南亞科,2411,601,1810,元大證券,2024-03-26,9800
3706,神達,2585,1023,1562,元大證券,2024-03-26,9800
2352,佳世達,1634,109,1525,元大證券,2024-03-26,9800
1504,東元,4730,3336,1394,元大證券,2024-03-26,9800
00896,中信綠能及電動車,1996,663,1333,元大證券,2024-03-26,9800
00664R,國泰臺灣加權反1,5852,4520,1332,元大證券,2024-03-26,9800
00900,富邦特選高股息30,5821,4602,1219,元大證券,2024-03-26,9800
2382,廣達,2905,1804,1101,元大證券,2024-03-26,9800
00665L,富邦�琤肭磪囓�2,12123,11052,1071,元大證券,2024-03-26,9800
2105,正新,1139,77,1062,元大證券,2024-03-26,9800
00712,復華富時不動產,2280,1242,1038,元大證券,2024-03-26,9800
00642U,期元大S＆P石油,997,58,939,元大證券,2024-03-26,9800
1216,統一,1030,104,926,元大證券,2024-03-26,9800
1608,華榮,4483,3630,853,元大證券,2024-03-26,9800
3231,緯創,1603,778,825,元大證券,2024-03-26,9800
00881,國泰台灣5G+,1841,1039,802,元大證券,2024-03-26,9800
00932,兆豐永續高息等權,971,242,729,元大證券,2024-03-26,9800
00636,國泰中國A50,835,150,685,元大證券,2024-03-26,9800
1605,華新,3200,2515,685,元大證券,2024-03-26,9800
00687B,國泰20年美債,8454,7795,659,元大證券,2024-03-26,9800
00669R,國泰美國道瓊反1,758,129,629,元大證券,2024-03-26,9800
00668,國泰美國道瓊,607,0,607,元大證券,2024-03-26,9800
3005,神基,1205,605,600,元大證券,2024-03-26,9800
1609,大亞,2813,2213,600,元大證券,2024-03-26,9800
2371,大同,4203,3648,555,元大證券,2024-03-26,9800
00722B,群益投資級電信債,991,455,536,元大證券,2024-03-26,9800
3037,欣興,1118,588,530,元大證券,2024-03-26,9800
2357,華碩,612,91,521,元大證券,2024-03-26,9800
00686R,群益臺灣加權反1,591,71,520,元大證券,2024-03-26,9800
00897,富邦基因免疫生技,521,6,515,元大證券,2024-03-26,9800
00701,國泰股利精選30,504,1,503,元大證券,2024-03-26,9800
2027,大成鋼,589,107,482,元大證券,2024-03-26,9800
00928,中信上櫃ESG30,894,432,462,元大證券,2024-03-26,9800
00903,富邦元宇宙,477,18,459,元大證券,2024-03-26,9800
2603,長榮,1391,943,448,元大證券,2024-03-26,9800
00888,永豐台灣ESG,1540,1097,443,元大證券,2024-03-26,9800
00885,富邦越南,1343,903,440,元大證券,2024-03-26,9800
1785,光洋科,578,152,426,元大證券,2024-03-26,9800
2891,中信金,1586,1168,418,元大證券,2024-03-26,9800
3702,大聯大,502,112,390,元大證券,2024-03-26,9800
00661,元大日經225,474,90,384,元大證券,2024-03-26,9800
3264,欣銓,447,76,371,元大證券,2024-03-26,9800
2412,中華電,404,36,368,元大證券,2024-03-26,9800
00633L,富邦上証正2,1319,957,362,元大證券,2024-03-26,9800
00919,群益台灣精選高息,23605,15919,7686,元大證券,2024-03-27,9800
00929,復華台灣科技優息,12825,6835,5990,元大證券,2024-03-27,9800
00933B,國泰10Y+金融債,10598,5184,5414,元大證券,2024-03-27,9800
2891,中信金,8306,3342,4964,元大證券,2024-03-27,9800
00918,大華優利高填息30,4974,1289,3685,元大證券,2024-03-27,9800
00878,國泰永續高股息,6068,2413,3655,元大證券,2024-03-27,9800
00900,富邦特選高股息30,5378,2211,3167,元大證券,2024-03-27,9800
5469,瀚宇博,3068,174,2894,元大證券,2024-03-27,9800
6257,矽格,3089,224,2865,元大證券,2024-03-27,9800
1785,光洋科,3024,227,2797,元大證券,2024-03-27,9800
4915,致伸,2871,249,2622,元大證券,2024-03-27,9800
9904,寶成,2530,35,2495,元大證券,2024-03-27,9800
00936,台新永續高息中小,4285,1856,2429,元大證券,2024-03-27,9800
6191,精成科,2510,118,2392,元大證券,2024-03-27,9800
00891,中信關鍵半導體,3988,1599,2389,元大證券,2024-03-27,9800
5309,系統電,2951,631,2320,元大證券,2024-03-27,9800
0056,元大高股息,2743,527,2216,元大證券,2024-03-27,9800
3264,欣銓,2390,183,2207,元大證券,2024-03-27,9800
3704,合勤控,2247,143,2104,元大證券,2024-03-27,9800
00921,兆豐龍頭等權重,2769,777,1992,元大證券,2024-03-27,9800
6147,頎邦,2218,462,1756,元大證券,2024-03-27,9800
2883,凱基金,3879,2173,1706,元大證券,2024-03-27,9800
8150,南茂,2332,655,1677,元大證券,2024-03-27,9800
9105,泰金寶-DR,1777,261,1516,元大證券,2024-03-27,9800
1319,東陽,2186,769,1417,元大證券,2024-03-27,9800
2603,長榮,2052,695,1357,元大證券,2024-03-27,9800
00713,元大台灣高息低波,1617,271,1346,元大證券,2024-03-27,9800
5388,中磊,1333,58,1275,元大證券,2024-03-27,9800
00686R,群益臺灣加權反1,1274,0,1274,元大證券,2024-03-27,9800
2382,廣達,1767,572,1195,元大證券,2024-03-27,9800
2105,正新,1161,109,1052,元大證券,2024-03-27,9800
2515,中工,4920,3899,1021,元大證券,2024-03-27,9800
1504,東元,1398,382,1016,元大證券,2024-03-27,9800
00932,兆豐永續高息等權,2059,1069,990,元大證券,2024-03-27,9800
00915,凱基優選高股息30,4464,3484,980,元大證券,2024-03-27,9800
00881,國泰台灣5G+,3625,2646,979,元大證券,2024-03-27,9800
00939,統一台灣高息動能,15013,14046,967,元大證券,2024-03-27,9800
5876,上海商銀,1050,98,952,元大證券,2024-03-27,9800
00927,群益半導體收益,1325,438,887,元大證券,2024-03-27,9800
00904,新光臺灣半導體30,1321,460,861,元大證券,2024-03-27,9800
8016,矽創,914,70,844,元大證券,2024-03-27,9800
00935,野村臺灣新科技50,2850,2038,812,元大證券,2024-03-27,9800
6015,宏遠證,801,20,781,元大證券,2024-03-27,9800
00655L,國泰中國A50正2,1204,440,764,元大證券,2024-03-27,9800
00688L,國泰20年美債正2,2447,1697,750,元大證券,2024-03-27,9800
2474,可成,836,94,742,元大證券,2024-03-27,9800
00923,群益台ESG低碳50,1209,479,730,元大證券,2024-03-27,9800
2618,長榮航,1076,390,686,元大證券,2024-03-27,9800
3711,日月光投控,1188,510,678,元大證券,2024-03-27,9800
3596,智易,747,141,606,元大證券,2024-03-27,9800
00665L,富邦�琤肭磪囓�2,19979,7235,12744,元大證券,2024-03-28,9800
00680L,元大美債20正2,12058,1200,10858,元大證券,2024-03-28,9800
2303,聯電,10592,1658,8934,元大證券,2024-03-28,9800
00637L,元大滬深300正2,21073,12759,8314,元大證券,2024-03-28,9800
2891,中信金,8982,1959,7023,元大證券,2024-03-28,9800
1504,東元,7900,1235,6665,元大證券,2024-03-28,9800
00688L,國泰20年美債正2,7690,1668,6022,元大證券,2024-03-28,9800
00918,大華優利高填息30,6408,1592,4816,元大證券,2024-03-28,9800
00753L,中信中國50正2,6897,2229,4668,元大證券,2024-03-28,9800
0056,元大高股息,5166,506,4660,元大證券,2024-03-28,9800
6147,頎邦,4780,603,4177,元大證券,2024-03-28,9800
1785,光洋科,4439,621,3818,元大證券,2024-03-28,9800
6139,亞翔,6623,3117,3506,元大證券,2024-03-28,9800
9904,寶成,4593,1143,3450,元大證券,2024-03-28,9800
2352,佳世達,3502,140,3362,元大證券,2024-03-28,9800
2385,群光,3531,260,3271,元大證券,2024-03-28,9800
2890,永豐金,3722,615,3107,元大證券,2024-03-28,9800
00715L,期街口布蘭特正2,3328,365,2963,元大證券,2024-03-28,9800
5469,瀚宇博,3643,761,2882,元大證券,2024-03-28,9800
8150,南茂,2862,264,2598,元大證券,2024-03-28,9800
00720B,元大投資級公司債,4030,1498,2532,元大證券,2024-03-28,9800
4915,致伸,3060,536,2524,元大證券,2024-03-28,9800
2382,廣達,4870,2505,2365,元大證券,2024-03-28,9800
00929,復華台灣科技優息,11390,9076,2314,元大證券,2024-03-28,9800
4938,和碩,3708,1461,2247,元大證券,2024-03-28,9800
2027,大成鋼,2522,314,2208,元大證券,2024-03-28,9800
5483,中美晶,3436,1305,2131,元大證券,2024-03-28,9800
1319,東陽,3060,959,2101,元大證券,2024-03-28,9800
3702,大聯大,2454,398,2056,元大證券,2024-03-28,9800
00935,野村臺灣新科技50,3222,1221,2001,元大證券,2024-03-28,9800
3264,欣銓,2338,442,1896,元大證券,2024-03-28,9800
6239,力成,2387,539,1848,元大證券,2024-03-28,9800
3042,晶技,1948,116,1832,元大證券,2024-03-28,9800
6285,啟��,2121,325,1796,元大證券,2024-03-28,9800
00885,富邦越南,2214,440,1774,元大證券,2024-03-28,9800
00900,富邦特選高股息30,5299,3527,1772,元大證券,2024-03-28,9800
00915,凱基優選高股息30,7128,5508,1620,元大證券,2024-03-28,9800
3711,日月光投控,2373,806,1567,元大證券,2024-03-28,9800
00712,復華富時不動產,2353,800,1553,元大證券,2024-03-28,9800
6191,精成科,1989,648,1341,元大證券,2024-03-28,9800
00642U,期元大S＆P石油,1335,33,1302,元大證券,2024-03-28,9800
00939,統一台灣高息動能,18886,17660,1226,元大證券,2024-03-28,9800
3231,緯創,1655,445,1210,元大證券,2024-03-28,9800
00795B,中信美國公債20年,2825,1632,1193,元大證券,2024-03-28,9800
6414,樺漢,1285,93,1192,元大證券,2024-03-28,9800
2328,廣宇,3846,2680,1166,元大證券,2024-03-28,9800
2606,裕民,1146,72,1074,元大證券,2024-03-28,9800
6121,新普,1262,212,1050,元大證券,2024-03-28,9800
2404,漢唐,1305,274,1031,元大證券,2024-03-28,9800
1216,統一,1278,248,1030,元大證券,2024-03-28,9800
2303,聯電,47259,3920,43339,元大證券,2024-03-29,9800
2891,中信金,40790,5703,35087,元大證券,2024-03-29,9800
2603,長榮,41769,7403,34366,元大證券,2024-03-29,9800
1504,東元,26470,1483,24987,元大證券,2024-03-29,9800
2352,佳世達,16793,1705,15088,元大證券,2024-03-29,9800
6147,頎邦,14737,1198,13539,元大證券,2024-03-29,9800
4938,和碩,14405,1582,12823,元大證券,2024-03-29,9800
00929,復華台灣科技優息,17918,5312,12606,元大證券,2024-03-29,9800
1216,統一,13914,1557,12357,元大證券,2024-03-29,9800
1319,東陽,13656,1336,12320,元大證券,2024-03-29,9800
3711,日月光投控,13720,1596,12124,元大證券,2024-03-29,9800
2385,群光,11151,422,10729,元大證券,2024-03-29,9800
3702,大聯大,10380,691,9689,元大證券,2024-03-29,9800
5483,中美晶,11189,1524,9665,元大證券,2024-03-29,9800
6239,力成,10315,709,9606,元大證券,2024-03-29,9800
5347,世界,11331,1825,9506,元大證券,2024-03-29,9800
0056,元大高股息,9534,265,9269,元大證券,2024-03-29,9800
5876,上海商銀,11496,2391,9105,元大證券,2024-03-29,9800
9904,寶成,9732,1240,8492,元大證券,2024-03-29,9800
2382,廣達,15252,7196,8056,元大證券,2024-03-29,9800
00878,國泰永續高股息,13079,5144,7935,元大證券,2024-03-29,9800
3264,欣銓,10572,2751,7821,元大證券,2024-03-29,9800
6139,亞翔,9245,2355,6890,元大證券,2024-03-29,9800
3042,晶技,7053,264,6789,元大證券,2024-03-29,9800
4915,致伸,7448,860,6588,元大證券,2024-03-29,9800
2404,漢唐,5939,299,5640,元大證券,2024-03-29,9800
1785,光洋科,6400,786,5614,元大證券,2024-03-29,9800
00712,復華富時不動產,4274,1,4273,元大證券,2024-03-29,9800
5469,瀚宇博,5322,1077,4245,元大證券,2024-03-29,9800
6121,新普,4466,514,3952,元大證券,2024-03-29,9800
8150,南茂,4019,435,3584,元大證券,2024-03-29,9800
3596,智易,3936,378,3558,元大證券,2024-03-29,9800
9921,巨大,3930,575,3355,元大證券,2024-03-29,9800
3231,緯創,5774,2604,3170,元大證券,2024-03-29,9800
3034,聯詠,3385,274,3111,元大證券,2024-03-29,9800
6414,樺漢,3437,346,3091,元大證券,2024-03-29,9800
6285,啟��,3825,782,3043,元大證券,2024-03-29,9800
3293,鈊象,2999,313,2686,元大證券,2024-03-29,9800
2027,大成鋼,3723,1124,2599,元大證券,2024-03-29,9800
2474,可成,3044,504,2540,元大證券,2024-03-29,9800
00918,大華優利高填息30,5959,3467,2492,元大證券,2024-03-29,9800
6191,精成科,2683,264,2419,元大證券,2024-03-29,9800
2454,聯發科,2809,398,2411,元大證券,2024-03-29,9800
00900,富邦特選高股息30,5883,3569,2314,元大證券,2024-03-29,9800
00891,中信關鍵半導體,3041,848,2193,元大證券,2024-03-29,9800
00715L,期街口布蘭特正2,2154,72,2082,元大證券,2024-03-29,9800
6176,瑞儀,2674,724,1950,元大證券,2024-03-29,9800
6257,矽格,2319,389,1930,元大證券,2024-03-29,9800
6488,環球晶,2216,383,1833,元大證券,2024-03-29,9800
00922,國泰台灣領袖50,1955,173,1782,元大證券,2024-03-29,9800
00680L,元大美債20正2,14501,2520,11981,元大證券,2024-04-01,9800
00931B,統一美債20年,14228,3443,10785,元大證券,2024-04-01,9800
00687B,國泰20年美債,14780,4443,10337,元大證券,2024-04-01,9800
00637L,元大滬深300正2,23966,14947,9019,元大證券,2024-04-01,9800
00830,國泰費城半導體,5258,239,5019,元大證券,2024-04-01,9800
00696B,富邦美債20年,6030,1515,4515,元大證券,2024-04-01,9800
00688L,國泰20年美債正2,4942,1562,3380,元大證券,2024-04-01,9800
2890,永豐金,3397,174,3223,元大證券,2024-04-01,9800
00712,復華富時不動產,3537,524,3013,元大證券,2024-04-01,9800
3702,大聯大,2912,258,2654,元大證券,2024-04-01,9800
00757,統一FANG+,2560,0,2560,元大證券,2024-04-01,9800
00720B,元大投資級公司債,3960,1663,2297,元大證券,2024-04-01,9800
00655L,國泰中國A50正2,3165,1043,2122,元大證券,2024-04-01,9800
00895,富邦未來車,2058,21,2037,元大證券,2024-04-01,9800
6257,矽格,2028,63,1965,元大證券,2024-04-01,9800
1319,東陽,2270,392,1878,元大證券,2024-04-01,9800
00885,富邦越南,2272,590,1682,元大證券,2024-04-01,9800
3711,日月光投控,3313,1636,1677,元大證券,2024-04-01,9800
00764B,群益25年美債,2170,549,1621,元大證券,2024-04-01,9800
1504,東元,2121,784,1337,元大證券,2024-04-01,9800
00772B,中信高評級公司債,1876,562,1314,元大證券,2024-04-01,9800
2382,廣達,4615,3379,1236,元大證券,2024-04-01,9800
00632R,元大台灣50反1,9429,8227,1202,元大證券,2024-04-01,9800
00633L,富邦上証正2,3267,2117,1150,元大證券,2024-04-01,9800
00662,富邦NASDAQ,1194,108,1086,元大證券,2024-04-01,9800
00638R,元大滬深300反1,1305,292,1013,元大證券,2024-04-01,9800
5876,上海商銀,1192,214,978,元大證券,2024-04-01,9800
2888,新光金,1300,325,975,元大證券,2024-04-01,9800
3264,欣銓,1046,91,955,元大證券,2024-04-01,9800
9904,寶成,1081,146,935,元大證券,2024-04-01,9800
8150,南茂,974,41,933,元大證券,2024-04-01,9800
1522,堤維西,1457,535,922,元大證券,2024-04-01,9800
2891,中信金,2904,2004,900,元大證券,2024-04-01,9800
3706,神達,2130,1287,843,元大證券,2024-04-01,9800
5347,世界,1050,211,839,元大證券,2024-04-01,9800
5371,中光電,1344,510,834,元大證券,2024-04-01,9800
6147,頎邦,948,126,822,元大證券,2024-04-01,9800
1216,統一,895,105,790,元大證券,2024-04-01,9800
00751B,元大AAA至A公司債,2371,1657,714,元大證券,2024-04-01,9800
3231,緯創,5627,4940,687,元大證券,2024-04-01,9800
00795B,中信美國公債20年,2349,1713,636,元大證券,2024-04-01,9800
00909,國泰數位支付服務,743,109,634,元大證券,2024-04-01,9800
00670L,富邦NASDAQ正2,628,23,605,元大證券,2024-04-01,9800
2002,中鋼,772,193,579,元大證券,2024-04-01,9800
00713,元大台灣高息低波,1050,480,570,元大證券,2024-04-01,9800
006205,富邦上証,659,101,558,元大證券,2024-04-01,9800
00877,復華中國5G,552,1,551,元大證券,2024-04-01,9800
0061,元大寶滬深,532,7,525,元大證券,2024-04-01,9800
9907,統一實,556,37,519,元大證券,2024-04-01,9800
00900,富邦特選高股息30,2929,2413,516,元大證券,2024-04-01,9800
00665L,富邦�琤肭磪囓�2,21226,13500,7726,元大證券,2024-04-02,9800
00933B,國泰10Y+金融債,12528,7802,4726,元大證券,2024-04-02,9800
00888,永豐台灣ESG,3480,1,3479,元大證券,2024-04-02,9800
00650L,復華香港正2,12183,9204,2979,元大證券,2024-04-02,9800
00918,大華優利高填息30,3422,672,2750,元大證券,2024-04-02,9800
00878,國泰永續高股息,5585,3115,2470,元大證券,2024-04-02,9800
00671R,富邦NASDAQ反1,2717,280,2437,元大證券,2024-04-02,9800
2382,廣達,5770,3398,2372,元大證券,2024-04-02,9800
00923,群益台ESG低碳50,2486,135,2351,元大證券,2024-04-02,9800
00891,中信關鍵半導體,2280,8,2272,元大證券,2024-04-02,9800
00753L,中信中國50正2,4184,2139,2045,元大證券,2024-04-02,9800
00881,國泰台灣5G+,5200,3247,1953,元大證券,2024-04-02,9800
00915,凱基優選高股息30,3053,1319,1734,元大證券,2024-04-02,9800
00927,群益半導體收益,2642,1002,1640,元大證券,2024-04-02,9800
00935,野村臺灣新科技50,1580,19,1561,元大證券,2024-04-02,9800
2618,長榮航,3324,1781,1543,元大證券,2024-04-02,9800
00939,統一台灣高息動能,6971,5556,1415,元大證券,2024-04-02,9800
00904,新光臺灣半導體30,1385,57,1328,元大證券,2024-04-02,9800
2515,中工,7151,5863,1288,元大證券,2024-04-02,9800
3711,日月光投控,2210,1038,1172,元大證券,2024-04-02,9800
00894,中信小資高價30,1738,614,1124,元大證券,2024-04-02,9800
00715L,期街口布蘭特正2,2142,1027,1115,元大證券,2024-04-02,9800
5469,瀚宇博,1348,257,1091,元大證券,2024-04-02,9800
00900,富邦特選高股息30,2729,1733,996,元大證券,2024-04-02,9800
3481,群創,1874,902,972,元大證券,2024-04-02,9800
2486,一詮,5181,4217,964,元大證券,2024-04-02,9800
00642U,期元大S＆P石油,951,0,951,元大證券,2024-04-02,9800
6213,聯茂,3870,2941,929,元大證券,2024-04-02,9800
00922,國泰台灣領袖50,1326,412,914,元大證券,2024-04-02,9800
00713,元大台灣高息低波,1199,319,880,元大證券,2024-04-02,9800
6285,啟��,1015,197,818,元大證券,2024-04-02,9800
00901,永豐智能車供應鏈,766,6,760,元大證券,2024-04-02,9800
2374,佳能,1231,480,751,元大證券,2024-04-02,9800
00896,中信綠能及電動車,870,122,748,元大證券,2024-04-02,9800
00903,富邦元宇宙,714,3,711,元大證券,2024-04-02,9800
00931B,統一美債20年,2656,1958,698,元大證券,2024-04-02,9800
00737,國泰AI+Robo,632,0,632,元大證券,2024-04-02,9800
2371,大同,4183,3557,626,元大證券,2024-04-02,9800
2404,漢唐,912,297,615,元大證券,2024-04-02,9800
00641R,富邦日本反1,667,58,609,元大證券,2024-04-02,9800
00633L,富邦上証正2,2123,1543,580,元大證券,2024-04-02,9800
00692,富邦公司治理,578,6,572,元大證券,2024-04-02,9800
00912,中信臺灣智慧50,580,9,571,元大證券,2024-04-02,9800
00905,FT臺灣Smart,795,269,526,元大證券,2024-04-02,9800
0050,元大台灣50,1207,693,514,元大證券,2024-04-02,9800
00631L,元大台灣50正2,874,361,513,元大證券,2024-04-02,9800
2449,京元電子,1200,697,503,元大證券,2024-04-02,9800
1711,永光,538,37,501,元大證券,2024-04-02,9800
00638R,元大滬深300反1,484,0,484,元大證券,2024-04-02,9800
00934,中信成長高股息,1923,1466,457,元大證券,2024-04-02,9800
00632R,元大台灣50反1,49153,8817,40336,元大證券,2024-04-03,9800
00939,統一台灣高息動能,15187,7313,7874,元大證券,2024-04-03,9800
00715L,期街口布蘭特正2,6040,2317,3723,元大證券,2024-04-03,9800
00637L,元大滬深300正2,13150,9784,3366,元大證券,2024-04-03,9800
00919,群益台灣精選高息,11179,7987,3192,元大證券,2024-04-03,9800
2317,鴻海,9494,6349,3145,元大證券,2024-04-03,9800
2363,矽統,2584,191,2393,元大證券,2024-04-03,9800
3231,緯創,5331,3484,1847,元大證券,2024-04-03,9800
00671R,富邦NASDAQ反1,2594,1116,1478,元大證券,2024-04-03,9800
00757,統一FANG+,1759,287,1472,元大證券,2024-04-03,9800
00882,中信中國高股息,2751,1360,1391,元大證券,2024-04-03,9800
00706L,期元大S＆P日圓正2,1280,197,1083,元大證券,2024-04-03,9800
2382,廣達,2581,1594,987,元大證券,2024-04-03,9800
00655L,國泰中國A50正2,2517,1596,921,元大證券,2024-04-03,9800
2105,正新,942,126,816,元大證券,2024-04-03,9800
00642U,期元大S＆P石油,800,30,770,元大證券,2024-04-03,9800
2603,長榮,1785,1039,746,元大證券,2024-04-03,9800
2352,佳世達,864,125,739,元大證券,2024-04-03,9800
2885,元大金,728,37,691,元大證券,2024-04-03,9800
00753L,中信中國50正2,2788,2133,655,元大證券,2024-04-03,9800
2886,兆豐金,713,67,646,元大證券,2024-04-03,9800
2371,大同,1170,528,642,元大證券,2024-04-03,9800
6605,帝寶,753,127,626,元大證券,2024-04-03,9800
2845,遠東銀,653,42,611,元大證券,2024-04-03,9800
00885,富邦越南,1408,822,586,元大證券,2024-04-03,9800
2027,大成鋼,790,240,550,元大證券,2024-04-03,9800
00638R,元大滬深300反1,474,0,474,元大證券,2024-04-03,9800
2618,長榮航,1544,1100,444,元大證券,2024-04-03,9800
2308,台達電,610,168,442,元大證券,2024-04-03,9800
3711,日月光投控,969,533,436,元大證券,2024-04-03,9800
00928,中信上櫃ESG30,459,69,390,元大證券,2024-04-03,9800
2535,達欣工,409,20,389,元大證券,2024-04-03,9800
2890,永豐金,490,110,380,元大證券,2024-04-03,9800
00686R,群益臺灣加權反1,370,0,370,元大證券,2024-04-03,9800
6257,矽格,402,61,341,元大證券,2024-04-03,9800
3339,泰谷,816,499,317,元大證券,2024-04-03,9800
2851,中再保,403,106,297,元大證券,2024-04-03,9800
00657,國泰日經225,331,35,296,元大證券,2024-04-03,9800
8150,南茂,654,360,294,元大證券,2024-04-03,9800
6805,富世達,427,142,285,元大證券,2024-04-03,9800
00648R,元大S＆P500反1,385,108,277,元大證券,2024-04-03,9800
1723,中碳,293,20,273,元大證券,2024-04-03,9800
8112,至上,348,80,268,元大證券,2024-04-03,9800
00902,中信電池及儲能,707,444,263,元大證券,2024-04-03,9800
2834,臺企銀,474,211,263,元大證券,2024-04-03,9800
00633L,富邦上証正2,2397,2144,253,元大證券,2024-04-03,9800
1301,台塑,302,66,236,元大證券,2024-04-03,9800
2332,友訊,233,15,218,元大證券,2024-04-03,9800
2347,聯強,327,116,211,元大證券,2024-04-03,9800
1605,華新,918,716,202,元大證券,2024-04-03,9800
00632R,元大台灣50反1,20190,10812,9378,元大證券,2024-04-08,9800
00665L,富邦�琤肭磪囓�2,17911,11805,6106,元大證券,2024-04-08,9800
00772B,中信高評級公司債,7149,1323,5826,元大證券,2024-04-08,9800
00918,大華優利高填息30,4536,1567,2969,元大證券,2024-04-08,9800
00671R,富邦NASDAQ反1,3328,570,2758,元大證券,2024-04-08,9800
00753L,中信中國50正2,4584,1914,2670,元大證券,2024-04-08,9800
00939,統一台灣高息動能,6966,4541,2425,元大證券,2024-04-08,9800
00706L,期元大S＆P日圓正2,2628,274,2354,元大證券,2024-04-08,9800
00650L,復華香港正2,10121,8017,2104,元大證券,2024-04-08,9800
00933B,國泰10Y+金融債,5668,3592,2076,元大證券,2024-04-08,9800
2603,長榮,2587,573,2014,元大證券,2024-04-08,9800
00882,中信中國高股息,2772,829,1943,元大證券,2024-04-08,9800
00642U,期元大S＆P石油,2426,828,1598,元大證券,2024-04-08,9800
00646,元大S＆P500,1623,34,1589,元大證券,2024-04-08,9800
00773B,中信優先金融債,1750,227,1523,元大證券,2024-04-08,9800
2891,中信金,3244,1722,1522,元大證券,2024-04-08,9800
00680L,元大美債20正2,5734,4219,1515,元大證券,2024-04-08,9800
00715L,期街口布蘭特正2,6702,5269,1433,元大證券,2024-04-08,9800
00676R,富邦臺灣加權反1,1622,288,1334,元大證券,2024-04-08,9800
2303,聯電,2710,1423,1287,元大證券,2024-04-08,9800
00662,富邦NASDAQ,1183,17,1166,元大證券,2024-04-08,9800
2363,矽統,1184,153,1031,元大證券,2024-04-08,9800
00931B,統一美債20年,3440,2425,1015,元大證券,2024-04-08,9800
00733,富邦臺灣中小,1155,157,998,元大證券,2024-04-08,9800
00696B,富邦美債20年,1929,1071,858,元大證券,2024-04-08,9800
00885,富邦越南,1893,1075,818,元大證券,2024-04-08,9800
00878,國泰永續高股息,4354,3541,813,元大證券,2024-04-08,9800
00757,統一FANG+,1107,351,756,元大證券,2024-04-08,9800
00897,富邦基因免疫生技,743,3,740,元大證券,2024-04-08,9800
1609,大亞,1681,957,724,元大證券,2024-04-08,9800
3711,日月光投控,1274,566,708,元大證券,2024-04-08,9800
00915,凱基優選高股息30,2992,2286,706,元大證券,2024-04-08,9800
00708L,期元大S＆P黃金正2,1138,436,702,元大證券,2024-04-08,9800
00881,國泰台灣5G+,1293,601,692,元大證券,2024-04-08,9800
00904,新光臺灣半導體30,1266,583,683,元大證券,2024-04-08,9800
00631L,元大台灣50正2,1103,442,661,元大證券,2024-04-08,9800
00900,富邦特選高股息30,2392,1760,632,元大證券,2024-04-08,9800
1216,統一,788,158,630,元大證券,2024-04-08,9800
00722B,群益投資級電信債,1051,457,594,元大證券,2024-04-08,9800
5347,世界,644,101,543,元大證券,2024-04-08,9800
00655L,國泰中國A50正2,2215,1675,540,元大證券,2024-04-08,9800
00746B,富邦A級公司債,671,138,533,元大證券,2024-04-08,9800
00907,永豐優息存股,689,173,516,元大證券,2024-04-08,9800
2368,金像電,860,363,497,元大證券,2024-04-08,9800
2313,華通,2862,2369,493,元大證券,2024-04-08,9800
00761B,國泰A級公司債,575,89,486,元大證券,2024-04-08,9800
2376,技嘉,1298,815,483,元大證券,2024-04-08,9800
4938,和碩,1551,1072,479,元大證券,2024-04-08,9800
2535,達欣工,492,17,475,元大證券,2024-04-08,9800
3264,欣銓,559,107,452,元大證券,2024-04-08,9800
00881,國泰台灣5G+,4080,900,3180,元大證券,2024-04-09,9800
00687B,國泰20年美債,13613,10537,3076,元大證券,2024-04-09,9800
0050,元大台灣50,3331,307,3024,元大證券,2024-04-09,9800
00891,中信關鍵半導體,3801,983,2818,元大證券,2024-04-09,9800
00888,永豐台灣ESG,3899,1105,2794,元大證券,2024-04-09,9800
00692,富邦公司治理,2596,31,2565,元大證券,2024-04-09,9800
00878,國泰永續高股息,3916,1421,2495,元大證券,2024-04-09,9800
00904,新光臺灣半導體30,2995,504,2491,元大證券,2024-04-09,9800
00915,凱基優選高股息30,2816,563,2253,元大證券,2024-04-09,9800
00650L,復華香港正2,11325,9421,1904,元大證券,2024-04-09,9800
00892,富邦台灣半導體,2387,495,1892,元大證券,2024-04-09,9800
00900,富邦特選高股息30,2395,544,1851,元大證券,2024-04-09,9800
2618,長榮航,3003,1300,1703,元大證券,2024-04-09,9800
00923,群益台ESG低碳50,1935,254,1681,元大證券,2024-04-09,9800
00795B,中信美國公債20年,2680,1019,1661,元大證券,2024-04-09,9800
00922,國泰台灣領袖50,1754,186,1568,元大證券,2024-04-09,9800
00907,永豐優息存股,1811,582,1229,元大證券,2024-04-09,9800
1605,華新,3150,1929,1221,元大證券,2024-04-09,9800
00934,中信成長高股息,1915,754,1161,元大證券,2024-04-09,9800
00712,復華富時不動產,1106,0,1106,元大證券,2024-04-09,9800
006208,富邦台50,1178,74,1104,元大證券,2024-04-09,9800
1514,亞力,2634,1635,999,元大證券,2024-04-09,9800
00885,富邦越南,1090,134,956,元大證券,2024-04-09,9800
00713,元大台灣高息低波,1457,510,947,元大證券,2024-04-09,9800
00918,大華優利高填息30,3201,2283,918,元大證券,2024-04-09,9800
2427,三商電,901,0,901,元大證券,2024-04-09,9800
00753L,中信中國50正2,2998,2111,887,元大證券,2024-04-09,9800
00642U,期元大S＆P石油,842,54,788,元大證券,2024-04-09,9800
00850,元大臺灣ESG永續,1007,237,770,元大證券,2024-04-09,9800
2884,玉山金,812,60,752,元大證券,2024-04-09,9800
2834,臺企銀,899,157,742,元大證券,2024-04-09,9800
00701,國泰股利精選30,740,2,738,元大證券,2024-04-09,9800
00936,台新永續高息中小,1053,346,707,元大證券,2024-04-09,9800
2409,友達,4907,4230,677,元大證券,2024-04-09,9800
1608,華榮,1393,729,664,元大證券,2024-04-09,9800
00671R,富邦NASDAQ反1,2330,1668,662,元大證券,2024-04-09,9800
1513,中興電,3180,2522,658,元大證券,2024-04-09,9800
3711,日月光投控,1115,457,658,元大證券,2024-04-09,9800
00722B,群益投資級電信債,951,293,658,元大證券,2024-04-09,9800
00706L,期元大S＆P日圓正2,834,203,631,元大證券,2024-04-09,9800
00921,兆豐龍頭等權重,889,313,576,元大證券,2024-04-09,9800
2009,第一銅,2154,1580,574,元大證券,2024-04-09,9800
00901,永豐智能車供應鏈,559,6,553,元大證券,2024-04-09,9800
00662,富邦NASDAQ,1582,1050,532,元大證券,2024-04-09,9800
5439,高技,685,167,518,元大證券,2024-04-09,9800
3010,華立,811,296,515,元大證券,2024-04-09,9800
00641R,富邦日本反1,570,66,504,元大證券,2024-04-09,9800
00933B,國泰10Y+金融債,6480,5976,504,元大證券,2024-04-09,9800
2371,大同,3940,3445,495,元大證券,2024-04-09,9800
2603,長榮,1532,1048,484,元大證券,2024-04-09,9800
00632R,元大台灣50反1,52711,1866,50845,元大證券,2024-04-10,9800
00650L,復華香港正2,15182,4751,10431,元大證券,2024-04-10,9800
00753L,中信中國50正2,10693,1067,9626,元大證券,2024-04-10,9800
00665L,富邦�琤肭磪囓�2,13400,4395,9005,元大證券,2024-04-10,9800
00637L,元大滬深300正2,17039,9158,7881,元大證券,2024-04-10,9800
00941,中信上游半導體,10010,4029,5981,元大證券,2024-04-10,9800
00680L,元大美債20正2,6662,1045,5617,元大證券,2024-04-10,9800
00673R,期元大S＆P原油反1,12989,7835,5154,元大證券,2024-04-10,9800
00919,群益台灣精選高息,7771,3786,3985,元大證券,2024-04-10,9800
00646,元大S＆P500,3155,101,3054,元大證券,2024-04-10,9800
00687B,國泰20年美債,9477,6426,3051,元大證券,2024-04-10,9800
0055,元大MSCI金融,2950,1,2949,元大證券,2024-04-10,9800
00679B,元大美債20年,12408,9783,2625,元大證券,2024-04-10,9800
00939,統一台灣高息動能,7918,5525,2393,元大證券,2024-04-10,9800
00688L,國泰20年美債正2,2567,196,2371,元大證券,2024-04-10,9800
00878,國泰永續高股息,5407,3618,1789,元大證券,2024-04-10,9800
2303,聯電,4203,2520,1683,元大證券,2024-04-10,9800
00882,中信中國高股息,2429,929,1500,元大證券,2024-04-10,9800
00642U,期元大S＆P石油,1457,61,1396,元大證券,2024-04-10,9800
00720B,元大投資級公司債,3826,2475,1351,元大證券,2024-04-10,9800
3260,威剛,3917,2600,1317,元大證券,2024-04-10,9800
2888,新光金,2623,1547,1076,元大證券,2024-04-10,9800
00830,國泰費城半導體,1576,558,1018,元大證券,2024-04-10,9800
00930,永豐ESG低碳高息,1120,104,1016,元大證券,2024-04-10,9800
00931B,統一美債20年,2393,1429,964,元大證券,2024-04-10,9800
2357,華碩,940,77,863,元大證券,2024-04-10,9800
00892,富邦台灣半導體,1362,565,797,元大證券,2024-04-10,9800
00891,中信關鍵半導體,2467,1752,715,元大證券,2024-04-10,9800
2504,國產,734,117,617,元大證券,2024-04-10,9800
2891,中信金,863,313,550,元大證券,2024-04-10,9800
6213,聯茂,2363,1817,546,元大證券,2024-04-10,9800
2603,長榮,1232,754,478,元大證券,2024-04-10,9800
00692,富邦公司治理,1004,538,466,元大證券,2024-04-10,9800
00722B,群益投資級電信債,1107,651,456,元大證券,2024-04-10,9800
2451,創見,459,30,429,元大證券,2024-04-10,9800
3010,華立,519,92,427,元大證券,2024-04-10,9800
00932,兆豐永續高息等權,516,90,426,元大證券,2024-04-10,9800
00738U,期元大道瓊白銀,478,70,408,元大證券,2024-04-10,9800
00701,國泰股利精選30,413,36,377,元大證券,2024-04-10,9800
4938,和碩,481,106,375,元大證券,2024-04-10,9800
2105,正新,410,35,375,元大證券,2024-04-10,9800
00634R,富邦上証反1,355,2,353,元大證券,2024-04-10,9800
00670L,富邦NASDAQ正2,347,20,327,元大證券,2024-04-10,9800
2330,台積電,687,365,322,元大證券,2024-04-10,9800
00934,中信成長高股息,1034,714,320,元大證券,2024-04-10,9800
00926,凱基全球菁英55,331,12,319,元大證券,2024-04-10,9800
3686,達能,320,2,318,元大證券,2024-04-10,9800
8358,金居,516,203,313,元大證券,2024-04-10,9800
2520,冠德,336,30,306,元大證券,2024-04-10,9800
1477,聚陽,385,80,305,元大證券,2024-04-10,9800
00632R,元大台灣50反1,55326,15889,39437,元大證券,2024-04-11,9800
00662,富邦NASDAQ,5910,14,5896,元大證券,2024-04-11,9800
00882,中信中國高股息,6247,920,5327,元大證券,2024-04-11,9800
00646,元大S＆P500,5126,339,4787,元大證券,2024-04-11,9800
00664R,國泰臺灣加權反1,3300,176,3124,元大證券,2024-04-11,9800
00753L,中信中國50正2,4546,1792,2754,元大證券,2024-04-11,9800
2382,廣達,4557,1823,2734,元大證券,2024-04-11,9800
2363,矽統,11074,8479,2595,元大證券,2024-04-11,9800
1216,統一,2643,103,2540,元大證券,2024-04-11,9800
00940,元大台灣價值高息,12070,9850,2220,元大證券,2024-04-11,9800
2886,兆豐金,2390,534,1856,元大證券,2024-04-11,9800
2449,京元電子,2029,309,1720,元大證券,2024-04-11,9800
00933B,國泰10Y+金融債,10758,9068,1690,元大證券,2024-04-11,9800
2353,宏��,4838,3162,1676,元大證券,2024-04-11,9800
00633L,富邦上証正2,3390,1903,1487,元大證券,2024-04-11,9800
2618,長榮航,7089,5701,1388,元大證券,2024-04-11,9800
00918,大華優利高填息30,2278,910,1368,元大證券,2024-04-11,9800
2603,長榮,2536,1325,1211,元大證券,2024-04-11,9800
00642U,期元大S＆P石油,1171,59,1112,元大證券,2024-04-11,9800
00636,國泰中國A50,1124,25,1099,元大證券,2024-04-11,9800
00772B,中信高評級公司債,3474,2405,1069,元大證券,2024-04-11,9800
6290,良維,2101,1099,1002,元大證券,2024-04-11,9800
2303,聯電,2695,1700,995,元大證券,2024-04-11,9800
2357,華碩,1033,91,942,元大證券,2024-04-11,9800
00895,富邦未來車,1230,313,917,元大證券,2024-04-11,9800
3711,日月光投控,1656,755,901,元大證券,2024-04-11,9800
4915,致伸,906,56,850,元大證券,2024-04-11,9800
3036,文曄,5641,4815,826,元大證券,2024-04-11,9800
2891,中信金,1196,405,791,元大證券,2024-04-11,9800
00683L,期元大美元指正2,1075,350,725,元大證券,2024-04-11,9800
00676R,富邦臺灣加權反1,3188,2504,684,元大證券,2024-04-11,9800
2324,仁寶,997,316,681,元大證券,2024-04-11,9800
5347,世界,730,63,667,元大證券,2024-04-11,9800
00686R,群益臺灣加權反1,633,0,633,元大證券,2024-04-11,9800
00888,永豐台灣ESG,1269,645,624,元大證券,2024-04-11,9800
2506,太設,1594,971,623,元大證券,2024-04-11,9800
00634R,富邦上証反1,578,26,552,元大證券,2024-04-11,9800
00655L,國泰中國A50正2,2379,1834,545,元大證券,2024-04-11,9800
2885,元大金,752,227,525,元大證券,2024-04-11,9800
5009,榮剛,959,455,504,元大證券,2024-04-11,9800
4961,天鈺,552,52,500,元大證券,2024-04-11,9800
3708,上緯投控,583,99,484,元大證券,2024-04-11,9800
1605,華新,1666,1191,475,元大證券,2024-04-11,9800
2027,大成鋼,498,39,459,元大證券,2024-04-11,9800
2610,華航,2979,2541,438,元大證券,2024-04-11,9800
6016,康和證,1045,625,420,元大證券,2024-04-11,9800
00671R,富邦NASDAQ反1,1671,1256,415,元大證券,2024-04-11,9800
2330,台積電,673,267,406,元大證券,2024-04-11,9800
2890,永豐金,755,370,385,元大證券,2024-04-11,9800
00638R,元大滬深300反1,402,31,371,元大證券,2024-04-11,9800
4960,誠美材,24410,171,24239,元大證券,2024-04-12,9800
00632R,元大台灣50反1,15440,5913,9527,元大證券,2024-04-12,9800
00830,國泰費城半導體,5218,425,4793,元大證券,2024-04-12,9800
00939,統一台灣高息動能,8973,4480,4493,元大證券,2024-04-12,9800
00919,群益台灣精選高息,7327,3378,3949,元大證券,2024-04-12,9800
00881,國泰台灣5G+,4284,619,3665,元大證券,2024-04-12,9800
00918,大華優利高填息30,3490,15,3475,元大證券,2024-04-12,9800
00933B,國泰10Y+金融債,9154,5760,3394,元大證券,2024-04-12,9800
00900,富邦特選高股息30,2339,104,2235,元大證券,2024-04-12,9800
00892,富邦台灣半導體,2301,409,1892,元大證券,2024-04-12,9800
2303,聯電,3857,2004,1853,元大證券,2024-04-12,9800
00676R,富邦臺灣加權反1,2239,415,1824,元大證券,2024-04-12,9800
2449,京元電子,2036,372,1664,元大證券,2024-04-12,9800
00903,富邦元宇宙,1634,0,1634,元大證券,2024-04-12,9800
2603,長榮,2196,633,1563,元大證券,2024-04-12,9800
00885,富邦越南,1949,401,1548,元大證券,2024-04-12,9800
2317,鴻海,5994,4563,1431,元大證券,2024-04-12,9800
1513,中興電,6147,4721,1426,元大證券,2024-04-12,9800
1609,大亞,5772,4477,1295,元大證券,2024-04-12,9800
00915,凱基優選高股息30,1386,229,1157,元大證券,2024-04-12,9800
00638R,元大滬深300反1,1055,13,1042,元大證券,2024-04-12,9800
3260,威剛,3008,2179,829,元大證券,2024-04-12,9800
00669R,國泰美國道瓊反1,921,104,817,元大證券,2024-04-12,9800
2890,永豐金,1823,1089,734,元大證券,2024-04-12,9800
00664R,國泰臺灣加權反1,812,83,729,元大證券,2024-04-12,9800
2357,華碩,802,76,726,元大證券,2024-04-12,9800
00877,復華中國5G,1156,526,630,元大證券,2024-04-12,9800
6176,瑞儀,671,53,618,元大證券,2024-04-12,9800
2891,中信金,2194,1613,581,元大證券,2024-04-12,9800
00740B,富邦全球投等債,1186,608,578,元大證券,2024-04-12,9800
2885,元大金,1740,1162,578,元大證券,2024-04-12,9800
00673R,期元大S＆P原油反1,848,338,510,元大證券,2024-04-12,9800
00746B,富邦A級公司債,569,76,493,元大證券,2024-04-12,9800
00928,中信上櫃ESG30,609,121,488,元大證券,2024-04-12,9800
00722B,群益投資級電信債,931,448,483,元大證券,2024-04-12,9800
1504,東元,2894,2412,482,元大證券,2024-04-12,9800
00670L,富邦NASDAQ正2,474,39,435,元大證券,2024-04-12,9800
5009,榮剛,801,371,430,元大證券,2024-04-12,9800
2313,華通,1057,630,427,元大證券,2024-04-12,9800
6605,帝寶,439,35,404,元大證券,2024-04-12,9800
4961,天鈺,430,33,397,元大證券,2024-04-12,9800
00706L,期元大S＆P日圓正2,1854,1516,338,元大證券,2024-04-12,9800
6229,研通,362,25,337,元大證券,2024-04-12,9800
00930,永豐ESG低碳高息,464,153,311,元大證券,2024-04-12,9800
4915,致伸,719,410,309,元大證券,2024-04-12,9800
00921,兆豐龍頭等權重,557,250,307,元大證券,2024-04-12,9800
00924,復華S＆P500成長,318,18,300,元大證券,2024-04-12,9800
00645,富邦日本,282,2,280,元大證券,2024-04-12,9800
00686R,群益臺灣加權反1,271,0,271,元大證券,2024-04-12,9800
1319,東陽,850,584,266,元大證券,2024-04-12,9800
00637L,元大滬深300正2,29606,10599,19007,元大證券,2024-04-15,9800
00688L,國泰20年美債正2,13312,2497,10815,元大證券,2024-04-15,9800
00679B,元大美債20年,19433,14380,5053,元大證券,2024-04-15,9800
00673R,期元大S＆P原油反1,4878,937,3941,元大證券,2024-04-15,9800
00633L,富邦上証正2,5167,1827,3340,元大證券,2024-04-15,9800
00830,國泰費城半導體,3617,439,3178,元大證券,2024-04-15,9800
00895,富邦未來車,2969,43,2926,元大證券,2024-04-15,9800
00882,中信中國高股息,4266,1493,2773,元大證券,2024-04-15,9800
2303,聯電,5926,3191,2735,元大證券,2024-04-15,9800
2603,長榮,4146,1444,2702,元大證券,2024-04-15,9800
00706L,期元大S＆P日圓正2,3134,560,2574,元大證券,2024-04-15,9800
2317,鴻海,8266,5816,2450,元大證券,2024-04-15,9800
00655L,國泰中國A50正2,3276,1042,2234,元大證券,2024-04-15,9800
00881,國泰台灣5G+,3066,860,2206,元大證券,2024-04-15,9800
00646,元大S＆P500,2523,560,1963,元大證券,2024-04-15,9800
2409,友達,2818,933,1885,元大證券,2024-04-15,9800
00885,富邦越南,2387,665,1722,元大證券,2024-04-15,9800
2890,永豐金,2214,645,1569,元大證券,2024-04-15,9800
00764B,群益25年美債,2545,996,1549,元大證券,2024-04-15,9800
00680L,元大美債20正2,7209,5741,1468,元大證券,2024-04-15,9800
2885,元大金,2175,743,1432,元大證券,2024-04-15,9800
00662,富邦NASDAQ,1632,209,1423,元大證券,2024-04-15,9800
00772B,中信高評級公司債,2859,1543,1316,元大證券,2024-04-15,9800
2886,兆豐金,1951,681,1270,元大證券,2024-04-15,9800
00903,富邦元宇宙,1269,8,1261,元大證券,2024-04-15,9800
006205,富邦上証,1385,163,1222,元大證券,2024-04-15,9800
00891,中信關鍵半導體,3154,1940,1214,元大證券,2024-04-15,9800
2324,仁寶,1661,488,1173,元大證券,2024-04-15,9800
1402,遠東新,1249,174,1075,元大證券,2024-04-15,9800
1102,亞泥,1081,77,1004,元大證券,2024-04-15,9800
00915,凱基優選高股息30,1804,824,980,元大證券,2024-04-15,9800
00907,永豐優息存股,1265,322,943,元大證券,2024-04-15,9800
00686R,群益臺灣加權反1,1322,419,903,元大證券,2024-04-15,9800
00888,永豐台灣ESG,1320,455,865,元大證券,2024-04-15,9800
2105,正新,1019,166,853,元大證券,2024-04-15,9800
1605,華新,5216,4398,818,元大證券,2024-04-15,9800
00923,群益台ESG低碳50,1776,1003,773,元大證券,2024-04-15,9800
2891,中信金,1741,972,769,元大證券,2024-04-15,9800
00636,國泰中國A50,1160,429,731,元大證券,2024-04-15,9800
00932,兆豐永續高息等權,1068,360,708,元大證券,2024-04-15,9800
4915,致伸,1299,598,701,元大證券,2024-04-15,9800
00651R,復華香港反1,1501,830,671,元大證券,2024-04-15,9800
00904,新光臺灣半導體30,1158,516,642,元大證券,2024-04-15,9800
00921,兆豐龍頭等權重,1145,515,630,元大證券,2024-04-15,9800
2027,大成鋼,894,267,627,元大證券,2024-04-15,9800
2542,興富發,634,23,611,元大證券,2024-04-15,9800
2356,英業達,1631,1060,571,元大證券,2024-04-15,9800
00876,元大全球5G,570,10,560,元大證券,2024-04-15,9800
6016,康和證,842,285,557,元大證券,2024-04-15,9800
00665L,富邦�琤肭磪囓�2,13041,12493,548,元大證券,2024-04-15,9800
00632R,元大台灣50反1,168983,38140,130843,元大證券,2024-04-16,9800
00937B,群益ESG投等債20,19247,9695,9552,元大證券,2024-04-16,9800
00664R,國泰臺灣加權反1,11114,1875,9239,元大證券,2024-04-16,9800
00706L,期元大S＆P日圓正2,8139,322,7817,元大證券,2024-04-16,9800
00669R,國泰美國道瓊反1,5460,21,5439,元大證券,2024-04-16,9800
00637L,元大滬深300正2,16447,11455,4992,元大證券,2024-04-16,9800
00676R,富邦臺灣加權反1,8297,3787,4510,元大證券,2024-04-16,9800
00665L,富邦�琤肭磪囓�2,17183,12791,4392,元大證券,2024-04-16,9800
00933B,國泰10Y+金融債,15430,11272,4158,元大證券,2024-04-16,9800
00673R,期元大S＆P原油反1,4344,570,3774,元大證券,2024-04-16,9800
2603,長榮,6132,2882,3250,元大證券,2024-04-16,9800
00882,中信中國高股息,4368,1218,3150,元大證券,2024-04-16,9800
2324,仁寶,3898,757,3141,元大證券,2024-04-16,9800
2409,友達,4817,1760,3057,元大證券,2024-04-16,9800
00931B,統一美債20年,6411,3470,2941,元大證券,2024-04-16,9800
3702,大聯大,3776,878,2898,元大證券,2024-04-16,9800
00764B,群益25年美債,4101,1517,2584,元大證券,2024-04-16,9800
2885,元大金,3331,762,2569,元大證券,2024-04-16,9800
2890,永豐金,3927,1517,2410,元大證券,2024-04-16,9800
00900,富邦特選高股息30,5154,2839,2315,元大證券,2024-04-16,9800
2027,大成鋼,2364,206,2158,元大證券,2024-04-16,9800
6239,力成,2902,812,2090,元大證券,2024-04-16,9800
2886,兆豐金,2809,1032,1777,元大證券,2024-04-16,9800
1605,華新,3015,1354,1661,元大證券,2024-04-16,9800
1402,遠東新,2162,502,1660,元大證券,2024-04-16,9800
1102,亞泥,1930,303,1627,元大證券,2024-04-16,9800
6176,瑞儀,2008,442,1566,元大證券,2024-04-16,9800
6285,啟��,1890,331,1559,元大證券,2024-04-16,9800
00773B,中信優先金融債,1772,405,1367,元大證券,2024-04-16,9800
2105,正新,1615,299,1316,元大證券,2024-04-16,9800
00830,國泰費城半導體,2229,977,1252,元大證券,2024-04-16,9800
00636,國泰中國A50,1409,239,1170,元大證券,2024-04-16,9800
00650L,復華香港正2,13601,12442,1159,元大證券,2024-04-16,9800
2357,華碩,1283,135,1148,元大證券,2024-04-16,9800
5483,中美晶,1890,846,1044,元大證券,2024-04-16,9800
2542,興富發,1114,92,1022,元大證券,2024-04-16,9800
00772B,中信高評級公司債,4232,3227,1005,元大證券,2024-04-16,9800
4938,和碩,2191,1200,991,元大證券,2024-04-16,9800
00715L,期街口布蘭特正2,4999,4018,981,元大證券,2024-04-16,9800
1216,統一,1556,584,972,元大證券,2024-04-16,9800
2382,廣達,2837,1909,928,元大證券,2024-04-16,9800
2347,聯強,1580,741,839,元大證券,2024-04-16,9800
00896,中信綠能及電動車,1265,430,835,元大證券,2024-04-16,9800
00686R,群益臺灣加權反1,1454,626,828,元大證券,2024-04-16,9800
2449,京元電子,2753,1925,828,元大證券,2024-04-16,9800
00892,富邦台灣半導體,2657,1830,827,元大證券,2024-04-16,9800
00722B,群益投資級電信債,1461,658,803,元大證券,2024-04-16,9800
2845,遠東銀,959,158,801,元大證券,2024-04-16,9800
00651R,復華香港反1,879,82,797,元大證券,2024-04-16,9800
2317,鴻海,10136,9343,793,元大證券,2024-04-16,9800
2303,聯電,9113,2898,6215,元大證券,2024-04-17,9800
2317,鴻海,11423,6468,4955,元大證券,2024-04-17,9800
00881,國泰台灣5G+,4427,715,3712,元大證券,2024-04-17,9800
2409,友達,4360,1770,2590,元大證券,2024-04-17,9800
00724B,群益投資級金融債,2572,450,2122,元大證券,2024-04-17,9800
00830,國泰費城半導體,3057,980,2077,元大證券,2024-04-17,9800
1605,華新,6858,4912,1946,元大證券,2024-04-17,9800
00671R,富邦NASDAQ反1,3053,1194,1859,元大證券,2024-04-17,9800
00641R,富邦日本反1,1811,400,1411,元大證券,2024-04-17,9800
1402,遠東新,1651,285,1366,元大證券,2024-04-17,9800
3702,大聯大,1789,456,1333,元大證券,2024-04-17,9800
2603,長榮,2613,1281,1332,元大證券,2024-04-17,9800
00636,國泰中國A50,1690,360,1330,元大證券,2024-04-17,9800
2371,大同,17283,15996,1287,元大證券,2024-04-17,9800
2885,元大金,2526,1260,1266,元大證券,2024-04-17,9800
00706L,期元大S＆P日圓正2,1461,263,1198,元大證券,2024-04-17,9800
3711,日月光投控,1981,824,1157,元大證券,2024-04-17,9800
00680L,元大美債20正2,8307,7166,1141,元大證券,2024-04-17,9800
2890,永豐金,2918,1845,1073,元大證券,2024-04-17,9800
2105,正新,1277,206,1071,元大證券,2024-04-17,9800
2356,英業達,1945,983,962,元大證券,2024-04-17,9800
2324,仁寶,2041,1094,947,元大證券,2024-04-17,9800
2027,大成鋼,1183,272,911,元大證券,2024-04-17,9800
00934,中信成長高股息,2356,1453,903,元大證券,2024-04-17,9800
00918,大華優利高填息30,2169,1281,888,元大證券,2024-04-17,9800
00761B,國泰A級公司債,1467,581,886,元大證券,2024-04-17,9800
1216,統一,1288,427,861,元大證券,2024-04-17,9800
2357,華碩,1006,158,848,元大證券,2024-04-17,9800
4938,和碩,1408,579,829,元大證券,2024-04-17,9800
1102,亞泥,1555,751,804,元大證券,2024-04-17,9800
2385,群光,1111,327,784,元大證券,2024-04-17,9800
2542,興富發,844,92,752,元大證券,2024-04-17,9800
00882,中信中國高股息,2078,1327,751,元大證券,2024-04-17,9800
3707,漢磊,778,36,742,元大證券,2024-04-17,9800
00935,野村臺灣新科技50,1346,667,679,元大證券,2024-04-17,9800
1608,華榮,1755,1087,668,元大證券,2024-04-17,9800
1504,東元,2472,1808,664,元大證券,2024-04-17,9800
2329,華泰,1609,949,660,元大證券,2024-04-17,9800
2449,京元電子,1617,958,659,元大證券,2024-04-17,9800
3036,文曄,1138,496,642,元大證券,2024-04-17,9800
006205,富邦上証,859,242,617,元大證券,2024-04-17,9800
00897,富邦基因免疫生技,703,130,573,元大證券,2024-04-17,9800
00651R,復華香港反1,551,2,549,元大證券,2024-04-17,9800
1513,中興電,3419,2874,545,元大證券,2024-04-17,9800
00662,富邦NASDAQ,733,189,544,元大證券,2024-04-17,9800
2347,聯強,1157,663,494,元大證券,2024-04-17,9800
5515,建國,1086,592,494,元大證券,2024-04-17,9800
00746B,富邦A級公司債,748,295,453,元大證券,2024-04-17,9800
2915,潤泰全,516,64,452,元大證券,2024-04-17,9800
2809,京城銀,546,94,452,元大證券,2024-04-17,9800
00637L,元大滬深300正2,25882,14922,10960,元大證券,2024-04-18,9800
00665L,富邦�琤肭磪囓�2,16055,9777,6278,元大證券,2024-04-18,9800
00942B,台新美A公司債20+,10291,6279,4012,元大證券,2024-04-18,9800
00650L,復華香港正2,9401,6144,3257,元大證券,2024-04-18,9800
00937B,群益ESG投等債20,8100,5438,2662,元大證券,2024-04-18,9800
00671R,富邦NASDAQ反1,3815,1167,2648,元大證券,2024-04-18,9800
00673R,期元大S＆P原油反1,4610,2101,2509,元大證券,2024-04-18,9800
3231,緯創,4154,1958,2196,元大證券,2024-04-18,9800
00882,中信中國高股息,3722,1556,2166,元大證券,2024-04-18,9800
6005,群益證,3278,1177,2101,元大證券,2024-04-18,9800
00795B,中信美國公債20年,3175,1097,2078,元大證券,2024-04-18,9800
1605,華新,9603,7694,1909,元大證券,2024-04-18,9800
00669R,國泰美國道瓊反1,1687,6,1681,元大證券,2024-04-18,9800
00687B,國泰20年美債,13144,11738,1406,元大證券,2024-04-18,9800
00753L,中信中國50正2,3562,2212,1350,元大證券,2024-04-18,9800
00655L,國泰中國A50正2,3078,1767,1311,元大證券,2024-04-18,9800
2618,長榮航,4381,3120,1261,元大證券,2024-04-18,9800
2409,友達,2910,1696,1214,元大證券,2024-04-18,9800
00881,國泰台灣5G+,2196,1024,1172,元大證券,2024-04-18,9800
3481,群創,4570,3430,1140,元大證券,2024-04-18,9800
00923,群益台ESG低碳50,1631,502,1129,元大證券,2024-04-18,9800
2515,中工,9045,7923,1122,元大證券,2024-04-18,9800
5534,長虹,1420,411,1009,元大證券,2024-04-18,9800
2889,國票金,1121,115,1006,元大證券,2024-04-18,9800
00631L,元大台灣50正2,1913,924,989,元大證券,2024-04-18,9800
2324,仁寶,1277,322,955,元大證券,2024-04-18,9800
2885,元大金,2268,1361,907,元大證券,2024-04-18,9800
2547,日勝生,1225,331,894,元大證券,2024-04-18,9800
1609,大亞,10379,9500,879,元大證券,2024-04-18,9800
2890,永豐金,2079,1204,875,元大證券,2024-04-18,9800
2603,長榮,1375,532,843,元大證券,2024-04-18,9800
00935,野村臺灣新科技50,1271,429,842,元大證券,2024-04-18,9800
00939,統一台灣高息動能,5088,4252,836,元大證券,2024-04-18,9800
2506,太設,972,165,807,元大證券,2024-04-18,9800
1402,遠東新,1157,383,774,元大證券,2024-04-18,9800
2105,正新,877,114,763,元大證券,2024-04-18,9800
00713,元大台灣高息低波,1791,1057,734,元大證券,2024-04-18,9800
00764B,群益25年美債,2607,1889,718,元大證券,2024-04-18,9800
5521,工信,1474,778,696,元大證券,2024-04-18,9800
00896,中信綠能及電動車,1181,509,672,元大證券,2024-04-18,9800
00891,中信關鍵半導體,2644,1996,648,元大證券,2024-04-18,9800
6274,台燿,843,213,630,元大證券,2024-04-18,9800
2027,大成鋼,1243,613,630,元大證券,2024-04-18,9800
2542,興富發,758,143,615,元大證券,2024-04-18,9800
2537,聯上發,1008,398,610,元大證券,2024-04-18,9800
1216,統一,956,367,589,元大證券,2024-04-18,9800
00676R,富邦臺灣加權反1,4129,3541,588,元大證券,2024-04-18,9800
2356,英業達,1957,1376,581,元大證券,2024-04-18,9800
00915,凱基優選高股息30,1626,1067,559,元大證券,2024-04-18,9800
00921,兆豐龍頭等權重,1066,517,549,元大證券,2024-04-18,9800
00632R,元大台灣50反1,330272,25545,304727,元大證券,2024-04-19,9800
00937B,群益ESG投等債20,50221,29016,21205,元大證券,2024-04-19,9800
00664R,國泰臺灣加權反1,19628,2422,17206,元大證券,2024-04-19,9800
00942B,台新美A公司債20+,20387,7946,12441,元大證券,2024-04-19,9800
00676R,富邦臺灣加權反1,17548,8034,9514,元大證券,2024-04-19,9800
00933B,國泰10Y+金融債,19681,10668,9013,元大證券,2024-04-19,9800
00680L,元大美債20正2,23738,15176,8562,元大證券,2024-04-19,9800
00673R,期元大S＆P原油反1,15392,6968,8424,元大證券,2024-04-19,9800
00882,中信中國高股息,8560,227,8333,元大證券,2024-04-19,9800
2409,友達,11696,3364,8332,元大證券,2024-04-19,9800
00688L,國泰20年美債正2,12533,4732,7801,元大證券,2024-04-19,9800
00671R,富邦NASDAQ反1,7059,2779,4280,元大證券,2024-04-19,9800
00751B,元大AAA至A公司債,8889,4781,4108,元大證券,2024-04-19,9800
2890,永豐金,6780,2874,3906,元大證券,2024-04-19,9800
2886,兆豐金,5743,2674,3069,元大證券,2024-04-19,9800
00646,元大S＆P500,3325,301,3024,元大證券,2024-04-19,9800
00934,中信成長高股息,5091,2128,2963,元大證券,2024-04-19,9800
00687B,國泰20年美債,32493,29854,2639,元大證券,2024-04-19,9800
00679B,元大美債20年,29356,27331,2025,元大證券,2024-04-19,9800
00931B,統一美債20年,9983,8335,1648,元大證券,2024-04-19,9800
00900,富邦特選高股息30,6135,4616,1519,元大證券,2024-04-19,9800
5347,世界,2318,843,1475,元大證券,2024-04-19,9800
00720B,元大投資級公司債,7877,6457,1420,元大證券,2024-04-19,9800
3005,神基,2053,701,1352,元大證券,2024-04-19,9800
00893,國泰智能電動車,2672,1394,1278,元大證券,2024-04-19,9800
00921,兆豐龍頭等權重,3092,1823,1269,元大證券,2024-04-19,9800
00722B,群益投資級電信債,2462,1197,1265,元大證券,2024-04-19,9800
00669R,國泰美國道瓊反1,2243,984,1259,元大證券,2024-04-19,9800
2324,仁寶,3224,1982,1242,元大證券,2024-04-19,9800
00706L,期元大S＆P日圓正2,4554,3376,1178,元大證券,2024-04-19,9800
3036,文曄,2937,1772,1165,元大證券,2024-04-19,9800
00881,國泰台灣5G+,4774,3609,1165,元大證券,2024-04-19,9800
00725B,國泰投資級公司債,7316,6232,1084,元大證券,2024-04-19,9800
1102,亞泥,1736,660,1076,元大證券,2024-04-19,9800
00641R,富邦日本反1,1494,449,1045,元大證券,2024-04-19,9800
2520,冠德,3037,2008,1029,元大證券,2024-04-19,9800
006205,富邦上証,1112,160,952,元大證券,2024-04-19,9800
3702,大聯大,2795,1864,931,元大證券,2024-04-19,9800
6147,頎邦,1632,719,913,元大證券,2024-04-19,9800
2027,大成鋼,1348,444,904,元大證券,2024-04-19,9800
4938,和碩,2668,1768,900,元大證券,2024-04-19,9800
2504,國產,1994,1115,879,元大證券,2024-04-19,9800
6257,矽格,1020,144,876,元大證券,2024-04-19,9800
1402,遠東新,1709,875,834,元大證券,2024-04-19,9800
00633L,富邦上証正2,2649,1835,814,元大證券,2024-04-19,9800
00761B,國泰A級公司債,1208,405,803,元大證券,2024-04-19,9800
00752,中信中國50,867,75,792,元大證券,2024-04-19,9800
00902,中信電池及儲能,777,91,686,元大證券,2024-04-19,9800
00926,凱基全球菁英55,713,28,685,元大證券,2024-04-19,9800
00724B,群益投資級金融債,2199,1546,653,元大證券,2024-04-19,9800
00632R,元大台灣50反1,50999,35863,15136,元大證券,2024-04-22,9800
00673R,期元大S＆P原油反1,15204,720,14484,元大證券,2024-04-22,9800
00650L,復華香港正2,13504,2578,10926,元大證券,2024-04-22,9800
00753L,中信中國50正2,11751,1736,10015,元大證券,2024-04-22,9800
00671R,富邦NASDAQ反1,7983,300,7683,元大證券,2024-04-22,9800
00665L,富邦�琤肭磪囓�2,13782,6862,6920,元大證券,2024-04-22,9800
00676R,富邦臺灣加權反1,14020,7754,6266,元大證券,2024-04-22,9800
00923,群益台ESG低碳50,7345,1579,5766,元大證券,2024-04-22,9800
00680L,元大美債20正2,7104,3716,3388,元大證券,2024-04-22,9800
00933B,國泰10Y+金融債,8225,4895,3330,元大證券,2024-04-22,9800
00882,中信中國高股息,4084,1423,2661,元大證券,2024-04-22,9800
2501,國建,7693,5177,2516,元大證券,2024-04-22,9800
2891,中信金,3119,1031,2088,元大證券,2024-04-22,9800
2890,永豐金,2573,543,2030,元大證券,2024-04-22,9800
00646,元大S＆P500,2049,141,1908,元大證券,2024-04-22,9800
2886,兆豐金,1991,119,1872,元大證券,2024-04-22,9800
00687B,國泰20年美債,13811,11959,1852,元大證券,2024-04-22,9800
2520,冠德,6940,5091,1849,元大證券,2024-04-22,9800
00927,群益半導體收益,3103,1447,1656,元大證券,2024-04-22,9800
00895,富邦未來車,1658,15,1643,元大證券,2024-04-22,9800
2330,台積電,2521,891,1630,元大證券,2024-04-22,9800
00907,永豐優息存股,2239,625,1614,元大證券,2024-04-22,9800
2303,聯電,6088,4576,1512,元大證券,2024-04-22,9800
2883,凱基金,2808,1299,1509,元大證券,2024-04-22,9800
2409,友達,2818,1317,1501,元大證券,2024-04-22,9800
00637L,元大滬深300正2,16176,14677,1499,元大證券,2024-04-22,9800
2618,長榮航,7322,5877,1445,元大證券,2024-04-22,9800
2412,中華電,1892,454,1438,元大證券,2024-04-22,9800
00692,富邦公司治理,1661,289,1372,元大證券,2024-04-22,9800
00905,FT臺灣Smart,1664,352,1312,元大證券,2024-04-22,9800
2317,鴻海,5775,4538,1237,元大證券,2024-04-22,9800
3711,日月光投控,1530,355,1175,元大證券,2024-04-22,9800
00888,永豐台灣ESG,2147,977,1170,元大證券,2024-04-22,9800
2515,中工,27737,26590,1147,元大證券,2024-04-22,9800
2002,中鋼,1835,706,1129,元大證券,2024-04-22,9800
2603,長榮,4864,3737,1127,元大證券,2024-04-22,9800
00900,富邦特選高股息30,6206,5081,1125,元大證券,2024-04-22,9800
5880,合庫金,1213,138,1075,元大證券,2024-04-22,9800
00922,國泰台灣領袖50,1915,855,1060,元大證券,2024-04-22,9800
2884,玉山金,1562,503,1059,元大證券,2024-04-22,9800
2882,國泰金,1406,400,1006,元大證券,2024-04-22,9800
2892,第一金,1086,106,980,元大證券,2024-04-22,9800
2888,新光金,1924,961,963,元大證券,2024-04-22,9800
2356,英業達,2245,1298,947,元大證券,2024-04-22,9800
1605,華新,2523,1626,897,元大證券,2024-04-22,9800
00921,兆豐龍頭等權重,1307,420,887,元大證券,2024-04-22,9800
6177,達麗,1182,311,871,元大證券,2024-04-22,9800
00935,野村臺灣新科技50,1421,563,858,元大證券,2024-04-22,9800
3702,大聯大,1288,434,854,元大證券,2024-04-22,9800
00850,元大臺灣ESG永續,1017,172,845,元大證券,2024-04-22,9800
00753L,中信中國50正2,11720,580,11140,元大證券,2024-04-23,9800
00650L,復華香港正2,12039,3786,8253,元大證券,2024-04-23,9800
00687B,國泰20年美債,12167,7090,5077,元大證券,2024-04-23,9800
00673R,期元大S＆P原油反1,3821,153,3668,元大證券,2024-04-23,9800
2618,長榮航,10236,6730,3506,元大證券,2024-04-23,9800
2501,國建,6062,3085,2977,元大證券,2024-04-23,9800
00752,中信中國50,2879,162,2717,元大證券,2024-04-23,9800
00637L,元大滬深300正2,14453,11905,2548,元大證券,2024-04-23,9800
00764B,群益25年美債,3253,928,2325,元大證券,2024-04-23,9800
00931B,統一美債20年,4350,2296,2054,元大證券,2024-04-23,9800
00715L,期街口布蘭特正2,4121,2123,1998,元大證券,2024-04-23,9800
00795B,中信美國公債20年,3401,1436,1965,元大證券,2024-04-23,9800
00665L,富邦�琤肭磪囓�2,7968,6208,1760,元大證券,2024-04-23,9800
00671R,富邦NASDAQ反1,2795,1065,1730,元大證券,2024-04-23,9800
00881,國泰台灣5G+,2144,563,1581,元大證券,2024-04-23,9800
00688L,國泰20年美債正2,2719,1189,1530,元大證券,2024-04-23,9800
2317,鴻海,6205,4845,1360,元大證券,2024-04-23,9800
2884,玉山金,1836,480,1356,元大證券,2024-04-23,9800
2883,凱基金,1776,451,1325,元大證券,2024-04-23,9800
2891,中信金,1621,304,1317,元大證券,2024-04-23,9800
00933B,國泰10Y+金融債,6507,5274,1233,元大證券,2024-04-23,9800
00942B,台新美A公司債20+,4307,3133,1174,元大證券,2024-04-23,9800
00892,富邦台灣半導體,2223,1072,1151,元大證券,2024-04-23,9800
2412,中華電,1802,679,1123,元大證券,2024-04-23,9800
2886,兆豐金,1551,529,1022,元大證券,2024-04-23,9800
00934,中信成長高股息,1786,784,1002,元大證券,2024-04-23,9800
2330,台積電,1172,386,786,元大證券,2024-04-23,9800
2603,長榮,2226,1446,780,元大證券,2024-04-23,9800
00896,中信綠能及電動車,856,79,777,元大證券,2024-04-23,9800
00635U,期元大S＆P黃金,1024,254,770,元大證券,2024-04-23,9800
2027,大成鋼,857,96,761,元大證券,2024-04-23,9800
2888,新光金,1558,808,750,元大證券,2024-04-23,9800
00696B,富邦美債20年,1711,975,736,元大證券,2024-04-23,9800
2520,冠德,1660,950,710,元大證券,2024-04-23,9800
00891,中信關鍵半導體,2183,1476,707,元大證券,2024-04-23,9800
00692,富邦公司治理,751,52,699,元大證券,2024-04-23,9800
3045,台灣大,728,43,685,元大證券,2024-04-23,9800
2890,永豐金,1242,573,669,元大證券,2024-04-23,9800
00927,群益半導體收益,1979,1335,644,元大證券,2024-04-23,9800
2408,南亞科,1060,430,630,元大證券,2024-04-23,9800
5880,合庫金,741,129,612,元大證券,2024-04-23,9800
00900,富邦特選高股息30,2016,1405,611,元大證券,2024-04-23,9800
00642U,期元大S＆P石油,656,62,594,元大證券,2024-04-23,9800
00907,永豐優息存股,879,312,567,元大證券,2024-04-23,9800
00751B,元大AAA至A公司債,2985,2427,558,元大證券,2024-04-23,9800
2892,第一金,812,262,550,元大證券,2024-04-23,9800
00915,凱基優選高股息30,1220,674,546,元大證券,2024-04-23,9800
006208,富邦台50,708,193,515,元大證券,2024-04-23,9800
2881,富邦金,681,174,507,元大證券,2024-04-23,9800
2882,國泰金,662,157,505,元大證券,2024-04-23,9800
00753L,中信中國50正2,22634,1762,20872,元大證券,2024-04-24,9800
00650L,復華香港正2,13751,1941,11810,元大證券,2024-04-24,9800
00665L,富邦�琤肭磪囓�2,14208,4428,9780,元大證券,2024-04-24,9800
00715L,期街口布蘭特正2,6679,691,5988,元大證券,2024-04-24,9800
2371,大同,18073,13317,4756,元大證券,2024-04-24,9800
2317,鴻海,14389,10690,3699,元大證券,2024-04-24,9800
2618,長榮航,22918,19322,3596,元大證券,2024-04-24,9800
00752,中信中國50,4083,556,3527,元大證券,2024-04-24,9800
00878,國泰永續高股息,4638,1511,3127,元大證券,2024-04-24,9800
3231,緯創,5143,2669,2474,元大證券,2024-04-24,9800
00882,中信中國高股息,2857,552,2305,元大證券,2024-04-24,9800
00671R,富邦NASDAQ反1,2474,532,1942,元大證券,2024-04-24,9800
00892,富邦台灣半導體,3792,1895,1897,元大證券,2024-04-24,9800
2515,中工,7654,5857,1797,元大證券,2024-04-24,9800
00669R,國泰美國道瓊反1,1754,0,1754,元大證券,2024-04-24,9800
0050,元大台灣50,1462,122,1340,元大證券,2024-04-24,9800
00942B,台新美A公司債20+,5606,4435,1171,元大證券,2024-04-24,9800
00664R,國泰臺灣加權反1,4093,2948,1145,元大證券,2024-04-24,9800
2356,英業達,2422,1478,944,元大證券,2024-04-24,9800
2610,華航,5844,4908,936,元大證券,2024-04-24,9800
00888,永豐台灣ESG,1415,506,909,元大證券,2024-04-24,9800
00900,富邦特選高股息30,2406,1501,905,元大證券,2024-04-24,9800
2382,廣達,2085,1180,905,元大證券,2024-04-24,9800
1216,統一,1058,158,900,元大證券,2024-04-24,9800
00932,兆豐永續高息等權,987,103,884,元大證券,2024-04-24,9800
2884,玉山金,938,57,881,元大證券,2024-04-24,9800
00918,大華優利高填息30,2127,1253,874,元大證券,2024-04-24,9800
00676R,富邦臺灣加權反1,6383,5520,863,元大證券,2024-04-24,9800
2324,仁寶,1174,358,816,元大證券,2024-04-24,9800
6274,台燿,1980,1180,800,元大證券,2024-04-24,9800
00712,復華富時不動產,850,66,784,元大證券,2024-04-24,9800
00877,復華中國5G,1076,337,739,元大證券,2024-04-24,9800
00631L,元大台灣50正2,1430,717,713,元大證券,2024-04-24,9800
00706L,期元大S＆P日圓正2,1064,393,671,元大證券,2024-04-24,9800
2002,中鋼,888,223,665,元大證券,2024-04-24,9800
00772B,中信高評級公司債,2032,1413,619,元大證券,2024-04-24,9800
00901,永豐智能車供應鏈,607,1,606,元大證券,2024-04-24,9800
00894,中信小資高價30,829,234,595,元大證券,2024-04-24,9800
2882,國泰金,821,232,589,元大證券,2024-04-24,9800
00907,永豐優息存股,1009,433,576,元大證券,2024-04-24,9800
6016,康和證,604,31,573,元大證券,2024-04-24,9800
00646,元大S＆P500,905,336,569,元大證券,2024-04-24,9800
2888,新光金,1517,949,568,元大證券,2024-04-24,9800
2330,台積電,1058,491,567,元大證券,2024-04-24,9800
00904,新光臺灣半導體30,1493,953,540,元大證券,2024-04-24,9800
2836,高雄銀,554,21,533,元大證券,2024-04-24,9800
6505,台塑化,589,64,525,元大證券,2024-04-24,9800
5880,合庫金,641,119,522,元大證券,2024-04-24,9800
2892,第一金,571,53,518,元大證券,2024-04-24,9800
3050,鈺德,657,143,514,元大證券,2024-04-24,9800
00632R,元大台灣50反1,67904,6802,61102,元大證券,2024-04-25,9800
00753L,中信中國50正2,15202,1345,13857,元大證券,2024-04-25,9800
2618,長榮航,26414,16662,9752,元大證券,2024-04-25,9800
00650L,復華香港正2,15289,6888,8401,元大證券,2024-04-25,9800
00637L,元大滬深300正2,14758,9499,5259,元大證券,2024-04-25,9800
2303,聯電,8714,3797,4917,元大證券,2024-04-25,9800
00665L,富邦�琤肭磪囓�2,18375,14013,4362,元大證券,2024-04-25,9800
2883,凱基金,3426,1161,2265,元大證券,2024-04-25,9800
00673R,期元大S＆P原油反1,2168,274,1894,元大證券,2024-04-25,9800
00882,中信中國高股息,5418,3658,1760,元大證券,2024-04-25,9800
00633L,富邦上証正2,1829,621,1208,元大證券,2024-04-25,9800
00772B,中信高評級公司債,2586,1591,995,元大證券,2024-04-25,9800
00893,國泰智能電動車,1186,325,861,元大證券,2024-04-25,9800
00671R,富邦NASDAQ反1,1456,600,856,元大證券,2024-04-25,9800
00740B,富邦全球投等債,1081,244,837,元大證券,2024-04-25,9800
00686R,群益臺灣加權反1,1063,309,754,元大證券,2024-04-25,9800
1736,喬山,765,53,712,元大證券,2024-04-25,9800
00674R,期元大S＆P黃金反1,866,155,711,元大證券,2024-04-25,9800
00940,元大台灣價值高息,14741,14065,676,元大證券,2024-04-25,9800
00903,富邦元宇宙,669,80,589,元大證券,2024-04-25,9800
3013,晟銘電,3406,2895,511,元大證券,2024-04-25,9800
00713,元大台灣高息低波,978,468,510,元大證券,2024-04-25,9800
5522,遠雄,772,322,450,元大證券,2024-04-25,9800
3711,日月光投控,710,305,405,元大證券,2024-04-25,9800
2603,長榮,1052,651,401,元大證券,2024-04-25,9800
00926,凱基全球菁英55,401,35,366,元大證券,2024-04-25,9800
00933B,國泰10Y+金融債,5294,4930,364,元大證券,2024-04-25,9800
3264,欣銓,385,29,356,元大證券,2024-04-25,9800
3017,奇鋐,1373,1023,350,元大證券,2024-04-25,9800
00773B,中信優先金融債,878,532,346,元大證券,2024-04-25,9800
3036,文曄,499,162,337,元大證券,2024-04-25,9800
006205,富邦上証,366,32,334,元大證券,2024-04-25,9800
2501,國建,5530,5203,327,元大證券,2024-04-25,9800
00877,復華中國5G,589,269,320,元大證券,2024-04-25,9800
00636,國泰中國A50,476,173,303,元大證券,2024-04-25,9800
2520,冠德,1349,1072,277,元大證券,2024-04-25,9800
2313,華通,1159,884,275,元大證券,2024-04-25,9800
2357,華碩,353,79,274,元大證券,2024-04-25,9800
00925,新光標普電動車,273,0,273,元大證券,2024-04-25,9800
00885,富邦越南,774,501,273,元大證券,2024-04-25,9800
00737,國泰AI+Robo,272,0,272,元大證券,2024-04-25,9800
00676R,富邦臺灣加權反1,3239,2984,255,元大證券,2024-04-25,9800
4938,和碩,441,188,253,元大證券,2024-04-25,9800
3034,聯詠,378,132,246,元大證券,2024-04-25,9800
00668,國泰美國道瓊,251,9,242,元大證券,2024-04-25,9800
00655L,國泰中國A50正2,1010,787,223,元大證券,2024-04-25,9800
2388,威盛,857,648,209,元大證券,2024-04-25,9800
2408,南亞科,574,371,203,元大證券,2024-04-25,9800
3443,創意,358,163,195,元大證券,2024-04-25,9800
2323,中環,1050,856,194,元大證券,2024-04-25,9800
00637L,元大滬深300正2,25672,8599,17073,元大證券,2024-04-26,9800
2371,大同,20807,7481,13326,元大證券,2024-04-26,9800
00753L,中信中國50正2,12810,1921,10889,元大證券,2024-04-26,9800
00665L,富邦�琤肭磪囓�2,20970,10208,10762,元大證券,2024-04-26,9800
2618,長榮航,29010,22014,6996,元大證券,2024-04-26,9800
00878,國泰永續高股息,6780,2564,4216,元大證券,2024-04-26,9800
2317,鴻海,8490,4650,3840,元大證券,2024-04-26,9800
00650L,復華香港正2,10678,6921,3757,元大證券,2024-04-26,9800
2303,聯電,4453,1473,2980,元大證券,2024-04-26,9800
00715L,期街口布蘭特正2,2975,6,2969,元大證券,2024-04-26,9800
2609,陽明,12874,9926,2948,元大證券,2024-04-26,9800
00882,中信中國高股息,4139,1405,2734,元大證券,2024-04-26,9800
00881,國泰台灣5G+,5175,2696,2479,元大證券,2024-04-26,9800
00919,群益台灣精選高息,7399,5720,1679,元大證券,2024-04-26,9800
00891,中信關鍵半導體,3454,1937,1517,元大證券,2024-04-26,9800
00712,復華富時不動產,1948,436,1512,元大證券,2024-04-26,9800
00669R,國泰美國道瓊反1,2241,774,1467,元大證券,2024-04-26,9800
00918,大華優利高填息30,2483,1145,1338,元大證券,2024-04-26,9800
00830,國泰費城半導體,2144,845,1299,元大證券,2024-04-26,9800
00907,永豐優息存股,2087,817,1270,元大證券,2024-04-26,9800
0050,元大台灣50,1953,729,1224,元大證券,2024-04-26,9800
2610,華航,7218,6036,1182,元大證券,2024-04-26,9800
2603,長榮,3324,2236,1088,元大證券,2024-04-26,9800
00935,野村臺灣新科技50,1351,350,1001,元大證券,2024-04-26,9800
2884,玉山金,1353,360,993,元大證券,2024-04-26,9800
00631L,元大台灣50正2,1636,707,929,元大證券,2024-04-26,9800
00909,國泰數位支付服務,938,18,920,元大證券,2024-04-26,9800
3711,日月光投控,1181,302,879,元大證券,2024-04-26,9800
00633L,富邦上証正2,2997,2231,766,元大證券,2024-04-26,9800
3702,大聯大,996,262,734,元大證券,2024-04-26,9800
3231,緯創,2004,1316,688,元大證券,2024-04-26,9800
4904,遠傳,728,41,687,元大證券,2024-04-26,9800
00922,國泰台灣領袖50,1228,568,660,元大證券,2024-04-26,9800
00687B,國泰20年美債,10552,9900,652,元大證券,2024-04-26,9800
00752,中信中國50,1543,907,636,元大證券,2024-04-26,9800
3045,台灣大,662,43,619,元大證券,2024-04-26,9800
4938,和碩,818,216,602,元大證券,2024-04-26,9800
2308,台達電,1126,528,598,元大證券,2024-04-26,9800
00640L,富邦日本正2,1150,572,578,元大證券,2024-04-26,9800
00877,復華中國5G,1051,553,498,元大證券,2024-04-26,9800
00696B,富邦美債20年,1384,899,485,元大證券,2024-04-26,9800
00892,富邦台灣半導體,1310,833,477,元大證券,2024-04-26,9800
00675L,富邦臺灣加權正2,793,321,472,元大證券,2024-04-26,9800
00636,國泰中國A50,872,416,456,元大證券,2024-04-26,9800
00671R,富邦NASDAQ反1,1705,1251,454,元大證券,2024-04-26,9800
00692,富邦公司治理,938,500,438,元大證券,2024-04-26,9800
00904,新光臺灣半導體30,772,355,417,元大證券,2024-04-26,9800
2882,國泰金,820,405,415,元大證券,2024-04-26,9800
9904,寶成,780,369,411,元大證券,2024-04-26,9800
2886,兆豐金,830,433,397,元大證券,2024-04-26,9800
00637L,元大滬深300正2,23284,16358,6926,元大證券,2024-04-29,9800
00882,中信中國高股息,7237,1402,5835,元大證券,2024-04-29,9800
00940,元大台灣價值高息,13932,8345,5587,元大證券,2024-04-29,9800
00636,國泰中國A50,5668,834,4834,元大證券,2024-04-29,9800
00881,國泰台灣5G+,5971,1211,4760,元大證券,2024-04-29,9800
00753L,中信中國50正2,8410,4159,4251,元大證券,2024-04-29,9800
2501,國建,4864,1908,2956,元大證券,2024-04-29,9800
00933B,國泰10Y+金融債,8095,5171,2924,元大證券,2024-04-29,9800
00680L,元大美債20正2,3659,945,2714,元大證券,2024-04-29,9800
2303,聯電,3712,1073,2639,元大證券,2024-04-29,9800
00939,統一台灣高息動能,5316,2938,2378,元大證券,2024-04-29,9800
00671R,富邦NASDAQ反1,2094,1,2093,元大證券,2024-04-29,9800
00900,富邦特選高股息30,3106,1143,1963,元大證券,2024-04-29,9800
2891,中信金,12468,10739,1729,元大證券,2024-04-29,9800
00923,群益台ESG低碳50,2579,977,1602,元大證券,2024-04-29,9800
00936,台新永續高息中小,2218,618,1600,元大證券,2024-04-29,9800
2883,凱基金,5921,4327,1594,元大證券,2024-04-29,9800
00927,群益半導體收益,2417,828,1589,元大證券,2024-04-29,9800
00919,群益台灣精選高息,5506,3927,1579,元大證券,2024-04-29,9800
00688L,國泰20年美債正2,2205,698,1507,元大證券,2024-04-29,9800
2888,新光金,4489,3040,1449,元大證券,2024-04-29,9800
00888,永豐台灣ESG,1509,80,1429,元大證券,2024-04-29,9800
2330,台積電,1697,268,1429,元大證券,2024-04-29,9800
00687B,國泰20年美債,10306,8952,1354,元大證券,2024-04-29,9800
00701,國泰股利精選30,1295,7,1288,元大證券,2024-04-29,9800
00915,凱基優選高股息30,4294,3022,1272,元大證券,2024-04-29,9800
2882,國泰金,2422,1152,1270,元大證券,2024-04-29,9800
2618,長榮航,13485,12251,1234,元大證券,2024-04-29,9800
00935,野村臺灣新科技50,1654,433,1221,元大證券,2024-04-29,9800
00795B,中信美國公債20年,2874,1714,1160,元大證券,2024-04-29,9800
00655L,國泰中國A50正2,3357,2206,1151,元大證券,2024-04-29,9800
00877,復華中國5G,1416,275,1141,元大證券,2024-04-29,9800
2890,永豐金,2524,1393,1131,元大證券,2024-04-29,9800
00878,國泰永續高股息,4489,3394,1095,元大證券,2024-04-29,9800
00773B,中信優先金融債,1538,496,1042,元大證券,2024-04-29,9800
5531,鄉林,1368,336,1032,元大證券,2024-04-29,9800
00725B,國泰投資級公司債,2048,1030,1018,元大證券,2024-04-29,9800
1314,中石化,8283,7280,1003,元大證券,2024-04-29,9800
00937B,群益ESG投等債20,6737,5747,990,元大證券,2024-04-29,9800
00902,中信電池及儲能,1511,522,989,元大證券,2024-04-29,9800
2884,玉山金,1507,546,961,元大證券,2024-04-29,9800
2323,中環,5480,4535,945,元大證券,2024-04-29,9800
00907,永豐優息存股,1433,532,901,元大證券,2024-04-29,9800
2324,仁寶,1278,431,847,元大證券,2024-04-29,9800
0050,元大台灣50,1197,414,783,元大證券,2024-04-29,9800
00892,富邦台灣半導體,1330,553,777,元大證券,2024-04-29,9800
1736,喬山,817,42,775,元大證券,2024-04-29,9800
00673R,期元大S＆P原油反1,1606,861,745,元大證券,2024-04-29,9800
6005,群益證,1257,515,742,元大證券,2024-04-29,9800
00893,國泰智能電動車,1160,423,737,元大證券,2024-04-29,9800
00665L,富邦�琤肭磪囓�2,10770,5033,5737,元大證券,2024-04-30,9800
00942B,台新美A公司債20+,7338,4246,3092,元大證券,2024-04-30,9800
00830,國泰費城半導體,4108,1315,2793,元大證券,2024-04-30,9800
00712,復華富時不動產,2430,3,2427,元大證券,2024-04-30,9800
00937B,群益ESG投等債20,15296,12870,2426,元大證券,2024-04-30,9800
00882,中信中國高股息,3431,1032,2399,元大證券,2024-04-30,9800
00687B,國泰20年美債,5547,3378,2169,元大證券,2024-04-30,9800
00637L,元大滬深300正2,10761,8648,2113,元大證券,2024-04-30,9800
00895,富邦未來車,1810,155,1655,元大證券,2024-04-30,9800
00893,國泰智能電動車,1813,319,1494,元大證券,2024-04-30,9800
00680L,元大美債20正2,2106,921,1185,元大證券,2024-04-30,9800
00931B,統一美債20年,2645,1465,1180,元大證券,2024-04-30,9800
00725B,國泰投資級公司債,1729,628,1101,元大證券,2024-04-30,9800
00631L,元大台灣50正2,1316,339,977,元大證券,2024-04-30,9800
00673R,期元大S＆P原油反1,1233,297,936,元大證券,2024-04-30,9800
00861,元大全球未來通訊,928,2,926,元大證券,2024-04-30,9800
00857B,永豐20年美公債,2463,1594,869,元大證券,2024-04-30,9800
00751B,元大AAA至A公司債,1352,686,666,元大證券,2024-04-30,9800
00752,中信中國50,1100,489,611,元大證券,2024-04-30,9800
00919,群益台灣精選高息,5563,4969,594,元大證券,2024-04-30,9800
00636,國泰中國A50,1072,517,555,元大證券,2024-04-30,9800
00773B,中信優先金融債,807,254,553,元大證券,2024-04-30,9800
1609,大亞,2723,2185,538,元大證券,2024-04-30,9800
0050,元大台灣50,772,257,515,元大證券,2024-04-30,9800
2303,聯電,2957,2475,482,元大證券,2024-04-30,9800
006205,富邦上証,605,135,470,元大證券,2024-04-30,9800
00722B,群益投資級電信債,670,255,415,元大證券,2024-04-30,9800
00634R,富邦上証反1,418,4,414,元大證券,2024-04-30,9800
00686R,群益臺灣加權反1,396,0,396,元大證券,2024-04-30,9800
00653L,富邦印度正2,408,20,388,元大證券,2024-04-30,9800
4938,和碩,674,287,387,元大證券,2024-04-30,9800
2615,萬海,875,492,383,元大證券,2024-04-30,9800
00902,中信電池及儲能,987,632,355,元大證券,2024-04-30,9800
2347,聯強,501,149,352,元大證券,2024-04-30,9800
2204,中華,458,113,345,元大證券,2024-04-30,9800
1104,環泥,546,213,333,元大證券,2024-04-30,9800
2324,仁寶,699,376,323,元大證券,2024-04-30,9800
2357,華碩,394,74,320,元大證券,2024-04-30,9800
00675L,富邦臺灣加權正2,586,269,317,元大證券,2024-04-30,9800
00764B,群益25年美債,1580,1266,314,元大證券,2024-04-30,9800
5371,中光電,1837,1523,314,元大證券,2024-04-30,9800
1416,廣豐,326,21,305,元大證券,2024-04-30,9800
00853B,統一美債10年Aa-,424,128,296,元大證券,2024-04-30,9800
3081,聯亞,484,203,281,元大證券,2024-04-30,9800
00670L,富邦NASDAQ正2,389,115,274,元大證券,2024-04-30,9800
00724B,群益投資級金融債,871,607,264,元大證券,2024-04-30,9800
00688L,國泰20年美債正2,2071,1820,251,元大證券,2024-04-30,9800
00924,復華S＆P500成長,255,10,245,元大證券,2024-04-30,9800
0055,元大MSCI金融,365,130,235,元大證券,2024-04-30,9800
00928,中信上櫃ESG30,368,137,231,元大證券,2024-04-30,9800
00632R,元大台灣50反1,26129,9029,17100,元大證券,2024-05-02,9800
00673R,期元大S＆P原油反1,16688,300,16388,元大證券,2024-05-02,9800
00650L,復華香港正2,10387,4589,5798,元大證券,2024-05-02,9800
00753L,中信中國50正2,9485,4910,4575,元大證券,2024-05-02,9800
00939,統一台灣高息動能,6525,2392,4133,元大證券,2024-05-02,9800
2618,長榮航,14696,12334,2362,元大證券,2024-05-02,9800
4714,永捷,2086,15,2071,元大證券,2024-05-02,9800
00752,中信中國50,3230,1301,1929,元大證券,2024-05-02,9800
00933B,國泰10Y+金融債,9610,7739,1871,元大證券,2024-05-02,9800
00687B,國泰20年美債,10141,8481,1660,元大證券,2024-05-02,9800
2303,聯電,3599,2027,1572,元大證券,2024-05-02,9800
00931B,統一美債20年,2389,835,1554,元大證券,2024-05-02,9800
2603,長榮,3062,1697,1365,元大證券,2024-05-02,9800
00671R,富邦NASDAQ反1,1648,319,1329,元大證券,2024-05-02,9800
5512,力麒,3089,1795,1294,元大證券,2024-05-02,9800
00877,復華中國5G,1121,1,1120,元大證券,2024-05-02,9800
00633L,富邦上証正2,2525,1517,1008,元大證券,2024-05-02,9800
5009,榮剛,3371,2417,954,元大證券,2024-05-02,9800
6177,達麗,2887,1946,941,元大證券,2024-05-02,9800
2882,國泰金,1622,784,838,元大證券,2024-05-02,9800
2412,中華電,893,77,816,元大證券,2024-05-02,9800
00676R,富邦臺灣加權反1,2133,1334,799,元大證券,2024-05-02,9800
00918,大華優利高填息30,2121,1379,742,元大證券,2024-05-02,9800
00725B,國泰投資級公司債,2465,1747,718,元大證券,2024-05-02,9800
4938,和碩,885,176,709,元大證券,2024-05-02,9800
00915,凱基優選高股息30,2358,1677,681,元大證券,2024-05-02,9800
0056,元大高股息,1084,421,663,元大證券,2024-05-02,9800
00712,復華富時不動產,1405,761,644,元大證券,2024-05-02,9800
4303,信立,648,11,637,元大證券,2024-05-02,9800
3024,憶聲,858,242,616,元大證券,2024-05-02,9800
00764B,群益25年美債,1232,642,590,元大證券,2024-05-02,9800
00772B,中信高評級公司債,1836,1271,565,元大證券,2024-05-02,9800
2330,台積電,850,309,541,元大證券,2024-05-02,9800
6770,力積電,1314,778,536,元大證券,2024-05-02,9800
2610,華航,3775,3259,516,元大證券,2024-05-02,9800
00852L,國泰美國道瓊正2,531,32,499,元大證券,2024-05-02,9800
00891,中信關鍵半導體,1848,1350,498,元大證券,2024-05-02,9800
2834,臺企銀,914,421,493,元大證券,2024-05-02,9800
00683L,期元大美元指正2,514,26,488,元大證券,2024-05-02,9800
2206,三陽工業,1349,866,483,元大證券,2024-05-02,9800
2520,冠德,2426,1956,470,元大證券,2024-05-02,9800
2357,華碩,474,91,383,元大證券,2024-05-02,9800
00907,永豐優息存股,733,370,363,元大證券,2024-05-02,9800
00882,中信中國高股息,3340,2978,362,元大證券,2024-05-02,9800
8112,至上,963,601,362,元大證券,2024-05-02,9800
00934,中信成長高股息,2510,2152,358,元大證券,2024-05-02,9800
5521,工信,2591,2252,339,元大證券,2024-05-02,9800
1316,上曜,2103,1770,333,元大證券,2024-05-02,9800
00919,群益台灣精選高息,5309,4979,330,元大證券,2024-05-02,9800
5880,合庫金,442,139,303,元大證券,2024-05-02,9800
2303,聯電,15082,1157,13925,元大證券,2024-05-03,9800
00753L,中信中國50正2,7911,1958,5953,元大證券,2024-05-03,9800
00706L,期元大S＆P日圓正2,4747,318,4429,元大證券,2024-05-03,9800
00673R,期元大S＆P原油反1,4411,31,4380,元大證券,2024-05-03,9800
00752,中信中國50,6745,2530,4215,元大證券,2024-05-03,9800
00632R,元大台灣50反1,27741,23940,3801,元大證券,2024-05-03,9800
3711,日月光投控,3682,339,3343,元大證券,2024-05-03,9800
00882,中信中國高股息,4484,1695,2789,元大證券,2024-05-03,9800
00918,大華優利高填息30,3331,742,2589,元大證券,2024-05-03,9800
00665L,富邦�琤肭磪囓�2,10214,8057,2157,元大證券,2024-05-03,9800
2888,新光金,3841,1911,1930,元大證券,2024-05-03,9800
8096,擎亞,8187,6382,1805,元大證券,2024-05-03,9800
00877,復華中國5G,1481,3,1478,元大證券,2024-05-03,9800
00764B,群益25年美債,2947,1745,1202,元大證券,2024-05-03,9800
00900,富邦特選高股息30,2663,1501,1162,元大證券,2024-05-03,9800
2603,長榮,2339,1192,1147,元大證券,2024-05-03,9800
2891,中信金,2245,1132,1113,元大證券,2024-05-03,9800
00927,群益半導體收益,1579,490,1089,元大證券,2024-05-03,9800
00830,國泰費城半導體,1005,73,932,元大證券,2024-05-03,9800
2002,中鋼,1366,462,904,元大證券,2024-05-03,9800
00687B,國泰20年美債,12741,11857,884,元大證券,2024-05-03,9800
4303,信立,837,12,825,元大證券,2024-05-03,9800
00722B,群益投資級電信債,1187,399,788,元大證券,2024-05-03,9800
8112,至上,1769,1023,746,元大證券,2024-05-03,9800
00676R,富邦臺灣加權反1,2093,1366,727,元大證券,2024-05-03,9800
2201,裕隆,1172,466,706,元大證券,2024-05-03,9800
2317,鴻海,4921,4267,654,元大證券,2024-05-03,9800
1532,勤美,1627,1008,619,元大證券,2024-05-03,9800
4938,和碩,681,110,571,元大證券,2024-05-03,9800
2371,大同,5674,5113,561,元大證券,2024-05-03,9800
0050,元大台灣50,1363,827,536,元大證券,2024-05-03,9800
00692,富邦公司治理,469,7,462,元大證券,2024-05-03,9800
00904,新光臺灣半導體30,454,12,442,元大證券,2024-05-03,9800
00861,元大全球未來通訊,389,0,389,元大證券,2024-05-03,9800
00751B,元大AAA至A公司債,2373,1994,379,元大證券,2024-05-03,9800
00725B,國泰投資級公司債,1699,1325,374,元大證券,2024-05-03,9800
00902,中信電池及儲能,358,0,358,元大證券,2024-05-03,9800
00885,富邦越南,684,335,349,元大證券,2024-05-03,9800
2880,華南金,1025,684,341,元大證券,2024-05-03,9800
00922,國泰台灣領袖50,1032,696,336,元大證券,2024-05-03,9800
2618,長榮航,16274,15967,307,元大證券,2024-05-03,9800
00896,中信綠能及電動車,490,187,303,元大證券,2024-05-03,9800
6274,台燿,906,609,297,元大證券,2024-05-03,9800
00893,國泰智能電動車,663,370,293,元大證券,2024-05-03,9800
2449,京元電子,773,486,287,元大證券,2024-05-03,9800
00712,復華富時不動產,425,142,283,元大證券,2024-05-03,9800
00905,FT臺灣Smart,395,123,272,元大證券,2024-05-03,9800
2327,國巨,667,409,258,元大證券,2024-05-03,9800
00888,永豐台灣ESG,878,625,253,元大證券,2024-05-03,9800
00897,富邦基因免疫生技,268,17,251,元大證券,2024-05-03,9800
00673R,期元大S＆P原油反1,6201,716,5485,元大證券,2024-05-06,9800
2317,鴻海,7254,1791,5463,元大證券,2024-05-06,9800
00878,國泰永續高股息,10371,5415,4956,元大證券,2024-05-06,9800
00882,中信中國高股息,4868,877,3991,元大證券,2024-05-06,9800
00937B,群益ESG投等債20,14734,10994,3740,元大證券,2024-05-06,9800
00919,群益台灣精選高息,5172,1738,3434,元大證券,2024-05-06,9800
00900,富邦特選高股息30,3368,38,3330,元大證券,2024-05-06,9800
00918,大華優利高填息30,3670,738,2932,元大證券,2024-05-06,9800
00941,中信上游半導體,3209,621,2588,元大證券,2024-05-06,9800
0056,元大高股息,2615,512,2103,元大證券,2024-05-06,9800
2449,京元電子,4272,2178,2094,元大證券,2024-05-06,9800
00915,凱基優選高股息30,3087,1144,1943,元大證券,2024-05-06,9800
2886,兆豐金,2723,787,1936,元大證券,2024-05-06,9800
2880,華南金,3626,1737,1889,元大證券,2024-05-06,9800
00669R,國泰美國道瓊反1,1819,53,1766,元大證券,2024-05-06,9800
00933B,國泰10Y+金融債,9139,7374,1765,元大證券,2024-05-06,9800
00706L,期元大S＆P日圓正2,1699,2,1697,元大證券,2024-05-06,9800
00923,群益台ESG低碳50,1945,283,1662,元大證券,2024-05-06,9800
2618,長榮航,9392,7791,1601,元大證券,2024-05-06,9800
2888,新光金,6613,5078,1535,元大證券,2024-05-06,9800
0050,元大台灣50,2188,661,1527,元大證券,2024-05-06,9800
00720B,元大投資級公司債,3428,1994,1434,元大證券,2024-05-06,9800
00888,永豐台灣ESG,1954,711,1243,元大證券,2024-05-06,9800
00922,國泰台灣領袖50,1271,110,1161,元大證券,2024-05-06,9800
2891,中信金,3683,2529,1154,元大證券,2024-05-06,9800
00936,台新永續高息中小,1732,666,1066,元大證券,2024-05-06,9800
00713,元大台灣高息低波,1433,402,1031,元大證券,2024-05-06,9800
00830,國泰費城半導體,2681,1687,994,元大證券,2024-05-06,9800
00751B,元大AAA至A公司債,3058,2078,980,元大證券,2024-05-06,9800
00894,中信小資高價30,1316,336,980,元大證券,2024-05-06,9800
2353,宏��,1889,947,942,元大證券,2024-05-06,9800
00631L,元大台灣50正2,1670,749,921,元大證券,2024-05-06,9800
00850,元大臺灣ESG永續,1094,215,879,元大證券,2024-05-06,9800
00861,元大全球未來通訊,874,4,870,元大證券,2024-05-06,9800
5880,合庫金,1237,380,857,元大證券,2024-05-06,9800
00712,復華富時不動產,856,5,851,元大證券,2024-05-06,9800
2330,台積電,983,149,834,元大證券,2024-05-06,9800
00935,野村臺灣新科技50,1122,315,807,元大證券,2024-05-06,9800
4973,廣穎,800,2,798,元大證券,2024-05-06,9800
00901,永豐智能車供應鏈,795,0,795,元大證券,2024-05-06,9800
00675L,富邦臺灣加權正2,1054,268,786,元大證券,2024-05-06,9800
3231,緯創,2205,1496,709,元大證券,2024-05-06,9800
2486,一詮,3283,2604,679,元大證券,2024-05-06,9800
00722B,群益投資級電信債,905,227,678,元大證券,2024-05-06,9800
2892,第一金,1040,387,653,元大證券,2024-05-06,9800
00939,統一台灣高息動能,2688,2047,641,元大證券,2024-05-06,9800
4938,和碩,774,183,591,元大證券,2024-05-06,9800
00662,富邦NASDAQ,593,10,583,元大證券,2024-05-06,9800
00687B,國泰20年美債,11743,11188,555,元大證券,2024-05-06,9800
2603,長榮,1362,811,551,元大證券,2024-05-06,9800
00650L,復華香港正2,25084,7084,18000,元大證券,2024-05-07,9800
00933B,國泰10Y+金融債,10673,6208,4465,元大證券,2024-05-07,9800
00937B,群益ESG投等債20,26524,22330,4194,元大證券,2024-05-07,9800
00669R,國泰美國道瓊反1,4195,20,4175,元大證券,2024-05-07,9800
2888,新光金,5428,1661,3767,元大證券,2024-05-07,9800
00882,中信中國高股息,5544,2147,3397,元大證券,2024-05-07,9800
00673R,期元大S＆P原油反1,3984,694,3290,元大證券,2024-05-07,9800
00830,國泰費城半導體,3213,598,2615,元大證券,2024-05-07,9800
00752,中信中國50,2912,354,2558,元大證券,2024-05-07,9800
2891,中信金,4452,1949,2503,元大證券,2024-05-07,9800
00941,中信上游半導體,2828,471,2357,元大證券,2024-05-07,9800
00751B,元大AAA至A公司債,3658,1657,2001,元大證券,2024-05-07,9800
00688L,國泰20年美債正2,4462,2865,1597,元大證券,2024-05-07,9800
0056,元大高股息,1737,454,1283,元大證券,2024-05-07,9800
00720B,元大投資級公司債,3604,2402,1202,元大證券,2024-05-07,9800
00931B,統一美債20年,2949,1790,1159,元大證券,2024-05-07,9800
00895,富邦未來車,1109,5,1104,元大證券,2024-05-07,9800
00764B,群益25年美債,1658,591,1067,元大證券,2024-05-07,9800
00900,富邦特選高股息30,2181,1121,1060,元大證券,2024-05-07,9800
2317,鴻海,3690,2648,1042,元大證券,2024-05-07,9800
00773B,中信優先金融債,1097,71,1026,元大證券,2024-05-07,9800
00945B,凱基美國非投等債,3276,2256,1020,元大證券,2024-05-07,9800
006205,富邦上証,1001,74,927,元大證券,2024-05-07,9800
00662,富邦NASDAQ,888,12,876,元大證券,2024-05-07,9800
00924,復華S＆P500成長,863,0,863,元大證券,2024-05-07,9800
00724B,群益投資級金融債,1319,517,802,元大證券,2024-05-07,9800
2382,廣達,1454,666,788,元大證券,2024-05-07,9800
00655L,國泰中國A50正2,1261,504,757,元大證券,2024-05-07,9800
00896,中信綠能及電動車,1000,342,658,元大證券,2024-05-07,9800
2609,陽明,4415,3764,651,元大證券,2024-05-07,9800
00795B,中信美國公債20年,2045,1405,640,元大證券,2024-05-07,9800
00893,國泰智能電動車,650,19,631,元大證券,2024-05-07,9800
00687B,國泰20年美債,8427,7802,625,元大證券,2024-05-07,9800
1609,大亞,3600,3012,588,元大證券,2024-05-07,9800
8112,至上,1048,527,521,元大證券,2024-05-07,9800
00670L,富邦NASDAQ正2,547,43,504,元大證券,2024-05-07,9800
00636,國泰中國A50,653,153,500,元大證券,2024-05-07,9800
2374,佳能,2280,1786,494,元大證券,2024-05-07,9800
2330,台積電,990,512,478,元大證券,2024-05-07,9800
00876,元大全球5G,439,0,439,元大證券,2024-05-07,9800
0050,元大台灣50,734,299,435,元大證券,2024-05-07,9800
00892,富邦台灣半導體,993,559,434,元大證券,2024-05-07,9800
00885,富邦越南,728,312,416,元大證券,2024-05-07,9800
4973,廣穎,914,500,414,元大證券,2024-05-07,9800
00888,永豐台灣ESG,998,595,403,元大證券,2024-05-07,9800
2338,光罩,612,209,403,元大證券,2024-05-07,9800
6005,群益證,1130,745,385,元大證券,2024-05-07,9800
00903,富邦元宇宙,433,52,381,元大證券,2024-05-07,9800
2834,臺企銀,784,409,375,元大證券,2024-05-07,9800
00633L,富邦上証正2,1245,915,330,元大證券,2024-05-07,9800
00680L,元大美債20正2,5718,1155,4563,元大證券,2024-05-08,9800
00933B,國泰10Y+金融債,10365,5998,4367,元大證券,2024-05-08,9800
00673R,期元大S＆P原油反1,4004,91,3913,元大證券,2024-05-08,9800
00688L,國泰20年美債正2,3902,1272,2630,元大證券,2024-05-08,9800
2891,中信金,5776,3220,2556,元大證券,2024-05-08,9800
00940,元大台灣價值高息,8347,5987,2360,元大證券,2024-05-08,9800
00637L,元大滬深300正2,7288,4978,2310,元大證券,2024-05-08,9800
00764B,群益25年美債,2743,1115,1628,元大證券,2024-05-08,9800
00752,中信中國50,2321,818,1503,元大證券,2024-05-08,9800
00939,統一台灣高息動能,3212,1715,1497,元大證券,2024-05-08,9800
2367,燿華,7616,6131,1485,元大證券,2024-05-08,9800
00753L,中信中國50正2,4462,3011,1451,元大證券,2024-05-08,9800
00772B,中信高評級公司債,2671,1256,1415,元大證券,2024-05-08,9800
2317,鴻海,2601,1219,1382,元大證券,2024-05-08,9800
00935,野村臺灣新科技50,1696,318,1378,元大證券,2024-05-08,9800
2618,長榮航,7018,5688,1330,元大證券,2024-05-08,9800
00696B,富邦美債20年,2367,1044,1323,元大證券,2024-05-08,9800
00881,國泰台灣5G+,2338,1018,1320,元大證券,2024-05-08,9800
00885,富邦越南,2019,752,1267,元大證券,2024-05-08,9800
00687B,國泰20年美債,7670,6469,1201,元大證券,2024-05-08,9800
2303,聯電,2118,925,1193,元大證券,2024-05-08,9800
00676R,富邦臺灣加權反1,2806,1619,1187,元大證券,2024-05-08,9800
00712,復華富時不動產,1965,792,1173,元大證券,2024-05-08,9800
2888,新光金,1833,690,1143,元大證券,2024-05-08,9800
2324,仁寶,1349,216,1133,元大證券,2024-05-08,9800
00895,富邦未來車,1114,53,1061,元大證券,2024-05-08,9800
2834,臺企銀,1194,193,1001,元大證券,2024-05-08,9800
00891,中信關鍵半導體,2195,1204,991,元大證券,2024-05-08,9800
00830,國泰費城半導體,1572,585,987,元大證券,2024-05-08,9800
00915,凱基優選高股息30,1650,707,943,元大證券,2024-05-08,9800
2609,陽明,6500,5613,887,元大證券,2024-05-08,9800
0050,元大台灣50,1059,224,835,元大證券,2024-05-08,9800
00861,元大全球未來通訊,820,1,819,元大證券,2024-05-08,9800
4904,遠傳,909,92,817,元大證券,2024-05-08,9800
00893,國泰智能電動車,889,108,781,元大證券,2024-05-08,9800
2603,長榮,4017,3245,772,元大證券,2024-05-08,9800
3034,聯詠,1231,482,749,元大證券,2024-05-08,9800
8112,至上,1140,393,747,元大證券,2024-05-08,9800
2504,國產,907,181,726,元大證券,2024-05-08,9800
00904,新光臺灣半導體30,684,21,663,元大證券,2024-05-08,9800
00888,永豐台灣ESG,847,199,648,元大證券,2024-05-08,9800
00896,中信綠能及電動車,750,107,643,元大證券,2024-05-08,9800
00679B,元大美債20年,11805,11250,555,元大證券,2024-05-08,9800
00706L,期元大S＆P日圓正2,2267,1758,509,元大證券,2024-05-08,9800
2884,玉山金,730,230,500,元大證券,2024-05-08,9800
2615,萬海,3402,2984,418,元大證券,2024-05-08,9800
3042,晶技,436,38,398,元大證券,2024-05-08,9800
2885,元大金,482,85,397,元大證券,2024-05-08,9800
00922,國泰台灣領袖50,401,21,380,元大證券,2024-05-08,9800
00894,中信小資高價30,376,0,376,元大證券,2024-05-08,9800
2891,中信金,13722,716,13006,元大證券,2024-05-09,9800
00632R,元大台灣50反1,22629,13656,8973,元大證券,2024-05-09,9800
00665L,富邦�琤肭磪囓�2,13019,6836,6183,元大證券,2024-05-09,9800
00680L,元大美債20正2,8117,2214,5903,元大證券,2024-05-09,9800
00688L,國泰20年美債正2,8812,3171,5641,元大證券,2024-05-09,9800
00715L,期街口布蘭特正2,5426,351,5075,元大證券,2024-05-09,9800
00882,中信中國高股息,3868,468,3400,元大證券,2024-05-09,9800
00830,國泰費城半導體,2857,20,2837,元大證券,2024-05-09,9800
2609,陽明,13049,10364,2685,元大證券,2024-05-09,9800
00753L,中信中國50正2,4810,2298,2512,元大證券,2024-05-09,9800
00934,中信成長高股息,2800,1049,1751,元大證券,2024-05-09,9800
2303,聯電,2812,1216,1596,元大證券,2024-05-09,9800
2615,萬海,5071,3504,1567,元大證券,2024-05-09,9800
00893,國泰智能電動車,1587,100,1487,元大證券,2024-05-09,9800
00941,中信上游半導體,1505,131,1374,元大證券,2024-05-09,9800
00902,中信電池及儲能,1718,486,1232,元大證券,2024-05-09,9800
00671R,富邦NASDAQ反1,1890,672,1218,元大證券,2024-05-09,9800
00885,富邦越南,1496,444,1052,元大證券,2024-05-09,9800
00692,富邦公司治理,993,0,993,元大證券,2024-05-09,9800
00933B,國泰10Y+金融債,8141,7152,989,元大證券,2024-05-09,9800
2368,金像電,1313,344,969,元大證券,2024-05-09,9800
2330,台積電,1213,454,759,元大證券,2024-05-09,9800
00712,復華富時不動產,960,218,742,元大證券,2024-05-09,9800
4938,和碩,751,76,675,元大證券,2024-05-09,9800
4958,臻鼎-KY,979,412,567,元大證券,2024-05-09,9800
00642U,期元大S＆P石油,565,18,547,元大證券,2024-05-09,9800
00633L,富邦上証正2,1281,828,453,元大證券,2024-05-09,9800
3481,群創,2274,1847,427,元大證券,2024-05-09,9800
00861,元大全球未來通訊,428,2,426,元大證券,2024-05-09,9800
2886,兆豐金,531,139,392,元大證券,2024-05-09,9800
2887,台新金,602,238,364,元大證券,2024-05-09,9800
2883,凱基金,1233,873,360,元大證券,2024-05-09,9800
00927,群益半導體收益,1690,1337,353,元大證券,2024-05-09,9800
00686R,群益臺灣加權反1,337,0,337,元大證券,2024-05-09,9800
2505,國揚,370,37,333,元大證券,2024-05-09,9800
2603,長榮,2968,2648,320,元大證券,2024-05-09,9800
00725B,國泰投資級公司債,1245,952,293,元大證券,2024-05-09,9800
00738U,期元大道瓊白銀,292,0,292,元大證券,2024-05-09,9800
5347,世界,522,231,291,元大證券,2024-05-09,9800
3702,大聯大,361,75,286,元大證券,2024-05-09,9800
3036,文曄,2989,2704,285,元大證券,2024-05-09,9800
2884,玉山金,479,201,278,元大證券,2024-05-09,9800
2363,矽統,3606,3334,272,元大證券,2024-05-09,9800
00651R,復華香港反1,646,391,255,元大證券,2024-05-09,9800
00643,群益深証中小,329,75,254,元大證券,2024-05-09,9800
3711,日月光投控,1137,885,252,元大證券,2024-05-09,9800
6147,頎邦,449,211,238,元大證券,2024-05-09,9800
3339,泰谷,480,244,236,元大證券,2024-05-09,9800
00670L,富邦NASDAQ正2,238,6,232,元大證券,2024-05-09,9800
3231,緯創,2630,2398,232,元大證券,2024-05-09,9800
00882,中信中國高股息,15314,1017,14297,元大證券,2024-05-10,9800
00940,元大台灣價值高息,19203,5463,13740,元大證券,2024-05-10,9800
2609,陽明,42382,33548,8834,元大證券,2024-05-10,9800
00937B,群益ESG投等債20,12428,5521,6907,元大證券,2024-05-10,9800
00637L,元大滬深300正2,18341,12392,5949,元大證券,2024-05-10,9800
00673R,期元大S＆P原油反1,4946,866,4080,元大證券,2024-05-10,9800
2618,長榮航,16974,13055,3919,元大證券,2024-05-10,9800
00715L,期街口布蘭特正2,4826,949,3877,元大證券,2024-05-10,9800
00687B,國泰20年美債,9300,5636,3664,元大證券,2024-05-10,9800
2615,萬海,12010,8797,3213,元大證券,2024-05-10,9800
2303,聯電,4352,1699,2653,元大證券,2024-05-10,9800
00918,大華優利高填息30,2630,240,2390,元大證券,2024-05-10,9800
00830,國泰費城半導體,3059,758,2301,元大證券,2024-05-10,9800
2603,長榮,10627,8554,2073,元大證券,2024-05-10,9800
00676R,富邦臺灣加權反1,2227,169,2058,元大證券,2024-05-10,9800
00942B,台新美A公司債20+,4540,2617,1923,元大證券,2024-05-10,9800
2330,台積電,2505,600,1905,元大證券,2024-05-10,9800
00900,富邦特選高股息30,2178,415,1763,元大證券,2024-05-10,9800
00939,統一台灣高息動能,5097,3345,1752,元大證券,2024-05-10,9800
00888,永豐台灣ESG,1790,66,1724,元大證券,2024-05-10,9800
00753L,中信中國50正2,4809,3187,1622,元大證券,2024-05-10,9800
00665L,富邦�琤肭磪囓�2,28334,26775,1559,元大證券,2024-05-10,9800
00934,中信成長高股息,2114,644,1470,元大證券,2024-05-10,9800
00933B,國泰10Y+金融債,7747,6418,1329,元大證券,2024-05-10,9800
00662,富邦NASDAQ,1290,7,1283,元大證券,2024-05-10,9800
00919,群益台灣精選高息,5269,4044,1225,元大證券,2024-05-10,9800
0050,元大台灣50,1471,360,1111,元大證券,2024-05-10,9800
00923,群益台ESG低碳50,2182,1118,1064,元大證券,2024-05-10,9800
00701,國泰股利精選30,1026,0,1026,元大證券,2024-05-10,9800
2610,華航,14246,13334,912,元大證券,2024-05-10,9800
2382,廣達,1812,907,905,元大證券,2024-05-10,9800
8112,至上,2682,1789,893,元大證券,2024-05-10,9800
00927,群益半導體收益,1396,556,840,元大證券,2024-05-10,9800
00895,富邦未來車,899,102,797,元大證券,2024-05-10,9800
00857B,永豐20年美公債,1902,1122,780,元大證券,2024-05-10,9800
00881,國泰台灣5G+,1550,802,748,元大證券,2024-05-10,9800
00878,國泰永續高股息,10471,9781,690,元大證券,2024-05-10,9800
2881,富邦金,1124,440,684,元大證券,2024-05-10,9800
00931B,統一美債20年,2086,1407,679,元大證券,2024-05-10,9800
00935,野村臺灣新科技50,839,195,644,元大證券,2024-05-10,9800
00915,凱基優選高股息30,1307,667,640,元大證券,2024-05-10,9800
00713,元大台灣高息低波,950,325,625,元大證券,2024-05-10,9800
00631L,元大台灣50正2,902,293,609,元大證券,2024-05-10,9800
00907,永豐優息存股,1061,456,605,元大證券,2024-05-10,9800
00772B,中信高評級公司債,2989,2412,577,元大證券,2024-05-10,9800
00738U,期元大道瓊白銀,667,113,554,元大證券,2024-05-10,9800
2353,宏��,1935,1419,516,元大證券,2024-05-10,9800
2002,中鋼,589,74,515,元大證券,2024-05-10,9800
3231,緯創,1659,1156,503,元大證券,2024-05-10,9800
2886,兆豐金,699,200,499,元大證券,2024-05-10,9800
2610,華航,17092,9946,7146,元大證券,2024-05-13,9800
00680L,元大美債20正2,7245,2185,5060,元大證券,2024-05-13,9800
00941,中信上游半導體,5150,234,4916,元大證券,2024-05-13,9800
2303,聯電,4687,745,3942,元大證券,2024-05-13,9800
00637L,元大滬深300正2,18839,15037,3802,元大證券,2024-05-13,9800
00665L,富邦�琤肭磪囓�2,13637,9988,3649,元大證券,2024-05-13,9800
00673R,期元大S＆P原油反1,6219,2620,3599,元大證券,2024-05-13,9800
00753L,中信中國50正2,6520,3036,3484,元大證券,2024-05-13,9800
00882,中信中國高股息,8568,5111,3457,元大證券,2024-05-13,9800
2603,長榮,16738,14073,2665,元大證券,2024-05-13,9800
2891,中信金,4206,1886,2320,元大證券,2024-05-13,9800
00830,國泰費城半導體,1752,11,1741,元大證券,2024-05-13,9800
2881,富邦金,1483,284,1199,元大證券,2024-05-13,9800
00895,富邦未來車,921,9,912,元大證券,2024-05-13,9800
00903,富邦元宇宙,821,0,821,元大證券,2024-05-13,9800
2049,上銀,1246,487,759,元大證券,2024-05-13,9800
00712,復華富時不動產,718,3,715,元大證券,2024-05-13,9800
2606,裕民,5203,4493,710,元大證券,2024-05-13,9800
9904,寶成,1756,1091,665,元大證券,2024-05-13,9800
00861,元大全球未來通訊,663,2,661,元大證券,2024-05-13,9800
1522,堤維西,3576,2939,637,元大證券,2024-05-13,9800
8112,至上,1068,433,635,元大證券,2024-05-13,9800
0050,元大台灣50,1639,1039,600,元大證券,2024-05-13,9800
2637,慧洋-KY,2719,2165,554,元大證券,2024-05-13,9800
00752,中信中國50,1621,1078,543,元大證券,2024-05-13,9800
2915,潤泰全,1221,694,527,元大證券,2024-05-13,9800
00892,富邦台灣半導體,836,320,516,元大證券,2024-05-13,9800
00670L,富邦NASDAQ正2,488,5,483,元大證券,2024-05-13,9800
00877,復華中國5G,994,552,442,元大證券,2024-05-13,9800
00638R,元大滬深300反1,448,8,440,元大證券,2024-05-13,9800
2392,正崴,661,245,416,元大證券,2024-05-13,9800
00671R,富邦NASDAQ反1,1626,1213,413,元大證券,2024-05-13,9800
2362,藍天,2828,2426,402,元大證券,2024-05-13,9800
1216,統一,487,91,396,元大證券,2024-05-13,9800
2609,陽明,19861,19467,394,元大證券,2024-05-13,9800
2886,兆豐金,730,337,393,元大證券,2024-05-13,9800
00773B,中信優先金融債,564,198,366,元大證券,2024-05-13,9800
1102,亞泥,511,147,364,元大證券,2024-05-13,9800
00857B,永豐20年美公債,1840,1490,350,元大證券,2024-05-13,9800
3706,神達,745,412,333,元大證券,2024-05-13,9800
3481,群創,1821,1492,329,元大證券,2024-05-13,9800
00657,國泰日經225,437,116,321,元大證券,2024-05-13,9800
00738U,期元大道瓊白銀,518,199,319,元大證券,2024-05-13,9800
00893,國泰智能電動車,678,361,317,元大證券,2024-05-13,9800
2002,中鋼,407,93,314,元大證券,2024-05-13,9800
006205,富邦上証,495,193,302,元大證券,2024-05-13,9800
2105,正新,602,308,294,元大證券,2024-05-13,9800
00633L,富邦上証正2,2204,1925,279,元大證券,2024-05-13,9800
2367,燿華,7368,7090,278,元大證券,2024-05-13,9800
00655L,國泰中國A50正2,1804,1526,278,元大證券,2024-05-13,9800
00940,元大台灣價值高息,21423,13615,7808,元大證券,2024-05-14,9800
00664R,國泰臺灣加權反1,8951,1308,7643,元大證券,2024-05-14,9800
00919,群益台灣精選高息,11345,5011,6334,元大證券,2024-05-14,9800
2610,華航,7676,3299,4377,元大證券,2024-05-14,9800
2382,廣達,5156,1632,3524,元大證券,2024-05-14,9800
00671R,富邦NASDAQ反1,3596,168,3428,元大證券,2024-05-14,9800
0050,元大台灣50,4132,760,3372,元大證券,2024-05-14,9800
00900,富邦特選高股息30,3477,198,3279,元大證券,2024-05-14,9800
00753L,中信中國50正2,6418,3389,3029,元大證券,2024-05-14,9800
00662,富邦NASDAQ,2862,62,2800,元大證券,2024-05-14,9800
00881,國泰台灣5G+,2762,61,2701,元大證券,2024-05-14,9800
00891,中信關鍵半導體,3316,652,2664,元大證券,2024-05-14,9800
0056,元大高股息,2687,93,2594,元大證券,2024-05-14,9800
00687B,國泰20年美債,5908,3413,2495,元大證券,2024-05-14,9800
00888,永豐台灣ESG,2676,223,2453,元大證券,2024-05-14,9800
00939,統一台灣高息動能,6847,4418,2429,元大證券,2024-05-14,9800
00878,國泰永續高股息,7047,4726,2321,元大證券,2024-05-14,9800
00931B,統一美債20年,2204,157,2047,元大證券,2024-05-14,9800
00830,國泰費城半導體,1980,262,1718,元大證券,2024-05-14,9800
00915,凱基優選高股息30,2089,781,1308,元大證券,2024-05-14,9800
00892,富邦台灣半導體,1545,280,1265,元大證券,2024-05-14,9800
00696B,富邦美債20年,1698,446,1252,元大證券,2024-05-14,9800
00941,中信上游半導體,1536,377,1159,元大證券,2024-05-14,9800
00885,富邦越南,1652,501,1151,元大證券,2024-05-14,9800
00894,中信小資高價30,1166,123,1043,元大證券,2024-05-14,9800
00715L,期街口布蘭特正2,2337,1300,1037,元大證券,2024-05-14,9800
00722B,群益投資級電信債,1179,189,990,元大證券,2024-05-14,9800
00923,群益台ESG低碳50,1548,570,978,元大證券,2024-05-14,9800
2357,華碩,2541,1611,930,元大證券,2024-05-14,9800
2303,聯電,1756,836,920,元大證券,2024-05-14,9800
00942B,台新美A公司債20+,2054,1146,908,元大證券,2024-05-14,9800
00645,富邦日本,975,80,895,元大證券,2024-05-14,9800
00772B,中信高評級公司債,1187,294,893,元大證券,2024-05-14,9800
00904,新光臺灣半導體30,976,120,856,元大證券,2024-05-14,9800
00901,永豐智能車供應鏈,852,0,852,元大證券,2024-05-14,9800
00945B,凱基美國非投等債,1613,769,844,元大證券,2024-05-14,9800
00927,群益半導體收益,1083,253,830,元大證券,2024-05-14,9800
00773B,中信優先金融債,810,59,751,元大證券,2024-05-14,9800
00893,國泰智能電動車,1043,315,728,元大證券,2024-05-14,9800
00905,FT臺灣Smart,721,0,721,元大證券,2024-05-14,9800
6274,台燿,1362,691,671,元大證券,2024-05-14,9800
2002,中鋼,833,186,647,元大證券,2024-05-14,9800
00642U,期元大S＆P石油,652,17,635,元大證券,2024-05-14,9800
3706,神達,2102,1469,633,元大證券,2024-05-14,9800
00725B,國泰投資級公司債,1362,737,625,元大證券,2024-05-14,9800
00930,永豐ESG低碳高息,695,80,615,元大證券,2024-05-14,9800
6770,力積電,1257,643,614,元大證券,2024-05-14,9800
00897,富邦基因免疫生技,593,4,589,元大證券,2024-05-14,9800
00935,野村臺灣新科技50,824,237,587,元大證券,2024-05-14,9800
00764B,群益25年美債,1294,736,558,元大證券,2024-05-14,9800
2330,台積電,8172,479,7693,元大證券,2024-05-15,9800
00939,統一台灣高息動能,11578,4667,6911,元大證券,2024-05-15,9800
00664R,國泰臺灣加權反1,9598,3777,5821,元大證券,2024-05-15,9800
2317,鴻海,8626,4009,4617,元大證券,2024-05-15,9800
00940,元大台灣價值高息,13578,9213,4365,元大證券,2024-05-15,9800
00888,永豐台灣ESG,4143,104,4039,元大證券,2024-05-15,9800
00680L,元大美債20正2,6279,2423,3856,元大證券,2024-05-15,9800
00881,國泰台灣5G+,4168,666,3502,元大證券,2024-05-15,9800
00900,富邦特選高股息30,4435,1137,3298,元大證券,2024-05-15,9800
00673R,期元大S＆P原油反1,3269,1106,2163,元大證券,2024-05-15,9800
2881,富邦金,2687,580,2107,元大證券,2024-05-15,9800
00941,中信上游半導體,2069,89,1980,元大證券,2024-05-15,9800
00646,元大S＆P500,2100,130,1970,元大證券,2024-05-15,9800
0056,元大高股息,2409,505,1904,元大證券,2024-05-15,9800
00712,復華富時不動產,2208,651,1557,元大證券,2024-05-15,9800
00931B,統一美債20年,3115,1610,1505,元大證券,2024-05-15,9800
2882,國泰金,3103,1630,1473,元大證券,2024-05-15,9800
00679B,元大美債20年,10873,9450,1423,元大證券,2024-05-15,9800
00701,國泰股利精選30,1386,156,1230,元大證券,2024-05-15,9800
00923,群益台ESG低碳50,1511,323,1188,元大證券,2024-05-15,9800
00692,富邦公司治理,1611,444,1167,元大證券,2024-05-15,9800
2382,廣達,3356,2254,1102,元大證券,2024-05-15,9800
2002,中鋼,1370,273,1097,元大證券,2024-05-15,9800
2884,玉山金,1343,268,1075,元大證券,2024-05-15,9800
2888,新光金,2036,1081,955,元大證券,2024-05-15,9800
00905,FT臺灣Smart,1043,106,937,元大證券,2024-05-15,9800
00885,富邦越南,922,13,909,元大證券,2024-05-15,9800
00922,國泰台灣領袖50,1412,508,904,元大證券,2024-05-15,9800
2883,凱基金,4383,3483,900,元大證券,2024-05-15,9800
2880,華南金,1336,440,896,元大證券,2024-05-15,9800
2374,佳能,2194,1329,865,元大證券,2024-05-15,9800
00751B,元大AAA至A公司債,2116,1267,849,元大證券,2024-05-15,9800
00935,野村臺灣新科技50,1369,529,840,元大證券,2024-05-15,9800
00713,元大台灣高息低波,1603,806,797,元大證券,2024-05-15,9800
2892,第一金,1070,286,784,元大證券,2024-05-15,9800
2887,台新金,1189,434,755,元大證券,2024-05-15,9800
00907,永豐優息存股,1209,460,749,元大證券,2024-05-15,9800
2891,中信金,2517,1781,736,元大證券,2024-05-15,9800
00636,國泰中國A50,1316,581,735,元大證券,2024-05-15,9800
5880,合庫金,904,171,733,元大證券,2024-05-15,9800
2609,陽明,10844,10111,733,元大證券,2024-05-15,9800
2890,永豐金,1160,469,691,元大證券,2024-05-15,9800
00877,復華中國5G,1045,355,690,元大證券,2024-05-15,9800
00894,中信小資高價30,1184,499,685,元大證券,2024-05-15,9800
6505,台塑化,841,156,685,元大證券,2024-05-15,9800
1608,華榮,1998,1337,661,元大證券,2024-05-15,9800
00904,新光臺灣半導體30,873,235,638,元大證券,2024-05-15,9800
3711,日月光投控,763,147,616,元大證券,2024-05-15,9800
00882,中信中國高股息,841,233,608,元大證券,2024-05-15,9800
1301,台塑,701,98,603,元大證券,2024-05-15,9800
00940,元大台灣價值高息,21363,4062,17301,元大證券,2024-05-16,9800
00919,群益台灣精選高息,15040,456,14584,元大證券,2024-05-16,9800
00939,統一台灣高息動能,9524,1541,7983,元大證券,2024-05-16,9800
00946,群益科技高息成長,13037,5837,7200,元大證券,2024-05-16,9800
00900,富邦特選高股息30,7256,633,6623,元大證券,2024-05-16,9800
00665L,富邦�琤肭磪囓�2,17980,12068,5912,元大證券,2024-05-16,9800
00687B,國泰20年美債,15712,10515,5197,元大證券,2024-05-16,9800
00937B,群益ESG投等債20,34404,29664,4740,元大證券,2024-05-16,9800
00882,中信中國高股息,6685,2148,4537,元大證券,2024-05-16,9800
00931B,統一美債20年,6089,2371,3718,元大證券,2024-05-16,9800
2303,聯電,4861,1960,2901,元大證券,2024-05-16,9800
00688L,國泰20年美債正2,6664,4017,2647,元大證券,2024-05-16,9800
0050,元大台灣50,4246,1721,2525,元大證券,2024-05-16,9800
00632R,元大台灣50反1,49233,46953,2280,元大證券,2024-05-16,9800
2891,中信金,3902,1790,2112,元大證券,2024-05-16,9800
00932,兆豐永續高息等權,2673,763,1910,元大證券,2024-05-16,9800
2610,華航,10790,8888,1902,元大證券,2024-05-16,9800
2881,富邦金,2746,846,1900,元大證券,2024-05-16,9800
2884,玉山金,2337,469,1868,元大證券,2024-05-16,9800
2867,三商壽,1832,38,1794,元大證券,2024-05-16,9800
0056,元大高股息,1891,102,1789,元大證券,2024-05-16,9800
2374,佳能,6431,4682,1749,元大證券,2024-05-16,9800
2618,長榮航,5723,4014,1709,元大證券,2024-05-16,9800
00686R,群益臺灣加權反1,1584,4,1580,元大證券,2024-05-16,9800
2330,台積電,2126,664,1462,元大證券,2024-05-16,9800
00888,永豐台灣ESG,1576,133,1443,元大證券,2024-05-16,9800
9945,潤泰新,3651,2268,1383,元大證券,2024-05-16,9800
00885,富邦越南,1753,400,1353,元大證券,2024-05-16,9800
00830,國泰費城半導體,2872,1594,1278,元大證券,2024-05-16,9800
00904,新光臺灣半導體30,1204,63,1141,元大證券,2024-05-16,9800
00764B,群益25年美債,4110,3032,1078,元大證券,2024-05-16,9800
00670L,富邦NASDAQ正2,1126,99,1027,元大證券,2024-05-16,9800
2892,第一金,1170,173,997,元大證券,2024-05-16,9800
00915,凱基優選高股息30,1518,560,958,元大證券,2024-05-16,9800
00907,永豐優息存股,1496,546,950,元大證券,2024-05-16,9800
00690,兆豐藍籌30,1080,212,868,元大證券,2024-05-16,9800
00941,中信上游半導體,1946,1125,821,元大證券,2024-05-16,9800
2885,元大金,1257,441,816,元大證券,2024-05-16,9800
2489,瑞軒,3847,3076,771,元大證券,2024-05-16,9800
2637,慧洋-KY,1014,258,756,元大證券,2024-05-16,9800
00927,群益半導體收益,2491,1745,746,元大證券,2024-05-16,9800
2515,中工,2046,1321,725,元大證券,2024-05-16,9800
3481,群創,3085,2380,705,元大證券,2024-05-16,9800
00877,復華中國5G,1362,668,694,元大證券,2024-05-16,9800
2880,華南金,1217,536,681,元大證券,2024-05-16,9800
2888,新光金,1344,672,672,元大證券,2024-05-16,9800
6285,啟��,977,306,671,元大證券,2024-05-16,9800
3060,銘異,2943,2308,635,元大證券,2024-05-16,9800
2887,台新金,784,193,591,元大證券,2024-05-16,9800
00637L,元大滬深300正2,16254,15673,581,元大證券,2024-05-16,9800
2618,長榮航,39127,5713,33414,元大證券,2024-05-17,9800
00939,統一台灣高息動能,8739,1379,7360,元大證券,2024-05-17,9800
2809,京城銀,7235,296,6939,元大證券,2024-05-17,9800
2504,國產,6364,636,5728,元大證券,2024-05-17,9800
00940,元大台灣價值高息,9273,4689,4584,元大證券,2024-05-17,9800
00882,中信中國高股息,6557,2042,4515,元大證券,2024-05-17,9800
2634,漢翔,5286,838,4448,元大證券,2024-05-17,9800
00650L,復華香港正2,12058,8350,3708,元大證券,2024-05-17,9800
00715L,期街口布蘭特正2,3991,362,3629,元大證券,2024-05-17,9800
2206,三陽工業,3672,128,3544,元大證券,2024-05-17,9800
00687B,國泰20年美債,11112,7791,3321,元大證券,2024-05-17,9800
2610,華航,13120,9999,3121,元大證券,2024-05-17,9800
00712,復華富時不動產,4479,2077,2402,元大證券,2024-05-17,9800
2357,華碩,2602,207,2395,元大證券,2024-05-17,9800
00936,台新永續高息中小,2608,369,2239,元大證券,2024-05-17,9800
2548,華固,2112,152,1960,元大證券,2024-05-17,9800
2409,友達,3130,1280,1850,元大證券,2024-05-17,9800
00941,中信上游半導體,2232,407,1825,元大證券,2024-05-17,9800
3703,欣陸,1784,57,1727,元大證券,2024-05-17,9800
2891,中信金,2769,1139,1630,元大證券,2024-05-17,9800
00724B,群益投資級金融債,2003,510,1493,元大證券,2024-05-17,9800
00720B,元大投資級公司債,3289,1864,1425,元大證券,2024-05-17,9800
0050,元大台灣50,1398,102,1296,元大證券,2024-05-17,9800
00918,大華優利高填息30,1978,693,1285,元大證券,2024-05-17,9800
00772B,中信高評級公司債,2540,1257,1283,元大證券,2024-05-17,9800
00944,野村趨勢動能高息,2551,1347,1204,元大證券,2024-05-17,9800
2520,冠德,1610,439,1171,元大證券,2024-05-17,9800
2367,燿華,15205,14042,1163,元大證券,2024-05-17,9800
5534,長虹,1168,54,1114,元大證券,2024-05-17,9800
00919,群益台灣精選高息,4074,3044,1030,元大證券,2024-05-17,9800
3711,日月光投控,1382,356,1026,元大證券,2024-05-17,9800
00857B,永豐20年美公債,2464,1489,975,元大證券,2024-05-17,9800
2467,志聖,2879,2025,854,元大證券,2024-05-17,9800
1504,東元,964,113,851,元大證券,2024-05-17,9800
00764B,群益25年美債,1343,505,838,元大證券,2024-05-17,9800
00640L,富邦日本正2,1209,377,832,元大證券,2024-05-17,9800
4961,天鈺,862,40,822,元大證券,2024-05-17,9800
2359,所羅門,4821,4005,816,元大證券,2024-05-17,9800
00895,富邦未來車,840,25,815,元大證券,2024-05-17,9800
00885,富邦越南,947,210,737,元大證券,2024-05-17,9800
00892,富邦台灣半導體,830,100,730,元大證券,2024-05-17,9800
00633L,富邦上証正2,1528,826,702,元大證券,2024-05-17,9800
2303,聯電,2276,1596,680,元大證券,2024-05-17,9800
00642U,期元大S＆P石油,957,323,634,元大證券,2024-05-17,9800
5347,世界,1193,624,569,元大證券,2024-05-17,9800
00888,永豐台灣ESG,689,121,568,元大證券,2024-05-17,9800
00655L,國泰中國A50正2,1302,742,560,元大證券,2024-05-17,9800
00673R,期元大S＆P原油反1,4916,4381,535,元大證券,2024-05-17,9800
00643,群益深証中小,709,178,531,元大證券,2024-05-17,9800
3406,玉晶光,579,59,520,元大證券,2024-05-17,9800
2618,長榮航,50974,13300,37674,元大證券,2024-05-20,9800
2892,第一金,34836,1350,33486,元大證券,2024-05-20,9800
2890,永豐金,34237,2612,31625,元大證券,2024-05-20,9800
2891,中信金,26804,3320,23484,元大證券,2024-05-20,9800
2303,聯電,20889,804,20085,元大證券,2024-05-20,9800
00940,元大台灣價值高息,33816,14039,19777,元大證券,2024-05-20,9800
2027,大成鋼,13246,2977,10269,元大證券,2024-05-20,9800
00637L,元大滬深300正2,24691,17188,7503,元大證券,2024-05-20,9800
2634,漢翔,7180,1531,5649,元大證券,2024-05-20,9800
2206,三陽工業,4417,486,3931,元大證券,2024-05-20,9800
00939,統一台灣高息動能,10188,6707,3481,元大證券,2024-05-20,9800
3044,健鼎,3334,268,3066,元大證券,2024-05-20,9800
00715L,期街口布蘭特正2,4191,1170,3021,元大證券,2024-05-20,9800
00943,兆豐電子高息等權,6379,3388,2991,元大證券,2024-05-20,9800
00941,中信上游半導體,3007,22,2985,元大證券,2024-05-20,9800
2357,華碩,3216,257,2959,元大證券,2024-05-20,9800
4938,和碩,3273,503,2770,元大證券,2024-05-20,9800
2014,中鴻,2786,642,2144,元大證券,2024-05-20,9800
00772B,中信高評級公司債,3162,1232,1930,元大證券,2024-05-20,9800
00633L,富邦上証正2,3527,1597,1930,元大證券,2024-05-20,9800
0056,元大高股息,1972,234,1738,元大證券,2024-05-20,9800
2610,華航,14209,12547,1662,元大證券,2024-05-20,9800
00888,永豐台灣ESG,2220,599,1621,元大證券,2024-05-20,9800
1605,華新,5211,3638,1573,元大證券,2024-05-20,9800
3703,欣陸,2198,671,1527,元大證券,2024-05-20,9800
00934,中信成長高股息,3810,2419,1391,元大證券,2024-05-20,9800
3034,聯詠,1890,547,1343,元大證券,2024-05-20,9800
00900,富邦特選高股息30,2775,1563,1212,元大證券,2024-05-20,9800
00688L,國泰20年美債正2,6260,5104,1156,元大證券,2024-05-20,9800
8150,南茂,1141,128,1013,元大證券,2024-05-20,9800
4961,天鈺,1106,111,995,元大證券,2024-05-20,9800
2009,第一銅,5840,4866,974,元大證券,2024-05-20,9800
00891,中信關鍵半導體,2593,1659,934,元大證券,2024-05-20,9800
1752,南光,816,0,816,元大證券,2024-05-20,9800
3483,力致,2072,1334,738,元大證券,2024-05-20,9800
2374,佳能,7233,6512,721,元大證券,2024-05-20,9800
00739,元大MSCI A股,722,3,719,元大證券,2024-05-20,9800
00671R,富邦NASDAQ反1,1755,1045,710,元大證券,2024-05-20,9800
2834,臺企銀,1093,385,708,元大證券,2024-05-20,9800
00927,群益半導體收益,1657,993,664,元大證券,2024-05-20,9800
00773B,中信優先金融債,958,326,632,元大證券,2024-05-20,9800
00885,富邦越南,1038,428,610,元大證券,2024-05-20,9800
2392,正崴,1709,1139,570,元大證券,2024-05-20,9800
6125,廣運,5577,5009,568,元大證券,2024-05-20,9800
2412,中華電,617,87,530,元大證券,2024-05-20,9800
00720B,元大投資級公司債,1865,1345,520,元大證券,2024-05-20,9800
00945B,凱基美國非投等債,1935,1418,517,元大證券,2024-05-20,9800
4766,南寶,578,73,505,元大證券,2024-05-20,9800
00713,元大台灣高息低波,1689,1221,468,元大證券,2024-05-20,9800
5347,世界,753,285,468,元大證券,2024-05-20,9800
2618,長榮航,29352,6387,22965,元大證券,2024-05-21,9800
2892,第一金,18421,2654,15767,元大證券,2024-05-21,9800
2027,大成鋼,6880,1546,5334,元大證券,2024-05-21,9800
2634,漢翔,4024,413,3611,元大證券,2024-05-21,9800
00882,中信中國高股息,6250,2983,3267,元大證券,2024-05-21,9800
4938,和碩,3425,565,2860,元大證券,2024-05-21,9800
00941,中信上游半導體,2624,10,2614,元大證券,2024-05-21,9800
2206,三陽工業,2710,332,2378,元大證券,2024-05-21,9800
00673R,期元大S＆P原油反1,3058,863,2195,元大證券,2024-05-21,9800
00688L,國泰20年美債正2,4421,2323,2098,元大證券,2024-05-21,9800
00772B,中信高評級公司債,3388,1362,2026,元大證券,2024-05-21,9800
00712,復華富時不動產,3211,1269,1942,元大證券,2024-05-21,9800
3044,健鼎,2017,98,1919,元大證券,2024-05-21,9800
00885,富邦越南,1931,51,1880,元大證券,2024-05-21,9800
6191,精成科,1896,40,1856,元大證券,2024-05-21,9800
2357,華碩,2223,503,1720,元大證券,2024-05-21,9800
00935,野村臺灣新科技50,1949,283,1666,元大證券,2024-05-21,9800
00773B,中信優先金融債,1810,277,1533,元大證券,2024-05-21,9800
00646,元大S＆P500,1501,51,1450,元大證券,2024-05-21,9800
2464,盟立,4486,3132,1354,元大證券,2024-05-21,9800
3034,聯詠,1424,247,1177,元大證券,2024-05-21,9800
00669R,國泰美國道瓊反1,1405,299,1106,元大證券,2024-05-21,9800
2313,華通,3025,1930,1095,元大證券,2024-05-21,9800
2880,華南金,1390,411,979,元大證券,2024-05-21,9800
00888,永豐台灣ESG,1294,346,948,元大證券,2024-05-21,9800
00919,群益台灣精選高息,3216,2350,866,元大證券,2024-05-21,9800
00764B,群益25年美債,4793,3947,846,元大證券,2024-05-21,9800
3703,欣陸,1186,347,839,元大證券,2024-05-21,9800
00897,富邦基因免疫生技,916,106,810,元大證券,2024-05-21,9800
00944,野村趨勢動能高息,2994,2244,750,元大證券,2024-05-21,9800
2354,鴻準,2495,1760,735,元大證券,2024-05-21,9800
00881,國泰台灣5G+,1640,915,725,元大證券,2024-05-21,9800
00927,群益半導體收益,766,106,660,元大證券,2024-05-21,9800
00674R,期元大S＆P黃金反1,736,91,645,元大證券,2024-05-21,9800
00696B,富邦美債20年,1360,736,624,元大證券,2024-05-21,9800
4111,濟生,607,0,607,元大證券,2024-05-21,9800
3711,日月光投控,832,260,572,元大證券,2024-05-21,9800
00934,中信成長高股息,1182,614,568,元大證券,2024-05-21,9800
3013,晟銘電,5543,4990,553,元大證券,2024-05-21,9800
1216,統一,698,192,506,元大證券,2024-05-21,9800
2353,宏��,919,417,502,元大證券,2024-05-21,9800
6188,廣明,2675,2175,500,元大證券,2024-05-21,9800
2897,王道銀行,1147,674,473,元大證券,2024-05-21,9800
00676R,富邦臺灣加權反1,6642,6173,469,元大證券,2024-05-21,9800
00895,富邦未來車,511,52,459,元大證券,2024-05-21,9800
1815,富喬,3328,2911,417,元大證券,2024-05-21,9800
4960,誠美材,684,289,395,元大證券,2024-05-21,9800
2392,正崴,913,530,383,元大證券,2024-05-21,9800
00939,統一台灣高息動能,2724,2344,380,元大證券,2024-05-21,9800
00651R,復華香港反1,533,154,379,元大證券,2024-05-21,9800
2618,長榮航,25080,3309,21771,元大證券,2024-05-22,9800
2890,永豐金,19091,3661,15430,元大證券,2024-05-22,9800
0056,元大高股息,12455,59,12396,元大證券,2024-05-22,9800
2027,大成鋼,6142,886,5256,元大證券,2024-05-22,9800
3481,群創,24736,19934,4802,元大證券,2024-05-22,9800
00940,元大台灣價值高息,6910,2642,4268,元大證券,2024-05-22,9800
00919,群益台灣精選高息,5009,1260,3749,元大證券,2024-05-22,9800
00939,統一台灣高息動能,4762,1073,3689,元大證券,2024-05-22,9800
00888,永豐台灣ESG,3195,334,2861,元大證券,2024-05-22,9800
2634,漢翔,3218,502,2716,元大證券,2024-05-22,9800
00878,國泰永續高股息,5636,3120,2516,元大證券,2024-05-22,9800
00882,中信中國高股息,8598,6187,2411,元大證券,2024-05-22,9800
4938,和碩,3134,761,2373,元大證券,2024-05-22,9800
00946,群益科技高息成長,6276,4256,2020,元大證券,2024-05-22,9800
6191,精成科,2036,30,2006,元大證券,2024-05-22,9800
2206,三陽工業,2384,457,1927,元大證券,2024-05-22,9800
00673R,期元大S＆P原油反1,3377,1476,1901,元大證券,2024-05-22,9800
2303,聯電,4785,3041,1744,元大證券,2024-05-22,9800
00918,大華優利高填息30,2546,853,1693,元大證券,2024-05-22,9800
3044,健鼎,1777,149,1628,元大證券,2024-05-22,9800
00931B,統一美債20年,2763,1150,1613,元大證券,2024-05-22,9800
2359,所羅門,6993,5437,1556,元大證券,2024-05-22,9800
2353,宏��,14268,12731,1537,元大證券,2024-05-22,9800
2357,華碩,2578,1042,1536,元大證券,2024-05-22,9800
0050,元大台灣50,1926,544,1382,元大證券,2024-05-22,9800
00927,群益半導體收益,1702,483,1219,元大證券,2024-05-22,9800
2324,仁寶,5820,4651,1169,元大證券,2024-05-22,9800
00891,中信關鍵半導體,2691,1554,1137,元大證券,2024-05-22,9800
00904,新光臺灣半導體30,1289,206,1083,元大證券,2024-05-22,9800
00922,國泰台灣領袖50,1086,34,1052,元大證券,2024-05-22,9800
00706L,期元大S＆P日圓正2,2123,1085,1038,元大證券,2024-05-22,9800
3034,聯詠,1353,316,1037,元大證券,2024-05-22,9800
00923,群益台ESG低碳50,1290,395,895,元大證券,2024-05-22,9800
00885,富邦越南,1530,657,873,元大證券,2024-05-22,9800
00892,富邦台灣半導體,1279,454,825,元大證券,2024-05-22,9800
00881,國泰台灣5G+,1680,987,693,元大證券,2024-05-22,9800
2504,國產,1172,505,667,元大證券,2024-05-22,9800
2520,冠德,839,209,630,元大證券,2024-05-22,9800
2317,鴻海,1943,1313,630,元大證券,2024-05-22,9800
6278,台表科,712,94,618,元大證券,2024-05-22,9800
00692,富邦公司治理,629,25,604,元大證券,2024-05-22,9800
00713,元大台灣高息低波,780,187,593,元大證券,2024-05-22,9800
00900,富邦特選高股息30,1392,810,582,元大證券,2024-05-22,9800
00901,永豐智能車供應鏈,576,1,575,元大證券,2024-05-22,9800
00928,中信上櫃ESG30,672,106,566,元大證券,2024-05-22,9800
4960,誠美材,1121,576,545,元大證券,2024-05-22,9800
6573,虹揚-KY,510,0,510,元大證券,2024-05-22,9800
3264,欣銓,546,57,489,元大證券,2024-05-22,9800
00894,中信小資高價30,486,4,482,元大證券,2024-05-22,9800
00877,復華中國5G,472,15,457,元大證券,2024-05-22,9800
2618,長榮航,51448,7370,44078,元大證券,2024-05-23,9800
2891,中信金,36590,1704,34886,元大證券,2024-05-23,9800
2890,永豐金,32956,1823,31133,元大證券,2024-05-23,9800
2892,第一金,28518,6418,22100,元大證券,2024-05-23,9800
0056,元大高股息,9559,219,9340,元大證券,2024-05-23,9800
2027,大成鋼,7890,886,7004,元大證券,2024-05-23,9800
2634,漢翔,6833,1677,5156,元大證券,2024-05-23,9800
00673R,期元大S＆P原油反1,6756,2253,4503,元大證券,2024-05-23,9800
00939,統一台灣高息動能,6424,2266,4158,元大證券,2024-05-23,9800
00688L,國泰20年美債正2,4553,573,3980,元大證券,2024-05-23,9800
2206,三陽工業,4205,315,3890,元大證券,2024-05-23,9800
00637L,元大滬深300正2,15197,11462,3735,元大證券,2024-05-23,9800
00687B,國泰20年美債,9584,5900,3684,元大證券,2024-05-23,9800
00752,中信中國50,4377,710,3667,元大證券,2024-05-23,9800
4938,和碩,4390,847,3543,元大證券,2024-05-23,9800
2357,華碩,3809,381,3428,元大證券,2024-05-23,9800
3044,健鼎,3184,227,2957,元大證券,2024-05-23,9800
6770,力積電,3386,967,2419,元大證券,2024-05-23,9800
00931B,統一美債20年,4249,2064,2185,元大證券,2024-05-23,9800
00882,中信中國高股息,6032,3883,2149,元大證券,2024-05-23,9800
00712,復華富時不動產,2062,146,1916,元大證券,2024-05-23,9800
00795B,中信美國公債20年,3632,1957,1675,元大證券,2024-05-23,9800
3703,欣陸,1781,124,1657,元大證券,2024-05-23,9800
00764B,群益25年美債,4325,2718,1607,元大證券,2024-05-23,9800
2303,聯電,5011,3479,1532,元大證券,2024-05-23,9800
00940,元大台灣價值高息,8870,7503,1367,元大證券,2024-05-23,9800
00665L,富邦�琤肭磪囓�2,14992,13654,1338,元大證券,2024-05-23,9800
00696B,富邦美債20年,2094,926,1168,元大證券,2024-05-23,9800
00706L,期元大S＆P日圓正2,1853,779,1074,元大證券,2024-05-23,9800
00646,元大S＆P500,1249,202,1047,元大證券,2024-05-23,9800
00679B,元大美債20年,9344,8304,1040,元大證券,2024-05-23,9800
00686R,群益臺灣加權反1,1175,163,1012,元大證券,2024-05-23,9800
2486,一詮,2634,1628,1006,元大證券,2024-05-23,9800
00893,國泰智能電動車,1215,215,1000,元大證券,2024-05-23,9800
2301,光寶科,5479,4509,970,元大證券,2024-05-23,9800
2610,華航,4078,3185,893,元大證券,2024-05-23,9800
00885,富邦越南,2054,1161,893,元大證券,2024-05-23,9800
00680L,元大美債20正2,5899,5056,843,元大證券,2024-05-23,9800
2317,鴻海,2187,1345,842,元大證券,2024-05-23,9800
00650L,復華香港正2,7115,6390,725,元大證券,2024-05-23,9800
3413,京鼎,655,42,613,元大證券,2024-05-23,9800
8112,至上,889,311,578,元大證券,2024-05-23,9800
00941,中信上游半導體,1975,1429,546,元大證券,2024-05-23,9800
00674R,期元大S＆P黃金反1,638,104,534,元大證券,2024-05-23,9800
00636,國泰中國A50,870,337,533,元大證券,2024-05-23,9800
00651R,復華香港反1,1061,547,514,元大證券,2024-05-23,9800
1810,和成,776,271,505,元大證券,2024-05-23,9800
2330,台積電,1335,882,453,元大證券,2024-05-23,9800
2889,國票金,704,259,445,元大證券,2024-05-23,9800
6121,新普,428,14,414,元大證券,2024-05-23,9800
2618,長榮航,29127,2710,26417,元大證券,2024-05-24,9800
00940,元大台灣價值高息,11041,3164,7877,元大證券,2024-05-24,9800
2206,三陽工業,5167,262,4905,元大證券,2024-05-24,9800
00939,統一台灣高息動能,6069,1607,4462,元大證券,2024-05-24,9800
00673R,期元大S＆P原油反1,4414,243,4171,元大證券,2024-05-24,9800
00680L,元大美債20正2,4849,703,4146,元大證券,2024-05-24,9800
00882,中信中國高股息,4461,983,3478,元大證券,2024-05-24,9800
2634,漢翔,3348,297,3051,元大證券,2024-05-24,9800
00830,國泰費城半導體,3276,465,2811,元大證券,2024-05-24,9800
00671R,富邦NASDAQ反1,3015,698,2317,元大證券,2024-05-24,9800
00900,富邦特選高股息30,3293,1096,2197,元大證券,2024-05-24,9800
00664R,國泰臺灣加權反1,4102,1980,2122,元大證券,2024-05-24,9800
00646,元大S＆P500,2153,263,1890,元大證券,2024-05-24,9800
00687B,國泰20年美債,5244,3382,1862,元大證券,2024-05-24,9800
3044,健鼎,1910,78,1832,元大證券,2024-05-24,9800
00636,國泰中國A50,1522,27,1495,元大證券,2024-05-24,9800
2357,華碩,1732,308,1424,元大證券,2024-05-24,9800
00885,富邦越南,1619,208,1411,元大證券,2024-05-24,9800
00893,國泰智能電動車,1838,468,1370,元大證券,2024-05-24,9800
0056,元大高股息,2150,836,1314,元大證券,2024-05-24,9800
00919,群益台灣精選高息,5076,3818,1258,元大證券,2024-05-24,9800
00706L,期元大S＆P日圓正2,1780,540,1240,元大證券,2024-05-24,9800
00944,野村趨勢動能高息,2225,990,1235,元大證券,2024-05-24,9800
00773B,中信優先金融債,2012,880,1132,元大證券,2024-05-24,9800
00941,中信上游半導體,1521,452,1069,元大證券,2024-05-24,9800
00943,兆豐電子高息等權,1438,500,938,元大證券,2024-05-24,9800
3231,緯創,1667,849,818,元大證券,2024-05-24,9800
00945B,凱基美國非投等債,2396,1597,799,元大證券,2024-05-24,9800
00891,中信關鍵半導體,1528,740,788,元大證券,2024-05-24,9800
00936,台新永續高息中小,2417,1638,779,元大證券,2024-05-24,9800
00930,永豐ESG低碳高息,895,153,742,元大證券,2024-05-24,9800
2317,鴻海,1509,772,737,元大證券,2024-05-24,9800
00926,凱基全球菁英55,737,0,737,元大證券,2024-05-24,9800
6488,環球晶,727,37,690,元大證券,2024-05-24,9800
00895,富邦未來車,720,48,672,元大證券,2024-05-24,9800
00651R,復華香港反1,853,190,663,元大證券,2024-05-24,9800
2353,宏��,8510,7850,660,元大證券,2024-05-24,9800
00942B,台新美A公司債20+,2147,1545,602,元大證券,2024-05-24,9800
00670L,富邦NASDAQ正2,1040,462,578,元大證券,2024-05-24,9800
00662,富邦NASDAQ,750,181,569,元大證券,2024-05-24,9800
00897,富邦基因免疫生技,693,134,559,元大證券,2024-05-24,9800
00934,中信成長高股息,1175,664,511,元大證券,2024-05-24,9800
3047,訊舟,1497,1014,483,元大證券,2024-05-24,9800
00757,統一FANG+,1152,680,472,元大證券,2024-05-24,9800
00892,富邦台灣半導體,1166,706,460,元大證券,2024-05-24,9800
00888,永豐台灣ESG,1000,579,421,元大證券,2024-05-24,9800
2344,華邦電,1420,999,421,元大證券,2024-05-24,9800
2303,聯電,2840,2445,395,元大證券,2024-05-24,9800
00896,中信綠能及電動車,790,403,387,元大證券,2024-05-24,9800
2542,興富發,500,120,380,元大證券,2024-05-24,9800
2892,第一金,11420,846,10574,元大證券,2024-05-27,9800
2890,永豐金,11555,1859,9696,元大證券,2024-05-27,9800
00680L,元大美債20正2,10036,1014,9022,元大證券,2024-05-27,9800
00927,群益半導體收益,7841,232,7609,元大證券,2024-05-27,9800
00878,國泰永續高股息,9297,2145,7152,元大證券,2024-05-27,9800
2618,長榮航,8462,1402,7060,元大證券,2024-05-27,9800
0056,元大高股息,7145,210,6935,元大證券,2024-05-27,9800
00939,統一台灣高息動能,7764,1133,6631,元大證券,2024-05-27,9800
00940,元大台灣價值高息,12102,5722,6380,元大證券,2024-05-27,9800
00919,群益台灣精選高息,11309,5804,5505,元大證券,2024-05-27,9800
00937B,群益ESG投等債20,16294,10810,5484,元大證券,2024-05-27,9800
00637L,元大滬深300正2,10459,6862,3597,元大證券,2024-05-27,9800
00715L,期街口布蘭特正2,4533,1089,3444,元大證券,2024-05-27,9800
00664R,國泰臺灣加權反1,4559,1426,3133,元大證券,2024-05-27,9800
2206,三陽工業,2689,303,2386,元大證券,2024-05-27,9800
00891,中信關鍵半導體,4297,2239,2058,元大證券,2024-05-27,9800
00676R,富邦臺灣加權反1,3909,2098,1811,元大證券,2024-05-27,9800
00633L,富邦上証正2,2286,478,1808,元大證券,2024-05-27,9800
00900,富邦特選高股息30,2413,738,1675,元大證券,2024-05-27,9800
2301,光寶科,8255,6633,1622,元大證券,2024-05-27,9800
00933B,國泰10Y+金融債,4299,2679,1620,元大證券,2024-05-27,9800
020038,元大ESG配息N,1501,34,1467,元大證券,2024-05-27,9800
00941,中信上游半導體,1579,218,1361,元大證券,2024-05-27,9800
2486,一詮,4150,2790,1360,元大證券,2024-05-27,9800
00632R,元大台灣50反1,41059,39769,1290,元大證券,2024-05-27,9800
00930,永豐ESG低碳高息,1575,331,1244,元大證券,2024-05-27,9800
2027,大成鋼,1907,697,1210,元大證券,2024-05-27,9800
00892,富邦台灣半導體,1738,613,1125,元大證券,2024-05-27,9800
00881,國泰台灣5G+,2790,1716,1074,元大證券,2024-05-27,9800
00888,永豐台灣ESG,1642,634,1008,元大證券,2024-05-27,9800
2303,聯電,6998,6039,959,元大證券,2024-05-27,9800
0050,元大台灣50,1280,343,937,元大證券,2024-05-27,9800
00932,兆豐永續高息等權,1356,445,911,元大證券,2024-05-27,9800
2412,中華電,3172,2273,899,元大證券,2024-05-27,9800
00893,國泰智能電動車,1041,220,821,元大證券,2024-05-27,9800
2542,興富發,957,178,779,元大證券,2024-05-27,9800
00907,永豐優息存股,1076,339,737,元大證券,2024-05-27,9800
00690,兆豐藍籌30,868,144,724,元大證券,2024-05-27,9800
00688L,國泰20年美債正2,1283,564,719,元大證券,2024-05-27,9800
00673R,期元大S＆P原油反1,1687,981,706,元大證券,2024-05-27,9800
5347,世界,1147,443,704,元大證券,2024-05-27,9800
4960,誠美材,796,97,699,元大證券,2024-05-27,9800
00706L,期元大S＆P日圓正2,1613,929,684,元大證券,2024-05-27,9800
00944,野村趨勢動能高息,1449,806,643,元大證券,2024-05-27,9800
00943,兆豐電子高息等權,1303,671,632,元大證券,2024-05-27,9800
00896,中信綠能及電動車,1270,640,630,元大證券,2024-05-27,9800
00642U,期元大S＆P石油,618,18,600,元大證券,2024-05-27,9800
00655L,國泰中國A50正2,815,224,591,元大證券,2024-05-27,9800
00861,元大全球未來通訊,1028,451,577,元大證券,2024-05-27,9800
00713,元大台灣高息低波,1653,1080,573,元大證券,2024-05-27,9800
00715L,期街口布蘭特正2,7661,254,7407,元大證券,2024-05-28,9800
00939,統一台灣高息動能,9482,2086,7396,元大證券,2024-05-28,9800
00680L,元大美債20正2,6536,3147,3389,元大證券,2024-05-28,9800
2618,長榮航,8652,6112,2540,元大證券,2024-05-28,9800
00927,群益半導體收益,3903,1378,2525,元大證券,2024-05-28,9800
2891,中信金,2259,414,1845,元大證券,2024-05-28,9800
00686R,群益臺灣加權反1,1748,300,1448,元大證券,2024-05-28,9800
00915,凱基優選高股息30,3130,1786,1344,元大證券,2024-05-28,9800
00671R,富邦NASDAQ反1,1203,7,1196,元大證券,2024-05-28,9800
00941,中信上游半導體,1710,523,1187,元大證券,2024-05-28,9800
00646,元大S＆P500,1490,304,1186,元大證券,2024-05-28,9800
00878,國泰永續高股息,6226,5137,1089,元大證券,2024-05-28,9800
00907,永豐優息存股,1669,581,1088,元大證券,2024-05-28,9800
00923,群益台ESG低碳50,1457,401,1056,元大證券,2024-05-28,9800
0056,元大高股息,984,44,940,元大證券,2024-05-28,9800
00934,中信成長高股息,1491,569,922,元大證券,2024-05-28,9800
00795B,中信美國公債20年,1974,1094,880,元大證券,2024-05-28,9800
2605,新興,2064,1226,838,元大證券,2024-05-28,9800
00904,新光臺灣半導體30,1257,449,808,元大證券,2024-05-28,9800
2610,華航,6934,6143,791,元大證券,2024-05-28,9800
2313,華通,942,163,779,元大證券,2024-05-28,9800
00891,中信關鍵半導體,2377,1606,771,元大證券,2024-05-28,9800
00725B,國泰投資級公司債,1540,832,708,元大證券,2024-05-28,9800
00909,國泰數位支付服務,756,87,669,元大證券,2024-05-28,9800
2303,聯電,2974,2310,664,元大證券,2024-05-28,9800
2408,南亞科,904,245,659,元大證券,2024-05-28,9800
00713,元大台灣高息低波,1080,471,609,元大證券,2024-05-28,9800
00885,富邦越南,904,295,609,元大證券,2024-05-28,9800
3231,緯創,4867,4283,584,元大證券,2024-05-28,9800
00936,台新永續高息中小,1009,442,567,元大證券,2024-05-28,9800
3537,堡達,500,0,500,元大證券,2024-05-28,9800
5009,榮剛,796,300,496,元大證券,2024-05-28,9800
1582,信錦,895,405,490,元大證券,2024-05-28,9800
00888,永豐台灣ESG,766,306,460,元大證券,2024-05-28,9800
00772B,中信高評級公司債,2146,1689,457,元大證券,2024-05-28,9800
3483,力致,751,294,457,元大證券,2024-05-28,9800
006208,富邦台50,790,358,432,元大證券,2024-05-28,9800
3035,智原,1555,1156,399,元大證券,2024-05-28,9800
2328,廣宇,698,306,392,元大證券,2024-05-28,9800
1815,富喬,8580,8200,380,元大證券,2024-05-28,9800
00733,富邦臺灣中小,619,244,375,元大證券,2024-05-28,9800
00706L,期元大S＆P日圓正2,1985,1619,366,元大證券,2024-05-28,9800
00676R,富邦臺灣加權反1,1479,1124,355,元大證券,2024-05-28,9800
6695,芯鼎,345,2,343,元大證券,2024-05-28,9800
5608,四維航,1781,1438,343,元大證券,2024-05-28,9800
00896,中信綠能及電動車,748,405,343,元大證券,2024-05-28,9800
3376,新日興,509,193,316,元大證券,2024-05-28,9800
1303,南亞,1295,989,306,元大證券,2024-05-28,9800
00943,兆豐電子高息等權,924,634,290,元大證券,2024-05-28,9800
2888,新光金,890,609,281,元大證券,2024-05-28,9800
00632R,元大台灣50反1,28153,4676,23477,元大證券,2024-05-29,9800
00940,元大台灣價值高息,20918,11196,9722,元大證券,2024-05-29,9800
00687B,國泰20年美債,9291,4062,5229,元大證券,2024-05-29,9800
00941,中信上游半導體,5281,269,5012,元大證券,2024-05-29,9800
00942B,台新美A公司債20+,6889,3226,3663,元大證券,2024-05-29,9800
00764B,群益25年美債,4949,1687,3262,元大證券,2024-05-29,9800
00715L,期街口布蘭特正2,4721,1664,3057,元大證券,2024-05-29,9800
00772B,中信高評級公司債,4961,2096,2865,元大證券,2024-05-29,9800
00933B,國泰10Y+金融債,5127,2537,2590,元大證券,2024-05-29,9800
00696B,富邦美債20年,3573,1260,2313,元大證券,2024-05-29,9800
00945B,凱基美國非投等債,4152,1860,2292,元大證券,2024-05-29,9800
00939,統一台灣高息動能,5584,3533,2051,元大證券,2024-05-29,9800
00919,群益台灣精選高息,11796,9768,2028,元大證券,2024-05-29,9800
00725B,國泰投資級公司債,2732,804,1928,元大證券,2024-05-29,9800
00927,群益半導體收益,2816,920,1896,元大證券,2024-05-29,9800
00795B,中信美國公債20年,5374,3528,1846,元大證券,2024-05-29,9800
2412,中華電,2776,1264,1512,元大證券,2024-05-29,9800
00931B,統一美債20年,3001,1519,1482,元大證券,2024-05-29,9800
00664R,國泰臺灣加權反1,1994,607,1387,元大證券,2024-05-29,9800
00686R,群益臺灣加權反1,1358,16,1342,元大證券,2024-05-29,9800
00642U,期元大S＆P石油,1320,1,1319,元大證券,2024-05-29,9800
2883,凱基金,2090,961,1129,元大證券,2024-05-29,9800
2887,台新金,1218,119,1099,元大證券,2024-05-29,9800
00706L,期元大S＆P日圓正2,1869,775,1094,元大證券,2024-05-29,9800
00934,中信成長高股息,2494,1407,1087,元大證券,2024-05-29,9800
2888,新光金,2472,1402,1070,元大證券,2024-05-29,9800
00882,中信中國高股息,2367,1335,1032,元大證券,2024-05-29,9800
00885,富邦越南,1123,103,1020,元大證券,2024-05-29,9800
2367,燿華,2640,1631,1009,元大證券,2024-05-29,9800
00724B,群益投資級金融債,1435,437,998,元大證券,2024-05-29,9800
00676R,富邦臺灣加權反1,2332,1392,940,元大證券,2024-05-29,9800
3034,聯詠,996,90,906,元大證券,2024-05-29,9800
00655L,國泰中國A50正2,1228,326,902,元大證券,2024-05-29,9800
2889,國票金,2057,1213,844,元大證券,2024-05-29,9800
00720B,元大投資級公司債,4100,3328,772,元大證券,2024-05-29,9800
0050,元大台灣50,966,198,768,元大證券,2024-05-29,9800
5512,力麒,957,206,751,元大證券,2024-05-29,9800
00881,國泰台灣5G+,1217,482,735,元大證券,2024-05-29,9800
2385,群光,889,179,710,元大證券,2024-05-29,9800
3711,日月光投控,951,284,667,元大證券,2024-05-29,9800
4967,十銓,1757,1094,663,元大證券,2024-05-29,9800
00722B,群益投資級電信債,1179,526,653,元大證券,2024-05-29,9800
2892,第一金,895,250,645,元大證券,2024-05-29,9800
8112,至上,865,245,620,元大證券,2024-05-29,9800
00757,統一FANG+,653,48,605,元大證券,2024-05-29,9800
1815,富喬,6870,6267,603,元大證券,2024-05-29,9800
2354,鴻準,7173,6574,599,元大證券,2024-05-29,9800
5876,上海商銀,760,209,551,元大證券,2024-05-29,9800
00903,富邦元宇宙,549,0,549,元大證券,2024-05-29,9800
2547,日勝生,601,57,544,元大證券,2024-05-29,9800
00632R,元大台灣50反1,42622,23562,19060,元大證券,2024-05-30,9800
00650L,復華香港正2,11436,6799,4637,元大證券,2024-05-30,9800
00669R,國泰美國道瓊反1,3494,223,3271,元大證券,2024-05-30,9800
00706L,期元大S＆P日圓正2,3537,1569,1968,元大證券,2024-05-30,9800
00673R,期元大S＆P原油反1,4133,2289,1844,元大證券,2024-05-30,9800
00725B,國泰投資級公司債,2280,522,1758,元大證券,2024-05-30,9800
00772B,中信高評級公司債,3151,1439,1712,元大證券,2024-05-30,9800
2882,國泰金,2442,1138,1304,元大證券,2024-05-30,9800
00881,國泰台灣5G+,3112,1928,1184,元大證券,2024-05-30,9800
00676R,富邦臺灣加權反1,3134,2004,1130,元大證券,2024-05-30,9800
00722B,群益投資級電信債,1242,405,837,元大證券,2024-05-30,9800
00670L,富邦NASDAQ正2,1063,233,830,元大證券,2024-05-30,9800
00882,中信中國高股息,3237,2414,823,元大證券,2024-05-30,9800
3711,日月光投控,1246,471,775,元大證券,2024-05-30,9800
00885,富邦越南,1350,621,729,元大證券,2024-05-30,9800
0050,元大台灣50,1179,458,721,元大證券,2024-05-30,9800
00876,元大全球5G,686,1,685,元大證券,2024-05-30,9800
00939,統一台灣高息動能,4061,3387,674,元大證券,2024-05-30,9800
00740B,富邦全球投等債,1058,386,672,元大證券,2024-05-30,9800
1815,富喬,21224,20638,586,元大證券,2024-05-30,9800
00634R,富邦上証反1,629,86,543,元大證券,2024-05-30,9800
4938,和碩,826,285,541,元大證券,2024-05-30,9800
4960,誠美材,636,135,501,元大證券,2024-05-30,9800
00674R,期元大S＆P黃金反1,478,4,474,元大證券,2024-05-30,9800
00773B,中信優先金融債,1033,588,445,元大證券,2024-05-30,9800
00651R,復華香港反1,1005,581,424,元大證券,2024-05-30,9800
00661,元大日經225,449,31,418,元大證券,2024-05-30,9800
00643,群益深証中小,554,154,400,元大證券,2024-05-30,9800
2834,臺企銀,716,324,392,元大證券,2024-05-30,9800
00642U,期元大S＆P石油,652,284,368,元大證券,2024-05-30,9800
00683L,期元大美元指正2,328,9,319,元大證券,2024-05-30,9800
00636,國泰中國A50,385,73,312,元大證券,2024-05-30,9800
1216,統一,472,164,308,元大證券,2024-05-30,9800
00724B,群益投資級金融債,915,622,293,元大證券,2024-05-30,9800
6176,瑞儀,306,66,240,元大證券,2024-05-30,9800
3293,鈊象,268,33,235,元大證券,2024-05-30,9800
00918,大華優利高填息30,1693,1458,235,元大證券,2024-05-30,9800
00945B,凱基美國非投等債,3090,2858,232,元大證券,2024-05-30,9800
0056,元大高股息,649,418,231,元大證券,2024-05-30,9800
2328,廣宇,1320,1098,222,元大證券,2024-05-30,9800
00924,復華S＆P500成長,454,244,210,元大證券,2024-05-30,9800
00738U,期元大道瓊白銀,407,208,199,元大證券,2024-05-30,9800
8112,至上,683,487,196,元大證券,2024-05-30,9800
2727,王品,209,14,195,元大證券,2024-05-30,9800
00761B,國泰A級公司債,237,44,193,元大證券,2024-05-30,9800
00891,中信關鍵半導體,1906,1716,190,元大證券,2024-05-30,9800
00666R,富邦�琤肭磪齯�1,244,57,187,元大證券,2024-05-30,9800
00928,中信上櫃ESG30,244,74,170,元大證券,2024-05-30,9800
9910,豐泰,191,30,161,元大證券,2024-05-30,9800
00903,富邦元宇宙,208,53,155,元大證券,2024-05-30,9800
00632R,元大台灣50反1,56785,48194,8591,元大證券,2024-05-31,9800
2884,玉山金,10700,3669,7031,元大證券,2024-05-31,9800
00673R,期元大S＆P原油反1,7599,661,6938,元大證券,2024-05-31,9800
2888,新光金,22408,15982,6426,元大證券,2024-05-31,9800
8112,至上,5526,388,5138,元大證券,2024-05-31,9800
00637L,元大滬深300正2,10653,5932,4721,元大證券,2024-05-31,9800
2618,長榮航,15528,11281,4247,元大證券,2024-05-31,9800
8070,長華*,4975,934,4041,元大證券,2024-05-31,9800
1504,東元,4479,1096,3383,元大證券,2024-05-31,9800
00878,國泰永續高股息,6189,3535,2654,元大證券,2024-05-31,9800
2885,元大金,3220,685,2535,元大證券,2024-05-31,9800
2890,永豐金,2686,662,2024,元大證券,2024-05-31,9800
1216,統一,2433,416,2017,元大證券,2024-05-31,9800
2412,中華電,3322,1323,1999,元大證券,2024-05-31,9800
00941,中信上游半導體,1884,12,1872,元大證券,2024-05-31,9800
00927,群益半導體收益,2963,1197,1766,元大證券,2024-05-31,9800
00900,富邦特選高股息30,2885,1138,1747,元大證券,2024-05-31,9800
4904,遠傳,2021,439,1582,元大證券,2024-05-31,9800
00905,FT臺灣Smart,1913,337,1576,元大證券,2024-05-31,9800
00885,富邦越南,2081,509,1572,元大證券,2024-05-31,9800
5347,世界,3267,1902,1365,元大證券,2024-05-31,9800
00907,永豐優息存股,2771,1459,1312,元大證券,2024-05-31,9800
2301,光寶科,3315,2052,1263,元大證券,2024-05-31,9800
00943,兆豐電子高息等權,1593,465,1128,元大證券,2024-05-31,9800
5508,永信建,1436,315,1121,元大證券,2024-05-31,9800
2881,富邦金,1888,776,1112,元大證券,2024-05-31,9800
00944,野村趨勢動能高息,3927,2839,1088,元大證券,2024-05-31,9800
6191,精成科,1245,172,1073,元大證券,2024-05-31,9800
00757,統一FANG+,1341,351,990,元大證券,2024-05-31,9800
2812,台中銀,1113,124,989,元大證券,2024-05-31,9800
00904,新光臺灣半導體30,1204,299,905,元大證券,2024-05-31,9800
5536,聖暉*,925,30,895,元大證券,2024-05-31,9800
5876,上海商銀,2487,1649,838,元大證券,2024-05-31,9800
3017,奇鋐,1460,650,810,元大證券,2024-05-31,9800
00669R,國泰美國道瓊反1,791,0,791,元大證券,2024-05-31,9800
3045,台灣大,1440,651,789,元大證券,2024-05-31,9800
00888,永豐台灣ESG,1462,718,744,元大證券,2024-05-31,9800
5871,中租-KY,1418,703,715,元大證券,2024-05-31,9800
00655L,國泰中國A50正2,1052,338,714,元大證券,2024-05-31,9800
00713,元大台灣高息低波,747,39,708,元大證券,2024-05-31,9800
2905,三商,738,88,650,元大證券,2024-05-31,9800
00671R,富邦NASDAQ反1,830,192,638,元大證券,2024-05-31,9800
2105,正新,3035,2403,632,元大證券,2024-05-31,9800
2303,聯電,3858,3237,621,元大證券,2024-05-31,9800
2204,中華,889,275,614,元大證券,2024-05-31,9800
00733,富邦臺灣中小,855,289,566,元大證券,2024-05-31,9800
00633L,富邦上証正2,1435,875,560,元大證券,2024-05-31,9800
00640L,富邦日本正2,561,2,559,元大證券,2024-05-31,9800
00931B,統一美債20年,1593,1088,505,元大證券,2024-05-31,9800
2501,國建,2063,1575,488,元大證券,2024-05-31,9800
2618,長榮航,36705,9585,27120,元大證券,2024-06-03,9800
00637L,元大滬深300正2,20456,13774,6682,元大證券,2024-06-03,9800
00673R,期元大S＆P原油反1,7002,1093,5909,元大證券,2024-06-03,9800
00665L,富邦�琤肭磪囓�2,18796,14218,4578,元大證券,2024-06-03,9800
00680L,元大美債20正2,8423,3897,4526,元大證券,2024-06-03,9800
00939,統一台灣高息動能,5073,1062,4011,元大證券,2024-06-03,9800
00944,野村趨勢動能高息,4538,709,3829,元大證券,2024-06-03,9800
00915,凱基優選高股息30,4811,1108,3703,元大證券,2024-06-03,9800
00933B,國泰10Y+金融債,9175,5499,3676,元大證券,2024-06-03,9800
2888,新光金,15606,12249,3357,元大證券,2024-06-03,9800
00830,國泰費城半導體,4011,666,3345,元大證券,2024-06-03,9800
00882,中信中國高股息,3961,641,3320,元大證券,2024-06-03,9800
3045,台灣大,3590,359,3231,元大證券,2024-06-03,9800
2331,精英,2816,10,2806,元大證券,2024-06-03,9800
00795B,中信美國公債20年,4588,2031,2557,元大證券,2024-06-03,9800
00688L,國泰20年美債正2,4433,1944,2489,元大證券,2024-06-03,9800
00671R,富邦NASDAQ反1,2385,0,2385,元大證券,2024-06-03,9800
00881,國泰台灣5G+,2978,622,2356,元大證券,2024-06-03,9800
00934,中信成長高股息,2362,261,2101,元大證券,2024-06-03,9800
4904,遠傳,2426,328,2098,元大證券,2024-06-03,9800
00931B,統一美債20年,3080,1048,2032,元大證券,2024-06-03,9800
00891,中信關鍵半導體,3597,1687,1910,元大證券,2024-06-03,9800
00893,國泰智能電動車,2006,124,1882,元大證券,2024-06-03,9800
0050,元大台灣50,2567,701,1866,元大證券,2024-06-03,9800
5347,世界,4763,2985,1778,元大證券,2024-06-03,9800
00696B,富邦美債20年,4259,2511,1748,元大證券,2024-06-03,9800
4938,和碩,3261,1655,1606,元大證券,2024-06-03,9800
00753L,中信中國50正2,3662,2186,1476,元大證券,2024-06-03,9800
00772B,中信高評級公司債,4020,2651,1369,元大證券,2024-06-03,9800
00878,國泰永續高股息,2987,1719,1268,元大證券,2024-06-03,9800
00936,台新永續高息中小,1903,665,1238,元大證券,2024-06-03,9800
00764B,群益25年美債,1702,476,1226,元大證券,2024-06-03,9800
2891,中信金,5306,4111,1195,元大證券,2024-06-03,9800
00923,群益台ESG低碳50,1567,398,1169,元大證券,2024-06-03,9800
00892,富邦台灣半導體,1355,217,1138,元大證券,2024-06-03,9800
0056,元大高股息,1360,247,1113,元大證券,2024-06-03,9800
00932,兆豐永續高息等權,1350,246,1104,元大證券,2024-06-03,9800
00930,永豐ESG低碳高息,1484,384,1100,元大證券,2024-06-03,9800
00676R,富邦臺灣加權反1,2069,1009,1060,元大證券,2024-06-03,9800
2417,圓剛,1568,550,1018,元大證券,2024-06-03,9800
3711,日月光投控,1449,443,1006,元大證券,2024-06-03,9800
2884,玉山金,3914,2931,983,元大證券,2024-06-03,9800
00927,群益半導體收益,1632,652,980,元大證券,2024-06-03,9800
00885,富邦越南,1179,201,978,元大證券,2024-06-03,9800
00888,永豐台灣ESG,1326,359,967,元大證券,2024-06-03,9800
00679B,元大美債20年,7516,6607,909,元大證券,2024-06-03,9800
00645,富邦日本,904,10,894,元大證券,2024-06-03,9800
00900,富邦特選高股息30,2156,1271,885,元大證券,2024-06-03,9800
00943,兆豐電子高息等權,1229,347,882,元大證券,2024-06-03,9800
00921,兆豐龍頭等權重,1480,672,808,元大證券,2024-06-03,9800
00673R,期元大S＆P原油反1,37325,230,37095,元大證券,2024-06-04,9800
00937B,群益ESG投等債20,29980,12443,17537,元大證券,2024-06-04,9800
00632R,元大台灣50反1,37687,21543,16144,元大證券,2024-06-04,9800
2889,國票金,14825,1709,13116,元大證券,2024-06-04,9800
00933B,國泰10Y+金融債,12385,1894,10491,元大證券,2024-06-04,9800
00680L,元大美債20正2,10095,530,9565,元大證券,2024-06-04,9800
00688L,國泰20年美債正2,7240,971,6269,元大證券,2024-06-04,9800
00664R,國泰臺灣加權反1,5694,738,4956,元大證券,2024-06-04,9800
00687B,國泰20年美債,6987,3068,3919,元大證券,2024-06-04,9800
00637L,元大滬深300正2,10276,6916,3360,元大證券,2024-06-04,9800
00676R,富邦臺灣加權反1,3998,1069,2929,元大證券,2024-06-04,9800
00882,中信中國高股息,4701,1892,2809,元大證券,2024-06-04,9800
00931B,統一美債20年,3321,1195,2126,元大證券,2024-06-04,9800
00939,統一台灣高息動能,5344,3318,2026,元大證券,2024-06-04,9800
00893,國泰智能電動車,2024,0,2024,元大證券,2024-06-04,9800
9904,寶成,2170,213,1957,元大證券,2024-06-04,9800
2451,創見,2101,235,1866,元大證券,2024-06-04,9800
00885,富邦越南,2288,434,1854,元大證券,2024-06-04,9800
2303,聯電,5540,3959,1581,元大證券,2024-06-04,9800
00772B,中信高評級公司債,2104,565,1539,元大證券,2024-06-04,9800
2618,長榮航,5291,3859,1432,元大證券,2024-06-04,9800
00857B,永豐20年美公債,3568,2176,1392,元大證券,2024-06-04,9800
00686R,群益臺灣加權反1,2210,870,1340,元大證券,2024-06-04,9800
00773B,中信優先金融債,1403,280,1123,元大證券,2024-06-04,9800
2897,王道銀行,1177,102,1075,元大證券,2024-06-04,9800
00720B,元大投資級公司債,2291,1217,1074,元大證券,2024-06-04,9800
00751B,元大AAA至A公司債,2421,1424,997,元大證券,2024-06-04,9800
2515,中工,3379,2412,967,元大證券,2024-06-04,9800
00633L,富邦上証正2,1334,384,950,元大證券,2024-06-04,9800
2903,遠百,1809,886,923,元大證券,2024-06-04,9800
00706L,期元大S＆P日圓正2,1664,773,891,元大證券,2024-06-04,9800
00795B,中信美國公債20年,1945,1054,891,元大證券,2024-06-04,9800
00752,中信中國50,1267,404,863,元大證券,2024-06-04,9800
5876,上海商銀,1324,487,837,元大證券,2024-06-04,9800
00900,富邦特選高股息30,1967,1134,833,元大證券,2024-06-04,9800
2211,長榮鋼,916,138,778,元大證券,2024-06-04,9800
2313,華通,1032,318,714,元大證券,2024-06-04,9800
2006,東和鋼鐵,629,11,618,元大證券,2024-06-04,9800
8112,至上,735,139,596,元大證券,2024-06-04,9800
00945B,凱基美國非投等債,1609,1021,588,元大證券,2024-06-04,9800
2425,承啟,928,386,542,元大證券,2024-06-04,9800
4960,誠美材,595,105,490,元大證券,2024-06-04,9800
4915,致伸,948,460,488,元大證券,2024-06-04,9800
00722B,群益投資級電信債,765,302,463,元大證券,2024-06-04,9800
00712,復華富時不動產,2750,2296,454,元大證券,2024-06-04,9800
6425,易發,514,66,448,元大證券,2024-06-04,9800
00764B,群益25年美債,713,288,425,元大證券,2024-06-04,9800
1802,台玻,3141,2723,418,元大證券,2024-06-04,9800
6125,廣運,9746,9329,417,元大證券,2024-06-04,9800
00655L,國泰中國A50正2,1082,680,402,元大證券,2024-06-04,9800
00680L,元大美債20正2,16971,2452,14519,元大證券,2024-06-05,9800
00937B,群益ESG投等債20,18831,6620,12211,元大證券,2024-06-05,9800
00673R,期元大S＆P原油反1,10664,0,10664,元大證券,2024-06-05,9800
6005,群益證,8135,139,7996,元大證券,2024-06-05,9800
00857B,永豐20年美公債,6416,1612,4804,元大證券,2024-06-05,9800
00940,元大台灣價值高息,12610,8903,3707,元大證券,2024-06-05,9800
00795B,中信美國公債20年,3789,1114,2675,元大證券,2024-06-05,9800
00931B,統一美債20年,4647,2391,2256,元大證券,2024-06-05,9800
2613,中櫃,2248,108,2140,元大證券,2024-06-05,9800
2883,凱基金,3661,1587,2074,元大證券,2024-06-05,9800
00891,中信關鍵半導體,2769,721,2048,元大證券,2024-06-05,9800
2880,華南金,2402,427,1975,元大證券,2024-06-05,9800
2609,陽明,13880,12340,1540,元大證券,2024-06-05,9800
00919,群益台灣精選高息,9875,8483,1392,元大證券,2024-06-05,9800
1815,富喬,14870,13632,1238,元大證券,2024-06-05,9800
2897,王道銀行,1281,101,1180,元大證券,2024-06-05,9800
2881,富邦金,1415,274,1141,元大證券,2024-06-05,9800
2834,臺企銀,1371,244,1127,元大證券,2024-06-05,9800
2303,聯電,3169,2063,1106,元大證券,2024-06-05,9800
00662,富邦NASDAQ,1174,86,1088,元大證券,2024-06-05,9800
00893,國泰智能電動車,1029,11,1018,元大證券,2024-06-05,9800
5508,永信建,1194,191,1003,元大證券,2024-06-05,9800
00720B,元大投資級公司債,2605,1630,975,元大證券,2024-06-05,9800
00933B,國泰10Y+金融債,5881,4906,975,元大證券,2024-06-05,9800
00923,群益台ESG低碳50,1916,983,933,元大證券,2024-06-05,9800
00679B,元大美債20年,10149,9312,837,元大證券,2024-06-05,9800
6239,力成,943,113,830,元大證券,2024-06-05,9800
5536,聖暉*,820,41,779,元大證券,2024-06-05,9800
2328,廣宇,1238,520,718,元大證券,2024-06-05,9800
00738U,期元大道瓊白銀,710,52,658,元大證券,2024-06-05,9800
00676R,富邦臺灣加權反1,3271,2620,651,元大證券,2024-06-05,9800
6425,易發,708,105,603,元大證券,2024-06-05,9800
00885,富邦越南,1266,705,561,元大證券,2024-06-05,9800
6176,瑞儀,798,309,489,元大證券,2024-06-05,9800
2006,東和鋼鐵,517,30,487,元大證券,2024-06-05,9800
3062,建漢,553,70,483,元大證券,2024-06-05,9800
2615,萬海,4860,4386,474,元大證券,2024-06-05,9800
5608,四維航,1266,800,466,元大證券,2024-06-05,9800
00751B,元大AAA至A公司債,2362,1901,461,元大證券,2024-06-05,9800
0056,元大高股息,1020,598,422,元大證券,2024-06-05,9800
2412,中華電,679,257,422,元大證券,2024-06-05,9800
00636,國泰中國A50,540,119,421,元大證券,2024-06-05,9800
00896,中信綠能及電動車,1238,820,418,元大證券,2024-06-05,9800
2330,台積電,1043,633,410,元大證券,2024-06-05,9800
5904,寶雅,429,30,399,元大證券,2024-06-05,9800
00922,國泰台灣領袖50,1491,1104,387,元大證券,2024-06-05,9800
00706L,期元大S＆P日圓正2,2636,2261,375,元大證券,2024-06-05,9800
2211,長榮鋼,510,135,375,元大證券,2024-06-05,9800
2845,遠東銀,1099,743,356,元大證券,2024-06-05,9800
00892,富邦台灣半導體,1031,689,342,元大證券,2024-06-05,9800
2618,長榮航,42236,5275,36961,元大證券,2024-06-06,9800
6005,群益證,10875,1031,9844,元大證券,2024-06-06,9800
00940,元大台灣價值高息,14789,8039,6750,元大證券,2024-06-06,9800
00929,復華台灣科技優息,12934,7437,5497,元大證券,2024-06-06,9800
00878,國泰永續高股息,6550,1411,5139,元大證券,2024-06-06,9800
00637L,元大滬深300正2,11969,6891,5078,元大證券,2024-06-06,9800
00720B,元大投資級公司債,4747,710,4037,元大證券,2024-06-06,9800
00933B,國泰10Y+金融債,8029,4154,3875,元大證券,2024-06-06,9800
00882,中信中國高股息,5402,1806,3596,元大證券,2024-06-06,9800
00919,群益台灣精選高息,12627,9064,3563,元大證券,2024-06-06,9800
00931B,統一美債20年,5139,1675,3464,元大證券,2024-06-06,9800
00939,統一台灣高息動能,7117,3679,3438,元大證券,2024-06-06,9800
00830,國泰費城半導體,4965,1642,3323,元大證券,2024-06-06,9800
00885,富邦越南,3283,385,2898,元大證券,2024-06-06,9800
00795B,中信美國公債20年,3674,799,2875,元大證券,2024-06-06,9800
00900,富邦特選高股息30,3840,1281,2559,元大證券,2024-06-06,9800
00915,凱基優選高股息30,4723,2171,2552,元大證券,2024-06-06,9800
00934,中信成長高股息,3985,1504,2481,元大證券,2024-06-06,9800
2610,華航,3757,1368,2389,元大證券,2024-06-06,9800
00673R,期元大S＆P原油反1,3167,842,2325,元大證券,2024-06-06,9800
2884,玉山金,2823,607,2216,元大證券,2024-06-06,9800
00857B,永豐20年美公債,3779,1571,2208,元大證券,2024-06-06,9800
00679B,元大美債20年,7214,5047,2167,元大證券,2024-06-06,9800
00941,中信上游半導體,5325,3226,2099,元大證券,2024-06-06,9800
00946,群益科技高息成長,9374,7306,2068,元大證券,2024-06-06,9800
00680L,元大美債20正2,7895,5954,1941,元大證券,2024-06-06,9800
0050,元大台灣50,3190,1357,1833,元大證券,2024-06-06,9800
00891,中信關鍵半導體,3811,2049,1762,元大證券,2024-06-06,9800
00772B,中信高評級公司債,3248,1510,1738,元大證券,2024-06-06,9800
00922,國泰台灣領袖50,2142,444,1698,元大證券,2024-06-06,9800
2312,金寶,8933,7255,1678,元大證券,2024-06-06,9800
00923,群益台ESG低碳50,2656,1054,1602,元大證券,2024-06-06,9800
00888,永豐台灣ESG,2374,900,1474,元大證券,2024-06-06,9800
0056,元大高股息,1607,137,1470,元大證券,2024-06-06,9800
00752,中信中國50,2618,1154,1464,元大證券,2024-06-06,9800
2609,陽明,18830,17405,1425,元大證券,2024-06-06,9800
00927,群益半導體收益,3148,1800,1348,元大證券,2024-06-06,9800
2881,富邦金,1905,584,1321,元大證券,2024-06-06,9800
00670L,富邦NASDAQ正2,1267,14,1253,元大證券,2024-06-06,9800
00696B,富邦美債20年,1884,643,1241,元大證券,2024-06-06,9800
00688L,國泰20年美債正2,5341,4130,1211,元大證券,2024-06-06,9800
00712,復華富時不動產,2204,999,1205,元大證券,2024-06-06,9800
00764B,群益25年美債,1353,165,1188,元大證券,2024-06-06,9800
00850,元大臺灣ESG永續,1176,63,1113,元大證券,2024-06-06,9800
2603,長榮,2772,1688,1084,元大證券,2024-06-06,9800
00633L,富邦上証正2,1571,494,1077,元大證券,2024-06-06,9800
1301,台塑,1368,379,989,元大證券,2024-06-06,9800
2885,元大金,1000,53,947,元大證券,2024-06-06,9800
2002,中鋼,1410,473,937,元大證券,2024-06-06,9800
00921,兆豐龍頭等權重,1895,963,932,元大證券,2024-06-06,9800
00650L,復華香港正2,30542,6602,23940,元大證券,2024-06-07,9800
00632R,元大台灣50反1,25607,4748,20859,元大證券,2024-06-07,9800
00937B,群益ESG投等債20,21752,12076,9676,元大證券,2024-06-07,9800
00715L,期街口布蘭特正2,9448,65,9383,元大證券,2024-06-07,9800
00665L,富邦�琤肭磪囓�2,25476,19226,6250,元大證券,2024-06-07,9800
2303,聯電,7445,1430,6015,元大證券,2024-06-07,9800
00857B,永豐20年美公債,6574,1318,5256,元大證券,2024-06-07,9800
00764B,群益25年美債,3969,732,3237,元大證券,2024-06-07,9800
00720B,元大投資級公司債,4376,1195,3181,元大證券,2024-06-07,9800
00882,中信中國高股息,3119,592,2527,元大證券,2024-06-07,9800
2891,中信金,3965,1499,2466,元大證券,2024-06-07,9800
00680L,元大美債20正2,4960,2579,2381,元大證券,2024-06-07,9800
00795B,中信美國公債20年,2858,753,2105,元大證券,2024-06-07,9800
00686R,群益臺灣加權反1,1872,1,1871,元大證券,2024-06-07,9800
00885,富邦越南,1884,127,1757,元大證券,2024-06-07,9800
00931B,統一美債20年,2165,425,1740,元大證券,2024-06-07,9800
2330,台積電,1848,264,1584,元大證券,2024-06-07,9800
00900,富邦特選高股息30,1843,400,1443,元大證券,2024-06-07,9800
2542,興富發,1919,494,1425,元大證券,2024-06-07,9800
2548,華固,1755,356,1399,元大證券,2024-06-07,9800
2371,大同,2543,1228,1315,元大證券,2024-06-07,9800
2610,華航,4383,3094,1289,元大證券,2024-06-07,9800
00772B,中信高評級公司債,1839,617,1222,元大證券,2024-06-07,9800
00696B,富邦美債20年,1789,614,1175,元大證券,2024-06-07,9800
3014,聯陽,1048,30,1018,元大證券,2024-06-07,9800
5880,合庫金,1165,212,953,元大證券,2024-06-07,9800
2883,凱基金,6370,5444,926,元大證券,2024-06-07,9800
2887,台新金,1683,775,908,元大證券,2024-06-07,9800
00773B,中信優先金融債,1195,473,722,元大證券,2024-06-07,9800
2888,新光金,10773,10069,704,元大證券,2024-06-07,9800
1301,台塑,775,132,643,元大證券,2024-06-07,9800
00733,富邦臺灣中小,760,138,622,元大證券,2024-06-07,9800
4967,十銓,2378,1794,584,元大證券,2024-06-07,9800
00671R,富邦NASDAQ反1,580,0,580,元大證券,2024-06-07,9800
2412,中華電,595,71,524,元大證券,2024-06-07,9800
00932,兆豐永續高息等權,548,38,510,元大證券,2024-06-07,9800
00752,中信中國50,949,464,485,元大證券,2024-06-07,9800
00852L,國泰美國道瓊正2,476,0,476,元大證券,2024-06-07,9800
00679B,元大美債20年,3876,3403,473,元大證券,2024-06-07,9800
00701,國泰股利精選30,528,57,471,元大證券,2024-06-07,9800
00662,富邦NASDAQ,488,51,437,元大證券,2024-06-07,9800
00634R,富邦上証反1,426,0,426,元大證券,2024-06-07,9800
2897,王道銀行,833,410,423,元大證券,2024-06-07,9800
00713,元大台灣高息低波,917,515,402,元大證券,2024-06-07,9800
00663L,國泰臺灣加權正2,405,26,379,元大證券,2024-06-07,9800
2886,兆豐金,590,217,373,元大證券,2024-06-07,9800
00898,國泰基因免疫革命,366,0,366,元大證券,2024-06-07,9800
6425,易發,449,87,362,元大證券,2024-06-07,9800
9910,豐泰,522,166,356,元大證券,2024-06-07,9800
00901,永豐智能車供應鏈,368,16,352,元大證券,2024-06-07,9800
00715L,期街口布蘭特正2,15781,352,15429,元大證券,2024-06-11,9800
00752,中信中國50,5791,1368,4423,元大證券,2024-06-11,9800
00941,中信上游半導體,3876,1068,2808,元大證券,2024-06-11,9800
00857B,永豐20年美公債,4100,1319,2781,元大證券,2024-06-11,9800
00720B,元大投資級公司債,6374,3896,2478,元大證券,2024-06-11,9800
00676R,富邦臺灣加權反1,4047,1639,2408,元大證券,2024-06-11,9800
00764B,群益25年美債,2861,558,2303,元大證券,2024-06-11,9800
2888,新光金,7202,5042,2160,元大證券,2024-06-11,9800
00900,富邦特選高股息30,2779,714,2065,元大證券,2024-06-11,9800
00795B,中信美國公債20年,3772,1892,1880,元大證券,2024-06-11,9800
00909,國泰數位支付服務,1856,29,1827,元大證券,2024-06-11,9800
00933B,國泰10Y+金融債,15106,13287,1819,元大證券,2024-06-11,9800
00632R,元大台灣50反1,16343,14695,1648,元大證券,2024-06-11,9800
00885,富邦越南,1648,53,1595,元大證券,2024-06-11,9800
0050,元大台灣50,3113,1635,1478,元大證券,2024-06-11,9800
00696B,富邦美債20年,2226,815,1411,元大證券,2024-06-11,9800
00772B,中信高評級公司債,3153,1805,1348,元大證券,2024-06-11,9800
2504,國產,1804,552,1252,元大證券,2024-06-11,9800
00905,FT臺灣Smart,1389,252,1137,元大證券,2024-06-11,9800
00894,中信小資高價30,1870,798,1072,元大證券,2024-06-11,9800
00642U,期元大S＆P石油,1007,1,1006,元大證券,2024-06-11,9800
006205,富邦上証,1194,225,969,元大證券,2024-06-11,9800
00633L,富邦上証正2,3039,2111,928,元大證券,2024-06-11,9800
00753L,中信中國50正2,4393,3531,862,元大證券,2024-06-11,9800
00939,統一台灣高息動能,7241,6387,854,元大證券,2024-06-11,9800
00662,富邦NASDAQ,1108,278,830,元大證券,2024-06-11,9800
00773B,中信優先金融債,1271,452,819,元大證券,2024-06-11,9800
00891,中信關鍵半導體,2083,1277,806,元大證券,2024-06-11,9800
00892,富邦台灣半導體,1178,381,797,元大證券,2024-06-11,9800
2313,華通,1293,501,792,元大證券,2024-06-11,9800
2412,中華電,973,209,764,元大證券,2024-06-11,9800
2884,玉山金,1477,719,758,元大證券,2024-06-11,9800
6770,力積電,1617,896,721,元大證券,2024-06-11,9800
2449,京元電子,1560,841,719,元大證券,2024-06-11,9800
2542,興富發,1173,464,709,元大證券,2024-06-11,9800
2892,第一金,1123,434,689,元大證券,2024-06-11,9800
00733,富邦臺灣中小,968,301,667,元大證券,2024-06-11,9800
2886,兆豐金,1114,476,638,元大證券,2024-06-11,9800
2618,長榮航,6817,6222,595,元大證券,2024-06-11,9800
5880,合庫金,1118,541,577,元大證券,2024-06-11,9800
2890,永豐金,1205,648,557,元大證券,2024-06-11,9800
00940,元大台灣價值高息,12127,11590,537,元大證券,2024-06-11,9800
8069,元太,1241,706,535,元大證券,2024-06-11,9800
00881,國泰台灣5G+,2770,2281,489,元大證券,2024-06-11,9800
00877,復華中國5G,711,227,484,元大證券,2024-06-11,9800
00653L,富邦印度正2,566,104,462,元大證券,2024-06-11,9800
00887,永豐中國科技50大,454,2,452,元大證券,2024-06-11,9800
00897,富邦基因免疫生技,400,3,397,元大證券,2024-06-11,9800
3374,精材,2062,1685,377,元大證券,2024-06-11,9800
00652,富邦印度,571,196,375,元大證券,2024-06-11,9800
2888,新光金,11945,5360,6585,元大證券,2024-06-12,9800
00715L,期街口布蘭特正2,6104,404,5700,元大證券,2024-06-12,9800
2891,中信金,5800,520,5280,元大證券,2024-06-12,9800
2504,國產,5237,244,4993,元大證券,2024-06-12,9800
00919,群益台灣精選高息,11077,7782,3295,元大證券,2024-06-12,9800
00878,國泰永續高股息,5608,2436,3172,元大證券,2024-06-12,9800
00947,台新臺灣IC設計,12363,9250,3113,元大證券,2024-06-12,9800
00882,中信中國高股息,5291,2244,3047,元大證券,2024-06-12,9800
00720B,元大投資級公司債,4366,1488,2878,元大證券,2024-06-12,9800
6005,群益證,2790,307,2483,元大證券,2024-06-12,9800
00881,國泰台灣5G+,3186,825,2361,元大證券,2024-06-12,9800
00692,富邦公司治理,2307,41,2266,元大證券,2024-06-12,9800
00940,元大台灣價值高息,9095,6835,2260,元大證券,2024-06-12,9800
2451,創見,2126,131,1995,元大證券,2024-06-12,9800
00931B,統一美債20年,2810,945,1865,元大證券,2024-06-12,9800
00631L,元大台灣50正2,1962,283,1679,元大證券,2024-06-12,9800
00669R,國泰美國道瓊反1,1668,21,1647,元大證券,2024-06-12,9800
00885,富邦越南,1885,241,1644,元大證券,2024-06-12,9800
5876,上海商銀,1594,79,1515,元大證券,2024-06-12,9800
2313,華通,1902,497,1405,元大證券,2024-06-12,9800
00772B,中信高評級公司債,2395,1059,1336,元大證券,2024-06-12,9800
00927,群益半導體收益,2097,770,1327,元大證券,2024-06-12,9800
0050,元大台灣50,1968,695,1273,元大證券,2024-06-12,9800
00923,群益台ESG低碳50,1943,678,1265,元大證券,2024-06-12,9800
00876,元大全球5G,1230,10,1220,元大證券,2024-06-12,9800
00642U,期元大S＆P石油,1121,44,1077,元大證券,2024-06-12,9800
00655L,國泰中國A50正2,1727,668,1059,元大證券,2024-06-12,9800
00676R,富邦臺灣加權反1,2884,1881,1003,元大證券,2024-06-12,9800
00939,統一台灣高息動能,5384,4394,990,元大證券,2024-06-12,9800
2892,第一金,1082,94,988,元大證券,2024-06-12,9800
00896,中信綠能及電動車,1091,167,924,元大證券,2024-06-12,9800
2211,長榮鋼,1085,164,921,元大證券,2024-06-12,9800
00751B,元大AAA至A公司債,2221,1323,898,元大證券,2024-06-12,9800
2886,兆豐金,924,102,822,元大證券,2024-06-12,9800
00943,兆豐電子高息等權,795,12,783,元大證券,2024-06-12,9800
00900,富邦特選高股息30,1551,784,767,元大證券,2024-06-12,9800
00888,永豐台灣ESG,941,185,756,元大證券,2024-06-12,9800
00922,國泰台灣領袖50,875,162,713,元大證券,2024-06-12,9800
2317,鴻海,2598,1897,701,元大證券,2024-06-12,9800
00941,中信上游半導體,1901,1224,677,元大證券,2024-06-12,9800
00753L,中信中國50正2,2586,1928,658,元大證券,2024-06-12,9800
2884,玉山金,749,102,647,元大證券,2024-06-12,9800
00904,新光臺灣半導體30,923,313,610,元大證券,2024-06-12,9800
00773B,中信優先金融債,1034,439,595,元大證券,2024-06-12,9800
00850,元大臺灣ESG永續,638,51,587,元大證券,2024-06-12,9800
8069,元太,1157,604,553,元大證券,2024-06-12,9800
00932,兆豐永續高息等權,725,172,553,元大證券,2024-06-12,9800
00903,富邦元宇宙,555,7,548,元大證券,2024-06-12,9800
2890,永豐金,744,207,537,元大證券,2024-06-12,9800
00891,中信關鍵半導體,2610,2074,536,元大證券,2024-06-12,9800
00680L,元大美債20正2,18059,619,17440,元大證券,2024-06-13,9800
00688L,國泰20年美債正2,16720,112,16608,元大證券,2024-06-13,9800
6005,群益證,9112,685,8427,元大證券,2024-06-13,9800
00940,元大台灣價值高息,21925,15263,6662,元大證券,2024-06-13,9800
00946,群益科技高息成長,16959,12626,4333,元大證券,2024-06-13,9800
2891,中信金,4673,736,3937,元大證券,2024-06-13,9800
00715L,期街口布蘭特正2,4179,464,3715,元大證券,2024-06-13,9800
00931B,統一美債20年,4519,994,3525,元大證券,2024-06-13,9800
00878,國泰永續高股息,9117,5902,3215,元大證券,2024-06-13,9800
00900,富邦特選高股息30,4459,1416,3043,元大證券,2024-06-13,9800
00941,中信上游半導體,4088,1063,3025,元大證券,2024-06-13,9800
00932,兆豐永續高息等權,3031,378,2653,元大證券,2024-06-13,9800
00676R,富邦臺灣加權反1,7437,4788,2649,元大證券,2024-06-13,9800
00662,富邦NASDAQ,3156,552,2604,元大證券,2024-06-13,9800
00772B,中信高評級公司債,3755,1174,2581,元大證券,2024-06-13,9800
2303,聯電,5882,3876,2006,元大證券,2024-06-13,9800
00720B,元大投資級公司債,3612,1617,1995,元大證券,2024-06-13,9800
00929,復華台灣科技優息,10563,8577,1986,元大證券,2024-06-13,9800
00857B,永豐20年美公債,2561,796,1765,元大證券,2024-06-13,9800
00939,統一台灣高息動能,6302,4591,1711,元大證券,2024-06-13,9800
00937B,群益ESG投等債20,17756,16078,1678,元大證券,2024-06-13,9800
00752,中信中國50,2120,540,1580,元大證券,2024-06-13,9800
2882,國泰金,2138,569,1569,元大證券,2024-06-13,9800
2890,永豐金,2603,1139,1464,元大證券,2024-06-13,9800
00713,元大台灣高息低波,2215,856,1359,元大證券,2024-06-13,9800
00943,兆豐電子高息等權,1500,251,1249,元大證券,2024-06-13,9800
1513,中興電,2069,906,1163,元大證券,2024-06-13,9800
2603,長榮,3461,2341,1120,元大證券,2024-06-13,9800
00944,野村趨勢動能高息,3043,1970,1073,元大證券,2024-06-13,9800
00669R,國泰美國道瓊反1,930,42,888,元大證券,2024-06-13,9800
2609,陽明,8267,7425,842,元大證券,2024-06-13,9800
00885,富邦越南,1290,522,768,元大證券,2024-06-13,9800
2382,廣達,1887,1156,731,元大證券,2024-06-13,9800
00773B,中信優先金融債,1190,481,709,元大證券,2024-06-13,9800
1301,台塑,916,208,708,元大證券,2024-06-13,9800
00634R,富邦上証反1,687,0,687,元大證券,2024-06-13,9800
2542,興富發,860,220,640,元大證券,2024-06-13,9800
00795B,中信美國公債20年,3155,2533,622,元大證券,2024-06-13,9800
3376,新日興,1173,551,622,元大證券,2024-06-13,9800
00642U,期元大S＆P石油,619,5,614,元大證券,2024-06-13,9800
00903,富邦元宇宙,653,70,583,元大證券,2024-06-13,9800
00945B,凱基美國非投等債,1649,1106,543,元大證券,2024-06-13,9800
1785,光洋科,4355,3858,497,元大證券,2024-06-13,9800
00701,國泰股利精選30,479,1,478,元大證券,2024-06-13,9800
2885,元大金,634,168,466,元大證券,2024-06-13,9800
00892,富邦台灣半導體,852,387,465,元大證券,2024-06-13,9800
00877,復華中國5G,871,412,459,元大證券,2024-06-13,9800
2449,京元電子,1257,819,438,元大證券,2024-06-13,9800
00896,中信綠能及電動車,947,532,415,元大證券,2024-06-13,9800
00651R,復華香港反1,501,107,394,元大證券,2024-06-13,9800
00680L,元大美債20正2,23446,4924,18522,元大證券,2024-06-14,9800
00687B,國泰20年美債,20023,13932,6091,元大證券,2024-06-14,9800
00940,元大台灣價值高息,11747,6371,5376,元大證券,2024-06-14,9800
00688L,國泰20年美債正2,14469,9251,5218,元大證券,2024-06-14,9800
00795B,中信美國公債20年,6080,1346,4734,元大證券,2024-06-14,9800
00637L,元大滬深300正2,17450,13235,4215,元大證券,2024-06-14,9800
00679B,元大美債20年,19348,15273,4075,元大證券,2024-06-14,9800
00857B,永豐20年美公債,5592,1532,4060,元大證券,2024-06-14,9800
00931B,統一美債20年,6043,2164,3879,元大證券,2024-06-14,9800
00772B,中信高評級公司債,4721,933,3788,元大證券,2024-06-14,9800
00941,中信上游半導體,3347,18,3329,元大證券,2024-06-14,9800
00671R,富邦NASDAQ反1,3291,28,3263,元大證券,2024-06-14,9800
2888,新光金,3471,525,2946,元大證券,2024-06-14,9800
00715L,期街口布蘭特正2,3260,471,2789,元大證券,2024-06-14,9800
00939,統一台灣高息動能,5532,2879,2653,元大證券,2024-06-14,9800
00946,群益科技高息成長,8236,5806,2430,元大證券,2024-06-14,9800
2615,萬海,5450,3533,1917,元大證券,2024-06-14,9800
00720B,元大投資級公司債,3252,1588,1664,元大證券,2024-06-14,9800
00773B,中信優先金融債,1755,226,1529,元大證券,2024-06-14,9800
00885,富邦越南,1396,6,1390,元大證券,2024-06-14,9800
00752,中信中國50,1636,316,1320,元大證券,2024-06-14,9800
2105,正新,1285,73,1212,元大證券,2024-06-14,9800
00877,復華中國5G,1622,433,1189,元大證券,2024-06-14,9800
00676R,富邦臺灣加權反1,2776,1640,1136,元大證券,2024-06-14,9800
00665L,富邦�琤肭磪囓�2,7833,6719,1114,元大證券,2024-06-14,9800
2618,長榮航,2394,1388,1006,元大證券,2024-06-14,9800
2609,陽明,7784,6818,966,元大證券,2024-06-14,9800
00891,中信關鍵半導體,2133,1174,959,元大證券,2024-06-14,9800
00696B,富邦美債20年,2796,1846,950,元大證券,2024-06-14,9800
2382,廣達,1814,868,946,元大證券,2024-06-14,9800
1513,中興電,4146,3247,899,元大證券,2024-06-14,9800
3481,群創,1803,958,845,元大證券,2024-06-14,9800
2412,中華電,1096,264,832,元大證券,2024-06-14,9800
4562,穎漢,2067,1235,832,元大證券,2024-06-14,9800
1514,亞力,2830,2019,811,元大證券,2024-06-14,9800
00900,富邦特選高股息30,1310,560,750,元大證券,2024-06-14,9800
00932,兆豐永續高息等權,899,152,747,元大證券,2024-06-14,9800
00646,元大S＆P500,917,197,720,元大證券,2024-06-14,9800
00764B,群益25年美債,1673,955,718,元大證券,2024-06-14,9800
0056,元大高股息,695,23,672,元大證券,2024-06-14,9800
2312,金寶,3955,3332,623,元大證券,2024-06-14,9800
00915,凱基優選高股息30,2971,2366,605,元大證券,2024-06-14,9800
5347,世界,1759,1171,588,元大證券,2024-06-14,9800
00642U,期元大S＆P石油,625,64,561,元大證券,2024-06-14,9800
2603,長榮,2140,1580,560,元大證券,2024-06-14,9800
00645,富邦日本,556,41,515,元大證券,2024-06-14,9800
00722B,群益投資級電信債,882,369,513,元大證券,2024-06-14,9800
00733,富邦臺灣中小,698,188,510,元大證券,2024-06-14,9800
2330,台積電,1034,543,491,元大證券,2024-06-14,9800
2371,大同,8466,8018,448,元大證券,2024-06-14,9800
00940,元大台灣價值高息,18509,11189,7320,元大證券,2024-06-17,9800
00720B,元大投資級公司債,6891,2397,4494,元大證券,2024-06-17,9800
2317,鴻海,5254,925,4329,元大證券,2024-06-17,9800
00772B,中信高評級公司債,5584,1679,3905,元大證券,2024-06-17,9800
00939,統一台灣高息動能,8105,4535,3570,元大證券,2024-06-17,9800
0056,元大高股息,3155,254,2901,元大證券,2024-06-17,9800
00664R,國泰臺灣加權反1,2599,773,1826,元大證券,2024-06-17,9800
0050,元大台灣50,2438,653,1785,元大證券,2024-06-17,9800
00646,元大S＆P500,1857,134,1723,元大證券,2024-06-17,9800
2880,華南金,1812,94,1718,元大證券,2024-06-17,9800
00764B,群益25年美債,3019,1422,1597,元大證券,2024-06-17,9800
00885,富邦越南,2645,1204,1441,元大證券,2024-06-17,9800
00929,復華台灣科技優息,8905,7511,1394,元大證券,2024-06-17,9800
4562,穎漢,2971,1627,1344,元大證券,2024-06-17,9800
00669R,國泰美國道瓊反1,1851,545,1306,元大證券,2024-06-17,9800
00795B,中信美國公債20年,2661,1408,1253,元大證券,2024-06-17,9800
00665L,富邦�琤肭磪囓�2,16937,15822,1115,元大證券,2024-06-17,9800
00941,中信上游半導體,1154,281,873,元大證券,2024-06-17,9800
6770,力積電,5387,4626,761,元大證券,2024-06-17,9800
00944,野村趨勢動能高息,1640,919,721,元大證券,2024-06-17,9800
00686R,群益臺灣加權反1,1248,634,614,元大證券,2024-06-17,9800
8085,福華,2289,1741,548,元大證券,2024-06-17,9800
00932,兆豐永續高息等權,769,236,533,元大證券,2024-06-17,9800
912000,晨訊科-DR,522,0,522,元大證券,2024-06-17,9800
2408,南亞科,940,444,496,元大證券,2024-06-17,9800
5880,合庫金,511,23,488,元大證券,2024-06-17,9800
00902,中信電池及儲能,952,479,473,元大證券,2024-06-17,9800
00722B,群益投資級電信債,912,455,457,元大證券,2024-06-17,9800
00670L,富邦NASDAQ正2,410,5,405,元大證券,2024-06-17,9800
9933,中鼎,478,73,405,元大證券,2024-06-17,9800
2451,創見,406,28,378,元大證券,2024-06-17,9800
00706L,期元大S＆P日圓正2,688,318,370,元大證券,2024-06-17,9800
00945B,凱基美國非投等債,1152,783,369,元大證券,2024-06-17,9800
00934,中信成長高股息,935,571,364,元大證券,2024-06-17,9800
00680L,元大美債20正2,5448,5085,363,元大證券,2024-06-17,9800
00724B,群益投資級金融債,1216,856,360,元大證券,2024-06-17,9800
00674R,期元大S＆P黃金反1,483,128,355,元大證券,2024-06-17,9800
5490,同亨,611,279,332,元大證券,2024-06-17,9800
6451,訊芯-KY,334,15,319,元大證券,2024-06-17,9800
00708L,期元大S＆P黃金正2,488,172,316,元大證券,2024-06-17,9800
00920,富邦ESG綠色電力,333,20,313,元大證券,2024-06-17,9800
5871,中租-KY,643,338,305,元大證券,2024-06-17,9800
8112,至上,334,60,274,元大證券,2024-06-17,9800
00639,富邦深100,301,34,267,元大證券,2024-06-17,9800
2855,統一證,262,11,251,元大證券,2024-06-17,9800
00633L,富邦上証正2,1404,1162,242,元大證券,2024-06-17,9800
2393,億光,265,30,235,元大證券,2024-06-17,9800
00636,國泰中國A50,514,282,232,元大證券,2024-06-17,9800
2885,元大金,501,278,223,元大證券,2024-06-17,9800
2206,三陽工業,348,130,218,元大證券,2024-06-17,9800
00940,元大台灣價值高息,23787,7490,16297,元大證券,2024-06-18,9800
00715L,期街口布蘭特正2,10225,786,9439,元大證券,2024-06-18,9800
2344,華邦電,11922,4436,7486,元大證券,2024-06-18,9800
00632R,元大台灣50反1,48560,41907,6653,元大證券,2024-06-18,9800
00919,群益台灣精選高息,12090,6012,6078,元大證券,2024-06-18,9800
00939,統一台灣高息動能,7878,1816,6062,元大證券,2024-06-18,9800
00942B,台新美A公司債20+,8790,2977,5813,元大證券,2024-06-18,9800
2317,鴻海,5714,1280,4434,元大證券,2024-06-18,9800
00882,中信中國高股息,4035,383,3652,元大證券,2024-06-18,9800
00878,國泰永續高股息,5282,1836,3446,元大證券,2024-06-18,9800
00680L,元大美債20正2,7466,4674,2792,元大證券,2024-06-18,9800
00664R,國泰臺灣加權反1,3754,1039,2715,元大證券,2024-06-18,9800
00646,元大S＆P500,2655,10,2645,元大證券,2024-06-18,9800
00932,兆豐永續高息等權,2679,161,2518,元大證券,2024-06-18,9800
00764B,群益25年美債,3394,897,2497,元大證券,2024-06-18,9800
2888,新光金,4746,2709,2037,元大證券,2024-06-18,9800
00671R,富邦NASDAQ反1,2892,1031,1861,元大證券,2024-06-18,9800
00642U,期元大S＆P石油,1820,2,1818,元大證券,2024-06-18,9800
00934,中信成長高股息,2652,945,1707,元大證券,2024-06-18,9800
00772B,中信高評級公司債,3577,1915,1662,元大證券,2024-06-18,9800
00891,中信關鍵半導體,2371,805,1566,元大證券,2024-06-18,9800
00888,永豐台灣ESG,1871,330,1541,元大證券,2024-06-18,9800
00921,兆豐龍頭等權重,2081,625,1456,元大證券,2024-06-18,9800
2809,京城銀,1949,496,1453,元大證券,2024-06-18,9800
2504,國產,2499,1073,1426,元大證券,2024-06-18,9800
00857B,永豐20年美公債,1818,431,1387,元大證券,2024-06-18,9800
00830,國泰費城半導體,2188,811,1377,元大證券,2024-06-18,9800
00931B,統一美債20年,4023,2671,1352,元大證券,2024-06-18,9800
00927,群益半導體收益,1307,4,1303,元大證券,2024-06-18,9800
00922,國泰台灣領袖50,1322,258,1064,元大證券,2024-06-18,9800
0050,元大台灣50,1422,369,1053,元大證券,2024-06-18,9800
00881,國泰台灣5G+,1785,759,1026,元大證券,2024-06-18,9800
00923,群益台ESG低碳50,1419,448,971,元大證券,2024-06-18,9800
00900,富邦特選高股息30,2295,1376,919,元大證券,2024-06-18,9800
00850,元大臺灣ESG永續,898,61,837,元大證券,2024-06-18,9800
2313,華通,1436,616,820,元大證券,2024-06-18,9800
2883,凱基金,2611,1811,800,元大證券,2024-06-18,9800
00948B,中信優息投資級債,2207,1411,796,元大證券,2024-06-18,9800
00795B,中信美國公債20年,2321,1526,795,元大證券,2024-06-18,9800
2882,國泰金,1215,424,791,元大證券,2024-06-18,9800
3450,聯鈞,3481,2713,768,元大證券,2024-06-18,9800
00701,國泰股利精選30,739,2,737,元大證券,2024-06-18,9800
0056,元大高股息,753,18,735,元大證券,2024-06-18,9800
00885,富邦越南,1330,596,734,元大證券,2024-06-18,9800
00692,富邦公司治理,844,129,715,元大證券,2024-06-18,9800
006208,富邦台50,848,185,663,元大證券,2024-06-18,9800
00669R,國泰美國道瓊反1,1495,863,632,元大證券,2024-06-18,9800
00941,中信上游半導體,862,235,627,元大證券,2024-06-18,9800
5457,宣德,711,121,590,元大證券,2024-06-18,9800
2618,長榮航,8870,8292,578,元大證券,2024-06-18,9800
00939,統一台灣高息動能,13036,6034,7002,元大證券,2024-06-19,9800
2891,中信金,8007,1973,6034,元大證券,2024-06-19,9800
00715L,期街口布蘭特正2,5785,1,5784,元大證券,2024-06-19,9800
00764B,群益25年美債,5342,526,4816,元大證券,2024-06-19,9800
00937B,群益ESG投等債20,19420,14852,4568,元大證券,2024-06-19,9800
00882,中信中國高股息,4562,379,4183,元大證券,2024-06-19,9800
00642U,期元大S＆P石油,4150,0,4150,元大證券,2024-06-19,9800
00772B,中信高評級公司債,5043,992,4051,元大證券,2024-06-19,9800
00878,國泰永續高股息,7126,3255,3871,元大證券,2024-06-19,9800
00720B,元大投資級公司債,4697,842,3855,元大證券,2024-06-19,9800
00650L,復華香港正2,8845,5157,3688,元大證券,2024-06-19,9800
00637L,元大滬深300正2,12914,9299,3615,元大證券,2024-06-19,9800
2884,玉山金,3874,781,3093,元大證券,2024-06-19,9800
00918,大華優利高填息30,6648,3647,3001,元大證券,2024-06-19,9800
0056,元大高股息,2969,43,2926,元大證券,2024-06-19,9800
00857B,永豐20年美公債,2814,414,2400,元大證券,2024-06-19,9800
5880,合庫金,2183,58,2125,元大證券,2024-06-19,9800
00919,群益台灣精選高息,15301,13186,2115,元大證券,2024-06-19,9800
00680L,元大美債20正2,4003,1971,2032,元大證券,2024-06-19,9800
2330,台積電,3143,1204,1939,元大證券,2024-06-19,9800
2881,富邦金,1936,184,1752,元大證券,2024-06-19,9800
2801,彰銀,1852,161,1691,元大證券,2024-06-19,9800
00795B,中信美國公債20年,2172,498,1674,元大證券,2024-06-19,9800
2618,長榮航,8935,7294,1641,元大證券,2024-06-19,9800
00934,中信成長高股息,2605,1041,1564,元大證券,2024-06-19,9800
00931B,統一美債20年,2182,663,1519,元大證券,2024-06-19,9800
00941,中信上游半導體,1509,13,1496,元大證券,2024-06-19,9800
2382,廣達,5348,3877,1471,元大證券,2024-06-19,9800
2206,三陽工業,1977,632,1345,元大證券,2024-06-19,9800
2317,鴻海,9916,8582,1334,元大證券,2024-06-19,9800
00636,國泰中國A50,1529,225,1304,元大證券,2024-06-19,9800
00896,中信綠能及電動車,2000,768,1232,元大證券,2024-06-19,9800
1815,富喬,5404,4190,1214,元大證券,2024-06-19,9800
2303,聯電,2110,899,1211,元大證券,2024-06-19,9800
2886,兆豐金,1460,271,1189,元大證券,2024-06-19,9800
2892,第一金,1372,196,1176,元大證券,2024-06-19,9800
00688L,國泰20年美債正2,6397,5230,1167,元大證券,2024-06-19,9800
5388,中磊,1412,279,1133,元大證券,2024-06-19,9800
5871,中租-KY,1359,235,1124,元大證券,2024-06-19,9800
00888,永豐台灣ESG,1299,212,1087,元大證券,2024-06-19,9800
00940,元大台灣價值高息,12136,11093,1043,元大證券,2024-06-19,9800
00946,群益科技高息成長,6150,5108,1042,元大證券,2024-06-19,9800
00892,富邦台灣半導體,1624,591,1033,元大證券,2024-06-19,9800
2006,東和鋼鐵,1088,103,985,元大證券,2024-06-19,9800
00773B,中信優先金融債,1223,242,981,元大證券,2024-06-19,9800
3163,波若威,3404,2469,935,元大證券,2024-06-19,9800
00725B,國泰投資級公司債,1079,154,925,元大證券,2024-06-19,9800
2882,國泰金,1658,735,923,元大證券,2024-06-19,9800
00924,復華S＆P500成長,969,70,899,元大證券,2024-06-19,9800
1605,華新,1061,217,844,元大證券,2024-06-19,9800
2317,鴻海,13479,2766,10713,元大證券,2024-06-20,9800
2880,華南金,5463,634,4829,元大證券,2024-06-20,9800
2891,中信金,5091,329,4762,元大證券,2024-06-20,9800
00939,統一台灣高息動能,5781,1755,4026,元大證券,2024-06-20,9800
00720B,元大投資級公司債,5012,1407,3605,元大證券,2024-06-20,9800
00941,中信上游半導體,3588,73,3515,元大證券,2024-06-20,9800
00715L,期街口布蘭特正2,3932,786,3146,元大證券,2024-06-20,9800
00830,國泰費城半導體,4401,1734,2667,元大證券,2024-06-20,9800
1102,亞泥,2568,108,2460,元大證券,2024-06-20,9800
2330,台積電,2920,462,2458,元大證券,2024-06-20,9800
2882,國泰金,2441,507,1934,元大證券,2024-06-20,9800
00946,群益科技高息成長,5808,3890,1918,元大證券,2024-06-20,9800
3062,建漢,5097,3223,1874,元大證券,2024-06-20,9800
2354,鴻準,4001,2128,1873,元大證券,2024-06-20,9800
2303,聯電,3413,1664,1749,元大證券,2024-06-20,9800
2881,富邦金,1734,89,1645,元大證券,2024-06-20,9800
2393,億光,1767,138,1629,元大證券,2024-06-20,9800
2888,新光金,2483,863,1620,元大證券,2024-06-20,9800
00885,富邦越南,1812,209,1603,元大證券,2024-06-20,9800
00881,國泰台灣5G+,3090,1578,1512,元大證券,2024-06-20,9800
00900,富邦特選高股息30,2270,862,1408,元大證券,2024-06-20,9800
00915,凱基優選高股息30,3898,2535,1363,元大證券,2024-06-20,9800
00665L,富邦�琤肭磪囓�2,10501,9182,1319,元大證券,2024-06-20,9800
00922,國泰台灣領袖50,1375,285,1090,元大證券,2024-06-20,9800
9933,中鼎,1199,111,1088,元大證券,2024-06-20,9800
0050,元大台灣50,1460,415,1045,元大證券,2024-06-20,9800
00772B,中信高評級公司債,2316,1274,1042,元大證券,2024-06-20,9800
00935,野村臺灣新科技50,1100,73,1027,元大證券,2024-06-20,9800
2006,東和鋼鐵,1032,9,1023,元大證券,2024-06-20,9800
00664R,國泰臺灣加權反1,2084,1075,1009,元大證券,2024-06-20,9800
2408,南亞科,3947,2955,992,元大證券,2024-06-20,9800
00892,富邦台灣半導體,1407,416,991,元大證券,2024-06-20,9800
2313,華通,3235,2251,984,元大證券,2024-06-20,9800
2886,兆豐金,930,49,881,元大證券,2024-06-20,9800
3481,群創,2571,1693,878,元大證券,2024-06-20,9800
2884,玉山金,968,96,872,元大證券,2024-06-20,9800
2855,統一證,1050,186,864,元大證券,2024-06-20,9800
00888,永豐台灣ESG,1334,502,832,元大證券,2024-06-20,9800
00929,復華台灣科技優息,9975,9201,774,元大證券,2024-06-20,9800
2027,大成鋼,779,27,752,元大證券,2024-06-20,9800
2867,三商壽,770,21,749,元大證券,2024-06-20,9800
2458,義隆,742,8,734,元大證券,2024-06-20,9800
00923,群益台ESG低碳50,1319,589,730,元大證券,2024-06-20,9800
00669R,國泰美國道瓊反1,726,0,726,元大證券,2024-06-20,9800
2887,台新金,867,147,720,元大證券,2024-06-20,9800
2883,凱基金,1711,997,714,元大證券,2024-06-20,9800
2892,第一金,835,134,701,元大證券,2024-06-20,9800
2615,萬海,3663,2986,677,元大證券,2024-06-20,9800
5880,合庫金,717,49,668,元大證券,2024-06-20,9800
2890,永豐金,909,263,646,元大證券,2024-06-20,9800
3481,群創,40853,28975,11878,元大證券,2024-06-21,9800
1402,遠東新,9889,319,9570,元大證券,2024-06-21,9800
00680L,元大美債20正2,8016,588,7428,元大證券,2024-06-21,9800
00650L,復華香港正2,10949,3799,7150,元大證券,2024-06-21,9800
1102,亞泥,5983,631,5352,元大證券,2024-06-21,9800
2855,統一證,5850,521,5329,元大證券,2024-06-21,9800
00662,富邦NASDAQ,5278,310,4968,元大證券,2024-06-21,9800
2880,華南金,5464,552,4912,元大證券,2024-06-21,9800
2002,中鋼,10695,6291,4404,元大證券,2024-06-21,9800
4919,新唐,3974,65,3909,元大證券,2024-06-21,9800
2344,華邦電,3840,625,3215,元大證券,2024-06-21,9800
00878,國泰永續高股息,6764,3854,2910,元大證券,2024-06-21,9800
00686R,群益臺灣加權反1,2449,47,2402,元大證券,2024-06-21,9800
2891,中信金,4286,1955,2331,元大證券,2024-06-21,9800
00830,國泰費城半導體,3202,1080,2122,元大證券,2024-06-21,9800
2393,億光,2074,98,1976,元大證券,2024-06-21,9800
3702,大聯大,1936,98,1838,元大證券,2024-06-21,9800
00646,元大S＆P500,2637,870,1767,元大證券,2024-06-21,9800
00941,中信上游半導體,1772,184,1588,元大證券,2024-06-21,9800
00715L,期街口布蘭特正2,2097,574,1523,元大證券,2024-06-21,9800
00900,富邦特選高股息30,1595,93,1502,元大證券,2024-06-21,9800
00947,台新臺灣IC設計,7229,5729,1500,元大證券,2024-06-21,9800
3532,台勝科,1551,66,1485,元大證券,2024-06-21,9800
00939,統一台灣高息動能,5419,3987,1432,元大證券,2024-06-21,9800
2504,國產,1480,69,1411,元大證券,2024-06-21,9800
2006,東和鋼鐵,1431,71,1360,元大證券,2024-06-21,9800
9933,中鼎,1438,119,1319,元大證券,2024-06-21,9800
00881,國泰台灣5G+,3500,2250,1250,元大證券,2024-06-21,9800
00876,元大全球5G,1211,35,1176,元大證券,2024-06-21,9800
2618,長榮航,5394,4258,1136,元大證券,2024-06-21,9800
00861,元大全球未來通訊,1183,52,1131,元大證券,2024-06-21,9800
00795B,中信美國公債20年,1349,249,1100,元大證券,2024-06-21,9800
5347,世界,1709,676,1033,元大證券,2024-06-21,9800
2317,鴻海,4470,3463,1007,元大證券,2024-06-21,9800
9941,裕融,1144,153,991,元大證券,2024-06-21,9800
0056,元大高股息,1307,326,981,元大證券,2024-06-21,9800
2356,英業達,1754,821,933,元大證券,2024-06-21,9800
00944,野村趨勢動能高息,2032,1128,904,元大證券,2024-06-21,9800
6269,台郡,1089,234,855,元大證券,2024-06-21,9800
00757,統一FANG+,1087,241,846,元大證券,2024-06-21,9800
00636,國泰中國A50,867,86,781,元大證券,2024-06-21,9800
00642U,期元大S＆P石油,876,106,770,元大證券,2024-06-21,9800
00915,凱基優選高股息30,3729,2970,759,元大證券,2024-06-21,9800
2609,陽明,8136,7390,746,元大證券,2024-06-21,9800
00877,復華中國5G,862,162,700,元大證券,2024-06-21,9800
00674R,期元大S＆P黃金反1,716,44,672,元大證券,2024-06-21,9800
00701,國泰股利精選30,593,1,592,元大證券,2024-06-21,9800
00929,復華台灣科技優息,8174,7595,579,元大證券,2024-06-21,9800
00935,野村臺灣新科技50,1505,929,576,元大證券,2024-06-21,9800
8358,金居,769,197,572,元大證券,2024-06-21,9800
00632R,元大台灣50反1,174810,91175,83635,元大證券,2024-06-24,9800
1102,亞泥,14524,602,13922,元大證券,2024-06-24,9800
00664R,國泰臺灣加權反1,9486,1314,8172,元大證券,2024-06-24,9800
00637L,元大滬深300正2,17200,10161,7039,元大證券,2024-06-24,9800
1319,東陽,6128,296,5832,元大證券,2024-06-24,9800
2855,統一證,5455,308,5147,元大證券,2024-06-24,9800
00676R,富邦臺灣加權反1,9136,4219,4917,元大證券,2024-06-24,9800
00940,元大台灣價值高息,21626,16799,4827,元大證券,2024-06-24,9800
2303,聯電,7723,3064,4659,元大證券,2024-06-24,9800
2888,新光金,5328,1506,3822,元大證券,2024-06-24,9800
00941,中信上游半導體,3696,122,3574,元大證券,2024-06-24,9800
2354,鴻準,3685,585,3100,元大證券,2024-06-24,9800
9941,裕融,3007,221,2786,元大證券,2024-06-24,9800
00830,國泰費城半導體,6995,4423,2572,元大證券,2024-06-24,9800
00662,富邦NASDAQ,2387,48,2339,元大證券,2024-06-24,9800
00939,統一台灣高息動能,6943,4829,2114,元大證券,2024-06-24,9800
2393,億光,2037,60,1977,元大證券,2024-06-24,9800
00795B,中信美國公債20年,2808,940,1868,元大證券,2024-06-24,9800
2027,大成鋼,1865,57,1808,元大證券,2024-06-24,9800
3231,緯創,3821,2052,1769,元大證券,2024-06-24,9800
00633L,富邦上証正2,2584,1035,1549,元大證券,2024-06-24,9800
2206,三陽工業,1474,69,1405,元大證券,2024-06-24,9800
00900,富邦特選高股息30,3392,2047,1345,元大證券,2024-06-24,9800
2356,英業達,2662,1350,1312,元大證券,2024-06-24,9800
2801,彰銀,1885,599,1286,元大證券,2024-06-24,9800
9933,中鼎,1407,134,1273,元大證券,2024-06-24,9800
00772B,中信高評級公司債,2245,985,1260,元大證券,2024-06-24,9800
00686R,群益臺灣加權反1,1554,352,1202,元大證券,2024-06-24,9800
5347,世界,2189,1012,1177,元大證券,2024-06-24,9800
00670L,富邦NASDAQ正2,1214,58,1156,元大證券,2024-06-24,9800
00643,群益深証中小,1628,504,1124,元大證券,2024-06-24,9800
00893,國泰智能電動車,1097,15,1082,元大證券,2024-06-24,9800
00655L,國泰中國A50正2,2245,1190,1055,元大證券,2024-06-24,9800
2324,仁寶,1531,486,1045,元大證券,2024-06-24,9800
5388,中磊,1217,196,1021,元大證券,2024-06-24,9800
2313,華通,2211,1223,988,元大證券,2024-06-24,9800
2634,漢翔,1105,134,971,元大證券,2024-06-24,9800
00902,中信電池及儲能,1096,161,935,元大證券,2024-06-24,9800
00725B,國泰投資級公司債,1209,278,931,元大證券,2024-06-24,9800
3703,欣陸,891,24,867,元大證券,2024-06-24,9800
2006,東和鋼鐵,835,13,822,元大證券,2024-06-24,9800
00715L,期街口布蘭特正2,1355,542,813,元大證券,2024-06-24,9800
00752,中信中國50,1123,358,765,元大證券,2024-06-24,9800
00943,兆豐電子高息等權,1591,839,752,元大證券,2024-06-24,9800
3062,建漢,12311,11562,749,元大證券,2024-06-24,9800
00724B,群益投資級金融債,1329,604,725,元大證券,2024-06-24,9800
3580,友威科,1071,363,708,元大證券,2024-06-24,9800
3036,文曄,1616,929,687,元大證券,2024-06-24,9800
00642U,期元大S＆P石油,686,12,674,元大證券,2024-06-24,9800
3044,健鼎,754,110,644,元大證券,2024-06-24,9800
00632R,元大台灣50反1,94362,37170,57192,元大證券,2024-06-25,9800
2880,華南金,14315,489,13826,元大證券,2024-06-25,9800
1402,遠東新,10789,341,10448,元大證券,2024-06-25,9800
2354,鴻準,9533,1258,8275,元大證券,2024-06-25,9800
1605,華新,7871,1071,6800,元大證券,2024-06-25,9800
2890,永豐金,5587,277,5310,元大證券,2024-06-25,9800
9933,中鼎,4378,187,4191,元大證券,2024-06-25,9800
00720B,元大投資級公司債,5153,1485,3668,元大證券,2024-06-25,9800
00688L,國泰20年美債正2,5874,2568,3306,元大證券,2024-06-25,9800
2303,聯電,5052,2138,2914,元大證券,2024-06-25,9800
2105,正新,2879,36,2843,元大證券,2024-06-25,9800
3036,文曄,3463,980,2483,元大證券,2024-06-25,9800
2855,統一證,2611,216,2395,元大證券,2024-06-25,9800
00948B,中信優息投資級債,5030,2655,2375,元大證券,2024-06-25,9800
00900,富邦特選高股息30,2983,712,2271,元大證券,2024-06-25,9800
00892,富邦台灣半導體,2870,609,2261,元大證券,2024-06-25,9800
00753L,中信中國50正2,3006,965,2041,元大證券,2024-06-25,9800
2892,第一金,1770,58,1712,元大證券,2024-06-25,9800
00772B,中信高評級公司債,2808,1292,1516,元大證券,2024-06-25,9800
1102,亞泥,1977,486,1491,元大證券,2024-06-25,9800
2634,漢翔,1555,71,1484,元大證券,2024-06-25,9800
2383,台光電,1570,129,1441,元大證券,2024-06-25,9800
2886,兆豐金,1548,220,1328,元大證券,2024-06-25,9800
00881,國泰台灣5G+,3430,2136,1294,元大證券,2024-06-25,9800
00645,富邦日本,1434,141,1293,元大證券,2024-06-25,9800
00795B,中信美國公債20年,2090,876,1214,元大證券,2024-06-25,9800
00643,群益深証中小,1502,319,1183,元大證券,2024-06-25,9800
00686R,群益臺灣加權反1,1811,720,1091,元大證券,2024-06-25,9800
00671R,富邦NASDAQ反1,1263,190,1073,元大證券,2024-06-25,9800
00923,群益台ESG低碳50,2601,1542,1059,元大證券,2024-06-25,9800
2883,凱基金,3697,2668,1029,元大證券,2024-06-25,9800
00907,永豐優息存股,1918,918,1000,元大證券,2024-06-25,9800
2382,廣達,2335,1346,989,元大證券,2024-06-25,9800
2409,友達,7704,6760,944,元大證券,2024-06-25,9800
00894,中信小資高價30,1838,967,871,元大證券,2024-06-25,9800
00676R,富邦臺灣加權反1,4123,3254,869,元大證券,2024-06-25,9800
00931B,統一美債20年,1310,441,869,元大證券,2024-06-25,9800
2884,玉山金,1007,154,853,元大證券,2024-06-25,9800
00650L,復華香港正2,6910,6066,844,元大證券,2024-06-25,9800
00642U,期元大S＆P石油,833,0,833,元大證券,2024-06-25,9800
00692,富邦公司治理,786,55,731,元大證券,2024-06-25,9800
00893,國泰智能電動車,1277,548,729,元大證券,2024-06-25,9800
2888,新光金,2147,1421,726,元大證券,2024-06-25,9800
00724B,群益投資級金融債,1768,1052,716,元大證券,2024-06-25,9800
00715L,期街口布蘭特正2,1121,436,685,元大證券,2024-06-25,9800
2393,億光,745,60,685,元大證券,2024-06-25,9800
00722B,群益投資級電信債,1014,335,679,元大證券,2024-06-25,9800
00757,統一FANG+,829,182,647,元大證券,2024-06-25,9800
2885,元大金,971,336,635,元大證券,2024-06-25,9800
2002,中鋼,1098,475,623,元大證券,2024-06-25,9800
00636,國泰中國A50,22035,32,22003,元大證券,2024-06-26,9800
00646,元大S＆P500,7601,360,7241,元大證券,2024-06-26,9800
2880,華南金,6851,121,6730,元大證券,2024-06-26,9800
00752,中信中國50,8227,2113,6114,元大證券,2024-06-26,9800
00939,統一台灣高息動能,13787,7851,5936,元大證券,2024-06-26,9800
2303,聯電,6661,1436,5225,元大證券,2024-06-26,9800
00940,元大台灣價值高息,21684,16463,5221,元大證券,2024-06-26,9800
00882,中信中國高股息,7150,2037,5113,元大證券,2024-06-26,9800
00830,國泰費城半導體,5924,1269,4655,元大證券,2024-06-26,9800
2885,元大金,4105,106,3999,元大證券,2024-06-26,9800
4919,新唐,3932,266,3666,元大證券,2024-06-26,9800
00934,中信成長高股息,6076,2566,3510,元大證券,2024-06-26,9800
2891,中信金,4219,1218,3001,元大證券,2024-06-26,9800
3231,緯創,2942,486,2456,元大證券,2024-06-26,9800
00929,復華台灣科技優息,9818,7366,2452,元大證券,2024-06-26,9800
3481,群創,17793,15456,2337,元大證券,2024-06-26,9800
00676R,富邦臺灣加權反1,4010,1717,2293,元大證券,2024-06-26,9800
9941,裕融,2068,80,1988,元大證券,2024-06-26,9800
2520,冠德,1957,58,1899,元大證券,2024-06-26,9800
1216,統一,1969,74,1895,元大證券,2024-06-26,9800
00643,群益深証中小,2088,241,1847,元大證券,2024-06-26,9800
00687B,國泰20年美債,9782,8166,1616,元大證券,2024-06-26,9800
00893,國泰智能電動車,2384,797,1587,元大證券,2024-06-26,9800
3532,台勝科,1562,67,1495,元大證券,2024-06-26,9800
2634,漢翔,1549,78,1471,元大證券,2024-06-26,9800
2881,富邦金,1764,332,1432,元大證券,2024-06-26,9800
00665L,富邦�琤肭磪囓�2,7775,6392,1383,元大證券,2024-06-26,9800
1314,中石化,3195,1816,1379,元大證券,2024-06-26,9800
2501,國建,1538,224,1314,元大證券,2024-06-26,9800
2892,第一金,1478,172,1306,元大證券,2024-06-26,9800
00757,統一FANG+,1300,27,1273,元大證券,2024-06-26,9800
00947,台新臺灣IC設計,5177,3949,1228,元大證券,2024-06-26,9800
2354,鴻準,2176,960,1216,元大證券,2024-06-26,9800
2882,國泰金,1399,197,1202,元大證券,2024-06-26,9800
00946,群益科技高息成長,8903,7770,1133,元大證券,2024-06-26,9800
2515,中工,1484,370,1114,元大證券,2024-06-26,9800
00688L,國泰20年美債正2,8078,7046,1032,元大證券,2024-06-26,9800
6285,啟��,1204,201,1003,元大證券,2024-06-26,9800
00650L,復華香港正2,4552,3550,1002,元大證券,2024-06-26,9800
3034,聯詠,1187,191,996,元大證券,2024-06-26,9800
4938,和碩,1958,985,973,元大證券,2024-06-26,9800
5531,鄉林,963,26,937,元大證券,2024-06-26,9800
2353,宏��,1922,998,924,元大證券,2024-06-26,9800
9933,中鼎,977,92,885,元大證券,2024-06-26,9800
00795B,中信美國公債20年,2470,1611,859,元大證券,2024-06-26,9800
6757,台灣虎航,806,0,806,元大證券,2024-06-26,9800
00664R,國泰臺灣加權反1,2535,1749,786,元大證券,2024-06-26,9800
00645,富邦日本,799,28,771,元大證券,2024-06-26,9800
2883,凱基金,1074,310,764,元大證券,2024-06-26,9800
3703,欣陸,725,6,719,元大證券,2024-06-26,9800
00940,元大台灣價值高息,31037,16607,14430,元大證券,2024-06-27,9800
00632R,元大台灣50反1,46106,40583,5523,元大證券,2024-06-27,9800
00636,國泰中國A50,5100,433,4667,元大證券,2024-06-27,9800
2618,長榮航,12785,8400,4385,元大證券,2024-06-27,9800
00878,國泰永續高股息,5715,2322,3393,元大證券,2024-06-27,9800
00643,群益深証中小,3423,428,2995,元大證券,2024-06-27,9800
00881,國泰台灣5G+,4395,1655,2740,元大證券,2024-06-27,9800
00900,富邦特選高股息30,3704,1154,2550,元大證券,2024-06-27,9800
4919,新唐,2524,240,2284,元大證券,2024-06-27,9800
00645,富邦日本,2370,153,2217,元大證券,2024-06-27,9800
00939,統一台灣高息動能,7502,5310,2192,元大證券,2024-06-27,9800
00876,元大全球5G,1844,34,1810,元大證券,2024-06-27,9800
2891,中信金,3794,2157,1637,元大證券,2024-06-27,9800
00637L,元大滬深300正2,12974,11356,1618,元大證券,2024-06-27,9800
3231,緯創,3329,1741,1588,元大證券,2024-06-27,9800
0050,元大台灣50,1650,94,1556,元大證券,2024-06-27,9800
00888,永豐台灣ESG,1701,148,1553,元大證券,2024-06-27,9800
2520,冠德,1653,132,1521,元大證券,2024-06-27,9800
3532,台勝科,1568,60,1508,元大證券,2024-06-27,9800
00673R,期元大S＆P原油反1,1595,105,1490,元大證券,2024-06-27,9800
00633L,富邦上証正2,2804,1349,1455,元大證券,2024-06-27,9800
00893,國泰智能電動車,1427,40,1387,元大證券,2024-06-27,9800
3703,欣陸,1340,174,1166,元大證券,2024-06-27,9800
2634,漢翔,1249,84,1165,元大證券,2024-06-27,9800
00944,野村趨勢動能高息,2594,1516,1078,元大證券,2024-06-27,9800
2881,富邦金,1495,434,1061,元大證券,2024-06-27,9800
00934,中信成長高股息,2331,1440,891,元大證券,2024-06-27,9800
8110,華東,1989,1125,864,元大證券,2024-06-27,9800
5347,世界,1290,427,863,元大證券,2024-06-27,9800
2610,華航,5246,4403,843,元大證券,2024-06-27,9800
00912,中信臺灣智慧50,1125,294,831,元大證券,2024-06-27,9800
00922,國泰台灣領袖50,1088,287,801,元大證券,2024-06-27,9800
00850,元大臺灣ESG永續,791,26,765,元大證券,2024-06-27,9800
3702,大聯大,1035,276,759,元大證券,2024-06-27,9800
00919,群益台灣精選高息,10452,9711,741,元大證券,2024-06-27,9800
00662,富邦NASDAQ,804,132,672,元大證券,2024-06-27,9800
2324,仁寶,1131,470,661,元大證券,2024-06-27,9800
00935,野村臺灣新科技50,1200,556,644,元大證券,2024-06-27,9800
00669R,國泰美國道瓊反1,682,40,642,元大證券,2024-06-27,9800
2845,遠東銀,876,272,604,元大證券,2024-06-27,9800
00877,復華中國5G,880,326,554,元大證券,2024-06-27,9800
00655L,國泰中國A50正2,1360,841,519,元大證券,2024-06-27,9800
00728,第一金工業30,501,9,492,元大證券,2024-06-27,9800
00773B,中信優先金融債,767,277,490,元大證券,2024-06-27,9800
2606,裕民,848,360,488,元大證券,2024-06-27,9800
00923,群益台ESG低碳50,1071,591,480,元大證券,2024-06-27,9800
2884,玉山金,1421,944,477,元大證券,2024-06-27,9800
2609,陽明,1659,1186,473,元大證券,2024-06-27,9800
00943,兆豐電子高息等權,511,38,473,元大證券,2024-06-27,9800
00931B,統一美債20年,3450,2995,455,元大證券,2024-06-27,9800
00940,元大台灣價值高息,26562,9952,16610,元大證券,2024-06-28,9800
00632R,元大台灣50反1,51956,35992,15964,元大證券,2024-06-28,9800
00919,群益台灣精選高息,14553,5278,9275,元大證券,2024-06-28,9800
00939,統一台灣高息動能,8481,4138,4343,元大證券,2024-06-28,9800
2303,聯電,5501,1714,3787,元大證券,2024-06-28,9800
00715L,期街口布蘭特正2,3049,246,2803,元大證券,2024-06-28,9800
00900,富邦特選高股息30,3198,437,2761,元大證券,2024-06-28,9800
00918,大華優利高填息30,3166,840,2326,元大證券,2024-06-28,9800
2891,中信金,3464,1367,2097,元大證券,2024-06-28,9800
00934,中信成長高股息,3607,1596,2011,元大證券,2024-06-28,9800
2344,華邦電,2098,134,1964,元大證券,2024-06-28,9800
2888,新光金,5384,3521,1863,元大證券,2024-06-28,9800
3703,欣陸,1822,108,1714,元大證券,2024-06-28,9800
00882,中信中國高股息,2033,355,1678,元大證券,2024-06-28,9800
2881,富邦金,2022,350,1672,元大證券,2024-06-28,9800
2618,長榮航,5215,3738,1477,元大證券,2024-06-28,9800
2382,廣達,1847,467,1380,元大證券,2024-06-28,9800
00637L,元大滬深300正2,9225,7865,1360,元大證券,2024-06-28,9800
00753L,中信中國50正2,3294,1949,1345,元大證券,2024-06-28,9800
00891,中信關鍵半導體,2066,771,1295,元大證券,2024-06-28,9800
2801,彰銀,1379,109,1270,元大證券,2024-06-28,9800
00923,群益台ESG低碳50,1495,252,1243,元大證券,2024-06-28,9800
2330,台積電,1629,390,1239,元大證券,2024-06-28,9800
8112,至上,1756,675,1081,元大證券,2024-06-28,9800
2886,兆豐金,1157,94,1063,元大證券,2024-06-28,9800
00655L,國泰中國A50正2,1252,194,1058,元大證券,2024-06-28,9800
00642U,期元大S＆P石油,971,0,971,元大證券,2024-06-28,9800
00904,新光臺灣半導體30,1140,185,955,元大證券,2024-06-28,9800
00664R,國泰臺灣加權反1,1644,698,946,元大證券,2024-06-28,9800
0050,元大台灣50,1108,260,848,元大證券,2024-06-28,9800
00638R,元大滬深300反1,853,30,823,元大證券,2024-06-28,9800
00633L,富邦上証正2,2042,1238,804,元大證券,2024-06-28,9800
00881,國泰台灣5G+,1858,1102,756,元大證券,2024-06-28,9800
00888,永豐台灣ESG,1096,366,730,元大證券,2024-06-28,9800
00915,凱基優選高股息30,2987,2260,727,元大證券,2024-06-28,9800
00907,永豐優息存股,1122,424,698,元大證券,2024-06-28,9800
3231,緯創,1034,344,690,元大證券,2024-06-28,9800
00935,野村臺灣新科技50,1160,489,671,元大證券,2024-06-28,9800
00636,國泰中國A50,1242,606,636,元大證券,2024-06-28,9800
00947,台新臺灣IC設計,2503,1874,629,元大證券,2024-06-28,9800
00772B,中信高評級公司債,2624,1997,627,元大證券,2024-06-28,9800
2890,永豐金,848,237,611,元大證券,2024-06-28,9800
00912,中信臺灣智慧50,782,177,605,元大證券,2024-06-28,9800
2883,凱基金,1614,1018,596,元大證券,2024-06-28,9800
2308,台達電,1417,827,590,元大證券,2024-06-28,9800
2520,冠德,655,68,587,元大證券,2024-06-28,9800
3702,大聯大,898,315,583,元大證券,2024-06-28,9800
2884,玉山金,778,222,556,元大證券,2024-06-28,9800
2882,國泰金,895,342,553,元大證券,2024-06-28,9800
2610,華航,2395,1851,544,元大證券,2024-06-28,9800
00949,復華日本龍頭,50428,216,50212,元大證券,2024-07-01,9800
00940,元大台灣價值高息,28962,19452,9510,元大證券,2024-07-01,9800
2618,長榮航,10420,3721,6699,元大證券,2024-07-01,9800
2520,冠德,2853,111,2742,元大證券,2024-07-01,9800
2634,漢翔,2851,120,2731,元大證券,2024-07-01,9800
1402,遠東新,2806,130,2676,元大證券,2024-07-01,9800
00830,國泰費城半導體,2709,43,2666,元大證券,2024-07-01,9800
2303,聯電,5050,2576,2474,元大證券,2024-07-01,9800
00939,統一台灣高息動能,9430,7131,2299,元大證券,2024-07-01,9800
2890,永豐金,2356,292,2064,元大證券,2024-07-01,9800
00632R,元大台灣50反1,19192,17132,2060,元大證券,2024-07-01,9800
2845,遠東銀,1889,9,1880,元大證券,2024-07-01,9800
2886,兆豐金,1893,58,1835,元大證券,2024-07-01,9800
3703,欣陸,1816,98,1718,元大證券,2024-07-01,9800
00888,永豐台灣ESG,2912,1258,1654,元大證券,2024-07-01,9800
2891,中信金,2576,1016,1560,元大證券,2024-07-01,9800
2324,仁寶,1698,325,1373,元大證券,2024-07-01,9800
0050,元大台灣50,1508,234,1274,元大證券,2024-07-01,9800
1102,亞泥,1346,105,1241,元大證券,2024-07-01,9800
1605,華新,1326,174,1152,元大證券,2024-07-01,9800
2888,新光金,6367,5337,1030,元大證券,2024-07-01,9800
2903,遠百,1063,48,1015,元大證券,2024-07-01,9800
2105,正新,1003,59,944,元大證券,2024-07-01,9800
00927,群益半導體收益,1922,1037,885,元大證券,2024-07-01,9800
2317,鴻海,1219,356,863,元大證券,2024-07-01,9800
00645,富邦日本,811,0,811,元大證券,2024-07-01,9800
1303,南亞,818,10,808,元大證券,2024-07-01,9800
2349,錸德,804,3,801,元大證券,2024-07-01,9800
2356,英業達,1098,310,788,元大證券,2024-07-01,9800
3045,台灣大,3914,3137,777,元大證券,2024-07-01,9800
00643,群益深証中小,948,171,777,元大證券,2024-07-01,9800
2353,宏��,1386,616,770,元大證券,2024-07-01,9800
00903,富邦元宇宙,745,0,745,元大證券,2024-07-01,9800
2610,華航,3041,2301,740,元大證券,2024-07-01,9800
00661,元大日經225,700,4,696,元大證券,2024-07-01,9800
2027,大成鋼,764,81,683,元大證券,2024-07-01,9800
3702,大聯大,811,135,676,元大證券,2024-07-01,9800
00902,中信電池及儲能,1049,404,645,元大證券,2024-07-01,9800
2449,京元電子,2322,1693,629,元大證券,2024-07-01,9800
1216,統一,636,21,615,元大證券,2024-07-01,9800
2301,光寶科,2565,1964,601,元大證券,2024-07-01,9800
2365,昆盈,12007,11423,584,元大證券,2024-07-01,9800
2368,金像電,934,362,572,元大證券,2024-07-01,9800
2347,聯強,654,90,564,元大證券,2024-07-01,9800
00752,中信中國50,636,83,553,元大證券,2024-07-01,9800
3231,緯創,1003,453,550,元大證券,2024-07-01,9800
00706L,期元大S＆P日圓正2,2081,1535,546,元大證券,2024-07-01,9800
020038,元大ESG配息N,553,8,545,元大證券,2024-07-01,9800
5871,中租-KY,861,335,526,元大證券,2024-07-01,9800
00669R,國泰美國道瓊反1,513,0,513,元大證券,2024-07-01,9800
00637L,元大滬深300正2,20054,9495,10559,元大證券,2024-07-02,9800
00949,復華日本龍頭,11490,1676,9814,元大證券,2024-07-02,9800
00632R,元大台灣50反1,51176,45493,5683,元大證券,2024-07-02,9800
00882,中信中國高股息,5859,438,5421,元大證券,2024-07-02,9800
00633L,富邦上証正2,3248,764,2484,元大證券,2024-07-02,9800
3703,欣陸,2368,117,2251,元大證券,2024-07-02,9800
00715L,期街口布蘭特正2,2254,142,2112,元大證券,2024-07-02,9800
2886,兆豐金,2835,775,2060,元大證券,2024-07-02,9800
00940,元大台灣價值高息,25554,23552,2002,元大證券,2024-07-02,9800
2890,永豐金,2566,669,1897,元大證券,2024-07-02,9800
4904,遠傳,2750,878,1872,元大證券,2024-07-02,9800
2027,大成鋼,2127,283,1844,元大證券,2024-07-02,9800
00706L,期元大S＆P日圓正2,3642,1872,1770,元大證券,2024-07-02,9800
00893,國泰智能電動車,2084,349,1735,元大證券,2024-07-02,9800
2880,華南金,2352,741,1611,元大證券,2024-07-02,9800
2520,冠德,1805,238,1567,元大證券,2024-07-02,9800
1402,遠東新,1827,344,1483,元大證券,2024-07-02,9800
2324,仁寶,2076,628,1448,元大證券,2024-07-02,9800
2885,元大金,1801,480,1321,元大證券,2024-07-02,9800
1216,統一,1797,506,1291,元大證券,2024-07-02,9800
00941,中信上游半導體,1494,214,1280,元大證券,2024-07-02,9800
1102,亞泥,1473,202,1271,元大證券,2024-07-02,9800
2347,聯強,1423,198,1225,元大證券,2024-07-02,9800
1605,華新,1511,304,1207,元大證券,2024-07-02,9800
8112,至上,1554,471,1083,元大證券,2024-07-02,9800
00713,元大台灣高息低波,1734,662,1072,元大證券,2024-07-02,9800
00761B,國泰A級公司債,1037,4,1033,元大證券,2024-07-02,9800
2105,正新,1116,119,997,元大證券,2024-07-02,9800
3711,日月光投控,1716,733,983,元大證券,2024-07-02,9800
00645,富邦日本,1018,46,972,元大證券,2024-07-02,9800
00895,富邦未來車,962,0,962,元大證券,2024-07-02,9800
00686R,群益臺灣加權反1,940,10,930,元大證券,2024-07-02,9800
00642U,期元大S＆P石油,925,0,925,元大證券,2024-07-02,9800
00640L,富邦日本正2,993,95,898,元大證券,2024-07-02,9800
00885,富邦越南,1476,594,882,元大證券,2024-07-02,9800
00933B,國泰10Y+金融債,4445,3577,868,元大證券,2024-07-02,9800
2634,漢翔,883,81,802,元大證券,2024-07-02,9800
00740B,富邦全球投等債,913,112,801,元大證券,2024-07-02,9800
00764B,群益25年美債,1343,565,778,元大證券,2024-07-02,9800
2449,京元電子,3757,3063,694,元大證券,2024-07-02,9800
2356,英業達,1084,391,693,元大證券,2024-07-02,9800
2633,台灣高鐵,845,158,687,元大證券,2024-07-02,9800
00676R,富邦臺灣加權反1,3826,3173,653,元大證券,2024-07-02,9800
00757,統一FANG+,955,321,634,元大證券,2024-07-02,9800
00655L,國泰中國A50正2,1681,1056,625,元大證券,2024-07-02,9800
1303,南亞,1005,403,602,元大證券,2024-07-02,9800
00907,永豐優息存股,1284,696,588,元大證券,2024-07-02,9800
00636,國泰中國A50,915,336,579,元大證券,2024-07-02,9800
4958,臻鼎-KY,1061,561,500,元大證券,2024-07-02,9800
2402,毅嘉,1226,739,487,元大證券,2024-07-02,9800
00940,元大台灣價值高息,21935,12011,9924,元大證券,2024-07-03,9800
00878,國泰永續高股息,8648,584,8064,元大證券,2024-07-03,9800
00687B,國泰20年美債,14543,7065,7478,元大證券,2024-07-03,9800
00919,群益台灣精選高息,9869,3792,6077,元大證券,2024-07-03,9800
00942B,台新美A公司債20+,7607,2491,5116,元大證券,2024-07-03,9800
00939,統一台灣高息動能,7409,2743,4666,元大證券,2024-07-03,9800
00888,永豐台灣ESG,4239,120,4119,元大證券,2024-07-03,9800
2886,兆豐金,5432,1896,3536,元大證券,2024-07-03,9800
00753L,中信中國50正2,5344,1912,3432,元大證券,2024-07-03,9800
00881,國泰台灣5G+,3566,260,3306,元大證券,2024-07-03,9800
00882,中信中國高股息,5229,2160,3069,元大證券,2024-07-03,9800
00900,富邦特選高股息30,3166,221,2945,元大證券,2024-07-03,9800
00918,大華優利高填息30,4277,1425,2852,元大證券,2024-07-03,9800
2891,中信金,3838,1026,2812,元大證券,2024-07-03,9800
020038,元大ESG配息N,2744,5,2739,元大證券,2024-07-03,9800
2520,冠德,2459,90,2369,元大證券,2024-07-03,9800
00904,新光臺灣半導體30,2263,104,2159,元大證券,2024-07-03,9800
00676R,富邦臺灣加權反1,7411,5258,2153,元大證券,2024-07-03,9800
00946,群益科技高息成長,8856,6756,2100,元大證券,2024-07-03,9800
00891,中信關鍵半導體,2796,861,1935,元大證券,2024-07-03,9800
2888,新光金,6785,5022,1763,元大證券,2024-07-03,9800
00892,富邦台灣半導體,1971,232,1739,元大證券,2024-07-03,9800
00650L,復華香港正2,8355,6633,1722,元大證券,2024-07-03,9800
3703,欣陸,1940,270,1670,元大證券,2024-07-03,9800
0050,元大台灣50,1723,61,1662,元大證券,2024-07-03,9800
2890,永豐金,1575,93,1482,元大證券,2024-07-03,9800
4109,加捷生醫,1686,278,1408,元大證券,2024-07-03,9800
00907,永豐優息存股,1699,333,1366,元大證券,2024-07-03,9800
2330,台積電,1574,297,1277,元大證券,2024-07-03,9800
00922,國泰台灣領袖50,1328,80,1248,元大證券,2024-07-03,9800
00944,野村趨勢動能高息,2172,978,1194,元大證券,2024-07-03,9800
2889,國票金,1284,164,1120,元大證券,2024-07-03,9800
2882,國泰金,3372,2275,1097,元大證券,2024-07-03,9800
00932,兆豐永續高息等權,1100,13,1087,元大證券,2024-07-03,9800
00712,復華富時不動產,1495,411,1084,元大證券,2024-07-03,9800
00930,永豐ESG低碳高息,1308,229,1079,元大證券,2024-07-03,9800
00921,兆豐龍頭等權重,1143,201,942,元大證券,2024-07-03,9800
5871,中租-KY,1522,603,919,元大證券,2024-07-03,9800
00772B,中信高評級公司債,2501,1592,909,元大證券,2024-07-03,9800
00943,兆豐電子高息等權,897,11,886,元大證券,2024-07-03,9800
9904,寶成,1031,181,850,元大證券,2024-07-03,9800
2317,鴻海,2310,1467,843,元大證券,2024-07-03,9800
2408,南亞科,3044,2236,808,元大證券,2024-07-03,9800
1402,遠東新,958,165,793,元大證券,2024-07-03,9800
00752,中信中國50,1622,849,773,元大證券,2024-07-03,9800
00664R,國泰臺灣加權反1,2791,2021,770,元大證券,2024-07-03,9800
00715L,期街口布蘭特正2,1656,893,763,元大證券,2024-07-03,9800
2885,元大金,1010,248,762,元大證券,2024-07-03,9800
00631L,元大台灣50正2,1176,416,760,元大證券,2024-07-03,9800
00665L,富邦�琤肭磪囓�2,13521,12783,738,元大證券,2024-07-03,9800
00940,元大台灣價值高息,27173,15322,11851,元大證券,2024-07-04,9800
00939,統一台灣高息動能,18548,9533,9015,元大證券,2024-07-04,9800
2891,中信金,9149,1417,7732,元大證券,2024-07-04,9800
2880,華南金,6377,182,6195,元大證券,2024-07-04,9800
00929,復華台灣科技優息,10702,4584,6118,元大證券,2024-07-04,9800
00918,大華優利高填息30,7680,1768,5912,元大證券,2024-07-04,9800
00946,群益科技高息成長,10752,6150,4602,元大證券,2024-07-04,9800
00915,凱基優選高股息30,8348,3913,4435,元大證券,2024-07-04,9800
00687B,國泰20年美債,7271,3269,4002,元大證券,2024-07-04,9800
00927,群益半導體收益,3884,1144,2740,元大證券,2024-07-04,9800
00753L,中信中國50正2,4170,1629,2541,元大證券,2024-07-04,9800
00900,富邦特選高股息30,4799,2287,2512,元大證券,2024-07-04,9800
00882,中信中國高股息,4455,2200,2255,元大證券,2024-07-04,9800
00893,國泰智能電動車,2347,222,2125,元大證券,2024-07-04,9800
00892,富邦台灣半導體,2870,758,2112,元大證券,2024-07-04,9800
00931B,統一美債20年,2991,989,2002,元大證券,2024-07-04,9800
00888,永豐台灣ESG,4203,2223,1980,元大證券,2024-07-04,9800
00764B,群益25年美債,2252,304,1948,元大證券,2024-07-04,9800
2886,兆豐金,2580,668,1912,元大證券,2024-07-04,9800
00942B,台新美A公司債20+,3938,2073,1865,元大證券,2024-07-04,9800
00935,野村臺灣新科技50,3368,1533,1835,元大證券,2024-07-04,9800
00891,中信關鍵半導體,2932,1208,1724,元大證券,2024-07-04,9800
00650L,復華香港正2,7419,5697,1722,元大證券,2024-07-04,9800
00795B,中信美國公債20年,3287,1597,1690,元大證券,2024-07-04,9800
2303,聯電,5841,4162,1679,元大證券,2024-07-04,9800
2330,台積電,1869,323,1546,元大證券,2024-07-04,9800
00941,中信上游半導體,1539,1,1538,元大證券,2024-07-04,9800
00671R,富邦NASDAQ反1,1532,2,1530,元大證券,2024-07-04,9800
00878,國泰永續高股息,4833,3351,1482,元大證券,2024-07-04,9800
2634,漢翔,1462,24,1438,元大證券,2024-07-04,9800
2888,新光金,5280,4017,1263,元大證券,2024-07-04,9800
00669R,國泰美國道瓊反1,1371,205,1166,元大證券,2024-07-04,9800
00944,野村趨勢動能高息,3329,2169,1160,元大證券,2024-07-04,9800
2890,永豐金,1323,201,1122,元大證券,2024-07-04,9800
3034,聯詠,1412,351,1061,元大證券,2024-07-04,9800
5876,上海商銀,1196,206,990,元大證券,2024-07-04,9800
00936,台新永續高息中小,5030,4054,976,元大證券,2024-07-04,9800
00905,FT臺灣Smart,1291,320,971,元大證券,2024-07-04,9800
9933,中鼎,1071,117,954,元大證券,2024-07-04,9800
00919,群益台灣精選高息,12203,11279,924,元大證券,2024-07-04,9800
2885,元大金,1093,182,911,元大證券,2024-07-04,9800
00922,國泰台灣領袖50,1904,1011,893,元大證券,2024-07-04,9800
00912,中信臺灣智慧50,1284,400,884,元大證券,2024-07-04,9800
2882,國泰金,2379,1520,859,元大證券,2024-07-04,9800
00896,中信綠能及電動車,1200,346,854,元大證券,2024-07-04,9800
2883,凱基金,7123,6336,787,元大證券,2024-07-04,9800
2464,盟立,1011,235,776,元大證券,2024-07-04,9800
00713,元大台灣高息低波,2096,1320,776,元大證券,2024-07-04,9800
00923,群益台ESG低碳50,2473,1713,760,元大證券,2024-07-04,9800
00830,國泰費城半導體,1315,610,705,元大證券,2024-07-04,9800
00632R,元大台灣50反1,45397,24579,20818,元大證券,2024-07-05,9800
2880,華南金,7652,233,7419,元大證券,2024-07-05,9800
2891,中信金,6989,824,6165,元大證券,2024-07-05,9800
00650L,復華香港正2,8347,3379,4968,元大證券,2024-07-05,9800
2886,兆豐金,4951,227,4724,元大證券,2024-07-05,9800
00939,統一台灣高息動能,12997,9352,3645,元大證券,2024-07-05,9800
2634,漢翔,2273,36,2237,元大證券,2024-07-05,9800
2317,鴻海,2471,448,2023,元大證券,2024-07-05,9800
2618,長榮航,4018,2003,2015,元大證券,2024-07-05,9800
00664R,國泰臺灣加權反1,2353,436,1917,元大證券,2024-07-05,9800
00933B,國泰10Y+金融債,3745,1893,1852,元大證券,2024-07-05,9800
2206,三陽工業,1753,58,1695,元大證券,2024-07-05,9800
00909,國泰數位支付服務,1846,189,1657,元大證券,2024-07-05,9800
00931B,統一美債20年,3347,1830,1517,元大證券,2024-07-05,9800
00753L,中信中國50正2,2573,1418,1155,元大證券,2024-07-05,9800
2890,永豐金,1112,25,1087,元大證券,2024-07-05,9800
0050,元大台灣50,2543,1541,1002,元大證券,2024-07-05,9800
9933,中鼎,1122,128,994,元大證券,2024-07-05,9800
00941,中信上游半導體,1231,251,980,元大證券,2024-07-05,9800
00948B,中信優息投資級債,3281,2302,979,元大證券,2024-07-05,9800
1402,遠東新,1002,219,783,元大證券,2024-07-05,9800
00671R,富邦NASDAQ反1,799,24,775,元大證券,2024-07-05,9800
00877,復華中國5G,1119,355,764,元大證券,2024-07-05,9800
00669R,國泰美國道瓊反1,775,30,745,元大證券,2024-07-05,9800
2356,英業達,3739,3031,708,元大證券,2024-07-05,9800
2324,仁寶,1107,433,674,元大證券,2024-07-05,9800
2402,毅嘉,1177,510,667,元大證券,2024-07-05,9800
2885,元大金,662,28,634,元大證券,2024-07-05,9800
2313,華通,1400,783,617,元大證券,2024-07-05,9800
1605,華新,738,142,596,元大證券,2024-07-05,9800
5443,均豪,2142,1559,583,元大證券,2024-07-05,9800
00636,國泰中國A50,1708,1149,559,元大證券,2024-07-05,9800
6278,台表科,1870,1318,552,元大證券,2024-07-05,9800
1216,統一,568,50,518,元大證券,2024-07-05,9800
2365,昆盈,4335,3838,497,元大證券,2024-07-05,9800
1102,亞泥,680,193,487,元大證券,2024-07-05,9800
2303,聯電,3473,3035,438,元大證券,2024-07-05,9800
00676R,富邦臺灣加權反1,2635,2203,432,元大證券,2024-07-05,9800
00642U,期元大S＆P石油,847,419,428,元大證券,2024-07-05,9800
2882,國泰金,1623,1198,425,元大證券,2024-07-05,9800
4906,正文,976,578,398,元大證券,2024-07-05,9800
9958,世紀鋼,635,238,397,元大證券,2024-07-05,9800
00903,富邦元宇宙,390,10,380,元大證券,2024-07-05,9800
2498,宏達電,726,361,365,元大證券,2024-07-05,9800
1303,南亞,393,42,351,元大證券,2024-07-05,9800
2105,正新,523,179,344,元大證券,2024-07-05,9800
6782,視陽,355,12,343,元大證券,2024-07-05,9800
6207,雷科,3072,2730,342,元大證券,2024-07-05,9800
5452,佶優,355,21,334,元大證券,2024-07-05,9800
2027,大成鋼,367,49,318,元大證券,2024-07-05,9800
00940,元大台灣價值高息,36755,21866,14889,元大證券,2024-07-08,9800
2888,新光金,15948,3535,12413,元大證券,2024-07-08,9800
2880,華南金,8708,194,8514,元大證券,2024-07-08,9800
00680L,元大美債20正2,7625,2022,5603,元大證券,2024-07-08,9800
00919,群益台灣精選高息,16788,11890,4898,元大證券,2024-07-08,9800
2889,國票金,5332,498,4834,元大證券,2024-07-08,9800
00929,復華台灣科技優息,22030,17892,4138,元大證券,2024-07-08,9800
3047,訊舟,4356,498,3858,元大證券,2024-07-08,9800
2891,中信金,4424,1050,3374,元大證券,2024-07-08,9800
00939,統一台灣高息動能,15186,12619,2567,元大證券,2024-07-08,9800
2317,鴻海,5368,2870,2498,元大證券,2024-07-08,9800
020038,元大ESG配息N,2540,70,2470,元大證券,2024-07-08,9800
2884,玉山金,2560,122,2438,元大證券,2024-07-08,9800
00948B,中信優息投資級債,4501,2364,2137,元大證券,2024-07-08,9800
2313,華通,6263,4161,2102,元大證券,2024-07-08,9800
2027,大成鋼,1706,119,1587,元大證券,2024-07-08,9800
00918,大華優利高填息30,5996,4476,1520,元大證券,2024-07-08,9800
4958,臻鼎-KY,2977,1463,1514,元大證券,2024-07-08,9800
1216,統一,1564,109,1455,元大證券,2024-07-08,9800
00933B,國泰10Y+金融債,6006,4631,1375,元大證券,2024-07-08,9800
2892,第一金,1423,49,1374,元大證券,2024-07-08,9800
5876,上海商銀,1301,57,1244,元大證券,2024-07-08,9800
00882,中信中國高股息,4200,2994,1206,元大證券,2024-07-08,9800
00665L,富邦�琤肭磪囓�2,10036,8905,1131,元大證券,2024-07-08,9800
00947,台新臺灣IC設計,6280,5168,1112,元大證券,2024-07-08,9800
00642U,期元大S＆P石油,1023,13,1010,元大證券,2024-07-08,9800
00891,中信關鍵半導體,2774,1787,987,元大證券,2024-07-08,9800
1102,亞泥,1176,254,922,元大證券,2024-07-08,9800
00671R,富邦NASDAQ反1,1329,415,914,元大證券,2024-07-08,9800
00885,富邦越南,1408,506,902,元大證券,2024-07-08,9800
2382,廣達,1975,1090,885,元大證券,2024-07-08,9800
2367,燿華,7709,6825,884,元大證券,2024-07-08,9800
00706L,期元大S＆P日圓正2,1321,452,869,元大證券,2024-07-08,9800
2890,永豐金,917,74,843,元大證券,2024-07-08,9800
00772B,中信高評級公司債,2558,1719,839,元大證券,2024-07-08,9800
00904,新光臺灣半導體30,1075,268,807,元大證券,2024-07-08,9800
00901,永豐智能車供應鏈,1013,210,803,元大證券,2024-07-08,9800
2206,三陽工業,838,42,796,元大證券,2024-07-08,9800
6757,台灣虎航,804,9,795,元大證券,2024-07-08,9800
2885,元大金,848,105,743,元大證券,2024-07-08,9800
00912,中信臺灣智慧50,746,65,681,元大證券,2024-07-08,9800
1402,遠東新,771,126,645,元大證券,2024-07-08,9800
00635U,期元大S＆P黃金,653,50,603,元大證券,2024-07-08,9800
3231,緯創,1563,991,572,元大證券,2024-07-08,9800
1605,華新,710,201,509,元大證券,2024-07-08,9800
00795B,中信美國公債20年,2746,2239,507,元大證券,2024-07-08,9800
00708L,期元大S＆P黃金正2,539,34,505,元大證券,2024-07-08,9800
2324,仁寶,870,400,470,元大證券,2024-07-08,9800
2455,全新,784,317,467,元大證券,2024-07-08,9800
2347,聯強,456,28,428,元大證券,2024-07-08,9800
00632R,元大台灣50反1,69511,51647,17864,元大證券,2024-07-09,9800
00687B,國泰20年美債,13685,6151,7534,元大證券,2024-07-09,9800
2880,華南金,7531,62,7469,元大證券,2024-07-09,9800
00940,元大台灣價值高息,45315,39564,5751,元大證券,2024-07-09,9800
00942B,台新美A公司債20+,6629,3019,3610,元大證券,2024-07-09,9800
2889,國票金,3593,184,3409,元大證券,2024-07-09,9800
00948B,中信優息投資級債,6238,3535,2703,元大證券,2024-07-09,9800
00679B,元大美債20年,9826,7169,2657,元大證券,2024-07-09,9800
00664R,國泰臺灣加權反1,2691,68,2623,元大證券,2024-07-09,9800
00933B,國泰10Y+金融債,8563,6020,2543,元大證券,2024-07-09,9800
00642U,期元大S＆P石油,2176,17,2159,元大證券,2024-07-09,9800
2027,大成鋼,2106,91,2015,元大證券,2024-07-09,9800
2884,玉山金,3533,1590,1943,元大證券,2024-07-09,9800
00947,台新臺灣IC設計,8435,6503,1932,元大證券,2024-07-09,9800
9904,寶成,2160,329,1831,元大證券,2024-07-09,9800
00764B,群益25年美債,2259,530,1729,元大證券,2024-07-09,9800
00686R,群益臺灣加權反1,1720,148,1572,元大證券,2024-07-09,9800
00772B,中信高評級公司債,2509,944,1565,元大證券,2024-07-09,9800
00939,統一台灣高息動能,17801,16409,1392,元大證券,2024-07-09,9800
3702,大聯大,1540,241,1299,元大證券,2024-07-09,9800
00903,富邦元宇宙,1768,470,1298,元大證券,2024-07-09,9800
2890,永豐金,1205,44,1161,元大證券,2024-07-09,9800
00650L,復華香港正2,6299,5145,1154,元大證券,2024-07-09,9800
00885,富邦越南,1503,356,1147,元大證券,2024-07-09,9800
00950B,凱基A級公司債,5315,4207,1108,元大證券,2024-07-09,9800
2412,中華電,1170,72,1098,元大證券,2024-07-09,9800
00795B,中信美國公債20年,2524,1427,1097,元大證券,2024-07-09,9800
00893,國泰智能電動車,1054,0,1054,元大證券,2024-07-09,9800
2891,中信金,2191,1170,1021,元大證券,2024-07-09,9800
2886,兆豐金,1298,305,993,元大證券,2024-07-09,9800
00633L,富邦上証正2,2030,1069,961,元大證券,2024-07-09,9800
00877,復華中國5G,1453,523,930,元大證券,2024-07-09,9800
00637L,元大滬深300正2,12036,11183,853,元大證券,2024-07-09,9800
00773B,中信優先金融債,1208,367,841,元大證券,2024-07-09,9800
1605,華新,1021,182,839,元大證券,2024-07-09,9800
2330,台積電,2223,1408,815,元大證券,2024-07-09,9800
00665L,富邦�琤肭磪囓�2,11163,10382,781,元大證券,2024-07-09,9800
00911,兆豐洲際半導體,754,0,754,元大證券,2024-07-09,9800
1216,統一,1133,436,697,元大證券,2024-07-09,9800
1402,遠東新,757,125,632,元大證券,2024-07-09,9800
2308,台達電,1465,845,620,元大證券,2024-07-09,9800
3711,日月光投控,1696,1131,565,元大證券,2024-07-09,9800
1513,中興電,1772,1211,561,元大證券,2024-07-09,9800
2881,富邦金,808,263,545,元大證券,2024-07-09,9800
00670L,富邦NASDAQ正2,543,11,532,元大證券,2024-07-09,9800
00752,中信中國50,687,167,520,元大證券,2024-07-09,9800
020038,元大ESG配息N,513,2,511,元大證券,2024-07-09,9800
00715L,期街口布蘭特正2,1578,1103,475,元大證券,2024-07-09,9800
2105,正新,514,53,461,元大證券,2024-07-09,9800
00941,中信上游半導體,1992,1543,449,元大證券,2024-07-09,9800
2888,新光金,53765,18479,35286,元大證券,2024-07-10,9800
00940,元大台灣價值高息,38402,17034,21368,元大證券,2024-07-10,9800
00937B,群益ESG投等債20,24810,16608,8202,元大證券,2024-07-10,9800
2880,華南金,4878,153,4725,元大證券,2024-07-10,9800
00687B,國泰20年美債,8236,3558,4678,元大證券,2024-07-10,9800
00637L,元大滬深300正2,10640,6136,4504,元大證券,2024-07-10,9800
00918,大華優利高填息30,5611,1441,4170,元大證券,2024-07-10,9800
00933B,國泰10Y+金融債,9703,5758,3945,元大證券,2024-07-10,9800
2891,中信金,7147,3754,3393,元大證券,2024-07-10,9800
2317,鴻海,4542,1728,2814,元大證券,2024-07-10,9800
4904,遠傳,2721,560,2161,元大證券,2024-07-10,9800
2889,國票金,2018,34,1984,元大證券,2024-07-10,9800
00773B,中信優先金融債,2136,172,1964,元大證券,2024-07-10,9800
00885,富邦越南,2296,439,1857,元大證券,2024-07-10,9800
00673R,期元大S＆P原油反1,3104,1321,1783,元大證券,2024-07-10,9800
2027,大成鋼,1793,15,1778,元大證券,2024-07-10,9800
00772B,中信高評級公司債,2766,994,1772,元大證券,2024-07-10,9800
2330,台積電,2513,1086,1427,元大證券,2024-07-10,9800
00764B,群益25年美債,2516,1124,1392,元大證券,2024-07-10,9800
3673,TPK-KY,2359,981,1378,元大證券,2024-07-10,9800
00942B,台新美A公司債20+,4022,2692,1330,元大證券,2024-07-10,9800
00753L,中信中國50正2,3506,2192,1314,元大證券,2024-07-10,9800
00679B,元大美債20年,10519,9231,1288,元大證券,2024-07-10,9800
2206,三陽工業,1542,269,1273,元大證券,2024-07-10,9800
00948B,中信優息投資級債,3357,2121,1236,元大證券,2024-07-10,9800
0050,元大台灣50,1628,406,1222,元大證券,2024-07-10,9800
00922,國泰台灣領袖50,1972,765,1207,元大證券,2024-07-10,9800
00751B,元大AAA至A公司債,3155,1956,1199,元大證券,2024-07-10,9800
1216,統一,1155,49,1106,元大證券,2024-07-10,9800
00633L,富邦上証正2,1866,760,1106,元大證券,2024-07-10,9800
2356,英業達,1912,807,1105,元大證券,2024-07-10,9800
00752,中信中國50,1405,311,1094,元大證券,2024-07-10,9800
00877,復華中國5G,1642,582,1060,元大證券,2024-07-10,9800
2243,宏旭-KY,3109,2115,994,元大證券,2024-07-10,9800
4958,臻鼎-KY,3277,2379,898,元大證券,2024-07-10,9800
2845,遠東銀,1243,417,826,元大證券,2024-07-10,9800
2883,凱基金,7443,6639,804,元大證券,2024-07-10,9800
00696B,富邦美債20年,1745,948,797,元大證券,2024-07-10,9800
00857B,永豐20年美公債,1307,555,752,元大證券,2024-07-10,9800
00638R,元大滬深300反1,733,10,723,元大證券,2024-07-10,9800
2809,京城銀,749,40,709,元大證券,2024-07-10,9800
2886,兆豐金,879,204,675,元大證券,2024-07-10,9800
2357,華碩,983,345,638,元大證券,2024-07-10,9800
00795B,中信美國公債20年,1845,1222,623,元大證券,2024-07-10,9800
00733,富邦臺灣中小,905,307,598,元大證券,2024-07-10,9800
2449,京元電子,2185,1598,587,元大證券,2024-07-10,9800
3450,聯鈞,1972,1385,587,元大證券,2024-07-10,9800
00686R,群益臺灣加權反1,1744,1188,556,元大證券,2024-07-10,9800
00642U,期元大S＆P石油,647,131,516,元大證券,2024-07-10,9800
00639,富邦深100,634,127,507,元大證券,2024-07-10,9800
00940,元大台灣價值高息,26304,3094,23210,元大證券,2024-07-11,9800
00939,統一台灣高息動能,11484,3052,8432,元大證券,2024-07-11,9800
00637L,元大滬深300正2,21860,13549,8311,元大證券,2024-07-11,9800
00687B,國泰20年美債,11288,4931,6357,元大證券,2024-07-11,9800
00676R,富邦臺灣加權反1,9814,3791,6023,元大證券,2024-07-11,9800
2880,華南金,3822,254,3568,元大證券,2024-07-11,9800
00942B,台新美A公司債20+,5671,2392,3279,元大證券,2024-07-11,9800
00665L,富邦�琤肭磪囓�2,9461,6332,3129,元大證券,2024-07-11,9800
2891,中信金,3623,875,2748,元大證券,2024-07-11,9800
00918,大華優利高填息30,3110,842,2268,元大證券,2024-07-11,9800
2303,聯電,3671,1551,2120,元大證券,2024-07-11,9800
00929,復華台灣科技優息,5348,3247,2101,元大證券,2024-07-11,9800
00753L,中信中國50正2,2566,729,1837,元大證券,2024-07-11,9800
2882,國泰金,4483,2687,1796,元大證券,2024-07-11,9800
00915,凱基優選高股息30,3673,1894,1779,元大證券,2024-07-11,9800
00673R,期元大S＆P原油反1,2891,1126,1765,元大證券,2024-07-11,9800
00941,中信上游半導體,2202,549,1653,元大證券,2024-07-11,9800
00891,中信關鍵半導體,2593,1061,1532,元大證券,2024-07-11,9800
2356,英業達,4350,2864,1486,元大證券,2024-07-11,9800
00752,中信中國50,1604,186,1418,元大證券,2024-07-11,9800
00671R,富邦NASDAQ反1,1608,219,1389,元大證券,2024-07-11,9800
00713,元大台灣高息低波,1916,571,1345,元大證券,2024-07-11,9800
00712,復華富時不動產,2498,1201,1297,元大證券,2024-07-11,9800
2884,玉山金,2204,908,1296,元大證券,2024-07-11,9800
00932,兆豐永續高息等權,1477,203,1274,元大證券,2024-07-11,9800
3189,景碩,3047,1797,1250,元大證券,2024-07-11,9800
2890,永豐金,1535,310,1225,元大證券,2024-07-11,9800
2489,瑞軒,4536,3331,1205,元大證券,2024-07-11,9800
00878,國泰永續高股息,3500,2412,1088,元大證券,2024-07-11,9800
00643,群益深証中小,1575,514,1061,元大證券,2024-07-11,9800
00696B,富邦美債20年,1873,871,1002,元大證券,2024-07-11,9800
2892,第一金,1204,219,985,元大證券,2024-07-11,9800
2204,中華,1067,122,945,元大證券,2024-07-11,9800
006205,富邦上証,887,33,854,元大證券,2024-07-11,9800
2809,京城銀,917,64,853,元大證券,2024-07-11,9800
3019,亞光,1223,381,842,元大證券,2024-07-11,9800
3037,欣興,3243,2427,816,元大證券,2024-07-11,9800
00946,群益科技高息成長,3307,2510,797,元大證券,2024-07-11,9800
00921,兆豐龍頭等權重,1007,268,739,元大證券,2024-07-11,9800
3374,精材,2488,1808,680,元大證券,2024-07-11,9800
2308,台達電,1135,484,651,元大證券,2024-07-11,9800
00943,兆豐電子高息等權,1043,431,612,元大證券,2024-07-11,9800
00902,中信電池及儲能,832,221,611,元大證券,2024-07-11,9800
00642U,期元大S＆P石油,597,19,578,元大證券,2024-07-11,9800
00927,群益半導體收益,2270,1713,557,元大證券,2024-07-11,9800
00764B,群益25年美債,1011,457,554,元大證券,2024-07-11,9800
00655L,國泰中國A50正2,1465,912,553,元大證券,2024-07-11,9800
00669R,國泰美國道瓊反1,973,425,548,元大證券,2024-07-11,9800
00857B,永豐20年美公債,1071,524,547,元大證券,2024-07-11,9800
00645,富邦日本,523,0,523,元大證券,2024-07-11,9800
00632R,元大台灣50反1,90537,52547,37990,元大證券,2024-07-12,9800
00665L,富邦�琤肭磪囓�2,23310,7191,16119,元大證券,2024-07-12,9800
00753L,中信中國50正2,12070,1073,10997,元大證券,2024-07-12,9800
2330,台積電,10579,1855,8724,元大證券,2024-07-12,9800
2888,新光金,17903,12529,5374,元大證券,2024-07-12,9800
00942B,台新美A公司債20+,6510,1536,4974,元大證券,2024-07-12,9800
00950B,凱基A級公司債,5145,1095,4050,元大證券,2024-07-12,9800
00712,復華富時不動產,9475,5895,3580,元大證券,2024-07-12,9800
2891,中信金,4884,1468,3416,元大證券,2024-07-12,9800
00949,復華日本龍頭,3796,622,3174,元大證券,2024-07-12,9800
00664R,國泰臺灣加權反1,3765,638,3127,元大證券,2024-07-12,9800
00752,中信中國50,3047,358,2689,元大證券,2024-07-12,9800
00650L,復華香港正2,9035,6519,2516,元大證券,2024-07-12,9800
2303,聯電,7767,5692,2075,元大證券,2024-07-12,9800
00948B,中信優息投資級債,4889,2894,1995,元大證券,2024-07-12,9800
00893,國泰智能電動車,2199,344,1855,元大證券,2024-07-12,9800
1216,統一,1854,61,1793,元大證券,2024-07-12,9800
2890,永豐金,2020,430,1590,元大證券,2024-07-12,9800
2897A,王道銀甲特,1417,0,1417,元大證券,2024-07-12,9800
2356,英業達,4115,2715,1400,元大證券,2024-07-12,9800
00686R,群益臺灣加權反1,1307,5,1302,元大證券,2024-07-12,9800
1608,華榮,3968,2721,1247,元大證券,2024-07-12,9800
00637L,元大滬深300正2,10098,8886,1212,元大證券,2024-07-12,9800
00764B,群益25年美債,1641,506,1135,元大證券,2024-07-12,9800
1402,遠東新,1344,236,1108,元大證券,2024-07-12,9800
2884,玉山金,1658,604,1054,元大證券,2024-07-12,9800
00757,統一FANG+,1764,725,1039,元大證券,2024-07-12,9800
00931B,統一美債20年,1890,890,1000,元大證券,2024-07-12,9800
2002,中鋼,1055,66,989,元大證券,2024-07-12,9800
2313,華通,2382,1431,951,元大證券,2024-07-12,9800
00751B,元大AAA至A公司債,2180,1236,944,元大證券,2024-07-12,9800
2324,仁寶,1234,322,912,元大證券,2024-07-12,9800
00733,富邦臺灣中小,1272,367,905,元大證券,2024-07-12,9800
1605,華新,1186,290,896,元大證券,2024-07-12,9800
3711,日月光投控,3073,2191,882,元大證券,2024-07-12,9800
00670L,富邦NASDAQ正2,901,46,855,元大證券,2024-07-12,9800
2885,元大金,1269,464,805,元大證券,2024-07-12,9800
00902,中信電池及儲能,854,54,800,元大證券,2024-07-12,9800
4904,遠傳,1256,467,789,元大證券,2024-07-12,9800
00940,元大台灣價值高息,12097,11319,778,元大證券,2024-07-12,9800
1102,亞泥,862,90,772,元大證券,2024-07-12,9800
00885,富邦越南,1648,922,726,元大證券,2024-07-12,9800
00646,元大S＆P500,842,132,710,元大證券,2024-07-12,9800
2618,長榮航,1870,1169,701,元大證券,2024-07-12,9800
2027,大成鋼,918,253,665,元大證券,2024-07-12,9800
00857B,永豐20年美公債,1392,750,642,元大證券,2024-07-12,9800
1301,台塑,949,319,630,元大證券,2024-07-12,9800
2301,光寶科,1280,663,617,元大證券,2024-07-12,9800
2880,華南金,703,104,599,元大證券,2024-07-12,9800
2105,正新,690,104,586,元大證券,2024-07-12,9800
00942B,台新美A公司債20+,14638,3788,10850,元大證券,2024-07-15,9800
00940,元大台灣價值高息,19109,12608,6501,元大證券,2024-07-15,9800
00637L,元大滬深300正2,15455,10502,4953,元大證券,2024-07-15,9800
2891,中信金,7027,3014,4013,元大證券,2024-07-15,9800
00881,國泰台灣5G+,9634,5636,3998,元大證券,2024-07-15,9800
00676R,富邦臺灣加權反1,7141,3187,3954,元大證券,2024-07-15,9800
2884,玉山金,4303,521,3782,元大證券,2024-07-15,9800
2888,新光金,14234,10646,3588,元大證券,2024-07-15,9800
00772B,中信高評級公司債,4107,759,3348,元大證券,2024-07-15,9800
2892,第一金,3023,193,2830,元大證券,2024-07-15,9800
2890,永豐金,2547,160,2387,元大證券,2024-07-15,9800
00893,國泰智能電動車,4090,1926,2164,元大證券,2024-07-15,9800
2886,兆豐金,2268,225,2043,元大證券,2024-07-15,9800
00830,國泰費城半導體,2402,502,1900,元大證券,2024-07-15,9800
00673R,期元大S＆P原油反1,2373,483,1890,元大證券,2024-07-15,9800
0050,元大台灣50,2896,1056,1840,元大證券,2024-07-15,9800
00764B,群益25年美債,2482,648,1834,元大證券,2024-07-15,9800
2885,元大金,2067,434,1633,元大證券,2024-07-15,9800
00939,統一台灣高息動能,5411,3847,1564,元大證券,2024-07-15,9800
1216,統一,1853,350,1503,元大證券,2024-07-15,9800
3702,大聯大,2048,577,1471,元大證券,2024-07-15,9800
2027,大成鋼,2239,910,1329,元大證券,2024-07-15,9800
00882,中信中國高股息,3636,2416,1220,元大證券,2024-07-15,9800
1605,華新,1354,146,1208,元大證券,2024-07-15,9800
2324,仁寶,1559,408,1151,元大證券,2024-07-15,9800
00935,野村臺灣新科技50,2412,1375,1037,元大證券,2024-07-15,9800
2880,華南金,1061,26,1035,元大證券,2024-07-15,9800
00857B,永豐20年美公債,1897,885,1012,元大證券,2024-07-15,9800
00715L,期街口布蘭特正2,1557,560,997,元大證券,2024-07-15,9800
2105,正新,1002,52,950,元大證券,2024-07-15,9800
00876,元大全球5G,852,1,851,元大證券,2024-07-15,9800
1303,南亞,909,59,850,元大證券,2024-07-15,9800
2897A,王道銀甲特,791,0,791,元大證券,2024-07-15,9800
1609,大亞,3483,2701,782,元大證券,2024-07-15,9800
00900,富邦特選高股息30,3191,2430,761,元大證券,2024-07-15,9800
00892,富邦台灣半導體,1182,429,753,元大證券,2024-07-15,9800
1402,遠東新,1592,869,723,元大證券,2024-07-15,9800
00888,永豐台灣ESG,1723,1005,718,元大證券,2024-07-15,9800
00757,統一FANG+,2618,1901,717,元大證券,2024-07-15,9800
00773B,中信優先金融債,1119,423,696,元大證券,2024-07-15,9800
3013,晟銘電,3206,2537,669,元大證券,2024-07-15,9800
2206,三陽工業,700,59,641,元大證券,2024-07-15,9800
00922,國泰台灣領袖50,2014,1375,639,元大證券,2024-07-15,9800
00861,元大全球未來通訊,601,3,598,元大證券,2024-07-15,9800
2330,台積電,1120,532,588,元大證券,2024-07-15,9800
00891,中信關鍵半導體,1920,1333,587,元大證券,2024-07-15,9800
2356,英業達,9029,8443,586,元大證券,2024-07-15,9800
00943,兆豐電子高息等權,735,168,567,元大證券,2024-07-15,9800
00696B,富邦美債20年,2351,1805,546,元大證券,2024-07-15,9800
006205,富邦上証,576,50,526,元大證券,2024-07-15,9800
2888,新光金,35064,16216,18848,元大證券,2024-07-16,9800
00933B,國泰10Y+金融債,19523,9924,9599,元大證券,2024-07-16,9800
00637L,元大滬深300正2,11524,3946,7578,元大證券,2024-07-16,9800
2891,中信金,4664,344,4320,元大證券,2024-07-16,9800
2317,鴻海,5662,1367,4295,元大證券,2024-07-16,9800
00687B,國泰20年美債,6893,2990,3903,元大證券,2024-07-16,9800
00673R,期元大S＆P原油反1,3105,0,3105,元大證券,2024-07-16,9800
2892,第一金,3128,98,3030,元大證券,2024-07-16,9800
00940,元大台灣價值高息,11590,8742,2848,元大證券,2024-07-16,9800
00751B,元大AAA至A公司債,3441,627,2814,元大證券,2024-07-16,9800
0050,元大台灣50,4624,2153,2471,元大證券,2024-07-16,9800
2882,國泰金,2979,778,2201,元大證券,2024-07-16,9800
2890,永豐金,2180,186,1994,元大證券,2024-07-16,9800
00679B,元大美債20年,8179,6225,1954,元大證券,2024-07-16,9800
1402,遠東新,1810,159,1651,元大證券,2024-07-16,9800
2885,元大金,1778,143,1635,元大證券,2024-07-16,9800
00950B,凱基A級公司債,2297,682,1615,元大證券,2024-07-16,9800
00633L,富邦上証正2,2251,804,1447,元大證券,2024-07-16,9800
4906,正文,3001,1566,1435,元大證券,2024-07-16,9800
2886,兆豐金,1710,290,1420,元大證券,2024-07-16,9800
00918,大華優利高填息30,2064,685,1379,元大證券,2024-07-16,9800
2324,仁寶,1433,80,1353,元大證券,2024-07-16,9800
2449,京元電子,2775,1437,1338,元大證券,2024-07-16,9800
00830,國泰費城半導體,1383,76,1307,元大證券,2024-07-16,9800
2881,富邦金,1532,227,1305,元大證券,2024-07-16,9800
00931B,統一美債20年,3310,2097,1213,元大證券,2024-07-16,9800
1605,華新,1422,253,1169,元大證券,2024-07-16,9800
00935,野村臺灣新科技50,2870,1740,1130,元大證券,2024-07-16,9800
2402,毅嘉,1170,78,1092,元大證券,2024-07-16,9800
00773B,中信優先金融債,1516,434,1082,元大證券,2024-07-16,9800
3231,緯創,4318,3273,1045,元大證券,2024-07-16,9800
2880,華南金,1497,471,1026,元大證券,2024-07-16,9800
00686R,群益臺灣加權反1,2124,1126,998,元大證券,2024-07-16,9800
1102,亞泥,1193,221,972,元大證券,2024-07-16,9800
5347,世界,1570,657,913,元大證券,2024-07-16,9800
00757,統一FANG+,1078,173,905,元大證券,2024-07-16,9800
2105,正新,963,86,877,元大證券,2024-07-16,9800
2330,台積電,1529,663,866,元大證券,2024-07-16,9800
1303,南亞,909,69,840,元大證券,2024-07-16,9800
00636,國泰中國A50,901,68,833,元大證券,2024-07-16,9800
00724B,群益投資級金融債,1021,273,748,元大證券,2024-07-16,9800
2027,大成鋼,785,68,717,元大證券,2024-07-16,9800
00772B,中信高評級公司債,1066,370,696,元大證券,2024-07-16,9800
3010,華立,772,94,678,元大證券,2024-07-16,9800
2303,聯電,2910,2259,651,元大證券,2024-07-16,9800
00857B,永豐20年美公債,1032,392,640,元大證券,2024-07-16,9800
00923,群益台ESG低碳50,1293,655,638,元大證券,2024-07-16,9800
2002,中鋼,792,185,607,元大證券,2024-07-16,9800
4510,高鋒,602,0,602,元大證券,2024-07-16,9800
3035,智原,1788,1202,586,元大證券,2024-07-16,9800
00632R,元大台灣50反1,92526,62413,30113,元大證券,2024-07-17,9800
00940,元大台灣價值高息,14552,5072,9480,元大證券,2024-07-17,9800
00673R,期元大S＆P原油反1,8533,423,8110,元大證券,2024-07-17,9800
00664R,國泰臺灣加權反1,6447,153,6294,元大證券,2024-07-17,9800
2890,永豐金,5352,276,5076,元大證券,2024-07-17,9800
2303,聯電,5515,1637,3878,元大證券,2024-07-17,9800
00933B,國泰10Y+金融債,4751,1224,3527,元大證券,2024-07-17,9800
2884,玉山金,4392,890,3502,元大證券,2024-07-17,9800
2449,京元電子,4336,961,3375,元大證券,2024-07-17,9800
2892,第一金,3525,155,3370,元大證券,2024-07-17,9800
2610,華航,4422,1101,3321,元大證券,2024-07-17,9800
00948B,中信優息投資級債,6719,3415,3304,元大證券,2024-07-17,9800
2603,長榮,5602,2401,3201,元大證券,2024-07-17,9800
00696B,富邦美債20年,3288,684,2604,元大證券,2024-07-17,9800
4958,臻鼎-KY,3964,1568,2396,元大證券,2024-07-17,9800
2886,兆豐金,2719,449,2270,元大證券,2024-07-17,9800
00857B,永豐20年美公債,3214,980,2234,元大證券,2024-07-17,9800
00830,國泰費城半導體,2311,133,2178,元大證券,2024-07-17,9800
2888,新光金,13994,11908,2086,元大證券,2024-07-17,9800
00637L,元大滬深300正2,12558,10478,2080,元大證券,2024-07-17,9800
00939,統一台灣高息動能,5112,3037,2075,元大證券,2024-07-17,9800
2330,台積電,3775,1866,1909,元大證券,2024-07-17,9800
00881,國泰台灣5G+,5773,3980,1793,元大證券,2024-07-17,9800
2885,元大金,2662,952,1710,元大證券,2024-07-17,9800
00931B,統一美債20年,3094,1435,1659,元大證券,2024-07-17,9800
1605,華新,1836,287,1549,元大證券,2024-07-17,9800
00764B,群益25年美債,1818,372,1446,元大證券,2024-07-17,9800
1301,台塑,2247,869,1378,元大證券,2024-07-17,9800
00772B,中信高評級公司債,2325,951,1374,元大證券,2024-07-17,9800
2353,宏��,1604,273,1331,元大證券,2024-07-17,9800
2883,凱基金,2855,1545,1310,元大證券,2024-07-17,9800
5880,合庫金,1380,149,1231,元大證券,2024-07-17,9800
2880,華南金,1561,338,1223,元大證券,2024-07-17,9800
00915,凱基優選高股息30,2323,1150,1173,元大證券,2024-07-17,9800
1303,南亞,1516,354,1162,元大證券,2024-07-17,9800
00662,富邦NASDAQ,1337,187,1150,元大證券,2024-07-17,9800
2889,國票金,1514,389,1125,元大證券,2024-07-17,9800
2027,大成鋼,1263,141,1122,元大證券,2024-07-17,9800
2887,台新金,1389,432,957,元大證券,2024-07-17,9800
00932,兆豐永續高息等權,1320,365,955,元大證券,2024-07-17,9800
2881,富邦金,1521,576,945,元大證券,2024-07-17,9800
1216,統一,932,54,878,元大證券,2024-07-17,9800
2891,中信金,4987,4150,837,元大證券,2024-07-17,9800
00633L,富邦上証正2,2189,1355,834,元大證券,2024-07-17,9800
2520,冠德,2054,1220,834,元大證券,2024-07-17,9800
2801,彰銀,904,83,821,元大證券,2024-07-17,9800
00655L,國泰中國A50正2,1006,235,771,元大證券,2024-07-17,9800
1402,遠東新,1478,742,736,元大證券,2024-07-17,9800
2347,聯強,855,122,733,元大證券,2024-07-17,9800
2105,正新,805,79,726,元大證券,2024-07-17,9800
00632R,元大台灣50反1,80658,40389,40269,元大證券,2024-07-18,9800
00940,元大台灣價值高息,23918,10702,13216,元大證券,2024-07-18,9800
00637L,元大滬深300正2,17729,5471,12258,元大證券,2024-07-18,9800
2888,新光金,23483,12802,10681,元大證券,2024-07-18,9800
00665L,富邦�琤肭磪囓�2,12982,6581,6401,元大證券,2024-07-18,9800
2891,中信金,8775,3590,5185,元大證券,2024-07-18,9800
00664R,國泰臺灣加權反1,7662,2484,5178,元大證券,2024-07-18,9800
2886,兆豐金,4977,618,4359,元大證券,2024-07-18,9800
2892,第一金,4637,390,4247,元大證券,2024-07-18,9800
2883,凱基金,5997,1876,4121,元大證券,2024-07-18,9800
2885,元大金,4228,388,3840,元大證券,2024-07-18,9800
2303,聯電,7310,3656,3654,元大證券,2024-07-18,9800
2884,玉山金,5509,2154,3355,元大證券,2024-07-18,9800
00680L,元大美債20正2,3481,250,3231,元大證券,2024-07-18,9800
2002,中鋼,3526,353,3173,元大證券,2024-07-18,9800
2887,台新金,3519,422,3097,元大證券,2024-07-18,9800
5880,合庫金,2907,72,2835,元大證券,2024-07-18,9800
2317,鴻海,6744,3918,2826,元大證券,2024-07-18,9800
00939,統一台灣高息動能,6995,4211,2784,元大證券,2024-07-18,9800
2834,臺企銀,4065,1306,2759,元大證券,2024-07-18,9800
1402,遠東新,3833,1083,2750,元大證券,2024-07-18,9800
00633L,富邦上証正2,3531,884,2647,元大證券,2024-07-18,9800
2880,華南金,2815,376,2439,元大證券,2024-07-18,9800
2881,富邦金,2940,596,2344,元大證券,2024-07-18,9800
1102,亞泥,3121,958,2163,元大證券,2024-07-18,9800
00662,富邦NASDAQ,2211,82,2129,元大證券,2024-07-18,9800
1326,台化,2485,455,2030,元大證券,2024-07-18,9800
2330,台積電,2951,986,1965,元大證券,2024-07-18,9800
2409,友達,3633,1805,1828,元大證券,2024-07-18,9800
1303,南亞,2088,271,1817,元大證券,2024-07-18,9800
00712,復華富時不動產,2652,1005,1647,元大證券,2024-07-18,9800
00857B,永豐20年美公債,2350,745,1605,元大證券,2024-07-18,9800
1605,華新,1777,187,1590,元大證券,2024-07-18,9800
00912,中信臺灣智慧50,1522,58,1464,元大證券,2024-07-18,9800
00942B,台新美A公司債20+,3547,2110,1437,元大證券,2024-07-18,9800
2382,廣達,2865,1471,1394,元大證券,2024-07-18,9800
00642U,期元大S＆P石油,1424,36,1388,元大證券,2024-07-18,9800
00655L,國泰中國A50正2,1718,372,1346,元大證券,2024-07-18,9800
2801,彰銀,1397,83,1314,元大證券,2024-07-18,9800
2105,正新,1373,78,1295,元大證券,2024-07-18,9800
5871,中租-KY,1645,368,1277,元大證券,2024-07-18,9800
00715L,期街口布蘭特正2,4249,3082,1167,元大證券,2024-07-18,9800
00772B,中信高評級公司債,3371,2267,1104,元大證券,2024-07-18,9800
00687B,國泰20年美債,3845,2766,1079,元大證券,2024-07-18,9800
1301,台塑,1658,598,1060,元大證券,2024-07-18,9800
2412,中華電,1194,139,1055,元大證券,2024-07-18,9800
3231,緯創,3379,2336,1043,元大證券,2024-07-18,9800
00918,大華優利高填息30,2587,1570,1017,元大證券,2024-07-18,9800
1216,統一,1528,536,992,元大證券,2024-07-18,9800
00636,國泰中國A50,987,28,959,元大證券,2024-07-18,9800
00632R,元大台灣50反1,150947,37908,113039,元大證券,2024-07-19,9800
00680L,元大美債20正2,12459,7769,4690,元大證券,2024-07-19,9800
00688L,國泰20年美債正2,8022,3439,4583,元大證券,2024-07-19,9800
00942B,台新美A公司債20+,6360,2118,4242,元大證券,2024-07-19,9800
00673R,期元大S＆P原油反1,5154,1114,4040,元大證券,2024-07-19,9800
3481,群創,15360,12128,3232,元大證券,2024-07-19,9800
00751B,元大AAA至A公司債,4010,1321,2689,元大證券,2024-07-19,9800
2880,華南金,3173,517,2656,元大證券,2024-07-19,9800
2883,凱基金,6582,4000,2582,元大證券,2024-07-19,9800
2890,永豐金,3408,980,2428,元大證券,2024-07-19,9800
00772B,中信高評級公司債,3439,1160,2279,元大證券,2024-07-19,9800
00687B,國泰20年美債,8023,6288,1735,元大證券,2024-07-19,9800
5871,中租-KY,2065,377,1688,元大證券,2024-07-19,9800
00720B,元大投資級公司債,2728,1238,1490,元大證券,2024-07-19,9800
00892,富邦台灣半導體,1604,215,1389,元大證券,2024-07-19,9800
00933B,國泰10Y+金融債,4938,3652,1286,元大證券,2024-07-19,9800
00715L,期街口布蘭特正2,2144,936,1208,元大證券,2024-07-19,9800
2324,仁寶,1653,455,1198,元大證券,2024-07-19,9800
1605,華新,1430,252,1178,元大證券,2024-07-19,9800
00931B,統一美債20年,2179,1051,1128,元大證券,2024-07-19,9800
00633L,富邦上証正2,2556,1455,1101,元大證券,2024-07-19,9800
00922,國泰台灣領袖50,2285,1360,925,元大證券,2024-07-19,9800
1216,統一,1171,254,917,元大證券,2024-07-19,9800
5483,中美晶,1094,179,915,元大證券,2024-07-19,9800
2845,遠東銀,1948,1037,911,元大證券,2024-07-19,9800
00641R,富邦日本反1,918,74,844,元大證券,2024-07-19,9800
00857B,永豐20年美公債,1721,884,837,元大證券,2024-07-19,9800
2885,元大金,1990,1241,749,元大證券,2024-07-19,9800
2851,中再保,826,80,746,元大證券,2024-07-19,9800
00885,富邦越南,820,83,737,元大證券,2024-07-19,9800
3711,日月光投控,2229,1551,678,元大證券,2024-07-19,9800
00679B,元大美債20年,7962,7314,648,元大證券,2024-07-19,9800
006205,富邦上証,657,14,643,元大證券,2024-07-19,9800
00722B,群益投資級電信債,780,150,630,元大證券,2024-07-19,9800
00725B,國泰投資級公司債,1509,883,626,元大證券,2024-07-19,9800
00950B,凱基A級公司債,2411,1819,592,元大證券,2024-07-19,9800
00900,富邦特選高股息30,1520,935,585,元大證券,2024-07-19,9800
2354,鴻準,833,260,573,元大證券,2024-07-19,9800
2006,東和鋼鐵,625,74,551,元大證券,2024-07-19,9800
1402,遠東新,1614,1121,493,元大證券,2024-07-19,9800
2886,兆豐金,1309,821,488,元大證券,2024-07-19,9800
00636,國泰中國A50,963,476,487,元大證券,2024-07-19,9800
00752,中信中國50,559,77,482,元大證券,2024-07-19,9800
3010,華立,526,48,478,元大證券,2024-07-19,9800
00893,國泰智能電動車,714,240,474,元大證券,2024-07-19,9800
2027,大成鋼,601,146,455,元大證券,2024-07-19,9800
00852L,國泰美國道瓊正2,456,11,445,元大證券,2024-07-19,9800
00887,永豐中國科技50大,444,1,443,元大證券,2024-07-19,9800
2634,漢翔,480,67,413,元大證券,2024-07-19,9800
00939,統一台灣高息動能,5954,5542,412,元大證券,2024-07-19,9800
00632R,元大台灣50反1,243154,42742,200412,元大證券,2024-07-22,9800
00673R,期元大S＆P原油反1,13410,773,12637,元大證券,2024-07-22,9800
00664R,國泰臺灣加權反1,12922,3907,9015,元大證券,2024-07-22,9800
00687B,國泰20年美債,13816,8217,5599,元大證券,2024-07-22,9800
00937B,群益ESG投等債20,12418,7261,5157,元大證券,2024-07-22,9800
00646,元大S＆P500,4130,374,3756,元大證券,2024-07-22,9800
00949,復華日本龍頭,5027,1339,3688,元大證券,2024-07-22,9800
00637L,元大滬深300正2,19807,16640,3167,元大證券,2024-07-22,9800
00918,大華優利高填息30,6006,2981,3025,元大證券,2024-07-22,9800
1216,統一,2713,132,2581,元大證券,2024-07-22,9800
00753L,中信中國50正2,3430,968,2462,元大證券,2024-07-22,9800
00891,中信關鍵半導體,4275,1929,2346,元大證券,2024-07-22,9800
2886,兆豐金,2568,335,2233,元大證券,2024-07-22,9800
2324,仁寶,3233,1098,2135,元大證券,2024-07-22,9800
00940,元大台灣價值高息,29611,27510,2101,元大證券,2024-07-22,9800
2891,中信金,3660,1594,2066,元大證券,2024-07-22,9800
00885,富邦越南,2396,434,1962,元大證券,2024-07-22,9800
00900,富邦特選高股息30,3727,1875,1852,元大證券,2024-07-22,9800
00650L,復華香港正2,5999,4245,1754,元大證券,2024-07-22,9800
1605,華新,2256,528,1728,元大證券,2024-07-22,9800
2890,永豐金,2196,482,1714,元大證券,2024-07-22,9800
00679B,元大美債20年,10291,8642,1649,元大證券,2024-07-22,9800
2845,遠東銀,2237,627,1610,元大證券,2024-07-22,9800
00720B,元大投資級公司債,2483,960,1523,元大證券,2024-07-22,9800
00751B,元大AAA至A公司債,2792,1289,1503,元大證券,2024-07-22,9800
2002,中鋼,1561,252,1309,元大證券,2024-07-22,9800
00633L,富邦上証正2,3842,2644,1198,元大證券,2024-07-22,9800
2884,玉山金,1752,594,1158,元大證券,2024-07-22,9800
00895,富邦未來車,1568,420,1148,元大證券,2024-07-22,9800
5534,長虹,1208,129,1079,元大證券,2024-07-22,9800
2885,元大金,1264,241,1023,元大證券,2024-07-22,9800
3711,日月光投控,2051,1070,981,元大證券,2024-07-22,9800
00772B,中信高評級公司債,1799,823,976,元大證券,2024-07-22,9800
1102,亞泥,1144,173,971,元大證券,2024-07-22,9800
1326,台化,1040,79,961,元大證券,2024-07-22,9800
00915,凱基優選高股息30,5574,4629,945,元大證券,2024-07-22,9800
00636,國泰中國A50,1800,864,936,元大證券,2024-07-22,9800
00670L,富邦NASDAQ正2,1316,384,932,元大證券,2024-07-22,9800
00722B,群益投資級電信債,1006,79,927,元大證券,2024-07-22,9800
00725B,國泰投資級公司債,2158,1241,917,元大證券,2024-07-22,9800
00926,凱基全球菁英55,1160,252,908,元大證券,2024-07-22,9800
00903,富邦元宇宙,918,13,905,元大證券,2024-07-22,9800
00671R,富邦NASDAQ反1,1299,418,881,元大證券,2024-07-22,9800
2881,富邦金,1609,752,857,元大證券,2024-07-22,9800
5880,合庫金,999,185,814,元大證券,2024-07-22,9800
2903,遠百,960,164,796,元大證券,2024-07-22,9800
00923,群益台ESG低碳50,2914,2122,792,元大證券,2024-07-22,9800
1303,南亞,1057,278,779,元大證券,2024-07-22,9800
2887,台新金,1360,606,754,元大證券,2024-07-22,9800
2801,彰銀,790,36,754,元大證券,2024-07-22,9800
00673R,期元大S＆P原油反1,5378,330,5048,元大證券,2024-07-23,9800
00948B,中信優息投資級債,5779,969,4810,元大證券,2024-07-23,9800
00942B,台新美A公司債20+,7105,4591,2514,元大證券,2024-07-23,9800
00712,復華富時不動產,2700,224,2476,元大證券,2024-07-23,9800
00671R,富邦NASDAQ反1,2232,5,2227,元大證券,2024-07-23,9800
00764B,群益25年美債,1612,69,1543,元大證券,2024-07-23,9800
2892,第一金,1421,119,1302,元大證券,2024-07-23,9800
00892,富邦台灣半導體,1412,114,1298,元大證券,2024-07-23,9800
00773B,中信優先金融債,1451,275,1176,元大證券,2024-07-23,9800
3037,欣興,3124,2035,1089,元大證券,2024-07-23,9800
00904,新光臺灣半導體30,1142,145,997,元大證券,2024-07-23,9800
00885,富邦越南,1125,145,980,元大證券,2024-07-23,9800
00740B,富邦全球投等債,1753,823,930,元大證券,2024-07-23,9800
2885,元大金,1271,349,922,元大證券,2024-07-23,9800
00894,中信小資高價30,881,24,857,元大證券,2024-07-23,9800
2886,兆豐金,1065,212,853,元大證券,2024-07-23,9800
00943,兆豐電子高息等權,787,6,781,元大證券,2024-07-23,9800
2889,國票金,888,114,774,元大證券,2024-07-23,9800
1605,華新,864,101,763,元大證券,2024-07-23,9800
00903,富邦元宇宙,888,126,762,元大證券,2024-07-23,9800
00857B,永豐20年美公債,1509,773,736,元大證券,2024-07-23,9800
00772B,中信高評級公司債,1485,749,736,元大證券,2024-07-23,9800
00733,富邦臺灣中小,807,109,698,元大證券,2024-07-23,9800
00935,野村臺灣新科技50,1243,569,674,元大證券,2024-07-23,9800
2618,長榮航,2440,1796,644,元大證券,2024-07-23,9800
2867,三商壽,915,284,631,元大證券,2024-07-23,9800
00661,元大日經225,877,257,620,元大證券,2024-07-23,9800
00674R,期元大S＆P黃金反1,668,61,607,元大證券,2024-07-23,9800
1303,南亞,664,66,598,元大證券,2024-07-23,9800
00909,國泰數位支付服務,762,206,556,元大證券,2024-07-23,9800
2412,中華電,667,127,540,元大證券,2024-07-23,9800
00947,台新臺灣IC設計,1216,676,540,元大證券,2024-07-23,9800
2883,凱基金,2270,1730,540,元大證券,2024-07-23,9800
00692,富邦公司治理,551,15,536,元大證券,2024-07-23,9800
2882,國泰金,975,449,526,元大證券,2024-07-23,9800
006208,富邦台50,1209,696,513,元大證券,2024-07-23,9800
2884,玉山金,1312,810,502,元大證券,2024-07-23,9800
00928,中信上櫃ESG30,939,438,501,元大證券,2024-07-23,9800
5534,長虹,572,74,498,元大證券,2024-07-23,9800
8085,福華,1424,940,484,元大證券,2024-07-23,9800
2330,台積電,1846,1364,482,元大證券,2024-07-23,9800
0055,元大MSCI金融,519,50,469,元大證券,2024-07-23,9800
2002,中鋼,444,1,443,元大證券,2024-07-23,9800
2603,長榮,1493,1062,431,元大證券,2024-07-23,9800
00881,國泰台灣5G+,2687,2301,386,元大證券,2024-07-23,9800
00896,中信綠能及電動車,587,213,374,元大證券,2024-07-23,9800
5880,合庫金,398,25,373,元大證券,2024-07-23,9800
00917,中信特選金融,372,0,372,元大證券,2024-07-23,9800
00931B,統一美債20年,1175,830,345,元大證券,2024-07-23,9800
2520,冠德,1281,954,327,元大證券,2024-07-23,9800
00632R,元大台灣50反1,274117,2054,272063,元大證券,2024-07-26,9800
00671R,富邦NASDAQ反1,11008,167,10841,元大證券,2024-07-26,9800
00664R,國泰臺灣加權反1,10574,323,10251,元大證券,2024-07-26,9800
00673R,期元大S＆P原油反1,10640,901,9739,元大證券,2024-07-26,9800
00948B,中信優息投資級債,13096,4491,8605,元大證券,2024-07-26,9800
00676R,富邦臺灣加權反1,9795,1996,7799,元大證券,2024-07-26,9800
9945,潤泰新,6077,2925,3152,元大證券,2024-07-26,9800
00706L,期元大S＆P日圓正2,4546,2223,2323,元大證券,2024-07-26,9800
020027,元大上櫃ESG成長N,2298,4,2294,元大證券,2024-07-26,9800
00942B,台新美A公司債20+,4715,2437,2278,元大證券,2024-07-26,9800
00648R,元大S＆P500反1,2234,0,2234,元大證券,2024-07-26,9800
2885,元大金,2623,404,2219,元大證券,2024-07-26,9800
00641R,富邦日本反1,2273,127,2146,元大證券,2024-07-26,9800
00772B,中信高評級公司債,3819,1676,2143,元大證券,2024-07-26,9800
2890,永豐金,3209,1130,2079,元大證券,2024-07-26,9800
00665L,富邦�琤肭磪囓�2,13872,11825,2047,元大證券,2024-07-26,9800
00885,富邦越南,1713,27,1686,元大證券,2024-07-26,9800
2324,仁寶,2215,774,1441,元大證券,2024-07-26,9800
2886,兆豐金,2147,829,1318,元大證券,2024-07-26,9800
1605,華新,1795,492,1303,元大證券,2024-07-26,9800
2317,鴻海,5067,3776,1291,元大證券,2024-07-26,9800
00686R,群益臺灣加權反1,1844,576,1268,元大證券,2024-07-26,9800
00751B,元大AAA至A公司債,3502,2261,1241,元大證券,2024-07-26,9800
00764B,群益25年美債,1581,364,1217,元大證券,2024-07-26,9800
00638R,元大滬深300反1,1206,3,1203,元大證券,2024-07-26,9800
00639,富邦深100,2145,1008,1137,元大證券,2024-07-26,9800
1102,亞泥,1412,297,1115,元大證券,2024-07-26,9800
00857B,永豐20年美公債,1883,771,1112,元大證券,2024-07-26,9800
1303,南亞,1641,541,1100,元大證券,2024-07-26,9800
00669R,國泰美國道瓊反1,1299,202,1097,元大證券,2024-07-26,9800
00722B,群益投資級電信債,1781,687,1094,元大證券,2024-07-26,9800
3481,群創,17661,16577,1084,元大證券,2024-07-26,9800
00877,復華中國5G,1438,428,1010,元大證券,2024-07-26,9800
00945B,凱基美國非投等債,3107,2176,931,元大證券,2024-07-26,9800
00720B,元大投資級公司債,2634,1710,924,元大證券,2024-07-26,9800
00655L,國泰中國A50正2,2495,1573,922,元大證券,2024-07-26,9800
00901,永豐智能車供應鏈,874,17,857,元大證券,2024-07-26,9800
2105,正新,1162,326,836,元大證券,2024-07-26,9800
3702,大聯大,1021,218,803,元大證券,2024-07-26,9800
4958,臻鼎-KY,1697,908,789,元大證券,2024-07-26,9800
00708L,期元大S＆P黃金正2,1426,642,784,元大證券,2024-07-26,9800
00674R,期元大S＆P黃金反1,829,65,764,元大證券,2024-07-26,9800
006205,富邦上証,1195,437,758,元大證券,2024-07-26,9800
00922,國泰台灣領袖50,1862,1108,754,元大證券,2024-07-26,9800
8028,昇陽半導體,4339,3625,714,元大證券,2024-07-26,9800
2027,大成鋼,1026,331,695,元大證券,2024-07-26,9800
00911,兆豐洲際半導體,1034,384,650,元大證券,2024-07-26,9800
2374,佳能,665,77,588,元大證券,2024-07-26,9800
00636,國泰中國A50,1300,715,585,元大證券,2024-07-26,9800
2347,聯強,697,121,576,元大證券,2024-07-26,9800
00673R,期元大S＆P原油反1,12717,232,12485,元大證券,2024-07-29,9800
00650L,復華香港正2,9610,5098,4512,元大證券,2024-07-29,9800
00882,中信中國高股息,3972,9,3963,元大證券,2024-07-29,9800
00664R,國泰臺灣加權反1,6664,3096,3568,元大證券,2024-07-29,9800
00753L,中信中國50正2,4243,725,3518,元大證券,2024-07-29,9800
00931B,統一美債20年,4111,1595,2516,元大證券,2024-07-29,9800
2884,玉山金,2733,740,1993,元大證券,2024-07-29,9800
00665L,富邦�琤肭磪囓�2,9389,7597,1792,元大證券,2024-07-29,9800
2890,永豐金,1933,379,1554,元大證券,2024-07-29,9800
2886,兆豐金,1762,326,1436,元大證券,2024-07-29,9800
2885,元大金,1585,193,1392,元大證券,2024-07-29,9800
2317,鴻海,4652,3348,1304,元大證券,2024-07-29,9800
00631L,元大台灣50正2,1791,810,981,元大證券,2024-07-29,9800
00687B,國泰20年美債,4602,3634,968,元大證券,2024-07-29,9800
006208,富邦台50,1367,406,961,元大證券,2024-07-29,9800
2324,仁寶,1895,974,921,元大證券,2024-07-29,9800
2105,正新,965,77,888,元大證券,2024-07-29,9800
00904,新光臺灣半導體30,1032,206,826,元大證券,2024-07-29,9800
00675L,富邦臺灣加權正2,1531,722,809,元大證券,2024-07-29,9800
1605,華新,1093,289,804,元大證券,2024-07-29,9800
2880,華南金,1751,955,796,元大證券,2024-07-29,9800
2393,億光,883,102,781,元大證券,2024-07-29,9800
1102,亞泥,870,119,751,元大證券,2024-07-29,9800
00676R,富邦臺灣加權反1,3985,3301,684,元大證券,2024-07-29,9800
2356,英業達,2640,1977,663,元大證券,2024-07-29,9800
00712,復華富時不動產,925,271,654,元大證券,2024-07-29,9800
3711,日月光投控,1818,1165,653,元大證券,2024-07-29,9800
00751B,元大AAA至A公司債,2111,1484,627,元大證券,2024-07-29,9800
00885,富邦越南,634,15,619,元大證券,2024-07-29,9800
00935,野村臺灣新科技50,1105,514,591,元大證券,2024-07-29,9800
1303,南亞,657,78,579,元大證券,2024-07-29,9800
2888,新光金,5593,5020,573,元大證券,2024-07-29,9800
2308,台達電,952,390,562,元大證券,2024-07-29,9800
1216,統一,821,263,558,元大證券,2024-07-29,9800
2353,宏��,1084,578,506,元大證券,2024-07-29,9800
3702,大聯大,489,21,468,元大證券,2024-07-29,9800
2883,凱基金,2746,2298,448,元大證券,2024-07-29,9800
2881,富邦金,1324,878,446,元大證券,2024-07-29,9800
00692,富邦公司治理,474,31,443,元大證券,2024-07-29,9800
00752,中信中國50,983,543,440,元大證券,2024-07-29,9800
00941,中信上游半導體,843,409,434,元大證券,2024-07-29,9800
2027,大成鋼,499,90,409,元大證券,2024-07-29,9800
2542,興富發,1619,1223,396,元大證券,2024-07-29,9800
4938,和碩,405,14,391,元大證券,2024-07-29,9800
6535,順藥,391,3,388,元大證券,2024-07-29,9800
8103,瀚荃,458,98,360,元大證券,2024-07-29,9800
2347,聯強,371,17,354,元大證券,2024-07-29,9800
00681R,元大美債20反1,340,0,340,元大證券,2024-07-29,9800
00641R,富邦日本反1,753,426,327,元大證券,2024-07-29,9800
00911,兆豐洲際半導體,349,23,326,元大證券,2024-07-29,9800
00632R,元大台灣50反1,107931,29081,78850,元大證券,2024-07-30,9800
00673R,期元大S＆P原油反1,20399,380,20019,元大證券,2024-07-30,9800
00948B,中信優息投資級債,7964,3364,4600,元大證券,2024-07-30,9800
2890,永豐金,6580,2486,4094,元大證券,2024-07-30,9800
3481,群創,11738,7685,4053,元大證券,2024-07-30,9800
00940,元大台灣價值高息,19081,16133,2948,元大證券,2024-07-30,9800
00931B,統一美債20年,3126,307,2819,元大證券,2024-07-30,9800
00939,統一台灣高息動能,8844,6038,2806,元大證券,2024-07-30,9800
00664R,國泰臺灣加權反1,7914,5143,2771,元大證券,2024-07-30,9800
00885,富邦越南,1681,0,1681,元大證券,2024-07-30,9800
00903,富邦元宇宙,1584,18,1566,元大證券,2024-07-30,9800
00941,中信上游半導體,2576,1089,1487,元大證券,2024-07-30,9800
00881,國泰台灣5G+,3505,2129,1376,元大證券,2024-07-30,9800
2027,大成鋼,1457,113,1344,元大證券,2024-07-30,9800
00942B,台新美A公司債20+,3788,2544,1244,元大證券,2024-07-30,9800
00927,群益半導體收益,2392,1210,1182,元大證券,2024-07-30,9800
2883,凱基金,2750,1607,1143,元大證券,2024-07-30,9800
00921,兆豐龍頭等權重,1530,487,1043,元大證券,2024-07-30,9800
2880,華南金,1057,59,998,元大證券,2024-07-30,9800
00857B,永豐20年美公債,1157,254,903,元大證券,2024-07-30,9800
00733,富邦臺灣中小,1200,304,896,元大證券,2024-07-30,9800
00943,兆豐電子高息等權,1299,420,879,元大證券,2024-07-30,9800
2317,鴻海,2113,1240,873,元大證券,2024-07-30,9800
00900,富邦特選高股息30,2062,1210,852,元大證券,2024-07-30,9800
00888,永豐台灣ESG,1177,396,781,元大證券,2024-07-30,9800
00892,富邦台灣半導體,1836,1062,774,元大證券,2024-07-30,9800
00676R,富邦臺灣加權反1,4680,3907,773,元大證券,2024-07-30,9800
00893,國泰智能電動車,969,255,714,元大證券,2024-07-30,9800
6257,矽格,696,35,661,元大證券,2024-07-30,9800
2845,遠東銀,1162,530,632,元大證券,2024-07-30,9800
5534,長虹,852,221,631,元大證券,2024-07-30,9800
3711,日月光投控,1761,1138,623,元大證券,2024-07-30,9800
2885,元大金,758,136,622,元大證券,2024-07-30,9800
2301,光寶科,1552,993,559,元大證券,2024-07-30,9800
2886,兆豐金,931,378,553,元大證券,2024-07-30,9800
00638R,元大滬深300反1,562,20,542,元大證券,2024-07-30,9800
2353,宏��,1842,1305,537,元大證券,2024-07-30,9800
00696B,富邦美債20年,1210,685,525,元大證券,2024-07-30,9800
00641R,富邦日本反1,622,109,513,元大證券,2024-07-30,9800
00895,富邦未來車,556,47,509,元大證券,2024-07-30,9800
1609,大亞,1057,575,482,元大證券,2024-07-30,9800
4915,致伸,1365,884,481,元大證券,2024-07-30,9800
2324,仁寶,1218,752,466,元大證券,2024-07-30,9800
1102,亞泥,525,61,464,元大證券,2024-07-30,9800
2313,華通,864,410,454,元大證券,2024-07-30,9800
00913,兆豐台灣晶圓製造,593,164,429,元大證券,2024-07-30,9800
00669R,國泰美國道瓊反1,698,272,426,元大證券,2024-07-30,9800
2615,萬海,1302,893,409,元大證券,2024-07-30,9800
1319,東陽,460,62,398,元大證券,2024-07-30,9800
2105,正新,626,235,391,元大證券,2024-07-30,9800
00673R,期元大S＆P原油反1,11751,1714,10037,元大證券,2024-07-31,9800
00632R,元大台灣50反1,40449,32196,8253,元大證券,2024-07-31,9800
2337,旺宏,12877,6423,6454,元大證券,2024-07-31,9800
00637L,元大滬深300正2,16767,11264,5503,元大證券,2024-07-31,9800
00753L,中信中國50正2,5107,557,4550,元大證券,2024-07-31,9800
00665L,富邦�琤肭磪囓�2,8843,5855,2988,元大證券,2024-07-31,9800
2891,中信金,3458,717,2741,元大證券,2024-07-31,9800
2890,永豐金,2553,259,2294,元大證券,2024-07-31,9800
2027,大成鋼,2342,64,2278,元大證券,2024-07-31,9800
00885,富邦越南,1700,0,1700,元大證券,2024-07-31,9800
9904,寶成,1685,173,1512,元大證券,2024-07-31,9800
5871,中租-KY,1574,95,1479,元大證券,2024-07-31,9800
4915,致伸,1601,129,1472,元大證券,2024-07-31,9800
2618,長榮航,2314,891,1423,元大證券,2024-07-31,9800
00931B,統一美債20年,4659,3516,1143,元大證券,2024-07-31,9800
00671R,富邦NASDAQ反1,1893,761,1132,元大證券,2024-07-31,9800
9933,中鼎,1019,17,1002,元大證券,2024-07-31,9800
00633L,富邦上証正2,1646,786,860,元大證券,2024-07-31,9800
1216,統一,1497,680,817,元大證券,2024-07-31,9800
2880,華南金,1168,369,799,元大證券,2024-07-31,9800
00764B,群益25年美債,1677,884,793,元大證券,2024-07-31,9800
2892,第一金,3031,2332,699,元大證券,2024-07-31,9800
00648R,元大S＆P500反1,660,7,653,元大證券,2024-07-31,9800
00882,中信中國高股息,2489,1852,637,元大證券,2024-07-31,9800
3037,欣興,2500,1868,632,元大證券,2024-07-31,9800
6147,頎邦,674,105,569,元大證券,2024-07-31,9800
00894,中信小資高價30,931,390,541,元大證券,2024-07-31,9800
00795B,中信美國公債20年,3971,3468,503,元大證券,2024-07-31,9800
00643,群益深証中小,649,162,487,元大證券,2024-07-31,9800
2610,華航,1038,552,486,元大證券,2024-07-31,9800
6257,矽格,609,143,466,元大證券,2024-07-31,9800
3231,緯創,1060,602,458,元大證券,2024-07-31,9800
1102,亞泥,522,82,440,元大證券,2024-07-31,9800
6278,台表科,528,97,431,元大證券,2024-07-31,9800
3035,智原,1315,902,413,元大證券,2024-07-31,9800
00857B,永豐20年美公債,2342,1935,407,元大證券,2024-07-31,9800
2882,國泰金,797,392,405,元大證券,2024-07-31,9800
00923,群益台ESG低碳50,950,573,377,元大證券,2024-07-31,9800
00951,台新日本半導體,3155,2780,375,元大證券,2024-07-31,9800
00639,富邦深100,429,61,368,元大證券,2024-07-31,9800
3711,日月光投控,1720,1369,351,元大證券,2024-07-31,9800
2363,矽統,1565,1215,350,元大證券,2024-07-31,9800
00944,野村趨勢動能高息,1191,847,344,元大證券,2024-07-31,9800
3374,精材,1368,1024,344,元大證券,2024-07-31,9800
2881,富邦金,761,425,336,元大證券,2024-07-31,9800
00907,永豐優息存股,1041,709,332,元大證券,2024-07-31,9800
2530,華建,519,188,331,元大證券,2024-07-31,9800
00921,兆豐龍頭等權重,588,270,318,元大證券,2024-07-31,9800
2324,仁寶,680,373,307,元大證券,2024-07-31,9800
006205,富邦上証,312,20,292,元大證券,2024-07-31,9800
00933B,國泰10Y+金融債,12936,2924,10012,元大證券,2024-08-01,9800
00948B,中信優息投資級債,10488,3939,6549,元大證券,2024-08-01,9800
00715L,期街口布蘭特正2,11995,5909,6086,元大證券,2024-08-01,9800
00706L,期元大S＆P日圓正2,11142,5163,5979,元大證券,2024-08-01,9800
2303,聯電,14081,8929,5152,元大證券,2024-08-01,9800
00673R,期元大S＆P原油反1,7772,3227,4545,元大證券,2024-08-01,9800
2892,第一金,4852,437,4415,元大證券,2024-08-01,9800
00757,統一FANG+,3762,268,3494,元大證券,2024-08-01,9800
00942B,台新美A公司債20+,6099,3082,3017,元大證券,2024-08-01,9800
00950B,凱基A級公司債,4558,2088,2470,元大證券,2024-08-01,9800
00940,元大台灣價值高息,7807,5448,2359,元大證券,2024-08-01,9800
2027,大成鋼,2183,101,2082,元大證券,2024-08-01,9800
2449,京元電子,4558,2521,2037,元大證券,2024-08-01,9800
00885,富邦越南,2500,492,2008,元大證券,2024-08-01,9800
00751B,元大AAA至A公司債,3765,1881,1884,元大證券,2024-08-01,9800
00772B,中信高評級公司債,3623,1750,1873,元大證券,2024-08-01,9800
00931B,統一美債20年,4692,2959,1733,元大證券,2024-08-01,9800
00764B,群益25年美債,2721,1147,1574,元大證券,2024-08-01,9800
00773B,中信優先金融債,2178,676,1502,元大證券,2024-08-01,9800
00642U,期元大S＆P石油,2195,754,1441,元大證券,2024-08-01,9800
00725B,國泰投資級公司債,2677,1379,1298,元大證券,2024-08-01,9800
00951,台新日本半導體,6870,5577,1293,元大證券,2024-08-01,9800
3711,日月光投控,1947,714,1233,元大證券,2024-08-01,9800
00939,統一台灣高息動能,4825,3608,1217,元大證券,2024-08-01,9800
2897A,王道銀甲特,1127,0,1127,元大證券,2024-08-01,9800
00665L,富邦�琤肭磪囓�2,11221,10155,1066,元大證券,2024-08-01,9800
00857B,永豐20年美公債,2011,963,1048,元大證券,2024-08-01,9800
00722B,群益投資級電信債,1698,676,1022,元大證券,2024-08-01,9800
00674R,期元大S＆P黃金反1,1181,224,957,元大證券,2024-08-01,9800
00902,中信電池及儲能,1077,174,903,元大證券,2024-08-01,9800
00740B,富邦全球投等債,1373,482,891,元大證券,2024-08-01,9800
2317,鴻海,3410,2524,886,元大證券,2024-08-01,9800
00650L,復華香港正2,4243,3395,848,元大證券,2024-08-01,9800
00696B,富邦美債20年,2379,1544,835,元大證券,2024-08-01,9800
00712,復華富時不動產,1488,712,776,元大證券,2024-08-01,9800
2301,光寶科,2815,2044,771,元大證券,2024-08-01,9800
1216,統一,1582,825,757,元大證券,2024-08-01,9800
00882,中信中國高股息,2349,1649,700,元大證券,2024-08-01,9800
00641R,富邦日本反1,867,171,696,元大證券,2024-08-01,9800
2883,凱基金,2136,1451,685,元大證券,2024-08-01,9800
2884,玉山金,1453,777,676,元大證券,2024-08-01,9800
00761B,國泰A級公司債,675,0,675,元大證券,2024-08-01,9800
00746B,富邦A級公司債,744,73,671,元大證券,2024-08-01,9800
0056,元大高股息,849,203,646,元大證券,2024-08-01,9800
00752,中信中國50,1154,572,582,元大證券,2024-08-01,9800
2885,元大金,1062,482,580,元大證券,2024-08-01,9800
2360,致茂,681,116,565,元大證券,2024-08-01,9800
5534,長虹,769,206,563,元大證券,2024-08-01,9800
2409,友達,2332,1780,552,元大證券,2024-08-01,9800
00909,國泰數位支付服務,566,15,551,元大證券,2024-08-01,9800
00632R,元大台灣50反1,212231,72396,139835,元大證券,2024-08-02,9800
00676R,富邦臺灣加權反1,12279,3999,8280,元大證券,2024-08-02,9800
00664R,國泰臺灣加權反1,11192,3591,7601,元大證券,2024-08-02,9800
2890,永豐金,7665,2066,5599,元大證券,2024-08-02,9800
00686R,群益臺灣加權反1,5674,357,5317,元大證券,2024-08-02,9800
00934,中信成長高股息,11421,8720,2701,元大證券,2024-08-02,9800
2027,大成鋼,2737,192,2545,元大證券,2024-08-02,9800
2891,中信金,6388,4195,2193,元大證券,2024-08-02,9800
00939,統一台灣高息動能,7796,5761,2035,元大證券,2024-08-02,9800
2892,第一金,3128,1284,1844,元大證券,2024-08-02,9800
00706L,期元大S＆P日圓正2,8595,6844,1751,元大證券,2024-08-02,9800
00942B,台新美A公司債20+,4260,2725,1535,元大證券,2024-08-02,9800
00902,中信電池及儲能,1688,249,1439,元大證券,2024-08-02,9800
00882,中信中國高股息,4200,2780,1420,元大證券,2024-08-02,9800
00650L,復華香港正2,9125,7830,1295,元大證券,2024-08-02,9800
00712,復華富時不動產,1391,323,1068,元大證券,2024-08-02,9800
2002,中鋼,1752,740,1012,元大證券,2024-08-02,9800
9938,百和,1031,36,995,元大證券,2024-08-02,9800
00641R,富邦日本反1,1216,431,785,元大證券,2024-08-02,9800
2324,仁寶,2330,1591,739,元大證券,2024-08-02,9800
00633L,富邦上証正2,2022,1283,739,元大證券,2024-08-02,9800
1402,遠東新,1987,1265,722,元大證券,2024-08-02,9800
00722B,群益投資級電信債,1073,404,669,元大證券,2024-08-02,9800
1102,亞泥,830,171,659,元大證券,2024-08-02,9800
00751B,元大AAA至A公司債,3273,2618,655,元大證券,2024-08-02,9800
1605,華新,1196,552,644,元大證券,2024-08-02,9800
00636,國泰中國A50,784,165,619,元大證券,2024-08-02,9800
00757,統一FANG+,2163,1549,614,元大證券,2024-08-02,9800
2105,正新,1097,508,589,元大證券,2024-08-02,9800
00719B,元大美債1-3,665,111,554,元大證券,2024-08-02,9800
1319,東陽,602,49,553,元大證券,2024-08-02,9800
2301,光寶科,4676,4159,517,元大證券,2024-08-02,9800
3680,家登,530,23,507,元大證券,2024-08-02,9800
00724B,群益投資級金融債,1070,597,473,元大證券,2024-08-02,9800
00864B,中信美國公債0-1,396,0,396,元大證券,2024-08-02,9800
2347,聯強,687,292,395,元大證券,2024-08-02,9800
00903,富邦元宇宙,531,168,363,元大證券,2024-08-02,9800
3702,大聯大,1121,758,363,元大證券,2024-08-02,9800
1303,南亞,801,438,363,元大證券,2024-08-02,9800
00912,中信臺灣智慧50,1527,1166,361,元大證券,2024-08-02,9800
00725B,國泰投資級公司債,1790,1431,359,元大證券,2024-08-02,9800
2885,元大金,1443,1100,343,元大證券,2024-08-02,9800
00888,永豐台灣ESG,1802,1461,341,元大證券,2024-08-02,9800
00773B,中信優先金融債,473,144,329,元大證券,2024-08-02,9800
00945B,凱基美國非投等債,2509,2207,302,元大證券,2024-08-02,9800
00752,中信中國50,848,570,278,元大證券,2024-08-02,9800
2442,新美齊,615,362,253,元大證券,2024-08-02,9800
006206,元大上證50,257,5,252,元大證券,2024-08-02,9800
00653L,富邦印度正2,264,13,251,元大證券,2024-08-02,9800
2312,金寶,800,552,248,元大證券,2024-08-02,9800
00632R,元大台灣50反1,517618,28116,489502,元大證券,2024-08-05,9800
00673R,期元大S＆P原油反1,34632,990,33642,元大證券,2024-08-05,9800
00706L,期元大S＆P日圓正2,32138,5343,26795,元大證券,2024-08-05,9800
2888,新光金,32058,17070,14988,元大證券,2024-08-05,9800
00676R,富邦臺灣加權反1,20694,7419,13275,元大證券,2024-08-05,9800
2890,永豐金,13161,3778,9383,元大證券,2024-08-05,9800
00882,中信中國高股息,11654,2476,9178,元大證券,2024-08-05,9800
00937B,群益ESG投等債20,28108,20457,7651,元大證券,2024-08-05,9800
2892,第一金,8023,2556,5467,元大證券,2024-08-05,9800
00885,富邦越南,4513,145,4368,元大證券,2024-08-05,9800
00857B,永豐20年美公債,5162,1301,3861,元大證券,2024-08-05,9800
00686R,群益臺灣加權反1,4047,1280,2767,元大證券,2024-08-05,9800
00712,復華富時不動產,9900,7212,2688,元大證券,2024-08-05,9800
00637L,元大滬深300正2,13761,11269,2492,元大證券,2024-08-05,9800
00934,中信成長高股息,11041,8639,2402,元大證券,2024-08-05,9800
5534,長虹,2657,347,2310,元大證券,2024-08-05,9800
00888,永豐台灣ESG,3660,1469,2191,元大證券,2024-08-05,9800
00655L,國泰中國A50正2,2849,1021,1828,元大證券,2024-08-05,9800
00902,中信電池及儲能,2440,620,1820,元大證券,2024-08-05,9800
00893,國泰智能電動車,2000,196,1804,元大證券,2024-08-05,9800
00752,中信中國50,1901,221,1680,元大證券,2024-08-05,9800
4915,致伸,1935,276,1659,元大證券,2024-08-05,9800
00764B,群益25年美債,1820,206,1614,元大證券,2024-08-05,9800
00895,富邦未來車,2002,470,1532,元大證券,2024-08-05,9800
1504,東元,1858,424,1434,元大證券,2024-08-05,9800
00636,國泰中國A50,2024,750,1274,元大證券,2024-08-05,9800
00753L,中信中國50正2,6542,5283,1259,元大證券,2024-08-05,9800
00687B,國泰20年美債,37255,36063,1192,元大證券,2024-08-05,9800
3711,日月光投控,2885,1741,1144,元大證券,2024-08-05,9800
00652,富邦印度,1046,8,1038,元大證券,2024-08-05,9800
8070,長華*,1244,247,997,元大證券,2024-08-05,9800
00645,富邦日本,1944,1079,865,元大證券,2024-08-05,9800
00696B,富邦美債20年,3438,2586,852,元大證券,2024-08-05,9800
00674R,期元大S＆P黃金反1,1002,151,851,元大證券,2024-08-05,9800
00638R,元大滬深300反1,1222,373,849,元大證券,2024-08-05,9800
2324,仁寶,2455,1619,836,元大證券,2024-08-05,9800
1605,華新,2215,1445,770,元大證券,2024-08-05,9800
00665L,富邦�琤肭磪囓�2,15708,14959,749,元大證券,2024-08-05,9800
6191,精成科,854,170,684,元大證券,2024-08-05,9800
2885,元大金,2685,2022,663,元大證券,2024-08-05,9800
1102,亞泥,1288,629,659,元大證券,2024-08-05,9800
00648R,元大S＆P500反1,1611,984,627,元大證券,2024-08-05,9800
2105,正新,1039,463,576,元大證券,2024-08-05,9800
00901,永豐智能車供應鏈,633,58,575,元大證券,2024-08-05,9800
2027,大成鋼,893,324,569,元大證券,2024-08-05,9800
00926,凱基全球菁英55,1083,527,556,元大證券,2024-08-05,9800
00719B,元大美債1-3,994,440,554,元大證券,2024-08-05,9800
00751B,元大AAA至A公司債,2710,2188,522,元大證券,2024-08-05,9800
00657,國泰日經225,1150,636,514,元大證券,2024-08-05,9800
3680,家登,537,44,493,元大證券,2024-08-05,9800
00687B,國泰20年美債,82716,34780,47936,元大證券,2024-08-06,9800
00688L,國泰20年美債正2,52138,9161,42977,元大證券,2024-08-06,9800
2888,新光金,54207,15917,38290,元大證券,2024-08-06,9800
00680L,元大美債20正2,43416,12304,31112,元大證券,2024-08-06,9800
00669R,國泰美國道瓊反1,12701,346,12355,元大證券,2024-08-06,9800
00673R,期元大S＆P原油反1,11555,923,10632,元大證券,2024-08-06,9800
00706L,期元大S＆P日圓正2,19978,9922,10056,元大證券,2024-08-06,9800
00679B,元大美債20年,55455,46134,9321,元大證券,2024-08-06,9800
00937B,群益ESG投等債20,16292,9590,6702,元大證券,2024-08-06,9800
00665L,富邦�琤肭磪囓�2,16027,10848,5179,元大證券,2024-08-06,9800
00857B,永豐20年美公債,6270,1103,5167,元大證券,2024-08-06,9800
00931B,統一美債20年,8574,4380,4194,元大證券,2024-08-06,9800
00671R,富邦NASDAQ反1,6351,2562,3789,元大證券,2024-08-06,9800
00650L,復華香港正2,9289,5570,3719,元大證券,2024-08-06,9800
00942B,台新美A公司債20+,6666,3545,3121,元大證券,2024-08-06,9800
00753L,中信中國50正2,4265,1195,3070,元大證券,2024-08-06,9800
00934,中信成長高股息,14215,11562,2653,元大證券,2024-08-06,9800
00648R,元大S＆P500反1,2045,0,2045,元大證券,2024-08-06,9800
1504,東元,2542,499,2043,元大證券,2024-08-06,9800
2324,仁寶,3867,1844,2023,元大證券,2024-08-06,9800
2890,永豐金,3996,2131,1865,元大證券,2024-08-06,9800
00764B,群益25年美債,3974,2216,1758,元大證券,2024-08-06,9800
2884,玉山金,4180,2504,1676,元大證券,2024-08-06,9800
2897,王道銀行,2495,846,1649,元大證券,2024-08-06,9800
00645,富邦日本,2609,965,1644,元大證券,2024-08-06,9800
2886,兆豐金,3077,1535,1542,元大證券,2024-08-06,9800
2885,元大金,2771,1290,1481,元大證券,2024-08-06,9800
00795B,中信美國公債20年,8797,7331,1466,元大證券,2024-08-06,9800
6147,頎邦,1602,269,1333,元大證券,2024-08-06,9800
00640L,富邦日本正2,2288,1009,1279,元大證券,2024-08-06,9800
2887,台新金,3769,2667,1102,元大證券,2024-08-06,9800
4938,和碩,1748,756,992,元大證券,2024-08-06,9800
3231,緯創,3726,2753,973,元大證券,2024-08-06,9800
00945B,凱基美國非投等債,3269,2381,888,元大證券,2024-08-06,9800
2883,凱基金,6098,5217,881,元大證券,2024-08-06,9800
5347,世界,3169,2302,867,元大證券,2024-08-06,9800
2330,台積電,3673,2813,860,元大證券,2024-08-06,9800
00943,兆豐電子高息等權,2126,1276,850,元大證券,2024-08-06,9800
00911,兆豐洲際半導體,2890,2045,845,元大證券,2024-08-06,9800
1216,統一,1599,754,845,元大證券,2024-08-06,9800
2303,聯電,7975,7225,750,元大證券,2024-08-06,9800
00939,統一台灣高息動能,9004,8294,710,元大證券,2024-08-06,9800
5880,合庫金,1545,851,694,元大證券,2024-08-06,9800
00773B,中信優先金融債,835,141,694,元大證券,2024-08-06,9800
1102,亞泥,1079,405,674,元大證券,2024-08-06,9800
2892,第一金,2075,1403,672,元大證券,2024-08-06,9800
1303,南亞,1298,652,646,元大證券,2024-08-06,9800
00888,永豐台灣ESG,3170,2532,638,元大證券,2024-08-06,9800
2356,英業達,3358,2735,623,元大證券,2024-08-06,9800
1513,中興電,2919,2300,619,元大證券,2024-08-06,9800
00706L,期元大S＆P日圓正2,30832,15506,15326,元大證券,2024-08-07,9800
00673R,期元大S＆P原油反1,12405,588,11817,元大證券,2024-08-07,9800
00671R,富邦NASDAQ反1,7876,955,6921,元大證券,2024-08-07,9800
00937B,群益ESG投等債20,12243,6385,5858,元大證券,2024-08-07,9800
2890,永豐金,4730,853,3877,元大證券,2024-08-07,9800
00687B,國泰20年美債,20712,16884,3828,元大證券,2024-08-07,9800
00637L,元大滬深300正2,11299,7907,3392,元大證券,2024-08-07,9800
00882,中信中國高股息,4431,1140,3291,元大證券,2024-08-07,9800
2886,兆豐金,3881,819,3062,元大證券,2024-08-07,9800
00934,中信成長高股息,5257,2378,2879,元大證券,2024-08-07,9800
00680L,元大美債20正2,19538,16672,2866,元大證券,2024-08-07,9800
00753L,中信中國50正2,3282,500,2782,元大證券,2024-08-07,9800
2317,鴻海,9066,6397,2669,元大證券,2024-08-07,9800
00922,國泰台灣領袖50,3163,572,2591,元大證券,2024-08-07,9800
00939,統一台灣高息動能,6675,4593,2082,元大證券,2024-08-07,9800
00946,群益科技高息成長,10150,8215,1935,元大證券,2024-08-07,9800
00941,中信上游半導體,1972,459,1513,元大證券,2024-08-07,9800
00720B,元大投資級公司債,2997,1534,1463,元大證券,2024-08-07,9800
2884,玉山金,2410,1006,1404,元大證券,2024-08-07,9800
2615,萬海,4389,3144,1245,元大證券,2024-08-07,9800
00885,富邦越南,2743,1499,1244,元大證券,2024-08-07,9800
00928,中信上櫃ESG30,1374,134,1240,元大證券,2024-08-07,9800
00648R,元大S＆P500反1,1132,18,1114,元大證券,2024-08-07,9800
3037,欣興,4089,3010,1079,元大證券,2024-08-07,9800
2408,南亞科,2903,1836,1067,元大證券,2024-08-07,9800
00773B,中信優先金融債,1025,20,1005,元大證券,2024-08-07,9800
00950B,凱基A級公司債,2293,1366,927,元大證券,2024-08-07,9800
00888,永豐台灣ESG,2134,1228,906,元大證券,2024-08-07,9800
00669R,國泰美國道瓊反1,910,6,904,元大證券,2024-08-07,9800
00897,富邦基因免疫生技,991,111,880,元大證券,2024-08-07,9800
00751B,元大AAA至A公司債,3592,2724,868,元大證券,2024-08-07,9800
00696B,富邦美債20年,2894,2045,849,元大證券,2024-08-07,9800
00949,復華日本龍頭,3142,2327,815,元大證券,2024-08-07,9800
00690,兆豐藍籌30,909,129,780,元大證券,2024-08-07,9800
2609,陽明,2642,1872,770,元大證券,2024-08-07,9800
00633L,富邦上証正2,1395,662,733,元大證券,2024-08-07,9800
00631L,元大台灣50正2,4632,3909,723,元大證券,2024-08-07,9800
020023,元大櫃買半導體N,1528,827,701,元大證券,2024-08-07,9800
4958,臻鼎-KY,1455,768,687,元大證券,2024-08-07,9800
00733,富邦臺灣中小,1358,707,651,元大證券,2024-08-07,9800
00944,野村趨勢動能高息,1187,548,639,元大證券,2024-08-07,9800
00907,永豐優息存股,1741,1106,635,元大證券,2024-08-07,9800
00674R,期元大S＆P黃金反1,758,242,516,元大證券,2024-08-07,9800
00675L,富邦臺灣加權正2,3263,2753,510,元大證券,2024-08-07,9800
00921,兆豐龍頭等權重,759,303,456,元大證券,2024-08-07,9800
00685L,群益臺灣加權正2,1108,653,455,元大證券,2024-08-07,9800
3036,文曄,686,238,448,元大證券,2024-08-07,9800
00924,復華S＆P500成長,1286,854,432,元大證券,2024-08-07,9800
9941,裕融,475,54,421,元大證券,2024-08-07,9800
2385,群光,519,103,416,元大證券,2024-08-07,9800
00632R,元大台灣50反1,113237,79168,34069,元大證券,2024-08-08,9800
00937B,群益ESG投等債20,45217,24439,20778,元大證券,2024-08-08,9800
00676R,富邦臺灣加權反1,11613,3328,8285,元大證券,2024-08-08,9800
00706L,期元大S＆P日圓正2,12359,5013,7346,元大證券,2024-08-08,9800
00650L,復華香港正2,11363,5063,6300,元大證券,2024-08-08,9800
00665L,富邦�琤肭磪囓�2,15486,10715,4771,元大證券,2024-08-08,9800
00715L,期街口布蘭特正2,14547,10023,4524,元大證券,2024-08-08,9800
00637L,元大滬深300正2,14391,10441,3950,元大證券,2024-08-08,9800
00885,富邦越南,2420,160,2260,元大證券,2024-08-08,9800
00941,中信上游半導體,3301,1406,1895,元大證券,2024-08-08,9800
00950B,凱基A級公司債,4071,2300,1771,元大證券,2024-08-08,9800
00724B,群益投資級金融債,2182,478,1704,元大證券,2024-08-08,9800
2883,凱基金,5494,3811,1683,元大證券,2024-08-08,9800
00751B,元大AAA至A公司債,4328,2687,1641,元大證券,2024-08-08,9800
00753L,中信中國50正2,3618,2032,1586,元大證券,2024-08-08,9800
00720B,元大投資級公司債,3224,1868,1356,元大證券,2024-08-08,9800
00673R,期元大S＆P原油反1,4664,3374,1290,元大證券,2024-08-08,9800
00696B,富邦美債20年,2786,1546,1240,元大證券,2024-08-08,9800
00671R,富邦NASDAQ反1,2249,1055,1194,元大證券,2024-08-08,9800
2615,萬海,3861,2704,1157,元大證券,2024-08-08,9800
00895,富邦未來車,1245,384,861,元大證券,2024-08-08,9800
6274,台燿,1112,322,790,元大證券,2024-08-08,9800
00722B,群益投資級電信債,1540,824,716,元大證券,2024-08-08,9800
00740B,富邦全球投等債,1357,641,716,元大證券,2024-08-08,9800
00945B,凱基美國非投等債,2679,1973,706,元大證券,2024-08-08,9800
00772B,中信高評級公司債,2171,1474,697,元大證券,2024-08-08,9800
00633L,富邦上証正2,1680,1004,676,元大證券,2024-08-08,9800
3231,緯創,4080,3481,599,元大證券,2024-08-08,9800
8996,高力,968,381,587,元大證券,2024-08-08,9800
2603,長榮,1863,1280,583,元大證券,2024-08-08,9800
2313,華通,1203,624,579,元大證券,2024-08-08,9800
00655L,國泰中國A50正2,784,217,567,元大證券,2024-08-08,9800
2449,京元電子,2387,1825,562,元大證券,2024-08-08,9800
2385,群光,829,326,503,元大證券,2024-08-08,9800
00920,富邦ESG綠色電力,668,184,484,元大證券,2024-08-08,9800
00639,富邦深100,492,25,467,元大證券,2024-08-08,9800
00903,富邦元宇宙,476,33,443,元大證券,2024-08-08,9800
00922,國泰台灣領袖50,1567,1126,441,元大證券,2024-08-08,9800
2382,廣達,3369,2934,435,元大證券,2024-08-08,9800
00939,統一台灣高息動能,4087,3661,426,元大證券,2024-08-08,9800
3189,景碩,2193,1768,425,元大證券,2024-08-08,9800
00641R,富邦日本反1,1516,1093,423,元大證券,2024-08-08,9800
00746B,富邦A級公司債,508,93,415,元大證券,2024-08-08,9800
2489,瑞軒,2612,2234,378,元大證券,2024-08-08,9800
00948B,中信優息投資級債,5821,5452,369,元大證券,2024-08-08,9800
3680,家登,403,40,363,元大證券,2024-08-08,9800
00764B,群益25年美債,1218,884,334,元大證券,2024-08-08,9800
00725B,國泰投資級公司債,2040,1739,301,元大證券,2024-08-08,9800
00636,國泰中國A50,326,38,288,元大證券,2024-08-08,9800
00709,富邦歐洲,267,0,267,元大證券,2024-08-08,9800
00687B,國泰20年美債,21821,9822,11999,元大證券,2024-08-09,9800
00942B,台新美A公司債20+,9248,3828,5420,元大證券,2024-08-09,9800
00764B,群益25年美債,6479,1874,4605,元大證券,2024-08-09,9800
00931B,統一美債20年,7659,3432,4227,元大證券,2024-08-09,9800
00882,中信中國高股息,4640,980,3660,元大證券,2024-08-09,9800
00696B,富邦美債20年,4344,1398,2946,元大證券,2024-08-09,9800
00933B,國泰10Y+金融債,7789,4845,2944,元大證券,2024-08-09,9800
2897,王道銀行,2928,320,2608,元大證券,2024-08-09,9800
3481,群創,12320,10069,2251,元大證券,2024-08-09,9800
00706L,期元大S＆P日圓正2,7354,5385,1969,元大證券,2024-08-09,9800
00857B,永豐20年美公債,3762,1873,1889,元大證券,2024-08-09,9800
00753L,中信中國50正2,3046,1334,1712,元大證券,2024-08-09,9800
00638R,元大滬深300反1,2043,379,1664,元大證券,2024-08-09,9800
00712,復華富時不動產,1717,214,1503,元大證券,2024-08-09,9800
00935,野村臺灣新科技50,2403,1015,1388,元大證券,2024-08-09,9800
00642U,期元大S＆P石油,2187,870,1317,元大證券,2024-08-09,9800
00719B,元大美債1-3,1475,270,1205,元大證券,2024-08-09,9800
00927,群益半導體收益,2408,1374,1034,元大證券,2024-08-09,9800
00746B,富邦A級公司債,1464,439,1025,元大證券,2024-08-09,9800
00671R,富邦NASDAQ反1,2454,1436,1018,元大證券,2024-08-09,9800
00722B,群益投資級電信債,1601,617,984,元大證券,2024-08-09,9800
006208,富邦台50,1857,879,978,元大證券,2024-08-09,9800
3037,欣興,3847,2884,963,元大證券,2024-08-09,9800
00725B,國泰投資級公司債,3718,2800,918,元大證券,2024-08-09,9800
5871,中租-KY,1479,580,899,元大證券,2024-08-09,9800
9907,統一實,925,81,844,元大證券,2024-08-09,9800
00724B,群益投資級金融債,1721,959,762,元大證券,2024-08-09,9800
3013,晟銘電,732,4,728,元大證券,2024-08-09,9800
00685L,群益臺灣加權正2,1169,511,658,元大證券,2024-08-09,9800
00892,富邦台灣半導體,769,142,627,元大證券,2024-08-09,9800
00902,中信電池及儲能,882,269,613,元大證券,2024-08-09,9800
00648R,元大S＆P500反1,830,219,611,元大證券,2024-08-09,9800
1605,華新,1117,523,594,元大證券,2024-08-09,9800
00877,復華中國5G,616,60,556,元大證券,2024-08-09,9800
2449,京元電子,2258,1702,556,元大證券,2024-08-09,9800
00941,中信上游半導體,1182,698,484,元大證券,2024-08-09,9800
00945B,凱基美國非投等債,2613,2198,415,元大證券,2024-08-09,9800
3665,貿聯-KY,494,85,409,元大證券,2024-08-09,9800
2885,元大金,1311,913,398,元大證券,2024-08-09,9800
9941,裕融,446,78,368,元大證券,2024-08-09,9800
2506,太設,456,89,367,元大證券,2024-08-09,9800
00670L,富邦NASDAQ正2,555,214,341,元大證券,2024-08-09,9800
2382,廣達,3897,3575,322,元大證券,2024-08-09,9800
2408,南亞科,1196,885,311,元大證券,2024-08-09,9800
00922,國泰台灣領袖50,806,511,295,元大證券,2024-08-09,9800
6271,同欣電,347,61,286,元大證券,2024-08-09,9800
00921,兆豐龍頭等權重,582,305,277,元大證券,2024-08-09,9800
2618,長榮航,2447,2183,264,元大證券,2024-08-09,9800
00943,兆豐電子高息等權,361,124,237,元大證券,2024-08-09,9800
00740B,富邦全球投等債,1104,898,206,元大證券,2024-08-09,9800
2891,中信金,6042,1445,4597,元大證券,2024-08-12,9800
00715L,期街口布蘭特正2,5353,916,4437,元大證券,2024-08-12,9800
00931B,統一美債20年,4603,2405,2198,元大證券,2024-08-12,9800
00940,元大台灣價值高息,9836,7663,2173,元大證券,2024-08-12,9800
00885,富邦越南,2305,227,2078,元大證券,2024-08-12,9800
2317,鴻海,3973,2452,1521,元大證券,2024-08-12,9800
2603,長榮,2469,995,1474,元大證券,2024-08-12,9800
00941,中信上游半導體,1644,247,1397,元大證券,2024-08-12,9800
3711,日月光投控,2302,915,1387,元大證券,2024-08-12,9800
00637L,元大滬深300正2,8944,7602,1342,元大證券,2024-08-12,9800
00725B,國泰投資級公司債,2106,768,1338,元大證券,2024-08-12,9800
2408,南亞科,1708,431,1277,元大證券,2024-08-12,9800
00650L,復華香港正2,4068,2866,1202,元大證券,2024-08-12,9800
00950B,凱基A級公司債,1532,564,968,元大證券,2024-08-12,9800
00857B,永豐20年美公債,2108,1233,875,元大證券,2024-08-12,9800
2303,聯電,1747,895,852,元大證券,2024-08-12,9800
3036,文曄,1081,244,837,元大證券,2024-08-12,9800
00946,群益科技高息成長,4301,3550,751,元大證券,2024-08-12,9800
00655L,國泰中國A50正2,982,248,734,元大證券,2024-08-12,9800
00642U,期元大S＆P石油,1023,304,719,元大證券,2024-08-12,9800
00752,中信中國50,774,64,710,元大證券,2024-08-12,9800
00675L,富邦臺灣加權正2,2177,1555,622,元大證券,2024-08-12,9800
3035,智原,850,296,554,元大證券,2024-08-12,9800
00651R,復華香港反1,706,164,542,元大證券,2024-08-12,9800
00720B,元大投資級公司債,1543,1007,536,元大證券,2024-08-12,9800
9941,裕融,562,26,536,元大證券,2024-08-12,9800
00751B,元大AAA至A公司債,1562,1066,496,元大證券,2024-08-12,9800
00753L,中信中國50正2,1791,1297,494,元大證券,2024-08-12,9800
5871,中租-KY,780,301,479,元大證券,2024-08-12,9800
2801,彰銀,523,140,383,元大證券,2024-08-12,9800
00719B,元大美債1-3,1083,721,362,元大證券,2024-08-12,9800
2845,遠東銀,633,291,342,元大證券,2024-08-12,9800
00882,中信中國高股息,2428,2124,304,元大證券,2024-08-12,9800
00723B,群益投資級科技債,300,0,300,元大證券,2024-08-12,9800
00902,中信電池及儲能,400,117,283,元大證券,2024-08-12,9800
2208,台船,385,115,270,元大證券,2024-08-12,9800
1102,亞泥,383,117,266,元大證券,2024-08-12,9800
00645,富邦日本,262,3,259,元大證券,2024-08-12,9800
00947,台新臺灣IC設計,1347,1091,256,元大證券,2024-08-12,9800
6239,力成,1051,796,255,元大證券,2024-08-12,9800
00639,富邦深100,338,85,253,元大證券,2024-08-12,9800
00904,新光臺灣半導體30,313,81,232,元大證券,2024-08-12,9800
00648R,元大S＆P500反1,281,57,224,元大證券,2024-08-12,9800
3481,群創,5681,5457,224,元大證券,2024-08-12,9800
2609,陽明,3442,3225,217,元大證券,2024-08-12,9800
3680,家登,249,32,217,元大證券,2024-08-12,9800
00669R,國泰美國道瓊反1,265,50,215,元大證券,2024-08-12,9800
4566,時碩工業,765,558,207,元大證券,2024-08-12,9800
00678,群益那斯達克生技,200,1,199,元大證券,2024-08-12,9800
3030,德律,358,159,199,元大證券,2024-08-12,9800
00715L,期街口布蘭特正2,19899,146,19753,元大證券,2024-08-13,9800
00753L,中信中國50正2,4887,528,4359,元大證券,2024-08-13,9800
00937B,群益ESG投等債20,10354,7380,2974,元大證券,2024-08-13,9800
00706L,期元大S＆P日圓正2,8758,5896,2862,元大證券,2024-08-13,9800
2880,華南金,3644,1679,1965,元大證券,2024-08-13,9800
00686R,群益臺灣加權反1,1855,1,1854,元大證券,2024-08-13,9800
00934,中信成長高股息,2592,745,1847,元大證券,2024-08-13,9800
00720B,元大投資級公司債,3063,1493,1570,元大證券,2024-08-13,9800
00642U,期元大S＆P石油,1562,66,1496,元大證券,2024-08-13,9800
00891,中信關鍵半導體,2479,1114,1365,元大證券,2024-08-13,9800
2890,永豐金,1676,363,1313,元大證券,2024-08-13,9800
00951,台新日本半導體,2193,1118,1075,元大證券,2024-08-13,9800
2885,元大金,1403,332,1071,元大證券,2024-08-13,9800
00882,中信中國高股息,1723,776,947,元大證券,2024-08-13,9800
00902,中信電池及儲能,900,8,892,元大證券,2024-08-13,9800
00631L,元大台灣50正2,2267,1432,835,元大證券,2024-08-13,9800
2317,鴻海,3469,2648,821,元大證券,2024-08-13,9800
00940,元大台灣價值高息,6825,6009,816,元大證券,2024-08-13,9800
00671R,富邦NASDAQ反1,1405,633,772,元大證券,2024-08-13,9800
1402,遠東新,1097,381,716,元大證券,2024-08-13,9800
3019,亞光,3332,2621,711,元大證券,2024-08-13,9800
00696B,富邦美債20年,1752,1059,693,元大證券,2024-08-13,9800
00939,統一台灣高息動能,1536,975,561,元大證券,2024-08-13,9800
2903,遠百,602,47,555,元大證券,2024-08-13,9800
00675L,富邦臺灣加權正2,1408,903,505,元大證券,2024-08-13,9800
5876,上海商銀,593,93,500,元大證券,2024-08-13,9800
3680,家登,648,157,491,元大證券,2024-08-13,9800
00892,富邦台灣半導體,501,25,476,元大證券,2024-08-13,9800
00905,FT臺灣Smart,847,386,461,元大證券,2024-08-13,9800
1102,亞泥,541,108,433,元大證券,2024-08-13,9800
3702,大聯大,516,114,402,元大證券,2024-08-13,9800
2371,大同,979,591,388,元大證券,2024-08-13,9800
00708L,期元大S＆P黃金正2,375,0,375,元大證券,2024-08-13,9800
00946,群益科技高息成長,3577,3203,374,元大證券,2024-08-13,9800
2313,華通,908,552,356,元大證券,2024-08-13,9800
00893,國泰智能電動車,412,57,355,元大證券,2024-08-13,9800
2027,大成鋼,373,19,354,元大證券,2024-08-13,9800
00640L,富邦日本正2,543,206,337,元大證券,2024-08-13,9800
00733,富邦臺灣中小,435,106,329,元大證券,2024-08-13,9800
9921,巨大,513,201,312,元大證券,2024-08-13,9800
00751B,元大AAA至A公司債,2404,2092,312,元大證券,2024-08-13,9800
2367,燿華,850,540,310,元大證券,2024-08-13,9800
8069,元太,453,144,309,元大證券,2024-08-13,9800
5347,世界,468,171,297,元大證券,2024-08-13,9800
2801,彰銀,437,147,290,元大證券,2024-08-13,9800
9904,寶成,538,254,284,元大證券,2024-08-13,9800
2809,京城銀,332,49,283,元大證券,2024-08-13,9800
2855,統一證,282,12,270,元大證券,2024-08-13,9800
00725B,國泰投資級公司債,1370,1118,252,元大證券,2024-08-13,9800
6187,萬潤,475,224,251,元大證券,2024-08-13,9800
00706L,期元大S＆P日圓正2,9561,3360,6201,元大證券,2024-08-14,9800
2891,中信金,3819,2040,1779,元大證券,2024-08-14,9800
00651R,復華香港反1,1895,150,1745,元大證券,2024-08-14,9800
00764B,群益25年美債,2314,601,1713,元大證券,2024-08-14,9800
00947,台新臺灣IC設計,2444,863,1581,元大證券,2024-08-14,9800
00939,統一台灣高息動能,3714,2162,1552,元大證券,2024-08-14,9800
00673R,期元大S＆P原油反1,2744,1229,1515,元大證券,2024-08-14,9800
00891,中信關鍵半導體,2067,710,1357,元大證券,2024-08-14,9800
00686R,群益臺灣加權反1,1624,307,1317,元大證券,2024-08-14,9800
00885,富邦越南,1518,355,1163,元大證券,2024-08-14,9800
00933B,國泰10Y+金融債,3985,2900,1085,元大證券,2024-08-14,9800
00878,國泰永續高股息,7637,6597,1040,元大證券,2024-08-14,9800
2888,新光金,7964,6970,994,元大證券,2024-08-14,9800
2504,國產,1107,167,940,元大證券,2024-08-14,9800
00650L,復華香港正2,2436,1577,859,元大證券,2024-08-14,9800
00888,永豐台灣ESG,952,106,846,元大證券,2024-08-14,9800
2883,凱基金,4749,4010,739,元大證券,2024-08-14,9800
2884,玉山金,1988,1311,677,元大證券,2024-08-14,9800
00935,野村臺灣新科技50,1027,460,567,元大證券,2024-08-14,9800
00905,FT臺灣Smart,819,279,540,元大證券,2024-08-14,9800
00927,群益半導體收益,1362,845,517,元大證券,2024-08-14,9800
00720B,元大投資級公司債,2559,2068,491,元大證券,2024-08-14,9800
00713,元大台灣高息低波,1376,914,462,元大證券,2024-08-14,9800
00696B,富邦美債20年,2365,1922,443,元大證券,2024-08-14,9800
2208,台船,1084,642,442,元大證券,2024-08-14,9800
006208,富邦台50,1058,622,436,元大證券,2024-08-14,9800
3680,家登,575,140,435,元大證券,2024-08-14,9800
00773B,中信優先金融債,776,343,433,元大證券,2024-08-14,9800
00892,富邦台灣半導體,739,319,420,元大證券,2024-08-14,9800
2006,東和鋼鐵,458,43,415,元大證券,2024-08-14,9800
3711,日月光投控,2006,1593,413,元大證券,2024-08-14,9800
00752,中信中國50,487,111,376,元大證券,2024-08-14,9800
2610,華航,716,359,357,元大證券,2024-08-14,9800
4562,穎漢,3323,2974,349,元大證券,2024-08-14,9800
2312,金寶,1205,893,312,元大證券,2024-08-14,9800
2014,中鴻,430,119,311,元大證券,2024-08-14,9800
3376,新日興,720,411,309,元大證券,2024-08-14,9800
00896,中信綠能及電動車,457,166,291,元大證券,2024-08-14,9800
1708,東鹼,1088,801,287,元大證券,2024-08-14,9800
2344,華邦電,1252,974,278,元大證券,2024-08-14,9800
8374,羅昇,280,7,273,元大證券,2024-08-14,9800
00904,新光臺灣半導體30,348,77,271,元大證券,2024-08-14,9800
00670L,富邦NASDAQ正2,373,108,265,元大證券,2024-08-14,9800
00772B,中信高評級公司債,1152,889,263,元大證券,2024-08-14,9800
00911,兆豐洲際半導體,323,70,253,元大證券,2024-08-14,9800
6505,台塑化,564,312,252,元大證券,2024-08-14,9800
00753L,中信中國50正2,1718,1481,237,元大證券,2024-08-14,9800
00919,群益台灣精選高息,7818,7590,228,元大證券,2024-08-14,9800
00850,元大臺灣ESG永續,329,111,218,元大證券,2024-08-14,9800
1513,中興電,1479,1264,215,元大證券,2024-08-14,9800
00637L,元大滬深300正2,16735,12367,4368,元大證券,2024-08-15,9800
00933B,國泰10Y+金融債,8638,4781,3857,元大證券,2024-08-15,9800
00665L,富邦�琤肭磪囓�2,10166,7114,3052,元大證券,2024-08-15,9800
00715L,期街口布蘭特正2,8715,5825,2890,元大證券,2024-08-15,9800
00680L,元大美債20正2,9108,6338,2770,元大證券,2024-08-15,9800
00937B,群益ESG投等債20,12096,9507,2589,元大證券,2024-08-15,9800
00942B,台新美A公司債20+,3268,791,2477,元大證券,2024-08-15,9800
00772B,中信高評級公司債,2669,870,1799,元大證券,2024-08-15,9800
00882,中信中國高股息,2188,558,1630,元大證券,2024-08-15,9800
2603,長榮,2303,757,1546,元大證券,2024-08-15,9800
00885,富邦越南,1831,408,1423,元大證券,2024-08-15,9800
2609,陽明,4525,3130,1395,元大證券,2024-08-15,9800
0050,元大台灣50,2035,825,1210,元大證券,2024-08-15,9800
00633L,富邦上証正2,2701,1554,1147,元大證券,2024-08-15,9800
00696B,富邦美債20年,1968,933,1035,元大證券,2024-08-15,9800
00631L,元大台灣50正2,1804,930,874,元大證券,2024-08-15,9800
00934,中信成長高股息,2934,2124,810,元大證券,2024-08-15,9800
00753L,中信中國50正2,2869,2065,804,元大證券,2024-08-15,9800
00940,元大台灣價值高息,6275,5560,715,元大證券,2024-08-15,9800
00648R,元大S＆P500反1,760,70,690,元大證券,2024-08-15,9800
2887,台新金,2437,1835,602,元大證券,2024-08-15,9800
2892,第一金,1306,714,592,元大證券,2024-08-15,9800
3227,原相,997,439,558,元大證券,2024-08-15,9800
2615,萬海,2262,1733,529,元大證券,2024-08-15,9800
00773B,中信優先金融債,761,254,507,元大證券,2024-08-15,9800
00675L,富邦臺灣加權正2,1207,731,476,元大證券,2024-08-15,9800
2520,冠德,926,450,476,元大證券,2024-08-15,9800
006205,富邦上証,563,121,442,元大證券,2024-08-15,9800
00642U,期元大S＆P石油,984,598,386,元大證券,2024-08-15,9800
00720B,元大投資級公司債,2253,1873,380,元大證券,2024-08-15,9800
00946,群益科技高息成長,1784,1408,376,元大證券,2024-08-15,9800
4938,和碩,502,150,352,元大證券,2024-08-15,9800
00947,台新臺灣IC設計,1596,1283,313,元大證券,2024-08-15,9800
00655L,國泰中國A50正2,1080,767,313,元大證券,2024-08-15,9800
00764B,群益25年美債,1088,780,308,元大證券,2024-08-15,9800
00928,中信上櫃ESG30,303,5,298,元大證券,2024-08-15,9800
2408,南亞科,610,323,287,元大證券,2024-08-15,9800
00719B,元大美債1-3,335,57,278,元大證券,2024-08-15,9800
00640L,富邦日本正2,594,342,252,元大證券,2024-08-15,9800
00913,兆豐台灣晶圓製造,271,20,251,元大證券,2024-08-15,9800
6706,惠特,1204,961,243,元大證券,2024-08-15,9800
00751B,元大AAA至A公司債,1968,1729,239,元大證券,2024-08-15,9800
00645,富邦日本,394,181,213,元大證券,2024-08-15,9800
00643,群益深証中小,427,217,210,元大證券,2024-08-15,9800
1609,大亞,291,84,207,元大證券,2024-08-15,9800
2323,中環,4453,4252,201,元大證券,2024-08-15,9800
2324,仁寶,698,497,201,元大證券,2024-08-15,9800
2357,華碩,375,178,197,元大證券,2024-08-15,9800
00912,中信臺灣智慧50,214,20,194,元大證券,2024-08-15,9800
00920,富邦ESG綠色電力,191,2,189,元大證券,2024-08-15,9800
00706L,期元大S＆P日圓正2,11245,1692,9553,元大證券,2024-08-16,9800
00934,中信成長高股息,6140,66,6074,元大證券,2024-08-16,9800
00650L,復華香港正2,11515,5487,6028,元大證券,2024-08-16,9800
00753L,中信中國50正2,6609,632,5977,元大證券,2024-08-16,9800
00665L,富邦�琤肭磪囓�2,12394,6876,5518,元大證券,2024-08-16,9800
00940,元大台灣價值高息,7293,3385,3908,元大證券,2024-08-16,9800
00881,國泰台灣5G+,5069,1330,3739,元大證券,2024-08-16,9800
00939,統一台灣高息動能,4319,658,3661,元大證券,2024-08-16,9800
2891,中信金,4889,1346,3543,元大證券,2024-08-16,9800
00919,群益台灣精選高息,5789,2303,3486,元大證券,2024-08-16,9800
00941,中信上游半導體,3452,10,3442,元大證券,2024-08-16,9800
00891,中信關鍵半導體,3222,252,2970,元大證券,2024-08-16,9800
00715L,期街口布蘭特正2,3925,1204,2721,元大證券,2024-08-16,9800
2330,台積電,2846,866,1980,元大證券,2024-08-16,9800
2317,鴻海,3072,1262,1810,元大證券,2024-08-16,9800
2888,新光金,6263,4496,1767,元大證券,2024-08-16,9800
0050,元大台灣50,3212,1491,1721,元大證券,2024-08-16,9800
2409,友達,4156,2551,1605,元大證券,2024-08-16,9800
2884,玉山金,2370,928,1442,元大證券,2024-08-16,9800
2890,永豐金,2599,1187,1412,元大證券,2024-08-16,9800
00885,富邦越南,1378,0,1378,元大證券,2024-08-16,9800
2881,富邦金,2826,1519,1307,元大證券,2024-08-16,9800
2885,元大金,1780,534,1246,元大證券,2024-08-16,9800
2882,國泰金,2548,1366,1182,元大證券,2024-08-16,9800
2883,凱基金,4023,2872,1151,元大證券,2024-08-16,9800
5880,合庫金,1581,432,1149,元大證券,2024-08-16,9800
00942B,台新美A公司債20+,1571,459,1112,元大證券,2024-08-16,9800
2892,第一金,1810,699,1111,元大證券,2024-08-16,9800
00947,台新臺灣IC設計,1688,623,1065,元大證券,2024-08-16,9800
00892,富邦台灣半導體,1182,123,1059,元大證券,2024-08-16,9800
2880,華南金,1549,540,1009,元大證券,2024-08-16,9800
00720B,元大投資級公司債,2576,1594,982,元大證券,2024-08-16,9800
00927,群益半導體收益,1558,584,974,元大證券,2024-08-16,9800
00764B,群益25年美債,2308,1364,944,元大證券,2024-08-16,9800
00905,FT臺灣Smart,1107,165,942,元大證券,2024-08-16,9800
00935,野村臺灣新科技50,1229,299,930,元大證券,2024-08-16,9800
00951,台新日本半導體,1453,547,906,元大證券,2024-08-16,9800
00662,富邦NASDAQ,1046,143,903,元大證券,2024-08-16,9800
00651R,復華香港反1,1262,360,902,元大證券,2024-08-16,9800
1605,華新,1168,273,895,元大證券,2024-08-16,9800
2801,彰銀,938,109,829,元大證券,2024-08-16,9800
2303,聯電,2624,1798,826,元大證券,2024-08-16,9800
8028,昇陽半導體,2362,1615,747,元大證券,2024-08-16,9800
00944,野村趨勢動能高息,984,261,723,元大證券,2024-08-16,9800
2834,臺企銀,975,264,711,元大證券,2024-08-16,9800
00888,永豐台灣ESG,756,53,703,元大證券,2024-08-16,9800
2382,廣達,1132,441,691,元大證券,2024-08-16,9800
2313,華通,2080,1396,684,元大證券,2024-08-16,9800
00918,大華優利高填息30,1351,668,683,元大證券,2024-08-16,9800
00633L,富邦上証正2,2195,1519,676,元大證券,2024-08-16,9800
00664R,國泰臺灣加權反1,10694,247,10447,元大證券,2024-08-19,9800
00706L,期元大S＆P日圓正2,9785,2448,7337,元大證券,2024-08-19,9800
00637L,元大滬深300正2,16899,11551,5348,元大證券,2024-08-19,9800
00673R,期元大S＆P原油反1,5991,952,5039,元大證券,2024-08-19,9800
00934,中信成長高股息,4242,457,3785,元大證券,2024-08-19,9800
00665L,富邦�琤肭磪囓�2,9917,6482,3435,元大證券,2024-08-19,9800
00940,元大台灣價值高息,6221,3343,2878,元大證券,2024-08-19,9800
00939,統一台灣高息動能,4621,1903,2718,元大證券,2024-08-19,9800
2317,鴻海,3074,709,2365,元大證券,2024-08-19,9800
00885,富邦越南,2310,44,2266,元大證券,2024-08-19,9800
00753L,中信中國50正2,3634,1551,2083,元大證券,2024-08-19,9800
00891,中信關鍵半導體,2269,240,2029,元大證券,2024-08-19,9800
00772B,中信高評級公司債,4308,2478,1830,元大證券,2024-08-19,9800
00671R,富邦NASDAQ反1,1805,53,1752,元大證券,2024-08-19,9800
00764B,群益25年美債,2613,991,1622,元大證券,2024-08-19,9800
00725B,國泰投資級公司債,3128,1624,1504,元大證券,2024-08-19,9800
00946,群益科技高息成長,4025,2868,1157,元大證券,2024-08-19,9800
5347,世界,2198,1074,1124,元大證券,2024-08-19,9800
2303,聯電,1299,294,1005,元大證券,2024-08-19,9800
00724B,群益投資級金融債,1477,532,945,元大證券,2024-08-19,9800
00949,復華日本龍頭,1727,838,889,元大證券,2024-08-19,9800
2883,凱基金,1676,820,856,元大證券,2024-08-19,9800
3707,漢磊,893,64,829,元大證券,2024-08-19,9800
00892,富邦台灣半導體,955,176,779,元大證券,2024-08-19,9800
00746B,富邦A級公司債,862,152,710,元大證券,2024-08-19,9800
00670L,富邦NASDAQ正2,764,88,676,元大證券,2024-08-19,9800
00853B,統一美債10年Aa-,640,14,626,元大證券,2024-08-19,9800
2504,國產,638,26,612,元大證券,2024-08-19,9800
00751B,元大AAA至A公司債,2917,2366,551,元大證券,2024-08-19,9800
4904,遠傳,700,212,488,元大證券,2024-08-19,9800
00761B,國泰A級公司債,479,1,478,元大證券,2024-08-19,9800
00708L,期元大S＆P黃金正2,925,449,476,元大證券,2024-08-19,9800
00722B,群益投資級電信債,1067,592,475,元大證券,2024-08-19,9800
00912,中信臺灣智慧50,513,50,463,元大證券,2024-08-19,9800
00951,台新日本半導體,1852,1443,409,元大證券,2024-08-19,9800
00752,中信中國50,520,128,392,元大證券,2024-08-19,9800
2891,中信金,1263,882,381,元大證券,2024-08-19,9800
00894,中信小資高價30,400,30,370,元大證券,2024-08-19,9800
2489,瑞軒,2254,1906,348,元大證券,2024-08-19,9800
00944,野村趨勢動能高息,400,62,338,元大證券,2024-08-19,9800
00950B,凱基A級公司債,1310,976,334,元大證券,2024-08-19,9800
00773B,中信優先金融債,864,549,315,元大證券,2024-08-19,9800
00740B,富邦全球投等債,1089,784,305,元大證券,2024-08-19,9800
00645,富邦日本,405,114,291,元大證券,2024-08-19,9800
2885,元大金,314,26,288,元大證券,2024-08-19,9800
5392,能率,442,157,285,元大證券,2024-08-19,9800
2890,永豐金,591,306,285,元大證券,2024-08-19,9800
0050,元大台灣50,1243,966,277,元大證券,2024-08-19,9800
1102,亞泥,322,57,265,元大證券,2024-08-19,9800
3680,家登,292,37,255,元大證券,2024-08-19,9800
2888,新光金,46886,15478,31408,元大證券,2024-08-20,9800
00673R,期元大S＆P原油反1,6160,91,6069,元大證券,2024-08-20,9800
00939,統一台灣高息動能,4374,647,3727,元大證券,2024-08-20,9800
00940,元大台灣價值高息,7393,4075,3318,元大證券,2024-08-20,9800
00934,中信成長高股息,4372,2345,2027,元大證券,2024-08-20,9800
00637L,元大滬深300正2,10500,8571,1929,元大證券,2024-08-20,9800
2317,鴻海,3524,1645,1879,元大證券,2024-08-20,9800
2884,玉山金,1807,229,1578,元大證券,2024-08-20,9800
2891,中信金,2425,906,1519,元大證券,2024-08-20,9800
00664R,國泰臺灣加權反1,2310,993,1317,元大證券,2024-08-20,9800
3231,緯創,2446,1165,1281,元大證券,2024-08-20,9800
2303,聯電,2009,782,1227,元大證券,2024-08-20,9800
00895,富邦未來車,1308,83,1225,元大證券,2024-08-20,9800
00885,富邦越南,1103,1,1102,元大證券,2024-08-20,9800
5880,合庫金,1171,102,1069,元大證券,2024-08-20,9800
2883,凱基金,2047,1048,999,元大證券,2024-08-20,9800
2382,廣達,1412,441,971,元大證券,2024-08-20,9800
2002,中鋼,1099,211,888,元大證券,2024-08-20,9800
2886,兆豐金,878,132,746,元大證券,2024-08-20,9800
2409,友達,1366,626,740,元大證券,2024-08-20,9800
2885,元大金,803,64,739,元大證券,2024-08-20,9800
00946,群益科技高息成長,3101,2391,710,元大證券,2024-08-20,9800
2892,第一金,662,15,647,元大證券,2024-08-20,9800
1216,統一,736,113,623,元大證券,2024-08-20,9800
00857B,永豐20年美公債,1626,1004,622,元大證券,2024-08-20,9800
2324,仁寶,853,261,592,元大證券,2024-08-20,9800
8096,擎亞,3248,2661,587,元大證券,2024-08-20,9800
00830,國泰費城半導體,1693,1110,583,元大證券,2024-08-20,9800
00891,中信關鍵半導體,1093,549,544,元大證券,2024-08-20,9800
00903,富邦元宇宙,621,103,518,元大證券,2024-08-20,9800
2880,華南金,658,143,515,元大證券,2024-08-20,9800
2887,台新金,884,371,513,元大證券,2024-08-20,9800
00738U,期元大道瓊白銀,499,8,491,元大證券,2024-08-20,9800
4555,氣立,499,20,479,元大證券,2024-08-20,9800
00757,統一FANG+,704,254,450,元大證券,2024-08-20,9800
2504,國產,628,178,450,元大證券,2024-08-20,9800
00712,復華富時不動產,1296,848,448,元大證券,2024-08-20,9800
2881,富邦金,766,327,439,元大證券,2024-08-20,9800
1303,南亞,535,102,433,元大證券,2024-08-20,9800
00701,國泰股利精選30,444,28,416,元大證券,2024-08-20,9800
2882,國泰金,1156,752,404,元大證券,2024-08-20,9800
9904,寶成,417,17,400,元大證券,2024-08-20,9800
2801,彰銀,475,92,383,元大證券,2024-08-20,9800
2354,鴻準,2262,1880,382,元大證券,2024-08-20,9800
00924,復華S＆P500成長,456,85,371,元大證券,2024-08-20,9800
00662,富邦NASDAQ,870,508,362,元大證券,2024-08-20,9800
00951,台新日本半導體,1940,1579,361,元大證券,2024-08-20,9800
5905,南仁湖,2296,1944,352,元大證券,2024-08-20,9800
2834,臺企銀,395,44,351,元大證券,2024-08-20,9800
00852L,國泰美國道瓊正2,360,10,350,元大證券,2024-08-20,9800
00679B,元大美債20年,74809,8218,66591,元大證券,2024-08-21,9800
2888,新光金,71406,50976,20430,元大證券,2024-08-21,9800
00673R,期元大S＆P原油反1,6839,280,6559,元大證券,2024-08-21,9800
00950B,凱基A級公司債,6738,1876,4862,元大證券,2024-08-21,9800
00949,復華日本龍頭,5378,1814,3564,元大證券,2024-08-21,9800
00948B,中信優息投資級債,6511,3026,3485,元大證券,2024-08-21,9800
00937B,群益ESG投等債20,7386,3953,3433,元大證券,2024-08-21,9800
00936,台新永續高息中小,4416,1923,2493,元大證券,2024-08-21,9800
2317,鴻海,3497,1079,2418,元大證券,2024-08-21,9800
00885,富邦越南,2554,827,1727,元大證券,2024-08-21,9800
00655L,國泰中國A50正2,2238,577,1661,元大證券,2024-08-21,9800
00934,中信成長高股息,3154,1523,1631,元大證券,2024-08-21,9800
00637L,元大滬深300正2,13334,11741,1593,元大證券,2024-08-21,9800
2330,台積電,2687,1105,1582,元大證券,2024-08-21,9800
2354,鴻準,2099,532,1567,元大證券,2024-08-21,9800
2382,廣達,1685,345,1340,元大證券,2024-08-21,9800
00650L,復華香港正2,6061,4805,1256,元大證券,2024-08-21,9800
00751B,元大AAA至A公司債,2583,1469,1114,元大證券,2024-08-21,9800
00772B,中信高評級公司債,2044,947,1097,元大證券,2024-08-21,9800
00956,中信日經高股息,1281,227,1054,元大證券,2024-08-21,9800
2312,金寶,2605,1608,997,元大證券,2024-08-21,9800
6770,力積電,996,108,888,元大證券,2024-08-21,9800
2542,興富發,1392,588,804,元大證券,2024-08-21,9800
00953B,群益優選非投等債,795,0,795,元大證券,2024-08-21,9800
3576,聯合再生,858,70,788,元大證券,2024-08-21,9800
00713,元大台灣高息低波,1430,668,762,元大證券,2024-08-21,9800
1785,光洋科,2073,1317,756,元大證券,2024-08-21,9800
00671R,富邦NASDAQ反1,1888,1135,753,元大證券,2024-08-21,9800
00752,中信中國50,1115,370,745,元大證券,2024-08-21,9800
00686R,群益臺灣加權反1,834,120,714,元大證券,2024-08-21,9800
00931B,統一美債20年,2284,1607,677,元大證券,2024-08-21,9800
3062,建漢,1304,631,673,元大證券,2024-08-21,9800
4716,大立,1172,501,671,元大證券,2024-08-21,9800
00939,統一台灣高息動能,2109,1442,667,元大證券,2024-08-21,9800
912000,晨訊科-DR,650,0,650,元大證券,2024-08-21,9800
00946,群益科技高息成長,2092,1445,647,元大證券,2024-08-21,9800
00902,中信電池及儲能,653,52,601,元大證券,2024-08-21,9800
2324,仁寶,787,207,580,元大證券,2024-08-21,9800
2886,兆豐金,948,378,570,元大證券,2024-08-21,9800
2881,富邦金,635,79,556,元大證券,2024-08-21,9800
1802,台玻,644,95,549,元大證券,2024-08-21,9800
00830,國泰費城半導體,946,399,547,元大證券,2024-08-21,9800
00696B,富邦美債20年,1555,1018,537,元大證券,2024-08-21,9800
2392,正崴,704,168,536,元大證券,2024-08-21,9800
2883,凱基金,1292,767,525,元大證券,2024-08-21,9800
5876,上海商銀,595,78,517,元大證券,2024-08-21,9800
3673,TPK-KY,601,86,515,元大證券,2024-08-21,9800
1718,中纖,576,70,506,元大證券,2024-08-21,9800
00951,台新日本半導體,1641,1138,503,元大證券,2024-08-21,9800
1303,南亞,571,114,457,元大證券,2024-08-21,9800
00673R,期元大S＆P原油反1,9656,0,9656,元大證券,2024-08-22,9800
00878,國泰永續高股息,7580,5237,2343,元大證券,2024-08-22,9800
00885,富邦越南,2324,284,2040,元大證券,2024-08-22,9800
00679B,元大美債20年,6752,4798,1954,元大證券,2024-08-22,9800
2890,永豐金,2162,580,1582,元大證券,2024-08-22,9800
00830,國泰費城半導體,1492,118,1374,元大證券,2024-08-22,9800
00772B,中信高評級公司債,2563,1331,1232,元大證券,2024-08-22,9800
2409,友達,3840,2774,1066,元大證券,2024-08-22,9800
00955,中信日本商社,1934,1035,899,元大證券,2024-08-22,9800
00857B,永豐20年美公債,1310,532,778,元大證券,2024-08-22,9800
00939,統一台灣高息動能,3318,2556,762,元大證券,2024-08-22,9800
00947,台新臺灣IC設計,991,230,761,元大證券,2024-08-22,9800
3037,欣興,2233,1574,659,元大證券,2024-08-22,9800
00949,復華日本龍頭,922,263,659,元大證券,2024-08-22,9800
00950B,凱基A級公司債,1032,407,625,元大證券,2024-08-22,9800
00757,統一FANG+,600,19,581,元大證券,2024-08-22,9800
00892,富邦台灣半導體,973,447,526,元大證券,2024-08-22,9800
00725B,國泰投資級公司債,924,409,515,元大證券,2024-08-22,9800
2883,凱基金,1955,1462,493,元大證券,2024-08-22,9800
00927,群益半導體收益,967,483,484,元大證券,2024-08-22,9800
2349,錸德,18283,17825,458,元大證券,2024-08-22,9800
00753L,中信中國50正2,1350,913,437,元大證券,2024-08-22,9800
2609,陽明,558,215,343,元大證券,2024-08-22,9800
00893,國泰智能電動車,466,152,314,元大證券,2024-08-22,9800
00646,元大S＆P500,710,397,313,元大證券,2024-08-22,9800
3044,健鼎,331,24,307,元大證券,2024-08-22,9800
2323,中環,730,439,291,元大證券,2024-08-22,9800
00670L,富邦NASDAQ正2,286,0,286,元大證券,2024-08-22,9800
00932,兆豐永續高息等權,431,156,275,元大證券,2024-08-22,9800
2891,中信金,3968,3698,270,元大證券,2024-08-22,9800
00917,中信特選金融,268,0,268,元大證券,2024-08-22,9800
00946,群益科技高息成長,1622,1363,259,元大證券,2024-08-22,9800
2449,京元電子,759,507,252,元大證券,2024-08-22,9800
2615,萬海,387,141,246,元大證券,2024-08-22,9800
2382,廣達,668,428,240,元大證券,2024-08-22,9800
00904,新光臺灣半導體30,368,129,239,元大證券,2024-08-22,9800
3376,新日興,689,450,239,元大證券,2024-08-22,9800
8039,台虹,497,261,236,元大證券,2024-08-22,9800
00738U,期元大道瓊白銀,244,16,228,元大證券,2024-08-22,9800
00712,復華富時不動產,834,614,220,元大證券,2024-08-22,9800
00645,富邦日本,233,23,210,元大證券,2024-08-22,9800
9958,世紀鋼,405,198,207,元大證券,2024-08-22,9800
00903,富邦元宇宙,301,100,201,元大證券,2024-08-22,9800
2603,長榮,303,103,200,元大證券,2024-08-22,9800
00634R,富邦上証反1,221,29,192,元大證券,2024-08-22,9800
2884,玉山金,543,361,182,元大證券,2024-08-22,9800
00640L,富邦日本正2,554,397,157,元大證券,2024-08-22,9800
00719B,元大美債1-3,156,0,156,元大證券,2024-08-22,9800
00722B,群益投資級電信債,329,177,152,元大證券,2024-08-22,9800
00908,富邦入息REITs+,145,0,145,元大證券,2024-08-22,9800
2888,新光金,41833,33537,8296,元大證券,2024-08-23,9800
00664R,國泰臺灣加權反1,9619,1835,7784,元大證券,2024-08-23,9800
00940,元大台灣價值高息,10870,5927,4943,元大證券,2024-08-23,9800
00706L,期元大S＆P日圓正2,4507,1447,3060,元大證券,2024-08-23,9800
00665L,富邦�琤肭磪囓�2,6379,3515,2864,元大證券,2024-08-23,9800
00878,國泰永續高股息,7572,5005,2567,元大證券,2024-08-23,9800
00929,復華台灣科技優息,11235,9119,2116,元大證券,2024-08-23,9800
00939,統一台灣高息動能,3294,1463,1831,元大證券,2024-08-23,9800
00956,中信日經高股息,1957,296,1661,元大證券,2024-08-23,9800
00637L,元大滬深300正2,5753,4246,1507,元大證券,2024-08-23,9800
00885,富邦越南,1448,13,1435,元大證券,2024-08-23,9800
00753L,中信中國50正2,2202,921,1281,元大證券,2024-08-23,9800
00949,復華日本龍頭,1501,241,1260,元大證券,2024-08-23,9800
00631L,元大台灣50正2,2646,1692,954,元大證券,2024-08-23,9800
00881,國泰台灣5G+,2872,1975,897,元大證券,2024-08-23,9800
2524,京城,2006,1161,845,元大證券,2024-08-23,9800
00935,野村臺灣新科技50,1177,368,809,元大證券,2024-08-23,9800
2330,台積電,1140,385,755,元大證券,2024-08-23,9800
00686R,群益臺灣加權反1,739,0,739,元大證券,2024-08-23,9800
00947,台新臺灣IC設計,1390,671,719,元大證券,2024-08-23,9800
00923,群益台ESG低碳50,2353,1660,693,元大證券,2024-08-23,9800
2313,華通,1054,375,679,元大證券,2024-08-23,9800
00953B,群益優選非投等債,1994,1332,662,元大證券,2024-08-23,9800
00932,兆豐永續高息等權,1494,868,626,元大證券,2024-08-23,9800
2891,中信金,4556,3959,597,元大證券,2024-08-23,9800
00912,中信臺灣智慧50,584,6,578,元大證券,2024-08-23,9800
00891,中信關鍵半導體,1316,760,556,元大證券,2024-08-23,9800
2409,友達,1735,1194,541,元大證券,2024-08-23,9800
00673R,期元大S＆P原油反1,1755,1231,524,元大證券,2024-08-23,9800
00928,中信上櫃ESG30,590,69,521,元大證券,2024-08-23,9800
00633L,富邦上証正2,1199,683,516,元大證券,2024-08-23,9800
00674R,期元大S＆P黃金反1,469,46,423,元大證券,2024-08-23,9800
8028,昇陽半導體,3418,2999,419,元大證券,2024-08-23,9800
00671R,富邦NASDAQ反1,1423,1007,416,元大證券,2024-08-23,9800
00655L,國泰中國A50正2,629,228,401,元大證券,2024-08-23,9800
2890,永豐金,922,524,398,元大證券,2024-08-23,9800
2402,毅嘉,971,577,394,元大證券,2024-08-23,9800
8039,台虹,1527,1180,347,元大證券,2024-08-23,9800
1216,統一,391,54,337,元大證券,2024-08-23,9800
00905,FT臺灣Smart,659,335,324,元大證券,2024-08-23,9800
2603,長榮,647,335,312,元大證券,2024-08-23,9800
1102,亞泥,344,38,306,元大證券,2024-08-23,9800
2303,聯電,837,540,297,元大證券,2024-08-23,9800
00941,中信上游半導體,802,507,295,元大證券,2024-08-23,9800
2618,長榮航,447,155,292,元大證券,2024-08-23,9800
00640L,富邦日本正2,397,113,284,元大證券,2024-08-23,9800
00922,國泰台灣領袖50,659,381,278,元大證券,2024-08-23,9800
00893,國泰智能電動車,496,221,275,元大證券,2024-08-23,9800
1402,遠東新,358,85,273,元大證券,2024-08-23,9800
2408,南亞科,626,361,265,元大證券,2024-08-23,9800
00715L,期街口布蘭特正2,19644,1686,17958,元大證券,2024-08-26,9800
00665L,富邦�琤肭磪囓�2,9645,5746,3899,元大證券,2024-08-26,9800
00642U,期元大S＆P石油,3315,425,2890,元大證券,2024-08-26,9800
3481,群創,6597,3745,2852,元大證券,2024-08-26,9800
00650L,復華香港正2,5209,2402,2807,元大證券,2024-08-26,9800
00885,富邦越南,2905,183,2722,元大證券,2024-08-26,9800
00720B,元大投資級公司債,4265,2012,2253,元大證券,2024-08-26,9800
00934,中信成長高股息,2983,814,2169,元大證券,2024-08-26,9800
2354,鴻準,2154,451,1703,元大證券,2024-08-26,9800
00939,統一台灣高息動能,3842,2181,1661,元大證券,2024-08-26,9800
00947,台新臺灣IC設計,2585,1017,1568,元大證券,2024-08-26,9800
3550,聯穎,1658,200,1458,元大證券,2024-08-26,9800
0056,元大高股息,1653,301,1352,元大證券,2024-08-26,9800
00830,國泰費城半導體,1636,416,1220,元大證券,2024-08-26,9800
2377,微星,2030,993,1037,元大證券,2024-08-26,9800
6153,嘉聯益,1064,112,952,元大證券,2024-08-26,9800
00676R,富邦臺灣加權反1,3072,2204,868,元大證券,2024-08-26,9800
00696B,富邦美債20年,3303,2445,858,元大證券,2024-08-26,9800
00752,中信中國50,1588,748,840,元大證券,2024-08-26,9800
3605,宏致,939,196,743,元大證券,2024-08-26,9800
00900,富邦特選高股息30,3177,2436,741,元大證券,2024-08-26,9800
00706L,期元大S＆P日圓正2,8543,7811,732,元大證券,2024-08-26,9800
2515,中工,1198,491,707,元大證券,2024-08-26,9800
2399,映泰,1276,649,627,元大證券,2024-08-26,9800
00713,元大台灣高息低波,1279,657,622,元大證券,2024-08-26,9800
00941,中信上游半導體,1066,491,575,元大證券,2024-08-26,9800
00944,野村趨勢動能高息,1001,449,552,元大證券,2024-08-26,9800
00903,富邦元宇宙,645,101,544,元大證券,2024-08-26,9800
3149,正達,539,0,539,元大證券,2024-08-26,9800
00915,凱基優選高股息30,1658,1140,518,元大證券,2024-08-26,9800
00772B,中信高評級公司債,1842,1326,516,元大證券,2024-08-26,9800
1710,東聯,565,52,513,元大證券,2024-08-26,9800
00724B,群益投資級金融債,592,128,464,元大證券,2024-08-26,9800
2886,兆豐金,641,219,422,元大證券,2024-08-26,9800
2891,中信金,5350,4937,413,元大證券,2024-08-26,9800
00652,富邦印度,529,142,387,元大證券,2024-08-26,9800
00674R,期元大S＆P黃金反1,411,40,371,元大證券,2024-08-26,9800
2884,玉山金,789,462,327,元大證券,2024-08-26,9800
2417,圓剛,798,471,327,元大證券,2024-08-26,9800
2498,宏達電,416,90,326,元大證券,2024-08-26,9800
00942B,台新美A公司債20+,2362,2037,325,元大證券,2024-08-26,9800
00949,復華日本龍頭,730,410,320,元大證券,2024-08-26,9800
3045,台灣大,432,126,306,元大證券,2024-08-26,9800
2002,中鋼,432,130,302,元大證券,2024-08-26,9800
2369,菱生,318,27,291,元大證券,2024-08-26,9800
6150,撼訊,285,3,282,元大證券,2024-08-26,9800
2885,元大金,507,227,280,元大證券,2024-08-26,9800
00692,富邦公司治理,1013,750,263,元大證券,2024-08-26,9800
3036,文曄,948,685,263,元大證券,2024-08-26,9800
6505,台塑化,611,358,253,元大證券,2024-08-26,9800
00715L,期街口布蘭特正2,51566,366,51200,元大證券,2024-08-27,9800
00632R,元大台灣50反1,32951,25451,7500,元大證券,2024-08-27,9800
00642U,期元大S＆P石油,7022,151,6871,元大證券,2024-08-27,9800
00885,富邦越南,5979,47,5932,元大證券,2024-08-27,9800
00939,統一台灣高息動能,4321,907,3414,元大證券,2024-08-27,9800
00946,群益科技高息成長,3214,1264,1950,元大證券,2024-08-27,9800
00650L,復華香港正2,4424,2494,1930,元大證券,2024-08-27,9800
00671R,富邦NASDAQ反1,1985,61,1924,元大證券,2024-08-27,9800
00949,復華日本龍頭,1891,15,1876,元大證券,2024-08-27,9800
2464,盟立,1939,556,1383,元大證券,2024-08-27,9800
00940,元大台灣價值高息,9036,7716,1320,元大證券,2024-08-27,9800
00706L,期元大S＆P日圓正2,5759,4449,1310,元大證券,2024-08-27,9800
00882,中信中國高股息,2362,1060,1302,元大證券,2024-08-27,9800
00676R,富邦臺灣加權反1,2296,1102,1194,元大證券,2024-08-27,9800
2354,鴻準,1209,23,1186,元大證券,2024-08-27,9800
2883,凱基金,2485,1387,1098,元大證券,2024-08-27,9800
00953B,群益優選非投等債,1622,616,1006,元大證券,2024-08-27,9800
00893,國泰智能電動車,1283,291,992,元大證券,2024-08-27,9800
00696B,富邦美債20年,1753,840,913,元大證券,2024-08-27,9800
2882,國泰金,1667,795,872,元大證券,2024-08-27,9800
00664R,國泰臺灣加權反1,2640,1831,809,元大證券,2024-08-27,9800
00772B,中信高評級公司債,2113,1340,773,元大證券,2024-08-27,9800
2610,華航,2200,1443,757,元大證券,2024-08-27,9800
4540,全球傳動,969,240,729,元大證券,2024-08-27,9800
00934,中信成長高股息,1225,545,680,元大證券,2024-08-27,9800
00955,中信日本商社,771,168,603,元大證券,2024-08-27,9800
00941,中信上游半導體,782,214,568,元大證券,2024-08-27,9800
00713,元大台灣高息低波,939,461,478,元大證券,2024-08-27,9800
00888,永豐台灣ESG,737,262,475,元大證券,2024-08-27,9800
3045,台灣大,523,71,452,元大證券,2024-08-27,9800
2515,中工,1042,593,449,元大證券,2024-08-27,9800
2885,元大金,640,211,429,元大證券,2024-08-27,9800
006208,富邦台50,662,253,409,元大證券,2024-08-27,9800
00903,富邦元宇宙,412,9,403,元大證券,2024-08-27,9800
5443,均豪,3062,2662,400,元大證券,2024-08-27,9800
00907,永豐優息存股,1359,960,399,元大證券,2024-08-27,9800
00945B,凱基美國非投等債,2954,2558,396,元大證券,2024-08-27,9800
00633L,富邦上証正2,611,216,395,元大證券,2024-08-27,9800
00944,野村趨勢動能高息,549,155,394,元大證券,2024-08-27,9800
00712,復華富時不動產,2097,1708,389,元大證券,2024-08-27,9800
4526,東台,1786,1405,381,元大證券,2024-08-27,9800
00913,兆豐台灣晶圓製造,410,30,380,元大證券,2024-08-27,9800
00636,國泰中國A50,381,12,369,元大證券,2024-08-27,9800
8039,台虹,2896,2528,368,元大證券,2024-08-27,9800
2328,廣宇,368,3,365,元大證券,2024-08-27,9800
00921,兆豐龍頭等權重,418,58,360,元大證券,2024-08-27,9800
1210,大成,340,15,325,元大證券,2024-08-27,9800
1434,福懋,332,10,322,元大證券,2024-08-27,9800
2890,永豐金,722,411,311,元大證券,2024-08-27,9800
3019,亞光,1695,1431,264,元大證券,2024-08-27,9800
00940,元大台灣價值高息,8974,4708,4266,元大證券,2024-08-28,9800
00715L,期街口布蘭特正2,7164,3502,3662,元大證券,2024-08-28,9800
00934,中信成長高股息,5013,1356,3657,元大證券,2024-08-28,9800
00949,復華日本龍頭,3188,101,3087,元大證券,2024-08-28,9800
2891,中信金,5581,2749,2832,元大證券,2024-08-28,9800
00885,富邦越南,2394,0,2394,元大證券,2024-08-28,9800
00939,統一台灣高息動能,3508,1163,2345,元大證券,2024-08-28,9800
3481,群創,11991,9773,2218,元大證券,2024-08-28,9800
3711,日月光投控,2565,510,2055,元大證券,2024-08-28,9800
2317,鴻海,3301,1328,1973,元大證券,2024-08-28,9800
00946,群益科技高息成長,2776,877,1899,元大證券,2024-08-28,9800
00959B,大華投等美債15Y+,2114,318,1796,元大證券,2024-08-28,9800
00951,台新日本半導體,2013,268,1745,元大證券,2024-08-28,9800
00671R,富邦NASDAQ反1,1964,302,1662,元大證券,2024-08-28,9800
00673R,期元大S＆P原油反1,2072,640,1432,元大證券,2024-08-28,9800
00650L,復華香港正2,4614,3186,1428,元大證券,2024-08-28,9800
00888,永豐台灣ESG,1404,0,1404,元大證券,2024-08-28,9800
2408,南亞科,1639,323,1316,元大證券,2024-08-28,9800
00636,國泰中國A50,1438,292,1146,元大證券,2024-08-28,9800
2887,台新金,2276,1167,1109,元大證券,2024-08-28,9800
00706L,期元大S＆P日圓正2,3045,1956,1089,元大證券,2024-08-28,9800
00923,群益台ESG低碳50,1465,397,1068,元大證券,2024-08-28,9800
00720B,元大投資級公司債,2031,994,1037,元大證券,2024-08-28,9800
2354,鴻準,1196,318,878,元大證券,2024-08-28,9800
00638R,元大滬深300反1,806,90,716,元大證券,2024-08-28,9800
1102,亞泥,735,41,694,元大證券,2024-08-28,9800
00696B,富邦美債20年,1748,1062,686,元大證券,2024-08-28,9800
00933B,國泰10Y+金融債,1724,1074,650,元大證券,2024-08-28,9800
00953B,群益優選非投等債,1312,691,621,元大證券,2024-08-28,9800
00927,群益半導體收益,965,348,617,元大證券,2024-08-28,9800
00891,中信關鍵半導體,1711,1115,596,元大證券,2024-08-28,9800
00725B,國泰投資級公司債,1474,892,582,元大證券,2024-08-28,9800
9958,世紀鋼,2115,1546,569,元大證券,2024-08-28,9800
00905,FT臺灣Smart,631,67,564,元大證券,2024-08-28,9800
00922,國泰台灣領袖50,679,161,518,元大證券,2024-08-28,9800
00944,野村趨勢動能高息,1139,622,517,元大證券,2024-08-28,9800
00655L,國泰中國A50正2,1848,1336,512,元大證券,2024-08-28,9800
00913,兆豐台灣晶圓製造,508,8,500,元大證券,2024-08-28,9800
00708L,期元大S＆P黃金正2,494,18,476,元大證券,2024-08-28,9800
1326,台化,471,9,462,元大證券,2024-08-28,9800
00956,中信日經高股息,736,337,399,元大證券,2024-08-28,9800
00904,新光臺灣半導體30,437,47,390,元大證券,2024-08-28,9800
3189,景碩,1085,707,378,元大證券,2024-08-28,9800
2313,華通,3475,3111,364,元大證券,2024-08-28,9800
00950B,凱基A級公司債,1209,857,352,元大證券,2024-08-28,9800
00648R,元大S＆P500反1,347,0,347,元大證券,2024-08-28,9800
3045,台灣大,407,62,345,元大證券,2024-08-28,9800
00635U,期元大S＆P黃金,311,0,311,元大證券,2024-08-28,9800
00955,中信日本商社,622,314,308,元大證券,2024-08-28,9800
00664R,國泰臺灣加權反1,1780,1481,299,元大證券,2024-08-28,9800
00688L,國泰20年美債正2,14043,5821,8222,元大證券,2024-08-29,9800
00680L,元大美債20正2,12531,5372,7159,元大證券,2024-08-29,9800
00706L,期元大S＆P日圓正2,5323,415,4908,元大證券,2024-08-29,9800
00673R,期元大S＆P原油反1,4149,570,3579,元大證券,2024-08-29,9800
00665L,富邦�琤肭磪囓�2,7904,4481,3423,元大證券,2024-08-29,9800
00650L,復華香港正2,5931,2742,3189,元大證券,2024-08-29,9800
00955,中信日本商社,2985,216,2769,元大證券,2024-08-29,9800
00885,富邦越南,2386,156,2230,元大證券,2024-08-29,9800
00671R,富邦NASDAQ反1,2528,459,2069,元大證券,2024-08-29,9800
00891,中信關鍵半導體,4122,2139,1983,元大證券,2024-08-29,9800
00900,富邦特選高股息30,3114,1448,1666,元大證券,2024-08-29,9800
00934,中信成長高股息,2980,1416,1564,元大證券,2024-08-29,9800
3189,景碩,4402,3177,1225,元大證券,2024-08-29,9800
00772B,中信高評級公司債,1916,943,973,元大證券,2024-08-29,9800
00949,復華日本龍頭,1375,403,972,元大證券,2024-08-29,9800
00692,富邦公司治理,1469,501,968,元大證券,2024-08-29,9800
00639,富邦深100,1149,183,966,元大證券,2024-08-29,9800
00941,中信上游半導體,1297,414,883,元大證券,2024-08-29,9800
3037,欣興,1955,1076,879,元大證券,2024-08-29,9800
00686R,群益臺灣加權反1,841,3,838,元大證券,2024-08-29,9800
00956,中信日經高股息,1117,416,701,元大證券,2024-08-29,9800
4958,臻鼎-KY,2055,1404,651,元大證券,2024-08-29,9800
00927,群益半導體收益,986,365,621,元大證券,2024-08-29,9800
00664R,國泰臺灣加權反1,3011,2431,580,元大證券,2024-08-29,9800
00947,台新臺灣IC設計,816,299,517,元大證券,2024-08-29,9800
2367,燿華,3341,2824,517,元大證券,2024-08-29,9800
00708L,期元大S＆P黃金正2,471,13,458,元大證券,2024-08-29,9800
00944,野村趨勢動能高息,882,432,450,元大證券,2024-08-29,9800
2887,台新金,1570,1126,444,元大證券,2024-08-29,9800
00690,兆豐藍籌30,664,237,427,元大證券,2024-08-29,9800
00638R,元大滬深300反1,460,56,404,元大證券,2024-08-29,9800
00892,富邦台灣半導體,834,434,400,元大證券,2024-08-29,9800
00669R,國泰美國道瓊反1,915,558,357,元大證券,2024-08-29,9800
4510,高鋒,5972,5618,354,元大證券,2024-08-29,9800
2313,華通,4353,4001,352,元大證券,2024-08-29,9800
1326,台化,536,216,320,元大證券,2024-08-29,9800
00696B,富邦美債20年,2021,1705,316,元大證券,2024-08-29,9800
00722B,群益投資級電信債,962,648,314,元大證券,2024-08-29,9800
9904,寶成,469,162,307,元大證券,2024-08-29,9800
9958,世紀鋼,774,467,307,元大證券,2024-08-29,9800
2312,金寶,720,427,293,元大證券,2024-08-29,9800
00876,元大全球5G,285,3,282,元大證券,2024-08-29,9800
00773B,中信優先金融債,590,312,278,元大證券,2024-08-29,9800
1710,東聯,240,6,234,元大證券,2024-08-29,9800
6143,振曜,959,726,233,元大證券,2024-08-29,9800
00661,元大日經225,233,2,231,元大證券,2024-08-29,9800
2323,中環,359,136,223,元大證券,2024-08-29,9800
00894,中信小資高價30,277,61,216,元大證券,2024-08-29,9800
00852L,國泰美國道瓊正2,220,13,207,元大證券,2024-08-29,9800
2464,盟立,1683,1487,196,元大證券,2024-08-29,9800
00637L,元大滬深300正2,23918,11273,12645,元大證券,2024-08-30,9800
00715L,期街口布蘭特正2,13268,1940,11328,元大證券,2024-08-30,9800
00665L,富邦�琤肭磪囓�2,19672,8691,10981,元大證券,2024-08-30,9800
00753L,中信中國50正2,10273,2075,8198,元大證券,2024-08-30,9800
00882,中信中國高股息,5809,1314,4495,元大證券,2024-08-30,9800
00650L,復華香港正2,6116,2973,3143,元大證券,2024-08-30,9800
00939,統一台灣高息動能,4276,1276,3000,元大證券,2024-08-30,9800
2887,台新金,2742,298,2444,元大證券,2024-08-30,9800
00955,中信日本商社,3053,793,2260,元大證券,2024-08-30,9800
3481,群創,6730,4473,2257,元大證券,2024-08-30,9800
00633L,富邦上証正2,3954,1741,2213,元大證券,2024-08-30,9800
00934,中信成長高股息,2596,504,2092,元大證券,2024-08-30,9800
00946,群益科技高息成長,2252,294,1958,元大證券,2024-08-30,9800
00642U,期元大S＆P石油,1953,2,1951,元大證券,2024-08-30,9800
00706L,期元大S＆P日圓正2,1834,20,1814,元大證券,2024-08-30,9800
00940,元大台灣價值高息,5630,3976,1654,元大證券,2024-08-30,9800
00631L,元大台灣50正2,1556,312,1244,元大證券,2024-08-30,9800
00885,富邦越南,1234,0,1234,元大證券,2024-08-30,9800
00881,國泰台灣5G+,2868,1654,1214,元大證券,2024-08-30,9800
00949,復華日本龍頭,1167,6,1161,元大證券,2024-08-30,9800
00905,FT臺灣Smart,1084,8,1076,元大證券,2024-08-30,9800
2344,華邦電,1857,838,1019,元大證券,2024-08-30,9800
00655L,國泰中國A50正2,1798,871,927,元大證券,2024-08-30,9800
00830,國泰費城半導體,1559,688,871,元大證券,2024-08-30,9800
00752,中信中國50,973,115,858,元大證券,2024-08-30,9800
00944,野村趨勢動能高息,759,5,754,元大證券,2024-08-30,9800
4526,東台,9505,8777,728,元大證券,2024-08-30,9800
9958,世紀鋼,1121,459,662,元大證券,2024-08-30,9800
00675L,富邦臺灣加權正2,947,317,630,元大證券,2024-08-30,9800
00891,中信關鍵半導體,1219,592,627,元大證券,2024-08-30,9800
00930,永豐ESG低碳高息,641,80,561,元大證券,2024-08-30,9800
006205,富邦上証,671,114,557,元大證券,2024-08-30,9800
4306,炎洲,949,413,536,元大證券,2024-08-30,9800
00636,國泰中國A50,907,406,501,元大證券,2024-08-30,9800
1102,亞泥,504,9,495,元大證券,2024-08-30,9800
00896,中信綠能及電動車,498,8,490,元大證券,2024-08-30,9800
0061,元大寶滬深,476,7,469,元大證券,2024-08-30,9800
3037,欣興,1856,1397,459,元大證券,2024-08-30,9800
00922,國泰台灣領袖50,648,208,440,元大證券,2024-08-30,9800
2801,彰銀,465,35,430,元大證券,2024-08-30,9800
2609,陽明,1193,767,426,元大證券,2024-08-30,9800
2537,聯上發,879,458,421,元大證券,2024-08-30,9800
006208,富邦台50,584,187,397,元大證券,2024-08-30,9800
00690,兆豐藍籌30,398,9,389,元大證券,2024-08-30,9800
00923,群益台ESG低碳50,947,562,385,元大證券,2024-08-30,9800
3081,聯亞,1905,1550,355,元大證券,2024-08-30,9800
00635U,期元大S＆P黃金,465,112,353,元大證券,2024-08-30,9800
00692,富邦公司治理,613,272,341,元大證券,2024-08-30,9800
5880,合庫金,352,14,338,元大證券,2024-08-30,9800
3450,聯鈞,3318,2981,337,元大證券,2024-08-30,9800
00673R,期元大S＆P原油反1,16577,1257,15320,元大證券,2024-09-02,9800
00664R,國泰臺灣加權反1,4843,796,4047,元大證券,2024-09-02,9800
00676R,富邦臺灣加權反1,4408,379,4029,元大證券,2024-09-02,9800
00635U,期元大S＆P黃金,3512,26,3486,元大證券,2024-09-02,9800
2888,新光金,3690,1230,2460,元大證券,2024-09-02,9800
00931B,統一美債20年,4043,1918,2125,元大證券,2024-09-02,9800
00712,復華富時不動產,2052,0,2052,元大證券,2024-09-02,9800
00933B,國泰10Y+金融債,3943,2091,1852,元大證券,2024-09-02,9800
00953B,群益優選非投等債,1911,300,1611,元大證券,2024-09-02,9800
00706L,期元大S＆P日圓正2,4038,2501,1537,元大證券,2024-09-02,9800
2891,中信金,3586,2733,853,元大證券,2024-09-02,9800
00950B,凱基A級公司債,2123,1323,800,元大證券,2024-09-02,9800
00956,中信日經高股息,1440,656,784,元大證券,2024-09-02,9800
00696B,富邦美債20年,2720,1986,734,元大證券,2024-09-02,9800
00902,中信電池及儲能,995,270,725,元大證券,2024-09-02,9800
00740B,富邦全球投等債,1557,844,713,元大證券,2024-09-02,9800
3711,日月光投控,803,293,510,元大證券,2024-09-02,9800
00944,野村趨勢動能高息,1199,718,481,元大證券,2024-09-02,9800
00939,統一台灣高息動能,2221,1762,459,元大證券,2024-09-02,9800
2887,台新金,1367,953,414,元大證券,2024-09-02,9800
00651R,復華香港反1,463,81,382,元大證券,2024-09-02,9800
00670L,富邦NASDAQ正2,512,139,373,元大證券,2024-09-02,9800
9904,寶成,360,12,348,元大證券,2024-09-02,9800
2903,遠百,360,20,340,元大證券,2024-09-02,9800
2316,楠梓電,407,77,330,元大證券,2024-09-02,9800
00909,國泰數位支付服務,311,3,308,元大證券,2024-09-02,9800
2618,長榮航,1623,1329,294,元大證券,2024-09-02,9800
00639,富邦深100,549,260,289,元大證券,2024-09-02,9800
00903,富邦元宇宙,288,0,288,元大證券,2024-09-02,9800
00674R,期元大S＆P黃金反1,305,17,288,元大證券,2024-09-02,9800
00885,富邦越南,264,0,264,元大證券,2024-09-02,9800
1785,光洋科,4608,4353,255,元大證券,2024-09-02,9800
00752,中信中國50,607,359,248,元大證券,2024-09-02,9800
1711,永光,1428,1180,248,元大證券,2024-09-02,9800
2313,華通,1996,1749,247,元大證券,2024-09-02,9800
00671R,富邦NASDAQ反1,972,727,245,元大證券,2024-09-02,9800
00888,永豐台灣ESG,345,106,239,元大證券,2024-09-02,9800
6187,萬潤,1473,1238,235,元大證券,2024-09-02,9800
00722B,群益投資級電信債,652,420,232,元大證券,2024-09-02,9800
9933,中鼎,240,13,227,元大證券,2024-09-02,9800
00686R,群益臺灣加權反1,222,1,221,元大證券,2024-09-02,9800
2455,全新,1034,816,218,元大證券,2024-09-02,9800
2345,智邦,459,242,217,元大證券,2024-09-02,9800
00900,富邦特選高股息30,1377,1161,216,元大證券,2024-09-02,9800
6890,來億-KY,211,1,210,元大證券,2024-09-02,9800
2855,統一證,199,2,197,元大證券,2024-09-02,9800
2006,東和鋼鐵,194,2,192,元大證券,2024-09-02,9800
00877,復華中國5G,538,353,185,元大證券,2024-09-02,9800
3231,緯創,700,519,181,元大證券,2024-09-02,9800
3189,景碩,1271,1092,179,元大證券,2024-09-02,9800
00936,台新永續高息中小,23515,780,22735,元大證券,2024-09-03,9800
00953B,群益優選非投等債,16169,300,15869,元大證券,2024-09-03,9800
00715L,期街口布蘭特正2,13980,258,13722,元大證券,2024-09-03,9800
00650L,復華香港正2,8869,3695,5174,元大證券,2024-09-03,9800
00934,中信成長高股息,5473,1889,3584,元大證券,2024-09-03,9800
00642U,期元大S＆P石油,2458,151,2307,元大證券,2024-09-03,9800
00939,統一台灣高息動能,4170,2338,1832,元大證券,2024-09-03,9800
4510,高鋒,3441,1615,1826,元大證券,2024-09-03,9800
00857B,永豐20年美公債,1638,573,1065,元大證券,2024-09-03,9800
2618,長榮航,4425,3362,1063,元大證券,2024-09-03,9800
00933B,國泰10Y+金融債,5337,4276,1061,元大證券,2024-09-03,9800
00706L,期元大S＆P日圓正2,5181,4132,1049,元大證券,2024-09-03,9800
00751B,元大AAA至A公司債,2686,1697,989,元大證券,2024-09-03,9800
00929,復華台灣科技優息,8102,7168,934,元大證券,2024-09-03,9800
00949,復華日本龍頭,1490,611,879,元大證券,2024-09-03,9800
00764B,群益25年美債,1625,754,871,元大證券,2024-09-03,9800
00881,國泰台灣5G+,1745,898,847,元大證券,2024-09-03,9800
00955,中信日本商社,1103,331,772,元大證券,2024-09-03,9800
2887,台新金,874,157,717,元大證券,2024-09-03,9800
00940,元大台灣價值高息,8319,7714,605,元大證券,2024-09-03,9800
2353,宏��,769,177,592,元大證券,2024-09-03,9800
00725B,國泰投資級公司債,1751,1186,565,元大證券,2024-09-03,9800
00639,富邦深100,525,42,483,元大證券,2024-09-03,9800
00673R,期元大S＆P原油反1,2685,2204,481,元大證券,2024-09-03,9800
00902,中信電池及儲能,591,134,457,元大證券,2024-09-03,9800
3711,日月光投控,710,266,444,元大證券,2024-09-03,9800
2609,陽明,677,235,442,元大證券,2024-09-03,9800
2891,中信金,5777,5338,439,元大證券,2024-09-03,9800
00752,中信中國50,608,175,433,元大證券,2024-09-03,9800
2885,元大金,598,173,425,元大證券,2024-09-03,9800
00888,永豐台灣ESG,652,251,401,元大證券,2024-09-03,9800
2890,永豐金,482,99,383,元大證券,2024-09-03,9800
2313,華通,1468,1114,354,元大證券,2024-09-03,9800
3013,晟銘電,860,507,353,元大證券,2024-09-03,9800
00896,中信綠能及電動車,420,68,352,元大證券,2024-09-03,9800
6274,台燿,1226,888,338,元大證券,2024-09-03,9800
00740B,富邦全球投等債,1028,690,338,元大證券,2024-09-03,9800
2886,兆豐金,1260,923,337,元大證券,2024-09-03,9800
2615,萬海,508,191,317,元大證券,2024-09-03,9800
2303,聯電,3174,2875,299,元大證券,2024-09-03,9800
1806,冠軍,299,3,296,元大證券,2024-09-03,9800
00738U,期元大道瓊白銀,371,84,287,元大證券,2024-09-03,9800
00676R,富邦臺灣加權反1,386,104,282,元大證券,2024-09-03,9800
00686R,群益臺灣加權反1,802,521,281,元大證券,2024-09-03,9800
2368,金像電,1217,950,267,元大證券,2024-09-03,9800
2449,京元電子,777,528,249,元大證券,2024-09-03,9800
00638R,元大滬深300反1,497,263,234,元大證券,2024-09-03,9800
2383,台光電,923,696,227,元大證券,2024-09-03,9800
00877,復華中國5G,608,405,203,元大證券,2024-09-03,9800
3380,明泰,269,71,198,元大證券,2024-09-03,9800
00632R,元大台灣50反1,108793,63075,45718,元大證券,2024-09-04,9800
00664R,國泰臺灣加權反1,29667,5374,24293,元大證券,2024-09-04,9800
00673R,期元大S＆P原油反1,21552,406,21146,元大證券,2024-09-04,9800
00676R,富邦臺灣加權反1,16385,3057,13328,元大證券,2024-09-04,9800
00706L,期元大S＆P日圓正2,11347,529,10818,元大證券,2024-09-04,9800
00795B,中信美國公債20年,10174,3550,6624,元大證券,2024-09-04,9800
00885,富邦越南,4899,0,4899,元大證券,2024-09-04,9800
00953B,群益優選非投等債,4353,600,3753,元大證券,2024-09-04,9800
00939,統一台灣高息動能,6291,2984,3307,元大證券,2024-09-04,9800
00650L,復華香港正2,8357,6018,2339,元大證券,2024-09-04,9800
00933B,國泰10Y+金融債,5105,2931,2174,元大證券,2024-09-04,9800
00936,台新永續高息中小,5667,3524,2143,元大證券,2024-09-04,9800
2891,中信金,15010,13077,1933,元大證券,2024-09-04,9800
00948B,中信優息投資級債,3989,2145,1844,元大證券,2024-09-04,9800
00956,中信日經高股息,1775,211,1564,元大證券,2024-09-04,9800
00753L,中信中國50正2,4116,2562,1554,元大證券,2024-09-04,9800
00720B,元大投資級公司債,3328,2090,1238,元大證券,2024-09-04,9800
00712,復華富時不動產,1407,175,1232,元大證券,2024-09-04,9800
2886,兆豐金,6165,5041,1124,元大證券,2024-09-04,9800
1102,亞泥,2881,1769,1112,元大證券,2024-09-04,9800
2408,南亞科,3081,2039,1042,元大證券,2024-09-04,9800
1402,遠東新,3051,2027,1024,元大證券,2024-09-04,9800
2885,元大金,2956,1993,963,元大證券,2024-09-04,9800
5206,坤悅,882,2,880,元大證券,2024-09-04,9800
1605,華新,1768,982,786,元大證券,2024-09-04,9800
00751B,元大AAA至A公司債,2172,1394,778,元大證券,2024-09-04,9800
00634R,富邦上証反1,727,25,702,元大證券,2024-09-04,9800
2105,正新,1776,1099,677,元大證券,2024-09-04,9800
2883,凱基金,7855,7227,628,元大證券,2024-09-04,9800
2324,仁寶,5255,4642,613,元大證券,2024-09-04,9800
00882,中信中國高股息,2121,1514,607,元大證券,2024-09-04,9800
2027,大成鋼,916,324,592,元大證券,2024-09-04,9800
2887,台新金,3303,2737,566,元大證券,2024-09-04,9800
3702,大聯大,2067,1539,528,元大證券,2024-09-04,9800
00901,永豐智能車供應鏈,508,14,494,元大證券,2024-09-04,9800
00671R,富邦NASDAQ反1,481,0,481,元大證券,2024-09-04,9800
2890,永豐金,4470,4015,455,元大證券,2024-09-04,9800
00931B,統一美債20年,2829,2378,451,元大證券,2024-09-04,9800
00714,群益道瓊美國地產,423,0,423,元大證券,2024-09-04,9800
00669R,國泰美國道瓊反1,914,504,410,元大證券,2024-09-04,9800
00752,中信中國50,1014,610,404,元大證券,2024-09-04,9800
00895,富邦未來車,796,406,390,元大證券,2024-09-04,9800
00942B,台新美A公司債20+,3490,3101,389,元大證券,2024-09-04,9800
6535,順藥,385,12,373,元大證券,2024-09-04,9800
00861,元大全球未來通訊,427,78,349,元大證券,2024-09-04,9800
00641R,富邦日本反1,1143,803,340,元大證券,2024-09-04,9800
2357,華碩,928,597,331,元大證券,2024-09-04,9800
00893,國泰智能電動車,474,169,305,元大證券,2024-09-04,9800
3036,文曄,604,301,303,元大證券,2024-09-04,9800
00955,中信日本商社,1563,1263,300,元大證券,2024-09-04,9800
00680L,元大美債20正2,46577,2368,44209,元大證券,2024-09-05,9800
00688L,國泰20年美債正2,29763,762,29001,元大證券,2024-09-05,9800
00673R,期元大S＆P原油反1,20060,40,20020,元大證券,2024-09-05,9800
00706L,期元大S＆P日圓正2,12699,939,11760,元大證券,2024-09-05,9800
00885,富邦越南,7797,2,7795,元大證券,2024-09-05,9800
00936,台新永續高息中小,7322,2161,5161,元大證券,2024-09-05,9800
00937B,群益ESG投等債20,8379,4206,4173,元大證券,2024-09-05,9800
00795B,中信美國公債20年,5748,2525,3223,元大證券,2024-09-05,9800
00942B,台新美A公司債20+,4243,1469,2774,元大證券,2024-09-05,9800
00953B,群益優選非投等債,2335,200,2135,元大證券,2024-09-05,9800
00631L,元大台灣50正2,2857,1411,1446,元大證券,2024-09-05,9800
00720B,元大投資級公司債,3362,2011,1351,元大證券,2024-09-05,9800
00650L,復華香港正2,4512,3270,1242,元大證券,2024-09-05,9800
00948B,中信優息投資級債,3709,2758,951,元大證券,2024-09-05,9800
00959B,大華投等美債15Y+,2672,1811,861,元大證券,2024-09-05,9800
00675L,富邦臺灣加權正2,2051,1224,827,元大證券,2024-09-05,9800
00956,中信日經高股息,2756,1931,825,元大證券,2024-09-05,9800
00643,群益深証中小,1059,238,821,元大證券,2024-09-05,9800
00764B,群益25年美債,1198,430,768,元大證券,2024-09-05,9800
00941,中信上游半導體,1243,504,739,元大證券,2024-09-05,9800
2317,鴻海,2834,2124,710,元大證券,2024-09-05,9800
006208,富邦台50,1151,498,653,元大證券,2024-09-05,9800
2497,怡利電,1055,438,617,元大證券,2024-09-05,9800
00830,國泰費城半導體,1274,712,562,元大證券,2024-09-05,9800
00751B,元大AAA至A公司債,1928,1373,555,元大證券,2024-09-05,9800
2105,正新,763,260,503,元大證券,2024-09-05,9800
2885,元大金,617,121,496,元大證券,2024-09-05,9800
00692,富邦公司治理,589,104,485,元大證券,2024-09-05,9800
00752,中信中國50,946,522,424,元大證券,2024-09-05,9800
00671R,富邦NASDAQ反1,658,261,397,元大證券,2024-09-05,9800
1710,東聯,417,47,370,元大證券,2024-09-05,9800
00719B,元大美債1-3,347,5,342,元大證券,2024-09-05,9800
00892,富邦台灣半導體,573,241,332,元大證券,2024-09-05,9800
00674R,期元大S＆P黃金反1,322,0,322,元大證券,2024-09-05,9800
2303,聯電,3638,3323,315,元大證券,2024-09-05,9800
00757,統一FANG+,389,85,304,元大證券,2024-09-05,9800
00905,FT臺灣Smart,425,125,300,元大證券,2024-09-05,9800
5234,達興材料,420,167,253,元大證券,2024-09-05,9800
00733,富邦臺灣中小,683,438,245,元大證券,2024-09-05,9800
8069,元太,535,307,228,元大證券,2024-09-05,9800
1605,華新,490,265,225,元大證券,2024-09-05,9800
9904,寶成,769,549,220,元大證券,2024-09-05,9800
00638R,元大滬深300反1,380,161,219,元大證券,2024-09-05,9800
1402,遠東新,805,594,211,元大證券,2024-09-05,9800
00900,富邦特選高股息30,766,569,197,元大證券,2024-09-05,9800
1102,亞泥,787,591,196,元大證券,2024-09-05,9800
00947,台新臺灣IC設計,1325,1130,195,元大證券,2024-09-05,9800
4958,臻鼎-KY,362,182,180,元大證券,2024-09-05,9800
00685L,群益臺灣加權正2,276,97,179,元大證券,2024-09-05,9800
00882,中信中國高股息,1186,1017,169,元大證券,2024-09-05,9800
00688L,國泰20年美債正2,21909,6898,15011,元大證券,2024-09-06,9800
00706L,期元大S＆P日圓正2,7380,801,6579,元大證券,2024-09-06,9800
00673R,期元大S＆P原油反1,7780,2442,5338,元大證券,2024-09-06,9800
00942B,台新美A公司債20+,6234,1922,4312,元大證券,2024-09-06,9800
00933B,國泰10Y+金融債,4737,1830,2907,元大證券,2024-09-06,9800
00936,台新永續高息中小,3877,1430,2447,元大證券,2024-09-06,9800
00795B,中信美國公債20年,5387,3005,2382,元大證券,2024-09-06,9800
00939,統一台灣高息動能,3270,983,2287,元大證券,2024-09-06,9800
00934,中信成長高股息,3360,1311,2049,元大證券,2024-09-06,9800
00764B,群益25年美債,2870,910,1960,元大證券,2024-09-06,9800
00881,國泰台灣5G+,3477,1669,1808,元大證券,2024-09-06,9800
00946,群益科技高息成長,4463,2664,1799,元大證券,2024-09-06,9800
00952,凱基台灣AI50,4003,2571,1432,元大證券,2024-09-06,9800
00637L,元大滬深300正2,7864,6465,1399,元大證券,2024-09-06,9800
0050,元大台灣50,2075,687,1388,元大證券,2024-09-06,9800
00931B,統一美債20年,2503,1190,1313,元大證券,2024-09-06,9800
00923,群益台ESG低碳50,1500,262,1238,元大證券,2024-09-06,9800
00900,富邦特選高股息30,1829,627,1202,元大證券,2024-09-06,9800
00669R,國泰美國道瓊反1,1123,22,1101,元大證券,2024-09-06,9800
00864B,中信美國公債0-1,1100,0,1100,元大證券,2024-09-06,9800
3227,原相,1516,419,1097,元大證券,2024-09-06,9800
00947,台新臺灣IC設計,1416,356,1060,元大證券,2024-09-06,9800
00891,中信關鍵半導體,1965,924,1041,元大證券,2024-09-06,9800
00944,野村趨勢動能高息,1443,491,952,元大證券,2024-09-06,9800
00905,FT臺灣Smart,924,83,841,元大證券,2024-09-06,9800
00857B,永豐20年美公債,2650,1853,797,元大證券,2024-09-06,9800
00701,國泰股利精選30,813,45,768,元大證券,2024-09-06,9800
00907,永豐優息存股,907,145,762,元大證券,2024-09-06,9800
00904,新光臺灣半導體30,848,119,729,元大證券,2024-09-06,9800
00641R,富邦日本反1,879,167,712,元大證券,2024-09-06,9800
00922,國泰台灣領袖50,744,36,708,元大證券,2024-09-06,9800
00650L,復華香港正2,1360,685,675,元大證券,2024-09-06,9800
2382,廣達,1237,578,659,元大證券,2024-09-06,9800
1216,統一,1111,455,656,元大證券,2024-09-06,9800
00675L,富邦臺灣加權正2,1691,1046,645,元大證券,2024-09-06,9800
5443,均豪,4185,3558,627,元大證券,2024-09-06,9800
2105,正新,780,186,594,元大證券,2024-09-06,9800
00902,中信電池及儲能,601,57,544,元大證券,2024-09-06,9800
00671R,富邦NASDAQ反1,1413,879,534,元大證券,2024-09-06,9800
6274,台燿,1504,973,531,元大證券,2024-09-06,9800
00959B,大華投等美債15Y+,961,450,511,元大證券,2024-09-06,9800
00885,富邦越南,729,231,498,元大證券,2024-09-06,9800
00943,兆豐電子高息等權,1129,647,482,元大證券,2024-09-06,9800
00725B,國泰投資級公司債,1474,1015,459,元大證券,2024-09-06,9800
2317,鴻海,1272,816,456,元大證券,2024-09-06,9800
00894,中信小資高價30,536,147,389,元大證券,2024-09-06,9800
2885,元大金,475,93,382,元大證券,2024-09-06,9800
00955,中信日本商社,1277,911,366,元大證券,2024-09-06,9800
00940,元大台灣價值高息,7104,6752,352,元大證券,2024-09-06,9800
00924,復華S＆P500成長,565,241,324,元大證券,2024-09-06,9800
00632R,元大台灣50反1,140550,17061,123489,元大證券,2024-09-09,9800
00680L,元大美債20正2,40137,13736,26401,元大證券,2024-09-09,9800
00664R,國泰臺灣加權反1,20301,730,19571,元大證券,2024-09-09,9800
00688L,國泰20年美債正2,18535,9557,8978,元大證券,2024-09-09,9800
00706L,期元大S＆P日圓正2,6445,1804,4641,元大證券,2024-09-09,9800
00669R,國泰美國道瓊反1,4018,8,4010,元大證券,2024-09-09,9800
00953B,群益優選非投等債,5309,1508,3801,元大證券,2024-09-09,9800
00885,富邦越南,4340,615,3725,元大證券,2024-09-09,9800
00936,台新永續高息中小,4786,1836,2950,元大證券,2024-09-09,9800
00939,統一台灣高息動能,5408,2678,2730,元大證券,2024-09-09,9800
00673R,期元大S＆P原油反1,6590,4009,2581,元大證券,2024-09-09,9800
00676R,富邦臺灣加權反1,5507,3202,2305,元大證券,2024-09-09,9800
00931B,統一美債20年,3609,1471,2138,元大證券,2024-09-09,9800
00671R,富邦NASDAQ反1,2589,705,1884,元大證券,2024-09-09,9800
00892,富邦台灣半導體,1646,462,1184,元大證券,2024-09-09,9800
00944,野村趨勢動能高息,1336,199,1137,元大證券,2024-09-09,9800
00937B,群益ESG投等債20,3908,2864,1044,元大證券,2024-09-09,9800
00950B,凱基A級公司債,2859,1857,1002,元大證券,2024-09-09,9800
00949,復華日本龍頭,2019,1083,936,元大證券,2024-09-09,9800
00641R,富邦日本反1,1708,797,911,元大證券,2024-09-09,9800
00773B,中信優先金融債,813,4,809,元大證券,2024-09-09,9800
2409,友達,2658,1875,783,元大證券,2024-09-09,9800
1216,統一,2103,1332,771,元大證券,2024-09-09,9800
2324,仁寶,2374,1635,739,元大證券,2024-09-09,9800
00900,富邦特選高股息30,1793,1187,606,元大證券,2024-09-09,9800
3481,群創,4972,4370,602,元大證券,2024-09-09,9800
00686R,群益臺灣加權反1,742,178,564,元大證券,2024-09-09,9800
00897,富邦基因免疫生技,548,2,546,元大證券,2024-09-09,9800
00634R,富邦上証反1,565,27,538,元大證券,2024-09-09,9800
00898,國泰基因免疫革命,524,1,523,元大證券,2024-09-09,9800
00795B,中信美國公債20年,3876,3361,515,元大證券,2024-09-09,9800
00955,中信日本商社,1582,1093,489,元大證券,2024-09-09,9800
2885,元大金,2279,1795,484,元大證券,2024-09-09,9800
00857B,永豐20年美公債,1618,1177,441,元大證券,2024-09-09,9800
2382,廣達,1602,1175,427,元大證券,2024-09-09,9800
00952,凱基台灣AI50,2358,1975,383,元大證券,2024-09-09,9800
1402,遠東新,1479,1101,378,元大證券,2024-09-09,9800
2855,統一證,397,37,360,元大證券,2024-09-09,9800
1605,華新,902,543,359,元大證券,2024-09-09,9800
3045,台灣大,1266,926,340,元大證券,2024-09-09,9800
1102,亞泥,1150,846,304,元大證券,2024-09-09,9800
00959B,大華投等美債15Y+,1765,1476,289,元大證券,2024-09-09,9800
3231,緯創,1331,1050,281,元大證券,2024-09-09,9800
00701,國泰股利精選30,305,25,280,元大證券,2024-09-09,9800
2070,精湛,295,15,280,元大證券,2024-09-09,9800
2105,正新,815,536,279,元大證券,2024-09-09,9800
2890,永豐金,2274,1996,278,元大證券,2024-09-09,9800
3227,原相,422,146,276,元大證券,2024-09-09,9800
00934,中信成長高股息,3882,3607,275,元大證券,2024-09-09,9800
6274,台燿,761,487,274,元大證券,2024-09-09,9800
00673R,期元大S＆P原油反1,10536,1019,9517,元大證券,2024-09-10,9800
00795B,中信美國公債20年,8750,2700,6050,元大證券,2024-09-10,9800
00957B,兆豐US優選投等債,10106,5576,4530,元大證券,2024-09-10,9800
00650L,復華香港正2,6506,2594,3912,元大證券,2024-09-10,9800
2317,鴻海,6003,2118,3885,元大證券,2024-09-10,9800
00665L,富邦�琤肭磪囓�2,7251,3381,3870,元大證券,2024-09-10,9800
00931B,統一美債20年,3960,1149,2811,元大證券,2024-09-10,9800
00720B,元大投資級公司債,3150,450,2700,元大證券,2024-09-10,9800
2303,聯電,3649,1087,2562,元大證券,2024-09-10,9800
00637L,元大滬深300正2,8990,6581,2409,元大證券,2024-09-10,9800
00638R,元大滬深300反1,2862,471,2391,元大證券,2024-09-10,9800
00953B,群益優選非投等債,4967,2611,2356,元大證券,2024-09-10,9800
00857B,永豐20年美公債,2651,668,1983,元大證券,2024-09-10,9800
00830,國泰費城半導體,1720,235,1485,元大證券,2024-09-10,9800
2890,永豐金,1695,229,1466,元大證券,2024-09-10,9800
00936,台新永續高息中小,2001,589,1412,元大證券,2024-09-10,9800
00885,富邦越南,1474,181,1293,元大證券,2024-09-10,9800
006208,富邦台50,1666,464,1202,元大證券,2024-09-10,9800
00753L,中信中國50正2,2164,1066,1098,元大證券,2024-09-10,9800
00949,復華日本龍頭,2084,1006,1078,元大證券,2024-09-10,9800
2888,新光金,2661,1602,1059,元大證券,2024-09-10,9800
2885,元大金,1341,323,1018,元大證券,2024-09-10,9800
0050,元大台灣50,1728,722,1006,元大證券,2024-09-10,9800
2105,正新,1004,94,910,元大證券,2024-09-10,9800
00923,群益台ESG低碳50,1231,322,909,元大證券,2024-09-10,9800
00740B,富邦全球投等債,1285,403,882,元大證券,2024-09-10,9800
1102,亞泥,867,53,814,元大證券,2024-09-10,9800
00956,中信日經高股息,1641,828,813,元大證券,2024-09-10,9800
2891,中信金,3557,2751,806,元大證券,2024-09-10,9800
1605,華新,956,206,750,元大證券,2024-09-10,9800
00712,復華富時不動產,983,251,732,元大證券,2024-09-10,9800
00725B,國泰投資級公司債,1916,1187,729,元大證券,2024-09-10,9800
2330,台積電,993,280,713,元大證券,2024-09-10,9800
2324,仁寶,801,90,711,元大證券,2024-09-10,9800
00922,國泰台灣領袖50,973,273,700,元大證券,2024-09-10,9800
00888,永豐台灣ESG,1025,379,646,元大證券,2024-09-10,9800
00939,統一台灣高息動能,2993,2359,634,元大證券,2024-09-10,9800
00708L,期元大S＆P黃金正2,1100,471,629,元大證券,2024-09-10,9800
00937B,群益ESG投等債20,10366,9786,580,元大證券,2024-09-10,9800
00882,中信中國高股息,1677,1114,563,元大證券,2024-09-10,9800
4977,眾達-KY,899,400,499,元大證券,2024-09-10,9800
00757,統一FANG+,514,27,487,元大證券,2024-09-10,9800
1909,榮成,582,112,470,元大證券,2024-09-10,9800
00692,富邦公司治理,483,18,465,元大證券,2024-09-10,9800
2353,宏��,755,321,434,元大證券,2024-09-10,9800
00752,中信中國50,706,288,418,元大證券,2024-09-10,9800
1303,南亞,754,336,418,元大證券,2024-09-10,9800
3037,欣興,1240,824,416,元大證券,2024-09-10,9800
00701,國泰股利精選30,546,137,409,元大證券,2024-09-10,9800
1402,遠東新,957,551,406,元大證券,2024-09-10,9800
2888,新光金,21836,4127,17709,元大證券,2024-09-11,9800
00937B,群益ESG投等債20,12101,4091,8010,元大證券,2024-09-11,9800
00795B,中信美國公債20年,10856,4279,6577,元大證券,2024-09-11,9800
00931B,統一美債20年,9352,2816,6536,元大證券,2024-09-11,9800
00946,群益科技高息成長,9137,3465,5672,元大證券,2024-09-11,9800
3481,群創,7933,2676,5257,元大證券,2024-09-11,9800
00706L,期元大S＆P日圓正2,15131,9994,5137,元大證券,2024-09-11,9800
00772B,中信高評級公司債,6345,1265,5080,元大證券,2024-09-11,9800
2891,中信金,7138,2075,5063,元大證券,2024-09-11,9800
00673R,期元大S＆P原油反1,7640,4281,3359,元大證券,2024-09-11,9800
00956,中信日經高股息,3935,890,3045,元大證券,2024-09-11,9800
2886,兆豐金,4163,1320,2843,元大證券,2024-09-11,9800
00696B,富邦美債20年,3970,1172,2798,元大證券,2024-09-11,9800
00942B,台新美A公司債20+,3620,849,2771,元大證券,2024-09-11,9800
00959B,大華投等美債15Y+,4508,1833,2675,元大證券,2024-09-11,9800
00725B,國泰投資級公司債,3022,757,2265,元大證券,2024-09-11,9800
00907,永豐優息存股,3011,940,2071,元大證券,2024-09-11,9800
00751B,元大AAA至A公司債,4051,2067,1984,元大證券,2024-09-11,9800
2887,台新金,3842,1933,1909,元大證券,2024-09-11,9800
00948B,中信優息投資級債,4724,2836,1888,元大證券,2024-09-11,9800
00720B,元大投資級公司債,3676,1849,1827,元大證券,2024-09-11,9800
00857B,永豐20年美公債,2561,1166,1395,元大證券,2024-09-11,9800
00933B,國泰10Y+金融債,5542,4252,1290,元大證券,2024-09-11,9800
00936,台新永續高息中小,2352,1145,1207,元大證券,2024-09-11,9800
2890,永豐金,1683,483,1200,元大證券,2024-09-11,9800
00773B,中信優先金融債,1511,320,1191,元大證券,2024-09-11,9800
00753L,中信中國50正2,2390,1500,890,元大證券,2024-09-11,9800
2882,國泰金,1761,875,886,元大證券,2024-09-11,9800
2371,大同,1725,867,858,元大證券,2024-09-11,9800
00764B,群益25年美債,1748,922,826,元大證券,2024-09-11,9800
00953B,群益優選非投等債,1392,602,790,元大證券,2024-09-11,9800
2880,華南金,905,135,770,元大證券,2024-09-11,9800
00885,富邦越南,955,213,742,元大證券,2024-09-11,9800
00724B,群益投資級金融債,1101,385,716,元大證券,2024-09-11,9800
00950B,凱基A級公司債,1737,1024,713,元大證券,2024-09-11,9800
2324,仁寶,1453,780,673,元大證券,2024-09-11,9800
2002,中鋼,1441,773,668,元大證券,2024-09-11,9800
00676R,富邦臺灣加權反1,1647,982,665,元大證券,2024-09-11,9800
00761B,國泰A級公司債,922,304,618,元大證券,2024-09-11,9800
2603,長榮,1365,759,606,元大證券,2024-09-11,9800
00655L,國泰中國A50正2,904,303,601,元大證券,2024-09-11,9800
2883,凱基金,3257,2681,576,元大證券,2024-09-11,9800
00927,群益半導體收益,1101,538,563,元大證券,2024-09-11,9800
4977,眾達-KY,822,264,558,元大證券,2024-09-11,9800
1815,富喬,887,332,555,元大證券,2024-09-11,9800
00722B,群益投資級電信債,918,376,542,元大證券,2024-09-11,9800
00641R,富邦日本反1,813,294,519,元大證券,2024-09-11,9800
00944,野村趨勢動能高息,1599,1080,519,元大證券,2024-09-11,9800
4909,新復興,1113,597,516,元大證券,2024-09-11,9800
1605,華新,714,201,513,元大證券,2024-09-11,9800
00680L,元大美債20正2,46132,5521,40611,元大證券,2024-09-12,9800
2888,新光金,25723,6421,19302,元大證券,2024-09-12,9800
00936,台新永續高息中小,6002,246,5756,元大證券,2024-09-12,9800
00665L,富邦�琤肭磪囓�2,8106,2394,5712,元大證券,2024-09-12,9800
00830,國泰費城半導體,6288,1280,5008,元大證券,2024-09-12,9800
00688L,國泰20年美債正2,13756,9001,4755,元大證券,2024-09-12,9800
00934,中信成長高股息,5316,1240,4076,元大證券,2024-09-12,9800
00881,國泰台灣5G+,5229,1194,4035,元大證券,2024-09-12,9800
00931B,統一美債20年,5138,1261,3877,元大證券,2024-09-12,9800
00795B,中信美國公債20年,5178,1719,3459,元大證券,2024-09-12,9800
2317,鴻海,3705,598,3107,元大證券,2024-09-12,9800
2382,廣達,3345,329,3016,元大證券,2024-09-12,9800
00894,中信小資高價30,2890,4,2886,元大證券,2024-09-12,9800
00650L,復華香港正2,5129,2268,2861,元大證券,2024-09-12,9800
2892,第一金,2959,122,2837,元大證券,2024-09-12,9800
00753L,中信中國50正2,3587,1120,2467,元大證券,2024-09-12,9800
0050,元大台灣50,3553,1099,2454,元大證券,2024-09-12,9800
00940,元大台灣價值高息,7462,5100,2362,元大證券,2024-09-12,9800
00891,中信關鍵半導體,3095,841,2254,元大證券,2024-09-12,9800
1216,統一,2281,150,2131,元大證券,2024-09-12,9800
00939,統一台灣高息動能,4512,2391,2121,元大證券,2024-09-12,9800
00713,元大台灣高息低波,3550,1470,2080,元大證券,2024-09-12,9800
00669R,國泰美國道瓊反1,2062,40,2022,元大證券,2024-09-12,9800
00935,野村臺灣新科技50,2277,566,1711,元大證券,2024-09-12,9800
00631L,元大台灣50正2,4051,2344,1707,元大證券,2024-09-12,9800
00944,野村趨勢動能高息,1614,36,1578,元大證券,2024-09-12,9800
00900,富邦特選高股息30,1920,387,1533,元大證券,2024-09-12,9800
2891,中信金,2851,1375,1476,元大證券,2024-09-12,9800
8249,菱光,6327,4900,1427,元大證券,2024-09-12,9800
3189,景碩,2657,1287,1370,元大證券,2024-09-12,9800
00952,凱基台灣AI50,2898,1596,1302,元大證券,2024-09-12,9800
2330,台積電,1748,544,1204,元大證券,2024-09-12,9800
00946,群益科技高息成長,1755,576,1179,元大證券,2024-09-12,9800
00692,富邦公司治理,1209,60,1149,元大證券,2024-09-12,9800
00923,群益台ESG低碳50,1488,345,1143,元大證券,2024-09-12,9800
00927,群益半導體收益,1804,669,1135,元大證券,2024-09-12,9800
00885,富邦越南,1092,1,1091,元大證券,2024-09-12,9800
2002,中鋼,1403,318,1085,元大證券,2024-09-12,9800
3045,台灣大,1056,90,966,元大證券,2024-09-12,9800
00930,永豐ESG低碳高息,1071,114,957,元大證券,2024-09-12,9800
2884,玉山金,1144,239,905,元大證券,2024-09-12,9800
5880,合庫金,943,76,867,元大證券,2024-09-12,9800
2883,凱基金,3093,2236,857,元大證券,2024-09-12,9800
00905,FT臺灣Smart,979,137,842,元大證券,2024-09-12,9800
2890,永豐金,1042,223,819,元大證券,2024-09-12,9800
2801,彰銀,902,93,809,元大證券,2024-09-12,9800
00947,台新臺灣IC設計,1512,707,805,元大證券,2024-09-12,9800
2882,國泰金,1666,883,783,元大證券,2024-09-12,9800
00922,國泰台灣領袖50,1253,494,759,元大證券,2024-09-12,9800
2105,正新,834,94,740,元大證券,2024-09-12,9800
00706L,期元大S＆P日圓正2,8940,303,8637,元大證券,2024-09-13,9800
00632R,元大台灣50反1,32808,26828,5980,元大證券,2024-09-13,9800
00715L,期街口布蘭特正2,11374,5645,5729,元大證券,2024-09-13,9800
00936,台新永續高息中小,3799,260,3539,元大證券,2024-09-13,9800
00940,元大台灣價值高息,5494,2011,3483,元大證券,2024-09-13,9800
00939,統一台灣高息動能,3452,707,2745,元大證券,2024-09-13,9800
00753L,中信中國50正2,2252,107,2145,元大證券,2024-09-13,9800
00662,富邦NASDAQ,1338,17,1321,元大證券,2024-09-13,9800
2477,美隆電,1538,309,1229,元大證券,2024-09-13,9800
2330,台積電,1727,629,1098,元大證券,2024-09-13,9800
00957B,兆豐US優選投等債,1718,720,998,元大證券,2024-09-13,9800
00665L,富邦�琤肭磪囓�2,5088,4167,921,元大證券,2024-09-13,9800
00696B,富邦美債20年,3397,2479,918,元大證券,2024-09-13,9800
2382,廣達,1190,322,868,元大證券,2024-09-13,9800
00893,國泰智能電動車,945,80,865,元大證券,2024-09-13,9800
2880,華南金,946,118,828,元大證券,2024-09-13,9800
3189,景碩,1282,466,816,元大證券,2024-09-13,9800
00944,野村趨勢動能高息,807,52,755,元大證券,2024-09-13,9800
00708L,期元大S＆P黃金正2,862,113,749,元大證券,2024-09-13,9800
00738U,期元大道瓊白銀,814,70,744,元大證券,2024-09-13,9800
00795B,中信美國公債20年,3957,3226,731,元大證券,2024-09-13,9800
2324,仁寶,806,100,706,元大證券,2024-09-13,9800
5871,中租-KY,953,256,697,元大證券,2024-09-13,9800
1504,東元,667,10,657,元大證券,2024-09-13,9800
00924,復華S＆P500成長,658,2,656,元大證券,2024-09-13,9800
2885,元大金,877,239,638,元大證券,2024-09-13,9800
1513,中興電,780,157,623,元大證券,2024-09-13,9800
00757,統一FANG+,643,22,621,元大證券,2024-09-13,9800
2618,長榮航,1176,591,585,元大證券,2024-09-13,9800
2385,群光,687,115,572,元大證券,2024-09-13,9800
2892,第一金,584,14,570,元大證券,2024-09-13,9800
1402,遠東新,605,35,570,元大證券,2024-09-13,9800
8046,南電,632,78,554,元大證券,2024-09-13,9800
00950B,凱基A級公司債,1483,935,548,元大證券,2024-09-13,9800
1216,統一,712,219,493,元大證券,2024-09-13,9800
00907,永豐優息存股,607,120,487,元大證券,2024-09-13,9800
6239,力成,542,101,441,元大證券,2024-09-13,9800
00830,國泰費城半導體,900,492,408,元大證券,2024-09-13,9800
2458,義隆,478,76,402,元大證券,2024-09-13,9800
2356,英業達,448,52,396,元大證券,2024-09-13,9800
2317,鴻海,1280,894,386,元大證券,2024-09-13,9800
00686R,群益臺灣加權反1,590,241,349,元大證券,2024-09-13,9800
2498,宏達電,436,99,337,元大證券,2024-09-13,9800
2409,友達,488,152,336,元大證券,2024-09-13,9800
2886,兆豐金,592,264,328,元大證券,2024-09-13,9800
2303,聯電,1183,856,327,元大證券,2024-09-13,9800
2105,正新,342,21,321,元大證券,2024-09-13,9800
1101,台泥,646,330,316,元大證券,2024-09-13,9800
00675L,富邦臺灣加權正2,688,372,316,元大證券,2024-09-13,9800
00635U,期元大S＆P黃金,372,57,315,元大證券,2024-09-13,9800
00632R,元大台灣50反1,63956,7300,56656,元大證券,2024-09-16,9800
00680L,元大美債20正2,25578,13103,12475,元大證券,2024-09-16,9800
00936,台新永續高息中小,6947,93,6854,元大證券,2024-09-16,9800
00939,統一台灣高息動能,5347,227,5120,元大證券,2024-09-16,9800
00715L,期街口布蘭特正2,9967,5073,4894,元大證券,2024-09-16,9800
00676R,富邦臺灣加權反1,4767,1571,3196,元大證券,2024-09-16,9800
00795B,中信美國公債20年,5170,2280,2890,元大證券,2024-09-16,9800
2317,鴻海,3646,756,2890,元大證券,2024-09-16,9800
2303,聯電,4149,1446,2703,元大證券,2024-09-16,9800
00830,國泰費城半導體,3028,651,2377,元大證券,2024-09-16,9800
00665L,富邦�琤肭磪囓�2,6382,4126,2256,元大證券,2024-09-16,9800
00764B,群益25年美債,3573,1740,1833,元大證券,2024-09-16,9800
00637L,元大滬深300正2,6967,5413,1554,元大證券,2024-09-16,9800
00686R,群益臺灣加權反1,1332,0,1332,元大證券,2024-09-16,9800
00942B,台新美A公司債20+,2674,1627,1047,元大證券,2024-09-16,9800
2885,元大金,1004,21,983,元大證券,2024-09-16,9800
3481,群創,10431,9583,848,元大證券,2024-09-16,9800
8249,菱光,1916,1171,745,元大證券,2024-09-16,9800
2105,正新,764,31,733,元大證券,2024-09-16,9800
00946,群益科技高息成長,1441,716,725,元大證券,2024-09-16,9800
3711,日月光投控,2173,1467,706,元大證券,2024-09-16,9800
00857B,永豐20年美公債,1928,1271,657,元大證券,2024-09-16,9800
0050,元大台灣50,931,284,647,元大證券,2024-09-16,9800
00888,永豐台灣ESG,490,2,488,元大證券,2024-09-16,9800
00641R,富邦日本反1,473,4,469,元大證券,2024-09-16,9800
00650L,復華香港正2,2970,2521,449,元大證券,2024-09-16,9800
00940,元大台灣價值高息,3770,3356,414,元大證券,2024-09-16,9800
00852L,國泰美國道瓊正2,438,25,413,元大證券,2024-09-16,9800
2524,京城,519,124,395,元大證券,2024-09-16,9800
00724B,群益投資級金融債,627,303,324,元大證券,2024-09-16,9800
5443,均豪,1321,1017,304,元大證券,2024-09-16,9800
2890,永豐金,405,104,301,元大證券,2024-09-16,9800
4977,眾達-KY,2180,1910,270,元大證券,2024-09-16,9800
2360,致茂,439,177,262,元大證券,2024-09-16,9800
2851,中再保,243,2,241,元大證券,2024-09-16,9800
00892,富邦台灣半導體,319,82,237,元大證券,2024-09-16,9800
00670L,富邦NASDAQ正2,238,3,235,元大證券,2024-09-16,9800
2409,友達,5260,5039,221,元大證券,2024-09-16,9800
2891,中信金,3074,2854,220,元大證券,2024-09-16,9800
2449,京元電子,341,121,220,元大證券,2024-09-16,9800
00757,統一FANG+,260,42,218,元大證券,2024-09-16,9800
2070,精湛,363,148,215,元大證券,2024-09-16,9800
1301,台塑,564,350,214,元大證券,2024-09-16,9800
3227,原相,474,264,210,元大證券,2024-09-16,9800
00920,富邦ESG綠色電力,204,0,204,元大證券,2024-09-16,9800
6274,台燿,1310,1114,196,元大證券,2024-09-16,9800
2353,宏��,300,105,195,元大證券,2024-09-16,9800
2385,群光,253,70,183,元大證券,2024-09-16,9800
2367,燿華,219,45,174,元大證券,2024-09-16,9800
2324,仁寶,330,160,170,元大證券,2024-09-16,9800
00632R,元大台灣50反1,118103,8796,109307,元大證券,2024-09-18,9800
00679B,元大美債20年,44371,6174,38197,元大證券,2024-09-18,9800
00715L,期街口布蘭特正2,19091,112,18979,元大證券,2024-09-18,9800
00795B,中信美國公債20年,11140,1009,10131,元大證券,2024-09-18,9800
00940,元大台灣價值高息,9335,4787,4548,元大證券,2024-09-18,9800
00642U,期元大S＆P石油,4145,404,3741,元大證券,2024-09-18,9800
2887,台新金,5932,2235,3697,元大證券,2024-09-18,9800
00931B,統一美債20年,6084,2835,3249,元大證券,2024-09-18,9800
00751B,元大AAA至A公司債,4638,1435,3203,元大證券,2024-09-18,9800
00753L,中信中國50正2,3174,163,3011,元大證券,2024-09-18,9800
00939,統一台灣高息動能,4991,2228,2763,元大證券,2024-09-18,9800
00764B,群益25年美債,3589,870,2719,元大證券,2024-09-18,9800
00665L,富邦�琤肭磪囓�2,2120,1,2119,元大證券,2024-09-18,9800
00712,復華富時不動產,2992,1033,1959,元大證券,2024-09-18,9800
3711,日月光投控,2951,1366,1585,元大證券,2024-09-18,9800
2002,中鋼,2146,597,1549,元大證券,2024-09-18,9800
2886,兆豐金,3620,2111,1509,元大證券,2024-09-18,9800
00936,台新永續高息中小,2256,750,1506,元大證券,2024-09-18,9800
00830,國泰費城半導體,1408,49,1359,元大證券,2024-09-18,9800
00676R,富邦臺灣加權反1,1753,448,1305,元大證券,2024-09-18,9800
00664R,國泰臺灣加權反1,2062,923,1139,元大證券,2024-09-18,9800
1721,三晃,1118,1,1117,元大證券,2024-09-18,9800
00885,富邦越南,1147,347,800,元大證券,2024-09-18,9800
2890,永豐金,1023,228,795,元大證券,2024-09-18,9800
2303,聯電,2939,2202,737,元大證券,2024-09-18,9800
2885,元大金,737,14,723,元大證券,2024-09-18,9800
00773B,中信優先金融債,848,129,719,元大證券,2024-09-18,9800
4938,和碩,1015,377,638,元大證券,2024-09-18,9800
1102,亞泥,1263,625,638,元大證券,2024-09-18,9800
00686R,群益臺灣加權反1,636,0,636,元大證券,2024-09-18,9800
00953B,群益優選非投等債,600,1,599,元大證券,2024-09-18,9800
00646,元大S＆P500,621,27,594,元大證券,2024-09-18,9800
00941,中信上游半導體,605,18,587,元大證券,2024-09-18,9800
5347,世界,1020,486,534,元大證券,2024-09-18,9800
2610,華航,2700,2171,529,元大證券,2024-09-18,9800
00650L,復華香港正2,1502,976,526,元大證券,2024-09-18,9800
2881,富邦金,1297,773,524,元大證券,2024-09-18,9800
00752,中信中國50,525,2,523,元大證券,2024-09-18,9800
8249,菱光,511,3,508,元大證券,2024-09-18,9800
00857B,永豐20年美公債,2315,1818,497,元大證券,2024-09-18,9800
2498,宏達電,558,82,476,元大證券,2024-09-18,9800
1402,遠東新,662,195,467,元大證券,2024-09-18,9800
2412,中華電,544,91,453,元大證券,2024-09-18,9800
3363,上詮,898,445,453,元大證券,2024-09-18,9800
2324,仁寶,722,278,444,元大證券,2024-09-18,9800
1605,華新,705,295,410,元大證券,2024-09-18,9800
00955,中信日本商社,802,398,404,元大證券,2024-09-18,9800
2105,正新,517,135,382,元大證券,2024-09-18,9800
5443,均豪,1283,911,372,元大證券,2024-09-18,9800
00852L,國泰美國道瓊正2,457,103,354,元大證券,2024-09-18,9800
00680L,元大美債20正2,46805,4503,42302,元大證券,2024-09-19,9800
00632R,元大台灣50反1,66113,31203,34910,元大證券,2024-09-19,9800
00688L,國泰20年美債正2,27342,8210,19132,元大證券,2024-09-19,9800
00715L,期街口布蘭特正2,14272,2935,11337,元大證券,2024-09-19,9800
00753L,中信中國50正2,11065,412,10653,元大證券,2024-09-19,9800
00637L,元大滬深300正2,25811,18644,7167,元大證券,2024-09-19,9800
00650L,復華香港正2,9384,2519,6865,元大證券,2024-09-19,9800
00939,統一台灣高息動能,3438,4,3434,元大證券,2024-09-19,9800
00940,元大台灣價值高息,8065,4766,3299,元大證券,2024-09-19,9800
00921,兆豐龍頭等權重,3111,147,2964,元大證券,2024-09-19,9800
00881,國泰台灣5G+,3452,725,2727,元大證券,2024-09-19,9800
2330,台積電,3047,416,2631,元大證券,2024-09-19,9800
00795B,中信美國公債20年,6758,4254,2504,元大證券,2024-09-19,9800
00642U,期元大S＆P石油,2778,303,2475,元大證券,2024-09-19,9800
00665L,富邦�琤肭磪囓�2,11645,9509,2136,元大證券,2024-09-19,9800
00923,群益台ESG低碳50,2098,32,2066,元大證券,2024-09-19,9800
2317,鴻海,2511,458,2053,元大證券,2024-09-19,9800
1216,統一,2429,529,1900,元大證券,2024-09-19,9800
00949,復華日本龍頭,2800,1095,1705,元大證券,2024-09-19,9800
00878,國泰永續高股息,5529,3861,1668,元大證券,2024-09-19,9800
00662,富邦NASDAQ,1835,236,1599,元大證券,2024-09-19,9800
00927,群益半導體收益,2093,510,1583,元大證券,2024-09-19,9800
00936,台新永續高息中小,2213,634,1579,元大證券,2024-09-19,9800
00830,國泰費城半導體,2656,1087,1569,元大證券,2024-09-19,9800
00764B,群益25年美債,2623,1102,1521,元大證券,2024-09-19,9800
00946,群益科技高息成長,3759,2250,1509,元大證券,2024-09-19,9800
2002,中鋼,1775,275,1500,元大證券,2024-09-19,9800
00646,元大S＆P500,1581,190,1391,元大證券,2024-09-19,9800
2542,興富發,1506,145,1361,元大證券,2024-09-19,9800
2884,玉山金,1524,287,1237,元大證券,2024-09-19,9800
00655L,國泰中國A50正2,2432,1268,1164,元大證券,2024-09-19,9800
00922,國泰台灣領袖50,1304,220,1084,元大證券,2024-09-19,9800
00679B,元大美債20年,10664,9612,1052,元大證券,2024-09-19,9800
00932,兆豐永續高息等權,1404,378,1026,元大證券,2024-09-19,9800
2313,華通,1194,187,1007,元大證券,2024-09-19,9800
00934,中信成長高股息,2713,1707,1006,元大證券,2024-09-19,9800
3481,群創,2558,1554,1004,元大證券,2024-09-19,9800
2618,長榮航,3575,2583,992,元大證券,2024-09-19,9800
00671R,富邦NASDAQ反1,1198,284,914,元大證券,2024-09-19,9800
2382,廣達,1200,308,892,元大證券,2024-09-19,9800
00947,台新臺灣IC設計,1590,700,890,元大證券,2024-09-19,9800
2890,永豐金,917,74,843,元大證券,2024-09-19,9800
2891,中信金,3476,2644,832,元大證券,2024-09-19,9800
00675L,富邦臺灣加權正2,1222,425,797,元大證券,2024-09-19,9800
00900,富邦特選高股息30,1111,317,794,元大證券,2024-09-19,9800
2885,元大金,949,160,789,元大證券,2024-09-19,9800
00891,中信關鍵半導體,1303,547,756,元大證券,2024-09-19,9800
3711,日月光投控,1631,875,756,元大證券,2024-09-19,9800
0050,元大台灣50,803,50,753,元大證券,2024-09-19,9800
00885,富邦越南,808,69,739,元大證券,2024-09-19,9800
00632R,元大台灣50反1,85136,22760,62376,元大證券,2024-09-20,9800
00715L,期街口布蘭特正2,32706,721,31985,元大證券,2024-09-20,9800
00688L,國泰20年美債正2,12521,3349,9172,元大證券,2024-09-20,9800
00664R,國泰臺灣加權反1,7283,933,6350,元大證券,2024-09-20,9800
2317,鴻海,5844,563,5281,元大證券,2024-09-20,9800
00753L,中信中國50正2,5556,1030,4526,元大證券,2024-09-20,9800
00642U,期元大S＆P石油,4177,17,4160,元大證券,2024-09-20,9800
00712,復華富時不動產,4229,72,4157,元大證券,2024-09-20,9800
5871,中租-KY,4086,201,3885,元大證券,2024-09-20,9800
00830,國泰費城半導體,4646,787,3859,元大證券,2024-09-20,9800
2618,長榮航,5379,1834,3545,元大證券,2024-09-20,9800
00706L,期元大S＆P日圓正2,5473,1936,3537,元大證券,2024-09-20,9800
00885,富邦越南,3516,161,3355,元大證券,2024-09-20,9800
2891,中信金,10140,7059,3081,元大證券,2024-09-20,9800
00953B,群益優選非投等債,2841,600,2241,元大證券,2024-09-20,9800
00882,中信中國高股息,4836,2616,2220,元大證券,2024-09-20,9800
00939,統一台灣高息動能,3014,932,2082,元大證券,2024-09-20,9800
00957B,兆豐US優選投等債,3341,1440,1901,元大證券,2024-09-20,9800
00918,大華優利高填息30,4609,2798,1811,元大證券,2024-09-20,9800
00680L,元大美債20正2,12792,11241,1551,元大證券,2024-09-20,9800
00679B,元大美債20年,12340,10800,1540,元大證券,2024-09-20,9800
3615,安可,1589,62,1527,元大證券,2024-09-20,9800
00941,中信上游半導體,1568,212,1356,元大證券,2024-09-20,9800
2330,台積電,1956,637,1319,元大證券,2024-09-20,9800
00936,台新永續高息中小,1602,363,1239,元大證券,2024-09-20,9800
00955,中信日本商社,1575,342,1233,元大證券,2024-09-20,9800
00752,中信中國50,1354,131,1223,元大證券,2024-09-20,9800
00935,野村臺灣新科技50,1670,451,1219,元大證券,2024-09-20,9800
2002,中鋼,1730,558,1172,元大證券,2024-09-20,9800
00951,台新日本半導體,1657,535,1122,元大證券,2024-09-20,9800
00772B,中信高評級公司債,2138,1030,1108,元大證券,2024-09-20,9800
2887,台新金,4149,3134,1015,元大證券,2024-09-20,9800
00937B,群益ESG投等債20,11729,10715,1014,元大證券,2024-09-20,9800
6446,藥華藥,1129,128,1001,元大證券,2024-09-20,9800
00891,中信關鍵半導體,2585,1604,981,元大證券,2024-09-20,9800
3711,日月光投控,1597,673,924,元大證券,2024-09-20,9800
2368,金像電,859,68,791,元大證券,2024-09-20,9800
00959B,大華投等美債15Y+,2395,1608,787,元大證券,2024-09-20,9800
00940,元大台灣價值高息,8787,8013,774,元大證券,2024-09-20,9800
2881,富邦金,1261,494,767,元大證券,2024-09-20,9800
00751B,元大AAA至A公司債,2132,1395,737,元大證券,2024-09-20,9800
9958,世紀鋼,2130,1453,677,元大證券,2024-09-20,9800
00949,復華日本龍頭,2656,1996,660,元大證券,2024-09-20,9800
00895,富邦未來車,720,98,622,元大證券,2024-09-20,9800
0050,元大台灣50,1686,1083,603,元大證券,2024-09-20,9800
00631L,元大台灣50正2,1570,1009,561,元大證券,2024-09-20,9800
2883,凱基金,1145,587,558,元大證券,2024-09-20,9800
2382,廣達,773,215,558,元大證券,2024-09-20,9800
00857B,永豐20年美公債,3013,2466,547,元大證券,2024-09-20,9800
00933B,國泰10Y+金融債,2285,1750,535,元大證券,2024-09-20,9800
00715L,期街口布蘭特正2,14202,631,13571,元大證券,2024-09-23,9800
00680L,元大美債20正2,18951,7695,11256,元大證券,2024-09-23,9800
00637L,元大滬深300正2,14219,6119,8100,元大證券,2024-09-23,9800
00688L,國泰20年美債正2,13589,6431,7158,元大證券,2024-09-23,9800
00882,中信中國高股息,6952,619,6333,元大證券,2024-09-23,9800
2303,聯電,5186,1645,3541,元大證券,2024-09-23,9800
5871,中租-KY,2925,179,2746,元大證券,2024-09-23,9800
00753L,中信中國50正2,4071,1395,2676,元大證券,2024-09-23,9800
00650L,復華香港正2,7462,4971,2491,元大證券,2024-09-23,9800
00940,元大台灣價值高息,5939,3793,2146,元大證券,2024-09-23,9800
00915,凱基優選高股息30,2547,491,2056,元大證券,2024-09-23,9800
00936,台新永續高息中小,2758,893,1865,元大證券,2024-09-23,9800
00642U,期元大S＆P石油,1999,178,1821,元大證券,2024-09-23,9800
00633L,富邦上証正2,2554,826,1728,元大證券,2024-09-23,9800
3580,友威科,4422,2696,1726,元大證券,2024-09-23,9800
2317,鴻海,2158,438,1720,元大證券,2024-09-23,9800
00655L,國泰中國A50正2,2122,654,1468,元大證券,2024-09-23,9800
2888,新光金,10094,8675,1419,元大證券,2024-09-23,9800
00949,復華日本龍頭,1852,509,1343,元大證券,2024-09-23,9800
00939,統一台灣高息動能,2350,1031,1319,元大證券,2024-09-23,9800
2330,台積電,1510,258,1252,元大證券,2024-09-23,9800
00918,大華優利高填息30,2295,1230,1065,元大證券,2024-09-23,9800
00929,復華台灣科技優息,4979,4043,936,元大證券,2024-09-23,9800
2609,陽明,1903,997,906,元大證券,2024-09-23,9800
00951,台新日本半導體,1059,162,897,元大證券,2024-09-23,9800
00946,群益科技高息成長,2513,1751,762,元大證券,2024-09-23,9800
2105,正新,974,213,761,元大證券,2024-09-23,9800
3034,聯詠,868,144,724,元大證券,2024-09-23,9800
3715,定穎投控,4212,3496,716,元大證券,2024-09-23,9800
2890,永豐金,836,135,701,元大證券,2024-09-23,9800
00960,野村全球航運龍頭,698,6,692,元大證券,2024-09-23,9800
2886,兆豐金,842,180,662,元大證券,2024-09-23,9800
00934,中信成長高股息,2128,1506,622,元大證券,2024-09-23,9800
00888,永豐台灣ESG,892,305,587,元大證券,2024-09-23,9800
5880,合庫金,600,33,567,元大證券,2024-09-23,9800
2382,廣達,687,175,512,元大證券,2024-09-23,9800
3711,日月光投控,951,461,490,元大證券,2024-09-23,9800
00645,富邦日本,505,24,481,元大證券,2024-09-23,9800
4904,遠傳,595,115,480,元大證券,2024-09-23,9800
0050,元大台灣50,878,402,476,元大證券,2024-09-23,9800
1402,遠東新,487,23,464,元大證券,2024-09-23,9800
00675L,富邦臺灣加權正2,775,316,459,元大證券,2024-09-23,9800
00912,中信臺灣智慧50,528,84,444,元大證券,2024-09-23,9800
3481,群創,3411,2972,439,元大證券,2024-09-23,9800
2883,凱基金,815,397,418,元大證券,2024-09-23,9800
4979,華星光,2995,2578,417,元大證券,2024-09-23,9800
2892,第一金,454,44,410,元大證券,2024-09-23,9800
2834,臺企銀,468,58,410,元大證券,2024-09-23,9800
00895,富邦未來車,403,3,400,元大證券,2024-09-23,9800
2801,彰銀,540,141,399,元大證券,2024-09-23,9800
00632R,元大台灣50反1,46099,14224,31875,元大證券,2024-09-24,9800
00637L,元大滬深300正2,48154,25006,23148,元大證券,2024-09-24,9800
00665L,富邦�琤肭磪囓�2,25530,10710,14820,元大證券,2024-09-24,9800
00753L,中信中國50正2,14471,4101,10370,元大證券,2024-09-24,9800
00650L,復華香港正2,14828,6115,8713,元大證券,2024-09-24,9800
2891,中信金,11315,4407,6908,元大證券,2024-09-24,9800
00882,中信中國高股息,7795,2956,4839,元大證券,2024-09-24,9800
00706L,期元大S＆P日圓正2,5265,538,4727,元大證券,2024-09-24,9800
00633L,富邦上証正2,7976,3978,3998,元大證券,2024-09-24,9800
2303,聯電,4221,766,3455,元大證券,2024-09-24,9800
2317,鴻海,4435,1328,3107,元大證券,2024-09-24,9800
5871,中租-KY,2489,81,2408,元大證券,2024-09-24,9800
00939,統一台灣高息動能,3294,1075,2219,元大證券,2024-09-24,9800
00900,富邦特選高股息30,4226,2159,2067,元大證券,2024-09-24,9800
00949,復華日本龍頭,1994,122,1872,元大證券,2024-09-24,9800
00655L,國泰中國A50正2,4881,3272,1609,元大證券,2024-09-24,9800
0050,元大台灣50,1751,176,1575,元大證券,2024-09-24,9800
00959B,大華投等美債15Y+,1719,183,1536,元大證券,2024-09-24,9800
00933B,國泰10Y+金融債,3610,2125,1485,元大證券,2024-09-24,9800
00934,中信成長高股息,2811,1427,1384,元大證券,2024-09-24,9800
2313,華通,2754,1428,1326,元大證券,2024-09-24,9800
00888,永豐台灣ESG,1326,12,1314,元大證券,2024-09-24,9800
00712,復華富時不動產,2565,1314,1251,元大證券,2024-09-24,9800
00931B,統一美債20年,3135,2067,1068,元大證券,2024-09-24,9800
00631L,元大台灣50正2,2037,976,1061,元大證券,2024-09-24,9800
2615,萬海,7380,6335,1045,元大證券,2024-09-24,9800
2105,正新,1010,10,1000,元大證券,2024-09-24,9800
00955,中信日本商社,1138,154,984,元大證券,2024-09-24,9800
00636,國泰中國A50,1614,738,876,元大證券,2024-09-24,9800
2609,陽明,6899,6030,869,元大證券,2024-09-24,9800
2880,華南金,852,12,840,元大證券,2024-09-24,9800
00935,野村臺灣新科技50,891,57,834,元大證券,2024-09-24,9800
00641R,富邦日本反1,1051,240,811,元大證券,2024-09-24,9800
00950B,凱基A級公司債,4288,3494,794,元大證券,2024-09-24,9800
2382,廣達,907,161,746,元大證券,2024-09-24,9800
00877,復華中國5G,1459,739,720,元大證券,2024-09-24,9800
00944,野村趨勢動能高息,1312,598,714,元大證券,2024-09-24,9800
00642U,期元大S＆P石油,1548,893,655,元大證券,2024-09-24,9800
006205,富邦上証,1262,648,614,元大證券,2024-09-24,9800
00941,中信上游半導體,684,80,604,元大證券,2024-09-24,9800
00902,中信電池及儲能,1618,1018,600,元大證券,2024-09-24,9800
00692,富邦公司治理,906,346,560,元大證券,2024-09-24,9800
00945B,凱基美國非投等債,4168,3626,542,元大證券,2024-09-24,9800
00907,永豐優息存股,785,249,536,元大證券,2024-09-24,9800
00936,台新永續高息中小,1182,659,523,元大證券,2024-09-24,9800
00675L,富邦臺灣加權正2,1140,620,520,元大證券,2024-09-24,9800
00957B,兆豐US優選投等債,1315,809,506,元大證券,2024-09-24,9800
2330,台積電,741,236,505,元大證券,2024-09-24,9800
00643,群益深証中小,924,431,493,元大證券,2024-09-24,9800
00719B,元大美債1-3,504,12,492,元大證券,2024-09-24,9800
00632R,元大台灣50反1,100037,9103,90934,元大證券,2024-09-25,9800
00637L,元大滬深300正2,58622,35763,22859,元大證券,2024-09-25,9800
00706L,期元大S＆P日圓正2,11082,1,11081,元大證券,2024-09-25,9800
00939,統一台灣高息動能,11296,747,10549,元大證券,2024-09-25,9800
00753L,中信中國50正2,12458,3486,8972,元大證券,2024-09-25,9800
00673R,期元大S＆P原油反1,9661,764,8897,元大證券,2024-09-25,9800
00952,凱基台灣AI50,9434,1066,8368,元大證券,2024-09-25,9800
00633L,富邦上証正2,11773,3783,7990,元大證券,2024-09-25,9800
00940,元大台灣價值高息,8775,1851,6924,元大證券,2024-09-25,9800
2891,中信金,7238,2054,5184,元大證券,2024-09-25,9800
2317,鴻海,6194,1510,4684,元大證券,2024-09-25,9800
2303,聯電,5184,539,4645,元大證券,2024-09-25,9800
00882,中信中國高股息,6495,2537,3958,元大證券,2024-09-25,9800
00664R,國泰臺灣加權反1,4771,1435,3336,元大證券,2024-09-25,9800
00671R,富邦NASDAQ反1,3218,33,3185,元大證券,2024-09-25,9800
00918,大華優利高填息30,3149,506,2643,元大證券,2024-09-25,9800
5871,中租-KY,3520,1000,2520,元大證券,2024-09-25,9800
2330,台積電,3427,932,2495,元大證券,2024-09-25,9800
00936,台新永續高息中小,3734,1321,2413,元大證券,2024-09-25,9800
2382,廣達,3517,1106,2411,元大證券,2024-09-25,9800
00715L,期街口布蘭特正2,5664,3296,2368,元大證券,2024-09-25,9800
00959B,大華投等美債15Y+,2727,415,2312,元大證券,2024-09-25,9800
00655L,國泰中國A50正2,3564,1416,2148,元大證券,2024-09-25,9800
2883,凱基金,2829,690,2139,元大證券,2024-09-25,9800
3231,緯創,2786,694,2092,元大證券,2024-09-25,9800
00942B,台新美A公司債20+,3289,1248,2041,元大證券,2024-09-25,9800
00933B,國泰10Y+金融債,2172,221,1951,元大證券,2024-09-25,9800
00900,富邦特選高股息30,2371,447,1924,元大證券,2024-09-25,9800
5880,合庫金,1801,91,1710,元大證券,2024-09-25,9800
2002,中鋼,2836,1159,1677,元大證券,2024-09-25,9800
2892,第一金,1715,63,1652,元大證券,2024-09-25,9800
00642U,期元大S＆P石油,1764,119,1645,元大證券,2024-09-25,9800
2890,永豐金,2183,705,1478,元大證券,2024-09-25,9800
2880,華南金,1563,89,1474,元大證券,2024-09-25,9800
00885,富邦越南,1802,334,1468,元大證券,2024-09-25,9800
0050,元大台灣50,2402,946,1456,元大證券,2024-09-25,9800
2105,正新,1451,69,1382,元大證券,2024-09-25,9800
00934,中信成長高股息,2909,1531,1378,元大證券,2024-09-25,9800
2801,彰銀,1426,145,1281,元大證券,2024-09-25,9800
00850,元大臺灣ESG永續,1480,220,1260,元大證券,2024-09-25,9800
00957B,兆豐US優選投等債,1837,582,1255,元大證券,2024-09-25,9800
00950B,凱基A級公司債,3539,2300,1239,元大證券,2024-09-25,9800
2882,國泰金,2072,846,1226,元大證券,2024-09-25,9800
2834,臺企銀,1334,134,1200,元大證券,2024-09-25,9800
2881,富邦金,1645,464,1181,元大證券,2024-09-25,9800
00902,中信電池及儲能,1672,519,1153,元大證券,2024-09-25,9800
00752,中信中國50,3290,2162,1128,元大證券,2024-09-25,9800
00712,復華富時不動產,1105,57,1048,元大證券,2024-09-25,9800
1301,台塑,1679,637,1042,元大證券,2024-09-25,9800
00949,復華日本龍頭,1549,510,1039,元大證券,2024-09-25,9800
00632R,元大台灣50反1,56564,13695,42869,元大證券,2024-09-26,9800
2891,中信金,13167,1652,11515,元大證券,2024-09-26,9800
00753L,中信中國50正2,14180,2816,11364,元大證券,2024-09-26,9800
00882,中信中國高股息,11437,1359,10078,元大證券,2024-09-26,9800
00940,元大台灣價值高息,14654,5465,9189,元大證券,2024-09-26,9800
00939,統一台灣高息動能,9954,956,8998,元大證券,2024-09-26,9800
00665L,富邦�琤肭磪囓�2,17080,8567,8513,元大證券,2024-09-26,9800
00637L,元大滬深300正2,27283,19366,7917,元大證券,2024-09-26,9800
2303,聯電,5760,716,5044,元大證券,2024-09-26,9800
00952,凱基台灣AI50,9450,5024,4426,元大證券,2024-09-26,9800
2409,友達,6793,3189,3604,元大證券,2024-09-26,9800
2888,新光金,5920,3022,2898,元大證券,2024-09-26,9800
00650L,復華香港正2,12680,9788,2892,元大證券,2024-09-26,9800
00933B,國泰10Y+金融債,4460,1615,2845,元大證券,2024-09-26,9800
2330,台積電,3237,430,2807,元大證券,2024-09-26,9800
5871,中租-KY,2727,395,2332,元大證券,2024-09-26,9800
2317,鴻海,3486,1481,2005,元大證券,2024-09-26,9800
00949,復華日本龍頭,2144,155,1989,元大證券,2024-09-26,9800
00633L,富邦上証正2,4526,2626,1900,元大證券,2024-09-26,9800
2886,兆豐金,1856,79,1777,元大證券,2024-09-26,9800
2801,彰銀,1809,104,1705,元大證券,2024-09-26,9800
00951,台新日本半導體,2058,371,1687,元大證券,2024-09-26,9800
3481,群創,10730,9228,1502,元大證券,2024-09-26,9800
2884,玉山金,1708,430,1278,元大證券,2024-09-26,9800
1303,南亞,1253,70,1183,元大證券,2024-09-26,9800
5880,合庫金,1315,255,1060,元大證券,2024-09-26,9800
00638R,元大滬深300反1,2076,1027,1049,元大證券,2024-09-26,9800
0050,元大台灣50,2940,1986,954,元大證券,2024-09-26,9800
2882,國泰金,2004,1086,918,元大證券,2024-09-26,9800
2890,永豐金,1364,491,873,元大證券,2024-09-26,9800
00648R,元大S＆P500反1,819,1,818,元大證券,2024-09-26,9800
2892,第一金,817,8,809,元大證券,2024-09-26,9800
1216,統一,866,94,772,元大證券,2024-09-26,9800
2002,中鋼,1040,270,770,元大證券,2024-09-26,9800
2885,元大金,819,72,747,元大證券,2024-09-26,9800
00686R,群益臺灣加權反1,1037,290,747,元大證券,2024-09-26,9800
00897,富邦基因免疫生技,736,4,732,元大證券,2024-09-26,9800
2834,臺企銀,912,204,708,元大證券,2024-09-26,9800
00636,國泰中國A50,1242,536,706,元大證券,2024-09-26,9800
2881,富邦金,994,294,700,元大證券,2024-09-26,9800
2474,可成,732,42,690,元大證券,2024-09-26,9800
006205,富邦上証,867,179,688,元大證券,2024-09-26,9800
2324,仁寶,726,40,686,元大證券,2024-09-26,9800
00930,永豐ESG低碳高息,1164,520,644,元大證券,2024-09-26,9800
00947,台新臺灣IC設計,795,161,634,元大證券,2024-09-26,9800
00894,中信小資高價30,832,230,602,元大證券,2024-09-26,9800
00901,永豐智能車供應鏈,987,393,594,元大證券,2024-09-26,9800
1402,遠東新,910,326,584,元大證券,2024-09-26,9800
00905,FT臺灣Smart,895,335,560,元大證券,2024-09-26,9800
00877,復華中國5G,730,179,551,元大證券,2024-09-26,9800
00673R,期元大S＆P原油反1,21728,3822,17906,元大證券,2024-09-27,9800
00637L,元大滬深300正2,95485,82169,13316,元大證券,2024-09-27,9800
00939,統一台灣高息動能,10142,1146,8996,元大證券,2024-09-27,9800
00633L,富邦上証正2,21457,12643,8814,元大證券,2024-09-27,9800
00882,中信中國高股息,13722,5497,8225,元大證券,2024-09-27,9800
00753L,中信中國50正2,18111,10811,7300,元大證券,2024-09-27,9800
00941,中信上游半導體,7619,671,6948,元大證券,2024-09-27,9800
00952,凱基台灣AI50,6455,884,5571,元大證券,2024-09-27,9800
00632R,元大台灣50反1,53464,48445,5019,元大證券,2024-09-27,9800
00919,群益台灣精選高息,8505,4960,3545,元大證券,2024-09-27,9800
00650L,復華香港正2,19403,16472,2931,元大證券,2024-09-27,9800
00686R,群益臺灣加權反1,2552,1,2551,元大證券,2024-09-27,9800
00940,元大台灣價值高息,6546,4031,2515,元大證券,2024-09-27,9800
00752,中信中國50,6264,3957,2307,元大證券,2024-09-27,9800
00921,兆豐龍頭等權重,1857,160,1697,元大證券,2024-09-27,9800
00936,台新永續高息中小,1867,234,1633,元大證券,2024-09-27,9800
00671R,富邦NASDAQ反1,2125,600,1525,元大證券,2024-09-27,9800
00918,大華優利高填息30,2245,771,1474,元大證券,2024-09-27,9800
00885,富邦越南,1624,241,1383,元大證券,2024-09-27,9800
00645,富邦日本,1409,104,1305,元大證券,2024-09-27,9800
00643,群益深証中小,2609,1430,1179,元大證券,2024-09-27,9800
00655L,國泰中國A50正2,8814,7700,1114,元大證券,2024-09-27,9800
2317,鴻海,3026,1935,1091,元大證券,2024-09-27,9800
00942B,台新美A公司債20+,2732,1650,1082,元大證券,2024-09-27,9800
00947,台新臺灣IC設計,1460,442,1018,元大證券,2024-09-27,9800
2892,第一金,1023,18,1005,元大證券,2024-09-27,9800
2449,京元電子,2358,1360,998,元大證券,2024-09-27,9800
2303,聯電,1702,722,980,元大證券,2024-09-27,9800
00896,中信綠能及電動車,990,20,970,元大證券,2024-09-27,9800
2888,新光金,1099,159,940,元大證券,2024-09-27,9800
00944,野村趨勢動能高息,899,47,852,元大證券,2024-09-27,9800
00907,永豐優息存股,1193,346,847,元大證券,2024-09-27,9800
00881,國泰台灣5G+,1582,751,831,元大證券,2024-09-27,9800
1301,台塑,2670,1848,822,元大證券,2024-09-27,9800
00924,復華S＆P500成長,853,67,786,元大證券,2024-09-27,9800
00895,富邦未來車,1084,299,785,元大證券,2024-09-27,9800
2891,中信金,3124,2363,761,元大證券,2024-09-27,9800
4915,致伸,732,24,708,元大證券,2024-09-27,9800
2105,正新,733,49,684,元大證券,2024-09-27,9800
2885,元大金,754,81,673,元大證券,2024-09-27,9800
00631L,元大台灣50正2,2100,1443,657,元大證券,2024-09-27,9800
00661,元大日經225,704,64,640,元大證券,2024-09-27,9800
1101,台泥,858,234,624,元大證券,2024-09-27,9800
00953B,群益優選非投等債,1617,1005,612,元大證券,2024-09-27,9800
2887,台新金,1720,1147,573,元大證券,2024-09-27,9800
00641R,富邦日本反1,1588,1020,568,元大證券,2024-09-27,9800
00892,富邦台灣半導體,1684,1140,544,元大證券,2024-09-27,9800
2010,春源,574,32,542,元大證券,2024-09-27,9800
1402,遠東新,579,62,517,元大證券,2024-09-27,9800
2890,永豐金,1217,702,515,元大證券,2024-09-27,9800
00632R,元大台灣50反1,109419,21330,88089,元大證券,2024-09-30,9800
00706L,期元大S＆P日圓正2,17451,1027,16424,元大證券,2024-09-30,9800
00637L,元大滬深300正2,106066,92852,13214,元大證券,2024-09-30,9800
00882,中信中國高股息,12190,2033,10157,元大證券,2024-09-30,9800
00664R,國泰臺灣加權反1,9241,1622,7619,元大證券,2024-09-30,9800
00679B,元大美債20年,18496,13675,4821,元大證券,2024-09-30,9800
00933B,國泰10Y+金融債,6591,1855,4736,元大證券,2024-09-30,9800
006205,富邦上証,6627,2500,4127,元大證券,2024-09-30,9800
00715L,期街口布蘭特正2,10717,7564,3153,元大證券,2024-09-30,9800
2888,新光金,3947,931,3016,元大證券,2024-09-30,9800
00633L,富邦上証正2,17252,14396,2856,元大證券,2024-09-30,9800
00877,復華中國5G,2740,311,2429,元大證券,2024-09-30,9800
00949,復華日本龍頭,2898,655,2243,元大證券,2024-09-30,9800
2891,中信金,3295,1191,2104,元大證券,2024-09-30,9800
00893,國泰智能電動車,2781,691,2090,元大證券,2024-09-30,9800
00676R,富邦臺灣加權反1,4867,3014,1853,元大證券,2024-09-30,9800
2317,鴻海,3111,1316,1795,元大證券,2024-09-30,9800
2303,聯電,2232,450,1782,元大證券,2024-09-30,9800
1102,亞泥,1901,204,1697,元大證券,2024-09-30,9800
2002,中鋼,4807,3206,1601,元大證券,2024-09-30,9800
2890,永豐金,1936,460,1476,元大證券,2024-09-30,9800
2886,兆豐金,1705,302,1403,元大證券,2024-09-30,9800
00885,富邦越南,1433,160,1273,元大證券,2024-09-30,9800
2885,元大金,1423,157,1266,元大證券,2024-09-30,9800
2330,台積電,2605,1373,1232,元大證券,2024-09-30,9800
00670L,富邦NASDAQ正2,1188,9,1179,元大證券,2024-09-30,9800
00857B,永豐20年美公債,2899,1833,1066,元大證券,2024-09-30,9800
1802,台玻,3893,2830,1063,元大證券,2024-09-30,9800
00772B,中信高評級公司債,2242,1192,1050,元大證券,2024-09-30,9800
00957B,兆豐US優選投等債,2287,1286,1001,元大證券,2024-09-30,9800
2385,群光,1109,152,957,元大證券,2024-09-30,9800
6431,光麗-KY,955,0,955,元大證券,2024-09-30,9800
2883,凱基金,1894,983,911,元大證券,2024-09-30,9800
2382,廣達,1570,673,897,元大證券,2024-09-30,9800
00773B,中信優先金融債,1184,294,890,元大證券,2024-09-30,9800
2892,第一金,1554,681,873,元大證券,2024-09-30,9800
2887,台新金,1393,616,777,元大證券,2024-09-30,9800
00830,國泰費城半導體,872,118,754,元大證券,2024-09-30,9800
5880,合庫金,916,183,733,元大證券,2024-09-30,9800
2324,仁寶,780,48,732,元大證券,2024-09-30,9800
5871,中租-KY,1564,836,728,元大證券,2024-09-30,9800
1101,台泥,1323,666,657,元大證券,2024-09-30,9800
2356,英業達,921,278,643,元大證券,2024-09-30,9800
00757,統一FANG+,769,126,643,元大證券,2024-09-30,9800
3231,緯創,1158,527,631,元大證券,2024-09-30,9800
2881,富邦金,1090,481,609,元大證券,2024-09-30,9800
00701,國泰股利精選30,611,2,609,元大證券,2024-09-30,9800
00708L,期元大S＆P黃金正2,1057,455,602,元大證券,2024-09-30,9800
00738U,期元大道瓊白銀,758,170,588,元大證券,2024-09-30,9800
2880,華南金,785,224,561,元大證券,2024-09-30,9800
00632R,元大台灣50反1,40383,25231,15152,元大證券,2024-10-01,9800
00949,復華日本龍頭,3676,414,3262,元大證券,2024-10-01,9800
2885,元大金,2634,51,2583,元大證券,2024-10-01,9800
00885,富邦越南,3806,1538,2268,元大證券,2024-10-01,9800
2890,永豐金,2465,239,2226,元大證券,2024-10-01,9800
00958B,永豐ESG銀行債15,3485,1417,2068,元大證券,2024-10-01,9800
00953B,群益優選非投等債,1966,0,1966,元大證券,2024-10-01,9800
5347,世界,2165,235,1930,元大證券,2024-10-01,9800
00679B,元大美債20年,8436,6507,1929,元大證券,2024-10-01,9800
2886,兆豐金,1683,48,1635,元大證券,2024-10-01,9800
1102,亞泥,1691,67,1624,元大證券,2024-10-01,9800
4904,遠傳,1815,229,1586,元大證券,2024-10-01,9800
4938,和碩,1688,174,1514,元大證券,2024-10-01,9800
4915,致伸,1702,190,1512,元大證券,2024-10-01,9800
2891,中信金,1606,97,1509,元大證券,2024-10-01,9800
00918,大華優利高填息30,2200,694,1506,元大證券,2024-10-01,9800
1402,遠東新,1561,89,1472,元大證券,2024-10-01,9800
2615,萬海,4862,3411,1451,元大證券,2024-10-01,9800
00881,國泰台灣5G+,1430,28,1402,元大證券,2024-10-01,9800
2303,聯電,2513,1118,1395,元大證券,2024-10-01,9800
2324,仁寶,1537,257,1280,元大證券,2024-10-01,9800
00676R,富邦臺灣加權反1,2773,1494,1279,元大證券,2024-10-01,9800
00673R,期元大S＆P原油反1,2684,1459,1225,元大證券,2024-10-01,9800
00959B,大華投等美債15Y+,1192,0,1192,元大證券,2024-10-01,9800
00893,國泰智能電動車,1171,42,1129,元大證券,2024-10-01,9800
2888,新光金,3150,2040,1110,元大證券,2024-10-01,9800
00955,中信日本商社,1242,150,1092,元大證券,2024-10-01,9800
1605,華新,1234,152,1082,元大證券,2024-10-01,9800
00924,復華S＆P500成長,1048,1,1047,元大證券,2024-10-01,9800
00934,中信成長高股息,1356,313,1043,元大證券,2024-10-01,9800
2356,英業達,1365,343,1022,元大證券,2024-10-01,9800
00940,元大台灣價值高息,4643,3624,1019,元大證券,2024-10-01,9800
00640L,富邦日本正2,1123,113,1010,元大證券,2024-10-01,9800
00941,中信上游半導體,1173,185,988,元大證券,2024-10-01,9800
00669R,國泰美國道瓊反1,980,0,980,元大證券,2024-10-01,9800
006208,富邦台50,1365,455,910,元大證券,2024-10-01,9800
2882,國泰金,1027,164,863,元大證券,2024-10-01,9800
2498,宏達電,3192,2332,860,元大證券,2024-10-01,9800
00935,野村臺灣新科技50,929,82,847,元大證券,2024-10-01,9800
2105,正新,974,128,846,元大證券,2024-10-01,9800
2609,陽明,4012,3239,773,元大證券,2024-10-01,9800
1303,南亞,869,97,772,元大證券,2024-10-01,9800
1301,台塑,1145,380,765,元大證券,2024-10-01,9800
00895,富邦未來車,821,56,765,元大證券,2024-10-01,9800
00951,台新日本半導體,1204,461,743,元大證券,2024-10-01,9800
00952,凱基台灣AI50,1708,978,730,元大證券,2024-10-01,9800
00877,復華中國5G,697,1,696,元大證券,2024-10-01,9800
00661,元大日經225,859,185,674,元大證券,2024-10-01,9800
00645,富邦日本,713,44,669,元大證券,2024-10-01,9800
8112,至上,708,44,664,元大證券,2024-10-01,9800
00715L,期街口布蘭特正2,54781,2765,52016,元大證券,2024-10-04,9800
00665L,富邦�琤肭磪囓�2,35405,3353,32052,元大證券,2024-10-04,9800
00882,中信中國高股息,26042,4539,21503,元大證券,2024-10-04,9800
00632R,元大台灣50反1,207256,186107,21149,元大證券,2024-10-04,9800
00650L,復華香港正2,18589,5438,13151,元大證券,2024-10-04,9800
00637L,元大滬深300正2,93772,86500,7272,元大證券,2024-10-04,9800
00642U,期元大S＆P石油,6990,154,6836,元大證券,2024-10-04,9800
00688L,國泰20年美債正2,12058,7717,4341,元大證券,2024-10-04,9800
2317,鴻海,6614,2750,3864,元大證券,2024-10-04,9800
2890,永豐金,3848,1028,2820,元大證券,2024-10-04,9800
00795B,中信美國公債20年,6088,3618,2470,元大證券,2024-10-04,9800
2885,元大金,2601,228,2373,元大證券,2024-10-04,9800
1402,遠東新,2278,318,1960,元大證券,2024-10-04,9800
2105,正新,2296,358,1938,元大證券,2024-10-04,9800
00720B,元大投資級公司債,3831,1948,1883,元大證券,2024-10-04,9800
00669R,國泰美國道瓊反1,1826,0,1826,元大證券,2024-10-04,9800
00936,台新永續高息中小,2587,797,1790,元大證券,2024-10-04,9800
2886,兆豐金,2683,895,1788,元大證券,2024-10-04,9800
2324,仁寶,2833,1287,1546,元大證券,2024-10-04,9800
0050,元大台灣50,1835,403,1432,元大證券,2024-10-04,9800
1102,亞泥,1652,305,1347,元大證券,2024-10-04,9800
2891,中信金,5265,3971,1294,元大證券,2024-10-04,9800
00902,中信電池及儲能,1592,300,1292,元大證券,2024-10-04,9800
1605,華新,1598,342,1256,元大證券,2024-10-04,9800
1802,台玻,3521,2279,1242,元大證券,2024-10-04,9800
2356,英業達,1588,382,1206,元大證券,2024-10-04,9800
00877,復華中國5G,1174,72,1102,元大證券,2024-10-04,9800
1303,南亞,1578,533,1045,元大證券,2024-10-04,9800
00953B,群益優選非投等債,998,0,998,元大證券,2024-10-04,9800
3711,日月光投控,1636,680,956,元大證券,2024-10-04,9800
1216,統一,1294,366,928,元大證券,2024-10-04,9800
00891,中信關鍵半導體,1265,402,863,元大證券,2024-10-04,9800
00951,台新日本半導體,998,148,850,元大證券,2024-10-04,9800
00679B,元大美債20年,23539,22755,784,元大證券,2024-10-04,9800
3702,大聯大,866,107,759,元大證券,2024-10-04,9800
2027,大成鋼,874,177,697,元大證券,2024-10-04,9800
00949,復華日本龍頭,912,238,674,元大證券,2024-10-04,9800
3231,緯創,1433,785,648,元大證券,2024-10-04,9800
4938,和碩,811,177,634,元大證券,2024-10-04,9800
2347,聯強,751,145,606,元大證券,2024-10-04,9800
2474,可成,627,51,576,元大證券,2024-10-04,9800
2884,玉山金,1521,974,547,元大證券,2024-10-04,9800
3036,文曄,635,94,541,元大證券,2024-10-04,9800
2301,光寶科,670,145,525,元大證券,2024-10-04,9800
00772B,中信高評級公司債,3437,2913,524,元大證券,2024-10-04,9800
2606,裕民,828,403,425,元大證券,2024-10-04,9800
5871,中租-KY,1121,703,418,元大證券,2024-10-04,9800
00640L,富邦日本正2,620,246,374,元大證券,2024-10-04,9800
00947,台新臺灣IC設計,717,357,360,元大證券,2024-10-04,9800
00686R,群益臺灣加權反1,859,504,355,元大證券,2024-10-04,9800
00715L,期街口布蘭特正2,18158,4068,14090,元大證券,2024-10-07,9800
00650L,復華香港正2,23842,13314,10528,元大證券,2024-10-07,9800
00632R,元大台灣50反1,92187,82014,10173,元大證券,2024-10-07,9800
00688L,國泰20年美債正2,16105,7826,8279,元大證券,2024-10-07,9800
00937B,群益ESG投等債20,17112,10887,6225,元大證券,2024-10-07,9800
00633L,富邦上証正2,13233,8220,5013,元大證券,2024-10-07,9800
00680L,元大美債20正2,8797,3872,4925,元大證券,2024-10-07,9800
00642U,期元大S＆P石油,4511,656,3855,元大證券,2024-10-07,9800
00939,統一台灣高息動能,4757,1592,3165,元大證券,2024-10-07,9800
00940,元大台灣價值高息,10038,7030,3008,元大證券,2024-10-07,9800
00953B,群益優選非投等債,6280,3707,2573,元大證券,2024-10-07,9800
0050,元大台灣50,2842,765,2077,元大證券,2024-10-07,9800
2317,鴻海,3904,1922,1982,元大證券,2024-10-07,9800
2890,永豐金,2335,575,1760,元大證券,2024-10-07,9800
2886,兆豐金,1674,140,1534,元大證券,2024-10-07,9800
00669R,國泰美國道瓊反1,1491,0,1491,元大證券,2024-10-07,9800
00876,元大全球5G,1412,8,1404,元大證券,2024-10-07,9800
2891,中信金,2876,1530,1346,元大證券,2024-10-07,9800
2885,元大金,1567,302,1265,元大證券,2024-10-07,9800
00918,大華優利高填息30,2933,1709,1224,元大證券,2024-10-07,9800
1102,亞泥,1227,28,1199,元大證券,2024-10-07,9800
00915,凱基優選高股息30,5068,3875,1193,元大證券,2024-10-07,9800
00895,富邦未來車,1520,350,1170,元大證券,2024-10-07,9800
00934,中信成長高股息,2140,1030,1110,元大證券,2024-10-07,9800
1402,遠東新,1251,147,1104,元大證券,2024-10-07,9800
00912,中信臺灣智慧50,1681,589,1092,元大證券,2024-10-07,9800
00941,中信上游半導體,2061,973,1088,元大證券,2024-10-07,9800
00949,復華日本龍頭,1435,347,1088,元大證券,2024-10-07,9800
00891,中信關鍵半導體,3755,2723,1032,元大證券,2024-10-07,9800
00892,富邦台灣半導體,2509,1545,964,元大證券,2024-10-07,9800
2615,萬海,4087,3166,921,元大證券,2024-10-07,9800
2324,仁寶,1033,119,914,元大證券,2024-10-07,9800
00930,永豐ESG低碳高息,1210,358,852,元大證券,2024-10-07,9800
00959B,大華投等美債15Y+,1321,473,848,元大證券,2024-10-07,9800
1605,華新,909,63,846,元大證券,2024-10-07,9800
2330,台積電,2033,1229,804,元大證券,2024-10-07,9800
00902,中信電池及儲能,1416,618,798,元大證券,2024-10-07,9800
006205,富邦上証,889,97,792,元大證券,2024-10-07,9800
00905,FT臺灣Smart,1572,790,782,元大證券,2024-10-07,9800
2356,英業達,1401,639,762,元大證券,2024-10-07,9800
1303,南亞,904,142,762,元大證券,2024-10-07,9800
00708L,期元大S＆P黃金正2,821,107,714,元大證券,2024-10-07,9800
00900,富邦特選高股息30,1778,1091,687,元大證券,2024-10-07,9800
2609,陽明,3167,2499,668,元大證券,2024-10-07,9800
00952,凱基台灣AI50,2063,1398,665,元大證券,2024-10-07,9800
3711,日月光投控,1184,540,644,元大證券,2024-10-07,9800
00690,兆豐藍籌30,656,50,606,元大證券,2024-10-07,9800
2881,富邦金,769,179,590,元大證券,2024-10-07,9800
2884,玉山金,743,167,576,元大證券,2024-10-07,9800
2105,正新,1756,1204,552,元大證券,2024-10-07,9800
00632R,元大台灣50反1,120369,31135,89234,元大證券,2024-10-08,9800
00715L,期街口布蘭特正2,52996,10150,42846,元大證券,2024-10-08,9800
00882,中信中國高股息,24744,13824,10920,元大證券,2024-10-08,9800
00650L,復華香港正2,42544,33584,8960,元大證券,2024-10-08,9800
00642U,期元大S＆P石油,7647,690,6957,元大證券,2024-10-08,9800
2891,中信金,8277,1712,6565,元大證券,2024-10-08,9800
00655L,國泰中國A50正2,20552,16699,3853,元大證券,2024-10-08,9800
00752,中信中國50,8419,5271,3148,元大證券,2024-10-08,9800
00676R,富邦臺灣加權反1,2866,290,2576,元大證券,2024-10-08,9800
00942B,台新美A公司債20+,3972,1592,2380,元大證券,2024-10-08,9800
00669R,國泰美國道瓊反1,2000,0,2000,元大證券,2024-10-08,9800
2885,元大金,1997,194,1803,元大證券,2024-10-08,9800
00664R,國泰臺灣加權反1,3738,2343,1395,元大證券,2024-10-08,9800
00953B,群益優選非投等債,2841,1496,1345,元大證券,2024-10-08,9800
00686R,群益臺灣加權反1,2397,1054,1343,元大證券,2024-10-08,9800
00902,中信電池及儲能,1779,449,1330,元大證券,2024-10-08,9800
1402,遠東新,1378,205,1173,元大證券,2024-10-08,9800
0050,元大台灣50,1779,695,1084,元大證券,2024-10-08,9800
2324,仁寶,1124,73,1051,元大證券,2024-10-08,9800
00923,群益台ESG低碳50,1126,99,1027,元大證券,2024-10-08,9800
00950B,凱基A級公司債,1994,1040,954,元大證券,2024-10-08,9800
00772B,中信高評級公司債,1722,856,866,元大證券,2024-10-08,9800
00897,富邦基因免疫生技,1178,318,860,元大證券,2024-10-08,9800
1605,華新,1066,225,841,元大證券,2024-10-08,9800
2363,矽統,6968,6134,834,元大證券,2024-10-08,9800
1102,亞泥,934,110,824,元大證券,2024-10-08,9800
00651R,復華香港反1,3549,2821,728,元大證券,2024-10-08,9800
00951,台新日本半導體,1287,565,722,元大證券,2024-10-08,9800
2449,京元電子,908,285,623,元大證券,2024-10-08,9800
00908,富邦入息REITs+,612,1,611,元大證券,2024-10-08,9800
2425,承啟,3234,2625,609,元大證券,2024-10-08,9800
00708L,期元大S＆P黃金正2,659,76,583,元大證券,2024-10-08,9800
00941,中信上游半導體,898,324,574,元大證券,2024-10-08,9800
00893,國泰智能電動車,1962,1419,543,元大證券,2024-10-08,9800
00674R,期元大S＆P黃金反1,652,121,531,元大證券,2024-10-08,9800
4938,和碩,649,124,525,元大證券,2024-10-08,9800
5871,中租-KY,1182,668,514,元大證券,2024-10-08,9800
00933B,國泰10Y+金融債,3000,2511,489,元大證券,2024-10-08,9800
00959B,大華投等美債15Y+,1216,732,484,元大證券,2024-10-08,9800
2474,可成,445,15,430,元大證券,2024-10-08,9800
00895,富邦未來車,861,470,391,元大證券,2024-10-08,9800
3231,緯創,1178,794,384,元大證券,2024-10-08,9800
00773B,中信優先金融債,746,365,381,元大證券,2024-10-08,9800
00634R,富邦上証反1,485,114,371,元大證券,2024-10-08,9800
4903,聯光通,3767,3402,365,元大證券,2024-10-08,9800
2388,威盛,1418,1055,363,元大證券,2024-10-08,9800
00724B,群益投資級金融債,789,429,360,元大證券,2024-10-08,9800
2399,映泰,9050,8698,352,元大證券,2024-10-08,9800
2881,富邦金,824,474,350,元大證券,2024-10-08,9800
3702,大聯大,436,90,346,元大證券,2024-10-08,9800
00632R,元大台灣50反1,54951,28195,26756,元大證券,2024-10-09,9800
00715L,期街口布蘭特正2,18230,3007,15223,元大證券,2024-10-09,9800
2888,新光金,15657,5351,10306,元大證券,2024-10-09,9800
00887,永豐中國科技50大,14633,7878,6755,元大證券,2024-10-09,9800
00679B,元大美債20年,19149,14316,4833,元大證券,2024-10-09,9800
00634R,富邦上証反1,5999,2438,3561,元大證券,2024-10-09,9800
00642U,期元大S＆P石油,4132,581,3551,元大證券,2024-10-09,9800
006207,復華滬深,4619,1668,2951,元大證券,2024-10-09,9800
00638R,元大滬深300反1,5451,2720,2731,元大證券,2024-10-09,9800
00945B,凱基美國非投等債,3049,1282,1767,元大證券,2024-10-09,9800
00947,台新臺灣IC設計,2948,1277,1671,元大證券,2024-10-09,9800
00935,野村臺灣新科技50,2149,570,1579,元大證券,2024-10-09,9800
2867,三商壽,1744,392,1352,元大證券,2024-10-09,9800
00669R,國泰美國道瓊反1,1340,0,1340,元大證券,2024-10-09,9800
00951,台新日本半導體,1701,418,1283,元大證券,2024-10-09,9800
0050,元大台灣50,2118,849,1269,元大證券,2024-10-09,9800
3231,緯創,3150,1938,1212,元大證券,2024-10-09,9800
2489,瑞軒,1355,196,1159,元大證券,2024-10-09,9800
00673R,期元大S＆P原油反1,5698,4676,1022,元大證券,2024-10-09,9800
00656R,國泰中國A50反1,2531,1518,1013,元大證券,2024-10-09,9800
00881,國泰台灣5G+,2462,1480,982,元大證券,2024-10-09,9800
00651R,復華香港反1,2440,1601,839,元大證券,2024-10-09,9800
2449,京元電子,4545,3726,819,元大證券,2024-10-09,9800
00939,統一台灣高息動能,1978,1231,747,元大證券,2024-10-09,9800
00665L,富邦�琤肭磪囓�2,29704,28965,739,元大證券,2024-10-09,9800
3162,精確,688,1,687,元大證券,2024-10-09,9800
00631L,元大台灣50正2,1566,889,677,元大證券,2024-10-09,9800
00877,復華中國5G,2692,2016,676,元大證券,2024-10-09,9800
1402,遠東新,741,94,647,元大證券,2024-10-09,9800
00905,FT臺灣Smart,788,157,631,元大證券,2024-10-09,9800
00959B,大華投等美債15Y+,2169,1558,611,元大證券,2024-10-09,9800
2885,元大金,610,13,597,元大證券,2024-10-09,9800
1711,永光,776,197,579,元大證券,2024-10-09,9800
00675L,富邦臺灣加權正2,1474,965,509,元大證券,2024-10-09,9800
2891,中信金,2070,1588,482,元大證券,2024-10-09,9800
00795B,中信美國公債20年,3753,3291,462,元大證券,2024-10-09,9800
00895,富邦未來車,583,134,449,元大證券,2024-10-09,9800
00923,群益台ESG低碳50,949,508,441,元大證券,2024-10-09,9800
2618,長榮航,841,411,430,元大證券,2024-10-09,9800
5871,中租-KY,1174,763,411,元大證券,2024-10-09,9800
2385,群光,405,18,387,元大證券,2024-10-09,9800
2845,遠東銀,800,421,379,元大證券,2024-10-09,9800
00692,富邦公司治理,858,484,374,元大證券,2024-10-09,9800
6177,達麗,443,75,368,元大證券,2024-10-09,9800
00751B,元大AAA至A公司債,2065,1697,368,元大證券,2024-10-09,9800
00685L,群益臺灣加權正2,526,166,360,元大證券,2024-10-09,9800
00738U,期元大道瓊白銀,504,154,350,元大證券,2024-10-09,9800
2324,仁寶,581,231,350,元大證券,2024-10-09,9800
2356,英業達,3123,2777,346,元大證券,2024-10-09,9800
4958,臻鼎-KY,890,553,337,元大證券,2024-10-09,9800
00715L,期街口布蘭特正2,12158,335,11823,元大證券,2024-10-11,9800
2891,中信金,6107,697,5410,元大證券,2024-10-11,9800
00940,元大台灣價值高息,5308,1814,3494,元大證券,2024-10-11,9800
00882,中信中國高股息,3302,153,3149,元大證券,2024-10-11,9800
00893,國泰智能電動車,4169,1063,3106,元大證券,2024-10-11,9800
2303,聯電,2926,392,2534,元大證券,2024-10-11,9800
00638R,元大滬深300反1,2889,368,2521,元大證券,2024-10-11,9800
00885,富邦越南,2491,7,2484,元大證券,2024-10-11,9800
0050,元大台灣50,2570,285,2285,元大證券,2024-10-11,9800
00891,中信關鍵半導體,3205,1020,2185,元大證券,2024-10-11,9800
00642U,期元大S＆P石油,2139,114,2025,元大證券,2024-10-11,9800
2885,元大金,2278,314,1964,元大證券,2024-10-11,9800
00935,野村臺灣新科技50,2291,455,1836,元大證券,2024-10-11,9800
00881,國泰台灣5G+,3063,1448,1615,元大證券,2024-10-11,9800
2312,金寶,1888,330,1558,元大證券,2024-10-11,9800
2884,玉山金,1519,224,1295,元大證券,2024-10-11,9800
2330,台積電,2113,867,1246,元大證券,2024-10-11,9800
00936,台新永續高息中小,1705,466,1239,元大證券,2024-10-11,9800
2887,台新金,6135,4924,1211,元大證券,2024-10-11,9800
00942B,台新美A公司債20+,2380,1238,1142,元大證券,2024-10-11,9800
3231,緯創,3382,2253,1129,元大證券,2024-10-11,9800
00888,永豐台灣ESG,1370,283,1087,元大證券,2024-10-11,9800
00947,台新臺灣IC設計,982,19,963,元大證券,2024-10-11,9800
2886,兆豐金,947,10,937,元大證券,2024-10-11,9800
2890,永豐金,1191,266,925,元大證券,2024-10-11,9800
00631L,元大台灣50正2,1949,1054,895,元大證券,2024-10-11,9800
00892,富邦台灣半導體,1652,828,824,元大證券,2024-10-11,9800
00959B,大華投等美債15Y+,1745,937,808,元大證券,2024-10-11,9800
3711,日月光投控,1091,287,804,元大證券,2024-10-11,9800
00634R,富邦上証反1,1012,224,788,元大證券,2024-10-11,9800
00949,復華日本龍頭,815,76,739,元大證券,2024-10-11,9800
4956,光鋐,4358,3650,708,元大證券,2024-10-11,9800
00923,群益台ESG低碳50,1534,828,706,元大證券,2024-10-11,9800
3374,精材,817,124,693,元大證券,2024-10-11,9800
1402,遠東新,806,158,648,元大證券,2024-10-11,9800
00902,中信電池及儲能,586,7,579,元大證券,2024-10-11,9800
2324,仁寶,857,284,573,元大證券,2024-10-11,9800
00896,中信綠能及電動車,550,39,511,元大證券,2024-10-11,9800
00927,群益半導體收益,1505,1007,498,元大證券,2024-10-11,9800
00951,台新日本半導體,529,31,498,元大證券,2024-10-11,9800
00675L,富邦臺灣加權正2,1028,536,492,元大證券,2024-10-11,9800
00952,凱基台灣AI50,1656,1165,491,元大證券,2024-10-11,9800
00930,永豐ESG低碳高息,873,406,467,元大證券,2024-10-11,9800
00894,中信小資高價30,780,319,461,元大證券,2024-10-11,9800
1605,華新,723,291,432,元大證券,2024-10-11,9800
00954,中信日本半導體,444,21,423,元大證券,2024-10-11,9800
1102,亞泥,456,33,423,元大證券,2024-10-11,9800
2105,正新,506,97,409,元大證券,2024-10-11,9800
4958,臻鼎-KY,828,433,395,元大證券,2024-10-11,9800
2881,富邦金,449,56,393,元大證券,2024-10-11,9800
00632R,元大台灣50反1,35766,4089,31677,元大證券,2024-10-14,9800
00882,中信中國高股息,17405,4327,13078,元大證券,2024-10-14,9800
00665L,富邦�琤肭磪囓�2,22274,13113,9161,元大證券,2024-10-14,9800
6156,松上,16613,10227,6386,元大證券,2024-10-14,9800
00650L,復華香港正2,14967,10493,4474,元大證券,2024-10-14,9800
00940,元大台灣價值高息,4874,1245,3629,元大證券,2024-10-14,9800
00939,統一台灣高息動能,2855,19,2836,元大證券,2024-10-14,9800
00878,國泰永續高股息,3742,1563,2179,元大證券,2024-10-14,9800
00953B,群益優選非投等債,2512,346,2166,元大證券,2024-10-14,9800
2891,中信金,2862,849,2013,元大證券,2024-10-14,9800
00680L,元大美債20正2,8463,6492,1971,元大證券,2024-10-14,9800
00946,群益科技高息成長,2250,318,1932,元大證券,2024-10-14,9800
00958B,永豐ESG銀行債15,2266,405,1861,元大證券,2024-10-14,9800
2890,永豐金,1930,103,1827,元大證券,2024-10-14,9800
2885,元大金,1673,9,1664,元大證券,2024-10-14,9800
00929,復華台灣科技優息,4507,3144,1363,元大證券,2024-10-14,9800
00934,中信成長高股息,1366,221,1145,元大證券,2024-10-14,9800
00764B,群益25年美債,1585,497,1088,元大證券,2024-10-14,9800
2886,兆豐金,1215,127,1088,元大證券,2024-10-14,9800
00740B,富邦全球投等債,1964,888,1076,元大證券,2024-10-14,9800
00900,富邦特選高股息30,1110,112,998,元大證券,2024-10-14,9800
1216,統一,1002,20,982,元大證券,2024-10-14,9800
00772B,中信高評級公司債,1419,490,929,元大證券,2024-10-14,9800
0050,元大台灣50,1683,775,908,元大證券,2024-10-14,9800
00936,台新永續高息中小,1022,116,906,元大證券,2024-10-14,9800
2884,玉山金,1145,266,879,元大證券,2024-10-14,9800
00949,復華日本龍頭,934,75,859,元大證券,2024-10-14,9800
00951,台新日本半導體,854,1,853,元大證券,2024-10-14,9800
00941,中信上游半導體,1056,203,853,元大證券,2024-10-14,9800
00885,富邦越南,1508,661,847,元大證券,2024-10-14,9800
1402,遠東新,919,116,803,元大證券,2024-10-14,9800
00673R,期元大S＆P原油反1,3410,2609,801,元大證券,2024-10-14,9800
4532,瑞智,805,28,777,元大證券,2024-10-14,9800
2324,仁寶,877,104,773,元大證券,2024-10-14,9800
006205,富邦上証,1664,920,744,元大證券,2024-10-14,9800
2303,聯電,947,224,723,元大證券,2024-10-14,9800
1605,華新,727,4,723,元大證券,2024-10-14,9800
00907,永豐優息存股,1301,584,717,元大證券,2024-10-14,9800
00893,國泰智能電動車,840,124,716,元大證券,2024-10-14,9800
00830,國泰費城半導體,965,249,716,元大證券,2024-10-14,9800
2834,臺企銀,731,112,619,元大證券,2024-10-14,9800
2330,台積電,1416,820,596,元大證券,2024-10-14,9800
2385,群光,602,18,584,元大證券,2024-10-14,9800
1102,亞泥,614,40,574,元大證券,2024-10-14,9800
2105,正新,636,63,573,元大證券,2024-10-14,9800
1303,南亞,617,76,541,元大證券,2024-10-14,9800
00959B,大華投等美債15Y+,2063,1535,528,元大證券,2024-10-14,9800
00642U,期元大S＆P石油,926,428,498,元大證券,2024-10-14,9800
00921,兆豐龍頭等權重,981,525,456,元大證券,2024-10-14,9800
00952,凱基台灣AI50,1049,604,445,元大證券,2024-10-14,9800
00673R,期元大S＆P原油反1,12518,111,12407,元大證券,2024-10-15,9800
00878,國泰永續高股息,5091,2159,2932,元大證券,2024-10-15,9800
00881,國泰台灣5G+,3217,357,2860,元大證券,2024-10-15,9800
00940,元大台灣價值高息,7935,5109,2826,元大證券,2024-10-15,9800
00941,中信上游半導體,3950,1406,2544,元大證券,2024-10-15,9800
00929,復華台灣科技優息,6902,4527,2375,元大證券,2024-10-15,9800
00918,大華優利高填息30,3466,1207,2259,元大證券,2024-10-15,9800
00936,台新永續高息中小,2121,251,1870,元大證券,2024-10-15,9800
00951,台新日本半導體,2081,234,1847,元大證券,2024-10-15,9800
3711,日月光投控,3215,1674,1541,元大證券,2024-10-15,9800
00949,復華日本龍頭,1670,173,1497,元大證券,2024-10-15,9800
00664R,國泰臺灣加權反1,3584,2124,1460,元大證券,2024-10-15,9800
00939,統一台灣高息動能,3650,2203,1447,元大證券,2024-10-15,9800
2891,中信金,2636,1259,1377,元大證券,2024-10-15,9800
00651R,復華香港反1,1405,133,1272,元大證券,2024-10-15,9800
5880,合庫金,1264,29,1235,元大證券,2024-10-15,9800
00888,永豐台灣ESG,1944,722,1222,元大證券,2024-10-15,9800
00957B,兆豐US優選投等債,1556,424,1132,元大證券,2024-10-15,9800
00954,中信日本半導體,1349,246,1103,元大證券,2024-10-15,9800
0050,元大台灣50,1475,378,1097,元大證券,2024-10-15,9800
00935,野村臺灣新科技50,1325,305,1020,元大證券,2024-10-15,9800
1102,亞泥,1061,66,995,元大證券,2024-10-15,9800
00892,富邦台灣半導體,1920,986,934,元大證券,2024-10-15,9800
00893,國泰智能電動車,934,10,924,元大證券,2024-10-15,9800
00638R,元大滬深300反1,933,45,888,元大證券,2024-10-15,9800
00900,富邦特選高股息30,1038,172,866,元大證券,2024-10-15,9800
4956,光鋐,942,77,865,元大證券,2024-10-15,9800
1216,統一,916,52,864,元大證券,2024-10-15,9800
00927,群益半導體收益,1797,939,858,元大證券,2024-10-15,9800
2317,鴻海,3414,2582,832,元大證券,2024-10-15,9800
00947,台新臺灣IC設計,1193,366,827,元大證券,2024-10-15,9800
00631L,元大台灣50正2,1850,1027,823,元大證券,2024-10-15,9800
00903,富邦元宇宙,896,105,791,元大證券,2024-10-15,9800
2330,台積電,1882,1098,784,元大證券,2024-10-15,9800
00934,中信成長高股息,2287,1507,780,元大證券,2024-10-15,9800
00857B,永豐20年美公債,1346,598,748,元大證券,2024-10-15,9800
00953B,群益優選非投等債,1759,1027,732,元大證券,2024-10-15,9800
2890,永豐金,827,248,579,元大證券,2024-10-15,9800
00634R,富邦上証反1,586,8,578,元大證券,2024-10-15,9800
2323,中環,720,148,572,元大證券,2024-10-15,9800
2885,元大金,764,195,569,元大證券,2024-10-15,9800
006205,富邦上証,1054,490,564,元大證券,2024-10-15,9800
2801,彰銀,896,336,560,元大證券,2024-10-15,9800
00877,復華中國5G,769,221,548,元大證券,2024-10-15,9800
2884,玉山金,703,161,542,元大證券,2024-10-15,9800
00896,中信綠能及電動車,743,206,537,元大證券,2024-10-15,9800
00675L,富邦臺灣加權正2,1100,569,531,元大證券,2024-10-15,9800
2883,凱基金,3391,2874,517,元大證券,2024-10-15,9800
006208,富邦台50,907,417,490,元大證券,2024-10-15,9800
2002,中鋼,696,222,474,元大證券,2024-10-15,9800
00632R,元大台灣50反1,97350,12397,84953,元大證券,2024-10-16,9800
00673R,期元大S＆P原油反1,9386,280,9106,元大證券,2024-10-16,9800
2891,中信金,4997,899,4098,元大證券,2024-10-16,9800
00882,中信中國高股息,8780,4719,4061,元大證券,2024-10-16,9800
2303,聯電,4454,480,3974,元大證券,2024-10-16,9800
2886,兆豐金,4153,255,3898,元大證券,2024-10-16,9800
00919,群益台灣精選高息,10585,7204,3381,元大證券,2024-10-16,9800
2885,元大金,3290,138,3152,元大證券,2024-10-16,9800
00664R,國泰臺灣加權反1,3868,867,3001,元大證券,2024-10-16,9800
5871,中租-KY,3104,139,2965,元大證券,2024-10-16,9800
1102,亞泥,2736,119,2617,元大證券,2024-10-16,9800
2324,仁寶,2738,185,2553,元大證券,2024-10-16,9800
00940,元大台灣價值高息,4446,2009,2437,元大證券,2024-10-16,9800
00676R,富邦臺灣加權反1,4464,2079,2385,元大證券,2024-10-16,9800
1402,遠東新,2892,510,2382,元大證券,2024-10-16,9800
2887,台新金,2829,488,2341,元大證券,2024-10-16,9800
2317,鴻海,3009,1050,1959,元大證券,2024-10-16,9800
2399,映泰,5897,3987,1910,元大證券,2024-10-16,9800
2356,英業達,2025,194,1831,元大證券,2024-10-16,9800
3711,日月光投控,2723,914,1809,元大證券,2024-10-16,9800
1303,南亞,1830,83,1747,元大證券,2024-10-16,9800
00643,群益深証中小,2827,1121,1706,元大證券,2024-10-16,9800
2105,正新,1716,147,1569,元大證券,2024-10-16,9800
2883,凱基金,3685,2234,1451,元大證券,2024-10-16,9800
2002,中鋼,1886,469,1417,元大證券,2024-10-16,9800
2353,宏��,1451,44,1407,元大證券,2024-10-16,9800
2884,玉山金,1626,255,1371,元大證券,2024-10-16,9800
5880,合庫金,1288,138,1150,元大證券,2024-10-16,9800
00665L,富邦�琤肭磪囓�2,13262,12131,1131,元大證券,2024-10-16,9800
2330,台積電,2176,1096,1080,元大證券,2024-10-16,9800
2892,第一金,1380,343,1037,元大證券,2024-10-16,9800
3231,緯創,2018,1003,1015,元大證券,2024-10-16,9800
00945B,凱基美國非投等債,2026,1039,987,元大證券,2024-10-16,9800
4938,和碩,1096,132,964,元大證券,2024-10-16,9800
2801,彰銀,984,77,907,元大證券,2024-10-16,9800
2382,廣達,2109,1211,898,元大證券,2024-10-16,9800
00764B,群益25年美債,1927,1045,882,元大證券,2024-10-16,9800
3702,大聯大,961,79,882,元大證券,2024-10-16,9800
2615,萬海,1478,624,854,元大證券,2024-10-16,9800
1216,統一,1447,595,852,元大證券,2024-10-16,9800
2882,國泰金,1777,935,842,元大證券,2024-10-16,9800
2301,光寶科,981,144,837,元大證券,2024-10-16,9800
006207,復華滬深,1128,297,831,元大證券,2024-10-16,9800
2347,聯強,879,79,800,元大證券,2024-10-16,9800
2881,富邦金,1472,708,764,元大證券,2024-10-16,9800
00687B,國泰20年美債,9993,9234,759,元大證券,2024-10-16,9800
00752,中信中國50,974,249,725,元大證券,2024-10-16,9800
8374,羅昇,1121,431,690,元大證券,2024-10-16,9800
00696B,富邦美債20年,3704,3029,675,元大證券,2024-10-16,9800
4956,光鋐,1455,817,638,元大證券,2024-10-16,9800
00680L,元大美債20正2,18079,4655,13424,元大證券,2024-10-17,9800
00688L,國泰20年美債正2,13671,5161,8510,元大證券,2024-10-17,9800
00878,國泰永續高股息,6808,1415,5393,元大證券,2024-10-17,9800
00673R,期元大S＆P原油反1,5640,457,5183,元大證券,2024-10-17,9800
00665L,富邦�琤肭磪囓�2,14361,9718,4643,元大證券,2024-10-17,9800
00940,元大台灣價值高息,7138,3651,3487,元大證券,2024-10-17,9800
00918,大華優利高填息30,3985,528,3457,元大證券,2024-10-17,9800
00941,中信上游半導體,4044,613,3431,元大證券,2024-10-17,9800
00939,統一台灣高息動能,3985,741,3244,元大證券,2024-10-17,9800
00929,復華台灣科技優息,7187,4116,3071,元大證券,2024-10-17,9800
2890,永豐金,2810,265,2545,元大證券,2024-10-17,9800
2891,中信金,3003,494,2509,元大證券,2024-10-17,9800
2330,台積電,2907,489,2418,元大證券,2024-10-17,9800
2886,兆豐金,2280,218,2062,元大證券,2024-10-17,9800
2303,聯電,2648,727,1921,元大證券,2024-10-17,9800
2885,元大金,2054,156,1898,元大證券,2024-10-17,9800
00900,富邦特選高股息30,2586,724,1862,元大證券,2024-10-17,9800
00936,台新永續高息中小,1914,180,1734,元大證券,2024-10-17,9800
1102,亞泥,1723,80,1643,元大證券,2024-10-17,9800
00915,凱基優選高股息30,3305,1793,1512,元大證券,2024-10-17,9800
2324,仁寶,1688,188,1500,元大證券,2024-10-17,9800
00934,中信成長高股息,1774,281,1493,元大證券,2024-10-17,9800
00961,FT臺灣永續高息,1798,327,1471,元大證券,2024-10-17,9800
1402,遠東新,1776,312,1464,元大證券,2024-10-17,9800
00881,國泰台灣5G+,2034,616,1418,元大證券,2024-10-17,9800
2317,鴻海,2189,837,1352,元大證券,2024-10-17,9800
1605,華新,1312,111,1201,元大證券,2024-10-17,9800
2882,國泰金,1352,222,1130,元大證券,2024-10-17,9800
2356,英業達,1514,398,1116,元大證券,2024-10-17,9800
2105,正新,1093,29,1064,元大證券,2024-10-17,9800
1303,南亞,1167,160,1007,元大證券,2024-10-17,9800
2615,萬海,2316,1327,989,元大證券,2024-10-17,9800
00905,FT臺灣Smart,2026,1091,935,元大證券,2024-10-17,9800
2883,凱基金,3827,2895,932,元大證券,2024-10-17,9800
2609,陽明,1937,1091,846,元大證券,2024-10-17,9800
2353,宏��,1036,198,838,元大證券,2024-10-17,9800
1216,統一,1088,264,824,元大證券,2024-10-17,9800
2881,富邦金,900,88,812,元大證券,2024-10-17,9800
2002,中鋼,960,159,801,元大證券,2024-10-17,9800
2845,遠東銀,1044,264,780,元大證券,2024-10-17,9800
2884,玉山金,790,39,751,元大證券,2024-10-17,9800
2312,金寶,9613,8869,744,元大證券,2024-10-17,9800
2603,長榮,1221,487,734,元大證券,2024-10-17,9800
00893,國泰智能電動車,813,130,683,元大證券,2024-10-17,9800
4938,和碩,706,27,679,元大證券,2024-10-17,9800
2027,大成鋼,853,176,677,元大證券,2024-10-17,9800
5880,合庫金,793,116,677,元大證券,2024-10-17,9800
00921,兆豐龍頭等權重,955,285,670,元大證券,2024-10-17,9800
2301,光寶科,772,126,646,元大證券,2024-10-17,9800
00952,凱基台灣AI50,1928,1290,638,元大證券,2024-10-17,9800
00665L,富邦�琤肭磪囓�2,23438,14414,9024,元大證券,2024-10-18,9800
00922,國泰台灣領袖50,11668,2955,8713,元大證券,2024-10-18,9800
00940,元大台灣價值高息,11197,4242,6955,元大證券,2024-10-18,9800
00961,FT臺灣永續高息,7133,1365,5768,元大證券,2024-10-18,9800
00631L,元大台灣50正2,5220,1138,4082,元大證券,2024-10-18,9800
00923,群益台ESG低碳50,4145,107,4038,元大證券,2024-10-18,9800
00942B,台新美A公司債20+,6210,2192,4018,元大證券,2024-10-18,9800
00881,國泰台灣5G+,4010,90,3920,元大證券,2024-10-18,9800
2886,兆豐金,3161,70,3091,元大證券,2024-10-18,9800
2891,中信金,5006,2096,2910,元大證券,2024-10-18,9800
00935,野村臺灣新科技50,2906,9,2897,元大證券,2024-10-18,9800
0050,元大台灣50,3842,1587,2255,元大證券,2024-10-18,9800
00878,國泰永續高股息,5008,2790,2218,元大證券,2024-10-18,9800
00918,大華優利高填息30,3339,1201,2138,元大證券,2024-10-18,9800
00675L,富邦臺灣加權正2,3313,1193,2120,元大證券,2024-10-18,9800
00891,中信關鍵半導體,3646,1597,2049,元大證券,2024-10-18,9800
00905,FT臺灣Smart,3740,1730,2010,元大證券,2024-10-18,9800
2884,玉山金,2203,608,1595,元大證券,2024-10-18,9800
2324,仁寶,1840,297,1543,元大證券,2024-10-18,9800
00893,國泰智能電動車,1856,325,1531,元大證券,2024-10-18,9800
00900,富邦特選高股息30,1948,606,1342,元大證券,2024-10-18,9800
00912,中信臺灣智慧50,1954,617,1337,元大證券,2024-10-18,9800
5880,合庫金,1412,99,1313,元大證券,2024-10-18,9800
2882,國泰金,2184,913,1271,元大證券,2024-10-18,9800
00692,富邦公司治理,1399,142,1257,元大證券,2024-10-18,9800
00947,台新臺灣IC設計,1601,360,1241,元大證券,2024-10-18,9800
3481,群創,10252,9052,1200,元大證券,2024-10-18,9800
2890,永豐金,1775,579,1196,元大證券,2024-10-18,9800
2892,第一金,1510,468,1042,元大證券,2024-10-18,9800
3376,新日興,1056,65,991,元大證券,2024-10-18,9800
3711,日月光投控,2294,1362,932,元大證券,2024-10-18,9800
2408,南亞科,1234,309,925,元大證券,2024-10-18,9800
00907,永豐優息存股,1206,324,882,元大證券,2024-10-18,9800
00757,統一FANG+,1036,186,850,元大證券,2024-10-18,9800
006205,富邦上証,1224,386,838,元大證券,2024-10-18,9800
00888,永豐台灣ESG,940,135,805,元大證券,2024-10-18,9800
00885,富邦越南,910,145,765,元大證券,2024-10-18,9800
00934,中信成長高股息,1521,793,728,元大證券,2024-10-18,9800
00636,國泰中國A50,1709,982,727,元大證券,2024-10-18,9800
2801,彰銀,1039,313,726,元大證券,2024-10-18,9800
00673R,期元大S＆P原油反1,2498,1774,724,元大證券,2024-10-18,9800
00896,中信綠能及電動車,705,1,704,元大證券,2024-10-18,9800
00939,統一台灣高息動能,2344,1643,701,元大證券,2024-10-18,9800
006208,富邦台50,1614,922,692,元大證券,2024-10-18,9800
00892,富邦台灣半導體,1395,710,685,元大證券,2024-10-18,9800
00936,台新永續高息中小,1344,688,656,元大證券,2024-10-18,9800
3013,晟銘電,6038,5384,654,元大證券,2024-10-18,9800
00944,野村趨勢動能高息,782,155,627,元大證券,2024-10-18,9800
00930,永豐ESG低碳高息,1256,640,616,元大證券,2024-10-18,9800
00722B,群益投資級電信債,804,192,612,元大證券,2024-10-18,9800
00632R,元大台灣50反1,27513,12662,14851,元大證券,2024-10-21,9800
00673R,期元大S＆P原油反1,10170,744,9426,元大證券,2024-10-21,9800
00940,元大台灣價值高息,9000,1754,7246,元大證券,2024-10-21,9800
00885,富邦越南,5468,12,5456,元大證券,2024-10-21,9800
00957B,兆豐US優選投等債,4127,68,4059,元大證券,2024-10-21,9800
00680L,元大美債20正2,5752,2602,3150,元大證券,2024-10-21,9800
00936,台新永續高息中小,2576,166,2410,元大證券,2024-10-21,9800
00961,FT臺灣永續高息,2693,414,2279,元大證券,2024-10-21,9800
00939,統一台灣高息動能,3259,1087,2172,元大證券,2024-10-21,9800
00757,統一FANG+,1908,11,1897,元大證券,2024-10-21,9800
00764B,群益25年美債,2129,306,1823,元大證券,2024-10-21,9800
00929,復華台灣科技優息,8135,6408,1727,元大證券,2024-10-21,9800
00919,群益台灣精選高息,4523,2801,1722,元大證券,2024-10-21,9800
00882,中信中國高股息,7470,5762,1708,元大證券,2024-10-21,9800
00947,台新臺灣IC設計,1701,8,1693,元大證券,2024-10-21,9800
00696B,富邦美債20年,2616,933,1683,元大證券,2024-10-21,9800
00773B,中信優先金融債,1713,36,1677,元大證券,2024-10-21,9800
00946,群益科技高息成長,2265,629,1636,元大證券,2024-10-21,9800
00931B,統一美債20年,3801,2252,1549,元大證券,2024-10-21,9800
2449,京元電子,3350,1974,1376,元大證券,2024-10-21,9800
00772B,中信高評級公司債,1884,594,1290,元大證券,2024-10-21,9800
8249,菱光,2709,1552,1157,元大證券,2024-10-21,9800
00892,富邦台灣半導體,2113,960,1153,元大證券,2024-10-21,9800
00676R,富邦臺灣加權反1,3359,2222,1137,元大證券,2024-10-21,9800
00634R,富邦上証反1,1131,16,1115,元大證券,2024-10-21,9800
0061,元大寶滬深,1641,572,1069,元大證券,2024-10-21,9800
1802,台玻,1563,519,1044,元大證券,2024-10-21,9800
3189,景碩,2874,1862,1012,元大證券,2024-10-21,9800
3037,欣興,2374,1383,991,元大證券,2024-10-21,9800
5880,合庫金,1130,149,981,元大證券,2024-10-21,9800
00722B,群益投資級電信債,1534,559,975,元大證券,2024-10-21,9800
00951,台新日本半導體,1276,392,884,元大證券,2024-10-21,9800
00912,中信臺灣智慧50,1595,740,855,元大證券,2024-10-21,9800
2388,威盛,2234,1514,720,元大證券,2024-10-21,9800
00945B,凱基美國非投等債,4292,3581,711,元大證券,2024-10-21,9800
00688L,國泰20年美債正2,4709,3999,710,元大證券,2024-10-21,9800
2885,元大金,836,133,703,元大證券,2024-10-21,9800
1216,統一,782,104,678,元大證券,2024-10-21,9800
00795B,中信美國公債20年,2206,1559,647,元大證券,2024-10-21,9800
00960,野村全球航運龍頭,1217,658,559,元大證券,2024-10-21,9800
1102,亞泥,682,135,547,元大證券,2024-10-21,9800
00934,中信成長高股息,1110,567,543,元大證券,2024-10-21,9800
2801,彰銀,1041,502,539,元大證券,2024-10-21,9800
0050,元大台灣50,1017,499,518,元大證券,2024-10-21,9800
00944,野村趨勢動能高息,490,13,477,元大證券,2024-10-21,9800
00638R,元大滬深300反1,534,83,451,元大證券,2024-10-21,9800
6763,綠界科技*,1271,864,407,元大證券,2024-10-21,9800
00670L,富邦NASDAQ正2,389,5,384,元大證券,2024-10-21,9800
00950B,凱基A級公司債,1360,988,372,元大證券,2024-10-21,9800
4958,臻鼎-KY,679,314,365,元大證券,2024-10-21,9800
00632R,元大台灣50反1,35272,3568,31704,元大證券,2024-10-22,9800
00940,元大台灣價值高息,13995,2608,11387,元大證券,2024-10-22,9800
2888,新光金,7817,790,7027,元大證券,2024-10-22,9800
00929,復華台灣科技優息,10847,6294,4553,元大證券,2024-10-22,9800
00673R,期元大S＆P原油反1,7222,3873,3349,元大證券,2024-10-22,9800
00953B,群益優選非投等債,4828,1507,3321,元大證券,2024-10-22,9800
00939,統一台灣高息動能,5389,2239,3150,元大證券,2024-10-22,9800
00918,大華優利高填息30,4234,1528,2706,元大證券,2024-10-22,9800
00878,國泰永續高股息,6350,3876,2474,元大證券,2024-10-22,9800
00772B,中信高評級公司債,3723,1319,2404,元大證券,2024-10-22,9800
00933B,國泰10Y+金融債,6846,5143,1703,元大證券,2024-10-22,9800
00952,凱基台灣AI50,3745,2208,1537,元大證券,2024-10-22,9800
00941,中信上游半導體,1505,106,1399,元大證券,2024-10-22,9800
00936,台新永續高息中小,2060,746,1314,元大證券,2024-10-22,9800
00773B,中信優先金融債,1557,322,1235,元大證券,2024-10-22,9800
00664R,國泰臺灣加權反1,2319,1186,1133,元大證券,2024-10-22,9800
3376,新日興,1134,66,1068,元大證券,2024-10-22,9800
00915,凱基優選高股息30,2583,1519,1064,元大證券,2024-10-22,9800
2884,玉山金,1217,203,1014,元大證券,2024-10-22,9800
00947,台新臺灣IC設計,1705,729,976,元大證券,2024-10-22,9800
00696B,富邦美債20年,2794,2028,766,元大證券,2024-10-22,9800
2615,萬海,2669,1908,761,元大證券,2024-10-22,9800
00764B,群益25年美債,1861,1102,759,元大證券,2024-10-22,9800
2887,台新金,1224,477,747,元大證券,2024-10-22,9800
00642U,期元大S＆P石油,1976,1294,682,元大證券,2024-10-22,9800
00669R,國泰美國道瓊反1,681,0,681,元大證券,2024-10-22,9800
00956,中信日經高股息,1646,981,665,元大證券,2024-10-22,9800
00713,元大台灣高息低波,1369,835,534,元大證券,2024-10-22,9800
00676R,富邦臺灣加權反1,3831,3298,533,元大證券,2024-10-22,9800
00944,野村趨勢動能高息,553,22,531,元大證券,2024-10-22,9800
4558,寶緯,480,4,476,元大證券,2024-10-22,9800
3037,欣興,3617,3187,430,元大證券,2024-10-22,9800
1101,台泥,459,34,425,元大證券,2024-10-22,9800
00830,國泰費城半導體,750,327,423,元大證券,2024-10-22,9800
2330,台積電,949,532,417,元大證券,2024-10-22,9800
00757,統一FANG+,452,50,402,元大證券,2024-10-22,9800
00643,群益深証中小,1063,668,395,元大證券,2024-10-22,9800
00641R,富邦日本反1,432,40,392,元大證券,2024-10-22,9800
4716,大立,2061,1670,391,元大證券,2024-10-22,9800
3289,宜特,534,166,368,元大證券,2024-10-22,9800
00955,中信日本商社,1141,779,362,元大證券,2024-10-22,9800
00930,永豐ESG低碳高息,956,622,334,元大證券,2024-10-22,9800
00651R,復華香港反1,376,53,323,元大證券,2024-10-22,9800
00900,富邦特選高股息30,751,509,242,元大證券,2024-10-22,9800
6197,佳必琪,571,340,231,元大證券,2024-10-22,9800
00896,中信綠能及電動車,245,24,221,元大證券,2024-10-22,9800
00719B,元大美債1-3,526,311,215,元大證券,2024-10-22,9800
006205,富邦上証,1084,884,200,元大證券,2024-10-22,9800
006206,元大上證50,294,99,195,元大證券,2024-10-22,9800
00733,富邦臺灣中小,460,275,185,元大證券,2024-10-22,9800
00632R,元大台灣50反1,48941,11387,37554,元大證券,2024-10-23,9800
00715L,期街口布蘭特正2,14025,790,13235,元大證券,2024-10-23,9800
00688L,國泰20年美債正2,12891,4141,8750,元大證券,2024-10-23,9800
00665L,富邦�琤肭磪囓�2,15537,12081,3456,元大證券,2024-10-23,9800
00952,凱基台灣AI50,3921,750,3171,元大證券,2024-10-23,9800
2888,新光金,3240,810,2430,元大證券,2024-10-23,9800
00957B,兆豐US優選投等債,3194,1080,2114,元大證券,2024-10-23,9800
00642U,期元大S＆P石油,2624,1050,1574,元大證券,2024-10-23,9800
00696B,富邦美債20年,2326,755,1571,元大證券,2024-10-23,9800
00938,凱基優選30,4104,2540,1564,元大證券,2024-10-23,9800
00891,中信關鍵半導體,2392,867,1525,元大證券,2024-10-23,9800
9904,寶成,1799,308,1491,元大證券,2024-10-23,9800
3037,欣興,4653,3266,1387,元大證券,2024-10-23,9800
3450,聯鈞,3175,2079,1096,元大證券,2024-10-23,9800
00634R,富邦上証反1,1127,95,1032,元大證券,2024-10-23,9800
00636,國泰中國A50,1436,474,962,元大證券,2024-10-23,9800
00850,元大臺灣ESG永續,1811,856,955,元大證券,2024-10-23,9800
00764B,群益25年美債,1521,642,879,元大證券,2024-10-23,9800
00939,統一台灣高息動能,1639,816,823,元大證券,2024-10-23,9800
00947,台新臺灣IC設計,1179,357,822,元大證券,2024-10-23,9800
00936,台新永續高息中小,1788,985,803,元大證券,2024-10-23,9800
00686R,群益臺灣加權反1,799,0,799,元大證券,2024-10-23,9800
2504,國產,883,92,791,元大證券,2024-10-23,9800
0050,元大台灣50,1127,430,697,元大證券,2024-10-23,9800
00885,富邦越南,799,110,689,元大證券,2024-10-23,9800
1528,恩德,9711,9035,676,元大證券,2024-10-23,9800
1102,亞泥,808,204,604,元大證券,2024-10-23,9800
2885,元大金,888,326,562,元大證券,2024-10-23,9800
00761B,國泰A級公司債,588,32,556,元大證券,2024-10-23,9800
4915,致伸,593,104,489,元大證券,2024-10-23,9800
00669R,國泰美國道瓊反1,490,2,488,元大證券,2024-10-23,9800
00940,元大台灣價值高息,3185,2724,461,元大證券,2024-10-23,9800
00724B,群益投資級金融債,807,364,443,元大證券,2024-10-23,9800
00942B,台新美A公司債20+,1028,595,433,元大證券,2024-10-23,9800
00638R,元大滬深300反1,703,298,405,元大證券,2024-10-23,9800
2356,英業達,682,301,381,元大證券,2024-10-23,9800
1402,遠東新,705,389,316,元大證券,2024-10-23,9800
00722B,群益投資級電信債,872,567,305,元大證券,2024-10-23,9800
00895,富邦未來車,389,87,302,元大證券,2024-10-23,9800
1605,華新,574,280,294,元大證券,2024-10-23,9800
00730,富邦臺灣優質高息,274,0,274,元大證券,2024-10-23,9800
00956,中信日經高股息,906,633,273,元大證券,2024-10-23,9800
1802,台玻,941,676,265,元大證券,2024-10-23,9800
1721,三晃,2129,1871,258,元大證券,2024-10-23,9800
00719B,元大美債1-3,358,100,258,元大證券,2024-10-23,9800
2324,仁寶,617,361,256,元大證券,2024-10-23,9800
00928,中信上櫃ESG30,257,1,256,元大證券,2024-10-23,9800
00904,新光臺灣半導體30,437,200,237,元大證券,2024-10-23,9800
00892,富邦台灣半導體,789,558,231,元大證券,2024-10-23,9800
6862,三集瑞-KY,225,8,217,元大證券,2024-10-23,9800
00632R,元大台灣50反1,37886,13480,24406,元大證券,2024-10-24,9800
00940,元大台灣價值高息,18787,6157,12630,元大證券,2024-10-24,9800
00673R,期元大S＆P原油反1,8448,1526,6922,元大證券,2024-10-24,9800
1802,台玻,6241,2125,4116,元大證券,2024-10-24,9800
00676R,富邦臺灣加權反1,3363,484,2879,元大證券,2024-10-24,9800
00957B,兆豐US優選投等債,3065,721,2344,元大證券,2024-10-24,9800
2888,新光金,3105,926,2179,元大證券,2024-10-24,9800
00885,富邦越南,1885,120,1765,元大證券,2024-10-24,9800
2890,永豐金,2127,365,1762,元大證券,2024-10-24,9800
00936,台新永續高息中小,2073,395,1678,元大證券,2024-10-24,9800
00959B,大華投等美債15Y+,4710,3041,1669,元大證券,2024-10-24,9800
2885,元大金,1875,248,1627,元大證券,2024-10-24,9800
2886,兆豐金,1777,273,1504,元大證券,2024-10-24,9800
1402,遠東新,1376,79,1297,元大證券,2024-10-24,9800
00669R,國泰美國道瓊反1,1339,217,1122,元大證券,2024-10-24,9800
2324,仁寶,1193,151,1042,元大證券,2024-10-24,9800
00922,國泰台灣領袖50,4326,3295,1031,元大證券,2024-10-24,9800
1605,華新,1057,69,988,元大證券,2024-10-24,9800
00939,統一台灣高息動能,4009,3043,966,元大證券,2024-10-24,9800
2356,英業達,1040,117,923,元大證券,2024-10-24,9800
00651R,復華香港反1,1035,119,916,元大證券,2024-10-24,9800
5871,中租-KY,1055,150,905,元大證券,2024-10-24,9800
1102,亞泥,927,64,863,元大證券,2024-10-24,9800
2105,正新,911,55,856,元大證券,2024-10-24,9800
00942B,台新美A公司債20+,2614,1807,807,元大證券,2024-10-24,9800
00953B,群益優選非投等債,1755,994,761,元大證券,2024-10-24,9800
00900,富邦特選高股息30,1401,643,758,元大證券,2024-10-24,9800
00882,中信中國高股息,2579,1827,752,元大證券,2024-10-24,9800
00772B,中信高評級公司債,1069,324,745,元大證券,2024-10-24,9800
1303,南亞,762,142,620,元大證券,2024-10-24,9800
00944,野村趨勢動能高息,929,335,594,元大證券,2024-10-24,9800
2027,大成鋼,591,49,542,元大證券,2024-10-24,9800
00926,凱基全球菁英55,567,33,534,元大證券,2024-10-24,9800
00634R,富邦上証反1,538,5,533,元大證券,2024-10-24,9800
00641R,富邦日本反1,497,1,496,元大證券,2024-10-24,9800
00715L,期街口布蘭特正2,3384,2896,488,元大證券,2024-10-24,9800
00947,台新臺灣IC設計,745,282,463,元大證券,2024-10-24,9800
2345,智邦,456,47,409,元大證券,2024-10-24,9800
2347,聯強,421,21,400,元大證券,2024-10-24,9800
2354,鴻準,5694,5296,398,元大證券,2024-10-24,9800
0050,元大台灣50,874,487,387,元大證券,2024-10-24,9800
00952,凱基台灣AI50,1322,939,383,元大證券,2024-10-24,9800
3702,大聯大,496,131,365,元大證券,2024-10-24,9800
4919,新唐,1048,684,364,元大證券,2024-10-24,9800
00877,復華中國5G,984,625,359,元大證券,2024-10-24,9800
00938,凱基優選30,4832,4474,358,元大證券,2024-10-24,9800
00638R,元大滬深300反1,363,19,344,元大證券,2024-10-24,9800
00956,中信日經高股息,956,614,342,元大證券,2024-10-24,9800
00642U,期元大S＆P石油,342,2,340,元大證券,2024-10-24,9800
2313,華通,627,305,322,元大證券,2024-10-24,9800
3231,緯創,12265,4804,7461,元大證券,2024-10-25,9800
00940,元大台灣價值高息,8714,1770,6944,元大證券,2024-10-25,9800
00688L,國泰20年美債正2,11129,5888,5241,元大證券,2024-10-25,9800
00673R,期元大S＆P原油反1,4329,264,4065,元大證券,2024-10-25,9800
00878,國泰永續高股息,4769,811,3958,元大證券,2024-10-25,9800
00637L,元大滬深300正2,28165,24484,3681,元大證券,2024-10-25,9800
00929,復華台灣科技優息,4177,1195,2982,元大證券,2024-10-25,9800
00665L,富邦�琤肭磪囓�2,10807,8033,2774,元大證券,2024-10-25,9800
00919,群益台灣精選高息,3974,1257,2717,元大證券,2024-10-25,9800
1449,佳和,2408,0,2408,元大證券,2024-10-25,9800
00957B,兆豐US優選投等債,1993,4,1989,元大證券,2024-10-25,9800
00936,台新永續高息中小,2067,141,1926,元大證券,2024-10-25,9800
00891,中信關鍵半導體,2669,931,1738,元大證券,2024-10-25,9800
00918,大華優利高填息30,1889,235,1654,元大證券,2024-10-25,9800
00939,統一台灣高息動能,1621,16,1605,元大證券,2024-10-25,9800
00650L,復華香港正2,6130,4706,1424,元大證券,2024-10-25,9800
00636,國泰中國A50,2218,919,1299,元大證券,2024-10-25,9800
00935,野村臺灣新科技50,1260,58,1202,元大證券,2024-10-25,9800
00725B,國泰投資級公司債,2126,1026,1100,元大證券,2024-10-25,9800
2888,新光金,1773,715,1058,元大證券,2024-10-25,9800
3037,欣興,1974,922,1052,元大證券,2024-10-25,9800
00882,中信中國高股息,2046,1063,983,元大證券,2024-10-25,9800
00934,中信成長高股息,1172,213,959,元大證券,2024-10-25,9800
00922,國泰台灣領袖50,1697,742,955,元大證券,2024-10-25,9800
00902,中信電池及儲能,1372,472,900,元大證券,2024-10-25,9800
3481,群創,1668,820,848,元大證券,2024-10-25,9800
00946,群益科技高息成長,1167,330,837,元大證券,2024-10-25,9800
00933B,國泰10Y+金融債,2326,1492,834,元大證券,2024-10-25,9800
00881,國泰台灣5G+,1119,293,826,元大證券,2024-10-25,9800
006208,富邦台50,918,96,822,元大證券,2024-10-25,9800
00892,富邦台灣半導體,1428,615,813,元大證券,2024-10-25,9800
00949,復華日本龍頭,1992,1264,728,元大證券,2024-10-25,9800
00639,富邦深100,1379,656,723,元大證券,2024-10-25,9800
00651R,復華香港反1,700,83,617,元大證券,2024-10-25,9800
00951,台新日本半導體,2742,2136,606,元大證券,2024-10-25,9800
00631L,元大台灣50正2,1218,618,600,元大證券,2024-10-25,9800
00669R,國泰美國道瓊反1,509,0,509,元大證券,2024-10-25,9800
00686R,群益臺灣加權反1,512,5,507,元大證券,2024-10-25,9800
00927,群益半導體收益,595,95,500,元大證券,2024-10-25,9800
00713,元大台灣高息低波,1440,942,498,元大證券,2024-10-25,9800
00960,野村全球航運龍頭,905,438,467,元大證券,2024-10-25,9800
00888,永豐台灣ESG,565,114,451,元大證券,2024-10-25,9800
2486,一詮,2964,2514,450,元大證券,2024-10-25,9800
00692,富邦公司治理,482,34,448,元大證券,2024-10-25,9800
2892,第一金,595,164,431,元大證券,2024-10-25,9800
2885,元大金,481,67,414,元大證券,2024-10-25,9800
00926,凱基全球菁英55,450,48,402,元大證券,2024-10-25,9800
00772B,中信高評級公司債,754,364,390,元大證券,2024-10-25,9800
3711,日月光投控,621,244,377,元大證券,2024-10-25,9800
00641R,富邦日本反1,395,23,372,元大證券,2024-10-25,9800
00940,元大台灣價值高息,12928,5102,7826,元大證券,2024-10-28,9800
00673R,期元大S＆P原油反1,7665,3962,3703,元大證券,2024-10-28,9800
00882,中信中國高股息,4618,1207,3411,元大證券,2024-10-28,9800
00688L,國泰20年美債正2,8307,4930,3377,元大證券,2024-10-28,9800
00753L,中信中國50正2,5707,3478,2229,元大證券,2024-10-28,9800
00939,統一台灣高息動能,4413,2459,1954,元大證券,2024-10-28,9800
00915,凱基優選高股息30,4071,2145,1926,元大證券,2024-10-28,9800
00941,中信上游半導體,2335,465,1870,元大證券,2024-10-28,9800
00936,台新永續高息中小,2560,780,1780,元大證券,2024-10-28,9800
00934,中信成長高股息,2489,719,1770,元大證券,2024-10-28,9800
2882,國泰金,2122,360,1762,元大證券,2024-10-28,9800
1802,台玻,4124,2379,1745,元大證券,2024-10-28,9800
00951,台新日本半導體,2254,712,1542,元大證券,2024-10-28,9800
00957B,兆豐US優選投等債,1729,507,1222,元大證券,2024-10-28,9800
00669R,國泰美國道瓊反1,1359,192,1167,元大證券,2024-10-28,9800
00944,野村趨勢動能高息,1197,275,922,元大證券,2024-10-28,9800
00947,台新臺灣IC設計,1098,216,882,元大證券,2024-10-28,9800
2891,中信金,1209,342,867,元大證券,2024-10-28,9800
2890,永豐金,1048,218,830,元大證券,2024-10-28,9800
2330,台積電,1954,1176,778,元大證券,2024-10-28,9800
00900,富邦特選高股息30,1419,678,741,元大證券,2024-10-28,9800
00645,富邦日本,735,38,697,元大證券,2024-10-28,9800
00933B,國泰10Y+金融債,3708,3015,693,元大證券,2024-10-28,9800
00651R,復華香港反1,766,75,691,元大證券,2024-10-28,9800
00960,野村全球航運龍頭,684,2,682,元大證券,2024-10-28,9800
00953B,群益優選非投等債,1251,580,671,元大證券,2024-10-28,9800
00952,凱基台灣AI50,1941,1311,630,元大證券,2024-10-28,9800
0050,元大台灣50,1366,762,604,元大證券,2024-10-28,9800
00633L,富邦上証正2,5471,4900,571,元大證券,2024-10-28,9800
00670L,富邦NASDAQ正2,734,172,562,元大證券,2024-10-28,9800
00897,富邦基因免疫生技,480,4,476,元大證券,2024-10-28,9800
00676R,富邦臺灣加權反1,1098,630,468,元大證券,2024-10-28,9800
00713,元大台灣高息低波,1193,745,448,元大證券,2024-10-28,9800
1402,遠東新,536,116,420,元大證券,2024-10-28,9800
00961,FT臺灣永續高息,951,533,418,元大證券,2024-10-28,9800
2888,新光金,616,222,394,元大證券,2024-10-28,9800
4919,新唐,1009,641,368,元大證券,2024-10-28,9800
00685L,群益臺灣加權正2,728,363,365,元大證券,2024-10-28,9800
00640L,富邦日本正2,565,204,361,元大證券,2024-10-28,9800
2363,矽統,621,275,346,元大證券,2024-10-28,9800
1605,華新,485,149,336,元大證券,2024-10-28,9800
2885,元大金,874,547,327,元大證券,2024-10-28,9800
2884,玉山金,567,245,322,元大證券,2024-10-28,9800
00631L,元大台灣50正2,2088,1771,317,元大證券,2024-10-28,9800
3447,展達,2324,2017,307,元大證券,2024-10-28,9800
00850,元大臺灣ESG永續,676,373,303,元大證券,2024-10-28,9800
00700,富邦�琤肭磪�,393,92,301,元大證券,2024-10-28,9800
2354,鴻準,3888,3589,299,元大證券,2024-10-28,9800
00902,中信電池及儲能,772,474,298,元大證券,2024-10-28,9800
00907,永豐優息存股,556,259,297,元大證券,2024-10-28,9800
00632R,元大台灣50反1,136578,25208,111370,元大證券,2024-10-29,9800
00882,中信中國高股息,18461,2713,15748,元大證券,2024-10-29,9800
00676R,富邦臺灣加權反1,9260,3474,5786,元大證券,2024-10-29,9800
00664R,國泰臺灣加權反1,7584,3687,3897,元大證券,2024-10-29,9800
00753L,中信中國50正2,9280,6179,3101,元大證券,2024-10-29,9800
2885,元大金,2572,206,2366,元大證券,2024-10-29,9800
00680L,元大美債20正2,6951,4644,2307,元大證券,2024-10-29,9800
00951,台新日本半導體,3240,995,2245,元大證券,2024-10-29,9800
2890,永豐金,3030,1044,1986,元大證券,2024-10-29,9800
00650L,復華香港正2,10525,8542,1983,元大證券,2024-10-29,9800
00679B,元大美債20年,16975,15026,1949,元大證券,2024-10-29,9800
00688L,國泰20年美債正2,3824,2076,1748,元大證券,2024-10-29,9800
00933B,國泰10Y+金融債,2962,1298,1664,元大證券,2024-10-29,9800
2886,兆豐金,2223,681,1542,元大證券,2024-10-29,9800
1402,遠東新,2094,568,1526,元大證券,2024-10-29,9800
00830,國泰費城半導體,1710,188,1522,元大證券,2024-10-29,9800
2891,中信金,4410,2952,1458,元大證券,2024-10-29,9800
00857B,永豐20年美公債,1774,336,1438,元大證券,2024-10-29,9800
2610,華航,2000,568,1432,元大證券,2024-10-29,9800
4919,新唐,4418,3000,1418,元大證券,2024-10-29,9800
2324,仁寶,1858,569,1289,元大證券,2024-10-29,9800
1605,華新,1398,200,1198,元大證券,2024-10-29,9800
2477,美隆電,1557,376,1181,元大證券,2024-10-29,9800
2356,英業達,1571,428,1143,元大證券,2024-10-29,9800
00931B,統一美債20年,1648,576,1072,元大證券,2024-10-29,9800
2105,正新,1237,206,1031,元大證券,2024-10-29,9800
0050,元大台灣50,2436,1431,1005,元大證券,2024-10-29,9800
1528,恩德,2623,1699,924,元大證券,2024-10-29,9800
2504,國產,1204,335,869,元大證券,2024-10-29,9800
1102,亞泥,1186,348,838,元大證券,2024-10-29,9800
00950B,凱基A級公司債,1350,514,836,元大證券,2024-10-29,9800
00960,野村全球航運龍頭,965,141,824,元大證券,2024-10-29,9800
00892,富邦台灣半導體,2226,1459,767,元大證券,2024-10-29,9800
3711,日月光投控,1502,772,730,元大證券,2024-10-29,9800
1303,南亞,942,219,723,元大證券,2024-10-29,9800
2353,宏��,923,235,688,元大證券,2024-10-29,9800
00942B,台新美A公司債20+,1626,961,665,元大證券,2024-10-29,9800
2027,大成鋼,704,49,655,元大證券,2024-10-29,9800
00687B,國泰20年美債,6670,6036,634,元大證券,2024-10-29,9800
00885,富邦越南,667,41,626,元大證券,2024-10-29,9800
9904,寶成,808,195,613,元大證券,2024-10-29,9800
00957B,兆豐US優選投等債,979,368,611,元大證券,2024-10-29,9800
4938,和碩,732,124,608,元大證券,2024-10-29,9800
00757,統一FANG+,683,83,600,元大證券,2024-10-29,9800
2347,聯強,622,82,540,元大證券,2024-10-29,9800
00909,國泰數位支付服務,779,247,532,元大證券,2024-10-29,9800
00640L,富邦日本正2,689,182,507,元大證券,2024-10-29,9800
6214,精誠,499,14,485,元大證券,2024-10-29,9800
3702,大聯大,735,268,467,元大證券,2024-10-29,9800
2301,光寶科,667,203,464,元大證券,2024-10-29,9800
00673R,期元大S＆P原油反1,5998,168,5830,元大證券,2024-10-30,9800
00957B,兆豐US優選投等債,5146,1094,4052,元大證券,2024-10-30,9800
2354,鴻準,12641,8747,3894,元大證券,2024-10-30,9800
00942B,台新美A公司債20+,3736,1611,2125,元大證券,2024-10-30,9800
00931B,統一美債20年,2861,1227,1634,元大證券,2024-10-30,9800
1307,三芳,2398,853,1545,元大證券,2024-10-30,9800
00952,凱基台灣AI50,2433,972,1461,元大證券,2024-10-30,9800
00857B,永豐20年美公債,1998,571,1427,元大證券,2024-10-30,9800
2887,台新金,1480,53,1427,元大證券,2024-10-30,9800
00687B,國泰20年美債,10555,9159,1396,元大證券,2024-10-30,9800
00665L,富邦�琤肭磪囓�2,12903,11511,1392,元大證券,2024-10-30,9800
2885,元大金,1309,55,1254,元大證券,2024-10-30,9800
00922,國泰台灣領袖50,3111,1893,1218,元大證券,2024-10-30,9800
1402,遠東新,1173,87,1086,元大證券,2024-10-30,9800
00958B,永豐ESG銀行債15,1099,129,970,元大證券,2024-10-30,9800
2880,華南金,1162,220,942,元大證券,2024-10-30,9800
00686R,群益臺灣加權反1,931,0,931,元大證券,2024-10-30,9800
2324,仁寶,1048,147,901,元大證券,2024-10-30,9800
00639,富邦深100,1259,371,888,元大證券,2024-10-30,9800
00891,中信關鍵半導體,2522,1654,868,元大證券,2024-10-30,9800
3231,緯創,1736,946,790,元大證券,2024-10-30,9800
00651R,復華香港反1,928,177,751,元大證券,2024-10-30,9800
00636,國泰中國A50,1724,976,748,元大證券,2024-10-30,9800
2330,台積電,1443,728,715,元大證券,2024-10-30,9800
00947,台新臺灣IC設計,1226,556,670,元大證券,2024-10-30,9800
2356,英業達,915,246,669,元大證券,2024-10-30,9800
1316,上曜,698,33,665,元大證券,2024-10-30,9800
2886,兆豐金,1173,513,660,元大證券,2024-10-30,9800
006208,富邦台50,1761,1111,650,元大證券,2024-10-30,9800
00752,中信中國50,1963,1324,639,元大證券,2024-10-30,9800
00940,元大台灣價值高息,5961,5330,631,元大證券,2024-10-30,9800
2504,國產,641,36,605,元大證券,2024-10-30,9800
2301,光寶科,753,148,605,元大證券,2024-10-30,9800
2890,永豐金,1568,983,585,元大證券,2024-10-30,9800
1802,台玻,1006,437,569,元大證券,2024-10-30,9800
00634R,富邦上証反1,556,8,548,元大證券,2024-10-30,9800
00892,富邦台灣半導體,1066,524,542,元大證券,2024-10-30,9800
2888,新光金,559,28,531,元大證券,2024-10-30,9800
00670L,富邦NASDAQ正2,584,69,515,元大證券,2024-10-30,9800
3481,群創,5772,5259,513,元大證券,2024-10-30,9800
2353,宏��,603,90,513,元大證券,2024-10-30,9800
1303,南亞,586,81,505,元大證券,2024-10-30,9800
2609,陽明,883,384,499,元大證券,2024-10-30,9800
2105,正新,565,68,497,元大證券,2024-10-30,9800
9904,寶成,514,39,475,元大證券,2024-10-30,9800
4938,和碩,472,38,434,元大證券,2024-10-30,9800
1711,永光,474,56,418,元大證券,2024-10-30,9800
00905,FT臺灣Smart,1054,638,416,元大證券,2024-10-30,9800
2347,聯強,425,30,395,元大證券,2024-10-30,9800
00638R,元大滬深300反1,504,110,394,元大證券,2024-10-30,9800
00632R,元大台灣50反1,78216,19605,58611,元大證券,2024-11-01,9800
00715L,期街口布蘭特正2,31591,310,31281,元大證券,2024-11-01,9800
00688L,國泰20年美債正2,12658,2296,10362,元大證券,2024-11-01,9800
00680L,元大美債20正2,14103,5904,8199,元大證券,2024-11-01,9800
00642U,期元大S＆P石油,5455,51,5404,元大證券,2024-11-01,9800
00673R,期元大S＆P原油反1,8854,3485,5369,元大證券,2024-11-01,9800
00751B,元大AAA至A公司債,5451,883,4568,元大證券,2024-11-01,9800
00940,元大台灣價值高息,10393,6350,4043,元大證券,2024-11-01,9800
00671R,富邦NASDAQ反1,4510,603,3907,元大證券,2024-11-01,9800
00753L,中信中國50正2,8712,4983,3729,元大證券,2024-11-01,9800
00676R,富邦臺灣加權反1,7408,4294,3114,元大證券,2024-11-01,9800
2609,陽明,5083,2121,2962,元大證券,2024-11-01,9800
5871,中租-KY,4049,1094,2955,元大證券,2024-11-01,9800
00655L,國泰中國A50正2,3816,1667,2149,元大證券,2024-11-01,9800
00720B,元大投資級公司債,3084,1071,2013,元大證券,2024-11-01,9800
00669R,國泰美國道瓊反1,1981,8,1973,元大證券,2024-11-01,9800
00957B,兆豐US優選投等債,2344,561,1783,元大證券,2024-11-01,9800
3037,欣興,3213,1512,1701,元大證券,2024-11-01,9800
2615,萬海,5340,3740,1600,元大證券,2024-11-01,9800
00936,台新永續高息中小,2598,1135,1463,元大證券,2024-11-01,9800
020039,元大加權N,2950,1703,1247,元大證券,2024-11-01,9800
4919,新唐,2082,906,1176,元大證券,2024-11-01,9800
2880,華南金,2213,1124,1089,元大證券,2024-11-01,9800
00633L,富邦上証正2,4048,2971,1077,元大證券,2024-11-01,9800
00641R,富邦日本反1,1232,159,1073,元大證券,2024-11-01,9800
00947,台新臺灣IC設計,2399,1397,1002,元大證券,2024-11-01,9800
00772B,中信高評級公司債,1207,239,968,元大證券,2024-11-01,9800
00935,野村臺灣新科技50,2667,1790,877,元大證券,2024-11-01,9800
1402,遠東新,1628,755,873,元大證券,2024-11-01,9800
2882,國泰金,2737,1952,785,元大證券,2024-11-01,9800
00773B,中信優先金融債,831,65,766,元大證券,2024-11-01,9800
2603,長榮,3067,2346,721,元大證券,2024-11-01,9800
9904,寶成,1201,519,682,元大證券,2024-11-01,9800
2885,元大金,2206,1566,640,元大證券,2024-11-01,9800
2324,仁寶,1670,1035,635,元大證券,2024-11-01,9800
2356,英業達,1324,690,634,元大證券,2024-11-01,9800
2504,國產,1394,767,627,元大證券,2024-11-01,9800
2002,中鋼,2204,1580,624,元大證券,2024-11-01,9800
00937B,群益ESG投等債20,3826,3217,609,元大證券,2024-11-01,9800
1605,華新,981,402,579,元大證券,2024-11-01,9800
00850,元大臺灣ESG永續,1112,555,557,元大證券,2024-11-01,9800
0050,元大台灣50,2139,1587,552,元大證券,2024-11-01,9800
00934,中信成長高股息,4162,3624,538,元大證券,2024-11-01,9800
00941,中信上游半導體,1510,974,536,元大證券,2024-11-01,9800
1102,亞泥,852,328,524,元大證券,2024-11-01,9800
00885,富邦越南,910,405,505,元大證券,2024-11-01,9800
00665L,富邦�琤肭磪囓�2,12057,11558,499,元大證券,2024-11-01,9800
00928,中信上櫃ESG30,613,150,463,元大證券,2024-11-01,9800
00933B,國泰10Y+金融債,3425,2999,426,元大證券,2024-11-01,9800
2891,中信金,6197,5793,404,元大證券,2024-11-01,9800
00936,台新永續高息中小,11953,1568,10385,元大證券,2024-11-04,9800
00918,大華優利高填息30,4867,638,4229,元大證券,2024-11-04,9800
00929,復華台灣科技優息,8736,4952,3784,元大證券,2024-11-04,9800
2354,鴻準,11924,8714,3210,元大證券,2024-11-04,9800
00922,國泰台灣領袖50,3814,749,3065,元大證券,2024-11-04,9800
00900,富邦特選高股息30,4409,1472,2937,元大證券,2024-11-04,9800
00934,中信成長高股息,2980,753,2227,元大證券,2024-11-04,9800
00957B,兆豐US優選投等債,2125,852,1273,元大證券,2024-11-04,9800
2886,兆豐金,1477,213,1264,元大證券,2024-11-04,9800
2891,中信金,2240,1013,1227,元大證券,2024-11-04,9800
2382,廣達,1798,692,1106,元大證券,2024-11-04,9800
2882,國泰金,1711,607,1104,元大證券,2024-11-04,9800
2603,長榮,1915,857,1058,元大證券,2024-11-04,9800
2317,鴻海,2944,1920,1024,元大證券,2024-11-04,9800
00939,統一台灣高息動能,2898,1898,1000,元大證券,2024-11-04,9800
00757,統一FANG+,1170,279,891,元大證券,2024-11-04,9800
00935,野村臺灣新科技50,1151,372,779,元大證券,2024-11-04,9800
00915,凱基優選高股息30,2553,1788,765,元大證券,2024-11-04,9800
00675L,富邦臺灣加權正2,1502,802,700,元大證券,2024-11-04,9800
00631L,元大台灣50正2,1590,915,675,元大證券,2024-11-04,9800
00923,群益台ESG低碳50,918,253,665,元大證券,2024-11-04,9800
5871,中租-KY,781,130,651,元大證券,2024-11-04,9800
00642U,期元大S＆P石油,746,102,644,元大證券,2024-11-04,9800
00715L,期街口布蘭特正2,4899,4318,581,元大證券,2024-11-04,9800
00950B,凱基A級公司債,2117,1562,555,元大證券,2024-11-04,9800
00692,富邦公司治理,830,294,536,元大證券,2024-11-04,9800
0050,元大台灣50,1571,1049,522,元大證券,2024-11-04,9800
00639,富邦深100,898,412,486,元大證券,2024-11-04,9800
5315,光聯,618,137,481,元大證券,2024-11-04,9800
1802,台玻,632,182,450,元大證券,2024-11-04,9800
00669R,國泰美國道瓊反1,946,500,446,元大證券,2024-11-04,9800
2330,台積電,1525,1091,434,元大證券,2024-11-04,9800
2504,國產,492,77,415,元大證券,2024-11-04,9800
2610,華航,668,283,385,元大證券,2024-11-04,9800
00640L,富邦日本正2,383,0,383,元大證券,2024-11-04,9800
00952,凱基台灣AI50,3459,3104,355,元大證券,2024-11-04,9800
00941,中信上游半導體,1150,801,349,元大證券,2024-11-04,9800
00764B,群益25年美債,1396,1049,347,元大證券,2024-11-04,9800
2890,永豐金,646,307,339,元大證券,2024-11-04,9800
3062,建漢,825,494,331,元大證券,2024-11-04,9800
5388,中磊,380,56,324,元大證券,2024-11-04,9800
00701,國泰股利精選30,330,7,323,元大證券,2024-11-04,9800
00888,永豐台灣ESG,409,95,314,元大證券,2024-11-04,9800
006208,富邦台50,950,637,313,元大證券,2024-11-04,9800
3037,欣興,1351,1053,298,元大證券,2024-11-04,9800
00896,中信綠能及電動車,314,39,275,元大證券,2024-11-04,9800
2885,元大金,507,241,266,元大證券,2024-11-04,9800
6768,志強-KY,723,464,259,元大證券,2024-11-04,9800
00685L,群益臺灣加權正2,428,174,254,元大證券,2024-11-04,9800
2356,英業達,602,351,251,元大證券,2024-11-04,9800
00715L,期街口布蘭特正2,19922,215,19707,元大證券,2024-11-05,9800
00665L,富邦�琤肭磪囓�2,17353,11293,6060,元大證券,2024-11-05,9800
00664R,國泰臺灣加權反1,6639,2337,4302,元大證券,2024-11-05,9800
00931B,統一美債20年,4752,1611,3141,元大證券,2024-11-05,9800
00642U,期元大S＆P石油,2958,3,2955,元大證券,2024-11-05,9800
00753L,中信中國50正2,6570,3619,2951,元大證券,2024-11-05,9800
00882,中信中國高股息,5339,2498,2841,元大證券,2024-11-05,9800
00959B,大華投等美債15Y+,3833,1506,2327,元大證券,2024-11-05,9800
3231,緯創,3982,1720,2262,元大證券,2024-11-05,9800
00936,台新永續高息中小,2958,1140,1818,元大證券,2024-11-05,9800
00720B,元大投資級公司債,2155,681,1474,元大證券,2024-11-05,9800
2317,鴻海,2271,810,1461,元大證券,2024-11-05,9800
9904,寶成,1541,210,1331,元大證券,2024-11-05,9800
0050,元大台灣50,2241,968,1273,元大證券,2024-11-05,9800
00757,統一FANG+,1427,157,1270,元大證券,2024-11-05,9800
2845,遠東銀,1218,65,1153,元大證券,2024-11-05,9800
2609,陽明,5028,3902,1126,元大證券,2024-11-05,9800
1216,統一,1331,284,1047,元大證券,2024-11-05,9800
020039,元大加權N,4438,3432,1006,元大證券,2024-11-05,9800
00857B,永豐20年美公債,1481,481,1000,元大證券,2024-11-05,9800
4938,和碩,1014,18,996,元大證券,2024-11-05,9800
00643,群益深証中小,1827,915,912,元大證券,2024-11-05,9800
00905,FT臺灣Smart,1661,848,813,元大證券,2024-11-05,9800
00635U,期元大S＆P黃金,848,48,800,元大證券,2024-11-05,9800
2382,廣達,1360,562,798,元大證券,2024-11-05,9800
00675L,富邦臺灣加權正2,2727,1931,796,元大證券,2024-11-05,9800
00850,元大臺灣ESG永續,1349,593,756,元大證券,2024-11-05,9800
006205,富邦上証,859,110,749,元大證券,2024-11-05,9800
00912,中信臺灣智慧50,764,32,732,元大證券,2024-11-05,9800
00676R,富邦臺灣加權反1,1723,999,724,元大證券,2024-11-05,9800
2356,英業達,4754,4087,667,元大證券,2024-11-05,9800
2376,技嘉,1693,1072,621,元大證券,2024-11-05,9800
00955,中信日本商社,1714,1095,619,元大證券,2024-11-05,9800
00636,國泰中國A50,1314,707,607,元大證券,2024-11-05,9800
00923,群益台ESG低碳50,942,358,584,元大證券,2024-11-05,9800
00942B,台新美A公司債20+,1747,1186,561,元大證券,2024-11-05,9800
00957B,兆豐US優選投等債,957,408,549,元大證券,2024-11-05,9800
00631L,元大台灣50正2,2760,2216,544,元大證券,2024-11-05,9800
2409,友達,905,385,520,元大證券,2024-11-05,9800
00669R,國泰美國道瓊反1,817,323,494,元大證券,2024-11-05,9800
00685L,群益臺灣加權正2,900,415,485,元大證券,2024-11-05,9800
00877,復華中國5G,879,428,451,元大證券,2024-11-05,9800
2362,藍天,492,58,434,元大證券,2024-11-05,9800
00690,兆豐藍籌30,619,218,401,元大證券,2024-11-05,9800
00945B,凱基美國非投等債,1081,692,389,元大證券,2024-11-05,9800
00935,野村臺灣新科技50,1000,621,379,元大證券,2024-11-05,9800
6862,三集瑞-KY,364,3,361,元大證券,2024-11-05,9800
00918,大華優利高填息30,2549,2189,360,元大證券,2024-11-05,9800
00722B,群益投資級電信債,462,107,355,元大證券,2024-11-05,9800
00907,永豐優息存股,805,463,342,元大證券,2024-11-05,9800
00632R,元大台灣50反1,81917,32843,49074,元大證券,2024-11-06,9800
00715L,期街口布蘭特正2,16323,5473,10850,元大證券,2024-11-06,9800
00929,復華台灣科技優息,11136,3088,8048,元大證券,2024-11-06,9800
2888,新光金,6588,390,6198,元大證券,2024-11-06,9800
00959B,大華投等美債15Y+,6168,12,6156,元大證券,2024-11-06,9800
00764B,群益25年美債,5594,491,5103,元大證券,2024-11-06,9800
00882,中信中國高股息,5827,1461,4366,元大證券,2024-11-06,9800
00936,台新永續高息中小,5026,757,4269,元大證券,2024-11-06,9800
00720B,元大投資級公司債,8199,4105,4094,元大證券,2024-11-06,9800
00922,國泰台灣領袖50,5537,2205,3332,元大證券,2024-11-06,9800
00795B,中信美國公債20年,7518,4558,2960,元大證券,2024-11-06,9800
00642U,期元大S＆P石油,2729,160,2569,元大證券,2024-11-06,9800
00857B,永豐20年美公債,4287,2090,2197,元大證券,2024-11-06,9800
2376,技嘉,3560,1492,2068,元大證券,2024-11-06,9800
00637L,元大滬深300正2,46647,44678,1969,元大證券,2024-11-06,9800
00696B,富邦美債20年,3732,1999,1733,元大證券,2024-11-06,9800
00951,台新日本半導體,3305,1788,1517,元大證券,2024-11-06,9800
00676R,富邦臺灣加權反1,5571,4133,1438,元大證券,2024-11-06,9800
0050,元大台灣50,2716,1286,1430,元大證券,2024-11-06,9800
00664R,國泰臺灣加權反1,2662,1258,1404,元大證券,2024-11-06,9800
2845,遠東銀,1193,57,1136,元大證券,2024-11-06,9800
4904,遠傳,1039,15,1024,元大證券,2024-11-06,9800
1216,統一,992,27,965,元大證券,2024-11-06,9800
00687B,國泰20年美債,32881,31940,941,元大證券,2024-11-06,9800
00912,中信臺灣智慧50,991,50,941,元大證券,2024-11-06,9800
2891,中信金,1315,388,927,元大證券,2024-11-06,9800
2354,鴻準,9333,8433,900,元大證券,2024-11-06,9800
00935,野村臺灣新科技50,1298,401,897,元大證券,2024-11-06,9800
00923,群益台ESG低碳50,1057,171,886,元大證券,2024-11-06,9800
00942B,台新美A公司債20+,4944,4059,885,元大證券,2024-11-06,9800
00927,群益半導體收益,1425,546,879,元大證券,2024-11-06,9800
00952,凱基台灣AI50,1483,611,872,元大證券,2024-11-06,9800
2504,國產,900,37,863,元大證券,2024-11-06,9800
00773B,中信優先金融債,1867,1035,832,元大證券,2024-11-06,9800
00893,國泰智能電動車,1167,370,797,元大證券,2024-11-06,9800
2317,鴻海,2017,1224,793,元大證券,2024-11-06,9800
00940,元大台灣價值高息,8924,8132,792,元大證券,2024-11-06,9800
3231,緯創,3930,3214,716,元大證券,2024-11-06,9800
2412,中華電,735,21,714,元大證券,2024-11-06,9800
1815,富喬,3855,3159,696,元大證券,2024-11-06,9800
00881,國泰台灣5G+,4759,4088,671,元大證券,2024-11-06,9800
00891,中信關鍵半導體,3162,2499,663,元大證券,2024-11-06,9800
00917,中信特選金融,784,149,635,元大證券,2024-11-06,9800
00946,群益科技高息成長,2541,1906,635,元大證券,2024-11-06,9800
00897,富邦基因免疫生技,1367,746,621,元大證券,2024-11-06,9800
00772B,中信高評級公司債,4362,3752,610,元大證券,2024-11-06,9800
2615,萬海,2675,2071,604,元大證券,2024-11-06,9800
00956,中信日經高股息,1921,1326,595,元大證券,2024-11-06,9800
00888,永豐台灣ESG,727,133,594,元大證券,2024-11-06,9800
00761B,國泰A級公司債,649,68,581,元大證券,2024-11-06,9800
00637L,元大滬深300正2,56139,33994,22145,元大證券,2024-11-07,9800
00715L,期街口布蘭特正2,12695,1745,10950,元大證券,2024-11-07,9800
00882,中信中國高股息,9688,1238,8450,元大證券,2024-11-07,9800
00665L,富邦�琤肭磪囓�2,18410,10707,7703,元大證券,2024-11-07,9800
00632R,元大台灣50反1,61921,55921,6000,元大證券,2024-11-07,9800
00940,元大台灣價值高息,8322,2598,5724,元大證券,2024-11-07,9800
2610,華航,5562,1090,4472,元大證券,2024-11-07,9800
00929,復華台灣科技優息,4786,647,4139,元大證券,2024-11-07,9800
00936,台新永續高息中小,4443,310,4133,元大證券,2024-11-07,9800
00642U,期元大S＆P石油,3546,17,3529,元大證券,2024-11-07,9800
00939,統一台灣高息動能,4176,774,3402,元大證券,2024-11-07,9800
00650L,復華香港正2,10847,7497,3350,元大證券,2024-11-07,9800
00671R,富邦NASDAQ反1,5004,1660,3344,元大證券,2024-11-07,9800
00915,凱基優選高股息30,3571,414,3157,元大證券,2024-11-07,9800
2317,鴻海,4028,1054,2974,元大證券,2024-11-07,9800
00919,群益台灣精選高息,5324,2489,2835,元大證券,2024-11-07,9800
00676R,富邦臺灣加權反1,4647,1853,2794,元大證券,2024-11-07,9800
00946,群益科技高息成長,3441,1276,2165,元大證券,2024-11-07,9800
00881,國泰台灣5G+,3155,1064,2091,元大證券,2024-11-07,9800
00918,大華優利高填息30,3020,1054,1966,元大證券,2024-11-07,9800
00751B,元大AAA至A公司債,2254,584,1670,元大證券,2024-11-07,9800
0050,元大台灣50,2605,1143,1462,元大證券,2024-11-07,9800
00949,復華日本龍頭,1703,252,1451,元大證券,2024-11-07,9800
00938,凱基優選30,2258,811,1447,元大證券,2024-11-07,9800
3481,群創,3546,2154,1392,元大證券,2024-11-07,9800
00878,國泰永續高股息,7593,6252,1341,元大證券,2024-11-07,9800
00648R,元大S＆P500反1,1497,157,1340,元大證券,2024-11-07,9800
00952,凱基台灣AI50,1390,72,1318,元大證券,2024-11-07,9800
1802,台玻,1455,138,1317,元大證券,2024-11-07,9800
00907,永豐優息存股,1391,96,1295,元大證券,2024-11-07,9800
00631L,元大台灣50正2,3504,2236,1268,元大證券,2024-11-07,9800
2313,華通,3161,1901,1260,元大證券,2024-11-07,9800
00753L,中信中國50正2,6549,5372,1177,元大證券,2024-11-07,9800
00674R,期元大S＆P黃金反1,1142,69,1073,元大證券,2024-11-07,9800
2609,陽明,2306,1320,986,元大證券,2024-11-07,9800
2330,台積電,1641,667,974,元大證券,2024-11-07,9800
00934,中信成長高股息,1557,609,948,元大證券,2024-11-07,9800
00935,野村臺灣新科技50,1391,481,910,元大證券,2024-11-07,9800
00951,台新日本半導體,1598,702,896,元大證券,2024-11-07,9800
00923,群益台ESG低碳50,942,49,893,元大證券,2024-11-07,9800
00960,野村全球航運龍頭,1302,420,882,元大證券,2024-11-07,9800
00857B,永豐20年美公債,1472,639,833,元大證券,2024-11-07,9800
00945B,凱基美國非投等債,1978,1182,796,元大證券,2024-11-07,9800
00687B,國泰20年美債,7371,6585,786,元大證券,2024-11-07,9800
2312,金寶,6606,5821,785,元大證券,2024-11-07,9800
00639,富邦深100,1502,724,778,元大證券,2024-11-07,9800
00933B,國泰10Y+金融債,2350,1577,773,元大證券,2024-11-07,9800
00932,兆豐永續高息等權,1940,1201,739,元大證券,2024-11-07,9800
00772B,中信高評級公司債,940,249,691,元大證券,2024-11-07,9800
00900,富邦特選高股息30,1092,409,683,元大證券,2024-11-07,9800
00688L,國泰20年美債正2,14307,5051,9256,元大證券,2024-11-08,9800
00680L,元大美債20正2,26980,17942,9038,元大證券,2024-11-08,9800
00940,元大台灣價值高息,9083,1559,7524,元大證券,2024-11-08,9800
00671R,富邦NASDAQ反1,5661,788,4873,元大證券,2024-11-08,9800
00715L,期街口布蘭特正2,4993,712,4281,元大證券,2024-11-08,9800
2888,新光金,4876,630,4246,元大證券,2024-11-08,9800
00929,復華台灣科技優息,5254,2300,2954,元大證券,2024-11-08,9800
4916,事欣科,2955,102,2853,元大證券,2024-11-08,9800
00648R,元大S＆P500反1,2337,1,2336,元大證券,2024-11-08,9800
00939,統一台灣高息動能,3390,1157,2233,元大證券,2024-11-08,9800
00753L,中信中國50正2,12889,10668,2221,元大證券,2024-11-08,9800
0050,元大台灣50,3148,947,2201,元大證券,2024-11-08,9800
00631L,元大台灣50正2,2822,767,2055,元大證券,2024-11-08,9800
00931B,統一美債20年,2470,471,1999,元大證券,2024-11-08,9800
3231,緯創,4038,2125,1913,元大證券,2024-11-08,9800
00918,大華優利高填息30,3744,2158,1586,元大證券,2024-11-08,9800
00696B,富邦美債20年,2306,852,1454,元大證券,2024-11-08,9800
00887,永豐中國科技50大,4975,3581,1394,元大證券,2024-11-08,9800
2330,台積電,2142,779,1363,元大證券,2024-11-08,9800
00687B,國泰20年美債,11534,10179,1355,元大證券,2024-11-08,9800
00905,FT臺灣Smart,1463,118,1345,元大證券,2024-11-08,9800
00857B,永豐20年美公債,1669,325,1344,元大證券,2024-11-08,9800
00675L,富邦臺灣加權正2,2163,826,1337,元大證券,2024-11-08,9800
00642U,期元大S＆P石油,1218,30,1188,元大證券,2024-11-08,9800
2891,中信金,1772,623,1149,元大證券,2024-11-08,9800
2885,元大金,1512,395,1117,元大證券,2024-11-08,9800
1308,亞聚,1129,98,1031,元大證券,2024-11-08,9800
8215,明基材,1025,24,1001,元大證券,2024-11-08,9800
4904,遠傳,1092,97,995,元大證券,2024-11-08,9800
00877,復華中國5G,1389,486,903,元大證券,2024-11-08,9800
3706,神達,3648,2773,875,元大證券,2024-11-08,9800
00922,國泰台灣領袖50,2785,1924,861,元大證券,2024-11-08,9800
00650L,復華香港正2,10531,9678,853,元大證券,2024-11-08,9800
00923,群益台ESG低碳50,1008,196,812,元大證券,2024-11-08,9800
02001S,策元大加權策略N,758,0,758,元大證券,2024-11-08,9800
00959B,大華投等美債15Y+,1541,785,756,元大證券,2024-11-08,9800
00936,台新永續高息中小,1580,906,674,元大證券,2024-11-08,9800
00907,永豐優息存股,1027,381,646,元大證券,2024-11-08,9800
00951,台新日本半導體,1384,750,634,元大證券,2024-11-08,9800
3211,順達,1248,663,585,元大證券,2024-11-08,9800
2610,華航,1191,674,517,元大證券,2024-11-08,9800
00912,中信臺灣智慧50,533,24,509,元大證券,2024-11-08,9800
00686R,群益臺灣加權反1,499,1,498,元大證券,2024-11-08,9800
00674R,期元大S＆P黃金反1,615,140,475,元大證券,2024-11-08,9800
00881,國泰台灣5G+,1414,940,474,元大證券,2024-11-08,9800
00938,凱基優選30,1430,960,470,元大證券,2024-11-08,9800
00960,野村全球航運龍頭,791,346,445,元大證券,2024-11-08,9800
006208,富邦台50,1067,676,391,元大證券,2024-11-08,9800
2886,兆豐金,437,51,386,元大證券,2024-11-08,9800
006205,富邦上証,960,593,367,元大證券,2024-11-08,9800
00632R,元大台灣50反1,37745,16526,21219,元大證券,2024-11-11,9800
00688L,國泰20年美債正2,11359,3408,7951,元大證券,2024-11-11,9800
00937B,群益ESG投等債20,9919,3065,6854,元大證券,2024-11-11,9800
00929,復華台灣科技優息,7893,1634,6259,元大證券,2024-11-11,9800
00940,元大台灣價值高息,9403,4665,4738,元大證券,2024-11-11,9800
00637L,元大滬深300正2,31422,27412,4010,元大證券,2024-11-11,9800
00948B,中信優息投資級債,5317,1646,3671,元大證券,2024-11-11,9800
2888,新光金,2969,435,2534,元大證券,2024-11-11,9800
00882,中信中國高股息,4231,2131,2100,元大證券,2024-11-11,9800
00939,統一台灣高息動能,3081,1156,1925,元大證券,2024-11-11,9800
00959B,大華投等美債15Y+,2499,731,1768,元大證券,2024-11-11,9800
1402,遠東新,1803,130,1673,元大證券,2024-11-11,9800
00664R,國泰臺灣加權反1,4240,2569,1671,元大證券,2024-11-11,9800
00936,台新永續高息中小,2104,453,1651,元大證券,2024-11-11,9800
00887,永豐中國科技50大,6963,5358,1605,元大證券,2024-11-11,9800
00655L,國泰中國A50正2,4678,3075,1603,元大證券,2024-11-11,9800
00676R,富邦臺灣加權反1,2077,475,1602,元大證券,2024-11-11,9800
2324,仁寶,1958,383,1575,元大證券,2024-11-11,9800
00961,FT臺灣永續高息,1644,102,1542,元大證券,2024-11-11,9800
00951,台新日本半導體,2096,637,1459,元大證券,2024-11-11,9800
00942B,台新美A公司債20+,2268,817,1451,元大證券,2024-11-11,9800
2356,英業達,6326,4997,1329,元大證券,2024-11-11,9800
00772B,中信高評級公司債,1866,546,1320,元大證券,2024-11-11,9800
00651R,復華香港反1,1386,131,1255,元大證券,2024-11-11,9800
2845,遠東銀,1208,16,1192,元大證券,2024-11-11,9800
2618,長榮航,2226,1056,1170,元大證券,2024-11-11,9800
4904,遠傳,1084,18,1066,元大證券,2024-11-11,9800
2301,光寶科,1846,788,1058,元大證券,2024-11-11,9800
1101,台泥,1125,77,1048,元大證券,2024-11-11,9800
00633L,富邦上証正2,5686,4677,1009,元大證券,2024-11-11,9800
2887,台新金,1052,45,1007,元大證券,2024-11-11,9800
00957B,兆豐US優選投等債,976,0,976,元大證券,2024-11-11,9800
2890,永豐金,1021,150,871,元大證券,2024-11-11,9800
2885,元大金,893,79,814,元大證券,2024-11-11,9800
2317,鴻海,1536,764,772,元大證券,2024-11-11,9800
00877,復華中國5G,1377,644,733,元大證券,2024-11-11,9800
00643,群益深証中小,1608,876,732,元大證券,2024-11-11,9800
00919,群益台灣精選高息,7347,6623,724,元大證券,2024-11-11,9800
006205,富邦上証,1050,372,678,元大證券,2024-11-11,9800
00639,富邦深100,1521,862,659,元大證券,2024-11-11,9800
2486,一詮,2332,1681,651,元大證券,2024-11-11,9800
00941,中信上游半導體,682,44,638,元大證券,2024-11-11,9800
00857B,永豐20年美公債,1060,433,627,元大證券,2024-11-11,9800
2504,國產,649,28,621,元大證券,2024-11-11,9800
00696B,富邦美債20年,1460,850,610,元大證券,2024-11-11,9800
2881,富邦金,907,325,582,元大證券,2024-11-11,9800
0061,元大寶滬深,737,178,559,元大證券,2024-11-11,9800
2882,國泰金,897,351,546,元大證券,2024-11-11,9800
2105,正新,538,24,514,元大證券,2024-11-11,9800
00950B,凱基A級公司債,726,232,494,元大證券,2024-11-11,9800
00632R,元大台灣50反1,107999,7397,100602,元大證券,2024-11-12,9800
2888,新光金,19433,2769,16664,元大證券,2024-11-12,9800
00673R,期元大S＆P原油反1,14318,269,14049,元大證券,2024-11-12,9800
00937B,群益ESG投等債20,16848,4719,12129,元大證券,2024-11-12,9800
00959B,大華投等美債15Y+,3237,79,3158,元大證券,2024-11-12,9800
00688L,國泰20年美債正2,3758,1566,2192,元大證券,2024-11-12,9800
00895,富邦未來車,2181,12,2169,元大證券,2024-11-12,9800
00637L,元大滬深300正2,35772,33845,1927,元大證券,2024-11-12,9800
00957B,兆豐US優選投等債,1837,45,1792,元大證券,2024-11-12,9800
00676R,富邦臺灣加權反1,4989,3291,1698,元大證券,2024-11-12,9800
00949,復華日本龍頭,1875,196,1679,元大證券,2024-11-12,9800
00939,統一台灣高息動能,3317,1687,1630,元大證券,2024-11-12,9800
00706L,期元大S＆P日圓正2,2059,469,1590,元大證券,2024-11-12,9800
00712,復華富時不動產,2882,1402,1480,元大證券,2024-11-12,9800
00942B,台新美A公司債20+,2455,1009,1446,元大證券,2024-11-12,9800
1402,遠東新,2595,1298,1297,元大證券,2024-11-12,9800
00655L,國泰中國A50正2,4031,2751,1280,元大證券,2024-11-12,9800
020039,元大加權N,2160,1035,1125,元大證券,2024-11-12,9800
00713,元大台灣高息低波,5520,4410,1110,元大證券,2024-11-12,9800
2890,永豐金,3547,2618,929,元大證券,2024-11-12,9800
2885,元大金,2093,1292,801,元大證券,2024-11-12,9800
1605,華新,1564,805,759,元大證券,2024-11-12,9800
00639,富邦深100,1278,521,757,元大證券,2024-11-12,9800
00961,FT臺灣永續高息,1038,286,752,元大證券,2024-11-12,9800
2105,正新,1435,703,732,元大證券,2024-11-12,9800
1102,亞泥,1083,354,729,元大證券,2024-11-12,9800
2324,仁寶,2494,1786,708,元大證券,2024-11-12,9800
00936,台新永續高息中小,1000,317,683,元大證券,2024-11-12,9800
2027,大成鋼,787,159,628,元大證券,2024-11-12,9800
00636,國泰中國A50,1160,540,620,元大證券,2024-11-12,9800
00857B,永豐20年美公債,1081,510,571,元大證券,2024-11-12,9800
00892,富邦台灣半導體,801,238,563,元大證券,2024-11-12,9800
2610,華航,2167,1613,554,元大證券,2024-11-12,9800
00951,台新日本半導體,1125,576,549,元大證券,2024-11-12,9800
00670L,富邦NASDAQ正2,594,50,544,元大證券,2024-11-12,9800
4909,新復興,1779,1240,539,元大證券,2024-11-12,9800
00897,富邦基因免疫生技,480,1,479,元大證券,2024-11-12,9800
0061,元大寶滬深,476,14,462,元大證券,2024-11-12,9800
00645,富邦日本,501,68,433,元大證券,2024-11-12,9800
00674R,期元大S＆P黃金反1,548,120,428,元大證券,2024-11-12,9800
00651R,復華香港反1,613,223,390,元大證券,2024-11-12,9800
00917,中信特選金融,383,0,383,元大證券,2024-11-12,9800
2353,宏��,1108,737,371,元大證券,2024-11-12,9800
00901,永豐智能車供應鏈,490,144,346,元大證券,2024-11-12,9800
00902,中信電池及儲能,2059,1716,343,元大證券,2024-11-12,9800
4938,和碩,603,282,321,元大證券,2024-11-12,9800
00640L,富邦日本正2,488,169,319,元大證券,2024-11-12,9800
3036,文曄,494,181,313,元大證券,2024-11-12,9800
2347,聯強,632,325,307,元大證券,2024-11-12,9800
00903,富邦元宇宙,281,0,281,元大證券,2024-11-12,9800
00632R,元大台灣50反1,45825,21087,24738,元大證券,2024-11-13,9800
00637L,元大滬深300正2,35156,19618,15538,元大證券,2024-11-13,9800
00937B,群益ESG投等債20,16160,4905,11255,元大證券,2024-11-13,9800
2888,新光金,16814,6890,9924,元大證券,2024-11-13,9800
00673R,期元大S＆P原油反1,14905,6307,8598,元大證券,2024-11-13,9800
00753L,中信中國50正2,10408,3749,6659,元大證券,2024-11-13,9800
00929,復華台灣科技優息,8104,2221,5883,元大證券,2024-11-13,9800
00639,富邦深100,6850,1173,5677,元大證券,2024-11-13,9800
00948B,中信優息投資級債,8059,2400,5659,元大證券,2024-11-13,9800
00633L,富邦上証正2,5215,1887,3328,元大證券,2024-11-13,9800
00655L,國泰中國A50正2,4102,1427,2675,元大證券,2024-11-13,9800
00882,中信中國高股息,3933,1292,2641,元大證券,2024-11-13,9800
00650L,復華香港正2,9185,6743,2442,元大證券,2024-11-13,9800
00665L,富邦�琤肭磪囓�2,16851,14506,2345,元大證券,2024-11-13,9800
00918,大華優利高填息30,3491,1327,2164,元大證券,2024-11-13,9800
3706,神達,12890,10792,2098,元大證券,2024-11-13,9800
00636,國泰中國A50,3033,1078,1955,元大證券,2024-11-13,9800
00751B,元大AAA至A公司債,3488,1559,1929,元大證券,2024-11-13,9800
00940,元大台灣價值高息,4537,2871,1666,元大證券,2024-11-13,9800
00772B,中信高評級公司債,2444,929,1515,元大證券,2024-11-13,9800
00946,群益科技高息成長,1633,136,1497,元大證券,2024-11-13,9800
2891,中信金,4159,2672,1487,元大證券,2024-11-13,9800
020039,元大加權N,1497,31,1466,元大證券,2024-11-13,9800
00945B,凱基美國非投等債,1860,448,1412,元大證券,2024-11-13,9800
2610,華航,2037,815,1222,元大證券,2024-11-13,9800
00931B,統一美債20年,2728,1628,1100,元大證券,2024-11-13,9800
00936,台新永續高息中小,1745,676,1069,元大證券,2024-11-13,9800
6257,矽格,1020,53,967,元大證券,2024-11-13,9800
00722B,群益投資級電信債,1383,437,946,元大證券,2024-11-13,9800
00934,中信成長高股息,1245,371,874,元大證券,2024-11-13,9800
00909,國泰數位支付服務,907,107,800,元大證券,2024-11-13,9800
00887,永豐中國科技50大,4069,3271,798,元大證券,2024-11-13,9800
0061,元大寶滬深,1299,505,794,元大證券,2024-11-13,9800
00960,野村全球航運龍頭,897,112,785,元大證券,2024-11-13,9800
00773B,中信優先金融債,1474,691,783,元大證券,2024-11-13,9800
00959B,大華投等美債15Y+,1321,582,739,元大證券,2024-11-13,9800
00752,中信中國50,1453,737,716,元大證券,2024-11-13,9800
00950B,凱基A級公司債,2248,1536,712,元大證券,2024-11-13,9800
00877,復華中國5G,1527,850,677,元大證券,2024-11-13,9800
00720B,元大投資級公司債,2698,2065,633,元大證券,2024-11-13,9800
00674R,期元大S＆P黃金反1,633,21,612,元大證券,2024-11-13,9800
2885,元大金,1165,557,608,元大證券,2024-11-13,9800
6278,台表科,675,94,581,元大證券,2024-11-13,9800
00676R,富邦臺灣加權反1,1197,643,554,元大證券,2024-11-13,9800
00958B,永豐ESG銀行債15,1577,1033,544,元大證券,2024-11-13,9800
2105,正新,1269,734,535,元大證券,2024-11-13,9800
3211,順達,3578,3054,524,元大證券,2024-11-13,9800
00670L,富邦NASDAQ正2,559,52,507,元大證券,2024-11-13,9800
2324,仁寶,5339,4833,506,元大證券,2024-11-13,9800
6488,環球晶,515,14,501,元大證券,2024-11-13,9800
00632R,元大台灣50反1,94485,12412,82073,元大證券,2024-11-14,9800
00637L,元大滬深300正2,39822,16609,23213,元大證券,2024-11-14,9800
2317,鴻海,7314,2426,4888,元大證券,2024-11-14,9800
00963,中信全球高股息,5653,801,4852,元大證券,2024-11-14,9800
00633L,富邦上証正2,5565,1656,3909,元大證券,2024-11-14,9800
00753L,中信中國50正2,6988,4308,2680,元大證券,2024-11-14,9800
00676R,富邦臺灣加權反1,4357,2013,2344,元大證券,2024-11-14,9800
00639,富邦深100,2283,308,1975,元大證券,2024-11-14,9800
2324,仁寶,4376,2621,1755,元大證券,2024-11-14,9800
00931B,統一美債20年,2545,1028,1517,元大證券,2024-11-14,9800
2883,凱基金,3365,1983,1382,元大證券,2024-11-14,9800
9904,寶成,2814,1454,1360,元大證券,2024-11-14,9800
2618,長榮航,5584,4244,1340,元大證券,2024-11-14,9800
00751B,元大AAA至A公司債,2791,1473,1318,元大證券,2024-11-14,9800
00725B,國泰投資級公司債,2069,794,1275,元大證券,2024-11-14,9800
1402,遠東新,2832,1558,1274,元大證券,2024-11-14,9800
0061,元大寶滬深,1178,2,1176,元大證券,2024-11-14,9800
2504,國產,1543,400,1143,元大證券,2024-11-14,9800
00882,中信中國高股息,2203,1080,1123,元大證券,2024-11-14,9800
00885,富邦越南,1131,22,1109,元大證券,2024-11-14,9800
00720B,元大投資級公司債,1828,763,1065,元大證券,2024-11-14,9800
6278,台表科,1470,406,1064,元大證券,2024-11-14,9800
00662,富邦NASDAQ,1166,111,1055,元大證券,2024-11-14,9800
1605,華新,1407,385,1022,元大證券,2024-11-14,9800
2891,中信金,5427,4445,982,元大證券,2024-11-14,9800
1102,亞泥,1206,234,972,元大證券,2024-11-14,9800
6257,矽格,997,47,950,元大證券,2024-11-14,9800
00740B,富邦全球投等債,1570,639,931,元大證券,2024-11-14,9800
00945B,凱基美國非投等債,2291,1363,928,元大證券,2024-11-14,9800
2027,大成鋼,1153,262,891,元大證券,2024-11-14,9800
00655L,國泰中國A50正2,2617,1840,777,元大證券,2024-11-14,9800
2105,正新,1562,803,759,元大證券,2024-11-14,9800
00664R,國泰臺灣加權反1,2048,1322,726,元大證券,2024-11-14,9800
2356,英業達,2480,1768,712,元大證券,2024-11-14,9800
00752,中信中國50,1064,367,697,元大證券,2024-11-14,9800
00636,國泰中國A50,1278,634,644,元大證券,2024-11-14,9800
00895,富邦未來車,783,154,629,元大證券,2024-11-14,9800
00712,復華富時不動產,2297,1695,602,元大證券,2024-11-14,9800
00902,中信電池及儲能,931,344,587,元大證券,2024-11-14,9800
020039,元大加權N,702,128,574,元大證券,2024-11-14,9800
00674R,期元大S＆P黃金反1,593,28,565,元大證券,2024-11-14,9800
00887,永豐中國科技50大,2800,2239,561,元大證券,2024-11-14,9800
00722B,群益投資級電信債,870,339,531,元大證券,2024-11-14,9800
1303,南亞,1198,670,528,元大證券,2024-11-14,9800
2886,兆豐金,2941,2418,523,元大證券,2024-11-14,9800
2887,台新金,1235,722,513,元大證券,2024-11-14,9800
00772B,中信高評級公司債,925,415,510,元大證券,2024-11-14,9800
00941,中信上游半導體,1369,867,502,元大證券,2024-11-14,9800
4938,和碩,1026,532,494,元大證券,2024-11-14,9800
00936,台新永續高息中小,1191,711,480,元大證券,2024-11-14,9800
00680L,元大美債20正2,18431,2703,15728,元大證券,2024-11-15,9800
00679B,元大美債20年,17695,10158,7537,元大證券,2024-11-15,9800
00953B,群益優選非投等債,6396,373,6023,元大證券,2024-11-15,9800
00688L,國泰20年美債正2,8924,3096,5828,元大證券,2024-11-15,9800
00632R,元大台灣50反1,20311,14781,5530,元大證券,2024-11-15,9800
00919,群益台灣精選高息,7432,2672,4760,元大證券,2024-11-15,9800
00940,元大台灣價值高息,6815,2174,4641,元大證券,2024-11-15,9800
00637L,元大滬深300正2,34404,30599,3805,元大證券,2024-11-15,9800
2354,鴻準,13659,10186,3473,元大證券,2024-11-15,9800
00665L,富邦�琤肭磪囓�2,17400,13942,3458,元大證券,2024-11-15,9800
00937B,群益ESG投等債20,13047,9599,3448,元大證券,2024-11-15,9800
00936,台新永續高息中小,3357,33,3324,元大證券,2024-11-15,9800
2891,中信金,4212,1196,3016,元大證券,2024-11-15,9800
00929,復華台灣科技優息,6209,3465,2744,元大證券,2024-11-15,9800
00753L,中信中國50正2,8735,6028,2707,元大證券,2024-11-15,9800
00639,富邦深100,2409,327,2082,元大證券,2024-11-15,9800
00963,中信全球高股息,2189,307,1882,元大證券,2024-11-15,9800
00636,國泰中國A50,2123,254,1869,元大證券,2024-11-15,9800
2504,國產,1853,153,1700,元大證券,2024-11-15,9800
00939,統一台灣高息動能,1974,313,1661,元大證券,2024-11-15,9800
00958B,永豐ESG銀行債15,1535,54,1481,元大證券,2024-11-15,9800
2610,華航,3813,2410,1403,元大證券,2024-11-15,9800
00964,中信亞太高股息,2033,703,1330,元大證券,2024-11-15,9800
00676R,富邦臺灣加權反1,2966,1662,1304,元大證券,2024-11-15,9800
00957B,兆豐US優選投等債,1304,3,1301,元大證券,2024-11-15,9800
00959B,大華投等美債15Y+,1645,487,1158,元大證券,2024-11-15,9800
00946,群益科技高息成長,2118,1058,1060,元大證券,2024-11-15,9800
0050,元大台灣50,1623,569,1054,元大證券,2024-11-15,9800
00673R,期元大S＆P原油反1,2586,1563,1023,元大證券,2024-11-15,9800
00945B,凱基美國非投等債,2771,1754,1017,元大證券,2024-11-15,9800
00907,永豐優息存股,1083,67,1016,元大證券,2024-11-15,9800
9105,泰金寶-DR,17084,16077,1007,元大證券,2024-11-15,9800
00662,富邦NASDAQ,1656,657,999,元大證券,2024-11-15,9800
00887,永豐中國科技50大,2845,1881,964,元大證券,2024-11-15,9800
00773B,中信優先金融債,1644,708,936,元大證券,2024-11-15,9800
00772B,中信高評級公司債,1988,1061,927,元大證券,2024-11-15,9800
00918,大華優利高填息30,2768,1848,920,元大證券,2024-11-15,9800
3706,神達,11632,10759,873,元大證券,2024-11-15,9800
2882,國泰金,1791,930,861,元大證券,2024-11-15,9800
3231,緯創,2395,1536,859,元大證券,2024-11-15,9800
00674R,期元大S＆P黃金反1,914,64,850,元大證券,2024-11-15,9800
2330,台積電,1264,450,814,元大證券,2024-11-15,9800
9904,寶成,1314,569,745,元大證券,2024-11-15,9800
1504,東元,965,228,737,元大證券,2024-11-15,9800
00895,富邦未來車,902,174,728,元大證券,2024-11-15,9800
00938,凱基優選30,1945,1221,724,元大證券,2024-11-15,9800
00923,群益台ESG低碳50,956,237,719,元大證券,2024-11-15,9800
00934,中信成長高股息,1760,1051,709,元大證券,2024-11-15,9800
3711,日月光投控,1532,857,675,元大證券,2024-11-15,9800
020039,元大加權N,637,17,620,元大證券,2024-11-15,9800
00632R,元大台灣50反1,43289,7798,35491,元大證券,2024-11-18,9800
2610,華航,30217,1656,28561,元大證券,2024-11-18,9800
9904,寶成,13985,1233,12752,元大證券,2024-11-18,9800
2834,臺企銀,12113,613,11500,元大證券,2024-11-18,9800
00637L,元大滬深300正2,33084,22336,10748,元大證券,2024-11-18,9800
2891,中信金,9198,1624,7574,元大證券,2024-11-18,9800
00882,中信中國高股息,5345,922,4423,元大證券,2024-11-18,9800
2915,潤泰全,5336,1143,4193,元大證券,2024-11-18,9800
3036,文曄,4153,342,3811,元大證券,2024-11-18,9800
00671R,富邦NASDAQ反1,2785,90,2695,元大證券,2024-11-18,9800
00650L,復華香港正2,8849,6211,2638,元大證券,2024-11-18,9800
00753L,中信中國50正2,6501,3874,2627,元大證券,2024-11-18,9800
00664R,國泰臺灣加權反1,3554,1048,2506,元大證券,2024-11-18,9800
2890,永豐金,3607,1374,2233,元大證券,2024-11-18,9800
2888,新光金,2573,354,2219,元大證券,2024-11-18,9800
2458,義隆,2220,129,2091,元大證券,2024-11-18,9800
2886,兆豐金,2453,450,2003,元大證券,2024-11-18,9800
00639,富邦深100,2361,439,1922,元大證券,2024-11-18,9800
00636,國泰中國A50,1947,264,1683,元大證券,2024-11-18,9800
2324,仁寶,3777,2200,1577,元大證券,2024-11-18,9800
2885,元大金,1877,324,1553,元大證券,2024-11-18,9800
8299,群聯,1545,85,1460,元大證券,2024-11-18,9800
2439,美律,1606,162,1444,元大證券,2024-11-18,9800
2393,億光,1428,76,1352,元大證券,2024-11-18,9800
1402,遠東新,2421,1110,1311,元大證券,2024-11-18,9800
00936,台新永續高息中小,1334,191,1143,元大證券,2024-11-18,9800
5876,上海商銀,1596,575,1021,元大證券,2024-11-18,9800
00963,中信全球高股息,1232,222,1010,元大證券,2024-11-18,9800
00946,群益科技高息成長,1706,731,975,元大證券,2024-11-18,9800
2845,遠東銀,970,15,955,元大證券,2024-11-18,9800
1216,統一,1340,433,907,元大證券,2024-11-18,9800
1303,南亞,1145,241,904,元大證券,2024-11-18,9800
2404,漢唐,984,92,892,元大證券,2024-11-18,9800
1102,亞泥,998,195,803,元大證券,2024-11-18,9800
00633L,富邦上証正2,4657,3873,784,元大證券,2024-11-18,9800
00641R,富邦日本反1,750,2,748,元大證券,2024-11-18,9800
00933B,國泰10Y+金融債,4019,3277,742,元大證券,2024-11-18,9800
2353,宏��,868,144,724,元大證券,2024-11-18,9800
5483,中美晶,718,66,652,元大證券,2024-11-18,9800
2002,中鋼,947,329,618,元大證券,2024-11-18,9800
2884,玉山金,1808,1194,614,元大證券,2024-11-18,9800
2105,正新,3998,3394,604,元大證券,2024-11-18,9800
2382,廣達,1955,1359,596,元大證券,2024-11-18,9800
00674R,期元大S＆P黃金反1,624,46,578,元大證券,2024-11-18,9800
00680L,元大美債20正2,5242,4685,557,元大證券,2024-11-18,9800
0052,富邦科技,724,173,551,元大證券,2024-11-18,9800
00956,中信日經高股息,856,308,548,元大證券,2024-11-18,9800
00900,富邦特選高股息30,1179,640,539,元大證券,2024-11-18,9800
00646,元大S＆P500,669,175,494,元大證券,2024-11-18,9800
5880,合庫金,710,223,487,元大證券,2024-11-18,9800
2610,華航,48915,1191,47724,元大證券,2024-11-19,9800
1402,遠東新,26394,532,25862,元大證券,2024-11-19,9800
9904,寶成,22172,753,21419,元大證券,2024-11-19,9800
00715L,期街口布蘭特正2,20307,769,19538,元大證券,2024-11-19,9800
00753L,中信中國50正2,6957,2309,4648,元大證券,2024-11-19,9800
00650L,復華香港正2,5961,1383,4578,元大證券,2024-11-19,9800
00940,元大台灣價值高息,5320,2052,3268,元大證券,2024-11-19,9800
2317,鴻海,3579,642,2937,元大證券,2024-11-19,9800
00929,復華台灣科技優息,9292,6361,2931,元大證券,2024-11-19,9800
00642U,期元大S＆P石油,3157,491,2666,元大證券,2024-11-19,9800
00948B,中信優息投資級債,4239,1630,2609,元大證券,2024-11-19,9800
00881,國泰台灣5G+,2971,573,2398,元大證券,2024-11-19,9800
00671R,富邦NASDAQ反1,2798,515,2283,元大證券,2024-11-19,9800
2379,瑞昱,2182,78,2104,元大證券,2024-11-19,9800
3706,神達,8182,6118,2064,元大證券,2024-11-19,9800
00669R,國泰美國道瓊反1,1927,0,1927,元大證券,2024-11-19,9800
00680L,元大美債20正2,7340,5448,1892,元大證券,2024-11-19,9800
00946,群益科技高息成長,2639,789,1850,元大證券,2024-11-19,9800
00900,富邦特選高股息30,1893,72,1821,元大證券,2024-11-19,9800
00934,中信成長高股息,1981,183,1798,元大證券,2024-11-19,9800
2354,鴻準,6034,4382,1652,元大證券,2024-11-19,9800
00655L,國泰中國A50正2,3833,2362,1471,元大證券,2024-11-19,9800
00688L,國泰20年美債正2,4561,3120,1441,元大證券,2024-11-19,9800
0050,元大台灣50,2135,756,1379,元大證券,2024-11-19,9800
2330,台積電,1737,510,1227,元大證券,2024-11-19,9800
2890,永豐金,1718,577,1141,元大證券,2024-11-19,9800
3231,緯創,2565,1518,1047,元大證券,2024-11-19,9800
00639,富邦深100,1405,404,1001,元大證券,2024-11-19,9800
00936,台新永續高息中小,2955,1958,997,元大證券,2024-11-19,9800
4729,熒茂,1397,408,989,元大證券,2024-11-19,9800
5483,中美晶,1015,80,935,元大證券,2024-11-19,9800
2888,新光金,1213,279,934,元大證券,2024-11-19,9800
2409,友達,1383,504,879,元大證券,2024-11-19,9800
00904,新光臺灣半導體30,880,18,862,元大證券,2024-11-19,9800
2002,中鋼,1111,254,857,元大證券,2024-11-19,9800
00891,中信關鍵半導體,2292,1448,844,元大證券,2024-11-19,9800
00634R,富邦上証反1,875,40,835,元大證券,2024-11-19,9800
2504,國產,983,156,827,元大證券,2024-11-19,9800
00679B,元大美債20年,8182,7356,826,元大證券,2024-11-19,9800
00648R,元大S＆P500反1,877,64,813,元大證券,2024-11-19,9800
1216,統一,971,161,810,元大證券,2024-11-19,9800
00939,統一台灣高息動能,1352,568,784,元大證券,2024-11-19,9800
00938,凱基優選30,1102,321,781,元大證券,2024-11-19,9800
2633,台灣高鐵,796,16,780,元大證券,2024-11-19,9800
2356,英業達,1231,467,764,元大證券,2024-11-19,9800
00944,野村趨勢動能高息,1018,276,742,元大證券,2024-11-19,9800
1303,南亞,755,31,724,元大證券,2024-11-19,9800
2455,全新,892,170,722,元大證券,2024-11-19,9800
3045,台灣大,908,190,718,元大證券,2024-11-19,9800
2881,富邦金,1128,411,717,元大證券,2024-11-19,9800
00632R,元大台灣50反1,73520,11197,62323,元大證券,2024-11-20,9800
9904,寶成,13971,282,13689,元大證券,2024-11-20,9800
00679B,元大美債20年,13494,4850,8644,元大證券,2024-11-20,9800
00680L,元大美債20正2,8097,4411,3686,元大證券,2024-11-20,9800
00937B,群益ESG投等債20,6940,3581,3359,元大證券,2024-11-20,9800
2888,新光金,4841,1927,2914,元大證券,2024-11-20,9800
00953B,群益優選非投等債,5240,2473,2767,元大證券,2024-11-20,9800
00772B,中信高評級公司債,2953,328,2625,元大證券,2024-11-20,9800
00688L,國泰20年美債正2,5487,2918,2569,元大證券,2024-11-20,9800
2891,中信金,6527,4046,2481,元大證券,2024-11-20,9800
2357,華碩,2655,186,2469,元大證券,2024-11-20,9800
00676R,富邦臺灣加權反1,3572,1375,2197,元大證券,2024-11-20,9800
00933B,國泰10Y+金融債,2549,427,2122,元大證券,2024-11-20,9800
00952,凱基台灣AI50,3666,1577,2089,元大證券,2024-11-20,9800
00720B,元大投資級公司債,2775,688,2087,元大證券,2024-11-20,9800
00887,永豐中國科技50大,2640,760,1880,元大證券,2024-11-20,9800
00885,富邦越南,2440,611,1829,元大證券,2024-11-20,9800
2609,陽明,7727,5966,1761,元大證券,2024-11-20,9800
2379,瑞昱,1718,48,1670,元大證券,2024-11-20,9800
00945B,凱基美國非投等債,1756,154,1602,元大證券,2024-11-20,9800
2603,長榮,2652,1099,1553,元大證券,2024-11-20,9800
2330,台積電,2136,603,1533,元大證券,2024-11-20,9800
2801,彰銀,1781,330,1451,元大證券,2024-11-20,9800
00637L,元大滬深300正2,21884,20468,1416,元大證券,2024-11-20,9800
5483,中美晶,1568,153,1415,元大證券,2024-11-20,9800
8104,錸寶,1442,152,1290,元大證券,2024-11-20,9800
00957B,兆豐US優選投等債,1653,410,1243,元大證券,2024-11-20,9800
00951,台新日本半導體,1991,762,1229,元大證券,2024-11-20,9800
2886,兆豐金,1553,326,1227,元大證券,2024-11-20,9800
00773B,中信優先金融債,1356,142,1214,元大證券,2024-11-20,9800
00692,富邦公司治理,1514,343,1171,元大證券,2024-11-20,9800
2504,國產,1235,78,1157,元大證券,2024-11-20,9800
2474,可成,1238,157,1081,元大證券,2024-11-20,9800
00903,富邦元宇宙,1230,228,1002,元大證券,2024-11-20,9800
00669R,國泰美國道瓊反1,987,0,987,元大證券,2024-11-20,9800
00958B,永豐ESG銀行債15,2193,1266,927,元大證券,2024-11-20,9800
00939,統一台灣高息動能,2440,1524,916,元大證券,2024-11-20,9800
00960,野村全球航運龍頭,2435,1533,902,元大證券,2024-11-20,9800
9105,泰金寶-DR,4084,3208,876,元大證券,2024-11-20,9800
5880,合庫金,1163,340,823,元大證券,2024-11-20,9800
5876,上海商銀,1045,229,816,元大證券,2024-11-20,9800
00938,凱基優選30,901,112,789,元大證券,2024-11-20,9800
00940,元大台灣價值高息,5867,5088,779,元大證券,2024-11-20,9800
00901,永豐智能車供應鏈,1060,287,773,元大證券,2024-11-20,9800
2887,台新金,1928,1160,768,元大證券,2024-11-20,9800
00918,大華優利高填息30,1816,1059,757,元大證券,2024-11-20,9800
2890,永豐金,1539,791,748,元大證券,2024-11-20,9800
00633L,富邦上証正2,3273,2558,715,元大證券,2024-11-20,9800
00722B,群益投資級電信債,694,36,658,元大證券,2024-11-20,9800
00715L,期街口布蘭特正2,1590,933,657,元大證券,2024-11-20,9800
00632R,元大台灣50反1,73380,2029,71351,元大證券,2024-11-21,9800
9904,寶成,15863,682,15181,元大證券,2024-11-21,9800
00937B,群益ESG投等債20,11869,2225,9644,元大證券,2024-11-21,9800
00664R,國泰臺灣加權反1,9179,183,8996,元大證券,2024-11-21,9800
00929,復華台灣科技優息,7789,1655,6134,元大證券,2024-11-21,9800
00676R,富邦臺灣加權反1,5579,301,5278,元大證券,2024-11-21,9800
2881,富邦金,5749,569,5180,元大證券,2024-11-21,9800
00919,群益台灣精選高息,6110,3282,2828,元大證券,2024-11-21,9800
2880,華南金,3504,739,2765,元大證券,2024-11-21,9800
00948B,中信優息投資級債,4949,2382,2567,元大證券,2024-11-21,9800
3706,神達,11376,8949,2427,元大證券,2024-11-21,9800
00753L,中信中國50正2,5938,3528,2410,元大證券,2024-11-21,9800
00939,統一台灣高息動能,2563,474,2089,元大證券,2024-11-21,9800
00665L,富邦�琤肭磪囓�2,6717,4742,1975,元大證券,2024-11-21,9800
00638R,元大滬深300反1,1702,61,1641,元大證券,2024-11-21,9800
00942B,台新美A公司債20+,2061,503,1558,元大證券,2024-11-21,9800
00946,群益科技高息成長,1983,452,1531,元大證券,2024-11-21,9800
00650L,復華香港正2,3893,2367,1526,元大證券,2024-11-21,9800
00706L,期元大S＆P日圓正2,3360,1889,1471,元大證券,2024-11-21,9800
2379,瑞昱,1523,99,1424,元大證券,2024-11-21,9800
00936,台新永續高息中小,1502,142,1360,元大證券,2024-11-21,9800
00686R,群益臺灣加權反1,1325,0,1325,元大證券,2024-11-21,9800
00881,國泰台灣5G+,2526,1315,1211,元大證券,2024-11-21,9800
2609,陽明,6375,5235,1140,元大證券,2024-11-21,9800
00725B,國泰投資級公司債,1321,209,1112,元大證券,2024-11-21,9800
00941,中信上游半導體,1251,159,1092,元大證券,2024-11-21,9800
5483,中美晶,1090,49,1041,元大證券,2024-11-21,9800
00934,中信成長高股息,1483,443,1040,元大證券,2024-11-21,9800
00720B,元大投資級公司債,1712,675,1037,元大證券,2024-11-21,9800
00696B,富邦美債20年,1766,770,996,元大證券,2024-11-21,9800
2845,遠東銀,1092,174,918,元大證券,2024-11-21,9800
1815,富喬,3400,2520,880,元大證券,2024-11-21,9800
2474,可成,1190,426,764,元大證券,2024-11-21,9800
00642U,期元大S＆P石油,1085,330,755,元大證券,2024-11-21,9800
00639,富邦深100,974,239,735,元大證券,2024-11-21,9800
00891,中信關鍵半導體,1607,920,687,元大證券,2024-11-21,9800
00643,群益深証中小,804,153,651,元大證券,2024-11-21,9800
00636,國泰中國A50,823,176,647,元大證券,2024-11-21,9800
00882,中信中國高股息,1405,765,640,元大證券,2024-11-21,9800
00669R,國泰美國道瓊反1,639,0,639,元大證券,2024-11-21,9800
00949,復華日本龍頭,749,141,608,元大證券,2024-11-21,9800
00772B,中信高評級公司債,1076,470,606,元大證券,2024-11-21,9800
6143,振曜,866,290,576,元大證券,2024-11-21,9800
2312,金寶,5097,4530,567,元大證券,2024-11-21,9800
00885,富邦越南,950,402,548,元大證券,2024-11-21,9800
00641R,富邦日本反1,633,94,539,元大證券,2024-11-21,9800
00713,元大台灣高息低波,1514,1005,509,元大證券,2024-11-21,9800
4904,遠傳,658,166,492,元大證券,2024-11-21,9800
2504,國產,625,173,452,元大證券,2024-11-21,9800
00712,復華富時不動產,632,214,418,元大證券,2024-11-21,9800
2610,華航,37146,1733,35413,元大證券,2024-11-22,9800
9904,寶成,22833,199,22634,元大證券,2024-11-22,9800
00680L,元大美債20正2,17526,2206,15320,元大證券,2024-11-22,9800
00715L,期街口布蘭特正2,14605,722,13883,元大證券,2024-11-22,9800
00688L,國泰20年美債正2,9432,1711,7721,元大證券,2024-11-22,9800
00669R,國泰美國道瓊反1,7827,117,7710,元大證券,2024-11-22,9800
00940,元大台灣價值高息,6525,2252,4273,元大證券,2024-11-22,9800
00676R,富邦臺灣加權反1,5543,1425,4118,元大證券,2024-11-22,9800
2881,富邦金,3742,226,3516,元大證券,2024-11-22,9800
00929,復華台灣科技優息,5787,2294,3493,元大證券,2024-11-22,9800
00706L,期元大S＆P日圓正2,3677,405,3272,元大證券,2024-11-22,9800
2330,台積電,3561,423,3138,元大證券,2024-11-22,9800
00939,統一台灣高息動能,3343,916,2427,元大證券,2024-11-22,9800
00642U,期元大S＆P石油,2278,155,2123,元大證券,2024-11-22,9800
8299,群聯,2492,393,2099,元大證券,2024-11-22,9800
00935,野村臺灣新科技50,2505,586,1919,元大證券,2024-11-22,9800
00922,國泰台灣領袖50,2758,1128,1630,元大證券,2024-11-22,9800
2888,新光金,2329,820,1509,元大證券,2024-11-22,9800
1802,台玻,4177,2701,1476,元大證券,2024-11-22,9800
2392,正崴,1466,5,1461,元大證券,2024-11-22,9800
2890,永豐金,1699,292,1407,元大證券,2024-11-22,9800
00952,凱基台灣AI50,1901,589,1312,元大證券,2024-11-22,9800
00918,大華優利高填息30,2260,985,1275,元大證券,2024-11-22,9800
00932,兆豐永續高息等權,1363,168,1195,元大證券,2024-11-22,9800
00665L,富邦�琤肭磪囓�2,14506,13319,1187,元大證券,2024-11-22,9800
00934,中信成長高股息,1786,604,1182,元大證券,2024-11-22,9800
00927,群益半導體收益,1648,531,1117,元大證券,2024-11-22,9800
00900,富邦特選高股息30,1349,290,1059,元大證券,2024-11-22,9800
00936,台新永續高息中小,1698,654,1044,元大證券,2024-11-22,9800
00919,群益台灣精選高息,5753,4722,1031,元大證券,2024-11-22,9800
2404,漢唐,1104,84,1020,元大證券,2024-11-22,9800
00923,群益台ESG低碳50,1089,71,1018,元大證券,2024-11-22,9800
2354,鴻準,4952,3982,970,元大證券,2024-11-22,9800
2891,中信金,1751,904,847,元大證券,2024-11-22,9800
5483,中美晶,851,15,836,元大證券,2024-11-22,9800
0050,元大台灣50,1351,574,777,元大證券,2024-11-22,9800
2371,大同,3246,2482,764,元大證券,2024-11-22,9800
00631L,元大台灣50正2,1747,990,757,元大證券,2024-11-22,9800
2884,玉山金,986,251,735,元大證券,2024-11-22,9800
00795B,中信美國公債20年,1773,1137,636,元大證券,2024-11-22,9800
00671R,富邦NASDAQ反1,1528,919,609,元大證券,2024-11-22,9800
00651R,復華香港反1,849,247,602,元大證券,2024-11-22,9800
00891,中信關鍵半導體,1540,970,570,元大證券,2024-11-22,9800
00687B,國泰20年美債,5964,5394,570,元大證券,2024-11-22,9800
5880,合庫金,634,78,556,元大證券,2024-11-22,9800
2312,金寶,7875,7364,511,元大證券,2024-11-22,9800
2634,漢翔,579,68,511,元大證券,2024-11-22,9800
00648R,元大S＆P500反1,510,0,510,元大證券,2024-11-22,9800
5876,上海商銀,567,73,494,元大證券,2024-11-22,9800
00931B,統一美債20年,1847,1373,474,元大證券,2024-11-22,9800
00632R,元大台灣50反1,36016,15222,20794,元大證券,2024-11-25,9800
00688L,國泰20年美債正2,7872,1257,6615,元大證券,2024-11-25,9800
2891,中信金,6725,1166,5559,元大證券,2024-11-25,9800
2883,凱基金,5478,907,4571,元大證券,2024-11-25,9800
2330,台積電,5147,922,4225,元大證券,2024-11-25,9800
00937B,群益ESG投等債20,5802,2106,3696,元大證券,2024-11-25,9800
00687B,國泰20年美債,7961,4450,3511,元大證券,2024-11-25,9800
00636,國泰中國A50,3460,202,3258,元大證券,2024-11-25,9800
00664R,國泰臺灣加權反1,5628,2507,3121,元大證券,2024-11-25,9800
00680L,元大美債20正2,5497,2422,3075,元大證券,2024-11-25,9800
00650L,復華香港正2,5479,2546,2933,元大證券,2024-11-25,9800
00715L,期街口布蘭特正2,5882,3008,2874,元大證券,2024-11-25,9800
00882,中信中國高股息,3626,756,2870,元大證券,2024-11-25,9800
2002,中鋼,3040,194,2846,元大證券,2024-11-25,9800
00639,富邦深100,3350,528,2822,元大證券,2024-11-25,9800
2892,第一金,2667,127,2540,元大證券,2024-11-25,9800
2603,長榮,3894,1378,2516,元大證券,2024-11-25,9800
00952,凱基台灣AI50,2351,0,2351,元大證券,2024-11-25,9800
00934,中信成長高股息,2335,39,2296,元大證券,2024-11-25,9800
00939,統一台灣高息動能,2374,123,2251,元大證券,2024-11-25,9800
00943,兆豐電子高息等權,2876,943,1933,元大證券,2024-11-25,9800
00671R,富邦NASDAQ反1,1978,56,1922,元大證券,2024-11-25,9800
5880,合庫金,1850,10,1840,元大證券,2024-11-25,9800
2884,玉山金,1993,182,1811,元大證券,2024-11-25,9800
00752,中信中國50,1929,131,1798,元大證券,2024-11-25,9800
2886,兆豐金,1883,266,1617,元大證券,2024-11-25,9800
2458,義隆,1596,33,1563,元大證券,2024-11-25,9800
1802,台玻,3892,2367,1525,元大證券,2024-11-25,9800
00642U,期元大S＆P石油,1465,12,1453,元大證券,2024-11-25,9800
3231,緯創,4435,3110,1325,元大證券,2024-11-25,9800
00857B,永豐20年美公債,1836,614,1222,元大證券,2024-11-25,9800
00938,凱基優選30,1213,30,1183,元大證券,2024-11-25,9800
00936,台新永續高息中小,1139,55,1084,元大證券,2024-11-25,9800
00764B,群益25年美債,1569,508,1061,元大證券,2024-11-25,9800
00949,復華日本龍頭,1558,504,1054,元大證券,2024-11-25,9800
3481,群創,1495,442,1053,元大證券,2024-11-25,9800
1303,南亞,1085,42,1043,元大證券,2024-11-25,9800
00708L,期元大S＆P黃金正2,1291,252,1039,元大證券,2024-11-25,9800
2882,國泰金,1274,243,1031,元大證券,2024-11-25,9800
00931B,統一美債20年,1652,660,992,元大證券,2024-11-25,9800
2498,宏達電,1761,792,969,元大證券,2024-11-25,9800
00641R,富邦日本反1,1073,106,967,元大證券,2024-11-25,9800
00643,群益深証中小,1686,726,960,元大證券,2024-11-25,9800
2365,昆盈,1034,107,927,元大證券,2024-11-25,9800
00946,群益科技高息成長,1237,317,920,元大證券,2024-11-25,9800
2881,富邦金,1078,200,878,元大證券,2024-11-25,9800
2880,華南金,932,70,862,元大證券,2024-11-25,9800
1301,台塑,924,64,860,元大證券,2024-11-25,9800
2885,元大金,919,129,790,元大證券,2024-11-25,9800
00942B,台新美A公司債20+,1654,905,749,元大證券,2024-11-25,9800
00632R,元大台灣50反1,60095,10362,49733,元大證券,2024-11-26,9800
00680L,元大美債20正2,21068,6000,15068,元大證券,2024-11-26,9800
00937B,群益ESG投等債20,20061,7936,12125,元大證券,2024-11-26,9800
00948B,中信優息投資級債,12300,3104,9196,元大證券,2024-11-26,9800
00673R,期元大S＆P原油反1,7456,758,6698,元大證券,2024-11-26,9800
00688L,國泰20年美債正2,6295,1360,4935,元大證券,2024-11-26,9800
2887,台新金,8505,3681,4824,元大證券,2024-11-26,9800
00965,元大航太防衛科技,4992,258,4734,元大證券,2024-11-26,9800
00676R,富邦臺灣加權反1,4105,283,3822,元大證券,2024-11-26,9800
2892,第一金,3668,88,3580,元大證券,2024-11-26,9800
2891,中信金,6006,2536,3470,元大證券,2024-11-26,9800
00679B,元大美債20年,12808,10151,2657,元大證券,2024-11-26,9800
00857B,永豐20年美公債,3036,557,2479,元大證券,2024-11-26,9800
00687B,國泰20年美債,14156,11899,2257,元大證券,2024-11-26,9800
00686R,群益臺灣加權反1,2117,0,2117,元大證券,2024-11-26,9800
00933B,國泰10Y+金融債,7850,5925,1925,元大證券,2024-11-26,9800
00941,中信上游半導體,2242,408,1834,元大證券,2024-11-26,9800
2886,兆豐金,1903,201,1702,元大證券,2024-11-26,9800
00931B,統一美債20年,2823,1301,1522,元大證券,2024-11-26,9800
1802,台玻,1917,916,1001,元大證券,2024-11-26,9800
2332,友訊,1159,164,995,元大證券,2024-11-26,9800
00664R,國泰臺灣加權反1,2081,1151,930,元大證券,2024-11-26,9800
00725B,國泰投資級公司債,2564,1717,847,元大證券,2024-11-26,9800
00773B,中信優先金融債,807,13,794,元大證券,2024-11-26,9800
00636,國泰中國A50,1027,234,793,元大證券,2024-11-26,9800
00650L,復華香港正2,4869,4114,755,元大證券,2024-11-26,9800
2376,技嘉,853,207,646,元大證券,2024-11-26,9800
00639,富邦深100,1066,424,642,元大證券,2024-11-26,9800
1815,富喬,11412,10779,633,元大證券,2024-11-26,9800
00897,富邦基因免疫生技,636,13,623,元大證券,2024-11-26,9800
2208,台船,571,13,558,元大證券,2024-11-26,9800
00696B,富邦美債20年,2536,1979,557,元大證券,2024-11-26,9800
3045,台灣大,563,30,533,元大證券,2024-11-26,9800
3450,聯鈞,1919,1413,506,元大證券,2024-11-26,9800
00712,復華富時不動產,1725,1230,495,元大證券,2024-11-26,9800
00903,富邦元宇宙,503,13,490,元大證券,2024-11-26,9800
3034,聯詠,582,97,485,元大證券,2024-11-26,9800
00949,復華日本龍頭,1331,884,447,元大證券,2024-11-26,9800
00885,富邦越南,507,76,431,元大證券,2024-11-26,9800
00641R,富邦日本反1,463,49,414,元大證券,2024-11-26,9800
2845,遠東銀,507,107,400,元大證券,2024-11-26,9800
4904,遠傳,422,33,389,元大證券,2024-11-26,9800
00772B,中信高評級公司債,3448,3082,366,元大證券,2024-11-26,9800
00753L,中信中國50正2,6063,5702,361,元大證券,2024-11-26,9800
5309,系統電,5811,5454,357,元大證券,2024-11-26,9800
2412,中華電,369,24,345,元大證券,2024-11-26,9800
2634,漢翔,654,324,330,元大證券,2024-11-26,9800
2885,元大金,488,164,324,元大證券,2024-11-26,9800
00655L,國泰中國A50正2,2502,2196,306,元大證券,2024-11-26,9800
00634R,富邦上証反1,383,94,289,元大證券,2024-11-26,9800
00680L,元大美債20正2,67823,880,66943,元大證券,2024-11-27,9800
00632R,元大台灣50反1,75373,14456,60917,元大證券,2024-11-27,9800
00937B,群益ESG投等債20,12231,2360,9871,元大證券,2024-11-27,9800
00948B,中信優息投資級債,8356,2161,6195,元大證券,2024-11-27,9800
5876,上海商銀,6313,214,6099,元大證券,2024-11-27,9800
00687B,國泰20年美債,10334,4486,5848,元大證券,2024-11-27,9800
00637L,元大滬深300正2,21631,16489,5142,元大證券,2024-11-27,9800
00679B,元大美債20年,9492,4441,5051,元大證券,2024-11-27,9800
00688L,國泰20年美債正2,5992,958,5034,元大證券,2024-11-27,9800
00665L,富邦�琤肭磪囓�2,12676,8045,4631,元大證券,2024-11-27,9800
00650L,復華香港正2,8282,4167,4115,元大證券,2024-11-27,9800
2891,中信金,4126,946,3180,元大證券,2024-11-27,9800
00933B,國泰10Y+金融債,3296,239,3057,元大證券,2024-11-27,9800
00753L,中信中國50正2,5226,2259,2967,元大證券,2024-11-27,9800
2888,新光金,3004,172,2832,元大證券,2024-11-27,9800
2886,兆豐金,2894,310,2584,元大證券,2024-11-27,9800
2885,元大金,2717,141,2576,元大證券,2024-11-27,9800
00720B,元大投資級公司債,3121,672,2449,元大證券,2024-11-27,9800
1402,遠東新,2289,257,2032,元大證券,2024-11-27,9800
1605,華新,1989,132,1857,元大證券,2024-11-27,9800
00686R,群益臺灣加權反1,2736,1003,1733,元大證券,2024-11-27,9800
2324,仁寶,2213,482,1731,元大證券,2024-11-27,9800
00673R,期元大S＆P原油反1,2286,696,1590,元大證券,2024-11-27,9800
2883B,凱基金乙特,1500,0,1500,元大證券,2024-11-27,9800
00949,復華日本龍頭,1507,33,1474,元大證券,2024-11-27,9800
1102,亞泥,1684,267,1417,元大證券,2024-11-27,9800
00643,群益深証中小,1577,175,1402,元大證券,2024-11-27,9800
00931B,統一美債20年,2994,1614,1380,元大證券,2024-11-27,9800
2105,正新,1452,148,1304,元大證券,2024-11-27,9800
2356,英業達,2092,824,1268,元大證券,2024-11-27,9800
00945B,凱基美國非投等債,2084,894,1190,元大證券,2024-11-27,9800
1303,南亞,1286,118,1168,元大證券,2024-11-27,9800
00942B,台新美A公司債20+,1661,522,1139,元大證券,2024-11-27,9800
00712,復華富時不動產,2807,1673,1134,元大證券,2024-11-27,9800
00887,永豐中國科技50大,2826,1710,1116,元大證券,2024-11-27,9800
00957B,兆豐US優選投等債,1116,0,1116,元大證券,2024-11-27,9800
00676R,富邦臺灣加權反1,5464,4358,1106,元大證券,2024-11-27,9800
00965,元大航太防衛科技,2682,1615,1067,元大證券,2024-11-27,9800
2027,大成鋼,1433,371,1062,元大證券,2024-11-27,9800
2610,華航,2028,1036,992,元大證券,2024-11-27,9800
4510,高鋒,2178,1276,902,元大證券,2024-11-27,9800
00951,台新日本半導體,1005,108,897,元大證券,2024-11-27,9800
2353,宏��,1064,191,873,元大證券,2024-11-27,9800
00941,中信上游半導體,2151,1285,866,元大證券,2024-11-27,9800
4938,和碩,904,52,852,元大證券,2024-11-27,9800
00636,國泰中國A50,847,45,802,元大證券,2024-11-27,9800
2603,長榮,4059,3287,772,元大證券,2024-11-27,9800
3702,大聯大,814,44,770,元大證券,2024-11-27,9800
00633L,富邦上証正2,2310,1570,740,元大證券,2024-11-27,9800
2347,聯強,769,75,694,元大證券,2024-11-27,9800
00632R,元大台灣50反1,68265,58059,10206,元大證券,2024-11-28,9800
00680L,元大美債20正2,12296,2258,10038,元大證券,2024-11-28,9800
00664R,國泰臺灣加權反1,11829,2285,9544,元大證券,2024-11-28,9800
00688L,國泰20年美債正2,10577,1222,9355,元大證券,2024-11-28,9800
00679B,元大美債20年,13594,4618,8976,元大證券,2024-11-28,9800
00937B,群益ESG投等債20,8720,3924,4796,元大證券,2024-11-28,9800
00687B,國泰20年美債,7395,2830,4565,元大證券,2024-11-28,9800
00940,元大台灣價值高息,9899,5409,4490,元大證券,2024-11-28,9800
00638R,元大滬深300反1,4653,259,4394,元大證券,2024-11-28,9800
00951,台新日本半導體,5184,1441,3743,元大證券,2024-11-28,9800
00673R,期元大S＆P原油反1,3906,351,3555,元大證券,2024-11-28,9800
00933B,國泰10Y+金融債,4276,1159,3117,元大證券,2024-11-28,9800
00706L,期元大S＆P日圓正2,3693,578,3115,元大證券,2024-11-28,9800
00948B,中信優息投資級債,5465,2435,3030,元大證券,2024-11-28,9800
00927,群益半導體收益,2761,200,2561,元大證券,2024-11-28,9800
00665L,富邦�琤肭磪囓�2,7231,4682,2549,元大證券,2024-11-28,9800
00949,復華日本龍頭,2800,301,2499,元大證券,2024-11-28,9800
2890,永豐金,2958,504,2454,元大證券,2024-11-28,9800
00753L,中信中國50正2,4297,1844,2453,元大證券,2024-11-28,9800
00861,元大全球未來通訊,2287,2,2285,元大證券,2024-11-28,9800
00676R,富邦臺灣加權反1,5948,3694,2254,元大證券,2024-11-28,9800
00931B,統一美債20年,2941,750,2191,元大證券,2024-11-28,9800
00720B,元大投資級公司債,2562,745,1817,元大證券,2024-11-28,9800
00929,復華台灣科技優息,5476,3689,1787,元大證券,2024-11-28,9800
00715L,期街口布蘭特正2,3630,1850,1780,元大證券,2024-11-28,9800
2885,元大金,1701,67,1634,元大證券,2024-11-28,9800
00946,群益科技高息成長,3890,2338,1552,元大證券,2024-11-28,9800
2883B,凱基金乙特,1500,0,1500,元大證券,2024-11-28,9800
6530,創威,2444,1124,1320,元大證券,2024-11-28,9800
2886,兆豐金,2305,993,1312,元大證券,2024-11-28,9800
2891,中信金,3842,2564,1278,元大證券,2024-11-28,9800
1402,遠東新,1559,295,1264,元大證券,2024-11-28,9800
00954,中信日本半導體,2439,1215,1224,元大證券,2024-11-28,9800
2887,台新金,1355,133,1222,元大證券,2024-11-28,9800
00671R,富邦NASDAQ反1,1309,99,1210,元大證券,2024-11-28,9800
00881,國泰台灣5G+,2459,1290,1169,元大證券,2024-11-28,9800
00857B,永豐20年美公債,1345,218,1127,元大證券,2024-11-28,9800
00936,台新永續高息中小,1164,121,1043,元大證券,2024-11-28,9800
00939,統一台灣高息動能,3744,2755,989,元大證券,2024-11-28,9800
2324,仁寶,1775,845,930,元大證券,2024-11-28,9800
1102,亞泥,1068,156,912,元大證券,2024-11-28,9800
3231,緯創,2849,2022,827,元大證券,2024-11-28,9800
2105,正新,1077,257,820,元大證券,2024-11-28,9800
2356,英業達,1820,1001,819,元大證券,2024-11-28,9800
00887,永豐中國科技50大,2124,1340,784,元大證券,2024-11-28,9800
1303,南亞,781,32,749,元大證券,2024-11-28,9800
1605,華新,1204,466,738,元大證券,2024-11-28,9800
00938,凱基優選30,1230,541,689,元大證券,2024-11-28,9800
2883,凱基金,1659,970,689,元大證券,2024-11-28,9800
2474,可成,1004,322,682,元大證券,2024-11-28,9800
00632R,元大台灣50反1,49232,16125,33107,元大證券,2024-11-29,9800
2888,新光金,16526,5806,10720,元大證券,2024-11-29,9800
00688L,國泰20年美債正2,9620,505,9115,元大證券,2024-11-29,9800
00680L,元大美債20正2,9703,914,8789,元大證券,2024-11-29,9800
00937B,群益ESG投等債20,9158,1633,7525,元大證券,2024-11-29,9800
00637L,元大滬深300正2,28331,20875,7456,元大證券,2024-11-29,9800
00715L,期街口布蘭特正2,8241,1059,7182,元大證券,2024-11-29,9800
00929,復華台灣科技優息,8417,3637,4780,元大證券,2024-11-29,9800
00706L,期元大S＆P日圓正2,4878,1897,2981,元大證券,2024-11-29,9800
00633L,富邦上証正2,5226,2685,2541,元大證券,2024-11-29,9800
00881,國泰台灣5G+,3328,1037,2291,元大證券,2024-11-29,9800
00934,中信成長高股息,2743,653,2090,元大證券,2024-11-29,9800
00673R,期元大S＆P原油反1,2758,673,2085,元大證券,2024-11-29,9800
00687B,國泰20年美債,6881,4825,2056,元大證券,2024-11-29,9800
00939,統一台灣高息動能,2816,1012,1804,元大證券,2024-11-29,9800
00671R,富邦NASDAQ反1,1646,5,1641,元大證券,2024-11-29,9800
2883B,凱基金乙特,1500,0,1500,元大證券,2024-11-29,9800
00940,元大台灣價值高息,5776,4312,1464,元大證券,2024-11-29,9800
00931B,統一美債20年,2346,913,1433,元大證券,2024-11-29,9800
3706,神達,14338,12919,1419,元大證券,2024-11-29,9800
00753L,中信中國50正2,3712,2317,1395,元大證券,2024-11-29,9800
2618,長榮航,2063,819,1244,元大證券,2024-11-29,9800
00932,兆豐永續高息等權,1394,379,1015,元大證券,2024-11-29,9800
00949,復華日本龍頭,1417,434,983,元大證券,2024-11-29,9800
00857B,永豐20年美公債,1137,175,962,元大證券,2024-11-29,9800
2392,正崴,2164,1262,902,元大證券,2024-11-29,9800
00892,富邦台灣半導體,1313,480,833,元大證券,2024-11-29,9800
2890,永豐金,1374,548,826,元大證券,2024-11-29,9800
3231,緯創,1982,1258,724,元大證券,2024-11-29,9800
00669R,國泰美國道瓊反1,958,245,713,元大證券,2024-11-29,9800
6757,台灣虎航,1841,1160,681,元大證券,2024-11-29,9800
00891,中信關鍵半導體,2114,1438,676,元大證券,2024-11-29,9800
00936,台新永續高息中小,1351,730,621,元大證券,2024-11-29,9800
00740B,富邦全球投等債,1560,962,598,元大證券,2024-11-29,9800
4977,眾達-KY,685,189,496,元大證券,2024-11-29,9800
00912,中信臺灣智慧50,514,20,494,元大證券,2024-11-29,9800
00961,FT臺灣永續高息,649,172,477,元大證券,2024-11-29,9800
00930,永豐ESG低碳高息,1665,1191,474,元大證券,2024-11-29,9800
00901,永豐智能車供應鏈,535,62,473,元大證券,2024-11-29,9800
1802,台玻,1393,956,437,元大證券,2024-11-29,9800
2885,元大金,879,444,435,元大證券,2024-11-29,9800
00905,FT臺灣Smart,933,503,430,元大證券,2024-11-29,9800
2312,金寶,3729,3309,420,元大證券,2024-11-29,9800
00952,凱基台灣AI50,1372,959,413,元大證券,2024-11-29,9800
00639,富邦深100,690,286,404,元大證券,2024-11-29,9800
00935,野村臺灣新科技50,841,443,398,元大證券,2024-11-29,9800
006205,富邦上証,454,63,391,元大證券,2024-11-29,9800
2609,陽明,3175,2806,369,元大證券,2024-11-29,9800
00897,富邦基因免疫生技,352,1,351,元大證券,2024-11-29,9800
2324,仁寶,723,381,342,元大證券,2024-11-29,9800
00688L,國泰20年美債正2,7656,505,7151,元大證券,2024-12-02,9800
00937B,群益ESG投等債20,11439,4525,6914,元大證券,2024-12-02,9800
2891,中信金,7893,1114,6779,元大證券,2024-12-02,9800
00680L,元大美債20正2,10041,3821,6220,元大證券,2024-12-02,9800
00673R,期元大S＆P原油反1,6014,190,5824,元大證券,2024-12-02,9800
00687B,國泰20年美債,13895,8687,5208,元大證券,2024-12-02,9800
00706L,期元大S＆P日圓正2,4882,390,4492,元大證券,2024-12-02,9800
00933B,國泰10Y+金融債,6767,2539,4228,元大證券,2024-12-02,9800
00929,復華台灣科技優息,5253,1190,4063,元大證券,2024-12-02,9800
00878,國泰永續高股息,5896,1868,4028,元大證券,2024-12-02,9800
00720B,元大投資級公司債,5842,2065,3777,元大證券,2024-12-02,9800
00939,統一台灣高息動能,3954,422,3532,元大證券,2024-12-02,9800
00948B,中信優息投資級債,6978,3498,3480,元大證券,2024-12-02,9800
00679B,元大美債20年,11613,8201,3412,元大證券,2024-12-02,9800
2886,兆豐金,3490,431,3059,元大證券,2024-12-02,9800
00934,中信成長高股息,2218,112,2106,元大證券,2024-12-02,9800
0050,元大台灣50,2313,298,2015,元大證券,2024-12-02,9800
00922,國泰台灣領袖50,2218,205,2013,元大證券,2024-12-02,9800
2324,仁寶,2267,258,2009,元大證券,2024-12-02,9800
00665L,富邦�琤肭磪囓�2,10175,8224,1951,元大證券,2024-12-02,9800
00751B,元大AAA至A公司債,3382,1658,1724,元大證券,2024-12-02,9800
3711,日月光投控,1854,136,1718,元大證券,2024-12-02,9800
00900,富邦特選高股息30,1739,24,1715,元大證券,2024-12-02,9800
00903,富邦元宇宙,1797,116,1681,元大證券,2024-12-02,9800
00740B,富邦全球投等債,2790,1121,1669,元大證券,2024-12-02,9800
00949,復華日本龍頭,2478,811,1667,元大證券,2024-12-02,9800
3481,群創,2239,640,1599,元大證券,2024-12-02,9800
00936,台新永續高息中小,1777,210,1567,元大證券,2024-12-02,9800
3323,加百裕,7764,6276,1488,元大證券,2024-12-02,9800
00631L,元大台灣50正2,2035,586,1449,元大證券,2024-12-02,9800
00935,野村臺灣新科技50,1570,134,1436,元大證券,2024-12-02,9800
00951,台新日本半導體,1553,126,1427,元大證券,2024-12-02,9800
00940,元大台灣價值高息,6812,5399,1413,元大證券,2024-12-02,9800
00671R,富邦NASDAQ反1,1436,58,1378,元大證券,2024-12-02,9800
2385,群光,1399,45,1354,元大證券,2024-12-02,9800
2303,聯電,1860,548,1312,元大證券,2024-12-02,9800
00923,群益台ESG低碳50,1321,37,1284,元大證券,2024-12-02,9800
00712,復華富時不動產,1568,304,1264,元大證券,2024-12-02,9800
00905,FT臺灣Smart,1232,0,1232,元大證券,2024-12-02,9800
2888,新光金,2239,1029,1210,元大證券,2024-12-02,9800
00881,國泰台灣5G+,1238,119,1119,元大證券,2024-12-02,9800
2883,凱基金,2644,1586,1058,元大證券,2024-12-02,9800
00932,兆豐永續高息等權,1379,341,1038,元大證券,2024-12-02,9800
00927,群益半導體收益,1464,455,1009,元大證券,2024-12-02,9800
00915,凱基優選高股息30,2632,1641,991,元大證券,2024-12-02,9800
00957B,兆豐US優選投等債,1597,660,937,元大證券,2024-12-02,9800
2474,可成,970,51,919,元大證券,2024-12-02,9800
00919,群益台灣精選高息,1870,1163,707,元大證券,2024-12-02,9800
2618,長榮航,3466,2765,701,元大證券,2024-12-02,9800
00713,元大台灣高息低波,1431,731,700,元大證券,2024-12-02,9800
00929,復華台灣科技優息,126353,34669,91684,元大證券,2024-12-03,9800
00632R,元大台灣50反1,61233,35599,25634,元大證券,2024-12-03,9800
00937B,群益ESG投等債20,21685,2462,19223,元大證券,2024-12-03,9800
00680L,元大美債20正2,16349,523,15826,元大證券,2024-12-03,9800
00943,兆豐電子高息等權,16399,620,15779,元大證券,2024-12-03,9800
00934,中信成長高股息,16221,2010,14211,元大證券,2024-12-03,9800
00664R,國泰臺灣加權反1,13369,6466,6903,元大證券,2024-12-03,9800
2610,華航,14073,8248,5825,元大證券,2024-12-03,9800
00753L,中信中國50正2,6503,1302,5201,元大證券,2024-12-03,9800
00949,復華日本龍頭,4981,1,4980,元大證券,2024-12-03,9800
2891,中信金,5651,1494,4157,元大證券,2024-12-03,9800
00948B,中信優息投資級債,6799,2739,4060,元大證券,2024-12-03,9800
00688L,國泰20年美債正2,3959,214,3745,元大證券,2024-12-03,9800
00795B,中信美國公債20年,6003,2437,3566,元大證券,2024-12-03,9800
00951,台新日本半導體,3312,8,3304,元大證券,2024-12-03,9800
00936,台新永續高息中小,3025,11,3014,元大證券,2024-12-03,9800
00676R,富邦臺灣加權反1,4787,1848,2939,元大證券,2024-12-03,9800
00673R,期元大S＆P原油反1,4230,1390,2840,元大證券,2024-12-03,9800
2603,長榮,3461,838,2623,元大證券,2024-12-03,9800
00720B,元大投資級公司債,4460,1919,2541,元大證券,2024-12-03,9800
00907,永豐優息存股,2536,80,2456,元大證券,2024-12-03,9800
00882,中信中國高股息,2953,512,2441,元大證券,2024-12-03,9800
00712,復華富時不動產,3011,752,2259,元大證券,2024-12-03,9800
00631L,元大台灣50正2,2710,612,2098,元大證券,2024-12-03,9800
00957B,兆豐US優選投等債,2060,0,2060,元大證券,2024-12-03,9800
0050,元大台灣50,2679,699,1980,元大證券,2024-12-03,9800
00922,國泰台灣領袖50,2717,874,1843,元大證券,2024-12-03,9800
00637L,元大滬深300正2,21138,19447,1691,元大證券,2024-12-03,9800
00933B,國泰10Y+金融債,3867,2261,1606,元大證券,2024-12-03,9800
00675L,富邦臺灣加權正2,2123,550,1573,元大證券,2024-12-03,9800
00706L,期元大S＆P日圓正2,2220,676,1544,元大證券,2024-12-03,9800
00903,富邦元宇宙,1687,157,1530,元大證券,2024-12-03,9800
3706,神達,7864,6443,1421,元大證券,2024-12-03,9800
00940,元大台灣價值高息,3895,2488,1407,元大證券,2024-12-03,9800
9904,寶成,1446,169,1277,元大證券,2024-12-03,9800
00958B,永豐ESG銀行債15,1832,577,1255,元大證券,2024-12-03,9800
00921,兆豐龍頭等權重,1237,7,1230,元大證券,2024-12-03,9800
00650L,復華香港正2,5514,4374,1140,元大證券,2024-12-03,9800
00686R,群益臺灣加權反1,1045,33,1012,元大證券,2024-12-03,9800
2618,長榮航,4524,3554,970,元大證券,2024-12-03,9800
2324,仁寶,1618,666,952,元大證券,2024-12-03,9800
00965,元大航太防衛科技,2304,1406,898,元大證券,2024-12-03,9800
00942B,台新美A公司債20+,2600,1738,862,元大證券,2024-12-03,9800
00881,國泰台灣5G+,1791,971,820,元大證券,2024-12-03,9800
00952,凱基台灣AI50,800,1,799,元大證券,2024-12-03,9800
00955,中信日本商社,1116,327,789,元大證券,2024-12-03,9800
00950B,凱基A級公司債,2663,1888,775,元大證券,2024-12-03,9800
00905,FT臺灣Smart,1329,564,765,元大證券,2024-12-03,9800
2330,台積電,2218,1472,746,元大證券,2024-12-03,9800
00938,凱基優選30,684,10,674,元大證券,2024-12-03,9800
00929,復華台灣科技優息,51284,5375,45909,元大證券,2024-12-04,9800
00680L,元大美債20正2,25268,941,24327,元大證券,2024-12-04,9800
00715L,期街口布蘭特正2,22482,100,22382,元大證券,2024-12-04,9800
00937B,群益ESG投等債20,19395,6757,12638,元大證券,2024-12-04,9800
00688L,國泰20年美債正2,10413,1945,8468,元大證券,2024-12-04,9800
00934,中信成長高股息,7889,200,7689,元大證券,2024-12-04,9800
00943,兆豐電子高息等權,6490,1610,4880,元大證券,2024-12-04,9800
00952,凱基台灣AI50,4770,440,4330,元大證券,2024-12-04,9800
00642U,期元大S＆P石油,3292,130,3162,元大證券,2024-12-04,9800
00753L,中信中國50正2,4246,1151,3095,元大證券,2024-12-04,9800
9904,寶成,3008,136,2872,元大證券,2024-12-04,9800
00631L,元大台灣50正2,2984,256,2728,元大證券,2024-12-04,9800
00959B,大華投等美債15Y+,2992,291,2701,元大證券,2024-12-04,9800
00878,國泰永續高股息,4861,2222,2639,元大證券,2024-12-04,9800
00720B,元大投資級公司債,4649,2036,2613,元大證券,2024-12-04,9800
2888,新光金,2597,342,2255,元大證券,2024-12-04,9800
5876,上海商銀,2362,132,2230,元大證券,2024-12-04,9800
00949,復華日本龍頭,2543,563,1980,元大證券,2024-12-04,9800
00965,元大航太防衛科技,2432,512,1920,元大證券,2024-12-04,9800
00675L,富邦臺灣加權正2,2273,495,1778,元大證券,2024-12-04,9800
00922,國泰台灣領袖50,2245,521,1724,元大證券,2024-12-04,9800
00637L,元大滬深300正2,19020,17365,1655,元大證券,2024-12-04,9800
00930,永豐ESG低碳高息,1935,327,1608,元大證券,2024-12-04,9800
5328,華容,3531,1928,1603,元大證券,2024-12-04,9800
00932,兆豐永續高息等權,1536,0,1536,元大證券,2024-12-04,9800
00942B,台新美A公司債20+,3454,1932,1522,元大證券,2024-12-04,9800
00706L,期元大S＆P日圓正2,2959,1498,1461,元大證券,2024-12-04,9800
00772B,中信高評級公司債,2126,753,1373,元大證券,2024-12-04,9800
0050,元大台灣50,1431,130,1301,元大證券,2024-12-04,9800
3706,神達,6062,4761,1301,元大證券,2024-12-04,9800
2881,富邦金,1374,137,1237,元大證券,2024-12-04,9800
00964,中信亞太高股息,1518,290,1228,元大證券,2024-12-04,9800
00764B,群益25年美債,1481,367,1114,元大證券,2024-12-04,9800
00636,國泰中國A50,1412,299,1113,元大證券,2024-12-04,9800
00905,FT臺灣Smart,999,37,962,元大證券,2024-12-04,9800
00921,兆豐龍頭等權重,1071,117,954,元大證券,2024-12-04,9800
1802,台玻,2597,1653,944,元大證券,2024-12-04,9800
00947,台新臺灣IC設計,1596,702,894,元大證券,2024-12-04,9800
00894,中信小資高價30,1050,202,848,元大證券,2024-12-04,9800
00927,群益半導體收益,993,168,825,元大證券,2024-12-04,9800
00939,統一台灣高息動能,836,15,821,元大證券,2024-12-04,9800
00935,野村臺灣新科技50,1487,707,780,元大證券,2024-12-04,9800
2449,京元電子,1336,597,739,元大證券,2024-12-04,9800
00740B,富邦全球投等債,1751,1018,733,元大證券,2024-12-04,9800
00887,永豐中國科技50大,1485,766,719,元大證券,2024-12-04,9800
00885,富邦越南,839,133,706,元大證券,2024-12-04,9800
00881,國泰台灣5G+,1447,762,685,元大證券,2024-12-04,9800
3231,緯創,1108,481,627,元大證券,2024-12-04,9800
1815,富喬,5435,4882,553,元大證券,2024-12-04,9800
00650L,復華香港正2,3808,3268,540,元大證券,2024-12-04,9800
00680L,元大美債20正2,22518,2295,20223,元大證券,2024-12-05,9800
00929,復華台灣科技優息,22085,5530,16555,元大證券,2024-12-05,9800
00673R,期元大S＆P原油反1,10306,0,10306,元大證券,2024-12-05,9800
00937B,群益ESG投等債20,9972,1686,8286,元大證券,2024-12-05,9800
00679B,元大美債20年,12327,6741,5586,元大證券,2024-12-05,9800
00940,元大台灣價值高息,9994,4740,5254,元大證券,2024-12-05,9800
00943,兆豐電子高息等權,6981,1831,5150,元大證券,2024-12-05,9800
00688L,國泰20年美債正2,5028,653,4375,元大證券,2024-12-05,9800
00687B,國泰20年美債,7714,3812,3902,元大證券,2024-12-05,9800
2354,鴻準,9879,5984,3895,元大證券,2024-12-05,9800
2891,中信金,4138,406,3732,元大證券,2024-12-05,9800
00720B,元大投資級公司債,2908,656,2252,元大證券,2024-12-05,9800
00676R,富邦臺灣加權反1,2749,526,2223,元大證券,2024-12-05,9800
00795B,中信美國公債20年,3071,887,2184,元大證券,2024-12-05,9800
00631L,元大台灣50正2,2754,689,2065,元大證券,2024-12-05,9800
00939,統一台灣高息動能,3036,1129,1907,元大證券,2024-12-05,9800
00772B,中信高評級公司債,2451,567,1884,元大證券,2024-12-05,9800
00948B,中信優息投資級債,3550,1849,1701,元大證券,2024-12-05,9800
00936,台新永續高息中小,2108,444,1664,元大證券,2024-12-05,9800
2886,兆豐金,1918,277,1641,元大證券,2024-12-05,9800
00952,凱基台灣AI50,2403,778,1625,元大證券,2024-12-05,9800
2880,華南金,1814,248,1566,元大證券,2024-12-05,9800
2888,新光金,1680,118,1562,元大證券,2024-12-05,9800
00934,中信成長高股息,2886,1327,1559,元大證券,2024-12-05,9800
00706L,期元大S＆P日圓正2,2669,1213,1456,元大證券,2024-12-05,9800
00675L,富邦臺灣加權正2,1818,423,1395,元大證券,2024-12-05,9800
00959B,大華投等美債15Y+,1360,3,1357,元大證券,2024-12-05,9800
00935,野村臺灣新科技50,1332,151,1181,元大證券,2024-12-05,9800
00773B,中信優先金融債,1114,1,1113,元大證券,2024-12-05,9800
2883B,凱基金乙特,1000,0,1000,元大證券,2024-12-05,9800
00931B,統一美債20年,1834,849,985,元大證券,2024-12-05,9800
00958B,永豐ESG銀行債15,958,0,958,元大證券,2024-12-05,9800
00891,中信關鍵半導體,1580,647,933,元大證券,2024-12-05,9800
00941,中信上游半導體,978,64,914,元大證券,2024-12-05,9800
00638R,元大滬深300反1,1037,132,905,元大證券,2024-12-05,9800
2449,京元電子,1727,880,847,元大證券,2024-12-05,9800
00905,FT臺灣Smart,866,96,770,元大證券,2024-12-05,9800
00857B,永豐20年美公債,980,214,766,元大證券,2024-12-05,9800
00751B,元大AAA至A公司債,1175,472,703,元大證券,2024-12-05,9800
00636,國泰中國A50,1059,371,688,元大證券,2024-12-05,9800
00951,台新日本半導體,744,98,646,元大證券,2024-12-05,9800
1216,統一,682,67,615,元大證券,2024-12-05,9800
00903,富邦元宇宙,1476,868,608,元大證券,2024-12-05,9800
00942B,台新美A公司債20+,1173,573,600,元大證券,2024-12-05,9800
2458,義隆,732,136,596,元大證券,2024-12-05,9800
006207,復華滬深,624,52,572,元大證券,2024-12-05,9800
2383,台光電,773,230,543,元大證券,2024-12-05,9800
00764B,群益25年美債,656,137,519,元大證券,2024-12-05,9800
2303,聯電,1132,615,517,元大證券,2024-12-05,9800
00946,群益科技高息成長,1470,979,491,元大證券,2024-12-05,9800
00929,復華台灣科技優息,17962,2100,15862,元大證券,2024-12-06,9800
00637L,元大滬深300正2,33467,20216,13251,元大證券,2024-12-06,9800
00680L,元大美債20正2,12482,1103,11379,元大證券,2024-12-06,9800
00937B,群益ESG投等債20,11546,1958,9588,元大證券,2024-12-06,9800
00679B,元大美債20年,14308,7724,6584,元大證券,2024-12-06,9800
00753L,中信中國50正2,7454,1189,6265,元大證券,2024-12-06,9800
00943,兆豐電子高息等權,6356,125,6231,元大證券,2024-12-06,9800
00940,元大台灣價值高息,8065,2546,5519,元大證券,2024-12-06,9800
00962,台新AI優息動能,12060,7063,4997,元大證券,2024-12-06,9800
2880,華南金,4176,180,3996,元大證券,2024-12-06,9800
00650L,復華香港正2,6118,2706,3412,元大證券,2024-12-06,9800
00936,台新永續高息中小,3104,208,2896,元大證券,2024-12-06,9800
2883,凱基金,3109,300,2809,元大證券,2024-12-06,9800
00885,富邦越南,2780,15,2765,元大證券,2024-12-06,9800
00934,中信成長高股息,3629,919,2710,元大證券,2024-12-06,9800
00952,凱基台灣AI50,3099,414,2685,元大證券,2024-12-06,9800
00939,統一台灣高息動能,2735,157,2578,元大證券,2024-12-06,9800
00673R,期元大S＆P原油反1,3064,528,2536,元大證券,2024-12-06,9800
00631L,元大台灣50正2,2923,453,2470,元大證券,2024-12-06,9800
00665L,富邦�琤肭磪囓�2,7949,5529,2420,元大證券,2024-12-06,9800
00633L,富邦上証正2,4310,1905,2405,元大證券,2024-12-06,9800
00687B,國泰20年美債,7850,5734,2116,元大證券,2024-12-06,9800
00720B,元大投資級公司債,2832,906,1926,元大證券,2024-12-06,9800
00772B,中信高評級公司債,2326,440,1886,元大證券,2024-12-06,9800
2845,遠東銀,1583,60,1523,元大證券,2024-12-06,9800
2618,長榮航,1917,508,1409,元大證券,2024-12-06,9800
2303,聯電,1755,463,1292,元大證券,2024-12-06,9800
00713,元大台灣高息低波,1556,282,1274,元大證券,2024-12-06,9800
00675L,富邦臺灣加權正2,2144,943,1201,元大證券,2024-12-06,9800
2881,富邦金,1198,143,1055,元大證券,2024-12-06,9800
2436,偉詮電,2837,1840,997,元大證券,2024-12-06,9800
2474,可成,1103,116,987,元大證券,2024-12-06,9800
00712,復華富時不動產,2996,2052,944,元大證券,2024-12-06,9800
3711,日月光投控,1166,286,880,元大證券,2024-12-06,9800
00933B,國泰10Y+金融債,1525,655,870,元大證券,2024-12-06,9800
00725B,國泰投資級公司債,1260,406,854,元大證券,2024-12-06,9800
00636,國泰中國A50,920,113,807,元大證券,2024-12-06,9800
00795B,中信美國公債20年,3144,2352,792,元大證券,2024-12-06,9800
2890,永豐金,941,181,760,元大證券,2024-12-06,9800
00887,永豐中國科技50大,1586,836,750,元大證券,2024-12-06,9800
00957B,兆豐US優選投等債,651,1,650,元大證券,2024-12-06,9800
00942B,台新美A公司債20+,1190,557,633,元大證券,2024-12-06,9800
006205,富邦上証,712,80,632,元大證券,2024-12-06,9800
00686R,群益臺灣加權反1,815,184,631,元大證券,2024-12-06,9800
0061,元大寶滬深,697,79,618,元大證券,2024-12-06,9800
2882,國泰金,790,183,607,元大證券,2024-12-06,9800
2609,陽明,1602,1001,601,元大證券,2024-12-06,9800
00954,中信日本半導體,1012,443,569,元大證券,2024-12-06,9800
00964,中信亞太高股息,1187,629,558,元大證券,2024-12-06,9800
2855,統一證,551,73,478,元大證券,2024-12-06,9800
00680L,元大美債20正2,24935,1021,23914,元大證券,2024-12-09,9800
00929,復華台灣科技優息,18807,119,18688,元大證券,2024-12-09,9800
00940,元大台灣價值高息,14925,1175,13750,元大證券,2024-12-09,9800
00967B,元大優息美債,11985,504,11481,元大證券,2024-12-09,9800
00688L,國泰20年美債正2,10582,177,10405,元大證券,2024-12-09,9800
00937B,群益ESG投等債20,12245,1929,10316,元大證券,2024-12-09,9800
00968B,元大優息投等債,9153,300,8853,元大證券,2024-12-09,9800
00637L,元大滬深300正2,24881,19296,5585,元大證券,2024-12-09,9800
00939,統一台灣高息動能,5271,25,5246,元大證券,2024-12-09,9800
00934,中信成長高股息,4489,200,4289,元大證券,2024-12-09,9800
00687B,國泰20年美債,9341,5275,4066,元大證券,2024-12-09,9800
00919,群益台灣精選高息,6779,2973,3806,元大證券,2024-12-09,9800
00679B,元大美債20年,12432,9392,3040,元大證券,2024-12-09,9800
1402,遠東新,3217,180,3037,元大證券,2024-12-09,9800
00720B,元大投資級公司債,4035,1129,2906,元大證券,2024-12-09,9800
00969B,元大零息超長美債,3529,1201,2328,元大證券,2024-12-09,9800
00943,兆豐電子高息等權,2512,528,1984,元大證券,2024-12-09,9800
00936,台新永續高息中小,1972,1,1971,元大證券,2024-12-09,9800
00706L,期元大S＆P日圓正2,2668,700,1968,元大證券,2024-12-09,9800
2609,陽明,10399,8473,1926,元大證券,2024-12-09,9800
00959B,大華投等美債15Y+,2807,1029,1778,元大證券,2024-12-09,9800
2603,長榮,3187,1484,1703,元大證券,2024-12-09,9800
2474,可成,1651,115,1536,元大證券,2024-12-09,9800
2610,華航,5052,3520,1532,元大證券,2024-12-09,9800
00953B,群益優選非投等債,2170,638,1532,元大證券,2024-12-09,9800
00907,永豐優息存股,1665,408,1257,元大證券,2024-12-09,9800
00957B,兆豐US優選投等債,1252,0,1252,元大證券,2024-12-09,9800
00673R,期元大S＆P原油反1,3461,2269,1192,元大證券,2024-12-09,9800
2324,仁寶,4331,3169,1162,元大證券,2024-12-09,9800
00753L,中信中國50正2,3194,2156,1038,元大證券,2024-12-09,9800
2886,兆豐金,1205,345,860,元大證券,2024-12-09,9800
00933B,國泰10Y+金融債,2340,1522,818,元大證券,2024-12-09,9800
00751B,元大AAA至A公司債,1528,752,776,元大證券,2024-12-09,9800
00952,凱基台灣AI50,1399,624,775,元大證券,2024-12-09,9800
2881,富邦金,980,221,759,元大證券,2024-12-09,9800
00885,富邦越南,1633,888,745,元大證券,2024-12-09,9800
2845,遠東銀,767,34,733,元大證券,2024-12-09,9800
00958B,永豐ESG銀行債15,726,11,715,元大證券,2024-12-09,9800
00631L,元大台灣50正2,1063,368,695,元大證券,2024-12-09,9800
2883B,凱基金乙特,755,64,691,元大證券,2024-12-09,9800
00903,富邦元宇宙,771,105,666,元大證券,2024-12-09,9800
2885,元大金,857,232,625,元大證券,2024-12-09,9800
00947,台新臺灣IC設計,614,8,606,元大證券,2024-12-09,9800
00669R,國泰美國道瓊反1,603,0,603,元大證券,2024-12-09,9800
00655L,國泰中國A50正2,2290,1711,579,元大證券,2024-12-09,9800
00857B,永豐20年美公債,1163,643,520,元大證券,2024-12-09,9800
00938,凱基優選30,900,418,482,元大證券,2024-12-09,9800
00675L,富邦臺灣加權正2,831,354,477,元大證券,2024-12-09,9800
6689,伊雲谷,715,249,466,元大證券,2024-12-09,9800
2353,宏��,767,336,431,元大證券,2024-12-09,9800
00665L,富邦�琤肭磪囓�2,32850,16722,16128,元大證券,2024-12-10,9800
00680L,元大美債20正2,14127,906,13221,元大證券,2024-12-10,9800
00929,復華台灣科技優息,14009,2369,11640,元大證券,2024-12-10,9800
00753L,中信中國50正2,12907,5415,7492,元大證券,2024-12-10,9800
00650L,復華香港正2,17020,9702,7318,元大證券,2024-12-10,9800
00688L,國泰20年美債正2,6827,0,6827,元大證券,2024-12-10,9800
00934,中信成長高股息,4574,777,3797,元大證券,2024-12-10,9800
00679B,元大美債20年,12015,8380,3635,元大證券,2024-12-10,9800
00968B,元大優息投等債,4919,1630,3289,元大證券,2024-12-10,9800
00752,中信中國50,2817,231,2586,元大證券,2024-12-10,9800
00706L,期元大S＆P日圓正2,5039,2946,2093,元大證券,2024-12-10,9800
00687B,國泰20年美債,9480,7647,1833,元大證券,2024-12-10,9800
2885,元大金,1802,26,1776,元大證券,2024-12-10,9800
00943,兆豐電子高息等權,3249,1574,1675,元大證券,2024-12-10,9800
1102,亞泥,1752,78,1674,元大證券,2024-12-10,9800
00946,群益科技高息成長,2530,1121,1409,元大證券,2024-12-10,9800
00936,台新永續高息中小,1556,179,1377,元大證券,2024-12-10,9800
00669R,國泰美國道瓊反1,1304,0,1304,元大證券,2024-12-10,9800
00686R,群益臺灣加權反1,1265,70,1195,元大證券,2024-12-10,9800
00885,富邦越南,1503,321,1182,元大證券,2024-12-10,9800
00949,復華日本龍頭,1145,0,1145,元大證券,2024-12-10,9800
2504,國產,1209,129,1080,元大證券,2024-12-10,9800
2890,永豐金,1456,396,1060,元大證券,2024-12-10,9800
00947,台新臺灣IC設計,1509,481,1028,元大證券,2024-12-10,9800
2603,長榮,1865,854,1011,元大證券,2024-12-10,9800
00631L,元大台灣50正2,2102,1107,995,元大證券,2024-12-10,9800
00891,中信關鍵半導體,1649,706,943,元大證券,2024-12-10,9800
2886,兆豐金,1067,141,926,元大證券,2024-12-10,9800
2891,中信金,2337,1423,914,元大證券,2024-12-10,9800
9904,寶成,1126,244,882,元大證券,2024-12-10,9800
5876,上海商銀,940,76,864,元大證券,2024-12-10,9800
00795B,中信美國公債20年,2659,1857,802,元大證券,2024-12-10,9800
00958B,永豐ESG銀行債15,1466,686,780,元大證券,2024-12-10,9800
2881,富邦金,949,169,780,元大證券,2024-12-10,9800
00893,國泰智能電動車,1390,638,752,元大證券,2024-12-10,9800
1402,遠東新,1069,388,681,元大證券,2024-12-10,9800
00903,富邦元宇宙,688,7,681,元大證券,2024-12-10,9800
00927,群益半導體收益,686,72,614,元大證券,2024-12-10,9800
00882,中信中國高股息,2949,2345,604,元大證券,2024-12-10,9800
2308,台達電,746,161,585,元大證券,2024-12-10,9800
00738U,期元大道瓊白銀,586,38,548,元大證券,2024-12-10,9800
00675L,富邦臺灣加權正2,1593,1053,540,元大證券,2024-12-10,9800
00901,永豐智能車供應鏈,669,161,508,元大證券,2024-12-10,9800
2317,鴻海,2589,2094,495,元大證券,2024-12-10,9800
2206,三陽工業,510,32,478,元大證券,2024-12-10,9800
00635U,期元大S＆P黃金,533,72,461,元大證券,2024-12-10,9800
00921,兆豐龍頭等權重,738,279,459,元大證券,2024-12-10,9800
00930,永豐ESG低碳高息,1036,605,431,元大證券,2024-12-10,9800
00670L,富邦NASDAQ正2,488,68,420,元大證券,2024-12-10,9800
00639,富邦深100,3236,2818,418,元大證券,2024-12-10,9800
00715L,期街口布蘭特正2,20193,0,20193,元大證券,2024-12-11,9800
00680L,元大美債20正2,5819,693,5126,元大證券,2024-12-11,9800
00676R,富邦臺灣加權反1,6691,2441,4250,元大證券,2024-12-11,9800
00664R,國泰臺灣加權反1,5143,1542,3601,元大證券,2024-12-11,9800
00929,復華台灣科技優息,5440,2155,3285,元大證券,2024-12-11,9800
00632R,元大台灣50反1,7724,4659,3065,元大證券,2024-12-11,9800
00795B,中信美國公債20年,2810,622,2188,元大證券,2024-12-11,9800
00887,永豐中國科技50大,3650,1597,2053,元大證券,2024-12-11,9800
00937B,群益ESG投等債20,6940,4903,2037,元大證券,2024-12-11,9800
00642U,期元大S＆P石油,1621,0,1621,元大證券,2024-12-11,9800
00885,富邦越南,1661,73,1588,元大證券,2024-12-11,9800
00635U,期元大S＆P黃金,1523,25,1498,元大證券,2024-12-11,9800
00958B,永豐ESG銀行債15,2160,716,1444,元大證券,2024-12-11,9800
00938,凱基優選30,3122,1743,1379,元大證券,2024-12-11,9800
00679B,元大美債20年,13118,11827,1291,元大證券,2024-12-11,9800
00687B,國泰20年美債,7783,6531,1252,元大證券,2024-12-11,9800
2882,國泰金,1872,742,1130,元大證券,2024-12-11,9800
00764B,群益25年美債,1537,485,1052,元大證券,2024-12-11,9800
00639,富邦深100,1822,819,1003,元大證券,2024-12-11,9800
00643,群益深証中小,1617,681,936,元大證券,2024-12-11,9800
2303,聯電,1737,864,873,元大證券,2024-12-11,9800
1815,富喬,2810,1941,869,元大證券,2024-12-11,9800
2886,兆豐金,1931,1065,866,元大證券,2024-12-11,9800
2881,富邦金,1123,359,764,元大證券,2024-12-11,9800
00637L,元大滬深300正2,18781,18024,757,元大證券,2024-12-11,9800
00943,兆豐電子高息等權,1195,465,730,元大證券,2024-12-11,9800
00959B,大華投等美債15Y+,1772,1070,702,元大證券,2024-12-11,9800
00881,國泰台灣5G+,1056,393,663,元大證券,2024-12-11,9800
00949,復華日本龍頭,945,297,648,元大證券,2024-12-11,9800
2324,仁寶,1075,446,629,元大證券,2024-12-11,9800
0050,元大台灣50,1422,793,629,元大證券,2024-12-11,9800
4938,和碩,686,78,608,元大證券,2024-12-11,9800
2891,中信金,2356,1748,608,元大證券,2024-12-11,9800
00960,野村全球航運龍頭,823,216,607,元大證券,2024-12-11,9800
00669R,國泰美國道瓊反1,595,0,595,元大證券,2024-12-11,9800
00857B,永豐20年美公債,1035,462,573,元大證券,2024-12-11,9800
00708L,期元大S＆P黃金正2,879,317,562,元大證券,2024-12-11,9800
00936,台新永續高息中小,1936,1416,520,元大證券,2024-12-11,9800
2356,英業達,725,231,494,元大證券,2024-12-11,9800
1402,遠東新,870,377,493,元大證券,2024-12-11,9800
2885,元大金,1085,594,491,元大證券,2024-12-11,9800
00944,野村趨勢動能高息,1106,653,453,元大證券,2024-12-11,9800
4540,全球傳動,750,319,431,元大證券,2024-12-11,9800
00638R,元大滬深300反1,736,307,429,元大證券,2024-12-11,9800
2890,永豐金,1290,876,414,元大證券,2024-12-11,9800
2454,聯發科,697,288,409,元大證券,2024-12-11,9800
6589,台康生技,710,328,382,元大證券,2024-12-11,9800
00651R,復華香港反1,505,134,371,元大證券,2024-12-11,9800
00896,中信綠能及電動車,761,393,368,元大證券,2024-12-11,9800
5871,中租-KY,785,420,365,元大證券,2024-12-11,9800
00715L,期街口布蘭特正2,39114,121,38993,元大證券,2024-12-12,9800
00929,復華台灣科技優息,17705,786,16919,元大證券,2024-12-12,9800
00632R,元大台灣50反1,12880,3608,9272,元大證券,2024-12-12,9800
00679B,元大美債20年,20263,11377,8886,元大證券,2024-12-12,9800
00642U,期元大S＆P石油,7288,15,7273,元大證券,2024-12-12,9800
00934,中信成長高股息,5323,88,5235,元大證券,2024-12-12,9800
00637L,元大滬深300正2,25610,20379,5231,元大證券,2024-12-12,9800
00680L,元大美債20正2,19764,15953,3811,元大證券,2024-12-12,9800
00940,元大台灣價值高息,6245,2534,3711,元大證券,2024-12-12,9800
00878,國泰永續高股息,5125,2171,2954,元大證券,2024-12-12,9800
00919,群益台灣精選高息,5471,3272,2199,元大證券,2024-12-12,9800
00669R,國泰美國道瓊反1,2062,0,2062,元大證券,2024-12-12,9800
00922,國泰台灣領袖50,2974,1163,1811,元大證券,2024-12-12,9800
00720B,元大投資級公司債,3022,1241,1781,元大證券,2024-12-12,9800
00633L,富邦上証正2,3319,1627,1692,元大證券,2024-12-12,9800
00936,台新永續高息中小,1911,236,1675,元大證券,2024-12-12,9800
00952,凱基台灣AI50,2244,600,1644,元大證券,2024-12-12,9800
2882,國泰金,2067,566,1501,元大證券,2024-12-12,9800
00900,富邦特選高股息30,1419,109,1310,元大證券,2024-12-12,9800
00893,國泰智能電動車,1576,369,1207,元大證券,2024-12-12,9800
00891,中信關鍵半導體,1866,672,1194,元大證券,2024-12-12,9800
00951,台新日本半導體,1385,191,1194,元大證券,2024-12-12,9800
00935,野村臺灣新科技50,1429,238,1191,元大證券,2024-12-12,9800
00943,兆豐電子高息等權,1430,280,1150,元大證券,2024-12-12,9800
006208,富邦台50,1346,206,1140,元大證券,2024-12-12,9800
2881,富邦金,1675,545,1130,元大證券,2024-12-12,9800
00946,群益科技高息成長,1929,812,1117,元大證券,2024-12-12,9800
2609,陽明,3366,2268,1098,元大證券,2024-12-12,9800
00930,永豐ESG低碳高息,1245,208,1037,元大證券,2024-12-12,9800
00949,復華日本龍頭,1232,253,979,元大證券,2024-12-12,9800
00881,國泰台灣5G+,1962,1048,914,元大證券,2024-12-12,9800
00969B,元大零息超長美債,3519,2702,817,元大證券,2024-12-12,9800
00939,統一台灣高息動能,2026,1231,795,元大證券,2024-12-12,9800
00635U,期元大S＆P黃金,789,0,789,元大證券,2024-12-12,9800
00708L,期元大S＆P黃金正2,913,154,759,元大證券,2024-12-12,9800
00947,台新臺灣IC設計,1252,544,708,元大證券,2024-12-12,9800
00631L,元大台灣50正2,1495,799,696,元大證券,2024-12-12,9800
00676R,富邦臺灣加權反1,1355,662,693,元大證券,2024-12-12,9800
00882,中信中國高股息,2277,1590,687,元大證券,2024-12-12,9800
2353,宏��,797,113,684,元大證券,2024-12-12,9800
3045,台灣大,813,133,680,元大證券,2024-12-12,9800
00927,群益半導體收益,1131,458,673,元大證券,2024-12-12,9800
00923,群益台ESG低碳50,1141,476,665,元大證券,2024-12-12,9800
2615,萬海,1449,828,621,元大證券,2024-12-12,9800
0050,元大台灣50,1450,834,616,元大證券,2024-12-12,9800
4904,遠傳,811,232,579,元大證券,2024-12-12,9800
3711,日月光投控,953,444,509,元大證券,2024-12-12,9800
00938,凱基優選30,1011,507,504,元大證券,2024-12-12,9800
2603,長榮,867,376,491,元大證券,2024-12-12,9800
4938,和碩,607,121,486,元大證券,2024-12-12,9800
00715L,期街口布蘭特正2,8486,846,7640,元大證券,2024-12-13,9800
2891,中信金,8098,1231,6867,元大證券,2024-12-13,9800
00753L,中信中國50正2,7391,1847,5544,元大證券,2024-12-13,9800
00676R,富邦臺灣加權反1,4636,1545,3091,元大證券,2024-12-13,9800
6005,群益證,3125,108,3017,元大證券,2024-12-13,9800
1102,亞泥,2700,124,2576,元大證券,2024-12-13,9800
00830,國泰費城半導體,3104,732,2372,元大證券,2024-12-13,9800
00929,復華台灣科技優息,4784,2558,2226,元大證券,2024-12-13,9800
2606,裕民,2163,206,1957,元大證券,2024-12-13,9800
00632R,元大台灣50反1,3867,1944,1923,元大證券,2024-12-13,9800
2317,鴻海,2632,808,1824,元大證券,2024-12-13,9800
4904,遠傳,1837,95,1742,元大證券,2024-12-13,9800
00642U,期元大S＆P石油,1666,1,1665,元大證券,2024-12-13,9800
2890,永豐金,1878,335,1543,元大證券,2024-12-13,9800
00936,台新永續高息中小,2563,1052,1511,元大證券,2024-12-13,9800
5483,中美晶,1836,488,1348,元大證券,2024-12-13,9800
00933B,國泰10Y+金融債,2993,1737,1256,元大證券,2024-12-13,9800
00885,富邦越南,1947,773,1174,元大證券,2024-12-13,9800
00962,台新AI優息動能,1614,467,1147,元大證券,2024-12-13,9800
00669R,國泰美國道瓊反1,1164,36,1128,元大證券,2024-12-13,9800
00947,台新臺灣IC設計,1541,419,1122,元大證券,2024-12-13,9800
2885,元大金,1304,183,1121,元大證券,2024-12-13,9800
2609,陽明,6266,5152,1114,元大證券,2024-12-13,9800
00891,中信關鍵半導體,1476,598,878,元大證券,2024-12-13,9800
2886,兆豐金,1856,989,867,元大證券,2024-12-13,9800
2324,仁寶,1122,318,804,元大證券,2024-12-13,9800
00664R,國泰臺灣加權反1,3022,2252,770,元大證券,2024-12-13,9800
1402,遠東新,1203,474,729,元大證券,2024-12-13,9800
00934,中信成長高股息,2098,1379,719,元大證券,2024-12-13,9800
3711,日月光投控,1069,391,678,元大證券,2024-12-13,9800
00637L,元大滬深300正2,29176,28517,659,元大證券,2024-12-13,9800
00639,富邦深100,949,295,654,元大證券,2024-12-13,9800
00690,兆豐藍籌30,760,119,641,元大證券,2024-12-13,9800
00902,中信電池及儲能,635,3,632,元大證券,2024-12-13,9800
00968B,元大優息投等債,1319,711,608,元大證券,2024-12-13,9800
020020,元大台股領航N,586,17,569,元大證券,2024-12-13,9800
00887,永豐中國科技50大,984,429,555,元大證券,2024-12-13,9800
00965,元大航太防衛科技,679,143,536,元大證券,2024-12-13,9800
2105,正新,653,118,535,元大證券,2024-12-13,9800
00893,國泰智能電動車,540,7,533,元大證券,2024-12-13,9800
00940,元大台灣價值高息,5092,4560,532,元大證券,2024-12-13,9800
3010,華立,560,41,519,元大證券,2024-12-13,9800
00960,野村全球航運龍頭,502,28,474,元大證券,2024-12-13,9800
4938,和碩,511,46,465,元大證券,2024-12-13,9800
2912,統一超,481,35,446,元大證券,2024-12-13,9800
3231,緯創,1344,914,430,元大證券,2024-12-13,9800
5522,遠雄,1103,682,421,元大證券,2024-12-13,9800
2027,大成鋼,555,147,408,元大證券,2024-12-13,9800
020038,元大ESG配息N,404,0,404,元大證券,2024-12-13,9800
00655L,國泰中國A50正2,2325,1932,393,元大證券,2024-12-13,9800
00966B,統一ESG投等債15,18837,1032,17805,元大證券,2024-12-16,9800
00929,復華台灣科技優息,15843,3896,11947,元大證券,2024-12-16,9800
00715L,期街口布蘭特正2,10605,793,9812,元大證券,2024-12-16,9800
2891,中信金,6129,1882,4247,元大證券,2024-12-16,9800
2888,新光金,4354,407,3947,元大證券,2024-12-16,9800
00642U,期元大S＆P石油,3670,1,3669,元大證券,2024-12-16,9800
00936,台新永續高息中小,3248,213,3035,元大證券,2024-12-16,9800
2886,兆豐金,3150,256,2894,元大證券,2024-12-16,9800
3045,台灣大,2854,121,2733,元大證券,2024-12-16,9800
00934,中信成長高股息,4518,1795,2723,元大證券,2024-12-16,9800
00830,國泰費城半導體,3535,880,2655,元大證券,2024-12-16,9800
2890,永豐金,2703,257,2446,元大證券,2024-12-16,9800
6005,群益證,2565,229,2336,元大證券,2024-12-16,9800
2317,鴻海,3838,1540,2298,元大證券,2024-12-16,9800
00669R,國泰美國道瓊反1,1946,0,1946,元大證券,2024-12-16,9800
1102,亞泥,1848,34,1814,元大證券,2024-12-16,9800
00676R,富邦臺灣加權反1,2442,916,1526,元大證券,2024-12-16,9800
2606,裕民,1683,179,1504,元大證券,2024-12-16,9800
2885,元大金,1777,340,1437,元大證券,2024-12-16,9800
2883,凱基金,2091,748,1343,元大證券,2024-12-16,9800
2881,富邦金,1508,355,1153,元大證券,2024-12-16,9800
1402,遠東新,1300,185,1115,元大證券,2024-12-16,9800
00882,中信中國高股息,2191,1130,1061,元大證券,2024-12-16,9800
8299,群聯,1090,88,1002,元大證券,2024-12-16,9800
00655L,國泰中國A50正2,2501,1544,957,元大證券,2024-12-16,9800
2303,聯電,3626,2678,948,元大證券,2024-12-16,9800
2324,仁寶,1253,308,945,元大證券,2024-12-16,9800
00772B,中信高評級公司債,2560,1617,943,元大證券,2024-12-16,9800
00945B,凱基美國非投等債,2098,1227,871,元大證券,2024-12-16,9800
00933B,國泰10Y+金融債,4768,3912,856,元大證券,2024-12-16,9800
00720B,元大投資級公司債,2145,1294,851,元大證券,2024-12-16,9800
00850,元大臺灣ESG永續,1163,330,833,元大證券,2024-12-16,9800
00761B,國泰A級公司債,837,22,815,元大證券,2024-12-16,9800
2105,正新,858,75,783,元大證券,2024-12-16,9800
00938,凱基優選30,779,22,757,元大證券,2024-12-16,9800
00911,兆豐洲際半導體,1086,337,749,元大證券,2024-12-16,9800
00951,台新日本半導體,1024,306,718,元大證券,2024-12-16,9800
1605,華新,917,210,707,元大證券,2024-12-16,9800
2356,英業達,1154,455,699,元大證券,2024-12-16,9800
3231,緯創,3460,2801,659,元大證券,2024-12-16,9800
2368,金像電,2582,1955,627,元大證券,2024-12-16,9800
2353,宏��,760,141,619,元大證券,2024-12-16,9800
00664R,國泰臺灣加權反1,1886,1349,537,元大證券,2024-12-16,9800
00885,富邦越南,454,7,447,元大證券,2024-12-16,9800
00939,統一台灣高息動能,1838,1398,440,元大證券,2024-12-16,9800
2027,大成鋼,736,298,438,元大證券,2024-12-16,9800
00636,國泰中國A50,673,241,432,元大證券,2024-12-16,9800
2301,光寶科,527,99,428,元大證券,2024-12-16,9800
00696B,富邦美債20年,813,387,426,元大證券,2024-12-16,9800
1303,南亞,847,427,420,元大證券,2024-12-16,9800
2887,台新金,29467,5049,24418,元大證券,2024-12-17,9800
2883,凱基金,24026,2301,21725,元大證券,2024-12-17,9800
00970B,新光BBB投等債20,21724,1,21723,元大證券,2024-12-17,9800
00919,群益台灣精選高息,14802,4711,10091,元大證券,2024-12-17,9800
00929,復華台灣科技優息,10341,1658,8683,元大證券,2024-12-17,9800
00637L,元大滬深300正2,24251,16673,7578,元大證券,2024-12-17,9800
00891,中信關鍵半導體,8273,1102,7171,元大證券,2024-12-17,9800
00934,中信成長高股息,7139,445,6694,元大證券,2024-12-17,9800
2347,聯強,5839,130,5709,元大證券,2024-12-17,9800
4904,遠傳,5497,40,5457,元大證券,2024-12-17,9800
6005,群益證,5004,225,4779,元大證券,2024-12-17,9800
00946,群益科技高息成長,5633,1094,4539,元大證券,2024-12-17,9800
2888,新光金,4391,153,4238,元大證券,2024-12-17,9800
00939,統一台灣高息動能,4513,894,3619,元大證券,2024-12-17,9800
00940,元大台灣價值高息,5757,2304,3453,元大證券,2024-12-17,9800
2891,中信金,4409,1455,2954,元大證券,2024-12-17,9800
2606,裕民,3325,480,2845,元大證券,2024-12-17,9800
00936,台新永續高息中小,2935,455,2480,元大證券,2024-12-17,9800
00922,國泰台灣領袖50,3808,1514,2294,元大證券,2024-12-17,9800
00927,群益半導體收益,2229,15,2214,元大證券,2024-12-17,9800
00941,中信上游半導體,2161,61,2100,元大證券,2024-12-17,9800
5522,遠雄,3673,1617,2056,元大證券,2024-12-17,9800
00947,台新臺灣IC設計,1970,184,1786,元大證券,2024-12-17,9800
00881,國泰台灣5G+,2043,287,1756,元大證券,2024-12-17,9800
2353,宏��,1822,100,1722,元大證券,2024-12-17,9800
6147,頎邦,1889,232,1657,元大證券,2024-12-17,9800
00655L,國泰中國A50正2,2303,768,1535,元大證券,2024-12-17,9800
00633L,富邦上証正2,2407,959,1448,元大證券,2024-12-17,9800
00650L,復華香港正2,6803,5483,1320,元大證券,2024-12-17,9800
00830,國泰費城半導體,2024,728,1296,元大證券,2024-12-17,9800
00669R,國泰美國道瓊反1,1250,0,1250,元大證券,2024-12-17,9800
00900,富邦特選高股息30,1825,601,1224,元大證券,2024-12-17,9800
2330,台積電,2104,1037,1067,元大證券,2024-12-17,9800
00885,富邦越南,1248,208,1040,元大證券,2024-12-17,9800
00943,兆豐電子高息等權,1048,15,1033,元大證券,2024-12-17,9800
00935,野村臺灣新科技50,1505,480,1025,元大證券,2024-12-17,9800
00764B,群益25年美債,1677,657,1020,元大證券,2024-12-17,9800
2885,元大金,1240,264,976,元大證券,2024-12-17,9800
2886,兆豐金,1916,979,937,元大證券,2024-12-17,9800
1402,遠東新,1495,570,925,元大證券,2024-12-17,9800
00949,復華日本龍頭,1147,235,912,元大證券,2024-12-17,9800
00631L,元大台灣50正2,1556,679,877,元大證券,2024-12-17,9800
00665L,富邦�琤肭磪囓�2,9576,8717,859,元大證券,2024-12-17,9800
00675L,富邦臺灣加權正2,1291,465,826,元大證券,2024-12-17,9800
00670L,富邦NASDAQ正2,820,39,781,元大證券,2024-12-17,9800
00923,群益台ESG低碳50,1236,515,721,元大證券,2024-12-17,9800
00696B,富邦美債20年,1594,889,705,元大證券,2024-12-17,9800
1210,大成,717,22,695,元大證券,2024-12-17,9800
0050,元大台灣50,1809,1124,685,元大證券,2024-12-17,9800
00877,復華中國5G,823,146,677,元大證券,2024-12-17,9800
2887,台新金,27084,5374,21710,元大證券,2024-12-18,9800
00929,復華台灣科技優息,20095,971,19124,元大證券,2024-12-18,9800
00940,元大台灣價值高息,17069,3414,13655,元大證券,2024-12-18,9800
00679B,元大美債20年,41599,34183,7416,元大證券,2024-12-18,9800
2888,新光金,7221,1428,5793,元大證券,2024-12-18,9800
00919,群益台灣精選高息,15200,9866,5334,元大證券,2024-12-18,9800
6005,群益證,5194,296,4898,元大證券,2024-12-18,9800
00664R,國泰臺灣加權反1,5416,819,4597,元大證券,2024-12-18,9800
00878,國泰永續高股息,8655,4428,4227,元大證券,2024-12-18,9800
00934,中信成長高股息,4209,1274,2935,元大證券,2024-12-18,9800
00936,台新永續高息中小,3044,142,2902,元大證券,2024-12-18,9800
00673R,期元大S＆P原油反1,4320,1704,2616,元大證券,2024-12-18,9800
00946,群益科技高息成長,4308,1694,2614,元大證券,2024-12-18,9800
2886,兆豐金,3335,779,2556,元大證券,2024-12-18,9800
00632R,元大台灣50反1,8501,6228,2273,元大證券,2024-12-18,9800
5483,中美晶,2670,561,2109,元大證券,2024-12-18,9800
00669R,國泰美國道瓊反1,2073,10,2063,元大證券,2024-12-18,9800
00949,復華日本龍頭,2116,53,2063,元大證券,2024-12-18,9800
00970B,新光BBB投等債20,2009,0,2009,元大證券,2024-12-18,9800
2330,台積電,3731,1937,1794,元大證券,2024-12-18,9800
2474,可成,2298,565,1733,元大證券,2024-12-18,9800
00665L,富邦�琤肭磪囓�2,8467,6883,1584,元大證券,2024-12-18,9800
00887,永豐中國科技50大,2226,689,1537,元大證券,2024-12-18,9800
00952,凱基台灣AI50,2869,1376,1493,元大證券,2024-12-18,9800
00891,中信關鍵半導體,2809,1360,1449,元大證券,2024-12-18,9800
2606,裕民,1801,370,1431,元大證券,2024-12-18,9800
00752,中信中國50,1362,150,1212,元大證券,2024-12-18,9800
00764B,群益25年美債,1667,460,1207,元大證券,2024-12-18,9800
00943,兆豐電子高息等權,1444,270,1174,元大證券,2024-12-18,9800
00969B,元大零息超長美債,1951,802,1149,元大證券,2024-12-18,9800
8112,至上,1225,99,1126,元大證券,2024-12-18,9800
00900,富邦特選高股息30,2257,1138,1119,元大證券,2024-12-18,9800
2912,統一超,1087,39,1048,元大證券,2024-12-18,9800
00696B,富邦美債20年,1434,424,1010,元大證券,2024-12-18,9800
0050,元大台灣50,1764,766,998,元大證券,2024-12-18,9800
00932,兆豐永續高息等權,1576,599,977,元大證券,2024-12-18,9800
00951,台新日本半導體,1336,474,862,元大證券,2024-12-18,9800
9105,泰金寶-DR,11449,10596,853,元大證券,2024-12-18,9800
00881,國泰台灣5G+,2358,1555,803,元大證券,2024-12-18,9800
00636,國泰中國A50,2204,1410,794,元大證券,2024-12-18,9800
2890,永豐金,1493,755,738,元大證券,2024-12-18,9800
00954,中信日本半導體,799,121,678,元大證券,2024-12-18,9800
3041,揚智,5177,4513,664,元大證券,2024-12-18,9800
00935,野村臺灣新科技50,995,353,642,元大證券,2024-12-18,9800
00927,群益半導體收益,1098,461,637,元大證券,2024-12-18,9800
00642U,期元大S＆P石油,668,52,616,元大證券,2024-12-18,9800
00888,永豐台灣ESG,776,168,608,元大證券,2024-12-18,9800
3010,華立,651,60,591,元大證券,2024-12-18,9800
2891,中信金,2178,1587,591,元大證券,2024-12-18,9800
00857B,永豐20年美公債,858,276,582,元大證券,2024-12-18,9800
2887,台新金,27052,1936,25116,元大證券,2024-12-19,9800
00632R,元大台灣50反1,16226,3736,12490,元大證券,2024-12-19,9800
00664R,國泰臺灣加權反1,14260,3054,11206,元大證券,2024-12-19,9800
2888,新光金,9205,826,8379,元大證券,2024-12-19,9800
00688L,國泰20年美債正2,17685,9439,8246,元大證券,2024-12-19,9800
00929,復華台灣科技優息,7419,812,6607,元大證券,2024-12-19,9800
00669R,國泰美國道瓊反1,5988,31,5957,元大證券,2024-12-19,9800
00637L,元大滬深300正2,16430,11286,5144,元大證券,2024-12-19,9800
00720B,元大投資級公司債,8439,3961,4478,元大證券,2024-12-19,9800
00665L,富邦�琤肭磪囓�2,8583,4262,4321,元大證券,2024-12-19,9800
2347,聯強,4145,47,4098,元大證券,2024-12-19,9800
00945B,凱基美國非投等債,4875,2062,2813,元大證券,2024-12-19,9800
00722B,群益投資級電信債,3502,711,2791,元大證券,2024-12-19,9800
00671R,富邦NASDAQ反1,2754,0,2754,元大證券,2024-12-19,9800
2317,鴻海,3901,1279,2622,元大證券,2024-12-19,9800
2891,中信金,4453,1973,2480,元大證券,2024-12-19,9800
00885,富邦越南,2314,50,2264,元大證券,2024-12-19,9800
00724B,群益投資級金融債,2564,717,1847,元大證券,2024-12-19,9800
2211,長榮鋼,2108,368,1740,元大證券,2024-12-19,9800
2330,台積電,2475,828,1647,元大證券,2024-12-19,9800
00940,元大台灣價值高息,5774,4157,1617,元大證券,2024-12-19,9800
00673R,期元大S＆P原油反1,2546,964,1582,元大證券,2024-12-19,9800
6285,啟��,3002,1426,1576,元大證券,2024-12-19,9800
00878,國泰永續高股息,10993,9439,1554,元大證券,2024-12-19,9800
2474,可成,1676,230,1446,元大證券,2024-12-19,9800
00942B,台新美A公司債20+,4615,3174,1441,元大證券,2024-12-19,9800
2353,宏��,1692,285,1407,元大證券,2024-12-19,9800
2609,陽明,3539,2210,1329,元大證券,2024-12-19,9800
00970B,新光BBB投等債20,2805,1501,1304,元大證券,2024-12-19,9800
00635U,期元大S＆P黃金,1455,161,1294,元大證券,2024-12-19,9800
00740B,富邦全球投等債,3163,1898,1265,元大證券,2024-12-19,9800
00633L,富邦上証正2,2729,1492,1237,元大證券,2024-12-19,9800
00773B,中信優先金融債,1402,211,1191,元大證券,2024-12-19,9800
1210,大成,1137,43,1094,元大證券,2024-12-19,9800
2441,超豐,1136,51,1085,元大證券,2024-12-19,9800
1504,東元,1343,286,1057,元大證券,2024-12-19,9800
2912,統一超,1346,290,1056,元大證券,2024-12-19,9800
2890,永豐金,1511,467,1044,元大證券,2024-12-19,9800
00877,復華中國5G,1162,126,1036,元大證券,2024-12-19,9800
3706,神達,3247,2377,870,元大證券,2024-12-19,9800
2886,兆豐金,2102,1293,809,元大證券,2024-12-19,9800
00943,兆豐電子高息等權,1425,645,780,元大證券,2024-12-19,9800
00949,復華日本龍頭,1117,392,725,元大證券,2024-12-19,9800
00655L,國泰中國A50正2,3083,2360,723,元大證券,2024-12-19,9800
00761B,國泰A級公司債,809,94,715,元大證券,2024-12-19,9800
2324,仁寶,1190,476,714,元大證券,2024-12-19,9800
00882,中信中國高股息,773,113,660,元大證券,2024-12-19,9800
00887,永豐中國科技50大,1201,547,654,元大證券,2024-12-19,9800
00963,中信全球高股息,679,60,619,元大證券,2024-12-19,9800
2618,長榮航,2240,1664,576,元大證券,2024-12-19,9800
