Ticker,Name,buy,sell,diff,Branch,Date,Branch_Code
00637L,元大滬深300正2,246,29,217,元大-台中,2023-01-03,9812
2465,麗臺,223,128,95,元大-台中,2023-01-03,9812
00641R,富邦日本反1,90,0,90,元大-台中,2023-01-03,9812
1519,華城,212,144,68,元大-台中,2023-01-03,9812
2317,鴻海,75,18,57,元大-台中,2023-01-03,9812
00680L,元大美債20正2,39,0,39,元大-台中,2023-01-03,9812
00632R,元大台灣50反1,86,52,34,元大-台中,2023-01-03,9812
1605,華新,38,10,28,元大-台中,2023-01-03,9812
00665L,富邦�琤肭磪囓�2,27,2,25,元大-台中,2023-01-03,9812
2537,聯上發,22,0,22,元大-台中,2023-01-03,9812
00885,富邦越南,22,0,22,元大-台中,2023-01-03,9812
5452,佶優,20,0,20,元大-台中,2023-01-03,9812
2023,燁輝,20,0,20,元大-台中,2023-01-03,9812
8429,金麗-KY,17,0,17,元大-台中,2023-01-03,9812
8940,新天地,14,0,14,元大-台中,2023-01-03,9812
1701,中化,19,5,14,元大-台中,2023-01-03,9812
6234,高僑,15,2,13,元大-台中,2023-01-03,9812
2498,宏達電,17,4,13,元大-台中,2023-01-03,9812
00670L,富邦NASDAQ正2,13,0,13,元大-台中,2023-01-03,9812
2634,漢翔,13,1,12,元大-台中,2023-01-03,9812
2239,英利-KY,10,0,10,元大-台中,2023-01-03,9812
1218,泰山,10,0,10,元大-台中,2023-01-03,9812
00733,富邦臺灣中小,10,0,10,元大-台中,2023-01-03,9812
2371,大同,10,0,10,元大-台中,2023-01-03,9812
2609,陽明,39,30,9,元大-台中,2023-01-03,9812
1303,南亞,9,0,9,元大-台中,2023-01-03,9812
00900,富邦特選高股息30,9,0,9,元大-台中,2023-01-03,9812
00878,國泰永續高股息,8,0,8,元大-台中,2023-01-03,9812
3163,波若威,8,0,8,元大-台中,2023-01-03,9812
5009,榮剛,23,15,8,元大-台中,2023-01-03,9812
2618,長榮航,9,1,8,元大-台中,2023-01-03,9812
2603,長榮,8,1,7,元大-台中,2023-01-03,9812
4126,太醫,6,0,6,元大-台中,2023-01-03,9812
4123,晟德,6,0,6,元大-台中,2023-01-03,9812
1101,台泥,10,5,5,元大-台中,2023-01-03,9812
2884,玉山金,6,1,5,元大-台中,2023-01-03,9812
6598,ABC-KY,5,0,5,元大-台中,2023-01-03,9812
6547,高端疫苗,5,0,5,元大-台中,2023-01-03,9812
4746,台耀,21,16,5,元大-台中,2023-01-03,9812
6441,廣錠,5,0,5,元大-台中,2023-01-03,9812
2615,萬海,21,16,5,元大-台中,2023-01-03,9812
3162,精確,5,0,5,元大-台中,2023-01-03,9812
00903,富邦元宇宙,5,0,5,元大-台中,2023-01-03,9812
6192,巨路,5,0,5,元大-台中,2023-01-03,9812
9904,寶成,5,0,5,元大-台中,2023-01-03,9812
8390,金益鼎,5,0,5,元大-台中,2023-01-03,9812
2610,華航,5,1,4,元大-台中,2023-01-03,9812
6550,北極星藥業-KY,4,0,4,元大-台中,2023-01-03,9812
0056,元大高股息,4,0,4,元大-台中,2023-01-03,9812
1810,和成,6,2,4,元大-台中,2023-01-03,9812
1529,樂事綠能,363,63,300,元大-台中,2023-01-04,9812
4402,郡都開發,132,0,132,元大-台中,2023-01-04,9812
1513,中興電,142,77,65,元大-台中,2023-01-04,9812
2615,萬海,70,11,59,元大-台中,2023-01-04,9812
2412,中華電,50,1,49,元大-台中,2023-01-04,9812
2317,鴻海,47,6,41,元大-台中,2023-01-04,9812
1795,美時,31,1,30,元大-台中,2023-01-04,9812
2201,裕隆,55,34,21,元大-台中,2023-01-04,9812
2609,陽明,42,22,20,元大-台中,2023-01-04,9812
3290,東浦,15,0,15,元大-台中,2023-01-04,9812
2637,慧洋-KY,28,13,15,元大-台中,2023-01-04,9812
6234,高僑,15,0,15,元大-台中,2023-01-04,9812
00715L,期街口布蘭特正2,14,0,14,元大-台中,2023-01-04,9812
1785,光洋科,18,5,13,元大-台中,2023-01-04,9812
5452,佶優,13,0,13,元大-台中,2023-01-04,9812
8171,天宇,41,29,12,元大-台中,2023-01-04,9812
3037,欣興,23,12,11,元大-台中,2023-01-04,9812
2002,中鋼,16,5,11,元大-台中,2023-01-04,9812
2537,聯上發,11,0,11,元大-台中,2023-01-04,9812
00632R,元大台灣50反1,10,0,10,元大-台中,2023-01-04,9812
00665L,富邦�琤肭磪囓�2,10,0,10,元大-台中,2023-01-04,9812
4743,合一,30,20,10,元大-台中,2023-01-04,9812
6806,森崴能源,21,12,9,元大-台中,2023-01-04,9812
3630,新鉅科,14,5,9,元大-台中,2023-01-04,9812
4167,松瑞藥,9,1,8,元大-台中,2023-01-04,9812
6182,合晶,9,1,8,元大-台中,2023-01-04,9812
8933,愛地雅,7,0,7,元大-台中,2023-01-04,9812
3272,東碩,7,0,7,元大-台中,2023-01-04,9812
6274,台燿,8,1,7,元大-台中,2023-01-04,9812
4147,中裕,7,0,7,元大-台中,2023-01-04,9812
2413,環科,7,0,7,元大-台中,2023-01-04,9812
2009,第一銅,11,4,7,元大-台中,2023-01-04,9812
3362,先進光,7,1,6,元大-台中,2023-01-04,9812
8940,新天地,6,0,6,元大-台中,2023-01-04,9812
2610,華航,6,0,6,元大-台中,2023-01-04,9812
00680L,元大美債20正2,6,0,6,元大-台中,2023-01-04,9812
912000,晨訊科-DR,6,0,6,元大-台中,2023-01-04,9812
2606,裕民,7,1,6,元大-台中,2023-01-04,9812
1762,中化生,6,0,6,元大-台中,2023-01-04,9812
3163,波若威,6,0,6,元大-台中,2023-01-04,9812
2603,長榮,21,16,5,元大-台中,2023-01-04,9812
3056,富華新,5,0,5,元大-台中,2023-01-04,9812
2884,玉山金,6,1,5,元大-台中,2023-01-04,9812
6235,華孚,49,44,5,元大-台中,2023-01-04,9812
2014,中鴻,5,0,5,元大-台中,2023-01-04,9812
8390,金益鼎,10,5,5,元大-台中,2023-01-04,9812
3027,盛達,33,28,5,元大-台中,2023-01-04,9812
2206,三陽工業,5,0,5,元大-台中,2023-01-04,9812
2379,瑞昱,7,2,5,元大-台中,2023-01-04,9812
8046,南電,17,13,4,元大-台中,2023-01-04,9812
6770,力積電,180,35,145,元大-台中,2023-01-05,9812
2609,陽明,126,4,122,元大-台中,2023-01-05,9812
4402,郡都開發,120,0,120,元大-台中,2023-01-05,9812
00680L,元大美債20正2,88,6,82,元大-台中,2023-01-05,9812
00885,富邦越南,81,0,81,元大-台中,2023-01-05,9812
2412,中華電,60,0,60,元大-台中,2023-01-05,9812
1909,榮成,61,4,57,元大-台中,2023-01-05,9812
3037,欣興,46,6,40,元大-台中,2023-01-05,9812
2408,南亞科,43,6,37,元大-台中,2023-01-05,9812
1701,中化,36,7,29,元大-台中,2023-01-05,9812
2330,台積電,33,8,25,元大-台中,2023-01-05,9812
2317,鴻海,24,2,22,元大-台中,2023-01-05,9812
5425,台半,27,5,22,元大-台中,2023-01-05,9812
6116,彩晶,21,0,21,元大-台中,2023-01-05,9812
2345,智邦,31,11,20,元大-台中,2023-01-05,9812
3034,聯詠,26,8,18,元大-台中,2023-01-05,9812
00893,國泰智能電動車,22,5,17,元大-台中,2023-01-05,9812
00715L,期街口布蘭特正2,17,0,17,元大-台中,2023-01-05,9812
00878,國泰永續高股息,22,5,17,元大-台中,2023-01-05,9812
5009,榮剛,29,13,16,元大-台中,2023-01-05,9812
1795,美時,16,1,15,元大-台中,2023-01-05,9812
4909,新復興,15,0,15,元大-台中,2023-01-05,9812
8390,金益鼎,26,15,11,元大-台中,2023-01-05,9812
1605,華新,36,25,11,元大-台中,2023-01-05,9812
2014,中鴻,11,0,11,元大-台中,2023-01-05,9812
5608,四維航,10,0,10,元大-台中,2023-01-05,9812
4979,華星光,12,2,10,元大-台中,2023-01-05,9812
1218,泰山,15,5,10,元大-台中,2023-01-05,9812
3047,訊舟,10,0,10,元大-台中,2023-01-05,9812
3105,穩懋,11,1,10,元大-台中,2023-01-05,9812
00641R,富邦日本反1,10,0,10,元大-台中,2023-01-05,9812
4746,台耀,10,0,10,元大-台中,2023-01-05,9812
3444,利機,10,0,10,元大-台中,2023-01-05,9812
2419,仲琦,17,7,10,元大-台中,2023-01-05,9812
2201,裕隆,50,40,10,元大-台中,2023-01-05,9812
2009,第一銅,10,1,9,元大-台中,2023-01-05,9812
00712,復華富時不動產,8,0,8,元大-台中,2023-01-05,9812
00683L,期元大美元指正2,8,0,8,元大-台中,2023-01-05,9812
3290,東浦,8,0,8,元大-台中,2023-01-05,9812
8411,福貞-KY,8,0,8,元大-台中,2023-01-05,9812
0050,元大台灣50,8,0,8,元大-台中,2023-01-05,9812
3704,合勤控,19,12,7,元大-台中,2023-01-05,9812
8069,元太,21,14,7,元大-台中,2023-01-05,9812
2482,連宇,30,23,7,元大-台中,2023-01-05,9812
3669,圓展,7,0,7,元大-台中,2023-01-05,9812
3708,上緯投控,8,1,7,元大-台中,2023-01-05,9812
3362,先進光,9,2,7,元大-台中,2023-01-05,9812
5388,中磊,6,0,6,元大-台中,2023-01-05,9812
6235,華孚,7,1,6,元大-台中,2023-01-05,9812
1514,亞力,8,2,6,元大-台中,2023-01-05,9812
00885,富邦越南,132,50,82,元大-台中,2023-01-06,9812
2412,中華電,80,1,79,元大-台中,2023-01-06,9812
5347,世界,123,50,73,元大-台中,2023-01-06,9812
00632R,元大台灣50反1,66,0,66,元大-台中,2023-01-06,9812
2867,三商壽,36,0,36,元大-台中,2023-01-06,9812
2303,聯電,59,28,31,元大-台中,2023-01-06,9812
4763,材料-KY,37,7,30,元大-台中,2023-01-06,9812
8928,鉅明,30,1,29,元大-台中,2023-01-06,9812
00665L,富邦�琤肭磪囓�2,69,40,29,元大-台中,2023-01-06,9812
00902,中信電池及儲能,20,0,20,元大-台中,2023-01-06,9812
1519,華城,37,18,19,元大-台中,2023-01-06,9812
2537,聯上發,17,0,17,元大-台中,2023-01-06,9812
8390,金益鼎,15,0,15,元大-台中,2023-01-06,9812
2034,允強,15,2,13,元大-台中,2023-01-06,9812
2201,裕隆,26,14,12,元大-台中,2023-01-06,9812
6227,茂綸,12,0,12,元大-台中,2023-01-06,9812
2367,燿華,15,3,12,元大-台中,2023-01-06,9812
1701,中化,24,12,12,元大-台中,2023-01-06,9812
00680L,元大美債20正2,14,3,11,元大-台中,2023-01-06,9812
6244,茂迪,11,0,11,元大-台中,2023-01-06,9812
1524,耿鼎,10,0,10,元大-台中,2023-01-06,9812
4979,華星光,10,0,10,元大-台中,2023-01-06,9812
3047,訊舟,10,0,10,元大-台中,2023-01-06,9812
00882,中信中國高股息,9,0,9,元大-台中,2023-01-06,9812
2609,陽明,90,81,9,元大-台中,2023-01-06,9812
6591,動力-KY,9,0,9,元大-台中,2023-01-06,9812
2344,華邦電,11,2,9,元大-台中,2023-01-06,9812
2317,鴻海,11,2,9,元大-台中,2023-01-06,9812
2009,第一銅,8,0,8,元大-台中,2023-01-06,9812
4536,拓凱,10,2,8,元大-台中,2023-01-06,9812
00916,國泰全球品牌50,7,0,7,元大-台中,2023-01-06,9812
3443,創意,46,39,7,元大-台中,2023-01-06,9812
8086,宏捷科,11,4,7,元大-台中,2023-01-06,9812
00720B,元大投資級公司債,7,0,7,元大-台中,2023-01-06,9812
00888,永豐台灣ESG,7,0,7,元大-台中,2023-01-06,9812
8429,金麗-KY,7,0,7,元大-台中,2023-01-06,9812
6191,精成科,8,1,7,元大-台中,2023-01-06,9812
1529,樂事綠能,35,28,7,元大-台中,2023-01-06,9812
2614,東森,8,1,7,元大-台中,2023-01-06,9812
00670L,富邦NASDAQ正2,6,0,6,元大-台中,2023-01-06,9812
2845,遠東銀,6,0,6,元大-台中,2023-01-06,9812
8222,寶一,6,0,6,元大-台中,2023-01-06,9812
4909,新復興,6,0,6,元大-台中,2023-01-06,9812
3508,位速,8,2,6,元大-台中,2023-01-06,9812
3141,晶宏,7,1,6,元大-台中,2023-01-06,9812
00642U,期元大S＆P石油,5,0,5,元大-台中,2023-01-06,9812
2465,麗臺,6,1,5,元大-台中,2023-01-06,9812
00903,富邦元宇宙,5,0,5,元大-台中,2023-01-06,9812
1785,光洋科,5,0,5,元大-台中,2023-01-06,9812
5351,鈺創,6,1,5,元大-台中,2023-01-06,9812
00637L,元大滬深300正2,200,5,195,元大-台中,2023-01-09,9812
00885,富邦越南,124,2,122,元大-台中,2023-01-09,9812
9958,世紀鋼,102,3,99,元大-台中,2023-01-09,9812
00632R,元大台灣50反1,85,6,79,元大-台中,2023-01-09,9812
5014,建錩,50,0,50,元大-台中,2023-01-09,9812
2412,中華電,50,3,47,元大-台中,2023-01-09,9812
6133,金橋,47,4,43,元大-台中,2023-01-09,9812
00665L,富邦�琤肭磪囓�2,107,69,38,元大-台中,2023-01-09,9812
3162,精確,35,0,35,元大-台中,2023-01-09,9812
4763,材料-KY,32,2,30,元大-台中,2023-01-09,9812
8421,旭源,28,0,28,元大-台中,2023-01-09,9812
2338,光罩,96,68,28,元大-台中,2023-01-09,9812
1605,華新,63,38,25,元大-台中,2023-01-09,9812
2014,中鴻,55,31,24,元大-台中,2023-01-09,9812
2363,矽統,21,0,21,元大-台中,2023-01-09,9812
006208,富邦台50,17,0,17,元大-台中,2023-01-09,9812
6806,森崴能源,16,0,16,元大-台中,2023-01-09,9812
2610,華航,29,13,16,元大-台中,2023-01-09,9812
00670L,富邦NASDAQ正2,21,5,16,元大-台中,2023-01-09,9812
2317,鴻海,17,2,15,元大-台中,2023-01-09,9812
2313,華通,19,4,15,元大-台中,2023-01-09,9812
3141,晶宏,33,19,14,元大-台中,2023-01-09,9812
6191,精成科,20,7,13,元大-台中,2023-01-09,9812
3535,晶彩科,13,1,12,元大-台中,2023-01-09,9812
3661,世芯-KY,22,11,11,元大-台中,2023-01-09,9812
2867,三商壽,12,1,11,元大-台中,2023-01-09,9812
5608,四維航,14,3,11,元大-台中,2023-01-09,9812
2034,允強,10,0,10,元大-台中,2023-01-09,9812
3059,華晶科,10,0,10,元大-台中,2023-01-09,9812
6156,松上,10,0,10,元大-台中,2023-01-09,9812
00902,中信電池及儲能,12,2,10,元大-台中,2023-01-09,9812
5015,華祺,10,0,10,元大-台中,2023-01-09,9812
1314,中石化,10,0,10,元大-台中,2023-01-09,9812
1714,和桐,10,0,10,元大-台中,2023-01-09,9812
8390,金益鼎,10,0,10,元大-台中,2023-01-09,9812
6143,振曜,11,2,9,元大-台中,2023-01-09,9812
6591,動力-KY,9,0,9,元大-台中,2023-01-09,9812
00715L,期街口布蘭特正2,9,0,9,元大-台中,2023-01-09,9812
6689,伊雲谷,9,0,9,元大-台中,2023-01-09,9812
2382,廣達,11,2,9,元大-台中,2023-01-09,9812
00905,FT臺灣Smart,9,0,9,元大-台中,2023-01-09,9812
3443,創意,23,15,8,元大-台中,2023-01-09,9812
8043,蜜望實,8,0,8,元大-台中,2023-01-09,9812
2375,凱美,8,0,8,元大-台中,2023-01-09,9812
5386,青雲,8,0,8,元大-台中,2023-01-09,9812
6257,矽格,10,2,8,元大-台中,2023-01-09,9812
2812,台中銀,13,6,7,元大-台中,2023-01-09,9812
8429,金麗-KY,10,3,7,元大-台中,2023-01-09,9812
2614,東森,6,0,6,元大-台中,2023-01-09,9812
6227,茂綸,6,0,6,元大-台中,2023-01-09,9812
00632R,元大台灣50反1,63,2,61,元大-台中,2023-01-10,9812
5014,建錩,60,0,60,元大-台中,2023-01-10,9812
2607,榮運,30,0,30,元大-台中,2023-01-10,9812
2883,凱基金,30,1,29,元大-台中,2023-01-10,9812
1714,和桐,23,0,23,元大-台中,2023-01-10,9812
2323,中環,26,3,23,元大-台中,2023-01-10,9812
2069,運錩,22,0,22,元大-台中,2023-01-10,9812
5009,榮剛,20,0,20,元大-台中,2023-01-10,9812
8289,泰藝,20,0,20,元大-台中,2023-01-10,9812
2867,三商壽,18,0,18,元大-台中,2023-01-10,9812
00679B,元大美債20年,17,0,17,元大-台中,2023-01-10,9812
2029,盛餘,17,0,17,元大-台中,2023-01-10,9812
1513,中興電,24,8,16,元大-台中,2023-01-10,9812
8940,新天地,15,0,15,元大-台中,2023-01-10,9812
2204,中華,14,0,14,元大-台中,2023-01-10,9812
2317,鴻海,15,1,14,元大-台中,2023-01-10,9812
00900,富邦特選高股息30,14,1,13,元大-台中,2023-01-10,9812
2486,一詮,16,3,13,元大-台中,2023-01-10,9812
2201,裕隆,28,15,13,元大-台中,2023-01-10,9812
00715L,期街口布蘭特正2,12,1,11,元大-台中,2023-01-10,9812
2332,友訊,11,0,11,元大-台中,2023-01-10,9812
5388,中磊,12,1,11,元大-台中,2023-01-10,9812
4167,松瑞藥,12,1,11,元大-台中,2023-01-10,9812
00885,富邦越南,12,1,11,元大-台中,2023-01-10,9812
00637L,元大滬深300正2,314,304,10,元大-台中,2023-01-10,9812
00683L,期元大美元指正2,10,0,10,元大-台中,2023-01-10,9812
2612,中航,10,0,10,元大-台中,2023-01-10,9812
6770,力積電,20,10,10,元大-台中,2023-01-10,9812
8069,元太,45,35,10,元大-台中,2023-01-10,9812
8046,南電,9,0,9,元大-台中,2023-01-10,9812
2929,淘帝-KY,9,0,9,元大-台中,2023-01-10,9812
2367,燿華,13,4,9,元大-台中,2023-01-10,9812
2009,第一銅,14,5,9,元大-台中,2023-01-10,9812
4968,立積,21,12,9,元大-台中,2023-01-10,9812
4114,健喬,8,0,8,元大-台中,2023-01-10,9812
3037,欣興,8,1,7,元大-台中,2023-01-10,9812
6550,北極星藥業-KY,7,0,7,元大-台中,2023-01-10,9812
3708,上緯投控,16,9,7,元大-台中,2023-01-10,9812
5469,瀚宇博,7,0,7,元大-台中,2023-01-10,9812
4906,正文,6,0,6,元大-台中,2023-01-10,9812
4162,智擎,6,0,6,元大-台中,2023-01-10,9812
6218,豪勉,8,2,6,元大-台中,2023-01-10,9812
1514,亞力,6,0,6,元大-台中,2023-01-10,9812
6223,旺矽,19,13,6,元大-台中,2023-01-10,9812
3714,富采,13,7,6,元大-台中,2023-01-10,9812
1736,喬山,13,7,6,元大-台中,2023-01-10,9812
2614,東森,17,12,5,元大-台中,2023-01-10,9812
6443,元晶,29,24,5,元大-台中,2023-01-10,9812
6266,泰詠,5,0,5,元大-台中,2023-01-10,9812
4977,眾達-KY,6,1,5,元大-台中,2023-01-10,9812
0050,元大台灣50,232,6,226,元大-台中,2023-01-11,9812
3162,精確,96,1,95,元大-台中,2023-01-11,9812
2069,運錩,68,0,68,元大-台中,2023-01-11,9812
3045,台灣大,60,0,60,元大-台中,2023-01-11,9812
5371,中光電,61,1,60,元大-台中,2023-01-11,9812
2412,中華電,50,2,48,元大-台中,2023-01-11,9812
3682,亞太電,40,0,40,元大-台中,2023-01-11,9812
2323,中環,37,0,37,元大-台中,2023-01-11,9812
2537,聯上發,35,0,35,元大-台中,2023-01-11,9812
6239,力成,25,0,25,元大-台中,2023-01-11,9812
8050,廣積,25,0,25,元大-台中,2023-01-11,9812
1785,光洋科,25,1,24,元大-台中,2023-01-11,9812
1718,中纖,23,0,23,元大-台中,2023-01-11,9812
00632R,元大台灣50反1,22,1,21,元大-台中,2023-01-11,9812
3207,耀勝,36,16,20,元大-台中,2023-01-11,9812
2867,三商壽,18,0,18,元大-台中,2023-01-11,9812
2884,玉山金,18,1,17,元大-台中,2023-01-11,9812
2402,毅嘉,16,0,16,元大-台中,2023-01-11,9812
5425,台半,20,4,16,元大-台中,2023-01-11,9812
2892,第一金,16,1,15,元大-台中,2023-01-11,9812
2882,國泰金,20,5,15,元大-台中,2023-01-11,9812
1714,和桐,15,0,15,元大-台中,2023-01-11,9812
3430,奇鈦科,15,0,15,元大-台中,2023-01-11,9812
1513,中興電,18,4,14,元大-台中,2023-01-11,9812
2302,麗正,12,0,12,元大-台中,2023-01-11,9812
6182,合晶,12,0,12,元大-台中,2023-01-11,9812
3163,波若威,19,8,11,元大-台中,2023-01-11,9812
2201,裕隆,17,6,11,元大-台中,2023-01-11,9812
6589,台康生技,12,1,11,元大-台中,2023-01-11,9812
3013,晟銘電,10,0,10,元大-台中,2023-01-11,9812
6591,動力-KY,10,0,10,元大-台中,2023-01-11,9812
1504,東元,10,0,10,元大-台中,2023-01-11,9812
9955,佳龍,10,0,10,元大-台中,2023-01-11,9812
2606,裕民,15,5,10,元大-台中,2023-01-11,9812
3710,連展投控,10,0,10,元大-台中,2023-01-11,9812
5905,南仁湖,10,0,10,元大-台中,2023-01-11,9812
1795,美時,10,2,8,元大-台中,2023-01-11,9812
2615,萬海,7,0,7,元大-台中,2023-01-11,9812
6207,雷科,7,0,7,元大-台中,2023-01-11,9812
1529,樂事綠能,32,25,7,元大-台中,2023-01-11,9812
6751,智聯服務,7,0,7,元大-台中,2023-01-11,9812
8996,高力,25,19,6,元大-台中,2023-01-11,9812
2748,雲品,7,1,6,元大-台中,2023-01-11,9812
5258,虹堡,49,43,6,元大-台中,2023-01-11,9812
4743,合一,35,29,6,元大-台中,2023-01-11,9812
3687,歐買尬,6,0,6,元大-台中,2023-01-11,9812
6609,瀧澤科,7,1,6,元大-台中,2023-01-11,9812
00905,FT臺灣Smart,6,0,6,元大-台中,2023-01-11,9812
8429,金麗-KY,6,0,6,元大-台中,2023-01-11,9812
4162,智擎,6,0,6,元大-台中,2023-01-11,9812
00637L,元大滬深300正2,415,210,205,元大-台中,2023-01-12,9812
00706L,期元大S＆P日圓正2,100,0,100,元大-台中,2023-01-12,9812
2009,第一銅,298,222,76,元大-台中,2023-01-12,9812
2892,第一金,54,0,54,元大-台中,2023-01-12,9812
00665L,富邦�琤肭磪囓�2,190,145,45,元大-台中,2023-01-12,9812
2358,廷鑫,98,55,43,元大-台中,2023-01-12,9812
5371,中光電,40,0,40,元大-台中,2023-01-12,9812
2412,中華電,39,0,39,元大-台中,2023-01-12,9812
2867,三商壽,39,0,39,元大-台中,2023-01-12,9812
3162,精確,40,2,38,元大-台中,2023-01-12,9812
2409,友達,51,16,35,元大-台中,2023-01-12,9812
2317,鴻海,30,5,25,元大-台中,2023-01-12,9812
1809,中釉,27,4,23,元大-台中,2023-01-12,9812
2607,榮運,20,0,20,元大-台中,2023-01-12,9812
00878,國泰永續高股息,20,0,20,元大-台中,2023-01-12,9812
3430,奇鈦科,18,0,18,元大-台中,2023-01-12,9812
2537,聯上發,17,0,17,元大-台中,2023-01-12,9812
00882,中信中國高股息,17,2,15,元大-台中,2023-01-12,9812
2609,陽明,115,101,14,元大-台中,2023-01-12,9812
8390,金益鼎,14,0,14,元大-台中,2023-01-12,9812
8924,大田,12,0,12,元大-台中,2023-01-12,9812
3027,盛達,12,0,12,元大-台中,2023-01-12,9812
2615,萬海,23,12,11,元大-台中,2023-01-12,9812
3013,晟銘電,11,0,11,元大-台中,2023-01-12,9812
2014,中鴻,20,10,10,元大-台中,2023-01-12,9812
2401,凌陽,10,0,10,元大-台中,2023-01-12,9812
2888,新光金,12,3,9,元大-台中,2023-01-12,9812
6443,元晶,17,8,9,元大-台中,2023-01-12,9812
2436,偉詮電,9,0,9,元大-台中,2023-01-12,9812
2338,光罩,42,34,8,元大-台中,2023-01-12,9812
6155,鈞寶,8,0,8,元大-台中,2023-01-12,9812
4162,智擎,21,13,8,元大-台中,2023-01-12,9812
00712,復華富時不動產,10,2,8,元大-台中,2023-01-12,9812
00715L,期街口布蘭特正2,10,2,8,元大-台中,2023-01-12,9812
2891,中信金,9,1,8,元大-台中,2023-01-12,9812
00713,元大台灣高息低波,7,0,7,元大-台中,2023-01-12,9812
8440,綠電,7,0,7,元大-台中,2023-01-12,9812
1605,華新,24,17,7,元大-台中,2023-01-12,9812
2028,威致,9,2,7,元大-台中,2023-01-12,9812
00679B,元大美債20年,7,0,7,元大-台中,2023-01-12,9812
8183,精星,7,0,7,元大-台中,2023-01-12,9812
0056,元大高股息,11,4,7,元大-台中,2023-01-12,9812
1305,華夏,11,5,6,元大-台中,2023-01-12,9812
2221,大甲,6,0,6,元大-台中,2023-01-12,9812
4804,大略-KY,7,1,6,元大-台中,2023-01-12,9812
2031,新光鋼,8,2,6,元大-台中,2023-01-12,9812
3037,欣興,6,0,6,元大-台中,2023-01-12,9812
2421,建準,6,0,6,元大-台中,2023-01-12,9812
3030,德律,6,0,6,元大-台中,2023-01-12,9812
5009,榮剛,16,10,6,元大-台中,2023-01-12,9812
2897,王道銀行,150,0,150,元大-台中,2023-01-13,9812
6770,力積電,152,2,150,元大-台中,2023-01-13,9812
00632R,元大台灣50反1,85,1,84,元大-台中,2023-01-13,9812
2303,聯電,123,43,80,元大-台中,2023-01-13,9812
3162,精確,80,1,79,元大-台中,2023-01-13,9812
2025,千興,47,0,47,元大-台中,2023-01-13,9812
3704,合勤控,36,0,36,元大-台中,2023-01-13,9812
3481,群創,31,0,31,元大-台中,2023-01-13,9812
5351,鈺創,24,8,16,元大-台中,2023-01-13,9812
00900,富邦特選高股息30,16,1,15,元大-台中,2023-01-13,9812
3443,創意,35,23,12,元大-台中,2023-01-13,9812
8401,白紗科,11,0,11,元大-台中,2023-01-13,9812
4130,健亞,11,0,11,元大-台中,2023-01-13,9812
2317,鴻海,10,0,10,元大-台中,2023-01-13,9812
3430,奇鈦科,10,0,10,元大-台中,2023-01-13,9812
00673R,期元大S＆P原油反1,10,0,10,元大-台中,2023-01-13,9812
5014,建錩,10,0,10,元大-台中,2023-01-13,9812
00680L,元大美債20正2,10,0,10,元大-台中,2023-01-13,9812
00679B,元大美債20年,13,3,10,元大-台中,2023-01-13,9812
5425,台半,10,0,10,元大-台中,2023-01-13,9812
2002,中鋼,10,1,9,元大-台中,2023-01-13,9812
2537,聯上發,8,0,8,元大-台中,2023-01-13,9812
5347,世界,22,14,8,元大-台中,2023-01-13,9812
2637,慧洋-KY,7,0,7,元大-台中,2023-01-13,9812
4979,華星光,28,21,7,元大-台中,2023-01-13,9812
2481,強茂,7,0,7,元大-台中,2023-01-13,9812
6274,台燿,6,0,6,元大-台中,2023-01-13,9812
2495,普安,6,0,6,元大-台中,2023-01-13,9812
2358,廷鑫,14,8,6,元大-台中,2023-01-13,9812
3141,晶宏,6,0,6,元大-台中,2023-01-13,9812
6477,安集,5,0,5,元大-台中,2023-01-13,9812
2465,麗臺,12,7,5,元大-台中,2023-01-13,9812
6182,合晶,5,0,5,元大-台中,2023-01-13,9812
2312,金寶,7,2,5,元大-台中,2023-01-13,9812
6278,台表科,5,0,5,元大-台中,2023-01-13,9812
8016,矽創,5,0,5,元大-台中,2023-01-13,9812
8390,金益鼎,5,0,5,元大-台中,2023-01-13,9812
3545,敦泰,5,0,5,元大-台中,2023-01-13,9812
1905,華紙,5,0,5,元大-台中,2023-01-13,9812
2615,萬海,7,2,5,元大-台中,2023-01-13,9812
1584,精剛,8,3,5,元大-台中,2023-01-13,9812
2834,臺企銀,6,2,4,元大-台中,2023-01-13,9812
2476,鉅祥,5,1,4,元大-台中,2023-01-13,9812
1605,華新,15,11,4,元大-台中,2023-01-13,9812
8940,新天地,4,0,4,元大-台中,2023-01-13,9812
2754,亞洲藏壽司,4,0,4,元大-台中,2023-01-13,9812
2851,中再保,5,2,3,元大-台中,2023-01-13,9812
2812,台中銀,3,0,3,元大-台中,2023-01-13,9812
2892,第一金,3,0,3,元大-台中,2023-01-13,9812
00642U,期元大S＆P石油,5,2,3,元大-台中,2023-01-13,9812
00632R,元大台灣50反1,72,1,71,元大-台中,2023-01-16,9812
6770,力積電,56,0,56,元大-台中,2023-01-16,9812
2313,華通,52,1,51,元大-台中,2023-01-16,9812
3430,奇鈦科,27,0,27,元大-台中,2023-01-16,9812
1806,冠軍,24,0,24,元大-台中,2023-01-16,9812
2609,陽明,28,6,22,元大-台中,2023-01-16,9812
2324,仁寶,21,0,21,元大-台中,2023-01-16,9812
00905,FT臺灣Smart,16,0,16,元大-台中,2023-01-16,9812
2615,萬海,17,2,15,元大-台中,2023-01-16,9812
00712,復華富時不動產,15,0,15,元大-台中,2023-01-16,9812
4743,合一,30,16,14,元大-台中,2023-01-16,9812
2201,裕隆,32,19,13,元大-台中,2023-01-16,9812
6206,飛捷,13,0,13,元大-台中,2023-01-16,9812
9955,佳龍,23,11,12,元大-台中,2023-01-16,9812
3293,鈊象,13,1,12,元大-台中,2023-01-16,9812
00665L,富邦�琤肭磪囓�2,11,0,11,元大-台中,2023-01-16,9812
2331,精英,11,0,11,元大-台中,2023-01-16,9812
00900,富邦特選高股息30,11,1,10,元大-台中,2023-01-16,9812
5425,台半,10,0,10,元大-台中,2023-01-16,9812
2405,輔信,10,0,10,元大-台中,2023-01-16,9812
3013,晟銘電,10,0,10,元大-台中,2023-01-16,9812
6806,森崴能源,10,0,10,元大-台中,2023-01-16,9812
6182,合晶,9,0,9,元大-台中,2023-01-16,9812
00770,國泰北美科技,12,3,9,元大-台中,2023-01-16,9812
1701,中化,11,3,8,元大-台中,2023-01-16,9812
00720B,元大投資級公司債,8,0,8,元大-台中,2023-01-16,9812
00673R,期元大S＆P原油反1,8,0,8,元大-台中,2023-01-16,9812
2543,皇昌,7,0,7,元大-台中,2023-01-16,9812
3057,喬鼎,7,0,7,元大-台中,2023-01-16,9812
2444,兆勁,7,0,7,元大-台中,2023-01-16,9812
1605,華新,11,4,7,元大-台中,2023-01-16,9812
2461,光群雷,7,0,7,元大-台中,2023-01-16,9812
00881,國泰台灣5G+,9,2,7,元大-台中,2023-01-16,9812
2603,長榮,6,0,6,元大-台中,2023-01-16,9812
6142,友勁,6,0,6,元大-台中,2023-01-16,9812
6274,台燿,10,4,6,元大-台中,2023-01-16,9812
6150,撼訊,6,0,6,元大-台中,2023-01-16,9812
4934,太極,6,0,6,元大-台中,2023-01-16,9812
2889,國票金,8,2,6,元大-台中,2023-01-16,9812
2885,元大金,10,5,5,元大-台中,2023-01-16,9812
2338,光罩,36,31,5,元大-台中,2023-01-16,9812
2023,燁輝,5,0,5,元大-台中,2023-01-16,9812
2614,東森,10,5,5,元大-台中,2023-01-16,9812
00850,元大臺灣ESG永續,5,0,5,元大-台中,2023-01-16,9812
3059,華晶科,5,0,5,元大-台中,2023-01-16,9812
8928,鉅明,5,0,5,元大-台中,2023-01-16,9812
2358,廷鑫,11,6,5,元大-台中,2023-01-16,9812
1452,宏益,5,0,5,元大-台中,2023-01-16,9812
8210,勤誠,6,1,5,元大-台中,2023-01-16,9812
8087,麗升能源,6,1,5,元大-台中,2023-01-16,9812
00637L,元大滬深300正2,206,71,135,元大-台中,2023-01-17,9812
2069,運錩,93,0,93,元大-台中,2023-01-17,9812
00665L,富邦�琤肭磪囓�2,60,0,60,元大-台中,2023-01-17,9812
2610,華航,51,10,41,元大-台中,2023-01-17,9812
2867,三商壽,36,0,36,元大-台中,2023-01-17,9812
0056,元大高股息,35,1,34,元大-台中,2023-01-17,9812
8155,博智,44,12,32,元大-台中,2023-01-17,9812
00882,中信中國高股息,46,15,31,元大-台中,2023-01-17,9812
3430,奇鈦科,25,0,25,元大-台中,2023-01-17,9812
2880,華南金,20,0,20,元大-台中,2023-01-17,9812
00648R,元大S＆P500反1,20,0,20,元大-台中,2023-01-17,9812
00632R,元大台灣50反1,31,12,19,元大-台中,2023-01-17,9812
1806,冠軍,16,0,16,元大-台中,2023-01-17,9812
00670L,富邦NASDAQ正2,15,0,15,元大-台中,2023-01-17,9812
1101,台泥,15,1,14,元大-台中,2023-01-17,9812
2615,萬海,19,5,14,元大-台中,2023-01-17,9812
9955,佳龍,13,0,13,元大-台中,2023-01-17,9812
00878,國泰永續高股息,18,6,12,元大-台中,2023-01-17,9812
1513,中興電,27,15,12,元大-台中,2023-01-17,9812
00679B,元大美債20年,16,5,11,元大-台中,2023-01-17,9812
2882,國泰金,31,20,11,元大-台中,2023-01-17,9812
8038,長園科,11,0,11,元大-台中,2023-01-17,9812
4961,天鈺,17,6,11,元大-台中,2023-01-17,9812
3481,群創,113,103,10,元大-台中,2023-01-17,9812
2609,陽明,59,49,10,元大-台中,2023-01-17,9812
2614,東森,17,7,10,元大-台中,2023-01-17,9812
3033,威健,10,0,10,元大-台中,2023-01-17,9812
00669R,國泰美國道瓊反1,10,0,10,元大-台中,2023-01-17,9812
2014,中鴻,14,4,10,元大-台中,2023-01-17,9812
6139,亞翔,10,0,10,元大-台中,2023-01-17,9812
2618,長榮航,14,5,9,元大-台中,2023-01-17,9812
3455,由田,8,0,8,元大-台中,2023-01-17,9812
3708,上緯投控,8,0,8,元大-台中,2023-01-17,9812
3296,勝德,7,0,7,元大-台中,2023-01-17,9812
2360,致茂,7,0,7,元大-台中,2023-01-17,9812
2884,玉山金,8,1,7,元大-台中,2023-01-17,9812
6443,元晶,7,0,7,元大-台中,2023-01-17,9812
2812,台中銀,20,14,6,元大-台中,2023-01-17,9812
3583,辛耘,10,4,6,元大-台中,2023-01-17,9812
9802,鈺齊-KY,6,0,6,元大-台中,2023-01-17,9812
8069,元太,10,4,6,元大-台中,2023-01-17,9812
00900,富邦特選高股息30,6,0,6,元大-台中,2023-01-17,9812
00905,FT臺灣Smart,6,0,6,元大-台中,2023-01-17,9812
3037,欣興,9,3,6,元大-台中,2023-01-17,9812
3705,永信,5,0,5,元大-台中,2023-01-17,9812
1468,昶和,5,0,5,元大-台中,2023-01-17,9812
4162,智擎,7,2,5,元大-台中,2023-01-17,9812
4977,眾達-KY,6,1,5,元大-台中,2023-01-17,9812
3441,聯一光,7,2,5,元大-台中,2023-01-17,9812
1584,精剛,5,0,5,元大-台中,2023-01-17,9812
6282,康舒,2429,1435,994,元大-台中,2023-01-30,9812
00885,富邦越南,149,6,143,元大-台中,2023-01-30,9812
6770,力積電,260,148,112,元大-台中,2023-01-30,9812
00720B,元大投資級公司債,58,0,58,元大-台中,2023-01-30,9812
3447,展達,72,20,52,元大-台中,2023-01-30,9812
2867,三商壽,40,2,38,元大-台中,2023-01-30,9812
4906,正文,36,0,36,元大-台中,2023-01-30,9812
2221,大甲,35,0,35,元大-台中,2023-01-30,9812
2014,中鴻,59,24,35,元大-台中,2023-01-30,9812
6612,奈米醫材,35,0,35,元大-台中,2023-01-30,9812
2609,陽明,116,82,34,元大-台中,2023-01-30,9812
1519,華城,53,21,32,元大-台中,2023-01-30,9812
00632R,元大台灣50反1,37,13,24,元大-台中,2023-01-30,9812
2363,矽統,22,0,22,元大-台中,2023-01-30,9812
2892,第一金,25,3,22,元大-台中,2023-01-30,9812
3056,富華新,20,0,20,元大-台中,2023-01-30,9812
6142,友勁,20,0,20,元大-台中,2023-01-30,9812
5386,青雲,18,0,18,元大-台中,2023-01-30,9812
4979,華星光,26,8,18,元大-台中,2023-01-30,9812
2025,千興,20,3,17,元大-台中,2023-01-30,9812
4909,新復興,17,0,17,元大-台中,2023-01-30,9812
1216,統一,21,5,16,元大-台中,2023-01-30,9812
6109,亞元,16,0,16,元大-台中,2023-01-30,9812
6191,精成科,16,0,16,元大-台中,2023-01-30,9812
8942,森鉅,16,0,16,元大-台中,2023-01-30,9812
2634,漢翔,19,5,14,元大-台中,2023-01-30,9812
1305,華夏,15,1,14,元大-台中,2023-01-30,9812
1569,濱川,13,0,13,元大-台中,2023-01-30,9812
1443,立益物流,13,0,13,元大-台中,2023-01-30,9812
3430,奇鈦科,12,0,12,元大-台中,2023-01-30,9812
00637L,元大滬深300正2,26,14,12,元大-台中,2023-01-30,9812
3030,德律,11,0,11,元大-台中,2023-01-30,9812
2230,泰茂,11,0,11,元大-台中,2023-01-30,9812
6207,雷科,11,0,11,元大-台中,2023-01-30,9812
8299,群聯,16,6,10,元大-台中,2023-01-30,9812
2413,環科,10,0,10,元大-台中,2023-01-30,9812
1785,光洋科,10,0,10,元大-台中,2023-01-30,9812
00878,國泰永續高股息,44,34,10,元大-台中,2023-01-30,9812
0056,元大高股息,17,8,9,元大-台中,2023-01-30,9812
5471,松翰,10,1,9,元大-台中,2023-01-30,9812
00888,永豐台灣ESG,11,2,9,元大-台中,2023-01-30,9812
8105,凌巨,20,11,9,元大-台中,2023-01-30,9812
2313,華通,15,6,9,元大-台中,2023-01-30,9812
2603,長榮,10,1,9,元大-台中,2023-01-30,9812
8069,元太,18,10,8,元大-台中,2023-01-30,9812
1593,祺驊,8,0,8,元大-台中,2023-01-30,9812
6672,騰輝電子-KY,9,1,8,元大-台中,2023-01-30,9812
3048,益登,8,0,8,元大-台中,2023-01-30,9812
00673R,期元大S＆P原油反1,8,0,8,元大-台中,2023-01-30,9812
2897,王道銀行,8,0,8,元大-台中,2023-01-30,9812
1402,遠東新,350,0,350,元大-台中,2023-01-31,9812
1519,華城,177,48,129,元大-台中,2023-01-31,9812
00632R,元大台灣50反1,108,5,103,元大-台中,2023-01-31,9812
2002,中鋼,107,7,100,元大-台中,2023-01-31,9812
00637L,元大滬深300正2,89,4,85,元大-台中,2023-01-31,9812
00885,富邦越南,64,0,64,元大-台中,2023-01-31,9812
2038,海光,89,31,58,元大-台中,2023-01-31,9812
2323,中環,56,3,53,元大-台中,2023-01-31,9812
00905,FT臺灣Smart,51,0,51,元大-台中,2023-01-31,9812
1605,華新,215,171,44,元大-台中,2023-01-31,9812
2358,廷鑫,48,7,41,元大-台中,2023-01-31,9812
2308,台達電,40,0,40,元大-台中,2023-01-31,9812
4979,華星光,65,26,39,元大-台中,2023-01-31,9812
2885,元大金,32,0,32,元大-台中,2023-01-31,9812
3056,富華新,30,0,30,元大-台中,2023-01-31,9812
1612,宏泰,66,37,29,元大-台中,2023-01-31,9812
3037,欣興,52,23,29,元大-台中,2023-01-31,9812
5425,台半,42,14,28,元大-台中,2023-01-31,9812
2892,第一金,24,0,24,元大-台中,2023-01-31,9812
8121,越峰,22,0,22,元大-台中,2023-01-31,9812
3406,玉晶光,20,0,20,元大-台中,2023-01-31,9812
3013,晟銘電,22,2,20,元大-台中,2023-01-31,9812
00665L,富邦�琤肭磪囓�2,58,40,18,元大-台中,2023-01-31,9812
8105,凌巨,28,11,17,元大-台中,2023-01-31,9812
2412,中華電,16,0,16,元大-台中,2023-01-31,9812
6227,茂綸,16,0,16,元大-台中,2023-01-31,9812
2201,裕隆,95,80,15,元大-台中,2023-01-31,9812
3031,佰鴻,14,0,14,元大-台中,2023-01-31,9812
2887,台新金,28,15,13,元大-台中,2023-01-31,9812
2204,中華,15,2,13,元大-台中,2023-01-31,9812
4961,天鈺,19,6,13,元大-台中,2023-01-31,9812
00646,元大S＆P500,11,0,11,元大-台中,2023-01-31,9812
2884,玉山金,16,5,11,元大-台中,2023-01-31,9812
00720B,元大投資級公司債,12,1,11,元大-台中,2023-01-31,9812
6207,雷科,11,0,11,元大-台中,2023-01-31,9812
1514,亞力,11,0,11,元大-台中,2023-01-31,9812
2881,富邦金,16,6,10,元大-台中,2023-01-31,9812
3147,大綜,10,0,10,元大-台中,2023-01-31,9812
2543,皇昌,10,0,10,元大-台中,2023-01-31,9812
2314,台揚,10,0,10,元大-台中,2023-01-31,9812
2342,茂矽,10,0,10,元大-台中,2023-01-31,9812
00688L,國泰20年美債正2,10,0,10,元大-台中,2023-01-31,9812
2380,虹光,10,0,10,元大-台中,2023-01-31,9812
3189,景碩,10,1,9,元大-台中,2023-01-31,9812
00712,復華富時不動產,12,3,9,元大-台中,2023-01-31,9812
2230,泰茂,20,11,9,元大-台中,2023-01-31,9812
8942,森鉅,9,0,9,元大-台中,2023-01-31,9812
4503,金雨,9,0,9,元大-台中,2023-01-31,9812
1708,東鹼,11,3,8,元大-台中,2023-01-31,9812
00876,元大全球5G,8,0,8,元大-台中,2023-01-31,9812
2888,新光金,353,3,350,元大-台中,2023-02-01,9812
00885,富邦越南,79,6,73,元大-台中,2023-02-01,9812
2867,三商壽,72,0,72,元大-台中,2023-02-01,9812
2030,彰源,70,0,70,元大-台中,2023-02-01,9812
1609,大亞,170,107,63,元大-台中,2023-02-01,9812
4114,健喬,79,23,56,元大-台中,2023-02-01,9812
1605,華新,148,93,55,元大-台中,2023-02-01,9812
1904,正隆,50,0,50,元大-台中,2023-02-01,9812
00878,國泰永續高股息,50,4,46,元大-台中,2023-02-01,9812
2344,華邦電,58,13,45,元大-台中,2023-02-01,9812
00637L,元大滬深300正2,46,2,44,元大-台中,2023-02-01,9812
2482,連宇,115,75,40,元大-台中,2023-02-01,9812
0056,元大高股息,49,12,37,元大-台中,2023-02-01,9812
2492,華新科,142,109,33,元大-台中,2023-02-01,9812
00669R,國泰美國道瓊反1,32,0,32,元大-台中,2023-02-01,9812
9105,泰金寶-DR,31,0,31,元大-台中,2023-02-01,9812
2338,光罩,30,1,29,元大-台中,2023-02-01,9812
2615,萬海,30,2,28,元大-台中,2023-02-01,9812
2025,千興,28,0,28,元大-台中,2023-02-01,9812
2885,元大金,27,1,26,元大-台中,2023-02-01,9812
8038,長園科,25,0,25,元大-台中,2023-02-01,9812
00665L,富邦�琤肭磪囓�2,71,47,24,元大-台中,2023-02-01,9812
3481,群創,31,10,21,元大-台中,2023-02-01,9812
3047,訊舟,36,15,21,元大-台中,2023-02-01,9812
2478,大毅,20,0,20,元大-台中,2023-02-01,9812
2332,友訊,20,0,20,元大-台中,2023-02-01,9812
5386,青雲,19,0,19,元大-台中,2023-02-01,9812
3189,景碩,23,6,17,元大-台中,2023-02-01,9812
9958,世紀鋼,21,5,16,元大-台中,2023-02-01,9812
2883,凱基金,219,203,16,元大-台中,2023-02-01,9812
2409,友達,16,0,16,元大-台中,2023-02-01,9812
2634,漢翔,23,8,15,元大-台中,2023-02-01,9812
00900,富邦特選高股息30,20,5,15,元大-台中,2023-02-01,9812
00882,中信中國高股息,15,0,15,元大-台中,2023-02-01,9812
2221,大甲,16,1,15,元大-台中,2023-02-01,9812
2009,第一銅,95,80,15,元大-台中,2023-02-01,9812
00905,FT臺灣Smart,14,0,14,元大-台中,2023-02-01,9812
2881,富邦金,13,0,13,元大-台中,2023-02-01,9812
2617,台航,14,1,13,元大-台中,2023-02-01,9812
3540,曜越,12,0,12,元大-台中,2023-02-01,9812
9904,寶成,12,1,11,元大-台中,2023-02-01,9812
1593,祺驊,11,0,11,元大-台中,2023-02-01,9812
1519,華城,99,88,11,元大-台中,2023-02-01,9812
6142,友勁,10,0,10,元大-台中,2023-02-01,9812
3265,台星科,10,0,10,元大-台中,2023-02-01,9812
8105,凌巨,10,0,10,元大-台中,2023-02-01,9812
2014,中鴻,19,9,10,元大-台中,2023-02-01,9812
3236,千如,10,0,10,元大-台中,2023-02-01,9812
1536,和大,11,1,10,元大-台中,2023-02-01,9812
6207,雷科,10,0,10,元大-台中,2023-02-01,9812
2884,玉山金,1002,10,992,元大-台中,2023-02-02,9812
2498,宏達電,606,231,375,元大-台中,2023-02-02,9812
2603,長榮,203,5,198,元大-台中,2023-02-02,9812
2885,元大金,118,34,84,元大-台中,2023-02-02,9812
2038,海光,69,1,68,元大-台中,2023-02-02,9812
00885,富邦越南,61,2,59,元大-台中,2023-02-02,9812
4510,高鋒,56,0,56,元大-台中,2023-02-02,9812
2025,千興,49,0,49,元大-台中,2023-02-02,9812
1718,中纖,38,0,38,元大-台中,2023-02-02,9812
5864,致和證,36,0,36,元大-台中,2023-02-02,9812
6016,康和證,36,0,36,元大-台中,2023-02-02,9812
6015,宏遠證,36,0,36,元大-台中,2023-02-02,9812
2468,華經,95,60,35,元大-台中,2023-02-02,9812
00878,國泰永續高股息,47,15,32,元大-台中,2023-02-02,9812
6284,佳邦,30,0,30,元大-台中,2023-02-02,9812
6129,普誠,49,19,30,元大-台中,2023-02-02,9812
00665L,富邦�琤肭磪囓�2,30,0,30,元大-台中,2023-02-02,9812
4562,穎漢,26,0,26,元大-台中,2023-02-02,9812
2014,中鴻,34,8,26,元大-台中,2023-02-02,9812
4960,誠美材,26,0,26,元大-台中,2023-02-02,9812
2323,中環,28,3,25,元大-台中,2023-02-02,9812
3236,千如,20,0,20,元大-台中,2023-02-02,9812
8390,金益鼎,20,0,20,元大-台中,2023-02-02,9812
2380,虹光,20,0,20,元大-台中,2023-02-02,9812
2618,長榮航,29,9,20,元大-台中,2023-02-02,9812
3481,群創,46,27,19,元大-台中,2023-02-02,9812
4142,國光生,21,2,19,元大-台中,2023-02-02,9812
00882,中信中國高股息,31,12,19,元大-台中,2023-02-02,9812
1524,耿鼎,25,7,18,元大-台中,2023-02-02,9812
3037,欣興,66,48,18,元大-台中,2023-02-02,9812
2486,一詮,20,3,17,元大-台中,2023-02-02,9812
3447,展達,15,0,15,元大-台中,2023-02-02,9812
4168,醣聯,15,0,15,元大-台中,2023-02-02,9812
1409,新纖,15,1,14,元大-台中,2023-02-02,9812
2888,新光金,16,3,13,元大-台中,2023-02-02,9812
6443,元晶,26,13,13,元大-台中,2023-02-02,9812
4999,鑫禾,13,0,13,元大-台中,2023-02-02,9812
3443,創意,43,31,12,元大-台中,2023-02-02,9812
6026,福邦證,12,0,12,元大-台中,2023-02-02,9812
3714,富采,14,2,12,元大-台中,2023-02-02,9812
6642,富致,12,0,12,元大-台中,2023-02-02,9812
6142,友勁,11,0,11,元大-台中,2023-02-02,9812
2634,漢翔,11,0,11,元大-台中,2023-02-02,9812
5009,榮剛,15,4,11,元大-台中,2023-02-02,9812
3034,聯詠,10,0,10,元大-台中,2023-02-02,9812
2412,中華電,10,0,10,元大-台中,2023-02-02,9812
2351,順德,14,4,10,元大-台中,2023-02-02,9812
6743,安普新,10,0,10,元大-台中,2023-02-02,9812
2929,淘帝-KY,12,2,10,元大-台中,2023-02-02,9812
6508,惠光,10,0,10,元大-台中,2023-02-02,9812
2880,華南金,201,20,181,元大-台中,2023-02-03,9812
6770,力積電,316,190,126,元大-台中,2023-02-03,9812
9105,泰金寶-DR,112,4,108,元大-台中,2023-02-03,9812
1402,遠東新,101,0,101,元大-台中,2023-02-03,9812
6104,創惟,504,420,84,元大-台中,2023-02-03,9812
1584,精剛,95,30,65,元大-台中,2023-02-03,9812
00878,國泰永續高股息,64,6,58,元大-台中,2023-02-03,9812
2891,中信金,54,1,53,元大-台中,2023-02-03,9812
2468,華經,53,3,50,元大-台中,2023-02-03,9812
2609,陽明,56,8,48,元大-台中,2023-02-03,9812
1569,濱川,48,0,48,元大-台中,2023-02-03,9812
00637L,元大滬深300正2,254,206,48,元大-台中,2023-02-03,9812
00903,富邦元宇宙,70,24,46,元大-台中,2023-02-03,9812
2344,華邦電,61,18,43,元大-台中,2023-02-03,9812
00642U,期元大S＆P石油,35,0,35,元大-台中,2023-02-03,9812
1909,榮成,33,1,32,元大-台中,2023-02-03,9812
5009,榮剛,41,11,30,元大-台中,2023-02-03,9812
3481,群創,31,3,28,元大-台中,2023-02-03,9812
8069,元太,43,15,28,元大-台中,2023-02-03,9812
2338,光罩,22,0,22,元大-台中,2023-02-03,9812
2363,矽統,27,5,22,元大-台中,2023-02-03,9812
2731,雄獅,25,4,21,元大-台中,2023-02-03,9812
5388,中磊,21,0,21,元大-台中,2023-02-03,9812
2603,長榮,60,39,21,元大-台中,2023-02-03,9812
1536,和大,20,1,19,元大-台中,2023-02-03,9812
2886,兆豐金,17,0,17,元大-台中,2023-02-03,9812
2888,新光金,23,6,17,元大-台中,2023-02-03,9812
2610,華航,19,3,16,元大-台中,2023-02-03,9812
1504,東元,17,1,16,元大-台中,2023-02-03,9812
00680L,元大美債20正2,15,0,15,元大-台中,2023-02-03,9812
2882,國泰金,28,14,14,元大-台中,2023-02-03,9812
2892,第一金,14,0,14,元大-台中,2023-02-03,9812
6118,建達,20,6,14,元大-台中,2023-02-03,9812
3305,昇貿,18,4,14,元大-台中,2023-02-03,9812
3207,耀勝,23,9,14,元大-台中,2023-02-03,9812
2834,臺企銀,15,2,13,元大-台中,2023-02-03,9812
4746,台耀,14,1,13,元大-台中,2023-02-03,9812
3057,喬鼎,14,2,12,元大-台中,2023-02-03,9812
2312,金寶,12,0,12,元大-台中,2023-02-03,9812
3508,位速,16,4,12,元大-台中,2023-02-03,9812
5351,鈺創,45,33,12,元大-台中,2023-02-03,9812
2885,元大金,15,3,12,元大-台中,2023-02-03,9812
2317,鴻海,13,1,12,元大-台中,2023-02-03,9812
5251,天鉞電,11,0,11,元大-台中,2023-02-03,9812
3701,大眾控,12,1,11,元大-台中,2023-02-03,9812
6669,緯穎,11,0,11,元大-台中,2023-02-03,9812
00772B,中信高評級公司債,10,0,10,元大-台中,2023-02-03,9812
4961,天鈺,12,2,10,元大-台中,2023-02-03,9812
2392,正崴,10,0,10,元大-台中,2023-02-03,9812
3447,展達,10,0,10,元大-台中,2023-02-03,9812
2498,宏達電,231,53,178,元大-台中,2023-02-06,9812
00642U,期元大S＆P石油,95,0,95,元大-台中,2023-02-06,9812
00878,國泰永續高股息,96,5,91,元大-台中,2023-02-06,9812
00903,富邦元宇宙,104,30,74,元大-台中,2023-02-06,9812
3037,欣興,85,22,63,元大-台中,2023-02-06,9812
6770,力積電,219,166,53,元大-台中,2023-02-06,9812
00706L,期元大S＆P日圓正2,52,0,52,元大-台中,2023-02-06,9812
00637L,元大滬深300正2,58,6,52,元大-台中,2023-02-06,9812
00680L,元大美債20正2,53,2,51,元大-台中,2023-02-06,9812
2408,南亞科,42,0,42,元大-台中,2023-02-06,9812
2328,廣宇,50,8,42,元大-台中,2023-02-06,9812
1605,華新,59,21,38,元大-台中,2023-02-06,9812
2312,金寶,40,2,38,元大-台中,2023-02-06,9812
2034,允強,50,15,35,元大-台中,2023-02-06,9812
00632R,元大台灣50反1,40,9,31,元大-台中,2023-02-06,9812
2603,長榮,43,14,29,元大-台中,2023-02-06,9812
2344,華邦電,30,1,29,元大-台中,2023-02-06,9812
9105,泰金寶-DR,29,0,29,元大-台中,2023-02-06,9812
2884,玉山金,48,20,28,元大-台中,2023-02-06,9812
2897,王道銀行,23,0,23,元大-台中,2023-02-06,9812
5009,榮剛,20,2,18,元大-台中,2023-02-06,9812
2025,千興,18,0,18,元大-台中,2023-02-06,9812
6118,建達,27,9,18,元大-台中,2023-02-06,9812
8069,元太,32,14,18,元大-台中,2023-02-06,9812
2883,凱基金,221,204,17,元大-台中,2023-02-06,9812
6761,穩得,17,0,17,元大-台中,2023-02-06,9812
2482,連宇,75,59,16,元大-台中,2023-02-06,9812
2338,光罩,15,0,15,元大-台中,2023-02-06,9812
4956,光鋐,15,0,15,元大-台中,2023-02-06,9812
2888,新光金,21,6,15,元大-台中,2023-02-06,9812
8936,國統,40,26,14,元大-台中,2023-02-06,9812
2009,第一銅,22,8,14,元大-台中,2023-02-06,9812
6603,富強鑫,15,2,13,元大-台中,2023-02-06,9812
3035,智原,31,18,13,元大-台中,2023-02-06,9812
6235,華孚,158,146,12,元大-台中,2023-02-06,9812
2891,中信金,12,1,11,元大-台中,2023-02-06,9812
00902,中信電池及儲能,11,0,11,元大-台中,2023-02-06,9812
1785,光洋科,12,1,11,元大-台中,2023-02-06,9812
2609,陽明,25,14,11,元大-台中,2023-02-06,9812
3105,穩懋,10,0,10,元大-台中,2023-02-06,9812
1701,中化,17,7,10,元大-台中,2023-02-06,9812
1513,中興電,14,4,10,元大-台中,2023-02-06,9812
2367,燿華,10,0,10,元大-台中,2023-02-06,9812
00679B,元大美債20年,10,0,10,元大-台中,2023-02-06,9812
2353,宏��,10,1,9,元大-台中,2023-02-06,9812
2201,裕隆,17,8,9,元大-台中,2023-02-06,9812
1529,樂事綠能,10,2,8,元大-台中,2023-02-06,9812
1733,五鼎,8,0,8,元大-台中,2023-02-06,9812
1783,和康生,127,120,7,元大-台中,2023-02-06,9812
2402,毅嘉,7,0,7,元大-台中,2023-02-06,9812
00642U,期元大S＆P石油,100,0,100,元大-台中,2023-02-07,9812
2002,中鋼,101,2,99,元大-台中,2023-02-07,9812
2312,金寶,65,0,65,元大-台中,2023-02-07,9812
3162,精確,100,40,60,元大-台中,2023-02-07,9812
2317,鴻海,59,5,54,元大-台中,2023-02-07,9812
00680L,元大美債20正2,54,3,51,元大-台中,2023-02-07,9812
1605,華新,81,35,46,元大-台中,2023-02-07,9812
00878,國泰永續高股息,54,11,43,元大-台中,2023-02-07,9812
6142,友勁,40,0,40,元大-台中,2023-02-07,9812
2882,國泰金,40,1,39,元大-台中,2023-02-07,9812
2014,中鴻,40,2,38,元大-台中,2023-02-07,9812
6509,聚和,36,4,32,元大-台中,2023-02-07,9812
4743,合一,47,16,31,元大-台中,2023-02-07,9812
2834,臺企銀,40,12,28,元大-台中,2023-02-07,9812
1785,光洋科,31,3,28,元大-台中,2023-02-07,9812
00715L,期街口布蘭特正2,23,0,23,元大-台中,2023-02-07,9812
2344,華邦電,32,9,23,元大-台中,2023-02-07,9812
2482,連宇,28,5,23,元大-台中,2023-02-07,9812
2603,長榮,24,3,21,元大-台中,2023-02-07,9812
1701,中化,32,11,21,元大-台中,2023-02-07,9812
6770,力積電,58,37,21,元大-台中,2023-02-07,9812
1752,南光,58,38,20,元大-台中,2023-02-07,9812
8155,博智,20,1,19,元大-台中,2023-02-07,9812
8403,盛弘,18,0,18,元大-台中,2023-02-07,9812
00902,中信電池及儲能,18,0,18,元大-台中,2023-02-07,9812
9907,統一實,20,2,18,元大-台中,2023-02-07,9812
1101,台泥,27,9,18,元大-台中,2023-02-07,9812
00712,復華富時不動產,16,0,16,元大-台中,2023-02-07,9812
2888,新光金,25,11,14,元大-台中,2023-02-07,9812
8069,元太,51,38,13,元大-台中,2023-02-07,9812
6235,華孚,73,60,13,元大-台中,2023-02-07,9812
5864,致和證,12,0,12,元大-台中,2023-02-07,9812
6546,正基,12,0,12,元大-台中,2023-02-07,9812
1810,和成,11,0,11,元大-台中,2023-02-07,9812
2634,漢翔,11,0,11,元大-台中,2023-02-07,9812
2425,承啟,11,0,11,元大-台中,2023-02-07,9812
2885,元大金,11,0,11,元大-台中,2023-02-07,9812
2609,陽明,102,92,10,元大-台中,2023-02-07,9812
3048,益登,10,0,10,元大-台中,2023-02-07,9812
1409,新纖,10,0,10,元大-台中,2023-02-07,9812
4129,聯合,11,1,10,元大-台中,2023-02-07,9812
4906,正文,10,0,10,元大-台中,2023-02-07,9812
4911,德英,10,0,10,元大-台中,2023-02-07,9812
2884,玉山金,10,0,10,元大-台中,2023-02-07,9812
8931,大汽電,9,0,9,元大-台中,2023-02-07,9812
00772B,中信高評級公司債,9,0,9,元大-台中,2023-02-07,9812
2230,泰茂,11,2,9,元大-台中,2023-02-07,9812
3576,聯合再生,15,6,9,元大-台中,2023-02-07,9812
00679B,元大美債20年,9,1,8,元大-台中,2023-02-07,9812
00720B,元大投資級公司債,8,0,8,元大-台中,2023-02-07,9812
00903,富邦元宇宙,242,3,239,元大-台中,2023-02-08,9812
6770,力積電,107,32,75,元大-台中,2023-02-08,9812
1714,和桐,65,0,65,元大-台中,2023-02-08,9812
1402,遠東新,50,0,50,元大-台中,2023-02-08,9812
3105,穩懋,50,4,46,元大-台中,2023-02-08,9812
1467,南緯,40,0,40,元大-台中,2023-02-08,9812
00642U,期元大S＆P石油,62,22,40,元大-台中,2023-02-08,9812
6116,彩晶,40,2,38,元大-台中,2023-02-08,9812
4743,合一,49,12,37,元大-台中,2023-02-08,9812
6282,康舒,46,16,30,元大-台中,2023-02-08,9812
00680L,元大美債20正2,30,0,30,元大-台中,2023-02-08,9812
2607,榮運,30,0,30,元大-台中,2023-02-08,9812
00632R,元大台灣50反1,30,2,28,元大-台中,2023-02-08,9812
2897,王道銀行,30,5,25,元大-台中,2023-02-08,9812
2482,連宇,27,2,25,元大-台中,2023-02-08,9812
1806,冠軍,25,0,25,元大-台中,2023-02-08,9812
1513,中興電,39,16,23,元大-台中,2023-02-08,9812
2884,玉山金,22,1,21,元大-台中,2023-02-08,9812
4906,正文,21,0,21,元大-台中,2023-02-08,9812
00902,中信電池及儲能,19,0,19,元大-台中,2023-02-08,9812
6589,台康生技,51,33,18,元大-台中,2023-02-08,9812
1752,南光,60,42,18,元大-台中,2023-02-08,9812
9919,康那香,17,0,17,元大-台中,2023-02-08,9812
2338,光罩,20,4,16,元大-台中,2023-02-08,9812
1584,精剛,22,6,16,元大-台中,2023-02-08,9812
2025,千興,15,0,15,元大-台中,2023-02-08,9812
1409,新纖,24,9,15,元大-台中,2023-02-08,9812
3059,華晶科,15,0,15,元大-台中,2023-02-08,9812
00679B,元大美債20年,15,1,14,元大-台中,2023-02-08,9812
6472,保瑞,35,21,14,元大-台中,2023-02-08,9812
2317,鴻海,19,6,13,元大-台中,2023-02-08,9812
00878,國泰永續高股息,38,25,13,元大-台中,2023-02-08,9812
3715,定穎投控,13,0,13,元大-台中,2023-02-08,9812
2401,凌陽,15,2,13,元大-台中,2023-02-08,9812
6546,正基,13,0,13,元大-台中,2023-02-08,9812
2412,中華電,13,0,13,元大-台中,2023-02-08,9812
4736,泰博,12,0,12,元大-台中,2023-02-08,9812
2360,致茂,12,0,12,元大-台中,2023-02-08,9812
3037,欣興,22,10,12,元大-台中,2023-02-08,9812
2379,瑞昱,15,3,12,元大-台中,2023-02-08,9812
00885,富邦越南,13,3,10,元大-台中,2023-02-08,9812
00637L,元大滬深300正2,10,0,10,元大-台中,2023-02-08,9812
2801,彰銀,10,0,10,元大-台中,2023-02-08,9812
1310,台苯,10,0,10,元大-台中,2023-02-08,9812
00673R,期元大S＆P原油反1,10,0,10,元大-台中,2023-02-08,9812
8429,金麗-KY,10,0,10,元大-台中,2023-02-08,9812
1701,中化,13,4,9,元大-台中,2023-02-08,9812
8054,安國,11,2,9,元大-台中,2023-02-08,9812
00772B,中信高評級公司債,9,0,9,元大-台中,2023-02-08,9812
1506,正道,9,0,9,元大-台中,2023-02-08,9812
00632R,元大台灣50反1,205,0,205,元大-台中,2023-02-09,9812
1584,精剛,204,16,188,元大-台中,2023-02-09,9812
00885,富邦越南,50,0,50,元大-台中,2023-02-09,9812
00878,國泰永續高股息,37,2,35,元大-台中,2023-02-09,9812
1605,華新,47,18,29,元大-台中,2023-02-09,9812
1785,光洋科,29,0,29,元大-台中,2023-02-09,9812
3037,欣興,49,21,28,元大-台中,2023-02-09,9812
00882,中信中國高股息,29,1,28,元大-台中,2023-02-09,9812
2049,上銀,29,3,26,元大-台中,2023-02-09,9812
2038,海光,26,0,26,元大-台中,2023-02-09,9812
2482,連宇,25,2,23,元大-台中,2023-02-09,9812
00772B,中信高評級公司債,22,0,22,元大-台中,2023-02-09,9812
2834,臺企銀,24,2,22,元大-台中,2023-02-09,9812
2308,台達電,21,1,20,元大-台中,2023-02-09,9812
6531,愛普*,34,14,20,元大-台中,2023-02-09,9812
0056,元大高股息,18,0,18,元大-台中,2023-02-09,9812
4763,材料-KY,26,9,17,元大-台中,2023-02-09,9812
6164,華興,17,0,17,元大-台中,2023-02-09,9812
2615,萬海,21,5,16,元大-台中,2023-02-09,9812
4164,承業醫,14,0,14,元大-台中,2023-02-09,9812
3710,連展投控,14,0,14,元大-台中,2023-02-09,9812
2609,陽明,17,4,13,元大-台中,2023-02-09,9812
2498,宏達電,41,28,13,元大-台中,2023-02-09,9812
2402,毅嘉,25,12,13,元大-台中,2023-02-09,9812
1569,濱川,13,0,13,元大-台中,2023-02-09,9812
00921,兆豐龍頭等權重,13,0,13,元大-台中,2023-02-09,9812
8429,金麗-KY,12,0,12,元大-台中,2023-02-09,9812
1736,喬山,13,1,12,元大-台中,2023-02-09,9812
3711,日月光投控,20,9,11,元大-台中,2023-02-09,9812
6129,普誠,20,9,11,元大-台中,2023-02-09,9812
6589,台康生技,16,6,10,元大-台中,2023-02-09,9812
2929,淘帝-KY,10,0,10,元大-台中,2023-02-09,9812
6651,全宇昕,10,0,10,元大-台中,2023-02-09,9812
00673R,期元大S＆P原油反1,10,0,10,元大-台中,2023-02-09,9812
6550,北極星藥業-KY,14,4,10,元大-台中,2023-02-09,9812
1809,中釉,10,0,10,元大-台中,2023-02-09,9812
4906,正文,10,0,10,元大-台中,2023-02-09,9812
6689,伊雲谷,12,2,10,元大-台中,2023-02-09,9812
2034,允強,10,1,9,元大-台中,2023-02-09,9812
1310,台苯,9,0,9,元大-台中,2023-02-09,9812
2492,華新科,9,0,9,元大-台中,2023-02-09,9812
8942,森鉅,9,0,9,元大-台中,2023-02-09,9812
2221,大甲,8,0,8,元大-台中,2023-02-09,9812
3205,佰研,15,7,8,元大-台中,2023-02-09,9812
6215,和椿,10,2,8,元大-台中,2023-02-09,9812
2009,第一銅,8,0,8,元大-台中,2023-02-09,9812
3035,智原,56,49,7,元大-台中,2023-02-09,9812
2388,威盛,29,22,7,元大-台中,2023-02-09,9812
2603,長榮,10,3,7,元大-台中,2023-02-09,9812
2882,國泰金,7,0,7,元大-台中,2023-02-09,9812
00878,國泰永續高股息,91,0,91,元大-台中,2023-02-10,9812
2409,友達,66,18,48,元大-台中,2023-02-10,9812
3105,穩懋,45,4,41,元大-台中,2023-02-10,9812
2753,八方雲集,42,1,41,元大-台中,2023-02-10,9812
1440,南紡,40,0,40,元大-台中,2023-02-10,9812
1605,華新,118,81,37,元大-台中,2023-02-10,9812
2603,長榮,36,0,36,元大-台中,2023-02-10,9812
00903,富邦元宇宙,38,5,33,元大-台中,2023-02-10,9812
3147,大綜,40,9,31,元大-台中,2023-02-10,9812
00680L,元大美債20正2,33,3,30,元大-台中,2023-02-10,9812
5425,台半,33,3,30,元大-台中,2023-02-10,9812
2344,華邦電,31,2,29,元大-台中,2023-02-10,9812
6285,啟��,28,0,28,元大-台中,2023-02-10,9812
5009,榮剛,57,30,27,元大-台中,2023-02-10,9812
00712,復華富時不動產,27,0,27,元大-台中,2023-02-10,9812
8936,國統,26,0,26,元大-台中,2023-02-10,9812
00772B,中信高評級公司債,25,0,25,元大-台中,2023-02-10,9812
3594,磐儀,33,11,22,元大-台中,2023-02-10,9812
00632R,元大台灣50反1,22,0,22,元大-台中,2023-02-10,9812
1504,東元,20,0,20,元大-台中,2023-02-10,9812
3624,光頡,49,30,19,元大-台中,2023-02-10,9812
2468,華經,171,152,19,元大-台中,2023-02-10,9812
00679B,元大美債20年,18,0,18,元大-台中,2023-02-10,9812
2413,環科,17,0,17,元大-台中,2023-02-10,9812
2889,國票金,17,0,17,元大-台中,2023-02-10,9812
2453,凌群,25,8,17,元大-台中,2023-02-10,9812
2328,廣宇,16,0,16,元大-台中,2023-02-10,9812
4130,健亞,20,4,16,元大-台中,2023-02-10,9812
00673R,期元大S＆P原油反1,16,0,16,元大-台中,2023-02-10,9812
5309,系統電,17,2,15,元大-台中,2023-02-10,9812
3548,兆利,15,0,15,元大-台中,2023-02-10,9812
2417,圓剛,15,0,15,元大-台中,2023-02-10,9812
2610,華航,20,6,14,元大-台中,2023-02-10,9812
00919,群益台灣精選高息,14,0,14,元大-台中,2023-02-10,9812
4763,材料-KY,35,21,14,元大-台中,2023-02-10,9812
5222,全訊,15,1,14,元大-台中,2023-02-10,9812
00670L,富邦NASDAQ正2,14,0,14,元大-台中,2023-02-10,9812
4931,新盛力,18,5,13,元大-台中,2023-02-10,9812
2609,陽明,28,16,12,元大-台中,2023-02-10,9812
8227,巨有科技,31,19,12,元大-台中,2023-02-10,9812
2379,瑞昱,12,0,12,元大-台中,2023-02-10,9812
2421,建準,11,0,11,元大-台中,2023-02-10,9812
6531,愛普*,45,34,11,元大-台中,2023-02-10,9812
2883,凱基金,111,101,10,元大-台中,2023-02-10,9812
2109,華豐,10,0,10,元大-台中,2023-02-10,9812
8938,明安,10,0,10,元大-台中,2023-02-10,9812
1409,新纖,12,2,10,元大-台中,2023-02-10,9812
4906,正文,10,0,10,元大-台中,2023-02-10,9812
5905,南仁湖,10,0,10,元大-台中,2023-02-10,9812
2618,長榮航,26,16,10,元大-台中,2023-02-10,9812
00878,國泰永續高股息,206,17,189,元大-台中,2023-02-13,9812
2634,漢翔,178,37,141,元大-台中,2023-02-13,9812
2471,資通,100,0,100,元大-台中,2023-02-13,9812
1752,南光,81,35,46,元大-台中,2023-02-13,9812
00632R,元大台灣50反1,40,0,40,元大-台中,2023-02-13,9812
6202,盛群,33,0,33,元大-台中,2023-02-13,9812
2482,連宇,38,10,28,元大-台中,2023-02-13,9812
5386,青雲,23,0,23,元大-台中,2023-02-13,9812
6235,華孚,94,72,22,元大-台中,2023-02-13,9812
2344,華邦電,24,4,20,元大-台中,2023-02-13,9812
2034,允強,19,0,19,元大-台中,2023-02-13,9812
0056,元大高股息,43,24,19,元大-台中,2023-02-13,9812
6806,森崴能源,21,3,18,元大-台中,2023-02-13,9812
00903,富邦元宇宙,18,0,18,元大-台中,2023-02-13,9812
3481,群創,20,2,18,元大-台中,2023-02-13,9812
2888,新光金,20,3,17,元大-台中,2023-02-13,9812
8033,雷虎,26,10,16,元大-台中,2023-02-13,9812
8222,寶一,92,76,16,元大-台中,2023-02-13,9812
00680L,元大美債20正2,15,0,15,元大-台中,2023-02-13,9812
4114,健喬,44,29,15,元大-台中,2023-02-13,9812
1786,科妍,15,0,15,元大-台中,2023-02-13,9812
9938,百和,15,0,15,元大-台中,2023-02-13,9812
00772B,中信高評級公司債,14,0,14,元大-台中,2023-02-13,9812
00882,中信中國高股息,18,4,14,元大-台中,2023-02-13,9812
5347,世界,13,1,12,元大-台中,2023-02-13,9812
00679B,元大美債20年,12,0,12,元大-台中,2023-02-13,9812
2897,王道銀行,17,5,12,元大-台中,2023-02-13,9812
1806,冠軍,12,0,12,元大-台中,2023-02-13,9812
2409,友達,34,22,12,元大-台中,2023-02-13,9812
6451,訊芯-KY,11,0,11,元大-台中,2023-02-13,9812
6672,騰輝電子-KY,11,0,11,元大-台中,2023-02-13,9812
3624,光頡,13,2,11,元大-台中,2023-02-13,9812
8446,華研,11,0,11,元大-台中,2023-02-13,9812
00673R,期元大S＆P原油反1,11,0,11,元大-台中,2023-02-13,9812
3034,聯詠,10,0,10,元大-台中,2023-02-13,9812
1701,中化,22,12,10,元大-台中,2023-02-13,9812
4123,晟德,10,0,10,元大-台中,2023-02-13,9812
00862B,中信投資級公司債,10,0,10,元大-台中,2023-02-13,9812
2380,虹光,10,0,10,元大-台中,2023-02-13,9812
3491,昇達科,16,6,10,元大-台中,2023-02-13,9812
6589,台康生技,18,9,9,元大-台中,2023-02-13,9812
1504,東元,10,1,9,元大-台中,2023-02-13,9812
6416,瑞祺電通,9,0,9,元大-台中,2023-02-13,9812
00892,富邦台灣半導體,9,0,9,元大-台中,2023-02-13,9812
00900,富邦特選高股息30,8,0,8,元大-台中,2023-02-13,9812
8105,凌巨,8,0,8,元大-台中,2023-02-13,9812
6116,彩晶,10,2,8,元大-台中,2023-02-13,9812
6282,康舒,17,9,8,元大-台中,2023-02-13,9812
2359,所羅門,9,1,8,元大-台中,2023-02-13,9812
2455,全新,10,3,7,元大-台中,2023-02-13,9812
00632R,元大台灣50反1,148,0,148,元大-台中,2023-02-14,9812
00878,國泰永續高股息,155,52,103,元大-台中,2023-02-14,9812
2888,新光金,114,18,96,元大-台中,2023-02-14,9812
2303,聯電,105,20,85,元大-台中,2023-02-14,9812
1432,大魯閣,61,2,59,元大-台中,2023-02-14,9812
6541,泰福-KY,65,10,55,元大-台中,2023-02-14,9812
2634,漢翔,50,7,43,元大-台中,2023-02-14,9812
2897,王道銀行,34,0,34,元大-台中,2023-02-14,9812
0056,元大高股息,38,6,32,元大-台中,2023-02-14,9812
00673R,期元大S＆P原油反1,32,0,32,元大-台中,2023-02-14,9812
9105,泰金寶-DR,37,5,32,元大-台中,2023-02-14,9812
00891,中信關鍵半導體,31,0,31,元大-台中,2023-02-14,9812
5512,力麒,31,1,30,元大-台中,2023-02-14,9812
2453,凌群,202,174,28,元大-台中,2023-02-14,9812
3037,欣興,59,31,28,元大-台中,2023-02-14,9812
6104,創惟,34,8,26,元大-台中,2023-02-14,9812
2702,華園,22,0,22,元大-台中,2023-02-14,9812
2338,光罩,25,3,22,元大-台中,2023-02-14,9812
1504,東元,26,4,22,元大-台中,2023-02-14,9812
2359,所羅門,22,0,22,元大-台中,2023-02-14,9812
3189,景碩,27,6,21,元大-台中,2023-02-14,9812
2615,萬海,20,0,20,元大-台中,2023-02-14,9812
00679B,元大美債20年,18,0,18,元大-台中,2023-02-14,9812
00772B,中信高評級公司債,16,0,16,元大-台中,2023-02-14,9812
1569,濱川,16,0,16,元大-台中,2023-02-14,9812
4123,晟德,16,0,16,元大-台中,2023-02-14,9812
2701,萬企,16,0,16,元大-台中,2023-02-14,9812
1810,和成,21,5,16,元大-台中,2023-02-14,9812
1795,美時,41,26,15,元大-台中,2023-02-14,9812
6290,良維,42,27,15,元大-台中,2023-02-14,9812
6202,盛群,14,0,14,元大-台中,2023-02-14,9812
2884,玉山金,14,1,13,元大-台中,2023-02-14,9812
5425,台半,14,2,12,元大-台中,2023-02-14,9812
6451,訊芯-KY,12,0,12,元大-台中,2023-02-14,9812
8446,華研,12,0,12,元大-台中,2023-02-14,9812
8222,寶一,69,58,11,元大-台中,2023-02-14,9812
6155,鈞寶,10,0,10,元大-台中,2023-02-14,9812
2421,建準,10,0,10,元大-台中,2023-02-14,9812
5880,合庫金,10,0,10,元大-台中,2023-02-14,9812
3045,台灣大,10,0,10,元大-台中,2023-02-14,9812
4906,正文,10,0,10,元大-台中,2023-02-14,9812
2313,華通,14,4,10,元大-台中,2023-02-14,9812
5905,南仁湖,12,2,10,元大-台中,2023-02-14,9812
2617,台航,10,0,10,元大-台中,2023-02-14,9812
6207,雷科,10,0,10,元大-台中,2023-02-14,9812
2484,希華,12,2,10,元大-台中,2023-02-14,9812
8227,巨有科技,15,6,9,元大-台中,2023-02-14,9812
00893,國泰智能電動車,8,0,8,元大-台中,2023-02-14,9812
2014,中鴻,12,4,8,元大-台中,2023-02-14,9812
2801,彰銀,8,0,8,元大-台中,2023-02-14,9812
00878,國泰永續高股息,273,45,228,元大-台中,2023-02-15,9812
1701,中化,69,15,54,元大-台中,2023-02-15,9812
6770,力積電,55,1,54,元大-台中,2023-02-15,9812
2615,萬海,52,1,51,元大-台中,2023-02-15,9812
0056,元大高股息,74,27,47,元大-台中,2023-02-15,9812
2867,三商壽,51,5,46,元大-台中,2023-02-15,9812
2897,王道銀行,44,0,44,元大-台中,2023-02-15,9812
00687B,國泰20年美債,30,0,30,元大-台中,2023-02-15,9812
00720B,元大投資級公司債,29,0,29,元大-台中,2023-02-15,9812
2610,華航,34,5,29,元大-台中,2023-02-15,9812
5905,南仁湖,41,13,28,元大-台中,2023-02-15,9812
2498,宏達電,42,15,27,元大-台中,2023-02-15,9812
8429,金麗-KY,29,3,26,元大-台中,2023-02-15,9812
2891,中信金,25,0,25,元大-台中,2023-02-15,9812
00900,富邦特選高股息30,33,10,23,元大-台中,2023-02-15,9812
3264,欣銓,22,0,22,元大-台中,2023-02-15,9812
00637L,元大滬深300正2,22,0,22,元大-台中,2023-02-15,9812
2609,陽明,102,81,21,元大-台中,2023-02-15,9812
2330,台積電,27,8,19,元大-台中,2023-02-15,9812
5347,世界,45,27,18,元大-台中,2023-02-15,9812
2453,凌群,93,75,18,元大-台中,2023-02-15,9812
00882,中信中國高股息,16,0,16,元大-台中,2023-02-15,9812
00679B,元大美債20年,16,0,16,元大-台中,2023-02-15,9812
0050,元大台灣50,16,1,15,元大-台中,2023-02-15,9812
3147,大綜,16,1,15,元大-台中,2023-02-15,9812
00903,富邦元宇宙,24,10,14,元大-台中,2023-02-15,9812
3438,類比科,14,0,14,元大-台中,2023-02-15,9812
6116,彩晶,19,5,14,元大-台中,2023-02-15,9812
3710,連展投控,14,0,14,元大-台中,2023-02-15,9812
2471,資通,87,74,13,元大-台中,2023-02-15,9812
1513,中興電,95,83,12,元大-台中,2023-02-15,9812
8069,元太,15,4,11,元大-台中,2023-02-15,9812
9105,泰金寶-DR,11,0,11,元大-台中,2023-02-15,9812
1103,嘉泥,11,1,10,元大-台中,2023-02-15,9812
2208,台船,10,0,10,元大-台中,2023-02-15,9812
2905,三商,10,0,10,元大-台中,2023-02-15,9812
1319,東陽,10,0,10,元大-台中,2023-02-15,9812
3693,營邦,13,3,10,元大-台中,2023-02-15,9812
2338,光罩,11,1,10,元大-台中,2023-02-15,9812
1473,台南,10,0,10,元大-台中,2023-02-15,9812
5211,蒙恬,10,0,10,元大-台中,2023-02-15,9812
6517,保勝光學,11,2,9,元大-台中,2023-02-15,9812
2887,台新金,9,0,9,元大-台中,2023-02-15,9812
00892,富邦台灣半導體,8,0,8,元大-台中,2023-02-15,9812
8349,�矬�,8,0,8,元大-台中,2023-02-15,9812
6182,合晶,9,1,8,元大-台中,2023-02-15,9812
2327,國巨,10,2,8,元大-台中,2023-02-15,9812
00631L,元大台灣50正2,7,0,7,元大-台中,2023-02-15,9812
2324,仁寶,8,1,7,元大-台中,2023-02-15,9812
3479,安勤,8,1,7,元大-台中,2023-02-15,9812
2002,中鋼,216,12,204,元大-台中,2023-02-16,9812
00878,國泰永續高股息,165,42,123,元大-台中,2023-02-16,9812
4961,天鈺,110,17,93,元大-台中,2023-02-16,9812
00679B,元大美債20年,86,0,86,元大-台中,2023-02-16,9812
00903,富邦元宇宙,87,6,81,元大-台中,2023-02-16,9812
2867,三商壽,80,0,80,元大-台中,2023-02-16,9812
2328,廣宇,52,1,51,元大-台中,2023-02-16,9812
3034,聯詠,44,3,41,元大-台中,2023-02-16,9812
00706L,期元大S＆P日圓正2,31,0,31,元大-台中,2023-02-16,9812
2888,新光金,34,4,30,元大-台中,2023-02-16,9812
3545,敦泰,31,1,30,元大-台中,2023-02-16,9812
8176,智捷,30,0,30,元大-台中,2023-02-16,9812
1310,台苯,27,0,27,元大-台中,2023-02-16,9812
8222,寶一,33,8,25,元大-台中,2023-02-16,9812
2337,旺宏,25,0,25,元大-台中,2023-02-16,9812
00680L,元大美債20正2,22,0,22,元大-台中,2023-02-16,9812
2453,凌群,28,7,21,元大-台中,2023-02-16,9812
1618,合機,20,0,20,元大-台中,2023-02-16,9812
2038,海光,21,1,20,元大-台中,2023-02-16,9812
1611,中電,20,0,20,元大-台中,2023-02-16,9812
3094,聯傑,21,2,19,元大-台中,2023-02-16,9812
00712,復華富時不動產,18,0,18,元大-台中,2023-02-16,9812
1701,中化,19,1,18,元大-台中,2023-02-16,9812
00715L,期街口布蘭特正2,16,0,16,元大-台中,2023-02-16,9812
6874,倍力,16,0,16,元大-台中,2023-02-16,9812
00772B,中信高評級公司債,15,0,15,元大-台中,2023-02-16,9812
1608,華榮,15,0,15,元大-台中,2023-02-16,9812
1809,中釉,19,5,14,元大-台中,2023-02-16,9812
4979,華星光,23,10,13,元大-台中,2023-02-16,9812
2702,華園,20,7,13,元大-台中,2023-02-16,9812
6180,橘子,17,5,12,元大-台中,2023-02-16,9812
2380,虹光,12,0,12,元大-台中,2023-02-16,9812
6829,千附精密,12,0,12,元大-台中,2023-02-16,9812
1806,冠軍,11,0,11,元大-台中,2023-02-16,9812
3305,昇貿,11,0,11,元大-台中,2023-02-16,9812
2736,富野,13,3,10,元大-台中,2023-02-16,9812
1468,昶和,10,0,10,元大-台中,2023-02-16,9812
4931,新盛力,15,5,10,元大-台中,2023-02-16,9812
2369,菱生,13,3,10,元大-台中,2023-02-16,9812
2547,日勝生,11,1,10,元大-台中,2023-02-16,9812
00632R,元大台灣50反1,10,0,10,元大-台中,2023-02-16,9812
4142,國光生,10,0,10,元大-台中,2023-02-16,9812
00882,中信中國高股息,9,0,9,元大-台中,2023-02-16,9812
3003,健和興,8,0,8,元大-台中,2023-02-16,9812
2206,三陽工業,13,6,7,元大-台中,2023-02-16,9812
9110,越南控-DR,7,0,7,元大-台中,2023-02-16,9812
1503,士電,23,16,7,元大-台中,2023-02-16,9812
8358,金居,12,6,6,元大-台中,2023-02-16,9812
3189,景碩,12,6,6,元大-台中,2023-02-16,9812
4999,鑫禾,6,0,6,元大-台中,2023-02-16,9812
2634,漢翔,188,37,151,元大-台中,2023-02-17,9812
00680L,元大美債20正2,112,0,112,元大-台中,2023-02-17,9812
2748,雲品,185,105,80,元大-台中,2023-02-17,9812
00893,國泰智能電動車,81,4,77,元大-台中,2023-02-17,9812
00878,國泰永續高股息,76,8,68,元大-台中,2023-02-17,9812
2867,三商壽,59,0,59,元大-台中,2023-02-17,9812
00688L,國泰20年美債正2,53,1,52,元大-台中,2023-02-17,9812
00679B,元大美債20年,49,0,49,元大-台中,2023-02-17,9812
2618,長榮航,62,24,38,元大-台中,2023-02-17,9812
00903,富邦元宇宙,37,0,37,元大-台中,2023-02-17,9812
00673R,期元大S＆P原油反1,55,20,35,元大-台中,2023-02-17,9812
6235,華孚,79,46,33,元大-台中,2023-02-17,9812
00772B,中信高評級公司債,30,1,29,元大-台中,2023-02-17,9812
2609,陽明,27,1,26,元大-台中,2023-02-17,9812
2453,凌群,30,7,23,元大-台中,2023-02-17,9812
00637L,元大滬深300正2,47,25,22,元大-台中,2023-02-17,9812
8033,雷虎,20,0,20,元大-台中,2023-02-17,9812
8176,智捷,20,0,20,元大-台中,2023-02-17,9812
6116,彩晶,43,23,20,元大-台中,2023-02-17,9812
2745,五福,18,0,18,元大-台中,2023-02-17,9812
2897,王道銀行,25,7,18,元大-台中,2023-02-17,9812
6535,順藥,18,0,18,元大-台中,2023-02-17,9812
2330,台積電,25,7,18,元大-台中,2023-02-17,9812
1584,精剛,30,12,18,元大-台中,2023-02-17,9812
5425,台半,46,30,16,元大-台中,2023-02-17,9812
8940,新天地,18,2,16,元大-台中,2023-02-17,9812
8429,金麗-KY,15,0,15,元大-台中,2023-02-17,9812
00862B,中信投資級公司債,15,0,15,元大-台中,2023-02-17,9812
2344,華邦電,20,6,14,元大-台中,2023-02-17,9812
4510,高鋒,13,0,13,元大-台中,2023-02-17,9812
5386,青雲,13,0,13,元大-台中,2023-02-17,9812
2206,三陽工業,15,2,13,元大-台中,2023-02-17,9812
2471,資通,39,28,11,元大-台中,2023-02-17,9812
2029,盛餘,11,0,11,元大-台中,2023-02-17,9812
6237,驊訊,11,1,10,元大-台中,2023-02-17,9812
2221,大甲,10,0,10,元大-台中,2023-02-17,9812
00648R,元大S＆P500反1,10,0,10,元大-台中,2023-02-17,9812
2615,萬海,10,1,9,元大-台中,2023-02-17,9812
0050,元大台灣50,9,0,9,元大-台中,2023-02-17,9812
3022,威強電,14,5,9,元大-台中,2023-02-17,9812
2027,大成鋼,8,0,8,元大-台中,2023-02-17,9812
4979,華星光,10,2,8,元大-台中,2023-02-17,9812
1504,東元,9,1,8,元大-台中,2023-02-17,9812
2481,強茂,10,2,8,元大-台中,2023-02-17,9812
6138,茂達,8,0,8,元大-台中,2023-02-17,9812
2337,旺宏,9,1,8,元大-台中,2023-02-17,9812
2408,南亞科,7,0,7,元大-台中,2023-02-17,9812
6104,創惟,17,10,7,元大-台中,2023-02-17,9812
00720B,元大投資級公司債,9,2,7,元大-台中,2023-02-17,9812
2038,海光,7,0,7,元大-台中,2023-02-17,9812
2457,飛宏,424,43,381,元大-台中,2023-02-20,9812
3481,群創,436,251,185,元大-台中,2023-02-20,9812
00632R,元大台灣50反1,102,2,100,元大-台中,2023-02-20,9812
6205,詮欣,113,39,74,元大-台中,2023-02-20,9812
1605,華新,128,58,70,元大-台中,2023-02-20,9812
2482,連宇,59,1,58,元大-台中,2023-02-20,9812
2303,聯電,104,49,55,元大-台中,2023-02-20,9812
5258,虹堡,179,127,52,元大-台中,2023-02-20,9812
00903,富邦元宇宙,42,0,42,元大-台中,2023-02-20,9812
6271,同欣電,35,0,35,元大-台中,2023-02-20,9812
4430,耀億,35,0,35,元大-台中,2023-02-20,9812
00878,國泰永續高股息,29,0,29,元大-台中,2023-02-20,9812
6285,啟��,30,1,29,元大-台中,2023-02-20,9812
2610,華航,123,96,27,元大-台中,2023-02-20,9812
4164,承業醫,35,8,27,元大-台中,2023-02-20,9812
00637L,元大滬深300正2,41,15,26,元大-台中,2023-02-20,9812
00679B,元大美債20年,20,0,20,元大-台中,2023-02-20,9812
2030,彰源,20,0,20,元大-台中,2023-02-20,9812
1402,遠東新,20,0,20,元大-台中,2023-02-20,9812
2867,三商壽,17,0,17,元大-台中,2023-02-20,9812
6235,華孚,153,137,16,元大-台中,2023-02-20,9812
1795,美時,21,6,15,元大-台中,2023-02-20,9812
6282,康舒,27,13,14,元大-台中,2023-02-20,9812
8222,寶一,23,9,14,元大-台中,2023-02-20,9812
00902,中信電池及儲能,17,4,13,元大-台中,2023-02-20,9812
2025,千興,13,0,13,元大-台中,2023-02-20,9812
1503,士電,133,121,12,元大-台中,2023-02-20,9812
2484,希華,12,0,12,元大-台中,2023-02-20,9812
6664,群翊,12,0,12,元大-台中,2023-02-20,9812
2363,矽統,12,1,11,元大-台中,2023-02-20,9812
2358,廷鑫,11,0,11,元大-台中,2023-02-20,9812
2397,友通,11,0,11,元大-台中,2023-02-20,9812
3031,佰鴻,11,0,11,元大-台中,2023-02-20,9812
2317,鴻海,21,10,11,元大-台中,2023-02-20,9812
6239,力成,11,0,11,元大-台中,2023-02-20,9812
6127,九豪,10,0,10,元大-台中,2023-02-20,9812
5213,亞昕,10,0,10,元大-台中,2023-02-20,9812
2906,高林,10,0,10,元大-台中,2023-02-20,9812
6139,亞翔,10,0,10,元大-台中,2023-02-20,9812
2380,虹光,10,0,10,元大-台中,2023-02-20,9812
00680L,元大美債20正2,10,0,10,元大-台中,2023-02-20,9812
6469,大樹,9,0,9,元大-台中,2023-02-20,9812
2208,台船,14,5,9,元大-台中,2023-02-20,9812
8033,雷虎,14,5,9,元大-台中,2023-02-20,9812
9110,越南控-DR,9,0,9,元大-台中,2023-02-20,9812
8390,金益鼎,9,0,9,元大-台中,2023-02-20,9812
4536,拓凱,12,3,9,元大-台中,2023-02-20,9812
2615,萬海,11,2,9,元大-台中,2023-02-20,9812
6541,泰福-KY,9,1,8,元大-台中,2023-02-20,9812
1305,華夏,10,2,8,元大-台中,2023-02-20,9812
1519,華城,628,497,131,元大-台中,2023-02-21,9812
6570,維田,100,31,69,元大-台中,2023-02-21,9812
00720B,元大投資級公司債,54,0,54,元大-台中,2023-02-21,9812
00878,國泰永續高股息,60,10,50,元大-台中,2023-02-21,9812
5258,虹堡,49,4,45,元大-台中,2023-02-21,9812
00885,富邦越南,41,5,36,元大-台中,2023-02-21,9812
2482,連宇,38,2,36,元大-台中,2023-02-21,9812
3362,先進光,49,18,31,元大-台中,2023-02-21,9812
8222,寶一,107,76,31,元大-台中,2023-02-21,9812
8028,昇陽半導體,30,0,30,元大-台中,2023-02-21,9812
2882,國泰金,33,5,28,元大-台中,2023-02-21,9812
2476,鉅祥,29,3,26,元大-台中,2023-02-21,9812
2641,正德,24,0,24,元大-台中,2023-02-21,9812
1609,大亞,44,20,24,元大-台中,2023-02-21,9812
3034,聯詠,42,20,22,元大-台中,2023-02-21,9812
2867,三商壽,21,0,21,元大-台中,2023-02-21,9812
2034,允強,21,0,21,元大-台中,2023-02-21,9812
2897,王道銀行,24,4,20,元大-台中,2023-02-21,9812
2243,宏旭-KY,20,0,20,元大-台中,2023-02-21,9812
8358,金居,25,5,20,元大-台中,2023-02-21,9812
8936,國統,19,0,19,元大-台中,2023-02-21,9812
2449,京元電子,20,1,19,元大-台中,2023-02-21,9812
1584,精剛,39,20,19,元大-台中,2023-02-21,9812
2367,燿華,19,1,18,元大-台中,2023-02-21,9812
5475,德宏,18,1,17,元大-台中,2023-02-21,9812
3031,佰鴻,17,0,17,元大-台中,2023-02-21,9812
1514,亞力,19,2,17,元大-台中,2023-02-21,9812
4164,承業醫,17,1,16,元大-台中,2023-02-21,9812
1440,南紡,20,5,15,元大-台中,2023-02-21,9812
2498,宏達電,24,10,14,元大-台中,2023-02-21,9812
00676R,富邦臺灣加權反1,14,0,14,元大-台中,2023-02-21,9812
2617,台航,12,0,12,元大-台中,2023-02-21,9812
1810,和成,50,38,12,元大-台中,2023-02-21,9812
00679B,元大美債20年,14,3,11,元大-台中,2023-02-21,9812
3594,磐儀,40,29,11,元大-台中,2023-02-21,9812
2328,廣宇,11,0,11,元大-台中,2023-02-21,9812
2379,瑞昱,12,1,11,元大-台中,2023-02-21,9812
8105,凌巨,12,1,11,元大-台中,2023-02-21,9812
6226,光鼎,11,0,11,元大-台中,2023-02-21,9812
2368,金像電,39,28,11,元大-台中,2023-02-21,9812
00725B,國泰投資級公司債,11,0,11,元大-台中,2023-02-21,9812
4927,泰鼎-KY,12,1,11,元大-台中,2023-02-21,9812
4961,天鈺,50,40,10,元大-台中,2023-02-21,9812
1535,中宇,10,0,10,元大-台中,2023-02-21,9812
2028,威致,10,0,10,元大-台中,2023-02-21,9812
00664R,國泰臺灣加權反1,10,0,10,元大-台中,2023-02-21,9812
3712,永崴投控,10,0,10,元大-台中,2023-02-21,9812
4979,華星光,32,23,9,元大-台中,2023-02-21,9812
4960,誠美材,9,0,9,元大-台中,2023-02-21,9812
3027,盛達,37,28,9,元大-台中,2023-02-21,9812
3576,聯合再生,190,0,190,元大-台中,2023-02-22,9812
00632R,元大台灣50反1,152,0,152,元大-台中,2023-02-22,9812
8936,國統,139,29,110,元大-台中,2023-02-22,9812
6770,力積電,116,7,109,元大-台中,2023-02-22,9812
00680L,元大美債20正2,96,10,86,元大-台中,2023-02-22,9812
3094,聯傑,180,105,75,元大-台中,2023-02-22,9812
00878,國泰永續高股息,75,5,70,元大-台中,2023-02-22,9812
2891,中信金,50,0,50,元大-台中,2023-02-22,9812
2457,飛宏,54,10,44,元大-台中,2023-02-22,9812
00902,中信電池及儲能,38,0,38,元大-台中,2023-02-22,9812
6271,同欣電,36,0,36,元大-台中,2023-02-22,9812
5009,榮剛,75,40,35,元大-台中,2023-02-22,9812
1108,幸福,34,1,33,元大-台中,2023-02-22,9812
2834,臺企銀,44,14,30,元大-台中,2023-02-22,9812
2889,國票金,29,2,27,元大-台中,2023-02-22,9812
00686R,群益臺灣加權反1,27,0,27,元大-台中,2023-02-22,9812
00903,富邦元宇宙,25,0,25,元大-台中,2023-02-22,9812
6116,彩晶,24,1,23,元大-台中,2023-02-22,9812
2705,六福,27,4,23,元大-台中,2023-02-22,9812
2308,台達電,21,0,21,元大-台中,2023-02-22,9812
5905,南仁湖,22,1,21,元大-台中,2023-02-22,9812
6806,森崴能源,25,4,21,元大-台中,2023-02-22,9812
0056,元大高股息,24,4,20,元大-台中,2023-02-22,9812
8940,新天地,39,18,21,元大-台中,2023-02-22,9812
2867,三商壽,19,0,19,元大-台中,2023-02-22,9812
2303,聯電,37,18,19,元大-台中,2023-02-22,9812
3035,智原,31,13,18,元大-台中,2023-02-22,9812
6547,高端疫苗,23,5,18,元大-台中,2023-02-22,9812
2338,光罩,25,7,18,元大-台中,2023-02-22,9812
1513,中興電,100,82,18,元大-台中,2023-02-22,9812
2330,台積電,18,1,17,元大-台中,2023-02-22,9812
2812,台中銀,33,17,16,元大-台中,2023-02-22,9812
00679B,元大美債20年,20,4,16,元大-台中,2023-02-22,9812
00893,國泰智能電動車,16,0,16,元大-台中,2023-02-22,9812
4931,新盛力,20,5,15,元大-台中,2023-02-22,9812
3362,先進光,18,3,15,元大-台中,2023-02-22,9812
2618,長榮航,29,14,15,元大-台中,2023-02-22,9812
3260,威剛,15,1,14,元大-台中,2023-02-22,9812
00751B,元大AAA至A公司債,13,0,13,元大-台中,2023-02-22,9812
00637L,元大滬深300正2,51,38,13,元大-台中,2023-02-22,9812
00712,復華富時不動產,13,0,13,元大-台中,2023-02-22,9812
8033,雷虎,43,30,13,元大-台中,2023-02-22,9812
2883,凱基金,15,3,12,元大-台中,2023-02-22,9812
3037,欣興,23,11,12,元大-台中,2023-02-22,9812
3264,欣銓,12,0,12,元大-台中,2023-02-22,9812
2230,泰茂,14,2,12,元大-台中,2023-02-22,9812
00892,富邦台灣半導體,11,0,11,元大-台中,2023-02-22,9812
1785,光洋科,10,0,10,元大-台中,2023-02-22,9812
6175,立敦,11,1,10,元大-台中,2023-02-22,9812
2882,國泰金,13,3,10,元大-台中,2023-02-22,9812
5512,力麒,2527,601,1926,元大-台中,2023-02-23,9812
8222,寶一,86,7,79,元大-台中,2023-02-23,9812
00642U,期元大S＆P石油,67,1,66,元大-台中,2023-02-23,9812
8936,國統,78,13,65,元大-台中,2023-02-23,9812
2834,臺企銀,74,21,53,元大-台中,2023-02-23,9812
2352,佳世達,55,2,53,元大-台中,2023-02-23,9812
2025,千興,52,0,52,元大-台中,2023-02-23,9812
2618,長榮航,41,4,37,元大-台中,2023-02-23,9812
00637L,元大滬深300正2,80,46,34,元大-台中,2023-02-23,9812
3481,群創,279,247,32,元大-台中,2023-02-23,9812
00632R,元大台灣50反1,32,0,32,元大-台中,2023-02-23,9812
3714,富采,32,0,32,元大-台中,2023-02-23,9812
2471,資通,41,13,28,元大-台中,2023-02-23,9812
2712,遠雄來,31,4,27,元大-台中,2023-02-23,9812
00919,群益台灣精選高息,25,0,25,元大-台中,2023-02-23,9812
2706,第一店,22,0,22,元大-台中,2023-02-23,9812
2486,一詮,21,0,21,元大-台中,2023-02-23,9812
00715L,期街口布蘭特正2,21,0,21,元大-台中,2023-02-23,9812
3027,盛達,29,8,21,元大-台中,2023-02-23,9812
4510,高鋒,21,0,21,元大-台中,2023-02-23,9812
2637,慧洋-KY,33,14,19,元大-台中,2023-02-23,9812
2636,台驊控股,20,1,19,元大-台中,2023-02-23,9812
2498,宏達電,47,28,19,元大-台中,2023-02-23,9812
2610,華航,25,8,17,元大-台中,2023-02-23,9812
2891,中信金,22,5,17,元大-台中,2023-02-23,9812
2363,矽統,22,6,16,元大-台中,2023-02-23,9812
1539,巨庭,16,0,16,元大-台中,2023-02-23,9812
2886,兆豐金,16,0,16,元大-台中,2023-02-23,9812
5009,榮剛,224,208,16,元大-台中,2023-02-23,9812
2316,楠梓電,15,0,15,元大-台中,2023-02-23,9812
00720B,元大投資級公司債,15,0,15,元大-台中,2023-02-23,9812
1605,華新,23,9,14,元大-台中,2023-02-23,9812
1569,濱川,13,0,13,元大-台中,2023-02-23,9812
6227,茂綸,12,0,12,元大-台中,2023-02-23,9812
1528,恩德,12,0,12,元大-台中,2023-02-23,9812
3057,喬鼎,12,0,12,元大-台中,2023-02-23,9812
2208,台船,12,1,11,元大-台中,2023-02-23,9812
1522,堤維西,10,0,10,元大-台中,2023-02-23,9812
00751B,元大AAA至A公司債,10,0,10,元大-台中,2023-02-23,9812
2002,中鋼,10,0,10,元大-台中,2023-02-23,9812
00885,富邦越南,23,13,10,元大-台中,2023-02-23,9812
00896,中信綠能及電動車,10,0,10,元大-台中,2023-02-23,9812
6142,友勁,10,0,10,元大-台中,2023-02-23,9812
1342,八貫,31,21,10,元大-台中,2023-02-23,9812
3576,聯合再生,10,0,10,元大-台中,2023-02-23,9812
6509,聚和,10,0,10,元大-台中,2023-02-23,9812
00676R,富邦臺灣加權反1,10,0,10,元大-台中,2023-02-23,9812
6547,高端疫苗,16,6,10,元大-台中,2023-02-23,9812
4562,穎漢,9,0,9,元大-台中,2023-02-23,9812
2882,國泰金,8,0,8,元大-台中,2023-02-23,9812
3481,群創,453,344,109,元大-台中,2023-02-24,9812
2453,凌群,103,6,97,元大-台中,2023-02-24,9812
00878,國泰永續高股息,95,0,95,元大-台中,2023-02-24,9812
2330,台積電,90,12,78,元大-台中,2023-02-24,9812
8289,泰藝,153,97,56,元大-台中,2023-02-24,9812
2739,寒舍,60,6,54,元大-台中,2023-02-24,9812
3576,聯合再生,51,0,51,元大-台中,2023-02-24,9812
2880,華南金,54,6,48,元大-台中,2023-02-24,9812
1584,精剛,39,6,33,元大-台中,2023-02-24,9812
00882,中信中國高股息,31,0,31,元大-台中,2023-02-24,9812
00632R,元大台灣50反1,31,0,31,元大-台中,2023-02-24,9812
5608,四維航,93,68,25,元大-台中,2023-02-24,9812
8105,凌巨,26,2,24,元大-台中,2023-02-24,9812
2317,鴻海,40,16,24,元大-台中,2023-02-24,9812
3037,欣興,37,14,23,元大-台中,2023-02-24,9812
3027,盛達,58,36,22,元大-台中,2023-02-24,9812
2617,台航,40,20,20,元大-台中,2023-02-24,9812
3511,矽瑪,20,0,20,元大-台中,2023-02-24,9812
1809,中釉,18,0,18,元大-台中,2023-02-24,9812
1108,幸福,37,20,17,元大-台中,2023-02-24,9812
2331,精英,17,0,17,元大-台中,2023-02-24,9812
2014,中鴻,18,1,17,元大-台中,2023-02-24,9812
5009,榮剛,143,126,17,元大-台中,2023-02-24,9812
2303,聯電,24,7,17,元大-台中,2023-02-24,9812
2025,千興,16,0,16,元大-台中,2023-02-24,9812
00715L,期街口布蘭特正2,20,4,16,元大-台中,2023-02-24,9812
6129,普誠,16,1,15,元大-台中,2023-02-24,9812
2002,中鋼,19,4,15,元大-台中,2023-02-24,9812
2069,運錩,15,0,15,元大-台中,2023-02-24,9812
3491,昇達科,21,6,15,元大-台中,2023-02-24,9812
5284,jpp-KY,18,4,14,元大-台中,2023-02-24,9812
2451,創見,13,0,13,元大-台中,2023-02-24,9812
0056,元大高股息,12,0,12,元大-台中,2023-02-24,9812
2413,環科,12,0,12,元大-台中,2023-02-24,9812
1101,台泥,19,7,12,元大-台中,2023-02-24,9812
2883,凱基金,11,0,11,元大-台中,2023-02-24,9812
2038,海光,11,0,11,元大-台中,2023-02-24,9812
1314,中石化,11,0,11,元大-台中,2023-02-24,9812
2399,映泰,19,8,11,元大-台中,2023-02-24,9812
8049,晶采,11,0,11,元大-台中,2023-02-24,9812
3041,揚智,11,0,11,元大-台中,2023-02-24,9812
2748,雲品,35,25,10,元大-台中,2023-02-24,9812
2641,正德,43,33,10,元大-台中,2023-02-24,9812
00680L,元大美債20正2,11,1,10,元大-台中,2023-02-24,9812
4934,太極,12,2,10,元大-台中,2023-02-24,9812
2611,志信,17,7,10,元大-台中,2023-02-24,9812
00919,群益台灣精選高息,10,0,10,元大-台中,2023-02-24,9812
2929,淘帝-KY,10,0,10,元大-台中,2023-02-24,9812
3114,好德,10,0,10,元大-台中,2023-02-24,9812
6142,友勁,10,0,10,元大-台中,2023-02-24,9812
5512,力麒,211,0,211,元大-台中,2023-03-01,9812
00878,國泰永續高股息,110,4,106,元大-台中,2023-03-01,9812
00632R,元大台灣50反1,60,2,58,元大-台中,2023-03-01,9812
1605,華新,92,35,57,元大-台中,2023-03-01,9812
2313,華通,49,0,49,元大-台中,2023-03-01,9812
0056,元大高股息,52,6,46,元大-台中,2023-03-01,9812
2014,中鴻,55,9,46,元大-台中,2023-03-01,9812
00712,復華富時不動產,46,0,46,元大-台中,2023-03-01,9812
4915,致伸,41,0,41,元大-台中,2023-03-01,9812
2888,新光金,35,0,35,元大-台中,2023-03-01,9812
5009,榮剛,131,97,34,元大-台中,2023-03-01,9812
8086,宏捷科,28,0,28,元大-台中,2023-03-01,9812
8936,國統,30,4,26,元大-台中,2023-03-01,9812
1101,台泥,25,0,25,元大-台中,2023-03-01,9812
3706,神達,27,3,24,元大-台中,2023-03-01,9812
2015,豐興,22,0,22,元大-台中,2023-03-01,9812
1460,宏遠,20,0,20,元大-台中,2023-03-01,9812
2409,友達,90,71,19,元大-台中,2023-03-01,9812
3231,緯創,19,0,19,元大-台中,2023-03-01,9812
6689,伊雲谷,21,2,19,元大-台中,2023-03-01,9812
00679B,元大美債20年,18,0,18,元大-台中,2023-03-01,9812
1444,力麗,18,0,18,元大-台中,2023-03-01,9812
6147,頎邦,21,3,18,元大-台中,2023-03-01,9812
1219,福壽,19,2,17,元大-台中,2023-03-01,9812
2882,國泰金,18,1,17,元大-台中,2023-03-01,9812
4168,醣聯,17,1,16,元大-台中,2023-03-01,9812
3030,德律,15,0,15,元大-台中,2023-03-01,9812
00772B,中信高評級公司債,15,0,15,元大-台中,2023-03-01,9812
00773B,中信優先金融債,14,0,14,元大-台中,2023-03-01,9812
1527,鑽全,14,0,14,元大-台中,2023-03-01,9812
00670L,富邦NASDAQ正2,14,0,14,元大-台中,2023-03-01,9812
2885,元大金,18,4,14,元大-台中,2023-03-01,9812
5425,台半,45,32,13,元大-台中,2023-03-01,9812
2916,滿心,13,0,13,元大-台中,2023-03-01,9812
1504,東元,13,1,12,元大-台中,2023-03-01,9812
4747,強生,18,6,12,元大-台中,2023-03-01,9812
8096,擎亞,11,0,11,元大-台中,2023-03-01,9812
1513,中興電,20,9,11,元大-台中,2023-03-01,9812
5452,佶優,11,0,11,元大-台中,2023-03-01,9812
6282,康舒,27,16,11,元大-台中,2023-03-01,9812
00720B,元大投資級公司債,10,0,10,元大-台中,2023-03-01,9812
6101,寬魚國際,10,0,10,元大-台中,2023-03-01,9812
2641,正德,38,28,10,元大-台中,2023-03-01,9812
2392,正崴,10,0,10,元大-台中,2023-03-01,9812
4999,鑫禾,10,0,10,元大-台中,2023-03-01,9812
3362,先進光,13,3,10,元大-台中,2023-03-01,9812
2867,三商壽,10,0,10,元大-台中,2023-03-01,9812
8046,南電,11,1,10,元大-台中,2023-03-01,9812
2353,宏��,10,0,10,元大-台中,2023-03-01,9812
2498,宏達電,16,6,10,元大-台中,2023-03-01,9812
1605,華新,185,15,170,元大-台中,2023-03-02,9812
5512,力麒,125,14,111,元大-台中,2023-03-02,9812
00878,國泰永續高股息,92,0,92,元大-台中,2023-03-02,9812
4915,致伸,58,1,57,元大-台中,2023-03-02,9812
2317,鴻海,50,1,49,元大-台中,2023-03-02,9812
00679B,元大美債20年,43,0,43,元大-台中,2023-03-02,9812
2498,宏達電,55,17,38,元大-台中,2023-03-02,9812
3362,先進光,86,48,38,元大-台中,2023-03-02,9812
2221,大甲,35,0,35,元大-台中,2023-03-02,9812
00712,復華富時不動產,35,0,35,元大-台中,2023-03-02,9812
5452,佶優,32,1,31,元大-台中,2023-03-02,9812
0056,元大高股息,38,8,30,元大-台中,2023-03-02,9812
2834,臺企銀,30,1,29,元大-台中,2023-03-02,9812
00680L,元大美債20正2,28,2,26,元大-台中,2023-03-02,9812
5425,台半,26,0,26,元大-台中,2023-03-02,9812
2897,王道銀行,33,8,25,元大-台中,2023-03-02,9812
1531,高林股,20,0,20,元大-台中,2023-03-02,9812
3520,華盈,20,0,20,元大-台中,2023-03-02,9812
2883,凱基金,174,157,17,元大-台中,2023-03-02,9812
8131,福懋科,17,0,17,元大-台中,2023-03-02,9812
00885,富邦越南,17,0,17,元大-台中,2023-03-02,9812
1608,華榮,24,8,16,元大-台中,2023-03-02,9812
00903,富邦元宇宙,16,0,16,元大-台中,2023-03-02,9812
2801,彰銀,15,0,15,元大-台中,2023-03-02,9812
1513,中興電,25,10,15,元大-台中,2023-03-02,9812
2929,淘帝-KY,15,0,15,元大-台中,2023-03-02,9812
8940,新天地,18,4,14,元大-台中,2023-03-02,9812
6244,茂迪,15,2,13,元大-台中,2023-03-02,9812
4960,誠美材,13,0,13,元大-台中,2023-03-02,9812
6547,高端疫苗,16,3,13,元大-台中,2023-03-02,9812
2745,五福,13,0,13,元大-台中,2023-03-02,9812
1504,東元,16,3,13,元大-台中,2023-03-02,9812
3105,穩懋,12,0,12,元大-台中,2023-03-02,9812
5258,虹堡,41,29,12,元大-台中,2023-03-02,9812
00751B,元大AAA至A公司債,11,0,11,元大-台中,2023-03-02,9812
2408,南亞科,17,6,11,元大-台中,2023-03-02,9812
2892,第一金,11,0,11,元大-台中,2023-03-02,9812
6791,虎門科技,10,0,10,元大-台中,2023-03-02,9812
2903,遠百,10,0,10,元大-台中,2023-03-02,9812
2524,京城,10,0,10,元大-台中,2023-03-02,9812
6288,聯嘉,11,1,10,元大-台中,2023-03-02,9812
00900,富邦特選高股息30,10,0,10,元大-台中,2023-03-02,9812
1785,光洋科,10,0,10,元大-台中,2023-03-02,9812
1524,耿鼎,10,1,9,元大-台中,2023-03-02,9812
4747,強生,10,1,9,元大-台中,2023-03-02,9812
2454,聯發科,14,6,8,元大-台中,2023-03-02,9812
2482,連宇,26,18,8,元大-台中,2023-03-02,9812
4943,康控-KY,8,0,8,元大-台中,2023-03-02,9812
1514,亞力,8,0,8,元大-台中,2023-03-02,9812
8489,三貝德,8,0,8,元大-台中,2023-03-02,9812
00632R,元大台灣50反1,146,0,146,元大-台中,2023-03-03,9812
3141,晶宏,84,4,80,元大-台中,2023-03-03,9812
00712,復華富時不動產,47,0,47,元大-台中,2023-03-03,9812
3265,台星科,45,3,42,元大-台中,2023-03-03,9812
2641,正德,43,1,42,元大-台中,2023-03-03,9812
00673R,期元大S＆P原油反1,40,0,40,元大-台中,2023-03-03,9812
5258,虹堡,67,33,34,元大-台中,2023-03-03,9812
00903,富邦元宇宙,36,5,31,元大-台中,2023-03-03,9812
1605,華新,91,60,31,元大-台中,2023-03-03,9812
3714,富采,38,7,31,元大-台中,2023-03-03,9812
00679B,元大美債20年,26,0,26,元大-台中,2023-03-03,9812
1513,中興電,28,3,25,元大-台中,2023-03-03,9812
00772B,中信高評級公司債,24,0,24,元大-台中,2023-03-03,9812
5464,霖宏,23,0,23,元大-台中,2023-03-03,9812
00637L,元大滬深300正2,22,0,22,元大-台中,2023-03-03,9812
00650L,復華香港正2,20,0,20,元大-台中,2023-03-03,9812
1528,恩德,20,0,20,元大-台中,2023-03-03,9812
5905,南仁湖,20,0,20,元大-台中,2023-03-03,9812
00795B,中信美國公債20年,20,0,20,元大-台中,2023-03-03,9812
6227,茂綸,19,0,19,元大-台中,2023-03-03,9812
3162,精確,31,12,19,元大-台中,2023-03-03,9812
1506,正道,20,1,19,元大-台中,2023-03-03,9812
8033,雷虎,40,21,19,元大-台中,2023-03-03,9812
1569,濱川,20,1,19,元大-台中,2023-03-03,9812
2880,華南金,20,1,19,元大-台中,2023-03-03,9812
2359,所羅門,20,2,18,元大-台中,2023-03-03,9812
6142,友勁,20,2,18,元大-台中,2023-03-03,9812
2834,臺企銀,29,11,18,元大-台中,2023-03-03,9812
2454,聯發科,20,3,17,元大-台中,2023-03-03,9812
2221,大甲,17,0,17,元大-台中,2023-03-03,9812
5512,力麒,20,3,17,元大-台中,2023-03-03,9812
2891,中信金,22,6,16,元大-台中,2023-03-03,9812
2812,台中銀,18,2,16,元大-台中,2023-03-03,9812
8131,福懋科,14,0,14,元大-台中,2023-03-03,9812
2897,王道銀行,14,0,14,元大-台中,2023-03-03,9812
2701,萬企,14,0,14,元大-台中,2023-03-03,9812
00680L,元大美債20正2,14,0,14,元大-台中,2023-03-03,9812
8046,南電,16,2,14,元大-台中,2023-03-03,9812
2498,宏達電,120,107,13,元大-台中,2023-03-03,9812
2338,光罩,13,0,13,元大-台中,2023-03-03,9812
2881,富邦金,18,6,12,元大-台中,2023-03-03,9812
1514,亞力,17,5,12,元大-台中,2023-03-03,9812
3207,耀勝,24,13,11,元大-台中,2023-03-03,9812
1701,中化,13,2,11,元大-台中,2023-03-03,9812
8016,矽創,11,0,11,元大-台中,2023-03-03,9812
3035,智原,32,22,10,元大-台中,2023-03-03,9812
3312,弘憶股,10,0,10,元大-台中,2023-03-03,9812
6173,信昌電,10,0,10,元大-台中,2023-03-03,9812
2903,遠百,10,0,10,元大-台中,2023-03-03,9812
2618,長榮航,11,1,10,元大-台中,2023-03-03,9812
2344,華邦電,137,9,128,元大-台中,2023-03-06,9812
3652,精聯,127,9,118,元大-台中,2023-03-06,9812
2601,益航,101,2,99,元大-台中,2023-03-06,9812
6548,長科*,160,63,97,元大-台中,2023-03-06,9812
2303,聯電,109,21,88,元大-台中,2023-03-06,9812
00903,富邦元宇宙,100,20,80,元大-台中,2023-03-06,9812
3162,精確,70,7,63,元大-台中,2023-03-06,9812
2025,千興,62,0,62,元大-台中,2023-03-06,9812
00673R,期元大S＆P原油反1,51,0,51,元大-台中,2023-03-06,9812
1569,濱川,38,3,35,元大-台中,2023-03-06,9812
6142,友勁,31,0,31,元大-台中,2023-03-06,9812
00679B,元大美債20年,34,3,31,元大-台中,2023-03-06,9812
8936,國統,32,1,31,元大-台中,2023-03-06,9812
1528,恩德,30,0,30,元大-台中,2023-03-06,9812
00637L,元大滬深300正2,73,43,30,元大-台中,2023-03-06,9812
9941,裕融,30,2,28,元大-台中,2023-03-06,9812
4915,致伸,39,11,28,元大-台中,2023-03-06,9812
2609,陽明,79,52,27,元大-台中,2023-03-06,9812
2618,長榮航,35,9,26,元大-台中,2023-03-06,9812
2329,華泰,25,0,25,元大-台中,2023-03-06,9812
0056,元大高股息,36,12,24,元大-台中,2023-03-06,9812
2471,資通,33,9,24,元大-台中,2023-03-06,9812
8940,新天地,24,1,23,元大-台中,2023-03-06,9812
4114,健喬,35,14,21,元大-台中,2023-03-06,9812
8131,福懋科,22,1,21,元大-台中,2023-03-06,9812
3324,雙鴻,21,1,20,元大-台中,2023-03-06,9812
5469,瀚宇博,20,1,19,元大-台中,2023-03-06,9812
2498,宏達電,27,8,19,元大-台中,2023-03-06,9812
1108,幸福,20,2,18,元大-台中,2023-03-06,9812
2886,兆豐金,19,2,17,元大-台中,2023-03-06,9812
00665L,富邦�琤肭磪囓�2,22,5,17,元大-台中,2023-03-06,9812
2419,仲琦,17,0,17,元大-台中,2023-03-06,9812
5464,霖宏,16,0,16,元大-台中,2023-03-06,9812
8429,金麗-KY,15,0,15,元大-台中,2023-03-06,9812
2002,中鋼,24,10,14,元大-台中,2023-03-06,9812
00632R,元大台灣50反1,214,200,14,元大-台中,2023-03-06,9812
6140,訊達,14,0,14,元大-台中,2023-03-06,9812
5483,中美晶,14,1,13,元大-台中,2023-03-06,9812
3317,尼克森,16,3,13,元大-台中,2023-03-06,9812
00751B,元大AAA至A公司債,13,1,12,元大-台中,2023-03-06,9812
8289,泰藝,23,11,12,元大-台中,2023-03-06,9812
00713,元大台灣高息低波,12,0,12,元大-台中,2023-03-06,9812
2337,旺宏,14,2,12,元大-台中,2023-03-06,9812
3013,晟銘電,623,611,12,元大-台中,2023-03-06,9812
5258,虹堡,51,40,11,元大-台中,2023-03-06,9812
1101,台泥,16,6,10,元大-台中,2023-03-06,9812
1229,聯華,10,0,10,元大-台中,2023-03-06,9812
3152,璟德,10,0,10,元大-台中,2023-03-06,9812
6129,普誠,10,0,10,元大-台中,2023-03-06,9812
1785,光洋科,10,0,10,元大-台中,2023-03-06,9812
3264,欣銓,221,7,214,元大-台中,2023-03-07,9812
3162,精確,170,43,127,元大-台中,2023-03-07,9812
1504,東元,516,399,117,元大-台中,2023-03-07,9812
0056,元大高股息,116,6,110,元大-台中,2023-03-07,9812
2883B,凱基金乙特,100,0,100,元大-台中,2023-03-07,9812
2618,長榮航,79,1,78,元大-台中,2023-03-07,9812
00878,國泰永續高股息,119,45,74,元大-台中,2023-03-07,9812
6282,康舒,58,18,40,元大-台中,2023-03-07,9812
00673R,期元大S＆P原油反1,43,5,38,元大-台中,2023-03-07,9812
4716,大立,34,0,34,元大-台中,2023-03-07,9812
00885,富邦越南,30,0,30,元大-台中,2023-03-07,9812
00679B,元大美債20年,31,2,29,元大-台中,2023-03-07,9812
4979,華星光,57,31,26,元大-台中,2023-03-07,9812
2025,千興,25,0,25,元大-台中,2023-03-07,9812
1449,佳和,25,0,25,元大-台中,2023-03-07,9812
3019,亞光,28,6,22,元大-台中,2023-03-07,9812
00892,富邦台灣半導體,22,0,22,元大-台中,2023-03-07,9812
1810,和成,21,0,21,元大-台中,2023-03-07,9812
8429,金麗-KY,20,0,20,元大-台中,2023-03-07,9812
1907,永豐餘,200,180,20,元大-台中,2023-03-07,9812
00903,富邦元宇宙,18,0,18,元大-台中,2023-03-07,9812
5864,致和證,18,0,18,元大-台中,2023-03-07,9812
1709,和益,18,0,18,元大-台中,2023-03-07,9812
9941,裕融,18,1,17,元大-台中,2023-03-07,9812
3481,群創,137,121,16,元大-台中,2023-03-07,9812
2405,輔信,18,3,15,元大-台中,2023-03-07,9812
6116,彩晶,40,25,15,元大-台中,2023-03-07,9812
2701,萬企,15,0,15,元大-台中,2023-03-07,9812
8033,雷虎,24,11,13,元大-台中,2023-03-07,9812
6558,興能高,13,0,13,元大-台中,2023-03-07,9812
1442,名軒,13,0,13,元大-台中,2023-03-07,9812
1220,台榮,13,0,13,元大-台中,2023-03-07,9812
2482,連宇,58,46,12,元大-台中,2023-03-07,9812
2444,兆勁,11,0,11,元大-台中,2023-03-07,9812
1569,濱川,11,0,11,元大-台中,2023-03-07,9812
2883,凱基金,19,8,11,元大-台中,2023-03-07,9812
2867,三商壽,10,0,10,元大-台中,2023-03-07,9812
6592,和潤企業,10,0,10,元大-台中,2023-03-07,9812
3041,揚智,10,0,10,元大-台中,2023-03-07,9812
00665L,富邦�琤肭磪囓�2,10,0,10,元大-台中,2023-03-07,9812
2607,榮運,10,0,10,元大-台中,2023-03-07,9812
1618,合機,10,0,10,元大-台中,2023-03-07,9812
1609,大亞,39,29,10,元大-台中,2023-03-07,9812
8476,台境*,11,1,10,元大-台中,2023-03-07,9812
1309,台達化,10,0,10,元大-台中,2023-03-07,9812
00725B,國泰投資級公司債,10,0,10,元大-台中,2023-03-07,9812
00632R,元大台灣50反1,12,2,10,元大-台中,2023-03-07,9812
6188,廣明,10,0,10,元大-台中,2023-03-07,9812
1101,台泥,9,0,9,元大-台中,2023-03-07,9812
00751B,元大AAA至A公司債,9,0,9,元大-台中,2023-03-07,9812
2609,陽明,571,36,535,元大-台中,2023-03-08,9812
3046,建��,207,30,177,元大-台中,2023-03-08,9812
2344,華邦電,181,12,169,元大-台中,2023-03-08,9812
3264,欣銓,94,1,93,元大-台中,2023-03-08,9812
6770,力積電,221,137,84,元大-台中,2023-03-08,9812
1440,南紡,100,20,80,元大-台中,2023-03-08,9812
5009,榮剛,130,77,53,元大-台中,2023-03-08,9812
3362,先進光,118,66,52,元大-台中,2023-03-08,9812
6235,華孚,104,59,45,元大-台中,2023-03-08,9812
2482,連宇,60,18,42,元大-台中,2023-03-08,9812
5864,致和證,43,2,41,元大-台中,2023-03-08,9812
00637L,元大滬深300正2,41,1,40,元大-台中,2023-03-08,9812
00923,群益台ESG低碳50,39,0,39,元大-台中,2023-03-08,9812
6290,良維,79,42,37,元大-台中,2023-03-08,9812
2029,盛餘,37,0,37,元大-台中,2023-03-08,9812
2886,兆豐金,37,1,36,元大-台中,2023-03-08,9812
2606,裕民,37,2,35,元大-台中,2023-03-08,9812
3013,晟銘電,46,15,31,元大-台中,2023-03-08,9812
3058,立德,30,0,30,元大-台中,2023-03-08,9812
2380,虹光,30,1,29,元大-台中,2023-03-08,9812
00878,國泰永續高股息,44,16,28,元大-台中,2023-03-08,9812
2498,宏達電,74,47,27,元大-台中,2023-03-08,9812
00713,元大台灣高息低波,28,3,25,元大-台中,2023-03-08,9812
2317,鴻海,26,5,21,元大-台中,2023-03-08,9812
1506,正道,20,0,20,元大-台中,2023-03-08,9812
1528,恩德,20,1,19,元大-台中,2023-03-08,9812
1529,樂事綠能,20,1,19,元大-台中,2023-03-08,9812
2354,鴻準,18,0,18,元大-台中,2023-03-08,9812
1701,中化,17,0,17,元大-台中,2023-03-08,9812
3526,凡甲,20,3,17,元大-台中,2023-03-08,9812
2888,新光金,16,0,16,元大-台中,2023-03-08,9812
1569,濱川,17,1,16,元大-台中,2023-03-08,9812
1721,三晃,15,0,15,元大-台中,2023-03-08,9812
00751B,元大AAA至A公司債,14,0,14,元大-台中,2023-03-08,9812
3591,艾笛森,20,6,14,元大-台中,2023-03-08,9812
4164,承業醫,19,5,14,元大-台中,2023-03-08,9812
6558,興能高,19,5,14,元大-台中,2023-03-08,9812
2891,中信金,13,0,13,元大-台中,2023-03-08,9812
00715L,期街口布蘭特正2,13,0,13,元大-台中,2023-03-08,9812
6148,驊宏資,13,0,13,元大-台中,2023-03-08,9812
1101,台泥,14,2,12,元大-台中,2023-03-08,9812
3147,大綜,29,17,12,元大-台中,2023-03-08,9812
3666,光耀,12,0,12,元大-台中,2023-03-08,9812
2022,聚亨,12,0,12,元大-台中,2023-03-08,9812
00893,國泰智能電動車,13,2,11,元大-台中,2023-03-08,9812
6547,高端疫苗,18,7,11,元大-台中,2023-03-08,9812
3443,創意,21,10,11,元大-台中,2023-03-08,9812
2882,國泰金,12,1,11,元大-台中,2023-03-08,9812
2880,華南金,20,10,10,元大-台中,2023-03-08,9812
4960,誠美材,10,0,10,元大-台中,2023-03-08,9812
2883B,凱基金乙特,157,0,157,元大-台中,2023-03-09,9812
2317,鴻海,67,6,61,元大-台中,2023-03-09,9812
2891,中信金,61,0,61,元大-台中,2023-03-09,9812
00878,國泰永續高股息,57,0,57,元大-台中,2023-03-09,9812
6263,普萊德,64,9,55,元大-台中,2023-03-09,9812
1101,台泥,56,4,52,元大-台中,2023-03-09,9812
1605,華新,113,67,46,元大-台中,2023-03-09,9812
00679B,元大美債20年,39,0,39,元大-台中,2023-03-09,9812
8222,寶一,49,13,36,元大-台中,2023-03-09,9812
6191,精成科,36,2,34,元大-台中,2023-03-09,9812
2885,元大金,43,10,33,元大-台中,2023-03-09,9812
2610,華航,54,22,32,元大-台中,2023-03-09,9812
3058,立德,30,0,30,元大-台中,2023-03-09,9812
2834,臺企銀,31,2,29,元大-台中,2023-03-09,9812
6282,康舒,59,31,28,元大-台中,2023-03-09,9812
3432,台端,26,0,26,元大-台中,2023-03-09,9812
00902,中信電池及儲能,24,0,24,元大-台中,2023-03-09,9812
3147,大綜,31,7,24,元大-台中,2023-03-09,9812
6235,華孚,55,32,23,元大-台中,2023-03-09,9812
6290,良維,178,156,22,元大-台中,2023-03-09,9812
3005,神基,23,2,21,元大-台中,2023-03-09,9812
00719B,元大美債1-3,20,0,20,元大-台中,2023-03-09,9812
3576,聯合再生,30,10,20,元大-台中,2023-03-09,9812
2867,三商壽,18,0,18,元大-台中,2023-03-09,9812
2641,正德,38,20,18,元大-台中,2023-03-09,9812
2618,長榮航,47,30,17,元大-台中,2023-03-09,9812
2409,友達,31,15,16,元大-台中,2023-03-09,9812
1536,和大,16,0,16,元大-台中,2023-03-09,9812
3322,建舜電,36,20,16,元大-台中,2023-03-09,9812
3715,定穎投控,15,0,15,元大-台中,2023-03-09,9812
4430,耀億,15,0,15,元大-台中,2023-03-09,9812
2025,千興,15,0,15,元大-台中,2023-03-09,9812
4551,智伸科,14,0,14,元大-台中,2023-03-09,9812
1533,車王電,14,0,14,元大-台中,2023-03-09,9812
1718,中纖,14,1,13,元大-台中,2023-03-09,9812
4915,致伸,14,1,13,元大-台中,2023-03-09,9812
2354,鴻準,13,0,13,元大-台中,2023-03-09,9812
2402,毅嘉,21,8,13,元大-台中,2023-03-09,9812
3163,波若威,13,0,13,元大-台中,2023-03-09,9812
2419,仲琦,24,11,13,元大-台中,2023-03-09,9812
2883,凱基金,16,3,13,元大-台中,2023-03-09,9812
4960,誠美材,13,0,13,元大-台中,2023-03-09,9812
2888,新光金,12,0,12,元大-台中,2023-03-09,9812
6125,廣運,13,1,12,元大-台中,2023-03-09,9812
6104,創惟,17,5,12,元大-台中,2023-03-09,9812
4130,健亞,12,0,12,元大-台中,2023-03-09,9812
2886,兆豐金,11,0,11,元大-台中,2023-03-09,9812
6016,康和證,11,0,11,元大-台中,2023-03-09,9812
6761,穩得,11,0,11,元大-台中,2023-03-09,9812
3710,連展投控,11,0,11,元大-台中,2023-03-09,9812
00632R,元大台灣50反1,179,18,161,元大-台中,2023-03-10,9812
00878,國泰永續高股息,168,14,154,元大-台中,2023-03-10,9812
1440,南紡,110,0,110,元大-台中,2023-03-10,9812
5009,榮剛,224,117,107,元大-台中,2023-03-10,9812
2453,凌群,152,61,91,元大-台中,2023-03-10,9812
2618,長榮航,112,36,76,元大-台中,2023-03-10,9812
2610,華航,82,21,61,元大-台中,2023-03-10,9812
00712,復華富時不動產,61,0,61,元大-台中,2023-03-10,9812
2615,萬海,80,20,60,元大-台中,2023-03-10,9812
1519,華城,60,3,57,元大-台中,2023-03-10,9812
2883,凱基金,157,100,57,元大-台中,2023-03-10,9812
2603,長榮,101,60,41,元大-台中,2023-03-10,9812
2331,精英,107,68,39,元大-台中,2023-03-10,9812
2882,國泰金,41,3,38,元大-台中,2023-03-10,9812
2344,華邦電,53,15,38,元大-台中,2023-03-10,9812
2892,第一金,37,0,37,元大-台中,2023-03-10,9812
2880,華南金,35,0,35,元大-台中,2023-03-10,9812
1506,正道,29,0,29,元大-台中,2023-03-10,9812
8069,元太,41,13,28,元大-台中,2023-03-10,9812
00923,群益台ESG低碳50,27,0,27,元大-台中,2023-03-10,9812
00715L,期街口布蘭特正2,27,0,27,元大-台中,2023-03-10,9812
1605,華新,81,54,27,元大-台中,2023-03-10,9812
2886,兆豐金,25,0,25,元大-台中,2023-03-10,9812
00882,中信中國高股息,22,0,22,元大-台中,2023-03-10,9812
2221,大甲,25,4,21,元大-台中,2023-03-10,9812
4142,國光生,27,6,21,元大-台中,2023-03-10,9812
8940,新天地,23,2,21,元大-台中,2023-03-10,9812
2911,麗嬰房,20,0,20,元大-台中,2023-03-10,9812
00713,元大台灣高息低波,54,37,17,元大-台中,2023-03-10,9812
00907,永豐優息存股,17,0,17,元大-台中,2023-03-10,9812
6290,良維,18,2,16,元大-台中,2023-03-10,9812
2888,新光金,28,12,16,元大-台中,2023-03-10,9812
2313,華通,21,5,16,元大-台中,2023-03-10,9812
8467,波力-KY,16,0,16,元大-台中,2023-03-10,9812
4105,東洋,15,0,15,元大-台中,2023-03-10,9812
8050,廣積,18,3,15,元大-台中,2023-03-10,9812
2329,華泰,15,0,15,元大-台中,2023-03-10,9812
1513,中興電,20,6,14,元大-台中,2023-03-10,9812
1504,東元,26,12,14,元大-台中,2023-03-10,9812
1609,大亞,21,7,14,元大-台中,2023-03-10,9812
2885,元大金,36,23,13,元大-台中,2023-03-10,9812
2330,台積電,14,1,13,元大-台中,2023-03-10,9812
2354,鴻準,13,0,13,元大-台中,2023-03-10,9812
2881,富邦金,16,3,13,元大-台中,2023-03-10,9812
2891,中信金,13,0,13,元大-台中,2023-03-10,9812
3594,磐儀,12,0,12,元大-台中,2023-03-10,9812
8131,福懋科,12,0,12,元大-台中,2023-03-10,9812
2402,毅嘉,61,49,12,元大-台中,2023-03-10,9812
1527,鑽全,13,1,12,元大-台中,2023-03-10,9812
2449,京元電子,18,6,12,元大-台中,2023-03-10,9812
6163,華電網,528,0,528,元大-台中,2023-03-13,9812
00885,富邦越南,200,1,199,元大-台中,2023-03-13,9812
00878,國泰永續高股息,237,47,190,元大-台中,2023-03-13,9812
2884,玉山金,96,2,94,元大-台中,2023-03-13,9812
2609,陽明,189,129,60,元大-台中,2023-03-13,9812
2331,精英,68,11,57,元大-台中,2023-03-13,9812
2888,新光金,68,11,57,元大-台中,2023-03-13,9812
00713,元大台灣高息低波,60,5,55,元大-台中,2023-03-13,9812
6770,力積電,107,56,51,元大-台中,2023-03-13,9812
2883,凱基金,300,263,37,元大-台中,2023-03-13,9812
2482,連宇,66,29,37,元大-台中,2023-03-13,9812
00712,復華富時不動產,41,6,35,元大-台中,2023-03-13,9812
3498,陽程,34,0,34,元大-台中,2023-03-13,9812
1785,光洋科,30,0,30,元大-台中,2023-03-13,9812
2014,中鴻,35,6,29,元大-台中,2023-03-13,9812
3024,憶聲,25,0,25,元大-台中,2023-03-13,9812
2867,三商壽,40,16,24,元大-台中,2023-03-13,9812
3207,耀勝,24,2,22,元大-台中,2023-03-13,9812
2641,正德,51,30,21,元大-台中,2023-03-13,9812
00715L,期街口布蘭特正2,21,0,21,元大-台中,2023-03-13,9812
8390,金益鼎,26,5,21,元大-台中,2023-03-13,9812
8131,福懋科,20,0,20,元大-台中,2023-03-13,9812
6016,康和證,20,0,20,元大-台中,2023-03-13,9812
2221,大甲,20,1,19,元大-台中,2023-03-13,9812
00882,中信中國高股息,19,0,19,元大-台中,2023-03-13,9812
2881,富邦金,19,0,19,元大-台中,2023-03-13,9812
2354,鴻準,18,0,18,元大-台中,2023-03-13,9812
4430,耀億,17,0,17,元大-台中,2023-03-13,9812
3162,精確,18,1,17,元大-台中,2023-03-13,9812
2882,國泰金,27,11,16,元大-台中,2023-03-13,9812
3034,聯詠,18,2,16,元大-台中,2023-03-13,9812
4105,東洋,15,1,14,元大-台中,2023-03-13,9812
8064,東捷,14,0,14,元大-台中,2023-03-13,9812
2605,新興,15,2,13,元大-台中,2023-03-13,9812
3027,盛達,14,1,13,元大-台中,2023-03-13,9812
00640L,富邦日本正2,13,0,13,元大-台中,2023-03-13,9812
0056,元大高股息,23,11,12,元大-台中,2023-03-13,9812
6469,大樹,12,0,12,元大-台中,2023-03-13,9812
2427,三商電,78,66,12,元大-台中,2023-03-13,9812
3046,建��,86,74,12,元大-台中,2023-03-13,9812
6122,擎邦,163,151,12,元大-台中,2023-03-13,9812
00679B,元大美債20年,17,6,11,元大-台中,2023-03-13,9812
9939,宏全,11,0,11,元大-台中,2023-03-13,9812
2328,廣宇,11,0,11,元大-台中,2023-03-13,9812
8429,金麗-KY,11,0,11,元大-台中,2023-03-13,9812
2476,鉅祥,11,0,11,元大-台中,2023-03-13,9812
1101,台泥,12,2,10,元大-台中,2023-03-13,9812
4904,遠傳,10,0,10,元大-台中,2023-03-13,9812
2059,川湖,10,0,10,元大-台中,2023-03-13,9812
2455,全新,10,0,10,元大-台中,2023-03-13,9812
00878,國泰永續高股息,613,7,606,元大-台中,2023-03-14,9812
2603,長榮,345,60,285,元大-台中,2023-03-14,9812
2888,新光金,235,36,199,元大-台中,2023-03-14,9812
00715L,期街口布蘭特正2,155,1,154,元大-台中,2023-03-14,9812
2883,凱基金,421,306,115,元大-台中,2023-03-14,9812
3481,群創,111,26,85,元大-台中,2023-03-14,9812
2885,元大金,99,15,84,元大-台中,2023-03-14,9812
00713,元大台灣高息低波,78,0,78,元大-台中,2023-03-14,9812
00642U,期元大S＆P石油,76,0,76,元大-台中,2023-03-14,9812
3264,欣銓,74,2,72,元大-台中,2023-03-14,9812
2867,三商壽,65,0,65,元大-台中,2023-03-14,9812
2615,萬海,72,13,59,元大-台中,2023-03-14,9812
2618,長榮航,95,40,55,元大-台中,2023-03-14,9812
2303,聯電,62,13,49,元大-台中,2023-03-14,9812
00902,中信電池及儲能,39,3,36,元大-台中,2023-03-14,9812
2889,國票金,48,12,36,元大-台中,2023-03-14,9812
00632R,元大台灣50反1,55,20,35,元大-台中,2023-03-14,9812
2344,華邦電,36,3,33,元大-台中,2023-03-14,9812
00919,群益台灣精選高息,33,0,33,元大-台中,2023-03-14,9812
3013,晟銘電,38,7,31,元大-台中,2023-03-14,9812
2609,陽明,90,60,30,元大-台中,2023-03-14,9812
6142,友勁,30,0,30,元大-台中,2023-03-14,9812
2892,第一金,28,0,28,元大-台中,2023-03-14,9812
2882,國泰金,32,5,27,元大-台中,2023-03-14,9812
1504,東元,33,6,27,元大-台中,2023-03-14,9812
0056,元大高股息,26,2,24,元大-台中,2023-03-14,9812
2308,台達電,23,0,23,元大-台中,2023-03-14,9812
2897,王道銀行,24,2,22,元大-台中,2023-03-14,9812
2402,毅嘉,28,6,22,元大-台中,2023-03-14,9812
2338,光罩,20,0,20,元大-台中,2023-03-14,9812
1785,光洋科,35,16,19,元大-台中,2023-03-14,9812
2645,長榮航太,37,18,19,元大-台中,2023-03-14,9812
0050,元大台灣50,19,0,19,元大-台中,2023-03-14,9812
6770,力積電,23,4,19,元大-台中,2023-03-14,9812
2317,鴻海,18,0,18,元大-台中,2023-03-14,9812
2409,友達,33,15,18,元大-台中,2023-03-14,9812
00882,中信中國高股息,18,0,18,元大-台中,2023-03-14,9812
2890,永豐金,17,0,17,元大-台中,2023-03-14,9812
2486,一詮,17,1,16,元大-台中,2023-03-14,9812
5880,合庫金,15,0,15,元大-台中,2023-03-14,9812
6244,茂迪,27,13,14,元大-台中,2023-03-14,9812
2884,玉山金,15,2,13,元大-台中,2023-03-14,9812
9955,佳龍,12,0,12,元大-台中,2023-03-14,9812
3682,亞太電,11,0,11,元大-台中,2023-03-14,9812
00720B,元大投資級公司債,11,0,11,元大-台中,2023-03-14,9812
3673,TPK-KY,12,1,11,元大-台中,2023-03-14,9812
3630,新鉅科,11,0,11,元大-台中,2023-03-14,9812
00679B,元大美債20年,16,6,10,元大-台中,2023-03-14,9812
9914,美利達,10,0,10,元大-台中,2023-03-14,9812
1527,鑽全,10,0,10,元大-台中,2023-03-14,9812
4934,太極,306,12,294,元大-台中,2023-03-15,9812
00715L,期街口布蘭特正2,202,0,202,元大-台中,2023-03-15,9812
5009,榮剛,240,39,201,元大-台中,2023-03-15,9812
2609,陽明,128,26,102,元大-台中,2023-03-15,9812
8926,台汽電,102,0,102,元大-台中,2023-03-15,9812
00642U,期元大S＆P石油,101,0,101,元大-台中,2023-03-15,9812
2884,玉山金,110,13,97,元大-台中,2023-03-15,9812
00878,國泰永續高股息,92,0,92,元大-台中,2023-03-15,9812
3056,富華新,64,0,64,元大-台中,2023-03-15,9812
2883,凱基金,365,311,54,元大-台中,2023-03-15,9812
3481,群創,59,10,49,元大-台中,2023-03-15,9812
2888,新光金,47,5,42,元大-台中,2023-03-15,9812
00632R,元大台灣50反1,31,0,31,元大-台中,2023-03-15,9812
2344,華邦電,31,2,29,元大-台中,2023-03-15,9812
3682,亞太電,27,0,27,元大-台中,2023-03-15,9812
00688L,國泰20年美債正2,26,0,26,元大-台中,2023-03-15,9812
2605,新興,41,16,25,元大-台中,2023-03-15,9812
00885,富邦越南,24,0,24,元大-台中,2023-03-15,9812
2891,中信金,26,4,22,元大-台中,2023-03-15,9812
00713,元大台灣高息低波,21,0,21,元大-台中,2023-03-15,9812
1569,濱川,20,0,20,元大-台中,2023-03-15,9812
1513,中興電,28,9,19,元大-台中,2023-03-15,9812
00679B,元大美債20年,18,0,18,元大-台中,2023-03-15,9812
2317,鴻海,17,0,17,元大-台中,2023-03-15,9812
2889,國票金,18,1,17,元大-台中,2023-03-15,9812
1314,中石化,16,0,16,元大-台中,2023-03-15,9812
2438,翔耀,16,0,16,元大-台中,2023-03-15,9812
1605,華新,23,7,16,元大-台中,2023-03-15,9812
6142,友勁,15,0,15,元大-台中,2023-03-15,9812
9105,泰金寶-DR,15,0,15,元大-台中,2023-03-15,9812
2618,長榮航,22,9,13,元大-台中,2023-03-15,9812
4562,穎漢,13,0,13,元大-台中,2023-03-15,9812
00720B,元大投資級公司債,13,0,13,元大-台中,2023-03-15,9812
00712,復華富時不動產,12,0,12,元大-台中,2023-03-15,9812
5880,合庫金,11,0,11,元大-台中,2023-03-15,9812
2379,瑞昱,24,13,11,元大-台中,2023-03-15,9812
6770,力積電,11,0,11,元大-台中,2023-03-15,9812
2409,友達,18,7,11,元大-台中,2023-03-15,9812
4164,承業醫,15,5,10,元大-台中,2023-03-15,9812
00907,永豐優息存股,10,0,10,元大-台中,2023-03-15,9812
6156,松上,10,0,10,元大-台中,2023-03-15,9812
8054,安國,10,0,10,元大-台中,2023-03-15,9812
3346,麗清,11,1,10,元大-台中,2023-03-15,9812
3526,凡甲,10,0,10,元大-台中,2023-03-15,9812
6101,寬魚國際,10,0,10,元大-台中,2023-03-15,9812
8249,菱光,10,0,10,元大-台中,2023-03-15,9812
1529,樂事綠能,14,5,9,元大-台中,2023-03-15,9812
2504,國產,10,1,9,元大-台中,2023-03-15,9812
4720,德淵,10,1,9,元大-台中,2023-03-15,9812
3013,晟銘電,13,4,9,元大-台中,2023-03-15,9812
2888,新光金,219,13,206,元大-台中,2023-03-16,9812
00642U,期元大S＆P石油,142,8,134,元大-台中,2023-03-16,9812
00878,國泰永續高股息,173,41,132,元大-台中,2023-03-16,9812
00715L,期街口布蘭特正2,121,3,118,元大-台中,2023-03-16,9812
2402,毅嘉,242,126,116,元大-台中,2023-03-16,9812
3027,盛達,139,26,113,元大-台中,2023-03-16,9812
2891,中信金,70,2,68,元大-台中,2023-03-16,9812
3481,群創,83,21,62,元大-台中,2023-03-16,9812
2880,華南金,54,0,54,元大-台中,2023-03-16,9812
2515,中工,50,0,50,元大-台中,2023-03-16,9812
2883,凱基金,171,122,49,元大-台中,2023-03-16,9812
1611,中電,242,203,39,元大-台中,2023-03-16,9812
2882,國泰金,45,8,37,元大-台中,2023-03-16,9812
2885,元大金,37,2,35,元大-台中,2023-03-16,9812
6271,同欣電,35,1,34,元大-台中,2023-03-16,9812
00712,復華富時不動產,33,0,33,元大-台中,2023-03-16,9812
2609,陽明,197,165,32,元大-台中,2023-03-16,9812
00713,元大台灣高息低波,31,0,31,元大-台中,2023-03-16,9812
00706L,期元大S＆P日圓正2,30,0,30,元大-台中,2023-03-16,9812
2312,金寶,28,0,28,元大-台中,2023-03-16,9812
6235,華孚,59,31,28,元大-台中,2023-03-16,9812
2476,鉅祥,24,0,24,元大-台中,2023-03-16,9812
2603,長榮,51,27,24,元大-台中,2023-03-16,9812
6142,友勁,21,0,21,元大-台中,2023-03-16,9812
2884,玉山金,36,17,19,元大-台中,2023-03-16,9812
1569,濱川,17,0,17,元大-台中,2023-03-16,9812
0056,元大高股息,25,9,16,元大-台中,2023-03-16,9812
4174,浩鼎,16,0,16,元大-台中,2023-03-16,9812
2413,環科,37,21,16,元大-台中,2023-03-16,9812
1712,興農,16,0,16,元大-台中,2023-03-16,9812
1605,華新,15,0,15,元大-台中,2023-03-16,9812
2330,台積電,14,0,14,元大-台中,2023-03-16,9812
2886,兆豐金,17,3,14,元大-台中,2023-03-16,9812
2344,華邦電,17,3,14,元大-台中,2023-03-16,9812
4114,健喬,15,2,13,元大-台中,2023-03-16,9812
3682,亞太電,13,0,13,元大-台中,2023-03-16,9812
2017,官田鋼,13,0,13,元大-台中,2023-03-16,9812
2204,中華,13,1,12,元大-台中,2023-03-16,9812
8440,綠電,12,0,12,元大-台中,2023-03-16,9812
6155,鈞寶,12,0,12,元大-台中,2023-03-16,9812
5531,鄉林,11,0,11,元大-台中,2023-03-16,9812
2845,遠東銀,11,0,11,元大-台中,2023-03-16,9812
2027,大成鋼,14,4,10,元大-台中,2023-03-16,9812
1218,泰山,10,0,10,元大-台中,2023-03-16,9812
6234,高僑,10,0,10,元大-台中,2023-03-16,9812
1513,中興電,31,21,10,元大-台中,2023-03-16,9812
0050,元大台灣50,12,3,9,元大-台中,2023-03-16,9812
2812,台中銀,19,10,9,元大-台中,2023-03-16,9812
2486,一詮,15,6,9,元大-台中,2023-03-16,9812
1609,大亞,12,3,9,元大-台中,2023-03-16,9812
2453,凌群,205,6,199,元大-台中,2023-03-17,9812
3264,欣銓,112,4,108,元大-台中,2023-03-17,9812
1907,永豐餘,100,0,100,元大-台中,2023-03-17,9812
2887,台新金,60,8,52,元大-台中,2023-03-17,9812
2303,聯電,132,80,52,元大-台中,2023-03-17,9812
2891,中信金,46,0,46,元大-台中,2023-03-17,9812
2834,臺企銀,1051,1007,44,元大-台中,2023-03-17,9812
00642U,期元大S＆P石油,37,1,36,元大-台中,2023-03-17,9812
5483,中美晶,49,16,33,元大-台中,2023-03-17,9812
2882,國泰金,35,6,29,元大-台中,2023-03-17,9812
6213,聯茂,28,0,28,元大-台中,2023-03-17,9812
00878,國泰永續高股息,38,11,27,元大-台中,2023-03-17,9812
2867,三商壽,26,0,26,元大-台中,2023-03-17,9812
2892,第一金,25,0,25,元大-台中,2023-03-17,9812
00713,元大台灣高息低波,24,0,24,元大-台中,2023-03-17,9812
3682,亞太電,23,0,23,元大-台中,2023-03-17,9812
00712,復華富時不動產,45,24,21,元大-台中,2023-03-17,9812
2401,凌陽,20,0,20,元大-台中,2023-03-17,9812
6163,華電網,20,0,20,元大-台中,2023-03-17,9812
2014,中鴻,21,2,19,元大-台中,2023-03-17,9812
00715L,期街口布蘭特正2,16,0,16,元大-台中,2023-03-17,9812
1524,耿鼎,25,9,16,元大-台中,2023-03-17,9812
2610,華航,16,0,16,元大-台中,2023-03-17,9812
2331,精英,15,0,15,元大-台中,2023-03-17,9812
8429,金麗-KY,15,0,15,元大-台中,2023-03-17,9812
1609,大亞,26,12,14,元大-台中,2023-03-17,9812
8390,金益鼎,33,20,13,元大-台中,2023-03-17,9812
00902,中信電池及儲能,13,0,13,元大-台中,2023-03-17,9812
00885,富邦越南,11,0,11,元大-台中,2023-03-17,9812
1712,興農,11,0,11,元大-台中,2023-03-17,9812
5608,四維航,11,0,11,元大-台中,2023-03-17,9812
5258,虹堡,13,2,11,元大-台中,2023-03-17,9812
3563,牧德,11,0,11,元大-台中,2023-03-17,9812
6517,保勝光學,11,0,11,元大-台中,2023-03-17,9812
00688L,國泰20年美債正2,11,0,11,元大-台中,2023-03-17,9812
9904,寶成,14,3,11,元大-台中,2023-03-17,9812
2888,新光金,14,3,11,元大-台中,2023-03-17,9812
2603,長榮,57,46,11,元大-台中,2023-03-17,9812
2615,萬海,13,3,10,元大-台中,2023-03-17,9812
2886,兆豐金,10,0,10,元大-台中,2023-03-17,9812
8936,國統,12,2,10,元大-台中,2023-03-17,9812
00891,中信關鍵半導體,12,2,10,元大-台中,2023-03-17,9812
1785,光洋科,14,5,9,元大-台中,2023-03-17,9812
2885,元大金,30,21,9,元大-台中,2023-03-17,9812
2618,長榮航,9,0,9,元大-台中,2023-03-17,9812
2409,友達,24,15,9,元大-台中,2023-03-17,9812
2736,富野,10,1,9,元大-台中,2023-03-17,9812
1101,台泥,11,3,8,元大-台中,2023-03-17,9812
2388,威盛,67,59,8,元大-台中,2023-03-17,9812
2317,鴻海,13,5,8,元大-台中,2023-03-17,9812
4967,十銓,111,9,102,元大-台中,2023-03-20,9812
2353,宏��,105,12,93,元大-台中,2023-03-20,9812
2884,玉山金,96,13,83,元大-台中,2023-03-20,9812
2888,新光金,65,12,53,元大-台中,2023-03-20,9812
6517,保勝光學,50,0,50,元大-台中,2023-03-20,9812
00642U,期元大S＆P石油,69,20,49,元大-台中,2023-03-20,9812
00878,國泰永續高股息,55,9,46,元大-台中,2023-03-20,9812
00712,復華富時不動產,54,10,44,元大-台中,2023-03-20,9812
5452,佶優,40,0,40,元大-台中,2023-03-20,9812
00715L,期街口布蘭特正2,45,7,38,元大-台中,2023-03-20,9812
1605,華新,42,8,34,元大-台中,2023-03-20,9812
8390,金益鼎,31,0,31,元大-台中,2023-03-20,9812
00902,中信電池及儲能,31,1,30,元大-台中,2023-03-20,9812
1907,永豐餘,30,0,30,元大-台中,2023-03-20,9812
00885,富邦越南,48,20,28,元大-台中,2023-03-20,9812
00637L,元大滬深300正2,75,47,28,元大-台中,2023-03-20,9812
6142,友勁,25,0,25,元大-台中,2023-03-20,9812
2892,第一金,25,0,25,元大-台中,2023-03-20,9812
2897,王道銀行,28,5,23,元大-台中,2023-03-20,9812
2317,鴻海,21,0,21,元大-台中,2023-03-20,9812
8936,國統,27,7,20,元大-台中,2023-03-20,9812
2603,長榮,52,34,18,元大-台中,2023-03-20,9812
5009,榮剛,19,1,18,元大-台中,2023-03-20,9812
2891,中信金,18,0,18,元大-台中,2023-03-20,9812
2801,彰銀,17,0,17,元大-台中,2023-03-20,9812
8171,天宇,18,2,16,元大-台中,2023-03-20,9812
6770,力積電,23,7,16,元大-台中,2023-03-20,9812
1101,台泥,19,4,15,元大-台中,2023-03-20,9812
1301,台塑,15,0,15,元大-台中,2023-03-20,9812
2881,富邦金,14,0,14,元大-台中,2023-03-20,9812
3162,精確,20,6,14,元大-台中,2023-03-20,9812
1712,興農,13,0,13,元大-台中,2023-03-20,9812
9945,潤泰新,24,12,12,元大-台中,2023-03-20,9812
2201,裕隆,16,4,12,元大-台中,2023-03-20,9812
2331,精英,11,0,11,元大-台中,2023-03-20,9812
2330,台積電,11,0,11,元大-台中,2023-03-20,9812
2419,仲琦,10,0,10,元大-台中,2023-03-20,9812
6229,研通,10,0,10,元大-台中,2023-03-20,9812
1503,士電,11,1,10,元大-台中,2023-03-20,9812
1710,東聯,10,0,10,元大-台中,2023-03-20,9812
4167,松瑞藥,14,4,10,元大-台中,2023-03-20,9812
00713,元大台灣高息低波,11,2,9,元大-台中,2023-03-20,9812
4977,眾達-KY,9,0,9,元大-台中,2023-03-20,9812
3592,瑞鼎,10,1,9,元大-台中,2023-03-20,9812
00893,國泰智能電動車,9,0,9,元大-台中,2023-03-20,9812
3188,鑫龍騰,9,0,9,元大-台中,2023-03-20,9812
2027,大成鋼,10,1,9,元大-台中,2023-03-20,9812
2618,長榮航,8,0,8,元大-台中,2023-03-20,9812
1442,名軒,8,0,8,元大-台中,2023-03-20,9812
3624,光頡,12,4,8,元大-台中,2023-03-20,9812
2884,玉山金,92,1,91,元大-台中,2023-03-21,9812
6244,茂迪,111,35,76,元大-台中,2023-03-21,9812
3481,群創,192,121,71,元大-台中,2023-03-21,9812
2834,臺企銀,72,8,64,元大-台中,2023-03-21,9812
3017,奇鋐,107,50,57,元大-台中,2023-03-21,9812
2537,聯上發,50,0,50,元大-台中,2023-03-21,9812
00885,富邦越南,66,20,46,元大-台中,2023-03-21,9812
00878,國泰永續高股息,45,6,39,元大-台中,2023-03-21,9812
4934,太極,60,26,34,元大-台中,2023-03-21,9812
6274,台燿,33,1,32,元大-台中,2023-03-21,9812
2609,陽明,50,19,31,元大-台中,2023-03-21,9812
8112,至上,34,4,30,元大-台中,2023-03-21,9812
6863,永道-KY,30,0,30,元大-台中,2023-03-21,9812
1611,中電,35,6,29,元大-台中,2023-03-21,9812
1529,樂事綠能,307,278,29,元大-台中,2023-03-21,9812
00712,復華富時不動產,28,0,28,元大-台中,2023-03-21,9812
2618,長榮航,33,5,28,元大-台中,2023-03-21,9812
00888,永豐台灣ESG,24,0,24,元大-台中,2023-03-21,9812
6655,科定,22,0,22,元大-台中,2023-03-21,9812
1603,華電,27,5,22,元大-台中,2023-03-21,9812
5236,凌陽創新,22,1,21,元大-台中,2023-03-21,9812
00715L,期街口布蘭特正2,20,0,20,元大-台中,2023-03-21,9812
1907,永豐餘,57,37,20,元大-台中,2023-03-21,9812
5469,瀚宇博,19,0,19,元大-台中,2023-03-21,9812
3029,零壹,43,24,19,元大-台中,2023-03-21,9812
6829,千附精密,16,0,16,元大-台中,2023-03-21,9812
6517,保勝光學,16,0,16,元大-台中,2023-03-21,9812
2603,長榮,27,12,15,元大-台中,2023-03-21,9812
2883,凱基金,26,11,15,元大-台中,2023-03-21,9812
4953,緯軟,14,0,14,元大-台中,2023-03-21,9812
6116,彩晶,23,9,14,元大-台中,2023-03-21,9812
3491,昇達科,18,4,14,元大-台中,2023-03-21,9812
2615,萬海,15,1,14,元大-台中,2023-03-21,9812
8936,國統,19,6,13,元大-台中,2023-03-21,9812
6531,愛普*,22,10,12,元大-台中,2023-03-21,9812
8033,雷虎,41,29,12,元大-台中,2023-03-21,9812
8150,南茂,15,4,11,元大-台中,2023-03-21,9812
2852,第一保,11,0,11,元大-台中,2023-03-21,9812
2636,台驊控股,11,0,11,元大-台中,2023-03-21,9812
2882,國泰金,17,6,11,元大-台中,2023-03-21,9812
2353,宏��,13,2,11,元大-台中,2023-03-21,9812
0056,元大高股息,13,2,11,元大-台中,2023-03-21,9812
2881,富邦金,12,1,11,元大-台中,2023-03-21,9812
00713,元大台灣高息低波,12,1,11,元大-台中,2023-03-21,9812
5015,華祺,11,1,10,元大-台中,2023-03-21,9812
3322,建舜電,10,0,10,元大-台中,2023-03-21,9812
2476,鉅祥,22,12,10,元大-台中,2023-03-21,9812
3114,好德,10,0,10,元大-台中,2023-03-21,9812
3236,千如,13,3,10,元大-台中,2023-03-21,9812
3494,誠研,10,0,10,元大-台中,2023-03-21,9812
2888,新光金,406,7,399,元大-台中,2023-03-22,9812
00885,富邦越南,209,1,208,元大-台中,2023-03-22,9812
6143,振曜,326,125,201,元大-台中,2023-03-22,9812
00632R,元大台灣50反1,131,30,101,元大-台中,2023-03-22,9812
3715,定穎投控,105,10,95,元大-台中,2023-03-22,9812
2495,普安,50,0,50,元大-台中,2023-03-22,9812
2883B,凱基金乙特,44,0,44,元大-台中,2023-03-22,9812
1605,華新,43,8,35,元大-台中,2023-03-22,9812
1785,光洋科,37,5,32,元大-台中,2023-03-22,9812
2887,台新金,40,10,30,元大-台中,2023-03-22,9812
2359,所羅門,33,4,29,元大-台中,2023-03-22,9812
3027,盛達,37,8,29,元大-台中,2023-03-22,9812
8121,越峰,23,0,23,元大-台中,2023-03-22,9812
2882,國泰金,23,1,22,元大-台中,2023-03-22,9812
00642U,期元大S＆P石油,21,0,21,元大-台中,2023-03-22,9812
2401,凌陽,20,0,20,元大-台中,2023-03-22,9812
6743,安普新,20,0,20,元大-台中,2023-03-22,9812
6592,和潤企業,20,0,20,元大-台中,2023-03-22,9812
2409,友達,22,2,20,元大-台中,2023-03-22,9812
1513,中興電,51,33,18,元大-台中,2023-03-22,9812
3207,耀勝,18,0,18,元大-台中,2023-03-22,9812
6122,擎邦,46,30,16,元大-台中,2023-03-22,9812
2482,連宇,80,65,15,元大-台中,2023-03-22,9812
8105,凌巨,18,3,15,元大-台中,2023-03-22,9812
1449,佳和,15,0,15,元大-台中,2023-03-22,9812
3362,先進光,18,4,14,元大-台中,2023-03-22,9812
1609,大亞,13,0,13,元大-台中,2023-03-22,9812
1712,興農,13,0,13,元大-台中,2023-03-22,9812
3030,德律,12,0,12,元大-台中,2023-03-22,9812
1307,三芳,11,0,11,元大-台中,2023-03-22,9812
9928,中視,11,0,11,元大-台中,2023-03-22,9812
2457,飛宏,49,38,11,元大-台中,2023-03-22,9812
1528,恩德,10,0,10,元大-台中,2023-03-22,9812
1536,和大,10,0,10,元大-台中,2023-03-22,9812
4956,光鋐,21,11,10,元大-台中,2023-03-22,9812
6290,良維,114,104,10,元大-台中,2023-03-22,9812
4915,致伸,11,1,10,元大-台中,2023-03-22,9812
00673R,期元大S＆P原油反1,10,0,10,元大-台中,2023-03-22,9812
6244,茂迪,30,20,10,元大-台中,2023-03-22,9812
3217,優群,11,1,10,元大-台中,2023-03-22,9812
3481,群創,26,16,10,元大-台中,2023-03-22,9812
3236,千如,10,1,9,元大-台中,2023-03-22,9812
6531,愛普*,38,29,9,元大-台中,2023-03-22,9812
8431,匯鑽科,11,2,9,元大-台中,2023-03-22,9812
4306,炎洲,9,0,9,元大-台中,2023-03-22,9812
1504,東元,41,32,9,元大-台中,2023-03-22,9812
3363,上詮,9,1,8,元大-台中,2023-03-22,9812
2748,雲品,15,7,8,元大-台中,2023-03-22,9812
3563,牧德,8,0,8,元大-台中,2023-03-22,9812
1560,中砂,9,1,8,元大-台中,2023-03-22,9812
00885,富邦越南,216,0,216,元大-台中,2023-03-23,9812
3481,群創,115,26,89,元大-台中,2023-03-23,9812
6517,保勝光學,85,1,84,元大-台中,2023-03-23,9812
00878,國泰永續高股息,113,43,70,元大-台中,2023-03-23,9812
2515,中工,52,0,52,元大-台中,2023-03-23,9812
2402,毅嘉,145,97,48,元大-台中,2023-03-23,9812
6770,力積電,47,1,46,元大-台中,2023-03-23,9812
00632R,元大台灣50反1,43,0,43,元大-台中,2023-03-23,9812
2880,華南金,46,5,41,元大-台中,2023-03-23,9812
3362,先進光,43,4,39,元大-台中,2023-03-23,9812
5452,佶優,42,5,37,元大-台中,2023-03-23,9812
6446,藥華藥,36,0,36,元大-台中,2023-03-23,9812
2303,聯電,44,8,36,元大-台中,2023-03-23,9812
3056,富華新,41,7,34,元大-台中,2023-03-23,9812
00919,群益台灣精選高息,30,0,30,元大-台中,2023-03-23,9812
8390,金益鼎,36,8,28,元大-台中,2023-03-23,9812
2417,圓剛,25,0,25,元大-台中,2023-03-23,9812
2427,三商電,24,1,23,元大-台中,2023-03-23,9812
5475,德宏,23,1,22,元大-台中,2023-03-23,9812
1319,東陽,37,16,21,元大-台中,2023-03-23,9812
00712,復華富時不動產,20,0,20,元大-台中,2023-03-23,9812
2845,遠東銀,20,0,20,元大-台中,2023-03-23,9812
2504,國產,19,0,19,元大-台中,2023-03-23,9812
6182,合晶,20,1,19,元大-台中,2023-03-23,9812
1513,中興電,25,8,17,元大-台中,2023-03-23,9812
2888,新光金,32,15,17,元大-台中,2023-03-23,9812
3322,建舜電,49,32,17,元大-台中,2023-03-23,9812
1616,億泰,17,0,17,元大-台中,2023-03-23,9812
2409,友達,19,2,17,元大-台中,2023-03-23,9812
1529,樂事綠能,18,2,16,元大-台中,2023-03-23,9812
1785,光洋科,15,0,15,元大-台中,2023-03-23,9812
2481,強茂,35,21,14,元大-台中,2023-03-23,9812
6668,中揚光,14,0,14,元大-台中,2023-03-23,9812
2609,陽明,22,10,12,元大-台中,2023-03-23,9812
1504,東元,272,260,12,元大-台中,2023-03-23,9812
2636,台驊控股,12,0,12,元大-台中,2023-03-23,9812
2430,燦坤,12,0,12,元大-台中,2023-03-23,9812
1569,濱川,12,0,12,元大-台中,2023-03-23,9812
5236,凌陽創新,11,0,11,元大-台中,2023-03-23,9812
8064,東捷,11,0,11,元大-台中,2023-03-23,9812
1402,遠東新,10,0,10,元大-台中,2023-03-23,9812
3494,誠研,10,0,10,元大-台中,2023-03-23,9812
4130,健亞,10,0,10,元大-台中,2023-03-23,9812
3682,亞太電,10,0,10,元大-台中,2023-03-23,9812
00720B,元大投資級公司債,12,2,10,元大-台中,2023-03-23,9812
2338,光罩,13,3,10,元大-台中,2023-03-23,9812
1503,士電,13,3,10,元大-台中,2023-03-23,9812
4919,新唐,27,17,10,元大-台中,2023-03-23,9812
2610,華航,9,0,9,元大-台中,2023-03-23,9812
4770,上品,9,0,9,元大-台中,2023-03-23,9812
2344,華邦電,293,182,111,元大-台中,2023-03-24,9812
1605,華新,147,48,99,元大-台中,2023-03-24,9812
3162,精確,102,31,71,元大-台中,2023-03-24,9812
2845,遠東銀,70,0,70,元大-台中,2023-03-24,9812
00632R,元大台灣50反1,69,0,69,元大-台中,2023-03-24,9812
6244,茂迪,105,37,68,元大-台中,2023-03-24,9812
2359,所羅門,42,4,38,元大-台中,2023-03-24,9812
2038,海光,37,0,37,元大-台中,2023-03-24,9812
3362,先進光,39,3,36,元大-台中,2023-03-24,9812
00712,復華富時不動產,34,0,34,元大-台中,2023-03-24,9812
00679B,元大美債20年,28,0,28,元大-台中,2023-03-24,9812
1569,濱川,28,0,28,元大-台中,2023-03-24,9812
00642U,期元大S＆P石油,26,0,26,元大-台中,2023-03-24,9812
5469,瀚宇博,24,0,24,元大-台中,2023-03-24,9812
3231,緯創,64,42,22,元大-台中,2023-03-24,9812
2883,凱基金,21,0,21,元大-台中,2023-03-24,9812
1709,和益,22,1,21,元大-台中,2023-03-24,9812
3264,欣銓,20,0,20,元大-台中,2023-03-24,9812
6592,和潤企業,20,0,20,元大-台中,2023-03-24,9812
3715,定穎投控,23,4,19,元大-台中,2023-03-24,9812
8105,凌巨,19,0,19,元大-台中,2023-03-24,9812
2609,陽明,19,3,16,元大-台中,2023-03-24,9812
6446,藥華藥,15,0,15,元大-台中,2023-03-24,9812
6509,聚和,15,0,15,元大-台中,2023-03-24,9812
2332,友訊,17,3,14,元大-台中,2023-03-24,9812
1513,中興電,15,2,13,元大-台中,2023-03-24,9812
6233,旺玖,17,5,12,元大-台中,2023-03-24,9812
6142,友勁,10,0,10,元大-台中,2023-03-24,9812
2601,益航,10,0,10,元大-台中,2023-03-24,9812
00665L,富邦�琤肭磪囓�2,210,200,10,元大-台中,2023-03-24,9812
8049,晶采,10,0,10,元大-台中,2023-03-24,9812
1733,五鼎,10,0,10,元大-台中,2023-03-24,9812
8261,富鼎,11,1,10,元大-台中,2023-03-24,9812
2439,美律,10,0,10,元大-台中,2023-03-24,9812
1795,美時,68,59,9,元大-台中,2023-03-24,9812
3441,聯一光,13,4,9,元大-台中,2023-03-24,9812
1710,東聯,9,0,9,元大-台中,2023-03-24,9812
8936,國統,11,2,9,元大-台中,2023-03-24,9812
6209,今國光,10,1,9,元大-台中,2023-03-24,9812
00720B,元大投資級公司債,10,2,8,元大-台中,2023-03-24,9812
1810,和成,8,0,8,元大-台中,2023-03-24,9812
8171,天宇,11,4,7,元大-台中,2023-03-24,9812
3056,富華新,11,4,7,元大-台中,2023-03-24,9812
8478,東哥遊艇,28,21,7,元大-台中,2023-03-24,9812
4958,臻鼎-KY,7,0,7,元大-台中,2023-03-24,9812
3499,環天科,18,11,7,元大-台中,2023-03-24,9812
8176,智捷,7,0,7,元大-台中,2023-03-24,9812
6561,是方,9,2,7,元大-台中,2023-03-24,9812
00637L,元大滬深300正2,12,6,6,元大-台中,2023-03-24,9812
6196,帆宣,6,0,6,元大-台中,2023-03-24,9812
1609,大亞,177,66,111,元大-台中,2023-03-27,9812
1504,東元,546,463,83,元大-台中,2023-03-27,9812
4916,事欣科,64,2,62,元大-台中,2023-03-27,9812
2610,華航,60,2,58,元大-台中,2023-03-27,9812
6142,友勁,44,0,44,元大-台中,2023-03-27,9812
2025,千興,43,0,43,元大-台中,2023-03-27,9812
00637L,元大滬深300正2,64,27,37,元大-台中,2023-03-27,9812
00882,中信中國高股息,36,5,31,元大-台中,2023-03-27,9812
8905,裕國,30,0,30,元大-台中,2023-03-27,9812
6288,聯嘉,87,60,27,元大-台中,2023-03-27,9812
6651,全宇昕,26,0,26,元大-台中,2023-03-27,9812
1616,億泰,26,0,26,元大-台中,2023-03-27,9812
8255,朋程,34,9,25,元大-台中,2023-03-27,9812
2498,宏達電,56,32,24,元大-台中,2023-03-27,9812
1605,華新,93,70,23,元大-台中,2023-03-27,9812
8088,品安,26,3,23,元大-台中,2023-03-27,9812
5381,合正,20,0,20,元大-台中,2023-03-27,9812
2889,國票金,22,4,18,元大-台中,2023-03-27,9812
2221,大甲,18,0,18,元大-台中,2023-03-27,9812
1101,台泥,17,0,17,元大-台中,2023-03-27,9812
3362,先進光,18,1,17,元大-台中,2023-03-27,9812
2303,聯電,23,7,16,元大-台中,2023-03-27,9812
2342,茂矽,38,22,16,元大-台中,2023-03-27,9812
6233,旺玖,15,0,15,元大-台中,2023-03-27,9812
5299,杰力,15,0,15,元大-台中,2023-03-27,9812
2634,漢翔,43,29,14,元大-台中,2023-03-27,9812
3047,訊舟,13,0,13,元大-台中,2023-03-27,9812
2002,中鋼,12,0,12,元大-台中,2023-03-27,9812
6753,龍德造船,14,2,12,元大-台中,2023-03-27,9812
00878,國泰永續高股息,14,3,11,元大-台中,2023-03-27,9812
00922,國泰台灣領袖50,11,0,11,元大-台中,2023-03-27,9812
5471,松翰,11,0,11,元大-台中,2023-03-27,9812
00893,國泰智能電動車,18,8,10,元大-台中,2023-03-27,9812
5474,聰泰,10,0,10,元大-台中,2023-03-27,9812
00680L,元大美債20正2,10,0,10,元大-台中,2023-03-27,9812
3052,夆典,10,0,10,元大-台中,2023-03-27,9812
2371,大同,20,11,9,元大-台中,2023-03-27,9812
1760,寶齡富錦,30,21,9,元大-台中,2023-03-27,9812
1524,耿鼎,14,6,8,元大-台中,2023-03-27,9812
8033,雷虎,54,46,8,元大-台中,2023-03-27,9812
6128,上福,8,0,8,元大-台中,2023-03-27,9812
4432,銘旺實,8,0,8,元大-台中,2023-03-27,9812
6477,安集,14,6,8,元大-台中,2023-03-27,9812
1612,宏泰,8,0,8,元大-台中,2023-03-27,9812
6276,安鈦克,8,0,8,元大-台中,2023-03-27,9812
6414,樺漢,8,1,7,元大-台中,2023-03-27,9812
00888,永豐台灣ESG,7,0,7,元大-台中,2023-03-27,9812
3236,千如,7,0,7,元大-台中,2023-03-27,9812
3006,晶豪科,9,2,7,元大-台中,2023-03-27,9812
8105,凌巨,7,0,7,元大-台中,2023-03-27,9812
3231,緯創,315,55,260,元大-台中,2023-03-28,9812
2886,兆豐金,110,5,105,元大-台中,2023-03-28,9812
8222,寶一,105,24,81,元大-台中,2023-03-28,9812
6770,力積電,84,4,80,元大-台中,2023-03-28,9812
1504,東元,208,128,80,元大-台中,2023-03-28,9812
3162,精確,77,11,66,元大-台中,2023-03-28,9812
2303,聯電,79,20,59,元大-台中,2023-03-28,9812
1714,和桐,56,0,56,元大-台中,2023-03-28,9812
00679B,元大美債20年,36,0,36,元大-台中,2023-03-28,9812
2409,友達,25,1,24,元大-台中,2023-03-28,9812
2634,漢翔,26,4,22,元大-台中,2023-03-28,9812
2338,光罩,24,3,21,元大-台中,2023-03-28,9812
00671R,富邦NASDAQ反1,20,0,20,元大-台中,2023-03-28,9812
2413,環科,20,0,20,元大-台中,2023-03-28,9812
1308,亞聚,20,0,20,元大-台中,2023-03-28,9812
1616,億泰,18,0,18,元大-台中,2023-03-28,9812
2317,鴻海,18,1,17,元大-台中,2023-03-28,9812
5353,台林,25,8,17,元大-台中,2023-03-28,9812
2388,威盛,30,14,16,元大-台中,2023-03-28,9812
3024,憶聲,17,1,16,元大-台中,2023-03-28,9812
6168,宏齊,20,4,16,元大-台中,2023-03-28,9812
00673R,期元大S＆P原油反1,15,0,15,元大-台中,2023-03-28,9812
00751B,元大AAA至A公司債,15,0,15,元大-台中,2023-03-28,9812
1528,恩德,14,0,14,元大-台中,2023-03-28,9812
2342,茂矽,151,138,13,元大-台中,2023-03-28,9812
3047,訊舟,25,12,13,元大-台中,2023-03-28,9812
6129,普誠,15,2,13,元大-台中,2023-03-28,9812
1536,和大,13,0,13,元大-台中,2023-03-28,9812
2610,華航,25,13,12,元大-台中,2023-03-28,9812
1618,合機,11,0,11,元大-台中,2023-03-28,9812
2498,宏達電,56,45,11,元大-台中,2023-03-28,9812
3037,欣興,24,14,10,元大-台中,2023-03-28,9812
00720B,元大投資級公司債,10,0,10,元大-台中,2023-03-28,9812
2481,強茂,40,30,10,元大-台中,2023-03-28,9812
3362,先進光,15,5,10,元大-台中,2023-03-28,9812
1734,杏輝,10,0,10,元大-台中,2023-03-28,9812
00922,國泰台灣領袖50,10,0,10,元大-台中,2023-03-28,9812
2208,台船,23,13,10,元大-台中,2023-03-28,9812
5381,合正,10,0,10,元大-台中,2023-03-28,9812
020034,元大IC設計N,10,0,10,元大-台中,2023-03-28,9812
1314,中石化,10,0,10,元大-台中,2023-03-28,9812
8105,凌巨,10,0,10,元大-台中,2023-03-28,9812
1101,台泥,12,2,10,元大-台中,2023-03-28,9812
5009,榮剛,36,26,10,元大-台中,2023-03-28,9812
2476,鉅祥,12,3,9,元大-台中,2023-03-28,9812
5452,佶優,10,1,9,元大-台中,2023-03-28,9812
6432,今展科,9,0,9,元大-台中,2023-03-28,9812
00882,中信中國高股息,13,4,9,元大-台中,2023-03-28,9812
00772B,中信高評級公司債,8,0,8,元大-台中,2023-03-28,9812
00878,國泰永續高股息,28,20,8,元大-台中,2023-03-28,9812
1504,東元,624,410,214,元大-台中,2023-03-29,9812
2303,聯電,86,20,66,元大-台中,2023-03-29,9812
2302,麗正,56,5,51,元大-台中,2023-03-29,9812
2495,普安,50,0,50,元大-台中,2023-03-29,9812
1337,再生-KY,32,0,32,元大-台中,2023-03-29,9812
2867,三商壽,30,0,30,元大-台中,2023-03-29,9812
1714,和桐,27,0,27,元大-台中,2023-03-29,9812
2603,長榮,30,5,25,元大-台中,2023-03-29,9812
1605,華新,39,15,24,元大-台中,2023-03-29,9812
2342,茂矽,91,67,24,元大-台中,2023-03-29,9812
2812,台中銀,30,10,20,元大-台中,2023-03-29,9812
00882,中信中國高股息,17,0,17,元大-台中,2023-03-29,9812
2880,華南金,20,3,17,元大-台中,2023-03-29,9812
00673R,期元大S＆P原油反1,16,0,16,元大-台中,2023-03-29,9812
2449,京元電子,15,0,15,元大-台中,2023-03-29,9812
00664R,國泰臺灣加權反1,15,0,15,元大-台中,2023-03-29,9812
2609,陽明,26,11,15,元大-台中,2023-03-29,9812
3231,緯創,53,39,14,元大-台中,2023-03-29,9812
00679B,元大美債20年,13,0,13,元大-台中,2023-03-29,9812
1701,中化,20,7,13,元大-台中,2023-03-29,9812
6770,力積電,13,0,13,元大-台中,2023-03-29,9812
3035,智原,20,7,13,元大-台中,2023-03-29,9812
3607,谷崧,14,2,12,元大-台中,2023-03-29,9812
00665L,富邦�琤肭磪囓�2,213,202,11,元大-台中,2023-03-29,9812
6235,華孚,59,48,11,元大-台中,2023-03-29,9812
2801,彰銀,11,0,11,元大-台中,2023-03-29,9812
00720B,元大投資級公司債,13,2,11,元大-台中,2023-03-29,9812
00725B,國泰投資級公司債,10,0,10,元大-台中,2023-03-29,9812
2405,輔信,10,0,10,元大-台中,2023-03-29,9812
1609,大亞,35,25,10,元大-台中,2023-03-29,9812
1473,台南,10,0,10,元大-台中,2023-03-29,9812
6122,擎邦,14,5,9,元大-台中,2023-03-29,9812
2108,南帝,9,0,9,元大-台中,2023-03-29,9812
8105,凌巨,15,7,8,元大-台中,2023-03-29,9812
6147,頎邦,8,0,8,元大-台中,2023-03-29,9812
2498,宏達電,26,18,8,元大-台中,2023-03-29,9812
2344,華邦電,12,4,8,元大-台中,2023-03-29,9812
2317,鴻海,9,2,7,元大-台中,2023-03-29,9812
3715,定穎投控,61,54,7,元大-台中,2023-03-29,9812
3576,聯合再生,8,1,7,元大-台中,2023-03-29,9812
3025,星通,14,7,7,元大-台中,2023-03-29,9812
6288,聯嘉,12,5,7,元大-台中,2023-03-29,9812
00680L,元大美債20正2,7,0,7,元大-台中,2023-03-29,9812
2332,友訊,7,0,7,元大-台中,2023-03-29,9812
3264,欣銓,7,0,7,元大-台中,2023-03-29,9812
00891,中信關鍵半導體,7,0,7,元大-台中,2023-03-29,9812
2882,國泰金,11,4,7,元大-台中,2023-03-29,9812
4743,合一,24,18,6,元大-台中,2023-03-29,9812
5243,乙盛-KY,11,5,6,元大-台中,2023-03-29,9812
00922,國泰台灣領袖50,6,0,6,元大-台中,2023-03-29,9812
3264,欣銓,132,3,129,元大-台中,2023-03-30,9812
1714,和桐,80,0,80,元大-台中,2023-03-30,9812
1504,東元,171,98,73,元大-台中,2023-03-30,9812
00688L,國泰20年美債正2,53,0,53,元大-台中,2023-03-30,9812
2891,中信金,50,0,50,元大-台中,2023-03-30,9812
6128,上福,50,4,46,元大-台中,2023-03-30,9812
8222,寶一,54,9,45,元大-台中,2023-03-30,9812
1309,台達化,42,0,42,元大-台中,2023-03-30,9812
2247,汎德永業,40,0,40,元大-台中,2023-03-30,9812
2888,新光金,51,16,35,元大-台中,2023-03-30,9812
1609,大亞,46,20,26,元大-台中,2023-03-30,9812
6142,友勁,25,0,25,元大-台中,2023-03-30,9812
6134,萬旭,28,4,24,元大-台中,2023-03-30,9812
5425,台半,31,9,22,元大-台中,2023-03-30,9812
5452,佶優,22,0,22,元大-台中,2023-03-30,9812
6770,力積電,29,8,21,元大-台中,2023-03-30,9812
00673R,期元大S＆P原油反1,31,10,21,元大-台中,2023-03-30,9812
00916,國泰全球品牌50,20,0,20,元大-台中,2023-03-30,9812
1618,合機,35,16,19,元大-台中,2023-03-30,9812
2409,友達,20,3,17,元大-台中,2023-03-30,9812
1337,再生-KY,17,0,17,元大-台中,2023-03-30,9812
00679B,元大美債20年,16,0,16,元大-台中,2023-03-30,9812
6446,藥華藥,16,0,16,元大-台中,2023-03-30,9812
1605,華新,29,13,16,元大-台中,2023-03-30,9812
6472,保瑞,30,15,15,元大-台中,2023-03-30,9812
5309,系統電,31,16,15,元大-台中,2023-03-30,9812
1795,美時,45,30,15,元大-台中,2023-03-30,9812
00664R,國泰臺灣加權反1,15,0,15,元大-台中,2023-03-30,9812
9105,泰金寶-DR,14,0,14,元大-台中,2023-03-30,9812
1514,亞力,14,0,14,元大-台中,2023-03-30,9812
6194,育富,13,0,13,元大-台中,2023-03-30,9812
6244,茂迪,18,5,13,元大-台中,2023-03-30,9812
8926,台汽電,11,0,11,元大-台中,2023-03-30,9812
6116,彩晶,12,2,10,元大-台中,2023-03-30,9812
5014,建錩,10,0,10,元大-台中,2023-03-30,9812
1528,恩德,10,0,10,元大-台中,2023-03-30,9812
6227,茂綸,10,0,10,元大-台中,2023-03-30,9812
3025,星通,18,8,10,元大-台中,2023-03-30,9812
00882,中信中國高股息,10,0,10,元大-台中,2023-03-30,9812
3017,奇鋐,17,7,10,元大-台中,2023-03-30,9812
2426,鼎元,9,0,9,元大-台中,2023-03-30,9812
3706,神達,9,0,9,元大-台中,2023-03-30,9812
2641,正德,9,0,9,元大-台中,2023-03-30,9812
8112,至上,9,0,9,元大-台中,2023-03-30,9812
6274,台燿,10,1,9,元大-台中,2023-03-30,9812
2615,萬海,9,0,9,元大-台中,2023-03-30,9812
3481,群創,11,3,8,元大-台中,2023-03-30,9812
2344,華邦電,22,14,8,元大-台中,2023-03-30,9812
2302,麗正,36,28,8,元大-台中,2023-03-30,9812
4967,十銓,39,32,7,元大-台中,2023-03-30,9812
1104,環泥,80,0,80,元大-台中,2023-03-31,9812
2303,聯電,121,69,52,元大-台中,2023-03-31,9812
3231,緯創,67,19,48,元大-台中,2023-03-31,9812
1504,東元,202,155,47,元大-台中,2023-03-31,9812
1528,恩德,46,0,46,元大-台中,2023-03-31,9812
00632R,元大台灣50反1,43,4,39,元大-台中,2023-03-31,9812
1809,中釉,36,0,36,元大-台中,2023-03-31,9812
1605,華新,71,37,34,元大-台中,2023-03-31,9812
4979,華星光,36,9,27,元大-台中,2023-03-31,9812
6470,宇智,23,0,23,元大-台中,2023-03-31,9812
2727,王品,26,6,20,元大-台中,2023-03-31,9812
00772B,中信高評級公司債,20,0,20,元大-台中,2023-03-31,9812
6142,友勁,20,0,20,元大-台中,2023-03-31,9812
2497,怡利電,20,1,19,元大-台中,2023-03-31,9812
00673R,期元大S＆P原油反1,19,0,19,元大-台中,2023-03-31,9812
4562,穎漢,15,0,15,元大-台中,2023-03-31,9812
1536,和大,14,0,14,元大-台中,2023-03-31,9812
2867,三商壽,13,0,13,元大-台中,2023-03-31,9812
6446,藥華藥,25,15,10,元大-台中,2023-03-31,9812
3052,夆典,10,0,10,元大-台中,2023-03-31,9812
00888,永豐台灣ESG,10,0,10,元大-台中,2023-03-31,9812
2889,國票金,10,0,10,元大-台中,2023-03-31,9812
2332,友訊,10,0,10,元大-台中,2023-03-31,9812
6234,高僑,10,0,10,元大-台中,2023-03-31,9812
5515,建國,10,0,10,元大-台中,2023-03-31,9812
1611,中電,11,2,9,元大-台中,2023-03-31,9812
2375,凱美,11,2,9,元大-台中,2023-03-31,9812
2449,京元電子,10,1,9,元大-台中,2023-03-31,9812
6129,普誠,10,1,9,元大-台中,2023-03-31,9812
2408,南亞科,92,83,9,元大-台中,2023-03-31,9812
6191,精成科,10,2,8,元大-台中,2023-03-31,9812
00670L,富邦NASDAQ正2,8,0,8,元大-台中,2023-03-31,9812
2905,三商,7,0,7,元大-台中,2023-03-31,9812
2317,鴻海,12,5,7,元大-台中,2023-03-31,9812
2393,億光,7,0,7,元大-台中,2023-03-31,9812
4105,東洋,7,0,7,元大-台中,2023-03-31,9812
00679B,元大美債20年,6,0,6,元大-台中,2023-03-31,9812
6770,力積電,6,0,6,元大-台中,2023-03-31,9812
2430,燦坤,6,0,6,元大-台中,2023-03-31,9812
3490,單井,6,0,6,元大-台中,2023-03-31,9812
2371,大同,6,0,6,元大-台中,2023-03-31,9812
00712,復華富時不動產,7,1,6,元大-台中,2023-03-31,9812
3162,精確,6,0,6,元大-台中,2023-03-31,9812
6122,擎邦,7,1,6,元大-台中,2023-03-31,9812
00891,中信關鍵半導體,5,0,5,元大-台中,2023-03-31,9812
2201,裕隆,5,0,5,元大-台中,2023-03-31,9812
3706,神達,5,0,5,元大-台中,2023-03-31,9812
6125,廣運,20,15,5,元大-台中,2023-03-31,9812
4168,醣聯,5,0,5,元大-台中,2023-03-31,9812
8431,匯鑽科,5,0,5,元大-台中,2023-03-31,9812
2891,中信金,381,0,381,元大-台中,2023-04-06,9812
2884,玉山金,156,37,119,元大-台中,2023-04-06,9812
00673R,期元大S＆P原油反1,114,0,114,元大-台中,2023-04-06,9812
4979,華星光,69,3,66,元大-台中,2023-04-06,9812
8222,寶一,95,41,54,元大-台中,2023-04-06,9812
00753L,中信中國50正2,47,0,47,元大-台中,2023-04-06,9812
6470,宇智,37,0,37,元大-台中,2023-04-06,9812
2618,長榮航,37,1,36,元大-台中,2023-04-06,9812
2609,陽明,37,3,34,元大-台中,2023-04-06,9812
2344,華邦電,50,17,33,元大-台中,2023-04-06,9812
2337,旺宏,33,2,31,元大-台中,2023-04-06,9812
5315,光聯,30,0,30,元大-台中,2023-04-06,9812
2317,鴻海,38,11,27,元大-台中,2023-04-06,9812
00637L,元大滬深300正2,75,50,25,元大-台中,2023-04-06,9812
3236,千如,25,0,25,元大-台中,2023-04-06,9812
8069,元太,33,9,24,元大-台中,2023-04-06,9812
2342,茂矽,26,2,24,元大-台中,2023-04-06,9812
8112,至上,38,15,23,元大-台中,2023-04-06,9812
4763,材料-KY,26,3,23,元大-台中,2023-04-06,9812
2615,萬海,24,1,23,元大-台中,2023-04-06,9812
00893,國泰智能電動車,22,0,22,元大-台中,2023-04-06,9812
00891,中信關鍵半導體,22,0,22,元大-台中,2023-04-06,9812
3037,欣興,36,16,20,元大-台中,2023-04-06,9812
00908,富邦入息REITs+,20,0,20,元大-台中,2023-04-06,9812
00882,中信中國高股息,19,0,19,元大-台中,2023-04-06,9812
00902,中信電池及儲能,19,0,19,元大-台中,2023-04-06,9812
6592,和潤企業,18,0,18,元大-台中,2023-04-06,9812
00712,復華富時不動產,16,0,16,元大-台中,2023-04-06,9812
5309,系統電,36,20,16,元大-台中,2023-04-06,9812
5425,台半,23,8,15,元大-台中,2023-04-06,9812
6230,尼得科超眾,14,0,14,元大-台中,2023-04-06,9812
6152,百一,14,0,14,元大-台中,2023-04-06,9812
2603,長榮,15,2,13,元大-台中,2023-04-06,9812
2430,燦坤,13,0,13,元大-台中,2023-04-06,9812
6863,永道-KY,15,2,13,元大-台中,2023-04-06,9812
2338,光罩,34,21,13,元大-台中,2023-04-06,9812
00878,國泰永續高股息,20,7,13,元大-台中,2023-04-06,9812
00670L,富邦NASDAQ正2,12,0,12,元大-台中,2023-04-06,9812
2108,南帝,30,18,12,元大-台中,2023-04-06,9812
2476,鉅祥,12,0,12,元大-台中,2023-04-06,9812
3664,安瑞-KY,12,0,12,元大-台中,2023-04-06,9812
2027,大成鋼,11,0,11,元大-台中,2023-04-06,9812
4130,健亞,11,0,11,元大-台中,2023-04-06,9812
6171,大城地產,11,0,11,元大-台中,2023-04-06,9812
6609,瀧澤科,11,0,11,元大-台中,2023-04-06,9812
1220,台榮,11,0,11,元大-台中,2023-04-06,9812
2617,台航,10,0,10,元大-台中,2023-04-06,9812
1785,光洋科,16,6,10,元大-台中,2023-04-06,9812
5381,合正,10,0,10,元大-台中,2023-04-06,9812
00653L,富邦印度正2,10,0,10,元大-台中,2023-04-06,9812
2888,新光金,1150,76,1074,元大-台中,2023-04-07,9812
3027,盛達,75,6,69,元大-台中,2023-04-07,9812
1504,東元,402,337,65,元大-台中,2023-04-07,9812
2352,佳世達,56,2,54,元大-台中,2023-04-07,9812
2498,宏達電,69,25,44,元大-台中,2023-04-07,9812
6861,睿生光電,40,0,40,元大-台中,2023-04-07,9812
00923,群益台ESG低碳50,33,0,33,元大-台中,2023-04-07,9812
4979,華星光,42,10,32,元大-台中,2023-04-07,9812
1514,亞力,33,3,30,元大-台中,2023-04-07,9812
3231,緯創,37,10,27,元大-台中,2023-04-07,9812
1337,再生-KY,22,0,22,元大-台中,2023-04-07,9812
6578,達邦蛋白,18,2,16,元大-台中,2023-04-07,9812
2303,聯電,20,4,16,元大-台中,2023-04-07,9812
2727,王品,16,2,14,元大-台中,2023-04-07,9812
0056,元大高股息,15,4,11,元大-台中,2023-04-07,9812
6669,緯穎,11,0,11,元大-台中,2023-04-07,9812
5536,聖暉*,11,0,11,元大-台中,2023-04-07,9812
2891,中信金,10,0,10,元大-台中,2023-04-07,9812
00882,中信中國高股息,10,0,10,元大-台中,2023-04-07,9812
5488,松普,10,0,10,元大-台中,2023-04-07,9812
1733,五鼎,10,0,10,元大-台中,2023-04-07,9812
2101,南港,12,2,10,元大-台中,2023-04-07,9812
2637,慧洋-KY,12,2,10,元大-台中,2023-04-07,9812
1714,和桐,10,0,10,元大-台中,2023-04-07,9812
8390,金益鼎,10,0,10,元大-台中,2023-04-07,9812
00712,復華富時不動產,9,0,9,元大-台中,2023-04-07,9812
00632R,元大台灣50反1,9,0,9,元大-台中,2023-04-07,9812
3004,豐達科,9,0,9,元大-台中,2023-04-07,9812
3030,德律,9,0,9,元大-台中,2023-04-07,9812
6147,頎邦,10,1,9,元大-台中,2023-04-07,9812
2615,萬海,14,5,9,元大-台中,2023-04-07,9812
6155,鈞寶,8,0,8,元大-台中,2023-04-07,9812
2413,環科,8,0,8,元大-台中,2023-04-07,9812
1453,大將,8,0,8,元大-台中,2023-04-07,9812
4915,致伸,10,2,8,元大-台中,2023-04-07,9812
00673R,期元大S＆P原油反1,8,0,8,元大-台中,2023-04-07,9812
8163,達方,8,0,8,元大-台中,2023-04-07,9812
00679B,元大美債20年,13,6,7,元大-台中,2023-04-07,9812
6160,欣技,9,2,7,元大-台中,2023-04-07,9812
2332,友訊,37,30,7,元大-台中,2023-04-07,9812
6197,佳必琪,10,3,7,元大-台中,2023-04-07,9812
00907,永豐優息存股,7,0,7,元大-台中,2023-04-07,9812
2317,鴻海,7,1,6,元大-台中,2023-04-07,9812
1795,美時,49,43,6,元大-台中,2023-04-07,9812
3362,先進光,7,1,6,元大-台中,2023-04-07,9812
00671R,富邦NASDAQ反1,6,0,6,元大-台中,2023-04-07,9812
2402,毅嘉,10,4,6,元大-台中,2023-04-07,9812
9955,佳龍,6,0,6,元大-台中,2023-04-07,9812
6282,康舒,6,0,6,元大-台中,2023-04-07,9812
2356,英業達,16,10,6,元大-台中,2023-04-07,9812
3231,緯創,560,132,428,元大-台中,2023-04-10,9812
2891,中信金,196,1,195,元大-台中,2023-04-10,9812
6163,華電網,107,5,102,元大-台中,2023-04-10,9812
2834,臺企銀,101,7,94,元大-台中,2023-04-10,9812
1712,興農,51,0,51,元大-台中,2023-04-10,9812
00673R,期元大S＆P原油反1,39,1,38,元大-台中,2023-04-10,9812
1218,泰山,75,38,37,元大-台中,2023-04-10,9812
00878,國泰永續高股息,45,10,35,元大-台中,2023-04-10,9812
1310,台苯,34,1,33,元大-台中,2023-04-10,9812
2375,凱美,33,2,31,元大-台中,2023-04-10,9812
8996,高力,30,0,30,元大-台中,2023-04-10,9812
00712,復華富時不動產,27,0,27,元大-台中,2023-04-10,9812
00888,永豐台灣ESG,26,0,26,元大-台中,2023-04-10,9812
2344,華邦電,40,17,23,元大-台中,2023-04-10,9812
3664,安瑞-KY,22,0,22,元大-台中,2023-04-10,9812
4114,健喬,21,1,20,元大-台中,2023-04-10,9812
1605,華新,22,2,20,元大-台中,2023-04-10,9812
6116,彩晶,22,3,19,元大-台中,2023-04-10,9812
00795B,中信美國公債20年,17,0,17,元大-台中,2023-04-10,9812
6197,佳必琪,17,2,15,元大-台中,2023-04-10,9812
00751B,元大AAA至A公司債,15,0,15,元大-台中,2023-04-10,9812
9962,有益,16,1,15,元大-台中,2023-04-10,9812
00637L,元大滬深300正2,27,12,15,元大-台中,2023-04-10,9812
2603,長榮,21,6,15,元大-台中,2023-04-10,9812
00679B,元大美債20年,15,1,14,元大-台中,2023-04-10,9812
2883,凱基金,21,7,14,元大-台中,2023-04-10,9812
2609,陽明,44,30,14,元大-台中,2023-04-10,9812
2303,聯電,17,4,13,元大-台中,2023-04-10,9812
6151,晉倫,13,0,13,元大-台中,2023-04-10,9812
2897,王道銀行,13,0,13,元大-台中,2023-04-10,9812
00893,國泰智能電動車,13,0,13,元大-台中,2023-04-10,9812
1503,士電,14,2,12,元大-台中,2023-04-10,9812
2382,廣達,12,0,12,元大-台中,2023-04-10,9812
4968,立積,17,5,12,元大-台中,2023-04-10,9812
2611,志信,12,0,12,元大-台中,2023-04-10,9812
8467,波力-KY,16,5,11,元大-台中,2023-04-10,9812
3706,神達,11,0,11,元大-台中,2023-04-10,9812
2634,漢翔,162,151,11,元大-台中,2023-04-10,9812
2880,華南金,10,0,10,元大-台中,2023-04-10,9812
8028,昇陽半導體,15,5,10,元大-台中,2023-04-10,9812
00696B,富邦美債20年,10,0,10,元大-台中,2023-04-10,9812
5425,台半,30,20,10,元大-台中,2023-04-10,9812
1785,光洋科,10,0,10,元大-台中,2023-04-10,9812
6142,友勁,10,0,10,元大-台中,2023-04-10,9812
6215,和椿,10,0,10,元大-台中,2023-04-10,9812
6282,康舒,10,1,9,元大-台中,2023-04-10,9812
6550,北極星藥業-KY,11,2,9,元大-台中,2023-04-10,9812
6733,博晟生醫,13,4,9,元大-台中,2023-04-10,9812
6446,藥華藥,9,0,9,元大-台中,2023-04-10,9812
00772B,中信高評級公司債,9,0,9,元大-台中,2023-04-10,9812
00637L,元大滬深300正2,106,0,106,元大-台中,2023-04-11,9812
2867,三商壽,87,0,87,元大-台中,2023-04-11,9812
8222,寶一,113,47,66,元大-台中,2023-04-11,9812
1504,東元,359,293,66,元大-台中,2023-04-11,9812
2208,台船,300,240,60,元大-台中,2023-04-11,9812
6770,力積電,70,11,59,元大-台中,2023-04-11,9812
00673R,期元大S＆P原油反1,49,0,49,元大-台中,2023-04-11,9812
00632R,元大台灣50反1,45,0,45,元大-台中,2023-04-11,9812
2498,宏達電,40,4,36,元大-台中,2023-04-11,9812
3625,西勝,33,0,33,元大-台中,2023-04-11,9812
00679B,元大美債20年,36,4,32,元大-台中,2023-04-11,9812
8466,美吉吉-KY,31,0,31,元大-台中,2023-04-11,9812
6235,華孚,82,53,29,元大-台中,2023-04-11,9812
6485,點序,29,1,28,元大-台中,2023-04-11,9812
2312,金寶,30,4,26,元大-台中,2023-04-11,9812
2413,環科,105,80,25,元大-台中,2023-04-11,9812
00680L,元大美債20正2,22,0,22,元大-台中,2023-04-11,9812
1528,恩德,20,0,20,元大-台中,2023-04-11,9812
8033,雷虎,20,0,20,元大-台中,2023-04-11,9812
2887,台新金,20,1,19,元大-台中,2023-04-11,9812
2303,聯電,25,7,18,元大-台中,2023-04-11,9812
8011,台通,18,0,18,元大-台中,2023-04-11,9812
5328,華容,18,0,18,元大-台中,2023-04-11,9812
6237,驊訊,20,4,16,元大-台中,2023-04-11,9812
8050,廣積,16,2,14,元大-台中,2023-04-11,9812
2609,陽明,26,12,14,元大-台中,2023-04-11,9812
2634,漢翔,29,15,14,元大-台中,2023-04-11,9812
6229,研通,14,1,13,元大-台中,2023-04-11,9812
2342,茂矽,12,0,12,元大-台中,2023-04-11,9812
2454,聯發科,17,5,12,元大-台中,2023-04-11,9812
2884,玉山金,13,2,11,元大-台中,2023-04-11,9812
6531,愛普*,15,4,11,元大-台中,2023-04-11,9812
6753,龍德造船,13,2,11,元大-台中,2023-04-11,9812
3362,先進光,11,0,11,元大-台中,2023-04-11,9812
2375,凱美,14,3,11,元大-台中,2023-04-11,9812
3049,精金,11,0,11,元大-台中,2023-04-11,9812
2317,鴻海,10,0,10,元大-台中,2023-04-11,9812
2891,中信金,10,0,10,元大-台中,2023-04-11,9812
8996,高力,10,0,10,元大-台中,2023-04-11,9812
2611,志信,10,0,10,元大-台中,2023-04-11,9812
5452,佶優,10,0,10,元大-台中,2023-04-11,9812
00919,群益台灣精選高息,10,0,10,元大-台中,2023-04-11,9812
2211,長榮鋼,10,0,10,元大-台中,2023-04-11,9812
00857B,永豐20年美公債,10,0,10,元大-台中,2023-04-11,9812
2206,三陽工業,31,21,10,元大-台中,2023-04-11,9812
00712,復華富時不動產,9,0,9,元大-台中,2023-04-11,9812
1434,福懋,10,1,9,元大-台中,2023-04-11,9812
4915,致伸,9,0,9,元大-台中,2023-04-11,9812
5425,台半,16,7,9,元大-台中,2023-04-11,9812
3236,千如,10,1,9,元大-台中,2023-04-11,9812
2834,臺企銀,1009,11,998,元大-台中,2023-04-12,9812
00632R,元大台灣50反1,220,10,210,元大-台中,2023-04-12,9812
1504,東元,335,133,202,元大-台中,2023-04-12,9812
2329,華泰,106,4,102,元大-台中,2023-04-12,9812
3693,營邦,105,3,102,元大-台中,2023-04-12,9812
020034,元大IC設計N,100,0,100,元大-台中,2023-04-12,9812
0056,元大高股息,103,7,96,元大-台中,2023-04-12,9812
2337,旺宏,50,0,50,元大-台中,2023-04-12,9812
1584,精剛,180,135,45,元大-台中,2023-04-12,9812
00680L,元大美債20正2,41,0,41,元大-台中,2023-04-12,9812
00673R,期元大S＆P原油反1,35,0,35,元大-台中,2023-04-12,9812
2344,華邦電,34,0,34,元大-台中,2023-04-12,9812
4102,永日,32,0,32,元大-台中,2023-04-12,9812
3715,定穎投控,35,4,31,元大-台中,2023-04-12,9812
8932,智通*,31,0,31,元大-台中,2023-04-12,9812
3029,零壹,31,1,30,元大-台中,2023-04-12,9812
1524,耿鼎,30,0,30,元大-台中,2023-04-12,9812
3059,華晶科,28,1,27,元大-台中,2023-04-12,9812
1314,中石化,30,4,26,元大-台中,2023-04-12,9812
3236,千如,44,20,24,元大-台中,2023-04-12,9812
2313,華通,26,2,24,元大-台中,2023-04-12,9812
6443,元晶,30,7,23,元大-台中,2023-04-12,9812
5425,台半,27,5,22,元大-台中,2023-04-12,9812
2338,光罩,21,0,21,元大-台中,2023-04-12,9812
00712,復華富時不動產,21,0,21,元大-台中,2023-04-12,9812
2017,官田鋼,20,0,20,元大-台中,2023-04-12,9812
6160,欣技,20,0,20,元大-台中,2023-04-12,9812
3217,優群,18,0,18,元大-台中,2023-04-12,9812
1609,大亞,63,46,17,元大-台中,2023-04-12,9812
3033,威健,17,0,17,元大-台中,2023-04-12,9812
1440,南紡,17,0,17,元大-台中,2023-04-12,9812
3037,欣興,17,1,16,元大-台中,2023-04-12,9812
1101,台泥,16,0,16,元大-台中,2023-04-12,9812
3162,精確,28,13,15,元大-台中,2023-04-12,9812
2392,正崴,17,2,15,元大-台中,2023-04-12,9812
4114,健喬,34,19,15,元大-台中,2023-04-12,9812
6122,擎邦,16,2,14,元大-台中,2023-04-12,9812
3481,群創,36,23,13,元大-台中,2023-04-12,9812
6125,廣運,12,0,12,元大-台中,2023-04-12,9812
6223,旺矽,16,4,12,元大-台中,2023-04-12,9812
00881,國泰台灣5G+,11,0,11,元大-台中,2023-04-12,9812
2867,三商壽,12,1,11,元大-台中,2023-04-12,9812
5309,系統電,16,5,11,元大-台中,2023-04-12,9812
6266,泰詠,12,1,11,元大-台中,2023-04-12,9812
2317,鴻海,13,2,11,元大-台中,2023-04-12,9812
00923,群益台ESG低碳50,10,0,10,元大-台中,2023-04-12,9812
00908,富邦入息REITs+,10,0,10,元大-台中,2023-04-12,9812
1802,台玻,10,0,10,元大-台中,2023-04-12,9812
1785,光洋科,20,10,10,元大-台中,2023-04-12,9812
5315,光聯,10,0,10,元大-台中,2023-04-12,9812
2888,新光金,820,86,734,元大-台中,2023-04-13,9812
4541,晟田,623,413,210,元大-台中,2023-04-13,9812
2618,長榮航,218,31,187,元大-台中,2023-04-13,9812
8046,南電,101,0,101,元大-台中,2023-04-13,9812
2543,皇昌,88,0,88,元大-台中,2023-04-13,9812
6235,華孚,140,78,62,元大-台中,2023-04-13,9812
3715,定穎投控,59,8,51,元大-台中,2023-04-13,9812
1417,嘉裕,50,0,50,元大-台中,2023-04-13,9812
00688L,國泰20年美債正2,50,0,50,元大-台中,2023-04-13,9812
2885,元大金,50,1,49,元大-台中,2023-04-13,9812
2897,王道銀行,45,0,45,元大-台中,2023-04-13,9812
00673R,期元大S＆P原油反1,44,0,44,元大-台中,2023-04-13,9812
2610,華航,100,59,41,元大-台中,2023-04-13,9812
2338,光罩,40,2,38,元大-台中,2023-04-13,9812
00712,復華富時不動產,39,2,37,元大-台中,2023-04-13,9812
5864,致和證,33,0,33,元大-台中,2023-04-13,9812
00679B,元大美債20年,32,3,29,元大-台中,2023-04-13,9812
4164,承業醫,46,21,25,元大-台中,2023-04-13,9812
2330,台積電,26,1,25,元大-台中,2023-04-13,9812
2881,富邦金,22,1,21,元大-台中,2023-04-13,9812
5328,華容,33,12,21,元大-台中,2023-04-13,9812
3059,華晶科,21,0,21,元大-台中,2023-04-13,9812
6163,華電網,40,20,20,元大-台中,2023-04-13,9812
2603,長榮,21,1,20,元大-台中,2023-04-13,9812
2104,國際中橡,20,0,20,元大-台中,2023-04-13,9812
8429,金麗-KY,19,0,19,元大-台中,2023-04-13,9812
6446,藥華藥,19,0,19,元大-台中,2023-04-13,9812
3029,零壹,21,2,19,元大-台中,2023-04-13,9812
3499,環天科,25,7,18,元大-台中,2023-04-13,9812
3037,欣興,20,3,17,元大-台中,2023-04-13,9812
1609,大亞,61,44,17,元大-台中,2023-04-13,9812
00632R,元大台灣50反1,19,3,16,元大-台中,2023-04-13,9812
3027,盛達,57,42,15,元大-台中,2023-04-13,9812
00919,群益台灣精選高息,14,0,14,元大-台中,2023-04-13,9812
00923,群益台ESG低碳50,14,0,14,元大-台中,2023-04-13,9812
6282,康舒,15,1,14,元大-台中,2023-04-13,9812
3006,晶豪科,31,18,13,元大-台中,2023-04-13,9812
2359,所羅門,21,8,13,元大-台中,2023-04-13,9812
2634,漢翔,48,36,12,元大-台中,2023-04-13,9812
6290,良維,12,0,12,元大-台中,2023-04-13,9812
6173,信昌電,20,8,12,元大-台中,2023-04-13,9812
6148,驊宏資,12,0,12,元大-台中,2023-04-13,9812
6104,創惟,11,0,11,元大-台中,2023-04-13,9812
00772B,中信高評級公司債,11,0,11,元大-台中,2023-04-13,9812
6116,彩晶,26,15,11,元大-台中,2023-04-13,9812
00671R,富邦NASDAQ反1,10,0,10,元大-台中,2023-04-13,9812
2883B,凱基金乙特,10,0,10,元大-台中,2023-04-13,9812
00753L,中信中國50正2,83,73,10,元大-台中,2023-04-13,9812
3169,亞信,11,1,10,元大-台中,2023-04-13,9812
8409,商之器,10,0,10,元大-台中,2023-04-13,9812
2206,三陽工業,406,11,395,元大-台中,2023-04-14,9812
2471,資通,216,118,98,元大-台中,2023-04-14,9812
2208,台船,126,32,94,元大-台中,2023-04-14,9812
2634,漢翔,252,168,84,元大-台中,2023-04-14,9812
00712,復華富時不動產,71,0,71,元大-台中,2023-04-14,9812
2867,三商壽,70,11,59,元大-台中,2023-04-14,9812
1618,合機,63,9,54,元大-台中,2023-04-14,9812
2701,萬企,50,0,50,元大-台中,2023-04-14,9812
00679B,元大美債20年,48,0,48,元大-台中,2023-04-14,9812
1513,中興電,70,24,46,元大-台中,2023-04-14,9812
00680L,元大美債20正2,41,0,41,元大-台中,2023-04-14,9812
1504,東元,130,89,41,元大-台中,2023-04-14,9812
6248,沛波,52,12,40,元大-台中,2023-04-14,9812
2402,毅嘉,100,60,40,元大-台中,2023-04-14,9812
2515,中工,164,126,38,元大-台中,2023-04-14,9812
6841,長佳智能,37,1,36,元大-台中,2023-04-14,9812
00665L,富邦�琤肭磪囓�2,41,5,36,元大-台中,2023-04-14,9812
6142,友勁,41,8,33,元大-台中,2023-04-14,9812
8905,裕國,31,0,31,元大-台中,2023-04-14,9812
3027,盛達,54,23,31,元大-台中,2023-04-14,9812
00912,中信臺灣智慧50,30,0,30,元大-台中,2023-04-14,9812
2022,聚亨,30,0,30,元大-台中,2023-04-14,9812
2482,連宇,40,13,27,元大-台中,2023-04-14,9812
6235,華孚,90,64,26,元大-台中,2023-04-14,9812
4562,穎漢,24,0,24,元大-台中,2023-04-14,9812
3049,精金,30,7,23,元大-台中,2023-04-14,9812
6209,今國光,84,62,22,元大-台中,2023-04-14,9812
00673R,期元大S＆P原油反1,22,0,22,元大-台中,2023-04-14,9812
2034,允強,20,0,20,元大-台中,2023-04-14,9812
6266,泰詠,28,9,19,元大-台中,2023-04-14,9812
2344,華邦電,48,29,19,元大-台中,2023-04-14,9812
6432,今展科,18,0,18,元大-台中,2023-04-14,9812
2413,環科,22,4,18,元大-台中,2023-04-14,9812
3545,敦泰,31,16,15,元大-台中,2023-04-14,9812
00772B,中信高評級公司債,14,0,14,元大-台中,2023-04-14,9812
4167,松瑞藥,14,0,14,元大-台中,2023-04-14,9812
3289,宜特,35,21,14,元大-台中,2023-04-14,9812
6223,旺矽,23,9,14,元大-台中,2023-04-14,9812
00720B,元大投資級公司債,13,0,13,元大-台中,2023-04-14,9812
5258,虹堡,44,31,13,元大-台中,2023-04-14,9812
2314,台揚,15,2,13,元大-台中,2023-04-14,9812
2359,所羅門,30,17,13,元大-台中,2023-04-14,9812
5364,力麗店,13,0,13,元大-台中,2023-04-14,9812
2382,廣達,15,2,13,元大-台中,2023-04-14,9812
5475,德宏,12,0,12,元大-台中,2023-04-14,9812
2380,虹光,12,0,12,元大-台中,2023-04-14,9812
3594,磐儀,16,4,12,元大-台中,2023-04-14,9812
3481,群創,33,23,10,元大-台中,2023-04-14,9812
00908,富邦入息REITs+,10,0,10,元大-台中,2023-04-14,9812
2617,台航,10,0,10,元大-台中,2023-04-14,9812
2812,台中銀,563,21,542,元大-台中,2023-04-17,9812
6625,必應,400,1,399,元大-台中,2023-04-17,9812
2409,友達,364,6,358,元大-台中,2023-04-17,9812
2312,金寶,204,22,182,元大-台中,2023-04-17,9812
1584,精剛,149,5,144,元大-台中,2023-04-17,9812
8222,寶一,144,31,113,元大-台中,2023-04-17,9812
1514,亞力,119,11,108,元大-台中,2023-04-17,9812
2645,長榮航太,103,1,102,元大-台中,2023-04-17,9812
1417,嘉裕,78,0,78,元大-台中,2023-04-17,9812
2618,長榮航,62,2,60,元大-台中,2023-04-17,9812
2449,京元電子,58,5,53,元大-台中,2023-04-17,9812
5258,虹堡,72,24,48,元大-台中,2023-04-17,9812
1444,力麗,46,1,45,元大-台中,2023-04-17,9812
00712,復華富時不動產,44,0,44,元大-台中,2023-04-17,9812
00673R,期元大S＆P原油反1,41,0,41,元大-台中,2023-04-17,9812
6248,沛波,56,17,39,元大-台中,2023-04-17,9812
3481,群創,54,16,38,元大-台中,2023-04-17,9812
00680L,元大美債20正2,36,0,36,元大-台中,2023-04-17,9812
00679B,元大美債20年,43,7,36,元大-台中,2023-04-17,9812
4571,鈞興-KY,36,0,36,元大-台中,2023-04-17,9812
2634,漢翔,687,652,35,元大-台中,2023-04-17,9812
2208,台船,171,138,33,元大-台中,2023-04-17,9812
1618,合機,37,4,33,元大-台中,2023-04-17,9812
1605,華新,55,23,32,元大-台中,2023-04-17,9812
1717,長興,39,9,30,元大-台中,2023-04-17,9812
00772B,中信高評級公司債,30,0,30,元大-台中,2023-04-17,9812
6122,擎邦,23,0,23,元大-台中,2023-04-17,9812
6578,達邦蛋白,23,0,23,元大-台中,2023-04-17,9812
8932,智通*,22,0,22,元大-台中,2023-04-17,9812
00885,富邦越南,22,1,21,元大-台中,2023-04-17,9812
2323,中環,21,0,21,元大-台中,2023-04-17,9812
2359,所羅門,35,14,21,元大-台中,2023-04-17,9812
00908,富邦入息REITs+,20,0,20,元大-台中,2023-04-17,9812
2375,凱美,21,1,20,元大-台中,2023-04-17,9812
00753L,中信中國50正2,20,0,20,元大-台中,2023-04-17,9812
8390,金益鼎,19,0,19,元大-台中,2023-04-17,9812
6160,欣技,32,13,19,元大-台中,2023-04-17,9812
4102,永日,18,0,18,元大-台中,2023-04-17,9812
6116,彩晶,15,0,15,元大-台中,2023-04-17,9812
6190,萬泰科,17,2,15,元大-台中,2023-04-17,9812
2611,志信,15,0,15,元大-台中,2023-04-17,9812
2221,大甲,15,0,15,元大-台中,2023-04-17,9812
3479,安勤,17,2,15,元大-台中,2023-04-17,9812
2371,大同,16,1,15,元大-台中,2023-04-17,9812
2382,廣達,15,0,15,元大-台中,2023-04-17,9812
2883,凱基金,18,4,14,元大-台中,2023-04-17,9812
5452,佶優,21,7,14,元大-台中,2023-04-17,9812
2492,華新科,13,0,13,元大-台中,2023-04-17,9812
3025,星通,24,11,13,元大-台中,2023-04-17,9812
6205,詮欣,12,0,12,元大-台中,2023-04-17,9812
2888,新光金,807,0,807,元大-台中,2023-04-18,9812
2409,友達,281,0,281,元大-台中,2023-04-18,9812
2314,台揚,202,26,176,元大-台中,2023-04-18,9812
1584,精剛,178,39,139,元大-台中,2023-04-18,9812
1514,亞力,137,10,127,元大-台中,2023-04-18,9812
8926,台汽電,102,6,96,元大-台中,2023-04-18,9812
3363,上詮,219,128,91,元大-台中,2023-04-18,9812
3231,緯創,103,18,85,元大-台中,2023-04-18,9812
00679B,元大美債20年,85,0,85,元大-台中,2023-04-18,9812
00680L,元大美債20正2,80,0,80,元大-台中,2023-04-18,9812
00772B,中信高評級公司債,68,1,67,元大-台中,2023-04-18,9812
1529,樂事綠能,99,34,65,元大-台中,2023-04-18,9812
3481,群創,74,9,65,元大-台中,2023-04-18,9812
8222,寶一,133,76,57,元大-台中,2023-04-18,9812
1417,嘉裕,50,0,50,元大-台中,2023-04-18,9812
1440,南紡,50,0,50,元大-台中,2023-04-18,9812
6179,亞通,52,5,47,元大-台中,2023-04-18,9812
00673R,期元大S＆P原油反1,43,0,43,元大-台中,2023-04-18,9812
00912,中信臺灣智慧50,38,0,38,元大-台中,2023-04-18,9812
4164,承業醫,36,0,36,元大-台中,2023-04-18,9812
2609,陽明,39,5,34,元大-台中,2023-04-18,9812
00712,復華富時不動產,33,0,33,元大-台中,2023-04-18,9812
1618,合機,113,80,33,元大-台中,2023-04-18,9812
1810,和成,38,5,33,元大-台中,2023-04-18,9812
4566,時碩工業,34,4,30,元大-台中,2023-04-18,9812
8033,雷虎,115,86,29,元大-台中,2023-04-18,9812
1809,中釉,38,11,27,元大-台中,2023-04-18,9812
020034,元大IC設計N,25,0,25,元大-台中,2023-04-18,9812
6163,華電網,40,15,25,元大-台中,2023-04-18,9812
1504,東元,30,6,24,元大-台中,2023-04-18,9812
1513,中興電,42,19,23,元大-台中,2023-04-18,9812
6161,捷波,21,0,21,元大-台中,2023-04-18,9812
2476,鉅祥,20,0,20,元大-台中,2023-04-18,9812
00688L,國泰20年美債正2,18,0,18,元大-台中,2023-04-18,9812
2727,王品,20,2,18,元大-台中,2023-04-18,9812
2338,光罩,18,0,18,元大-台中,2023-04-18,9812
0056,元大高股息,20,3,17,元大-台中,2023-04-18,9812
6443,元晶,40,24,16,元大-台中,2023-04-18,9812
2358,廷鑫,16,0,16,元大-台中,2023-04-18,9812
2356,英業達,18,2,16,元大-台中,2023-04-18,9812
2027,大成鋼,15,0,15,元大-台中,2023-04-18,9812
3046,建��,25,10,15,元大-台中,2023-04-18,9812
2515,中工,17,2,15,元大-台中,2023-04-18,9812
4161,聿新科,15,0,15,元大-台中,2023-04-18,9812
8038,長園科,20,5,15,元大-台中,2023-04-18,9812
00878,國泰永續高股息,17,3,14,元大-台中,2023-04-18,9812
6290,良維,15,1,14,元大-台中,2023-04-18,9812
1444,力麗,39,26,13,元大-台中,2023-04-18,9812
2449,京元電子,13,0,13,元大-台中,2023-04-18,9812
5009,榮剛,78,66,12,元大-台中,2023-04-18,9812
6282,康舒,516,36,480,元大-台中,2023-04-19,9812
00673R,期元大S＆P原油反1,250,0,250,元大-台中,2023-04-19,9812
6235,華孚,179,61,118,元大-台中,2023-04-19,9812
1618,合機,114,0,114,元大-台中,2023-04-19,9812
1440,南紡,100,0,100,元大-台中,2023-04-19,9812
00637L,元大滬深300正2,117,30,87,元大-台中,2023-04-19,9812
1810,和成,165,91,74,元大-台中,2023-04-19,9812
3682,亞太電,70,0,70,元大-台中,2023-04-19,9812
2630,亞航,58,11,47,元大-台中,2023-04-19,9812
2413,環科,37,0,37,元大-台中,2023-04-19,9812
2108,南帝,32,0,32,元大-台中,2023-04-19,9812
1733,五鼎,31,0,31,元大-台中,2023-04-19,9812
1444,力麗,31,0,31,元大-台中,2023-04-19,9812
3441,聯一光,28,0,28,元大-台中,2023-04-19,9812
2358,廷鑫,28,0,28,元大-台中,2023-04-19,9812
5512,力麒,27,0,27,元大-台中,2023-04-19,9812
00712,復華富時不動產,26,0,26,元大-台中,2023-04-19,9812
6470,宇智,114,90,24,元大-台中,2023-04-19,9812
2356,英業達,24,3,21,元大-台中,2023-04-19,9812
0050,元大台灣50,20,0,20,元大-台中,2023-04-19,9812
6461,益得,20,0,20,元大-台中,2023-04-19,9812
2104,國際中橡,20,0,20,元大-台中,2023-04-19,9812
9110,越南控-DR,20,0,20,元大-台中,2023-04-19,9812
2880,華南金,19,0,19,元大-台中,2023-04-19,9812
4114,健喬,37,19,18,元大-台中,2023-04-19,9812
8940,新天地,18,0,18,元大-台中,2023-04-19,9812
1471,首利,43,25,18,元大-台中,2023-04-19,9812
2409,友達,19,1,18,元大-台中,2023-04-19,9812
2330,台積電,17,0,17,元大-台中,2023-04-19,9812
2609,陽明,17,0,17,元大-台中,2023-04-19,9812
0056,元大高股息,32,16,16,元大-台中,2023-04-19,9812
1785,光洋科,15,0,15,元大-台中,2023-04-19,9812
4804,大略-KY,15,0,15,元大-台中,2023-04-19,9812
2022,聚亨,15,1,14,元大-台中,2023-04-19,9812
2457,飛宏,88,74,14,元大-台中,2023-04-19,9812
2812,台中銀,15,2,13,元大-台中,2023-04-19,9812
6578,達邦蛋白,14,1,13,元大-台中,2023-04-19,9812
00720B,元大投資級公司債,13,0,13,元大-台中,2023-04-19,9812
6517,保勝光學,13,0,13,元大-台中,2023-04-19,9812
2495,普安,50,38,12,元大-台中,2023-04-19,9812
2359,所羅門,15,3,12,元大-台中,2023-04-19,9812
1717,長興,12,0,12,元大-台中,2023-04-19,9812
2834,臺企銀,11,0,11,元大-台中,2023-04-19,9812
2601,益航,11,0,11,元大-台中,2023-04-19,9812
8033,雷虎,43,32,11,元大-台中,2023-04-19,9812
4953,緯軟,11,1,10,元大-台中,2023-04-19,9812
9907,統一實,10,0,10,元大-台中,2023-04-19,9812
5880,合庫金,11,1,10,元大-台中,2023-04-19,9812
3037,欣興,10,0,10,元大-台中,2023-04-19,9812
00900,富邦特選高股息30,9,0,9,元大-台中,2023-04-19,9812
3058,立德,801,3,798,元大-台中,2023-04-20,9812
8222,寶一,213,22,191,元大-台中,2023-04-20,9812
1618,合機,155,0,155,元大-台中,2023-04-20,9812
6244,茂迪,198,46,152,元大-台中,2023-04-20,9812
2413,環科,84,1,83,元大-台中,2023-04-20,9812
00637L,元大滬深300正2,80,0,80,元大-台中,2023-04-20,9812
00673R,期元大S＆P原油反1,76,2,74,元大-台中,2023-04-20,9812
00632R,元大台灣50反1,72,0,72,元大-台中,2023-04-20,9812
4114,健喬,74,4,70,元大-台中,2023-04-20,9812
00772B,中信高評級公司債,52,1,51,元大-台中,2023-04-20,9812
6134,萬旭,50,4,46,元大-台中,2023-04-20,9812
6770,力積電,31,0,31,元大-台中,2023-04-20,9812
3682,亞太電,30,0,30,元大-台中,2023-04-20,9812
1447,力鵬,30,0,30,元大-台中,2023-04-20,9812
6167,久正,32,2,30,元大-台中,2023-04-20,9812
6743,安普新,31,3,28,元大-台中,2023-04-20,9812
00725B,國泰投資級公司債,27,0,27,元大-台中,2023-04-20,9812
6235,華孚,84,58,26,元大-台中,2023-04-20,9812
8110,華東,25,0,25,元大-台中,2023-04-20,9812
1314,中石化,40,15,25,元大-台中,2023-04-20,9812
8105,凌巨,21,0,21,元大-台中,2023-04-20,9812
00902,中信電池及儲能,22,2,20,元大-台中,2023-04-20,9812
00665L,富邦�琤肭磪囓�2,20,0,20,元大-台中,2023-04-20,9812
6127,九豪,20,0,20,元大-台中,2023-04-20,9812
2017,官田鋼,20,0,20,元大-台中,2023-04-20,9812
00891,中信關鍵半導體,20,0,20,元大-台中,2023-04-20,9812
6142,友勁,20,1,19,元大-台中,2023-04-20,9812
2324,仁寶,20,1,19,元大-台中,2023-04-20,9812
2882,國泰金,20,2,18,元大-台中,2023-04-20,9812
4133,亞諾法,18,0,18,元大-台中,2023-04-20,9812
2201,裕隆,83,67,16,元大-台中,2023-04-20,9812
3576,聯合再生,19,3,16,元大-台中,2023-04-20,9812
00720B,元大投資級公司債,16,0,16,元大-台中,2023-04-20,9812
00712,復華富時不動產,18,2,16,元大-台中,2023-04-20,9812
6288,聯嘉,17,2,15,元大-台中,2023-04-20,9812
00706L,期元大S＆P日圓正2,15,0,15,元大-台中,2023-04-20,9812
3078,僑威,258,244,14,元大-台中,2023-04-20,9812
4167,松瑞藥,14,0,14,元大-台中,2023-04-20,9812
8059,凱碩,15,1,14,元大-台中,2023-04-20,9812
3711,日月光投控,13,0,13,元大-台中,2023-04-20,9812
2344,華邦電,18,5,13,元大-台中,2023-04-20,9812
1710,東聯,13,0,13,元大-台中,2023-04-20,9812
3147,大綜,16,3,13,元大-台中,2023-04-20,9812
2406,國碩,18,5,13,元大-台中,2023-04-20,9812
1504,東元,19,7,12,元大-台中,2023-04-20,9812
5498,凱崴,12,0,12,元大-台中,2023-04-20,9812
00679B,元大美債20年,19,7,12,元大-台中,2023-04-20,9812
1609,大亞,16,4,12,元大-台中,2023-04-20,9812
00888,永豐台灣ESG,11,0,11,元大-台中,2023-04-20,9812
2476,鉅祥,11,0,11,元大-台中,2023-04-20,9812
1905,華紙,1497,6,1491,元大-台中,2023-04-21,9812
6770,力積電,76,2,74,元大-台中,2023-04-21,9812
3045,台灣大,50,2,48,元大-台中,2023-04-21,9812
2884,玉山金,52,5,47,元大-台中,2023-04-21,9812
6163,華電網,51,14,37,元大-台中,2023-04-21,9812
0056,元大高股息,34,0,34,元大-台中,2023-04-21,9812
2027,大成鋼,32,1,31,元大-台中,2023-04-21,9812
3576,聯合再生,41,11,30,元大-台中,2023-04-21,9812
00902,中信電池及儲能,28,0,28,元大-台中,2023-04-21,9812
1611,中電,78,50,28,元大-台中,2023-04-21,9812
8038,長園科,25,0,25,元大-台中,2023-04-21,9812
3037,欣興,31,8,23,元大-台中,2023-04-21,9812
5009,榮剛,35,12,23,元大-台中,2023-04-21,9812
2515,中工,225,202,23,元大-台中,2023-04-21,9812
4164,承業醫,23,1,22,元大-台中,2023-04-21,9812
00900,富邦特選高股息30,22,0,22,元大-台中,2023-04-21,9812
2834,臺企銀,22,2,20,元大-台中,2023-04-21,9812
00908,富邦入息REITs+,20,0,20,元大-台中,2023-04-21,9812
1310,台苯,21,1,20,元大-台中,2023-04-21,9812
5880,合庫金,20,0,20,元大-台中,2023-04-21,9812
00907,永豐優息存股,20,0,20,元大-台中,2023-04-21,9812
00637L,元大滬深300正2,31,12,19,元大-台中,2023-04-21,9812
00923,群益台ESG低碳50,21,3,18,元大-台中,2023-04-21,9812
00720B,元大投資級公司債,17,0,17,元大-台中,2023-04-21,9812
2402,毅嘉,26,9,17,元大-台中,2023-04-21,9812
2609,陽明,30,14,16,元大-台中,2023-04-21,9812
2457,飛宏,75,59,16,元大-台中,2023-04-21,9812
2913,農林,36,21,15,元大-台中,2023-04-21,9812
2221,大甲,15,0,15,元大-台中,2023-04-21,9812
5471,松翰,14,0,14,元大-台中,2023-04-21,9812
1504,東元,13,1,12,元大-台中,2023-04-21,9812
3682,亞太電,12,0,12,元大-台中,2023-04-21,9812
4804,大略-KY,12,0,12,元大-台中,2023-04-21,9812
4175,杏一,14,3,11,元大-台中,2023-04-21,9812
00673R,期元大S＆P原油反1,25,14,11,元大-台中,2023-04-21,9812
2892,第一金,11,0,11,元大-台中,2023-04-21,9812
2603,長榮,12,2,10,元大-台中,2023-04-21,9812
3545,敦泰,12,2,10,元大-台中,2023-04-21,9812
1760,寶齡富錦,21,11,10,元大-台中,2023-04-21,9812
2358,廷鑫,10,0,10,元大-台中,2023-04-21,9812
1584,精剛,13,3,10,元大-台中,2023-04-21,9812
3308,聯德,10,0,10,元大-台中,2023-04-21,9812
2006,東和鋼鐵,10,0,10,元大-台中,2023-04-21,9812
1909,榮成,24,14,10,元大-台中,2023-04-21,9812
5515,建國,10,0,10,元大-台中,2023-04-21,9812
4417,金洲,10,0,10,元大-台中,2023-04-21,9812
9946,三發地產,10,0,10,元大-台中,2023-04-21,9812
2891,中信金,15,5,10,元大-台中,2023-04-21,9812
1907,永豐餘,26,16,10,元大-台中,2023-04-21,9812
2317,鴻海,16,6,10,元大-台中,2023-04-21,9812
1310,台苯,436,28,408,元大-台中,2023-04-24,9812
00632R,元大台灣50反1,130,2,128,元大-台中,2023-04-24,9812
00903,富邦元宇宙,120,1,119,元大-台中,2023-04-24,9812
2913,農林,115,37,78,元大-台中,2023-04-24,9812
1514,亞力,60,7,53,元大-台中,2023-04-24,9812
00902,中信電池及儲能,51,0,51,元大-台中,2023-04-24,9812
00637L,元大滬深300正2,86,46,40,元大-台中,2023-04-24,9812
2303,聯電,49,10,39,元大-台中,2023-04-24,9812
6770,力積電,37,7,30,元大-台中,2023-04-24,9812
00680L,元大美債20正2,29,0,29,元大-台中,2023-04-24,9812
00712,復華富時不動產,29,0,29,元大-台中,2023-04-24,9812
1504,東元,25,1,24,元大-台中,2023-04-24,9812
6205,詮欣,24,0,24,元大-台中,2023-04-24,9812
4979,華星光,25,2,23,元大-台中,2023-04-24,9812
00878,國泰永續高股息,21,0,21,元大-台中,2023-04-24,9812
00772B,中信高評級公司債,21,0,21,元大-台中,2023-04-24,9812
00888,永豐台灣ESG,20,0,20,元大-台中,2023-04-24,9812
00751B,元大AAA至A公司債,20,0,20,元大-台中,2023-04-24,9812
00688L,國泰20年美債正2,20,0,20,元大-台中,2023-04-24,9812
2634,漢翔,124,104,20,元大-台中,2023-04-24,9812
4960,誠美材,25,6,19,元大-台中,2023-04-24,9812
00679B,元大美債20年,17,0,17,元大-台中,2023-04-24,9812
8932,智通*,40,23,17,元大-台中,2023-04-24,9812
3481,群創,29,14,15,元大-台中,2023-04-24,9812
2206,三陽工業,17,2,15,元大-台中,2023-04-24,9812
2457,飛宏,36,22,14,元大-台中,2023-04-24,9812
3034,聯詠,13,0,13,元大-台中,2023-04-24,9812
6179,亞通,13,0,13,元大-台中,2023-04-24,9812
2515,中工,15,3,12,元大-台中,2023-04-24,9812
4721,美琪瑪,12,0,12,元大-台中,2023-04-24,9812
5351,鈺創,12,0,12,元大-台中,2023-04-24,9812
9930,中聯資源,12,0,12,元大-台中,2023-04-24,9812
3303,岱稜,11,0,11,元大-台中,2023-04-24,9812
3712,永崴投控,11,1,10,元大-台中,2023-04-24,9812
6142,友勁,10,0,10,元大-台中,2023-04-24,9812
1722,台肥,10,0,10,元大-台中,2023-04-24,9812
1312,國喬,10,0,10,元大-台中,2023-04-24,9812
00671R,富邦NASDAQ反1,10,0,10,元大-台中,2023-04-24,9812
1718,中纖,10,0,10,元大-台中,2023-04-24,9812
6182,合晶,10,1,9,元大-台中,2023-04-24,9812
2317,鴻海,9,0,9,元大-台中,2023-04-24,9812
6756,威鋒電子,9,0,9,元大-台中,2023-04-24,9812
9902,台火,11,2,9,元大-台中,2023-04-24,9812
6282,康舒,42,33,9,元大-台中,2023-04-24,9812
3078,僑威,17,9,8,元大-台中,2023-04-24,9812
6829,千附精密,13,5,8,元大-台中,2023-04-24,9812
2419,仲琦,10,2,8,元大-台中,2023-04-24,9812
4111,濟生,10,2,8,元大-台中,2023-04-24,9812
2850,新產,8,0,8,元大-台中,2023-04-24,9812
0056,元大高股息,8,1,7,元大-台中,2023-04-24,9812
2634,漢翔,423,112,311,元大-台中,2023-04-25,9812
6770,力積電,154,6,148,元大-台中,2023-04-25,9812
1905,華紙,151,46,105,元大-台中,2023-04-25,9812
1504,東元,98,12,86,元大-台中,2023-04-25,9812
8222,寶一,118,39,79,元大-台中,2023-04-25,9812
0056,元大高股息,141,85,56,元大-台中,2023-04-25,9812
4167,松瑞藥,51,0,51,元大-台中,2023-04-25,9812
00637L,元大滬深300正2,46,11,35,元大-台中,2023-04-25,9812
2888,新光金,37,3,34,元大-台中,2023-04-25,9812
2303,聯電,60,28,32,元大-台中,2023-04-25,9812
00902,中信電池及儲能,32,0,32,元大-台中,2023-04-25,9812
1101,台泥,43,16,27,元大-台中,2023-04-25,9812
1618,合機,24,0,24,元大-台中,2023-04-25,9812
00715L,期街口布蘭特正2,28,4,24,元大-台中,2023-04-25,9812
00888,永豐台灣ESG,24,0,24,元大-台中,2023-04-25,9812
2330,台積電,27,4,23,元大-台中,2023-04-25,9812
3712,永崴投控,28,6,22,元大-台中,2023-04-25,9812
0050,元大台灣50,21,0,21,元大-台中,2023-04-25,9812
1513,中興電,32,12,20,元大-台中,2023-04-25,9812
1605,華新,21,2,19,元大-台中,2023-04-25,9812
2206,三陽工業,68,50,18,元大-台中,2023-04-25,9812
3576,聯合再生,19,1,18,元大-台中,2023-04-25,9812
2423,固緯,19,2,17,元大-台中,2023-04-25,9812
3260,威剛,17,0,17,元大-台中,2023-04-25,9812
00912,中信臺灣智慧50,16,0,16,元大-台中,2023-04-25,9812
006208,富邦台50,16,0,16,元大-台中,2023-04-25,9812
2618,長榮航,19,4,15,元大-台中,2023-04-25,9812
2344,華邦電,20,7,13,元大-台中,2023-04-25,9812
8383,千附,20,7,13,元大-台中,2023-04-25,9812
1785,光洋科,13,0,13,元大-台中,2023-04-25,9812
3147,大綜,15,2,13,元大-台中,2023-04-25,9812
2027,大成鋼,13,0,13,元大-台中,2023-04-25,9812
3481,群創,32,20,12,元大-台中,2023-04-25,9812
00900,富邦特選高股息30,12,0,12,元大-台中,2023-04-25,9812
1721,三晃,62,51,11,元大-台中,2023-04-25,9812
2891,中信金,11,0,11,元大-台中,2023-04-25,9812
6443,元晶,16,5,11,元大-台中,2023-04-25,9812
8390,金益鼎,10,0,10,元大-台中,2023-04-25,9812
1503,士電,25,15,10,元大-台中,2023-04-25,9812
3710,連展投控,10,0,10,元大-台中,2023-04-25,9812
3005,神基,30,20,10,元大-台中,2023-04-25,9812
00638R,元大滬深300反1,10,0,10,元大-台中,2023-04-25,9812
3028,增你強,10,0,10,元大-台中,2023-04-25,9812
2481,強茂,10,0,10,元大-台中,2023-04-25,9812
6576,逸達,10,0,10,元大-台中,2023-04-25,9812
1783,和康生,11,1,10,元大-台中,2023-04-25,9812
5488,松普,10,0,10,元大-台中,2023-04-25,9812
2332,友訊,10,0,10,元大-台中,2023-04-25,9812
1616,億泰,10,0,10,元大-台中,2023-04-25,9812
00666R,富邦�琤肭磪齯�1,10,0,10,元大-台中,2023-04-25,9812
1721,三晃,831,617,214,元大-台中,2023-04-26,9812
3231,緯創,126,39,87,元大-台中,2023-04-26,9812
00885,富邦越南,91,20,71,元大-台中,2023-04-26,9812
1314,中石化,62,8,54,元大-台中,2023-04-26,9812
3265,台星科,131,79,52,元大-台中,2023-04-26,9812
4566,時碩工業,43,3,40,元大-台中,2023-04-26,9812
2352,佳世達,47,7,40,元大-台中,2023-04-26,9812
00712,復華富時不動產,39,0,39,元大-台中,2023-04-26,9812
6104,創惟,34,0,34,元大-台中,2023-04-26,9812
6770,力積電,32,0,32,元大-台中,2023-04-26,9812
2303,聯電,36,12,24,元大-台中,2023-04-26,9812
2317,鴻海,23,0,23,元大-台中,2023-04-26,9812
6218,豪勉,24,1,23,元大-台中,2023-04-26,9812
2515,中工,25,3,22,元大-台中,2023-04-26,9812
6127,九豪,20,0,20,元大-台中,2023-04-26,9812
6271,同欣電,20,0,20,元大-台中,2023-04-26,9812
00908,富邦入息REITs+,20,0,20,元大-台中,2023-04-26,9812
00900,富邦特選高股息30,21,2,19,元大-台中,2023-04-26,9812
2911,麗嬰房,19,0,19,元大-台中,2023-04-26,9812
2027,大成鋼,16,0,16,元大-台中,2023-04-26,9812
00853B,統一美債10年Aa-,15,0,15,元大-台中,2023-04-26,9812
6179,亞通,13,0,13,元大-台中,2023-04-26,9812
0056,元大高股息,17,4,13,元大-台中,2023-04-26,9812
2337,旺宏,29,17,12,元大-台中,2023-04-26,9812
2344,華邦電,17,5,12,元大-台中,2023-04-26,9812
00902,中信電池及儲能,12,0,12,元大-台中,2023-04-26,9812
3325,旭品,12,0,12,元大-台中,2023-04-26,9812
1605,華新,11,0,11,元大-台中,2023-04-26,9812
4916,事欣科,11,0,11,元大-台中,2023-04-26,9812
2014,中鴻,11,0,11,元大-台中,2023-04-26,9812
2615,萬海,11,0,11,元大-台中,2023-04-26,9812
2603,長榮,14,3,11,元大-台中,2023-04-26,9812
2727,王品,12,2,10,元大-台中,2023-04-26,9812
2609,陽明,26,16,10,元大-台中,2023-04-26,9812
1714,和桐,12,2,10,元大-台中,2023-04-26,9812
2374,佳能,10,0,10,元大-台中,2023-04-26,9812
00923,群益台ESG低碳50,10,0,10,元大-台中,2023-04-26,9812
1220,台榮,10,0,10,元大-台中,2023-04-26,9812
4102,永日,10,0,10,元大-台中,2023-04-26,9812
2331,精英,10,0,10,元大-台中,2023-04-26,9812
6753,龍德造船,10,0,10,元大-台中,2023-04-26,9812
4128,中天,10,1,9,元大-台中,2023-04-26,9812
3071,協禧,17,8,9,元大-台中,2023-04-26,9812
0050,元大台灣50,9,1,8,元大-台中,2023-04-26,9812
006208,富邦台50,9,1,8,元大-台中,2023-04-26,9812
3006,晶豪科,7,0,7,元大-台中,2023-04-26,9812
2409,友達,8,1,7,元大-台中,2023-04-26,9812
1108,幸福,7,0,7,元大-台中,2023-04-26,9812
1709,和益,13,6,7,元大-台中,2023-04-26,9812
2610,華航,12,6,6,元大-台中,2023-04-26,9812
8222,寶一,817,233,584,元大-台中,2023-04-27,9812
4123,晟德,184,0,184,元大-台中,2023-04-27,9812
00903,富邦元宇宙,100,0,100,元大-台中,2023-04-27,9812
00878,國泰永續高股息,67,6,61,元大-台中,2023-04-27,9812
00715L,期街口布蘭特正2,44,0,44,元大-台中,2023-04-27,9812
4566,時碩工業,46,2,44,元大-台中,2023-04-27,9812
2609,陽明,48,6,42,元大-台中,2023-04-27,9812
3265,台星科,38,0,38,元大-台中,2023-04-27,9812
1711,永光,397,366,31,元大-台中,2023-04-27,9812
2303,聯電,34,5,29,元大-台中,2023-04-27,9812
2387,精元,25,0,25,元大-台中,2023-04-27,9812
2327,國巨,24,1,23,元大-台中,2023-04-27,9812
1605,華新,26,3,23,元大-台中,2023-04-27,9812
2014,中鴻,22,0,22,元大-台中,2023-04-27,9812
6257,矽格,21,0,21,元大-台中,2023-04-27,9812
00671R,富邦NASDAQ反1,20,0,20,元大-台中,2023-04-27,9812
4102,永日,20,0,20,元大-台中,2023-04-27,9812
00632R,元大台灣50反1,20,0,20,元大-台中,2023-04-27,9812
2344,華邦電,42,25,17,元大-台中,2023-04-27,9812
00712,復華富時不動產,16,0,16,元大-台中,2023-04-27,9812
2801,彰銀,16,0,16,元大-台中,2023-04-27,9812
2882,國泰金,15,0,15,元大-台中,2023-04-27,9812
1310,台苯,30,15,15,元大-台中,2023-04-27,9812
2330,台積電,16,1,15,元大-台中,2023-04-27,9812
2498,宏達電,17,3,14,元大-台中,2023-04-27,9812
9955,佳龍,16,2,14,元大-台中,2023-04-27,9812
5371,中光電,23,11,12,元大-台中,2023-04-27,9812
4714,永捷,16,4,12,元大-台中,2023-04-27,9812
2312,金寶,11,0,11,元大-台中,2023-04-27,9812
2457,飛宏,34,23,11,元大-台中,2023-04-27,9812
2002,中鋼,10,0,10,元大-台中,2023-04-27,9812
1905,華紙,31,21,10,元大-台中,2023-04-27,9812
4164,承業醫,12,2,10,元大-台中,2023-04-27,9812
2617,台航,10,0,10,元大-台中,2023-04-27,9812
4716,大立,10,0,10,元大-台中,2023-04-27,9812
8390,金益鼎,10,0,10,元大-台中,2023-04-27,9812
00669R,國泰美國道瓊反1,10,0,10,元大-台中,2023-04-27,9812
8038,長園科,10,0,10,元大-台中,2023-04-27,9812
00680L,元大美債20正2,9,0,9,元大-台中,2023-04-27,9812
3520,華盈,9,0,9,元大-台中,2023-04-27,9812
4167,松瑞藥,10,1,9,元大-台中,2023-04-27,9812
6114,久威,9,0,9,元大-台中,2023-04-27,9812
1504,東元,10,1,9,元大-台中,2023-04-27,9812
2603,長榮,11,2,9,元大-台中,2023-04-27,9812
6244,茂迪,14,6,8,元大-台中,2023-04-27,9812
00642U,期元大S＆P石油,8,0,8,元大-台中,2023-04-27,9812
3071,協禧,20,12,8,元大-台中,2023-04-27,9812
2887,台新金,8,0,8,元大-台中,2023-04-27,9812
4763,材料-KY,90,83,7,元大-台中,2023-04-27,9812
1513,中興電,21,14,7,元大-台中,2023-04-27,9812
5880,合庫金,297,0,297,元大-台中,2023-04-28,9812
8069,元太,100,12,88,元大-台中,2023-04-28,9812
3481,群創,104,37,67,元大-台中,2023-04-28,9812
2303,聯電,117,56,61,元大-台中,2023-04-28,9812
1444,力麗,59,0,59,元大-台中,2023-04-28,9812
6266,泰詠,59,0,59,元大-台中,2023-04-28,9812
3078,僑威,85,38,47,元大-台中,2023-04-28,9812
2887,台新金,47,2,45,元大-台中,2023-04-28,9812
00688L,國泰20年美債正2,45,0,45,元大-台中,2023-04-28,9812
3712,永崴投控,40,1,39,元大-台中,2023-04-28,9812
2409,友達,57,20,37,元大-台中,2023-04-28,9812
2617,台航,35,0,35,元大-台中,2023-04-28,9812
1471,首利,34,0,34,元大-台中,2023-04-28,9812
00893,國泰智能電動車,70,37,33,元大-台中,2023-04-28,9812
1314,中石化,32,0,32,元大-台中,2023-04-28,9812
5009,榮剛,40,9,31,元大-台中,2023-04-28,9812
00715L,期街口布蘭特正2,30,0,30,元大-台中,2023-04-28,9812
00878,國泰永續高股息,32,5,27,元大-台中,2023-04-28,9812
8403,盛弘,38,11,27,元大-台中,2023-04-28,9812
2634,漢翔,138,112,26,元大-台中,2023-04-28,9812
6191,精成科,24,0,24,元大-台中,2023-04-28,9812
3715,定穎投控,25,1,24,元大-台中,2023-04-28,9812
6160,欣技,20,0,20,元大-台中,2023-04-28,9812
4566,時碩工業,25,6,19,元大-台中,2023-04-28,9812
00772B,中信高評級公司債,19,0,19,元大-台中,2023-04-28,9812
2002,中鋼,23,4,19,元大-台中,2023-04-28,9812
2609,陽明,22,3,19,元大-台中,2023-04-28,9812
9105,泰金寶-DR,17,0,17,元大-台中,2023-04-28,9812
4967,十銓,19,3,16,元大-台中,2023-04-28,9812
1513,中興電,20,4,16,元大-台中,2023-04-28,9812
1752,南光,24,10,14,元大-台中,2023-04-28,9812
2495,普安,15,2,13,元大-台中,2023-04-28,9812
2344,華邦電,41,28,13,元大-台中,2023-04-28,9812
00891,中信關鍵半導體,15,2,13,元大-台中,2023-04-28,9812
2324,仁寶,13,0,13,元大-台中,2023-04-28,9812
6209,今國光,14,2,12,元大-台中,2023-04-28,9812
4916,事欣科,34,23,11,元大-台中,2023-04-28,9812
6179,亞通,11,0,11,元大-台中,2023-04-28,9812
2615,萬海,12,1,11,元大-台中,2023-04-28,9812
3508,位速,10,0,10,元大-台中,2023-04-28,9812
4121,優盛,20,10,10,元大-台中,2023-04-28,9812
9110,越南控-DR,10,0,10,元大-台中,2023-04-28,9812
8936,國統,10,0,10,元大-台中,2023-04-28,9812
1522,堤維西,12,2,10,元大-台中,2023-04-28,9812
1101,台泥,29,19,10,元大-台中,2023-04-28,9812
6218,豪勉,10,1,9,元大-台中,2023-04-28,9812
3545,敦泰,9,0,9,元大-台中,2023-04-28,9812
3576,聯合再生,8,0,8,元大-台中,2023-04-28,9812
2883B,凱基金乙特,8,0,8,元大-台中,2023-04-28,9812
3071,協禧,90,82,8,元大-台中,2023-04-28,9812
8222,寶一,332,36,296,元大-台中,2023-05-02,9812
4967,十銓,116,9,107,元大-台中,2023-05-02,9812
00903,富邦元宇宙,101,11,90,元大-台中,2023-05-02,9812
00878,國泰永續高股息,135,56,79,元大-台中,2023-05-02,9812
2382,廣達,119,56,63,元大-台中,2023-05-02,9812
00712,復華富時不動產,54,3,51,元大-台中,2023-05-02,9812
2892,第一金,46,0,46,元大-台中,2023-05-02,9812
5471,松翰,40,0,40,元大-台中,2023-05-02,9812
6234,高僑,60,22,38,元大-台中,2023-05-02,9812
2834,臺企銀,40,3,37,元大-台中,2023-05-02,9812
2812,台中銀,72,36,36,元大-台中,2023-05-02,9812
1504,東元,87,53,34,元大-台中,2023-05-02,9812
00687B,國泰20年美債,32,0,32,元大-台中,2023-05-02,9812
00688L,國泰20年美債正2,30,0,30,元大-台中,2023-05-02,9812
2104,國際中橡,30,0,30,元大-台中,2023-05-02,9812
00637L,元大滬深300正2,149,121,28,元大-台中,2023-05-02,9812
2883B,凱基金乙特,28,0,28,元大-台中,2023-05-02,9812
2615,萬海,24,0,24,元大-台中,2023-05-02,9812
2609,陽明,25,3,22,元大-台中,2023-05-02,9812
00891,中信關鍵半導體,21,0,21,元大-台中,2023-05-02,9812
1734,杏輝,20,0,20,元大-台中,2023-05-02,9812
4417,金洲,20,0,20,元大-台中,2023-05-02,9812
2882,國泰金,30,11,19,元大-台中,2023-05-02,9812
2038,海光,18,0,18,元大-台中,2023-05-02,9812
4164,承業醫,17,0,17,元大-台中,2023-05-02,9812
00679B,元大美債20年,17,1,16,元大-台中,2023-05-02,9812
6142,友勁,16,0,16,元大-台中,2023-05-02,9812
1802,台玻,15,0,15,元大-台中,2023-05-02,9812
4979,華星光,18,4,14,元大-台中,2023-05-02,9812
2387,精元,15,1,14,元大-台中,2023-05-02,9812
5284,jpp-KY,13,0,13,元大-台中,2023-05-02,9812
2419,仲琦,13,0,13,元大-台中,2023-05-02,9812
00772B,中信高評級公司債,31,19,12,元大-台中,2023-05-02,9812
2402,毅嘉,44,32,12,元大-台中,2023-05-02,9812
00680L,元大美債20正2,12,1,11,元大-台中,2023-05-02,9812
9907,統一實,11,0,11,元大-台中,2023-05-02,9812
3661,世芯-KY,16,5,11,元大-台中,2023-05-02,9812
3028,增你強,10,0,10,元大-台中,2023-05-02,9812
5009,榮剛,18,8,10,元大-台中,2023-05-02,9812
5489,彩富,10,0,10,元大-台中,2023-05-02,9812
1789,神隆,10,0,10,元大-台中,2023-05-02,9812
1314,中石化,13,3,10,元大-台中,2023-05-02,9812
3356,奇偶,10,0,10,元大-台中,2023-05-02,9812
2010,春源,10,0,10,元大-台中,2023-05-02,9812
9921,巨大,10,0,10,元大-台中,2023-05-02,9812
00751B,元大AAA至A公司債,9,0,9,元大-台中,2023-05-02,9812
00706L,期元大S＆P日圓正2,9,0,9,元大-台中,2023-05-02,9812
2208,台船,12,3,9,元大-台中,2023-05-02,9812
6266,泰詠,10,1,9,元大-台中,2023-05-02,9812
2324,仁寶,12,3,9,元大-台中,2023-05-02,9812
3481,群創,794,506,288,元大-台中,2023-05-03,9812
00772B,中信高評級公司債,225,1,224,元大-台中,2023-05-03,9812
00632R,元大台灣50反1,200,2,198,元大-台中,2023-05-03,9812
00715L,期街口布蘭特正2,102,0,102,元大-台中,2023-05-03,9812
2412,中華電,88,0,88,元大-台中,2023-05-03,9812
8222,寶一,111,40,71,元大-台中,2023-05-03,9812
1905,華紙,84,33,51,元大-台中,2023-05-03,9812
00637L,元大滬深300正2,85,35,50,元大-台中,2023-05-03,9812
00888,永豐台灣ESG,49,0,49,元大-台中,2023-05-03,9812
2603,長榮,45,1,44,元大-台中,2023-05-03,9812
2002,中鋼,43,0,43,元大-台中,2023-05-03,9812
2609,陽明,49,8,41,元大-台中,2023-05-03,9812
2417,圓剛,89,53,36,元大-台中,2023-05-03,9812
3231,緯創,36,12,24,元大-台中,2023-05-03,9812
1785,光洋科,21,0,21,元大-台中,2023-05-03,9812
2034,允強,20,0,20,元大-台中,2023-05-03,9812
00674R,期元大S＆P黃金反1,20,0,20,元大-台中,2023-05-03,9812
2104,國際中橡,20,0,20,元大-台中,2023-05-03,9812
00908,富邦入息REITs+,20,0,20,元大-台中,2023-05-03,9812
1514,亞力,29,11,18,元大-台中,2023-05-03,9812
6282,康舒,20,3,17,元大-台中,2023-05-03,9812
2880,華南金,18,3,15,元大-台中,2023-05-03,9812
6589,台康生技,39,24,15,元大-台中,2023-05-03,9812
4417,金洲,15,0,15,元大-台中,2023-05-03,9812
1727,中華化,16,1,15,元大-台中,2023-05-03,9812
3682,亞太電,15,0,15,元大-台中,2023-05-03,9812
00878,國泰永續高股息,78,64,14,元大-台中,2023-05-03,9812
4967,十銓,18,4,14,元大-台中,2023-05-03,9812
2009,第一銅,16,3,13,元大-台中,2023-05-03,9812
2206,三陽工業,28,15,13,元大-台中,2023-05-03,9812
2392,正崴,14,1,13,元大-台中,2023-05-03,9812
1789,神隆,13,1,12,元大-台中,2023-05-03,9812
1513,中興電,57,46,11,元大-台中,2023-05-03,9812
2504,國產,11,0,11,元大-台中,2023-05-03,9812
2409,友達,12,1,11,元大-台中,2023-05-03,9812
2338,光罩,10,0,10,元大-台中,2023-05-03,9812
2353,宏��,12,2,10,元大-台中,2023-05-03,9812
1444,力麗,10,0,10,元大-台中,2023-05-03,9812
4541,晟田,15,5,10,元大-台中,2023-05-03,9812
8390,金益鼎,15,5,10,元大-台中,2023-05-03,9812
4968,立積,21,11,10,元大-台中,2023-05-03,9812
6148,驊宏資,29,20,9,元大-台中,2023-05-03,9812
00642U,期元大S＆P石油,11,2,9,元大-台中,2023-05-03,9812
00650L,復華香港正2,13,4,9,元大-台中,2023-05-03,9812
1218,泰山,10,1,9,元大-台中,2023-05-03,9812
1313,聯成,9,0,9,元大-台中,2023-05-03,9812
1104,環泥,13,4,9,元大-台中,2023-05-03,9812
1314,中石化,8,0,8,元大-台中,2023-05-03,9812
6290,良維,10,2,8,元大-台中,2023-05-03,9812
8440,綠電,8,0,8,元大-台中,2023-05-03,9812
1609,大亞,427,161,266,元大-台中,2023-05-04,9812
00715L,期街口布蘭特正2,117,0,117,元大-台中,2023-05-04,9812
00642U,期元大S＆P石油,110,0,110,元大-台中,2023-05-04,9812
1721,三晃,63,0,63,元大-台中,2023-05-04,9812
4123,晟德,54,2,52,元大-台中,2023-05-04,9812
6167,久正,61,13,48,元大-台中,2023-05-04,9812
4510,高鋒,45,0,45,元大-台中,2023-05-04,9812
3294,英濟,41,0,41,元大-台中,2023-05-04,9812
00878,國泰永續高股息,55,14,41,元大-台中,2023-05-04,9812
1504,東元,95,55,40,元大-台中,2023-05-04,9812
6550,北極星藥業-KY,35,0,35,元大-台中,2023-05-04,9812
00680L,元大美債20正2,65,31,34,元大-台中,2023-05-04,9812
5469,瀚宇博,35,2,33,元大-台中,2023-05-04,9812
3202,樺晟,34,3,31,元大-台中,2023-05-04,9812
2409,友達,31,0,31,元大-台中,2023-05-04,9812
020034,元大IC設計N,30,0,30,元大-台中,2023-05-04,9812
1611,中電,30,4,26,元大-台中,2023-05-04,9812
00712,復華富時不動產,24,0,24,元大-台中,2023-05-04,9812
2344,華邦電,27,5,22,元大-台中,2023-05-04,9812
4108,懷特,26,5,21,元大-台中,2023-05-04,9812
2104,國際中橡,20,0,20,元大-台中,2023-05-04,9812
8072,陞泰,17,0,17,元大-台中,2023-05-04,9812
4121,優盛,18,2,16,元大-台中,2023-05-04,9812
2634,漢翔,37,21,16,元大-台中,2023-05-04,9812
6770,力積電,20,5,15,元大-台中,2023-05-04,9812
6244,茂迪,55,40,15,元大-台中,2023-05-04,9812
1785,光洋科,15,0,15,元大-台中,2023-05-04,9812
4961,天鈺,24,10,14,元大-台中,2023-05-04,9812
6234,高僑,40,26,14,元大-台中,2023-05-04,9812
8390,金益鼎,19,5,14,元大-台中,2023-05-04,9812
2359,所羅門,13,0,13,元大-台中,2023-05-04,9812
1307,三芳,13,0,13,元大-台中,2023-05-04,9812
3356,奇偶,12,0,12,元大-台中,2023-05-04,9812
3308,聯德,13,1,12,元大-台中,2023-05-04,9812
3682,亞太電,14,2,12,元大-台中,2023-05-04,9812
2609,陽明,15,3,12,元大-台中,2023-05-04,9812
2342,茂矽,11,0,11,元大-台中,2023-05-04,9812
4111,濟生,11,0,11,元大-台中,2023-05-04,9812
4104,佳醫,11,0,11,元大-台中,2023-05-04,9812
9907,統一實,10,0,10,元大-台中,2023-05-04,9812
3665,貿聯-KY,10,0,10,元大-台中,2023-05-04,9812
2913,農林,26,16,10,元大-台中,2023-05-04,9812
00674R,期元大S＆P黃金反1,10,0,10,元大-台中,2023-05-04,9812
3704,合勤控,10,1,9,元大-台中,2023-05-04,9812
2221,大甲,9,0,9,元大-台中,2023-05-04,9812
2317,鴻海,8,0,8,元大-台中,2023-05-04,9812
2457,飛宏,24,16,8,元大-台中,2023-05-04,9812
6127,九豪,8,0,8,元大-台中,2023-05-04,9812
4919,新唐,10,2,8,元大-台中,2023-05-04,9812
5351,鈺創,9,1,8,元大-台中,2023-05-04,9812
2312,金寶,204,0,204,元大-台中,2023-05-05,9812
8932,智通*,149,30,119,元大-台中,2023-05-05,9812
00878,國泰永續高股息,119,2,117,元大-台中,2023-05-05,9812
4967,十銓,97,3,94,元大-台中,2023-05-05,9812
00715L,期街口布蘭特正2,82,4,78,元大-台中,2023-05-05,9812
5328,華容,67,0,67,元大-台中,2023-05-05,9812
2002,中鋼,69,2,67,元大-台中,2023-05-05,9812
00772B,中信高評級公司債,51,1,50,元大-台中,2023-05-05,9812
00688L,國泰20年美債正2,50,0,50,元大-台中,2023-05-05,9812
00665L,富邦�琤肭磪囓�2,40,0,40,元大-台中,2023-05-05,9812
6244,茂迪,78,39,39,元大-台中,2023-05-05,9812
1529,樂事綠能,99,63,36,元大-台中,2023-05-05,9812
6116,彩晶,35,4,31,元大-台中,2023-05-05,9812
1308,亞聚,30,0,30,元大-台中,2023-05-05,9812
3205,佰研,27,0,27,元大-台中,2023-05-05,9812
2609,陽明,34,10,24,元大-台中,2023-05-05,9812
2812,台中銀,42,21,21,元大-台中,2023-05-05,9812
6733,博晟生醫,22,1,21,元大-台中,2023-05-05,9812
4927,泰鼎-KY,20,0,20,元大-台中,2023-05-05,9812
6276,安鈦克,20,0,20,元大-台中,2023-05-05,9812
1783,和康生,27,8,19,元大-台中,2023-05-05,9812
3005,神基,31,12,19,元大-台中,2023-05-05,9812
8215,明基材,18,0,18,元大-台中,2023-05-05,9812
1325,恆大,17,0,17,元大-台中,2023-05-05,9812
6129,普誠,21,4,17,元大-台中,2023-05-05,9812
3033,威健,17,0,17,元大-台中,2023-05-05,9812
1727,中華化,16,0,16,元大-台中,2023-05-05,9812
00891,中信關鍵半導體,16,0,16,元大-台中,2023-05-05,9812
6167,久正,36,20,16,元大-台中,2023-05-05,9812
1101,台泥,25,9,16,元大-台中,2023-05-05,9812
1569,濱川,15,0,15,元大-台中,2023-05-05,9812
5009,榮剛,16,1,15,元大-台中,2023-05-05,9812
00751B,元大AAA至A公司債,14,0,14,元大-台中,2023-05-05,9812
1342,八貫,14,0,14,元大-台中,2023-05-05,9812
2352,佳世達,15,1,14,元大-台中,2023-05-05,9812
00642U,期元大S＆P石油,23,10,13,元大-台中,2023-05-05,9812
2468,華經,12,0,12,元大-台中,2023-05-05,9812
00888,永豐台灣ESG,12,0,12,元大-台中,2023-05-05,9812
2065,世豐,12,0,12,元大-台中,2023-05-05,9812
6111,大宇資,199,187,12,元大-台中,2023-05-05,9812
00712,復華富時不動產,18,7,11,元大-台中,2023-05-05,9812
3162,精確,11,0,11,元大-台中,2023-05-05,9812
3147,大綜,11,0,11,元大-台中,2023-05-05,9812
4173,久裕,12,1,11,元大-台中,2023-05-05,9812
2331,精英,11,0,11,元大-台中,2023-05-05,9812
00679B,元大美債20年,12,1,11,元大-台中,2023-05-05,9812
2630,亞航,95,85,10,元大-台中,2023-05-05,9812
1504,東元,17,7,10,元大-台中,2023-05-05,9812
2820,華票,10,0,10,元大-台中,2023-05-05,9812
1784,訊聯,15,5,10,元大-台中,2023-05-05,9812
2887,台新金,399,8,391,元大-台中,2023-05-08,9812
1605,華新,400,25,375,元大-台中,2023-05-08,9812
6112,邁達特,306,8,298,元大-台中,2023-05-08,9812
2421,建準,158,58,100,元大-台中,2023-05-08,9812
3483,力致,102,3,99,元大-台中,2023-05-08,9812
00878,國泰永續高股息,97,6,91,元大-台中,2023-05-08,9812
1504,東元,372,284,88,元大-台中,2023-05-08,9812
1727,中華化,85,0,85,元大-台中,2023-05-08,9812
00715L,期街口布蘭特正2,81,4,77,元大-台中,2023-05-08,9812
2883,凱基金,241,180,61,元大-台中,2023-05-08,9812
8390,金益鼎,45,1,44,元大-台中,2023-05-08,9812
00642U,期元大S＆P石油,36,1,35,元大-台中,2023-05-08,9812
6116,彩晶,32,2,30,元大-台中,2023-05-08,9812
4164,承業醫,30,3,27,元大-台中,2023-05-08,9812
6203,海韻電,27,0,27,元大-台中,2023-05-08,9812
2630,亞航,26,1,25,元大-台中,2023-05-08,9812
8489,三貝德,25,0,25,元大-台中,2023-05-08,9812
1514,亞力,51,29,22,元大-台中,2023-05-08,9812
00888,永豐台灣ESG,20,3,17,元大-台中,2023-05-08,9812
3703,欣陸,16,0,16,元大-台中,2023-05-08,9812
1785,光洋科,16,0,16,元大-台中,2023-05-08,9812
2634,漢翔,27,11,16,元大-台中,2023-05-08,9812
00751B,元大AAA至A公司債,15,0,15,元大-台中,2023-05-08,9812
1460,宏遠,15,0,15,元大-台中,2023-05-08,9812
1417,嘉裕,15,0,15,元大-台中,2023-05-08,9812
2609,陽明,27,13,14,元大-台中,2023-05-08,9812
2363,矽統,16,2,14,元大-台中,2023-05-08,9812
2449,京元電子,14,0,14,元大-台中,2023-05-08,9812
2883B,凱基金乙特,14,0,14,元大-台中,2023-05-08,9812
3013,晟銘電,12,0,12,元大-台中,2023-05-08,9812
2537,聯上發,12,0,12,元大-台中,2023-05-08,9812
3338,泰碩,22,11,11,元大-台中,2023-05-08,9812
5011,久陽,12,1,11,元大-台中,2023-05-08,9812
2476,鉅祥,11,0,11,元大-台中,2023-05-08,9812
6443,元晶,13,2,11,元大-台中,2023-05-08,9812
3005,神基,34,23,11,元大-台中,2023-05-08,9812
2312,金寶,10,0,10,元大-台中,2023-05-08,9812
2706,第一店,10,0,10,元大-台中,2023-05-08,9812
2038,海光,10,0,10,元大-台中,2023-05-08,9812
8932,智通*,10,0,10,元大-台中,2023-05-08,9812
4174,浩鼎,10,0,10,元大-台中,2023-05-08,9812
00680L,元大美債20正2,10,0,10,元大-台中,2023-05-08,9812
2380,虹光,10,0,10,元大-台中,2023-05-08,9812
4744,皇將,94,84,10,元大-台中,2023-05-08,9812
5483,中美晶,14,4,10,元大-台中,2023-05-08,9812
2615,萬海,10,0,10,元大-台中,2023-05-08,9812
1612,宏泰,10,0,10,元大-台中,2023-05-08,9812
2027,大成鋼,9,0,9,元大-台中,2023-05-08,9812
6111,大宇資,20,11,9,元大-台中,2023-05-08,9812
2314,台揚,9,0,9,元大-台中,2023-05-08,9812
1727,中華化,153,5,148,元大-台中,2023-05-09,9812
2609,陽明,132,0,132,元大-台中,2023-05-09,9812
2883,凱基金,180,57,123,元大-台中,2023-05-09,9812
3037,欣興,77,8,69,元大-台中,2023-05-09,9812
2913,農林,73,10,63,元大-台中,2023-05-09,9812
3045,台灣大,50,0,50,元大-台中,2023-05-09,9812
00795B,中信美國公債20年,47,0,47,元大-台中,2023-05-09,9812
00878,國泰永續高股息,48,5,43,元大-台中,2023-05-09,9812
4167,松瑞藥,35,0,35,元大-台中,2023-05-09,9812
00680L,元大美債20正2,33,0,33,元大-台中,2023-05-09,9812
3046,建��,120,88,32,元大-台中,2023-05-09,9812
2412,中華電,32,1,31,元大-台中,2023-05-09,9812
1101,台泥,39,10,29,元大-台中,2023-05-09,9812
2888,新光金,52,24,28,元大-台中,2023-05-09,9812
6244,茂迪,32,6,26,元大-台中,2023-05-09,9812
2009,第一銅,25,0,25,元大-台中,2023-05-09,9812
00688L,國泰20年美債正2,24,0,24,元大-台中,2023-05-09,9812
00637L,元大滬深300正2,58,36,22,元大-台中,2023-05-09,9812
6175,立敦,22,0,22,元大-台中,2023-05-09,9812
1802,台玻,22,0,22,元大-台中,2023-05-09,9812
2313,華通,30,9,21,元大-台中,2023-05-09,9812
00632R,元大台灣50反1,21,0,21,元大-台中,2023-05-09,9812
1529,樂事綠能,24,3,21,元大-台中,2023-05-09,9812
00908,富邦入息REITs+,20,0,20,元大-台中,2023-05-09,9812
1721,三晃,20,0,20,元大-台中,2023-05-09,9812
00720B,元大投資級公司債,20,0,20,元大-台中,2023-05-09,9812
1504,東元,62,43,19,元大-台中,2023-05-09,9812
1783,和康生,19,0,19,元大-台中,2023-05-09,9812
3013,晟銘電,19,0,19,元大-台中,2023-05-09,9812
1605,華新,45,27,18,元大-台中,2023-05-09,9812
00679B,元大美債20年,43,25,18,元大-台中,2023-05-09,9812
1519,華城,52,37,15,元大-台中,2023-05-09,9812
3665,貿聯-KY,15,0,15,元大-台中,2023-05-09,9812
2457,飛宏,39,25,14,元大-台中,2023-05-09,9812
1513,中興電,48,34,14,元大-台中,2023-05-09,9812
00772B,中信高評級公司債,14,0,14,元大-台中,2023-05-09,9812
3147,大綜,20,6,14,元大-台中,2023-05-09,9812
4417,金洲,14,0,14,元大-台中,2023-05-09,9812
00751B,元大AAA至A公司債,14,0,14,元大-台中,2023-05-09,9812
1210,大成,13,0,13,元大-台中,2023-05-09,9812
2063,世鎧,13,0,13,元大-台中,2023-05-09,9812
1444,力麗,13,0,13,元大-台中,2023-05-09,9812
3027,盛達,41,28,13,元大-台中,2023-05-09,9812
00642U,期元大S＆P石油,27,14,13,元大-台中,2023-05-09,9812
6182,合晶,12,0,12,元大-台中,2023-05-09,9812
6270,倍微,12,0,12,元大-台中,2023-05-09,9812
4161,聿新科,52,41,11,元大-台中,2023-05-09,9812
5315,光聯,10,0,10,元大-台中,2023-05-09,9812
3078,僑威,10,0,10,元大-台中,2023-05-09,9812
4174,浩鼎,10,0,10,元大-台中,2023-05-09,9812
2618,長榮航,421,60,361,元大-台中,2023-05-10,9812
3481,群創,360,16,344,元大-台中,2023-05-10,9812
00878,國泰永續高股息,184,3,181,元大-台中,2023-05-10,9812
00637L,元大滬深300正2,145,0,145,元大-台中,2023-05-10,9812
1584,精剛,117,3,114,元大-台中,2023-05-10,9812
6770,力積電,104,0,104,元大-台中,2023-05-10,9812
8222,寶一,182,80,102,元大-台中,2023-05-10,9812
6235,華孚,102,26,76,元大-台中,2023-05-10,9812
8038,長園科,101,26,75,元大-台中,2023-05-10,9812
6122,擎邦,60,2,58,元大-台中,2023-05-10,9812
1504,東元,48,3,45,元大-台中,2023-05-10,9812
2387,精元,43,1,42,元大-台中,2023-05-10,9812
00751B,元大AAA至A公司債,42,0,42,元大-台中,2023-05-10,9812
3576,聯合再生,40,0,40,元大-台中,2023-05-10,9812
2022,聚亨,51,12,39,元大-台中,2023-05-10,9812
2867,三商壽,40,2,38,元大-台中,2023-05-10,9812
00679B,元大美債20年,37,0,37,元大-台中,2023-05-10,9812
00680L,元大美債20正2,32,0,32,元大-台中,2023-05-10,9812
2412,中華電,30,0,30,元大-台中,2023-05-10,9812
8932,智通*,30,0,30,元大-台中,2023-05-10,9812
00715L,期街口布蘭特正2,94,67,27,元大-台中,2023-05-10,9812
2601,益航,25,0,25,元大-台中,2023-05-10,9812
4744,皇將,71,47,24,元大-台中,2023-05-10,9812
8940,新天地,21,0,21,元大-台中,2023-05-10,9812
3231,緯創,48,27,21,元大-台中,2023-05-10,9812
00908,富邦入息REITs+,20,0,20,元大-台中,2023-05-10,9812
1742,台蠟,20,2,18,元大-台中,2023-05-10,9812
00713,元大台灣高息低波,16,0,16,元大-台中,2023-05-10,9812
00642U,期元大S＆P石油,20,6,14,元大-台中,2023-05-10,9812
00772B,中信高評級公司債,14,0,14,元大-台中,2023-05-10,9812
9907,統一實,14,0,14,元大-台中,2023-05-10,9812
6179,亞通,16,3,13,元大-台中,2023-05-10,9812
4417,金洲,13,0,13,元大-台中,2023-05-10,9812
5469,瀚宇博,14,2,12,元大-台中,2023-05-10,9812
00687B,國泰20年美債,12,0,12,元大-台中,2023-05-10,9812
6244,茂迪,13,1,12,元大-台中,2023-05-10,9812
1529,樂事綠能,29,18,11,元大-台中,2023-05-10,9812
6806,森崴能源,18,7,11,元大-台中,2023-05-10,9812
3665,貿聯-KY,10,0,10,元大-台中,2023-05-10,9812
5488,松普,10,0,10,元大-台中,2023-05-10,9812
1220,台榮,10,0,10,元大-台中,2023-05-10,9812
00665L,富邦�琤肭磪囓�2,10,0,10,元大-台中,2023-05-10,9812
2888,新光金,34,24,10,元大-台中,2023-05-10,9812
0056,元大高股息,10,1,9,元大-台中,2023-05-10,9812
6213,聯茂,9,0,9,元大-台中,2023-05-10,9812
1519,華城,34,26,8,元大-台中,2023-05-10,9812
1609,大亞,34,26,8,元大-台中,2023-05-10,9812
6733,博晟生醫,9,1,8,元大-台中,2023-05-10,9812
2892,第一金,10,2,8,元大-台中,2023-05-10,9812
2330,台積電,9,1,8,元大-台中,2023-05-10,9812
00878,國泰永續高股息,119,8,111,元大-台中,2023-05-11,9812
2888,新光金,102,0,102,元大-台中,2023-05-11,9812
6782,視陽,93,1,92,元大-台中,2023-05-11,9812
8222,寶一,113,38,75,元大-台中,2023-05-11,9812
8097,常珵,56,1,55,元大-台中,2023-05-11,9812
9907,統一實,44,0,44,元大-台中,2023-05-11,9812
2515,中工,40,0,40,元大-台中,2023-05-11,9812
00637L,元大滬深300正2,45,10,35,元大-台中,2023-05-11,9812
1504,東元,50,18,32,元大-台中,2023-05-11,9812
8048,德勝,32,0,32,元大-台中,2023-05-11,9812
6285,啟��,34,4,30,元大-台中,2023-05-11,9812
3665,貿聯-KY,30,0,30,元大-台中,2023-05-11,9812
00712,復華富時不動產,25,0,25,元大-台中,2023-05-11,9812
6218,豪勉,27,3,24,元大-台中,2023-05-11,9812
8932,智通*,24,0,24,元大-台中,2023-05-11,9812
1460,宏遠,51,30,21,元大-台中,2023-05-11,9812
6125,廣運,20,0,20,元大-台中,2023-05-11,9812
8390,金益鼎,25,5,20,元大-台中,2023-05-11,9812
1783,和康生,20,0,20,元大-台中,2023-05-11,9812
1609,大亞,37,18,19,元大-台中,2023-05-11,9812
2610,華航,18,0,18,元大-台中,2023-05-11,9812
2615,萬海,18,0,18,元大-台中,2023-05-11,9812
3704,合勤控,18,0,18,元大-台中,2023-05-11,9812
6689,伊雲谷,22,5,17,元大-台中,2023-05-11,9812
00919,群益台灣精選高息,17,0,17,元大-台中,2023-05-11,9812
6224,聚鼎,16,0,16,元大-台中,2023-05-11,9812
2038,海光,15,0,15,元大-台中,2023-05-11,9812
00687B,國泰20年美債,14,0,14,元大-台中,2023-05-11,9812
6234,高僑,28,15,13,元大-台中,2023-05-11,9812
2882,國泰金,27,14,13,元大-台中,2023-05-11,9812
6811,宏�硌穈T,14,1,13,元大-台中,2023-05-11,9812
1513,中興電,21,8,13,元大-台中,2023-05-11,9812
2883,凱基金,14,2,12,元大-台中,2023-05-11,9812
4164,承業醫,12,0,12,元大-台中,2023-05-11,9812
00715L,期街口布蘭特正2,26,14,12,元大-台中,2023-05-11,9812
2889,國票金,12,0,12,元大-台中,2023-05-11,9812
1444,力麗,12,0,12,元大-台中,2023-05-11,9812
1605,華新,19,7,12,元大-台中,2023-05-11,9812
2884,玉山金,12,1,11,元大-台中,2023-05-11,9812
6227,茂綸,12,1,11,元大-台中,2023-05-11,9812
1598,岱宇,12,1,11,元大-台中,2023-05-11,9812
1101,台泥,14,4,10,元大-台中,2023-05-11,9812
3231,緯創,51,41,10,元大-台中,2023-05-11,9812
1519,華城,22,12,10,元大-台中,2023-05-11,9812
4167,松瑞藥,10,0,10,元大-台中,2023-05-11,9812
4510,高鋒,10,0,10,元大-台中,2023-05-11,9812
00908,富邦入息REITs+,10,0,10,元大-台中,2023-05-11,9812
2034,允強,10,0,10,元大-台中,2023-05-11,9812
3078,僑威,12,2,10,元大-台中,2023-05-11,9812
6179,亞通,13,4,9,元大-台中,2023-05-11,9812
2888,新光金,666,2,664,元大-台中,2023-05-12,9812
2371,大同,623,52,571,元大-台中,2023-05-12,9812
2382,廣達,864,655,209,元大-台中,2023-05-12,9812
00878,國泰永續高股息,133,19,114,元大-台中,2023-05-12,9812
4123,晟德,106,1,105,元大-台中,2023-05-12,9812
00687B,國泰20年美債,103,2,101,元大-台中,2023-05-12,9812
00715L,期街口布蘭特正2,110,35,75,元大-台中,2023-05-12,9812
00637L,元大滬深300正2,140,71,69,元大-台中,2023-05-12,9812
2317,鴻海,57,11,46,元大-台中,2023-05-12,9812
1104,環泥,40,2,38,元大-台中,2023-05-12,9812
3017,奇鋐,58,21,37,元大-台中,2023-05-12,9812
2330,台積電,32,1,31,元大-台中,2023-05-12,9812
2882,國泰金,30,0,30,元大-台中,2023-05-12,9812
1101,台泥,32,2,30,元大-台中,2023-05-12,9812
2481,強茂,21,0,21,元大-台中,2023-05-12,9812
2634,漢翔,26,6,20,元大-台中,2023-05-12,9812
2615,萬海,17,0,17,元大-台中,2023-05-12,9812
1504,東元,124,107,17,元大-台中,2023-05-12,9812
8299,群聯,16,0,16,元大-台中,2023-05-12,9812
2630,亞航,29,13,16,元大-台中,2023-05-12,9812
6469,大樹,17,2,15,元大-台中,2023-05-12,9812
2337,旺宏,18,3,15,元大-台中,2023-05-12,9812
2303,聯電,17,3,14,元大-台中,2023-05-12,9812
2881,富邦金,14,0,14,元大-台中,2023-05-12,9812
00882,中信中國高股息,13,0,13,元大-台中,2023-05-12,9812
1108,幸福,13,0,13,元大-台中,2023-05-12,9812
3005,神基,12,0,12,元大-台中,2023-05-12,9812
2002,中鋼,13,2,11,元大-台中,2023-05-12,9812
2374,佳能,11,0,11,元大-台中,2023-05-12,9812
4157,太景*-KY,11,0,11,元大-台中,2023-05-12,9812
2412,中華電,11,0,11,元大-台中,2023-05-12,9812
2409,友達,14,3,11,元大-台中,2023-05-12,9812
3481,群創,13,3,10,元大-台中,2023-05-12,9812
2009,第一銅,10,0,10,元大-台中,2023-05-12,9812
9907,統一實,10,0,10,元大-台中,2023-05-12,9812
5230,雷笛克光學,10,0,10,元大-台中,2023-05-12,9812
8176,智捷,10,0,10,元大-台中,2023-05-12,9812
2468,華經,12,2,10,元大-台中,2023-05-12,9812
1711,永光,10,0,10,元大-台中,2023-05-12,9812
1784,訊聯,10,0,10,元大-台中,2023-05-12,9812
2358,廷鑫,10,0,10,元大-台中,2023-05-12,9812
4167,松瑞藥,12,2,10,元大-台中,2023-05-12,9812
6841,長佳智能,11,1,10,元大-台中,2023-05-12,9812
00751B,元大AAA至A公司債,10,0,10,元大-台中,2023-05-12,9812
4999,鑫禾,9,0,9,元大-台中,2023-05-12,9812
00680L,元大美債20正2,9,1,8,元大-台中,2023-05-12,9812
8112,至上,8,0,8,元大-台中,2023-05-12,9812
2385,群光,7,0,7,元大-台中,2023-05-12,9812
1409,新纖,7,0,7,元大-台中,2023-05-12,9812
2845,遠東銀,9,2,7,元大-台中,2023-05-12,9812
2885,元大金,487,5,482,元大-台中,2023-05-15,9812
1504,東元,445,304,141,元大-台中,2023-05-15,9812
00715L,期街口布蘭特正2,116,0,116,元大-台中,2023-05-15,9812
2206,三陽工業,121,11,110,元大-台中,2023-05-15,9812
00679B,元大美債20年,62,0,62,元大-台中,2023-05-15,9812
1101,台泥,65,12,53,元大-台中,2023-05-15,9812
5284,jpp-KY,77,25,52,元大-台中,2023-05-15,9812
4908,前鼎,42,0,42,元大-台中,2023-05-15,9812
1712,興農,40,0,40,元大-台中,2023-05-15,9812
4167,松瑞藥,40,0,40,元大-台中,2023-05-15,9812
00878,國泰永續高股息,49,9,40,元大-台中,2023-05-15,9812
3665,貿聯-KY,35,0,35,元大-台中,2023-05-15,9812
00713,元大台灣高息低波,43,10,33,元大-台中,2023-05-15,9812
5258,虹堡,40,7,33,元大-台中,2023-05-15,9812
6288,聯嘉,39,7,32,元大-台中,2023-05-15,9812
2317,鴻海,31,0,31,元大-台中,2023-05-15,9812
5009,榮剛,32,4,28,元大-台中,2023-05-15,9812
3576,聯合再生,25,0,25,元大-台中,2023-05-15,9812
3202,樺晟,40,15,25,元大-台中,2023-05-15,9812
3046,建��,68,45,23,元大-台中,2023-05-15,9812
2303,聯電,24,1,23,元大-台中,2023-05-15,9812
6446,藥華藥,23,2,21,元大-台中,2023-05-15,9812
4961,天鈺,33,12,21,元大-台中,2023-05-15,9812
2897,王道銀行,20,0,20,元大-台中,2023-05-15,9812
00642U,期元大S＆P石油,19,0,19,元大-台中,2023-05-15,9812
3207,耀勝,22,3,19,元大-台中,2023-05-15,9812
6538,倉和,20,2,18,元大-台中,2023-05-15,9812
6122,擎邦,24,7,17,元大-台中,2023-05-15,9812
1802,台玻,17,1,16,元大-台中,2023-05-15,9812
4510,高鋒,16,0,16,元大-台中,2023-05-15,9812
00903,富邦元宇宙,26,10,16,元大-台中,2023-05-15,9812
5706,鳳凰,26,11,15,元大-台中,2023-05-15,9812
1605,華新,16,2,14,元大-台中,2023-05-15,9812
0056,元大高股息,13,0,13,元大-台中,2023-05-15,9812
3231,緯創,56,43,13,元大-台中,2023-05-15,9812
2344,華邦電,18,5,13,元大-台中,2023-05-15,9812
3545,敦泰,14,1,13,元大-台中,2023-05-15,9812
2515,中工,15,2,13,元大-台中,2023-05-15,9812
4931,新盛力,13,0,13,元大-台中,2023-05-15,9812
3006,晶豪科,12,0,12,元大-台中,2023-05-15,9812
4120,友華,12,0,12,元大-台中,2023-05-15,9812
1314,中石化,11,0,11,元大-台中,2023-05-15,9812
2457,飛宏,57,47,10,元大-台中,2023-05-15,9812
00725B,國泰投資級公司債,10,0,10,元大-台中,2023-05-15,9812
3058,立德,10,0,10,元大-台中,2023-05-15,9812
1618,合機,10,0,10,元大-台中,2023-05-15,9812
3029,零壹,12,2,10,元大-台中,2023-05-15,9812
2702,華園,10,0,10,元大-台中,2023-05-15,9812
4417,金洲,15,5,10,元大-台中,2023-05-15,9812
00891,中信關鍵半導體,10,0,10,元大-台中,2023-05-15,9812
00632R,元大台灣50反1,258,2,256,元大-台中,2023-05-16,9812
2618,長榮航,303,66,237,元大-台中,2023-05-16,9812
6160,欣技,183,13,170,元大-台中,2023-05-16,9812
3207,耀勝,100,5,95,元大-台中,2023-05-16,9812
00878,國泰永續高股息,123,33,90,元大-台中,2023-05-16,9812
5351,鈺創,80,1,79,元大-台中,2023-05-16,9812
2323,中環,160,94,66,元大-台中,2023-05-16,9812
00885,富邦越南,53,1,52,元大-台中,2023-05-16,9812
2317,鴻海,47,2,45,元大-台中,2023-05-16,9812
00680L,元大美債20正2,37,4,33,元大-台中,2023-05-16,9812
00715L,期街口布蘭特正2,35,7,28,元大-台中,2023-05-16,9812
5469,瀚宇博,27,0,27,元大-台中,2023-05-16,9812
6446,藥華藥,25,0,25,元大-台中,2023-05-16,9812
00908,富邦入息REITs+,20,0,20,元大-台中,2023-05-16,9812
2313,華通,20,0,20,元大-台中,2023-05-16,9812
2617,台航,19,0,19,元大-台中,2023-05-16,9812
00720B,元大投資級公司債,18,0,18,元大-台中,2023-05-16,9812
1528,恩德,18,0,18,元大-台中,2023-05-16,9812
1504,東元,33,17,16,元大-台中,2023-05-16,9812
6175,立敦,16,0,16,元大-台中,2023-05-16,9812
6142,友勁,15,0,15,元大-台中,2023-05-16,9812
3028,增你強,15,0,15,元大-台中,2023-05-16,9812
00712,復華富時不動產,16,1,15,元大-台中,2023-05-16,9812
1314,中石化,25,11,14,元大-台中,2023-05-16,9812
3231,緯創,39,25,14,元大-台中,2023-05-16,9812
00751B,元大AAA至A公司債,13,0,13,元大-台中,2023-05-16,9812
00900,富邦特選高股息30,18,6,12,元大-台中,2023-05-16,9812
8940,新天地,18,6,12,元大-台中,2023-05-16,9812
00679B,元大美債20年,12,0,12,元大-台中,2023-05-16,9812
2603,長榮,11,0,11,元大-台中,2023-05-16,9812
4562,穎漢,13,2,11,元大-台中,2023-05-16,9812
6191,精成科,13,2,11,元大-台中,2023-05-16,9812
00671R,富邦NASDAQ反1,10,0,10,元大-台中,2023-05-16,9812
00669R,國泰美國道瓊反1,10,0,10,元大-台中,2023-05-16,9812
6443,元晶,12,2,10,元大-台中,2023-05-16,9812
3673,TPK-KY,12,2,10,元大-台中,2023-05-16,9812
4160,訊聯基因,10,0,10,元大-台中,2023-05-16,9812
6712,長聖,12,3,9,元大-台中,2023-05-16,9812
2630,亞航,16,7,9,元大-台中,2023-05-16,9812
4417,金洲,9,0,9,元大-台中,2023-05-16,9812
6405,悅城,9,0,9,元大-台中,2023-05-16,9812
2820,華票,8,0,8,元大-台中,2023-05-16,9812
2427,三商電,14,6,8,元大-台中,2023-05-16,9812
3712,永崴投控,8,0,8,元大-台中,2023-05-16,9812
2421,建準,31,23,8,元大-台中,2023-05-16,9812
3443,創意,12,4,8,元大-台中,2023-05-16,9812
9105,泰金寶-DR,7,0,7,元大-台中,2023-05-16,9812
6243,迅杰,8,1,7,元大-台中,2023-05-16,9812
8403,盛弘,7,0,7,元大-台中,2023-05-16,9812
2337,旺宏,7,0,7,元大-台中,2023-05-16,9812
8222,寶一,211,27,184,元大-台中,2023-05-17,9812
00632R,元大台灣50反1,124,30,94,元大-台中,2023-05-17,9812
2344,華邦電,108,17,91,元大-台中,2023-05-17,9812
00878,國泰永續高股息,112,23,89,元大-台中,2023-05-17,9812
2376,技嘉,459,392,67,元大-台中,2023-05-17,9812
3017,奇鋐,44,2,42,元大-台中,2023-05-17,9812
8011,台通,44,2,42,元大-台中,2023-05-17,9812
2476,鉅祥,38,0,38,元大-台中,2023-05-17,9812
00908,富邦入息REITs+,30,0,30,元大-台中,2023-05-17,9812
2610,華航,36,7,29,元大-台中,2023-05-17,9812
2603,長榮,21,2,19,元大-台中,2023-05-17,9812
00679B,元大美債20年,30,11,19,元大-台中,2023-05-17,9812
00637L,元大滬深300正2,39,20,19,元大-台中,2023-05-17,9812
3673,TPK-KY,28,9,19,元大-台中,2023-05-17,9812
00712,復華富時不動產,18,0,18,元大-台中,2023-05-17,9812
00751B,元大AAA至A公司債,15,0,15,元大-台中,2023-05-17,9812
1307,三芳,15,0,15,元大-台中,2023-05-17,9812
6142,友勁,15,0,15,元大-台中,2023-05-17,9812
2402,毅嘉,45,30,15,元大-台中,2023-05-17,9812
8390,金益鼎,16,2,14,元大-台中,2023-05-17,9812
00772B,中信高評級公司債,268,255,13,元大-台中,2023-05-17,9812
3005,神基,20,7,13,元大-台中,2023-05-17,9812
6285,啟��,26,14,12,元大-台中,2023-05-17,9812
4543,萬在,12,0,12,元大-台中,2023-05-17,9812
00680L,元大美債20正2,20,9,11,元大-台中,2023-05-17,9812
2618,長榮航,11,0,11,元大-台中,2023-05-17,9812
2731,雄獅,17,7,10,元大-台中,2023-05-17,9812
4114,健喬,18,8,10,元大-台中,2023-05-17,9812
6231,系微,10,0,10,元大-台中,2023-05-17,9812
00900,富邦特選高股息30,10,0,10,元大-台中,2023-05-17,9812
3652,精聯,10,0,10,元大-台中,2023-05-17,9812
2442,新美齊,20,10,10,元大-台中,2023-05-17,9812
2609,陽明,13,3,10,元大-台中,2023-05-17,9812
8421,旭源,9,0,9,元大-台中,2023-05-17,9812
4163,鐿鈦,10,1,9,元大-台中,2023-05-17,9812
2371,大同,15,6,9,元大-台中,2023-05-17,9812
2317,鴻海,11,2,9,元大-台中,2023-05-17,9812
8033,雷虎,8,0,8,元大-台中,2023-05-17,9812
2206,三陽工業,38,30,8,元大-台中,2023-05-17,9812
6547,高端疫苗,8,1,7,元大-台中,2023-05-17,9812
2745,五福,8,1,7,元大-台中,2023-05-17,9812
3630,新鉅科,7,0,7,元大-台中,2023-05-17,9812
6288,聯嘉,13,6,7,元大-台中,2023-05-17,9812
2028,威致,7,0,7,元大-台中,2023-05-17,9812
6625,必應,12,6,6,元大-台中,2023-05-17,9812
3011,今皓,6,0,6,元大-台中,2023-05-17,9812
4164,承業醫,6,0,6,元大-台中,2023-05-17,9812
3376,新日興,6,0,6,元大-台中,2023-05-17,9812
6227,茂綸,6,0,6,元大-台中,2023-05-17,9812
2201,裕隆,46,40,6,元大-台中,2023-05-17,9812
1519,華城,319,41,278,元大-台中,2023-05-18,9812
00878,國泰永續高股息,169,42,127,元大-台中,2023-05-18,9812
00632R,元大台灣50反1,112,0,112,元大-台中,2023-05-18,9812
1504,東元,734,637,97,元大-台中,2023-05-18,9812
00680L,元大美債20正2,74,0,74,元大-台中,2023-05-18,9812
00751B,元大AAA至A公司債,74,0,74,元大-台中,2023-05-18,9812
2801,彰銀,100,33,67,元大-台中,2023-05-18,9812
00885,富邦越南,102,44,58,元大-台中,2023-05-18,9812
3029,零壹,64,15,49,元大-台中,2023-05-18,9812
6218,豪勉,38,8,30,元大-台中,2023-05-18,9812
2368,金像電,61,33,28,元大-台中,2023-05-18,9812
6266,泰詠,30,3,27,元大-台中,2023-05-18,9812
2471,資通,30,5,25,元大-台中,2023-05-18,9812
2618,長榮航,28,3,25,元大-台中,2023-05-18,9812
5425,台半,25,3,22,元大-台中,2023-05-18,9812
00637L,元大滬深300正2,22,0,22,元大-台中,2023-05-18,9812
2743,山富,24,3,21,元大-台中,2023-05-18,9812
1444,力麗,20,0,20,元大-台中,2023-05-18,9812
9110,越南控-DR,20,0,20,元大-台中,2023-05-18,9812
2025,千興,20,0,20,元大-台中,2023-05-18,9812
2402,毅嘉,43,23,20,元大-台中,2023-05-18,9812
4163,鐿鈦,22,3,19,元大-台中,2023-05-18,9812
1609,大亞,39,22,17,元大-台中,2023-05-18,9812
6148,驊宏資,18,2,16,元大-台中,2023-05-18,9812
6732,昇佳電子,15,0,15,元大-台中,2023-05-18,9812
5464,霖宏,15,0,15,元大-台中,2023-05-18,9812
3202,樺晟,15,1,14,元大-台中,2023-05-18,9812
2603,長榮,13,0,13,元大-台中,2023-05-18,9812
1904,正隆,13,0,13,元大-台中,2023-05-18,9812
3006,晶豪科,14,2,12,元大-台中,2023-05-18,9812
1108,幸福,12,0,12,元大-台中,2023-05-18,9812
6214,精誠,68,57,11,元大-台中,2023-05-18,9812
00665L,富邦�琤肭磪囓�2,211,200,11,元大-台中,2023-05-18,9812
6770,力積電,11,0,11,元大-台中,2023-05-18,9812
00690,兆豐藍籌30,10,0,10,元大-台中,2023-05-18,9812
2419,仲琦,10,0,10,元大-台中,2023-05-18,9812
2477,美隆電,10,0,10,元大-台中,2023-05-18,9812
00795B,中信美國公債20年,10,0,10,元大-台中,2023-05-18,9812
2329,華泰,10,0,10,元大-台中,2023-05-18,9812
00852L,國泰美國道瓊正2,10,0,10,元大-台中,2023-05-18,9812
8088,品安,30,20,10,元大-台中,2023-05-18,9812
2885,元大金,24,14,10,元大-台中,2023-05-18,9812
1513,中興電,60,50,10,元大-台中,2023-05-18,9812
6276,安鈦克,9,0,9,元大-台中,2023-05-18,9812
2427,三商電,33,24,9,元大-台中,2023-05-18,9812
1524,耿鼎,10,1,9,元大-台中,2023-05-18,9812
2630,亞航,24,16,8,元大-台中,2023-05-18,9812
6112,邁達特,121,113,8,元大-台中,2023-05-18,9812
2380,虹光,8,0,8,元大-台中,2023-05-18,9812
2734,易飛網,9,1,8,元大-台中,2023-05-18,9812
00772B,中信高評級公司債,518,1,517,元大-台中,2023-05-19,9812
2888,新光金,511,156,355,元大-台中,2023-05-19,9812
2421,建準,247,18,229,元大-台中,2023-05-19,9812
2368,金像電,849,684,165,元大-台中,2023-05-19,9812
3078,僑威,192,55,137,元大-台中,2023-05-19,9812
2371,大同,110,9,101,元大-台中,2023-05-19,9812
00637L,元大滬深300正2,112,16,96,元大-台中,2023-05-19,9812
8097,常珵,93,5,88,元大-台中,2023-05-19,9812
00679B,元大美債20年,84,15,69,元大-台中,2023-05-19,9812
1721,三晃,55,1,54,元大-台中,2023-05-19,9812
00680L,元大美債20正2,69,16,53,元大-台中,2023-05-19,9812
00632R,元大台灣50反1,52,0,52,元大-台中,2023-05-19,9812
2610,華航,437,391,46,元大-台中,2023-05-19,9812
2812,台中銀,43,0,43,元大-台中,2023-05-19,9812
00908,富邦入息REITs+,40,0,40,元大-台中,2023-05-19,9812
1504,東元,153,118,35,元大-台中,2023-05-19,9812
1454,台富,33,0,33,元大-台中,2023-05-19,9812
00878,國泰永續高股息,50,17,33,元大-台中,2023-05-19,9812
00795B,中信美國公債20年,32,0,32,元大-台中,2023-05-19,9812
3576,聯合再生,52,20,32,元大-台中,2023-05-19,9812
2206,三陽工業,104,73,31,元大-台中,2023-05-19,9812
1609,大亞,159,131,28,元大-台中,2023-05-19,9812
00902,中信電池及儲能,27,0,27,元大-台中,2023-05-19,9812
00885,富邦越南,25,0,25,元大-台中,2023-05-19,9812
2337,旺宏,25,0,25,元大-台中,2023-05-19,9812
00687B,國泰20年美債,25,0,25,元大-台中,2023-05-19,9812
00712,復華富時不動產,23,0,23,元大-台中,2023-05-19,9812
2442,新美齊,29,6,23,元大-台中,2023-05-19,9812
1513,中興電,57,34,23,元大-台中,2023-05-19,9812
00882,中信中國高股息,22,0,22,元大-台中,2023-05-19,9812
4102,永日,21,0,21,元大-台中,2023-05-19,9812
5469,瀚宇博,20,0,20,元大-台中,2023-05-19,9812
4510,高鋒,20,0,20,元大-台中,2023-05-19,9812
2603,長榮,21,1,20,元大-台中,2023-05-19,9812
00751B,元大AAA至A公司債,20,1,19,元大-台中,2023-05-19,9812
3363,上詮,29,10,19,元大-台中,2023-05-19,9812
6198,瑞築,19,1,18,元大-台中,2023-05-19,9812
2303,聯電,22,6,16,元大-台中,2023-05-19,9812
3207,耀勝,16,0,16,元大-台中,2023-05-19,9812
2887,台新金,15,1,14,元大-台中,2023-05-19,9812
2609,陽明,14,1,13,元大-台中,2023-05-19,9812
3058,立德,14,2,12,元大-台中,2023-05-19,9812
3147,大綜,12,0,12,元大-台中,2023-05-19,9812
2427,三商電,15,3,12,元大-台中,2023-05-19,9812
6470,宇智,11,0,11,元大-台中,2023-05-19,9812
00688L,國泰20年美債正2,11,0,11,元大-台中,2023-05-19,9812
2402,毅嘉,18,7,11,元大-台中,2023-05-19,9812
3003,健和興,20,9,11,元大-台中,2023-05-19,9812
1605,華新,12,1,11,元大-台中,2023-05-19,9812
3707,漢磊,10,0,10,元大-台中,2023-05-19,9812
2399,映泰,503,1,502,元大-台中,2023-05-22,9812
00795B,中信美國公債20年,314,0,314,元大-台中,2023-05-22,9812
2427,三商電,252,57,195,元大-台中,2023-05-22,9812
1513,中興電,196,87,109,元大-台中,2023-05-22,9812
2515,中工,113,5,108,元大-台中,2023-05-22,9812
2888,新光金,156,57,99,元大-台中,2023-05-22,9812
2867,三商壽,66,0,66,元大-台中,2023-05-22,9812
2421,建準,63,11,52,元大-台中,2023-05-22,9812
1308,亞聚,50,0,50,元大-台中,2023-05-22,9812
2303,聯電,48,3,45,元大-台中,2023-05-22,9812
00632R,元大台灣50反1,40,0,40,元大-台中,2023-05-22,9812
00680L,元大美債20正2,38,0,38,元大-台中,2023-05-22,9812
1504,東元,231,193,38,元大-台中,2023-05-22,9812
2412,中華電,37,0,37,元大-台中,2023-05-22,9812
00679B,元大美債20年,41,6,35,元大-台中,2023-05-22,9812
2543,皇昌,34,0,34,元大-台中,2023-05-22,9812
3163,波若威,67,33,34,元大-台中,2023-05-22,9812
1605,華新,42,10,32,元大-台中,2023-05-22,9812
00665L,富邦�琤肭磪囓�2,42,10,32,元大-台中,2023-05-22,9812
00772B,中信高評級公司債,31,0,31,元大-台中,2023-05-22,9812
3037,欣興,37,9,28,元大-台中,2023-05-22,9812
4763,材料-KY,32,5,27,元大-台中,2023-05-22,9812
6116,彩晶,28,2,26,元大-台中,2023-05-22,9812
00715L,期街口布蘭特正2,52,28,24,元大-台中,2023-05-22,9812
00878,國泰永續高股息,44,22,22,元大-台中,2023-05-22,9812
8426,紅木-KY,26,4,22,元大-台中,2023-05-22,9812
3673,TPK-KY,24,5,19,元大-台中,2023-05-22,9812
3058,立德,18,2,16,元大-台中,2023-05-22,9812
00720B,元大投資級公司債,15,0,15,元大-台中,2023-05-22,9812
2476,鉅祥,15,0,15,元大-台中,2023-05-22,9812
6129,普誠,15,0,15,元大-台中,2023-05-22,9812
00751B,元大AAA至A公司債,14,0,14,元大-台中,2023-05-22,9812
3231,緯創,26,13,13,元大-台中,2023-05-22,9812
00885,富邦越南,15,3,12,元大-台中,2023-05-22,9812
6282,康舒,38,26,12,元大-台中,2023-05-22,9812
2312,金寶,12,0,12,元大-台中,2023-05-22,9812
3005,神基,22,10,12,元大-台中,2023-05-22,9812
4744,皇將,12,2,10,元大-台中,2023-05-22,9812
4562,穎漢,13,3,10,元大-台中,2023-05-22,9812
3049,精金,10,0,10,元大-台中,2023-05-22,9812
2617,台航,10,0,10,元大-台中,2023-05-22,9812
3035,智原,13,3,10,元大-台中,2023-05-22,9812
1584,精剛,12,3,9,元大-台中,2023-05-22,9812
6220,岳豐,9,0,9,元大-台中,2023-05-22,9812
1795,美時,13,4,9,元大-台中,2023-05-22,9812
3481,群創,29,21,8,元大-台中,2023-05-22,9812
00882,中信中國高股息,8,0,8,元大-台中,2023-05-22,9812
00687B,國泰20年美債,8,0,8,元大-台中,2023-05-22,9812
6642,富致,8,0,8,元大-台中,2023-05-22,9812
2438,翔耀,8,0,8,元大-台中,2023-05-22,9812
6164,華興,1338,0,1338,元大-台中,2023-05-23,9812
00687B,國泰20年美債,346,0,346,元大-台中,2023-05-23,9812
2515,中工,220,43,177,元大-台中,2023-05-23,9812
6770,力積電,140,0,140,元大-台中,2023-05-23,9812
2442,新美齊,92,25,67,元大-台中,2023-05-23,9812
2610,華航,128,65,63,元大-台中,2023-05-23,9812
00679B,元大美債20年,71,8,63,元大-台中,2023-05-23,9812
00882,中信中國高股息,58,0,58,元大-台中,2023-05-23,9812
00637L,元大滬深300正2,98,40,58,元大-台中,2023-05-23,9812
2022,聚亨,51,1,50,元大-台中,2023-05-23,9812
4904,遠傳,50,0,50,元大-台中,2023-05-23,9812
2888,新光金,46,2,44,元大-台中,2023-05-23,9812
2208,台船,38,1,37,元大-台中,2023-05-23,9812
1905,華紙,66,30,36,元大-台中,2023-05-23,9812
2380,虹光,31,0,31,元大-台中,2023-05-23,9812
2107,厚生,29,0,29,元大-台中,2023-05-23,9812
3466,德晉,29,0,29,元大-台中,2023-05-23,9812
5905,南仁湖,27,1,26,元大-台中,2023-05-23,9812
00680L,元大美債20正2,26,0,26,元大-台中,2023-05-23,9812
6214,精誠,22,0,22,元大-台中,2023-05-23,9812
00751B,元大AAA至A公司債,22,0,22,元大-台中,2023-05-23,9812
1609,大亞,55,33,22,元大-台中,2023-05-23,9812
2344,華邦電,32,10,22,元大-台中,2023-05-23,9812
6612,奈米醫材,21,0,21,元大-台中,2023-05-23,9812
2409,友達,29,9,20,元大-台中,2023-05-23,9812
2231,為升,50,31,19,元大-台中,2023-05-23,9812
00712,復華富時不動產,18,0,18,元大-台中,2023-05-23,9812
8358,金居,17,0,17,元大-台中,2023-05-23,9812
00885,富邦越南,20,5,15,元大-台中,2023-05-23,9812
2025,千興,15,0,15,元大-台中,2023-05-23,9812
4109,加捷生醫,15,0,15,元大-台中,2023-05-23,9812
4564,元翎,16,2,14,元大-台中,2023-05-23,9812
3005,神基,19,5,14,元大-台中,2023-05-23,9812
00772B,中信高評級公司債,14,1,13,元大-台中,2023-05-23,9812
6148,驊宏資,18,5,13,元大-台中,2023-05-23,9812
3003,健和興,13,0,13,元大-台中,2023-05-23,9812
00720B,元大投資級公司債,11,0,11,元大-台中,2023-05-23,9812
1605,華新,12,1,11,元大-台中,2023-05-23,9812
2609,陽明,11,0,11,元大-台中,2023-05-23,9812
8011,台通,21,10,11,元大-台中,2023-05-23,9812
2471,資通,16,5,11,元大-台中,2023-05-23,9812
3576,聯合再生,11,0,11,元大-台中,2023-05-23,9812
4541,晟田,22,12,10,元大-台中,2023-05-23,9812
00862B,中信投資級公司債,10,0,10,元大-台中,2023-05-23,9812
4130,健亞,11,1,10,元大-台中,2023-05-23,9812
1438,三地開發,10,0,10,元大-台中,2023-05-23,9812
3673,TPK-KY,11,1,10,元大-台中,2023-05-23,9812
4533,協易機,10,0,10,元大-台中,2023-05-23,9812
00891,中信關鍵半導體,10,0,10,元大-台中,2023-05-23,9812
5324,士開,10,0,10,元大-台中,2023-05-23,9812
2888,新光金,640,0,640,元大-台中,2023-05-24,9812
2618,長榮航,338,55,283,元大-台中,2023-05-24,9812
00712,復華富時不動產,113,0,113,元大-台中,2023-05-24,9812
00903,富邦元宇宙,105,0,105,元大-台中,2023-05-24,9812
00637L,元大滬深300正2,102,11,91,元大-台中,2023-05-24,9812
00882,中信中國高股息,75,0,75,元大-台中,2023-05-24,9812
00679B,元大美債20年,78,31,47,元大-台中,2023-05-24,9812
3617,碩天,77,30,47,元大-台中,2023-05-24,9812
4102,永日,24,0,24,元大-台中,2023-05-24,9812
3466,德晉,23,0,23,元大-台中,2023-05-24,9812
6203,海韻電,23,0,23,元大-台中,2023-05-24,9812
4114,健喬,22,2,20,元大-台中,2023-05-24,9812
1504,東元,25,6,19,元大-台中,2023-05-24,9812
2360,致茂,19,0,19,元大-台中,2023-05-24,9812
00687B,國泰20年美債,19,0,19,元大-台中,2023-05-24,9812
6689,伊雲谷,32,14,18,元大-台中,2023-05-24,9812
2706,第一店,20,2,18,元大-台中,2023-05-24,9812
3363,上詮,19,1,18,元大-台中,2023-05-24,9812
4109,加捷生醫,17,0,17,元大-台中,2023-05-24,9812
2107,厚生,16,0,16,元大-台中,2023-05-24,9812
1337,再生-KY,20,4,16,元大-台中,2023-05-24,9812
6835,圓裕,16,0,16,元大-台中,2023-05-24,9812
6446,藥華藥,15,0,15,元大-台中,2023-05-24,9812
3646,艾恩特,15,0,15,元大-台中,2023-05-24,9812
00878,國泰永續高股息,21,7,14,元大-台中,2023-05-24,9812
00680L,元大美債20正2,14,0,14,元大-台中,2023-05-24,9812
00632R,元大台灣50反1,14,0,14,元大-台中,2023-05-24,9812
1711,永光,13,0,13,元大-台中,2023-05-24,9812
3673,TPK-KY,16,3,13,元大-台中,2023-05-24,9812
0056,元大高股息,15,3,12,元大-台中,2023-05-24,9812
3706,神達,12,0,12,元大-台中,2023-05-24,9812
2630,亞航,39,28,11,元大-台中,2023-05-24,9812
3094,聯傑,12,1,11,元大-台中,2023-05-24,9812
8222,寶一,23,13,10,元大-台中,2023-05-24,9812
3147,大綜,10,0,10,元大-台中,2023-05-24,9812
2031,新光鋼,10,0,10,元大-台中,2023-05-24,9812
5258,虹堡,33,23,10,元大-台中,2023-05-24,9812
2025,千興,10,0,10,元大-台中,2023-05-24,9812
2645,長榮航太,14,5,9,元大-台中,2023-05-24,9812
1616,億泰,10,1,9,元大-台中,2023-05-24,9812
5512,力麒,10,1,9,元大-台中,2023-05-24,9812
3078,僑威,22,13,9,元大-台中,2023-05-24,9812
3511,矽瑪,10,2,8,元大-台中,2023-05-24,9812
3058,立德,11,4,7,元大-台中,2023-05-24,9812
6821,聯寶,7,0,7,元大-台中,2023-05-24,9812
3231,緯創,101,94,7,元大-台中,2023-05-24,9812
2409,友達,9,2,7,元大-台中,2023-05-24,9812
5475,德宏,6,0,6,元大-台中,2023-05-24,9812
1618,合機,10,4,6,元大-台中,2023-05-24,9812
2701,萬企,17,11,6,元大-台中,2023-05-24,9812
00751B,元大AAA至A公司債,503,0,503,元大-台中,2023-05-25,9812
00878,國泰永續高股息,512,28,484,元大-台中,2023-05-25,9812
00687B,國泰20年美債,407,0,407,元大-台中,2023-05-25,9812
2421,建準,260,22,238,元大-台中,2023-05-25,9812
00637L,元大滬深300正2,209,0,209,元大-台中,2023-05-25,9812
3163,波若威,125,13,112,元大-台中,2023-05-25,9812
2371,大同,130,21,109,元大-台中,2023-05-25,9812
6112,邁達特,113,6,107,元大-台中,2023-05-25,9812
2534,宏盛,94,0,94,元大-台中,2023-05-25,9812
3049,精金,82,0,82,元大-台中,2023-05-25,9812
00712,復華富時不動產,81,0,81,元大-台中,2023-05-25,9812
00882,中信中國高股息,75,0,75,元大-台中,2023-05-25,9812
0056,元大高股息,114,40,74,元大-台中,2023-05-25,9812
2303,聯電,56,1,55,元大-台中,2023-05-25,9812
00688L,國泰20年美債正2,52,0,52,元大-台中,2023-05-25,9812
1460,宏遠,52,2,50,元大-台中,2023-05-25,9812
00902,中信電池及儲能,48,0,48,元大-台中,2023-05-25,9812
00679B,元大美債20年,47,1,46,元大-台中,2023-05-25,9812
2344,華邦電,63,20,43,元大-台中,2023-05-25,9812
2883,凱基金,45,2,43,元大-台中,2023-05-25,9812
2107,厚生,35,0,35,元大-台中,2023-05-25,9812
2867,三商壽,52,18,34,元大-台中,2023-05-25,9812
4804,大略-KY,34,0,34,元大-台中,2023-05-25,9812
4904,遠傳,33,0,33,元大-台中,2023-05-25,9812
2888,新光金,32,0,32,元大-台中,2023-05-25,9812
3466,德晉,32,0,32,元大-台中,2023-05-25,9812
3048,益登,30,0,30,元大-台中,2023-05-25,9812
5864,致和證,27,0,27,元大-台中,2023-05-25,9812
2882,國泰金,25,0,25,元大-台中,2023-05-25,9812
1605,華新,24,0,24,元大-台中,2023-05-25,9812
1416,廣豐,25,1,24,元大-台中,2023-05-25,9812
3419,譁裕,32,8,24,元大-台中,2023-05-25,9812
1504,東元,121,100,21,元大-台中,2023-05-25,9812
00795B,中信美國公債20年,21,0,21,元大-台中,2023-05-25,9812
9105,泰金寶-DR,20,0,20,元大-台中,2023-05-25,9812
3045,台灣大,20,0,20,元大-台中,2023-05-25,9812
00666R,富邦�琤肭磪齯�1,20,0,20,元大-台中,2023-05-25,9812
2603,長榮,81,62,19,元大-台中,2023-05-25,9812
3029,零壹,60,41,19,元大-台中,2023-05-25,9812
2887,台新金,19,0,19,元大-台中,2023-05-25,9812
6835,圓裕,24,6,18,元大-台中,2023-05-25,9812
2402,毅嘉,19,3,16,元大-台中,2023-05-25,9812
9110,越南控-DR,14,0,14,元大-台中,2023-05-25,9812
8086,宏捷科,14,0,14,元大-台中,2023-05-25,9812
6243,迅杰,13,0,13,元大-台中,2023-05-25,9812
1710,東聯,13,0,13,元大-台中,2023-05-25,9812
1528,恩德,13,0,13,元大-台中,2023-05-25,9812
4167,松瑞藥,13,0,13,元大-台中,2023-05-25,9812
3508,位速,14,1,13,元大-台中,2023-05-25,9812
3646,艾恩特,33,21,12,元大-台中,2023-05-25,9812
00632R,元大台灣50反1,174,2,172,元大-台中,2023-05-26,9812
00712,復華富時不動產,140,0,140,元大-台中,2023-05-26,9812
6235,華孚,139,13,126,元大-台中,2023-05-26,9812
4543,萬在,146,46,100,元大-台中,2023-05-26,9812
2345,智邦,101,1,100,元大-台中,2023-05-26,9812
6016,康和證,100,10,90,元大-台中,2023-05-26,9812
2883,凱基金,68,3,65,元大-台中,2023-05-26,9812
00706L,期元大S＆P日圓正2,63,0,63,元大-台中,2023-05-26,9812
6770,力積電,58,0,58,元大-台中,2023-05-26,9812
8059,凱碩,61,6,55,元大-台中,2023-05-26,9812
1608,華榮,69,17,52,元大-台中,2023-05-26,9812
2371,大同,57,15,42,元大-台中,2023-05-26,9812
00637L,元大滬深300正2,108,70,38,元大-台中,2023-05-26,9812
6112,邁達特,58,20,38,元大-台中,2023-05-26,9812
3576,聯合再生,35,0,35,元大-台中,2023-05-26,9812
2534,宏盛,35,0,35,元大-台中,2023-05-26,9812
2482,連宇,35,1,34,元大-台中,2023-05-26,9812
00795B,中信美國公債20年,30,0,30,元大-台中,2023-05-26,9812
00908,富邦入息REITs+,30,0,30,元大-台中,2023-05-26,9812
00902,中信電池及儲能,30,2,28,元大-台中,2023-05-26,9812
3094,聯傑,30,2,28,元大-台中,2023-05-26,9812
2323,中環,56,28,28,元大-台中,2023-05-26,9812
00679B,元大美債20年,27,0,27,元大-台中,2023-05-26,9812
1609,大亞,54,27,27,元大-台中,2023-05-26,9812
3049,精金,26,0,26,元大-台中,2023-05-26,9812
2412,中華電,24,0,24,元大-台中,2023-05-26,9812
00882,中信中國高股息,23,0,23,元大-台中,2023-05-26,9812
2891,中信金,24,2,22,元大-台中,2023-05-26,9812
00715L,期街口布蘭特正2,37,16,21,元大-台中,2023-05-26,9812
6129,普誠,21,0,21,元大-台中,2023-05-26,9812
2107,厚生,20,0,20,元大-台中,2023-05-26,9812
2349,錸德,20,0,20,元大-台中,2023-05-26,9812
4510,高鋒,19,0,19,元大-台中,2023-05-26,9812
2332,友訊,18,0,18,元大-台中,2023-05-26,9812
2427,三商電,18,0,18,元大-台中,2023-05-26,9812
00687B,國泰20年美債,18,0,18,元大-台中,2023-05-26,9812
2609,陽明,19,1,18,元大-台中,2023-05-26,9812
2105,正新,17,0,17,元大-台中,2023-05-26,9812
1108,幸福,16,0,16,元大-台中,2023-05-26,9812
2402,毅嘉,18,2,16,元大-台中,2023-05-26,9812
6550,北極星藥業-KY,16,0,16,元大-台中,2023-05-26,9812
6288,聯嘉,29,14,15,元大-台中,2023-05-26,9812
2338,光罩,16,1,15,元大-台中,2023-05-26,9812
020028,元大特選電動車N,15,0,15,元大-台中,2023-05-26,9812
3017,奇鋐,39,24,15,元大-台中,2023-05-26,9812
6223,旺矽,23,9,14,元大-台中,2023-05-26,9812
1519,華城,50,37,13,元大-台中,2023-05-26,9812
00772B,中信高評級公司債,13,0,13,元大-台中,2023-05-26,9812
4167,松瑞藥,13,0,13,元大-台中,2023-05-26,9812
2736,富野,54,42,12,元大-台中,2023-05-26,9812
2356,英業達,920,427,493,元大-台中,2023-05-29,9812
1608,華榮,366,27,339,元大-台中,2023-05-29,9812
2882,國泰金,313,22,291,元大-台中,2023-05-29,9812
4543,萬在,435,285,150,元大-台中,2023-05-29,9812
00680L,元大美債20正2,106,0,106,元大-台中,2023-05-29,9812
2890,永豐金,102,0,102,元大-台中,2023-05-29,9812
6770,力積電,100,0,100,元大-台中,2023-05-29,9812
00637L,元大滬深300正2,105,15,90,元大-台中,2023-05-29,9812
2883,凱基金,80,3,77,元大-台中,2023-05-29,9812
1314,中石化,64,0,64,元大-台中,2023-05-29,9812
3362,先進光,56,5,51,元大-台中,2023-05-29,9812
3673,TPK-KY,53,2,51,元大-台中,2023-05-29,9812
2107,厚生,50,0,50,元大-台中,2023-05-29,9812
6282,康舒,81,37,44,元大-台中,2023-05-29,9812
00632R,元大台灣50反1,38,0,38,元大-台中,2023-05-29,9812
00900,富邦特選高股息30,100,63,37,元大-台中,2023-05-29,9812
2313,華通,84,50,34,元大-台中,2023-05-29,9812
00720B,元大投資級公司債,33,0,33,元大-台中,2023-05-29,9812
1218,泰山,31,0,31,元大-台中,2023-05-29,9812
00712,復華富時不動產,31,1,30,元大-台中,2023-05-29,9812
8234,新漢,30,0,30,元大-台中,2023-05-29,9812
3265,台星科,42,14,28,元大-台中,2023-05-29,9812
3706,神達,102,74,28,元大-台中,2023-05-29,9812
00882,中信中國高股息,25,1,24,元大-台中,2023-05-29,9812
0056,元大高股息,57,33,24,元大-台中,2023-05-29,9812
00665L,富邦�琤肭磪囓�2,22,0,22,元大-台中,2023-05-29,9812
00895,富邦未來車,27,5,22,元大-台中,2023-05-29,9812
6150,撼訊,21,0,21,元大-台中,2023-05-29,9812
3006,晶豪科,63,43,20,元大-台中,2023-05-29,9812
00692,富邦公司治理,20,1,19,元大-台中,2023-05-29,9812
2634,漢翔,25,8,17,元大-台中,2023-05-29,9812
00687B,國泰20年美債,16,0,16,元大-台中,2023-05-29,9812
3017,奇鋐,25,10,15,元大-台中,2023-05-29,9812
3231,緯創,115,99,16,元大-台中,2023-05-29,9812
2884,玉山金,15,0,15,元大-台中,2023-05-29,9812
00679B,元大美債20年,15,0,15,元大-台中,2023-05-29,9812
2382,廣達,19,4,15,元大-台中,2023-05-29,9812
2476,鉅祥,15,1,14,元大-台中,2023-05-29,9812
3105,穩懋,15,1,14,元大-台中,2023-05-29,9812
6669,緯穎,38,24,14,元大-台中,2023-05-29,9812
3005,神基,15,2,13,元大-台中,2023-05-29,9812
00688L,國泰20年美債正2,11,0,11,元大-台中,2023-05-29,9812
2454,聯發科,12,2,10,元大-台中,2023-05-29,9812
00795B,中信美國公債20年,10,0,10,元大-台中,2023-05-29,9812
2063,世鎧,10,0,10,元大-台中,2023-05-29,9812
00902,中信電池及儲能,10,0,10,元大-台中,2023-05-29,9812
3047,訊舟,10,0,10,元大-台中,2023-05-29,9812
00908,富邦入息REITs+,10,0,10,元大-台中,2023-05-29,9812
2371,大同,60,50,10,元大-台中,2023-05-29,9812
4804,大略-KY,9,0,9,元大-台中,2023-05-29,9812
2888,新光金,286,2,284,元大-台中,2023-05-30,9812
3231,緯創,237,92,145,元大-台中,2023-05-30,9812
2883,凱基金,114,1,113,元大-台中,2023-05-30,9812
3704,合勤控,124,24,100,元大-台中,2023-05-30,9812
2313,華通,101,1,100,元大-台中,2023-05-30,9812
2329,華泰,60,0,60,元大-台中,2023-05-30,9812
3041,揚智,58,0,58,元大-台中,2023-05-30,9812
6176,瑞儀,55,0,55,元大-台中,2023-05-30,9812
5386,青雲,55,0,55,元大-台中,2023-05-30,9812
00725B,國泰投資級公司債,38,1,37,元大-台中,2023-05-30,9812
00882,中信中國高股息,37,4,33,元大-台中,2023-05-30,9812
3625,西勝,32,0,32,元大-台中,2023-05-30,9812
1460,宏遠,31,0,31,元大-台中,2023-05-30,9812
2382,廣達,58,29,29,元大-台中,2023-05-30,9812
00713,元大台灣高息低波,32,3,29,元大-台中,2023-05-30,9812
2371,大同,71,43,28,元大-台中,2023-05-30,9812
4915,致伸,31,4,27,元大-台中,2023-05-30,9812
2204,中華,40,13,27,元大-台中,2023-05-30,9812
3673,TPK-KY,36,10,26,元大-台中,2023-05-30,9812
3646,艾恩特,26,0,26,元大-台中,2023-05-30,9812
2002,中鋼,26,1,25,元大-台中,2023-05-30,9812
00680L,元大美債20正2,24,0,24,元大-台中,2023-05-30,9812
00878,國泰永續高股息,39,19,20,元大-台中,2023-05-30,9812
8076,伍豐,26,6,20,元大-台中,2023-05-30,9812
00632R,元大台灣50反1,20,0,20,元大-台中,2023-05-30,9812
5009,榮剛,31,11,20,元大-台中,2023-05-30,9812
1608,華榮,39,19,20,元大-台中,2023-05-30,9812
00637L,元大滬深300正2,52,33,19,元大-台中,2023-05-30,9812
2376,技嘉,23,4,19,元大-台中,2023-05-30,9812
00885,富邦越南,19,0,19,元大-台中,2023-05-30,9812
3105,穩懋,20,1,19,元大-台中,2023-05-30,9812
6743,安普新,18,0,18,元大-台中,2023-05-30,9812
00679B,元大美債20年,17,0,17,元大-台中,2023-05-30,9812
6282,康舒,47,30,17,元大-台中,2023-05-30,9812
6188,廣明,42,26,16,元大-台中,2023-05-30,9812
8028,昇陽半導體,15,0,15,元大-台中,2023-05-30,9812
00688L,國泰20年美債正2,15,0,15,元大-台中,2023-05-30,9812
1609,大亞,18,3,15,元大-台中,2023-05-30,9812
00902,中信電池及儲能,14,0,14,元大-台中,2023-05-30,9812
2427,三商電,15,1,14,元大-台中,2023-05-30,9812
00715L,期街口布蘭特正2,14,0,14,元大-台中,2023-05-30,9812
8046,南電,20,7,13,元大-台中,2023-05-30,9812
5498,凱崴,16,3,13,元大-台中,2023-05-30,9812
3645,達邁,13,0,13,元大-台中,2023-05-30,9812
3025,星通,35,22,13,元大-台中,2023-05-30,9812
8222,寶一,28,15,13,元大-台中,2023-05-30,9812
8227,巨有科技,12,0,12,元大-台中,2023-05-30,9812
1809,中釉,11,0,11,元大-台中,2023-05-30,9812
3708,上緯投控,11,0,11,元大-台中,2023-05-30,9812
00712,復華富時不動產,11,1,10,元大-台中,2023-05-30,9812
3306,鼎天,669,0,669,元大-台中,2023-05-31,9812
2515,中工,485,110,375,元大-台中,2023-05-31,9812
00715L,期街口布蘭特正2,271,2,269,元大-台中,2023-05-31,9812
00680L,元大美債20正2,102,0,102,元大-台中,2023-05-31,9812
00637L,元大滬深300正2,112,17,95,元大-台中,2023-05-31,9812
00642U,期元大S＆P石油,85,0,85,元大-台中,2023-05-31,9812
00679B,元大美債20年,83,1,82,元大-台中,2023-05-31,9812
2371,大同,126,55,71,元大-台中,2023-05-31,9812
2331,精英,58,8,50,元大-台中,2023-05-31,9812
2883,凱基金,50,3,47,元大-台中,2023-05-31,9812
2615,萬海,54,10,44,元大-台中,2023-05-31,9812
2349,錸德,40,10,30,元大-台中,2023-05-31,9812
00795B,中信美國公債20年,28,0,28,元大-台中,2023-05-31,9812
00882,中信中國高股息,30,4,26,元大-台中,2023-05-31,9812
6127,九豪,25,0,25,元大-台中,2023-05-31,9812
9105,泰金寶-DR,25,0,25,元大-台中,2023-05-31,9812
1524,耿鼎,28,5,23,元大-台中,2023-05-31,9812
3037,欣興,27,6,21,元大-台中,2023-05-31,9812
6535,順藥,21,1,20,元大-台中,2023-05-31,9812
2427,三商電,20,0,20,元大-台中,2023-05-31,9812
2401,凌陽,38,19,19,元大-台中,2023-05-31,9812
2105,正新,18,1,17,元大-台中,2023-05-31,9812
00688L,國泰20年美債正2,16,0,16,元大-台中,2023-05-31,9812
2103,台橡,16,0,16,元大-台中,2023-05-31,9812
3006,晶豪科,108,94,14,元大-台中,2023-05-31,9812
2913,農林,15,1,14,元大-台中,2023-05-31,9812
2204,中華,23,9,14,元大-台中,2023-05-31,9812
3592,瑞鼎,13,0,13,元大-台中,2023-05-31,9812
2603,長榮,19,6,13,元大-台中,2023-05-31,9812
5284,jpp-KY,12,0,12,元大-台中,2023-05-31,9812
2402,毅嘉,27,15,12,元大-台中,2023-05-31,9812
1218,泰山,11,0,11,元大-台中,2023-05-31,9812
6770,力積電,61,51,10,元大-台中,2023-05-31,9812
3706,神達,28,18,10,元大-台中,2023-05-31,9812
1314,中石化,10,0,10,元大-台中,2023-05-31,9812
2107,厚生,10,0,10,元大-台中,2023-05-31,9812
6276,安鈦克,11,1,10,元大-台中,2023-05-31,9812
00753L,中信中國50正2,10,0,10,元大-台中,2023-05-31,9812
6609,瀧澤科,10,0,10,元大-台中,2023-05-31,9812
2887,台新金,10,0,10,元大-台中,2023-05-31,9812
6220,岳豐,10,0,10,元大-台中,2023-05-31,9812
6153,嘉聯益,10,0,10,元大-台中,2023-05-31,9812
2409,友達,14,5,9,元大-台中,2023-05-31,9812
2457,飛宏,142,133,9,元大-台中,2023-05-31,9812
4973,廣穎,14,5,9,元大-台中,2023-05-31,9812
2845,遠東銀,9,0,9,元大-台中,2023-05-31,9812
1718,中纖,10,1,9,元大-台中,2023-05-31,9812
00713,元大台灣高息低波,9,1,8,元大-台中,2023-05-31,9812
006208,富邦台50,9,1,8,元大-台中,2023-05-31,9812
8255,朋程,9,1,8,元大-台中,2023-05-31,9812
5478,智冠,347,119,228,元大-台中,2023-06-01,9812
00715L,期街口布蘭特正2,154,0,154,元大-台中,2023-06-01,9812
2331,精英,134,19,115,元大-台中,2023-06-01,9812
2888,新光金,98,5,93,元大-台中,2023-06-01,9812
6016,康和證,81,0,81,元大-台中,2023-06-01,9812
3706,神達,169,98,71,元大-台中,2023-06-01,9812
2610,華航,328,274,54,元大-台中,2023-06-01,9812
2412,中華電,52,0,52,元大-台中,2023-06-01,9812
2323,中環,69,27,42,元大-台中,2023-06-01,9812
6220,岳豐,40,0,40,元大-台中,2023-06-01,9812
8088,品安,45,5,40,元大-台中,2023-06-01,9812
1444,力麗,40,1,39,元大-台中,2023-06-01,9812
00795B,中信美國公債20年,38,0,38,元大-台中,2023-06-01,9812
00878,國泰永續高股息,39,3,36,元大-台中,2023-06-01,9812
8059,凱碩,35,1,34,元大-台中,2023-06-01,9812
00919,群益台灣精選高息,31,0,31,元大-台中,2023-06-01,9812
00753L,中信中國50正2,30,0,30,元大-台中,2023-06-01,9812
3711,日月光投控,30,1,29,元大-台中,2023-06-01,9812
00679B,元大美債20年,27,1,26,元大-台中,2023-06-01,9812
3466,德晉,25,0,25,元大-台中,2023-06-01,9812
6835,圓裕,26,2,24,元大-台中,2023-06-01,9812
3673,TPK-KY,29,7,22,元大-台中,2023-06-01,9812
00665L,富邦�琤肭磪囓�2,22,0,22,元大-台中,2023-06-01,9812
6134,萬旭,22,0,22,元大-台中,2023-06-01,9812
4533,協易機,33,11,22,元大-台中,2023-06-01,9812
6733,博晟生醫,22,0,22,元大-台中,2023-06-01,9812
00882,中信中國高股息,21,1,20,元大-台中,2023-06-01,9812
5871,中租-KY,20,0,20,元大-台中,2023-06-01,9812
5864,致和證,20,0,20,元大-台中,2023-06-01,9812
4543,萬在,20,0,20,元大-台中,2023-06-01,9812
8478,東哥遊艇,23,3,20,元大-台中,2023-06-01,9812
6122,擎邦,39,20,19,元大-台中,2023-06-01,9812
00772B,中信高評級公司債,15,0,15,元大-台中,2023-06-01,9812
5498,凱崴,15,0,15,元大-台中,2023-06-01,9812
5258,虹堡,24,9,15,元大-台中,2023-06-01,9812
2882,國泰金,14,0,14,元大-台中,2023-06-01,9812
8940,新天地,18,4,14,元大-台中,2023-06-01,9812
3013,晟銘電,55,42,13,元大-台中,2023-06-01,9812
1605,華新,13,0,13,元大-台中,2023-06-01,9812
6288,聯嘉,27,15,12,元大-台中,2023-06-01,9812
6550,北極星藥業-KY,14,3,11,元大-台中,2023-06-01,9812
1907,永豐餘,31,20,11,元大-台中,2023-06-01,9812
2105,正新,14,3,11,元大-台中,2023-06-01,9812
3260,威剛,20,9,11,元大-台中,2023-06-01,9812
2399,映泰,10,0,10,元大-台中,2023-06-01,9812
2702,華園,10,0,10,元大-台中,2023-06-01,9812
1416,廣豐,10,0,10,元大-台中,2023-06-01,9812
1785,光洋科,10,0,10,元大-台中,2023-06-01,9812
2337,旺宏,10,0,10,元大-台中,2023-06-01,9812
1733,五鼎,10,0,10,元大-台中,2023-06-01,9812
1504,東元,936,331,605,元大-台中,2023-06-02,9812
1519,華城,342,49,293,元大-台中,2023-06-02,9812
6125,廣運,213,7,206,元大-台中,2023-06-02,9812
00715L,期街口布蘭特正2,219,13,206,元大-台中,2023-06-02,9812
2402,毅嘉,301,115,186,元大-台中,2023-06-02,9812
00688L,國泰20年美債正2,172,10,162,元大-台中,2023-06-02,9812
00919,群益台灣精選高息,126,0,126,元大-台中,2023-06-02,9812
2618,長榮航,202,91,111,元大-台中,2023-06-02,9812
00882,中信中國高股息,73,0,73,元大-台中,2023-06-02,9812
2610,華航,118,47,71,元大-台中,2023-06-02,9812
00632R,元大台灣50反1,134,70,64,元大-台中,2023-06-02,9812
2331,精英,84,26,58,元大-台中,2023-06-02,9812
2204,中華,64,14,50,元大-台中,2023-06-02,9812
1905,華紙,131,82,49,元大-台中,2023-06-02,9812
00679B,元大美債20年,59,11,48,元大-台中,2023-06-02,9812
00665L,富邦�琤肭磪囓�2,39,0,39,元大-台中,2023-06-02,9812
2371,大同,62,28,34,元大-台中,2023-06-02,9812
3231,緯創,179,149,30,元大-台中,2023-06-02,9812
2303,聯電,64,40,24,元大-台中,2023-06-02,9812
2034,允強,20,0,20,元大-台中,2023-06-02,9812
2617,台航,20,0,20,元大-台中,2023-06-02,9812
2603,長榮,20,1,19,元大-台中,2023-06-02,9812
8234,新漢,21,3,18,元大-台中,2023-06-02,9812
911868,同方友友-DR,16,0,16,元大-台中,2023-06-02,9812
3005,神基,18,2,16,元大-台中,2023-06-02,9812
2630,亞航,18,3,15,元大-台中,2023-06-02,9812
1591,駿吉-KY,17,3,14,元大-台中,2023-06-02,9812
2313,華通,16,3,13,元大-台中,2023-06-02,9812
1304,台聚,13,0,13,元大-台中,2023-06-02,9812
2421,建準,47,34,13,元大-台中,2023-06-02,9812
2891,中信金,17,6,11,元大-台中,2023-06-02,9812
00706L,期元大S＆P日圓正2,11,0,11,元大-台中,2023-06-02,9812
00924,復華S＆P500成長,11,0,11,元大-台中,2023-06-02,9812
8091,翔名,11,0,11,元大-台中,2023-06-02,9812
4543,萬在,77,66,11,元大-台中,2023-06-02,9812
2201,裕隆,17,6,11,元大-台中,2023-06-02,9812
3017,奇鋐,65,55,10,元大-台中,2023-06-02,9812
2359,所羅門,13,3,10,元大-台中,2023-06-02,9812
3016,嘉晶,10,0,10,元大-台中,2023-06-02,9812
1416,廣豐,10,0,10,元大-台中,2023-06-02,9812
1313,聯成,10,0,10,元大-台中,2023-06-02,9812
2427,三商電,17,7,10,元大-台中,2023-06-02,9812
1465,偉全,10,0,10,元大-台中,2023-06-02,9812
5706,鳳凰,30,20,10,元大-台中,2023-06-02,9812
3576,聯合再生,10,0,10,元大-台中,2023-06-02,9812
2609,陽明,16,6,10,元大-台中,2023-06-02,9812
2356,英業達,44,35,9,元大-台中,2023-06-02,9812
00772B,中信高評級公司債,12,3,9,元大-台中,2023-06-02,9812
8088,品安,11,2,9,元大-台中,2023-06-02,9812
2812,台中銀,13,4,9,元大-台中,2023-06-02,9812
1609,大亞,324,77,247,元大-台中,2023-06-05,9812
6016,康和證,166,2,164,元大-台中,2023-06-05,9812
00637L,元大滬深300正2,126,14,112,元大-台中,2023-06-05,9812
2344,華邦電,120,19,101,元大-台中,2023-06-05,9812
2332,友訊,99,1,98,元大-台中,2023-06-05,9812
3630,新鉅科,93,9,84,元大-台中,2023-06-05,9812
2302,麗正,71,0,71,元大-台中,2023-06-05,9812
2301,光寶科,77,18,59,元大-台中,2023-06-05,9812
0056,元大高股息,84,32,52,元大-台中,2023-06-05,9812
2812,台中銀,50,1,49,元大-台中,2023-06-05,9812
2014,中鴻,50,3,47,元大-台中,2023-06-05,9812
00715L,期街口布蘭特正2,162,115,47,元大-台中,2023-06-05,9812
00919,群益台灣精選高息,47,0,47,元大-台中,2023-06-05,9812
6161,捷波,45,0,45,元大-台中,2023-06-05,9812
8932,智通*,40,0,40,元大-台中,2023-06-05,9812
3105,穩懋,37,0,37,元大-台中,2023-06-05,9812
3576,聯合再生,37,1,36,元大-台中,2023-06-05,9812
6188,廣明,40,6,34,元大-台中,2023-06-05,9812
00878,國泰永續高股息,61,31,30,元大-台中,2023-06-05,9812
00679B,元大美債20年,28,0,28,元大-台中,2023-06-05,9812
1529,樂事綠能,56,28,28,元大-台中,2023-06-05,9812
1304,台聚,28,0,28,元大-台中,2023-06-05,9812
00706L,期元大S＆P日圓正2,27,0,27,元大-台中,2023-06-05,9812
00632R,元大台灣50反1,26,0,26,元大-台中,2023-06-05,9812
8110,華東,25,0,25,元大-台中,2023-06-05,9812
00720B,元大投資級公司債,24,0,24,元大-台中,2023-06-05,9812
2618,長榮航,85,61,24,元大-台中,2023-06-05,9812
3078,僑威,42,19,23,元大-台中,2023-06-05,9812
3715,定穎投控,26,4,22,元大-台中,2023-06-05,9812
3252,海灣,23,1,22,元大-台中,2023-06-05,9812
1514,亞力,45,24,21,元大-台中,2023-06-05,9812
6139,亞翔,21,0,21,元大-台中,2023-06-05,9812
2634,漢翔,109,88,21,元大-台中,2023-06-05,9812
1513,中興電,34,14,20,元大-台中,2023-06-05,9812
4121,優盛,21,1,20,元大-台中,2023-06-05,9812
2313,華通,20,0,20,元大-台中,2023-06-05,9812
6127,九豪,19,0,19,元大-台中,2023-06-05,9812
6743,安普新,19,0,19,元大-台中,2023-06-05,9812
3706,神達,34,17,17,元大-台中,2023-06-05,9812
3231,緯創,69,52,17,元大-台中,2023-06-05,9812
2353,宏��,24,9,15,元大-台中,2023-06-05,9812
1582,信錦,15,0,15,元大-台中,2023-06-05,9812
8059,凱碩,15,0,15,元大-台中,2023-06-05,9812
2323,中環,67,53,14,元大-台中,2023-06-05,9812
6142,友勁,12,0,12,元大-台中,2023-06-05,9812
1503,士電,23,11,12,元大-台中,2023-06-05,9812
5469,瀚宇博,12,0,12,元大-台中,2023-06-05,9812
5703,亞都,12,0,12,元大-台中,2023-06-05,9812
2317,鴻海,23,11,12,元大-台中,2023-06-05,9812
6160,欣技,23,12,11,元大-台中,2023-06-05,9812
2888,新光金,427,102,325,元大-台中,2023-06-06,9812
2515,中工,317,0,317,元大-台中,2023-06-06,9812
1444,力麗,375,172,203,元大-台中,2023-06-06,9812
6217,中探針,100,0,100,元大-台中,2023-06-06,9812
2002,中鋼,102,8,94,元大-台中,2023-06-06,9812
4951,精拓科,90,0,90,元大-台中,2023-06-06,9812
2881,富邦金,78,0,78,元大-台中,2023-06-06,9812
00679B,元大美債20年,75,0,75,元大-台中,2023-06-06,9812
8932,智通*,70,0,70,元大-台中,2023-06-06,9812
00795B,中信美國公債20年,52,0,52,元大-台中,2023-06-06,9812
2867,三商壽,50,0,50,元大-台中,2023-06-06,9812
6161,捷波,45,0,45,元大-台中,2023-06-06,9812
5864,致和證,45,1,44,元大-台中,2023-06-06,9812
6770,力積電,41,1,40,元大-台中,2023-06-06,9812
1314,中石化,110,70,40,元大-台中,2023-06-06,9812
4121,優盛,36,0,36,元大-台中,2023-06-06,9812
3027,盛達,36,1,35,元大-台中,2023-06-06,9812
00720B,元大投資級公司債,31,0,31,元大-台中,2023-06-06,9812
1905,華紙,74,45,29,元大-台中,2023-06-06,9812
00642U,期元大S＆P石油,31,2,29,元大-台中,2023-06-06,9812
3037,欣興,35,6,29,元大-台中,2023-06-06,9812
2347,聯強,28,0,28,元大-台中,2023-06-06,9812
00751B,元大AAA至A公司債,30,5,25,元大-台中,2023-06-06,9812
2427,三商電,40,15,25,元大-台中,2023-06-06,9812
00919,群益台灣精選高息,26,1,25,元大-台中,2023-06-06,9812
1806,冠軍,34,10,24,元大-台中,2023-06-06,9812
2706,第一店,33,10,23,元大-台中,2023-06-06,9812
00927,群益半導體收益,23,0,23,元大-台中,2023-06-06,9812
8996,高力,31,10,21,元大-台中,2023-06-06,9812
1785,光洋科,20,0,20,元大-台中,2023-06-06,9812
4102,永日,20,0,20,元大-台中,2023-06-06,9812
00676R,富邦臺灣加權反1,20,0,20,元大-台中,2023-06-06,9812
1308,亞聚,20,0,20,元大-台中,2023-06-06,9812
3363,上詮,34,15,19,元大-台中,2023-06-06,9812
2618,長榮航,419,400,19,元大-台中,2023-06-06,9812
00713,元大台灣高息低波,18,0,18,元大-台中,2023-06-06,9812
2913,農林,18,1,17,元大-台中,2023-06-06,9812
4123,晟德,18,1,17,元大-台中,2023-06-06,9812
8234,新漢,17,1,16,元大-台中,2023-06-06,9812
3706,神達,19,3,16,元大-台中,2023-06-06,9812
2498,宏達電,37,23,14,元大-台中,2023-06-06,9812
3231,緯創,60,46,14,元大-台中,2023-06-06,9812
00712,復華富時不動產,33,21,12,元大-台中,2023-06-06,9812
6116,彩晶,19,7,12,元大-台中,2023-06-06,9812
6477,安集,12,0,12,元大-台中,2023-06-06,9812
6456,GIS-KY,11,0,11,元大-台中,2023-06-06,9812
6244,茂迪,11,0,11,元大-台中,2023-06-06,9812
1618,合機,12,1,11,元大-台中,2023-06-06,9812
1101,台泥,11,1,10,元大-台中,2023-06-06,9812
1584,精剛,11,1,10,元大-台中,2023-06-06,9812
3481,群創,332,67,265,元大-台中,2023-06-07,9812
1609,大亞,444,202,242,元大-台中,2023-06-07,9812
00637L,元大滬深300正2,221,20,201,元大-台中,2023-06-07,9812
3583,辛耘,200,2,198,元大-台中,2023-06-07,9812
2457,飛宏,147,40,107,元大-台中,2023-06-07,9812
1218,泰山,88,0,88,元大-台中,2023-06-07,9812
8034,榮群,87,0,87,元大-台中,2023-06-07,9812
5324,士開,82,5,77,元大-台中,2023-06-07,9812
00712,復華富時不動產,71,0,71,元大-台中,2023-06-07,9812
8932,智通*,61,0,61,元大-台中,2023-06-07,9812
1101,台泥,62,5,57,元大-台中,2023-06-07,9812
00919,群益台灣精選高息,81,32,49,元大-台中,2023-06-07,9812
1504,東元,364,316,48,元大-台中,2023-06-07,9812
1314,中石化,50,2,48,元大-台中,2023-06-07,9812
1608,華榮,63,18,45,元大-台中,2023-06-07,9812
2344,華邦電,60,17,43,元大-台中,2023-06-07,9812
00632R,元大台灣50反1,42,0,42,元大-台中,2023-06-07,9812
4951,精拓科,39,0,39,元大-台中,2023-06-07,9812
3060,銘異,33,0,33,元大-台中,2023-06-07,9812
6125,廣運,37,6,31,元大-台中,2023-06-07,9812
4164,承業醫,26,1,25,元大-台中,2023-06-07,9812
6217,中探針,25,0,25,元大-台中,2023-06-07,9812
2388,威盛,25,1,24,元大-台中,2023-06-07,9812
6235,華孚,25,3,22,元大-台中,2023-06-07,9812
2409,友達,22,1,21,元大-台中,2023-06-07,9812
1217,愛之味,20,0,20,元大-台中,2023-06-07,9812
2867,三商壽,20,0,20,元大-台中,2023-06-07,9812
4114,健喬,20,0,20,元大-台中,2023-06-07,9812
2206,三陽工業,53,35,18,元大-台中,2023-06-07,9812
5340,建榮,18,1,17,元大-台中,2023-06-07,9812
6015,宏遠證,17,0,17,元大-台中,2023-06-07,9812
2618,長榮航,45,29,16,元大-台中,2023-06-07,9812
6733,博晟生醫,30,14,16,元大-台中,2023-06-07,9812
2636,台驊控股,15,0,15,元大-台中,2023-06-07,9812
3706,神達,22,7,15,元大-台中,2023-06-07,9812
3055,蔚華科,18,3,15,元大-台中,2023-06-07,9812
6191,精成科,17,2,15,元大-台中,2023-06-07,9812
2354,鴻準,16,2,14,元大-台中,2023-06-07,9812
00720B,元大投資級公司債,14,0,14,元大-台中,2023-06-07,9812
2471,資通,14,0,14,元大-台中,2023-06-07,9812
2705,六福,19,5,14,元大-台中,2023-06-07,9812
6161,捷波,15,1,14,元大-台中,2023-06-07,9812
1605,華新,22,9,13,元大-台中,2023-06-07,9812
2347,聯強,13,0,13,元大-台中,2023-06-07,9812
1468,昶和,13,0,13,元大-台中,2023-06-07,9812
2402,毅嘉,39,26,13,元大-台中,2023-06-07,9812
2476,鉅祥,12,0,12,元大-台中,2023-06-07,9812
2883B,凱基金乙特,12,0,12,元大-台中,2023-06-07,9812
00882,中信中國高股息,16,5,11,元大-台中,2023-06-07,9812
3711,日月光投控,20,9,11,元大-台中,2023-06-07,9812
2888,新光金,589,29,560,元大-台中,2023-06-08,9812
00687B,國泰20年美債,226,0,226,元大-台中,2023-06-08,9812
6217,中探針,121,0,121,元大-台中,2023-06-08,9812
00720B,元大投資級公司債,108,0,108,元大-台中,2023-06-08,9812
8905,裕國,90,0,90,元大-台中,2023-06-08,9812
2332,友訊,71,0,71,元大-台中,2023-06-08,9812
2359,所羅門,64,2,62,元大-台中,2023-06-08,9812
00679B,元大美債20年,61,0,61,元大-台中,2023-06-08,9812
4744,皇將,59,0,59,元大-台中,2023-06-08,9812
8932,智通*,56,0,56,元大-台中,2023-06-08,9812
1504,東元,149,95,54,元大-台中,2023-06-08,9812
1605,華新,58,5,53,元大-台中,2023-06-08,9812
2344,華邦電,81,34,47,元大-台中,2023-06-08,9812
00680L,元大美債20正2,46,0,46,元大-台中,2023-06-08,9812
2324,仁寶,46,0,46,元大-台中,2023-06-08,9812
3673,TPK-KY,51,5,46,元大-台中,2023-06-08,9812
1101,台泥,45,0,45,元大-台中,2023-06-08,9812
1524,耿鼎,47,2,45,元大-台中,2023-06-08,9812
2706,第一店,85,41,44,元大-台中,2023-06-08,9812
00919,群益台灣精選高息,38,0,38,元大-台中,2023-06-08,9812
5905,南仁湖,32,5,27,元大-台中,2023-06-08,9812
6285,啟��,89,62,27,元大-台中,2023-06-08,9812
2402,毅嘉,46,20,26,元大-台中,2023-06-08,9812
8234,新漢,27,1,26,元大-台中,2023-06-08,9812
00772B,中信高評級公司債,26,0,26,元大-台中,2023-06-08,9812
2617,台航,24,0,24,元大-台中,2023-06-08,9812
1710,東聯,26,4,22,元大-台中,2023-06-08,9812
3483,力致,22,1,21,元大-台中,2023-06-08,9812
5706,鳳凰,51,30,21,元大-台中,2023-06-08,9812
2736,富野,21,1,20,元大-台中,2023-06-08,9812
2312,金寶,27,7,20,元大-台中,2023-06-08,9812
00857B,永豐20年美公債,20,0,20,元大-台中,2023-06-08,9812
1612,宏泰,66,47,19,元大-台中,2023-06-08,9812
2634,漢翔,73,54,19,元大-台中,2023-06-08,9812
1432,大魯閣,22,5,17,元大-台中,2023-06-08,9812
3037,欣興,28,11,17,元大-台中,2023-06-08,9812
4951,精拓科,16,0,16,元大-台中,2023-06-08,9812
00795B,中信美國公債20年,15,0,15,元大-台中,2023-06-08,9812
3006,晶豪科,22,7,15,元大-台中,2023-06-08,9812
3147,大綜,15,0,15,元大-台中,2023-06-08,9812
00706L,期元大S＆P日圓正2,15,0,15,元大-台中,2023-06-08,9812
2462,良得電,15,0,15,元大-台中,2023-06-08,9812
5302,太欣,15,0,15,元大-台中,2023-06-08,9812
4533,協易機,16,1,15,元大-台中,2023-06-08,9812
5301,寶得利,18,3,15,元大-台中,2023-06-08,9812
2317,鴻海,14,1,13,元大-台中,2023-06-08,9812
1806,冠軍,15,3,12,元大-台中,2023-06-08,9812
00637L,元大滬深300正2,32,20,12,元大-台中,2023-06-08,9812
2382,廣達,13,2,11,元大-台中,2023-06-08,9812
6150,撼訊,11,0,11,元大-台中,2023-06-08,9812
00919,群益台灣精選高息,4052,0,4052,元大-台中,2023-06-09,9812
2618,長榮航,935,581,354,元大-台中,2023-06-09,9812
3374,精材,732,448,284,元大-台中,2023-06-09,9812
00688L,國泰20年美債正2,120,0,120,元大-台中,2023-06-09,9812
00900,富邦特選高股息30,101,2,99,元大-台中,2023-06-09,9812
8234,新漢,168,74,94,元大-台中,2023-06-09,9812
2421,建準,128,48,80,元大-台中,2023-06-09,9812
00929,復華台灣科技優息,64,1,63,元大-台中,2023-06-09,9812
6217,中探針,55,0,55,元大-台中,2023-06-09,9812
8932,智通*,50,0,50,元大-台中,2023-06-09,9812
6125,廣運,60,24,36,元大-台中,2023-06-09,9812
6122,擎邦,47,13,34,元大-台中,2023-06-09,9812
00712,復華富時不動產,33,0,33,元大-台中,2023-06-09,9812
00715L,期街口布蘭特正2,31,0,31,元大-台中,2023-06-09,9812
1432,大魯閣,30,1,29,元大-台中,2023-06-09,9812
2409,友達,27,0,27,元大-台中,2023-06-09,9812
4744,皇將,27,0,27,元大-台中,2023-06-09,9812
1504,東元,46,19,27,元大-台中,2023-06-09,9812
3481,群創,65,40,25,元大-台中,2023-06-09,9812
6285,啟��,25,0,25,元大-台中,2023-06-09,9812
6733,博晟生醫,59,34,25,元大-台中,2023-06-09,9812
4951,精拓科,25,0,25,元大-台中,2023-06-09,9812
1612,宏泰,24,1,23,元大-台中,2023-06-09,9812
6596,寬宏藝術,44,21,23,元大-台中,2023-06-09,9812
1609,大亞,141,119,22,元大-台中,2023-06-09,9812
8059,凱碩,25,3,22,元大-台中,2023-06-09,9812
8105,凌巨,22,0,22,元大-台中,2023-06-09,9812
3034,聯詠,24,2,22,元大-台中,2023-06-09,9812
2743,山富,35,14,21,元大-台中,2023-06-09,9812
2356,英業達,102,81,21,元大-台中,2023-06-09,9812
2388,威盛,48,28,20,元大-台中,2023-06-09,9812
3592,瑞鼎,19,0,19,元大-台中,2023-06-09,9812
1533,車王電,28,9,19,元大-台中,2023-06-09,9812
1584,精剛,19,2,17,元大-台中,2023-06-09,9812
1785,光洋科,20,3,17,元大-台中,2023-06-09,9812
2201,裕隆,25,8,17,元大-台中,2023-06-09,9812
3363,上詮,17,1,16,元大-台中,2023-06-09,9812
4543,萬在,17,1,16,元大-台中,2023-06-09,9812
3231,緯創,123,108,15,元大-台中,2023-06-09,9812
3630,新鉅科,16,1,15,元大-台中,2023-06-09,9812
2329,華泰,21,7,14,元大-台中,2023-06-09,9812
6770,力積電,14,0,14,元大-台中,2023-06-09,9812
2634,漢翔,69,56,13,元大-台中,2023-06-09,9812
2034,允強,13,0,13,元大-台中,2023-06-09,9812
1806,冠軍,13,0,13,元大-台中,2023-06-09,9812
6133,金橋,20,7,13,元大-台中,2023-06-09,9812
2402,毅嘉,39,26,13,元大-台中,2023-06-09,9812
1529,樂事綠能,45,33,12,元大-台中,2023-06-09,9812
2427,三商電,20,9,11,元大-台中,2023-06-09,9812
1460,宏遠,11,0,11,元大-台中,2023-06-09,9812
00642U,期元大S＆P石油,110,1,109,元大-台中,2023-06-12,9812
8926,台汽電,114,11,103,元大-台中,2023-06-12,9812
6605,帝寶,102,1,101,元大-台中,2023-06-12,9812
2482,連宇,80,4,76,元大-台中,2023-06-12,9812
00929,復華台灣科技優息,73,3,70,元大-台中,2023-06-12,9812
3576,聯合再生,66,3,63,元大-台中,2023-06-12,9812
00715L,期街口布蘭特正2,68,5,63,元大-台中,2023-06-12,9812
6196,帆宣,56,3,53,元大-台中,2023-06-12,9812
1609,大亞,112,62,50,元大-台中,2023-06-12,9812
3362,先進光,49,2,47,元大-台中,2023-06-12,9812
6244,茂迪,40,0,40,元大-台中,2023-06-12,9812
6129,普誠,40,0,40,元大-台中,2023-06-12,9812
8038,長園科,46,6,40,元大-台中,2023-06-12,9812
3027,盛達,51,16,35,元大-台中,2023-06-12,9812
00665L,富邦�琤肭磪囓�2,35,0,35,元大-台中,2023-06-12,9812
2206,三陽工業,80,46,34,元大-台中,2023-06-12,9812
1101,台泥,36,2,34,元大-台中,2023-06-12,9812
1432,大魯閣,33,2,31,元大-台中,2023-06-12,9812
1217,愛之味,31,0,31,元大-台中,2023-06-12,9812
8932,智通*,31,0,31,元大-台中,2023-06-12,9812
2382,廣達,59,30,29,元大-台中,2023-06-12,9812
2371,大同,41,14,27,元大-台中,2023-06-12,9812
2618,長榮航,92,66,26,元大-台中,2023-06-12,9812
2409,友達,35,14,21,元大-台中,2023-06-12,9812
1460,宏遠,20,0,20,元大-台中,2023-06-12,9812
4951,精拓科,20,0,20,元大-台中,2023-06-12,9812
00712,復華富時不動產,20,0,20,元大-台中,2023-06-12,9812
6167,久正,40,22,18,元大-台中,2023-06-12,9812
1409,新纖,16,0,16,元大-台中,2023-06-12,9812
2812,台中銀,16,0,16,元大-台中,2023-06-12,9812
2427,三商電,18,2,16,元大-台中,2023-06-12,9812
4417,金洲,16,0,16,元大-台中,2023-06-12,9812
3682,亞太電,16,0,16,元大-台中,2023-06-12,9812
00882,中信中國高股息,15,0,15,元大-台中,2023-06-12,9812
5880,合庫金,15,0,15,元大-台中,2023-06-12,9812
2442,新美齊,15,0,15,元大-台中,2023-06-12,9812
3541,西柏,15,0,15,元大-台中,2023-06-12,9812
6179,亞通,17,3,14,元大-台中,2023-06-12,9812
6174,安��,13,0,13,元大-台中,2023-06-12,9812
2891,中信金,22,10,12,元大-台中,2023-06-12,9812
6733,博晟生醫,12,0,12,元大-台中,2023-06-12,9812
6139,亞翔,13,1,12,元大-台中,2023-06-12,9812
2483,百容,12,0,12,元大-台中,2023-06-12,9812
00713,元大台灣高息低波,16,4,12,元大-台中,2023-06-12,9812
6269,台郡,11,0,11,元大-台中,2023-06-12,9812
2610,華航,99,88,11,元大-台中,2023-06-12,9812
00679B,元大美債20年,10,0,10,元大-台中,2023-06-12,9812
1616,億泰,10,0,10,元大-台中,2023-06-12,9812
1701,中化,10,0,10,元大-台中,2023-06-12,9812
6220,岳豐,10,0,10,元大-台中,2023-06-12,9812
4533,協易機,890,527,363,元大-台中,2023-06-13,9812
6235,華孚,317,23,294,元大-台中,2023-06-13,9812
00715L,期街口布蘭特正2,265,0,265,元大-台中,2023-06-13,9812
8926,台汽電,225,5,220,元大-台中,2023-06-13,9812
2888,新光金,215,35,180,元大-台中,2023-06-13,9812
00632R,元大台灣50反1,150,5,145,元大-台中,2023-06-13,9812
00919,群益台灣精選高息,153,10,143,元大-台中,2023-06-13,9812
2371,大同,103,2,101,元大-台中,2023-06-13,9812
00642U,期元大S＆P石油,91,2,89,元大-台中,2023-06-13,9812
2882,國泰金,65,1,64,元大-台中,2023-06-13,9812
2618,長榮航,176,117,59,元大-台中,2023-06-13,9812
2409,友達,52,2,50,元大-台中,2023-06-13,9812
1608,華榮,47,0,47,元大-台中,2023-06-13,9812
5465,富驊,48,4,44,元大-台中,2023-06-13,9812
6220,岳豐,43,0,43,元大-台中,2023-06-13,9812
2883,凱基金,53,13,40,元大-台中,2023-06-13,9812
2303,聯電,58,21,37,元大-台中,2023-06-13,9812
1101,台泥,33,4,29,元大-台中,2023-06-13,9812
1314,中石化,26,0,26,元大-台中,2023-06-13,9812
8932,智通*,26,0,26,元大-台中,2023-06-13,9812
1319,東陽,27,2,25,元大-台中,2023-06-13,9812
00929,復華台灣科技優息,29,5,24,元大-台中,2023-06-13,9812
6282,康舒,36,13,23,元大-台中,2023-06-13,9812
2603,長榮,40,19,21,元大-台中,2023-06-13,9812
2328,廣宇,21,0,21,元大-台中,2023-06-13,9812
2504,國產,21,0,21,元大-台中,2023-06-13,9812
4919,新唐,34,13,21,元大-台中,2023-06-13,9812
2313,華通,21,1,20,元大-台中,2023-06-13,9812
2705,六福,23,3,20,元大-台中,2023-06-13,9812
2449,京元電子,50,31,19,元大-台中,2023-06-13,9812
3202,樺晟,20,1,19,元大-台中,2023-06-13,9812
2363,矽統,20,2,18,元大-台中,2023-06-13,9812
3013,晟銘電,21,3,18,元大-台中,2023-06-13,9812
00712,復華富時不動產,37,19,18,元大-台中,2023-06-13,9812
3265,台星科,16,0,16,元大-台中,2023-06-13,9812
1513,中興電,53,37,16,元大-台中,2023-06-13,9812
3576,聯合再生,17,2,15,元大-台中,2023-06-13,9812
4543,萬在,18,4,14,元大-台中,2023-06-13,9812
2301,光寶科,14,0,14,元大-台中,2023-06-13,9812
2610,華航,281,267,14,元大-台中,2023-06-13,9812
5340,建榮,17,3,14,元大-台中,2023-06-13,9812
4968,立積,19,6,13,元大-台中,2023-06-13,9812
2206,三陽工業,32,19,13,元大-台中,2023-06-13,9812
6517,保勝光學,12,0,12,元大-台中,2023-06-13,9812
8940,新天地,14,2,12,元大-台中,2023-06-13,9812
9939,宏全,12,0,12,元大-台中,2023-06-13,9812
6257,矽格,12,0,12,元大-台中,2023-06-13,9812
1609,大亞,36,24,12,元大-台中,2023-06-13,9812
6596,寬宏藝術,19,7,12,元大-台中,2023-06-13,9812
3374,精材,37,26,11,元大-台中,2023-06-13,9812
2618,長榮航,1598,272,1326,元大-台中,2023-06-14,9812
1314,中石化,159,0,159,元大-台中,2023-06-14,9812
00669R,國泰美國道瓊反1,100,0,100,元大-台中,2023-06-14,9812
1609,大亞,129,35,94,元大-台中,2023-06-14,9812
2476,鉅祥,86,3,83,元大-台中,2023-06-14,9812
2801,彰銀,80,0,80,元大-台中,2023-06-14,9812
1101,台泥,81,7,74,元大-台中,2023-06-14,9812
00893,國泰智能電動車,72,25,47,元大-台中,2023-06-14,9812
3022,威強電,58,20,38,元大-台中,2023-06-14,9812
2705,六福,53,16,37,元大-台中,2023-06-14,9812
6122,擎邦,63,29,34,元大-台中,2023-06-14,9812
00772B,中信高評級公司債,37,3,34,元大-台中,2023-06-14,9812
2356,英業達,146,113,33,元大-台中,2023-06-14,9812
00687B,國泰20年美債,27,0,27,元大-台中,2023-06-14,9812
1785,光洋科,27,0,27,元大-台中,2023-06-14,9812
00679B,元大美債20年,30,5,25,元大-台中,2023-06-14,9812
4744,皇將,26,1,25,元大-台中,2023-06-14,9812
1319,東陽,29,5,24,元大-台中,2023-06-14,9812
00715L,期街口布蘭特正2,27,3,24,元大-台中,2023-06-14,9812
6282,康舒,49,25,24,元大-台中,2023-06-14,9812
1605,華新,26,3,23,元大-台中,2023-06-14,9812
1522,堤維西,74,53,21,元大-台中,2023-06-14,9812
2330,台積電,28,7,21,元大-台中,2023-06-14,9812
1460,宏遠,20,0,20,元大-台中,2023-06-14,9812
5483,中美晶,19,0,19,元大-台中,2023-06-14,9812
4906,正文,21,3,18,元大-台中,2023-06-14,9812
3623,富晶通,18,0,18,元大-台中,2023-06-14,9812
3583,辛耘,29,11,18,元大-台中,2023-06-14,9812
00929,復華台灣科技優息,17,0,17,元大-台中,2023-06-14,9812
2436,偉詮電,19,2,17,元大-台中,2023-06-14,9812
1514,亞力,20,3,17,元大-台中,2023-06-14,9812
2457,飛宏,48,31,17,元大-台中,2023-06-14,9812
8059,凱碩,17,0,17,元大-台中,2023-06-14,9812
5871,中租-KY,17,0,17,元大-台中,2023-06-14,9812
2883,凱基金,20,4,16,元大-台中,2023-06-14,9812
3027,盛達,23,7,16,元大-台中,2023-06-14,9812
00712,復華富時不動產,18,2,16,元大-台中,2023-06-14,9812
5258,虹堡,53,37,16,元大-台中,2023-06-14,9812
2352,佳世達,31,16,15,元大-台中,2023-06-14,9812
2324,仁寶,15,0,15,元大-台中,2023-06-14,9812
2427,三商電,38,23,15,元大-台中,2023-06-14,9812
00706L,期元大S＆P日圓正2,14,0,14,元大-台中,2023-06-14,9812
3714,富采,20,6,14,元大-台中,2023-06-14,9812
2884,玉山金,16,2,14,元大-台中,2023-06-14,9812
8028,昇陽半導體,14,1,13,元大-台中,2023-06-14,9812
3673,TPK-KY,13,0,13,元大-台中,2023-06-14,9812
2206,三陽工業,26,13,13,元大-台中,2023-06-14,9812
4933,友輝,12,0,12,元大-台中,2023-06-14,9812
2888,新光金,38,26,12,元大-台中,2023-06-14,9812
6015,宏遠證,11,0,11,元大-台中,2023-06-14,9812
3706,神達,673,127,546,元大-台中,2023-06-15,9812
5258,虹堡,271,16,255,元大-台中,2023-06-15,9812
1504,東元,258,35,223,元大-台中,2023-06-15,9812
00715L,期街口布蘭特正2,150,20,130,元大-台中,2023-06-15,9812
2888,新光金,107,25,82,元大-台中,2023-06-15,9812
1514,亞力,100,28,72,元大-台中,2023-06-15,9812
3022,威強電,110,45,65,元大-台中,2023-06-15,9812
2331,精英,78,22,56,元大-台中,2023-06-15,9812
00772B,中信高評級公司債,51,0,51,元大-台中,2023-06-15,9812
2801,彰銀,50,2,48,元大-台中,2023-06-15,9812
00642U,期元大S＆P石油,46,0,46,元大-台中,2023-06-15,9812
2883,凱基金,44,1,43,元大-台中,2023-06-15,9812
00671R,富邦NASDAQ反1,40,0,40,元大-台中,2023-06-15,9812
2349,錸德,35,0,35,元大-台中,2023-06-15,9812
2344,華邦電,43,9,34,元大-台中,2023-06-15,9812
2603,長榮,46,13,33,元大-台中,2023-06-15,9812
3617,碩天,32,0,32,元大-台中,2023-06-15,9812
00882,中信中國高股息,31,0,31,元大-台中,2023-06-15,9812
2504,國產,30,0,30,元大-台中,2023-06-15,9812
00919,群益台灣精選高息,35,7,28,元大-台中,2023-06-15,9812
3704,合勤控,28,2,26,元大-台中,2023-06-15,9812
00795B,中信美國公債20年,26,0,26,元大-台中,2023-06-15,9812
3682,亞太電,23,0,23,元大-台中,2023-06-15,9812
6535,順藥,22,0,22,元大-台中,2023-06-15,9812
1522,堤維西,84,62,22,元大-台中,2023-06-15,9812
00878,國泰永續高股息,45,24,21,元大-台中,2023-06-15,9812
3071,協禧,21,0,21,元大-台中,2023-06-15,9812
6217,中探針,20,0,20,元大-台中,2023-06-15,9812
2317,鴻海,39,20,19,元大-台中,2023-06-15,9812
3163,波若威,21,2,19,元大-台中,2023-06-15,9812
3707,漢磊,28,10,18,元大-台中,2023-06-15,9812
2609,陽明,21,4,17,元大-台中,2023-06-15,9812
1102,亞泥,17,0,17,元大-台中,2023-06-15,9812
2705,六福,30,13,17,元大-台中,2023-06-15,9812
3325,旭品,24,8,16,元大-台中,2023-06-15,9812
8076,伍豐,28,12,16,元大-台中,2023-06-15,9812
2882,國泰金,16,0,16,元大-台中,2023-06-15,9812
2457,飛宏,16,1,15,元大-台中,2023-06-15,9812
00902,中信電池及儲能,15,0,15,元大-台中,2023-06-15,9812
1528,恩德,15,1,14,元大-台中,2023-06-15,9812
2892,第一金,14,0,14,元大-台中,2023-06-15,9812
2388,威盛,19,5,14,元大-台中,2023-06-15,9812
2312,金寶,14,0,14,元大-台中,2023-06-15,9812
6235,華孚,24,11,13,元大-台中,2023-06-15,9812
3576,聯合再生,13,0,13,元大-台中,2023-06-15,9812
8059,凱碩,15,2,13,元大-台中,2023-06-15,9812
2836,高雄銀,20,9,11,元大-台中,2023-06-15,9812
3059,華晶科,14,3,11,元大-台中,2023-06-15,9812
00885,富邦越南,11,1,10,元大-台中,2023-06-15,9812
3033,威健,14,4,10,元大-台中,2023-06-15,9812
1513,中興電,485,69,416,元大-台中,2023-06-16,9812
1504,東元,776,577,199,元大-台中,2023-06-16,9812
1605,華新,260,79,181,元大-台中,2023-06-16,9812
2888,新光金,184,29,155,元大-台中,2023-06-16,9812
2883,凱基金,142,1,141,元大-台中,2023-06-16,9812
00669R,國泰美國道瓊反1,101,0,101,元大-台中,2023-06-16,9812
2515,中工,100,0,100,元大-台中,2023-06-16,9812
2002,中鋼,102,25,77,元大-台中,2023-06-16,9812
6217,中探針,63,0,63,元大-台中,2023-06-16,9812
2371,大同,94,48,46,元大-台中,2023-06-16,9812
2610,華航,596,554,42,元大-台中,2023-06-16,9812
2801,彰銀,54,12,42,元大-台中,2023-06-16,9812
2444,兆勁,43,2,41,元大-台中,2023-06-16,9812
2104,國際中橡,42,2,40,元大-台中,2023-06-16,9812
00671R,富邦NASDAQ反1,40,0,40,元大-台中,2023-06-16,9812
3652,精聯,38,1,37,元大-台中,2023-06-16,9812
3060,銘異,36,0,36,元大-台中,2023-06-16,9812
2317,鴻海,39,7,32,元大-台中,2023-06-16,9812
8059,凱碩,32,0,32,元大-台中,2023-06-16,9812
2834,臺企銀,28,0,28,元大-台中,2023-06-16,9812
00891,中信關鍵半導體,25,0,25,元大-台中,2023-06-16,9812
6657,華安,25,0,25,元大-台中,2023-06-16,9812
8234,新漢,25,0,25,元大-台中,2023-06-16,9812
2886,兆豐金,23,0,23,元大-台中,2023-06-16,9812
1529,樂事綠能,36,15,21,元大-台中,2023-06-16,9812
00751B,元大AAA至A公司債,20,0,20,元大-台中,2023-06-16,9812
2617,台航,20,0,20,元大-台中,2023-06-16,9812
1309,台達化,20,0,20,元大-台中,2023-06-16,9812
6443,元晶,19,1,18,元大-台中,2023-06-16,9812
2891,中信金,20,2,18,元大-台中,2023-06-16,9812
1609,大亞,108,90,18,元大-台中,2023-06-16,9812
2427,三商電,30,13,17,元大-台中,2023-06-16,9812
5386,青雲,23,6,17,元大-台中,2023-06-16,9812
4121,優盛,18,1,17,元大-台中,2023-06-16,9812
6550,北極星藥業-KY,21,4,17,元大-台中,2023-06-16,9812
00720B,元大投資級公司債,16,0,16,元大-台中,2023-06-16,9812
1608,華榮,27,11,16,元大-台中,2023-06-16,9812
3022,威強電,19,3,16,元大-台中,2023-06-16,9812
4564,元翎,22,7,15,元大-台中,2023-06-16,9812
4566,時碩工業,22,8,14,元大-台中,2023-06-16,9812
6770,力積電,21,7,14,元大-台中,2023-06-16,9812
00929,復華台灣科技優息,12,0,12,元大-台中,2023-06-16,9812
5880,合庫金,12,0,12,元大-台中,2023-06-16,9812
2342,茂矽,12,0,12,元大-台中,2023-06-16,9812
3163,波若威,18,6,12,元大-台中,2023-06-16,9812
4938,和碩,20,8,12,元大-台中,2023-06-16,9812
5706,鳳凰,16,5,11,元大-台中,2023-06-16,9812
2390,云辰,11,0,11,元大-台中,2023-06-16,9812
3707,漢磊,18,7,11,元大-台中,2023-06-16,9812
2812,台中銀,11,0,11,元大-台中,2023-06-16,9812
2344,華邦電,309,5,304,元大-台中,2023-06-19,9812
00753L,中信中國50正2,123,0,123,元大-台中,2023-06-19,9812
2454,聯發科,107,21,86,元大-台中,2023-06-19,9812
00637L,元大滬深300正2,92,10,82,元大-台中,2023-06-19,9812
2883,凱基金,184,113,71,元大-台中,2023-06-19,9812
00673R,期元大S＆P原油反1,60,0,60,元大-台中,2023-06-19,9812
00878,國泰永續高股息,57,10,47,元大-台中,2023-06-19,9812
6120,達運,64,22,42,元大-台中,2023-06-19,9812
1609,大亞,67,29,38,元大-台中,2023-06-19,9812
1440,南紡,35,0,35,元大-台中,2023-06-19,9812
4533,協易機,39,5,34,元大-台中,2023-06-19,9812
2504,國產,35,1,34,元大-台中,2023-06-19,9812
1218,泰山,33,0,33,元大-台中,2023-06-19,9812
2312,金寶,66,33,33,元大-台中,2023-06-19,9812
4960,誠美材,35,4,31,元大-台中,2023-06-19,9812
1504,東元,123,93,30,元大-台中,2023-06-19,9812
2104,國際中橡,34,5,29,元大-台中,2023-06-19,9812
2014,中鴻,28,1,27,元大-台中,2023-06-19,9812
00929,復華台灣科技優息,26,0,26,元大-台中,2023-06-19,9812
5706,鳳凰,40,15,25,元大-台中,2023-06-19,9812
00919,群益台灣精選高息,25,0,25,元大-台中,2023-06-19,9812
8271,宇瞻,25,0,25,元大-台中,2023-06-19,9812
2913,農林,40,15,25,元大-台中,2023-06-19,9812
3356,奇偶,30,5,25,元大-台中,2023-06-19,9812
6282,康舒,29,6,23,元大-台中,2023-06-19,9812
2388,威盛,26,3,23,元大-台中,2023-06-19,9812
1471,首利,34,13,21,元大-台中,2023-06-19,9812
2324,仁寶,30,9,21,元大-台中,2023-06-19,9812
3049,精金,22,2,20,元大-台中,2023-06-19,9812
2025,千興,20,0,20,元大-台中,2023-06-19,9812
2882,國泰金,21,3,18,元大-台中,2023-06-19,9812
8215,明基材,20,3,17,元大-台中,2023-06-19,9812
2421,建準,27,11,16,元大-台中,2023-06-19,9812
1519,華城,45,29,16,元大-台中,2023-06-19,9812
2317,鴻海,39,24,15,元大-台中,2023-06-19,9812
2392,正崴,16,1,15,元大-台中,2023-06-19,9812
1536,和大,14,0,14,元大-台中,2023-06-19,9812
3058,立德,14,1,13,元大-台中,2023-06-19,9812
9110,越南控-DR,13,0,13,元大-台中,2023-06-19,9812
2108,南帝,12,0,12,元大-台中,2023-06-19,9812
3033,威健,12,0,12,元大-台中,2023-06-19,9812
6148,驊宏資,34,22,12,元大-台中,2023-06-19,9812
4123,晟德,11,0,11,元大-台中,2023-06-19,9812
1529,樂事綠能,17,6,11,元大-台中,2023-06-19,9812
8150,南茂,11,0,11,元大-台中,2023-06-19,9812
8905,裕國,11,0,11,元大-台中,2023-06-19,9812
6215,和椿,12,1,11,元大-台中,2023-06-19,9812
9907,統一實,11,0,11,元大-台中,2023-06-19,9812
1304,台聚,12,1,11,元大-台中,2023-06-19,9812
3231,緯創,80,70,10,元大-台中,2023-06-19,9812
2610,華航,1358,385,973,元大-台中,2023-06-20,9812
3049,精金,541,1,540,元大-台中,2023-06-20,9812
5009,榮剛,85,9,76,元大-台中,2023-06-20,9812
6290,良維,87,21,66,元大-台中,2023-06-20,9812
2376,技嘉,88,23,65,元大-台中,2023-06-20,9812
2409,友達,59,5,54,元大-台中,2023-06-20,9812
2748,雲品,267,216,51,元大-台中,2023-06-20,9812
2801,彰銀,100,50,50,元大-台中,2023-06-20,9812
1504,東元,263,216,47,元大-台中,2023-06-20,9812
00878,國泰永續高股息,60,20,40,元大-台中,2023-06-20,9812
2230,泰茂,40,3,37,元大-台中,2023-06-20,9812
1528,恩德,55,24,31,元大-台中,2023-06-20,9812
2634,漢翔,123,94,29,元大-台中,2023-06-20,9812
1101,台泥,29,1,28,元大-台中,2023-06-20,9812
1802,台玻,35,7,28,元大-台中,2023-06-20,9812
6443,元晶,28,5,23,元大-台中,2023-06-20,9812
4510,高鋒,23,2,21,元大-台中,2023-06-20,9812
3356,奇偶,23,2,21,元大-台中,2023-06-20,9812
00680L,元大美債20正2,20,0,20,元大-台中,2023-06-20,9812
5864,致和證,20,0,20,元大-台中,2023-06-20,9812
2468,華經,48,28,20,元大-台中,2023-06-20,9812
1612,宏泰,29,9,20,元大-台中,2023-06-20,9812
2476,鉅祥,19,0,19,元大-台中,2023-06-20,9812
3714,富采,22,3,19,元大-台中,2023-06-20,9812
2706,第一店,29,10,19,元大-台中,2023-06-20,9812
4916,事欣科,243,227,16,元大-台中,2023-06-20,9812
3205,佰研,18,2,16,元大-台中,2023-06-20,9812
00637L,元大滬深300正2,66,50,16,元大-台中,2023-06-20,9812
3078,僑威,35,19,16,元大-台中,2023-06-20,9812
3264,欣銓,15,0,15,元大-台中,2023-06-20,9812
2337,旺宏,20,6,14,元大-台中,2023-06-20,9812
2340,台亞,14,0,14,元大-台中,2023-06-20,9812
1605,華新,34,20,14,元大-台中,2023-06-20,9812
2323,中環,30,17,13,元大-台中,2023-06-20,9812
2312,金寶,20,7,13,元大-台中,2023-06-20,9812
4744,皇將,15,2,13,元大-台中,2023-06-20,9812
1319,東陽,18,6,12,元大-台中,2023-06-20,9812
4526,東台,12,0,12,元大-台中,2023-06-20,9812
3564,其陽,18,6,12,元大-台中,2023-06-20,9812
2427,三商電,59,47,12,元大-台中,2023-06-20,9812
3047,訊舟,12,0,12,元大-台中,2023-06-20,9812
2027,大成鋼,11,0,11,元大-台中,2023-06-20,9812
00929,復華台灣科技優息,21,10,11,元大-台中,2023-06-20,9812
3056,富華新,15,4,11,元大-台中,2023-06-20,9812
2025,千興,10,0,10,元大-台中,2023-06-20,9812
4533,協易機,10,0,10,元大-台中,2023-06-20,9812
1460,宏遠,10,0,10,元大-台中,2023-06-20,9812
2489,瑞軒,10,0,10,元大-台中,2023-06-20,9812
8358,金居,15,5,10,元大-台中,2023-06-20,9812
4438,廣越,10,0,10,元大-台中,2023-06-20,9812
2340,台亞,415,7,408,元大-台中,2023-06-21,9812
6125,廣運,321,7,314,元大-台中,2023-06-21,9812
2618,長榮航,272,39,233,元大-台中,2023-06-21,9812
3035,智原,106,10,96,元大-台中,2023-06-21,9812
8932,智通*,82,0,82,元大-台中,2023-06-21,9812
00632R,元大台灣50反1,88,11,77,元大-台中,2023-06-21,9812
2705,六福,145,71,74,元大-台中,2023-06-21,9812
3034,聯詠,63,0,63,元大-台中,2023-06-21,9812
2371,大同,126,77,49,元大-台中,2023-06-21,9812
6005,群益證,50,2,48,元大-台中,2023-06-21,9812
6120,達運,50,3,47,元大-台中,2023-06-21,9812
2312,金寶,48,10,38,元大-台中,2023-06-21,9812
2702,華園,50,13,37,元大-台中,2023-06-21,9812
00674R,期元大S＆P黃金反1,33,0,33,元大-台中,2023-06-21,9812
3706,神達,44,12,32,元大-台中,2023-06-21,9812
2489,瑞軒,30,2,28,元大-台中,2023-06-21,9812
2634,漢翔,193,167,26,元大-台中,2023-06-21,9812
2476,鉅祥,31,5,26,元大-台中,2023-06-21,9812
00673R,期元大S＆P原油反1,26,0,26,元大-台中,2023-06-21,9812
3003,健和興,37,13,24,元大-台中,2023-06-21,9812
3564,其陽,23,2,21,元大-台中,2023-06-21,9812
6182,合晶,17,1,16,元大-台中,2023-06-21,9812
4766,南寶,16,0,16,元大-台中,2023-06-21,9812
6217,中探針,23,7,16,元大-台中,2023-06-21,9812
00713,元大台灣高息低波,17,2,15,元大-台中,2023-06-21,9812
4916,事欣科,70,55,15,元大-台中,2023-06-21,9812
6161,捷波,15,0,15,元大-台中,2023-06-21,9812
6584,南俊國際,18,4,14,元大-台中,2023-06-21,9812
6244,茂迪,17,3,14,元大-台中,2023-06-21,9812
5425,台半,23,10,13,元大-台中,2023-06-21,9812
1605,華新,13,0,13,元大-台中,2023-06-21,9812
2409,友達,218,205,13,元大-台中,2023-06-21,9812
5383,金利,12,0,12,元大-台中,2023-06-21,9812
2324,仁寶,15,3,12,元大-台中,2023-06-21,9812
3056,富華新,13,2,11,元大-台中,2023-06-21,9812
00919,群益台灣精選高息,11,0,11,元大-台中,2023-06-21,9812
3047,訊舟,10,0,10,元大-台中,2023-06-21,9812
6603,富強鑫,10,0,10,元大-台中,2023-06-21,9812
3479,安勤,10,0,10,元大-台中,2023-06-21,9812
4433,興采,10,0,10,元大-台中,2023-06-21,9812
00891,中信關鍵半導體,10,0,10,元大-台中,2023-06-21,9812
1721,三晃,10,0,10,元大-台中,2023-06-21,9812
1570,力肯,10,0,10,元大-台中,2023-06-21,9812
8277,商丞,10,0,10,元大-台中,2023-06-21,9812
4934,太極,15,5,10,元大-台中,2023-06-21,9812
00882,中信中國高股息,10,0,10,元大-台中,2023-06-21,9812
1471,首利,28,19,9,元大-台中,2023-06-21,9812
3591,艾笛森,9,0,9,元大-台中,2023-06-21,9812
5483,中美晶,9,1,8,元大-台中,2023-06-21,9812
1449,佳和,9,1,8,元大-台中,2023-06-21,9812
00637L,元大滬深300正2,252,0,252,元大-台中,2023-06-26,9812
6188,廣明,650,402,248,元大-台中,2023-06-26,9812
3481,群創,162,29,133,元大-台中,2023-06-26,9812
3058,立德,125,0,125,元大-台中,2023-06-26,9812
4533,協易機,120,0,120,元大-台中,2023-06-26,9812
6217,中探針,91,2,89,元大-台中,2023-06-26,9812
00715L,期街口布蘭特正2,86,1,85,元大-台中,2023-06-26,9812
2885,元大金,73,4,69,元大-台中,2023-06-26,9812
6743,安普新,60,0,60,元大-台中,2023-06-26,9812
00893,國泰智能電動車,77,20,57,元大-台中,2023-06-26,9812
2887,台新金,54,0,54,元大-台中,2023-06-26,9812
2344,華邦電,108,58,50,元大-台中,2023-06-26,9812
00882,中信中國高股息,47,0,47,元大-台中,2023-06-26,9812
1467,南緯,40,0,40,元大-台中,2023-06-26,9812
5009,榮剛,49,9,40,元大-台中,2023-06-26,9812
2303,聯電,48,19,29,元大-台中,2023-06-26,9812
2353,宏��,35,7,28,元大-台中,2023-06-26,9812
2610,華航,148,122,26,元大-台中,2023-06-26,9812
2634,漢翔,48,23,25,元大-台中,2023-06-26,9812
00679B,元大美債20年,27,2,25,元大-台中,2023-06-26,9812
3037,欣興,29,5,24,元大-台中,2023-06-26,9812
2371,大同,77,53,24,元大-台中,2023-06-26,9812
9105,泰金寶-DR,42,18,24,元大-台中,2023-06-26,9812
2468,華經,24,1,23,元大-台中,2023-06-26,9812
6116,彩晶,26,6,20,元大-台中,2023-06-26,9812
3356,奇偶,26,6,20,元大-台中,2023-06-26,9812
2201,裕隆,18,1,17,元大-台中,2023-06-26,9812
6244,茂迪,19,2,17,元大-台中,2023-06-26,9812
2323,中環,38,22,16,元大-台中,2023-06-26,9812
4549,桓達,16,0,16,元大-台中,2023-06-26,9812
2063,世鎧,16,0,16,元大-台中,2023-06-26,9812
4951,精拓科,16,0,16,元大-台中,2023-06-26,9812
4566,時碩工業,36,20,16,元大-台中,2023-06-26,9812
1605,華新,17,1,16,元大-台中,2023-06-26,9812
00903,富邦元宇宙,15,0,15,元大-台中,2023-06-26,9812
00642U,期元大S＆P石油,15,0,15,元大-台中,2023-06-26,9812
6577,勁豐,15,0,15,元大-台中,2023-06-26,9812
3078,僑威,24,10,14,元大-台中,2023-06-26,9812
3202,樺晟,14,0,14,元大-台中,2023-06-26,9812
2402,毅嘉,13,0,13,元大-台中,2023-06-26,9812
2368,金像電,21,8,13,元大-台中,2023-06-26,9812
4503,金雨,22,10,12,元大-台中,2023-06-26,9812
2882,國泰金,14,2,12,元大-台中,2023-06-26,9812
6219,富旺,19,7,12,元大-台中,2023-06-26,9812
2108,南帝,12,0,12,元大-台中,2023-06-26,9812
1504,東元,84,72,12,元大-台中,2023-06-26,9812
8069,元太,60,48,12,元大-台中,2023-06-26,9812
1907,永豐餘,29,17,12,元大-台中,2023-06-26,9812
8215,明基材,11,0,11,元大-台中,2023-06-26,9812
6223,旺矽,12,1,11,元大-台中,2023-06-26,9812
8450,霹靂,784,2,782,元大-台中,2023-06-27,9812
3058,立德,270,6,264,元大-台中,2023-06-27,9812
2303,聯電,276,18,258,元大-台中,2023-06-27,9812
6125,廣運,114,10,104,元大-台中,2023-06-27,9812
3481,群創,175,77,98,元大-台中,2023-06-27,9812
3056,富華新,86,5,81,元大-台中,2023-06-27,9812
2344,華邦電,87,7,80,元大-台中,2023-06-27,9812
2504,國產,77,1,76,元大-台中,2023-06-27,9812
1605,華新,64,8,56,元大-台中,2023-06-27,9812
2409,友達,68,16,52,元大-台中,2023-06-27,9812
2634,漢翔,47,4,43,元大-台中,2023-06-27,9812
00929,復華台灣科技優息,38,1,37,元大-台中,2023-06-27,9812
4951,精拓科,37,0,37,元大-台中,2023-06-27,9812
2883,凱基金,33,1,32,元大-台中,2023-06-27,9812
6288,聯嘉,31,0,31,元大-台中,2023-06-27,9812
1513,中興電,111,84,27,元大-台中,2023-06-27,9812
6657,華安,48,24,24,元大-台中,2023-06-27,9812
00665L,富邦�琤肭磪囓�2,24,0,24,元大-台中,2023-06-27,9812
00673R,期元大S＆P原油反1,21,0,21,元大-台中,2023-06-27,9812
6191,精成科,24,3,21,元大-台中,2023-06-27,9812
2317,鴻海,28,7,21,元大-台中,2023-06-27,9812
4108,懷特,21,1,20,元大-台中,2023-06-27,9812
3122,笙泉,19,0,19,元大-台中,2023-06-27,9812
3049,精金,38,20,18,元大-台中,2023-06-27,9812
2913,農林,17,0,17,元大-台中,2023-06-27,9812
2888,新光金,17,0,17,元大-台中,2023-06-27,9812
4916,事欣科,20,3,17,元大-台中,2023-06-27,9812
3682,亞太電,15,0,15,元大-台中,2023-06-27,9812
2911,麗嬰房,15,0,15,元大-台中,2023-06-27,9812
00713,元大台灣高息低波,20,5,15,元大-台中,2023-06-27,9812
1905,華紙,41,27,14,元大-台中,2023-06-27,9812
2449,京元電子,17,3,14,元大-台中,2023-06-27,9812
6116,彩晶,19,5,14,元大-台中,2023-06-27,9812
8038,長園科,13,0,13,元大-台中,2023-06-27,9812
3038,全台,39,26,13,元大-台中,2023-06-27,9812
2354,鴻準,16,4,12,元大-台中,2023-06-27,9812
3532,台勝科,15,3,12,元大-台中,2023-06-27,9812
2201,裕隆,12,0,12,元大-台中,2023-06-27,9812
4566,時碩工業,18,6,12,元大-台中,2023-06-27,9812
2457,飛宏,16,4,12,元大-台中,2023-06-27,9812
00706L,期元大S＆P日圓正2,12,0,12,元大-台中,2023-06-27,9812
00919,群益台灣精選高息,21,10,11,元大-台中,2023-06-27,9812
1528,恩德,11,0,11,元大-台中,2023-06-27,9812
2312,金寶,17,6,11,元大-台中,2023-06-27,9812
6550,北極星藥業-KY,27,16,11,元大-台中,2023-06-27,9812
6470,宇智,14,3,11,元大-台中,2023-06-27,9812
2323,中環,69,58,11,元大-台中,2023-06-27,9812
1313,聯成,11,1,10,元大-台中,2023-06-27,9812
00902,中信電池及儲能,10,0,10,元大-台中,2023-06-27,9812
2425,承啟,10,0,10,元大-台中,2023-06-27,9812
00715L,期街口布蘭特正2,318,1,317,元大-台中,2023-06-28,9812
3056,富華新,183,3,180,元大-台中,2023-06-28,9812
00885,富邦越南,183,10,173,元大-台中,2023-06-28,9812
2303,聯電,129,3,126,元大-台中,2023-06-28,9812
6125,廣運,108,6,102,元大-台中,2023-06-28,9812
2888,新光金,108,6,102,元大-台中,2023-06-28,9812
1605,華新,125,44,81,元大-台中,2023-06-28,9812
00632R,元大台灣50反1,78,12,66,元大-台中,2023-06-28,9812
3035,智原,73,12,61,元大-台中,2023-06-28,9812
2883,凱基金,56,0,56,元大-台中,2023-06-28,9812
3481,群創,50,15,35,元大-台中,2023-06-28,9812
2618,長榮航,140,109,31,元大-台中,2023-06-28,9812
1444,力麗,34,4,30,元大-台中,2023-06-28,9812
2388,威盛,32,3,29,元大-台中,2023-06-28,9812
1471,首利,52,23,29,元大-台中,2023-06-28,9812
2230,泰茂,91,63,28,元大-台中,2023-06-28,9812
00642U,期元大S＆P石油,24,0,24,元大-台中,2023-06-28,9812
6451,訊芯-KY,20,2,18,元大-台中,2023-06-28,9812
2476,鉅祥,18,0,18,元大-台中,2023-06-28,9812
3060,銘異,18,0,18,元大-台中,2023-06-28,9812
2427,三商電,55,38,17,元大-台中,2023-06-28,9812
2323,中環,18,2,16,元大-台中,2023-06-28,9812
6111,大宇資,26,11,15,元大-台中,2023-06-28,9812
3078,僑威,25,10,15,元大-台中,2023-06-28,9812
3518,柏騰,15,0,15,元大-台中,2023-06-28,9812
2609,陽明,30,16,14,元大-台中,2023-06-28,9812
3034,聯詠,20,6,14,元大-台中,2023-06-28,9812
4109,加捷生醫,13,0,13,元大-台中,2023-06-28,9812
2801,彰銀,13,0,13,元大-台中,2023-06-28,9812
4564,元翎,17,4,13,元大-台中,2023-06-28,9812
00891,中信關鍵半導體,12,0,12,元大-台中,2023-06-28,9812
6179,亞通,14,2,12,元大-台中,2023-06-28,9812
1528,恩德,14,2,12,元大-台中,2023-06-28,9812
2634,漢翔,34,23,11,元大-台中,2023-06-28,9812
4121,優盛,18,8,10,元大-台中,2023-06-28,9812
3576,聯合再生,10,0,10,元大-台中,2023-06-28,9812
6506,雙邦,10,0,10,元大-台中,2023-06-28,9812
3701,大眾控,10,0,10,元大-台中,2023-06-28,9812
1616,億泰,10,0,10,元大-台中,2023-06-28,9812
2408,南亞科,22,12,10,元大-台中,2023-06-28,9812
4123,晟德,18,8,10,元大-台中,2023-06-28,9812
1909,榮成,10,0,10,元大-台中,2023-06-28,9812
1513,中興電,29,19,10,元大-台中,2023-06-28,9812
00637L,元大滬深300正2,80,71,9,元大-台中,2023-06-28,9812
8105,凌巨,10,1,9,元大-台中,2023-06-28,9812
6244,茂迪,10,1,9,元大-台中,2023-06-28,9812
6155,鈞寶,9,0,9,元大-台中,2023-06-28,9812
00720B,元大投資級公司債,10,1,9,元大-台中,2023-06-28,9812
1101,台泥,13,5,8,元大-台中,2023-06-28,9812
2482,連宇,8,0,8,元大-台中,2023-06-28,9812
2888,新光金,582,2,580,元大-台中,2023-06-29,9812
2323,中環,424,6,418,元大-台中,2023-06-29,9812
1605,華新,357,9,348,元大-台中,2023-06-29,9812
9958,世紀鋼,301,106,195,元大-台中,2023-06-29,9812
4414,如興,148,3,145,元大-台中,2023-06-29,9812
2371,大同,108,22,86,元大-台中,2023-06-29,9812
2882,國泰金,56,0,56,元大-台中,2023-06-29,9812
2885,元大金,64,17,47,元大-台中,2023-06-29,9812
4157,太景*-KY,120,74,46,元大-台中,2023-06-29,9812
6451,訊芯-KY,268,222,46,元大-台中,2023-06-29,9812
4763,材料-KY,72,34,38,元大-台中,2023-06-29,9812
00673R,期元大S＆P原油反1,36,0,36,元大-台中,2023-06-29,9812
2634,漢翔,38,4,34,元大-台中,2023-06-29,9812
00712,復華富時不動產,37,4,33,元大-台中,2023-06-29,9812
2603,長榮,44,12,32,元大-台中,2023-06-29,9812
3056,富華新,34,3,31,元大-台中,2023-06-29,9812
2504,國產,33,3,30,元大-台中,2023-06-29,9812
1584,精剛,35,6,29,元大-台中,2023-06-29,9812
4543,萬在,31,4,27,元大-台中,2023-06-29,9812
4908,前鼎,26,1,25,元大-台中,2023-06-29,9812
00882,中信中國高股息,23,0,23,元大-台中,2023-06-29,9812
3706,神達,26,4,22,元大-台中,2023-06-29,9812
3447,展達,22,1,21,元大-台中,2023-06-29,9812
3025,星通,29,8,21,元大-台中,2023-06-29,9812
2419,仲琦,133,113,20,元大-台中,2023-06-29,9812
6257,矽格,20,1,19,元大-台中,2023-06-29,9812
1802,台玻,18,0,18,元大-台中,2023-06-29,9812
3035,智原,134,117,17,元大-台中,2023-06-29,9812
8150,南茂,16,0,16,元大-台中,2023-06-29,9812
2883,凱基金,16,0,16,元大-台中,2023-06-29,9812
2353,宏��,19,3,16,元大-台中,2023-06-29,9812
4121,優盛,17,2,15,元大-台中,2023-06-29,9812
6770,力積電,16,2,14,元大-台中,2023-06-29,9812
3380,明泰,27,13,14,元大-台中,2023-06-29,9812
1314,中石化,14,0,14,元大-台中,2023-06-29,9812
2609,陽明,20,7,13,元大-台中,2023-06-29,9812
2356,英業達,27,14,13,元大-台中,2023-06-29,9812
00919,群益台灣精選高息,13,0,13,元大-台中,2023-06-29,9812
2002,中鋼,13,1,12,元大-台中,2023-06-29,9812
00632R,元大台灣50反1,34,22,12,元大-台中,2023-06-29,9812
3430,奇鈦科,12,0,12,元大-台中,2023-06-29,9812
3163,波若威,12,1,11,元大-台中,2023-06-29,9812
1444,力麗,12,1,11,元大-台中,2023-06-29,9812
2489,瑞軒,11,0,11,元大-台中,2023-06-29,9812
2897,王道銀行,10,0,10,元大-台中,2023-06-29,9812
6168,宏齊,10,0,10,元大-台中,2023-06-29,9812
4173,久裕,10,0,10,元大-台中,2023-06-29,9812
6613,朋億*,10,0,10,元大-台中,2023-06-29,9812
8234,新漢,15,5,10,元大-台中,2023-06-29,9812
3481,群創,43,34,9,元大-台中,2023-06-29,9812
2603,長榮,936,436,500,元大-台中,2023-06-30,9812
4414,如興,537,40,497,元大-台中,2023-06-30,9812
00687B,國泰20年美債,366,1,365,元大-台中,2023-06-30,9812
2888,新光金,218,1,217,元大-台中,2023-06-30,9812
2618,長榮航,222,51,171,元大-台中,2023-06-30,9812
00680L,元大美債20正2,97,2,95,元大-台中,2023-06-30,9812
2313,華通,80,0,80,元大-台中,2023-06-30,9812
2882,國泰金,68,5,63,元大-台中,2023-06-30,9812
2482,連宇,68,8,60,元大-台中,2023-06-30,9812
2913,農林,62,7,55,元大-台中,2023-06-30,9812
2885,元大金,56,2,54,元大-台中,2023-06-30,9812
1513,中興電,88,41,47,元大-台中,2023-06-30,9812
2344,華邦電,52,11,41,元大-台中,2023-06-30,9812
2332,友訊,51,10,41,元大-台中,2023-06-30,9812
3362,先進光,40,1,39,元大-台中,2023-06-30,9812
6806,森崴能源,61,23,38,元大-台中,2023-06-30,9812
4121,優盛,55,18,37,元大-台中,2023-06-30,9812
2349,錸德,33,0,33,元大-台中,2023-06-30,9812
4157,太景*-KY,48,16,32,元大-台中,2023-06-30,9812
00688L,國泰20年美債正2,31,0,31,元大-台中,2023-06-30,9812
1904,正隆,33,2,31,元大-台中,2023-06-30,9812
2323,中環,32,4,28,元大-台中,2023-06-30,9812
2883,凱基金,31,4,27,元大-台中,2023-06-30,9812
00673R,期元大S＆P原油反1,27,0,27,元大-台中,2023-06-30,9812
2371,大同,61,37,24,元大-台中,2023-06-30,9812
00706L,期元大S＆P日圓正2,24,0,24,元大-台中,2023-06-30,9812
2324,仁寶,20,0,20,元大-台中,2023-06-30,9812
9907,統一實,32,12,20,元大-台中,2023-06-30,9812
3038,全台,18,0,18,元大-台中,2023-06-30,9812
3205,佰研,17,0,17,元大-台中,2023-06-30,9812
2515,中工,18,1,17,元大-台中,2023-06-30,9812
4908,前鼎,16,0,16,元大-台中,2023-06-30,9812
6142,友勁,20,4,16,元大-台中,2023-06-30,9812
4175,杏一,27,12,15,元大-台中,2023-06-30,9812
00882,中信中國高股息,15,1,14,元大-台中,2023-06-30,9812
4173,久裕,15,1,14,元大-台中,2023-06-30,9812
8163,達方,20,6,14,元大-台中,2023-06-30,9812
2409,友達,19,6,13,元大-台中,2023-06-30,9812
00885,富邦越南,13,0,13,元大-台中,2023-06-30,9812
2303,聯電,13,1,12,元大-台中,2023-06-30,9812
5388,中磊,11,0,11,元大-台中,2023-06-30,9812
1616,億泰,11,0,11,元大-台中,2023-06-30,9812
4105,東洋,21,10,11,元大-台中,2023-06-30,9812
2426,鼎元,13,2,11,元大-台中,2023-06-30,9812
6282,康舒,31,20,11,元大-台中,2023-06-30,9812
2504,國產,10,0,10,元大-台中,2023-06-30,9812
2886,兆豐金,10,0,10,元大-台中,2023-06-30,9812
3014,聯陽,11,1,10,元大-台中,2023-06-30,9812
00900,富邦特選高股息30,10,0,10,元大-台中,2023-06-30,9812
1714,和桐,10,0,10,元大-台中,2023-06-30,9812
4414,如興,313,1,312,元大-台中,2023-07-03,9812
5864,致和證,231,1,230,元大-台中,2023-07-03,9812
3324,雙鴻,202,16,186,元大-台中,2023-07-03,9812
2388,威盛,132,47,85,元大-台中,2023-07-03,9812
2618,長榮航,120,51,69,元大-台中,2023-07-03,9812
3380,明泰,77,22,55,元大-台中,2023-07-03,9812
6142,友勁,101,51,50,元大-台中,2023-07-03,9812
3706,神達,66,20,46,元大-台中,2023-07-03,9812
4906,正文,54,11,43,元大-台中,2023-07-03,9812
2421,建準,78,36,42,元大-台中,2023-07-03,9812
00673R,期元大S＆P原油反1,41,0,41,元大-台中,2023-07-03,9812
6806,森崴能源,51,13,38,元大-台中,2023-07-03,9812
4967,十銓,37,0,37,元大-台中,2023-07-03,9812
2883,凱基金,53,20,33,元大-台中,2023-07-03,9812
4105,東洋,31,0,31,元大-台中,2023-07-03,9812
6243,迅杰,33,6,27,元大-台中,2023-07-03,9812
3673,TPK-KY,26,0,26,元大-台中,2023-07-03,9812
2371,大同,59,34,25,元大-台中,2023-07-03,9812
2486,一詮,39,15,24,元大-台中,2023-07-03,9812
3646,艾恩特,24,0,24,元大-台中,2023-07-03,9812
1102,亞泥,23,0,23,元大-台中,2023-07-03,9812
6441,廣錠,33,10,23,元大-台中,2023-07-03,9812
2498,宏達電,26,3,23,元大-台中,2023-07-03,9812
1605,華新,44,22,22,元大-台中,2023-07-03,9812
2313,華通,22,0,22,元大-台中,2023-07-03,9812
2337,旺宏,23,1,22,元大-台中,2023-07-03,9812
3596,智易,22,1,21,元大-台中,2023-07-03,9812
2641,正德,20,0,20,元大-台中,2023-07-03,9812
2303,聯電,25,5,20,元大-台中,2023-07-03,9812
6841,長佳智能,23,5,18,元大-台中,2023-07-03,9812
1314,中石化,17,0,17,元大-台中,2023-07-03,9812
6188,廣明,45,28,17,元大-台中,2023-07-03,9812
3017,奇鋐,54,38,16,元大-台中,2023-07-03,9812
2382,廣達,97,81,16,元大-台中,2023-07-03,9812
2408,南亞科,18,3,15,元大-台中,2023-07-03,9812
1309,台達化,15,0,15,元大-台中,2023-07-03,9812
2356,英業達,40,26,14,元大-台中,2023-07-03,9812
6217,中探針,14,0,14,元大-台中,2023-07-03,9812
3666,光耀,14,0,14,元大-台中,2023-07-03,9812
1609,大亞,35,21,14,元大-台中,2023-07-03,9812
4916,事欣科,18,5,13,元大-台中,2023-07-03,9812
2812,台中銀,13,0,13,元大-台中,2023-07-03,9812
3376,新日興,12,0,12,元大-台中,2023-07-03,9812
2897,王道銀行,12,0,12,元大-台中,2023-07-03,9812
020038,元大ESG配息N,12,0,12,元大-台中,2023-07-03,9812
1795,美時,14,2,12,元大-台中,2023-07-03,9812
5258,虹堡,14,3,11,元大-台中,2023-07-03,9812
8938,明安,11,0,11,元大-台中,2023-07-03,9812
3443,創意,18,7,11,元大-台中,2023-07-03,9812
3006,晶豪科,11,1,10,元大-台中,2023-07-03,9812
3372,典範,301,4,297,元大-台中,2023-07-04,9812
3013,晟銘電,283,20,263,元大-台中,2023-07-04,9812
4533,協易機,171,1,170,元大-台中,2023-07-04,9812
2603,長榮,220,93,127,元大-台中,2023-07-04,9812
2883,凱基金,151,38,113,元大-台中,2023-07-04,9812
2303,聯電,112,6,106,元大-台中,2023-07-04,9812
6770,力積電,101,0,101,元大-台中,2023-07-04,9812
2609,陽明,132,39,93,元大-台中,2023-07-04,9812
00679B,元大美債20年,69,0,69,元大-台中,2023-07-04,9812
2388,威盛,62,0,62,元大-台中,2023-07-04,9812
2504,國產,50,0,50,元大-台中,2023-07-04,9812
2312,金寶,69,22,47,元大-台中,2023-07-04,9812
00878,國泰永續高股息,117,74,43,元大-台中,2023-07-04,9812
00665L,富邦�琤肭磪囓�2,48,6,42,元大-台中,2023-07-04,9812
2317,鴻海,112,70,42,元大-台中,2023-07-04,9812
4726,永昕,43,2,41,元大-台中,2023-07-04,9812
6125,廣運,39,2,37,元大-台中,2023-07-04,9812
2885,元大金,39,2,37,元大-台中,2023-07-04,9812
0056,元大高股息,68,32,36,元大-台中,2023-07-04,9812
3362,先進光,31,5,26,元大-台中,2023-07-04,9812
2888,新光金,31,6,25,元大-台中,2023-07-04,9812
1101,台泥,24,2,22,元大-台中,2023-07-04,9812
2438,翔耀,21,0,21,元大-台中,2023-07-04,9812
1616,億泰,21,0,21,元大-台中,2023-07-04,9812
2340,台亞,23,3,20,元大-台中,2023-07-04,9812
4114,健喬,20,0,20,元大-台中,2023-07-04,9812
4908,前鼎,38,18,20,元大-台中,2023-07-04,9812
2301,光寶科,36,17,19,元大-台中,2023-07-04,9812
2634,漢翔,31,14,17,元大-台中,2023-07-04,9812
6788,華景電,18,1,17,元大-台中,2023-07-04,9812
1319,東陽,17,0,17,元大-台中,2023-07-04,9812
00929,復華台灣科技優息,17,0,17,元大-台中,2023-07-04,9812
1783,和康生,21,5,16,元大-台中,2023-07-04,9812
2353,宏��,19,3,16,元大-台中,2023-07-04,9812
2495,普安,22,7,15,元大-台中,2023-07-04,9812
4999,鑫禾,15,0,15,元大-台中,2023-07-04,9812
6122,擎邦,17,3,14,元大-台中,2023-07-04,9812
2637,慧洋-KY,14,2,12,元大-台中,2023-07-04,9812
6285,啟��,16,5,11,元大-台中,2023-07-04,9812
3702,大聯大,11,0,11,元大-台中,2023-07-04,9812
4906,正文,28,17,11,元大-台中,2023-07-04,9812
3025,星通,32,21,11,元大-台中,2023-07-04,9812
2332,友訊,20,9,11,元大-台中,2023-07-04,9812
2891,中信金,11,0,11,元大-台中,2023-07-04,9812
2356,英業達,102,92,10,元大-台中,2023-07-04,9812
00715L,期街口布蘭特正2,10,0,10,元大-台中,2023-07-04,9812
2034,允強,10,0,10,元大-台中,2023-07-04,9812
5484,慧友,10,0,10,元大-台中,2023-07-04,9812
2520,冠德,10,0,10,元大-台中,2023-07-04,9812
5864,致和證,10,0,10,元大-台中,2023-07-04,9812
3481,群創,308,23,285,元大-台中,2023-07-05,9812
4566,時碩工業,354,78,276,元大-台中,2023-07-05,9812
2317,鴻海,166,10,156,元大-台中,2023-07-05,9812
2610,華航,301,161,140,元大-台中,2023-07-05,9812
2609,陽明,265,149,116,元大-台中,2023-07-05,9812
2337,旺宏,107,2,105,元大-台中,2023-07-05,9812
00673R,期元大S＆P原油反1,77,0,77,元大-台中,2023-07-05,9812
00902,中信電池及儲能,89,13,76,元大-台中,2023-07-05,9812
3231,緯創,136,71,65,元大-台中,2023-07-05,9812
2356,英業達,72,20,52,元大-台中,2023-07-05,9812
2369,菱生,64,13,51,元大-台中,2023-07-05,9812
00665L,富邦�琤肭磪囓�2,48,0,48,元大-台中,2023-07-05,9812
3037,欣興,96,55,41,元大-台中,2023-07-05,9812
2618,長榮航,179,139,40,元大-台中,2023-07-05,9812
00878,國泰永續高股息,55,16,39,元大-台中,2023-07-05,9812
2883,凱基金,57,18,39,元大-台中,2023-07-05,9812
0056,元大高股息,55,18,37,元大-台中,2023-07-05,9812
2427,三商電,97,62,35,元大-台中,2023-07-05,9812
1616,億泰,35,0,35,元大-台中,2023-07-05,9812
1609,大亞,82,47,35,元大-台中,2023-07-05,9812
00637L,元大滬深300正2,183,150,33,元大-台中,2023-07-05,9812
4533,協易機,32,0,32,元大-台中,2023-07-05,9812
2344,華邦電,36,4,32,元大-台中,2023-07-05,9812
5009,榮剛,48,17,31,元大-台中,2023-07-05,9812
3163,波若威,159,129,30,元大-台中,2023-07-05,9812
2485,兆赫,36,11,25,元大-台中,2023-07-05,9812
6788,華景電,23,0,23,元大-台中,2023-07-05,9812
8234,新漢,23,1,22,元大-台中,2023-07-05,9812
4906,正文,27,6,21,元大-台中,2023-07-05,9812
00927,群益半導體收益,21,0,21,元大-台中,2023-07-05,9812
3706,神達,32,12,20,元大-台中,2023-07-05,9812
2340,台亞,28,9,19,元大-台中,2023-07-05,9812
3025,星通,20,2,18,元大-台中,2023-07-05,9812
4306,炎洲,18,0,18,元大-台中,2023-07-05,9812
3265,台星科,21,3,18,元大-台中,2023-07-05,9812
2801,彰銀,17,1,16,元大-台中,2023-07-05,9812
2515,中工,19,3,16,元大-台中,2023-07-05,9812
4919,新唐,25,10,15,元大-台中,2023-07-05,9812
2495,普安,15,0,15,元大-台中,2023-07-05,9812
2486,一詮,203,189,14,元大-台中,2023-07-05,9812
00882,中信中國高股息,15,2,13,元大-台中,2023-07-05,9812
2332,友訊,24,12,12,元大-台中,2023-07-05,9812
4157,太景*-KY,12,0,12,元大-台中,2023-07-05,9812
3682,亞太電,39,27,12,元大-台中,2023-07-05,9812
2402,毅嘉,157,145,12,元大-台中,2023-07-05,9812
8071,能率網通,12,0,12,元大-台中,2023-07-05,9812
6285,啟��,44,32,12,元大-台中,2023-07-05,9812
4967,十銓,11,0,11,元大-台中,2023-07-05,9812
8086,宏捷科,170,159,11,元大-台中,2023-07-05,9812
1326,台化,13,2,11,元大-台中,2023-07-05,9812
2618,長榮航,145,21,124,元大-台中,2023-07-06,9812
00673R,期元大S＆P原油反1,116,0,116,元大-台中,2023-07-06,9812
2356,英業達,149,42,107,元大-台中,2023-07-06,9812
2353,宏��,102,2,100,元大-台中,2023-07-06,9812
2883,凱基金,208,116,92,元大-台中,2023-07-06,9812
2634,漢翔,79,2,77,元大-台中,2023-07-06,9812
8215,明基材,121,52,69,元大-台中,2023-07-06,9812
5009,榮剛,66,2,64,元大-台中,2023-07-06,9812
00637L,元大滬深300正2,92,30,62,元大-台中,2023-07-06,9812
2317,鴻海,71,11,60,元大-台中,2023-07-06,9812
6770,力積電,59,1,58,元大-台中,2023-07-06,9812
6138,茂達,137,87,50,元大-台中,2023-07-06,9812
2891,中信金,54,4,50,元大-台中,2023-07-06,9812
00929,復華台灣科技優息,49,1,48,元大-台中,2023-07-06,9812
2313,華通,53,5,48,元大-台中,2023-07-06,9812
6125,廣運,78,34,44,元大-台中,2023-07-06,9812
3682,亞太電,44,0,44,元大-台中,2023-07-06,9812
2884,玉山金,42,2,40,元大-台中,2023-07-06,9812
00687B,國泰20年美債,33,0,33,元大-台中,2023-07-06,9812
2402,毅嘉,205,172,33,元大-台中,2023-07-06,9812
2885,元大金,31,0,31,元大-台中,2023-07-06,9812
2409,友達,54,25,29,元大-台中,2023-07-06,9812
2610,華航,38,9,29,元大-台中,2023-07-06,9812
1584,精剛,32,3,29,元大-台中,2023-07-06,9812
8112,至上,28,0,28,元大-台中,2023-07-06,9812
00679B,元大美債20年,26,0,26,元大-台中,2023-07-06,9812
3047,訊舟,26,0,26,元大-台中,2023-07-06,9812
3481,群創,524,498,26,元大-台中,2023-07-06,9812
4934,太極,70,45,25,元大-台中,2023-07-06,9812
5864,致和證,215,191,24,元大-台中,2023-07-06,9812
00795B,中信美國公債20年,22,0,22,元大-台中,2023-07-06,9812
2882,國泰金,25,3,22,元大-台中,2023-07-06,9812
2002,中鋼,23,2,21,元大-台中,2023-07-06,9812
00671R,富邦NASDAQ反1,20,0,20,元大-台中,2023-07-06,9812
1909,榮成,20,0,20,元大-台中,2023-07-06,9812
2886,兆豐金,19,0,19,元大-台中,2023-07-06,9812
1467,南緯,19,0,19,元大-台中,2023-07-06,9812
4543,萬在,29,10,19,元大-台中,2023-07-06,9812
00764B,群益25年美債,19,0,19,元大-台中,2023-07-06,9812
3231,緯創,139,120,19,元大-台中,2023-07-06,9812
2609,陽明,78,60,18,元大-台中,2023-07-06,9812
8234,新漢,33,15,18,元大-台中,2023-07-06,9812
3037,欣興,32,15,17,元大-台中,2023-07-06,9812
00720B,元大投資級公司債,22,5,17,元大-台中,2023-07-06,9812
3706,神達,18,1,17,元大-台中,2023-07-06,9812
5880,合庫金,22,6,16,元大-台中,2023-07-06,9812
3078,僑威,42,26,16,元大-台中,2023-07-06,9812
2425,承啟,19,3,16,元大-台中,2023-07-06,9812
1108,幸福,16,0,16,元大-台中,2023-07-06,9812
2355,敬鵬,16,0,16,元大-台中,2023-07-06,9812
2303,聯電,216,14,202,元大-台中,2023-07-07,9812
2204,中華,108,3,105,元大-台中,2023-07-07,9812
2107,厚生,90,0,90,元大-台中,2023-07-07,9812
2888,新光金,98,23,75,元大-台中,2023-07-07,9812
2883,凱基金,74,1,73,元大-台中,2023-07-07,9812
4414,如興,72,0,72,元大-台中,2023-07-07,9812
1504,東元,64,5,59,元大-台中,2023-07-07,9812
00679B,元大美債20年,56,0,56,元大-台中,2023-07-07,9812
2344,華邦電,58,3,55,元大-台中,2023-07-07,9812
00680L,元大美債20正2,51,0,51,元大-台中,2023-07-07,9812
00673R,期元大S＆P原油反1,42,0,42,元大-台中,2023-07-07,9812
2476,鉅祥,41,0,41,元大-台中,2023-07-07,9812
2449,京元電子,46,9,37,元大-台中,2023-07-07,9812
2882,國泰金,42,5,37,元大-台中,2023-07-07,9812
3041,揚智,35,0,35,元大-台中,2023-07-07,9812
00637L,元大滬深300正2,33,0,33,元大-台中,2023-07-07,9812
3481,群創,32,0,32,元大-台中,2023-07-07,9812
00666R,富邦�琤肭磪齯�1,30,0,30,元大-台中,2023-07-07,9812
00929,復華台灣科技優息,28,0,28,元大-台中,2023-07-07,9812
00751B,元大AAA至A公司債,27,0,27,元大-台中,2023-07-07,9812
2610,華航,33,6,27,元大-台中,2023-07-07,9812
1314,中石化,26,0,26,元大-台中,2023-07-07,9812
5371,中光電,23,0,23,元大-台中,2023-07-07,9812
3713,新晶投控,23,0,23,元大-台中,2023-07-07,9812
00922,國泰台灣領袖50,21,0,21,元大-台中,2023-07-07,9812
00687B,國泰20年美債,21,0,21,元大-台中,2023-07-07,9812
3715,定穎投控,23,2,21,元大-台中,2023-07-07,9812
1449,佳和,20,0,20,元大-台中,2023-07-07,9812
2834,臺企銀,24,4,20,元大-台中,2023-07-07,9812
2634,漢翔,24,4,20,元大-台中,2023-07-07,9812
2609,陽明,29,11,18,元大-台中,2023-07-07,9812
4123,晟德,20,2,18,元大-台中,2023-07-07,9812
3078,僑威,41,23,18,元大-台中,2023-07-07,9812
00688L,國泰20年美債正2,17,0,17,元大-台中,2023-07-07,9812
00882,中信中國高股息,17,0,17,元大-台中,2023-07-07,9812
3380,明泰,44,27,17,元大-台中,2023-07-07,9812
6282,康舒,70,54,16,元大-台中,2023-07-07,9812
1513,中興電,25,9,16,元大-台中,2023-07-07,9812
00772B,中信高評級公司債,25,10,15,元大-台中,2023-07-07,9812
00795B,中信美國公債20年,15,0,15,元大-台中,2023-07-07,9812
6161,捷波,15,0,15,元大-台中,2023-07-07,9812
1616,億泰,15,0,15,元大-台中,2023-07-07,9812
6116,彩晶,19,4,15,元大-台中,2023-07-07,9812
3060,銘異,18,4,14,元大-台中,2023-07-07,9812
2002,中鋼,12,0,12,元大-台中,2023-07-07,9812
3025,星通,61,49,12,元大-台中,2023-07-07,9812
2885,元大金,12,0,12,元大-台中,2023-07-07,9812
9904,寶成,12,0,12,元大-台中,2023-07-07,9812
00764B,群益25年美債,12,0,12,元大-台中,2023-07-07,9812
00713,元大台灣高息低波,12,0,12,元大-台中,2023-07-07,9812
2618,長榮航,168,25,143,元大-台中,2023-07-10,9812
1618,合機,140,8,132,元大-台中,2023-07-10,9812
3016,嘉晶,131,15,116,元大-台中,2023-07-10,9812
3231,緯創,182,77,105,元大-台中,2023-07-10,9812
2892,第一金,101,0,101,元大-台中,2023-07-10,9812
00673R,期元大S＆P原油反1,78,0,78,元大-台中,2023-07-10,9812
6271,同欣電,75,1,74,元大-台中,2023-07-10,9812
2317,鴻海,76,5,71,元大-台中,2023-07-10,9812
2482,連宇,62,0,62,元大-台中,2023-07-10,9812
2376,技嘉,115,55,60,元大-台中,2023-07-10,9812
8938,明安,52,0,52,元大-台中,2023-07-10,9812
4414,如興,50,0,50,元大-台中,2023-07-10,9812
6161,捷波,48,0,48,元大-台中,2023-07-10,9812
2891,中信金,45,1,44,元大-台中,2023-07-10,9812
00772B,中信高評級公司債,42,0,42,元大-台中,2023-07-10,9812
6125,廣運,51,9,42,元大-台中,2023-07-10,9812
00665L,富邦�琤肭磪囓�2,36,0,36,元大-台中,2023-07-10,9812
6266,泰詠,35,0,35,元大-台中,2023-07-10,9812
2313,華通,53,20,33,元大-台中,2023-07-10,9812
00679B,元大美債20年,31,0,31,元大-台中,2023-07-10,9812
2603,長榮,32,2,30,元大-台中,2023-07-10,9812
2369,菱生,30,0,30,元大-台中,2023-07-10,9812
00882,中信中國高股息,32,3,29,元大-台中,2023-07-10,9812
2884,玉山金,28,2,26,元大-台中,2023-07-10,9812
00713,元大台灣高息低波,26,0,26,元大-台中,2023-07-10,9812
3024,憶聲,23,0,23,元大-台中,2023-07-10,9812
3380,明泰,33,11,22,元大-台中,2023-07-10,9812
6151,晉倫,21,0,21,元大-台中,2023-07-10,9812
2105,正新,22,1,21,元大-台中,2023-07-10,9812
00895,富邦未來車,20,0,20,元大-台中,2023-07-10,9812
5460,同協,20,0,20,元大-台中,2023-07-10,9812
00720B,元大投資級公司債,21,2,19,元大-台中,2023-07-10,9812
6282,康舒,42,24,18,元大-台中,2023-07-10,9812
2610,華航,71,53,18,元大-台中,2023-07-10,9812
6126,信音,20,2,18,元大-台中,2023-07-10,9812
1504,東元,22,5,17,元大-台中,2023-07-10,9812
00687B,國泰20年美債,27,10,17,元大-台中,2023-07-10,9812
2539,櫻花建,16,0,16,元大-台中,2023-07-10,9812
00903,富邦元宇宙,15,0,15,元大-台中,2023-07-10,9812
5439,高技,17,2,15,元大-台中,2023-07-10,9812
1616,億泰,15,0,15,元大-台中,2023-07-10,9812
3078,僑威,22,8,14,元大-台中,2023-07-10,9812
2419,仲琦,37,23,14,元大-台中,2023-07-10,9812
006208,富邦台50,14,0,14,元大-台中,2023-07-10,9812
2402,毅嘉,15,2,13,元大-台中,2023-07-10,9812
00929,復華台灣科技優息,14,1,13,元大-台中,2023-07-10,9812
3017,奇鋐,18,6,12,元大-台中,2023-07-10,9812
3005,神基,12,0,12,元大-台中,2023-07-10,9812
00919,群益台灣精選高息,13,1,12,元大-台中,2023-07-10,9812
8215,明基材,15,3,12,元大-台中,2023-07-10,9812
3231,緯創,850,479,371,元大-台中,2023-07-11,9812
2303,聯電,203,1,202,元大-台中,2023-07-11,9812
5258,虹堡,202,6,196,元大-台中,2023-07-11,9812
2618,長榮航,256,141,115,元大-台中,2023-07-11,9812
2834,臺企銀,102,4,98,元大-台中,2023-07-11,9812
00712,復華富時不動產,78,1,77,元大-台中,2023-07-11,9812
2883,凱基金,64,0,64,元大-台中,2023-07-11,9812
00673R,期元大S＆P原油反1,55,0,55,元大-台中,2023-07-11,9812
3105,穩懋,41,0,41,元大-台中,2023-07-11,9812
4510,高鋒,44,4,40,元大-台中,2023-07-11,9812
1101,台泥,39,0,39,元大-台中,2023-07-11,9812
2356,英業達,142,103,39,元大-台中,2023-07-11,9812
3025,星通,107,68,39,元大-台中,2023-07-11,9812
2887,台新金,52,14,38,元大-台中,2023-07-11,9812
8071,能率網通,65,30,35,元大-台中,2023-07-11,9812
2609,陽明,39,8,31,元大-台中,2023-07-11,9812
2344,華邦電,31,8,23,元大-台中,2023-07-11,9812
3163,波若威,25,4,21,元大-台中,2023-07-11,9812
2388,威盛,40,19,21,元大-台中,2023-07-11,9812
3114,好德,20,0,20,元大-台中,2023-07-11,9812
5443,均豪,20,0,20,元大-台中,2023-07-11,9812
6126,信音,20,0,20,元大-台中,2023-07-11,9812
00882,中信中國高股息,20,2,18,元大-台中,2023-07-11,9812
8926,台汽電,16,0,16,元大-台中,2023-07-11,9812
00730,富邦臺灣優質高息,16,0,16,元大-台中,2023-07-11,9812
3052,夆典,17,1,16,元大-台中,2023-07-11,9812
1528,恩德,20,4,16,元大-台中,2023-07-11,9812
00929,復華台灣科技優息,17,1,16,元大-台中,2023-07-11,9812
1449,佳和,15,0,15,元大-台中,2023-07-11,9812
6288,聯嘉,15,0,15,元大-台中,2023-07-11,9812
6290,良維,24,9,15,元大-台中,2023-07-11,9812
8940,新天地,16,2,14,元大-台中,2023-07-11,9812
2369,菱生,17,3,14,元大-台中,2023-07-11,9812
2458,義隆,14,0,14,元大-台中,2023-07-11,9812
1604,聲寶,15,2,13,元大-台中,2023-07-11,9812
2884,玉山金,19,6,13,元大-台中,2023-07-11,9812
3260,威剛,13,0,13,元大-台中,2023-07-11,9812
1611,中電,13,0,13,元大-台中,2023-07-11,9812
3162,精確,12,0,12,元大-台中,2023-07-11,9812
4541,晟田,14,2,12,元大-台中,2023-07-11,9812
2820,華票,12,0,12,元大-台中,2023-07-11,9812
2342,茂矽,17,6,11,元大-台中,2023-07-11,9812
4526,東台,11,0,11,元大-台中,2023-07-11,9812
5439,高技,11,0,11,元大-台中,2023-07-11,9812
1536,和大,11,0,11,元大-台中,2023-07-11,9812
6125,廣運,13,2,11,元大-台中,2023-07-11,9812
6185,幃翔,11,0,11,元大-台中,2023-07-11,9812
0050,元大台灣50,17,6,11,元大-台中,2023-07-11,9812
2881,富邦金,16,6,10,元大-台中,2023-07-11,9812
2916,滿心,11,1,10,元大-台中,2023-07-11,9812
3715,定穎投控,301,4,297,元大-台中,2023-07-12,9812
2356,英業達,383,279,104,元大-台中,2023-07-12,9812
2388,威盛,115,11,104,元大-台中,2023-07-12,9812
00673R,期元大S＆P原油反1,70,0,70,元大-台中,2023-07-12,9812
00892,富邦台灣半導體,52,0,52,元大-台中,2023-07-12,9812
4967,十銓,52,7,45,元大-台中,2023-07-12,9812
6290,良維,45,3,42,元大-台中,2023-07-12,9812
00905,FT臺灣Smart,40,0,40,元大-台中,2023-07-12,9812
00712,復華富時不動產,52,12,40,元大-台中,2023-07-12,9812
8938,明安,44,5,39,元大-台中,2023-07-12,9812
6188,廣明,94,65,29,元大-台中,2023-07-12,9812
3481,群創,117,90,27,元大-台中,2023-07-12,9812
2495,普安,25,0,25,元大-台中,2023-07-12,9812
2618,長榮航,58,33,25,元大-台中,2023-07-12,9812
00687B,國泰20年美債,23,0,23,元大-台中,2023-07-12,9812
2312,金寶,32,11,21,元大-台中,2023-07-12,9812
2323,中環,24,4,20,元大-台中,2023-07-12,9812
2610,華航,454,436,18,元大-台中,2023-07-12,9812
8940,新天地,18,0,18,元大-台中,2023-07-12,9812
2399,映泰,21,4,17,元大-台中,2023-07-12,9812
5009,榮剛,19,2,17,元大-台中,2023-07-12,9812
0056,元大高股息,45,28,17,元大-台中,2023-07-12,9812
4414,如興,17,0,17,元大-台中,2023-07-12,9812
00679B,元大美債20年,16,0,16,元大-台中,2023-07-12,9812
2889,國票金,16,0,16,元大-台中,2023-07-12,9812
020038,元大ESG配息N,15,0,15,元大-台中,2023-07-12,9812
3558,神準,17,2,15,元大-台中,2023-07-12,9812
4510,高鋒,16,1,15,元大-台中,2023-07-12,9812
3052,夆典,15,0,15,元大-台中,2023-07-12,9812
2371,大同,58,43,15,元大-台中,2023-07-12,9812
8033,雷虎,12,0,12,元大-台中,2023-07-12,9812
1101,台泥,13,1,12,元大-台中,2023-07-12,9812
6282,康舒,70,58,12,元大-台中,2023-07-12,9812
1513,中興電,47,35,12,元大-台中,2023-07-12,9812
6477,安集,12,0,12,元大-台中,2023-07-12,9812
2010,春源,12,0,12,元大-台中,2023-07-12,9812
1909,榮成,12,0,12,元大-台中,2023-07-12,9812
6285,啟��,31,19,12,元大-台中,2023-07-12,9812
4968,立積,18,6,12,元大-台中,2023-07-12,9812
3362,先進光,11,0,11,元大-台中,2023-07-12,9812
6548,長科*,11,0,11,元大-台中,2023-07-12,9812
1904,正隆,11,0,11,元大-台中,2023-07-12,9812
00927,群益半導體收益,11,0,11,元大-台中,2023-07-12,9812
1608,華榮,11,0,11,元大-台中,2023-07-12,9812
1528,恩德,11,0,11,元大-台中,2023-07-12,9812
4536,拓凱,11,0,11,元大-台中,2023-07-12,9812
2352,佳世達,45,34,11,元大-台中,2023-07-12,9812
3034,聯詠,10,0,10,元大-台中,2023-07-12,9812
00675L,富邦臺灣加權正2,10,0,10,元大-台中,2023-07-12,9812
3511,矽瑪,10,0,10,元大-台中,2023-07-12,9812
1722,台肥,301,0,301,元大-台中,2023-07-13,9812
00929,復華台灣科技優息,294,55,239,元大-台中,2023-07-13,9812
2353,宏��,228,16,212,元大-台中,2023-07-13,9812
2618,長榮航,372,216,156,元大-台中,2023-07-13,9812
8938,明安,84,1,83,元大-台中,2023-07-13,9812
00712,復華富時不動產,88,14,74,元大-台中,2023-07-13,9812
6235,華孚,87,19,68,元大-台中,2023-07-13,9812
00673R,期元大S＆P原油反1,74,9,65,元大-台中,2023-07-13,9812
3017,奇鋐,108,47,61,元大-台中,2023-07-13,9812
3162,精確,60,3,57,元大-台中,2023-07-13,9812
3060,銘異,56,0,56,元大-台中,2023-07-13,9812
6770,力積電,52,11,41,元大-台中,2023-07-13,9812
2609,陽明,77,36,41,元大-台中,2023-07-13,9812
6151,晉倫,38,0,38,元大-台中,2023-07-13,9812
6207,雷科,40,6,34,元大-台中,2023-07-13,9812
3715,定穎投控,44,11,33,元大-台中,2023-07-13,9812
00930,永豐ESG低碳高息,32,0,32,元大-台中,2023-07-13,9812
00905,FT臺灣Smart,32,1,31,元大-台中,2023-07-13,9812
00679B,元大美債20年,33,2,31,元大-台中,2023-07-13,9812
3163,波若威,33,5,28,元大-台中,2023-07-13,9812
2883,凱基金,25,0,25,元大-台中,2023-07-13,9812
5258,虹堡,51,26,25,元大-台中,2023-07-13,9812
00688L,國泰20年美債正2,25,0,25,元大-台中,2023-07-13,9812
2882,國泰金,28,7,21,元大-台中,2023-07-13,9812
3693,營邦,36,15,21,元大-台中,2023-07-13,9812
1460,宏遠,20,0,20,元大-台中,2023-07-13,9812
2340,台亞,25,6,19,元大-台中,2023-07-13,9812
00680L,元大美債20正2,23,5,18,元大-台中,2023-07-13,9812
6547,高端疫苗,18,0,18,元大-台中,2023-07-13,9812
4533,協易機,57,39,18,元大-台中,2023-07-13,9812
1102,亞泥,18,0,18,元大-台中,2023-07-13,9812
2371,大同,30,12,18,元大-台中,2023-07-13,9812
3374,精材,18,1,17,元大-台中,2023-07-13,9812
4414,如興,20,3,17,元大-台中,2023-07-13,9812
3363,上詮,21,5,16,元大-台中,2023-07-13,9812
3013,晟銘電,39,24,15,元大-台中,2023-07-13,9812
1449,佳和,15,0,15,元大-台中,2023-07-13,9812
6244,茂迪,17,2,15,元大-台中,2023-07-13,9812
3025,星通,55,41,14,元大-台中,2023-07-13,9812
1802,台玻,21,8,13,元大-台中,2023-07-13,9812
4173,久裕,13,0,13,元大-台中,2023-07-13,9812
6190,萬泰科,17,4,13,元大-台中,2023-07-13,9812
6548,長科*,16,4,12,元大-台中,2023-07-13,9812
2376,技嘉,47,35,12,元大-台中,2023-07-13,9812
3088,艾訊,21,9,12,元大-台中,2023-07-13,9812
3624,光頡,19,8,11,元大-台中,2023-07-13,9812
00764B,群益25年美債,11,0,11,元大-台中,2023-07-13,9812
1514,亞力,12,1,11,元大-台中,2023-07-13,9812
2605,新興,11,0,11,元大-台中,2023-07-13,9812
6112,邁達特,11,0,11,元大-台中,2023-07-13,9812
3706,神達,1511,37,1474,元大-台中,2023-07-14,9812
3483,力致,450,3,447,元大-台中,2023-07-14,9812
2867,三商壽,201,0,201,元大-台中,2023-07-14,9812
2618,長榮航,260,84,176,元大-台中,2023-07-14,9812
5258,虹堡,119,12,107,元大-台中,2023-07-14,9812
3162,精確,82,0,82,元大-台中,2023-07-14,9812
020038,元大ESG配息N,63,0,63,元大-台中,2023-07-14,9812
2495,普安,60,0,60,元大-台中,2023-07-14,9812
2421,建準,78,23,55,元大-台中,2023-07-14,9812
3163,波若威,60,8,52,元大-台中,2023-07-14,9812
00632R,元大台灣50反1,41,1,40,元大-台中,2023-07-14,9812
2313,華通,43,8,35,元大-台中,2023-07-14,9812
00673R,期元大S＆P原油反1,29,0,29,元大-台中,2023-07-14,9812
3025,星通,45,16,29,元大-台中,2023-07-14,9812
2610,華航,105,77,28,元大-台中,2023-07-14,9812
2609,陽明,57,29,28,元大-台中,2023-07-14,9812
5706,鳳凰,34,7,27,元大-台中,2023-07-14,9812
3033,威健,74,48,26,元大-台中,2023-07-14,9812
1609,大亞,38,13,25,元大-台中,2023-07-14,9812
00905,FT臺灣Smart,28,4,24,元大-台中,2023-07-14,9812
2382,廣達,162,138,24,元大-台中,2023-07-14,9812
3287,廣寰科,33,10,23,元大-台中,2023-07-14,9812
00929,復華台灣科技優息,31,8,23,元大-台中,2023-07-14,9812
2201,裕隆,30,8,22,元大-台中,2023-07-14,9812
1603,華電,21,0,21,元大-台中,2023-07-14,9812
6288,聯嘉,21,0,21,元大-台中,2023-07-14,9812
2498,宏達電,23,3,20,元大-台中,2023-07-14,9812
00664R,國泰臺灣加權反1,20,0,20,元大-台中,2023-07-14,9812
2355,敬鵬,20,0,20,元大-台中,2023-07-14,9812
8936,國統,27,8,19,元大-台中,2023-07-14,9812
3169,亞信,18,0,18,元大-台中,2023-07-14,9812
6235,華孚,36,18,18,元大-台中,2023-07-14,9812
6188,廣明,35,18,17,元大-台中,2023-07-14,9812
3380,明泰,28,11,17,元大-台中,2023-07-14,9812
4746,台耀,27,10,17,元大-台中,2023-07-14,9812
00927,群益半導體收益,16,0,16,元大-台中,2023-07-14,9812
00637L,元大滬深300正2,30,15,15,元大-台中,2023-07-14,9812
2344,華邦電,37,23,14,元大-台中,2023-07-14,9812
1722,台肥,14,0,14,元大-台中,2023-07-14,9812
6788,華景電,14,0,14,元大-台中,2023-07-14,9812
3013,晟銘電,17,3,14,元大-台中,2023-07-14,9812
8034,榮群,14,0,14,元大-台中,2023-07-14,9812
8050,廣積,30,18,12,元大-台中,2023-07-14,9812
2634,漢翔,27,15,12,元大-台中,2023-07-14,9812
00688L,國泰20年美債正2,12,0,12,元大-台中,2023-07-14,9812
00882,中信中國高股息,12,1,11,元大-台中,2023-07-14,9812
5474,聰泰,15,4,11,元大-台中,2023-07-14,9812
00795B,中信美國公債20年,11,0,11,元大-台中,2023-07-14,9812
2457,飛宏,15,4,11,元大-台中,2023-07-14,9812
3325,旭品,12,1,11,元大-台中,2023-07-14,9812
2356,英業達,1322,60,1262,元大-台中,2023-07-17,9812
6282,康舒,1124,774,350,元大-台中,2023-07-17,9812
2303,聯電,270,57,213,元大-台中,2023-07-17,9812
3715,定穎投控,134,5,129,元大-台中,2023-07-17,9812
1504,東元,197,88,109,元大-台中,2023-07-17,9812
2401,凌陽,99,12,87,元大-台中,2023-07-17,9812
00929,復華台灣科技優息,140,56,84,元大-台中,2023-07-17,9812
2610,華航,68,6,62,元大-台中,2023-07-17,9812
1101,台泥,61,0,61,元大-台中,2023-07-17,9812
4714,永捷,50,0,50,元大-台中,2023-07-17,9812
00924,復華S＆P500成長,50,0,50,元大-台中,2023-07-17,9812
00637L,元大滬深300正2,51,2,49,元大-台中,2023-07-17,9812
00893,國泰智能電動車,42,0,42,元大-台中,2023-07-17,9812
3013,晟銘電,45,4,41,元大-台中,2023-07-17,9812
6257,矽格,49,9,40,元大-台中,2023-07-17,9812
1618,合機,42,2,40,元大-台中,2023-07-17,9812
3162,精確,40,1,39,元大-台中,2023-07-17,9812
00673R,期元大S＆P原油反1,66,28,38,元大-台中,2023-07-17,9812
3682,亞太電,28,0,28,元大-台中,2023-07-17,9812
00882,中信中國高股息,32,5,27,元大-台中,2023-07-17,9812
2312,金寶,68,43,25,元大-台中,2023-07-17,9812
00902,中信電池及儲能,25,1,24,元大-台中,2023-07-17,9812
6207,雷科,29,5,24,元大-台中,2023-07-17,9812
2634,漢翔,54,30,24,元大-台中,2023-07-17,9812
1711,永光,23,0,23,元大-台中,2023-07-17,9812
5425,台半,28,5,23,元大-台中,2023-07-17,9812
3481,群創,146,123,23,元大-台中,2023-07-17,9812
8234,新漢,28,6,22,元大-台中,2023-07-17,9812
6117,迎廣,22,0,22,元大-台中,2023-07-17,9812
1440,南紡,21,0,21,元大-台中,2023-07-17,9812
2618,長榮航,89,68,21,元大-台中,2023-07-17,9812
1784,訊聯,22,2,20,元大-台中,2023-07-17,9812
2359,所羅門,26,6,20,元大-台中,2023-07-17,9812
00772B,中信高評級公司債,20,0,20,元大-台中,2023-07-17,9812
3711,日月光投控,20,1,19,元大-台中,2023-07-17,9812
6179,亞通,19,1,18,元大-台中,2023-07-17,9812
2329,華泰,73,56,17,元大-台中,2023-07-17,9812
3163,波若威,23,7,16,元大-台中,2023-07-17,9812
1536,和大,13,0,13,元大-台中,2023-07-17,9812
2425,承啟,71,58,13,元大-台中,2023-07-17,9812
8028,昇陽半導體,12,0,12,元大-台中,2023-07-17,9812
3689,湧德,17,5,12,元大-台中,2023-07-17,9812
3518,柏騰,20,8,12,元大-台中,2023-07-17,9812
2436,偉詮電,12,0,12,元大-台中,2023-07-17,9812
2421,建準,24,13,11,元大-台中,2023-07-17,9812
3260,威剛,11,0,11,元大-台中,2023-07-17,9812
1432,大魯閣,11,0,11,元大-台中,2023-07-17,9812
2402,毅嘉,18,7,11,元大-台中,2023-07-17,9812
5439,高技,18,7,11,元大-台中,2023-07-17,9812
4414,如興,12,1,11,元大-台中,2023-07-17,9812
00929,復華台灣科技優息,286,7,279,元大-台中,2023-07-18,9812
2421,建準,399,155,244,元大-台中,2023-07-18,9812
1504,東元,257,74,183,元大-台中,2023-07-18,9812
3071,協禧,185,16,169,元大-台中,2023-07-18,9812
8926,台汽電,127,2,125,元大-台中,2023-07-18,9812
3706,神達,381,262,119,元大-台中,2023-07-18,9812
2303,聯電,120,4,116,元大-台中,2023-07-18,9812
2349,錸德,97,0,97,元大-台中,2023-07-18,9812
3162,精確,90,0,90,元大-台中,2023-07-18,9812
2324,仁寶,173,84,89,元大-台中,2023-07-18,9812
2353,宏��,184,96,88,元大-台中,2023-07-18,9812
6285,啟��,117,29,88,元大-台中,2023-07-18,9812
3037,欣興,170,88,82,元大-台中,2023-07-18,9812
00882,中信中國高股息,105,23,82,元大-台中,2023-07-18,9812
2371,大同,101,26,75,元大-台中,2023-07-18,9812
4938,和碩,134,59,75,元大-台中,2023-07-18,9812
00637L,元大滬深300正2,117,50,67,元大-台中,2023-07-18,9812
6125,廣運,68,5,63,元大-台中,2023-07-18,9812
020038,元大ESG配息N,58,2,56,元大-台中,2023-07-18,9812
2312,金寶,224,170,54,元大-台中,2023-07-18,9812
2344,華邦電,69,23,46,元大-台中,2023-07-18,9812
1609,大亞,88,43,45,元大-台中,2023-07-18,9812
00712,復華富時不動產,43,0,43,元大-台中,2023-07-18,9812
2887,台新金,49,6,43,元大-台中,2023-07-18,9812
3363,上詮,61,21,40,元大-台中,2023-07-18,9812
9105,泰金寶-DR,70,34,36,元大-台中,2023-07-18,9812
3710,連展投控,36,0,36,元大-台中,2023-07-18,9812
2609,陽明,77,45,32,元大-台中,2023-07-18,9812
6579,研揚,30,0,30,元大-台中,2023-07-18,9812
8234,新漢,59,29,30,元大-台中,2023-07-18,9812
2352,佳世達,95,66,29,元大-台中,2023-07-18,9812
1513,中興電,57,31,26,元大-台中,2023-07-18,9812
2408,南亞科,26,0,26,元大-台中,2023-07-18,9812
00673R,期元大S＆P原油反1,26,0,26,元大-台中,2023-07-18,9812
3060,銘異,28,3,25,元大-台中,2023-07-18,9812
5203,訊連,25,0,25,元大-台中,2023-07-18,9812
3051,力特,25,0,25,元大-台中,2023-07-18,9812
00930,永豐ESG低碳高息,24,0,24,元大-台中,2023-07-18,9812
00720B,元大投資級公司債,38,17,21,元大-台中,2023-07-18,9812
1605,華新,25,4,21,元大-台中,2023-07-18,9812
00665L,富邦�琤肭磪囓�2,21,0,21,元大-台中,2023-07-18,9812
3149,正達,21,0,21,元大-台中,2023-07-18,9812
1533,車王電,20,0,20,元大-台中,2023-07-18,9812
4551,智伸科,20,0,20,元大-台中,2023-07-18,9812
2634,漢翔,50,31,19,元大-台中,2023-07-18,9812
2399,映泰,40,21,19,元大-台中,2023-07-18,9812
3078,僑威,53,35,18,元大-台中,2023-07-18,9812
6288,聯嘉,20,2,18,元大-台中,2023-07-18,9812
1528,恩德,17,0,17,元大-台中,2023-07-18,9812
00679B,元大美債20年,15,0,15,元大-台中,2023-07-18,9812
1605,華新,301,17,284,元大-台中,2023-07-19,9812
00632R,元大台灣50反1,228,0,228,元大-台中,2023-07-19,9812
6796,晉弘,217,4,213,元大-台中,2023-07-19,9812
6282,康舒,244,64,180,元大-台中,2023-07-19,9812
00929,復華台灣科技優息,170,26,144,元大-台中,2023-07-19,9812
1402,遠東新,123,0,123,元大-台中,2023-07-19,9812
2324,仁寶,217,99,118,元大-台中,2023-07-19,9812
8046,南電,106,2,104,元大-台中,2023-07-19,9812
2888,新光金,167,65,102,元大-台中,2023-07-19,9812
4566,時碩工業,155,57,98,元大-台中,2023-07-19,9812
6120,達運,75,5,70,元大-台中,2023-07-19,9812
00753L,中信中國50正2,67,0,67,元大-台中,2023-07-19,9812
6125,廣運,67,1,66,元大-台中,2023-07-19,9812
1514,亞力,66,7,59,元大-台中,2023-07-19,9812
2353,宏��,127,72,55,元大-台中,2023-07-19,9812
1504,東元,49,1,48,元大-台中,2023-07-19,9812
2495,普安,45,1,44,元大-台中,2023-07-19,9812
2329,華泰,75,32,43,元大-台中,2023-07-19,9812
2882,國泰金,44,3,41,元大-台中,2023-07-19,9812
3162,精確,40,0,40,元大-台中,2023-07-19,9812
2211,長榮鋼,39,0,39,元大-台中,2023-07-19,9812
3706,神達,240,202,38,元大-台中,2023-07-19,9812
2867,三商壽,37,0,37,元大-台中,2023-07-19,9812
00882,中信中國高股息,36,1,35,元大-台中,2023-07-19,9812
00673R,期元大S＆P原油反1,39,5,34,元大-台中,2023-07-19,9812
8215,明基材,32,1,31,元大-台中,2023-07-19,9812
2340,台亞,32,2,30,元大-台中,2023-07-19,9812
9110,越南控-DR,29,0,29,元大-台中,2023-07-19,9812
2313,華通,92,66,26,元大-台中,2023-07-19,9812
5469,瀚宇博,30,5,25,元大-台中,2023-07-19,9812
6116,彩晶,29,6,23,元大-台中,2023-07-19,9812
00922,國泰台灣領袖50,24,2,22,元大-台中,2023-07-19,9812
1529,樂事綠能,22,0,22,元大-台中,2023-07-19,9812
3710,連展投控,21,0,21,元大-台中,2023-07-19,9812
2059,川湖,20,0,20,元大-台中,2023-07-19,9812
00735,國泰臺韓科技,20,0,20,元大-台中,2023-07-19,9812
00751B,元大AAA至A公司債,19,0,19,元大-台中,2023-07-19,9812
2461,光群雷,28,9,19,元大-台中,2023-07-19,9812
2603,長榮,19,1,18,元大-台中,2023-07-19,9812
020038,元大ESG配息N,18,0,18,元大-台中,2023-07-19,9812
2801,彰銀,17,0,17,元大-台中,2023-07-19,9812
2634,漢翔,24,7,17,元大-台中,2023-07-19,9812
6770,力積電,18,3,15,元大-台中,2023-07-19,9812
1303,南亞,15,0,15,元大-台中,2023-07-19,9812
4116,明基醫,25,11,14,元大-台中,2023-07-19,9812
2890,永豐金,17,3,14,元大-台中,2023-07-19,9812
3682,亞太電,13,0,13,元大-台中,2023-07-19,9812
0050,元大台灣50,13,0,13,元大-台中,2023-07-19,9812
6179,亞通,12,0,12,元大-台中,2023-07-19,9812
3231,緯創,22,10,12,元大-台中,2023-07-19,9812
6274,台燿,801,607,194,元大-台中,2023-07-20,9812
2303,聯電,178,35,143,元大-台中,2023-07-20,9812
00929,復華台灣科技優息,99,0,99,元大-台中,2023-07-20,9812
6125,廣運,83,4,79,元大-台中,2023-07-20,9812
2618,長榮航,173,97,76,元大-台中,2023-07-20,9812
1102,亞泥,77,2,75,元大-台中,2023-07-20,9812
1218,泰山,60,0,60,元大-台中,2023-07-20,9812
00857B,永豐20年美公債,60,0,60,元大-台中,2023-07-20,9812
00712,復華富時不動產,59,0,59,元大-台中,2023-07-20,9812
2211,長榮鋼,47,0,47,元大-台中,2023-07-20,9812
6770,力積電,41,3,38,元大-台中,2023-07-20,9812
3013,晟銘電,39,4,35,元大-台中,2023-07-20,9812
4414,如興,29,0,29,元大-台中,2023-07-20,9812
2352,佳世達,54,28,26,元大-台中,2023-07-20,9812
2356,英業達,217,193,24,元大-台中,2023-07-20,9812
8215,明基材,25,1,24,元大-台中,2023-07-20,9812
2323,中環,23,1,22,元大-台中,2023-07-20,9812
3071,協禧,27,6,21,元大-台中,2023-07-20,9812
2023,燁輝,21,0,21,元大-台中,2023-07-20,9812
2436,偉詮電,50,30,20,元大-台中,2023-07-20,9812
3213,茂訊,20,0,20,元大-台中,2023-07-20,9812
3205,佰研,21,1,20,元大-台中,2023-07-20,9812
1217,愛之味,20,0,20,元大-台中,2023-07-20,9812
6156,松上,25,5,20,元大-台中,2023-07-20,9812
00680L,元大美債20正2,30,12,18,元大-台中,2023-07-20,9812
3037,欣興,62,45,17,元大-台中,2023-07-20,9812
00888,永豐台灣ESG,16,0,16,元大-台中,2023-07-20,9812
4123,晟德,101,85,16,元大-台中,2023-07-20,9812
2705,六福,17,1,16,元大-台中,2023-07-20,9812
2330,台積電,16,0,16,元大-台中,2023-07-20,9812
2329,華泰,31,16,15,元大-台中,2023-07-20,9812
2731,雄獅,16,1,15,元大-台中,2023-07-20,9812
6016,康和證,15,0,15,元大-台中,2023-07-20,9812
2206,三陽工業,26,13,13,元大-台中,2023-07-20,9812
00893,國泰智能電動車,52,39,13,元大-台中,2023-07-20,9812
2312,金寶,15,2,13,元大-台中,2023-07-20,9812
4726,永昕,16,3,13,元大-台中,2023-07-20,9812
5483,中美晶,13,0,13,元大-台中,2023-07-20,9812
5706,鳳凰,21,8,13,元大-台中,2023-07-20,9812
1319,東陽,12,0,12,元大-台中,2023-07-20,9812
2332,友訊,12,0,12,元大-台中,2023-07-20,9812
6689,伊雲谷,12,1,11,元大-台中,2023-07-20,9812
3264,欣銓,11,0,11,元大-台中,2023-07-20,9812
00795B,中信美國公債20年,15,4,11,元大-台中,2023-07-20,9812
2363,矽統,11,0,11,元大-台中,2023-07-20,9812
1795,美時,13,3,10,元大-台中,2023-07-20,9812
2354,鴻準,10,0,10,元大-台中,2023-07-20,9812
2022,聚亨,10,0,10,元大-台中,2023-07-20,9812
00632R,元大台灣50反1,10,0,10,元大-台中,2023-07-20,9812
3088,艾訊,10,0,10,元大-台中,2023-07-20,9812
2421,建準,436,40,396,元大-台中,2023-07-21,9812
2615,萬海,204,0,204,元大-台中,2023-07-21,9812
4916,事欣科,202,2,200,元大-台中,2023-07-21,9812
00902,中信電池及儲能,110,1,109,元大-台中,2023-07-21,9812
2357,華碩,110,5,105,元大-台中,2023-07-21,9812
3024,憶聲,77,1,76,元大-台中,2023-07-21,9812
2303,聯電,60,1,59,元大-台中,2023-07-21,9812
2344,華邦電,64,6,58,元大-台中,2023-07-21,9812
00929,復華台灣科技優息,78,21,57,元大-台中,2023-07-21,9812
00712,復華富時不動產,94,52,42,元大-台中,2023-07-21,9812
1513,中興電,108,68,40,元大-台中,2023-07-21,9812
4173,久裕,38,0,38,元大-台中,2023-07-21,9812
1605,華新,43,12,31,元大-台中,2023-07-21,9812
9105,泰金寶-DR,30,1,29,元大-台中,2023-07-21,9812
2382,廣達,177,149,28,元大-台中,2023-07-21,9812
2330,台積電,31,5,26,元大-台中,2023-07-21,9812
1218,泰山,25,0,25,元大-台中,2023-07-21,9812
6187,萬潤,46,22,24,元大-台中,2023-07-21,9812
00888,永豐台灣ESG,24,0,24,元大-台中,2023-07-21,9812
5258,虹堡,36,13,23,元大-台中,2023-07-21,9812
3163,波若威,22,0,22,元大-台中,2023-07-21,9812
2867,三商壽,22,0,22,元大-台中,2023-07-21,9812
5864,致和證,22,0,22,元大-台中,2023-07-21,9812
4533,協易機,28,7,21,元大-台中,2023-07-21,9812
6191,精成科,23,2,21,元大-台中,2023-07-21,9812
00673R,期元大S＆P原油反1,21,0,21,元大-台中,2023-07-21,9812
2009,第一銅,24,4,20,元大-台中,2023-07-21,9812
5009,榮剛,19,1,18,元大-台中,2023-07-21,9812
00903,富邦元宇宙,18,0,18,元大-台中,2023-07-21,9812
6244,茂迪,18,0,18,元大-台中,2023-07-21,9812
2374,佳能,18,0,18,元大-台中,2023-07-21,9812
2354,鴻準,18,0,18,元大-台中,2023-07-21,9812
2201,裕隆,23,5,18,元大-台中,2023-07-21,9812
3564,其陽,19,2,17,元大-台中,2023-07-21,9812
1529,樂事綠能,27,11,16,元大-台中,2023-07-21,9812
8390,金益鼎,16,1,15,元大-台中,2023-07-21,9812
2206,三陽工業,17,2,15,元大-台中,2023-07-21,9812
0050,元大台灣50,16,1,15,元大-台中,2023-07-21,9812
3260,威剛,14,0,14,元大-台中,2023-07-21,9812
2352,佳世達,20,6,14,元大-台中,2023-07-21,9812
2329,華泰,53,39,14,元大-台中,2023-07-21,9812
5347,世界,13,0,13,元大-台中,2023-07-21,9812
6282,康舒,61,48,13,元大-台中,2023-07-21,9812
3051,力特,37,24,13,元大-台中,2023-07-21,9812
2405,輔信,14,1,13,元大-台中,2023-07-21,9812
2353,宏��,25,13,12,元大-台中,2023-07-21,9812
2801,彰銀,12,1,11,元大-台中,2023-07-21,9812
1102,亞泥,15,4,11,元大-台中,2023-07-21,9812
2027,大成鋼,12,1,11,元大-台中,2023-07-21,9812
4906,正文,11,0,11,元大-台中,2023-07-21,9812
2615,萬海,297,0,297,元大-台中,2023-07-24,9812
2323,中環,205,48,157,元大-台中,2023-07-24,9812
1218,泰山,153,0,153,元大-台中,2023-07-24,9812
00712,復華富時不動產,126,0,126,元大-台中,2023-07-24,9812
2888,新光金,130,15,115,元大-台中,2023-07-24,9812
3481,群創,114,6,108,元大-台中,2023-07-24,9812
3162,精確,105,2,103,元大-台中,2023-07-24,9812
6188,廣明,833,746,87,元大-台中,2023-07-24,9812
1514,亞力,73,7,66,元大-台中,2023-07-24,9812
2405,輔信,93,30,63,元大-台中,2023-07-24,9812
3682,亞太電,57,0,57,元大-台中,2023-07-24,9812
2324,仁寶,90,38,52,元大-台中,2023-07-24,9812
2303,聯電,55,3,52,元大-台中,2023-07-24,9812
2356,英業達,80,32,48,元大-台中,2023-07-24,9812
00929,復華台灣科技優息,47,3,44,元大-台中,2023-07-24,9812
2891,中信金,47,4,43,元大-台中,2023-07-24,9812
2352,佳世達,50,9,41,元大-台中,2023-07-24,9812
00673R,期元大S＆P原油反1,41,0,41,元大-台中,2023-07-24,9812
3706,神達,42,7,35,元大-台中,2023-07-24,9812
2399,映泰,33,0,33,元大-台中,2023-07-24,9812
2014,中鴻,39,8,31,元大-台中,2023-07-24,9812
3715,定穎投控,31,2,29,元大-台中,2023-07-24,9812
8403,盛弘,27,0,27,元大-台中,2023-07-24,9812
1611,中電,27,0,27,元大-台中,2023-07-24,9812
00713,元大台灣高息低波,26,0,26,元大-台中,2023-07-24,9812
2329,華泰,142,117,25,元大-台中,2023-07-24,9812
3338,泰碩,54,29,25,元大-台中,2023-07-24,9812
00637L,元大滬深300正2,55,30,25,元大-台中,2023-07-24,9812
6446,藥華藥,25,0,25,元大-台中,2023-07-24,9812
1802,台玻,25,0,25,元大-台中,2023-07-24,9812
00885,富邦越南,39,15,24,元大-台中,2023-07-24,9812
1609,大亞,87,65,22,元大-台中,2023-07-24,9812
8261,富鼎,21,0,21,元大-台中,2023-07-24,9812
3013,晟銘電,68,48,20,元大-台中,2023-07-24,9812
00753L,中信中國50正2,20,0,20,元大-台中,2023-07-24,9812
1618,合機,24,4,20,元大-台中,2023-07-24,9812
6016,康和證,20,0,20,元大-台中,2023-07-24,9812
00665L,富邦�琤肭磪囓�2,20,0,20,元大-台中,2023-07-24,9812
3231,緯創,49,29,20,元大-台中,2023-07-24,9812
020038,元大ESG配息N,20,1,19,元大-台中,2023-07-24,9812
1905,華紙,97,80,17,元大-台中,2023-07-24,9812
4934,太極,18,1,17,元大-台中,2023-07-24,9812
4904,遠傳,16,0,16,元大-台中,2023-07-24,9812
2482,連宇,16,0,16,元大-台中,2023-07-24,9812
3447,展達,15,0,15,元大-台中,2023-07-24,9812
1102,亞泥,15,0,15,元大-台中,2023-07-24,9812
3035,智原,40,25,15,元大-台中,2023-07-24,9812
4532,瑞智,14,0,14,元大-台中,2023-07-24,9812
2425,承啟,34,20,14,元大-台中,2023-07-24,9812
6120,達運,21,7,14,元大-台中,2023-07-24,9812
2329,華泰,1166,9,1157,元大-台中,2023-07-25,9812
5258,虹堡,281,21,260,元大-台中,2023-07-25,9812
2615,萬海,160,0,160,元大-台中,2023-07-25,9812
2303,聯電,150,9,141,元大-台中,2023-07-25,9812
1560,中砂,376,246,130,元大-台中,2023-07-25,9812
8932,智通*,82,0,82,元大-台中,2023-07-25,9812
3013,晟銘電,64,7,57,元大-台中,2023-07-25,9812
2801,彰銀,51,0,51,元大-台中,2023-07-25,9812
00878,國泰永續高股息,103,52,51,元大-台中,2023-07-25,9812
00929,復華台灣科技優息,51,2,49,元大-台中,2023-07-25,9812
2382,廣達,215,167,48,元大-台中,2023-07-25,9812
6282,康舒,52,10,42,元大-台中,2023-07-25,9812
00900,富邦特選高股息30,40,3,37,元大-台中,2023-07-25,9812
00673R,期元大S＆P原油反1,46,10,36,元大-台中,2023-07-25,9812
1402,遠東新,35,0,35,元大-台中,2023-07-25,9812
6761,穩得,34,0,34,元大-台中,2023-07-25,9812
2388,威盛,46,13,33,元大-台中,2023-07-25,9812
9941,裕融,31,0,31,元大-台中,2023-07-25,9812
00679B,元大美債20年,44,17,27,元大-台中,2023-07-25,9812
1905,華紙,70,43,27,元大-台中,2023-07-25,9812
00720B,元大投資級公司債,26,0,26,元大-台中,2023-07-25,9812
4533,協易機,46,21,25,元大-台中,2023-07-25,9812
3051,力特,55,30,25,元大-台中,2023-07-25,9812
2316,楠梓電,40,16,24,元大-台中,2023-07-25,9812
00632R,元大台灣50反1,44,20,24,元大-台中,2023-07-25,9812
8234,新漢,38,14,24,元大-台中,2023-07-25,9812
3682,亞太電,21,0,21,元大-台中,2023-07-25,9812
2911,麗嬰房,21,0,21,元大-台中,2023-07-25,9812
3037,欣興,38,17,21,元大-台中,2023-07-25,9812
5469,瀚宇博,24,4,20,元大-台中,2023-07-25,9812
00885,富邦越南,20,0,20,元大-台中,2023-07-25,9812
2206,三陽工業,33,13,20,元大-台中,2023-07-25,9812
00926,凱基全球菁英55,18,0,18,元大-台中,2023-07-25,9812
6116,彩晶,24,6,18,元大-台中,2023-07-25,9812
2887,台新金,22,6,16,元大-台中,2023-07-25,9812
5452,佶優,15,0,15,元大-台中,2023-07-25,9812
6446,藥華藥,15,0,15,元大-台中,2023-07-25,9812
3588,通嘉,23,9,14,元大-台中,2023-07-25,9812
2368,金像電,33,20,13,元大-台中,2023-07-25,9812
2438,翔耀,13,0,13,元大-台中,2023-07-25,9812
3483,力致,12,0,12,元大-台中,2023-07-25,9812
5706,鳳凰,11,0,11,元大-台中,2023-07-25,9812
1227,佳格,11,0,11,元大-台中,2023-07-25,9812
2328,廣宇,42,31,11,元大-台中,2023-07-25,9812
2481,強茂,13,2,11,元大-台中,2023-07-25,9812
2883B,凱基金乙特,10,0,10,元大-台中,2023-07-25,9812
00725B,國泰投資級公司債,10,0,10,元大-台中,2023-07-25,9812
2834,臺企銀,17,7,10,元大-台中,2023-07-25,9812
3432,台端,10,0,10,元大-台中,2023-07-25,9812
5328,華容,10,0,10,元大-台中,2023-07-25,9812
1504,東元,1804,1473,331,元大-台中,2023-07-26,9812
2610,華航,102,8,94,元大-台中,2023-07-26,9812
3715,定穎投控,95,25,70,元大-台中,2023-07-26,9812
2376,技嘉,87,18,69,元大-台中,2023-07-26,9812
4726,永昕,79,12,67,元大-台中,2023-07-26,9812
3231,緯創,347,285,62,元大-台中,2023-07-26,9812
00878,國泰永續高股息,118,57,61,元大-台中,2023-07-26,9812
00673R,期元大S＆P原油反1,58,1,57,元大-台中,2023-07-26,9812
2884,玉山金,67,12,55,元大-台中,2023-07-26,9812
1402,遠東新,45,0,45,元大-台中,2023-07-26,9812
2206,三陽工業,52,8,44,元大-台中,2023-07-26,9812
2388,威盛,49,8,41,元大-台中,2023-07-26,9812
2617,台航,40,0,40,元大-台中,2023-07-26,9812
00929,復華台灣科技優息,40,5,35,元大-台中,2023-07-26,9812
1313,聯成,35,0,35,元大-台中,2023-07-26,9812
5234,達興材料,37,2,35,元大-台中,2023-07-26,9812
00637L,元大滬深300正2,74,41,33,元大-台中,2023-07-26,9812
3682,亞太電,31,0,31,元大-台中,2023-07-26,9812
1609,大亞,52,22,30,元大-台中,2023-07-26,9812
00687B,國泰20年美債,30,0,30,元大-台中,2023-07-26,9812
6770,力積電,28,0,28,元大-台中,2023-07-26,9812
00679B,元大美債20年,33,6,27,元大-台中,2023-07-26,9812
1618,合機,58,33,25,元大-台中,2023-07-26,9812
2344,華邦電,27,2,25,元大-台中,2023-07-26,9812
2201,裕隆,22,0,22,元大-台中,2023-07-26,9812
6442,光聖,22,0,22,元大-台中,2023-07-26,9812
4763,材料-KY,26,5,21,元大-台中,2023-07-26,9812
3221,台嘉碩,20,0,20,元大-台中,2023-07-26,9812
6270,倍微,20,0,20,元大-台中,2023-07-26,9812
1210,大成,20,2,18,元大-台中,2023-07-26,9812
2421,建準,46,29,17,元大-台中,2023-07-26,9812
3596,智易,16,1,15,元大-台中,2023-07-26,9812
6120,達運,16,1,15,元大-台中,2023-07-26,9812
6182,合晶,15,1,14,元大-台中,2023-07-26,9812
1104,環泥,14,0,14,元大-台中,2023-07-26,9812
6112,邁達特,41,28,13,元大-台中,2023-07-26,9812
00930,永豐ESG低碳高息,13,0,13,元大-台中,2023-07-26,9812
6527,明達醫,13,0,13,元大-台中,2023-07-26,9812
6156,松上,23,10,13,元大-台中,2023-07-26,9812
2609,陽明,32,19,13,元大-台中,2023-07-26,9812
5483,中美晶,13,1,12,元大-台中,2023-07-26,9812
4938,和碩,12,0,12,元大-台中,2023-07-26,9812
6585,鼎基,13,1,12,元大-台中,2023-07-26,9812
2371,大同,24,13,11,元大-台中,2023-07-26,9812
6426,統新,11,0,11,元大-台中,2023-07-26,9812
2413,環科,12,1,11,元大-台中,2023-07-26,9812
6806,森崴能源,11,0,11,元大-台中,2023-07-26,9812
8358,金居,30,19,11,元大-台中,2023-07-26,9812
2002,中鋼,20,9,11,元大-台中,2023-07-26,9812
1303,南亞,10,0,10,元大-台中,2023-07-26,9812
1802,台玻,816,67,749,元大-台中,2023-07-27,9812
1905,華紙,816,70,746,元大-台中,2023-07-27,9812
3715,定穎投控,155,2,153,元大-台中,2023-07-27,9812
3231,緯創,129,17,112,元大-台中,2023-07-27,9812
2882,國泰金,83,6,77,元大-台中,2023-07-27,9812
00720B,元大投資級公司債,66,0,66,元大-台中,2023-07-27,9812
4533,協易機,98,37,61,元大-台中,2023-07-27,9812
00632R,元大台灣50反1,56,0,56,元大-台中,2023-07-27,9812
00679B,元大美債20年,56,2,54,元大-台中,2023-07-27,9812
00687B,國泰20年美債,45,0,45,元大-台中,2023-07-27,9812
2884,玉山金,49,7,42,元大-台中,2023-07-27,9812
2405,輔信,53,13,40,元大-台中,2023-07-27,9812
2382,廣達,140,101,39,元大-台中,2023-07-27,9812
2425,承啟,53,15,38,元大-台中,2023-07-27,9812
00919,群益台灣精選高息,37,0,37,元大-台中,2023-07-27,9812
3576,聯合再生,30,0,30,元大-台中,2023-07-27,9812
00878,國泰永續高股息,46,16,30,元大-台中,2023-07-27,9812
2421,建準,246,219,27,元大-台中,2023-07-27,9812
00673R,期元大S＆P原油反1,27,3,24,元大-台中,2023-07-27,9812
3306,鼎天,26,2,24,元大-台中,2023-07-27,9812
2883B,凱基金乙特,22,0,22,元大-台中,2023-07-27,9812
1313,聯成,28,6,22,元大-台中,2023-07-27,9812
8234,新漢,54,33,21,元大-台中,2023-07-27,9812
1815,富喬,28,7,21,元大-台中,2023-07-27,9812
1454,台富,20,0,20,元大-台中,2023-07-27,9812
2002,中鋼,28,8,20,元大-台中,2023-07-27,9812
2449,京元電子,19,0,19,元大-台中,2023-07-27,9812
6160,欣技,18,0,18,元大-台中,2023-07-27,9812
3038,全台,20,2,18,元大-台中,2023-07-27,9812
2301,光寶科,86,70,16,元大-台中,2023-07-27,9812
2369,菱生,24,8,16,元大-台中,2023-07-27,9812
1535,中宇,15,0,15,元大-台中,2023-07-27,9812
2312,金寶,13,0,13,元大-台中,2023-07-27,9812
00885,富邦越南,13,0,13,元大-台中,2023-07-27,9812
2890,永豐金,13,0,13,元大-台中,2023-07-27,9812
2345,智邦,22,10,12,元大-台中,2023-07-27,9812
1522,堤維西,13,1,12,元大-台中,2023-07-27,9812
4164,承業醫,13,1,12,元大-台中,2023-07-27,9812
8028,昇陽半導體,14,3,11,元大-台中,2023-07-27,9812
2027,大成鋼,24,13,11,元大-台中,2023-07-27,9812
2211,長榮鋼,11,0,11,元大-台中,2023-07-27,9812
9930,中聯資源,11,0,11,元大-台中,2023-07-27,9812
00664R,國泰臺灣加權反1,10,0,10,元大-台中,2023-07-27,9812
2380,虹光,10,0,10,元大-台中,2023-07-27,9812
4915,致伸,10,0,10,元大-台中,2023-07-27,9812
2462,良得電,11,1,10,元大-台中,2023-07-27,9812
4116,明基醫,10,0,10,元大-台中,2023-07-27,9812
2367,燿華,10,0,10,元大-台中,2023-07-27,9812
2609,陽明,29,19,10,元大-台中,2023-07-27,9812
5203,訊連,9,0,9,元大-台中,2023-07-27,9812
2301,光寶科,371,77,294,元大-台中,2023-07-28,9812
2888,新光金,327,144,183,元大-台中,2023-07-28,9812
00687B,國泰20年美債,182,4,178,元大-台中,2023-07-28,9812
2303,聯電,115,15,100,元大-台中,2023-07-28,9812
2610,華航,109,22,87,元大-台中,2023-07-28,9812
00679B,元大美債20年,75,0,75,元大-台中,2023-07-28,9812
00706L,期元大S＆P日圓正2,73,0,73,元大-台中,2023-07-28,9812
00720B,元大投資級公司債,57,0,57,元大-台中,2023-07-28,9812
8932,智通*,52,0,52,元大-台中,2023-07-28,9812
2409,友達,80,36,44,元大-台中,2023-07-28,9812
00680L,元大美債20正2,30,0,30,元大-台中,2023-07-28,9812
00688L,國泰20年美債正2,30,0,30,元大-台中,2023-07-28,9812
00665L,富邦�琤肭磪囓�2,40,10,30,元大-台中,2023-07-28,9812
2618,長榮航,41,12,29,元大-台中,2023-07-28,9812
2002,中鋼,31,2,29,元大-台中,2023-07-28,9812
2388,威盛,36,8,28,元大-台中,2023-07-28,9812
00919,群益台灣精選高息,29,3,26,元大-台中,2023-07-28,9812
2401,凌陽,24,0,24,元大-台中,2023-07-28,9812
6125,廣運,31,7,24,元大-台中,2023-07-28,9812
8110,華東,23,0,23,元大-台中,2023-07-28,9812
2317,鴻海,26,3,23,元大-台中,2023-07-28,9812
2882,國泰金,22,0,22,元大-台中,2023-07-28,9812
2369,菱生,46,24,22,元大-台中,2023-07-28,9812
6133,金橋,22,0,22,元大-台中,2023-07-28,9812
1504,東元,37,15,22,元大-台中,2023-07-28,9812
8028,昇陽半導體,20,0,20,元大-台中,2023-07-28,9812
3088,艾訊,22,2,20,元大-台中,2023-07-28,9812
6446,藥華藥,39,20,19,元大-台中,2023-07-28,9812
00673R,期元大S＆P原油反1,19,0,19,元大-台中,2023-07-28,9812
4989,榮科,23,4,19,元大-台中,2023-07-28,9812
00772B,中信高評級公司債,18,0,18,元大-台中,2023-07-28,9812
2885,元大金,18,0,18,元大-台中,2023-07-28,9812
00795B,中信美國公債20年,19,1,18,元大-台中,2023-07-28,9812
6187,萬潤,23,5,18,元大-台中,2023-07-28,9812
4726,永昕,18,1,17,元大-台中,2023-07-28,9812
00712,復華富時不動產,16,0,16,元大-台中,2023-07-28,9812
00751B,元大AAA至A公司債,16,0,16,元大-台中,2023-07-28,9812
2337,旺宏,36,20,16,元大-台中,2023-07-28,9812
5880,合庫金,17,2,15,元大-台中,2023-07-28,9812
4123,晟德,20,5,15,元大-台中,2023-07-28,9812
3038,全台,16,2,14,元大-台中,2023-07-28,9812
1609,大亞,17,3,14,元大-台中,2023-07-28,9812
1904,正隆,15,2,13,元大-台中,2023-07-28,9812
2731,雄獅,18,5,13,元大-台中,2023-07-28,9812
4741,泓瀚,14,1,13,元大-台中,2023-07-28,9812
2891,中信金,15,2,13,元大-台中,2023-07-28,9812
8358,金居,77,65,12,元大-台中,2023-07-28,9812
1314,中石化,12,0,12,元大-台中,2023-07-28,9812
6642,富致,13,1,12,元大-台中,2023-07-28,9812
2312,金寶,12,1,11,元大-台中,2023-07-28,9812
2880,華南金,276,2,274,元大-台中,2023-07-31,9812
3325,旭品,267,52,215,元大-台中,2023-07-31,9812
2882,國泰金,183,3,180,元大-台中,2023-07-31,9812
00753L,中信中國50正2,100,0,100,元大-台中,2023-07-31,9812
00706L,期元大S＆P日圓正2,82,0,82,元大-台中,2023-07-31,9812
2329,華泰,185,105,80,元大-台中,2023-07-31,9812
2409,友達,84,13,71,元大-台中,2023-07-31,9812
3231,緯創,139,72,67,元大-台中,2023-07-31,9812
00679B,元大美債20年,52,2,50,元大-台中,2023-07-31,9812
2887,台新金,44,0,44,元大-台中,2023-07-31,9812
00929,復華台灣科技優息,75,34,41,元大-台中,2023-07-31,9812
00665L,富邦�琤肭磪囓�2,50,10,40,元大-台中,2023-07-31,9812
1802,台玻,192,155,37,元大-台中,2023-07-31,9812
8932,智通*,36,0,36,元大-台中,2023-07-31,9812
2352,佳世達,50,14,36,元大-台中,2023-07-31,9812
2609,陽明,49,14,35,元大-台中,2023-07-31,9812
2382,廣達,121,87,34,元大-台中,2023-07-31,9812
1513,中興電,64,30,34,元大-台中,2023-07-31,9812
2883,凱基金,51,19,32,元大-台中,2023-07-31,9812
2441,超豐,31,0,31,元大-台中,2023-07-31,9812
4113,聯上,30,0,30,元大-台中,2023-07-31,9812
6443,元晶,30,5,25,元大-台中,2023-07-31,9812
2388,威盛,34,9,25,元大-台中,2023-07-31,9812
5285,界霖,25,1,24,元大-台中,2023-07-31,9812
2618,長榮航,32,9,23,元大-台中,2023-07-31,9812
2812,台中銀,22,0,22,元大-台中,2023-07-31,9812
6182,合晶,21,0,21,元大-台中,2023-07-31,9812
3027,盛達,20,0,20,元大-台中,2023-07-31,9812
6788,華景電,23,3,20,元大-台中,2023-07-31,9812
2402,毅嘉,23,4,19,元大-台中,2023-07-31,9812
3078,僑威,23,5,18,元大-台中,2023-07-31,9812
6231,系微,20,2,18,元大-台中,2023-07-31,9812
1605,華新,28,10,18,元大-台中,2023-07-31,9812
9105,泰金寶-DR,18,0,18,元大-台中,2023-07-31,9812
2458,義隆,17,0,17,元大-台中,2023-07-31,9812
3227,原相,17,1,16,元大-台中,2023-07-31,9812
5439,高技,16,0,16,元大-台中,2023-07-31,9812
1313,聯成,15,0,15,元大-台中,2023-07-31,9812
8068,全達,15,0,15,元大-台中,2023-07-31,9812
2801,彰銀,15,0,15,元大-台中,2023-07-31,9812
3706,神達,20,5,15,元大-台中,2023-07-31,9812
2356,英業達,37,22,15,元大-台中,2023-07-31,9812
6411,晶焱,17,3,14,元大-台中,2023-07-31,9812
00632R,元大台灣50反1,42,28,14,元大-台中,2023-07-31,9812
3037,欣興,22,8,14,元大-台中,2023-07-31,9812
3005,神基,14,1,13,元大-台中,2023-07-31,9812
1301,台塑,13,0,13,元大-台中,2023-07-31,9812
00919,群益台灣精選高息,17,4,13,元大-台中,2023-07-31,9812
2002,中鋼,29,17,12,元大-台中,2023-07-31,9812
4938,和碩,18,6,12,元大-台中,2023-07-31,9812
2009,第一銅,1506,34,1472,元大-台中,2023-08-01,9812
2882,國泰金,643,32,611,元大-台中,2023-08-01,9812
00637L,元大滬深300正2,225,0,225,元大-台中,2023-08-01,9812
3325,旭品,249,35,214,元大-台中,2023-08-01,9812
6282,康舒,233,35,198,元大-台中,2023-08-01,9812
2892,第一金,140,8,132,元大-台中,2023-08-01,9812
00680L,元大美債20正2,124,15,109,元大-台中,2023-08-01,9812
2388,威盛,79,8,71,元大-台中,2023-08-01,9812
00929,復華台灣科技優息,62,1,61,元大-台中,2023-08-01,9812
2107,厚生,60,0,60,元大-台中,2023-08-01,9812
2401,凌陽,152,99,53,元大-台中,2023-08-01,9812
00924,復華S＆P500成長,50,0,50,元大-台中,2023-08-01,9812
2312,金寶,65,19,46,元大-台中,2023-08-01,9812
2891,中信金,45,3,42,元大-台中,2023-08-01,9812
3033,威健,37,0,37,元大-台中,2023-08-01,9812
00706L,期元大S＆P日圓正2,33,0,33,元大-台中,2023-08-01,9812
00885,富邦越南,39,8,31,元大-台中,2023-08-01,9812
2449,京元電子,53,23,30,元大-台中,2023-08-01,9812
1905,華紙,34,5,29,元大-台中,2023-08-01,9812
8215,明基材,30,1,29,元大-台中,2023-08-01,9812
5009,榮剛,28,1,27,元大-台中,2023-08-01,9812
3682,亞太電,27,0,27,元大-台中,2023-08-01,9812
2467,志聖,26,0,26,元大-台中,2023-08-01,9812
6285,啟��,73,48,25,元大-台中,2023-08-01,9812
2883,凱基金,26,1,25,元大-台中,2023-08-01,9812
5388,中磊,31,10,21,元大-台中,2023-08-01,9812
00882,中信中國高股息,20,0,20,元大-台中,2023-08-01,9812
2382,廣達,108,88,20,元大-台中,2023-08-01,9812
2337,旺宏,31,12,19,元大-台中,2023-08-01,9812
2344,華邦電,34,15,19,元大-台中,2023-08-01,9812
2913,農林,44,25,19,元大-台中,2023-08-01,9812
2349,錸德,17,0,17,元大-台中,2023-08-01,9812
8440,綠電,15,0,15,元大-台中,2023-08-01,9812
6214,精誠,17,2,15,元大-台中,2023-08-01,9812
00679B,元大美債20年,28,14,14,元大-台中,2023-08-01,9812
2881,富邦金,16,2,14,元大-台中,2023-08-01,9812
2890,永豐金,24,10,14,元大-台中,2023-08-01,9812
00673R,期元大S＆P原油反1,13,0,13,元大-台中,2023-08-01,9812
6263,普萊德,12,0,12,元大-台中,2023-08-01,9812
2359,所羅門,14,2,12,元大-台中,2023-08-01,9812
4960,誠美材,12,0,12,元大-台中,2023-08-01,9812
2609,陽明,14,2,12,元大-台中,2023-08-01,9812
6531,愛普*,19,8,11,元大-台中,2023-08-01,9812
2481,強茂,12,1,11,元大-台中,2023-08-01,9812
3209,全科,12,1,11,元大-台中,2023-08-01,9812
2201,裕隆,11,0,11,元大-台中,2023-08-01,9812
6160,欣技,11,0,11,元大-台中,2023-08-01,9812
5864,致和證,11,0,11,元大-台中,2023-08-01,9812
2022,聚亨,11,0,11,元大-台中,2023-08-01,9812
2002,中鋼,12,1,11,元大-台中,2023-08-01,9812
00878,國泰永續高股息,329,98,231,元大-台中,2023-08-02,9812
1605,華新,625,428,197,元大-台中,2023-08-02,9812
2009,第一銅,203,20,183,元大-台中,2023-08-02,9812
3481,群創,196,18,178,元大-台中,2023-08-02,9812
2888,新光金,212,71,141,元大-台中,2023-08-02,9812
2409,友達,141,23,118,元大-台中,2023-08-02,9812
00885,富邦越南,133,20,113,元大-台中,2023-08-02,9812
2610,華航,109,3,106,元大-台中,2023-08-02,9812
00905,FT臺灣Smart,100,0,100,元大-台中,2023-08-02,9812
2881,富邦金,97,4,93,元大-台中,2023-08-02,9812
3162,精確,90,0,90,元大-台中,2023-08-02,9812
1609,大亞,302,227,75,元大-台中,2023-08-02,9812
00923,群益台ESG低碳50,73,0,73,元大-台中,2023-08-02,9812
00679B,元大美債20年,70,1,69,元大-台中,2023-08-02,9812
00637L,元大滬深300正2,89,22,67,元大-台中,2023-08-02,9812
00665L,富邦�琤肭磪囓�2,60,0,60,元大-台中,2023-08-02,9812
00929,復華台灣科技優息,61,1,60,元大-台中,2023-08-02,9812
6160,欣技,40,0,40,元大-台中,2023-08-02,9812
00680L,元大美債20正2,43,6,37,元大-台中,2023-08-02,9812
00881,國泰台灣5G+,44,8,36,元大-台中,2023-08-02,9812
00720B,元大投資級公司債,36,0,36,元大-台中,2023-08-02,9812
00687B,國泰20年美債,35,0,35,元大-台中,2023-08-02,9812
00688L,國泰20年美債正2,33,0,33,元大-台中,2023-08-02,9812
2338,光罩,32,0,32,元大-台中,2023-08-02,9812
0056,元大高股息,80,49,31,元大-台中,2023-08-02,9812
2317,鴻海,35,5,30,元大-台中,2023-08-02,9812
2426,鼎元,30,0,30,元大-台中,2023-08-02,9812
00900,富邦特選高股息30,72,44,28,元大-台中,2023-08-02,9812
2401,凌陽,33,6,27,元大-台中,2023-08-02,9812
2002,中鋼,42,15,27,元大-台中,2023-08-02,9812
2382,廣達,147,121,26,元大-台中,2023-08-02,9812
5347,世界,26,0,26,元大-台中,2023-08-02,9812
00903,富邦元宇宙,25,0,25,元大-台中,2023-08-02,9812
00753L,中信中國50正2,55,30,25,元大-台中,2023-08-02,9812
2516,新建,30,6,24,元大-台中,2023-08-02,9812
2412,中華電,24,0,24,元大-台中,2023-08-02,9812
3044,健鼎,33,10,23,元大-台中,2023-08-02,9812
2887,台新金,22,1,21,元大-台中,2023-08-02,9812
4105,東洋,21,0,21,元大-台中,2023-08-02,9812
2886,兆豐金,21,1,20,元大-台中,2023-08-02,9812
00673R,期元大S＆P原油反1,30,10,20,元大-台中,2023-08-02,9812
00902,中信電池及儲能,20,0,20,元大-台中,2023-08-02,9812
00671R,富邦NASDAQ反1,20,0,20,元大-台中,2023-08-02,9812
00907,永豐優息存股,21,2,19,元大-台中,2023-08-02,9812
4532,瑞智,21,2,19,元大-台中,2023-08-02,9812
2801,彰銀,19,0,19,元大-台中,2023-08-02,9812
3663,鑫科,44,26,18,元大-台中,2023-08-02,9812
00795B,中信美國公債20年,17,0,17,元大-台中,2023-08-02,9812
1216,統一,18,1,17,元大-台中,2023-08-02,9812
2367,燿華,17,0,17,元大-台中,2023-08-02,9812
00687B,國泰20年美債,1164,1,1163,元大-台中,2023-08-04,9812
3689,湧德,521,1,520,元大-台中,2023-08-04,9812
2344,華邦電,218,36,182,元大-台中,2023-08-04,9812
2002,中鋼,113,0,113,元大-台中,2023-08-04,9812
00885,富邦越南,111,9,102,元大-台中,2023-08-04,9812
2881,富邦金,100,1,99,元大-台中,2023-08-04,9812
00679B,元大美債20年,100,3,97,元大-台中,2023-08-04,9812
8932,智通*,92,0,92,元大-台中,2023-08-04,9812
00680L,元大美債20正2,82,12,70,元大-台中,2023-08-04,9812
6732,昇佳電子,72,2,70,元大-台中,2023-08-04,9812
00900,富邦特選高股息30,64,1,63,元大-台中,2023-08-04,9812
00929,復華台灣科技優息,58,1,57,元大-台中,2023-08-04,9812
00772B,中信高評級公司債,52,0,52,元大-台中,2023-08-04,9812
00893,國泰智能電動車,51,2,49,元大-台中,2023-08-04,9812
00720B,元大投資級公司債,46,0,46,元大-台中,2023-08-04,9812
2376,技嘉,54,15,39,元大-台中,2023-08-04,9812
6235,華孚,51,13,38,元大-台中,2023-08-04,9812
2356,英業達,111,74,37,元大-台中,2023-08-04,9812
00795B,中信美國公債20年,35,0,35,元大-台中,2023-08-04,9812
8215,明基材,36,3,33,元大-台中,2023-08-04,9812
0056,元大高股息,58,26,32,元大-台中,2023-08-04,9812
3576,聯合再生,33,0,33,元大-台中,2023-08-04,9812
00688L,國泰20年美債正2,29,0,29,元大-台中,2023-08-04,9812
00673R,期元大S＆P原油反1,26,0,26,元大-台中,2023-08-04,9812
00923,群益台ESG低碳50,28,3,25,元大-台中,2023-08-04,9812
1313,聯成,25,0,25,元大-台中,2023-08-04,9812
3706,神達,42,17,25,元大-台中,2023-08-04,9812
2382,廣達,105,83,22,元大-台中,2023-08-04,9812
3013,晟銘電,24,3,21,元大-台中,2023-08-04,9812
00665L,富邦�琤肭磪囓�2,21,0,21,元大-台中,2023-08-04,9812
2891,中信金,22,1,21,元大-台中,2023-08-04,9812
2911,麗嬰房,21,0,21,元大-台中,2023-08-04,9812
00751B,元大AAA至A公司債,21,1,20,元大-台中,2023-08-04,9812
2440,太空梭,20,0,20,元大-台中,2023-08-04,9812
1785,光洋科,41,22,19,元大-台中,2023-08-04,9812
2329,華泰,42,24,18,元大-台中,2023-08-04,9812
1714,和桐,17,0,17,元大-台中,2023-08-04,9812
2426,鼎元,17,1,16,元大-台中,2023-08-04,9812
2352,佳世達,22,7,15,元大-台中,2023-08-04,9812
2618,長榮航,21,6,15,元大-台中,2023-08-04,9812
2007,燁興,15,0,15,元大-台中,2023-08-04,9812
00706L,期元大S＆P日圓正2,15,0,15,元大-台中,2023-08-04,9812
3034,聯詠,15,1,14,元大-台中,2023-08-04,9812
2388,威盛,45,31,14,元大-台中,2023-08-04,9812
3704,合勤控,15,1,14,元大-台中,2023-08-04,9812
00661,元大日經225,12,0,12,元大-台中,2023-08-04,9812
00922,國泰台灣領袖50,12,0,12,元大-台中,2023-08-04,9812
3021,鴻名,12,0,12,元大-台中,2023-08-04,9812
00725B,國泰投資級公司債,11,0,11,元大-台中,2023-08-04,9812
8440,綠電,13,2,11,元大-台中,2023-08-04,9812
2356,英業達,1105,281,824,元大-台中,2023-08-07,9812
3163,波若威,212,9,203,元大-台中,2023-08-07,9812
2382,廣達,207,81,126,元大-台中,2023-08-07,9812
2634,漢翔,134,12,122,元大-台中,2023-08-07,9812
2888,新光金,113,2,111,元大-台中,2023-08-07,9812
00637L,元大滬深300正2,131,24,107,元大-台中,2023-08-07,9812
00931B,統一美債20年,87,1,86,元大-台中,2023-08-07,9812
2211,長榮鋼,64,0,64,元大-台中,2023-08-07,9812
00680L,元大美債20正2,69,13,56,元大-台中,2023-08-07,9812
00878,國泰永續高股息,86,40,46,元大-台中,2023-08-07,9812
00706L,期元大S＆P日圓正2,44,0,44,元大-台中,2023-08-07,9812
00720B,元大投資級公司債,42,0,42,元大-台中,2023-08-07,9812
2618,長榮航,99,60,39,元大-台中,2023-08-07,9812
2913,農林,39,6,33,元大-台中,2023-08-07,9812
2352,佳世達,75,43,32,元大-台中,2023-08-07,9812
3362,先進光,31,0,31,元大-台中,2023-08-07,9812
2867,三商壽,31,0,31,元大-台中,2023-08-07,9812
5009,榮剛,38,7,31,元大-台中,2023-08-07,9812
3380,明泰,30,0,30,元大-台中,2023-08-07,9812
00923,群益台ESG低碳50,29,1,28,元大-台中,2023-08-07,9812
00673R,期元大S＆P原油反1,27,0,27,元大-台中,2023-08-07,9812
00900,富邦特選高股息30,59,33,26,元大-台中,2023-08-07,9812
3704,合勤控,25,0,25,元大-台中,2023-08-07,9812
2388,威盛,63,39,24,元大-台中,2023-08-07,9812
2317,鴻海,40,15,25,元大-台中,2023-08-07,9812
4915,致伸,33,10,23,元大-台中,2023-08-07,9812
3682,亞太電,23,0,23,元大-台中,2023-08-07,9812
6125,廣運,55,33,22,元大-台中,2023-08-07,9812
3576,聯合再生,26,4,22,元大-台中,2023-08-07,9812
8390,金益鼎,26,5,21,元大-台中,2023-08-07,9812
00688L,國泰20年美債正2,21,0,21,元大-台中,2023-08-07,9812
2415,錩新,20,0,20,元大-台中,2023-08-07,9812
2440,太空梭,19,0,19,元大-台中,2023-08-07,9812
2301,光寶科,151,132,19,元大-台中,2023-08-07,9812
2409,友達,23,6,17,元大-台中,2023-08-07,9812
1515,力山,16,0,16,元大-台中,2023-08-07,9812
00753L,中信中國50正2,15,0,15,元大-台中,2023-08-07,9812
8096,擎亞,15,0,15,元大-台中,2023-08-07,9812
6275,元山,26,11,15,元大-台中,2023-08-07,9812
00882,中信中國高股息,15,0,15,元大-台中,2023-08-07,9812
00751B,元大AAA至A公司債,14,0,14,元大-台中,2023-08-07,9812
2376,技嘉,136,122,14,元大-台中,2023-08-07,9812
2891,中信金,13,0,13,元大-台中,2023-08-07,9812
2885,元大金,14,1,13,元大-台中,2023-08-07,9812
2368,金像電,19,7,12,元大-台中,2023-08-07,9812
3374,精材,12,0,12,元大-台中,2023-08-07,9812
2344,華邦電,23,12,11,元大-台中,2023-08-07,9812
4934,太極,12,1,11,元大-台中,2023-08-07,9812
2748,雲品,12,1,11,元大-台中,2023-08-07,9812
4116,明基醫,15,4,11,元大-台中,2023-08-07,9812
3325,旭品,457,22,435,元大-台中,2023-08-08,9812
00900,富邦特選高股息30,123,2,121,元大-台中,2023-08-08,9812
2888,新光金,201,101,100,元大-台中,2023-08-08,9812
00637L,元大滬深300正2,105,36,69,元大-台中,2023-08-08,9812
3362,先進光,64,1,63,元大-台中,2023-08-08,9812
2376,技嘉,152,94,58,元大-台中,2023-08-08,9812
00929,復華台灣科技優息,58,1,57,元大-台中,2023-08-08,9812
2405,輔信,55,2,53,元大-台中,2023-08-08,9812
00706L,期元大S＆P日圓正2,49,0,49,元大-台中,2023-08-08,9812
2892,第一金,47,0,47,元大-台中,2023-08-08,9812
2303,聯電,48,5,43,元大-台中,2023-08-08,9812
3706,神達,71,28,43,元大-台中,2023-08-08,9812
00885,富邦越南,49,6,43,元大-台中,2023-08-08,9812
6189,豐藝,41,0,41,元大-台中,2023-08-08,9812
4714,永捷,40,0,40,元大-台中,2023-08-08,9812
00924,復華S＆P500成長,39,0,39,元大-台中,2023-08-08,9812
2211,長榮鋼,44,8,36,元大-台中,2023-08-08,9812
6274,台燿,56,21,35,元大-台中,2023-08-08,9812
8932,智通*,34,0,34,元大-台中,2023-08-08,9812
3231,緯創,520,488,32,元大-台中,2023-08-08,9812
1101,台泥,27,0,27,元大-台中,2023-08-08,9812
00931B,統一美債20年,27,0,27,元大-台中,2023-08-08,9812
00679B,元大美債20年,30,4,26,元大-台中,2023-08-08,9812
00891,中信關鍵半導體,23,0,23,元大-台中,2023-08-08,9812
00923,群益台ESG低碳50,22,0,22,元大-台中,2023-08-08,9812
5425,台半,26,5,21,元大-台中,2023-08-08,9812
00881,國泰台灣5G+,21,0,21,元大-台中,2023-08-08,9812
6414,樺漢,20,0,20,元大-台中,2023-08-08,9812
2891,中信金,19,0,19,元大-台中,2023-08-08,9812
1609,大亞,61,43,18,元大-台中,2023-08-08,9812
6209,今國光,20,2,18,元大-台中,2023-08-08,9812
00888,永豐台灣ESG,19,1,18,元大-台中,2023-08-08,9812
00907,永豐優息存股,18,0,18,元大-台中,2023-08-08,9812
2344,華邦電,18,1,17,元大-台中,2023-08-08,9812
1598,岱宇,17,0,17,元大-台中,2023-08-08,9812
2002,中鋼,17,0,17,元大-台中,2023-08-08,9812
3027,盛達,16,1,15,元大-台中,2023-08-08,9812
2887,台新金,14,1,13,元大-台中,2023-08-08,9812
2301,光寶科,52,39,13,元大-台中,2023-08-08,9812
2886,兆豐金,12,1,11,元大-台中,2023-08-08,9812
6719,力智,11,0,11,元大-台中,2023-08-08,9812
3038,全台,15,4,11,元大-台中,2023-08-08,9812
2367,燿華,14,3,11,元大-台中,2023-08-08,9812
3029,零壹,23,12,11,元大-台中,2023-08-08,9812
2415,錩新,16,5,11,元大-台中,2023-08-08,9812
00720B,元大投資級公司債,11,0,11,元大-台中,2023-08-08,9812
006208,富邦台50,10,0,10,元大-台中,2023-08-08,9812
00927,群益半導體收益,10,0,10,元大-台中,2023-08-08,9812
2884,玉山金,11,1,10,元大-台中,2023-08-08,9812
1795,美時,10,0,10,元大-台中,2023-08-08,9812
00900,富邦特選高股息30,196,38,158,元大-台中,2023-08-09,9812
00680L,元大美債20正2,138,15,123,元大-台中,2023-08-09,9812
00929,復華台灣科技優息,106,0,106,元大-台中,2023-08-09,9812
00637L,元大滬深300正2,65,10,55,元大-台中,2023-08-09,9812
00706L,期元大S＆P日圓正2,50,0,50,元大-台中,2023-08-09,9812
2615,萬海,50,0,50,元大-台中,2023-08-09,9812
00688L,國泰20年美債正2,48,0,48,元大-台中,2023-08-09,9812
2344,華邦電,48,4,44,元大-台中,2023-08-09,9812
2883,凱基金,50,15,35,元大-台中,2023-08-09,9812
3078,僑威,43,9,34,元大-台中,2023-08-09,9812
1609,大亞,200,169,31,元大-台中,2023-08-09,9812
1605,華新,26,0,26,元大-台中,2023-08-09,9812
6185,幃翔,25,0,25,元大-台中,2023-08-09,9812
00665L,富邦�琤肭磪囓�2,23,0,23,元大-台中,2023-08-09,9812
1217,愛之味,32,10,22,元大-台中,2023-08-09,9812
00881,國泰台灣5G+,22,1,21,元大-台中,2023-08-09,9812
2009,第一銅,21,0,21,元大-台中,2023-08-09,9812
2801,彰銀,20,0,20,元大-台中,2023-08-09,9812
6485,點序,19,0,19,元大-台中,2023-08-09,9812
1513,中興電,27,9,18,元大-台中,2023-08-09,9812
00632R,元大台灣50反1,20,2,18,元大-台中,2023-08-09,9812
2421,建準,16,0,16,元大-台中,2023-08-09,9812
1528,恩德,15,0,15,元大-台中,2023-08-09,9812
5452,佶優,31,17,14,元大-台中,2023-08-09,9812
2481,強茂,14,1,13,元大-台中,2023-08-09,9812
6414,樺漢,13,0,13,元大-台中,2023-08-09,9812
00923,群益台ESG低碳50,19,7,12,元大-台中,2023-08-09,9812
5425,台半,15,3,12,元大-台中,2023-08-09,9812
5426,振發,14,2,12,元大-台中,2023-08-09,9812
6585,鼎基,12,0,12,元大-台中,2023-08-09,9812
8097,常珵,12,0,12,元大-台中,2023-08-09,9812
00673R,期元大S＆P原油反1,12,0,12,元大-台中,2023-08-09,9812
2618,長榮航,43,31,12,元大-台中,2023-08-09,9812
00679B,元大美債20年,12,1,11,元大-台中,2023-08-09,9812
5213,亞昕,11,0,11,元大-台中,2023-08-09,9812
2388,威盛,63,52,11,元大-台中,2023-08-09,9812
3576,聯合再生,11,0,11,元大-台中,2023-08-09,9812
3630,新鉅科,11,0,11,元大-台中,2023-08-09,9812
2204,中華,12,1,11,元大-台中,2023-08-09,9812
8086,宏捷科,12,1,11,元大-台中,2023-08-09,9812
6160,欣技,10,0,10,元大-台中,2023-08-09,9812
00772B,中信高評級公司債,14,4,10,元大-台中,2023-08-09,9812
4536,拓凱,10,0,10,元大-台中,2023-08-09,9812
8105,凌巨,10,0,10,元大-台中,2023-08-09,9812
5880,合庫金,16,6,10,元大-台中,2023-08-09,9812
3706,神達,18,9,9,元大-台中,2023-08-09,9812
2888,新光金,60,51,9,元大-台中,2023-08-09,9812
3583,辛耘,21,13,8,元大-台中,2023-08-09,9812
2371,大同,12,4,8,元大-台中,2023-08-09,9812
2201,裕隆,9,1,8,元大-台中,2023-08-09,9812
0056,元大高股息,200,27,173,元大-台中,2023-08-10,9812
00753L,中信中國50正2,127,0,127,元大-台中,2023-08-10,9812
00929,復華台灣科技優息,146,55,91,元大-台中,2023-08-10,9812
00878,國泰永續高股息,137,48,89,元大-台中,2023-08-10,9812
6282,康舒,102,49,53,元大-台中,2023-08-10,9812
2888,新光金,287,235,52,元大-台中,2023-08-10,9812
00900,富邦特選高股息30,70,19,51,元大-台中,2023-08-10,9812
00706L,期元大S＆P日圓正2,41,0,41,元大-台中,2023-08-10,9812
00931B,統一美債20年,34,2,32,元大-台中,2023-08-10,9812
3231,緯創,303,272,31,元大-台中,2023-08-10,9812
00923,群益台ESG低碳50,30,1,29,元大-台中,2023-08-10,9812
00712,復華富時不動產,41,12,29,元大-台中,2023-08-10,9812
2610,華航,43,18,25,元大-台中,2023-08-10,9812
4430,耀億,25,0,25,元大-台中,2023-08-10,9812
1806,冠軍,25,0,25,元大-台中,2023-08-10,9812
00673R,期元大S＆P原油反1,22,0,22,元大-台中,2023-08-10,9812
2402,毅嘉,26,4,22,元大-台中,2023-08-10,9812
2313,華通,23,2,21,元大-台中,2023-08-10,9812
00924,復華S＆P500成長,20,1,19,元大-台中,2023-08-10,9812
00930,永豐ESG低碳高息,19,0,19,元大-台中,2023-08-10,9812
2890,永豐金,18,0,18,元大-台中,2023-08-10,9812
2344,華邦電,30,12,18,元大-台中,2023-08-10,9812
5457,宣德,18,0,18,元大-台中,2023-08-10,9812
6190,萬泰科,17,1,16,元大-台中,2023-08-10,9812
5469,瀚宇博,21,5,16,元大-台中,2023-08-10,9812
2303,聯電,16,0,16,元大-台中,2023-08-10,9812
00881,國泰台灣5G+,16,0,16,元大-台中,2023-08-10,9812
6150,撼訊,15,0,15,元大-台中,2023-08-10,9812
2401,凌陽,20,5,15,元大-台中,2023-08-10,9812
2002,中鋼,14,0,14,元大-台中,2023-08-10,9812
00893,國泰智能電動車,19,5,14,元大-台中,2023-08-10,9812
00713,元大台灣高息低波,13,0,13,元大-台中,2023-08-10,9812
00927,群益半導體收益,12,0,12,元大-台中,2023-08-10,9812
2892,第一金,16,4,12,元大-台中,2023-08-10,9812
3576,聯合再生,11,0,11,元大-台中,2023-08-10,9812
3707,漢磊,11,0,11,元大-台中,2023-08-10,9812
00928,中信上櫃ESG30,11,0,11,元大-台中,2023-08-10,9812
2886,兆豐金,11,0,11,元大-台中,2023-08-10,9812
3710,連展投控,10,0,10,元大-台中,2023-08-10,9812
2108,南帝,10,0,10,元大-台中,2023-08-10,9812
1449,佳和,10,0,10,元大-台中,2023-08-10,9812
3260,威剛,11,1,10,元大-台中,2023-08-10,9812
2427,三商電,54,44,10,元大-台中,2023-08-10,9812
4714,永捷,10,0,10,元大-台中,2023-08-10,9812
1104,環泥,14,4,10,元大-台中,2023-08-10,9812
8105,凌巨,10,0,10,元大-台中,2023-08-10,9812
3014,聯陽,20,10,10,元大-台中,2023-08-10,9812
3122,笙泉,10,0,10,元大-台中,2023-08-10,9812
9945,潤泰新,10,0,10,元大-台中,2023-08-10,9812
2324,仁寶,10,0,10,元大-台中,2023-08-10,9812
2376,技嘉,110,32,78,元大-台中,2023-08-11,9812
00900,富邦特選高股息30,72,1,71,元大-台中,2023-08-11,9812
2382,廣達,163,97,66,元大-台中,2023-08-11,9812
00929,復華台灣科技優息,64,1,63,元大-台中,2023-08-11,9812
2107,厚生,60,0,60,元大-台中,2023-08-11,9812
00680L,元大美債20正2,60,0,60,元大-台中,2023-08-11,9812
00706L,期元大S＆P日圓正2,55,0,55,元大-台中,2023-08-11,9812
00878,國泰永續高股息,80,35,45,元大-台中,2023-08-11,9812
00923,群益台ESG低碳50,40,0,40,元大-台中,2023-08-11,9812
3325,旭品,42,3,39,元大-台中,2023-08-11,9812
3035,智原,88,51,37,元大-台中,2023-08-11,9812
0056,元大高股息,46,10,36,元大-台中,2023-08-11,9812
2888,新光金,55,22,33,元大-台中,2023-08-11,9812
00679B,元大美債20年,33,0,33,元大-台中,2023-08-11,9812
2425,承啟,34,8,26,元大-台中,2023-08-11,9812
4763,材料-KY,31,6,25,元大-台中,2023-08-11,9812
2882,國泰金,34,10,24,元大-台中,2023-08-11,9812
2801,彰銀,25,2,23,元大-台中,2023-08-11,9812
2349,錸德,23,0,23,元大-台中,2023-08-11,9812
00881,國泰台灣5G+,25,3,22,元大-台中,2023-08-11,9812
2881,富邦金,22,0,22,元大-台中,2023-08-11,9812
00713,元大台灣高息低波,23,1,22,元大-台中,2023-08-11,9812
6274,台燿,35,14,21,元大-台中,2023-08-11,9812
1528,恩德,21,0,21,元大-台中,2023-08-11,9812
2421,建準,22,1,21,元大-台中,2023-08-11,9812
00687B,國泰20年美債,21,0,21,元大-台中,2023-08-11,9812
2002,中鋼,20,0,20,元大-台中,2023-08-11,9812
00882,中信中國高股息,19,0,19,元大-台中,2023-08-11,9812
2618,長榮航,60,42,18,元大-台中,2023-08-11,9812
2330,台積電,18,0,18,元大-台中,2023-08-11,9812
3231,緯創,584,567,17,元大-台中,2023-08-11,9812
2409,友達,27,12,15,元大-台中,2023-08-11,9812
3052,夆典,15,0,15,元大-台中,2023-08-11,9812
2317,鴻海,15,1,14,元大-台中,2023-08-11,9812
2301,光寶科,50,36,14,元大-台中,2023-08-11,9812
00931B,統一美債20年,13,0,13,元大-台中,2023-08-11,9812
00772B,中信高評級公司債,12,0,12,元大-台中,2023-08-11,9812
6173,信昌電,12,0,12,元大-台中,2023-08-11,9812
2204,中華,12,0,12,元大-台中,2023-08-11,9812
00673R,期元大S＆P原油反1,12,0,12,元大-台中,2023-08-11,9812
6217,中探針,11,0,11,元大-台中,2023-08-11,9812
2337,旺宏,11,0,11,元大-台中,2023-08-11,9812
5469,瀚宇博,10,0,10,元大-台中,2023-08-11,9812
00712,復華富時不動產,10,0,10,元大-台中,2023-08-11,9812
00753L,中信中國50正2,10,0,10,元大-台中,2023-08-11,9812
2897,王道銀行,10,0,10,元大-台中,2023-08-11,9812
2342,茂矽,13,3,10,元大-台中,2023-08-11,9812
8011,台通,10,0,10,元大-台中,2023-08-11,9812
3483,力致,14,4,10,元大-台中,2023-08-11,9812
2356,英業達,44,35,9,元大-台中,2023-08-11,9812
00885,富邦越南,300,3,297,元大-台中,2023-08-14,9812
2618,長榮航,226,44,182,元大-台中,2023-08-14,9812
00929,復華台灣科技優息,124,3,121,元大-台中,2023-08-14,9812
00900,富邦特選高股息30,118,3,115,元大-台中,2023-08-14,9812
2363,矽統,157,52,105,元大-台中,2023-08-14,9812
2382,廣達,237,138,99,元大-台中,2023-08-14,9812
00878,國泰永續高股息,122,30,92,元大-台中,2023-08-14,9812
00637L,元大滬深300正2,118,43,75,元大-台中,2023-08-14,9812
1514,亞力,73,1,72,元大-台中,2023-08-14,9812
00665L,富邦�琤肭磪囓�2,62,0,62,元大-台中,2023-08-14,9812
0056,元大高股息,81,36,45,元大-台中,2023-08-14,9812
6770,力積電,42,2,40,元大-台中,2023-08-14,9812
1714,和桐,40,0,40,元大-台中,2023-08-14,9812
2610,華航,42,5,37,元大-台中,2023-08-14,9812
2206,三陽工業,37,3,34,元大-台中,2023-08-14,9812
00907,永豐優息存股,34,0,34,元大-台中,2023-08-14,9812
3706,神達,48,15,33,元大-台中,2023-08-14,9812
2888,新光金,48,16,32,元大-台中,2023-08-14,9812
00795B,中信美國公債20年,52,20,32,元大-台中,2023-08-14,9812
2882,國泰金,40,10,30,元大-台中,2023-08-14,9812
2329,華泰,46,16,30,元大-台中,2023-08-14,9812
2408,南亞科,30,2,28,元大-台中,2023-08-14,9812
2344,華邦電,29,1,28,元大-台中,2023-08-14,9812
00923,群益台ESG低碳50,25,0,25,元大-台中,2023-08-14,9812
2401,凌陽,25,0,25,元大-台中,2023-08-14,9812
4912,聯德控股-KY,24,0,24,元大-台中,2023-08-14,9812
3231,緯創,146,124,22,元大-台中,2023-08-14,9812
2425,承啟,22,1,21,元大-台中,2023-08-14,9812
2890,永豐金,22,2,20,元大-台中,2023-08-14,9812
3234,光環,20,0,20,元大-台中,2023-08-14,9812
8011,台通,20,0,20,元大-台中,2023-08-14,9812
00753L,中信中國50正2,20,1,19,元大-台中,2023-08-14,9812
00927,群益半導體收益,19,0,19,元大-台中,2023-08-14,9812
2812,台中銀,20,1,19,元大-台中,2023-08-14,9812
00931B,統一美債20年,18,0,18,元大-台中,2023-08-14,9812
2645,長榮航太,17,0,17,元大-台中,2023-08-14,9812
2201,裕隆,18,1,17,元大-台中,2023-08-14,9812
2801,彰銀,18,2,16,元大-台中,2023-08-14,9812
2323,中環,17,1,16,元大-台中,2023-08-14,9812
2887,台新金,18,3,15,元大-台中,2023-08-14,9812
0050,元大台灣50,19,3,16,元大-台中,2023-08-14,9812
2356,英業達,59,44,15,元大-台中,2023-08-14,9812
00882,中信中國高股息,25,10,15,元大-台中,2023-08-14,9812
6125,廣運,22,8,14,元大-台中,2023-08-14,9812
2105,正新,14,0,14,元大-台中,2023-08-14,9812
2883,凱基金,23,10,13,元大-台中,2023-08-14,9812
00930,永豐ESG低碳高息,13,0,13,元大-台中,2023-08-14,9812
4909,新復興,13,0,13,元大-台中,2023-08-14,9812
2605,新興,13,0,13,元大-台中,2023-08-14,9812
2301,光寶科,19,7,12,元大-台中,2023-08-14,9812
2409,友達,303,2,301,元大-台中,2023-08-15,9812
2324,仁寶,2388,2102,286,元大-台中,2023-08-15,9812
4414,如興,196,0,196,元大-台中,2023-08-15,9812
00923,群益台ESG低碳50,177,0,177,元大-台中,2023-08-15,9812
3035,智原,160,24,136,元大-台中,2023-08-15,9812
00637L,元大滬深300正2,122,13,109,元大-台中,2023-08-15,9812
1514,亞力,78,1,77,元大-台中,2023-08-15,9812
00929,復華台灣科技優息,82,13,69,元大-台中,2023-08-15,9812
00712,復華富時不動產,68,0,68,元大-台中,2023-08-15,9812
2329,華泰,74,12,62,元大-台中,2023-08-15,9812
00900,富邦特選高股息30,60,5,55,元大-台中,2023-08-15,9812
00881,國泰台灣5G+,44,0,44,元大-台中,2023-08-15,9812
2618,長榮航,142,98,44,元大-台中,2023-08-15,9812
00753L,中信中國50正2,100,60,40,元大-台中,2023-08-15,9812
2025,千興,40,0,40,元大-台中,2023-08-15,9812
00706L,期元大S＆P日圓正2,36,0,36,元大-台中,2023-08-15,9812
3715,定穎投控,38,3,35,元大-台中,2023-08-15,9812
2440,太空梭,30,0,30,元大-台中,2023-08-15,9812
6770,力積電,30,1,29,元大-台中,2023-08-15,9812
2382,廣達,214,186,28,元大-台中,2023-08-15,9812
2888,新光金,32,7,25,元大-台中,2023-08-15,9812
2317,鴻海,43,18,25,元大-台中,2023-08-15,9812
5469,瀚宇博,25,1,24,元大-台中,2023-08-15,9812
00907,永豐優息存股,24,0,24,元大-台中,2023-08-15,9812
3679,新至陞,23,0,23,元大-台中,2023-08-15,9812
9934,成霖,25,4,21,元大-台中,2023-08-15,9812
3231,緯創,180,159,21,元大-台中,2023-08-15,9812
00632R,元大台灣50反1,20,0,20,元大-台中,2023-08-15,9812
4909,新復興,19,0,19,元大-台中,2023-08-15,9812
2884,玉山金,19,0,19,元大-台中,2023-08-15,9812
4417,金洲,19,0,19,元大-台中,2023-08-15,9812
00679B,元大美債20年,20,1,19,元大-台中,2023-08-15,9812
1605,華新,23,5,18,元大-台中,2023-08-15,9812
2316,楠梓電,20,4,16,元大-台中,2023-08-15,9812
00751B,元大AAA至A公司債,16,0,16,元大-台中,2023-08-15,9812
2887,台新金,15,0,15,元大-台中,2023-08-15,9812
5432,新門,22,7,15,元大-台中,2023-08-15,9812
00931B,統一美債20年,14,0,14,元大-台中,2023-08-15,9812
00680L,元大美債20正2,13,0,13,元大-台中,2023-08-15,9812
006208,富邦台50,13,0,13,元大-台中,2023-08-15,9812
00673R,期元大S＆P原油反1,13,0,13,元大-台中,2023-08-15,9812
1326,台化,12,0,12,元大-台中,2023-08-15,9812
4912,聯德控股-KY,12,0,12,元大-台中,2023-08-15,9812
2891,中信金,17,5,12,元大-台中,2023-08-15,9812
8069,元太,15,4,11,元大-台中,2023-08-15,9812
2834,臺企銀,19,8,11,元大-台中,2023-08-15,9812
2609,陽明,16,5,11,元大-台中,2023-08-15,9812
2885,元大金,12,2,10,元大-台中,2023-08-15,9812
2464,盟立,10,0,10,元大-台中,2023-08-15,9812
4533,協易機,13,3,10,元大-台中,2023-08-15,9812
3231,緯創,539,126,413,元大-台中,2023-08-16,9812
2421,建準,426,77,349,元大-台中,2023-08-16,9812
00929,復華台灣科技優息,194,1,193,元大-台中,2023-08-16,9812
2303,聯電,90,6,84,元大-台中,2023-08-16,9812
3013,晟銘電,84,12,72,元大-台中,2023-08-16,9812
2618,長榮航,111,58,53,元大-台中,2023-08-16,9812
00900,富邦特選高股息30,49,1,48,元大-台中,2023-08-16,9812
2883,凱基金,51,6,45,元大-台中,2023-08-16,9812
00712,復華富時不動產,42,1,41,元大-台中,2023-08-16,9812
2363,矽統,43,6,37,元大-台中,2023-08-16,9812
6550,北極星藥業-KY,40,4,36,元大-台中,2023-08-16,9812
2317,鴻海,46,13,33,元大-台中,2023-08-16,9812
2610,華航,40,9,31,元大-台中,2023-08-16,9812
00923,群益台ESG低碳50,29,1,28,元大-台中,2023-08-16,9812
1514,亞力,25,0,25,元大-台中,2023-08-16,9812
2891,中信金,24,0,24,元大-台中,2023-08-16,9812
3481,群創,30,6,24,元大-台中,2023-08-16,9812
3051,力特,28,5,23,元大-台中,2023-08-16,9812
2892,第一金,20,0,20,元大-台中,2023-08-16,9812
2002,中鋼,20,0,20,元大-台中,2023-08-16,9812
1909,榮成,24,4,20,元大-台中,2023-08-16,9812
00725B,國泰投資級公司債,20,0,20,元大-台中,2023-08-16,9812
00753L,中信中國50正2,120,100,20,元大-台中,2023-08-16,9812
1409,新纖,19,0,19,元大-台中,2023-08-16,9812
00720B,元大投資級公司債,19,0,19,元大-台中,2023-08-16,9812
1101,台泥,24,5,19,元大-台中,2023-08-16,9812
00772B,中信高評級公司債,18,0,18,元大-台中,2023-08-16,9812
00751B,元大AAA至A公司債,17,0,17,元大-台中,2023-08-16,9812
3163,波若威,50,34,16,元大-台中,2023-08-16,9812
8069,元太,169,153,16,元大-台中,2023-08-16,9812
006208,富邦台50,17,2,15,元大-台中,2023-08-16,9812
6244,茂迪,15,0,15,元大-台中,2023-08-16,9812
1301,台塑,14,0,14,元大-台中,2023-08-16,9812
2301,光寶科,50,37,13,元大-台中,2023-08-16,9812
1402,遠東新,13,0,13,元大-台中,2023-08-16,9812
6770,力積電,17,4,13,元大-台中,2023-08-16,9812
2409,友達,15,3,12,元大-台中,2023-08-16,9812
00888,永豐台灣ESG,12,0,12,元大-台中,2023-08-16,9812
2881,富邦金,12,1,11,元大-台中,2023-08-16,9812
1717,長興,11,0,11,元大-台中,2023-08-16,9812
0050,元大台灣50,12,2,10,元大-台中,2023-08-16,9812
3149,正達,10,0,10,元大-台中,2023-08-16,9812
2014,中鴻,10,0,10,元大-台中,2023-08-16,9812
6133,金橋,10,0,10,元大-台中,2023-08-16,9812
2009,第一銅,10,0,10,元大-台中,2023-08-16,9812
5876,上海商銀,10,0,10,元大-台中,2023-08-16,9812
00687B,國泰20年美債,9,0,9,元大-台中,2023-08-16,9812
00931B,統一美債20年,9,0,9,元大-台中,2023-08-16,9812
2615,萬海,10,1,9,元大-台中,2023-08-16,9812
3576,聯合再生,10,1,9,元大-台中,2023-08-16,9812
2888,新光金,553,0,553,元大-台中,2023-08-17,9812
00680L,元大美債20正2,209,5,204,元大-台中,2023-08-17,9812
00885,富邦越南,200,3,197,元大-台中,2023-08-17,9812
2409,友達,93,5,88,元大-台中,2023-08-17,9812
00712,復華富時不動產,86,0,86,元大-台中,2023-08-17,9812
2357,華碩,89,4,85,元大-台中,2023-08-17,9812
2401,凌陽,134,80,54,元大-台中,2023-08-17,9812
2405,輔信,53,2,51,元大-台中,2023-08-17,9812
2324,仁寶,251,204,47,元大-台中,2023-08-17,9812
2368,金像電,64,36,28,元大-台中,2023-08-17,9812
00751B,元大AAA至A公司債,26,0,26,元大-台中,2023-08-17,9812
00706L,期元大S＆P日圓正2,26,0,26,元大-台中,2023-08-17,9812
8234,新漢,25,0,25,元大-台中,2023-08-17,9812
2303,聯電,24,2,22,元大-台中,2023-08-17,9812
2399,映泰,24,3,21,元大-台中,2023-08-17,9812
2883,凱基金,27,6,21,元大-台中,2023-08-17,9812
00720B,元大投資級公司債,20,0,20,元大-台中,2023-08-17,9812
2107,厚生,20,0,20,元大-台中,2023-08-17,9812
00679B,元大美債20年,23,3,20,元大-台中,2023-08-17,9812
00665L,富邦�琤肭磪囓�2,19,0,19,元大-台中,2023-08-17,9812
6125,廣運,42,25,17,元大-台中,2023-08-17,9812
1504,東元,20,3,17,元大-台中,2023-08-17,9812
3043,科風,19,3,16,元大-台中,2023-08-17,9812
00857B,永豐20年美公債,16,0,16,元大-台中,2023-08-17,9812
2206,三陽工業,16,1,15,元大-台中,2023-08-17,9812
2002,中鋼,23,9,14,元大-台中,2023-08-17,9812
3338,泰碩,28,14,14,元大-台中,2023-08-17,9812
3325,旭品,18,5,13,元大-台中,2023-08-17,9812
3206,志豐,17,4,13,元大-台中,2023-08-17,9812
2425,承啟,15,2,13,元大-台中,2023-08-17,9812
9945,潤泰新,13,0,13,元大-台中,2023-08-17,9812
3363,上詮,16,4,12,元大-台中,2023-08-17,9812
6683,雍智科技,12,0,12,元大-台中,2023-08-17,9812
1326,台化,13,1,12,元大-台中,2023-08-17,9812
3035,智原,68,56,12,元大-台中,2023-08-17,9812
2887,台新金,21,10,11,元大-台中,2023-08-17,9812
00923,群益台ESG低碳50,13,3,10,元大-台中,2023-08-17,9812
2885,元大金,14,4,10,元大-台中,2023-08-17,9812
4908,前鼎,12,2,10,元大-台中,2023-08-17,9812
00713,元大台灣高息低波,10,0,10,元大-台中,2023-08-17,9812
4999,鑫禾,10,0,10,元大-台中,2023-08-17,9812
4417,金洲,10,0,10,元大-台中,2023-08-17,9812
2883B,凱基金乙特,10,0,10,元大-台中,2023-08-17,9812
3306,鼎天,31,21,10,元大-台中,2023-08-17,9812
00893,國泰智能電動車,12,2,10,元大-台中,2023-08-17,9812
6456,GIS-KY,10,0,10,元大-台中,2023-08-17,9812
00931B,統一美債20年,9,0,9,元大-台中,2023-08-17,9812
1471,首利,12,3,9,元大-台中,2023-08-17,9812
4569,六方科-KY,9,0,9,元大-台中,2023-08-17,9812
5452,佶優,10,1,9,元大-台中,2023-08-17,9812
6117,迎廣,499,9,490,元大-台中,2023-08-18,9812
00929,復華台灣科技優息,184,29,155,元大-台中,2023-08-18,9812
3017,奇鋐,115,6,109,元大-台中,2023-08-18,9812
2880,華南金,107,2,105,元大-台中,2023-08-18,9812
00712,復華富時不動產,103,26,77,元大-台中,2023-08-18,9812
2618,長榮航,66,4,62,元大-台中,2023-08-18,9812
2892,第一金,52,6,46,元大-台中,2023-08-18,9812
00753L,中信中國50正2,45,0,45,元大-台中,2023-08-18,9812
2882,國泰金,46,5,41,元大-台中,2023-08-18,9812
1514,亞力,42,1,41,元大-台中,2023-08-18,9812
2401,凌陽,42,3,39,元大-台中,2023-08-18,9812
3231,緯創,644,607,37,元大-台中,2023-08-18,9812
2610,華航,41,5,36,元大-台中,2023-08-18,9812
6275,元山,38,2,36,元大-台中,2023-08-18,9812
6235,華孚,62,28,34,元大-台中,2023-08-18,9812
2834,臺企銀,34,0,34,元大-台中,2023-08-18,9812
2329,華泰,189,155,34,元大-台中,2023-08-18,9812
8261,富鼎,27,0,27,元大-台中,2023-08-18,9812
2303,聯電,63,37,26,元大-台中,2023-08-18,9812
4414,如興,24,0,24,元大-台中,2023-08-18,9812
2014,中鴻,23,0,23,元大-台中,2023-08-18,9812
2317,鴻海,25,3,22,元大-台中,2023-08-18,9812
2368,金像電,51,29,22,元大-台中,2023-08-18,9812
2337,旺宏,21,1,20,元大-台中,2023-08-18,9812
00665L,富邦�琤肭磪囓�2,20,0,20,元大-台中,2023-08-18,9812
8390,金益鼎,20,0,20,元大-台中,2023-08-18,9812
2409,友達,26,7,19,元大-台中,2023-08-18,9812
2388,威盛,30,12,18,元大-台中,2023-08-18,9812
00900,富邦特選高股息30,27,10,17,元大-台中,2023-08-18,9812
3056,富華新,26,9,17,元大-台中,2023-08-18,9812
3078,僑威,24,9,15,元大-台中,2023-08-18,9812
00893,國泰智能電動車,15,0,15,元大-台中,2023-08-18,9812
00679B,元大美債20年,14,0,14,元大-台中,2023-08-18,9812
5432,新門,14,0,14,元大-台中,2023-08-18,9812
1303,南亞,14,0,14,元大-台中,2023-08-18,9812
6285,啟��,16,2,14,元大-台中,2023-08-18,9812
3673,TPK-KY,13,0,13,元大-台中,2023-08-18,9812
2636,台驊控股,12,0,12,元大-台中,2023-08-18,9812
006208,富邦台50,11,0,11,元大-台中,2023-08-18,9812
2352,佳世達,20,9,11,元大-台中,2023-08-18,9812
5234,達興材料,12,1,11,元大-台中,2023-08-18,9812
1513,中興電,26,15,11,元大-台中,2023-08-18,9812
8215,明基材,11,0,11,元大-台中,2023-08-18,9812
6139,亞翔,15,4,11,元大-台中,2023-08-18,9812
0056,元大高股息,66,55,11,元大-台中,2023-08-18,9812
1101,台泥,13,3,10,元大-台中,2023-08-18,9812
1616,億泰,10,0,10,元大-台中,2023-08-18,9812
2313,華通,13,3,10,元大-台中,2023-08-18,9812
1217,愛之味,10,0,10,元大-台中,2023-08-18,9812
00631L,元大台灣50正2,11,1,10,元大-台中,2023-08-18,9812
6117,迎廣,1772,528,1244,元大-台中,2023-08-21,9812
2421,建準,356,55,301,元大-台中,2023-08-21,9812
2888,新光金,105,0,105,元大-台中,2023-08-21,9812
00673R,期元大S＆P原油反1,65,0,65,元大-台中,2023-08-21,9812
1519,華城,79,25,54,元大-台中,2023-08-21,9812
2329,華泰,62,19,43,元大-台中,2023-08-21,9812
3706,神達,58,16,42,元大-台中,2023-08-21,9812
2382,廣達,130,89,41,元大-台中,2023-08-21,9812
00637L,元大滬深300正2,42,1,41,元大-台中,2023-08-21,9812
00753L,中信中國50正2,40,0,40,元大-台中,2023-08-21,9812
2538,基泰,41,1,40,元大-台中,2023-08-21,9812
2388,威盛,41,4,37,元大-台中,2023-08-21,9812
2610,華航,33,1,32,元大-台中,2023-08-21,9812
4414,如興,30,0,30,元大-台中,2023-08-21,9812
2324,仁寶,44,15,29,元大-台中,2023-08-21,9812
2303,聯電,35,11,24,元大-台中,2023-08-21,9812
00679B,元大美債20年,24,1,23,元大-台中,2023-08-21,9812
2408,南亞科,23,0,23,元大-台中,2023-08-21,9812
2340,台亞,22,0,22,元大-台中,2023-08-21,9812
3056,富華新,24,6,18,元大-台中,2023-08-21,9812
2609,陽明,17,1,16,元大-台中,2023-08-21,9812
2606,裕民,43,28,15,元大-台中,2023-08-21,9812
8261,富鼎,15,0,15,元大-台中,2023-08-21,9812
1504,東元,16,1,15,元大-台中,2023-08-21,9812
00900,富邦特選高股息30,15,0,15,元大-台中,2023-08-21,9812
2617,台航,15,0,15,元大-台中,2023-08-21,9812
00919,群益台灣精選高息,14,0,14,元大-台中,2023-08-21,9812
6198,瑞築,14,0,14,元大-台中,2023-08-21,9812
2884,玉山金,13,0,13,元大-台中,2023-08-21,9812
00882,中信中國高股息,19,7,12,元大-台中,2023-08-21,9812
2603,長榮,33,21,12,元大-台中,2023-08-21,9812
3231,緯創,128,116,12,元大-台中,2023-08-21,9812
2356,英業達,74,63,11,元大-台中,2023-08-21,9812
9907,統一實,11,0,11,元大-台中,2023-08-21,9812
1609,大亞,27,16,11,元大-台中,2023-08-21,9812
2449,京元電子,13,3,10,元大-台中,2023-08-21,9812
1785,光洋科,10,0,10,元大-台中,2023-08-21,9812
4927,泰鼎-KY,10,0,10,元大-台中,2023-08-21,9812
00680L,元大美債20正2,70,60,10,元大-台中,2023-08-21,9812
3306,鼎天,35,25,10,元大-台中,2023-08-21,9812
00725B,國泰投資級公司債,10,1,9,元大-台中,2023-08-21,9812
2637,慧洋-KY,45,36,9,元大-台中,2023-08-21,9812
2886,兆豐金,9,0,9,元大-台中,2023-08-21,9812
00665L,富邦�琤肭磪囓�2,9,0,9,元大-台中,2023-08-21,9812
9914,美利達,9,0,9,元大-台中,2023-08-21,9812
4744,皇將,10,1,9,元大-台中,2023-08-21,9812
1760,寶齡富錦,11,2,9,元大-台中,2023-08-21,9812
00720B,元大投資級公司債,8,0,8,元大-台中,2023-08-21,9812
00922,國泰台灣領袖50,8,0,8,元大-台中,2023-08-21,9812
2419,仲琦,9,1,8,元大-台中,2023-08-21,9812
2376,技嘉,357,247,110,元大-台中,2023-08-22,9812
2888,新光金,110,10,100,元大-台中,2023-08-22,9812
3576,聯合再生,51,2,49,元大-台中,2023-08-22,9812
6108,競國,52,4,48,元大-台中,2023-08-22,9812
00632R,元大台灣50反1,50,2,48,元大-台中,2023-08-22,9812
3231,緯創,171,131,40,元大-台中,2023-08-22,9812
00679B,元大美債20年,38,1,37,元大-台中,2023-08-22,9812
00753L,中信中國50正2,36,0,36,元大-台中,2023-08-22,9812
1471,首利,36,2,34,元大-台中,2023-08-22,9812
00929,復華台灣科技優息,39,5,34,元大-台中,2023-08-22,9812
1528,恩德,30,0,30,元大-台中,2023-08-22,9812
1714,和桐,30,0,30,元大-台中,2023-08-22,9812
8930,青鋼,28,0,28,元大-台中,2023-08-22,9812
00665L,富邦�琤肭磪囓�2,27,0,27,元大-台中,2023-08-22,9812
6712,長聖,26,0,26,元大-台中,2023-08-22,9812
2388,威盛,50,29,21,元大-台中,2023-08-22,9812
00772B,中信高評級公司債,18,0,18,元大-台中,2023-08-22,9812
6275,元山,62,44,18,元大-台中,2023-08-22,9812
2317,鴻海,23,5,18,元大-台中,2023-08-22,9812
1802,台玻,17,0,17,元大-台中,2023-08-22,9812
6282,康舒,17,0,17,元大-台中,2023-08-22,9812
1609,大亞,20,4,16,元大-台中,2023-08-22,9812
6125,廣運,81,65,16,元大-台中,2023-08-22,9812
2105,正新,15,0,15,元大-台中,2023-08-22,9812
2002,中鋼,13,0,13,元大-台中,2023-08-22,9812
6188,廣明,25,12,13,元大-台中,2023-08-22,9812
00720B,元大投資級公司債,12,0,12,元大-台中,2023-08-22,9812
2645,長榮航太,12,0,12,元大-台中,2023-08-22,9812
1504,東元,26,14,12,元大-台中,2023-08-22,9812
1513,中興電,12,1,11,元大-台中,2023-08-22,9812
00795B,中信美國公債20年,11,0,11,元大-台中,2023-08-22,9812
00908,富邦入息REITs+,11,0,11,元大-台中,2023-08-22,9812
2913,農林,15,4,11,元大-台中,2023-08-22,9812
2609,陽明,12,1,11,元大-台中,2023-08-22,9812
8215,明基材,10,0,10,元大-台中,2023-08-22,9812
3694,海華,10,0,10,元大-台中,2023-08-22,9812
00712,復華富時不動產,20,11,9,元大-台中,2023-08-22,9812
2883,凱基金,13,4,9,元大-台中,2023-08-22,9812
3548,兆利,9,0,9,元大-台中,2023-08-22,9812
4960,誠美材,10,1,9,元大-台中,2023-08-22,9812
2344,華邦電,15,6,9,元大-台中,2023-08-22,9812
1717,長興,8,0,8,元大-台中,2023-08-22,9812
3163,波若威,29,21,8,元大-台中,2023-08-22,9812
3380,明泰,10,2,8,元大-台中,2023-08-22,9812
1536,和大,9,1,8,元大-台中,2023-08-22,9812
2886,兆豐金,7,0,7,元大-台中,2023-08-22,9812
2027,大成鋼,8,1,7,元大-台中,2023-08-22,9812
2399,映泰,11,4,7,元大-台中,2023-08-22,9812
5009,榮剛,17,10,7,元大-台中,2023-08-22,9812
2884,玉山金,11,4,7,元大-台中,2023-08-22,9812
3056,富華新,291,7,284,元大-台中,2023-08-23,9812
8027,鈦昇,502,300,202,元大-台中,2023-08-23,9812
2324,仁寶,184,12,172,元大-台中,2023-08-23,9812
2834,臺企銀,100,0,100,元大-台中,2023-08-23,9812
6167,久正,99,12,87,元大-台中,2023-08-23,9812
2882,國泰金,75,2,73,元大-台中,2023-08-23,9812
8227,巨有科技,47,6,41,元大-台中,2023-08-23,9812
2405,輔信,35,0,35,元大-台中,2023-08-23,9812
6282,康舒,62,31,31,元大-台中,2023-08-23,9812
00712,復華富時不動產,31,4,27,元大-台中,2023-08-23,9812
6185,幃翔,24,2,22,元大-台中,2023-08-23,9812
1514,亞力,21,0,21,元大-台中,2023-08-23,9812
6125,廣運,58,38,20,元大-台中,2023-08-23,9812
3021,鴻名,20,0,20,元大-台中,2023-08-23,9812
8234,新漢,20,0,20,元大-台中,2023-08-23,9812
6156,松上,18,0,18,元大-台中,2023-08-23,9812
2886,兆豐金,17,0,17,元大-台中,2023-08-23,9812
2610,華航,17,2,15,元大-台中,2023-08-23,9812
2303,聯電,14,1,13,元大-台中,2023-08-23,9812
8358,金居,16,3,13,元大-台中,2023-08-23,9812
3013,晟銘電,86,74,12,元大-台中,2023-08-23,9812
2618,長榮航,62,51,11,元大-台中,2023-08-23,9812
2105,正新,11,0,11,元大-台中,2023-08-23,9812
4207,環泰,11,0,11,元大-台中,2023-08-23,9812
2615,萬海,12,1,11,元大-台中,2023-08-23,9812
2462,良得電,20,10,10,元大-台中,2023-08-23,9812
2538,基泰,10,0,10,元大-台中,2023-08-23,9812
1513,中興電,15,5,10,元大-台中,2023-08-23,9812
2913,農林,10,1,9,元大-台中,2023-08-23,9812
5340,建榮,8,0,8,元大-台中,2023-08-23,9812
2338,光罩,9,1,8,元大-台中,2023-08-23,9812
00902,中信電池及儲能,8,0,8,元大-台中,2023-08-23,9812
2637,慧洋-KY,25,18,7,元大-台中,2023-08-23,9812
2630,亞航,8,1,7,元大-台中,2023-08-23,9812
3014,聯陽,7,0,7,元大-台中,2023-08-23,9812
00720B,元大投資級公司債,7,0,7,元大-台中,2023-08-23,9812
3078,僑威,13,6,7,元大-台中,2023-08-23,9812
6274,台燿,16,10,6,元大-台中,2023-08-23,9812
00772B,中信高評級公司債,6,0,6,元大-台中,2023-08-23,9812
2605,新興,12,6,6,元大-台中,2023-08-23,9812
4744,皇將,6,0,6,元大-台中,2023-08-23,9812
6263,普萊德,6,0,6,元大-台中,2023-08-23,9812
00751B,元大AAA至A公司債,6,1,5,元大-台中,2023-08-23,9812
2421,建準,31,26,5,元大-台中,2023-08-23,9812
2349,錸德,5,0,5,元大-台中,2023-08-23,9812
1615,大山,5,0,5,元大-台中,2023-08-23,9812
6168,宏齊,5,0,5,元大-台中,2023-08-23,9812
2206,三陽工業,5,0,5,元大-台中,2023-08-23,9812
6426,統新,5,0,5,元大-台中,2023-08-23,9812
4938,和碩,10,6,4,元大-台中,2023-08-23,9812
2331,精英,1345,326,1019,元大-台中,2023-08-24,9812
2888,新光金,570,0,570,元大-台中,2023-08-24,9812
2485,兆赫,805,408,397,元大-台中,2023-08-24,9812
00885,富邦越南,202,1,201,元大-台中,2023-08-24,9812
3056,富華新,165,0,165,元大-台中,2023-08-24,9812
3706,神達,160,28,132,元大-台中,2023-08-24,9812
2618,長榮航,114,6,108,元大-台中,2023-08-24,9812
2303,聯電,112,13,99,元大-台中,2023-08-24,9812
00632R,元大台灣50反1,93,0,93,元大-台中,2023-08-24,9812
3231,緯創,292,210,82,元大-台中,2023-08-24,9812
2363,矽統,317,258,59,元大-台中,2023-08-24,9812
1504,東元,59,6,53,元大-台中,2023-08-24,9812
8227,巨有科技,55,15,40,元大-台中,2023-08-24,9812
00673R,期元大S＆P原油反1,30,0,30,元大-台中,2023-08-24,9812
00919,群益台灣精選高息,33,5,28,元大-台中,2023-08-24,9812
6282,康舒,32,9,23,元大-台中,2023-08-24,9812
2884,玉山金,23,2,21,元大-台中,2023-08-24,9812
2352,佳世達,26,5,21,元大-台中,2023-08-24,9812
3511,矽瑪,21,0,21,元大-台中,2023-08-24,9812
6120,達運,25,5,20,元大-台中,2023-08-24,9812
00671R,富邦NASDAQ反1,20,0,20,元大-台中,2023-08-24,9812
2002,中鋼,19,0,19,元大-台中,2023-08-24,9812
6125,廣運,38,20,18,元大-台中,2023-08-24,9812
2630,亞航,20,3,17,元大-台中,2023-08-24,9812
2495,普安,15,0,15,元大-台中,2023-08-24,9812
00637L,元大滬深300正2,18,3,15,元大-台中,2023-08-24,9812
3483,力致,24,9,15,元大-台中,2023-08-24,9812
3013,晟銘電,56,42,14,元大-台中,2023-08-24,9812
2603,長榮,15,1,14,元大-台中,2023-08-24,9812
2882,國泰金,14,1,13,元大-台中,2023-08-24,9812
4543,萬在,15,3,12,元大-台中,2023-08-24,9812
1605,華新,19,8,11,元大-台中,2023-08-24,9812
2105,正新,11,0,11,元大-台中,2023-08-24,9812
2356,英業達,112,101,11,元大-台中,2023-08-24,9812
3265,台星科,11,1,10,元大-台中,2023-08-24,9812
2913,農林,15,5,10,元大-台中,2023-08-24,9812
1603,華電,10,0,10,元大-台中,2023-08-24,9812
00715L,期街口布蘭特正2,30,20,10,元大-台中,2023-08-24,9812
6153,嘉聯益,10,0,10,元大-台中,2023-08-24,9812
2419,仲琦,46,36,10,元大-台中,2023-08-24,9812
5284,jpp-KY,13,4,9,元大-台中,2023-08-24,9812
2388,威盛,56,47,9,元大-台中,2023-08-24,9812
2605,新興,43,35,8,元大-台中,2023-08-24,9812
3033,威健,8,0,8,元大-台中,2023-08-24,9812
6168,宏齊,17,9,8,元大-台中,2023-08-24,9812
9941,裕融,7,0,7,元大-台中,2023-08-24,9812
6188,廣明,12,5,7,元大-台中,2023-08-24,9812
2498,宏達電,7,0,7,元大-台中,2023-08-24,9812
3062,建漢,8,1,7,元大-台中,2023-08-24,9812
4542,科嶠,9,2,7,元大-台中,2023-08-24,9812
3308,聯德,407,8,399,元大-台中,2023-08-25,9812
3056,富華新,171,2,169,元大-台中,2023-08-25,9812
00929,復華台灣科技優息,191,26,165,元大-台中,2023-08-25,9812
00878,國泰永續高股息,162,2,160,元大-台中,2023-08-25,9812
3231,緯創,231,80,151,元大-台中,2023-08-25,9812
1471,首利,103,9,94,元大-台中,2023-08-25,9812
0056,元大高股息,134,42,92,元大-台中,2023-08-25,9812
2421,建準,74,17,57,元大-台中,2023-08-25,9812
2323,中環,41,0,41,元大-台中,2023-08-25,9812
00753L,中信中國50正2,41,0,41,元大-台中,2023-08-25,9812
2382,廣達,161,121,40,元大-台中,2023-08-25,9812
00671R,富邦NASDAQ反1,40,0,40,元大-台中,2023-08-25,9812
00900,富邦特選高股息30,46,7,39,元大-台中,2023-08-25,9812
00919,群益台灣精選高息,40,1,39,元大-台中,2023-08-25,9812
4906,正文,86,50,36,元大-台中,2023-08-25,9812
2610,華航,50,19,31,元大-台中,2023-08-25,9812
3051,力特,32,2,30,元大-台中,2023-08-25,9812
1529,樂事綠能,28,2,26,元大-台中,2023-08-25,9812
2356,英業達,35,12,23,元大-台中,2023-08-25,9812
2344,華邦電,32,10,22,元大-台中,2023-08-25,9812
2449,京元電子,61,41,20,元大-台中,2023-08-25,9812
00632R,元大台灣50反1,20,1,19,元大-台中,2023-08-25,9812
3037,欣興,22,5,17,元大-台中,2023-08-25,9812
2002,中鋼,17,0,17,元大-台中,2023-08-25,9812
2330,台積電,24,7,17,元大-台中,2023-08-25,9812
2883,凱基金,20,4,16,元大-台中,2023-08-25,9812
2369,菱生,27,12,15,元大-台中,2023-08-25,9812
00923,群益台ESG低碳50,40,26,14,元大-台中,2023-08-25,9812
2705,六福,18,4,14,元大-台中,2023-08-25,9812
6120,達運,14,0,14,元大-台中,2023-08-25,9812
4306,炎洲,14,0,14,元大-台中,2023-08-25,9812
2618,長榮航,120,107,13,元大-台中,2023-08-25,9812
2027,大成鋼,12,0,12,元大-台中,2023-08-25,9812
4130,健亞,12,0,12,元大-台中,2023-08-25,9812
8404,百和興業-KY,12,0,12,元大-台中,2023-08-25,9812
5381,合正,27,16,11,元大-台中,2023-08-25,9812
5371,中光電,11,0,11,元大-台中,2023-08-25,9812
3715,定穎投控,18,7,11,元大-台中,2023-08-25,9812
00905,FT臺灣Smart,11,0,11,元大-台中,2023-08-25,9812
1504,東元,17,6,11,元大-台中,2023-08-25,9812
3545,敦泰,10,0,10,元大-台中,2023-08-25,9812
00673R,期元大S＆P原油反1,10,0,10,元大-台中,2023-08-25,9812
3390,旭軟,10,0,10,元大-台中,2023-08-25,9812
00665L,富邦�琤肭磪囓�2,10,0,10,元大-台中,2023-08-25,9812
6244,茂迪,10,0,10,元大-台中,2023-08-25,9812
8033,雷虎,16,7,9,元大-台中,2023-08-25,9812
5706,鳳凰,20,11,9,元大-台中,2023-08-25,9812
2301,光寶科,22,14,8,元大-台中,2023-08-25,9812
00888,永豐台灣ESG,8,0,8,元大-台中,2023-08-25,9812
6282,康舒,13,5,8,元大-台中,2023-08-25,9812
1471,首利,623,20,603,元大-台中,2023-08-28,9812
3056,富華新,479,0,479,元大-台中,2023-08-28,9812
8222,寶一,246,52,194,元大-台中,2023-08-28,9812
00929,復華台灣科技優息,158,15,143,元大-台中,2023-08-28,9812
2002,中鋼,105,3,102,元大-台中,2023-08-28,9812
8932,智通*,70,0,70,元大-台中,2023-08-28,9812
2388,威盛,196,149,47,元大-台中,2023-08-28,9812
2618,長榮航,47,2,45,元大-台中,2023-08-28,9812
3231,緯創,135,100,35,元大-台中,2023-08-28,9812
0056,元大高股息,35,2,33,元大-台中,2023-08-28,9812
2634,漢翔,72,39,33,元大-台中,2023-08-28,9812
2303,聯電,232,202,30,元大-台中,2023-08-28,9812
6257,矽格,30,1,29,元大-台中,2023-08-28,9812
00878,國泰永續高股息,38,13,25,元大-台中,2023-08-28,9812
00919,群益台灣精選高息,24,1,23,元大-台中,2023-08-28,9812
2317,鴻海,22,2,20,元大-台中,2023-08-28,9812
2539,櫻花建,20,0,20,元大-台中,2023-08-28,9812
00655L,國泰中國A50正2,20,0,20,元大-台中,2023-08-28,9812
3715,定穎投控,62,44,18,元大-台中,2023-08-28,9812
2330,台積電,20,2,18,元大-台中,2023-08-28,9812
2610,華航,19,2,17,元大-台中,2023-08-28,9812
1737,臺鹽,32,16,16,元大-台中,2023-08-28,9812
00712,復華富時不動產,17,1,16,元大-台中,2023-08-28,9812
6125,廣運,31,16,15,元大-台中,2023-08-28,9812
2382,廣達,47,33,14,元大-台中,2023-08-28,9812
2352,佳世達,14,0,14,元大-台中,2023-08-28,9812
2107,厚生,13,0,13,元大-台中,2023-08-28,9812
00673R,期元大S＆P原油反1,12,0,12,元大-台中,2023-08-28,9812
2457,飛宏,14,2,12,元大-台中,2023-08-28,9812
00882,中信中國高股息,16,5,11,元大-台中,2023-08-28,9812
2402,毅嘉,12,1,11,元大-台中,2023-08-28,9812
3078,僑威,16,6,10,元大-台中,2023-08-28,9812
5388,中磊,10,0,10,元大-台中,2023-08-28,9812
4915,致伸,10,0,10,元大-台中,2023-08-28,9812
2331,精英,113,103,10,元大-台中,2023-08-28,9812
3021,鴻名,10,0,10,元大-台中,2023-08-28,9812
00671R,富邦NASDAQ反1,20,10,10,元大-台中,2023-08-28,9812
1227,佳格,10,0,10,元大-台中,2023-08-28,9812
00730,富邦臺灣優質高息,10,0,10,元大-台中,2023-08-28,9812
4906,正文,77,67,10,元大-台中,2023-08-28,9812
6446,藥華藥,10,0,10,元大-台中,2023-08-28,9812
00885,富邦越南,10,1,9,元大-台中,2023-08-28,9812
3034,聯詠,9,0,9,元大-台中,2023-08-28,9812
2369,菱生,16,8,8,元大-台中,2023-08-28,9812
2022,聚亨,8,1,7,元大-台中,2023-08-28,9812
2301,光寶科,26,19,7,元大-台中,2023-08-28,9812
1402,遠東新,7,0,7,元大-台中,2023-08-28,9812
2739,寒舍,7,0,7,元大-台中,2023-08-28,9812
2801,彰銀,7,0,7,元大-台中,2023-08-28,9812
6285,啟��,9,2,7,元大-台中,2023-08-28,9812
3056,富華新,300,0,300,元大-台中,2023-08-29,9812
3094,聯傑,204,10,194,元大-台中,2023-08-29,9812
2436,偉詮電,218,50,168,元大-台中,2023-08-29,9812
00885,富邦越南,116,2,114,元大-台中,2023-08-29,9812
2303,聯電,132,25,107,元大-台中,2023-08-29,9812
1531,高林股,101,0,101,元大-台中,2023-08-29,9812
00632R,元大台灣50反1,50,1,49,元大-台中,2023-08-29,9812
2363,矽統,330,284,46,元大-台中,2023-08-29,9812
2317,鴻海,48,12,36,元大-台中,2023-08-29,9812
4915,致伸,34,0,34,元大-台中,2023-08-29,9812
8150,南茂,30,0,30,元大-台中,2023-08-29,9812
2340,台亞,36,7,29,元大-台中,2023-08-29,9812
3481,群創,29,5,24,元大-台中,2023-08-29,9812
3017,奇鋐,26,3,23,元大-台中,2023-08-29,9812
8932,智通*,20,0,20,元大-台中,2023-08-29,9812
6244,茂迪,18,1,17,元大-台中,2023-08-29,9812
00706L,期元大S＆P日圓正2,14,0,14,元大-台中,2023-08-29,9812
2356,英業達,23,9,14,元大-台中,2023-08-29,9812
00929,復華台灣科技優息,76,62,14,元大-台中,2023-08-29,9812
00919,群益台灣精選高息,13,0,13,元大-台中,2023-08-29,9812
6285,啟��,20,8,12,元大-台中,2023-08-29,9812
00679B,元大美債20年,12,1,11,元大-台中,2023-08-29,9812
1612,宏泰,11,0,11,元大-台中,2023-08-29,9812
2457,飛宏,17,6,11,元大-台中,2023-08-29,9812
2312,金寶,12,1,11,元大-台中,2023-08-29,9812
0056,元大高股息,15,4,11,元大-台中,2023-08-29,9812
3311,閎暉,10,0,10,元大-台中,2023-08-29,9812
3021,鴻名,10,0,10,元大-台中,2023-08-29,9812
2539,櫻花建,10,0,10,元大-台中,2023-08-29,9812
1905,華紙,10,0,10,元大-台中,2023-08-29,9812
3531,先益,10,0,10,元大-台中,2023-08-29,9812
5706,鳳凰,10,0,10,元大-台中,2023-08-29,9812
2402,毅嘉,24,15,9,元大-台中,2023-08-29,9812
3078,僑威,11,2,9,元大-台中,2023-08-29,9812
8033,雷虎,8,0,8,元大-台中,2023-08-29,9812
6712,長聖,8,0,8,元大-台中,2023-08-29,9812
5452,佶優,8,0,8,元大-台中,2023-08-29,9812
2409,友達,11,4,7,元大-台中,2023-08-29,9812
2206,三陽工業,8,1,7,元大-台中,2023-08-29,9812
6213,聯茂,275,268,7,元大-台中,2023-08-29,9812
8436,大江,7,0,7,元大-台中,2023-08-29,9812
2880,華南金,7,0,7,元大-台中,2023-08-29,9812
020038,元大ESG配息N,6,0,6,元大-台中,2023-08-29,9812
3014,聯陽,7,1,6,元大-台中,2023-08-29,9812
2376,技嘉,101,96,5,元大-台中,2023-08-29,9812
1810,和成,7,2,5,元大-台中,2023-08-29,9812
2617,台航,5,0,5,元大-台中,2023-08-29,9812
6806,森崴能源,6,1,5,元大-台中,2023-08-29,9812
1762,中化生,5,0,5,元大-台中,2023-08-29,9812
2610,華航,4,0,4,元大-台中,2023-08-29,9812
3715,定穎投控,958,56,902,元大-台中,2023-08-30,9812
2337,旺宏,2627,2070,557,元大-台中,2023-08-30,9812
00885,富邦越南,227,11,216,元大-台中,2023-08-30,9812
5225,東科-KY,203,2,201,元大-台中,2023-08-30,9812
00637L,元大滬深300正2,112,0,112,元大-台中,2023-08-30,9812
2618,長榮航,157,49,108,元大-台中,2023-08-30,9812
2834,臺企銀,70,0,70,元大-台中,2023-08-30,9812
2388,威盛,131,61,70,元大-台中,2023-08-30,9812
00712,復華富時不動產,45,4,41,元大-台中,2023-08-30,9812
00673R,期元大S＆P原油反1,49,10,39,元大-台中,2023-08-30,9812
2486,一詮,39,1,38,元大-台中,2023-08-30,9812
9945,潤泰新,38,6,32,元大-台中,2023-08-30,9812
4915,致伸,28,1,27,元大-台中,2023-08-30,9812
5009,榮剛,28,2,26,元大-台中,2023-08-30,9812
3325,旭品,34,9,25,元大-台中,2023-08-30,9812
2610,華航,36,12,24,元大-台中,2023-08-30,9812
2105,正新,28,8,20,元大-台中,2023-08-30,9812
2889,國票金,20,1,19,元大-台中,2023-08-30,9812
2891,中信金,19,0,19,元大-台中,2023-08-30,9812
2609,陽明,17,0,17,元大-台中,2023-08-30,9812
2324,仁寶,33,16,17,元大-台中,2023-08-30,9812
2402,毅嘉,90,73,17,元大-台中,2023-08-30,9812
3481,群創,37,20,17,元大-台中,2023-08-30,9812
2106,建大,15,0,15,元大-台中,2023-08-30,9812
2913,農林,16,2,14,元大-台中,2023-08-30,9812
00680L,元大美債20正2,13,0,13,元大-台中,2023-08-30,9812
2485,兆赫,73,60,13,元大-台中,2023-08-30,9812
1810,和成,12,0,12,元大-台中,2023-08-30,9812
2453,凌群,12,0,12,元大-台中,2023-08-30,9812
6163,華電網,12,0,12,元大-台中,2023-08-30,9812
00888,永豐台灣ESG,12,0,12,元大-台中,2023-08-30,9812
00679B,元大美債20年,11,0,11,元大-台中,2023-08-30,9812
1217,愛之味,12,1,11,元大-台中,2023-08-30,9812
2886,兆豐金,14,4,10,元大-台中,2023-08-30,9812
8222,寶一,32,22,10,元大-台中,2023-08-30,9812
2867,三商壽,10,0,10,元大-台中,2023-08-30,9812
2002,中鋼,9,0,9,元大-台中,2023-08-30,9812
6285,啟��,23,14,9,元大-台中,2023-08-30,9812
6548,長科*,9,0,9,元大-台中,2023-08-30,9812
2020,美亞,9,0,9,元大-台中,2023-08-30,9812
00907,永豐優息存股,9,0,9,元大-台中,2023-08-30,9812
4536,拓凱,9,0,9,元大-台中,2023-08-30,9812
2816,旺旺保,13,4,9,元大-台中,2023-08-30,9812
2883,凱基金,20,12,8,元大-台中,2023-08-30,9812
2634,漢翔,22,14,8,元大-台中,2023-08-30,9812
2316,楠梓電,9,1,8,元大-台中,2023-08-30,9812
3257,虹冠電,17,10,7,元大-台中,2023-08-30,9812
2449,京元電子,57,50,7,元大-台中,2023-08-30,9812
8086,宏捷科,11,4,7,元大-台中,2023-08-30,9812
3122,笙泉,7,0,7,元大-台中,2023-08-30,9812
00878,國泰永續高股息,294,11,283,元大-台中,2023-08-31,9812
3056,富華新,155,0,155,元大-台中,2023-08-31,9812
2891,中信金,124,4,120,元大-台中,2023-08-31,9812
00885,富邦越南,105,3,102,元大-台中,2023-08-31,9812
4979,華星光,100,2,98,元大-台中,2023-08-31,9812
1101,台泥,93,0,93,元大-台中,2023-08-31,9812
2388,威盛,203,149,54,元大-台中,2023-08-31,9812
2303,聯電,122,79,43,元大-台中,2023-08-31,9812
00931B,統一美債20年,43,0,43,元大-台中,2023-08-31,9812
2610,華航,48,8,40,元大-台中,2023-08-31,9812
2390,云辰,51,14,37,元大-台中,2023-08-31,9812
00637L,元大滬深300正2,34,0,34,元大-台中,2023-08-31,9812
4909,新復興,31,1,30,元大-台中,2023-08-31,9812
4915,致伸,29,1,28,元大-台中,2023-08-31,9812
5009,榮剛,44,18,26,元大-台中,2023-08-31,9812
2890,永豐金,26,0,26,元大-台中,2023-08-31,9812
2344,華邦電,31,7,24,元大-台中,2023-08-31,9812
2002,中鋼,24,0,24,元大-台中,2023-08-31,9812
00688L,國泰20年美債正2,20,0,20,元大-台中,2023-08-31,9812
1216,統一,19,0,19,元大-台中,2023-08-31,9812
2880,華南金,17,0,17,元大-台中,2023-08-31,9812
1471,首利,17,0,17,元大-台中,2023-08-31,9812
1802,台玻,37,21,16,元大-台中,2023-08-31,9812
7402,邑錡,17,1,16,元大-台中,2023-08-31,9812
00720B,元大投資級公司債,16,0,16,元大-台中,2023-08-31,9812
4967,十銓,38,24,14,元大-台中,2023-08-31,9812
3051,力特,20,7,13,元大-台中,2023-08-31,9812
2331,精英,35,23,12,元大-台中,2023-08-31,9812
3447,展達,12,0,12,元大-台中,2023-08-31,9812
00673R,期元大S＆P原油反1,12,0,12,元大-台中,2023-08-31,9812
2883,凱基金,12,0,12,元大-台中,2023-08-31,9812
2201,裕隆,48,36,12,元大-台中,2023-08-31,9812
1529,樂事綠能,11,0,11,元大-台中,2023-08-31,9812
6213,聯茂,61,50,11,元大-台中,2023-08-31,9812
4564,元翎,13,2,11,元大-台中,2023-08-31,9812
6282,康舒,13,2,11,元大-台中,2023-08-31,9812
2905,三商,11,0,11,元大-台中,2023-08-31,9812
2816,旺旺保,11,1,10,元大-台中,2023-08-31,9812
1612,宏泰,10,0,10,元大-台中,2023-08-31,9812
00715L,期街口布蘭特正2,10,0,10,元大-台中,2023-08-31,9812
6015,宏遠證,10,0,10,元大-台中,2023-08-31,9812
2630,亞航,15,5,10,元大-台中,2023-08-31,9812
1608,華榮,10,1,9,元大-台中,2023-08-31,9812
4961,天鈺,10,1,9,元大-台中,2023-08-31,9812
8088,品安,21,12,9,元大-台中,2023-08-31,9812
6275,元山,8,0,8,元大-台中,2023-08-31,9812
9103,美德醫療-DR,8,0,8,元大-台中,2023-08-31,9812
2882,國泰金,8,0,8,元大-台中,2023-08-31,9812
2885,元大金,11,3,8,元大-台中,2023-08-31,9812
3011,今皓,8,0,8,元大-台中,2023-08-31,9812
2492,華新科,461,265,196,元大-台中,2023-09-01,9812
3056,富華新,123,0,123,元大-台中,2023-09-01,9812
2367,燿華,134,31,103,元大-台中,2023-09-01,9812
3231,緯創,178,90,88,元大-台中,2023-09-01,9812
00929,復華台灣科技優息,93,15,78,元大-台中,2023-09-01,9812
00919,群益台灣精選高息,77,0,77,元大-台中,2023-09-01,9812
00673R,期元大S＆P原油反1,58,1,57,元大-台中,2023-09-01,9812
6117,迎廣,61,10,51,元大-台中,2023-09-01,9812
4129,聯合,50,0,50,元大-台中,2023-09-01,9812
2390,云辰,50,1,49,元大-台中,2023-09-01,9812
1609,大亞,50,8,42,元大-台中,2023-09-01,9812
00878,國泰永續高股息,51,12,39,元大-台中,2023-09-01,9812
3715,定穎投控,67,28,39,元大-台中,2023-09-01,9812
2891,中信金,42,4,38,元大-台中,2023-09-01,9812
2816,旺旺保,44,11,33,元大-台中,2023-09-01,9812
00932,兆豐永續高息等權,32,0,32,元大-台中,2023-09-01,9812
00885,富邦越南,32,2,30,元大-台中,2023-09-01,9812
2382,廣達,51,23,28,元大-台中,2023-09-01,9812
6173,信昌電,40,14,26,元大-台中,2023-09-01,9812
3622,洋華,29,4,25,元大-台中,2023-09-01,9812
1605,華新,29,6,23,元大-台中,2023-09-01,9812
2363,矽統,293,270,23,元大-台中,2023-09-01,9812
1319,東陽,20,0,20,元大-台中,2023-09-01,9812
2401,凌陽,23,4,19,元大-台中,2023-09-01,9812
6244,茂迪,18,0,18,元大-台中,2023-09-01,9812
4142,國光生,17,1,16,元大-台中,2023-09-01,9812
2883,凱基金,16,0,16,元大-台中,2023-09-01,9812
2337,旺宏,28,12,16,元大-台中,2023-09-01,9812
2457,飛宏,22,7,15,元大-台中,2023-09-01,9812
2491,吉祥全,15,0,15,元大-台中,2023-09-01,9812
3615,安可,15,0,15,元大-台中,2023-09-01,9812
00712,復華富時不動產,15,0,15,元大-台中,2023-09-01,9812
2449,京元電子,31,17,14,元大-台中,2023-09-01,9812
2388,威盛,37,23,14,元大-台中,2023-09-01,9812
6235,華孚,23,9,14,元大-台中,2023-09-01,9812
2356,英業達,39,25,14,元大-台中,2023-09-01,9812
8358,金居,15,2,13,元大-台中,2023-09-01,9812
2887,台新金,15,3,12,元大-台中,2023-09-01,9812
2834,臺企銀,14,2,12,元大-台中,2023-09-01,9812
6163,華電網,12,0,12,元大-台中,2023-09-01,9812
3511,矽瑪,11,0,11,元大-台中,2023-09-01,9812
2812,台中銀,11,0,11,元大-台中,2023-09-01,9812
2605,新興,21,10,11,元大-台中,2023-09-01,9812
8210,勤誠,13,2,11,元大-台中,2023-09-01,9812
00713,元大台灣高息低波,11,1,10,元大-台中,2023-09-01,9812
3058,立德,12,2,10,元大-台中,2023-09-01,9812
3701,大眾控,10,0,10,元大-台中,2023-09-01,9812
3078,僑威,19,10,9,元大-台中,2023-09-01,9812
2618,長榮航,67,58,9,元大-台中,2023-09-01,9812
2329,華泰,96,88,8,元大-台中,2023-09-01,9812
2436,偉詮電,621,327,294,元大-台中,2023-09-04,9812
3231,緯創,266,70,196,元大-台中,2023-09-04,9812
2363,矽統,194,35,159,元大-台中,2023-09-04,9812
00929,復華台灣科技優息,94,3,91,元大-台中,2023-09-04,9812
00931B,統一美債20年,75,0,75,元大-台中,2023-09-04,9812
3014,聯陽,216,147,69,元大-台中,2023-09-04,9812
2303,聯電,58,4,54,元大-台中,2023-09-04,9812
1504,東元,64,13,51,元大-台中,2023-09-04,9812
00919,群益台灣精選高息,44,1,43,元大-台中,2023-09-04,9812
00878,國泰永續高股息,69,38,31,元大-台中,2023-09-04,9812
2618,長榮航,36,6,30,元大-台中,2023-09-04,9812
3044,健鼎,42,12,30,元大-台中,2023-09-04,9812
00915,凱基優選高股息30,28,0,28,元大-台中,2023-09-04,9812
6117,迎廣,29,1,28,元大-台中,2023-09-04,9812
1609,大亞,32,5,27,元大-台中,2023-09-04,9812
00632R,元大台灣50反1,31,5,26,元大-台中,2023-09-04,9812
2634,漢翔,37,11,26,元大-台中,2023-09-04,9812
2409,友達,29,5,24,元大-台中,2023-09-04,9812
2323,中環,22,0,22,元大-台中,2023-09-04,9812
3481,群創,24,5,19,元大-台中,2023-09-04,9812
00713,元大台灣高息低波,19,0,19,元大-台中,2023-09-04,9812
00881,國泰台灣5G+,18,0,18,元大-台中,2023-09-04,9812
3694,海華,17,0,17,元大-台中,2023-09-04,9812
3588,通嘉,80,63,17,元大-台中,2023-09-04,9812
1802,台玻,66,50,16,元大-台中,2023-09-04,9812
00706L,期元大S＆P日圓正2,15,0,15,元大-台中,2023-09-04,9812
1307,三芳,17,2,15,元大-台中,2023-09-04,9812
00679B,元大美債20年,13,0,13,元大-台中,2023-09-04,9812
3663,鑫科,13,0,13,元大-台中,2023-09-04,9812
2885,元大金,13,1,12,元大-台中,2023-09-04,9812
3265,台星科,12,0,12,元大-台中,2023-09-04,9812
5457,宣德,24,12,12,元大-台中,2023-09-04,9812
6160,欣技,11,0,11,元大-台中,2023-09-04,9812
3338,泰碩,13,2,11,元大-台中,2023-09-04,9812
2317,鴻海,11,1,10,元大-台中,2023-09-04,9812
2543,皇昌,12,2,10,元大-台中,2023-09-04,9812
4958,臻鼎-KY,10,0,10,元大-台中,2023-09-04,9812
912000,晨訊科-DR,10,0,10,元大-台中,2023-09-04,9812
00932,兆豐永續高息等權,10,0,10,元大-台中,2023-09-04,9812
2374,佳能,15,5,10,元大-台中,2023-09-04,9812
2883,凱基金,11,1,10,元大-台中,2023-09-04,9812
8069,元太,9,0,9,元大-台中,2023-09-04,9812
2344,華邦電,13,4,9,元大-台中,2023-09-04,9812
1477,聚陽,9,0,9,元大-台中,2023-09-04,9812
8176,智捷,8,0,8,元大-台中,2023-09-04,9812
3122,笙泉,8,0,8,元大-台中,2023-09-04,9812
6143,振曜,9,1,8,元大-台中,2023-09-04,9812
2382,廣達,95,87,8,元大-台中,2023-09-04,9812
00720B,元大投資級公司債,7,0,7,元大-台中,2023-09-04,9812
3162,精確,13,6,7,元大-台中,2023-09-04,9812
6274,台燿,428,20,408,元大-台中,2023-09-05,9812
00929,復華台灣科技優息,290,15,275,元大-台中,2023-09-05,9812
2515,中工,209,0,209,元大-台中,2023-09-05,9812
00919,群益台灣精選高息,147,7,140,元大-台中,2023-09-05,9812
1714,和桐,121,0,121,元大-台中,2023-09-05,9812
9105,泰金寶-DR,101,0,101,元大-台中,2023-09-05,9812
3548,兆利,106,6,100,元大-台中,2023-09-05,9812
00932,兆豐永續高息等權,81,0,81,元大-台中,2023-09-05,9812
2388,威盛,232,153,79,元大-台中,2023-09-05,9812
2303,聯電,81,17,64,元大-台中,2023-09-05,9812
2204,中華,77,25,52,元大-台中,2023-09-05,9812
4542,科嶠,60,10,50,元大-台中,2023-09-05,9812
2014,中鴻,30,0,30,元大-台中,2023-09-05,9812
2852,第一保,50,20,30,元大-台中,2023-09-05,9812
00918,大華優利高填息30,27,0,27,元大-台中,2023-09-05,9812
2610,華航,37,10,27,元大-台中,2023-09-05,9812
2409,友達,36,9,27,元大-台中,2023-09-05,9812
00673R,期元大S＆P原油反1,26,0,26,元大-台中,2023-09-05,9812
00706L,期元大S＆P日圓正2,24,0,24,元大-台中,2023-09-05,9812
5285,界霖,20,0,20,元大-台中,2023-09-05,9812
9938,百和,20,0,20,元大-台中,2023-09-05,9812
6175,立敦,20,0,20,元大-台中,2023-09-05,9812
3481,群創,26,6,20,元大-台中,2023-09-05,9812
6538,倉和,25,6,19,元大-台中,2023-09-05,9812
2913,農林,18,0,18,元大-台中,2023-09-05,9812
00637L,元大滬深300正2,48,30,18,元大-台中,2023-09-05,9812
00915,凱基優選高股息30,16,0,16,元大-台中,2023-09-05,9812
2379,瑞昱,18,2,16,元大-台中,2023-09-05,9812
3703,欣陸,15,0,15,元大-台中,2023-09-05,9812
1444,力麗,15,0,15,元大-台中,2023-09-05,9812
5009,榮剛,16,2,14,元大-台中,2023-09-05,9812
1326,台化,14,0,14,元大-台中,2023-09-05,9812
5234,達興材料,15,1,14,元大-台中,2023-09-05,9812
2201,裕隆,16,3,13,元大-台中,2023-09-05,9812
00712,復華富時不動產,13,0,13,元大-台中,2023-09-05,9812
2331,精英,23,11,12,元大-台中,2023-09-05,9812
00720B,元大投資級公司債,13,1,12,元大-台中,2023-09-05,9812
2884,玉山金,13,1,12,元大-台中,2023-09-05,9812
2885,元大金,13,1,12,元大-台中,2023-09-05,9812
00896,中信綠能及電動車,11,0,11,元大-台中,2023-09-05,9812
00923,群益台ESG低碳50,10,0,10,元大-台中,2023-09-05,9812
2883,凱基金,11,1,10,元大-台中,2023-09-05,9812
2027,大成鋼,10,0,10,元大-台中,2023-09-05,9812
3257,虹冠電,16,6,10,元大-台中,2023-09-05,9812
2478,大毅,10,0,10,元大-台中,2023-09-05,9812
5533,皇鼎,10,0,10,元大-台中,2023-09-05,9812
6153,嘉聯益,10,0,10,元大-台中,2023-09-05,9812
2516,新建,10,0,10,元大-台中,2023-09-05,9812
2376,技嘉,44,35,9,元大-台中,2023-09-05,9812
2038,海光,9,0,9,元大-台中,2023-09-05,9812
00929,復華台灣科技優息,392,60,332,元大-台中,2023-09-06,9812
2313,華通,2166,1926,240,元大-台中,2023-09-06,9812
2515,中工,106,0,106,元大-台中,2023-09-06,9812
5381,合正,138,49,89,元大-台中,2023-09-06,9812
5469,瀚宇博,87,1,86,元大-台中,2023-09-06,9812
2363,矽統,173,92,81,元大-台中,2023-09-06,9812
2409,友達,105,31,74,元大-台中,2023-09-06,9812
00633L,富邦上証正2,66,0,66,元大-台中,2023-09-06,9812
2303,聯電,65,6,59,元大-台中,2023-09-06,9812
2618,長榮航,57,0,57,元大-台中,2023-09-06,9812
3363,上詮,206,150,56,元大-台中,2023-09-06,9812
2883,凱基金,55,0,55,元大-台中,2023-09-06,9812
1504,東元,102,52,50,元大-台中,2023-09-06,9812
1714,和桐,48,0,48,元大-台中,2023-09-06,9812
00712,復華富時不動產,47,0,47,元大-台中,2023-09-06,9812
3481,群創,57,13,44,元大-台中,2023-09-06,9812
00918,大華優利高填息30,47,4,43,元大-台中,2023-09-06,9812
8150,南茂,46,15,31,元大-台中,2023-09-06,9812
6117,迎廣,28,1,27,元大-台中,2023-09-06,9812
00932,兆豐永續高息等權,26,0,26,元大-台中,2023-09-06,9812
2402,毅嘉,64,41,23,元大-台中,2023-09-06,9812
6112,邁達特,20,0,20,元大-台中,2023-09-06,9812
2885,元大金,20,1,19,元大-台中,2023-09-06,9812
00673R,期元大S＆P原油反1,19,0,19,元大-台中,2023-09-06,9812
00931B,統一美債20年,18,0,18,元大-台中,2023-09-06,9812
2324,仁寶,27,10,17,元大-台中,2023-09-06,9812
00915,凱基優選高股息30,17,0,17,元大-台中,2023-09-06,9812
5340,建榮,15,0,15,元大-台中,2023-09-06,9812
2436,偉詮電,24,9,15,元大-台中,2023-09-06,9812
00687B,國泰20年美債,15,0,15,元大-台中,2023-09-06,9812
2610,華航,18,4,14,元大-台中,2023-09-06,9812
6788,華景電,14,0,14,元大-台中,2023-09-06,9812
3362,先進光,16,3,13,元大-台中,2023-09-06,9812
3323,加百裕,13,0,13,元大-台中,2023-09-06,9812
5351,鈺創,13,0,13,元大-台中,2023-09-06,9812
3163,波若威,254,242,12,元大-台中,2023-09-06,9812
8358,金居,20,8,12,元大-台中,2023-09-06,9812
1102,亞泥,11,0,11,元大-台中,2023-09-06,9812
5234,達興材料,12,1,11,元大-台中,2023-09-06,9812
2886,兆豐金,11,0,11,元大-台中,2023-09-06,9812
1216,統一,10,0,10,元大-台中,2023-09-06,9812
00665L,富邦�琤肭磪囓�2,10,0,10,元大-台中,2023-09-06,9812
00720B,元大投資級公司債,10,0,10,元大-台中,2023-09-06,9812
2374,佳能,10,0,10,元大-台中,2023-09-06,9812
2852,第一保,10,0,10,元大-台中,2023-09-06,9812
3092,鴻碩,10,0,10,元大-台中,2023-09-06,9812
2883B,凱基金乙特,10,0,10,元大-台中,2023-09-06,9812
3051,力特,19,9,10,元大-台中,2023-09-06,9812
6672,騰輝電子-KY,9,0,9,元大-台中,2023-09-06,9812
2412,中華電,10,1,9,元大-台中,2023-09-06,9812
00929,復華台灣科技優息,221,31,190,元大-台中,2023-09-07,9812
00637L,元大滬深300正2,106,0,106,元大-台中,2023-09-07,9812
2401,凌陽,79,6,73,元大-台中,2023-09-07,9812
00919,群益台灣精選高息,71,11,60,元大-台中,2023-09-07,9812
6712,長聖,60,1,59,元大-台中,2023-09-07,9812
2816,旺旺保,75,22,53,元大-台中,2023-09-07,9812
2390,云辰,53,2,51,元大-台中,2023-09-07,9812
00673R,期元大S＆P原油反1,51,0,51,元大-台中,2023-09-07,9812
3051,力特,60,19,41,元大-台中,2023-09-07,9812
2618,長榮航,50,11,39,元大-台中,2023-09-07,9812
00712,復華富時不動產,42,4,38,元大-台中,2023-09-07,9812
4414,如興,48,10,38,元大-台中,2023-09-07,9812
2409,友達,41,4,37,元大-台中,2023-09-07,9812
00753L,中信中國50正2,35,0,35,元大-台中,2023-09-07,9812
3481,群創,47,12,35,元大-台中,2023-09-07,9812
1605,華新,60,30,30,元大-台中,2023-09-07,9812
2610,華航,35,6,29,元大-台中,2023-09-07,9812
4977,眾達-KY,40,15,25,元大-台中,2023-09-07,9812
00902,中信電池及儲能,25,0,25,元大-台中,2023-09-07,9812
3715,定穎投控,140,118,22,元大-台中,2023-09-07,9812
8155,博智,25,3,22,元大-台中,2023-09-07,9812
3704,合勤控,68,47,21,元大-台中,2023-09-07,9812
6109,亞元,20,0,20,元大-台中,2023-09-07,9812
4760,勤凱,20,0,20,元大-台中,2023-09-07,9812
2486,一詮,85,66,19,元大-台中,2023-09-07,9812
8358,金居,25,6,19,元大-台中,2023-09-07,9812
2884,玉山金,20,1,19,元大-台中,2023-09-07,9812
3287,廣寰科,18,0,18,元大-台中,2023-09-07,9812
2498,宏達電,17,0,17,元大-台中,2023-09-07,9812
2027,大成鋼,16,0,16,元大-台中,2023-09-07,9812
1514,亞力,16,0,16,元大-台中,2023-09-07,9812
0056,元大高股息,16,1,15,元大-台中,2023-09-07,9812
00932,兆豐永續高息等權,15,1,14,元大-台中,2023-09-07,9812
2330,台積電,14,0,14,元大-台中,2023-09-07,9812
00713,元大台灣高息低波,16,2,14,元大-台中,2023-09-07,9812
1102,亞泥,13,0,13,元大-台中,2023-09-07,9812
2492,華新科,25,12,13,元大-台中,2023-09-07,9812
1513,中興電,18,5,13,元大-台中,2023-09-07,9812
6160,欣技,13,0,13,元大-台中,2023-09-07,9812
6143,振曜,14,1,13,元大-台中,2023-09-07,9812
00915,凱基優選高股息30,12,0,12,元大-台中,2023-09-07,9812
2022,聚亨,19,7,12,元大-台中,2023-09-07,9812
5225,東科-KY,23,11,12,元大-台中,2023-09-07,9812
8103,瀚荃,12,0,12,元大-台中,2023-09-07,9812
2890,永豐金,12,0,12,元大-台中,2023-09-07,9812
6236,中湛,12,0,12,元大-台中,2023-09-07,9812
00923,群益台ESG低碳50,12,0,12,元大-台中,2023-09-07,9812
1618,合機,31,20,11,元大-台中,2023-09-07,9812
9904,寶成,11,0,11,元大-台中,2023-09-07,9812
3163,波若威,23,12,11,元大-台中,2023-09-07,9812
00637L,元大滬深300正2,190,0,190,元大-台中,2023-09-08,9812
3715,定穎投控,691,532,159,元大-台中,2023-09-08,9812
3363,上詮,187,52,135,元大-台中,2023-09-08,9812
1504,東元,132,2,130,元大-台中,2023-09-08,9812
1234,黑松,43,0,43,元大-台中,2023-09-08,9812
6236,中湛,43,0,43,元大-台中,2023-09-08,9812
00929,復華台灣科技優息,76,36,40,元大-台中,2023-09-08,9812
2002,中鋼,40,1,39,元大-台中,2023-09-08,9812
2401,凌陽,31,0,31,元大-台中,2023-09-08,9812
00918,大華優利高填息30,30,0,30,元大-台中,2023-09-08,9812
2382,廣達,54,24,30,元大-台中,2023-09-08,9812
2330,台積電,29,0,29,元大-台中,2023-09-08,9812
00919,群益台灣精選高息,47,21,26,元大-台中,2023-09-08,9812
6712,長聖,26,0,26,元大-台中,2023-09-08,9812
2308,台達電,25,1,24,元大-台中,2023-09-08,9812
5009,榮剛,27,3,24,元大-台中,2023-09-08,9812
4953,緯軟,34,12,22,元大-台中,2023-09-08,9812
00932,兆豐永續高息等權,22,0,22,元大-台中,2023-09-08,9812
9938,百和,22,1,21,元大-台中,2023-09-08,9812
4931,新盛力,20,0,20,元大-台中,2023-09-08,9812
00902,中信電池及儲能,30,10,20,元大-台中,2023-09-08,9812
4945,陞達科技,20,0,20,元大-台中,2023-09-08,9812
6282,康舒,18,0,18,元大-台中,2023-09-08,9812
00900,富邦特選高股息30,22,5,17,元大-台中,2023-09-08,9812
2890,永豐金,17,0,17,元大-台中,2023-09-08,9812
00753L,中信中國50正2,16,0,16,元大-台中,2023-09-08,9812
1714,和桐,19,3,16,元大-台中,2023-09-08,9812
1528,恩德,20,4,16,元大-台中,2023-09-08,9812
2337,旺宏,52,36,16,元大-台中,2023-09-08,9812
1218,泰山,15,0,15,元大-台中,2023-09-08,9812
1101,台泥,15,0,15,元大-台中,2023-09-08,9812
2486,一詮,47,33,14,元大-台中,2023-09-08,9812
5258,虹堡,19,6,13,元大-台中,2023-09-08,9812
6770,力積電,11,0,11,元大-台中,2023-09-08,9812
00712,復華富時不動產,11,0,11,元大-台中,2023-09-08,9812
1608,華榮,11,0,11,元大-台中,2023-09-08,9812
5381,合正,12,1,11,元大-台中,2023-09-08,9812
6138,茂達,11,0,11,元大-台中,2023-09-08,9812
4934,太極,26,16,10,元大-台中,2023-09-08,9812
2495,普安,10,0,10,元大-台中,2023-09-08,9812
6482,弘煜科,10,0,10,元大-台中,2023-09-08,9812
2353,宏��,12,2,10,元大-台中,2023-09-08,9812
2891,中信金,14,5,9,元大-台中,2023-09-08,9812
2409,友達,18,9,9,元大-台中,2023-09-08,9812
3014,聯陽,36,27,9,元大-台中,2023-09-08,9812
3306,鼎天,10,2,8,元大-台中,2023-09-08,9812
2402,毅嘉,22,14,8,元大-台中,2023-09-08,9812
5347,世界,9,1,8,元大-台中,2023-09-08,9812
3046,建��,21,13,8,元大-台中,2023-09-08,9812
00665L,富邦�琤肭磪囓�2,8,0,8,元大-台中,2023-09-08,9812
2888,新光金,1111,5,1106,元大-台中,2023-09-11,9812
5525,順天,182,0,182,元大-台中,2023-09-11,9812
00878,國泰永續高股息,209,38,171,元大-台中,2023-09-11,9812
00919,群益台灣精選高息,139,2,137,元大-台中,2023-09-11,9812
2388,威盛,168,38,130,元大-台中,2023-09-11,9812
00929,復華台灣科技優息,119,6,113,元大-台中,2023-09-11,9812
2816,旺旺保,90,0,90,元大-台中,2023-09-11,9812
00712,復華富時不動產,65,3,62,元大-台中,2023-09-11,9812
2390,云辰,50,0,50,元大-台中,2023-09-11,9812
8011,台通,50,0,50,元大-台中,2023-09-11,9812
3231,緯創,153,104,49,元大-台中,2023-09-11,9812
8222,寶一,65,21,44,元大-台中,2023-09-11,9812
2891,中信金,47,4,43,元大-台中,2023-09-11,9812
3014,聯陽,66,23,43,元大-台中,2023-09-11,9812
2618,長榮航,52,12,40,元大-台中,2023-09-11,9812
0056,元大高股息,74,35,39,元大-台中,2023-09-11,9812
00679B,元大美債20年,42,6,36,元大-台中,2023-09-11,9812
00918,大華優利高填息30,35,0,35,元大-台中,2023-09-11,9812
00896,中信綠能及電動車,33,0,33,元大-台中,2023-09-11,9812
2363,矽統,89,57,32,元大-台中,2023-09-11,9812
1471,首利,41,10,31,元大-台中,2023-09-11,9812
2405,輔信,130,100,30,元大-台中,2023-09-11,9812
6577,勁豐,30,0,30,元大-台中,2023-09-11,9812
2206,三陽工業,31,1,30,元大-台中,2023-09-11,9812
2014,中鴻,30,2,28,元大-台中,2023-09-11,9812
3363,上詮,151,123,28,元大-台中,2023-09-11,9812
2359,所羅門,32,5,27,元大-台中,2023-09-11,9812
00713,元大台灣高息低波,72,47,25,元大-台中,2023-09-11,9812
1522,堤維西,27,3,24,元大-台中,2023-09-11,9812
00673R,期元大S＆P原油反1,24,0,24,元大-台中,2023-09-11,9812
2323,中環,24,1,23,元大-台中,2023-09-11,9812
00900,富邦特選高股息30,26,6,20,元大-台中,2023-09-11,9812
3576,聯合再生,20,0,20,元大-台中,2023-09-11,9812
6122,擎邦,20,0,20,元大-台中,2023-09-11,9812
2313,華通,37,18,19,元大-台中,2023-09-11,9812
8176,智捷,20,1,19,元大-台中,2023-09-11,9812
8068,全達,16,0,16,元大-台中,2023-09-11,9812
3704,合勤控,20,4,16,元大-台中,2023-09-11,9812
6125,廣運,16,1,15,元大-台中,2023-09-11,9812
2312,金寶,15,1,14,元大-台中,2023-09-11,9812
00923,群益台ESG低碳50,14,0,14,元大-台中,2023-09-11,9812
00931B,統一美債20年,13,0,13,元大-台中,2023-09-11,9812
2002,中鋼,23,10,13,元大-台中,2023-09-11,9812
2376,技嘉,48,36,12,元大-台中,2023-09-11,9812
2331,精英,24,12,12,元大-台中,2023-09-11,9812
2357,華碩,12,1,11,元大-台中,2023-09-11,9812
00665L,富邦�琤肭磪囓�2,11,0,11,元大-台中,2023-09-11,9812
1605,華新,11,0,11,元大-台中,2023-09-11,9812
2409,友達,112,101,11,元大-台中,2023-09-11,9812
1402,遠東新,10,0,10,元大-台中,2023-09-11,9812
3322,建舜電,607,303,304,元大-台中,2023-09-12,9812
3481,群創,227,7,220,元大-台中,2023-09-12,9812
00929,復華台灣科技優息,317,195,122,元大-台中,2023-09-12,9812
1471,首利,118,8,110,元大-台中,2023-09-12,9812
00919,群益台灣精選高息,100,6,94,元大-台中,2023-09-12,9812
1524,耿鼎,134,83,51,元大-台中,2023-09-12,9812
3014,聯陽,50,7,43,元大-台中,2023-09-12,9812
1522,堤維西,134,97,37,元大-台中,2023-09-12,9812
2317,鴻海,40,7,33,元大-台中,2023-09-12,9812
00680L,元大美債20正2,30,0,30,元大-台中,2023-09-12,9812
3078,僑威,41,12,29,元大-台中,2023-09-12,9812
9934,成霖,30,1,29,元大-台中,2023-09-12,9812
2408,南亞科,30,2,28,元大-台中,2023-09-12,9812
00918,大華優利高填息30,30,2,28,元大-台中,2023-09-12,9812
2417,圓剛,30,3,27,元大-台中,2023-09-12,9812
00882,中信中國高股息,24,0,24,元大-台中,2023-09-12,9812
5225,東科-KY,24,3,21,元大-台中,2023-09-12,9812
0056,元大高股息,32,11,21,元大-台中,2023-09-12,9812
2401,凌陽,20,0,20,元大-台中,2023-09-12,9812
6223,旺矽,20,2,18,元大-台中,2023-09-12,9812
3051,力特,20,3,17,元大-台中,2023-09-12,9812
3363,上詮,35,19,16,元大-台中,2023-09-12,9812
2497,怡利電,16,0,16,元大-台中,2023-09-12,9812
5432,新門,15,0,15,元大-台中,2023-09-12,9812
9938,百和,15,0,15,元大-台中,2023-09-12,9812
00902,中信電池及儲能,14,0,14,元大-台中,2023-09-12,9812
2313,華通,157,143,14,元大-台中,2023-09-12,9812
00931B,統一美債20年,13,0,13,元大-台中,2023-09-12,9812
4402,郡都開發,13,0,13,元大-台中,2023-09-12,9812
1515,力山,47,34,13,元大-台中,2023-09-12,9812
2002,中鋼,14,2,12,元大-台中,2023-09-12,9812
1609,大亞,16,4,12,元大-台中,2023-09-12,9812
4967,十銓,13,1,12,元大-台中,2023-09-12,9812
9910,豐泰,12,0,12,元大-台中,2023-09-12,9812
2884,玉山金,12,0,12,元大-台中,2023-09-12,9812
2882,國泰金,13,1,12,元大-台中,2023-09-12,9812
2369,菱生,11,0,11,元大-台中,2023-09-12,9812
00673R,期元大S＆P原油反1,11,0,11,元大-台中,2023-09-12,9812
5009,榮剛,31,20,11,元大-台中,2023-09-12,9812
3264,欣銓,27,17,10,元大-台中,2023-09-12,9812
00881,國泰台灣5G+,10,0,10,元大-台中,2023-09-12,9812
8940,新天地,10,0,10,元大-台中,2023-09-12,9812
2610,華航,19,9,10,元大-台中,2023-09-12,9812
00857B,永豐20年美公債,10,0,10,元大-台中,2023-09-12,9812
8176,智捷,10,0,10,元大-台中,2023-09-12,9812
00679B,元大美債20年,10,1,9,元大-台中,2023-09-12,9812
3138,耀登,9,0,9,元大-台中,2023-09-12,9812
3380,明泰,63,54,9,元大-台中,2023-09-12,9812
3704,合勤控,23,14,9,元大-台中,2023-09-12,9812
6125,廣運,17,9,8,元大-台中,2023-09-12,9812
00929,復華台灣科技優息,820,27,793,元大-台中,2023-09-13,9812
00919,群益台灣精選高息,262,14,248,元大-台中,2023-09-13,9812
2486,一詮,318,121,197,元大-台中,2023-09-13,9812
00637L,元大滬深300正2,181,50,131,元大-台中,2023-09-13,9812
3005,神基,140,32,108,元大-台中,2023-09-13,9812
00712,復華富時不動產,114,12,102,元大-台中,2023-09-13,9812
2303,聯電,113,19,94,元大-台中,2023-09-13,9812
2405,輔信,55,12,43,元大-台中,2023-09-13,9812
1504,東元,35,0,35,元大-台中,2023-09-13,9812
2454,聯發科,36,1,35,元大-台中,2023-09-13,9812
1524,耿鼎,132,98,34,元大-台中,2023-09-13,9812
00902,中信電池及儲能,32,0,32,元大-台中,2023-09-13,9812
00720B,元大投資級公司債,31,0,31,元大-台中,2023-09-13,9812
00922,國泰台灣領袖50,30,0,30,元大-台中,2023-09-13,9812
00918,大華優利高填息30,32,3,29,元大-台中,2023-09-13,9812
9938,百和,25,2,23,元大-台中,2023-09-13,9812
2886,兆豐金,20,0,20,元大-台中,2023-09-13,9812
00878,國泰永續高股息,26,6,20,元大-台中,2023-09-13,9812
5009,榮剛,23,7,16,元大-台中,2023-09-13,9812
3701,大眾控,20,4,16,元大-台中,2023-09-13,9812
6284,佳邦,23,7,16,元大-台中,2023-09-13,9812
00915,凱基優選高股息30,18,3,15,元大-台中,2023-09-13,9812
00679B,元大美債20年,14,0,14,元大-台中,2023-09-13,9812
2317,鴻海,14,1,13,元大-台中,2023-09-13,9812
3450,聯鈞,14,1,13,元大-台中,2023-09-13,9812
8227,巨有科技,12,0,12,元大-台中,2023-09-13,9812
0056,元大高股息,20,8,12,元大-台中,2023-09-13,9812
2313,華通,42,30,12,元大-台中,2023-09-13,9812
2634,漢翔,16,5,11,元大-台中,2023-09-13,9812
2367,燿華,11,0,11,元大-台中,2023-09-13,9812
6282,康舒,19,8,11,元大-台中,2023-09-13,9812
00751B,元大AAA至A公司債,11,0,11,元大-台中,2023-09-13,9812
2417,圓剛,12,1,11,元大-台中,2023-09-13,9812
2376,技嘉,15,4,11,元大-台中,2023-09-13,9812
2409,友達,10,0,10,元大-台中,2023-09-13,9812
8996,高力,10,0,10,元大-台中,2023-09-13,9812
2415,錩新,10,0,10,元大-台中,2023-09-13,9812
6153,嘉聯益,10,0,10,元大-台中,2023-09-13,9812
00850,元大臺灣ESG永續,10,0,10,元大-台中,2023-09-13,9812
00772B,中信高評級公司債,11,1,10,元大-台中,2023-09-13,9812
2889,國票金,10,0,10,元大-台中,2023-09-13,9812
1529,樂事綠能,10,0,10,元大-台中,2023-09-13,9812
3567,逸昌,17,7,10,元大-台中,2023-09-13,9812
6285,啟��,13,3,10,元大-台中,2023-09-13,9812
00907,永豐優息存股,10,1,9,元大-台中,2023-09-13,9812
4977,眾達-KY,14,5,9,元大-台中,2023-09-13,9812
00713,元大台灣高息低波,10,2,8,元大-台中,2023-09-13,9812
3038,全台,8,0,8,元大-台中,2023-09-13,9812
8043,蜜望實,8,0,8,元大-台中,2023-09-13,9812
3260,威剛,24,17,7,元大-台中,2023-09-13,9812
3363,上詮,543,47,496,元大-台中,2023-09-14,9812
00929,復華台灣科技優息,453,28,425,元大-台中,2023-09-14,9812
00919,群益台灣精選高息,284,20,264,元大-台中,2023-09-14,9812
3548,兆利,111,1,110,元大-台中,2023-09-14,9812
00712,復華富時不動產,84,1,83,元大-台中,2023-09-14,9812
4908,前鼎,103,28,75,元大-台中,2023-09-14,9812
5321,美而快,62,1,61,元大-台中,2023-09-14,9812
2388,威盛,69,13,56,元大-台中,2023-09-14,9812
8112,至上,63,11,52,元大-台中,2023-09-14,9812
00637L,元大滬深300正2,71,20,51,元大-台中,2023-09-14,9812
00632R,元大台灣50反1,39,0,39,元大-台中,2023-09-14,9812
1504,東元,33,1,32,元大-台中,2023-09-14,9812
6274,台燿,60,29,31,元大-台中,2023-09-14,9812
2363,矽統,83,55,28,元大-台中,2023-09-14,9812
3209,全科,21,0,21,元大-台中,2023-09-14,9812
00918,大華優利高填息30,31,10,21,元大-台中,2023-09-14,9812
8234,新漢,20,1,19,元大-台中,2023-09-14,9812
2349,錸德,18,0,18,元大-台中,2023-09-14,9812
2376,技嘉,58,42,16,元大-台中,2023-09-14,9812
2025,千興,19,4,15,元大-台中,2023-09-14,9812
1515,力山,15,0,15,元大-台中,2023-09-14,9812
00673R,期元大S＆P原油反1,14,0,14,元大-台中,2023-09-14,9812
2891,中信金,16,3,13,元大-台中,2023-09-14,9812
00931B,統一美債20年,13,0,13,元大-台中,2023-09-14,9812
2324,仁寶,15,2,13,元大-台中,2023-09-14,9812
6275,元山,18,5,13,元大-台中,2023-09-14,9812
2402,毅嘉,14,2,12,元大-台中,2023-09-14,9812
8240,華宏,21,9,12,元大-台中,2023-09-14,9812
6288,聯嘉,12,1,11,元大-台中,2023-09-14,9812
1521,大億,11,0,11,元大-台中,2023-09-14,9812
2387,精元,12,1,11,元大-台中,2023-09-14,9812
2641,正德,51,40,11,元大-台中,2023-09-14,9812
00915,凱基優選高股息30,10,0,10,元大-台中,2023-09-14,9812
00921,兆豐龍頭等權重,10,0,10,元大-台中,2023-09-14,9812
5340,建榮,15,5,10,元大-台中,2023-09-14,9812
4129,聯合,10,0,10,元大-台中,2023-09-14,9812
3094,聯傑,10,0,10,元大-台中,2023-09-14,9812
00896,中信綠能及電動車,10,0,10,元大-台中,2023-09-14,9812
00753L,中信中國50正2,10,0,10,元大-台中,2023-09-14,9812
4979,華星光,33,24,9,元大-台中,2023-09-14,9812
2450,神腦,9,0,9,元大-台中,2023-09-14,9812
6792,詠業,10,1,9,元大-台中,2023-09-14,9812
00882,中信中國高股息,8,0,8,元大-台中,2023-09-14,9812
8054,安國,8,0,8,元大-台中,2023-09-14,9812
2358,廷鑫,8,0,8,元大-台中,2023-09-14,9812
3122,笙泉,13,6,7,元大-台中,2023-09-14,9812
4188,安克,7,0,7,元大-台中,2023-09-14,9812
2027,大成鋼,9,2,7,元大-台中,2023-09-14,9812
5328,華容,6,0,6,元大-台中,2023-09-14,9812
4977,眾達-KY,13,7,6,元大-台中,2023-09-14,9812
00929,復華台灣科技優息,474,34,440,元大-台中,2023-09-15,9812
1504,東元,285,19,266,元大-台中,2023-09-15,9812
00919,群益台灣精選高息,188,35,153,元大-台中,2023-09-15,9812
2838,聯邦銀,100,0,100,元大-台中,2023-09-15,9812
2641,正德,94,26,68,元大-台中,2023-09-15,9812
3362,先進光,56,8,48,元大-台中,2023-09-15,9812
00932,兆豐永續高息等權,45,0,45,元大-台中,2023-09-15,9812
8011,台通,51,9,42,元大-台中,2023-09-15,9812
3276,宇環,302,263,39,元大-台中,2023-09-15,9812
1584,精剛,37,0,37,元大-台中,2023-09-15,9812
2462,良得電,80,43,37,元大-台中,2023-09-15,9812
2486,一詮,65,33,32,元大-台中,2023-09-15,9812
2610,華航,32,0,32,元大-台中,2023-09-15,9812
00915,凱基優選高股息30,34,6,28,元大-台中,2023-09-15,9812
1402,遠東新,25,0,25,元大-台中,2023-09-15,9812
00918,大華優利高填息30,26,1,25,元大-台中,2023-09-15,9812
4945,陞達科技,29,5,24,元大-台中,2023-09-15,9812
00687B,國泰20年美債,22,0,22,元大-台中,2023-09-15,9812
2617,台航,21,0,21,元大-台中,2023-09-15,9812
2002,中鋼,25,7,18,元大-台中,2023-09-15,9812
00673R,期元大S＆P原油反1,18,0,18,元大-台中,2023-09-15,9812
00637L,元大滬深300正2,57,39,18,元大-台中,2023-09-15,9812
00715L,期街口布蘭特正2,17,0,17,元大-台中,2023-09-15,9812
2630,亞航,17,0,17,元大-台中,2023-09-15,9812
6788,華景電,16,0,16,元大-台中,2023-09-15,9812
1802,台玻,27,12,15,元大-台中,2023-09-15,9812
00881,國泰台灣5G+,15,0,15,元大-台中,2023-09-15,9812
5608,四維航,27,12,15,元大-台中,2023-09-15,9812
2634,漢翔,19,5,14,元大-台中,2023-09-15,9812
2324,仁寶,17,3,14,元大-台中,2023-09-15,9812
1524,耿鼎,19,5,14,元大-台中,2023-09-15,9812
3450,聯鈞,20,6,14,元大-台中,2023-09-15,9812
3078,僑威,15,1,14,元大-台中,2023-09-15,9812
4977,眾達-KY,15,2,13,元大-台中,2023-09-15,9812
3545,敦泰,15,3,12,元大-台中,2023-09-15,9812
2020,美亞,12,0,12,元大-台中,2023-09-15,9812
3694,海華,13,1,12,元大-台中,2023-09-15,9812
2884,玉山金,11,0,11,元大-台中,2023-09-15,9812
1339,昭輝,25,14,11,元大-台中,2023-09-15,9812
6741,91APP*-KY,11,0,11,元大-台中,2023-09-15,9812
2911,麗嬰房,11,0,11,元大-台中,2023-09-15,9812
00642U,期元大S＆P石油,11,0,11,元大-台中,2023-09-15,9812
5371,中光電,16,6,10,元大-台中,2023-09-15,9812
3666,光耀,10,0,10,元大-台中,2023-09-15,9812
2471,資通,10,0,10,元大-台中,2023-09-15,9812
00931B,統一美債20年,10,0,10,元大-台中,2023-09-15,9812
00885,富邦越南,12,2,10,元大-台中,2023-09-15,9812
3049,精金,10,0,10,元大-台中,2023-09-15,9812
00752,中信中國50,10,0,10,元大-台中,2023-09-15,9812
00632R,元大台灣50反1,10,0,10,元大-台中,2023-09-15,9812
00929,復華台灣科技優息,569,33,536,元大-台中,2023-09-18,9812
2891,中信金,321,1,320,元大-台中,2023-09-18,9812
3036,文曄,255,0,255,元大-台中,2023-09-18,9812
2313,華通,391,219,172,元大-台中,2023-09-18,9812
2888,新光金,202,51,151,元大-台中,2023-09-18,9812
00919,群益台灣精選高息,141,4,137,元大-台中,2023-09-18,9812
00680L,元大美債20正2,131,2,129,元大-台中,2023-09-18,9812
00930,永豐ESG低碳高息,90,0,90,元大-台中,2023-09-18,9812
2363,矽統,157,97,60,元大-台中,2023-09-18,9812
00878,國泰永續高股息,57,6,51,元大-台中,2023-09-18,9812
3231,緯創,53,8,45,元大-台中,2023-09-18,9812
2885,元大金,47,11,36,元大-台中,2023-09-18,9812
00918,大華優利高填息30,30,0,30,元大-台中,2023-09-18,9812
5880,合庫金,28,0,28,元大-台中,2023-09-18,9812
00931B,統一美債20年,26,0,26,元大-台中,2023-09-18,9812
00637L,元大滬深300正2,27,3,24,元大-台中,2023-09-18,9812
3715,定穎投控,125,101,24,元大-台中,2023-09-18,9812
00679B,元大美債20年,23,1,22,元大-台中,2023-09-18,9812
1504,東元,26,4,22,元大-台中,2023-09-18,9812
00751B,元大AAA至A公司債,22,0,22,元大-台中,2023-09-18,9812
4927,泰鼎-KY,21,0,21,元大-台中,2023-09-18,9812
3706,神達,25,5,20,元大-台中,2023-09-18,9812
00888,永豐台灣ESG,22,2,20,元大-台中,2023-09-18,9812
2867,三商壽,20,0,20,元大-台中,2023-09-18,9812
00738U,期元大道瓊白銀,18,0,18,元大-台中,2023-09-18,9812
3037,欣興,23,6,17,元大-台中,2023-09-18,9812
2417,圓剛,35,18,17,元大-台中,2023-09-18,9812
00915,凱基優選高股息30,17,0,17,元大-台中,2023-09-18,9812
2382,廣達,43,27,16,元大-台中,2023-09-18,9812
2330,台積電,15,0,15,元大-台中,2023-09-18,9812
2723,美食-KY,15,0,15,元大-台中,2023-09-18,9812
8040,九暘,14,0,14,元大-台中,2023-09-18,9812
00896,中信綠能及電動車,14,0,14,元大-台中,2023-09-18,9812
00720B,元大投資級公司債,13,0,13,元大-台中,2023-09-18,9812
00857B,永豐20年美公債,13,0,13,元大-台中,2023-09-18,9812
6477,安集,14,1,13,元大-台中,2023-09-18,9812
00885,富邦越南,19,7,12,元大-台中,2023-09-18,9812
4979,華星光,175,163,12,元大-台中,2023-09-18,9812
2354,鴻準,13,1,12,元大-台中,2023-09-18,9812
3380,明泰,12,0,12,元大-台中,2023-09-18,9812
6150,撼訊,16,4,12,元大-台中,2023-09-18,9812
8467,波力-KY,19,8,11,元大-台中,2023-09-18,9812
00665L,富邦�琤肭磪囓�2,11,0,11,元大-台中,2023-09-18,9812
1522,堤維西,16,5,11,元大-台中,2023-09-18,9812
2881,富邦金,10,0,10,元大-台中,2023-09-18,9812
2889,國票金,10,0,10,元大-台中,2023-09-18,9812
4572,駐龍,10,0,10,元大-台中,2023-09-18,9812
2405,輔信,11,2,9,元大-台中,2023-09-18,9812
00673R,期元大S＆P原油反1,9,0,9,元大-台中,2023-09-18,9812
3592,瑞鼎,10,1,9,元大-台中,2023-09-18,9812
00929,復華台灣科技優息,165,11,154,元大-台中,2023-09-19,9812
2887,台新金,137,1,136,元大-台中,2023-09-19,9812
00902,中信電池及儲能,123,0,123,元大-台中,2023-09-19,9812
3231,緯創,97,43,54,元大-台中,2023-09-19,9812
3044,健鼎,61,10,51,元大-台中,2023-09-19,9812
00919,群益台灣精選高息,57,8,49,元大-台中,2023-09-19,9812
8011,台通,50,2,48,元大-台中,2023-09-19,9812
1522,堤維西,88,41,47,元大-台中,2023-09-19,9812
00878,國泰永續高股息,52,16,36,元大-台中,2023-09-19,9812
2354,鴻準,55,23,32,元大-台中,2023-09-19,9812
6197,佳必琪,30,0,30,元大-台中,2023-09-19,9812
2440,太空梭,30,0,30,元大-台中,2023-09-19,9812
00753L,中信中國50正2,30,0,30,元大-台中,2023-09-19,9812
2515,中工,31,2,29,元大-台中,2023-09-19,9812
2634,漢翔,32,3,29,元大-台中,2023-09-19,9812
6244,茂迪,27,0,27,元大-台中,2023-09-19,9812
2340,台亞,39,13,26,元大-台中,2023-09-19,9812
1605,華新,22,0,22,元大-台中,2023-09-19,9812
8027,鈦昇,22,1,21,元大-台中,2023-09-19,9812
6901,鑽石投資,26,6,20,元大-台中,2023-09-19,9812
6269,台郡,20,0,20,元大-台中,2023-09-19,9812
3230,錦明,20,0,20,元大-台中,2023-09-19,9812
00921,兆豐龍頭等權重,17,0,17,元大-台中,2023-09-19,9812
2618,長榮航,15,0,15,元大-台中,2023-09-19,9812
6218,豪勉,15,0,15,元大-台中,2023-09-19,9812
3715,定穎投控,45,32,13,元大-台中,2023-09-19,9812
2880,華南金,12,0,12,元大-台中,2023-09-19,9812
00888,永豐台灣ESG,12,0,12,元大-台中,2023-09-19,9812
2344,華邦電,16,4,12,元大-台中,2023-09-19,9812
2610,華航,12,0,12,元大-台中,2023-09-19,9812
2337,旺宏,17,6,11,元大-台中,2023-09-19,9812
2838,聯邦銀,11,0,11,元大-台中,2023-09-19,9812
3049,精金,11,0,11,元大-台中,2023-09-19,9812
8467,波力-KY,21,10,11,元大-台中,2023-09-19,9812
2449,京元電子,42,32,10,元大-台中,2023-09-19,9812
2409,友達,11,1,10,元大-台中,2023-09-19,9812
2330,台積電,10,0,10,元大-台中,2023-09-19,9812
6116,彩晶,9,0,9,元大-台中,2023-09-19,9812
2417,圓剛,12,3,9,元大-台中,2023-09-19,9812
2387,精元,9,0,9,元大-台中,2023-09-19,9812
1529,樂事綠能,15,6,9,元大-台中,2023-09-19,9812
00650L,復華香港正2,8,0,8,元大-台中,2023-09-19,9812
2812,台中銀,8,0,8,元大-台中,2023-09-19,9812
3209,全科,8,0,8,元大-台中,2023-09-19,9812
6548,長科*,8,0,8,元大-台中,2023-09-19,9812
2303,聯電,9,1,8,元大-台中,2023-09-19,9812
1514,亞力,42,35,7,元大-台中,2023-09-19,9812
2603,長榮,11,4,7,元大-台中,2023-09-19,9812
2312,金寶,8,1,7,元大-台中,2023-09-19,9812
3625,西勝,7,0,7,元大-台中,2023-09-19,9812
2323,中環,533,3,530,元大-台中,2023-09-20,9812
3706,神達,331,43,288,元大-台中,2023-09-20,9812
00929,復華台灣科技優息,256,72,184,元大-台中,2023-09-20,9812
3231,緯創,247,69,178,元大-台中,2023-09-20,9812
2388,威盛,160,41,119,元大-台中,2023-09-20,9812
2515,中工,103,0,103,元大-台中,2023-09-20,9812
3036,文曄,227,130,97,元大-台中,2023-09-20,9812
00919,群益台灣精選高息,73,7,66,元大-台中,2023-09-20,9812
0056,元大高股息,59,2,57,元大-台中,2023-09-20,9812
2313,華通,201,156,45,元大-台中,2023-09-20,9812
2344,華邦電,44,4,40,元大-台中,2023-09-20,9812
5009,榮剛,37,0,37,元大-台中,2023-09-20,9812
3715,定穎投控,258,228,30,元大-台中,2023-09-20,9812
2382,廣達,82,53,29,元大-台中,2023-09-20,9812
2330,台積電,29,2,27,元大-台中,2023-09-20,9812
3481,群創,40,15,25,元大-台中,2023-09-20,9812
1717,長興,24,0,24,元大-台中,2023-09-20,9812
2332,友訊,23,0,23,元大-台中,2023-09-20,9812
00921,兆豐龍頭等權重,23,0,23,元大-台中,2023-09-20,9812
1319,東陽,35,15,20,元大-台中,2023-09-20,9812
2312,金寶,20,0,20,元大-台中,2023-09-20,9812
3037,欣興,24,6,18,元大-台中,2023-09-20,9812
1504,東元,20,2,18,元大-台中,2023-09-20,9812
8064,東捷,19,1,18,元大-台中,2023-09-20,9812
1101,台泥,18,0,18,元大-台中,2023-09-20,9812
3576,聯合再生,21,4,17,元大-台中,2023-09-20,9812
6257,矽格,18,1,17,元大-台中,2023-09-20,9812
2201,裕隆,20,3,17,元大-台中,2023-09-20,9812
2618,長榮航,33,17,16,元大-台中,2023-09-20,9812
2497,怡利電,18,2,16,元大-台中,2023-09-20,9812
5222,全訊,15,0,15,元大-台中,2023-09-20,9812
4736,泰博,16,1,15,元大-台中,2023-09-20,9812
6122,擎邦,14,0,14,元大-台中,2023-09-20,9812
2340,台亞,13,0,13,元大-台中,2023-09-20,9812
2409,友達,16,4,12,元大-台中,2023-09-20,9812
5213,亞昕,12,0,12,元大-台中,2023-09-20,9812
00878,國泰永續高股息,14,3,11,元大-台中,2023-09-20,9812
3264,欣銓,12,1,11,元大-台中,2023-09-20,9812
00679B,元大美債20年,11,0,11,元大-台中,2023-09-20,9812
3709,鑫聯大投控,20,9,11,元大-台中,2023-09-20,9812
3276,宇環,40,29,11,元大-台中,2023-09-20,9812
00923,群益台ESG低碳50,11,0,11,元大-台中,2023-09-20,9812
00888,永豐台灣ESG,11,0,11,元大-台中,2023-09-20,9812
2354,鴻準,28,17,11,元大-台中,2023-09-20,9812
2337,旺宏,16,5,11,元大-台中,2023-09-20,9812
2208,台船,32,22,10,元大-台中,2023-09-20,9812
00712,復華富時不動產,14,4,10,元大-台中,2023-09-20,9812
6182,合晶,10,0,10,元大-台中,2023-09-20,9812
00753L,中信中國50正2,10,0,10,元大-台中,2023-09-20,9812
2867,三商壽,10,0,10,元大-台中,2023-09-20,9812
2888,新光金,314,4,310,元大-台中,2023-09-21,9812
00929,復華台灣科技優息,278,30,248,元大-台中,2023-09-21,9812
00680L,元大美債20正2,153,0,153,元大-台中,2023-09-21,9812
00637L,元大滬深300正2,143,0,143,元大-台中,2023-09-21,9812
00919,群益台灣精選高息,101,3,98,元大-台中,2023-09-21,9812
00679B,元大美債20年,56,2,54,元大-台中,2023-09-21,9812
2377,微星,45,2,43,元大-台中,2023-09-21,9812
2002,中鋼,42,2,40,元大-台中,2023-09-21,9812
00878,國泰永續高股息,54,16,38,元大-台中,2023-09-21,9812
2618,長榮航,40,6,34,元大-台中,2023-09-21,9812
8358,金居,31,0,31,元大-台中,2023-09-21,9812
2349,錸德,30,0,30,元大-台中,2023-09-21,9812
2610,華航,34,4,30,元大-台中,2023-09-21,9812
1582,信錦,27,0,27,元大-台中,2023-09-21,9812
3338,泰碩,30,3,27,元大-台中,2023-09-21,9812
3081,聯亞,29,3,26,元大-台中,2023-09-21,9812
0050,元大台灣50,26,1,25,元大-台中,2023-09-21,9812
2317,鴻海,24,0,24,元大-台中,2023-09-21,9812
1605,華新,34,11,23,元大-台中,2023-09-21,9812
00673R,期元大S＆P原油反1,22,0,22,元大-台中,2023-09-21,9812
2887,台新金,22,0,22,元大-台中,2023-09-21,9812
0056,元大高股息,31,9,22,元大-台中,2023-09-21,9812
2883,凱基金,21,0,21,元大-台中,2023-09-21,9812
2009,第一銅,21,0,21,元大-台中,2023-09-21,9812
2330,台積電,21,0,21,元大-台中,2023-09-21,9812
2515,中工,20,0,20,元大-台中,2023-09-21,9812
6531,愛普*,41,21,20,元大-台中,2023-09-21,9812
1529,樂事綠能,19,0,19,元大-台中,2023-09-21,9812
6414,樺漢,18,1,17,元大-台中,2023-09-21,9812
00932,兆豐永續高息等權,15,0,15,元大-台中,2023-09-21,9812
1101,台泥,20,5,15,元大-台中,2023-09-21,9812
2108,南帝,15,0,15,元大-台中,2023-09-21,9812
2891,中信金,17,2,15,元大-台中,2023-09-21,9812
00900,富邦特選高股息30,15,1,14,元大-台中,2023-09-21,9812
1609,大亞,16,2,14,元大-台中,2023-09-21,9812
1466,聚隆,13,0,13,元大-台中,2023-09-21,9812
2880,華南金,13,0,13,元大-台中,2023-09-21,9812
00753L,中信中國50正2,13,0,13,元大-台中,2023-09-21,9812
2409,友達,14,1,13,元大-台中,2023-09-21,9812
2303,聯電,14,1,13,元大-台中,2023-09-21,9812
8050,廣積,13,1,12,元大-台中,2023-09-21,9812
2885,元大金,12,1,11,元大-台中,2023-09-21,9812
00688L,國泰20年美債正2,11,0,11,元大-台中,2023-09-21,9812
1316,上曜,15,4,11,元大-台中,2023-09-21,9812
2402,毅嘉,11,0,11,元大-台中,2023-09-21,9812
2605,新興,27,16,11,元大-台中,2023-09-21,9812
2367,燿華,32,21,11,元大-台中,2023-09-21,9812
00686R,群益臺灣加權反1,10,0,10,元大-台中,2023-09-21,9812
6168,宏齊,12,2,10,元大-台中,2023-09-21,9812
1809,中釉,34,24,10,元大-台中,2023-09-21,9812
3363,上詮,734,389,345,元大-台中,2023-09-22,9812
00929,復華台灣科技優息,449,165,284,元大-台中,2023-09-22,9812
3715,定穎投控,271,70,201,元大-台中,2023-09-22,9812
00680L,元大美債20正2,92,16,76,元大-台中,2023-09-22,9812
00931B,統一美債20年,64,0,64,元大-台中,2023-09-22,9812
00688L,國泰20年美債正2,61,0,61,元大-台中,2023-09-22,9812
00712,復華富時不動產,56,4,52,元大-台中,2023-09-22,9812
8033,雷虎,51,0,51,元大-台中,2023-09-22,9812
2515,中工,40,0,40,元大-台中,2023-09-22,9812
00679B,元大美債20年,31,0,31,元大-台中,2023-09-22,9812
2313,華通,56,28,28,元大-台中,2023-09-22,9812
3051,力特,37,10,27,元大-台中,2023-09-22,9812
2867,三商壽,27,0,27,元大-台中,2023-09-22,9812
00919,群益台灣精選高息,28,3,25,元大-台中,2023-09-22,9812
6792,詠業,24,0,24,元大-台中,2023-09-22,9812
00885,富邦越南,23,0,23,元大-台中,2023-09-22,9812
2330,台積電,24,2,22,元大-台中,2023-09-22,9812
3027,盛達,20,1,19,元大-台中,2023-09-22,9812
2204,中華,17,0,17,元大-台中,2023-09-22,9812
00932,兆豐永續高息等權,26,10,16,元大-台中,2023-09-22,9812
2376,技嘉,44,29,15,元大-台中,2023-09-22,9812
0050,元大台灣50,15,0,15,元大-台中,2023-09-22,9812
2618,長榮航,25,10,15,元大-台中,2023-09-22,9812
006208,富邦台50,14,0,14,元大-台中,2023-09-22,9812
2615,萬海,17,4,13,元大-台中,2023-09-22,9812
2303,聯電,13,1,12,元大-台中,2023-09-22,9812
2605,新興,15,3,12,元大-台中,2023-09-22,9812
2883,凱基金,12,0,12,元大-台中,2023-09-22,9812
1101,台泥,11,0,11,元大-台中,2023-09-22,9812
1444,力麗,11,0,11,元大-台中,2023-09-22,9812
2641,正德,10,0,10,元大-台中,2023-09-22,9812
3047,訊舟,10,0,10,元大-台中,2023-09-22,9812
1802,台玻,10,0,10,元大-台中,2023-09-22,9812
00664R,國泰臺灣加權反1,10,0,10,元大-台中,2023-09-22,9812
6122,擎邦,11,1,10,元大-台中,2023-09-22,9812
3481,群創,10,0,10,元大-台中,2023-09-22,9812
2888,新光金,10,1,9,元大-台中,2023-09-22,9812
00900,富邦特選高股息30,16,7,9,元大-台中,2023-09-22,9812
2355,敬鵬,10,1,9,元大-台中,2023-09-22,9812
2630,亞航,11,2,9,元大-台中,2023-09-22,9812
3013,晟銘電,20,11,9,元大-台中,2023-09-22,9812
0056,元大高股息,12,3,9,元大-台中,2023-09-22,9812
6531,愛普*,25,17,8,元大-台中,2023-09-22,9812
1582,信錦,8,0,8,元大-台中,2023-09-22,9812
2002,中鋼,8,0,8,元大-台中,2023-09-22,9812
3037,欣興,19,11,8,元大-台中,2023-09-22,9812
00687B,國泰20年美債,27,20,7,元大-台中,2023-09-22,9812
3058,立德,7,0,7,元大-台中,2023-09-22,9812
3322,建舜電,7,0,7,元大-台中,2023-09-22,9812
6477,安集,7,0,7,元大-台中,2023-09-22,9812
2515,中工,204,0,204,元大-台中,2023-09-25,9812
2355,敬鵬,121,11,110,元大-台中,2023-09-25,9812
2303,聯電,110,2,108,元大-台中,2023-09-25,9812
6139,亞翔,443,355,88,元大-台中,2023-09-25,9812
00929,復華台灣科技優息,155,79,76,元大-台中,2023-09-25,9812
2317,鴻海,56,0,56,元大-台中,2023-09-25,9812
1815,富喬,78,27,51,元大-台中,2023-09-25,9812
6442,光聖,50,17,33,元大-台中,2023-09-25,9812
2412,中華電,30,1,29,元大-台中,2023-09-25,9812
1504,東元,32,6,26,元大-台中,2023-09-25,9812
2363,矽統,116,91,25,元大-台中,2023-09-25,9812
00679B,元大美債20年,22,0,22,元大-台中,2023-09-25,9812
8234,新漢,19,0,19,元大-台中,2023-09-25,9812
5425,台半,37,20,17,元大-台中,2023-09-25,9812
2344,華邦電,18,2,16,元大-台中,2023-09-25,9812
1810,和成,16,0,16,元大-台中,2023-09-25,9812
2316,楠梓電,17,2,15,元大-台中,2023-09-25,9812
1609,大亞,23,8,15,元大-台中,2023-09-25,9812
2888,新光金,15,0,15,元大-台中,2023-09-25,9812
1101,台泥,14,0,14,元大-台中,2023-09-25,9812
8046,南電,15,2,13,元大-台中,2023-09-25,9812
6147,頎邦,13,0,13,元大-台中,2023-09-25,9812
00712,復華富時不動產,13,0,13,元大-台中,2023-09-25,9812
4566,時碩工業,16,4,12,元大-台中,2023-09-25,9812
2883,凱基金,11,0,11,元大-台中,2023-09-25,9812
9941,裕融,10,0,10,元大-台中,2023-09-25,9812
00720B,元大投資級公司債,10,0,10,元大-台中,2023-09-25,9812
00753L,中信中國50正2,30,20,10,元大-台中,2023-09-25,9812
1524,耿鼎,11,1,10,元大-台中,2023-09-25,9812
5340,建榮,10,0,10,元大-台中,2023-09-25,9812
3491,昇達科,17,7,10,元大-台中,2023-09-25,9812
2618,長榮航,12,2,10,元大-台中,2023-09-25,9812
2002,中鋼,10,0,10,元大-台中,2023-09-25,9812
2388,威盛,58,49,9,元大-台中,2023-09-25,9812
1513,中興電,11,3,8,元大-台中,2023-09-25,9812
6451,訊芯-KY,25,17,8,元大-台中,2023-09-25,9812
00673R,期元大S＆P原油反1,8,0,8,元大-台中,2023-09-25,9812
3037,欣興,9,2,7,元大-台中,2023-09-25,9812
6122,擎邦,8,1,7,元大-台中,2023-09-25,9812
6244,茂迪,7,0,7,元大-台中,2023-09-25,9812
2408,南亞科,8,1,7,元大-台中,2023-09-25,9812
4768,晶呈科技,7,0,7,元大-台中,2023-09-25,9812
00900,富邦特選高股息30,7,0,7,元大-台中,2023-09-25,9812
6443,元晶,7,0,7,元大-台中,2023-09-25,9812
8034,榮群,7,0,7,元大-台中,2023-09-25,9812
3481,群創,10,4,6,元大-台中,2023-09-25,9812
2489,瑞軒,6,0,6,元大-台中,2023-09-25,9812
5452,佶優,6,0,6,元大-台中,2023-09-25,9812
1310,台苯,6,0,6,元大-台中,2023-09-25,9812
00923,群益台ESG低碳50,6,0,6,元大-台中,2023-09-25,9812
00687B,國泰20年美債,1110,20,1090,元大-台中,2023-09-26,9812
2888,新光金,335,0,335,元大-台中,2023-09-26,9812
00929,復華台灣科技優息,125,16,109,元大-台中,2023-09-26,9812
1504,東元,108,16,92,元大-台中,2023-09-26,9812
00919,群益台灣精選高息,63,0,63,元大-台中,2023-09-26,9812
00680L,元大美債20正2,67,5,62,元大-台中,2023-09-26,9812
2337,旺宏,65,3,62,元大-台中,2023-09-26,9812
6442,光聖,89,40,49,元大-台中,2023-09-26,9812
2388,威盛,160,112,48,元大-台中,2023-09-26,9812
2317,鴻海,46,1,45,元大-台中,2023-09-26,9812
2303,聯電,45,0,45,元大-台中,2023-09-26,9812
00878,國泰永續高股息,42,1,41,元大-台中,2023-09-26,9812
00637L,元大滬深300正2,40,0,40,元大-台中,2023-09-26,9812
0056,元大高股息,41,2,39,元大-台中,2023-09-26,9812
00679B,元大美債20年,31,0,31,元大-台中,2023-09-26,9812
00712,復華富時不動產,31,0,31,元大-台中,2023-09-26,9812
2324,仁寶,30,0,30,元大-台中,2023-09-26,9812
5452,佶優,33,4,29,元大-台中,2023-09-26,9812
3363,上詮,66,38,28,元大-台中,2023-09-26,9812
2363,矽統,69,42,27,元大-台中,2023-09-26,9812
3481,群創,39,12,27,元大-台中,2023-09-26,9812
1608,華榮,38,14,24,元大-台中,2023-09-26,9812
2344,華邦電,27,5,22,元大-台中,2023-09-26,9812
2014,中鴻,20,0,20,元大-台中,2023-09-26,9812
2486,一詮,31,13,18,元大-台中,2023-09-26,9812
2883,凱基金,17,0,17,元大-台中,2023-09-26,9812
3231,緯創,117,102,15,元大-台中,2023-09-26,9812
2634,漢翔,19,4,15,元大-台中,2023-09-26,9812
00753L,中信中國50正2,185,170,15,元大-台中,2023-09-26,9812
2618,長榮航,16,1,15,元大-台中,2023-09-26,9812
6274,台燿,28,13,15,元大-台中,2023-09-26,9812
00720B,元大投資級公司債,14,0,14,元大-台中,2023-09-26,9812
2330,台積電,16,2,14,元大-台中,2023-09-26,9812
00900,富邦特選高股息30,14,0,14,元大-台中,2023-09-26,9812
00922,國泰台灣領袖50,14,0,14,元大-台中,2023-09-26,9812
5432,新門,14,0,14,元大-台中,2023-09-26,9812
4566,時碩工業,17,3,14,元大-台中,2023-09-26,9812
00888,永豐台灣ESG,13,0,13,元大-台中,2023-09-26,9812
2002,中鋼,13,0,13,元大-台中,2023-09-26,9812
2834,臺企銀,13,0,13,元大-台中,2023-09-26,9812
5009,榮剛,12,0,12,元大-台中,2023-09-26,9812
00923,群益台ESG低碳50,11,0,11,元大-台中,2023-09-26,9812
2645,長榮航太,12,1,11,元大-台中,2023-09-26,9812
8088,品安,12,1,11,元大-台中,2023-09-26,9812
5880,合庫金,11,0,11,元大-台中,2023-09-26,9812
3548,兆利,21,10,11,元大-台中,2023-09-26,9812
2880,華南金,11,1,10,元大-台中,2023-09-26,9812
8105,凌巨,10,0,10,元大-台中,2023-09-26,9812
1522,堤維西,87,77,10,元大-台中,2023-09-26,9812
0050,元大台灣50,9,0,9,元大-台中,2023-09-26,9812
1504,東元,264,4,260,元大-台中,2023-09-27,9812
2610,華航,101,1,100,元大-台中,2023-09-27,9812
2812,台中銀,82,0,82,元大-台中,2023-09-27,9812
3374,精材,70,6,64,元大-台中,2023-09-27,9812
3548,兆利,76,21,55,元大-台中,2023-09-27,9812
2002,中鋼,59,11,48,元大-台中,2023-09-27,9812
1711,永光,48,1,47,元大-台中,2023-09-27,9812
2609,陽明,50,6,44,元大-台中,2023-09-27,9812
00712,復華富時不動產,42,0,42,元大-台中,2023-09-27,9812
2317,鴻海,34,1,33,元大-台中,2023-09-27,9812
3715,定穎投控,204,172,32,元大-台中,2023-09-27,9812
3706,神達,41,10,31,元大-台中,2023-09-27,9812
00679B,元大美債20年,29,0,29,元大-台中,2023-09-27,9812
2883,凱基金,27,0,27,元大-台中,2023-09-27,9812
4542,科嶠,83,59,24,元大-台中,2023-09-27,9812
2617,台航,22,0,22,元大-台中,2023-09-27,9812
2542,興富發,22,0,22,元大-台中,2023-09-27,9812
00905,FT臺灣Smart,20,0,20,元大-台中,2023-09-27,9812
1609,大亞,57,39,18,元大-台中,2023-09-27,9812
3234,光環,17,0,17,元大-台中,2023-09-27,9812
2316,楠梓電,28,11,17,元大-台中,2023-09-27,9812
5880,合庫金,15,0,15,元大-台中,2023-09-27,9812
00919,群益台灣精選高息,21,8,13,元大-台中,2023-09-27,9812
6122,擎邦,13,0,13,元大-台中,2023-09-27,9812
2303,聯電,16,4,12,元大-台中,2023-09-27,9812
00673R,期元大S＆P原油反1,11,0,11,元大-台中,2023-09-27,9812
6841,長佳智能,13,2,11,元大-台中,2023-09-27,9812
2355,敬鵬,15,4,11,元大-台中,2023-09-27,9812
5488,松普,11,0,11,元大-台中,2023-09-27,9812
1440,南紡,10,0,10,元大-台中,2023-09-27,9812
6204,艾華,11,1,10,元大-台中,2023-09-27,9812
2337,旺宏,19,10,9,元大-台中,2023-09-27,9812
3630,新鉅科,8,0,8,元大-台中,2023-09-27,9812
2615,萬海,8,0,8,元大-台中,2023-09-27,9812
2313,華通,38,31,7,元大-台中,2023-09-27,9812
1314,中石化,7,0,7,元大-台中,2023-09-27,9812
00720B,元大投資級公司債,6,0,6,元大-台中,2023-09-27,9812
8938,明安,9,3,6,元大-台中,2023-09-27,9812
1522,堤維西,13,7,6,元大-台中,2023-09-27,9812
2485,兆赫,6,0,6,元大-台中,2023-09-27,9812
5388,中磊,11,5,6,元大-台中,2023-09-27,9812
3163,波若威,9,3,6,元大-台中,2023-09-27,9812
3363,上詮,26,20,6,元大-台中,2023-09-27,9812
2634,漢翔,10,4,6,元大-台中,2023-09-27,9812
006208,富邦台50,5,0,5,元大-台中,2023-09-27,9812
00888,永豐台灣ESG,5,0,5,元大-台中,2023-09-27,9812
2641,正德,21,16,5,元大-台中,2023-09-27,9812
5347,世界,5,0,5,元大-台中,2023-09-27,9812
00692,富邦公司治理,5,0,5,元大-台中,2023-09-27,9812
00632R,元大台灣50反1,20,15,5,元大-台中,2023-09-27,9812
3325,旭品,288,18,270,元大-台中,2023-09-28,9812
3715,定穎投控,430,342,88,元大-台中,2023-09-28,9812
00632R,元大台灣50反1,60,0,60,元大-台中,2023-09-28,9812
1504,東元,65,7,58,元大-台中,2023-09-28,9812
2408,南亞科,54,1,53,元大-台中,2023-09-28,9812
2610,華航,50,2,48,元大-台中,2023-09-28,9812
00712,復華富時不動產,41,0,41,元大-台中,2023-09-28,9812
00637L,元大滬深300正2,61,20,41,元大-台中,2023-09-28,9812
2344,華邦電,41,7,34,元大-台中,2023-09-28,9812
00929,復華台灣科技優息,75,44,31,元大-台中,2023-09-28,9812
2313,華通,90,59,31,元大-台中,2023-09-28,9812
2412,中華電,30,0,30,元大-台中,2023-09-28,9812
4909,新復興,30,0,30,元大-台中,2023-09-28,9812
2363,矽統,55,28,27,元大-台中,2023-09-28,9812
00673R,期元大S＆P原油反1,26,0,26,元大-台中,2023-09-28,9812
2421,建準,48,25,23,元大-台中,2023-09-28,9812
00931B,統一美債20年,21,0,21,元大-台中,2023-09-28,9812
4923,力士,23,3,20,元大-台中,2023-09-28,9812
2317,鴻海,27,8,19,元大-台中,2023-09-28,9812
2543,皇昌,18,0,18,元大-台中,2023-09-28,9812
2539,櫻花建,15,0,15,元大-台中,2023-09-28,9812
00687B,國泰20年美債,15,0,15,元大-台中,2023-09-28,9812
3163,波若威,23,9,14,元大-台中,2023-09-28,9812
1515,力山,14,0,14,元大-台中,2023-09-28,9812
5432,新門,18,4,14,元大-台中,2023-09-28,9812
2027,大成鋼,14,0,14,元大-台中,2023-09-28,9812
00919,群益台灣精選高息,20,7,13,元大-台中,2023-09-28,9812
6197,佳必琪,13,0,13,元大-台中,2023-09-28,9812
3013,晟銘電,40,27,13,元大-台中,2023-09-28,9812
2105,正新,13,0,13,元大-台中,2023-09-28,9812
3025,星通,12,0,12,元大-台中,2023-09-28,9812
2353,宏��,12,0,12,元大-台中,2023-09-28,9812
1815,富喬,31,19,12,元大-台中,2023-09-28,9812
2022,聚亨,11,0,11,元大-台中,2023-09-28,9812
00922,國泰台灣領袖50,11,0,11,元大-台中,2023-09-28,9812
3374,精材,14,3,11,元大-台中,2023-09-28,9812
9904,寶成,11,0,11,元大-台中,2023-09-28,9812
2201,裕隆,19,9,10,元大-台中,2023-09-28,9812
00720B,元大投資級公司債,11,0,11,元大-台中,2023-09-28,9812
3036,文曄,96,85,11,元大-台中,2023-09-28,9812
6213,聯茂,12,2,10,元大-台中,2023-09-28,9812
00650L,復華香港正2,10,0,10,元大-台中,2023-09-28,9812
3047,訊舟,10,0,10,元大-台中,2023-09-28,9812
3706,神達,21,11,10,元大-台中,2023-09-28,9812
3531,先益,10,0,10,元大-台中,2023-09-28,9812
1522,堤維西,9,0,9,元大-台中,2023-09-28,9812
3056,富華新,9,0,9,元大-台中,2023-09-28,9812
2402,毅嘉,37,28,9,元大-台中,2023-09-28,9812
2486,一詮,12,3,9,元大-台中,2023-09-28,9812
3006,晶豪科,11,2,9,元大-台中,2023-09-28,9812
2417,圓剛,300,4,296,元大-台中,2023-10-02,9812
00885,富邦越南,101,0,101,元大-台中,2023-10-02,9812
6451,訊芯-KY,101,8,93,元大-台中,2023-10-02,9812
2303,聯電,106,19,87,元大-台中,2023-10-02,9812
2388,威盛,157,76,81,元大-台中,2023-10-02,9812
8933,愛地雅,60,0,60,元大-台中,2023-10-02,9812
3017,奇鋐,50,5,45,元大-台中,2023-10-02,9812
00632R,元大台灣50反1,40,0,40,元大-台中,2023-10-02,9812
00688L,國泰20年美債正2,40,0,40,元大-台中,2023-10-02,9812
00680L,元大美債20正2,40,0,40,元大-台中,2023-10-02,9812
2412,中華電,40,0,40,元大-台中,2023-10-02,9812
2002,中鋼,41,8,33,元大-台中,2023-10-02,9812
2368,金像電,36,15,21,元大-台中,2023-10-02,9812
2356,英業達,94,75,19,元大-台中,2023-10-02,9812
2363,矽統,107,89,18,元大-台中,2023-10-02,9812
2812,台中銀,17,0,17,元大-台中,2023-10-02,9812
3450,聯鈞,30,13,17,元大-台中,2023-10-02,9812
8936,國統,17,2,15,元大-台中,2023-10-02,9812
2359,所羅門,15,0,15,元大-台中,2023-10-02,9812
1815,富喬,51,36,15,元大-台中,2023-10-02,9812
3481,群創,19,5,14,元大-台中,2023-10-02,9812
00753L,中信中國50正2,19,5,14,元大-台中,2023-10-02,9812
2615,萬海,13,0,13,元大-台中,2023-10-02,9812
2313,華通,25,12,13,元大-台中,2023-10-02,9812
2329,華泰,45,33,12,元大-台中,2023-10-02,9812
00929,復華台灣科技優息,37,25,12,元大-台中,2023-10-02,9812
1618,合機,16,4,12,元大-台中,2023-10-02,9812
2405,輔信,27,15,12,元大-台中,2023-10-02,9812
1608,華榮,12,0,12,元大-台中,2023-10-02,9812
1529,樂事綠能,11,0,11,元大-台中,2023-10-02,9812
2883,凱基金,112,102,10,元大-台中,2023-10-02,9812
2542,興富發,10,0,10,元大-台中,2023-10-02,9812
1710,東聯,10,0,10,元大-台中,2023-10-02,9812
00687B,國泰20年美債,10,0,10,元大-台中,2023-10-02,9812
2539,櫻花建,10,0,10,元大-台中,2023-10-02,9812
2838,聯邦銀,10,0,10,元大-台中,2023-10-02,9812
1409,新纖,10,0,10,元大-台中,2023-10-02,9812
9941,裕融,10,0,10,元大-台中,2023-10-02,9812
1605,華新,14,5,9,元大-台中,2023-10-02,9812
2421,建準,43,34,9,元大-台中,2023-10-02,9812
2392,正崴,11,2,9,元大-台中,2023-10-02,9812
6158,禾昌,9,0,9,元大-台中,2023-10-02,9812
3706,神達,36,27,9,元大-台中,2023-10-02,9812
00712,復華富時不動產,8,0,8,元大-台中,2023-10-02,9812
00919,群益台灣精選高息,17,9,8,元大-台中,2023-10-02,9812
00679B,元大美債20年,8,0,8,元大-台中,2023-10-02,9812
3363,上詮,27,19,8,元大-台中,2023-10-02,9812
9927,泰銘,8,0,8,元大-台中,2023-10-02,9812
2618,長榮航,29,21,8,元大-台中,2023-10-02,9812
2880,華南金,8,0,8,元大-台中,2023-10-02,9812
00637L,元大滬深300正2,482,24,458,元大-台中,2023-10-03,9812
00632R,元大台灣50反1,275,60,215,元大-台中,2023-10-03,9812
6117,迎廣,157,36,121,元大-台中,2023-10-03,9812
2388,威盛,120,31,89,元大-台中,2023-10-03,9812
2409,友達,76,10,66,元大-台中,2023-10-03,9812
00712,復華富時不動產,65,1,64,元大-台中,2023-10-03,9812
00919,群益台灣精選高息,45,1,44,元大-台中,2023-10-03,9812
00929,復華台灣科技優息,79,36,43,元大-台中,2023-10-03,9812
2412,中華電,40,0,40,元大-台中,2023-10-03,9812
2883,凱基金,52,17,35,元大-台中,2023-10-03,9812
00931B,統一美債20年,37,7,30,元大-台中,2023-10-03,9812
1605,華新,30,0,30,元大-台中,2023-10-03,9812
3013,晟銘電,43,17,26,元大-台中,2023-10-03,9812
3231,緯創,96,71,25,元大-台中,2023-10-03,9812
6282,康舒,22,0,22,元大-台中,2023-10-03,9812
2367,燿華,27,6,21,元大-台中,2023-10-03,9812
00665L,富邦�琤肭磪囓�2,20,0,20,元大-台中,2023-10-03,9812
2834,臺企銀,18,0,18,元大-台中,2023-10-03,9812
00922,國泰台灣領袖50,19,4,15,元大-台中,2023-10-03,9812
2108,南帝,15,0,15,元大-台中,2023-10-03,9812
3481,群創,18,4,14,元大-台中,2023-10-03,9812
2883B,凱基金乙特,14,0,14,元大-台中,2023-10-03,9812
2344,華邦電,15,2,13,元大-台中,2023-10-03,9812
2208,台船,13,0,13,元大-台中,2023-10-03,9812
00878,國泰永續高股息,15,3,12,元大-台中,2023-10-03,9812
2882,國泰金,12,0,12,元大-台中,2023-10-03,9812
3037,欣興,13,1,12,元大-台中,2023-10-03,9812
2421,建準,28,16,12,元大-台中,2023-10-03,9812
3704,合勤控,12,0,12,元大-台中,2023-10-03,9812
00882,中信中國高股息,11,0,11,元大-台中,2023-10-03,9812
2812,台中銀,11,0,11,元大-台中,2023-10-03,9812
2014,中鴻,11,0,11,元大-台中,2023-10-03,9812
9904,寶成,11,0,11,元大-台中,2023-10-03,9812
5340,建榮,11,0,11,元大-台中,2023-10-03,9812
2881,富邦金,11,0,11,元大-台中,2023-10-03,9812
6585,鼎基,11,1,10,元大-台中,2023-10-03,9812
1524,耿鼎,10,0,10,元大-台中,2023-10-03,9812
2885,元大金,12,2,10,元大-台中,2023-10-03,9812
4977,眾達-KY,19,10,9,元大-台中,2023-10-03,9812
00751B,元大AAA至A公司債,9,0,9,元大-台中,2023-10-03,9812
1449,佳和,9,0,9,元大-台中,2023-10-03,9812
3265,台星科,9,0,9,元大-台中,2023-10-03,9812
2603,長榮,10,1,9,元大-台中,2023-10-03,9812
9927,泰銘,8,0,8,元大-台中,2023-10-03,9812
2618,長榮航,22,14,8,元大-台中,2023-10-03,9812
4934,太極,8,0,8,元大-台中,2023-10-03,9812
6770,力積電,7,0,7,元大-台中,2023-10-03,9812
3531,先益,7,0,7,元大-台中,2023-10-03,9812
6275,元山,7,0,7,元大-台中,2023-10-03,9812
1471,首利,6,0,6,元大-台中,2023-10-03,9812
6117,迎廣,1006,129,877,元大-台中,2023-10-04,9812
0056,元大高股息,621,26,595,元大-台中,2023-10-04,9812
3694,海華,205,1,204,元大-台中,2023-10-04,9812
00885,富邦越南,103,0,103,元大-台中,2023-10-04,9812
00712,復華富時不動產,102,4,98,元大-台中,2023-10-04,9812
2303,聯電,69,10,59,元大-台中,2023-10-04,9812
2409,友達,66,8,58,元大-台中,2023-10-04,9812
00637L,元大滬深300正2,80,32,48,元大-台中,2023-10-04,9812
3715,定穎投控,225,180,45,元大-台中,2023-10-04,9812
2412,中華電,45,0,45,元大-台中,2023-10-04,9812
00795B,中信美國公債20年,41,0,41,元大-台中,2023-10-04,9812
00679B,元大美債20年,44,6,38,元大-台中,2023-10-04,9812
2883,凱基金,36,5,31,元大-台中,2023-10-04,9812
2388,威盛,36,6,30,元大-台中,2023-10-04,9812
2891,中信金,31,2,29,元大-台中,2023-10-04,9812
2201,裕隆,29,0,29,元大-台中,2023-10-04,9812
00632R,元大台灣50反1,53,25,28,元大-台中,2023-10-04,9812
1605,華新,33,6,27,元大-台中,2023-10-04,9812
3325,旭品,70,43,27,元大-台中,2023-10-04,9812
2002,中鋼,37,10,27,元大-台中,2023-10-04,9812
3231,緯創,51,24,27,元大-台中,2023-10-04,9812
3481,群創,32,6,26,元大-台中,2023-10-04,9812
00922,國泰台灣領袖50,22,0,22,元大-台中,2023-10-04,9812
00720B,元大投資級公司債,25,5,20,元大-台中,2023-10-04,9812
2501,國建,20,0,20,元大-台中,2023-10-04,9812
00878,國泰永續高股息,21,1,20,元大-台中,2023-10-04,9812
2913,農林,19,0,19,元大-台中,2023-10-04,9812
1409,新纖,20,2,18,元大-台中,2023-10-04,9812
2883B,凱基金乙特,18,0,18,元大-台中,2023-10-04,9812
2885,元大金,19,2,17,元大-台中,2023-10-04,9812
4564,元翎,17,0,17,元大-台中,2023-10-04,9812
00932,兆豐永續高息等權,17,0,17,元大-台中,2023-10-04,9812
2390,云辰,16,0,16,元大-台中,2023-10-04,9812
2618,長榮航,18,3,15,元大-台中,2023-10-04,9812
8112,至上,26,11,15,元大-台中,2023-10-04,9812
00923,群益台ESG低碳50,14,0,14,元大-台中,2023-10-04,9812
2884,玉山金,14,1,13,元大-台中,2023-10-04,9812
5880,合庫金,13,0,13,元大-台中,2023-10-04,9812
3703,欣陸,12,0,12,元大-台中,2023-10-04,9812
8086,宏捷科,23,11,12,元大-台中,2023-10-04,9812
00688L,國泰20年美債正2,24,12,12,元大-台中,2023-10-04,9812
1303,南亞,11,0,11,元大-台中,2023-10-04,9812
00893,國泰智能電動車,11,0,11,元大-台中,2023-10-04,9812
2337,旺宏,11,0,11,元大-台中,2023-10-04,9812
2401,凌陽,10,0,10,元大-台中,2023-10-04,9812
2496,卓越,10,0,10,元大-台中,2023-10-04,9812
3356,奇偶,9,0,9,元大-台中,2023-10-04,9812
2543,皇昌,21,12,9,元大-台中,2023-10-04,9812
00673R,期元大S＆P原油反1,9,0,9,元大-台中,2023-10-04,9812
1802,台玻,9,0,9,元大-台中,2023-10-04,9812
00712,復華富時不動產,138,3,135,元大-台中,2023-10-05,9812
00679B,元大美債20年,120,2,118,元大-台中,2023-10-05,9812
3450,聯鈞,156,49,107,元大-台中,2023-10-05,9812
2412,中華電,71,0,71,元大-台中,2023-10-05,9812
2317,鴻海,62,1,61,元大-台中,2023-10-05,9812
00637L,元大滬深300正2,50,0,50,元大-台中,2023-10-05,9812
3231,緯創,45,14,31,元大-台中,2023-10-05,9812
2442,新美齊,38,8,30,元大-台中,2023-10-05,9812
1815,富喬,42,17,25,元大-台中,2023-10-05,9812
6120,達運,25,0,25,元大-台中,2023-10-05,9812
6770,力積電,20,0,20,元大-台中,2023-10-05,9812
6530,創威,21,1,20,元大-台中,2023-10-05,9812
6235,華孚,36,17,19,元大-台中,2023-10-05,9812
2363,矽統,65,48,17,元大-台中,2023-10-05,9812
00900,富邦特選高股息30,20,5,15,元大-台中,2023-10-05,9812
00715L,期街口布蘭特正2,15,0,15,元大-台中,2023-10-05,9812
2344,華邦電,28,14,14,元大-台中,2023-10-05,9812
1603,華電,35,21,14,元大-台中,2023-10-05,9812
1584,精剛,13,0,13,元大-台中,2023-10-05,9812
8112,至上,21,8,13,元大-台中,2023-10-05,9812
3122,笙泉,68,55,13,元大-台中,2023-10-05,9812
3325,旭品,34,21,13,元大-台中,2023-10-05,9812
00720B,元大投資級公司債,11,0,11,元大-台中,2023-10-05,9812
3062,建漢,11,0,11,元大-台中,2023-10-05,9812
2201,裕隆,21,10,11,元大-台中,2023-10-05,9812
6288,聯嘉,14,4,10,元大-台中,2023-10-05,9812
3363,上詮,33,24,9,元大-台中,2023-10-05,9812
4909,新復興,13,4,9,元大-台中,2023-10-05,9812
3189,景碩,10,1,9,元大-台中,2023-10-05,9812
4923,力士,8,0,8,元大-台中,2023-10-05,9812
1529,樂事綠能,9,1,8,元大-台中,2023-10-05,9812
1524,耿鼎,9,1,8,元大-台中,2023-10-05,9812
2313,華通,34,27,7,元大-台中,2023-10-05,9812
1612,宏泰,7,0,7,元大-台中,2023-10-05,9812
00632R,元大台灣50反1,6,0,6,元大-台中,2023-10-05,9812
2402,毅嘉,6,0,6,元大-台中,2023-10-05,9812
3105,穩懋,6,0,6,元大-台中,2023-10-05,9812
3037,欣興,6,0,6,元大-台中,2023-10-05,9812
3669,圓展,8,2,6,元大-台中,2023-10-05,9812
3531,先益,9,3,6,元大-台中,2023-10-05,9812
00931B,統一美債20年,6,0,6,元大-台中,2023-10-05,9812
6712,長聖,6,0,6,元大-台中,2023-10-05,9812
2358,廷鑫,6,0,6,元大-台中,2023-10-05,9812
6122,擎邦,24,18,6,元大-台中,2023-10-05,9812
6191,精成科,8,2,6,元大-台中,2023-10-05,9812
1319,東陽,36,30,6,元大-台中,2023-10-05,9812
1101,台泥,6,0,6,元大-台中,2023-10-05,9812
2105,正新,12,6,6,元大-台中,2023-10-05,9812
2618,長榮航,29,24,5,元大-台中,2023-10-05,9812
2637,慧洋-KY,13,8,5,元大-台中,2023-10-05,9812
00637L,元大滬深300正2,217,56,161,元大-台中,2023-10-06,9812
2344,華邦電,125,24,101,元大-台中,2023-10-06,9812
00929,復華台灣科技優息,55,2,53,元大-台中,2023-10-06,9812
2883B,凱基金乙特,42,0,42,元大-台中,2023-10-06,9812
3231,緯創,66,27,39,元大-台中,2023-10-06,9812
00919,群益台灣精選高息,38,0,38,元大-台中,2023-10-06,9812
2611,志信,25,0,25,元大-台中,2023-10-06,9812
2329,華泰,46,21,25,元大-台中,2023-10-06,9812
2312,金寶,26,3,23,元大-台中,2023-10-06,9812
0056,元大高股息,27,5,22,元大-台中,2023-10-06,9812
1714,和桐,20,0,20,元大-台中,2023-10-06,9812
2313,華通,24,6,18,元大-台中,2023-10-06,9812
3530,晶相光,16,1,15,元大-台中,2023-10-06,9812
3036,文曄,21,6,15,元大-台中,2023-10-06,9812
6290,良維,27,13,14,元大-台中,2023-10-06,9812
6274,台燿,21,8,13,元大-台中,2023-10-06,9812
3346,麗清,13,0,13,元大-台中,2023-10-06,9812
6114,久威,13,0,13,元大-台中,2023-10-06,9812
2363,矽統,44,31,13,元大-台中,2023-10-06,9812
3481,群創,12,0,12,元大-台中,2023-10-06,9812
00720B,元大投資級公司債,13,1,12,元大-台中,2023-10-06,9812
6122,擎邦,15,3,12,元大-台中,2023-10-06,9812
2449,京元電子,12,1,11,元大-台中,2023-10-06,9812
1504,東元,11,0,11,元大-台中,2023-10-06,9812
00632R,元大台灣50反1,21,10,11,元大-台中,2023-10-06,9812
2388,威盛,83,72,11,元大-台中,2023-10-06,9812
2605,新興,39,28,11,元大-台中,2023-10-06,9812
00679B,元大美債20年,14,4,10,元大-台中,2023-10-06,9812
8069,元太,10,0,10,元大-台中,2023-10-06,9812
2615,萬海,10,0,10,元大-台中,2023-10-06,9812
5272,笙科,11,1,10,元大-台中,2023-10-06,9812
2365,昆盈,37,27,10,元大-台中,2023-10-06,9812
5210,寶碩,10,0,10,元大-台中,2023-10-06,9812
2022,聚亨,10,0,10,元大-台中,2023-10-06,9812
2382,廣達,73,63,10,元大-台中,2023-10-06,9812
1101,台泥,9,0,9,元大-台中,2023-10-06,9812
00885,富邦越南,9,0,9,元大-台中,2023-10-06,9812
6901,鑽石投資,12,3,9,元大-台中,2023-10-06,9812
6139,亞翔,25,16,9,元大-台中,2023-10-06,9812
2409,友達,10,1,9,元大-台中,2023-10-06,9812
2883,凱基金,8,0,8,元大-台中,2023-10-06,9812
6530,創威,30,22,8,元大-台中,2023-10-06,9812
1603,華電,8,0,8,元大-台中,2023-10-06,9812
6288,聯嘉,24,17,7,元大-台中,2023-10-06,9812
5225,東科-KY,8,1,7,元大-台中,2023-10-06,9812
6477,安集,7,0,7,元大-台中,2023-10-06,9812
2834,臺企銀,7,0,7,元大-台中,2023-10-06,9812
1815,富喬,14,7,7,元大-台中,2023-10-06,9812
2881,富邦金,6,0,6,元大-台中,2023-10-06,9812
4927,泰鼎-KY,6,0,6,元大-台中,2023-10-06,9812
2363,矽統,1514,356,1158,元大-台中,2023-10-11,9812
00673R,期元大S＆P原油反1,250,0,250,元大-台中,2023-10-11,9812
1504,東元,342,114,228,元大-台中,2023-10-11,9812
0056,元大高股息,162,11,151,元大-台中,2023-10-11,9812
3231,緯創,186,58,128,元大-台中,2023-10-11,9812
00688L,國泰20年美債正2,101,0,101,元大-台中,2023-10-11,9812
00885,富邦越南,103,4,99,元大-台中,2023-10-11,9812
6216,居易,63,5,58,元大-台中,2023-10-11,9812
9105,泰金寶-DR,51,0,51,元大-台中,2023-10-11,9812
00712,復華富時不動產,52,10,42,元大-台中,2023-10-11,9812
2425,承啟,43,2,41,元大-台中,2023-10-11,9812
3706,神達,79,40,39,元大-台中,2023-10-11,9812
2329,華泰,51,18,33,元大-台中,2023-10-11,9812
2388,威盛,78,46,32,元大-台中,2023-10-11,9812
2634,漢翔,45,16,29,元大-台中,2023-10-11,9812
1609,大亞,35,7,28,元大-台中,2023-10-11,9812
00929,復華台灣科技優息,31,4,27,元大-台中,2023-10-11,9812
2609,陽明,59,33,26,元大-台中,2023-10-11,9812
4306,炎洲,25,0,25,元大-台中,2023-10-11,9812
00919,群益台灣精選高息,34,9,25,元大-台中,2023-10-11,9812
1101,台泥,23,2,21,元大-台中,2023-10-11,9812
00720B,元大投資級公司債,21,0,21,元大-台中,2023-10-11,9812
2331,精英,21,0,21,元大-台中,2023-10-11,9812
00637L,元大滬深300正2,32,11,21,元大-台中,2023-10-11,9812
00632R,元大台灣50反1,40,20,20,元大-台中,2023-10-11,9812
6111,大宇資,20,0,20,元大-台中,2023-10-11,9812
2883B,凱基金乙特,20,0,20,元大-台中,2023-10-11,9812
3630,新鉅科,17,0,17,元大-台中,2023-10-11,9812
2376,技嘉,42,25,17,元大-台中,2023-10-11,9812
2603,長榮,20,3,17,元大-台中,2023-10-11,9812
2427,三商電,18,3,15,元大-台中,2023-10-11,9812
6147,頎邦,14,0,14,元大-台中,2023-10-11,9812
2405,輔信,20,6,14,元大-台中,2023-10-11,9812
2201,裕隆,20,6,14,元大-台中,2023-10-11,9812
2618,長榮航,45,32,13,元大-台中,2023-10-11,9812
6188,廣明,14,1,13,元大-台中,2023-10-11,9812
2353,宏��,18,5,13,元大-台中,2023-10-11,9812
00679B,元大美債20年,13,0,13,元大-台中,2023-10-11,9812
3481,群創,16,4,12,元大-台中,2023-10-11,9812
2301,光寶科,18,7,11,元大-台中,2023-10-11,9812
00888,永豐台灣ESG,12,1,11,元大-台中,2023-10-11,9812
6806,森崴能源,13,3,10,元大-台中,2023-10-11,9812
6477,安集,10,0,10,元大-台中,2023-10-11,9812
4123,晟德,10,0,10,元大-台中,2023-10-11,9812
2025,千興,30,20,10,元大-台中,2023-10-11,9812
1514,亞力,10,0,10,元大-台中,2023-10-11,9812
5009,榮剛,9,0,9,元大-台中,2023-10-11,9812
3005,神基,10,1,9,元大-台中,2023-10-11,9812
3013,晟銘電,55,46,9,元大-台中,2023-10-11,9812
2615,萬海,8,0,8,元大-台中,2023-10-11,9812
0056,元大高股息,171,27,144,元大-台中,2023-10-12,9812
2363,矽統,1694,1570,124,元大-台中,2023-10-12,9812
00680L,元大美債20正2,122,5,117,元大-台中,2023-10-12,9812
2338,光罩,72,1,71,元大-台中,2023-10-12,9812
00706L,期元大S＆P日圓正2,70,0,70,元大-台中,2023-10-12,9812
00679B,元大美債20年,62,0,62,元大-台中,2023-10-12,9812
00632R,元大台灣50反1,63,7,56,元大-台中,2023-10-12,9812
00885,富邦越南,80,40,40,元大-台中,2023-10-12,9812
2324,仁寶,40,1,39,元大-台中,2023-10-12,9812
2412,中華電,31,0,31,元大-台中,2023-10-12,9812
00931B,統一美債20年,30,0,30,元大-台中,2023-10-12,9812
4763,材料-KY,41,11,30,元大-台中,2023-10-12,9812
00720B,元大投資級公司債,27,1,26,元大-台中,2023-10-12,9812
1603,華電,35,9,26,元大-台中,2023-10-12,9812
00751B,元大AAA至A公司債,27,2,25,元大-台中,2023-10-12,9812
2852,第一保,21,0,21,元大-台中,2023-10-12,9812
6216,居易,30,9,21,元大-台中,2023-10-12,9812
2610,華航,56,36,20,元大-台中,2023-10-12,9812
00687B,國泰20年美債,18,1,17,元大-台中,2023-10-12,9812
3530,晶相光,18,2,16,元大-台中,2023-10-12,9812
2816,旺旺保,16,1,15,元大-台中,2023-10-12,9812
1217,愛之味,15,0,15,元大-台中,2023-10-12,9812
2002,中鋼,15,1,14,元大-台中,2023-10-12,9812
2609,陽明,17,3,14,元大-台中,2023-10-12,9812
6235,華孚,16,3,13,元大-台中,2023-10-12,9812
2409,友達,24,11,13,元大-台中,2023-10-12,9812
2313,華通,71,59,12,元大-台中,2023-10-12,9812
2233,宇隆,16,4,12,元大-台中,2023-10-12,9812
2221,大甲,11,0,11,元大-台中,2023-10-12,9812
4306,炎洲,10,0,10,元大-台中,2023-10-12,9812
6753,龍德造船,10,0,10,元大-台中,2023-10-12,9812
00715L,期街口布蘭特正2,9,0,9,元大-台中,2023-10-12,9812
3450,聯鈞,14,5,9,元大-台中,2023-10-12,9812
2365,昆盈,9,0,9,元大-台中,2023-10-12,9812
3669,圓展,10,1,9,元大-台中,2023-10-12,9812
6263,普萊德,8,0,8,元大-台中,2023-10-12,9812
3060,銘異,8,0,8,元大-台中,2023-10-12,9812
5258,虹堡,14,6,8,元大-台中,2023-10-12,9812
2888,新光金,8,0,8,元大-台中,2023-10-12,9812
2834,臺企銀,8,0,8,元大-台中,2023-10-12,9812
3548,兆利,9,2,7,元大-台中,2023-10-12,9812
4934,太極,7,0,7,元大-台中,2023-10-12,9812
3122,笙泉,11,4,7,元大-台中,2023-10-12,9812
6684,安格,9,2,7,元大-台中,2023-10-12,9812
2539,櫻花建,7,0,7,元大-台中,2023-10-12,9812
8038,長園科,7,0,7,元大-台中,2023-10-12,9812
2731,雄獅,6,0,6,元大-台中,2023-10-12,9812
3055,蔚華科,8,2,6,元大-台中,2023-10-12,9812
2329,華泰,26,20,6,元大-台中,2023-10-12,9812
6442,光聖,7,1,6,元大-台中,2023-10-12,9812
2515,中工,2000,13,1987,元大-台中,2023-10-13,9812
00637L,元大滬深300正2,215,67,148,元大-台中,2023-10-13,9812
1504,東元,119,0,119,元大-台中,2023-10-13,9812
3706,神達,148,38,110,元大-台中,2023-10-13,9812
6290,良維,102,18,84,元大-台中,2023-10-13,9812
3231,緯創,160,101,59,元大-台中,2023-10-13,9812
2412,中華電,50,0,50,元大-台中,2023-10-13,9812
0056,元大高股息,50,2,48,元大-台中,2023-10-13,9812
1815,富喬,48,6,42,元大-台中,2023-10-13,9812
00720B,元大投資級公司債,41,0,41,元大-台中,2023-10-13,9812
2382,廣達,70,42,28,元大-台中,2023-10-13,9812
00722B,群益投資級電信債,27,0,27,元大-台中,2023-10-13,9812
00724B,群益投資級金融債,27,0,27,元大-台中,2023-10-13,9812
00878,國泰永續高股息,28,3,25,元大-台中,2023-10-13,9812
00751B,元大AAA至A公司債,23,0,23,元大-台中,2023-10-13,9812
4960,誠美材,22,0,22,元大-台中,2023-10-13,9812
00679B,元大美債20年,21,0,21,元大-台中,2023-10-13,9812
00673R,期元大S＆P原油反1,20,0,20,元大-台中,2023-10-13,9812
9941,裕融,20,1,19,元大-台中,2023-10-13,9812
4105,東洋,18,0,18,元大-台中,2023-10-13,9812
3062,建漢,28,11,17,元大-台中,2023-10-13,9812
1609,大亞,18,1,17,元大-台中,2023-10-13,9812
5009,榮剛,16,0,16,元大-台中,2023-10-13,9812
2301,光寶科,42,29,13,元大-台中,2023-10-13,9812
2002,中鋼,14,2,12,元大-台中,2023-10-13,9812
2313,華通,21,9,12,元大-台中,2023-10-13,9812
2538,基泰,18,6,12,元大-台中,2023-10-13,9812
6125,廣運,14,2,12,元大-台中,2023-10-13,9812
2812,台中銀,12,1,11,元大-台中,2023-10-13,9812
2402,毅嘉,11,0,11,元大-台中,2023-10-13,9812
9904,寶成,11,0,11,元大-台中,2023-10-13,9812
2516,新建,12,1,11,元大-台中,2023-10-13,9812
1319,東陽,24,13,11,元大-台中,2023-10-13,9812
2913,農林,13,2,11,元大-台中,2023-10-13,9812
5234,達興材料,11,0,11,元大-台中,2023-10-13,9812
6442,光聖,18,7,11,元大-台中,2023-10-13,9812
4979,華星光,52,42,10,元大-台中,2023-10-13,9812
2356,英業達,19,9,10,元大-台中,2023-10-13,9812
4908,前鼎,38,28,10,元大-台中,2023-10-13,9812
2353,宏��,14,4,10,元大-台中,2023-10-13,9812
2375,凱美,10,0,10,元大-台中,2023-10-13,9812
00919,群益台灣精選高息,10,0,10,元大-台中,2023-10-13,9812
2399,映泰,9,0,9,元大-台中,2023-10-13,9812
2376,技嘉,16,7,9,元大-台中,2023-10-13,9812
3037,欣興,9,1,8,元大-台中,2023-10-13,9812
8227,巨有科技,30,22,8,元大-台中,2023-10-13,9812
2426,鼎元,8,0,8,元大-台中,2023-10-13,9812
2618,長榮航,19,12,7,元大-台中,2023-10-13,9812
3035,智原,12,5,7,元大-台中,2023-10-13,9812
1513,中興電,12,5,7,元大-台中,2023-10-13,9812
2344,華邦電,200,25,175,元大-台中,2023-10-16,9812
2363,矽統,283,178,105,元大-台中,2023-10-16,9812
00929,復華台灣科技優息,86,3,83,元大-台中,2023-10-16,9812
2618,長榮航,57,1,56,元大-台中,2023-10-16,9812
00688L,國泰20年美債正2,63,9,54,元大-台中,2023-10-16,9812
0056,元大高股息,61,11,50,元大-台中,2023-10-16,9812
2543,皇昌,333,302,31,元大-台中,2023-10-16,9812
1314,中石化,113,82,31,元大-台中,2023-10-16,9812
2610,華航,63,34,29,元大-台中,2023-10-16,9812
2516,新建,42,13,29,元大-台中,2023-10-16,9812
00720B,元大投資級公司債,28,0,28,元大-台中,2023-10-16,9812
00632R,元大台灣50反1,25,0,25,元大-台中,2023-10-16,9812
00712,復華富時不動產,24,0,24,元大-台中,2023-10-16,9812
3231,緯創,44,23,21,元大-台中,2023-10-16,9812
1605,華新,24,3,21,元大-台中,2023-10-16,9812
1609,大亞,21,0,21,元大-台中,2023-10-16,9812
00679B,元大美債20年,22,3,19,元大-台中,2023-10-16,9812
8227,巨有科技,27,8,19,元大-台中,2023-10-16,9812
1718,中纖,20,1,19,元大-台中,2023-10-16,9812
3078,僑威,29,10,19,元大-台中,2023-10-16,9812
00922,國泰台灣領袖50,18,0,18,元大-台中,2023-10-16,9812
2412,中華電,20,2,18,元大-台中,2023-10-16,9812
6158,禾昌,17,0,17,元大-台中,2023-10-16,9812
4414,如興,17,0,17,元大-台中,2023-10-16,9812
00919,群益台灣精選高息,27,10,17,元大-台中,2023-10-16,9812
3715,定穎投控,162,146,16,元大-台中,2023-10-16,9812
3481,群創,14,0,14,元大-台中,2023-10-16,9812
2330,台積電,14,0,14,元大-台中,2023-10-16,9812
2834,臺企銀,13,0,13,元大-台中,2023-10-16,9812
6712,長聖,15,2,13,元大-台中,2023-10-16,9812
2409,友達,13,0,13,元大-台中,2023-10-16,9812
6577,勁豐,13,0,13,元大-台中,2023-10-16,9812
9955,佳龍,18,6,12,元大-台中,2023-10-16,9812
6530,創威,12,0,12,元大-台中,2023-10-16,9812
2022,聚亨,11,0,11,元大-台中,2023-10-16,9812
4503,金雨,58,47,11,元大-台中,2023-10-16,9812
4306,炎洲,11,0,11,元大-台中,2023-10-16,9812
2812,台中銀,13,2,11,元大-台中,2023-10-16,9812
6114,久威,16,6,10,元大-台中,2023-10-16,9812
2905,三商,10,0,10,元大-台中,2023-10-16,9812
4714,永捷,10,0,10,元大-台中,2023-10-16,9812
6550,北極星藥業-KY,10,0,10,元大-台中,2023-10-16,9812
5425,台半,10,0,10,元大-台中,2023-10-16,9812
2358,廷鑫,10,0,10,元大-台中,2023-10-16,9812
3272,東碩,10,0,10,元大-台中,2023-10-16,9812
2615,萬海,10,0,10,元大-台中,2023-10-16,9812
3006,晶豪科,28,19,9,元大-台中,2023-10-16,9812
3122,笙泉,12,3,9,元大-台中,2023-10-16,9812
3005,神基,9,0,9,元大-台中,2023-10-16,9812
00878,國泰永續高股息,24,15,9,元大-台中,2023-10-16,9812
2515,中工,919,46,873,元大-台中,2023-10-17,9812
3305,昇貿,201,2,199,元大-台中,2023-10-17,9812
0056,元大高股息,127,26,101,元大-台中,2023-10-17,9812
2883,凱基金,100,11,89,元大-台中,2023-10-17,9812
3231,緯創,168,79,89,元大-台中,2023-10-17,9812
3276,宇環,84,4,80,元大-台中,2023-10-17,9812
3588,通嘉,83,3,80,元大-台中,2023-10-17,9812
00687B,國泰20年美債,33,0,33,元大-台中,2023-10-17,9812
2104,國際中橡,31,0,31,元大-台中,2023-10-17,9812
020039,元大加權N,30,0,30,元大-台中,2023-10-17,9812
2618,長榮航,55,26,29,元大-台中,2023-10-17,9812
3138,耀登,32,3,29,元大-台中,2023-10-17,9812
4401,東隆興,27,0,27,元大-台中,2023-10-17,9812
3694,海華,25,0,25,元大-台中,2023-10-17,9812
2412,中華電,24,0,24,元大-台中,2023-10-17,9812
6530,創威,61,39,22,元大-台中,2023-10-17,9812
00688L,國泰20年美債正2,21,0,21,元大-台中,2023-10-17,9812
1471,首利,23,3,20,元大-台中,2023-10-17,9812
6274,台燿,35,16,19,元大-台中,2023-10-17,9812
6419,京晨科,19,0,19,元大-台中,2023-10-17,9812
3481,群創,28,10,18,元大-台中,2023-10-17,9812
00724B,群益投資級金融債,18,0,18,元大-台中,2023-10-17,9812
00720B,元大投資級公司債,43,26,17,元大-台中,2023-10-17,9812
00722B,群益投資級電信債,17,0,17,元大-台中,2023-10-17,9812
3094,聯傑,47,30,17,元大-台中,2023-10-17,9812
00753L,中信中國50正2,15,0,15,元大-台中,2023-10-17,9812
2317,鴻海,15,1,14,元大-台中,2023-10-17,9812
00680L,元大美債20正2,14,0,14,元大-台中,2023-10-17,9812
5210,寶碩,17,3,14,元大-台中,2023-10-17,9812
2329,華泰,18,4,14,元大-台中,2023-10-17,9812
6168,宏齊,37,24,13,元大-台中,2023-10-17,9812
2885,元大金,12,0,12,元大-台中,2023-10-17,9812
2888,新光金,15,3,12,元大-台中,2023-10-17,9812
4129,聯合,12,0,12,元大-台中,2023-10-17,9812
2313,華通,34,23,11,元大-台中,2023-10-17,9812
3680,家登,12,1,11,元大-台中,2023-10-17,9812
9941,裕融,10,0,10,元大-台中,2023-10-17,9812
4999,鑫禾,10,0,10,元大-台中,2023-10-17,9812
3527,聚積,10,0,10,元大-台中,2023-10-17,9812
6122,擎邦,12,2,10,元大-台中,2023-10-17,9812
1710,東聯,10,0,10,元大-台中,2023-10-17,9812
9938,百和,10,0,10,元大-台中,2023-10-17,9812
4414,如興,10,0,10,元大-台中,2023-10-17,9812
2330,台積電,16,7,9,元大-台中,2023-10-17,9812
00922,國泰台灣領袖50,17,8,9,元大-台中,2023-10-17,9812
5206,坤悅,10,1,9,元大-台中,2023-10-17,9812
00751B,元大AAA至A公司債,19,10,9,元大-台中,2023-10-17,9812
00878,國泰永續高股息,21,12,9,元大-台中,2023-10-17,9812
8054,安國,20,12,8,元大-台中,2023-10-17,9812
1409,新纖,10,2,8,元大-台中,2023-10-17,9812
2303,聯電,156,36,120,元大-台中,2023-10-18,9812
00929,復華台灣科技優息,133,32,101,元大-台中,2023-10-18,9812
00878,國泰永續高股息,109,15,94,元大-台中,2023-10-18,9812
0056,元大高股息,200,110,90,元大-台中,2023-10-18,9812
4960,誠美材,81,25,56,元大-台中,2023-10-18,9812
8176,智捷,57,1,56,元大-台中,2023-10-18,9812
3122,笙泉,54,9,45,元大-台中,2023-10-18,9812
2412,中華電,38,0,38,元大-台中,2023-10-18,9812
00919,群益台灣精選高息,46,8,38,元大-台中,2023-10-18,9812
6237,驊訊,56,22,34,元大-台中,2023-10-18,9812
2338,光罩,32,0,32,元大-台中,2023-10-18,9812
1102,亞泥,31,1,30,元大-台中,2023-10-18,9812
6168,宏齊,95,65,30,元大-台中,2023-10-18,9812
8429,金麗-KY,28,0,28,元大-台中,2023-10-18,9812
00687B,國泰20年美債,27,0,27,元大-台中,2023-10-18,9812
2344,華邦電,47,22,25,元大-台中,2023-10-18,9812
00720B,元大投資級公司債,37,13,24,元大-台中,2023-10-18,9812
6117,迎廣,30,6,24,元大-台中,2023-10-18,9812
4401,東隆興,25,2,23,元大-台中,2023-10-18,9812
3706,神達,24,2,22,元大-台中,2023-10-18,9812
2201,裕隆,34,17,17,元大-台中,2023-10-18,9812
00715L,期街口布蘭特正2,34,17,17,元大-台中,2023-10-18,9812
4306,炎洲,17,0,17,元大-台中,2023-10-18,9812
00922,國泰台灣領袖50,47,30,17,元大-台中,2023-10-18,9812
2382,廣達,47,31,16,元大-台中,2023-10-18,9812
2402,毅嘉,15,0,15,元大-台中,2023-10-18,9812
2482,連宇,15,0,15,元大-台中,2023-10-18,9812
2002,中鋼,16,2,14,元大-台中,2023-10-18,9812
3078,僑威,16,2,14,元大-台中,2023-10-18,9812
4908,前鼎,242,229,13,元大-台中,2023-10-18,9812
020039,元大加權N,28,15,13,元大-台中,2023-10-18,9812
2421,建準,13,1,12,元大-台中,2023-10-18,9812
2329,華泰,20,8,12,元大-台中,2023-10-18,9812
2009,第一銅,12,0,12,元大-台中,2023-10-18,9812
2618,長榮航,34,23,11,元大-台中,2023-10-18,9812
00632R,元大台灣50反1,11,0,11,元大-台中,2023-10-18,9812
3041,揚智,18,7,11,元大-台中,2023-10-18,9812
9945,潤泰新,10,0,10,元大-台中,2023-10-18,9812
3033,威健,10,0,10,元大-台中,2023-10-18,9812
8034,榮群,12,2,10,元大-台中,2023-10-18,9812
3051,力特,9,0,9,元大-台中,2023-10-18,9812
3548,兆利,21,12,9,元大-台中,2023-10-18,9812
00932,兆豐永續高息等權,9,0,9,元大-台中,2023-10-18,9812
2369,菱生,41,32,9,元大-台中,2023-10-18,9812
00900,富邦特選高股息30,8,0,8,元大-台中,2023-10-18,9812
5009,榮剛,8,0,8,元大-台中,2023-10-18,9812
2913,農林,16,8,8,元大-台中,2023-10-18,9812
4162,智擎,8,0,8,元大-台中,2023-10-18,9812
1101,台泥,18,10,8,元大-台中,2023-10-18,9812
00713,元大台灣高息低波,8,0,8,元大-台中,2023-10-18,9812
2888,新光金,516,4,512,元大-台中,2023-10-19,9812
00933B,國泰10Y+金融債,343,0,343,元大-台中,2023-10-19,9812
0056,元大高股息,334,12,322,元大-台中,2023-10-19,9812
2363,矽統,180,18,162,元大-台中,2023-10-19,9812
2449,京元電子,115,18,97,元大-台中,2023-10-19,9812
1314,中石化,110,21,89,元大-台中,2023-10-19,9812
2317,鴻海,78,1,77,元大-台中,2023-10-19,9812
2344,華邦電,83,11,72,元大-台中,2023-10-19,9812
00878,國泰永續高股息,63,5,58,元大-台中,2023-10-19,9812
00680L,元大美債20正2,114,60,54,元大-台中,2023-10-19,9812
00753L,中信中國50正2,45,0,45,元大-台中,2023-10-19,9812
00902,中信電池及儲能,43,0,43,元大-台中,2023-10-19,9812
01003T,兆豐新光R1,40,0,40,元大-台中,2023-10-19,9812
00712,復華富時不動產,38,0,38,元大-台中,2023-10-19,9812
4401,東隆興,31,0,31,元大-台中,2023-10-19,9812
6005,群益證,30,0,30,元大-台中,2023-10-19,9812
00687B,國泰20年美債,34,5,29,元大-台中,2023-10-19,9812
1711,永光,28,0,28,元大-台中,2023-10-19,9812
4105,東洋,28,0,28,元大-台中,2023-10-19,9812
00688L,國泰20年美債正2,27,0,27,元大-台中,2023-10-19,9812
1319,東陽,52,27,25,元大-台中,2023-10-19,9812
00903,富邦元宇宙,25,0,25,元大-台中,2023-10-19,9812
00929,復華台灣科技優息,37,13,24,元大-台中,2023-10-19,9812
00637L,元大滬深300正2,92,68,24,元大-台中,2023-10-19,9812
4763,材料-KY,32,10,22,元大-台中,2023-10-19,9812
2883,凱基金,22,0,22,元大-台中,2023-10-19,9812
1524,耿鼎,51,30,21,元大-台中,2023-10-19,9812
1101,台泥,30,9,21,元大-台中,2023-10-19,9812
00751B,元大AAA至A公司債,22,2,20,元大-台中,2023-10-19,9812
00919,群益台灣精選高息,21,1,20,元大-台中,2023-10-19,9812
00885,富邦越南,21,2,19,元大-台中,2023-10-19,9812
2885,元大金,20,3,17,元大-台中,2023-10-19,9812
2104,國際中橡,15,0,15,元大-台中,2023-10-19,9812
3481,群創,15,0,15,元大-台中,2023-10-19,9812
00931B,統一美債20年,35,21,14,元大-台中,2023-10-19,9812
2364,倫飛,17,4,13,元大-台中,2023-10-19,9812
3163,波若威,14,1,13,元大-台中,2023-10-19,9812
2641,正德,15,2,13,元大-台中,2023-10-19,9812
00679B,元大美債20年,21,8,13,元大-台中,2023-10-19,9812
6158,禾昌,218,206,12,元大-台中,2023-10-19,9812
2816,旺旺保,27,15,12,元大-台中,2023-10-19,9812
3450,聯鈞,14,2,12,元大-台中,2023-10-19,9812
00720B,元大投資級公司債,13,1,12,元大-台中,2023-10-19,9812
6274,台燿,15,4,11,元大-台中,2023-10-19,9812
2465,麗臺,12,1,11,元大-台中,2023-10-19,9812
00893,國泰智能電動車,12,1,11,元大-台中,2023-10-19,9812
9955,佳龍,16,5,11,元大-台中,2023-10-19,9812
6237,驊訊,18,7,11,元大-台中,2023-10-19,9812
2002,中鋼,11,1,10,元大-台中,2023-10-19,9812
5425,台半,10,0,10,元大-台中,2023-10-19,9812
2888,新光金,1335,7,1328,元大-台中,2023-10-20,9812
2515,中工,502,20,482,元大-台中,2023-10-20,9812
00712,復華富時不動產,134,0,134,元大-台中,2023-10-20,9812
00902,中信電池及儲能,125,0,125,元大-台中,2023-10-20,9812
0056,元大高股息,96,0,96,元大-台中,2023-10-20,9812
1568,倉佑,1513,1430,83,元大-台中,2023-10-20,9812
2883,凱基金,278,204,74,元大-台中,2023-10-20,9812
00878,國泰永續高股息,72,5,67,元大-台中,2023-10-20,9812
3122,笙泉,106,70,36,元大-台中,2023-10-20,9812
6530,創威,102,69,33,元大-台中,2023-10-20,9812
1314,中石化,31,3,28,元大-台中,2023-10-20,9812
3078,僑威,25,2,23,元大-台中,2023-10-20,9812
2834,臺企銀,22,0,22,元大-台中,2023-10-20,9812
2634,漢翔,25,3,22,元大-台中,2023-10-20,9812
006206,元大上證50,22,0,22,元大-台中,2023-10-20,9812
2369,菱生,117,96,21,元大-台中,2023-10-20,9812
3105,穩懋,21,0,21,元大-台中,2023-10-20,9812
6202,盛群,21,0,21,元大-台中,2023-10-20,9812
2392,正崴,20,0,20,元大-台中,2023-10-20,9812
1605,華新,22,2,20,元大-台中,2023-10-20,9812
00679B,元大美債20年,19,0,19,元大-台中,2023-10-20,9812
00929,復華台灣科技優息,36,17,19,元大-台中,2023-10-20,9812
2885,元大金,25,6,19,元大-台中,2023-10-20,9812
00922,國泰台灣領袖50,18,0,18,元大-台中,2023-10-20,9812
2886,兆豐金,18,1,17,元大-台中,2023-10-20,9812
2105,正新,16,0,16,元大-台中,2023-10-20,9812
1467,南緯,16,0,16,元大-台中,2023-10-20,9812
00919,群益台灣精選高息,16,0,16,元大-台中,2023-10-20,9812
1101,台泥,16,1,15,元大-台中,2023-10-20,9812
3176,基亞,15,0,15,元大-台中,2023-10-20,9812
2363,矽統,25,11,14,元大-台中,2023-10-20,9812
6477,安集,14,0,14,元大-台中,2023-10-20,9812
2615,萬海,26,12,14,元大-台中,2023-10-20,9812
00720B,元大投資級公司債,13,0,13,元大-台中,2023-10-20,9812
1324,地球,37,24,13,元大-台中,2023-10-20,9812
8176,智捷,14,1,13,元大-台中,2023-10-20,9812
00687B,國泰20年美債,12,0,12,元大-台中,2023-10-20,9812
6290,良維,18,6,12,元大-台中,2023-10-20,9812
6770,力積電,12,1,11,元大-台中,2023-10-20,9812
2605,新興,14,3,11,元大-台中,2023-10-20,9812
00637L,元大滬深300正2,13,2,11,元大-台中,2023-10-20,9812
9950,萬國通,18,7,11,元大-台中,2023-10-20,9812
2368,金像電,11,1,10,元大-台中,2023-10-20,9812
3017,奇鋐,14,4,10,元大-台中,2023-10-20,9812
6153,嘉聯益,10,0,10,元大-台中,2023-10-20,9812
3094,聯傑,16,6,10,元大-台中,2023-10-20,9812
6579,研揚,10,0,10,元大-台中,2023-10-20,9812
1102,亞泥,10,0,10,元大-台中,2023-10-20,9812
2887,台新金,10,1,9,元大-台中,2023-10-20,9812
6139,亞翔,20,11,9,元大-台中,2023-10-20,9812
3231,緯創,132,36,96,元大-台中,2023-10-23,9812
5272,笙科,92,5,87,元大-台中,2023-10-23,9812
2303,聯電,117,33,84,元大-台中,2023-10-23,9812
00929,復華台灣科技優息,65,10,55,元大-台中,2023-10-23,9812
00712,復華富時不動產,54,0,54,元大-台中,2023-10-23,9812
0056,元大高股息,59,9,50,元大-台中,2023-10-23,9812
3094,聯傑,52,3,49,元大-台中,2023-10-23,9812
2883,凱基金,54,9,45,元大-台中,2023-10-23,9812
3481,群創,53,9,44,元大-台中,2023-10-23,9812
00919,群益台灣精選高息,41,1,40,元大-台中,2023-10-23,9812
2317,鴻海,64,28,36,元大-台中,2023-10-23,9812
1781,合世,35,0,35,元大-台中,2023-10-23,9812
2892,第一金,34,0,34,元大-台中,2023-10-23,9812
6168,宏齊,54,25,29,元大-台中,2023-10-23,9812
2399,映泰,63,36,27,元大-台中,2023-10-23,9812
00931B,統一美債20年,25,1,24,元大-台中,2023-10-23,9812
4960,誠美材,22,1,21,元大-台中,2023-10-23,9812
00922,國泰台灣領袖50,20,0,20,元大-台中,2023-10-23,9812
2913,農林,20,1,19,元大-台中,2023-10-23,9812
2516,新建,30,11,19,元大-台中,2023-10-23,9812
1529,樂事綠能,22,3,19,元大-台中,2023-10-23,9812
00753L,中信中國50正2,17,0,17,元大-台中,2023-10-23,9812
6492,生華科,17,0,17,元大-台中,2023-10-23,9812
00878,國泰永續高股息,62,46,16,元大-台中,2023-10-23,9812
00893,國泰智能電動車,15,0,15,元大-台中,2023-10-23,9812
2606,裕民,18,4,14,元大-台中,2023-10-23,9812
2352,佳世達,15,2,13,元大-台中,2023-10-23,9812
2401,凌陽,18,6,12,元大-台中,2023-10-23,9812
00923,群益台ESG低碳50,14,3,11,元大-台中,2023-10-23,9812
3704,合勤控,12,1,11,元大-台中,2023-10-23,9812
2801,彰銀,16,5,11,元大-台中,2023-10-23,9812
1605,華新,11,0,11,元大-台中,2023-10-23,9812
2376,技嘉,12,2,10,元大-台中,2023-10-23,9812
2449,京元電子,21,11,10,元大-台中,2023-10-23,9812
00686R,群益臺灣加權反1,10,0,10,元大-台中,2023-10-23,9812
00676R,富邦臺灣加權反1,10,0,10,元大-台中,2023-10-23,9812
1108,幸福,10,0,10,元大-台中,2023-10-23,9812
00687B,國泰20年美債,9,0,9,元大-台中,2023-10-23,9812
00933B,國泰10Y+金融債,9,0,9,元大-台中,2023-10-23,9812
2882,國泰金,9,0,9,元大-台中,2023-10-23,9812
6443,元晶,23,14,9,元大-台中,2023-10-23,9812
020039,元大加權N,9,0,9,元大-台中,2023-10-23,9812
1721,三晃,10,1,9,元大-台中,2023-10-23,9812
3017,奇鋐,10,2,8,元大-台中,2023-10-23,9812
00900,富邦特選高股息30,8,0,8,元大-台中,2023-10-23,9812
1101,台泥,9,1,8,元大-台中,2023-10-23,9812
00772B,中信高評級公司債,7,0,7,元大-台中,2023-10-23,9812
006208,富邦台50,7,0,7,元大-台中,2023-10-23,9812
3715,定穎投控,108,101,7,元大-台中,2023-10-23,9812
6187,萬潤,10,3,7,元大-台中,2023-10-23,9812
4960,誠美材,767,355,412,元大-台中,2023-10-24,9812
2405,輔信,1067,839,228,元大-台中,2023-10-24,9812
2369,菱生,218,52,166,元大-台中,2023-10-24,9812
00688L,國泰20年美債正2,124,0,124,元大-台中,2023-10-24,9812
00637L,元大滬深300正2,120,41,79,元大-台中,2023-10-24,9812
3025,星通,146,67,79,元大-台中,2023-10-24,9812
2317,鴻海,86,8,78,元大-台中,2023-10-24,9812
00712,復華富時不動產,73,0,73,元大-台中,2023-10-24,9812
3041,揚智,322,256,66,元大-台中,2023-10-24,9812
6593,台灣銘板,55,1,54,元大-台中,2023-10-24,9812
00929,復華台灣科技優息,51,6,45,元大-台中,2023-10-24,9812
2883,凱基金,37,2,35,元大-台中,2023-10-24,9812
2303,聯電,50,16,34,元大-台中,2023-10-24,9812
1314,中石化,42,11,31,元大-台中,2023-10-24,9812
3481,群創,31,5,26,元大-台中,2023-10-24,9812
00878,國泰永續高股息,39,15,24,元大-台中,2023-10-24,9812
00665L,富邦�琤肭磪囓�2,22,0,22,元大-台中,2023-10-24,9812
6168,宏齊,103,81,22,元大-台中,2023-10-24,9812
00679B,元大美債20年,26,5,21,元大-台中,2023-10-24,9812
00680L,元大美債20正2,19,1,18,元大-台中,2023-10-24,9812
1101,台泥,17,3,14,元大-台中,2023-10-24,9812
5531,鄉林,14,0,14,元大-台中,2023-10-24,9812
00900,富邦特選高股息30,14,0,14,元大-台中,2023-10-24,9812
00922,國泰台灣領袖50,14,1,13,元大-台中,2023-10-24,9812
9105,泰金寶-DR,13,0,13,元大-台中,2023-10-24,9812
2002,中鋼,14,1,13,元大-台中,2023-10-24,9812
3701,大眾控,15,3,12,元大-台中,2023-10-24,9812
2355,敬鵬,11,0,11,元大-台中,2023-10-24,9812
1529,樂事綠能,11,0,11,元大-台中,2023-10-24,9812
00902,中信電池及儲能,11,0,11,元大-台中,2023-10-24,9812
6290,良維,11,0,11,元大-台中,2023-10-24,9812
0056,元大高股息,15,4,11,元大-台中,2023-10-24,9812
2515,中工,11,1,10,元大-台中,2023-10-24,9812
2358,廷鑫,10,0,10,元大-台中,2023-10-24,9812
2331,精英,10,0,10,元大-台中,2023-10-24,9812
00715L,期街口布蘭特正2,12,2,10,元大-台中,2023-10-24,9812
1409,新纖,10,0,10,元大-台中,2023-10-24,9812
2886,兆豐金,9,0,9,元大-台中,2023-10-24,9812
2367,燿華,11,2,9,元大-台中,2023-10-24,9812
00772B,中信高評級公司債,10,1,9,元大-台中,2023-10-24,9812
006208,富邦台50,9,0,9,元大-台中,2023-10-24,9812
00687B,國泰20年美債,8,0,8,元大-台中,2023-10-24,9812
2605,新興,9,1,8,元大-台中,2023-10-24,9812
2457,飛宏,15,7,8,元大-台中,2023-10-24,9812
00650L,復華香港正2,8,0,8,元大-台中,2023-10-24,9812
5880,合庫金,7,0,7,元大-台中,2023-10-24,9812
1513,中興電,14,7,7,元大-台中,2023-10-24,9812
2610,華航,6,0,6,元大-台中,2023-10-24,9812
2929,淘帝-KY,6,0,6,元大-台中,2023-10-24,9812
8440,綠電,6,0,6,元大-台中,2023-10-24,9812
8054,安國,2101,1105,996,元大-台中,2023-10-25,9812
00679B,元大美債20年,121,3,118,元大-台中,2023-10-25,9812
2465,麗臺,111,5,106,元大-台中,2023-10-25,9812
00878,國泰永續高股息,80,2,78,元大-台中,2023-10-25,9812
1524,耿鼎,183,121,62,元大-台中,2023-10-25,9812
5347,世界,61,1,60,元大-台中,2023-10-25,9812
3481,群創,56,4,52,元大-台中,2023-10-25,9812
6404,通訊-KY,51,0,51,元大-台中,2023-10-25,9812
00929,復華台灣科技優息,63,13,50,元大-台中,2023-10-25,9812
2317,鴻海,49,3,46,元大-台中,2023-10-25,9812
2369,菱生,85,39,46,元大-台中,2023-10-25,9812
8936,國統,65,22,43,元大-台中,2023-10-25,9812
0056,元大高股息,50,7,43,元大-台中,2023-10-25,9812
2337,旺宏,46,4,42,元大-台中,2023-10-25,9812
2305,全友,42,2,40,元大-台中,2023-10-25,9812
2388,威盛,137,111,26,元大-台中,2023-10-25,9812
2885,元大金,26,0,26,元大-台中,2023-10-25,9812
00712,復華富時不動產,25,0,25,元大-台中,2023-10-25,9812
00715L,期街口布蘭特正2,23,0,23,元大-台中,2023-10-25,9812
2543,皇昌,55,33,22,元大-台中,2023-10-25,9812
2883,凱基金,120,100,20,元大-台中,2023-10-25,9812
1453,大將,20,4,16,元大-台中,2023-10-25,9812
3483,力致,16,0,16,元大-台中,2023-10-25,9812
9105,泰金寶-DR,30,15,15,元大-台中,2023-10-25,9812
2002,中鋼,17,3,14,元大-台中,2023-10-25,9812
2609,陽明,12,0,12,元大-台中,2023-10-25,9812
00642U,期元大S＆P石油,11,0,11,元大-台中,2023-10-25,9812
00853B,統一美債10年Aa-,11,0,11,元大-台中,2023-10-25,9812
6290,良維,12,1,11,元大-台中,2023-10-25,9812
2353,宏��,15,5,10,元大-台中,2023-10-25,9812
00751B,元大AAA至A公司債,12,2,10,元大-台中,2023-10-25,9812
3437,榮創,10,0,10,元大-台中,2023-10-25,9812
6114,久威,10,0,10,元大-台中,2023-10-25,9812
00673R,期元大S＆P原油反1,10,0,10,元大-台中,2023-10-25,9812
3231,緯創,61,51,10,元大-台中,2023-10-25,9812
00722B,群益投資級電信債,10,1,9,元大-台中,2023-10-25,9812
1785,光洋科,15,6,9,元大-台中,2023-10-25,9812
00697B,元大美債7-10,9,0,9,元大-台中,2023-10-25,9812
2344,華邦電,25,16,9,元大-台中,2023-10-25,9812
2457,飛宏,21,13,8,元大-台中,2023-10-25,9812
6703,軒郁,9,1,8,元大-台中,2023-10-25,9812
3037,欣興,15,8,7,元大-台中,2023-10-25,9812
6243,迅杰,7,0,7,元大-台中,2023-10-25,9812
1582,信錦,9,2,7,元大-台中,2023-10-25,9812
8088,品安,8,1,7,元大-台中,2023-10-25,9812
2382,廣達,43,36,7,元大-台中,2023-10-25,9812
2462,良得電,6,0,6,元大-台中,2023-10-25,9812
00902,中信電池及儲能,12,6,6,元大-台中,2023-10-25,9812
3035,智原,20,14,6,元大-台中,2023-10-25,9812
00893,國泰智能電動車,6,0,6,元大-台中,2023-10-25,9812
00929,復華台灣科技優息,102,6,96,元大-台中,2023-10-26,9812
2344,華邦電,89,7,82,元大-台中,2023-10-26,9812
2303,聯電,99,26,73,元大-台中,2023-10-26,9812
00712,復華富時不動產,72,0,72,元大-台中,2023-10-26,9812
00679B,元大美債20年,70,8,62,元大-台中,2023-10-26,9812
1314,中石化,70,10,60,元大-台中,2023-10-26,9812
00902,中信電池及儲能,57,0,57,元大-台中,2023-10-26,9812
3481,群創,54,1,53,元大-台中,2023-10-26,9812
0056,元大高股息,53,1,52,元大-台中,2023-10-26,9812
2883,凱基金,48,2,46,元大-台中,2023-10-26,9812
00715L,期街口布蘭特正2,50,4,46,元大-台中,2023-10-26,9812
00688L,國泰20年美債正2,45,0,45,元大-台中,2023-10-26,9812
2485,兆赫,53,10,43,元大-台中,2023-10-26,9812
2401,凌陽,44,5,39,元大-台中,2023-10-26,9812
00753L,中信中國50正2,35,0,35,元大-台中,2023-10-26,9812
00885,富邦越南,34,0,34,元大-台中,2023-10-26,9812
5355,佳總,30,0,30,元大-台中,2023-10-26,9812
00878,國泰永續高股息,51,22,29,元大-台中,2023-10-26,9812
5347,世界,30,2,28,元大-台中,2023-10-26,9812
2887,台新金,30,5,25,元大-台中,2023-10-26,9812
00900,富邦特選高股息30,23,0,23,元大-台中,2023-10-26,9812
0050,元大台灣50,18,0,18,元大-台中,2023-10-26,9812
00919,群益台灣精選高息,21,4,17,元大-台中,2023-10-26,9812
6684,安格,40,25,15,元大-台中,2023-10-26,9812
2882,國泰金,15,0,15,元大-台中,2023-10-26,9812
2201,裕隆,15,1,14,元大-台中,2023-10-26,9812
6290,良維,105,91,14,元大-台中,2023-10-26,9812
00893,國泰智能電動車,17,4,13,元大-台中,2023-10-26,9812
2337,旺宏,20,7,13,元大-台中,2023-10-26,9812
2369,菱生,19,6,13,元大-台中,2023-10-26,9812
2516,新建,13,0,13,元大-台中,2023-10-26,9812
5880,合庫金,13,0,13,元大-台中,2023-10-26,9812
6237,驊訊,15,2,13,元大-台中,2023-10-26,9812
3037,欣興,17,5,12,元大-台中,2023-10-26,9812
2888,新光金,11,0,11,元大-台中,2023-10-26,9812
2610,華航,11,0,11,元大-台中,2023-10-26,9812
00772B,中信高評級公司債,10,0,10,元大-台中,2023-10-26,9812
4414,如興,10,0,10,元大-台中,2023-10-26,9812
2929,淘帝-KY,10,0,10,元大-台中,2023-10-26,9812
4536,拓凱,10,0,10,元大-台中,2023-10-26,9812
3708,上緯投控,10,0,10,元大-台中,2023-10-26,9812
2330,台積電,13,3,10,元大-台中,2023-10-26,9812
3294,英濟,14,5,9,元大-台中,2023-10-26,9812
1565,精華,9,0,9,元大-台中,2023-10-26,9812
2388,威盛,116,107,9,元大-台中,2023-10-26,9812
006208,富邦台50,9,0,9,元大-台中,2023-10-26,9812
3176,基亞,8,0,8,元大-台中,2023-10-26,9812
6657,華安,8,0,8,元大-台中,2023-10-26,9812
00687B,國泰20年美債,8,0,8,元大-台中,2023-10-26,9812
8390,金益鼎,8,0,8,元大-台中,2023-10-26,9812
8054,安國,804,217,587,元大-台中,2023-10-27,9812
1524,耿鼎,220,24,196,元大-台中,2023-10-27,9812
00885,富邦越南,100,0,100,元大-台中,2023-10-27,9812
00929,復華台灣科技優息,78,3,75,元大-台中,2023-10-27,9812
1721,三晃,77,18,59,元大-台中,2023-10-27,9812
00680L,元大美債20正2,44,1,43,元大-台中,2023-10-27,9812
5347,世界,41,2,39,元大-台中,2023-10-27,9812
2002,中鋼,42,4,38,元大-台中,2023-10-27,9812
2637,慧洋-KY,35,0,35,元大-台中,2023-10-27,9812
2332,友訊,34,0,34,元大-台中,2023-10-27,9812
3675,德微,30,1,29,元大-台中,2023-10-27,9812
00712,復華富時不動產,31,5,26,元大-台中,2023-10-27,9812
2317,鴻海,23,0,23,元大-台中,2023-10-27,9812
6147,頎邦,22,0,22,元大-台中,2023-10-27,9812
00919,群益台灣精選高息,25,3,22,元大-台中,2023-10-27,9812
6243,迅杰,22,3,19,元大-台中,2023-10-27,9812
5009,榮剛,22,4,18,元大-台中,2023-10-27,9812
2634,漢翔,21,3,18,元大-台中,2023-10-27,9812
8227,巨有科技,20,3,17,元大-台中,2023-10-27,9812
1314,中石化,20,5,15,元大-台中,2023-10-27,9812
2486,一詮,16,3,13,元大-台中,2023-10-27,9812
2405,輔信,15,2,13,元大-台中,2023-10-27,9812
2427,三商電,12,0,12,元大-台中,2023-10-27,9812
4743,合一,17,6,11,元大-台中,2023-10-27,9812
00751B,元大AAA至A公司債,11,0,11,元大-台中,2023-10-27,9812
2409,友達,18,7,11,元大-台中,2023-10-27,9812
4542,科嶠,15,4,11,元大-台中,2023-10-27,9812
3231,緯創,49,38,11,元大-台中,2023-10-27,9812
6244,茂迪,10,0,10,元大-台中,2023-10-27,9812
2323,中環,10,0,10,元大-台中,2023-10-27,9812
0056,元大高股息,14,4,10,元大-台中,2023-10-27,9812
00715L,期街口布蘭特正2,10,1,9,元大-台中,2023-10-27,9812
2454,聯發科,9,1,8,元大-台中,2023-10-27,9812
8358,金居,8,0,8,元大-台中,2023-10-27,9812
2457,飛宏,12,4,8,元大-台中,2023-10-27,9812
0050,元大台灣50,8,0,8,元大-台中,2023-10-27,9812
00632R,元大台灣50反1,7,0,7,元大-台中,2023-10-27,9812
2330,台積電,7,0,7,元大-台中,2023-10-27,9812
3044,健鼎,10,3,7,元大-台中,2023-10-27,9812
2329,華泰,23,16,7,元大-台中,2023-10-27,9812
4979,華星光,116,110,6,元大-台中,2023-10-27,9812
9904,寶成,6,0,6,元大-台中,2023-10-27,9812
3380,明泰,6,0,6,元大-台中,2023-10-27,9812
6530,創威,9,3,6,元大-台中,2023-10-27,9812
2537,聯上發,5,0,5,元大-台中,2023-10-27,9812
8926,台汽電,5,0,5,元大-台中,2023-10-27,9812
6492,生華科,25,20,5,元大-台中,2023-10-27,9812
3287,廣寰科,7,2,5,元大-台中,2023-10-27,9812
6288,聯嘉,5,0,5,元大-台中,2023-10-27,9812
2401,凌陽,13,8,5,元大-台中,2023-10-27,9812
2888,新光金,229,6,223,元大-台中,2023-10-30,9812
00885,富邦越南,186,1,185,元大-台中,2023-10-30,9812
3094,聯傑,409,232,177,元大-台中,2023-10-30,9812
9928,中視,100,0,100,元大-台中,2023-10-30,9812
2317,鴻海,129,35,94,元大-台中,2023-10-30,9812
8040,九暘,101,8,93,元大-台中,2023-10-30,9812
3122,笙泉,84,16,68,元大-台中,2023-10-30,9812
2834,臺企銀,58,0,58,元大-台中,2023-10-30,9812
00923,群益台ESG低碳50,52,0,52,元大-台中,2023-10-30,9812
00680L,元大美債20正2,51,7,44,元大-台中,2023-10-30,9812
2363,矽統,41,0,41,元大-台中,2023-10-30,9812
00712,復華富時不動產,35,0,35,元大-台中,2023-10-30,9812
3715,定穎投控,105,73,32,元大-台中,2023-10-30,9812
2002,中鋼,31,2,29,元大-台中,2023-10-30,9812
9105,泰金寶-DR,26,1,25,元大-台中,2023-10-30,9812
2390,云辰,42,22,20,元大-台中,2023-10-30,9812
1721,三晃,38,18,20,元大-台中,2023-10-30,9812
6695,芯鼎,20,1,19,元大-台中,2023-10-30,9812
6841,長佳智能,28,9,19,元大-台中,2023-10-30,9812
1785,光洋科,19,0,19,元大-台中,2023-10-30,9812
2337,旺宏,19,1,18,元大-台中,2023-10-30,9812
6117,迎廣,54,37,17,元大-台中,2023-10-30,9812
2637,慧洋-KY,17,0,17,元大-台中,2023-10-30,9812
2465,麗臺,16,0,16,元大-台中,2023-10-30,9812
3372,典範,20,5,15,元大-台中,2023-10-30,9812
2485,兆赫,145,130,15,元大-台中,2023-10-30,9812
3041,揚智,14,0,14,元大-台中,2023-10-30,9812
1314,中石化,20,8,12,元大-台中,2023-10-30,9812
1815,富喬,17,5,12,元大-台中,2023-10-30,9812
3481,群創,17,6,11,元大-台中,2023-10-30,9812
2367,燿華,11,0,11,元大-台中,2023-10-30,9812
5353,台林,11,0,11,元大-台中,2023-10-30,9812
1324,地球,12,1,11,元大-台中,2023-10-30,9812
2388,威盛,157,146,11,元大-台中,2023-10-30,9812
2303,聯電,11,1,10,元大-台中,2023-10-30,9812
00676R,富邦臺灣加權反1,10,0,10,元大-台中,2023-10-30,9812
2358,廷鑫,10,0,10,元大-台中,2023-10-30,9812
00673R,期元大S＆P原油反1,10,0,10,元大-台中,2023-10-30,9812
6577,勁豐,10,0,10,元大-台中,2023-10-30,9812
2884,玉山金,11,1,10,元大-台中,2023-10-30,9812
2618,長榮航,10,1,9,元大-台中,2023-10-30,9812
6168,宏齊,13,4,9,元大-台中,2023-10-30,9812
1802,台玻,10,1,9,元大-台中,2023-10-30,9812
2323,中環,10,1,9,元大-台中,2023-10-30,9812
2330,台積電,10,2,8,元大-台中,2023-10-30,9812
0056,元大高股息,13,4,9,元大-台中,2023-10-30,9812
2882,國泰金,8,0,8,元大-台中,2023-10-30,9812
3037,欣興,8,0,8,元大-台中,2023-10-30,9812
3162,精確,8,0,8,元大-台中,2023-10-30,9812
3294,英濟,10,2,8,元大-台中,2023-10-30,9812
00885,富邦越南,240,0,240,元大-台中,2023-10-31,9812
2303,聯電,130,3,127,元大-台中,2023-10-31,9812
2485,兆赫,106,18,88,元大-台中,2023-10-31,9812
1314,中石化,90,3,87,元大-台中,2023-10-31,9812
0056,元大高股息,78,4,74,元大-台中,2023-10-31,9812
00919,群益台灣精選高息,62,0,62,元大-台中,2023-10-31,9812
2104,國際中橡,50,0,50,元大-台中,2023-10-31,9812
00878,國泰永續高股息,56,11,45,元大-台中,2023-10-31,9812
00892,富邦台灣半導體,40,0,40,元大-台中,2023-10-31,9812
00637L,元大滬深300正2,43,10,33,元大-台中,2023-10-31,9812
2323,中環,26,0,26,元大-台中,2023-10-31,9812
8054,安國,43,17,26,元大-台中,2023-10-31,9812
00893,國泰智能電動車,30,6,24,元大-台中,2023-10-31,9812
0050,元大台灣50,23,0,23,元大-台中,2023-10-31,9812
1721,三晃,33,13,20,元大-台中,2023-10-31,9812
00929,復華台灣科技優息,44,25,19,元大-台中,2023-10-31,9812
6492,生華科,46,27,19,元大-台中,2023-10-31,9812
2201,裕隆,19,0,19,元大-台中,2023-10-31,9812
1324,地球,17,0,17,元大-台中,2023-10-31,9812
00715L,期街口布蘭特正2,66,50,16,元大-台中,2023-10-31,9812
3576,聯合再生,41,25,16,元大-台中,2023-10-31,9812
00712,復華富時不動產,27,11,16,元大-台中,2023-10-31,9812
2313,華通,38,22,16,元大-台中,2023-10-31,9812
5009,榮剛,15,0,15,元大-台中,2023-10-31,9812
2233,宇隆,15,1,14,元大-台中,2023-10-31,9812
6243,迅杰,16,2,14,元大-台中,2023-10-31,9812
2317,鴻海,40,27,13,元大-台中,2023-10-31,9812
6477,安集,13,0,13,元大-台中,2023-10-31,9812
1609,大亞,13,0,13,元大-台中,2023-10-31,9812
2382,廣達,92,80,12,元大-台中,2023-10-31,9812
3715,定穎投控,80,69,11,元大-台中,2023-10-31,9812
8227,巨有科技,13,2,11,元大-台中,2023-10-31,9812
2481,強茂,12,1,11,元大-台中,2023-10-31,9812
1503,士電,13,2,11,元大-台中,2023-10-31,9812
3122,笙泉,68,57,11,元大-台中,2023-10-31,9812
2360,致茂,11,0,11,元大-台中,2023-10-31,9812
6148,驊宏資,11,0,11,元大-台中,2023-10-31,9812
00922,國泰台灣領袖50,11,0,11,元大-台中,2023-10-31,9812
2883,凱基金,14,4,10,元大-台中,2023-10-31,9812
3231,緯創,39,28,11,元大-台中,2023-10-31,9812
2376,技嘉,16,6,10,元大-台中,2023-10-31,9812
2412,中華電,10,0,10,元大-台中,2023-10-31,9812
4906,正文,10,0,10,元大-台中,2023-10-31,9812
6668,中揚光,10,0,10,元大-台中,2023-10-31,9812
2332,友訊,10,0,10,元大-台中,2023-10-31,9812
6139,亞翔,14,4,10,元大-台中,2023-10-31,9812
00687B,國泰20年美債,13,3,10,元大-台中,2023-10-31,9812
3669,圓展,21,12,9,元大-台中,2023-10-31,9812
1795,美時,9,1,8,元大-台中,2023-10-31,9812
6235,華孚,12,4,8,元大-台中,2023-10-31,9812
3481,群創,244,3,241,元大-台中,2023-11-01,9812
2363,矽統,183,13,170,元大-台中,2023-11-01,9812
2344,華邦電,172,53,119,元大-台中,2023-11-01,9812
5347,世界,125,14,111,元大-台中,2023-11-01,9812
00934,中信成長高股息,94,0,94,元大-台中,2023-11-01,9812
3056,富華新,90,0,90,元大-台中,2023-11-01,9812
2303,聯電,102,21,81,元大-台中,2023-11-01,9812
8086,宏捷科,93,17,76,元大-台中,2023-11-01,9812
00878,國泰永續高股息,65,14,51,元大-台中,2023-11-01,9812
00935,野村臺灣新科技50,44,0,44,元大-台中,2023-11-01,9812
2615,萬海,44,5,39,元大-台中,2023-11-01,9812
3372,典範,61,32,29,元大-台中,2023-11-01,9812
0056,元大高股息,49,26,23,元大-台中,2023-11-01,9812
6593,台灣銘板,20,0,20,元大-台中,2023-11-01,9812
5225,東科-KY,20,0,20,元大-台中,2023-11-01,9812
00929,復華台灣科技優息,27,9,18,元大-台中,2023-11-01,9812
2317,鴻海,27,8,19,元大-台中,2023-11-01,9812
3260,威剛,19,2,17,元大-台中,2023-11-01,9812
00919,群益台灣精選高息,20,3,17,元大-台中,2023-11-01,9812
4173,久裕,16,0,16,元大-台中,2023-11-01,9812
00680L,元大美債20正2,20,4,16,元大-台中,2023-11-01,9812
2634,漢翔,16,0,16,元大-台中,2023-11-01,9812
2401,凌陽,15,0,15,元大-台中,2023-11-01,9812
2516,新建,15,0,15,元大-台中,2023-11-01,9812
4915,致伸,16,3,13,元大-台中,2023-11-01,9812
2382,廣達,45,33,12,元大-台中,2023-11-01,9812
6233,旺玖,12,0,12,元大-台中,2023-11-01,9812
8054,安國,80,68,12,元大-台中,2023-11-01,9812
1326,台化,12,0,12,元大-台中,2023-11-01,9812
2457,飛宏,15,4,11,元大-台中,2023-11-01,9812
3231,緯創,27,17,10,元大-台中,2023-11-01,9812
2204,中華,10,0,10,元大-台中,2023-11-01,9812
4536,拓凱,10,0,10,元大-台中,2023-11-01,9812
8043,蜜望實,10,0,10,元大-台中,2023-11-01,9812
4414,如興,10,0,10,元大-台中,2023-11-01,9812
2884,玉山金,10,0,10,元大-台中,2023-11-01,9812
1605,華新,8,0,8,元大-台中,2023-11-01,9812
3322,建舜電,13,5,8,元大-台中,2023-11-01,9812
00712,復華富時不動產,7,0,7,元大-台中,2023-11-01,9812
6443,元晶,7,0,7,元大-台中,2023-11-01,9812
4961,天鈺,10,3,7,元大-台中,2023-11-01,9812
2610,華航,16,9,7,元大-台中,2023-11-01,9812
00885,富邦越南,6,0,6,元大-台中,2023-11-01,9812
3014,聯陽,6,0,6,元大-台中,2023-11-01,9812
3704,合勤控,7,1,6,元大-台中,2023-11-01,9812
2369,菱生,12,6,6,元大-台中,2023-11-01,9812
1460,宏遠,6,0,6,元大-台中,2023-11-01,9812
00632R,元大台灣50反1,7,1,6,元大-台中,2023-11-01,9812
2408,南亞科,6,0,6,元大-台中,2023-11-01,9812
2748,雲品,7,1,6,元大-台中,2023-11-01,9812
1815,富喬,1063,95,968,元大-台中,2023-11-02,9812
3056,富華新,180,1,179,元大-台中,2023-11-02,9812
6285,啟��,250,106,144,元大-台中,2023-11-02,9812
2367,燿華,119,13,106,元大-台中,2023-11-02,9812
00680L,元大美債20正2,101,0,101,元大-台中,2023-11-02,9812
00679B,元大美債20年,88,1,87,元大-台中,2023-11-02,9812
3715,定穎投控,240,163,77,元大-台中,2023-11-02,9812
00934,中信成長高股息,70,6,64,元大-台中,2023-11-02,9812
1721,三晃,62,0,62,元大-台中,2023-11-02,9812
2883,凱基金,160,100,60,元大-台中,2023-11-02,9812
5347,世界,61,11,50,元大-台中,2023-11-02,9812
2353,宏��,52,3,49,元大-台中,2023-11-02,9812
2388,威盛,531,483,48,元大-台中,2023-11-02,9812
00919,群益台灣精選高息,41,5,36,元大-台中,2023-11-02,9812
4960,誠美材,36,0,36,元大-台中,2023-11-02,9812
6530,創威,30,0,30,元大-台中,2023-11-02,9812
8936,國統,29,3,26,元大-台中,2023-11-02,9812
00675L,富邦臺灣加權正2,21,0,21,元大-台中,2023-11-02,9812
5469,瀚宇博,22,1,21,元大-台中,2023-11-02,9812
2618,長榮航,74,54,20,元大-台中,2023-11-02,9812
8088,品安,22,3,19,元大-台中,2023-11-02,9812
1591,駿吉-KY,18,0,18,元大-台中,2023-11-02,9812
00712,復華富時不動產,21,4,17,元大-台中,2023-11-02,9812
00687B,國泰20年美債,21,6,15,元大-台中,2023-11-02,9812
4909,新復興,17,2,15,元大-台中,2023-11-02,9812
00931B,統一美債20年,13,0,13,元大-台中,2023-11-02,9812
6284,佳邦,28,15,13,元大-台中,2023-11-02,9812
3702,大聯大,14,1,13,元大-台中,2023-11-02,9812
1503,士電,12,0,12,元大-台中,2023-11-02,9812
2390,云辰,12,0,12,元大-台中,2023-11-02,9812
6546,正基,12,0,12,元大-台中,2023-11-02,9812
2204,中華,11,0,11,元大-台中,2023-11-02,9812
3413,京鼎,11,0,11,元大-台中,2023-11-02,9812
6153,嘉聯益,11,0,11,元大-台中,2023-11-02,9812
1449,佳和,10,0,10,元大-台中,2023-11-02,9812
6233,旺玖,10,0,10,元大-台中,2023-11-02,9812
3294,英濟,10,0,10,元大-台中,2023-11-02,9812
00696B,富邦美債20年,10,0,10,元大-台中,2023-11-02,9812
00724B,群益投資級金融債,10,0,10,元大-台中,2023-11-02,9812
5328,華容,11,1,10,元大-台中,2023-11-02,9812
1314,中石化,10,1,9,元大-台中,2023-11-02,9812
2615,萬海,12,3,9,元大-台中,2023-11-02,9812
9105,泰金寶-DR,10,2,8,元大-台中,2023-11-02,9812
8110,華東,8,0,8,元大-台中,2023-11-02,9812
00673R,期元大S＆P原油反1,10,2,8,元大-台中,2023-11-02,9812
2002,中鋼,8,0,8,元大-台中,2023-11-02,9812
00650L,復華香港正2,8,0,8,元大-台中,2023-11-02,9812
1324,地球,8,0,8,元大-台中,2023-11-02,9812
2606,裕民,16,8,8,元大-台中,2023-11-02,9812
00935,野村臺灣新科技50,7,0,7,元大-台中,2023-11-02,9812
2388,威盛,767,458,309,元大-台中,2023-11-03,9812
5347,世界,132,10,122,元大-台中,2023-11-03,9812
2610,華航,115,29,86,元大-台中,2023-11-03,9812
4967,十銓,140,65,75,元大-台中,2023-11-03,9812
00720B,元大投資級公司債,43,8,35,元大-台中,2023-11-03,9812
1314,中石化,32,2,30,元大-台中,2023-11-03,9812
00935,野村臺灣新科技50,30,2,28,元大-台中,2023-11-03,9812
00878,國泰永續高股息,28,2,26,元大-台中,2023-11-03,9812
00712,復華富時不動產,65,39,26,元大-台中,2023-11-03,9812
0056,元大高股息,27,4,23,元大-台中,2023-11-03,9812
00919,群益台灣精選高息,23,1,22,元大-台中,2023-11-03,9812
00751B,元大AAA至A公司債,22,0,22,元大-台中,2023-11-03,9812
00934,中信成長高股息,23,2,21,元大-台中,2023-11-03,9812
8432,東生華,21,1,20,元大-台中,2023-11-03,9812
1591,駿吉-KY,19,0,19,元大-台中,2023-11-03,9812
3481,群創,21,3,18,元大-台中,2023-11-03,9812
8390,金益鼎,18,0,18,元大-台中,2023-11-03,9812
3231,緯創,34,17,17,元大-台中,2023-11-03,9812
1605,華新,28,11,17,元大-台中,2023-11-03,9812
1449,佳和,17,0,17,元大-台中,2023-11-03,9812
3213,茂訊,16,0,16,元大-台中,2023-11-03,9812
5521,工信,21,5,16,元大-台中,2023-11-03,9812
2344,華邦電,22,7,15,元大-台中,2023-11-03,9812
8150,南茂,15,1,14,元大-台中,2023-11-03,9812
3402,漢科,14,0,14,元大-台中,2023-11-03,9812
2317,鴻海,19,8,11,元大-台中,2023-11-03,9812
00907,永豐優息存股,11,0,11,元大-台中,2023-11-03,9812
00893,國泰智能電動車,11,0,11,元大-台中,2023-11-03,9812
8936,國統,28,18,10,元大-台中,2023-11-03,9812
00900,富邦特選高股息30,12,2,10,元大-台中,2023-11-03,9812
2204,中華,13,3,10,元大-台中,2023-11-03,9812
5328,華容,11,1,10,元大-台中,2023-11-03,9812
1760,寶齡富錦,10,0,10,元大-台中,2023-11-03,9812
5348,正能量智能,10,0,10,元大-台中,2023-11-03,9812
3576,聯合再生,10,0,10,元大-台中,2023-11-03,9812
2323,中環,10,0,10,元大-台中,2023-11-03,9812
4526,東台,10,0,10,元大-台中,2023-11-03,9812
1513,中興電,10,1,9,元大-台中,2023-11-03,9812
1524,耿鼎,57,48,9,元大-台中,2023-11-03,9812
1519,華城,15,6,9,元大-台中,2023-11-03,9812
2427,三商電,18,10,8,元大-台中,2023-11-03,9812
00669R,國泰美國道瓊反1,8,0,8,元大-台中,2023-11-03,9812
00850,元大臺灣ESG永續,8,0,8,元大-台中,2023-11-03,9812
8227,巨有科技,33,25,8,元大-台中,2023-11-03,9812
9938,百和,8,0,8,元大-台中,2023-11-03,9812
2382,廣達,25,17,8,元大-台中,2023-11-03,9812
6182,合晶,10,3,7,元大-台中,2023-11-03,9812
1582,信錦,7,0,7,元大-台中,2023-11-03,9812
5439,高技,14,7,7,元大-台中,2023-11-03,9812
8930,青鋼,7,0,7,元大-台中,2023-11-03,9812
1815,富喬,1035,102,933,元大-台中,2023-11-06,9812
2421,建準,235,27,208,元大-台中,2023-11-06,9812
2303,聯電,178,33,145,元大-台中,2023-11-06,9812
2610,華航,122,23,99,元大-台中,2023-11-06,9812
00679B,元大美債20年,85,1,84,元大-台中,2023-11-06,9812
00720B,元大投資級公司債,65,0,65,元大-台中,2023-11-06,9812
2408,南亞科,74,11,63,元大-台中,2023-11-06,9812
4979,華星光,62,3,59,元大-台中,2023-11-06,9812
00934,中信成長高股息,108,50,58,元大-台中,2023-11-06,9812
00688L,國泰20年美債正2,60,3,57,元大-台中,2023-11-06,9812
2867,三商壽,50,0,50,元大-台中,2023-11-06,9812
2484,希華,51,5,46,元大-台中,2023-11-06,9812
00885,富邦越南,41,4,37,元大-台中,2023-11-06,9812
2905,三商,35,0,35,元大-台中,2023-11-06,9812
3025,星通,33,0,33,元大-台中,2023-11-06,9812
00893,國泰智能電動車,32,1,31,元大-台中,2023-11-06,9812
2363,矽統,213,184,29,元大-台中,2023-11-06,9812
9941,裕融,30,2,28,元大-台中,2023-11-06,9812
3535,晶彩科,25,0,25,元大-台中,2023-11-06,9812
1785,光洋科,46,22,24,元大-台中,2023-11-06,9812
00878,國泰永續高股息,31,10,21,元大-台中,2023-11-06,9812
5490,同亨,25,5,20,元大-台中,2023-11-06,9812
4714,永捷,20,0,20,元大-台中,2023-11-06,9812
5469,瀚宇博,20,1,19,元大-台中,2023-11-06,9812
2891,中信金,17,0,17,元大-台中,2023-11-06,9812
5439,高技,17,1,16,元大-台中,2023-11-06,9812
00933B,國泰10Y+金融債,15,0,15,元大-台中,2023-11-06,9812
3576,聯合再生,17,2,15,元大-台中,2023-11-06,9812
5706,鳳凰,18,3,15,元大-台中,2023-11-06,9812
1731,美吾華,14,0,14,元大-台中,2023-11-06,9812
1809,中釉,17,3,14,元大-台中,2023-11-06,9812
4108,懷特,14,0,14,元大-台中,2023-11-06,9812
6182,合晶,14,1,13,元大-台中,2023-11-06,9812
4908,前鼎,51,38,13,元大-台中,2023-11-06,9812
5371,中光電,14,2,12,元大-台中,2023-11-06,9812
6415,矽力*-KY,13,1,12,元大-台中,2023-11-06,9812
2634,漢翔,27,15,12,元大-台中,2023-11-06,9812
3605,宏致,11,0,11,元大-台中,2023-11-06,9812
4129,聯合,10,0,10,元大-台中,2023-11-06,9812
6122,擎邦,12,2,10,元大-台中,2023-11-06,9812
8432,東生華,13,3,10,元大-台中,2023-11-06,9812
4188,安克,9,0,9,元大-台中,2023-11-06,9812
2375,凱美,10,1,9,元大-台中,2023-11-06,9812
2030,彰源,9,0,9,元大-台中,2023-11-06,9812
6530,創威,9,0,9,元大-台中,2023-11-06,9812
00882,中信中國高股息,9,0,9,元大-台中,2023-11-06,9812
4973,廣穎,8,0,8,元大-台中,2023-11-06,9812
2731,雄獅,13,5,8,元大-台中,2023-11-06,9812
3615,安可,8,0,8,元大-台中,2023-11-06,9812
2331,精英,8,0,8,元大-台中,2023-11-06,9812
2888,新光金,252,0,252,元大-台中,2023-11-07,9812
6117,迎廣,231,27,204,元大-台中,2023-11-07,9812
3056,富華新,150,0,150,元大-台中,2023-11-07,9812
4967,十銓,109,13,96,元大-台中,2023-11-07,9812
2105,正新,103,8,95,元大-台中,2023-11-07,9812
2615,萬海,77,3,74,元大-台中,2023-11-07,9812
2363,矽統,177,109,68,元大-台中,2023-11-07,9812
00679B,元大美債20年,49,0,49,元大-台中,2023-11-07,9812
5009,榮剛,35,0,35,元大-台中,2023-11-07,9812
00637L,元大滬深300正2,82,50,32,元大-台中,2023-11-07,9812
00788B,元大10年IG電能債,28,0,28,元大-台中,2023-11-07,9812
2498,宏達電,28,2,26,元大-台中,2023-11-07,9812
3013,晟銘電,31,6,25,元大-台中,2023-11-07,9812
3376,新日興,29,4,25,元大-台中,2023-11-07,9812
00902,中信電池及儲能,25,2,23,元大-台中,2023-11-07,9812
2743,山富,31,8,23,元大-台中,2023-11-07,9812
2375,凱美,21,0,21,元大-台中,2023-11-07,9812
2332,友訊,21,0,21,元大-台中,2023-11-07,9812
2618,長榮航,26,6,20,元大-台中,2023-11-07,9812
2705,六福,21,1,20,元大-台中,2023-11-07,9812
2706,第一店,20,0,20,元大-台中,2023-11-07,9812
2702,華園,21,1,20,元大-台中,2023-11-07,9812
4167,松瑞藥,36,17,19,元大-台中,2023-11-07,9812
8936,國統,22,3,19,元大-台中,2023-11-07,9812
6113,亞矽,18,1,17,元大-台中,2023-11-07,9812
2305,全友,17,1,16,元大-台中,2023-11-07,9812
00688L,國泰20年美債正2,15,0,15,元大-台中,2023-11-07,9812
1609,大亞,14,0,14,元大-台中,2023-11-07,9812
2609,陽明,15,1,14,元大-台中,2023-11-07,9812
2736,富野,18,4,14,元大-台中,2023-11-07,9812
2317,鴻海,15,1,14,元大-台中,2023-11-07,9812
3380,明泰,13,0,13,元大-台中,2023-11-07,9812
4105,東洋,18,5,13,元大-台中,2023-11-07,9812
2002,中鋼,12,0,12,元大-台中,2023-11-07,9812
6695,芯鼎,14,3,11,元大-台中,2023-11-07,9812
2883,凱基金,11,0,11,元大-台中,2023-11-07,9812
4744,皇將,11,0,11,元大-台中,2023-11-07,9812
1216,統一,10,0,10,元大-台中,2023-11-07,9812
2409,友達,10,0,10,元大-台中,2023-11-07,9812
4116,明基醫,10,0,10,元大-台中,2023-11-07,9812
2331,精英,10,0,10,元大-台中,2023-11-07,9812
4129,聯合,10,0,10,元大-台中,2023-11-07,9812
2204,中華,10,0,10,元大-台中,2023-11-07,9812
4402,郡都開發,10,0,10,元大-台中,2023-11-07,9812
1452,宏益,10,0,10,元大-台中,2023-11-07,9812
5011,久陽,13,3,10,元大-台中,2023-11-07,9812
6477,安集,10,0,10,元大-台中,2023-11-07,9812
2439,美律,17,8,9,元大-台中,2023-11-07,9812
4109,加捷生醫,9,0,9,元大-台中,2023-11-07,9812
00878,國泰永續高股息,33,25,8,元大-台中,2023-11-07,9812
5347,世界,158,8,150,元大-台中,2023-11-08,9812
2329,華泰,1259,1136,123,元大-台中,2023-11-08,9812
6901,鑽石投資,117,6,111,元大-台中,2023-11-08,9812
00936,台新永續高息中小,110,0,110,元大-台中,2023-11-08,9812
3122,笙泉,118,13,105,元大-台中,2023-11-08,9812
2610,華航,104,2,102,元大-台中,2023-11-08,9812
00680L,元大美債20正2,200,102,98,元大-台中,2023-11-08,9812
5258,虹堡,92,7,85,元大-台中,2023-11-08,9812
3013,晟銘電,99,37,62,元大-台中,2023-11-08,9812
2303,聯電,58,10,48,元大-台中,2023-11-08,9812
2465,麗臺,46,0,46,元大-台中,2023-11-08,9812
1815,富喬,54,10,44,元大-台中,2023-11-08,9812
2409,友達,40,2,38,元大-台中,2023-11-08,9812
00935,野村臺灣新科技50,38,1,37,元大-台中,2023-11-08,9812
00715L,期街口布蘭特正2,62,25,37,元大-台中,2023-11-08,9812
1712,興農,30,0,30,元大-台中,2023-11-08,9812
6189,豐藝,26,0,26,元大-台中,2023-11-08,9812
2913,農林,25,0,25,元大-台中,2023-11-08,9812
00665L,富邦�琤肭磪囓�2,24,0,24,元大-台中,2023-11-08,9812
3231,緯創,196,174,22,元大-台中,2023-11-08,9812
4188,安克,22,1,21,元大-台中,2023-11-08,9812
2618,長榮航,61,43,18,元大-台中,2023-11-08,9812
2002,中鋼,19,0,19,元大-台中,2023-11-08,9812
2344,華邦電,17,0,17,元大-台中,2023-11-08,9812
2250,IKKA-KY,18,1,17,元大-台中,2023-11-08,9812
1504,東元,17,1,16,元大-台中,2023-11-08,9812
2353,宏��,22,8,14,元大-台中,2023-11-08,9812
2609,陽明,20,6,14,元大-台中,2023-11-08,9812
00679B,元大美債20年,17,3,14,元大-台中,2023-11-08,9812
00720B,元大投資級公司債,14,0,14,元大-台中,2023-11-08,9812
6585,鼎基,15,1,14,元大-台中,2023-11-08,9812
3481,群創,20,6,14,元大-台中,2023-11-08,9812
00642U,期元大S＆P石油,14,0,14,元大-台中,2023-11-08,9812
3034,聯詠,15,2,13,元大-台中,2023-11-08,9812
00934,中信成長高股息,15,2,13,元大-台中,2023-11-08,9812
2401,凌陽,16,3,13,元大-台中,2023-11-08,9812
3051,力特,10,0,10,元大-台中,2023-11-08,9812
2009,第一銅,10,0,10,元大-台中,2023-11-08,9812
3041,揚智,14,4,10,元大-台中,2023-11-08,9812
2727,王品,10,0,10,元大-台中,2023-11-08,9812
6770,力積電,12,3,9,元大-台中,2023-11-08,9812
6202,盛群,9,0,9,元大-台中,2023-11-08,9812
2301,光寶科,14,5,9,元大-台中,2023-11-08,9812
00878,國泰永續高股息,57,48,9,元大-台中,2023-11-08,9812
1513,中興電,15,7,8,元大-台中,2023-11-08,9812
00933B,國泰10Y+金融債,8,0,8,元大-台中,2023-11-08,9812
8048,德勝,8,0,8,元大-台中,2023-11-08,9812
5011,久陽,8,0,8,元大-台中,2023-11-08,9812
00637L,元大滬深300正2,17,10,7,元大-台中,2023-11-08,9812
8111,立��,7,1,6,元大-台中,2023-11-08,9812
00680L,元大美債20正2,275,100,175,元大-台中,2023-11-09,9812
4129,聯合,150,13,137,元大-台中,2023-11-09,9812
00936,台新永續高息中小,125,0,125,元大-台中,2023-11-09,9812
00665L,富邦�琤肭磪囓�2,112,0,112,元大-台中,2023-11-09,9812
00885,富邦越南,90,3,87,元大-台中,2023-11-09,9812
2303,聯電,104,18,86,元大-台中,2023-11-09,9812
1314,中石化,117,50,67,元大-台中,2023-11-09,9812
00929,復華台灣科技優息,82,17,65,元大-台中,2023-11-09,9812
00688L,國泰20年美債正2,57,0,57,元大-台中,2023-11-09,9812
8034,榮群,65,15,50,元大-台中,2023-11-09,9812
2344,華邦電,43,0,43,元大-台中,2023-11-09,9812
3037,欣興,43,3,40,元大-台中,2023-11-09,9812
5347,世界,37,0,37,元大-台中,2023-11-09,9812
2618,長榮航,78,41,37,元大-台中,2023-11-09,9812
3041,揚智,53,21,32,元大-台中,2023-11-09,9812
5531,鄉林,29,1,28,元大-台中,2023-11-09,9812
00720B,元大投資級公司債,31,6,25,元大-台中,2023-11-09,9812
00632R,元大台灣50反1,25,0,25,元大-台中,2023-11-09,9812
1103,嘉泥,25,0,25,元大-台中,2023-11-09,9812
00902,中信電池及儲能,25,0,25,元大-台中,2023-11-09,9812
2332,友訊,21,0,21,元大-台中,2023-11-09,9812
6285,啟��,30,9,21,元大-台中,2023-11-09,9812
1319,東陽,23,3,20,元大-台中,2023-11-09,9812
2338,光罩,21,1,20,元大-台中,2023-11-09,9812
2313,華通,28,9,19,元大-台中,2023-11-09,9812
3376,新日興,23,5,18,元大-台中,2023-11-09,9812
2376,技嘉,44,26,18,元大-台中,2023-11-09,9812
2444,兆勁,18,0,18,元大-台中,2023-11-09,9812
8069,元太,22,6,16,元大-台中,2023-11-09,9812
1815,富喬,24,9,15,元大-台中,2023-11-09,9812
6792,詠業,15,0,15,元大-台中,2023-11-09,9812
2331,精英,23,9,14,元大-台中,2023-11-09,9812
1582,信錦,22,8,14,元大-台中,2023-11-09,9812
2356,英業達,15,2,13,元大-台中,2023-11-09,9812
2382,廣達,48,35,13,元大-台中,2023-11-09,9812
6170,統振,13,0,13,元大-台中,2023-11-09,9812
2610,華航,23,11,12,元大-台中,2023-11-09,9812
1587,吉茂,11,0,11,元大-台中,2023-11-09,9812
00934,中信成長高股息,10,0,10,元大-台中,2023-11-09,9812
2634,漢翔,10,0,10,元大-台中,2023-11-09,9812
1539,巨庭,19,9,10,元大-台中,2023-11-09,9812
1721,三晃,10,0,10,元大-台中,2023-11-09,9812
4306,炎洲,10,0,10,元大-台中,2023-11-09,9812
2421,建準,12,2,10,元大-台中,2023-11-09,9812
6244,茂迪,10,0,10,元大-台中,2023-11-09,9812
1515,力山,18,8,10,元大-台中,2023-11-09,9812
2022,聚亨,10,0,10,元大-台中,2023-11-09,9812
00715L,期街口布蘭特正2,9,0,9,元大-台中,2023-11-09,9812
00882,中信中國高股息,8,0,8,元大-台中,2023-11-09,9812
00642U,期元大S＆P石油,10,2,8,元大-台中,2023-11-09,9812
00680L,元大美債20正2,617,105,512,元大-台中,2023-11-10,9812
6290,良維,188,63,125,元大-台中,2023-11-10,9812
1808,潤隆,66,2,64,元大-台中,2023-11-10,9812
00878,國泰永續高股息,60,8,52,元大-台中,2023-11-10,9812
00665L,富邦�琤肭磪囓�2,49,0,49,元大-台中,2023-11-10,9812
00637L,元大滬深300正2,66,20,46,元大-台中,2023-11-10,9812
2618,長榮航,49,6,43,元大-台中,2023-11-10,9812
5351,鈺創,43,5,38,元大-台中,2023-11-10,9812
2313,華通,303,267,36,元大-台中,2023-11-10,9812
3548,兆利,39,4,35,元大-台中,2023-11-10,9812
8150,南茂,32,3,29,元大-台中,2023-11-10,9812
1582,信錦,30,1,29,元大-台中,2023-11-10,9812
00679B,元大美債20年,29,1,28,元大-台中,2023-11-10,9812
00931B,統一美債20年,26,0,26,元大-台中,2023-11-10,9812
8940,新天地,28,6,22,元大-台中,2023-11-10,9812
8176,智捷,22,0,22,元大-台中,2023-11-10,9812
1909,榮成,22,0,22,元大-台中,2023-11-10,9812
2408,南亞科,23,1,22,元大-台中,2023-11-10,9812
2305,全友,69,47,22,元大-台中,2023-11-10,9812
00688L,國泰20年美債正2,22,0,22,元大-台中,2023-11-10,9812
0056,元大高股息,28,7,21,元大-台中,2023-11-10,9812
2401,凌陽,21,2,19,元大-台中,2023-11-10,9812
00751B,元大AAA至A公司債,17,0,17,元大-台中,2023-11-10,9812
00720B,元大投資級公司債,16,0,16,元大-台中,2023-11-10,9812
2516,新建,15,0,15,元大-台中,2023-11-10,9812
9941,裕融,13,0,13,元大-台中,2023-11-10,9812
00936,台新永續高息中小,16,3,13,元大-台中,2023-11-10,9812
4533,協易機,26,13,13,元大-台中,2023-11-10,9812
00929,復華台灣科技優息,18,5,13,元大-台中,2023-11-10,9812
00934,中信成長高股息,12,0,12,元大-台中,2023-11-10,9812
3231,緯創,77,65,12,元大-台中,2023-11-10,9812
2481,強茂,13,1,12,元大-台中,2023-11-10,9812
2615,萬海,11,0,11,元大-台中,2023-11-10,9812
4128,中天,71,60,11,元大-台中,2023-11-10,9812
2436,偉詮電,11,0,11,元大-台中,2023-11-10,9812
00788B,元大10年IG電能債,11,0,11,元大-台中,2023-11-10,9812
00850,元大臺灣ESG永續,11,0,11,元大-台中,2023-11-10,9812
3715,定穎投控,12,1,11,元大-台中,2023-11-10,9812
2317,鴻海,25,15,10,元大-台中,2023-11-10,9812
5348,正能量智能,10,0,10,元大-台中,2023-11-10,9812
6209,今國光,10,0,10,元大-台中,2023-11-10,9812
1515,力山,26,16,10,元大-台中,2023-11-10,9812
4111,濟生,12,2,10,元大-台中,2023-11-10,9812
6712,長聖,10,0,10,元大-台中,2023-11-10,9812
2323,中環,10,1,9,元大-台中,2023-11-10,9812
8440,綠電,9,0,9,元大-台中,2023-11-10,9812
2352,佳世達,18,10,8,元大-台中,2023-11-10,9812
2340,台亞,8,0,8,元大-台中,2023-11-10,9812
2382,廣達,28,20,8,元大-台中,2023-11-10,9812
3013,晟銘電,11,3,8,元大-台中,2023-11-10,9812
2313,華通,550,403,147,元大-台中,2023-11-13,9812
6117,迎廣,134,10,124,元大-台中,2023-11-13,9812
00931B,統一美債20年,106,3,103,元大-台中,2023-11-13,9812
2303,聯電,108,10,98,元大-台中,2023-11-13,9812
00665L,富邦�琤肭磪囓�2,85,0,85,元大-台中,2023-11-13,9812
00632R,元大台灣50反1,90,6,84,元大-台中,2023-11-13,9812
00885,富邦越南,80,0,80,元大-台中,2023-11-13,9812
8176,智捷,70,0,70,元大-台中,2023-11-13,9812
00904,新光臺灣半導體30,51,0,51,元大-台中,2023-11-13,9812
2408,南亞科,47,1,46,元大-台中,2023-11-13,9812
00878,國泰永續高股息,69,24,45,元大-台中,2023-11-13,9812
5011,久陽,43,0,43,元大-台中,2023-11-13,9812
00929,復華台灣科技優息,63,21,42,元大-台中,2023-11-13,9812
2329,華泰,74,40,34,元大-台中,2023-11-13,9812
2382,廣達,48,15,33,元大-台中,2023-11-13,9812
00900,富邦特選高股息30,32,0,32,元大-台中,2023-11-13,9812
2888,新光金,31,1,30,元大-台中,2023-11-13,9812
3708,上緯投控,27,2,25,元大-台中,2023-11-13,9812
5258,虹堡,32,8,24,元大-台中,2023-11-13,9812
2352,佳世達,38,15,23,元大-台中,2023-11-13,9812
00679B,元大美債20年,24,1,23,元大-台中,2023-11-13,9812
00788B,元大10年IG電能債,22,0,22,元大-台中,2023-11-13,9812
5272,笙科,21,0,21,元大-台中,2023-11-13,9812
3325,旭品,28,7,21,元大-台中,2023-11-13,9812
8034,榮群,33,14,19,元大-台中,2023-11-13,9812
3047,訊舟,20,1,19,元大-台中,2023-11-13,9812
2401,凌陽,18,0,18,元大-台中,2023-11-13,9812
6133,金橋,18,0,18,元大-台中,2023-11-13,9812
4414,如興,16,0,16,元大-台中,2023-11-13,9812
8936,國統,17,1,16,元大-台中,2023-11-13,9812
2358,廷鑫,20,5,15,元大-台中,2023-11-13,9812
00850,元大臺灣ESG永續,17,3,14,元大-台中,2023-11-13,9812
5469,瀚宇博,14,0,14,元大-台中,2023-11-13,9812
2369,菱生,38,24,14,元大-台中,2023-11-13,9812
00688L,國泰20年美債正2,13,0,13,元大-台中,2023-11-13,9812
3122,笙泉,19,8,11,元大-台中,2023-11-13,9812
1815,富喬,22,11,11,元大-台中,2023-11-13,9812
00922,國泰台灣領袖50,11,0,11,元大-台中,2023-11-13,9812
00936,台新永續高息中小,11,1,10,元大-台中,2023-11-13,9812
2801,彰銀,10,0,10,元大-台中,2023-11-13,9812
00712,復華富時不動產,10,0,10,元大-台中,2023-11-13,9812
8390,金益鼎,10,0,10,元大-台中,2023-11-13,9812
6770,力積電,11,1,10,元大-台中,2023-11-13,9812
6579,研揚,10,0,10,元大-台中,2023-11-13,9812
2323,中環,10,0,10,元大-台中,2023-11-13,9812
2739,寒舍,11,1,10,元大-台中,2023-11-13,9812
8261,富鼎,10,0,10,元大-台中,2023-11-13,9812
00687B,國泰20年美債,11,1,10,元大-台中,2023-11-13,9812
6223,旺矽,16,6,10,元大-台中,2023-11-13,9812
2332,友訊,10,0,10,元大-台中,2023-11-13,9812
00692,富邦公司治理,425,30,395,元大-台中,2023-11-14,9812
2317,鴻海,227,47,180,元大-台中,2023-11-14,9812
3481,群創,106,6,100,元大-台中,2023-11-14,9812
2332,友訊,97,0,97,元大-台中,2023-11-14,9812
2882,國泰金,96,7,89,元大-台中,2023-11-14,9812
00632R,元大台灣50反1,70,1,69,元大-台中,2023-11-14,9812
00878,國泰永續高股息,58,7,51,元大-台中,2023-11-14,9812
1905,華紙,51,1,50,元大-台中,2023-11-14,9812
4401,東隆興,40,0,40,元大-台中,2023-11-14,9812
6790,永豐實,37,0,37,元大-台中,2023-11-14,9812
4430,耀億,30,0,30,元大-台中,2023-11-14,9812
2303,聯電,36,6,30,元大-台中,2023-11-14,9812
8432,東生華,34,5,29,元大-台中,2023-11-14,9812
6117,迎廣,41,14,27,元大-台中,2023-11-14,9812
00929,復華台灣科技優息,40,17,23,元大-台中,2023-11-14,9812
00679B,元大美債20年,23,1,22,元大-台中,2023-11-14,9812
2890,永豐金,30,9,21,元大-台中,2023-11-14,9812
5531,鄉林,21,0,21,元大-台中,2023-11-14,9812
6275,元山,20,0,20,元大-台中,2023-11-14,9812
3708,上緯投控,25,6,19,元大-台中,2023-11-14,9812
2881,富邦金,20,1,19,元大-台中,2023-11-14,9812
2883,凱基金,16,0,16,元大-台中,2023-11-14,9812
00935,野村臺灣新科技50,16,0,16,元大-台中,2023-11-14,9812
2402,毅嘉,29,13,16,元大-台中,2023-11-14,9812
2449,京元電子,27,11,16,元大-台中,2023-11-14,9812
2637,慧洋-KY,17,2,15,元大-台中,2023-11-14,9812
3036,文曄,20,5,15,元大-台中,2023-11-14,9812
3231,緯創,35,20,15,元大-台中,2023-11-14,9812
6182,合晶,14,0,14,元大-台中,2023-11-14,9812
1815,富喬,18,4,14,元大-台中,2023-11-14,9812
6282,康舒,15,2,13,元大-台中,2023-11-14,9812
00720B,元大投資級公司債,12,0,12,元大-台中,2023-11-14,9812
2417,圓剛,323,311,12,元大-台中,2023-11-14,9812
4116,明基醫,11,0,11,元大-台中,2023-11-14,9812
8034,榮群,14,3,11,元大-台中,2023-11-14,9812
5880,合庫金,10,0,10,元大-台中,2023-11-14,9812
5348,正能量智能,10,0,10,元大-台中,2023-11-14,9812
6122,擎邦,58,48,10,元大-台中,2023-11-14,9812
6568,宏觀,10,0,10,元大-台中,2023-11-14,9812
00919,群益台灣精選高息,18,8,10,元大-台中,2023-11-14,9812
4967,十銓,23,14,9,元大-台中,2023-11-14,9812
2204,中華,11,2,9,元大-台中,2023-11-14,9812
4766,南寶,9,1,8,元大-台中,2023-11-14,9812
6194,育富,8,0,8,元大-台中,2023-11-14,9812
3147,大綜,13,5,8,元大-台中,2023-11-14,9812
6026,福邦證,8,0,8,元大-台中,2023-11-14,9812
00895,富邦未來車,10,3,7,元大-台中,2023-11-14,9812
9927,泰銘,11,4,7,元大-台中,2023-11-14,9812
00788B,元大10年IG電能債,7,0,7,元大-台中,2023-11-14,9812
3176,基亞,7,0,7,元大-台中,2023-11-14,9812
2465,麗臺,305,5,300,元大-台中,2023-11-15,9812
00680L,元大美債20正2,168,1,167,元大-台中,2023-11-15,9812
2417,圓剛,207,45,162,元大-台中,2023-11-15,9812
00933B,國泰10Y+金融債,103,0,103,元大-台中,2023-11-15,9812
6902,GOGOLOOK-創,102,0,102,元大-台中,2023-11-15,9812
2388,威盛,453,385,68,元大-台中,2023-11-15,9812
2323,中環,55,0,55,元大-台中,2023-11-15,9812
00885,富邦越南,50,0,50,元大-台中,2023-11-15,9812
00715L,期街口布蘭特正2,49,5,44,元大-台中,2023-11-15,9812
2882,國泰金,47,3,44,元大-台中,2023-11-15,9812
1905,華紙,43,0,43,元大-台中,2023-11-15,9812
6127,九豪,40,2,38,元大-台中,2023-11-15,9812
8163,達方,29,1,28,元大-台中,2023-11-15,9812
00637L,元大滬深300正2,87,60,27,元大-台中,2023-11-15,9812
2913,農林,30,5,25,元大-台中,2023-11-15,9812
3545,敦泰,92,68,24,元大-台中,2023-11-15,9812
2312,金寶,30,6,24,元大-台中,2023-11-15,9812
00692,富邦公司治理,21,1,20,元大-台中,2023-11-15,9812
00670L,富邦NASDAQ正2,20,1,19,元大-台中,2023-11-15,9812
1533,車王電,19,0,19,元大-台中,2023-11-15,9812
1453,大將,19,0,19,元大-台中,2023-11-15,9812
6122,擎邦,62,44,18,元大-台中,2023-11-15,9812
00878,國泰永續高股息,58,41,17,元大-台中,2023-11-15,9812
1515,力山,54,38,16,元大-台中,2023-11-15,9812
8440,綠電,16,0,16,元大-台中,2023-11-15,9812
2332,友訊,19,4,15,元大-台中,2023-11-15,9812
6419,京晨科,15,0,15,元大-台中,2023-11-15,9812
6706,惠特,15,0,15,元大-台中,2023-11-15,9812
2355,敬鵬,21,6,15,元大-台中,2023-11-15,9812
5347,世界,116,102,14,元大-台中,2023-11-15,9812
6863,永道-KY,17,3,14,元大-台中,2023-11-15,9812
1467,南緯,14,0,14,元大-台中,2023-11-15,9812
2030,彰源,14,0,14,元大-台中,2023-11-15,9812
00679B,元大美債20年,20,6,14,元大-台中,2023-11-15,9812
3706,神達,19,6,13,元大-台中,2023-11-15,9812
3535,晶彩科,12,0,12,元大-台中,2023-11-15,9812
3025,星通,12,1,11,元大-台中,2023-11-15,9812
4401,東隆興,12,1,11,元大-台中,2023-11-15,9812
5469,瀚宇博,11,0,11,元大-台中,2023-11-15,9812
6117,迎廣,16,5,11,元大-台中,2023-11-15,9812
8112,至上,11,0,11,元大-台中,2023-11-15,9812
6901,鑽石投資,13,3,10,元大-台中,2023-11-15,9812
8121,越峰,10,0,10,元大-台中,2023-11-15,9812
1603,華電,10,0,10,元大-台中,2023-11-15,9812
00632R,元大台灣50反1,11,1,10,元大-台中,2023-11-15,9812
3048,益登,10,0,10,元大-台中,2023-11-15,9812
00687B,國泰20年美債,11,2,9,元大-台中,2023-11-15,9812
2618,長榮航,44,35,9,元大-台中,2023-11-15,9812
1312,國喬,9,0,9,元大-台中,2023-11-15,9812
3078,僑威,15,7,8,元大-台中,2023-11-15,9812
00680L,元大美債20正2,306,0,306,元大-台中,2023-11-16,9812
6243,迅杰,304,6,298,元大-台中,2023-11-16,9812
4414,如興,140,0,140,元大-台中,2023-11-16,9812
2882,國泰金,143,4,139,元大-台中,2023-11-16,9812
2881,富邦金,96,9,87,元大-台中,2023-11-16,9812
00919,群益台灣精選高息,90,9,81,元大-台中,2023-11-16,9812
00878,國泰永續高股息,78,9,69,元大-台中,2023-11-16,9812
2349,錸德,41,0,41,元大-台中,2023-11-16,9812
00679B,元大美債20年,41,2,39,元大-台中,2023-11-16,9812
00665L,富邦�琤肭磪囓�2,42,4,38,元大-台中,2023-11-16,9812
00929,復華台灣科技優息,37,5,32,元大-台中,2023-11-16,9812
6026,福邦證,30,0,30,元大-台中,2023-11-16,9812
4945,陞達科技,30,0,30,元大-台中,2023-11-16,9812
1449,佳和,29,0,29,元大-台中,2023-11-16,9812
1815,富喬,58,32,26,元大-台中,2023-11-16,9812
1524,耿鼎,40,17,23,元大-台中,2023-11-16,9812
5512,力麒,22,0,22,元大-台中,2023-11-16,9812
2402,毅嘉,56,35,21,元大-台中,2023-11-16,9812
4909,新復興,21,0,21,元大-台中,2023-11-16,9812
2609,陽明,32,12,20,元大-台中,2023-11-16,9812
00720B,元大投資級公司債,19,0,19,元大-台中,2023-11-16,9812
3025,星通,20,1,19,元大-台中,2023-11-16,9812
2323,中環,16,0,16,元大-台中,2023-11-16,9812
5521,工信,25,9,16,元大-台中,2023-11-16,9812
00900,富邦特選高股息30,15,0,15,元大-台中,2023-11-16,9812
6117,迎廣,17,2,15,元大-台中,2023-11-16,9812
2731,雄獅,24,9,15,元大-台中,2023-11-16,9812
1731,美吾華,14,0,14,元大-台中,2023-11-16,9812
00751B,元大AAA至A公司債,13,0,13,元大-台中,2023-11-16,9812
2606,裕民,17,5,12,元大-台中,2023-11-16,9812
00931B,統一美債20年,18,7,11,元大-台中,2023-11-16,9812
6213,聯茂,11,0,11,元大-台中,2023-11-16,9812
5469,瀚宇博,11,0,11,元大-台中,2023-11-16,9812
2887,台新金,22,11,11,元大-台中,2023-11-16,9812
2352,佳世達,13,3,10,元大-台中,2023-11-16,9812
1216,統一,19,9,10,元大-台中,2023-11-16,9812
4714,永捷,10,0,10,元大-台中,2023-11-16,9812
00637L,元大滬深300正2,10,0,10,元大-台中,2023-11-16,9812
6603,富強鑫,10,0,10,元大-台中,2023-11-16,9812
8011,台通,11,1,10,元大-台中,2023-11-16,9812
3276,宇環,14,5,9,元大-台中,2023-11-16,9812
2867,三商壽,9,0,9,元大-台中,2023-11-16,9812
8936,國統,14,5,9,元大-台中,2023-11-16,9812
6122,擎邦,30,21,9,元大-台中,2023-11-16,9812
00642U,期元大S＆P石油,9,0,9,元大-台中,2023-11-16,9812
00934,中信成長高股息,8,0,8,元大-台中,2023-11-16,9812
3362,先進光,8,0,8,元大-台中,2023-11-16,9812
9927,泰銘,10,2,8,元大-台中,2023-11-16,9812
00933B,國泰10Y+金融債,7,0,7,元大-台中,2023-11-16,9812
4967,十銓,132,125,7,元大-台中,2023-11-16,9812
2882,國泰金,214,1,213,元大-台中,2023-11-17,9812
6695,芯鼎,201,1,200,元大-台中,2023-11-17,9812
3545,敦泰,178,19,159,元大-台中,2023-11-17,9812
2881,富邦金,147,3,144,元大-台中,2023-11-17,9812
2402,毅嘉,127,24,103,元大-台中,2023-11-17,9812
2313,華通,113,26,87,元大-台中,2023-11-17,9812
2801,彰銀,101,16,85,元大-台中,2023-11-17,9812
00720B,元大投資級公司債,82,1,81,元大-台中,2023-11-17,9812
1721,三晃,71,10,61,元大-台中,2023-11-17,9812
2349,錸德,60,1,59,元大-台中,2023-11-17,9812
2610,華航,70,12,58,元大-台中,2023-11-17,9812
00665L,富邦�琤肭磪囓�2,40,0,40,元大-台中,2023-11-17,9812
3055,蔚華科,38,3,35,元大-台中,2023-11-17,9812
1815,富喬,57,26,31,元大-台中,2023-11-17,9812
5443,均豪,31,0,31,元大-台中,2023-11-17,9812
6257,矽格,31,1,30,元大-台中,2023-11-17,9812
2705,六福,33,5,28,元大-台中,2023-11-17,9812
8227,巨有科技,27,0,27,元大-台中,2023-11-17,9812
1324,地球,26,0,26,元大-台中,2023-11-17,9812
3701,大眾控,29,6,23,元大-台中,2023-11-17,9812
6026,福邦證,21,0,21,元大-台中,2023-11-17,9812
2323,中環,20,0,20,元大-台中,2023-11-17,9812
4707,磐亞,20,0,20,元大-台中,2023-11-17,9812
3059,華晶科,21,1,20,元大-台中,2023-11-17,9812
5521,工信,21,1,20,元大-台中,2023-11-17,9812
2618,長榮航,73,53,20,元大-台中,2023-11-17,9812
2609,陽明,25,6,19,元大-台中,2023-11-17,9812
5009,榮剛,47,28,19,元大-台中,2023-11-17,9812
6530,創威,20,1,19,元大-台中,2023-11-17,9812
00715L,期街口布蘭特正2,18,0,18,元大-台中,2023-11-17,9812
00637L,元大滬深300正2,59,42,17,元大-台中,2023-11-17,9812
6233,旺玖,18,1,17,元大-台中,2023-11-17,9812
00935,野村臺灣新科技50,13,0,13,元大-台中,2023-11-17,9812
6270,倍微,13,0,13,元大-台中,2023-11-17,9812
00680L,元大美債20正2,14,1,13,元大-台中,2023-11-17,9812
00642U,期元大S＆P石油,13,0,13,元大-台中,2023-11-17,9812
3714,富采,14,1,13,元大-台中,2023-11-17,9812
2745,五福,13,0,13,元大-台中,2023-11-17,9812
6282,康舒,13,1,12,元大-台中,2023-11-17,9812
2027,大成鋼,17,5,12,元大-台中,2023-11-17,9812
2887,台新金,12,1,11,元大-台中,2023-11-17,9812
2382,廣達,17,6,11,元大-台中,2023-11-17,9812
00712,復華富時不動產,12,2,10,元大-台中,2023-11-17,9812
2457,飛宏,10,0,10,元大-台中,2023-11-17,9812
3481,群創,10,0,10,元大-台中,2023-11-17,9812
00687B,國泰20年美債,10,0,10,元大-台中,2023-11-17,9812
1587,吉茂,10,0,10,元大-台中,2023-11-17,9812
3033,威健,10,0,10,元大-台中,2023-11-17,9812
3372,典範,10,0,10,元大-台中,2023-11-17,9812
5512,力麒,12,2,10,元大-台中,2023-11-17,9812
2313,華通,631,259,372,元大-台中,2023-11-20,9812
0056,元大高股息,345,9,336,元大-台中,2023-11-20,9812
3059,華晶科,145,32,113,元大-台中,2023-11-20,9812
2349,錸德,153,42,111,元大-台中,2023-11-20,9812
3005,神基,110,9,101,元大-台中,2023-11-20,9812
00751B,元大AAA至A公司債,69,0,69,元大-台中,2023-11-20,9812
1314,中石化,50,0,50,元大-台中,2023-11-20,9812
2317,鴻海,53,4,49,元大-台中,2023-11-20,9812
2618,長榮航,81,44,37,元大-台中,2023-11-20,9812
6243,迅杰,42,6,36,元大-台中,2023-11-20,9812
2882,國泰金,35,0,35,元大-台中,2023-11-20,9812
00885,富邦越南,35,2,33,元大-台中,2023-11-20,9812
2312,金寶,44,12,32,元大-台中,2023-11-20,9812
00720B,元大投資級公司債,29,0,29,元大-台中,2023-11-20,9812
2883,凱基金,33,5,28,元大-台中,2023-11-20,9812
2367,燿華,30,6,24,元大-台中,2023-11-20,9812
5236,凌陽創新,24,1,23,元大-台中,2023-11-20,9812
8110,華東,20,0,20,元大-台中,2023-11-20,9812
5009,榮剛,22,2,20,元大-台中,2023-11-20,9812
6171,大城地產,20,0,20,元大-台中,2023-11-20,9812
1809,中釉,20,0,20,元大-台中,2023-11-20,9812
2327,國巨,20,0,20,元大-台中,2023-11-20,9812
5531,鄉林,20,0,20,元大-台中,2023-11-20,9812
1524,耿鼎,45,27,18,元大-台中,2023-11-20,9812
2736,富野,21,4,17,元大-台中,2023-11-20,9812
1533,車王電,19,2,17,元大-台中,2023-11-20,9812
2375,凱美,16,0,16,元大-台中,2023-11-20,9812
00878,國泰永續高股息,17,1,16,元大-台中,2023-11-20,9812
3036,文曄,32,17,15,元大-台中,2023-11-20,9812
3512,皇龍,15,0,15,元大-台中,2023-11-20,9812
2401,凌陽,61,47,14,元大-台中,2023-11-20,9812
00933B,國泰10Y+金融債,14,0,14,元大-台中,2023-11-20,9812
2888,新光金,12,0,12,元大-台中,2023-11-20,9812
2610,華航,14,2,12,元大-台中,2023-11-20,9812
3055,蔚華科,17,5,12,元大-台中,2023-11-20,9812
3231,緯創,25,13,12,元大-台中,2023-11-20,9812
2606,裕民,10,0,10,元大-台中,2023-11-20,9812
6651,全宇昕,10,0,10,元大-台中,2023-11-20,9812
5206,坤悅,15,5,10,元大-台中,2023-11-20,9812
00724B,群益投資級金融債,10,0,10,元大-台中,2023-11-20,9812
2027,大成鋼,10,0,10,元大-台中,2023-11-20,9812
4543,萬在,11,1,10,元大-台中,2023-11-20,9812
2515,中工,10,0,10,元大-台中,2023-11-20,9812
00673R,期元大S＆P原油反1,10,0,10,元大-台中,2023-11-20,9812
00665L,富邦�琤肭磪囓�2,10,0,10,元大-台中,2023-11-20,9812
9945,潤泰新,12,3,9,元大-台中,2023-11-20,9812
3025,星通,14,5,9,元大-台中,2023-11-20,9812
6284,佳邦,12,3,9,元大-台中,2023-11-20,9812
8358,金居,10,2,8,元大-台中,2023-11-20,9812
6667,信紘科,8,0,8,元大-台中,2023-11-20,9812
2409,友達,502,10,492,元大-台中,2023-11-21,9812
2882,國泰金,271,9,262,元大-台中,2023-11-21,9812
2408,南亞科,162,0,162,元大-台中,2023-11-21,9812
3694,海華,633,473,160,元大-台中,2023-11-21,9812
3483,力致,212,64,148,元大-台中,2023-11-21,9812
3056,富華新,126,0,126,元大-台中,2023-11-21,9812
8054,安國,160,39,121,元大-台中,2023-11-21,9812
00931B,統一美債20年,107,1,106,元大-台中,2023-11-21,9812
2363,矽統,125,51,74,元大-台中,2023-11-21,9812
2618,長榮航,69,7,62,元大-台中,2023-11-21,9812
2543,皇昌,61,5,56,元大-台中,2023-11-21,9812
2609,陽明,51,0,51,元大-台中,2023-11-21,9812
2349,錸德,46,0,46,元大-台中,2023-11-21,9812
2313,華通,280,242,38,元大-台中,2023-11-21,9812
2401,凌陽,48,14,34,元大-台中,2023-11-21,9812
1609,大亞,33,2,31,元大-台中,2023-11-21,9812
2436,偉詮電,124,94,30,元大-台中,2023-11-21,9812
6128,上福,30,0,30,元大-台中,2023-11-21,9812
2885,元大金,50,25,25,元大-台中,2023-11-21,9812
6161,捷波,23,0,23,元大-台中,2023-11-21,9812
2462,良得電,23,1,22,元大-台中,2023-11-21,9812
3437,榮創,22,0,22,元大-台中,2023-11-21,9812
3041,揚智,74,53,21,元大-台中,2023-11-21,9812
8390,金益鼎,20,0,20,元大-台中,2023-11-21,9812
6547,高端疫苗,20,1,19,元大-台中,2023-11-21,9812
6136,富爾特,20,1,19,元大-台中,2023-11-21,9812
1504,東元,22,4,18,元大-台中,2023-11-21,9812
00933B,國泰10Y+金融債,23,6,17,元大-台中,2023-11-21,9812
3062,建漢,24,8,16,元大-台中,2023-11-21,9812
3231,緯創,191,175,16,元大-台中,2023-11-21,9812
00929,復華台灣科技優息,42,29,13,元大-台中,2023-11-21,9812
2034,允強,12,0,12,元大-台中,2023-11-21,9812
00722B,群益投資級電信債,12,0,12,元大-台中,2023-11-21,9812
2368,金像電,14,3,11,元大-台中,2023-11-21,9812
2388,威盛,121,110,11,元大-台中,2023-11-21,9812
3047,訊舟,11,0,11,元大-台中,2023-11-21,9812
4108,懷特,11,0,11,元大-台中,2023-11-21,9812
3266,昇陽,20,9,11,元大-台中,2023-11-21,9812
3285,微端,11,0,11,元大-台中,2023-11-21,9812
00795B,中信美國公債20年,10,0,10,元大-台中,2023-11-21,9812
1305,華夏,10,0,10,元大-台中,2023-11-21,9812
3268,海德威,10,0,10,元大-台中,2023-11-21,9812
6901,鑽石投資,10,0,10,元大-台中,2023-11-21,9812
00922,國泰台灣領袖50,10,0,10,元大-台中,2023-11-21,9812
00919,群益台灣精選高息,24,15,9,元大-台中,2023-11-21,9812
3122,笙泉,20,11,9,元大-台中,2023-11-21,9812
2748,雲品,12,4,8,元大-台中,2023-11-21,9812
2317,鴻海,23,15,8,元大-台中,2023-11-21,9812
3504,揚明光,9,1,8,元大-台中,2023-11-21,9812
00885,富邦越南,8,0,8,元大-台中,2023-11-21,9812
2888,新光金,1014,8,1006,元大-台中,2023-11-22,9812
8040,九暘,915,312,603,元大-台中,2023-11-22,9812
3362,先進光,568,155,413,元大-台中,2023-11-22,9812
2349,錸德,62,0,62,元大-台中,2023-11-22,9812
00878,國泰永續高股息,79,22,57,元大-台中,2023-11-22,9812
00919,群益台灣精選高息,65,9,56,元大-台中,2023-11-22,9812
2701,萬企,43,2,41,元大-台中,2023-11-22,9812
00637L,元大滬深300正2,71,32,39,元大-台中,2023-11-22,9812
1611,中電,30,0,30,元大-台中,2023-11-22,9812
1721,三晃,30,0,30,元大-台中,2023-11-22,9812
2492,華新科,30,1,29,元大-台中,2023-11-22,9812
3285,微端,28,0,28,元大-台中,2023-11-22,9812
2515,中工,27,0,27,元大-台中,2023-11-22,9812
912000,晨訊科-DR,34,7,27,元大-台中,2023-11-22,9812
6695,芯鼎,35,10,25,元大-台中,2023-11-22,9812
8163,達方,30,5,25,元大-台中,2023-11-22,9812
3266,昇陽,43,18,25,元大-台中,2023-11-22,9812
2543,皇昌,28,3,25,元大-台中,2023-11-22,9812
6275,元山,24,0,24,元大-台中,2023-11-22,9812
6133,金橋,23,0,23,元大-台中,2023-11-22,9812
3515,華擎,31,11,20,元大-台中,2023-11-22,9812
5515,建國,20,0,20,元大-台中,2023-11-22,9812
4430,耀億,20,0,20,元大-台中,2023-11-22,9812
2615,萬海,17,0,17,元大-台中,2023-11-22,9812
1785,光洋科,20,3,17,元大-台中,2023-11-22,9812
3059,華晶科,76,59,17,元大-台中,2023-11-22,9812
6790,永豐實,17,0,17,元大-台中,2023-11-22,9812
2356,英業達,29,12,17,元大-台中,2023-11-22,9812
5521,工信,28,12,16,元大-台中,2023-11-22,9812
5533,皇鼎,20,5,15,元大-台中,2023-11-22,9812
2009,第一銅,15,0,15,元大-台中,2023-11-22,9812
4908,前鼎,50,35,15,元大-台中,2023-11-22,9812
2376,技嘉,49,35,14,元大-台中,2023-11-22,9812
3078,僑威,29,15,14,元大-台中,2023-11-22,9812
2609,陽明,14,0,14,元大-台中,2023-11-22,9812
2250,IKKA-KY,13,0,13,元大-台中,2023-11-22,9812
6127,九豪,17,4,13,元大-台中,2023-11-22,9812
6233,旺玖,14,1,13,元大-台中,2023-11-22,9812
2201,裕隆,12,0,12,元大-台中,2023-11-22,9812
5608,四維航,12,0,12,元大-台中,2023-11-22,9812
00935,野村臺灣新科技50,12,0,12,元大-台中,2023-11-22,9812
0056,元大高股息,21,10,11,元大-台中,2023-11-22,9812
5351,鈺創,52,41,11,元大-台中,2023-11-22,9812
5292,華懋,11,0,11,元大-台中,2023-11-22,9812
3376,新日興,12,1,11,元大-台中,2023-11-22,9812
2706,第一店,10,0,10,元大-台中,2023-11-22,9812
2889,國票金,10,0,10,元大-台中,2023-11-22,9812
00922,國泰台灣領袖50,10,0,10,元大-台中,2023-11-22,9812
5531,鄉林,10,0,10,元大-台中,2023-11-22,9812
2905,三商,10,0,10,元大-台中,2023-11-22,9812
2618,長榮航,354,88,266,元大-台中,2023-11-23,9812
5351,鈺創,1158,953,205,元大-台中,2023-11-23,9812
2812,台中銀,210,17,193,元大-台中,2023-11-23,9812
00676R,富邦臺灣加權反1,100,0,100,元大-台中,2023-11-23,9812
00669R,國泰美國道瓊反1,100,0,100,元大-台中,2023-11-23,9812
00671R,富邦NASDAQ反1,100,0,100,元大-台中,2023-11-23,9812
5521,工信,123,25,98,元大-台中,2023-11-23,9812
3122,笙泉,487,396,91,元大-台中,2023-11-23,9812
3437,榮創,100,11,89,元大-台中,2023-11-23,9812
00751B,元大AAA至A公司債,77,2,75,元大-台中,2023-11-23,9812
2313,華通,91,32,59,元大-台中,2023-11-23,9812
1314,中石化,50,0,50,元大-台中,2023-11-23,9812
00929,復華台灣科技優息,106,56,50,元大-台中,2023-11-23,9812
8054,安國,65,23,42,元大-台中,2023-11-23,9812
2388,威盛,84,50,34,元大-台中,2023-11-23,9812
00637L,元大滬深300正2,90,60,30,元大-台中,2023-11-23,9812
3231,緯創,47,22,25,元大-台中,2023-11-23,9812
00665L,富邦�琤肭磪囓�2,23,0,23,元大-台中,2023-11-23,9812
2476,鉅祥,25,3,22,元大-台中,2023-11-23,9812
4183,福永生技,20,0,20,元大-台中,2023-11-23,9812
6578,達邦蛋白,20,0,20,元大-台中,2023-11-23,9812
3704,合勤控,21,1,20,元大-台中,2023-11-23,9812
2457,飛宏,89,69,20,元大-台中,2023-11-23,9812
2382,廣達,28,8,20,元大-台中,2023-11-23,9812
2344,華邦電,20,2,18,元大-台中,2023-11-23,9812
2885,元大金,20,2,18,元大-台中,2023-11-23,9812
6282,康舒,154,137,17,元大-台中,2023-11-23,9812
2630,亞航,17,0,17,元大-台中,2023-11-23,9812
3041,揚智,35,19,16,元大-台中,2023-11-23,9812
4939,亞電,16,0,16,元大-台中,2023-11-23,9812
3078,僑威,43,27,16,元大-台中,2023-11-23,9812
6807,峰源-KY,15,0,15,元大-台中,2023-11-23,9812
3682,亞太電,15,0,15,元大-台中,2023-11-23,9812
2748,雲品,23,9,14,元大-台中,2023-11-23,9812
2401,凌陽,40,26,14,元大-台中,2023-11-23,9812
3047,訊舟,14,0,14,元大-台中,2023-11-23,9812
2516,新建,15,2,13,元大-台中,2023-11-23,9812
6457,紘康,14,1,13,元大-台中,2023-11-23,9812
3666,光耀,13,0,13,元大-台中,2023-11-23,9812
00679B,元大美債20年,13,0,13,元大-台中,2023-11-23,9812
3105,穩懋,34,21,13,元大-台中,2023-11-23,9812
3176,基亞,12,0,12,元大-台中,2023-11-23,9812
1815,富喬,13,1,12,元大-台中,2023-11-23,9812
8068,全達,19,7,12,元大-台中,2023-11-23,9812
00720B,元大投資級公司債,15,3,12,元大-台中,2023-11-23,9812
3264,欣銓,12,1,11,元大-台中,2023-11-23,9812
3005,神基,14,3,11,元大-台中,2023-11-23,9812
2380,虹光,11,0,11,元大-台中,2023-11-23,9812
1802,台玻,11,0,11,元大-台中,2023-11-23,9812
3564,其陽,11,0,11,元大-台中,2023-11-23,9812
8086,宏捷科,207,19,188,元大-台中,2023-11-24,9812
3231,緯創,156,3,153,元大-台中,2023-11-24,9812
5258,虹堡,98,45,53,元大-台中,2023-11-24,9812
00632R,元大台灣50反1,53,0,53,元大-台中,2023-11-24,9812
1504,東元,59,10,49,元大-台中,2023-11-24,9812
2313,華通,294,246,48,元大-台中,2023-11-24,9812
00665L,富邦�琤肭磪囓�2,40,0,40,元大-台中,2023-11-24,9812
1721,三晃,41,2,39,元大-台中,2023-11-24,9812
2349,錸德,38,0,38,元大-台中,2023-11-24,9812
1524,耿鼎,37,1,36,元大-台中,2023-11-24,9812
00919,群益台灣精選高息,33,0,33,元大-台中,2023-11-24,9812
3450,聯鈞,33,0,33,元大-台中,2023-11-24,9812
2374,佳能,30,0,30,元大-台中,2023-11-24,9812
6129,普誠,35,5,30,元大-台中,2023-11-24,9812
2609,陽明,28,0,28,元大-台中,2023-11-24,9812
3548,兆利,43,16,27,元大-台中,2023-11-24,9812
1608,華榮,28,2,26,元大-台中,2023-11-24,9812
2401,凌陽,67,45,22,元大-台中,2023-11-24,9812
2610,華航,35,17,18,元大-台中,2023-11-24,9812
2476,鉅祥,18,0,18,元大-台中,2023-11-24,9812
6282,康舒,97,79,18,元大-台中,2023-11-24,9812
1809,中釉,20,2,18,元大-台中,2023-11-24,9812
3041,揚智,49,32,17,元大-台中,2023-11-24,9812
4188,安克,17,0,17,元大-台中,2023-11-24,9812
2634,漢翔,59,43,16,元大-台中,2023-11-24,9812
1815,富喬,22,6,16,元大-台中,2023-11-24,9812
8358,金居,17,1,16,元大-台中,2023-11-24,9812
00929,復華台灣科技優息,32,16,16,元大-台中,2023-11-24,9812
2317,鴻海,17,1,16,元大-台中,2023-11-24,9812
6235,華孚,23,8,15,元大-台中,2023-11-24,9812
00885,富邦越南,14,0,14,元大-台中,2023-11-24,9812
1529,樂事綠能,22,8,14,元大-台中,2023-11-24,9812
2748,雲品,18,5,13,元大-台中,2023-11-24,9812
2637,慧洋-KY,26,13,13,元大-台中,2023-11-24,9812
8390,金益鼎,12,0,12,元大-台中,2023-11-24,9812
3105,穩懋,46,34,12,元大-台中,2023-11-24,9812
2027,大成鋼,11,0,11,元大-台中,2023-11-24,9812
2344,華邦電,20,10,10,元大-台中,2023-11-24,9812
2727,王品,10,0,10,元大-台中,2023-11-24,9812
1616,億泰,10,0,10,元大-台中,2023-11-24,9812
3708,上緯投控,15,5,10,元大-台中,2023-11-24,9812
00931B,統一美債20年,10,0,10,元大-台中,2023-11-24,9812
00679B,元大美債20年,9,0,9,元大-台中,2023-11-24,9812
2363,矽統,32,23,9,元大-台中,2023-11-24,9812
3006,晶豪科,9,0,9,元大-台中,2023-11-24,9812
2371,大同,15,6,9,元大-台中,2023-11-24,9812
00720B,元大投資級公司債,9,0,9,元大-台中,2023-11-24,9812
2382,廣達,12,3,9,元大-台中,2023-11-24,9812
00680L,元大美債20正2,8,0,8,元大-台中,2023-11-24,9812
5706,鳳凰,13,5,8,元大-台中,2023-11-24,9812
1732,毛寶,413,0,413,元大-台中,2023-11-27,9812
2888,新光金,712,303,409,元大-台中,2023-11-27,9812
2313,華通,411,191,220,元大-台中,2023-11-27,9812
3056,富華新,205,1,204,元大-台中,2023-11-27,9812
1314,中石化,101,0,101,元大-台中,2023-11-27,9812
2883,凱基金,138,76,62,元大-台中,2023-11-27,9812
00902,中信電池及儲能,42,1,41,元大-台中,2023-11-27,9812
2108,南帝,37,0,37,元大-台中,2023-11-27,9812
00637L,元大滬深300正2,35,0,35,元大-台中,2023-11-27,9812
2882,國泰金,35,0,35,元大-台中,2023-11-27,9812
2885,元大金,81,50,31,元大-台中,2023-11-27,9812
00878,國泰永續高股息,46,16,30,元大-台中,2023-11-27,9812
4960,誠美材,30,0,30,元大-台中,2023-11-27,9812
00679B,元大美債20年,29,0,29,元大-台中,2023-11-27,9812
6457,紘康,30,1,29,元大-台中,2023-11-27,9812
2382,廣達,35,6,29,元大-台中,2023-11-27,9812
00935,野村臺灣新科技50,29,0,29,元大-台中,2023-11-27,9812
2618,長榮航,45,18,27,元大-台中,2023-11-27,9812
2409,友達,27,1,26,元大-台中,2023-11-27,9812
3047,訊舟,30,4,26,元大-台中,2023-11-27,9812
3231,緯創,48,24,24,元大-台中,2023-11-27,9812
2317,鴻海,34,10,24,元大-台中,2023-11-27,9812
2543,皇昌,24,0,24,元大-台中,2023-11-27,9812
5009,榮剛,24,0,24,元大-台中,2023-11-27,9812
00929,復華台灣科技優息,46,25,21,元大-台中,2023-11-27,9812
2630,亞航,82,61,21,元大-台中,2023-11-27,9812
2009,第一銅,20,0,20,元大-台中,2023-11-27,9812
2349,錸德,20,0,20,元大-台中,2023-11-27,9812
1432,大魯閣,21,2,19,元大-台中,2023-11-27,9812
4167,松瑞藥,19,1,18,元大-台中,2023-11-27,9812
6237,驊訊,16,0,16,元大-台中,2023-11-27,9812
6451,訊芯-KY,16,1,15,元大-台中,2023-11-27,9812
5531,鄉林,15,0,15,元大-台中,2023-11-27,9812
6582,申豐,15,0,15,元大-台中,2023-11-27,9812
00922,國泰台灣領袖50,26,11,15,元大-台中,2023-11-27,9812
2344,華邦電,35,21,14,元大-台中,2023-11-27,9812
00642U,期元大S＆P石油,13,0,13,元大-台中,2023-11-27,9812
1795,美時,39,28,11,元大-台中,2023-11-27,9812
3078,僑威,11,0,11,元大-台中,2023-11-27,9812
6129,普誠,15,4,11,元大-台中,2023-11-27,9812
2204,中華,10,0,10,元大-台中,2023-11-27,9812
3535,晶彩科,10,0,10,元大-台中,2023-11-27,9812
2406,國碩,10,0,10,元大-台中,2023-11-27,9812
2332,友訊,10,0,10,元大-台中,2023-11-27,9812
1305,華夏,11,1,10,元大-台中,2023-11-27,9812
2801,彰銀,10,1,9,元大-台中,2023-11-27,9812
00931B,統一美債20年,9,0,9,元大-台中,2023-11-27,9812
6150,撼訊,9,0,9,元大-台中,2023-11-27,9812
5432,新門,9,0,9,元大-台中,2023-11-27,9812
5230,雷笛克光學,22,14,8,元大-台中,2023-11-27,9812
2329,華泰,1232,499,733,元大-台中,2023-11-28,9812
2801,彰銀,200,5,195,元大-台中,2023-11-28,9812
8054,安國,271,82,189,元大-台中,2023-11-28,9812
2303,聯電,162,9,153,元大-台中,2023-11-28,9812
1504,東元,103,1,102,元大-台中,2023-11-28,9812
2453,凌群,70,10,60,元大-台中,2023-11-28,9812
1449,佳和,50,3,47,元大-台中,2023-11-28,9812
00632R,元大台灣50反1,40,0,40,元大-台中,2023-11-28,9812
2618,長榮航,50,14,36,元大-台中,2023-11-28,9812
2888,新光金,34,0,34,元大-台中,2023-11-28,9812
2412,中華電,35,2,33,元大-台中,2023-11-28,9812
2605,新興,58,27,31,元大-台中,2023-11-28,9812
2358,廷鑫,30,0,30,元大-台中,2023-11-28,9812
6237,驊訊,38,8,30,元大-台中,2023-11-28,9812
5880,合庫金,40,10,30,元大-台中,2023-11-28,9812
1582,信錦,28,0,28,元大-台中,2023-11-28,9812
8936,國統,32,4,28,元大-台中,2023-11-28,9812
5351,鈺創,79,54,25,元大-台中,2023-11-28,9812
2543,皇昌,24,0,24,元大-台中,2023-11-28,9812
1503,士電,21,1,20,元大-台中,2023-11-28,9812
5521,工信,20,2,18,元大-台中,2023-11-28,9812
1101,台泥,28,13,15,元大-台中,2023-11-28,9812
1442,名軒,15,0,15,元大-台中,2023-11-28,9812
5347,世界,31,17,14,元大-台中,2023-11-28,9812
1701,中化,28,14,14,元大-台中,2023-11-28,9812
6643,M31,15,2,13,元大-台中,2023-11-28,9812
4960,誠美材,12,0,12,元大-台中,2023-11-28,9812
00885,富邦越南,12,0,12,元大-台中,2023-11-28,9812
3231,緯創,139,128,11,元大-台中,2023-11-28,9812
2371,大同,12,1,11,元大-台中,2023-11-28,9812
6244,茂迪,11,0,11,元大-台中,2023-11-28,9812
00637L,元大滬深300正2,11,0,11,元大-台中,2023-11-28,9812
00893,國泰智能電動車,10,0,10,元大-台中,2023-11-28,9812
4114,健喬,39,29,10,元大-台中,2023-11-28,9812
2633,台灣高鐵,10,0,10,元大-台中,2023-11-28,9812
2637,慧洋-KY,37,27,10,元大-台中,2023-11-28,9812
00673R,期元大S＆P原油反1,10,0,10,元大-台中,2023-11-28,9812
3048,益登,10,0,10,元大-台中,2023-11-28,9812
2010,春源,10,0,10,元大-台中,2023-11-28,9812
3041,揚智,29,19,10,元大-台中,2023-11-28,9812
1731,美吾華,10,0,10,元大-台中,2023-11-28,9812
2375,凱美,9,0,9,元大-台中,2023-11-28,9812
4121,優盛,11,2,9,元大-台中,2023-11-28,9812
2485,兆赫,11,2,9,元大-台中,2023-11-28,9812
2308,台達電,10,1,9,元大-台中,2023-11-28,9812
2617,台航,12,3,9,元大-台中,2023-11-28,9812
2476,鉅祥,9,1,8,元大-台中,2023-11-28,9812
00712,復華富時不動產,8,0,8,元大-台中,2023-11-28,9812
6582,申豐,10,3,7,元大-台中,2023-11-28,9812
2897,王道銀行,9,2,7,元大-台中,2023-11-28,9812
2409,友達,354,3,351,元大-台中,2023-11-29,9812
1101,台泥,209,1,208,元大-台中,2023-11-29,9812
2465,麗臺,151,2,149,元大-台中,2023-11-29,9812
1504,東元,112,2,110,元大-台中,2023-11-29,9812
00680L,元大美債20正2,107,8,99,元大-台中,2023-11-29,9812
2349,錸德,85,4,81,元大-台中,2023-11-29,9812
2618,長榮航,100,29,71,元大-台中,2023-11-29,9812
00933B,國泰10Y+金融債,71,0,71,元大-台中,2023-11-29,9812
00632R,元大台灣50反1,70,0,70,元大-台中,2023-11-29,9812
3178,公準,61,1,60,元大-台中,2023-11-29,9812
3056,富華新,60,1,59,元大-台中,2023-11-29,9812
2405,輔信,54,2,52,元大-台中,2023-11-29,9812
1524,耿鼎,39,0,39,元大-台中,2023-11-29,9812
3693,營邦,86,47,39,元大-台中,2023-11-29,9812
2313,華通,227,192,35,元大-台中,2023-11-29,9812
2356,英業達,38,4,34,元大-台中,2023-11-29,9812
2401,凌陽,144,111,33,元大-台中,2023-11-29,9812
3047,訊舟,37,5,32,元大-台中,2023-11-29,9812
8110,華東,30,2,28,元大-台中,2023-11-29,9812
2883,凱基金,99,71,28,元大-台中,2023-11-29,9812
3715,定穎投控,41,15,26,元大-台中,2023-11-29,9812
00679B,元大美債20年,26,0,26,元大-台中,2023-11-29,9812
00650L,復華香港正2,25,0,25,元大-台中,2023-11-29,9812
00878,國泰永續高股息,33,10,23,元大-台中,2023-11-29,9812
3236,千如,25,3,22,元大-台中,2023-11-29,9812
2312,金寶,21,0,21,元大-台中,2023-11-29,9812
00882,中信中國高股息,19,0,19,元大-台中,2023-11-29,9812
2615,萬海,19,0,19,元大-台中,2023-11-29,9812
2610,華航,22,4,18,元大-台中,2023-11-29,9812
1325,恆大,22,4,18,元大-台中,2023-11-29,9812
00891,中信關鍵半導體,25,8,17,元大-台中,2023-11-29,9812
3705,永信,16,0,16,元大-台中,2023-11-29,9812
6558,興能高,16,0,16,元大-台中,2023-11-29,9812
00720B,元大投資級公司債,14,0,14,元大-台中,2023-11-29,9812
6104,創惟,21,8,13,元大-台中,2023-11-29,9812
2449,京元電子,13,0,13,元大-台中,2023-11-29,9812
8390,金益鼎,14,1,13,元大-台中,2023-11-29,9812
2367,燿華,16,3,13,元大-台中,2023-11-29,9812
1802,台玻,13,0,13,元大-台中,2023-11-29,9812
1815,富喬,23,10,13,元大-台中,2023-11-29,9812
9103,美德醫療-DR,12,0,12,元大-台中,2023-11-29,9812
8358,金居,11,0,11,元大-台中,2023-11-29,9812
4526,東台,10,0,10,元大-台中,2023-11-29,9812
2606,裕民,16,6,10,元大-台中,2023-11-29,9812
4967,十銓,15,5,10,元大-台中,2023-11-29,9812
00751B,元大AAA至A公司債,10,0,10,元大-台中,2023-11-29,9812
4121,優盛,16,6,10,元大-台中,2023-11-29,9812
00665L,富邦�琤肭磪囓�2,10,0,10,元大-台中,2023-11-29,9812
1720,生達,10,0,10,元大-台中,2023-11-29,9812
3163,波若威,10,0,10,元大-台中,2023-11-29,9812
5328,華容,659,63,596,元大-台中,2023-11-30,9812
6117,迎廣,330,103,227,元大-台中,2023-11-30,9812
2303,聯電,116,9,107,元大-台中,2023-11-30,9812
1582,信錦,101,6,95,元大-台中,2023-11-30,9812
6257,矽格,60,7,53,元大-台中,2023-11-30,9812
2892,第一金,50,0,50,元大-台中,2023-11-30,9812
1449,佳和,44,0,44,元大-台中,2023-11-30,9812
00665L,富邦�琤肭磪囓�2,42,0,42,元大-台中,2023-11-30,9812
1608,華榮,42,0,42,元大-台中,2023-11-30,9812
2349,錸德,40,0,40,元大-台中,2023-11-30,9812
2409,友達,43,6,37,元大-台中,2023-11-30,9812
2606,裕民,36,2,34,元大-台中,2023-11-30,9812
3231,緯創,118,89,29,元大-台中,2023-11-30,9812
00919,群益台灣精選高息,30,2,28,元大-台中,2023-11-30,9812
00929,復華台灣科技優息,34,9,25,元大-台中,2023-11-30,9812
3694,海華,25,2,23,元大-台中,2023-11-30,9812
8112,至上,26,4,22,元大-台中,2023-11-30,9812
00679B,元大美債20年,22,0,22,元大-台中,2023-11-30,9812
1324,地球,20,0,20,元大-台中,2023-11-30,9812
2481,強茂,37,18,19,元大-台中,2023-11-30,9812
00720B,元大投資級公司債,22,3,19,元大-台中,2023-11-30,9812
1909,榮成,20,2,18,元大-台中,2023-11-30,9812
8070,長華*,15,0,15,元大-台中,2023-11-30,9812
3122,笙泉,19,4,15,元大-台中,2023-11-30,9812
2201,裕隆,15,0,15,元大-台中,2023-11-30,9812
6275,元山,26,12,14,元大-台中,2023-11-30,9812
3050,鈺德,14,0,14,元大-台中,2023-11-30,9812
3515,華擎,15,1,14,元大-台中,2023-11-30,9812
5272,笙科,16,3,13,元大-台中,2023-11-30,9812
00934,中信成長高股息,12,0,12,元大-台中,2023-11-30,9812
2801,彰銀,13,1,12,元大-台中,2023-11-30,9812
9939,宏全,12,0,12,元大-台中,2023-11-30,9812
5439,高技,26,14,12,元大-台中,2023-11-30,9812
2615,萬海,15,3,12,元大-台中,2023-11-30,9812
2888,新光金,11,0,11,元大-台中,2023-11-30,9812
5469,瀚宇博,14,3,11,元大-台中,2023-11-30,9812
3013,晟銘電,41,30,11,元大-台中,2023-11-30,9812
3481,群創,12,2,10,元大-台中,2023-11-30,9812
2353,宏��,18,8,10,元大-台中,2023-11-30,9812
00632R,元大台灣50反1,10,0,10,元大-台中,2023-11-30,9812
8933,愛地雅,10,0,10,元大-台中,2023-11-30,9812
6443,元晶,10,0,10,元大-台中,2023-11-30,9812
2383,台光電,12,2,10,元大-台中,2023-11-30,9812
5347,世界,13,4,9,元大-台中,2023-11-30,9812
3049,精金,9,0,9,元大-台中,2023-11-30,9812
3047,訊舟,10,1,9,元大-台中,2023-11-30,9812
6191,精成科,23,14,9,元大-台中,2023-11-30,9812
8936,國統,12,3,9,元大-台中,2023-11-30,9812
2610,華航,16,8,8,元大-台中,2023-11-30,9812
3264,欣銓,15,7,8,元大-台中,2023-11-30,9812
2612,中航,674,197,477,元大-台中,2023-12-01,9812
1504,東元,361,34,327,元大-台中,2023-12-01,9812
2105,正新,181,0,181,元大-台中,2023-12-01,9812
6143,振曜,117,29,88,元大-台中,2023-12-01,9812
2883,凱基金,76,8,68,元大-台中,2023-12-01,9812
1513,中興電,74,13,61,元大-台中,2023-12-01,9812
3041,揚智,131,74,57,元大-台中,2023-12-01,9812
2324,仁寶,55,0,55,元大-台中,2023-12-01,9812
00715L,期街口布蘭特正2,51,0,51,元大-台中,2023-12-01,9812
2492,華新科,49,6,43,元大-台中,2023-12-01,9812
2323,中環,42,0,42,元大-台中,2023-12-01,9812
8436,大江,41,1,40,元大-台中,2023-12-01,9812
5471,松翰,38,0,38,元大-台中,2023-12-01,9812
2388,威盛,108,73,35,元大-台中,2023-12-01,9812
3548,兆利,32,0,32,元大-台中,2023-12-01,9812
3564,其陽,37,9,28,元大-台中,2023-12-01,9812
4967,十銓,28,0,28,元大-台中,2023-12-01,9812
6194,育富,25,0,25,元大-台中,2023-12-01,9812
00878,國泰永續高股息,24,0,24,元大-台中,2023-12-01,9812
00919,群益台灣精選高息,58,35,23,元大-台中,2023-12-01,9812
4561,健椿,22,0,22,元大-台中,2023-12-01,9812
2641,正德,33,12,21,元大-台中,2023-12-01,9812
1701,中化,28,8,20,元大-台中,2023-12-01,9812
00637L,元大滬深300正2,70,50,20,元大-台中,2023-12-01,9812
6282,康舒,24,5,19,元大-台中,2023-12-01,9812
5351,鈺創,44,26,18,元大-台中,2023-12-01,9812
00720B,元大投資級公司債,18,0,18,元大-台中,2023-12-01,9812
00679B,元大美債20年,18,0,18,元大-台中,2023-12-01,9812
00891,中信關鍵半導體,18,0,18,元大-台中,2023-12-01,9812
00712,復華富時不動產,18,1,17,元大-台中,2023-12-01,9812
2387,精元,16,0,16,元大-台中,2023-12-01,9812
00688L,國泰20年美債正2,16,0,16,元大-台中,2023-12-01,9812
2353,宏��,18,3,15,元大-台中,2023-12-01,9812
2891,中信金,15,0,15,元大-台中,2023-12-01,9812
1321,大洋,15,0,15,元大-台中,2023-12-01,9812
4127,天良,14,0,14,元大-台中,2023-12-01,9812
3083,網龍,20,6,14,元大-台中,2023-12-01,9812
9919,康那香,50,37,13,元大-台中,2023-12-01,9812
00935,野村臺灣新科技50,15,2,13,元大-台中,2023-12-01,9812
00915,凱基優選高股息30,12,0,12,元大-台中,2023-12-01,9812
1720,生達,11,0,11,元大-台中,2023-12-01,9812
2887,台新金,11,1,10,元大-台中,2023-12-01,9812
00882,中信中國高股息,10,0,10,元大-台中,2023-12-01,9812
3048,益登,10,0,10,元大-台中,2023-12-01,9812
6426,統新,13,3,10,元大-台中,2023-12-01,9812
9136,巨騰-DR,10,0,10,元大-台中,2023-12-01,9812
6156,松上,10,0,10,元大-台中,2023-12-01,9812
4163,鐿鈦,10,0,10,元大-台中,2023-12-01,9812
5478,智冠,15,5,10,元大-台中,2023-12-01,9812
2888,新光金,15,6,9,元大-台中,2023-12-01,9812
0056,元大高股息,449,10,439,元大-台中,2023-12-04,9812
2812,台中銀,301,7,294,元大-台中,2023-12-04,9812
00715L,期街口布蘭特正2,187,0,187,元大-台中,2023-12-04,9812
6143,振曜,209,36,173,元大-台中,2023-12-04,9812
2880,華南金,201,45,156,元大-台中,2023-12-04,9812
2355,敬鵬,237,121,116,元大-台中,2023-12-04,9812
2890,永豐金,101,2,99,元大-台中,2023-12-04,9812
2883,凱基金,99,6,93,元大-台中,2023-12-04,9812
6122,擎邦,102,14,88,元大-台中,2023-12-04,9812
2885,元大金,96,18,78,元大-台中,2023-12-04,9812
2367,燿華,195,118,77,元大-台中,2023-12-04,9812
2388,威盛,125,54,71,元大-台中,2023-12-04,9812
00919,群益台灣精選高息,91,27,64,元大-台中,2023-12-04,9812
4420,光明,50,1,49,元大-台中,2023-12-04,9812
8436,大江,47,1,46,元大-台中,2023-12-04,9812
9919,康那香,96,52,44,元大-台中,2023-12-04,9812
1809,中釉,44,1,43,元大-台中,2023-12-04,9812
2462,良得電,42,0,42,元大-台中,2023-12-04,9812
3264,欣銓,69,27,42,元大-台中,2023-12-04,9812
00929,復華台灣科技優息,50,10,40,元大-台中,2023-12-04,9812
3706,神達,36,1,35,元大-台中,2023-12-04,9812
00679B,元大美債20年,35,0,35,元大-台中,2023-12-04,9812
2349,錸德,90,58,32,元大-台中,2023-12-04,9812
2884,玉山金,31,1,30,元大-台中,2023-12-04,9812
2337,旺宏,32,3,29,元大-台中,2023-12-04,9812
1519,華城,41,12,29,元大-台中,2023-12-04,9812
2611,志信,30,3,27,元大-台中,2023-12-04,9812
9945,潤泰新,30,4,26,元大-台中,2023-12-04,9812
00637L,元大滬深300正2,95,70,25,元大-台中,2023-12-04,9812
4532,瑞智,23,0,23,元大-台中,2023-12-04,9812
1432,大魯閣,23,0,23,元大-台中,2023-12-04,9812
2317,鴻海,23,2,21,元大-台中,2023-12-04,9812
00632R,元大台灣50反1,21,0,21,元大-台中,2023-12-04,9812
2617,台航,30,10,20,元大-台中,2023-12-04,9812
2365,昆盈,20,0,20,元大-台中,2023-12-04,9812
00888,永豐台灣ESG,20,1,19,元大-台中,2023-12-04,9812
3260,威剛,25,6,19,元大-台中,2023-12-04,9812
6492,生華科,18,0,18,元大-台中,2023-12-04,9812
3483,力致,18,0,18,元大-台中,2023-12-04,9812
3231,緯創,170,152,18,元大-台中,2023-12-04,9812
6257,矽格,20,3,17,元大-台中,2023-12-04,9812
1605,華新,70,54,16,元大-台中,2023-12-04,9812
3708,上緯投控,25,9,16,元大-台中,2023-12-04,9812
00712,復華富時不動產,22,7,15,元大-台中,2023-12-04,9812
3022,威強電,15,0,15,元大-台中,2023-12-04,9812
1524,耿鼎,15,0,15,元大-台中,2023-12-04,9812
2332,友訊,24,10,14,元大-台中,2023-12-04,9812
00720B,元大投資級公司債,26,12,14,元大-台中,2023-12-04,9812
4743,合一,14,0,14,元大-台中,2023-12-04,9812
5432,新門,15,1,14,元大-台中,2023-12-04,9812
2611,志信,4371,1190,3181,元大-台中,2023-12-05,9812
00680L,元大美債20正2,1118,34,1084,元大-台中,2023-12-05,9812
00937B,群益ESG投等債20,222,4,218,元大-台中,2023-12-05,9812
00919,群益台灣精選高息,150,12,138,元大-台中,2023-12-05,9812
00637L,元大滬深300正2,145,20,125,元大-台中,2023-12-05,9812
1504,東元,121,3,118,元大-台中,2023-12-05,9812
2885,元大金,106,32,74,元大-台中,2023-12-05,9812
2601,益航,117,45,72,元大-台中,2023-12-05,9812
1605,華新,62,1,61,元大-台中,2023-12-05,9812
00878,國泰永續高股息,60,4,56,元大-台中,2023-12-05,9812
2637,慧洋-KY,71,24,47,元大-台中,2023-12-05,9812
00929,復華台灣科技優息,45,3,42,元大-台中,2023-12-05,9812
2465,麗臺,42,4,38,元大-台中,2023-12-05,9812
2323,中環,35,0,35,元大-台中,2023-12-05,9812
2867,三商壽,30,0,30,元大-台中,2023-12-05,9812
2891,中信金,28,1,27,元大-台中,2023-12-05,9812
1781,合世,26,0,26,元大-台中,2023-12-05,9812
9945,潤泰新,31,5,26,元大-台中,2023-12-05,9812
2607,榮運,31,6,25,元大-台中,2023-12-05,9812
3231,緯創,43,18,25,元大-台中,2023-12-05,9812
2618,長榮航,31,8,23,元大-台中,2023-12-05,9812
1474,弘裕,23,0,23,元大-台中,2023-12-05,9812
4532,瑞智,23,0,23,元大-台中,2023-12-05,9812
00935,野村臺灣新科技50,23,1,22,元大-台中,2023-12-05,9812
00902,中信電池及儲能,22,0,22,元大-台中,2023-12-05,9812
3710,連展投控,22,0,22,元大-台中,2023-12-05,9812
5608,四維航,195,174,21,元大-台中,2023-12-05,9812
3706,神達,23,3,20,元大-台中,2023-12-05,9812
00918,大華優利高填息30,20,0,20,元大-台中,2023-12-05,9812
00679B,元大美債20年,40,21,19,元大-台中,2023-12-05,9812
6499,益安,27,8,19,元大-台中,2023-12-05,9812
1720,生達,19,1,18,元大-台中,2023-12-05,9812
3050,鈺德,36,18,18,元大-台中,2023-12-05,9812
3055,蔚華科,17,0,17,元大-台中,2023-12-05,9812
5347,世界,19,3,16,元大-台中,2023-12-05,9812
1582,信錦,21,5,16,元大-台中,2023-12-05,9812
00882,中信中國高股息,16,1,15,元大-台中,2023-12-05,9812
00713,元大台灣高息低波,15,0,15,元大-台中,2023-12-05,9812
2376,技嘉,15,0,15,元大-台中,2023-12-05,9812
3715,定穎投控,27,13,14,元大-台中,2023-12-05,9812
2204,中華,15,1,14,元大-台中,2023-12-05,9812
1513,中興電,69,56,13,元大-台中,2023-12-05,9812
2371,大同,19,7,12,元大-台中,2023-12-05,9812
8936,國統,19,7,12,元大-台中,2023-12-05,9812
00904,新光臺灣半導體30,12,0,12,元大-台中,2023-12-05,9812
00650L,復華香港正2,12,0,12,元大-台中,2023-12-05,9812
2457,飛宏,17,5,12,元大-台中,2023-12-05,9812
2344,華邦電,11,0,11,元大-台中,2023-12-05,9812
4967,十銓,33,22,11,元大-台中,2023-12-05,9812
2887,台新金,11,0,11,元大-台中,2023-12-05,9812
1504,東元,771,11,760,元大-台中,2023-12-06,9812
2606,裕民,621,13,608,元大-台中,2023-12-06,9812
6243,迅杰,158,20,138,元大-台中,2023-12-06,9812
00937B,群益ESG投等債20,131,7,124,元大-台中,2023-12-06,9812
2834,臺企銀,120,1,119,元大-台中,2023-12-06,9812
00688L,國泰20年美債正2,118,3,115,元大-台中,2023-12-06,9812
8096,擎亞,105,0,105,元大-台中,2023-12-06,9812
3450,聯鈞,110,13,97,元大-台中,2023-12-06,9812
5386,青雲,210,121,89,元大-台中,2023-12-06,9812
00637L,元大滬深300正2,81,20,61,元大-台中,2023-12-06,9812
4904,遠傳,61,0,61,元大-台中,2023-12-06,9812
2885,元大金,61,3,58,元大-台中,2023-12-06,9812
00720B,元大投資級公司債,67,21,46,元大-台中,2023-12-06,9812
00687B,國泰20年美債,60,15,45,元大-台中,2023-12-06,9812
3715,定穎投控,60,16,44,元大-台中,2023-12-06,9812
00632R,元大台灣50反1,42,0,42,元大-台中,2023-12-06,9812
6282,康舒,53,15,38,元大-台中,2023-12-06,9812
00931B,統一美債20年,37,0,37,元大-台中,2023-12-06,9812
3045,台灣大,34,0,34,元大-台中,2023-12-06,9812
00751B,元大AAA至A公司債,30,0,30,元大-台中,2023-12-06,9812
00679B,元大美債20年,50,20,30,元大-台中,2023-12-06,9812
3228,金麗科,29,2,27,元大-台中,2023-12-06,9812
2354,鴻準,27,0,27,元大-台中,2023-12-06,9812
00929,復華台灣科技優息,33,8,25,元大-台中,2023-12-06,9812
2367,燿華,36,11,25,元大-台中,2023-12-06,9812
2303,聯電,23,1,22,元大-台中,2023-12-06,9812
2103,台橡,22,0,22,元大-台中,2023-12-06,9812
1519,華城,52,31,21,元大-台中,2023-12-06,9812
1605,華新,21,0,21,元大-台中,2023-12-06,9812
00722B,群益投資級電信債,18,0,18,元大-台中,2023-12-06,9812
3710,連展投控,18,0,18,元大-台中,2023-12-06,9812
2108,南帝,18,0,18,元大-台中,2023-12-06,9812
8110,華東,18,0,18,元大-台中,2023-12-06,9812
2355,敬鵬,54,37,17,元大-台中,2023-12-06,9812
00715L,期街口布蘭特正2,20,3,17,元大-台中,2023-12-06,9812
00642U,期元大S＆P石油,17,0,17,元大-台中,2023-12-06,9812
3706,神達,26,10,16,元大-台中,2023-12-06,9812
3019,亞光,15,0,15,元大-台中,2023-12-06,9812
2009,第一銅,15,0,15,元大-台中,2023-12-06,9812
2867,三商壽,30,16,14,元大-台中,2023-12-06,9812
4167,松瑞藥,19,5,14,元大-台中,2023-12-06,9812
1522,堤維西,31,17,14,元大-台中,2023-12-06,9812
4526,東台,13,0,13,元大-台中,2023-12-06,9812
3481,群創,18,6,12,元大-台中,2023-12-06,9812
2331,精英,12,0,12,元大-台中,2023-12-06,9812
5864,致和證,12,0,12,元大-台中,2023-12-06,9812
00933B,國泰10Y+金融債,12,0,12,元大-台中,2023-12-06,9812
3702,大聯大,12,1,11,元大-台中,2023-12-06,9812
4912,聯德控股-KY,11,0,11,元大-台中,2023-12-06,9812
3017,奇鋐,17,6,11,元大-台中,2023-12-06,9812
00680L,元大美債20正2,1331,147,1184,元大-台中,2023-12-07,9812
1504,東元,635,26,609,元大-台中,2023-12-07,9812
2606,裕民,226,29,197,元大-台中,2023-12-07,9812
00937B,群益ESG投等債20,174,8,166,元大-台中,2023-12-07,9812
00919,群益台灣精選高息,160,0,160,元大-台中,2023-12-07,9812
00687B,國泰20年美債,123,4,119,元大-台中,2023-12-07,9812
00632R,元大台灣50反1,90,0,90,元大-台中,2023-12-07,9812
3229,晟鈦,80,0,80,元大-台中,2023-12-07,9812
2371,大同,153,79,74,元大-台中,2023-12-07,9812
2884,玉山金,67,0,67,元大-台中,2023-12-07,9812
00715L,期街口布蘭特正2,64,0,64,元大-台中,2023-12-07,9812
00751B,元大AAA至A公司債,46,3,43,元大-台中,2023-12-07,9812
4906,正文,42,0,42,元大-台中,2023-12-07,9812
8473,山林水,42,0,42,元大-台中,2023-12-07,9812
00679B,元大美債20年,182,144,38,元大-台中,2023-12-07,9812
00931B,統一美債20年,39,2,37,元大-台中,2023-12-07,9812
6282,康舒,44,7,37,元大-台中,2023-12-07,9812
00712,復華富時不動產,32,0,32,元大-台中,2023-12-07,9812
2344,華邦電,36,4,32,元大-台中,2023-12-07,9812
2349,錸德,30,0,30,元大-台中,2023-12-07,9812
2465,麗臺,30,3,27,元大-台中,2023-12-07,9812
00907,永豐優息存股,27,0,27,元大-台中,2023-12-07,9812
3706,神達,31,6,25,元大-台中,2023-12-07,9812
5521,工信,26,1,25,元大-台中,2023-12-07,9812
1810,和成,25,0,25,元大-台中,2023-12-07,9812
6770,力積電,23,0,23,元大-台中,2023-12-07,9812
2425,承啟,27,4,23,元大-台中,2023-12-07,9812
6233,旺玖,26,3,23,元大-台中,2023-12-07,9812
2303,聯電,34,13,21,元大-台中,2023-12-07,9812
00720B,元大投資級公司債,29,8,21,元大-台中,2023-12-07,9812
8112,至上,25,4,21,元大-台中,2023-12-07,9812
00882,中信中國高股息,21,1,20,元大-台中,2023-12-07,9812
00688L,國泰20年美債正2,20,0,20,元大-台中,2023-12-07,9812
2489,瑞軒,20,0,20,元大-台中,2023-12-07,9812
00857B,永豐20年美公債,20,0,20,元大-台中,2023-12-07,9812
6139,亞翔,29,9,20,元大-台中,2023-12-07,9812
3390,旭軟,23,5,18,元大-台中,2023-12-07,9812
2374,佳能,23,5,18,元大-台中,2023-12-07,9812
2323,中環,25,7,18,元大-台中,2023-12-07,9812
6462,神盾,72,54,18,元大-台中,2023-12-07,9812
1449,佳和,17,0,17,元大-台中,2023-12-07,9812
2314,台揚,22,5,17,元大-台中,2023-12-07,9812
00885,富邦越南,16,0,16,元大-台中,2023-12-07,9812
1319,東陽,26,11,15,元大-台中,2023-12-07,9812
00642U,期元大S＆P石油,17,2,15,元大-台中,2023-12-07,9812
00918,大華優利高填息30,17,2,15,元大-台中,2023-12-07,9812
6237,驊訊,20,6,14,元大-台中,2023-12-07,9812
00933B,國泰10Y+金融債,13,0,13,元大-台中,2023-12-07,9812
6593,台灣銘板,20,7,13,元大-台中,2023-12-07,9812
6129,普誠,13,0,13,元大-台中,2023-12-07,9812
8112,至上,771,121,650,元大-台中,2023-12-08,9812
2882,國泰金,299,70,229,元大-台中,2023-12-08,9812
2888,新光金,204,14,190,元大-台中,2023-12-08,9812
00680L,元大美債20正2,186,1,185,元大-台中,2023-12-08,9812
00919,群益台灣精選高息,216,46,170,元大-台中,2023-12-08,9812
4744,皇將,165,14,151,元大-台中,2023-12-08,9812
00706L,期元大S＆P日圓正2,135,0,135,元大-台中,2023-12-08,9812
2618,長榮航,213,91,122,元大-台中,2023-12-08,9812
1522,堤維西,121,26,95,元大-台中,2023-12-08,9812
2303,聯電,103,9,94,元大-台中,2023-12-08,9812
1504,東元,81,2,79,元大-台中,2023-12-08,9812
00687B,國泰20年美債,80,2,78,元大-台中,2023-12-08,9812
3231,緯創,194,124,70,元大-台中,2023-12-08,9812
6282,康舒,58,3,55,元大-台中,2023-12-08,9812
2610,華航,58,7,51,元大-台中,2023-12-08,9812
6222,上揚,50,0,50,元大-台中,2023-12-08,9812
5864,致和證,49,0,49,元大-台中,2023-12-08,9812
2313,華通,33,1,32,元大-台中,2023-12-08,9812
00679B,元大美債20年,49,19,30,元大-台中,2023-12-08,9812
5478,智冠,30,0,30,元大-台中,2023-12-08,9812
3481,群創,32,2,30,元大-台中,2023-12-08,9812
3706,神達,34,6,28,元大-台中,2023-12-08,9812
2329,華泰,39,12,27,元大-台中,2023-12-08,9812
2388,威盛,102,76,26,元大-台中,2023-12-08,9812
00764B,群益25年美債,24,0,24,元大-台中,2023-12-08,9812
3059,華晶科,25,1,24,元大-台中,2023-12-08,9812
00642U,期元大S＆P石油,25,1,24,元大-台中,2023-12-08,9812
2605,新興,105,82,23,元大-台中,2023-12-08,9812
2641,正德,32,10,22,元大-台中,2023-12-08,9812
00632R,元大台灣50反1,21,0,21,元大-台中,2023-12-08,9812
1568,倉佑,20,0,20,元大-台中,2023-12-08,9812
00882,中信中國高股息,19,0,19,元大-台中,2023-12-08,9812
00937B,群益ESG投等債20,46,28,18,元大-台中,2023-12-08,9812
1609,大亞,25,8,17,元大-台中,2023-12-08,9812
2356,英業達,31,14,17,元大-台中,2023-12-08,9812
2867,三商壽,17,1,16,元大-台中,2023-12-08,9812
1815,富喬,16,0,16,元大-台中,2023-12-08,9812
00700,富邦�琤肭磪�,15,0,15,元大-台中,2023-12-08,9812
1312,國喬,13,0,13,元大-台中,2023-12-08,9812
5302,太欣,13,0,13,元大-台中,2023-12-08,9812
1612,宏泰,14,1,13,元大-台中,2023-12-08,9812
4561,健椿,16,3,13,元大-台中,2023-12-08,9812
5880,合庫金,13,1,12,元大-台中,2023-12-08,9812
2617,台航,12,0,12,元大-台中,2023-12-08,9812
00720B,元大投資級公司債,55,44,11,元大-台中,2023-12-08,9812
8034,榮群,12,1,11,元大-台中,2023-12-08,9812
6160,欣技,11,0,11,元大-台中,2023-12-08,9812
1616,億泰,11,0,11,元大-台中,2023-12-08,9812
3078,僑威,44,34,10,元大-台中,2023-12-08,9812
6185,幃翔,10,0,10,元大-台中,2023-12-08,9812
6139,亞翔,401,275,126,元大-台中,2023-12-11,9812
1314,中石化,103,3,100,元大-台中,2023-12-11,9812
00637L,元大滬深300正2,96,16,80,元大-台中,2023-12-11,9812
1524,耿鼎,239,165,74,元大-台中,2023-12-11,9812
00937B,群益ESG投等債20,71,3,68,元大-台中,2023-12-11,9812
9105,泰金寶-DR,64,0,64,元大-台中,2023-12-11,9812
2618,長榮航,76,13,63,元大-台中,2023-12-11,9812
2323,中環,60,1,59,元大-台中,2023-12-11,9812
00919,群益台灣精選高息,127,75,52,元大-台中,2023-12-11,9812
00918,大華優利高填息30,56,5,51,元大-台中,2023-12-11,9812
00688L,國泰20年美債正2,51,0,51,元大-台中,2023-12-11,9812
00642U,期元大S＆P石油,52,5,47,元大-台中,2023-12-11,9812
2002,中鋼,41,0,41,元大-台中,2023-12-11,9812
2204,中華,58,19,39,元大-台中,2023-12-11,9812
00680L,元大美債20正2,37,0,37,元大-台中,2023-12-11,9812
2609,陽明,47,13,34,元大-台中,2023-12-11,9812
2330,台積電,35,1,34,元大-台中,2023-12-11,9812
00687B,國泰20年美債,30,2,28,元大-台中,2023-12-11,9812
6462,神盾,35,9,26,元大-台中,2023-12-11,9812
3694,海華,35,9,26,元大-台中,2023-12-11,9812
00679B,元大美債20年,27,2,25,元大-台中,2023-12-11,9812
2892,第一金,24,0,24,元大-台中,2023-12-11,9812
00929,復華台灣科技優息,31,8,23,元大-台中,2023-12-11,9812
1312,國喬,31,9,22,元大-台中,2023-12-11,9812
2388,威盛,110,93,17,元大-台中,2023-12-11,9812
3706,神達,19,2,17,元大-台中,2023-12-11,9812
2641,正德,19,2,17,元大-台中,2023-12-11,9812
00900,富邦特選高股息30,17,0,17,元大-台中,2023-12-11,9812
3231,緯創,155,139,16,元大-台中,2023-12-11,9812
4526,東台,17,1,16,元大-台中,2023-12-11,9812
2402,毅嘉,34,18,16,元大-台中,2023-12-11,9812
5521,工信,40,25,15,元大-台中,2023-12-11,9812
1616,億泰,15,0,15,元大-台中,2023-12-11,9812
2365,昆盈,74,59,15,元大-台中,2023-12-11,9812
3268,海德威,21,6,15,元大-台中,2023-12-11,9812
00882,中信中國高股息,28,14,14,元大-台中,2023-12-11,9812
9919,康那香,14,0,14,元大-台中,2023-12-11,9812
2888,新光金,99,85,14,元大-台中,2023-12-11,9812
2392,正崴,18,5,13,元大-台中,2023-12-11,9812
3078,僑威,19,7,12,元大-台中,2023-12-11,9812
1324,地球,13,1,12,元大-台中,2023-12-11,9812
0056,元大高股息,21,9,12,元大-台中,2023-12-11,9812
2610,華航,12,1,11,元大-台中,2023-12-11,9812
2884,玉山金,11,0,11,元大-台中,2023-12-11,9812
1504,東元,15,4,11,元大-台中,2023-12-11,9812
1905,華紙,14,3,11,元大-台中,2023-12-11,9812
00720B,元大投資級公司債,11,0,11,元大-台中,2023-12-11,9812
3022,威強電,13,3,10,元大-台中,2023-12-11,9812
3041,揚智,14,4,10,元大-台中,2023-12-11,9812
2606,裕民,14,4,10,元大-台中,2023-12-11,9812
6182,合晶,339,10,329,元大-台中,2023-12-12,9812
4976,佳凌,203,1,202,元大-台中,2023-12-12,9812
6139,亞翔,241,133,108,元大-台中,2023-12-12,9812
00929,復華台灣科技優息,130,24,106,元大-台中,2023-12-12,9812
1524,耿鼎,146,49,97,元大-台中,2023-12-12,9812
2834,臺企銀,100,3,97,元大-台中,2023-12-12,9812
00919,群益台灣精選高息,116,25,91,元大-台中,2023-12-12,9812
2888,新光金,94,9,85,元大-台中,2023-12-12,9812
6187,萬潤,85,6,79,元大-台中,2023-12-12,9812
00632R,元大台灣50反1,115,40,75,元大-台中,2023-12-12,9812
00935,野村臺灣新科技50,78,7,71,元大-台中,2023-12-12,9812
2303,聯電,107,53,54,元大-台中,2023-12-12,9812
00688L,國泰20年美債正2,53,0,53,元大-台中,2023-12-12,9812
2349,錸德,50,0,50,元大-台中,2023-12-12,9812
2353,宏��,61,15,46,元大-台中,2023-12-12,9812
2615,萬海,50,5,45,元大-台中,2023-12-12,9812
2365,昆盈,55,12,43,元大-台中,2023-12-12,9812
6005,群益證,40,0,40,元大-台中,2023-12-12,9812
1591,駿吉-KY,37,3,34,元大-台中,2023-12-12,9812
00878,國泰永續高股息,45,12,33,元大-台中,2023-12-12,9812
3694,海華,63,35,28,元大-台中,2023-12-12,9812
2882,國泰金,29,1,28,元大-台中,2023-12-12,9812
00687B,國泰20年美債,26,0,26,元大-台中,2023-12-12,9812
00933B,國泰10Y+金融債,26,0,26,元大-台中,2023-12-12,9812
00679B,元大美債20年,45,20,25,元大-台中,2023-12-12,9812
2313,華通,91,67,24,元大-台中,2023-12-12,9812
2618,長榮航,71,48,23,元大-台中,2023-12-12,9812
6457,紘康,24,1,23,元大-台中,2023-12-12,9812
2323,中環,42,20,22,元大-台中,2023-12-12,9812
6117,迎廣,22,2,20,元大-台中,2023-12-12,9812
2610,華航,34,15,19,元大-台中,2023-12-12,9812
5011,久陽,26,7,19,元大-台中,2023-12-12,9812
2250,IKKA-KY,19,0,19,元大-台中,2023-12-12,9812
1612,宏泰,73,55,18,元大-台中,2023-12-12,9812
00720B,元大投資級公司債,23,5,18,元大-台中,2023-12-12,9812
2029,盛餘,19,1,18,元大-台中,2023-12-12,9812
2344,華邦電,20,2,18,元大-台中,2023-12-12,9812
6237,驊訊,21,4,17,元大-台中,2023-12-12,9812
3078,僑威,21,5,16,元大-台中,2023-12-12,9812
6125,廣運,17,1,16,元大-台中,2023-12-12,9812
2867,三商壽,15,0,15,元大-台中,2023-12-12,9812
6443,元晶,14,0,14,元大-台中,2023-12-12,9812
2409,友達,17,4,13,元大-台中,2023-12-12,9812
2376,技嘉,15,3,12,元大-台中,2023-12-12,9812
00918,大華優利高填息30,20,8,12,元大-台中,2023-12-12,9812
00934,中信成長高股息,13,1,12,元大-台中,2023-12-12,9812
1513,中興電,17,5,12,元大-台中,2023-12-12,9812
4908,前鼎,12,1,11,元大-台中,2023-12-12,9812
6120,達運,11,0,11,元大-台中,2023-12-12,9812
2890,永豐金,13,2,11,元大-台中,2023-12-12,9812
5521,工信,3060,59,3001,元大-台中,2023-12-13,9812
00680L,元大美債20正2,219,0,219,元大-台中,2023-12-13,9812
8933,愛地雅,200,0,200,元大-台中,2023-12-13,9812
00632R,元大台灣50反1,118,0,118,元大-台中,2023-12-13,9812
3019,亞光,154,37,117,元大-台中,2023-12-13,9812
00919,群益台灣精選高息,147,34,113,元大-台中,2023-12-13,9812
00902,中信電池及儲能,62,0,62,元大-台中,2023-12-13,9812
1618,合機,65,7,58,元大-台中,2023-12-13,9812
2317,鴻海,51,4,47,元大-台中,2023-12-13,9812
00642U,期元大S＆P石油,44,2,42,元大-台中,2023-12-13,9812
00918,大華優利高填息30,42,2,40,元大-台中,2023-12-13,9812
2883,凱基金,50,10,40,元大-台中,2023-12-13,9812
00715L,期街口布蘭特正2,39,0,39,元大-台中,2023-12-13,9812
2882,國泰金,40,1,39,元大-台中,2023-12-13,9812
2103,台橡,42,4,38,元大-台中,2023-12-13,9812
5607,遠雄港,34,0,34,元大-台中,2023-12-13,9812
3576,聯合再生,45,12,33,元大-台中,2023-12-13,9812
2610,華航,42,9,33,元大-台中,2023-12-13,9812
8426,紅木-KY,33,3,30,元大-台中,2023-12-13,9812
00687B,國泰20年美債,39,10,29,元大-台中,2023-12-13,9812
3006,晶豪科,30,1,29,元大-台中,2023-12-13,9812
6282,康舒,32,8,24,元大-台中,2023-12-13,9812
2038,海光,22,0,22,元大-台中,2023-12-13,9812
2496,卓越,22,0,22,元大-台中,2023-12-13,9812
2419,仲琦,46,24,22,元大-台中,2023-12-13,9812
2002,中鋼,21,0,21,元大-台中,2023-12-13,9812
3078,僑威,22,2,20,元大-台中,2023-12-13,9812
6111,大宇資,21,2,19,元大-台中,2023-12-13,9812
1609,大亞,19,3,16,元大-台中,2023-12-13,9812
00882,中信中國高股息,16,0,16,元大-台中,2023-12-13,9812
00679B,元大美債20年,17,1,16,元大-台中,2023-12-13,9812
00720B,元大投資級公司債,15,0,15,元大-台中,2023-12-13,9812
2371,大同,22,8,14,元大-台中,2023-12-13,9812
4951,精拓科,14,0,14,元大-台中,2023-12-13,9812
2485,兆赫,14,0,14,元大-台中,2023-12-13,9812
2303,聯電,33,20,13,元大-台中,2023-12-13,9812
2392,正崴,23,10,13,元大-台中,2023-12-13,9812
1605,華新,15,2,13,元大-台中,2023-12-13,9812
1584,精剛,27,15,12,元大-台中,2023-12-13,9812
3047,訊舟,16,4,12,元大-台中,2023-12-13,9812
6209,今國光,12,0,12,元大-台中,2023-12-13,9812
00934,中信成長高股息,12,0,12,元大-台中,2023-12-13,9812
8011,台通,22,11,11,元大-台中,2023-12-13,9812
3013,晟銘電,12,1,11,元大-台中,2023-12-13,9812
3036,文曄,11,0,11,元大-台中,2023-12-13,9812
00751B,元大AAA至A公司債,12,1,11,元大-台中,2023-12-13,9812
2425,承啟,483,472,11,元大-台中,2023-12-13,9812
00933B,國泰10Y+金融債,10,0,10,元大-台中,2023-12-13,9812
1616,億泰,10,0,10,元大-台中,2023-12-13,9812
3380,明泰,11,1,10,元大-台中,2023-12-13,9812
2356,英業達,1101,8,1093,元大-台中,2023-12-14,9812
00665L,富邦�琤肭磪囓�2,670,0,670,元大-台中,2023-12-14,9812
2603,長榮,247,2,245,元大-台中,2023-12-14,9812
2888,新光金,222,57,165,元大-台中,2023-12-14,9812
00637L,元大滬深300正2,127,0,127,元大-台中,2023-12-14,9812
00919,群益台灣精選高息,166,51,115,元大-台中,2023-12-14,9812
3576,聯合再生,71,0,71,元大-台中,2023-12-14,9812
00933B,國泰10Y+金融債,66,4,62,元大-台中,2023-12-14,9812
00715L,期街口布蘭特正2,62,2,60,元大-台中,2023-12-14,9812
5236,凌陽創新,62,2,60,元大-台中,2023-12-14,9812
00687B,國泰20年美債,70,11,59,元大-台中,2023-12-14,9812
00751B,元大AAA至A公司債,72,17,55,元大-台中,2023-12-14,9812
00936,台新永續高息中小,56,2,54,元大-台中,2023-12-14,9812
8936,國統,56,4,52,元大-台中,2023-12-14,9812
1313,聯成,60,9,51,元大-台中,2023-12-14,9812
00679B,元大美債20年,70,23,47,元大-台中,2023-12-14,9812
2363,矽統,2398,2353,45,元大-台中,2023-12-14,9812
00929,復華台灣科技優息,198,157,41,元大-台中,2023-12-14,9812
1504,東元,40,0,40,元大-台中,2023-12-14,9812
00937B,群益ESG投等債20,38,2,36,元大-台中,2023-12-14,9812
2419,仲琦,64,30,34,元大-台中,2023-12-14,9812
00931B,統一美債20年,31,0,31,元大-台中,2023-12-14,9812
3171,炎洲流通,30,0,30,元大-台中,2023-12-14,9812
2615,萬海,34,4,30,元大-台中,2023-12-14,9812
2449,京元電子,92,63,29,元大-台中,2023-12-14,9812
00918,大華優利高填息30,31,3,28,元大-台中,2023-12-14,9812
3390,旭軟,48,22,26,元大-台中,2023-12-14,9812
2303,聯電,58,32,26,元大-台中,2023-12-14,9812
2312,金寶,24,0,24,元大-台中,2023-12-14,9812
2498,宏達電,37,14,23,元大-台中,2023-12-14,9812
6457,紘康,22,0,22,元大-台中,2023-12-14,9812
9955,佳龍,22,0,22,元大-台中,2023-12-14,9812
00934,中信成長高股息,22,1,21,元大-台中,2023-12-14,9812
1605,華新,23,2,21,元大-台中,2023-12-14,9812
2323,中環,21,1,20,元大-台中,2023-12-14,9812
3265,台星科,32,12,20,元大-台中,2023-12-14,9812
2618,長榮航,26,6,20,元大-台中,2023-12-14,9812
3287,廣寰科,32,12,20,元大-台中,2023-12-14,9812
006208,富邦台50,19,1,18,元大-台中,2023-12-14,9812
1312,國喬,20,2,18,元大-台中,2023-12-14,9812
3025,星通,33,16,17,元大-台中,2023-12-14,9812
2610,華航,21,5,16,元大-台中,2023-12-14,9812
00720B,元大投資級公司債,28,13,15,元大-台中,2023-12-14,9812
1618,合機,19,4,15,元大-台中,2023-12-14,9812
2365,昆盈,32,17,15,元大-台中,2023-12-14,9812
5515,建國,33,18,15,元大-台中,2023-12-14,9812
4167,松瑞藥,17,3,14,元大-台中,2023-12-14,9812
6668,中揚光,18,4,14,元大-台中,2023-12-14,9812
6213,聯茂,14,0,14,元大-台中,2023-12-14,9812
00692,富邦公司治理,14,0,14,元大-台中,2023-12-14,9812
2031,新光鋼,1060,24,1036,元大-台中,2023-12-15,9812
2615,萬海,636,21,615,元大-台中,2023-12-15,9812
2363,矽統,513,202,311,元大-台中,2023-12-15,9812
00751B,元大AAA至A公司債,265,2,263,元大-台中,2023-12-15,9812
00919,群益台灣精選高息,293,34,259,元大-台中,2023-12-15,9812
00688L,國泰20年美債正2,245,1,244,元大-台中,2023-12-15,9812
00715L,期街口布蘭特正2,170,13,157,元大-台中,2023-12-15,9812
3211,順達,101,20,81,元大-台中,2023-12-15,9812
00929,復華台灣科技優息,197,120,77,元大-台中,2023-12-15,9812
1504,東元,86,23,63,元大-台中,2023-12-15,9812
00918,大華優利高填息30,59,0,59,元大-台中,2023-12-15,9812
00637L,元大滬深300正2,115,61,54,元大-台中,2023-12-15,9812
9962,有益,54,3,51,元大-台中,2023-12-15,9812
2887,台新金,42,1,41,元大-台中,2023-12-15,9812
00632R,元大台灣50反1,39,1,38,元大-台中,2023-12-15,9812
1584,精剛,68,32,36,元大-台中,2023-12-15,9812
0056,元大高股息,45,10,35,元大-台中,2023-12-15,9812
00720B,元大投資級公司債,44,9,35,元大-台中,2023-12-15,9812
2888,新光金,52,19,33,元大-台中,2023-12-15,9812
00933B,國泰10Y+金融債,34,3,31,元大-台中,2023-12-15,9812
1464,得力,31,0,31,元大-台中,2023-12-15,9812
00931B,統一美債20年,29,0,29,元大-台中,2023-12-15,9812
6275,元山,33,5,28,元大-台中,2023-12-15,9812
2337,旺宏,45,17,28,元大-台中,2023-12-15,9812
2030,彰源,32,5,27,元大-台中,2023-12-15,9812
6182,合晶,30,5,25,元大-台中,2023-12-15,9812
3231,緯創,28,5,23,元大-台中,2023-12-15,9812
00679B,元大美債20年,52,30,22,元大-台中,2023-12-15,9812
00934,中信成長高股息,35,13,22,元大-台中,2023-12-15,9812
2009,第一銅,31,12,19,元大-台中,2023-12-15,9812
00915,凱基優選高股息30,28,10,18,元大-台中,2023-12-15,9812
5388,中磊,18,0,18,元大-台中,2023-12-15,9812
2025,千興,17,0,17,元大-台中,2023-12-15,9812
2331,精英,19,2,17,元大-台中,2023-12-15,9812
00687B,國泰20年美債,24,8,16,元大-台中,2023-12-15,9812
5443,均豪,15,0,15,元大-台中,2023-12-15,9812
3094,聯傑,18,3,15,元大-台中,2023-12-15,9812
2915,潤泰全,15,0,15,元大-台中,2023-12-15,9812
2476,鉅祥,17,3,14,元大-台中,2023-12-15,9812
6257,矽格,29,16,13,元大-台中,2023-12-15,9812
6127,九豪,13,1,12,元大-台中,2023-12-15,9812
3078,僑威,15,3,12,元大-台中,2023-12-15,9812
9958,世紀鋼,13,1,12,元大-台中,2023-12-15,9812
3481,群創,13,1,12,元大-台中,2023-12-15,9812
00665L,富邦�琤肭磪囓�2,11,0,11,元大-台中,2023-12-15,9812
00706L,期元大S＆P日圓正2,11,0,11,元大-台中,2023-12-15,9812
4977,眾達-KY,10,0,10,元大-台中,2023-12-15,9812
00669R,國泰美國道瓊反1,10,0,10,元大-台中,2023-12-15,9812
2355,敬鵬,11,1,10,元大-台中,2023-12-15,9812
00675L,富邦臺灣加權正2,10,0,10,元大-台中,2023-12-15,9812
00688L,國泰20年美債正2,617,1,616,元大-台中,2023-12-18,9812
00919,群益台灣精選高息,281,14,267,元大-台中,2023-12-18,9812
00679B,元大美債20年,259,26,233,元大-台中,2023-12-18,9812
1808,潤隆,217,26,191,元大-台中,2023-12-18,9812
00680L,元大美債20正2,408,231,177,元大-台中,2023-12-18,9812
5351,鈺創,126,22,104,元大-台中,2023-12-18,9812
3481,群創,93,10,83,元大-台中,2023-12-18,9812
6168,宏齊,77,7,70,元大-台中,2023-12-18,9812
00687B,國泰20年美債,71,4,67,元大-台中,2023-12-18,9812
2610,華航,52,0,52,元大-台中,2023-12-18,9812
5521,工信,59,8,51,元大-台中,2023-12-18,9812
2363,矽統,59,9,50,元大-台中,2023-12-18,9812
4167,松瑞藥,56,7,49,元大-台中,2023-12-18,9812
2022,聚亨,72,24,48,元大-台中,2023-12-18,9812
00937B,群益ESG投等債20,210,163,47,元大-台中,2023-12-18,9812
2618,長榮航,96,53,43,元大-台中,2023-12-18,9812
00933B,國泰10Y+金融債,43,0,43,元大-台中,2023-12-18,9812
3051,力特,43,3,40,元大-台中,2023-12-18,9812
2002,中鋼,45,11,34,元大-台中,2023-12-18,9812
00929,復華台灣科技優息,110,76,34,元大-台中,2023-12-18,9812
2014,中鴻,135,102,33,元大-台中,2023-12-18,9812
8085,福華,531,501,30,元大-台中,2023-12-18,9812
00632R,元大台灣50反1,30,0,30,元大-台中,2023-12-18,9812
00882,中信中國高股息,29,0,29,元大-台中,2023-12-18,9812
00936,台新永續高息中小,28,0,28,元大-台中,2023-12-18,9812
6120,達運,25,0,25,元大-台中,2023-12-18,9812
00918,大華優利高填息30,21,0,21,元大-台中,2023-12-18,9812
00915,凱基優選高股息30,18,1,17,元大-台中,2023-12-18,9812
5215,科嘉-KY,16,0,16,元大-台中,2023-12-18,9812
2617,台航,17,2,15,元大-台中,2023-12-18,9812
2637,慧洋-KY,16,1,15,元大-台中,2023-12-18,9812
6443,元晶,29,15,14,元大-台中,2023-12-18,9812
2609,陽明,1128,1115,13,元大-台中,2023-12-18,9812
2376,技嘉,18,6,12,元大-台中,2023-12-18,9812
6282,康舒,13,1,12,元大-台中,2023-12-18,9812
5210,寶碩,12,0,12,元大-台中,2023-12-18,9812
2722,夏都,12,0,12,元大-台中,2023-12-18,9812
6275,元山,27,15,12,元大-台中,2023-12-18,9812
00715L,期街口布蘭特正2,13,1,12,元大-台中,2023-12-18,9812
2812,台中銀,12,0,12,元大-台中,2023-12-18,9812
2887,台新金,11,1,10,元大-台中,2023-12-18,9812
00931B,統一美債20年,10,0,10,元大-台中,2023-12-18,9812
1608,華榮,23,13,10,元大-台中,2023-12-18,9812
1319,東陽,40,30,10,元大-台中,2023-12-18,9812
2332,友訊,10,0,10,元大-台中,2023-12-18,9812
3708,上緯投控,10,0,10,元大-台中,2023-12-18,9812
1108,幸福,10,0,10,元大-台中,2023-12-18,9812
3308,聯德,10,0,10,元大-台中,2023-12-18,9812
2233,宇隆,10,0,10,元大-台中,2023-12-18,9812
2356,英業達,69,59,10,元大-台中,2023-12-18,9812
2516,新建,400,6,394,元大-台中,2023-12-19,9812
1905,華紙,208,4,204,元大-台中,2023-12-19,9812
2884,玉山金,211,7,204,元大-台中,2023-12-19,9812
00919,群益台灣精選高息,132,43,89,元大-台中,2023-12-19,9812
2615,萬海,108,28,80,元大-台中,2023-12-19,9812
00687B,國泰20年美債,62,2,60,元大-台中,2023-12-19,9812
3576,聯合再生,53,0,53,元大-台中,2023-12-19,9812
00933B,國泰10Y+金融債,61,9,52,元大-台中,2023-12-19,9812
2356,英業達,123,83,40,元大-台中,2023-12-19,9812
2618,長榮航,64,27,37,元大-台中,2023-12-19,9812
2722,夏都,39,4,35,元大-台中,2023-12-19,9812
2007,燁興,98,65,33,元大-台中,2023-12-19,9812
2883,凱基金,43,11,32,元大-台中,2023-12-19,9812
2401,凌陽,32,0,32,元大-台中,2023-12-19,9812
00934,中信成長高股息,26,0,26,元大-台中,2023-12-19,9812
2634,漢翔,26,0,26,元大-台中,2023-12-19,9812
1466,聚隆,25,0,25,元大-台中,2023-12-19,9812
2905,三商,20,0,20,元大-台中,2023-12-19,9812
3231,緯創,41,22,19,元大-台中,2023-12-19,9812
2409,友達,20,2,18,元大-台中,2023-12-19,9812
2812,台中銀,18,0,18,元大-台中,2023-12-19,9812
00720B,元大投資級公司債,20,2,18,元大-台中,2023-12-19,9812
00637L,元大滬深300正2,48,30,18,元大-台中,2023-12-19,9812
2204,中華,18,0,18,元大-台中,2023-12-19,9812
1527,鑽全,15,0,15,元大-台中,2023-12-19,9812
2349,錸德,15,0,15,元大-台中,2023-12-19,9812
2303,聯電,20,6,14,元大-台中,2023-12-19,9812
8054,安國,22,10,12,元大-台中,2023-12-19,9812
00918,大華優利高填息30,16,4,12,元大-台中,2023-12-19,9812
6182,合晶,15,3,12,元大-台中,2023-12-19,9812
2801,彰銀,12,0,12,元大-台中,2023-12-19,9812
4142,國光生,12,0,12,元大-台中,2023-12-19,9812
4167,松瑞藥,67,55,12,元大-台中,2023-12-19,9812
00921,兆豐龍頭等權重,11,0,11,元大-台中,2023-12-19,9812
00713,元大台灣高息低波,11,0,11,元大-台中,2023-12-19,9812
1815,富喬,11,0,11,元大-台中,2023-12-19,9812
2607,榮運,13,2,11,元大-台中,2023-12-19,9812
3481,群創,18,8,10,元大-台中,2023-12-19,9812
3317,尼克森,10,0,10,元大-台中,2023-12-19,9812
00679B,元大美債20年,23,13,10,元大-台中,2023-12-19,9812
4720,德淵,10,0,10,元大-台中,2023-12-19,9812
1701,中化,10,0,10,元大-台中,2023-12-19,9812
2365,昆盈,10,0,10,元大-台中,2023-12-19,9812
6016,康和證,10,0,10,元大-台中,2023-12-19,9812
1325,恆大,12,2,10,元大-台中,2023-12-19,9812
6209,今國光,10,0,10,元大-台中,2023-12-19,9812
2027,大成鋼,12,2,10,元大-台中,2023-12-19,9812
3006,晶豪科,18,9,9,元大-台中,2023-12-19,9812
1504,東元,10,1,9,元大-台中,2023-12-19,9812
1582,信錦,9,0,9,元大-台中,2023-12-19,9812
2362,藍天,1150,0,1150,元大-台中,2023-12-20,9812
00919,群益台灣精選高息,129,1,128,元大-台中,2023-12-20,9812
2303,聯電,116,0,116,元大-台中,2023-12-20,9812
2356,英業達,247,189,58,元大-台中,2023-12-20,9812
00680L,元大美債20正2,110,60,50,元大-台中,2023-12-20,9812
00931B,統一美債20年,50,0,50,元大-台中,2023-12-20,9812
00688L,國泰20年美債正2,43,0,43,元大-台中,2023-12-20,9812
1466,聚隆,42,7,35,元大-台中,2023-12-20,9812
2618,長榮航,56,24,32,元大-台中,2023-12-20,9812
00679B,元大美債20年,33,6,27,元大-台中,2023-12-20,9812
2888,新光金,31,5,26,元大-台中,2023-12-20,9812
00637L,元大滬深300正2,45,20,25,元大-台中,2023-12-20,9812
1701,中化,24,0,24,元大-台中,2023-12-20,9812
9919,康那香,22,2,20,元大-台中,2023-12-20,9812
6547,高端疫苗,20,0,20,元大-台中,2023-12-20,9812
1909,榮成,20,0,20,元大-台中,2023-12-20,9812
00929,復華台灣科技優息,31,13,18,元大-台中,2023-12-20,9812
2892,第一金,18,0,18,元大-台中,2023-12-20,9812
6160,欣技,17,0,17,元大-台中,2023-12-20,9812
2376,技嘉,26,10,16,元大-台中,2023-12-20,9812
1815,富喬,27,11,16,元大-台中,2023-12-20,9812
6546,正基,17,1,16,元大-台中,2023-12-20,9812
00937B,群益ESG投等債20,32,17,15,元大-台中,2023-12-20,9812
2891,中信金,15,0,15,元大-台中,2023-12-20,9812
2498,宏達電,15,0,15,元大-台中,2023-12-20,9812
00687B,國泰20年美債,39,24,15,元大-台中,2023-12-20,9812
6147,頎邦,14,0,14,元大-台中,2023-12-20,9812
2344,華邦電,25,11,14,元大-台中,2023-12-20,9812
5515,建國,30,16,14,元大-台中,2023-12-20,9812
3028,增你強,18,5,13,元大-台中,2023-12-20,9812
1605,華新,22,9,13,元大-台中,2023-12-20,9812
00882,中信中國高股息,12,0,12,元大-台中,2023-12-20,9812
2365,昆盈,13,1,12,元大-台中,2023-12-20,9812
5880,合庫金,12,0,12,元大-台中,2023-12-20,9812
4906,正文,15,3,12,元大-台中,2023-12-20,9812
3228,金麗科,12,0,12,元大-台中,2023-12-20,9812
5258,虹堡,11,0,11,元大-台中,2023-12-20,9812
2887,台新金,11,0,11,元大-台中,2023-12-20,9812
5452,佶優,27,16,11,元大-台中,2023-12-20,9812
00857B,永豐20年美公債,11,0,11,元大-台中,2023-12-20,9812
2208,台船,11,0,11,元大-台中,2023-12-20,9812
6790,永豐實,11,0,11,元大-台中,2023-12-20,9812
00933B,國泰10Y+金融債,10,0,10,元大-台中,2023-12-20,9812
2496,卓越,10,0,10,元大-台中,2023-12-20,9812
6237,驊訊,11,1,10,元大-台中,2023-12-20,9812
3325,旭品,11,1,10,元大-台中,2023-12-20,9812
00934,中信成長高股息,10,0,10,元大-台中,2023-12-20,9812
1504,東元,10,1,9,元大-台中,2023-12-20,9812
2408,南亞科,11,2,9,元大-台中,2023-12-20,9812
3548,兆利,25,16,9,元大-台中,2023-12-20,9812
00919,群益台灣精選高息,151,1,150,元大-台中,2023-12-21,9812
9105,泰金寶-DR,227,162,65,元大-台中,2023-12-21,9812
5521,工信,66,7,59,元大-台中,2023-12-21,9812
00931B,統一美債20年,66,10,56,元大-台中,2023-12-21,9812
00937B,群益ESG投等債20,56,1,55,元大-台中,2023-12-21,9812
00929,復華台灣科技優息,66,12,54,元大-台中,2023-12-21,9812
4979,華星光,53,3,50,元大-台中,2023-12-21,9812
1513,中興電,53,8,45,元大-台中,2023-12-21,9812
9919,康那香,82,39,43,元大-台中,2023-12-21,9812
1752,南光,42,0,42,元大-台中,2023-12-21,9812
8096,擎亞,35,0,35,元大-台中,2023-12-21,9812
2324,仁寶,109,82,27,元大-台中,2023-12-21,9812
2892,第一金,27,0,27,元大-台中,2023-12-21,9812
4908,前鼎,23,0,23,元大-台中,2023-12-21,9812
00918,大華優利高填息30,21,0,21,元大-台中,2023-12-21,9812
1504,東元,21,0,21,元大-台中,2023-12-21,9812
1536,和大,22,2,20,元大-台中,2023-12-21,9812
00673R,期元大S＆P原油反1,20,0,20,元大-台中,2023-12-21,9812
2363,矽統,24,5,19,元大-台中,2023-12-21,9812
00688L,國泰20年美債正2,19,0,19,元大-台中,2023-12-21,9812
5011,久陽,18,1,17,元大-台中,2023-12-21,9812
3704,合勤控,20,3,17,元大-台中,2023-12-21,9812
3035,智原,25,9,16,元大-台中,2023-12-21,9812
00712,復華富時不動產,32,16,16,元大-台中,2023-12-21,9812
3051,力特,18,3,15,元大-台中,2023-12-21,9812
3521,鴻翊,15,2,13,元大-台中,2023-12-21,9812
2331,精英,17,5,12,元大-台中,2023-12-21,9812
2886,兆豐金,11,0,11,元大-台中,2023-12-21,9812
2323,中環,12,1,11,元大-台中,2023-12-21,9812
6233,旺玖,22,11,11,元大-台中,2023-12-21,9812
7402,邑錡,13,2,11,元大-台中,2023-12-21,9812
2208,台船,10,0,10,元大-台中,2023-12-21,9812
6282,康舒,31,21,10,元大-台中,2023-12-21,9812
6443,元晶,14,4,10,元大-台中,2023-12-21,9812
00935,野村臺灣新科技50,14,4,10,元大-台中,2023-12-21,9812
5014,建錩,10,0,10,元大-台中,2023-12-21,9812
6534,正瀚-創,10,0,10,元大-台中,2023-12-21,9812
5880,合庫金,10,0,10,元大-台中,2023-12-21,9812
5425,台半,17,8,9,元大-台中,2023-12-21,9812
2722,夏都,10,1,9,元大-台中,2023-12-21,9812
2376,技嘉,12,4,8,元大-台中,2023-12-21,9812
00687B,國泰20年美債,17,9,8,元大-台中,2023-12-21,9812
2405,輔信,10,2,8,元大-台中,2023-12-21,9812
00934,中信成長高股息,8,0,8,元大-台中,2023-12-21,9812
0056,元大高股息,11,3,8,元大-台中,2023-12-21,9812
2330,台積電,8,1,7,元大-台中,2023-12-21,9812
2449,京元電子,8,1,7,元大-台中,2023-12-21,9812
6290,良維,7,0,7,元大-台中,2023-12-21,9812
2358,廷鑫,7,0,7,元大-台中,2023-12-21,9812
1608,華榮,11,4,7,元大-台中,2023-12-21,9812
8088,品安,302,2,300,元大-台中,2023-12-22,9812
2408,南亞科,369,225,144,元大-台中,2023-12-22,9812
2303,聯電,124,13,111,元大-台中,2023-12-22,9812
2801,彰銀,107,0,107,元大-台中,2023-12-22,9812
2323,中環,105,0,105,元大-台中,2023-12-22,9812
2356,英業達,184,96,88,元大-台中,2023-12-22,9812
00919,群益台灣精選高息,71,1,70,元大-台中,2023-12-22,9812
6243,迅杰,95,42,53,元大-台中,2023-12-22,9812
2498,宏達電,65,14,51,元大-台中,2023-12-22,9812
00882,中信中國高股息,53,2,51,元大-台中,2023-12-22,9812
2344,華邦電,261,213,48,元大-台中,2023-12-22,9812
2337,旺宏,57,15,42,元大-台中,2023-12-22,9812
5009,榮剛,65,24,41,元大-台中,2023-12-22,9812
2882,國泰金,38,0,38,元大-台中,2023-12-22,9812
8150,南茂,40,3,37,元大-台中,2023-12-22,9812
00751B,元大AAA至A公司債,73,40,33,元大-台中,2023-12-22,9812
3576,聯合再生,28,0,28,元大-台中,2023-12-22,9812
00933B,國泰10Y+金融債,25,0,25,元大-台中,2023-12-22,9812
2405,輔信,23,0,23,元大-台中,2023-12-22,9812
2376,技嘉,22,0,22,元大-台中,2023-12-22,9812
1326,台化,21,0,21,元大-台中,2023-12-22,9812
2883,凱基金,21,0,21,元大-台中,2023-12-22,9812
2014,中鴻,44,23,21,元大-台中,2023-12-22,9812
2891,中信金,21,0,21,元大-台中,2023-12-22,9812
2105,正新,22,1,21,元大-台中,2023-12-22,9812
2905,三商,20,0,20,元大-台中,2023-12-22,9812
4167,松瑞藥,19,0,19,元大-台中,2023-12-22,9812
00688L,國泰20年美債正2,17,0,17,元大-台中,2023-12-22,9812
1815,富喬,17,0,17,元大-台中,2023-12-22,9812
00687B,國泰20年美債,16,0,16,元大-台中,2023-12-22,9812
5469,瀚宇博,17,1,16,元大-台中,2023-12-22,9812
2890,永豐金,20,4,16,元大-台中,2023-12-22,9812
6237,驊訊,20,7,13,元大-台中,2023-12-22,9812
2355,敬鵬,16,3,13,元大-台中,2023-12-22,9812
3211,順達,13,1,12,元大-台中,2023-12-22,9812
1752,南光,12,0,12,元大-台中,2023-12-22,9812
3532,台勝科,13,1,12,元大-台中,2023-12-22,9812
1313,聯成,12,0,12,元大-台中,2023-12-22,9812
1701,中化,12,0,12,元大-台中,2023-12-22,9812
9919,康那香,51,40,11,元大-台中,2023-12-22,9812
6205,詮欣,11,0,11,元大-台中,2023-12-22,9812
2888,新光金,11,0,11,元大-台中,2023-12-22,9812
2208,台船,11,0,11,元大-台中,2023-12-22,9812
3231,緯創,35,24,11,元大-台中,2023-12-22,9812
2615,萬海,92,82,10,元大-台中,2023-12-22,9812
1220,台榮,10,0,10,元大-台中,2023-12-22,9812
3325,旭品,15,5,10,元大-台中,2023-12-22,9812
2358,廷鑫,10,0,10,元大-台中,2023-12-22,9812
2201,裕隆,11,2,9,元大-台中,2023-12-22,9812
1216,統一,8,0,8,元大-台中,2023-12-22,9812
00885,富邦越南,106,2,104,元大-台中,2023-12-25,9812
2883,凱基金,116,13,103,元大-台中,2023-12-25,9812
2609,陽明,218,116,102,元大-台中,2023-12-25,9812
00919,群益台灣精選高息,104,4,100,元大-台中,2023-12-25,9812
6233,旺玖,76,14,62,元大-台中,2023-12-25,9812
6139,亞翔,77,18,59,元大-台中,2023-12-25,9812
2344,華邦電,56,7,49,元大-台中,2023-12-25,9812
00882,中信中國高股息,46,1,45,元大-台中,2023-12-25,9812
2615,萬海,67,30,37,元大-台中,2023-12-25,9812
00933B,國泰10Y+金融債,40,5,35,元大-台中,2023-12-25,9812
8933,愛地雅,30,0,30,元大-台中,2023-12-25,9812
2605,新興,27,0,27,元大-台中,2023-12-25,9812
2324,仁寶,127,103,24,元大-台中,2023-12-25,9812
2421,建準,44,20,24,元大-台中,2023-12-25,9812
1504,東元,32,8,24,元大-台中,2023-12-25,9812
6182,合晶,23,1,22,元大-台中,2023-12-25,9812
4105,東洋,22,0,22,元大-台中,2023-12-25,9812
2885,元大金,25,5,20,元大-台中,2023-12-25,9812
8089,康全電訊,21,1,20,元大-台中,2023-12-25,9812
3694,海華,28,9,19,元大-台中,2023-12-25,9812
3024,憶聲,22,4,18,元大-台中,2023-12-25,9812
3287,廣寰科,18,0,18,元大-台中,2023-12-25,9812
00929,復華台灣科技優息,26,8,18,元大-台中,2023-12-25,9812
4909,新復興,17,1,16,元大-台中,2023-12-25,9812
2023,燁輝,16,0,16,元大-台中,2023-12-25,9812
8011,台通,17,2,15,元大-台中,2023-12-25,9812
00937B,群益ESG投等債20,40,26,14,元大-台中,2023-12-25,9812
00918,大華優利高填息30,14,0,14,元大-台中,2023-12-25,9812
3444,利機,13,0,13,元大-台中,2023-12-25,9812
00922,國泰台灣領袖50,12,0,12,元大-台中,2023-12-25,9812
2887,台新金,12,0,12,元大-台中,2023-12-25,9812
3231,緯創,99,87,12,元大-台中,2023-12-25,9812
8069,元太,14,2,12,元大-台中,2023-12-25,9812
00720B,元大投資級公司債,15,4,11,元大-台中,2023-12-25,9812
6176,瑞儀,11,0,11,元大-台中,2023-12-25,9812
1337,再生-KY,20,9,11,元大-台中,2023-12-25,9812
4931,新盛力,11,0,11,元大-台中,2023-12-25,9812
1312,國喬,14,4,10,元大-台中,2023-12-25,9812
6116,彩晶,10,0,10,元大-台中,2023-12-25,9812
9955,佳龍,10,0,10,元大-台中,2023-12-25,9812
2443,昶虹,10,0,10,元大-台中,2023-12-25,9812
2025,千興,15,6,9,元大-台中,2023-12-25,9812
1313,聯成,11,2,9,元大-台中,2023-12-25,9812
8039,台虹,11,2,9,元大-台中,2023-12-25,9812
2030,彰源,10,1,9,元大-台中,2023-12-25,9812
6695,芯鼎,29,20,9,元大-台中,2023-12-25,9812
2382,廣達,25,17,8,元大-台中,2023-12-25,9812
5880,合庫金,8,0,8,元大-台中,2023-12-25,9812
1314,中石化,8,0,8,元大-台中,2023-12-25,9812
9933,中鼎,8,0,8,元大-台中,2023-12-25,9812
3231,緯創,182,59,123,元大-台中,2023-12-26,9812
3576,聯合再生,105,0,105,元大-台中,2023-12-26,9812
00929,復華台灣科技優息,92,17,75,元大-台中,2023-12-26,9812
1504,東元,71,3,68,元大-台中,2023-12-26,9812
2408,南亞科,71,9,62,元大-台中,2023-12-26,9812
00937B,群益ESG投等債20,62,1,61,元大-台中,2023-12-26,9812
2405,輔信,97,43,54,元大-台中,2023-12-26,9812
00882,中信中國高股息,32,0,32,元大-台中,2023-12-26,9812
00751B,元大AAA至A公司債,31,0,31,元大-台中,2023-12-26,9812
2539,櫻花建,30,0,30,元大-台中,2023-12-26,9812
2303,聯電,111,85,26,元大-台中,2023-12-26,9812
3041,揚智,31,6,25,元大-台中,2023-12-26,9812
00919,群益台灣精選高息,38,13,25,元大-台中,2023-12-26,9812
3005,神基,23,0,23,元大-台中,2023-12-26,9812
2609,陽明,210,188,22,元大-台中,2023-12-26,9812
3376,新日興,25,5,20,元大-台中,2023-12-26,9812
00935,野村臺灣新科技50,20,0,20,元大-台中,2023-12-26,9812
00680L,元大美債20正2,20,0,20,元大-台中,2023-12-26,9812
6109,亞元,20,0,20,元大-台中,2023-12-26,9812
2515,中工,26,7,19,元大-台中,2023-12-26,9812
00637L,元大滬深300正2,97,80,17,元大-台中,2023-12-26,9812
5009,榮剛,30,13,17,元大-台中,2023-12-26,9812
00720B,元大投資級公司債,17,0,17,元大-台中,2023-12-26,9812
2421,建準,20,3,17,元大-台中,2023-12-26,9812
2618,長榮航,19,3,16,元大-台中,2023-12-26,9812
2376,技嘉,37,21,16,元大-台中,2023-12-26,9812
3122,笙泉,17,2,15,元大-台中,2023-12-26,9812
3588,通嘉,18,3,15,元大-台中,2023-12-26,9812
3673,TPK-KY,16,1,15,元大-台中,2023-12-26,9812
8068,全達,13,0,13,元大-台中,2023-12-26,9812
8086,宏捷科,13,1,12,元大-台中,2023-12-26,9812
00900,富邦特選高股息30,24,12,12,元大-台中,2023-12-26,9812
4909,新復興,15,3,12,元大-台中,2023-12-26,9812
00687B,國泰20年美債,14,2,12,元大-台中,2023-12-26,9812
5478,智冠,12,0,12,元大-台中,2023-12-26,9812
2356,英業達,63,51,12,元大-台中,2023-12-26,9812
2388,威盛,44,33,11,元大-台中,2023-12-26,9812
00885,富邦越南,11,0,11,元大-台中,2023-12-26,9812
2362,藍天,11,0,11,元大-台中,2023-12-26,9812
00933B,國泰10Y+金融債,11,0,11,元大-台中,2023-12-26,9812
1603,華電,10,0,10,元大-台中,2023-12-26,9812
00632R,元大台灣50反1,10,0,10,元大-台中,2023-12-26,9812
3711,日月光投控,10,0,10,元大-台中,2023-12-26,9812
2443,昶虹,10,0,10,元大-台中,2023-12-26,9812
00930,永豐ESG低碳高息,11,1,10,元大-台中,2023-12-26,9812
2354,鴻準,10,1,9,元大-台中,2023-12-26,9812
6756,威鋒電子,22,13,9,元大-台中,2023-12-26,9812
2476,鉅祥,8,0,8,元大-台中,2023-12-26,9812
2028,威致,8,0,8,元大-台中,2023-12-26,9812
00898,國泰基因免疫革命,8,0,8,元大-台中,2023-12-26,9812
00937B,群益ESG投等債20,167,0,167,元大-台中,2023-12-27,9812
00715L,期街口布蘭特正2,130,6,124,元大-台中,2023-12-27,9812
00632R,元大台灣50反1,110,0,110,元大-台中,2023-12-27,9812
2324,仁寶,256,189,67,元大-台中,2023-12-27,9812
2337,旺宏,87,34,53,元大-台中,2023-12-27,9812
2409,友達,70,18,52,元大-台中,2023-12-27,9812
2405,輔信,116,64,52,元大-台中,2023-12-27,9812
00679B,元大美債20年,45,0,45,元大-台中,2023-12-27,9812
2885,元大金,52,12,40,元大-台中,2023-12-27,9812
1504,東元,38,3,35,元大-台中,2023-12-27,9812
00919,群益台灣精選高息,54,20,34,元大-台中,2023-12-27,9812
2485,兆赫,30,0,30,元大-台中,2023-12-27,9812
2369,菱生,27,2,25,元大-台中,2023-12-27,9812
00882,中信中國高股息,24,0,24,元大-台中,2023-12-27,9812
1905,華紙,22,0,22,元大-台中,2023-12-27,9812
6667,信紘科,28,6,22,元大-台中,2023-12-27,9812
1312,國喬,21,0,21,元大-台中,2023-12-27,9812
2014,中鴻,44,23,21,元大-台中,2023-12-27,9812
1603,華電,20,0,20,元大-台中,2023-12-27,9812
1582,信錦,27,7,20,元大-台中,2023-12-27,9812
6116,彩晶,24,4,20,元大-台中,2023-12-27,9812
6129,普誠,34,17,17,元大-台中,2023-12-27,9812
00935,野村臺灣新科技50,17,0,17,元大-台中,2023-12-27,9812
00929,復華台灣科技優息,24,8,16,元大-台中,2023-12-27,9812
4909,新復興,16,0,16,元大-台中,2023-12-27,9812
00673R,期元大S＆P原油反1,14,0,14,元大-台中,2023-12-27,9812
3006,晶豪科,52,38,14,元大-台中,2023-12-27,9812
3545,敦泰,31,18,13,元大-台中,2023-12-27,9812
00933B,國泰10Y+金融債,24,11,13,元大-台中,2023-12-27,9812
2603,長榮,33,20,13,元大-台中,2023-12-27,9812
3437,榮創,13,1,12,元大-台中,2023-12-27,9812
2201,裕隆,17,5,12,元大-台中,2023-12-27,9812
2025,千興,12,0,12,元大-台中,2023-12-27,9812
4543,萬在,11,0,11,元大-台中,2023-12-27,9812
1584,精剛,10,0,10,元大-台中,2023-12-27,9812
2362,藍天,11,1,10,元大-台中,2023-12-27,9812
2891,中信金,15,5,10,元大-台中,2023-12-27,9812
1444,力麗,10,0,10,元大-台中,2023-12-27,9812
00652,富邦印度,10,0,10,元大-台中,2023-12-27,9812
00930,永豐ESG低碳高息,10,0,10,元大-台中,2023-12-27,9812
4417,金洲,10,0,10,元大-台中,2023-12-27,9812
00720B,元大投資級公司債,14,5,9,元大-台中,2023-12-27,9812
2382,廣達,10,1,9,元大-台中,2023-12-27,9812
3706,神達,16,7,9,元大-台中,2023-12-27,9812
00918,大華優利高填息30,19,10,9,元大-台中,2023-12-27,9812
8935,邦泰,9,0,9,元大-台中,2023-12-27,9812
2641,正德,9,0,9,元大-台中,2023-12-27,9812
8936,國統,10,1,9,元大-台中,2023-12-27,9812
00688L,國泰20年美債正2,9,0,9,元大-台中,2023-12-27,9812
00931B,統一美債20年,9,0,9,元大-台中,2023-12-27,9812
00680L,元大美債20正2,225,52,173,元大-台中,2023-12-28,9812
00937B,群益ESG投等債20,146,1,145,元大-台中,2023-12-28,9812
00919,群益台灣精選高息,99,2,97,元大-台中,2023-12-28,9812
1444,力麗,95,0,95,元大-台中,2023-12-28,9812
3706,神達,343,255,88,元大-台中,2023-12-28,9812
2349,錸德,50,0,50,元大-台中,2023-12-28,9812
2615,萬海,61,15,46,元大-台中,2023-12-28,9812
3231,緯創,222,183,39,元大-台中,2023-12-28,9812
00673R,期元大S＆P原油反1,35,0,35,元大-台中,2023-12-28,9812
00751B,元大AAA至A公司債,34,0,34,元大-台中,2023-12-28,9812
1752,南光,32,0,32,元大-台中,2023-12-28,9812
1524,耿鼎,30,0,30,元大-台中,2023-12-28,9812
8477,創業家,30,0,30,元大-台中,2023-12-28,9812
6233,旺玖,31,5,26,元大-台中,2023-12-28,9812
2618,長榮航,46,21,25,元大-台中,2023-12-28,9812
00929,復華台灣科技優息,57,32,25,元大-台中,2023-12-28,9812
6139,亞翔,33,10,23,元大-台中,2023-12-28,9812
6282,康舒,23,2,21,元大-台中,2023-12-28,9812
6209,今國光,21,0,21,元大-台中,2023-12-28,9812
4916,事欣科,19,0,19,元大-台中,2023-12-28,9812
6179,亞通,26,8,18,元大-台中,2023-12-28,9812
6203,海韻電,41,23,18,元大-台中,2023-12-28,9812
6462,神盾,23,5,18,元大-台中,2023-12-28,9812
2313,華通,19,2,17,元大-台中,2023-12-28,9812
00915,凱基優選高股息30,17,0,17,元大-台中,2023-12-28,9812
6182,合晶,24,8,16,元大-台中,2023-12-28,9812
00933B,國泰10Y+金融債,16,0,16,元大-台中,2023-12-28,9812
2890,永豐金,19,4,15,元大-台中,2023-12-28,9812
911608,明輝-DR,15,0,15,元大-台中,2023-12-28,9812
00936,台新永續高息中小,15,0,15,元大-台中,2023-12-28,9812
00679B,元大美債20年,15,1,14,元大-台中,2023-12-28,9812
6138,茂達,16,2,14,元大-台中,2023-12-28,9812
00931B,統一美債20年,13,0,13,元大-台中,2023-12-28,9812
00922,國泰台灣領袖50,12,0,12,元大-台中,2023-12-28,9812
1474,弘裕,11,0,11,元大-台中,2023-12-28,9812
9105,泰金寶-DR,12,1,11,元大-台中,2023-12-28,9812
5347,世界,27,16,11,元大-台中,2023-12-28,9812
00712,復華富時不動產,14,3,11,元大-台中,2023-12-28,9812
00757,統一FANG+,10,0,10,元大-台中,2023-12-28,9812
5864,致和證,10,0,10,元大-台中,2023-12-28,9812
6126,信音,10,0,10,元大-台中,2023-12-28,9812
6167,久正,10,0,10,元大-台中,2023-12-28,9812
1513,中興電,23,14,9,元大-台中,2023-12-28,9812
3481,群創,37,28,9,元大-台中,2023-12-28,9812
8936,國統,20,11,9,元大-台中,2023-12-28,9812
00918,大華優利高填息30,12,3,9,元大-台中,2023-12-28,9812
2436,偉詮電,20,12,8,元大-台中,2023-12-28,9812
5009,榮剛,8,0,8,元大-台中,2023-12-28,9812
5348,正能量智能,8,0,8,元大-台中,2023-12-28,9812
00753L,中信中國50正2,8,0,8,元大-台中,2023-12-28,9812
00885,富邦越南,102,2,100,元大-台中,2023-12-29,9812
6213,聯茂,100,1,99,元大-台中,2023-12-29,9812
00937B,群益ESG投等債20,84,0,84,元大-台中,2023-12-29,9812
2382,廣達,116,49,67,元大-台中,2023-12-29,9812
2349,錸德,55,0,55,元大-台中,2023-12-29,9812
2885,元大金,110,60,50,元大-台中,2023-12-29,9812
00919,群益台灣精選高息,52,5,47,元大-台中,2023-12-29,9812
00715L,期街口布蘭特正2,44,0,44,元大-台中,2023-12-29,9812
00933B,國泰10Y+金融債,42,1,41,元大-台中,2023-12-29,9812
6233,旺玖,46,9,37,元大-台中,2023-12-29,9812
3006,晶豪科,112,77,35,元大-台中,2023-12-29,9812
00680L,元大美債20正2,74,40,34,元大-台中,2023-12-29,9812
2739,寒舍,38,4,34,元大-台中,2023-12-29,9812
2609,陽明,40,9,31,元大-台中,2023-12-29,9812
2208,台船,31,0,31,元大-台中,2023-12-29,9812
1603,華電,30,1,29,元大-台中,2023-12-29,9812
00632R,元大台灣50反1,38,10,28,元大-台中,2023-12-29,9812
2392,正崴,27,0,27,元大-台中,2023-12-29,9812
2344,華邦電,143,118,25,元大-台中,2023-12-29,9812
3706,神達,84,61,23,元大-台中,2023-12-29,9812
2888,新光金,23,0,23,元大-台中,2023-12-29,9812
5347,世界,27,6,21,元大-台中,2023-12-29,9812
00650L,復華香港正2,20,0,20,元大-台中,2023-12-29,9812
2340,台亞,21,1,20,元大-台中,2023-12-29,9812
5009,榮剛,20,0,20,元大-台中,2023-12-29,9812
0056,元大高股息,26,7,19,元大-台中,2023-12-29,9812
6125,廣運,54,38,16,元大-台中,2023-12-29,9812
2362,藍天,22,7,15,元大-台中,2023-12-29,9812
5452,佶優,16,1,15,元大-台中,2023-12-29,9812
1514,亞力,27,13,14,元大-台中,2023-12-29,9812
5206,坤悅,15,2,13,元大-台中,2023-12-29,9812
2365,昆盈,13,0,13,元大-台中,2023-12-29,9812
1701,中化,13,0,13,元大-台中,2023-12-29,9812
00931B,統一美債20年,15,2,13,元大-台中,2023-12-29,9812
00679B,元大美債20年,13,0,13,元大-台中,2023-12-29,9812
00751B,元大AAA至A公司債,13,0,13,元大-台中,2023-12-29,9812
1609,大亞,14,3,11,元大-台中,2023-12-29,9812
2481,強茂,11,0,11,元大-台中,2023-12-29,9812
1519,華城,25,15,10,元大-台中,2023-12-29,9812
00927,群益半導體收益,10,0,10,元大-台中,2023-12-29,9812
4167,松瑞藥,10,0,10,元大-台中,2023-12-29,9812
1815,富喬,10,0,10,元大-台中,2023-12-29,9812
2884,玉山金,10,0,10,元大-台中,2023-12-29,9812
5864,致和證,10,0,10,元大-台中,2023-12-29,9812
1605,華新,10,0,10,元大-台中,2023-12-29,9812
2025,千興,10,0,10,元大-台中,2023-12-29,9812
00633L,富邦上証正2,10,0,10,元大-台中,2023-12-29,9812
3036,文曄,9,0,9,元大-台中,2023-12-29,9812
2636,台驊控股,9,0,9,元大-台中,2023-12-29,9812
00720B,元大投資級公司債,9,0,9,元大-台中,2023-12-29,9812
2618,長榮航,592,260,332,元大-台中,2024-01-02,9812
00885,富邦越南,104,1,103,元大-台中,2024-01-02,9812
00929,復華台灣科技優息,114,16,98,元大-台中,2024-01-02,9812
2303,聯電,125,29,96,元大-台中,2024-01-02,9812
3032,偉訓,90,0,90,元大-台中,2024-01-02,9812
00665L,富邦�琤肭磪囓�2,82,0,82,元大-台中,2024-01-02,9812
00937B,群益ESG投等債20,75,0,75,元大-台中,2024-01-02,9812
3231,緯創,184,111,73,元大-台中,2024-01-02,9812
00633L,富邦上証正2,48,1,47,元大-台中,2024-01-02,9812
00712,復華富時不動產,47,0,47,元大-台中,2024-01-02,9812
2344,華邦電,119,73,46,元大-台中,2024-01-02,9812
1603,華電,50,5,45,元大-台中,2024-01-02,9812
00751B,元大AAA至A公司債,41,1,40,元大-台中,2024-01-02,9812
9934,成霖,40,2,38,元大-台中,2024-01-02,9812
2352,佳世達,42,8,34,元大-台中,2024-01-02,9812
5521,工信,84,51,33,元大-台中,2024-01-02,9812
6164,華興,39,6,33,元大-台中,2024-01-02,9812
2009,第一銅,30,0,30,元大-台中,2024-01-02,9812
2913,農林,30,0,30,元大-台中,2024-01-02,9812
5009,榮剛,29,0,29,元大-台中,2024-01-02,9812
00919,群益台灣精選高息,48,20,28,元大-台中,2024-01-02,9812
00687B,國泰20年美債,28,1,27,元大-台中,2024-01-02,9812
2890,永豐金,26,0,26,元大-台中,2024-01-02,9812
9935,慶豐富,21,0,21,元大-台中,2024-01-02,9812
00679B,元大美債20年,50,29,21,元大-台中,2024-01-02,9812
6215,和椿,23,3,20,元大-台中,2024-01-02,9812
00882,中信中國高股息,20,0,20,元大-台中,2024-01-02,9812
00933B,國泰10Y+金融債,19,0,19,元大-台中,2024-01-02,9812
6129,普誠,20,1,19,元大-台中,2024-01-02,9812
2886,兆豐金,21,3,18,元大-台中,2024-01-02,9812
6139,亞翔,43,25,18,元大-台中,2024-01-02,9812
00715L,期街口布蘭特正2,19,3,16,元大-台中,2024-01-02,9812
6275,元山,17,1,16,元大-台中,2024-01-02,9812
2478,大毅,15,0,15,元大-台中,2024-01-02,9812
2033,佳大,15,0,15,元大-台中,2024-01-02,9812
0056,元大高股息,30,15,15,元大-台中,2024-01-02,9812
2313,華通,66,53,13,元大-台中,2024-01-02,9812
2388,威盛,19,6,13,元大-台中,2024-01-02,9812
2353,宏��,76,64,12,元大-台中,2024-01-02,9812
2492,華新科,12,0,12,元大-台中,2024-01-02,9812
3317,尼克森,12,0,12,元大-台中,2024-01-02,9812
00632R,元大台灣50反1,32,20,12,元大-台中,2024-01-02,9812
2634,漢翔,14,2,12,元大-台中,2024-01-02,9812
2457,飛宏,14,3,11,元大-台中,2024-01-02,9812
8112,至上,18,7,11,元大-台中,2024-01-02,9812
2739,寒舍,12,1,11,元大-台中,2024-01-02,9812
2883,凱基金,12,1,11,元大-台中,2024-01-02,9812
1217,愛之味,13,3,10,元大-台中,2024-01-02,9812
2376,技嘉,19,9,10,元大-台中,2024-01-02,9812
6756,威鋒電子,16,6,10,元大-台中,2024-01-02,9812
2603,長榮,558,24,534,元大-台中,2024-01-03,9812
00929,復華台灣科技優息,168,6,162,元大-台中,2024-01-03,9812
00919,群益台灣精選高息,127,16,111,元大-台中,2024-01-03,9812
00937B,群益ESG投等債20,74,0,74,元大-台中,2024-01-03,9812
00680L,元大美債20正2,191,120,71,元大-台中,2024-01-03,9812
5521,工信,182,118,64,元大-台中,2024-01-03,9812
2362,藍天,134,71,63,元大-台中,2024-01-03,9812
2610,華航,144,92,52,元大-台中,2024-01-03,9812
6770,力積電,48,0,48,元大-台中,2024-01-03,9812
00715L,期街口布蘭特正2,41,0,41,元大-台中,2024-01-03,9812
00772B,中信高評級公司債,40,1,39,元大-台中,2024-01-03,9812
00882,中信中國高股息,51,12,39,元大-台中,2024-01-03,9812
1455,集盛,38,0,38,元大-台中,2024-01-03,9812
2887,台新金,38,0,38,元大-台中,2024-01-03,9812
2344,華邦電,52,17,35,元大-台中,2024-01-03,9812
00907,永豐優息存股,35,0,35,元大-台中,2024-01-03,9812
00712,復華富時不動產,34,1,33,元大-台中,2024-01-03,9812
3481,群創,45,16,29,元大-台中,2024-01-03,9812
2353,宏��,64,38,26,元大-台中,2024-01-03,9812
3321,同泰,25,0,25,元大-台中,2024-01-03,9812
0056,元大高股息,78,54,24,元大-台中,2024-01-03,9812
00934,中信成長高股息,23,0,23,元大-台中,2024-01-03,9812
00720B,元大投資級公司債,23,1,22,元大-台中,2024-01-03,9812
2913,農林,21,0,21,元大-台中,2024-01-03,9812
2324,仁寶,44,26,18,元大-台中,2024-01-03,9812
00918,大華優利高填息30,18,0,18,元大-台中,2024-01-03,9812
1605,華新,19,2,17,元大-台中,2024-01-03,9812
00751B,元大AAA至A公司債,18,1,17,元大-台中,2024-01-03,9812
8096,擎亞,63,46,17,元大-台中,2024-01-03,9812
00642U,期元大S＆P石油,17,0,17,元大-台中,2024-01-03,9812
2516,新建,17,0,17,元大-台中,2024-01-03,9812
00933B,國泰10Y+金融債,16,0,16,元大-台中,2024-01-03,9812
1216,統一,20,5,15,元大-台中,2024-01-03,9812
00935,野村臺灣新科技50,15,0,15,元大-台中,2024-01-03,9812
2457,飛宏,15,0,15,元大-台中,2024-01-03,9812
6756,威鋒電子,18,4,14,元大-台中,2024-01-03,9812
2330,台積電,15,1,14,元大-台中,2024-01-03,9812
00687B,國泰20年美債,13,0,13,元大-台中,2024-01-03,9812
00679B,元大美債20年,22,9,13,元大-台中,2024-01-03,9812
2331,精英,66,54,12,元大-台中,2024-01-03,9812
2884,玉山金,12,0,12,元大-台中,2024-01-03,9812
2029,盛餘,11,0,11,元大-台中,2024-01-03,9812
2886,兆豐金,11,0,11,元大-台中,2024-01-03,9812
8261,富鼎,11,0,11,元大-台中,2024-01-03,9812
5009,榮剛,10,0,10,元大-台中,2024-01-03,9812
2615,萬海,19,9,10,元大-台中,2024-01-03,9812
6282,康舒,11,1,10,元大-台中,2024-01-03,9812
1584,精剛,10,0,10,元大-台中,2024-01-03,9812
9919,康那香,11,1,10,元大-台中,2024-01-03,9812
00890B,凱基ESG BBB債,10,0,10,元大-台中,2024-01-03,9812
00929,復華台灣科技優息,3168,52,3116,元大-台中,2024-01-04,9812
2607,榮運,1039,550,489,元大-台中,2024-01-04,9812
2303,聯電,266,5,261,元大-台中,2024-01-04,9812
2611,志信,815,606,209,元大-台中,2024-01-04,9812
00715L,期街口布蘭特正2,143,10,133,元大-台中,2024-01-04,9812
2353,宏��,133,32,101,元大-台中,2024-01-04,9812
2344,華邦電,62,6,56,元大-台中,2024-01-04,9812
2618,長榮航,122,75,47,元大-台中,2024-01-04,9812
6770,力積電,51,7,44,元大-台中,2024-01-04,9812
00637L,元大滬深300正2,87,45,42,元大-台中,2024-01-04,9812
00712,復華富時不動產,45,9,36,元大-台中,2024-01-04,9812
00937B,群益ESG投等債20,33,1,32,元大-台中,2024-01-04,9812
00751B,元大AAA至A公司債,33,1,32,元大-台中,2024-01-04,9812
5521,工信,62,31,31,元大-台中,2024-01-04,9812
2332,友訊,30,0,30,元大-台中,2024-01-04,9812
00894,中信小資高價30,27,0,27,元大-台中,2024-01-04,9812
00882,中信中國高股息,27,0,27,元大-台中,2024-01-04,9812
3390,旭軟,31,5,26,元大-台中,2024-01-04,9812
00671R,富邦NASDAQ反1,25,0,25,元大-台中,2024-01-04,9812
00927,群益半導體收益,25,0,25,元大-台中,2024-01-04,9812
6756,威鋒電子,23,0,23,元大-台中,2024-01-04,9812
2356,英業達,30,8,22,元大-台中,2024-01-04,9812
00688L,國泰20年美債正2,22,0,22,元大-台中,2024-01-04,9812
6203,海韻電,20,0,20,元大-台中,2024-01-04,9812
3231,緯創,54,34,20,元大-台中,2024-01-04,9812
9919,康那香,101,82,19,元大-台中,2024-01-04,9812
00720B,元大投資級公司債,16,0,16,元大-台中,2024-01-04,9812
00933B,國泰10Y+金融債,16,0,16,元大-台中,2024-01-04,9812
2882,國泰金,14,0,14,元大-台中,2024-01-04,9812
6125,廣運,14,0,14,元大-台中,2024-01-04,9812
1905,華紙,13,0,13,元大-台中,2024-01-04,9812
00934,中信成長高股息,13,0,13,元大-台中,2024-01-04,9812
6180,橘子,13,0,13,元大-台中,2024-01-04,9812
6182,合晶,13,0,13,元大-台中,2024-01-04,9812
00713,元大台灣高息低波,12,0,12,元大-台中,2024-01-04,9812
00650L,復華香港正2,12,0,12,元大-台中,2024-01-04,9812
2363,矽統,15,4,11,元大-台中,2024-01-04,9812
2606,裕民,12,1,11,元大-台中,2024-01-04,9812
6207,雷科,11,0,11,元大-台中,2024-01-04,9812
00919,群益台灣精選高息,11,0,11,元大-台中,2024-01-04,9812
5009,榮剛,10,0,10,元大-台中,2024-01-04,9812
2201,裕隆,13,3,10,元大-台中,2024-01-04,9812
2913,農林,10,0,10,元大-台中,2024-01-04,9812
8086,宏捷科,37,27,10,元大-台中,2024-01-04,9812
2478,大毅,10,0,10,元大-台中,2024-01-04,9812
8477,創業家,10,0,10,元大-台中,2024-01-04,9812
6416,瑞祺電通,11,1,10,元大-台中,2024-01-04,9812
6140,訊達,34,25,9,元大-台中,2024-01-04,9812
3522,御嵿,9,0,9,元大-台中,2024-01-04,9812
4108,懷特,10,1,9,元大-台中,2024-01-04,9812
00680L,元大美債20正2,416,167,249,元大-台中,2024-01-05,9812
00929,復華台灣科技優息,164,11,153,元大-台中,2024-01-05,9812
5450,南良,102,2,100,元大-台中,2024-01-05,9812
1444,力麗,64,0,64,元大-台中,2024-01-05,9812
00706L,期元大S＆P日圓正2,62,0,62,元大-台中,2024-01-05,9812
00937B,群益ESG投等債20,60,10,50,元大-台中,2024-01-05,9812
3207,耀勝,82,33,49,元大-台中,2024-01-05,9812
2356,英業達,95,48,47,元大-台中,2024-01-05,9812
2603,長榮,79,33,46,元大-台中,2024-01-05,9812
00919,群益台灣精選高息,46,2,44,元大-台中,2024-01-05,9812
00688L,國泰20年美債正2,40,0,40,元大-台中,2024-01-05,9812
1504,東元,82,47,35,元大-台中,2024-01-05,9812
00679B,元大美債20年,50,19,31,元大-台中,2024-01-05,9812
2317,鴻海,29,0,29,元大-台中,2024-01-05,9812
3576,聯合再生,29,0,29,元大-台中,2024-01-05,9812
00751B,元大AAA至A公司債,33,5,28,元大-台中,2024-01-05,9812
4744,皇將,22,0,22,元大-台中,2024-01-05,9812
00927,群益半導體收益,22,0,22,元大-台中,2024-01-05,9812
00882,中信中國高股息,21,0,21,元大-台中,2024-01-05,9812
00878,國泰永續高股息,21,0,21,元大-台中,2024-01-05,9812
2353,宏��,110,91,19,元大-台中,2024-01-05,9812
6139,亞翔,21,2,19,元大-台中,2024-01-05,9812
3231,緯創,18,1,17,元大-台中,2024-01-05,9812
8112,至上,18,2,16,元大-台中,2024-01-05,9812
00720B,元大投資級公司債,21,6,15,元大-台中,2024-01-05,9812
00931B,統一美債20年,15,0,15,元大-台中,2024-01-05,9812
00772B,中信高評級公司債,14,0,14,元大-台中,2024-01-05,9812
2543,皇昌,16,2,14,元大-台中,2024-01-05,9812
00725B,國泰投資級公司債,12,0,12,元大-台中,2024-01-05,9812
5243,乙盛-KY,11,0,11,元大-台中,2024-01-05,9812
2382,廣達,36,26,10,元大-台中,2024-01-05,9812
00712,復華富時不動產,17,7,10,元大-台中,2024-01-05,9812
00795B,中信美國公債20年,10,0,10,元大-台中,2024-01-05,9812
2009,第一銅,10,0,10,元大-台中,2024-01-05,9812
4402,郡都開發,10,0,10,元大-台中,2024-01-05,9812
2369,菱生,10,0,10,元大-台中,2024-01-05,9812
00753L,中信中國50正2,10,0,10,元大-台中,2024-01-05,9812
1701,中化,10,0,10,元大-台中,2024-01-05,9812
00676R,富邦臺灣加權反1,10,0,10,元大-台中,2024-01-05,9812
6219,富旺,10,0,10,元大-台中,2024-01-05,9812
6265,方土昶,10,0,10,元大-台中,2024-01-05,9812
3037,欣興,27,17,10,元大-台中,2024-01-05,9812
00936,台新永續高息中小,9,0,9,元大-台中,2024-01-05,9812
9907,統一實,9,0,9,元大-台中,2024-01-05,9812
2313,華通,9,0,9,元大-台中,2024-01-05,9812
2610,華航,112,103,9,元大-台中,2024-01-05,9812
00933B,國泰10Y+金融債,8,0,8,元大-台中,2024-01-05,9812
3630,新鉅科,8,0,8,元大-台中,2024-01-05,9812
2230,泰茂,8,0,8,元大-台中,2024-01-05,9812
6546,正基,9,1,8,元大-台中,2024-01-05,9812
2888,新光金,884,15,869,元大-台中,2024-01-08,9812
00665L,富邦�琤肭磪囓�2,677,0,677,元大-台中,2024-01-08,9812
2362,藍天,300,201,99,元大-台中,2024-01-08,9812
1514,亞力,106,12,94,元大-台中,2024-01-08,9812
00679B,元大美債20年,92,4,88,元大-台中,2024-01-08,9812
3037,欣興,75,1,74,元大-台中,2024-01-08,9812
3481,群創,158,88,70,元大-台中,2024-01-08,9812
2317,鴻海,65,1,64,元大-台中,2024-01-08,9812
2409,友達,168,105,63,元大-台中,2024-01-08,9812
00927,群益半導體收益,62,0,62,元大-台中,2024-01-08,9812
00637L,元大滬深300正2,90,31,59,元大-台中,2024-01-08,9812
00937B,群益ESG投等債20,59,0,59,元大-台中,2024-01-08,9812
00933B,國泰10Y+金融債,56,0,56,元大-台中,2024-01-08,9812
00919,群益台灣精選高息,56,1,55,元大-台中,2024-01-08,9812
2303,聯電,74,33,41,元大-台中,2024-01-08,9812
2883,凱基金,72,34,38,元大-台中,2024-01-08,9812
2353,宏��,174,137,37,元大-台中,2024-01-08,9812
2330,台積電,36,5,31,元大-台中,2024-01-08,9812
4306,炎洲,30,0,30,元大-台中,2024-01-08,9812
00882,中信中國高股息,30,4,26,元大-台中,2024-01-08,9812
1815,富喬,24,0,24,元大-台中,2024-01-08,9812
00720B,元大投資級公司債,30,7,23,元大-台中,2024-01-08,9812
6165,浪凡,22,0,22,元大-台中,2024-01-08,9812
9105,泰金寶-DR,21,0,21,元大-台中,2024-01-08,9812
2352,佳世達,24,4,20,元大-台中,2024-01-08,9812
00687B,國泰20年美債,20,1,19,元大-台中,2024-01-08,9812
5309,系統電,20,1,19,元大-台中,2024-01-08,9812
2885,元大金,23,4,19,元大-台中,2024-01-08,9812
4167,松瑞藥,18,0,18,元大-台中,2024-01-08,9812
2618,長榮航,52,35,17,元大-台中,2024-01-08,9812
00632R,元大台灣50反1,30,14,16,元大-台中,2024-01-08,9812
2516,新建,15,0,15,元大-台中,2024-01-08,9812
2489,瑞軒,14,0,14,元大-台中,2024-01-08,9812
00688L,國泰20年美債正2,14,0,14,元大-台中,2024-01-08,9812
6168,宏齊,12,0,12,元大-台中,2024-01-08,9812
2498,宏達電,529,517,12,元大-台中,2024-01-08,9812
2014,中鴻,13,1,12,元大-台中,2024-01-08,9812
2421,建準,12,1,11,元大-台中,2024-01-08,9812
4744,皇將,15,4,11,元大-台中,2024-01-08,9812
3086,華義,15,4,11,元大-台中,2024-01-08,9812
2884,玉山金,22,12,10,元大-台中,2024-01-08,9812
2634,漢翔,15,5,10,元大-台中,2024-01-08,9812
6457,紘康,10,0,10,元大-台中,2024-01-08,9812
3105,穩懋,10,0,10,元大-台中,2024-01-08,9812
6236,中湛,10,0,10,元大-台中,2024-01-08,9812
3017,奇鋐,18,8,10,元大-台中,2024-01-08,9812
00934,中信成長高股息,9,0,9,元大-台中,2024-01-08,9812
2363,矽統,10,1,9,元大-台中,2024-01-08,9812
6120,達運,10,1,9,元大-台中,2024-01-08,9812
4909,新復興,15,6,9,元大-台中,2024-01-08,9812
2888,新光金,655,8,647,元大-台中,2024-01-09,9812
00919,群益台灣精選高息,152,16,136,元大-台中,2024-01-09,9812
2408,南亞科,107,2,105,元大-台中,2024-01-09,9812
00720B,元大投資級公司債,104,2,102,元大-台中,2024-01-09,9812
00923,群益台ESG低碳50,100,0,100,元大-台中,2024-01-09,9812
2609,陽明,191,109,82,元大-台中,2024-01-09,9812
00929,復華台灣科技優息,80,3,77,元大-台中,2024-01-09,9812
00931B,統一美債20年,70,0,70,元大-台中,2024-01-09,9812
2615,萬海,72,19,53,元大-台中,2024-01-09,9812
00680L,元大美債20正2,48,1,47,元大-台中,2024-01-09,9812
00637L,元大滬深300正2,58,15,43,元大-台中,2024-01-09,9812
2104,國際中橡,40,0,40,元大-台中,2024-01-09,9812
4207,環泰,40,0,40,元大-台中,2024-01-09,9812
2317,鴻海,46,6,40,元大-台中,2024-01-09,9812
3481,群創,55,18,37,元大-台中,2024-01-09,9812
8039,台虹,36,1,35,元大-台中,2024-01-09,9812
6282,康舒,62,28,34,元大-台中,2024-01-09,9812
4105,東洋,32,0,32,元大-台中,2024-01-09,9812
5531,鄉林,30,0,30,元大-台中,2024-01-09,9812
00715L,期街口布蘭特正2,27,0,27,元大-台中,2024-01-09,9812
2388,威盛,65,39,26,元大-台中,2024-01-09,9812
2323,中環,27,2,25,元大-台中,2024-01-09,9812
00937B,群益ESG投等債20,27,2,25,元大-台中,2024-01-09,9812
8096,擎亞,25,4,21,元大-台中,2024-01-09,9812
2105,正新,21,0,21,元大-台中,2024-01-09,9812
3051,力特,24,5,19,元大-台中,2024-01-09,9812
2867,三商壽,20,2,18,元大-台中,2024-01-09,9812
00751B,元大AAA至A公司債,17,0,17,元大-台中,2024-01-09,9812
2002,中鋼,17,0,17,元大-台中,2024-01-09,9812
2610,華航,58,41,17,元大-台中,2024-01-09,9812
2324,仁寶,158,141,17,元大-台中,2024-01-09,9812
1718,中纖,16,0,16,元大-台中,2024-01-09,9812
2884,玉山金,16,1,15,元大-台中,2024-01-09,9812
00770,國泰北美科技,15,1,14,元大-台中,2024-01-09,9812
1474,弘裕,15,1,14,元大-台中,2024-01-09,9812
00918,大華優利高填息30,14,1,13,元大-台中,2024-01-09,9812
00642U,期元大S＆P石油,13,0,13,元大-台中,2024-01-09,9812
2881,富邦金,12,0,12,元大-台中,2024-01-09,9812
00671R,富邦NASDAQ反1,12,0,12,元大-台中,2024-01-09,9812
5348,正能量智能,12,0,12,元大-台中,2024-01-09,9812
3325,旭品,11,0,11,元大-台中,2024-01-09,9812
3707,漢磊,12,1,11,元大-台中,2024-01-09,9812
2344,華邦電,28,17,11,元大-台中,2024-01-09,9812
2204,中華,10,0,10,元大-台中,2024-01-09,9812
3529,力旺,10,0,10,元大-台中,2024-01-09,9812
1605,華新,12,2,10,元大-台中,2024-01-09,9812
2349,錸德,10,0,10,元大-台中,2024-01-09,9812
5864,致和證,10,0,10,元大-台中,2024-01-09,9812
2427,三商電,10,0,10,元大-台中,2024-01-09,9812
0056,元大高股息,15,5,10,元大-台中,2024-01-09,9812
2888,新光金,979,2,977,元大-台中,2024-01-10,9812
6640,均華,110,0,110,元大-台中,2024-01-10,9812
3032,偉訓,113,8,105,元大-台中,2024-01-10,9812
4979,華星光,96,13,83,元大-台中,2024-01-10,9812
00919,群益台灣精選高息,95,28,67,元大-台中,2024-01-10,9812
00720B,元大投資級公司債,62,1,61,元大-台中,2024-01-10,9812
9105,泰金寶-DR,60,0,60,元大-台中,2024-01-10,9812
00929,復華台灣科技優息,65,11,54,元大-台中,2024-01-10,9812
00937B,群益ESG投等債20,47,0,47,元大-台中,2024-01-10,9812
2374,佳能,46,0,46,元大-台中,2024-01-10,9812
3481,群創,49,4,45,元大-台中,2024-01-10,9812
4207,環泰,42,0,42,元大-台中,2024-01-10,9812
2104,國際中橡,38,0,38,元大-台中,2024-01-10,9812
2603,長榮,64,29,35,元大-台中,2024-01-10,9812
00712,復華富時不動產,30,1,29,元大-台中,2024-01-10,9812
1314,中石化,24,0,24,元大-台中,2024-01-10,9812
6116,彩晶,25,3,22,元大-台中,2024-01-10,9812
2371,大同,44,24,20,元大-台中,2024-01-10,9812
2317,鴻海,29,9,20,元大-台中,2024-01-10,9812
2887,台新金,20,0,20,元大-台中,2024-01-10,9812
2881,富邦金,20,0,20,元大-台中,2024-01-10,9812
5531,鄉林,20,0,20,元大-台中,2024-01-10,9812
2344,華邦電,20,0,20,元大-台中,2024-01-10,9812
2323,中環,21,2,19,元大-台中,2024-01-10,9812
0056,元大高股息,28,10,18,元大-台中,2024-01-10,9812
3055,蔚華科,61,43,18,元大-台中,2024-01-10,9812
5452,佶優,18,0,18,元大-台中,2024-01-10,9812
00904,新光臺灣半導體30,18,0,18,元大-台中,2024-01-10,9812
5009,榮剛,16,0,16,元大-台中,2024-01-10,9812
2882,國泰金,22,7,15,元大-台中,2024-01-10,9812
1605,華新,15,0,15,元大-台中,2024-01-10,9812
5426,振發,41,26,15,元大-台中,2024-01-10,9812
1325,恆大,26,12,14,元大-台中,2024-01-10,9812
00915,凱基優選高股息30,14,0,14,元大-台中,2024-01-10,9812
00933B,國泰10Y+金融債,14,0,14,元大-台中,2024-01-10,9812
2618,長榮航,85,71,14,元大-台中,2024-01-10,9812
00927,群益半導體收益,13,0,13,元大-台中,2024-01-10,9812
00882,中信中國高股息,12,0,12,元大-台中,2024-01-10,9812
2897,王道銀行,12,0,12,元大-台中,2024-01-10,9812
00675L,富邦臺灣加權正2,12,0,12,元大-台中,2024-01-10,9812
00679B,元大美債20年,12,0,12,元大-台中,2024-01-10,9812
4939,亞電,12,0,12,元大-台中,2024-01-10,9812
6770,力積電,13,2,11,元大-台中,2024-01-10,9812
2352,佳世達,14,3,11,元大-台中,2024-01-10,9812
3169,亞信,11,0,11,元大-台中,2024-01-10,9812
2301,光寶科,11,1,10,元大-台中,2024-01-10,9812
5425,台半,10,0,10,元大-台中,2024-01-10,9812
2609,陽明,80,70,10,元大-台中,2024-01-10,9812
3202,樺晟,10,0,10,元大-台中,2024-01-10,9812
00686R,群益臺灣加權反1,10,0,10,元大-台中,2024-01-10,9812
6530,創威,501,1,500,元大-台中,2024-01-11,9812
6140,訊達,205,1,204,元大-台中,2024-01-11,9812
00937B,群益ESG投等債20,190,1,189,元大-台中,2024-01-11,9812
00929,復華台灣科技優息,164,17,147,元大-台中,2024-01-11,9812
00919,群益台灣精選高息,112,8,104,元大-台中,2024-01-11,9812
2303,聯電,112,8,104,元大-台中,2024-01-11,9812
2344,華邦電,64,3,61,元大-台中,2024-01-11,9812
2882,國泰金,56,1,55,元大-台中,2024-01-11,9812
2369,菱生,50,0,50,元大-台中,2024-01-11,9812
4129,聯合,50,0,50,元大-台中,2024-01-11,9812
2317,鴻海,38,4,34,元大-台中,2024-01-11,9812
2609,陽明,52,25,27,元大-台中,2024-01-11,9812
00904,新光臺灣半導體30,26,0,26,元大-台中,2024-01-11,9812
2353,宏��,74,50,24,元大-台中,2024-01-11,9812
5483,中美晶,28,4,24,元大-台中,2024-01-11,9812
4207,環泰,24,0,24,元大-台中,2024-01-11,9812
6239,力成,25,2,23,元大-台中,2024-01-11,9812
2881,富邦金,25,3,22,元大-台中,2024-01-11,9812
4714,永捷,20,0,20,元大-台中,2024-01-11,9812
2637,慧洋-KY,21,1,20,元大-台中,2024-01-11,9812
00933B,國泰10Y+金融債,19,1,18,元大-台中,2024-01-11,9812
2421,建準,20,4,16,元大-台中,2024-01-11,9812
00927,群益半導體收益,17,2,15,元大-台中,2024-01-11,9812
00632R,元大台灣50反1,15,0,15,元大-台中,2024-01-11,9812
2329,華泰,34,19,15,元大-台中,2024-01-11,9812
2476,鉅祥,15,0,15,元大-台中,2024-01-11,9812
3588,通嘉,18,3,15,元大-台中,2024-01-11,9812
2331,精英,42,27,15,元大-台中,2024-01-11,9812
2405,輔信,15,0,15,元大-台中,2024-01-11,9812
6535,順藥,14,0,14,元大-台中,2024-01-11,9812
5009,榮剛,15,2,13,元大-台中,2024-01-11,9812
00881,國泰台灣5G+,12,0,12,元大-台中,2024-01-11,9812
3050,鈺德,12,0,12,元大-台中,2024-01-11,9812
00637L,元大滬深300正2,22,10,12,元大-台中,2024-01-11,9812
00772B,中信高評級公司債,11,0,11,元大-台中,2024-01-11,9812
2442,新美齊,10,0,10,元大-台中,2024-01-11,9812
3202,樺晟,10,0,10,元大-台中,2024-01-11,9812
4529,淳紳,10,0,10,元大-台中,2024-01-11,9812
1312,國喬,10,0,10,元大-台中,2024-01-11,9812
00892,富邦台灣半導體,10,0,10,元大-台中,2024-01-11,9812
2010,春源,10,0,10,元大-台中,2024-01-11,9812
00642U,期元大S＆P石油,10,0,10,元大-台中,2024-01-11,9812
3311,閎暉,10,0,10,元大-台中,2024-01-11,9812
4417,金洲,10,0,10,元大-台中,2024-01-11,9812
0056,元大高股息,18,9,9,元大-台中,2024-01-11,9812
00687B,國泰20年美債,9,0,9,元大-台中,2024-01-11,9812
2408,南亞科,19,10,9,元大-台中,2024-01-11,9812
00882,中信中國高股息,12,3,9,元大-台中,2024-01-11,9812
1519,華城,33,24,9,元大-台中,2024-01-11,9812
3162,精確,14,5,9,元大-台中,2024-01-11,9812
3231,緯創,674,549,125,元大-台中,2024-01-12,9812
00929,復華台灣科技優息,116,16,100,元大-台中,2024-01-12,9812
2208,台船,108,19,89,元大-台中,2024-01-12,9812
2610,華航,95,15,80,元大-台中,2024-01-12,9812
2887,台新金,78,0,78,元大-台中,2024-01-12,9812
00931B,統一美債20年,77,0,77,元大-台中,2024-01-12,9812
00751B,元大AAA至A公司債,42,0,42,元大-台中,2024-01-12,9812
00927,群益半導體收益,40,0,40,元大-台中,2024-01-12,9812
3025,星通,54,17,37,元大-台中,2024-01-12,9812
5258,虹堡,40,3,37,元大-台中,2024-01-12,9812
00632R,元大台灣50反1,50,15,35,元大-台中,2024-01-12,9812
2330,台積電,34,3,31,元大-台中,2024-01-12,9812
4129,聯合,30,0,30,元大-台中,2024-01-12,9812
4714,永捷,30,0,30,元大-台中,2024-01-12,9812
0056,元大高股息,33,8,25,元大-台中,2024-01-12,9812
00933B,國泰10Y+金融債,23,0,23,元大-台中,2024-01-12,9812
2353,宏��,72,52,20,元大-台中,2024-01-12,9812
2374,佳能,20,0,20,元大-台中,2024-01-12,9812
6443,元晶,19,0,19,元大-台中,2024-01-12,9812
3362,先進光,21,2,19,元大-台中,2024-01-12,9812
3712,永崴投控,18,0,18,元大-台中,2024-01-12,9812
4167,松瑞藥,17,0,17,元大-台中,2024-01-12,9812
00679B,元大美債20年,17,0,17,元大-台中,2024-01-12,9812
2356,英業達,49,33,16,元大-台中,2024-01-12,9812
00919,群益台灣精選高息,33,18,15,元大-台中,2024-01-12,9812
2882,國泰金,16,3,13,元大-台中,2024-01-12,9812
2885,元大金,20,7,13,元大-台中,2024-01-12,9812
5426,振發,108,95,13,元大-台中,2024-01-12,9812
8936,國統,14,1,13,元大-台中,2024-01-12,9812
5880,合庫金,12,0,12,元大-台中,2024-01-12,9812
6120,達運,30,18,12,元大-台中,2024-01-12,9812
3033,威健,17,5,12,元大-台中,2024-01-12,9812
2388,威盛,70,59,11,元大-台中,2024-01-12,9812
2891,中信金,12,1,11,元大-台中,2024-01-12,9812
1216,統一,11,1,10,元大-台中,2024-01-12,9812
3071,協禧,10,0,10,元大-台中,2024-01-12,9812
00637L,元大滬深300正2,60,50,10,元大-台中,2024-01-12,9812
5531,鄉林,10,0,10,元大-台中,2024-01-12,9812
00877,復華中國5G,10,0,10,元大-台中,2024-01-12,9812
3024,憶聲,10,0,10,元大-台中,2024-01-12,9812
1528,恩德,22,12,10,元大-台中,2024-01-12,9812
6156,松上,10,0,10,元大-台中,2024-01-12,9812
2852,第一保,10,0,10,元大-台中,2024-01-12,9812
6165,浪凡,10,0,10,元大-台中,2024-01-12,9812
6179,亞通,10,0,10,元大-台中,2024-01-12,9812
2317,鴻海,10,0,10,元大-台中,2024-01-12,9812
2436,偉詮電,10,0,10,元大-台中,2024-01-12,9812
2801,彰銀,9,0,9,元大-台中,2024-01-12,9812
2201,裕隆,35,26,9,元大-台中,2024-01-12,9812
00902,中信電池及儲能,9,0,9,元大-台中,2024-01-12,9812
8027,鈦昇,733,255,478,元大-台中,2024-01-15,9812
6140,訊達,301,103,198,元大-台中,2024-01-15,9812
00929,復華台灣科技優息,173,47,126,元大-台中,2024-01-15,9812
2610,華航,124,3,121,元大-台中,2024-01-15,9812
2885,元大金,111,0,111,元大-台中,2024-01-15,9812
5351,鈺創,149,45,104,元大-台中,2024-01-15,9812
6243,迅杰,210,114,96,元大-台中,2024-01-15,9812
00937B,群益ESG投等債20,90,0,90,元大-台中,2024-01-15,9812
0056,元大高股息,70,0,70,元大-台中,2024-01-15,9812
2618,長榮航,78,13,65,元大-台中,2024-01-15,9812
2887,台新金,45,0,45,元大-台中,2024-01-15,9812
4129,聯合,41,0,41,元大-台中,2024-01-15,9812
1608,華榮,40,0,40,元大-台中,2024-01-15,9812
00927,群益半導體收益,50,10,40,元大-台中,2024-01-15,9812
1444,力麗,39,0,39,元大-台中,2024-01-15,9812
2317,鴻海,37,2,35,元大-台中,2024-01-15,9812
4956,光鋐,34,4,30,元大-台中,2024-01-15,9812
3149,正達,30,0,30,元大-台中,2024-01-15,9812
2356,英業達,45,16,29,元大-台中,2024-01-15,9812
2476,鉅祥,27,0,27,元大-台中,2024-01-15,9812
2881,富邦金,26,0,26,元大-台中,2024-01-15,9812
2376,技嘉,31,6,25,元大-台中,2024-01-15,9812
1529,樂事綠能,31,7,24,元大-台中,2024-01-15,9812
00904,新光臺灣半導體30,23,0,23,元大-台中,2024-01-15,9812
00688L,國泰20年美債正2,37,17,20,元大-台中,2024-01-15,9812
1718,中纖,20,0,20,元大-台中,2024-01-15,9812
00637L,元大滬深300正2,35,15,20,元大-台中,2024-01-15,9812
2421,建準,24,6,18,元大-台中,2024-01-15,9812
6906,現觀科,19,1,18,元大-台中,2024-01-15,9812
2609,陽明,54,37,17,元大-台中,2024-01-15,9812
6223,旺矽,19,4,15,元大-台中,2024-01-15,9812
5426,振發,42,27,15,元大-台中,2024-01-15,9812
3030,德律,15,0,15,元大-台中,2024-01-15,9812
00665L,富邦�琤肭磪囓�2,15,0,15,元大-台中,2024-01-15,9812
8112,至上,21,7,14,元大-台中,2024-01-15,9812
2890,永豐金,12,0,12,元大-台中,2024-01-15,9812
6245,立端,12,0,12,元大-台中,2024-01-15,9812
3122,笙泉,11,0,11,元大-台中,2024-01-15,9812
2377,微星,11,0,11,元大-台中,2024-01-15,9812
9958,世紀鋼,16,6,10,元大-台中,2024-01-15,9812
6112,邁達特,10,0,10,元大-台中,2024-01-15,9812
00680L,元大美債20正2,15,5,10,元大-台中,2024-01-15,9812
3625,西勝,10,0,10,元大-台中,2024-01-15,9812
00632R,元大台灣50反1,10,0,10,元大-台中,2024-01-15,9812
00701,國泰股利精選30,10,0,10,元大-台中,2024-01-15,9812
5324,士開,10,0,10,元大-台中,2024-01-15,9812
2323,中環,10,0,10,元大-台中,2024-01-15,9812
6207,雷科,26,16,10,元大-台中,2024-01-15,9812
2630,亞航,138,129,9,元大-台中,2024-01-15,9812
2002,中鋼,9,0,9,元大-台中,2024-01-15,9812
2892,第一金,285,0,285,元大-台中,2024-01-16,9812
5880,合庫金,231,0,231,元大-台中,2024-01-16,9812
2887,台新金,167,0,167,元大-台中,2024-01-16,9812
00919,群益台灣精選高息,133,3,130,元大-台中,2024-01-16,9812
2610,華航,120,0,120,元大-台中,2024-01-16,9812
2885,元大金,124,10,114,元大-台中,2024-01-16,9812
00929,復華台灣科技優息,111,0,111,元大-台中,2024-01-16,9812
0056,元大高股息,100,5,95,元大-台中,2024-01-16,9812
00878,國泰永續高股息,92,3,89,元大-台中,2024-01-16,9812
00725B,國泰投資級公司債,82,0,82,元大-台中,2024-01-16,9812
2312,金寶,60,1,59,元大-台中,2024-01-16,9812
8096,擎亞,99,40,59,元大-台中,2024-01-16,9812
2888,新光金,67,13,54,元大-台中,2024-01-16,9812
00900,富邦特選高股息30,51,0,51,元大-台中,2024-01-16,9812
6789,采鈺,51,0,51,元大-台中,2024-01-16,9812
2460,建通,50,0,50,元大-台中,2024-01-16,9812
3264,欣銓,51,3,48,元大-台中,2024-01-16,9812
4207,環泰,46,0,46,元大-台中,2024-01-16,9812
6443,元晶,46,1,45,元大-台中,2024-01-16,9812
2344,華邦電,43,3,40,元大-台中,2024-01-16,9812
2390,云辰,38,0,38,元大-台中,2024-01-16,9812
6695,芯鼎,205,167,38,元大-台中,2024-01-16,9812
2603,長榮,34,1,33,元大-台中,2024-01-16,9812
2405,輔信,83,50,33,元大-台中,2024-01-16,9812
1312,國喬,29,0,29,元大-台中,2024-01-16,9812
00927,群益半導體收益,25,0,25,元大-台中,2024-01-16,9812
2486,一詮,34,9,25,元大-台中,2024-01-16,9812
2890,永豐金,25,0,25,元大-台中,2024-01-16,9812
6187,萬潤,27,3,24,元大-台中,2024-01-16,9812
1708,東鹼,24,0,24,元大-台中,2024-01-16,9812
9945,潤泰新,25,1,24,元大-台中,2024-01-16,9812
2882,國泰金,24,0,24,元大-台中,2024-01-16,9812
00679B,元大美債20年,23,0,23,元大-台中,2024-01-16,9812
1504,東元,80,58,22,元大-台中,2024-01-16,9812
00751B,元大AAA至A公司債,23,1,22,元大-台中,2024-01-16,9812
00882,中信中國高股息,21,0,21,元大-台中,2024-01-16,9812
2881,富邦金,21,1,20,元大-台中,2024-01-16,9812
2702,華園,20,0,20,元大-台中,2024-01-16,9812
5864,致和證,20,0,20,元大-台中,2024-01-16,9812
00907,永豐優息存股,20,0,20,元大-台中,2024-01-16,9812
2449,京元電子,25,7,18,元大-台中,2024-01-16,9812
2002,中鋼,17,0,17,元大-台中,2024-01-16,9812
2211,長榮鋼,16,0,16,元大-台中,2024-01-16,9812
4909,新復興,37,22,15,元大-台中,2024-01-16,9812
3673,TPK-KY,15,1,14,元大-台中,2024-01-16,9812
8936,國統,14,0,14,元大-台中,2024-01-16,9812
1605,華新,15,1,14,元大-台中,2024-01-16,9812
1216,統一,16,3,13,元大-台中,2024-01-16,9812
1314,中石化,13,0,13,元大-台中,2024-01-16,9812
1609,大亞,40,27,13,元大-台中,2024-01-16,9812
0056,元大高股息,534,0,534,元大-台中,2024-01-17,9812
00919,群益台灣精選高息,215,55,160,元大-台中,2024-01-17,9812
00882,中信中國高股息,147,0,147,元大-台中,2024-01-17,9812
2344,華邦電,302,170,132,元大-台中,2024-01-17,9812
2888,新光金,203,81,122,元大-台中,2024-01-17,9812
2885,元大金,124,5,119,元大-台中,2024-01-17,9812
2882,國泰金,68,1,67,元大-台中,2024-01-17,9812
00679B,元大美債20年,64,0,64,元大-台中,2024-01-17,9812
2317,鴻海,61,0,61,元大-台中,2024-01-17,9812
00878,國泰永續高股息,61,0,61,元大-台中,2024-01-17,9812
2887,台新金,60,2,58,元大-台中,2024-01-17,9812
1314,中石化,57,0,57,元大-台中,2024-01-17,9812
00902,中信電池及儲能,45,0,45,元大-台中,2024-01-17,9812
2374,佳能,37,0,37,元大-台中,2024-01-17,9812
2892,第一金,36,0,36,元大-台中,2024-01-17,9812
0050,元大台灣50,37,1,36,元大-台中,2024-01-17,9812
2390,云辰,34,0,34,元大-台中,2024-01-17,9812
2618,長榮航,50,17,33,元大-台中,2024-01-17,9812
2356,英業達,50,18,32,元大-台中,2024-01-17,9812
00637L,元大滬深300正2,50,20,30,元大-台中,2024-01-17,9812
4207,環泰,25,0,25,元大-台中,2024-01-17,9812
5425,台半,29,6,23,元大-台中,2024-01-17,9812
5880,合庫金,22,0,22,元大-台中,2024-01-17,9812
3712,永崴投控,22,0,22,元大-台中,2024-01-17,9812
2323,中環,21,0,21,元大-台中,2024-01-17,9812
2609,陽明,63,42,21,元大-台中,2024-01-17,9812
00937B,群益ESG投等債20,21,0,21,元大-台中,2024-01-17,9812
00927,群益半導體收益,21,0,21,元大-台中,2024-01-17,9812
4105,東洋,20,0,20,元大-台中,2024-01-17,9812
1783,和康生,20,0,20,元大-台中,2024-01-17,9812
4714,永捷,20,0,20,元大-台中,2024-01-17,9812
3694,海華,27,7,20,元大-台中,2024-01-17,9812
2881,富邦金,21,1,20,元大-台中,2024-01-17,9812
2884,玉山金,24,4,20,元大-台中,2024-01-17,9812
2610,華航,29,10,19,元大-台中,2024-01-17,9812
2886,兆豐金,19,0,19,元大-台中,2024-01-17,9812
2002,中鋼,21,4,17,元大-台中,2024-01-17,9812
00688L,國泰20年美債正2,17,0,17,元大-台中,2024-01-17,9812
1815,富喬,28,11,17,元大-台中,2024-01-17,9812
00680L,元大美債20正2,166,150,16,元大-台中,2024-01-17,9812
2405,輔信,46,31,15,元大-台中,2024-01-17,9812
1513,中興電,15,0,15,元大-台中,2024-01-17,9812
6005,群益證,15,0,15,元大-台中,2024-01-17,9812
00633L,富邦上証正2,15,0,15,元大-台中,2024-01-17,9812
00789B,復華公司債A3,15,0,15,元大-台中,2024-01-17,9812
3025,星通,34,19,15,元大-台中,2024-01-17,9812
00888,永豐台灣ESG,14,0,14,元大-台中,2024-01-17,9812
2208,台船,15,1,14,元大-台中,2024-01-17,9812
00922,國泰台灣領袖50,14,0,14,元大-台中,2024-01-17,9812
00918,大華優利高填息30,16,3,13,元大-台中,2024-01-17,9812
5426,振發,539,314,225,元大-台中,2024-01-18,9812
3481,群創,1294,1142,152,元大-台中,2024-01-18,9812
2330,台積電,136,28,108,元大-台中,2024-01-18,9812
6117,迎廣,111,5,106,元大-台中,2024-01-18,9812
6488,環球晶,85,0,85,元大-台中,2024-01-18,9812
4529,淳紳,80,1,79,元大-台中,2024-01-18,9812
8054,安國,73,0,73,元大-台中,2024-01-18,9812
2885,元大金,71,4,67,元大-台中,2024-01-18,9812
00882,中信中國高股息,63,0,63,元大-台中,2024-01-18,9812
2888,新光金,294,237,57,元大-台中,2024-01-18,9812
2883,凱基金,106,52,54,元大-台中,2024-01-18,9812
1301,台塑,55,2,53,元大-台中,2024-01-18,9812
00637L,元大滬深300正2,65,15,50,元大-台中,2024-01-18,9812
00878,國泰永續高股息,59,17,42,元大-台中,2024-01-18,9812
0056,元大高股息,50,11,39,元大-台中,2024-01-18,9812
00919,群益台灣精選高息,60,26,34,元大-台中,2024-01-18,9812
4105,東洋,32,0,32,元大-台中,2024-01-18,9812
2881,富邦金,30,3,27,元大-台中,2024-01-18,9812
2002,中鋼,29,3,26,元大-台中,2024-01-18,9812
00633L,富邦上証正2,25,0,25,元大-台中,2024-01-18,9812
4746,台耀,39,14,25,元大-台中,2024-01-18,9812
2317,鴻海,33,11,22,元大-台中,2024-01-18,9812
5009,榮剛,22,0,22,元大-台中,2024-01-18,9812
3623,富晶通,23,2,21,元大-台中,2024-01-18,9812
00679B,元大美債20年,27,7,20,元大-台中,2024-01-18,9812
3131,弘塑,20,0,20,元大-台中,2024-01-18,9812
6695,芯鼎,34,14,20,元大-台中,2024-01-18,9812
6712,長聖,20,0,20,元大-台中,2024-01-18,9812
2486,一詮,47,29,18,元大-台中,2024-01-18,9812
2887,台新金,22,5,17,元大-台中,2024-01-18,9812
1326,台化,17,0,17,元大-台中,2024-01-18,9812
4207,環泰,16,0,16,元大-台中,2024-01-18,9812
00937B,群益ESG投等債20,16,0,16,元大-台中,2024-01-18,9812
006208,富邦台50,14,0,14,元大-台中,2024-01-18,9812
2884,玉山金,14,0,14,元大-台中,2024-01-18,9812
1466,聚隆,14,0,14,元大-台中,2024-01-18,9812
00720B,元大投資級公司債,14,0,14,元大-台中,2024-01-18,9812
2362,藍天,22,8,14,元大-台中,2024-01-18,9812
00933B,國泰10Y+金融債,23,10,13,元大-台中,2024-01-18,9812
1504,東元,12,1,11,元大-台中,2024-01-18,9812
00927,群益半導體收益,11,0,11,元大-台中,2024-01-18,9812
1303,南亞,11,0,11,元大-台中,2024-01-18,9812
2324,仁寶,13,2,11,元大-台中,2024-01-18,9812
2105,正新,10,0,10,元大-台中,2024-01-18,9812
3715,定穎投控,19,9,10,元大-台中,2024-01-18,9812
4714,永捷,10,0,10,元大-台中,2024-01-18,9812
3162,精確,10,0,10,元大-台中,2024-01-18,9812
6112,邁達特,10,0,10,元大-台中,2024-01-18,9812
00680L,元大美債20正2,44,34,10,元大-台中,2024-01-18,9812
3630,新鉅科,10,2,8,元大-台中,2024-01-18,9812
3231,緯創,961,246,715,元大-台中,2024-01-19,9812
2303,聯電,277,17,260,元大-台中,2024-01-19,9812
6140,訊達,214,20,194,元大-台中,2024-01-19,9812
00632R,元大台灣50反1,167,20,147,元大-台中,2024-01-19,9812
00937B,群益ESG投等債20,86,6,80,元大-台中,2024-01-19,9812
00680L,元大美債20正2,105,27,78,元大-台中,2024-01-19,9812
00679B,元大美債20年,90,13,77,元大-台中,2024-01-19,9812
2002,中鋼,74,0,74,元大-台中,2024-01-19,9812
00688L,國泰20年美債正2,71,2,69,元大-台中,2024-01-19,9812
00706L,期元大S＆P日圓正2,66,0,66,元大-台中,2024-01-19,9812
2882,國泰金,64,0,64,元大-台中,2024-01-19,9812
4960,誠美材,70,7,63,元大-台中,2024-01-19,9812
00904,新光臺灣半導體30,55,1,54,元大-台中,2024-01-19,9812
3481,群創,162,117,45,元大-台中,2024-01-19,9812
00929,復華台灣科技優息,49,7,42,元大-台中,2024-01-19,9812
4109,加捷生醫,70,28,42,元大-台中,2024-01-19,9812
3339,泰谷,44,4,40,元大-台中,2024-01-19,9812
00933B,國泰10Y+金融債,40,1,39,元大-台中,2024-01-19,9812
2881,富邦金,37,0,37,元大-台中,2024-01-19,9812
00882,中信中國高股息,39,2,37,元大-台中,2024-01-19,9812
00919,群益台灣精選高息,46,10,36,元大-台中,2024-01-19,9812
00687B,國泰20年美債,36,2,34,元大-台中,2024-01-19,9812
2888,新光金,164,131,33,元大-台中,2024-01-19,9812
00665L,富邦�琤肭磪囓�2,37,5,32,元大-台中,2024-01-19,9812
2408,南亞科,50,23,27,元大-台中,2024-01-19,9812
5426,振發,284,259,25,元大-台中,2024-01-19,9812
6462,神盾,32,8,24,元大-台中,2024-01-19,9812
3036,文曄,43,20,23,元大-台中,2024-01-19,9812
2618,長榮航,76,55,21,元大-台中,2024-01-19,9812
2409,友達,36,16,20,元大-台中,2024-01-19,9812
2891,中信金,34,15,19,元大-台中,2024-01-19,9812
00931B,統一美債20年,19,0,19,元大-台中,2024-01-19,9812
6120,達運,44,27,17,元大-台中,2024-01-19,9812
3490,單井,25,9,16,元大-台中,2024-01-19,9812
6219,富旺,15,0,15,元大-台中,2024-01-19,9812
00720B,元大投資級公司債,30,16,14,元大-台中,2024-01-19,9812
1608,華榮,24,10,14,元大-台中,2024-01-19,9812
3694,海華,15,1,14,元大-台中,2024-01-19,9812
4188,安克,16,2,14,元大-台中,2024-01-19,9812
00751B,元大AAA至A公司債,13,0,13,元大-台中,2024-01-19,9812
6669,緯穎,21,8,13,元大-台中,2024-01-19,9812
2374,佳能,12,0,12,元大-台中,2024-01-19,9812
2883,凱基金,12,0,12,元大-台中,2024-01-19,9812
5272,笙科,12,0,12,元大-台中,2024-01-19,9812
2377,微星,14,3,11,元大-台中,2024-01-19,9812
6207,雷科,13,2,11,元大-台中,2024-01-19,9812
00713,元大台灣高息低波,11,0,11,元大-台中,2024-01-19,9812
2489,瑞軒,11,0,11,元大-台中,2024-01-19,9812
4906,正文,10,0,10,元大-台中,2024-01-19,9812
3607,谷崧,10,0,10,元大-台中,2024-01-19,9812
2356,英業達,1259,454,805,元大-台中,2024-01-22,9812
00882,中信中國高股息,122,9,113,元大-台中,2024-01-22,9812
00688L,國泰20年美債正2,110,0,110,元大-台中,2024-01-22,9812
00753L,中信中國50正2,110,0,110,元大-台中,2024-01-22,9812
00632R,元大台灣50反1,115,7,108,元大-台中,2024-01-22,9812
6237,驊訊,105,9,96,元大-台中,2024-01-22,9812
2353,宏��,113,29,84,元大-台中,2024-01-22,9812
00885,富邦越南,85,15,70,元大-台中,2024-01-22,9812
3706,神達,125,56,69,元大-台中,2024-01-22,9812
00680L,元大美債20正2,79,10,69,元大-台中,2024-01-22,9812
00929,復華台灣科技優息,68,18,50,元大-台中,2024-01-22,9812
2618,長榮航,58,9,49,元大-台中,2024-01-22,9812
00933B,國泰10Y+金融債,46,0,46,元大-台中,2024-01-22,9812
2609,陽明,67,26,41,元大-台中,2024-01-22,9812
2316,楠梓電,47,11,36,元大-台中,2024-01-22,9812
2867,三商壽,36,0,36,元大-台中,2024-01-22,9812
00919,群益台灣精選高息,43,11,32,元大-台中,2024-01-22,9812
2885,元大金,34,2,32,元大-台中,2024-01-22,9812
2344,華邦電,49,17,32,元大-台中,2024-01-22,9812
8932,智通*,30,0,30,元大-台中,2024-01-22,9812
6770,力積電,34,5,29,元大-台中,2024-01-22,9812
2887,台新金,27,0,27,元大-台中,2024-01-22,9812
6112,邁達特,33,6,27,元大-台中,2024-01-22,9812
8227,巨有科技,25,0,25,元大-台中,2024-01-22,9812
00679B,元大美債20年,36,11,25,元大-台中,2024-01-22,9812
6233,旺玖,43,21,22,元大-台中,2024-01-22,9812
4129,聯合,28,7,21,元大-台中,2024-01-22,9812
2329,華泰,90,69,21,元大-台中,2024-01-22,9812
3071,協禧,20,0,20,元大-台中,2024-01-22,9812
2365,昆盈,20,1,19,元大-台中,2024-01-22,9812
6274,台燿,23,4,19,元大-台中,2024-01-22,9812
2892,第一金,17,0,17,元大-台中,2024-01-22,9812
2882,國泰金,18,1,17,元大-台中,2024-01-22,9812
8059,凱碩,29,16,13,元大-台中,2024-01-22,9812
2362,藍天,14,2,12,元大-台中,2024-01-22,9812
5452,佶優,16,4,12,元大-台中,2024-01-22,9812
00642U,期元大S＆P石油,12,0,12,元大-台中,2024-01-22,9812
8096,擎亞,28,16,12,元大-台中,2024-01-22,9812
2884,玉山金,12,1,11,元大-台中,2024-01-22,9812
00902,中信電池及儲能,14,3,11,元大-台中,2024-01-22,9812
1785,光洋科,12,1,11,元大-台中,2024-01-22,9812
2880,華南金,12,1,11,元大-台中,2024-01-22,9812
4953,緯軟,14,3,11,元大-台中,2024-01-22,9812
00665L,富邦�琤肭磪囓�2,11,0,11,元大-台中,2024-01-22,9812
00937B,群益ESG投等債20,11,1,10,元大-台中,2024-01-22,9812
3059,華晶科,11,0,11,元大-台中,2024-01-22,9812
2059,川湖,19,9,10,元大-台中,2024-01-22,9812
5009,榮剛,10,0,10,元大-台中,2024-01-22,9812
2883,凱基金,16,6,10,元大-台中,2024-01-22,9812
00878,國泰永續高股息,39,29,10,元大-台中,2024-01-22,9812
00929,復華台灣科技優息,2678,55,2623,元大-台中,2024-01-23,9812
6237,驊訊,489,150,339,元大-台中,2024-01-23,9812
2883,凱基金,230,0,230,元大-台中,2024-01-23,9812
8089,康全電訊,325,110,215,元大-台中,2024-01-23,9812
6265,方土昶,93,0,93,元大-台中,2024-01-23,9812
00937B,群益ESG投等債20,79,10,69,元大-台中,2024-01-23,9812
00632R,元大台灣50反1,60,0,60,元大-台中,2024-01-23,9812
2337,旺宏,51,6,45,元大-台中,2024-01-23,9812
00679B,元大美債20年,44,0,44,元大-台中,2024-01-23,9812
00680L,元大美債20正2,46,4,42,元大-台中,2024-01-23,9812
00673R,期元大S＆P原油反1,40,0,40,元大-台中,2024-01-23,9812
00687B,國泰20年美債,23,2,21,元大-台中,2024-01-23,9812
2460,建通,28,7,21,元大-台中,2024-01-23,9812
2354,鴻準,20,0,20,元大-台中,2024-01-23,9812
00669R,國泰美國道瓊反1,20,0,20,元大-台中,2024-01-23,9812
3059,華晶科,40,21,19,元大-台中,2024-01-23,9812
1514,亞力,30,13,17,元大-台中,2024-01-23,9812
4167,松瑞藥,16,0,16,元大-台中,2024-01-23,9812
2610,華航,32,17,15,元大-台中,2024-01-23,9812
2425,承啟,16,1,15,元大-台中,2024-01-23,9812
00933B,國泰10Y+金融債,18,3,15,元大-台中,2024-01-23,9812
2609,陽明,41,26,15,元大-台中,2024-01-23,9812
2316,楠梓電,15,1,14,元大-台中,2024-01-23,9812
00882,中信中國高股息,18,4,14,元大-台中,2024-01-23,9812
3055,蔚華科,17,4,13,元大-台中,2024-01-23,9812
2618,長榮航,19,7,12,元大-台中,2024-01-23,9812
2353,宏��,30,18,12,元大-台中,2024-01-23,9812
3666,光耀,12,0,12,元大-台中,2024-01-23,9812
4956,光鋐,20,8,12,元大-台中,2024-01-23,9812
8404,百和興業-KY,15,3,12,元大-台中,2024-01-23,9812
00665L,富邦�琤肭磪囓�2,20,9,11,元大-台中,2024-01-23,9812
00931B,統一美債20年,11,0,11,元大-台中,2024-01-23,9812
00878,國泰永續高股息,13,3,10,元大-台中,2024-01-23,9812
00720B,元大投資級公司債,10,0,10,元大-台中,2024-01-23,9812
2355,敬鵬,10,0,10,元大-台中,2024-01-23,9812
00637L,元大滬深300正2,60,50,10,元大-台中,2024-01-23,9812
2208,台船,27,17,10,元大-台中,2024-01-23,9812
6509,聚和,10,0,10,元大-台中,2024-01-23,9812
1471,首利,17,7,10,元大-台中,2024-01-23,9812
1513,中興電,15,6,9,元大-台中,2024-01-23,9812
2486,一詮,30,21,9,元大-台中,2024-01-23,9812
6108,競國,15,6,9,元大-台中,2024-01-23,9812
2449,京元電子,12,3,9,元大-台中,2024-01-23,9812
8059,凱碩,13,5,8,元大-台中,2024-01-23,9812
8034,榮群,13,5,8,元大-台中,2024-01-23,9812
2359,所羅門,10,3,7,元大-台中,2024-01-23,9812
3311,閎暉,7,0,7,元大-台中,2024-01-23,9812
2634,漢翔,7,0,7,元大-台中,2024-01-23,9812
1802,台玻,7,0,7,元大-台中,2024-01-23,9812
2002,中鋼,7,0,7,元大-台中,2024-01-23,9812
2888,新光金,1252,61,1191,元大-台中,2024-01-24,9812
8096,擎亞,814,34,780,元大-台中,2024-01-24,9812
00637L,元大滬深300正2,161,29,132,元大-台中,2024-01-24,9812
2303,聯電,116,11,105,元大-台中,2024-01-24,9812
00937B,群益ESG投等債20,53,0,53,元大-台中,2024-01-24,9812
00679B,元大美債20年,51,0,51,元大-台中,2024-01-24,9812
5443,均豪,60,17,43,元大-台中,2024-01-24,9812
2455,全新,41,0,41,元大-台中,2024-01-24,9812
00687B,國泰20年美債,37,0,37,元大-台中,2024-01-24,9812
2413,環科,35,0,35,元大-台中,2024-01-24,9812
2812,台中銀,32,0,32,元大-台中,2024-01-24,9812
2885,元大金,31,0,31,元大-台中,2024-01-24,9812
00632R,元大台灣50反1,30,0,30,元大-台中,2024-01-24,9812
2891,中信金,30,0,30,元大-台中,2024-01-24,9812
2353,宏��,73,44,29,元大-台中,2024-01-24,9812
00751B,元大AAA至A公司債,27,0,27,元大-台中,2024-01-24,9812
4420,光明,25,0,25,元大-台中,2024-01-24,9812
2374,佳能,25,0,25,元大-台中,2024-01-24,9812
00720B,元大投資級公司債,23,1,22,元大-台中,2024-01-24,9812
3680,家登,21,0,21,元大-台中,2024-01-24,9812
2884,玉山金,20,0,20,元大-台中,2024-01-24,9812
2886,兆豐金,20,1,19,元大-台中,2024-01-24,9812
3105,穩懋,21,2,19,元大-台中,2024-01-24,9812
2352,佳世達,17,0,17,元大-台中,2024-01-24,9812
2356,英業達,153,136,17,元大-台中,2024-01-24,9812
3580,友威科,14,0,14,元大-台中,2024-01-24,9812
2515,中工,13,0,13,元大-台中,2024-01-24,9812
3563,牧德,13,0,13,元大-台中,2024-01-24,9812
8050,廣積,13,1,12,元大-台中,2024-01-24,9812
8027,鈦昇,24,13,11,元大-台中,2024-01-24,9812
2892,第一金,11,0,11,元大-台中,2024-01-24,9812
5432,新門,11,0,11,元大-台中,2024-01-24,9812
2329,華泰,21,10,11,元大-台中,2024-01-24,9812
00882,中信中國高股息,17,7,10,元大-台中,2024-01-24,9812
3545,敦泰,10,0,10,元大-台中,2024-01-24,9812
9914,美利達,11,1,10,元大-台中,2024-01-24,9812
2425,承啟,10,0,10,元大-台中,2024-01-24,9812
2388,威盛,10,0,10,元大-台中,2024-01-24,9812
1783,和康生,10,0,10,元大-台中,2024-01-24,9812
5234,達興材料,31,21,10,元大-台中,2024-01-24,9812
6435,大中,10,0,10,元大-台中,2024-01-24,9812
2467,志聖,11,2,9,元大-台中,2024-01-24,9812
2363,矽統,12,3,9,元大-台中,2024-01-24,9812
2409,友達,20,11,9,元大-台中,2024-01-24,9812
4123,晟德,10,1,9,元大-台中,2024-01-24,9812
00680L,元大美債20正2,8,0,8,元大-台中,2024-01-24,9812
00723B,群益投資級科技債,8,0,8,元大-台中,2024-01-24,9812
2369,菱生,101,93,8,元大-台中,2024-01-24,9812
2359,所羅門,8,0,8,元大-台中,2024-01-24,9812
1723,中碳,8,0,8,元大-台中,2024-01-24,9812
3005,神基,201,15,186,元大-台中,2024-01-25,9812
00665L,富邦�琤肭磪囓�2,152,35,117,元大-台中,2024-01-25,9812
00632R,元大台灣50反1,116,0,116,元大-台中,2024-01-25,9812
3047,訊舟,112,0,112,元大-台中,2024-01-25,9812
00927,群益半導體收益,103,0,103,元大-台中,2024-01-25,9812
2618,長榮航,110,8,102,元大-台中,2024-01-25,9812
00637L,元大滬深300正2,310,211,99,元大-台中,2024-01-25,9812
00937B,群益ESG投等債20,136,58,78,元大-台中,2024-01-25,9812
00929,復華台灣科技優息,83,5,78,元大-台中,2024-01-25,9812
00687B,國泰20年美債,60,0,60,元大-台中,2024-01-25,9812
9105,泰金寶-DR,65,7,58,元大-台中,2024-01-25,9812
2344,華邦電,84,27,57,元大-台中,2024-01-25,9812
00679B,元大美債20年,56,0,56,元大-台中,2024-01-25,9812
00885,富邦越南,50,0,50,元大-台中,2024-01-25,9812
00673R,期元大S＆P原油反1,40,0,40,元大-台中,2024-01-25,9812
2609,陽明,66,28,38,元大-台中,2024-01-25,9812
6167,久正,38,5,33,元大-台中,2024-01-25,9812
8227,巨有科技,33,1,32,元大-台中,2024-01-25,9812
2454,聯發科,34,4,30,元大-台中,2024-01-25,9812
9904,寶成,28,2,26,元大-台中,2024-01-25,9812
00715L,期街口布蘭特正2,27,2,25,元大-台中,2024-01-25,9812
2365,昆盈,23,7,16,元大-台中,2024-01-25,9812
2363,矽統,16,0,16,元大-台中,2024-01-25,9812
3354,律勝,37,23,14,元大-台中,2024-01-25,9812
3548,兆利,23,9,14,元大-台中,2024-01-25,9812
2382,廣達,26,13,13,元大-台中,2024-01-25,9812
4148,全宇生技-KY,13,0,13,元大-台中,2024-01-25,9812
3630,新鉅科,12,0,12,元大-台中,2024-01-25,9812
3563,牧德,84,72,12,元大-台中,2024-01-25,9812
8105,凌巨,15,4,11,元大-台中,2024-01-25,9812
3311,閎暉,13,2,11,元大-台中,2024-01-25,9812
8936,國統,13,2,11,元大-台中,2024-01-25,9812
6207,雷科,11,0,11,元大-台中,2024-01-25,9812
3149,正達,14,3,11,元大-台中,2024-01-25,9812
1905,華紙,10,0,10,元大-台中,2024-01-25,9812
3498,陽程,10,0,10,元大-台中,2024-01-25,9812
6116,彩晶,10,0,10,元大-台中,2024-01-25,9812
00720B,元大投資級公司債,10,0,10,元大-台中,2024-01-25,9812
2615,萬海,9,0,9,元大-台中,2024-01-25,9812
6113,亞矽,15,6,9,元大-台中,2024-01-25,9812
6111,大宇資,13,4,9,元大-台中,2024-01-25,9812
5880,合庫金,8,0,8,元大-台中,2024-01-25,9812
2406,國碩,8,0,8,元大-台中,2024-01-25,9812
2337,旺宏,9,1,8,元大-台中,2024-01-25,9812
1522,堤維西,9,2,7,元大-台中,2024-01-25,9812
3374,精材,9,2,7,元大-台中,2024-01-25,9812
1514,亞力,8,1,7,元大-台中,2024-01-25,9812
2374,佳能,7,0,7,元大-台中,2024-01-25,9812
3038,全台,7,0,7,元大-台中,2024-01-25,9812
00650L,復華香港正2,10,3,7,元大-台中,2024-01-25,9812
2344,華邦電,309,14,295,元大-台中,2024-01-26,9812
00882,中信中國高股息,222,21,201,元大-台中,2024-01-26,9812
00919,群益台灣精選高息,82,8,74,元大-台中,2024-01-26,9812
00929,復華台灣科技優息,63,3,60,元大-台中,2024-01-26,9812
2356,英業達,138,78,60,元大-台中,2024-01-26,9812
3354,律勝,93,38,55,元大-台中,2024-01-26,9812
9105,泰金寶-DR,57,12,45,元大-台中,2024-01-26,9812
2382,廣達,53,10,43,元大-台中,2024-01-26,9812
2324,仁寶,58,16,42,元大-台中,2024-01-26,9812
2303,聯電,242,204,38,元大-台中,2024-01-26,9812
00680L,元大美債20正2,32,1,31,元大-台中,2024-01-26,9812
3694,海華,86,55,31,元大-台中,2024-01-26,9812
2374,佳能,31,0,31,元大-台中,2024-01-26,9812
8111,立��,46,15,31,元大-台中,2024-01-26,9812
6763,綠界科技*,30,0,30,元大-台中,2024-01-26,9812
6127,九豪,30,0,30,元大-台中,2024-01-26,9812
6167,久正,32,3,29,元大-台中,2024-01-26,9812
00632R,元大台灣50反1,27,0,27,元大-台中,2024-01-26,9812
2342,茂矽,24,0,24,元大-台中,2024-01-26,9812
00687B,國泰20年美債,23,2,21,元大-台中,2024-01-26,9812
2609,陽明,51,30,21,元大-台中,2024-01-26,9812
2855,統一證,20,1,19,元大-台中,2024-01-26,9812
00937B,群益ESG投等債20,25,9,16,元大-台中,2024-01-26,9812
5364,力麗店,15,0,15,元大-台中,2024-01-26,9812
4906,正文,13,0,13,元大-台中,2024-01-26,9812
00753L,中信中國50正2,95,83,12,元大-台中,2024-01-26,9812
5443,均豪,11,0,11,元大-台中,2024-01-26,9812
5206,坤悅,10,0,10,元大-台中,2024-01-26,9812
2399,映泰,10,0,10,元大-台中,2024-01-26,9812
00673R,期元大S＆P原油反1,10,0,10,元大-台中,2024-01-26,9812
00639,富邦深100,10,0,10,元大-台中,2024-01-26,9812
5348,正能量智能,10,0,10,元大-台中,2024-01-26,9812
0056,元大高股息,11,2,9,元大-台中,2024-01-26,9812
2353,宏��,27,18,9,元大-台中,2024-01-26,9812
00712,復華富時不動產,11,2,9,元大-台中,2024-01-26,9812
3704,合勤控,9,0,9,元大-台中,2024-01-26,9812
6235,華孚,11,2,9,元大-台中,2024-01-26,9812
3360,尚立,20,12,8,元大-台中,2024-01-26,9812
9921,巨大,8,0,8,元大-台中,2024-01-26,9812
2461,光群雷,8,0,8,元大-台中,2024-01-26,9812
2618,長榮航,36,29,7,元大-台中,2024-01-26,9812
2882,國泰金,8,1,7,元大-台中,2024-01-26,9812
00934,中信成長高股息,7,0,7,元大-台中,2024-01-26,9812
6270,倍微,55,48,7,元大-台中,2024-01-26,9812
3276,宇環,11,4,7,元大-台中,2024-01-26,9812
3380,明泰,9,2,7,元大-台中,2024-01-26,9812
3521,鴻翊,7,0,7,元大-台中,2024-01-26,9812
2603,長榮,8,1,7,元大-台中,2024-01-26,9812
2301,光寶科,7,0,7,元大-台中,2024-01-26,9812
6719,力智,7,1,6,元大-台中,2024-01-26,9812
6113,亞矽,502,6,496,元大-台中,2024-01-29,9812
3481,群創,340,83,257,元大-台中,2024-01-29,9812
2017,官田鋼,200,0,200,元大-台中,2024-01-29,9812
00632R,元大台灣50反1,169,7,162,元大-台中,2024-01-29,9812
00933B,國泰10Y+金融債,105,0,105,元大-台中,2024-01-29,9812
1504,東元,110,11,99,元大-台中,2024-01-29,9812
00665L,富邦�琤肭磪囓�2,72,0,72,元大-台中,2024-01-29,9812
4306,炎洲,60,0,60,元大-台中,2024-01-29,9812
00937B,群益ESG投等債20,69,12,57,元大-台中,2024-01-29,9812
00923,群益台ESG低碳50,54,1,53,元大-台中,2024-01-29,9812
6442,光聖,57,8,49,元大-台中,2024-01-29,9812
00927,群益半導體收益,50,1,49,元大-台中,2024-01-29,9812
00637L,元大滬深300正2,117,77,40,元大-台中,2024-01-29,9812
8227,巨有科技,83,45,38,元大-台中,2024-01-29,9812
2303,聯電,43,9,34,元大-台中,2024-01-29,9812
2356,英業達,46,17,29,元大-台中,2024-01-29,9812
2365,昆盈,28,0,28,元大-台中,2024-01-29,9812
2614,東森,30,2,28,元大-台中,2024-01-29,9812
00687B,國泰20年美債,26,1,25,元大-台中,2024-01-29,9812
4167,松瑞藥,24,0,24,元大-台中,2024-01-29,9812
8215,明基材,28,5,23,元大-台中,2024-01-29,9812
00673R,期元大S＆P原油反1,23,0,23,元大-台中,2024-01-29,9812
3231,緯創,75,53,22,元大-台中,2024-01-29,9812
00679B,元大美債20年,23,1,22,元大-台中,2024-01-29,9812
2610,華航,28,7,21,元大-台中,2024-01-29,9812
9938,百和,19,1,18,元大-台中,2024-01-29,9812
6104,創惟,16,0,16,元大-台中,2024-01-29,9812
00885,富邦越南,15,0,15,元大-台中,2024-01-29,9812
1219,福壽,13,0,13,元大-台中,2024-01-29,9812
3535,晶彩科,34,22,12,元大-台中,2024-01-29,9812
6770,力積電,12,1,11,元大-台中,2024-01-29,9812
00770,國泰北美科技,11,0,11,元大-台中,2024-01-29,9812
9105,泰金寶-DR,33,22,11,元大-台中,2024-01-29,9812
2892,第一金,10,0,10,元大-台中,2024-01-29,9812
2455,全新,11,1,10,元大-台中,2024-01-29,9812
00934,中信成長高股息,10,0,10,元大-台中,2024-01-29,9812
5880,合庫金,10,0,10,元大-台中,2024-01-29,9812
5206,坤悅,10,0,10,元大-台中,2024-01-29,9812
6265,方土昶,10,0,10,元大-台中,2024-01-29,9812
1313,聯成,10,0,10,元大-台中,2024-01-29,9812
2887,台新金,10,1,9,元大-台中,2024-01-29,9812
2362,藍天,10,1,9,元大-台中,2024-01-29,9812
4909,新復興,36,27,9,元大-台中,2024-01-29,9812
3508,位速,10,1,9,元大-台中,2024-01-29,9812
9914,美利達,10,2,8,元大-台中,2024-01-29,9812
2383,台光電,8,0,8,元大-台中,2024-01-29,9812
2359,所羅門,8,0,8,元大-台中,2024-01-29,9812
3038,全台,10,2,8,元大-台中,2024-01-29,9812
3622,洋華,19,11,8,元大-台中,2024-01-29,9812
00712,復華富時不動產,8,1,7,元大-台中,2024-01-29,9812
00882,中信中國高股息,235,5,230,元大-台中,2024-01-30,9812
00637L,元大滬深300正2,211,80,131,元大-台中,2024-01-30,9812
1504,東元,111,3,108,元大-台中,2024-01-30,9812
2303,聯電,111,4,107,元大-台中,2024-01-30,9812
00680L,元大美債20正2,100,0,100,元大-台中,2024-01-30,9812
00753L,中信中國50正2,116,60,56,元大-台中,2024-01-30,9812
2329,華泰,63,12,51,元大-台中,2024-01-30,9812
6239,力成,52,2,50,元大-台中,2024-01-30,9812
00665L,富邦�琤肭磪囓�2,52,11,41,元大-台中,2024-01-30,9812
00937B,群益ESG投等債20,43,3,40,元大-台中,2024-01-30,9812
00688L,國泰20年美債正2,38,0,38,元大-台中,2024-01-30,9812
6129,普誠,40,4,36,元大-台中,2024-01-30,9812
5223,安力-KY,35,0,35,元大-台中,2024-01-30,9812
8064,東捷,43,12,31,元大-台中,2024-01-30,9812
3694,海華,66,35,31,元大-台中,2024-01-30,9812
2365,昆盈,34,6,28,元大-台中,2024-01-30,9812
00679B,元大美債20年,59,32,27,元大-台中,2024-01-30,9812
4960,誠美材,26,0,26,元大-台中,2024-01-30,9812
2454,聯發科,32,7,25,元大-台中,2024-01-30,9812
00929,復華台灣科技優息,28,3,25,元大-台中,2024-01-30,9812
3706,神達,29,4,25,元大-台中,2024-01-30,9812
00933B,國泰10Y+金融債,23,0,23,元大-台中,2024-01-30,9812
3563,牧德,26,4,22,元大-台中,2024-01-30,9812
00919,群益台灣精選高息,26,6,20,元大-台中,2024-01-30,9812
2617,台航,20,0,20,元大-台中,2024-01-30,9812
6229,研通,20,0,20,元大-台中,2024-01-30,9812
1605,華新,20,0,20,元大-台中,2024-01-30,9812
6180,橘子,21,1,20,元大-台中,2024-01-30,9812
5009,榮剛,22,3,19,元大-台中,2024-01-30,9812
2324,仁寶,17,0,17,元大-台中,2024-01-30,9812
00687B,國泰20年美債,22,7,15,元大-台中,2024-01-30,9812
6770,力積電,15,2,13,元大-台中,2024-01-30,9812
8210,勤誠,17,4,13,元大-台中,2024-01-30,9812
2002,中鋼,15,3,12,元大-台中,2024-01-30,9812
2481,強茂,12,0,12,元大-台中,2024-01-30,9812
2880,華南金,12,0,12,元大-台中,2024-01-30,9812
5876,上海商銀,11,0,11,元大-台中,2024-01-30,9812
00751B,元大AAA至A公司債,11,0,11,元大-台中,2024-01-30,9812
00900,富邦特選高股息30,11,0,11,元大-台中,2024-01-30,9812
4148,全宇生技-KY,10,0,10,元大-台中,2024-01-30,9812
3308,聯德,11,1,10,元大-台中,2024-01-30,9812
2374,佳能,10,0,10,元大-台中,2024-01-30,9812
00931B,統一美債20年,10,0,10,元大-台中,2024-01-30,9812
3339,泰谷,10,0,10,元大-台中,2024-01-30,9812
00642U,期元大S＆P石油,10,0,10,元大-台中,2024-01-30,9812
2406,國碩,10,0,10,元大-台中,2024-01-30,9812
2836,高雄銀,10,0,10,元大-台中,2024-01-30,9812
9946,三發地產,10,0,10,元大-台中,2024-01-30,9812
6136,富爾特,10,0,10,元大-台中,2024-01-30,9812
2476,鉅祥,10,0,10,元大-台中,2024-01-30,9812
3481,群創,698,16,682,元大-台中,2024-01-31,9812
1732,毛寶,200,2,198,元大-台中,2024-01-31,9812
6237,驊訊,126,24,102,元大-台中,2024-01-31,9812
00753L,中信中國50正2,100,0,100,元大-台中,2024-01-31,9812
8089,康全電訊,98,1,97,元大-台中,2024-01-31,9812
3231,緯創,140,44,96,元大-台中,2024-01-31,9812
00688L,國泰20年美債正2,93,0,93,元大-台中,2024-01-31,9812
2356,英業達,99,31,68,元大-台中,2024-01-31,9812
00687B,國泰20年美債,89,22,67,元大-台中,2024-01-31,9812
006208,富邦台50,67,0,67,元大-台中,2024-01-31,9812
8936,國統,743,682,61,元大-台中,2024-01-31,9812
3294,英濟,50,0,50,元大-台中,2024-01-31,9812
3434,哲固,51,1,50,元大-台中,2024-01-31,9812
00665L,富邦�琤肭磪囓�2,45,8,37,元大-台中,2024-01-31,9812
00902,中信電池及儲能,40,5,35,元大-台中,2024-01-31,9812
00680L,元大美債20正2,169,138,31,元大-台中,2024-01-31,9812
00882,中信中國高股息,35,5,30,元大-台中,2024-01-31,9812
2614,東森,26,0,26,元大-台中,2024-01-31,9812
2330,台積電,27,5,22,元大-台中,2024-01-31,9812
3360,尚立,41,20,21,元大-台中,2024-01-31,9812
9105,泰金寶-DR,21,0,21,元大-台中,2024-01-31,9812
2634,漢翔,20,0,20,元大-台中,2024-01-31,9812
00933B,國泰10Y+金融債,20,0,20,元大-台中,2024-01-31,9812
3339,泰谷,18,0,18,元大-台中,2024-01-31,9812
6770,力積電,19,2,17,元大-台中,2024-01-31,9812
6229,研通,19,2,17,元大-台中,2024-01-31,9812
4956,光鋐,17,0,17,元大-台中,2024-01-31,9812
3484,崧騰,16,0,16,元大-台中,2024-01-31,9812
2009,第一銅,15,0,15,元大-台中,2024-01-31,9812
3669,圓展,15,0,15,元大-台中,2024-01-31,9812
8473,山林水,15,0,15,元大-台中,2024-01-31,9812
2376,技嘉,26,13,13,元大-台中,2024-01-31,9812
2883,凱基金,13,0,13,元大-台中,2024-01-31,9812
00770,國泰北美科技,12,0,12,元大-台中,2024-01-31,9812
6667,信紘科,15,3,12,元大-台中,2024-01-31,9812
1519,華城,43,32,11,元大-台中,2024-01-31,9812
6443,元晶,21,10,11,元大-台中,2024-01-31,9812
2615,萬海,11,0,11,元大-台中,2024-01-31,9812
3583,辛耘,12,1,11,元大-台中,2024-01-31,9812
1319,東陽,14,3,11,元大-台中,2024-01-31,9812
5880,合庫金,10,0,10,元大-台中,2024-01-31,9812
00710B,復華彭博非投等債,10,0,10,元大-台中,2024-01-31,9812
9904,寶成,10,0,10,元大-台中,2024-01-31,9812
6120,達運,10,0,10,元大-台中,2024-01-31,9812
3055,蔚華科,77,67,10,元大-台中,2024-01-31,9812
00923,群益台ESG低碳50,10,1,9,元大-台中,2024-01-31,9812
3376,新日興,15,6,9,元大-台中,2024-01-31,9812
2360,致茂,9,0,9,元大-台中,2024-01-31,9812
5443,均豪,10,1,9,元大-台中,2024-01-31,9812
00633L,富邦上証正2,9,0,9,元大-台中,2024-01-31,9812
8054,安國,301,2,299,元大-台中,2024-02-01,9812
00665L,富邦�琤肭磪囓�2,218,5,213,元大-台中,2024-02-01,9812
3376,新日興,209,21,188,元大-台中,2024-02-01,9812
00929,復華台灣科技優息,79,13,66,元大-台中,2024-02-01,9812
00878,國泰永續高股息,51,19,32,元大-台中,2024-02-01,9812
6584,南俊國際,38,8,30,元大-台中,2024-02-01,9812
00725B,國泰投資級公司債,30,0,30,元大-台中,2024-02-01,9812
6712,長聖,30,0,30,元大-台中,2024-02-01,9812
2801,彰銀,32,2,30,元大-台中,2024-02-01,9812
6116,彩晶,29,1,28,元大-台中,2024-02-01,9812
00919,群益台灣精選高息,30,4,26,元大-台中,2024-02-01,9812
1513,中興電,30,8,22,元大-台中,2024-02-01,9812
2356,英業達,32,15,17,元大-台中,2024-02-01,9812
00712,復華富時不動產,16,0,16,元大-台中,2024-02-01,9812
2409,友達,18,2,16,元大-台中,2024-02-01,9812
2332,友訊,20,5,15,元大-台中,2024-02-01,9812
6863,永道-KY,13,0,13,元大-台中,2024-02-01,9812
00633L,富邦上証正2,13,0,13,元大-台中,2024-02-01,9812
8085,福華,83,70,13,元大-台中,2024-02-01,9812
1504,東元,15,3,12,元大-台中,2024-02-01,9812
8011,台通,13,1,12,元大-台中,2024-02-01,9812
9105,泰金寶-DR,14,2,12,元大-台中,2024-02-01,9812
5223,安力-KY,11,0,11,元大-台中,2024-02-01,9812
8105,凌巨,11,0,11,元大-台中,2024-02-01,9812
1809,中釉,11,0,11,元大-台中,2024-02-01,9812
0056,元大高股息,14,3,11,元大-台中,2024-02-01,9812
3645,達邁,11,0,11,元大-台中,2024-02-01,9812
00715L,期街口布蘭特正2,11,0,11,元大-台中,2024-02-01,9812
00720B,元大投資級公司債,18,8,10,元大-台中,2024-02-01,9812
2486,一詮,25,15,10,元大-台中,2024-02-01,9812
1503,士電,24,14,10,元大-台中,2024-02-01,9812
6139,亞翔,10,0,10,元大-台中,2024-02-01,9812
8930,青鋼,10,0,10,元大-台中,2024-02-01,9812
2476,鉅祥,20,10,10,元大-台中,2024-02-01,9812
3048,益登,10,0,10,元大-台中,2024-02-01,9812
00713,元大台灣高息低波,13,3,10,元大-台中,2024-02-01,9812
8050,廣積,11,2,9,元大-台中,2024-02-01,9812
00753L,中信中國50正2,9,0,9,元大-台中,2024-02-01,9812
2330,台積電,11,2,9,元大-台中,2024-02-01,9812
2382,廣達,15,7,8,元大-台中,2024-02-01,9812
2731,雄獅,8,0,8,元大-台中,2024-02-01,9812
5706,鳳凰,9,1,8,元大-台中,2024-02-01,9812
6916,華凌,8,0,8,元大-台中,2024-02-01,9812
1718,中纖,8,0,8,元大-台中,2024-02-01,9812
3294,英濟,10,2,8,元大-台中,2024-02-01,9812
2303,聯電,13,5,8,元大-台中,2024-02-01,9812
3338,泰碩,10,3,7,元大-台中,2024-02-01,9812
3711,日月光投控,10,3,7,元大-台中,2024-02-01,9812
5251,天鉞電,10,3,7,元大-台中,2024-02-01,9812
6462,神盾,13,6,7,元大-台中,2024-02-01,9812
6265,方土昶,150,6,144,元大-台中,2024-02-02,9812
3032,偉訓,138,5,133,元大-台中,2024-02-02,9812
00933B,國泰10Y+金融債,109,1,108,元大-台中,2024-02-02,9812
00665L,富邦�琤肭磪囓�2,105,0,105,元大-台中,2024-02-02,9812
6584,南俊國際,190,120,70,元大-台中,2024-02-02,9812
1504,東元,112,61,51,元大-台中,2024-02-02,9812
00715L,期街口布蘭特正2,64,20,44,元大-台中,2024-02-02,9812
00929,復華台灣科技優息,52,9,43,元大-台中,2024-02-02,9812
2801,彰銀,40,1,39,元大-台中,2024-02-02,9812
2618,長榮航,50,14,36,元大-台中,2024-02-02,9812
2303,聯電,31,0,31,元大-台中,2024-02-02,9812
6462,神盾,37,6,31,元大-台中,2024-02-02,9812
00637L,元大滬深300正2,112,81,31,元大-台中,2024-02-02,9812
2617,台航,31,1,30,元大-台中,2024-02-02,9812
00937B,群益ESG投等債20,31,6,25,元大-台中,2024-02-02,9812
006206,元大上證50,25,0,25,元大-台中,2024-02-02,9812
6770,力積電,24,0,24,元大-台中,2024-02-02,9812
6282,康舒,62,40,22,元大-台中,2024-02-02,9812
6446,藥華藥,21,0,21,元大-台中,2024-02-02,9812
00712,復華富時不動產,20,0,20,元大-台中,2024-02-02,9812
3481,群創,23,3,20,元大-台中,2024-02-02,9812
2603,長榮,23,5,18,元大-台中,2024-02-02,9812
1618,合機,20,2,18,元大-台中,2024-02-02,9812
4167,松瑞藥,18,0,18,元大-台中,2024-02-02,9812
4735,豪展,18,0,18,元大-台中,2024-02-02,9812
6125,廣運,24,6,18,元大-台中,2024-02-02,9812
2317,鴻海,22,5,17,元大-台中,2024-02-02,9812
3527,聚積,17,0,17,元大-台中,2024-02-02,9812
2405,輔信,16,0,16,元大-台中,2024-02-02,9812
1815,富喬,15,0,15,元大-台中,2024-02-02,9812
3669,圓展,15,0,15,元大-台中,2024-02-02,9812
2609,陽明,39,24,15,元大-台中,2024-02-02,9812
006208,富邦台50,20,6,14,元大-台中,2024-02-02,9812
5272,笙科,16,2,14,元大-台中,2024-02-02,9812
3013,晟銘電,23,9,14,元大-台中,2024-02-02,9812
6695,芯鼎,67,53,14,元大-台中,2024-02-02,9812
2353,宏��,31,18,13,元大-台中,2024-02-02,9812
00720B,元大投資級公司債,20,7,13,元大-台中,2024-02-02,9812
2344,華邦電,16,3,13,元大-台中,2024-02-02,9812
6113,亞矽,18,6,12,元大-台中,2024-02-02,9812
1503,士電,36,25,11,元大-台中,2024-02-02,9812
3312,弘憶股,15,4,11,元大-台中,2024-02-02,9812
2363,矽統,13,2,11,元大-台中,2024-02-02,9812
2882,國泰金,14,3,11,元大-台中,2024-02-02,9812
1324,地球,11,0,11,元大-台中,2024-02-02,9812
2883,凱基金,15,4,11,元大-台中,2024-02-02,9812
4908,前鼎,27,16,11,元大-台中,2024-02-02,9812
1101,台泥,11,0,11,元大-台中,2024-02-02,9812
2356,英業達,57,46,11,元大-台中,2024-02-02,9812
2408,南亞科,10,0,10,元大-台中,2024-02-02,9812
4714,永捷,2501,1004,1497,元大-台中,2024-02-05,9812
6282,康舒,328,137,191,元大-台中,2024-02-05,9812
3032,偉訓,167,4,163,元大-台中,2024-02-05,9812
00687B,國泰20年美債,107,3,104,元大-台中,2024-02-05,9812
00937B,群益ESG投等債20,109,5,104,元大-台中,2024-02-05,9812
00929,復華台灣科技優息,125,27,98,元大-台中,2024-02-05,9812
1528,恩德,83,8,75,元大-台中,2024-02-05,9812
00679B,元大美債20年,59,2,57,元大-台中,2024-02-05,9812
6446,藥華藥,50,0,50,元大-台中,2024-02-05,9812
2408,南亞科,45,2,43,元大-台中,2024-02-05,9812
3268,海德威,60,25,35,元大-台中,2024-02-05,9812
00706L,期元大S＆P日圓正2,34,0,34,元大-台中,2024-02-05,9812
4534,慶騰,32,0,32,元大-台中,2024-02-05,9812
2421,建準,69,40,29,元大-台中,2024-02-05,9812
1809,中釉,25,0,25,元大-台中,2024-02-05,9812
2329,華泰,49,25,24,元大-台中,2024-02-05,9812
00919,群益台灣精選高息,31,7,24,元大-台中,2024-02-05,9812
3231,緯創,104,81,23,元大-台中,2024-02-05,9812
00712,復華富時不動產,34,13,21,元大-台中,2024-02-05,9812
8473,山林水,20,0,20,元大-台中,2024-02-05,9812
8110,華東,20,0,20,元大-台中,2024-02-05,9812
2344,華邦電,41,22,19,元大-台中,2024-02-05,9812
00753L,中信中國50正2,21,2,19,元大-台中,2024-02-05,9812
1605,華新,20,2,18,元大-台中,2024-02-05,9812
8936,國統,21,4,17,元大-台中,2024-02-05,9812
3033,威健,18,1,17,元大-台中,2024-02-05,9812
2330,台積電,43,27,16,元大-台中,2024-02-05,9812
8096,擎亞,18,4,14,元大-台中,2024-02-05,9812
00933B,國泰10Y+金融債,19,5,14,元大-台中,2024-02-05,9812
2363,矽統,13,0,13,元大-台中,2024-02-05,9812
3038,全台,13,0,13,元大-台中,2024-02-05,9812
3530,晶相光,21,8,13,元大-台中,2024-02-05,9812
00715L,期街口布蘭特正2,13,0,13,元大-台中,2024-02-05,9812
6770,力積電,14,1,13,元大-台中,2024-02-05,9812
2481,強茂,12,0,12,元大-台中,2024-02-05,9812
8942,森鉅,12,0,12,元大-台中,2024-02-05,9812
2887,台新金,11,0,11,元大-台中,2024-02-05,9812
1514,亞力,14,3,11,元大-台中,2024-02-05,9812
3312,弘憶股,12,1,11,元大-台中,2024-02-05,9812
3535,晶彩科,13,2,11,元大-台中,2024-02-05,9812
5521,工信,11,0,11,元大-台中,2024-02-05,9812
00878,國泰永續高股息,28,17,11,元大-台中,2024-02-05,9812
1618,合機,10,0,10,元大-台中,2024-02-05,9812
00642U,期元大S＆P石油,10,0,10,元大-台中,2024-02-05,9812
00885,富邦越南,10,0,10,元大-台中,2024-02-05,9812
3615,安可,15,5,10,元大-台中,2024-02-05,9812
3593,力銘,10,0,10,元大-台中,2024-02-05,9812
4148,全宇生技-KY,10,0,10,元大-台中,2024-02-05,9812
4953,緯軟,10,0,10,元大-台中,2024-02-05,9812
00665L,富邦�琤肭磪囓�2,10,0,10,元大-台中,2024-02-05,9812
2329,華泰,1570,563,1007,元大-台中,2024-02-15,9812
00632R,元大台灣50反1,274,1,273,元大-台中,2024-02-15,9812
00679B,元大美債20年,142,4,138,元大-台中,2024-02-15,9812
2344,華邦電,129,6,123,元大-台中,2024-02-15,9812
00937B,群益ESG投等債20,117,0,117,元大-台中,2024-02-15,9812
00680L,元大美債20正2,105,2,103,元大-台中,2024-02-15,9812
3362,先進光,104,3,101,元大-台中,2024-02-15,9812
00795B,中信美國公債20年,102,3,99,元大-台中,2024-02-15,9812
00687B,國泰20年美債,98,0,98,元大-台中,2024-02-15,9812
2365,昆盈,137,40,97,元大-台中,2024-02-15,9812
2884,玉山金,90,1,89,元大-台中,2024-02-15,9812
3481,群創,137,52,85,元大-台中,2024-02-15,9812
8147,正淩,88,4,84,元大-台中,2024-02-15,9812
3234,光環,81,1,80,元大-台中,2024-02-15,9812
00751B,元大AAA至A公司債,74,0,74,元大-台中,2024-02-15,9812
00712,復華富時不動產,72,0,72,元大-台中,2024-02-15,9812
00931B,統一美債20年,69,0,69,元大-台中,2024-02-15,9812
00720B,元大投資級公司債,59,0,59,元大-台中,2024-02-15,9812
00673R,期元大S＆P原油反1,57,1,56,元大-台中,2024-02-15,9812
1444,力麗,53,0,53,元大-台中,2024-02-15,9812
3268,海德威,47,0,47,元大-台中,2024-02-15,9812
2324,仁寶,51,5,46,元大-台中,2024-02-15,9812
00688L,國泰20年美債正2,45,0,45,元大-台中,2024-02-15,9812
00933B,國泰10Y+金融債,44,0,44,元大-台中,2024-02-15,9812
9942,茂順,40,0,40,元大-台中,2024-02-15,9812
2543,皇昌,44,12,32,元大-台中,2024-02-15,9812
6187,萬潤,29,1,28,元大-台中,2024-02-15,9812
00919,群益台灣精選高息,48,21,27,元大-台中,2024-02-15,9812
2359,所羅門,25,0,25,元大-台中,2024-02-15,9812
2610,華航,32,7,25,元大-台中,2024-02-15,9812
8054,安國,60,37,23,元大-台中,2024-02-15,9812
8096,擎亞,26,4,22,元大-台中,2024-02-15,9812
2881,富邦金,24,3,21,元大-台中,2024-02-15,9812
1312,國喬,20,0,20,元大-台中,2024-02-15,9812
2867,三商壽,20,0,20,元大-台中,2024-02-15,9812
2103,台橡,20,0,20,元大-台中,2024-02-15,9812
8064,東捷,21,2,19,元大-台中,2024-02-15,9812
5426,振發,34,15,19,元大-台中,2024-02-15,9812
1321,大洋,19,0,19,元大-台中,2024-02-15,9812
2408,南亞科,28,9,19,元大-台中,2024-02-15,9812
5328,華容,18,0,18,元大-台中,2024-02-15,9812
4510,高鋒,18,0,18,元大-台中,2024-02-15,9812
1809,中釉,20,3,17,元大-台中,2024-02-15,9812
3312,弘憶股,25,9,16,元大-台中,2024-02-15,9812
3622,洋華,19,4,15,元大-台中,2024-02-15,9812
6229,研通,16,1,15,元大-台中,2024-02-15,9812
3593,力銘,15,0,15,元大-台中,2024-02-15,9812
5234,達興材料,21,6,15,元大-台中,2024-02-15,9812
1815,富喬,20,5,15,元大-台中,2024-02-15,9812
00772B,中信高評級公司債,14,0,14,元大-台中,2024-02-15,9812
2329,華泰,854,252,602,元大-台中,2024-02-16,9812
3363,上詮,221,6,215,元大-台中,2024-02-16,9812
00679B,元大美債20年,165,1,164,元大-台中,2024-02-16,9812
00632R,元大台灣50反1,125,0,125,元大-台中,2024-02-16,9812
2367,燿華,83,4,79,元大-台中,2024-02-16,9812
00687B,國泰20年美債,78,0,78,元大-台中,2024-02-16,9812
2888,新光金,179,103,76,元大-台中,2024-02-16,9812
00937B,群益ESG投等債20,118,49,69,元大-台中,2024-02-16,9812
1504,東元,71,3,68,元大-台中,2024-02-16,9812
2365,昆盈,171,108,63,元大-台中,2024-02-16,9812
2867,三商壽,60,0,60,元大-台中,2024-02-16,9812
3321,同泰,44,0,44,元大-台中,2024-02-16,9812
1815,富喬,71,28,43,元大-台中,2024-02-16,9812
6292,迅德,40,0,40,元大-台中,2024-02-16,9812
5425,台半,45,10,35,元大-台中,2024-02-16,9812
3499,環天科,31,0,31,元大-台中,2024-02-16,9812
2344,華邦電,52,23,29,元大-台中,2024-02-16,9812
2382,廣達,50,21,29,元大-台中,2024-02-16,9812
00891,中信關鍵半導體,27,0,27,元大-台中,2024-02-16,9812
00712,復華富時不動產,27,1,26,元大-台中,2024-02-16,9812
2303,聯電,34,9,25,元大-台中,2024-02-16,9812
00680L,元大美債20正2,57,35,22,元大-台中,2024-02-16,9812
00688L,國泰20年美債正2,22,0,22,元大-台中,2024-02-16,9812
3545,敦泰,25,3,22,元大-台中,2024-02-16,9812
00751B,元大AAA至A公司債,20,0,20,元大-台中,2024-02-16,9812
5328,華容,20,0,20,元大-台中,2024-02-16,9812
2323,中環,20,0,20,元大-台中,2024-02-16,9812
3114,好德,20,0,20,元大-台中,2024-02-16,9812
00720B,元大投資級公司債,19,0,19,元大-台中,2024-02-16,9812
3563,牧德,20,1,19,元大-台中,2024-02-16,9812
00673R,期元大S＆P原油反1,20,1,19,元大-台中,2024-02-16,9812
2359,所羅門,18,0,18,元大-台中,2024-02-16,9812
00933B,國泰10Y+金融債,18,0,18,元大-台中,2024-02-16,9812
00919,群益台灣精選高息,47,29,18,元大-台中,2024-02-16,9812
3268,海德威,18,2,16,元大-台中,2024-02-16,9812
6156,松上,16,0,16,元大-台中,2024-02-16,9812
6104,創惟,18,2,16,元大-台中,2024-02-16,9812
6533,晶心科,30,15,15,元大-台中,2024-02-16,9812
00927,群益半導體收益,16,1,15,元大-台中,2024-02-16,9812
3708,上緯投控,26,11,15,元大-台中,2024-02-16,9812
2539,櫻花建,15,0,15,元大-台中,2024-02-16,9812
9958,世紀鋼,16,2,14,元大-台中,2024-02-16,9812
6451,訊芯-KY,13,0,13,元大-台中,2024-02-16,9812
0061,元大寶滬深,13,0,13,元大-台中,2024-02-16,9812
2634,漢翔,12,0,12,元大-台中,2024-02-16,9812
00931B,統一美債20年,11,0,11,元大-台中,2024-02-16,9812
2204,中華,13,2,11,元大-台中,2024-02-16,9812
1528,恩德,13,2,11,元大-台中,2024-02-16,9812
00671R,富邦NASDAQ反1,10,0,10,元大-台中,2024-02-16,9812
00724B,群益投資級金融債,10,0,10,元大-台中,2024-02-16,9812
6126,信音,613,3,610,元大-台中,2024-02-19,9812
3294,英濟,254,0,254,元大-台中,2024-02-19,9812
2303,聯電,159,4,155,元大-台中,2024-02-19,9812
00937B,群益ESG投等債20,143,2,141,元大-台中,2024-02-19,9812
8147,正淩,113,1,112,元大-台中,2024-02-19,9812
3231,緯創,129,19,110,元大-台中,2024-02-19,9812
00882,中信中國高股息,102,3,99,元大-台中,2024-02-19,9812
00753L,中信中國50正2,77,0,77,元大-台中,2024-02-19,9812
2885,元大金,82,6,76,元大-台中,2024-02-19,9812
1201,味全,70,0,70,元大-台中,2024-02-19,9812
3081,聯亞,67,1,66,元大-台中,2024-02-19,9812
00933B,國泰10Y+金融債,53,0,53,元大-台中,2024-02-19,9812
2365,昆盈,207,161,46,元大-台中,2024-02-19,9812
00679B,元大美債20年,42,0,42,元大-台中,2024-02-19,9812
2382,廣達,46,6,40,元大-台中,2024-02-19,9812
00687B,國泰20年美債,36,1,35,元大-台中,2024-02-19,9812
8064,東捷,43,13,30,元大-台中,2024-02-19,9812
5512,力麒,30,0,30,元大-台中,2024-02-19,9812
4960,誠美材,29,1,28,元大-台中,2024-02-19,9812
00712,復華富時不動產,27,0,27,元大-台中,2024-02-19,9812
00919,群益台灣精選高息,45,18,27,元大-台中,2024-02-19,9812
4714,永捷,33,7,26,元大-台中,2024-02-19,9812
00680L,元大美債20正2,26,0,26,元大-台中,2024-02-19,9812
2352,佳世達,26,0,26,元大-台中,2024-02-19,9812
2603,長榮,24,1,23,元大-台中,2024-02-19,9812
2332,友訊,22,0,22,元大-台中,2024-02-19,9812
5426,振發,42,22,20,元大-台中,2024-02-19,9812
4123,晟德,20,0,20,元大-台中,2024-02-19,9812
1445,大宇,20,0,20,元大-台中,2024-02-19,9812
2353,宏��,58,38,20,元大-台中,2024-02-19,9812
6120,達運,20,1,19,元大-台中,2024-02-19,9812
2344,華邦電,40,21,19,元大-台中,2024-02-19,9812
6806,森崴能源,42,24,18,元大-台中,2024-02-19,9812
1529,樂事綠能,27,9,18,元大-台中,2024-02-19,9812
3706,神達,21,3,18,元大-台中,2024-02-19,9812
2618,長榮航,18,1,17,元大-台中,2024-02-19,9812
2913,農林,20,3,17,元大-台中,2024-02-19,9812
00878,國泰永續高股息,78,62,16,元大-台中,2024-02-19,9812
5457,宣德,16,0,16,元大-台中,2024-02-19,9812
3031,佰鴻,19,4,15,元大-台中,2024-02-19,9812
1307,三芳,15,0,15,元大-台中,2024-02-19,9812
00931B,統一美債20年,15,0,15,元大-台中,2024-02-19,9812
3055,蔚華科,19,4,15,元大-台中,2024-02-19,9812
2457,飛宏,110,96,14,元大-台中,2024-02-19,9812
1447,力鵬,35,22,13,元大-台中,2024-02-19,9812
9914,美利達,14,1,13,元大-台中,2024-02-19,9812
8210,勤誠,16,4,12,元大-台中,2024-02-19,9812
3033,威健,12,0,12,元大-台中,2024-02-19,9812
2515,中工,24,12,12,元大-台中,2024-02-19,9812
6207,雷科,12,0,12,元大-台中,2024-02-19,9812
5381,合正,1406,403,1003,元大-台中,2024-02-20,9812
2888,新光金,1407,499,908,元大-台中,2024-02-20,9812
2897A,王道銀甲特,300,0,300,元大-台中,2024-02-20,9812
1806,冠軍,206,0,206,元大-台中,2024-02-20,9812
00882,中信中國高股息,134,12,122,元大-台中,2024-02-20,9812
6290,良維,109,9,100,元大-台中,2024-02-20,9812
3294,英濟,98,33,65,元大-台中,2024-02-20,9812
3231,緯創,160,98,62,元大-台中,2024-02-20,9812
00937B,群益ESG投等債20,58,0,58,元大-台中,2024-02-20,9812
2408,南亞科,57,11,46,元大-台中,2024-02-20,9812
2732,六角,45,1,44,元大-台中,2024-02-20,9812
4960,誠美材,52,9,43,元大-台中,2024-02-20,9812
3049,精金,43,1,42,元大-台中,2024-02-20,9812
00632R,元大台灣50反1,39,0,39,元大-台中,2024-02-20,9812
00679B,元大美債20年,39,5,34,元大-台中,2024-02-20,9812
3481,群創,85,53,32,元大-台中,2024-02-20,9812
3576,聯合再生,31,0,31,元大-台中,2024-02-20,9812
5425,台半,26,0,26,元大-台中,2024-02-20,9812
2467,志聖,35,10,25,元大-台中,2024-02-20,9812
3048,益登,24,1,23,元大-台中,2024-02-20,9812
3437,榮創,25,3,22,元大-台中,2024-02-20,9812
8096,擎亞,34,12,22,元大-台中,2024-02-20,9812
2409,友達,21,0,21,元大-台中,2024-02-20,9812
2641,正德,21,1,20,元大-台中,2024-02-20,9812
1416,廣豐,21,2,19,元大-台中,2024-02-20,9812
6108,競國,20,1,19,元大-台中,2024-02-20,9812
2367,燿華,25,7,18,元大-台中,2024-02-20,9812
2365,昆盈,18,0,18,元大-台中,2024-02-20,9812
2618,長榮航,37,20,17,元大-台中,2024-02-20,9812
3035,智原,19,2,17,元大-台中,2024-02-20,9812
3321,同泰,17,1,16,元大-台中,2024-02-20,9812
00795B,中信美國公債20年,15,0,15,元大-台中,2024-02-20,9812
8936,國統,40,25,15,元大-台中,2024-02-20,9812
2426,鼎元,15,0,15,元大-台中,2024-02-20,9812
1438,三地開發,15,0,15,元大-台中,2024-02-20,9812
4109,加捷生醫,13,0,13,元大-台中,2024-02-20,9812
2201,裕隆,23,11,12,元大-台中,2024-02-20,9812
2382,廣達,35,23,12,元大-台中,2024-02-20,9812
3622,洋華,12,0,12,元大-台中,2024-02-20,9812
8111,立��,12,0,12,元大-台中,2024-02-20,9812
2489,瑞軒,15,3,12,元大-台中,2024-02-20,9812
1802,台玻,12,1,11,元大-台中,2024-02-20,9812
1313,聯成,11,0,11,元大-台中,2024-02-20,9812
00688L,國泰20年美債正2,11,0,11,元大-台中,2024-02-20,9812
2812,台中銀,11,0,11,元大-台中,2024-02-20,9812
1712,興農,21,10,11,元大-台中,2024-02-20,9812
1504,東元,15,4,11,元大-台中,2024-02-20,9812
2379,瑞昱,22,12,10,元大-台中,2024-02-20,9812
6446,藥華藥,10,0,10,元大-台中,2024-02-20,9812
00687B,國泰20年美債,13,3,10,元大-台中,2024-02-20,9812
3221,台嘉碩,300,34,266,元大-台中,2024-02-21,9812
00937B,群益ESG投等債20,181,5,176,元大-台中,2024-02-21,9812
3294,英濟,126,1,125,元大-台中,2024-02-21,9812
00679B,元大美債20年,116,0,116,元大-台中,2024-02-21,9812
2882,國泰金,101,1,100,元大-台中,2024-02-21,9812
6668,中揚光,324,225,99,元大-台中,2024-02-21,9812
00933B,國泰10Y+金融債,80,0,80,元大-台中,2024-02-21,9812
8059,凱碩,78,2,76,元大-台中,2024-02-21,9812
00712,復華富時不動產,75,0,75,元大-台中,2024-02-21,9812
3481,群創,76,10,66,元大-台中,2024-02-21,9812
2303,聯電,54,0,54,元大-台中,2024-02-21,9812
1815,富喬,54,0,54,元大-台中,2024-02-21,9812
4714,永捷,51,3,48,元大-台中,2024-02-21,9812
00632R,元大台灣50反1,62,16,46,元大-台中,2024-02-21,9812
00753L,中信中國50正2,47,3,44,元大-台中,2024-02-21,9812
6233,旺玖,51,14,37,元大-台中,2024-02-21,9812
1806,冠軍,34,0,34,元大-台中,2024-02-21,9812
3047,訊舟,53,20,33,元大-台中,2024-02-21,9812
6282,康舒,36,3,33,元大-台中,2024-02-21,9812
00751B,元大AAA至A公司債,32,0,32,元大-台中,2024-02-21,9812
2609,陽明,74,43,31,元大-台中,2024-02-21,9812
00878,國泰永續高股息,74,45,29,元大-台中,2024-02-21,9812
00673R,期元大S＆P原油反1,30,2,28,元大-台中,2024-02-21,9812
5425,台半,27,0,27,元大-台中,2024-02-21,9812
2610,華航,28,2,26,元大-台中,2024-02-21,9812
2059,川湖,27,1,26,元大-台中,2024-02-21,9812
3363,上詮,32,7,25,元大-台中,2024-02-21,9812
6120,達運,25,0,25,元大-台中,2024-02-21,9812
00687B,國泰20年美債,28,5,23,元大-台中,2024-02-21,9812
1528,恩德,31,8,23,元大-台中,2024-02-21,9812
3163,波若威,40,18,22,元大-台中,2024-02-21,9812
3234,光環,45,24,21,元大-台中,2024-02-21,9812
3229,晟鈦,20,0,20,元大-台中,2024-02-21,9812
2323,中環,20,0,20,元大-台中,2024-02-21,9812
2888,新光金,20,0,20,元大-台中,2024-02-21,9812
3450,聯鈞,36,17,19,元大-台中,2024-02-21,9812
2885,元大金,24,5,19,元大-台中,2024-02-21,9812
3545,敦泰,48,30,18,元大-台中,2024-02-21,9812
00680L,元大美債20正2,18,0,18,元大-台中,2024-02-21,9812
1905,華紙,18,0,18,元大-台中,2024-02-21,9812
1316,上曜,30,13,17,元大-台中,2024-02-21,9812
3622,洋華,18,1,17,元大-台中,2024-02-21,9812
00708L,期元大S＆P黃金正2,16,0,16,元大-台中,2024-02-21,9812
3706,神達,19,3,16,元大-台中,2024-02-21,9812
0061,元大寶滬深,15,0,15,元大-台中,2024-02-21,9812
2355,敬鵬,16,1,15,元大-台中,2024-02-21,9812
2312,金寶,18,4,14,元大-台中,2024-02-21,9812
1314,中石化,16,2,14,元大-台中,2024-02-21,9812
2409,友達,15,1,14,元大-台中,2024-02-21,9812
00636,國泰中國A50,13,0,13,元大-台中,2024-02-21,9812
3221,台嘉碩,416,123,293,元大-台中,2024-02-22,9812
2888,新光金,229,30,199,元大-台中,2024-02-22,9812
3294,英濟,177,53,124,元大-台中,2024-02-22,9812
4714,永捷,154,51,103,元大-台中,2024-02-22,9812
3081,聯亞,105,6,99,元大-台中,2024-02-22,9812
2417,圓剛,140,56,84,元大-台中,2024-02-22,9812
3231,緯創,131,66,65,元大-台中,2024-02-22,9812
00632R,元大台灣50反1,91,35,56,元大-台中,2024-02-22,9812
2356,英業達,76,29,47,元大-台中,2024-02-22,9812
00878,國泰永續高股息,87,40,47,元大-台中,2024-02-22,9812
00687B,國泰20年美債,46,0,46,元大-台中,2024-02-22,9812
2449,京元電子,68,24,44,元大-台中,2024-02-22,9812
00795B,中信美國公債20年,42,0,42,元大-台中,2024-02-22,9812
2913,農林,40,0,40,元大-台中,2024-02-22,9812
00680L,元大美債20正2,37,0,37,元大-台中,2024-02-22,9812
00882,中信中國高股息,41,5,36,元大-台中,2024-02-22,9812
1608,華榮,41,5,36,元大-台中,2024-02-22,9812
8105,凌巨,41,5,36,元大-台中,2024-02-22,9812
6530,創威,62,26,36,元大-台中,2024-02-22,9812
00757,統一FANG+,31,0,31,元大-台中,2024-02-22,9812
2369,菱生,31,4,27,元大-台中,2024-02-22,9812
6462,神盾,35,8,27,元大-台中,2024-02-22,9812
1504,東元,49,24,25,元大-台中,2024-02-22,9812
3607,谷崧,38,14,24,元大-台中,2024-02-22,9812
00665L,富邦�琤肭磪囓�2,24,0,24,元大-台中,2024-02-22,9812
5498,凱崴,24,0,24,元大-台中,2024-02-22,9812
3576,聯合再生,23,0,23,元大-台中,2024-02-22,9812
2303,聯電,26,4,22,元大-台中,2024-02-22,9812
2324,仁寶,22,1,21,元大-台中,2024-02-22,9812
2371,大同,48,28,20,元大-台中,2024-02-22,9812
8110,華東,23,4,19,元大-台中,2024-02-22,9812
1503,士電,95,76,19,元大-台中,2024-02-22,9812
2329,華泰,245,226,19,元大-台中,2024-02-22,9812
3047,訊舟,23,4,19,元大-台中,2024-02-22,9812
2618,長榮航,25,6,19,元大-台中,2024-02-22,9812
2108,南帝,18,0,18,元大-台中,2024-02-22,9812
00915,凱基優選高股息30,17,0,17,元大-台中,2024-02-22,9812
3551,世禾,17,0,17,元大-台中,2024-02-22,9812
6443,元晶,16,0,16,元大-台中,2024-02-22,9812
2506,太設,15,0,15,元大-台中,2024-02-22,9812
00673R,期元大S＆P原油反1,15,0,15,元大-台中,2024-02-22,9812
00933B,國泰10Y+金融債,13,0,13,元大-台中,2024-02-22,9812
00753L,中信中國50正2,233,220,13,元大-台中,2024-02-22,9812
2476,鉅祥,26,13,13,元大-台中,2024-02-22,9812
1316,上曜,32,19,13,元大-台中,2024-02-22,9812
5272,笙科,13,1,12,元大-台中,2024-02-22,9812
2460,建通,19,7,12,元大-台中,2024-02-22,9812
6560,欣普羅,12,0,12,元大-台中,2024-02-22,9812
6770,力積電,13,1,12,元大-台中,2024-02-22,9812
1447,力鵬,13,1,12,元大-台中,2024-02-22,9812
6532,瑞耘,306,2,304,元大-台中,2024-02-23,9812
8040,九暘,579,285,294,元大-台中,2024-02-23,9812
2888,新光金,195,0,195,元大-台中,2024-02-23,9812
2882,國泰金,161,6,155,元大-台中,2024-02-23,9812
4714,永捷,112,33,79,元大-台中,2024-02-23,9812
00919,群益台灣精選高息,101,32,69,元大-台中,2024-02-23,9812
00882,中信中國高股息,71,8,63,元大-台中,2024-02-23,9812
3516,亞帝歐,48,0,48,元大-台中,2024-02-23,9812
3576,聯合再生,43,2,41,元大-台中,2024-02-23,9812
2618,長榮航,64,24,40,元大-台中,2024-02-23,9812
8936,國統,42,8,34,元大-台中,2024-02-23,9812
2356,英業達,75,43,32,元大-台中,2024-02-23,9812
00795B,中信美國公債20年,31,0,31,元大-台中,2024-02-23,9812
00907,永豐優息存股,31,0,31,元大-台中,2024-02-23,9812
8064,東捷,74,44,30,元大-台中,2024-02-23,9812
1314,中石化,30,0,30,元大-台中,2024-02-23,9812
3005,神基,30,2,28,元大-台中,2024-02-23,9812
00893,國泰智能電動車,32,5,27,元大-台中,2024-02-23,9812
3374,精材,28,1,27,元大-台中,2024-02-23,9812
2329,華泰,185,161,24,元大-台中,2024-02-23,9812
5452,佶優,23,0,23,元大-台中,2024-02-23,9812
2609,陽明,41,19,22,元大-台中,2024-02-23,9812
00927,群益半導體收益,31,9,22,元大-台中,2024-02-23,9812
00632R,元大台灣50反1,22,0,22,元大-台中,2024-02-23,9812
00679B,元大美債20年,21,0,21,元大-台中,2024-02-23,9812
1201,味全,21,0,21,元大-台中,2024-02-23,9812
00757,統一FANG+,20,0,20,元大-台中,2024-02-23,9812
00891,中信關鍵半導體,30,10,20,元大-台中,2024-02-23,9812
2489,瑞軒,22,2,20,元大-台中,2024-02-23,9812
6405,悅城,22,2,20,元大-台中,2024-02-23,9812
6462,神盾,26,6,20,元大-台中,2024-02-23,9812
1905,華紙,19,0,19,元大-台中,2024-02-23,9812
00895,富邦未來車,22,3,19,元大-台中,2024-02-23,9812
00850,元大臺灣ESG永續,21,2,19,元大-台中,2024-02-23,9812
2382,廣達,23,5,18,元大-台中,2024-02-23,9812
4105,東洋,17,0,17,元大-台中,2024-02-23,9812
2365,昆盈,21,4,17,元大-台中,2024-02-23,9812
2355,敬鵬,26,11,15,元大-台中,2024-02-23,9812
2108,南帝,15,0,15,元大-台中,2024-02-23,9812
2484,希華,15,0,15,元大-台中,2024-02-23,9812
1504,東元,25,10,15,元大-台中,2024-02-23,9812
5426,振發,32,17,15,元大-台中,2024-02-23,9812
3360,尚立,16,2,14,元大-台中,2024-02-23,9812
8034,榮群,14,0,14,元大-台中,2024-02-23,9812
4960,誠美材,14,0,14,元大-台中,2024-02-23,9812
4991,環宇-KY,14,0,14,元大-台中,2024-02-23,9812
6282,康舒,14,1,13,元大-台中,2024-02-23,9812
2897,王道銀行,13,0,13,元大-台中,2024-02-23,9812
00933B,國泰10Y+金融債,15,3,12,元大-台中,2024-02-23,9812
1560,中砂,23,11,12,元大-台中,2024-02-23,9812
6113,亞矽,304,8,296,元大-台中,2024-02-26,9812
00679B,元大美債20年,217,8,209,元大-台中,2024-02-26,9812
3450,聯鈞,204,15,189,元大-台中,2024-02-26,9812
00878,國泰永續高股息,162,16,146,元大-台中,2024-02-26,9812
00882,中信中國高股息,211,75,136,元大-台中,2024-02-26,9812
3231,緯創,148,18,130,元大-台中,2024-02-26,9812
2449,京元電子,121,3,118,元大-台中,2024-02-26,9812
2834,臺企銀,104,2,102,元大-台中,2024-02-26,9812
3056,富華新,76,0,76,元大-台中,2024-02-26,9812
1785,光洋科,60,3,57,元大-台中,2024-02-26,9812
00712,復華富時不動產,50,1,49,元大-台中,2024-02-26,9812
3294,英濟,57,10,47,元大-台中,2024-02-26,9812
00637L,元大滬深300正2,71,26,45,元大-台中,2024-02-26,9812
2409,友達,53,12,41,元大-台中,2024-02-26,9812
2363,矽統,72,32,40,元大-台中,2024-02-26,9812
00919,群益台灣精選高息,56,16,40,元大-台中,2024-02-26,9812
6770,力積電,40,4,36,元大-台中,2024-02-26,9812
00753L,中信中國50正2,155,120,35,元大-台中,2024-02-26,9812
00850,元大臺灣ESG永續,33,0,33,元大-台中,2024-02-26,9812
1536,和大,37,5,32,元大-台中,2024-02-26,9812
00632R,元大台灣50反1,31,0,31,元大-台中,2024-02-26,9812
3652,精聯,30,0,30,元大-台中,2024-02-26,9812
6125,廣運,50,21,29,元大-台中,2024-02-26,9812
5203,訊連,28,0,28,元大-台中,2024-02-26,9812
1314,中石化,26,0,26,元大-台中,2024-02-26,9812
2382,廣達,29,6,23,元大-台中,2024-02-26,9812
2369,菱生,23,1,22,元大-台中,2024-02-26,9812
00933B,國泰10Y+金融債,56,35,21,元大-台中,2024-02-26,9812
00720B,元大投資級公司債,21,0,21,元大-台中,2024-02-26,9812
3551,世禾,21,1,20,元大-台中,2024-02-26,9812
2884,玉山金,20,0,20,元大-台中,2024-02-26,9812
00665L,富邦�琤肭磪囓�2,22,4,18,元大-台中,2024-02-26,9812
2303,聯電,28,10,18,元大-台中,2024-02-26,9812
5234,達興材料,30,12,18,元大-台中,2024-02-26,9812
2489,瑞軒,18,1,17,元大-台中,2024-02-26,9812
2880,華南金,20,4,16,元大-台中,2024-02-26,9812
2476,鉅祥,17,1,16,元大-台中,2024-02-26,9812
1504,東元,37,22,15,元大-台中,2024-02-26,9812
6257,矽格,16,2,14,元大-台中,2024-02-26,9812
3163,波若威,28,15,13,元大-台中,2024-02-26,9812
4904,遠傳,13,0,13,元大-台中,2024-02-26,9812
6285,啟��,15,3,12,元大-台中,2024-02-26,9812
00751B,元大AAA至A公司債,13,1,12,元大-台中,2024-02-26,9812
4908,前鼎,46,35,11,元大-台中,2024-02-26,9812
3227,原相,22,12,10,元大-台中,2024-02-26,9812
6104,創惟,31,21,10,元大-台中,2024-02-26,9812
3558,神準,10,0,10,元大-台中,2024-02-26,9812
3360,尚立,10,0,10,元大-台中,2024-02-26,9812
2498,宏達電,15,5,10,元大-台中,2024-02-26,9812
5603,陸海,10,0,10,元大-台中,2024-02-26,9812
00878,國泰永續高股息,234,30,204,元大-台中,2024-02-27,9812
00937B,群益ESG投等債20,209,5,204,元大-台中,2024-02-27,9812
0056,元大高股息,217,27,190,元大-台中,2024-02-27,9812
4543,萬在,188,2,186,元大-台中,2024-02-27,9812
2303,聯電,207,31,176,元大-台中,2024-02-27,9812
2887,台新金,160,2,158,元大-台中,2024-02-27,9812
00882,中信中國高股息,184,26,158,元大-台中,2024-02-27,9812
4909,新復興,113,12,101,元大-台中,2024-02-27,9812
2465,麗臺,100,0,100,元大-台中,2024-02-27,9812
2883,凱基金,108,26,82,元大-台中,2024-02-27,9812
00919,群益台灣精選高息,139,77,62,元大-台中,2024-02-27,9812
2358,廷鑫,54,0,54,元大-台中,2024-02-27,9812
1314,中石化,53,0,53,元大-台中,2024-02-27,9812
00929,復華台灣科技優息,224,172,52,元大-台中,2024-02-27,9812
8096,擎亞,79,30,49,元大-台中,2024-02-27,9812
3372,典範,53,6,47,元大-台中,2024-02-27,9812
2002,中鋼,49,5,44,元大-台中,2024-02-27,9812
1721,三晃,57,16,41,元大-台中,2024-02-27,9812
3037,欣興,53,15,38,元大-台中,2024-02-27,9812
1609,大亞,39,2,37,元大-台中,2024-02-27,9812
2359,所羅門,38,5,33,元大-台中,2024-02-27,9812
2618,長榮航,52,20,32,元大-台中,2024-02-27,9812
1711,永光,58,27,31,元大-台中,2024-02-27,9812
1312,國喬,30,0,30,元大-台中,2024-02-27,9812
6248,沛波,28,0,28,元大-台中,2024-02-27,9812
2609,陽明,32,5,27,元大-台中,2024-02-27,9812
1303,南亞,26,0,26,元大-台中,2024-02-27,9812
1101,台泥,36,10,26,元大-台中,2024-02-27,9812
5225,東科-KY,30,4,26,元大-台中,2024-02-27,9812
2409,友達,32,7,25,元大-台中,2024-02-27,9812
2331,精英,25,0,25,元大-台中,2024-02-27,9812
00927,群益半導體收益,30,6,24,元大-台中,2024-02-27,9812
00795B,中信美國公債20年,22,0,22,元大-台中,2024-02-27,9812
1905,華紙,21,0,21,元大-台中,2024-02-27,9812
2867,三商壽,21,0,21,元大-台中,2024-02-27,9812
2009,第一銅,20,0,20,元大-台中,2024-02-27,9812
1773,勝一,20,0,20,元大-台中,2024-02-27,9812
2885,元大金,21,1,20,元大-台中,2024-02-27,9812
00753L,中信中國50正2,160,140,20,元大-台中,2024-02-27,9812
00895,富邦未來車,20,1,19,元大-台中,2024-02-27,9812
2363,矽統,137,120,17,元大-台中,2024-02-27,9812
00933B,國泰10Y+金融債,17,0,17,元大-台中,2024-02-27,9812
00632R,元大台灣50反1,17,0,17,元大-台中,2024-02-27,9812
6292,迅德,20,3,17,元大-台中,2024-02-27,9812
00679B,元大美債20年,16,0,16,元大-台中,2024-02-27,9812
8936,國統,24,9,15,元大-台中,2024-02-27,9812
5439,高技,14,0,14,元大-台中,2024-02-27,9812
3680,家登,14,0,14,元大-台中,2024-02-27,9812
2382,廣達,18,4,14,元大-台中,2024-02-27,9812
00935,野村臺灣新科技50,13,0,13,元大-台中,2024-02-27,9812
2002,中鋼,220,0,220,元大-台中,2024-02-29,9812
00632R,元大台灣50反1,170,0,170,元大-台中,2024-02-29,9812
2204,中華,150,0,150,元大-台中,2024-02-29,9812
2880,華南金,132,1,131,元大-台中,2024-02-29,9812
6125,廣運,298,195,103,元大-台中,2024-02-29,9812
6231,系微,201,107,94,元大-台中,2024-02-29,9812
00937B,群益ESG投等債20,94,6,88,元大-台中,2024-02-29,9812
1101,台泥,65,3,62,元大-台中,2024-02-29,9812
00919,群益台灣精選高息,77,16,61,元大-台中,2024-02-29,9812
2465,麗臺,67,7,60,元大-台中,2024-02-29,9812
8936,國統,89,39,50,元大-台中,2024-02-29,9812
6127,九豪,57,7,50,元大-台中,2024-02-29,9812
6229,研通,46,1,45,元大-台中,2024-02-29,9812
5452,佶優,58,13,45,元大-台中,2024-02-29,9812
2408,南亞科,43,1,42,元大-台中,2024-02-29,9812
2514,龍邦,40,0,40,元大-台中,2024-02-29,9812
6546,正基,40,0,40,元大-台中,2024-02-29,9812
4303,信立,100,61,39,元大-台中,2024-02-29,9812
00680L,元大美債20正2,35,0,35,元大-台中,2024-02-29,9812
00679B,元大美債20年,31,0,31,元大-台中,2024-02-29,9812
9105,泰金寶-DR,30,0,30,元大-台中,2024-02-29,9812
1504,東元,39,20,19,元大-台中,2024-02-29,9812
3231,緯創,41,22,19,元大-台中,2024-02-29,9812
2611,志信,20,2,18,元大-台中,2024-02-29,9812
3062,建漢,16,0,16,元大-台中,2024-02-29,9812
00688L,國泰20年美債正2,16,0,16,元大-台中,2024-02-29,9812
1522,堤維西,49,34,15,元大-台中,2024-02-29,9812
2377,微星,15,0,15,元大-台中,2024-02-29,9812
6016,康和證,15,0,15,元大-台中,2024-02-29,9812
6143,振曜,25,10,15,元大-台中,2024-02-29,9812
2329,華泰,77,62,15,元大-台中,2024-02-29,9812
2492,華新科,14,0,14,元大-台中,2024-02-29,9812
3312,弘憶股,21,7,14,元大-台中,2024-02-29,9812
9945,潤泰新,16,3,13,元大-台中,2024-02-29,9812
2365,昆盈,15,2,13,元大-台中,2024-02-29,9812
6284,佳邦,19,6,13,元大-台中,2024-02-29,9812
00712,復華富時不動產,14,2,12,元大-台中,2024-02-29,9812
00918,大華優利高填息30,17,5,12,元大-台中,2024-02-29,9812
2369,菱生,15,3,12,元大-台中,2024-02-29,9812
3481,群創,19,8,11,元大-台中,2024-02-29,9812
5202,力新,11,0,11,元大-台中,2024-02-29,9812
8926,台汽電,23,12,11,元大-台中,2024-02-29,9812
8105,凌巨,11,0,11,元大-台中,2024-02-29,9812
2913,農林,12,1,11,元大-台中,2024-02-29,9812
1303,南亞,11,0,11,元大-台中,2024-02-29,9812
6179,亞通,25,14,11,元大-台中,2024-02-29,9812
00687B,國泰20年美債,28,18,10,元大-台中,2024-02-29,9812
8085,福華,17,7,10,元大-台中,2024-02-29,9812
2356,英業達,15,5,10,元大-台中,2024-02-29,9812
3229,晟鈦,10,0,10,元大-台中,2024-02-29,9812
2409,友達,306,2,304,元大-台中,2024-03-01,9812
8085,福華,322,61,261,元大-台中,2024-03-01,9812
00919,群益台灣精選高息,247,47,200,元大-台中,2024-03-01,9812
2353,宏��,213,49,164,元大-台中,2024-03-01,9812
00937B,群益ESG投等債20,159,21,138,元大-台中,2024-03-01,9812
00680L,元大美債20正2,110,6,104,元大-台中,2024-03-01,9812
3515,華擎,103,4,99,元大-台中,2024-03-01,9812
00918,大華優利高填息30,93,1,92,元大-台中,2024-03-01,9812
8105,凌巨,64,7,57,元大-台中,2024-03-01,9812
2888,新光金,72,21,51,元大-台中,2024-03-01,9812
2834,臺企銀,51,4,47,元大-台中,2024-03-01,9812
1101,台泥,52,7,45,元大-台中,2024-03-01,9812
2880,華南金,44,0,44,元大-台中,2024-03-01,9812
00885,富邦越南,42,0,42,元大-台中,2024-03-01,9812
3178,公準,42,1,41,元大-台中,2024-03-01,9812
2313,華通,47,9,38,元大-台中,2024-03-01,9812
00753L,中信中國50正2,297,260,37,元大-台中,2024-03-01,9812
7402,邑錡,27,0,27,元大-台中,2024-03-01,9812
1316,上曜,66,39,27,元大-台中,2024-03-01,9812
2408,南亞科,27,0,27,元大-台中,2024-03-01,9812
00720B,元大投資級公司債,35,9,26,元大-台中,2024-03-01,9812
2539,櫻花建,26,0,26,元大-台中,2024-03-01,9812
4402,郡都開發,32,7,25,元大-台中,2024-03-01,9812
2356,英業達,37,12,25,元大-台中,2024-03-01,9812
6668,中揚光,28,6,22,元大-台中,2024-03-01,9812
5272,笙科,23,2,21,元大-台中,2024-03-01,9812
6806,森崴能源,49,28,21,元大-台中,2024-03-01,9812
2609,陽明,59,39,20,元大-台中,2024-03-01,9812
6546,正基,20,0,20,元大-台中,2024-03-01,9812
2617,台航,18,0,18,元大-台中,2024-03-01,9812
6126,信音,17,0,17,元大-台中,2024-03-01,9812
6224,聚鼎,17,0,17,元大-台中,2024-03-01,9812
2329,華泰,28,11,17,元大-台中,2024-03-01,9812
00878,國泰永續高股息,38,21,17,元大-台中,2024-03-01,9812
00751B,元大AAA至A公司債,16,0,16,元大-台中,2024-03-01,9812
8936,國統,25,10,15,元大-台中,2024-03-01,9812
00712,復華富時不動產,21,6,15,元大-台中,2024-03-01,9812
1309,台達化,15,0,15,元大-台中,2024-03-01,9812
6227,茂綸,17,2,15,元大-台中,2024-03-01,9812
3339,泰谷,14,0,14,元大-台中,2024-03-01,9812
00637L,元大滬深300正2,103,90,13,元大-台中,2024-03-01,9812
2618,長榮航,34,21,13,元大-台中,2024-03-01,9812
2382,廣達,15,3,12,元大-台中,2024-03-01,9812
6712,長聖,12,1,11,元大-台中,2024-03-01,9812
6449,鈺邦,11,0,11,元大-台中,2024-03-01,9812
1522,堤維西,26,15,11,元大-台中,2024-03-01,9812
2002,中鋼,14,4,10,元大-台中,2024-03-01,9812
00687B,國泰20年美債,15,5,10,元大-台中,2024-03-01,9812
2882,國泰金,20,10,10,元大-台中,2024-03-01,9812
2367,燿華,29,19,10,元大-台中,2024-03-01,9812
00937B,群益ESG投等債20,521,10,511,元大-台中,2024-03-04,9812
00919,群益台灣精選高息,398,97,301,元大-台中,2024-03-04,9812
00632R,元大台灣50反1,290,5,285,元大-台中,2024-03-04,9812
4543,萬在,114,13,101,元大-台中,2024-03-04,9812
00712,復華富時不動產,78,0,78,元大-台中,2024-03-04,9812
2465,麗臺,70,0,70,元大-台中,2024-03-04,9812
00918,大華優利高填息30,64,8,56,元大-台中,2024-03-04,9812
2353,宏��,66,16,50,元大-台中,2024-03-04,9812
2888,新光金,118,72,46,元大-台中,2024-03-04,9812
00679B,元大美債20年,46,0,46,元大-台中,2024-03-04,9812
2617,台航,48,3,45,元大-台中,2024-03-04,9812
2855,統一證,40,0,40,元大-台中,2024-03-04,9812
6546,正基,40,3,37,元大-台中,2024-03-04,9812
6275,元山,36,1,35,元大-台中,2024-03-04,9812
3360,尚立,56,26,30,元大-台中,2024-03-04,9812
00753L,中信中國50正2,135,106,29,元大-台中,2024-03-04,9812
5488,松普,31,2,29,元大-台中,2024-03-04,9812
00674R,期元大S＆P黃金反1,28,0,28,元大-台中,2024-03-04,9812
2324,仁寶,1193,1165,28,元大-台中,2024-03-04,9812
3297,杭特,25,1,24,元大-台中,2024-03-04,9812
3163,波若威,44,22,22,元大-台中,2024-03-04,9812
2314,台揚,22,1,21,元大-台中,2024-03-04,9812
3105,穩懋,21,0,21,元大-台中,2024-03-04,9812
4503,金雨,21,0,21,元大-台中,2024-03-04,9812
2886,兆豐金,20,0,20,元大-台中,2024-03-04,9812
00895,富邦未來車,21,1,20,元大-台中,2024-03-04,9812
3231,緯創,65,45,20,元大-台中,2024-03-04,9812
4968,立積,39,20,19,元大-台中,2024-03-04,9812
8383,千附,20,1,19,元大-台中,2024-03-04,9812
00933B,國泰10Y+金融債,25,6,19,元大-台中,2024-03-04,9812
6237,驊訊,24,6,18,元大-台中,2024-03-04,9812
9945,潤泰新,19,2,17,元大-台中,2024-03-04,9812
00893,國泰智能電動車,20,3,17,元大-台中,2024-03-04,9812
6139,亞翔,21,4,17,元大-台中,2024-03-04,9812
1319,東陽,17,0,17,元大-台中,2024-03-04,9812
8271,宇瞻,20,3,17,元大-台中,2024-03-04,9812
3005,神基,28,12,16,元大-台中,2024-03-04,9812
6126,信音,17,2,15,元大-台中,2024-03-04,9812
1314,中石化,15,0,15,元大-台中,2024-03-04,9812
2637,慧洋-KY,16,1,15,元大-台中,2024-03-04,9812
6207,雷科,14,0,14,元大-台中,2024-03-04,9812
2356,英業達,27,14,13,元大-台中,2024-03-04,9812
6109,亞元,12,0,12,元大-台中,2024-03-04,9812
2025,千興,12,0,12,元大-台中,2024-03-04,9812
8942,森鉅,12,0,12,元大-台中,2024-03-04,9812
3264,欣銓,23,12,11,元大-台中,2024-03-04,9812
9905,大華,11,0,11,元大-台中,2024-03-04,9812
3060,銘異,11,0,11,元大-台中,2024-03-04,9812
2301,光寶科,18,7,11,元大-台中,2024-03-04,9812
6191,精成科,10,0,10,元大-台中,2024-03-04,9812
1316,上曜,606,29,577,元大-台中,2024-03-05,9812
00919,群益台灣精選高息,301,37,264,元大-台中,2024-03-05,9812
2880,華南金,100,3,97,元大-台中,2024-03-05,9812
00753L,中信中國50正2,332,256,76,元大-台中,2024-03-05,9812
3013,晟銘電,1524,1449,75,元大-台中,2024-03-05,9812
2888,新光金,66,5,61,元大-台中,2024-03-05,9812
00712,復華富時不動產,70,13,57,元大-台中,2024-03-05,9812
00937B,群益ESG投等債20,48,7,41,元大-台中,2024-03-05,9812
2367,燿華,101,62,39,元大-台中,2024-03-05,9812
00687B,國泰20年美債,45,8,37,元大-台中,2024-03-05,9812
00632R,元大台灣50反1,58,21,37,元大-台中,2024-03-05,9812
2340,台亞,49,13,36,元大-台中,2024-03-05,9812
3481,群創,83,48,35,元大-台中,2024-03-05,9812
2913,農林,33,0,33,元大-台中,2024-03-05,9812
1504,東元,60,31,29,元大-台中,2024-03-05,9812
2891,中信金,31,4,27,元大-台中,2024-03-05,9812
00882,中信中國高股息,29,4,25,元大-台中,2024-03-05,9812
2820,華票,25,0,25,元大-台中,2024-03-05,9812
5009,榮剛,28,3,25,元大-台中,2024-03-05,9812
3694,海華,42,18,24,元大-台中,2024-03-05,9812
6150,撼訊,34,10,24,元大-台中,2024-03-05,9812
2371,大同,59,36,23,元大-台中,2024-03-05,9812
3450,聯鈞,96,73,23,元大-台中,2024-03-05,9812
4526,東台,22,0,22,元大-台中,2024-03-05,9812
5452,佶優,22,0,22,元大-台中,2024-03-05,9812
3105,穩懋,22,1,21,元大-台中,2024-03-05,9812
1809,中釉,20,0,20,元大-台中,2024-03-05,9812
1455,集盛,22,2,20,元大-台中,2024-03-05,9812
2515,中工,20,0,20,元大-台中,2024-03-05,9812
2303,聯電,26,7,19,元大-台中,2024-03-05,9812
2312,金寶,22,3,19,元大-台中,2024-03-05,9812
2405,輔信,20,2,18,元大-台中,2024-03-05,9812
2465,麗臺,20,2,18,元大-台中,2024-03-05,9812
2353,宏��,21,4,17,元大-台中,2024-03-05,9812
3689,湧德,33,17,16,元大-台中,2024-03-05,9812
00679B,元大美債20年,15,0,15,元大-台中,2024-03-05,9812
2481,強茂,15,0,15,元大-台中,2024-03-05,9812
3372,典範,59,44,15,元大-台中,2024-03-05,9812
6127,九豪,18,3,15,元大-台中,2024-03-05,9812
8926,台汽電,16,2,14,元大-台中,2024-03-05,9812
6217,中探針,24,10,14,元大-台中,2024-03-05,9812
3163,波若威,41,28,13,元大-台中,2024-03-05,9812
8011,台通,33,21,12,元大-台中,2024-03-05,9812
1229,聯華,11,0,11,元大-台中,2024-03-05,9812
2344,華邦電,13,2,11,元大-台中,2024-03-05,9812
2324,仁寶,26,15,11,元大-台中,2024-03-05,9812
2539,櫻花建,11,0,11,元大-台中,2024-03-05,9812
2359,所羅門,16,5,11,元大-台中,2024-03-05,9812
3088,艾訊,11,0,11,元大-台中,2024-03-05,9812
3483,力致,11,1,10,元大-台中,2024-03-05,9812
00907,永豐優息存股,341,10,331,元大-台中,2024-03-06,9812
00933B,國泰10Y+金融債,212,10,202,元大-台中,2024-03-06,9812
00918,大華優利高填息30,153,23,130,元大-台中,2024-03-06,9812
1609,大亞,216,105,111,元大-台中,2024-03-06,9812
2882,國泰金,105,10,95,元大-台中,2024-03-06,9812
3372,典範,100,5,95,元大-台中,2024-03-06,9812
6143,振曜,194,107,87,元大-台中,2024-03-06,9812
4303,信立,75,0,75,元大-台中,2024-03-06,9812
3037,欣興,71,4,67,元大-台中,2024-03-06,9812
9105,泰金寶-DR,65,0,65,元大-台中,2024-03-06,9812
00915,凱基優選高股息30,68,6,62,元大-台中,2024-03-06,9812
2845,遠東銀,169,111,58,元大-台中,2024-03-06,9812
1504,東元,2116,2065,51,元大-台中,2024-03-06,9812
00632R,元大台灣50反1,54,5,49,元大-台中,2024-03-06,9812
2889,國票金,45,2,43,元大-台中,2024-03-06,9812
2834,臺企銀,55,12,43,元大-台中,2024-03-06,9812
2633,台灣高鐵,37,0,37,元大-台中,2024-03-06,9812
2515,中工,59,22,37,元大-台中,2024-03-06,9812
2618,長榮航,59,30,29,元大-台中,2024-03-06,9812
3266,昇陽,30,1,29,元大-台中,2024-03-06,9812
2303,聯電,60,31,29,元大-台中,2024-03-06,9812
2356,英業達,56,30,26,元大-台中,2024-03-06,9812
8936,國統,33,7,26,元大-台中,2024-03-06,9812
5314,世紀,27,2,25,元大-台中,2024-03-06,9812
00688L,國泰20年美債正2,22,0,22,元大-台中,2024-03-06,9812
5388,中磊,22,1,21,元大-台中,2024-03-06,9812
3321,同泰,21,0,21,元大-台中,2024-03-06,9812
3325,旭品,49,28,21,元大-台中,2024-03-06,9812
2324,仁寶,26,6,20,元大-台中,2024-03-06,9812
2498,宏達電,20,2,18,元大-台中,2024-03-06,9812
5452,佶優,36,18,18,元大-台中,2024-03-06,9812
4503,金雨,18,0,18,元大-台中,2024-03-06,9812
2353,宏��,21,3,18,元大-台中,2024-03-06,9812
3294,英濟,17,0,17,元大-台中,2024-03-06,9812
6770,力積電,18,1,17,元大-台中,2024-03-06,9812
1529,樂事綠能,17,1,16,元大-台中,2024-03-06,9812
2610,華航,16,0,16,元大-台中,2024-03-06,9812
2887,台新金,22,6,16,元大-台中,2024-03-06,9812
2002,中鋼,16,1,15,元大-台中,2024-03-06,9812
00753L,中信中國50正2,165,150,15,元大-台中,2024-03-06,9812
6243,迅杰,13,0,13,元大-台中,2024-03-06,9812
2352,佳世達,23,10,13,元大-台中,2024-03-06,9812
6443,元晶,13,1,12,元大-台中,2024-03-06,9812
2408,南亞科,14,2,12,元大-台中,2024-03-06,9812
2363,矽統,14,2,12,元大-台中,2024-03-06,9812
3483,力致,19,8,11,元大-台中,2024-03-06,9812
8210,勤誠,13,2,11,元大-台中,2024-03-06,9812
3450,聯鈞,21,10,11,元大-台中,2024-03-06,9812
5465,富驊,13,2,11,元大-台中,2024-03-06,9812
3211,順達,11,0,11,元大-台中,2024-03-06,9812
00933B,國泰10Y+金融債,260,29,231,元大-台中,2024-03-07,9812
00919,群益台灣精選高息,305,90,215,元大-台中,2024-03-07,9812
00632R,元大台灣50反1,204,22,182,元大-台中,2024-03-07,9812
3540,曜越,189,18,171,元大-台中,2024-03-07,9812
00937B,群益ESG投等債20,246,87,159,元大-台中,2024-03-07,9812
1582,信錦,204,55,149,元大-台中,2024-03-07,9812
2385,群光,151,13,138,元大-台中,2024-03-07,9812
2615,萬海,106,2,104,元大-台中,2024-03-07,9812
2888,新光金,106,17,89,元大-台中,2024-03-07,9812
5452,佶優,92,20,72,元大-台中,2024-03-07,9812
00712,復華富時不動產,83,22,61,元大-台中,2024-03-07,9812
5521,工信,61,6,55,元大-台中,2024-03-07,9812
3576,聯合再生,52,0,52,元大-台中,2024-03-07,9812
2880,華南金,50,2,48,元大-台中,2024-03-07,9812
6591,動力-KY,46,2,44,元大-台中,2024-03-07,9812
7402,邑錡,41,2,39,元大-台中,2024-03-07,9812
3231,緯創,67,31,36,元大-台中,2024-03-07,9812
2913,農林,36,0,36,元大-台中,2024-03-07,9812
2313,華通,63,28,35,元大-台中,2024-03-07,9812
2359,所羅門,46,14,32,元大-台中,2024-03-07,9812
6170,統振,30,0,30,元大-台中,2024-03-07,9812
00907,永豐優息存股,30,0,30,元大-台中,2024-03-07,9812
2356,英業達,42,14,28,元大-台中,2024-03-07,9812
2409,友達,32,6,26,元大-台中,2024-03-07,9812
8040,九暘,26,1,25,元大-台中,2024-03-07,9812
00680L,元大美債20正2,105,80,25,元大-台中,2024-03-07,9812
1717,長興,27,2,25,元大-台中,2024-03-07,9812
6191,精成科,22,0,22,元大-台中,2024-03-07,9812
2382,廣達,26,5,21,元大-台中,2024-03-07,9812
00915,凱基優選高股息30,28,7,21,元大-台中,2024-03-07,9812
00857B,永豐20年美公債,21,0,21,元大-台中,2024-03-07,9812
6257,矽格,24,3,21,元大-台中,2024-03-07,9812
00891,中信關鍵半導體,21,1,20,元大-台中,2024-03-07,9812
2002,中鋼,24,4,20,元大-台中,2024-03-07,9812
3289,宜特,48,29,19,元大-台中,2024-03-07,9812
00679B,元大美債20年,21,3,18,元大-台中,2024-03-07,9812
3645,達邁,20,1,19,元大-台中,2024-03-07,9812
3372,典範,18,0,18,元大-台中,2024-03-07,9812
00934,中信成長高股息,17,0,17,元大-台中,2024-03-07,9812
1526,日馳,22,5,17,元大-台中,2024-03-07,9812
8112,至上,32,15,17,元大-台中,2024-03-07,9812
3711,日月光投控,25,9,16,元大-台中,2024-03-07,9812
6125,廣運,61,46,15,元大-台中,2024-03-07,9812
1536,和大,19,4,15,元大-台中,2024-03-07,9812
8011,台通,16,1,15,元大-台中,2024-03-07,9812
4743,合一,116,101,15,元大-台中,2024-03-07,9812
2609,陽明,27,12,15,元大-台中,2024-03-07,9812
6443,元晶,18,3,15,元大-台中,2024-03-07,9812
1513,中興電,55,40,15,元大-台中,2024-03-07,9812
5515,建國,28,13,15,元大-台中,2024-03-07,9812
00632R,元大台灣50反1,388,0,388,元大-台中,2024-03-08,9812
00885,富邦越南,315,6,309,元大-台中,2024-03-08,9812
2344,華邦電,173,5,168,元大-台中,2024-03-08,9812
2883,凱基金,226,81,145,元大-台中,2024-03-08,9812
5498,凱崴,210,69,141,元大-台中,2024-03-08,9812
2417,圓剛,151,28,123,元大-台中,2024-03-08,9812
00918,大華優利高填息30,109,27,82,元大-台中,2024-03-08,9812
00751B,元大AAA至A公司債,76,0,76,元大-台中,2024-03-08,9812
00915,凱基優選高股息30,84,17,67,元大-台中,2024-03-08,9812
9902,台火,69,4,65,元大-台中,2024-03-08,9812
4909,新復興,70,10,60,元大-台中,2024-03-08,9812
2617,台航,56,0,56,元大-台中,2024-03-08,9812
2363,矽統,66,10,56,元大-台中,2024-03-08,9812
6016,康和證,72,20,52,元大-台中,2024-03-08,9812
00927,群益半導體收益,47,12,35,元大-台中,2024-03-08,9812
2332,友訊,33,0,33,元大-台中,2024-03-08,9812
00712,復華富時不動產,38,6,32,元大-台中,2024-03-08,9812
2359,所羅門,40,12,28,元大-台中,2024-03-08,9812
2888,新光金,248,220,28,元大-台中,2024-03-08,9812
1316,上曜,55,28,27,元大-台中,2024-03-08,9812
2820,華票,27,0,27,元大-台中,2024-03-08,9812
2317,鴻海,35,10,25,元大-台中,2024-03-08,9812
5009,榮剛,24,0,24,元大-台中,2024-03-08,9812
6015,宏遠證,25,2,23,元大-台中,2024-03-08,9812
00679B,元大美債20年,37,15,22,元大-台中,2024-03-08,9812
2002,中鋼,36,14,22,元大-台中,2024-03-08,9812
00891,中信關鍵半導體,26,6,20,元大-台中,2024-03-08,9812
2449,京元電子,97,78,19,元大-台中,2024-03-08,9812
3321,同泰,19,0,19,元大-台中,2024-03-08,9812
1101,台泥,19,0,19,元大-台中,2024-03-08,9812
9105,泰金寶-DR,17,0,17,元大-台中,2024-03-08,9812
2323,中環,17,0,17,元大-台中,2024-03-08,9812
9904,寶成,16,0,16,元大-台中,2024-03-08,9812
1309,台達化,16,0,16,元大-台中,2024-03-08,9812
3645,達邁,17,1,16,元大-台中,2024-03-08,9812
2467,志聖,16,0,16,元大-台中,2024-03-08,9812
00937B,群益ESG投等債20,22,7,15,元大-台中,2024-03-08,9812
2365,昆盈,15,1,14,元大-台中,2024-03-08,9812
2603,長榮,35,22,13,元大-台中,2024-03-08,9812
6126,信音,15,2,13,元大-台中,2024-03-08,9812
3583,辛耘,15,2,13,元大-台中,2024-03-08,9812
3312,弘憶股,17,4,13,元大-台中,2024-03-08,9812
2329,華泰,29,17,12,元大-台中,2024-03-08,9812
6284,佳邦,24,13,11,元大-台中,2024-03-08,9812
5478,智冠,12,1,11,元大-台中,2024-03-08,9812
6116,彩晶,11,0,11,元大-台中,2024-03-08,9812
2399,映泰,14,3,11,元大-台中,2024-03-08,9812
8367,建新國際,11,0,11,元大-台中,2024-03-08,9812
6188,廣明,15,4,11,元大-台中,2024-03-08,9812
2610,華航,11,1,10,元大-台中,2024-03-08,9812
00712,復華富時不動產,842,20,822,元大-台中,2024-03-11,9812
4909,新復興,750,0,750,元大-台中,2024-03-11,9812
8085,福華,271,0,271,元大-台中,2024-03-11,9812
00919,群益台灣精選高息,376,171,205,元大-台中,2024-03-11,9812
2465,麗臺,151,0,151,元大-台中,2024-03-11,9812
00687B,國泰20年美債,123,20,103,元大-台中,2024-03-11,9812
1504,東元,106,6,100,元大-台中,2024-03-11,9812
2313,華通,376,292,84,元大-台中,2024-03-11,9812
00929,復華台灣科技優息,99,20,79,元大-台中,2024-03-11,9812
2603,長榮,87,19,68,元大-台中,2024-03-11,9812
00679B,元大美債20年,63,3,60,元大-台中,2024-03-11,9812
00918,大華優利高填息30,57,3,54,元大-台中,2024-03-11,9812
1314,中石化,52,0,52,元大-台中,2024-03-11,9812
00751B,元大AAA至A公司債,50,0,50,元大-台中,2024-03-11,9812
2367,燿華,134,88,46,元大-台中,2024-03-11,9812
2867,三商壽,42,0,42,元大-台中,2024-03-11,9812
2363,矽統,41,1,40,元大-台中,2024-03-11,9812
00885,富邦越南,43,5,38,元大-台中,2024-03-11,9812
00937B,群益ESG投等債20,44,7,37,元大-台中,2024-03-11,9812
0056,元大高股息,33,4,29,元大-台中,2024-03-11,9812
3083,網龍,26,0,26,元大-台中,2024-03-11,9812
2888,新光金,42,16,26,元大-台中,2024-03-11,9812
6005,群益證,26,1,25,元大-台中,2024-03-11,9812
2618,長榮航,35,13,22,元大-台中,2024-03-11,9812
00927,群益半導體收益,25,5,20,元大-台中,2024-03-11,9812
2484,希華,20,0,20,元大-台中,2024-03-11,9812
6182,合晶,18,2,16,元大-台中,2024-03-11,9812
1815,富喬,24,8,16,元大-台中,2024-03-11,9812
2882,國泰金,34,18,16,元大-台中,2024-03-11,9812
3231,緯創,133,118,15,元大-台中,2024-03-11,9812
1785,光洋科,16,1,15,元大-台中,2024-03-11,9812
5302,太欣,15,0,15,元大-台中,2024-03-11,9812
2485,兆赫,16,2,14,元大-台中,2024-03-11,9812
2881,富邦金,15,2,13,元大-台中,2024-03-11,9812
00642U,期元大S＆P石油,13,0,13,元大-台中,2024-03-11,9812
00764B,群益25年美債,12,0,12,元大-台中,2024-03-11,9812
00915,凱基優選高股息30,13,1,12,元大-台中,2024-03-11,9812
2610,華航,12,0,12,元大-台中,2024-03-11,9812
5452,佶優,13,1,12,元大-台中,2024-03-11,9812
00857B,永豐20年美公債,11,0,11,元大-台中,2024-03-11,9812
3294,英濟,25,14,11,元大-台中,2024-03-11,9812
9904,寶成,11,0,11,元大-台中,2024-03-11,9812
2344,華邦電,27,16,11,元大-台中,2024-03-11,9812
5880,合庫金,12,1,11,元大-台中,2024-03-11,9812
2476,鉅祥,10,0,10,元大-台中,2024-03-11,9812
2308,台達電,15,4,11,元大-台中,2024-03-11,9812
1303,南亞,10,0,10,元大-台中,2024-03-11,9812
2606,裕民,11,1,10,元大-台中,2024-03-11,9812
8926,台汽電,13,3,10,元大-台中,2024-03-11,9812
3047,訊舟,10,0,10,元大-台中,2024-03-11,9812
2354,鴻準,1022,544,478,元大-台中,2024-03-12,9812
2317,鴻海,555,262,293,元大-台中,2024-03-12,9812
00633L,富邦上証正2,255,0,255,元大-台中,2024-03-12,9812
1808,潤隆,312,60,252,元大-台中,2024-03-12,9812
00919,群益台灣精選高息,190,88,102,元大-台中,2024-03-12,9812
8064,東捷,108,13,95,元大-台中,2024-03-12,9812
1504,東元,739,670,69,元大-台中,2024-03-12,9812
2303,聯電,200,137,63,元大-台中,2024-03-12,9812
00918,大華優利高填息30,69,14,55,元大-台中,2024-03-12,9812
2025,千興,50,0,50,元大-台中,2024-03-12,9812
00751B,元大AAA至A公司債,48,0,48,元大-台中,2024-03-12,9812
2344,華邦電,70,24,46,元大-台中,2024-03-12,9812
00679B,元大美債20年,43,0,43,元大-台中,2024-03-12,9812
2610,華航,44,6,38,元大-台中,2024-03-12,9812
00712,復華富時不動產,35,0,35,元大-台中,2024-03-12,9812
2801,彰銀,30,0,30,元大-台中,2024-03-12,9812
1725,元禎,30,0,30,元大-台中,2024-03-12,9812
00687B,國泰20年美債,31,2,29,元大-台中,2024-03-12,9812
2323,中環,55,29,26,元大-台中,2024-03-12,9812
3372,典範,26,2,24,元大-台中,2024-03-12,9812
2617,台航,34,11,23,元大-台中,2024-03-12,9812
1455,集盛,27,5,22,元大-台中,2024-03-12,9812
1314,中石化,21,0,21,元大-台中,2024-03-12,9812
00664R,國泰臺灣加權反1,20,0,20,元大-台中,2024-03-12,9812
5213,亞昕,26,7,19,元大-台中,2024-03-12,9812
00937B,群益ESG投等債20,22,3,19,元大-台中,2024-03-12,9812
8085,福華,31,12,19,元大-台中,2024-03-12,9812
1514,亞力,37,19,18,元大-台中,2024-03-12,9812
2408,南亞科,23,5,18,元大-台中,2024-03-12,9812
3022,威強電,18,0,18,元大-台中,2024-03-12,9812
2891,中信金,24,6,18,元大-台中,2024-03-12,9812
00915,凱基優選高股息30,22,4,18,元大-台中,2024-03-12,9812
8936,國統,37,21,16,元大-台中,2024-03-12,9812
2365,昆盈,15,0,15,元大-台中,2024-03-12,9812
1582,信錦,92,78,14,元大-台中,2024-03-12,9812
6806,森崴能源,21,7,14,元大-台中,2024-03-12,9812
3047,訊舟,13,0,13,元大-台中,2024-03-12,9812
5521,工信,17,4,13,元大-台中,2024-03-12,9812
00935,野村臺灣新科技50,14,1,13,元大-台中,2024-03-12,9812
1712,興農,15,3,12,元大-台中,2024-03-12,9812
4908,前鼎,15,3,12,元大-台中,2024-03-12,9812
8105,凌巨,12,0,12,元大-台中,2024-03-12,9812
4420,光明,13,2,11,元大-台中,2024-03-12,9812
2201,裕隆,17,6,11,元大-台中,2024-03-12,9812
4915,致伸,14,4,10,元大-台中,2024-03-12,9812
6224,聚鼎,10,0,10,元大-台中,2024-03-12,9812
006205,富邦上証,10,0,10,元大-台中,2024-03-12,9812
00936,台新永續高息中小,10,0,10,元大-台中,2024-03-12,9812
4999,鑫禾,10,0,10,元大-台中,2024-03-12,9812
1532,勤美,10,0,10,元大-台中,2024-03-12,9812
2890,永豐金,402,3,399,元大-台中,2024-03-13,9812
2885,元大金,324,35,289,元大-台中,2024-03-13,9812
3702,大聯大,255,7,248,元大-台中,2024-03-13,9812
00687B,國泰20年美債,115,0,115,元大-台中,2024-03-13,9812
00753L,中信中國50正2,284,173,111,元大-台中,2024-03-13,9812
1504,東元,926,821,105,元大-台中,2024-03-13,9812
00933B,國泰10Y+金融債,104,0,104,元大-台中,2024-03-13,9812
00929,復華台灣科技優息,179,76,103,元大-台中,2024-03-13,9812
6016,康和證,100,0,100,元大-台中,2024-03-13,9812
2344,華邦電,87,8,79,元大-台中,2024-03-13,9812
3231,緯創,114,43,71,元大-台中,2024-03-13,9812
1519,華城,175,117,58,元大-台中,2024-03-13,9812
00679B,元大美債20年,55,2,53,元大-台中,2024-03-13,9812
00937B,群益ESG投等債20,77,24,53,元大-台中,2024-03-13,9812
8040,九暘,159,106,53,元大-台中,2024-03-13,9812
1314,中石化,51,0,51,元大-台中,2024-03-13,9812
00637L,元大滬深300正2,130,80,50,元大-台中,2024-03-13,9812
6770,力積電,53,4,49,元大-台中,2024-03-13,9812
8926,台汽電,66,19,47,元大-台中,2024-03-13,9812
00918,大華優利高填息30,82,36,46,元大-台中,2024-03-13,9812
1513,中興電,129,88,41,元大-台中,2024-03-13,9812
6593,台灣銘板,40,1,39,元大-台中,2024-03-13,9812
2408,南亞科,40,3,37,元大-台中,2024-03-13,9812
8112,至上,35,2,33,元大-台中,2024-03-13,9812
8931,大汽電,30,0,30,元大-台中,2024-03-13,9812
1589,永冠-KY,28,0,28,元大-台中,2024-03-13,9812
6026,福邦證,40,14,26,元大-台中,2024-03-13,9812
2404,漢唐,31,6,25,元大-台中,2024-03-13,9812
2359,所羅門,45,22,23,元大-台中,2024-03-13,9812
2352,佳世達,23,1,22,元大-台中,2024-03-13,9812
6141,柏承,21,0,21,元大-台中,2024-03-13,9812
9105,泰金寶-DR,20,0,20,元大-台中,2024-03-13,9812
5386,青雲,26,6,20,元大-台中,2024-03-13,9812
2618,長榮航,59,39,20,元大-台中,2024-03-13,9812
2002,中鋼,20,1,19,元大-台中,2024-03-13,9812
1582,信錦,19,2,17,元大-台中,2024-03-13,9812
2911,麗嬰房,17,0,17,元大-台中,2024-03-13,9812
00930,永豐ESG低碳高息,17,0,17,元大-台中,2024-03-13,9812
00720B,元大投資級公司債,21,5,16,元大-台中,2024-03-13,9812
2530,華建,16,1,15,元大-台中,2024-03-13,9812
6712,長聖,15,0,15,元大-台中,2024-03-13,9812
2610,華航,17,2,15,元大-台中,2024-03-13,9812
6206,飛捷,20,6,14,元大-台中,2024-03-13,9812
2609,陽明,38,24,14,元大-台中,2024-03-13,9812
1303,南亞,13,0,13,元大-台中,2024-03-13,9812
2897,王道銀行,13,0,13,元大-台中,2024-03-13,9812
00646,元大S＆P500,13,0,13,元大-台中,2024-03-13,9812
2611,志信,17,4,13,元大-台中,2024-03-13,9812
2376,技嘉,30,17,13,元大-台中,2024-03-13,9812
5210,寶碩,12,0,12,元大-台中,2024-03-13,9812
2891,中信金,1100,76,1024,元大-台中,2024-03-14,9812
1615,大山,755,201,554,元大-台中,2024-03-14,9812
2890,永豐金,457,0,457,元大-台中,2024-03-14,9812
00919,群益台灣精選高息,419,94,325,元大-台中,2024-03-14,9812
2611,志信,252,0,252,元大-台中,2024-03-14,9812
00712,復華富時不動產,208,25,183,元大-台中,2024-03-14,9812
00918,大華優利高填息30,169,4,165,元大-台中,2024-03-14,9812
00907,永豐優息存股,134,2,132,元大-台中,2024-03-14,9812
2883,凱基金,368,244,124,元大-台中,2024-03-14,9812
2903,遠百,108,0,108,元大-台中,2024-03-14,9812
6015,宏遠證,100,0,100,元大-台中,2024-03-14,9812
2603,長榮,125,44,81,元大-台中,2024-03-14,9812
2105,正新,101,36,65,元大-台中,2024-03-14,9812
00915,凱基優選高股息30,69,5,64,元大-台中,2024-03-14,9812
00929,復華台灣科技優息,200,142,58,元大-台中,2024-03-14,9812
1314,中石化,51,0,51,元大-台中,2024-03-14,9812
00679B,元大美債20年,58,15,43,元大-台中,2024-03-14,9812
2885,元大金,88,46,42,元大-台中,2024-03-14,9812
00937B,群益ESG投等債20,50,9,41,元大-台中,2024-03-14,9812
2354,鴻準,118,79,39,元大-台中,2024-03-14,9812
9802,鈺齊-KY,37,0,37,元大-台中,2024-03-14,9812
6770,力積電,36,0,36,元大-台中,2024-03-14,9812
3338,泰碩,36,0,36,元大-台中,2024-03-14,9812
00927,群益半導體收益,35,0,35,元大-台中,2024-03-14,9812
2845,遠東銀,33,0,33,元大-台中,2024-03-14,9812
2330,台積電,38,5,33,元大-台中,2024-03-14,9812
9902,台火,50,18,32,元大-台中,2024-03-14,9812
1609,大亞,102,70,32,元大-台中,2024-03-14,9812
4714,永捷,35,4,31,元大-台中,2024-03-14,9812
2618,長榮航,74,47,27,元大-台中,2024-03-14,9812
2609,陽明,36,11,25,元大-台中,2024-03-14,9812
2838,聯邦銀,25,0,25,元大-台中,2024-03-14,9812
2401,凌陽,23,0,23,元大-台中,2024-03-14,9812
1316,上曜,87,64,23,元大-台中,2024-03-14,9812
6712,長聖,22,0,22,元大-台中,2024-03-14,9812
00633L,富邦上証正2,22,0,22,元大-台中,2024-03-14,9812
00687B,國泰20年美債,31,9,22,元大-台中,2024-03-14,9812
3266,昇陽,21,0,21,元大-台中,2024-03-14,9812
5533,皇鼎,20,0,20,元大-台中,2024-03-14,9812
8440,綠電,20,0,20,元大-台中,2024-03-14,9812
6005,群益證,21,2,19,元大-台中,2024-03-14,9812
2353,宏��,29,11,18,元大-台中,2024-03-14,9812
2247,汎德永業,18,0,18,元大-台中,2024-03-14,9812
00933B,國泰10Y+金融債,20,3,17,元大-台中,2024-03-14,9812
2408,南亞科,22,5,17,元大-台中,2024-03-14,9812
2615,萬海,16,0,16,元大-台中,2024-03-14,9812
4303,信立,16,0,16,元大-台中,2024-03-14,9812
1815,富喬,25,10,15,元大-台中,2024-03-14,9812
1612,宏泰,15,1,14,元大-台中,2024-03-14,9812
00753L,中信中國50正2,213,200,13,元大-台中,2024-03-14,9812
3294,英濟,759,201,558,元大-台中,2024-03-15,9812
00919,群益台灣精選高息,418,89,329,元大-台中,2024-03-15,9812
00937B,群益ESG投等債20,220,0,220,元大-台中,2024-03-15,9812
5533,皇鼎,191,0,191,元大-台中,2024-03-15,9812
00941,中信上游半導體,137,0,137,元大-台中,2024-03-15,9812
00680L,元大美債20正2,183,53,130,元大-台中,2024-03-15,9812
4714,永捷,149,26,123,元大-台中,2024-03-15,9812
00679B,元大美債20年,112,2,110,元大-台中,2024-03-15,9812
00687B,國泰20年美債,90,0,90,元大-台中,2024-03-15,9812
2888,新光金,79,2,77,元大-台中,2024-03-15,9812
2834,臺企銀,100,24,76,元大-台中,2024-03-15,9812
00933B,國泰10Y+金融債,86,11,75,元大-台中,2024-03-15,9812
00706L,期元大S＆P日圓正2,50,0,50,元大-台中,2024-03-15,9812
00753L,中信中國50正2,49,0,49,元大-台中,2024-03-15,9812
2603,長榮,50,5,45,元大-台中,2024-03-15,9812
6150,撼訊,40,2,38,元大-台中,2024-03-15,9812
2105,正新,51,13,38,元大-台中,2024-03-15,9812
00918,大華優利高填息30,66,30,36,元大-台中,2024-03-15,9812
2615,萬海,38,2,36,元大-台中,2024-03-15,9812
8092,建暐,35,0,35,元大-台中,2024-03-15,9812
2330,台積電,72,38,34,元大-台中,2024-03-15,9812
2356,英業達,40,7,33,元大-台中,2024-03-15,9812
3019,亞光,32,0,32,元大-台中,2024-03-15,9812
2609,陽明,43,13,30,元大-台中,2024-03-15,9812
2618,長榮航,61,34,27,元大-台中,2024-03-15,9812
00720B,元大投資級公司債,26,0,26,元大-台中,2024-03-15,9812
1513,中興電,68,42,26,元大-台中,2024-03-15,9812
2476,鉅祥,20,0,20,元大-台中,2024-03-15,9812
8040,九暘,21,1,20,元大-台中,2024-03-15,9812
00650L,復華香港正2,20,0,20,元大-台中,2024-03-15,9812
1503,士電,72,53,19,元大-台中,2024-03-15,9812
2617,台航,17,0,17,元大-台中,2024-03-15,9812
2344,華邦電,24,7,17,元大-台中,2024-03-15,9812
2107,厚生,17,0,17,元大-台中,2024-03-15,9812
4510,高鋒,16,0,16,元大-台中,2024-03-15,9812
2002,中鋼,18,2,16,元大-台中,2024-03-15,9812
9945,潤泰新,16,1,15,元大-台中,2024-03-15,9812
1806,冠軍,15,0,15,元大-台中,2024-03-15,9812
6170,統振,15,0,15,元大-台中,2024-03-15,9812
3025,星通,17,3,14,元大-台中,2024-03-15,9812
3163,波若威,52,39,13,元大-台中,2024-03-15,9812
2401,凌陽,13,0,13,元大-台中,2024-03-15,9812
2342,茂矽,14,1,13,元大-台中,2024-03-15,9812
8011,台通,13,0,13,元大-台中,2024-03-15,9812
4906,正文,17,5,12,元大-台中,2024-03-15,9812
00633L,富邦上証正2,12,0,12,元大-台中,2024-03-15,9812
3338,泰碩,14,2,12,元大-台中,2024-03-15,9812
3037,欣興,14,2,12,元大-台中,2024-03-15,9812
1303,南亞,11,0,11,元大-台中,2024-03-15,9812
2636,台驊控股,13,2,11,元大-台中,2024-03-15,9812
1504,東元,632,386,246,元大-台中,2024-03-18,9812
00919,群益台灣精選高息,290,116,174,元大-台中,2024-03-18,9812
2505,國揚,150,0,150,元大-台中,2024-03-18,9812
2834,臺企銀,225,109,116,元大-台中,2024-03-18,9812
3498,陽程,101,2,99,元大-台中,2024-03-18,9812
2888,新光金,190,111,79,元大-台中,2024-03-18,9812
00937B,群益ESG投等債20,68,2,66,元大-台中,2024-03-18,9812
2208,台船,64,1,63,元大-台中,2024-03-18,9812
3706,神達,63,4,59,元大-台中,2024-03-18,9812
6753,龍德造船,54,0,54,元大-台中,2024-03-18,9812
00687B,國泰20年美債,54,0,54,元大-台中,2024-03-18,9812
00941,中信上游半導體,66,15,51,元大-台中,2024-03-18,9812
2867,三商壽,48,0,48,元大-台中,2024-03-18,9812
00632R,元大台灣50反1,45,0,45,元大-台中,2024-03-18,9812
9902,台火,75,30,45,元大-台中,2024-03-18,9812
00679B,元大美債20年,41,0,41,元大-台中,2024-03-18,9812
4909,新復興,40,2,38,元大-台中,2024-03-18,9812
2408,南亞科,34,0,34,元大-台中,2024-03-18,9812
2465,麗臺,35,1,34,元大-台中,2024-03-18,9812
00918,大華優利高填息30,70,36,34,元大-台中,2024-03-18,9812
3481,群創,35,3,32,元大-台中,2024-03-18,9812
2354,鴻準,78,47,31,元大-台中,2024-03-18,9812
2105,正新,53,22,31,元大-台中,2024-03-18,9812
6129,普誠,30,0,30,元大-台中,2024-03-18,9812
1101,台泥,26,0,26,元大-台中,2024-03-18,9812
2520,冠德,24,0,24,元大-台中,2024-03-18,9812
6284,佳邦,23,0,23,元大-台中,2024-03-18,9812
8096,擎亞,30,8,22,元大-台中,2024-03-18,9812
2615,萬海,23,1,22,元大-台中,2024-03-18,9812
3563,牧德,41,20,21,元大-台中,2024-03-18,9812
00753L,中信中國50正2,20,0,20,元大-台中,2024-03-18,9812
4105,東洋,20,0,20,元大-台中,2024-03-18,9812
2344,華邦電,19,0,19,元大-台中,2024-03-18,9812
5525,順天,19,0,19,元大-台中,2024-03-18,9812
3163,波若威,18,3,15,元大-台中,2024-03-18,9812
6274,台燿,17,2,15,元大-台中,2024-03-18,9812
6170,統振,15,0,15,元大-台中,2024-03-18,9812
00878,國泰永續高股息,21,6,15,元大-台中,2024-03-18,9812
3321,同泰,14,0,14,元大-台中,2024-03-18,9812
00885,富邦越南,14,0,14,元大-台中,2024-03-18,9812
00915,凱基優選高股息30,14,0,14,元大-台中,2024-03-18,9812
2009,第一銅,55,42,13,元大-台中,2024-03-18,9812
00680L,元大美債20正2,13,0,13,元大-台中,2024-03-18,9812
2201,裕隆,13,0,13,元大-台中,2024-03-18,9812
6128,上福,15,2,13,元大-台中,2024-03-18,9812
9945,潤泰新,12,0,12,元大-台中,2024-03-18,9812
00751B,元大AAA至A公司債,12,0,12,元大-台中,2024-03-18,9812
3479,安勤,15,3,12,元大-台中,2024-03-18,9812
8926,台汽電,14,2,12,元大-台中,2024-03-18,9812
1560,中砂,14,2,12,元大-台中,2024-03-18,9812
3498,陽程,1000,101,899,元大-台中,2024-03-19,9812
2359,所羅門,657,41,616,元大-台中,2024-03-19,9812
3706,神達,488,79,409,元大-台中,2024-03-19,9812
2611,志信,224,5,219,元大-台中,2024-03-19,9812
2834,臺企銀,149,3,146,元大-台中,2024-03-19,9812
2888,新光金,115,6,109,元大-台中,2024-03-19,9812
00688L,國泰20年美債正2,97,0,97,元大-台中,2024-03-19,9812
4714,永捷,77,12,65,元大-台中,2024-03-19,9812
00680L,元大美債20正2,60,0,60,元大-台中,2024-03-19,9812
00632R,元大台灣50反1,60,0,60,元大-台中,2024-03-19,9812
2105,正新,55,1,54,元大-台中,2024-03-19,9812
2303,聯電,134,80,54,元大-台中,2024-03-19,9812
00687B,國泰20年美債,51,5,46,元大-台中,2024-03-19,9812
00706L,期元大S＆P日圓正2,33,0,33,元大-台中,2024-03-19,9812
2367,燿華,93,62,31,元大-台中,2024-03-19,9812
00941,中信上游半導體,33,3,30,元大-台中,2024-03-19,9812
3338,泰碩,31,4,27,元大-台中,2024-03-19,9812
2515,中工,31,5,26,元大-台中,2024-03-19,9812
4167,松瑞藥,24,0,24,元大-台中,2024-03-19,9812
1513,中興電,83,59,24,元大-台中,2024-03-19,9812
2329,華泰,187,164,23,元大-台中,2024-03-19,9812
5483,中美晶,39,16,23,元大-台中,2024-03-19,9812
3563,牧德,32,10,22,元大-台中,2024-03-19,9812
2421,建準,22,2,20,元大-台中,2024-03-19,9812
2404,漢唐,30,10,20,元大-台中,2024-03-19,9812
00929,復華台灣科技優息,153,134,19,元大-台中,2024-03-19,9812
1316,上曜,38,19,19,元大-台中,2024-03-19,9812
1582,信錦,19,0,19,元大-台中,2024-03-19,9812
2610,華航,20,2,18,元大-台中,2024-03-19,9812
00679B,元大美債20年,33,16,17,元大-台中,2024-03-19,9812
2332,友訊,17,0,17,元大-台中,2024-03-19,9812
8926,台汽電,19,3,16,元大-台中,2024-03-19,9812
3321,同泰,15,0,15,元大-台中,2024-03-19,9812
8147,正淩,14,0,14,元大-台中,2024-03-19,9812
2408,南亞科,13,0,13,元大-台中,2024-03-19,9812
00927,群益半導體收益,15,2,13,元大-台中,2024-03-19,9812
2352,佳世達,19,6,13,元大-台中,2024-03-19,9812
1308,亞聚,12,0,12,元大-台中,2024-03-19,9812
4915,致伸,20,9,11,元大-台中,2024-03-19,9812
3062,建漢,15,4,11,元大-台中,2024-03-19,9812
2634,漢翔,13,2,11,元大-台中,2024-03-19,9812
2618,長榮航,14,3,11,元大-台中,2024-03-19,9812
9945,潤泰新,11,0,11,元大-台中,2024-03-19,9812
3059,華晶科,11,0,11,元大-台中,2024-03-19,9812
1101,台泥,20,9,11,元大-台中,2024-03-19,9812
2316,楠梓電,26,16,10,元大-台中,2024-03-19,9812
2489,瑞軒,10,0,10,元大-台中,2024-03-19,9812
3489,森寶,10,0,10,元大-台中,2024-03-19,9812
00753L,中信中國50正2,10,0,10,元大-台中,2024-03-19,9812
4303,信立,10,0,10,元大-台中,2024-03-19,9812
00939,統一台灣高息動能,575,38,537,元大-台中,2024-03-20,9812
1504,東元,2601,2371,230,元大-台中,2024-03-20,9812
00919,群益台灣精選高息,405,228,177,元大-台中,2024-03-20,9812
2888,新光金,249,106,143,元大-台中,2024-03-20,9812
3049,精金,118,0,118,元大-台中,2024-03-20,9812
2344,華邦電,97,13,84,元大-台中,2024-03-20,9812
3083,網龍,75,1,74,元大-台中,2024-03-20,9812
2505,國揚,67,0,67,元大-台中,2024-03-20,9812
00706L,期元大S＆P日圓正2,60,0,60,元大-台中,2024-03-20,9812
2618,長榮航,45,2,43,元大-台中,2024-03-20,9812
00937B,群益ESG投等債20,58,16,42,元大-台中,2024-03-20,9812
2354,鴻準,106,67,39,元大-台中,2024-03-20,9812
00679B,元大美債20年,36,1,35,元大-台中,2024-03-20,9812
3045,台灣大,32,0,32,元大-台中,2024-03-20,9812
2609,陽明,36,4,32,元大-台中,2024-03-20,9812
5880,合庫金,29,0,29,元大-台中,2024-03-20,9812
00857B,永豐20年美公債,29,0,29,元大-台中,2024-03-20,9812
1101,台泥,31,5,26,元大-台中,2024-03-20,9812
4714,永捷,27,1,26,元大-台中,2024-03-20,9812
2104,國際中橡,25,0,25,元大-台中,2024-03-20,9812
4938,和碩,63,40,23,元大-台中,2024-03-20,9812
2834,臺企銀,24,1,23,元大-台中,2024-03-20,9812
2405,輔信,59,36,23,元大-台中,2024-03-20,9812
0056,元大高股息,37,14,23,元大-台中,2024-03-20,9812
6147,頎邦,28,7,21,元大-台中,2024-03-20,9812
8942,森鉅,21,0,21,元大-台中,2024-03-20,9812
1308,亞聚,21,0,21,元大-台中,2024-03-20,9812
00927,群益半導體收益,20,0,20,元大-台中,2024-03-20,9812
5272,笙科,20,1,19,元大-台中,2024-03-20,9812
2883,凱基金,160,141,19,元大-台中,2024-03-20,9812
00900,富邦特選高股息30,31,12,19,元大-台中,2024-03-20,9812
3338,泰碩,19,1,18,元大-台中,2024-03-20,9812
2356,英業達,48,31,17,元大-台中,2024-03-20,9812
2890,永豐金,17,0,17,元大-台中,2024-03-20,9812
00941,中信上游半導體,21,4,17,元大-台中,2024-03-20,9812
2352,佳世達,40,25,15,元大-台中,2024-03-20,9812
2543,皇昌,20,6,14,元大-台中,2024-03-20,9812
1815,富喬,31,17,14,元大-台中,2024-03-20,9812
2313,華通,28,14,14,元大-台中,2024-03-20,9812
2615,萬海,15,2,13,元大-台中,2024-03-20,9812
6770,力積電,14,1,13,元大-台中,2024-03-20,9812
2611,志信,19,6,13,元大-台中,2024-03-20,9812
2376,技嘉,23,10,13,元大-台中,2024-03-20,9812
8936,國統,20,8,12,元大-台中,2024-03-20,9812
00753L,中信中國50正2,12,0,12,元大-台中,2024-03-20,9812
00680L,元大美債20正2,12,0,12,元大-台中,2024-03-20,9812
3583,辛耘,12,0,12,元大-台中,2024-03-20,9812
2337,旺宏,13,2,11,元大-台中,2024-03-20,9812
3105,穩懋,10,0,10,元大-台中,2024-03-20,9812
1319,東陽,18,8,10,元大-台中,2024-03-20,9812
3704,合勤控,521,12,509,元大-台中,2024-03-21,9812
00939,統一台灣高息動能,382,22,360,元大-台中,2024-03-21,9812
2359,所羅門,283,1,282,元大-台中,2024-03-21,9812
1504,東元,1501,1256,245,元大-台中,2024-03-21,9812
1503,士電,250,51,199,元大-台中,2024-03-21,9812
00632R,元大台灣50反1,218,53,165,元大-台中,2024-03-21,9812
00919,群益台灣精選高息,215,94,121,元大-台中,2024-03-21,9812
00664R,國泰臺灣加權反1,120,1,119,元大-台中,2024-03-21,9812
00937B,群益ESG投等債20,112,1,111,元大-台中,2024-03-21,9812
00687B,國泰20年美債,111,2,109,元大-台中,2024-03-21,9812
2880,華南金,103,0,103,元大-台中,2024-03-21,9812
2834,臺企銀,229,132,97,元大-台中,2024-03-21,9812
2317,鴻海,180,93,87,元大-台中,2024-03-21,9812
3041,揚智,89,12,77,元大-台中,2024-03-21,9812
2303,聯電,111,46,65,元大-台中,2024-03-21,9812
00772B,中信高評級公司債,60,0,60,元大-台中,2024-03-21,9812
2405,輔信,69,10,59,元大-台中,2024-03-21,9812
8299,群聯,60,2,58,元大-台中,2024-03-21,9812
1609,大亞,85,38,47,元大-台中,2024-03-21,9812
2330,台積電,61,15,46,元大-台中,2024-03-21,9812
2371,大同,70,29,41,元大-台中,2024-03-21,9812
00941,中信上游半導體,78,39,39,元大-台中,2024-03-21,9812
2812,台中銀,39,0,39,元大-台中,2024-03-21,9812
2374,佳能,42,4,38,元大-台中,2024-03-21,9812
2618,長榮航,37,2,35,元大-台中,2024-03-21,9812
2611,志信,36,3,33,元大-台中,2024-03-21,9812
2376,技嘉,48,22,26,元大-台中,2024-03-21,9812
00679B,元大美債20年,25,1,24,元大-台中,2024-03-21,9812
4906,正文,23,1,22,元大-台中,2024-03-21,9812
2356,英業達,62,41,21,元大-台中,2024-03-21,9812
5371,中光電,20,0,20,元大-台中,2024-03-21,9812
5880,合庫金,30,14,16,元大-台中,2024-03-21,9812
2106,建大,16,0,16,元大-台中,2024-03-21,9812
2323,中環,21,5,16,元大-台中,2024-03-21,9812
2801,彰銀,15,0,15,元大-台中,2024-03-21,9812
4960,誠美材,22,7,15,元大-台中,2024-03-21,9812
3081,聯亞,18,4,14,元大-台中,2024-03-21,9812
3044,健鼎,14,0,14,元大-台中,2024-03-21,9812
2889,國票金,13,0,13,元大-台中,2024-03-21,9812
6753,龍德造船,15,2,13,元大-台中,2024-03-21,9812
00931B,統一美債20年,13,0,13,元大-台中,2024-03-21,9812
5457,宣德,20,7,13,元大-台中,2024-03-21,9812
4114,健喬,13,0,13,元大-台中,2024-03-21,9812
00688L,國泰20年美債正2,12,0,12,元大-台中,2024-03-21,9812
5443,均豪,27,16,11,元大-台中,2024-03-21,9812
3217,優群,14,3,11,元大-台中,2024-03-21,9812
3078,僑威,13,2,11,元大-台中,2024-03-21,9812
00927,群益半導體收益,11,0,11,元大-台中,2024-03-21,9812
2353,宏��,14,3,11,元大-台中,2024-03-21,9812
3033,威健,13,2,11,元大-台中,2024-03-21,9812
00939,統一台灣高息動能,221,8,213,元大-台中,2024-03-22,9812
1201,味全,200,0,200,元大-台中,2024-03-22,9812
00637L,元大滬深300正2,249,98,151,元大-台中,2024-03-22,9812
6139,亞翔,160,18,142,元大-台中,2024-03-22,9812
00919,群益台灣精選高息,251,141,110,元大-台中,2024-03-22,9812
8085,福華,102,3,99,元大-台中,2024-03-22,9812
3706,神達,223,126,97,元大-台中,2024-03-22,9812
2323,中環,101,18,83,元大-台中,2024-03-22,9812
2359,所羅門,89,7,82,元大-台中,2024-03-22,9812
1808,潤隆,65,0,65,元大-台中,2024-03-22,9812
00632R,元大台灣50反1,61,0,61,元大-台中,2024-03-22,9812
6443,元晶,70,19,51,元大-台中,2024-03-22,9812
2344,華邦電,91,43,48,元大-台中,2024-03-22,9812
1219,福壽,48,0,48,元大-台中,2024-03-22,9812
00941,中信上游半導體,79,33,46,元大-台中,2024-03-22,9812
2887,台新金,43,0,43,元大-台中,2024-03-22,9812
00918,大華優利高填息30,51,9,42,元大-台中,2024-03-22,9812
6005,群益證,54,12,42,元大-台中,2024-03-22,9812
00753L,中信中國50正2,40,0,40,元大-台中,2024-03-22,9812
8926,台汽電,42,2,40,元大-台中,2024-03-22,9812
2609,陽明,38,5,33,元大-台中,2024-03-22,9812
3321,同泰,31,0,31,元大-台中,2024-03-22,9812
2617,台航,29,0,29,元大-台中,2024-03-22,9812
1760,寶齡富錦,29,0,29,元大-台中,2024-03-22,9812
4909,新復興,29,0,29,元大-台中,2024-03-22,9812
9907,統一實,29,0,29,元大-台中,2024-03-22,9812
2352,佳世達,36,9,27,元大-台中,2024-03-22,9812
6015,宏遠證,25,0,25,元大-台中,2024-03-22,9812
2354,鴻準,42,19,23,元大-台中,2024-03-22,9812
8931,大汽電,23,0,23,元大-台中,2024-03-22,9812
5371,中光電,23,0,23,元大-台中,2024-03-22,9812
2337,旺宏,25,3,22,元大-台中,2024-03-22,9812
2108,南帝,21,0,21,元大-台中,2024-03-22,9812
6109,亞元,20,0,20,元大-台中,2024-03-22,9812
2618,長榮航,42,23,19,元大-台中,2024-03-22,9812
8110,華東,28,9,19,元大-台中,2024-03-22,9812
2376,技嘉,36,19,17,元大-台中,2024-03-22,9812
4173,久裕,16,0,16,元大-台中,2024-03-22,9812
6530,創威,16,1,15,元大-台中,2024-03-22,9812
2103,台橡,15,0,15,元大-台中,2024-03-22,9812
8027,鈦昇,16,1,15,元大-台中,2024-03-22,9812
2603,長榮,54,39,15,元大-台中,2024-03-22,9812
2002,中鋼,17,3,14,元大-台中,2024-03-22,9812
1815,富喬,26,12,14,元大-台中,2024-03-22,9812
9904,寶成,15,1,14,元大-台中,2024-03-22,9812
00927,群益半導體收益,14,0,14,元大-台中,2024-03-22,9812
2610,華航,14,1,13,元大-台中,2024-03-22,9812
8064,東捷,13,0,13,元大-台中,2024-03-22,9812
3005,神基,18,5,13,元大-台中,2024-03-22,9812
2317,鴻海,106,93,13,元大-台中,2024-03-22,9812
6274,台燿,329,51,278,元大-台中,2024-03-25,9812
2888,新光金,293,106,187,元大-台中,2024-03-25,9812
00937B,群益ESG投等債20,145,27,118,元大-台中,2024-03-25,9812
00941,中信上游半導體,133,23,110,元大-台中,2024-03-25,9812
2885,元大金,102,1,101,元大-台中,2024-03-25,9812
5258,虹堡,106,7,99,元大-台中,2024-03-25,9812
1102,亞泥,100,1,99,元大-台中,2024-03-25,9812
3580,友威科,85,0,85,元大-台中,2024-03-25,9812
2359,所羅門,88,13,75,元大-台中,2024-03-25,9812
2356,英業達,177,102,75,元大-台中,2024-03-25,9812
2887,台新金,67,0,67,元大-台中,2024-03-25,9812
2834,臺企銀,63,1,62,元大-台中,2024-03-25,9812
2317,鴻海,121,69,52,元大-台中,2024-03-25,9812
2880,華南金,50,2,48,元大-台中,2024-03-25,9812
1609,大亞,461,416,45,元大-台中,2024-03-25,9812
00631L,元大台灣50正2,40,0,40,元大-台中,2024-03-25,9812
00680L,元大美債20正2,37,0,37,元大-台中,2024-03-25,9812
2303,聯電,70,36,34,元大-台中,2024-03-25,9812
00688L,國泰20年美債正2,42,8,34,元大-台中,2024-03-25,9812
2367,燿華,93,61,32,元大-台中,2024-03-25,9812
1529,樂事綠能,36,5,31,元大-台中,2024-03-25,9812
8011,台通,37,7,30,元大-台中,2024-03-25,9812
00664R,國泰臺灣加權反1,30,0,30,元大-台中,2024-03-25,9812
2889,國票金,28,0,28,元大-台中,2024-03-25,9812
3022,威強電,26,3,23,元大-台中,2024-03-25,9812
00915,凱基優選高股息30,22,0,22,元大-台中,2024-03-25,9812
6188,廣明,48,26,22,元大-台中,2024-03-25,9812
3483,力致,24,2,22,元大-台中,2024-03-25,9812
6530,創威,54,33,21,元大-台中,2024-03-25,9812
2417,圓剛,22,1,21,元大-台中,2024-03-25,9812
00632R,元大台灣50反1,21,0,21,元大-台中,2024-03-25,9812
8028,昇陽半導體,20,0,20,元大-台中,2024-03-25,9812
00753L,中信中國50正2,20,0,20,元大-台中,2024-03-25,9812
3581,博磊,21,1,20,元大-台中,2024-03-25,9812
00652,富邦印度,20,0,20,元大-台中,2024-03-25,9812
1808,潤隆,20,0,20,元大-台中,2024-03-25,9812
2605,新興,17,0,17,元大-台中,2024-03-25,9812
6104,創惟,17,0,17,元大-台中,2024-03-25,9812
00919,群益台灣精選高息,139,123,16,元大-台中,2024-03-25,9812
6026,福邦證,16,0,16,元大-台中,2024-03-25,9812
0056,元大高股息,15,0,15,元大-台中,2024-03-25,9812
6732,昇佳電子,20,5,15,元大-台中,2024-03-25,9812
2406,國碩,15,0,15,元大-台中,2024-03-25,9812
2337,旺宏,15,1,14,元大-台中,2024-03-25,9812
2809,京城銀,15,1,14,元大-台中,2024-03-25,9812
9105,泰金寶-DR,15,2,13,元大-台中,2024-03-25,9812
9958,世紀鋼,14,1,13,元大-台中,2024-03-25,9812
3321,同泰,13,0,13,元大-台中,2024-03-25,9812
8033,雷虎,16,3,13,元大-台中,2024-03-25,9812
8085,福華,12,0,12,元大-台中,2024-03-25,9812
2834,臺企銀,753,3,750,元大-台中,2024-03-26,9812
1603,華電,348,38,310,元大-台中,2024-03-26,9812
3702,大聯大,224,1,223,元大-台中,2024-03-26,9812
00919,群益台灣精選高息,231,111,120,元大-台中,2024-03-26,9812
1616,億泰,123,8,115,元大-台中,2024-03-26,9812
00941,中信上游半導體,129,17,112,元大-台中,2024-03-26,9812
2889,國票金,108,0,108,元大-台中,2024-03-26,9812
00939,統一台灣高息動能,128,35,93,元大-台中,2024-03-26,9812
2356,英業達,186,98,88,元大-台中,2024-03-26,9812
2883,凱基金,140,58,82,元大-台中,2024-03-26,9812
2609,陽明,71,14,57,元大-台中,2024-03-26,9812
00937B,群益ESG投等債20,73,18,55,元大-台中,2024-03-26,9812
00929,復華台灣科技優息,106,58,48,元大-台中,2024-03-26,9812
6443,元晶,50,3,47,元大-台中,2024-03-26,9812
00664R,國泰臺灣加權反1,40,0,40,元大-台中,2024-03-26,9812
5426,振發,42,6,36,元大-台中,2024-03-26,9812
3059,華晶科,46,12,34,元大-台中,2024-03-26,9812
8040,九暘,33,1,32,元大-台中,2024-03-26,9812
2352,佳世達,38,7,31,元大-台中,2024-03-26,9812
1504,東元,110,82,28,元大-台中,2024-03-26,9812
6163,華電網,63,37,26,元大-台中,2024-03-26,9812
3580,友威科,25,0,25,元大-台中,2024-03-26,9812
00688L,國泰20年美債正2,27,3,24,元大-台中,2024-03-26,9812
3481,群創,44,21,23,元大-台中,2024-03-26,9812
2618,長榮航,24,1,23,元大-台中,2024-03-26,9812
8926,台汽電,22,0,22,元大-台中,2024-03-26,9812
00680L,元大美債20正2,24,3,21,元大-台中,2024-03-26,9812
2887F,台新戊特二,20,0,20,元大-台中,2024-03-26,9812
8931,大汽電,20,0,20,元大-台中,2024-03-26,9812
4714,永捷,23,3,20,元大-台中,2024-03-26,9812
1528,恩德,20,0,20,元大-台中,2024-03-26,9812
2349,錸德,20,0,20,元大-台中,2024-03-26,9812
1618,合機,86,66,20,元大-台中,2024-03-26,9812
00918,大華優利高填息30,26,8,18,元大-台中,2024-03-26,9812
1326,台化,18,0,18,元大-台中,2024-03-26,9812
2367,燿華,61,46,15,元大-台中,2024-03-26,9812
2332,友訊,15,0,15,元大-台中,2024-03-26,9812
2371,大同,744,729,15,元大-台中,2024-03-26,9812
2603,長榮,20,5,15,元大-台中,2024-03-26,9812
2313,華通,47,33,14,元大-台中,2024-03-26,9812
00878,國泰永續高股息,22,8,14,元大-台中,2024-03-26,9812
1905,華紙,14,1,13,元大-台中,2024-03-26,9812
3010,華立,16,4,12,元大-台中,2024-03-26,9812
2353,宏��,24,13,11,元大-台中,2024-03-26,9812
00665L,富邦�琤肭磪囓�2,26,15,11,元大-台中,2024-03-26,9812
8261,富鼎,11,0,11,元大-台中,2024-03-26,9812
4105,東洋,11,0,11,元大-台中,2024-03-26,9812
8147,正淩,11,0,11,元大-台中,2024-03-26,9812
4938,和碩,18,7,11,元大-台中,2024-03-26,9812
2404,漢唐,10,0,10,元大-台中,2024-03-26,9812
2603,長榮,306,121,185,元大-台中,2024-03-27,9812
2885,元大金,150,4,146,元大-台中,2024-03-27,9812
00937B,群益ESG投等債20,116,0,116,元大-台中,2024-03-27,9812
4909,新復興,117,2,115,元大-台中,2024-03-27,9812
2615,萬海,102,0,102,元大-台中,2024-03-27,9812
00919,群益台灣精選高息,147,52,95,元大-台中,2024-03-27,9812
2371,大同,236,158,78,元大-台中,2024-03-27,9812
3231,緯創,77,5,72,元大-台中,2024-03-27,9812
1102,亞泥,72,2,70,元大-台中,2024-03-27,9812
2886,兆豐金,52,1,51,元大-台中,2024-03-27,9812
1504,東元,60,9,51,元大-台中,2024-03-27,9812
00885,富邦越南,60,12,48,元大-台中,2024-03-27,9812
00929,復華台灣科技優息,78,33,45,元大-台中,2024-03-27,9812
2301,光寶科,50,7,43,元大-台中,2024-03-27,9812
3702,大聯大,81,39,42,元大-台中,2024-03-27,9812
8040,九暘,49,9,40,元大-台中,2024-03-27,9812
00713,元大台灣高息低波,41,2,39,元大-台中,2024-03-27,9812
5009,榮剛,41,4,37,元大-台中,2024-03-27,9812
0056,元大高股息,50,13,37,元大-台中,2024-03-27,9812
2883,凱基金,113,77,36,元大-台中,2024-03-27,9812
5515,建國,38,3,35,元大-台中,2024-03-27,9812
00642U,期元大S＆P石油,33,0,33,元大-台中,2024-03-27,9812
00939,統一台灣高息動能,49,16,33,元大-台中,2024-03-27,9812
00941,中信上游半導體,40,8,32,元大-台中,2024-03-27,9812
2382,廣達,33,3,30,元大-台中,2024-03-27,9812
9105,泰金寶-DR,35,5,30,元大-台中,2024-03-27,9812
2353,宏��,37,8,29,元大-台中,2024-03-27,9812
2888,新光金,31,4,27,元大-台中,2024-03-27,9812
1609,大亞,71,45,26,元大-台中,2024-03-27,9812
5284,jpp-KY,190,164,26,元大-台中,2024-03-27,9812
3580,友威科,23,0,23,元大-台中,2024-03-27,9812
2913,農林,23,1,22,元大-台中,2024-03-27,9812
00882,中信中國高股息,25,4,21,元大-台中,2024-03-27,9812
1522,堤維西,23,3,20,元大-台中,2024-03-27,9812
6016,康和證,20,0,20,元大-台中,2024-03-27,9812
2314,台揚,20,0,20,元大-台中,2024-03-27,9812
00931B,統一美債20年,20,1,19,元大-台中,2024-03-27,9812
5483,中美晶,23,4,19,元大-台中,2024-03-27,9812
8936,國統,55,37,18,元大-台中,2024-03-27,9812
2344,華邦電,21,3,18,元大-台中,2024-03-27,9812
2392,正崴,23,7,16,元大-台中,2024-03-27,9812
2515,中工,450,435,15,元大-台中,2024-03-27,9812
1513,中興電,87,72,15,元大-台中,2024-03-27,9812
6120,達運,16,1,15,元大-台中,2024-03-27,9812
00753L,中信中國50正2,15,0,15,元大-台中,2024-03-27,9812
2029,盛餘,15,0,15,元大-台中,2024-03-27,9812
6190,萬泰科,18,4,14,元大-台中,2024-03-27,9812
6191,精成科,20,7,13,元大-台中,2024-03-27,9812
2365,昆盈,18,5,13,元大-台中,2024-03-27,9812
4127,天良,15,2,13,元大-台中,2024-03-27,9812
6197,佳必琪,346,1,345,元大-台中,2024-03-28,9812
1605,華新,144,9,135,元大-台中,2024-03-28,9812
2356,英業達,125,16,109,元大-台中,2024-03-28,9812
2382,廣達,303,204,99,元大-台中,2024-03-28,9812
00933B,國泰10Y+金融債,104,10,94,元大-台中,2024-03-28,9812
4526,東台,111,55,56,元大-台中,2024-03-28,9812
00937B,群益ESG投等債20,71,17,54,元大-台中,2024-03-28,9812
00919,群益台灣精選高息,142,89,53,元大-台中,2024-03-28,9812
2354,鴻準,202,153,49,元大-台中,2024-03-28,9812
1808,潤隆,38,2,36,元大-台中,2024-03-28,9812
2542,興富發,36,0,36,元大-台中,2024-03-28,9812
2449,京元電子,41,7,34,元大-台中,2024-03-28,9812
2845,遠東銀,34,0,34,元大-台中,2024-03-28,9812
0056,元大高股息,50,16,34,元大-台中,2024-03-28,9812
8040,九暘,33,3,30,元大-台中,2024-03-28,9812
1316,上曜,56,28,28,元大-台中,2024-03-28,9812
5515,建國,29,3,26,元大-台中,2024-03-28,9812
6166,凌華,29,4,25,元大-台中,2024-03-28,9812
1321,大洋,25,0,25,元大-台中,2024-03-28,9812
2890,永豐金,24,0,24,元大-台中,2024-03-28,9812
2611,志信,25,1,24,元大-台中,2024-03-28,9812
1815,富喬,37,14,23,元大-台中,2024-03-28,9812
2801,彰銀,23,0,23,元大-台中,2024-03-28,9812
5880,合庫金,24,2,22,元大-台中,2024-03-28,9812
3005,神基,23,2,21,元大-台中,2024-03-28,9812
4303,信立,32,11,21,元大-台中,2024-03-28,9812
00633L,富邦上証正2,20,0,20,元大-台中,2024-03-28,9812
5519,隆大,20,1,19,元大-台中,2024-03-28,9812
1101,台泥,19,0,19,元大-台中,2024-03-28,9812
2328,廣宇,89,70,19,元大-台中,2024-03-28,9812
3481,群創,21,3,18,元大-台中,2024-03-28,9812
4533,協易機,21,3,18,元大-台中,2024-03-28,9812
1504,東元,99,82,17,元大-台中,2024-03-28,9812
4207,環泰,17,0,17,元大-台中,2024-03-28,9812
1582,信錦,19,2,17,元大-台中,2024-03-28,9812
2888,新光金,20,3,17,元大-台中,2024-03-28,9812
1532,勤美,17,0,17,元大-台中,2024-03-28,9812
3062,建漢,112,96,16,元大-台中,2024-03-28,9812
2520,冠德,18,2,16,元大-台中,2024-03-28,9812
2515,中工,45,30,15,元大-台中,2024-03-28,9812
3706,神達,79,65,14,元大-台中,2024-03-28,9812
6239,力成,16,3,13,元大-台中,2024-03-28,9812
00878,國泰永續高股息,22,10,12,元大-台中,2024-03-28,9812
1718,中纖,12,0,12,元大-台中,2024-03-28,9812
00939,統一台灣高息動能,34,23,11,元大-台中,2024-03-28,9812
6213,聯茂,17,6,11,元大-台中,2024-03-28,9812
2630,亞航,15,4,11,元大-台中,2024-03-28,9812
8905,裕國,11,0,11,元大-台中,2024-03-28,9812
2337,旺宏,11,0,11,元大-台中,2024-03-28,9812
6163,華電網,11,0,11,元大-台中,2024-03-28,9812
1504,東元,415,189,226,元大-台中,2024-03-29,9812
5371,中光電,209,83,126,元大-台中,2024-03-29,9812
2101,南港,120,0,120,元大-台中,2024-03-29,9812
8040,九暘,116,16,100,元大-台中,2024-03-29,9812
2359,所羅門,125,47,78,元大-台中,2024-03-29,9812
4904,遠傳,62,1,61,元大-台中,2024-03-29,9812
2353,宏��,104,43,61,元大-台中,2024-03-29,9812
00919,群益台灣精選高息,81,35,46,元大-台中,2024-03-29,9812
2371,大同,174,133,41,元大-台中,2024-03-29,9812
3013,晟銘電,146,107,39,元大-台中,2024-03-29,9812
2367,燿華,93,55,38,元大-台中,2024-03-29,9812
1725,元禎,37,1,36,元大-台中,2024-03-29,9812
2324,仁寶,44,8,36,元大-台中,2024-03-29,9812
00937B,群益ESG投等債20,66,32,34,元大-台中,2024-03-29,9812
6016,康和證,32,0,32,元大-台中,2024-03-29,9812
2317,鴻海,74,42,32,元大-台中,2024-03-29,9812
5515,建國,34,3,31,元大-台中,2024-03-29,9812
1907,永豐餘,30,0,30,元大-台中,2024-03-29,9812
00939,統一台灣高息動能,32,2,30,元大-台中,2024-03-29,9812
3062,建漢,42,15,27,元大-台中,2024-03-29,9812
00882,中信中國高股息,26,1,25,元大-台中,2024-03-29,9812
2301,光寶科,50,25,25,元大-台中,2024-03-29,9812
4958,臻鼎-KY,45,23,22,元大-台中,2024-03-29,9812
5512,力麒,34,12,22,元大-台中,2024-03-29,9812
00632R,元大台灣50反1,20,0,20,元大-台中,2024-03-29,9812
9105,泰金寶-DR,30,10,20,元大-台中,2024-03-29,9812
3481,群創,28,9,19,元大-台中,2024-03-29,9812
00941,中信上游半導體,20,1,19,元大-台中,2024-03-29,9812
2464,盟立,28,9,19,元大-台中,2024-03-29,9812
00927,群益半導體收益,22,4,18,元大-台中,2024-03-29,9812
3338,泰碩,20,2,18,元大-台中,2024-03-29,9812
3694,海華,17,0,17,元大-台中,2024-03-29,9812
4533,協易機,17,0,17,元大-台中,2024-03-29,9812
8926,台汽電,17,0,17,元大-台中,2024-03-29,9812
3617,碩天,17,1,16,元大-台中,2024-03-29,9812
00772B,中信高評級公司債,15,0,15,元大-台中,2024-03-29,9812
00637L,元大滬深300正2,51,36,15,元大-台中,2024-03-29,9812
8476,台境*,15,0,15,元大-台中,2024-03-29,9812
5386,青雲,19,4,15,元大-台中,2024-03-29,9812
4303,信立,24,10,14,元大-台中,2024-03-29,9812
3037,欣興,21,7,14,元大-台中,2024-03-29,9812
00929,復華台灣科技優息,19,7,12,元大-台中,2024-03-29,9812
1718,中纖,12,0,12,元大-台中,2024-03-29,9812
5009,榮剛,13,1,12,元大-台中,2024-03-29,9812
8442,威宏-KY,12,0,12,元大-台中,2024-03-29,9812
2465,麗臺,11,0,11,元大-台中,2024-03-29,9812
5483,中美晶,16,5,11,元大-台中,2024-03-29,9812
3712,永崴投控,19,8,11,元大-台中,2024-03-29,9812
00885,富邦越南,13,2,11,元大-台中,2024-03-29,9812
3707,漢磊,11,0,11,元大-台中,2024-03-29,9812
00940,元大台灣價值高息,1673,993,680,元大-台中,2024-04-01,9812
4909,新復興,180,12,168,元大-台中,2024-04-01,9812
2371,大同,146,35,111,元大-台中,2024-04-01,9812
5371,中光電,110,10,100,元大-台中,2024-04-01,9812
2359,所羅門,83,4,79,元大-台中,2024-04-01,9812
1587,吉茂,71,5,66,元大-台中,2024-04-01,9812
00929,復華台灣科技優息,77,14,63,元大-台中,2024-04-01,9812
00882,中信中國高股息,64,2,62,元大-台中,2024-04-01,9812
2002,中鋼,60,1,59,元大-台中,2024-04-01,9812
00941,中信上游半導體,53,0,53,元大-台中,2024-04-01,9812
00937B,群益ESG投等債20,49,0,49,元大-台中,2024-04-01,9812
6550,北極星藥業-KY,52,3,49,元大-台中,2024-04-01,9812
2603,長榮,49,6,43,元大-台中,2024-04-01,9812
6133,金橋,40,0,40,元大-台中,2024-04-01,9812
2417,圓剛,41,2,39,元大-台中,2024-04-01,9812
8476,台境*,34,0,34,元大-台中,2024-04-01,9812
00919,群益台灣精選高息,55,21,34,元大-台中,2024-04-01,9812
2356,英業達,55,23,32,元大-台中,2024-04-01,9812
3231,緯創,85,55,30,元大-台中,2024-04-01,9812
1102,亞泥,30,2,28,元大-台中,2024-04-01,9812
2317,鴻海,43,15,28,元大-台中,2024-04-01,9812
3481,群創,45,17,28,元大-台中,2024-04-01,9812
00939,統一台灣高息動能,39,14,25,元大-台中,2024-04-01,9812
5202,力新,25,0,25,元大-台中,2024-04-01,9812
6153,嘉聯益,25,0,25,元大-台中,2024-04-01,9812
6143,振曜,25,0,25,元大-台中,2024-04-01,9812
1219,福壽,25,0,25,元大-台中,2024-04-01,9812
2382,廣達,159,137,22,元大-台中,2024-04-01,9812
5386,青雲,41,21,20,元大-台中,2024-04-01,9812
2852,第一保,20,0,20,元大-台中,2024-04-01,9812
1809,中釉,20,0,20,元大-台中,2024-04-01,9812
2412,中華電,20,0,20,元大-台中,2024-04-01,9812
1440,南紡,20,0,20,元大-台中,2024-04-01,9812
2891,中信金,32,13,19,元大-台中,2024-04-01,9812
2328,廣宇,19,1,18,元大-台中,2024-04-01,9812
1455,集盛,17,0,17,元大-台中,2024-04-01,9812
2367,燿華,41,26,15,元大-台中,2024-04-01,9812
1524,耿鼎,28,13,15,元大-台中,2024-04-01,9812
5864,致和證,20,5,15,元大-台中,2024-04-01,9812
3711,日月光投控,28,14,14,元大-台中,2024-04-01,9812
1785,光洋科,18,4,14,元大-台中,2024-04-01,9812
6117,迎廣,14,1,13,元大-台中,2024-04-01,9812
2313,華通,14,1,13,元大-台中,2024-04-01,9812
2354,鴻準,36,23,13,元大-台中,2024-04-01,9812
4128,中天,16,3,13,元大-台中,2024-04-01,9812
3715,定穎投控,17,4,13,元大-台中,2024-04-01,9812
2409,友達,36,24,12,元大-台中,2024-04-01,9812
8121,越峰,12,0,12,元大-台中,2024-04-01,9812
5498,凱崴,11,0,11,元大-台中,2024-04-01,9812
00632R,元大台灣50反1,11,0,11,元大-台中,2024-04-01,9812
00929,復華台灣科技優息,489,50,439,元大-台中,2024-04-02,9812
00940,元大台灣價值高息,553,134,419,元大-台中,2024-04-02,9812
00680L,元大美債20正2,298,0,298,元大-台中,2024-04-02,9812
00937B,群益ESG投等債20,265,0,265,元大-台中,2024-04-02,9812
00633L,富邦上証正2,230,0,230,元大-台中,2024-04-02,9812
2331,精英,161,2,159,元大-台中,2024-04-02,9812
8085,福華,118,2,116,元大-台中,2024-04-02,9812
2801,彰銀,100,0,100,元大-台中,2024-04-02,9812
00632R,元大台灣50反1,97,0,97,元大-台中,2024-04-02,9812
5386,青雲,86,0,86,元大-台中,2024-04-02,9812
00679B,元大美債20年,71,2,69,元大-台中,2024-04-02,9812
1718,中纖,70,2,68,元大-台中,2024-04-02,9812
1587,吉茂,50,0,50,元大-台中,2024-04-02,9812
2359,所羅門,51,2,49,元大-台中,2024-04-02,9812
2344,華邦電,57,16,41,元大-台中,2024-04-02,9812
8033,雷虎,50,10,40,元大-台中,2024-04-02,9812
8476,台境*,40,0,40,元大-台中,2024-04-02,9812
00931B,統一美債20年,40,0,40,元大-台中,2024-04-02,9812
2105,正新,36,0,36,元大-台中,2024-04-02,9812
3059,華晶科,36,5,31,元大-台中,2024-04-02,9812
4909,新復興,81,51,30,元大-台中,2024-04-02,9812
00751B,元大AAA至A公司債,30,0,30,元大-台中,2024-04-02,9812
2330,台積電,41,13,28,元大-台中,2024-04-02,9812
00933B,國泰10Y+金融債,27,0,27,元大-台中,2024-04-02,9812
4714,永捷,27,2,25,元大-台中,2024-04-02,9812
4526,東台,25,3,22,元大-台中,2024-04-02,9812
4904,遠傳,21,0,21,元大-台中,2024-04-02,9812
1515,力山,20,0,20,元大-台中,2024-04-02,9812
00688L,國泰20年美債正2,19,0,19,元大-台中,2024-04-02,9812
5284,jpp-KY,17,0,17,元大-台中,2024-04-02,9812
7402,邑錡,38,22,16,元大-台中,2024-04-02,9812
2618,長榮航,59,45,14,元大-台中,2024-04-02,9812
4967,十銓,25,11,14,元大-台中,2024-04-02,9812
2303,聯電,24,10,14,元大-台中,2024-04-02,9812
00720B,元大投資級公司債,28,14,14,元大-台中,2024-04-02,9812
3706,神達,19,6,13,元大-台中,2024-04-02,9812
00927,群益半導體收益,15,2,13,元大-台中,2024-04-02,9812
2603,長榮,19,6,13,元大-台中,2024-04-02,9812
00941,中信上游半導體,16,4,12,元大-台中,2024-04-02,9812
4303,信立,15,3,12,元大-台中,2024-04-02,9812
1216,統一,11,0,11,元大-台中,2024-04-02,9812
2890,永豐金,11,0,11,元大-台中,2024-04-02,9812
00665L,富邦�琤肭磪囓�2,21,10,11,元大-台中,2024-04-02,9812
2356,英業達,25,14,11,元大-台中,2024-04-02,9812
4906,正文,12,1,11,元大-台中,2024-04-02,9812
3481,群創,25,15,10,元大-台中,2024-04-02,9812
2483,百容,10,0,10,元大-台中,2024-04-02,9812
6112,邁達特,10,0,10,元大-台中,2024-04-02,9812
2401,凌陽,10,0,10,元大-台中,2024-04-02,9812
1339,昭輝,10,0,10,元大-台中,2024-04-02,9812
00940,元大台灣價值高息,396,46,350,元大-台中,2024-04-03,9812
6274,台燿,158,5,153,元大-台中,2024-04-03,9812
00680L,元大美債20正2,148,0,148,元大-台中,2024-04-03,9812
6189,豐藝,138,9,129,元大-台中,2024-04-03,9812
3481,群創,101,7,94,元大-台中,2024-04-03,9812
00929,復華台灣科技優息,99,5,94,元大-台中,2024-04-03,9812
2363,矽統,100,25,75,元大-台中,2024-04-03,9812
2889,國票金,72,1,71,元大-台中,2024-04-03,9812
00679B,元大美債20年,62,0,62,元大-台中,2024-04-03,9812
5880,合庫金,61,0,61,元大-台中,2024-04-03,9812
00772B,中信高評級公司債,53,0,53,元大-台中,2024-04-03,9812
00919,群益台灣精選高息,84,44,40,元大-台中,2024-04-03,9812
1219,福壽,40,0,40,元大-台中,2024-04-03,9812
00753L,中信中國50正2,42,4,38,元大-台中,2024-04-03,9812
00720B,元大投資級公司債,36,0,36,元大-台中,2024-04-03,9812
5324,士開,36,0,36,元大-台中,2024-04-03,9812
8476,台境*,36,0,36,元大-台中,2024-04-03,9812
00933B,國泰10Y+金融債,34,0,34,元大-台中,2024-04-03,9812
9904,寶成,33,2,31,元大-台中,2024-04-03,9812
00941,中信上游半導體,36,6,30,元大-台中,2024-04-03,9812
2382,廣達,63,33,30,元大-台中,2024-04-03,9812
00687B,國泰20年美債,41,12,29,元大-台中,2024-04-03,9812
00751B,元大AAA至A公司債,28,0,28,元大-台中,2024-04-03,9812
2486,一詮,149,123,26,元大-台中,2024-04-03,9812
2009,第一銅,36,11,25,元大-台中,2024-04-03,9812
2409,友達,26,1,25,元大-台中,2024-04-03,9812
00931B,統一美債20年,35,10,25,元大-台中,2024-04-03,9812
8040,九暘,27,3,24,元大-台中,2024-04-03,9812
00937B,群益ESG投等債20,42,20,22,元大-台中,2024-04-03,9812
1605,華新,31,10,21,元大-台中,2024-04-03,9812
1101,台泥,26,5,21,元大-台中,2024-04-03,9812
6505,台塑化,20,0,20,元大-台中,2024-04-03,9812
2301,光寶科,26,6,20,元大-台中,2024-04-03,9812
2412,中華電,21,3,18,元大-台中,2024-04-03,9812
6143,振曜,18,0,18,元大-台中,2024-04-03,9812
2354,鴻準,24,6,18,元大-台中,2024-04-03,9812
4909,新復興,40,22,18,元大-台中,2024-04-03,9812
0056,元大高股息,24,7,17,元大-台中,2024-04-03,9812
6213,聯茂,52,35,17,元大-台中,2024-04-03,9812
8926,台汽電,17,1,16,元大-台中,2024-04-03,9812
5309,系統電,15,0,15,元大-台中,2024-04-03,9812
2610,華航,15,0,15,元大-台中,2024-04-03,9812
2845,遠東銀,15,0,15,元大-台中,2024-04-03,9812
00795B,中信美國公債20年,14,0,14,元大-台中,2024-04-03,9812
2615,萬海,14,0,14,元大-台中,2024-04-03,9812
1609,大亞,26,13,13,元大-台中,2024-04-03,9812
00907,永豐優息存股,13,0,13,元大-台中,2024-04-03,9812
1808,潤隆,13,0,13,元大-台中,2024-04-03,9812
1718,中纖,12,0,12,元大-台中,2024-04-03,9812
5519,隆大,12,0,12,元大-台中,2024-04-03,9812
6188,廣明,1008,530,478,元大-台中,2024-04-08,9812
8096,擎亞,1885,1411,474,元大-台中,2024-04-08,9812
2363,矽統,178,3,175,元大-台中,2024-04-08,9812
00885,富邦越南,187,17,170,元大-台中,2024-04-08,9812
00679B,元大美債20年,158,11,147,元大-台中,2024-04-08,9812
8040,九暘,123,2,121,元大-台中,2024-04-08,9812
00940,元大台灣價值高息,245,131,114,元大-台中,2024-04-08,9812
00929,復華台灣科技優息,115,8,107,元大-台中,2024-04-08,9812
00687B,國泰20年美債,91,0,91,元大-台中,2024-04-08,9812
2303,聯電,133,45,88,元大-台中,2024-04-08,9812
3049,精金,63,0,63,元大-台中,2024-04-08,9812
5371,中光電,64,5,59,元大-台中,2024-04-08,9812
6016,康和證,56,0,56,元大-台中,2024-04-08,9812
00637L,元大滬深300正2,113,60,53,元大-台中,2024-04-08,9812
1340,勝悅-KY,51,0,51,元大-台中,2024-04-08,9812
2359,所羅門,146,96,50,元大-台中,2024-04-08,9812
8476,台境*,49,0,49,元大-台中,2024-04-08,9812
6015,宏遠證,40,0,40,元大-台中,2024-04-08,9812
6120,達運,232,198,34,元大-台中,2024-04-08,9812
6288,聯嘉,34,3,31,元大-台中,2024-04-08,9812
2374,佳能,54,25,29,元大-台中,2024-04-08,9812
1524,耿鼎,33,4,29,元大-台中,2024-04-08,9812
2330,台積電,35,7,28,元大-台中,2024-04-08,9812
2356,英業達,27,3,24,元大-台中,2024-04-08,9812
00919,群益台灣精選高息,44,21,23,元大-台中,2024-04-08,9812
2887,台新金,24,0,24,元大-台中,2024-04-08,9812
1513,中興電,58,36,22,元大-台中,2024-04-08,9812
00688L,國泰20年美債正2,20,0,20,元大-台中,2024-04-08,9812
00753L,中信中國50正2,20,0,20,元大-台中,2024-04-08,9812
00939,統一台灣高息動能,18,0,18,元大-台中,2024-04-08,9812
00933B,國泰10Y+金融債,28,10,18,元大-台中,2024-04-08,9812
4533,協易機,20,4,16,元大-台中,2024-04-08,9812
00857B,永豐20年美公債,15,0,15,元大-台中,2024-04-08,9812
2371,大同,25,10,15,元大-台中,2024-04-08,9812
00680L,元大美債20正2,87,72,15,元大-台中,2024-04-08,9812
1515,力山,15,0,15,元大-台中,2024-04-08,9812
5202,力新,16,1,15,元大-台中,2024-04-08,9812
2888,新光金,18,4,14,元大-台中,2024-04-08,9812
2618,長榮航,27,14,13,元大-台中,2024-04-08,9812
1434,福懋,13,0,13,元大-台中,2024-04-08,9812
2634,漢翔,14,1,13,元大-台中,2024-04-08,9812
00937B,群益ESG投等債20,52,40,12,元大-台中,2024-04-08,9812
2201,裕隆,14,2,12,元大-台中,2024-04-08,9812
2316,楠梓電,23,12,11,元大-台中,2024-04-08,9812
3032,偉訓,20,9,11,元大-台中,2024-04-08,9812
4968,立積,11,0,11,元大-台中,2024-04-08,9812
9103,美德醫療-DR,11,0,11,元大-台中,2024-04-08,9812
1466,聚隆,11,0,11,元大-台中,2024-04-08,9812
6026,福邦證,16,5,11,元大-台中,2024-04-08,9812
6173,信昌電,12,1,11,元大-台中,2024-04-08,9812
8096,擎亞,528,88,440,元大-台中,2024-04-09,9812
3294,英濟,432,124,308,元大-台中,2024-04-09,9812
1514,亞力,327,29,298,元大-台中,2024-04-09,9812
8040,九暘,143,6,137,元大-台中,2024-04-09,9812
2885,元大金,240,116,124,元大-台中,2024-04-09,9812
00637L,元大滬深300正2,128,10,118,元大-台中,2024-04-09,9812
00632R,元大台灣50反1,107,0,107,元大-台中,2024-04-09,9812
3049,精金,104,0,104,元大-台中,2024-04-09,9812
00664R,國泰臺灣加權反1,100,0,100,元大-台中,2024-04-09,9812
3231,緯創,186,99,87,元大-台中,2024-04-09,9812
1504,東元,105,24,81,元大-台中,2024-04-09,9812
2025,千興,73,0,73,元大-台中,2024-04-09,9812
2643,捷迅,73,1,72,元大-台中,2024-04-09,9812
2365,昆盈,95,34,61,元大-台中,2024-04-09,9812
2317,鴻海,114,53,61,元大-台中,2024-04-09,9812
2344,華邦電,63,5,58,元大-台中,2024-04-09,9812
00679B,元大美債20年,53,0,53,元大-台中,2024-04-09,9812
5371,中光電,45,11,34,元大-台中,2024-04-09,9812
00937B,群益ESG投等債20,34,0,34,元大-台中,2024-04-09,9812
00687B,國泰20年美債,33,0,33,元大-台中,2024-04-09,9812
2324,仁寶,45,12,33,元大-台中,2024-04-09,9812
2486,一詮,70,38,32,元大-台中,2024-04-09,9812
1513,中興電,99,68,31,元大-台中,2024-04-09,9812
3024,憶聲,30,1,29,元大-台中,2024-04-09,9812
3321,同泰,30,1,29,元大-台中,2024-04-09,9812
00680L,元大美債20正2,31,4,27,元大-台中,2024-04-09,9812
3013,晟銘電,68,42,26,元大-台中,2024-04-09,9812
1316,上曜,26,1,25,元大-台中,2024-04-09,9812
3305,昇貿,24,0,24,元大-台中,2024-04-09,9812
1529,樂事綠能,28,5,23,元大-台中,2024-04-09,9812
8383,千附,22,0,22,元大-台中,2024-04-09,9812
2464,盟立,39,18,21,元大-台中,2024-04-09,9812
3036,文曄,21,1,20,元大-台中,2024-04-09,9812
00720B,元大投資級公司債,21,1,20,元大-台中,2024-04-09,9812
6005,群益證,22,3,19,元大-台中,2024-04-09,9812
6578,達邦蛋白,19,0,19,元大-台中,2024-04-09,9812
3645,達邁,24,5,19,元大-台中,2024-04-09,9812
6668,中揚光,20,2,18,元大-台中,2024-04-09,9812
5521,工信,42,24,18,元大-台中,2024-04-09,9812
6015,宏遠證,22,5,17,元大-台中,2024-04-09,9812
3706,神達,23,6,17,元大-台中,2024-04-09,9812
8011,台通,17,1,16,元大-台中,2024-04-09,9812
3312,弘憶股,26,10,16,元大-台中,2024-04-09,9812
8476,台境*,15,0,15,元大-台中,2024-04-09,9812
2313,華通,34,20,14,元大-台中,2024-04-09,9812
00939,統一台灣高息動能,20,7,13,元大-台中,2024-04-09,9812
3042,晶技,13,0,13,元大-台中,2024-04-09,9812
1104,環泥,13,0,13,元大-台中,2024-04-09,9812
4906,正文,16,4,12,元大-台中,2024-04-09,9812
8390,金益鼎,13,1,12,元大-台中,2024-04-09,9812
1504,東元,428,2,426,元大-台中,2024-04-10,9812
4533,協易機,434,242,192,元大-台中,2024-04-10,9812
2834,臺企銀,120,2,118,元大-台中,2024-04-10,9812
2501,國建,655,547,108,元大-台中,2024-04-10,9812
00940,元大台灣價值高息,276,174,102,元大-台中,2024-04-10,9812
1314,中石化,73,12,61,元大-台中,2024-04-10,9812
2363,矽統,213,153,60,元大-台中,2024-04-10,9812
6197,佳必琪,50,1,49,元大-台中,2024-04-10,9812
1608,華榮,64,24,40,元大-台中,2024-04-10,9812
2371,大同,54,18,36,元大-台中,2024-04-10,9812
2534,宏盛,40,4,36,元大-台中,2024-04-10,9812
00637L,元大滬深300正2,37,5,32,元大-台中,2024-04-10,9812
2897,王道銀行,32,0,32,元大-台中,2024-04-10,9812
9904,寶成,32,2,30,元大-台中,2024-04-10,9812
6215,和椿,38,8,30,元大-台中,2024-04-10,9812
3481,群創,65,35,30,元大-台中,2024-04-10,9812
2891,中信金,31,2,29,元大-台中,2024-04-10,9812
00941,中信上游半導體,30,3,27,元大-台中,2024-04-10,9812
1605,華新,51,25,26,元大-台中,2024-04-10,9812
6117,迎廣,29,5,24,元大-台中,2024-04-10,9812
2009,第一銅,125,103,22,元大-台中,2024-04-10,9812
4532,瑞智,52,30,22,元大-台中,2024-04-10,9812
6202,盛群,21,0,21,元大-台中,2024-04-10,9812
2374,佳能,35,15,20,元大-台中,2024-04-10,9812
2889,國票金,21,1,20,元大-台中,2024-04-10,9812
2023,燁輝,20,0,20,元大-台中,2024-04-10,9812
1305,華夏,20,0,20,元大-台中,2024-04-10,9812
2103,台橡,20,1,19,元大-台中,2024-04-10,9812
6139,亞翔,20,2,18,元大-台中,2024-04-10,9812
3059,華晶科,29,11,18,元大-台中,2024-04-10,9812
00929,復華台灣科技優息,37,20,17,元大-台中,2024-04-10,9812
8926,台汽電,18,1,17,元大-台中,2024-04-10,9812
2509,全坤建,22,6,16,元大-台中,2024-04-10,9812
6207,雷科,24,9,15,元大-台中,2024-04-10,9812
6213,聯茂,42,28,14,元大-台中,2024-04-10,9812
2338,光罩,27,13,14,元大-台中,2024-04-10,9812
4726,永昕,15,1,14,元大-台中,2024-04-10,9812
3710,連展投控,14,0,14,元大-台中,2024-04-10,9812
2382,廣達,27,13,14,元大-台中,2024-04-10,9812
2883,凱基金,16,3,13,元大-台中,2024-04-10,9812
00937B,群益ESG投等債20,28,16,12,元大-台中,2024-04-10,9812
3163,波若威,14,2,12,元大-台中,2024-04-10,9812
00864B,中信美國公債0-1,11,0,11,元大-台中,2024-04-10,9812
1903,士紙,11,0,11,元大-台中,2024-04-10,9812
4961,天鈺,12,1,11,元大-台中,2024-04-10,9812
6290,良維,18,7,11,元大-台中,2024-04-10,9812
8088,品安,15,4,11,元大-台中,2024-04-10,9812
00687B,國泰20年美債,11,1,10,元大-台中,2024-04-10,9812
3025,星通,11,1,10,元大-台中,2024-04-10,9812
00939,統一台灣高息動能,17,7,10,元大-台中,2024-04-10,9812
4533,協易機,795,242,553,元大-台中,2024-04-11,9812
2353,宏��,569,69,500,元大-台中,2024-04-11,9812
3481,群創,361,44,317,元大-台中,2024-04-11,9812
2506,太設,201,1,200,元大-台中,2024-04-11,9812
00680L,元大美債20正2,211,52,159,元大-台中,2024-04-11,9812
5351,鈺創,159,15,144,元大-台中,2024-04-11,9812
2303,聯電,121,5,116,元大-台中,2024-04-11,9812
00937B,群益ESG投等債20,112,0,112,元大-台中,2024-04-11,9812
2359,所羅門,151,50,101,元大-台中,2024-04-11,9812
00687B,國泰20年美債,101,3,98,元大-台中,2024-04-11,9812
00929,復華台灣科技優息,87,4,83,元大-台中,2024-04-11,9812
00679B,元大美債20年,76,2,74,元大-台中,2024-04-11,9812
2367,燿華,74,3,71,元大-台中,2024-04-11,9812
1504,東元,74,12,62,元大-台中,2024-04-11,9812
2743,山富,80,20,60,元大-台中,2024-04-11,9812
00712,復華富時不動產,53,0,53,元大-台中,2024-04-11,9812
4714,永捷,51,5,46,元大-台中,2024-04-11,9812
3049,精金,42,0,42,元大-台中,2024-04-11,9812
00720B,元大投資級公司債,37,0,37,元大-台中,2024-04-11,9812
3036,文曄,64,29,35,元大-台中,2024-04-11,9812
2317,鴻海,110,74,36,元大-台中,2024-04-11,9812
2888,新光金,47,13,34,元大-台中,2024-04-11,9812
2324,仁寶,36,3,33,元大-台中,2024-04-11,9812
2371,大同,101,69,32,元大-台中,2024-04-11,9812
5519,隆大,33,1,32,元大-台中,2024-04-11,9812
00931B,統一美債20年,34,3,31,元大-台中,2024-04-11,9812
2009,第一銅,58,28,30,元大-台中,2024-04-11,9812
00939,統一台灣高息動能,42,13,29,元大-台中,2024-04-11,9812
2354,鴻準,51,25,26,元大-台中,2024-04-11,9812
3231,緯創,52,27,25,元大-台中,2024-04-11,9812
2722,夏都,29,4,25,元大-台中,2024-04-11,9812
4906,正文,25,1,24,元大-台中,2024-04-11,9812
6770,力積電,22,1,21,元大-台中,2024-04-11,9812
00927,群益半導體收益,24,3,21,元大-台中,2024-04-11,9812
3714,富采,21,1,20,元大-台中,2024-04-11,9812
3543,州巧,20,1,19,元大-台中,2024-04-11,9812
2464,盟立,20,1,19,元大-台中,2024-04-11,9812
2534,宏盛,19,0,19,元大-台中,2024-04-11,9812
00878,國泰永續高股息,19,1,18,元大-台中,2024-04-11,9812
2409,友達,22,5,17,元大-台中,2024-04-11,9812
00753L,中信中國50正2,17,0,17,元大-台中,2024-04-11,9812
3555,博士旺,15,0,15,元大-台中,2024-04-11,9812
2501,國建,123,108,15,元大-台中,2024-04-11,9812
3211,順達,14,0,14,元大-台中,2024-04-11,9812
00662,富邦NASDAQ,16,2,14,元大-台中,2024-04-11,9812
3321,同泰,14,0,14,元大-台中,2024-04-11,9812
1604,聲寶,14,0,14,元大-台中,2024-04-11,9812
2356,英業達,25,12,13,元大-台中,2024-04-11,9812
6806,森崴能源,46,33,13,元大-台中,2024-04-11,9812
00795B,中信美國公債20年,13,0,13,元大-台中,2024-04-11,9812
1504,東元,2969,2464,505,元大-台中,2024-04-12,9812
3312,弘憶股,559,72,487,元大-台中,2024-04-12,9812
1618,合機,411,10,401,元大-台中,2024-04-12,9812
1453,大將,228,25,203,元大-台中,2024-04-12,9812
2359,所羅門,404,228,176,元大-台中,2024-04-12,9812
00680L,元大美債20正2,121,12,109,元大-台中,2024-04-12,9812
2889,國票金,101,0,101,元大-台中,2024-04-12,9812
00929,復華台灣科技優息,126,28,98,元大-台中,2024-04-12,9812
2344,華邦電,87,9,78,元大-台中,2024-04-12,9812
2371,大同,831,768,63,元大-台中,2024-04-12,9812
2618,長榮航,98,39,59,元大-台中,2024-04-12,9812
2834,臺企銀,52,1,51,元大-台中,2024-04-12,9812
00937B,群益ESG投等債20,51,1,50,元大-台中,2024-04-12,9812
00632R,元大台灣50反1,50,0,50,元大-台中,2024-04-12,9812
2317,鴻海,90,44,46,元大-台中,2024-04-12,9812
00940,元大台灣價值高息,123,80,43,元大-台中,2024-04-12,9812
00687B,國泰20年美債,44,2,42,元大-台中,2024-04-12,9812
2610,華航,56,15,41,元大-台中,2024-04-12,9812
2412,中華電,40,0,40,元大-台中,2024-04-12,9812
6282,康舒,41,3,38,元大-台中,2024-04-12,9812
5880,合庫金,37,0,37,元大-台中,2024-04-12,9812
5425,台半,37,1,36,元大-台中,2024-04-12,9812
00679B,元大美債20年,44,8,36,元大-台中,2024-04-12,9812
3481,群創,51,16,35,元大-台中,2024-04-12,9812
2883,凱基金,54,20,34,元大-台中,2024-04-12,9812
1905,華紙,34,0,34,元大-台中,2024-04-12,9812
2888,新光金,36,4,32,元大-台中,2024-04-12,9812
3059,華晶科,66,36,30,元大-台中,2024-04-12,9812
3260,威剛,57,29,28,元大-台中,2024-04-12,9812
3321,同泰,26,2,24,元大-台中,2024-04-12,9812
2605,新興,26,3,23,元大-台中,2024-04-12,9812
6290,良維,37,14,23,元大-台中,2024-04-12,9812
6770,力積電,21,0,21,元大-台中,2024-04-12,9812
2354,鴻準,25,4,21,元大-台中,2024-04-12,9812
3036,文曄,56,35,21,元大-台中,2024-04-12,9812
2382,廣達,30,9,21,元大-台中,2024-04-12,9812
8936,國統,44,24,20,元大-台中,2024-04-12,9812
2104,國際中橡,20,0,20,元大-台中,2024-04-12,9812
4904,遠傳,20,0,20,元大-台中,2024-04-12,9812
2103,台橡,20,0,20,元大-台中,2024-04-12,9812
0056,元大高股息,21,2,19,元大-台中,2024-04-12,9812
1815,富喬,41,22,19,元大-台中,2024-04-12,9812
2515,中工,23,4,19,元大-台中,2024-04-12,9812
2409,友達,20,1,19,元大-台中,2024-04-12,9812
00933B,國泰10Y+金融債,18,1,17,元大-台中,2024-04-12,9812
2329,華泰,32,15,17,元大-台中,2024-04-12,9812
3714,富采,17,0,17,元大-台中,2024-04-12,9812
4906,正文,16,0,16,元大-台中,2024-04-12,9812
00712,復華富時不動產,16,0,16,元大-台中,2024-04-12,9812
8147,正淩,16,0,16,元大-台中,2024-04-12,9812
00929,復華台灣科技優息,298,14,284,元大-台中,2024-04-15,9812
2630,亞航,224,42,182,元大-台中,2024-04-15,9812
00941,中信上游半導體,123,0,123,元大-台中,2024-04-15,9812
00940,元大台灣價值高息,175,64,111,元大-台中,2024-04-15,9812
2889,國票金,110,0,110,元大-台中,2024-04-15,9812
00939,統一台灣高息動能,94,1,93,元大-台中,2024-04-15,9812
4909,新復興,84,2,82,元大-台中,2024-04-15,9812
5230,雷笛克光學,65,0,65,元大-台中,2024-04-15,9812
1504,東元,362,302,60,元大-台中,2024-04-15,9812
2367,燿華,143,86,57,元大-台中,2024-04-15,9812
00878,國泰永續高股息,54,6,48,元大-台中,2024-04-15,9812
00688L,國泰20年美債正2,50,2,48,元大-台中,2024-04-15,9812
00937B,群益ESG投等債20,52,5,47,元大-台中,2024-04-15,9812
2867,三商壽,63,17,46,元大-台中,2024-04-15,9812
2344,華邦電,46,2,44,元大-台中,2024-04-15,9812
0056,元大高股息,39,1,38,元大-台中,2024-04-15,9812
3027,盛達,43,7,36,元大-台中,2024-04-15,9812
8926,台汽電,35,0,35,元大-台中,2024-04-15,9812
1612,宏泰,81,49,32,元大-台中,2024-04-15,9812
00753L,中信中國50正2,134,105,29,元大-台中,2024-04-15,9812
00712,復華富時不動產,28,0,28,元大-台中,2024-04-15,9812
1608,華榮,125,99,26,元大-台中,2024-04-15,9812
2303,聯電,27,2,25,元大-台中,2024-04-15,9812
3006,晶豪科,26,1,25,元大-台中,2024-04-15,9812
1314,中石化,32,8,24,元大-台中,2024-04-15,9812
2356,英業達,43,20,23,元大-台中,2024-04-15,9812
3231,緯創,33,11,22,元大-台中,2024-04-15,9812
00919,群益台灣精選高息,47,27,20,元大-台中,2024-04-15,9812
8096,擎亞,24,4,20,元大-台中,2024-04-15,9812
1584,精剛,20,0,20,元大-台中,2024-04-15,9812
2618,長榮航,49,31,18,元大-台中,2024-04-15,9812
00927,群益半導體收益,18,0,18,元大-台中,2024-04-15,9812
00891,中信關鍵半導體,18,0,18,元大-台中,2024-04-15,9812
00923,群益台ESG低碳50,21,5,16,元大-台中,2024-04-15,9812
4155,訊映,16,0,16,元大-台中,2024-04-15,9812
3260,威剛,34,19,15,元大-台中,2024-04-15,9812
3030,德律,17,2,15,元大-台中,2024-04-15,9812
2606,裕民,23,8,15,元大-台中,2024-04-15,9812
3059,華晶科,85,71,14,元大-台中,2024-04-15,9812
2408,南亞科,20,6,14,元大-台中,2024-04-15,9812
2376,技嘉,16,2,14,元大-台中,2024-04-15,9812
6207,雷科,13,0,13,元大-台中,2024-04-15,9812
2374,佳能,53,40,13,元大-台中,2024-04-15,9812
4123,晟德,12,0,12,元大-台中,2024-04-15,9812
1587,吉茂,14,2,12,元大-台中,2024-04-15,9812
8271,宇瞻,16,4,12,元大-台中,2024-04-15,9812
2883,凱基金,33,21,12,元大-台中,2024-04-15,9812
00720B,元大投資級公司債,11,0,11,元大-台中,2024-04-15,9812
2511,太子,11,0,11,元大-台中,2024-04-15,9812
4960,誠美材,11,0,11,元大-台中,2024-04-15,9812
00940,元大台灣價值高息,856,309,547,元大-台中,2024-04-16,9812
00929,復華台灣科技優息,349,70,279,元大-台中,2024-04-16,9812
00919,群益台灣精選高息,332,60,272,元大-台中,2024-04-16,9812
00937B,群益ESG投等債20,209,0,209,元大-台中,2024-04-16,9812
2344,華邦電,435,267,168,元大-台中,2024-04-16,9812
6283,淳安,186,44,142,元大-台中,2024-04-16,9812
0056,元大高股息,174,41,133,元大-台中,2024-04-16,9812
2371,大同,185,57,128,元大-台中,2024-04-16,9812
6230,尼得科超眾,120,0,120,元大-台中,2024-04-16,9812
1795,美時,135,15,120,元大-台中,2024-04-16,9812
2618,長榮航,127,9,118,元大-台中,2024-04-16,9812
5880,合庫金,117,0,117,元大-台中,2024-04-16,9812
4909,新復興,93,0,93,元大-台中,2024-04-16,9812
00878,國泰永續高股息,131,49,82,元大-台中,2024-04-16,9812
4904,遠傳,80,0,80,元大-台中,2024-04-16,9812
2888,新光金,108,32,76,元大-台中,2024-04-16,9812
3481,群創,133,60,73,元大-台中,2024-04-16,9812
00939,統一台灣高息動能,67,0,67,元大-台中,2024-04-16,9812
00712,復華富時不動產,60,0,60,元大-台中,2024-04-16,9812
00680L,元大美債20正2,62,8,54,元大-台中,2024-04-16,9812
00753L,中信中國50正2,101,53,48,元大-台中,2024-04-16,9812
00941,中信上游半導體,51,3,48,元大-台中,2024-04-16,9812
00679B,元大美債20年,54,6,48,元大-台中,2024-04-16,9812
1612,宏泰,63,17,46,元大-台中,2024-04-16,9812
2834,臺企銀,45,2,43,元大-台中,2024-04-16,9812
2891,中信金,58,15,43,元大-台中,2024-04-16,9812
1608,華榮,110,68,42,元大-台中,2024-04-16,9812
00882,中信中國高股息,44,2,42,元大-台中,2024-04-16,9812
00902,中信電池及儲能,41,0,41,元大-台中,2024-04-16,9812
9105,泰金寶-DR,41,0,41,元大-台中,2024-04-16,9812
8936,國統,64,26,38,元大-台中,2024-04-16,9812
00927,群益半導體收益,40,2,38,元大-台中,2024-04-16,9812
00687B,國泰20年美債,37,0,37,元大-台中,2024-04-16,9812
00720B,元大投資級公司債,38,4,34,元大-台中,2024-04-16,9812
9955,佳龍,35,3,32,元大-台中,2024-04-16,9812
1609,大亞,396,364,32,元大-台中,2024-04-16,9812
5434,崇越,39,7,32,元大-台中,2024-04-16,9812
2104,國際中橡,30,0,30,元大-台中,2024-04-16,9812
2609,陽明,31,2,29,元大-台中,2024-04-16,9812
1810,和成,37,9,28,元大-台中,2024-04-16,9812
2002,中鋼,26,1,25,元大-台中,2024-04-16,9812
1216,統一,25,0,25,元大-台中,2024-04-16,9812
4960,誠美材,36,11,25,元大-台中,2024-04-16,9812
00918,大華優利高填息30,24,0,24,元大-台中,2024-04-16,9812
2636,台驊控股,27,4,23,元大-台中,2024-04-16,9812
5443,均豪,27,5,22,元大-台中,2024-04-16,9812
2617,台航,23,1,22,元大-台中,2024-04-16,9812
5515,建國,29,7,22,元大-台中,2024-04-16,9812
2882,國泰金,34,12,22,元大-台中,2024-04-16,9812
00923,群益台ESG低碳50,23,1,22,元大-台中,2024-04-16,9812
00937B,群益ESG投等債20,314,9,305,元大-台中,2024-04-17,9812
2371,大同,717,548,169,元大-台中,2024-04-17,9812
2303,聯電,146,9,137,元大-台中,2024-04-17,9812
0056,元大高股息,149,19,130,元大-台中,2024-04-17,9812
2363,矽統,134,12,122,元大-台中,2024-04-17,9812
00940,元大台灣價值高息,167,80,87,元大-台中,2024-04-17,9812
00929,復華台灣科技優息,95,15,80,元大-台中,2024-04-17,9812
1609,大亞,422,342,80,元大-台中,2024-04-17,9812
2382,廣達,95,17,78,元大-台中,2024-04-17,9812
4414,如興,68,0,68,元大-台中,2024-04-17,9812
2888,新光金,70,4,66,元大-台中,2024-04-17,9812
5515,建國,81,23,58,元大-台中,2024-04-17,9812
00919,群益台灣精選高息,65,9,56,元大-台中,2024-04-17,9812
00939,統一台灣高息動能,72,18,54,元大-台中,2024-04-17,9812
00679B,元大美債20年,53,1,52,元大-台中,2024-04-17,9812
00712,復華富時不動產,52,2,50,元大-台中,2024-04-17,9812
2317,鴻海,110,61,49,元大-台中,2024-04-17,9812
00720B,元大投資級公司債,44,2,42,元大-台中,2024-04-17,9812
3231,緯創,68,26,42,元大-台中,2024-04-17,9812
3027,盛達,78,37,41,元大-台中,2024-04-17,9812
2618,長榮航,59,19,40,元大-台中,2024-04-17,9812
2109,華豐,40,2,38,元大-台中,2024-04-17,9812
1808,潤隆,34,1,33,元大-台中,2024-04-17,9812
5340,建榮,32,0,32,元大-台中,2024-04-17,9812
2103,台橡,40,8,32,元大-台中,2024-04-17,9812
1736,喬山,32,0,32,元大-台中,2024-04-17,9812
1108,幸福,30,0,30,元大-台中,2024-04-17,9812
1717,長興,26,0,26,元大-台中,2024-04-17,9812
8110,華東,30,5,25,元大-台中,2024-04-17,9812
2374,佳能,36,11,25,元大-台中,2024-04-17,9812
3481,群創,27,3,24,元大-台中,2024-04-17,9812
00680L,元大美債20正2,23,0,23,元大-台中,2024-04-17,9812
00905,FT臺灣Smart,23,0,23,元大-台中,2024-04-17,9812
00670L,富邦NASDAQ正2,23,0,23,元大-台中,2024-04-17,9812
00753L,中信中國50正2,22,1,21,元大-台中,2024-04-17,9812
1101,台泥,23,2,21,元大-台中,2024-04-17,9812
6230,尼得科超眾,20,0,20,元大-台中,2024-04-17,9812
00927,群益半導體收益,19,0,19,元大-台中,2024-04-17,9812
3563,牧德,24,5,19,元大-台中,2024-04-17,9812
00933B,國泰10Y+金融債,20,4,16,元大-台中,2024-04-17,9812
1303,南亞,16,0,16,元大-台中,2024-04-17,9812
2882,國泰金,17,1,16,元大-台中,2024-04-17,9812
6125,廣運,39,24,15,元大-台中,2024-04-17,9812
00935,野村臺灣新科技50,15,0,15,元大-台中,2024-04-17,9812
2356,英業達,34,20,14,元大-台中,2024-04-17,9812
2330,台積電,21,7,14,元大-台中,2024-04-17,9812
2025,千興,13,0,13,元大-台中,2024-04-17,9812
4904,遠傳,13,0,13,元大-台中,2024-04-17,9812
3030,德律,13,0,13,元大-台中,2024-04-17,9812
6695,芯鼎,25,12,13,元大-台中,2024-04-17,9812
1609,大亞,2052,1151,901,元大-台中,2024-04-18,9812
6230,尼得科超眾,174,0,174,元大-台中,2024-04-18,9812
5230,雷笛克光學,357,200,157,元大-台中,2024-04-18,9812
00931B,統一美債20年,154,5,149,元大-台中,2024-04-18,9812
00885,富邦越南,129,1,128,元大-台中,2024-04-18,9812
2834,臺企銀,130,10,120,元大-台中,2024-04-18,9812
1504,東元,1483,1367,116,元大-台中,2024-04-18,9812
2515,中工,178,83,95,元大-台中,2024-04-18,9812
00720B,元大投資級公司債,93,0,93,元大-台中,2024-04-18,9812
0056,元大高股息,116,25,91,元大-台中,2024-04-18,9812
9105,泰金寶-DR,82,0,82,元大-台中,2024-04-18,9812
6120,達運,76,1,75,元大-台中,2024-04-18,9812
00929,復華台灣科技優息,83,11,72,元大-台中,2024-04-18,9812
00941,中信上游半導體,69,0,69,元大-台中,2024-04-18,9812
2103,台橡,67,0,67,元大-台中,2024-04-18,9812
1618,合機,66,5,61,元大-台中,2024-04-18,9812
9934,成霖,60,1,59,元大-台中,2024-04-18,9812
2610,華航,79,25,54,元大-台中,2024-04-18,9812
2542,興富發,48,2,46,元大-台中,2024-04-18,9812
00937B,群益ESG投等債20,54,13,41,元大-台中,2024-04-18,9812
1605,華新,148,111,37,元大-台中,2024-04-18,9812
1608,華榮,113,77,36,元大-台中,2024-04-18,9812
2330,台積電,40,6,34,元大-台中,2024-04-18,9812
2009,第一銅,51,21,30,元大-台中,2024-04-18,9812
2511,太子,31,2,29,元大-台中,2024-04-18,9812
2317,鴻海,53,24,29,元大-台中,2024-04-18,9812
3231,緯創,45,19,26,元大-台中,2024-04-18,9812
4909,新復興,25,0,25,元大-台中,2024-04-18,9812
9919,康那香,31,7,24,元大-台中,2024-04-18,9812
8926,台汽電,28,6,22,元大-台中,2024-04-18,9812
2886,兆豐金,21,0,21,元大-台中,2024-04-18,9812
00632R,元大台灣50反1,21,1,20,元大-台中,2024-04-18,9812
4414,如興,20,0,20,元大-台中,2024-04-18,9812
6005,群益證,40,20,20,元大-台中,2024-04-18,9812
2109,華豐,20,0,20,元大-台中,2024-04-18,9812
2101,南港,32,12,20,元大-台中,2024-04-18,9812
5213,亞昕,20,0,20,元大-台中,2024-04-18,9812
00927,群益半導體收益,19,0,19,元大-台中,2024-04-18,9812
1513,中興電,259,241,18,元大-台中,2024-04-18,9812
5512,力麒,106,88,18,元大-台中,2024-04-18,9812
6770,力積電,18,0,18,元大-台中,2024-04-18,9812
2897,王道銀行,17,0,17,元大-台中,2024-04-18,9812
8936,國統,35,19,16,元大-台中,2024-04-18,9812
5508,永信建,21,5,16,元大-台中,2024-04-18,9812
2367,燿華,43,28,15,元大-台中,2024-04-18,9812
1108,幸福,30,15,15,元大-台中,2024-04-18,9812
2010,春源,15,0,15,元大-台中,2024-04-18,9812
1313,聯成,15,0,15,元大-台中,2024-04-18,9812
5009,榮剛,27,12,15,元大-台中,2024-04-18,9812
00679B,元大美債20年,14,1,13,元大-台中,2024-04-18,9812
2605,新興,681,197,484,元大-台中,2024-04-19,9812
2515,中工,470,186,284,元大-台中,2024-04-19,9812
00929,復華台灣科技優息,331,56,275,元大-台中,2024-04-19,9812
0056,元大高股息,244,59,185,元大-台中,2024-04-19,9812
5521,工信,253,77,176,元大-台中,2024-04-19,9812
2867,三商壽,175,34,141,元大-台中,2024-04-19,9812
1504,東元,942,803,139,元大-台中,2024-04-19,9812
00940,元大台灣價值高息,496,357,139,元大-台中,2024-04-19,9812
2546,根基,350,226,124,元大-台中,2024-04-19,9812
00919,群益台灣精選高息,147,43,104,元大-台中,2024-04-19,9812
8054,安國,153,63,90,元大-台中,2024-04-19,9812
3037,欣興,77,0,77,元大-台中,2024-04-19,9812
2882,國泰金,82,6,76,元大-台中,2024-04-19,9812
1612,宏泰,127,52,75,元大-台中,2024-04-19,9812
2303,聯電,88,20,68,元大-台中,2024-04-19,9812
2618,長榮航,101,47,54,元大-台中,2024-04-19,9812
00941,中信上游半導體,88,36,52,元大-台中,2024-04-19,9812
1101,台泥,61,9,52,元大-台中,2024-04-19,9812
5880,合庫金,51,2,49,元大-台中,2024-04-19,9812
3027,盛達,82,33,49,元大-台中,2024-04-19,9812
3049,精金,48,0,48,元大-台中,2024-04-19,9812
5230,雷笛克光學,167,119,48,元大-台中,2024-04-19,9812
2399,映泰,51,3,48,元大-台中,2024-04-19,9812
2317,鴻海,111,64,47,元大-台中,2024-04-19,9812
00931B,統一美債20年,46,0,46,元大-台中,2024-04-19,9812
5011,久陽,43,0,43,元大-台中,2024-04-19,9812
2330,台積電,95,53,42,元大-台中,2024-04-19,9812
00939,統一台灣高息動能,70,28,42,元大-台中,2024-04-19,9812
2409,友達,52,10,42,元大-台中,2024-04-19,9812
2801,彰銀,41,0,41,元大-台中,2024-04-19,9812
2834,臺企銀,65,25,40,元大-台中,2024-04-19,9812
00753L,中信中國50正2,120,81,39,元大-台中,2024-04-19,9812
2323,中環,52,13,39,元大-台中,2024-04-19,9812
1608,華榮,203,166,37,元大-台中,2024-04-19,9812
3231,緯創,62,26,36,元大-台中,2024-04-19,9812
1314,中石化,37,1,36,元大-台中,2024-04-19,9812
00923,群益台ESG低碳50,35,8,27,元大-台中,2024-04-19,9812
00637L,元大滬深300正2,87,61,26,元大-台中,2024-04-19,9812
1321,大洋,25,0,25,元大-台中,2024-04-19,9812
00896,中信綠能及電動車,25,1,24,元大-台中,2024-04-19,9812
00878,國泰永續高股息,81,56,25,元大-台中,2024-04-19,9812
1907,永豐餘,24,2,22,元大-台中,2024-04-19,9812
2449,京元電子,23,1,22,元大-台中,2024-04-19,9812
2356,英業達,27,5,22,元大-台中,2024-04-19,9812
2427,三商電,38,17,21,元大-台中,2024-04-19,9812
2610,華航,29,9,20,元大-台中,2024-04-19,9812
2891,中信金,30,10,20,元大-台中,2024-04-19,9812
2107,厚生,20,0,20,元大-台中,2024-04-19,9812
6770,力積電,23,3,20,元大-台中,2024-04-19,9812
2104,國際中橡,20,1,19,元大-台中,2024-04-19,9812
00632R,元大台灣50反1,200,17,183,元大-台中,2024-04-22,9812
00940,元大台灣價值高息,285,129,156,元大-台中,2024-04-22,9812
00929,復華台灣科技優息,252,110,142,元大-台中,2024-04-22,9812
2101,南港,137,31,106,元大-台中,2024-04-22,9812
2605,新興,85,12,73,元大-台中,2024-04-22,9812
00919,群益台灣精選高息,91,27,64,元大-台中,2024-04-22,9812
1609,大亞,275,215,60,元大-台中,2024-04-22,9812
3481,群創,111,55,56,元大-台中,2024-04-22,9812
00878,國泰永續高股息,69,13,56,元大-台中,2024-04-22,9812
5009,榮剛,67,13,54,元大-台中,2024-04-22,9812
2344,華邦電,70,20,50,元大-台中,2024-04-22,9812
2504,國產,97,48,49,元大-台中,2024-04-22,9812
1612,宏泰,82,36,46,元大-台中,2024-04-22,9812
2303,聯電,57,13,44,元大-台中,2024-04-22,9812
2367,燿華,42,3,39,元大-台中,2024-04-22,9812
00937B,群益ESG投等債20,70,34,36,元大-台中,2024-04-22,9812
3231,緯創,80,44,36,元大-台中,2024-04-22,9812
6770,力積電,58,23,35,元大-台中,2024-04-22,9812
00939,統一台灣高息動能,46,13,33,元大-台中,2024-04-22,9812
2329,華泰,52,22,30,元大-台中,2024-04-22,9812
8473,山林水,41,15,26,元大-台中,2024-04-22,9812
00753L,中信中國50正2,26,0,26,元大-台中,2024-04-22,9812
1617,榮星,33,8,25,元大-台中,2024-04-22,9812
1618,合機,50,26,24,元大-台中,2024-04-22,9812
2501,國建,50,26,24,元大-台中,2024-04-22,9812
9902,台火,23,0,23,元大-台中,2024-04-22,9812
00885,富邦越南,47,24,23,元大-台中,2024-04-22,9812
00679B,元大美債20年,32,10,22,元大-台中,2024-04-22,9812
3703,欣陸,45,23,22,元大-台中,2024-04-22,9812
2885,元大金,26,7,19,元大-台中,2024-04-22,9812
6161,捷波,20,1,19,元大-台中,2024-04-22,9812
2317,鴻海,35,17,18,元大-台中,2024-04-22,9812
2637,慧洋-KY,29,11,18,元大-台中,2024-04-22,9812
2867,三商壽,20,3,17,元大-台中,2024-04-22,9812
1903,士紙,26,9,17,元大-台中,2024-04-22,9812
2409,友達,41,24,17,元大-台中,2024-04-22,9812
2330,台積電,28,13,15,元大-台中,2024-04-22,9812
00688L,國泰20年美債正2,15,0,15,元大-台中,2024-04-22,9812
5515,建國,44,29,15,元大-台中,2024-04-22,9812
2427,三商電,17,3,14,元大-台中,2024-04-22,9812
00687B,國泰20年美債,14,0,14,元大-台中,2024-04-22,9812
8210,勤誠,16,2,14,元大-台中,2024-04-22,9812
00763U,期街口道瓊銅,14,0,14,元大-台中,2024-04-22,9812
8110,華東,13,0,13,元大-台中,2024-04-22,9812
00720B,元大投資級公司債,12,0,12,元大-台中,2024-04-22,9812
3265,台星科,12,0,12,元大-台中,2024-04-22,9812
4933,友輝,12,0,12,元大-台中,2024-04-22,9812
2363,矽統,22,11,11,元大-台中,2024-04-22,9812
00715L,期街口布蘭特正2,11,0,11,元大-台中,2024-04-22,9812
2382,廣達,24,13,11,元大-台中,2024-04-22,9812
6215,和椿,301,2,299,元大-台中,2024-04-23,9812
00929,復華台灣科技優息,116,0,116,元大-台中,2024-04-23,9812
00940,元大台灣價值高息,159,72,87,元大-台中,2024-04-23,9812
2515,中工,138,73,65,元大-台中,2024-04-23,9812
5533,皇鼎,59,6,53,元大-台中,2024-04-23,9812
2371,大同,251,198,53,元大-台中,2024-04-23,9812
9105,泰金寶-DR,50,0,50,元大-台中,2024-04-23,9812
6016,康和證,50,0,50,元大-台中,2024-04-23,9812
5512,力麒,83,35,48,元大-台中,2024-04-23,9812
00632R,元大台灣50反1,52,5,47,元大-台中,2024-04-23,9812
00919,群益台灣精選高息,38,0,38,元大-台中,2024-04-23,9812
2547,日勝生,33,4,29,元大-台中,2024-04-23,9812
2009,第一銅,51,24,27,元大-台中,2024-04-23,9812
1810,和成,22,0,22,元大-台中,2024-04-23,9812
2303,聯電,26,6,20,元大-台中,2024-04-23,9812
2511,太子,19,0,19,元大-台中,2024-04-23,9812
2107,厚生,20,1,19,元大-台中,2024-04-23,9812
1612,宏泰,21,4,17,元大-台中,2024-04-23,9812
6284,佳邦,16,0,16,元大-台中,2024-04-23,9812
3708,上緯投控,32,16,16,元大-台中,2024-04-23,9812
2344,華邦電,18,3,15,元大-台中,2024-04-23,9812
3664,安瑞-KY,15,0,15,元大-台中,2024-04-23,9812
0056,元大高股息,22,7,15,元大-台中,2024-04-23,9812
2903,遠百,17,2,15,元大-台中,2024-04-23,9812
2301,光寶科,24,9,15,元大-台中,2024-04-23,9812
00878,國泰永續高股息,17,3,14,元大-台中,2024-04-23,9812
3715,定穎投控,16,2,14,元大-台中,2024-04-23,9812
4746,台耀,14,0,14,元大-台中,2024-04-23,9812
2603,長榮,14,1,13,元大-台中,2024-04-23,9812
00935,野村臺灣新科技50,13,1,12,元大-台中,2024-04-23,9812
3711,日月光投控,12,0,12,元大-台中,2024-04-23,9812
00646,元大S＆P500,12,0,12,元大-台中,2024-04-23,9812
2852,第一保,12,0,12,元大-台中,2024-04-23,9812
8409,商之器,12,0,12,元大-台中,2024-04-23,9812
1440,南紡,24,12,12,元大-台中,2024-04-23,9812
6191,精成科,11,0,11,元大-台中,2024-04-23,9812
6547,高端疫苗,10,0,10,元大-台中,2024-04-23,9812
1605,華新,16,7,9,元大-台中,2024-04-23,9812
2317,鴻海,28,19,9,元大-台中,2024-04-23,9812
6177,達麗,12,3,9,元大-台中,2024-04-23,9812
5251,天鉞電,10,1,9,元大-台中,2024-04-23,9812
4743,合一,13,4,9,元大-台中,2024-04-23,9812
8110,華東,11,2,9,元大-台中,2024-04-23,9812
3027,盛達,10,1,9,元大-台中,2024-04-23,9812
3703,欣陸,14,5,9,元大-台中,2024-04-23,9812
006208,富邦台50,9,0,9,元大-台中,2024-04-23,9812
00941,中信上游半導體,12,4,8,元大-台中,2024-04-23,9812
1310,台苯,8,0,8,元大-台中,2024-04-23,9812
5534,長虹,9,1,8,元大-台中,2024-04-23,9812
2449,京元電子,33,25,8,元大-台中,2024-04-23,9812
00632R,元大台灣50反1,2489,238,2251,元大-台中,2024-04-24,9812
00940,元大台灣價值高息,380,122,258,元大-台中,2024-04-24,9812
00885,富邦越南,204,0,204,元大-台中,2024-04-24,9812
2303,聯電,228,35,193,元大-台中,2024-04-24,9812
2359,所羅門,176,0,176,元大-台中,2024-04-24,9812
3231,緯創,187,67,120,元大-台中,2024-04-24,9812
9902,台火,85,1,84,元大-台中,2024-04-24,9812
3037,欣興,151,80,71,元大-台中,2024-04-24,9812
00687B,國泰20年美債,74,4,70,元大-台中,2024-04-24,9812
00937B,群益ESG投等債20,76,7,69,元大-台中,2024-04-24,9812
1618,合機,103,50,53,元大-台中,2024-04-24,9812
6462,神盾,55,4,51,元大-台中,2024-04-24,9812
2427,三商電,50,5,45,元大-台中,2024-04-24,9812
00680L,元大美債20正2,45,0,45,元大-台中,2024-04-24,9812
8210,勤誠,66,21,45,元大-台中,2024-04-24,9812
1808,潤隆,43,1,42,元大-台中,2024-04-24,9812
3481,群創,46,4,42,元大-台中,2024-04-24,9812
2374,佳能,73,33,40,元大-台中,2024-04-24,9812
00929,復華台灣科技優息,42,7,35,元大-台中,2024-04-24,9812
3312,弘憶股,38,4,34,元大-台中,2024-04-24,9812
1216,統一,31,0,31,元大-台中,2024-04-24,9812
00935,野村臺灣新科技50,31,1,30,元大-台中,2024-04-24,9812
3027,盛達,35,8,27,元大-台中,2024-04-24,9812
00864B,中信美國公債0-1,26,0,26,元大-台中,2024-04-24,9812
4714,永捷,30,5,25,元大-台中,2024-04-24,9812
6789,采鈺,25,0,25,元大-台中,2024-04-24,9812
1605,華新,29,7,22,元大-台中,2024-04-24,9812
2610,華航,92,71,21,元大-台中,2024-04-24,9812
2867,三商壽,17,0,17,元大-台中,2024-04-24,9812
3230,錦明,17,0,17,元大-台中,2024-04-24,9812
2108,南帝,15,0,15,元大-台中,2024-04-24,9812
00878,國泰永續高股息,18,3,15,元大-台中,2024-04-24,9812
0056,元大高股息,21,7,14,元大-台中,2024-04-24,9812
2105,正新,18,4,14,元大-台中,2024-04-24,9812
1455,集盛,15,2,13,元大-台中,2024-04-24,9812
5511,德昌,22,9,13,元大-台中,2024-04-24,9812
5533,皇鼎,12,0,12,元大-台中,2024-04-24,9812
3483,力致,12,0,12,元大-台中,2024-04-24,9812
00751B,元大AAA至A公司債,13,2,11,元大-台中,2024-04-24,9812
3706,神達,16,5,11,元大-台中,2024-04-24,9812
2886,兆豐金,11,0,11,元大-台中,2024-04-24,9812
2596,綠意,10,0,10,元大-台中,2024-04-24,9812
2887Z1,台新己特,10,0,10,元大-台中,2024-04-24,9812
2852,第一保,10,0,10,元大-台中,2024-04-24,9812
1303,南亞,10,0,10,元大-台中,2024-04-24,9812
3167,大量,10,0,10,元大-台中,2024-04-24,9812
8271,宇瞻,12,2,10,元大-台中,2024-04-24,9812
8092,建暐,15,5,10,元大-台中,2024-04-24,9812
8936,國統,26,16,10,元大-台中,2024-04-24,9812
8183,精星,29,20,9,元大-台中,2024-04-24,9812
2241,艾姆勒,1006,506,500,元大-台中,2024-04-25,9812
2867,三商壽,500,5,495,元大-台中,2024-04-25,9812
1784,訊聯,216,0,216,元大-台中,2024-04-25,9812
2505,國揚,173,5,168,元大-台中,2024-04-25,9812
00706L,期元大S＆P日圓正2,133,0,133,元大-台中,2024-04-25,9812
00937B,群益ESG投等債20,98,0,98,元大-台中,2024-04-25,9812
2449,京元電子,97,5,92,元大-台中,2024-04-25,9812
00929,復華台灣科技優息,89,12,77,元大-台中,2024-04-25,9812
6770,力積電,75,8,67,元大-台中,2024-04-25,9812
2317,鴻海,91,25,66,元大-台中,2024-04-25,9812
2412,中華電,61,0,61,元大-台中,2024-04-25,9812
2618,長榮航,344,288,56,元大-台中,2024-04-25,9812
00878,國泰永續高股息,58,10,48,元大-台中,2024-04-25,9812
00940,元大台灣價值高息,87,40,47,元大-台中,2024-04-25,9812
2888,新光金,46,15,31,元大-台中,2024-04-25,9812
2903,遠百,30,0,30,元大-台中,2024-04-25,9812
00752,中信中國50,28,0,28,元大-台中,2024-04-25,9812
4716,大立,39,13,26,元大-台中,2024-04-25,9812
2501,國建,135,111,24,元大-台中,2024-04-25,9812
8936,國統,35,12,23,元大-台中,2024-04-25,9812
4534,慶騰,23,0,23,元大-台中,2024-04-25,9812
2506,太設,24,1,23,元大-台中,2024-04-25,9812
5206,坤悅,22,0,22,元大-台中,2024-04-25,9812
2801,彰銀,22,0,22,元大-台中,2024-04-25,9812
00923,群益台ESG低碳50,21,0,21,元大-台中,2024-04-25,9812
2371,大同,106,87,19,元大-台中,2024-04-25,9812
8926,台汽電,19,0,19,元大-台中,2024-04-25,9812
1809,中釉,30,12,18,元大-台中,2024-04-25,9812
2368,金像電,18,1,17,元大-台中,2024-04-25,9812
00892,富邦台灣半導體,17,1,16,元大-台中,2024-04-25,9812
2330,台積電,19,3,16,元大-台中,2024-04-25,9812
3338,泰碩,48,32,16,元大-台中,2024-04-25,9812
2748,雲品,17,1,16,元大-台中,2024-04-25,9812
0056,元大高股息,27,11,16,元大-台中,2024-04-25,9812
2617,台航,16,0,16,元大-台中,2024-04-25,9812
1536,和大,15,0,15,元大-台中,2024-04-25,9812
8089,康全電訊,24,9,15,元大-台中,2024-04-25,9812
1101,台泥,15,1,14,元大-台中,2024-04-25,9812
6491,晶碩,15,1,14,元大-台中,2024-04-25,9812
00688L,國泰20年美債正2,14,0,14,元大-台中,2024-04-25,9812
2461,光群雷,23,9,14,元大-台中,2024-04-25,9812
00933B,國泰10Y+金融債,14,0,14,元大-台中,2024-04-25,9812
00757,統一FANG+,13,0,13,元大-台中,2024-04-25,9812
3081,聯亞,16,3,13,元大-台中,2024-04-25,9812
1605,華新,16,3,13,元大-台中,2024-04-25,9812
00795B,中信美國公債20年,13,0,13,元大-台中,2024-04-25,9812
6207,雷科,18,5,13,元大-台中,2024-04-25,9812
00939,統一台灣高息動能,13,0,13,元大-台中,2024-04-25,9812
2489,瑞軒,12,0,12,元大-台中,2024-04-25,9812
2363,矽統,15,3,12,元大-台中,2024-04-25,9812
00632R,元大台灣50反1,2098,0,2098,元大-台中,2024-04-26,9812
4909,新復興,203,4,199,元大-台中,2024-04-26,9812
2880,華南金,135,0,135,元大-台中,2024-04-26,9812
00937B,群益ESG投等債20,112,0,112,元大-台中,2024-04-26,9812
2101,南港,260,151,109,元大-台中,2024-04-26,9812
00885,富邦越南,101,0,101,元大-台中,2024-04-26,9812
00878,國泰永續高股息,62,1,61,元大-台中,2024-04-26,9812
3481,群創,107,52,55,元大-台中,2024-04-26,9812
00679B,元大美債20年,48,0,48,元大-台中,2024-04-26,9812
2852,第一保,42,0,42,元大-台中,2024-04-26,9812
00850,元大臺灣ESG永續,41,0,41,元大-台中,2024-04-26,9812
00680L,元大美債20正2,41,0,41,元大-台中,2024-04-26,9812
00919,群益台灣精選高息,41,9,32,元大-台中,2024-04-26,9812
2371,大同,205,173,32,元大-台中,2024-04-26,9812
2359,所羅門,81,50,31,元大-台中,2024-04-26,9812
00905,FT臺灣Smart,30,0,30,元大-台中,2024-04-26,9812
2316,楠梓電,32,3,29,元大-台中,2024-04-26,9812
3563,牧德,36,7,29,元大-台中,2024-04-26,9812
3706,神達,30,3,27,元大-台中,2024-04-26,9812
2705,六福,27,1,26,元大-台中,2024-04-26,9812
00687B,國泰20年美債,30,5,25,元大-台中,2024-04-26,9812
3686,達能,25,0,25,元大-台中,2024-04-26,9812
2545,皇翔,24,0,24,元大-台中,2024-04-26,9812
00929,復華台灣科技優息,43,20,23,元大-台中,2024-04-26,9812
2241,艾姆勒,33,11,22,元大-台中,2024-04-26,9812
4716,大立,25,3,22,元大-台中,2024-04-26,9812
1459,聯發,20,0,20,元大-台中,2024-04-26,9812
5452,佶優,20,0,20,元大-台中,2024-04-26,9812
2891,中信金,23,3,20,元大-台中,2024-04-26,9812
9802,鈺齊-KY,20,0,20,元大-台中,2024-04-26,9812
2023,燁輝,19,0,19,元大-台中,2024-04-26,9812
00720B,元大投資級公司債,18,0,18,元大-台中,2024-04-26,9812
2382,廣達,62,45,17,元大-台中,2024-04-26,9812
00864B,中信美國公債0-1,15,0,15,元大-台中,2024-04-26,9812
1504,東元,108,94,14,元大-台中,2024-04-26,9812
2464,盟立,43,31,12,元大-台中,2024-04-26,9812
4958,臻鼎-KY,12,0,12,元大-台中,2024-04-26,9812
3030,德律,19,7,12,元大-台中,2024-04-26,9812
3037,欣興,13,1,12,元大-台中,2024-04-26,9812
2887,台新金,11,0,11,元大-台中,2024-04-26,9812
8261,富鼎,11,0,11,元大-台中,2024-04-26,9812
2630,亞航,14,3,11,元大-台中,2024-04-26,9812
3714,富采,12,1,11,元大-台中,2024-04-26,9812
1905,華紙,11,0,11,元大-台中,2024-04-26,9812
00751B,元大AAA至A公司債,11,1,10,元大-台中,2024-04-26,9812
2883,凱基金,14,4,10,元大-台中,2024-04-26,9812
2506,太設,13,3,10,元大-台中,2024-04-26,9812
1460,宏遠,10,0,10,元大-台中,2024-04-26,9812
1445,大宇,10,0,10,元大-台中,2024-04-26,9812
3294,英濟,10,0,10,元大-台中,2024-04-26,9812
00632R,元大台灣50反1,512,1,511,元大-台中,2024-04-29,9812
2323,中環,175,19,156,元大-台中,2024-04-29,9812
2363,矽統,206,102,104,元大-台中,2024-04-29,9812
2618,長榮航,755,662,93,元大-台中,2024-04-29,9812
2371,大同,146,58,88,元大-台中,2024-04-29,9812
2515,中工,281,208,73,元大-台中,2024-04-29,9812
2881,富邦金,70,3,67,元大-台中,2024-04-29,9812
1316,上曜,78,26,52,元大-台中,2024-04-29,9812
6770,力積電,61,18,43,元大-台中,2024-04-29,9812
2331,精英,41,0,41,元大-台中,2024-04-29,9812
00753L,中信中國50正2,90,50,40,元大-台中,2024-04-29,9812
2354,鴻準,44,12,32,元大-台中,2024-04-29,9812
8064,東捷,71,44,27,元大-台中,2024-04-29,9812
2609,陽明,224,197,27,元大-台中,2024-04-29,9812
00650L,復華香港正2,26,1,25,元大-台中,2024-04-29,9812
1725,元禎,23,0,23,元大-台中,2024-04-29,9812
2369,菱生,20,0,20,元大-台中,2024-04-29,9812
1802,台玻,20,0,20,元大-台中,2024-04-29,9812
00935,野村臺灣新科技50,20,0,20,元大-台中,2024-04-29,9812
006208,富邦台50,20,1,19,元大-台中,2024-04-29,9812
6215,和椿,26,8,18,元大-台中,2024-04-29,9812
2607,榮運,57,39,18,元大-台中,2024-04-29,9812
6180,橘子,18,0,18,元大-台中,2024-04-29,9812
2356,英業達,23,5,18,元大-台中,2024-04-29,9812
00706L,期元大S＆P日圓正2,20,3,17,元大-台中,2024-04-29,9812
3706,神達,21,4,17,元大-台中,2024-04-29,9812
5230,雷笛克光學,122,106,16,元大-台中,2024-04-29,9812
1409,新纖,22,6,16,元大-台中,2024-04-29,9812
2852,第一保,15,0,15,元大-台中,2024-04-29,9812
8028,昇陽半導體,15,0,15,元大-台中,2024-04-29,9812
8027,鈦昇,16,1,15,元大-台中,2024-04-29,9812
2739,寒舍,32,18,14,元大-台中,2024-04-29,9812
6863,永道-KY,14,0,14,元大-台中,2024-04-29,9812
2014,中鴻,14,0,14,元大-台中,2024-04-29,9812
8110,華東,18,4,14,元大-台中,2024-04-29,9812
2801,彰銀,15,1,14,元大-台中,2024-04-29,9812
2409,友達,39,26,13,元大-台中,2024-04-29,9812
9907,統一實,13,0,13,元大-台中,2024-04-29,9812
00679B,元大美債20年,19,7,12,元大-台中,2024-04-29,9812
3030,德律,13,1,12,元大-台中,2024-04-29,9812
00929,復華台灣科技優息,26,14,12,元大-台中,2024-04-29,9812
2303,聯電,22,10,12,元大-台中,2024-04-29,9812
0056,元大高股息,19,7,12,元大-台中,2024-04-29,9812
2504,國產,28,17,11,元大-台中,2024-04-29,9812
00665L,富邦�琤肭磪囓�2,11,0,11,元大-台中,2024-04-29,9812
2359,所羅門,31,21,10,元大-台中,2024-04-29,9812
1513,中興電,22,12,10,元大-台中,2024-04-29,9812
8215,明基材,10,0,10,元大-台中,2024-04-29,9812
2483,百容,10,0,10,元大-台中,2024-04-29,9812
1710,東聯,10,0,10,元大-台中,2024-04-29,9812
2888,新光金,386,19,367,元大-台中,2024-04-30,9812
2867,三商壽,337,0,337,元大-台中,2024-04-30,9812
5533,皇鼎,120,0,120,元大-台中,2024-04-30,9812
2801,彰銀,81,0,81,元大-台中,2024-04-30,9812
1316,上曜,113,51,62,元大-台中,2024-04-30,9812
4721,美琪瑪,61,1,60,元大-台中,2024-04-30,9812
2317,鴻海,72,17,55,元大-台中,2024-04-30,9812
00637L,元大滬深300正2,74,20,54,元大-台中,2024-04-30,9812
2534,宏盛,50,0,50,元大-台中,2024-04-30,9812
2515,中工,161,115,46,元大-台中,2024-04-30,9812
2880,華南金,46,1,45,元大-台中,2024-04-30,9812
00632R,元大台灣50反1,42,1,41,元大-台中,2024-04-30,9812
00915,凱基優選高股息30,51,17,34,元大-台中,2024-04-30,9812
2611,志信,57,23,34,元大-台中,2024-04-30,9812
1314,中石化,290,257,33,元大-台中,2024-04-30,9812
00940,元大台灣價值高息,39,8,31,元大-台中,2024-04-30,9812
2881,富邦金,30,1,29,元大-台中,2024-04-30,9812
2371,大同,159,131,28,元大-台中,2024-04-30,9812
2618,長榮航,194,166,28,元大-台中,2024-04-30,9812
2506,太設,27,0,27,元大-台中,2024-04-30,9812
2609,陽明,192,167,25,元大-台中,2024-04-30,9812
00937B,群益ESG投等債20,24,1,23,元大-台中,2024-04-30,9812
5608,四維航,32,10,22,元大-台中,2024-04-30,9812
6668,中揚光,25,4,21,元大-台中,2024-04-30,9812
2367,燿華,20,0,20,元大-台中,2024-04-30,9812
8996,高力,356,338,18,元大-台中,2024-04-30,9812
8234,新漢,18,0,18,元大-台中,2024-04-30,9812
9945,潤泰新,54,37,17,元大-台中,2024-04-30,9812
8088,品安,21,4,17,元大-台中,2024-04-30,9812
2501,國建,135,118,17,元大-台中,2024-04-30,9812
1532,勤美,19,3,16,元大-台中,2024-04-30,9812
3512,皇龍,16,1,15,元大-台中,2024-04-30,9812
3234,光環,16,1,15,元大-台中,2024-04-30,9812
00650L,復華香港正2,14,0,14,元大-台中,2024-04-30,9812
4127,天良,25,11,14,元大-台中,2024-04-30,9812
00753L,中信中國50正2,14,0,14,元大-台中,2024-04-30,9812
00939,統一台灣高息動能,13,0,13,元大-台中,2024-04-30,9812
6770,力積電,60,47,13,元大-台中,2024-04-30,9812
2363,矽統,81,68,13,元大-台中,2024-04-30,9812
3052,夆典,12,0,12,元大-台中,2024-04-30,9812
5864,致和證,11,0,11,元大-台中,2024-04-30,9812
3552,同致,15,4,11,元大-台中,2024-04-30,9812
3615,安可,11,0,11,元大-台中,2024-04-30,9812
2498,宏達電,11,0,11,元大-台中,2024-04-30,9812
2845,遠東銀,11,0,11,元大-台中,2024-04-30,9812
00941,中信上游半導體,10,0,10,元大-台中,2024-04-30,9812
3548,兆利,11,1,10,元大-台中,2024-04-30,9812
8215,明基材,10,0,10,元大-台中,2024-04-30,9812
00857B,永豐20年美公債,10,0,10,元大-台中,2024-04-30,9812
2897,王道銀行,10,0,10,元大-台中,2024-04-30,9812
2834,臺企銀,603,4,599,元大-台中,2024-05-02,9812
5009,榮剛,366,85,281,元大-台中,2024-05-02,9812
2801,彰銀,110,0,110,元大-台中,2024-05-02,9812
00878,國泰永續高股息,111,2,109,元大-台中,2024-05-02,9812
8906,花王,101,1,100,元大-台中,2024-05-02,9812
5512,力麒,130,42,88,元大-台中,2024-05-02,9812
1316,上曜,98,23,75,元大-台中,2024-05-02,9812
1314,中石化,113,41,72,元大-台中,2024-05-02,9812
00632R,元大台灣50反1,62,0,62,元大-台中,2024-05-02,9812
3481,群創,108,47,61,元大-台中,2024-05-02,9812
00688L,國泰20年美債正2,50,0,50,元大-台中,2024-05-02,9812
00940,元大台灣價值高息,75,28,47,元大-台中,2024-05-02,9812
2883,凱基金,47,2,45,元大-台中,2024-05-02,9812
00929,復華台灣科技優息,47,3,44,元大-台中,2024-05-02,9812
9105,泰金寶-DR,43,0,43,元大-台中,2024-05-02,9812
2615,萬海,90,54,36,元大-台中,2024-05-02,9812
2880,華南金,35,3,32,元大-台中,2024-05-02,9812
6112,邁達特,38,6,32,元大-台中,2024-05-02,9812
00923,群益台ESG低碳50,30,0,30,元大-台中,2024-05-02,9812
2705,六福,29,1,28,元大-台中,2024-05-02,9812
2891,中信金,28,1,27,元大-台中,2024-05-02,9812
4155,訊映,26,0,26,元大-台中,2024-05-02,9812
4127,天良,34,9,25,元大-台中,2024-05-02,9812
00752,中信中國50,25,0,25,元大-台中,2024-05-02,9812
1442,名軒,21,0,21,元大-台中,2024-05-02,9812
4714,永捷,23,2,21,元大-台中,2024-05-02,9812
00937B,群益ESG投等債20,40,20,20,元大-台中,2024-05-02,9812
5371,中光電,39,20,19,元大-台中,2024-05-02,9812
2545,皇翔,21,2,19,元大-台中,2024-05-02,9812
1445,大宇,18,0,18,元大-台中,2024-05-02,9812
8064,東捷,24,7,17,元大-台中,2024-05-02,9812
2852,第一保,26,10,16,元大-台中,2024-05-02,9812
00936,台新永續高息中小,17,1,16,元大-台中,2024-05-02,9812
1605,華新,22,6,16,元大-台中,2024-05-02,9812
3715,定穎投控,42,26,16,元大-台中,2024-05-02,9812
2359,所羅門,30,15,15,元大-台中,2024-05-02,9812
4526,東台,16,1,15,元大-台中,2024-05-02,9812
1108,幸福,20,5,15,元大-台中,2024-05-02,9812
2009,第一銅,22,7,15,元大-台中,2024-05-02,9812
00919,群益台灣精選高息,30,16,14,元大-台中,2024-05-02,9812
2401,凌陽,24,11,13,元大-台中,2024-05-02,9812
2201,裕隆,15,3,12,元大-台中,2024-05-02,9812
2536,宏普,12,0,12,元大-台中,2024-05-02,9812
2449,京元電子,14,2,12,元大-台中,2024-05-02,9812
2330,台積電,18,7,11,元大-台中,2024-05-02,9812
1909,榮成,11,0,11,元大-台中,2024-05-02,9812
1809,中釉,11,0,11,元大-台中,2024-05-02,9812
2617,台航,11,0,11,元大-台中,2024-05-02,9812
1609,大亞,50,39,11,元大-台中,2024-05-02,9812
2897,王道銀行,10,0,10,元大-台中,2024-05-02,9812
2002,中鋼,205,2,203,元大-台中,2024-05-03,9812
4967,十銓,174,12,162,元大-台中,2024-05-03,9812
00885,富邦越南,181,40,141,元大-台中,2024-05-03,9812
9907,統一實,110,2,108,元大-台中,2024-05-03,9812
00632R,元大台灣50反1,101,0,101,元大-台中,2024-05-03,9812
00937B,群益ESG投等債20,88,6,82,元大-台中,2024-05-03,9812
2486,一詮,88,26,62,元大-台中,2024-05-03,9812
2887,台新金,119,60,59,元大-台中,2024-05-03,9812
6770,力積電,1056,1002,54,元大-台中,2024-05-03,9812
00752,中信中國50,52,0,52,元大-台中,2024-05-03,9812
2534,宏盛,48,0,48,元大-台中,2024-05-03,9812
1815,富喬,62,21,41,元大-台中,2024-05-03,9812
6120,達運,45,5,40,元大-台中,2024-05-03,9812
00715L,期街口布蘭特正2,36,0,36,元大-台中,2024-05-03,9812
2449,京元電子,47,13,34,元大-台中,2024-05-03,9812
1314,中石化,43,10,33,元大-台中,2024-05-03,9812
6170,統振,35,5,30,元大-台中,2024-05-03,9812
1808,潤隆,30,0,30,元大-台中,2024-05-03,9812
5328,華容,30,0,30,元大-台中,2024-05-03,9812
8906,花王,31,2,29,元大-台中,2024-05-03,9812
6230,尼得科超眾,30,1,29,元大-台中,2024-05-03,9812
2884,玉山金,29,0,29,元大-台中,2024-05-03,9812
00919,群益台灣精選高息,31,3,28,元大-台中,2024-05-03,9812
00878,國泰永續高股息,48,23,25,元大-台中,2024-05-03,9812
00637L,元大滬深300正2,46,21,25,元大-台中,2024-05-03,9812
6274,台燿,36,11,25,元大-台中,2024-05-03,9812
8936,國統,27,3,24,元大-台中,2024-05-03,9812
3231,緯創,38,14,24,元大-台中,2024-05-03,9812
5483,中美晶,21,0,21,元大-台中,2024-05-03,9812
6552,易華電,23,2,21,元大-台中,2024-05-03,9812
2504,國產,23,2,21,元大-台中,2024-05-03,9812
00679B,元大美債20年,25,5,20,元大-台中,2024-05-03,9812
00706L,期元大S＆P日圓正2,20,0,20,元大-台中,2024-05-03,9812
3631,晟楠,20,0,20,元大-台中,2024-05-03,9812
9945,潤泰新,106,86,20,元大-台中,2024-05-03,9812
2617,台航,19,0,19,元大-台中,2024-05-03,9812
8064,東捷,38,19,19,元大-台中,2024-05-03,9812
6188,廣明,23,5,18,元大-台中,2024-05-03,9812
00929,復華台灣科技優息,31,13,18,元大-台中,2024-05-03,9812
2633,台灣高鐵,17,0,17,元大-台中,2024-05-03,9812
8112,至上,28,13,15,元大-台中,2024-05-03,9812
1532,勤美,36,22,14,元大-台中,2024-05-03,9812
1514,亞力,36,22,14,元大-台中,2024-05-03,9812
2537,聯上發,22,8,14,元大-台中,2024-05-03,9812
6207,雷科,27,14,13,元大-台中,2024-05-03,9812
2367,燿華,25,13,12,元大-台中,2024-05-03,9812
4533,協易機,27,15,12,元大-台中,2024-05-03,9812
1611,中電,12,0,12,元大-台中,2024-05-03,9812
5531,鄉林,82,70,12,元大-台中,2024-05-03,9812
2066,世德,11,0,11,元大-台中,2024-05-03,9812
3013,晟銘電,522,39,483,元大-台中,2024-05-06,9812
2472,立隆電,200,4,196,元大-台中,2024-05-06,9812
00931B,統一美債20年,150,0,150,元大-台中,2024-05-06,9812
4923,力士,102,0,102,元大-台中,2024-05-06,9812
6770,力積電,113,11,102,元大-台中,2024-05-06,9812
6584,南俊國際,104,4,100,元大-台中,2024-05-06,9812
2537,聯上發,146,52,94,元大-台中,2024-05-06,9812
00885,富邦越南,82,0,82,元大-台中,2024-05-06,9812
2353,宏��,126,54,72,元大-台中,2024-05-06,9812
2101,南港,86,17,69,元大-台中,2024-05-06,9812
00637L,元大滬深300正2,96,32,64,元大-台中,2024-05-06,9812
00720B,元大投資級公司債,55,0,55,元大-台中,2024-05-06,9812
3036,文曄,52,0,52,元大-台中,2024-05-06,9812
1605,華新,73,24,49,元大-台中,2024-05-06,9812
2615,萬海,46,2,44,元大-台中,2024-05-06,9812
1440,南紡,40,0,40,元大-台中,2024-05-06,9812
2618,長榮航,172,136,36,元大-台中,2024-05-06,9812
2889,國票金,60,25,35,元大-台中,2024-05-06,9812
2449,京元電子,45,11,34,元大-台中,2024-05-06,9812
00664R,國泰臺灣加權反1,30,0,30,元大-台中,2024-05-06,9812
3576,聯合再生,31,1,30,元大-台中,2024-05-06,9812
1587,吉茂,30,1,29,元大-台中,2024-05-06,9812
00937B,群益ESG投等債20,27,1,26,元大-台中,2024-05-06,9812
00753L,中信中國50正2,25,0,25,元大-台中,2024-05-06,9812
1314,中石化,146,122,24,元大-台中,2024-05-06,9812
4533,協易機,33,10,23,元大-台中,2024-05-06,9812
2834,臺企銀,83,60,23,元大-台中,2024-05-06,9812
2337,旺宏,23,2,21,元大-台中,2024-05-06,9812
2538,基泰,47,27,20,元大-台中,2024-05-06,9812
1717,長興,20,0,20,元大-台中,2024-05-06,9812
6230,尼得科超眾,20,0,20,元大-台中,2024-05-06,9812
2923,鼎固-KY,20,0,20,元大-台中,2024-05-06,9812
6668,中揚光,22,2,20,元大-台中,2024-05-06,9812
2501,國建,48,29,19,元大-台中,2024-05-06,9812
00882,中信中國高股息,25,8,17,元大-台中,2024-05-06,9812
2329,華泰,18,1,17,元大-台中,2024-05-06,9812
00679B,元大美債20年,31,15,16,元大-台中,2024-05-06,9812
00929,復華台灣科技優息,18,2,16,元大-台中,2024-05-06,9812
00680L,元大美債20正2,18,2,16,元大-台中,2024-05-06,9812
00795B,中信美國公債20年,15,0,15,元大-台中,2024-05-06,9812
1808,潤隆,21,6,15,元大-台中,2024-05-06,9812
2406,國碩,15,0,15,元大-台中,2024-05-06,9812
2543,皇昌,26,11,15,元大-台中,2024-05-06,9812
2352,佳世達,18,3,15,元大-台中,2024-05-06,9812
6182,合晶,15,0,15,元大-台中,2024-05-06,9812
3313,斐成,14,0,14,元大-台中,2024-05-06,9812
2359,所羅門,21,7,14,元大-台中,2024-05-06,9812
6451,訊芯-KY,51,38,13,元大-台中,2024-05-06,9812
2836,高雄銀,13,0,13,元大-台中,2024-05-06,9812
2363,矽統,70,57,13,元大-台中,2024-05-06,9812
2374,佳能,440,66,374,元大-台中,2024-05-07,9812
2885,元大金,210,23,187,元大-台中,2024-05-07,9812
5230,雷笛克光學,132,0,132,元大-台中,2024-05-07,9812
2888,新光金,128,8,120,元大-台中,2024-05-07,9812
8210,勤誠,127,28,99,元大-台中,2024-05-07,9812
1314,中石化,84,2,82,元大-台中,2024-05-07,9812
00632R,元大台灣50反1,66,0,66,元大-台中,2024-05-07,9812
00937B,群益ESG投等債20,67,2,65,元大-台中,2024-05-07,9812
3576,聯合再生,63,0,63,元大-台中,2024-05-07,9812
2867,三商壽,62,0,62,元大-台中,2024-05-07,9812
2618,長榮航,328,271,57,元大-台中,2024-05-07,9812
00878,國泰永續高股息,65,14,51,元大-台中,2024-05-07,9812
3036,文曄,51,1,50,元大-台中,2024-05-07,9812
2515,中工,89,42,47,元大-台中,2024-05-07,9812
2488,漢平,51,4,47,元大-台中,2024-05-07,9812
00936,台新永續高息中小,50,5,45,元大-台中,2024-05-07,9812
5521,工信,40,0,40,元大-台中,2024-05-07,9812
3564,其陽,55,18,37,元大-台中,2024-05-07,9812
1609,大亞,69,36,33,元大-台中,2024-05-07,9812
3372,典範,30,0,30,元大-台中,2024-05-07,9812
00753L,中信中國50正2,137,107,30,元大-台中,2024-05-07,9812
00940,元大台灣價值高息,79,50,29,元大-台中,2024-05-07,9812
1440,南紡,27,0,27,元大-台中,2024-05-07,9812
2524,京城,33,8,25,元大-台中,2024-05-07,9812
1815,富喬,50,25,25,元大-台中,2024-05-07,9812
1805,寶徠,23,0,23,元大-台中,2024-05-07,9812
4960,誠美材,20,0,20,元大-台中,2024-05-07,9812
00671R,富邦NASDAQ反1,20,0,20,元大-台中,2024-05-07,9812
2489,瑞軒,20,0,20,元大-台中,2024-05-07,9812
6442,光聖,44,25,19,元大-台中,2024-05-07,9812
2889,國票金,30,12,18,元大-台中,2024-05-07,9812
2880,華南金,36,19,17,元大-台中,2024-05-07,9812
3363,上詮,45,28,17,元大-台中,2024-05-07,9812
2851,中再保,17,0,17,元大-台中,2024-05-07,9812
00900,富邦特選高股息30,18,1,17,元大-台中,2024-05-07,9812
1587,吉茂,32,15,17,元大-台中,2024-05-07,9812
2344,華邦電,21,5,16,元大-台中,2024-05-07,9812
2464,盟立,53,37,16,元大-台中,2024-05-07,9812
3481,群創,47,31,16,元大-台中,2024-05-07,9812
3033,威健,33,18,15,元大-台中,2024-05-07,9812
2643,捷迅,15,0,15,元大-台中,2024-05-07,9812
5864,致和證,15,0,15,元大-台中,2024-05-07,9812
00932,兆豐永續高息等權,15,0,15,元大-台中,2024-05-07,9812
2615,萬海,26,11,15,元大-台中,2024-05-07,9812
1608,華榮,48,34,14,元大-台中,2024-05-07,9812
1442,名軒,17,3,14,元大-台中,2024-05-07,9812
2486,一詮,433,419,14,元大-台中,2024-05-07,9812
00930,永豐ESG低碳高息,12,0,12,元大-台中,2024-05-07,9812
2409,友達,12,0,12,元大-台中,2024-05-07,9812
00929,復華台灣科技優息,17,5,12,元大-台中,2024-05-07,9812
2363,矽統,294,65,229,元大-台中,2024-05-08,9812
3036,文曄,216,0,216,元大-台中,2024-05-08,9812
2486,一詮,309,110,199,元大-台中,2024-05-08,9812
00940,元大台灣價值高息,146,19,127,元大-台中,2024-05-08,9812
5533,皇鼎,120,0,120,元大-台中,2024-05-08,9812
3260,威剛,155,37,118,元大-台中,2024-05-08,9812
00937B,群益ESG投等債20,127,12,115,元大-台中,2024-05-08,9812
2488,漢平,95,0,95,元大-台中,2024-05-08,9812
2883,凱基金,71,0,71,元大-台中,2024-05-08,9812
2371,大同,159,97,62,元大-台中,2024-05-08,9812
1733,五鼎,55,0,55,元大-台中,2024-05-08,9812
2801,彰銀,50,0,50,元大-台中,2024-05-08,9812
8932,智通*,70,30,40,元大-台中,2024-05-08,9812
00885,富邦越南,40,0,40,元大-台中,2024-05-08,9812
00632R,元大台灣50反1,40,0,40,元大-台中,2024-05-08,9812
00929,復華台灣科技優息,51,13,38,元大-台中,2024-05-08,9812
2344,華邦電,35,0,35,元大-台中,2024-05-08,9812
3481,群創,37,2,35,元大-台中,2024-05-08,9812
2609,陽明,138,105,33,元大-台中,2024-05-08,9812
6147,頎邦,31,0,31,元大-台中,2024-05-08,9812
2603,長榮,34,3,31,元大-台中,2024-05-08,9812
1905,華紙,30,0,30,元大-台中,2024-05-08,9812
1453,大將,38,13,25,元大-台中,2024-05-08,9812
3706,神達,23,0,23,元大-台中,2024-05-08,9812
00688L,國泰20年美債正2,23,0,23,元大-台中,2024-05-08,9812
00878,國泰永續高股息,64,41,23,元大-台中,2024-05-08,9812
3686,達能,22,1,21,元大-台中,2024-05-08,9812
5871,中租-KY,30,10,20,元大-台中,2024-05-08,9812
2913,農林,20,0,20,元大-台中,2024-05-08,9812
2329,華泰,28,8,20,元大-台中,2024-05-08,9812
1808,潤隆,23,4,19,元大-台中,2024-05-08,9812
00930,永豐ESG低碳高息,18,0,18,元大-台中,2024-05-08,9812
2107,厚生,18,0,18,元大-台中,2024-05-08,9812
2353,宏��,25,7,18,元大-台中,2024-05-08,9812
2338,光罩,35,18,17,元大-台中,2024-05-08,9812
1440,南紡,16,0,16,元大-台中,2024-05-08,9812
2061,風青,16,1,15,元大-台中,2024-05-08,9812
1303,南亞,14,0,14,元大-台中,2024-05-08,9812
1805,寶徠,14,0,14,元大-台中,2024-05-08,9812
6695,芯鼎,14,0,14,元大-台中,2024-05-08,9812
00919,群益台灣精選高息,33,20,13,元大-台中,2024-05-08,9812
8277,商丞,13,0,13,元大-台中,2024-05-08,9812
00637L,元大滬深300正2,33,20,13,元大-台中,2024-05-08,9812
00753L,中信中國50正2,22,10,12,元大-台中,2024-05-08,9812
2524,京城,14,2,12,元大-台中,2024-05-08,9812
1587,吉茂,35,23,12,元大-台中,2024-05-08,9812
2641,正德,15,3,12,元大-台中,2024-05-08,9812
00932,兆豐永續高息等權,12,0,12,元大-台中,2024-05-08,9812
4967,十銓,46,35,11,元大-台中,2024-05-08,9812
3056,富華新,26,15,11,元大-台中,2024-05-08,9812
2888,新光金,282,66,216,元大-台中,2024-05-09,9812
00929,復華台灣科技優息,173,11,162,元大-台中,2024-05-09,9812
00940,元大台灣價值高息,147,15,132,元大-台中,2024-05-09,9812
2353,宏��,121,3,118,元大-台中,2024-05-09,9812
2488,漢平,120,4,116,元大-台中,2024-05-09,9812
00946,群益科技高息成長,107,0,107,元大-台中,2024-05-09,9812
2109,華豐,70,0,70,元大-台中,2024-05-09,9812
1304,台聚,66,0,66,元大-台中,2024-05-09,9812
6712,長聖,63,0,63,元大-台中,2024-05-09,9812
1101,台泥,62,2,60,元大-台中,2024-05-09,9812
1733,五鼎,55,0,55,元大-台中,2024-05-09,9812
1721,三晃,83,34,49,元大-台中,2024-05-09,9812
2801,彰銀,50,6,44,元大-台中,2024-05-09,9812
6151,晉倫,43,0,43,元大-台中,2024-05-09,9812
1605,華新,44,3,41,元大-台中,2024-05-09,9812
1314,中石化,40,0,40,元大-台中,2024-05-09,9812
2344,華邦電,42,3,39,元大-台中,2024-05-09,9812
5533,皇鼎,40,1,39,元大-台中,2024-05-09,9812
3356,奇偶,38,4,34,元大-台中,2024-05-09,9812
8996,高力,41,10,31,元大-台中,2024-05-09,9812
00937B,群益ESG投等債20,33,3,30,元大-台中,2024-05-09,9812
00944,野村趨勢動能高息,30,0,30,元大-台中,2024-05-09,9812
1584,精剛,30,0,30,元大-台中,2024-05-09,9812
1806,冠軍,30,0,30,元大-台中,2024-05-09,9812
8112,至上,44,14,30,元大-台中,2024-05-09,9812
00850,元大臺灣ESG永續,29,0,29,元大-台中,2024-05-09,9812
3036,文曄,32,4,28,元大-台中,2024-05-09,9812
00932,兆豐永續高息等權,27,0,27,元大-台中,2024-05-09,9812
2402,毅嘉,47,20,27,元大-台中,2024-05-09,9812
2359,所羅門,71,47,24,元大-台中,2024-05-09,9812
3481,群創,35,13,22,元大-台中,2024-05-09,9812
00919,群益台灣精選高息,31,10,21,元大-台中,2024-05-09,9812
2506,太設,21,0,21,元大-台中,2024-05-09,9812
00679B,元大美債20年,22,1,21,元大-台中,2024-05-09,9812
2884,玉山金,22,1,21,元大-台中,2024-05-09,9812
00764B,群益25年美債,20,0,20,元大-台中,2024-05-09,9812
3231,緯創,32,12,20,元大-台中,2024-05-09,9812
2324,仁寶,22,3,19,元大-台中,2024-05-09,9812
5512,力麒,20,1,19,元大-台中,2024-05-09,9812
2356,英業達,21,3,18,元大-台中,2024-05-09,9812
2618,長榮航,112,94,18,元大-台中,2024-05-09,9812
2020,美亞,16,0,16,元大-台中,2024-05-09,9812
00915,凱基優選高股息30,16,0,16,元大-台中,2024-05-09,9812
2611,志信,19,4,15,元大-台中,2024-05-09,9812
2388,威盛,15,0,15,元大-台中,2024-05-09,9812
1440,南紡,16,1,15,元大-台中,2024-05-09,9812
1809,中釉,17,2,15,元大-台中,2024-05-09,9812
6863,永道-KY,22,7,15,元大-台中,2024-05-09,9812
2889,國票金,15,0,15,元大-台中,2024-05-09,9812
1609,大亞,76,62,14,元大-台中,2024-05-09,9812
2615,萬海,1300,299,1001,元大-台中,2024-05-10,9812
1522,堤維西,330,2,328,元大-台中,2024-05-10,9812
2241,艾姆勒,473,170,303,元大-台中,2024-05-10,9812
00929,復華台灣科技優息,295,5,290,元大-台中,2024-05-10,9812
9945,潤泰新,123,5,118,元大-台中,2024-05-10,9812
00632R,元大台灣50反1,65,0,65,元大-台中,2024-05-10,9812
8040,九暘,65,1,64,元大-台中,2024-05-10,9812
00946,群益科技高息成長,52,0,52,元大-台中,2024-05-10,9812
00688L,國泰20年美債正2,51,0,51,元大-台中,2024-05-10,9812
00882,中信中國高股息,80,30,50,元大-台中,2024-05-10,9812
1605,華新,47,5,42,元大-台中,2024-05-10,9812
00639,富邦深100,40,0,40,元大-台中,2024-05-10,9812
00650L,復華香港正2,39,3,36,元大-台中,2024-05-10,9812
00939,統一台灣高息動能,37,2,35,元大-台中,2024-05-10,9812
2330,台積電,54,20,34,元大-台中,2024-05-10,9812
2641,正德,47,15,32,元大-台中,2024-05-10,9812
00937B,群益ESG投等債20,33,2,31,元大-台中,2024-05-10,9812
00671R,富邦NASDAQ反1,30,0,30,元大-台中,2024-05-10,9812
00664R,國泰臺灣加權反1,30,0,30,元大-台中,2024-05-10,9812
3013,晟銘電,100,72,28,元大-台中,2024-05-10,9812
2313,華通,42,17,25,元大-台中,2024-05-10,9812
8112,至上,39,16,23,元大-台中,2024-05-10,9812
2520,冠德,33,11,22,元大-台中,2024-05-10,9812
3356,奇偶,69,48,21,元大-台中,2024-05-10,9812
2409,友達,23,2,21,元大-台中,2024-05-10,9812
4562,穎漢,144,123,21,元大-台中,2024-05-10,9812
1440,南紡,20,0,20,元大-台中,2024-05-10,9812
1733,五鼎,20,0,20,元大-台中,2024-05-10,9812
3576,聯合再生,51,31,20,元大-台中,2024-05-10,9812
00878,國泰永續高股息,75,56,19,元大-台中,2024-05-10,9812
2617,台航,32,12,20,元大-台中,2024-05-10,9812
9902,台火,19,0,19,元大-台中,2024-05-10,9812
4720,德淵,20,1,19,元大-台中,2024-05-10,9812
5706,鳳凰,16,0,16,元大-台中,2024-05-10,9812
00940,元大台灣價值高息,47,32,15,元大-台中,2024-05-10,9812
3049,精金,15,0,15,元大-台中,2024-05-10,9812
5014,建錩,15,0,15,元大-台中,2024-05-10,9812
2402,毅嘉,21,6,15,元大-台中,2024-05-10,9812
3022,威強電,15,0,15,元大-台中,2024-05-10,9812
2367,燿華,60,45,15,元大-台中,2024-05-10,9812
00679B,元大美債20年,20,7,13,元大-台中,2024-05-10,9812
2897,王道銀行,14,1,13,元大-台中,2024-05-10,9812
3325,旭品,13,0,13,元大-台中,2024-05-10,9812
2363,矽統,208,196,12,元大-台中,2024-05-10,9812
2851,中再保,14,3,11,元大-台中,2024-05-10,9812
2303,聯電,46,36,10,元大-台中,2024-05-10,9812
6770,力積電,11,1,10,元大-台中,2024-05-10,9812
2427,三商電,11,1,10,元大-台中,2024-05-10,9812
1473,台南,10,0,10,元大-台中,2024-05-10,9812
3706,神達,26,16,10,元大-台中,2024-05-10,9812
2915,潤泰全,383,179,204,元大-台中,2024-05-13,9812
00929,復華台灣科技優息,125,0,125,元大-台中,2024-05-13,9812
00937B,群益ESG投等債20,130,10,120,元大-台中,2024-05-13,9812
2610,華航,256,159,97,元大-台中,2024-05-13,9812
2317,鴻海,118,25,93,元大-台中,2024-05-13,9812
6712,長聖,69,0,69,元大-台中,2024-05-13,9812
1473,台南,71,3,68,元大-台中,2024-05-13,9812
2344,華邦電,65,8,57,元大-台中,2024-05-13,9812
00680L,元大美債20正2,56,0,56,元大-台中,2024-05-13,9812
1522,堤維西,425,370,55,元大-台中,2024-05-13,9812
2618,長榮航,134,79,55,元大-台中,2024-05-13,9812
5009,榮剛,76,31,45,元大-台中,2024-05-13,9812
00715L,期街口布蘭特正2,45,0,45,元大-台中,2024-05-13,9812
2641,正德,77,34,43,元大-台中,2024-05-13,9812
00919,群益台灣精選高息,65,27,38,元大-台中,2024-05-13,9812
2891,中信金,51,17,34,元大-台中,2024-05-13,9812
3231,緯創,34,3,31,元大-台中,2024-05-13,9812
2903,遠百,34,3,31,元大-台中,2024-05-13,9812
2101,南港,31,0,31,元大-台中,2024-05-13,9812
1314,中石化,25,1,24,元大-台中,2024-05-13,9812
3260,威剛,31,9,22,元大-台中,2024-05-13,9812
2461,光群雷,27,5,22,元大-台中,2024-05-13,9812
2417,圓剛,22,0,22,元大-台中,2024-05-13,9812
2612,中航,32,11,21,元大-台中,2024-05-13,9812
6179,亞通,21,0,21,元大-台中,2024-05-13,9812
5392,能率,29,9,20,元大-台中,2024-05-13,9812
00671R,富邦NASDAQ反1,20,0,20,元大-台中,2024-05-13,9812
2851,中再保,21,1,20,元大-台中,2024-05-13,9812
00751B,元大AAA至A公司債,19,0,19,元大-台中,2024-05-13,9812
2882,國泰金,21,2,19,元大-台中,2024-05-13,9812
4716,大立,20,2,18,元大-台中,2024-05-13,9812
2884,玉山金,21,3,18,元大-台中,2024-05-13,9812
00946,群益科技高息成長,18,0,18,元大-台中,2024-05-13,9812
00944,野村趨勢動能高息,18,0,18,元大-台中,2024-05-13,9812
3481,群創,46,29,17,元大-台中,2024-05-13,9812
2488,漢平,17,0,17,元大-台中,2024-05-13,9812
8931,大汽電,17,0,17,元大-台中,2024-05-13,9812
1785,光洋科,22,6,16,元大-台中,2024-05-13,9812
00939,統一台灣高息動能,16,0,16,元大-台中,2024-05-13,9812
00687B,國泰20年美債,15,0,15,元大-台中,2024-05-13,9812
3167,大量,15,0,15,元大-台中,2024-05-13,9812
1733,五鼎,15,0,15,元大-台中,2024-05-13,9812
00932,兆豐永續高息等權,14,0,14,元大-台中,2024-05-13,9812
2316,楠梓電,15,1,14,元大-台中,2024-05-13,9812
8926,台汽電,15,1,14,元大-台中,2024-05-13,9812
2867,三商壽,17,3,14,元大-台中,2024-05-13,9812
6770,力積電,12,0,12,元大-台中,2024-05-13,9812
6188,廣明,11,0,11,元大-台中,2024-05-13,9812
00642U,期元大S＆P石油,11,0,11,元大-台中,2024-05-13,9812
00632R,元大台灣50反1,30,19,11,元大-台中,2024-05-13,9812
2367,燿華,813,191,622,元大-台中,2024-05-14,9812
6125,廣運,312,25,287,元大-台中,2024-05-14,9812
2888,新光金,296,11,285,元大-台中,2024-05-14,9812
5512,力麒,250,10,240,元大-台中,2024-05-14,9812
5533,皇鼎,140,0,140,元大-台中,2024-05-14,9812
00632R,元大台灣50反1,116,0,116,元大-台中,2024-05-14,9812
00929,復華台灣科技優息,128,23,105,元大-台中,2024-05-14,9812
9945,潤泰新,143,77,66,元大-台中,2024-05-14,9812
00937B,群益ESG投等債20,88,34,54,元大-台中,2024-05-14,9812
1101,台泥,62,9,53,元大-台中,2024-05-14,9812
00915,凱基優選高股息30,51,1,50,元大-台中,2024-05-14,9812
1733,五鼎,45,0,45,元大-台中,2024-05-14,9812
2547,日勝生,45,2,43,元大-台中,2024-05-14,9812
1473,台南,41,1,40,元大-台中,2024-05-14,9812
2884,玉山金,47,8,39,元大-台中,2024-05-14,9812
3231,緯創,94,56,38,元大-台中,2024-05-14,9812
3706,神達,64,30,34,元大-台中,2024-05-14,9812
1710,東聯,31,0,31,元大-台中,2024-05-14,9812
00664R,國泰臺灣加權反1,30,0,30,元大-台中,2024-05-14,9812
2405,輔信,49,19,30,元大-台中,2024-05-14,9812
00637L,元大滬深300正2,49,20,29,元大-台中,2024-05-14,9812
2913,農林,28,1,27,元大-台中,2024-05-14,9812
00933B,國泰10Y+金融債,28,4,24,元大-台中,2024-05-14,9812
2637,慧洋-KY,61,39,22,元大-台中,2024-05-14,9812
2486,一詮,33,13,20,元大-台中,2024-05-14,9812
2812,台中銀,20,0,20,元大-台中,2024-05-14,9812
00665L,富邦�琤肭磪囓�2,20,0,20,元大-台中,2024-05-14,9812
2903,遠百,20,0,20,元大-台中,2024-05-14,9812
2464,盟立,42,23,19,元大-台中,2024-05-14,9812
1725,元禎,14,0,14,元大-台中,2024-05-14,9812
2014,中鴻,13,0,13,元大-台中,2024-05-14,9812
5251,天鉞電,15,2,13,元大-台中,2024-05-14,9812
1609,大亞,21,8,13,元大-台中,2024-05-14,9812
3056,富華新,13,1,12,元大-台中,2024-05-14,9812
3338,泰碩,12,0,12,元大-台中,2024-05-14,9812
1301,台塑,13,1,12,元大-台中,2024-05-14,9812
5529,鉅陞,11,0,11,元大-台中,2024-05-14,9812
8096,擎亞,30,19,11,元大-台中,2024-05-14,9812
2208,台船,21,10,11,元大-台中,2024-05-14,9812
2365,昆盈,12,1,11,元大-台中,2024-05-14,9812
00857B,永豐20年美公債,11,0,11,元大-台中,2024-05-14,9812
2488,漢平,15,4,11,元大-台中,2024-05-14,9812
1524,耿鼎,11,1,10,元大-台中,2024-05-14,9812
2482,連宇,22,12,10,元大-台中,2024-05-14,9812
00687B,國泰20年美債,15,5,10,元大-台中,2024-05-14,9812
3031,佰鴻,10,0,10,元大-台中,2024-05-14,9812
6237,驊訊,12,2,10,元大-台中,2024-05-14,9812
5876,上海商銀,11,1,10,元大-台中,2024-05-14,9812
00671R,富邦NASDAQ反1,10,0,10,元大-台中,2024-05-14,9812
8931,大汽電,10,0,10,元大-台中,2024-05-14,9812
2359,所羅門,535,141,394,元大-台中,2024-05-15,9812
00937B,群益ESG投等債20,220,7,213,元大-台中,2024-05-15,9812
2362,藍天,225,13,212,元大-台中,2024-05-15,9812
1326,台化,207,10,197,元大-台中,2024-05-15,9812
2312,金寶,130,24,106,元大-台中,2024-05-15,9812
00632R,元大台灣50反1,164,73,91,元大-台中,2024-05-15,9812
2610,華航,111,30,81,元大-台中,2024-05-15,9812
2611,志信,86,6,80,元大-台中,2024-05-15,9812
2515,中工,79,15,64,元大-台中,2024-05-15,9812
2353,宏��,168,106,62,元大-台中,2024-05-15,9812
00878,國泰永續高股息,137,77,60,元大-台中,2024-05-15,9812
1504,東元,102,45,57,元大-台中,2024-05-15,9812
2371,大同,83,29,54,元大-台中,2024-05-15,9812
2356,英業達,151,97,54,元大-台中,2024-05-15,9812
00637L,元大滬深300正2,84,30,54,元大-台中,2024-05-15,9812
2488,漢平,50,0,50,元大-台中,2024-05-15,9812
4562,穎漢,56,13,43,元大-台中,2024-05-15,9812
5608,四維航,58,18,40,元大-台中,2024-05-15,9812
00664R,國泰臺灣加權反1,40,0,40,元大-台中,2024-05-15,9812
8011,台通,37,0,37,元大-台中,2024-05-15,9812
3481,群創,31,0,31,元大-台中,2024-05-15,9812
2618,長榮航,44,15,29,元大-台中,2024-05-15,9812
6116,彩晶,29,0,29,元大-台中,2024-05-15,9812
8040,九暘,27,0,27,元大-台中,2024-05-15,9812
4533,協易機,38,12,26,元大-台中,2024-05-15,9812
0056,元大高股息,38,13,25,元大-台中,2024-05-15,9812
00679B,元大美債20年,22,0,22,元大-台中,2024-05-15,9812
2605,新興,61,39,22,元大-台中,2024-05-15,9812
2405,輔信,47,25,22,元大-台中,2024-05-15,9812
4909,新復興,25,3,22,元大-台中,2024-05-15,9812
2406,國碩,25,4,21,元大-台中,2024-05-15,9812
5533,皇鼎,20,0,20,元大-台中,2024-05-15,9812
2801,彰銀,21,1,20,元大-台中,2024-05-15,9812
1515,力山,20,0,20,元大-台中,2024-05-15,9812
6669,緯穎,20,0,20,元大-台中,2024-05-15,9812
00752,中信中國50,20,0,20,元大-台中,2024-05-15,9812
00753L,中信中國50正2,69,50,19,元大-台中,2024-05-15,9812
00713,元大台灣高息低波,18,0,18,元大-台中,2024-05-15,9812
3287,廣寰科,28,11,17,元大-台中,2024-05-15,9812
3163,波若威,28,12,16,元大-台中,2024-05-15,9812
2455,全新,20,4,16,元大-台中,2024-05-15,9812
2449,京元電子,17,2,15,元大-台中,2024-05-15,9812
00939,統一台灣高息動能,21,6,15,元大-台中,2024-05-15,9812
4746,台耀,12,0,12,元大-台中,2024-05-15,9812
6578,達邦蛋白,12,0,12,元大-台中,2024-05-15,9812
1308,亞聚,12,0,12,元大-台中,2024-05-15,9812
4532,瑞智,21,9,12,元大-台中,2024-05-15,9812
00763U,期街口道瓊銅,12,0,12,元大-台中,2024-05-15,9812
2915,潤泰全,35,24,11,元大-台中,2024-05-15,9812
8150,南茂,11,0,11,元大-台中,2024-05-15,9812
2374,佳能,1054,53,1001,元大-台中,2024-05-16,9812
3059,華晶科,514,33,481,元大-台中,2024-05-16,9812
1326,台化,202,2,200,元大-台中,2024-05-16,9812
00632R,元大台灣50反1,165,0,165,元大-台中,2024-05-16,9812
00885,富邦越南,121,0,121,元大-台中,2024-05-16,9812
5351,鈺創,525,438,87,元大-台中,2024-05-16,9812
1733,五鼎,50,0,50,元大-台中,2024-05-16,9812
2356,英業達,80,33,47,元大-台中,2024-05-16,9812
2101,南港,52,6,46,元大-台中,2024-05-16,9812
2382,廣達,102,61,41,元大-台中,2024-05-16,9812
3105,穩懋,42,1,41,元大-台中,2024-05-16,9812
00688L,國泰20年美債正2,39,1,38,元大-台中,2024-05-16,9812
00929,復華台灣科技優息,51,14,37,元大-台中,2024-05-16,9812
9904,寶成,64,28,36,元大-台中,2024-05-16,9812
3231,緯創,133,98,35,元大-台中,2024-05-16,9812
00937B,群益ESG投等債20,99,66,33,元大-台中,2024-05-16,9812
8996,高力,30,0,30,元大-台中,2024-05-16,9812
00671R,富邦NASDAQ反1,30,0,30,元大-台中,2024-05-16,9812
5213,亞昕,27,0,27,元大-台中,2024-05-16,9812
00665L,富邦�琤肭磪囓�2,25,0,25,元大-台中,2024-05-16,9812
5706,鳳凰,22,0,22,元大-台中,2024-05-16,9812
2542,興富發,26,4,22,元大-台中,2024-05-16,9812
2923,鼎固-KY,31,10,21,元大-台中,2024-05-16,9812
1312,國喬,23,2,21,元大-台中,2024-05-16,9812
3013,晟銘電,55,34,21,元大-台中,2024-05-16,9812
2317,鴻海,69,49,20,元大-台中,2024-05-16,9812
6270,倍微,20,0,20,元大-台中,2024-05-16,9812
2545,皇翔,23,4,19,元大-台中,2024-05-16,9812
3483,力致,20,1,19,元大-台中,2024-05-16,9812
2464,盟立,124,106,18,元大-台中,2024-05-16,9812
6177,達麗,20,4,16,元大-台中,2024-05-16,9812
1714,和桐,15,0,15,元大-台中,2024-05-16,9812
3047,訊舟,36,21,15,元大-台中,2024-05-16,9812
8234,新漢,21,6,15,元大-台中,2024-05-16,9812
8033,雷虎,16,1,15,元大-台中,2024-05-16,9812
3338,泰碩,15,1,14,元大-台中,2024-05-16,9812
4306,炎洲,14,0,14,元大-台中,2024-05-16,9812
1608,華榮,46,33,13,元大-台中,2024-05-16,9812
3564,其陽,29,16,13,元大-台中,2024-05-16,9812
6442,光聖,15,2,13,元大-台中,2024-05-16,9812
8271,宇瞻,14,1,13,元大-台中,2024-05-16,9812
8112,至上,20,7,13,元大-台中,2024-05-16,9812
2368,金像電,161,148,13,元大-台中,2024-05-16,9812
2241,艾姆勒,37,24,13,元大-台中,2024-05-16,9812
2367,燿華,177,164,13,元大-台中,2024-05-16,9812
3498,陽程,12,0,12,元大-台中,2024-05-16,9812
6126,信音,12,0,12,元大-台中,2024-05-16,9812
00712,復華富時不動產,13,2,11,元大-台中,2024-05-16,9812
4562,穎漢,39,28,11,元大-台中,2024-05-16,9812
5206,坤悅,11,0,11,元大-台中,2024-05-16,9812
2359,所羅門,571,65,506,元大-台中,2024-05-17,9812
4533,協易機,408,18,390,元大-台中,2024-05-17,9812
2363,矽統,593,316,277,元大-台中,2024-05-17,9812
00878,國泰永續高股息,272,23,249,元大-台中,2024-05-17,9812
00946,群益科技高息成長,236,0,236,元大-台中,2024-05-17,9812
2888,新光金,410,213,197,元大-台中,2024-05-17,9812
8033,雷虎,150,18,132,元大-台中,2024-05-17,9812
00929,復華台灣科技優息,136,10,126,元大-台中,2024-05-17,9812
00688L,國泰20年美債正2,117,0,117,元大-台中,2024-05-17,9812
2603,長榮,172,60,112,元大-台中,2024-05-17,9812
2501,國建,105,4,101,元大-台中,2024-05-17,9812
4545,銘鈺,103,2,101,元大-台中,2024-05-17,9812
1326,台化,102,2,100,元大-台中,2024-05-17,9812
2344,華邦電,110,17,93,元大-台中,2024-05-17,9812
2618,長榮航,237,150,87,元大-台中,2024-05-17,9812
2610,華航,171,85,86,元大-台中,2024-05-17,9812
2349,錸德,64,0,64,元大-台中,2024-05-17,9812
2371,大同,62,3,59,元大-台中,2024-05-17,9812
2834,臺企銀,54,0,54,元大-台中,2024-05-17,9812
2611,志信,51,3,48,元大-台中,2024-05-17,9812
0056,元大高股息,56,15,41,元大-台中,2024-05-17,9812
6770,力積電,35,2,33,元大-台中,2024-05-17,9812
1808,潤隆,30,0,30,元大-台中,2024-05-17,9812
3312,弘憶股,559,529,30,元大-台中,2024-05-17,9812
00632R,元大台灣50反1,28,0,28,元大-台中,2024-05-17,9812
00664R,國泰臺灣加權反1,20,0,20,元大-台中,2024-05-17,9812
8936,國統,21,1,20,元大-台中,2024-05-17,9812
2312,金寶,24,5,19,元大-台中,2024-05-17,9812
3363,上詮,43,24,19,元大-台中,2024-05-17,9812
1717,長興,21,3,18,元大-台中,2024-05-17,9812
6197,佳必琪,18,0,18,元大-台中,2024-05-17,9812
2409,友達,20,3,17,元大-台中,2024-05-17,9812
2367,燿華,191,174,17,元大-台中,2024-05-17,9812
2489,瑞軒,71,54,17,元大-台中,2024-05-17,9812
2515,中工,36,20,16,元大-台中,2024-05-17,9812
1608,華榮,21,5,16,元大-台中,2024-05-17,9812
3362,先進光,15,0,15,元大-台中,2024-05-17,9812
1605,華新,25,10,15,元大-台中,2024-05-17,9812
2419,仲琦,17,2,15,元大-台中,2024-05-17,9812
2324,仁寶,25,10,15,元大-台中,2024-05-17,9812
00919,群益台灣精選高息,29,15,14,元大-台中,2024-05-17,9812
2020,美亞,15,1,14,元大-台中,2024-05-17,9812
00679B,元大美債20年,17,3,14,元大-台中,2024-05-17,9812
3060,銘異,27,13,14,元大-台中,2024-05-17,9812
00795B,中信美國公債20年,13,0,13,元大-台中,2024-05-17,9812
9945,潤泰新,30,18,12,元大-台中,2024-05-17,9812
2323,中環,36,24,12,元大-台中,2024-05-17,9812
2440,太空梭,17,5,12,元大-台中,2024-05-17,9812
4549,桓達,16,4,12,元大-台中,2024-05-17,9812
3706,神達,12,1,11,元大-台中,2024-05-17,9812
3338,泰碩,304,14,290,元大-台中,2024-05-20,9812
00929,復華台灣科技優息,242,25,217,元大-台中,2024-05-20,9812
2618,長榮航,182,68,114,元大-台中,2024-05-20,9812
00940,元大台灣價值高息,270,161,109,元大-台中,2024-05-20,9812
2867,三商壽,105,27,78,元大-台中,2024-05-20,9812
00885,富邦越南,81,13,68,元大-台中,2024-05-20,9812
00937B,群益ESG投等債20,61,0,61,元大-台中,2024-05-20,9812
2317,鴻海,66,16,50,元大-台中,2024-05-20,9812
00878,國泰永續高股息,66,20,46,元大-台中,2024-05-20,9812
2610,華航,300,254,46,元大-台中,2024-05-20,9812
00753L,中信中國50正2,94,50,44,元大-台中,2024-05-20,9812
5533,皇鼎,44,0,44,元大-台中,2024-05-20,9812
1522,堤維西,41,1,40,元大-台中,2024-05-20,9812
2467,志聖,40,1,39,元大-台中,2024-05-20,9812
00915,凱基優選高股息30,47,11,36,元大-台中,2024-05-20,9812
5009,榮剛,38,4,34,元大-台中,2024-05-20,9812
2034,允強,30,0,30,元大-台中,2024-05-20,9812
3060,銘異,49,20,29,元大-台中,2024-05-20,9812
4167,松瑞藥,29,4,25,元大-台中,2024-05-20,9812
00946,群益科技高息成長,22,0,22,元大-台中,2024-05-20,9812
6244,茂迪,27,5,22,元大-台中,2024-05-20,9812
6605,帝寶,22,0,22,元大-台中,2024-05-20,9812
00679B,元大美債20年,35,13,22,元大-台中,2024-05-20,9812
4972,湯石照明,21,0,21,元大-台中,2024-05-20,9812
00687B,國泰20年美債,21,1,20,元大-台中,2024-05-20,9812
00637L,元大滬深300正2,35,16,19,元大-台中,2024-05-20,9812
3313,斐成,19,0,19,元大-台中,2024-05-20,9812
1609,大亞,34,16,18,元大-台中,2024-05-20,9812
00943,兆豐電子高息等權,18,0,18,元大-台中,2024-05-20,9812
2611,志信,18,2,16,元大-台中,2024-05-20,9812
2382,廣達,28,15,13,元大-台中,2024-05-20,9812
2515,中工,13,1,12,元大-台中,2024-05-20,9812
6163,華電網,12,0,12,元大-台中,2024-05-20,9812
4976,佳凌,22,11,11,元大-台中,2024-05-20,9812
00795B,中信美國公債20年,11,0,11,元大-台中,2024-05-20,9812
00665L,富邦�琤肭磪囓�2,20,9,11,元大-台中,2024-05-20,9812
8349,�矬�,11,0,11,元大-台中,2024-05-20,9812
2489,瑞軒,53,43,10,元大-台中,2024-05-20,9812
6139,亞翔,15,5,10,元大-台中,2024-05-20,9812
8383,千附,10,0,10,元大-台中,2024-05-20,9812
2905,三商,10,0,10,元大-台中,2024-05-20,9812
1451,年興,10,0,10,元大-台中,2024-05-20,9812
8040,九暘,11,1,10,元大-台中,2024-05-20,9812
1815,富喬,10,0,10,元大-台中,2024-05-20,9812
2362,藍天,33,23,10,元大-台中,2024-05-20,9812
1612,宏泰,12,2,10,元大-台中,2024-05-20,9812
2204,中華,9,0,9,元大-台中,2024-05-20,9812
6508,惠光,9,0,9,元大-台中,2024-05-20,9812
6227,茂綸,10,1,9,元大-台中,2024-05-20,9812
1309,台達化,9,0,9,元大-台中,2024-05-20,9812
2009,第一銅,648,54,594,元大-台中,2024-05-21,9812
2888,新光金,433,12,421,元大-台中,2024-05-21,9812
6125,廣運,393,81,312,元大-台中,2024-05-21,9812
6117,迎廣,221,13,208,元大-台中,2024-05-21,9812
00929,復華台灣科技優息,89,6,83,元大-台中,2024-05-21,9812
2610,華航,76,16,60,元大-台中,2024-05-21,9812
00680L,元大美債20正2,52,1,51,元大-台中,2024-05-21,9812
2884,玉山金,49,3,46,元大-台中,2024-05-21,9812
1101,台泥,59,13,46,元大-台中,2024-05-21,9812
00878,國泰永續高股息,47,2,45,元大-台中,2024-05-21,9812
00882,中信中國高股息,58,14,44,元大-台中,2024-05-21,9812
2367,燿華,317,275,42,元大-台中,2024-05-21,9812
3033,威健,48,8,40,元大-台中,2024-05-21,9812
00857B,永豐20年美公債,42,3,39,元大-台中,2024-05-21,9812
2324,仁寶,38,1,37,元大-台中,2024-05-21,9812
00902,中信電池及儲能,30,0,30,元大-台中,2024-05-21,9812
2374,佳能,171,141,30,元大-台中,2024-05-21,9812
2834,臺企銀,29,0,29,元大-台中,2024-05-21,9812
1308,亞聚,29,0,29,元大-台中,2024-05-21,9812
2362,藍天,27,0,27,元大-台中,2024-05-21,9812
2104,國際中橡,30,3,27,元大-台中,2024-05-21,9812
3013,晟銘電,590,563,27,元大-台中,2024-05-21,9812
2618,長榮航,134,109,25,元大-台中,2024-05-21,9812
2331,精英,26,1,25,元大-台中,2024-05-21,9812
2329,華泰,31,8,23,元大-台中,2024-05-21,9812
00940,元大台灣價值高息,33,10,23,元大-台中,2024-05-21,9812
3605,宏致,23,1,22,元大-台中,2024-05-21,9812
2609,陽明,30,8,22,元大-台中,2024-05-21,9812
5348,正能量智能,20,0,20,元大-台中,2024-05-21,9812
00671R,富邦NASDAQ反1,20,0,20,元大-台中,2024-05-21,9812
00665L,富邦�琤肭磪囓�2,30,10,20,元大-台中,2024-05-21,9812
2881,富邦金,22,5,17,元大-台中,2024-05-21,9812
1301,台塑,18,2,16,元大-台中,2024-05-21,9812
2515,中工,19,3,16,元大-台中,2024-05-21,9812
2467,志聖,24,8,16,元大-台中,2024-05-21,9812
00752,中信中國50,17,1,16,元大-台中,2024-05-21,9812
2241,艾姆勒,57,41,16,元大-台中,2024-05-21,9812
1326,台化,15,0,15,元大-台中,2024-05-21,9812
1752,南光,171,157,14,元大-台中,2024-05-21,9812
3312,弘憶股,17,3,14,元大-台中,2024-05-21,9812
5371,中光電,36,22,14,元大-台中,2024-05-21,9812
6239,力成,13,0,13,元大-台中,2024-05-21,9812
1303,南亞,13,0,13,元大-台中,2024-05-21,9812
2838,聯邦銀,13,0,13,元大-台中,2024-05-21,9812
8926,台汽電,13,1,12,元大-台中,2024-05-21,9812
3376,新日興,18,7,11,元大-台中,2024-05-21,9812
2007,燁興,11,0,11,元大-台中,2024-05-21,9812
1309,台達化,11,0,11,元大-台中,2024-05-21,9812
4532,瑞智,15,4,11,元大-台中,2024-05-21,9812
4972,湯石照明,11,0,11,元大-台中,2024-05-21,9812
2453,凌群,1503,1007,496,元大-台中,2024-05-22,9812
2359,所羅門,817,328,489,元大-台中,2024-05-22,9812
00632R,元大台灣50反1,304,130,174,元大-台中,2024-05-22,9812
2409,友達,166,34,132,元大-台中,2024-05-22,9812
2618,長榮航,173,42,131,元大-台中,2024-05-22,9812
6117,迎廣,325,206,119,元大-台中,2024-05-22,9812
00937B,群益ESG投等債20,119,2,117,元大-台中,2024-05-22,9812
4533,協易機,190,74,116,元大-台中,2024-05-22,9812
3036,文曄,108,1,107,元大-台中,2024-05-22,9812
00929,復華台灣科技優息,132,42,90,元大-台中,2024-05-22,9812
3706,神達,115,34,81,元大-台中,2024-05-22,9812
2323,中環,76,0,76,元大-台中,2024-05-22,9812
2369,菱生,78,3,75,元大-台中,2024-05-22,9812
3047,訊舟,117,46,71,元大-台中,2024-05-22,9812
1809,中釉,61,1,60,元大-台中,2024-05-22,9812
2367,燿華,241,184,57,元大-台中,2024-05-22,9812
1504,東元,56,3,53,元大-台中,2024-05-22,9812
4111,濟生,55,16,39,元大-台中,2024-05-22,9812
00679B,元大美債20年,35,0,35,元大-台中,2024-05-22,9812
8092,建暐,34,0,34,元大-台中,2024-05-22,9812
5512,力麒,35,2,33,元大-台中,2024-05-22,9812
3060,銘異,69,36,33,元大-台中,2024-05-22,9812
8112,至上,31,1,30,元大-台中,2024-05-22,9812
4960,誠美材,31,6,25,元大-台中,2024-05-22,9812
2329,華泰,61,36,25,元大-台中,2024-05-22,9812
2362,藍天,28,3,25,元大-台中,2024-05-22,9812
2354,鴻準,31,8,23,元大-台中,2024-05-22,9812
2449,京元電子,21,0,21,元大-台中,2024-05-22,9812
00664R,國泰臺灣加權反1,20,0,20,元大-台中,2024-05-22,9812
5392,能率,119,100,19,元大-台中,2024-05-22,9812
6244,茂迪,37,19,18,元大-台中,2024-05-22,9812
4127,天良,19,2,17,元大-台中,2024-05-22,9812
5531,鄉林,17,0,17,元大-台中,2024-05-22,9812
00687B,國泰20年美債,32,15,17,元大-台中,2024-05-22,9812
1102,亞泥,16,0,16,元大-台中,2024-05-22,9812
2352,佳世達,21,5,16,元大-台中,2024-05-22,9812
00637L,元大滬深300正2,55,40,15,元大-台中,2024-05-22,9812
2331,精英,26,11,15,元大-台中,2024-05-22,9812
5009,榮剛,14,0,14,元大-台中,2024-05-22,9812
3163,波若威,20,6,14,元大-台中,2024-05-22,9812
3323,加百裕,13,0,13,元大-台中,2024-05-22,9812
6189,豐藝,13,1,12,元大-台中,2024-05-22,9812
1303,南亞,12,0,12,元大-台中,2024-05-22,9812
2545,皇翔,12,0,12,元大-台中,2024-05-22,9812
2489,瑞軒,12,0,12,元大-台中,2024-05-22,9812
8349,�矬�,12,0,12,元大-台中,2024-05-22,9812
2515,中工,11,0,11,元大-台中,2024-05-22,9812
6695,芯鼎,12,1,11,元大-台中,2024-05-22,9812
6278,台表科,10,0,10,元大-台中,2024-05-22,9812
6706,惠特,17,7,10,元大-台中,2024-05-22,9812
2301,光寶科,989,546,443,元大-台中,2024-05-23,9812
2634,漢翔,427,24,403,元大-台中,2024-05-23,9812
2888,新光金,332,15,317,元大-台中,2024-05-23,9812
2486,一詮,316,53,263,元大-台中,2024-05-23,9812
2618,長榮航,244,90,154,元大-台中,2024-05-23,9812
2324,仁寶,203,52,151,元大-台中,2024-05-23,9812
00632R,元大台灣50反1,144,0,144,元大-台中,2024-05-23,9812
00633L,富邦上証正2,139,0,139,元大-台中,2024-05-23,9812
3537,堡達,149,16,133,元大-台中,2024-05-23,9812
3036,文曄,83,1,82,元大-台中,2024-05-23,9812
2377,微星,88,21,67,元大-台中,2024-05-23,9812
1101,台泥,63,1,62,元大-台中,2024-05-23,9812
2354,鴻準,111,54,57,元大-台中,2024-05-23,9812
00637L,元大滬深300正2,107,51,56,元大-台中,2024-05-23,9812
9105,泰金寶-DR,53,0,53,元大-台中,2024-05-23,9812
1815,富喬,220,169,51,元大-台中,2024-05-23,9812
00763U,期街口道瓊銅,55,5,50,元大-台中,2024-05-23,9812
3483,力致,56,12,44,元大-台中,2024-05-23,9812
5340,建榮,41,1,40,元大-台中,2024-05-23,9812
5533,皇鼎,40,0,40,元大-台中,2024-05-23,9812
3338,泰碩,59,27,32,元大-台中,2024-05-23,9812
2356,英業達,62,32,30,元大-台中,2024-05-23,9812
00937B,群益ESG投等債20,43,13,30,元大-台中,2024-05-23,9812
3576,聯合再生,30,0,30,元大-台中,2024-05-23,9812
2362,藍天,29,0,29,元大-台中,2024-05-23,9812
2603,長榮,36,7,29,元大-台中,2024-05-23,9812
6147,頎邦,28,0,28,元大-台中,2024-05-23,9812
3033,威健,27,1,26,元大-台中,2024-05-23,9812
8033,雷虎,29,4,25,元大-台中,2024-05-23,9812
6188,廣明,121,96,25,元大-台中,2024-05-23,9812
1102,亞泥,25,0,25,元大-台中,2024-05-23,9812
00713,元大台灣高息低波,25,1,24,元大-台中,2024-05-23,9812
00909,國泰數位支付服務,23,0,23,元大-台中,2024-05-23,9812
2409,友達,24,2,22,元大-台中,2024-05-23,9812
3481,群創,44,23,21,元大-台中,2024-05-23,9812
00671R,富邦NASDAQ反1,20,0,20,元大-台中,2024-05-23,9812
4561,健椿,23,3,20,元大-台中,2024-05-23,9812
00712,復華富時不動產,20,1,19,元大-台中,2024-05-23,9812
8064,東捷,56,38,18,元大-台中,2024-05-23,9812
8046,南電,17,0,17,元大-台中,2024-05-23,9812
3234,光環,18,2,16,元大-台中,2024-05-23,9812
00919,群益台灣精選高息,52,37,15,元大-台中,2024-05-23,9812
2883,凱基金,16,1,15,元大-台中,2024-05-23,9812
6244,茂迪,27,12,15,元大-台中,2024-05-23,9812
8028,昇陽半導體,20,5,15,元大-台中,2024-05-23,9812
2337,旺宏,15,1,14,元大-台中,2024-05-23,9812
2340,台亞,14,0,14,元大-台中,2024-05-23,9812
6189,豐藝,15,1,14,元大-台中,2024-05-23,9812
2363,矽統,364,350,14,元大-台中,2024-05-23,9812
4908,前鼎,28,15,13,元大-台中,2024-05-23,9812
8089,康全電訊,230,0,230,元大-台中,2024-05-24,9812
00937B,群益ESG投等債20,242,16,226,元大-台中,2024-05-24,9812
00665L,富邦�琤肭磪囓�2,187,0,187,元大-台中,2024-05-24,9812
5234,達興材料,181,17,164,元大-台中,2024-05-24,9812
6125,廣運,140,32,108,元大-台中,2024-05-24,9812
2409,友達,118,12,106,元大-台中,2024-05-24,9812
2365,昆盈,320,225,95,元大-台中,2024-05-24,9812
00637L,元大滬深300正2,85,0,85,元大-台中,2024-05-24,9812
00882,中信中國高股息,134,51,83,元大-台中,2024-05-24,9812
00712,復華富時不動產,77,2,75,元大-台中,2024-05-24,9812
1809,中釉,94,34,60,元大-台中,2024-05-24,9812
1815,富喬,324,265,59,元大-台中,2024-05-24,9812
2363,矽統,319,268,51,元大-台中,2024-05-24,9812
6584,南俊國際,66,18,48,元大-台中,2024-05-24,9812
3483,力致,65,23,42,元大-台中,2024-05-24,9812
00946,群益科技高息成長,42,0,42,元大-台中,2024-05-24,9812
00679B,元大美債20年,43,5,38,元大-台中,2024-05-24,9812
5880,合庫金,37,0,37,元大-台中,2024-05-24,9812
1303,南亞,37,1,36,元大-台中,2024-05-24,9812
2303,聯電,64,31,33,元大-台中,2024-05-24,9812
2002,中鋼,33,2,31,元大-台中,2024-05-24,9812
6257,矽格,41,11,30,元大-台中,2024-05-24,9812
6197,佳必琪,38,8,30,元大-台中,2024-05-24,9812
5493,三聯,30,2,28,元大-台中,2024-05-24,9812
2367,燿華,140,114,26,元大-台中,2024-05-24,9812
2449,京元電子,25,1,24,元大-台中,2024-05-24,9812
2885,元大金,22,0,22,元大-台中,2024-05-24,9812
2323,中環,30,9,21,元大-台中,2024-05-24,9812
1563,巧新,23,2,21,元大-台中,2024-05-24,9812
00919,群益台灣精選高息,56,35,21,元大-台中,2024-05-24,9812
00940,元大台灣價值高息,41,23,18,元大-台中,2024-05-24,9812
2891,中信金,42,25,17,元大-台中,2024-05-24,9812
8064,東捷,47,30,17,元大-台中,2024-05-24,9812
6147,頎邦,16,0,16,元大-台中,2024-05-24,9812
8028,昇陽半導體,46,30,16,元大-台中,2024-05-24,9812
3708,上緯投控,17,1,16,元大-台中,2024-05-24,9812
1301,台塑,16,0,16,元大-台中,2024-05-24,9812
3491,昇達科,18,3,15,元大-台中,2024-05-24,9812
6160,欣技,17,2,15,元大-台中,2024-05-24,9812
5876,上海商銀,15,0,15,元大-台中,2024-05-24,9812
00753L,中信中國50正2,71,58,13,元大-台中,2024-05-24,9812
2354,鴻準,20,7,13,元大-台中,2024-05-24,9812
2417,圓剛,22,10,12,元大-台中,2024-05-24,9812
1909,榮成,16,4,12,元大-台中,2024-05-24,9812
00941,中信上游半導體,11,0,11,元大-台中,2024-05-24,9812
00688L,國泰20年美債正2,11,0,11,元大-台中,2024-05-24,9812
2020,美亞,12,1,11,元大-台中,2024-05-24,9812
2459,敦吉,11,0,11,元大-台中,2024-05-24,9812
2009,第一銅,20,9,11,元大-台中,2024-05-24,9812
2392,正崴,40,30,10,元大-台中,2024-05-24,9812
2354,鴻準,1509,86,1423,元大-台中,2024-05-27,9812
5426,振發,529,25,504,元大-台中,2024-05-27,9812
2397,友通,500,1,499,元大-台中,2024-05-27,9812
9105,泰金寶-DR,484,39,445,元大-台中,2024-05-27,9812
3712,永崴投控,210,64,146,元大-台中,2024-05-27,9812
00937B,群益ESG投等債20,92,9,83,元大-台中,2024-05-27,9812
2464,盟立,1031,952,79,元大-台中,2024-05-27,9812
2353,宏��,191,128,63,元大-台中,2024-05-27,9812
1101,台泥,53,1,52,元大-台中,2024-05-27,9812
00687B,國泰20年美債,45,3,42,元大-台中,2024-05-27,9812
1102,亞泥,40,0,40,元大-台中,2024-05-27,9812
1815,富喬,127,88,39,元大-台中,2024-05-27,9812
2369,菱生,111,76,35,元大-台中,2024-05-27,9812
3047,訊舟,43,9,34,元大-台中,2024-05-27,9812
00712,復華富時不動產,30,0,30,元大-台中,2024-05-27,9812
2610,華航,32,2,30,元大-台中,2024-05-27,9812
2002,中鋼,32,5,27,元大-台中,2024-05-27,9812
2308,台達電,35,8,27,元大-台中,2024-05-27,9812
2301,光寶科,99,74,25,元大-台中,2024-05-27,9812
3450,聯鈞,47,23,24,元大-台中,2024-05-27,9812
00882,中信中國高股息,28,5,23,元大-台中,2024-05-27,9812
4967,十銓,49,27,22,元大-台中,2024-05-27,9812
2609,陽明,64,43,21,元大-台中,2024-05-27,9812
00664R,國泰臺灣加權反1,20,0,20,元大-台中,2024-05-27,9812
3052,夆典,20,0,20,元大-台中,2024-05-27,9812
4714,永捷,20,0,20,元大-台中,2024-05-27,9812
8926,台汽電,20,0,20,元大-台中,2024-05-27,9812
1305,華夏,18,0,18,元大-台中,2024-05-27,9812
2603,長榮,148,132,16,元大-台中,2024-05-27,9812
4909,新復興,17,1,16,元大-台中,2024-05-27,9812
2885,元大金,16,0,16,元大-台中,2024-05-27,9812
2367,燿華,28,13,15,元大-台中,2024-05-27,9812
5876,上海商銀,14,0,14,元大-台中,2024-05-27,9812
3234,光環,16,3,13,元大-台中,2024-05-27,9812
2409,友達,26,13,13,元大-台中,2024-05-27,9812
1326,台化,13,0,13,元大-台中,2024-05-27,9812
4906,正文,37,24,13,元大-台中,2024-05-27,9812
3548,兆利,12,0,12,元大-台中,2024-05-27,9812
5452,佶優,18,6,12,元大-台中,2024-05-27,9812
2515,中工,12,1,11,元大-台中,2024-05-27,9812
2615,萬海,36,25,11,元大-台中,2024-05-27,9812
2883,凱基金,21,10,11,元大-台中,2024-05-27,9812
3483,力致,15,5,10,元大-台中,2024-05-27,9812
2406,國碩,10,0,10,元大-台中,2024-05-27,9812
2302,麗正,10,0,10,元大-台中,2024-05-27,9812
1321,大洋,10,0,10,元大-台中,2024-05-27,9812
2405,輔信,40,30,10,元大-台中,2024-05-27,9812
00671R,富邦NASDAQ反1,10,0,10,元大-台中,2024-05-27,9812
8043,蜜望實,10,0,10,元大-台中,2024-05-27,9812
5469,瀚宇博,10,0,10,元大-台中,2024-05-27,9812
4562,穎漢,652,1,651,元大-台中,2024-05-28,9812
2834,臺企銀,202,1,201,元大-台中,2024-05-28,9812
6166,凌華,204,89,115,元大-台中,2024-05-28,9812
2501,國建,101,0,101,元大-台中,2024-05-28,9812
6116,彩晶,96,0,96,元大-台中,2024-05-28,9812
2353,宏��,161,69,92,元大-台中,2024-05-28,9812
4533,協易機,82,4,78,元大-台中,2024-05-28,9812
00937B,群益ESG投等債20,87,24,63,元大-台中,2024-05-28,9812
3202,樺晟,64,3,61,元大-台中,2024-05-28,9812
6125,廣運,107,50,57,元大-台中,2024-05-28,9812
00712,復華富時不動產,42,0,42,元大-台中,2024-05-28,9812
00687B,國泰20年美債,42,0,42,元大-台中,2024-05-28,9812
1102,亞泥,40,0,40,元大-台中,2024-05-28,9812
6188,廣明,80,41,39,元大-台中,2024-05-28,9812
2002,中鋼,38,2,36,元大-台中,2024-05-28,9812
2324,仁寶,45,10,35,元大-台中,2024-05-28,9812
2027,大成鋼,38,3,35,元大-台中,2024-05-28,9812
00679B,元大美債20年,33,1,32,元大-台中,2024-05-28,9812
6190,萬泰科,38,6,32,元大-台中,2024-05-28,9812
00753L,中信中國50正2,30,0,30,元大-台中,2024-05-28,9812
2891,中信金,28,1,27,元大-台中,2024-05-28,9812
00939,統一台灣高息動能,32,4,28,元大-台中,2024-05-28,9812
1101,台泥,27,0,27,元大-台中,2024-05-28,9812
5236,凌陽創新,51,24,27,元大-台中,2024-05-28,9812
2889,國票金,26,0,26,元大-台中,2024-05-28,9812
6492,生華科,26,0,26,元大-台中,2024-05-28,9812
2618,長榮航,230,204,26,元大-台中,2024-05-28,9812
2809,京城銀,21,0,21,元大-台中,2024-05-28,9812
1708,東鹼,21,0,21,元大-台中,2024-05-28,9812
00940,元大台灣價值高息,123,102,21,元大-台中,2024-05-28,9812
2609,陽明,62,42,20,元大-台中,2024-05-28,9812
6456,GIS-KY,20,0,20,元大-台中,2024-05-28,9812
00664R,國泰臺灣加權反1,20,0,20,元大-台中,2024-05-28,9812
00719B,元大美債1-3,20,0,20,元大-台中,2024-05-28,9812
1442,名軒,20,0,20,元大-台中,2024-05-28,9812
2317,鴻海,35,16,19,元大-台中,2024-05-28,9812
2633,台灣高鐵,19,0,19,元大-台中,2024-05-28,9812
00882,中信中國高股息,20,2,18,元大-台中,2024-05-28,9812
6168,宏齊,18,0,18,元大-台中,2024-05-28,9812
5498,凱崴,40,23,17,元大-台中,2024-05-28,9812
2455,全新,17,0,17,元大-台中,2024-05-28,9812
8390,金益鼎,16,0,16,元大-台中,2024-05-28,9812
3356,奇偶,17,2,15,元大-台中,2024-05-28,9812
2359,所羅門,24,11,13,元大-台中,2024-05-28,9812
5474,聰泰,23,10,13,元大-台中,2024-05-28,9812
6451,訊芯-KY,17,4,13,元大-台中,2024-05-28,9812
2313,華通,13,0,13,元大-台中,2024-05-28,9812
2421,建準,20,7,13,元大-台中,2024-05-28,9812
1815,富喬,140,127,13,元大-台中,2024-05-28,9812
00680L,元大美債20正2,12,0,12,元大-台中,2024-05-28,9812
2405,輔信,1011,24,987,元大-台中,2024-05-29,9812
1326,台化,440,0,440,元大-台中,2024-05-29,9812
4562,穎漢,331,0,331,元大-台中,2024-05-29,9812
00680L,元大美債20正2,314,0,314,元大-台中,2024-05-29,9812
2888,新光金,473,165,308,元大-台中,2024-05-29,9812
2328,廣宇,257,53,204,元大-台中,2024-05-29,9812
2801,彰銀,154,0,154,元大-台中,2024-05-29,9812
5880,合庫金,118,0,118,元大-台中,2024-05-29,9812
00937B,群益ESG投等債20,163,45,118,元大-台中,2024-05-29,9812
00687B,國泰20年美債,121,5,116,元大-台中,2024-05-29,9812
00679B,元大美債20年,114,8,106,元大-台中,2024-05-29,9812
2880,華南金,102,0,102,元大-台中,2024-05-29,9812
3380,明泰,137,43,94,元大-台中,2024-05-29,9812
2887,台新金,84,3,81,元大-台中,2024-05-29,9812
1102,亞泥,65,0,65,元大-台中,2024-05-29,9812
2349,錸德,59,0,59,元大-台中,2024-05-29,9812
2610,華航,66,8,58,元大-台中,2024-05-29,9812
2501,國建,57,1,56,元大-台中,2024-05-29,9812
2867,三商壽,75,22,53,元大-台中,2024-05-29,9812
3706,神達,102,52,50,元大-台中,2024-05-29,9812
6579,研揚,50,0,50,元大-台中,2024-05-29,9812
2489,瑞軒,127,79,48,元大-台中,2024-05-29,9812
2883,凱基金,44,0,44,元大-台中,2024-05-29,9812
2614,東森,41,0,41,元大-台中,2024-05-29,9812
00940,元大台灣價值高息,70,30,40,元大-台中,2024-05-29,9812
1605,華新,40,0,40,元大-台中,2024-05-29,9812
2611,志信,43,4,39,元大-台中,2024-05-29,9812
00929,復華台灣科技優息,43,10,33,元大-台中,2024-05-29,9812
00753L,中信中國50正2,132,100,32,元大-台中,2024-05-29,9812
3047,訊舟,74,43,31,元大-台中,2024-05-29,9812
0056,元大高股息,60,30,30,元大-台中,2024-05-29,9812
2002,中鋼,31,1,30,元大-台中,2024-05-29,9812
1808,潤隆,30,0,30,元大-台中,2024-05-29,9812
2476,鉅祥,37,7,30,元大-台中,2024-05-29,9812
2609,陽明,54,25,29,元大-台中,2024-05-29,9812
6270,倍微,30,1,29,元大-台中,2024-05-29,9812
2354,鴻準,159,131,28,元大-台中,2024-05-29,9812
6712,長聖,28,0,28,元大-台中,2024-05-29,9812
2401,凌陽,199,172,27,元大-台中,2024-05-29,9812
3231,緯創,37,11,26,元大-台中,2024-05-29,9812
3062,建漢,25,1,24,元大-台中,2024-05-29,9812
2317,鴻海,58,34,24,元大-台中,2024-05-29,9812
2891,中信金,40,17,23,元大-台中,2024-05-29,9812
2641,正德,27,5,22,元大-台中,2024-05-29,9812
1718,中纖,22,0,22,元大-台中,2024-05-29,9812
00946,群益科技高息成長,22,0,22,元大-台中,2024-05-29,9812
2353,宏��,102,81,21,元大-台中,2024-05-29,9812
2633,台灣高鐵,22,1,21,元大-台中,2024-05-29,9812
4303,信立,85,64,21,元大-台中,2024-05-29,9812
2331,精英,20,0,20,元大-台中,2024-05-29,9812
6140,訊達,300,1,299,元大-台中,2024-05-30,9812
00680L,元大美債20正2,270,0,270,元大-台中,2024-05-30,9812
2801,彰銀,212,0,212,元大-台中,2024-05-30,9812
00937B,群益ESG投等債20,123,5,118,元大-台中,2024-05-30,9812
6116,彩晶,120,2,118,元大-台中,2024-05-30,9812
6125,廣運,273,165,108,元大-台中,2024-05-30,9812
5880,合庫金,79,0,79,元大-台中,2024-05-30,9812
1473,台南,168,100,68,元大-台中,2024-05-30,9812
2888,新光金,67,4,63,元大-台中,2024-05-30,9812
1815,富喬,205,149,56,元大-台中,2024-05-30,9812
00679B,元大美債20年,56,2,54,元大-台中,2024-05-30,9812
3706,神達,61,14,47,元大-台中,2024-05-30,9812
1608,華榮,50,7,43,元大-台中,2024-05-30,9812
6788,華景電,43,3,40,元大-台中,2024-05-30,9812
2344,華邦電,50,12,38,元大-台中,2024-05-30,9812
2489,瑞軒,42,6,36,元大-台中,2024-05-30,9812
1605,華新,34,0,34,元大-台中,2024-05-30,9812
2834,臺企銀,33,0,33,元大-台中,2024-05-30,9812
00687B,國泰20年美債,43,11,32,元大-台中,2024-05-30,9812
3338,泰碩,64,32,32,元大-台中,2024-05-30,9812
2891,中信金,55,24,31,元大-台中,2024-05-30,9812
2887,台新金,30,0,30,元大-台中,2024-05-30,9812
2356,英業達,29,0,29,元大-台中,2024-05-30,9812
00637L,元大滬深300正2,111,82,29,元大-台中,2024-05-30,9812
2618,長榮航,54,25,29,元大-台中,2024-05-30,9812
00940,元大台灣價值高息,119,92,27,元大-台中,2024-05-30,9812
6209,今國光,61,35,26,元大-台中,2024-05-30,9812
2353,宏��,50,25,25,元大-台中,2024-05-30,9812
4566,時碩工業,35,10,25,元大-台中,2024-05-30,9812
2367,燿華,57,32,25,元大-台中,2024-05-30,9812
00915,凱基優選高股息30,32,9,23,元大-台中,2024-05-30,9812
2002,中鋼,23,1,22,元大-台中,2024-05-30,9812
3402,漢科,21,0,21,元大-台中,2024-05-30,9812
00662,富邦NASDAQ,20,0,20,元大-台中,2024-05-30,9812
2892,第一金,19,0,19,元大-台中,2024-05-30,9812
2324,仁寶,19,0,19,元大-台中,2024-05-30,9812
2337,旺宏,18,0,18,元大-台中,2024-05-30,9812
1504,東元,17,0,17,元大-台中,2024-05-30,9812
8105,凌巨,44,27,17,元大-台中,2024-05-30,9812
2884,玉山金,17,0,17,元大-台中,2024-05-30,9812
00720B,元大投資級公司債,17,1,16,元大-台中,2024-05-30,9812
2301,光寶科,21,5,16,元大-台中,2024-05-30,9812
1303,南亞,17,1,16,元大-台中,2024-05-30,9812
2610,華航,36,20,16,元大-台中,2024-05-30,9812
3013,晟銘電,24,8,16,元大-台中,2024-05-30,9812
00753L,中信中國50正2,15,0,15,元大-台中,2024-05-30,9812
2330,台積電,20,5,15,元大-台中,2024-05-30,9812
8096,擎亞,17,3,14,元大-台中,2024-05-30,9812
8042,金山電,14,0,14,元大-台中,2024-05-30,9812
5392,能率,16,2,14,元大-台中,2024-05-30,9812
4533,協易機,825,66,759,元大-台中,2024-05-31,9812
00679B,元大美債20年,714,3,711,元大-台中,2024-05-31,9812
4160,訊聯基因,386,0,386,元大-台中,2024-05-31,9812
00664R,國泰臺灣加權反1,251,0,251,元大-台中,2024-05-31,9812
2367,燿華,243,48,195,元大-台中,2024-05-31,9812
2609,陽明,503,380,123,元大-台中,2024-05-31,9812
2371,大同,110,0,110,元大-台中,2024-05-31,9812
00937B,群益ESG投等債20,147,54,93,元大-台中,2024-05-31,9812
00940,元大台灣價值高息,154,69,85,元大-台中,2024-05-31,9812
2867,三商壽,128,45,83,元大-台中,2024-05-31,9812
2889,國票金,119,40,79,元大-台中,2024-05-31,9812
2610,華航,85,12,73,元大-台中,2024-05-31,9812
2317,鴻海,100,28,72,元大-台中,2024-05-31,9812
00919,群益台灣精選高息,86,17,69,元大-台中,2024-05-31,9812
2330,台積電,66,2,64,元大-台中,2024-05-31,9812
2101,南港,79,17,62,元大-台中,2024-05-31,9812
2344,華邦電,61,0,61,元大-台中,2024-05-31,9812
2836,高雄銀,52,0,52,元大-台中,2024-05-31,9812
6120,達運,40,0,40,元大-台中,2024-05-31,9812
2885,元大金,39,0,39,元大-台中,2024-05-31,9812
8935,邦泰,40,2,38,元大-台中,2024-05-31,9812
2002,中鋼,40,3,37,元大-台中,2024-05-31,9812
6788,華景電,36,0,36,元大-台中,2024-05-31,9812
3372,典範,41,8,33,元大-台中,2024-05-31,9812
2303,聯電,37,4,33,元大-台中,2024-05-31,9812
2409,友達,33,2,31,元大-台中,2024-05-31,9812
2382,廣達,39,7,32,元大-台中,2024-05-31,9812
2328,廣宇,47,21,26,元大-台中,2024-05-31,9812
00687B,國泰20年美債,29,6,23,元大-台中,2024-05-31,9812
2891,中信金,53,31,22,元大-台中,2024-05-31,9812
00715L,期街口布蘭特正2,22,0,22,元大-台中,2024-05-31,9812
2489,瑞軒,27,5,22,元大-台中,2024-05-31,9812
00918,大華優利高填息30,23,2,21,元大-台中,2024-05-31,9812
5706,鳳凰,22,1,21,元大-台中,2024-05-31,9812
3312,弘憶股,302,282,20,元大-台中,2024-05-31,9812
00688L,國泰20年美債正2,20,0,20,元大-台中,2024-05-31,9812
6244,茂迪,20,0,20,元大-台中,2024-05-31,9812
2354,鴻準,1529,1510,19,元大-台中,2024-05-31,9812
4155,訊映,18,0,18,元大-台中,2024-05-31,9812
6188,廣明,65,49,16,元大-台中,2024-05-31,9812
1795,美時,21,5,16,元大-台中,2024-05-31,9812
2323,中環,25,9,16,元大-台中,2024-05-31,9812
6237,驊訊,16,0,16,元大-台中,2024-05-31,9812
4960,誠美材,20,4,16,元大-台中,2024-05-31,9812
3231,緯創,42,26,16,元大-台中,2024-05-31,9812
00757,統一FANG+,15,0,15,元大-台中,2024-05-31,9812
2324,仁寶,16,1,15,元大-台中,2024-05-31,9812
4549,桓達,23,9,14,元大-台中,2024-05-31,9812
3268,海德威,15,1,14,元大-台中,2024-05-31,9812
8112,至上,13,0,13,元大-台中,2024-05-31,9812
3312,弘憶股,1355,379,976,元大-台中,2024-06-03,9812
2425,承啟,521,6,515,元大-台中,2024-06-03,9812
6117,迎廣,314,22,292,元大-台中,2024-06-03,9812
2801,彰銀,200,0,200,元大-台中,2024-06-03,9812
1504,東元,181,14,167,元大-台中,2024-06-03,9812
6116,彩晶,91,0,91,元大-台中,2024-06-03,9812
00919,群益台灣精選高息,89,13,76,元大-台中,2024-06-03,9812
00878,國泰永續高股息,88,24,64,元大-台中,2024-06-03,9812
2317,鴻海,80,26,54,元大-台中,2024-06-03,9812
00664R,國泰臺灣加權反1,50,0,50,元大-台中,2024-06-03,9812
00929,復華台灣科技優息,52,6,46,元大-台中,2024-06-03,9812
00946,群益科技高息成長,46,0,46,元大-台中,2024-06-03,9812
2618,長榮航,63,18,45,元大-台中,2024-06-03,9812
3481,群創,41,1,40,元大-台中,2024-06-03,9812
2359,所羅門,37,0,37,元大-台中,2024-06-03,9812
2438,翔耀,36,0,36,元大-台中,2024-06-03,9812
6788,華景電,35,0,35,元大-台中,2024-06-03,9812
1582,信錦,60,27,33,元大-台中,2024-06-03,9812
2610,華航,30,1,29,元大-台中,2024-06-03,9812
6290,良維,41,12,29,元大-台中,2024-06-03,9812
4967,十銓,52,24,28,元大-台中,2024-06-03,9812
5474,聰泰,29,2,27,元大-台中,2024-06-03,9812
2353,宏��,58,33,25,元大-台中,2024-06-03,9812
2023,燁輝,25,0,25,元大-台中,2024-06-03,9812
6770,力積電,25,0,25,元大-台中,2024-06-03,9812
00937B,群益ESG投等債20,37,13,24,元大-台中,2024-06-03,9812
2615,萬海,179,155,24,元大-台中,2024-06-03,9812
00679B,元大美債20年,23,0,23,元大-台中,2024-06-03,9812
5426,振發,36,13,23,元大-台中,2024-06-03,9812
8112,至上,22,1,21,元大-台中,2024-06-03,9812
6166,凌華,26,6,20,元大-台中,2024-06-03,9812
5371,中光電,54,34,20,元大-台中,2024-06-03,9812
3540,曜越,20,1,19,元大-台中,2024-06-03,9812
00882,中信中國高股息,23,4,19,元大-台中,2024-06-03,9812
2884,玉山金,20,1,19,元大-台中,2024-06-03,9812
4168,醣聯,18,1,17,元大-台中,2024-06-03,9812
3013,晟銘電,676,661,15,元大-台中,2024-06-03,9812
4160,訊聯基因,18,3,15,元大-台中,2024-06-03,9812
5469,瀚宇博,15,0,15,元大-台中,2024-06-03,9812
2363,矽統,88,73,15,元大-台中,2024-06-03,9812
1305,華夏,15,0,15,元大-台中,2024-06-03,9812
5452,佶優,15,1,14,元大-台中,2024-06-03,9812
6005,群益證,15,1,14,元大-台中,2024-06-03,9812
1326,台化,13,0,13,元大-台中,2024-06-03,9812
00942B,台新美A公司債20+,16,3,13,元大-台中,2024-06-03,9812
1303,南亞,18,5,13,元大-台中,2024-06-03,9812
8906,花王,12,0,12,元大-台中,2024-06-03,9812
3437,榮創,20,8,12,元大-台中,2024-06-03,9812
3231,緯創,47,35,12,元大-台中,2024-06-03,9812
3537,堡達,14,3,11,元大-台中,2024-06-03,9812
1815,富喬,1051,47,1004,元大-台中,2024-06-04,9812
2888,新光金,1209,215,994,元大-台中,2024-06-04,9812
2417,圓剛,502,16,486,元大-台中,2024-06-04,9812
1326,台化,203,2,201,元大-台中,2024-06-04,9812
00664R,國泰臺灣加權反1,200,0,200,元大-台中,2024-06-04,9812
2834,臺企銀,201,15,186,元大-台中,2024-06-04,9812
00919,群益台灣精選高息,129,7,122,元大-台中,2024-06-04,9812
8924,大田,106,0,106,元大-台中,2024-06-04,9812
5609,中菲行,99,0,99,元大-台中,2024-06-04,9812
00929,復華台灣科技優息,114,31,83,元大-台中,2024-06-04,9812
5347,世界,87,9,78,元大-台中,2024-06-04,9812
2344,華邦電,78,2,76,元大-台中,2024-06-04,9812
3481,群創,90,20,70,元大-台中,2024-06-04,9812
00878,國泰永續高股息,71,5,66,元大-台中,2024-06-04,9812
2382,廣達,57,3,54,元大-台中,2024-06-04,9812
2801,彰銀,50,0,50,元大-台中,2024-06-04,9812
2324,仁寶,59,10,49,元大-台中,2024-06-04,9812
00918,大華優利高填息30,54,5,49,元大-台中,2024-06-04,9812
1504,東元,69,25,44,元大-台中,2024-06-04,9812
8234,新漢,86,50,36,元大-台中,2024-06-04,9812
2331,精英,516,487,29,元大-台中,2024-06-04,9812
8374,羅昇,32,3,29,元大-台中,2024-06-04,9812
2409,友達,29,2,27,元大-台中,2024-06-04,9812
2313,華通,25,0,25,元大-台中,2024-06-04,9812
6128,上福,25,1,24,元大-台中,2024-06-04,9812
00940,元大台灣價值高息,44,21,23,元大-台中,2024-06-04,9812
2002,中鋼,22,0,22,元大-台中,2024-06-04,9812
00652,富邦印度,20,0,20,元大-台中,2024-06-04,9812
1802,台玻,66,46,20,元大-台中,2024-06-04,9812
2034,允強,20,0,20,元大-台中,2024-06-04,9812
6244,茂迪,20,0,20,元大-台中,2024-06-04,9812
8358,金居,22,3,19,元大-台中,2024-06-04,9812
2367,燿華,41,22,19,元大-台中,2024-06-04,9812
3231,緯創,21,3,18,元大-台中,2024-06-04,9812
00715L,期街口布蘭特正2,36,20,16,元大-台中,2024-06-04,9812
00713,元大台灣高息低波,16,0,16,元大-台中,2024-06-04,9812
2464,盟立,26,11,15,元大-台中,2024-06-04,9812
4306,炎洲,18,4,14,元大-台中,2024-06-04,9812
2537,聯上發,66,52,14,元大-台中,2024-06-04,9812
8096,擎亞,32,18,14,元大-台中,2024-06-04,9812
2317,鴻海,50,36,14,元大-台中,2024-06-04,9812
2355,敬鵬,15,2,13,元大-台中,2024-06-04,9812
3044,健鼎,19,6,13,元大-台中,2024-06-04,9812
2316,楠梓電,13,0,13,元大-台中,2024-06-04,9812
4915,致伸,15,2,13,元大-台中,2024-06-04,9812
8089,康全電訊,41,28,13,元大-台中,2024-06-04,9812
1605,華新,14,1,13,元大-台中,2024-06-04,9812
2465,麗臺,47,35,12,元大-台中,2024-06-04,9812
1301,台塑,14,1,13,元大-台中,2024-06-04,9812
2603,長榮,29,17,12,元大-台中,2024-06-04,9812
2615,萬海,1771,289,1482,元大-台中,2024-06-05,9812
00632R,元大台灣50反1,270,0,270,元大-台中,2024-06-05,9812
1815,富喬,430,205,225,元大-台中,2024-06-05,9812
00919,群益台灣精選高息,88,8,80,元大-台中,2024-06-05,9812
4160,訊聯基因,151,78,73,元大-台中,2024-06-05,9812
2851,中再保,67,0,67,元大-台中,2024-06-05,9812
1608,華榮,62,0,62,元大-台中,2024-06-05,9812
00929,復華台灣科技優息,147,95,52,元大-台中,2024-06-05,9812
8089,康全電訊,70,20,50,元大-台中,2024-06-05,9812
2889,國票金,100,51,49,元大-台中,2024-06-05,9812
2303,聯電,52,7,45,元大-台中,2024-06-05,9812
00940,元大台灣價值高息,52,8,44,元大-台中,2024-06-05,9812
00936,台新永續高息中小,73,30,43,元大-台中,2024-06-05,9812
00878,國泰永續高股息,78,41,37,元大-台中,2024-06-05,9812
1504,東元,33,2,31,元大-台中,2024-06-05,9812
2105,正新,35,5,30,元大-台中,2024-06-05,9812
2351,順德,50,20,30,元大-台中,2024-06-05,9812
00942B,台新美A公司債20+,30,2,28,元大-台中,2024-06-05,9812
4906,正文,29,1,28,元大-台中,2024-06-05,9812
2363,矽統,69,42,27,元大-台中,2024-06-05,9812
4549,桓達,29,2,27,元大-台中,2024-06-05,9812
2324,仁寶,40,14,26,元大-台中,2024-06-05,9812
8926,台汽電,26,0,26,元大-台中,2024-06-05,9812
00633L,富邦上証正2,26,0,26,元大-台中,2024-06-05,9812
00642U,期元大S＆P石油,26,0,26,元大-台中,2024-06-05,9812
2328,廣宇,54,30,24,元大-台中,2024-06-05,9812
00664R,國泰臺灣加權反1,25,1,24,元大-台中,2024-06-05,9812
2331,精英,48,25,23,元大-台中,2024-06-05,9812
2891,中信金,98,77,21,元大-台中,2024-06-05,9812
6170,統振,21,1,20,元大-台中,2024-06-05,9812
3048,益登,32,12,20,元大-台中,2024-06-05,9812
4532,瑞智,22,2,20,元大-台中,2024-06-05,9812
00946,群益科技高息成長,20,0,20,元大-台中,2024-06-05,9812
2009,第一銅,22,3,19,元大-台中,2024-06-05,9812
2886,兆豐金,18,0,18,元大-台中,2024-06-05,9812
00909,國泰數位支付服務,20,2,18,元大-台中,2024-06-05,9812
1522,堤維西,21,3,18,元大-台中,2024-06-05,9812
5340,建榮,21,4,17,元大-台中,2024-06-05,9812
2467,志聖,17,0,17,元大-台中,2024-06-05,9812
00918,大華優利高填息30,20,3,17,元大-台中,2024-06-05,9812
00943,兆豐電子高息等權,15,0,15,元大-台中,2024-06-05,9812
3013,晟銘電,49,35,14,元大-台中,2024-06-05,9812
0056,元大高股息,17,4,13,元大-台中,2024-06-05,9812
1326,台化,13,0,13,元大-台中,2024-06-05,9812
00933B,國泰10Y+金融債,12,0,12,元大-台中,2024-06-05,9812
2887,台新金,15,3,12,元大-台中,2024-06-05,9812
6188,廣明,54,42,12,元大-台中,2024-06-05,9812
8358,金居,12,0,12,元大-台中,2024-06-05,9812
3231,緯創,14,3,11,元大-台中,2024-06-05,9812
4513,福裕,30,19,11,元大-台中,2024-06-05,9812
2312,金寶,3783,3125,658,元大-台中,2024-06-06,9812
00632R,元大台灣50反1,355,10,345,元大-台中,2024-06-06,9812
2851,中再保,186,0,186,元大-台中,2024-06-06,9812
00936,台新永續高息中小,169,1,168,元大-台中,2024-06-06,9812
9940,信義,141,0,141,元大-台中,2024-06-06,9812
00929,復華台灣科技優息,150,11,139,元大-台中,2024-06-06,9812
1326,台化,102,0,102,元大-台中,2024-06-06,9812
2371,大同,101,2,99,元大-台中,2024-06-06,9812
6442,光聖,304,222,82,元大-台中,2024-06-06,9812
2611,志信,96,18,78,元大-台中,2024-06-06,9812
1102,亞泥,104,32,72,元大-台中,2024-06-06,9812
2609,陽明,504,432,72,元大-台中,2024-06-06,9812
00919,群益台灣精選高息,133,63,70,元大-台中,2024-06-06,9812
6197,佳必琪,859,791,68,元大-台中,2024-06-06,9812
00664R,國泰臺灣加權反1,65,0,65,元大-台中,2024-06-06,9812
1608,華榮,64,4,60,元大-台中,2024-06-06,9812
00713,元大台灣高息低波,58,2,56,元大-台中,2024-06-06,9812
6188,廣明,56,8,48,元大-台中,2024-06-06,9812
00885,富邦越南,45,1,44,元大-台中,2024-06-06,9812
3231,緯創,43,2,41,元大-台中,2024-06-06,9812
00671R,富邦NASDAQ反1,40,0,40,元大-台中,2024-06-06,9812
00673R,期元大S＆P原油反1,40,0,40,元大-台中,2024-06-06,9812
2328,廣宇,56,16,40,元大-台中,2024-06-06,9812
2303,聯電,37,4,33,元大-台中,2024-06-06,9812
8929,富堡,36,3,33,元大-台中,2024-06-06,9812
00687B,國泰20年美債,43,11,32,元大-台中,2024-06-06,9812
8064,東捷,36,5,31,元大-台中,2024-06-06,9812
00918,大華優利高填息30,29,0,29,元大-台中,2024-06-06,9812
2344,華邦電,38,9,29,元大-台中,2024-06-06,9812
5009,榮剛,29,2,27,元大-台中,2024-06-06,9812
6270,倍微,30,4,26,元大-台中,2024-06-06,9812
8011,台通,26,0,26,元大-台中,2024-06-06,9812
3229,晟鈦,26,0,26,元大-台中,2024-06-06,9812
00939,統一台灣高息動能,26,0,26,元大-台中,2024-06-06,9812
2002,中鋼,26,2,24,元大-台中,2024-06-06,9812
2427,三商電,37,14,23,元大-台中,2024-06-06,9812
6146,耕興,23,0,23,元大-台中,2024-06-06,9812
3483,力致,26,4,22,元大-台中,2024-06-06,9812
6133,金橋,22,0,22,元大-台中,2024-06-06,9812
6170,統振,24,3,21,元大-台中,2024-06-06,9812
2367,燿華,90,70,20,元大-台中,2024-06-06,9812
2331,精英,33,13,20,元大-台中,2024-06-06,9812
2801,彰銀,40,20,20,元大-台中,2024-06-06,9812
00712,復華富時不動產,20,1,19,元大-台中,2024-06-06,9812
4526,東台,25,6,19,元大-台中,2024-06-06,9812
2890,永豐金,18,1,17,元大-台中,2024-06-06,9812
6213,聯茂,38,22,16,元大-台中,2024-06-06,9812
3481,群創,42,26,16,元大-台中,2024-06-06,9812
3708,上緯投控,14,0,14,元大-台中,2024-06-06,9812
2547,日勝生,14,0,14,元大-台中,2024-06-06,9812
1316,上曜,1001,3,998,元大-台中,2024-06-07,9812
3047,訊舟,1247,499,748,元大-台中,2024-06-07,9812
1514,亞力,613,320,293,元大-台中,2024-06-07,9812
2312,金寶,317,117,200,元大-台中,2024-06-07,9812
00936,台新永續高息中小,134,0,134,元大-台中,2024-06-07,9812
00632R,元大台灣50反1,110,0,110,元大-台中,2024-06-07,9812
00929,復華台灣科技優息,115,9,106,元大-台中,2024-06-07,9812
00637L,元大滬深300正2,83,25,58,元大-台中,2024-06-07,9812
2633,台灣高鐵,52,2,50,元大-台中,2024-06-07,9812
6146,耕興,43,0,43,元大-台中,2024-06-07,9812
6213,聯茂,48,6,42,元大-台中,2024-06-07,9812
00919,群益台灣精選高息,84,43,41,元大-台中,2024-06-07,9812
1609,大亞,70,30,40,元大-台中,2024-06-07,9812
00885,富邦越南,40,0,40,元大-台中,2024-06-07,9812
3231,緯創,54,15,39,元大-台中,2024-06-07,9812
2317,鴻海,53,17,36,元大-台中,2024-06-07,9812
00669R,國泰美國道瓊反1,30,0,30,元大-台中,2024-06-07,9812
00902,中信電池及儲能,30,0,30,元大-台中,2024-06-07,9812
00712,復華富時不動產,28,1,27,元大-台中,2024-06-07,9812
00918,大華優利高填息30,32,5,27,元大-台中,2024-06-07,9812
00878,國泰永續高股息,27,1,26,元大-台中,2024-06-07,9812
2867,三商壽,29,4,25,元大-台中,2024-06-07,9812
8210,勤誠,28,4,24,元大-台中,2024-06-07,9812
6190,萬泰科,34,10,24,元大-台中,2024-06-07,9812
2606,裕民,28,4,24,元大-台中,2024-06-07,9812
00939,統一台灣高息動能,37,14,23,元大-台中,2024-06-07,9812
3605,宏致,21,0,21,元大-台中,2024-06-07,9812
2330,台積電,21,0,21,元大-台中,2024-06-07,9812
00687B,國泰20年美債,42,21,21,元大-台中,2024-06-07,9812
2328,廣宇,37,17,20,元大-台中,2024-06-07,9812
5608,四維航,21,2,19,元大-台中,2024-06-07,9812
6188,廣明,24,5,19,元大-台中,2024-06-07,9812
1618,合機,53,35,18,元大-台中,2024-06-07,9812
2371,大同,21,5,16,元大-台中,2024-06-07,9812
1309,台達化,15,0,15,元大-台中,2024-06-07,9812
9802,鈺齊-KY,16,1,15,元大-台中,2024-06-07,9812
6170,統振,23,9,14,元大-台中,2024-06-07,9812
2382,廣達,15,1,14,元大-台中,2024-06-07,9812
2355,敬鵬,16,3,13,元大-台中,2024-06-07,9812
3564,其陽,22,10,12,元大-台中,2024-06-07,9812
00679B,元大美債20年,33,21,12,元大-台中,2024-06-07,9812
4906,正文,13,1,12,元大-台中,2024-06-07,9812
2363,矽統,13,1,12,元大-台中,2024-06-07,9812
00665L,富邦�琤肭磪囓�2,22,10,12,元大-台中,2024-06-07,9812
4167,松瑞藥,12,0,12,元大-台中,2024-06-07,9812
8936,國統,21,10,11,元大-台中,2024-06-07,9812
2889,國票金,37,26,11,元大-台中,2024-06-07,9812
6288,聯嘉,15,4,11,元大-台中,2024-06-07,9812
9945,潤泰新,50,39,11,元大-台中,2024-06-07,9812
2915,潤泰全,11,1,10,元大-台中,2024-06-07,9812
2888,新光金,922,223,699,元大-台中,2024-06-11,9812
3374,精材,307,90,217,元大-台中,2024-06-11,9812
2883,凱基金,260,97,163,元大-台中,2024-06-11,9812
00687B,國泰20年美債,139,4,135,元大-台中,2024-06-11,9812
00919,群益台灣精選高息,132,22,110,元大-台中,2024-06-11,9812
6116,彩晶,96,0,96,元大-台中,2024-06-11,9812
9105,泰金寶-DR,116,25,91,元大-台中,2024-06-11,9812
00937B,群益ESG投等債20,106,26,80,元大-台中,2024-06-11,9812
2603,長榮,107,32,75,元大-台中,2024-06-11,9812
4960,誠美材,70,0,70,元大-台中,2024-06-11,9812
5880,合庫金,69,0,69,元大-台中,2024-06-11,9812
2351,順德,110,44,66,元大-台中,2024-06-11,9812
00679B,元大美債20年,66,1,65,元大-台中,2024-06-11,9812
00936,台新永續高息中小,69,9,60,元大-台中,2024-06-11,9812
2867,三商壽,73,13,60,元大-台中,2024-06-11,9812
4588,玖鼎電力,60,1,59,元大-台中,2024-06-11,9812
2374,佳能,55,3,52,元大-台中,2024-06-11,9812
3229,晟鈦,50,0,50,元大-台中,2024-06-11,9812
00857B,永豐20年美公債,50,1,49,元大-台中,2024-06-11,9812
5263,智崴,48,0,48,元大-台中,2024-06-11,9812
2609,陽明,524,476,48,元大-台中,2024-06-11,9812
00939,統一台灣高息動能,46,0,46,元大-台中,2024-06-11,9812
00918,大華優利高填息30,43,1,42,元大-台中,2024-06-11,9812
2002,中鋼,46,5,41,元大-台中,2024-06-11,9812
1815,富喬,89,49,40,元大-台中,2024-06-11,9812
1608,華榮,58,20,38,元大-台中,2024-06-11,9812
2615,萬海,110,73,37,元大-台中,2024-06-11,9812
00753L,中信中國50正2,186,151,35,元大-台中,2024-06-11,9812
2014,中鴻,33,0,33,元大-台中,2024-06-11,9812
5469,瀚宇博,31,1,30,元大-台中,2024-06-11,9812
2605,新興,84,54,30,元大-台中,2024-06-11,9812
1531,高林股,30,0,30,元大-台中,2024-06-11,9812
2515,中工,30,1,29,元大-台中,2024-06-11,9812
3030,德律,32,4,28,元大-台中,2024-06-11,9812
00632R,元大台灣50反1,28,0,28,元大-台中,2024-06-11,9812
2636,台驊控股,27,0,27,元大-台中,2024-06-11,9812
2618,長榮航,59,34,25,元大-台中,2024-06-11,9812
1802,台玻,28,3,25,元大-台中,2024-06-11,9812
1612,宏泰,25,1,24,元大-台中,2024-06-11,9812
4167,松瑞藥,59,37,22,元大-台中,2024-06-11,9812
6290,良維,25,5,20,元大-台中,2024-06-11,9812
00637L,元大滬深300正2,61,41,20,元大-台中,2024-06-11,9812
2034,允強,20,0,20,元大-台中,2024-06-11,9812
1609,大亞,34,15,19,元大-台中,2024-06-11,9812
2009,第一銅,21,2,19,元大-台中,2024-06-11,9812
00878,國泰永續高股息,21,3,18,元大-台中,2024-06-11,9812
2368,金像電,18,0,18,元大-台中,2024-06-11,9812
00712,復華富時不動產,38,21,17,元大-台中,2024-06-11,9812
0056,元大高股息,20,4,16,元大-台中,2024-06-11,9812
1304,台聚,16,0,16,元大-台中,2024-06-11,9812
2464,盟立,552,255,297,元大-台中,2024-06-12,9812
2867,三商壽,268,1,267,元大-台中,2024-06-12,9812
00687B,國泰20年美債,152,0,152,元大-台中,2024-06-12,9812
00680L,元大美債20正2,117,5,112,元大-台中,2024-06-12,9812
2889,國票金,108,1,107,元大-台中,2024-06-12,9812
2610,華航,110,6,104,元大-台中,2024-06-12,9812
1102,亞泥,101,2,99,元大-台中,2024-06-12,9812
00936,台新永續高息中小,106,10,96,元大-台中,2024-06-12,9812
00885,富邦越南,100,6,94,元大-台中,2024-06-12,9812
3715,定穎投控,83,1,82,元大-台中,2024-06-12,9812
00632R,元大台灣50反1,97,30,67,元大-台中,2024-06-12,9812
00919,群益台灣精選高息,82,24,58,元大-台中,2024-06-12,9812
00918,大華優利高填息30,59,2,57,元大-台中,2024-06-12,9812
00712,復華富時不動產,52,1,51,元大-台中,2024-06-12,9812
00929,復華台灣科技優息,85,35,50,元大-台中,2024-06-12,9812
00937B,群益ESG投等債20,46,4,42,元大-台中,2024-06-12,9812
1531,高林股,40,0,40,元大-台中,2024-06-12,9812
00948B,中信優息投資級債,39,0,39,元大-台中,2024-06-12,9812
4960,誠美材,38,2,36,元大-台中,2024-06-12,9812
2609,陽明,613,583,30,元大-台中,2024-06-12,9812
2409,友達,34,6,28,元大-台中,2024-06-12,9812
00679B,元大美債20年,27,0,27,元大-台中,2024-06-12,9812
3231,緯創,56,29,27,元大-台中,2024-06-12,9812
2412,中華電,47,22,25,元大-台中,2024-06-12,9812
3450,聯鈞,38,15,23,元大-台中,2024-06-12,9812
1802,台玻,25,4,21,元大-台中,2024-06-12,9812
2603,長榮,48,26,22,元大-台中,2024-06-12,9812
2851,中再保,21,0,21,元大-台中,2024-06-12,9812
8064,東捷,21,0,21,元大-台中,2024-06-12,9812
00664R,國泰臺灣加權反1,20,0,20,元大-台中,2024-06-12,9812
00671R,富邦NASDAQ反1,20,0,20,元大-台中,2024-06-12,9812
00947,台新臺灣IC設計,20,0,20,元大-台中,2024-06-12,9812
2324,仁寶,20,2,18,元大-台中,2024-06-12,9812
4306,炎洲,18,0,18,元大-台中,2024-06-12,9812
3162,精確,18,0,18,元大-台中,2024-06-12,9812
2637,慧洋-KY,19,3,16,元大-台中,2024-06-12,9812
1609,大亞,26,11,15,元大-台中,2024-06-12,9812
2897,王道銀行,40,25,15,元大-台中,2024-06-12,9812
3362,先進光,23,8,15,元大-台中,2024-06-12,9812
2104,國際中橡,16,2,14,元大-台中,2024-06-12,9812
1108,幸福,15,2,13,元大-台中,2024-06-12,9812
4533,協易機,63,51,12,元大-台中,2024-06-12,9812
2401,凌陽,22,10,12,元大-台中,2024-06-12,9812
1453,大將,12,0,12,元大-台中,2024-06-12,9812
4726,永昕,17,5,12,元大-台中,2024-06-12,9812
3491,昇達科,13,1,12,元大-台中,2024-06-12,9812
2885,元大金,15,3,12,元大-台中,2024-06-12,9812
3583,辛耘,11,0,11,元大-台中,2024-06-12,9812
2353,宏��,20,9,11,元大-台中,2024-06-12,9812
00650L,復華香港正2,11,0,11,元大-台中,2024-06-12,9812
2888,新光金,556,16,540,元大-台中,2024-06-13,9812
00664R,國泰臺灣加權反1,190,0,190,元大-台中,2024-06-13,9812
2618,長榮航,129,13,116,元大-台中,2024-06-13,9812
00632R,元大台灣50反1,114,12,102,元大-台中,2024-06-13,9812
00665L,富邦�琤肭磪囓�2,100,0,100,元大-台中,2024-06-13,9812
2371,大同,116,18,98,元大-台中,2024-06-13,9812
9105,泰金寶-DR,114,20,94,元大-台中,2024-06-13,9812
00882,中信中國高股息,86,4,82,元大-台中,2024-06-13,9812
00753L,中信中國50正2,63,0,63,元大-台中,2024-06-13,9812
8110,華東,53,1,52,元大-台中,2024-06-13,9812
1102,亞泥,50,0,50,元大-台中,2024-06-13,9812
00687B,國泰20年美債,72,22,50,元大-台中,2024-06-13,9812
3231,緯創,69,20,49,元大-台中,2024-06-13,9812
00918,大華優利高填息30,49,9,40,元大-台中,2024-06-13,9812
00942B,台新美A公司債20+,40,0,40,元大-台中,2024-06-13,9812
3015,全漢,40,1,39,元大-台中,2024-06-13,9812
2889,國票金,41,4,37,元大-台中,2024-06-13,9812
3481,群創,36,2,34,元大-台中,2024-06-13,9812
3535,晶彩科,40,9,31,元大-台中,2024-06-13,9812
2486,一詮,79,48,31,元大-台中,2024-06-13,9812
00712,復華富時不動產,30,0,30,元大-台中,2024-06-13,9812
00885,富邦越南,60,30,30,元大-台中,2024-06-13,9812
2365,昆盈,36,8,28,元大-台中,2024-06-13,9812
3047,訊舟,34,6,28,元大-台中,2024-06-13,9812
00947,台新臺灣IC設計,27,0,27,元大-台中,2024-06-13,9812
2427,三商電,29,2,27,元大-台中,2024-06-13,9812
2482,連宇,28,2,26,元大-台中,2024-06-13,9812
6546,正基,31,5,26,元大-台中,2024-06-13,9812
00948B,中信優息投資級債,24,0,24,元大-台中,2024-06-13,9812
3379,彬台,24,0,24,元大-台中,2024-06-13,9812
1611,中電,21,0,21,元大-台中,2024-06-13,9812
6890,來億-KY,23,2,21,元大-台中,2024-06-13,9812
1617,榮星,69,49,20,元大-台中,2024-06-13,9812
4960,誠美材,21,1,20,元大-台中,2024-06-13,9812
2438,翔耀,20,0,20,元大-台中,2024-06-13,9812
2354,鴻準,26,8,18,元大-台中,2024-06-13,9812
2330,台積電,34,17,17,元大-台中,2024-06-13,9812
2609,陽明,177,162,15,元大-台中,2024-06-13,9812
00936,台新永續高息中小,18,3,15,元大-台中,2024-06-13,9812
3013,晟銘電,26,11,15,元大-台中,2024-06-13,9812
2480,敦陽科,15,0,15,元大-台中,2024-06-13,9812
6125,廣運,28,14,14,元大-台中,2024-06-13,9812
2905,三商,14,0,14,元大-台中,2024-06-13,9812
6216,居易,20,6,14,元大-台中,2024-06-13,9812
2610,華航,21,7,14,元大-台中,2024-06-13,9812
3652,精聯,13,0,13,元大-台中,2024-06-13,9812
2603,長榮,29,17,12,元大-台中,2024-06-13,9812
00713,元大台灣高息低波,13,0,13,元大-台中,2024-06-13,9812
6419,京晨科,12,0,12,元大-台中,2024-06-13,9812
2368,金像電,12,0,12,元大-台中,2024-06-13,9812
1802,台玻,550,2,548,元大-台中,2024-06-14,9812
1514,亞力,537,94,443,元大-台中,2024-06-14,9812
2312,金寶,284,55,229,元大-台中,2024-06-14,9812
6197,佳必琪,716,487,229,元大-台中,2024-06-14,9812
00679B,元大美債20年,148,35,113,元大-台中,2024-06-14,9812
00933B,國泰10Y+金融債,100,0,100,元大-台中,2024-06-14,9812
2367,燿華,120,29,91,元大-台中,2024-06-14,9812
00936,台新永續高息中小,142,59,83,元大-台中,2024-06-14,9812
6170,統振,71,0,71,元大-台中,2024-06-14,9812
00947,台新臺灣IC設計,49,0,49,元大-台中,2024-06-14,9812
00712,復華富時不動產,40,0,40,元大-台中,2024-06-14,9812
6548,長科*,42,2,40,元大-台中,2024-06-14,9812
00946,群益科技高息成長,39,3,36,元大-台中,2024-06-14,9812
3030,德律,37,5,32,元大-台中,2024-06-14,9812
1609,大亞,189,157,32,元大-台中,2024-06-14,9812
5009,榮剛,50,22,28,元大-台中,2024-06-14,9812
4562,穎漢,36,9,27,元大-台中,2024-06-14,9812
2392,正崴,67,42,25,元大-台中,2024-06-14,9812
00632R,元大台灣50反1,21,0,21,元大-台中,2024-06-14,9812
3564,其陽,24,3,21,元大-台中,2024-06-14,9812
6128,上福,20,0,20,元大-台中,2024-06-14,9812
4533,協易機,22,2,20,元大-台中,2024-06-14,9812
4960,誠美材,20,0,20,元大-台中,2024-06-14,9812
1513,中興電,85,65,20,元大-台中,2024-06-14,9812
4976,佳凌,23,4,19,元大-台中,2024-06-14,9812
3015,全漢,18,0,18,元大-台中,2024-06-14,9812
6291,沛亨,18,0,18,元大-台中,2024-06-14,9812
00919,群益台灣精選高息,31,14,17,元大-台中,2024-06-14,9812
00918,大華優利高填息30,36,20,16,元大-台中,2024-06-14,9812
2354,鴻準,24,8,16,元大-台中,2024-06-14,9812
8070,長華*,16,0,16,元大-台中,2024-06-14,9812
6270,倍微,19,3,16,元大-台中,2024-06-14,9812
6116,彩晶,16,0,16,元大-台中,2024-06-14,9812
3048,益登,85,70,15,元大-台中,2024-06-14,9812
1815,富喬,30,15,15,元大-台中,2024-06-14,9812
2356,英業達,15,0,15,元大-台中,2024-06-14,9812
4968,立積,21,7,14,元大-台中,2024-06-14,9812
2363,矽統,79,65,14,元大-台中,2024-06-14,9812
3122,笙泉,14,0,14,元大-台中,2024-06-14,9812
5905,南仁湖,14,0,14,元大-台中,2024-06-14,9812
6770,力積電,26,13,13,元大-台中,2024-06-14,9812
3450,聯鈞,23,10,13,元大-台中,2024-06-14,9812
6125,廣運,14,1,13,元大-台中,2024-06-14,9812
00713,元大台灣高息低波,16,4,12,元大-台中,2024-06-14,9812
00915,凱基優選高股息30,12,0,12,元大-台中,2024-06-14,9812
2801,彰銀,12,0,12,元大-台中,2024-06-14,9812
1617,榮星,21,9,12,元大-台中,2024-06-14,9812
2618,長榮航,20,9,11,元大-台中,2024-06-14,9812
6695,芯鼎,11,0,11,元大-台中,2024-06-14,9812
2633,台灣高鐵,11,0,11,元大-台中,2024-06-14,9812
2365,昆盈,503,10,493,元大-台中,2024-06-17,9812
1802,台玻,473,18,455,元大-台中,2024-06-17,9812
3622,洋華,316,19,297,元大-台中,2024-06-17,9812
00937B,群益ESG投等債20,275,16,259,元大-台中,2024-06-17,9812
2371,大同,425,210,215,元大-台中,2024-06-17,9812
00706L,期元大S＆P日圓正2,165,0,165,元大-台中,2024-06-17,9812
1504,東元,165,47,118,元大-台中,2024-06-17,9812
2002,中鋼,128,11,117,元大-台中,2024-06-17,9812
3048,益登,119,7,112,元大-台中,2024-06-17,9812
00936,台新永續高息中小,174,65,109,元大-台中,2024-06-17,9812
00948B,中信優息投資級債,100,0,100,元大-台中,2024-06-17,9812
2615,萬海,163,66,97,元大-台中,2024-06-17,9812
00947,台新臺灣IC設計,93,0,93,元大-台中,2024-06-17,9812
00918,大華優利高填息30,66,2,64,元大-台中,2024-06-17,9812
00915,凱基優選高股息30,50,0,50,元大-台中,2024-06-17,9812
2633,台灣高鐵,50,0,50,元大-台中,2024-06-17,9812
00919,群益台灣精選高息,76,27,49,元大-台中,2024-06-17,9812
2609,陽明,140,98,42,元大-台中,2024-06-17,9812
5905,南仁湖,66,25,41,元大-台中,2024-06-17,9812
00669R,國泰美國道瓊反1,40,0,40,元大-台中,2024-06-17,9812
1447,力鵬,42,2,40,元大-台中,2024-06-17,9812
6170,統振,39,2,37,元大-台中,2024-06-17,9812
2515,中工,37,0,37,元大-台中,2024-06-17,9812
00687B,國泰20年美債,35,2,33,元大-台中,2024-06-17,9812
2867,三商壽,45,12,33,元大-台中,2024-06-17,9812
8454,富邦媒,29,0,29,元大-台中,2024-06-17,9812
6695,芯鼎,31,2,29,元大-台中,2024-06-17,9812
3537,堡達,28,0,28,元大-台中,2024-06-17,9812
00632R,元大台灣50反1,26,0,26,元大-台中,2024-06-17,9812
8028,昇陽半導體,49,23,26,元大-台中,2024-06-17,9812
4532,瑞智,31,6,25,元大-台中,2024-06-17,9812
6116,彩晶,31,7,24,元大-台中,2024-06-17,9812
1616,億泰,32,12,20,元大-台中,2024-06-17,9812
2851,中再保,20,0,20,元大-台中,2024-06-17,9812
2390,云辰,20,0,20,元大-台中,2024-06-17,9812
00671R,富邦NASDAQ反1,20,0,20,元大-台中,2024-06-17,9812
1528,恩德,20,0,20,元大-台中,2024-06-17,9812
5533,皇鼎,20,0,20,元大-台中,2024-06-17,9812
4960,誠美材,20,0,20,元大-台中,2024-06-17,9812
2888,新光金,174,155,19,元大-台中,2024-06-17,9812
4967,十銓,20,1,19,元大-台中,2024-06-17,9812
00922,國泰台灣領袖50,23,5,18,元大-台中,2024-06-17,9812
2328,廣宇,18,0,18,元大-台中,2024-06-17,9812
1513,中興電,59,41,18,元大-台中,2024-06-17,9812
8374,羅昇,18,1,17,元大-台中,2024-06-17,9812
6023,元大期,16,0,16,元大-台中,2024-06-17,9812
8121,越峰,16,0,16,元大-台中,2024-06-17,9812
6419,京晨科,16,0,16,元大-台中,2024-06-17,9812
00921,兆豐龍頭等權重,15,0,15,元大-台中,2024-06-17,9812
3379,彬台,17,2,15,元大-台中,2024-06-17,9812
3450,聯鈞,518,36,482,元大-台中,2024-06-18,9812
6451,訊芯-KY,482,174,308,元大-台中,2024-06-18,9812
9105,泰金寶-DR,127,19,108,元大-台中,2024-06-18,9812
00687B,國泰20年美債,108,0,108,元大-台中,2024-06-18,9812
4726,永昕,145,39,106,元大-台中,2024-06-18,9812
00688L,國泰20年美債正2,100,0,100,元大-台中,2024-06-18,9812
00929,復華台灣科技優息,196,102,94,元大-台中,2024-06-18,9812
1605,華新,96,2,94,元大-台中,2024-06-18,9812
1504,東元,95,3,92,元大-台中,2024-06-18,9812
00664R,國泰臺灣加權反1,65,0,65,元大-台中,2024-06-18,9812
3715,定穎投控,60,0,60,元大-台中,2024-06-18,9812
2801,彰銀,61,10,51,元大-台中,2024-06-18,9812
00632R,元大台灣50反1,51,0,51,元大-台中,2024-06-18,9812
00937B,群益ESG投等債20,69,24,45,元大-台中,2024-06-18,9812
00674R,期元大S＆P黃金反1,45,0,45,元大-台中,2024-06-18,9812
8064,東捷,73,30,43,元大-台中,2024-06-18,9812
2025,千興,45,3,42,元大-台中,2024-06-18,9812
00671R,富邦NASDAQ反1,40,0,40,元大-台中,2024-06-18,9812
1802,台玻,67,28,39,元大-台中,2024-06-18,9812
2464,盟立,47,14,33,元大-台中,2024-06-18,9812
6695,芯鼎,33,0,33,元大-台中,2024-06-18,9812
4967,十銓,70,39,31,元大-台中,2024-06-18,9812
6770,力積電,49,19,30,元大-台中,2024-06-18,9812
3048,益登,42,13,29,元大-台中,2024-06-18,9812
00948B,中信優息投資級債,29,0,29,元大-台中,2024-06-18,9812
4714,永捷,29,0,29,元大-台中,2024-06-18,9812
2606,裕民,28,0,28,元大-台中,2024-06-18,9812
00918,大華優利高填息30,53,26,27,元大-台中,2024-06-18,9812
3481,群創,38,12,26,元大-台中,2024-06-18,9812
1314,中石化,30,4,26,元大-台中,2024-06-18,9812
1409,新纖,24,0,24,元大-台中,2024-06-18,9812
2439,美律,25,1,24,元大-台中,2024-06-18,9812
00713,元大台灣高息低波,25,1,24,元大-台中,2024-06-18,9812
00665L,富邦�琤肭磪囓�2,23,0,23,元大-台中,2024-06-18,9812
1519,華城,53,30,23,元大-台中,2024-06-18,9812
2409,友達,28,6,22,元大-台中,2024-06-18,9812
4960,誠美材,22,0,22,元大-台中,2024-06-18,9812
6160,欣技,26,4,22,元大-台中,2024-06-18,9812
2314,台揚,20,0,20,元大-台中,2024-06-18,9812
2390,云辰,20,0,20,元大-台中,2024-06-18,9812
1909,榮成,20,1,19,元大-台中,2024-06-18,9812
1815,富喬,35,16,19,元大-台中,2024-06-18,9812
00915,凱基優選高股息30,18,0,18,元大-台中,2024-06-18,9812
2353,宏��,21,3,18,元大-台中,2024-06-18,9812
5388,中磊,17,0,17,元大-台中,2024-06-18,9812
1608,華榮,20,4,16,元大-台中,2024-06-18,9812
2301,光寶科,18,2,16,元大-台中,2024-06-18,9812
2351,順德,17,2,15,元大-台中,2024-06-18,9812
00679B,元大美債20年,16,2,14,元大-台中,2024-06-18,9812
2607,榮運,17,3,14,元大-台中,2024-06-18,9812
00632R,元大台灣50反1,674,114,560,元大-台中,2024-06-19,9812
2382,廣達,654,231,423,元大-台中,2024-06-19,9812
00664R,國泰臺灣加權反1,210,0,210,元大-台中,2024-06-19,9812
00929,復華台灣科技優息,366,184,182,元大-台中,2024-06-19,9812
1326,台化,140,2,138,元大-台中,2024-06-19,9812
00937B,群益ESG投等債20,89,28,61,元大-台中,2024-06-19,9812
1805,寶徠,60,0,60,元大-台中,2024-06-19,9812
1503,士電,207,148,59,元大-台中,2024-06-19,9812
00948B,中信優息投資級債,108,50,58,元大-台中,2024-06-19,9812
00882,中信中國高股息,70,20,50,元大-台中,2024-06-19,9812
00712,復華富時不動產,43,3,40,元大-台中,2024-06-19,9812
00946,群益科技高息成長,39,0,39,元大-台中,2024-06-19,9812
2337,旺宏,35,1,34,元大-台中,2024-06-19,9812
2371,大同,50,17,33,元大-台中,2024-06-19,9812
2515,中工,43,10,33,元大-台中,2024-06-19,9812
6188,廣明,60,29,31,元大-台中,2024-06-19,9812
00947,台新臺灣IC設計,29,0,29,元大-台中,2024-06-19,9812
2913,農林,30,2,28,元大-台中,2024-06-19,9812
3229,晟鈦,29,1,28,元大-台中,2024-06-19,9812
6770,力積電,34,6,28,元大-台中,2024-06-19,9812
3055,蔚華科,31,4,27,元大-台中,2024-06-19,9812
5608,四維航,25,0,25,元大-台中,2024-06-19,9812
00918,大華優利高填息30,48,24,24,元大-台中,2024-06-19,9812
6216,居易,30,6,24,元大-台中,2024-06-19,9812
6152,百一,37,13,24,元大-台中,2024-06-19,9812
1609,大亞,36,13,23,元大-台中,2024-06-19,9812
2353,宏��,25,2,23,元大-台中,2024-06-19,9812
6116,彩晶,28,6,22,元大-台中,2024-06-19,9812
00680L,元大美債20正2,22,0,22,元大-台中,2024-06-19,9812
2359,所羅門,118,96,22,元大-台中,2024-06-19,9812
2886,兆豐金,21,0,21,元大-台中,2024-06-19,9812
9945,潤泰新,21,0,21,元大-台中,2024-06-19,9812
00671R,富邦NASDAQ反1,20,0,20,元大-台中,2024-06-19,9812
6026,福邦證,20,0,20,元大-台中,2024-06-19,9812
2606,裕民,22,2,20,元大-台中,2024-06-19,9812
9105,泰金寶-DR,75,57,18,元大-台中,2024-06-19,9812
4714,永捷,17,0,17,元大-台中,2024-06-19,9812
4533,協易機,19,3,16,元大-台中,2024-06-19,9812
2352,佳世達,17,2,15,元大-台中,2024-06-19,9812
3711,日月光投控,25,11,14,元大-台中,2024-06-19,9812
2401,凌陽,16,2,14,元大-台中,2024-06-19,9812
4960,誠美材,14,0,14,元大-台中,2024-06-19,9812
00719B,元大美債1-3,14,0,14,元大-台中,2024-06-19,9812
00881,國泰台灣5G+,25,11,14,元大-台中,2024-06-19,9812
2610,華航,38,25,13,元大-台中,2024-06-19,9812
8374,羅昇,13,0,13,元大-台中,2024-06-19,9812
3015,全漢,13,0,13,元大-台中,2024-06-19,9812
1618,合機,25,12,13,元大-台中,2024-06-19,9812
3303,岱稜,13,0,13,元大-台中,2024-06-19,9812
6834,天二科技,35,22,13,元大-台中,2024-06-19,9812
2888,新光金,386,35,351,元大-台中,2024-06-20,9812
00907,永豐優息存股,200,0,200,元大-台中,2024-06-20,9812
3483,力致,619,468,151,元大-台中,2024-06-20,9812
2371,大同,143,41,102,元大-台中,2024-06-20,9812
3048,益登,113,12,101,元大-台中,2024-06-20,9812
00937B,群益ESG投等債20,96,5,91,元大-台中,2024-06-20,9812
3450,聯鈞,229,140,89,元大-台中,2024-06-20,9812
6451,訊芯-KY,183,124,59,元大-台中,2024-06-20,9812
00919,群益台灣精選高息,74,19,55,元大-台中,2024-06-20,9812
6207,雷科,59,4,55,元大-台中,2024-06-20,9812
00665L,富邦�琤肭磪囓�2,69,14,55,元大-台中,2024-06-20,9812
2399,映泰,48,1,47,元大-台中,2024-06-20,9812
00679B,元大美債20年,69,22,47,元大-台中,2024-06-20,9812
00936,台新永續高息中小,53,7,46,元大-台中,2024-06-20,9812
2867,三商壽,44,1,43,元大-台中,2024-06-20,9812
00671R,富邦NASDAQ反1,40,0,40,元大-台中,2024-06-20,9812
00664R,國泰臺灣加權反1,40,0,40,元大-台中,2024-06-20,9812
00946,群益科技高息成長,41,3,38,元大-台中,2024-06-20,9812
2353,宏��,43,7,36,元大-台中,2024-06-20,9812
4306,炎洲,41,5,36,元大-台中,2024-06-20,9812
2537,聯上發,35,0,35,元大-台中,2024-06-20,9812
2376,技嘉,36,2,34,元大-台中,2024-06-20,9812
6023,元大期,34,0,34,元大-台中,2024-06-20,9812
6170,統振,30,0,30,元大-台中,2024-06-20,9812
1301,台塑,27,0,27,元大-台中,2024-06-20,9812
2412,中華電,26,0,26,元大-台中,2024-06-20,9812
4526,東台,91,65,26,元大-台中,2024-06-20,9812
00947,台新臺灣IC設計,25,0,25,元大-台中,2024-06-20,9812
4566,時碩工業,44,20,24,元大-台中,2024-06-20,9812
2344,華邦電,55,32,23,元大-台中,2024-06-20,9812
00935,野村臺灣新科技50,21,0,21,元大-台中,2024-06-20,9812
00929,復華台灣科技優息,42,22,20,元大-台中,2024-06-20,9812
4906,正文,19,0,19,元大-台中,2024-06-20,9812
4967,十銓,46,27,19,元大-台中,2024-06-20,9812
00895,富邦未來車,19,0,19,元大-台中,2024-06-20,9812
2363,矽統,47,29,18,元大-台中,2024-06-20,9812
2313,華通,47,30,17,元大-台中,2024-06-20,9812
3379,彬台,17,0,17,元大-台中,2024-06-20,9812
00878,國泰永續高股息,29,12,17,元大-台中,2024-06-20,9812
00687B,國泰20年美債,58,41,17,元大-台中,2024-06-20,9812
2354,鴻準,127,110,17,元大-台中,2024-06-20,9812
2329,華泰,30,13,17,元大-台中,2024-06-20,9812
8105,凌巨,33,17,16,元大-台中,2024-06-20,9812
4532,瑞智,16,0,16,元大-台中,2024-06-20,9812
8215,明基材,20,4,16,元大-台中,2024-06-20,9812
00632R,元大台灣50反1,66,50,16,元大-台中,2024-06-20,9812
2618,長榮航,122,107,15,元大-台中,2024-06-20,9812
2330,台積電,22,7,15,元大-台中,2024-06-20,9812
3264,欣銓,15,0,15,元大-台中,2024-06-20,9812
2388,威盛,16,2,14,元大-台中,2024-06-20,9812
3481,群創,23571,20783,2788,元大-台中,2024-06-21,9812
00937B,群益ESG投等債20,336,4,332,元大-台中,2024-06-21,9812
3663,鑫科,401,200,201,元大-台中,2024-06-21,9812
00632R,元大台灣50反1,131,0,131,元大-台中,2024-06-21,9812
00919,群益台灣精選高息,199,76,123,元大-台中,2024-06-21,9812
2618,長榮航,167,56,111,元大-台中,2024-06-21,9812
2836,高雄銀,100,0,100,元大-台中,2024-06-21,9812
6269,台郡,103,4,99,元大-台中,2024-06-21,9812
00929,復華台灣科技優息,136,42,94,元大-台中,2024-06-21,9812
00680L,元大美債20正2,98,13,85,元大-台中,2024-06-21,9812
00940,元大台灣價值高息,162,87,75,元大-台中,2024-06-21,9812
3715,定穎投控,67,4,63,元大-台中,2024-06-21,9812
00637L,元大滬深300正2,122,61,61,元大-台中,2024-06-21,9812
1301,台塑,57,4,53,元大-台中,2024-06-21,9812
1905,華紙,60,8,52,元大-台中,2024-06-21,9812
2344,華邦電,62,10,52,元大-台中,2024-06-21,9812
5880,合庫金,51,1,50,元大-台中,2024-06-21,9812
1312,國喬,59,10,49,元大-台中,2024-06-21,9812
00946,群益科技高息成長,47,0,47,元大-台中,2024-06-21,9812
00712,復華富時不動產,45,0,45,元大-台中,2024-06-21,9812
2347,聯強,47,2,45,元大-台中,2024-06-21,9812
2412,中華電,44,0,44,元大-台中,2024-06-21,9812
4545,銘鈺,45,4,41,元大-台中,2024-06-21,9812
2317,鴻海,82,42,40,元大-台中,2024-06-21,9812
00885,富邦越南,40,0,40,元大-台中,2024-06-21,9812
2367,燿華,40,2,38,元大-台中,2024-06-21,9812
00947,台新臺灣IC設計,35,0,35,元大-台中,2024-06-21,9812
6170,統振,35,0,35,元大-台中,2024-06-21,9812
00687B,國泰20年美債,31,0,31,元大-台中,2024-06-21,9812
2354,鴻準,35,5,30,元大-台中,2024-06-21,9812
1313,聯成,30,0,30,元大-台中,2024-06-21,9812
1504,東元,31,2,29,元大-台中,2024-06-21,9812
4562,穎漢,44,17,27,元大-台中,2024-06-21,9812
6770,力積電,27,1,26,元大-台中,2024-06-21,9812
00936,台新永續高息中小,25,0,25,元大-台中,2024-06-21,9812
3645,達邁,24,0,24,元大-台中,2024-06-21,9812
2330,台積電,32,11,21,元大-台中,2024-06-21,9812
2609,陽明,162,141,21,元大-台中,2024-06-21,9812
00895,富邦未來車,21,1,20,元大-台中,2024-06-21,9812
00902,中信電池及儲能,20,0,20,元大-台中,2024-06-21,9812
2467,志聖,36,16,20,元大-台中,2024-06-21,9812
6176,瑞儀,21,1,20,元大-台中,2024-06-21,9812
4123,晟德,19,1,18,元大-台中,2024-06-21,9812
00830,國泰費城半導體,22,5,17,元大-台中,2024-06-21,9812
2409,友達,103,87,16,元大-台中,2024-06-21,9812
3081,聯亞,18,2,16,元大-台中,2024-06-21,9812
1616,億泰,15,0,15,元大-台中,2024-06-21,9812
3305,昇貿,30,17,13,元大-台中,2024-06-21,9812
8011,台通,38,25,13,元大-台中,2024-06-21,9812
6290,良維,13,0,13,元大-台中,2024-06-21,9812
2888,新光金,316,10,306,元大-台中,2024-06-24,9812
3663,鑫科,404,202,202,元大-台中,2024-06-24,9812
00940,元大台灣價值高息,269,106,163,元大-台中,2024-06-24,9812
1809,中釉,144,0,144,元大-台中,2024-06-24,9812
00919,群益台灣精選高息,186,55,131,元大-台中,2024-06-24,9812
6170,統振,129,5,124,元大-台中,2024-06-24,9812
00936,台新永續高息中小,119,4,115,元大-台中,2024-06-24,9812
00929,復華台灣科技優息,178,71,107,元大-台中,2024-06-24,9812
00937B,群益ESG投等債20,103,17,86,元大-台中,2024-06-24,9812
2409,友達,86,12,74,元大-台中,2024-06-24,9812
6443,元晶,76,2,74,元大-台中,2024-06-24,9812
2488,漢平,69,0,69,元大-台中,2024-06-24,9812
00680L,元大美債20正2,62,5,57,元大-台中,2024-06-24,9812
1101,台泥,55,3,52,元大-台中,2024-06-24,9812
2851,中再保,50,0,50,元大-台中,2024-06-24,9812
2344,華邦電,53,5,48,元大-台中,2024-06-24,9812
6016,康和證,50,8,42,元大-台中,2024-06-24,9812
00947,台新臺灣IC設計,40,1,39,元大-台中,2024-06-24,9812
6530,創威,47,9,38,元大-台中,2024-06-24,9812
1314,中石化,53,16,37,元大-台中,2024-06-24,9812
4532,瑞智,51,14,37,元大-台中,2024-06-24,9812
2330,台積電,46,10,36,元大-台中,2024-06-24,9812
4526,東台,75,39,36,元大-台中,2024-06-24,9812
6244,茂迪,60,25,35,元大-台中,2024-06-24,9812
2369,菱生,37,5,32,元大-台中,2024-06-24,9812
8064,東捷,373,346,27,元大-台中,2024-06-24,9812
00687B,國泰20年美債,26,0,26,元大-台中,2024-06-24,9812
2615,萬海,83,57,26,元大-台中,2024-06-24,9812
5351,鈺創,29,4,25,元大-台中,2024-06-24,9812
00632R,元大台灣50反1,110,85,25,元大-台中,2024-06-24,9812
6125,廣運,31,6,25,元大-台中,2024-06-24,9812
00907,永豐優息存股,21,0,21,元大-台中,2024-06-24,9812
1805,寶徠,21,0,21,元大-台中,2024-06-24,9812
00915,凱基優選高股息30,23,2,21,元大-台中,2024-06-24,9812
020029,元大ESG高股息N,20,0,20,元大-台中,2024-06-24,9812
2390,云辰,20,0,20,元大-台中,2024-06-24,9812
4729,熒茂,20,0,20,元大-台中,2024-06-24,9812
3231,緯創,29,9,20,元大-台中,2024-06-24,9812
00939,統一台灣高息動能,20,2,18,元大-台中,2024-06-24,9812
2002,中鋼,19,2,17,元大-台中,2024-06-24,9812
00891,中信關鍵半導體,30,13,17,元大-台中,2024-06-24,9812
2375,凱美,21,4,17,元大-台中,2024-06-24,9812
3305,昇貿,25,8,17,元大-台中,2024-06-24,9812
2609,陽明,42,25,17,元大-台中,2024-06-24,9812
00905,FT臺灣Smart,17,1,16,元大-台中,2024-06-24,9812
00948B,中信優息投資級債,16,0,16,元大-台中,2024-06-24,9812
3290,東浦,16,0,16,元大-台中,2024-06-24,9812
1308,亞聚,16,0,16,元大-台中,2024-06-24,9812
2324,仁寶,17,2,15,元大-台中,2024-06-24,9812
3706,神達,15,0,15,元大-台中,2024-06-24,9812
2356,英業達,347,36,311,元大-台中,2024-06-25,9812
3481,群創,411,181,230,元大-台中,2024-06-25,9812
00929,復華台灣科技優息,174,34,140,元大-台中,2024-06-25,9812
1326,台化,100,0,100,元大-台中,2024-06-25,9812
00919,群益台灣精選高息,111,35,76,元大-台中,2024-06-25,9812
6170,統振,72,0,72,元大-台中,2024-06-25,9812
2537,聯上發,98,28,70,元大-台中,2024-06-25,9812
2887,台新金,70,3,67,元大-台中,2024-06-25,9812
2488,漢平,65,0,65,元大-台中,2024-06-25,9812
3694,海華,56,2,54,元大-台中,2024-06-25,9812
00720B,元大投資級公司債,53,0,53,元大-台中,2024-06-25,9812
00664R,國泰臺灣加權反1,50,0,50,元大-台中,2024-06-25,9812
2303,聯電,62,29,33,元大-台中,2024-06-25,9812
00936,台新永續高息中小,28,0,28,元大-台中,2024-06-25,9812
2324,仁寶,27,0,27,元大-台中,2024-06-25,9812
1313,聯成,50,23,27,元大-台中,2024-06-25,9812
00688L,國泰20年美債正2,30,5,25,元大-台中,2024-06-25,9812
00946,群益科技高息成長,24,0,24,元大-台中,2024-06-25,9812
00937B,群益ESG投等債20,29,6,23,元大-台中,2024-06-25,9812
1605,華新,24,0,24,元大-台中,2024-06-25,9812
1301,台塑,21,0,21,元大-台中,2024-06-25,9812
3231,緯創,29,9,20,元大-台中,2024-06-25,9812
3264,欣銓,20,0,20,元大-台中,2024-06-25,9812
3037,欣興,20,0,20,元大-台中,2024-06-25,9812
2845,遠東銀,20,1,19,元大-台中,2024-06-25,9812
8271,宇瞻,18,0,18,元大-台中,2024-06-25,9812
2002,中鋼,18,0,18,元大-台中,2024-06-25,9812
3305,昇貿,20,3,17,元大-台中,2024-06-25,9812
6290,良維,67,51,16,元大-台中,2024-06-25,9812
6120,達運,15,0,15,元大-台中,2024-06-25,9812
00947,台新臺灣IC設計,13,0,13,元大-台中,2024-06-25,9812
6576,逸達,13,0,13,元大-台中,2024-06-25,9812
3535,晶彩科,28,15,13,元大-台中,2024-06-25,9812
00918,大華優利高填息30,15,3,12,元大-台中,2024-06-25,9812
1795,美時,13,1,12,元大-台中,2024-06-25,9812
4958,臻鼎-KY,13,1,12,元大-台中,2024-06-25,9812
6695,芯鼎,478,466,12,元大-台中,2024-06-25,9812
1815,富喬,32,20,12,元大-台中,2024-06-25,9812
8040,九暘,12,1,11,元大-台中,2024-06-25,9812
00915,凱基優選高股息30,14,3,11,元大-台中,2024-06-25,9812
3149,正達,18,7,11,元大-台中,2024-06-25,9812
2417,圓剛,16,5,11,元大-台中,2024-06-25,9812
5512,力麒,11,0,11,元大-台中,2024-06-25,9812
4566,時碩工業,27,16,11,元大-台中,2024-06-25,9812
00712,復華富時不動產,10,0,10,元大-台中,2024-06-25,9812
00751B,元大AAA至A公司債,10,0,10,元大-台中,2024-06-25,9812
00905,FT臺灣Smart,10,0,10,元大-台中,2024-06-25,9812
4526,東台,53,43,10,元大-台中,2024-06-25,9812
2405,輔信,10,0,10,元大-台中,2024-06-25,9812
3049,精金,10,0,10,元大-台中,2024-06-25,9812
3047,訊舟,1049,77,972,元大-台中,2024-06-26,9812
1784,訊聯,739,1,738,元大-台中,2024-06-26,9812
00687B,國泰20年美債,79,0,79,元大-台中,2024-06-26,9812
00936,台新永續高息中小,71,0,71,元大-台中,2024-06-26,9812
3264,欣銓,72,1,71,元大-台中,2024-06-26,9812
5880,合庫金,68,1,67,元大-台中,2024-06-26,9812
00878,國泰永續高股息,68,10,58,元大-台中,2024-06-26,9812
2609,陽明,106,57,49,元大-台中,2024-06-26,9812
1101,台泥,50,1,49,元大-台中,2024-06-26,9812
2883,凱基金,86,42,44,元大-台中,2024-06-26,9812
2537,聯上發,42,0,42,元大-台中,2024-06-26,9812
00881,國泰台灣5G+,43,2,41,元大-台中,2024-06-26,9812
2409,友達,47,7,40,元大-台中,2024-06-26,9812
00893,國泰智能電動車,40,1,39,元大-台中,2024-06-26,9812
2884,玉山金,38,0,38,元大-台中,2024-06-26,9812
00919,群益台灣精選高息,72,36,36,元大-台中,2024-06-26,9812
2002,中鋼,41,6,35,元大-台中,2024-06-26,9812
1617,榮星,34,0,34,元大-台中,2024-06-26,9812
6438,迅得,33,2,31,元大-台中,2024-06-26,9812
9105,泰金寶-DR,46,15,31,元大-台中,2024-06-26,9812
3715,定穎投控,30,0,30,元大-台中,2024-06-26,9812
6244,茂迪,105,76,29,元大-台中,2024-06-26,9812
1301,台塑,31,1,30,元大-台中,2024-06-26,9812
3535,晶彩科,42,14,28,元大-台中,2024-06-26,9812
1303,南亞,28,0,28,元大-台中,2024-06-26,9812
00946,群益科技高息成長,32,4,28,元大-台中,2024-06-26,9812
0056,元大高股息,30,3,27,元大-台中,2024-06-26,9812
00720B,元大投資級公司債,26,0,26,元大-台中,2024-06-26,9812
3149,正達,34,8,26,元大-台中,2024-06-26,9812
00939,統一台灣高息動能,30,5,25,元大-台中,2024-06-26,9812
2516,新建,23,0,23,元大-台中,2024-06-26,9812
4109,加捷生醫,30,7,23,元大-台中,2024-06-26,9812
00680L,元大美債20正2,22,0,22,元大-台中,2024-06-26,9812
2515,中工,21,1,20,元大-台中,2024-06-26,9812
00929,復華台灣科技優息,38,18,20,元大-台中,2024-06-26,9812
6163,華電網,24,4,20,元大-台中,2024-06-26,9812
1528,恩德,20,0,20,元大-台中,2024-06-26,9812
2867,三商壽,20,0,20,元大-台中,2024-06-26,9812
1785,光洋科,25,5,20,元大-台中,2024-06-26,9812
6188,廣明,23,4,19,元大-台中,2024-06-26,9812
2317,鴻海,80,61,19,元大-台中,2024-06-26,9812
2615,萬海,36,19,17,元大-台中,2024-06-26,9812
2606,裕民,24,7,17,元大-台中,2024-06-26,9812
2374,佳能,33,16,17,元大-台中,2024-06-26,9812
2353,宏��,24,7,17,元大-台中,2024-06-26,9812
1611,中電,16,0,16,元大-台中,2024-06-26,9812
00918,大華優利高填息30,19,3,16,元大-台中,2024-06-26,9812
00830,國泰費城半導體,16,1,15,元大-台中,2024-06-26,9812
1316,上曜,19,4,15,元大-台中,2024-06-26,9812
00948B,中信優息投資級債,15,0,15,元大-台中,2024-06-26,9812
2356,英業達,874,309,565,元大-台中,2024-06-27,9812
4909,新復興,459,156,303,元大-台中,2024-06-27,9812
3312,弘憶股,527,324,203,元大-台中,2024-06-27,9812
00679B,元大美債20年,207,9,198,元大-台中,2024-06-27,9812
00665L,富邦�琤肭磪囓�2,153,0,153,元大-台中,2024-06-27,9812
2885,元大金,124,13,111,元大-台中,2024-06-27,9812
00676R,富邦臺灣加權反1,101,0,101,元大-台中,2024-06-27,9812
00948B,中信優息投資級債,95,8,87,元大-台中,2024-06-27,9812
2888,新光金,84,0,84,元大-台中,2024-06-27,9812
00936,台新永續高息中小,73,0,73,元大-台中,2024-06-27,9812
00687B,國泰20年美債,72,0,72,元大-台中,2024-06-27,9812
1809,中釉,70,3,67,元大-台中,2024-06-27,9812
6806,森崴能源,144,81,63,元大-台中,2024-06-27,9812
3576,聯合再生,105,43,62,元大-台中,2024-06-27,9812
9105,泰金寶-DR,76,19,57,元大-台中,2024-06-27,9812
3264,欣銓,56,0,56,元大-台中,2024-06-27,9812
3481,群創,81,26,55,元大-台中,2024-06-27,9812
2314,台揚,54,0,54,元大-台中,2024-06-27,9812
3321,同泰,50,1,49,元大-台中,2024-06-27,9812
00680L,元大美債20正2,37,0,37,元大-台中,2024-06-27,9812
3483,力致,62,26,36,元大-台中,2024-06-27,9812
2883,凱基金,44,10,34,元大-台中,2024-06-27,9812
00753L,中信中國50正2,34,0,34,元大-台中,2024-06-27,9812
2374,佳能,34,1,33,元大-台中,2024-06-27,9812
00919,群益台灣精選高息,48,15,33,元大-台中,2024-06-27,9812
2489,瑞軒,58,26,32,元大-台中,2024-06-27,9812
1789,神隆,30,0,30,元大-台中,2024-06-27,9812
00881,國泰台灣5G+,28,0,28,元大-台中,2024-06-27,9812
00937B,群益ESG投等債20,121,94,27,元大-台中,2024-06-27,9812
6244,茂迪,69,44,25,元大-台中,2024-06-27,9812
3297,杭特,40,15,25,元大-台中,2024-06-27,9812
00946,群益科技高息成長,23,0,23,元大-台中,2024-06-27,9812
5009,榮剛,24,1,23,元大-台中,2024-06-27,9812
4967,十銓,50,27,23,元大-台中,2024-06-27,9812
6591,動力-KY,23,0,23,元大-台中,2024-06-27,9812
3580,友威科,33,11,22,元大-台中,2024-06-27,9812
00795B,中信美國公債20年,22,0,22,元大-台中,2024-06-27,9812
6120,達運,22,0,22,元大-台中,2024-06-27,9812
00713,元大台灣高息低波,24,2,22,元大-台中,2024-06-27,9812
8271,宇瞻,25,4,21,元大-台中,2024-06-27,9812
3450,聯鈞,70,49,21,元大-台中,2024-06-27,9812
3712,永崴投控,38,17,21,元大-台中,2024-06-27,9812
00632R,元大台灣50反1,23,3,20,元大-台中,2024-06-27,9812
2851,中再保,20,0,20,元大-台中,2024-06-27,9812
5531,鄉林,20,0,20,元大-台中,2024-06-27,9812
2002,中鋼,22,3,19,元大-台中,2024-06-27,9812
2323,中環,20,1,19,元大-台中,2024-06-27,9812
0056,元大高股息,18,0,18,元大-台中,2024-06-27,9812
2812,台中銀,25,8,17,元大-台中,2024-06-27,9812
4306,炎洲,17,0,17,元大-台中,2024-06-27,9812
2356,英業達,363,32,331,元大-台中,2024-06-28,9812
6188,廣明,2180,1901,279,元大-台中,2024-06-28,9812
00929,復華台灣科技優息,247,15,232,元大-台中,2024-06-28,9812
3105,穩懋,358,219,139,元大-台中,2024-06-28,9812
2618,長榮航,103,24,79,元大-台中,2024-06-28,9812
00936,台新永續高息中小,70,2,68,元大-台中,2024-06-28,9812
00937B,群益ESG投等債20,78,11,67,元大-台中,2024-06-28,9812
2354,鴻準,75,8,67,元大-台中,2024-06-28,9812
2371,大同,67,2,65,元大-台中,2024-06-28,9812
6869,雲豹能源,62,4,58,元大-台中,2024-06-28,9812
6182,合晶,57,3,54,元大-台中,2024-06-28,9812
2885,元大金,74,26,48,元大-台中,2024-06-28,9812
2610,華航,55,10,45,元大-台中,2024-06-28,9812
1789,神隆,45,0,45,元大-台中,2024-06-28,9812
5880,合庫金,42,0,42,元大-台中,2024-06-28,9812
2489,瑞軒,68,27,41,元大-台中,2024-06-28,9812
9105,泰金寶-DR,63,25,38,元大-台中,2024-06-28,9812
00905,FT臺灣Smart,37,0,37,元大-台中,2024-06-28,9812
00679B,元大美債20年,37,3,34,元大-台中,2024-06-28,9812
3481,群創,43,13,30,元大-台中,2024-06-28,9812
2617,台航,30,0,30,元大-台中,2024-06-28,9812
3062,建漢,79,50,29,元大-台中,2024-06-28,9812
2406,國碩,81,53,28,元大-台中,2024-06-28,9812
00712,復華富時不動產,26,0,26,元大-台中,2024-06-28,9812
3055,蔚華科,28,3,25,元大-台中,2024-06-28,9812
2308,台達電,29,6,23,元大-台中,2024-06-28,9812
6550,北極星藥業-KY,22,0,22,元大-台中,2024-06-28,9812
5531,鄉林,20,0,20,元大-台中,2024-06-28,9812
1701,中化,20,0,20,元大-台中,2024-06-28,9812
2337,旺宏,23,4,19,元大-台中,2024-06-28,9812
5009,榮剛,19,0,19,元大-台中,2024-06-28,9812
6290,良維,26,7,19,元大-台中,2024-06-28,9812
3227,原相,19,1,18,元大-台中,2024-06-28,9812
6173,信昌電,18,1,17,元大-台中,2024-06-28,9812
2349,錸德,20,3,17,元大-台中,2024-06-28,9812
3213,茂訊,17,0,17,元大-台中,2024-06-28,9812
00919,群益台灣精選高息,40,23,17,元大-台中,2024-06-28,9812
1313,聯成,16,0,16,元大-台中,2024-06-28,9812
2301,光寶科,67,51,16,元大-台中,2024-06-28,9812
00933B,國泰10Y+金融債,15,0,15,元大-台中,2024-06-28,9812
2883,凱基金,25,10,15,元大-台中,2024-06-28,9812
00948B,中信優息投資級債,16,1,15,元大-台中,2024-06-28,9812
2867,三商壽,17,2,15,元大-台中,2024-06-28,9812
2002,中鋼,14,0,14,元大-台中,2024-06-28,9812
6443,元晶,71,58,13,元大-台中,2024-06-28,9812
6120,達運,13,0,13,元大-台中,2024-06-28,9812
00830,國泰費城半導體,16,3,13,元大-台中,2024-06-28,9812
00751B,元大AAA至A公司債,12,0,12,元大-台中,2024-06-28,9812
8932,智通*,12,0,12,元大-台中,2024-06-28,9812
2014,中鴻,14,2,12,元大-台中,2024-06-28,9812
2834,臺企銀,501,1,500,元大-台中,2024-07-01,9812
00937B,群益ESG投等債20,249,13,236,元大-台中,2024-07-01,9812
2356,英業達,236,5,231,元大-台中,2024-07-01,9812
8374,羅昇,215,1,214,元大-台中,2024-07-01,9812
00680L,元大美債20正2,185,0,185,元大-台中,2024-07-01,9812
00688L,國泰20年美債正2,126,0,126,元大-台中,2024-07-01,9812
00679B,元大美債20年,135,19,116,元大-台中,2024-07-01,9812
2367,燿華,103,13,90,元大-台中,2024-07-01,9812
6869,雲豹能源,94,8,86,元大-台中,2024-07-01,9812
0056,元大高股息,85,1,84,元大-台中,2024-07-01,9812
3581,博磊,72,1,71,元大-台中,2024-07-01,9812
00948B,中信優息投資級債,68,0,68,元大-台中,2024-07-01,9812
00949,復華日本龍頭,66,0,66,元大-台中,2024-07-01,9812
00687B,國泰20年美債,67,1,66,元大-台中,2024-07-01,9812
00936,台新永續高息中小,62,6,56,元大-台中,2024-07-01,9812
2618,長榮航,135,80,55,元大-台中,2024-07-01,9812
3652,精聯,47,2,45,元大-台中,2024-07-01,9812
3583,辛耘,103,58,45,元大-台中,2024-07-01,9812
2349,錸德,45,2,43,元大-台中,2024-07-01,9812
3060,銘異,67,26,41,元大-台中,2024-07-01,9812
8271,宇瞻,37,0,37,元大-台中,2024-07-01,9812
2313,華通,35,3,32,元大-台中,2024-07-01,9812
1809,中釉,30,0,30,元大-台中,2024-07-01,9812
6753,龍德造船,105,77,28,元大-台中,2024-07-01,9812
2614,東森,26,0,26,元大-台中,2024-07-01,9812
2903,遠百,26,1,25,元大-台中,2024-07-01,9812
2352,佳世達,28,3,25,元大-台中,2024-07-01,9812
00757,統一FANG+,24,0,24,元大-台中,2024-07-01,9812
8028,昇陽半導體,41,17,24,元大-台中,2024-07-01,9812
00891,中信關鍵半導體,34,10,24,元大-台中,2024-07-01,9812
3356,奇偶,24,2,22,元大-台中,2024-07-01,9812
00720B,元大投資級公司債,21,0,21,元大-台中,2024-07-01,9812
2851,中再保,20,0,20,元大-台中,2024-07-01,9812
00905,FT臺灣Smart,20,0,20,元大-台中,2024-07-01,9812
4952,凌通,20,0,20,元大-台中,2024-07-01,9812
8096,擎亞,38,19,19,元大-台中,2024-07-01,9812
3441,聯一光,20,2,18,元大-台中,2024-07-01,9812
00751B,元大AAA至A公司債,18,0,18,元大-台中,2024-07-01,9812
8234,新漢,20,3,17,元大-台中,2024-07-01,9812
3715,定穎投控,18,1,17,元大-台中,2024-07-01,9812
2464,盟立,57,40,17,元大-台中,2024-07-01,9812
5880,合庫金,16,0,16,元大-台中,2024-07-01,9812
6126,信音,22,7,15,元大-台中,2024-07-01,9812
5392,能率,19,4,15,元大-台中,2024-07-01,9812
3264,欣銓,15,0,15,元大-台中,2024-07-01,9812
00931B,統一美債20年,15,0,15,元大-台中,2024-07-01,9812
2031,新光鋼,14,0,14,元大-台中,2024-07-01,9812
3050,鈺德,37,23,14,元大-台中,2024-07-01,9812
912000,晨訊科-DR,18,4,14,元大-台中,2024-07-01,9812
00632R,元大台灣50反1,14,0,14,元大-台中,2024-07-01,9812
00680L,元大美債20正2,1235,0,1235,元大-台中,2024-07-02,9812
6477,安集,516,8,508,元大-台中,2024-07-02,9812
2303,聯電,418,67,351,元大-台中,2024-07-02,9812
5443,均豪,350,53,297,元大-台中,2024-07-02,9812
1504,東元,282,2,280,元大-台中,2024-07-02,9812
2317,鴻海,269,68,201,元大-台中,2024-07-02,9812
00929,復華台灣科技優息,253,64,189,元大-台中,2024-07-02,9812
00934,中信成長高股息,153,0,153,元大-台中,2024-07-02,9812
3455,由田,350,202,148,元大-台中,2024-07-02,9812
2605,新興,132,23,109,元大-台中,2024-07-02,9812
00936,台新永續高息中小,96,0,96,元大-台中,2024-07-02,9812
2356,英業達,95,0,95,元大-台中,2024-07-02,9812
3492,長盛,95,0,95,元大-台中,2024-07-02,9812
00688L,國泰20年美債正2,81,0,81,元大-台中,2024-07-02,9812
2887,台新金,65,1,64,元大-台中,2024-07-02,9812
9105,泰金寶-DR,114,51,63,元大-台中,2024-07-02,9812
0056,元大高股息,59,1,58,元大-台中,2024-07-02,9812
2365,昆盈,121,63,58,元大-台中,2024-07-02,9812
3622,洋華,66,9,57,元大-台中,2024-07-02,9812
2618,長榮航,93,38,55,元大-台中,2024-07-02,9812
6244,茂迪,1111,1056,55,元大-台中,2024-07-02,9812
00882,中信中國高股息,64,12,52,元大-台中,2024-07-02,9812
3037,欣興,55,3,52,元大-台中,2024-07-02,9812
00937B,群益ESG投等債20,52,4,48,元大-台中,2024-07-02,9812
6290,良維,62,15,47,元大-台中,2024-07-02,9812
00927,群益半導體收益,55,10,45,元大-台中,2024-07-02,9812
00940,元大台灣價值高息,74,29,45,元大-台中,2024-07-02,9812
2903,遠百,45,2,43,元大-台中,2024-07-02,9812
6443,元晶,153,119,34,元大-台中,2024-07-02,9812
00948B,中信優息投資級債,32,0,32,元大-台中,2024-07-02,9812
2801,彰銀,46,15,31,元大-台中,2024-07-02,9812
3615,安可,33,2,31,元大-台中,2024-07-02,9812
3689,湧德,46,16,30,元大-台中,2024-07-02,9812
5452,佶優,68,39,29,元大-台中,2024-07-02,9812
5880,合庫金,27,0,27,元大-台中,2024-07-02,9812
00918,大華優利高填息30,34,7,27,元大-台中,2024-07-02,9812
3380,明泰,36,10,26,元大-台中,2024-07-02,9812
2002,中鋼,25,0,25,元大-台中,2024-07-02,9812
00679B,元大美債20年,72,48,24,元大-台中,2024-07-02,9812
1301,台塑,24,0,24,元大-台中,2024-07-02,9812
4562,穎漢,47,24,23,元大-台中,2024-07-02,9812
1612,宏泰,25,2,23,元大-台中,2024-07-02,9812
2883,凱基金,31,9,22,元大-台中,2024-07-02,9812
2449,京元電子,28,8,20,元大-台中,2024-07-02,9812
2412,中華電,20,0,20,元大-台中,2024-07-02,9812
00712,復華富時不動產,19,0,19,元大-台中,2024-07-02,9812
3535,晶彩科,80,61,19,元大-台中,2024-07-02,9812
6591,動力-KY,19,0,19,元大-台中,2024-07-02,9812
3498,陽程,30,13,17,元大-台中,2024-07-02,9812
4995,晶達,17,0,17,元大-台中,2024-07-02,9812
2417,圓剛,1001,5,996,元大-台中,2024-07-03,9812
00632R,元大台灣50反1,258,0,258,元大-台中,2024-07-03,9812
8071,能率網通,234,1,233,元大-台中,2024-07-03,9812
1504,東元,233,3,230,元大-台中,2024-07-03,9812
2889,國票金,215,5,210,元大-台中,2024-07-03,9812
2467,志聖,232,53,179,元大-台中,2024-07-03,9812
6278,台表科,118,10,108,元大-台中,2024-07-03,9812
00934,中信成長高股息,106,2,104,元大-台中,2024-07-03,9812
00671R,富邦NASDAQ反1,100,0,100,元大-台中,2024-07-03,9812
5452,佶優,91,4,87,元大-台中,2024-07-03,9812
2359,所羅門,700,614,86,元大-台中,2024-07-03,9812
00937B,群益ESG投等債20,84,4,80,元大-台中,2024-07-03,9812
2002,中鋼,61,4,57,元大-台中,2024-07-03,9812
2412,中華電,58,2,56,元大-台中,2024-07-03,9812
2317,鴻海,108,54,54,元大-台中,2024-07-03,9812
00680L,元大美債20正2,58,6,52,元大-台中,2024-07-03,9812
2903,遠百,52,0,52,元大-台中,2024-07-03,9812
00637L,元大滬深300正2,55,10,45,元大-台中,2024-07-03,9812
3686,達能,44,1,43,元大-台中,2024-07-03,9812
2405,輔信,49,9,40,元大-台中,2024-07-03,9812
3576,聯合再生,73,35,38,元大-台中,2024-07-03,9812
6443,元晶,164,128,36,元大-台中,2024-07-03,9812
2489,瑞軒,40,6,34,元大-台中,2024-07-03,9812
00929,復華台灣科技優息,45,11,34,元大-台中,2024-07-03,9812
2208,台船,32,0,32,元大-台中,2024-07-03,9812
2609,陽明,103,71,32,元大-台中,2024-07-03,9812
2511,太子,30,0,30,元大-台中,2024-07-03,9812
5009,榮剛,60,30,30,元大-台中,2024-07-03,9812
5608,四維航,30,1,29,元大-台中,2024-07-03,9812
00713,元大台灣高息低波,30,2,28,元大-台中,2024-07-03,9812
2906,高林,35,8,27,元大-台中,2024-07-03,9812
2332,友訊,33,6,27,元大-台中,2024-07-03,9812
6282,康舒,73,46,27,元大-台中,2024-07-03,9812
00949,復華日本龍頭,27,0,27,元大-台中,2024-07-03,9812
2376,技嘉,26,1,25,元大-台中,2024-07-03,9812
1785,光洋科,57,32,25,元大-台中,2024-07-03,9812
8085,福華,25,0,25,元大-台中,2024-07-03,9812
00679B,元大美債20年,25,1,24,元大-台中,2024-07-03,9812
2913,農林,24,0,24,元大-台中,2024-07-03,9812
3213,茂訊,25,2,23,元大-台中,2024-07-03,9812
3030,德律,30,7,23,元大-台中,2024-07-03,9812
00939,統一台灣高息動能,24,1,23,元大-台中,2024-07-03,9812
3037,欣興,21,0,21,元大-台中,2024-07-03,9812
00936,台新永續高息中小,21,0,21,元大-台中,2024-07-03,9812
3060,銘異,25,5,20,元大-台中,2024-07-03,9812
00665L,富邦�琤肭磪囓�2,20,0,20,元大-台中,2024-07-03,9812
2820,華票,20,0,20,元大-台中,2024-07-03,9812
2392,正崴,49,30,19,元大-台中,2024-07-03,9812
4109,加捷生醫,20,1,19,元大-台中,2024-07-03,9812
3483,力致,19,1,18,元大-台中,2024-07-03,9812
2464,盟立,1028,4,1024,元大-台中,2024-07-04,9812
5009,榮剛,195,0,195,元大-台中,2024-07-04,9812
00632R,元大台灣50反1,396,270,126,元大-台中,2024-07-04,9812
2618,長榮航,157,32,125,元大-台中,2024-07-04,9812
6163,華電網,123,0,123,元大-台中,2024-07-04,9812
6016,康和證,99,0,99,元大-台中,2024-07-04,9812
2303,聯電,104,33,71,元大-台中,2024-07-04,9812
3229,晟鈦,63,0,63,元大-台中,2024-07-04,9812
1504,東元,58,1,57,元大-台中,2024-07-04,9812
1809,中釉,60,4,56,元大-台中,2024-07-04,9812
6591,動力-KY,52,0,52,元大-台中,2024-07-04,9812
6664,群翊,50,0,50,元大-台中,2024-07-04,9812
2412,中華電,48,0,48,元大-台中,2024-07-04,9812
2405,輔信,109,64,45,元大-台中,2024-07-04,9812
6244,茂迪,48,7,41,元大-台中,2024-07-04,9812
1514,亞力,97,57,40,元大-台中,2024-07-04,9812
1409,新纖,65,26,39,元大-台中,2024-07-04,9812
2317,鴻海,123,85,38,元大-台中,2024-07-04,9812
2845,遠東銀,40,4,36,元大-台中,2024-07-04,9812
9103,美德醫療-DR,36,0,36,元大-台中,2024-07-04,9812
2349,錸德,50,15,35,元大-台中,2024-07-04,9812
00687B,國泰20年美債,30,0,30,元大-台中,2024-07-04,9812
00637L,元大滬深300正2,30,0,30,元大-台中,2024-07-04,9812
00671R,富邦NASDAQ反1,30,0,30,元大-台中,2024-07-04,9812
8028,昇陽半導體,34,4,30,元大-台中,2024-07-04,9812
3047,訊舟,127,97,30,元大-台中,2024-07-04,9812
2610,華航,30,2,28,元大-台中,2024-07-04,9812
2883,凱基金,73,46,27,元大-台中,2024-07-04,9812
3005,神基,30,3,27,元大-台中,2024-07-04,9812
00934,中信成長高股息,28,2,26,元大-台中,2024-07-04,9812
3231,緯創,38,14,24,元大-台中,2024-07-04,9812
5347,世界,34,11,23,元大-台中,2024-07-04,9812
00688L,國泰20年美債正2,21,0,21,元大-台中,2024-07-04,9812
8085,福華,22,2,20,元大-台中,2024-07-04,9812
6152,百一,21,1,20,元大-台中,2024-07-04,9812
4720,德淵,21,1,20,元大-台中,2024-07-04,9812
1454,台富,20,0,20,元大-台中,2024-07-04,9812
2369,菱生,24,4,20,元大-台中,2024-07-04,9812
3374,精材,38,19,19,元大-台中,2024-07-04,9812
3455,由田,24,6,18,元大-台中,2024-07-04,9812
3189,景碩,25,8,17,元大-台中,2024-07-04,9812
00936,台新永續高息中小,16,0,16,元大-台中,2024-07-04,9812
6188,廣明,40,24,16,元大-台中,2024-07-04,9812
6669,緯穎,15,0,15,元大-台中,2024-07-04,9812
1783,和康生,15,0,15,元大-台中,2024-07-04,9812
00662,富邦NASDAQ,15,0,15,元大-台中,2024-07-04,9812
2324,仁寶,20,5,15,元大-台中,2024-07-04,9812
00751B,元大AAA至A公司債,14,0,14,元大-台中,2024-07-04,9812
3673,TPK-KY,21,7,14,元大-台中,2024-07-04,9812
6166,凌華,25,11,14,元大-台中,2024-07-04,9812
2312,金寶,8011,3004,5007,元大-台中,2024-07-05,9812
2888,新光金,2126,59,2067,元大-台中,2024-07-05,9812
1785,光洋科,257,63,194,元大-台中,2024-07-05,9812
00934,中信成長高股息,114,1,113,元大-台中,2024-07-05,9812
8935,邦泰,90,0,90,元大-台中,2024-07-05,9812
2618,長榮航,120,43,77,元大-台中,2024-07-05,9812
3229,晟鈦,72,0,72,元大-台中,2024-07-05,9812
00929,復華台灣科技優息,74,4,70,元大-台中,2024-07-05,9812
2610,華航,91,23,68,元大-台中,2024-07-05,9812
2103,台橡,65,0,65,元大-台中,2024-07-05,9812
2323,中環,160,98,62,元大-台中,2024-07-05,9812
00664R,國泰臺灣加權反1,70,10,60,元大-台中,2024-07-05,9812
1905,華紙,59,0,59,元大-台中,2024-07-05,9812
00637L,元大滬深300正2,175,120,55,元大-台中,2024-07-05,9812
2885,元大金,62,16,46,元大-台中,2024-07-05,9812
00632R,元大台灣50反1,40,0,40,元大-台中,2024-07-05,9812
1326,台化,39,0,39,元大-台中,2024-07-05,9812
0056,元大高股息,40,1,39,元大-台中,2024-07-05,9812
6170,統振,36,0,36,元大-台中,2024-07-05,9812
00923,群益台ESG低碳50,45,11,34,元大-台中,2024-07-05,9812
3706,神達,36,2,34,元大-台中,2024-07-05,9812
1609,大亞,41,8,33,元大-台中,2024-07-05,9812
2303,聯電,42,12,30,元大-台中,2024-07-05,9812
2412,中華電,29,1,28,元大-台中,2024-07-05,9812
2489,瑞軒,84,57,27,元大-台中,2024-07-05,9812
00919,群益台灣精選高息,29,5,24,元大-台中,2024-07-05,9812
1605,華新,30,6,24,元大-台中,2024-07-05,9812
6274,台燿,28,4,24,元大-台中,2024-07-05,9812
6706,惠特,34,10,24,元大-台中,2024-07-05,9812
6173,信昌電,29,5,24,元大-台中,2024-07-05,9812
3537,堡達,26,3,23,元大-台中,2024-07-05,9812
4526,東台,24,2,22,元大-台中,2024-07-05,9812
00671R,富邦NASDAQ反1,20,0,20,元大-台中,2024-07-05,9812
5880,合庫金,23,4,19,元大-台中,2024-07-05,9812
6271,同欣電,21,2,19,元大-台中,2024-07-05,9812
3057,喬鼎,20,2,18,元大-台中,2024-07-05,9812
3313,斐成,27,11,16,元大-台中,2024-07-05,9812
00881,國泰台灣5G+,19,4,15,元大-台中,2024-07-05,9812
1529,樂事綠能,15,0,15,元大-台中,2024-07-05,9812
00687B,國泰20年美債,16,1,15,元大-台中,2024-07-05,9812
3062,建漢,21,6,15,元大-台中,2024-07-05,9812
00712,復華富時不動產,14,0,14,元大-台中,2024-07-05,9812
5864,致和證,15,1,14,元大-台中,2024-07-05,9812
00937B,群益ESG投等債20,14,1,13,元大-台中,2024-07-05,9812
00679B,元大美債20年,14,1,13,元大-台中,2024-07-05,9812
00751B,元大AAA至A公司債,25,12,13,元大-台中,2024-07-05,9812
2405,輔信,23,10,13,元大-台中,2024-07-05,9812
8104,錸寶,16,4,12,元大-台中,2024-07-05,9812
2002,中鋼,12,0,12,元大-台中,2024-07-05,9812
6244,茂迪,18,6,12,元大-台中,2024-07-05,9812
2449,京元電子,1110,634,476,元大-台中,2024-07-08,9812
2312,金寶,370,86,284,元大-台中,2024-07-08,9812
1536,和大,344,69,275,元大-台中,2024-07-08,9812
3481,群創,294,48,246,元大-台中,2024-07-08,9812
1409,新纖,159,43,116,元大-台中,2024-07-08,9812
00725B,國泰投資級公司債,88,0,88,元大-台中,2024-07-08,9812
00934,中信成長高股息,85,0,85,元大-台中,2024-07-08,9812
00632R,元大台灣50反1,73,0,73,元大-台中,2024-07-08,9812
4714,永捷,71,0,71,元大-台中,2024-07-08,9812
1711,永光,107,49,58,元大-台中,2024-07-08,9812
1815,富喬,91,37,54,元大-台中,2024-07-08,9812
00671R,富邦NASDAQ反1,50,0,50,元大-台中,2024-07-08,9812
2464,盟立,142,92,50,元大-台中,2024-07-08,9812
6127,九豪,50,10,40,元大-台中,2024-07-08,9812
2603,長榮,56,17,39,元大-台中,2024-07-08,9812
2405,輔信,42,3,39,元大-台中,2024-07-08,9812
6207,雷科,49,11,38,元大-台中,2024-07-08,9812
1522,堤維西,48,10,38,元大-台中,2024-07-08,9812
2365,昆盈,166,129,37,元大-台中,2024-07-08,9812
1101,台泥,68,31,37,元大-台中,2024-07-08,9812
00939,統一台灣高息動能,53,21,32,元大-台中,2024-07-08,9812
8476,台境*,30,0,30,元大-台中,2024-07-08,9812
6152,百一,30,0,30,元大-台中,2024-07-08,9812
8110,華東,31,1,30,元大-台中,2024-07-08,9812
00881,國泰台灣5G+,41,11,30,元大-台中,2024-07-08,9812
2883,凱基金,52,22,30,元大-台中,2024-07-08,9812
00680L,元大美債20正2,37,8,29,元大-台中,2024-07-08,9812
2406,國碩,37,9,28,元大-台中,2024-07-08,9812
3296,勝德,28,0,28,元大-台中,2024-07-08,9812
2417,圓剛,42,15,27,元大-台中,2024-07-08,9812
6189,豐藝,28,2,26,元大-台中,2024-07-08,9812
3594,磐儀,31,5,26,元大-台中,2024-07-08,9812
8935,邦泰,35,10,25,元大-台中,2024-07-08,9812
2356,英業達,27,5,22,元大-台中,2024-07-08,9812
00949,復華日本龍頭,22,0,22,元大-台中,2024-07-08,9812
4960,誠美材,31,9,22,元大-台中,2024-07-08,9812
3706,神達,22,0,22,元大-台中,2024-07-08,9812
4916,事欣科,22,0,22,元大-台中,2024-07-08,9812
00929,復華台灣科技優息,51,29,22,元大-台中,2024-07-08,9812
2891,中信金,26,5,21,元大-台中,2024-07-08,9812
2374,佳能,39,18,21,元大-台中,2024-07-08,9812
0056,元大高股息,32,11,21,元大-台中,2024-07-08,9812
2618,長榮航,49,28,21,元大-台中,2024-07-08,9812
2634,漢翔,21,1,20,元大-台中,2024-07-08,9812
2881,富邦金,31,13,18,元大-台中,2024-07-08,9812
2354,鴻準,62,44,18,元大-台中,2024-07-08,9812
6130,上亞科技,18,0,18,元大-台中,2024-07-08,9812
4533,協易機,18,0,18,元大-台中,2024-07-08,9812
9136,巨騰-DR,18,1,17,元大-台中,2024-07-08,9812
6477,安集,20,4,16,元大-台中,2024-07-08,9812
1616,億泰,4461,37,4424,元大-台中,2024-07-09,9812
00933B,國泰10Y+金融債,159,8,151,元大-台中,2024-07-09,9812
2367,燿華,440,292,148,元大-台中,2024-07-09,9812
00937B,群益ESG投等債20,232,119,113,元大-台中,2024-07-09,9812
00934,中信成長高股息,121,19,102,元大-台中,2024-07-09,9812
00637L,元大滬深300正2,120,20,100,元大-台中,2024-07-09,9812
00664R,國泰臺灣加權反1,100,0,100,元大-台中,2024-07-09,9812
9105,泰金寶-DR,290,198,92,元大-台中,2024-07-09,9812
00946,群益科技高息成長,58,0,58,元大-台中,2024-07-09,9812
1101,台泥,60,5,55,元大-台中,2024-07-09,9812
00632R,元大台灣50反1,83,30,53,元大-台中,2024-07-09,9812
2882,國泰金,62,9,53,元大-台中,2024-07-09,9812
2889,國票金,50,0,50,元大-台中,2024-07-09,9812
00947,台新臺灣IC設計,50,1,49,元大-台中,2024-07-09,9812
5880,合庫金,50,2,48,元大-台中,2024-07-09,9812
2515,中工,52,5,47,元大-台中,2024-07-09,9812
2371,大同,54,7,47,元大-台中,2024-07-09,9812
1605,華新,47,5,42,元大-台中,2024-07-09,9812
3047,訊舟,392,353,39,元大-台中,2024-07-09,9812
00881,國泰台灣5G+,40,1,39,元大-台中,2024-07-09,9812
2609,陽明,65,27,38,元大-台中,2024-07-09,9812
2610,華航,43,6,37,元大-台中,2024-07-09,9812
2618,長榮航,47,12,35,元大-台中,2024-07-09,9812
3481,群創,89,56,33,元大-台中,2024-07-09,9812
3374,精材,51,19,32,元大-台中,2024-07-09,9812
2349,錸德,101,70,31,元大-台中,2024-07-09,9812
6143,振曜,32,1,31,元大-台中,2024-07-09,9812
2427,三商電,31,0,31,元大-台中,2024-07-09,9812
5388,中磊,29,0,29,元大-台中,2024-07-09,9812
2363,矽統,67,45,22,元大-台中,2024-07-09,9812
3712,永崴投控,44,22,22,元大-台中,2024-07-09,9812
2354,鴻準,87,65,22,元大-台中,2024-07-09,9812
1309,台達化,30,8,22,元大-台中,2024-07-09,9812
2344,華邦電,21,0,21,元大-台中,2024-07-09,9812
4306,炎洲,29,8,21,元大-台中,2024-07-09,9812
2903,遠百,20,0,20,元大-台中,2024-07-09,9812
0056,元大高股息,42,22,20,元大-台中,2024-07-09,9812
00927,群益半導體收益,23,5,18,元大-台中,2024-07-09,9812
6214,精誠,18,0,18,元大-台中,2024-07-09,9812
3014,聯陽,18,0,18,元大-台中,2024-07-09,9812
5371,中光電,18,0,18,元大-台中,2024-07-09,9812
00936,台新永續高息中小,29,11,18,元大-台中,2024-07-09,9812
3710,連展投控,18,1,17,元大-台中,2024-07-09,9812
6573,虹揚-KY,17,0,17,元大-台中,2024-07-09,9812
3202,樺晟,17,0,17,元大-台中,2024-07-09,9812
5309,系統電,26,9,17,元大-台中,2024-07-09,9812
5511,德昌,16,0,16,元大-台中,2024-07-09,9812
5328,華容,31,15,16,元大-台中,2024-07-09,9812
2617,台航,17,1,16,元大-台中,2024-07-09,9812
5493,三聯,15,0,15,元大-台中,2024-07-09,9812
3312,弘憶股,680,161,519,元大-台中,2024-07-10,9812
1513,中興電,593,117,476,元大-台中,2024-07-10,9812
2412,中華電,429,0,429,元大-台中,2024-07-10,9812
00632R,元大台灣50反1,203,0,203,元大-台中,2024-07-10,9812
2489,瑞軒,97,27,70,元大-台中,2024-07-10,9812
00665L,富邦�琤肭磪囓�2,67,0,67,元大-台中,2024-07-10,9812
00950B,凱基A級公司債,57,0,57,元大-台中,2024-07-10,9812
2883,凱基金,123,68,55,元大-台中,2024-07-10,9812
00680L,元大美債20正2,59,5,54,元大-台中,2024-07-10,9812
00664R,國泰臺灣加權反1,50,0,50,元大-台中,2024-07-10,9812
6179,亞通,51,1,50,元大-台中,2024-07-10,9812
6443,元晶,67,18,49,元大-台中,2024-07-10,9812
3231,緯創,54,6,48,元大-台中,2024-07-10,9812
9105,泰金寶-DR,202,157,45,元大-台中,2024-07-10,9812
00905,FT臺灣Smart,45,0,45,元大-台中,2024-07-10,9812
2101,南港,52,7,45,元大-台中,2024-07-10,9812
2409,友達,51,9,42,元大-台中,2024-07-10,9812
2353,宏��,106,67,39,元大-台中,2024-07-10,9812
00923,群益台ESG低碳50,36,0,36,元大-台中,2024-07-10,9812
2882,國泰金,48,14,34,元大-台中,2024-07-10,9812
5426,振發,31,1,30,元大-台中,2024-07-10,9812
2002,中鋼,31,2,29,元大-台中,2024-07-10,9812
2352,佳世達,28,0,28,元大-台中,2024-07-10,9812
00725B,國泰投資級公司債,26,0,26,元大-台中,2024-07-10,9812
3034,聯詠,26,0,26,元大-台中,2024-07-10,9812
4510,高鋒,30,4,26,元大-台中,2024-07-10,9812
8105,凌巨,51,26,25,元大-台中,2024-07-10,9812
1789,神隆,25,0,25,元大-台中,2024-07-10,9812
3033,威健,28,3,25,元大-台中,2024-07-10,9812
00687B,國泰20年美債,53,30,23,元大-台中,2024-07-10,9812
2317,鴻海,61,39,22,元大-台中,2024-07-10,9812
2312,金寶,68,47,21,元大-台中,2024-07-10,9812
2392,正崴,104,83,21,元大-台中,2024-07-10,9812
6261,久元,20,0,20,元大-台中,2024-07-10,9812
2897,王道銀行,20,0,20,元大-台中,2024-07-10,9812
2329,華泰,21,1,20,元大-台中,2024-07-10,9812
1303,南亞,20,0,20,元大-台中,2024-07-10,9812
1718,中纖,18,0,18,元大-台中,2024-07-10,9812
1608,華榮,26,8,18,元大-台中,2024-07-10,9812
2834,臺企銀,18,0,18,元大-台中,2024-07-10,9812
00881,國泰台灣5G+,20,3,17,元大-台中,2024-07-10,9812
4545,銘鈺,17,0,17,元大-台中,2024-07-10,9812
3055,蔚華科,20,3,17,元大-台中,2024-07-10,9812
4958,臻鼎-KY,57,41,16,元大-台中,2024-07-10,9812
00927,群益半導體收益,16,0,16,元大-台中,2024-07-10,9812
3047,訊舟,298,282,16,元大-台中,2024-07-10,9812
5443,均豪,36,21,15,元大-台中,2024-07-10,9812
6274,台燿,16,1,15,元大-台中,2024-07-10,9812
3673,TPK-KY,43,28,15,元大-台中,2024-07-10,9812
2449,京元電子,21,6,15,元大-台中,2024-07-10,9812
2888,新光金,2565,1056,1509,元大-台中,2024-07-11,9812
2356,英業達,1361,261,1100,元大-台中,2024-07-11,9812
3189,景碩,1000,38,962,元大-台中,2024-07-11,9812
00937B,群益ESG投等債20,273,9,264,元大-台中,2024-07-11,9812
2365,昆盈,193,57,136,元大-台中,2024-07-11,9812
00934,中信成長高股息,128,4,124,元大-台中,2024-07-11,9812
00950B,凱基A級公司債,111,0,111,元大-台中,2024-07-11,9812
2371,大同,103,24,79,元大-台中,2024-07-11,9812
3047,訊舟,185,117,68,元大-台中,2024-07-11,9812
1101,台泥,61,0,61,元大-台中,2024-07-11,9812
00664R,國泰臺灣加權反1,50,0,50,元大-台中,2024-07-11,9812
3711,日月光投控,65,16,49,元大-台中,2024-07-11,9812
00905,FT臺灣Smart,54,6,48,元大-台中,2024-07-11,9812
4545,銘鈺,48,0,48,元大-台中,2024-07-11,9812
2464,盟立,109,64,45,元大-台中,2024-07-11,9812
2617,台航,72,30,42,元大-台中,2024-07-11,9812
5880,合庫金,48,7,41,元大-台中,2024-07-11,9812
2489,瑞軒,87,47,40,元大-台中,2024-07-11,9812
00931B,統一美債20年,40,3,37,元大-台中,2024-07-11,9812
2610,華航,48,15,33,元大-台中,2024-07-11,9812
00881,國泰台灣5G+,45,13,32,元大-台中,2024-07-11,9812
00688L,國泰20年美債正2,30,0,30,元大-台中,2024-07-11,9812
00725B,國泰投資級公司債,31,2,29,元大-台中,2024-07-11,9812
3483,力致,28,0,28,元大-台中,2024-07-11,9812
8454,富邦媒,28,1,27,元大-台中,2024-07-11,9812
2353,宏��,47,20,27,元大-台中,2024-07-11,9812
2354,鴻準,59,33,26,元大-台中,2024-07-11,9812
5426,振發,27,1,26,元大-台中,2024-07-11,9812
9105,泰金寶-DR,79,54,25,元大-台中,2024-07-11,9812
00665L,富邦�琤肭磪囓�2,25,0,25,元大-台中,2024-07-11,9812
1313,聯成,31,6,25,元大-台中,2024-07-11,9812
2882,國泰金,72,50,22,元大-台中,2024-07-11,9812
2363,矽統,100,78,22,元大-台中,2024-07-11,9812
3050,鈺德,26,5,21,元大-台中,2024-07-11,9812
8092,建暐,22,2,20,元大-台中,2024-07-11,9812
2545,皇翔,22,2,20,元大-台中,2024-07-11,9812
2002,中鋼,40,21,19,元大-台中,2024-07-11,9812
4534,慶騰,20,1,19,元大-台中,2024-07-11,9812
2834,臺企銀,25,6,19,元大-台中,2024-07-11,9812
1609,大亞,28,10,18,元大-台中,2024-07-11,9812
2472,立隆電,20,4,16,元大-台中,2024-07-11,9812
6269,台郡,18,2,16,元大-台中,2024-07-11,9812
1103,嘉泥,16,0,16,元大-台中,2024-07-11,9812
2801,彰銀,16,0,16,元大-台中,2024-07-11,9812
1795,美時,16,0,16,元大-台中,2024-07-11,9812
2889,國票金,15,0,15,元大-台中,2024-07-11,9812
8926,台汽電,15,0,15,元大-台中,2024-07-11,9812
6005,群益證,16,1,15,元大-台中,2024-07-11,9812
3231,緯創,42,27,15,元大-台中,2024-07-11,9812
2305,全友,14,0,14,元大-台中,2024-07-11,9812
00934,中信成長高股息,194,6,188,元大-台中,2024-07-12,9812
00948B,中信優息投資級債,180,0,180,元大-台中,2024-07-12,9812
00929,復華台灣科技優息,247,107,140,元大-台中,2024-07-12,9812
1316,上曜,125,2,123,元大-台中,2024-07-12,9812
2317,鴻海,167,50,117,元大-台中,2024-07-12,9812
00919,群益台灣精選高息,110,9,101,元大-台中,2024-07-12,9812
3022,威強電,100,4,96,元大-台中,2024-07-12,9812
0056,元大高股息,98,6,92,元大-台中,2024-07-12,9812
2303,聯電,102,15,87,元大-台中,2024-07-12,9812
3033,威健,73,1,72,元大-台中,2024-07-12,9812
00688L,國泰20年美債正2,61,0,61,元大-台中,2024-07-12,9812
00881,國泰台灣5G+,65,4,61,元大-台中,2024-07-12,9812
2312,金寶,333,276,57,元大-台中,2024-07-12,9812
1314,中石化,56,0,56,元大-台中,2024-07-12,9812
2405,輔信,69,14,55,元大-台中,2024-07-12,9812
00923,群益台ESG低碳50,52,0,52,元大-台中,2024-07-12,9812
00679B,元大美債20年,69,19,50,元大-台中,2024-07-12,9812
00795B,中信美國公債20年,49,0,49,元大-台中,2024-07-12,9812
6170,統振,50,1,49,元大-台中,2024-07-12,9812
5426,振發,52,3,49,元大-台中,2024-07-12,9812
6116,彩晶,52,9,43,元大-台中,2024-07-12,9812
00905,FT臺灣Smart,43,1,42,元大-台中,2024-07-12,9812
5309,系統電,43,5,38,元大-台中,2024-07-12,9812
00939,統一台灣高息動能,39,1,38,元大-台中,2024-07-12,9812
00878,國泰永續高股息,39,3,36,元大-台中,2024-07-12,9812
8454,富邦媒,35,0,35,元大-台中,2024-07-12,9812
2882,國泰金,69,34,35,元大-台中,2024-07-12,9812
6443,元晶,79,46,33,元大-台中,2024-07-12,9812
3290,東浦,30,0,30,元大-台中,2024-07-12,9812
1313,聯成,29,0,29,元大-台中,2024-07-12,9812
00935,野村臺灣新科技50,28,0,28,元大-台中,2024-07-12,9812
2362,藍天,42,14,28,元大-台中,2024-07-12,9812
3231,緯創,29,2,27,元大-台中,2024-07-12,9812
1616,億泰,44,18,26,元大-台中,2024-07-12,9812
6505,台塑化,25,0,25,元大-台中,2024-07-12,9812
3596,智易,24,0,24,元大-台中,2024-07-12,9812
4536,拓凱,23,0,23,元大-台中,2024-07-12,9812
6278,台表科,26,3,23,元大-台中,2024-07-12,9812
3049,精金,27,5,22,元大-台中,2024-07-12,9812
00830,國泰費城半導體,22,0,22,元大-台中,2024-07-12,9812
00936,台新永續高息中小,22,1,21,元大-台中,2024-07-12,9812
2353,宏��,26,5,21,元大-台中,2024-07-12,9812
2330,台積電,34,14,20,元大-台中,2024-07-12,9812
2603,長榮,61,41,20,元大-台中,2024-07-12,9812
2406,國碩,65,45,20,元大-台中,2024-07-12,9812
3078,僑威,20,0,20,元大-台中,2024-07-12,9812
2438,翔耀,20,0,20,元大-台中,2024-07-12,9812
0050,元大台灣50,22,3,19,元大-台中,2024-07-12,9812
2913,農林,25,6,19,元大-台中,2024-07-12,9812
2371,大同,21,2,19,元大-台中,2024-07-12,9812
2888,新光金,813,309,504,元大-台中,2024-07-15,9812
1609,大亞,497,43,454,元大-台中,2024-07-15,9812
2489,瑞軒,635,335,300,元大-台中,2024-07-15,9812
2537,聯上發,1759,1469,290,元大-台中,2024-07-15,9812
00905,FT臺灣Smart,254,6,248,元大-台中,2024-07-15,9812
00948B,中信優息投資級債,197,4,193,元大-台中,2024-07-15,9812
3535,晶彩科,200,18,182,元大-台中,2024-07-15,9812
2867,三商壽,220,76,144,元大-台中,2024-07-15,9812
1618,合機,145,6,139,元大-台中,2024-07-15,9812
00929,復華台灣科技優息,130,7,123,元大-台中,2024-07-15,9812
00934,中信成長高股息,126,7,119,元大-台中,2024-07-15,9812
3481,群創,122,12,110,元大-台中,2024-07-15,9812
2891,中信金,138,31,107,元大-台中,2024-07-15,9812
1504,東元,101,1,100,元大-台中,2024-07-15,9812
2228,劍麟,74,0,74,元大-台中,2024-07-15,9812
1536,和大,123,56,67,元大-台中,2024-07-15,9812
2324,仁寶,71,5,66,元大-台中,2024-07-15,9812
1608,華榮,96,42,54,元大-台中,2024-07-15,9812
2801,彰銀,52,0,52,元大-台中,2024-07-15,9812
2409,友達,64,16,48,元大-台中,2024-07-15,9812
00680L,元大美債20正2,44,0,44,元大-台中,2024-07-15,9812
2903,遠百,44,2,42,元大-台中,2024-07-15,9812
2834,臺企銀,41,1,40,元大-台中,2024-07-15,9812
1721,三晃,66,26,40,元大-台中,2024-07-15,9812
0056,元大高股息,46,9,37,元大-台中,2024-07-15,9812
00936,台新永續高息中小,35,2,33,元大-台中,2024-07-15,9812
00713,元大台灣高息低波,32,1,31,元大-台中,2024-07-15,9812
00882,中信中國高股息,32,2,30,元大-台中,2024-07-15,9812
2303,聯電,38,8,30,元大-台中,2024-07-15,9812
6130,上亞科技,30,0,30,元大-台中,2024-07-15,9812
5309,系統電,37,7,30,元大-台中,2024-07-15,9812
6005,群益證,29,0,29,元大-台中,2024-07-15,9812
2365,昆盈,87,59,28,元大-台中,2024-07-15,9812
1310,台苯,30,3,27,元大-台中,2024-07-15,9812
2610,華航,46,21,25,元大-台中,2024-07-15,9812
8021,尖點,25,2,23,元大-台中,2024-07-15,9812
00712,復華富時不動產,30,7,23,元大-台中,2024-07-15,9812
00927,群益半導體收益,23,0,23,元大-台中,2024-07-15,9812
2344,華邦電,24,1,23,元大-台中,2024-07-15,9812
2618,長榮航,48,26,22,元大-台中,2024-07-15,9812
00923,群益台ESG低碳50,22,0,22,元大-台中,2024-07-15,9812
6189,豐藝,24,2,22,元大-台中,2024-07-15,9812
2338,光罩,21,0,21,元大-台中,2024-07-15,9812
3231,緯創,20,0,20,元大-台中,2024-07-15,9812
00939,統一台灣高息動能,24,4,20,元大-台中,2024-07-15,9812
6142,友勁,20,0,20,元大-台中,2024-07-15,9812
00942B,台新美A公司債20+,20,0,20,元大-台中,2024-07-15,9812
020029,元大ESG高股息N,20,0,20,元大-台中,2024-07-15,9812
8054,安國,27,7,20,元大-台中,2024-07-15,9812
3339,泰谷,19,0,19,元大-台中,2024-07-15,9812
2888,新光金,1027,34,993,元大-台中,2024-07-16,9812
2402,毅嘉,938,17,921,元大-台中,2024-07-16,9812
00931B,統一美債20年,248,1,247,元大-台中,2024-07-16,9812
00948B,中信優息投資級債,199,0,199,元大-台中,2024-07-16,9812
2890,永豐金,150,1,149,元大-台中,2024-07-16,9812
00933B,國泰10Y+金融債,128,0,128,元大-台中,2024-07-16,9812
3207,耀勝,100,0,100,元大-台中,2024-07-16,9812
2356,英業達,626,534,92,元大-台中,2024-07-16,9812
00665L,富邦�琤肭磪囓�2,79,0,79,元大-台中,2024-07-16,9812
8121,越峰,73,1,72,元大-台中,2024-07-16,9812
00706L,期元大S＆P日圓正2,70,0,70,元大-台中,2024-07-16,9812
3019,亞光,70,3,67,元大-台中,2024-07-16,9812
3481,群創,86,22,64,元大-台中,2024-07-16,9812
0056,元大高股息,74,12,62,元大-台中,2024-07-16,9812
00882,中信中國高股息,74,14,60,元大-台中,2024-07-16,9812
00937B,群益ESG投等債20,63,5,58,元大-台中,2024-07-16,9812
2317,鴻海,145,91,54,元大-台中,2024-07-16,9812
00934,中信成長高股息,55,0,55,元大-台中,2024-07-16,9812
00919,群益台灣精選高息,53,1,52,元大-台中,2024-07-16,9812
6829,千附精密,55,7,48,元大-台中,2024-07-16,9812
2913,農林,50,3,47,元大-台中,2024-07-16,9812
2617,台航,43,0,43,元大-台中,2024-07-16,9812
00905,FT臺灣Smart,44,2,42,元大-台中,2024-07-16,9812
8936,國統,75,34,41,元大-台中,2024-07-16,9812
2610,華航,42,3,39,元大-台中,2024-07-16,9812
2303,聯電,58,20,38,元大-台中,2024-07-16,9812
00632R,元大台灣50反1,38,0,38,元大-台中,2024-07-16,9812
2363,矽統,97,62,35,元大-台中,2024-07-16,9812
00720B,元大投資級公司債,33,0,33,元大-台中,2024-07-16,9812
00753L,中信中國50正2,30,0,30,元大-台中,2024-07-16,9812
4564,元翎,30,0,30,元大-台中,2024-07-16,9812
2323,中環,40,10,30,元大-台中,2024-07-16,9812
1617,榮星,29,0,29,元大-台中,2024-07-16,9812
1540,喬福,88,60,28,元大-台中,2024-07-16,9812
1102,亞泥,23,0,23,元大-台中,2024-07-16,9812
1785,光洋科,48,25,23,元大-台中,2024-07-16,9812
00942B,台新美A公司債20+,23,0,23,元大-台中,2024-07-16,9812
00929,復華台灣科技優息,41,19,22,元大-台中,2024-07-16,9812
2609,陽明,42,21,21,元大-台中,2024-07-16,9812
00927,群益半導體收益,20,0,20,元大-台中,2024-07-16,9812
1608,華榮,35,15,20,元大-台中,2024-07-16,9812
8064,東捷,27,7,20,元大-台中,2024-07-16,9812
1447,力鵬,20,0,20,元大-台中,2024-07-16,9812
2352,佳世達,28,8,20,元大-台中,2024-07-16,9812
1809,中釉,20,0,20,元大-台中,2024-07-16,9812
00949,復華日本龍頭,18,0,18,元大-台中,2024-07-16,9812
1513,中興電,98,80,18,元大-台中,2024-07-16,9812
6182,合晶,17,0,17,元大-台中,2024-07-16,9812
6770,力積電,17,0,17,元大-台中,2024-07-16,9812
2891,中信金,38,23,15,元大-台中,2024-07-16,9812
2888,新光金,1531,221,1310,元大-台中,2024-07-17,9812
3163,波若威,566,114,452,元大-台中,2024-07-17,9812
2312,金寶,465,96,369,元大-台中,2024-07-17,9812
00948B,中信優息投資級債,324,0,324,元大-台中,2024-07-17,9812
1102,亞泥,208,0,208,元大-台中,2024-07-17,9812
1540,喬福,463,278,185,元大-台中,2024-07-17,9812
00929,復華台灣科技優息,253,75,178,元大-台中,2024-07-17,9812
00919,群益台灣精選高息,158,3,155,元大-台中,2024-07-17,9812
2890,永豐金,152,0,152,元大-台中,2024-07-17,9812
00688L,國泰20年美債正2,147,0,147,元大-台中,2024-07-17,9812
0056,元大高股息,97,0,97,元大-台中,2024-07-17,9812
2402,毅嘉,327,237,90,元大-台中,2024-07-17,9812
3231,緯創,75,10,65,元大-台中,2024-07-17,9812
2617,台航,65,0,65,元大-台中,2024-07-17,9812
3049,精金,65,1,64,元大-台中,2024-07-17,9812
2537,聯上發,199,139,60,元大-台中,2024-07-17,9812
00878,國泰永續高股息,72,13,59,元大-台中,2024-07-17,9812
00927,群益半導體收益,55,0,55,元大-台中,2024-07-17,9812
9945,潤泰新,88,39,49,元大-台中,2024-07-17,9812
2489,瑞軒,77,29,48,元大-台中,2024-07-17,9812
00936,台新永續高息中小,46,6,40,元大-台中,2024-07-17,9812
1447,力鵬,45,5,40,元大-台中,2024-07-17,9812
1714,和桐,40,2,38,元大-台中,2024-07-17,9812
5452,佶優,61,24,37,元大-台中,2024-07-17,9812
2891,中信金,44,7,37,元大-台中,2024-07-17,9812
3652,精聯,38,2,36,元大-台中,2024-07-17,9812
2406,國碩,37,1,36,元大-台中,2024-07-17,9812
00712,復華富時不動產,62,29,33,元大-台中,2024-07-17,9812
8105,凌巨,40,10,30,元大-台中,2024-07-17,9812
00942B,台新美A公司債20+,30,0,30,元大-台中,2024-07-17,9812
2330,台積電,53,25,28,元大-台中,2024-07-17,9812
00679B,元大美債20年,49,24,25,元大-台中,2024-07-17,9812
00881,國泰台灣5G+,25,2,23,元大-台中,2024-07-17,9812
5398,慕康生醫,23,0,23,元大-台中,2024-07-17,9812
00946,群益科技高息成長,25,2,23,元大-台中,2024-07-17,9812
00918,大華優利高填息30,24,1,23,元大-台中,2024-07-17,9812
1504,東元,22,0,22,元大-台中,2024-07-17,9812
3673,TPK-KY,127,105,22,元大-台中,2024-07-17,9812
00940,元大台灣價值高息,116,95,21,元大-台中,2024-07-17,9812
2390,云辰,20,0,20,元大-台中,2024-07-17,9812
1616,億泰,24,4,20,元大-台中,2024-07-17,9812
3712,永崴投控,20,1,19,元大-台中,2024-07-17,9812
6770,力積電,31,13,18,元大-台中,2024-07-17,9812
2885,元大金,33,15,18,元大-台中,2024-07-17,9812
2376,技嘉,15,0,15,元大-台中,2024-07-17,9812
2353,宏��,16,1,15,元大-台中,2024-07-17,9812
4906,正文,87,72,15,元大-台中,2024-07-17,9812
5425,台半,15,0,15,元大-台中,2024-07-17,9812
2618,長榮航,25,11,14,元大-台中,2024-07-17,9812
2501,國建,22,8,14,元大-台中,2024-07-17,9812
4160,訊聯基因,501,100,401,元大-台中,2024-07-18,9812
2888,新光金,293,58,235,元大-台中,2024-07-18,9812
2356,英業達,238,12,226,元大-台中,2024-07-18,9812
2617,台航,183,1,182,元大-台中,2024-07-18,9812
00929,復華台灣科技優息,179,33,146,元大-台中,2024-07-18,9812
00905,FT臺灣Smart,121,6,115,元大-台中,2024-07-18,9812
2317,鴻海,162,51,111,元大-台中,2024-07-18,9812
00919,群益台灣精選高息,196,86,110,元大-台中,2024-07-18,9812
00923,群益台ESG低碳50,103,0,103,元大-台中,2024-07-18,9812
1784,訊聯,105,4,101,元大-台中,2024-07-18,9812
00878,國泰永續高股息,91,16,75,元大-台中,2024-07-18,9812
2489,瑞軒,141,69,72,元大-台中,2024-07-18,9812
00927,群益半導體收益,69,0,69,元大-台中,2024-07-18,9812
2323,中環,114,50,64,元大-台中,2024-07-18,9812
00688L,國泰20年美債正2,56,2,54,元大-台中,2024-07-18,9812
0056,元大高股息,69,21,48,元大-台中,2024-07-18,9812
3481,群創,197,153,44,元大-台中,2024-07-18,9812
00881,國泰台灣5G+,43,3,40,元大-台中,2024-07-18,9812
6116,彩晶,40,1,39,元大-台中,2024-07-18,9812
00891,中信關鍵半導體,38,2,36,元大-台中,2024-07-18,9812
00934,中信成長高股息,31,0,31,元大-台中,2024-07-18,9812
2537,聯上發,112,82,30,元大-台中,2024-07-18,9812
1301,台塑,39,9,30,元大-台中,2024-07-18,9812
00935,野村臺灣新科技50,32,4,28,元大-台中,2024-07-18,9812
00830,國泰費城半導體,28,0,28,元大-台中,2024-07-18,9812
00937B,群益ESG投等債20,31,4,27,元大-台中,2024-07-18,9812
2303,聯電,29,4,25,元大-台中,2024-07-18,9812
00680L,元大美債20正2,25,1,24,元大-台中,2024-07-18,9812
9105,泰金寶-DR,38,15,23,元大-台中,2024-07-18,9812
00949,復華日本龍頭,23,0,23,元大-台中,2024-07-18,9812
2891,中信金,35,12,23,元大-台中,2024-07-18,9812
2382,廣達,25,3,22,元大-台中,2024-07-18,9812
6770,力積電,26,6,20,元大-台中,2024-07-18,9812
2506,太設,20,0,20,元大-台中,2024-07-18,9812
00930,永豐ESG低碳高息,20,0,20,元大-台中,2024-07-18,9812
5398,慕康生醫,20,0,20,元大-台中,2024-07-18,9812
00936,台新永續高息中小,19,0,19,元大-台中,2024-07-18,9812
6901,鑽石投資,19,0,19,元大-台中,2024-07-18,9812
9938,百和,35,16,19,元大-台中,2024-07-18,9812
2330,台積電,62,43,19,元大-台中,2024-07-18,9812
2882,國泰金,42,24,18,元大-台中,2024-07-18,9812
1802,台玻,18,0,18,元大-台中,2024-07-18,9812
1611,中電,19,1,18,元大-台中,2024-07-18,9812
00933B,國泰10Y+金融債,82,64,18,元大-台中,2024-07-18,9812
4927,泰鼎-KY,18,0,18,元大-台中,2024-07-18,9812
3231,緯創,27,9,18,元大-台中,2024-07-18,9812
2520,冠德,36,18,18,元大-台中,2024-07-18,9812
2885,元大金,29,11,18,元大-台中,2024-07-18,9812
00713,元大台灣高息低波,43,26,17,元大-台中,2024-07-18,9812
2618,長榮航,24,7,17,元大-台中,2024-07-18,9812
1529,樂事綠能,1127,527,600,元大-台中,2024-07-19,9812
2890,永豐金,206,2,204,元大-台中,2024-07-19,9812
00878,國泰永續高股息,164,56,108,元大-台中,2024-07-19,9812
00929,復華台灣科技優息,237,138,99,元大-台中,2024-07-19,9812
2104,國際中橡,70,0,70,元大-台中,2024-07-19,9812
00713,元大台灣高息低波,69,2,67,元大-台中,2024-07-19,9812
2317,鴻海,201,136,65,元大-台中,2024-07-19,9812
3049,精金,71,7,64,元大-台中,2024-07-19,9812
2330,台積電,180,117,63,元大-台中,2024-07-19,9812
00687B,國泰20年美債,57,1,56,元大-台中,2024-07-19,9812
3481,群創,215,160,55,元大-台中,2024-07-19,9812
1102,亞泥,58,3,55,元大-台中,2024-07-19,9812
2353,宏��,63,11,52,元大-台中,2024-07-19,9812
0056,元大高股息,79,31,48,元大-台中,2024-07-19,9812
00937B,群益ESG投等債20,51,5,46,元大-台中,2024-07-19,9812
2338,光罩,42,1,41,元大-台中,2024-07-19,9812
1810,和成,40,0,40,元大-台中,2024-07-19,9812
6712,長聖,41,2,39,元大-台中,2024-07-19,9812
2617,台航,36,0,36,元大-台中,2024-07-19,9812
2867,三商壽,95,60,35,元大-台中,2024-07-19,9812
00946,群益科技高息成長,39,5,34,元大-台中,2024-07-19,9812
2344,華邦電,36,2,34,元大-台中,2024-07-19,9812
00934,中信成長高股息,37,4,33,元大-台中,2024-07-19,9812
2365,昆盈,186,155,31,元大-台中,2024-07-19,9812
6829,千附精密,30,0,30,元大-台中,2024-07-19,9812
2408,南亞科,29,1,28,元大-台中,2024-07-19,9812
00881,國泰台灣5G+,34,6,28,元大-台中,2024-07-19,9812
1582,信錦,28,1,27,元大-台中,2024-07-19,9812
1527,鑽全,27,0,27,元大-台中,2024-07-19,9812
00948B,中信優息投資級債,27,0,27,元大-台中,2024-07-19,9812
6116,彩晶,35,10,25,元大-台中,2024-07-19,9812
4142,國光生,26,1,25,元大-台中,2024-07-19,9812
00679B,元大美債20年,27,3,24,元大-台中,2024-07-19,9812
8473,山林水,27,6,21,元大-台中,2024-07-19,9812
2328,廣宇,20,0,20,元大-台中,2024-07-19,9812
00936,台新永續高息中小,53,33,20,元大-台中,2024-07-19,9812
3652,精聯,20,0,20,元大-台中,2024-07-19,9812
2516,新建,20,0,20,元大-台中,2024-07-19,9812
00669R,國泰美國道瓊反1,20,0,20,元大-台中,2024-07-19,9812
6151,晉倫,21,2,19,元大-台中,2024-07-19,9812
2897,王道銀行,19,0,19,元大-台中,2024-07-19,9812
2324,仁寶,28,9,19,元大-台中,2024-07-19,9812
1609,大亞,65,46,19,元大-台中,2024-07-19,9812
3380,明泰,44,26,18,元大-台中,2024-07-19,9812
2481,強茂,19,1,18,元大-台中,2024-07-19,9812
8105,凌巨,45,27,18,元大-台中,2024-07-19,9812
2881,富邦金,20,2,18,元大-台中,2024-07-19,9812
6188,廣明,18,1,17,元大-台中,2024-07-19,9812
2889,國票金,20,4,16,元大-台中,2024-07-19,9812
2547,日勝生,55,40,15,元大-台中,2024-07-19,9812
4128,中天,2447,1921,526,元大-台中,2024-07-22,9812
00929,復華台灣科技優息,412,57,355,元大-台中,2024-07-22,9812
3663,鑫科,309,22,287,元大-台中,2024-07-22,9812
00878,國泰永續高股息,209,38,171,元大-台中,2024-07-22,9812
6170,統振,162,0,162,元大-台中,2024-07-22,9812
00919,群益台灣精選高息,198,56,142,元大-台中,2024-07-22,9812
2867,三商壽,169,70,99,元大-台中,2024-07-22,9812
2014,中鴻,101,6,95,元大-台中,2024-07-22,9812
2488,漢平,89,0,89,元大-台中,2024-07-22,9812
3481,群創,197,117,80,元大-台中,2024-07-22,9812
6443,元晶,78,9,69,元大-台中,2024-07-22,9812
2104,國際中橡,60,2,58,元大-台中,2024-07-22,9812
6188,廣明,56,1,55,元大-台中,2024-07-22,9812
2317,鴻海,133,79,54,元大-台中,2024-07-22,9812
9105,泰金寶-DR,79,29,50,元大-台中,2024-07-22,9812
1314,中石化,49,0,49,元大-台中,2024-07-22,9812
00934,中信成長高股息,42,2,40,元大-台中,2024-07-22,9812
8064,東捷,79,41,38,元大-台中,2024-07-22,9812
00637L,元大滬深300正2,90,55,35,元大-台中,2024-07-22,9812
2609,陽明,55,21,34,元大-台中,2024-07-22,9812
2002,中鋼,44,10,34,元大-台中,2024-07-22,9812
5880,合庫金,32,0,32,元大-台中,2024-07-22,9812
3037,欣興,62,30,32,元大-台中,2024-07-22,9812
8932,智通*,31,0,31,元大-台中,2024-07-22,9812
6770,力積電,44,14,30,元大-台中,2024-07-22,9812
1711,永光,31,1,30,元大-台中,2024-07-22,9812
1609,大亞,65,35,30,元大-台中,2024-07-22,9812
00891,中信關鍵半導體,28,0,28,元大-台中,2024-07-22,9812
3189,景碩,41,14,27,元大-台中,2024-07-22,9812
2352,佳世達,37,10,27,元大-台中,2024-07-22,9812
2515,中工,27,0,27,元大-台中,2024-07-22,9812
5512,力麒,86,59,27,元大-台中,2024-07-22,9812
2891,中信金,32,7,25,元大-台中,2024-07-22,9812
2408,南亞科,25,2,23,元大-台中,2024-07-22,9812
3706,神達,24,1,23,元大-台中,2024-07-22,9812
2303,聯電,33,10,23,元大-台中,2024-07-22,9812
00881,國泰台灣5G+,38,15,23,元大-台中,2024-07-22,9812
1303,南亞,26,4,22,元大-台中,2024-07-22,9812
6806,森崴能源,119,98,21,元大-台中,2024-07-22,9812
6712,長聖,20,0,20,元大-台中,2024-07-22,9812
2702,華園,20,0,20,元大-台中,2024-07-22,9812
2208,台船,20,0,20,元大-台中,2024-07-22,9812
2356,英業達,23,3,20,元大-台中,2024-07-22,9812
1513,中興電,26,7,19,元大-台中,2024-07-22,9812
4916,事欣科,37,19,18,元大-台中,2024-07-22,9812
4105,東洋,18,0,18,元大-台中,2024-07-22,9812
2344,華邦電,25,7,18,元大-台中,2024-07-22,9812
2882,國泰金,48,32,16,元大-台中,2024-07-22,9812
4804,大略-KY,15,0,15,元大-台中,2024-07-22,9812
9945,潤泰新,15,1,14,元大-台中,2024-07-22,9812
1540,喬福,512,11,501,元大-台中,2024-07-23,9812
3481,群創,346,76,270,元大-台中,2024-07-23,9812
00929,復華台灣科技優息,165,1,164,元大-台中,2024-07-23,9812
00688L,國泰20年美債正2,148,0,148,元大-台中,2024-07-23,9812
6116,彩晶,140,0,140,元大-台中,2024-07-23,9812
2408,南亞科,117,1,116,元大-台中,2024-07-23,9812
2884,玉山金,111,4,107,元大-台中,2024-07-23,9812
00919,群益台灣精選高息,105,2,103,元大-台中,2024-07-23,9812
00753L,中信中國50正2,101,2,99,元大-台中,2024-07-23,9812
2367,燿華,84,1,83,元大-台中,2024-07-23,9812
00680L,元大美債20正2,74,5,69,元大-台中,2024-07-23,9812
00934,中信成長高股息,64,5,59,元大-台中,2024-07-23,9812
00946,群益科技高息成長,57,0,57,元大-台中,2024-07-23,9812
00679B,元大美債20年,54,1,53,元大-台中,2024-07-23,9812
2888,新光金,63,18,45,元大-台中,2024-07-23,9812
00878,國泰永續高股息,47,3,44,元大-台中,2024-07-23,9812
5309,系統電,61,19,42,元大-台中,2024-07-23,9812
2312,金寶,72,33,39,元大-台中,2024-07-23,9812
2317,鴻海,66,31,35,元大-台中,2024-07-23,9812
2344,華邦電,40,8,32,元大-台中,2024-07-23,9812
6129,普誠,30,0,30,元大-台中,2024-07-23,9812
2409,友達,48,18,30,元大-台中,2024-07-23,9812
6215,和椿,32,2,30,元大-台中,2024-07-23,9812
5371,中光電,31,2,29,元大-台中,2024-07-23,9812
2812,台中銀,26,0,26,元大-台中,2024-07-23,9812
4534,慶騰,27,1,26,元大-台中,2024-07-23,9812
3062,建漢,25,0,25,元大-台中,2024-07-23,9812
6170,統振,25,0,25,元大-台中,2024-07-23,9812
0056,元大高股息,36,13,23,元大-台中,2024-07-23,9812
00687B,國泰20年美債,40,17,23,元大-台中,2024-07-23,9812
3652,精聯,22,1,21,元大-台中,2024-07-23,9812
00719B,元大美債1-3,20,0,20,元大-台中,2024-07-23,9812
8374,羅昇,23,4,19,元大-台中,2024-07-23,9812
1609,大亞,48,29,19,元大-台中,2024-07-23,9812
2489,瑞軒,28,9,19,元大-台中,2024-07-23,9812
8064,東捷,62,44,18,元大-台中,2024-07-23,9812
2891,中信金,21,4,17,元大-台中,2024-07-23,9812
2449,京元電子,17,1,16,元大-台中,2024-07-23,9812
4533,協易機,28,12,16,元大-台中,2024-07-23,9812
3056,富華新,21,5,16,元大-台中,2024-07-23,9812
3188,鑫龍騰,15,0,15,元大-台中,2024-07-23,9812
00936,台新永續高息中小,15,0,15,元大-台中,2024-07-23,9812
00720B,元大投資級公司債,14,0,14,元大-台中,2024-07-23,9812
4526,東台,30,16,14,元大-台中,2024-07-23,9812
6117,迎廣,20,6,14,元大-台中,2024-07-23,9812
0050,元大台灣50,16,2,14,元大-台中,2024-07-23,9812
00637L,元大滬深300正2,23,10,13,元大-台中,2024-07-23,9812
8054,安國,48,36,12,元大-台中,2024-07-23,9812
2486,一詮,18,6,12,元大-台中,2024-07-23,9812
2323,中環,20,8,12,元大-台中,2024-07-23,9812
1449,佳和,1945,1075,870,元大-台中,2024-07-26,9812
00665L,富邦�琤肭磪囓�2,422,0,422,元大-台中,2024-07-26,9812
00680L,元大美債20正2,416,0,416,元大-台中,2024-07-26,9812
00929,復華台灣科技優息,298,3,295,元大-台中,2024-07-26,9812
00948B,中信優息投資級債,250,29,221,元大-台中,2024-07-26,9812
00919,群益台灣精選高息,210,14,196,元大-台中,2024-07-26,9812
00940,元大台灣價值高息,259,68,191,元大-台中,2024-07-26,9812
00878,國泰永續高股息,170,27,143,元大-台中,2024-07-26,9812
1504,東元,207,100,107,元大-台中,2024-07-26,9812
6170,統振,101,0,101,元大-台中,2024-07-26,9812
2488,漢平,89,0,89,元大-台中,2024-07-26,9812
2330,台積電,91,10,81,元大-台中,2024-07-26,9812
00688L,國泰20年美債正2,91,27,64,元大-台中,2024-07-26,9812
2317,鴻海,123,61,62,元大-台中,2024-07-26,9812
2884,玉山金,60,1,59,元大-台中,2024-07-26,9812
0056,元大高股息,65,8,57,元大-台中,2024-07-26,9812
00937B,群益ESG投等債20,65,10,55,元大-台中,2024-07-26,9812
2885,元大金,61,9,52,元大-台中,2024-07-26,9812
3711,日月光投控,51,2,49,元大-台中,2024-07-26,9812
2344,華邦電,52,7,45,元大-台中,2024-07-26,9812
00687B,國泰20年美債,53,9,44,元大-台中,2024-07-26,9812
00934,中信成長高股息,44,0,44,元大-台中,2024-07-26,9812
00881,國泰台灣5G+,40,0,40,元大-台中,2024-07-26,9812
00679B,元大美債20年,39,2,37,元大-台中,2024-07-26,9812
4526,東台,33,0,33,元大-台中,2024-07-26,9812
2303,聯電,37,4,33,元大-台中,2024-07-26,9812
2382,廣達,34,3,31,元大-台中,2024-07-26,9812
1101,台泥,66,36,30,元大-台中,2024-07-26,9812
1809,中釉,30,0,30,元大-台中,2024-07-26,9812
00720B,元大投資級公司債,30,0,30,元大-台中,2024-07-26,9812
00713,元大台灣高息低波,31,3,28,元大-台中,2024-07-26,9812
2323,中環,31,3,28,元大-台中,2024-07-26,9812
00830,國泰費城半導體,29,1,28,元大-台中,2024-07-26,9812
00671R,富邦NASDAQ反1,26,0,26,元大-台中,2024-07-26,9812
00951,台新日本半導體,24,0,24,元大-台中,2024-07-26,9812
00637L,元大滬深300正2,43,20,23,元大-台中,2024-07-26,9812
00915,凱基優選高股息30,22,0,22,元大-台中,2024-07-26,9812
00949,復華日本龍頭,21,0,21,元大-台中,2024-07-26,9812
2545,皇翔,21,0,21,元大-台中,2024-07-26,9812
3380,明泰,20,0,20,元大-台中,2024-07-26,9812
2890,永豐金,19,0,19,元大-台中,2024-07-26,9812
2891,中信金,23,4,19,元大-台中,2024-07-26,9812
0050,元大台灣50,23,4,19,元大-台中,2024-07-26,9812
2002,中鋼,25,7,18,元大-台中,2024-07-26,9812
00751B,元大AAA至A公司債,18,0,18,元大-台中,2024-07-26,9812
3231,緯創,20,4,16,元大-台中,2024-07-26,9812
00725B,國泰投資級公司債,16,0,16,元大-台中,2024-07-26,9812
006208,富邦台50,21,5,16,元大-台中,2024-07-26,9812
00891,中信關鍵半導體,15,0,15,元大-台中,2024-07-26,9812
2208,台船,15,0,15,元大-台中,2024-07-26,9812
2349,錸德,1003,11,992,元大-台中,2024-07-29,9812
00940,元大台灣價值高息,456,73,383,元大-台中,2024-07-29,9812
00948B,中信優息投資級債,290,0,290,元大-台中,2024-07-29,9812
00680L,元大美債20正2,237,11,226,元大-台中,2024-07-29,9812
6170,統振,225,0,225,元大-台中,2024-07-29,9812
2888,新光金,242,29,213,元大-台中,2024-07-29,9812
00688L,國泰20年美債正2,198,11,187,元大-台中,2024-07-29,9812
00878,國泰永續高股息,152,5,147,元大-台中,2024-07-29,9812
1101,台泥,102,0,102,元大-台中,2024-07-29,9812
4533,協易機,97,0,97,元大-台中,2024-07-29,9812
3481,群創,268,199,69,元大-台中,2024-07-29,9812
0056,元大高股息,70,5,65,元大-台中,2024-07-29,9812
00665L,富邦�琤肭磪囓�2,61,2,59,元大-台中,2024-07-29,9812
1514,亞力,61,4,57,元大-台中,2024-07-29,9812
6116,彩晶,58,4,54,元大-台中,2024-07-29,9812
1314,中石化,52,0,52,元大-台中,2024-07-29,9812
4532,瑞智,47,2,45,元大-台中,2024-07-29,9812
00946,群益科技高息成長,42,0,42,元大-台中,2024-07-29,9812
3028,增你強,30,0,30,元大-台中,2024-07-29,9812
2488,漢平,28,0,28,元大-台中,2024-07-29,9812
2353,宏��,27,1,26,元大-台中,2024-07-29,9812
2317,鴻海,63,38,25,元大-台中,2024-07-29,9812
00918,大華優利高填息30,26,1,25,元大-台中,2024-07-29,9812
00951,台新日本半導體,25,0,25,元大-台中,2024-07-29,9812
4157,太景*-KY,25,0,25,元大-台中,2024-07-29,9812
2371,大同,28,7,21,元大-台中,2024-07-29,9812
2367,燿華,29,8,21,元大-台中,2024-07-29,9812
00687B,國泰20年美債,35,15,20,元大-台中,2024-07-29,9812
4105,東洋,20,0,20,元大-台中,2024-07-29,9812
2516,新建,20,0,20,元大-台中,2024-07-29,9812
4960,誠美材,20,0,20,元大-台中,2024-07-29,9812
3293,鈊象,25,5,20,元大-台中,2024-07-29,9812
1522,堤維西,24,5,19,元大-台中,2024-07-29,9812
1326,台化,19,0,19,元大-台中,2024-07-29,9812
2356,英業達,23,5,18,元大-台中,2024-07-29,9812
00937B,群益ESG投等債20,18,0,18,元大-台中,2024-07-29,9812
2481,強茂,19,2,17,元大-台中,2024-07-29,9812
8926,台汽電,17,1,16,元大-台中,2024-07-29,9812
2324,仁寶,25,9,16,元大-台中,2024-07-29,9812
2388,威盛,16,0,16,元大-台中,2024-07-29,9812
2489,瑞軒,23,7,16,元大-台中,2024-07-29,9812
2393,億光,20,4,16,元大-台中,2024-07-29,9812
3211,順達,199,184,15,元大-台中,2024-07-29,9812
00679B,元大美債20年,16,2,14,元大-台中,2024-07-29,9812
8028,昇陽半導體,63,50,13,元大-台中,2024-07-29,9812
5009,榮剛,13,0,13,元大-台中,2024-07-29,9812
2208,台船,13,0,13,元大-台中,2024-07-29,9812
00939,統一台灣高息動能,13,0,13,元大-台中,2024-07-29,9812
2883,凱基金,14,1,13,元大-台中,2024-07-29,9812
1609,大亞,31,19,12,元大-台中,2024-07-29,9812
00632R,元大台灣50反1,837,170,667,元大-台中,2024-07-30,9812
00929,復華台灣科技優息,570,71,499,元大-台中,2024-07-30,9812
2618,長榮航,306,4,302,元大-台中,2024-07-30,9812
3481,群創,420,164,256,元大-台中,2024-07-30,9812
1504,東元,260,9,251,元大-台中,2024-07-30,9812
00665L,富邦�琤肭磪囓�2,218,0,218,元大-台中,2024-07-30,9812
2524,京城,152,3,149,元大-台中,2024-07-30,9812
00946,群益科技高息成長,145,0,145,元大-台中,2024-07-30,9812
00940,元大台灣價值高息,348,243,105,元大-台中,2024-07-30,9812
2867,三商壽,72,0,72,元大-台中,2024-07-30,9812
00680L,元大美債20正2,74,2,72,元大-台中,2024-07-30,9812
2402,毅嘉,59,2,57,元大-台中,2024-07-30,9812
2891,中信金,59,4,55,元大-台中,2024-07-30,9812
00934,中信成長高股息,59,8,51,元大-台中,2024-07-30,9812
00878,國泰永續高股息,90,47,43,元大-台中,2024-07-30,9812
1447,力鵬,42,0,42,元大-台中,2024-07-30,9812
5880,合庫金,44,3,41,元大-台中,2024-07-30,9812
00719B,元大美債1-3,40,0,40,元大-台中,2024-07-30,9812
2363,矽統,79,39,40,元大-台中,2024-07-30,9812
00919,群益台灣精選高息,48,11,37,元大-台中,2024-07-30,9812
2344,華邦電,43,7,36,元大-台中,2024-07-30,9812
0056,元大高股息,48,15,33,元大-台中,2024-07-30,9812
2303,聯電,50,17,33,元大-台中,2024-07-30,9812
6170,統振,33,1,32,元大-台中,2024-07-30,9812
2488,漢平,32,0,32,元大-台中,2024-07-30,9812
2104,國際中橡,30,0,30,元大-台中,2024-07-30,9812
3189,景碩,32,6,26,元大-台中,2024-07-30,9812
00937B,群益ESG投等債20,43,18,25,元大-台中,2024-07-30,9812
2516,新建,25,2,23,元大-台中,2024-07-30,9812
2330,台積電,33,13,20,元大-台中,2024-07-30,9812
2601,益航,20,0,20,元大-台中,2024-07-30,9812
00674R,期元大S＆P黃金反1,20,0,20,元大-台中,2024-07-30,9812
1321,大洋,20,0,20,元大-台中,2024-07-30,9812
2801,彰銀,20,0,20,元大-台中,2024-07-30,9812
3686,達能,20,1,19,元大-台中,2024-07-30,9812
9945,潤泰新,23,4,19,元大-台中,2024-07-30,9812
1532,勤美,19,0,19,元大-台中,2024-07-30,9812
00881,國泰台灣5G+,24,5,19,元大-台中,2024-07-30,9812
00715L,期街口布蘭特正2,18,0,18,元大-台中,2024-07-30,9812
2547,日勝生,17,0,17,元大-台中,2024-07-30,9812
2353,宏��,23,7,16,元大-台中,2024-07-30,9812
2489,瑞軒,20,5,15,元大-台中,2024-07-30,9812
8201,無敵,15,0,15,元大-台中,2024-07-30,9812
00713,元大台灣高息低波,23,10,13,元大-台中,2024-07-30,9812
1616,億泰,12,0,12,元大-台中,2024-07-30,9812
6548,長科*,12,0,12,元大-台中,2024-07-30,9812
00918,大華優利高填息30,12,0,12,元大-台中,2024-07-30,9812
4105,東洋,11,0,11,元大-台中,2024-07-30,9812
9902,台火,23,12,11,元大-台中,2024-07-30,9812
00945B,凱基美國非投等債,11,0,11,元大-台中,2024-07-30,9812
00937B,群益ESG投等債20,382,15,367,元大-台中,2024-07-31,9812
1504,東元,232,5,227,元大-台中,2024-07-31,9812
00632R,元大台灣50反1,158,30,128,元大-台中,2024-07-31,9812
00680L,元大美債20正2,95,18,77,元大-台中,2024-07-31,9812
00929,復華台灣科技優息,73,1,72,元大-台中,2024-07-31,9812
00878,國泰永續高股息,72,3,69,元大-台中,2024-07-31,9812
00931B,統一美債20年,69,14,55,元大-台中,2024-07-31,9812
9105,泰金寶-DR,63,23,40,元大-台中,2024-07-31,9812
00939,統一台灣高息動能,29,5,24,元大-台中,2024-07-31,9812
4532,瑞智,30,6,24,元大-台中,2024-07-31,9812
6177,達麗,26,4,22,元大-台中,2024-07-31,9812
8932,智通*,21,0,21,元大-台中,2024-07-31,9812
4563,百德,21,1,20,元大-台中,2024-07-31,9812
2516,新建,20,0,20,元大-台中,2024-07-31,9812
6170,統振,21,1,20,元大-台中,2024-07-31,9812
00919,群益台灣精選高息,33,14,19,元大-台中,2024-07-31,9812
3024,憶聲,44,26,18,元大-台中,2024-07-31,9812
2363,矽統,531,514,17,元大-台中,2024-07-31,9812
2884,玉山金,19,2,17,元大-台中,2024-07-31,9812
00934,中信成長高股息,18,1,17,元大-台中,2024-07-31,9812
4729,熒茂,24,7,17,元大-台中,2024-07-31,9812
00946,群益科技高息成長,16,0,16,元大-台中,2024-07-31,9812
5425,台半,16,0,16,元大-台中,2024-07-31,9812
2313,華通,20,4,16,元大-台中,2024-07-31,9812
2312,金寶,25,9,16,元大-台中,2024-07-31,9812
2330,台積電,60,45,15,元大-台中,2024-07-31,9812
3047,訊舟,134,120,14,元大-台中,2024-07-31,9812
3037,欣興,15,1,14,元大-台中,2024-07-31,9812
3167,大量,35,22,13,元大-台中,2024-07-31,9812
00665L,富邦�琤肭磪囓�2,15,2,13,元大-台中,2024-07-31,9812
3188,鑫龍騰,17,4,13,元大-台中,2024-07-31,9812
5452,佶優,13,0,13,元大-台中,2024-07-31,9812
1321,大洋,12,0,12,元大-台中,2024-07-31,9812
8064,東捷,94,82,12,元大-台中,2024-07-31,9812
2882,國泰金,20,8,12,元大-台中,2024-07-31,9812
6257,矽格,13,1,12,元大-台中,2024-07-31,9812
2204,中華,15,4,11,元大-台中,2024-07-31,9812
2867,三商壽,39,28,11,元大-台中,2024-07-31,9812
3715,定穎投控,29,18,11,元大-台中,2024-07-31,9812
1101,台泥,10,0,10,元大-台中,2024-07-31,9812
2351,順德,10,0,10,元大-台中,2024-07-31,9812
6120,達運,10,0,10,元大-台中,2024-07-31,9812
6548,長科*,10,0,10,元大-台中,2024-07-31,9812
3049,精金,10,0,10,元大-台中,2024-07-31,9812
8926,台汽電,10,0,10,元大-台中,2024-07-31,9812
8028,昇陽半導體,49,39,10,元大-台中,2024-07-31,9812
2486,一詮,25,16,9,元大-台中,2024-07-31,9812
2303,聯電,13,4,9,元大-台中,2024-07-31,9812
4909,新復興,10,1,9,元大-台中,2024-07-31,9812
00918,大華優利高填息30,12,3,9,元大-台中,2024-07-31,9812
2359,所羅門,1301,829,472,元大-台中,2024-08-01,9812
00948B,中信優息投資級債,320,0,320,元大-台中,2024-08-01,9812
00679B,元大美債20年,330,34,296,元大-台中,2024-08-01,9812
00688L,國泰20年美債正2,408,165,243,元大-台中,2024-08-01,9812
2888,新光金,372,140,232,元大-台中,2024-08-01,9812
00940,元大台灣價值高息,231,19,212,元大-台中,2024-08-01,9812
1504,東元,181,0,181,元大-台中,2024-08-01,9812
6116,彩晶,163,34,129,元大-台中,2024-08-01,9812
6215,和椿,561,468,93,元大-台中,2024-08-01,9812
2489,瑞軒,90,4,86,元大-台中,2024-08-01,9812
9105,泰金寶-DR,170,104,66,元大-台中,2024-08-01,9812
00878,國泰永續高股息,68,4,64,元大-台中,2024-08-01,9812
8054,安國,70,14,56,元大-台中,2024-08-01,9812
00923,群益台ESG低碳50,53,0,53,元大-台中,2024-08-01,9812
00949,復華日本龍頭,51,0,51,元大-台中,2024-08-01,9812
00676R,富邦臺灣加權反1,50,0,50,元大-台中,2024-08-01,9812
2402,毅嘉,48,2,46,元大-台中,2024-08-01,9812
2515,中工,56,13,43,元大-台中,2024-08-01,9812
2349,錸德,73,31,42,元大-台中,2024-08-01,9812
00933B,國泰10Y+金融債,45,5,40,元大-台中,2024-08-01,9812
2408,南亞科,40,1,39,元大-台中,2024-08-01,9812
00931B,統一美債20年,42,4,38,元大-台中,2024-08-01,9812
2312,金寶,54,17,37,元大-台中,2024-08-01,9812
2337,旺宏,206,170,36,元大-台中,2024-08-01,9812
1527,鑽全,34,0,34,元大-台中,2024-08-01,9812
00637L,元大滬深300正2,32,0,32,元大-台中,2024-08-01,9812
00706L,期元大S＆P日圓正2,32,0,32,元大-台中,2024-08-01,9812
2516,新建,35,5,30,元大-台中,2024-08-01,9812
4564,元翎,29,2,27,元大-台中,2024-08-01,9812
2070,精湛,39,13,26,元大-台中,2024-08-01,9812
3663,鑫科,114,88,26,元大-台中,2024-08-01,9812
2885,元大金,25,1,24,元大-台中,2024-08-01,9812
2427,三商電,30,6,24,元大-台中,2024-08-01,9812
4729,熒茂,24,1,23,元大-台中,2024-08-01,9812
5443,均豪,68,45,23,元大-台中,2024-08-01,9812
0056,元大高股息,26,4,22,元大-台中,2024-08-01,9812
3141,晶宏,20,0,20,元大-台中,2024-08-01,9812
2641,正德,20,0,20,元大-台中,2024-08-01,9812
5425,台半,20,0,20,元大-台中,2024-08-01,9812
2002,中鋼,21,1,20,元大-台中,2024-08-01,9812
5243,乙盛-KY,20,0,20,元大-台中,2024-08-01,9812
6582,申豐,18,0,18,元大-台中,2024-08-01,9812
2030,彰源,16,0,16,元大-台中,2024-08-01,9812
2367,燿華,22,6,16,元大-台中,2024-08-01,9812
2884,玉山金,42,26,16,元大-台中,2024-08-01,9812
3339,泰谷,15,0,15,元大-台中,2024-08-01,9812
6451,訊芯-KY,15,0,15,元大-台中,2024-08-01,9812
2834,臺企銀,18,4,14,元大-台中,2024-08-01,9812
2754,亞洲藏壽司,15,1,14,元大-台中,2024-08-01,9812
3312,弘憶股,27,14,13,元大-台中,2024-08-01,9812
4526,東台,455,0,455,元大-台中,2024-08-02,9812
00940,元大台灣價值高息,357,5,352,元大-台中,2024-08-02,9812
00878,國泰永續高股息,274,1,273,元大-台中,2024-08-02,9812
00676R,富邦臺灣加權反1,254,0,254,元大-台中,2024-08-02,9812
00929,復華台灣科技優息,265,13,252,元大-台中,2024-08-02,9812
00919,群益台灣精選高息,180,2,178,元大-台中,2024-08-02,9812
00679B,元大美債20年,182,29,153,元大-台中,2024-08-02,9812
00680L,元大美債20正2,200,47,153,元大-台中,2024-08-02,9812
00949,復華日本龍頭,142,1,141,元大-台中,2024-08-02,9812
00688L,國泰20年美債正2,133,12,121,元大-台中,2024-08-02,9812
2330,台積電,158,41,117,元大-台中,2024-08-02,9812
00665L,富邦�琤肭磪囓�2,144,30,114,元大-台中,2024-08-02,9812
2317,鴻海,151,38,113,元大-台中,2024-08-02,9812
00931B,統一美債20年,105,2,103,元大-台中,2024-08-02,9812
00687B,國泰20年美債,124,32,92,元大-台中,2024-08-02,9812
00881,國泰台灣5G+,78,1,77,元大-台中,2024-08-02,9812
2867,三商壽,73,0,73,元大-台中,2024-08-02,9812
0056,元大高股息,83,13,70,元大-台中,2024-08-02,9812
2409,友達,74,16,58,元大-台中,2024-08-02,9812
2002,中鋼,66,10,56,元大-台中,2024-08-02,9812
00937B,群益ESG投等債20,66,13,53,元大-台中,2024-08-02,9812
00905,FT臺灣Smart,51,0,51,元大-台中,2024-08-02,9812
2501,國建,59,11,48,元大-台中,2024-08-02,9812
2417,圓剛,46,0,46,元大-台中,2024-08-02,9812
2014,中鴻,55,10,45,元大-台中,2024-08-02,9812
2382,廣達,63,20,43,元大-台中,2024-08-02,9812
00902,中信電池及儲能,42,1,41,元大-台中,2024-08-02,9812
006208,富邦台50,41,1,40,元大-台中,2024-08-02,9812
6170,統振,41,1,40,元大-台中,2024-08-02,9812
2488,漢平,40,0,40,元大-台中,2024-08-02,9812
2427,三商電,39,0,39,元大-台中,2024-08-02,9812
00941,中信上游半導體,40,1,39,元大-台中,2024-08-02,9812
00934,中信成長高股息,39,1,38,元大-台中,2024-08-02,9812
2834,臺企銀,37,0,37,元大-台中,2024-08-02,9812
2609,陽明,81,47,34,元大-台中,2024-08-02,9812
3231,緯創,39,6,33,元大-台中,2024-08-02,9812
00706L,期元大S＆P日圓正2,33,0,33,元大-台中,2024-08-02,9812
0050,元大台灣50,34,2,32,元大-台中,2024-08-02,9812
00946,群益科技高息成長,31,0,31,元大-台中,2024-08-02,9812
1316,上曜,137,107,30,元大-台中,2024-08-02,9812
4532,瑞智,35,5,30,元大-台中,2024-08-02,9812
1514,亞力,33,4,29,元大-台中,2024-08-02,9812
00933B,國泰10Y+金融債,45,17,28,元大-台中,2024-08-02,9812
2303,聯電,57,31,26,元大-台中,2024-08-02,9812
00882,中信中國高股息,26,1,25,元大-台中,2024-08-02,9812
5880,合庫金,24,0,24,元大-台中,2024-08-02,9812
2515,中工,35,12,23,元大-台中,2024-08-02,9812
3663,鑫科,90,67,23,元大-台中,2024-08-02,9812
5443,均豪,45,22,23,元大-台中,2024-08-02,9812
00927,群益半導體收益,22,0,22,元大-台中,2024-08-02,9812
2888,新光金,1578,627,951,元大-台中,2024-08-05,9812
00940,元大台灣價值高息,941,84,857,元大-台中,2024-08-05,9812
00680L,元大美債20正2,888,221,667,元大-台中,2024-08-05,9812
00929,復華台灣科技優息,613,216,397,元大-台中,2024-08-05,9812
00937B,群益ESG投等債20,473,101,372,元大-台中,2024-08-05,9812
3037,欣興,715,440,275,元大-台中,2024-08-05,9812
6170,統振,213,4,209,元大-台中,2024-08-05,9812
00878,國泰永續高股息,335,132,203,元大-台中,2024-08-05,9812
00919,群益台灣精選高息,312,111,201,元大-台中,2024-08-05,9812
00679B,元大美債20年,264,108,156,元大-台中,2024-08-05,9812
2834,臺企銀,152,7,145,元大-台中,2024-08-05,9812
2867,三商壽,213,104,109,元大-台中,2024-08-05,9812
2488,漢平,107,0,107,元大-台中,2024-08-05,9812
5880,合庫金,113,12,101,元大-台中,2024-08-05,9812
3363,上詮,101,0,101,元大-台中,2024-08-05,9812
006208,富邦台50,107,9,98,元大-台中,2024-08-05,9812
2317,鴻海,161,72,89,元大-台中,2024-08-05,9812
00715L,期街口布蘭特正2,90,3,87,元大-台中,2024-08-05,9812
2344,華邦電,111,25,86,元大-台中,2024-08-05,9812
00687B,國泰20年美債,275,191,84,元大-台中,2024-08-05,9812
00949,復華日本龍頭,77,0,77,元大-台中,2024-08-05,9812
3481,群創,315,240,75,元大-台中,2024-08-05,9812
2330,台積電,154,87,67,元大-台中,2024-08-05,9812
00936,台新永續高息中小,71,4,67,元大-台中,2024-08-05,9812
00688L,國泰20年美債正2,381,317,64,元大-台中,2024-08-05,9812
00712,復華富時不動產,64,3,61,元大-台中,2024-08-05,9812
6188,廣明,64,3,61,元大-台中,2024-08-05,9812
2489,瑞軒,78,17,61,元大-台中,2024-08-05,9812
2882,國泰金,76,21,55,元大-台中,2024-08-05,9812
2409,友達,75,19,56,元大-台中,2024-08-05,9812
6841,長佳智能,54,0,54,元大-台中,2024-08-05,9812
6116,彩晶,53,0,53,元大-台中,2024-08-05,9812
2208,台船,61,10,51,元大-台中,2024-08-05,9812
3380,明泰,50,0,50,元大-台中,2024-08-05,9812
9105,泰金寶-DR,49,0,49,元大-台中,2024-08-05,9812
00946,群益科技高息成長,52,4,48,元大-台中,2024-08-05,9812
3563,牧德,85,39,46,元大-台中,2024-08-05,9812
2107,厚生,45,2,43,元大-台中,2024-08-05,9812
6712,長聖,42,1,41,元大-台中,2024-08-05,9812
2801,彰銀,53,15,38,元大-台中,2024-08-05,9812
0056,元大高股息,106,68,38,元大-台中,2024-08-05,9812
3033,威健,38,1,37,元大-台中,2024-08-05,9812
2515,中工,56,19,37,元大-台中,2024-08-05,9812
2332,友訊,36,0,36,元大-台中,2024-08-05,9812
0050,元大台灣50,57,23,34,元大-台中,2024-08-05,9812
00685L,群益臺灣加權正2,34,0,34,元大-台中,2024-08-05,9812
00918,大華優利高填息30,42,8,34,元大-台中,2024-08-05,9812
2891,中信金,55,23,32,元大-台中,2024-08-05,9812
2915,潤泰全,31,0,31,元大-台中,2024-08-05,9812
1312,國喬,31,0,31,元大-台中,2024-08-05,9812
00632R,元大台灣50反1,1411,580,831,元大-台中,2024-08-06,9812
00940,元大台灣價值高息,699,31,668,元大-台中,2024-08-06,9812
8043,蜜望實,503,6,497,元大-台中,2024-08-06,9812
2888,新光金,509,206,303,元大-台中,2024-08-06,9812
6133,金橋,237,0,237,元大-台中,2024-08-06,9812
00948B,中信優息投資級債,213,9,204,元大-台中,2024-08-06,9812
00936,台新永續高息中小,124,1,123,元大-台中,2024-08-06,9812
6170,統振,91,1,90,元大-台中,2024-08-06,9812
00929,復華台灣科技優息,275,187,88,元大-台中,2024-08-06,9812
2303,聯電,127,56,71,元大-台中,2024-08-06,9812
3019,亞光,106,37,69,元大-台中,2024-08-06,9812
00878,國泰永續高股息,102,35,67,元大-台中,2024-08-06,9812
6188,廣明,81,26,55,元大-台中,2024-08-06,9812
00637L,元大滬深300正2,54,0,54,元大-台中,2024-08-06,9812
2867,三商壽,114,61,53,元大-台中,2024-08-06,9812
2834,臺企銀,55,6,49,元大-台中,2024-08-06,9812
00933B,國泰10Y+金融債,129,80,49,元大-台中,2024-08-06,9812
5531,鄉林,40,0,40,元大-台中,2024-08-06,9812
2618,長榮航,39,6,33,元大-台中,2024-08-06,9812
0056,元大高股息,84,51,33,元大-台中,2024-08-06,9812
00720B,元大投資級公司債,29,1,28,元大-台中,2024-08-06,9812
00753L,中信中國50正2,25,0,25,元大-台中,2024-08-06,9812
8101,華冠,24,0,24,元大-台中,2024-08-06,9812
8234,新漢,24,0,24,元大-台中,2024-08-06,9812
2317,鴻海,244,220,24,元大-台中,2024-08-06,9812
2365,昆盈,53,30,23,元大-台中,2024-08-06,9812
2542,興富發,23,1,22,元大-台中,2024-08-06,9812
2103,台橡,21,0,21,元大-台中,2024-08-06,9812
1316,上曜,44,24,20,元大-台中,2024-08-06,9812
8110,華東,20,0,20,元大-台中,2024-08-06,9812
0050,元大台灣50,40,22,18,元大-台中,2024-08-06,9812
2356,英業達,37,20,17,元大-台中,2024-08-06,9812
2883,凱基金,28,11,17,元大-台中,2024-08-06,9812
4306,炎洲,16,0,16,元大-台中,2024-08-06,9812
00905,FT臺灣Smart,25,9,16,元大-台中,2024-08-06,9812
5880,合庫金,21,5,16,元大-台中,2024-08-06,9812
00675L,富邦臺灣加權正2,25,9,16,元大-台中,2024-08-06,9812
00712,復華富時不動產,15,0,15,元大-台中,2024-08-06,9812
3231,緯創,25,10,15,元大-台中,2024-08-06,9812
6005,群益證,15,0,15,元大-台中,2024-08-06,9812
00881,國泰台灣5G+,40,26,14,元大-台中,2024-08-06,9812
1321,大洋,14,0,14,元大-台中,2024-08-06,9812
2641,正德,18,4,14,元大-台中,2024-08-06,9812
2324,仁寶,15,2,13,元大-台中,2024-08-06,9812
5009,榮剛,13,0,13,元大-台中,2024-08-06,9812
2702,華園,13,0,13,元大-台中,2024-08-06,9812
2301,光寶科,27,15,12,元大-台中,2024-08-06,9812
2308,台達電,20,7,13,元大-台中,2024-08-06,9812
00715L,期街口布蘭特正2,15,3,12,元大-台中,2024-08-06,9812
1304,台聚,11,0,11,元大-台中,2024-08-06,9812
00632R,元大台灣50反1,567,40,527,元大-台中,2024-08-07,9812
1504,東元,337,1,336,元大-台中,2024-08-07,9812
00688L,國泰20年美債正2,162,1,161,元大-台中,2024-08-07,9812
2409,友達,146,17,129,元大-台中,2024-08-07,9812
00940,元大台灣價值高息,412,301,111,元大-台中,2024-08-07,9812
2371,大同,99,24,75,元大-台中,2024-08-07,9812
00937B,群益ESG投等債20,80,7,73,元大-台中,2024-08-07,9812
00679B,元大美債20年,81,9,72,元大-台中,2024-08-07,9812
00878,國泰永續高股息,78,7,71,元大-台中,2024-08-07,9812
4909,新復興,103,32,71,元大-台中,2024-08-07,9812
00687B,國泰20年美債,167,98,69,元大-台中,2024-08-07,9812
2317,鴻海,159,92,67,元大-台中,2024-08-07,9812
00945B,凱基美國非投等債,50,0,50,元大-台中,2024-08-07,9812
2867,三商壽,52,6,46,元大-台中,2024-08-07,9812
00936,台新永續高息中小,75,33,42,元大-台中,2024-08-07,9812
2388,威盛,43,8,35,元大-台中,2024-08-07,9812
1540,喬福,125,94,31,元大-台中,2024-08-07,9812
8103,瀚荃,30,0,30,元大-台中,2024-08-07,9812
00830,國泰費城半導體,29,5,24,元大-台中,2024-08-07,9812
2449,京元電子,31,7,24,元大-台中,2024-08-07,9812
2542,興富發,24,2,22,元大-台中,2024-08-07,9812
2891,中信金,33,12,21,元大-台中,2024-08-07,9812
2812,台中銀,24,3,21,元大-台中,2024-08-07,9812
00680L,元大美債20正2,80,59,21,元大-台中,2024-08-07,9812
00676R,富邦臺灣加權反1,20,0,20,元大-台中,2024-08-07,9812
6187,萬潤,25,5,20,元大-台中,2024-08-07,9812
2312,金寶,37,18,19,元大-台中,2024-08-07,9812
00919,群益台灣精選高息,42,24,18,元大-台中,2024-08-07,9812
2887,台新金,21,4,17,元大-台中,2024-08-07,9812
00720B,元大投資級公司債,15,0,15,元大-台中,2024-08-07,9812
00918,大華優利高填息30,19,4,15,元大-台中,2024-08-07,9812
6546,正基,20,5,15,元大-台中,2024-08-07,9812
00725B,國泰投資級公司債,19,5,14,元大-台中,2024-08-07,9812
2886,兆豐金,19,5,14,元大-台中,2024-08-07,9812
00881,國泰台灣5G+,40,27,13,元大-台中,2024-08-07,9812
5251,天鉞電,13,0,13,元大-台中,2024-08-07,9812
2884,玉山金,18,6,12,元大-台中,2024-08-07,9812
3163,波若威,17,5,12,元大-台中,2024-08-07,9812
00931B,統一美債20年,12,0,12,元大-台中,2024-08-07,9812
3455,由田,12,0,12,元大-台中,2024-08-07,9812
6213,聯茂,17,5,12,元大-台中,2024-08-07,9812
5309,系統電,16,5,11,元大-台中,2024-08-07,9812
00719B,元大美債1-3,20,9,11,元大-台中,2024-08-07,9812
5213,亞昕,12,1,11,元大-台中,2024-08-07,9812
1597,直得,16,5,11,元大-台中,2024-08-07,9812
00929,復華台灣科技優息,232,221,11,元大-台中,2024-08-07,9812
5525,順天,10,0,10,元大-台中,2024-08-07,9812
00664R,國泰臺灣加權反1,10,0,10,元大-台中,2024-08-07,9812
8354,冠好,14,4,10,元大-台中,2024-08-07,9812
2834,臺企銀,12,2,10,元大-台中,2024-08-07,9812
4562,穎漢,774,473,301,元大-台中,2024-08-08,9812
00929,復華台灣科技優息,314,52,262,元大-台中,2024-08-08,9812
3046,建��,201,3,198,元大-台中,2024-08-08,9812
00940,元大台灣價值高息,230,63,167,元大-台中,2024-08-08,9812
00878,國泰永續高股息,137,14,123,元大-台中,2024-08-08,9812
2317,鴻海,357,235,122,元大-台中,2024-08-08,9812
2834,臺企銀,119,1,118,元大-台中,2024-08-08,9812
00679B,元大美債20年,149,34,115,元大-台中,2024-08-08,9812
00881,國泰台灣5G+,97,8,89,元大-台中,2024-08-08,9812
00676R,富邦臺灣加權反1,50,0,50,元大-台中,2024-08-08,9812
1714,和桐,44,0,44,元大-台中,2024-08-08,9812
3481,群創,47,9,38,元大-台中,2024-08-08,9812
6869,雲豹能源,50,14,36,元大-台中,2024-08-08,9812
00680L,元大美債20正2,69,37,32,元大-台中,2024-08-08,9812
9945,潤泰新,31,0,31,元大-台中,2024-08-08,9812
00688L,國泰20年美債正2,31,0,31,元大-台中,2024-08-08,9812
5880,合庫金,36,5,31,元大-台中,2024-08-08,9812
00665L,富邦�琤肭磪囓�2,30,0,30,元大-台中,2024-08-08,9812
2618,長榮航,32,3,29,元大-台中,2024-08-08,9812
4532,瑞智,38,10,28,元大-台中,2024-08-08,9812
0056,元大高股息,31,3,28,元大-台中,2024-08-08,9812
2886,兆豐金,35,8,27,元大-台中,2024-08-08,9812
2885,元大金,27,1,26,元大-台中,2024-08-08,9812
1504,東元,68,43,25,元大-台中,2024-08-08,9812
3055,蔚華科,24,0,24,元大-台中,2024-08-08,9812
8440,綠電,28,4,24,元大-台中,2024-08-08,9812
8103,瀚荃,21,0,21,元大-台中,2024-08-08,9812
8028,昇陽半導體,50,30,20,元大-台中,2024-08-08,9812
9902,台火,47,29,18,元大-台中,2024-08-08,9812
3711,日月光投控,18,1,17,元大-台中,2024-08-08,9812
2603,長榮,33,16,17,元大-台中,2024-08-08,9812
2489,瑞軒,1155,1138,17,元大-台中,2024-08-08,9812
1301,台塑,17,0,17,元大-台中,2024-08-08,9812
2376,技嘉,25,9,16,元大-台中,2024-08-08,9812
2609,陽明,30,14,16,元大-台中,2024-08-08,9812
3663,鑫科,62,46,16,元大-台中,2024-08-08,9812
00919,群益台灣精選高息,27,12,15,元大-台中,2024-08-08,9812
2382,廣達,18,4,14,元大-台中,2024-08-08,9812
2892,第一金,14,0,14,元大-台中,2024-08-08,9812
6270,倍微,14,0,14,元大-台中,2024-08-08,9812
2374,佳能,30,16,14,元大-台中,2024-08-08,9812
5009,榮剛,15,1,14,元大-台中,2024-08-08,9812
5515,建國,15,1,14,元大-台中,2024-08-08,9812
00685L,群益臺灣加權正2,13,0,13,元大-台中,2024-08-08,9812
2883B,凱基金乙特,13,0,13,元大-台中,2024-08-08,9812
6548,長科*,13,0,13,元大-台中,2024-08-08,9812
00712,復華富時不動產,16,3,13,元大-台中,2024-08-08,9812
2330,台積電,102,90,12,元大-台中,2024-08-08,9812
5452,佶優,43,31,12,元大-台中,2024-08-08,9812
3312,弘憶股,22,10,12,元大-台中,2024-08-08,9812
2359,所羅門,488,21,467,元大-台中,2024-08-09,9812
2618,長榮航,302,73,229,元大-台中,2024-08-09,9812
00946,群益科技高息成長,224,3,221,元大-台中,2024-08-09,9812
00687B,國泰20年美債,198,4,194,元大-台中,2024-08-09,9812
00937B,群益ESG投等債20,222,33,189,元大-台中,2024-08-09,9812
1504,東元,150,2,148,元大-台中,2024-08-09,9812
4562,穎漢,349,212,137,元大-台中,2024-08-09,9812
00632R,元大台灣50反1,1251,1128,123,元大-台中,2024-08-09,9812
2353,宏��,119,2,117,元大-台中,2024-08-09,9812
00931B,統一美債20年,134,25,109,元大-台中,2024-08-09,9812
2610,華航,115,8,107,元大-台中,2024-08-09,9812
00929,復華台灣科技優息,108,9,99,元大-台中,2024-08-09,9812
00679B,元大美債20年,90,12,78,元大-台中,2024-08-09,9812
00933B,國泰10Y+金融債,61,0,61,元大-台中,2024-08-09,9812
2834,臺企銀,64,6,58,元大-台中,2024-08-09,9812
00720B,元大投資級公司債,60,3,57,元大-台中,2024-08-09,9812
00878,國泰永續高股息,68,13,55,元大-台中,2024-08-09,9812
2365,昆盈,161,110,51,元大-台中,2024-08-09,9812
00680L,元大美債20正2,66,19,47,元大-台中,2024-08-09,9812
00881,國泰台灣5G+,68,24,44,元大-台中,2024-08-09,9812
2903,遠百,41,0,41,元大-台中,2024-08-09,9812
2515,中工,41,1,40,元大-台中,2024-08-09,9812
00751B,元大AAA至A公司債,32,0,32,元大-台中,2024-08-09,9812
00688L,國泰20年美債正2,35,4,31,元大-台中,2024-08-09,9812
1326,台化,31,1,30,元大-台中,2024-08-09,9812
6120,達運,30,1,29,元大-台中,2024-08-09,9812
00919,群益台灣精選高息,34,7,27,元大-台中,2024-08-09,9812
00665L,富邦�琤肭磪囓�2,31,4,27,元大-台中,2024-08-09,9812
2543,皇昌,40,14,26,元大-台中,2024-08-09,9812
2408,南亞科,28,3,25,元大-台中,2024-08-09,9812
2349,錸德,42,17,25,元大-台中,2024-08-09,9812
00948B,中信優息投資級債,20,0,20,元大-台中,2024-08-09,9812
00637L,元大滬深300正2,17,0,17,元大-台中,2024-08-09,9812
2367,燿華,25,8,17,元大-台中,2024-08-09,9812
3037,欣興,34,21,13,元大-台中,2024-08-09,9812
2313,華通,17,5,12,元大-台中,2024-08-09,9812
8354,冠好,12,0,12,元大-台中,2024-08-09,9812
3450,聯鈞,27,16,11,元大-台中,2024-08-09,9812
2609,陽明,185,174,11,元大-台中,2024-08-09,9812
5876,上海商銀,11,0,11,元大-台中,2024-08-09,9812
5474,聰泰,12,2,10,元大-台中,2024-08-09,9812
9904,寶成,10,0,10,元大-台中,2024-08-09,9812
4155,訊映,10,0,10,元大-台中,2024-08-09,9812
2534,宏盛,10,0,10,元大-台中,2024-08-09,9812
6578,達邦蛋白,10,0,10,元大-台中,2024-08-09,9812
3712,永崴投控,11,1,10,元大-台中,2024-08-09,9812
6104,創惟,12,2,10,元大-台中,2024-08-09,9812
1539,巨庭,10,0,10,元大-台中,2024-08-09,9812
2374,佳能,27,18,9,元大-台中,2024-08-09,9812
2886,兆豐金,9,0,9,元大-台中,2024-08-09,9812
00688L,國泰20年美債正2,200,0,200,元大-台中,2024-08-12,9812
2610,華航,134,1,133,元大-台中,2024-08-12,9812
1513,中興電,155,31,124,元大-台中,2024-08-12,9812
00878,國泰永續高股息,121,3,118,元大-台中,2024-08-12,9812
00934,中信成長高股息,117,20,97,元大-台中,2024-08-12,9812
3037,欣興,93,18,75,元大-台中,2024-08-12,9812
2312,金寶,112,38,74,元大-台中,2024-08-12,9812
00632R,元大台灣50反1,128,55,73,元大-台中,2024-08-12,9812
6170,統振,67,0,67,元大-台中,2024-08-12,9812
00937B,群益ESG投等債20,60,0,60,元大-台中,2024-08-12,9812
00936,台新永續高息中小,57,0,57,元大-台中,2024-08-12,9812
00931B,統一美債20年,52,0,52,元大-台中,2024-08-12,9812
6446,藥華藥,52,2,50,元大-台中,2024-08-12,9812
1522,堤維西,54,5,49,元大-台中,2024-08-12,9812
2885,元大金,40,6,34,元大-台中,2024-08-12,9812
00900,富邦特選高股息30,33,0,33,元大-台中,2024-08-12,9812
2101,南港,32,0,32,元大-台中,2024-08-12,9812
1101,台泥,36,5,31,元大-台中,2024-08-12,9812
00922,國泰台灣領袖50,27,1,26,元大-台中,2024-08-12,9812
00951,台新日本半導體,26,0,26,元大-台中,2024-08-12,9812
2501,國建,26,1,25,元大-台中,2024-08-12,9812
4306,炎洲,25,0,25,元大-台中,2024-08-12,9812
2027,大成鋼,26,1,25,元大-台中,2024-08-12,9812
00919,群益台灣精選高息,61,38,23,元大-台中,2024-08-12,9812
00676R,富邦臺灣加權反1,20,0,20,元大-台中,2024-08-12,9812
0056,元大高股息,22,2,20,元大-台中,2024-08-12,9812
2402,毅嘉,20,3,17,元大-台中,2024-08-12,9812
3046,建��,17,0,17,元大-台中,2024-08-12,9812
1313,聯成,17,0,17,元大-台中,2024-08-12,9812
00929,復華台灣科技優息,132,116,16,元大-台中,2024-08-12,9812
2365,昆盈,101,85,16,元大-台中,2024-08-12,9812
00680L,元大美債20正2,54,38,16,元大-台中,2024-08-12,9812
4729,熒茂,16,0,16,元大-台中,2024-08-12,9812
00918,大華優利高填息30,15,0,15,元大-台中,2024-08-12,9812
00933B,國泰10Y+金融債,25,10,15,元大-台中,2024-08-12,9812
4564,元翎,17,2,15,元大-台中,2024-08-12,9812
3663,鑫科,60,45,15,元大-台中,2024-08-12,9812
1307,三芳,15,0,15,元大-台中,2024-08-12,9812
8354,冠好,15,1,14,元大-台中,2024-08-12,9812
5880,合庫金,14,0,14,元大-台中,2024-08-12,9812
3047,訊舟,18,5,13,元大-台中,2024-08-12,9812
6770,力積電,13,0,13,元大-台中,2024-08-12,9812
00679B,元大美債20年,19,7,12,元大-台中,2024-08-12,9812
4523,永彰,12,0,12,元大-台中,2024-08-12,9812
6197,佳必琪,12,1,11,元大-台中,2024-08-12,9812
1711,永光,11,1,10,元大-台中,2024-08-12,9812
2374,佳能,37,27,10,元大-台中,2024-08-12,9812
1721,三晃,10,0,10,元大-台中,2024-08-12,9812
4545,銘鈺,11,1,10,元大-台中,2024-08-12,9812
4576,大銀微系統,16,6,10,元大-台中,2024-08-12,9812
2409,友達,1513,15,1498,元大-台中,2024-08-13,9812
8096,擎亞,1029,20,1009,元大-台中,2024-08-13,9812
00632R,元大台灣50反1,631,0,631,元大-台中,2024-08-13,9812
00688L,國泰20年美債正2,468,9,459,元大-台中,2024-08-13,9812
00936,台新永續高息中小,457,1,456,元大-台中,2024-08-13,9812
4513,福裕,107,8,99,元大-台中,2024-08-13,9812
00929,復華台灣科技優息,305,206,99,元大-台中,2024-08-13,9812
2610,華航,92,16,76,元大-台中,2024-08-13,9812
2880,華南金,78,8,70,元大-台中,2024-08-13,9812
00948B,中信優息投資級債,63,0,63,元大-台中,2024-08-13,9812
2303,聯電,104,48,56,元大-台中,2024-08-13,9812
2801,彰銀,52,1,51,元大-台中,2024-08-13,9812
00945B,凱基美國非投等債,50,0,50,元大-台中,2024-08-13,9812
2603,長榮,55,7,48,元大-台中,2024-08-13,9812
00679B,元大美債20年,49,1,48,元大-台中,2024-08-13,9812
1504,東元,46,2,44,元大-台中,2024-08-13,9812
00931B,統一美債20年,43,0,43,元大-台中,2024-08-13,9812
00937B,群益ESG投等債20,41,0,41,元大-台中,2024-08-13,9812
1527,鑽全,42,6,36,元大-台中,2024-08-13,9812
00919,群益台灣精選高息,38,3,35,元大-台中,2024-08-13,9812
3010,華立,30,0,30,元大-台中,2024-08-13,9812
2101,南港,28,0,28,元大-台中,2024-08-13,9812
00878,國泰永續高股息,31,4,27,元大-台中,2024-08-13,9812
3481,群創,31,4,27,元大-台中,2024-08-13,9812
9902,台火,25,0,25,元大-台中,2024-08-13,9812
00940,元大台灣價值高息,63,39,24,元大-台中,2024-08-13,9812
2382,廣達,66,43,23,元大-台中,2024-08-13,9812
2609,陽明,46,22,24,元大-台中,2024-08-13,9812
6187,萬潤,24,1,23,元大-台中,2024-08-13,9812
2891,中信金,37,14,23,元大-台中,2024-08-13,9812
00933B,國泰10Y+金融債,21,0,21,元大-台中,2024-08-13,9812
3455,由田,20,0,20,元大-台中,2024-08-13,9812
00680L,元大美債20正2,41,21,20,元大-台中,2024-08-13,9812
00676R,富邦臺灣加權反1,20,0,20,元大-台中,2024-08-13,9812
3013,晟銘電,69,49,20,元大-台中,2024-08-13,9812
2615,萬海,83,64,19,元大-台中,2024-08-13,9812
00751B,元大AAA至A公司債,18,0,18,元大-台中,2024-08-13,9812
6582,申豐,18,0,18,元大-台中,2024-08-13,9812
4804,大略-KY,18,0,18,元大-台中,2024-08-13,9812
2834,臺企銀,17,0,17,元大-台中,2024-08-13,9812
00673R,期元大S＆P原油反1,17,0,17,元大-台中,2024-08-13,9812
2356,英業達,19,2,17,元大-台中,2024-08-13,9812
6170,統振,15,0,15,元大-台中,2024-08-13,9812
2009,第一銅,17,3,14,元大-台中,2024-08-13,9812
2745,五福,15,1,14,元大-台中,2024-08-13,9812
00905,FT臺灣Smart,14,0,14,元大-台中,2024-08-13,9812
00712,復華富時不動產,13,0,13,元大-台中,2024-08-13,9812
2886,兆豐金,13,0,13,元大-台中,2024-08-13,9812
1301,台塑,13,0,13,元大-台中,2024-08-13,9812
8040,九暘,13,0,13,元大-台中,2024-08-13,9812
00632R,元大台灣50反1,740,240,500,元大-台中,2024-08-14,9812
2364,倫飛,280,3,277,元大-台中,2024-08-14,9812
00688L,國泰20年美債正2,172,0,172,元大-台中,2024-08-14,9812
2888,新光金,566,407,159,元大-台中,2024-08-14,9812
3481,群創,151,22,129,元大-台中,2024-08-14,9812
00881,國泰台灣5G+,133,13,120,元大-台中,2024-08-14,9812
1504,東元,115,0,115,元大-台中,2024-08-14,9812
8374,羅昇,100,0,100,元大-台中,2024-08-14,9812
00679B,元大美債20年,106,9,97,元大-台中,2024-08-14,9812
00900,富邦特選高股息30,97,36,61,元大-台中,2024-08-14,9812
00945B,凱基美國非投等債,52,0,52,元大-台中,2024-08-14,9812
00948B,中信優息投資級債,47,0,47,元大-台中,2024-08-14,9812
00680L,元大美債20正2,55,10,45,元大-台中,2024-08-14,9812
00687B,國泰20年美債,84,41,43,元大-台中,2024-08-14,9812
2618,長榮航,45,3,42,元大-台中,2024-08-14,9812
00931B,統一美債20年,41,0,41,元大-台中,2024-08-14,9812
3484,崧騰,37,0,37,元大-台中,2024-08-14,9812
2885,元大金,49,12,37,元大-台中,2024-08-14,9812
2489,瑞軒,38,2,36,元大-台中,2024-08-14,9812
2356,英業達,33,4,29,元大-台中,2024-08-14,9812
2464,盟立,133,106,27,元大-台中,2024-08-14,9812
2801,彰銀,32,5,27,元大-台中,2024-08-14,9812
5392,能率,26,0,26,元大-台中,2024-08-14,9812
2449,京元電子,45,21,24,元大-台中,2024-08-14,9812
1609,大亞,41,17,24,元大-台中,2024-08-14,9812
3047,訊舟,29,6,23,元大-台中,2024-08-14,9812
00949,復華日本龍頭,25,2,23,元大-台中,2024-08-14,9812
2427,三商電,26,5,21,元大-台中,2024-08-14,9812
1527,鑽全,21,0,21,元大-台中,2024-08-14,9812
2601,益航,20,0,20,元大-台中,2024-08-14,9812
00933B,國泰10Y+金融債,20,0,20,元大-台中,2024-08-14,9812
00706L,期元大S＆P日圓正2,20,0,20,元大-台中,2024-08-14,9812
1605,華新,20,0,20,元大-台中,2024-08-14,9812
2312,金寶,56,37,19,元大-台中,2024-08-14,9812
2886,兆豐金,23,4,19,元大-台中,2024-08-14,9812
2330,台積電,79,61,18,元大-台中,2024-08-14,9812
8467,波力-KY,20,2,18,元大-台中,2024-08-14,9812
1101,台泥,20,3,17,元大-台中,2024-08-14,9812
00673R,期元大S＆P原油反1,17,0,17,元大-台中,2024-08-14,9812
2892,第一金,16,0,16,元大-台中,2024-08-14,9812
4576,大銀微系統,46,30,16,元大-台中,2024-08-14,9812
3048,益登,19,4,15,元大-台中,2024-08-14,9812
8076,伍豐,18,3,15,元大-台中,2024-08-14,9812
3049,精金,15,0,15,元大-台中,2024-08-14,9812
2392,正崴,16,2,14,元大-台中,2024-08-14,9812
3535,晶彩科,22,8,14,元大-台中,2024-08-14,9812
6005,群益證,14,0,14,元大-台中,2024-08-14,9812
00947,台新臺灣IC設計,16,3,13,元大-台中,2024-08-14,9812
00882,中信中國高股息,13,0,13,元大-台中,2024-08-14,9812
2401,凌陽,20,8,12,元大-台中,2024-08-14,9812
8096,擎亞,1339,885,454,元大-台中,2024-08-15,9812
00881,國泰台灣5G+,491,109,382,元大-台中,2024-08-15,9812
00680L,元大美債20正2,395,22,373,元大-台中,2024-08-15,9812
00900,富邦特選高股息30,122,1,121,元大-台中,2024-08-15,9812
2890,永豐金,107,0,107,元大-台中,2024-08-15,9812
3003,健和興,105,1,104,元大-台中,2024-08-15,9812
1504,東元,90,0,90,元大-台中,2024-08-15,9812
00795B,中信美國公債20年,82,0,82,元大-台中,2024-08-15,9812
00948B,中信優息投資級債,72,0,72,元大-台中,2024-08-15,9812
00915,凱基優選高股息30,62,1,61,元大-台中,2024-08-15,9812
00632R,元大台灣50反1,560,501,59,元大-台中,2024-08-15,9812
00878,國泰永續高股息,136,78,58,元大-台中,2024-08-15,9812
2497,怡利電,62,6,56,元大-台中,2024-08-15,9812
00945B,凱基美國非投等債,56,0,56,元大-台中,2024-08-15,9812
00679B,元大美債20年,97,43,54,元大-台中,2024-08-15,9812
00687B,國泰20年美債,161,107,54,元大-台中,2024-08-15,9812
00688L,國泰20年美債正2,50,0,50,元大-台中,2024-08-15,9812
6224,聚鼎,54,7,47,元大-台中,2024-08-15,9812
1301,台塑,27,0,27,元大-台中,2024-08-15,9812
00932,兆豐永續高息等權,30,3,27,元大-台中,2024-08-15,9812
8926,台汽電,25,0,25,元大-台中,2024-08-15,9812
5489,彩富,23,0,23,元大-台中,2024-08-15,9812
2002,中鋼,24,1,23,元大-台中,2024-08-15,9812
1326,台化,22,0,22,元大-台中,2024-08-15,9812
3711,日月光投控,25,3,22,元大-台中,2024-08-15,9812
00907,永豐優息存股,20,0,20,元大-台中,2024-08-15,9812
00931B,統一美債20年,21,1,20,元大-台中,2024-08-15,9812
3303,岱稜,35,16,19,元大-台中,2024-08-15,9812
1708,東鹼,29,11,18,元大-台中,2024-08-15,9812
1101,台泥,19,2,17,元大-台中,2024-08-15,9812
8103,瀚荃,20,3,17,元大-台中,2024-08-15,9812
3049,精金,17,0,17,元大-台中,2024-08-15,9812
2615,萬海,25,10,15,元大-台中,2024-08-15,9812
00664R,國泰臺灣加權反1,15,0,15,元大-台中,2024-08-15,9812
00936,台新永續高息中小,16,2,14,元大-台中,2024-08-15,9812
00927,群益半導體收益,16,2,14,元大-台中,2024-08-15,9812
4562,穎漢,33,20,13,元大-台中,2024-08-15,9812
3013,晟銘電,85,73,12,元大-台中,2024-08-15,9812
00923,群益台ESG低碳50,12,0,12,元大-台中,2024-08-15,9812
2344,華邦電,20,8,12,元大-台中,2024-08-15,9812
2243,宏旭-KY,20,8,12,元大-台中,2024-08-15,9812
3374,精材,32,20,12,元大-台中,2024-08-15,9812
1513,中興電,25,13,12,元大-台中,2024-08-15,9812
2352,佳世達,12,1,11,元大-台中,2024-08-15,9812
2501,國建,16,5,11,元大-台中,2024-08-15,9812
3167,大量,11,0,11,元大-台中,2024-08-15,9812
3580,友威科,29,18,11,元大-台中,2024-08-15,9812
6288,聯嘉,10,0,10,元大-台中,2024-08-15,9812
2601,益航,10,0,10,元大-台中,2024-08-15,9812
2883,凱基金,11,1,10,元大-台中,2024-08-15,9812
2409,友達,1012,48,964,元大-台中,2024-08-16,9812
8028,昇陽半導體,509,41,468,元大-台中,2024-08-16,9812
00680L,元大美債20正2,420,34,386,元大-台中,2024-08-16,9812
3580,友威科,431,137,294,元大-台中,2024-08-16,9812
2388,威盛,783,553,230,元大-台中,2024-08-16,9812
00929,復華台灣科技優息,259,36,223,元大-台中,2024-08-16,9812
1504,東元,214,0,214,元大-台中,2024-08-16,9812
00937B,群益ESG投等債20,180,11,169,元大-台中,2024-08-16,9812
00688L,國泰20年美債正2,150,5,145,元大-台中,2024-08-16,9812
00933B,國泰10Y+金融債,141,1,140,元大-台中,2024-08-16,9812
00795B,中信美國公債20年,131,0,131,元大-台中,2024-08-16,9812
00632R,元大台灣50反1,425,333,92,元大-台中,2024-08-16,9812
6570,維田,87,0,87,元大-台中,2024-08-16,9812
5443,均豪,137,59,78,元大-台中,2024-08-16,9812
00679B,元大美債20年,62,0,62,元大-台中,2024-08-16,9812
3003,健和興,51,0,51,元大-台中,2024-08-16,9812
3663,鑫科,65,18,47,元大-台中,2024-08-16,9812
2101,南港,50,7,43,元大-台中,2024-08-16,9812
00878,國泰永續高股息,52,11,41,元大-台中,2024-08-16,9812
00687B,國泰20年美債,73,38,35,元大-台中,2024-08-16,9812
1540,喬福,31,0,31,元大-台中,2024-08-16,9812
4526,東台,31,0,31,元大-台中,2024-08-16,9812
6188,廣明,75,47,28,元大-台中,2024-08-16,9812
4513,福裕,24,3,21,元大-台中,2024-08-16,9812
2363,矽統,29,9,20,元大-台中,2024-08-16,9812
2356,英業達,26,6,20,元大-台中,2024-08-16,9812
3048,益登,37,17,20,元大-台中,2024-08-16,9812
8926,台汽電,19,0,19,元大-台中,2024-08-16,9812
1597,直得,23,4,19,元大-台中,2024-08-16,9812
2885,元大金,31,13,18,元大-台中,2024-08-16,9812
4956,光鋐,42,24,18,元大-台中,2024-08-16,9812
2486,一詮,22,4,18,元大-台中,2024-08-16,9812
3712,永崴投控,31,14,17,元大-台中,2024-08-16,9812
00673R,期元大S＆P原油反1,21,5,16,元大-台中,2024-08-16,9812
2610,華航,21,5,16,元大-台中,2024-08-16,9812
1101,台泥,16,2,14,元大-台中,2024-08-16,9812
00945B,凱基美國非投等債,14,0,14,元大-台中,2024-08-16,9812
2887,台新金,14,2,12,元大-台中,2024-08-16,9812
6282,康舒,12,1,11,元大-台中,2024-08-16,9812
5471,松翰,11,0,11,元大-台中,2024-08-16,9812
6245,立端,12,2,10,元大-台中,2024-08-16,9812
2107,厚生,10,0,10,元大-台中,2024-08-16,9812
8038,長園科,10,0,10,元大-台中,2024-08-16,9812
00722B,群益投資級電信債,10,0,10,元大-台中,2024-08-16,9812
2882B,國泰金乙特,10,0,10,元大-台中,2024-08-16,9812
2497,怡利電,10,0,10,元大-台中,2024-08-16,9812
00706L,期元大S＆P日圓正2,9,0,9,元大-台中,2024-08-16,9812
2014,中鴻,9,0,9,元大-台中,2024-08-16,9812
6582,申豐,8,0,8,元大-台中,2024-08-16,9812
3141,晶宏,8,0,8,元大-台中,2024-08-16,9812
00688L,國泰20年美債正2,760,5,755,元大-台中,2024-08-19,9812
5443,均豪,512,113,399,元大-台中,2024-08-19,9812
6570,維田,190,0,190,元大-台中,2024-08-19,9812
00687B,國泰20年美債,175,1,174,元大-台中,2024-08-19,9812
4909,新復興,253,105,148,元大-台中,2024-08-19,9812
00712,復華富時不動產,129,0,129,元大-台中,2024-08-19,9812
00679B,元大美債20年,97,4,93,元大-台中,2024-08-19,9812
1584,精剛,83,14,69,元大-台中,2024-08-19,9812
2301,光寶科,63,4,59,元大-台中,2024-08-19,9812
00929,復華台灣科技優息,80,23,57,元大-台中,2024-08-19,9812
2371,大同,64,12,52,元大-台中,2024-08-19,9812
00632R,元大台灣50反1,50,5,45,元大-台中,2024-08-19,9812
00722B,群益投資級電信債,33,0,33,元大-台中,2024-08-19,9812
0056,元大高股息,39,8,31,元大-台中,2024-08-19,9812
3049,精金,31,2,29,元大-台中,2024-08-19,9812
3019,亞光,147,119,28,元大-台中,2024-08-19,9812
00706L,期元大S＆P日圓正2,31,3,28,元大-台中,2024-08-19,9812
2883,凱基金,28,1,27,元大-台中,2024-08-19,9812
2354,鴻準,41,14,27,元大-台中,2024-08-19,9812
3013,晟銘電,47,24,23,元大-台中,2024-08-19,9812
2002,中鋼,25,2,23,元大-台中,2024-08-19,9812
5905,南仁湖,34,11,23,元大-台中,2024-08-19,9812
4109,加捷生醫,22,0,22,元大-台中,2024-08-19,9812
00885,富邦越南,20,0,20,元大-台中,2024-08-19,9812
00680L,元大美債20正2,21,1,20,元大-台中,2024-08-19,9812
5512,力麒,19,1,18,元大-台中,2024-08-19,9812
5371,中光電,23,5,18,元大-台中,2024-08-19,9812
2356,英業達,24,7,17,元大-台中,2024-08-19,9812
1474,弘裕,16,0,16,元大-台中,2024-08-19,9812
1504,東元,24,8,16,元大-台中,2024-08-19,9812
1603,華電,15,0,15,元大-台中,2024-08-19,9812
00665L,富邦�琤肭磪囓�2,15,0,15,元大-台中,2024-08-19,9812
5202,力新,15,0,15,元大-台中,2024-08-19,9812
00915,凱基優選高股息30,15,0,15,元大-台中,2024-08-19,9812
8096,擎亞,33,19,14,元大-台中,2024-08-19,9812
2881,富邦金,15,2,13,元大-台中,2024-08-19,9812
3338,泰碩,13,0,13,元大-台中,2024-08-19,9812
6166,凌華,12,0,12,元大-台中,2024-08-19,9812
2486,一詮,13,1,12,元大-台中,2024-08-19,9812
2364,倫飛,26,14,12,元大-台中,2024-08-19,9812
2886,兆豐金,11,0,11,元大-台中,2024-08-19,9812
00945B,凱基美國非投等債,11,0,11,元大-台中,2024-08-19,9812
00905,FT臺灣Smart,11,0,11,元大-台中,2024-08-19,9812
6443,元晶,11,0,11,元大-台中,2024-08-19,9812
5607,遠雄港,10,0,10,元大-台中,2024-08-19,9812
3047,訊舟,113,103,10,元大-台中,2024-08-19,9812
2337,旺宏,12,2,10,元大-台中,2024-08-19,9812
6170,統振,10,0,10,元大-台中,2024-08-19,9812
00941,中信上游半導體,10,0,10,元大-台中,2024-08-19,9812
9904,寶成,9,0,9,元大-台中,2024-08-19,9812
2409,友達,1010,9,1001,元大-台中,2024-08-20,9812
1504,東元,360,1,359,元大-台中,2024-08-20,9812
5905,南仁湖,338,95,243,元大-台中,2024-08-20,9812
00680L,元大美債20正2,218,1,217,元大-台中,2024-08-20,9812
3163,波若威,211,10,201,元大-台中,2024-08-20,9812
3167,大量,157,8,149,元大-台中,2024-08-20,9812
00937B,群益ESG投等債20,131,6,125,元大-台中,2024-08-20,9812
00687B,國泰20年美債,91,0,91,元大-台中,2024-08-20,9812
00715L,期街口布蘭特正2,105,14,91,元大-台中,2024-08-20,9812
2881,富邦金,77,0,77,元大-台中,2024-08-20,9812
2617,台航,60,0,60,元大-台中,2024-08-20,9812
00882,中信中國高股息,55,1,54,元大-台中,2024-08-20,9812
3321,同泰,55,1,54,元大-台中,2024-08-20,9812
1319,東陽,53,0,53,元大-台中,2024-08-20,9812
9105,泰金寶-DR,51,0,51,元大-台中,2024-08-20,9812
00679B,元大美債20年,65,21,44,元大-台中,2024-08-20,9812
8071,能率網通,59,15,44,元大-台中,2024-08-20,9812
6770,力積電,41,4,37,元大-台中,2024-08-20,9812
2317,鴻海,86,51,35,元大-台中,2024-08-20,9812
00637L,元大滬深300正2,30,0,30,元大-台中,2024-08-20,9812
2464,盟立,74,48,26,元大-台中,2024-08-20,9812
00688L,國泰20年美債正2,25,0,25,元大-台中,2024-08-20,9812
6841,長佳智能,26,2,24,元大-台中,2024-08-20,9812
2362,藍天,33,10,23,元大-台中,2024-08-20,9812
6658,聯策,28,5,23,元大-台中,2024-08-20,9812
2356,英業達,83,60,23,元大-台中,2024-08-20,9812
1326,台化,20,0,20,元大-台中,2024-08-20,9812
00885,富邦越南,20,0,20,元大-台中,2024-08-20,9812
1540,喬福,21,2,19,元大-台中,2024-08-20,9812
4109,加捷生醫,20,1,19,元大-台中,2024-08-20,9812
4563,百德,21,3,18,元大-台中,2024-08-20,9812
1785,光洋科,58,40,18,元大-台中,2024-08-20,9812
2002,中鋼,18,0,18,元大-台中,2024-08-20,9812
2515,中工,17,0,17,元大-台中,2024-08-20,9812
2543,皇昌,19,2,17,元大-台中,2024-08-20,9812
2601,益航,17,0,17,元大-台中,2024-08-20,9812
006208,富邦台50,16,0,16,元大-台中,2024-08-20,9812
2489,瑞軒,24,8,16,元大-台中,2024-08-20,9812
2882,國泰金,16,0,16,元大-台中,2024-08-20,9812
2363,矽統,18,3,15,元大-台中,2024-08-20,9812
3576,聯合再生,16,0,16,元大-台中,2024-08-20,9812
5009,榮剛,15,0,15,元大-台中,2024-08-20,9812
2367,燿華,23,9,14,元大-台中,2024-08-20,9812
00642U,期元大S＆P石油,13,0,13,元大-台中,2024-08-20,9812
00936,台新永續高息中小,18,5,13,元大-台中,2024-08-20,9812
3056,富華新,16,4,12,元大-台中,2024-08-20,9812
2062,橋椿,34,23,11,元大-台中,2024-08-20,9812
2486,一詮,12,1,11,元大-台中,2024-08-20,9812
5452,佶優,16,6,10,元大-台中,2024-08-20,9812
6237,驊訊,10,0,10,元大-台中,2024-08-20,9812
2891,中信金,198,12,186,元大-台中,2024-08-21,9812
1504,東元,175,0,175,元大-台中,2024-08-21,9812
00940,元大台灣價值高息,170,19,151,元大-台中,2024-08-21,9812
00953B,群益優選非投等債,107,0,107,元大-台中,2024-08-21,9812
3073,天方能源,103,4,99,元大-台中,2024-08-21,9812
00885,富邦越南,100,2,98,元大-台中,2024-08-21,9812
00919,群益台灣精選高息,87,4,83,元大-台中,2024-08-21,9812
00688L,國泰20年美債正2,50,0,50,元大-台中,2024-08-21,9812
6835,圓裕,48,0,48,元大-台中,2024-08-21,9812
00679B,元大美債20年,93,45,48,元大-台中,2024-08-21,9812
00882,中信中國高股息,47,1,46,元大-台中,2024-08-21,9812
00929,復華台灣科技優息,54,10,44,元大-台中,2024-08-21,9812
9935,慶豐富,44,1,43,元大-台中,2024-08-21,9812
2062,橋椿,52,10,42,元大-台中,2024-08-21,9812
3363,上詮,42,2,40,元大-台中,2024-08-21,9812
00719B,元大美債1-3,35,0,35,元大-台中,2024-08-21,9812
00715L,期街口布蘭特正2,42,10,32,元大-台中,2024-08-21,9812
2547,日勝生,31,0,31,元大-台中,2024-08-21,9812
3711,日月光投控,30,0,30,元大-台中,2024-08-21,9812
2344,華邦電,30,6,24,元大-台中,2024-08-21,9812
2330,台積電,27,4,23,元大-台中,2024-08-21,9812
2388,威盛,87,65,22,元大-台中,2024-08-21,9812
2501,國建,22,0,22,元大-台中,2024-08-21,9812
3019,亞光,37,16,21,元大-台中,2024-08-21,9812
00687B,國泰20年美債,27,6,21,元大-台中,2024-08-21,9812
3062,建漢,25,4,21,元大-台中,2024-08-21,9812
3312,弘憶股,65,45,20,元大-台中,2024-08-21,9812
2476,鉅祥,20,0,20,元大-台中,2024-08-21,9812
6757,台灣虎航,18,0,18,元大-台中,2024-08-21,9812
9105,泰金寶-DR,50,32,18,元大-台中,2024-08-21,9812
2317,鴻海,53,36,17,元大-台中,2024-08-21,9812
00878,國泰永續高股息,46,29,17,元大-台中,2024-08-21,9812
1609,大亞,29,12,17,元大-台中,2024-08-21,9812
00918,大華優利高填息30,16,0,16,元大-台中,2024-08-21,9812
5009,榮剛,25,9,16,元大-台中,2024-08-21,9812
00665L,富邦�琤肭磪囓�2,26,10,16,元大-台中,2024-08-21,9812
1409,新纖,19,3,16,元大-台中,2024-08-21,9812
3551,世禾,17,1,16,元大-台中,2024-08-21,9812
8054,安國,74,60,14,元大-台中,2024-08-21,9812
3013,晟銘電,22,8,14,元大-台中,2024-08-21,9812
3694,海華,13,0,13,元大-台中,2024-08-21,9812
1597,直得,19,7,12,元大-台中,2024-08-21,9812
2009,第一銅,12,0,12,元大-台中,2024-08-21,9812
1540,喬福,12,0,12,元大-台中,2024-08-21,9812
1314,中石化,12,0,12,元大-台中,2024-08-21,9812
4562,穎漢,12,0,12,元大-台中,2024-08-21,9812
00881,國泰台灣5G+,18,6,12,元大-台中,2024-08-21,9812
3535,晶彩科,84,72,12,元大-台中,2024-08-21,9812
2376,技嘉,14,3,11,元大-台中,2024-08-21,9812
00947,台新臺灣IC設計,11,0,11,元大-台中,2024-08-21,9812
1727,中華化,1420,445,975,元大-台中,2024-08-22,9812
1711,永光,1916,1037,879,元大-台中,2024-08-22,9812
00632R,元大台灣50反1,710,30,680,元大-台中,2024-08-22,9812
2891,中信金,106,8,98,元大-台中,2024-08-22,9812
00885,富邦越南,100,4,96,元大-台中,2024-08-22,9812
00715L,期街口布蘭特正2,76,0,76,元大-台中,2024-08-22,9812
2062,橋椿,117,43,74,元大-台中,2024-08-22,9812
2349,錸德,171,107,64,元大-台中,2024-08-22,9812
2317,鴻海,101,54,47,元大-台中,2024-08-22,9812
2537,聯上發,41,1,40,元大-台中,2024-08-22,9812
00680L,元大美債20正2,57,20,37,元大-台中,2024-08-22,9812
00940,元大台灣價值高息,65,29,36,元大-台中,2024-08-22,9812
1316,上曜,39,4,35,元大-台中,2024-08-22,9812
2890,永豐金,32,2,30,元大-台中,2024-08-22,9812
5531,鄉林,30,0,30,元大-台中,2024-08-22,9812
8040,九暘,28,0,28,元大-台中,2024-08-22,9812
00933B,國泰10Y+金融債,25,0,25,元大-台中,2024-08-22,9812
00646,元大S＆P500,25,0,25,元大-台中,2024-08-22,9812
00878,國泰永續高股息,31,10,21,元大-台中,2024-08-22,9812
00679B,元大美債20年,21,2,19,元大-台中,2024-08-22,9812
2330,台積電,62,44,18,元大-台中,2024-08-22,9812
9105,泰金寶-DR,25,10,15,元大-台中,2024-08-22,9812
8926,台汽電,15,0,15,元大-台中,2024-08-22,9812
3518,柏騰,25,10,15,元大-台中,2024-08-22,9812
4906,正文,23,8,15,元大-台中,2024-08-22,9812
00937B,群益ESG投等債20,64,50,14,元大-台中,2024-08-22,9812
1522,堤維西,15,1,14,元大-台中,2024-08-22,9812
00907,永豐優息存股,14,0,14,元大-台中,2024-08-22,9812
00642U,期元大S＆P石油,14,0,14,元大-台中,2024-08-22,9812
8096,擎亞,41,28,13,元大-台中,2024-08-22,9812
1710,東聯,12,0,12,元大-台中,2024-08-22,9812
8150,南茂,13,1,12,元大-台中,2024-08-22,9812
00919,群益台灣精選高息,15,4,11,元大-台中,2024-08-22,9812
2025,千興,11,0,11,元大-台中,2024-08-22,9812
6224,聚鼎,13,2,11,元大-台中,2024-08-22,9812
5905,南仁湖,13,2,11,元大-台中,2024-08-22,9812
2892,第一金,11,0,11,元大-台中,2024-08-22,9812
6679,鈺太,12,1,11,元大-台中,2024-08-22,9812
8028,昇陽半導體,39,29,10,元大-台中,2024-08-22,9812
0056,元大高股息,35,25,10,元大-台中,2024-08-22,9812
2356,英業達,11,1,10,元大-台中,2024-08-22,9812
1909,榮成,10,0,10,元大-台中,2024-08-22,9812
00795B,中信美國公債20年,10,0,10,元大-台中,2024-08-22,9812
3276,宇環,10,0,10,元大-台中,2024-08-22,9812
00712,復華富時不動產,10,0,10,元大-台中,2024-08-22,9812
1709,和益,14,4,10,元大-台中,2024-08-22,9812
00669R,國泰美國道瓊反1,10,0,10,元大-台中,2024-08-22,9812
5481,新華,15,5,10,元大-台中,2024-08-22,9812
00688L,國泰20年美債正2,10,0,10,元大-台中,2024-08-22,9812
00633L,富邦上証正2,10,0,10,元大-台中,2024-08-22,9812
8039,台虹,2483,19,2464,元大-台中,2024-08-23,9812
00680L,元大美債20正2,456,3,453,元大-台中,2024-08-23,9812
00676R,富邦臺灣加權反1,200,0,200,元大-台中,2024-08-23,9812
2891,中信金,142,10,132,元大-台中,2024-08-23,9812
2303,聯電,118,6,112,元大-台中,2024-08-23,9812
2890,永豐金,109,0,109,元大-台中,2024-08-23,9812
00632R,元大台灣50反1,907,814,93,元大-台中,2024-08-23,9812
2349,錸德,221,133,88,元大-台中,2024-08-23,9812
1314,中石化,91,18,73,元大-台中,2024-08-23,9812
00688L,國泰20年美債正2,66,0,66,元大-台中,2024-08-23,9812
9945,潤泰新,55,0,55,元大-台中,2024-08-23,9812
00948B,中信優息投資級債,48,0,48,元大-台中,2024-08-23,9812
00940,元大台灣價值高息,74,27,47,元大-台中,2024-08-23,9812
00713,元大台灣高息低波,41,0,41,元大-台中,2024-08-23,9812
00687B,國泰20年美債,38,2,36,元大-台中,2024-08-23,9812
2609,陽明,38,4,34,元大-台中,2024-08-23,9812
00795B,中信美國公債20年,32,0,32,元大-台中,2024-08-23,9812
00715L,期街口布蘭特正2,34,2,32,元大-台中,2024-08-23,9812
00919,群益台灣精選高息,40,9,31,元大-台中,2024-08-23,9812
1321,大洋,30,0,30,元大-台中,2024-08-23,9812
00878,國泰永續高股息,29,2,27,元大-台中,2024-08-23,9812
4561,健椿,29,3,26,元大-台中,2024-08-23,9812
4513,福裕,34,11,23,元大-台中,2024-08-23,9812
00706L,期元大S＆P日圓正2,21,0,21,元大-台中,2024-08-23,9812
6016,康和證,20,0,20,元大-台中,2024-08-23,9812
6712,長聖,20,0,20,元大-台中,2024-08-23,9812
6170,統振,16,0,16,元大-台中,2024-08-23,9812
00679B,元大美債20年,15,0,15,元大-台中,2024-08-23,9812
00685L,群益臺灣加權正2,15,0,15,元大-台中,2024-08-23,9812
2905,三商,14,0,14,元大-台中,2024-08-23,9812
1409,新纖,15,2,13,元大-台中,2024-08-23,9812
8121,越峰,15,3,12,元大-台中,2024-08-23,9812
00936,台新永續高息中小,11,0,11,元大-台中,2024-08-23,9812
2208,台船,15,4,11,元大-台中,2024-08-23,9812
00937B,群益ESG投等債20,11,0,11,元大-台中,2024-08-23,9812
2401,凌陽,12,1,11,元大-台中,2024-08-23,9812
00953B,群益優選非投等債,11,0,11,元大-台中,2024-08-23,9812
4743,合一,11,0,11,元大-台中,2024-08-23,9812
6282,康舒,11,2,9,元大-台中,2024-08-23,9812
4540,全球傳動,17,8,9,元大-台中,2024-08-23,9812
00720B,元大投資級公司債,9,1,8,元大-台中,2024-08-23,9812
00764B,群益25年美債,8,0,8,元大-台中,2024-08-23,9812
00642U,期元大S＆P石油,9,1,8,元大-台中,2024-08-23,9812
5009,榮剛,9,1,8,元大-台中,2024-08-23,9812
8064,東捷,95,87,8,元大-台中,2024-08-23,9812
2885,元大金,7,0,7,元大-台中,2024-08-23,9812
0050,元大台灣50,8,1,7,元大-台中,2024-08-23,9812
6505,台塑化,7,0,7,元大-台中,2024-08-23,9812
3687,歐買尬,8,1,7,元大-台中,2024-08-23,9812
00887,永豐中國科技50大,7,0,7,元大-台中,2024-08-23,9812
2888,新光金,1632,818,814,元大-台中,2024-08-26,9812
5538,東明-KY,237,0,237,元大-台中,2024-08-26,9812
00637L,元大滬深300正2,282,50,232,元大-台中,2024-08-26,9812
00885,富邦越南,200,3,197,元大-台中,2024-08-26,9812
3033,威健,152,3,149,元大-台中,2024-08-26,9812
2409,友達,167,36,131,元大-台中,2024-08-26,9812
1504,東元,131,2,129,元大-台中,2024-08-26,9812
2610,華航,101,1,100,元大-台中,2024-08-26,9812
00680L,元大美債20正2,106,26,80,元大-台中,2024-08-26,9812
00687B,國泰20年美債,78,7,71,元大-台中,2024-08-26,9812
00686R,群益臺灣加權反1,50,0,50,元大-台中,2024-08-26,9812
2891,中信金,41,7,34,元大-台中,2024-08-26,9812
3645,達邁,48,15,33,元大-台中,2024-08-26,9812
5234,達興材料,109,78,31,元大-台中,2024-08-26,9812
8028,昇陽半導體,83,53,30,元大-台中,2024-08-26,9812
2489,瑞軒,34,5,29,元大-台中,2024-08-26,9812
00940,元大台灣價值高息,82,57,25,元大-台中,2024-08-26,9812
00937B,群益ESG投等債20,24,1,23,元大-台中,2024-08-26,9812
00679B,元大美債20年,23,2,21,元大-台中,2024-08-26,9812
4906,正文,24,3,21,元大-台中,2024-08-26,9812
2486,一詮,20,0,20,元大-台中,2024-08-26,9812
8096,擎亞,38,19,19,元大-台中,2024-08-26,9812
3062,建漢,18,0,18,元大-台中,2024-08-26,9812
1711,永光,33,15,18,元大-台中,2024-08-26,9812
2637,慧洋-KY,22,4,18,元大-台中,2024-08-26,9812
6770,力積電,16,0,16,元大-台中,2024-08-26,9812
1708,東鹼,22,6,16,元大-台中,2024-08-26,9812
2331,精英,22,8,14,元大-台中,2024-08-26,9812
2402,毅嘉,45,31,14,元大-台中,2024-08-26,9812
3019,亞光,18,5,13,元大-台中,2024-08-26,9812
6877,鏵友益,15,2,13,元大-台中,2024-08-26,9812
2317,鴻海,36,23,13,元大-台中,2024-08-26,9812
2323,中環,52,40,12,元大-台中,2024-08-26,9812
2208,台船,21,9,12,元大-台中,2024-08-26,9812
6134,萬旭,22,11,11,元大-台中,2024-08-26,9812
2313,華通,14,3,11,元大-台中,2024-08-26,9812
2365,昆盈,28,17,11,元大-台中,2024-08-26,9812
2884,玉山金,13,2,11,元大-台中,2024-08-26,9812
5905,南仁湖,13,2,11,元大-台中,2024-08-26,9812
00921,兆豐龍頭等權重,10,0,10,元大-台中,2024-08-26,9812
2903,遠百,10,0,10,元大-台中,2024-08-26,9812
2501,國建,15,5,10,元大-台中,2024-08-26,9812
2851,中再保,11,1,10,元大-台中,2024-08-26,9812
3025,星通,10,0,10,元大-台中,2024-08-26,9812
00673R,期元大S＆P原油反1,10,0,10,元大-台中,2024-08-26,9812
00905,FT臺灣Smart,11,1,10,元大-台中,2024-08-26,9812
00719B,元大美債1-3,10,0,10,元大-台中,2024-08-26,9812
3078,僑威,10,0,10,元大-台中,2024-08-26,9812
6163,華電網,10,0,10,元大-台中,2024-08-26,9812
6122,擎邦,10,0,10,元大-台中,2024-08-26,9812
2425,承啟,1218,527,691,元大-台中,2024-08-27,9812
2409,友達,517,11,506,元大-台中,2024-08-27,9812
2891,中信金,422,9,413,元大-台中,2024-08-27,9812
00680L,元大美債20正2,304,0,304,元大-台中,2024-08-27,9812
6443,元晶,155,1,154,元大-台中,2024-08-27,9812
00919,群益台灣精選高息,153,0,153,元大-台中,2024-08-27,9812
6770,力積電,106,0,106,元大-台中,2024-08-27,9812
2371,大同,101,1,100,元大-台中,2024-08-27,9812
2101,南港,97,0,97,元大-台中,2024-08-27,9812
6143,振曜,574,487,87,元大-台中,2024-08-27,9812
3481,群創,166,90,76,元大-台中,2024-08-27,9812
6120,達運,60,0,60,元大-台中,2024-08-27,9812
2515,中工,61,3,58,元大-台中,2024-08-27,9812
9105,泰金寶-DR,61,6,55,元大-台中,2024-08-27,9812
00687B,國泰20年美債,40,2,38,元大-台中,2024-08-27,9812
00679B,元大美債20年,36,0,36,元大-台中,2024-08-27,9812
00753L,中信中國50正2,32,0,32,元大-台中,2024-08-27,9812
6177,達麗,33,2,31,元大-台中,2024-08-27,9812
3032,偉訓,30,1,29,元大-台中,2024-08-27,9812
00929,復華台灣科技優息,40,13,27,元大-台中,2024-08-27,9812
2303,聯電,42,16,26,元大-台中,2024-08-27,9812
5371,中光電,26,0,26,元大-台中,2024-08-27,9812
2609,陽明,33,11,22,元大-台中,2024-08-27,9812
3149,正達,40,18,22,元大-台中,2024-08-27,9812
00713,元大台灣高息低波,21,0,21,元大-台中,2024-08-27,9812
2062,橋椿,35,14,21,元大-台中,2024-08-27,9812
2349,錸德,31,10,21,元大-台中,2024-08-27,9812
006208,富邦台50,22,1,21,元大-台中,2024-08-27,9812
3714,富采,19,0,19,元大-台中,2024-08-27,9812
00878,國泰永續高股息,24,5,19,元大-台中,2024-08-27,9812
2887,台新金,26,10,16,元大-台中,2024-08-27,9812
00632R,元大台灣50反1,16,1,15,元大-台中,2024-08-27,9812
0056,元大高股息,18,4,14,元大-台中,2024-08-27,9812
5452,佶優,17,5,12,元大-台中,2024-08-27,9812
2610,華航,12,1,11,元大-台中,2024-08-27,9812
2883,凱基金,11,0,11,元大-台中,2024-08-27,9812
1314,中石化,12,1,11,元大-台中,2024-08-27,9812
00948B,中信優息投資級債,11,0,11,元大-台中,2024-08-27,9812
2605,新興,14,3,11,元大-台中,2024-08-27,9812
4967,十銓,26,15,11,元大-台中,2024-08-27,9812
2845,遠東銀,11,0,11,元大-台中,2024-08-27,9812
2524,京城,14,4,10,元大-台中,2024-08-27,9812
2816,旺旺保,10,0,10,元大-台中,2024-08-27,9812
4720,德淵,10,0,10,元大-台中,2024-08-27,9812
8043,蜜望實,14,4,10,元大-台中,2024-08-27,9812
1326,台化,10,0,10,元大-台中,2024-08-27,9812
00953B,群益優選非投等債,10,0,10,元大-台中,2024-08-27,9812
00918,大華優利高填息30,9,0,9,元大-台中,2024-08-27,9812
6188,廣明,13,4,9,元大-台中,2024-08-27,9812
3450,聯鈞,35,26,9,元大-台中,2024-08-27,9812
3550,聯穎,4181,816,3365,元大-台中,2024-08-28,9812
2888,新光金,850,215,635,元大-台中,2024-08-28,9812
00688L,國泰20年美債正2,111,0,111,元大-台中,2024-08-28,9812
2405,輔信,108,5,103,元大-台中,2024-08-28,9812
00637L,元大滬深300正2,139,50,89,元大-台中,2024-08-28,9812
00753L,中信中國50正2,60,0,60,元大-台中,2024-08-28,9812
00936,台新永續高息中小,60,1,59,元大-台中,2024-08-28,9812
2367,燿華,82,24,58,元大-台中,2024-08-28,9812
2062,橋椿,66,14,52,元大-台中,2024-08-28,9812
1504,東元,47,1,46,元大-台中,2024-08-28,9812
2891,中信金,52,7,45,元大-台中,2024-08-28,9812
2464,盟立,97,55,42,元大-台中,2024-08-28,9812
4561,健椿,59,18,41,元大-台中,2024-08-28,9812
00687B,國泰20年美債,37,0,37,元大-台中,2024-08-28,9812
5481,新華,37,2,35,元大-台中,2024-08-28,9812
00937B,群益ESG投等債20,36,2,34,元大-台中,2024-08-28,9812
2887,台新金,34,3,31,元大-台中,2024-08-28,9812
00959B,大華投等美債15Y+,31,0,31,元大-台中,2024-08-28,9812
00929,復華台灣科技優息,61,31,30,元大-台中,2024-08-28,9812
3689,湧德,43,14,29,元大-台中,2024-08-28,9812
3167,大量,40,13,27,元大-台中,2024-08-28,9812
9958,世紀鋼,37,11,26,元大-台中,2024-08-28,9812
8070,長華*,32,9,23,元大-台中,2024-08-28,9812
00915,凱基優選高股息30,20,0,20,元大-台中,2024-08-28,9812
2489,瑞軒,19,0,19,元大-台中,2024-08-28,9812
3149,正達,34,15,19,元大-台中,2024-08-28,9812
4540,全球傳動,30,12,18,元大-台中,2024-08-28,9812
9105,泰金寶-DR,18,0,18,元大-台中,2024-08-28,9812
00715L,期街口布蘭特正2,21,3,18,元大-台中,2024-08-28,9812
0056,元大高股息,19,1,18,元大-台中,2024-08-28,9812
3673,TPK-KY,23,6,17,元大-台中,2024-08-28,9812
6877,鏵友益,18,2,16,元大-台中,2024-08-28,9812
2009,第一銅,20,4,16,元大-台中,2024-08-28,9812
4534,慶騰,16,0,16,元大-台中,2024-08-28,9812
6133,金橋,14,0,14,元大-台中,2024-08-28,9812
00927,群益半導體收益,13,0,13,元大-台中,2024-08-28,9812
2409,友達,46,33,13,元大-台中,2024-08-28,9812
2543,皇昌,28,15,13,元大-台中,2024-08-28,9812
5386,青雲,19,6,13,元大-台中,2024-08-28,9812
2399,映泰,24,12,12,元大-台中,2024-08-28,9812
4967,十銓,13,1,12,元大-台中,2024-08-28,9812
8374,羅昇,36,26,10,元大-台中,2024-08-28,9812
2905,三商,10,0,10,元大-台中,2024-08-28,9812
00751B,元大AAA至A公司債,10,0,10,元大-台中,2024-08-28,9812
2882B,國泰金乙特,10,0,10,元大-台中,2024-08-28,9812
2913,農林,10,0,10,元大-台中,2024-08-28,9812
00907,永豐優息存股,10,0,10,元大-台中,2024-08-28,9812
2890,永豐金,13,3,10,元大-台中,2024-08-28,9812
3430,奇鈦科,9,0,9,元大-台中,2024-08-28,9812
8932,智通*,9,0,9,元大-台中,2024-08-28,9812
00940,元大台灣價值高息,337,16,321,元大-台中,2024-08-29,9812
2367,燿華,339,36,303,元大-台中,2024-08-29,9812
3003,健和興,100,6,94,元大-台中,2024-08-29,9812
2891,中信金,89,5,84,元大-台中,2024-08-29,9812
2515,中工,80,4,76,元大-台中,2024-08-29,9812
00753L,中信中國50正2,66,0,66,元大-台中,2024-08-29,9812
00959B,大華投等美債15Y+,54,0,54,元大-台中,2024-08-29,9812
4561,健椿,66,16,50,元大-台中,2024-08-29,9812
1314,中石化,49,0,49,元大-台中,2024-08-29,9812
3362,先進光,135,88,47,元大-台中,2024-08-29,9812
4510,高鋒,140,97,43,元大-台中,2024-08-29,9812
9958,世紀鋼,57,14,43,元大-台中,2024-08-29,9812
00673R,期元大S＆P原油反1,39,0,39,元大-台中,2024-08-29,9812
6835,圓裕,37,0,37,元大-台中,2024-08-29,9812
00679B,元大美債20年,30,0,30,元大-台中,2024-08-29,9812
00937B,群益ESG投等債20,30,1,29,元大-台中,2024-08-29,9812
00929,復華台灣科技優息,39,13,26,元大-台中,2024-08-29,9812
8354,冠好,25,0,25,元大-台中,2024-08-29,9812
00919,群益台灣精選高息,26,3,23,元大-台中,2024-08-29,9812
2312,金寶,27,4,23,元大-台中,2024-08-29,9812
2601,益航,22,0,22,元大-台中,2024-08-29,9812
3450,聯鈞,69,48,21,元大-台中,2024-08-29,9812
8070,長華*,26,5,21,元大-台中,2024-08-29,9812
2330,台積電,25,4,21,元大-台中,2024-08-29,9812
2228,劍麟,20,0,20,元大-台中,2024-08-29,9812
3481,群創,25,5,20,元大-台中,2024-08-29,9812
8027,鈦昇,18,0,18,元大-台中,2024-08-29,9812
00687B,國泰20年美債,17,0,17,元大-台中,2024-08-29,9812
3047,訊舟,47,30,17,元大-台中,2024-08-29,9812
5443,均豪,110,93,17,元大-台中,2024-08-29,9812
6282,康舒,16,0,16,元大-台中,2024-08-29,9812
6209,今國光,16,1,15,元大-台中,2024-08-29,9812
1721,三晃,42,27,15,元大-台中,2024-08-29,9812
2426,鼎元,23,11,12,元大-台中,2024-08-29,9812
2353,宏��,12,1,11,元大-台中,2024-08-29,9812
2382,廣達,15,4,11,元大-台中,2024-08-29,9812
2845,遠東銀,10,0,10,元大-台中,2024-08-29,9812
3051,力特,10,0,10,元大-台中,2024-08-29,9812
4952,凌通,10,0,10,元大-台中,2024-08-29,9812
4720,德淵,20,10,10,元大-台中,2024-08-29,9812
4714,永捷,11,2,9,元大-台中,2024-08-29,9812
00905,FT臺灣Smart,9,0,9,元大-台中,2024-08-29,9812
00685L,群益臺灣加權正2,10,1,9,元大-台中,2024-08-29,9812
8358,金居,11,2,9,元大-台中,2024-08-29,9812
2356,英業達,9,1,8,元大-台中,2024-08-29,9812
6505,台塑化,8,0,8,元大-台中,2024-08-29,9812
3484,崧騰,9,1,8,元大-台中,2024-08-29,9812
00918,大華優利高填息30,8,0,8,元大-台中,2024-08-29,9812
2880,華南金,7,0,7,元大-台中,2024-08-29,9812
6603,富強鑫,28,21,7,元大-台中,2024-08-29,9812
1530,亞崴,1084,0,1084,元大-台中,2024-08-30,9812
2891,中信金,390,3,387,元大-台中,2024-08-30,9812
1711,永光,142,28,114,元大-台中,2024-08-30,9812
3481,群創,106,16,90,元大-台中,2024-08-30,9812
00687B,國泰20年美債,90,16,74,元大-台中,2024-08-30,9812
00959B,大華投等美債15Y+,58,0,58,元大-台中,2024-08-30,9812
00937B,群益ESG投等債20,65,24,41,元大-台中,2024-08-30,9812
2618,長榮航,59,20,39,元大-台中,2024-08-30,9812
1504,東元,35,0,35,元大-台中,2024-08-30,9812
8111,立��,40,5,35,元大-台中,2024-08-30,9812
1608,華榮,30,0,30,元大-台中,2024-08-30,9812
00949,復華日本龍頭,36,9,27,元大-台中,2024-08-30,9812
00953B,群益優選非投等債,25,0,25,元大-台中,2024-08-30,9812
2409,友達,52,27,25,元大-台中,2024-08-30,9812
9105,泰金寶-DR,27,2,25,元大-台中,2024-08-30,9812
6213,聯茂,24,1,23,元大-台中,2024-08-30,9812
3322,建舜電,21,0,21,元大-台中,2024-08-30,9812
8096,擎亞,37,17,20,元大-台中,2024-08-30,9812
3580,友威科,52,32,20,元大-台中,2024-08-30,9812
4510,高鋒,53,34,19,元大-台中,2024-08-30,9812
5225,東科-KY,30,11,19,元大-台中,2024-08-30,9812
2464,盟立,65,48,17,元大-台中,2024-08-30,9812
00632R,元大台灣50反1,23,6,17,元大-台中,2024-08-30,9812
3303,岱稜,19,2,17,元大-台中,2024-08-30,9812
6282,康舒,16,0,16,元大-台中,2024-08-30,9812
3019,亞光,39,23,16,元大-台中,2024-08-30,9812
3049,精金,15,0,15,元大-台中,2024-08-30,9812
3663,鑫科,15,1,14,元大-台中,2024-08-30,9812
5452,佶優,29,15,14,元大-台中,2024-08-30,9812
4906,正文,14,0,14,元大-台中,2024-08-30,9812
4562,穎漢,13,0,13,元大-台中,2024-08-30,9812
2313,華通,55,42,13,元大-台中,2024-08-30,9812
3455,由田,12,0,12,元大-台中,2024-08-30,9812
2425,承啟,24,12,12,元大-台中,2024-08-30,9812
2867,三商壽,10,0,10,元大-台中,2024-08-30,9812
3013,晟銘電,20,10,10,元大-台中,2024-08-30,9812
3548,兆利,11,1,10,元大-台中,2024-08-30,9812
2382,廣達,14,4,10,元大-台中,2024-08-30,9812
4720,德淵,10,0,10,元大-台中,2024-08-30,9812
6658,聯策,34,25,9,元大-台中,2024-08-30,9812
00907,永豐優息存股,9,0,9,元大-台中,2024-08-30,9812
3535,晶彩科,20,11,9,元大-台中,2024-08-30,9812
2303,聯電,17,9,8,元大-台中,2024-08-30,9812
4303,信立,27,19,8,元大-台中,2024-08-30,9812
3163,波若威,29,21,8,元大-台中,2024-08-30,9812
6117,迎廣,9,1,8,元大-台中,2024-08-30,9812
2455,全新,9,1,8,元大-台中,2024-08-30,9812
2364,倫飛,14,6,8,元大-台中,2024-08-30,9812
4931,新盛力,14,6,8,元大-台中,2024-08-30,9812
2330,台積電,14,7,7,元大-台中,2024-08-30,9812
00632R,元大台灣50反1,470,40,430,元大-台中,2024-09-02,9812
00688L,國泰20年美債正2,422,0,422,元大-台中,2024-09-02,9812
00715L,期街口布蘭特正2,270,20,250,元大-台中,2024-09-02,9812
00687B,國泰20年美債,134,2,132,元大-台中,2024-09-02,9812
3481,群創,125,17,108,元大-台中,2024-09-02,9812
1314,中石化,102,0,102,元大-台中,2024-09-02,9812
00951,台新日本半導體,100,0,100,元大-台中,2024-09-02,9812
6116,彩晶,80,0,80,元大-台中,2024-09-02,9812
00885,富邦越南,100,20,80,元大-台中,2024-09-02,9812
2323,中環,117,40,77,元大-台中,2024-09-02,9812
00637L,元大滬深300正2,77,10,67,元大-台中,2024-09-02,9812
00937B,群益ESG投等債20,60,0,60,元大-台中,2024-09-02,9812
00679B,元大美債20年,62,3,59,元大-台中,2024-09-02,9812
00919,群益台灣精選高息,60,2,58,元大-台中,2024-09-02,9812
1597,直得,62,7,55,元大-台中,2024-09-02,9812
3003,健和興,102,56,46,元大-台中,2024-09-02,9812
3322,建舜電,42,1,41,元大-台中,2024-09-02,9812
6120,達運,38,0,38,元大-台中,2024-09-02,9812
00940,元大台灣價值高息,48,11,37,元大-台中,2024-09-02,9812
2897,王道銀行,36,0,36,元大-台中,2024-09-02,9812
4303,信立,32,0,32,元大-台中,2024-09-02,9812
2438,翔耀,30,0,30,元大-台中,2024-09-02,9812
4540,全球傳動,28,1,27,元大-台中,2024-09-02,9812
00665L,富邦�琤肭磪囓�2,25,0,25,元大-台中,2024-09-02,9812
00738U,期元大道瓊白銀,22,1,21,元大-台中,2024-09-02,9812
2515,中工,99,78,21,元大-台中,2024-09-02,9812
2609,陽明,27,7,20,元大-台中,2024-09-02,9812
1312,國喬,20,0,20,元大-台中,2024-09-02,9812
3390,旭軟,33,13,20,元大-台中,2024-09-02,9812
4513,福裕,21,3,18,元大-台中,2024-09-02,9812
00720B,元大投資級公司債,18,1,17,元大-台中,2024-09-02,9812
2009,第一銅,16,0,16,元大-台中,2024-09-02,9812
6603,富強鑫,16,0,16,元大-台中,2024-09-02,9812
2352,佳世達,33,17,16,元大-台中,2024-09-02,9812
00929,復華台灣科技優息,27,11,16,元大-台中,2024-09-02,9812
4956,光鋐,16,1,15,元大-台中,2024-09-02,9812
6213,聯茂,14,0,14,元大-台中,2024-09-02,9812
00713,元大台灣高息低波,24,10,14,元大-台中,2024-09-02,9812
00915,凱基優選高股息30,14,0,14,元大-台中,2024-09-02,9812
00642U,期元大S＆P石油,14,0,14,元大-台中,2024-09-02,9812
4306,炎洲,20,7,13,元大-台中,2024-09-02,9812
3265,台星科,11,0,11,元大-台中,2024-09-02,9812
8111,立��,16,6,10,元大-台中,2024-09-02,9812
2601,益航,10,0,10,元大-台中,2024-09-02,9812
6712,長聖,10,0,10,元大-台中,2024-09-02,9812
5475,德宏,10,0,10,元大-台中,2024-09-02,9812
2913,農林,10,0,10,元大-台中,2024-09-02,9812
1301,台塑,11,1,10,元大-台中,2024-09-02,9812
5213,亞昕,9,0,9,元大-台中,2024-09-02,9812
6134,萬旭,9,0,9,元大-台中,2024-09-02,9812
2888,新光金,817,151,666,元大-台中,2024-09-03,9812
4510,高鋒,559,278,281,元大-台中,2024-09-03,9812
00882,中信中國高股息,180,1,179,元大-台中,2024-09-03,9812
00637L,元大滬深300正2,128,0,128,元大-台中,2024-09-03,9812
00795B,中信美國公債20年,106,0,106,元大-台中,2024-09-03,9812
00919,群益台灣精選高息,88,3,85,元大-台中,2024-09-03,9812
00929,復華台灣科技優息,167,84,83,元大-台中,2024-09-03,9812
00937B,群益ESG投等債20,79,0,79,元大-台中,2024-09-03,9812
00940,元大台灣價值高息,78,0,78,元大-台中,2024-09-03,9812
2867,三商壽,47,0,47,元大-台中,2024-09-03,9812
1721,三晃,50,3,47,元大-台中,2024-09-03,9812
00936,台新永續高息中小,105,61,44,元大-台中,2024-09-03,9812
2344,華邦電,40,2,38,元大-台中,2024-09-03,9812
2883,凱基金,36,1,35,元大-台中,2024-09-03,9812
00680L,元大美債20正2,32,0,32,元大-台中,2024-09-03,9812
2887,台新金,32,3,29,元大-台中,2024-09-03,9812
00679B,元大美債20年,23,0,23,元大-台中,2024-09-03,9812
00918,大華優利高填息30,24,1,23,元大-台中,2024-09-03,9812
00685L,群益臺灣加權正2,23,0,23,元大-台中,2024-09-03,9812
3037,欣興,32,11,21,元大-台中,2024-09-03,9812
8076,伍豐,28,7,21,元大-台中,2024-09-03,9812
2891,中信金,28,8,20,元大-台中,2024-09-03,9812
6274,台燿,32,12,20,元大-台中,2024-09-03,9812
1101,台泥,19,1,18,元大-台中,2024-09-03,9812
006208,富邦台50,18,1,17,元大-台中,2024-09-03,9812
1303,南亞,17,1,16,元大-台中,2024-09-03,9812
5443,均豪,100,84,16,元大-台中,2024-09-03,9812
2486,一詮,60,45,15,元大-台中,2024-09-03,9812
4967,十銓,15,0,15,元大-台中,2024-09-03,9812
5347,世界,16,1,15,元大-台中,2024-09-03,9812
00878,國泰永續高股息,27,12,15,元大-台中,2024-09-03,9812
4551,智伸科,14,0,14,元大-台中,2024-09-03,9812
6213,聯茂,66,52,14,元大-台中,2024-09-03,9812
4763,材料-KY,16,4,12,元大-台中,2024-09-03,9812
4906,正文,32,20,12,元大-台中,2024-09-03,9812
2455,全新,14,2,12,元大-台中,2024-09-03,9812
00921,兆豐龍頭等權重,11,0,11,元大-台中,2024-09-03,9812
00665L,富邦�琤肭磪囓�2,11,0,11,元大-台中,2024-09-03,9812
2515,中工,94,83,11,元大-台中,2024-09-03,9812
0056,元大高股息,11,0,11,元大-台中,2024-09-03,9812
2409,友達,11,1,10,元大-台中,2024-09-03,9812
2615,萬海,12,2,10,元大-台中,2024-09-03,9812
4526,東台,14,4,10,元大-台中,2024-09-03,9812
2543,皇昌,14,4,10,元大-台中,2024-09-03,9812
2476,鉅祥,10,0,10,元大-台中,2024-09-03,9812
00951,台新日本半導體,10,0,10,元大-台中,2024-09-03,9812
00688L,國泰20年美債正2,9,0,9,元大-台中,2024-09-03,9812
2367,燿華,51,42,9,元大-台中,2024-09-03,9812
3689,湧德,10,1,9,元大-台中,2024-09-03,9812
3167,大量,11,2,9,元大-台中,2024-09-03,9812
00919,群益台灣精選高息,411,11,400,元大-台中,2024-09-04,9812
2891,中信金,380,7,373,元大-台中,2024-09-04,9812
4569,六方科-KY,362,1,361,元大-台中,2024-09-04,9812
00940,元大台灣價值高息,381,87,294,元大-台中,2024-09-04,9812
00937B,群益ESG投等債20,237,22,215,元大-台中,2024-09-04,9812
00929,復華台灣科技優息,339,133,206,元大-台中,2024-09-04,9812
2603,長榮,207,5,202,元大-台中,2024-09-04,9812
00946,群益科技高息成長,191,0,191,元大-台中,2024-09-04,9812
6170,統振,186,0,186,元大-台中,2024-09-04,9812
00878,國泰永續高股息,169,19,150,元大-台中,2024-09-04,9812
2867,三商壽,112,0,112,元大-台中,2024-09-04,9812
2344,華邦電,103,2,101,元大-台中,2024-09-04,9812
3036,文曄,100,1,99,元大-台中,2024-09-04,9812
2330,台積電,106,9,97,元大-台中,2024-09-04,9812
2883,凱基金,96,0,96,元大-台中,2024-09-04,9812
0056,元大高股息,93,2,91,元大-台中,2024-09-04,9812
00915,凱基優選高股息30,89,0,89,元大-台中,2024-09-04,9812
00679B,元大美債20年,89,5,84,元大-台中,2024-09-04,9812
00918,大華優利高填息30,108,26,82,元大-台中,2024-09-04,9812
00688L,國泰20年美債正2,100,25,75,元大-台中,2024-09-04,9812
00713,元大台灣高息低波,67,3,64,元大-台中,2024-09-04,9812
3481,群創,87,26,61,元大-台中,2024-09-04,9812
00751B,元大AAA至A公司債,50,1,49,元大-台中,2024-09-04,9812
00882,中信中國高股息,61,16,45,元大-台中,2024-09-04,9812
2002,中鋼,41,2,39,元大-台中,2024-09-04,9812
1303,南亞,37,0,37,元大-台中,2024-09-04,9812
00881,國泰台灣5G+,33,0,33,元大-台中,2024-09-04,9812
0050,元大台灣50,33,1,32,元大-台中,2024-09-04,9812
2382,廣達,33,5,28,元大-台中,2024-09-04,9812
3550,聯穎,27,0,27,元大-台中,2024-09-04,9812
9105,泰金寶-DR,27,1,26,元大-台中,2024-09-04,9812
00945B,凱基美國非投等債,29,5,24,元大-台中,2024-09-04,9812
2886,兆豐金,23,1,22,元大-台中,2024-09-04,9812
1301,台塑,29,8,21,元大-台中,2024-09-04,9812
2367,燿華,23,2,21,元大-台中,2024-09-04,9812
00933B,國泰10Y+金融債,51,30,21,元大-台中,2024-09-04,9812
00905,FT臺灣Smart,24,4,20,元大-台中,2024-09-04,9812
5009,榮剛,20,0,20,元大-台中,2024-09-04,9812
3049,精金,24,4,20,元大-台中,2024-09-04,9812
2317,鴻海,44,25,19,元大-台中,2024-09-04,9812
4303,信立,23,3,20,元大-台中,2024-09-04,9812
00951,台新日本半導體,20,1,19,元大-台中,2024-09-04,9812
1785,光洋科,35,17,18,元大-台中,2024-09-04,9812
2337,旺宏,19,1,18,元大-台中,2024-09-04,9812
00930,永豐ESG低碳高息,19,1,18,元大-台中,2024-09-04,9812
2233,宇隆,20,3,17,元大-台中,2024-09-04,9812
006208,富邦台50,37,20,17,元大-台中,2024-09-04,9812
2356,英業達,26,9,17,元大-台中,2024-09-04,9812
3231,緯創,26,10,16,元大-台中,2024-09-04,9812
00902,中信電池及儲能,16,0,16,元大-台中,2024-09-04,9812
00632R,元大台灣50反1,720,503,217,元大-台中,2024-09-05,9812
00665L,富邦�琤肭磪囓�2,212,0,212,元大-台中,2024-09-05,9812
00929,復華台灣科技優息,187,5,182,元大-台中,2024-09-05,9812
00919,群益台灣精選高息,128,4,124,元大-台中,2024-09-05,9812
00715L,期街口布蘭特正2,113,25,88,元大-台中,2024-09-05,9812
00940,元大台灣價值高息,86,5,81,元大-台中,2024-09-05,9812
00687B,國泰20年美債,107,42,65,元大-台中,2024-09-05,9812
00952,凱基台灣AI50,53,0,53,元大-台中,2024-09-05,9812
2867,三商壽,50,0,50,元大-台中,2024-09-05,9812
00885,富邦越南,50,0,50,元大-台中,2024-09-05,9812
00713,元大台灣高息低波,40,0,40,元大-台中,2024-09-05,9812
00878,國泰永續高股息,41,2,39,元大-台中,2024-09-05,9812
2337,旺宏,38,4,34,元大-台中,2024-09-05,9812
00712,復華富時不動產,32,0,32,元大-台中,2024-09-05,9812
2603,長榮,33,1,32,元大-台中,2024-09-05,9812
00918,大華優利高填息30,38,6,32,元大-台中,2024-09-05,9812
00642U,期元大S＆P石油,31,0,31,元大-台中,2024-09-05,9812
2317,鴻海,51,21,30,元大-台中,2024-09-05,9812
1303,南亞,29,0,29,元大-台中,2024-09-05,9812
2891,中信金,31,3,28,元大-台中,2024-09-05,9812
00951,台新日本半導體,28,0,28,元大-台中,2024-09-05,9812
2408,南亞科,37,11,26,元大-台中,2024-09-05,9812
1539,巨庭,50,25,25,元大-台中,2024-09-05,9812
00946,群益科技高息成長,24,0,24,元大-台中,2024-09-05,9812
2344,華邦電,30,7,23,元大-台中,2024-09-05,9812
8374,羅昇,93,72,21,元大-台中,2024-09-05,9812
8110,華東,20,0,20,元大-台中,2024-09-05,9812
1711,永光,35,15,20,元大-台中,2024-09-05,9812
2374,佳能,20,1,19,元大-台中,2024-09-05,9812
1558,伸興,19,0,19,元大-台中,2024-09-05,9812
0056,元大高股息,25,6,19,元大-台中,2024-09-05,9812
3481,群創,21,2,19,元大-台中,2024-09-05,9812
3052,夆典,17,0,17,元大-台中,2024-09-05,9812
5905,南仁湖,18,1,17,元大-台中,2024-09-05,9812
2409,友達,26,10,16,元大-台中,2024-09-05,9812
4735,豪展,14,0,14,元大-台中,2024-09-05,9812
2851,中再保,14,0,14,元大-台中,2024-09-05,9812
4576,大銀微系統,16,3,13,元大-台中,2024-09-05,9812
6606,建德工業,23,10,13,元大-台中,2024-09-05,9812
2313,華通,13,0,13,元大-台中,2024-09-05,9812
2367,燿華,21,8,13,元大-台中,2024-09-05,9812
3037,欣興,17,5,12,元大-台中,2024-09-05,9812
5009,榮剛,13,1,12,元大-台中,2024-09-05,9812
1609,大亞,11,0,11,元大-台中,2024-09-05,9812
4562,穎漢,43,32,11,元大-台中,2024-09-05,9812
2377,微星,11,0,11,元大-台中,2024-09-05,9812
00915,凱基優選高股息30,12,1,11,元大-台中,2024-09-05,9812
4533,協易機,10,0,10,元大-台中,2024-09-05,9812
1815,富喬,14,4,10,元大-台中,2024-09-05,9812
5306,桂盟,10,0,10,元大-台中,2024-09-05,9812
2888,新光金,882,69,813,元大-台中,2024-09-06,9812
2409,友達,513,19,494,元大-台中,2024-09-06,9812
00687B,國泰20年美債,198,99,99,元大-台中,2024-09-06,9812
2303,聯電,101,3,98,元大-台中,2024-09-06,9812
00945B,凱基美國非投等債,89,0,89,元大-台中,2024-09-06,9812
00706L,期元大S＆P日圓正2,100,21,79,元大-台中,2024-09-06,9812
00929,復華台灣科技優息,71,0,71,元大-台中,2024-09-06,9812
4510,高鋒,112,58,54,元大-台中,2024-09-06,9812
1539,巨庭,49,4,45,元大-台中,2024-09-06,9812
3707,漢磊,52,9,43,元大-台中,2024-09-06,9812
4569,六方科-KY,40,0,40,元大-台中,2024-09-06,9812
00948B,中信優息投資級債,38,0,38,元大-台中,2024-09-06,9812
00937B,群益ESG投等債20,77,40,37,元大-台中,2024-09-06,9812
00946,群益科技高息成長,39,2,37,元大-台中,2024-09-06,9812
2883,凱基金,56,20,36,元大-台中,2024-09-06,9812
3167,大量,31,1,30,元大-台中,2024-09-06,9812
8076,伍豐,31,1,30,元大-台中,2024-09-06,9812
00915,凱基優選高股息30,30,1,29,元大-台中,2024-09-06,9812
6712,長聖,29,0,29,元大-台中,2024-09-06,9812
3481,群創,37,9,28,元大-台中,2024-09-06,9812
00919,群益台灣精選高息,99,72,27,元大-台中,2024-09-06,9812
2002,中鋼,27,0,27,元大-台中,2024-09-06,9812
00688L,國泰20年美債正2,51,25,26,元大-台中,2024-09-06,9812
1314,中石化,26,0,26,元大-台中,2024-09-06,9812
00953B,群益優選非投等債,25,0,25,元大-台中,2024-09-06,9812
2887,台新金,25,1,24,元大-台中,2024-09-06,9812
2610,華航,23,0,23,元大-台中,2024-09-06,9812
2405,輔信,20,0,20,元大-台中,2024-09-06,9812
00952,凱基台灣AI50,22,5,17,元大-台中,2024-09-06,9812
6224,聚鼎,15,0,15,元大-台中,2024-09-06,9812
1319,東陽,22,8,14,元大-台中,2024-09-06,9812
2317,鴻海,27,14,13,元大-台中,2024-09-06,9812
00715L,期街口布蘭特正2,12,0,12,元大-台中,2024-09-06,9812
6213,聯茂,11,0,11,元大-台中,2024-09-06,9812
1721,三晃,11,0,11,元大-台中,2024-09-06,9812
8249,菱光,23,12,11,元大-台中,2024-09-06,9812
6199,天品,10,0,10,元大-台中,2024-09-06,9812
00665L,富邦�琤肭磪囓�2,10,0,10,元大-台中,2024-09-06,9812
00637L,元大滬深300正2,30,20,10,元大-台中,2024-09-06,9812
1710,東聯,10,0,10,元大-台中,2024-09-06,9812
00646,元大S＆P500,10,0,10,元大-台中,2024-09-06,9812
6133,金橋,10,0,10,元大-台中,2024-09-06,9812
8096,擎亞,13,3,10,元大-台中,2024-09-06,9812
3374,精材,13,3,10,元大-台中,2024-09-06,9812
2890,永豐金,11,1,10,元大-台中,2024-09-06,9812
2374,佳能,9,0,9,元大-台中,2024-09-06,9812
00951,台新日本半導體,9,0,9,元大-台中,2024-09-06,9812
2618,長榮航,10,2,8,元大-台中,2024-09-06,9812
1301,台塑,11,3,8,元大-台中,2024-09-06,9812
00940,元大台灣價值高息,24,16,8,元大-台中,2024-09-06,9812
2891,中信金,356,157,199,元大-台中,2024-09-09,9812
00937B,群益ESG投等債20,200,5,195,元大-台中,2024-09-09,9812
00919,群益台灣精選高息,185,40,145,元大-台中,2024-09-09,9812
00929,復華台灣科技優息,229,87,142,元大-台中,2024-09-09,9812
00637L,元大滬深300正2,108,20,88,元大-台中,2024-09-09,9812
00933B,國泰10Y+金融債,78,0,78,元大-台中,2024-09-09,9812
00918,大華優利高填息30,70,0,70,元大-台中,2024-09-09,9812
2885,元大金,84,14,70,元大-台中,2024-09-09,9812
00751B,元大AAA至A公司債,54,0,54,元大-台中,2024-09-09,9812
2371,大同,51,3,48,元大-台中,2024-09-09,9812
3037,欣興,47,2,45,元大-台中,2024-09-09,9812
1540,喬福,52,16,36,元大-台中,2024-09-09,9812
2317,鴻海,62,30,32,元大-台中,2024-09-09,9812
00688L,國泰20年美債正2,31,0,31,元大-台中,2024-09-09,9812
00706L,期元大S＆P日圓正2,31,0,31,元大-台中,2024-09-09,9812
0056,元大高股息,36,7,29,元大-台中,2024-09-09,9812
00720B,元大投資級公司債,28,0,28,元大-台中,2024-09-09,9812
8111,立��,29,1,28,元大-台中,2024-09-09,9812
00724B,群益投資級金融債,28,0,28,元大-台中,2024-09-09,9812
00687B,國泰20年美債,89,63,26,元大-台中,2024-09-09,9812
00930,永豐ESG低碳高息,26,0,26,元大-台中,2024-09-09,9812
4729,熒茂,29,3,26,元大-台中,2024-09-09,9812
2312,金寶,25,0,25,元大-台中,2024-09-09,9812
00715L,期街口布蘭特正2,29,4,25,元大-台中,2024-09-09,9812
2104,國際中橡,21,0,21,元大-台中,2024-09-09,9812
1802,台玻,21,0,21,元大-台中,2024-09-09,9812
6712,長聖,20,0,20,元大-台中,2024-09-09,9812
2330,台積電,24,4,20,元大-台中,2024-09-09,9812
2489,瑞軒,24,5,19,元大-台中,2024-09-09,9812
6224,聚鼎,17,0,17,元大-台中,2024-09-09,9812
3481,群創,28,11,17,元大-台中,2024-09-09,9812
3363,上詮,17,3,14,元大-台中,2024-09-09,9812
8070,長華*,15,1,14,元大-台中,2024-09-09,9812
00713,元大台灣高息低波,18,5,13,元大-台中,2024-09-09,9812
1319,東陽,15,2,13,元大-台中,2024-09-09,9812
3663,鑫科,14,1,13,元大-台中,2024-09-09,9812
00940,元大台灣價值高息,105,92,13,元大-台中,2024-09-09,9812
00951,台新日本半導體,13,0,13,元大-台中,2024-09-09,9812
2609,陽明,17,5,12,元大-台中,2024-09-09,9812
1414,東和,12,0,12,元大-台中,2024-09-09,9812
1723,中碳,12,0,12,元大-台中,2024-09-09,9812
3017,奇鋐,18,6,12,元大-台中,2024-09-09,9812
1303,南亞,13,2,11,元大-台中,2024-09-09,9812
2882,國泰金,12,1,11,元大-台中,2024-09-09,9812
2812,台中銀,12,1,11,元大-台中,2024-09-09,9812
00642U,期元大S＆P石油,11,0,11,元大-台中,2024-09-09,9812
1504,東元,10,0,10,元大-台中,2024-09-09,9812
1536,和大,10,0,10,元大-台中,2024-09-09,9812
2897,王道銀行,10,0,10,元大-台中,2024-09-09,9812
00753L,中信中國50正2,10,0,10,元大-台中,2024-09-09,9812
3303,岱稜,800,418,382,元大-台中,2024-09-10,9812
00679B,元大美債20年,268,44,224,元大-台中,2024-09-10,9812
2891,中信金,313,154,159,元大-台中,2024-09-10,9812
00919,群益台灣精選高息,113,1,112,元大-台中,2024-09-10,9812
00957B,兆豐US優選投等債,89,0,89,元大-台中,2024-09-10,9812
00940,元大台灣價值高息,86,8,78,元大-台中,2024-09-10,9812
00687B,國泰20年美債,140,68,72,元大-台中,2024-09-10,9812
00952,凱基台灣AI50,66,0,66,元大-台中,2024-09-10,9812
3481,群創,65,1,64,元大-台中,2024-09-10,9812
2401,凌陽,51,0,51,元大-台中,2024-09-10,9812
00915,凱基優選高股息30,45,0,45,元大-台中,2024-09-10,9812
2464,盟立,66,25,41,元大-台中,2024-09-10,9812
00918,大華優利高填息30,55,15,40,元大-台中,2024-09-10,9812
00878,國泰永續高股息,57,17,40,元大-台中,2024-09-10,9812
2515,中工,110,75,35,元大-台中,2024-09-10,9812
4909,新復興,67,33,34,元大-台中,2024-09-10,9812
4735,豪展,33,0,33,元大-台中,2024-09-10,9812
2382,廣達,49,20,29,元大-台中,2024-09-10,9812
00929,復華台灣科技優息,82,55,27,元大-台中,2024-09-10,9812
0056,元大高股息,29,3,26,元大-台中,2024-09-10,9812
6838,台新藥,26,0,26,元大-台中,2024-09-10,9812
2344,華邦電,29,4,25,元大-台中,2024-09-10,9812
2337,旺宏,24,1,23,元大-台中,2024-09-10,9812
00933B,國泰10Y+金融債,23,0,23,元大-台中,2024-09-10,9812
6727,亞泰金屬,21,0,21,元大-台中,2024-09-10,9812
5525,順天,30,10,20,元大-台中,2024-09-10,9812
6712,長聖,20,0,20,元大-台中,2024-09-10,9812
1314,中石化,20,0,20,元大-台中,2024-09-10,9812
2402,毅嘉,16,0,16,元大-台中,2024-09-10,9812
00712,復華富時不動產,19,5,14,元大-台中,2024-09-10,9812
00881,國泰台灣5G+,14,0,14,元大-台中,2024-09-10,9812
3231,緯創,27,13,14,元大-台中,2024-09-10,9812
1539,巨庭,23,9,14,元大-台中,2024-09-10,9812
6763,綠界科技*,14,0,14,元大-台中,2024-09-10,9812
00936,台新永續高息中小,14,0,14,元大-台中,2024-09-10,9812
006208,富邦台50,22,10,12,元大-台中,2024-09-10,9812
4935,茂林-KY,21,9,12,元大-台中,2024-09-10,9812
00688L,國泰20年美債正2,52,40,12,元大-台中,2024-09-10,9812
2485,兆赫,12,0,12,元大-台中,2024-09-10,9812
00715L,期街口布蘭特正2,22,10,12,元大-台中,2024-09-10,9812
2399,映泰,17,6,11,元大-台中,2024-09-10,9812
2354,鴻準,12,1,11,元大-台中,2024-09-10,9812
3535,晶彩科,22,11,11,元大-台中,2024-09-10,9812
1524,耿鼎,15,4,11,元大-台中,2024-09-10,9812
1303,南亞,11,0,11,元大-台中,2024-09-10,9812
1721,三晃,10,0,10,元大-台中,2024-09-10,9812
00751B,元大AAA至A公司債,10,0,10,元大-台中,2024-09-10,9812
00946,群益科技高息成長,10,0,10,元大-台中,2024-09-10,9812
1609,大亞,19,9,10,元大-台中,2024-09-10,9812
5009,榮剛,10,0,10,元大-台中,2024-09-10,9812
2891,中信金,327,14,313,元大-台中,2024-09-11,9812
00632R,元大台灣50反1,212,2,210,元大-台中,2024-09-11,9812
00940,元大台灣價值高息,170,14,156,元大-台中,2024-09-11,9812
6530,創威,217,83,134,元大-台中,2024-09-11,9812
00680L,元大美債20正2,136,36,100,元大-台中,2024-09-11,9812
00937B,群益ESG投等債20,92,0,92,元大-台中,2024-09-11,9812
00929,復華台灣科技優息,76,1,75,元大-台中,2024-09-11,9812
00715L,期街口布蘭特正2,85,15,70,元大-台中,2024-09-11,9812
00687B,國泰20年美債,94,33,61,元大-台中,2024-09-11,9812
00665L,富邦�琤肭磪囓�2,54,0,54,元大-台中,2024-09-11,9812
00688L,國泰20年美債正2,115,62,53,元大-台中,2024-09-11,9812
00878,國泰永續高股息,52,1,51,元大-台中,2024-09-11,9812
2867,三商壽,54,5,49,元大-台中,2024-09-11,9812
00915,凱基優選高股息30,47,0,47,元大-台中,2024-09-11,9812
00885,富邦越南,50,5,45,元大-台中,2024-09-11,9812
1539,巨庭,60,21,39,元大-台中,2024-09-11,9812
3062,建漢,43,11,32,元大-台中,2024-09-11,9812
2897,王道銀行,30,0,30,元大-台中,2024-09-11,9812
6712,長聖,26,0,26,元大-台中,2024-09-11,9812
3707,漢磊,36,10,26,元大-台中,2024-09-11,9812
4510,高鋒,38,15,23,元大-台中,2024-09-11,9812
00919,群益台灣精選高息,34,11,23,元大-台中,2024-09-11,9812
2356,英業達,22,0,22,元大-台中,2024-09-11,9812
00642U,期元大S＆P石油,22,0,22,元大-台中,2024-09-11,9812
1522,堤維西,35,14,21,元大-台中,2024-09-11,9812
00753L,中信中國50正2,20,0,20,元大-台中,2024-09-11,9812
0056,元大高股息,21,2,19,元大-台中,2024-09-11,9812
00724B,群益投資級金融債,19,0,19,元大-台中,2024-09-11,9812
00720B,元大投資級公司債,19,0,19,元大-台中,2024-09-11,9812
00637L,元大滬深300正2,18,0,18,元大-台中,2024-09-11,9812
00918,大華優利高填息30,17,0,17,元大-台中,2024-09-11,9812
6838,台新藥,16,0,16,元大-台中,2024-09-11,9812
00948B,中信優息投資級債,15,0,15,元大-台中,2024-09-11,9812
00719B,元大美債1-3,14,0,14,元大-台中,2024-09-11,9812
2344,華邦電,16,3,13,元大-台中,2024-09-11,9812
1314,中石化,13,0,13,元大-台中,2024-09-11,9812
6152,百一,15,4,11,元大-台中,2024-09-11,9812
2349,錸德,11,1,10,元大-台中,2024-09-11,9812
2542,興富發,10,0,10,元大-台中,2024-09-11,9812
2601,益航,10,0,10,元大-台中,2024-09-11,9812
00949,復華日本龍頭,10,0,10,元大-台中,2024-09-11,9812
3715,定穎投控,13,3,10,元大-台中,2024-09-11,9812
1319,東陽,11,1,10,元大-台中,2024-09-11,9812
4564,元翎,10,0,10,元大-台中,2024-09-11,9812
2885,元大金,9,0,9,元大-台中,2024-09-11,9812
2002,中鋼,12,3,9,元大-台中,2024-09-11,9812
2884,玉山金,11,2,9,元大-台中,2024-09-11,9812
6706,惠特,17,8,9,元大-台中,2024-09-11,9812
2330,台積電,12,4,8,元大-台中,2024-09-11,9812
00934,中信成長高股息,8,0,8,元大-台中,2024-09-11,9812
2888,新光金,823,52,771,元大-台中,2024-09-12,9812
2497,怡利電,617,24,593,元大-台中,2024-09-12,9812
00688L,國泰20年美債正2,486,127,359,元大-台中,2024-09-12,9812
1540,喬福,1264,969,295,元大-台中,2024-09-12,9812
00712,復華富時不動產,230,0,230,元大-台中,2024-09-12,9812
00687B,國泰20年美債,192,5,187,元大-台中,2024-09-12,9812
2885,元大金,155,32,123,元大-台中,2024-09-12,9812
00948B,中信優息投資級債,114,0,114,元大-台中,2024-09-12,9812
00929,復華台灣科技優息,94,8,86,元大-台中,2024-09-12,9812
00751B,元大AAA至A公司債,81,0,81,元大-台中,2024-09-12,9812
00937B,群益ESG投等債20,72,5,67,元大-台中,2024-09-12,9812
00679B,元大美債20年,94,32,62,元大-台中,2024-09-12,9812
2605,新興,60,0,60,元大-台中,2024-09-12,9812
00882,中信中國高股息,60,1,59,元大-台中,2024-09-12,9812
00632R,元大台灣50反1,272,215,57,元大-台中,2024-09-12,9812
00680L,元大美債20正2,133,78,55,元大-台中,2024-09-12,9812
2891,中信金,54,5,49,元大-台中,2024-09-12,9812
00915,凱基優選高股息30,50,2,48,元大-台中,2024-09-12,9812
00720B,元大投資級公司債,35,1,34,元大-台中,2024-09-12,9812
2399,映泰,62,30,32,元大-台中,2024-09-12,9812
1810,和成,25,0,25,元大-台中,2024-09-12,9812
00918,大華優利高填息30,31,9,22,元大-台中,2024-09-12,9812
2897,王道銀行,21,4,17,元大-台中,2024-09-12,9812
00919,群益台灣精選高息,19,3,16,元大-台中,2024-09-12,9812
00706L,期元大S＆P日圓正2,16,1,15,元大-台中,2024-09-12,9812
2349,錸德,15,0,15,元大-台中,2024-09-12,9812
00715L,期街口布蘭特正2,15,1,14,元大-台中,2024-09-12,9812
3062,建漢,54,40,14,元大-台中,2024-09-12,9812
8107,大億金茂,13,0,13,元大-台中,2024-09-12,9812
6274,台燿,16,3,13,元大-台中,2024-09-12,9812
2801,彰銀,11,0,11,元大-台中,2024-09-12,9812
6706,惠特,17,6,11,元大-台中,2024-09-12,9812
2489,瑞軒,10,0,10,元大-台中,2024-09-12,9812
8440,綠電,13,3,10,元大-台中,2024-09-12,9812
6712,長聖,10,0,10,元大-台中,2024-09-12,9812
2323,中環,30,20,10,元大-台中,2024-09-12,9812
5531,鄉林,10,0,10,元大-台中,2024-09-12,9812
3303,岱稜,14,5,9,元大-台中,2024-09-12,9812
3708,上緯投控,11,2,9,元大-台中,2024-09-12,9812
3663,鑫科,20,11,9,元大-台中,2024-09-12,9812
00930,永豐ESG低碳高息,21,12,9,元大-台中,2024-09-12,9812
5905,南仁湖,9,0,9,元大-台中,2024-09-12,9812
8932,智通*,8,0,8,元大-台中,2024-09-12,9812
4714,永捷,8,0,8,元大-台中,2024-09-12,9812
2233,宇隆,11,3,8,元大-台中,2024-09-12,9812
2009,第一銅,12,4,8,元大-台中,2024-09-12,9812
3455,由田,10,2,8,元大-台中,2024-09-12,9812
2351,順德,8,0,8,元大-台中,2024-09-12,9812
00713,元大台灣高息低波,10,3,7,元大-台中,2024-09-12,9812
2356,英業達,13,6,7,元大-台中,2024-09-12,9812
00688L,國泰20年美債正2,900,120,780,元大-台中,2024-09-13,9812
00632R,元大台灣50反1,280,0,280,元大-台中,2024-09-13,9812
2888,新光金,306,30,276,元大-台中,2024-09-13,9812
00687B,國泰20年美債,134,3,131,元大-台中,2024-09-13,9812
9938,百和,156,26,130,元大-台中,2024-09-13,9812
00882,中信中國高股息,91,1,90,元大-台中,2024-09-13,9812
6104,創惟,86,24,62,元大-台中,2024-09-13,9812
00933B,國泰10Y+金融債,57,0,57,元大-台中,2024-09-13,9812
00919,群益台灣精選高息,60,5,55,元大-台中,2024-09-13,9812
6152,百一,51,0,51,元大-台中,2024-09-13,9812
2867,三商壽,50,0,50,元大-台中,2024-09-13,9812
00915,凱基優選高股息30,48,3,45,元大-台中,2024-09-13,9812
4974,亞泰,53,11,42,元大-台中,2024-09-13,9812
00918,大華優利高填息30,37,1,36,元大-台中,2024-09-13,9812
3363,上詮,38,3,35,元大-台中,2024-09-13,9812
2371,大同,47,15,32,元大-台中,2024-09-13,9812
00929,復華台灣科技優息,37,6,31,元大-台中,2024-09-13,9812
00680L,元大美債20正2,59,31,28,元大-台中,2024-09-13,9812
8032,光菱,980,957,23,元大-台中,2024-09-13,9812
2399,映泰,47,28,19,元大-台中,2024-09-13,9812
9921,巨大,19,1,18,元大-台中,2024-09-13,9812
3597,映興,20,2,18,元大-台中,2024-09-13,9812
00751B,元大AAA至A公司債,18,0,18,元大-台中,2024-09-13,9812
2344,華邦電,17,0,17,元大-台中,2024-09-13,9812
00720B,元大投資級公司債,16,0,16,元大-台中,2024-09-13,9812
00713,元大台灣高息低波,19,3,16,元大-台中,2024-09-13,9812
00724B,群益投資級金融債,16,0,16,元大-台中,2024-09-13,9812
3484,崧騰,16,0,16,元大-台中,2024-09-13,9812
1727,中華化,15,0,15,元大-台中,2024-09-13,9812
6194,育富,38,23,15,元大-台中,2024-09-13,9812
0056,元大高股息,15,1,14,元大-台中,2024-09-13,9812
2539,櫻花建,13,0,13,元大-台中,2024-09-13,9812
1584,精剛,12,0,12,元大-台中,2024-09-13,9812
00948B,中信優息投資級債,11,0,11,元大-台中,2024-09-13,9812
1539,巨庭,13,2,11,元大-台中,2024-09-13,9812
2401,凌陽,10,0,10,元大-台中,2024-09-13,9812
2420,新巨,11,1,10,元大-台中,2024-09-13,9812
2609,陽明,13,3,10,元大-台中,2024-09-13,9812
4306,炎洲,10,0,10,元大-台中,2024-09-13,9812
1809,中釉,10,0,10,元大-台中,2024-09-13,9812
2367,燿華,20,10,10,元大-台中,2024-09-13,9812
5388,中磊,10,0,10,元大-台中,2024-09-13,9812
00674R,期元大S＆P黃金反1,10,0,10,元大-台中,2024-09-13,9812
6134,萬旭,14,4,10,元大-台中,2024-09-13,9812
00715L,期街口布蘭特正2,14,4,10,元大-台中,2024-09-13,9812
2881,富邦金,9,0,9,元大-台中,2024-09-13,9812
00719B,元大美債1-3,9,0,9,元大-台中,2024-09-13,9812
2303,聯電,11,3,8,元大-台中,2024-09-13,9812
2812,台中銀,11,2,9,元大-台中,2024-09-13,9812
2388,威盛,30,22,8,元大-台中,2024-09-13,9812
00680L,元大美債20正2,1023,103,920,元大-台中,2024-09-16,9812
00688L,國泰20年美債正2,290,10,280,元大-台中,2024-09-16,9812
4977,眾達-KY,101,6,95,元大-台中,2024-09-16,9812
00919,群益台灣精選高息,93,0,93,元大-台中,2024-09-16,9812
00687B,國泰20年美債,97,13,84,元大-台中,2024-09-16,9812
00918,大華優利高填息30,82,1,81,元大-台中,2024-09-16,9812
00632R,元大台灣50反1,111,42,69,元大-台中,2024-09-16,9812
2371,大同,52,1,51,元大-台中,2024-09-16,9812
00679B,元大美債20年,54,7,47,元大-台中,2024-09-16,9812
00943,兆豐電子高息等權,47,0,47,元大-台中,2024-09-16,9812
2891,中信金,68,24,44,元大-台中,2024-09-16,9812
00915,凱基優選高股息30,45,4,41,元大-台中,2024-09-16,9812
8926,台汽電,40,0,40,元大-台中,2024-09-16,9812
1540,喬福,56,16,40,元大-台中,2024-09-16,9812
3580,友威科,42,3,39,元大-台中,2024-09-16,9812
3230,錦明,41,2,39,元大-台中,2024-09-16,9812
1504,東元,50,15,35,元大-台中,2024-09-16,9812
00720B,元大投資級公司債,35,2,33,元大-台中,2024-09-16,9812
00665L,富邦�琤肭磪囓�2,30,0,30,元大-台中,2024-09-16,9812
3706,神達,30,3,27,元大-台中,2024-09-16,9812
2312,金寶,30,8,22,元大-台中,2024-09-16,9812
00713,元大台灣高息低波,20,0,20,元大-台中,2024-09-16,9812
006205,富邦上証,20,0,20,元大-台中,2024-09-16,9812
00753L,中信中國50正2,20,0,20,元大-台中,2024-09-16,9812
00921,兆豐龍頭等權重,20,0,20,元大-台中,2024-09-16,9812
00878,國泰永續高股息,22,2,20,元大-台中,2024-09-16,9812
1711,永光,41,22,19,元大-台中,2024-09-16,9812
2883,凱基金,18,0,18,元大-台中,2024-09-16,9812
00929,復華台灣科技優息,44,27,17,元大-台中,2024-09-16,9812
3167,大量,17,2,15,元大-台中,2024-09-16,9812
3013,晟銘電,21,7,14,元大-台中,2024-09-16,9812
6530,創威,37,24,13,元大-台中,2024-09-16,9812
5460,同協,15,2,13,元大-台中,2024-09-16,9812
2062,橋椿,16,4,12,元大-台中,2024-09-16,9812
8089,康全電訊,12,0,12,元大-台中,2024-09-16,9812
4510,高鋒,45,33,12,元大-台中,2024-09-16,9812
3511,矽瑪,14,3,11,元大-台中,2024-09-16,9812
00637L,元大滬深300正2,17,6,11,元大-台中,2024-09-16,9812
2101,南港,11,0,11,元大-台中,2024-09-16,9812
8936,國統,13,3,10,元大-台中,2024-09-16,9812
3303,岱稜,14,4,10,元大-台中,2024-09-16,9812
6216,居易,10,0,10,元大-台中,2024-09-16,9812
3363,上詮,12,2,10,元大-台中,2024-09-16,9812
00673R,期元大S＆P原油反1,10,0,10,元大-台中,2024-09-16,9812
1326,台化,11,2,9,元大-台中,2024-09-16,9812
5230,雷笛克光學,77,68,9,元大-台中,2024-09-16,9812
4563,百德,16,7,9,元大-台中,2024-09-16,9812
3149,正達,21,12,9,元大-台中,2024-09-16,9812
6134,萬旭,9,1,8,元大-台中,2024-09-16,9812
8931,大汽電,8,0,8,元大-台中,2024-09-16,9812
2888,新光金,1972,1406,566,元大-台中,2024-09-18,9812
00929,復華台灣科技優息,236,5,231,元大-台中,2024-09-18,9812
00919,群益台灣精選高息,138,1,137,元大-台中,2024-09-18,9812
9105,泰金寶-DR,137,6,131,元大-台中,2024-09-18,9812
00948B,中信優息投資級債,65,0,65,元大-台中,2024-09-18,9812
00713,元大台灣高息低波,61,0,61,元大-台中,2024-09-18,9812
2250,IKKA-KY,62,2,60,元大-台中,2024-09-18,9812
2349,錸德,90,32,58,元大-台中,2024-09-18,9812
3481,群創,65,8,57,元大-台中,2024-09-18,9812
00687B,國泰20年美債,113,59,54,元大-台中,2024-09-18,9812
00637L,元大滬深300正2,50,0,50,元大-台中,2024-09-18,9812
2344,華邦電,46,5,41,元大-台中,2024-09-18,9812
2317,鴻海,56,19,37,元大-台中,2024-09-18,9812
00915,凱基優選高股息30,34,0,34,元大-台中,2024-09-18,9812
0056,元大高股息,36,5,31,元大-台中,2024-09-18,9812
00878,國泰永續高股息,43,15,28,元大-台中,2024-09-18,9812
2401,凌陽,30,2,28,元大-台中,2024-09-18,9812
00882,中信中國高股息,30,3,27,元大-台中,2024-09-18,9812
00680L,元大美債20正2,121,95,26,元大-台中,2024-09-18,9812
00664R,國泰臺灣加權反1,20,0,20,元大-台中,2024-09-18,9812
6120,達運,20,0,20,元大-台中,2024-09-18,9812
1301,台塑,27,7,20,元大-台中,2024-09-18,9812
3550,聯穎,54,36,18,元大-台中,2024-09-18,9812
2313,華通,21,3,18,元大-台中,2024-09-18,9812
00930,永豐ESG低碳高息,17,0,17,元大-台中,2024-09-18,9812
1539,巨庭,17,0,17,元大-台中,2024-09-18,9812
2887,台新金,18,2,16,元大-台中,2024-09-18,9812
3260,威剛,15,0,15,元大-台中,2024-09-18,9812
6426,統新,15,0,15,元大-台中,2024-09-18,9812
00712,復華富時不動產,20,5,15,元大-台中,2024-09-18,9812
8105,凌巨,13,1,12,元大-台中,2024-09-18,9812
6116,彩晶,12,0,12,元大-台中,2024-09-18,9812
2303,聯電,13,1,12,元大-台中,2024-09-18,9812
4743,合一,11,0,11,元大-台中,2024-09-18,9812
00935,野村臺灣新科技50,11,0,11,元大-台中,2024-09-18,9812
00881,國泰台灣5G+,11,0,11,元大-台中,2024-09-18,9812
00949,復華日本龍頭,11,0,11,元大-台中,2024-09-18,9812
2426,鼎元,17,7,10,元大-台中,2024-09-18,9812
8358,金居,10,0,10,元大-台中,2024-09-18,9812
4306,炎洲,10,0,10,元大-台中,2024-09-18,9812
00958B,永豐ESG銀行債15,10,0,10,元大-台中,2024-09-18,9812
8926,台汽電,10,0,10,元大-台中,2024-09-18,9812
6127,九豪,10,0,10,元大-台中,2024-09-18,9812
6278,台表科,10,0,10,元大-台中,2024-09-18,9812
00952,凱基台灣AI50,10,0,10,元大-台中,2024-09-18,9812
2915,潤泰全,10,0,10,元大-台中,2024-09-18,9812
3581,博磊,15,6,9,元大-台中,2024-09-18,9812
00650L,復華香港正2,9,0,9,元大-台中,2024-09-18,9812
2515,中工,9,0,9,元大-台中,2024-09-18,9812
00934,中信成長高股息,8,0,8,元大-台中,2024-09-18,9812
00632R,元大台灣50反1,188,12,176,元大-台中,2024-09-19,9812
00919,群益台灣精選高息,147,7,140,元大-台中,2024-09-19,9812
00929,復華台灣科技優息,104,3,101,元大-台中,2024-09-19,9812
3167,大量,83,13,70,元大-台中,2024-09-19,9812
2303,聯電,60,5,55,元大-台中,2024-09-19,9812
1101,台泥,53,2,51,元大-台中,2024-09-19,9812
00706L,期元大S＆P日圓正2,51,0,51,元大-台中,2024-09-19,9812
00958B,永豐ESG銀行債15,43,0,43,元大-台中,2024-09-19,9812
00885,富邦越南,50,10,40,元大-台中,2024-09-19,9812
00665L,富邦�琤肭磪囓�2,50,10,40,元大-台中,2024-09-19,9812
00915,凱基優選高股息30,38,0,38,元大-台中,2024-09-19,9812
2344,華邦電,33,1,32,元大-台中,2024-09-19,9812
00720B,元大投資級公司債,30,0,30,元大-台中,2024-09-19,9812
00751B,元大AAA至A公司債,28,0,28,元大-台中,2024-09-19,9812
5483,中美晶,25,0,25,元大-台中,2024-09-19,9812
6163,華電網,26,2,24,元大-台中,2024-09-19,9812
00724B,群益投資級金融債,23,0,23,元大-台中,2024-09-19,9812
8089,康全電訊,23,1,22,元大-台中,2024-09-19,9812
2609,陽明,41,21,20,元大-台中,2024-09-19,9812
1540,喬福,34,15,19,元大-台中,2024-09-19,9812
2476,鉅祥,21,2,19,元大-台中,2024-09-19,9812
3455,由田,26,11,15,元大-台中,2024-09-19,9812
2027,大成鋼,15,0,15,元大-台中,2024-09-19,9812
00679B,元大美債20年,53,40,13,元大-台中,2024-09-19,9812
8926,台汽電,12,0,12,元大-台中,2024-09-19,9812
8086,宏捷科,12,0,12,元大-台中,2024-09-19,9812
5443,均豪,49,37,12,元大-台中,2024-09-19,9812
00918,大華優利高填息30,18,7,11,元大-台中,2024-09-19,9812
00930,永豐ESG低碳高息,11,0,11,元大-台中,2024-09-19,9812
8421,旭源,27,16,11,元大-台中,2024-09-19,9812
6151,晉倫,11,1,10,元大-台中,2024-09-19,9812
5009,榮剛,15,5,10,元大-台中,2024-09-19,9812
2601,益航,10,0,10,元大-台中,2024-09-19,9812
5531,鄉林,10,0,10,元大-台中,2024-09-19,9812
6152,百一,10,0,10,元大-台中,2024-09-19,9812
00674R,期元大S＆P黃金反1,10,0,10,元大-台中,2024-09-19,9812
00934,中信成長高股息,10,0,10,元大-台中,2024-09-19,9812
00946,群益科技高息成長,10,0,10,元大-台中,2024-09-19,9812
00878,國泰永續高股息,32,23,9,元大-台中,2024-09-19,9812
4571,鈞興-KY,15,6,9,元大-台中,2024-09-19,9812
6517,保勝光學,11,2,9,元大-台中,2024-09-19,9812
4526,東台,14,5,9,元大-台中,2024-09-19,9812
2002,中鋼,10,1,9,元大-台中,2024-09-19,9812
9902,台火,15,6,9,元大-台中,2024-09-19,9812
2530,華建,8,0,8,元大-台中,2024-09-19,9812
4160,訊聯基因,8,0,8,元大-台中,2024-09-19,9812
2477,美隆電,20,12,8,元大-台中,2024-09-19,9812
3714,富采,11,4,7,元大-台中,2024-09-19,9812
4561,健椿,14,7,7,元大-台中,2024-09-19,9812
00687B,國泰20年美債,66,59,7,元大-台中,2024-09-19,9812
2888,新光金,1356,909,447,元大-台中,2024-09-20,9812
00632R,元大台灣50反1,196,30,166,元大-台中,2024-09-20,9812
2867,三商壽,141,8,133,元大-台中,2024-09-20,9812
00882,中信中國高股息,133,8,125,元大-台中,2024-09-20,9812
2033,佳大,106,0,106,元大-台中,2024-09-20,9812
2351,順德,109,11,98,元大-台中,2024-09-20,9812
00929,復華台灣科技優息,181,94,87,元大-台中,2024-09-20,9812
00680L,元大美債20正2,85,0,85,元大-台中,2024-09-20,9812
00919,群益台灣精選高息,117,41,76,元大-台中,2024-09-20,9812
00687B,國泰20年美債,98,30,68,元大-台中,2024-09-20,9812
00688L,國泰20年美債正2,61,0,61,元大-台中,2024-09-20,9812
2603,長榮,63,3,60,元大-台中,2024-09-20,9812
2542,興富發,59,4,55,元大-台中,2024-09-20,9812
00650L,復華香港正2,50,0,50,元大-台中,2024-09-20,9812
2887,台新金,51,6,45,元大-台中,2024-09-20,9812
2399,映泰,104,62,42,元大-台中,2024-09-20,9812
00885,富邦越南,42,1,41,元大-台中,2024-09-20,9812
00915,凱基優選高股息30,49,8,41,元大-台中,2024-09-20,9812
00679B,元大美債20年,68,27,41,元大-台中,2024-09-20,9812
9902,台火,36,0,36,元大-台中,2024-09-20,9812
3264,欣銓,36,0,36,元大-台中,2024-09-20,9812
00706L,期元大S＆P日圓正2,32,0,32,元大-台中,2024-09-20,9812
1597,直得,32,2,30,元大-台中,2024-09-20,9812
2609,陽明,38,9,29,元大-台中,2024-09-20,9812
2464,盟立,108,86,22,元大-台中,2024-09-20,9812
8440,綠電,21,0,21,元大-台中,2024-09-20,9812
9945,潤泰新,22,2,20,元大-台中,2024-09-20,9812
6425,易發,25,5,20,元大-台中,2024-09-20,9812
3050,鈺德,20,0,20,元大-台中,2024-09-20,9812
4545,銘鈺,20,0,20,元大-台中,2024-09-20,9812
8074,鉅橡,22,5,17,元大-台中,2024-09-20,9812
1316,上曜,29,12,17,元大-台中,2024-09-20,9812
6152,百一,17,0,17,元大-台中,2024-09-20,9812
00850,元大臺灣ESG永續,16,0,16,元大-台中,2024-09-20,9812
2243,宏旭-KY,21,5,16,元大-台中,2024-09-20,9812
00918,大華優利高填息30,19,4,15,元大-台中,2024-09-20,9812
2344,華邦電,17,2,15,元大-台中,2024-09-20,9812
00752,中信中國50,16,1,15,元大-台中,2024-09-20,9812
1721,三晃,42,29,13,元大-台中,2024-09-20,9812
6163,華電網,13,0,13,元大-台中,2024-09-20,9812
2062,橋椿,69,56,13,元大-台中,2024-09-20,9812
8089,康全電訊,14,2,12,元大-台中,2024-09-20,9812
4513,福裕,22,11,11,元大-台中,2024-09-20,9812
4907,富宇,11,0,11,元大-台中,2024-09-20,9812
1565,精華,11,0,11,元大-台中,2024-09-20,9812
1504,東元,10,0,10,元大-台中,2024-09-20,9812
2890,永豐金,10,0,10,元大-台中,2024-09-20,9812
00943,兆豐電子高息等權,10,0,10,元大-台中,2024-09-20,9812
00713,元大台灣高息低波,14,4,10,元大-台中,2024-09-20,9812
1773,勝一,10,0,10,元大-台中,2024-09-20,9812
6506,雙邦,636,0,636,元大-台中,2024-09-23,9812
2883,凱基金,605,5,600,元大-台中,2024-09-23,9812
00680L,元大美債20正2,213,1,212,元大-台中,2024-09-23,9812
00919,群益台灣精選高息,185,16,169,元大-台中,2024-09-23,9812
00957B,兆豐US優選投等債,146,0,146,元大-台中,2024-09-23,9812
2498,宏達電,95,0,95,元大-台中,2024-09-23,9812
0056,元大高股息,74,5,69,元大-台中,2024-09-23,9812
3481,群創,80,16,64,元大-台中,2024-09-23,9812
00679B,元大美債20年,67,10,57,元大-台中,2024-09-23,9812
5236,凌陽創新,110,60,50,元大-台中,2024-09-23,9812
2371,大同,50,2,48,元大-台中,2024-09-23,9812
2913,農林,47,0,47,元大-台中,2024-09-23,9812
00665L,富邦�琤肭磪囓�2,50,9,41,元大-台中,2024-09-23,9812
00948B,中信優息投資級債,40,0,40,元大-台中,2024-09-23,9812
2867,三商壽,39,0,39,元大-台中,2024-09-23,9812
00929,復華台灣科技優息,65,27,38,元大-台中,2024-09-23,9812
2303,聯電,52,16,36,元大-台中,2024-09-23,9812
2881,富邦金,34,1,33,元大-台中,2024-09-23,9812
00915,凱基優選高股息30,33,1,32,元大-台中,2024-09-23,9812
2438,翔耀,29,0,29,元大-台中,2024-09-23,9812
00688L,國泰20年美債正2,28,0,28,元大-台中,2024-09-23,9812
00937B,群益ESG投等債20,27,0,27,元大-台中,2024-09-23,9812
3615,安可,49,27,22,元大-台中,2024-09-23,9812
2834,臺企銀,21,0,21,元大-台中,2024-09-23,9812
2062,橋椿,100,80,20,元大-台中,2024-09-23,9812
00943,兆豐電子高息等權,20,0,20,元大-台中,2024-09-23,9812
1303,南亞,20,0,20,元大-台中,2024-09-23,9812
3062,建漢,25,6,19,元大-台中,2024-09-23,9812
1727,中華化,32,13,19,元大-台中,2024-09-23,9812
1711,永光,33,15,18,元大-台中,2024-09-23,9812
00650L,復華香港正2,20,4,16,元大-台中,2024-09-23,9812
4306,炎洲,16,0,16,元大-台中,2024-09-23,9812
2399,映泰,51,36,15,元大-台中,2024-09-23,9812
2495,普安,21,6,15,元大-台中,2024-09-23,9812
5347,世界,18,3,15,元大-台中,2024-09-23,9812
6285,啟��,15,1,14,元大-台中,2024-09-23,9812
3227,原相,21,7,14,元大-台中,2024-09-23,9812
2425,承啟,31,18,13,元大-台中,2024-09-23,9812
2201,裕隆,14,1,13,元大-台中,2024-09-23,9812
4743,合一,14,2,12,元大-台中,2024-09-23,9812
2476,鉅祥,12,0,12,元大-台中,2024-09-23,9812
00946,群益科技高息成長,13,2,11,元大-台中,2024-09-23,9812
3047,訊舟,21,10,11,元大-台中,2024-09-23,9812
9902,台火,15,4,11,元大-台中,2024-09-23,9812
4714,永捷,14,3,11,元大-台中,2024-09-23,9812
2809,京城銀,11,0,11,元大-台中,2024-09-23,9812
00930,永豐ESG低碳高息,11,0,11,元大-台中,2024-09-23,9812
00933B,國泰10Y+金融債,10,0,10,元大-台中,2024-09-23,9812
2882B,國泰金乙特,10,0,10,元大-台中,2024-09-23,9812
6144,得利影,10,0,10,元大-台中,2024-09-23,9812
6257,矽格,401,0,401,元大-台中,2024-09-24,9812
2455,全新,205,15,190,元大-台中,2024-09-24,9812
00680L,元大美債20正2,112,0,112,元大-台中,2024-09-24,9812
2436,偉詮電,96,11,85,元大-台中,2024-09-24,9812
2888,新光金,295,215,80,元大-台中,2024-09-24,9812
00679B,元大美債20年,84,12,72,元大-台中,2024-09-24,9812
00919,群益台灣精選高息,72,4,68,元大-台中,2024-09-24,9812
2323,中環,64,3,61,元大-台中,2024-09-24,9812
2883,凱基金,61,1,60,元大-台中,2024-09-24,9812
00687B,國泰20年美債,61,8,53,元大-台中,2024-09-24,9812
00688L,國泰20年美債正2,50,0,50,元大-台中,2024-09-24,9812
2891,中信金,56,7,49,元大-台中,2024-09-24,9812
00940,元大台灣價值高息,69,22,47,元大-台中,2024-09-24,9812
00650L,復華香港正2,45,1,44,元大-台中,2024-09-24,9812
6207,雷科,60,21,39,元大-台中,2024-09-24,9812
00882,中信中國高股息,50,17,33,元大-台中,2024-09-24,9812
2344,華邦電,40,7,33,元大-台中,2024-09-24,9812
00878,國泰永續高股息,40,9,31,元大-台中,2024-09-24,9812
0056,元大高股息,32,3,29,元大-台中,2024-09-24,9812
2009,第一銅,29,0,29,元大-台中,2024-09-24,9812
2634,漢翔,38,11,27,元大-台中,2024-09-24,9812
00929,復華台灣科技優息,26,0,26,元大-台中,2024-09-24,9812
5009,榮剛,25,0,25,元大-台中,2024-09-24,9812
00948B,中信優息投資級債,24,0,24,元大-台中,2024-09-24,9812
2449,京元電子,27,5,22,元大-台中,2024-09-24,9812
2388,威盛,57,35,22,元大-台中,2024-09-24,9812
2905,三商,20,0,20,元大-台中,2024-09-24,9812
3715,定穎投控,164,145,19,元大-台中,2024-09-24,9812
2506,太設,18,0,18,元大-台中,2024-09-24,9812
3663,鑫科,17,0,17,元大-台中,2024-09-24,9812
00946,群益科技高息成長,17,0,17,元大-台中,2024-09-24,9812
1539,巨庭,25,9,16,元大-台中,2024-09-24,9812
2890,永豐金,15,0,15,元大-台中,2024-09-24,9812
4743,合一,13,0,13,元大-台中,2024-09-24,9812
00937B,群益ESG投等債20,12,0,12,元大-台中,2024-09-24,9812
00936,台新永續高息中小,12,0,12,元大-台中,2024-09-24,9812
6548,長科*,12,0,12,元大-台中,2024-09-24,9812
5471,松翰,12,0,12,元大-台中,2024-09-24,9812
2313,華通,14,2,12,元大-台中,2024-09-24,9812
2885,元大金,12,0,12,元大-台中,2024-09-24,9812
2408,南亞科,14,3,11,元大-台中,2024-09-24,9812
2356,英業達,15,4,11,元大-台中,2024-09-24,9812
2481,強茂,22,11,11,元大-台中,2024-09-24,9812
3605,宏致,16,6,10,元大-台中,2024-09-24,9812
5531,鄉林,10,0,10,元大-台中,2024-09-24,9812
2337,旺宏,11,1,10,元大-台中,2024-09-24,9812
2030,彰源,10,0,10,元大-台中,2024-09-24,9812
00639,富邦深100,10,0,10,元大-台中,2024-09-24,9812
1522,堤維西,11,1,10,元大-台中,2024-09-24,9812
00633L,富邦上証正2,10,0,10,元大-台中,2024-09-24,9812
6188,廣明,628,226,402,元大-台中,2024-09-25,9812
8111,立��,332,21,311,元大-台中,2024-09-25,9812
00937B,群益ESG投等債20,250,3,247,元大-台中,2024-09-25,9812
00687B,國泰20年美債,132,0,132,元大-台中,2024-09-25,9812
4909,新復興,413,295,118,元大-台中,2024-09-25,9812
00632R,元大台灣50反1,133,40,93,元大-台中,2024-09-25,9812
1504,東元,110,28,82,元大-台中,2024-09-25,9812
2323,中環,60,0,60,元大-台中,2024-09-25,9812
2883,凱基金,42,2,40,元大-台中,2024-09-25,9812
3550,聯穎,123,84,39,元大-台中,2024-09-25,9812
3580,友威科,54,19,35,元大-台中,2024-09-25,9812
00952,凱基台灣AI50,32,0,32,元大-台中,2024-09-25,9812
1809,中釉,30,0,30,元大-台中,2024-09-25,9812
2609,陽明,178,148,30,元大-台中,2024-09-25,9812
6405,悅城,27,3,24,元大-台中,2024-09-25,9812
3615,安可,23,0,23,元大-台中,2024-09-25,9812
00905,FT臺灣Smart,23,0,23,元大-台中,2024-09-25,9812
1584,精剛,33,10,23,元大-台中,2024-09-25,9812
3047,訊舟,49,28,21,元大-台中,2024-09-25,9812
6770,力積電,21,0,21,元大-台中,2024-09-25,9812
00664R,國泰臺灣加權反1,20,0,20,元大-台中,2024-09-25,9812
2888,新光金,28,9,19,元大-台中,2024-09-25,9812
00680L,元大美債20正2,20,1,19,元大-台中,2024-09-25,9812
6117,迎廣,22,4,18,元大-台中,2024-09-25,9812
2419,仲琦,16,0,16,元大-台中,2024-09-25,9812
6285,啟��,15,1,14,元大-台中,2024-09-25,9812
3021,鴻名,16,2,14,元大-台中,2024-09-25,9812
2399,映泰,198,185,13,元大-台中,2024-09-25,9812
3605,宏致,21,9,12,元大-台中,2024-09-25,9812
3260,威剛,13,1,12,元大-台中,2024-09-25,9812
00927,群益半導體收益,12,0,12,元大-台中,2024-09-25,9812
00688L,國泰20年美債正2,12,0,12,元大-台中,2024-09-25,9812
3122,笙泉,10,0,10,元大-台中,2024-09-25,9812
00795B,中信美國公債20年,10,0,10,元大-台中,2024-09-25,9812
1618,合機,10,0,10,元大-台中,2024-09-25,9812
5488,松普,24,14,10,元大-台中,2024-09-25,9812
5531,鄉林,10,0,10,元大-台中,2024-09-25,9812
8039,台虹,11,1,10,元大-台中,2024-09-25,9812
8070,長華*,20,10,10,元大-台中,2024-09-25,9812
8076,伍豐,14,4,10,元大-台中,2024-09-25,9812
6531,愛普*,9,0,9,元大-台中,2024-09-25,9812
2356,英業達,21,12,9,元大-台中,2024-09-25,9812
00713,元大台灣高息低波,9,1,8,元大-台中,2024-09-25,9812
3481,群創,76,67,9,元大-台中,2024-09-25,9812
8027,鈦昇,32,24,8,元大-台中,2024-09-25,9812
2891,中信金,18,10,8,元大-台中,2024-09-25,9812
2618,長榮航,31,23,8,元大-台中,2024-09-25,9812
4306,炎洲,10,3,7,元大-台中,2024-09-25,9812
00636,國泰中國A50,12,5,7,元大-台中,2024-09-25,9812
00752,中信中國50,11,4,7,元大-台中,2024-09-25,9812
2363,矽統,380,89,291,元大-台中,2024-09-26,9812
4979,華星光,364,110,254,元大-台中,2024-09-26,9812
00688L,國泰20年美債正2,210,15,195,元大-台中,2024-09-26,9812
00948B,中信優息投資級債,148,0,148,元大-台中,2024-09-26,9812
1336,台翰,172,24,148,元大-台中,2024-09-26,9812
00937B,群益ESG投等債20,160,35,125,元大-台中,2024-09-26,9812
1785,光洋科,292,182,110,元大-台中,2024-09-26,9812
2618,長榮航,132,38,94,元大-台中,2024-09-26,9812
00687B,國泰20年美債,84,0,84,元大-台中,2024-09-26,9812
3081,聯亞,69,8,61,元大-台中,2024-09-26,9812
00918,大華優利高填息30,63,10,53,元大-台中,2024-09-26,9812
00960,野村全球航運龍頭,75,26,49,元大-台中,2024-09-26,9812
8277,商丞,47,4,43,元大-台中,2024-09-26,9812
00680L,元大美債20正2,77,35,42,元大-台中,2024-09-26,9812
00919,群益台灣精選高息,49,15,34,元大-台中,2024-09-26,9812
1584,精剛,34,2,32,元大-台中,2024-09-26,9812
2801,彰銀,52,20,32,元大-台中,2024-09-26,9812
00642U,期元大S＆P石油,29,1,28,元大-台中,2024-09-26,9812
2312,金寶,39,11,28,元大-台中,2024-09-26,9812
00712,復華富時不動產,27,0,27,元大-台中,2024-09-26,9812
00934,中信成長高股息,30,4,26,元大-台中,2024-09-26,9812
3047,訊舟,32,7,25,元大-台中,2024-09-26,9812
1540,喬福,63,38,25,元大-台中,2024-09-26,9812
00943,兆豐電子高息等權,24,0,24,元大-台中,2024-09-26,9812
00907,永豐優息存股,24,0,24,元大-台中,2024-09-26,9812
00953B,群益優選非投等債,22,0,22,元大-台中,2024-09-26,9812
0056,元大高股息,25,4,21,元大-台中,2024-09-26,9812
8076,伍豐,26,5,21,元大-台中,2024-09-26,9812
2406,國碩,19,1,18,元大-台中,2024-09-26,9812
2542,興富發,28,10,18,元大-台中,2024-09-26,9812
1736,喬山,40,23,17,元大-台中,2024-09-26,9812
3149,正達,46,29,17,元大-台中,2024-09-26,9812
00885,富邦越南,42,26,16,元大-台中,2024-09-26,9812
1717,長興,21,5,16,元大-台中,2024-09-26,9812
1808,潤隆,16,1,15,元大-台中,2024-09-26,9812
00693U,期街口S＆P黃豆,15,0,15,元大-台中,2024-09-26,9812
1727,中華化,18,4,14,元大-台中,2024-09-26,9812
2201,裕隆,15,2,13,元大-台中,2024-09-26,9812
3019,亞光,37,24,13,元大-台中,2024-09-26,9812
3605,宏致,31,19,12,元大-台中,2024-09-26,9812
2425,承啟,13,1,12,元大-台中,2024-09-26,9812
2382,廣達,29,18,11,元大-台中,2024-09-26,9812
2367,燿華,16,5,11,元大-台中,2024-09-26,9812
1905,華紙,11,0,11,元大-台中,2024-09-26,9812
00931B,統一美債20年,11,0,11,元大-台中,2024-09-26,9812
00958B,永豐ESG銀行債15,11,0,11,元大-台中,2024-09-26,9812
00881,國泰台灣5G+,12,2,10,元大-台中,2024-09-26,9812
00933B,國泰10Y+金融債,10,0,10,元大-台中,2024-09-26,9812
00795B,中信美國公債20年,10,0,10,元大-台中,2024-09-26,9812
3122,笙泉,10,0,10,元大-台中,2024-09-26,9812
00688L,國泰20年美債正2,160,13,147,元大-台中,2024-09-27,9812
00753L,中信中國50正2,178,53,125,元大-台中,2024-09-27,9812
00632R,元大台灣50反1,225,117,108,元大-台中,2024-09-27,9812
00686R,群益臺灣加權反1,100,0,100,元大-台中,2024-09-27,9812
2344,華邦電,73,15,58,元大-台中,2024-09-27,9812
00933B,國泰10Y+金融債,57,0,57,元大-台中,2024-09-27,9812
00680L,元大美債20正2,53,0,53,元大-台中,2024-09-27,9812
6288,聯嘉,50,0,50,元大-台中,2024-09-27,9812
00671R,富邦NASDAQ反1,50,0,50,元大-台中,2024-09-27,9812
2070,精湛,76,28,48,元大-台中,2024-09-27,9812
00715L,期街口布蘭特正2,44,3,41,元大-台中,2024-09-27,9812
00946,群益科技高息成長,43,2,41,元大-台中,2024-09-27,9812
3081,聯亞,46,6,40,元大-台中,2024-09-27,9812
2883,凱基金,41,1,40,元大-台中,2024-09-27,9812
2303,聯電,50,12,38,元大-台中,2024-09-27,9812
3033,威健,38,0,38,元大-台中,2024-09-27,9812
2891,中信金,52,15,37,元大-台中,2024-09-27,9812
00948B,中信優息投資級債,34,0,34,元大-台中,2024-09-27,9812
6116,彩晶,35,3,32,元大-台中,2024-09-27,9812
2903,遠百,31,0,31,元大-台中,2024-09-27,9812
00673R,期元大S＆P原油反1,30,0,30,元大-台中,2024-09-27,9812
1909,榮成,34,4,30,元大-台中,2024-09-27,9812
2892,第一金,31,2,29,元大-台中,2024-09-27,9812
00738U,期元大道瓊白銀,29,0,29,元大-台中,2024-09-27,9812
3149,正達,89,61,28,元大-台中,2024-09-27,9812
6443,元晶,28,2,26,元大-台中,2024-09-27,9812
00953B,群益優選非投等債,25,0,25,元大-台中,2024-09-27,9812
00919,群益台灣精選高息,27,2,25,元大-台中,2024-09-27,9812
00960,野村全球航運龍頭,40,16,24,元大-台中,2024-09-27,9812
2409,友達,58,34,24,元大-台中,2024-09-27,9812
8440,綠電,23,0,23,元大-台中,2024-09-27,9812
2641,正德,26,4,22,元大-台中,2024-09-27,9812
2399,映泰,30,10,20,元大-台中,2024-09-27,9812
3030,德律,20,0,20,元大-台中,2024-09-27,9812
3380,明泰,20,0,20,元大-台中,2024-09-27,9812
8054,安國,22,2,20,元大-台中,2024-09-27,9812
2605,新興,120,102,18,元大-台中,2024-09-27,9812
8150,南茂,17,0,17,元大-台中,2024-09-27,9812
6104,創惟,23,7,16,元大-台中,2024-09-27,9812
1529,樂事綠能,15,0,15,元大-台中,2024-09-27,9812
2034,允強,15,0,15,元大-台中,2024-09-27,9812
2845,遠東銀,15,0,15,元大-台中,2024-09-27,9812
00642U,期元大S＆P石油,14,0,14,元大-台中,2024-09-27,9812
00712,復華富時不動產,17,3,14,元大-台中,2024-09-27,9812
3293,鈊象,18,4,14,元大-台中,2024-09-27,9812
2886,兆豐金,15,2,13,元大-台中,2024-09-27,9812
3374,精材,14,2,12,元大-台中,2024-09-27,9812
00937B,群益ESG投等債20,26,14,12,元大-台中,2024-09-27,9812
1805,寶徠,12,0,12,元大-台中,2024-09-27,9812
00931B,統一美債20年,12,0,12,元大-台中,2024-09-27,9812
00688L,國泰20年美債正2,703,167,536,元大-台中,2024-09-30,9812
2615,萬海,399,101,298,元大-台中,2024-09-30,9812
00795B,中信美國公債20年,250,0,250,元大-台中,2024-09-30,9812
00919,群益台灣精選高息,202,16,186,元大-台中,2024-09-30,9812
00679B,元大美債20年,184,6,178,元大-台中,2024-09-30,9812
00948B,中信優息投資級債,123,1,122,元大-台中,2024-09-30,9812
2330,台積電,100,9,91,元大-台中,2024-09-30,9812
00753L,中信中國50正2,161,78,83,元大-台中,2024-09-30,9812
00929,復華台灣科技優息,136,55,81,元大-台中,2024-09-30,9812
3576,聯合再生,80,8,72,元大-台中,2024-09-30,9812
1319,東陽,71,7,64,元大-台中,2024-09-30,9812
00637L,元大滬深300正2,253,193,60,元大-台中,2024-09-30,9812
00751B,元大AAA至A公司債,61,1,60,元大-台中,2024-09-30,9812
00720B,元大投資級公司債,62,15,47,元大-台中,2024-09-30,9812
2009,第一銅,59,12,47,元大-台中,2024-09-30,9812
0056,元大高股息,55,9,46,元大-台中,2024-09-30,9812
00927,群益半導體收益,39,0,39,元大-台中,2024-09-30,9812
00918,大華優利高填息30,43,5,38,元大-台中,2024-09-30,9812
00946,群益科技高息成長,37,4,33,元大-台中,2024-09-30,9812
2609,陽明,80,48,32,元大-台中,2024-09-30,9812
00881,國泰台灣5G+,30,1,29,元大-台中,2024-09-30,9812
3264,欣銓,28,0,28,元大-台中,2024-09-30,9812
1584,精剛,35,8,27,元大-台中,2024-09-30,9812
2303,聯電,25,0,25,元大-台中,2024-09-30,9812
1605,華新,26,1,25,元大-台中,2024-09-30,9812
00931B,統一美債20年,22,0,22,元大-台中,2024-09-30,9812
00878,國泰永續高股息,35,13,22,元大-台中,2024-09-30,9812
00934,中信成長高股息,21,0,21,元大-台中,2024-09-30,9812
00680L,元大美債20正2,21,0,21,元大-台中,2024-09-30,9812
00933B,國泰10Y+金融債,21,0,21,元大-台中,2024-09-30,9812
00891,中信關鍵半導體,28,7,21,元大-台中,2024-09-30,9812
00882,中信中國高股息,81,61,20,元大-台中,2024-09-30,9812
2542,興富發,20,0,20,元大-台中,2024-09-30,9812
00960,野村全球航運龍頭,25,5,20,元大-台中,2024-09-30,9812
00712,復華富時不動產,22,2,20,元大-台中,2024-09-30,9812
2801,彰銀,20,0,20,元大-台中,2024-09-30,9812
2344,華邦電,27,9,18,元大-台中,2024-09-30,9812
3537,堡達,17,0,17,元大-台中,2024-09-30,9812
2382,廣達,19,3,16,元大-台中,2024-09-30,9812
1711,永光,17,2,15,元大-台中,2024-09-30,9812
2034,允強,15,0,15,元大-台中,2024-09-30,9812
00675L,富邦臺灣加權正2,18,4,14,元大-台中,2024-09-30,9812
00665L,富邦�琤肭磪囓�2,86,72,14,元大-台中,2024-09-30,9812
6116,彩晶,17,4,13,元大-台中,2024-09-30,9812
1309,台達化,130,117,13,元大-台中,2024-09-30,9812
8097,常珵,13,0,13,元大-台中,2024-09-30,9812
2605,新興,95,82,13,元大-台中,2024-09-30,9812
2312,金寶,14,2,12,元大-台中,2024-09-30,9812
00951,台新日本半導體,11,0,11,元大-台中,2024-09-30,9812
2812,台中銀,12,1,11,元大-台中,2024-09-30,9812
8404,百和興業-KY,1038,3,1035,元大-台中,2024-10-01,9812
2498,宏達電,545,92,453,元大-台中,2024-10-01,9812
3290,東浦,294,0,294,元大-台中,2024-10-01,9812
2605,新興,205,12,193,元大-台中,2024-10-01,9812
0056,元大高股息,131,1,130,元大-台中,2024-10-01,9812
00937B,群益ESG投等債20,175,61,114,元大-台中,2024-10-01,9812
4563,百德,169,112,57,元大-台中,2024-10-01,9812
2489,瑞軒,55,0,55,元大-台中,2024-10-01,9812
00933B,國泰10Y+金融債,60,15,45,元大-台中,2024-10-01,9812
1808,潤隆,44,1,43,元大-台中,2024-10-01,9812
00680L,元大美債20正2,41,0,41,元大-台中,2024-10-01,9812
1802,台玻,42,6,36,元大-台中,2024-10-01,9812
1305,華夏,34,0,34,元大-台中,2024-10-01,9812
2455,全新,45,11,34,元大-台中,2024-10-01,9812
2344,華邦電,37,5,32,元大-台中,2024-10-01,9812
1909,榮成,28,0,28,元大-台中,2024-10-01,9812
2613,中櫃,40,12,28,元大-台中,2024-10-01,9812
8249,菱光,26,0,26,元大-台中,2024-10-01,9812
00650L,復華香港正2,26,0,26,元大-台中,2024-10-01,9812
00878,國泰永續高股息,31,6,25,元大-台中,2024-10-01,9812
3652,精聯,25,0,25,元大-台中,2024-10-01,9812
2883,凱基金,31,10,21,元大-台中,2024-10-01,9812
00960,野村全球航運龍頭,24,3,21,元大-台中,2024-10-01,9812
2382,廣達,22,2,20,元大-台中,2024-10-01,9812
3025,星通,30,10,20,元大-台中,2024-10-01,9812
4527,方土霖,20,1,19,元大-台中,2024-10-01,9812
6143,振曜,19,0,19,元大-台中,2024-10-01,9812
2486,一詮,45,28,17,元大-台中,2024-10-01,9812
00685L,群益臺灣加權正2,16,0,16,元大-台中,2024-10-01,9812
6431,光麗-KY,16,0,16,元大-台中,2024-10-01,9812
2449,京元電子,25,9,16,元大-台中,2024-10-01,9812
3019,亞光,18,3,15,元大-台中,2024-10-01,9812
8097,常珵,123,108,15,元大-台中,2024-10-01,9812
2801,彰銀,14,0,14,元大-台中,2024-10-01,9812
4743,合一,14,0,14,元大-台中,2024-10-01,9812
2888,新光金,16,2,14,元大-台中,2024-10-01,9812
00738U,期元大道瓊白銀,14,0,14,元大-台中,2024-10-01,9812
2409,友達,23,10,13,元大-台中,2024-10-01,9812
1569,濱川,40,27,13,元大-台中,2024-10-01,9812
9938,百和,13,0,13,元大-台中,2024-10-01,9812
3062,建漢,13,0,13,元大-台中,2024-10-01,9812
2812,台中銀,11,0,11,元大-台中,2024-10-01,9812
5531,鄉林,11,0,11,元大-台中,2024-10-01,9812
3499,環天科,11,0,11,元大-台中,2024-10-01,9812
2890,永豐金,11,0,11,元大-台中,2024-10-01,9812
00636,國泰中國A50,11,0,11,元大-台中,2024-10-01,9812
3013,晟銘電,61,50,11,元大-台中,2024-10-01,9812
2367,燿華,19,9,10,元大-台中,2024-10-01,9812
00706L,期元大S＆P日圓正2,11,0,11,元大-台中,2024-10-01,9812
6578,達邦蛋白,10,0,10,元大-台中,2024-10-01,9812
00753L,中信中國50正2,581,42,539,元大-台中,2024-10-04,9812
8404,百和興業-KY,421,0,421,元大-台中,2024-10-04,9812
0056,元大高股息,315,1,314,元大-台中,2024-10-04,9812
3290,東浦,306,0,306,元大-台中,2024-10-04,9812
00671R,富邦NASDAQ反1,264,0,264,元大-台中,2024-10-04,9812
00919,群益台灣精選高息,176,19,157,元大-台中,2024-10-04,9812
2618,長榮航,153,8,145,元大-台中,2024-10-04,9812
00948B,中信優息投資級債,140,6,134,元大-台中,2024-10-04,9812
00929,復華台灣科技優息,139,25,114,元大-台中,2024-10-04,9812
00637L,元大滬深300正2,334,239,95,元大-台中,2024-10-04,9812
00940,元大台灣價值高息,102,7,95,元大-台中,2024-10-04,9812
1909,榮成,85,3,82,元大-台中,2024-10-04,9812
9105,泰金寶-DR,76,1,75,元大-台中,2024-10-04,9812
00679B,元大美債20年,105,35,70,元大-台中,2024-10-04,9812
2610,華航,62,1,61,元大-台中,2024-10-04,9812
2486,一詮,86,25,61,元大-台中,2024-10-04,9812
00664R,國泰臺灣加權反1,53,0,53,元大-台中,2024-10-04,9812
00943,兆豐電子高息等權,51,0,51,元大-台中,2024-10-04,9812
2609,陽明,181,130,51,元大-台中,2024-10-04,9812
5876,上海商銀,50,0,50,元大-台中,2024-10-04,9812
00885,富邦越南,111,61,50,元大-台中,2024-10-04,9812
00680L,元大美債20正2,98,50,48,元大-台中,2024-10-04,9812
2303,聯電,43,1,42,元大-台中,2024-10-04,9812
00700,富邦�琤肭磪�,34,1,33,元大-台中,2024-10-04,9812
6712,長聖,30,0,30,元大-台中,2024-10-04,9812
00655L,國泰中國A50正2,26,0,26,元大-台中,2024-10-04,9812
00922,國泰台灣領袖50,35,10,25,元大-台中,2024-10-04,9812
3234,光環,28,4,24,元大-台中,2024-10-04,9812
2382,廣達,26,2,24,元大-台中,2024-10-04,9812
00934,中信成長高股息,21,0,21,元大-台中,2024-10-04,9812
00639,富邦深100,23,3,20,元大-台中,2024-10-04,9812
2615,萬海,26,7,19,元大-台中,2024-10-04,9812
4120,友華,19,0,19,元大-台中,2024-10-04,9812
3048,益登,26,9,17,元大-台中,2024-10-04,9812
3615,安可,19,2,17,元大-台中,2024-10-04,9812
2449,京元電子,17,0,17,元大-台中,2024-10-04,9812
00687B,國泰20年美債,28,11,17,元大-台中,2024-10-04,9812
00946,群益科技高息成長,22,6,16,元大-台中,2024-10-04,9812
2603,長榮,110,95,15,元大-台中,2024-10-04,9812
1337,再生-KY,16,1,15,元大-台中,2024-10-04,9812
00960,野村全球航運龍頭,20,6,14,元大-台中,2024-10-04,9812
00887,永豐中國科技50大,28,14,14,元大-台中,2024-10-04,9812
2884,玉山金,15,2,13,元大-台中,2024-10-04,9812
3062,建漢,17,4,13,元大-台中,2024-10-04,9812
2634,漢翔,13,0,13,元大-台中,2024-10-04,9812
8085,福華,12,0,12,元大-台中,2024-10-04,9812
2070,精湛,13,1,12,元大-台中,2024-10-04,9812
2887,台新金,12,0,12,元大-台中,2024-10-04,9812
00706L,期元大S＆P日圓正2,17,6,11,元大-台中,2024-10-04,9812
1303,南亞,16,5,11,元大-台中,2024-10-04,9812
8048,德勝,439,2,437,元大-台中,2024-10-07,9812
00753L,中信中國50正2,356,51,305,元大-台中,2024-10-07,9812
00665L,富邦�琤肭磪囓�2,257,15,242,元大-台中,2024-10-07,9812
2888,新光金,259,25,234,元大-台中,2024-10-07,9812
00887,永豐中國科技50大,203,26,177,元大-台中,2024-10-07,9812
00679B,元大美債20年,171,17,154,元大-台中,2024-10-07,9812
2605,新興,134,3,131,元大-台中,2024-10-07,9812
2426,鼎元,127,0,127,元大-台中,2024-10-07,9812
00922,國泰台灣領袖50,128,3,125,元大-台中,2024-10-07,9812
1319,東陽,110,2,108,元大-台中,2024-10-07,9812
1569,濱川,209,102,107,元大-台中,2024-10-07,9812
00882,中信中國高股息,258,153,105,元大-台中,2024-10-07,9812
2401,凌陽,96,0,96,元大-台中,2024-10-07,9812
6530,創威,122,29,93,元大-台中,2024-10-07,9812
00919,群益台灣精選高息,102,17,85,元大-台中,2024-10-07,9812
3049,精金,166,85,81,元大-台中,2024-10-07,9812
1504,東元,82,7,75,元大-台中,2024-10-07,9812
00639,富邦深100,59,3,56,元大-台中,2024-10-07,9812
00929,復華台灣科技優息,75,20,55,元大-台中,2024-10-07,9812
2317,鴻海,79,39,40,元大-台中,2024-10-07,9812
00915,凱基優選高股息30,39,0,39,元大-台中,2024-10-07,9812
3481,群創,39,3,36,元大-台中,2024-10-07,9812
6919,康霈*,36,0,36,元大-台中,2024-10-07,9812
00878,國泰永續高股息,44,8,36,元大-台中,2024-10-07,9812
2609,陽明,52,19,33,元大-台中,2024-10-07,9812
2515,中工,54,21,33,元大-台中,2024-10-07,9812
00720B,元大投資級公司債,32,0,32,元大-台中,2024-10-07,9812
2883,凱基金,40,8,32,元大-台中,2024-10-07,9812
00632R,元大台灣50反1,42,11,31,元大-台中,2024-10-07,9812
0061,元大寶滬深,39,10,29,元大-台中,2024-10-07,9812
2913,農林,35,7,28,元大-台中,2024-10-07,9812
0056,元大高股息,34,10,24,元大-台中,2024-10-07,9812
2382,廣達,36,12,24,元大-台中,2024-10-07,9812
00713,元大台灣高息低波,23,0,23,元大-台中,2024-10-07,9812
00751B,元大AAA至A公司債,21,0,21,元大-台中,2024-10-07,9812
2303,聯電,22,2,20,元大-台中,2024-10-07,9812
2316,楠梓電,53,33,20,元大-台中,2024-10-07,9812
8341,日友,20,0,20,元大-台中,2024-10-07,9812
8111,立��,181,162,19,元大-台中,2024-10-07,9812
00675L,富邦臺灣加權正2,21,3,18,元大-台中,2024-10-07,9812
1314,中石化,48,31,17,元大-台中,2024-10-07,9812
2009,第一銅,17,1,16,元大-台中,2024-10-07,9812
1815,富喬,23,7,16,元大-台中,2024-10-07,9812
2388,威盛,18,3,15,元大-台中,2024-10-07,9812
8931,大汽電,15,0,15,元大-台中,2024-10-07,9812
3450,聯鈞,34,20,14,元大-台中,2024-10-07,9812
2892,第一金,14,0,14,元大-台中,2024-10-07,9812
2399,映泰,52,38,14,元大-台中,2024-10-07,9812
4523,永彰,24,10,14,元大-台中,2024-10-07,9812
4576,大銀微系統,15,2,13,元大-台中,2024-10-07,9812
2363,矽統,561,73,488,元大-台中,2024-10-08,9812
0056,元大高股息,210,1,209,元大-台中,2024-10-08,9812
4971,IET-KY,104,5,99,元大-台中,2024-10-08,9812
00929,復華台灣科技優息,95,2,93,元大-台中,2024-10-08,9812
00688L,國泰20年美債正2,132,45,87,元大-台中,2024-10-08,9812
00720B,元大投資級公司債,85,1,84,元大-台中,2024-10-08,9812
00882,中信中國高股息,126,53,73,元大-台中,2024-10-08,9812
00679B,元大美債20年,89,24,65,元大-台中,2024-10-08,9812
00919,群益台灣精選高息,67,5,62,元大-台中,2024-10-08,9812
00664R,國泰臺灣加權反1,58,0,58,元大-台中,2024-10-08,9812
00878,國泰永續高股息,65,11,54,元大-台中,2024-10-08,9812
00637L,元大滬深300正2,159,110,49,元大-台中,2024-10-08,9812
2399,映泰,197,149,48,元大-台中,2024-10-08,9812
00937B,群益ESG投等債20,48,3,45,元大-台中,2024-10-08,9812
1314,中石化,53,12,41,元大-台中,2024-10-08,9812
2929,淘帝-KY,64,27,37,元大-台中,2024-10-08,9812
2464,盟立,49,13,36,元大-台中,2024-10-08,9812
6919,康霈*,36,0,36,元大-台中,2024-10-08,9812
00948B,中信優息投資級債,33,0,33,元大-台中,2024-10-08,9812
3037,欣興,37,7,30,元大-台中,2024-10-08,9812
2303,聯電,30,0,30,元大-台中,2024-10-08,9812
00680L,元大美債20正2,57,30,27,元大-台中,2024-10-08,9812
0061,元大寶滬深,31,5,26,元大-台中,2024-10-08,9812
2317,鴻海,34,11,23,元大-台中,2024-10-08,9812
2888,新光金,55,32,23,元大-台中,2024-10-08,9812
00687B,國泰20年美債,76,55,21,元大-台中,2024-10-08,9812
3062,建漢,21,0,21,元大-台中,2024-10-08,9812
2883,凱基金,23,2,21,元大-台中,2024-10-08,9812
00922,國泰台灣領袖50,23,3,20,元大-台中,2024-10-08,9812
00753L,中信中國50正2,167,147,20,元大-台中,2024-10-08,9812
2338,光罩,20,0,20,元大-台中,2024-10-08,9812
2352,佳世達,20,0,20,元大-台中,2024-10-08,9812
8429,金麗-KY,23,6,17,元大-台中,2024-10-08,9812
3025,星通,57,41,16,元大-台中,2024-10-08,9812
3663,鑫科,16,0,16,元大-台中,2024-10-08,9812
2890,永豐金,17,1,16,元大-台中,2024-10-08,9812
00713,元大台灣高息低波,16,0,16,元大-台中,2024-10-08,9812
6770,力積電,15,0,15,元大-台中,2024-10-08,9812
00673R,期元大S＆P原油反1,15,0,15,元大-台中,2024-10-08,9812
2812,台中銀,15,0,15,元大-台中,2024-10-08,9812
8926,台汽電,15,0,15,元大-台中,2024-10-08,9812
00712,復華富時不動產,14,0,14,元大-台中,2024-10-08,9812
2887,台新金,14,0,14,元大-台中,2024-10-08,9812
2425,承啟,87,73,14,元大-台中,2024-10-08,9812
00915,凱基優選高股息30,14,0,14,元大-台中,2024-10-08,9812
2408,南亞科,13,0,13,元大-台中,2024-10-08,9812
2362,藍天,33,21,12,元大-台中,2024-10-08,9812
00752,中信中國50,22,10,12,元大-台中,2024-10-08,9812
2891,中信金,73,61,12,元大-台中,2024-10-08,9812
9935,慶豐富,12,0,12,元大-台中,2024-10-08,9812
3149,正達,5003,14,4989,元大-台中,2024-10-09,9812
00680L,元大美債20正2,465,7,458,元大-台中,2024-10-09,9812
3290,東浦,303,3,300,元大-台中,2024-10-09,9812
00637L,元大滬深300正2,400,119,281,元大-台中,2024-10-09,9812
00882,中信中國高股息,321,108,213,元大-台中,2024-10-09,9812
00948B,中信優息投資級債,114,0,114,元大-台中,2024-10-09,9812
2605,新興,104,0,104,元大-台中,2024-10-09,9812
2888,新光金,254,151,103,元大-台中,2024-10-09,9812
2353,宏��,103,3,100,元大-台中,2024-10-09,9812
00885,富邦越南,100,1,99,元大-台中,2024-10-09,9812
1314,中石化,143,62,81,元大-台中,2024-10-09,9812
00887,永豐中國科技50大,112,38,74,元大-台中,2024-10-09,9812
1319,東陽,70,2,68,元大-台中,2024-10-09,9812
00919,群益台灣精選高息,65,4,61,元大-台中,2024-10-09,9812
5876,上海商銀,55,0,55,元大-台中,2024-10-09,9812
3481,群創,55,3,52,元大-台中,2024-10-09,9812
00953B,群益優選非投等債,51,0,51,元大-台中,2024-10-09,9812
00753L,中信中國50正2,231,188,43,元大-台中,2024-10-09,9812
2347,聯強,42,0,42,元大-台中,2024-10-09,9812
00679B,元大美債20年,45,3,42,元大-台中,2024-10-09,9812
00687B,國泰20年美債,37,0,37,元大-台中,2024-10-09,9812
00937B,群益ESG投等債20,36,2,34,元大-台中,2024-10-09,9812
2891,中信金,38,4,34,元大-台中,2024-10-09,9812
2617,台航,30,0,30,元大-台中,2024-10-09,9812
00915,凱基優選高股息30,30,0,30,元大-台中,2024-10-09,9812
00688L,國泰20年美債正2,27,0,27,元大-台中,2024-10-09,9812
2303,聯電,26,1,25,元大-台中,2024-10-09,9812
00932,兆豐永續高息等權,28,3,25,元大-台中,2024-10-09,9812
2634,漢翔,24,0,24,元大-台中,2024-10-09,9812
00665L,富邦�琤肭磪囓�2,141,118,23,元大-台中,2024-10-09,9812
5512,力麒,23,0,23,元大-台中,2024-10-09,9812
2615,萬海,34,12,22,元大-台中,2024-10-09,9812
1309,台達化,22,0,22,元大-台中,2024-10-09,9812
2913,農林,20,0,20,元大-台中,2024-10-09,9812
00929,復華台灣科技優息,25,6,19,元大-台中,2024-10-09,9812
2609,陽明,29,9,20,元大-台中,2024-10-09,9812
0061,元大寶滬深,38,19,19,元大-台中,2024-10-09,9812
0056,元大高股息,20,2,18,元大-台中,2024-10-09,9812
1584,精剛,23,5,18,元大-台中,2024-10-09,9812
1605,華新,20,3,17,元大-台中,2024-10-09,9812
2023,燁輝,20,3,17,元大-台中,2024-10-09,9812
00943,兆豐電子高息等權,16,0,16,元大-台中,2024-10-09,9812
2367,燿華,19,3,16,元大-台中,2024-10-09,9812
2889,國票金,16,0,16,元大-台中,2024-10-09,9812
3622,洋華,17,2,15,元大-台中,2024-10-09,9812
9105,泰金寶-DR,20,5,15,元大-台中,2024-10-09,9812
1721,三晃,17,2,15,元大-台中,2024-10-09,9812
00715L,期街口布蘭特正2,25,10,15,元大-台中,2024-10-09,9812
00905,FT臺灣Smart,14,0,14,元大-台中,2024-10-09,9812
00878,國泰永續高股息,14,0,14,元大-台中,2024-10-09,9812
00632R,元大台灣50反1,384,190,194,元大-台中,2024-10-11,9812
00679B,元大美債20年,179,4,175,元大-台中,2024-10-11,9812
00637L,元大滬深300正2,175,101,74,元大-台中,2024-10-11,9812
3290,東浦,57,0,57,元大-台中,2024-10-11,9812
00688L,國泰20年美債正2,54,0,54,元大-台中,2024-10-11,9812
0056,元大高股息,58,6,52,元大-台中,2024-10-11,9812
2834,臺企銀,45,0,45,元大-台中,2024-10-11,9812
3163,波若威,58,19,39,元大-台中,2024-10-11,9812
2317,鴻海,52,18,34,元大-台中,2024-10-11,9812
00720B,元大投資級公司債,46,15,31,元大-台中,2024-10-11,9812
2401,凌陽,31,0,31,元大-台中,2024-10-11,9812
2388,威盛,46,17,29,元大-台中,2024-10-11,9812
1319,東陽,25,0,25,元大-台中,2024-10-11,9812
1312,國喬,25,0,25,元大-台中,2024-10-11,9812
3591,艾笛森,30,6,24,元大-台中,2024-10-11,9812
3706,神達,23,2,21,元大-台中,2024-10-11,9812
00687B,國泰20年美債,36,15,21,元大-台中,2024-10-11,9812
1721,三晃,37,16,21,元大-台中,2024-10-11,9812
00713,元大台灣高息低波,22,2,20,元大-台中,2024-10-11,9812
8097,常珵,20,0,20,元大-台中,2024-10-11,9812
00919,群益台灣精選高息,25,5,20,元大-台中,2024-10-11,9812
00878,國泰永續高股息,27,8,19,元大-台中,2024-10-11,9812
2897,王道銀行,22,3,19,元大-台中,2024-10-11,9812
2399,映泰,55,37,18,元大-台中,2024-10-11,9812
2344,華邦電,24,6,18,元大-台中,2024-10-11,9812
2049,上銀,28,11,17,元大-台中,2024-10-11,9812
2543,皇昌,44,27,17,元大-台中,2024-10-11,9812
1584,精剛,27,11,16,元大-台中,2024-10-11,9812
2887,台新金,26,11,15,元大-台中,2024-10-11,9812
00948B,中信優息投資級債,15,0,15,元大-台中,2024-10-11,9812
2352,佳世達,20,5,15,元大-台中,2024-10-11,9812
6188,廣明,15,1,14,元大-台中,2024-10-11,9812
4729,熒茂,13,0,13,元大-台中,2024-10-11,9812
00915,凱基優選高股息30,23,11,12,元大-台中,2024-10-11,9812
0061,元大寶滬深,12,0,12,元大-台中,2024-10-11,9812
5876,上海商銀,12,0,12,元大-台中,2024-10-11,9812
00680L,元大美債20正2,49,37,12,元大-台中,2024-10-11,9812
9958,世紀鋼,12,1,11,元大-台中,2024-10-11,9812
1314,中石化,17,6,11,元大-台中,2024-10-11,9812
00887,永豐中國科技50大,23,12,11,元大-台中,2024-10-11,9812
2609,陽明,17,6,11,元大-台中,2024-10-11,9812
2634,漢翔,10,0,10,元大-台中,2024-10-11,9812
2481,強茂,10,0,10,元大-台中,2024-10-11,9812
4564,元翎,10,0,10,元大-台中,2024-10-11,9812
1231,聯華食,10,0,10,元大-台中,2024-10-11,9812
00673R,期元大S＆P原油反1,10,0,10,元大-台中,2024-10-11,9812
1727,中華化,12,2,10,元大-台中,2024-10-11,9812
00639,富邦深100,11,2,9,元大-台中,2024-10-11,9812
8028,昇陽半導體,11,2,9,元大-台中,2024-10-11,9812
1802,台玻,11,2,9,元大-台中,2024-10-11,9812
00679B,元大美債20年,142,9,133,元大-台中,2024-10-14,9812
00715L,期街口布蘭特正2,221,103,118,元大-台中,2024-10-14,9812
00937B,群益ESG投等債20,137,24,113,元大-台中,2024-10-14,9812
6609,瀧澤科,211,108,103,元大-台中,2024-10-14,9812
2312,金寶,99,26,73,元大-台中,2024-10-14,9812
00885,富邦越南,101,35,66,元大-台中,2024-10-14,9812
0056,元大高股息,80,21,59,元大-台中,2024-10-14,9812
00951,台新日本半導體,80,21,59,元大-台中,2024-10-14,9812
2002,中鋼,57,1,56,元大-台中,2024-10-14,9812
00881,國泰台灣5G+,61,9,52,元大-台中,2024-10-14,9812
00922,國泰台灣領袖50,66,17,49,元大-台中,2024-10-14,9812
2344,華邦電,50,1,49,元大-台中,2024-10-14,9812
4977,眾達-KY,54,7,47,元大-台中,2024-10-14,9812
9105,泰金寶-DR,141,95,46,元大-台中,2024-10-14,9812
4576,大銀微系統,45,2,43,元大-台中,2024-10-14,9812
00632R,元大台灣50反1,50,10,40,元大-台中,2024-10-14,9812
00887,永豐中國科技50大,51,14,37,元大-台中,2024-10-14,9812
00646,元大S＆P500,34,0,34,元大-台中,2024-10-14,9812
1582,信錦,33,0,33,元大-台中,2024-10-14,9812
00878,國泰永續高股息,38,7,31,元大-台中,2024-10-14,9812
1101,台泥,30,0,30,元大-台中,2024-10-14,9812
8011,台通,25,1,24,元大-台中,2024-10-14,9812
00712,復華富時不動產,23,0,23,元大-台中,2024-10-14,9812
00650L,復華香港正2,22,1,21,元大-台中,2024-10-14,9812
00912,中信臺灣智慧50,19,0,19,元大-台中,2024-10-14,9812
00934,中信成長高股息,19,0,19,元大-台中,2024-10-14,9812
1409,新纖,17,0,17,元大-台中,2024-10-14,9812
00882,中信中國高股息,68,52,16,元大-台中,2024-10-14,9812
4903,聯光通,42,27,15,元大-台中,2024-10-14,9812
006205,富邦上証,15,0,15,元大-台中,2024-10-14,9812
5009,榮剛,15,1,14,元大-台中,2024-10-14,9812
3715,定穎投控,28,14,14,元大-台中,2024-10-14,9812
00662,富邦NASDAQ,14,0,14,元大-台中,2024-10-14,9812
2543,皇昌,78,64,14,元大-台中,2024-10-14,9812
6156,松上,24,10,14,元大-台中,2024-10-14,9812
2609,陽明,22,8,14,元大-台中,2024-10-14,9812
00830,國泰費城半導體,13,0,13,元大-台中,2024-10-14,9812
3025,星通,23,10,13,元大-台中,2024-10-14,9812
00639,富邦深100,13,1,12,元大-台中,2024-10-14,9812
4956,光鋐,46,34,12,元大-台中,2024-10-14,9812
6517,保勝光學,15,3,12,元大-台中,2024-10-14,9812
2408,南亞科,12,1,11,元大-台中,2024-10-14,9812
2201,裕隆,10,0,10,元大-台中,2024-10-14,9812
2314,台揚,10,0,10,元大-台中,2024-10-14,9812
1315,達新,10,0,10,元大-台中,2024-10-14,9812
00730,富邦臺灣優質高息,10,0,10,元大-台中,2024-10-14,9812
2637,慧洋-KY,10,0,10,元大-台中,2024-10-14,9812
5905,南仁湖,10,0,10,元大-台中,2024-10-14,9812
2421,建準,34,25,9,元大-台中,2024-10-14,9812
006208,富邦台50,10,1,9,元大-台中,2024-10-14,9812
00680L,元大美債20正2,357,0,357,元大-台中,2024-10-15,9812
00688L,國泰20年美債正2,281,11,270,元大-台中,2024-10-15,9812
00632R,元大台灣50反1,187,0,187,元大-台中,2024-10-15,9812
00948B,中信優息投資級債,122,3,119,元大-台中,2024-10-15,9812
00931B,統一美債20年,100,0,100,元大-台中,2024-10-15,9812
2887,台新金,103,9,94,元大-台中,2024-10-15,9812
2323,中環,84,2,82,元大-台中,2024-10-15,9812
00679B,元大美債20年,85,9,76,元大-台中,2024-10-15,9812
00937B,群益ESG投等債20,74,0,74,元大-台中,2024-10-15,9812
3230,錦明,102,31,71,元大-台中,2024-10-15,9812
00637L,元大滬深300正2,324,257,67,元大-台中,2024-10-15,9812
00687B,國泰20年美債,61,1,60,元大-台中,2024-10-15,9812
6695,芯鼎,52,1,51,元大-台中,2024-10-15,9812
6005,群益證,50,3,47,元大-台中,2024-10-15,9812
1314,中石化,72,26,46,元大-台中,2024-10-15,9812
2399,映泰,90,57,33,元大-台中,2024-10-15,9812
00715L,期街口布蘭特正2,32,4,28,元大-台中,2024-10-15,9812
8028,昇陽半導體,48,22,26,元大-台中,2024-10-15,9812
3149,正達,154,128,26,元大-台中,2024-10-15,9812
00887,永豐中國科技50大,57,32,25,元大-台中,2024-10-15,9812
00665L,富邦�琤肭磪囓�2,33,9,24,元大-台中,2024-10-15,9812
3049,精金,34,11,23,元大-台中,2024-10-15,9812
00915,凱基優選高股息30,21,0,21,元大-台中,2024-10-15,9812
00922,國泰台灣領袖50,26,6,20,元大-台中,2024-10-15,9812
00953B,群益優選非投等債,20,0,20,元大-台中,2024-10-15,9812
3231,緯創,68,48,20,元大-台中,2024-10-15,9812
2363,矽統,111,92,19,元大-台中,2024-10-15,9812
00642U,期元大S＆P石油,27,10,17,元大-台中,2024-10-15,9812
8070,長華*,22,5,17,元大-台中,2024-10-15,9812
2609,陽明,23,8,15,元大-台中,2024-10-15,9812
2449,京元電子,29,14,15,元大-台中,2024-10-15,9812
00639,富邦深100,13,0,13,元大-台中,2024-10-15,9812
5009,榮剛,12,0,12,元大-台中,2024-10-15,9812
2812,台中銀,12,0,12,元大-台中,2024-10-15,9812
6133,金橋,12,0,12,元大-台中,2024-10-15,9812
8033,雷虎,12,0,12,元大-台中,2024-10-15,9812
5443,均豪,12,1,11,元大-台中,2024-10-15,9812
00960,野村全球航運龍頭,12,1,11,元大-台中,2024-10-15,9812
6830,汎銓,13,2,11,元大-台中,2024-10-15,9812
3189,景碩,11,1,10,元大-台中,2024-10-15,9812
2356,英業達,13,3,10,元大-台中,2024-10-15,9812
6451,訊芯-KY,12,2,10,元大-台中,2024-10-15,9812
8374,羅昇,14,5,9,元大-台中,2024-10-15,9812
6706,惠特,14,5,9,元大-台中,2024-10-15,9812
2070,精湛,9,0,9,元大-台中,2024-10-15,9812
1582,信錦,9,0,9,元大-台中,2024-10-15,9812
6517,保勝光學,10,1,9,元大-台中,2024-10-15,9812
2888,新光金,41,33,8,元大-台中,2024-10-15,9812
6187,萬潤,14,5,9,元大-台中,2024-10-15,9812
2498,宏達電,8,0,8,元大-台中,2024-10-15,9812
1528,恩德,1041,27,1014,元大-台中,2024-10-16,9812
4956,光鋐,530,28,502,元大-台中,2024-10-16,9812
2399,映泰,566,112,454,元大-台中,2024-10-16,9812
00919,群益台灣精選高息,437,17,420,元大-台中,2024-10-16,9812
0056,元大高股息,321,9,312,元大-台中,2024-10-16,9812
3036,文曄,203,3,200,元大-台中,2024-10-16,9812
00887,永豐中國科技50大,188,1,187,元大-台中,2024-10-16,9812
00882,中信中國高股息,201,37,164,元大-台中,2024-10-16,9812
2426,鼎元,143,10,133,元大-台中,2024-10-16,9812
4908,前鼎,136,53,83,元大-台中,2024-10-16,9812
00680L,元大美債20正2,73,0,73,元大-台中,2024-10-16,9812
00960,野村全球航運龍頭,77,5,72,元大-台中,2024-10-16,9812
00637L,元大滬深300正2,138,69,69,元大-台中,2024-10-16,9812
00922,國泰台灣領袖50,79,12,67,元大-台中,2024-10-16,9812
00885,富邦越南,50,0,50,元大-台中,2024-10-16,9812
2002,中鋼,54,14,40,元大-台中,2024-10-16,9812
00937B,群益ESG投等債20,47,8,39,元大-台中,2024-10-16,9812
00713,元大台灣高息低波,37,0,37,元大-台中,2024-10-16,9812
2344,華邦電,31,0,31,元大-台中,2024-10-16,9812
2886,兆豐金,31,0,31,元大-台中,2024-10-16,9812
00673R,期元大S＆P原油反1,30,0,30,元大-台中,2024-10-16,9812
00953B,群益優選非投等債,30,0,30,元大-台中,2024-10-16,9812
1721,三晃,31,1,30,元大-台中,2024-10-16,9812
2352,佳世達,26,0,26,元大-台中,2024-10-16,9812
00687B,國泰20年美債,29,4,25,元大-台中,2024-10-16,9812
00753L,中信中國50正2,164,140,24,元大-台中,2024-10-16,9812
00688L,國泰20年美債正2,24,1,23,元大-台中,2024-10-16,9812
2303,聯電,26,3,23,元大-台中,2024-10-16,9812
2897,王道銀行,22,0,22,元大-台中,2024-10-16,9812
2834,臺企銀,21,0,21,元大-台中,2024-10-16,9812
00907,永豐優息存股,21,0,21,元大-台中,2024-10-16,9812
1582,信錦,20,0,20,元大-台中,2024-10-16,9812
3339,泰谷,21,1,20,元大-台中,2024-10-16,9812
00939,統一台灣高息動能,19,0,19,元大-台中,2024-10-16,9812
8032,光菱,64,45,19,元大-台中,2024-10-16,9812
00905,FT臺灣Smart,18,0,18,元大-台中,2024-10-16,9812
3615,安可,25,7,18,元大-台中,2024-10-16,9812
2363,矽統,45,28,17,元大-台中,2024-10-16,9812
00679B,元大美債20年,21,4,17,元大-台中,2024-10-16,9812
00927,群益半導體收益,23,6,17,元大-台中,2024-10-16,9812
00650L,復華香港正2,16,0,16,元大-台中,2024-10-16,9812
00706L,期元大S＆P日圓正2,16,0,16,元大-台中,2024-10-16,9812
3025,星通,15,0,15,元大-台中,2024-10-16,9812
2812,台中銀,15,0,15,元大-台中,2024-10-16,9812
00881,國泰台灣5G+,21,6,15,元大-台中,2024-10-16,9812
3450,聯鈞,46,32,14,元大-台中,2024-10-16,9812
1522,堤維西,15,1,14,元大-台中,2024-10-16,9812
00642U,期元大S＆P石油,14,0,14,元大-台中,2024-10-16,9812
2634,漢翔,21,7,14,元大-台中,2024-10-16,9812
00830,國泰費城半導體,15,1,14,元大-台中,2024-10-16,9812
8028,昇陽半導體,360,59,301,元大-台中,2024-10-17,9812
00929,復華台灣科技優息,299,35,264,元大-台中,2024-10-17,9812
00887,永豐中國科技50大,158,1,157,元大-台中,2024-10-17,9812
0056,元大高股息,86,5,81,元大-台中,2024-10-17,9812
00665L,富邦�琤肭磪囓�2,60,0,60,元大-台中,2024-10-17,9812
2344,華邦電,80,23,57,元大-台中,2024-10-17,9812
00720B,元大投資級公司債,52,1,51,元大-台中,2024-10-17,9812
00922,國泰台灣領袖50,56,5,51,元大-台中,2024-10-17,9812
00664R,國泰臺灣加權反1,50,0,50,元大-台中,2024-10-17,9812
2371,大同,50,1,49,元大-台中,2024-10-17,9812
1227,佳格,45,0,45,元大-台中,2024-10-17,9812
2412,中華電,44,0,44,元大-台中,2024-10-17,9812
2330,台積電,51,8,43,元大-台中,2024-10-17,9812
00679B,元大美債20年,44,3,41,元大-台中,2024-10-17,9812
2303,聯電,44,5,39,元大-台中,2024-10-17,9812
2363,矽統,43,10,33,元大-台中,2024-10-17,9812
00885,富邦越南,32,0,32,元大-台中,2024-10-17,9812
4903,聯光通,67,35,32,元大-台中,2024-10-17,9812
1582,信錦,30,0,30,元大-台中,2024-10-17,9812
2915,潤泰全,30,1,29,元大-台中,2024-10-17,9812
00878,國泰永續高股息,30,6,24,元大-台中,2024-10-17,9812
9105,泰金寶-DR,169,146,23,元大-台中,2024-10-17,9812
2458,義隆,21,0,21,元大-台中,2024-10-17,9812
5230,雷笛克光學,25,7,18,元大-台中,2024-10-17,9812
8215,明基材,17,1,16,元大-台中,2024-10-17,9812
00751B,元大AAA至A公司債,16,1,15,元大-台中,2024-10-17,9812
00637L,元大滬深300正2,219,204,15,元大-台中,2024-10-17,9812
00650L,復華香港正2,15,0,15,元大-台中,2024-10-17,9812
8374,羅昇,38,23,15,元大-台中,2024-10-17,9812
2313,華通,24,10,14,元大-台中,2024-10-17,9812
3221,台嘉碩,14,0,14,元大-台中,2024-10-17,9812
0050,元大台灣50,14,1,13,元大-台中,2024-10-17,9812
2890,永豐金,16,3,13,元大-台中,2024-10-17,9812
1584,精剛,12,0,12,元大-台中,2024-10-17,9812
1802,台玻,12,0,12,元大-台中,2024-10-17,9812
2106,建大,11,0,11,元大-台中,2024-10-17,9812
00934,中信成長高股息,11,0,11,元大-台中,2024-10-17,9812
00725B,國泰投資級公司債,11,0,11,元大-台中,2024-10-17,9812
9902,台火,10,0,10,元大-台中,2024-10-17,9812
00930,永豐ESG低碳高息,10,0,10,元大-台中,2024-10-17,9812
2025,千興,10,0,10,元大-台中,2024-10-17,9812
00753L,中信中國50正2,35,25,10,元大-台中,2024-10-17,9812
00941,中信上游半導體,10,0,10,元大-台中,2024-10-17,9812
4716,大立,12,3,9,元大-台中,2024-10-17,9812
8033,雷虎,9,0,9,元大-台中,2024-10-17,9812
00680L,元大美債20正2,9,0,9,元大-台中,2024-10-17,9812
3715,定穎投控,17,8,9,元大-台中,2024-10-17,9812
6442,光聖,41,32,9,元大-台中,2024-10-17,9812
1721,三晃,18,10,8,元大-台中,2024-10-17,9812
2349,錸德,10,2,8,元大-台中,2024-10-17,9812
2312,金寶,1068,44,1024,元大-台中,2024-10-18,9812
00632R,元大台灣50反1,423,50,373,元大-台中,2024-10-18,9812
00637L,元大滬深300正2,512,181,331,元大-台中,2024-10-18,9812
00688L,國泰20年美債正2,169,0,169,元大-台中,2024-10-18,9812
00948B,中信優息投資級債,69,0,69,元大-台中,2024-10-18,9812
00937B,群益ESG投等債20,65,0,65,元大-台中,2024-10-18,9812
2867,三商壽,61,3,58,元大-台中,2024-10-18,9812
00665L,富邦�琤肭磪囓�2,67,11,56,元大-台中,2024-10-18,9812
00679B,元大美債20年,52,0,52,元大-台中,2024-10-18,9812
00953B,群益優選非投等債,50,0,50,元大-台中,2024-10-18,9812
00687B,國泰20年美債,122,72,50,元大-台中,2024-10-18,9812
00720B,元大投資級公司債,44,0,44,元大-台中,2024-10-18,9812
6770,力積電,44,0,44,元大-台中,2024-10-18,9812
00882,中信中國高股息,80,37,43,元大-台中,2024-10-18,9812
3049,精金,56,16,40,元大-台中,2024-10-18,9812
00946,群益科技高息成長,38,0,38,元大-台中,2024-10-18,9812
2464,盟立,58,21,37,元大-台中,2024-10-18,9812
2634,漢翔,35,0,35,元大-台中,2024-10-18,9812
1785,光洋科,60,27,33,元大-台中,2024-10-18,9812
00887,永豐中國科技50大,41,8,33,元大-台中,2024-10-18,9812
1227,佳格,32,0,32,元大-台中,2024-10-18,9812
2495,普安,50,19,31,元大-台中,2024-10-18,9812
2915,潤泰全,30,0,30,元大-台中,2024-10-18,9812
8097,常珵,35,7,28,元大-台中,2024-10-18,9812
6763,綠界科技*,65,38,27,元大-台中,2024-10-18,9812
3481,群創,169,145,24,元大-台中,2024-10-18,9812
0056,元大高股息,34,11,23,元大-台中,2024-10-18,9812
2367,燿華,30,7,23,元大-台中,2024-10-18,9812
00927,群益半導體收益,23,1,22,元大-台中,2024-10-18,9812
5347,世界,21,0,21,元大-台中,2024-10-18,9812
2888,新光金,35,14,21,元大-台中,2024-10-18,9812
00945B,凱基美國非投等債,21,0,21,元大-台中,2024-10-18,9812
9941,裕融,20,0,20,元大-台中,2024-10-18,9812
2401,凌陽,20,0,20,元大-台中,2024-10-18,9812
1529,樂事綠能,20,0,20,元大-台中,2024-10-18,9812
00919,群益台灣精選高息,46,27,19,元大-台中,2024-10-18,9812
8033,雷虎,20,1,19,元大-台中,2024-10-18,9812
4562,穎漢,92,74,18,元大-台中,2024-10-18,9812
4977,眾達-KY,19,2,17,元大-台中,2024-10-18,9812
5452,佶優,38,21,17,元大-台中,2024-10-18,9812
2489,瑞軒,18,1,17,元大-台中,2024-10-18,9812
00905,FT臺灣Smart,17,0,17,元大-台中,2024-10-18,9812
2344,華邦電,18,3,15,元大-台中,2024-10-18,9812
5438,東友,27,12,15,元大-台中,2024-10-18,9812
1584,精剛,15,0,15,元大-台中,2024-10-18,9812
2399,映泰,41,27,14,元大-台中,2024-10-18,9812
3149,正達,52,39,13,元大-台中,2024-10-18,9812
2365,昆盈,21,8,13,元大-台中,2024-10-18,9812
3062,建漢,33,20,13,元大-台中,2024-10-18,9812
1802,台玻,14,1,13,元大-台中,2024-10-18,9812
4729,熒茂,1009,34,975,元大-台中,2024-10-21,9812
00679B,元大美債20年,118,7,111,元大-台中,2024-10-21,9812
1101,台泥,91,2,89,元大-台中,2024-10-21,9812
2883,凱基金,96,15,81,元大-台中,2024-10-21,9812
00937B,群益ESG投等債20,82,4,78,元大-台中,2024-10-21,9812
2881,富邦金,68,0,68,元大-台中,2024-10-21,9812
00948B,中信優息投資級債,74,10,64,元大-台中,2024-10-21,9812
00680L,元大美債20正2,60,0,60,元大-台中,2024-10-21,9812
3149,正達,646,590,56,元大-台中,2024-10-21,9812
00929,復華台灣科技優息,76,24,52,元大-台中,2024-10-21,9812
00720B,元大投資級公司債,51,1,50,元大-台中,2024-10-21,9812
2888,新光金,55,11,44,元大-台中,2024-10-21,9812
3481,群創,43,0,43,元大-台中,2024-10-21,9812
00905,FT臺灣Smart,42,1,41,元大-台中,2024-10-21,9812
00687B,國泰20年美債,39,2,37,元大-台中,2024-10-21,9812
2412,中華電,35,1,34,元大-台中,2024-10-21,9812
00887,永豐中國科技50大,63,32,31,元大-台中,2024-10-21,9812
6906,現觀科,30,2,28,元大-台中,2024-10-21,9812
00738U,期元大道瓊白銀,41,13,28,元大-台中,2024-10-21,9812
2634,漢翔,27,0,27,元大-台中,2024-10-21,9812
2615,萬海,45,19,26,元大-台中,2024-10-21,9812
2851,中再保,31,7,24,元大-台中,2024-10-21,9812
1582,信錦,22,0,22,元大-台中,2024-10-21,9812
00878,國泰永續高股息,27,6,21,元大-台中,2024-10-21,9812
00882,中信中國高股息,115,95,20,元大-台中,2024-10-21,9812
2891,中信金,21,2,19,元大-台中,2024-10-21,9812
4561,健椿,23,4,19,元大-台中,2024-10-21,9812
6150,撼訊,19,0,19,元大-台中,2024-10-21,9812
2317,鴻海,44,26,18,元大-台中,2024-10-21,9812
2303,聯電,46,28,18,元大-台中,2024-10-21,9812
6532,瑞耘,25,8,17,元大-台中,2024-10-21,9812
00692,富邦公司治理,16,0,16,元大-台中,2024-10-21,9812
4526,東台,54,39,15,元大-台中,2024-10-21,9812
2882,國泰金,15,0,15,元大-台中,2024-10-21,9812
00907,永豐優息存股,15,1,14,元大-台中,2024-10-21,9812
2356,英業達,20,7,13,元大-台中,2024-10-21,9812
2884,玉山金,16,3,13,元大-台中,2024-10-21,9812
00637L,元大滬深300正2,176,163,13,元大-台中,2024-10-21,9812
00665L,富邦�琤肭磪囓�2,41,30,11,元大-台中,2024-10-21,9812
00688L,國泰20年美債正2,15,4,11,元大-台中,2024-10-21,9812
8040,九暘,11,0,11,元大-台中,2024-10-21,9812
6241,易通展,13,2,11,元大-台中,2024-10-21,9812
0056,元大高股息,28,17,11,元大-台中,2024-10-21,9812
2363,矽統,113,103,10,元大-台中,2024-10-21,9812
00946,群益科技高息成長,10,0,10,元大-台中,2024-10-21,9812
2890,永豐金,10,0,10,元大-台中,2024-10-21,9812
00922,國泰台灣領袖50,11,1,10,元大-台中,2024-10-21,9812
00751B,元大AAA至A公司債,11,1,10,元大-台中,2024-10-21,9812
3441,聯一光,10,0,10,元大-台中,2024-10-21,9812
2427,三商電,10,0,10,元大-台中,2024-10-21,9812
00679B,元大美債20年,715,11,704,元大-台中,2024-10-22,9812
00937B,群益ESG投等債20,325,4,321,元大-台中,2024-10-22,9812
00680L,元大美債20正2,309,5,304,元大-台中,2024-10-22,9812
2329,華泰,305,8,297,元大-台中,2024-10-22,9812
2388,威盛,290,82,208,元大-台中,2024-10-22,9812
2891,中信金,218,12,206,元大-台中,2024-10-22,9812
00687B,國泰20年美債,323,173,150,元大-台中,2024-10-22,9812
6197,佳必琪,153,6,147,元大-台中,2024-10-22,9812
6791,虎門科技,122,0,122,元大-台中,2024-10-22,9812
00948B,中信優息投資級債,91,2,89,元大-台中,2024-10-22,9812
00887,永豐中國科技50大,56,0,56,元大-台中,2024-10-22,9812
2344,華邦電,56,2,54,元大-台中,2024-10-22,9812
2002,中鋼,58,6,52,元大-台中,2024-10-22,9812
00664R,國泰臺灣加權反1,50,0,50,元大-台中,2024-10-22,9812
00720B,元大投資級公司債,38,0,38,元大-台中,2024-10-22,9812
00905,FT臺灣Smart,41,10,31,元大-台中,2024-10-22,9812
00712,復華富時不動產,26,0,26,元大-台中,2024-10-22,9812
00946,群益科技高息成長,24,0,24,元大-台中,2024-10-22,9812
911868,同方友友-DR,22,0,22,元大-台中,2024-10-22,9812
00902,中信電池及儲能,22,0,22,元大-台中,2024-10-22,9812
00878,國泰永續高股息,32,10,22,元大-台中,2024-10-22,9812
3715,定穎投控,62,42,20,元大-台中,2024-10-22,9812
00857B,永豐20年美公債,20,0,20,元大-台中,2024-10-22,9812
00877,復華中國5G,21,2,19,元大-台中,2024-10-22,9812
2070,精湛,18,0,18,元大-台中,2024-10-22,9812
2399,映泰,74,56,18,元大-台中,2024-10-22,9812
00919,群益台灣精選高息,29,11,18,元大-台中,2024-10-22,9812
6237,驊訊,18,2,16,元大-台中,2024-10-22,9812
3189,景碩,62,47,15,元大-台中,2024-10-22,9812
1314,中石化,20,5,15,元大-台中,2024-10-22,9812
00795B,中信美國公債20年,15,1,14,元大-台中,2024-10-22,9812
1536,和大,14,0,14,元大-台中,2024-10-22,9812
8043,蜜望實,22,8,14,元大-台中,2024-10-22,9812
00959B,大華投等美債15Y+,13,0,13,元大-台中,2024-10-22,9812
5488,松普,18,5,13,元大-台中,2024-10-22,9812
2412,中華電,12,0,12,元大-台中,2024-10-22,9812
2884,玉山金,18,6,12,元大-台中,2024-10-22,9812
2330,台積電,19,7,12,元大-台中,2024-10-22,9812
2015,豐興,11,0,11,元大-台中,2024-10-22,9812
2476,鉅祥,22,11,11,元大-台中,2024-10-22,9812
00882,中信中國高股息,11,0,11,元大-台中,2024-10-22,9812
2605,新興,13,2,11,元大-台中,2024-10-22,9812
00715L,期街口布蘭特正2,13,2,11,元大-台中,2024-10-22,9812
00772B,中信高評級公司債,10,0,10,元大-台中,2024-10-22,9812
00931B,統一美債20年,10,0,10,元大-台中,2024-10-22,9812
2467,志聖,10,0,10,元大-台中,2024-10-22,9812
00941,中信上游半導體,10,0,10,元大-台中,2024-10-22,9812
4903,聯光通,10,0,10,元大-台中,2024-10-22,9812
1321,大洋,10,0,10,元大-台中,2024-10-22,9812
2313,華通,23,13,10,元大-台中,2024-10-22,9812
3580,友威科,203,5,198,元大-台中,2024-10-23,9812
3581,博磊,315,155,160,元大-台中,2024-10-23,9812
00937B,群益ESG投等債20,113,9,104,元大-台中,2024-10-23,9812
2371,大同,101,0,101,元大-台中,2024-10-23,9812
00687B,國泰20年美債,98,2,96,元大-台中,2024-10-23,9812
00679B,元大美債20年,97,3,94,元大-台中,2024-10-23,9812
1809,中釉,89,5,84,元大-台中,2024-10-23,9812
2887,台新金,75,1,74,元大-台中,2024-10-23,9812
00887,永豐中國科技50大,53,0,53,元大-台中,2024-10-23,9812
2374,佳能,64,11,53,元大-台中,2024-10-23,9812
00878,國泰永續高股息,41,1,40,元大-台中,2024-10-23,9812
2891,中信金,44,3,41,元大-台中,2024-10-23,9812
6791,虎門科技,40,0,40,元大-台中,2024-10-23,9812
2303,聯電,34,2,32,元大-台中,2024-10-23,9812
00907,永豐優息存股,33,2,31,元大-台中,2024-10-23,9812
00632R,元大台灣50反1,30,0,30,元大-台中,2024-10-23,9812
00712,復華富時不動產,29,0,29,元大-台中,2024-10-23,9812
2352,佳世達,36,7,29,元大-台中,2024-10-23,9812
1711,永光,30,5,25,元大-台中,2024-10-23,9812
0056,元大高股息,28,5,23,元大-台中,2024-10-23,9812
2851,中再保,22,0,22,元大-台中,2024-10-23,9812
5438,東友,25,3,22,元大-台中,2024-10-23,9812
00948B,中信優息投資級債,22,0,22,元大-台中,2024-10-23,9812
2009,第一銅,21,0,21,元大-台中,2024-10-23,9812
2884,玉山金,20,0,20,元大-台中,2024-10-23,9812
00926,凱基全球菁英55,20,0,20,元大-台中,2024-10-23,9812
9103,美德醫療-DR,20,0,20,元大-台中,2024-10-23,9812
00680L,元大美債20正2,28,9,19,元大-台中,2024-10-23,9812
1308,亞聚,18,0,18,元大-台中,2024-10-23,9812
00881,國泰台灣5G+,18,1,17,元大-台中,2024-10-23,9812
3167,大量,155,138,17,元大-台中,2024-10-23,9812
3715,定穎投控,31,14,17,元大-台中,2024-10-23,9812
00639,富邦深100,16,0,16,元大-台中,2024-10-23,9812
5315,光聯,36,20,16,元大-台中,2024-10-23,9812
2929,淘帝-KY,15,0,15,元大-台中,2024-10-23,9812
2399,映泰,62,47,15,元大-台中,2024-10-23,9812
00922,國泰台灣領袖50,14,0,14,元大-台中,2024-10-23,9812
00900,富邦特選高股息30,13,0,13,元大-台中,2024-10-23,9812
2812,台中銀,13,0,13,元大-台中,2024-10-23,9812
00918,大華優利高填息30,12,0,12,元大-台中,2024-10-23,9812
2881,富邦金,12,0,12,元大-台中,2024-10-23,9812
2027,大成鋼,14,2,12,元大-台中,2024-10-23,9812
00959B,大華投等美債15Y+,12,0,12,元大-台中,2024-10-23,9812
4711,永純,22,10,12,元大-台中,2024-10-23,9812
9802,鈺齊-KY,12,0,12,元大-台中,2024-10-23,9812
6658,聯策,20,9,11,元大-台中,2024-10-23,9812
2867,三商壽,11,0,11,元大-台中,2024-10-23,9812
2618,長榮航,13,2,11,元大-台中,2024-10-23,9812
2353,宏��,12,2,10,元大-台中,2024-10-23,9812
00753L,中信中國50正2,90,80,10,元大-台中,2024-10-23,9812
2615,萬海,313,153,160,元大-台中,2024-10-24,9812
0056,元大高股息,112,1,111,元大-台中,2024-10-24,9812
00948B,中信優息投資級債,104,0,104,元大-台中,2024-10-24,9812
3056,富華新,101,0,101,元大-台中,2024-10-24,9812
6791,虎門科技,93,0,93,元大-台中,2024-10-24,9812
1584,精剛,85,0,85,元大-台中,2024-10-24,9812
00637L,元大滬深300正2,127,43,84,元大-台中,2024-10-24,9812
2374,佳能,73,3,70,元大-台中,2024-10-24,9812
00679B,元大美債20年,66,0,66,元大-台中,2024-10-24,9812
00882,中信中國高股息,62,0,62,元大-台中,2024-10-24,9812
00937B,群益ESG投等債20,55,0,55,元大-台中,2024-10-24,9812
00919,群益台灣精選高息,60,7,53,元大-台中,2024-10-24,9812
00664R,國泰臺灣加權反1,50,0,50,元大-台中,2024-10-24,9812
1528,恩德,178,130,48,元大-台中,2024-10-24,9812
3036,文曄,46,0,46,元大-台中,2024-10-24,9812
00753L,中信中國50正2,132,90,42,元大-台中,2024-10-24,9812
6596,寬宏藝術,41,0,41,元大-台中,2024-10-24,9812
00712,復華富時不動產,40,0,40,元大-台中,2024-10-24,9812
2303,聯電,40,0,40,元大-台中,2024-10-24,9812
00680L,元大美債20正2,39,0,39,元大-台中,2024-10-24,9812
00881,國泰台灣5G+,37,1,36,元大-台中,2024-10-24,9812
2388,威盛,52,20,32,元大-台中,2024-10-24,9812
3013,晟銘電,67,36,31,元大-台中,2024-10-24,9812
2489,瑞軒,78,47,31,元大-台中,2024-10-24,9812
1314,中石化,29,0,29,元大-台中,2024-10-24,9812
1909,榮成,40,11,29,元大-台中,2024-10-24,9812
4540,全球傳動,34,6,28,元大-台中,2024-10-24,9812
2312,金寶,32,4,28,元大-台中,2024-10-24,9812
2399,映泰,57,31,26,元大-台中,2024-10-24,9812
00887,永豐中國科技50大,36,10,26,元大-台中,2024-10-24,9812
1721,三晃,130,107,23,元大-台中,2024-10-24,9812
2382,廣達,33,13,20,元大-台中,2024-10-24,9812
6919,康霈*,20,0,20,元大-台中,2024-10-24,9812
2317,鴻海,49,30,19,元大-台中,2024-10-24,9812
00665L,富邦�琤肭磪囓�2,19,0,19,元大-台中,2024-10-24,9812
1582,信錦,19,0,19,元大-台中,2024-10-24,9812
2332,友訊,19,1,18,元大-台中,2024-10-24,9812
9958,世紀鋼,26,9,17,元大-台中,2024-10-24,9812
1321,大洋,17,0,17,元大-台中,2024-10-24,9812
00687B,國泰20年美債,18,2,16,元大-台中,2024-10-24,9812
2009,第一銅,20,4,16,元大-台中,2024-10-24,9812
2468,華經,15,0,15,元大-台中,2024-10-24,9812
6770,力積電,25,11,14,元大-台中,2024-10-24,9812
2363,矽統,37,23,14,元大-台中,2024-10-24,9812
4716,大立,52,38,14,元大-台中,2024-10-24,9812
1513,中興電,13,0,13,元大-台中,2024-10-24,9812
00706L,期元大S＆P日圓正2,13,0,13,元大-台中,2024-10-24,9812
00943,兆豐電子高息等權,12,0,12,元大-台中,2024-10-24,9812
8440,綠電,12,0,12,元大-台中,2024-10-24,9812
6204,艾華,13,1,12,元大-台中,2024-10-24,9812
2354,鴻準,545,259,286,元大-台中,2024-10-25,9812
2646,星宇航空,367,234,133,元大-台中,2024-10-25,9812
00632R,元大台灣50反1,265,157,108,元大-台中,2024-10-25,9812
00931B,統一美債20年,81,0,81,元大-台中,2024-10-25,9812
00650L,復華香港正2,70,0,70,元大-台中,2024-10-25,9812
6791,虎門科技,70,0,70,元大-台中,2024-10-25,9812
00687B,國泰20年美債,79,10,69,元大-台中,2024-10-25,9812
4513,福裕,70,2,68,元大-台中,2024-10-25,9812
00948B,中信優息投資級債,60,0,60,元大-台中,2024-10-25,9812
6770,力積電,56,6,50,元大-台中,2024-10-25,9812
3056,富華新,40,0,40,元大-台中,2024-10-25,9812
00795B,中信美國公債20年,40,0,40,元大-台中,2024-10-25,9812
2610,華航,57,22,35,元大-台中,2024-10-25,9812
00937B,群益ESG投等債20,36,2,34,元大-台中,2024-10-25,9812
2303,聯電,37,6,31,元大-台中,2024-10-25,9812
00680L,元大美債20正2,33,2,31,元大-台中,2024-10-25,9812
00951,台新日本半導體,29,0,29,元大-台中,2024-10-25,9812
1582,信錦,29,2,27,元大-台中,2024-10-25,9812
2405,輔信,28,2,26,元大-台中,2024-10-25,9812
2887,台新金,28,3,25,元大-台中,2024-10-25,9812
6117,迎廣,22,0,22,元大-台中,2024-10-25,9812
2634,漢翔,23,1,22,元大-台中,2024-10-25,9812
1785,光洋科,29,8,21,元大-台中,2024-10-25,9812
1605,華新,21,0,21,元大-台中,2024-10-25,9812
00919,群益台灣精選高息,23,3,20,元大-台中,2024-10-25,9812
1321,大洋,18,0,18,元大-台中,2024-10-25,9812
2363,矽統,18,1,17,元大-台中,2024-10-25,9812
2889,國票金,17,0,17,元大-台中,2024-10-25,9812
8021,尖點,25,9,16,元大-台中,2024-10-25,9812
00959B,大華投等美債15Y+,16,0,16,元大-台中,2024-10-25,9812
4979,華星光,34,18,16,元大-台中,2024-10-25,9812
8404,百和興業-KY,21,6,15,元大-台中,2024-10-25,9812
2609,陽明,56,42,14,元大-台中,2024-10-25,9812
2332,友訊,15,1,14,元大-台中,2024-10-25,9812
1806,冠軍,13,0,13,元大-台中,2024-10-25,9812
3715,定穎投控,254,241,13,元大-台中,2024-10-25,9812
2455,全新,15,3,12,元大-台中,2024-10-25,9812
2329,華泰,25,13,12,元大-台中,2024-10-25,9812
2027,大成鋼,12,0,12,元大-台中,2024-10-25,9812
911868,同方友友-DR,12,0,12,元大-台中,2024-10-25,9812
00960,野村全球航運龍頭,23,12,11,元大-台中,2024-10-25,9812
1802,台玻,12,1,11,元大-台中,2024-10-25,9812
2374,佳能,34,23,11,元大-台中,2024-10-25,9812
2344,華邦電,77,67,10,元大-台中,2024-10-25,9812
2890,永豐金,10,0,10,元大-台中,2024-10-25,9812
2495,普安,170,160,10,元大-台中,2024-10-25,9812
1540,喬福,10,0,10,元大-台中,2024-10-25,9812
6285,啟��,34,24,10,元大-台中,2024-10-25,9812
3149,正達,34,24,10,元大-台中,2024-10-25,9812
2851,中再保,10,1,9,元大-台中,2024-10-25,9812
2431,聯昌,1532,2,1530,元大-台中,2024-10-28,9812
2105,正新,502,0,502,元大-台中,2024-10-28,9812
00679B,元大美債20年,178,59,119,元大-台中,2024-10-28,9812
00680L,元大美債20正2,124,6,118,元大-台中,2024-10-28,9812
00937B,群益ESG投等債20,109,1,108,元大-台中,2024-10-28,9812
6609,瀧澤科,95,0,95,元大-台中,2024-10-28,9812
3552,同致,99,10,89,元大-台中,2024-10-28,9812
00712,復華富時不動產,81,1,80,元大-台中,2024-10-28,9812
00929,復華台灣科技優息,115,49,66,元大-台中,2024-10-28,9812
00669R,國泰美國道瓊反1,60,0,60,元大-台中,2024-10-28,9812
4102,永日,50,0,50,元大-台中,2024-10-28,9812
00715L,期街口布蘭特正2,45,0,45,元大-台中,2024-10-28,9812
2374,佳能,41,0,41,元大-台中,2024-10-28,9812
00642U,期元大S＆P石油,41,0,41,元大-台中,2024-10-28,9812
1584,精剛,40,2,38,元大-台中,2024-10-28,9812
2317,鴻海,95,61,34,元大-台中,2024-10-28,9812
00632R,元大台灣50反1,32,0,32,元大-台中,2024-10-28,9812
00687B,國泰20年美債,68,40,28,元大-台中,2024-10-28,9812
3036,文曄,25,0,25,元大-台中,2024-10-28,9812
3056,富華新,25,0,25,元大-台中,2024-10-28,9812
2303,聯電,25,1,24,元大-台中,2024-10-28,9812
2302,麗正,34,11,23,元大-台中,2024-10-28,9812
8021,尖點,22,1,21,元大-台中,2024-10-28,9812
4306,炎洲,21,0,21,元大-台中,2024-10-28,9812
00948B,中信優息投資級債,21,0,21,元大-台中,2024-10-28,9812
2477,美隆電,42,23,19,元大-台中,2024-10-28,9812
3231,緯創,31,12,19,元大-台中,2024-10-28,9812
00706L,期元大S＆P日圓正2,18,0,18,元大-台中,2024-10-28,9812
00720B,元大投資級公司債,16,0,16,元大-台中,2024-10-28,9812
2356,英業達,16,1,15,元大-台中,2024-10-28,9812
8070,長華*,15,1,14,元大-台中,2024-10-28,9812
2405,輔信,15,1,14,元大-台中,2024-10-28,9812
6770,力積電,29,15,14,元大-台中,2024-10-28,9812
00915,凱基優選高股息30,14,0,14,元大-台中,2024-10-28,9812
2884,玉山金,13,0,13,元大-台中,2024-10-28,9812
5315,光聯,21,8,13,元大-台中,2024-10-28,9812
2891,中信金,13,0,13,元大-台中,2024-10-28,9812
00918,大華優利高填息30,12,0,12,元大-台中,2024-10-28,9812
3689,湧德,14,2,12,元大-台中,2024-10-28,9812
3615,安可,13,1,12,元大-台中,2024-10-28,9812
2308,台達電,13,2,11,元大-台中,2024-10-28,9812
00725B,國泰投資級公司債,10,0,10,元大-台中,2024-10-28,9812
3666,光耀,10,0,10,元大-台中,2024-10-28,9812
6288,聯嘉,95,85,10,元大-台中,2024-10-28,9812
6120,達運,10,0,10,元大-台中,2024-10-28,9812
2349,錸德,10,0,10,元大-台中,2024-10-28,9812
9802,鈺齊-KY,10,0,10,元大-台中,2024-10-28,9812
5907,大洋-KY,10,0,10,元大-台中,2024-10-28,9812
2889,國票金,10,0,10,元大-台中,2024-10-28,9812
6578,達邦蛋白,10,0,10,元大-台中,2024-10-28,9812
2618,長榮航,307,2,305,元大-台中,2024-10-29,9812
3056,富華新,206,0,206,元大-台中,2024-10-29,9812
3036,文曄,201,1,200,元大-台中,2024-10-29,9812
2605,新興,287,89,198,元大-台中,2024-10-29,9812
2105,正新,152,0,152,元大-台中,2024-10-29,9812
00943,兆豐電子高息等權,129,0,129,元大-台中,2024-10-29,9812
0056,元大高股息,124,1,123,元大-台中,2024-10-29,9812
4102,永日,111,0,111,元大-台中,2024-10-29,9812
00878,國泰永續高股息,125,16,109,元大-台中,2024-10-29,9812
2303,聯電,85,2,83,元大-台中,2024-10-29,9812
6593,台灣銘板,71,0,71,元大-台中,2024-10-29,9812
3481,群創,75,13,62,元大-台中,2024-10-29,9812
00915,凱基優選高股息30,53,0,53,元大-台中,2024-10-29,9812
00940,元大台灣價值高息,68,17,51,元大-台中,2024-10-29,9812
00664R,國泰臺灣加權反1,50,0,50,元大-台中,2024-10-29,9812
6770,力積電,42,0,42,元大-台中,2024-10-29,9812
00959B,大華投等美債15Y+,41,0,41,元大-台中,2024-10-29,9812
3710,連展投控,40,1,39,元大-台中,2024-10-29,9812
00637L,元大滬深300正2,70,32,38,元大-台中,2024-10-29,9812
00905,FT臺灣Smart,35,0,35,元大-台中,2024-10-29,9812
2646,星宇航空,53,20,33,元大-台中,2024-10-29,9812
6274,台燿,28,1,27,元大-台中,2024-10-29,9812
00679B,元大美債20年,29,3,26,元大-台中,2024-10-29,9812
00922,國泰台灣領袖50,24,0,24,元大-台中,2024-10-29,9812
8249,菱光,68,45,23,元大-台中,2024-10-29,9812
2332,友訊,22,0,22,元大-台中,2024-10-29,9812
2401,凌陽,21,0,21,元大-台中,2024-10-29,9812
00887,永豐中國科技50大,21,0,21,元大-台中,2024-10-29,9812
00680L,元大美債20正2,23,2,21,元大-台中,2024-10-29,9812
00650L,復華香港正2,20,0,20,元大-台中,2024-10-29,9812
00642U,期元大S＆P石油,19,0,19,元大-台中,2024-10-29,9812
00795B,中信美國公債20年,18,0,18,元大-台中,2024-10-29,9812
00930,永豐ESG低碳高息,16,0,16,元大-台中,2024-10-29,9812
2330,台積電,31,16,15,元大-台中,2024-10-29,9812
3498,陽程,15,0,15,元大-台中,2024-10-29,9812
00715L,期街口布蘭特正2,20,5,15,元大-台中,2024-10-29,9812
0050,元大台灣50,14,0,14,元大-台中,2024-10-29,9812
5871,中租-KY,14,0,14,元大-台中,2024-10-29,9812
1785,光洋科,21,7,14,元大-台中,2024-10-29,9812
1504,東元,38,24,14,元大-台中,2024-10-29,9812
2344,華邦電,61,47,14,元大-台中,2024-10-29,9812
2634,漢翔,13,0,13,元大-台中,2024-10-29,9812
6133,金橋,82,69,13,元大-台中,2024-10-29,9812
5398,慕康生醫,16,3,13,元大-台中,2024-10-29,9812
2489,瑞軒,25,12,13,元大-台中,2024-10-29,9812
2382,廣達,22,10,12,元大-台中,2024-10-29,9812
3217,優群,18,6,12,元大-台中,2024-10-29,9812
00712,復華富時不動產,13,1,12,元大-台中,2024-10-29,9812
00946,群益科技高息成長,13,1,12,元大-台中,2024-10-29,9812
2887,台新金,12,0,12,元大-台中,2024-10-29,9812
2354,鴻準,4432,3336,1096,元大-台中,2024-10-30,9812
00882,中信中國高股息,163,0,163,元大-台中,2024-10-30,9812
00632R,元大台灣50反1,100,0,100,元大-台中,2024-10-30,9812
2834,臺企銀,83,2,81,元大-台中,2024-10-30,9812
00715L,期街口布蘭特正2,73,0,73,元大-台中,2024-10-30,9812
6126,信音,61,2,59,元大-台中,2024-10-30,9812
2867,三商壽,56,0,56,元大-台中,2024-10-30,9812
00929,復華台灣科技優息,55,11,44,元大-台中,2024-10-30,9812
00959B,大華投等美債15Y+,41,0,41,元大-台中,2024-10-30,9812
3481,群創,166,129,37,元大-台中,2024-10-30,9812
0056,元大高股息,37,2,35,元大-台中,2024-10-30,9812
00919,群益台灣精選高息,49,16,33,元大-台中,2024-10-30,9812
2337,旺宏,35,2,33,元大-台中,2024-10-30,9812
2887,台新金,38,5,33,元大-台中,2024-10-30,9812
2609,陽明,31,2,29,元大-台中,2024-10-30,9812
00753L,中信中國50正2,229,200,29,元大-台中,2024-10-30,9812
3056,富華新,30,1,29,元大-台中,2024-10-30,9812
00943,兆豐電子高息等權,27,0,27,元大-台中,2024-10-30,9812
1314,中石化,29,2,27,元大-台中,2024-10-30,9812
4919,新唐,74,48,26,元大-台中,2024-10-30,9812
00946,群益科技高息成長,25,0,25,元大-台中,2024-10-30,9812
2323,中環,26,2,24,元大-台中,2024-10-30,9812
2303,聯電,24,1,23,元大-台中,2024-10-30,9812
00878,國泰永續高股息,65,42,23,元大-台中,2024-10-30,9812
3052,夆典,20,0,20,元大-台中,2024-10-30,9812
00712,復華富時不動產,19,0,19,元大-台中,2024-10-30,9812
00885,富邦越南,20,1,19,元大-台中,2024-10-30,9812
00679B,元大美債20年,22,3,19,元大-台中,2024-10-30,9812
5009,榮剛,18,0,18,元大-台中,2024-10-30,9812
2317,鴻海,51,35,16,元大-台中,2024-10-30,9812
2409,友達,16,0,16,元大-台中,2024-10-30,9812
2363,矽統,25,9,16,元大-台中,2024-10-30,9812
2610,華航,25,9,16,元大-台中,2024-10-30,9812
2889,國票金,15,0,15,元大-台中,2024-10-30,9812
8404,百和興業-KY,15,1,14,元大-台中,2024-10-30,9812
1584,精剛,14,0,14,元大-台中,2024-10-30,9812
5488,松普,16,2,14,元大-台中,2024-10-30,9812
3581,博磊,21,7,14,元大-台中,2024-10-30,9812
00915,凱基優選高股息30,15,1,14,元大-台中,2024-10-30,9812
3325,旭品,36,23,13,元大-台中,2024-10-30,9812
00713,元大台灣高息低波,12,0,12,元大-台中,2024-10-30,9812
006208,富邦台50,11,0,11,元大-台中,2024-10-30,9812
2401,凌陽,10,0,10,元大-台中,2024-10-30,9812
8027,鈦昇,10,0,10,元大-台中,2024-10-30,9812
4167,松瑞藥,10,0,10,元大-台中,2024-10-30,9812
2530,華建,10,0,10,元大-台中,2024-10-30,9812
6245,立端,8,0,8,元大-台中,2024-10-30,9812
2349,錸德,9,1,8,元大-台中,2024-10-30,9812
2543,皇昌,33,25,8,元大-台中,2024-10-30,9812
00680L,元大美債20正2,12,4,8,元大-台中,2024-10-30,9812
2609,陽明,347,110,237,元大-台中,2024-11-01,9812
1815,富喬,211,8,203,元大-台中,2024-11-01,9812
00688L,國泰20年美債正2,220,20,200,元大-台中,2024-11-01,9812
00937B,群益ESG投等債20,122,5,117,元大-台中,2024-11-01,9812
2371,大同,101,2,99,元大-台中,2024-11-01,9812
4991,環宇-KY,200,104,96,元大-台中,2024-11-01,9812
00943,兆豐電子高息等權,93,0,93,元大-台中,2024-11-01,9812
00878,國泰永續高股息,98,6,92,元大-台中,2024-11-01,9812
2303,聯電,97,13,84,元大-台中,2024-11-01,9812
00671R,富邦NASDAQ反1,80,0,80,元大-台中,2024-11-01,9812
00929,復華台灣科技優息,97,19,78,元大-台中,2024-11-01,9812
00680L,元大美債20正2,97,24,73,元大-台中,2024-11-01,9812
00919,群益台灣精選高息,74,2,72,元大-台中,2024-11-01,9812
00946,群益科技高息成長,62,5,57,元大-台中,2024-11-01,9812
00940,元大台灣價值高息,68,22,46,元大-台中,2024-11-01,9812
00679B,元大美債20年,81,37,44,元大-台中,2024-11-01,9812
2882,國泰金,38,6,32,元大-台中,2024-11-01,9812
1721,三晃,42,11,31,元大-台中,2024-11-01,9812
00891,中信關鍵半導體,30,0,30,元大-台中,2024-11-01,9812
4958,臻鼎-KY,31,2,29,元大-台中,2024-11-01,9812
2606,裕民,31,3,28,元大-台中,2024-11-01,9812
006208,富邦台50,31,3,28,元大-台中,2024-11-01,9812
3209,全科,47,20,27,元大-台中,2024-11-01,9812
6285,啟��,26,0,26,元大-台中,2024-11-01,9812
00930,永豐ESG低碳高息,25,0,25,元大-台中,2024-11-01,9812
00948B,中信優息投資級債,24,0,24,元大-台中,2024-11-01,9812
00650L,復華香港正2,22,0,22,元大-台中,2024-11-01,9812
2884,玉山金,25,4,21,元大-台中,2024-11-01,9812
6216,居易,33,12,21,元大-台中,2024-11-01,9812
00923,群益台ESG低碳50,21,1,20,元大-台中,2024-11-01,9812
3701,大眾控,20,0,20,元大-台中,2024-11-01,9812
1449,佳和,45,27,18,元大-台中,2024-11-01,9812
00637L,元大滬深300正2,113,95,18,元大-台中,2024-11-01,9812
2409,友達,20,3,17,元大-台中,2024-11-01,9812
5243,乙盛-KY,18,1,17,元大-台中,2024-11-01,9812
2887,台新金,15,0,15,元大-台中,2024-11-01,9812
2317,鴻海,45,30,15,元大-台中,2024-11-01,9812
1785,光洋科,26,12,14,元大-台中,2024-11-01,9812
00915,凱基優選高股息30,15,1,14,元大-台中,2024-11-01,9812
00712,復華富時不動產,14,0,14,元大-台中,2024-11-01,9812
0050,元大台灣50,15,2,13,元大-台中,2024-11-01,9812
6919,康霈*,13,0,13,元大-台中,2024-11-01,9812
1301,台塑,15,3,12,元大-台中,2024-11-01,9812
4545,銘鈺,12,0,12,元大-台中,2024-11-01,9812
2883,凱基金,17,5,12,元大-台中,2024-11-01,9812
2330,台積電,18,6,12,元大-台中,2024-11-01,9812
00927,群益半導體收益,11,0,11,元大-台中,2024-11-01,9812
3710,連展投控,10,0,10,元大-台中,2024-11-01,9812
2537,聯上發,10,0,10,元大-台中,2024-11-01,9812
5471,松翰,10,0,10,元大-台中,2024-11-01,9812
00937B,群益ESG投等債20,231,66,165,元大-台中,2024-11-04,9812
00878,國泰永續高股息,176,37,139,元大-台中,2024-11-04,9812
9105,泰金寶-DR,203,100,103,元大-台中,2024-11-04,9812
8028,昇陽半導體,118,21,97,元大-台中,2024-11-04,9812
00712,復華富時不動產,65,0,65,元大-台中,2024-11-04,9812
00932,兆豐永續高息等權,65,0,65,元大-台中,2024-11-04,9812
0056,元大高股息,63,2,61,元大-台中,2024-11-04,9812
2646,星宇航空,54,4,50,元大-台中,2024-11-04,9812
00713,元大台灣高息低波,48,0,48,元大-台中,2024-11-04,9812
1736,喬山,50,4,46,元大-台中,2024-11-04,9812
00948B,中信優息投資級債,45,0,45,元大-台中,2024-11-04,9812
00679B,元大美債20年,39,0,39,元大-台中,2024-11-04,9812
3062,建漢,51,13,38,元大-台中,2024-11-04,9812
00919,群益台灣精選高息,50,15,35,元大-台中,2024-11-04,9812
3701,大眾控,56,25,31,元大-台中,2024-11-04,9812
00943,兆豐電子高息等權,30,0,30,元大-台中,2024-11-04,9812
00654R,富邦印度反1,30,0,30,元大-台中,2024-11-04,9812
00674R,期元大S＆P黃金反1,30,0,30,元大-台中,2024-11-04,9812
2313,華通,24,0,24,元大-台中,2024-11-04,9812
00637L,元大滬深300正2,71,48,23,元大-台中,2024-11-04,9812
00665L,富邦�琤肭磪囓�2,23,1,22,元大-台中,2024-11-04,9812
2323,中環,24,2,22,元大-台中,2024-11-04,9812
1584,精剛,20,0,20,元大-台中,2024-11-04,9812
8390,金益鼎,23,3,20,元大-台中,2024-11-04,9812
3437,榮創,20,0,20,元大-台中,2024-11-04,9812
4903,聯光通,47,27,20,元大-台中,2024-11-04,9812
00687B,國泰20年美債,19,1,18,元大-台中,2024-11-04,9812
2015,豐興,18,0,18,元大-台中,2024-11-04,9812
6546,正基,19,2,17,元大-台中,2024-11-04,9812
4919,新唐,21,4,17,元大-台中,2024-11-04,9812
2337,旺宏,20,3,17,元大-台中,2024-11-04,9812
2613,中櫃,57,41,16,元大-台中,2024-11-04,9812
3049,精金,16,1,15,元大-台中,2024-11-04,9812
8249,菱光,44,29,15,元大-台中,2024-11-04,9812
2615,萬海,205,190,15,元大-台中,2024-11-04,9812
6658,聯策,118,104,14,元大-台中,2024-11-04,9812
006208,富邦台50,15,2,13,元大-台中,2024-11-04,9812
4545,銘鈺,15,3,12,元大-台中,2024-11-04,9812
00882,中信中國高股息,14,2,12,元大-台中,2024-11-04,9812
00720B,元大投資級公司債,12,0,12,元大-台中,2024-11-04,9812
4956,光鋐,12,1,11,元大-台中,2024-11-04,9812
3083,網龍,11,0,11,元大-台中,2024-11-04,9812
2409,友達,25,14,11,元大-台中,2024-11-04,9812
3056,富華新,10,0,10,元大-台中,2024-11-04,9812
4720,德淵,10,0,10,元大-台中,2024-11-04,9812
00935,野村臺灣新科技50,10,0,10,元大-台中,2024-11-04,9812
00946,群益科技高息成長,10,0,10,元大-台中,2024-11-04,9812
6443,元晶,10,0,10,元大-台中,2024-11-04,9812
2601,益航,10,0,10,元大-台中,2024-11-04,9812
6288,聯嘉,10,0,10,元大-台中,2024-11-04,9812
5438,東友,615,13,602,元大-台中,2024-11-05,9812
00632R,元大台灣50反1,542,0,542,元大-台中,2024-11-05,9812
2888,新光金,423,12,411,元大-台中,2024-11-05,9812
8374,羅昇,438,205,233,元大-台中,2024-11-05,9812
2303,聯電,146,27,119,元大-台中,2024-11-05,9812
00953B,群益優選非投等債,100,0,100,元大-台中,2024-11-05,9812
00943,兆豐電子高息等權,94,0,94,元大-台中,2024-11-05,9812
2344,華邦電,83,0,83,元大-台中,2024-11-05,9812
00679B,元大美債20年,59,0,59,元大-台中,2024-11-05,9812
00887,永豐中國科技50大,65,6,59,元大-台中,2024-11-05,9812
2609,陽明,182,127,55,元大-台中,2024-11-05,9812
6712,長聖,50,0,50,元大-台中,2024-11-05,9812
00929,復華台灣科技優息,49,5,44,元大-台中,2024-11-05,9812
00919,群益台灣精選高息,53,13,40,元大-台中,2024-11-05,9812
00930,永豐ESG低碳高息,37,0,37,元大-台中,2024-11-05,9812
00885,富邦越南,30,0,30,元大-台中,2024-11-05,9812
00687B,國泰20年美債,35,5,30,元大-台中,2024-11-05,9812
2646,星宇航空,29,7,22,元大-台中,2024-11-05,9812
0061,元大寶滬深,22,0,22,元大-台中,2024-11-05,9812
3049,精金,51,30,21,元大-台中,2024-11-05,9812
3552,同致,25,5,20,元大-台中,2024-11-05,9812
2489,瑞軒,20,0,20,元大-台中,2024-11-05,9812
6838,台新藥,20,2,18,元大-台中,2024-11-05,9812
1584,精剛,18,0,18,元大-台中,2024-11-05,9812
1515,力山,18,1,17,元大-台中,2024-11-05,9812
8431,匯鑽科,14,0,14,元大-台中,2024-11-05,9812
00946,群益科技高息成長,14,0,14,元大-台中,2024-11-05,9812
00948B,中信優息投資級債,13,0,13,元大-台中,2024-11-05,9812
5460,同協,23,10,13,元大-台中,2024-11-05,9812
0056,元大高股息,16,3,13,元大-台中,2024-11-05,9812
2834,臺企銀,12,0,12,元大-台中,2024-11-05,9812
2492,華新科,12,0,12,元大-台中,2024-11-05,9812
6530,創威,59,48,11,元大-台中,2024-11-05,9812
3062,建漢,58,47,11,元大-台中,2024-11-05,9812
3379,彬台,11,0,11,元大-台中,2024-11-05,9812
4903,聯光通,60,50,10,元大-台中,2024-11-05,9812
5531,鄉林,10,0,10,元大-台中,2024-11-05,9812
00844B,新光15年IG金融債,10,0,10,元大-台中,2024-11-05,9812
2889,國票金,10,0,10,元大-台中,2024-11-05,9812
1717,長興,10,0,10,元大-台中,2024-11-05,9812
2369,菱生,60,51,9,元大-台中,2024-11-05,9812
1504,東元,781,773,8,元大-台中,2024-11-05,9812
2464,盟立,11,3,8,元大-台中,2024-11-05,9812
006208,富邦台50,8,1,7,元大-台中,2024-11-05,9812
8044,網家,11,4,7,元大-台中,2024-11-05,9812
3149,正達,19,12,7,元大-台中,2024-11-05,9812
6661,威健生技,7,0,7,元大-台中,2024-11-05,9812
6505,台塑化,7,0,7,元大-台中,2024-11-05,9812
8249,菱光,31,24,7,元大-台中,2024-11-05,9812
8028,昇陽半導體,21,14,7,元大-台中,2024-11-05,9812
2312,金寶,2967,1814,1153,元大-台中,2024-11-06,9812
6150,撼訊,510,0,510,元大-台中,2024-11-06,9812
00679B,元大美債20年,323,22,301,元大-台中,2024-11-06,9812
2303,聯電,223,29,194,元大-台中,2024-11-06,9812
2354,鴻準,269,129,140,元大-台中,2024-11-06,9812
00953B,群益優選非投等債,130,0,130,元大-台中,2024-11-06,9812
00937B,群益ESG投等債20,231,116,115,元大-台中,2024-11-06,9812
5258,虹堡,108,10,98,元大-台中,2024-11-06,9812
3014,聯陽,104,9,95,元大-台中,2024-11-06,9812
00688L,國泰20年美債正2,68,0,68,元大-台中,2024-11-06,9812
00665L,富邦�琤肭磪囓�2,60,1,59,元大-台中,2024-11-06,9812
1536,和大,54,1,53,元大-台中,2024-11-06,9812
00637L,元大滬深300正2,123,71,52,元大-台中,2024-11-06,9812
2353,宏��,54,3,51,元大-台中,2024-11-06,9812
00687B,國泰20年美債,103,52,51,元大-台中,2024-11-06,9812
00669R,國泰美國道瓊反1,50,0,50,元大-台中,2024-11-06,9812
3706,神達,49,0,49,元大-台中,2024-11-06,9812
00680L,元大美債20正2,54,5,49,元大-台中,2024-11-06,9812
6451,訊芯-KY,43,2,41,元大-台中,2024-11-06,9812
3048,益登,32,0,32,元大-台中,2024-11-06,9812
00752,中信中國50,26,0,26,元大-台中,2024-11-06,9812
6548,長科*,24,0,24,元大-台中,2024-11-06,9812
2486,一詮,49,28,21,元大-台中,2024-11-06,9812
6288,聯嘉,32,11,21,元大-台中,2024-11-06,9812
00708L,期元大S＆P黃金正2,20,0,20,元大-台中,2024-11-06,9812
00955,中信日本商社,20,0,20,元大-台中,2024-11-06,9812
00671R,富邦NASDAQ反1,50,30,20,元大-台中,2024-11-06,9812
00948B,中信優息投資級債,20,0,20,元大-台中,2024-11-06,9812
8070,長華*,23,4,19,元大-台中,2024-11-06,9812
2489,瑞軒,19,0,19,元大-台中,2024-11-06,9812
00940,元大台灣價值高息,20,1,19,元大-台中,2024-11-06,9812
00930,永豐ESG低碳高息,16,0,16,元大-台中,2024-11-06,9812
6235,華孚,15,0,15,元大-台中,2024-11-06,9812
6530,創威,25,12,13,元大-台中,2024-11-06,9812
00878,國泰永續高股息,29,16,13,元大-台中,2024-11-06,9812
00795B,中信美國公債20年,12,0,12,元大-台中,2024-11-06,9812
00650L,復華香港正2,10,0,10,元大-台中,2024-11-06,9812
6531,愛普*,12,2,10,元大-台中,2024-11-06,9812
3313,斐成,10,0,10,元大-台中,2024-11-06,9812
2360,致茂,9,0,9,元大-台中,2024-11-06,9812
2881,富邦金,9,0,9,元大-台中,2024-11-06,9812
1907,永豐餘,9,0,9,元大-台中,2024-11-06,9812
8176,智捷,9,0,9,元大-台中,2024-11-06,9812
00844B,新光15年IG金融債,9,0,9,元大-台中,2024-11-06,9812
2363,矽統,9,0,9,元大-台中,2024-11-06,9812
2431,聯昌,56,48,8,元大-台中,2024-11-06,9812
5484,慧友,11,3,8,元大-台中,2024-11-06,9812
4526,東台,81,73,8,元大-台中,2024-11-06,9812
3715,定穎投控,16,8,8,元大-台中,2024-11-06,9812
3167,大量,11,3,8,元大-台中,2024-11-06,9812
4991,環宇-KY,377,67,310,元大-台中,2024-11-07,9812
3231,緯創,221,39,182,元大-台中,2024-11-07,9812
00937B,群益ESG投等債20,124,1,123,元大-台中,2024-11-07,9812
00878,國泰永續高股息,122,17,105,元大-台中,2024-11-07,9812
2887,台新金,100,0,100,元大-台中,2024-11-07,9812
00934,中信成長高股息,91,2,89,元大-台中,2024-11-07,9812
1301,台塑,78,4,74,元大-台中,2024-11-07,9812
8033,雷虎,78,7,71,元大-台中,2024-11-07,9812
3149,正達,58,3,55,元大-台中,2024-11-07,9812
6120,達運,38,0,38,元大-台中,2024-11-07,9812
3049,精金,32,1,31,元大-台中,2024-11-07,9812
00632R,元大台灣50反1,32,2,30,元大-台中,2024-11-07,9812
2888,新光金,28,0,28,元大-台中,2024-11-07,9812
00919,群益台灣精選高息,40,13,27,元大-台中,2024-11-07,9812
2489,瑞軒,27,1,26,元大-台中,2024-11-07,9812
1309,台達化,26,0,26,元大-台中,2024-11-07,9812
00882,中信中國高股息,35,9,26,元大-台中,2024-11-07,9812
00887,永豐中國科技50大,24,1,23,元大-台中,2024-11-07,9812
1314,中石化,21,0,21,元大-台中,2024-11-07,9812
3535,晶彩科,22,2,20,元大-台中,2024-11-07,9812
2328,廣宇,27,7,20,元大-台中,2024-11-07,9812
5243,乙盛-KY,27,7,20,元大-台中,2024-11-07,9812
1721,三晃,27,8,19,元大-台中,2024-11-07,9812
6425,易發,21,3,18,元大-台中,2024-11-07,9812
2609,陽明,29,12,17,元大-台中,2024-11-07,9812
2356,英業達,88,71,17,元大-台中,2024-11-07,9812
00687B,國泰20年美債,32,16,16,元大-台中,2024-11-07,9812
8027,鈦昇,16,0,16,元大-台中,2024-11-07,9812
6443,元晶,20,4,16,元大-台中,2024-11-07,9812
3552,同致,23,8,15,元大-台中,2024-11-07,9812
2353,宏��,23,10,13,元大-台中,2024-11-07,9812
2615,萬海,50,37,13,元大-台中,2024-11-07,9812
1605,華新,15,3,12,元大-台中,2024-11-07,9812
00953B,群益優選非投等債,12,0,12,元大-台中,2024-11-07,9812
4306,炎洲,12,0,12,元大-台中,2024-11-07,9812
6173,信昌電,12,0,12,元大-台中,2024-11-07,9812
1785,光洋科,17,5,12,元大-台中,2024-11-07,9812
2314,台揚,17,6,11,元大-台中,2024-11-07,9812
2606,裕民,12,1,11,元大-台中,2024-11-07,9812
8021,尖點,11,0,11,元大-台中,2024-11-07,9812
00635U,期元大S＆P黃金,10,0,10,元大-台中,2024-11-07,9812
8064,東捷,12,2,10,元大-台中,2024-11-07,9812
006205,富邦上証,10,0,10,元大-台中,2024-11-07,9812
2030,彰源,10,0,10,元大-台中,2024-11-07,9812
4157,太景*-KY,10,0,10,元大-台中,2024-11-07,9812
0061,元大寶滬深,10,0,10,元大-台中,2024-11-07,9812
00655L,國泰中國A50正2,10,0,10,元大-台中,2024-11-07,9812
4542,科嶠,10,0,10,元大-台中,2024-11-07,9812
3227,原相,16,6,10,元大-台中,2024-11-07,9812
2851,中再保,9,0,9,元大-台中,2024-11-07,9812
3706,神達,2020,42,1978,元大-台中,2024-11-08,9812
00878,國泰永續高股息,564,36,528,元大-台中,2024-11-08,9812
3056,富華新,451,2,449,元大-台中,2024-11-08,9812
00632R,元大台灣50反1,247,0,247,元大-台中,2024-11-08,9812
00671R,富邦NASDAQ反1,133,0,133,元大-台中,2024-11-08,9812
00943,兆豐電子高息等權,117,0,117,元大-台中,2024-11-08,9812
6829,千附精密,90,0,90,元大-台中,2024-11-08,9812
00669R,國泰美國道瓊反1,90,0,90,元大-台中,2024-11-08,9812
2313,華通,86,1,85,元大-台中,2024-11-08,9812
00887,永豐中國科技50大,140,84,56,元大-台中,2024-11-08,9812
8033,雷虎,57,1,56,元大-台中,2024-11-08,9812
3062,建漢,163,114,49,元大-台中,2024-11-08,9812
00919,群益台灣精選高息,52,8,44,元大-台中,2024-11-08,9812
2009,第一銅,40,0,40,元大-台中,2024-11-08,9812
2354,鴻準,242,208,34,元大-台中,2024-11-08,9812
6835,圓裕,34,1,33,元大-台中,2024-11-08,9812
2889,國票金,33,0,33,元大-台中,2024-11-08,9812
00959B,大華投等美債15Y+,30,1,29,元大-台中,2024-11-08,9812
1785,光洋科,30,5,25,元大-台中,2024-11-08,9812
1569,濱川,24,3,21,元大-台中,2024-11-08,9812
4306,炎洲,21,1,20,元大-台中,2024-11-08,9812
2353,宏��,22,2,20,元大-台中,2024-11-08,9812
3290,東浦,21,2,19,元大-台中,2024-11-08,9812
2409,友達,18,1,17,元大-台中,2024-11-08,9812
1409,新纖,19,2,17,元大-台中,2024-11-08,9812
006208,富邦台50,18,1,17,元大-台中,2024-11-08,9812
8261,富鼎,25,9,16,元大-台中,2024-11-08,9812
6116,彩晶,16,0,16,元大-台中,2024-11-08,9812
3498,陽程,16,1,15,元大-台中,2024-11-08,9812
2905,三商,15,0,15,元大-台中,2024-11-08,9812
00915,凱基優選高股息30,15,0,15,元大-台中,2024-11-08,9812
6505,台塑化,14,0,14,元大-台中,2024-11-08,9812
8044,網家,22,8,14,元大-台中,2024-11-08,9812
2392,正崴,86,73,13,元大-台中,2024-11-08,9812
00712,復華富時不動產,13,0,13,元大-台中,2024-11-08,9812
8070,長華*,17,4,13,元大-台中,2024-11-08,9812
2401,凌陽,12,0,12,元大-台中,2024-11-08,9812
2338,光罩,12,0,12,元大-台中,2024-11-08,9812
8011,台通,17,6,11,元大-台中,2024-11-08,9812
4909,新復興,13,2,11,元大-台中,2024-11-08,9812
6133,金橋,11,0,11,元大-台中,2024-11-08,9812
3701,大眾控,12,2,10,元大-台中,2024-11-08,9812
00655L,國泰中國A50正2,20,10,10,元大-台中,2024-11-08,9812
5438,東友,12,2,10,元大-台中,2024-11-08,9812
1504,東元,10,0,10,元大-台中,2024-11-08,9812
5452,佶優,10,0,10,元大-台中,2024-11-08,9812
1605,華新,22,12,10,元大-台中,2024-11-08,9812
1531,高林股,17,7,10,元大-台中,2024-11-08,9812
5460,同協,12,2,10,元大-台中,2024-11-08,9812
00713,元大台灣高息低波,11,1,10,元大-台中,2024-11-08,9812
2888,新光金,900,17,883,元大-台中,2024-11-11,9812
4977,眾達-KY,305,2,303,元大-台中,2024-11-11,9812
2356,英業達,456,199,257,元大-台中,2024-11-11,9812
00878,國泰永續高股息,173,4,169,元大-台中,2024-11-11,9812
00753L,中信中國50正2,210,100,110,元大-台中,2024-11-11,9812
00665L,富邦�琤肭磪囓�2,101,2,99,元大-台中,2024-11-11,9812
1605,華新,91,4,87,元大-台中,2024-11-11,9812
2609,陽明,81,3,78,元大-台中,2024-11-11,9812
3481,群創,123,48,75,元大-台中,2024-11-11,9812
1314,中石化,73,0,73,元大-台中,2024-11-11,9812
00882,中信中國高股息,63,1,62,元大-台中,2024-11-11,9812
00664R,國泰臺灣加權反1,50,0,50,元大-台中,2024-11-11,9812
6919,康霈*,41,0,41,元大-台中,2024-11-11,9812
2069,運錩,40,0,40,元大-台中,2024-11-11,9812
2337,旺宏,33,0,33,元大-台中,2024-11-11,9812
4162,智擎,30,0,30,元大-台中,2024-11-11,9812
006208,富邦台50,30,1,29,元大-台中,2024-11-11,9812
3231,緯創,60,32,28,元大-台中,2024-11-11,9812
00891,中信關鍵半導體,27,0,27,元大-台中,2024-11-11,9812
1584,精剛,65,40,25,元大-台中,2024-11-11,9812
2409,友達,35,10,25,元大-台中,2024-11-11,9812
00915,凱基優選高股息30,24,0,24,元大-台中,2024-11-11,9812
4916,事欣科,81,59,22,元大-台中,2024-11-11,9812
3552,同致,22,1,21,元大-台中,2024-11-11,9812
2486,一詮,45,25,20,元大-台中,2024-11-11,9812
1785,光洋科,23,3,20,元大-台中,2024-11-11,9812
2889,國票金,20,0,20,元大-台中,2024-11-11,9812
00692,富邦公司治理,20,0,20,元大-台中,2024-11-11,9812
2392,正崴,61,42,19,元大-台中,2024-11-11,9812
2887,台新金,21,2,19,元大-台中,2024-11-11,9812
2646,星宇航空,28,9,19,元大-台中,2024-11-11,9812
1609,大亞,16,0,16,元大-台中,2024-11-11,9812
1447,力鵬,18,3,15,元大-台中,2024-11-11,9812
00910,第一金太空衛星,15,0,15,元大-台中,2024-11-11,9812
00715L,期街口布蘭特正2,17,2,15,元大-台中,2024-11-11,9812
3062,建漢,24,11,13,元大-台中,2024-11-11,9812
2313,華通,17,4,13,元大-台中,2024-11-11,9812
2605,新興,17,4,13,元大-台中,2024-11-11,9812
2353,宏��,12,0,12,元大-台中,2024-11-11,9812
2851,中再保,12,0,12,元大-台中,2024-11-11,9812
6245,立端,15,3,12,元大-台中,2024-11-11,9812
3715,定穎投控,12,0,12,元大-台中,2024-11-11,9812
6706,惠特,15,4,11,元大-台中,2024-11-11,9812
2349,錸德,28,17,11,元大-台中,2024-11-11,9812
00946,群益科技高息成長,11,0,11,元大-台中,2024-11-11,9812
00713,元大台灣高息低波,11,0,11,元大-台中,2024-11-11,9812
00932,兆豐永續高息等權,11,0,11,元大-台中,2024-11-11,9812
6191,精成科,10,0,10,元大-台中,2024-11-11,9812
2440,太空梭,10,0,10,元大-台中,2024-11-11,9812
00901,永豐智能車供應鏈,10,0,10,元大-台中,2024-11-11,9812
00919,群益台灣精選高息,495,7,488,元大-台中,2024-11-12,9812
00715L,期街口布蘭特正2,364,0,364,元大-台中,2024-11-12,9812
4931,新盛力,577,278,299,元大-台中,2024-11-12,9812
00878,國泰永續高股息,202,1,201,元大-台中,2024-11-12,9812
1314,中石化,132,3,129,元大-台中,2024-11-12,9812
2883,凱基金,114,0,114,元大-台中,2024-11-12,9812
00932,兆豐永續高息等權,101,0,101,元大-台中,2024-11-12,9812
6609,瀧澤科,86,1,85,元大-台中,2024-11-12,9812
0056,元大高股息,84,8,76,元大-台中,2024-11-12,9812
2002,中鋼,75,2,73,元大-台中,2024-11-12,9812
00887,永豐中國科技50大,102,29,73,元大-台中,2024-11-12,9812
00669R,國泰美國道瓊反1,70,0,70,元大-台中,2024-11-12,9812
00671R,富邦NASDAQ反1,70,0,70,元大-台中,2024-11-12,9812
00915,凱基優選高股息30,69,2,67,元大-台中,2024-11-12,9812
00712,復華富時不動產,70,13,57,元大-台中,2024-11-12,9812
3481,群創,54,1,53,元大-台中,2024-11-12,9812
2317,鴻海,67,15,52,元大-台中,2024-11-12,9812
006208,富邦台50,43,2,41,元大-台中,2024-11-12,9812
5014,建錩,40,0,40,元大-台中,2024-11-12,9812
00713,元大台灣高息低波,36,1,35,元大-台中,2024-11-12,9812
2888,新光金,41,6,35,元大-台中,2024-11-12,9812
3558,神準,34,1,33,元大-台中,2024-11-12,9812
3712,永崴投控,37,7,30,元大-台中,2024-11-12,9812
2069,運錩,38,8,30,元大-台中,2024-11-12,9812
2330,台積電,34,4,30,元大-台中,2024-11-12,9812
00905,FT臺灣Smart,27,0,27,元大-台中,2024-11-12,9812
00946,群益科技高息成長,27,0,27,元大-台中,2024-11-12,9812
1584,精剛,31,5,26,元大-台中,2024-11-12,9812
2615,萬海,58,33,25,元大-台中,2024-11-12,9812
00885,富邦越南,25,0,25,元大-台中,2024-11-12,9812
00943,兆豐電子高息等權,25,0,25,元大-台中,2024-11-12,9812
2344,華邦電,24,0,24,元大-台中,2024-11-12,9812
00642U,期元大S＆P石油,23,0,23,元大-台中,2024-11-12,9812
00953B,群益優選非投等債,25,2,23,元大-台中,2024-11-12,9812
3437,榮創,22,0,22,元大-台中,2024-11-12,9812
1527,鑽全,22,0,22,元大-台中,2024-11-12,9812
2312,金寶,34,12,22,元大-台中,2024-11-12,9812
00881,國泰台灣5G+,24,5,19,元大-台中,2024-11-12,9812
2363,矽統,34,15,19,元大-台中,2024-11-12,9812
00795B,中信美國公債20年,20,1,19,元大-台中,2024-11-12,9812
5871,中租-KY,21,2,19,元大-台中,2024-11-12,9812
5243,乙盛-KY,95,76,19,元大-台中,2024-11-12,9812
2356,英業達,137,119,18,元大-台中,2024-11-12,9812
6770,力積電,18,0,18,元大-台中,2024-11-12,9812
00753L,中信中國50正2,17,0,17,元大-台中,2024-11-12,9812
6133,金橋,17,0,17,元大-台中,2024-11-12,9812
3231,緯創,45,28,17,元大-台中,2024-11-12,9812
2892,第一金,16,0,16,元大-台中,2024-11-12,9812
3013,晟銘電,61,45,16,元大-台中,2024-11-12,9812
2609,陽明,96,80,16,元大-台中,2024-11-12,9812
3706,神達,1229,498,731,元大-台中,2024-11-13,9812
3015,全漢,632,325,307,元大-台中,2024-11-13,9812
00671R,富邦NASDAQ反1,190,0,190,元大-台中,2024-11-13,9812
00878,國泰永續高股息,155,2,153,元大-台中,2024-11-13,9812
00937B,群益ESG投等債20,152,42,110,元大-台中,2024-11-13,9812
3056,富華新,100,0,100,元大-台中,2024-11-13,9812
00680L,元大美債20正2,97,6,91,元大-台中,2024-11-13,9812
00669R,國泰美國道瓊反1,90,0,90,元大-台中,2024-11-13,9812
5258,虹堡,105,32,73,元大-台中,2024-11-13,9812
4991,環宇-KY,80,10,70,元大-台中,2024-11-13,9812
1504,東元,61,6,55,元大-台中,2024-11-13,9812
2891,中信金,63,10,53,元大-台中,2024-11-13,9812
2349,錸德,85,35,50,元大-台中,2024-11-13,9812
2354,鴻準,140,99,41,元大-台中,2024-11-13,9812
3481,群創,61,21,40,元大-台中,2024-11-13,9812
0056,元大高股息,37,2,35,元大-台中,2024-11-13,9812
1584,精剛,30,0,30,元大-台中,2024-11-13,9812
00679B,元大美債20年,32,3,29,元大-台中,2024-11-13,9812
00919,群益台灣精選高息,46,17,29,元大-台中,2024-11-13,9812
6216,居易,26,0,26,元大-台中,2024-11-13,9812
00915,凱基優選高股息30,25,0,25,元大-台中,2024-11-13,9812
2888,新光金,24,0,24,元大-台中,2024-11-13,9812
2392,正崴,58,37,21,元大-台中,2024-11-13,9812
2356,英業達,107,87,20,元大-台中,2024-11-13,9812
2363,矽統,23,3,20,元大-台中,2024-11-13,9812
2617,台航,30,10,20,元大-台中,2024-11-13,9812
6829,千附精密,20,0,20,元大-台中,2024-11-13,9812
1312,國喬,20,0,20,元大-台中,2024-11-13,9812
2344,華邦電,28,8,20,元大-台中,2024-11-13,9812
2609,陽明,49,29,20,元大-台中,2024-11-13,9812
00882,中信中國高股息,75,56,19,元大-台中,2024-11-13,9812
3211,順達,570,553,17,元大-台中,2024-11-13,9812
2303,聯電,21,5,16,元大-台中,2024-11-13,9812
00712,復華富時不動產,16,0,16,元大-台中,2024-11-13,9812
2610,華航,18,2,16,元大-台中,2024-11-13,9812
2834,臺企銀,15,0,15,元大-台中,2024-11-13,9812
00687B,國泰20年美債,18,2,16,元大-台中,2024-11-13,9812
1802,台玻,17,2,15,元大-台中,2024-11-13,9812
6712,長聖,15,0,15,元大-台中,2024-11-13,9812
2887,台新金,14,0,14,元大-台中,2024-11-13,9812
8107,大億金茂,14,0,14,元大-台中,2024-11-13,9812
00688L,國泰20年美債正2,14,0,14,元大-台中,2024-11-13,9812
5014,建錩,16,3,13,元大-台中,2024-11-13,9812
00795B,中信美國公債20年,13,0,13,元大-台中,2024-11-13,9812
0050,元大台灣50,13,0,13,元大-台中,2024-11-13,9812
2330,台積電,15,3,12,元大-台中,2024-11-13,9812
2892,第一金,12,0,12,元大-台中,2024-11-13,9812
8926,台汽電,12,0,12,元大-台中,2024-11-13,9812
00715L,期街口布蘭特正2,11,0,11,元大-台中,2024-11-13,9812
006208,富邦台50,13,1,12,元大-台中,2024-11-13,9812
00679B,元大美債20年,1077,13,1064,元大-台中,2024-11-14,9812
00671R,富邦NASDAQ反1,260,0,260,元大-台中,2024-11-14,9812
00878,國泰永續高股息,254,24,230,元大-台中,2024-11-14,9812
3056,富華新,220,3,217,元大-台中,2024-11-14,9812
00953B,群益優選非投等債,200,10,190,元大-台中,2024-11-14,9812
3090,日電貿,223,35,188,元大-台中,2024-11-14,9812
00929,復華台灣科技優息,145,11,134,元大-台中,2024-11-14,9812
00915,凱基優選高股息30,89,0,89,元大-台中,2024-11-14,9812
3481,群創,100,12,88,元大-台中,2024-11-14,9812
1504,東元,345,259,86,元大-台中,2024-11-14,9812
1314,中石化,68,1,67,元大-台中,2024-11-14,9812
00680L,元大美債20正2,127,60,67,元大-台中,2024-11-14,9812
00725B,國泰投資級公司債,65,0,65,元大-台中,2024-11-14,9812
00919,群益台灣精選高息,73,11,62,元大-台中,2024-11-14,9812
0056,元大高股息,61,2,59,元大-台中,2024-11-14,9812
00887,永豐中國科技50大,58,9,49,元大-台中,2024-11-14,9812
3551,世禾,54,5,49,元大-台中,2024-11-14,9812
00932,兆豐永續高息等權,45,0,45,元大-台中,2024-11-14,9812
00753L,中信中國50正2,48,10,38,元大-台中,2024-11-14,9812
00940,元大台灣價值高息,52,20,32,元大-台中,2024-11-14,9812
2344,華邦電,50,19,31,元大-台中,2024-11-14,9812
5880,合庫金,31,0,31,元大-台中,2024-11-14,9812
2303,聯電,42,12,30,元大-台中,2024-11-14,9812
00655L,國泰中國A50正2,30,0,30,元大-台中,2024-11-14,9812
2476,鉅祥,33,4,29,元大-台中,2024-11-14,9812
2317,鴻海,33,6,27,元大-台中,2024-11-14,9812
00665L,富邦�琤肭磪囓�2,24,0,24,元大-台中,2024-11-14,9812
00930,永豐ESG低碳高息,21,0,21,元大-台中,2024-11-14,9812
2033,佳大,21,0,21,元大-台中,2024-11-14,9812
2349,錸德,26,5,21,元大-台中,2024-11-14,9812
006208,富邦台50,22,2,20,元大-台中,2024-11-14,9812
1584,精剛,20,0,20,元大-台中,2024-11-14,9812
1815,富喬,20,0,20,元大-台中,2024-11-14,9812
3231,緯創,33,15,18,元大-台中,2024-11-14,9812
1342,八貫,18,0,18,元大-台中,2024-11-14,9812
1301,台塑,17,0,17,元大-台中,2024-11-14,9812
00720B,元大投資級公司債,16,0,16,元大-台中,2024-11-14,9812
2405,輔信,21,5,16,元大-台中,2024-11-14,9812
1303,南亞,15,0,15,元大-台中,2024-11-14,9812
2337,旺宏,15,0,15,元大-台中,2024-11-14,9812
4306,炎洲,15,0,15,元大-台中,2024-11-14,9812
00654R,富邦印度反1,15,0,15,元大-台中,2024-11-14,9812
0050,元大台灣50,19,4,15,元大-台中,2024-11-14,9812
00952,凱基台灣AI50,14,0,14,元大-台中,2024-11-14,9812
00751B,元大AAA至A公司債,14,0,14,元大-台中,2024-11-14,9812
8032,光菱,13,0,13,元大-台中,2024-11-14,9812
2002,中鋼,14,1,13,元大-台中,2024-11-14,9812
1785,光洋科,14,1,13,元大-台中,2024-11-14,9812
1708,東鹼,14,1,13,元大-台中,2024-11-14,9812
3211,順達,149,137,12,元大-台中,2024-11-14,9812
2312,金寶,13855,9573,4282,元大-台中,2024-11-15,9812
0056,元大高股息,280,1,279,元大-台中,2024-11-15,9812
3056,富華新,220,7,213,元大-台中,2024-11-15,9812
00878,國泰永續高股息,198,3,195,元大-台中,2024-11-15,9812
4102,永日,89,0,89,元大-台中,2024-11-15,9812
00934,中信成長高股息,90,1,89,元大-台中,2024-11-15,9812
00937B,群益ESG投等債20,112,36,76,元大-台中,2024-11-15,9812
2382,廣達,92,18,74,元大-台中,2024-11-15,9812
00887,永豐中國科技50大,74,1,73,元大-台中,2024-11-15,9812
2317,鴻海,90,24,66,元大-台中,2024-11-15,9812
00679B,元大美債20年,62,5,57,元大-台中,2024-11-15,9812
1504,東元,372,321,51,元大-台中,2024-11-15,9812
00637L,元大滬深300正2,228,180,48,元大-台中,2024-11-15,9812
00953B,群益優選非投等債,42,0,42,元大-台中,2024-11-15,9812
3706,神達,771,729,42,元大-台中,2024-11-15,9812
2399,映泰,42,1,41,元大-台中,2024-11-15,9812
2883,凱基金,66,25,41,元大-台中,2024-11-15,9812
8996,高力,41,1,40,元大-台中,2024-11-15,9812
2324,仁寶,47,9,38,元大-台中,2024-11-15,9812
9105,泰金寶-DR,184,146,38,元大-台中,2024-11-15,9812
00688L,國泰20年美債正2,38,0,38,元大-台中,2024-11-15,9812
1313,聯成,30,0,30,元大-台中,2024-11-15,9812
2356,英業達,27,3,24,元大-台中,2024-11-15,9812
1605,華新,22,1,21,元大-台中,2024-11-15,9812
1785,光洋科,21,1,20,元大-台中,2024-11-15,9812
3551,世禾,20,0,20,元大-台中,2024-11-15,9812
8929,富堡,20,0,20,元大-台中,2024-11-15,9812
3202,樺晟,20,0,20,元大-台中,2024-11-15,9812
3231,緯創,28,9,19,元大-台中,2024-11-15,9812
6443,元晶,22,3,19,元大-台中,2024-11-15,9812
9958,世紀鋼,21,3,18,元大-台中,2024-11-15,9812
00713,元大台灣高息低波,17,0,17,元大-台中,2024-11-15,9812
00929,復華台灣科技優息,25,9,16,元大-台中,2024-11-15,9812
4714,永捷,14,0,14,元大-台中,2024-11-15,9812
2474,可成,13,0,13,元大-台中,2024-11-15,9812
00715L,期街口布蘭特正2,24,11,13,元大-台中,2024-11-15,9812
1326,台化,13,1,12,元大-台中,2024-11-15,9812
4931,新盛力,18,7,11,元大-台中,2024-11-15,9812
006208,富邦台50,13,3,10,元大-台中,2024-11-15,9812
2845,遠東銀,10,0,10,元大-台中,2024-11-15,9812
3704,合勤控,13,3,10,元大-台中,2024-11-15,9812
00946,群益科技高息成長,10,0,10,元大-台中,2024-11-15,9812
2617,台航,10,0,10,元大-台中,2024-11-15,9812
4915,致伸,10,0,10,元大-台中,2024-11-15,9812
3293,鈊象,12,2,10,元大-台中,2024-11-15,9812
4979,華星光,21,12,9,元大-台中,2024-11-15,9812
1609,大亞,10,1,9,元大-台中,2024-11-15,9812
2353,宏��,11,3,8,元大-台中,2024-11-15,9812
00882,中信中國高股息,9,1,8,元大-台中,2024-11-15,9812
2646,星宇航空,14,6,8,元大-台中,2024-11-15,9812
00688L,國泰20年美債正2,320,20,300,元大-台中,2024-11-18,9812
00878,國泰永續高股息,240,2,238,元大-台中,2024-11-18,9812
2888,新光金,220,32,188,元大-台中,2024-11-18,9812
9105,泰金寶-DR,358,243,115,元大-台中,2024-11-18,9812
00929,復華台灣科技優息,115,6,109,元大-台中,2024-11-18,9812
2354,鴻準,258,167,91,元大-台中,2024-11-18,9812
00671R,富邦NASDAQ反1,103,13,90,元大-台中,2024-11-18,9812
8044,網家,147,78,69,元大-台中,2024-11-18,9812
0056,元大高股息,56,3,53,元大-台中,2024-11-18,9812
2356,英業達,171,124,47,元大-台中,2024-11-18,9812
2881,富邦金,49,4,45,元大-台中,2024-11-18,9812
00915,凱基優選高股息30,39,0,39,元大-台中,2024-11-18,9812
6133,金橋,38,1,37,元大-台中,2024-11-18,9812
1785,光洋科,37,1,36,元大-台中,2024-11-18,9812
2344,華邦電,34,0,34,元大-台中,2024-11-18,9812
2401,凌陽,33,0,33,元大-台中,2024-11-18,9812
00655L,國泰中國A50正2,30,0,30,元大-台中,2024-11-18,9812
2646,星宇航空,32,2,30,元大-台中,2024-11-18,9812
2317,鴻海,34,6,28,元大-台中,2024-11-18,9812
00679B,元大美債20年,69,46,23,元大-台中,2024-11-18,9812
1342,八貫,23,0,23,元大-台中,2024-11-18,9812
00940,元大台灣價值高息,25,4,21,元大-台中,2024-11-18,9812
00715L,期街口布蘭特正2,21,0,21,元大-台中,2024-11-18,9812
00891,中信關鍵半導體,21,0,21,元大-台中,2024-11-18,9812
1446,宏和,31,11,20,元大-台中,2024-11-18,9812
2374,佳能,18,0,18,元大-台中,2024-11-18,9812
00881,國泰台灣5G+,16,0,16,元大-台中,2024-11-18,9812
8028,昇陽半導體,19,3,16,元大-台中,2024-11-18,9812
00943,兆豐電子高息等權,15,0,15,元大-台中,2024-11-18,9812
2382,廣達,24,9,15,元大-台中,2024-11-18,9812
0050,元大台灣50,13,0,13,元大-台中,2024-11-18,9812
4729,熒茂,18,5,13,元大-台中,2024-11-18,9812
3090,日電貿,53,40,13,元大-台中,2024-11-18,9812
00932,兆豐永續高息等權,21,9,12,元大-台中,2024-11-18,9812
1217,愛之味,13,1,12,元大-台中,2024-11-18,9812
006208,富邦台50,13,1,12,元大-台中,2024-11-18,9812
00919,群益台灣精選高息,16,4,12,元大-台中,2024-11-18,9812
2449,京元電子,36,25,11,元大-台中,2024-11-18,9812
00948B,中信優息投資級債,11,0,11,元大-台中,2024-11-18,9812
6285,啟��,10,0,10,元大-台中,2024-11-18,9812
00905,FT臺灣Smart,10,0,10,元大-台中,2024-11-18,9812
00937B,群益ESG投等債20,15,5,10,元大-台中,2024-11-18,9812
2887,台新金,10,0,10,元大-台中,2024-11-18,9812
00642U,期元大S＆P石油,10,0,10,元大-台中,2024-11-18,9812
3511,矽瑪,20,10,10,元大-台中,2024-11-18,9812
006206,元大上證50,10,0,10,元大-台中,2024-11-18,9812
1802,台玻,10,0,10,元大-台中,2024-11-18,9812
5388,中磊,9,0,9,元大-台中,2024-11-18,9812
3049,精金,10,1,9,元大-台中,2024-11-18,9812
2605,新興,10,1,9,元大-台中,2024-11-18,9812
6558,興能高,304,2,302,元大-台中,2024-11-19,9812
3231,緯創,314,17,297,元大-台中,2024-11-19,9812
1569,濱川,216,2,214,元大-台中,2024-11-19,9812
2303,聯電,60,7,53,元大-台中,2024-11-19,9812
1712,興農,50,0,50,元大-台中,2024-11-19,9812
00637L,元大滬深300正2,421,375,46,元大-台中,2024-11-19,9812
00878,國泰永續高股息,50,7,43,元大-台中,2024-11-19,9812
2349,錸德,78,36,42,元大-台中,2024-11-19,9812
2317,鴻海,39,5,34,元大-台中,2024-11-19,9812
00664R,國泰臺灣加權反1,71,40,31,元大-台中,2024-11-19,9812
2883,凱基金,30,4,26,元大-台中,2024-11-19,9812
2027,大成鋼,28,3,25,元大-台中,2024-11-19,9812
2392,正崴,51,28,23,元大-台中,2024-11-19,9812
2543,皇昌,24,2,22,元大-台中,2024-11-19,9812
00665L,富邦�琤肭磪囓�2,21,0,21,元大-台中,2024-11-19,9812
2382,廣達,26,6,20,元大-台中,2024-11-19,9812
1605,華新,23,7,16,元大-台中,2024-11-19,9812
00887,永豐中國科技50大,16,0,16,元大-台中,2024-11-19,9812
3481,群創,19,3,16,元大-台中,2024-11-19,9812
4931,新盛力,18,3,15,元大-台中,2024-11-19,9812
00673R,期元大S＆P原油反1,15,0,15,元大-台中,2024-11-19,9812
4956,光鋐,15,0,15,元大-台中,2024-11-19,9812
1504,東元,135,120,15,元大-台中,2024-11-19,9812
6126,信音,16,2,14,元大-台中,2024-11-19,9812
00881,國泰台灣5G+,13,0,13,元大-台中,2024-11-19,9812
8104,錸寶,29,16,13,元大-台中,2024-11-19,9812
00713,元大台灣高息低波,13,1,12,元大-台中,2024-11-19,9812
4979,華星光,33,21,12,元大-台中,2024-11-19,9812
2476,鉅祥,13,1,12,元大-台中,2024-11-19,9812
6116,彩晶,12,0,12,元大-台中,2024-11-19,9812
2413,環科,12,1,11,元大-台中,2024-11-19,9812
1909,榮成,10,0,10,元大-台中,2024-11-19,9812
5531,鄉林,10,0,10,元大-台中,2024-11-19,9812
4903,聯光通,10,1,9,元大-台中,2024-11-19,9812
3032,偉訓,35,26,9,元大-台中,2024-11-19,9812
1711,永光,10,2,8,元大-台中,2024-11-19,9812
1432,大魯閣,8,0,8,元大-台中,2024-11-19,9812
1815,富喬,10,2,8,元大-台中,2024-11-19,9812
2467,志聖,12,4,8,元大-台中,2024-11-19,9812
2605,新興,11,3,8,元大-台中,2024-11-19,9812
2324,仁寶,8,0,8,元大-台中,2024-11-19,9812
00753L,中信中國50正2,7,0,7,元大-台中,2024-11-19,9812
6763,綠界科技*,8,1,7,元大-台中,2024-11-19,9812
2891,中信金,9,3,6,元大-台中,2024-11-19,9812
8070,長華*,7,1,6,元大-台中,2024-11-19,9812
5213,亞昕,6,0,6,元大-台中,2024-11-19,9812
1524,耿鼎,7,1,6,元大-台中,2024-11-19,9812
2431,聯昌,15,9,6,元大-台中,2024-11-19,9812
2332,友訊,17,11,6,元大-台中,2024-11-19,9812
2356,英業達,56,50,6,元大-台中,2024-11-19,9812
8171,天宇,475,17,458,元大-台中,2024-11-20,9812
3056,富華新,200,1,199,元大-台中,2024-11-20,9812
3090,日電貿,197,21,176,元大-台中,2024-11-20,9812
2605,新興,103,6,97,元大-台中,2024-11-20,9812
2354,鴻準,208,141,67,元大-台中,2024-11-20,9812
4148,全宇生技-KY,45,0,45,元大-台中,2024-11-20,9812
00655L,國泰中國A50正2,40,0,40,元大-台中,2024-11-20,9812
00960,野村全球航運龍頭,41,1,40,元大-台中,2024-11-20,9812
00675L,富邦臺灣加權正2,41,7,34,元大-台中,2024-11-20,9812
2845,遠東銀,30,0,30,元大-台中,2024-11-20,9812
00664R,國泰臺灣加權反1,30,0,30,元大-台中,2024-11-20,9812
00715L,期街口布蘭特正2,30,1,29,元大-台中,2024-11-20,9812
00712,復華富時不動產,27,0,27,元大-台中,2024-11-20,9812
3576,聯合再生,26,0,26,元大-台中,2024-11-20,9812
2634,漢翔,25,0,25,元大-台中,2024-11-20,9812
1504,東元,327,302,25,元大-台中,2024-11-20,9812
00665L,富邦�琤肭磪囓�2,30,6,24,元大-台中,2024-11-20,9812
3706,神達,420,397,23,元大-台中,2024-11-20,9812
3447,展達,36,14,22,元大-台中,2024-11-20,9812
00878,國泰永續高股息,30,9,21,元大-台中,2024-11-20,9812
5398,慕康生醫,22,2,20,元大-台中,2024-11-20,9812
6216,居易,20,0,20,元大-台中,2024-11-20,9812
6770,力積電,20,0,20,元大-台中,2024-11-20,9812
00922,國泰台灣領袖50,19,1,18,元大-台中,2024-11-20,9812
8044,網家,25,8,17,元大-台中,2024-11-20,9812
2353,宏��,17,1,16,元大-台中,2024-11-20,9812
2374,佳能,16,0,16,元大-台中,2024-11-20,9812
3580,友威科,18,2,16,元大-台中,2024-11-20,9812
2356,英業達,87,71,16,元大-台中,2024-11-20,9812
2371,大同,16,1,15,元大-台中,2024-11-20,9812
2338,光罩,15,0,15,元大-台中,2024-11-20,9812
00915,凱基優選高股息30,14,0,14,元大-台中,2024-11-20,9812
0056,元大高股息,17,3,14,元大-台中,2024-11-20,9812
0050,元大台灣50,13,0,13,元大-台中,2024-11-20,9812
3323,加百裕,31,18,13,元大-台中,2024-11-20,9812
00929,復華台灣科技優息,26,15,11,元大-台中,2024-11-20,9812
2527,宏璟,11,0,11,元大-台中,2024-11-20,9812
1802,台玻,10,0,10,元大-台中,2024-11-20,9812
00882,中信中國高股息,11,1,10,元大-台中,2024-11-20,9812
6126,信音,10,0,10,元大-台中,2024-11-20,9812
5531,鄉林,10,0,10,元大-台中,2024-11-20,9812
2330,台積電,14,5,9,元大-台中,2024-11-20,9812
3167,大量,11,3,8,元大-台中,2024-11-20,9812
2009,第一銅,10,2,8,元大-台中,2024-11-20,9812
2449,京元電子,25,17,8,元大-台中,2024-11-20,9812
2542,興富發,7,0,7,元大-台中,2024-11-20,9812
5438,東友,9,2,7,元大-台中,2024-11-20,9812
2408,南亞科,9,2,7,元大-台中,2024-11-20,9812
1503,士電,7,0,7,元大-台中,2024-11-20,9812
2885,元大金,9,3,6,元大-台中,2024-11-20,9812
8171,天宇,455,0,455,元大-台中,2024-11-21,9812
00937B,群益ESG投等債20,257,20,237,元大-台中,2024-11-21,9812
3511,矽瑪,423,266,157,元大-台中,2024-11-21,9812
5309,系統電,738,643,95,元大-台中,2024-11-21,9812
3090,日電貿,94,20,74,元大-台中,2024-11-21,9812
00878,國泰永續高股息,67,4,63,元大-台中,2024-11-21,9812
00882,中信中國高股息,50,6,44,元大-台中,2024-11-21,9812
2208,台船,42,0,42,元大-台中,2024-11-21,9812
3354,律勝,41,0,41,元大-台中,2024-11-21,9812
2881,富邦金,47,8,39,元大-台中,2024-11-21,9812
00887,永豐中國科技50大,40,1,39,元大-台中,2024-11-21,9812
2303,聯電,45,7,38,元大-台中,2024-11-21,9812
00907,永豐優息存股,30,0,30,元大-台中,2024-11-21,9812
2317,鴻海,45,19,26,元大-台中,2024-11-21,9812
2027,大成鋼,30,4,26,元大-台中,2024-11-21,9812
2204,中華,90,67,23,元大-台中,2024-11-21,9812
8033,雷虎,21,0,21,元大-台中,2024-11-21,9812
2890,永豐金,20,0,20,元大-台中,2024-11-21,9812
00959B,大華投等美債15Y+,20,0,20,元大-台中,2024-11-21,9812
0050,元大台灣50,21,2,19,元大-台中,2024-11-21,9812
006208,富邦台50,20,1,19,元大-台中,2024-11-21,9812
8163,達方,15,0,15,元大-台中,2024-11-21,9812
2354,鴻準,85,70,15,元大-台中,2024-11-21,9812
2330,台積電,21,7,14,元大-台中,2024-11-21,9812
1301,台塑,13,1,12,元大-台中,2024-11-21,9812
3580,友威科,12,1,11,元大-台中,2024-11-21,9812
2312,金寶,108,97,11,元大-台中,2024-11-21,9812
2376,技嘉,16,5,11,元大-台中,2024-11-21,9812
1587,吉茂,10,0,10,元大-台中,2024-11-21,9812
3227,原相,10,0,10,元大-台中,2024-11-21,9812
6443,元晶,10,0,10,元大-台中,2024-11-21,9812
3702,大聯大,10,0,10,元大-台中,2024-11-21,9812
2929,淘帝-KY,10,0,10,元大-台中,2024-11-21,9812
4956,光鋐,18,8,10,元大-台中,2024-11-21,9812
1909,榮成,10,0,10,元大-台中,2024-11-21,9812
00923,群益台ESG低碳50,10,0,10,元大-台中,2024-11-21,9812
3290,東浦,13,3,10,元大-台中,2024-11-21,9812
00943,兆豐電子高息等權,9,0,9,元大-台中,2024-11-21,9812
2886,兆豐金,9,0,9,元大-台中,2024-11-21,9812
2332,友訊,15,6,9,元大-台中,2024-11-21,9812
2609,陽明,109,100,9,元大-台中,2024-11-21,9812
9105,泰金寶-DR,282,274,8,元大-台中,2024-11-21,9812
3704,合勤控,7,0,7,元大-台中,2024-11-21,9812
5388,中磊,7,0,7,元大-台中,2024-11-21,9812
1326,台化,7,0,7,元大-台中,2024-11-21,9812
2634,漢翔,9,2,7,元大-台中,2024-11-21,9812
00713,元大台灣高息低波,7,0,7,元大-台中,2024-11-21,9812
00830,國泰費城半導體,7,0,7,元大-台中,2024-11-21,9812
1303,南亞,6,0,6,元大-台中,2024-11-21,9812
2413,環科,8,2,6,元大-台中,2024-11-21,9812
2392,正崴,511,15,496,元大-台中,2024-11-22,9812
00930,永豐ESG低碳高息,92,0,92,元大-台中,2024-11-22,9812
2356,英業達,93,36,57,元大-台中,2024-11-22,9812
5009,榮剛,58,1,57,元大-台中,2024-11-22,9812
00665L,富邦�琤肭磪囓�2,65,10,55,元大-台中,2024-11-22,9812
6770,力積電,54,0,54,元大-台中,2024-11-22,9812
00887,永豐中國科技50大,56,3,53,元大-台中,2024-11-22,9812
3033,威健,51,0,51,元大-台中,2024-11-22,9812
0056,元大高股息,63,12,51,元大-台中,2024-11-22,9812
3090,日電貿,50,0,50,元大-台中,2024-11-22,9812
2609,陽明,113,64,49,元大-台中,2024-11-22,9812
00637L,元大滬深300正2,113,69,44,元大-台中,2024-11-22,9812
1584,精剛,40,0,40,元大-台中,2024-11-22,9812
00753L,中信中國50正2,40,0,40,元大-台中,2024-11-22,9812
2303,聯電,35,0,35,元大-台中,2024-11-22,9812
00664R,國泰臺灣加權反1,32,0,32,元大-台中,2024-11-22,9812
4162,智擎,32,0,32,元大-台中,2024-11-22,9812
4729,熒茂,60,31,29,元大-台中,2024-11-22,9812
00632R,元大台灣50反1,26,1,25,元大-台中,2024-11-22,9812
2308,台達電,26,2,24,元大-台中,2024-11-22,9812
00909,國泰數位支付服務,23,1,22,元大-台中,2024-11-22,9812
6558,興能高,32,10,22,元大-台中,2024-11-22,9812
2354,鴻準,90,68,22,元大-台中,2024-11-22,9812
1785,光洋科,22,1,21,元大-台中,2024-11-22,9812
2402,毅嘉,23,2,21,元大-台中,2024-11-22,9812
00878,國泰永續高股息,24,4,20,元大-台中,2024-11-22,9812
00959B,大華投等美債15Y+,20,0,20,元大-台中,2024-11-22,9812
6288,聯嘉,42,22,20,元大-台中,2024-11-22,9812
8926,台汽電,20,0,20,元大-台中,2024-11-22,9812
3706,神達,394,374,20,元大-台中,2024-11-22,9812
1314,中石化,19,0,19,元大-台中,2024-11-22,9812
00940,元大台灣價值高息,32,14,18,元大-台中,2024-11-22,9812
2486,一詮,17,2,15,元大-台中,2024-11-22,9812
2615,萬海,27,14,13,元大-台中,2024-11-22,9812
00915,凱基優選高股息30,12,0,12,元大-台中,2024-11-22,9812
3338,泰碩,15,3,12,元大-台中,2024-11-22,9812
1809,中釉,53,41,12,元大-台中,2024-11-22,9812
1303,南亞,13,2,11,元大-台中,2024-11-22,9812
2867,三商壽,11,0,11,元大-台中,2024-11-22,9812
2605,新興,11,0,11,元大-台中,2024-11-22,9812
4102,永日,11,0,11,元大-台中,2024-11-22,9812
8104,錸寶,49,38,11,元大-台中,2024-11-22,9812
3323,加百裕,148,138,10,元大-台中,2024-11-22,9812
00950B,凱基A級公司債,10,0,10,元大-台中,2024-11-22,9812
00673R,期元大S＆P原油反1,10,0,10,元大-台中,2024-11-22,9812
2328,廣宇,10,0,10,元大-台中,2024-11-22,9812
2539,櫻花建,12,2,10,元大-台中,2024-11-22,9812
1609,大亞,15,6,9,元大-台中,2024-11-22,9812
1582,信錦,9,0,9,元大-台中,2024-11-22,9812
5876,上海商銀,9,0,9,元大-台中,2024-11-22,9812
8042,金山電,389,1,388,元大-台中,2024-11-25,9812
2887,台新金,362,1,361,元大-台中,2024-11-25,9812
9105,泰金寶-DR,578,226,352,元大-台中,2024-11-25,9812
3029,零壹,980,666,314,元大-台中,2024-11-25,9812
3712,永崴投控,215,42,173,元大-台中,2024-11-25,9812
3363,上詮,103,3,100,元大-台中,2024-11-25,9812
3003,健和興,101,4,97,元大-台中,2024-11-25,9812
2312,金寶,410,341,69,元大-台中,2024-11-25,9812
5876,上海商銀,52,0,52,元大-台中,2024-11-25,9812
2883,凱基金,100,48,52,元大-台中,2024-11-25,9812
00637L,元大滬深300正2,61,11,50,元大-台中,2024-11-25,9812
00930,永豐ESG低碳高息,63,14,49,元大-台中,2024-11-25,9812
2618,長榮航,56,8,48,元大-台中,2024-11-25,9812
00887,永豐中國科技50大,47,2,45,元大-台中,2024-11-25,9812
1802,台玻,70,28,42,元大-台中,2024-11-25,9812
00919,群益台灣精選高息,39,2,37,元大-台中,2024-11-25,9812
6118,建達,31,0,31,元大-台中,2024-11-25,9812
1584,精剛,30,0,30,元大-台中,2024-11-25,9812
2609,陽明,117,88,29,元大-台中,2024-11-25,9812
00680L,元大美債20正2,30,3,27,元大-台中,2024-11-25,9812
2374,佳能,29,3,26,元大-台中,2024-11-25,9812
6919,康霈*,25,0,25,元大-台中,2024-11-25,9812
00632R,元大台灣50反1,25,1,24,元大-台中,2024-11-25,9812
00882,中信中國高股息,25,5,20,元大-台中,2024-11-25,9812
2501,國建,20,0,20,元大-台中,2024-11-25,9812
5340,建榮,20,0,20,元大-台中,2024-11-25,9812
00910,第一金太空衛星,19,0,19,元大-台中,2024-11-25,9812
2834,臺企銀,20,3,17,元大-台中,2024-11-25,9812
6443,元晶,22,5,17,元大-台中,2024-11-25,9812
00878,國泰永續高股息,26,11,15,元大-台中,2024-11-25,9812
1616,億泰,15,0,15,元大-台中,2024-11-25,9812
5009,榮剛,15,0,15,元大-台中,2024-11-25,9812
2867,三商壽,15,0,15,元大-台中,2024-11-25,9812
00720B,元大投資級公司債,20,5,15,元大-台中,2024-11-25,9812
00946,群益科技高息成長,20,6,14,元大-台中,2024-11-25,9812
2330,台積電,21,7,14,元大-台中,2024-11-25,9812
3037,欣興,18,5,13,元大-台中,2024-11-25,9812
3290,東浦,14,1,13,元大-台中,2024-11-25,9812
3511,矽瑪,30,17,13,元大-台中,2024-11-25,9812
1524,耿鼎,31,18,13,元大-台中,2024-11-25,9812
2301,光寶科,22,10,12,元大-台中,2024-11-25,9812
2603,長榮,35,23,12,元大-台中,2024-11-25,9812
00932,兆豐永續高息等權,12,0,12,元大-台中,2024-11-25,9812
6425,易發,13,2,11,元大-台中,2024-11-25,9812
00881,國泰台灣5G+,10,0,10,元大-台中,2024-11-25,9812
00934,中信成長高股息,10,1,9,元大-台中,2024-11-25,9812
2460,建通,9,0,9,元大-台中,2024-11-25,9812
00891,中信關鍵半導體,11,2,9,元大-台中,2024-11-25,9812
2615,萬海,49,40,9,元大-台中,2024-11-25,9812
2404,漢唐,10,2,8,元大-台中,2024-11-25,9812
1536,和大,1494,79,1415,元大-台中,2024-11-26,9812
2887,台新金,641,3,638,元大-台中,2024-11-26,9812
2317,鴻海,120,9,111,元大-台中,2024-11-26,9812
2412,中華電,88,0,88,元大-台中,2024-11-26,9812
00753L,中信中國50正2,81,0,81,元大-台中,2024-11-26,9812
5309,系統電,123,46,77,元大-台中,2024-11-26,9812
00953B,群益優選非投等債,63,0,63,元大-台中,2024-11-26,9812
3597,映興,75,15,60,元大-台中,2024-11-26,9812
00931B,統一美債20年,60,0,60,元大-台中,2024-11-26,9812
2344,華邦電,64,6,58,元大-台中,2024-11-26,9812
1504,東元,59,1,58,元大-台中,2024-11-26,9812
00951,台新日本半導體,55,0,55,元大-台中,2024-11-26,9812
2353,宏��,55,1,54,元大-台中,2024-11-26,9812
8033,雷虎,84,32,52,元大-台中,2024-11-26,9812
00943,兆豐電子高息等權,50,0,50,元大-台中,2024-11-26,9812
2630,亞航,40,1,39,元大-台中,2024-11-26,9812
1815,富喬,113,76,37,元大-台中,2024-11-26,9812
8936,國統,37,0,37,元大-台中,2024-11-26,9812
00919,群益台灣精選高息,44,10,34,元大-台中,2024-11-26,9812
3706,神達,174,140,34,元大-台中,2024-11-26,9812
00713,元大台灣高息低波,33,0,33,元大-台中,2024-11-26,9812
8222,寶一,30,0,30,元大-台中,2024-11-26,9812
00878,國泰永續高股息,36,7,29,元大-台中,2024-11-26,9812
3231,緯創,45,20,25,元大-台中,2024-11-26,9812
0050,元大台灣50,25,0,25,元大-台中,2024-11-26,9812
00915,凱基優選高股息30,23,0,23,元大-台中,2024-11-26,9812
6962,ITH-KY,26,5,21,元大-台中,2024-11-26,9812
00887,永豐中國科技50大,21,0,21,元大-台中,2024-11-26,9812
1802,台玻,22,1,21,元大-台中,2024-11-26,9812
2881,富邦金,21,1,20,元大-台中,2024-11-26,9812
00637L,元大滬深300正2,60,40,20,元大-台中,2024-11-26,9812
6133,金橋,22,3,19,元大-台中,2024-11-26,9812
6443,元晶,20,1,19,元大-台中,2024-11-26,9812
2009,第一銅,17,0,17,元大-台中,2024-11-26,9812
2330,台積電,20,4,16,元大-台中,2024-11-26,9812
2634,漢翔,27,11,16,元大-台中,2024-11-26,9812
8926,台汽電,15,0,15,元大-台中,2024-11-26,9812
7402,邑錡,15,0,15,元大-台中,2024-11-26,9812
5474,聰泰,16,1,15,元大-台中,2024-11-26,9812
006208,富邦台50,19,5,14,元大-台中,2024-11-26,9812
2313,華通,17,4,13,元大-台中,2024-11-26,9812
2303,聯電,19,6,13,元大-台中,2024-11-26,9812
2419,仲琦,29,17,12,元大-台中,2024-11-26,9812
2867,三商壽,12,0,12,元大-台中,2024-11-26,9812
00905,FT臺灣Smart,11,0,11,元大-台中,2024-11-26,9812
00946,群益科技高息成長,11,0,11,元大-台中,2024-11-26,9812
2382,廣達,51,40,11,元大-台中,2024-11-26,9812
2408,南亞科,11,1,10,元大-台中,2024-11-26,9812
5531,鄉林,10,0,10,元大-台中,2024-11-26,9812
3481,群創,18,8,10,元大-台中,2024-11-26,9812
4971,IET-KY,1009,4,1005,元大-台中,2024-11-27,9812
2412,中華電,162,1,161,元大-台中,2024-11-27,9812
00919,群益台灣精選高息,155,11,144,元大-台中,2024-11-27,9812
00878,國泰永續高股息,128,3,125,元大-台中,2024-11-27,9812
6117,迎廣,100,7,93,元大-台中,2024-11-27,9812
0056,元大高股息,100,14,86,元大-台中,2024-11-27,9812
00929,復華台灣科技優息,88,3,85,元大-台中,2024-11-27,9812
00940,元大台灣價值高息,84,16,68,元大-台中,2024-11-27,9812
4102,永日,65,0,65,元大-台中,2024-11-27,9812
2002,中鋼,68,4,64,元大-台中,2024-11-27,9812
2317,鴻海,87,25,62,元大-台中,2024-11-27,9812
1584,精剛,60,0,60,元大-台中,2024-11-27,9812
2344,華邦電,68,12,56,元大-台中,2024-11-27,9812
2609,陽明,188,138,50,元大-台中,2024-11-27,9812
00706L,期元大S＆P日圓正2,50,0,50,元大-台中,2024-11-27,9812
00918,大華優利高填息30,44,0,44,元大-台中,2024-11-27,9812
3231,緯創,72,31,41,元大-台中,2024-11-27,9812
1504,東元,82,42,40,元大-台中,2024-11-27,9812
2330,台積電,37,1,36,元大-台中,2024-11-27,9812
2615,萬海,69,36,33,元大-台中,2024-11-27,9812
6175,立敦,32,1,31,元大-台中,2024-11-27,9812
00930,永豐ESG低碳高息,33,4,29,元大-台中,2024-11-27,9812
1605,華新,29,0,29,元大-台中,2024-11-27,9812
00915,凱基優選高股息30,28,0,28,元大-台中,2024-11-27,9812
2885,元大金,40,13,27,元大-台中,2024-11-27,9812
2233,宇隆,32,6,26,元大-台中,2024-11-27,9812
4562,穎漢,53,28,25,元大-台中,2024-11-27,9812
8936,國統,25,0,25,元大-台中,2024-11-27,9812
2603,長榮,28,4,24,元大-台中,2024-11-27,9812
006208,富邦台50,22,0,22,元大-台中,2024-11-27,9812
2204,中華,27,9,18,元大-台中,2024-11-27,9812
1815,富喬,72,54,18,元大-台中,2024-11-27,9812
8107,大億金茂,18,0,18,元大-台中,2024-11-27,9812
2382,廣達,24,6,18,元大-台中,2024-11-27,9812
2646,星宇航空,22,6,16,元大-台中,2024-11-27,9812
1301,台塑,13,0,13,元大-台中,2024-11-27,9812
020029,元大ESG高股息N,13,0,13,元大-台中,2024-11-27,9812
5465,富驊,15,2,13,元大-台中,2024-11-27,9812
2812,台中銀,15,2,13,元大-台中,2024-11-27,9812
2891,中信金,18,6,12,元大-台中,2024-11-27,9812
1444,力麗,12,0,12,元大-台中,2024-11-27,9812
2332,友訊,31,19,12,元大-台中,2024-11-27,9812
00923,群益台ESG低碳50,10,0,10,元大-台中,2024-11-27,9812
6245,立端,10,0,10,元大-台中,2024-11-27,9812
1616,億泰,10,0,10,元大-台中,2024-11-27,9812
0050,元大台灣50,13,3,10,元大-台中,2024-11-27,9812
2356,英業達,38,28,10,元大-台中,2024-11-27,9812
00935,野村臺灣新科技50,10,1,9,元大-台中,2024-11-27,9812
8028,昇陽半導體,25,16,9,元大-台中,2024-11-27,9812
1515,力山,9,0,9,元大-台中,2024-11-27,9812
00878,國泰永續高股息,193,5,188,元大-台中,2024-11-28,9812
4510,高鋒,172,49,123,元大-台中,2024-11-28,9812
00919,群益台灣精選高息,98,1,97,元大-台中,2024-11-28,9812
0056,元大高股息,78,4,74,元大-台中,2024-11-28,9812
00929,復華台灣科技優息,75,18,57,元大-台中,2024-11-28,9812
1536,和大,56,3,53,元大-台中,2024-11-28,9812
2412,中華電,52,1,51,元大-台中,2024-11-28,9812
00664R,國泰臺灣加權反1,50,0,50,元大-台中,2024-11-28,9812
00753L,中信中國50正2,46,0,46,元大-台中,2024-11-28,9812
00930,永豐ESG低碳高息,39,0,39,元大-台中,2024-11-28,9812
2323,中環,40,3,37,元大-台中,2024-11-28,9812
00637L,元大滬深300正2,134,98,36,元大-台中,2024-11-28,9812
00918,大華優利高填息30,32,0,32,元大-台中,2024-11-28,9812
1815,富喬,331,300,31,元大-台中,2024-11-28,9812
1605,華新,36,6,30,元大-台中,2024-11-28,9812
2303,聯電,39,9,30,元大-台中,2024-11-28,9812
2801,彰銀,30,0,30,元大-台中,2024-11-28,9812
6770,力積電,26,0,26,元大-台中,2024-11-28,9812
2408,南亞科,26,0,26,元大-台中,2024-11-28,9812
00915,凱基優選高股息30,23,0,23,元大-台中,2024-11-28,9812
00665L,富邦�琤肭磪囓�2,24,3,21,元大-台中,2024-11-28,9812
00713,元大台灣高息低波,18,0,18,元大-台中,2024-11-28,9812
2615,萬海,48,30,18,元大-台中,2024-11-28,9812
4562,穎漢,25,8,17,元大-台中,2024-11-28,9812
2646,星宇航空,21,4,17,元大-台中,2024-11-28,9812
2634,漢翔,17,1,16,元大-台中,2024-11-28,9812
4927,泰鼎-KY,27,12,15,元大-台中,2024-11-28,9812
00907,永豐優息存股,15,0,15,元大-台中,2024-11-28,9812
3481,群創,38,23,15,元大-台中,2024-11-28,9812
2349,錸德,15,1,14,元大-台中,2024-11-28,9812
3211,順達,16,2,14,元大-台中,2024-11-28,9812
8028,昇陽半導體,14,1,13,元大-台中,2024-11-28,9812
0050,元大台灣50,15,2,13,元大-台中,2024-11-28,9812
3090,日電貿,47,35,12,元大-台中,2024-11-28,9812
6245,立端,12,0,12,元大-台中,2024-11-28,9812
00891,中信關鍵半導體,12,0,12,元大-台中,2024-11-28,9812
3591,艾笛森,59,48,11,元大-台中,2024-11-28,9812
6191,精成科,11,0,11,元大-台中,2024-11-28,9812
2332,友訊,23,12,11,元大-台中,2024-11-28,9812
9105,泰金寶-DR,188,177,11,元大-台中,2024-11-28,9812
5243,乙盛-KY,10,0,10,元大-台中,2024-11-28,9812
1584,精剛,10,0,10,元大-台中,2024-11-28,9812
2617,台航,10,0,10,元大-台中,2024-11-28,9812
00669R,國泰美國道瓊反1,10,0,10,元大-台中,2024-11-28,9812
3025,星通,14,4,10,元大-台中,2024-11-28,9812
2392,正崴,37,27,10,元大-台中,2024-11-28,9812
3706,神達,287,278,9,元大-台中,2024-11-28,9812
6962,ITH-KY,9,0,9,元大-台中,2024-11-28,9812
4991,環宇-KY,32,23,9,元大-台中,2024-11-28,9812
8240,華宏,12,3,9,元大-台中,2024-11-28,9812
2409,友達,605,2,603,元大-台中,2024-11-29,9812
4979,華星光,470,168,302,元大-台中,2024-11-29,9812
4968,立積,183,22,161,元大-台中,2024-11-29,9812
2891,中信金,118,8,110,元大-台中,2024-11-29,9812
2426,鼎元,128,18,110,元大-台中,2024-11-29,9812
2371,大同,112,11,101,元大-台中,2024-11-29,9812
00665L,富邦�琤肭磪囓�2,100,8,92,元大-台中,2024-11-29,9812
00919,群益台灣精選高息,93,5,88,元大-台中,2024-11-29,9812
2412,中華電,78,0,78,元大-台中,2024-11-29,9812
2884,玉山金,60,2,58,元大-台中,2024-11-29,9812
00915,凱基優選高股息30,57,0,57,元大-台中,2024-11-29,9812
1308,亞聚,54,0,54,元大-台中,2024-11-29,9812
8171,天宇,54,2,52,元大-台中,2024-11-29,9812
00943,兆豐電子高息等權,51,0,51,元大-台中,2024-11-29,9812
5328,華容,70,20,50,元大-台中,2024-11-29,9812
00687B,國泰20年美債,50,9,41,元大-台中,2024-11-29,9812
00934,中信成長高股息,50,10,40,元大-台中,2024-11-29,9812
00706L,期元大S＆P日圓正2,40,1,39,元大-台中,2024-11-29,9812
2312,金寶,69,30,39,元大-台中,2024-11-29,9812
00878,國泰永續高股息,51,13,38,元大-台中,2024-11-29,9812
2002,中鋼,32,1,31,元大-台中,2024-11-29,9812
6838,台新藥,25,0,25,元大-台中,2024-11-29,9812
2882,國泰金,27,2,25,元大-台中,2024-11-29,9812
006208,富邦台50,27,2,25,元大-台中,2024-11-29,9812
2881,富邦金,25,1,24,元大-台中,2024-11-29,9812
2609,陽明,51,27,24,元大-台中,2024-11-29,9812
2615,萬海,46,22,24,元大-台中,2024-11-29,9812
9105,泰金寶-DR,60,37,23,元大-台中,2024-11-29,9812
00713,元大台灣高息低波,23,0,23,元大-台中,2024-11-29,9812
00960,野村全球航運龍頭,20,0,20,元大-台中,2024-11-29,9812
6919,康霈*,20,0,20,元大-台中,2024-11-29,9812
2392,正崴,41,26,15,元大-台中,2024-11-29,9812
00930,永豐ESG低碳高息,13,0,13,元大-台中,2024-11-29,9812
2303,聯電,13,1,12,元大-台中,2024-11-29,9812
4571,鈞興-KY,12,0,12,元大-台中,2024-11-29,9812
2375,凱美,15,3,12,元大-台中,2024-11-29,9812
00948B,中信優息投資級債,12,0,12,元大-台中,2024-11-29,9812
0050,元大台灣50,13,2,11,元大-台中,2024-11-29,9812
00910,第一金太空衛星,10,0,10,元大-台中,2024-11-29,9812
4533,協易機,10,0,10,元大-台中,2024-11-29,9812
8926,台汽電,10,0,10,元大-台中,2024-11-29,9812
3005,神基,10,0,10,元大-台中,2024-11-29,9812
2886,兆豐金,11,1,10,元大-台中,2024-11-29,9812
4729,熒茂,12,3,9,元大-台中,2024-11-29,9812
1524,耿鼎,10,2,8,元大-台中,2024-11-29,9812
1536,和大,12,4,8,元大-台中,2024-11-29,9812
00918,大華優利高填息30,7,0,7,元大-台中,2024-11-29,9812
2382,廣達,39,32,7,元大-台中,2024-11-29,9812
3149,正達,7,0,7,元大-台中,2024-11-29,9812
4162,智擎,7,0,7,元大-台中,2024-11-29,9812
4991,環宇-KY,209,9,200,元大-台中,2024-12-02,9812
2426,鼎元,133,12,121,元大-台中,2024-12-02,9812
3706,神達,363,245,118,元大-台中,2024-12-02,9812
2412,中華電,98,5,93,元大-台中,2024-12-02,9812
2312,金寶,81,17,64,元大-台中,2024-12-02,9812
00665L,富邦�琤肭磪囓�2,72,10,62,元大-台中,2024-12-02,9812
00953B,群益優選非投等債,58,0,58,元大-台中,2024-12-02,9812
8033,雷虎,64,10,54,元大-台中,2024-12-02,9812
2344,華邦電,57,5,52,元大-台中,2024-12-02,9812
2609,陽明,89,43,46,元大-台中,2024-12-02,9812
2303,聯電,61,27,34,元大-台中,2024-12-02,9812
00932,兆豐永續高息等權,31,0,31,元大-台中,2024-12-02,9812
00885,富邦越南,31,0,31,元大-台中,2024-12-02,9812
00919,群益台灣精選高息,50,21,29,元大-台中,2024-12-02,9812
2337,旺宏,36,8,28,元大-台中,2024-12-02,9812
8104,錸寶,31,3,28,元大-台中,2024-12-02,9812
2317,鴻海,35,9,26,元大-台中,2024-12-02,9812
1605,華新,27,4,23,元大-台中,2024-12-02,9812
00918,大華優利高填息30,23,0,23,元大-台中,2024-12-02,9812
3078,僑威,23,1,22,元大-台中,2024-12-02,9812
5309,系統電,91,70,21,元大-台中,2024-12-02,9812
4534,慶騰,21,1,20,元大-台中,2024-12-02,9812
2417,圓剛,20,0,20,元大-台中,2024-12-02,9812
00931B,統一美債20年,20,0,20,元大-台中,2024-12-02,9812
1301,台塑,20,1,19,元大-台中,2024-12-02,9812
6962,ITH-KY,18,1,17,元大-台中,2024-12-02,9812
1524,耿鼎,16,0,16,元大-台中,2024-12-02,9812
2062,橋椿,18,3,15,元大-台中,2024-12-02,9812
2338,光罩,15,0,15,元大-台中,2024-12-02,9812
2002,中鋼,15,1,14,元大-台中,2024-12-02,9812
2464,盟立,20,6,14,元大-台中,2024-12-02,9812
3324,雙鴻,17,4,13,元大-台中,2024-12-02,9812
3005,神基,14,1,13,元大-台中,2024-12-02,9812
8163,達方,13,0,13,元大-台中,2024-12-02,9812
00922,國泰台灣領袖50,31,19,12,元大-台中,2024-12-02,9812
2313,華通,12,0,12,元大-台中,2024-12-02,9812
1314,中石化,12,0,12,元大-台中,2024-12-02,9812
2915,潤泰全,12,0,12,元大-台中,2024-12-02,9812
3323,加百裕,124,112,12,元大-台中,2024-12-02,9812
00637L,元大滬深300正2,40,30,10,元大-台中,2024-12-02,9812
2606,裕民,10,0,10,元大-台中,2024-12-02,9812
2382,廣達,11,1,10,元大-台中,2024-12-02,9812
2929,淘帝-KY,12,2,10,元大-台中,2024-12-02,9812
00959B,大華投等美債15Y+,10,0,10,元大-台中,2024-12-02,9812
00650L,復華香港正2,10,0,10,元大-台中,2024-12-02,9812
1616,億泰,10,0,10,元大-台中,2024-12-02,9812
1313,聯成,10,0,10,元大-台中,2024-12-02,9812
6558,興能高,61,51,10,元大-台中,2024-12-02,9812
00955,中信日本商社,10,0,10,元大-台中,2024-12-02,9812
9904,寶成,14,4,10,元大-台中,2024-12-02,9812
2888,新光金,500,30,470,元大-台中,2024-12-03,9812
00919,群益台灣精選高息,308,27,281,元大-台中,2024-12-03,9812
00757,統一FANG+,100,6,94,元大-台中,2024-12-03,9812
5439,高技,358,265,93,元大-台中,2024-12-03,9812
00665L,富邦�琤肭磪囓�2,85,0,85,元大-台中,2024-12-03,9812
00939,統一台灣高息動能,80,3,77,元大-台中,2024-12-03,9812
3704,合勤控,73,0,73,元大-台中,2024-12-03,9812
00918,大華優利高填息30,77,8,69,元大-台中,2024-12-03,9812
2887,台新金,70,12,58,元大-台中,2024-12-03,9812
2455,全新,53,2,51,元大-台中,2024-12-03,9812
00650L,復華香港正2,50,0,50,元大-台中,2024-12-03,9812
00953B,群益優選非投等債,47,0,47,元大-台中,2024-12-03,9812
2353,宏��,54,8,46,元大-台中,2024-12-03,9812
00948B,中信優息投資級債,47,2,45,元大-台中,2024-12-03,9812
00713,元大台灣高息低波,32,0,32,元大-台中,2024-12-03,9812
00688L,國泰20年美債正2,40,10,30,元大-台中,2024-12-03,9812
00915,凱基優選高股息30,29,0,29,元大-台中,2024-12-03,9812
2062,橋椿,30,1,29,元大-台中,2024-12-03,9812
2027,大成鋼,29,3,26,元大-台中,2024-12-03,9812
00715L,期街口布蘭特正2,23,0,23,元大-台中,2024-12-03,9812
2419,仲琦,21,1,20,元大-台中,2024-12-03,9812
3623,富晶通,20,0,20,元大-台中,2024-12-03,9812
6134,萬旭,20,0,20,元大-台中,2024-12-03,9812
00954,中信日本半導體,20,0,20,元大-台中,2024-12-03,9812
1522,堤維西,20,1,19,元大-台中,2024-12-03,9812
00878,國泰永續高股息,26,8,18,元大-台中,2024-12-03,9812
6757,台灣虎航,28,11,17,元大-台中,2024-12-03,9812
0056,元大高股息,18,3,15,元大-台中,2024-12-03,9812
4903,聯光通,25,10,15,元大-台中,2024-12-03,9812
00927,群益半導體收益,15,0,15,元大-台中,2024-12-03,9812
2312,金寶,32,18,14,元大-台中,2024-12-03,9812
6442,光聖,14,1,13,元大-台中,2024-12-03,9812
8028,昇陽半導體,25,12,13,元大-台中,2024-12-03,9812
8040,九暘,13,0,13,元大-台中,2024-12-03,9812
2440,太空梭,13,0,13,元大-台中,2024-12-03,9812
2317,鴻海,39,26,13,元大-台中,2024-12-03,9812
2303,聯電,14,2,12,元大-台中,2024-12-03,9812
6133,金橋,13,1,12,元大-台中,2024-12-03,9812
1515,力山,12,0,12,元大-台中,2024-12-03,9812
8926,台汽電,12,0,12,元大-台中,2024-12-03,9812
00950B,凱基A級公司債,12,0,12,元大-台中,2024-12-03,9812
00712,復華富時不動產,14,3,11,元大-台中,2024-12-03,9812
6548,長科*,13,3,10,元大-台中,2024-12-03,9812
1101B,台泥乙特,10,0,10,元大-台中,2024-12-03,9812
1519,華城,23,13,10,元大-台中,2024-12-03,9812
6505,台塑化,10,0,10,元大-台中,2024-12-03,9812
2314,台揚,9,0,9,元大-台中,2024-12-03,9812
00905,FT臺灣Smart,10,1,9,元大-台中,2024-12-03,9812
2354,鴻準,23,15,8,元大-台中,2024-12-03,9812
6962,ITH-KY,11,3,8,元大-台中,2024-12-03,9812
00915,凱基優選高股息30,2146,0,2146,元大-台中,2024-12-04,9812
6558,興能高,425,36,389,元大-台中,2024-12-04,9812
4977,眾達-KY,534,204,330,元大-台中,2024-12-04,9812
6104,創惟,636,332,304,元大-台中,2024-12-04,9812
2605,新興,228,4,224,元大-台中,2024-12-04,9812
9105,泰金寶-DR,336,154,182,元大-台中,2024-12-04,9812
2465,麗臺,109,2,107,元大-台中,2024-12-04,9812
00918,大華優利高填息30,101,10,91,元大-台中,2024-12-04,9812
00937B,群益ESG投等債20,55,0,55,元大-台中,2024-12-04,9812
2101,南港,50,0,50,元大-台中,2024-12-04,9812
00939,統一台灣高息動能,41,0,41,元大-台中,2024-12-04,9812
2884,玉山金,40,0,40,元大-台中,2024-12-04,9812
2881,富邦金,40,0,40,元大-台中,2024-12-04,9812
8033,雷虎,59,20,39,元大-台中,2024-12-04,9812
6505,台塑化,36,0,36,元大-台中,2024-12-04,9812
00650L,復華香港正2,35,0,35,元大-台中,2024-12-04,9812
2834,臺企銀,36,3,33,元大-台中,2024-12-04,9812
2887,台新金,33,1,32,元大-台中,2024-12-04,9812
00953B,群益優選非投等債,32,0,32,元大-台中,2024-12-04,9812
2476,鉅祥,50,20,30,元大-台中,2024-12-04,9812
2891,中信金,35,7,28,元大-台中,2024-12-04,9812
1308,亞聚,24,0,24,元大-台中,2024-12-04,9812
00673R,期元大S＆P原油反1,22,0,22,元大-台中,2024-12-04,9812
2892,第一金,20,0,20,元大-台中,2024-12-04,9812
00907,永豐優息存股,20,0,20,元大-台中,2024-12-04,9812
5309,系統電,81,61,20,元大-台中,2024-12-04,9812
3025,星通,30,12,18,元大-台中,2024-12-04,9812
9958,世紀鋼,32,15,17,元大-台中,2024-12-04,9812
2646,星宇航空,38,21,17,元大-台中,2024-12-04,9812
00679B,元大美債20年,50,34,16,元大-台中,2024-12-04,9812
5328,華容,25,10,15,元大-台中,2024-12-04,9812
00955,中信日本商社,15,0,15,元大-台中,2024-12-04,9812
2474,可成,14,0,14,元大-台中,2024-12-04,9812
2312,金寶,28,14,14,元大-台中,2024-12-04,9812
6962,ITH-KY,13,0,13,元大-台中,2024-12-04,9812
00712,復華富時不動產,14,1,13,元大-台中,2024-12-04,9812
00713,元大台灣高息低波,18,5,13,元大-台中,2024-12-04,9812
8942,森鉅,12,0,12,元大-台中,2024-12-04,9812
9904,寶成,28,16,12,元大-台中,2024-12-04,9812
2303,聯電,18,7,11,元大-台中,2024-12-04,9812
4904,遠傳,10,0,10,元大-台中,2024-12-04,9812
3317,尼克森,10,0,10,元大-台中,2024-12-04,9812
5531,鄉林,10,0,10,元大-台中,2024-12-04,9812
9802,鈺齊-KY,10,0,10,元大-台中,2024-12-04,9812
00753L,中信中國50正2,10,0,10,元大-台中,2024-12-04,9812
2062,橋椿,11,1,10,元大-台中,2024-12-04,9812
6139,亞翔,10,1,9,元大-台中,2024-12-04,9812
5371,中光電,11,2,9,元大-台中,2024-12-04,9812
3715,定穎投控,12,4,8,元大-台中,2024-12-04,9812
6177,達麗,8,0,8,元大-台中,2024-12-04,9812
3029,零壹,1904,1030,874,元大-台中,2024-12-05,9812
00665L,富邦�琤肭磪囓�2,453,0,453,元大-台中,2024-12-05,9812
4919,新唐,327,138,189,元大-台中,2024-12-05,9812
00757,統一FANG+,148,1,147,元大-台中,2024-12-05,9812
0056,元大高股息,138,3,135,元大-台中,2024-12-05,9812
2609,陽明,106,12,94,元大-台中,2024-12-05,9812
00918,大華優利高填息30,87,2,85,元大-台中,2024-12-05,9812
2371,大同,63,8,55,元大-台中,2024-12-05,9812
3481,群創,42,4,38,元大-台中,2024-12-05,9812
1815,富喬,175,142,33,元大-台中,2024-12-05,9812
2838,聯邦銀,30,0,30,元大-台中,2024-12-05,9812
00953B,群益優選非投等債,29,0,29,元大-台中,2024-12-05,9812
2313,華通,26,2,24,元大-台中,2024-12-05,9812
00919,群益台灣精選高息,55,32,23,元大-台中,2024-12-05,9812
4931,新盛力,66,43,23,元大-台中,2024-12-05,9812
6191,精成科,23,1,22,元大-台中,2024-12-05,9812
00647L,元大S＆P500正2,20,0,20,元大-台中,2024-12-05,9812
8929,富堡,21,1,20,元大-台中,2024-12-05,9812
6117,迎廣,20,1,19,元大-台中,2024-12-05,9812
9105,泰金寶-DR,81,63,18,元大-台中,2024-12-05,9812
8028,昇陽半導體,20,4,16,元大-台中,2024-12-05,9812
6127,九豪,36,21,15,元大-台中,2024-12-05,9812
2027,大成鋼,15,0,15,元大-台中,2024-12-05,9812
2338,光罩,15,0,15,元大-台中,2024-12-05,9812
2897,王道銀行,15,0,15,元大-台中,2024-12-05,9812
6426,統新,316,302,14,元大-台中,2024-12-05,9812
2344,華邦電,14,0,14,元大-台中,2024-12-05,9812
3003,健和興,29,16,13,元大-台中,2024-12-05,9812
2409,友達,13,0,13,元大-台中,2024-12-05,9812
2367,燿華,13,0,13,元大-台中,2024-12-05,9812
00915,凱基優選高股息30,17,4,13,元大-台中,2024-12-05,9812
2615,萬海,13,1,12,元大-台中,2024-12-05,9812
6505,台塑化,12,0,12,元大-台中,2024-12-05,9812
8390,金益鼎,12,0,12,元大-台中,2024-12-05,9812
2107,厚生,12,0,12,元大-台中,2024-12-05,9812
3625,西勝,13,1,12,元大-台中,2024-12-05,9812
6706,惠特,15,3,12,元大-台中,2024-12-05,9812
00922,國泰台灣領袖50,13,1,12,元大-台中,2024-12-05,9812
8070,長華*,12,0,12,元大-台中,2024-12-05,9812
2801,彰銀,11,0,11,元大-台中,2024-12-05,9812
2337,旺宏,17,6,11,元大-台中,2024-12-05,9812
3628,盈正,11,0,11,元大-台中,2024-12-05,9812
3260,威剛,11,0,11,元大-台中,2024-12-05,9812
2317,鴻海,17,7,10,元大-台中,2024-12-05,9812
2408,南亞科,12,2,10,元大-台中,2024-12-05,9812
00670L,富邦NASDAQ正2,10,0,10,元大-台中,2024-12-05,9812
6199,天品,10,0,10,元大-台中,2024-12-05,9812
00650L,復華香港正2,10,0,10,元大-台中,2024-12-05,9812
6548,長科*,10,0,10,元大-台中,2024-12-05,9812
3323,加百裕,182,172,10,元大-台中,2024-12-05,9812
4953,緯軟,205,2,203,元大-台中,2024-12-06,9812
2471,資通,205,4,201,元大-台中,2024-12-06,9812
1785,光洋科,264,84,180,元大-台中,2024-12-06,9812
2615,萬海,148,9,139,元大-台中,2024-12-06,9812
00953B,群益優選非投等債,138,0,138,元大-台中,2024-12-06,9812
00919,群益台灣精選高息,125,6,119,元大-台中,2024-12-06,9812
3037,欣興,113,15,98,元大-台中,2024-12-06,9812
00962,台新AI優息動能,65,0,65,元大-台中,2024-12-06,9812
00891,中信關鍵半導體,58,2,56,元大-台中,2024-12-06,9812
2609,陽明,65,21,44,元大-台中,2024-12-06,9812
1504,東元,27,0,27,元大-台中,2024-12-06,9812
3706,神達,237,211,26,元大-台中,2024-12-06,9812
5245,智晶,29,4,25,元大-台中,2024-12-06,9812
4576,大銀微系統,26,1,25,元大-台中,2024-12-06,9812
2887,台新金,23,0,23,元大-台中,2024-12-06,9812
1342,八貫,21,0,21,元大-台中,2024-12-06,9812
1605,華新,26,5,21,元大-台中,2024-12-06,9812
00715L,期街口布蘭特正2,20,0,20,元大-台中,2024-12-06,9812
2436,偉詮電,40,20,20,元大-台中,2024-12-06,9812
5309,系統電,43,24,19,元大-台中,2024-12-06,9812
00918,大華優利高填息30,16,0,16,元大-台中,2024-12-06,9812
5244,弘凱,18,2,16,元大-台中,2024-12-06,9812
6288,聯嘉,17,2,15,元大-台中,2024-12-06,9812
6243,迅杰,16,1,15,元大-台中,2024-12-06,9812
2201,裕隆,14,0,14,元大-台中,2024-12-06,9812
4303,信立,14,0,14,元大-台中,2024-12-06,9812
00909,國泰數位支付服務,13,0,13,元大-台中,2024-12-06,9812
2489,瑞軒,14,1,13,元大-台中,2024-12-06,9812
006208,富邦台50,15,3,12,元大-台中,2024-12-06,9812
2337,旺宏,38,27,11,元大-台中,2024-12-06,9812
00915,凱基優選高股息30,11,0,11,元大-台中,2024-12-06,9812
00650L,復華香港正2,11,0,11,元大-台中,2024-12-06,9812
6877,鏵友益,12,1,11,元大-台中,2024-12-06,9812
2313,華通,11,0,11,元大-台中,2024-12-06,9812
3211,順達,28,17,11,元大-台中,2024-12-06,9812
2107,厚生,10,0,10,元大-台中,2024-12-06,9812
4510,高鋒,21,11,10,元大-台中,2024-12-06,9812
00670L,富邦NASDAQ正2,10,0,10,元大-台中,2024-12-06,9812
9919,康那香,10,0,10,元大-台中,2024-12-06,9812
1304,台聚,10,0,10,元大-台中,2024-12-06,9812
1584,精剛,10,0,10,元大-台中,2024-12-06,9812
5531,鄉林,10,0,10,元大-台中,2024-12-06,9812
5243,乙盛-KY,10,0,10,元大-台中,2024-12-06,9812
6770,力積電,10,0,10,元大-台中,2024-12-06,9812
2002,中鋼,11,2,9,元大-台中,2024-12-06,9812
2312,金寶,18,9,9,元大-台中,2024-12-06,9812
4743,合一,16,7,9,元大-台中,2024-12-06,9812
6257,矽格,10,1,9,元大-台中,2024-12-06,9812
3323,加百裕,47,38,9,元大-台中,2024-12-06,9812
2891,中信金,13,4,9,元大-台中,2024-12-06,9812
2883,凱基金,554,1,553,元大-台中,2024-12-09,9812
8054,安國,522,14,508,元大-台中,2024-12-09,9812
1504,東元,977,770,207,元大-台中,2024-12-09,9812
00918,大華優利高填息30,171,12,159,元大-台中,2024-12-09,9812
2324,仁寶,138,58,80,元大-台中,2024-12-09,9812
1605,華新,85,10,75,元大-台中,2024-12-09,9812
1101,台泥,63,0,63,元大-台中,2024-12-09,9812
2344,華邦電,50,3,47,元大-台中,2024-12-09,9812
2369,菱生,40,0,40,元大-台中,2024-12-09,9812
00878,國泰永續高股息,42,7,35,元大-台中,2024-12-09,9812
00642U,期元大S＆P石油,31,0,31,元大-台中,2024-12-09,9812
6245,立端,33,3,30,元大-台中,2024-12-09,9812
4576,大銀微系統,28,0,28,元大-台中,2024-12-09,9812
3296,勝德,27,0,27,元大-台中,2024-12-09,9812
2405,輔信,27,1,26,元大-台中,2024-12-09,9812
0056,元大高股息,30,4,26,元大-台中,2024-12-09,9812
1584,精剛,25,0,25,元大-台中,2024-12-09,9812
2317,鴻海,36,12,24,元大-台中,2024-12-09,9812
00637L,元大滬深300正2,127,103,24,元大-台中,2024-12-09,9812
6188,廣明,25,2,23,元大-台中,2024-12-09,9812
00900,富邦特選高股息30,25,2,23,元大-台中,2024-12-09,9812
2354,鴻準,62,39,23,元大-台中,2024-12-09,9812
6962,ITH-KY,22,0,22,元大-台中,2024-12-09,9812
00927,群益半導體收益,20,0,20,元大-台中,2024-12-09,9812
1519,華城,21,1,20,元大-台中,2024-12-09,9812
00945B,凱基美國非投等債,18,0,18,元大-台中,2024-12-09,9812
1464,得力,20,3,17,元大-台中,2024-12-09,9812
1524,耿鼎,28,11,17,元大-台中,2024-12-09,9812
8033,雷虎,19,2,17,元大-台中,2024-12-09,9812
6695,芯鼎,39,22,17,元大-台中,2024-12-09,9812
2399,映泰,47,31,16,元大-台中,2024-12-09,9812
2312,金寶,22,6,16,元大-台中,2024-12-09,9812
2886,兆豐金,19,3,16,元大-台中,2024-12-09,9812
00915,凱基優選高股息30,17,2,15,元大-台中,2024-12-09,9812
2409,友達,15,0,15,元大-台中,2024-12-09,9812
8261,富鼎,29,14,15,元大-台中,2024-12-09,9812
00965,元大航太防衛科技,15,0,15,元大-台中,2024-12-09,9812
8936,國統,15,1,14,元大-台中,2024-12-09,9812
2801,彰銀,19,6,13,元大-台中,2024-12-09,9812
3622,洋華,13,0,13,元大-台中,2024-12-09,9812
5880,合庫金,13,0,13,元大-台中,2024-12-09,9812
00665L,富邦�琤肭磪囓�2,12,0,12,元大-台中,2024-12-09,9812
6133,金橋,12,0,12,元大-台中,2024-12-09,9812
4977,眾達-KY,30,18,12,元大-台中,2024-12-09,9812
1216,統一,11,0,11,元大-台中,2024-12-09,9812
2610,華航,66,55,11,元大-台中,2024-12-09,9812
1608,華榮,11,0,11,元大-台中,2024-12-09,9812
00757,統一FANG+,11,0,11,元大-台中,2024-12-09,9812
2449,京元電子,19,8,11,元大-台中,2024-12-09,9812
00715L,期街口布蘭特正2,10,0,10,元大-台中,2024-12-09,9812
1402,遠東新,450,0,450,元大-台中,2024-12-10,9812
00637L,元大滬深300正2,433,60,373,元大-台中,2024-12-10,9812
00918,大華優利高填息30,274,0,274,元大-台中,2024-12-10,9812
3056,富華新,201,0,201,元大-台中,2024-12-10,9812
2605,新興,153,1,152,元大-台中,2024-12-10,9812
00878,國泰永續高股息,108,12,96,元大-台中,2024-12-10,9812
2317,鴻海,83,6,77,元大-台中,2024-12-10,9812
00953B,群益優選非投等債,66,0,66,元大-台中,2024-12-10,9812
3706,神達,353,289,64,元大-台中,2024-12-10,9812
2610,華航,101,43,58,元大-台中,2024-12-10,9812
2609,陽明,145,87,58,元大-台中,2024-12-10,9812
9105,泰金寶-DR,63,6,57,元大-台中,2024-12-10,9812
4979,華星光,221,167,54,元大-台中,2024-12-10,9812
2883,凱基金,51,1,50,元大-台中,2024-12-10,9812
00752,中信中國50,50,0,50,元大-台中,2024-12-10,9812
2344,華邦電,46,0,46,元大-台中,2024-12-10,9812
00665L,富邦�琤肭磪囓�2,120,77,43,元大-台中,2024-12-10,9812
00965,元大航太防衛科技,42,0,42,元大-台中,2024-12-10,9812
1101,台泥,42,1,41,元大-台中,2024-12-10,9812
00937B,群益ESG投等債20,39,0,39,元大-台中,2024-12-10,9812
2355,敬鵬,38,0,38,元大-台中,2024-12-10,9812
4991,環宇-KY,132,98,34,元大-台中,2024-12-10,9812
1449,佳和,37,9,28,元大-台中,2024-12-10,9812
3481,群創,48,21,27,元大-台中,2024-12-10,9812
9933,中鼎,26,0,26,元大-台中,2024-12-10,9812
4414,如興,26,0,26,元大-台中,2024-12-10,9812
6877,鏵友益,30,4,26,元大-台中,2024-12-10,9812
00664R,國泰臺灣加權反1,25,0,25,元大-台中,2024-12-10,9812
00945B,凱基美國非投等債,22,0,22,元大-台中,2024-12-10,9812
2834,臺企銀,25,3,22,元大-台中,2024-12-10,9812
8011,台通,21,0,21,元大-台中,2024-12-10,9812
6188,廣明,20,0,20,元大-台中,2024-12-10,9812
1718,中纖,20,0,20,元大-台中,2024-12-10,9812
2881,富邦金,20,0,20,元大-台中,2024-12-10,9812
2436,偉詮電,30,11,19,元大-台中,2024-12-10,9812
2812,台中銀,20,2,18,元大-台中,2024-12-10,9812
2449,京元電子,40,25,15,元大-台中,2024-12-10,9812
2303,聯電,17,2,15,元大-台中,2024-12-10,9812
1504,東元,299,285,14,元大-台中,2024-12-10,9812
2233,宇隆,14,0,14,元大-台中,2024-12-10,9812
2547,日勝生,38,24,14,元大-台中,2024-12-10,9812
6962,ITH-KY,17,4,13,元大-台中,2024-12-10,9812
2615,萬海,45,32,13,元大-台中,2024-12-10,9812
2332,友訊,13,0,13,元大-台中,2024-12-10,9812
00713,元大台灣高息低波,13,0,13,元大-台中,2024-12-10,9812
1815,富喬,28,16,12,元大-台中,2024-12-10,9812
2027,大成鋼,12,0,12,元大-台中,2024-12-10,9812
2354,鴻準,21,9,12,元大-台中,2024-12-10,9812
3715,定穎投控,21,10,11,元大-台中,2024-12-10,9812
3380,明泰,11,0,11,元大-台中,2024-12-10,9812
00665L,富邦�琤肭磪囓�2,124,10,114,元大-台中,2024-12-11,9812
00680L,元大美債20正2,111,10,101,元大-台中,2024-12-11,9812
2605,新興,104,3,101,元大-台中,2024-12-11,9812
00918,大華優利高填息30,106,8,98,元大-台中,2024-12-11,9812
00919,群益台灣精選高息,127,40,87,元大-台中,2024-12-11,9812
2002,中鋼,72,8,64,元大-台中,2024-12-11,9812
2610,華航,73,14,59,元大-台中,2024-12-11,9812
2317,鴻海,71,15,56,元大-台中,2024-12-11,9812
2344,華邦電,63,12,51,元大-台中,2024-12-11,9812
2630,亞航,51,0,51,元大-台中,2024-12-11,9812
6505,台塑化,51,3,48,元大-台中,2024-12-11,9812
2609,陽明,75,36,39,元大-台中,2024-12-11,9812
00720B,元大投資級公司債,39,0,39,元大-台中,2024-12-11,9812
00878,國泰永續高股息,38,4,34,元大-台中,2024-12-11,9812
2845,遠東銀,30,0,30,元大-台中,2024-12-11,9812
1540,喬福,29,1,28,元大-台中,2024-12-11,9812
0056,元大高股息,32,5,27,元大-台中,2024-12-11,9812
2401,凌陽,32,5,27,元大-台中,2024-12-11,9812
00637L,元大滬深300正2,119,93,26,元大-台中,2024-12-11,9812
00922,國泰台灣領袖50,23,0,23,元大-台中,2024-12-11,9812
00915,凱基優選高股息30,38,17,21,元大-台中,2024-12-11,9812
3147,大綜,20,1,19,元大-台中,2024-12-11,9812
00940,元大台灣價值高息,42,24,18,元大-台中,2024-12-11,9812
3715,定穎投控,18,0,18,元大-台中,2024-12-11,9812
6214,精誠,36,18,18,元大-台中,2024-12-11,9812
6877,鏵友益,45,30,15,元大-台中,2024-12-11,9812
2107,厚生,15,0,15,元大-台中,2024-12-11,9812
6962,ITH-KY,13,0,13,元大-台中,2024-12-11,9812
5371,中光電,17,4,13,元大-台中,2024-12-11,9812
5519,隆大,13,0,13,元大-台中,2024-12-11,9812
2382,廣達,16,3,13,元大-台中,2024-12-11,9812
3231,緯創,14,1,13,元大-台中,2024-12-11,9812
6770,力積電,12,0,12,元大-台中,2024-12-11,9812
00887,永豐中國科技50大,18,6,12,元大-台中,2024-12-11,9812
9958,世紀鋼,16,4,12,元大-台中,2024-12-11,9812
006208,富邦台50,13,1,12,元大-台中,2024-12-11,9812
3597,映興,11,0,11,元大-台中,2024-12-11,9812
6243,迅杰,13,2,11,元大-台中,2024-12-11,9812
1504,東元,145,134,11,元大-台中,2024-12-11,9812
2330,台積電,16,5,11,元大-台中,2024-12-11,9812
2886,兆豐金,12,1,11,元大-台中,2024-12-11,9812
2371,大同,12,2,10,元大-台中,2024-12-11,9812
5531,鄉林,10,0,10,元大-台中,2024-12-11,9812
2484,希華,10,0,10,元大-台中,2024-12-11,9812
911608,明輝-DR,10,0,10,元大-台中,2024-12-11,9812
2883,凱基金,23,13,10,元大-台中,2024-12-11,9812
2337,旺宏,15,6,9,元大-台中,2024-12-11,9812
6697,東捷資訊,9,0,9,元大-台中,2024-12-11,9812
00679B,元大美債20年,10,1,9,元大-台中,2024-12-11,9812
6213,聯茂,10,2,8,元大-台中,2024-12-11,9812
3122,笙泉,208,0,208,元大-台中,2024-12-12,9812
00680L,元大美債20正2,151,0,151,元大-台中,2024-12-12,9812
00918,大華優利高填息30,137,0,137,元大-台中,2024-12-12,9812
00915,凱基優選高股息30,69,0,69,元大-台中,2024-12-12,9812
2468,華經,100,39,61,元大-台中,2024-12-12,9812
2104,國際中橡,60,0,60,元大-台中,2024-12-12,9812
2027,大成鋼,55,0,55,元大-台中,2024-12-12,9812
2471,資通,117,62,55,元大-台中,2024-12-12,9812
6425,易發,55,5,50,元大-台中,2024-12-12,9812
00679B,元大美債20年,49,0,49,元大-台中,2024-12-12,9812
2609,陽明,92,44,48,元大-台中,2024-12-12,9812
00687B,國泰20年美債,56,10,46,元大-台中,2024-12-12,9812
2317,鴻海,48,13,35,元大-台中,2024-12-12,9812
2328,廣宇,60,29,31,元大-台中,2024-12-12,9812
00919,群益台灣精選高息,36,10,26,元大-台中,2024-12-12,9812
0056,元大高股息,31,6,25,元大-台中,2024-12-12,9812
2354,鴻準,44,24,20,元大-台中,2024-12-12,9812
1504,東元,20,0,20,元大-台中,2024-12-12,9812
00713,元大台灣高息低波,19,0,19,元大-台中,2024-12-12,9812
3029,零壹,56,37,19,元大-台中,2024-12-12,9812
3024,憶聲,15,0,15,元大-台中,2024-12-12,9812
3041,揚智,37,22,15,元大-台中,2024-12-12,9812
1301,台塑,15,0,15,元大-台中,2024-12-12,9812
5328,華容,14,0,14,元大-台中,2024-12-12,9812
3013,晟銘電,28,15,13,元大-台中,2024-12-12,9812
00665L,富邦�琤肭磪囓�2,34,21,13,元大-台中,2024-12-12,9812
3037,欣興,39,26,13,元大-台中,2024-12-12,9812
00909,國泰數位支付服務,14,1,13,元大-台中,2024-12-12,9812
8440,綠電,12,0,12,元大-台中,2024-12-12,9812
2615,萬海,13,1,12,元大-台中,2024-12-12,9812
2610,華航,12,1,11,元大-台中,2024-12-12,9812
00953B,群益優選非投等債,11,0,11,元大-台中,2024-12-12,9812
2455,全新,11,0,11,元大-台中,2024-12-12,9812
2353,宏��,11,0,11,元大-台中,2024-12-12,9812
6133,金橋,11,0,11,元大-台中,2024-12-12,9812
2002,中鋼,12,1,11,元大-台中,2024-12-12,9812
1313,聯成,10,0,10,元大-台中,2024-12-12,9812
1714,和桐,10,0,10,元大-台中,2024-12-12,9812
3264,欣銓,10,0,10,元大-台中,2024-12-12,9812
6245,立端,10,0,10,元大-台中,2024-12-12,9812
1909,榮成,10,0,10,元大-台中,2024-12-12,9812
1514,亞力,10,0,10,元大-台中,2024-12-12,9812
2634,漢翔,10,0,10,元大-台中,2024-12-12,9812
2820,華票,10,0,10,元大-台中,2024-12-12,9812
2641,正德,10,0,10,元大-台中,2024-12-12,9812
4561,健椿,10,0,10,元大-台中,2024-12-12,9812
3231,緯創,10,1,9,元大-台中,2024-12-12,9812
6525,捷敏-KY,9,0,9,元大-台中,2024-12-12,9812
6697,東捷資訊,9,0,9,元大-台中,2024-12-12,9812
3163,波若威,10,1,9,元大-台中,2024-12-12,9812
00919,群益台灣精選高息,114,1,113,元大-台中,2024-12-13,9812
00918,大華優利高填息30,102,0,102,元大-台中,2024-12-13,9812
00637L,元大滬深300正2,108,23,85,元大-台中,2024-12-13,9812
0056,元大高股息,75,8,67,元大-台中,2024-12-13,9812
4912,聯德控股-KY,87,27,60,元大-台中,2024-12-13,9812
00680L,元大美債20正2,54,0,54,元大-台中,2024-12-13,9812
00878,國泰永續高股息,48,1,47,元大-台中,2024-12-13,9812
2303,聯電,48,7,41,元大-台中,2024-12-13,9812
5531,鄉林,40,0,40,元大-台中,2024-12-13,9812
2317,鴻海,43,4,39,元大-台中,2024-12-13,9812
00720B,元大投資級公司債,35,0,35,元大-台中,2024-12-13,9812
00915,凱基優選高股息30,29,0,29,元大-台中,2024-12-13,9812
3078,僑威,29,1,28,元大-台中,2024-12-13,9812
2353,宏��,29,2,27,元大-台中,2024-12-13,9812
2324,仁寶,25,0,25,元大-台中,2024-12-13,9812
4931,新盛力,53,32,21,元大-台中,2024-12-13,9812
2897,王道銀行,21,0,21,元大-台中,2024-12-13,9812
2867,三商壽,21,0,21,元大-台中,2024-12-13,9812
5347,世界,20,0,20,元大-台中,2024-12-13,9812
2820,華票,20,0,20,元大-台中,2024-12-13,9812
00666R,富邦�琤肭磪齯�1,20,0,20,元大-台中,2024-12-13,9812
2412,中華電,20,0,20,元大-台中,2024-12-13,9812
00679B,元大美債20年,20,1,19,元大-台中,2024-12-13,9812
1316,上曜,35,16,19,元大-台中,2024-12-13,9812
6919,康霈*,19,0,19,元大-台中,2024-12-13,9812
2374,佳能,24,6,18,元大-台中,2024-12-13,9812
2613,中櫃,28,11,17,元大-台中,2024-12-13,9812
2344,華邦電,39,23,16,元大-台中,2024-12-13,9812
00688L,國泰20年美債正2,16,0,16,元大-台中,2024-12-13,9812
00887,永豐中國科技50大,16,0,16,元大-台中,2024-12-13,9812
00713,元大台灣高息低波,15,0,15,元大-台中,2024-12-13,9812
2002,中鋼,18,3,15,元大-台中,2024-12-13,9812
3231,緯創,18,4,14,元大-台中,2024-12-13,9812
2371,大同,17,3,14,元大-台中,2024-12-13,9812
2027,大成鋼,15,2,13,元大-台中,2024-12-13,9812
8926,台汽電,13,0,13,元大-台中,2024-12-13,9812
2515,中工,15,2,13,元大-台中,2024-12-13,9812
6962,ITH-KY,12,0,12,元大-台中,2024-12-13,9812
9105,泰金寶-DR,101,89,12,元大-台中,2024-12-13,9812
1605,華新,15,3,12,元大-台中,2024-12-13,9812
3591,艾笛森,17,5,12,元大-台中,2024-12-13,9812
6215,和椿,42,30,12,元大-台中,2024-12-13,9812
1513,中興電,12,1,11,元大-台中,2024-12-13,9812
4743,合一,13,2,11,元大-台中,2024-12-13,9812
2313,華通,131,120,11,元大-台中,2024-12-13,9812
2618,長榮航,32,22,10,元大-台中,2024-12-13,9812
1313,聯成,10,0,10,元大-台中,2024-12-13,9812
6877,鏵友益,15,5,10,元大-台中,2024-12-13,9812
00968B,元大優息投等債,10,0,10,元大-台中,2024-12-13,9812
00687B,國泰20年美債,13,3,10,元大-台中,2024-12-13,9812
00918,大華優利高填息30,118,18,100,元大-台中,2024-12-16,9812
00878,國泰永續高股息,106,9,97,元大-台中,2024-12-16,9812
00680L,元大美債20正2,162,100,62,元大-台中,2024-12-16,9812
0056,元大高股息,59,7,52,元大-台中,2024-12-16,9812
2867,三商壽,53,3,50,元大-台中,2024-12-16,9812
00937B,群益ESG投等債20,44,0,44,元大-台中,2024-12-16,9812
2317,鴻海,43,7,36,元大-台中,2024-12-16,9812
2466,冠西電,36,2,34,元大-台中,2024-12-16,9812
4540,全球傳動,94,61,33,元大-台中,2024-12-16,9812
2312,金寶,49,19,30,元大-台中,2024-12-16,9812
2820,華票,30,0,30,元大-台中,2024-12-16,9812
00915,凱基優選高股息30,33,4,29,元大-台中,2024-12-16,9812
00688L,國泰20年美債正2,27,0,27,元大-台中,2024-12-16,9812
2002,中鋼,76,52,24,元大-台中,2024-12-16,9812
00679B,元大美債20年,24,0,24,元大-台中,2024-12-16,9812
00882,中信中國高股息,22,0,22,元大-台中,2024-12-16,9812
2356,英業達,30,9,21,元大-台中,2024-12-16,9812
00673R,期元大S＆P原油反1,21,0,21,元大-台中,2024-12-16,9812
3231,緯創,30,12,18,元大-台中,2024-12-16,9812
1314,中石化,17,0,17,元大-台中,2024-12-16,9812
9945,潤泰新,21,5,16,元大-台中,2024-12-16,9812
2332,友訊,16,0,16,元大-台中,2024-12-16,9812
4430,耀億,15,0,15,元大-台中,2024-12-16,9812
2609,陽明,85,70,15,元大-台中,2024-12-16,9812
00927,群益半導體收益,15,1,14,元大-台中,2024-12-16,9812
2486,一詮,14,1,13,元大-台中,2024-12-16,9812
00720B,元大投資級公司債,13,0,13,元大-台中,2024-12-16,9812
1605,華新,14,1,13,元大-台中,2024-12-16,9812
6558,興能高,23,11,12,元大-台中,2024-12-16,9812
5014,建錩,12,0,12,元大-台中,2024-12-16,9812
00665L,富邦�琤肭磪囓�2,12,0,12,元大-台中,2024-12-16,9812
00960,野村全球航運龍頭,12,0,12,元大-台中,2024-12-16,9812
2376,技嘉,12,1,11,元大-台中,2024-12-16,9812
00632R,元大台灣50反1,11,0,11,元大-台中,2024-12-16,9812
00959B,大華投等美債15Y+,10,0,10,元大-台中,2024-12-16,9812
6712,長聖,10,0,10,元大-台中,2024-12-16,9812
4702,中美實,10,0,10,元大-台中,2024-12-16,9812
6133,金橋,10,0,10,元大-台中,2024-12-16,9812
3027,盛達,10,0,10,元大-台中,2024-12-16,9812
8097,常珵,14,4,10,元大-台中,2024-12-16,9812
3037,欣興,17,8,9,元大-台中,2024-12-16,9812
2637,慧洋-KY,12,3,9,元大-台中,2024-12-16,9812
3264,欣銓,9,0,9,元大-台中,2024-12-16,9812
6877,鏵友益,14,5,9,元大-台中,2024-12-16,9812
00933B,國泰10Y+金融債,9,0,9,元大-台中,2024-12-16,9812
2472,立隆電,8,0,8,元大-台中,2024-12-16,9812
2382,廣達,23,15,8,元大-台中,2024-12-16,9812
00637L,元大滬深300正2,44,36,8,元大-台中,2024-12-16,9812
4931,新盛力,20,12,8,元大-台中,2024-12-16,9812
2885,元大金,42,34,8,元大-台中,2024-12-16,9812
2888,新光金,500,0,500,元大-台中,2024-12-17,9812
3019,亞光,539,79,460,元大-台中,2024-12-17,9812
00688L,國泰20年美債正2,333,0,333,元大-台中,2024-12-17,9812
00915,凱基優選高股息30,125,1,124,元大-台中,2024-12-17,9812
1718,中纖,100,0,100,元大-台中,2024-12-17,9812
8374,羅昇,111,12,99,元大-台中,2024-12-17,9812
00713,元大台灣高息低波,55,0,55,元大-台中,2024-12-17,9812
3706,神達,189,139,50,元大-台中,2024-12-17,9812
00953B,群益優選非投等債,45,0,45,元大-台中,2024-12-17,9812
2359,所羅門,65,22,43,元大-台中,2024-12-17,9812
3041,揚智,92,52,40,元大-台中,2024-12-17,9812
8249,菱光,50,15,35,元大-台中,2024-12-17,9812
2317,鴻海,49,15,34,元大-台中,2024-12-17,9812
00918,大華優利高填息30,34,1,33,元大-台中,2024-12-17,9812
2230,泰茂,37,5,32,元大-台中,2024-12-17,9812
2881,富邦金,30,0,30,元大-台中,2024-12-17,9812
00679B,元大美債20年,29,1,28,元大-台中,2024-12-17,9812
2609,陽明,67,40,27,元大-台中,2024-12-17,9812
00937B,群益ESG投等債20,26,0,26,元大-台中,2024-12-17,9812
2324,仁寶,26,0,26,元大-台中,2024-12-17,9812
00882,中信中國高股息,23,0,23,元大-台中,2024-12-17,9812
0056,元大高股息,25,2,23,元大-台中,2024-12-17,9812
3379,彬台,21,1,20,元大-台中,2024-12-17,9812
2834,臺企銀,20,0,20,元大-台中,2024-12-17,9812
1326,台化,19,1,18,元大-台中,2024-12-17,9812
6187,萬潤,20,3,17,元大-台中,2024-12-17,9812
2312,金寶,27,10,17,元大-台中,2024-12-17,9812
3374,精材,16,0,16,元大-台中,2024-12-17,9812
2303,聯電,58,42,16,元大-台中,2024-12-17,9812
00687B,國泰20年美債,16,1,15,元大-台中,2024-12-17,9812
2882,國泰金,16,3,13,元大-台中,2024-12-17,9812
1605,華新,13,0,13,元大-台中,2024-12-17,9812
00970B,新光BBB投等債20,12,0,12,元大-台中,2024-12-17,9812
00720B,元大投資級公司債,11,0,11,元大-台中,2024-12-17,9812
2891,中信金,18,7,11,元大-台中,2024-12-17,9812
2337,旺宏,12,2,10,元大-台中,2024-12-17,9812
00655L,國泰中國A50正2,10,0,10,元大-台中,2024-12-17,9812
5531,鄉林,10,0,10,元大-台中,2024-12-17,9812
1313,聯成,10,0,10,元大-台中,2024-12-17,9812
2104,國際中橡,10,0,10,元大-台中,2024-12-17,9812
00680L,元大美債20正2,10,0,10,元大-台中,2024-12-17,9812
6244,茂迪,10,0,10,元大-台中,2024-12-17,9812
2382,廣達,12,2,10,元大-台中,2024-12-17,9812
00878,國泰永續高股息,12,3,9,元大-台中,2024-12-17,9812
2867,三商壽,9,0,9,元大-台中,2024-12-17,9812
00930,永豐ESG低碳高息,9,0,9,元大-台中,2024-12-17,9812
8390,金益鼎,9,0,9,元大-台中,2024-12-17,9812
4974,亞泰,11,2,9,元大-台中,2024-12-17,9812
2542,興富發,8,0,8,元大-台中,2024-12-17,9812
2417,圓剛,11,3,8,元大-台中,2024-12-17,9812
4931,新盛力,517,17,500,元大-台中,2024-12-18,9812
8111,立��,339,12,327,元大-台中,2024-12-18,9812
4991,環宇-KY,614,417,197,元大-台中,2024-12-18,9812
00918,大華優利高填息30,175,20,155,元大-台中,2024-12-18,9812
9105,泰金寶-DR,236,149,87,元大-台中,2024-12-18,9812
00688L,國泰20年美債正2,60,0,60,元大-台中,2024-12-18,9812
8374,羅昇,64,14,50,元大-台中,2024-12-18,9812
2303,聯電,126,77,49,元大-台中,2024-12-18,9812
2317,鴻海,63,16,47,元大-台中,2024-12-18,9812
1815,富喬,57,16,41,元大-台中,2024-12-18,9812
2834,臺企銀,34,0,34,元大-台中,2024-12-18,9812
2801,彰銀,27,0,27,元大-台中,2024-12-18,9812
6209,今國光,30,4,26,元大-台中,2024-12-18,9812
3323,加百裕,75,51,24,元大-台中,2024-12-18,9812
6558,興能高,33,9,24,元大-台中,2024-12-18,9812
2344,華邦電,36,12,24,元大-台中,2024-12-18,9812
1314,中石化,28,5,23,元大-台中,2024-12-18,9812
2736,富野,23,0,23,元大-台中,2024-12-18,9812
2332,友訊,23,1,22,元大-台中,2024-12-18,9812
00922,國泰台灣領袖50,21,0,21,元大-台中,2024-12-18,9812
4533,協易機,24,5,19,元大-台中,2024-12-18,9812
2367,燿華,18,0,18,元大-台中,2024-12-18,9812
00713,元大台灣高息低波,17,0,17,元大-台中,2024-12-18,9812
1605,華新,18,3,15,元大-台中,2024-12-18,9812
1213,大飲,15,0,15,元大-台中,2024-12-18,9812
4306,炎洲,15,0,15,元大-台中,2024-12-18,9812
2408,南亞科,38,23,15,元大-台中,2024-12-18,9812
4540,全球傳動,79,65,14,元大-台中,2024-12-18,9812
2812,台中銀,14,0,14,元大-台中,2024-12-18,9812
2867,三商壽,15,1,14,元大-台中,2024-12-18,9812
2883,凱基金,17,3,14,元大-台中,2024-12-18,9812
1785,光洋科,28,16,12,元大-台中,2024-12-18,9812
9103,美德醫療-DR,12,0,12,元大-台中,2024-12-18,9812
5371,中光電,30,18,12,元大-台中,2024-12-18,9812
8249,菱光,76,64,12,元大-台中,2024-12-18,9812
3231,緯創,17,6,11,元大-台中,2024-12-18,9812
2363,矽統,16,5,11,元大-台中,2024-12-18,9812
8033,雷虎,22,11,11,元大-台中,2024-12-18,9812
2466,冠西電,11,0,11,元大-台中,2024-12-18,9812
6962,ITH-KY,36,26,10,元大-台中,2024-12-18,9812
2882,國泰金,12,2,10,元大-台中,2024-12-18,9812
4906,正文,13,3,10,元大-台中,2024-12-18,9812
3147,大綜,11,1,10,元大-台中,2024-12-18,9812
1313,聯成,10,1,9,元大-台中,2024-12-18,9812
6770,力積電,10,2,8,元大-台中,2024-12-18,9812
00965,元大航太防衛科技,8,0,8,元大-台中,2024-12-18,9812
2618,長榮航,46,38,8,元大-台中,2024-12-18,9812
2886,兆豐金,9,1,8,元大-台中,2024-12-18,9812
1536,和大,7,0,7,元大-台中,2024-12-18,9812
2392,正崴,10,3,7,元大-台中,2024-12-18,9812
2888,新光金,500,2,498,元大-台中,2024-12-19,9812
00679B,元大美債20年,345,65,280,元大-台中,2024-12-19,9812
2303,聯電,165,7,158,元大-台中,2024-12-19,9812
00937B,群益ESG投等債20,124,3,121,元大-台中,2024-12-19,9812
00918,大華優利高填息30,84,9,75,元大-台中,2024-12-19,9812
2615,萬海,76,3,73,元大-台中,2024-12-19,9812
00712,復華富時不動產,59,0,59,元大-台中,2024-12-19,9812
00687B,國泰20年美債,62,6,56,元大-台中,2024-12-19,9812
00919,群益台灣精選高息,78,34,44,元大-台中,2024-12-19,9812
3481,群創,63,20,43,元大-台中,2024-12-19,9812
00713,元大台灣高息低波,43,0,43,元大-台中,2024-12-19,9812
00646,元大S＆P500,42,0,42,元大-台中,2024-12-19,9812
0056,元大高股息,45,4,41,元大-台中,2024-12-19,9812
2881,富邦金,41,5,36,元大-台中,2024-12-19,9812
9105,泰金寶-DR,266,231,35,元大-台中,2024-12-19,9812
2883,凱基金,42,8,34,元大-台中,2024-12-19,9812
2618,長榮航,43,9,34,元大-台中,2024-12-19,9812
2317,鴻海,36,3,33,元大-台中,2024-12-19,9812
00878,國泰永續高股息,38,7,31,元大-台中,2024-12-19,9812
00922,國泰台灣領袖50,30,5,25,元大-台中,2024-12-19,9812
00706L,期元大S＆P日圓正2,23,0,23,元大-台中,2024-12-19,9812
6525,捷敏-KY,23,0,23,元大-台中,2024-12-19,9812
2408,南亞科,31,9,22,元大-台中,2024-12-19,9812
2027,大成鋼,21,0,21,元大-台中,2024-12-19,9812
5531,鄉林,52,31,21,元大-台中,2024-12-19,9812
00915,凱基優選高股息30,25,4,21,元大-台中,2024-12-19,9812
00664R,國泰臺灣加權反1,20,0,20,元大-台中,2024-12-19,9812
8059,凱碩,20,0,20,元大-台中,2024-12-19,9812
4919,新唐,19,0,19,元大-台中,2024-12-19,9812
2313,華通,36,19,17,元大-台中,2024-12-19,9812
006208,富邦台50,21,4,17,元大-台中,2024-12-19,9812
2355,敬鵬,16,0,16,元大-台中,2024-12-19,9812
2362,藍天,16,0,16,元大-台中,2024-12-19,9812
2062,橋椿,17,1,16,元大-台中,2024-12-19,9812
2382,廣達,18,2,16,元大-台中,2024-12-19,9812
5347,世界,15,0,15,元大-台中,2024-12-19,9812
2882,國泰金,18,4,14,元大-台中,2024-12-19,9812
2887,台新金,15,1,14,元大-台中,2024-12-19,9812
6179,亞通,14,0,14,元大-台中,2024-12-19,9812
4561,健椿,14,0,14,元大-台中,2024-12-19,9812
00948B,中信優息投資級債,13,0,13,元大-台中,2024-12-19,9812
6609,瀧澤科,17,5,12,元大-台中,2024-12-19,9812
4906,正文,12,0,12,元大-台中,2024-12-19,9812
3537,堡達,12,0,12,元大-台中,2024-12-19,9812
4306,炎洲,12,0,12,元大-台中,2024-12-19,9812
4563,百德,25,13,12,元大-台中,2024-12-19,9812
4974,亞泰,17,6,11,元大-台中,2024-12-19,9812
2617,台航,11,0,11,元大-台中,2024-12-19,9812
2371,大同,11,1,10,元大-台中,2024-12-19,9812
2834,臺企銀,12,2,10,元大-台中,2024-12-19,9812
