Ticker,Name,buy,sell,diff,Branch,Date,Branch_Code
00632R,元大台灣50反1,314,210,104,元大-八德,2023-01-03,9813
6136,富爾特,51,1,50,元大-八德,2023-01-03,9813
8069,元太,41,5,36,元大-八德,2023-01-03,9813
00683L,期元大美元指正2,28,0,28,元大-八德,2023-01-03,9813
2610,華航,26,0,26,元大-八德,2023-01-03,9813
3707,漢磊,23,1,22,元大-八德,2023-01-03,9813
2498,宏達電,41,21,20,元大-八德,2023-01-03,9813
1605,華新,78,59,19,元大-八德,2023-01-03,9813
1519,華城,37,19,18,元大-八德,2023-01-03,9813
1783,和康生,31,13,18,元大-八德,2023-01-03,9813
00878,國泰永續高股息,17,0,17,元大-八德,2023-01-03,9813
00631L,元大台灣50正2,20,3,17,元大-八德,2023-01-03,9813
2201,裕隆,32,17,15,元大-八德,2023-01-03,9813
2609,陽明,22,9,13,元大-八德,2023-01-03,9813
00720B,元大投資級公司債,11,0,11,元大-八德,2023-01-03,9813
00673R,期元大S＆P原油反1,10,0,10,元大-八德,2023-01-03,9813
5351,鈺創,11,1,10,元大-八德,2023-01-03,9813
6187,萬潤,10,0,10,元大-八德,2023-01-03,9813
2618,長榮航,22,13,9,元大-八德,2023-01-03,9813
6741,91APP*-KY,9,0,9,元大-八德,2023-01-03,9813
1409,新纖,7,0,7,元大-八德,2023-01-03,9813
2890,永豐金,6,0,6,元大-八德,2023-01-03,9813
2603,長榮,5,0,5,元大-八德,2023-01-03,9813
0056,元大高股息,7,2,5,元大-八德,2023-01-03,9813
5009,榮剛,5,0,5,元大-八德,2023-01-03,9813
1467,南緯,5,0,5,元大-八德,2023-01-03,9813
1316,上曜,5,0,5,元大-八德,2023-01-03,9813
1802,台玻,5,0,5,元大-八德,2023-01-03,9813
2250,IKKA-KY,5,0,5,元大-八德,2023-01-03,9813
2449,京元電子,5,0,5,元大-八德,2023-01-03,9813
2727,王品,5,0,5,元大-八德,2023-01-03,9813
2731,雄獅,5,0,5,元大-八德,2023-01-03,9813
2845,遠東銀,5,0,5,元大-八德,2023-01-03,9813
2892,第一金,5,0,5,元大-八德,2023-01-03,9813
3016,嘉晶,5,0,5,元大-八德,2023-01-03,9813
4746,台耀,5,0,5,元大-八德,2023-01-03,9813
4989,榮科,5,0,5,元大-八德,2023-01-03,9813
6151,晉倫,5,0,5,元大-八德,2023-01-03,9813
6443,元晶,7,2,5,元大-八德,2023-01-03,9813
4114,健喬,5,1,4,元大-八德,2023-01-03,9813
1795,美時,10,6,4,元大-八德,2023-01-03,9813
2465,麗臺,5,1,4,元大-八德,2023-01-03,9813
6215,和椿,4,0,4,元大-八德,2023-01-03,9813
006208,富邦台50,3,0,3,元大-八德,2023-01-03,9813
1752,南光,9,6,3,元大-八德,2023-01-03,9813
1584,精剛,5,2,3,元大-八德,2023-01-03,9813
2327,國巨,3,0,3,元大-八德,2023-01-03,9813
3163,波若威,3,0,3,元大-八德,2023-01-03,9813
4130,健亞,3,0,3,元大-八德,2023-01-03,9813
8021,尖點,3,0,3,元大-八德,2023-01-03,9813
00715L,期街口布蘭特正2,191,0,191,元大-八德,2023-01-04,9813
2382,廣達,150,1,149,元大-八德,2023-01-04,9813
00632R,元大台灣50反1,102,0,102,元大-八德,2023-01-04,9813
1605,華新,162,69,93,元大-八德,2023-01-04,9813
2615,萬海,81,7,74,元大-八德,2023-01-04,9813
2610,華航,41,1,40,元大-八德,2023-01-04,9813
1909,榮成,36,5,31,元大-八德,2023-01-04,9813
6274,台燿,30,0,30,元大-八德,2023-01-04,9813
8171,天宇,26,4,22,元大-八德,2023-01-04,9813
6244,茂迪,24,3,21,元大-八德,2023-01-04,9813
2605,新興,20,0,20,元大-八德,2023-01-04,9813
5014,建錩,20,1,19,元大-八德,2023-01-04,9813
1584,精剛,17,0,17,元大-八德,2023-01-04,9813
3438,類比科,12,0,12,元大-八德,2023-01-04,9813
2409,友達,21,9,12,元大-八德,2023-01-04,9813
3037,欣興,13,2,11,元大-八德,2023-01-04,9813
6187,萬潤,11,0,11,元大-八德,2023-01-04,9813
2204,中華,11,0,11,元大-八德,2023-01-04,9813
00674R,期元大S＆P黃金反1,10,0,10,元大-八德,2023-01-04,9813
00877,復華中國5G,10,0,10,元大-八德,2023-01-04,9813
2330,台積電,11,2,9,元大-八德,2023-01-04,9813
4906,正文,10,1,9,元大-八德,2023-01-04,9813
4931,新盛力,10,1,9,元大-八德,2023-01-04,9813
6443,元晶,16,7,9,元大-八德,2023-01-04,9813
2317,鴻海,13,6,7,元大-八德,2023-01-04,9813
2250,IKKA-KY,7,0,7,元大-八德,2023-01-04,9813
2303,聯電,8,1,7,元大-八德,2023-01-04,9813
2609,陽明,11,5,6,元大-八德,2023-01-04,9813
1752,南光,71,65,6,元大-八德,2023-01-04,9813
00713,元大台灣高息低波,5,0,5,元大-八德,2023-01-04,9813
2884,玉山金,5,0,5,元大-八德,2023-01-04,9813
1316,上曜,5,0,5,元大-八德,2023-01-04,9813
6461,益得,5,0,5,元大-八德,2023-01-04,9813
3508,位速,6,2,4,元大-八德,2023-01-04,9813
1467,南緯,4,0,4,元大-八德,2023-01-04,9813
00895,富邦未來車,4,0,4,元大-八德,2023-01-04,9813
2748,雲品,5,1,4,元大-八德,2023-01-04,9813
4137,麗豐-KY,4,0,4,元大-八德,2023-01-04,9813
4958,臻鼎-KY,4,0,4,元大-八德,2023-01-04,9813
2882,國泰金,7,3,4,元大-八德,2023-01-04,9813
00902,中信電池及儲能,3,0,3,元大-八德,2023-01-04,9813
2606,裕民,3,0,3,元大-八德,2023-01-04,9813
00642U,期元大S＆P石油,3,0,3,元大-八德,2023-01-04,9813
00637L,元大滬深300正2,7,4,3,元大-八德,2023-01-04,9813
00701,國泰股利精選30,3,0,3,元大-八德,2023-01-04,9813
2457,飛宏,3,0,3,元大-八德,2023-01-04,9813
3051,力特,3,0,3,元大-八德,2023-01-04,9813
3529,力旺,5,2,3,元大-八德,2023-01-04,9813
3545,敦泰,7,4,3,元大-八德,2023-01-04,9813
6235,華孚,27,24,3,元大-八德,2023-01-04,9813
00632R,元大台灣50反1,205,0,205,元大-八德,2023-01-05,9813
1444,力麗,115,0,115,元大-八德,2023-01-05,9813
00715L,期街口布蘭特正2,115,0,115,元大-八德,2023-01-05,9813
2303,聯電,46,0,46,元大-八德,2023-01-05,9813
2371,大同,43,0,43,元大-八德,2023-01-05,9813
00720B,元大投資級公司債,28,0,28,元大-八德,2023-01-05,9813
9103,美德醫療-DR,30,2,28,元大-八德,2023-01-05,9813
5905,南仁湖,30,3,27,元大-八德,2023-01-05,9813
2605,新興,23,0,23,元大-八德,2023-01-05,9813
6187,萬潤,20,2,18,元大-八德,2023-01-05,9813
6151,晉倫,17,0,17,元大-八德,2023-01-05,9813
1616,億泰,16,0,16,元大-八德,2023-01-05,9813
1605,華新,57,42,15,元大-八德,2023-01-05,9813
2250,IKKA-KY,15,0,15,元大-八德,2023-01-05,9813
00885,富邦越南,81,67,14,元大-八德,2023-01-05,9813
00650L,復華香港正2,13,0,13,元大-八德,2023-01-05,9813
9962,有益,13,0,13,元大-八德,2023-01-05,9813
2408,南亞科,14,2,12,元大-八德,2023-01-05,9813
5351,鈺創,15,3,12,元大-八德,2023-01-05,9813
3231,緯創,11,0,11,元大-八德,2023-01-05,9813
6190,萬泰科,12,1,11,元大-八德,2023-01-05,9813
8033,雷虎,11,0,11,元大-八德,2023-01-05,9813
00674R,期元大S＆P黃金反1,10,0,10,元大-八德,2023-01-05,9813
2101,南港,10,0,10,元大-八德,2023-01-05,9813
2615,萬海,12,2,10,元大-八德,2023-01-05,9813
4961,天鈺,11,1,10,元大-八德,2023-01-05,9813
1503,士電,9,0,9,元大-八德,2023-01-05,9813
2344,華邦電,13,4,9,元大-八德,2023-01-05,9813
3006,晶豪科,11,2,9,元大-八德,2023-01-05,9813
8222,寶一,9,0,9,元大-八德,2023-01-05,9813
1514,亞力,10,2,8,元大-八德,2023-01-05,9813
00642U,期元大S＆P石油,8,0,8,元大-八德,2023-01-05,9813
00680L,元大美債20正2,7,0,7,元大-八德,2023-01-05,9813
2883,凱基金,7,0,7,元大-八德,2023-01-05,9813
8358,金居,21,14,7,元大-八德,2023-01-05,9813
8171,天宇,12,6,6,元大-八德,2023-01-05,9813
1529,樂事綠能,8,3,5,元大-八德,2023-01-05,9813
1524,耿鼎,5,0,5,元大-八德,2023-01-05,9813
1316,上曜,5,0,5,元大-八德,2023-01-05,9813
1584,精剛,6,1,5,元大-八德,2023-01-05,9813
3017,奇鋐,5,0,5,元大-八德,2023-01-05,9813
3037,欣興,7,2,5,元大-八德,2023-01-05,9813
6451,訊芯-KY,5,0,5,元大-八德,2023-01-05,9813
8069,元太,16,12,4,元大-八德,2023-01-05,9813
2610,華航,4,0,4,元大-八德,2023-01-05,9813
2108,南帝,5,1,4,元大-八德,2023-01-05,9813
2458,義隆,4,0,4,元大-八德,2023-01-05,9813
2609,陽明,7,3,4,元大-八德,2023-01-05,9813
3083,網龍,6,2,4,元大-八德,2023-01-05,9813
4931,新盛力,7,3,4,元大-八德,2023-01-05,9813
00632R,元大台灣50反1,148,10,138,元大-八德,2023-01-06,9813
1605,華新,182,66,116,元大-八德,2023-01-06,9813
2303,聯電,128,24,104,元大-八德,2023-01-06,9813
00720B,元大投資級公司債,74,0,74,元大-八德,2023-01-06,9813
3481,群創,70,15,55,元大-八德,2023-01-06,9813
8069,元太,57,9,48,元大-八德,2023-01-06,9813
1504,東元,40,1,39,元大-八德,2023-01-06,9813
00902,中信電池及儲能,40,2,38,元大-八德,2023-01-06,9813
4572,駐龍,34,0,34,元大-八德,2023-01-06,9813
4735,豪展,37,3,34,元大-八德,2023-01-06,9813
1701,中化,42,9,33,元大-八德,2023-01-06,9813
5410,國眾,30,0,30,元大-八德,2023-01-06,9813
6806,森崴能源,25,2,23,元大-八德,2023-01-06,9813
4966,譜瑞-KY,15,1,14,元大-八德,2023-01-06,9813
8358,金居,31,19,12,元大-八德,2023-01-06,9813
2892,第一金,12,1,11,元大-八德,2023-01-06,9813
2328,廣宇,11,0,11,元大-八德,2023-01-06,9813
6151,晉倫,11,0,11,元大-八德,2023-01-06,9813
2886,兆豐金,10,0,10,元大-八德,2023-01-06,9813
1444,力麗,10,0,10,元大-八德,2023-01-06,9813
00715L,期街口布蘭特正2,10,0,10,元大-八德,2023-01-06,9813
3576,聯合再生,12,2,10,元大-八德,2023-01-06,9813
6245,立端,11,1,10,元大-八德,2023-01-06,9813
1101,台泥,10,1,9,元大-八德,2023-01-06,9813
4968,立積,9,0,9,元大-八德,2023-01-06,9813
4746,台耀,9,0,9,元大-八德,2023-01-06,9813
1608,華榮,8,0,8,元大-八德,2023-01-06,9813
00881,國泰台灣5G+,6,0,6,元大-八德,2023-01-06,9813
00895,富邦未來車,6,0,6,元大-八德,2023-01-06,9813
2014,中鴻,7,1,6,元大-八德,2023-01-06,9813
4114,健喬,25,19,6,元大-八德,2023-01-06,9813
4167,松瑞藥,7,1,6,元大-八德,2023-01-06,9813
5009,榮剛,6,0,6,元大-八德,2023-01-06,9813
1460,宏遠,5,0,5,元大-八德,2023-01-06,9813
1316,上曜,5,0,5,元大-八德,2023-01-06,9813
2845,遠東銀,5,0,5,元大-八德,2023-01-06,9813
3374,精材,8,3,5,元大-八德,2023-01-06,9813
3548,兆利,5,0,5,元大-八德,2023-01-06,9813
5014,建錩,5,0,5,元大-八德,2023-01-06,9813
5475,德宏,5,0,5,元大-八德,2023-01-06,9813
6532,瑞耘,5,0,5,元大-八德,2023-01-06,9813
2317,鴻海,6,1,5,元大-八德,2023-01-06,9813
2308,台達電,5,0,5,元大-八德,2023-01-06,9813
1514,亞力,4,0,4,元大-八德,2023-01-06,9813
2409,友達,42,38,4,元大-八德,2023-01-06,9813
3324,雙鴻,4,0,4,元大-八德,2023-01-06,9813
3714,富采,5,1,4,元大-八德,2023-01-06,9813
6414,樺漢,4,0,4,元大-八德,2023-01-06,9813
2888,新光金,3,0,3,元大-八德,2023-01-06,9813
00772B,中信高評級公司債,3,0,3,元大-八德,2023-01-06,9813
00632R,元大台灣50反1,546,0,546,元大-八德,2023-01-09,9813
6274,台燿,160,0,160,元大-八德,2023-01-09,9813
4961,天鈺,82,1,81,元大-八德,2023-01-09,9813
00669R,國泰美國道瓊反1,35,0,35,元大-八德,2023-01-09,9813
6789,采鈺,32,0,32,元大-八德,2023-01-09,9813
4979,華星光,31,0,31,元大-八德,2023-01-09,9813
4707,磐亞,30,0,30,元大-八德,2023-01-09,9813
1605,華新,72,43,29,元大-八德,2023-01-09,9813
8289,泰藝,27,0,27,元大-八德,2023-01-09,9813
2328,廣宇,26,0,26,元大-八德,2023-01-09,9813
2379,瑞昱,32,7,25,元大-八德,2023-01-09,9813
00683L,期元大美元指正2,22,0,22,元大-八德,2023-01-09,9813
00676R,富邦臺灣加權反1,20,0,20,元大-八德,2023-01-09,9813
2367,燿華,20,0,20,元大-八德,2023-01-09,9813
2603,長榮,20,1,19,元大-八德,2023-01-09,9813
4572,駐龍,18,0,18,元大-八德,2023-01-09,9813
1513,中興電,26,9,17,元大-八德,2023-01-09,9813
00752,中信中國50,15,0,15,元大-八德,2023-01-09,9813
2354,鴻準,15,0,15,元大-八德,2023-01-09,9813
2457,飛宏,14,0,14,元大-八德,2023-01-09,9813
3443,創意,18,5,13,元大-八德,2023-01-09,9813
5009,榮剛,13,0,13,元大-八德,2023-01-09,9813
2707,晶華,12,0,12,元大-八德,2023-01-09,9813
4114,健喬,15,4,11,元大-八德,2023-01-09,9813
2317,鴻海,21,11,10,元大-八德,2023-01-09,9813
2201,裕隆,24,14,10,元大-八德,2023-01-09,9813
2250,IKKA-KY,10,0,10,元大-八德,2023-01-09,9813
3438,類比科,10,0,10,元大-八德,2023-01-09,9813
5269,祥碩,13,3,10,元大-八德,2023-01-09,9813
1560,中砂,10,0,10,元大-八德,2023-01-09,9813
00881,國泰台灣5G+,9,0,9,元大-八德,2023-01-09,9813
00650L,復華香港正2,7,0,7,元大-八德,2023-01-09,9813
2489,瑞軒,7,0,7,元大-八德,2023-01-09,9813
2606,裕民,16,9,7,元大-八德,2023-01-09,9813
3207,耀勝,7,0,7,元大-八德,2023-01-09,9813
6285,啟��,13,7,6,元大-八德,2023-01-09,9813
1444,力麗,6,0,6,元大-八德,2023-01-09,9813
2641,正德,6,0,6,元大-八德,2023-01-09,9813
6151,晉倫,8,2,6,元大-八德,2023-01-09,9813
6205,詮欣,7,1,6,元大-八德,2023-01-09,9813
6269,台郡,6,0,6,元大-八德,2023-01-09,9813
2312,金寶,10,4,6,元大-八德,2023-01-09,9813
6806,森崴能源,15,10,5,元大-八德,2023-01-09,9813
1316,上曜,5,0,5,元大-八德,2023-01-09,9813
1618,合機,5,0,5,元大-八德,2023-01-09,9813
2031,新光鋼,5,0,5,元大-八德,2023-01-09,9813
2731,雄獅,5,0,5,元大-八德,2023-01-09,9813
2867,三商壽,5,0,5,元大-八德,2023-01-09,9813
4162,智擎,10,5,5,元大-八德,2023-01-09,9813
6220,岳豐,5,0,5,元大-八德,2023-01-09,9813
0056,元大高股息,600,38,562,元大-八德,2023-01-10,9813
1560,中砂,244,20,224,元大-八德,2023-01-10,9813
2303,聯電,199,69,130,元大-八德,2023-01-10,9813
2317,鴻海,110,3,107,元大-八德,2023-01-10,9813
2851,中再保,31,0,31,元大-八德,2023-01-10,9813
1101,台泥,23,2,21,元大-八德,2023-01-10,9813
5607,遠雄港,21,0,21,元大-八德,2023-01-10,9813
00683L,期元大美元指正2,18,0,18,元大-八德,2023-01-10,9813
1513,中興電,27,11,16,元大-八德,2023-01-10,9813
5410,國眾,15,0,15,元大-八德,2023-01-10,9813
3438,類比科,13,0,13,元大-八德,2023-01-10,9813
2454,聯發科,20,7,13,元大-八德,2023-01-10,9813
2357,華碩,11,0,11,元大-八德,2023-01-10,9813
00671R,富邦NASDAQ反1,10,0,10,元大-八德,2023-01-10,9813
00670L,富邦NASDAQ正2,10,0,10,元大-八德,2023-01-10,9813
1309,台達化,10,0,10,元大-八德,2023-01-10,9813
2376,技嘉,10,0,10,元大-八德,2023-01-10,9813
3713,新晶投控,10,0,10,元大-八德,2023-01-10,9813
5469,瀚宇博,10,0,10,元大-八德,2023-01-10,9813
6136,富爾特,10,0,10,元大-八德,2023-01-10,9813
6789,采鈺,8,0,8,元大-八德,2023-01-10,9813
2609,陽明,9,2,7,元大-八德,2023-01-10,9813
3454,晶睿,16,9,7,元大-八德,2023-01-10,9813
2338,光罩,7,0,7,元大-八德,2023-01-10,9813
6446,藥華藥,6,0,6,元大-八德,2023-01-10,9813
5009,榮剛,6,0,6,元大-八德,2023-01-10,9813
6285,啟��,7,2,5,元大-八德,2023-01-10,9813
1752,南光,17,12,5,元大-八德,2023-01-10,9813
1444,力麗,6,1,5,元大-八德,2023-01-10,9813
1316,上曜,5,0,5,元大-八德,2023-01-10,9813
00725B,國泰投資級公司債,5,0,5,元大-八德,2023-01-10,9813
2359,所羅門,5,0,5,元大-八德,2023-01-10,9813
2368,金像電,5,0,5,元大-八德,2023-01-10,9813
3548,兆利,5,0,5,元大-八德,2023-01-10,9813
4106,雃博,6,1,5,元大-八德,2023-01-10,9813
6491,晶碩,5,0,5,元大-八德,2023-01-10,9813
8050,廣積,5,0,5,元大-八德,2023-01-10,9813
9103,美德醫療-DR,5,0,5,元大-八德,2023-01-10,9813
1305,華夏,8,3,5,元大-八德,2023-01-10,9813
6806,森崴能源,4,0,4,元大-八德,2023-01-10,9813
2401,凌陽,14,10,4,元大-八德,2023-01-10,9813
2498,宏達電,11,7,4,元大-八德,2023-01-10,9813
2929,淘帝-KY,4,0,4,元大-八德,2023-01-10,9813
3406,玉晶光,4,0,4,元大-八德,2023-01-10,9813
4167,松瑞藥,6,2,4,元大-八德,2023-01-10,9813
6477,安集,15,11,4,元大-八德,2023-01-10,9813
6770,力積電,6,2,4,元大-八德,2023-01-10,9813
8016,矽創,4,0,4,元大-八德,2023-01-10,9813
8171,天宇,9,5,4,元大-八德,2023-01-10,9813
6104,創惟,4,0,4,元大-八德,2023-01-10,9813
2358,廷鑫,141,0,141,元大-八德,2023-01-11,9813
00679B,元大美債20年,84,0,84,元大-八德,2023-01-11,9813
00633L,富邦上証正2,100,50,50,元大-八德,2023-01-11,9813
2618,長榮航,74,29,45,元大-八德,2023-01-11,9813
2836,高雄銀,31,0,31,元大-八德,2023-01-11,9813
1616,億泰,25,0,25,元大-八德,2023-01-11,9813
00683L,期元大美元指正2,20,0,20,元大-八德,2023-01-11,9813
2204,中華,20,0,20,元大-八德,2023-01-11,9813
5009,榮剛,34,17,17,元大-八德,2023-01-11,9813
1584,精剛,39,25,14,元大-八德,2023-01-11,9813
8996,高力,23,9,14,元大-八德,2023-01-11,9813
00632R,元大台灣50反1,12,0,12,元大-八德,2023-01-11,9813
1529,樂事綠能,16,5,11,元大-八德,2023-01-11,9813
00671R,富邦NASDAQ反1,10,0,10,元大-八德,2023-01-11,9813
2444,兆勁,10,0,10,元大-八德,2023-01-11,9813
5410,國眾,10,0,10,元大-八德,2023-01-11,9813
00720B,元大投資級公司債,9,0,9,元大-八德,2023-01-11,9813
3537,堡達,9,0,9,元大-八德,2023-01-11,9813
1701,中化,9,1,8,元大-八德,2023-01-11,9813
00692,富邦公司治理,6,0,6,元大-八德,2023-01-11,9813
1444,力麗,6,0,6,元大-八德,2023-01-11,9813
2609,陽明,8,2,6,元大-八德,2023-01-11,9813
2615,萬海,7,1,6,元大-八德,2023-01-11,9813
3088,艾訊,6,0,6,元大-八德,2023-01-11,9813
9103,美德醫療-DR,8,2,6,元大-八德,2023-01-11,9813
8171,天宇,8,3,5,元大-八德,2023-01-11,9813
1101,台泥,10,5,5,元大-八德,2023-01-11,9813
2250,IKKA-KY,5,0,5,元大-八德,2023-01-11,9813
2634,漢翔,5,0,5,元大-八德,2023-01-11,9813
3346,麗清,5,0,5,元大-八德,2023-01-11,9813
5353,台林,5,0,5,元大-八德,2023-01-11,9813
8222,寶一,6,1,5,元大-八德,2023-01-11,9813
2498,宏達電,17,12,5,元大-八德,2023-01-11,9813
1736,喬山,4,0,4,元大-八德,2023-01-11,9813
2014,中鴻,22,18,4,元大-八德,2023-01-11,9813
3083,網龍,4,0,4,元大-八德,2023-01-11,9813
6150,撼訊,4,0,4,元大-八德,2023-01-11,9813
6679,鈺太,5,1,4,元大-八德,2023-01-11,9813
6770,力積電,7,3,4,元大-八德,2023-01-11,9813
1760,寶齡富錦,9,6,3,元大-八德,2023-01-11,9813
00878,國泰永續高股息,3,0,3,元大-八德,2023-01-11,9813
00891,中信關鍵半導體,3,0,3,元大-八德,2023-01-11,9813
1612,宏泰,3,0,3,元大-八德,2023-01-11,9813
3005,神基,3,0,3,元大-八德,2023-01-11,9813
3092,鴻碩,3,0,3,元大-八德,2023-01-11,9813
3289,宜特,13,10,3,元大-八德,2023-01-11,9813
4968,立積,11,8,3,元大-八德,2023-01-11,9813
4979,華星光,31,28,3,元大-八德,2023-01-11,9813
5904,寶雅,3,0,3,元大-八德,2023-01-11,9813
6182,合晶,3,0,3,元大-八德,2023-01-11,9813
2851,中再保,45,0,45,元大-八德,2023-01-12,9813
1305,華夏,40,0,40,元大-八德,2023-01-12,9813
2498,宏達電,40,14,26,元大-八德,2023-01-12,9813
6789,采鈺,34,8,26,元大-八德,2023-01-12,9813
8299,群聯,26,0,26,元大-八德,2023-01-12,9813
6770,力積電,30,6,24,元大-八德,2023-01-12,9813
6182,合晶,19,0,19,元大-八德,2023-01-12,9813
3037,欣興,23,5,18,元大-八德,2023-01-12,9813
8044,網家,15,0,15,元大-八德,2023-01-12,9813
9103,美德醫療-DR,15,0,15,元大-八德,2023-01-12,9813
00882,中信中國高股息,12,0,12,元大-八德,2023-01-12,9813
00683L,期元大美元指正2,12,0,12,元大-八德,2023-01-12,9813
00679B,元大美債20年,12,0,12,元大-八德,2023-01-12,9813
3005,神基,12,0,12,元大-八德,2023-01-12,9813
2308,台達電,12,0,12,元大-八德,2023-01-12,9813
6235,華孚,11,0,11,元大-八德,2023-01-12,9813
1605,華新,39,28,11,元大-八德,2023-01-12,9813
2609,陽明,10,0,10,元大-八德,2023-01-12,9813
1795,美時,25,15,10,元大-八德,2023-01-12,9813
00671R,富邦NASDAQ反1,10,0,10,元大-八德,2023-01-12,9813
3704,合勤控,20,10,10,元大-八德,2023-01-12,9813
6111,大宇資,10,0,10,元大-八德,2023-01-12,9813
2603,長榮,11,1,10,元大-八德,2023-01-12,9813
2836,高雄銀,8,0,8,元大-八德,2023-01-12,9813
2436,偉詮電,8,1,7,元大-八德,2023-01-12,9813
00646,元大S＆P500,8,1,7,元大-八德,2023-01-12,9813
8938,明安,8,2,6,元大-八德,2023-01-12,9813
00673R,期元大S＆P原油反1,6,0,6,元大-八德,2023-01-12,9813
2327,國巨,7,1,6,元大-八德,2023-01-12,9813
2615,萬海,6,0,6,元大-八德,2023-01-12,9813
6213,聯茂,6,0,6,元大-八德,2023-01-12,9813
6234,高僑,6,0,6,元大-八德,2023-01-12,9813
8049,晶采,7,1,6,元大-八德,2023-01-12,9813
6415,矽力*-KY,5,0,5,元大-八德,2023-01-12,9813
1444,力麗,5,0,5,元大-八德,2023-01-12,9813
1316,上曜,5,0,5,元大-八德,2023-01-12,9813
1218,泰山,5,0,5,元大-八德,2023-01-12,9813
00648R,元大S＆P500反1,5,0,5,元大-八德,2023-01-12,9813
2023,燁輝,5,0,5,元大-八德,2023-01-12,9813
2328,廣宇,5,0,5,元大-八德,2023-01-12,9813
2880,華南金,5,0,5,元大-八德,2023-01-12,9813
3687,歐買尬,5,0,5,元大-八德,2023-01-12,9813
4130,健亞,6,1,5,元大-八德,2023-01-12,9813
6185,幃翔,5,0,5,元大-八德,2023-01-12,9813
6443,元晶,8,3,5,元大-八德,2023-01-12,9813
6535,順藥,5,0,5,元大-八德,2023-01-12,9813
6651,全宇昕,5,0,5,元大-八德,2023-01-12,9813
2062,橋椿,4,0,4,元大-八德,2023-01-12,9813
4743,合一,8,4,4,元大-八德,2023-01-12,9813
2368,金像電,4,0,4,元大-八德,2023-01-12,9813
2882,國泰金,101,5,96,元大-八德,2023-01-13,9813
00706L,期元大S＆P日圓正2,95,0,95,元大-八德,2023-01-13,9813
00632R,元大台灣50反1,62,5,57,元大-八德,2023-01-13,9813
00878,國泰永續高股息,56,0,56,元大-八德,2023-01-13,9813
2881,富邦金,51,3,48,元大-八德,2023-01-13,9813
00683L,期元大美元指正2,44,0,44,元大-八德,2023-01-13,9813
00720B,元大投資級公司債,33,0,33,元大-八德,2023-01-13,9813
00679B,元大美債20年,24,1,23,元大-八德,2023-01-13,9813
1308,亞聚,20,0,20,元大-八德,2023-01-13,9813
3537,堡達,15,0,15,元大-八德,2023-01-13,9813
02001L,富邦蘋果正二N,12,0,12,元大-八德,2023-01-13,9813
2375,凱美,12,0,12,元大-八德,2023-01-13,9813
6245,立端,14,3,11,元大-八德,2023-01-13,9813
2892,第一金,11,0,11,元大-八德,2023-01-13,9813
00900,富邦特選高股息30,10,0,10,元大-八德,2023-01-13,9813
00770,國泰北美科技,10,0,10,元大-八德,2023-01-13,9813
2481,強茂,10,0,10,元大-八德,2023-01-13,9813
8421,旭源,10,0,10,元大-八德,2023-01-13,9813
2404,漢唐,11,2,9,元大-八德,2023-01-13,9813
2836,高雄銀,9,0,9,元大-八德,2023-01-13,9813
6235,華孚,8,0,8,元大-八德,2023-01-13,9813
8050,廣積,9,1,8,元大-八德,2023-01-13,9813
9962,有益,8,0,8,元大-八德,2023-01-13,9813
2880,華南金,8,0,8,元大-八德,2023-01-13,9813
00882,中信中國高股息,7,0,7,元大-八德,2023-01-13,9813
2886,兆豐金,10,3,7,元大-八德,2023-01-13,9813
2752,豆府,7,0,7,元大-八德,2023-01-13,9813
3005,神基,7,0,7,元大-八德,2023-01-13,9813
2454,聯發科,16,9,7,元大-八德,2023-01-13,9813
6151,晉倫,7,1,6,元大-八德,2023-01-13,9813
8183,精星,6,0,6,元大-八德,2023-01-13,9813
8358,金居,15,9,6,元大-八德,2023-01-13,9813
2002,中鋼,9,3,6,元大-八德,2023-01-13,9813
2062,橋椿,5,0,5,元大-八德,2023-01-13,9813
3515,華擎,6,1,5,元大-八德,2023-01-13,9813
5274,信驊,6,1,5,元大-八德,2023-01-13,9813
1444,力麗,5,0,5,元大-八德,2023-01-13,9813
00749B,凱基新興債10+,5,0,5,元大-八德,2023-01-13,9813
1524,耿鼎,5,0,5,元大-八德,2023-01-13,9813
1717,長興,5,0,5,元大-八德,2023-01-13,9813
2358,廷鑫,6,1,5,元大-八德,2023-01-13,9813
6185,幃翔,5,0,5,元大-八德,2023-01-13,9813
8420,明揚,5,0,5,元大-八德,2023-01-13,9813
00646,元大S＆P500,4,0,4,元大-八德,2023-01-13,9813
2022,聚亨,4,0,4,元大-八德,2023-01-13,9813
9928,中視,4,0,4,元大-八德,2023-01-13,9813
006208,富邦台50,4,1,3,元大-八德,2023-01-13,9813
2607,榮運,3,0,3,元大-八德,2023-01-13,9813
00772B,中信高評級公司債,3,0,3,元大-八德,2023-01-13,9813
2329,華泰,3,0,3,元大-八德,2023-01-13,9813
00632R,元大台灣50反1,109,0,109,元大-八德,2023-01-16,9813
2752,豆府,53,0,53,元大-八德,2023-01-16,9813
2610,華航,82,32,50,元大-八德,2023-01-16,9813
2358,廷鑫,49,0,49,元大-八德,2023-01-16,9813
00720B,元大投資級公司債,46,0,46,元大-八德,2023-01-16,9813
6188,廣明,42,0,42,元大-八德,2023-01-16,9813
1101,台泥,48,7,41,元大-八德,2023-01-16,9813
2605,新興,40,1,39,元大-八德,2023-01-16,9813
00878,國泰永續高股息,53,16,37,元大-八德,2023-01-16,9813
1229,聯華,30,0,30,元大-八德,2023-01-16,9813
1227,佳格,25,0,25,元大-八德,2023-01-16,9813
00679B,元大美債20年,19,0,19,元大-八德,2023-01-16,9813
2303,聯電,51,32,19,元大-八德,2023-01-16,9813
00683L,期元大美元指正2,14,0,14,元大-八德,2023-01-16,9813
2317,鴻海,12,0,12,元大-八德,2023-01-16,9813
00670L,富邦NASDAQ正2,12,0,12,元大-八德,2023-01-16,9813
00749B,凱基新興債10+,10,0,10,元大-八德,2023-01-16,9813
2367,燿華,10,0,10,元大-八德,2023-01-16,9813
2727,王品,10,0,10,元大-八德,2023-01-16,9813
8415,大國鋼,10,0,10,元大-八德,2023-01-16,9813
2603,長榮,12,3,9,元大-八德,2023-01-16,9813
2002,中鋼,11,2,9,元大-八德,2023-01-16,9813
9938,百和,9,0,9,元大-八德,2023-01-16,9813
0050,元大台灣50,10,2,8,元大-八德,2023-01-16,9813
8069,元太,15,7,8,元大-八德,2023-01-16,9813
2892,第一金,10,2,8,元大-八德,2023-01-16,9813
8044,網家,14,6,8,元大-八德,2023-01-16,9813
00752,中信中國50,7,0,7,元大-八德,2023-01-16,9813
4174,浩鼎,7,0,7,元大-八德,2023-01-16,9813
2327,國巨,7,1,6,元大-八德,2023-01-16,9813
2886,兆豐金,10,4,6,元大-八德,2023-01-16,9813
5543,桓鼎-KY,6,0,6,元大-八德,2023-01-16,9813
6282,康舒,6,0,6,元大-八德,2023-01-16,9813
1316,上曜,5,0,5,元大-八德,2023-01-16,9813
00646,元大S＆P500,5,0,5,元大-八德,2023-01-16,9813
00757,統一FANG+,5,0,5,元大-八德,2023-01-16,9813
00893,國泰智能電動車,5,0,5,元大-八德,2023-01-16,9813
1467,南緯,5,0,5,元大-八德,2023-01-16,9813
1519,華城,5,0,5,元大-八德,2023-01-16,9813
2014,中鴻,7,2,5,元大-八德,2023-01-16,9813
2250,IKKA-KY,5,0,5,元大-八德,2023-01-16,9813
3041,揚智,5,0,5,元大-八德,2023-01-16,9813
3296,勝德,5,0,5,元大-八德,2023-01-16,9813
3363,上詮,5,0,5,元大-八德,2023-01-16,9813
5340,建榮,6,1,5,元大-八德,2023-01-16,9813
8150,南茂,5,0,5,元大-八德,2023-01-16,9813
8916,光隆,5,0,5,元大-八德,2023-01-16,9813
9962,有益,5,0,5,元大-八德,2023-01-16,9813
3680,家登,4,0,4,元大-八德,2023-01-16,9813
1584,精剛,5,1,4,元大-八德,2023-01-16,9813
4532,瑞智,240,0,240,元大-八德,2023-01-17,9813
00632R,元大台灣50反1,92,0,92,元大-八德,2023-01-17,9813
00878,國泰永續高股息,81,1,80,元大-八德,2023-01-17,9813
1473,台南,60,0,60,元大-八德,2023-01-17,9813
6136,富爾特,38,0,38,元大-八德,2023-01-17,9813
2610,華航,35,0,35,元大-八德,2023-01-17,9813
6188,廣明,29,0,29,元大-八德,2023-01-17,9813
2605,新興,23,0,23,元大-八德,2023-01-17,9813
3005,神基,22,0,22,元大-八德,2023-01-17,9813
1101,台泥,20,0,20,元大-八德,2023-01-17,9813
1504,東元,20,0,20,元大-八德,2023-01-17,9813
2360,致茂,20,0,20,元大-八德,2023-01-17,9813
2886,兆豐金,22,2,20,元大-八德,2023-01-17,9813
2892,第一金,20,0,20,元大-八德,2023-01-17,9813
00713,元大台灣高息低波,17,1,16,元大-八德,2023-01-17,9813
00902,中信電池及儲能,17,1,16,元大-八德,2023-01-17,9813
6165,浪凡,17,1,16,元大-八德,2023-01-17,9813
8916,光隆,15,0,15,元大-八德,2023-01-17,9813
1616,億泰,15,0,15,元大-八德,2023-01-17,9813
00679B,元大美債20年,12,0,12,元大-八德,2023-01-17,9813
6180,橘子,16,4,12,元大-八德,2023-01-17,9813
6789,采鈺,12,0,12,元大-八德,2023-01-17,9813
00670L,富邦NASDAQ正2,11,0,11,元大-八德,2023-01-17,9813
1316,上曜,10,0,10,元大-八德,2023-01-17,9813
00683L,期元大美元指正2,10,0,10,元大-八德,2023-01-17,9813
2633,台灣高鐵,10,0,10,元大-八德,2023-01-17,9813
3465,進泰電子,10,0,10,元大-八德,2023-01-17,9813
8932,智通*,10,0,10,元大-八德,2023-01-17,9813
3704,合勤控,9,0,9,元大-八德,2023-01-17,9813
1608,華榮,9,0,9,元大-八德,2023-01-17,9813
1752,南光,8,0,8,元大-八德,2023-01-17,9813
00892,富邦台灣半導體,8,0,8,元大-八德,2023-01-17,9813
5351,鈺創,10,2,8,元大-八德,2023-01-17,9813
2834,臺企銀,11,3,8,元大-八德,2023-01-17,9813
00637L,元大滬深300正2,7,0,7,元大-八德,2023-01-17,9813
2250,IKKA-KY,7,0,7,元大-八德,2023-01-17,9813
3481,群創,7,0,7,元大-八德,2023-01-17,9813
6182,合晶,7,0,7,元大-八德,2023-01-17,9813
00720B,元大投資級公司債,25,19,6,元大-八德,2023-01-17,9813
00680L,元大美債20正2,6,0,6,元大-八德,2023-01-17,9813
00636,國泰中國A50,6,0,6,元大-八德,2023-01-17,9813
6770,力積電,6,0,6,元大-八德,2023-01-17,9813
2330,台積電,10,4,6,元大-八德,2023-01-17,9813
00900,富邦特選高股息30,5,0,5,元大-八德,2023-01-17,9813
00882,中信中國高股息,5,0,5,元大-八德,2023-01-17,9813
00893,國泰智能電動車,6,1,5,元大-八德,2023-01-17,9813
2358,廷鑫,5,0,5,元大-八德,2023-01-17,9813
2486,一詮,5,0,5,元大-八德,2023-01-17,9813
4130,健亞,5,0,5,元大-八德,2023-01-17,9813
5608,四維航,5,0,5,元大-八德,2023-01-17,9813
2002,中鋼,83,8,75,元大-八德,2023-01-30,9813
00632R,元大台灣50反1,170,100,70,元大-八德,2023-01-30,9813
2358,廷鑫,67,1,66,元大-八德,2023-01-30,9813
5425,台半,54,5,49,元大-八德,2023-01-30,9813
2481,強茂,65,16,49,元大-八德,2023-01-30,9813
6165,浪凡,35,1,34,元大-八德,2023-01-30,9813
00671R,富邦NASDAQ反1,32,0,32,元大-八德,2023-01-30,9813
2317,鴻海,33,2,31,元大-八德,2023-01-30,9813
1444,力麗,30,0,30,元大-八德,2023-01-30,9813
8933,愛地雅,25,0,25,元大-八德,2023-01-30,9813
00720B,元大投資級公司債,18,0,18,元大-八德,2023-01-30,9813
3438,類比科,18,0,18,元大-八德,2023-01-30,9813
2352,佳世達,22,5,17,元大-八德,2023-01-30,9813
2362,藍天,15,0,15,元大-八德,2023-01-30,9813
2752,豆府,15,0,15,元大-八德,2023-01-30,9813
6180,橘子,17,2,15,元大-八德,2023-01-30,9813
00878,國泰永續高股息,66,51,15,元大-八德,2023-01-30,9813
2609,陽明,23,9,14,元大-八德,2023-01-30,9813
1815,富喬,13,0,13,元大-八德,2023-01-30,9813
2014,中鴻,41,28,13,元大-八德,2023-01-30,9813
00696B,富邦美債20年,12,0,12,元大-八德,2023-01-30,9813
8436,大江,14,2,12,元大-八德,2023-01-30,9813
4114,健喬,13,2,11,元大-八德,2023-01-30,9813
1467,南緯,11,0,11,元大-八德,2023-01-30,9813
00679B,元大美債20年,10,0,10,元大-八德,2023-01-30,9813
2880,華南金,10,0,10,元大-八德,2023-01-30,9813
2515,中工,10,0,10,元大-八德,2023-01-30,9813
00680L,元大美債20正2,10,0,10,元大-八德,2023-01-30,9813
2465,麗臺,30,20,10,元大-八德,2023-01-30,9813
4915,致伸,10,0,10,元大-八德,2023-01-30,9813
5015,華祺,10,0,10,元大-八德,2023-01-30,9813
5907,大洋-KY,10,0,10,元大-八德,2023-01-30,9813
8261,富鼎,15,5,10,元大-八德,2023-01-30,9813
9103,美德醫療-DR,9,0,9,元大-八德,2023-01-30,9813
6782,視陽,9,1,8,元大-八德,2023-01-30,9813
4979,華星光,32,24,8,元大-八德,2023-01-30,9813
6789,采鈺,9,1,8,元大-八德,2023-01-30,9813
3465,進泰電子,7,0,7,元大-八德,2023-01-30,9813
2337,旺宏,10,4,6,元大-八德,2023-01-30,9813
1616,億泰,6,0,6,元大-八德,2023-01-30,9813
2497,怡利電,7,1,6,元大-八德,2023-01-30,9813
5608,四維航,6,0,6,元大-八德,2023-01-30,9813
4966,譜瑞-KY,7,1,6,元大-八德,2023-01-30,9813
2344,華邦電,10,4,6,元大-八德,2023-01-30,9813
2892,第一金,5,0,5,元大-八德,2023-01-30,9813
1316,上曜,5,0,5,元大-八德,2023-01-30,9813
2233,宇隆,5,0,5,元大-八德,2023-01-30,9813
3044,健鼎,5,0,5,元大-八德,2023-01-30,9813
5011,久陽,5,0,5,元大-八德,2023-01-30,9813
2308,台達電,6,2,4,元大-八德,2023-01-30,9813
1609,大亞,832,8,824,元大-八德,2023-01-31,9813
00885,富邦越南,103,5,98,元大-八德,2023-01-31,9813
2303,聯電,169,99,70,元大-八德,2023-01-31,9813
00632R,元大台灣50反1,56,0,56,元大-八德,2023-01-31,9813
1722,台肥,51,0,51,元大-八德,2023-01-31,9813
5009,榮剛,50,0,50,元大-八德,2023-01-31,9813
00878,國泰永續高股息,75,25,50,元大-八德,2023-01-31,9813
6443,元晶,46,8,38,元大-八德,2023-01-31,9813
00720B,元大投資級公司債,37,0,37,元大-八德,2023-01-31,9813
2885,元大金,39,3,36,元大-八德,2023-01-31,9813
2330,台積電,39,4,35,元大-八德,2023-01-31,9813
4979,華星光,63,30,33,元大-八德,2023-01-31,9813
00905,FT臺灣Smart,35,4,31,元大-八德,2023-01-31,9813
8358,金居,38,9,29,元大-八德,2023-01-31,9813
1783,和康生,34,7,27,元大-八德,2023-01-31,9813
2352,佳世達,31,6,25,元大-八德,2023-01-31,9813
00679B,元大美債20年,22,0,22,元大-八德,2023-01-31,9813
2028,威致,21,0,21,元大-八德,2023-01-31,9813
2880,華南金,20,1,19,元大-八德,2023-01-31,9813
3305,昇貿,22,3,19,元大-八德,2023-01-31,9813
8038,長園科,21,2,19,元大-八德,2023-01-31,9813
020034,元大IC設計N,22,5,17,元大-八德,2023-01-31,9813
2362,藍天,15,0,15,元大-八德,2023-01-31,9813
6122,擎邦,15,0,15,元大-八德,2023-01-31,9813
1303,南亞,16,2,14,元大-八德,2023-01-31,9813
3596,智易,12,0,12,元大-八德,2023-01-31,9813
1467,南緯,11,0,11,元大-八德,2023-01-31,9813
6278,台表科,12,1,11,元大-八德,2023-01-31,9813
8028,昇陽半導體,11,0,11,元大-八德,2023-01-31,9813
5243,乙盛-KY,12,1,11,元大-八德,2023-01-31,9813
3711,日月光投控,10,0,10,元大-八德,2023-01-31,9813
00701,國泰股利精選30,10,0,10,元大-八德,2023-01-31,9813
1504,東元,10,0,10,元大-八德,2023-01-31,9813
2888,新光金,10,0,10,元大-八德,2023-01-31,9813
6279,胡連,20,10,10,元大-八德,2023-01-31,9813
5351,鈺創,12,2,10,元大-八德,2023-01-31,9813
1701,中化,14,5,9,元大-八德,2023-01-31,9813
4114,健喬,10,1,9,元大-八德,2023-01-31,9813
2354,鴻準,10,1,9,元大-八德,2023-01-31,9813
2482,連宇,12,3,9,元大-八德,2023-01-31,9813
5263,智崴,10,1,9,元大-八德,2023-01-31,9813
5371,中光電,10,1,9,元大-八德,2023-01-31,9813
6235,華孚,18,10,8,元大-八德,2023-01-31,9813
2038,海光,10,2,8,元大-八德,2023-01-31,9813
3289,宜特,10,2,8,元大-八德,2023-01-31,9813
4142,國光生,11,3,8,元大-八德,2023-01-31,9813
0050,元大台灣50,8,0,8,元大-八德,2023-01-31,9813
6770,力積電,11,4,7,元大-八德,2023-01-31,9813
2834,臺企銀,12,5,7,元大-八德,2023-01-31,9813
00725B,國泰投資級公司債,6,0,6,元大-八德,2023-01-31,9813
2344,華邦電,1496,13,1483,元大-八德,2023-02-01,9813
3624,光頡,253,6,247,元大-八德,2023-02-01,9813
2457,飛宏,130,3,127,元大-八德,2023-02-01,9813
5009,榮剛,124,5,119,元大-八德,2023-02-01,9813
00885,富邦越南,101,1,100,元大-八德,2023-02-01,9813
4977,眾達-KY,100,0,100,元大-八德,2023-02-01,9813
1513,中興電,97,13,84,元大-八德,2023-02-01,9813
6213,聯茂,79,2,77,元大-八德,2023-02-01,9813
6443,元晶,76,4,72,元大-八德,2023-02-01,9813
6190,萬泰科,70,0,70,元大-八德,2023-02-01,9813
00878,國泰永續高股息,55,2,53,元大-八德,2023-02-01,9813
00632R,元大台灣50反1,51,0,51,元大-八德,2023-02-01,9813
3374,精材,52,2,50,元大-八德,2023-02-01,9813
00652,富邦印度,50,0,50,元大-八德,2023-02-01,9813
3548,兆利,35,0,35,元大-八德,2023-02-01,9813
2618,長榮航,84,51,33,元大-八德,2023-02-01,9813
1810,和成,44,13,31,元大-八德,2023-02-01,9813
00720B,元大投資級公司債,30,0,30,元大-八德,2023-02-01,9813
00683L,期元大美元指正2,32,2,30,元大-八德,2023-02-01,9813
3438,類比科,25,0,25,元大-八德,2023-02-01,9813
6789,采鈺,21,0,21,元大-八德,2023-02-01,9813
0056,元大高股息,21,1,20,元大-八德,2023-02-01,9813
1783,和康生,21,2,19,元大-八德,2023-02-01,9813
8261,富鼎,19,0,19,元大-八德,2023-02-01,9813
2206,三陽工業,16,0,16,元大-八德,2023-02-01,9813
2705,六福,16,0,16,元大-八德,2023-02-01,9813
9933,中鼎,20,4,16,元大-八德,2023-02-01,9813
2883,凱基金,16,1,15,元大-八德,2023-02-01,9813
2752,豆府,12,0,12,元大-八德,2023-02-01,9813
3481,群創,11,0,11,元大-八德,2023-02-01,9813
2610,華航,55,44,11,元大-八德,2023-02-01,9813
020027,元大上櫃ESG成長N,10,0,10,元大-八德,2023-02-01,9813
6589,台康生技,13,4,9,元大-八德,2023-02-01,9813
00900,富邦特選高股息30,13,4,9,元大-八德,2023-02-01,9813
2375,凱美,10,1,9,元大-八德,2023-02-01,9813
3141,晶宏,10,1,9,元大-八德,2023-02-01,9813
3162,精確,10,1,9,元大-八德,2023-02-01,9813
2317,鴻海,10,1,9,元大-八德,2023-02-01,9813
2615,萬海,10,2,8,元大-八德,2023-02-01,9813
3264,欣銓,10,2,8,元大-八德,2023-02-01,9813
6415,矽力*-KY,8,0,8,元大-八德,2023-02-01,9813
00905,FT臺灣Smart,7,0,7,元大-八德,2023-02-01,9813
3092,鴻碩,7,0,7,元大-八德,2023-02-01,9813
6285,啟��,7,0,7,元大-八德,2023-02-01,9813
8069,元太,10,3,7,元大-八德,2023-02-01,9813
6235,華孚,7,1,6,元大-八德,2023-02-01,9813
3682,亞太電,6,0,6,元大-八德,2023-02-01,9813
6188,廣明,10,4,6,元大-八德,2023-02-01,9813
8028,昇陽半導體,6,0,6,元大-八德,2023-02-01,9813
2327,國巨,6,0,6,元大-八德,2023-02-01,9813
2344,華邦電,1020,47,973,元大-八德,2023-02-02,9813
3665,貿聯-KY,168,2,166,元大-八德,2023-02-02,9813
00632R,元大台灣50反1,170,10,160,元大-八德,2023-02-02,9813
8069,元太,144,27,117,元大-八德,2023-02-02,9813
3037,欣興,146,35,111,元大-八德,2023-02-02,9813
2888,新光金,105,0,105,元大-八德,2023-02-02,9813
5009,榮剛,103,4,99,元大-八德,2023-02-02,9813
2889,國票金,77,5,72,元大-八德,2023-02-02,9813
4979,華星光,92,24,68,元大-八德,2023-02-02,9813
2801,彰銀,50,0,50,元大-八德,2023-02-02,9813
2880,華南金,50,0,50,元大-八德,2023-02-02,9813
2891,中信金,56,11,45,元大-八德,2023-02-02,9813
00637L,元大滬深300正2,46,2,44,元大-八德,2023-02-02,9813
3624,光頡,45,2,43,元大-八德,2023-02-02,9813
2206,三陽工業,39,7,32,元大-八德,2023-02-02,9813
6015,宏遠證,30,0,30,元大-八德,2023-02-02,9813
1584,精剛,29,2,27,元大-八德,2023-02-02,9813
2929,淘帝-KY,21,0,21,元大-八德,2023-02-02,9813
1301,台塑,20,0,20,元大-八德,2023-02-02,9813
9933,中鼎,20,0,20,元大-八德,2023-02-02,9813
00671R,富邦NASDAQ反1,18,0,18,元大-八德,2023-02-02,9813
1513,中興電,37,20,17,元大-八德,2023-02-02,9813
9962,有益,16,0,16,元大-八德,2023-02-02,9813
1616,億泰,15,0,15,元大-八德,2023-02-02,9813
2618,長榮航,66,52,14,元大-八德,2023-02-02,9813
4167,松瑞藥,14,0,14,元大-八德,2023-02-02,9813
6770,力積電,17,4,13,元大-八德,2023-02-02,9813
2002,中鋼,13,2,11,元大-八德,2023-02-02,9813
00882,中信中國高股息,11,0,11,元大-八德,2023-02-02,9813
1809,中釉,11,0,11,元大-八德,2023-02-02,9813
1722,台肥,10,0,10,元大-八德,2023-02-02,9813
2468,華經,41,31,10,元大-八德,2023-02-02,9813
2884,玉山金,10,0,10,元大-八德,2023-02-02,9813
4534,慶騰,15,5,10,元大-八德,2023-02-02,9813
5469,瀚宇博,10,0,10,元大-八德,2023-02-02,9813
6122,擎邦,10,0,10,元大-八德,2023-02-02,9813
6188,廣明,10,0,10,元大-八德,2023-02-02,9813
8033,雷虎,10,0,10,元大-八德,2023-02-02,9813
8112,至上,10,0,10,元大-八德,2023-02-02,9813
8222,寶一,18,8,10,元大-八德,2023-02-02,9813
8358,金居,12,2,10,元大-八德,2023-02-02,9813
3704,合勤控,12,2,10,元大-八德,2023-02-02,9813
2836,高雄銀,9,0,9,元大-八德,2023-02-02,9813
00642U,期元大S＆P石油,9,1,8,元大-八德,2023-02-02,9813
1909,榮成,8,0,8,元大-八德,2023-02-02,9813
3036,文曄,8,0,8,元大-八德,2023-02-02,9813
3702,大聯大,10,2,8,元大-八德,2023-02-02,9813
4961,天鈺,7,0,7,元大-八德,2023-02-02,9813
8050,廣積,11,4,7,元大-八德,2023-02-02,9813
2317,鴻海,12,5,7,元大-八德,2023-02-02,9813
2344,華邦電,460,6,454,元大-八德,2023-02-03,9813
6104,創惟,199,19,180,元大-八德,2023-02-03,9813
5009,榮剛,162,0,162,元大-八德,2023-02-03,9813
2888,新光金,113,0,113,元大-八德,2023-02-03,9813
2358,廷鑫,71,0,71,元大-八德,2023-02-03,9813
3037,欣興,63,8,55,元大-八德,2023-02-03,9813
00715L,期街口布蘭特正2,50,0,50,元大-八德,2023-02-03,9813
3438,類比科,45,0,45,元大-八德,2023-02-03,9813
8069,元太,65,23,42,元大-八德,2023-02-03,9813
1611,中電,36,0,36,元大-八德,2023-02-03,9813
3665,貿聯-KY,40,10,30,元大-八德,2023-02-03,9813
3447,展達,27,0,27,元大-八德,2023-02-03,9813
3376,新日興,28,2,26,元大-八德,2023-02-03,9813
2882,國泰金,27,2,25,元大-八德,2023-02-03,9813
6015,宏遠證,25,0,25,元大-八德,2023-02-03,9813
8046,南電,26,2,24,元大-八德,2023-02-03,9813
2887,台新金,20,0,20,元大-八德,2023-02-03,9813
2498,宏達電,64,45,19,元大-八德,2023-02-03,9813
3041,揚智,17,0,17,元大-八德,2023-02-03,9813
00637L,元大滬深300正2,16,0,16,元大-八德,2023-02-03,9813
6789,采鈺,22,7,15,元大-八德,2023-02-03,9813
5608,四維航,16,1,15,元大-八德,2023-02-03,9813
00882,中信中國高股息,14,0,14,元大-八德,2023-02-03,9813
2317,鴻海,12,0,12,元大-八德,2023-02-03,9813
2363,矽統,12,0,12,元大-八德,2023-02-03,9813
2484,希華,15,4,11,元大-八德,2023-02-03,9813
4157,太景*-KY,12,1,11,元大-八德,2023-02-03,9813
6235,華孚,37,26,11,元大-八德,2023-02-03,9813
00878,國泰永續高股息,11,0,11,元大-八德,2023-02-03,9813
00676R,富邦臺灣加權反1,10,0,10,元大-八德,2023-02-03,9813
2375,凱美,10,0,10,元大-八德,2023-02-03,9813
3128,昇銳,10,0,10,元大-八德,2023-02-03,9813
3591,艾笛森,10,0,10,元大-八德,2023-02-03,9813
6531,愛普*,13,3,10,元大-八德,2023-02-03,9813
8076,伍豐,12,2,10,元大-八德,2023-02-03,9813
8183,精星,10,0,10,元大-八德,2023-02-03,9813
6120,達運,20,10,10,元大-八德,2023-02-03,9813
8028,昇陽半導體,9,0,9,元大-八德,2023-02-03,9813
2313,華通,10,1,9,元大-八德,2023-02-03,9813
00885,富邦越南,9,1,8,元大-八德,2023-02-03,9813
2459,敦吉,8,0,8,元大-八德,2023-02-03,9813
6202,盛群,8,0,8,元大-八德,2023-02-03,9813
6546,正基,8,0,8,元大-八德,2023-02-03,9813
6806,森崴能源,8,0,8,元大-八德,2023-02-03,9813
1303,南亞,9,2,7,元大-八德,2023-02-03,9813
2376,技嘉,7,0,7,元大-八德,2023-02-03,9813
3228,金麗科,7,0,7,元大-八德,2023-02-03,9813
3624,光頡,12,5,7,元大-八德,2023-02-03,9813
3693,營邦,9,2,7,元大-八德,2023-02-03,9813
6182,合晶,7,0,7,元大-八德,2023-02-03,9813
2344,華邦電,627,30,597,元大-八德,2023-02-06,9813
00885,富邦越南,102,0,102,元大-八德,2023-02-06,9813
00715L,期街口布蘭特正2,50,0,50,元大-八德,2023-02-06,9813
2618,長榮航,60,15,45,元大-八德,2023-02-06,9813
1616,億泰,45,0,45,元大-八德,2023-02-06,9813
1783,和康生,87,42,45,元大-八德,2023-02-06,9813
00720B,元大投資級公司債,43,0,43,元大-八德,2023-02-06,9813
00680L,元大美債20正2,37,0,37,元大-八德,2023-02-06,9813
00637L,元大滬深300正2,36,0,36,元大-八德,2023-02-06,9813
6120,達運,30,0,30,元大-八德,2023-02-06,9813
00679B,元大美債20年,29,0,29,元大-八德,2023-02-06,9813
2885,元大金,34,7,27,元大-八德,2023-02-06,9813
00652,富邦印度,25,0,25,元大-八德,2023-02-06,9813
6136,富爾特,22,0,22,元大-八德,2023-02-06,9813
2023,燁輝,20,0,20,元大-八德,2023-02-06,9813
2882,國泰金,23,3,20,元大-八德,2023-02-06,9813
3105,穩懋,18,0,18,元大-八德,2023-02-06,9813
00878,國泰永續高股息,26,8,18,元大-八德,2023-02-06,9813
3037,欣興,18,2,16,元大-八德,2023-02-06,9813
6133,金橋,16,0,16,元大-八德,2023-02-06,9813
6770,力積電,17,1,16,元大-八德,2023-02-06,9813
0056,元大高股息,15,0,15,元大-八德,2023-02-06,9813
2615,萬海,13,0,13,元大-八德,2023-02-06,9813
6443,元晶,15,2,13,元大-八德,2023-02-06,9813
6213,聯茂,11,0,11,元大-八德,2023-02-06,9813
1718,中纖,11,0,11,元大-八德,2023-02-06,9813
2834,臺企銀,11,0,11,元大-八德,2023-02-06,9813
6282,康舒,22,11,11,元大-八德,2023-02-06,9813
2330,台積電,16,5,11,元大-八德,2023-02-06,9813
2609,陽明,11,1,10,元大-八德,2023-02-06,9813
00671R,富邦NASDAQ反1,10,0,10,元大-八德,2023-02-06,9813
00642U,期元大S＆P石油,10,0,10,元大-八德,2023-02-06,9813
1460,宏遠,10,0,10,元大-八德,2023-02-06,9813
1512,瑞利,10,0,10,元大-八德,2023-02-06,9813
3030,德律,10,0,10,元大-八德,2023-02-06,9813
5608,四維航,10,0,10,元大-八德,2023-02-06,9813
6603,富強鑫,11,1,10,元大-八德,2023-02-06,9813
2603,長榮,15,6,9,元大-八德,2023-02-06,9813
2376,技嘉,12,3,9,元大-八德,2023-02-06,9813
2303,聯電,30,22,8,元大-八德,2023-02-06,9813
00918,大華優利高填息30,8,0,8,元大-八德,2023-02-06,9813
3293,鈊象,10,2,8,元大-八德,2023-02-06,9813
3588,通嘉,11,3,8,元大-八德,2023-02-06,9813
2002,中鋼,11,3,8,元大-八德,2023-02-06,9813
5425,台半,8,0,8,元大-八德,2023-02-06,9813
1513,中興電,8,1,7,元大-八德,2023-02-06,9813
1760,寶齡富錦,17,10,7,元大-八德,2023-02-06,9813
2752,豆府,7,0,7,元大-八德,2023-02-06,9813
3163,波若威,11,4,7,元大-八德,2023-02-06,9813
3701,大眾控,19,12,7,元大-八德,2023-02-06,9813
00632R,元大台灣50反1,400,52,348,元大-八德,2023-02-07,9813
1609,大亞,345,6,339,元大-八德,2023-02-07,9813
6441,廣錠,147,0,147,元大-八德,2023-02-07,9813
5009,榮剛,78,1,77,元大-八德,2023-02-07,9813
6278,台表科,54,4,50,元大-八德,2023-02-07,9813
9904,寶成,50,4,46,元大-八德,2023-02-07,9813
6205,詮欣,53,18,35,元大-八德,2023-02-07,9813
00720B,元大投資級公司債,33,0,33,元大-八德,2023-02-07,9813
2610,華航,31,0,31,元大-八德,2023-02-07,9813
6531,愛普*,32,1,31,元大-八德,2023-02-07,9813
00878,國泰永續高股息,32,4,28,元大-八德,2023-02-07,9813
2344,華邦電,40,16,24,元大-八德,2023-02-07,9813
6118,建達,28,6,22,元大-八德,2023-02-07,9813
1783,和康生,22,1,21,元大-八德,2023-02-07,9813
2353,宏��,20,0,20,元大-八德,2023-02-07,9813
00679B,元大美債20年,19,0,19,元大-八德,2023-02-07,9813
2303,聯電,26,10,16,元大-八德,2023-02-07,9813
2498,宏達電,37,22,15,元大-八德,2023-02-07,9813
6120,達運,15,0,15,元大-八德,2023-02-07,9813
2618,長榮航,15,1,14,元大-八德,2023-02-07,9813
1760,寶齡富錦,25,12,13,元大-八德,2023-02-07,9813
2317,鴻海,14,2,12,元大-八德,2023-02-07,9813
1605,華新,79,68,11,元大-八德,2023-02-07,9813
00749B,凱基新興債10+,11,0,11,元大-八德,2023-02-07,9813
00680L,元大美債20正2,11,0,11,元大-八德,2023-02-07,9813
2313,華通,11,0,11,元大-八德,2023-02-07,9813
3447,展達,11,0,11,元大-八德,2023-02-07,9813
00892,富邦台灣半導體,10,0,10,元大-八德,2023-02-07,9813
00902,中信電池及儲能,10,0,10,元大-八德,2023-02-07,9813
1512,瑞利,10,0,10,元大-八德,2023-02-07,9813
2430,燦坤,10,0,10,元大-八德,2023-02-07,9813
6245,立端,11,3,8,元大-八德,2023-02-07,9813
2017,官田鋼,7,0,7,元大-八德,2023-02-07,9813
3035,智原,18,12,6,元大-八德,2023-02-07,9813
3041,揚智,6,0,6,元大-八德,2023-02-07,9813
3305,昇貿,6,0,6,元大-八德,2023-02-07,9813
6770,力積電,5,0,5,元大-八德,2023-02-07,9813
1316,上曜,5,0,5,元大-八德,2023-02-07,9813
00650L,復華香港正2,5,0,5,元大-八德,2023-02-07,9813
3093,港建*,5,0,5,元大-八德,2023-02-07,9813
3380,明泰,5,0,5,元大-八德,2023-02-07,9813
3661,世芯-KY,9,4,5,元大-八德,2023-02-07,9813
4743,合一,9,4,5,元大-八德,2023-02-07,9813
5608,四維航,10,5,5,元大-八德,2023-02-07,9813
6589,台康生技,7,2,5,元大-八德,2023-02-07,9813
2454,聯發科,5,1,4,元大-八德,2023-02-07,9813
2034,允強,4,0,4,元大-八德,2023-02-07,9813
6269,台郡,5,1,4,元大-八德,2023-02-07,9813
6274,台燿,5,1,4,元大-八德,2023-02-07,9813
8436,大江,6,2,4,元大-八德,2023-02-07,9813
2344,華邦電,309,22,287,元大-八德,2023-02-08,9813
6531,愛普*,180,36,144,元大-八德,2023-02-08,9813
1609,大亞,104,0,104,元大-八德,2023-02-08,9813
00632R,元大台灣50反1,114,10,104,元大-八德,2023-02-08,9813
2618,長榮航,101,19,82,元大-八德,2023-02-08,9813
1616,億泰,60,0,60,元大-八德,2023-02-08,9813
3661,世芯-KY,65,11,54,元大-八德,2023-02-08,9813
6770,力積電,41,3,38,元大-八德,2023-02-08,9813
00637L,元大滬深300正2,35,0,35,元大-八德,2023-02-08,9813
2753,八方雲集,34,0,34,元大-八德,2023-02-08,9813
00679B,元大美債20年,35,5,30,元大-八德,2023-02-08,9813
2610,華航,36,8,28,元大-八德,2023-02-08,9813
00720B,元大投資級公司債,23,0,23,元大-八德,2023-02-08,9813
2002,中鋼,22,0,22,元大-八德,2023-02-08,9813
2889,國票金,21,0,21,元大-八德,2023-02-08,9813
2401,凌陽,25,4,21,元大-八德,2023-02-08,9813
9907,統一實,20,0,20,元大-八德,2023-02-08,9813
3479,安勤,30,11,19,元大-八德,2023-02-08,9813
6245,立端,24,5,19,元大-八德,2023-02-08,9813
00642U,期元大S＆P石油,20,4,16,元大-八德,2023-02-08,9813
2388,威盛,20,5,15,元大-八德,2023-02-08,9813
6789,采鈺,16,2,14,元大-八德,2023-02-08,9813
1467,南緯,14,0,14,元大-八德,2023-02-08,9813
6732,昇佳電子,17,3,14,元大-八德,2023-02-08,9813
00878,國泰永續高股息,15,2,13,元大-八德,2023-02-08,9813
00680L,元大美債20正2,13,0,13,元大-八德,2023-02-08,9813
6285,啟��,13,0,13,元大-八德,2023-02-08,9813
2890,永豐金,12,0,12,元大-八德,2023-02-08,9813
2317,鴻海,11,0,11,元大-八德,2023-02-08,9813
3264,欣銓,12,1,11,元大-八德,2023-02-08,9813
6104,創惟,12,1,11,元大-八德,2023-02-08,9813
6278,台表科,11,0,11,元大-八德,2023-02-08,9813
1605,華新,23,13,10,元大-八德,2023-02-08,9813
00650L,復華香港正2,10,0,10,元大-八德,2023-02-08,9813
1512,瑞利,10,0,10,元大-八德,2023-02-08,9813
6217,中探針,14,4,10,元大-八德,2023-02-08,9813
2338,光罩,10,0,10,元大-八德,2023-02-08,9813
00885,富邦越南,9,0,9,元大-八德,2023-02-08,9813
1303,南亞,8,0,8,元大-八德,2023-02-08,9813
1519,華城,8,0,8,元大-八德,2023-02-08,9813
8996,高力,16,8,8,元大-八德,2023-02-08,9813
2049,上銀,8,0,8,元大-八德,2023-02-08,9813
8171,天宇,16,8,8,元大-八德,2023-02-08,9813
3035,智原,32,25,7,元大-八德,2023-02-08,9813
5243,乙盛-KY,10,3,7,元大-八德,2023-02-08,9813
1795,美時,31,24,7,元大-八德,2023-02-08,9813
2884,玉山金,8,1,7,元大-八德,2023-02-08,9813
2885,元大金,7,0,7,元大-八德,2023-02-08,9813
3374,精材,7,0,7,元大-八德,2023-02-08,9813
4114,健喬,47,40,7,元大-八德,2023-02-08,9813
1609,大亞,363,156,207,元大-八德,2023-02-09,9813
5425,台半,175,5,170,元大-八德,2023-02-09,9813
00637L,元大滬深300正2,95,4,91,元大-八德,2023-02-09,9813
1605,華新,96,14,82,元大-八德,2023-02-09,9813
5439,高技,71,2,69,元大-八德,2023-02-09,9813
4968,立積,62,6,56,元大-八德,2023-02-09,9813
00878,國泰永續高股息,58,5,53,元大-八德,2023-02-09,9813
2753,八方雲集,51,0,51,元大-八德,2023-02-09,9813
2327,國巨,47,2,45,元大-八德,2023-02-09,9813
2359,所羅門,46,3,43,元大-八德,2023-02-09,9813
4979,華星光,44,2,42,元大-八德,2023-02-09,9813
2349,錸德,40,0,40,元大-八德,2023-02-09,9813
2634,漢翔,52,22,30,元大-八德,2023-02-09,9813
3653,健策,30,0,30,元大-八德,2023-02-09,9813
2498,宏達電,32,5,27,元大-八德,2023-02-09,9813
2882,國泰金,25,0,25,元大-八德,2023-02-09,9813
6589,台康生技,30,7,23,元大-八德,2023-02-09,9813
6202,盛群,22,0,22,元大-八德,2023-02-09,9813
00720B,元大投資級公司債,21,0,21,元大-八德,2023-02-09,9813
2610,華航,22,2,20,元大-八德,2023-02-09,9813
6799,來頡,18,0,18,元大-八德,2023-02-09,9813
3014,聯陽,21,3,18,元大-八德,2023-02-09,9813
3128,昇銳,16,0,16,元大-八德,2023-02-09,9813
2027,大成鋼,15,1,14,元大-八德,2023-02-09,9813
2603,長榮,11,0,11,元大-八德,2023-02-09,9813
6112,邁達特,14,3,11,元大-八德,2023-02-09,9813
6278,台表科,11,0,11,元大-八德,2023-02-09,9813
8261,富鼎,27,16,11,元大-八德,2023-02-09,9813
020034,元大IC設計N,10,0,10,元大-八德,2023-02-09,9813
3669,圓展,10,0,10,元大-八德,2023-02-09,9813
4123,晟德,10,0,10,元大-八德,2023-02-09,9813
5543,桓鼎-KY,10,0,10,元大-八德,2023-02-09,9813
8033,雷虎,11,1,10,元大-八德,2023-02-09,9813
3714,富采,10,0,10,元大-八德,2023-02-09,9813
00633L,富邦上証正2,9,0,9,元大-八德,2023-02-09,9813
3447,展達,10,1,9,元大-八德,2023-02-09,9813
6719,力智,10,1,9,元大-八德,2023-02-09,9813
2425,承啟,13,5,8,元大-八德,2023-02-09,9813
2607,榮運,64,56,8,元大-八德,2023-02-09,9813
3708,上緯投控,8,0,8,元大-八德,2023-02-09,9813
3710,連展投控,9,1,8,元大-八德,2023-02-09,9813
8222,寶一,12,4,8,元大-八德,2023-02-09,9813
1513,中興電,67,60,7,元大-八德,2023-02-09,9813
1907,永豐餘,7,0,7,元大-八德,2023-02-09,9813
2014,中鴻,7,0,7,元大-八德,2023-02-09,9813
1316,上曜,6,0,6,元大-八德,2023-02-09,9813
2368,金像電,6,0,6,元大-八德,2023-02-09,9813
1342,八貫,9,3,6,元大-八德,2023-02-09,9813
6129,普誠,7,1,6,元大-八德,2023-02-09,9813
00650L,復華香港正2,5,0,5,元大-八德,2023-02-09,9813
2634,漢翔,392,56,336,元大-八德,2023-02-10,9813
00878,國泰永續高股息,85,0,85,元大-八德,2023-02-10,9813
2457,飛宏,83,0,83,元大-八德,2023-02-10,9813
00641R,富邦日本反1,66,0,66,元大-八德,2023-02-10,9813
1473,台南,63,1,62,元大-八德,2023-02-10,9813
3037,欣興,58,1,57,元大-八德,2023-02-10,9813
00637L,元大滬深300正2,57,0,57,元大-八德,2023-02-10,9813
3653,健策,55,0,55,元大-八德,2023-02-10,9813
1609,大亞,52,2,50,元大-八德,2023-02-10,9813
2618,長榮航,62,20,42,元大-八德,2023-02-10,9813
2610,華航,67,30,37,元大-八德,2023-02-10,9813
3710,連展投控,37,2,35,元大-八德,2023-02-10,9813
2344,華邦電,40,7,33,元大-八德,2023-02-10,9813
5425,台半,59,28,31,元大-八德,2023-02-10,9813
2363,矽統,23,0,23,元大-八德,2023-02-10,9813
2201,裕隆,34,12,22,元大-八德,2023-02-10,9813
2882,國泰金,21,0,21,元大-八德,2023-02-10,9813
4536,拓凱,21,0,21,元大-八德,2023-02-10,9813
1101,台泥,20,0,20,元大-八德,2023-02-10,9813
3481,群創,18,0,18,元大-八德,2023-02-10,9813
2401,凌陽,17,1,16,元大-八德,2023-02-10,9813
6278,台表科,16,0,16,元大-八德,2023-02-10,9813
00712,復華富時不動產,14,0,14,元大-八德,2023-02-10,9813
00679B,元大美債20年,14,0,14,元大-八德,2023-02-10,9813
00720B,元大投資級公司債,13,0,13,元大-八德,2023-02-10,9813
00885,富邦越南,13,1,12,元大-八德,2023-02-10,9813
3317,尼克森,12,0,12,元大-八德,2023-02-10,9813
2883,凱基金,11,0,11,元大-八德,2023-02-10,9813
2887,台新金,12,1,11,元大-八德,2023-02-10,9813
2404,漢唐,10,0,10,元大-八德,2023-02-10,9813
2888,新光金,9,0,9,元大-八德,2023-02-10,9813
5452,佶優,9,0,9,元大-八德,2023-02-10,9813
5543,桓鼎-KY,9,0,9,元大-八德,2023-02-10,9813
020034,元大IC設計N,8,0,8,元大-八德,2023-02-10,9813
00680L,元大美債20正2,8,0,8,元大-八德,2023-02-10,9813
1733,五鼎,8,0,8,元大-八德,2023-02-10,9813
2409,友達,10,2,8,元大-八德,2023-02-10,9813
2455,全新,9,1,8,元大-八德,2023-02-10,9813
2607,榮運,10,2,8,元大-八德,2023-02-10,9813
3231,緯創,8,0,8,元大-八德,2023-02-10,9813
3661,世芯-KY,10,2,8,元大-八德,2023-02-10,9813
4572,駐龍,8,0,8,元大-八德,2023-02-10,9813
5371,中光電,7,0,7,元大-八德,2023-02-10,9813
9904,寶成,7,0,7,元大-八德,2023-02-10,9813
6509,聚和,10,3,7,元大-八德,2023-02-10,9813
6274,台燿,6,0,6,元大-八德,2023-02-10,9813
1616,億泰,6,0,6,元大-八德,2023-02-10,9813
3515,華擎,6,0,6,元大-八德,2023-02-10,9813
5285,界霖,6,0,6,元大-八德,2023-02-10,9813
6245,立端,6,0,6,元大-八德,2023-02-10,9813
00669R,國泰美國道瓊反1,200,0,200,元大-八德,2023-02-13,9813
2884,玉山金,180,9,171,元大-八德,2023-02-13,9813
00632R,元大台灣50反1,330,205,125,元大-八德,2023-02-13,9813
1802,台玻,50,1,49,元大-八德,2023-02-13,9813
2634,漢翔,52,5,47,元大-八德,2023-02-13,9813
00680L,元大美債20正2,45,0,45,元大-八德,2023-02-13,9813
9933,中鼎,40,0,40,元大-八德,2023-02-13,9813
00878,國泰永續高股息,35,0,35,元大-八德,2023-02-13,9813
00885,富邦越南,31,0,31,元大-八德,2023-02-13,9813
5203,訊連,31,0,31,元大-八德,2023-02-13,9813
00772B,中信高評級公司債,27,0,27,元大-八德,2023-02-13,9813
1584,精剛,26,0,26,元大-八德,2023-02-13,9813
2801,彰銀,25,0,25,元大-八德,2023-02-13,9813
2641,正德,22,0,22,元大-八德,2023-02-13,9813
4979,華星光,29,8,21,元大-八德,2023-02-13,9813
2102,泰豐,20,0,20,元大-八德,2023-02-13,9813
3045,台灣大,20,0,20,元大-八德,2023-02-13,9813
3272,東碩,20,0,20,元大-八德,2023-02-13,9813
2886,兆豐金,20,0,20,元大-八德,2023-02-13,9813
2891,中信金,21,1,20,元大-八德,2023-02-13,9813
2610,華航,27,8,19,元大-八德,2023-02-13,9813
2618,長榮航,32,16,16,元大-八德,2023-02-13,9813
00720B,元大投資級公司債,15,0,15,元大-八德,2023-02-13,9813
020034,元大IC設計N,15,0,15,元大-八德,2023-02-13,9813
6290,良維,25,11,14,元大-八德,2023-02-13,9813
5009,榮剛,13,0,13,元大-八德,2023-02-13,9813
1104,環泥,12,0,12,元大-八德,2023-02-13,9813
1795,美時,17,5,12,元大-八德,2023-02-13,9813
3293,鈊象,12,1,11,元大-八德,2023-02-13,9813
2404,漢唐,11,0,11,元大-八德,2023-02-13,9813
4114,健喬,45,34,11,元大-八德,2023-02-13,9813
2344,華邦電,11,1,10,元大-八德,2023-02-13,9813
2388,威盛,12,2,10,元大-八德,2023-02-13,9813
2243,宏旭-KY,10,0,10,元大-八德,2023-02-13,9813
3710,連展投控,10,0,10,元大-八德,2023-02-13,9813
8426,紅木-KY,10,0,10,元大-八德,2023-02-13,9813
00679B,元大美債20年,9,0,9,元大-八德,2023-02-13,9813
3037,欣興,27,18,9,元大-八德,2023-02-13,9813
2303,聯電,40,31,9,元大-八德,2023-02-13,9813
2371,大同,10,1,9,元大-八德,2023-02-13,9813
2201,裕隆,9,1,8,元大-八德,2023-02-13,9813
1760,寶齡富錦,7,0,7,元大-八德,2023-02-13,9813
6488,環球晶,7,0,7,元大-八德,2023-02-13,9813
6770,力積電,7,0,7,元大-八德,2023-02-13,9813
2603,長榮,7,0,7,元大-八德,2023-02-13,9813
2358,廷鑫,6,0,6,元大-八德,2023-02-13,9813
3481,群創,6,0,6,元大-八德,2023-02-13,9813
6589,台康生技,6,0,6,元大-八德,2023-02-13,9813
1734,杏輝,6,0,6,元大-八德,2023-02-13,9813
3027,盛達,7,1,6,元大-八德,2023-02-13,9813
2610,華航,333,61,272,元大-八德,2023-02-14,9813
2618,長榮航,205,19,186,元大-八德,2023-02-14,9813
2888,新光金,105,0,105,元大-八德,2023-02-14,9813
00637L,元大滬深300正2,99,22,77,元大-八德,2023-02-14,9813
2009,第一銅,61,1,60,元大-八德,2023-02-14,9813
3324,雙鴻,60,0,60,元大-八德,2023-02-14,9813
00772B,中信高評級公司債,53,0,53,元大-八德,2023-02-14,9813
2884,玉山金,52,1,51,元大-八德,2023-02-14,9813
00638R,元大滬深300反1,50,0,50,元大-八德,2023-02-14,9813
3481,群創,110,60,50,元大-八德,2023-02-14,9813
1605,華新,69,20,49,元大-八德,2023-02-14,9813
00918,大華優利高填息30,40,0,40,元大-八德,2023-02-14,9813
5706,鳳凰,39,1,38,元大-八德,2023-02-14,9813
00634R,富邦上証反1,30,0,30,元大-八德,2023-02-14,9813
3594,磐儀,31,1,30,元大-八德,2023-02-14,9813
2409,友達,54,26,28,元大-八德,2023-02-14,9813
6235,華孚,30,3,27,元大-八德,2023-02-14,9813
5351,鈺創,26,0,26,元大-八德,2023-02-14,9813
6142,友勁,25,3,22,元大-八德,2023-02-14,9813
00878,國泰永續高股息,32,10,22,元大-八德,2023-02-14,9813
6120,達運,20,0,20,元大-八德,2023-02-14,9813
6552,易華電,20,2,18,元大-八德,2023-02-14,9813
2314,台揚,17,0,17,元大-八德,2023-02-14,9813
6441,廣錠,16,0,16,元大-八德,2023-02-14,9813
00720B,元大投資級公司債,14,0,14,元大-八德,2023-02-14,9813
00749B,凱基新興債10+,14,0,14,元大-八德,2023-02-14,9813
4536,拓凱,13,0,13,元大-八德,2023-02-14,9813
1101,台泥,13,1,12,元大-八德,2023-02-14,9813
6285,啟��,11,0,11,元大-八德,2023-02-14,9813
2449,京元電子,11,0,11,元大-八德,2023-02-14,9813
2354,鴻準,10,0,10,元大-八德,2023-02-14,9813
2614,東森,10,0,10,元大-八德,2023-02-14,9813
4114,健喬,21,13,8,元大-八德,2023-02-14,9813
2206,三陽工業,8,0,8,元大-八德,2023-02-14,9813
2885,元大金,7,0,7,元大-八德,2023-02-14,9813
2002,中鋼,9,2,7,元大-八德,2023-02-14,9813
3041,揚智,6,0,6,元大-八德,2023-02-14,9813
4979,華星光,17,11,6,元大-八德,2023-02-14,9813
6411,晶焱,7,1,6,元大-八德,2023-02-14,9813
2609,陽明,11,5,6,元大-八德,2023-02-14,9813
2617,台航,6,0,6,元大-八德,2023-02-14,9813
2014,中鴻,5,0,5,元大-八德,2023-02-14,9813
2250,IKKA-KY,5,0,5,元大-八德,2023-02-14,9813
3710,連展投控,5,0,5,元大-八德,2023-02-14,9813
4130,健亞,5,0,5,元大-八德,2023-02-14,9813
5464,霖宏,10,5,5,元大-八德,2023-02-14,9813
5543,桓鼎-KY,5,0,5,元大-八德,2023-02-14,9813
6205,詮欣,10,5,5,元大-八德,2023-02-14,9813
6245,立端,7,2,5,元大-八德,2023-02-14,9813
6451,訊芯-KY,5,0,5,元大-八德,2023-02-14,9813
00632R,元大台灣50反1,200,15,185,元大-八德,2023-02-15,9813
00878,國泰永續高股息,151,25,126,元大-八德,2023-02-15,9813
2609,陽明,102,14,88,元大-八德,2023-02-15,9813
2884,玉山金,75,0,75,元大-八德,2023-02-15,9813
9939,宏全,60,0,60,元大-八德,2023-02-15,9813
2302,麗正,37,0,37,元大-八德,2023-02-15,9813
2330,台積電,36,10,26,元大-八德,2023-02-15,9813
6552,易華電,25,0,25,元大-八德,2023-02-15,9813
4167,松瑞藥,21,0,21,元大-八德,2023-02-15,9813
00918,大華優利高填息30,20,0,20,元大-八德,2023-02-15,9813
2885,元大金,20,0,20,元大-八德,2023-02-15,9813
1519,華城,25,9,16,元大-八德,2023-02-15,9813
020027,元大上櫃ESG成長N,15,0,15,元大-八德,2023-02-15,9813
3710,連展投控,20,7,13,元大-八德,2023-02-15,9813
2206,三陽工業,30,17,13,元大-八德,2023-02-15,9813
3622,洋華,12,0,12,元大-八德,2023-02-15,9813
6278,台表科,12,0,12,元大-八德,2023-02-15,9813
2014,中鴻,12,1,11,元大-八德,2023-02-15,9813
4142,國光生,14,3,11,元大-八德,2023-02-15,9813
00892,富邦台灣半導體,10,0,10,元大-八德,2023-02-15,9813
2375,凱美,10,0,10,元大-八德,2023-02-15,9813
2455,全新,10,0,10,元大-八德,2023-02-15,9813
3033,威健,10,0,10,元大-八德,2023-02-15,9813
3653,健策,13,3,10,元大-八德,2023-02-15,9813
3675,德微,10,0,10,元大-八德,2023-02-15,9813
4130,健亞,11,1,10,元大-八德,2023-02-15,9813
4534,慶騰,11,1,10,元大-八德,2023-02-15,9813
8415,大國鋼,10,0,10,元大-八德,2023-02-15,9813
2618,長榮航,9,0,9,元大-八德,2023-02-15,9813
00902,中信電池及儲能,10,1,9,元大-八德,2023-02-15,9813
2250,IKKA-KY,8,0,8,元大-八德,2023-02-15,9813
4763,材料-KY,17,9,8,元大-八德,2023-02-15,9813
3704,合勤控,8,0,8,元大-八德,2023-02-15,9813
0050,元大台灣50,9,1,8,元大-八德,2023-02-15,9813
5222,全訊,8,1,7,元大-八德,2023-02-15,9813
5285,界霖,11,4,7,元大-八德,2023-02-15,9813
8112,至上,10,3,7,元大-八德,2023-02-15,9813
3479,安勤,6,0,6,元大-八德,2023-02-15,9813
1303,南亞,6,0,6,元大-八德,2023-02-15,9813
2889,國票金,6,0,6,元大-八德,2023-02-15,9813
6205,詮欣,13,7,6,元大-八德,2023-02-15,9813
1444,力麗,5,0,5,元大-八德,2023-02-15,9813
1316,上曜,5,0,5,元大-八德,2023-02-15,9813
020029,元大ESG高股息N,5,0,5,元大-八德,2023-02-15,9813
2358,廷鑫,5,0,5,元大-八德,2023-02-15,9813
2891,中信金,5,0,5,元大-八德,2023-02-15,9813
3702,大聯大,5,0,5,元大-八德,2023-02-15,9813
9940,信義,5,0,5,元大-八德,2023-02-15,9813
9904,寶成,5,0,5,元大-八德,2023-02-15,9813
1529,樂事綠能,10,5,5,元大-八德,2023-02-15,9813
2610,華航,2654,819,1835,元大-八德,2023-02-16,9813
00632R,元大台灣50反1,223,0,223,元大-八德,2023-02-16,9813
9939,宏全,192,0,192,元大-八德,2023-02-16,9813
2457,飛宏,129,11,118,元大-八德,2023-02-16,9813
00878,國泰永續高股息,89,28,61,元大-八德,2023-02-16,9813
2707,晶華,61,3,58,元大-八德,2023-02-16,9813
2201,裕隆,70,21,49,元大-八德,2023-02-16,9813
00679B,元大美債20年,45,0,45,元大-八德,2023-02-16,9813
6789,采鈺,33,0,33,元大-八德,2023-02-16,9813
4979,華星光,70,38,32,元大-八德,2023-02-16,9813
6531,愛普*,39,8,31,元大-八德,2023-02-16,9813
3481,群創,84,55,29,元大-八德,2023-02-16,9813
00680L,元大美債20正2,27,0,27,元大-八德,2023-02-16,9813
6235,華孚,36,10,26,元大-八德,2023-02-16,9813
5439,高技,23,1,22,元大-八德,2023-02-16,9813
2027,大成鋼,21,0,21,元大-八德,2023-02-16,9813
3047,訊舟,20,0,20,元大-八德,2023-02-16,9813
6552,易華電,20,0,20,元大-八德,2023-02-16,9813
4744,皇將,20,1,19,元大-八德,2023-02-16,9813
8215,明基材,17,0,17,元大-八德,2023-02-16,9813
2317,鴻海,19,6,13,元大-八德,2023-02-16,9813
6205,詮欣,13,0,13,元大-八德,2023-02-16,9813
3661,世芯-KY,20,8,12,元大-八德,2023-02-16,9813
5706,鳳凰,18,7,11,元大-八德,2023-02-16,9813
2497,怡利電,11,1,10,元大-八德,2023-02-16,9813
00665L,富邦�琤肭磪囓�2,30,20,10,元大-八德,2023-02-16,9813
00749B,凱基新興債10+,10,0,10,元大-八德,2023-02-16,9813
2063,世鎧,10,0,10,元大-八德,2023-02-16,9813
2340,台亞,12,2,10,元大-八德,2023-02-16,9813
2489,瑞軒,10,0,10,元大-八德,2023-02-16,9813
6415,矽力*-KY,10,0,10,元大-八德,2023-02-16,9813
8926,台汽電,10,0,10,元大-八德,2023-02-16,9813
3545,敦泰,15,5,10,元大-八德,2023-02-16,9813
6180,橘子,10,1,9,元大-八德,2023-02-16,9813
6188,廣明,10,1,9,元大-八德,2023-02-16,9813
3710,連展投控,10,2,8,元大-八德,2023-02-16,9813
00720B,元大投資級公司債,7,0,7,元大-八德,2023-02-16,9813
5285,界霖,9,2,7,元大-八德,2023-02-16,9813
6782,視陽,7,0,7,元大-八德,2023-02-16,9813
4966,譜瑞-KY,9,2,7,元大-八德,2023-02-16,9813
1514,亞力,6,0,6,元大-八德,2023-02-16,9813
00900,富邦特選高股息30,9,3,6,元大-八德,2023-02-16,9813
2302,麗正,6,0,6,元大-八德,2023-02-16,9813
2468,華經,8,2,6,元大-八德,2023-02-16,9813
00891,中信關鍵半導體,5,0,5,元大-八德,2023-02-16,9813
1314,中石化,5,0,5,元大-八德,2023-02-16,9813
2250,IKKA-KY,5,0,5,元大-八德,2023-02-16,9813
2702,華園,5,0,5,元大-八德,2023-02-16,9813
2915,潤泰全,5,0,5,元大-八德,2023-02-16,9813
3541,西柏,7,2,5,元大-八德,2023-02-16,9813
9939,宏全,448,0,448,元大-八德,2023-02-17,9813
00679B,元大美債20年,56,0,56,元大-八德,2023-02-17,9813
1783,和康生,56,1,55,元大-八德,2023-02-17,9813
5439,高技,51,0,51,元大-八德,2023-02-17,9813
00680L,元大美債20正2,49,0,49,元大-八德,2023-02-17,9813
2882,國泰金,51,6,45,元大-八德,2023-02-17,9813
00637L,元大滬深300正2,39,2,37,元大-八德,2023-02-17,9813
00878,國泰永續高股息,29,1,28,元大-八德,2023-02-17,9813
2313,華通,25,0,25,元大-八德,2023-02-17,9813
2330,台積電,25,4,21,元大-八德,2023-02-17,9813
3037,欣興,47,27,20,元大-八德,2023-02-17,9813
6411,晶焱,25,6,19,元大-八德,2023-02-17,9813
00725B,國泰投資級公司債,16,0,16,元大-八德,2023-02-17,9813
2885,元大金,21,5,16,元大-八德,2023-02-17,9813
1467,南緯,15,0,15,元大-八德,2023-02-17,9813
8358,金居,36,21,15,元大-八德,2023-02-17,9813
5353,台林,19,5,14,元大-八德,2023-02-17,9813
00893,國泰智能電動車,12,0,12,元大-八德,2023-02-17,9813
02001L,富邦蘋果正二N,12,0,12,元大-八德,2023-02-17,9813
2457,飛宏,15,3,12,元大-八德,2023-02-17,9813
2492,華新科,13,1,12,元大-八德,2023-02-17,9813
3661,世芯-KY,13,1,12,元大-八德,2023-02-17,9813
5258,虹堡,21,9,12,元大-八德,2023-02-17,9813
8222,寶一,30,18,12,元大-八德,2023-02-17,9813
00902,中信電池及儲能,11,0,11,元大-八德,2023-02-17,9813
3357,臺慶科,11,0,11,元大-八德,2023-02-17,9813
00665L,富邦�琤肭磪囓�2,10,0,10,元大-八德,2023-02-17,9813
1809,中釉,10,0,10,元大-八德,2023-02-17,9813
2354,鴻準,10,0,10,元大-八德,2023-02-17,9813
4123,晟德,10,0,10,元大-八德,2023-02-17,9813
4167,松瑞藥,10,0,10,元大-八德,2023-02-17,9813
2727,王品,16,6,10,元大-八德,2023-02-17,9813
2881,富邦金,11,2,9,元大-八德,2023-02-17,9813
00900,富邦特選高股息30,10,1,9,元大-八德,2023-02-17,9813
00892,富邦台灣半導體,7,0,7,元大-八德,2023-02-17,9813
1529,樂事綠能,13,6,7,元大-八德,2023-02-17,9813
2855,統一證,7,0,7,元大-八德,2023-02-17,9813
0050,元大台灣50,7,1,6,元大-八德,2023-02-17,9813
3483,力致,6,0,6,元大-八德,2023-02-17,9813
6235,華孚,48,42,6,元大-八德,2023-02-17,9813
6288,聯嘉,8,2,6,元大-八德,2023-02-17,9813
2206,三陽工業,10,4,6,元大-八德,2023-02-17,9813
1402,遠東新,6,0,6,元大-八德,2023-02-17,9813
4114,健喬,5,0,5,元大-八德,2023-02-17,9813
4919,新唐,10,5,5,元大-八德,2023-02-17,9813
3704,合勤控,6,1,5,元大-八德,2023-02-17,9813
2368,金像電,8,3,5,元大-八德,2023-02-17,9813
2376,技嘉,5,0,5,元大-八德,2023-02-17,9813
00751B,元大AAA至A公司債,5,0,5,元大-八德,2023-02-17,9813
00664R,國泰臺灣加權反1,5,0,5,元大-八德,2023-02-17,9813
2457,飛宏,200,28,172,元大-八德,2023-02-20,9813
4968,立積,146,2,144,元大-八德,2023-02-20,9813
2618,長榮航,109,16,93,元大-八德,2023-02-20,9813
2610,華航,131,42,89,元大-八德,2023-02-20,9813
2208,台船,63,2,61,元大-八德,2023-02-20,9813
00637L,元大滬深300正2,61,2,59,元大-八德,2023-02-20,9813
2388,威盛,56,4,52,元大-八德,2023-02-20,9813
2371,大同,50,0,50,元大-八德,2023-02-20,9813
3322,建舜電,50,0,50,元大-八德,2023-02-20,9813
5009,榮剛,52,2,50,元大-八德,2023-02-20,9813
5439,高技,47,0,47,元大-八德,2023-02-20,9813
4128,中天,93,53,40,元大-八德,2023-02-20,9813
2707,晶華,39,0,39,元大-八德,2023-02-20,9813
1519,華城,49,10,39,元大-八德,2023-02-20,9813
00878,國泰永續高股息,47,9,38,元大-八德,2023-02-20,9813
8033,雷虎,38,1,37,元大-八德,2023-02-20,9813
5353,台林,33,0,33,元大-八德,2023-02-20,9813
6015,宏遠證,28,0,28,元大-八德,2023-02-20,9813
0056,元大高股息,26,0,26,元大-八德,2023-02-20,9813
1513,中興電,69,45,24,元大-八德,2023-02-20,9813
8931,大汽電,24,0,24,元大-八德,2023-02-20,9813
00749B,凱基新興債10+,20,0,20,元大-八德,2023-02-20,9813
1467,南緯,20,0,20,元大-八德,2023-02-20,9813
00632R,元大台灣50反1,18,0,18,元大-八德,2023-02-20,9813
8358,金居,38,20,18,元大-八德,2023-02-20,9813
2634,漢翔,37,19,18,元大-八德,2023-02-20,9813
00710B,復華彭博非投等債,16,0,16,元大-八德,2023-02-20,9813
6165,浪凡,15,0,15,元大-八德,2023-02-20,9813
6456,GIS-KY,15,0,15,元大-八德,2023-02-20,9813
6290,良維,26,11,15,元大-八德,2023-02-20,9813
2498,宏達電,25,12,13,元大-八德,2023-02-20,9813
2367,燿華,12,0,12,元大-八德,2023-02-20,9813
2369,菱生,12,0,12,元大-八德,2023-02-20,9813
5258,虹堡,75,63,12,元大-八德,2023-02-20,9813
00902,中信電池及儲能,11,0,11,元大-八德,2023-02-20,9813
00669R,國泰美國道瓊反1,10,0,10,元大-八德,2023-02-20,9813
1722,台肥,10,0,10,元大-八德,2023-02-20,9813
2063,世鎧,10,0,10,元大-八德,2023-02-20,9813
2614,東森,10,0,10,元大-八德,2023-02-20,9813
3041,揚智,10,0,10,元大-八德,2023-02-20,9813
4538,大詠城,10,0,10,元大-八德,2023-02-20,9813
6282,康舒,13,3,10,元大-八德,2023-02-20,9813
00900,富邦特選高股息30,9,0,9,元大-八德,2023-02-20,9813
2250,IKKA-KY,9,0,9,元大-八德,2023-02-20,9813
00893,國泰智能電動車,8,0,8,元大-八德,2023-02-20,9813
4164,承業醫,8,0,8,元大-八德,2023-02-20,9813
4763,材料-KY,17,9,8,元大-八德,2023-02-20,9813
8996,高力,16,8,8,元大-八德,2023-02-20,9813
3046,建��,10,2,8,元大-八德,2023-02-20,9813
00903,富邦元宇宙,7,0,7,元大-八德,2023-02-20,9813
6282,康舒,179,33,146,元大-八德,2023-02-21,9813
4977,眾達-KY,111,1,110,元大-八德,2023-02-21,9813
5009,榮剛,103,1,102,元大-八德,2023-02-21,9813
00885,富邦越南,100,1,99,元大-八德,2023-02-21,9813
2615,萬海,63,3,60,元大-八德,2023-02-21,9813
2884,玉山金,76,20,56,元大-八德,2023-02-21,9813
1605,華新,87,32,55,元大-八德,2023-02-21,9813
6235,華孚,52,3,49,元大-八德,2023-02-21,9813
2388,威盛,67,19,48,元大-八德,2023-02-21,9813
6168,宏齊,111,65,46,元大-八德,2023-02-21,9813
4979,華星光,49,8,41,元大-八德,2023-02-21,9813
5347,世界,40,0,40,元大-八德,2023-02-21,9813
6116,彩晶,36,0,36,元大-八德,2023-02-21,9813
1504,東元,32,4,28,元大-八德,2023-02-21,9813
1449,佳和,27,0,27,元大-八德,2023-02-21,9813
00725B,國泰投資級公司債,26,0,26,元大-八德,2023-02-21,9813
00652,富邦印度,25,0,25,元大-八德,2023-02-21,9813
2349,錸德,22,0,22,元大-八德,2023-02-21,9813
2883,凱基金,20,0,20,元大-八德,2023-02-21,9813
2327,國巨,21,2,19,元大-八德,2023-02-21,9813
00878,國泰永續高股息,23,4,19,元大-八德,2023-02-21,9813
1584,精剛,38,20,18,元大-八德,2023-02-21,9813
6136,富爾特,17,0,17,元大-八德,2023-02-21,9813
2892,第一金,16,0,16,元大-八德,2023-02-21,9813
6552,易華電,15,0,15,元大-八德,2023-02-21,9813
6245,立端,13,0,13,元大-八德,2023-02-21,9813
6151,晉倫,13,0,13,元大-八德,2023-02-21,9813
4915,致伸,13,1,12,元大-八德,2023-02-21,9813
3532,台勝科,10,0,10,元大-八德,2023-02-21,9813
2887,台新金,10,0,10,元大-八德,2023-02-21,9813
00751B,元大AAA至A公司債,10,0,10,元大-八德,2023-02-21,9813
2359,所羅門,10,0,10,元大-八德,2023-02-21,9813
2705,六福,10,0,10,元大-八德,2023-02-21,9813
3376,新日興,10,0,10,元大-八德,2023-02-21,9813
5880,合庫金,10,0,10,元大-八德,2023-02-21,9813
2472,立隆電,12,2,10,元大-八德,2023-02-21,9813
2885,元大金,9,0,9,元大-八德,2023-02-21,9813
3372,典範,9,0,9,元大-八德,2023-02-21,9813
6180,橘子,15,6,9,元大-八德,2023-02-21,9813
8171,天宇,13,4,9,元大-八德,2023-02-21,9813
5425,台半,8,0,8,元大-八德,2023-02-21,9813
2368,金像電,10,3,7,元大-八德,2023-02-21,9813
2465,麗臺,7,0,7,元大-八德,2023-02-21,9813
2101,南港,8,1,7,元大-八德,2023-02-21,9813
2603,長榮,31,25,6,元大-八德,2023-02-21,9813
1342,八貫,8,2,6,元大-八德,2023-02-21,9813
00780B,國泰A級金融債,6,0,6,元大-八德,2023-02-21,9813
1529,樂事綠能,6,0,6,元大-八德,2023-02-21,9813
1783,和康生,8,2,6,元大-八德,2023-02-21,9813
2748,雲品,14,8,6,元大-八德,2023-02-21,9813
00632R,元大台灣50反1,320,10,310,元大-八德,2023-02-22,9813
2329,華泰,301,1,300,元大-八德,2023-02-22,9813
6188,廣明,245,0,245,元大-八德,2023-02-22,9813
1701,中化,106,0,106,元大-八德,2023-02-22,9813
00680L,元大美債20正2,100,0,100,元大-八德,2023-02-22,9813
2855,統一證,100,0,100,元大-八德,2023-02-22,9813
4977,眾達-KY,94,1,93,元大-八德,2023-02-22,9813
4979,華星光,72,3,69,元大-八德,2023-02-22,9813
5439,高技,68,6,62,元大-八德,2023-02-22,9813
020034,元大IC設計N,60,0,60,元大-八德,2023-02-22,9813
6570,維田,61,1,60,元大-八德,2023-02-22,9813
00878,國泰永續高股息,59,1,58,元大-八德,2023-02-22,9813
00902,中信電池及儲能,50,0,50,元大-八德,2023-02-22,9813
00688L,國泰20年美債正2,50,0,50,元大-八德,2023-02-22,9813
1584,精剛,50,3,47,元大-八德,2023-02-22,9813
3035,智原,35,2,33,元大-八德,2023-02-22,9813
00772B,中信高評級公司債,31,0,31,元大-八德,2023-02-22,9813
02001L,富邦蘋果正二N,25,0,25,元大-八德,2023-02-22,9813
9955,佳龍,23,0,23,元大-八德,2023-02-22,9813
3479,安勤,22,0,22,元大-八德,2023-02-22,9813
2707,晶華,63,43,20,元大-八德,2023-02-22,9813
5347,世界,20,2,18,元大-八德,2023-02-22,9813
1605,華新,27,10,17,元大-八德,2023-02-22,9813
2885,元大金,24,7,17,元大-八德,2023-02-22,9813
3624,光頡,16,0,16,元大-八德,2023-02-22,9813
2882,國泰金,15,0,15,元大-八德,2023-02-22,9813
020027,元大上櫃ESG成長N,15,0,15,元大-八德,2023-02-22,9813
2371,大同,15,0,15,元大-八德,2023-02-22,9813
2884,玉山金,15,0,15,元大-八德,2023-02-22,9813
1103,嘉泥,15,1,14,元大-八德,2023-02-22,9813
2455,全新,12,0,12,元大-八德,2023-02-22,9813
1519,華城,36,24,12,元大-八德,2023-02-22,9813
2618,長榮航,14,3,11,元大-八德,2023-02-22,9813
00713,元大台灣高息低波,11,0,11,元大-八德,2023-02-22,9813
0050,元大台灣50,11,0,11,元大-八德,2023-02-22,9813
0056,元大高股息,10,0,10,元大-八德,2023-02-22,9813
3037,欣興,26,16,10,元大-八德,2023-02-22,9813
6509,聚和,15,5,10,元大-八德,2023-02-22,9813
020023,元大櫃買半導體N,10,0,10,元大-八德,2023-02-22,9813
00664R,國泰臺灣加權反1,10,0,10,元大-八德,2023-02-22,9813
1229,聯華,10,0,10,元大-八德,2023-02-22,9813
2344,華邦電,21,11,10,元大-八德,2023-02-22,9813
2497,怡利電,10,0,10,元大-八德,2023-02-22,9813
2607,榮運,10,0,10,元大-八德,2023-02-22,9813
3046,建��,10,0,10,元大-八德,2023-02-22,9813
3362,先進光,11,1,10,元大-八德,2023-02-22,9813
8081,致新,10,0,10,元大-八德,2023-02-22,9813
8289,泰藝,10,0,10,元大-八德,2023-02-22,9813
8931,大汽電,10,0,10,元大-八德,2023-02-22,9813
3532,台勝科,10,0,10,元大-八德,2023-02-22,9813
00632R,元大台灣50反1,486,21,465,元大-八德,2023-02-23,9813
6188,廣明,441,1,440,元大-八德,2023-02-23,9813
3481,群創,329,0,329,元大-八德,2023-02-23,9813
2615,萬海,179,8,171,元大-八德,2023-02-23,9813
2618,長榮航,103,3,100,元大-八德,2023-02-23,9813
5353,台林,84,4,80,元大-八德,2023-02-23,9813
3576,聯合再生,70,0,70,元大-八德,2023-02-23,9813
1605,華新,91,28,63,元大-八德,2023-02-23,9813
00637L,元大滬深300正2,60,2,58,元大-八德,2023-02-23,9813
9904,寶成,51,0,51,元大-八德,2023-02-23,9813
00720B,元大投資級公司債,51,0,51,元大-八德,2023-02-23,9813
2023,燁輝,50,2,48,元大-八德,2023-02-23,9813
6290,良維,65,19,46,元大-八德,2023-02-23,9813
2388,威盛,60,16,44,元大-八德,2023-02-23,9813
00918,大華優利高填息30,40,0,40,元大-八德,2023-02-23,9813
2603,長榮,40,3,37,元大-八德,2023-02-23,9813
9933,中鼎,34,0,34,元大-八德,2023-02-23,9813
00725B,國泰投資級公司債,32,0,32,元大-八德,2023-02-23,9813
00642U,期元大S＆P石油,28,0,28,元大-八德,2023-02-23,9813
8033,雷虎,57,33,24,元大-八德,2023-02-23,9813
6104,創惟,25,3,22,元大-八德,2023-02-23,9813
2705,六福,22,1,21,元大-八德,2023-02-23,9813
00670L,富邦NASDAQ正2,20,0,20,元大-八德,2023-02-23,9813
2704,國賓,25,5,20,元大-八德,2023-02-23,9813
2845,遠東銀,20,0,20,元大-八德,2023-02-23,9813
4979,華星光,22,4,18,元大-八德,2023-02-23,9813
5371,中光電,18,0,18,元大-八德,2023-02-23,9813
2471,資通,23,6,17,元大-八德,2023-02-23,9813
3362,先進光,15,0,15,元大-八德,2023-02-23,9813
8936,國統,34,20,14,元大-八德,2023-02-23,9813
2882,國泰金,13,0,13,元大-八德,2023-02-23,9813
2609,陽明,45,32,13,元大-八德,2023-02-23,9813
6541,泰福-KY,13,0,13,元大-八德,2023-02-23,9813
2409,友達,14,3,11,元大-八德,2023-02-23,9813
2363,矽統,22,11,11,元大-八德,2023-02-23,9813
6859,伯特光,11,0,11,元大-八德,2023-02-23,9813
3037,欣興,27,17,10,元大-八德,2023-02-23,9813
00664R,國泰臺灣加權反1,10,0,10,元大-八德,2023-02-23,9813
2250,IKKA-KY,10,0,10,元大-八德,2023-02-23,9813
2399,映泰,10,0,10,元大-八德,2023-02-23,9813
2634,漢翔,20,10,10,元大-八德,2023-02-23,9813
6139,亞翔,10,0,10,元大-八德,2023-02-23,9813
6151,晉倫,10,0,10,元大-八德,2023-02-23,9813
6237,驊訊,10,0,10,元大-八德,2023-02-23,9813
6244,茂迪,10,0,10,元大-八德,2023-02-23,9813
6691,洋基工程,10,0,10,元大-八德,2023-02-23,9813
00885,富邦越南,9,0,9,元大-八德,2023-02-23,9813
3617,碩天,10,1,9,元大-八德,2023-02-23,9813
6506,雙邦,9,0,9,元大-八德,2023-02-23,9813
6550,北極星藥業-KY,10,1,9,元大-八德,2023-02-23,9813
6188,廣明,327,10,317,元大-八德,2023-02-24,9813
6265,方土昶,100,0,100,元大-八德,2023-02-24,9813
00637L,元大滬深300正2,121,30,91,元大-八德,2023-02-24,9813
00897,富邦基因免疫生技,50,0,50,元大-八德,2023-02-24,9813
6691,洋基工程,45,0,45,元大-八德,2023-02-24,9813
00885,富邦越南,35,1,34,元大-八德,2023-02-24,9813
2358,廷鑫,32,0,32,元大-八德,2023-02-24,9813
00878,國泰永續高股息,35,6,29,元大-八德,2023-02-24,9813
6147,頎邦,24,3,21,元大-八德,2023-02-24,9813
00665L,富邦�琤肭磪囓�2,60,40,20,元大-八德,2023-02-24,9813
2614,東森,20,0,20,元大-八德,2023-02-24,9813
6235,華孚,20,0,20,元大-八德,2023-02-24,9813
3037,欣興,29,9,20,元大-八德,2023-02-24,9813
5258,虹堡,28,9,19,元大-八德,2023-02-24,9813
2317,鴻海,17,1,16,元大-八德,2023-02-24,9813
1708,東鹼,16,0,16,元大-八德,2023-02-24,9813
4743,合一,16,1,15,元大-八德,2023-02-24,9813
2885,元大金,16,1,15,元大-八德,2023-02-24,9813
4744,皇將,18,4,14,元大-八德,2023-02-24,9813
00882,中信中國高股息,15,2,13,元大-八德,2023-02-24,9813
1524,耿鼎,13,0,13,元大-八德,2023-02-24,9813
6138,茂達,13,0,13,元大-八德,2023-02-24,9813
2610,華航,13,1,12,元大-八德,2023-02-24,9813
2399,映泰,11,0,11,元大-八德,2023-02-24,9813
3058,立德,11,0,11,元大-八德,2023-02-24,9813
1402,遠東新,11,0,11,元大-八德,2023-02-24,9813
1605,華新,28,18,10,元大-八德,2023-02-24,9813
2360,致茂,11,1,10,元大-八德,2023-02-24,9813
2392,正崴,10,0,10,元大-八德,2023-02-24,9813
2458,義隆,10,0,10,元大-八德,2023-02-24,9813
5388,中磊,10,0,10,元大-八德,2023-02-24,9813
6120,達運,10,0,10,元大-八德,2023-02-24,9813
2845,遠東銀,9,0,9,元大-八德,2023-02-24,9813
3017,奇鋐,18,9,9,元大-八德,2023-02-24,9813
3035,智原,28,19,9,元大-八德,2023-02-24,9813
8938,明安,14,5,9,元大-八德,2023-02-24,9813
2303,聯電,19,11,8,元大-八德,2023-02-24,9813
1101,台泥,11,3,8,元大-八德,2023-02-24,9813
3027,盛達,8,0,8,元大-八德,2023-02-24,9813
5907,大洋-KY,8,0,8,元大-八德,2023-02-24,9813
6541,泰福-KY,8,0,8,元大-八德,2023-02-24,9813
6104,創惟,17,9,8,元大-八德,2023-02-24,9813
2002,中鋼,7,0,7,元大-八德,2023-02-24,9813
3372,典範,7,0,7,元大-八德,2023-02-24,9813
4137,麗豐-KY,7,0,7,元大-八德,2023-02-24,9813
4164,承業醫,7,0,7,元大-八德,2023-02-24,9813
4961,天鈺,10,3,7,元大-八德,2023-02-24,9813
9945,潤泰新,7,0,7,元大-八德,2023-02-24,9813
2834,臺企銀,7,0,7,元大-八德,2023-02-24,9813
2454,聯發科,7,1,6,元大-八德,2023-02-24,9813
00671R,富邦NASDAQ反1,107,0,107,元大-八德,2023-03-01,9813
00720B,元大投資級公司債,86,12,74,元大-八德,2023-03-01,9813
2388,威盛,73,4,69,元大-八德,2023-03-01,9813
3491,昇達科,54,7,47,元大-八德,2023-03-01,9813
2885,元大金,50,3,47,元大-八德,2023-03-01,9813
3714,富采,40,0,40,元大-八德,2023-03-01,9813
2610,華航,43,4,39,元大-八德,2023-03-01,9813
2303,聯電,77,43,34,元大-八德,2023-03-01,9813
2002,中鋼,34,1,33,元大-八德,2023-03-01,9813
6570,維田,30,0,30,元大-八德,2023-03-01,9813
1605,華新,171,145,26,元大-八德,2023-03-01,9813
2498,宏達電,50,26,24,元大-八德,2023-03-01,9813
00878,國泰永續高股息,23,0,23,元大-八德,2023-03-01,9813
2739,寒舍,21,0,21,元大-八德,2023-03-01,9813
00676R,富邦臺灣加權反1,20,0,20,元大-八德,2023-03-01,9813
6180,橘子,20,2,18,元大-八德,2023-03-01,9813
2360,致茂,17,0,17,元大-八德,2023-03-01,9813
6789,采鈺,17,0,17,元大-八德,2023-03-01,9813
5009,榮剛,24,8,16,元大-八德,2023-03-01,9813
2358,廷鑫,16,0,16,元大-八德,2023-03-01,9813
6117,迎廣,15,0,15,元大-八德,2023-03-01,9813
6418,詠昇,15,0,15,元大-八德,2023-03-01,9813
2605,新興,47,33,14,元大-八德,2023-03-01,9813
00885,富邦越南,14,0,14,元大-八德,2023-03-01,9813
6266,泰詠,14,0,14,元大-八德,2023-03-01,9813
2609,陽明,17,4,13,元大-八德,2023-03-01,9813
9962,有益,13,0,13,元大-八德,2023-03-01,9813
1101,台泥,13,1,12,元大-八德,2023-03-01,9813
2617,台航,13,1,12,元大-八德,2023-03-01,9813
3035,智原,29,17,12,元大-八德,2023-03-01,9813
2344,華邦電,211,200,11,元大-八德,2023-03-01,9813
00650L,復華香港正2,10,0,10,元大-八德,2023-03-01,9813
1104,環泥,10,0,10,元大-八德,2023-03-01,9813
2884,玉山金,10,0,10,元大-八德,2023-03-01,9813
3060,銘異,10,0,10,元大-八德,2023-03-01,9813
3532,台勝科,11,1,10,元大-八德,2023-03-01,9813
6120,達運,10,0,10,元大-八德,2023-03-01,9813
9904,寶成,10,0,10,元大-八德,2023-03-01,9813
02001L,富邦蘋果正二N,9,0,9,元大-八德,2023-03-01,9813
1720,生達,10,1,9,元大-八德,2023-03-01,9813
3027,盛達,12,3,9,元大-八德,2023-03-01,9813
00712,復華富時不動產,8,0,8,元大-八德,2023-03-01,9813
3362,先進光,8,1,7,元大-八德,2023-03-01,9813
1437,勤益控,7,0,7,元大-八德,2023-03-01,9813
3207,耀勝,15,8,7,元大-八德,2023-03-01,9813
6443,元晶,7,0,7,元大-八德,2023-03-01,9813
8050,廣積,9,2,7,元大-八德,2023-03-01,9813
00882,中信中國高股息,6,0,6,元大-八德,2023-03-01,9813
020027,元大上櫃ESG成長N,6,0,6,元大-八德,2023-03-01,9813
1447,力鵬,6,0,6,元大-八德,2023-03-01,9813
6188,廣明,406,1,405,元大-八德,2023-03-02,9813
00669R,國泰美國道瓊反1,150,0,150,元大-八德,2023-03-02,9813
00878,國泰永續高股息,87,0,87,元大-八德,2023-03-02,9813
3491,昇達科,49,12,37,元大-八德,2023-03-02,9813
8033,雷虎,39,2,37,元大-八德,2023-03-02,9813
2201,裕隆,60,33,27,元大-八德,2023-03-02,9813
00885,富邦越南,23,0,23,元大-八德,2023-03-02,9813
2836,高雄銀,22,0,22,元大-八德,2023-03-02,9813
2885,元大金,22,0,22,元大-八德,2023-03-02,9813
1718,中纖,20,0,20,元大-八德,2023-03-02,9813
2349,錸德,20,0,20,元大-八德,2023-03-02,9813
6570,維田,20,0,20,元大-八德,2023-03-02,9813
1760,寶齡富錦,20,2,18,元大-八德,2023-03-02,9813
3661,世芯-KY,20,2,18,元大-八德,2023-03-02,9813
2748,雲品,32,15,17,元大-八德,2023-03-02,9813
2603,長榮,31,15,16,元大-八德,2023-03-02,9813
00712,復華富時不動產,15,0,15,元大-八德,2023-03-02,9813
2014,中鴻,27,13,14,元大-八德,2023-03-02,9813
1795,美時,21,9,12,元大-八德,2023-03-02,9813
6151,晉倫,12,0,12,元大-八德,2023-03-02,9813
8996,高力,17,5,12,元大-八德,2023-03-02,9813
8171,天宇,24,12,12,元大-八德,2023-03-02,9813
2482,連宇,19,8,11,元大-八德,2023-03-02,9813
2250,IKKA-KY,11,0,11,元大-八德,2023-03-02,9813
2888,新光金,11,0,11,元大-八德,2023-03-02,9813
3014,聯陽,11,0,11,元大-八德,2023-03-02,9813
8289,泰藝,15,4,11,元大-八德,2023-03-02,9813
00671R,富邦NASDAQ反1,10,0,10,元大-八德,2023-03-02,9813
1506,正道,10,0,10,元大-八德,2023-03-02,9813
1609,大亞,10,0,10,元大-八德,2023-03-02,9813
3372,典範,10,0,10,元大-八德,2023-03-02,9813
3714,富采,10,0,10,元大-八德,2023-03-02,9813
6152,百一,10,0,10,元大-八德,2023-03-02,9813
6239,力成,10,0,10,元大-八德,2023-03-02,9813
9904,寶成,10,0,10,元大-八德,2023-03-02,9813
2889,國票金,10,0,10,元大-八德,2023-03-02,9813
2328,廣宇,8,0,8,元大-八德,2023-03-02,9813
00720B,元大投資級公司債,8,0,8,元大-八德,2023-03-02,9813
2002,中鋼,20,12,8,元大-八德,2023-03-02,9813
3481,群創,8,0,8,元大-八德,2023-03-02,9813
2495,普安,9,2,7,元大-八德,2023-03-02,9813
2812,台中銀,8,2,6,元大-八德,2023-03-02,9813
00715L,期街口布蘭特正2,6,0,6,元大-八德,2023-03-02,9813
2609,陽明,37,31,6,元大-八德,2023-03-02,9813
4979,華星光,6,0,6,元大-八德,2023-03-02,9813
6603,富強鑫,6,0,6,元大-八德,2023-03-02,9813
1342,八貫,10,5,5,元大-八德,2023-03-02,9813
00749B,凱基新興債10+,5,0,5,元大-八德,2023-03-02,9813
2358,廷鑫,5,0,5,元大-八德,2023-03-02,9813
2464,盟立,5,0,5,元大-八德,2023-03-02,9813
2609,陽明,1342,30,1312,元大-八德,2023-03-03,9813
6290,良維,92,3,89,元大-八德,2023-03-03,9813
00712,復華富時不動產,58,0,58,元大-八德,2023-03-03,9813
6446,藥華藥,53,2,51,元大-八德,2023-03-03,9813
6570,維田,50,0,50,元大-八德,2023-03-03,9813
6136,富爾特,38,0,38,元大-八德,2023-03-03,9813
2610,華航,36,0,36,元大-八德,2023-03-03,9813
6190,萬泰科,36,0,36,元大-八德,2023-03-03,9813
2482,連宇,34,1,33,元大-八德,2023-03-03,9813
3037,欣興,78,47,31,元大-八德,2023-03-03,9813
1417,嘉裕,30,0,30,元大-八德,2023-03-03,9813
2382,廣達,27,0,27,元大-八德,2023-03-03,9813
00632R,元大台灣50反1,23,0,23,元大-八德,2023-03-03,9813
2344,華邦電,67,44,23,元大-八德,2023-03-03,9813
2375,凱美,26,3,23,元大-八德,2023-03-03,9813
6789,采鈺,21,0,21,元大-八德,2023-03-03,9813
4977,眾達-KY,20,1,19,元大-八德,2023-03-03,9813
00772B,中信高評級公司債,18,0,18,元大-八德,2023-03-03,9813
5512,力麒,17,0,17,元大-八德,2023-03-03,9813
2605,新興,50,34,16,元大-八德,2023-03-03,9813
2617,台航,20,4,16,元大-八德,2023-03-03,9813
4164,承業醫,21,5,16,元大-八德,2023-03-03,9813
0056,元大高股息,15,0,15,元大-八德,2023-03-03,9813
8171,天宇,16,2,14,元大-八德,2023-03-03,9813
3372,典範,13,0,13,元大-八德,2023-03-03,9813
2637,慧洋-KY,19,6,13,元大-八德,2023-03-03,9813
00878,國泰永續高股息,12,0,12,元大-八德,2023-03-03,9813
2329,華泰,20,8,12,元大-八德,2023-03-03,9813
2014,中鴻,11,0,11,元大-八德,2023-03-03,9813
3689,湧德,11,0,11,元大-八德,2023-03-03,9813
8050,廣積,12,1,11,元大-八德,2023-03-03,9813
1309,台達化,10,0,10,元大-八德,2023-03-03,9813
2834,臺企銀,10,0,10,元大-八德,2023-03-03,9813
2886,兆豐金,11,1,10,元大-八德,2023-03-03,9813
6116,彩晶,16,6,10,元大-八德,2023-03-03,9813
3479,安勤,14,4,10,元大-八德,2023-03-03,9813
2313,華通,11,1,10,元大-八德,2023-03-03,9813
2457,飛宏,17,8,9,元大-八德,2023-03-03,9813
2498,宏達電,14,5,9,元大-八德,2023-03-03,9813
3029,零壹,12,3,9,元大-八德,2023-03-03,9813
8088,品安,10,1,9,元大-八德,2023-03-03,9813
5608,四維航,20,11,9,元大-八德,2023-03-03,9813
2618,長榮航,11,3,8,元大-八德,2023-03-03,9813
1217,愛之味,13,5,8,元大-八德,2023-03-03,9813
00679B,元大美債20年,8,0,8,元大-八德,2023-03-03,9813
1476,儒鴻,9,1,8,元大-八德,2023-03-03,9813
3033,威健,8,0,8,元大-八德,2023-03-03,9813
3380,明泰,9,1,8,元大-八德,2023-03-03,9813
6151,晉倫,8,0,8,元大-八德,2023-03-03,9813
6228,全譜,8,0,8,元大-八德,2023-03-03,9813
1514,亞力,244,7,237,元大-八德,2023-03-06,9813
2457,飛宏,186,3,183,元大-八德,2023-03-06,9813
6290,良維,101,1,100,元大-八德,2023-03-06,9813
5439,高技,78,1,77,元大-八德,2023-03-06,9813
6799,來頡,70,0,70,元大-八德,2023-03-06,9813
00752,中信中國50,52,0,52,元大-八德,2023-03-06,9813
00650L,復華香港正2,50,0,50,元大-八德,2023-03-06,9813
2834,臺企銀,50,1,49,元大-八德,2023-03-06,9813
5452,佶優,53,5,48,元大-八德,2023-03-06,9813
2388,威盛,60,18,42,元大-八德,2023-03-06,9813
2634,漢翔,35,1,34,元大-八德,2023-03-06,9813
2605,新興,39,6,33,元大-八德,2023-03-06,9813
3628,盈正,33,3,30,元大-八德,2023-03-06,9813
3443,創意,32,4,28,元大-八德,2023-03-06,9813
3035,智原,31,3,28,元大-八德,2023-03-06,9813
9902,台火,28,0,28,元大-八德,2023-03-06,9813
3479,安勤,35,8,27,元大-八德,2023-03-06,9813
4744,皇將,26,0,26,元大-八德,2023-03-06,9813
2610,華航,25,0,25,元大-八德,2023-03-06,9813
6859,伯特光,23,0,23,元大-八德,2023-03-06,9813
2609,陽明,67,44,23,元大-八德,2023-03-06,9813
2476,鉅祥,22,0,22,元大-八德,2023-03-06,9813
00632R,元大台灣50反1,433,414,19,元大-八德,2023-03-06,9813
00900,富邦特選高股息30,20,2,18,元大-八德,2023-03-06,9813
8176,智捷,18,0,18,元大-八德,2023-03-06,9813
6151,晉倫,17,0,17,元大-八德,2023-03-06,9813
00637L,元大滬深300正2,18,2,16,元大-八德,2023-03-06,9813
5450,南良,15,0,15,元大-八德,2023-03-06,9813
2002,中鋼,19,5,14,元大-八德,2023-03-06,9813
3037,欣興,25,11,14,元大-八德,2023-03-06,9813
5371,中光電,14,0,14,元大-八德,2023-03-06,9813
6202,盛群,21,7,14,元大-八德,2023-03-06,9813
6570,維田,45,31,14,元大-八德,2023-03-06,9813
2250,IKKA-KY,13,0,13,元大-八德,2023-03-06,9813
8112,至上,12,0,12,元大-八德,2023-03-06,9813
8046,南電,11,0,11,元大-八德,2023-03-06,9813
5608,四維航,16,5,11,元大-八德,2023-03-06,9813
1337,再生-KY,10,0,10,元大-八德,2023-03-06,9813
00665L,富邦�琤肭磪囓�2,30,20,10,元大-八德,2023-03-06,9813
1722,台肥,10,0,10,元大-八德,2023-03-06,9813
2734,易飛網,10,0,10,元大-八德,2023-03-06,9813
2736,富野,10,0,10,元大-八德,2023-03-06,9813
3207,耀勝,10,0,10,元大-八德,2023-03-06,9813
3305,昇貿,10,0,10,元大-八德,2023-03-06,9813
3705,永信,10,0,10,元大-八德,2023-03-06,9813
1605,華新,24,14,10,元大-八德,2023-03-06,9813
1708,東鹼,12,3,9,元大-八德,2023-03-06,9813
6147,頎邦,9,0,9,元大-八德,2023-03-06,9813
2637,慧洋-KY,9,1,8,元大-八德,2023-03-06,9813
1795,美時,23,15,8,元大-八德,2023-03-06,9813
1514,亞力,403,16,387,元大-八德,2023-03-07,9813
2457,飛宏,125,18,107,元大-八德,2023-03-07,9813
00897,富邦基因免疫生技,50,0,50,元大-八德,2023-03-07,9813
5452,佶優,72,26,46,元大-八德,2023-03-07,9813
2023,燁輝,40,0,40,元大-八德,2023-03-07,9813
2880,華南金,40,1,39,元大-八德,2023-03-07,9813
2358,廷鑫,33,0,33,元大-八德,2023-03-07,9813
00632R,元大台灣50反1,30,0,30,元大-八德,2023-03-07,9813
4977,眾達-KY,52,23,29,元大-八德,2023-03-07,9813
2250,IKKA-KY,21,0,21,元大-八德,2023-03-07,9813
00712,復華富時不動產,20,0,20,元大-八德,2023-03-07,9813
8034,榮群,20,0,20,元大-八德,2023-03-07,9813
4979,華星光,27,10,17,元大-八德,2023-03-07,9813
3019,亞光,20,3,17,元大-八德,2023-03-07,9813
00637L,元大滬深300正2,19,2,17,元大-八德,2023-03-07,9813
4114,健喬,17,0,17,元大-八德,2023-03-07,9813
6151,晉倫,17,0,17,元大-八德,2023-03-07,9813
6290,良維,196,179,17,元大-八德,2023-03-07,9813
2409,友達,15,0,15,元大-八德,2023-03-07,9813
4566,時碩工業,15,0,15,元大-八德,2023-03-07,9813
6570,維田,15,0,15,元大-八德,2023-03-07,9813
6188,廣明,14,0,14,元大-八德,2023-03-07,9813
6770,力積電,28,14,14,元大-八德,2023-03-07,9813
2002,中鋼,32,18,14,元大-八德,2023-03-07,9813
2603,長榮,18,4,14,元大-八德,2023-03-07,9813
1513,中興電,40,28,12,元大-八德,2023-03-07,9813
3029,零壹,17,6,11,元大-八德,2023-03-07,9813
00673R,期元大S＆P原油反1,11,0,11,元大-八德,2023-03-07,9813
6531,愛普*,11,0,11,元大-八德,2023-03-07,9813
8938,明安,10,0,10,元大-八德,2023-03-07,9813
00671R,富邦NASDAQ反1,10,0,10,元大-八德,2023-03-07,9813
2419,仲琦,10,0,10,元大-八德,2023-03-07,9813
2484,希華,10,0,10,元大-八德,2023-03-07,9813
2748,雲品,16,6,10,元大-八德,2023-03-07,9813
3128,昇銳,10,0,10,元大-八德,2023-03-07,9813
3236,千如,11,1,10,元大-八德,2023-03-07,9813
4162,智擎,20,10,10,元大-八德,2023-03-07,9813
6733,博晟生醫,11,1,10,元大-八德,2023-03-07,9813
6799,來頡,11,1,10,元大-八德,2023-03-07,9813
2610,華航,11,2,9,元大-八德,2023-03-07,9813
1259,安心,9,0,9,元大-八德,2023-03-07,9813
2476,鉅祥,10,1,9,元大-八德,2023-03-07,9813
3141,晶宏,11,2,9,元大-八德,2023-03-07,9813
4968,立積,10,1,9,元大-八德,2023-03-07,9813
6120,達運,9,0,9,元大-八德,2023-03-07,9813
6147,頎邦,10,1,9,元大-八德,2023-03-07,9813
2731,雄獅,8,0,8,元大-八德,2023-03-07,9813
3163,波若威,10,2,8,元大-八德,2023-03-07,9813
6104,創惟,10,2,8,元大-八德,2023-03-07,9813
5258,虹堡,9,2,7,元大-八德,2023-03-07,9813
2457,飛宏,2101,100,2001,元大-八德,2023-03-08,9813
1609,大亞,1346,126,1220,元大-八德,2023-03-08,9813
00637L,元大滬深300正2,197,0,197,元大-八德,2023-03-08,9813
6026,福邦證,148,0,148,元大-八德,2023-03-08,9813
3149,正達,100,1,99,元大-八德,2023-03-08,9813
1444,力麗,65,0,65,元大-八德,2023-03-08,9813
2883,凱基金,51,2,49,元大-八德,2023-03-08,9813
2880,華南金,40,0,40,元大-八德,2023-03-08,9813
6136,富爾特,37,0,37,元大-八德,2023-03-08,9813
2609,陽明,50,18,32,元大-八德,2023-03-08,9813
3022,威強電,32,0,32,元大-八德,2023-03-08,9813
00671R,富邦NASDAQ反1,26,0,26,元大-八德,2023-03-08,9813
00918,大華優利高填息30,25,0,25,元大-八德,2023-03-08,9813
6570,維田,25,0,25,元大-八德,2023-03-08,9813
2884,玉山金,41,17,24,元大-八德,2023-03-08,9813
1504,東元,42,18,24,元大-八德,2023-03-08,9813
2303,聯電,51,28,23,元大-八德,2023-03-08,9813
2376,技嘉,23,0,23,元大-八德,2023-03-08,9813
6770,力積電,31,9,22,元大-八德,2023-03-08,9813
2250,IKKA-KY,22,0,22,元大-八德,2023-03-08,9813
3128,昇銳,24,2,22,元大-八德,2023-03-08,9813
4915,致伸,23,1,22,元大-八德,2023-03-08,9813
5512,力麒,20,0,20,元大-八德,2023-03-08,9813
00923,群益台ESG低碳50,19,0,19,元大-八德,2023-03-08,9813
5488,松普,20,1,19,元大-八德,2023-03-08,9813
6670,復盛應用,18,0,18,元大-八德,2023-03-08,9813
4129,聯合,20,2,18,元大-八德,2023-03-08,9813
9933,中鼎,22,5,17,元大-八德,2023-03-08,9813
8215,明基材,18,2,16,元大-八德,2023-03-08,9813
8916,光隆,16,0,16,元大-八德,2023-03-08,9813
2481,強茂,23,7,16,元大-八德,2023-03-08,9813
2344,華邦電,16,1,15,元大-八德,2023-03-08,9813
2615,萬海,14,0,14,元大-八德,2023-03-08,9813
2404,漢唐,13,0,13,元大-八德,2023-03-08,9813
4747,強生,15,2,13,元大-八德,2023-03-08,9813
3532,台勝科,15,2,13,元大-八德,2023-03-08,9813
2454,聯發科,12,0,12,元大-八德,2023-03-08,9813
5009,榮剛,40,28,12,元大-八德,2023-03-08,9813
1524,耿鼎,12,0,12,元大-八德,2023-03-08,9813
4162,智擎,16,4,12,元大-八德,2023-03-08,9813
4746,台耀,14,2,12,元大-八德,2023-03-08,9813
5425,台半,22,10,12,元大-八德,2023-03-08,9813
2419,仲琦,13,2,11,元大-八德,2023-03-08,9813
2498,宏達電,12,1,11,元大-八德,2023-03-08,9813
6548,長科*,11,0,11,元大-八德,2023-03-08,9813
2618,長榮航,10,0,10,元大-八德,2023-03-08,9813
020023,元大櫃買半導體N,10,0,10,元大-八德,2023-03-08,9813
00665L,富邦�琤肭磪囓�2,10,0,10,元大-八德,2023-03-08,9813
2845,遠東銀,10,0,10,元大-八德,2023-03-08,9813
6153,嘉聯益,10,0,10,元大-八德,2023-03-08,9813
2457,飛宏,2384,657,1727,元大-八德,2023-03-09,9813
1609,大亞,258,9,249,元大-八德,2023-03-09,9813
2610,華航,279,45,234,元大-八德,2023-03-09,9813
1514,亞力,185,8,177,元大-八德,2023-03-09,9813
1444,力麗,145,0,145,元大-八德,2023-03-09,9813
6026,福邦證,119,6,113,元大-八德,2023-03-09,9813
5452,佶優,50,1,49,元大-八德,2023-03-09,9813
6290,良維,46,1,45,元大-八德,2023-03-09,9813
3661,世芯-KY,51,16,35,元大-八德,2023-03-09,9813
3481,群創,44,11,33,元大-八德,2023-03-09,9813
2537,聯上發,30,0,30,元大-八德,2023-03-09,9813
8050,廣積,28,0,28,元大-八德,2023-03-09,9813
6443,元晶,27,3,24,元大-八德,2023-03-09,9813
2002,中鋼,23,0,23,元大-八德,2023-03-09,9813
6136,富爾特,24,1,23,元大-八德,2023-03-09,9813
6282,康舒,38,16,22,元大-八德,2023-03-09,9813
3272,東碩,22,0,22,元大-八德,2023-03-09,9813
2820,華票,21,0,21,元大-八德,2023-03-09,9813
8426,紅木-KY,21,0,21,元大-八德,2023-03-09,9813
8916,光隆,20,0,20,元大-八德,2023-03-09,9813
2368,金像電,20,0,20,元大-八德,2023-03-09,9813
00923,群益台ESG低碳50,20,0,20,元大-八德,2023-03-09,9813
3189,景碩,37,17,20,元大-八德,2023-03-09,9813
6205,詮欣,18,1,17,元大-八德,2023-03-09,9813
2880,華南金,16,0,16,元大-八德,2023-03-09,9813
3712,永崴投控,27,11,16,元大-八德,2023-03-09,9813
6506,雙邦,16,0,16,元大-八德,2023-03-09,9813
2883,凱基金,15,0,15,元大-八德,2023-03-09,9813
00637L,元大滬深300正2,14,0,14,元大-八德,2023-03-09,9813
1522,堤維西,15,1,14,元大-八德,2023-03-09,9813
1303,南亞,13,0,13,元大-八德,2023-03-09,9813
3029,零壹,18,5,13,元大-八德,2023-03-09,9813
2250,IKKA-KY,13,0,13,元大-八德,2023-03-09,9813
2344,華邦電,16,3,13,元大-八德,2023-03-09,9813
3265,台星科,13,1,12,元大-八德,2023-03-09,9813
8099,大世科,12,0,12,元大-八德,2023-03-09,9813
8222,寶一,40,28,12,元大-八德,2023-03-09,9813
3704,合勤控,12,0,12,元大-八德,2023-03-09,9813
00878,國泰永續高股息,14,3,11,元大-八德,2023-03-09,9813
2884,玉山金,11,0,11,元大-八德,2023-03-09,9813
6235,華孚,25,15,10,元大-八德,2023-03-09,9813
1560,中砂,10,0,10,元大-八德,2023-03-09,9813
2340,台亞,10,0,10,元大-八德,2023-03-09,9813
2614,東森,10,0,10,元大-八德,2023-03-09,9813
2734,易飛網,10,0,10,元大-八德,2023-03-09,9813
2855,統一證,10,0,10,元大-八德,2023-03-09,9813
3093,港建*,10,0,10,元大-八德,2023-03-09,9813
6239,力成,10,0,10,元大-八德,2023-03-09,9813
2317,鴻海,9,0,9,元大-八德,2023-03-09,9813
2014,中鴻,10,1,9,元大-八德,2023-03-09,9813
2457,飛宏,720,435,285,元大-八德,2023-03-10,9813
00637L,元大滬深300正2,139,2,137,元大-八德,2023-03-10,9813
5608,四維航,128,7,121,元大-八德,2023-03-10,9813
4979,華星光,101,2,99,元大-八德,2023-03-10,9813
00878,國泰永續高股息,83,2,81,元大-八德,2023-03-10,9813
00897,富邦基因免疫生技,53,0,53,元大-八德,2023-03-10,9813
00712,復華富時不動產,52,0,52,元大-八德,2023-03-10,9813
4977,眾達-KY,50,2,48,元大-八德,2023-03-10,9813
6136,富爾特,44,0,44,元大-八德,2023-03-10,9813
2605,新興,48,6,42,元大-八德,2023-03-10,9813
2883,凱基金,41,2,39,元大-八德,2023-03-10,9813
2609,陽明,138,100,38,元大-八德,2023-03-10,9813
00918,大華優利高填息30,35,0,35,元大-八德,2023-03-10,9813
00671R,富邦NASDAQ反1,34,0,34,元大-八德,2023-03-10,9813
2881,富邦金,32,0,32,元大-八德,2023-03-10,9813
2344,華邦電,28,0,28,元大-八德,2023-03-10,9813
6182,合晶,35,7,28,元大-八德,2023-03-10,9813
8069,元太,32,5,27,元大-八德,2023-03-10,9813
00923,群益台ESG低碳50,25,0,25,元大-八德,2023-03-10,9813
02001L,富邦蘋果正二N,25,0,25,元大-八德,2023-03-10,9813
2250,IKKA-KY,25,0,25,元大-八德,2023-03-10,9813
6603,富強鑫,23,0,23,元大-八德,2023-03-10,9813
1605,華新,30,8,22,元大-八德,2023-03-10,9813
2363,矽統,22,0,22,元大-八德,2023-03-10,9813
3293,鈊象,22,2,20,元大-八德,2023-03-10,9813
4916,事欣科,20,0,20,元大-八德,2023-03-10,9813
4123,晟德,20,0,20,元大-八德,2023-03-10,9813
6592,和潤企業,22,2,20,元大-八德,2023-03-10,9813
6245,立端,19,0,19,元大-八德,2023-03-10,9813
6235,華孚,43,25,18,元大-八德,2023-03-10,9813
2014,中鴻,20,2,18,元大-八德,2023-03-10,9813
6799,來頡,18,0,18,元大-八德,2023-03-10,9813
8916,光隆,18,0,18,元大-八德,2023-03-10,9813
2888,新光金,17,0,17,元大-八德,2023-03-10,9813
00664R,國泰臺灣加權反1,15,0,15,元大-八德,2023-03-10,9813
2498,宏達電,22,8,14,元大-八德,2023-03-10,9813
6443,元晶,15,1,14,元大-八德,2023-03-10,9813
3035,智原,35,21,14,元大-八德,2023-03-10,9813
2884,玉山金,14,0,14,元大-八德,2023-03-10,9813
00882,中信中國高股息,15,2,13,元大-八德,2023-03-10,9813
4989,榮科,18,5,13,元大-八德,2023-03-10,9813
0056,元大高股息,21,8,13,元大-八德,2023-03-10,9813
3289,宜特,13,1,12,元大-八德,2023-03-10,9813
5512,力麒,12,0,12,元大-八德,2023-03-10,9813
0050,元大台灣50,14,2,12,元大-八德,2023-03-10,9813
2330,台積電,14,3,11,元大-八德,2023-03-10,9813
2606,裕民,11,0,11,元大-八德,2023-03-10,9813
2634,漢翔,15,4,11,元大-八德,2023-03-10,9813
3006,晶豪科,11,1,10,元大-八德,2023-03-10,9813
2337,旺宏,12,2,10,元大-八德,2023-03-10,9813
2834,臺企銀,350,7,343,元大-八德,2023-03-13,9813
00878,國泰永續高股息,144,0,144,元大-八德,2023-03-13,9813
1444,力麗,115,0,115,元大-八德,2023-03-13,9813
2457,飛宏,902,833,69,元大-八德,2023-03-13,9813
2610,華航,36,3,33,元大-八德,2023-03-13,9813
00712,復華富時不動產,32,0,32,元大-八德,2023-03-13,9813
2820,華票,31,0,31,元大-八德,2023-03-13,9813
2634,漢翔,30,0,30,元大-八德,2023-03-13,9813
00893,國泰智能電動車,32,3,29,元大-八德,2023-03-13,9813
2883,凱基金,31,6,25,元大-八德,2023-03-13,9813
8916,光隆,24,0,24,元大-八德,2023-03-13,9813
2358,廷鑫,21,0,21,元大-八德,2023-03-13,9813
1102,亞泥,20,0,20,元大-八德,2023-03-13,9813
2357,華碩,19,0,19,元大-八德,2023-03-13,9813
1524,耿鼎,19,2,17,元大-八德,2023-03-13,9813
2363,矽統,20,3,17,元大-八德,2023-03-13,9813
3346,麗清,16,0,16,元大-八德,2023-03-13,9813
4534,慶騰,15,0,15,元大-八德,2023-03-13,9813
6151,晉倫,15,0,15,元大-八德,2023-03-13,9813
00720B,元大投資級公司債,14,0,14,元大-八德,2023-03-13,9813
020034,元大IC設計N,13,0,13,元大-八德,2023-03-13,9813
2891,中信金,13,0,13,元大-八德,2023-03-13,9813
02002L,兆豐富櫃200正二N,12,0,12,元大-八德,2023-03-13,9813
2014,中鴻,13,1,12,元大-八德,2023-03-13,9813
2402,毅嘉,12,0,12,元大-八德,2023-03-13,9813
2615,萬海,15,3,12,元大-八德,2023-03-13,9813
4130,健亞,12,0,12,元大-八德,2023-03-13,9813
2603,長榮,19,7,12,元大-八德,2023-03-13,9813
1605,華新,21,10,11,元大-八德,2023-03-13,9813
00773B,中信優先金融債,11,0,11,元大-八德,2023-03-13,9813
2206,三陽工業,11,0,11,元大-八德,2023-03-13,9813
00713,元大台灣高息低波,10,0,10,元大-八德,2023-03-13,9813
2881,富邦金,10,0,10,元大-八德,2023-03-13,9813
00637L,元大滬深300正2,12,2,10,元大-八德,2023-03-13,9813
1460,宏遠,10,0,10,元大-八德,2023-03-13,9813
2250,IKKA-KY,10,0,10,元大-八德,2023-03-13,9813
2449,京元電子,10,0,10,元大-八德,2023-03-13,9813
2617,台航,10,0,10,元大-八德,2023-03-13,9813
3027,盛達,10,0,10,元大-八德,2023-03-13,9813
5425,台半,13,3,10,元大-八德,2023-03-13,9813
6799,來頡,9,0,9,元大-八德,2023-03-13,9813
2453,凌群,13,5,8,元大-八德,2023-03-13,9813
8033,雷虎,15,7,8,元大-八德,2023-03-13,9813
2606,裕民,9,1,8,元大-八德,2023-03-13,9813
2413,環科,30,22,8,元大-八德,2023-03-13,9813
2752,豆府,8,0,8,元大-八德,2023-03-13,9813
3041,揚智,8,0,8,元大-八德,2023-03-13,9813
6841,長佳智能,13,5,8,元大-八德,2023-03-13,9813
2609,陽明,54,46,8,元大-八德,2023-03-13,9813
2888,新光金,7,0,7,元大-八德,2023-03-13,9813
2834,臺企銀,357,0,357,元大-八德,2023-03-14,9813
2618,長榮航,144,6,138,元大-八德,2023-03-14,9813
00902,中信電池及儲能,102,0,102,元大-八德,2023-03-14,9813
00878,國泰永續高股息,101,1,100,元大-八德,2023-03-14,9813
2888,新光金,97,3,94,元大-八德,2023-03-14,9813
00671R,富邦NASDAQ反1,36,0,36,元大-八德,2023-03-14,9813
2027,大成鋼,45,9,36,元大-八德,2023-03-14,9813
00712,復華富時不動產,34,0,34,元大-八德,2023-03-14,9813
2885,元大金,32,1,31,元大-八德,2023-03-14,9813
6290,良維,32,2,30,元大-八德,2023-03-14,9813
2330,台積電,27,1,26,元大-八德,2023-03-14,9813
2883,凱基金,23,0,23,元大-八德,2023-03-14,9813
2393,億光,21,0,21,元大-八德,2023-03-14,9813
5608,四維航,20,0,20,元大-八德,2023-03-14,9813
1909,榮成,20,0,20,元大-八德,2023-03-14,9813
8420,明揚,20,0,20,元大-八德,2023-03-14,9813
9105,泰金寶-DR,20,0,20,元大-八德,2023-03-14,9813
6151,晉倫,19,0,19,元大-八德,2023-03-14,9813
2891,中信金,24,5,19,元大-八德,2023-03-14,9813
00885,富邦越南,19,0,19,元大-八德,2023-03-14,9813
6244,茂迪,32,15,17,元大-八德,2023-03-14,9813
2606,裕民,16,0,16,元大-八德,2023-03-14,9813
00923,群益台ESG低碳50,15,0,15,元大-八德,2023-03-14,9813
6570,維田,16,1,15,元大-八德,2023-03-14,9813
2317,鴻海,15,1,14,元大-八德,2023-03-14,9813
6770,力積電,16,2,14,元大-八德,2023-03-14,9813
6136,富爾特,14,0,14,元大-八德,2023-03-14,9813
3438,類比科,44,30,14,元大-八德,2023-03-14,9813
1605,華新,25,12,13,元大-八德,2023-03-14,9813
2609,陽明,72,60,12,元大-八德,2023-03-14,9813
00882,中信中國高股息,11,0,11,元大-八德,2023-03-14,9813
8112,至上,11,0,11,元大-八德,2023-03-14,9813
2812,台中銀,11,0,11,元大-八德,2023-03-14,9813
4130,健亞,29,18,11,元大-八德,2023-03-14,9813
4958,臻鼎-KY,10,0,10,元大-八德,2023-03-14,9813
2890,永豐金,10,0,10,元大-八德,2023-03-14,9813
5284,jpp-KY,10,0,10,元大-八德,2023-03-14,9813
6411,晶焱,10,0,10,元大-八德,2023-03-14,9813
4938,和碩,10,1,9,元大-八德,2023-03-14,9813
2301,光寶科,8,0,8,元大-八德,2023-03-14,9813
00771,元大US高息特別股,7,0,7,元大-八德,2023-03-14,9813
2495,普安,15,8,7,元大-八德,2023-03-14,9813
3704,合勤控,11,4,7,元大-八德,2023-03-14,9813
6165,浪凡,7,0,7,元大-八德,2023-03-14,9813
2645,長榮航太,9,2,7,元大-八德,2023-03-14,9813
2892,第一金,7,0,7,元大-八德,2023-03-14,9813
6446,藥華藥,7,0,7,元大-八德,2023-03-14,9813
2882,國泰金,8,2,6,元大-八德,2023-03-14,9813
2327,國巨,6,0,6,元大-八德,2023-03-14,9813
2002,中鋼,6,0,6,元大-八德,2023-03-14,9813
00715L,期街口布蘭特正2,299,0,299,元大-八德,2023-03-15,9813
00632R,元大台灣50反1,113,10,103,元大-八德,2023-03-15,9813
2358,廷鑫,65,0,65,元大-八德,2023-03-15,9813
4916,事欣科,49,3,46,元大-八德,2023-03-15,9813
2845,遠東銀,55,11,44,元大-八德,2023-03-15,9813
2888,新光金,38,0,38,元大-八德,2023-03-15,9813
00642U,期元大S＆P石油,34,0,34,元大-八德,2023-03-15,9813
2027,大成鋼,49,23,26,元大-八德,2023-03-15,9813
4541,晟田,27,1,26,元大-八德,2023-03-15,9813
00878,國泰永續高股息,22,0,22,元大-八德,2023-03-15,9813
2851,中再保,20,0,20,元大-八德,2023-03-15,9813
6136,富爾特,20,0,20,元大-八德,2023-03-15,9813
00637L,元大滬深300正2,20,2,18,元大-八德,2023-03-15,9813
00720B,元大投資級公司債,18,0,18,元大-八德,2023-03-15,9813
1229,聯華,16,0,16,元大-八德,2023-03-15,9813
2881,富邦金,15,0,15,元大-八德,2023-03-15,9813
2250,IKKA-KY,15,0,15,元大-八德,2023-03-15,9813
2402,毅嘉,14,1,13,元大-八德,2023-03-15,9813
9945,潤泰新,12,0,12,元大-八德,2023-03-15,9813
02001L,富邦蘋果正二N,12,0,12,元大-八德,2023-03-15,9813
3037,欣興,11,0,11,元大-八德,2023-03-15,9813
2633,台灣高鐵,11,0,11,元大-八德,2023-03-15,9813
4763,材料-KY,12,1,11,元大-八德,2023-03-15,9813
2889,國票金,11,1,10,元大-八德,2023-03-15,9813
2884,玉山金,10,0,10,元大-八德,2023-03-15,9813
6589,台康生技,11,1,10,元大-八德,2023-03-15,9813
1460,宏遠,10,0,10,元大-八德,2023-03-15,9813
1444,力麗,10,0,10,元大-八德,2023-03-15,9813
2476,鉅祥,13,3,10,元大-八德,2023-03-15,9813
2867,三商壽,10,0,10,元大-八德,2023-03-15,9813
3029,零壹,10,0,10,元大-八德,2023-03-15,9813
3372,典範,10,0,10,元大-八德,2023-03-15,9813
4543,萬在,10,0,10,元大-八德,2023-03-15,9813
4915,致伸,10,0,10,元大-八德,2023-03-15,9813
5284,jpp-KY,10,0,10,元大-八德,2023-03-15,9813
6180,橘子,10,0,10,元大-八德,2023-03-15,9813
00753L,中信中國50正2,10,1,9,元大-八德,2023-03-15,9813
6151,晉倫,9,0,9,元大-八德,2023-03-15,9813
3034,聯詠,11,3,8,元大-八德,2023-03-15,9813
3209,全科,10,2,8,元大-八德,2023-03-15,9813
00713,元大台灣高息低波,8,0,8,元大-八德,2023-03-15,9813
020034,元大IC設計N,27,19,8,元大-八德,2023-03-15,9813
2498,宏達電,10,3,7,元大-八德,2023-03-15,9813
5880,合庫金,7,0,7,元大-八德,2023-03-15,9813
00679B,元大美債20年,7,0,7,元大-八德,2023-03-15,9813
8050,廣積,7,0,7,元大-八德,2023-03-15,9813
4130,健亞,10,3,7,元大-八德,2023-03-15,9813
1584,精剛,7,0,7,元大-八德,2023-03-15,9813
2609,陽明,52,46,6,元大-八德,2023-03-15,9813
3162,精確,14,8,6,元大-八德,2023-03-15,9813
00715L,期街口布蘭特正2,310,45,265,元大-八德,2023-03-16,9813
2834,臺企銀,223,13,210,元大-八德,2023-03-16,9813
00671R,富邦NASDAQ反1,117,0,117,元大-八德,2023-03-16,9813
1611,中電,122,12,110,元大-八德,2023-03-16,9813
2891,中信金,104,10,94,元大-八德,2023-03-16,9813
00918,大華優利高填息30,90,0,90,元大-八德,2023-03-16,9813
00753L,中信中國50正2,83,0,83,元大-八德,2023-03-16,9813
2393,億光,80,0,80,元大-八德,2023-03-16,9813
2349,錸德,65,6,59,元大-八德,2023-03-16,9813
00878,國泰永續高股息,71,13,58,元大-八德,2023-03-16,9813
2359,所羅門,58,3,55,元大-八德,2023-03-16,9813
6570,維田,47,0,47,元大-八德,2023-03-16,9813
6136,富爾特,40,0,40,元大-八德,2023-03-16,9813
2603,長榮,49,10,39,元大-八德,2023-03-16,9813
2104,國際中橡,37,0,37,元大-八德,2023-03-16,9813
2610,華航,36,4,32,元大-八德,2023-03-16,9813
3162,精確,34,4,30,元大-八德,2023-03-16,9813
8050,廣積,27,0,27,元大-八德,2023-03-16,9813
2027,大成鋼,26,1,25,元大-八德,2023-03-16,9813
2889,國票金,26,3,23,元大-八德,2023-03-16,9813
2609,陽明,32,9,23,元大-八德,2023-03-16,9813
2884,玉山金,29,6,23,元大-八德,2023-03-16,9813
4976,佳凌,36,18,18,元大-八德,2023-03-16,9813
2453,凌群,18,1,17,元大-八德,2023-03-16,9813
6151,晉倫,17,0,17,元大-八德,2023-03-16,9813
6271,同欣電,19,2,17,元大-八德,2023-03-16,9813
2330,台積電,19,3,16,元大-八德,2023-03-16,9813
2317,鴻海,15,0,15,元大-八德,2023-03-16,9813
2881,富邦金,13,0,13,元大-八德,2023-03-16,9813
3046,建��,22,9,13,元大-八德,2023-03-16,9813
2388,威盛,28,15,13,元大-八德,2023-03-16,9813
2885,元大金,16,3,13,元大-八德,2023-03-16,9813
6443,元晶,14,2,12,元大-八德,2023-03-16,9813
2812,台中銀,15,3,12,元大-八德,2023-03-16,9813
4130,健亞,13,1,12,元大-八德,2023-03-16,9813
8171,天宇,17,5,12,元大-八德,2023-03-16,9813
2867,三商壽,11,0,11,元大-八德,2023-03-16,9813
5009,榮剛,20,9,11,元大-八德,2023-03-16,9813
00713,元大台灣高息低波,10,0,10,元大-八德,2023-03-16,9813
1560,中砂,10,0,10,元大-八德,2023-03-16,9813
2618,長榮航,12,2,10,元大-八德,2023-03-16,9813
1460,宏遠,10,0,10,元大-八德,2023-03-16,9813
2402,毅嘉,12,2,10,元大-八德,2023-03-16,9813
3669,圓展,10,0,10,元大-八德,2023-03-16,9813
6134,萬旭,10,0,10,元大-八德,2023-03-16,9813
8069,元太,21,11,10,元大-八德,2023-03-16,9813
00712,復華富時不動產,9,0,9,元大-八德,2023-03-16,9813
6290,良維,9,0,9,元大-八德,2023-03-16,9813
00642U,期元大S＆P石油,8,0,8,元大-八德,2023-03-16,9813
2615,萬海,11,3,8,元大-八德,2023-03-16,9813
2834,臺企銀,528,94,434,元大-八德,2023-03-17,9813
2457,飛宏,370,96,274,元大-八德,2023-03-17,9813
6770,力積電,218,2,216,元大-八德,2023-03-17,9813
00632R,元大台灣50反1,122,12,110,元大-八德,2023-03-17,9813
1444,力麗,91,0,91,元大-八德,2023-03-17,9813
2359,所羅門,92,1,91,元大-八德,2023-03-17,9813
1611,中電,90,0,90,元大-八德,2023-03-17,9813
2393,億光,88,0,88,元大-八德,2023-03-17,9813
1616,億泰,48,0,48,元大-八德,2023-03-17,9813
6136,富爾特,41,0,41,元大-八德,2023-03-17,9813
6570,維田,38,0,38,元大-八德,2023-03-17,9813
6274,台燿,33,2,31,元大-八德,2023-03-17,9813
2358,廷鑫,28,0,28,元大-八德,2023-03-17,9813
6026,福邦證,26,0,26,元大-八德,2023-03-17,9813
9962,有益,24,0,24,元大-八德,2023-03-17,9813
2891,中信金,24,2,22,元大-八德,2023-03-17,9813
2867,三商壽,21,0,21,元大-八德,2023-03-17,9813
6165,浪凡,20,0,20,元大-八德,2023-03-17,9813
00878,國泰永續高股息,21,2,19,元大-八德,2023-03-17,9813
02001L,富邦蘋果正二N,19,0,19,元大-八德,2023-03-17,9813
1524,耿鼎,22,3,19,元大-八德,2023-03-17,9813
2413,環科,18,0,18,元大-八德,2023-03-17,9813
00713,元大台灣高息低波,17,0,17,元大-八德,2023-03-17,9813
2890,永豐金,15,0,15,元大-八德,2023-03-17,9813
2883,凱基金,14,0,14,元大-八德,2023-03-17,9813
2302,麗正,12,0,12,元大-八德,2023-03-17,9813
3029,零壹,13,2,11,元大-八德,2023-03-17,9813
6235,華孚,24,13,11,元大-八德,2023-03-17,9813
6485,點序,11,0,11,元大-八德,2023-03-17,9813
00680L,元大美債20正2,40,30,10,元大-八德,2023-03-17,9813
00671R,富邦NASDAQ反1,10,0,10,元大-八德,2023-03-17,9813
2885,元大金,14,4,10,元大-八德,2023-03-17,9813
3264,欣銓,9,0,9,元大-八德,2023-03-17,9813
5483,中美晶,8,0,8,元大-八德,2023-03-17,9813
8016,矽創,11,3,8,元大-八德,2023-03-17,9813
3058,立德,10,2,8,元大-八德,2023-03-17,9813
9904,寶成,8,0,8,元大-八德,2023-03-17,9813
6151,晉倫,8,1,7,元大-八德,2023-03-17,9813
00753L,中信中國50正2,6,0,6,元大-八德,2023-03-17,9813
2915,潤泰全,6,0,6,元大-八德,2023-03-17,9813
4961,天鈺,6,0,6,元大-八德,2023-03-17,9813
1609,大亞,8,2,6,元大-八德,2023-03-17,9813
00715L,期街口布蘭特正2,5,0,5,元大-八德,2023-03-17,9813
00885,富邦越南,5,0,5,元大-八德,2023-03-17,9813
00664R,國泰臺灣加權反1,5,0,5,元大-八德,2023-03-17,9813
1722,台肥,5,0,5,元大-八德,2023-03-17,9813
2006,東和鋼鐵,5,0,5,元大-八德,2023-03-17,9813
2059,川湖,5,0,5,元大-八德,2023-03-17,9813
2812,台中銀,5,0,5,元大-八德,2023-03-17,9813
3444,利機,10,5,5,元大-八德,2023-03-17,9813
00637L,元大滬深300正2,179,0,179,元大-八德,2023-03-20,9813
2834,臺企銀,138,1,137,元大-八德,2023-03-20,9813
5512,力麒,120,0,120,元大-八德,2023-03-20,9813
3545,敦泰,97,3,94,元大-八德,2023-03-20,9813
2358,廷鑫,69,0,69,元大-八德,2023-03-20,9813
6799,來頡,68,3,65,元大-八德,2023-03-20,9813
00713,元大台灣高息低波,42,1,41,元大-八德,2023-03-20,9813
6122,擎邦,40,0,40,元大-八德,2023-03-20,9813
6477,安集,42,2,40,元大-八德,2023-03-20,9813
00715L,期街口布蘭特正2,33,0,33,元大-八德,2023-03-20,9813
1519,華城,37,5,32,元大-八德,2023-03-20,9813
3035,智原,45,18,27,元大-八德,2023-03-20,9813
00665L,富邦�琤肭磪囓�2,45,20,25,元大-八德,2023-03-20,9813
6443,元晶,36,11,25,元大-八德,2023-03-20,9813
2027,大成鋼,22,1,21,元大-八德,2023-03-20,9813
2891,中信金,20,0,20,元大-八德,2023-03-20,9813
6770,力積電,20,0,20,元大-八德,2023-03-20,9813
6151,晉倫,18,0,18,元大-八德,2023-03-20,9813
00878,國泰永續高股息,26,10,16,元大-八德,2023-03-20,9813
2748,雲品,19,4,15,元大-八德,2023-03-20,9813
3481,群創,14,1,13,元大-八德,2023-03-20,9813
2888,新光金,13,0,13,元大-八德,2023-03-20,9813
5609,中菲行,13,0,13,元大-八德,2023-03-20,9813
00882,中信中國高股息,12,0,12,元大-八德,2023-03-20,9813
1708,東鹼,12,0,12,元大-八德,2023-03-20,9813
00902,中信電池及儲能,11,0,11,元大-八德,2023-03-20,9813
2243,宏旭-KY,11,0,11,元大-八德,2023-03-20,9813
2313,華通,12,1,11,元大-八德,2023-03-20,9813
8046,南電,10,0,10,元大-八德,2023-03-20,9813
1444,力麗,10,0,10,元大-八德,2023-03-20,9813
4747,強生,10,0,10,元大-八德,2023-03-20,9813
4958,臻鼎-KY,10,0,10,元大-八德,2023-03-20,9813
6026,福邦證,10,0,10,元大-八德,2023-03-20,9813
6168,宏齊,10,0,10,元大-八德,2023-03-20,9813
6789,采鈺,10,0,10,元大-八德,2023-03-20,9813
2388,威盛,15,6,9,元大-八德,2023-03-20,9813
9945,潤泰新,8,1,7,元大-八德,2023-03-20,9813
00642U,期元大S＆P石油,8,1,7,元大-八德,2023-03-20,9813
00753L,中信中國50正2,6,0,6,元大-八德,2023-03-20,9813
00720B,元大投資級公司債,16,10,6,元大-八德,2023-03-20,9813
6417,韋僑,8,2,6,元大-八德,2023-03-20,9813
2885,元大金,5,0,5,元大-八德,2023-03-20,9813
1316,上曜,5,0,5,元大-八德,2023-03-20,9813
00680L,元大美債20正2,5,0,5,元大-八德,2023-03-20,9813
1611,中電,5,0,5,元大-八德,2023-03-20,9813
1616,億泰,5,0,5,元大-八德,2023-03-20,9813
1907,永豐餘,6,1,5,元大-八德,2023-03-20,9813
1909,榮成,5,0,5,元大-八德,2023-03-20,9813
2455,全新,12,7,5,元大-八德,2023-03-20,9813
2867,三商壽,5,0,5,元大-八德,2023-03-20,9813
1722,台肥,100,0,100,元大-八德,2023-03-21,9813
6026,福邦證,87,0,87,元大-八德,2023-03-21,9813
2484,希華,87,4,83,元大-八德,2023-03-21,9813
2457,飛宏,141,63,78,元大-八德,2023-03-21,9813
3491,昇達科,60,0,60,元大-八德,2023-03-21,9813
00680L,元大美債20正2,45,0,45,元大-八德,2023-03-21,9813
4743,合一,45,1,44,元大-八德,2023-03-21,9813
00712,復華富時不動產,32,0,32,元大-八德,2023-03-21,9813
2851,中再保,25,0,25,元大-八德,2023-03-21,9813
2303,聯電,38,14,24,元大-八德,2023-03-21,9813
8046,南電,27,3,24,元大-八德,2023-03-21,9813
1524,耿鼎,24,4,20,元大-八德,2023-03-21,9813
8097,常珵,20,0,20,元大-八德,2023-03-21,9813
00713,元大台灣高息低波,20,1,19,元大-八德,2023-03-21,9813
6570,維田,20,1,19,元大-八德,2023-03-21,9813
020023,元大櫃買半導體N,16,0,16,元大-八德,2023-03-21,9813
6151,晉倫,16,0,16,元大-八德,2023-03-21,9813
6443,元晶,20,4,16,元大-八德,2023-03-21,9813
020034,元大IC設計N,15,0,15,元大-八德,2023-03-21,9813
3346,麗清,15,0,15,元大-八德,2023-03-21,9813
2471,資通,22,7,15,元大-八德,2023-03-21,9813
3260,威剛,20,6,14,元大-八德,2023-03-21,9813
00878,國泰永續高股息,14,1,13,元大-八德,2023-03-21,9813
1444,力麗,12,0,12,元大-八德,2023-03-21,9813
8163,達方,12,0,12,元大-八德,2023-03-21,9813
1101,台泥,12,0,12,元大-八德,2023-03-21,9813
2891,中信金,11,1,10,元大-八德,2023-03-21,9813
1903,士紙,10,0,10,元大-八德,2023-03-21,9813
3434,哲固,11,1,10,元大-八德,2023-03-21,9813
4526,東台,10,0,10,元大-八德,2023-03-21,9813
6485,點序,10,0,10,元大-八德,2023-03-21,9813
9945,潤泰新,51,41,10,元大-八德,2023-03-21,9813
3217,優群,11,1,10,元大-八德,2023-03-21,9813
5880,合庫金,10,1,9,元大-八德,2023-03-21,9813
4967,十銓,9,1,8,元大-八德,2023-03-21,9813
1603,華電,8,0,8,元大-八德,2023-03-21,9813
2313,華通,10,2,8,元大-八德,2023-03-21,9813
3034,聯詠,10,3,7,元大-八德,2023-03-21,9813
00885,富邦越南,17,10,7,元大-八德,2023-03-21,9813
00632R,元大台灣50反1,7,0,7,元大-八德,2023-03-21,9813
3653,健策,7,0,7,元大-八德,2023-03-21,9813
2603,長榮,8,1,7,元大-八德,2023-03-21,9813
3094,聯傑,10,4,6,元大-八德,2023-03-21,9813
6411,晶焱,7,1,6,元大-八德,2023-03-21,9813
2409,友達,6,0,6,元大-八德,2023-03-21,9813
6229,研通,6,0,6,元大-八德,2023-03-21,9813
8033,雷虎,18,12,6,元大-八德,2023-03-21,9813
00686R,群益臺灣加權反1,5,0,5,元大-八德,2023-03-21,9813
00676R,富邦臺灣加權反1,5,0,5,元大-八德,2023-03-21,9813
00891,中信關鍵半導體,5,0,5,元大-八德,2023-03-21,9813
2457,飛宏,526,124,402,元大-八德,2023-03-22,9813
00636,國泰中國A50,200,0,200,元大-八德,2023-03-22,9813
2303,聯電,170,61,109,元大-八德,2023-03-22,9813
00715L,期街口布蘭特正2,100,0,100,元大-八德,2023-03-22,9813
6488,環球晶,80,1,79,元大-八德,2023-03-22,9813
6026,福邦證,77,0,77,元大-八德,2023-03-22,9813
00720B,元大投資級公司債,72,2,70,元大-八德,2023-03-22,9813
2393,億光,60,0,60,元大-八德,2023-03-22,9813
8155,博智,60,9,51,元大-八德,2023-03-22,9813
2376,技嘉,54,7,47,元大-八德,2023-03-22,9813
6122,擎邦,52,13,39,元大-八德,2023-03-22,9813
6570,維田,30,0,30,元大-八德,2023-03-22,9813
6593,台灣銘板,30,0,30,元大-八德,2023-03-22,9813
2330,台積電,61,32,29,元大-八德,2023-03-22,9813
2440,太空梭,28,0,28,元大-八德,2023-03-22,9813
2413,環科,28,3,25,元大-八德,2023-03-22,9813
00679B,元大美債20年,23,0,23,元大-八德,2023-03-22,9813
1760,寶齡富錦,20,0,20,元大-八德,2023-03-22,9813
8415,大國鋼,20,0,20,元大-八德,2023-03-22,9813
3037,欣興,32,12,20,元大-八德,2023-03-22,9813
3294,英濟,19,0,19,元大-八德,2023-03-22,9813
3231,緯創,28,12,16,元大-八德,2023-03-22,9813
4946,辣椒,14,0,14,元大-八德,2023-03-22,9813
8069,元太,21,7,14,元大-八德,2023-03-22,9813
8033,雷虎,22,9,13,元大-八德,2023-03-22,9813
00892,富邦台灣半導體,15,2,13,元大-八德,2023-03-22,9813
3013,晟銘電,57,45,12,元大-八德,2023-03-22,9813
6151,晉倫,12,0,12,元大-八德,2023-03-22,9813
2371,大同,12,0,12,元大-八德,2023-03-22,9813
6235,華孚,20,8,12,元大-八德,2023-03-22,9813
1304,台聚,13,2,11,元大-八德,2023-03-22,9813
1909,榮成,11,0,11,元大-八德,2023-03-22,9813
2399,映泰,11,0,11,元大-八德,2023-03-22,9813
6112,邁達特,11,0,11,元大-八德,2023-03-22,9813
6443,元晶,11,1,10,元大-八德,2023-03-22,9813
00680L,元大美債20正2,10,0,10,元大-八德,2023-03-22,9813
1444,力麗,10,0,10,元大-八德,2023-03-22,9813
1455,集盛,10,0,10,元大-八德,2023-03-22,9813
5450,南良,10,0,10,元大-八德,2023-03-22,9813
3005,神基,10,2,8,元大-八德,2023-03-22,9813
6104,創惟,14,7,7,元大-八德,2023-03-22,9813
5522,遠雄,7,0,7,元大-八德,2023-03-22,9813
6129,普誠,14,7,7,元大-八德,2023-03-22,9813
5284,jpp-KY,6,0,6,元大-八德,2023-03-22,9813
6136,富爾特,6,0,6,元大-八德,2023-03-22,9813
1101,台泥,6,0,6,元大-八德,2023-03-22,9813
2603,長榮,7,2,5,元大-八德,2023-03-22,9813
6191,精成科,5,0,5,元大-八德,2023-03-22,9813
2014,中鴻,5,0,5,元大-八德,2023-03-22,9813
2344,華邦電,5,0,5,元大-八德,2023-03-22,9813
00632R,元大台灣50反1,850,0,850,元大-八德,2023-03-23,9813
2834,臺企銀,525,1,524,元大-八德,2023-03-23,9813
3231,緯創,168,30,138,元大-八德,2023-03-23,9813
5469,瀚宇博,85,0,85,元大-八德,2023-03-23,9813
3491,昇達科,107,53,54,元大-八德,2023-03-23,9813
6213,聯茂,52,0,52,元大-八德,2023-03-23,9813
6235,華孚,46,7,39,元大-八德,2023-03-23,9813
2645,長榮航太,32,0,32,元大-八德,2023-03-23,9813
3481,群創,33,1,32,元大-八德,2023-03-23,9813
00751B,元大AAA至A公司債,30,0,30,元大-八德,2023-03-23,9813
2609,陽明,32,3,29,元大-八德,2023-03-23,9813
3013,晟銘電,30,4,26,元大-八德,2023-03-23,9813
1316,上曜,25,0,25,元大-八德,2023-03-23,9813
3710,連展投控,20,0,20,元大-八德,2023-03-23,9813
8916,光隆,20,0,20,元大-八德,2023-03-23,9813
2358,廷鑫,17,0,17,元大-八德,2023-03-23,9813
1616,億泰,16,0,16,元大-八德,2023-03-23,9813
2610,華航,16,0,16,元大-八德,2023-03-23,9813
2637,慧洋-KY,19,3,16,元大-八德,2023-03-23,9813
00679B,元大美債20年,16,2,14,元大-八德,2023-03-23,9813
5210,寶碩,14,0,14,元大-八德,2023-03-23,9813
2409,友達,12,0,12,元大-八德,2023-03-23,9813
2845,遠東銀,12,0,12,元大-八德,2023-03-23,9813
6415,矽力*-KY,12,0,12,元大-八德,2023-03-23,9813
2317,鴻海,12,0,12,元大-八德,2023-03-23,9813
00646,元大S＆P500,11,0,11,元大-八德,2023-03-23,9813
2371,大同,11,0,11,元大-八德,2023-03-23,9813
5608,四維航,10,0,10,元大-八德,2023-03-23,9813
1455,集盛,10,0,10,元大-八德,2023-03-23,9813
1760,寶齡富錦,12,2,10,元大-八德,2023-03-23,9813
3024,憶聲,10,0,10,元大-八德,2023-03-23,9813
3372,典範,10,0,10,元大-八德,2023-03-23,9813
5701,劍湖山,10,0,10,元大-八德,2023-03-23,9813
6148,驊宏資,13,3,10,元大-八德,2023-03-23,9813
6189,豐藝,10,0,10,元大-八德,2023-03-23,9813
9934,成霖,10,0,10,元大-八德,2023-03-23,9813
9960,邁達康,10,0,10,元大-八德,2023-03-23,9813
3479,安勤,11,1,10,元大-八德,2023-03-23,9813
00882,中信中國高股息,9,0,9,元大-八德,2023-03-23,9813
8938,明安,10,1,9,元大-八德,2023-03-23,9813
6143,振曜,26,18,8,元大-八德,2023-03-23,9813
2328,廣宇,8,0,8,元大-八德,2023-03-23,9813
2440,太空梭,8,0,8,元大-八德,2023-03-23,9813
3362,先進光,11,3,8,元大-八德,2023-03-23,9813
5284,jpp-KY,10,2,8,元大-八德,2023-03-23,9813
6244,茂迪,9,1,8,元大-八德,2023-03-23,9813
6733,博晟生醫,9,1,8,元大-八德,2023-03-23,9813
8046,南電,11,3,8,元大-八德,2023-03-23,9813
00680L,元大美債20正2,7,0,7,元大-八德,2023-03-23,9813
3441,聯一光,7,0,7,元大-八德,2023-03-23,9813
020034,元大IC設計N,161,0,161,元大-八德,2023-03-24,9813
2408,南亞科,166,10,156,元大-八德,2023-03-24,9813
3037,欣興,141,57,84,元大-八德,2023-03-24,9813
3231,緯創,133,66,67,元大-八德,2023-03-24,9813
00632R,元大台灣50反1,283,225,58,元大-八德,2023-03-24,9813
2891,中信金,53,0,53,元大-八德,2023-03-24,9813
4943,康控-KY,50,0,50,元大-八德,2023-03-24,9813
6117,迎廣,35,0,35,元大-八德,2023-03-24,9813
1605,華新,102,72,30,元大-八德,2023-03-24,9813
8201,無敵,30,1,29,元大-八德,2023-03-24,9813
5425,台半,37,12,25,元大-八德,2023-03-24,9813
4966,譜瑞-KY,25,0,25,元大-八德,2023-03-24,9813
00712,復華富時不動產,23,0,23,元大-八德,2023-03-24,9813
5475,德宏,22,0,22,元大-八德,2023-03-24,9813
6443,元晶,22,0,22,元大-八德,2023-03-24,9813
4303,信立,19,0,19,元大-八德,2023-03-24,9813
1514,亞力,19,0,19,元大-八德,2023-03-24,9813
3625,西勝,19,1,18,元大-八德,2023-03-24,9813
2444,兆勁,17,0,17,元大-八德,2023-03-24,9813
2105,正新,27,10,17,元大-八德,2023-03-24,9813
00720B,元大投資級公司債,16,0,16,元大-八德,2023-03-24,9813
4953,緯軟,16,0,16,元大-八德,2023-03-24,9813
5284,jpp-KY,15,0,15,元大-八德,2023-03-24,9813
4763,材料-KY,17,4,13,元大-八德,2023-03-24,9813
6841,長佳智能,15,2,13,元大-八德,2023-03-24,9813
2308,台達電,30,18,12,元大-八德,2023-03-24,9813
1319,東陽,14,2,12,元大-八德,2023-03-24,9813
6706,惠特,15,3,12,元大-八德,2023-03-24,9813
3062,建漢,11,0,11,元大-八德,2023-03-24,9813
8936,國統,20,9,11,元大-八德,2023-03-24,9813
00715L,期街口布蘭特正2,10,0,10,元大-八德,2023-03-24,9813
2301,光寶科,10,0,10,元大-八德,2023-03-24,9813
4960,誠美材,10,0,10,元大-八德,2023-03-24,9813
6570,維田,10,0,10,元大-八德,2023-03-24,9813
6245,立端,13,3,10,元大-八德,2023-03-24,9813
3078,僑威,8,0,8,元大-八德,2023-03-24,9813
6546,正基,15,7,8,元大-八德,2023-03-24,9813
2323,中環,7,0,7,元大-八德,2023-03-24,9813
2542,興富發,7,0,7,元大-八德,2023-03-24,9813
3406,玉晶光,12,5,7,元大-八德,2023-03-24,9813
3652,精聯,8,1,7,元大-八德,2023-03-24,9813
4743,合一,8,1,7,元大-八德,2023-03-24,9813
8088,品安,7,0,7,元大-八德,2023-03-24,9813
6235,華孚,50,43,7,元大-八德,2023-03-24,9813
00882,中信中國高股息,6,0,6,元大-八德,2023-03-24,9813
00637L,元大滬深300正2,10,4,6,元大-八德,2023-03-24,9813
3006,晶豪科,11,5,6,元大-八德,2023-03-24,9813
3664,安瑞-KY,6,0,6,元大-八德,2023-03-24,9813
5351,鈺創,16,10,6,元大-八德,2023-03-24,9813
6290,良維,8,2,6,元大-八德,2023-03-24,9813
00632R,元大台灣50反1,119,0,119,元大-八德,2023-03-27,9813
00636,國泰中國A50,100,0,100,元大-八德,2023-03-27,9813
00720B,元大投資級公司債,100,4,96,元大-八德,2023-03-27,9813
2231,為升,93,1,92,元大-八德,2023-03-27,9813
2634,漢翔,129,37,92,元大-八德,2023-03-27,9813
4919,新唐,33,0,33,元大-八德,2023-03-27,9813
3715,定穎投控,38,5,33,元大-八德,2023-03-27,9813
2368,金像電,52,19,33,元大-八德,2023-03-27,9813
1605,華新,49,18,31,元大-八德,2023-03-27,9813
3035,智原,31,0,31,元大-八德,2023-03-27,9813
2440,太空梭,29,0,29,元大-八德,2023-03-27,9813
00882,中信中國高股息,23,0,23,元大-八德,2023-03-27,9813
2610,華航,21,0,21,元大-八德,2023-03-27,9813
3078,僑威,21,0,21,元大-八德,2023-03-27,9813
3624,光頡,23,3,20,元大-八德,2023-03-27,9813
00671R,富邦NASDAQ反1,20,0,20,元大-八德,2023-03-27,9813
4906,正文,20,1,19,元大-八德,2023-03-27,9813
4303,信立,18,1,17,元大-八德,2023-03-27,9813
6290,良維,19,2,17,元大-八德,2023-03-27,9813
3686,達能,18,2,16,元大-八德,2023-03-27,9813
3714,富采,19,3,16,元大-八德,2023-03-27,9813
00664R,國泰臺灣加權反1,15,0,15,元大-八德,2023-03-27,9813
3712,永崴投控,15,0,15,元大-八德,2023-03-27,9813
6117,迎廣,15,0,15,元大-八德,2023-03-27,9813
2002,中鋼,15,1,14,元大-八德,2023-03-27,9813
1760,寶齡富錦,15,2,13,元大-八德,2023-03-27,9813
2609,陽明,14,1,13,元大-八德,2023-03-27,9813
3037,欣興,31,20,11,元大-八德,2023-03-27,9813
6733,博晟生醫,14,3,11,元大-八德,2023-03-27,9813
1455,集盛,10,0,10,元大-八德,2023-03-27,9813
1229,聯華,10,0,10,元大-八德,2023-03-27,9813
00891,中信關鍵半導體,10,0,10,元大-八德,2023-03-27,9813
1909,榮成,10,0,10,元大-八德,2023-03-27,9813
2645,長榮航太,20,10,10,元大-八德,2023-03-27,9813
3211,順達,10,0,10,元大-八德,2023-03-27,9813
3701,大眾控,10,0,10,元大-八德,2023-03-27,9813
4566,時碩工業,10,0,10,元大-八德,2023-03-27,9813
2303,聯電,14,4,10,元大-八德,2023-03-27,9813
1101,台泥,9,0,9,元大-八德,2023-03-27,9813
2498,宏達電,12,4,8,元大-八德,2023-03-27,9813
3047,訊舟,9,1,8,元大-八德,2023-03-27,9813
5284,jpp-KY,8,0,8,元大-八德,2023-03-27,9813
8076,伍豐,8,0,8,元大-八德,2023-03-27,9813
8033,雷虎,43,35,8,元大-八德,2023-03-27,9813
1476,儒鴻,7,0,7,元大-八德,2023-03-27,9813
1789,神隆,7,0,7,元大-八德,2023-03-27,9813
4739,康普,7,0,7,元大-八德,2023-03-27,9813
5543,桓鼎-KY,7,0,7,元大-八德,2023-03-27,9813
3652,精聯,6,0,6,元大-八德,2023-03-27,9813
6150,撼訊,6,0,6,元大-八德,2023-03-27,9813
2359,所羅門,145,5,140,元大-八德,2023-03-28,9813
4916,事欣科,118,0,118,元大-八德,2023-03-28,9813
6770,力積電,55,0,55,元大-八德,2023-03-28,9813
6161,捷波,50,0,50,元大-八德,2023-03-28,9813
00751B,元大AAA至A公司債,48,0,48,元大-八德,2023-03-28,9813
00679B,元大美債20年,40,0,40,元大-八德,2023-03-28,9813
6570,維田,35,0,35,元大-八德,2023-03-28,9813
3037,欣興,50,17,33,元大-八德,2023-03-28,9813
2349,錸德,30,0,30,元大-八德,2023-03-28,9813
2634,漢翔,31,4,27,元大-八德,2023-03-28,9813
2603,長榮,30,5,25,元大-八德,2023-03-28,9813
6117,迎廣,25,0,25,元大-八德,2023-03-28,9813
00922,國泰台灣領袖50,23,0,23,元大-八德,2023-03-28,9813
5284,jpp-KY,23,1,22,元大-八德,2023-03-28,9813
8033,雷虎,22,1,21,元大-八德,2023-03-28,9813
2906,高林,20,0,20,元大-八德,2023-03-28,9813
6136,富爾特,20,0,20,元大-八德,2023-03-28,9813
1316,上曜,18,1,17,元大-八德,2023-03-28,9813
00680L,元大美債20正2,16,0,16,元大-八德,2023-03-28,9813
02001L,富邦蘋果正二N,15,0,15,元大-八德,2023-03-28,9813
2303,聯電,18,4,14,元大-八德,2023-03-28,9813
3481,群創,14,0,14,元大-八德,2023-03-28,9813
00882,中信中國高股息,14,0,14,元大-八德,2023-03-28,9813
00720B,元大投資級公司債,12,0,12,元大-八德,2023-03-28,9813
8255,朋程,14,2,12,元大-八德,2023-03-28,9813
5608,四維航,11,0,11,元大-八德,2023-03-28,9813
3701,大眾控,11,0,11,元大-八德,2023-03-28,9813
2645,長榮航太,18,7,11,元大-八德,2023-03-28,9813
6015,宏遠證,11,0,11,元大-八德,2023-03-28,9813
00671R,富邦NASDAQ反1,10,0,10,元大-八德,2023-03-28,9813
1455,集盛,10,0,10,元大-八德,2023-03-28,9813
2351,順德,10,0,10,元大-八德,2023-03-28,9813
3346,麗清,10,0,10,元大-八德,2023-03-28,9813
4950,牧東,10,0,10,元大-八德,2023-03-28,9813
6415,矽力*-KY,10,0,10,元大-八德,2023-03-28,9813
00712,復華富時不動產,9,0,9,元大-八德,2023-03-28,9813
020034,元大IC設計N,9,0,9,元大-八德,2023-03-28,9813
1524,耿鼎,9,0,9,元大-八德,2023-03-28,9813
4953,緯軟,9,0,9,元大-八德,2023-03-28,9813
6168,宏齊,11,2,9,元大-八德,2023-03-28,9813
2388,威盛,20,12,8,元大-八德,2023-03-28,9813
8289,泰藝,8,0,8,元大-八德,2023-03-28,9813
1101,台泥,10,2,8,元大-八德,2023-03-28,9813
0056,元大高股息,11,4,7,元大-八德,2023-03-28,9813
5289,宜鼎,11,4,7,元大-八德,2023-03-28,9813
3047,訊舟,7,0,7,元大-八德,2023-03-28,9813
3062,建漢,7,0,7,元大-八德,2023-03-28,9813
1560,中砂,7,0,7,元大-八德,2023-03-28,9813
2371,大同,6,0,6,元大-八德,2023-03-28,9813
3293,鈊象,6,0,6,元大-八德,2023-03-28,9813
3231,緯創,403,12,391,元大-八德,2023-03-29,9813
00632R,元大台灣50反1,404,86,318,元大-八德,2023-03-29,9813
1609,大亞,89,5,84,元大-八德,2023-03-29,9813
3105,穩懋,71,10,61,元大-八德,2023-03-29,9813
2303,聯電,63,17,46,元大-八德,2023-03-29,9813
020034,元大IC設計N,41,0,41,元大-八德,2023-03-29,9813
3481,群創,50,14,36,元大-八德,2023-03-29,9813
6517,保勝光學,35,2,33,元大-八德,2023-03-29,9813
5469,瀚宇博,30,0,30,元大-八德,2023-03-29,9813
6235,華孚,38,8,30,元大-八德,2023-03-29,9813
2371,大同,49,24,25,元大-八德,2023-03-29,9813
2739,寒舍,25,0,25,元大-八德,2023-03-29,9813
2409,友達,25,1,24,元大-八德,2023-03-29,9813
1605,華新,52,31,21,元大-八德,2023-03-29,9813
2393,億光,21,0,21,元大-八德,2023-03-29,9813
1710,東聯,20,0,20,元大-八德,2023-03-29,9813
2438,翔耀,20,0,20,元大-八德,2023-03-29,9813
3017,奇鋐,24,4,20,元大-八德,2023-03-29,9813
00679B,元大美債20年,19,0,19,元大-八德,2023-03-29,9813
5285,界霖,20,1,19,元大-八德,2023-03-29,9813
6136,富爾特,16,0,16,元大-八德,2023-03-29,9813
2495,普安,15,0,15,元大-八德,2023-03-29,9813
1618,合機,14,0,14,元大-八德,2023-03-29,9813
3707,漢磊,14,0,14,元大-八德,2023-03-29,9813
4138,曜亞,13,0,13,元大-八德,2023-03-29,9813
2603,長榮,15,2,13,元大-八德,2023-03-29,9813
2939,永邑-KY,12,0,12,元大-八德,2023-03-29,9813
3081,聯亞,25,13,12,元大-八德,2023-03-29,9813
3207,耀勝,16,4,12,元大-八德,2023-03-29,9813
1455,集盛,10,0,10,元大-八德,2023-03-29,9813
00680L,元大美債20正2,10,0,10,元大-八德,2023-03-29,9813
2615,萬海,10,0,10,元大-八德,2023-03-29,9813
2915,潤泰全,10,0,10,元大-八德,2023-03-29,9813
6026,福邦證,10,0,10,元大-八德,2023-03-29,9813
6204,艾華,10,0,10,元大-八德,2023-03-29,9813
5425,台半,14,4,10,元大-八德,2023-03-29,9813
6117,迎廣,9,0,9,元大-八德,2023-03-29,9813
3005,神基,10,1,9,元大-八德,2023-03-29,9813
00720B,元大投資級公司債,9,0,9,元大-八德,2023-03-29,9813
2618,長榮航,14,5,9,元大-八德,2023-03-29,9813
3035,智原,32,23,9,元大-八德,2023-03-29,9813
1717,長興,8,0,8,元大-八德,2023-03-29,9813
6282,康舒,10,2,8,元大-八德,2023-03-29,9813
8033,雷虎,10,3,7,元大-八德,2023-03-29,9813
1795,美時,12,5,7,元大-八德,2023-03-29,9813
1909,榮成,7,0,7,元大-八德,2023-03-29,9813
6205,詮欣,7,0,7,元大-八德,2023-03-29,9813
6552,易華電,7,0,7,元大-八德,2023-03-29,9813
00922,國泰台灣領袖50,6,0,6,元大-八德,2023-03-29,9813
00637L,元大滬深300正2,11,5,6,元大-八德,2023-03-29,9813
3324,雙鴻,257,9,248,元大-八德,2023-03-30,9813
1605,華新,130,13,117,元大-八德,2023-03-30,9813
9939,宏全,102,0,102,元大-八德,2023-03-30,9813
1760,寶齡富錦,52,10,42,元大-八德,2023-03-30,9813
2610,華航,34,3,31,元大-八德,2023-03-30,9813
6270,倍微,31,0,31,元大-八德,2023-03-30,9813
6485,點序,42,13,29,元大-八德,2023-03-30,9813
2371,大同,29,2,27,元大-八德,2023-03-30,9813
2457,飛宏,30,9,21,元大-八德,2023-03-30,9813
2438,翔耀,20,0,20,元大-八德,2023-03-30,9813
6136,富爾特,21,1,20,元大-八德,2023-03-30,9813
4967,十銓,55,35,20,元大-八德,2023-03-30,9813
6205,詮欣,13,0,13,元大-八德,2023-03-30,9813
00632R,元大台灣50反1,12,0,12,元大-八德,2023-03-30,9813
2440,太空梭,11,0,11,元大-八德,2023-03-30,9813
8046,南電,11,0,11,元大-八德,2023-03-30,9813
1455,集盛,10,0,10,元大-八德,2023-03-30,9813
2867,三商壽,10,0,10,元大-八德,2023-03-30,9813
3596,智易,10,0,10,元大-八德,2023-03-30,9813
3715,定穎投控,12,2,10,元大-八德,2023-03-30,9813
6005,群益證,10,0,10,元大-八德,2023-03-30,9813
6026,福邦證,10,0,10,元大-八德,2023-03-30,9813
6570,維田,10,0,10,元大-八德,2023-03-30,9813
3105,穩懋,11,1,10,元大-八德,2023-03-30,9813
2449,京元電子,10,1,9,元大-八德,2023-03-30,9813
6151,晉倫,9,0,9,元大-八德,2023-03-30,9813
8277,商丞,10,1,9,元大-八德,2023-03-30,9813
6244,茂迪,11,3,8,元大-八德,2023-03-30,9813
3017,奇鋐,21,13,8,元大-八德,2023-03-30,9813
00680L,元大美債20正2,8,0,8,元大-八德,2023-03-30,9813
1795,美時,27,19,8,元大-八德,2023-03-30,9813
6179,亞通,8,0,8,元大-八德,2023-03-30,9813
5351,鈺創,10,3,7,元大-八德,2023-03-30,9813
3035,智原,7,0,7,元大-八德,2023-03-30,9813
4953,緯軟,8,1,7,元大-八德,2023-03-30,9813
3043,科風,6,0,6,元大-八德,2023-03-30,9813
3591,艾笛森,6,0,6,元大-八德,2023-03-30,9813
00679B,元大美債20年,5,0,5,元大-八德,2023-03-30,9813
1444,力麗,5,0,5,元大-八德,2023-03-30,9813
00753L,中信中國50正2,5,0,5,元大-八德,2023-03-30,9813
00665L,富邦�琤肭磪囓�2,5,0,5,元大-八德,2023-03-30,9813
1611,中電,5,0,5,元大-八德,2023-03-30,9813
1909,榮成,5,0,5,元大-八德,2023-03-30,9813
2358,廷鑫,5,0,5,元大-八德,2023-03-30,9813
2359,所羅門,7,2,5,元大-八德,2023-03-30,9813
2534,宏盛,5,0,5,元大-八德,2023-03-30,9813
2889,國票金,5,0,5,元大-八德,2023-03-30,9813
3527,聚積,5,0,5,元大-八德,2023-03-30,9813
3583,辛耘,5,0,5,元大-八德,2023-03-30,9813
4989,榮科,5,0,5,元大-八德,2023-03-30,9813
3231,緯創,1152,24,1128,元大-八德,2023-03-31,9813
2441,超豐,75,0,75,元大-八德,2023-03-31,9813
6603,富強鑫,48,0,48,元大-八德,2023-03-31,9813
2402,毅嘉,38,0,38,元大-八德,2023-03-31,9813
1605,華新,36,2,34,元大-八德,2023-03-31,9813
2617,台航,31,0,31,元大-八德,2023-03-31,9813
4979,華星光,41,11,30,元大-八德,2023-03-31,9813
2482,連宇,40,13,27,元大-八德,2023-03-31,9813
6270,倍微,23,0,23,元大-八德,2023-03-31,9813
00632R,元大台灣50反1,20,0,20,元大-八德,2023-03-31,9813
5608,四維航,20,0,20,元大-八德,2023-03-31,9813
6026,福邦證,20,0,20,元大-八德,2023-03-31,9813
2231,為升,31,15,16,元大-八德,2023-03-31,9813
6151,晉倫,16,0,16,元大-八德,2023-03-31,9813
1473,台南,12,0,12,元大-八德,2023-03-31,9813
6223,旺矽,11,0,11,元大-八德,2023-03-31,9813
6715,嘉基,11,0,11,元大-八德,2023-03-31,9813
2888,新光金,11,0,11,元大-八德,2023-03-31,9813
2609,陽明,12,1,11,元大-八德,2023-03-31,9813
2618,長榮航,10,0,10,元大-八德,2023-03-31,9813
1455,集盛,10,0,10,元大-八德,2023-03-31,9813
3055,蔚華科,10,0,10,元大-八德,2023-03-31,9813
6570,維田,10,0,10,元大-八德,2023-03-31,9813
8210,勤誠,10,0,10,元大-八德,2023-03-31,9813
8415,大國鋼,10,0,10,元大-八德,2023-03-31,9813
020023,元大櫃買半導體N,9,0,9,元大-八德,2023-03-31,9813
1710,東聯,10,1,9,元大-八德,2023-03-31,9813
8916,光隆,9,0,9,元大-八德,2023-03-31,9813
2388,威盛,10,2,8,元大-八德,2023-03-31,9813
2939,永邑-KY,8,0,8,元大-八德,2023-03-31,9813
6290,良維,13,5,8,元大-八德,2023-03-31,9813
8088,品安,9,1,8,元大-八德,2023-03-31,9813
3162,精確,10,3,7,元大-八德,2023-03-31,9813
4919,新唐,10,3,7,元大-八德,2023-03-31,9813
4953,緯軟,7,0,7,元大-八德,2023-03-31,9813
1514,亞力,6,0,6,元大-八德,2023-03-31,9813
1524,耿鼎,6,0,6,元大-八德,2023-03-31,9813
1760,寶齡富錦,37,31,6,元大-八德,2023-03-31,9813
2359,所羅門,10,4,6,元大-八德,2023-03-31,9813
2645,長榮航太,6,0,6,元大-八德,2023-03-31,9813
00893,國泰智能電動車,5,0,5,元大-八德,2023-03-31,9813
00922,國泰台灣領袖50,5,0,5,元大-八德,2023-03-31,9813
00665L,富邦�琤肭磪囓�2,20,15,5,元大-八德,2023-03-31,9813
00712,復華富時不動產,5,0,5,元大-八德,2023-03-31,9813
1316,上曜,5,0,5,元大-八德,2023-03-31,9813
1309,台達化,5,0,5,元大-八德,2023-03-31,9813
1444,力麗,5,0,5,元大-八德,2023-03-31,9813
2634,漢翔,5,0,5,元大-八德,2023-03-31,9813
3005,神基,7,2,5,元大-八德,2023-03-31,9813
3406,玉晶光,5,0,5,元大-八德,2023-03-31,9813
2834,臺企銀,500,1,499,元大-八德,2023-04-06,9813
00637L,元大滬深300正2,100,0,100,元大-八德,2023-04-06,9813
6548,長科*,60,9,51,元大-八德,2023-04-06,9813
2344,華邦電,49,0,49,元大-八德,2023-04-06,9813
00713,元大台灣高息低波,42,0,42,元大-八德,2023-04-06,9813
1609,大亞,55,15,40,元大-八德,2023-04-06,9813
6136,富爾特,40,0,40,元大-八德,2023-04-06,9813
6270,倍微,37,5,32,元大-八德,2023-04-06,9813
6770,力積電,28,0,28,元大-八德,2023-04-06,9813
2206,三陽工業,25,0,25,元大-八德,2023-04-06,9813
3430,奇鈦科,22,0,22,元大-八德,2023-04-06,9813
1301,台塑,20,0,20,元大-八德,2023-04-06,9813
5608,四維航,20,0,20,元大-八德,2023-04-06,9813
00893,國泰智能電動車,16,0,16,元大-八德,2023-04-06,9813
2641,正德,20,4,16,元大-八德,2023-04-06,9813
8163,達方,16,0,16,元大-八德,2023-04-06,9813
3447,展達,15,1,14,元大-八德,2023-04-06,9813
1605,華新,27,14,13,元大-八德,2023-04-06,9813
3006,晶豪科,16,3,13,元大-八德,2023-04-06,9813
2939,永邑-KY,13,0,13,元大-八德,2023-04-06,9813
6603,富強鑫,12,0,12,元大-八德,2023-04-06,9813
8046,南電,11,0,11,元大-八德,2023-04-06,9813
1722,台肥,11,0,11,元大-八德,2023-04-06,9813
00673R,期元大S＆P原油反1,10,0,10,元大-八德,2023-04-06,9813
1519,華城,15,5,10,元大-八德,2023-04-06,9813
2349,錸德,50,40,10,元大-八德,2023-04-06,9813
3209,全科,11,1,10,元大-八德,2023-04-06,9813
4976,佳凌,10,0,10,元大-八德,2023-04-06,9813
5478,智冠,10,0,10,元大-八德,2023-04-06,9813
6026,福邦證,14,4,10,元大-八德,2023-04-06,9813
8069,元太,12,3,9,元大-八德,2023-04-06,9813
00902,中信電池及儲能,9,0,9,元大-八德,2023-04-06,9813
6441,廣錠,8,0,8,元大-八德,2023-04-06,9813
3231,緯創,18,10,8,元大-八德,2023-04-06,9813
2603,長榮,8,1,7,元大-八德,2023-04-06,9813
00885,富邦越南,13,6,7,元大-八德,2023-04-06,9813
2359,所羅門,7,0,7,元大-八德,2023-04-06,9813
2382,廣達,8,1,7,元大-八德,2023-04-06,9813
2890,永豐金,7,0,7,元大-八德,2023-04-06,9813
2891,中信金,7,0,7,元大-八德,2023-04-06,9813
3017,奇鋐,7,0,7,元大-八德,2023-04-06,9813
3078,僑威,8,1,7,元大-八德,2023-04-06,9813
00712,復華富時不動產,6,0,6,元大-八德,2023-04-06,9813
2002,中鋼,6,0,6,元大-八德,2023-04-06,9813
6235,華孚,50,44,6,元大-八德,2023-04-06,9813
3293,鈊象,6,0,6,元大-八德,2023-04-06,9813
5512,力麒,6,0,6,元大-八德,2023-04-06,9813
8087,麗升能源,6,0,6,元大-八德,2023-04-06,9813
2317,鴻海,5,0,5,元大-八德,2023-04-06,9813
00922,國泰台灣領袖50,5,0,5,元大-八德,2023-04-06,9813
00632R,元大台灣50反1,605,0,605,元大-八德,2023-04-07,9813
3231,緯創,122,8,114,元大-八德,2023-04-07,9813
2002,中鋼,80,1,79,元大-八德,2023-04-07,9813
3707,漢磊,46,1,45,元大-八德,2023-04-07,9813
6270,倍微,38,0,38,元大-八德,2023-04-07,9813
3017,奇鋐,30,8,22,元大-八德,2023-04-07,9813
2609,陽明,45,23,22,元大-八德,2023-04-07,9813
8069,元太,22,1,21,元大-八德,2023-04-07,9813
2101,南港,21,1,20,元大-八德,2023-04-07,9813
2495,普安,20,1,19,元大-八德,2023-04-07,9813
6517,保勝光學,19,0,19,元大-八德,2023-04-07,9813
00712,復華富時不動產,18,0,18,元大-八德,2023-04-07,9813
00751B,元大AAA至A公司債,26,9,17,元大-八德,2023-04-07,9813
1460,宏遠,16,0,16,元大-八德,2023-04-07,9813
00885,富邦越南,13,0,13,元大-八德,2023-04-07,9813
2645,長榮航太,13,1,12,元大-八德,2023-04-07,9813
00720B,元大投資級公司債,11,0,11,元大-八德,2023-04-07,9813
3701,大眾控,11,0,11,元大-八德,2023-04-07,9813
2897,王道銀行,11,0,11,元大-八德,2023-04-07,9813
8289,泰藝,11,0,11,元大-八德,2023-04-07,9813
1609,大亞,55,44,11,元大-八德,2023-04-07,9813
8215,明基材,10,0,10,元大-八德,2023-04-07,9813
00642U,期元大S＆P石油,10,0,10,元大-八德,2023-04-07,9813
00912,中信臺灣智慧50,10,0,10,元大-八德,2023-04-07,9813
1709,和益,10,0,10,元大-八德,2023-04-07,9813
4438,廣越,10,0,10,元大-八德,2023-04-07,9813
4979,華星光,10,0,10,元大-八德,2023-04-07,9813
5469,瀚宇博,10,0,10,元大-八德,2023-04-07,9813
6570,維田,10,0,10,元大-八德,2023-04-07,9813
9103,美德醫療-DR,10,0,10,元大-八德,2023-04-07,9813
2454,聯發科,12,3,9,元大-八德,2023-04-07,9813
8150,南茂,10,1,9,元大-八德,2023-04-07,9813
2606,裕民,9,1,8,元大-八德,2023-04-07,9813
6205,詮欣,9,1,8,元大-八德,2023-04-07,9813
9958,世紀鋼,10,3,7,元大-八德,2023-04-07,9813
3056,富華新,8,1,7,元大-八德,2023-04-07,9813
6026,福邦證,7,0,7,元大-八德,2023-04-07,9813
6191,精成科,13,6,7,元大-八德,2023-04-07,9813
8038,長園科,7,0,7,元大-八德,2023-04-07,9813
2476,鉅祥,6,0,6,元大-八德,2023-04-07,9813
3236,千如,7,1,6,元大-八德,2023-04-07,9813
6278,台表科,7,1,6,元大-八德,2023-04-07,9813
1504,東元,53,47,6,元大-八德,2023-04-07,9813
3362,先進光,5,0,5,元大-八德,2023-04-07,9813
2328,廣宇,5,0,5,元大-八德,2023-04-07,9813
1784,訊聯,5,0,5,元大-八德,2023-04-07,9813
3078,僑威,6,1,5,元大-八德,2023-04-07,9813
3413,京鼎,5,0,5,元大-八德,2023-04-07,9813
3441,聯一光,5,0,5,元大-八德,2023-04-07,9813
6125,廣運,7,2,5,元大-八德,2023-04-07,9813
2867,三商壽,400,0,400,元大-八德,2023-04-10,9813
00632R,元大台灣50反1,358,55,303,元大-八德,2023-04-10,9813
2634,漢翔,100,56,44,元大-八德,2023-04-10,9813
8299,群聯,41,0,41,元大-八德,2023-04-10,9813
2344,華邦電,46,12,34,元大-八德,2023-04-10,9813
00772B,中信高評級公司債,33,2,31,元大-八德,2023-04-10,9813
1605,華新,28,2,26,元大-八德,2023-04-10,9813
4906,正文,26,0,26,元大-八德,2023-04-10,9813
9945,潤泰新,26,0,26,元大-八德,2023-04-10,9813
2610,華航,26,2,24,元大-八德,2023-04-10,9813
4147,中裕,23,0,23,元大-八德,2023-04-10,9813
2208,台船,25,2,23,元大-八德,2023-04-10,9813
3715,定穎投控,40,18,22,元大-八德,2023-04-10,9813
8028,昇陽半導體,24,3,21,元大-八德,2023-04-10,9813
5608,四維航,17,0,17,元大-八德,2023-04-10,9813
1504,東元,31,15,16,元大-八德,2023-04-10,9813
3006,晶豪科,26,11,15,元大-八德,2023-04-10,9813
3447,展達,16,1,15,元大-八德,2023-04-10,9813
2303,聯電,15,1,14,元大-八德,2023-04-10,9813
6270,倍微,14,0,14,元大-八德,2023-04-10,9813
00712,復華富時不動產,13,0,13,元大-八德,2023-04-10,9813
00680L,元大美債20正2,13,0,13,元大-八德,2023-04-10,9813
6163,華電網,15,3,12,元大-八德,2023-04-10,9813
3541,西柏,10,0,10,元大-八德,2023-04-10,9813
6570,維田,10,0,10,元大-八德,2023-04-10,9813
00646,元大S＆P500,11,2,9,元大-八德,2023-04-10,9813
6461,益得,10,1,9,元大-八德,2023-04-10,9813
1303,南亞,10,2,8,元大-八德,2023-04-10,9813
00679B,元大美債20年,17,9,8,元大-八德,2023-04-10,9813
3701,大眾控,8,1,7,元大-八德,2023-04-10,9813
2495,普安,7,0,7,元大-八德,2023-04-10,9813
2615,萬海,8,2,6,元大-八德,2023-04-10,9813
2375,凱美,7,1,6,元大-八德,2023-04-10,9813
4968,立積,10,4,6,元大-八德,2023-04-10,9813
00882,中信中國高股息,5,0,5,元大-八德,2023-04-10,9813
00636,國泰中國A50,5,0,5,元大-八德,2023-04-10,9813
1217,愛之味,5,0,5,元大-八德,2023-04-10,9813
1316,上曜,5,0,5,元大-八德,2023-04-10,9813
1536,和大,5,0,5,元大-八德,2023-04-10,9813
1709,和益,5,0,5,元大-八德,2023-04-10,9813
2408,南亞科,7,2,5,元大-八德,2023-04-10,9813
2913,農林,5,0,5,元大-八德,2023-04-10,9813
3171,炎洲流通,5,0,5,元大-八德,2023-04-10,9813
4438,廣越,5,0,5,元大-八德,2023-04-10,9813
6235,華孚,20,15,5,元大-八德,2023-04-10,9813
6418,詠昇,5,0,5,元大-八德,2023-04-10,9813
6451,訊芯-KY,5,0,5,元大-八德,2023-04-10,9813
6589,台康生技,7,2,5,元大-八德,2023-04-10,9813
6829,千附精密,11,6,5,元大-八德,2023-04-10,9813
2454,聯發科,5,1,4,元大-八德,2023-04-10,9813
2409,友達,220,0,220,元大-八德,2023-04-11,9813
2881,富邦金,203,0,203,元大-八德,2023-04-11,9813
00632R,元大台灣50反1,104,0,104,元大-八德,2023-04-11,9813
8916,光隆,70,0,70,元大-八德,2023-04-11,9813
6770,力積電,58,6,52,元大-八德,2023-04-11,9813
6235,華孚,98,51,47,元大-八德,2023-04-11,9813
3363,上詮,44,0,44,元大-八德,2023-04-11,9813
00712,復華富時不動產,41,0,41,元大-八德,2023-04-11,9813
00637L,元大滬深300正2,40,2,38,元大-八德,2023-04-11,9813
3081,聯亞,45,10,35,元大-八德,2023-04-11,9813
00772B,中信高評級公司債,33,0,33,元大-八德,2023-04-11,9813
2231,為升,41,10,31,元大-八德,2023-04-11,9813
00680L,元大美債20正2,30,0,30,元大-八德,2023-04-11,9813
6125,廣運,30,0,30,元大-八德,2023-04-11,9813
2344,華邦電,81,53,28,元大-八德,2023-04-11,9813
3293,鈊象,25,0,25,元大-八德,2023-04-11,9813
3035,智原,41,16,25,元大-八德,2023-04-11,9813
2317,鴻海,24,0,24,元大-八德,2023-04-11,9813
00679B,元大美債20年,22,0,22,元大-八德,2023-04-11,9813
3653,健策,21,0,21,元大-八德,2023-04-11,9813
2349,錸德,20,0,20,元大-八德,2023-04-11,9813
2492,華新科,21,1,20,元大-八德,2023-04-11,9813
3710,連展投控,20,0,20,元大-八德,2023-04-11,9813
3162,精確,18,0,18,元大-八德,2023-04-11,9813
8050,廣積,21,4,17,元大-八德,2023-04-11,9813
6245,立端,18,3,15,元大-八德,2023-04-11,9813
02001B,統一美國政府債N,15,0,15,元大-八德,2023-04-11,9813
020016,統一MSCI美科技N,12,0,12,元大-八德,2023-04-11,9813
00665L,富邦�琤肭磪囓�2,12,0,12,元大-八德,2023-04-11,9813
2351,順德,11,0,11,元大-八德,2023-04-11,9813
8069,元太,12,1,11,元大-八德,2023-04-11,9813
00646,元大S＆P500,10,0,10,元大-八德,2023-04-11,9813
2023,燁輝,10,0,10,元大-八德,2023-04-11,9813
2101,南港,10,0,10,元大-八德,2023-04-11,9813
2867,三商壽,10,0,10,元大-八德,2023-04-11,9813
3257,虹冠電,10,0,10,元大-八德,2023-04-11,9813
3712,永崴投控,11,1,10,元大-八德,2023-04-11,9813
6234,高僑,10,0,10,元大-八德,2023-04-11,9813
6603,富強鑫,10,0,10,元大-八德,2023-04-11,9813
1218,泰山,10,0,10,元大-八德,2023-04-11,9813
6026,福邦證,10,1,9,元大-八德,2023-04-11,9813
6173,信昌電,10,1,9,元大-八德,2023-04-11,9813
8261,富鼎,14,5,9,元大-八德,2023-04-11,9813
1762,中化生,8,0,8,元大-八德,2023-04-11,9813
4989,榮科,8,0,8,元大-八德,2023-04-11,9813
8420,明揚,8,0,8,元大-八德,2023-04-11,9813
3661,世芯-KY,9,1,8,元大-八德,2023-04-11,9813
2609,陽明,16,9,7,元大-八德,2023-04-11,9813
3701,大眾控,8,1,7,元大-八德,2023-04-11,9813
2362,藍天,7,0,7,元大-八德,2023-04-11,9813
6477,安集,158,0,158,元大-八德,2023-04-12,9813
3324,雙鴻,439,332,107,元大-八德,2023-04-12,9813
6443,元晶,130,25,105,元大-八德,2023-04-12,9813
00878,國泰永續高股息,74,2,72,元大-八德,2023-04-12,9813
3443,創意,68,2,66,元大-八德,2023-04-12,9813
6016,康和證,55,0,55,元大-八德,2023-04-12,9813
2492,華新科,72,22,50,元大-八德,2023-04-12,9813
8916,光隆,45,0,45,元大-八德,2023-04-12,9813
00637L,元大滬深300正2,44,0,44,元大-八德,2023-04-12,9813
00680L,元大美債20正2,43,0,43,元大-八德,2023-04-12,9813
3050,鈺德,40,0,40,元大-八德,2023-04-12,9813
00772B,中信高評級公司債,35,0,35,元大-八德,2023-04-12,9813
6806,森崴能源,34,2,32,元大-八德,2023-04-12,9813
2349,錸德,30,0,30,元大-八德,2023-04-12,9813
3715,定穎投控,36,7,29,元大-八德,2023-04-12,9813
6863,永道-KY,27,0,27,元大-八德,2023-04-12,9813
00671R,富邦NASDAQ反1,26,0,26,元大-八德,2023-04-12,9813
2609,陽明,30,7,23,元大-八德,2023-04-12,9813
2603,長榮,28,4,24,元大-八德,2023-04-12,9813
5353,台林,24,1,23,元大-八德,2023-04-12,9813
3231,緯創,67,44,23,元大-八德,2023-04-12,9813
2481,強茂,21,0,21,元大-八德,2023-04-12,9813
00720B,元大投資級公司債,17,0,17,元大-八德,2023-04-12,9813
2634,漢翔,53,37,16,元大-八德,2023-04-12,9813
6244,茂迪,20,6,14,元大-八德,2023-04-12,9813
6552,易華電,14,0,14,元大-八德,2023-04-12,9813
2371,大同,16,3,13,元大-八德,2023-04-12,9813
2027,大成鋼,13,1,12,元大-八德,2023-04-12,9813
2231,為升,39,27,12,元大-八德,2023-04-12,9813
4979,華星光,21,9,12,元大-八德,2023-04-12,9813
3037,欣興,13,2,11,元大-八德,2023-04-12,9813
1722,台肥,11,0,11,元大-八德,2023-04-12,9813
2455,全新,11,0,11,元大-八德,2023-04-12,9813
5512,力麒,11,0,11,元大-八德,2023-04-12,9813
3520,華盈,12,1,11,元大-八德,2023-04-12,9813
00673R,期元大S＆P原油反1,10,0,10,元大-八德,2023-04-12,9813
2330,台積電,13,3,10,元大-八德,2023-04-12,9813
00713,元大台灣高息低波,10,0,10,元大-八德,2023-04-12,9813
2483,百容,10,0,10,元大-八德,2023-04-12,9813
5285,界霖,10,0,10,元大-八德,2023-04-12,9813
6190,萬泰科,10,0,10,元大-八德,2023-04-12,9813
8033,雷虎,10,0,10,元大-八德,2023-04-12,9813
9945,潤泰新,11,1,10,元大-八德,2023-04-12,9813
1609,大亞,34,24,10,元大-八德,2023-04-12,9813
6416,瑞祺電通,12,2,10,元大-八德,2023-04-12,9813
8088,品安,18,9,9,元大-八德,2023-04-12,9813
3049,精金,10,1,9,元大-八德,2023-04-12,9813
00679B,元大美債20年,9,0,9,元大-八德,2023-04-12,9813
3027,盛達,16,8,8,元大-八德,2023-04-12,9813
1101,台泥,13,5,8,元大-八德,2023-04-12,9813
2610,華航,545,34,511,元大-八德,2023-04-13,9813
2515,中工,274,106,168,元大-八德,2023-04-13,9813
3169,亞信,181,70,111,元大-八德,2023-04-13,9813
2457,飛宏,95,15,80,元大-八德,2023-04-13,9813
2374,佳能,58,0,58,元大-八德,2023-04-13,9813
1609,大亞,66,14,52,元大-八德,2023-04-13,9813
00713,元大台灣高息低波,50,0,50,元大-八德,2023-04-13,9813
8916,光隆,50,0,50,元大-八德,2023-04-13,9813
00772B,中信高評級公司債,42,0,42,元大-八德,2023-04-13,9813
1514,亞力,64,23,41,元大-八德,2023-04-13,9813
00720B,元大投資級公司債,42,3,39,元大-八德,2023-04-13,9813
3711,日月光投控,32,0,32,元大-八德,2023-04-13,9813
3006,晶豪科,44,14,30,元大-八德,2023-04-13,9813
3576,聯合再生,38,9,29,元大-八德,2023-04-13,9813
6136,富爾特,26,0,26,元大-八德,2023-04-13,9813
2483,百容,23,0,23,元大-八德,2023-04-13,9813
1605,華新,23,1,22,元大-八德,2023-04-13,9813
3479,安勤,43,22,21,元大-八德,2023-04-13,9813
1524,耿鼎,20,0,20,元大-八德,2023-04-13,9813
6163,華電網,25,5,20,元大-八德,2023-04-13,9813
00679B,元大美債20年,19,0,19,元大-八德,2023-04-13,9813
00712,復華富時不動產,17,0,17,元大-八德,2023-04-13,9813
6570,維田,17,0,17,元大-八德,2023-04-13,9813
3050,鈺德,16,0,16,元大-八德,2023-04-13,9813
6182,合晶,18,2,16,元大-八德,2023-04-13,9813
0050,元大台灣50,16,0,16,元大-八德,2023-04-13,9813
00761B,國泰A級公司債,15,0,15,元大-八德,2023-04-13,9813
020034,元大IC設計N,15,0,15,元大-八德,2023-04-13,9813
1460,宏遠,15,0,15,元大-八德,2023-04-13,9813
1718,中纖,15,0,15,元大-八德,2023-04-13,9813
2313,華通,15,0,15,元大-八德,2023-04-13,9813
5351,鈺創,15,0,15,元大-八德,2023-04-13,9813
6552,易華電,15,0,15,元大-八德,2023-04-13,9813
5009,榮剛,33,19,14,元大-八德,2023-04-13,9813
2206,三陽工業,16,3,13,元大-八德,2023-04-13,9813
5258,虹堡,30,17,13,元大-八德,2023-04-13,9813
5285,界霖,13,0,13,元大-八德,2023-04-13,9813
3231,緯創,40,27,13,元大-八德,2023-04-13,9813
3037,欣興,13,1,12,元大-八德,2023-04-13,9813
8215,明基材,14,2,12,元大-八德,2023-04-13,9813
00687B,國泰20年美債,11,0,11,元大-八德,2023-04-13,9813
6122,擎邦,20,9,11,元大-八德,2023-04-13,9813
00646,元大S＆P500,10,0,10,元大-八德,2023-04-13,9813
2453,凌群,10,0,10,元大-八德,2023-04-13,9813
5481,新華,10,0,10,元大-八德,2023-04-13,9813
6477,安集,10,0,10,元大-八德,2023-04-13,9813
8091,翔名,10,0,10,元大-八德,2023-04-13,9813
8105,凌巨,10,0,10,元大-八德,2023-04-13,9813
8046,南電,10,0,10,元大-八德,2023-04-13,9813
00680L,元大美債20正2,9,0,9,元大-八德,2023-04-13,9813
2634,漢翔,163,36,127,元大-八德,2023-04-14,9813
00632R,元大台灣50反1,125,0,125,元大-八德,2023-04-14,9813
2457,飛宏,159,60,99,元大-八德,2023-04-14,9813
00720B,元大投資級公司債,44,0,44,元大-八德,2023-04-14,9813
6136,富爾特,40,0,40,元大-八德,2023-04-14,9813
4743,合一,40,4,36,元大-八德,2023-04-14,9813
2609,陽明,51,20,31,元大-八德,2023-04-14,9813
1467,南緯,30,0,30,元大-八德,2023-04-14,9813
8050,廣積,30,0,30,元大-八德,2023-04-14,9813
2382,廣達,29,0,29,元大-八德,2023-04-14,9813
00679B,元大美債20年,27,3,24,元大-八德,2023-04-14,9813
00772B,中信高評級公司債,24,0,24,元大-八德,2023-04-14,9813
00878,國泰永續高股息,33,10,23,元大-八德,2023-04-14,9813
00687B,國泰20年美債,23,0,23,元大-八德,2023-04-14,9813
4968,立積,39,17,22,元大-八德,2023-04-14,9813
1504,東元,22,1,21,元大-八德,2023-04-14,9813
00637L,元大滬深300正2,25,5,20,元大-八德,2023-04-14,9813
8289,泰藝,20,0,20,元大-八德,2023-04-14,9813
4979,華星光,65,50,15,元大-八德,2023-04-14,9813
1513,中興電,48,33,15,元大-八德,2023-04-14,9813
00650L,復華香港正2,14,0,14,元大-八德,2023-04-14,9813
00680L,元大美債20正2,14,0,14,元大-八德,2023-04-14,9813
3032,偉訓,30,16,14,元大-八德,2023-04-14,9813
2603,長榮,24,11,13,元大-八德,2023-04-14,9813
2002,中鋼,11,1,10,元大-八德,2023-04-14,9813
00713,元大台灣高息低波,10,0,10,元大-八德,2023-04-14,9813
8069,元太,11,1,10,元大-八德,2023-04-14,9813
2023,燁輝,10,0,10,元大-八德,2023-04-14,9813
2834,臺企銀,20,10,10,元大-八德,2023-04-14,9813
2867,三商壽,10,0,10,元大-八德,2023-04-14,9813
6570,維田,11,2,9,元大-八德,2023-04-14,9813
1584,精剛,38,30,8,元大-八德,2023-04-14,9813
2009,第一銅,10,2,8,元大-八德,2023-04-14,9813
3481,群創,17,9,8,元大-八德,2023-04-14,9813
3714,富采,10,2,8,元大-八德,2023-04-14,9813
4747,強生,13,5,8,元大-八德,2023-04-14,9813
6016,康和證,8,0,8,元大-八德,2023-04-14,9813
2455,全新,8,0,8,元大-八德,2023-04-14,9813
2302,麗正,7,0,7,元大-八德,2023-04-14,9813
2344,華邦電,9,2,7,元大-八德,2023-04-14,9813
3049,精金,14,7,7,元大-八德,2023-04-14,9813
6026,福邦證,7,0,7,元大-八德,2023-04-14,9813
6209,今國光,35,28,7,元大-八德,2023-04-14,9813
6603,富強鑫,7,0,7,元大-八德,2023-04-14,9813
8104,錸寶,10,3,7,元大-八德,2023-04-14,9813
8916,光隆,7,0,7,元大-八德,2023-04-14,9813
6446,藥華藥,6,0,6,元大-八德,2023-04-14,9813
00751B,元大AAA至A公司債,6,0,6,元大-八德,2023-04-14,9813
1522,堤維西,7,1,6,元大-八德,2023-04-14,9813
3653,健策,6,0,6,元大-八德,2023-04-14,9813
00632R,元大台灣50反1,105,0,105,元大-八德,2023-04-17,9813
3025,星通,100,0,100,元大-八德,2023-04-17,9813
2312,金寶,71,2,69,元大-八德,2023-04-17,9813
6167,久正,66,6,60,元大-八德,2023-04-17,9813
3712,永崴投控,89,33,56,元大-八德,2023-04-17,9813
00679B,元大美債20年,56,0,56,元大-八德,2023-04-17,9813
4916,事欣科,56,2,54,元大-八德,2023-04-17,9813
8916,光隆,50,1,49,元大-八德,2023-04-17,9813
1444,力麗,55,9,46,元大-八德,2023-04-17,9813
2208,台船,66,26,40,元大-八德,2023-04-17,9813
2002,中鋼,42,6,36,元大-八德,2023-04-17,9813
00772B,中信高評級公司債,32,0,32,元大-八德,2023-04-17,9813
2349,錸德,30,0,30,元大-八德,2023-04-17,9813
1504,東元,32,4,28,元大-八德,2023-04-17,9813
5483,中美晶,26,0,26,元大-八德,2023-04-17,9813
2634,漢翔,129,104,25,元大-八德,2023-04-17,9813
2344,華邦電,30,5,25,元大-八德,2023-04-17,9813
1513,中興電,29,5,24,元大-八德,2023-04-17,9813
3231,緯創,26,3,23,元大-八德,2023-04-17,9813
3706,神達,23,0,23,元大-八德,2023-04-17,9813
3704,合勤控,29,6,23,元大-八德,2023-04-17,9813
00720B,元大投資級公司債,25,4,21,元大-八德,2023-04-17,9813
00680L,元大美債20正2,19,0,19,元大-八德,2023-04-17,9813
3169,亞信,72,54,18,元大-八德,2023-04-17,9813
2610,華航,22,5,17,元大-八德,2023-04-17,9813
4934,太極,20,4,16,元大-八德,2023-04-17,9813
2206,三陽工業,35,20,15,元大-八德,2023-04-17,9813
5512,力麒,16,1,15,元大-八德,2023-04-17,9813
6235,華孚,40,26,14,元大-八德,2023-04-17,9813
8936,國統,13,0,13,元大-八德,2023-04-17,9813
5258,虹堡,17,4,13,元大-八德,2023-04-17,9813
2027,大成鋼,13,1,12,元大-八德,2023-04-17,9813
2421,建準,17,5,12,元大-八德,2023-04-17,9813
6603,富強鑫,12,0,12,元大-八德,2023-04-17,9813
2885,元大金,11,0,11,元大-八德,2023-04-17,9813
00751B,元大AAA至A公司債,11,0,11,元大-八德,2023-04-17,9813
2607,榮運,11,0,11,元大-八德,2023-04-17,9813
3363,上詮,16,5,11,元大-八德,2023-04-17,9813
00907,永豐優息存股,10,0,10,元大-八德,2023-04-17,9813
020020,元大台股領航N,10,0,10,元大-八德,2023-04-17,9813
1529,樂事綠能,30,20,10,元大-八德,2023-04-17,9813
4503,金雨,10,0,10,元大-八德,2023-04-17,9813
5392,能率,10,0,10,元大-八德,2023-04-17,9813
8415,大國鋼,10,0,10,元大-八德,2023-04-17,9813
2454,聯發科,16,6,10,元大-八德,2023-04-17,9813
8046,南電,10,1,9,元大-八德,2023-04-17,9813
02001L,富邦蘋果正二N,9,0,9,元大-八德,2023-04-17,9813
3004,豐達科,11,2,9,元大-八德,2023-04-17,9813
3325,旭品,9,0,9,元大-八德,2023-04-17,9813
6127,九豪,9,0,9,元大-八德,2023-04-17,9813
1447,力鵬,166,2,164,元大-八德,2023-04-18,9813
8261,富鼎,128,2,126,元大-八德,2023-04-18,9813
9939,宏全,101,0,101,元大-八德,2023-04-18,9813
6016,康和證,55,0,55,元大-八德,2023-04-18,9813
2375,凱美,52,0,52,元大-八德,2023-04-18,9813
00713,元大台灣高息低波,50,0,50,元大-八德,2023-04-18,9813
8916,光隆,49,0,49,元大-八德,2023-04-18,9813
00679B,元大美債20年,42,0,42,元大-八德,2023-04-18,9813
00680L,元大美債20正2,39,0,39,元大-八德,2023-04-18,9813
1611,中電,37,1,36,元大-八德,2023-04-18,9813
4967,十銓,50,16,34,元大-八德,2023-04-18,9813
3035,智原,37,5,32,元大-八德,2023-04-18,9813
6188,廣明,30,0,30,元大-八德,2023-04-18,9813
00720B,元大投資級公司債,24,0,24,元大-八德,2023-04-18,9813
2312,金寶,25,1,24,元大-八德,2023-04-18,9813
4566,時碩工業,67,45,22,元大-八德,2023-04-18,9813
4746,台耀,26,5,21,元大-八德,2023-04-18,9813
2363,矽統,20,0,20,元大-八德,2023-04-18,9813
3025,星通,133,113,20,元大-八德,2023-04-18,9813
5452,佶優,20,0,20,元大-八德,2023-04-18,9813
3481,群創,21,2,19,元大-八德,2023-04-18,9813
5880,合庫金,19,0,19,元大-八德,2023-04-18,9813
1504,東元,25,7,18,元大-八德,2023-04-18,9813
6603,富強鑫,18,0,18,元大-八德,2023-04-18,9813
00687B,國泰20年美債,17,0,17,元大-八德,2023-04-18,9813
00891,中信關鍵半導體,17,0,17,元大-八德,2023-04-18,9813
00751B,元大AAA至A公司債,15,0,15,元大-八德,2023-04-18,9813
2369,菱生,20,5,15,元大-八德,2023-04-18,9813
3231,緯創,19,4,15,元大-八德,2023-04-18,9813
3050,鈺德,14,0,14,元大-八德,2023-04-18,9813
6190,萬泰科,18,4,14,元大-八德,2023-04-18,9813
2454,聯發科,17,3,14,元大-八德,2023-04-18,9813
3037,欣興,13,0,13,元大-八德,2023-04-18,9813
1609,大亞,12,0,12,元大-八德,2023-04-18,9813
9945,潤泰新,12,0,12,元大-八德,2023-04-18,9813
3078,僑威,17,6,11,元大-八德,2023-04-18,9813
1503,士電,12,1,11,元大-八德,2023-04-18,9813
3163,波若威,11,0,11,元大-八德,2023-04-18,9813
6782,視陽,11,0,11,元大-八德,2023-04-18,9813
00772B,中信高評級公司債,10,0,10,元大-八德,2023-04-18,9813
020020,元大台股領航N,10,0,10,元大-八德,2023-04-18,9813
2883,凱基金,10,0,10,元大-八德,2023-04-18,9813
3016,嘉晶,10,0,10,元大-八德,2023-04-18,9813
3207,耀勝,10,0,10,元大-八德,2023-04-18,9813
5011,久陽,10,0,10,元大-八德,2023-04-18,9813
5522,遠雄,10,0,10,元大-八德,2023-04-18,9813
6104,創惟,10,0,10,元大-八德,2023-04-18,9813
6194,育富,10,0,10,元大-八德,2023-04-18,9813
8105,凌巨,11,1,10,元大-八德,2023-04-18,9813
3029,零壹,11,1,10,元大-八德,2023-04-18,9813
3576,聯合再生,514,10,504,元大-八德,2023-04-19,9813
3005,神基,495,35,460,元大-八德,2023-04-19,9813
6443,元晶,357,46,311,元大-八德,2023-04-19,9813
2515,中工,204,76,128,元大-八德,2023-04-19,9813
1504,東元,174,66,108,元大-八德,2023-04-19,9813
8261,富鼎,89,0,89,元大-八德,2023-04-19,9813
3481,群創,80,14,66,元大-八德,2023-04-19,9813
8916,光隆,52,0,52,元大-八德,2023-04-19,9813
1312,國喬,50,0,50,元大-八德,2023-04-19,9813
2601,益航,53,5,48,元大-八德,2023-04-19,9813
1528,恩德,45,0,45,元大-八德,2023-04-19,9813
6187,萬潤,42,0,42,元大-八德,2023-04-19,9813
6016,康和證,40,0,40,元大-八德,2023-04-19,9813
00720B,元大投資級公司債,39,7,32,元大-八德,2023-04-19,9813
4916,事欣科,32,2,30,元大-八德,2023-04-19,9813
4989,榮科,43,13,30,元大-八德,2023-04-19,9813
6625,必應,30,0,30,元大-八德,2023-04-19,9813
2884,玉山金,31,2,29,元大-八德,2023-04-19,9813
00680L,元大美債20正2,28,0,28,元大-八德,2023-04-19,9813
6806,森崴能源,39,14,25,元大-八德,2023-04-19,9813
2314,台揚,24,1,23,元大-八德,2023-04-19,9813
00712,復華富時不動產,20,0,20,元大-八德,2023-04-19,9813
4967,十銓,43,23,20,元大-八德,2023-04-19,9813
6570,維田,20,0,20,元大-八德,2023-04-19,9813
02001L,富邦蘋果正二N,18,0,18,元大-八德,2023-04-19,9813
4127,天良,17,0,17,元大-八德,2023-04-19,9813
6205,詮欣,16,0,16,元大-八德,2023-04-19,9813
3049,精金,15,0,15,元大-八德,2023-04-19,9813
4129,聯合,15,0,15,元大-八德,2023-04-19,9813
1609,大亞,26,12,14,元大-八德,2023-04-19,9813
2002,中鋼,14,0,14,元大-八德,2023-04-19,9813
2498,宏達電,21,7,14,元大-八德,2023-04-19,9813
00881,國泰台灣5G+,14,0,14,元大-八德,2023-04-19,9813
1605,華新,20,7,13,元大-八德,2023-04-19,9813
3058,立德,13,1,12,元大-八德,2023-04-19,9813
5258,虹堡,15,3,12,元大-八德,2023-04-19,9813
1810,和成,25,14,11,元大-八德,2023-04-19,9813
2404,漢唐,10,0,10,元大-八德,2023-04-19,9813
3037,欣興,12,2,10,元大-八德,2023-04-19,9813
00751B,元大AAA至A公司債,10,0,10,元大-八德,2023-04-19,9813
2634,漢翔,29,19,10,元大-八德,2023-04-19,9813
00773B,中信優先金融債,10,0,10,元大-八德,2023-04-19,9813
00772B,中信高評級公司債,10,0,10,元大-八德,2023-04-19,9813
2380,虹光,10,0,10,元大-八德,2023-04-19,9813
5512,力麒,11,1,10,元大-八德,2023-04-19,9813
8215,明基材,10,0,10,元大-八德,2023-04-19,9813
8222,寶一,51,42,9,元大-八德,2023-04-19,9813
2206,三陽工業,19,10,9,元大-八德,2023-04-19,9813
2637,慧洋-KY,8,0,8,元大-八德,2023-04-19,9813
3013,晟銘電,8,0,8,元大-八德,2023-04-19,9813
00669R,國泰美國道瓊反1,396,0,396,元大-八德,2023-04-20,9813
1909,榮成,165,17,148,元大-八德,2023-04-20,9813
3005,神基,115,4,111,元大-八德,2023-04-20,9813
00720B,元大投資級公司債,73,0,73,元大-八德,2023-04-20,9813
2359,所羅門,58,5,53,元大-八德,2023-04-20,9813
00632R,元大台灣50反1,50,1,49,元大-八德,2023-04-20,9813
8916,光隆,45,0,45,元大-八德,2023-04-20,9813
2498,宏達電,41,0,41,元大-八德,2023-04-20,9813
1810,和成,71,38,33,元大-八德,2023-04-20,9813
6187,萬潤,31,0,31,元大-八德,2023-04-20,9813
02002L,兆豐富櫃200正二N,30,0,30,元大-八德,2023-04-20,9813
2324,仁寶,30,0,30,元大-八德,2023-04-20,9813
2603,長榮,30,1,29,元大-八德,2023-04-20,9813
4743,合一,34,5,29,元大-八德,2023-04-20,9813
6770,力積電,38,10,28,元大-八德,2023-04-20,9813
4924,欣厚-KY,25,0,25,元大-八德,2023-04-20,9813
2314,台揚,45,22,23,元大-八德,2023-04-20,9813
6282,康舒,102,82,20,元大-八德,2023-04-20,9813
3653,健策,20,0,20,元大-八德,2023-04-20,9813
9945,潤泰新,20,0,20,元大-八德,2023-04-20,9813
00878,國泰永續高股息,30,11,19,元大-八德,2023-04-20,9813
00751B,元大AAA至A公司債,18,0,18,元大-八德,2023-04-20,9813
00772B,中信高評級公司債,16,0,16,元大-八德,2023-04-20,9813
1710,東聯,18,2,16,元大-八德,2023-04-20,9813
2344,華邦電,16,0,16,元大-八德,2023-04-20,9813
1460,宏遠,15,0,15,元大-八德,2023-04-20,9813
4934,太極,20,5,15,元大-八德,2023-04-20,9813
00892,富邦台灣半導體,14,0,14,元大-八德,2023-04-20,9813
1795,美時,66,52,14,元大-八德,2023-04-20,9813
00679B,元大美債20年,12,0,12,元大-八德,2023-04-20,9813
4906,正文,15,3,12,元大-八德,2023-04-20,9813
5258,虹堡,12,0,12,元大-八德,2023-04-20,9813
6129,普誠,16,4,12,元大-八德,2023-04-20,9813
6603,富強鑫,12,0,12,元大-八德,2023-04-20,9813
1514,亞力,13,1,12,元大-八德,2023-04-20,9813
0056,元大高股息,11,0,11,元大-八德,2023-04-20,9813
6235,華孚,19,8,11,元大-八德,2023-04-20,9813
3105,穩懋,13,2,11,元大-八德,2023-04-20,9813
2327,國巨,10,0,10,元大-八德,2023-04-20,9813
2009,第一銅,11,1,10,元大-八德,2023-04-20,9813
2705,六福,10,0,10,元大-八德,2023-04-20,9813
3346,麗清,10,0,10,元大-八德,2023-04-20,9813
3520,華盈,10,0,10,元大-八德,2023-04-20,9813
4953,緯軟,10,0,10,元大-八德,2023-04-20,9813
4979,華星光,49,39,10,元大-八德,2023-04-20,9813
5488,松普,10,0,10,元大-八德,2023-04-20,9813
5512,力麒,11,1,10,元大-八德,2023-04-20,9813
6288,聯嘉,17,7,10,元大-八德,2023-04-20,9813
2449,京元電子,10,0,10,元大-八德,2023-04-20,9813
8215,明基材,10,0,10,元大-八德,2023-04-20,9813
00632R,元大台灣50反1,246,0,246,元大-八德,2023-04-21,9813
1907,永豐餘,372,190,182,元大-八德,2023-04-21,9813
1616,億泰,105,0,105,元大-八德,2023-04-21,9813
2303,聯電,107,12,95,元大-八德,2023-04-21,9813
02002L,兆豐富櫃200正二N,75,0,75,元大-八德,2023-04-21,9813
3438,類比科,50,0,50,元大-八德,2023-04-21,9813
6244,茂迪,56,6,50,元大-八德,2023-04-21,9813
6570,維田,50,0,50,元大-八德,2023-04-21,9813
4979,華星光,45,6,39,元大-八德,2023-04-21,9813
1760,寶齡富錦,32,2,30,元大-八德,2023-04-21,9813
1409,新纖,35,5,30,元大-八德,2023-04-21,9813
4743,合一,29,3,26,元大-八德,2023-04-21,9813
6770,力積電,28,2,26,元大-八德,2023-04-21,9813
2351,順德,26,1,25,元大-八德,2023-04-21,9813
2645,長榮航太,27,2,25,元大-八德,2023-04-21,9813
3035,智原,35,10,25,元大-八德,2023-04-21,9813
2498,宏達電,26,3,23,元大-八德,2023-04-21,9813
3105,穩懋,21,0,21,元大-八德,2023-04-21,9813
6182,合晶,21,0,21,元大-八德,2023-04-21,9813
2706,第一店,20,0,20,元大-八德,2023-04-21,9813
0056,元大高股息,19,0,19,元大-八德,2023-04-21,9813
8358,金居,18,0,18,元大-八德,2023-04-21,9813
3078,僑威,56,39,17,元大-八德,2023-04-21,9813
6190,萬泰科,18,2,16,元大-八德,2023-04-21,9813
3276,宇環,15,0,15,元大-八德,2023-04-21,9813
5243,乙盛-KY,19,5,14,元大-八德,2023-04-21,9813
6005,群益證,15,1,14,元大-八德,2023-04-21,9813
6271,同欣電,13,0,13,元大-八德,2023-04-21,9813
6733,博晟生醫,16,3,13,元大-八德,2023-04-21,9813
6285,啟��,14,1,13,元大-八德,2023-04-21,9813
6411,晶焱,12,0,12,元大-八德,2023-04-21,9813
3317,尼克森,12,0,12,元大-八德,2023-04-21,9813
1309,台達化,11,0,11,元大-八德,2023-04-21,9813
2495,普安,12,1,11,元大-八德,2023-04-21,9813
6139,亞翔,11,0,11,元大-八德,2023-04-21,9813
4438,廣越,10,0,10,元大-八德,2023-04-21,9813
3004,豐達科,10,0,10,元大-八德,2023-04-21,9813
00753L,中信中國50正2,10,0,10,元大-八德,2023-04-21,9813
00892,富邦台灣半導體,10,0,10,元大-八德,2023-04-21,9813
3346,麗清,10,0,10,元大-八德,2023-04-21,9813
4934,太極,10,0,10,元大-八德,2023-04-21,9813
5258,虹堡,11,1,10,元大-八德,2023-04-21,9813
6104,創惟,10,0,10,元大-八德,2023-04-21,9813
6138,茂達,10,0,10,元大-八德,2023-04-21,9813
6205,詮欣,10,0,10,元大-八德,2023-04-21,9813
6270,倍微,10,0,10,元大-八德,2023-04-21,9813
2317,鴻海,16,6,10,元大-八德,2023-04-21,9813
6282,康舒,83,74,9,元大-八德,2023-04-21,9813
00900,富邦特選高股息30,9,0,9,元大-八德,2023-04-21,9813
1711,永光,10,1,9,元大-八德,2023-04-21,9813
00637L,元大滬深300正2,186,10,176,元大-八德,2023-04-24,9813
2457,飛宏,135,9,126,元大-八德,2023-04-24,9813
00669R,國泰美國道瓊反1,104,0,104,元大-八德,2023-04-24,9813
00665L,富邦�琤肭磪囓�2,65,0,65,元大-八德,2023-04-24,9813
6570,維田,63,0,63,元大-八德,2023-04-24,9813
6806,森崴能源,64,4,60,元大-八德,2023-04-24,9813
6282,康舒,81,29,52,元大-八德,2023-04-24,9813
9939,宏全,51,0,51,元大-八德,2023-04-24,9813
00679B,元大美債20年,66,31,35,元大-八德,2023-04-24,9813
2443,昶虹,30,0,30,元大-八德,2023-04-24,9813
3071,協禧,40,16,24,元大-八德,2023-04-24,9813
00632R,元大台灣50反1,31,10,21,元大-八德,2023-04-24,9813
2883,凱基金,25,6,19,元大-八德,2023-04-24,9813
3231,緯創,33,16,17,元大-八德,2023-04-24,9813
00646,元大S＆P500,15,0,15,元大-八德,2023-04-24,9813
00902,中信電池及儲能,12,0,12,元大-八德,2023-04-24,9813
00878,國泰永續高股息,12,0,12,元大-八德,2023-04-24,9813
00753L,中信中國50正2,11,0,11,元大-八德,2023-04-24,9813
2027,大成鋼,11,0,11,元大-八德,2023-04-24,9813
6863,永道-KY,11,0,11,元大-八德,2023-04-24,9813
2324,仁寶,10,0,10,元大-八德,2023-04-24,9813
2705,六福,10,0,10,元大-八德,2023-04-24,9813
2313,華通,9,0,9,元大-八德,2023-04-24,9813
3481,群創,15,6,9,元大-八德,2023-04-24,9813
2609,陽明,13,5,8,元大-八德,2023-04-24,9813
6269,台郡,8,0,8,元大-八德,2023-04-24,9813
2303,聯電,33,26,7,元大-八德,2023-04-24,9813
3035,智原,31,24,7,元大-八德,2023-04-24,9813
1467,南緯,7,0,7,元大-八德,2023-04-24,9813
1783,和康生,10,3,7,元大-八德,2023-04-24,9813
2455,全新,7,0,7,元大-八德,2023-04-24,9813
1904,正隆,15,9,6,元大-八德,2023-04-24,9813
00893,國泰智能電動車,6,0,6,元大-八德,2023-04-24,9813
2347,聯強,6,0,6,元大-八德,2023-04-24,9813
4968,立積,16,10,6,元大-八德,2023-04-24,9813
6245,立端,6,0,6,元大-八德,2023-04-24,9813
8050,廣積,6,0,6,元大-八德,2023-04-24,9813
9933,中鼎,6,0,6,元大-八德,2023-04-24,9813
00662,富邦NASDAQ,5,0,5,元大-八德,2023-04-24,9813
00881,國泰台灣5G+,5,0,5,元大-八德,2023-04-24,9813
2380,虹光,5,0,5,元大-八德,2023-04-24,9813
6441,廣錠,5,0,5,元大-八德,2023-04-24,9813
6603,富強鑫,5,0,5,元大-八德,2023-04-24,9813
6799,來頡,5,0,5,元大-八德,2023-04-24,9813
1513,中興電,6,1,5,元大-八德,2023-04-24,9813
00772B,中信高評級公司債,5,1,4,元大-八德,2023-04-24,9813
2344,華邦電,20,16,4,元大-八德,2023-04-24,9813
6531,愛普*,8,4,4,元大-八德,2023-04-24,9813
8927,北基,4,0,4,元大-八德,2023-04-24,9813
2603,長榮,4,1,3,元大-八德,2023-04-24,9813
00680L,元大美債20正2,785,2,783,元大-八德,2023-04-25,9813
00632R,元大台灣50反1,382,2,380,元大-八德,2023-04-25,9813
00637L,元大滬深300正2,101,0,101,元大-八德,2023-04-25,9813
00669R,國泰美國道瓊反1,99,0,99,元大-八德,2023-04-25,9813
0056,元大高股息,78,2,76,元大-八德,2023-04-25,9813
4979,華星光,56,6,50,元大-八德,2023-04-25,9813
9939,宏全,49,0,49,元大-八德,2023-04-25,9813
4967,十銓,80,32,48,元大-八德,2023-04-25,9813
1314,中石化,50,4,46,元大-八德,2023-04-25,9813
6160,欣技,58,16,42,元大-八德,2023-04-25,9813
2498,宏達電,36,3,33,元大-八德,2023-04-25,9813
00679B,元大美債20年,32,0,32,元大-八德,2023-04-25,9813
020034,元大IC設計N,30,0,30,元大-八德,2023-04-25,9813
02002L,兆豐富櫃200正二N,30,0,30,元大-八德,2023-04-25,9813
2913,農林,26,0,26,元大-八德,2023-04-25,9813
3481,群創,26,1,25,元大-八德,2023-04-25,9813
6245,立端,25,2,23,元大-八德,2023-04-25,9813
00878,國泰永續高股息,28,6,22,元大-八德,2023-04-25,9813
1101,台泥,25,4,21,元大-八德,2023-04-25,9813
1605,華新,24,3,21,元大-八德,2023-04-25,9813
4960,誠美材,20,0,20,元大-八德,2023-04-25,9813
2206,三陽工業,48,28,20,元大-八德,2023-04-25,9813
2324,仁寶,19,0,19,元大-八德,2023-04-25,9813
0050,元大台灣50,19,0,19,元大-八德,2023-04-25,9813
00631L,元大台灣50正2,19,1,18,元大-八德,2023-04-25,9813
00720B,元大投資級公司債,18,0,18,元大-八德,2023-04-25,9813
00891,中信關鍵半導體,18,0,18,元大-八德,2023-04-25,9813
00902,中信電池及儲能,18,0,18,元大-八德,2023-04-25,9813
2645,長榮航太,78,60,18,元大-八德,2023-04-25,9813
3071,協禧,67,52,15,元大-八德,2023-04-25,9813
5880,合庫金,14,0,14,元大-八德,2023-04-25,9813
3231,緯創,37,23,14,元大-八德,2023-04-25,9813
2609,陽明,16,3,13,元大-八德,2023-04-25,9813
00900,富邦特選高股息30,13,0,13,元大-八德,2023-04-25,9813
9103,美德醫療-DR,14,1,13,元大-八德,2023-04-25,9813
00772B,中信高評級公司債,12,0,12,元大-八德,2023-04-25,9813
2337,旺宏,12,0,12,元大-八德,2023-04-25,9813
1905,華紙,67,55,12,元大-八德,2023-04-25,9813
2027,大成鋼,11,0,11,元大-八德,2023-04-25,9813
1760,寶齡富錦,16,5,11,元大-八德,2023-04-25,9813
1519,華城,13,2,11,元大-八德,2023-04-25,9813
2330,台積電,15,5,10,元大-八德,2023-04-25,9813
8916,光隆,10,0,10,元大-八德,2023-04-25,9813
00753L,中信中國50正2,10,0,10,元大-八德,2023-04-25,9813
1795,美時,12,2,10,元大-八德,2023-04-25,9813
2481,強茂,10,0,10,元大-八德,2023-04-25,9813
2537,聯上發,10,0,10,元大-八德,2023-04-25,9813
3049,精金,10,0,10,元大-八德,2023-04-25,9813
4127,天良,10,0,10,元大-八德,2023-04-25,9813
6733,博晟生醫,10,0,10,元大-八德,2023-04-25,9813
1109,信大,135,0,135,元大-八德,2023-04-26,9813
3419,譁裕,70,5,65,元大-八德,2023-04-26,9813
2603,長榮,47,0,47,元大-八德,2023-04-26,9813
0056,元大高股息,28,2,26,元大-八德,2023-04-26,9813
2618,長榮航,26,1,25,元大-八德,2023-04-26,9813
8222,寶一,51,28,23,元大-八德,2023-04-26,9813
1905,華紙,108,89,19,元大-八德,2023-04-26,9813
5351,鈺創,17,1,16,元大-八德,2023-04-26,9813
2457,飛宏,19,4,15,元大-八德,2023-04-26,9813
00878,國泰永續高股息,12,0,12,元大-八德,2023-04-26,9813
3035,智原,23,11,12,元大-八德,2023-04-26,9813
00885,富邦越南,12,0,12,元大-八德,2023-04-26,9813
8261,富鼎,12,0,12,元大-八德,2023-04-26,9813
1101,台泥,26,15,11,元大-八德,2023-04-26,9813
4919,新唐,15,4,11,元大-八德,2023-04-26,9813
3017,奇鋐,13,2,11,元大-八德,2023-04-26,9813
5880,合庫金,12,1,11,元大-八德,2023-04-26,9813
2609,陽明,17,7,10,元大-八德,2023-04-26,9813
4503,金雨,10,0,10,元大-八德,2023-04-26,9813
00648R,元大S＆P500反1,10,0,10,元大-八德,2023-04-26,9813
6109,亞元,10,0,10,元大-八德,2023-04-26,9813
6248,沛波,10,0,10,元大-八德,2023-04-26,9813
4746,台耀,10,0,10,元大-八德,2023-04-26,9813
6234,高僑,9,0,9,元大-八德,2023-04-26,9813
00891,中信關鍵半導體,8,0,8,元大-八德,2023-04-26,9813
0050,元大台灣50,9,1,8,元大-八德,2023-04-26,9813
2002,中鋼,9,1,8,元大-八德,2023-04-26,9813
1513,中興電,8,1,7,元大-八德,2023-04-26,9813
1310,台苯,54,47,7,元大-八德,2023-04-26,9813
2344,華邦電,49,42,7,元大-八德,2023-04-26,9813
2330,台積電,12,5,7,元大-八德,2023-04-26,9813
2383,台光電,6,0,6,元大-八德,2023-04-26,9813
00751B,元大AAA至A公司債,6,0,6,元大-八德,2023-04-26,9813
00761B,國泰A級公司債,6,0,6,元大-八德,2023-04-26,9813
3071,協禧,11,5,6,元大-八德,2023-04-26,9813
3224,三顧,6,0,6,元大-八德,2023-04-26,9813
006208,富邦台50,5,0,5,元大-八德,2023-04-26,9813
2610,華航,6,1,5,元大-八德,2023-04-26,9813
00679B,元大美債20年,121,116,5,元大-八德,2023-04-26,9813
3624,光頡,10,5,5,元大-八德,2023-04-26,9813
020034,元大IC設計N,5,0,5,元大-八德,2023-04-26,9813
00646,元大S＆P500,5,0,5,元大-八德,2023-04-26,9813
1467,南緯,5,0,5,元大-八德,2023-04-26,9813
2337,旺宏,9,4,5,元大-八德,2023-04-26,9813
2380,虹光,5,0,5,元大-八德,2023-04-26,9813
6182,合晶,5,0,5,元大-八德,2023-04-26,9813
6531,愛普*,19,14,5,元大-八德,2023-04-26,9813
6727,亞泰金屬,5,0,5,元大-八德,2023-04-26,9813
00662,富邦NASDAQ,5,0,5,元大-八德,2023-04-26,9813
5701,劍湖山,4,0,4,元大-八德,2023-04-26,9813
00680L,元大美債20正2,433,0,433,元大-八德,2023-04-27,9813
2303,聯電,216,67,149,元大-八德,2023-04-27,9813
2645,長榮航太,82,51,31,元大-八德,2023-04-27,9813
2913,農林,45,20,25,元大-八德,2023-04-27,9813
2344,華邦電,56,36,20,元大-八德,2023-04-27,9813
2617,台航,20,0,20,元大-八德,2023-04-27,9813
1584,精剛,20,1,19,元大-八德,2023-04-27,9813
2027,大成鋼,18,2,16,元大-八德,2023-04-27,9813
0050,元大台灣50,15,0,15,元大-八德,2023-04-27,9813
8086,宏捷科,21,6,15,元大-八德,2023-04-27,9813
020000,富邦特選蘋果N,15,0,15,元大-八德,2023-04-27,9813
4566,時碩工業,16,1,15,元大-八德,2023-04-27,9813
00772B,中信高評級公司債,13,0,13,元大-八德,2023-04-27,9813
020020,元大台股領航N,10,0,10,元大-八德,2023-04-27,9813
1229,聯華,11,1,10,元大-八德,2023-04-27,9813
1409,新纖,10,0,10,元大-八德,2023-04-27,9813
2887,台新金,10,0,10,元大-八德,2023-04-27,9813
5469,瀚宇博,10,0,10,元大-八德,2023-04-27,9813
00679B,元大美債20年,9,0,9,元大-八德,2023-04-27,9813
2002,中鋼,9,0,9,元大-八德,2023-04-27,9813
1109,信大,9,0,9,元大-八德,2023-04-27,9813
02001L,富邦蘋果正二N,9,0,9,元大-八德,2023-04-27,9813
2449,京元電子,10,1,9,元大-八德,2023-04-27,9813
2609,陽明,14,6,8,元大-八德,2023-04-27,9813
5222,全訊,13,5,8,元大-八德,2023-04-27,9813
2603,長榮,8,1,7,元大-八德,2023-04-27,9813
00642U,期元大S＆P石油,7,0,7,元大-八德,2023-04-27,9813
9907,統一實,10,3,7,元大-八德,2023-04-27,9813
00646,元大S＆P500,6,0,6,元大-八德,2023-04-27,9813
3711,日月光投控,6,0,6,元大-八德,2023-04-27,9813
6697,東捷資訊,6,0,6,元大-八德,2023-04-27,9813
6752,叡揚,8,2,6,元大-八德,2023-04-27,9813
8050,廣積,6,0,6,元大-八德,2023-04-27,9813
2634,漢翔,59,53,6,元大-八德,2023-04-27,9813
2884,玉山金,6,0,6,元大-八德,2023-04-27,9813
02002L,兆豐富櫃200正二N,5,0,5,元大-八德,2023-04-27,9813
020024,兆豐富櫃200N,5,0,5,元大-八德,2023-04-27,9813
00662,富邦NASDAQ,5,0,5,元大-八德,2023-04-27,9813
00922,國泰台灣領袖50,5,0,5,元大-八德,2023-04-27,9813
1316,上曜,5,0,5,元大-八德,2023-04-27,9813
1444,力麗,5,0,5,元大-八德,2023-04-27,9813
2382,廣達,5,0,5,元大-八德,2023-04-27,9813
3324,雙鴻,14,9,5,元大-八德,2023-04-27,9813
3346,麗清,5,0,5,元大-八德,2023-04-27,9813
4503,金雨,5,0,5,元大-八德,2023-04-27,9813
4916,事欣科,5,0,5,元大-八德,2023-04-27,9813
4967,十銓,12,7,5,元大-八德,2023-04-27,9813
4968,立積,5,0,5,元大-八德,2023-04-27,9813
5522,遠雄,6,1,5,元大-八德,2023-04-27,9813
4960,誠美材,5,0,5,元大-八德,2023-04-27,9813
2881,富邦金,100,54,46,元大-八德,2023-04-28,9813
3481,群創,40,0,40,元大-八德,2023-04-28,9813
00680L,元大美債20正2,36,0,36,元大-八德,2023-04-28,9813
6143,振曜,37,2,35,元大-八德,2023-04-28,9813
6570,維田,31,0,31,元大-八德,2023-04-28,9813
6274,台燿,30,0,30,元大-八德,2023-04-28,9813
2457,飛宏,72,42,30,元大-八德,2023-04-28,9813
2880,華南金,26,0,26,元大-八德,2023-04-28,9813
2409,友達,21,0,21,元大-八德,2023-04-28,9813
2887,台新金,20,4,16,元大-八德,2023-04-28,9813
6806,森崴能源,25,10,15,元大-八德,2023-04-28,9813
00892,富邦台灣半導體,15,0,15,元大-八德,2023-04-28,9813
2312,金寶,15,0,15,元大-八德,2023-04-28,9813
2634,漢翔,61,47,14,元大-八德,2023-04-28,9813
1711,永光,14,1,13,元大-八德,2023-04-28,9813
3265,台星科,48,37,11,元大-八德,2023-04-28,9813
5009,榮剛,12,1,11,元大-八德,2023-04-28,9813
4114,健喬,12,1,11,元大-八德,2023-04-28,9813
00687B,國泰20年美債,10,0,10,元大-八德,2023-04-28,9813
2022,聚亨,12,2,10,元大-八德,2023-04-28,9813
3264,欣銓,10,0,10,元大-八德,2023-04-28,9813
6244,茂迪,10,0,10,元大-八德,2023-04-28,9813
8085,福華,9,0,9,元大-八德,2023-04-28,9813
1504,東元,11,2,9,元大-八德,2023-04-28,9813
00720B,元大投資級公司債,8,0,8,元大-八德,2023-04-28,9813
00772B,中信高評級公司債,8,0,8,元大-八德,2023-04-28,9813
2731,雄獅,8,0,8,元大-八德,2023-04-28,9813
3704,合勤控,10,2,8,元大-八德,2023-04-28,9813
4916,事欣科,15,7,8,元大-八德,2023-04-28,9813
6552,易華電,8,0,8,元大-八德,2023-04-28,9813
1609,大亞,8,1,7,元大-八德,2023-04-28,9813
6148,驊宏資,8,1,7,元大-八德,2023-04-28,9813
3231,緯創,22,15,7,元大-八德,2023-04-28,9813
4743,合一,10,4,6,元大-八德,2023-04-28,9813
6863,永道-KY,6,0,6,元大-八德,2023-04-28,9813
1101,台泥,5,0,5,元大-八德,2023-04-28,9813
2337,旺宏,5,0,5,元大-八德,2023-04-28,9813
1444,力麗,5,0,5,元大-八德,2023-04-28,9813
2451,創見,5,0,5,元大-八德,2023-04-28,9813
3152,璟德,5,0,5,元大-八德,2023-04-28,9813
6215,和椿,20,15,5,元大-八德,2023-04-28,9813
6470,宇智,7,2,5,元大-八德,2023-04-28,9813
2449,京元電子,5,0,5,元大-八德,2023-04-28,9813
2344,華邦電,30,26,4,元大-八德,2023-04-28,9813
1310,台苯,5,1,4,元大-八德,2023-04-28,9813
1618,合機,7,3,4,元大-八德,2023-04-28,9813
1795,美時,5,1,4,元大-八德,2023-04-28,9813
2495,普安,13,9,4,元大-八德,2023-04-28,9813
2801,彰銀,6,2,4,元大-八德,2023-04-28,9813
3004,豐達科,11,7,4,元大-八德,2023-04-28,9813
1101,台泥,805,24,781,元大-八德,2023-05-02,9813
1609,大亞,378,21,357,元大-八德,2023-05-02,9813
8085,福華,109,0,109,元大-八德,2023-05-02,9813
6806,森崴能源,126,41,85,元大-八德,2023-05-02,9813
6234,高僑,169,96,73,元大-八德,2023-05-02,9813
2457,飛宏,147,84,63,元大-八德,2023-05-02,9813
00720B,元大投資級公司債,50,10,40,元大-八德,2023-05-02,9813
00772B,中信高評級公司債,45,5,40,元大-八德,2023-05-02,9813
4746,台耀,39,9,30,元大-八德,2023-05-02,9813
5011,久陽,40,10,30,元大-八德,2023-05-02,9813
6589,台康生技,30,2,28,元大-八德,2023-05-02,9813
2603,長榮,31,3,28,元大-八德,2023-05-02,9813
8069,元太,35,8,27,元大-八德,2023-05-02,9813
00680L,元大美債20正2,25,2,23,元大-八德,2023-05-02,9813
2206,三陽工業,45,25,20,元大-八德,2023-05-02,9813
6209,今國光,20,0,20,元大-八德,2023-05-02,9813
6689,伊雲谷,20,0,20,元大-八德,2023-05-02,9813
1721,三晃,20,5,15,元大-八德,2023-05-02,9813
2031,新光鋼,15,0,15,元大-八德,2023-05-02,9813
2634,漢翔,21,7,14,元大-八德,2023-05-02,9813
3289,宜特,17,4,13,元大-八德,2023-05-02,9813
2022,聚亨,15,2,13,元大-八德,2023-05-02,9813
6133,金橋,13,0,13,元大-八德,2023-05-02,9813
2617,台航,14,4,10,元大-八德,2023-05-02,9813
00662,富邦NASDAQ,10,0,10,元大-八德,2023-05-02,9813
00646,元大S＆P500,10,0,10,元大-八德,2023-05-02,9813
2387,精元,10,0,10,元大-八德,2023-05-02,9813
2812,台中銀,10,0,10,元大-八德,2023-05-02,9813
3312,弘憶股,10,0,10,元大-八德,2023-05-02,9813
6570,維田,10,0,10,元大-八德,2023-05-02,9813
6578,達邦蛋白,10,0,10,元大-八德,2023-05-02,9813
8163,達方,10,0,10,元大-八德,2023-05-02,9813
1513,中興電,74,65,9,元大-八德,2023-05-02,9813
2615,萬海,11,2,9,元大-八德,2023-05-02,9813
00773B,中信優先金融債,9,0,9,元大-八德,2023-05-02,9813
4916,事欣科,16,7,9,元大-八德,2023-05-02,9813
1504,東元,14,6,8,元大-八德,2023-05-02,9813
00712,復華富時不動產,8,0,8,元大-八德,2023-05-02,9813
3363,上詮,48,40,8,元大-八德,2023-05-02,9813
6603,富強鑫,8,0,8,元大-八德,2023-05-02,9813
8403,盛弘,18,11,7,元大-八德,2023-05-02,9813
00753L,中信中國50正2,7,0,7,元大-八德,2023-05-02,9813
00632R,元大台灣50反1,6,0,6,元大-八德,2023-05-02,9813
3051,力特,6,0,6,元大-八德,2023-05-02,9813
4736,泰博,6,0,6,元大-八德,2023-05-02,9813
2609,陽明,13,8,5,元大-八德,2023-05-02,9813
2344,華邦電,6,1,5,元大-八德,2023-05-02,9813
3224,三顧,5,0,5,元大-八德,2023-05-02,9813
6143,振曜,6,1,5,元大-八德,2023-05-02,9813
6843,進典,5,0,5,元大-八德,2023-05-02,9813
00669R,國泰美國道瓊反1,99,0,99,元大-八德,2023-05-03,9813
6806,森崴能源,83,2,81,元大-八德,2023-05-03,9813
00642U,期元大S＆P石油,62,0,62,元大-八德,2023-05-03,9813
1721,三晃,65,3,62,元大-八德,2023-05-03,9813
00637L,元大滬深300正2,61,0,61,元大-八德,2023-05-03,9813
3481,群創,69,12,57,元大-八德,2023-05-03,9813
2603,長榮,31,4,27,元大-八德,2023-05-03,9813
8271,宇瞻,27,0,27,元大-八德,2023-05-03,9813
00712,復華富時不動產,25,0,25,元大-八德,2023-05-03,9813
3231,緯創,37,12,25,元大-八德,2023-05-03,9813
5009,榮剛,29,8,21,元大-八德,2023-05-03,9813
8069,元太,25,6,19,元大-八德,2023-05-03,9813
3294,英濟,16,0,16,元大-八德,2023-05-03,9813
2371,大同,18,3,15,元大-八德,2023-05-03,9813
2206,三陽工業,30,16,14,元大-八德,2023-05-03,9813
5351,鈺創,15,1,14,元大-八德,2023-05-03,9813
6790,永豐實,14,0,14,元大-八德,2023-05-03,9813
00878,國泰永續高股息,18,5,13,元大-八德,2023-05-03,9813
2002,中鋼,17,5,12,元大-八德,2023-05-03,9813
3006,晶豪科,12,0,12,元大-八德,2023-05-03,9813
00715L,期街口布蘭特正2,10,0,10,元大-八德,2023-05-03,9813
4102,永日,10,0,10,元大-八德,2023-05-03,9813
6570,維田,10,0,10,元大-八德,2023-05-03,9813
1711,永光,12,3,9,元大-八德,2023-05-03,9813
3051,力特,8,0,8,元大-八德,2023-05-03,9813
2609,陽明,12,5,7,元大-八德,2023-05-03,9813
6625,必應,9,2,7,元大-八德,2023-05-03,9813
2645,長榮航太,52,45,7,元大-八德,2023-05-03,9813
00662,富邦NASDAQ,7,0,7,元大-八德,2023-05-03,9813
5512,力麒,10,3,7,元大-八德,2023-05-03,9813
6185,幃翔,7,0,7,元大-八德,2023-05-03,9813
0050,元大台灣50,6,0,6,元大-八德,2023-05-03,9813
4743,合一,7,1,6,元大-八德,2023-05-03,9813
00753L,中信中國50正2,6,0,6,元大-八德,2023-05-03,9813
2495,普安,6,0,6,元大-八德,2023-05-03,9813
6278,台表科,7,1,6,元大-八德,2023-05-03,9813
2409,友達,6,0,6,元大-八德,2023-05-03,9813
0056,元大高股息,9,4,5,元大-八德,2023-05-03,9813
020035,元大上櫃ESG高息N,5,0,5,元大-八德,2023-05-03,9813
1444,力麗,5,0,5,元大-八德,2023-05-03,9813
2367,燿華,5,0,5,元大-八德,2023-05-03,9813
2845,遠東銀,5,0,5,元大-八德,2023-05-03,9813
2892,第一金,5,0,5,元大-八德,2023-05-03,9813
3035,智原,26,21,5,元大-八德,2023-05-03,9813
3078,僑威,8,3,5,元大-八德,2023-05-03,9813
4121,優盛,6,1,5,元大-八德,2023-05-03,9813
00665L,富邦�琤肭磪囓�2,19,15,4,元大-八德,2023-05-03,9813
00772B,中信高評級公司債,4,0,4,元大-八德,2023-05-03,9813
2022,聚亨,5,1,4,元大-八德,2023-05-03,9813
2337,旺宏,4,0,4,元大-八德,2023-05-03,9813
00715L,期街口布蘭特正2,273,0,273,元大-八德,2023-05-04,9813
3071,協禧,103,0,103,元大-八德,2023-05-04,9813
1104,環泥,101,0,101,元大-八德,2023-05-04,9813
1409,新纖,60,0,60,元大-八德,2023-05-04,9813
2834,臺企銀,50,0,50,元大-八德,2023-05-04,9813
00712,復華富時不動產,36,0,36,元大-八德,2023-05-04,9813
4746,台耀,38,3,35,元大-八德,2023-05-04,9813
00642U,期元大S＆P石油,32,0,32,元大-八德,2023-05-04,9813
1467,南緯,30,0,30,元大-八德,2023-05-04,9813
5351,鈺創,29,1,28,元大-八德,2023-05-04,9813
2201,裕隆,27,2,25,元大-八德,2023-05-04,9813
00924,復華S＆P500成長,23,0,23,元大-八德,2023-05-04,9813
2353,宏��,21,0,21,元大-八德,2023-05-04,9813
2609,陽明,19,2,17,元大-八德,2023-05-04,9813
00878,國泰永續高股息,18,1,17,元大-八德,2023-05-04,9813
4967,十銓,24,9,15,元大-八德,2023-05-04,9813
00772B,中信高評級公司債,13,0,13,元大-八德,2023-05-04,9813
6443,元晶,15,2,13,元大-八德,2023-05-04,9813
3231,緯創,49,37,12,元大-八德,2023-05-04,9813
8112,至上,11,0,11,元大-八德,2023-05-04,9813
1584,精剛,11,0,11,元大-八德,2023-05-04,9813
1795,美時,26,15,11,元大-八德,2023-05-04,9813
00662,富邦NASDAQ,10,0,10,元大-八德,2023-05-04,9813
2314,台揚,10,0,10,元大-八德,2023-05-04,9813
2368,金像電,25,15,10,元大-八德,2023-05-04,9813
3078,僑威,15,5,10,元大-八德,2023-05-04,9813
3324,雙鴻,28,18,10,元大-八德,2023-05-04,9813
6104,創惟,10,0,10,元大-八德,2023-05-04,9813
6412,群電,10,0,10,元大-八德,2023-05-04,9813
6689,伊雲谷,10,0,10,元大-八德,2023-05-04,9813
00902,中信電池及儲能,9,0,9,元大-八德,2023-05-04,9813
4961,天鈺,9,0,9,元大-八德,2023-05-04,9813
6129,普誠,9,0,9,元大-八德,2023-05-04,9813
6747,亨泰光,10,1,9,元大-八德,2023-05-04,9813
3715,定穎投控,8,0,8,元大-八德,2023-05-04,9813
020023,元大櫃買半導體N,8,0,8,元大-八德,2023-05-04,9813
4744,皇將,22,14,8,元大-八德,2023-05-04,9813
4977,眾達-KY,8,0,8,元大-八德,2023-05-04,9813
6570,維田,8,0,8,元大-八德,2023-05-04,9813
2634,漢翔,9,2,7,元大-八德,2023-05-04,9813
00631L,元大台灣50正2,6,0,6,元大-八德,2023-05-04,9813
00751B,元大AAA至A公司債,6,0,6,元大-八德,2023-05-04,9813
2303,聯電,8,2,6,元大-八德,2023-05-04,9813
2610,華航,6,0,6,元大-八德,2023-05-04,9813
3276,宇環,20,14,6,元大-八德,2023-05-04,9813
4123,晟德,11,5,6,元大-八德,2023-05-04,9813
6016,康和證,6,0,6,元大-八德,2023-05-04,9813
6244,茂迪,12,6,6,元大-八德,2023-05-04,9813
2409,友達,6,0,6,元大-八德,2023-05-04,9813
2603,長榮,8,3,5,元大-八德,2023-05-04,9813
00715L,期街口布蘭特正2,217,0,217,元大-八德,2023-05-05,9813
5469,瀚宇博,164,9,155,元大-八德,2023-05-05,9813
2457,飛宏,48,15,33,元大-八德,2023-05-05,9813
00720B,元大投資級公司債,28,0,28,元大-八德,2023-05-05,9813
00712,復華富時不動產,28,3,25,元大-八德,2023-05-05,9813
6148,驊宏資,40,16,24,元大-八德,2023-05-05,9813
1101,台泥,20,1,19,元大-八德,2023-05-05,9813
2609,陽明,22,3,19,元大-八德,2023-05-05,9813
4129,聯合,22,3,19,元大-八德,2023-05-05,9813
4909,新復興,21,2,19,元大-八德,2023-05-05,9813
2820,華票,18,0,18,元大-八德,2023-05-05,9813
2603,長榮,24,6,18,元大-八德,2023-05-05,9813
2353,宏��,22,4,18,元大-八德,2023-05-05,9813
00905,FT臺灣Smart,17,0,17,元大-八德,2023-05-05,9813
3324,雙鴻,36,19,17,元大-八德,2023-05-05,9813
8069,元太,16,0,16,元大-八德,2023-05-05,9813
4968,立積,18,2,16,元大-八德,2023-05-05,9813
00679B,元大美債20年,16,1,15,元大-八德,2023-05-05,9813
6104,創惟,15,0,15,元大-八德,2023-05-05,9813
2206,三陽工業,20,6,14,元大-八德,2023-05-05,9813
1734,杏輝,15,3,12,元大-八德,2023-05-05,9813
00878,國泰永續高股息,13,2,11,元大-八德,2023-05-05,9813
5222,全訊,13,2,11,元大-八德,2023-05-05,9813
3712,永崴投控,10,0,10,元大-八德,2023-05-05,9813
2201,裕隆,10,0,10,元大-八德,2023-05-05,9813
2890,永豐金,10,0,10,元大-八德,2023-05-05,9813
3002,歐格,10,0,10,元大-八德,2023-05-05,9813
3078,僑威,11,1,10,元大-八德,2023-05-05,9813
3081,聯亞,10,0,10,元大-八德,2023-05-05,9813
6244,茂迪,19,9,10,元大-八德,2023-05-05,9813
6747,亨泰光,10,0,10,元大-八德,2023-05-05,9813
1605,華新,16,6,10,元大-八德,2023-05-05,9813
00772B,中信高評級公司債,9,0,9,元大-八德,2023-05-05,9813
4123,晟德,9,0,9,元大-八德,2023-05-05,9813
2610,華航,13,5,8,元大-八德,2023-05-05,9813
3673,TPK-KY,9,1,8,元大-八德,2023-05-05,9813
6125,廣運,9,1,8,元大-八德,2023-05-05,9813
1783,和康生,10,3,7,元大-八德,2023-05-05,9813
00924,復華S＆P500成長,7,0,7,元大-八德,2023-05-05,9813
00751B,元大AAA至A公司債,7,0,7,元大-八德,2023-05-05,9813
1309,台達化,7,0,7,元大-八德,2023-05-05,9813
1795,美時,13,6,7,元大-八德,2023-05-05,9813
00687B,國泰20年美債,6,0,6,元大-八德,2023-05-05,9813
3005,神基,25,19,6,元大-八德,2023-05-05,9813
6741,91APP*-KY,10,4,6,元大-八德,2023-05-05,9813
9103,美德醫療-DR,6,0,6,元大-八德,2023-05-05,9813
1504,東元,16,11,5,元大-八德,2023-05-05,9813
00771,元大US高息特別股,5,0,5,元大-八德,2023-05-05,9813
2634,漢翔,31,26,5,元大-八德,2023-05-05,9813
00642U,期元大S＆P石油,5,0,5,元大-八德,2023-05-05,9813
6173,信昌電,135,22,113,元大-八德,2023-05-08,9813
9939,宏全,100,1,99,元大-八德,2023-05-08,9813
1605,華新,62,7,55,元大-八德,2023-05-08,9813
4743,合一,53,11,42,元大-八德,2023-05-08,9813
00720B,元大投資級公司債,39,0,39,元大-八德,2023-05-08,9813
3715,定穎投控,44,8,36,元大-八德,2023-05-08,9813
6443,元晶,41,7,34,元大-八德,2023-05-08,9813
2457,飛宏,44,12,32,元大-八德,2023-05-08,9813
2883,凱基金,54,24,30,元大-八德,2023-05-08,9813
3481,群創,30,0,30,元大-八德,2023-05-08,9813
1513,中興電,38,8,30,元大-八德,2023-05-08,9813
2887,台新金,34,9,25,元大-八德,2023-05-08,9813
6125,廣運,30,9,21,元大-八德,2023-05-08,9813
2897,王道銀行,17,0,17,元大-八德,2023-05-08,9813
1101,台泥,29,12,17,元大-八德,2023-05-08,9813
6550,北極星藥業-KY,20,4,16,元大-八德,2023-05-08,9813
2610,華航,17,2,15,元大-八德,2023-05-08,9813
2820,華票,15,0,15,元大-八德,2023-05-08,9813
6248,沛波,15,0,15,元大-八德,2023-05-08,9813
8936,國統,15,0,15,元大-八德,2023-05-08,9813
3022,威強電,13,0,13,元大-八德,2023-05-08,9813
2888,新光金,13,1,12,元大-八德,2023-05-08,9813
1618,合機,20,8,12,元大-八德,2023-05-08,9813
2206,三陽工業,16,4,12,元大-八德,2023-05-08,9813
6712,長聖,11,0,11,元大-八德,2023-05-08,9813
6205,詮欣,11,0,11,元大-八德,2023-05-08,9813
1795,美時,15,5,10,元大-八德,2023-05-08,9813
2618,長榮航,12,2,10,元大-八德,2023-05-08,9813
00751B,元大AAA至A公司債,10,0,10,元大-八德,2023-05-08,9813
1524,耿鼎,10,0,10,元大-八德,2023-05-08,9813
2358,廷鑫,10,0,10,元大-八德,2023-05-08,9813
2845,遠東銀,10,0,10,元大-八德,2023-05-08,9813
3704,合勤控,10,0,10,元大-八德,2023-05-08,9813
6446,藥華藥,10,0,10,元大-八德,2023-05-08,9813
6570,維田,10,0,10,元大-八德,2023-05-08,9813
6747,亨泰光,10,0,10,元大-八德,2023-05-08,9813
8097,常珵,10,0,10,元大-八德,2023-05-08,9813
2891,中信金,10,1,9,元大-八德,2023-05-08,9813
1314,中石化,8,0,8,元大-八德,2023-05-08,9813
00725B,國泰投資級公司債,9,1,8,元大-八德,2023-05-08,9813
3035,智原,28,20,8,元大-八德,2023-05-08,9813
6209,今國光,8,0,8,元大-八德,2023-05-08,9813
6603,富強鑫,8,0,8,元大-八德,2023-05-08,9813
6873,泓德能源,10,2,8,元大-八德,2023-05-08,9813
6592,和潤企業,7,0,7,元大-八德,2023-05-08,9813
4744,皇將,12,5,7,元大-八德,2023-05-08,9813
6005,群益證,12,5,7,元大-八德,2023-05-08,9813
3078,僑威,6,0,6,元大-八德,2023-05-08,9813
6016,康和證,6,0,6,元大-八德,2023-05-08,9813
4173,久裕,5,0,5,元大-八德,2023-05-08,9813
00680L,元大美債20正2,560,15,545,元大-八德,2023-05-09,9813
00687B,國泰20年美債,527,0,527,元大-八德,2023-05-09,9813
00882,中信中國高股息,150,5,145,元大-八德,2023-05-09,9813
00665L,富邦�琤肭磪囓�2,111,0,111,元大-八德,2023-05-09,9813
2206,三陽工業,79,8,71,元大-八德,2023-05-09,9813
00720B,元大投資級公司債,56,0,56,元大-八德,2023-05-09,9813
6205,詮欣,52,0,52,元大-八德,2023-05-09,9813
00751B,元大AAA至A公司債,40,0,40,元大-八德,2023-05-09,9813
6136,富爾特,32,0,32,元大-八德,2023-05-09,9813
3294,英濟,31,0,31,元大-八德,2023-05-09,9813
1101,台泥,26,0,26,元大-八德,2023-05-09,9813
2634,漢翔,45,19,26,元大-八德,2023-05-09,9813
2376,技嘉,34,8,26,元大-八德,2023-05-09,9813
6244,茂迪,24,1,23,元大-八德,2023-05-09,9813
6570,維田,23,1,22,元大-八德,2023-05-09,9813
2359,所羅門,21,0,21,元大-八德,2023-05-09,9813
3374,精材,20,0,20,元大-八德,2023-05-09,9813
6239,力成,20,0,20,元大-八德,2023-05-09,9813
5465,富驊,24,5,19,元大-八德,2023-05-09,9813
1444,力麗,17,0,17,元大-八德,2023-05-09,9813
2913,農林,19,3,16,元大-八德,2023-05-09,9813
1605,華新,19,4,15,元大-八德,2023-05-09,9813
6245,立端,15,0,15,元大-八德,2023-05-09,9813
2313,華通,13,0,13,元大-八德,2023-05-09,9813
3702,大聯大,12,0,12,元大-八德,2023-05-09,9813
1904,正隆,14,2,12,元大-八德,2023-05-09,9813
3715,定穎投控,16,5,11,元大-八德,2023-05-09,9813
6790,永豐實,11,0,11,元大-八德,2023-05-09,9813
8234,新漢,10,0,10,元大-八德,2023-05-09,9813
020034,元大IC設計N,10,0,10,元大-八德,2023-05-09,9813
00632R,元大台灣50反1,10,0,10,元大-八德,2023-05-09,9813
1457,宜進,10,0,10,元大-八德,2023-05-09,9813
1477,聚陽,10,0,10,元大-八德,2023-05-09,9813
00725B,國泰投資級公司債,10,0,10,元大-八德,2023-05-09,9813
8926,台汽電,11,1,10,元大-八德,2023-05-09,9813
4743,合一,25,16,9,元大-八德,2023-05-09,9813
2303,聯電,11,2,9,元大-八德,2023-05-09,9813
3594,磐儀,9,0,9,元大-八德,2023-05-09,9813
3673,TPK-KY,16,7,9,元大-八德,2023-05-09,9813
1905,華紙,50,42,8,元大-八德,2023-05-09,9813
00772B,中信高評級公司債,8,0,8,元大-八德,2023-05-09,9813
1314,中石化,8,0,8,元大-八德,2023-05-09,9813
3324,雙鴻,31,23,8,元大-八德,2023-05-09,9813
3484,崧騰,11,3,8,元大-八德,2023-05-09,9813
6024,群益期,8,0,8,元大-八德,2023-05-09,9813
3041,揚智,7,0,7,元大-八德,2023-05-09,9813
6741,91APP*-KY,15,8,7,元大-八德,2023-05-09,9813
2344,華邦電,17,11,6,元大-八德,2023-05-09,9813
00712,復華富時不動產,6,0,6,元大-八德,2023-05-09,9813
1341,富林-KY,6,0,6,元大-八德,2023-05-09,9813
1616,億泰,128,0,128,元大-八德,2023-05-10,9813
00680L,元大美債20正2,126,10,116,元大-八德,2023-05-10,9813
00637L,元大滬深300正2,84,0,84,元大-八德,2023-05-10,9813
4979,華星光,92,10,82,元大-八德,2023-05-10,9813
6191,精成科,82,15,67,元大-八德,2023-05-10,9813
3693,營邦,43,12,31,元大-八德,2023-05-10,9813
3046,建��,40,10,30,元大-八德,2023-05-10,9813
6282,康舒,34,8,26,元大-八德,2023-05-10,9813
00720B,元大投資級公司債,24,0,24,元大-八德,2023-05-10,9813
00713,元大台灣高息低波,22,0,22,元大-八德,2023-05-10,9813
6235,華孚,22,1,21,元大-八德,2023-05-10,9813
00882,中信中國高股息,20,0,20,元大-八德,2023-05-10,9813
1102,亞泥,20,0,20,元大-八德,2023-05-10,9813
4707,磐亞,20,0,20,元大-八德,2023-05-10,9813
00687B,國泰20年美債,16,0,16,元大-八德,2023-05-10,9813
2880,華南金,16,0,16,元大-八德,2023-05-10,9813
4104,佳醫,16,0,16,元大-八德,2023-05-10,9813
02002L,兆豐富櫃200正二N,15,0,15,元大-八德,2023-05-10,9813
2421,建準,28,13,15,元大-八德,2023-05-10,9813
3014,聯陽,15,0,15,元大-八德,2023-05-10,9813
6747,亨泰光,14,0,14,元大-八德,2023-05-10,9813
00631L,元大台灣50正2,14,0,14,元大-八德,2023-05-10,9813
1314,中石化,13,0,13,元大-八德,2023-05-10,9813
4915,致伸,18,6,12,元大-八德,2023-05-10,9813
00679B,元大美債20年,11,0,11,元大-八德,2023-05-10,9813
2882,國泰金,11,0,11,元大-八德,2023-05-10,9813
3479,安勤,13,3,10,元大-八德,2023-05-10,9813
6245,立端,10,2,8,元大-八德,2023-05-10,9813
2002,中鋼,8,0,8,元大-八德,2023-05-10,9813
3013,晟銘電,11,3,8,元大-八德,2023-05-10,9813
2206,三陽工業,12,4,8,元大-八德,2023-05-10,9813
2376,技嘉,11,4,7,元大-八德,2023-05-10,9813
3044,健鼎,7,0,7,元大-八德,2023-05-10,9813
3673,TPK-KY,7,0,7,元大-八德,2023-05-10,9813
2337,旺宏,6,0,6,元大-八德,2023-05-10,9813
00753L,中信中國50正2,6,0,6,元大-八德,2023-05-10,9813
1609,大亞,14,8,6,元大-八德,2023-05-10,9813
3041,揚智,6,0,6,元大-八德,2023-05-10,9813
3346,麗清,6,0,6,元大-八德,2023-05-10,9813
020023,元大櫃買半導體N,5,0,5,元大-八德,2023-05-10,9813
00892,富邦台灣半導體,5,0,5,元大-八德,2023-05-10,9813
1457,宜進,5,0,5,元大-八德,2023-05-10,9813
1477,聚陽,5,0,5,元大-八德,2023-05-10,9813
1721,三晃,5,0,5,元大-八德,2023-05-10,9813
2358,廷鑫,5,0,5,元大-八德,2023-05-10,9813
2383,台光電,5,0,5,元大-八德,2023-05-10,9813
2845,遠東銀,5,0,5,元大-八德,2023-05-10,9813
3030,德律,5,0,5,元大-八德,2023-05-10,9813
3202,樺晟,7,2,5,元大-八德,2023-05-10,9813
3294,英濟,5,0,5,元大-八德,2023-05-10,9813
00664R,國泰臺灣加權反1,190,0,190,元大-八德,2023-05-11,9813
6116,彩晶,150,1,149,元大-八德,2023-05-11,9813
6191,精成科,75,3,72,元大-八德,2023-05-11,9813
02002L,兆豐富櫃200正二N,55,0,55,元大-八德,2023-05-11,9813
00637L,元大滬深300正2,51,0,51,元大-八德,2023-05-11,9813
2881,富邦金,50,0,50,元大-八德,2023-05-11,9813
6136,富爾特,56,6,50,元大-八德,2023-05-11,9813
4958,臻鼎-KY,38,1,37,元大-八德,2023-05-11,9813
1609,大亞,37,0,37,元大-八德,2023-05-11,9813
9945,潤泰新,38,1,37,元大-八德,2023-05-11,9813
3481,群創,35,0,35,元大-八德,2023-05-11,9813
6589,台康生技,35,1,34,元大-八德,2023-05-11,9813
1460,宏遠,30,0,30,元大-八德,2023-05-11,9813
8358,金居,30,0,30,元大-八德,2023-05-11,9813
2610,華航,24,0,24,元大-八德,2023-05-11,9813
2363,矽統,22,0,22,元大-八德,2023-05-11,9813
00687B,國泰20年美債,21,0,21,元大-八德,2023-05-11,9813
4747,強生,22,2,20,元大-八德,2023-05-11,9813
00679B,元大美債20年,71,52,19,元大-八德,2023-05-11,9813
1584,精剛,23,5,18,元大-八德,2023-05-11,9813
2913,農林,17,0,17,元大-八德,2023-05-11,9813
1477,聚陽,15,0,15,元大-八德,2023-05-11,9813
2536,宏普,15,0,15,元大-八德,2023-05-11,9813
4306,炎洲,14,0,14,元大-八德,2023-05-11,9813
00878,國泰永續高股息,13,0,13,元大-八德,2023-05-11,9813
4979,華星光,19,6,13,元大-八德,2023-05-11,9813
6282,康舒,19,6,13,元大-八德,2023-05-11,9813
00900,富邦特選高股息30,12,0,12,元大-八德,2023-05-11,9813
0056,元大高股息,12,0,12,元大-八德,2023-05-11,9813
3105,穩懋,11,0,11,元大-八德,2023-05-11,9813
2359,所羅門,16,5,11,元大-八德,2023-05-11,9813
2393,億光,12,1,11,元大-八德,2023-05-11,9813
6278,台表科,13,2,11,元大-八德,2023-05-11,9813
8088,品安,12,1,11,元大-八德,2023-05-11,9813
6411,晶焱,10,0,10,元大-八德,2023-05-11,9813
00715L,期街口布蘭特正2,10,0,10,元大-八德,2023-05-11,9813
020023,元大櫃買半導體N,10,0,10,元大-八德,2023-05-11,9813
00905,FT臺灣Smart,10,0,10,元大-八德,2023-05-11,9813
1457,宜進,10,0,10,元大-八德,2023-05-11,9813
2358,廷鑫,10,0,10,元大-八德,2023-05-11,9813
2399,映泰,10,0,10,元大-八德,2023-05-11,9813
3230,錦明,15,5,10,元大-八德,2023-05-11,9813
3693,營邦,36,26,10,元大-八德,2023-05-11,9813
5475,德宏,10,0,10,元大-八德,2023-05-11,9813
6235,華孚,25,15,10,元大-八德,2023-05-11,9813
1810,和成,10,0,10,元大-八德,2023-05-11,9813
2618,長榮航,13,3,10,元大-八德,2023-05-11,9813
8926,台汽電,10,0,10,元大-八德,2023-05-11,9813
3013,晟銘電,9,0,9,元大-八德,2023-05-11,9813
2201,裕隆,9,0,9,元大-八德,2023-05-11,9813
2610,華航,163,0,163,元大-八德,2023-05-12,9813
1721,三晃,69,0,69,元大-八德,2023-05-12,9813
6191,精成科,66,2,64,元大-八德,2023-05-12,9813
00637L,元大滬深300正2,63,0,63,元大-八德,2023-05-12,9813
2312,金寶,58,0,58,元大-八德,2023-05-12,9813
3290,東浦,50,0,50,元大-八德,2023-05-12,9813
2457,飛宏,87,39,48,元大-八德,2023-05-12,9813
2421,建準,42,4,38,元大-八德,2023-05-12,9813
6148,驊宏資,32,1,31,元大-八德,2023-05-12,9813
2883,凱基金,34,4,30,元大-八德,2023-05-12,9813
9945,潤泰新,25,0,25,元大-八德,2023-05-12,9813
3481,群創,25,0,25,元大-八德,2023-05-12,9813
2888,新光金,23,0,23,元大-八德,2023-05-12,9813
00715L,期街口布蘭特正2,24,3,21,元大-八德,2023-05-12,9813
1519,華城,30,9,21,元大-八德,2023-05-12,9813
1727,中華化,30,10,20,元大-八德,2023-05-12,9813
4175,杏一,21,1,20,元大-八德,2023-05-12,9813
4147,中裕,21,3,18,元大-八德,2023-05-12,9813
1101,台泥,15,0,15,元大-八德,2023-05-12,9813
00878,國泰永續高股息,21,7,14,元大-八德,2023-05-12,9813
9907,統一實,14,0,14,元大-八德,2023-05-12,9813
00882,中信中國高股息,13,1,12,元大-八德,2023-05-12,9813
4743,合一,11,1,10,元大-八德,2023-05-12,9813
6285,啟��,13,3,10,元大-八德,2023-05-12,9813
020024,兆豐富櫃200N,10,0,10,元大-八德,2023-05-12,9813
00665L,富邦�琤肭磪囓�2,10,0,10,元大-八德,2023-05-12,9813
1605,華新,13,3,10,元大-八德,2023-05-12,9813
2504,國產,10,0,10,元大-八德,2023-05-12,9813
2891,中信金,10,0,10,元大-八德,2023-05-12,9813
00642U,期元大S＆P石油,9,0,9,元大-八德,2023-05-12,9813
8255,朋程,9,0,9,元大-八德,2023-05-12,9813
00888,永豐台灣ESG,8,0,8,元大-八德,2023-05-12,9813
3037,欣興,36,28,8,元大-八德,2023-05-12,9813
2002,中鋼,7,0,7,元大-八德,2023-05-12,9813
5439,高技,11,4,7,元大-八德,2023-05-12,9813
2412,中華電,6,0,6,元大-八德,2023-05-12,9813
1314,中石化,6,0,6,元大-八德,2023-05-12,9813
3682,亞太電,6,0,6,元大-八德,2023-05-12,9813
2308,台達電,5,0,5,元大-八德,2023-05-12,9813
2606,裕民,5,0,5,元大-八德,2023-05-12,9813
02002L,兆豐富櫃200正二N,5,0,5,元大-八德,2023-05-12,9813
00896,中信綠能及電動車,5,0,5,元大-八德,2023-05-12,9813
2358,廷鑫,5,0,5,元大-八德,2023-05-12,9813
2368,金像電,7,2,5,元大-八德,2023-05-12,9813
2428,興勤,5,0,5,元大-八德,2023-05-12,9813
3653,健策,5,0,5,元大-八德,2023-05-12,9813
3714,富采,5,0,5,元大-八德,2023-05-12,9813
6241,易通展,5,0,5,元大-八德,2023-05-12,9813
9938,百和,5,0,5,元大-八德,2023-05-12,9813
8046,南電,5,0,5,元大-八德,2023-05-12,9813
00669R,國泰美國道瓊反1,99,0,99,元大-八德,2023-05-15,9813
2376,技嘉,78,25,53,元大-八德,2023-05-15,9813
5905,南仁湖,100,50,50,元大-八德,2023-05-15,9813
6122,擎邦,51,1,50,元大-八德,2023-05-15,9813
1725,元禎,40,0,40,元大-八德,2023-05-15,9813
2618,長榮航,52,13,39,元大-八德,2023-05-15,9813
1513,中興電,40,1,39,元大-八德,2023-05-15,9813
3105,穩懋,39,2,37,元大-八德,2023-05-15,9813
3024,憶聲,30,0,30,元大-八德,2023-05-15,9813
3078,僑威,29,3,26,元大-八德,2023-05-15,9813
3290,東浦,25,0,25,元大-八德,2023-05-15,9813
2603,長榮,30,6,24,元大-八德,2023-05-15,9813
2393,億光,24,0,24,元大-八德,2023-05-15,9813
00637L,元大滬深300正2,22,0,22,元大-八德,2023-05-15,9813
4306,炎洲,22,0,22,元大-八德,2023-05-15,9813
2317,鴻海,20,0,20,元大-八德,2023-05-15,9813
1227,佳格,20,0,20,元大-八德,2023-05-15,9813
2355,敬鵬,20,0,20,元大-八德,2023-05-15,9813
2303,聯電,36,20,16,元大-八德,2023-05-15,9813
1504,東元,22,6,16,元大-八德,2023-05-15,9813
020026,兆豐上櫃ESG電菁N,15,0,15,元大-八德,2023-05-15,9813
0056,元大高股息,15,0,15,元大-八德,2023-05-15,9813
3346,麗清,15,0,15,元大-八德,2023-05-15,9813
00888,永豐台灣ESG,14,0,14,元大-八德,2023-05-15,9813
00680L,元大美債20正2,13,0,13,元大-八德,2023-05-15,9813
2609,陽明,20,7,13,元大-八德,2023-05-15,9813
00900,富邦特選高股息30,12,0,12,元大-八德,2023-05-15,9813
3231,緯創,31,19,12,元大-八德,2023-05-15,9813
1101,台泥,12,1,11,元大-八德,2023-05-15,9813
00715L,期街口布蘭特正2,21,10,11,元大-八德,2023-05-15,9813
3041,揚智,11,0,11,元大-八德,2023-05-15,9813
4743,合一,12,1,11,元大-八德,2023-05-15,9813
00720B,元大投資級公司債,13,2,11,元大-八德,2023-05-15,9813
00882,中信中國高股息,10,0,10,元大-八德,2023-05-15,9813
1337,再生-KY,13,3,10,元大-八德,2023-05-15,9813
2332,友訊,12,2,10,元大-八德,2023-05-15,9813
3052,夆典,10,0,10,元大-八德,2023-05-15,9813
4979,華星光,11,1,10,元大-八德,2023-05-15,9813
6829,千附精密,12,2,10,元大-八德,2023-05-15,9813
6148,驊宏資,11,2,9,元大-八德,2023-05-15,9813
020024,兆豐富櫃200N,9,0,9,元大-八德,2023-05-15,9813
2331,精英,9,0,9,元大-八德,2023-05-15,9813
8085,福華,9,0,9,元大-八德,2023-05-15,9813
2889,國票金,8,0,8,元大-八德,2023-05-15,9813
6194,育富,8,0,8,元大-八德,2023-05-15,9813
8433,弘帆,8,0,8,元大-八德,2023-05-15,9813
4961,天鈺,7,0,7,元大-八德,2023-05-15,9813
00712,復華富時不動產,7,0,7,元大-八德,2023-05-15,9813
5871,中租-KY,7,0,7,元大-八德,2023-05-15,9813
3703,欣陸,7,0,7,元大-八德,2023-05-15,9813
00680L,元大美債20正2,887,5,882,元大-八德,2023-05-16,9813
2618,長榮航,310,46,264,元大-八德,2023-05-16,9813
00632R,元大台灣50反1,210,0,210,元大-八德,2023-05-16,9813
3017,奇鋐,183,3,180,元大-八德,2023-05-16,9813
00720B,元大投資級公司債,92,0,92,元大-八德,2023-05-16,9813
3324,雙鴻,86,4,82,元大-八德,2023-05-16,9813
00751B,元大AAA至A公司債,76,0,76,元大-八德,2023-05-16,9813
6112,邁達特,52,0,52,元大-八德,2023-05-16,9813
1725,元禎,51,0,51,元大-八德,2023-05-16,9813
00687B,國泰20年美債,33,0,33,元大-八德,2023-05-16,9813
3037,欣興,60,28,32,元大-八德,2023-05-16,9813
3006,晶豪科,53,23,30,元大-八德,2023-05-16,9813
6712,長聖,26,0,26,元大-八德,2023-05-16,9813
2457,飛宏,26,5,21,元大-八德,2023-05-16,9813
00882,中信中國高股息,18,0,18,元大-八德,2023-05-16,9813
3294,英濟,18,0,18,元大-八德,2023-05-16,9813
4306,炎洲,16,0,16,元大-八德,2023-05-16,9813
2312,金寶,15,0,15,元大-八德,2023-05-16,9813
00892,富邦台灣半導體,12,0,12,元大-八德,2023-05-16,9813
2393,億光,12,0,12,元大-八德,2023-05-16,9813
2337,旺宏,11,0,11,元大-八德,2023-05-16,9813
2344,華邦電,16,5,11,元大-八德,2023-05-16,9813
5483,中美晶,11,0,11,元大-八德,2023-05-16,9813
6235,華孚,19,8,11,元大-八德,2023-05-16,9813
6770,力積電,10,0,10,元大-八德,2023-05-16,9813
1109,信大,10,0,10,元大-八德,2023-05-16,9813
00665L,富邦�琤肭磪囓�2,10,0,10,元大-八德,2023-05-16,9813
00900,富邦特選高股息30,10,0,10,元大-八德,2023-05-16,9813
1477,聚陽,10,0,10,元大-八德,2023-05-16,9813
1709,和益,10,0,10,元大-八德,2023-05-16,9813
2323,中環,10,0,10,元大-八德,2023-05-16,9813
3016,嘉晶,10,0,10,元大-八德,2023-05-16,9813
9907,統一實,10,0,10,元大-八德,2023-05-16,9813
1905,華紙,13,3,10,元大-八德,2023-05-16,9813
6148,驊宏資,10,0,10,元大-八德,2023-05-16,9813
6163,華電網,10,1,9,元大-八德,2023-05-16,9813
8069,元太,22,14,8,元大-八德,2023-05-16,9813
2536,宏普,7,0,7,元大-八德,2023-05-16,9813
3483,力致,8,1,7,元大-八德,2023-05-16,9813
4967,十銓,17,11,6,元大-八德,2023-05-16,9813
2317,鴻海,6,1,5,元大-八德,2023-05-16,9813
2634,漢翔,5,0,5,元大-八德,2023-05-16,9813
00725B,國泰投資級公司債,5,0,5,元大-八德,2023-05-16,9813
2014,中鴻,5,0,5,元大-八德,2023-05-16,9813
3290,東浦,5,0,5,元大-八德,2023-05-16,9813
4162,智擎,5,0,5,元大-八德,2023-05-16,9813
4175,杏一,5,0,5,元大-八德,2023-05-16,9813
4979,華星光,11,6,5,元大-八德,2023-05-16,9813
9904,寶成,5,0,5,元大-八德,2023-05-16,9813
00679B,元大美債20年,6,2,4,元大-八德,2023-05-16,9813
00632R,元大台灣50反1,678,10,668,元大-八德,2023-05-17,9813
2376,技嘉,161,20,141,元大-八德,2023-05-17,9813
00715L,期街口布蘭特正2,118,16,102,元大-八德,2023-05-17,9813
00751B,元大AAA至A公司債,84,0,84,元大-八德,2023-05-17,9813
2618,長榮航,57,12,45,元大-八德,2023-05-17,9813
3043,科風,45,5,40,元大-八德,2023-05-17,9813
3017,奇鋐,42,3,39,元大-八德,2023-05-17,9813
00687B,國泰20年美債,33,0,33,元大-八德,2023-05-17,9813
00680L,元大美債20正2,65,35,30,元大-八德,2023-05-17,9813
3324,雙鴻,40,10,30,元大-八德,2023-05-17,9813
1560,中砂,30,0,30,元大-八德,2023-05-17,9813
1727,中華化,20,0,20,元大-八德,2023-05-17,9813
3441,聯一光,21,1,20,元大-八德,2023-05-17,9813
00878,國泰永續高股息,36,19,17,元大-八德,2023-05-17,9813
3024,憶聲,16,0,16,元大-八德,2023-05-17,9813
6122,擎邦,25,9,16,元大-八德,2023-05-17,9813
2834,臺企銀,16,2,14,元大-八德,2023-05-17,9813
5388,中磊,14,2,12,元大-八德,2023-05-17,9813
00679B,元大美債20年,17,5,12,元大-八德,2023-05-17,9813
3682,亞太電,12,0,12,元大-八德,2023-05-17,9813
5243,乙盛-KY,14,3,11,元大-八德,2023-05-17,9813
1210,大成,10,0,10,元大-八德,2023-05-17,9813
00665L,富邦�琤肭磪囓�2,30,20,10,元大-八德,2023-05-17,9813
2913,農林,10,0,10,元大-八德,2023-05-17,9813
2887,台新金,18,8,10,元大-八德,2023-05-17,9813
3704,合勤控,11,3,8,元大-八德,2023-05-17,9813
6191,精成科,8,0,8,元大-八德,2023-05-17,9813
5340,建榮,8,1,7,元大-八德,2023-05-17,9813
00720B,元大投資級公司債,7,0,7,元大-八德,2023-05-17,9813
6690,安�硌穈T,7,0,7,元大-八德,2023-05-17,9813
4306,炎洲,7,0,7,元大-八德,2023-05-17,9813
2633,台灣高鐵,11,4,7,元大-八德,2023-05-17,9813
2890,永豐金,6,0,6,元大-八德,2023-05-17,9813
00712,復華富時不動產,5,0,5,元大-八德,2023-05-17,9813
020034,元大IC設計N,5,0,5,元大-八德,2023-05-17,9813
020026,兆豐上櫃ESG電菁N,5,0,5,元大-八德,2023-05-17,9813
1504,東元,7,2,5,元大-八德,2023-05-17,9813
2342,茂矽,5,0,5,元大-八德,2023-05-17,9813
3092,鴻碩,5,0,5,元大-八德,2023-05-17,9813
4906,正文,5,0,5,元大-八德,2023-05-17,9813
6550,北極星藥業-KY,5,0,5,元大-八德,2023-05-17,9813
8927,北基,5,0,5,元大-八德,2023-05-17,9813
6148,驊宏資,9,4,5,元大-八德,2023-05-17,9813
00637L,元大滬深300正2,4,0,4,元大-八德,2023-05-17,9813
00772B,中信高評級公司債,7,3,4,元大-八德,2023-05-17,9813
020024,兆豐富櫃200N,4,0,4,元大-八德,2023-05-17,9813
1514,亞力,4,0,4,元大-八德,2023-05-17,9813
2059,川湖,4,0,4,元大-八德,2023-05-17,9813
2368,金像電,4,0,4,元大-八德,2023-05-17,9813
2402,毅嘉,7,3,4,元大-八德,2023-05-17,9813
2457,飛宏,226,33,193,元大-八德,2023-05-18,9813
2618,長榮航,229,83,146,元大-八德,2023-05-18,9813
1609,大亞,125,28,97,元大-八德,2023-05-18,9813
3017,奇鋐,112,56,56,元大-八德,2023-05-18,9813
00680L,元大美債20正2,63,9,54,元大-八德,2023-05-18,9813
3003,健和興,58,6,52,元大-八德,2023-05-18,9813
00751B,元大AAA至A公司債,49,0,49,元大-八德,2023-05-18,9813
00687B,國泰20年美債,49,0,49,元大-八德,2023-05-18,9813
2498,宏達電,59,11,48,元大-八德,2023-05-18,9813
6016,康和證,40,0,40,元大-八德,2023-05-18,9813
00696B,富邦美債20年,36,0,36,元大-八德,2023-05-18,9813
2344,華邦電,46,23,23,元大-八德,2023-05-18,9813
3704,合勤控,27,4,23,元大-八德,2023-05-18,9813
00749B,凱基新興債10+,20,0,20,元大-八德,2023-05-18,9813
3163,波若威,21,1,20,元大-八德,2023-05-18,9813
3419,譁裕,20,0,20,元大-八德,2023-05-18,9813
6282,康舒,26,6,20,元大-八德,2023-05-18,9813
6112,邁達特,45,25,20,元大-八德,2023-05-18,9813
2376,技嘉,138,119,19,元大-八德,2023-05-18,9813
3617,碩天,21,4,17,元大-八德,2023-05-18,9813
3363,上詮,74,58,16,元大-八德,2023-05-18,9813
6167,久正,16,0,16,元大-八德,2023-05-18,9813
020024,兆豐富櫃200N,15,0,15,元大-八德,2023-05-18,9813
6712,長聖,16,1,15,元大-八德,2023-05-18,9813
2421,建準,16,2,14,元大-八德,2023-05-18,9813
2536,宏普,15,1,14,元大-八德,2023-05-18,9813
00665L,富邦�琤肭磪囓�2,43,30,13,元大-八德,2023-05-18,9813
1519,華城,22,9,13,元大-八德,2023-05-18,9813
4306,炎洲,13,0,13,元大-八德,2023-05-18,9813
6747,亨泰光,11,0,11,元大-八德,2023-05-18,9813
00757,統一FANG+,11,0,11,元大-八德,2023-05-18,9813
2449,京元電子,12,1,11,元大-八德,2023-05-18,9813
00671R,富邦NASDAQ反1,10,0,10,元大-八德,2023-05-18,9813
00722B,群益投資級電信債,10,0,10,元大-八德,2023-05-18,9813
3202,樺晟,10,0,10,元大-八德,2023-05-18,9813
3294,英濟,10,0,10,元大-八德,2023-05-18,9813
3441,聯一光,10,0,10,元大-八德,2023-05-18,9813
4438,廣越,10,0,10,元大-八德,2023-05-18,9813
6417,韋僑,10,0,10,元大-八德,2023-05-18,9813
9103,美德醫療-DR,10,0,10,元大-八德,2023-05-18,9813
1721,三晃,13,4,9,元大-八德,2023-05-18,9813
3231,緯創,142,134,8,元大-八德,2023-05-18,9813
3034,聯詠,15,7,8,元大-八德,2023-05-18,9813
1319,東陽,9,1,8,元大-八德,2023-05-18,9813
3518,柏騰,8,0,8,元大-八德,2023-05-18,9813
8091,翔名,8,0,8,元大-八德,2023-05-18,9813
8996,高力,10,2,8,元大-八德,2023-05-18,9813
3016,嘉晶,8,1,7,元大-八德,2023-05-18,9813
5009,榮剛,7,0,7,元大-八德,2023-05-18,9813
6134,萬旭,7,0,7,元大-八德,2023-05-18,9813
3017,奇鋐,403,147,256,元大-八德,2023-05-19,9813
00687B,國泰20年美債,153,0,153,元大-八德,2023-05-19,9813
00680L,元大美債20正2,145,18,127,元大-八德,2023-05-19,9813
00637L,元大滬深300正2,104,0,104,元大-八德,2023-05-19,9813
00632R,元大台灣50反1,101,0,101,元大-八德,2023-05-19,9813
6282,康舒,157,92,65,元大-八德,2023-05-19,9813
2376,技嘉,84,22,62,元大-八德,2023-05-19,9813
2405,輔信,57,0,57,元大-八德,2023-05-19,9813
5009,榮剛,63,13,50,元大-八德,2023-05-19,9813
3024,憶聲,50,0,50,元大-八德,2023-05-19,9813
6570,維田,50,0,50,元大-八德,2023-05-19,9813
3231,緯創,158,111,47,元大-八德,2023-05-19,9813
00751B,元大AAA至A公司債,43,0,43,元大-八德,2023-05-19,9813
5340,建榮,67,26,41,元大-八德,2023-05-19,9813
6770,力積電,40,1,39,元大-八德,2023-05-19,9813
6134,萬旭,36,0,36,元大-八德,2023-05-19,9813
3363,上詮,76,41,35,元大-八德,2023-05-19,9813
2748,雲品,36,9,27,元大-八德,2023-05-19,9813
3518,柏騰,22,0,22,元大-八德,2023-05-19,9813
8069,元太,23,1,22,元大-八德,2023-05-19,9813
00720B,元大投資級公司債,22,1,21,元大-八德,2023-05-19,9813
2476,鉅祥,20,0,20,元大-八德,2023-05-19,9813
2421,建準,60,40,20,元大-八德,2023-05-19,9813
00757,統一FANG+,18,0,18,元大-八德,2023-05-19,9813
2031,新光鋼,21,3,18,元大-八德,2023-05-19,9813
2313,華通,17,1,16,元大-八德,2023-05-19,9813
2867,三商壽,13,0,13,元大-八德,2023-05-19,9813
3558,神準,15,2,13,元大-八德,2023-05-19,9813
2105,正新,13,0,13,元大-八德,2023-05-19,9813
1529,樂事綠能,12,0,12,元大-八德,2023-05-19,9813
3540,曜越,12,0,12,元大-八德,2023-05-19,9813
3675,德微,12,0,12,元大-八德,2023-05-19,9813
00882,中信中國高股息,11,0,11,元大-八德,2023-05-19,9813
2453,凌群,14,3,11,元大-八德,2023-05-19,9813
00712,復華富時不動產,10,0,10,元大-八德,2023-05-19,9813
00764B,群益25年美債,10,0,10,元大-八德,2023-05-19,9813
00674R,期元大S＆P黃金反1,10,0,10,元大-八德,2023-05-19,9813
02002L,兆豐富櫃200正二N,10,0,10,元大-八德,2023-05-19,9813
2027,大成鋼,10,0,10,元大-八德,2023-05-19,9813
3217,優群,10,0,10,元大-八德,2023-05-19,9813
3290,東浦,10,0,10,元大-八德,2023-05-19,9813
3594,磐儀,10,0,10,元大-八德,2023-05-19,9813
6415,矽力*-KY,10,0,10,元大-八德,2023-05-19,9813
6712,長聖,10,0,10,元大-八德,2023-05-19,9813
00679B,元大美債20年,19,10,9,元大-八德,2023-05-19,9813
2408,南亞科,15,6,9,元大-八德,2023-05-19,9813
2890,永豐金,9,0,9,元大-八德,2023-05-19,9813
3704,合勤控,10,1,9,元大-八德,2023-05-19,9813
3707,漢磊,11,2,9,元大-八德,2023-05-19,9813
3715,定穎投控,10,1,9,元大-八德,2023-05-19,9813
00632R,元大台灣50反1,1004,0,1004,元大-八德,2023-05-22,9813
2618,長榮航,981,443,538,元大-八德,2023-05-22,9813
3231,緯創,211,38,173,元大-八德,2023-05-22,9813
2347,聯強,152,3,149,元大-八德,2023-05-22,9813
00680L,元大美債20正2,128,0,128,元大-八德,2023-05-22,9813
3037,欣興,87,3,84,元大-八德,2023-05-22,9813
2201,裕隆,83,11,72,元大-八德,2023-05-22,9813
3363,上詮,109,44,65,元大-八德,2023-05-22,9813
2312,金寶,60,0,60,元大-八德,2023-05-22,9813
2303,聯電,59,1,58,元大-八德,2023-05-22,9813
00751B,元大AAA至A公司債,48,2,46,元大-八德,2023-05-22,9813
00687B,國泰20年美債,44,0,44,元大-八德,2023-05-22,9813
5009,榮剛,51,7,44,元大-八德,2023-05-22,9813
2438,翔耀,40,0,40,元大-八德,2023-05-22,9813
4306,炎洲,35,0,35,元大-八德,2023-05-22,9813
3163,波若威,42,9,33,元大-八德,2023-05-22,9813
1477,聚陽,32,0,32,元大-八德,2023-05-22,9813
2383,台光電,53,26,27,元大-八德,2023-05-22,9813
3701,大眾控,25,0,25,元大-八德,2023-05-22,9813
6441,廣錠,30,5,25,元大-八德,2023-05-22,9813
00679B,元大美債20年,22,0,22,元大-八德,2023-05-22,9813
6535,順藥,38,17,21,元大-八德,2023-05-22,9813
3444,利機,20,0,20,元大-八德,2023-05-22,9813
00720B,元大投資級公司債,19,0,19,元大-八德,2023-05-22,9813
00757,統一FANG+,19,0,19,元大-八德,2023-05-22,9813
2610,華航,88,73,15,元大-八德,2023-05-22,9813
2427,三商電,14,0,14,元大-八德,2023-05-22,9813
4173,久裕,119,107,12,元大-八德,2023-05-22,9813
1503,士電,21,10,11,元大-八德,2023-05-22,9813
3041,揚智,10,0,10,元大-八德,2023-05-22,9813
3090,日電貿,10,0,10,元大-八德,2023-05-22,9813
4438,廣越,10,0,10,元大-八德,2023-05-22,9813
6117,迎廣,10,0,10,元大-八德,2023-05-22,9813
8059,凱碩,10,0,10,元大-八德,2023-05-22,9813
00772B,中信高評級公司債,9,0,9,元大-八德,2023-05-22,9813
2393,億光,9,0,9,元大-八德,2023-05-22,9813
6235,華孚,21,12,9,元大-八德,2023-05-22,9813
3661,世芯-KY,11,3,8,元大-八德,2023-05-22,9813
8234,新漢,7,0,7,元大-八德,2023-05-22,9813
2882,國泰金,7,0,7,元大-八德,2023-05-22,9813
00715L,期街口布蘭特正2,7,0,7,元大-八德,2023-05-22,9813
2471,資通,7,0,7,元大-八德,2023-05-22,9813
2867,三商壽,20,13,7,元大-八德,2023-05-22,9813
00642U,期元大S＆P石油,6,0,6,元大-八德,2023-05-22,9813
2615,萬海,13,7,6,元大-八德,2023-05-22,9813
4967,十銓,6,0,6,元大-八德,2023-05-22,9813
5324,士開,8,2,6,元大-八德,2023-05-22,9813
3706,神達,5,0,5,元大-八德,2023-05-22,9813
020023,元大櫃買半導體N,5,0,5,元大-八德,2023-05-22,9813
2380,虹光,5,0,5,元大-八德,2023-05-22,9813
00680L,元大美債20正2,619,10,609,元大-八德,2023-05-23,9813
2303,聯電,305,30,275,元大-八德,2023-05-23,9813
3017,奇鋐,245,25,220,元大-八德,2023-05-23,9813
2376,技嘉,212,0,212,元大-八德,2023-05-23,9813
3041,揚智,172,33,139,元大-八德,2023-05-23,9813
4977,眾達-KY,112,1,111,元大-八德,2023-05-23,9813
1609,大亞,105,3,102,元大-八德,2023-05-23,9813
1447,力鵬,87,0,87,元大-八德,2023-05-23,9813
00687B,國泰20年美債,85,3,82,元大-八德,2023-05-23,9813
2457,飛宏,57,10,47,元大-八德,2023-05-23,9813
1444,力麗,45,0,45,元大-八德,2023-05-23,9813
3591,艾笛森,40,0,40,元大-八德,2023-05-23,9813
00637L,元大滬深300正2,37,0,37,元大-八德,2023-05-23,9813
00751B,元大AAA至A公司債,32,0,32,元大-八德,2023-05-23,9813
5607,遠雄港,30,0,30,元大-八德,2023-05-23,9813
4931,新盛力,34,5,29,元大-八德,2023-05-23,9813
00679B,元大美債20年,29,2,27,元大-八德,2023-05-23,9813
6733,博晟生醫,26,2,24,元大-八德,2023-05-23,9813
6168,宏齊,20,0,20,元大-八德,2023-05-23,9813
6197,佳必琪,20,0,20,元大-八德,2023-05-23,9813
6548,長科*,20,0,20,元大-八德,2023-05-23,9813
2393,億光,24,6,18,元大-八德,2023-05-23,9813
00877,復華中國5G,15,0,15,元大-八德,2023-05-23,9813
6741,91APP*-KY,16,1,15,元大-八德,2023-05-23,9813
00722B,群益投資級電信債,13,0,13,元大-八德,2023-05-23,9813
1905,華紙,15,2,13,元大-八德,2023-05-23,9813
1589,永冠-KY,13,1,12,元大-八德,2023-05-23,9813
2913,農林,13,1,12,元大-八德,2023-05-23,9813
3363,上詮,16,5,11,元大-八德,2023-05-23,9813
00897,富邦基因免疫生技,10,0,10,元大-八德,2023-05-23,9813
1477,聚陽,10,0,10,元大-八德,2023-05-23,9813
2915,潤泰全,10,0,10,元大-八德,2023-05-23,9813
3479,安勤,10,0,10,元大-八德,2023-05-23,9813
4711,永純,11,1,10,元大-八德,2023-05-23,9813
4908,前鼎,10,0,10,元大-八德,2023-05-23,9813
6747,亨泰光,10,0,10,元大-八德,2023-05-23,9813
8289,泰藝,12,2,10,元大-八德,2023-05-23,9813
8926,台汽電,10,0,10,元大-八德,2023-05-23,9813
00715L,期街口布蘭特正2,9,0,9,元大-八德,2023-05-23,9813
2206,三陽工業,13,4,9,元大-八德,2023-05-23,9813
6165,浪凡,21,12,9,元大-八德,2023-05-23,9813
6446,藥華藥,38,30,8,元大-八德,2023-05-23,9813
2421,建準,14,6,8,元大-八德,2023-05-23,9813
5483,中美晶,10,2,8,元大-八德,2023-05-23,9813
6806,森崴能源,11,3,8,元大-八德,2023-05-23,9813
00878,國泰永續高股息,12,5,7,元大-八德,2023-05-23,9813
00696B,富邦美債20年,7,0,7,元大-八德,2023-05-23,9813
2345,智邦,7,0,7,元大-八德,2023-05-23,9813
5324,士開,7,0,7,元大-八德,2023-05-23,9813
2368,金像電,21,15,6,元大-八德,2023-05-23,9813
3231,緯創,147,87,60,元大-八德,2023-05-24,9813
3260,威剛,55,0,55,元大-八德,2023-05-24,9813
00679B,元大美債20年,50,0,50,元大-八德,2023-05-24,9813
5512,力麒,50,2,48,元大-八德,2023-05-24,9813
4114,健喬,47,1,46,元大-八德,2023-05-24,9813
3024,憶聲,50,5,45,元大-八德,2023-05-24,9813
00882,中信中國高股息,30,0,30,元大-八德,2023-05-24,9813
5880,合庫金,40,11,29,元大-八德,2023-05-24,9813
2834,臺企銀,25,0,25,元大-八德,2023-05-24,9813
6233,旺玖,25,1,24,元大-八德,2023-05-24,9813
1102,亞泥,20,0,20,元大-八德,2023-05-24,9813
1710,東聯,20,0,20,元大-八德,2023-05-24,9813
3706,神達,19,0,19,元大-八德,2023-05-24,9813
2376,技嘉,41,23,18,元大-八德,2023-05-24,9813
00637L,元大滬深300正2,17,0,17,元大-八德,2023-05-24,9813
00687B,國泰20年美債,16,0,16,元大-八德,2023-05-24,9813
2913,農林,15,0,15,元大-八德,2023-05-24,9813
2368,金像電,16,2,14,元大-八德,2023-05-24,9813
00720B,元大投資級公司債,15,2,13,元大-八德,2023-05-24,9813
4916,事欣科,16,3,13,元大-八德,2023-05-24,9813
6531,愛普*,27,14,13,元大-八德,2023-05-24,9813
3078,僑威,17,5,12,元大-八德,2023-05-24,9813
6830,汎銓,12,0,12,元大-八德,2023-05-24,9813
00751B,元大AAA至A公司債,11,0,11,元大-八德,2023-05-24,9813
3324,雙鴻,22,11,11,元大-八德,2023-05-24,9813
4931,新盛力,14,3,11,元大-八德,2023-05-24,9813
5258,虹堡,11,0,11,元大-八德,2023-05-24,9813
5353,台林,11,0,11,元大-八德,2023-05-24,9813
6533,晶心科,11,0,11,元大-八德,2023-05-24,9813
6535,順藥,17,7,10,元大-八德,2023-05-24,9813
00712,復華富時不動產,10,0,10,元大-八德,2023-05-24,9813
1618,合機,10,0,10,元大-八德,2023-05-24,9813
3025,星通,10,0,10,元大-八德,2023-05-24,9813
8926,台汽電,10,0,10,元大-八德,2023-05-24,9813
020027,元大上櫃ESG成長N,9,0,9,元大-八德,2023-05-24,9813
3594,磐儀,9,0,9,元大-八德,2023-05-24,9813
4967,十銓,13,4,9,元大-八德,2023-05-24,9813
8358,金居,10,1,9,元大-八德,2023-05-24,9813
5009,榮剛,11,2,9,元大-八德,2023-05-24,9813
3707,漢磊,11,2,9,元大-八德,2023-05-24,9813
2634,漢翔,135,127,8,元大-八德,2023-05-24,9813
3163,波若威,46,38,8,元大-八德,2023-05-24,9813
3363,上詮,33,25,8,元大-八德,2023-05-24,9813
2881,富邦金,7,0,7,元大-八德,2023-05-24,9813
1316,上曜,8,1,7,元大-八德,2023-05-24,9813
2206,三陽工業,8,1,7,元大-八德,2023-05-24,9813
2421,建準,13,7,6,元大-八德,2023-05-24,9813
2409,友達,6,0,6,元大-八德,2023-05-24,9813
3027,盛達,6,0,6,元大-八德,2023-05-24,9813
3207,耀勝,13,7,6,元大-八德,2023-05-24,9813
2618,長榮航,595,91,504,元大-八德,2023-05-25,9813
3017,奇鋐,455,72,383,元大-八德,2023-05-25,9813
3324,雙鴻,245,43,202,元大-八德,2023-05-25,9813
2377,微星,114,2,112,元大-八德,2023-05-25,9813
2382,廣達,115,6,109,元大-八德,2023-05-25,9813
0050,元大台灣50,85,2,83,元大-八德,2023-05-25,9813
6271,同欣電,80,0,80,元大-八德,2023-05-25,9813
3024,憶聲,60,0,60,元大-八德,2023-05-25,9813
1609,大亞,81,22,59,元大-八德,2023-05-25,9813
1721,三晃,60,4,56,元大-八德,2023-05-25,9813
5512,力麒,51,0,51,元大-八德,2023-05-25,9813
00680L,元大美債20正2,48,5,43,元大-八德,2023-05-25,9813
00751B,元大AAA至A公司債,37,0,37,元大-八德,2023-05-25,9813
2457,飛宏,41,5,36,元大-八德,2023-05-25,9813
00882,中信中國高股息,38,5,33,元大-八德,2023-05-25,9813
2888,新光金,27,0,27,元大-八德,2023-05-25,9813
00720B,元大投資級公司債,27,0,27,元大-八德,2023-05-25,9813
00687B,國泰20年美債,26,0,26,元大-八德,2023-05-25,9813
8299,群聯,25,3,22,元大-八德,2023-05-25,9813
1504,東元,24,3,21,元大-八德,2023-05-25,9813
1102,亞泥,20,0,20,元大-八德,2023-05-25,9813
1466,聚隆,20,0,20,元大-八德,2023-05-25,9813
3576,聯合再生,20,0,20,元大-八德,2023-05-25,9813
4711,永純,20,0,20,元大-八德,2023-05-25,9813
1795,美時,22,5,17,元大-八德,2023-05-25,9813
4916,事欣科,19,3,16,元大-八德,2023-05-25,9813
3207,耀勝,15,0,15,元大-八德,2023-05-25,9813
2609,陽明,16,3,13,元大-八德,2023-05-25,9813
3363,上詮,16,3,13,元大-八德,2023-05-25,9813
1907,永豐餘,12,0,12,元大-八德,2023-05-25,9813
3483,力致,11,0,11,元大-八德,2023-05-25,9813
3540,曜越,11,0,11,元大-八德,2023-05-25,9813
6274,台燿,17,6,11,元大-八德,2023-05-25,9813
8097,常珵,11,0,11,元大-八德,2023-05-25,9813
2498,宏達電,15,5,10,元大-八德,2023-05-25,9813
020027,元大上櫃ESG成長N,10,0,10,元大-八德,2023-05-25,9813
1455,集盛,10,0,10,元大-八德,2023-05-25,9813
2029,盛餘,10,0,10,元大-八德,2023-05-25,9813
3706,神達,10,0,10,元大-八德,2023-05-25,9813
4175,杏一,10,0,10,元大-八德,2023-05-25,9813
4503,金雨,10,0,10,元大-八德,2023-05-25,9813
6168,宏齊,10,0,10,元大-八德,2023-05-25,9813
2701,萬企,10,1,9,元大-八德,2023-05-25,9813
4163,鐿鈦,10,1,9,元大-八德,2023-05-25,9813
8046,南電,12,4,8,元大-八德,2023-05-25,9813
2303,聯電,25,17,8,元大-八德,2023-05-25,9813
6446,藥華藥,10,3,7,元大-八德,2023-05-25,9813
2206,三陽工業,8,1,7,元大-八德,2023-05-25,9813
2885,元大金,8,1,7,元大-八德,2023-05-25,9813
00640L,富邦日本正2,7,0,7,元大-八德,2023-05-25,9813
00632R,元大台灣50反1,995,0,995,元大-八德,2023-05-26,9813
4979,華星光,286,122,164,元大-八德,2023-05-26,9813
00637L,元大滬深300正2,145,0,145,元大-八德,2023-05-26,9813
4564,元翎,216,104,112,元大-八德,2023-05-26,9813
8069,元太,78,11,67,元大-八德,2023-05-26,9813
9945,潤泰新,63,0,63,元大-八德,2023-05-26,9813
2457,飛宏,56,4,52,元大-八德,2023-05-26,9813
3131,弘塑,51,3,48,元大-八德,2023-05-26,9813
3025,星通,65,21,44,元大-八德,2023-05-26,9813
3481,群創,39,0,39,元大-八德,2023-05-26,9813
2498,宏達電,40,2,38,元大-八德,2023-05-26,9813
2349,錸德,40,5,35,元大-八德,2023-05-26,9813
00712,復華富時不動產,34,0,34,元大-八德,2023-05-26,9813
6165,浪凡,30,0,30,元大-八德,2023-05-26,9813
2352,佳世達,32,5,27,元大-八德,2023-05-26,9813
00679B,元大美債20年,26,0,26,元大-八德,2023-05-26,9813
00722B,群益投資級電信債,25,0,25,元大-八德,2023-05-26,9813
4906,正文,25,0,25,元大-八德,2023-05-26,9813
2303,聯電,95,74,21,元大-八德,2023-05-26,9813
1720,生達,20,0,20,元大-八德,2023-05-26,9813
3324,雙鴻,23,3,20,元大-八德,2023-05-26,9813
6209,今國光,20,0,20,元大-八德,2023-05-26,9813
6488,環球晶,20,0,20,元大-八德,2023-05-26,9813
00751B,元大AAA至A公司債,19,0,19,元大-八德,2023-05-26,9813
3363,上詮,78,59,19,元大-八德,2023-05-26,9813
2427,三商電,20,3,17,元大-八德,2023-05-26,9813
3037,欣興,75,58,17,元大-八德,2023-05-26,9813
2356,英業達,38,24,14,元大-八德,2023-05-26,9813
1504,東元,24,10,14,元大-八德,2023-05-26,9813
2313,華通,14,0,14,元大-八德,2023-05-26,9813
2548,華固,13,0,13,元大-八德,2023-05-26,9813
2890,永豐金,13,0,13,元大-八德,2023-05-26,9813
3706,神達,13,0,13,元大-八德,2023-05-26,9813
2606,裕民,17,5,12,元大-八德,2023-05-26,9813
00642U,期元大S＆P石油,12,0,12,元大-八德,2023-05-26,9813
2705,六福,12,0,12,元大-八德,2023-05-26,9813
2201,裕隆,12,1,11,元大-八德,2023-05-26,9813
2915,潤泰全,11,0,11,元大-八德,2023-05-26,9813
5243,乙盛-KY,18,7,11,元大-八德,2023-05-26,9813
6185,幃翔,11,0,11,元大-八德,2023-05-26,9813
00851,台新全球AI,10,0,10,元大-八德,2023-05-26,9813
1524,耿鼎,10,0,10,元大-八德,2023-05-26,9813
2537,聯上發,10,0,10,元大-八德,2023-05-26,9813
3693,營邦,20,10,10,元大-八德,2023-05-26,9813
4711,永純,10,0,10,元大-八德,2023-05-26,9813
5706,鳳凰,24,14,10,元大-八德,2023-05-26,9813
6269,台郡,10,0,10,元大-八德,2023-05-26,9813
8234,新漢,10,0,10,元大-八德,2023-05-26,9813
6533,晶心科,11,1,10,元大-八德,2023-05-26,9813
3540,曜越,11,2,9,元大-八德,2023-05-26,9813
00895,富邦未來車,500,8,492,元大-八德,2023-05-29,9813
1609,大亞,204,1,203,元大-八德,2023-05-29,9813
00712,復華富時不動產,177,0,177,元大-八德,2023-05-29,9813
2618,長榮航,315,141,174,元大-八德,2023-05-29,9813
00632R,元大台灣50反1,1554,1420,134,元大-八德,2023-05-29,9813
3289,宜特,98,1,97,元大-八德,2023-05-29,9813
2610,華航,108,29,79,元大-八德,2023-05-29,9813
3131,弘塑,68,2,66,元大-八德,2023-05-29,9813
2388,威盛,97,40,57,元大-八德,2023-05-29,9813
2352,佳世達,58,3,55,元大-八德,2023-05-29,9813
2408,南亞科,60,5,55,元大-八德,2023-05-29,9813
4711,永純,53,0,53,元大-八德,2023-05-29,9813
6235,華孚,66,14,52,元大-八德,2023-05-29,9813
8069,元太,58,8,50,元大-八德,2023-05-29,9813
3701,大眾控,51,1,50,元大-八德,2023-05-29,9813
00713,元大台灣高息低波,47,1,46,元大-八德,2023-05-29,9813
2495,普安,44,1,43,元大-八德,2023-05-29,9813
2399,映泰,36,3,33,元大-八德,2023-05-29,9813
00772B,中信高評級公司債,31,0,31,元大-八德,2023-05-29,9813
1815,富喬,30,0,30,元大-八德,2023-05-29,9813
5512,力麒,30,0,30,元大-八德,2023-05-29,9813
00900,富邦特選高股息30,30,1,29,元大-八德,2023-05-29,9813
00882,中信中國高股息,27,0,27,元大-八德,2023-05-29,9813
2002,中鋼,27,0,27,元大-八德,2023-05-29,9813
3163,波若威,37,11,26,元大-八德,2023-05-29,9813
020026,兆豐上櫃ESG電菁N,23,0,23,元大-八德,2023-05-29,9813
1463,強盛新,22,0,22,元大-八德,2023-05-29,9813
2368,金像電,21,0,21,元大-八德,2023-05-29,9813
5388,中磊,21,0,21,元大-八德,2023-05-29,9813
3231,緯創,116,95,21,元大-八德,2023-05-29,9813
1457,宜進,20,0,20,元大-八德,2023-05-29,9813
1460,宏遠,21,2,19,元大-八德,2023-05-29,9813
00757,統一FANG+,18,0,18,元大-八德,2023-05-29,9813
5009,榮剛,19,1,18,元大-八德,2023-05-29,9813
3265,台星科,64,48,16,元大-八德,2023-05-29,9813
2457,飛宏,56,40,16,元大-八德,2023-05-29,9813
3024,憶聲,15,0,15,元大-八德,2023-05-29,9813
6271,同欣電,17,2,15,元大-八德,2023-05-29,9813
2892,第一金,20,5,15,元大-八德,2023-05-29,9813
1314,中石化,14,0,14,元大-八德,2023-05-29,9813
3044,健鼎,15,2,13,元大-八德,2023-05-29,9813
1409,新纖,12,0,12,元大-八德,2023-05-29,9813
3588,通嘉,11,0,11,元大-八德,2023-05-29,9813
2206,三陽工業,12,1,11,元大-八德,2023-05-29,9813
2402,毅嘉,12,2,10,元大-八德,2023-05-29,9813
2617,台航,11,1,10,元大-八德,2023-05-29,9813
6196,帆宣,10,0,10,元大-八德,2023-05-29,9813
8271,宇瞻,12,2,10,元大-八德,2023-05-29,9813
3016,嘉晶,9,0,9,元大-八德,2023-05-29,9813
5469,瀚宇博,10,1,9,元大-八德,2023-05-29,9813
1316,上曜,127,0,127,元大-八德,2023-05-30,9813
2376,技嘉,124,1,123,元大-八德,2023-05-30,9813
2356,英業達,143,30,113,元大-八德,2023-05-30,9813
3025,星通,105,10,95,元大-八德,2023-05-30,9813
2382,廣達,88,7,81,元大-八德,2023-05-30,9813
1616,億泰,70,0,70,元大-八德,2023-05-30,9813
00878,國泰永續高股息,73,15,58,元大-八德,2023-05-30,9813
3037,欣興,59,10,49,元大-八德,2023-05-30,9813
2352,佳世達,43,0,43,元大-八德,2023-05-30,9813
6271,同欣電,43,1,42,元大-八德,2023-05-30,9813
2377,微星,40,1,39,元大-八德,2023-05-30,9813
00712,復華富時不動產,30,2,28,元大-八德,2023-05-30,9813
00882,中信中國高股息,27,0,27,元大-八德,2023-05-30,9813
2002,中鋼,36,9,27,元大-八德,2023-05-30,9813
5465,富驊,45,21,24,元大-八德,2023-05-30,9813
8069,元太,23,1,22,元大-八德,2023-05-30,9813
3029,零壹,21,0,21,元大-八德,2023-05-30,9813
9958,世紀鋼,21,0,21,元大-八德,2023-05-30,9813
1815,富喬,20,0,20,元大-八德,2023-05-30,9813
3017,奇鋐,21,1,20,元大-八德,2023-05-30,9813
6461,益得,20,0,20,元大-八德,2023-05-30,9813
1314,中石化,18,0,18,元大-八德,2023-05-30,9813
2399,映泰,18,1,17,元大-八德,2023-05-30,9813
2425,承啟,17,1,16,元大-八德,2023-05-30,9813
1513,中興電,18,3,15,元大-八德,2023-05-30,9813
2882,國泰金,15,0,15,元大-八德,2023-05-30,9813
6125,廣運,16,1,15,元大-八德,2023-05-30,9813
2383,台光電,18,4,14,元大-八德,2023-05-30,9813
2388,威盛,15,1,14,元大-八德,2023-05-30,9813
2371,大同,25,12,13,元大-八德,2023-05-30,9813
3131,弘塑,16,3,13,元大-八德,2023-05-30,9813
6202,盛群,13,0,13,元大-八德,2023-05-30,9813
6235,華孚,68,55,13,元大-八德,2023-05-30,9813
3706,神達,11,0,11,元大-八德,2023-05-30,9813
1710,東聯,10,0,10,元大-八德,2023-05-30,9813
2331,精英,11,1,10,元大-八德,2023-05-30,9813
3078,僑威,13,3,10,元大-八德,2023-05-30,9813
3308,聯德,12,2,10,元大-八德,2023-05-30,9813
2327,國巨,9,0,9,元大-八德,2023-05-30,9813
4966,譜瑞-KY,12,3,9,元大-八德,2023-05-30,9813
4967,十銓,15,6,9,元大-八德,2023-05-30,9813
6205,詮欣,9,0,9,元大-八德,2023-05-30,9813
6570,維田,20,11,9,元大-八德,2023-05-30,9813
9945,潤泰新,11,2,9,元大-八德,2023-05-30,9813
3702,大聯大,8,0,8,元大-八德,2023-05-30,9813
3708,上緯投控,8,0,8,元大-八德,2023-05-30,9813
6603,富強鑫,8,0,8,元大-八德,2023-05-30,9813
2888,新光金,10,2,8,元大-八德,2023-05-30,9813
3661,世芯-KY,12,5,7,元大-八德,2023-05-30,9813
1463,強盛新,7,0,7,元大-八德,2023-05-30,9813
00632R,元大台灣50反1,306,90,216,元大-八德,2023-05-31,9813
00680L,元大美債20正2,153,0,153,元大-八德,2023-05-31,9813
3231,緯創,254,102,152,元大-八德,2023-05-31,9813
6282,康舒,130,25,105,元大-八德,2023-05-31,9813
00715L,期街口布蘭特正2,91,0,91,元大-八德,2023-05-31,9813
2618,長榮航,97,33,64,元大-八德,2023-05-31,9813
3260,威剛,93,33,60,元大-八德,2023-05-31,9813
1477,聚陽,58,0,58,元大-八德,2023-05-31,9813
00642U,期元大S＆P石油,56,0,56,元大-八德,2023-05-31,9813
2408,南亞科,56,5,51,元大-八德,2023-05-31,9813
2801,彰銀,35,0,35,元大-八德,2023-05-31,9813
6015,宏遠證,35,0,35,元大-八德,2023-05-31,9813
3017,奇鋐,31,1,30,元大-八德,2023-05-31,9813
00882,中信中國高股息,30,0,30,元大-八德,2023-05-31,9813
2356,英業達,36,8,28,元大-八德,2023-05-31,9813
00751B,元大AAA至A公司債,24,0,24,元大-八德,2023-05-31,9813
3701,大眾控,24,0,24,元大-八德,2023-05-31,9813
5388,中磊,26,3,23,元大-八德,2023-05-31,9813
6756,威鋒電子,25,2,23,元大-八德,2023-05-31,9813
5876,上海商銀,21,0,21,元大-八德,2023-05-31,9813
1463,強盛新,21,0,21,元大-八德,2023-05-31,9813
3025,星通,24,3,21,元大-八德,2023-05-31,9813
3518,柏騰,19,0,19,元大-八德,2023-05-31,9813
8358,金居,21,2,19,元大-八德,2023-05-31,9813
2206,三陽工業,24,7,17,元大-八德,2023-05-31,9813
2492,華新科,22,8,14,元大-八德,2023-05-31,9813
3363,上詮,19,5,14,元大-八德,2023-05-31,9813
020023,元大櫃買半導體N,12,0,12,元大-八德,2023-05-31,9813
1457,宜進,12,0,12,元大-八德,2023-05-31,9813
2610,華航,116,104,12,元大-八德,2023-05-31,9813
00712,復華富時不動產,14,3,11,元大-八德,2023-05-31,9813
00637L,元大滬深300正2,11,0,11,元大-八德,2023-05-31,9813
1605,華新,11,0,11,元大-八德,2023-05-31,9813
3029,零壹,11,0,11,元大-八德,2023-05-31,9813
3380,明泰,11,0,11,元大-八德,2023-05-31,9813
2424,隴華,10,0,10,元大-八德,2023-05-31,9813
3059,華晶科,10,0,10,元大-八德,2023-05-31,9813
6461,益得,10,0,10,元大-八德,2023-05-31,9813
6747,亨泰光,11,1,10,元大-八德,2023-05-31,9813
0056,元大高股息,11,2,9,元大-八德,2023-05-31,9813
020034,元大IC設計N,9,0,9,元大-八德,2023-05-31,9813
020026,兆豐上櫃ESG電菁N,9,0,9,元大-八德,2023-05-31,9813
2376,技嘉,68,59,9,元大-八德,2023-05-31,9813
2442,新美齊,9,0,9,元大-八德,2023-05-31,9813
3629,地心引力,8,0,8,元大-八德,2023-05-31,9813
2383,台光電,11,3,8,元大-八德,2023-05-31,9813
00640L,富邦日本正2,7,0,7,元大-八德,2023-05-31,9813
3265,台星科,10,3,7,元大-八德,2023-05-31,9813
3702,大聯大,8,1,7,元大-八德,2023-05-31,9813
00878,國泰永續高股息,9,3,6,元大-八德,2023-05-31,9813
00632R,元大台灣50反1,516,98,418,元大-八德,2023-06-01,9813
2515,中工,168,16,152,元大-八德,2023-06-01,9813
00680L,元大美債20正2,109,14,95,元大-八德,2023-06-01,9813
8996,高力,89,9,80,元大-八德,2023-06-01,9813
3363,上詮,91,13,78,元大-八德,2023-06-01,9813
3706,神達,89,24,65,元大-八德,2023-06-01,9813
4916,事欣科,54,2,52,元大-八德,2023-06-01,9813
1905,華紙,72,26,46,元大-八德,2023-06-01,9813
2059,川湖,36,0,36,元大-八德,2023-06-01,9813
00715L,期街口布蘭特正2,35,0,35,元大-八德,2023-06-01,9813
2457,飛宏,142,111,31,元大-八德,2023-06-01,9813
00637L,元大滬深300正2,29,1,28,元大-八德,2023-06-01,9813
8088,品安,32,4,28,元大-八德,2023-06-01,9813
4979,華星光,48,23,25,元大-八德,2023-06-01,9813
00751B,元大AAA至A公司債,38,15,23,元大-八德,2023-06-01,9813
3346,麗清,23,2,21,元大-八德,2023-06-01,9813
1515,力山,20,0,20,元大-八德,2023-06-01,9813
3372,典範,20,0,20,元大-八德,2023-06-01,9813
4707,磐亞,20,0,20,元大-八德,2023-06-01,9813
6015,宏遠證,20,0,20,元大-八德,2023-06-01,9813
2885,元大金,20,1,19,元大-八德,2023-06-01,9813
3673,TPK-KY,20,2,18,元大-八德,2023-06-01,9813
2892,第一金,38,20,18,元大-八德,2023-06-01,9813
5478,智冠,18,0,18,元大-八德,2023-06-01,9813
1447,力鵬,17,0,17,元大-八德,2023-06-01,9813
2408,南亞科,18,2,16,元大-八德,2023-06-01,9813
1463,強盛新,16,0,16,元大-八德,2023-06-01,9813
00712,復華富時不動產,16,0,16,元大-八德,2023-06-01,9813
2440,太空梭,16,0,16,元大-八德,2023-06-01,9813
2066,世德,15,0,15,元大-八德,2023-06-01,9813
0056,元大高股息,18,4,14,元大-八德,2023-06-01,9813
00882,中信中國高股息,14,0,14,元大-八德,2023-06-01,9813
3019,亞光,17,3,14,元大-八德,2023-06-01,9813
2449,京元電子,18,5,13,元大-八德,2023-06-01,9813
3701,大眾控,13,0,13,元大-八德,2023-06-01,9813
4564,元翎,18,6,12,元大-八德,2023-06-01,9813
4533,協易機,19,8,11,元大-八德,2023-06-01,9813
6122,擎邦,17,6,11,元大-八德,2023-06-01,9813
6190,萬泰科,14,3,11,元大-八德,2023-06-01,9813
6733,博晟生醫,15,4,11,元大-八德,2023-06-01,9813
8234,新漢,11,0,11,元大-八德,2023-06-01,9813
8112,至上,13,2,11,元大-八德,2023-06-01,9813
2332,友訊,10,0,10,元大-八德,2023-06-01,9813
3594,磐儀,10,0,10,元大-八德,2023-06-01,9813
4438,廣越,10,0,10,元大-八德,2023-06-01,9813
5353,台林,10,0,10,元大-八德,2023-06-01,9813
5608,四維航,10,0,10,元大-八德,2023-06-01,9813
6016,康和證,10,0,10,元大-八德,2023-06-01,9813
6257,矽格,10,0,10,元大-八德,2023-06-01,9813
8271,宇瞻,43,33,10,元大-八德,2023-06-01,9813
00632R,元大台灣50反1,1614,15,1599,元大-八德,2023-06-02,9813
2344,華邦電,427,24,403,元大-八德,2023-06-02,9813
1609,大亞,218,21,197,元大-八德,2023-06-02,9813
1519,華城,136,11,125,元大-八德,2023-06-02,9813
2405,輔信,105,0,105,元大-八德,2023-06-02,9813
1806,冠軍,100,1,99,元大-八德,2023-06-02,9813
3231,緯創,362,271,91,元大-八德,2023-06-02,9813
6187,萬潤,92,1,91,元大-八德,2023-06-02,9813
2515,中工,140,63,77,元大-八德,2023-06-02,9813
2440,太空梭,74,0,74,元大-八德,2023-06-02,9813
6271,同欣電,62,1,61,元大-八德,2023-06-02,9813
5009,榮剛,59,7,52,元大-八德,2023-06-02,9813
2059,川湖,50,0,50,元大-八德,2023-06-02,9813
6016,康和證,47,0,47,元大-八德,2023-06-02,9813
3027,盛達,51,6,45,元大-八德,2023-06-02,9813
6188,廣明,70,34,36,元大-八德,2023-06-02,9813
1721,三晃,30,5,25,元大-八德,2023-06-02,9813
4906,正文,25,1,24,元大-八德,2023-06-02,9813
4943,康控-KY,23,0,23,元大-八德,2023-06-02,9813
2313,華通,21,0,21,元大-八德,2023-06-02,9813
2484,希華,20,0,20,元大-八德,2023-06-02,9813
6136,富爾特,20,0,20,元大-八德,2023-06-02,9813
8069,元太,35,17,18,元大-八德,2023-06-02,9813
8084,巨虹,18,0,18,元大-八德,2023-06-02,9813
2371,大同,24,6,18,元大-八德,2023-06-02,9813
2449,京元電子,22,6,16,元大-八德,2023-06-02,9813
2481,強茂,16,1,15,元大-八德,2023-06-02,9813
3625,西勝,15,0,15,元大-八德,2023-06-02,9813
3025,星通,15,0,15,元大-八德,2023-06-02,9813
1109,信大,14,0,14,元大-八德,2023-06-02,9813
2838A,聯邦銀甲特,14,0,14,元大-八德,2023-06-02,9813
3306,鼎天,16,2,14,元大-八德,2023-06-02,9813
00882,中信中國高股息,13,0,13,元大-八德,2023-06-02,9813
1463,強盛新,13,0,13,元大-八德,2023-06-02,9813
4916,事欣科,14,1,13,元大-八德,2023-06-02,9813
2603,長榮,13,1,12,元大-八德,2023-06-02,9813
2442,新美齊,12,0,12,元大-八德,2023-06-02,9813
3047,訊舟,23,11,12,元大-八德,2023-06-02,9813
5488,松普,12,0,12,元大-八德,2023-06-02,9813
8299,群聯,12,0,12,元大-八德,2023-06-02,9813
2489,瑞軒,14,2,12,元大-八德,2023-06-02,9813
2882,國泰金,11,0,11,元大-八德,2023-06-02,9813
3701,大眾控,11,0,11,元大-八德,2023-06-02,9813
9110,越南控-DR,11,0,11,元大-八德,2023-06-02,9813
00671R,富邦NASDAQ反1,10,0,10,元大-八德,2023-06-02,9813
1802,台玻,10,0,10,元大-八德,2023-06-02,9813
3207,耀勝,11,1,10,元大-八德,2023-06-02,9813
3624,光頡,10,0,10,元大-八德,2023-06-02,9813
6243,迅杰,10,0,10,元大-八德,2023-06-02,9813
8183,精星,10,0,10,元大-八德,2023-06-02,9813
6116,彩晶,7726,833,6893,元大-八德,2023-06-05,9813
3324,雙鴻,319,5,314,元大-八德,2023-06-05,9813
2515,中工,233,63,170,元大-八德,2023-06-05,9813
3189,景碩,172,9,163,元大-八德,2023-06-05,9813
00640L,富邦日本正2,148,0,148,元大-八德,2023-06-05,9813
2610,華航,186,52,134,元大-八德,2023-06-05,9813
3017,奇鋐,108,20,88,元大-八德,2023-06-05,9813
3481,群創,230,144,86,元大-八德,2023-06-05,9813
5009,榮剛,87,17,70,元大-八德,2023-06-05,9813
3362,先進光,68,2,66,元大-八德,2023-06-05,9813
6806,森崴能源,64,12,52,元大-八德,2023-06-05,9813
2457,飛宏,76,27,49,元大-八德,2023-06-05,9813
00650L,復華香港正2,57,10,47,元大-八德,2023-06-05,9813
5388,中磊,50,3,47,元大-八德,2023-06-05,9813
5465,富驊,48,4,44,元大-八德,2023-06-05,9813
00687B,國泰20年美債,32,0,32,元大-八德,2023-06-05,9813
00751B,元大AAA至A公司債,31,0,31,元大-八德,2023-06-05,9813
3025,星通,44,17,27,元大-八德,2023-06-05,9813
5284,jpp-KY,27,0,27,元大-八德,2023-06-05,9813
2031,新光鋼,30,4,26,元大-八德,2023-06-05,9813
00679B,元大美債20年,26,0,26,元大-八德,2023-06-05,9813
1310,台苯,25,1,24,元大-八德,2023-06-05,9813
2409,友達,30,6,24,元大-八德,2023-06-05,9813
6282,康舒,57,36,21,元大-八德,2023-06-05,9813
2426,鼎元,20,0,20,元大-八德,2023-06-05,9813
3363,上詮,39,19,20,元大-八德,2023-06-05,9813
2038,海光,18,0,18,元大-八德,2023-06-05,9813
2440,太空梭,18,0,18,元大-八德,2023-06-05,9813
6005,群益證,20,2,18,元大-八德,2023-06-05,9813
2603,長榮,19,2,17,元大-八德,2023-06-05,9813
2706,第一店,16,0,16,元大-八德,2023-06-05,9813
2358,廷鑫,15,0,15,元大-八德,2023-06-05,9813
1904,正隆,22,8,14,元大-八德,2023-06-05,9813
1905,華紙,21,7,14,元大-八德,2023-06-05,9813
00919,群益台灣精選高息,13,0,13,元大-八德,2023-06-05,9813
6235,華孚,201,188,13,元大-八德,2023-06-05,9813
2371,大同,13,2,11,元大-八德,2023-06-05,9813
2059,川湖,11,0,11,元大-八德,2023-06-05,9813
2634,漢翔,13,3,10,元大-八德,2023-06-05,9813
1727,中華化,13,3,10,元大-八德,2023-06-05,9813
6134,萬旭,10,0,10,元大-八德,2023-06-05,9813
6191,精成科,10,0,10,元大-八德,2023-06-05,9813
8105,凌巨,10,0,10,元大-八德,2023-06-05,9813
2303,聯電,9,0,9,元大-八德,2023-06-05,9813
00882,中信中國高股息,9,0,9,元大-八德,2023-06-05,9813
2388,威盛,34,25,9,元大-八德,2023-06-05,9813
3033,威健,9,0,9,元大-八德,2023-06-05,9813
4973,廣穎,9,0,9,元大-八德,2023-06-05,9813
3706,神達,9,0,9,元大-八德,2023-06-05,9813
2312,金寶,10,2,8,元大-八德,2023-06-05,9813
2382,廣達,301,6,295,元大-八德,2023-06-06,9813
2515,中工,301,27,274,元大-八德,2023-06-06,9813
00632R,元大台灣50反1,198,0,198,元大-八德,2023-06-06,9813
3324,雙鴻,196,3,193,元大-八德,2023-06-06,9813
00640L,富邦日本正2,85,0,85,元大-八德,2023-06-06,9813
2066,世德,78,0,78,元大-八德,2023-06-06,9813
6282,康舒,84,30,54,元大-八德,2023-06-06,9813
6603,富強鑫,53,0,53,元大-八德,2023-06-06,9813
2701,萬企,50,0,50,元大-八德,2023-06-06,9813
4906,正文,43,0,43,元大-八德,2023-06-06,9813
2457,飛宏,58,16,42,元大-八德,2023-06-06,9813
00679B,元大美債20年,43,1,42,元大-八德,2023-06-06,9813
2402,毅嘉,46,9,37,元大-八德,2023-06-06,9813
00751B,元大AAA至A公司債,35,3,32,元大-八德,2023-06-06,9813
2376,技嘉,72,41,31,元大-八德,2023-06-06,9813
3024,憶聲,31,0,31,元大-八德,2023-06-06,9813
00878,國泰永續高股息,31,0,31,元大-八德,2023-06-06,9813
00712,復華富時不動產,29,0,29,元大-八德,2023-06-06,9813
3710,連展投控,30,1,29,元大-八德,2023-06-06,9813
8403,盛弘,35,6,29,元大-八德,2023-06-06,9813
6570,維田,28,0,28,元大-八德,2023-06-06,9813
8358,金居,39,11,28,元大-八德,2023-06-06,9813
00927,群益半導體收益,24,0,24,元大-八德,2023-06-06,9813
5464,霖宏,22,0,22,元大-八德,2023-06-06,9813
8069,元太,24,2,22,元大-八德,2023-06-06,9813
9919,康那香,23,2,21,元大-八德,2023-06-06,9813
1584,精剛,20,0,20,元大-八德,2023-06-06,9813
1907,永豐餘,33,13,20,元大-八德,2023-06-06,9813
6589,台康生技,20,0,20,元大-八德,2023-06-06,9813
8027,鈦昇,41,21,20,元大-八德,2023-06-06,9813
3290,東浦,20,1,19,元大-八德,2023-06-06,9813
2303,聯電,19,1,18,元大-八德,2023-06-06,9813
6185,幃翔,21,4,17,元大-八德,2023-06-06,9813
2349,錸德,15,0,15,元大-八德,2023-06-06,9813
6470,宇智,19,4,15,元大-八德,2023-06-06,9813
1605,華新,18,5,13,元大-八德,2023-06-06,9813
6005,群益證,13,0,13,元大-八德,2023-06-06,9813
6243,迅杰,13,0,13,元大-八德,2023-06-06,9813
2486,一詮,25,12,13,元大-八德,2023-06-06,9813
3406,玉晶光,16,4,12,元大-八德,2023-06-06,9813
4726,永昕,12,0,12,元大-八德,2023-06-06,9813
3189,景碩,12,0,12,元大-八德,2023-06-06,9813
2498,宏達電,17,5,12,元大-八德,2023-06-06,9813
2481,強茂,11,0,11,元大-八德,2023-06-06,9813
3004,豐達科,11,0,11,元大-八德,2023-06-06,9813
6244,茂迪,10,0,10,元大-八德,2023-06-06,9813
2408,南亞科,10,0,10,元大-八德,2023-06-06,9813
4916,事欣科,10,0,10,元大-八德,2023-06-06,9813
5284,jpp-KY,10,0,10,元大-八德,2023-06-06,9813
6167,久正,13,3,10,元大-八德,2023-06-06,9813
00665L,富邦�琤肭磪囓�2,500,0,500,元大-八德,2023-06-07,9813
3231,緯創,304,63,241,元大-八德,2023-06-07,9813
1609,大亞,508,290,218,元大-八德,2023-06-07,9813
2382,廣達,144,31,113,元大-八德,2023-06-07,9813
5340,建榮,103,23,80,元大-八德,2023-06-07,9813
00795B,中信美國公債20年,63,0,63,元大-八德,2023-06-07,9813
3189,景碩,56,0,56,元大-八德,2023-06-07,9813
00640L,富邦日本正2,56,0,56,元大-八德,2023-06-07,9813
4123,晟德,53,1,52,元大-八德,2023-06-07,9813
00633L,富邦上証正2,50,0,50,元大-八德,2023-06-07,9813
00882,中信中國高股息,41,0,41,元大-八德,2023-06-07,9813
2883,凱基金,43,3,40,元大-八德,2023-06-07,9813
00751B,元大AAA至A公司債,38,0,38,元大-八德,2023-06-07,9813
6205,詮欣,34,0,34,元大-八德,2023-06-07,9813
00679B,元大美債20年,33,0,33,元大-八德,2023-06-07,9813
2368,金像電,43,12,31,元大-八德,2023-06-07,9813
3563,牧德,31,0,31,元大-八德,2023-06-07,9813
00632R,元大台灣50反1,31,0,31,元大-八德,2023-06-07,9813
6282,康舒,39,9,30,元大-八德,2023-06-07,9813
8358,金居,35,12,23,元大-八德,2023-06-07,9813
2358,廷鑫,22,0,22,元大-八德,2023-06-07,9813
00642U,期元大S＆P石油,22,1,21,元大-八德,2023-06-07,9813
2349,錸德,21,0,21,元大-八德,2023-06-07,9813
2486,一詮,27,6,21,元大-八德,2023-06-07,9813
2618,長榮航,25,4,21,元大-八德,2023-06-07,9813
1104,環泥,20,0,20,元大-八德,2023-06-07,9813
4707,磐亞,20,0,20,元大-八德,2023-06-07,9813
2801,彰銀,19,0,19,元大-八德,2023-06-07,9813
2402,毅嘉,25,6,19,元大-八德,2023-06-07,9813
8028,昇陽半導體,25,6,19,元大-八德,2023-06-07,9813
1325,恆大,17,0,17,元大-八德,2023-06-07,9813
3037,欣興,41,25,16,元大-八德,2023-06-07,9813
1303,南亞,18,2,16,元大-八德,2023-06-07,9813
2442,新美齊,15,0,15,元大-八德,2023-06-07,9813
6274,台燿,49,34,15,元大-八德,2023-06-07,9813
4916,事欣科,14,0,14,元大-八德,2023-06-07,9813
00919,群益台灣精選高息,14,1,13,元大-八德,2023-06-07,9813
3290,東浦,12,0,12,元大-八德,2023-06-07,9813
5284,jpp-KY,15,3,12,元大-八德,2023-06-07,9813
00645,富邦日本,11,0,11,元大-八德,2023-06-07,9813
4931,新盛力,19,8,11,元大-八德,2023-06-07,9813
6125,廣運,16,5,11,元大-八德,2023-06-07,9813
8112,至上,17,6,11,元大-八德,2023-06-07,9813
8996,高力,13,2,11,元大-八德,2023-06-07,9813
9103,美德醫療-DR,11,0,11,元大-八德,2023-06-07,9813
2440,太空梭,10,0,10,元大-八德,2023-06-07,9813
2606,裕民,10,0,10,元大-八德,2023-06-07,9813
3701,大眾控,10,0,10,元大-八德,2023-06-07,9813
00927,群益半導體收益,9,0,9,元大-八德,2023-06-07,9813
2002,中鋼,9,0,9,元大-八德,2023-06-07,9813
00632R,元大台灣50反1,600,2,598,元大-八德,2023-06-08,9813
2482,連宇,403,12,391,元大-八德,2023-06-08,9813
1444,力麗,151,4,147,元大-八德,2023-06-08,9813
00878,國泰永續高股息,74,8,66,元大-八德,2023-06-08,9813
1455,集盛,60,0,60,元大-八德,2023-06-08,9813
00679B,元大美債20年,50,0,50,元大-八德,2023-06-08,9813
9943,好樂迪,47,2,45,元大-八德,2023-06-08,9813
3037,欣興,44,5,39,元大-八德,2023-06-08,9813
00640L,富邦日本正2,34,0,34,元大-八德,2023-06-08,9813
2883,凱基金,31,0,31,元大-八德,2023-06-08,9813
8905,裕國,30,0,30,元大-八德,2023-06-08,9813
00751B,元大AAA至A公司債,29,0,29,元大-八德,2023-06-08,9813
5263,智崴,29,0,29,元大-八德,2023-06-08,9813
00919,群益台灣精選高息,28,0,28,元大-八德,2023-06-08,9813
2743,山富,27,0,27,元大-八德,2023-06-08,9813
1904,正隆,25,0,25,元大-八德,2023-06-08,9813
2611,志信,29,7,22,元大-八德,2023-06-08,9813
00687B,國泰20年美債,21,0,21,元大-八德,2023-06-08,9813
00725B,國泰投資級公司債,20,0,20,元大-八德,2023-06-08,9813
00720B,元大投資級公司債,19,0,19,元大-八德,2023-06-08,9813
6285,啟��,19,0,19,元大-八德,2023-06-08,9813
3006,晶豪科,23,5,18,元大-八德,2023-06-08,9813
00680L,元大美債20正2,20,2,18,元大-八德,2023-06-08,9813
5009,榮剛,25,8,17,元大-八德,2023-06-08,9813
2358,廷鑫,15,0,15,元大-八德,2023-06-08,9813
3289,宜特,21,7,14,元大-八德,2023-06-08,9813
6133,金橋,14,0,14,元大-八德,2023-06-08,9813
4930,燦星網,13,0,13,元大-八德,2023-06-08,9813
1584,精剛,18,5,13,元大-八德,2023-06-08,9813
2352,佳世達,14,1,13,元大-八德,2023-06-08,9813
3105,穩懋,17,4,13,元大-八德,2023-06-08,9813
3541,西柏,13,0,13,元大-八德,2023-06-08,9813
2349,錸德,12,0,12,元大-八德,2023-06-08,9813
2388,威盛,24,12,12,元大-八德,2023-06-08,9813
6136,富爾特,12,0,12,元大-八德,2023-06-08,9813
8011,台通,12,0,12,元大-八德,2023-06-08,9813
8084,巨虹,15,3,12,元大-八德,2023-06-08,9813
3443,創意,15,3,12,元大-八德,2023-06-08,9813
1101,台泥,12,1,11,元大-八德,2023-06-08,9813
1906,寶隆,11,0,11,元大-八德,2023-06-08,9813
4306,炎洲,11,0,11,元大-八德,2023-06-08,9813
6122,擎邦,11,0,11,元大-八德,2023-06-08,9813
2618,長榮航,38,28,10,元大-八德,2023-06-08,9813
2002,中鋼,11,0,11,元大-八德,2023-06-08,9813
5284,jpp-KY,14,4,10,元大-八德,2023-06-08,9813
6712,長聖,10,0,10,元大-八德,2023-06-08,9813
3046,建��,22,12,10,元大-八德,2023-06-08,9813
3290,東浦,10,0,10,元大-八德,2023-06-08,9813
4707,磐亞,10,0,10,元大-八德,2023-06-08,9813
5876,上海商銀,10,0,10,元大-八德,2023-06-08,9813
6122,擎邦,461,13,448,元大-八德,2023-06-09,9813
00632R,元大台灣50反1,432,10,422,元大-八德,2023-06-09,9813
9939,宏全,100,0,100,元大-八德,2023-06-09,9813
6223,旺矽,110,18,92,元大-八德,2023-06-09,9813
5512,力麒,61,0,61,元大-八德,2023-06-09,9813
8069,元太,71,13,58,元大-八德,2023-06-09,9813
5425,台半,72,16,56,元大-八德,2023-06-09,9813
2368,金像電,46,4,42,元大-八德,2023-06-09,9813
3653,健策,37,0,37,元大-八德,2023-06-09,9813
8215,明基材,40,4,36,元大-八德,2023-06-09,9813
00725B,國泰投資級公司債,35,0,35,元大-八德,2023-06-09,9813
2834,臺企銀,35,0,35,元大-八德,2023-06-09,9813
00929,復華台灣科技優息,36,5,31,元大-八德,2023-06-09,9813
1504,東元,30,0,30,元大-八德,2023-06-09,9813
2610,華航,32,3,29,元大-八德,2023-06-09,9813
1560,中砂,31,4,27,元大-八德,2023-06-09,9813
1533,車王電,26,0,26,元大-八德,2023-06-09,9813
2393,億光,24,1,23,元大-八德,2023-06-09,9813
6165,浪凡,23,0,23,元大-八德,2023-06-09,9813
2460,建通,22,0,22,元大-八德,2023-06-09,9813
2706,第一店,28,8,20,元大-八德,2023-06-09,9813
3290,東浦,20,0,20,元大-八德,2023-06-09,9813
6005,群益證,25,5,20,元大-八德,2023-06-09,9813
00919,群益台灣精選高息,18,0,18,元大-八德,2023-06-09,9813
6023,元大期,18,0,18,元大-八德,2023-06-09,9813
00642U,期元大S＆P石油,17,0,17,元大-八德,2023-06-09,9813
6517,保勝光學,18,2,16,元大-八德,2023-06-09,9813
2888,新光金,16,0,16,元大-八德,2023-06-09,9813
00751B,元大AAA至A公司債,15,0,15,元大-八德,2023-06-09,9813
9110,越南控-DR,15,0,15,元大-八德,2023-06-09,9813
00679B,元大美債20年,15,1,14,元大-八德,2023-06-09,9813
3038,全台,14,0,14,元大-八德,2023-06-09,9813
8086,宏捷科,15,1,14,元大-八德,2023-06-09,9813
3540,曜越,15,1,14,元大-八德,2023-06-09,9813
4979,華星光,19,6,13,元大-八德,2023-06-09,9813
2883,凱基金,11,0,11,元大-八德,2023-06-09,9813
3706,神達,11,0,11,元大-八德,2023-06-09,9813
2630,亞航,23,12,11,元大-八德,2023-06-09,9813
00761B,國泰A級公司債,10,0,10,元大-八德,2023-06-09,9813
2358,廷鑫,10,0,10,元大-八德,2023-06-09,9813
3704,合勤控,10,0,10,元大-八德,2023-06-09,9813
4551,智伸科,10,0,10,元大-八德,2023-06-09,9813
4956,光鋐,10,0,10,元大-八德,2023-06-09,9813
5608,四維航,10,0,10,元大-八德,2023-06-09,9813
6120,達運,10,0,10,元大-八德,2023-06-09,9813
6127,九豪,10,0,10,元大-八德,2023-06-09,9813
8076,伍豐,16,6,10,元大-八德,2023-06-09,9813
3264,欣銓,11,1,10,元大-八德,2023-06-09,9813
00713,元大台灣高息低波,9,0,9,元大-八德,2023-06-09,9813
2408,南亞科,10,1,9,元大-八德,2023-06-09,9813
3231,緯創,688,53,635,元大-八德,2023-06-12,9813
3189,景碩,140,5,135,元大-八德,2023-06-12,9813
00919,群益台灣精選高息,133,1,132,元大-八德,2023-06-12,9813
2457,飛宏,66,7,59,元大-八德,2023-06-12,9813
2618,長榮航,69,23,46,元大-八德,2023-06-12,9813
3059,華晶科,44,0,44,元大-八德,2023-06-12,9813
00642U,期元大S＆P石油,40,0,40,元大-八德,2023-06-12,9813
4966,譜瑞-KY,40,1,39,元大-八德,2023-06-12,9813
2371,大同,41,2,39,元大-八德,2023-06-12,9813
00712,復華富時不動產,37,0,37,元大-八德,2023-06-12,9813
6789,采鈺,35,0,35,元大-八德,2023-06-12,9813
4510,高鋒,32,0,32,元大-八德,2023-06-12,9813
00640L,富邦日本正2,31,0,31,元大-八德,2023-06-12,9813
6570,維田,30,0,30,元大-八德,2023-06-12,9813
2356,英業達,41,13,28,元大-八德,2023-06-12,9813
3374,精材,38,10,28,元大-八德,2023-06-12,9813
00632R,元大台灣50反1,27,0,27,元大-八德,2023-06-12,9813
2324,仁寶,24,0,24,元大-八德,2023-06-12,9813
00751B,元大AAA至A公司債,23,0,23,元大-八德,2023-06-12,9813
3653,健策,24,2,22,元大-八德,2023-06-12,9813
00725B,國泰投資級公司債,20,0,20,元大-八德,2023-06-12,9813
1611,中電,20,0,20,元大-八德,2023-06-12,9813
2883,凱基金,20,0,20,元大-八德,2023-06-12,9813
6136,富爾特,20,0,20,元大-八德,2023-06-12,9813
0056,元大高股息,22,2,20,元大-八德,2023-06-12,9813
6411,晶焱,23,4,19,元大-八德,2023-06-12,9813
00929,復華台灣科技優息,19,0,19,元大-八德,2023-06-12,9813
2610,華航,35,17,18,元大-八德,2023-06-12,9813
6743,安普新,21,4,17,元大-八德,2023-06-12,9813
8069,元太,24,8,16,元大-八德,2023-06-12,9813
1504,東元,20,4,16,元大-八德,2023-06-12,9813
6269,台郡,16,1,15,元大-八德,2023-06-12,9813
2882,國泰金,15,0,15,元大-八德,2023-06-12,9813
3264,欣銓,15,1,14,元大-八德,2023-06-12,9813
00715L,期街口布蘭特正2,14,0,14,元大-八德,2023-06-12,9813
3594,磐儀,11,0,11,元大-八德,2023-06-12,9813
1540,喬福,10,0,10,元大-八德,2023-06-12,9813
2401,凌陽,10,0,10,元大-八德,2023-06-12,9813
3004,豐達科,10,0,10,元大-八德,2023-06-12,9813
5439,高技,15,5,10,元大-八德,2023-06-12,9813
6603,富強鑫,10,0,10,元大-八德,2023-06-12,9813
9103,美德醫療-DR,12,2,10,元大-八德,2023-06-12,9813
8916,光隆,10,0,10,元大-八德,2023-06-12,9813
6166,凌華,10,0,10,元大-八德,2023-06-12,9813
2327,國巨,10,1,9,元大-八德,2023-06-12,9813
6185,幃翔,11,3,8,元大-八德,2023-06-12,9813
3576,聯合再生,8,0,8,元大-八德,2023-06-12,9813
6005,群益證,8,0,8,元大-八德,2023-06-12,9813
2388,威盛,14,6,8,元大-八德,2023-06-12,9813
6517,保勝光學,7,0,7,元大-八德,2023-06-12,9813
1806,冠軍,203,4,199,元大-八德,2023-06-13,9813
2888,新光金,84,0,84,元大-八德,2023-06-13,9813
6245,立端,82,2,80,元大-八德,2023-06-13,9813
00642U,期元大S＆P石油,51,0,51,元大-八德,2023-06-13,9813
00919,群益台灣精選高息,60,10,50,元大-八德,2023-06-13,9813
2312,金寶,57,15,42,元大-八德,2023-06-13,9813
6279,胡連,44,3,41,元大-八德,2023-06-13,9813
00715L,期街口布蘭特正2,34,0,34,元大-八德,2023-06-13,9813
1785,光洋科,33,1,32,元大-八德,2023-06-13,9813
00751B,元大AAA至A公司債,30,0,30,元大-八德,2023-06-13,9813
8926,台汽電,32,3,29,元大-八德,2023-06-13,9813
2883,凱基金,27,1,26,元大-八德,2023-06-13,9813
5450,南良,26,0,26,元大-八德,2023-06-13,9813
1540,喬福,25,0,25,元大-八德,2023-06-13,9813
3518,柏騰,25,0,25,元大-八德,2023-06-13,9813
6271,同欣電,24,1,23,元大-八德,2023-06-13,9813
6712,長聖,20,0,20,元大-八德,2023-06-13,9813
00725B,國泰投資級公司債,20,0,20,元大-八德,2023-06-13,9813
1815,富喬,20,0,20,元大-八德,2023-06-13,9813
2457,飛宏,37,17,20,元大-八德,2023-06-13,9813
1227,佳格,15,0,15,元大-八德,2023-06-13,9813
2489,瑞軒,24,10,14,元大-八德,2023-06-13,9813
2323,中環,17,5,12,元大-八德,2023-06-13,9813
2206,三陽工業,29,17,12,元大-八德,2023-06-13,9813
3141,晶宏,16,5,11,元大-八德,2023-06-13,9813
5425,台半,16,5,11,元大-八德,2023-06-13,9813
6456,GIS-KY,11,0,11,元大-八德,2023-06-13,9813
6531,愛普*,11,0,11,元大-八德,2023-06-13,9813
1906,寶隆,10,0,10,元大-八德,2023-06-13,9813
2337,旺宏,11,1,10,元大-八德,2023-06-13,9813
3022,威強電,9,0,9,元大-八德,2023-06-13,9813
6165,浪凡,10,1,9,元大-八德,2023-06-13,9813
6552,易華電,10,1,9,元大-八德,2023-06-13,9813
6282,康舒,10,2,8,元大-八德,2023-06-13,9813
8050,廣積,11,3,8,元大-八德,2023-06-13,9813
3189,景碩,8,0,8,元大-八德,2023-06-13,9813
00679B,元大美債20年,10,2,8,元大-八德,2023-06-13,9813
4770,上品,10,2,8,元大-八德,2023-06-13,9813
2882,國泰金,8,0,8,元大-八德,2023-06-13,9813
5465,富驊,54,46,8,元大-八德,2023-06-13,9813
9958,世紀鋼,7,0,7,元大-八德,2023-06-13,9813
2002,中鋼,17,10,7,元大-八德,2023-06-13,9813
2401,凌陽,9,2,7,元大-八德,2023-06-13,9813
2436,偉詮電,10,3,7,元大-八德,2023-06-13,9813
3406,玉晶光,7,0,7,元大-八德,2023-06-13,9813
4961,天鈺,7,0,7,元大-八德,2023-06-13,9813
6109,亞元,7,0,7,元大-八德,2023-06-13,9813
2376,技嘉,15,8,7,元大-八德,2023-06-13,9813
6789,采鈺,7,1,6,元大-八德,2023-06-13,9813
3715,定穎投控,6,0,6,元大-八德,2023-06-13,9813
2515,中工,116,14,102,元大-八德,2023-06-14,9813
00919,群益台灣精選高息,82,3,79,元大-八德,2023-06-14,9813
2834,臺企銀,60,0,60,元大-八德,2023-06-14,9813
00712,復華富時不動產,46,2,44,元大-八德,2023-06-14,9813
00751B,元大AAA至A公司債,37,0,37,元大-八德,2023-06-14,9813
2885,元大金,36,2,34,元大-八德,2023-06-14,9813
8421,旭源,30,0,30,元大-八德,2023-06-14,9813
2308,台達電,32,7,25,元大-八德,2023-06-14,9813
2888,新光金,38,15,23,元大-八德,2023-06-14,9813
3032,偉訓,25,3,22,元大-八德,2023-06-14,9813
1609,大亞,21,0,21,元大-八德,2023-06-14,9813
02001B,統一美國政府債N,20,0,20,元大-八德,2023-06-14,9813
1560,中砂,22,2,20,元大-八德,2023-06-14,9813
2324,仁寶,19,0,19,元大-八德,2023-06-14,9813
3017,奇鋐,29,10,19,元大-八德,2023-06-14,9813
4967,十銓,21,2,19,元大-八德,2023-06-14,9813
00679B,元大美債20年,17,0,17,元大-八德,2023-06-14,9813
8996,高力,16,0,16,元大-八德,2023-06-14,9813
8069,元太,18,3,15,元大-八德,2023-06-14,9813
3294,英濟,15,0,15,元大-八德,2023-06-14,9813
6223,旺矽,17,2,15,元大-八德,2023-06-14,9813
00687B,國泰20年美債,14,0,14,元大-八德,2023-06-14,9813
6182,合晶,20,6,14,元大-八德,2023-06-14,9813
1303,南亞,17,3,14,元大-八德,2023-06-14,9813
3481,群創,13,1,12,元大-八德,2023-06-14,9813
3058,立德,18,6,12,元大-八德,2023-06-14,9813
4770,上品,12,0,12,元大-八德,2023-06-14,9813
6005,群益證,12,0,12,元大-八德,2023-06-14,9813
5450,南良,11,0,11,元大-八德,2023-06-14,9813
00725B,國泰投資級公司債,10,0,10,元大-八德,2023-06-14,9813
1326,台化,10,0,10,元大-八德,2023-06-14,9813
2883,凱基金,10,0,10,元大-八德,2023-06-14,9813
3711,日月光投控,11,1,10,元大-八德,2023-06-14,9813
4906,正文,12,2,10,元大-八德,2023-06-14,9813
5251,天鉞電,10,0,10,元大-八德,2023-06-14,9813
5465,富驊,61,51,10,元大-八德,2023-06-14,9813
6122,擎邦,14,4,10,元大-八德,2023-06-14,9813
00900,富邦特選高股息30,10,1,9,元大-八德,2023-06-14,9813
2014,中鴻,12,3,9,元大-八德,2023-06-14,9813
6770,力積電,14,5,9,元大-八德,2023-06-14,9813
3583,辛耘,13,5,8,元大-八德,2023-06-14,9813
5301,寶得利,8,0,8,元大-八德,2023-06-14,9813
6789,采鈺,12,5,7,元大-八德,2023-06-14,9813
00915,凱基優選高股息30,7,0,7,元大-八德,2023-06-14,9813
1785,光洋科,10,3,7,元大-八德,2023-06-14,9813
3035,智原,27,20,7,元大-八德,2023-06-14,9813
3090,日電貿,7,0,7,元大-八德,2023-06-14,9813
3207,耀勝,9,2,7,元大-八德,2023-06-14,9813
4510,高鋒,8,1,7,元大-八德,2023-06-14,9813
5425,台半,8,1,7,元大-八德,2023-06-14,9813
2301,光寶科,735,196,539,元大-八德,2023-06-15,9813
2303,聯電,556,38,518,元大-八德,2023-06-15,9813
2405,輔信,232,4,228,元大-八德,2023-06-15,9813
2371,大同,227,104,123,元大-八德,2023-06-15,9813
00764B,群益25年美債,116,0,116,元大-八德,2023-06-15,9813
1802,台玻,100,2,98,元大-八德,2023-06-15,9813
00885,富邦越南,101,10,91,元大-八德,2023-06-15,9813
2312,金寶,90,17,73,元大-八德,2023-06-15,9813
1609,大亞,79,9,70,元大-八德,2023-06-15,9813
2867,三商壽,55,0,55,元大-八德,2023-06-15,9813
2369,菱生,61,7,54,元大-八德,2023-06-15,9813
00713,元大台灣高息低波,54,3,51,元大-八德,2023-06-15,9813
00919,群益台灣精選高息,68,20,48,元大-八德,2023-06-15,9813
2324,仁寶,49,5,44,元大-八德,2023-06-15,9813
2888,新光金,54,11,43,元大-八德,2023-06-15,9813
2618,長榮航,164,123,41,元大-八德,2023-06-15,9813
2885,元大金,40,1,39,元大-八德,2023-06-15,9813
4951,精拓科,37,0,37,元大-八德,2023-06-15,9813
1560,中砂,72,35,37,元大-八德,2023-06-15,9813
6806,森崴能源,31,0,31,元大-八德,2023-06-15,9813
2610,華航,283,256,27,元大-八德,2023-06-15,9813
00751B,元大AAA至A公司債,27,0,27,元大-八德,2023-06-15,9813
3294,英濟,25,0,25,元大-八德,2023-06-15,9813
3356,奇偶,25,0,25,元大-八德,2023-06-15,9813
00929,復華台灣科技優息,21,0,21,元大-八德,2023-06-15,9813
2436,偉詮電,19,0,19,元大-八德,2023-06-15,9813
4973,廣穎,22,3,19,元大-八德,2023-06-15,9813
8234,新漢,19,1,18,元大-八德,2023-06-15,9813
3022,威強電,32,15,17,元大-八德,2023-06-15,9813
2317,鴻海,29,13,16,元大-八德,2023-06-15,9813
2609,陽明,23,7,16,元大-八德,2023-06-15,9813
8421,旭源,16,0,16,元大-八德,2023-06-15,9813
00882,中信中國高股息,16,1,15,元大-八德,2023-06-15,9813
1540,喬福,15,0,15,元大-八德,2023-06-15,9813
6205,詮欣,17,2,15,元大-八德,2023-06-15,9813
1611,中電,16,1,15,元大-八德,2023-06-15,9813
4743,合一,15,0,15,元大-八德,2023-06-15,9813
2356,英業達,106,92,14,元大-八德,2023-06-15,9813
2482,連宇,27,13,14,元大-八德,2023-06-15,9813
00680L,元大美債20正2,13,0,13,元大-八德,2023-06-15,9813
2409,友達,14,1,13,元大-八德,2023-06-15,9813
3005,神基,14,1,13,元大-八德,2023-06-15,9813
3264,欣銓,13,0,13,元大-八德,2023-06-15,9813
00720B,元大投資級公司債,12,0,12,元大-八德,2023-06-15,9813
1504,東元,16,4,12,元大-八德,2023-06-15,9813
8039,台虹,16,5,11,元大-八德,2023-06-15,9813
6446,藥華藥,10,0,10,元大-八德,2023-06-15,9813
1326,台化,10,0,10,元大-八德,2023-06-15,9813
1513,中興電,21,11,10,元大-八德,2023-06-15,9813
1711,永光,10,0,10,元大-八德,2023-06-15,9813
4967,十銓,551,20,531,元大-八德,2023-06-16,9813
1609,大亞,336,19,317,元大-八德,2023-06-16,9813
2834,臺企銀,230,0,230,元大-八德,2023-06-16,9813
2610,華航,427,296,131,元大-八德,2023-06-16,9813
3231,緯創,667,540,127,元大-八德,2023-06-16,9813
2201,裕隆,101,1,100,元大-八德,2023-06-16,9813
2913,農林,101,1,100,元大-八德,2023-06-16,9813
9939,宏全,100,0,100,元大-八德,2023-06-16,9813
6147,頎邦,81,1,80,元大-八德,2023-06-16,9813
2371,大同,158,88,70,元大-八德,2023-06-16,9813
2359,所羅門,124,56,68,元大-八德,2023-06-16,9813
00919,群益台灣精選高息,67,0,67,元大-八德,2023-06-16,9813
2376,技嘉,73,26,47,元大-八德,2023-06-16,9813
00878,國泰永續高股息,66,20,46,元大-八德,2023-06-16,9813
2801,彰銀,40,2,38,元大-八德,2023-06-16,9813
3017,奇鋐,58,23,35,元大-八德,2023-06-16,9813
00882,中信中國高股息,34,0,34,元大-八德,2023-06-16,9813
00640L,富邦日本正2,32,0,32,元大-八德,2023-06-16,9813
1810,和成,32,0,32,元大-八德,2023-06-16,9813
2324,仁寶,52,22,30,元大-八德,2023-06-16,9813
6806,森崴能源,32,2,30,元大-八德,2023-06-16,9813
3047,訊舟,26,0,26,元大-八德,2023-06-16,9813
1815,富喬,28,3,25,元大-八德,2023-06-16,9813
3260,威剛,54,29,25,元大-八德,2023-06-16,9813
1605,華新,91,67,24,元大-八德,2023-06-16,9813
5465,富驊,33,10,23,元大-八德,2023-06-16,9813
3038,全台,26,4,22,元大-八德,2023-06-16,9813
2337,旺宏,33,12,21,元大-八德,2023-06-16,9813
00720B,元大投資級公司債,21,1,20,元大-八德,2023-06-16,9813
2415,錩新,20,0,20,元大-八德,2023-06-16,9813
8215,明基材,20,0,20,元大-八德,2023-06-16,9813
3276,宇環,18,0,18,元大-八德,2023-06-16,9813
2897,王道銀行,17,0,17,元大-八德,2023-06-16,9813
6223,旺矽,23,6,17,元大-八德,2023-06-16,9813
2885,元大金,16,0,16,元大-八德,2023-06-16,9813
2385,群光,16,0,16,元大-八德,2023-06-16,9813
6205,詮欣,16,0,16,元大-八德,2023-06-16,9813
2888,新光金,19,3,16,元大-八德,2023-06-16,9813
2345,智邦,16,3,13,元大-八德,2023-06-16,9813
6531,愛普*,13,0,13,元大-八德,2023-06-16,9813
00632R,元大台灣50反1,12,0,12,元大-八德,2023-06-16,9813
1301,台塑,12,0,12,元大-八德,2023-06-16,9813
2845,遠東銀,12,0,12,元大-八德,2023-06-16,9813
3050,鈺德,12,0,12,元大-八德,2023-06-16,9813
4961,天鈺,15,3,12,元大-八德,2023-06-16,9813
5009,榮剛,12,0,12,元大-八德,2023-06-16,9813
6788,華景電,12,0,12,元大-八德,2023-06-16,9813
3005,神基,15,4,11,元大-八德,2023-06-16,9813
3022,威強電,13,2,11,元大-八德,2023-06-16,9813
1215,卜蜂,11,0,11,元大-八德,2023-06-16,9813
2369,菱生,200,0,200,元大-八德,2023-06-19,9813
1605,華新,183,16,167,元大-八德,2023-06-19,9813
1609,大亞,126,0,126,元大-八德,2023-06-19,9813
3481,群創,357,253,104,元大-八德,2023-06-19,9813
3231,緯創,268,204,64,元大-八德,2023-06-19,9813
2883,凱基金,53,6,47,元大-八德,2023-06-19,9813
2104,國際中橡,47,5,42,元大-八德,2023-06-19,9813
2536,宏普,40,0,40,元大-八德,2023-06-19,9813
020023,元大櫃買半導體N,35,0,35,元大-八德,2023-06-19,9813
2301,光寶科,36,2,34,元大-八德,2023-06-19,9813
00795B,中信美國公債20年,33,0,33,元大-八德,2023-06-19,9813
2887,台新金,41,10,31,元大-八德,2023-06-19,9813
020026,兆豐上櫃ESG電菁N,30,0,30,元大-八德,2023-06-19,9813
3037,欣興,32,3,29,元大-八德,2023-06-19,9813
4303,信立,27,0,27,元大-八德,2023-06-19,9813
00751B,元大AAA至A公司債,25,0,25,元大-八德,2023-06-19,9813
2324,仁寶,40,18,22,元大-八德,2023-06-19,9813
3706,神達,26,4,22,元大-八德,2023-06-19,9813
2303,聯電,26,5,21,元大-八德,2023-06-19,9813
2609,陽明,22,1,21,元大-八德,2023-06-19,9813
1504,東元,28,8,20,元大-八德,2023-06-19,9813
2314,台揚,20,0,20,元大-八德,2023-06-19,9813
4572,駐龍,20,0,20,元大-八德,2023-06-19,9813
2834,臺企銀,20,0,20,元大-八德,2023-06-19,9813
2317,鴻海,16,0,16,元大-八德,2023-06-19,9813
1789,神隆,15,0,15,元大-八德,2023-06-19,9813
2402,毅嘉,17,2,15,元大-八德,2023-06-19,9813
6603,富強鑫,15,0,15,元大-八德,2023-06-19,9813
6147,頎邦,16,3,13,元大-八德,2023-06-19,9813
3276,宇環,13,0,13,元大-八德,2023-06-19,9813
3050,鈺德,12,0,12,元大-八德,2023-06-19,9813
3363,上詮,13,1,12,元大-八德,2023-06-19,9813
2330,台積電,12,0,12,元大-八德,2023-06-19,9813
3032,偉訓,11,0,11,元大-八德,2023-06-19,9813
3380,明泰,17,6,11,元大-八德,2023-06-19,9813
00671R,富邦NASDAQ反1,10,0,10,元大-八德,2023-06-19,9813
2331,精英,10,0,10,元大-八德,2023-06-19,9813
2882,國泰金,10,0,10,元大-八德,2023-06-19,9813
6165,浪凡,10,0,10,元大-八德,2023-06-19,9813
2634,漢翔,51,41,10,元大-八德,2023-06-19,9813
2030,彰源,9,0,9,元大-八德,2023-06-19,9813
6104,創惟,13,4,9,元大-八德,2023-06-19,9813
00712,復華富時不動產,9,0,9,元大-八德,2023-06-19,9813
00900,富邦特選高股息30,9,1,8,元大-八德,2023-06-19,9813
2891,中信金,10,2,8,元大-八德,2023-06-19,9813
3005,神基,8,0,8,元大-八德,2023-06-19,9813
1802,台玻,14,6,8,元大-八德,2023-06-19,9813
6148,驊宏資,34,27,7,元大-八德,2023-06-19,9813
00642U,期元大S＆P石油,10,3,7,元大-八德,2023-06-19,9813
2356,英業達,11,4,7,元大-八德,2023-06-19,9813
6147,頎邦,119,0,119,元大-八德,2023-06-20,9813
3231,緯創,108,28,80,元大-八德,2023-06-20,9813
6217,中探針,325,248,77,元大-八德,2023-06-20,9813
2201,裕隆,57,2,55,元大-八德,2023-06-20,9813
5465,富驊,55,1,54,元大-八德,2023-06-20,9813
00878,國泰永續高股息,45,3,42,元大-八德,2023-06-20,9813
3706,神達,41,3,38,元大-八德,2023-06-20,9813
2504,國產,32,0,32,元大-八德,2023-06-20,9813
2886,兆豐金,30,0,30,元大-八德,2023-06-20,9813
2385,群光,26,0,26,元大-八德,2023-06-20,9813
2454,聯發科,31,5,26,元大-八德,2023-06-20,9813
1789,神隆,24,0,24,元大-八德,2023-06-20,9813
1504,東元,56,33,23,元大-八德,2023-06-20,9813
2301,光寶科,22,0,22,元大-八德,2023-06-20,9813
020026,兆豐上櫃ESG電菁N,22,0,22,元大-八德,2023-06-20,9813
4306,炎洲,20,0,20,元大-八德,2023-06-20,9813
00751B,元大AAA至A公司債,19,0,19,元大-八德,2023-06-20,9813
5706,鳳凰,24,8,16,元大-八德,2023-06-20,9813
2337,旺宏,16,1,15,元大-八德,2023-06-20,9813
4538,大詠城,15,0,15,元大-八德,2023-06-20,9813
6416,瑞祺電通,15,0,15,元大-八德,2023-06-20,9813
00720B,元大投資級公司債,16,2,14,元大-八德,2023-06-20,9813
2356,英業達,21,7,14,元大-八德,2023-06-20,9813
3006,晶豪科,12,0,12,元大-八德,2023-06-20,9813
5469,瀚宇博,11,0,11,元大-八德,2023-06-20,9813
00712,復華富時不動產,11,0,11,元大-八德,2023-06-20,9813
00645,富邦日本,10,0,10,元大-八德,2023-06-20,9813
00687B,國泰20年美債,10,0,10,元大-八德,2023-06-20,9813
00725B,國泰投資級公司債,10,0,10,元大-八德,2023-06-20,9813
2017,官田鋼,10,0,10,元大-八德,2023-06-20,9813
2359,所羅門,10,0,10,元大-八德,2023-06-20,9813
2413,環科,10,0,10,元大-八德,2023-06-20,9813
2705,六福,19,9,10,元大-八德,2023-06-20,9813
4510,高鋒,10,0,10,元大-八德,2023-06-20,9813
6165,浪凡,10,0,10,元大-八德,2023-06-20,9813
6603,富強鑫,10,0,10,元大-八德,2023-06-20,9813
3702,大聯大,10,0,10,元大-八德,2023-06-20,9813
2382,廣達,20,11,9,元大-八德,2023-06-20,9813
00900,富邦特選高股息30,9,0,9,元大-八德,2023-06-20,9813
2313,華通,9,0,9,元大-八德,2023-06-20,9813
3264,欣銓,10,2,8,元大-八德,2023-06-20,9813
3682,亞太電,8,0,8,元大-八德,2023-06-20,9813
6194,育富,8,0,8,元大-八德,2023-06-20,9813
00679B,元大美債20年,7,0,7,元大-八德,2023-06-20,9813
2887,台新金,9,2,7,元大-八德,2023-06-20,9813
8271,宇瞻,7,0,7,元大-八德,2023-06-20,9813
5284,jpp-KY,7,0,7,元大-八德,2023-06-20,9813
8222,寶一,55,48,7,元大-八德,2023-06-20,9813
1752,南光,6,0,6,元大-八德,2023-06-20,9813
1760,寶齡富錦,6,0,6,元大-八德,2023-06-20,9813
00665L,富邦�琤肭磪囓�2,300,0,300,元大-八德,2023-06-21,9813
2352,佳世達,136,0,136,元大-八德,2023-06-21,9813
3481,群創,153,57,96,元大-八德,2023-06-21,9813
2201,裕隆,93,0,93,元大-八德,2023-06-21,9813
4979,華星光,94,33,61,元大-八德,2023-06-21,9813
2301,光寶科,70,25,45,元大-八德,2023-06-21,9813
2634,漢翔,52,7,45,元大-八德,2023-06-21,9813
6016,康和證,42,0,42,元大-八德,2023-06-21,9813
2618,長榮航,48,11,37,元大-八德,2023-06-21,9813
00712,復華富時不動產,31,0,31,元大-八德,2023-06-21,9813
00725B,國泰投資級公司債,30,0,30,元大-八德,2023-06-21,9813
2457,飛宏,46,16,30,元大-八德,2023-06-21,9813
1605,華新,30,6,24,元大-八德,2023-06-21,9813
3042,晶技,23,1,22,元大-八德,2023-06-21,9813
2704,國賓,22,0,22,元大-八德,2023-06-21,9813
3032,偉訓,26,4,22,元大-八德,2023-06-21,9813
8358,金居,45,24,21,元大-八德,2023-06-21,9813
1540,喬福,20,0,20,元大-八德,2023-06-21,9813
4306,炎洲,20,0,20,元大-八德,2023-06-21,9813
5469,瀚宇博,20,0,20,元大-八德,2023-06-21,9813
3443,創意,18,1,17,元大-八德,2023-06-21,9813
00679B,元大美債20年,29,12,17,元大-八德,2023-06-21,9813
3264,欣銓,16,1,15,元大-八德,2023-06-21,9813
6165,浪凡,15,0,15,元大-八德,2023-06-21,9813
2323,中環,36,21,15,元大-八德,2023-06-21,9813
8069,元太,14,0,14,元大-八德,2023-06-21,9813
2637,慧洋-KY,14,0,14,元大-八德,2023-06-21,9813
2883,凱基金,15,2,13,元大-八德,2023-06-21,9813
4157,太景*-KY,13,0,13,元大-八德,2023-06-21,9813
9945,潤泰新,12,0,12,元大-八德,2023-06-21,9813
00882,中信中國高股息,10,0,10,元大-八德,2023-06-21,9813
4916,事欣科,60,50,10,元大-八德,2023-06-21,9813
020026,兆豐上櫃ESG電菁N,10,0,10,元大-八德,2023-06-21,9813
2354,鴻準,10,0,10,元大-八德,2023-06-21,9813
2385,群光,10,0,10,元大-八德,2023-06-21,9813
2539,櫻花建,10,0,10,元大-八德,2023-06-21,9813
4747,強生,10,0,10,元大-八德,2023-06-21,9813
4973,廣穎,10,0,10,元大-八德,2023-06-21,9813
2609,陽明,10,1,9,元大-八德,2023-06-21,9813
2428,興勤,10,1,9,元大-八德,2023-06-21,9813
2481,強茂,10,1,9,元大-八德,2023-06-21,9813
00919,群益台灣精選高息,8,0,8,元大-八德,2023-06-21,9813
2104,國際中橡,8,0,8,元大-八德,2023-06-21,9813
2317,鴻海,10,2,8,元大-八德,2023-06-21,9813
2349,錸德,8,0,8,元大-八德,2023-06-21,9813
2362,藍天,8,0,8,元大-八德,2023-06-21,9813
1584,精剛,7,0,7,元大-八德,2023-06-21,9813
1528,恩德,10,3,7,元大-八德,2023-06-21,9813
2027,大成鋼,7,0,7,元大-八德,2023-06-21,9813
2034,允強,7,0,7,元大-八德,2023-06-21,9813
1802,台玻,104,5,99,元大-八德,2023-06-26,9813
2405,輔信,94,3,91,元大-八德,2023-06-26,9813
2201,裕隆,52,0,52,元大-八德,2023-06-26,9813
5289,宜鼎,43,2,41,元大-八德,2023-06-26,9813
3653,健策,40,0,40,元大-八德,2023-06-26,9813
00751B,元大AAA至A公司債,32,1,31,元大-八德,2023-06-26,9813
3050,鈺德,30,0,30,元大-八德,2023-06-26,9813
00642U,期元大S＆P石油,26,0,26,元大-八德,2023-06-26,9813
2801,彰銀,25,0,25,元大-八德,2023-06-26,9813
4303,信立,25,0,25,元大-八德,2023-06-26,9813
2883,凱基金,24,0,24,元大-八德,2023-06-26,9813
00712,復華富時不動產,21,0,21,元大-八德,2023-06-26,9813
3037,欣興,25,5,20,元大-八德,2023-06-26,9813
6712,長聖,20,0,20,元大-八德,2023-06-26,9813
5465,富驊,26,7,19,元大-八德,2023-06-26,9813
00878,國泰永續高股息,19,0,19,元大-八德,2023-06-26,9813
3360,尚立,15,0,15,元大-八德,2023-06-26,9813
4979,華星光,22,7,15,元大-八德,2023-06-26,9813
6165,浪凡,15,0,15,元大-八德,2023-06-26,9813
8210,勤誠,18,3,15,元大-八德,2023-06-26,9813
8996,高力,15,0,15,元大-八德,2023-06-26,9813
6109,亞元,19,5,14,元大-八德,2023-06-26,9813
00882,中信中國高股息,13,0,13,元大-八德,2023-06-26,9813
4138,曜亞,13,0,13,元大-八德,2023-06-26,9813
5425,台半,14,1,13,元大-八德,2023-06-26,9813
2301,光寶科,24,12,12,元大-八德,2023-06-26,9813
6147,頎邦,12,0,12,元大-八德,2023-06-26,9813
2726,雅茗-KY,11,0,11,元大-八德,2023-06-26,9813
2834,臺企銀,10,0,10,元大-八德,2023-06-26,9813
3006,晶豪科,10,0,10,元大-八德,2023-06-26,9813
00725B,國泰投資級公司債,10,0,10,元大-八德,2023-06-26,9813
00919,群益台灣精選高息,10,0,10,元大-八德,2023-06-26,9813
020026,兆豐上櫃ESG電菁N,10,0,10,元大-八德,2023-06-26,9813
1460,宏遠,10,0,10,元大-八德,2023-06-26,9813
1611,中電,10,0,10,元大-八德,2023-06-26,9813
2425,承啟,21,11,10,元大-八德,2023-06-26,9813
3089,億杰,10,0,10,元大-八德,2023-06-26,9813
3380,明泰,16,6,10,元大-八德,2023-06-26,9813
3528,安馳,10,0,10,元大-八德,2023-06-26,9813
2303,聯電,59,49,10,元大-八德,2023-06-26,9813
2382,廣達,20,11,9,元大-八德,2023-06-26,9813
1533,車王電,14,5,9,元大-八德,2023-06-26,9813
2104,國際中橡,13,4,9,元大-八德,2023-06-26,9813
8926,台汽電,10,1,9,元大-八德,2023-06-26,9813
2606,裕民,9,0,9,元大-八德,2023-06-26,9813
2330,台積電,9,1,8,元大-八德,2023-06-26,9813
8069,元太,19,11,8,元大-八德,2023-06-26,9813
2313,華通,8,0,8,元大-八德,2023-06-26,9813
2539,櫻花建,8,0,8,元大-八德,2023-06-26,9813
2887,台新金,10,2,8,元大-八德,2023-06-26,9813
2211,長榮鋼,120,1,119,元大-八德,2023-06-27,9813
2515,中工,105,6,99,元大-八德,2023-06-27,9813
00878,國泰永續高股息,90,13,77,元大-八德,2023-06-27,9813
2610,華航,202,136,66,元大-八德,2023-06-27,9813
2355,敬鵬,60,0,60,元大-八德,2023-06-27,9813
2303,聯電,61,4,57,元大-八德,2023-06-27,9813
2369,菱生,54,0,54,元大-八德,2023-06-27,9813
00632R,元大台灣50反1,50,0,50,元大-八德,2023-06-27,9813
2409,友達,46,1,45,元大-八德,2023-06-27,9813
2887,台新金,45,2,43,元大-八德,2023-06-27,9813
2201,裕隆,32,1,31,元大-八德,2023-06-27,9813
6570,維田,32,6,26,元大-八德,2023-06-27,9813
3481,群創,28,5,23,元大-八德,2023-06-27,9813
2382,廣達,30,9,21,元大-八德,2023-06-27,9813
6122,擎邦,21,0,21,元大-八德,2023-06-27,9813
6415,矽力*-KY,22,1,21,元大-八德,2023-06-27,9813
3447,展達,20,0,20,元大-八德,2023-06-27,9813
2344,華邦電,20,0,20,元大-八德,2023-06-27,9813
1609,大亞,31,12,19,元大-八德,2023-06-27,9813
1514,亞力,25,8,17,元大-八德,2023-06-27,9813
4138,曜亞,27,10,17,元大-八德,2023-06-27,9813
2498,宏達電,16,0,16,元大-八德,2023-06-27,9813
2408,南亞科,17,1,16,元大-八德,2023-06-27,9813
0056,元大高股息,21,5,16,元大-八德,2023-06-27,9813
00687B,國泰20年美債,15,0,15,元大-八德,2023-06-27,9813
2801,彰銀,15,0,15,元大-八德,2023-06-27,9813
2353,宏��,13,0,13,元大-八德,2023-06-27,9813
6770,力積電,13,2,11,元大-八德,2023-06-27,9813
1905,華紙,14,3,11,元大-八德,2023-06-27,9813
4510,高鋒,13,2,11,元大-八德,2023-06-27,9813
6116,彩晶,11,0,11,元大-八德,2023-06-27,9813
00900,富邦特選高股息30,14,3,11,元大-八德,2023-06-27,9813
00923,群益台ESG低碳50,10,0,10,元大-八德,2023-06-27,9813
1611,中電,10,0,10,元大-八德,2023-06-27,9813
2337,旺宏,11,1,10,元大-八德,2023-06-27,9813
2354,鴻準,10,0,10,元大-八德,2023-06-27,9813
2736,富野,10,0,10,元大-八德,2023-06-27,9813
5351,鈺創,10,0,10,元大-八德,2023-06-27,9813
6139,亞翔,10,0,10,元大-八德,2023-06-27,9813
6461,益得,10,0,10,元大-八德,2023-06-27,9813
1815,富喬,11,1,10,元大-八德,2023-06-27,9813
3032,偉訓,10,1,9,元大-八德,2023-06-27,9813
3581,博磊,9,0,9,元大-八德,2023-06-27,9813
5284,jpp-KY,10,1,9,元大-八德,2023-06-27,9813
6188,廣明,38,29,9,元大-八德,2023-06-27,9813
1605,華新,20,12,8,元大-八德,2023-06-27,9813
1503,士電,18,10,8,元大-八德,2023-06-27,9813
1402,遠東新,8,0,8,元大-八德,2023-06-27,9813
6133,金橋,8,0,8,元大-八德,2023-06-27,9813
6185,幃翔,8,0,8,元大-八德,2023-06-27,9813
2801,彰銀,70,0,70,元大-八德,2023-06-28,9813
00715L,期街口布蘭特正2,56,0,56,元大-八德,2023-06-28,9813
1340,勝悅-KY,35,0,35,元大-八德,2023-06-28,9813
00642U,期元大S＆P石油,32,0,32,元大-八德,2023-06-28,9813
1447,力鵬,35,4,31,元大-八德,2023-06-28,9813
2059,川湖,33,4,29,元大-八德,2023-06-28,9813
2887,台新金,50,21,29,元大-八德,2023-06-28,9813
1504,東元,29,2,27,元大-八德,2023-06-28,9813
1301,台塑,27,0,27,元大-八德,2023-06-28,9813
2358,廷鑫,26,0,26,元大-八德,2023-06-28,9813
6843,進典,25,0,25,元大-八德,2023-06-28,9813
1605,華新,36,12,24,元大-八德,2023-06-28,9813
4138,曜亞,45,21,24,元大-八德,2023-06-28,9813
5465,富驊,34,11,23,元大-八德,2023-06-28,9813
2344,華邦電,22,0,22,元大-八德,2023-06-28,9813
3653,健策,20,0,20,元大-八德,2023-06-28,9813
6182,合晶,19,1,18,元大-八德,2023-06-28,9813
00751B,元大AAA至A公司債,17,0,17,元大-八德,2023-06-28,9813
2884,玉山金,17,0,17,元大-八德,2023-06-28,9813
2303,聯電,16,1,15,元大-八德,2023-06-28,9813
2371,大同,52,37,15,元大-八德,2023-06-28,9813
00687B,國泰20年美債,15,0,15,元大-八德,2023-06-28,9813
2609,陽明,15,0,15,元大-八德,2023-06-28,9813
3231,緯創,51,36,15,元大-八德,2023-06-28,9813
2014,中鴻,19,6,13,元大-八德,2023-06-28,9813
00679B,元大美債20年,13,1,12,元大-八德,2023-06-28,9813
00772B,中信高評級公司債,12,0,12,元大-八德,2023-06-28,9813
00773B,中信優先金融債,12,0,12,元大-八德,2023-06-28,9813
00761B,國泰A級公司債,12,0,12,元大-八德,2023-06-28,9813
00746B,富邦A級公司債,12,0,12,元大-八德,2023-06-28,9813
2340,台亞,15,3,12,元大-八德,2023-06-28,9813
4967,十銓,12,0,12,元大-八德,2023-06-28,9813
5309,系統電,12,0,12,元大-八德,2023-06-28,9813
3481,群創,14,2,12,元大-八德,2023-06-28,9813
00780B,國泰A級金融債,12,1,11,元大-八德,2023-06-28,9813
00919,群益台灣精選高息,11,0,11,元大-八德,2023-06-28,9813
2888,新光金,11,0,11,元大-八德,2023-06-28,9813
3078,僑威,29,18,11,元大-八德,2023-06-28,9813
6237,驊訊,11,0,11,元大-八德,2023-06-28,9813
020023,元大櫃買半導體N,10,0,10,元大-八德,2023-06-28,9813
00696B,富邦美債20年,10,0,10,元大-八德,2023-06-28,9813
00795B,中信美國公債20年,10,0,10,元大-八德,2023-06-28,9813
00857B,永豐20年美公債,10,0,10,元大-八德,2023-06-28,9813
00836B,永豐10年A公司債,10,0,10,元大-八德,2023-06-28,9813
4551,智伸科,10,0,10,元大-八德,2023-06-28,9813
6016,康和證,10,0,10,元大-八德,2023-06-28,9813
00777B,凱基AAA至A公司債,9,0,9,元大-八德,2023-06-28,9813
4174,浩鼎,10,1,9,元大-八德,2023-06-28,9813
6185,幃翔,10,1,9,元大-八德,2023-06-28,9813
3260,威剛,10,1,9,元大-八德,2023-06-28,9813
00632R,元大台灣50反1,130,0,130,元大-八德,2023-06-29,9813
9958,世紀鋼,134,10,124,元大-八德,2023-06-29,9813
2317,鴻海,80,0,80,元大-八德,2023-06-29,9813
00637L,元大滬深300正2,80,0,80,元大-八德,2023-06-29,9813
3481,群創,67,1,66,元大-八德,2023-06-29,9813
3005,神基,57,0,57,元大-八德,2023-06-29,9813
2887,台新金,55,0,55,元大-八德,2023-06-29,9813
00751B,元大AAA至A公司債,53,0,53,元大-八德,2023-06-29,9813
3105,穩懋,36,1,35,元大-八德,2023-06-29,9813
00773B,中信優先金融債,32,0,32,元大-八德,2023-06-29,9813
00772B,中信高評級公司債,32,0,32,元大-八德,2023-06-29,9813
6016,康和證,30,0,30,元大-八德,2023-06-29,9813
6116,彩晶,50,20,30,元大-八德,2023-06-29,9813
00922,國泰台灣領袖50,28,0,28,元大-八德,2023-06-29,9813
00687B,國泰20年美債,30,2,28,元大-八德,2023-06-29,9813
00857B,永豐20年美公債,24,0,24,元大-八德,2023-06-29,9813
3665,貿聯-KY,24,4,20,元大-八德,2023-06-29,9813
4138,曜亞,19,0,19,元大-八德,2023-06-29,9813
2303,聯電,16,0,16,元大-八德,2023-06-29,9813
00780B,國泰A級金融債,16,0,16,元大-八德,2023-06-29,9813
2201,裕隆,17,1,16,元大-八德,2023-06-29,9813
6669,緯穎,18,2,16,元大-八德,2023-06-29,9813
1905,華紙,25,10,15,元大-八德,2023-06-29,9813
2618,長榮航,39,27,12,元大-八德,2023-06-29,9813
3089,億杰,12,0,12,元大-八德,2023-06-29,9813
3419,譁裕,12,0,12,元大-八德,2023-06-29,9813
5465,富驊,13,1,12,元大-八德,2023-06-29,9813
3380,明泰,14,3,11,元大-八德,2023-06-29,9813
00631L,元大台灣50正2,11,0,11,元大-八德,2023-06-29,9813
1605,華新,13,3,10,元大-八德,2023-06-29,9813
00679B,元大美債20年,10,0,10,元大-八德,2023-06-29,9813
00725B,國泰投資級公司債,10,0,10,元大-八德,2023-06-29,9813
1444,力麗,10,0,10,元大-八德,2023-06-29,9813
1457,宜進,10,0,10,元大-八德,2023-06-29,9813
2363,矽統,10,0,10,元大-八德,2023-06-29,9813
2801,彰銀,10,0,10,元大-八德,2023-06-29,9813
4102,永日,10,0,10,元大-八德,2023-06-29,9813
4503,金雨,10,0,10,元大-八德,2023-06-29,9813
6180,橘子,10,0,10,元大-八德,2023-06-29,9813
6185,幃翔,10,0,10,元大-八德,2023-06-29,9813
00900,富邦特選高股息30,9,0,9,元大-八德,2023-06-29,9813
4551,智伸科,10,1,9,元大-八德,2023-06-29,9813
1904,正隆,10,2,8,元大-八德,2023-06-29,9813
2881,富邦金,9,1,8,元大-八德,2023-06-29,9813
6276,安鈦克,8,0,8,元大-八德,2023-06-29,9813
2412,中華電,7,0,7,元大-八德,2023-06-29,9813
1303,南亞,7,0,7,元大-八德,2023-06-29,9813
2027,大成鋼,7,0,7,元大-八德,2023-06-29,9813
2427,三商電,8,1,7,元大-八德,2023-06-29,9813
2867,三商壽,7,0,7,元大-八德,2023-06-29,9813
00680L,元大美債20正2,414,150,264,元大-八德,2023-06-30,9813
2834,臺企銀,229,0,229,元大-八德,2023-06-30,9813
00878,國泰永續高股息,114,12,102,元大-八德,2023-06-30,9813
2369,菱生,100,0,100,元大-八德,2023-06-30,9813
00632R,元大台灣50反1,99,0,99,元大-八德,2023-06-30,9813
1616,億泰,63,0,63,元大-八德,2023-06-30,9813
00751B,元大AAA至A公司債,55,0,55,元大-八德,2023-06-30,9813
3290,東浦,55,0,55,元大-八德,2023-06-30,9813
00640L,富邦日本正2,50,0,50,元大-八德,2023-06-30,9813
2603,長榮,53,13,40,元大-八德,2023-06-30,9813
4138,曜亞,35,0,35,元大-八德,2023-06-30,9813
00772B,中信高評級公司債,34,0,34,元大-八德,2023-06-30,9813
2883,凱基金,37,3,34,元大-八德,2023-06-30,9813
00780B,國泰A級金融債,32,0,32,元大-八德,2023-06-30,9813
00773B,中信優先金融債,30,0,30,元大-八德,2023-06-30,9813
3576,聯合再生,30,0,30,元大-八德,2023-06-30,9813
8996,高力,31,4,27,元大-八德,2023-06-30,9813
2344,華邦電,27,1,26,元大-八德,2023-06-30,9813
00857B,永豐20年美公債,26,0,26,元大-八德,2023-06-30,9813
4123,晟德,27,1,26,元大-八德,2023-06-30,9813
2323,中環,33,8,25,元大-八德,2023-06-30,9813
00687B,國泰20年美債,23,0,23,元大-八德,2023-06-30,9813
2882,國泰金,22,0,22,元大-八德,2023-06-30,9813
1605,華新,25,3,22,元大-八德,2023-06-30,9813
1457,宜進,21,0,21,元大-八德,2023-06-30,9813
3005,神基,25,4,21,元大-八德,2023-06-30,9813
4743,合一,21,1,20,元大-八德,2023-06-30,9813
2405,輔信,20,0,20,元大-八德,2023-06-30,9813
3058,立德,20,0,20,元大-八德,2023-06-30,9813
6541,泰福-KY,19,0,19,元大-八德,2023-06-30,9813
3078,僑威,28,10,18,元大-八德,2023-06-30,9813
6806,森崴能源,20,3,17,元大-八德,2023-06-30,9813
2371,大同,37,21,16,元大-八德,2023-06-30,9813
2618,長榮航,20,5,15,元大-八德,2023-06-30,9813
6841,長佳智能,15,0,15,元大-八德,2023-06-30,9813
1340,勝悅-KY,15,1,14,元大-八德,2023-06-30,9813
00720B,元大投資級公司債,13,0,13,元大-八德,2023-06-30,9813
2104,國際中橡,13,0,13,元大-八德,2023-06-30,9813
2385,群光,14,1,13,元大-八德,2023-06-30,9813
2303,聯電,12,0,12,元大-八德,2023-06-30,9813
4106,雃博,11,0,11,元大-八德,2023-06-30,9813
2903,遠百,10,0,10,元大-八德,2023-06-30,9813
00922,國泰台灣領袖50,10,0,10,元大-八德,2023-06-30,9813
2409,友達,10,0,10,元大-八德,2023-06-30,9813
2543,皇昌,10,0,10,元大-八德,2023-06-30,9813
3071,協禧,10,0,10,元大-八德,2023-06-30,9813
4438,廣越,10,0,10,元大-八德,2023-06-30,9813
4551,智伸科,10,0,10,元大-八德,2023-06-30,9813
6111,大宇資,14,4,10,元大-八德,2023-06-30,9813
6185,幃翔,11,1,10,元大-八德,2023-06-30,9813
2610,華航,174,37,137,元大-八德,2023-07-03,9813
3231,緯創,237,122,115,元大-八德,2023-07-03,9813
2301,光寶科,303,209,94,元大-八德,2023-07-03,9813
2340,台亞,93,0,93,元大-八德,2023-07-03,9813
4906,正文,71,8,63,元大-八德,2023-07-03,9813
4532,瑞智,65,5,60,元大-八德,2023-07-03,9813
3711,日月光投控,53,0,53,元大-八德,2023-07-03,9813
6182,合晶,47,1,46,元大-八德,2023-07-03,9813
8996,高力,101,61,40,元大-八德,2023-07-03,9813
3050,鈺德,40,0,40,元大-八德,2023-07-03,9813
2371,大同,67,36,31,元大-八德,2023-07-03,9813
4138,曜亞,30,0,30,元大-八德,2023-07-03,9813
1529,樂事綠能,30,1,29,元大-八德,2023-07-03,9813
3287,廣寰科,30,1,29,元大-八德,2023-07-03,9813
2382,廣達,60,35,25,元大-八德,2023-07-03,9813
00857B,永豐20年美公債,22,0,22,元大-八德,2023-07-03,9813
2883,凱基金,22,0,22,元大-八德,2023-07-03,9813
00687B,國泰20年美債,21,0,21,元大-八德,2023-07-03,9813
3017,奇鋐,34,13,21,元大-八德,2023-07-03,9813
2328,廣宇,20,0,20,元大-八德,2023-07-03,9813
00725B,國泰投資級公司債,20,0,20,元大-八德,2023-07-03,9813
00772B,中信高評級公司債,20,0,20,元大-八德,2023-07-03,9813
1340,勝悅-KY,20,0,20,元大-八德,2023-07-03,9813
6570,維田,20,0,20,元大-八德,2023-07-03,9813
1605,華新,23,3,20,元大-八德,2023-07-03,9813
3042,晶技,23,3,20,元大-八德,2023-07-03,9813
2356,英業達,42,24,18,元大-八德,2023-07-03,9813
9945,潤泰新,24,7,17,元大-八德,2023-07-03,9813
3025,星通,20,3,17,元大-八德,2023-07-03,9813
4438,廣越,17,0,17,元大-八德,2023-07-03,9813
6841,長佳智能,20,4,16,元大-八德,2023-07-03,9813
8033,雷虎,20,5,15,元大-八德,2023-07-03,9813
00780B,國泰A級金融債,15,0,15,元大-八德,2023-07-03,9813
00773B,中信優先金融債,15,0,15,元大-八德,2023-07-03,9813
3005,神基,16,1,15,元大-八德,2023-07-03,9813
6153,嘉聯益,15,0,15,元大-八德,2023-07-03,9813
1471,首利,14,0,14,元大-八德,2023-07-03,9813
2027,大成鋼,14,0,14,元大-八德,2023-07-03,9813
2303,聯電,16,3,13,元大-八德,2023-07-03,9813
3044,健鼎,14,2,12,元大-八德,2023-07-03,9813
4303,信立,12,0,12,元大-八德,2023-07-03,9813
00712,復華富時不動產,11,0,11,元大-八德,2023-07-03,9813
1210,大成,11,0,11,元大-八德,2023-07-03,9813
3346,麗清,11,0,11,元大-八德,2023-07-03,9813
6535,順藥,13,2,11,元大-八德,2023-07-03,9813
3413,京鼎,10,0,10,元大-八德,2023-07-03,9813
00919,群益台灣精選高息,10,0,10,元大-八德,2023-07-03,9813
020026,兆豐上櫃ESG電菁N,10,0,10,元大-八德,2023-07-03,9813
2201,裕隆,12,2,10,元大-八德,2023-07-03,9813
2402,毅嘉,19,9,10,元大-八德,2023-07-03,9813
4566,時碩工業,516,3,513,元大-八德,2023-07-04,9813
1802,台玻,104,0,104,元大-八德,2023-07-04,9813
2515,中工,104,0,104,元大-八德,2023-07-04,9813
2603,長榮,130,33,97,元大-八德,2023-07-04,9813
4532,瑞智,93,4,89,元大-八德,2023-07-04,9813
2405,輔信,76,0,76,元大-八德,2023-07-04,9813
1609,大亞,63,4,59,元大-八德,2023-07-04,9813
4121,優盛,57,0,57,元大-八德,2023-07-04,9813
2317,鴻海,57,6,51,元大-八德,2023-07-04,9813
9939,宏全,40,0,40,元大-八德,2023-07-04,9813
00687B,國泰20年美債,36,0,36,元大-八德,2023-07-04,9813
00857B,永豐20年美公債,36,0,36,元大-八德,2023-07-04,9813
2376,技嘉,67,31,36,元大-八德,2023-07-04,9813
00751B,元大AAA至A公司債,36,1,35,元大-八德,2023-07-04,9813
1340,勝悅-KY,35,0,35,元大-八德,2023-07-04,9813
1513,中興電,34,0,34,元大-八德,2023-07-04,9813
6843,進典,30,0,30,元大-八德,2023-07-04,9813
00780B,國泰A級金融債,27,0,27,元大-八德,2023-07-04,9813
8210,勤誠,29,2,27,元大-八德,2023-07-04,9813
00773B,中信優先金融債,26,0,26,元大-八德,2023-07-04,9813
4138,曜亞,26,0,26,元大-八德,2023-07-04,9813
2801,彰銀,25,0,25,元大-八德,2023-07-04,9813
3025,星通,35,10,25,元大-八德,2023-07-04,9813
6443,元晶,25,1,24,元大-八德,2023-07-04,9813
2883,凱基金,27,4,23,元大-八德,2023-07-04,9813
6116,彩晶,22,0,22,元大-八德,2023-07-04,9813
6415,矽力*-KY,23,1,22,元大-八德,2023-07-04,9813
5465,富驊,25,4,21,元大-八德,2023-07-04,9813
8112,至上,20,0,20,元大-八德,2023-07-04,9813
1308,亞聚,20,0,20,元大-八德,2023-07-04,9813
2536,宏普,20,0,20,元大-八德,2023-07-04,9813
3481,群創,26,7,19,元大-八德,2023-07-04,9813
00772B,中信高評級公司債,18,0,18,元大-八德,2023-07-04,9813
2913,農林,18,0,18,元大-八德,2023-07-04,9813
9103,美德醫療-DR,18,0,18,元大-八德,2023-07-04,9813
00650L,復華香港正2,16,0,16,元大-八德,2023-07-04,9813
6223,旺矽,39,23,16,元大-八德,2023-07-04,9813
1217,愛之味,15,0,15,元大-八德,2023-07-04,9813
2440,太空梭,15,0,15,元大-八德,2023-07-04,9813
5284,jpp-KY,16,1,15,元大-八德,2023-07-04,9813
3105,穩懋,22,8,14,元大-八德,2023-07-04,9813
3035,智原,44,30,14,元大-八德,2023-07-04,9813
2034,允強,17,3,14,元大-八德,2023-07-04,9813
2891,中信金,15,1,14,元大-八德,2023-07-04,9813
4915,致伸,14,0,14,元大-八德,2023-07-04,9813
1460,宏遠,13,0,13,元大-八德,2023-07-04,9813
3028,增你強,12,0,12,元大-八德,2023-07-04,9813
6134,萬旭,12,0,12,元大-八德,2023-07-04,9813
1301,台塑,12,1,11,元大-八德,2023-07-04,9813
1504,東元,11,0,11,元大-八德,2023-07-04,9813
00679B,元大美債20年,560,0,560,元大-八德,2023-07-05,9813
3362,先進光,204,34,170,元大-八德,2023-07-05,9813
6005,群益證,110,0,110,元大-八德,2023-07-05,9813
4532,瑞智,91,3,88,元大-八德,2023-07-05,9813
2440,太空梭,82,0,82,元大-八德,2023-07-05,9813
9907,統一實,61,0,61,元大-八德,2023-07-05,9813
1455,集盛,50,0,50,元大-八德,2023-07-05,9813
5512,力麒,50,0,50,元大-八德,2023-07-05,9813
2883,凱基金,44,0,44,元大-八德,2023-07-05,9813
6843,進典,43,0,43,元大-八德,2023-07-05,9813
00751B,元大AAA至A公司債,42,0,42,元大-八德,2023-07-05,9813
2313,華通,37,3,34,元大-八德,2023-07-05,9813
0056,元大高股息,48,15,33,元大-八德,2023-07-05,9813
4438,廣越,33,0,33,元大-八德,2023-07-05,9813
3380,明泰,32,0,32,元大-八德,2023-07-05,9813
00780B,國泰A級金融債,32,0,32,元大-八德,2023-07-05,9813
2317,鴻海,34,3,31,元大-八德,2023-07-05,9813
2392,正崴,30,0,30,元大-八德,2023-07-05,9813
00773B,中信優先金融債,28,0,28,元大-八德,2023-07-05,9813
2887,台新金,28,0,28,元大-八德,2023-07-05,9813
3322,建舜電,28,0,28,元大-八德,2023-07-05,9813
3583,辛耘,28,0,28,元大-八德,2023-07-05,9813
00772B,中信高評級公司債,27,0,27,元大-八德,2023-07-05,9813
6152,百一,25,0,25,元大-八德,2023-07-05,9813
9939,宏全,25,0,25,元大-八德,2023-07-05,9813
2356,英業達,78,55,23,元大-八德,2023-07-05,9813
00919,群益台灣精選高息,23,1,22,元大-八德,2023-07-05,9813
2303,聯電,23,2,21,元大-八德,2023-07-05,9813
1319,東陽,21,0,21,元大-八德,2023-07-05,9813
00857B,永豐20年美公債,21,0,21,元大-八德,2023-07-05,9813
3290,東浦,20,0,20,元大-八德,2023-07-05,9813
3625,西勝,20,0,20,元大-八德,2023-07-05,9813
8101,華冠,20,0,20,元大-八德,2023-07-05,9813
8415,大國鋼,20,0,20,元大-八德,2023-07-05,9813
3017,奇鋐,22,5,17,元大-八德,2023-07-05,9813
2609,陽明,90,74,16,元大-八德,2023-07-05,9813
3090,日電貿,15,0,15,元大-八德,2023-07-05,9813
2705,六福,15,1,14,元大-八德,2023-07-05,9813
4138,曜亞,14,0,14,元大-八德,2023-07-05,9813
2454,聯發科,13,1,12,元大-八德,2023-07-05,9813
4904,遠傳,12,0,12,元大-八德,2023-07-05,9813
2034,允強,12,0,12,元大-八德,2023-07-05,9813
4919,新唐,16,4,12,元大-八德,2023-07-05,9813
5009,榮剛,14,2,12,元大-八德,2023-07-05,9813
5289,宜鼎,21,9,12,元大-八德,2023-07-05,9813
6257,矽格,13,1,12,元大-八德,2023-07-05,9813
4979,華星光,36,24,12,元大-八德,2023-07-05,9813
3374,精材,19,7,12,元大-八德,2023-07-05,9813
3037,欣興,28,17,11,元大-八德,2023-07-05,9813
3015,全漢,13,2,11,元大-八德,2023-07-05,9813
00632R,元大台灣50反1,556,11,545,元大-八德,2023-07-06,9813
00673R,期元大S＆P原油反1,502,0,502,元大-八德,2023-07-06,9813
00680L,元大美債20正2,223,0,223,元大-八德,2023-07-06,9813
2301,光寶科,115,2,113,元大-八德,2023-07-06,9813
6005,群益證,109,0,109,元大-八德,2023-07-06,9813
8210,勤誠,108,8,100,元大-八德,2023-07-06,9813
00688L,國泰20年美債正2,70,0,70,元大-八德,2023-07-06,9813
00687B,國泰20年美債,69,1,68,元大-八德,2023-07-06,9813
2883,凱基金,97,32,65,元大-八德,2023-07-06,9813
2515,中工,52,0,52,元大-八德,2023-07-06,9813
4108,懷特,41,0,41,元大-八德,2023-07-06,9813
2449,京元電子,37,2,35,元大-八德,2023-07-06,9813
2317,鴻海,38,2,36,元大-八德,2023-07-06,9813
1616,億泰,35,0,35,元大-八德,2023-07-06,9813
2376,技嘉,45,13,32,元大-八德,2023-07-06,9813
00751B,元大AAA至A公司債,31,1,30,元大-八德,2023-07-06,9813
2313,華通,52,22,30,元大-八德,2023-07-06,9813
0050,元大台灣50,30,0,30,元大-八德,2023-07-06,9813
1584,精剛,30,1,29,元大-八德,2023-07-06,9813
2609,陽明,44,16,28,元大-八德,2023-07-06,9813
00857B,永豐20年美公債,28,0,28,元大-八德,2023-07-06,9813
00772B,中信高評級公司債,28,0,28,元大-八德,2023-07-06,9813
2329,華泰,36,9,27,元大-八德,2023-07-06,9813
3231,緯創,49,22,27,元大-八德,2023-07-06,9813
00780B,國泰A級金融債,26,0,26,元大-八德,2023-07-06,9813
00773B,中信優先金融債,26,0,26,元大-八德,2023-07-06,9813
2440,太空梭,26,0,26,元大-八德,2023-07-06,9813
3037,欣興,43,17,26,元大-八德,2023-07-06,9813
2880,華南金,23,0,23,元大-八德,2023-07-06,9813
4906,正文,24,2,22,元大-八德,2023-07-06,9813
6570,維田,22,0,22,元大-八德,2023-07-06,9813
00922,國泰台灣領袖50,21,0,21,元大-八德,2023-07-06,9813
1102,亞泥,20,0,20,元大-八德,2023-07-06,9813
1314,中石化,20,0,20,元大-八德,2023-07-06,9813
3006,晶豪科,20,0,20,元大-八德,2023-07-06,9813
2603,長榮,21,2,19,元大-八德,2023-07-06,9813
00631L,元大台灣50正2,19,0,19,元大-八德,2023-07-06,9813
6257,矽格,20,1,19,元大-八德,2023-07-06,9813
00679B,元大美債20年,48,30,18,元大-八德,2023-07-06,9813
2451,創見,18,0,18,元大-八德,2023-07-06,9813
6843,進典,18,0,18,元大-八德,2023-07-06,9813
2885,元大金,18,0,18,元大-八德,2023-07-06,9813
2606,裕民,17,0,17,元大-八德,2023-07-06,9813
1101,台泥,17,0,17,元大-八德,2023-07-06,9813
2002,中鋼,19,2,17,元大-八德,2023-07-06,9813
1301,台塑,18,2,16,元大-八德,2023-07-06,9813
2402,毅嘉,17,1,16,元大-八德,2023-07-06,9813
2889,國票金,16,0,16,元大-八德,2023-07-06,9813
2891,中信金,16,0,16,元大-八德,2023-07-06,9813
1609,大亞,16,1,15,元大-八德,2023-07-06,9813
4532,瑞智,885,500,385,元大-八德,2023-07-07,9813
00632R,元大台灣50反1,168,1,167,元大-八德,2023-07-07,9813
00687B,國泰20年美債,151,0,151,元大-八德,2023-07-07,9813
2515,中工,102,0,102,元大-八德,2023-07-07,9813
00637L,元大滬深300正2,65,0,65,元大-八德,2023-07-07,9813
2883,凱基金,61,0,61,元大-八德,2023-07-07,9813
00751B,元大AAA至A公司債,54,0,54,元大-八德,2023-07-07,9813
5388,中磊,52,0,52,元大-八德,2023-07-07,9813
00720B,元大投資級公司債,50,0,50,元大-八德,2023-07-07,9813
00878,國泰永續高股息,57,7,50,元大-八德,2023-07-07,9813
2851,中再保,50,3,47,元大-八德,2023-07-07,9813
4108,懷特,44,0,44,元大-八德,2023-07-07,9813
3058,立德,40,0,40,元大-八德,2023-07-07,9813
6843,進典,33,0,33,元大-八德,2023-07-07,9813
00679B,元大美債20年,32,0,32,元大-八德,2023-07-07,9813
3105,穩懋,42,10,32,元大-八德,2023-07-07,9813
2337,旺宏,30,0,30,元大-八德,2023-07-07,9813
0056,元大高股息,34,6,28,元大-八德,2023-07-07,9813
3481,群創,31,3,28,元大-八德,2023-07-07,9813
00772B,中信高評級公司債,28,0,28,元大-八德,2023-07-07,9813
3666,光耀,27,0,27,元大-八德,2023-07-07,9813
00780B,國泰A級金融債,26,0,26,元大-八德,2023-07-07,9813
00773B,中信優先金融債,26,0,26,元大-八德,2023-07-07,9813
2405,輔信,26,0,26,元大-八德,2023-07-07,9813
3265,台星科,26,2,24,元大-八德,2023-07-07,9813
3707,漢磊,26,2,24,元大-八德,2023-07-07,9813
4438,廣越,30,6,24,元大-八德,2023-07-07,9813
00857B,永豐20年美公債,23,0,23,元大-八德,2023-07-07,9813
00919,群益台灣精選高息,23,0,23,元大-八德,2023-07-07,9813
2317,鴻海,23,2,21,元大-八德,2023-07-07,9813
2882,國泰金,22,1,21,元大-八德,2023-07-07,9813
3231,緯創,68,47,21,元大-八德,2023-07-07,9813
1314,中石化,21,0,21,元大-八德,2023-07-07,9813
2382,廣達,41,21,20,元大-八德,2023-07-07,9813
02001B,統一美國政府債N,20,0,20,元大-八德,2023-07-07,9813
2454,聯發科,21,2,19,元大-八德,2023-07-07,9813
2834,臺企銀,19,0,19,元大-八德,2023-07-07,9813
5309,系統電,22,3,19,元大-八德,2023-07-07,9813
2344,華邦電,19,1,18,元大-八德,2023-07-07,9813
8926,台汽電,19,2,17,元大-八德,2023-07-07,9813
2303,聯電,29,13,16,元大-八德,2023-07-07,9813
2409,友達,14,0,14,元大-八德,2023-07-07,9813
2888,新光金,14,0,14,元大-八德,2023-07-07,9813
1609,大亞,36,23,13,元大-八德,2023-07-07,9813
2880,華南金,13,0,13,元大-八德,2023-07-07,9813
3576,聯合再生,13,0,13,元大-八德,2023-07-07,9813
4138,曜亞,18,5,13,元大-八德,2023-07-07,9813
00673R,期元大S＆P原油反1,12,0,12,元大-八德,2023-07-07,9813
1514,亞力,17,5,12,元大-八德,2023-07-07,9813
2436,偉詮電,16,4,12,元大-八德,2023-07-07,9813
3025,星通,264,79,185,元大-八德,2023-07-10,9813
4532,瑞智,501,328,173,元大-八德,2023-07-10,9813
3024,憶聲,160,0,160,元大-八德,2023-07-10,9813
00929,復華台灣科技優息,111,0,111,元大-八德,2023-07-10,9813
4438,廣越,105,0,105,元大-八德,2023-07-10,9813
00687B,國泰20年美債,102,0,102,元大-八德,2023-07-10,9813
4934,太極,86,4,82,元大-八德,2023-07-10,9813
6843,進典,70,0,70,元大-八德,2023-07-10,9813
3035,智原,71,13,58,元大-八德,2023-07-10,9813
2886,兆豐金,58,12,46,元大-八德,2023-07-10,9813
00751B,元大AAA至A公司債,41,0,41,元大-八德,2023-07-10,9813
3037,欣興,62,21,41,元大-八德,2023-07-10,9813
4108,懷特,41,0,41,元大-八德,2023-07-10,9813
2610,華航,57,17,40,元大-八德,2023-07-10,9813
00679B,元大美債20年,42,2,40,元大-八德,2023-07-10,9813
2891,中信金,50,10,40,元大-八德,2023-07-10,9813
3078,僑威,35,1,34,元大-八德,2023-07-10,9813
3290,東浦,33,0,33,元大-八德,2023-07-10,9813
2376,技嘉,63,33,30,元大-八德,2023-07-10,9813
00857B,永豐20年美公債,30,0,30,元大-八德,2023-07-10,9813
1457,宜進,30,0,30,元大-八德,2023-07-10,9813
3707,漢磊,49,19,30,元大-八德,2023-07-10,9813
2609,陽明,42,13,29,元大-八德,2023-07-10,9813
00773B,中信優先金融債,27,0,27,元大-八德,2023-07-10,9813
00772B,中信高評級公司債,27,0,27,元大-八德,2023-07-10,9813
0056,元大高股息,33,7,26,元大-八德,2023-07-10,9813
00780B,國泰A級金融債,26,0,26,元大-八德,2023-07-10,9813
00720B,元大投資級公司債,26,1,25,元大-八德,2023-07-10,9813
9907,統一實,25,0,25,元大-八德,2023-07-10,9813
4534,慶騰,29,5,24,元大-八德,2023-07-10,9813
2454,聯發科,24,1,23,元大-八德,2023-07-10,9813
1101,台泥,23,0,23,元大-八德,2023-07-10,9813
4743,合一,22,0,22,元大-八德,2023-07-10,9813
020026,兆豐上櫃ESG電菁N,20,0,20,元大-八德,2023-07-10,9813
6138,茂達,20,0,20,元大-八德,2023-07-10,9813
3231,緯創,47,28,19,元大-八德,2023-07-10,9813
1736,喬山,16,0,16,元大-八德,2023-07-10,9813
0050,元大台灣50,15,0,15,元大-八德,2023-07-10,9813
00764B,群益25年美債,14,0,14,元大-八德,2023-07-10,9813
9939,宏全,14,0,14,元大-八德,2023-07-10,9813
1584,精剛,13,0,13,元大-八德,2023-07-10,9813
2451,創見,13,0,13,元大-八德,2023-07-10,9813
6570,維田,13,0,13,元大-八德,2023-07-10,9813
3022,威強電,13,1,12,元大-八德,2023-07-10,9813
3047,訊舟,15,3,12,元大-八德,2023-07-10,9813
6415,矽力*-KY,13,1,12,元大-八德,2023-07-10,9813
3017,奇鋐,19,8,11,元大-八德,2023-07-10,9813
8050,廣積,11,1,10,元大-八德,2023-07-10,9813
02001B,統一美國政府債N,10,0,10,元大-八德,2023-07-10,9813
2349,錸德,10,0,10,元大-八德,2023-07-10,9813
4532,瑞智,274,198,76,元大-八德,2023-07-11,9813
2618,長榮航,97,22,75,元大-八德,2023-07-11,9813
2748,雲品,66,0,66,元大-八德,2023-07-11,9813
1540,喬福,60,0,60,元大-八德,2023-07-11,9813
00918,大華優利高填息30,50,0,50,元大-八德,2023-07-11,9813
6843,進典,44,0,44,元大-八德,2023-07-11,9813
2301,光寶科,506,463,43,元大-八德,2023-07-11,9813
3481,群創,84,45,39,元大-八德,2023-07-11,9813
2323,中環,41,3,38,元大-八德,2023-07-11,9813
3515,華擎,35,0,35,元大-八德,2023-07-11,9813
00929,復華台灣科技優息,40,7,33,元大-八德,2023-07-11,9813
00687B,國泰20年美債,28,0,28,元大-八德,2023-07-11,9813
3037,欣興,27,0,27,元大-八德,2023-07-11,9813
00772B,中信高評級公司債,26,0,26,元大-八德,2023-07-11,9813
00857B,永豐20年美公債,26,0,26,元大-八德,2023-07-11,9813
00751B,元大AAA至A公司債,26,0,26,元大-八德,2023-07-11,9813
00773B,中信優先金融債,26,0,26,元大-八德,2023-07-11,9813
00780B,國泰A級金融債,24,0,24,元大-八德,2023-07-11,9813
1609,大亞,46,22,24,元大-八德,2023-07-11,9813
3058,立德,23,0,23,元大-八德,2023-07-11,9813
4104,佳醫,23,0,23,元大-八德,2023-07-11,9813
4438,廣越,23,0,23,元大-八德,2023-07-11,9813
2409,友達,25,2,23,元大-八德,2023-07-11,9813
4743,合一,21,0,21,元大-八德,2023-07-11,9813
00632R,元大台灣50反1,29,10,19,元大-八德,2023-07-11,9813
2855,統一證,20,2,18,元大-八德,2023-07-11,9813
2382,廣達,83,65,18,元大-八德,2023-07-11,9813
5483,中美晶,17,0,17,元大-八德,2023-07-11,9813
3035,智原,44,28,16,元大-八德,2023-07-11,9813
00665L,富邦�琤肭磪囓�2,14,0,14,元大-八德,2023-07-11,9813
00679B,元大美債20年,14,0,14,元大-八德,2023-07-11,9813
2457,飛宏,17,4,13,元大-八德,2023-07-11,9813
3305,昇貿,15,3,12,元大-八德,2023-07-11,9813
9962,有益,12,0,12,元大-八德,2023-07-11,9813
1513,中興電,15,4,11,元大-八德,2023-07-11,9813
1722,台肥,11,0,11,元大-八德,2023-07-11,9813
3047,訊舟,11,0,11,元大-八德,2023-07-11,9813
4510,高鋒,14,3,11,元大-八德,2023-07-11,9813
020035,元大上櫃ESG高息N,10,0,10,元大-八德,2023-07-11,9813
020026,兆豐上櫃ESG電菁N,10,0,10,元大-八德,2023-07-11,9813
00725B,國泰投資級公司債,10,0,10,元大-八德,2023-07-11,9813
1524,耿鼎,10,0,10,元大-八德,2023-07-11,9813
1734,杏輝,10,0,10,元大-八德,2023-07-11,9813
1785,光洋科,12,2,10,元大-八德,2023-07-11,9813
2201,裕隆,10,0,10,元大-八德,2023-07-11,9813
4138,曜亞,10,0,10,元大-八德,2023-07-11,9813
5347,世界,10,0,10,元大-八德,2023-07-11,9813
6237,驊訊,10,0,10,元大-八德,2023-07-11,9813
2312,金寶,14,5,9,元大-八德,2023-07-11,9813
2354,鴻準,10,1,9,元大-八德,2023-07-11,9813
6548,長科*,1196,95,1101,元大-八德,2023-07-12,9813
00632R,元大台灣50反1,212,0,212,元大-八德,2023-07-12,9813
00878,國泰永續高股息,151,27,124,元大-八德,2023-07-12,9813
3032,偉訓,127,4,123,元大-八德,2023-07-12,9813
00673R,期元大S＆P原油反1,103,0,103,元大-八德,2023-07-12,9813
00712,復華富時不動產,78,6,72,元大-八德,2023-07-12,9813
5388,中磊,53,0,53,元大-八德,2023-07-12,9813
00720B,元大投資級公司債,52,0,52,元大-八德,2023-07-12,9813
2609,陽明,72,25,47,元大-八德,2023-07-12,9813
2356,英業達,97,55,42,元大-八德,2023-07-12,9813
2748,雲品,31,1,30,元大-八德,2023-07-12,9813
00687B,國泰20年美債,28,0,28,元大-八德,2023-07-12,9813
00751B,元大AAA至A公司債,27,0,27,元大-八德,2023-07-12,9813
00857B,永豐20年美公債,26,0,26,元大-八德,2023-07-12,9813
00780B,國泰A級金融債,26,0,26,元大-八德,2023-07-12,9813
00773B,中信優先金融債,26,0,26,元大-八德,2023-07-12,9813
00772B,中信高評級公司債,27,2,25,元大-八德,2023-07-12,9813
6415,矽力*-KY,23,0,23,元大-八德,2023-07-12,9813
1604,聲寶,23,0,23,元大-八德,2023-07-12,9813
2457,飛宏,29,7,22,元大-八德,2023-07-12,9813
2481,強茂,42,20,22,元大-八德,2023-07-12,9813
3583,辛耘,41,20,21,元大-八德,2023-07-12,9813
4916,事欣科,26,5,21,元大-八德,2023-07-12,9813
00764B,群益25年美債,21,1,20,元大-八德,2023-07-12,9813
2235,謚源,20,0,20,元大-八德,2023-07-12,9813
2358,廷鑫,20,0,20,元大-八德,2023-07-12,9813
4707,磐亞,20,0,20,元大-八德,2023-07-12,9813
6269,台郡,20,0,20,元大-八德,2023-07-12,9813
6843,進典,20,0,20,元大-八德,2023-07-12,9813
3324,雙鴻,32,13,19,元大-八德,2023-07-12,9813
2618,長榮航,42,24,18,元大-八德,2023-07-12,9813
1314,中石化,18,0,18,元大-八德,2023-07-12,9813
2645,長榮航太,17,0,17,元大-八德,2023-07-12,9813
4438,廣越,16,0,16,元大-八德,2023-07-12,9813
4908,前鼎,15,0,15,元大-八德,2023-07-12,9813
3380,明泰,14,0,14,元大-八德,2023-07-12,9813
5425,台半,17,3,14,元大-八德,2023-07-12,9813
3047,訊舟,13,0,13,元大-八德,2023-07-12,9813
3025,星通,31,19,12,元大-八德,2023-07-12,9813
2324,仁寶,13,1,12,元大-八德,2023-07-12,9813
2801,彰銀,12,0,12,元大-八德,2023-07-12,9813
4138,曜亞,12,0,12,元大-八德,2023-07-12,9813
5353,台林,12,0,12,元大-八德,2023-07-12,9813
00905,FT臺灣Smart,11,0,11,元大-八德,2023-07-12,9813
3322,建舜電,25,14,11,元大-八德,2023-07-12,9813
2834,臺企銀,11,0,11,元大-八德,2023-07-12,9813
2313,華通,10,0,10,元大-八德,2023-07-12,9813
3710,連展投控,10,0,10,元大-八德,2023-07-12,9813
6165,浪凡,10,0,10,元大-八德,2023-07-12,9813
3231,緯創,143,134,9,元大-八德,2023-07-12,9813
4532,瑞智,236,31,205,元大-八德,2023-07-13,9813
2610,華航,234,36,198,元大-八德,2023-07-13,9813
2609,陽明,189,18,171,元大-八德,2023-07-13,9813
00632R,元大台灣50反1,126,0,126,元大-八德,2023-07-13,9813
6843,進典,89,0,89,元大-八德,2023-07-13,9813
2618,長榮航,103,33,70,元大-八德,2023-07-13,9813
00679B,元大美債20年,66,2,64,元大-八德,2023-07-13,9813
2323,中環,103,53,50,元大-八德,2023-07-13,9813
3231,緯創,82,47,35,元大-八德,2023-07-13,9813
00687B,國泰20年美債,30,0,30,元大-八德,2023-07-13,9813
9929,秋雨,30,0,30,元大-八德,2023-07-13,9813
2356,英業達,109,82,27,元大-八德,2023-07-13,9813
6415,矽力*-KY,30,4,26,元大-八德,2023-07-13,9813
00929,復華台灣科技優息,26,0,26,元大-八德,2023-07-13,9813
00907,永豐優息存股,24,0,24,元大-八德,2023-07-13,9813
4438,廣越,24,0,24,元大-八德,2023-07-13,9813
4533,協易機,37,14,23,元大-八德,2023-07-13,9813
6770,力積電,21,1,20,元大-八德,2023-07-13,9813
00782B,國泰A級公用債,20,0,20,元大-八德,2023-07-13,9813
00930,永豐ESG低碳高息,20,0,20,元大-八德,2023-07-13,9813
1477,聚陽,20,0,20,元大-八德,2023-07-13,9813
2601,益航,20,0,20,元大-八德,2023-07-13,9813
3047,訊舟,20,0,20,元大-八德,2023-07-13,9813
3290,東浦,20,0,20,元大-八德,2023-07-13,9813
6282,康舒,26,7,19,元大-八德,2023-07-13,9813
1314,中石化,22,4,18,元大-八德,2023-07-13,9813
2352,佳世達,22,6,16,元大-八德,2023-07-13,9813
2834,臺企銀,16,0,16,元大-八德,2023-07-13,9813
3058,立德,16,0,16,元大-八德,2023-07-13,9813
2329,華泰,22,6,16,元大-八德,2023-07-13,9813
3362,先進光,19,4,15,元大-八德,2023-07-13,9813
00712,復華富時不動產,14,0,14,元大-八德,2023-07-13,9813
00720B,元大投資級公司債,14,0,14,元大-八德,2023-07-13,9813
2457,飛宏,18,4,14,元大-八德,2023-07-13,9813
2331,精英,18,5,13,元大-八德,2023-07-13,9813
5425,台半,17,4,13,元大-八德,2023-07-13,9813
1301,台塑,12,0,12,元大-八德,2023-07-13,9813
6548,長科*,16,4,12,元大-八德,2023-07-13,9813
3661,世芯-KY,22,11,11,元大-八德,2023-07-13,9813
3035,智原,22,11,11,元大-八德,2023-07-13,9813
2453,凌群,10,0,10,元大-八德,2023-07-13,9813
4414,如興,10,0,10,元大-八德,2023-07-13,9813
5243,乙盛-KY,10,0,10,元大-八德,2023-07-13,9813
6120,達運,12,2,10,元大-八德,2023-07-13,9813
8215,明基材,10,0,10,元大-八德,2023-07-13,9813
2301,光寶科,34,24,10,元大-八德,2023-07-13,9813
2481,強茂,15,6,9,元大-八德,2023-07-13,9813
2885,元大金,10,1,9,元大-八德,2023-07-13,9813
4513,福裕,9,0,9,元大-八德,2023-07-13,9813
4906,正文,10,1,9,元大-八德,2023-07-13,9813
2618,長榮航,277,156,121,元大-八德,2023-07-14,9813
00720B,元大投資級公司債,61,0,61,元大-八德,2023-07-14,9813
4532,瑞智,60,4,56,元大-八德,2023-07-14,9813
2371,大同,63,13,50,元大-八德,2023-07-14,9813
2382,廣達,134,93,41,元大-八德,2023-07-14,9813
4906,正文,36,0,36,元大-八德,2023-07-14,9813
00772B,中信高評級公司債,35,0,35,元大-八德,2023-07-14,9813
00650L,復華香港正2,30,0,30,元大-八德,2023-07-14,9813
5426,振發,30,0,30,元大-八德,2023-07-14,9813
3706,神達,49,21,28,元大-八德,2023-07-14,9813
2356,英業達,157,129,28,元大-八德,2023-07-14,9813
00882,中信中國高股息,31,4,27,元大-八德,2023-07-14,9813
00751B,元大AAA至A公司債,26,0,26,元大-八德,2023-07-14,9813
00857B,永豐20年美公債,26,0,26,元大-八德,2023-07-14,9813
00780B,國泰A級金融債,26,0,26,元大-八德,2023-07-14,9813
00773B,中信優先金融債,24,0,24,元大-八德,2023-07-14,9813
6843,進典,23,0,23,元大-八德,2023-07-14,9813
1609,大亞,24,1,23,元大-八德,2023-07-14,9813
2329,華泰,59,37,22,元大-八德,2023-07-14,9813
2436,偉詮電,25,3,22,元大-八德,2023-07-14,9813
00687B,國泰20年美債,21,0,21,元大-八德,2023-07-14,9813
3035,智原,56,35,21,元大-八德,2023-07-14,9813
2358,廷鑫,20,0,20,元大-八德,2023-07-14,9813
4533,協易機,33,15,18,元大-八德,2023-07-14,9813
00918,大華優利高填息30,20,3,17,元大-八德,2023-07-14,9813
4438,廣越,16,0,16,元大-八德,2023-07-14,9813
8358,金居,23,7,16,元大-八德,2023-07-14,9813
2344,華邦電,18,3,15,元大-八德,2023-07-14,9813
00929,復華台灣科技優息,15,1,14,元大-八德,2023-07-14,9813
00722B,群益投資級電信債,13,0,13,元大-八德,2023-07-14,9813
1789,神隆,15,2,13,元大-八德,2023-07-14,9813
2603,長榮,13,1,12,元大-八德,2023-07-14,9813
00764B,群益25年美債,13,1,12,元大-八德,2023-07-14,9813
3338,泰碩,12,0,12,元大-八德,2023-07-14,9813
4513,福裕,12,0,12,元大-八德,2023-07-14,9813
2376,技嘉,44,33,11,元大-八德,2023-07-14,9813
2486,一詮,11,0,11,元大-八德,2023-07-14,9813
3587,閎康,21,10,11,元大-八德,2023-07-14,9813
00679B,元大美債20年,11,0,11,元大-八德,2023-07-14,9813
2885,元大金,13,2,11,元大-八德,2023-07-14,9813
00673R,期元大S＆P原油反1,10,0,10,元大-八德,2023-07-14,9813
1733,五鼎,10,0,10,元大-八德,2023-07-14,9813
2536,宏普,10,0,10,元大-八德,2023-07-14,9813
3710,連展投控,11,1,10,元大-八德,2023-07-14,9813
5474,聰泰,10,0,10,元大-八德,2023-07-14,9813
6603,富強鑫,10,0,10,元大-八德,2023-07-14,9813
8110,華東,10,0,10,元大-八德,2023-07-14,9813
1513,中興電,33,24,9,元大-八德,2023-07-14,9813
2801,彰銀,10,1,9,元大-八德,2023-07-14,9813
6179,亞通,14,5,9,元大-八德,2023-07-14,9813
00632R,元大台灣50反1,499,1,498,元大-八德,2023-07-17,9813
4938,和碩,555,223,332,元大-八德,2023-07-17,9813
3483,力致,172,6,166,元大-八德,2023-07-17,9813
1101,台泥,126,0,126,元大-八德,2023-07-17,9813
2317,鴻海,104,11,93,元大-八德,2023-07-17,9813
4138,曜亞,106,25,81,元大-八德,2023-07-17,9813
2748,雲品,60,0,60,元大-八德,2023-07-17,9813
00633L,富邦上証正2,50,0,50,元大-八德,2023-07-17,9813
6142,友勁,49,0,49,元大-八德,2023-07-17,9813
00720B,元大投資級公司債,46,0,46,元大-八德,2023-07-17,9813
6282,康舒,93,52,41,元大-八德,2023-07-17,9813
6223,旺矽,61,21,40,元大-八德,2023-07-17,9813
5465,富驊,37,0,37,元大-八德,2023-07-17,9813
2460,建通,36,0,36,元大-八德,2023-07-17,9813
00929,復華台灣科技優息,35,0,35,元大-八德,2023-07-17,9813
6470,宇智,36,2,34,元大-八德,2023-07-17,9813
00882,中信中國高股息,33,0,33,元大-八德,2023-07-17,9813
00679B,元大美債20年,43,10,33,元大-八德,2023-07-17,9813
1616,億泰,33,0,33,元大-八德,2023-07-17,9813
2313,華通,43,10,33,元大-八德,2023-07-17,9813
00772B,中信高評級公司債,31,0,31,元大-八德,2023-07-17,9813
1477,聚陽,30,0,30,元大-八德,2023-07-17,9813
2605,新興,30,2,28,元大-八德,2023-07-17,9813
2371,大同,42,14,28,元大-八德,2023-07-17,9813
6179,亞通,27,0,27,元大-八德,2023-07-17,9813
00857B,永豐20年美公債,26,0,26,元大-八德,2023-07-17,9813
00780B,國泰A級金融債,26,0,26,元大-八德,2023-07-17,9813
00773B,中信優先金融債,26,0,26,元大-八德,2023-07-17,9813
1402,遠東新,25,0,25,元大-八德,2023-07-17,9813
3037,欣興,54,29,25,元大-八德,2023-07-17,9813
2302,麗正,23,0,23,元大-八德,2023-07-17,9813
00751B,元大AAA至A公司債,26,4,22,元大-八德,2023-07-17,9813
5426,振發,20,0,20,元大-八德,2023-07-17,9813
6257,矽格,20,0,20,元大-八德,2023-07-17,9813
2610,華航,27,7,20,元大-八德,2023-07-17,9813
2352,佳世達,31,13,18,元大-八德,2023-07-17,9813
6235,華孚,19,1,18,元大-八德,2023-07-17,9813
2358,廷鑫,38,20,18,元大-八德,2023-07-17,9813
2481,強茂,20,3,17,元大-八德,2023-07-17,9813
00687B,國泰20年美債,26,10,16,元大-八德,2023-07-17,9813
2324,仁寶,235,219,16,元大-八德,2023-07-17,9813
5410,國眾,15,0,15,元大-八德,2023-07-17,9813
6116,彩晶,61,46,15,元大-八德,2023-07-17,9813
4438,廣越,14,0,14,元大-八德,2023-07-17,9813
4123,晟德,17,3,14,元大-八德,2023-07-17,9813
3025,星通,31,18,13,元大-八德,2023-07-17,9813
1721,三晃,12,0,12,元大-八德,2023-07-17,9813
3540,曜越,12,0,12,元大-八德,2023-07-17,9813
00712,復華富時不動產,14,2,12,元大-八德,2023-07-17,9813
2449,京元電子,44,32,12,元大-八德,2023-07-17,9813
4566,時碩工業,255,2,253,元大-八德,2023-07-18,9813
3037,欣興,352,122,230,元大-八德,2023-07-18,9813
2359,所羅門,216,0,216,元大-八德,2023-07-18,9813
6274,台燿,222,11,211,元大-八德,2023-07-18,9813
2515,中工,164,2,162,元大-八德,2023-07-18,9813
3081,聯亞,130,0,130,元大-八德,2023-07-18,9813
00929,復華台灣科技優息,88,0,88,元大-八德,2023-07-18,9813
4138,曜亞,77,6,71,元大-八德,2023-07-18,9813
2421,建準,97,26,71,元大-八德,2023-07-18,9813
00637L,元大滬深300正2,70,0,70,元大-八德,2023-07-18,9813
3706,神達,130,60,70,元大-八德,2023-07-18,9813
2363,矽統,61,3,58,元大-八德,2023-07-18,9813
5469,瀚宇博,77,25,52,元大-八德,2023-07-18,9813
9105,泰金寶-DR,42,0,42,元大-八德,2023-07-18,9813
2356,英業達,264,222,42,元大-八德,2023-07-18,9813
2324,仁寶,222,180,42,元大-八德,2023-07-18,9813
4958,臻鼎-KY,40,0,40,元大-八德,2023-07-18,9813
3707,漢磊,40,1,39,元大-八德,2023-07-18,9813
1444,力麗,35,0,35,元大-八德,2023-07-18,9813
2867,三商壽,35,0,35,元大-八德,2023-07-18,9813
4967,十銓,38,3,35,元大-八德,2023-07-18,9813
00751B,元大AAA至A公司債,34,0,34,元大-八德,2023-07-18,9813
2605,新興,33,0,33,元大-八德,2023-07-18,9813
3088,艾訊,32,0,32,元大-八德,2023-07-18,9813
00687B,國泰20年美債,28,0,28,元大-八德,2023-07-18,9813
2302,麗正,28,0,28,元大-八德,2023-07-18,9813
00679B,元大美債20年,29,2,27,元大-八德,2023-07-18,9813
2329,華泰,83,56,27,元大-八德,2023-07-18,9813
4916,事欣科,27,0,27,元大-八德,2023-07-18,9813
00772B,中信高評級公司債,26,0,26,元大-八德,2023-07-18,9813
00773B,中信優先金融債,26,0,26,元大-八德,2023-07-18,9813
00857B,永豐20年美公債,26,0,26,元大-八德,2023-07-18,9813
00720B,元大投資級公司債,24,0,24,元大-八德,2023-07-18,9813
2610,華航,28,4,24,元大-八德,2023-07-18,9813
00882,中信中國高股息,23,0,23,元大-八德,2023-07-18,9813
2312,金寶,78,55,23,元大-八德,2023-07-18,9813
2419,仲琦,42,20,22,元大-八德,2023-07-18,9813
1402,遠東新,21,0,21,元大-八德,2023-07-18,9813
5009,榮剛,21,1,20,元大-八德,2023-07-18,9813
5426,振發,20,0,20,元大-八德,2023-07-18,9813
1513,中興電,21,3,18,元大-八德,2023-07-18,9813
3528,安馳,18,0,18,元大-八德,2023-07-18,9813
00780B,國泰A級金融債,17,0,17,元大-八德,2023-07-18,9813
2617,台航,18,1,17,元大-八德,2023-07-18,9813
3583,辛耘,18,1,17,元大-八德,2023-07-18,9813
2883,凱基金,16,0,16,元大-八德,2023-07-18,9813
6245,立端,17,1,16,元大-八德,2023-07-18,9813
1540,喬福,16,0,16,元大-八德,2023-07-18,9813
6190,萬泰科,16,0,16,元大-八德,2023-07-18,9813
1102,亞泥,15,0,15,元大-八德,2023-07-18,9813
2458,義隆,137,5,132,元大-八德,2023-07-19,9813
00902,中信電池及儲能,100,0,100,元大-八德,2023-07-19,9813
1301,台塑,95,0,95,元大-八德,2023-07-19,9813
4138,曜亞,108,22,86,元大-八德,2023-07-19,9813
2618,長榮航,73,12,61,元大-八德,2023-07-19,9813
2324,仁寶,90,40,50,元大-八德,2023-07-19,9813
00633L,富邦上証正2,50,0,50,元大-八德,2023-07-19,9813
6282,康舒,100,52,48,元大-八德,2023-07-19,9813
2059,川湖,41,1,40,元大-八德,2023-07-19,9813
2748,雲品,40,0,40,元大-八德,2023-07-19,9813
2888,新光金,61,22,39,元大-八德,2023-07-19,9813
1340,勝悅-KY,38,0,38,元大-八德,2023-07-19,9813
2312,金寶,52,21,31,元大-八德,2023-07-19,9813
2332,友訊,30,0,30,元大-八德,2023-07-19,9813
00772B,中信高評級公司債,27,1,26,元大-八德,2023-07-19,9813
00857B,永豐20年美公債,26,0,26,元大-八德,2023-07-19,9813
00773B,中信優先金融債,26,0,26,元大-八德,2023-07-19,9813
00780B,國泰A級金融債,26,0,26,元大-八德,2023-07-19,9813
3290,東浦,26,0,26,元大-八德,2023-07-19,9813
00687B,國泰20年美債,27,2,25,元大-八德,2023-07-19,9813
00679B,元大美債20年,28,4,24,元大-八德,2023-07-19,9813
2515,中工,24,0,24,元大-八德,2023-07-19,9813
2317,鴻海,28,5,23,元大-八德,2023-07-19,9813
00725B,國泰投資級公司債,20,0,20,元大-八德,2023-07-19,9813
1220,台榮,20,0,20,元大-八德,2023-07-19,9813
2393,億光,20,0,20,元大-八德,2023-07-19,9813
6570,維田,20,0,20,元大-八德,2023-07-19,9813
2603,長榮,25,6,19,元大-八德,2023-07-19,9813
00929,復華台灣科技優息,22,3,19,元大-八德,2023-07-19,9813
2337,旺宏,22,3,19,元大-八德,2023-07-19,9813
2461,光群雷,19,1,18,元大-八德,2023-07-19,9813
2382,廣達,79,61,18,元大-八德,2023-07-19,9813
1605,華新,17,0,17,元大-八德,2023-07-19,9813
3276,宇環,16,0,16,元大-八德,2023-07-19,9813
1319,東陽,15,0,15,元大-八德,2023-07-19,9813
4157,太景*-KY,15,0,15,元大-八德,2023-07-19,9813
6811,宏�硌穈T,21,6,15,元大-八德,2023-07-19,9813
2303,聯電,15,1,14,元大-八德,2023-07-19,9813
2201,裕隆,14,0,14,元大-八德,2023-07-19,9813
6415,矽力*-KY,16,3,13,元大-八德,2023-07-19,9813
3189,景碩,31,19,12,元大-八德,2023-07-19,9813
2328,廣宇,12,0,12,元大-八德,2023-07-19,9813
2890,永豐金,12,0,12,元大-八德,2023-07-19,9813
4977,眾達-KY,17,5,12,元大-八德,2023-07-19,9813
6109,亞元,12,0,12,元大-八德,2023-07-19,9813
00930,永豐ESG低碳高息,11,0,11,元大-八德,2023-07-19,9813
00631L,元大台灣50正2,11,0,11,元大-八德,2023-07-19,9813
00751B,元大AAA至A公司債,26,15,11,元大-八德,2023-07-19,9813
00753L,中信中國50正2,11,0,11,元大-八德,2023-07-19,9813
2363,矽統,11,0,11,元大-八德,2023-07-19,9813
1101,台泥,81,0,81,元大-八德,2023-07-20,9813
00712,復華富時不動產,74,3,71,元大-八德,2023-07-20,9813
4138,曜亞,58,6,52,元大-八德,2023-07-20,9813
1560,中砂,55,5,50,元大-八德,2023-07-20,9813
2206,三陽工業,51,5,46,元大-八德,2023-07-20,9813
3481,群創,45,2,43,元大-八德,2023-07-20,9813
2498,宏達電,41,1,40,元大-八德,2023-07-20,9813
2317,鴻海,34,2,32,元大-八德,2023-07-20,9813
00772B,中信高評級公司債,27,0,27,元大-八德,2023-07-20,9813
00857B,永豐20年美公債,26,0,26,元大-八德,2023-07-20,9813
00780B,國泰A級金融債,26,0,26,元大-八德,2023-07-20,9813
00773B,中信優先金融債,26,0,26,元大-八德,2023-07-20,9813
1102,亞泥,26,0,26,元大-八德,2023-07-20,9813
00751B,元大AAA至A公司債,26,1,25,元大-八德,2023-07-20,9813
2303,聯電,28,3,25,元大-八德,2023-07-20,9813
00725B,國泰投資級公司債,20,0,20,元大-八德,2023-07-20,9813
1540,喬福,17,0,17,元大-八德,2023-07-20,9813
3037,欣興,64,48,16,元大-八德,2023-07-20,9813
2515,中工,15,0,15,元大-八德,2023-07-20,9813
3290,東浦,15,0,15,元大-八德,2023-07-20,9813
00687B,國泰20年美債,26,12,14,元大-八德,2023-07-20,9813
1471,首利,15,1,14,元大-八德,2023-07-20,9813
3324,雙鴻,14,0,14,元大-八德,2023-07-20,9813
5351,鈺創,14,0,14,元大-八德,2023-07-20,9813
4938,和碩,20,7,13,元大-八德,2023-07-20,9813
2458,義隆,13,0,13,元大-八德,2023-07-20,9813
2408,南亞科,15,3,12,元大-八德,2023-07-20,9813
3017,奇鋐,23,11,12,元大-八德,2023-07-20,9813
3577,泓格,11,0,11,元大-八德,2023-07-20,9813
6843,進典,11,0,11,元大-八德,2023-07-20,9813
8215,明基材,22,11,11,元大-八德,2023-07-20,9813
1301,台塑,10,0,10,元大-八德,2023-07-20,9813
1305,華夏,10,0,10,元大-八德,2023-07-20,9813
1618,合機,10,0,10,元大-八德,2023-07-20,9813
3710,連展投控,10,0,10,元大-八德,2023-07-20,9813
4123,晟德,26,16,10,元大-八德,2023-07-20,9813
4130,健亞,10,0,10,元大-八德,2023-07-20,9813
1905,華紙,39,29,10,元大-八德,2023-07-20,9813
2419,仲琦,21,12,9,元大-八德,2023-07-20,9813
5258,虹堡,21,12,9,元大-八德,2023-07-20,9813
6231,系微,10,1,9,元大-八德,2023-07-20,9813
8996,高力,15,6,9,元大-八德,2023-07-20,9813
2201,裕隆,10,1,9,元大-八德,2023-07-20,9813
2376,技嘉,19,10,9,元大-八德,2023-07-20,9813
3706,神達,15,7,8,元大-八德,2023-07-20,9813
8069,元太,8,0,8,元大-八德,2023-07-20,9813
00930,永豐ESG低碳高息,8,0,8,元大-八德,2023-07-20,9813
2405,輔信,20,12,8,元大-八德,2023-07-20,9813
2820,華票,8,0,8,元大-八德,2023-07-20,9813
4746,台耀,10,2,8,元大-八德,2023-07-20,9813
2421,建準,187,10,177,元大-八德,2023-07-21,9813
2357,華碩,171,16,155,元大-八德,2023-07-21,9813
6275,元山,159,42,117,元大-八德,2023-07-21,9813
2834,臺企銀,102,0,102,元大-八德,2023-07-21,9813
2603,長榮,82,4,78,元大-八德,2023-07-21,9813
3588,通嘉,78,14,64,元大-八德,2023-07-21,9813
1513,中興電,85,31,54,元大-八德,2023-07-21,9813
00878,國泰永續高股息,140,86,54,元大-八德,2023-07-21,9813
2405,輔信,51,2,49,元大-八德,2023-07-21,9813
1789,神隆,42,0,42,元大-八德,2023-07-21,9813
00772B,中信高評級公司債,34,0,34,元大-八德,2023-07-21,9813
00773B,中信優先金融債,33,0,33,元大-八德,2023-07-21,9813
00687B,國泰20年美債,33,0,33,元大-八德,2023-07-21,9813
00857B,永豐20年美公債,33,0,33,元大-八德,2023-07-21,9813
2462,良得電,30,0,30,元大-八德,2023-07-21,9813
2801,彰銀,30,0,30,元大-八德,2023-07-21,9813
1102,亞泥,27,0,27,元大-八德,2023-07-21,9813
00780B,國泰A級金融債,26,0,26,元大-八德,2023-07-21,9813
1313,聯成,25,0,25,元大-八德,2023-07-21,9813
4746,台耀,46,21,25,元大-八德,2023-07-21,9813
6668,中揚光,25,0,25,元大-八德,2023-07-21,9813
00751B,元大AAA至A公司債,33,9,24,元大-八德,2023-07-21,9813
1101,台泥,22,0,22,元大-八德,2023-07-21,9813
3710,連展投控,20,0,20,元大-八德,2023-07-21,9813
2454,聯發科,21,2,19,元大-八德,2023-07-21,9813
4138,曜亞,53,34,19,元大-八德,2023-07-21,9813
2515,中工,18,0,18,元大-八德,2023-07-21,9813
4510,高鋒,19,1,18,元大-八德,2023-07-21,9813
5465,富驊,18,1,17,元大-八德,2023-07-21,9813
5263,智崴,16,0,16,元大-八德,2023-07-21,9813
3037,欣興,59,44,15,元大-八德,2023-07-21,9813
2330,台積電,21,7,14,元大-八德,2023-07-21,9813
2317,鴻海,14,0,14,元大-八德,2023-07-21,9813
2609,陽明,24,10,14,元大-八德,2023-07-21,9813
2618,長榮航,16,3,13,元大-八德,2023-07-21,9813
00929,復華台灣科技優息,20,7,13,元大-八德,2023-07-21,9813
2303,聯電,13,0,13,元大-八德,2023-07-21,9813
6690,安�硌穈T,15,3,12,元大-八德,2023-07-21,9813
6282,康舒,16,5,11,元大-八德,2023-07-21,9813
2354,鴻準,11,0,11,元大-八德,2023-07-21,9813
00930,永豐ESG低碳高息,11,0,11,元大-八德,2023-07-21,9813
2905,三商,11,0,11,元大-八德,2023-07-21,9813
3035,智原,29,18,11,元大-八德,2023-07-21,9813
5309,系統電,11,0,11,元大-八德,2023-07-21,9813
00895,富邦未來車,10,0,10,元大-八德,2023-07-21,9813
00893,國泰智能電動車,11,1,10,元大-八德,2023-07-21,9813
1340,勝悅-KY,10,0,10,元大-八德,2023-07-21,9813
2302,麗正,10,0,10,元大-八德,2023-07-21,9813
2408,南亞科,11,1,10,元大-八德,2023-07-21,9813
2425,承啟,17,7,10,元大-八德,2023-07-21,9813
6125,廣運,727,192,535,元大-八德,2023-07-24,9813
2353,宏��,413,14,399,元大-八德,2023-07-24,9813
2609,陽明,178,12,166,元大-八德,2023-07-24,9813
1460,宏遠,40,0,40,元大-八德,2023-07-24,9813
3290,東浦,34,0,34,元大-八德,2023-07-24,9813
1789,神隆,32,1,31,元大-八德,2023-07-24,9813
4714,永捷,31,0,31,元大-八德,2023-07-24,9813
2368,金像電,35,4,31,元大-八德,2023-07-24,9813
6274,台燿,66,38,28,元大-八德,2023-07-24,9813
00751B,元大AAA至A公司債,27,0,27,元大-八德,2023-07-24,9813
1340,勝悅-KY,22,0,22,元大-八德,2023-07-24,9813
2324,仁寶,45,24,21,元大-八德,2023-07-24,9813
1815,富喬,20,0,20,元大-八德,2023-07-24,9813
9103,美德醫療-DR,20,0,20,元大-八德,2023-07-24,9813
2449,京元電子,25,5,20,元大-八德,2023-07-24,9813
2301,光寶科,45,25,20,元大-八德,2023-07-24,9813
00679B,元大美債20年,21,2,19,元大-八德,2023-07-24,9813
1402,遠東新,18,0,18,元大-八德,2023-07-24,9813
6116,彩晶,17,0,17,元大-八德,2023-07-24,9813
2461,光群雷,16,0,16,元大-八德,2023-07-24,9813
1104,環泥,15,0,15,元大-八德,2023-07-24,9813
020023,元大櫃買半導體N,15,0,15,元大-八德,2023-07-24,9813
2618,長榮航,15,1,14,元大-八德,2023-07-24,9813
5258,虹堡,38,25,13,元大-八德,2023-07-24,9813
2408,南亞科,13,0,13,元大-八德,2023-07-24,9813
3287,廣寰科,13,0,13,元大-八德,2023-07-24,9813
1102,亞泥,13,0,13,元大-八德,2023-07-24,9813
00857B,永豐20年美公債,12,0,12,元大-八德,2023-07-24,9813
2316,楠梓電,18,6,12,元大-八德,2023-07-24,9813
2201,裕隆,12,0,12,元大-八德,2023-07-24,9813
00882,中信中國高股息,12,0,12,元大-八德,2023-07-24,9813
00780B,國泰A級金融債,12,0,12,元大-八德,2023-07-24,9813
00687B,國泰20年美債,12,0,12,元大-八德,2023-07-24,9813
5309,系統電,12,0,12,元大-八德,2023-07-24,9813
5351,鈺創,13,1,12,元大-八德,2023-07-24,9813
5425,台半,12,0,12,元大-八德,2023-07-24,9813
3005,神基,11,0,11,元大-八德,2023-07-24,9813
00772B,中信高評級公司債,12,1,11,元大-八德,2023-07-24,9813
1611,中電,11,0,11,元大-八德,2023-07-24,9813
3577,泓格,11,0,11,元大-八德,2023-07-24,9813
3594,磐儀,11,0,11,元大-八德,2023-07-24,9813
3231,緯創,28,17,11,元大-八德,2023-07-24,9813
2457,飛宏,13,3,10,元大-八德,2023-07-24,9813
00773B,中信優先金融債,12,2,10,元大-八德,2023-07-24,9813
00725B,國泰投資級公司債,10,0,10,元大-八德,2023-07-24,9813
2820,華票,10,0,10,元大-八德,2023-07-24,9813
3058,立德,10,0,10,元大-八德,2023-07-24,9813
3362,先進光,11,1,10,元大-八德,2023-07-24,9813
4744,皇將,10,0,10,元大-八德,2023-07-24,9813
5457,宣德,10,0,10,元大-八德,2023-07-24,9813
2359,所羅門,455,71,384,元大-八德,2023-07-25,9813
8358,金居,650,472,178,元大-八德,2023-07-25,9813
2356,英業達,114,12,102,元大-八德,2023-07-25,9813
00902,中信電池及儲能,100,0,100,元大-八德,2023-07-25,9813
6188,廣明,96,5,91,元大-八德,2023-07-25,9813
1477,聚陽,39,0,39,元大-八德,2023-07-25,9813
5450,南良,39,0,39,元大-八德,2023-07-25,9813
3646,艾恩特,33,0,33,元大-八德,2023-07-25,9813
00929,復華台灣科技優息,33,2,31,元大-八德,2023-07-25,9813
3231,緯創,34,4,30,元大-八德,2023-07-25,9813
020034,元大IC設計N,30,0,30,元大-八德,2023-07-25,9813
9105,泰金寶-DR,30,0,30,元大-八德,2023-07-25,9813
2408,南亞科,26,0,26,元大-八德,2023-07-25,9813
3702,大聯大,24,0,24,元大-八德,2023-07-25,9813
8210,勤誠,22,0,22,元大-八德,2023-07-25,9813
2328,廣宇,25,4,21,元大-八德,2023-07-25,9813
5340,建榮,24,3,21,元大-八德,2023-07-25,9813
1104,環泥,32,12,20,元大-八德,2023-07-25,9813
2371,大同,22,2,20,元大-八德,2023-07-25,9813
2457,飛宏,22,2,20,元大-八德,2023-07-25,9813
2401,凌陽,22,3,19,元大-八德,2023-07-25,9813
3706,神達,19,0,19,元大-八德,2023-07-25,9813
1789,神隆,19,1,18,元大-八德,2023-07-25,9813
00632R,元大台灣50反1,18,0,18,元大-八德,2023-07-25,9813
3037,欣興,95,77,18,元大-八德,2023-07-25,9813
00687B,國泰20年美債,17,0,17,元大-八德,2023-07-25,9813
3596,智易,18,1,17,元大-八德,2023-07-25,9813
4763,材料-KY,22,5,17,元大-八德,2023-07-25,9813
4979,華星光,16,0,16,元大-八德,2023-07-25,9813
1504,東元,86,70,16,元大-八德,2023-07-25,9813
2609,陽明,20,4,16,元大-八德,2023-07-25,9813
5258,虹堡,42,26,16,元大-八德,2023-07-25,9813
3583,辛耘,25,10,15,元大-八德,2023-07-25,9813
2617,台航,15,0,15,元大-八德,2023-07-25,9813
00772B,中信高評級公司債,14,0,14,元大-八德,2023-07-25,9813
00751B,元大AAA至A公司債,13,0,13,元大-八德,2023-07-25,9813
00857B,永豐20年美公債,12,0,12,元大-八德,2023-07-25,9813
00773B,中信優先金融債,12,0,12,元大-八德,2023-07-25,9813
2014,中鴻,12,0,12,元大-八德,2023-07-25,9813
3062,建漢,12,0,12,元大-八德,2023-07-25,9813
5309,系統電,12,0,12,元大-八德,2023-07-25,9813
1301,台塑,14,3,11,元大-八德,2023-07-25,9813
3032,偉訓,12,1,11,元大-八德,2023-07-25,9813
2610,華航,12,2,10,元大-八德,2023-07-25,9813
00918,大華優利高填息30,10,0,10,元大-八德,2023-07-25,9813
020026,兆豐上櫃ESG電菁N,10,0,10,元大-八德,2023-07-25,9813
2421,建準,17,7,10,元大-八德,2023-07-25,9813
3680,家登,12,2,10,元大-八德,2023-07-25,9813
3710,連展投控,10,0,10,元大-八德,2023-07-25,9813
4138,曜亞,11,1,10,元大-八德,2023-07-25,9813
2610,華航,208,53,155,元大-八德,2023-07-26,9813
00882,中信中國高股息,150,0,150,元大-八德,2023-07-26,9813
2405,輔信,101,4,97,元大-八德,2023-07-26,9813
6274,台燿,103,37,66,元大-八德,2023-07-26,9813
2376,技嘉,69,11,58,元大-八德,2023-07-26,9813
1447,力鵬,50,0,50,元大-八德,2023-07-26,9813
6288,聯嘉,45,1,44,元大-八德,2023-07-26,9813
00687B,國泰20年美債,42,0,42,元大-八德,2023-07-26,9813
00713,元大台灣高息低波,42,0,42,元大-八德,2023-07-26,9813
00929,復華台灣科技優息,32,0,32,元大-八德,2023-07-26,9813
1540,喬福,31,0,31,元大-八德,2023-07-26,9813
1789,神隆,34,3,31,元大-八德,2023-07-26,9813
2337,旺宏,31,1,30,元大-八德,2023-07-26,9813
8210,勤誠,28,0,28,元大-八德,2023-07-26,9813
00904,新光臺灣半導體30,27,0,27,元大-八德,2023-07-26,9813
020026,兆豐上櫃ESG電菁N,25,0,25,元大-八德,2023-07-26,9813
6443,元晶,24,0,24,元大-八德,2023-07-26,9813
00919,群益台灣精選高息,22,0,22,元大-八德,2023-07-26,9813
1477,聚陽,22,0,22,元大-八德,2023-07-26,9813
00772B,中信高評級公司債,22,0,22,元大-八德,2023-07-26,9813
020034,元大IC設計N,20,0,20,元大-八德,2023-07-26,9813
1340,勝悅-KY,20,0,20,元大-八德,2023-07-26,9813
00751B,元大AAA至A公司債,18,0,18,元大-八德,2023-07-26,9813
00780B,國泰A級金融債,18,0,18,元大-八德,2023-07-26,9813
00773B,中信優先金融債,18,0,18,元大-八德,2023-07-26,9813
00857B,永豐20年美公債,18,0,18,元大-八德,2023-07-26,9813
3706,神達,20,2,18,元大-八德,2023-07-26,9813
00637L,元大滬深300正2,17,0,17,元大-八德,2023-07-26,9813
00720B,元大投資級公司債,16,0,16,元大-八德,2023-07-26,9813
2408,南亞科,27,11,16,元大-八德,2023-07-26,9813
4977,眾達-KY,17,1,16,元大-八德,2023-07-26,9813
2454,聯發科,16,0,16,元大-八德,2023-07-26,9813
4919,新唐,15,0,15,元大-八德,2023-07-26,9813
6570,維田,15,0,15,元大-八德,2023-07-26,9813
00878,國泰永續高股息,29,14,15,元大-八德,2023-07-26,9813
2356,英業達,25,11,14,元大-八德,2023-07-26,9813
2303,聯電,17,4,13,元大-八德,2023-07-26,9813
6213,聯茂,15,2,13,元大-八德,2023-07-26,9813
00930,永豐ESG低碳高息,13,0,13,元大-八德,2023-07-26,9813
2201,裕隆,13,0,13,元大-八德,2023-07-26,9813
2887,台新金,15,2,13,元大-八德,2023-07-26,9813
2371,大同,13,1,12,元大-八德,2023-07-26,9813
3088,艾訊,11,0,11,元大-八德,2023-07-26,9813
8916,光隆,11,0,11,元大-八德,2023-07-26,9813
4953,緯軟,16,5,11,元大-八德,2023-07-26,9813
00753L,中信中國50正2,11,0,11,元大-八德,2023-07-26,9813
3211,順達,11,0,11,元大-八德,2023-07-26,9813
3594,磐儀,11,0,11,元大-八德,2023-07-26,9813
2382,廣達,118,108,10,元大-八德,2023-07-26,9813
2101,南港,10,0,10,元大-八德,2023-07-26,9813
00665L,富邦�琤肭磪囓�2,450,1,449,元大-八德,2023-07-27,9813
2329,華泰,466,30,436,元大-八德,2023-07-27,9813
2801,彰銀,403,91,312,元大-八德,2023-07-27,9813
2618,長榮航,233,32,201,元大-八德,2023-07-27,9813
6531,愛普*,227,64,163,元大-八德,2023-07-27,9813
2610,華航,250,164,86,元大-八德,2023-07-27,9813
3035,智原,61,8,53,元大-八德,2023-07-27,9813
3481,群創,74,22,52,元大-八德,2023-07-27,9813
2884,玉山金,50,5,45,元大-八德,2023-07-27,9813
00919,群益台灣精選高息,41,0,41,元大-八德,2023-07-27,9813
00751B,元大AAA至A公司債,39,0,39,元大-八德,2023-07-27,9813
2002,中鋼,31,1,30,元大-八德,2023-07-27,9813
2457,飛宏,31,1,30,元大-八德,2023-07-27,9813
1471,首利,30,1,29,元大-八德,2023-07-27,9813
5351,鈺創,58,31,27,元大-八德,2023-07-27,9813
2851,中再保,25,0,25,元大-八德,2023-07-27,9813
3163,波若威,27,6,21,元大-八德,2023-07-27,9813
1504,東元,22,2,20,元大-八德,2023-07-27,9813
00725B,國泰投資級公司債,20,0,20,元大-八德,2023-07-27,9813
00650L,復華香港正2,20,0,20,元大-八德,2023-07-27,9813
1305,華夏,20,0,20,元大-八德,2023-07-27,9813
4513,福裕,19,0,19,元大-八德,2023-07-27,9813
00632R,元大台灣50反1,15,0,15,元大-八德,2023-07-27,9813
4967,十銓,20,5,15,元大-八德,2023-07-27,9813
00878,國泰永續高股息,17,3,14,元大-八德,2023-07-27,9813
00679B,元大美債20年,27,13,14,元大-八德,2023-07-27,9813
2887,台新金,14,0,14,元大-八德,2023-07-27,9813
2340,台亞,16,3,13,元大-八德,2023-07-27,9813
1907,永豐餘,22,10,12,元大-八德,2023-07-27,9813
00929,復華台灣科技優息,12,0,12,元大-八德,2023-07-27,9813
1815,富喬,21,10,11,元大-八德,2023-07-27,9813
2498,宏達電,11,0,11,元大-八德,2023-07-27,9813
3406,玉晶光,13,2,11,元大-八德,2023-07-27,9813
6245,立端,11,0,11,元大-八德,2023-07-27,9813
8926,台汽電,11,0,11,元大-八德,2023-07-27,9813
3037,欣興,56,45,11,元大-八德,2023-07-27,9813
6672,騰輝電子-KY,11,0,11,元大-八德,2023-07-27,9813
1303,南亞,10,0,10,元大-八德,2023-07-27,9813
1587,吉茂,11,1,10,元大-八德,2023-07-27,9813
2316,楠梓電,10,0,10,元大-八德,2023-07-27,9813
3687,歐買尬,10,0,10,元大-八德,2023-07-27,9813
3231,緯創,25,15,10,元大-八德,2023-07-27,9813
00687B,國泰20年美債,9,0,9,元大-八德,2023-07-27,9813
1219,福壽,10,1,9,元大-八德,2023-07-27,9813
2027,大成鋼,14,5,9,元大-八德,2023-07-27,9813
3189,景碩,9,1,8,元大-八德,2023-07-27,9813
6163,華電網,10,2,8,元大-八德,2023-07-27,9813
2913,農林,65,57,8,元大-八德,2023-07-27,9813
00772B,中信高評級公司債,7,0,7,元大-八德,2023-07-27,9813
00780B,國泰A級金融債,7,0,7,元大-八德,2023-07-27,9813
2359,所羅門,266,0,266,元大-八德,2023-07-28,9813
2383,台光電,124,31,93,元大-八德,2023-07-28,9813
2405,輔信,83,0,83,元大-八德,2023-07-28,9813
3607,谷崧,55,0,55,元大-八德,2023-07-28,9813
2455,全新,56,5,51,元大-八德,2023-07-28,9813
1101,台泥,50,0,50,元大-八德,2023-07-28,9813
3265,台星科,49,4,45,元大-八德,2023-07-28,9813
00687B,國泰20年美債,40,0,40,元大-八德,2023-07-28,9813
00751B,元大AAA至A公司債,35,0,35,元大-八德,2023-07-28,9813
00795B,中信美國公債20年,34,0,34,元大-八德,2023-07-28,9813
2382,廣達,74,40,34,元大-八德,2023-07-28,9813
6116,彩晶,30,0,30,元大-八德,2023-07-28,9813
2888,新光金,36,6,30,元大-八德,2023-07-28,9813
2002,中鋼,29,0,29,元大-八德,2023-07-28,9813
00720B,元大投資級公司債,28,0,28,元大-八德,2023-07-28,9813
2027,大成鋼,26,0,26,元大-八德,2023-07-28,9813
00753L,中信中國50正2,25,0,25,元大-八德,2023-07-28,9813
00680L,元大美債20正2,24,0,24,元大-八德,2023-07-28,9813
1907,永豐餘,24,3,21,元大-八德,2023-07-28,9813
3049,精金,20,0,20,元大-八德,2023-07-28,9813
5309,系統電,20,0,20,元大-八德,2023-07-28,9813
00679B,元大美債20年,19,0,19,元大-八德,2023-07-28,9813
8210,勤誠,28,9,19,元大-八德,2023-07-28,9813
2637,慧洋-KY,18,0,18,元大-八德,2023-07-28,9813
6245,立端,17,0,17,元大-八德,2023-07-28,9813
6690,安�硌穈T,21,5,16,元大-八德,2023-07-28,9813
00673R,期元大S＆P原油反1,15,0,15,元大-八德,2023-07-28,9813
3231,緯創,67,52,15,元大-八德,2023-07-28,9813
5009,榮剛,15,0,15,元大-八德,2023-07-28,9813
2884,玉山金,15,0,15,元大-八德,2023-07-28,9813
2104,國際中橡,14,0,14,元大-八德,2023-07-28,9813
2376,技嘉,84,70,14,元大-八德,2023-07-28,9813
00764B,群益25年美債,13,0,13,元大-八德,2023-07-28,9813
1305,華夏,13,0,13,元大-八德,2023-07-28,9813
3078,僑威,15,2,13,元大-八德,2023-07-28,9813
6689,伊雲谷,12,0,12,元大-八德,2023-07-28,9813
5425,台半,12,0,12,元大-八德,2023-07-28,9813
2303,聯電,20,8,12,元大-八德,2023-07-28,9813
4533,協易機,13,2,11,元大-八德,2023-07-28,9813
00725B,國泰投資級公司債,10,0,10,元大-八德,2023-07-28,9813
6165,浪凡,12,2,10,元大-八德,2023-07-28,9813
6175,立敦,10,0,10,元大-八德,2023-07-28,9813
6451,訊芯-KY,10,0,10,元大-八德,2023-07-28,9813
6743,安普新,10,0,10,元大-八德,2023-07-28,9813
1219,福壽,10,0,10,元大-八德,2023-07-28,9813
00650L,復華香港正2,9,0,9,元大-八德,2023-07-28,9813
2340,台亞,9,1,8,元大-八德,2023-07-28,9813
2344,華邦電,15,7,8,元大-八德,2023-07-28,9813
2369,菱生,8,0,8,元大-八德,2023-07-28,9813
1802,台玻,10,3,7,元大-八德,2023-07-28,9813
00878,國泰永續高股息,277,34,243,元大-八德,2023-07-31,9813
6214,精誠,153,2,151,元大-八德,2023-07-31,9813
4533,協易機,105,0,105,元大-八德,2023-07-31,9813
3596,智易,136,38,98,元大-八德,2023-07-31,9813
5340,建榮,84,3,81,元大-八德,2023-07-31,9813
6016,康和證,71,0,71,元大-八德,2023-07-31,9813
8050,廣積,56,5,51,元大-八德,2023-07-31,9813
2634,漢翔,86,35,51,元大-八德,2023-07-31,9813
2329,華泰,81,34,47,元大-八德,2023-07-31,9813
00671R,富邦NASDAQ反1,45,0,45,元大-八德,2023-07-31,9813
00720B,元大投資級公司債,44,0,44,元大-八德,2023-07-31,9813
3231,緯創,87,45,42,元大-八德,2023-07-31,9813
2059,川湖,43,2,41,元大-八德,2023-07-31,9813
3013,晟銘電,39,1,38,元大-八德,2023-07-31,9813
3078,僑威,41,8,33,元大-八德,2023-07-31,9813
0056,元大高股息,56,24,32,元大-八德,2023-07-31,9813
00679B,元大美債20年,31,0,31,元大-八德,2023-07-31,9813
1229,聯華,30,1,29,元大-八德,2023-07-31,9813
00929,復華台灣科技優息,29,3,26,元大-八德,2023-07-31,9813
2421,建準,28,3,25,元大-八德,2023-07-31,9813
4513,福裕,24,0,24,元大-八德,2023-07-31,9813
00632R,元大台灣50反1,22,0,22,元大-八德,2023-07-31,9813
3689,湧德,23,1,22,元大-八德,2023-07-31,9813
1802,台玻,52,31,21,元大-八德,2023-07-31,9813
1905,華紙,48,27,21,元大-八德,2023-07-31,9813
4906,正文,21,0,21,元大-八德,2023-07-31,9813
2002,中鋼,21,0,21,元大-八德,2023-07-31,9813
6579,研揚,20,0,20,元大-八德,2023-07-31,9813
00680L,元大美債20正2,20,0,20,元大-八德,2023-07-31,9813
6285,啟��,26,7,19,元大-八德,2023-07-31,9813
3037,欣興,29,12,17,元大-八德,2023-07-31,9813
00923,群益台ESG低碳50,17,0,17,元大-八德,2023-07-31,9813
00687B,國泰20年美債,16,0,16,元大-八德,2023-07-31,9813
3711,日月光投控,15,0,15,元大-八德,2023-07-31,9813
3479,安勤,15,1,14,元大-八德,2023-07-31,9813
6640,均華,14,0,14,元大-八德,2023-07-31,9813
6443,元晶,15,1,14,元大-八德,2023-07-31,9813
3707,漢磊,16,3,13,元大-八德,2023-07-31,9813
4714,永捷,13,0,13,元大-八德,2023-07-31,9813
5309,系統電,13,0,13,元大-八德,2023-07-31,9813
3033,威健,12,0,12,元大-八德,2023-07-31,9813
5425,台半,12,0,12,元大-八德,2023-07-31,9813
2357,華碩,16,5,11,元大-八德,2023-07-31,9813
00919,群益台灣精選高息,11,0,11,元大-八德,2023-07-31,9813
6116,彩晶,14,3,11,元大-八德,2023-07-31,9813
2498,宏達電,17,6,11,元大-八德,2023-07-31,9813
5512,力麒,11,0,11,元大-八德,2023-07-31,9813
6863,永道-KY,11,0,11,元大-八德,2023-07-31,9813
8358,金居,20,9,11,元大-八德,2023-07-31,9813
6196,帆宣,11,0,11,元大-八德,2023-07-31,9813
3033,威健,336,0,336,元大-八德,2023-08-01,9813
2883,凱基金,153,0,153,元大-八德,2023-08-01,9813
2889,國票金,104,0,104,元大-八德,2023-08-01,9813
2884,玉山金,100,0,100,元大-八德,2023-08-01,9813
2630,亞航,97,6,91,元大-八德,2023-08-01,9813
1802,台玻,96,18,78,元大-八德,2023-08-01,9813
5388,中磊,64,1,63,元大-八德,2023-08-01,9813
6125,廣運,43,1,42,元大-八德,2023-08-01,9813
00878,國泰永續高股息,36,2,34,元大-八德,2023-08-01,9813
00637L,元大滬深300正2,33,1,32,元大-八德,2023-08-01,9813
5425,台半,27,1,26,元大-八德,2023-08-01,9813
2401,凌陽,26,1,25,元大-八德,2023-08-01,9813
2913,農林,38,15,23,元大-八德,2023-08-01,9813
2376,技嘉,36,14,22,元大-八德,2023-08-01,9813
9907,統一實,22,0,22,元大-八德,2023-08-01,9813
6116,彩晶,21,0,21,元大-八德,2023-08-01,9813
00892,富邦台灣半導體,15,0,15,元大-八德,2023-08-01,9813
020034,元大IC設計N,15,0,15,元大-八德,2023-08-01,9813
020023,元大櫃買半導體N,15,0,15,元大-八德,2023-08-01,9813
3290,東浦,15,0,15,元大-八德,2023-08-01,9813
2312,金寶,15,1,14,元大-八德,2023-08-01,9813
2449,京元電子,14,0,14,元大-八德,2023-08-01,9813
6274,台燿,67,53,14,元大-八德,2023-08-01,9813
00929,復華台灣科技優息,15,2,13,元大-八德,2023-08-01,9813
3265,台星科,18,5,13,元大-八德,2023-08-01,9813
3479,安勤,13,0,13,元大-八德,2023-08-01,9813
2888,新光金,13,1,12,元大-八德,2023-08-01,9813
6239,力成,12,0,12,元大-八德,2023-08-01,9813
00753L,中信中國50正2,11,0,11,元大-八德,2023-08-01,9813
3234,光環,11,0,11,元大-八德,2023-08-01,9813
2404,漢唐,11,0,11,元大-八德,2023-08-01,9813
3105,穩懋,16,5,11,元大-八德,2023-08-01,9813
2354,鴻準,10,0,10,元大-八德,2023-08-01,9813
3029,零壹,11,1,10,元大-八德,2023-08-01,9813
00924,復華S＆P500成長,10,0,10,元大-八德,2023-08-01,9813
2340,台亞,10,0,10,元大-八德,2023-08-01,9813
2887,台新金,10,0,10,元大-八德,2023-08-01,9813
5309,系統電,10,0,10,元大-八德,2023-08-01,9813
6782,視陽,10,0,10,元大-八德,2023-08-01,9813
0056,元大高股息,24,14,10,元大-八德,2023-08-01,9813
00679B,元大美債20年,9,0,9,元大-八德,2023-08-01,9813
8210,勤誠,10,1,9,元大-八德,2023-08-01,9813
2329,華泰,21,12,9,元大-八德,2023-08-01,9813
2408,南亞科,10,1,9,元大-八德,2023-08-01,9813
2481,強茂,10,1,9,元大-八德,2023-08-01,9813
2836,高雄銀,9,0,9,元大-八德,2023-08-01,9813
5258,虹堡,35,26,9,元大-八德,2023-08-01,9813
5457,宣德,10,1,9,元大-八德,2023-08-01,9813
8087,麗升能源,9,0,9,元大-八德,2023-08-01,9813
2303,聯電,11,2,9,元大-八德,2023-08-01,9813
1608,華榮,574,6,568,元大-八德,2023-08-02,9813
1217,愛之味,202,0,202,元大-八德,2023-08-02,9813
00878,國泰永續高股息,164,52,112,元大-八德,2023-08-02,9813
2887,台新金,110,2,108,元大-八德,2023-08-02,9813
2812,台中銀,84,1,83,元大-八德,2023-08-02,9813
2880,華南金,62,0,62,元大-八德,2023-08-02,9813
6712,長聖,57,0,57,元大-八德,2023-08-02,9813
00637L,元大滬深300正2,42,1,41,元大-八德,2023-08-02,9813
2834,臺企銀,40,0,40,元大-八德,2023-08-02,9813
3033,威健,41,1,40,元大-八德,2023-08-02,9813
2884,玉山金,41,1,40,元大-八德,2023-08-02,9813
2883,凱基金,41,2,39,元大-八德,2023-08-02,9813
00751B,元大AAA至A公司債,34,3,31,元大-八德,2023-08-02,9813
2801,彰銀,31,0,31,元大-八德,2023-08-02,9813
00712,復華富時不動產,44,14,30,元大-八德,2023-08-02,9813
2393,億光,27,0,27,元大-八德,2023-08-02,9813
3037,欣興,45,18,27,元大-八德,2023-08-02,9813
00631L,元大台灣50正2,26,0,26,元大-八德,2023-08-02,9813
5309,系統電,25,0,25,元大-八德,2023-08-02,9813
6570,維田,25,0,25,元大-八德,2023-08-02,9813
2408,南亞科,24,0,24,元大-八德,2023-08-02,9813
2888,新光金,29,5,24,元大-八德,2023-08-02,9813
00923,群益台ESG低碳50,23,0,23,元大-八德,2023-08-02,9813
00687B,國泰20年美債,23,0,23,元大-八德,2023-08-02,9813
2481,強茂,24,1,23,元大-八德,2023-08-02,9813
00679B,元大美債20年,21,0,21,元大-八德,2023-08-02,9813
00892,富邦台灣半導體,21,0,21,元大-八德,2023-08-02,9813
1609,大亞,43,23,20,元大-八德,2023-08-02,9813
3290,東浦,20,0,20,元大-八德,2023-08-02,9813
00929,復華台灣科技優息,20,1,19,元大-八德,2023-08-02,9813
2002,中鋼,23,5,18,元大-八德,2023-08-02,9813
6282,康舒,28,10,18,元大-八德,2023-08-02,9813
00715L,期街口布蘭特正2,18,0,18,元大-八德,2023-08-02,9813
2882,國泰金,19,1,18,元大-八德,2023-08-02,9813
2402,毅嘉,23,6,17,元大-八德,2023-08-02,9813
3481,群創,66,49,17,元大-八德,2023-08-02,9813
1301,台塑,16,0,16,元大-八德,2023-08-02,9813
2059,川湖,31,15,16,元大-八德,2023-08-02,9813
3587,閎康,16,0,16,元大-八德,2023-08-02,9813
2421,建準,14,0,14,元大-八德,2023-08-02,9813
1789,神隆,14,0,14,元大-八德,2023-08-02,9813
2891,中信金,14,1,13,元大-八德,2023-08-02,9813
1710,東聯,12,0,12,元大-八德,2023-08-02,9813
6274,台燿,49,37,12,元大-八德,2023-08-02,9813
0056,元大高股息,41,29,12,元大-八德,2023-08-02,9813
8210,勤誠,12,1,11,元大-八德,2023-08-02,9813
2618,長榮航,15,4,11,元大-八德,2023-08-02,9813
4977,眾達-KY,11,0,11,元大-八德,2023-08-02,9813
00753L,中信中國50正2,10,0,10,元大-八德,2023-08-02,9813
00725B,國泰投資級公司債,10,0,10,元大-八德,2023-08-02,9813
00680L,元大美債20正2,1013,0,1013,元大-八德,2023-08-04,9813
00665L,富邦�琤肭磪囓�2,812,12,800,元大-八德,2023-08-04,9813
00687B,國泰20年美債,630,26,604,元大-八德,2023-08-04,9813
1217,愛之味,301,2,299,元大-八德,2023-08-04,9813
00900,富邦特選高股息30,110,0,110,元大-八德,2023-08-04,9813
00751B,元大AAA至A公司債,92,15,77,元大-八德,2023-08-04,9813
1721,三晃,70,0,70,元大-八德,2023-08-04,9813
3596,智易,70,1,69,元大-八德,2023-08-04,9813
00878,國泰永續高股息,64,1,63,元大-八德,2023-08-04,9813
2891,中信金,52,0,52,元大-八德,2023-08-04,9813
00929,復華台灣科技優息,49,0,49,元大-八德,2023-08-04,9813
2890,永豐金,50,1,49,元大-八德,2023-08-04,9813
00773B,中信優先金融債,40,0,40,元大-八德,2023-08-04,9813
2393,億光,36,0,36,元大-八德,2023-08-04,9813
2027,大成鋼,35,0,35,元大-八德,2023-08-04,9813
3499,環天科,35,0,35,元大-八德,2023-08-04,9813
6016,康和證,35,0,35,元大-八德,2023-08-04,9813
00712,復華富時不動產,34,0,34,元大-八德,2023-08-04,9813
00725B,國泰投資級公司債,31,0,31,元大-八德,2023-08-04,9813
00720B,元大投資級公司債,43,13,30,元大-八德,2023-08-04,9813
3231,緯創,398,369,29,元大-八德,2023-08-04,9813
00772B,中信高評級公司債,47,20,27,元大-八德,2023-08-04,9813
2883,凱基金,24,0,24,元大-八德,2023-08-04,9813
2417,圓剛,23,0,23,元大-八德,2023-08-04,9813
2913,農林,76,55,21,元大-八德,2023-08-04,9813
00857B,永豐20年美公債,20,0,20,元大-八德,2023-08-04,9813
00780B,國泰A級金融債,20,0,20,元大-八德,2023-08-04,9813
00648R,元大S＆P500反1,20,0,20,元大-八德,2023-08-04,9813
1785,光洋科,20,0,20,元大-八德,2023-08-04,9813
2812,台中銀,20,0,20,元大-八德,2023-08-04,9813
00696B,富邦美債20年,19,0,19,元大-八德,2023-08-04,9813
00904,新光臺灣半導體30,19,0,19,元大-八德,2023-08-04,9813
00923,群益台ESG低碳50,18,0,18,元大-八德,2023-08-04,9813
2206,三陽工業,19,2,17,元大-八德,2023-08-04,9813
00715L,期街口布蘭特正2,17,0,17,元大-八德,2023-08-04,9813
2887,台新金,17,0,17,元大-八德,2023-08-04,9813
00892,富邦台灣半導體,16,0,16,元大-八德,2023-08-04,9813
1789,神隆,21,5,16,元大-八德,2023-08-04,9813
3294,英濟,16,0,16,元大-八德,2023-08-04,9813
3356,奇偶,15,0,15,元大-八德,2023-08-04,9813
5309,系統電,15,0,15,元大-八德,2023-08-04,9813
00631L,元大台灣50正2,14,2,12,元大-八德,2023-08-04,9813
00788B,元大10年IG電能債,12,0,12,元大-八德,2023-08-04,9813
2303,聯電,11,0,11,元大-八德,2023-08-04,9813
2009,第一銅,11,0,11,元大-八德,2023-08-04,9813
2347,聯強,11,0,11,元大-八德,2023-08-04,9813
5258,虹堡,21,10,11,元大-八德,2023-08-04,9813
6223,旺矽,25,15,10,元大-八德,2023-08-04,9813
2356,英業達,28,18,10,元大-八德,2023-08-04,9813
6415,矽力*-KY,10,0,10,元大-八德,2023-08-04,9813
2382,廣達,410,38,372,元大-八德,2023-08-07,9813
00687B,國泰20年美債,112,10,102,元大-八德,2023-08-07,9813
5340,建榮,58,4,54,元大-八德,2023-08-07,9813
5388,中磊,51,0,51,元大-八德,2023-08-07,9813
2368,金像電,69,20,49,元大-八德,2023-08-07,9813
3032,偉訓,50,3,47,元大-八德,2023-08-07,9813
00772B,中信高評級公司債,39,0,39,元大-八德,2023-08-07,9813
00780B,國泰A級金融債,36,0,36,元大-八德,2023-08-07,9813
00773B,中信優先金融債,36,0,36,元大-八德,2023-08-07,9813
00680L,元大美債20正2,33,0,33,元大-八德,2023-08-07,9813
00857B,永豐20年美公債,28,0,28,元大-八德,2023-08-07,9813
3035,智原,32,5,27,元大-八德,2023-08-07,9813
3294,英濟,27,0,27,元大-八德,2023-08-07,9813
2301,光寶科,48,26,22,元大-八德,2023-08-07,9813
00751B,元大AAA至A公司債,31,10,21,元大-八德,2023-08-07,9813
00637L,元大滬深300正2,19,0,19,元大-八德,2023-08-07,9813
00715L,期街口布蘭特正2,18,0,18,元大-八德,2023-08-07,9813
3024,憶聲,20,2,18,元大-八德,2023-08-07,9813
2356,英業達,43,27,16,元大-八德,2023-08-07,9813
00900,富邦特選高股息30,16,2,14,元大-八德,2023-08-07,9813
00929,復華台灣科技優息,16,2,14,元大-八德,2023-08-07,9813
00878,國泰永續高股息,17,4,13,元大-八德,2023-08-07,9813
00923,群益台ESG低碳50,11,0,11,元大-八德,2023-08-07,9813
2313,華通,12,2,10,元大-八德,2023-08-07,9813
4414,如興,10,0,10,元大-八德,2023-08-07,9813
6207,雷科,10,0,10,元大-八德,2023-08-07,9813
2458,義隆,8,0,8,元大-八德,2023-08-07,9813
3576,聯合再生,8,0,8,元大-八德,2023-08-07,9813
2330,台積電,11,4,7,元大-八德,2023-08-07,9813
00881,國泰台灣5G+,7,0,7,元大-八德,2023-08-07,9813
3207,耀勝,7,0,7,元大-八德,2023-08-07,9813
3481,群創,7,0,7,元大-八德,2023-08-07,9813
1476,儒鴻,6,0,6,元大-八德,2023-08-07,9813
1504,東元,11,5,6,元大-八德,2023-08-07,9813
2302,麗正,44,38,6,元大-八德,2023-08-07,9813
2609,陽明,166,160,6,元大-八德,2023-08-07,9813
3033,威健,7,1,6,元大-八德,2023-08-07,9813
3088,艾訊,7,1,6,元大-八德,2023-08-07,9813
3714,富采,6,0,6,元大-八德,2023-08-07,9813
4714,永捷,6,0,6,元大-八德,2023-08-07,9813
2303,聯電,5,0,5,元大-八德,2023-08-07,9813
1605,華新,5,0,5,元大-八德,2023-08-07,9813
00931B,統一美債20年,5,0,5,元大-八德,2023-08-07,9813
020034,元大IC設計N,5,0,5,元大-八德,2023-08-07,9813
020026,兆豐上櫃ESG電菁N,5,0,5,元大-八德,2023-08-07,9813
00720B,元大投資級公司債,5,0,5,元大-八德,2023-08-07,9813
1471,首利,5,0,5,元大-八德,2023-08-07,9813
1789,神隆,6,1,5,元大-八德,2023-08-07,9813
2889,國票金,5,0,5,元大-八德,2023-08-07,9813
3290,東浦,5,0,5,元大-八德,2023-08-07,9813
2363,矽統,573,59,514,元大-八德,2023-08-08,9813
00680L,元大美債20正2,201,0,201,元大-八德,2023-08-08,9813
2405,輔信,99,2,97,元大-八德,2023-08-08,9813
2867,三商壽,90,0,90,元大-八德,2023-08-08,9813
1444,力麗,85,0,85,元大-八德,2023-08-08,9813
00633L,富邦上証正2,50,0,50,元大-八德,2023-08-08,9813
00751B,元大AAA至A公司債,48,0,48,元大-八德,2023-08-08,9813
00687B,國泰20年美債,43,0,43,元大-八德,2023-08-08,9813
2801,彰銀,40,0,40,元大-八德,2023-08-08,9813
00772B,中信高評級公司債,37,0,37,元大-八德,2023-08-08,9813
00857B,永豐20年美公債,36,0,36,元大-八德,2023-08-08,9813
00773B,中信優先金融債,36,0,36,元大-八德,2023-08-08,9813
1616,億泰,38,3,35,元大-八德,2023-08-08,9813
00780B,國泰A級金融債,34,0,34,元大-八德,2023-08-08,9813
00929,復華台灣科技優息,34,1,33,元大-八德,2023-08-08,9813
2059,川湖,50,23,27,元大-八德,2023-08-08,9813
2356,英業達,72,45,27,元大-八德,2023-08-08,9813
00931B,統一美債20年,26,0,26,元大-八德,2023-08-08,9813
2408,南亞科,26,0,26,元大-八德,2023-08-08,9813
3481,群創,36,15,21,元大-八德,2023-08-08,9813
8027,鈦昇,27,6,21,元大-八德,2023-08-08,9813
1460,宏遠,20,0,20,元大-八德,2023-08-08,9813
2464,盟立,20,0,20,元大-八德,2023-08-08,9813
3306,鼎天,21,1,20,元大-八德,2023-08-08,9813
00715L,期街口布蘭特正2,17,0,17,元大-八德,2023-08-08,9813
3017,奇鋐,23,6,17,元大-八德,2023-08-08,9813
00913,兆豐台灣晶圓製造,16,0,16,元大-八德,2023-08-08,9813
2884,玉山金,16,0,16,元大-八德,2023-08-08,9813
00927,群益半導體收益,15,0,15,元大-八德,2023-08-08,9813
00892,富邦台灣半導體,15,0,15,元大-八德,2023-08-08,9813
5009,榮剛,13,0,13,元大-八德,2023-08-08,9813
3706,神達,15,2,13,元大-八德,2023-08-08,9813
4714,永捷,13,0,13,元大-八德,2023-08-08,9813
2890,永豐金,12,0,12,元大-八德,2023-08-08,9813
00720B,元大投資級公司債,12,0,12,元大-八德,2023-08-08,9813
2605,新興,11,0,11,元大-八德,2023-08-08,9813
2883,凱基金,11,0,11,元大-八德,2023-08-08,9813
3037,欣興,18,7,11,元大-八德,2023-08-08,9813
8215,明基材,10,0,10,元大-八德,2023-08-08,9813
3024,憶聲,20,10,10,元大-八德,2023-08-08,9813
6136,富爾特,10,0,10,元大-八德,2023-08-08,9813
6207,雷科,10,0,10,元大-八德,2023-08-08,9813
6579,研揚,10,0,10,元大-八德,2023-08-08,9813
2820,華票,9,0,9,元大-八德,2023-08-08,9813
6282,康舒,17,8,9,元大-八德,2023-08-08,9813
8271,宇瞻,9,0,9,元大-八德,2023-08-08,9813
2388,威盛,12,3,9,元大-八德,2023-08-08,9813
3558,神準,12,3,9,元大-八德,2023-08-08,9813
0050,元大台灣50,9,0,9,元大-八德,2023-08-08,9813
2610,華航,26,18,8,元大-八德,2023-08-08,9813
2609,陽明,165,0,165,元大-八德,2023-08-09,9813
2367,燿華,121,0,121,元大-八德,2023-08-09,9813
00929,復華台灣科技優息,56,1,55,元大-八德,2023-08-09,9813
2891,中信金,52,1,51,元大-八德,2023-08-09,9813
2363,矽統,359,314,45,元大-八德,2023-08-09,9813
3202,樺晟,42,0,42,元大-八德,2023-08-09,9813
00931B,統一美債20年,39,0,39,元大-八德,2023-08-09,9813
00772B,中信高評級公司債,37,0,37,元大-八德,2023-08-09,9813
00773B,中信優先金融債,34,0,34,元大-八德,2023-08-09,9813
3481,群創,35,4,31,元大-八德,2023-08-09,9813
00637L,元大滬深300正2,31,0,31,元大-八德,2023-08-09,9813
3024,憶聲,30,0,30,元大-八德,2023-08-09,9813
00857B,永豐20年美公債,26,0,26,元大-八德,2023-08-09,9813
00780B,國泰A級金融債,25,0,25,元大-八德,2023-08-09,9813
00904,新光臺灣半導體30,24,0,24,元大-八德,2023-08-09,9813
00751B,元大AAA至A公司債,26,5,21,元大-八德,2023-08-09,9813
2605,新興,20,0,20,元大-八德,2023-08-09,9813
00715L,期街口布蘭特正2,17,0,17,元大-八德,2023-08-09,9813
2890,永豐金,16,0,16,元大-八德,2023-08-09,9813
02002L,兆豐富櫃200正二N,15,0,15,元大-八德,2023-08-09,9813
4432,銘旺實,15,0,15,元大-八德,2023-08-09,9813
3231,緯創,107,92,15,元大-八德,2023-08-09,9813
2884,玉山金,15,1,14,元大-八德,2023-08-09,9813
2002,中鋼,14,0,14,元大-八德,2023-08-09,9813
1475,業旺,13,0,13,元大-八德,2023-08-09,9813
5425,台半,21,8,13,元大-八德,2023-08-09,9813
00687B,國泰20年美債,37,25,12,元大-八德,2023-08-09,9813
3038,全台,12,0,12,元大-八德,2023-08-09,9813
3416,融程電,13,1,12,元大-八德,2023-08-09,9813
9907,統一實,12,0,12,元大-八德,2023-08-09,9813
6282,康舒,13,2,11,元大-八德,2023-08-09,9813
6271,同欣電,10,0,10,元大-八德,2023-08-09,9813
1802,台玻,14,4,10,元大-八德,2023-08-09,9813
2867,三商壽,10,0,10,元大-八德,2023-08-09,9813
3260,威剛,29,19,10,元大-八德,2023-08-09,9813
3290,東浦,10,0,10,元大-八德,2023-08-09,9813
6227,茂綸,10,0,10,元大-八德,2023-08-09,9813
00900,富邦特選高股息30,9,0,9,元大-八德,2023-08-09,9813
4916,事欣科,9,0,9,元大-八德,2023-08-09,9813
2206,三陽工業,8,0,8,元大-八德,2023-08-09,9813
4977,眾達-KY,10,2,8,元大-八德,2023-08-09,9813
2421,建準,8,0,8,元大-八德,2023-08-09,9813
2888,新光金,10,2,8,元大-八德,2023-08-09,9813
3325,旭品,13,5,8,元大-八德,2023-08-09,9813
3034,聯詠,12,5,7,元大-八德,2023-08-09,9813
1605,華新,7,0,7,元大-八德,2023-08-09,9813
00680L,元大美債20正2,7,0,7,元大-八德,2023-08-09,9813
00679B,元大美債20年,7,0,7,元大-八德,2023-08-09,9813
1708,東鹼,7,0,7,元大-八德,2023-08-09,9813
3078,僑威,7,0,7,元大-八德,2023-08-09,9813
00665L,富邦�琤肭磪囓�2,800,200,600,元大-八德,2023-08-10,9813
3483,力致,2049,1780,269,元大-八德,2023-08-10,9813
0056,元大高股息,121,7,114,元大-八德,2023-08-10,9813
8112,至上,120,22,98,元大-八德,2023-08-10,9813
00687B,國泰20年美債,76,0,76,元大-八德,2023-08-10,9813
5469,瀚宇博,70,0,70,元大-八德,2023-08-10,9813
00679B,元大美債20年,64,0,64,元大-八德,2023-08-10,9813
00878,國泰永續高股息,58,2,56,元大-八德,2023-08-10,9813
00929,復華台灣科技優息,48,0,48,元大-八德,2023-08-10,9813
00751B,元大AAA至A公司債,46,5,41,元大-八德,2023-08-10,9813
3294,英濟,38,0,38,元大-八德,2023-08-10,9813
3481,群創,44,7,37,元大-八德,2023-08-10,9813
3290,東浦,38,3,35,元大-八德,2023-08-10,9813
2376,技嘉,37,2,35,元大-八德,2023-08-10,9813
00772B,中信高評級公司債,29,0,29,元大-八德,2023-08-10,9813
00857B,永豐20年美公債,28,0,28,元大-八德,2023-08-10,9813
00780B,國泰A級金融債,28,0,28,元大-八德,2023-08-10,9813
00773B,中信優先金融債,28,0,28,元大-八德,2023-08-10,9813
02002L,兆豐富櫃200正二N,25,0,25,元大-八德,2023-08-10,9813
00764B,群益25年美債,24,0,24,元大-八德,2023-08-10,9813
3231,緯創,224,202,22,元大-八德,2023-08-10,9813
3014,聯陽,31,10,21,元大-八德,2023-08-10,9813
2382,廣達,84,63,21,元大-八德,2023-08-10,9813
1460,宏遠,20,0,20,元大-八德,2023-08-10,9813
2515,中工,20,0,20,元大-八德,2023-08-10,9813
00631L,元大台灣50正2,19,0,19,元大-八德,2023-08-10,9813
4139,馬光-KY,19,0,19,元大-八德,2023-08-10,9813
2014,中鴻,21,3,18,元大-八德,2023-08-10,9813
2002,中鋼,18,1,17,元大-八德,2023-08-10,9813
1475,業旺,17,0,17,元大-八德,2023-08-10,9813
2408,南亞科,17,0,17,元大-八德,2023-08-10,9813
2303,聯電,17,1,16,元大-八德,2023-08-10,9813
1611,中電,15,0,15,元大-八德,2023-08-10,9813
5309,系統電,15,0,15,元大-八德,2023-08-10,9813
4938,和碩,14,0,14,元大-八德,2023-08-10,9813
4989,榮科,14,0,14,元大-八德,2023-08-10,9813
5258,虹堡,14,0,14,元大-八德,2023-08-10,9813
3163,波若威,52,39,13,元大-八德,2023-08-10,9813
006208,富邦台50,12,0,12,元大-八德,2023-08-10,9813
2618,長榮航,29,17,12,元大-八德,2023-08-10,9813
3058,立德,13,1,12,元大-八德,2023-08-10,9813
2393,億光,12,0,12,元大-八德,2023-08-10,9813
2402,毅嘉,12,0,12,元大-八德,2023-08-10,9813
2460,建通,12,0,12,元大-八德,2023-08-10,9813
00892,富邦台灣半導體,11,0,11,元大-八德,2023-08-10,9813
2312,金寶,11,0,11,元大-八德,2023-08-10,9813
6672,騰輝電子-KY,31,20,11,元大-八德,2023-08-10,9813
8210,勤誠,15,4,11,元大-八德,2023-08-10,9813
00881,國泰台灣5G+,10,0,10,元大-八德,2023-08-10,9813
1444,力麗,10,0,10,元大-八德,2023-08-10,9813
00687B,國泰20年美債,157,0,157,元大-八德,2023-08-11,9813
00931B,統一美債20年,83,0,83,元大-八德,2023-08-11,9813
00751B,元大AAA至A公司債,74,5,69,元大-八德,2023-08-11,9813
00900,富邦特選高股息30,58,3,55,元大-八德,2023-08-11,9813
00929,復華台灣科技優息,44,0,44,元大-八德,2023-08-11,9813
00772B,中信高評級公司債,43,0,43,元大-八德,2023-08-11,9813
00857B,永豐20年美公債,40,0,40,元大-八德,2023-08-11,9813
00773B,中信優先金融債,40,0,40,元大-八德,2023-08-11,9813
00780B,國泰A級金融債,40,0,40,元大-八德,2023-08-11,9813
3024,憶聲,35,0,35,元大-八德,2023-08-11,9813
2356,英業達,56,25,31,元大-八德,2023-08-11,9813
2376,技嘉,49,18,31,元大-八德,2023-08-11,9813
3290,東浦,28,0,28,元大-八德,2023-08-11,9813
00679B,元大美債20年,27,0,27,元大-八德,2023-08-11,9813
3481,群創,116,91,25,元大-八德,2023-08-11,9813
2885,元大金,27,2,25,元大-八德,2023-08-11,9813
3231,緯創,69,44,25,元大-八德,2023-08-11,9813
2892,第一金,24,0,24,元大-八德,2023-08-11,9813
2855,統一證,24,0,24,元大-八德,2023-08-11,9813
1460,宏遠,20,0,20,元大-八德,2023-08-11,9813
6136,富爾特,20,0,20,元大-八德,2023-08-11,9813
00878,國泰永續高股息,33,13,20,元大-八德,2023-08-11,9813
2382,廣達,110,90,20,元大-八德,2023-08-11,9813
2419,仲琦,16,0,16,元大-八德,2023-08-11,9813
00680L,元大美債20正2,15,0,15,元大-八德,2023-08-11,9813
6188,廣明,17,3,14,元大-八德,2023-08-11,9813
00637L,元大滬深300正2,13,0,13,元大-八德,2023-08-11,9813
2059,川湖,16,3,13,元大-八德,2023-08-11,9813
5880,合庫金,14,1,13,元大-八德,2023-08-11,9813
2731,雄獅,13,1,12,元大-八德,2023-08-11,9813
2393,億光,12,0,12,元大-八德,2023-08-11,9813
2888,新光金,13,1,12,元大-八德,2023-08-11,9813
4108,懷特,12,0,12,元大-八德,2023-08-11,9813
2706,第一店,11,0,11,元大-八德,2023-08-11,9813
1444,力麗,10,0,10,元大-八德,2023-08-11,9813
2317,鴻海,11,2,9,元大-八德,2023-08-11,9813
2002,中鋼,9,0,9,元大-八德,2023-08-11,9813
3260,威剛,14,6,8,元大-八德,2023-08-11,9813
3037,欣興,14,6,8,元大-八德,2023-08-11,9813
5321,美而快,10,2,8,元大-八德,2023-08-11,9813
2882,國泰金,8,1,7,元大-八德,2023-08-11,9813
2206,三陽工業,7,0,7,元大-八德,2023-08-11,9813
3287,廣寰科,7,0,7,元大-八德,2023-08-11,9813
5258,虹堡,7,0,7,元大-八德,2023-08-11,9813
2421,建準,8,2,6,元大-八德,2023-08-11,9813
00904,新光臺灣半導體30,6,0,6,元大-八德,2023-08-11,9813
00722B,群益投資級電信債,6,0,6,元大-八德,2023-08-11,9813
2801,彰銀,6,0,6,元大-八德,2023-08-11,9813
2883,凱基金,11,5,6,元大-八德,2023-08-11,9813
6116,彩晶,16,10,6,元大-八德,2023-08-11,9813
00632R,元大台灣50反1,201,7,194,元大-八德,2023-08-14,9813
1605,華新,108,3,105,元大-八德,2023-08-14,9813
00929,復華台灣科技優息,128,50,78,元大-八德,2023-08-14,9813
2618,長榮航,90,21,69,元大-八德,2023-08-14,9813
00878,國泰永續高股息,85,41,44,元大-八德,2023-08-14,9813
2610,華航,67,26,41,元大-八德,2023-08-14,9813
00923,群益台ESG低碳50,36,0,36,元大-八德,2023-08-14,9813
3290,東浦,32,2,30,元大-八德,2023-08-14,9813
00687B,國泰20年美債,29,0,29,元大-八德,2023-08-14,9813
4108,懷特,28,0,28,元大-八德,2023-08-14,9813
00753L,中信中國50正2,26,0,26,元大-八德,2023-08-14,9813
00751B,元大AAA至A公司債,26,0,26,元大-八德,2023-08-14,9813
2324,仁寶,58,33,25,元大-八德,2023-08-14,9813
00780B,國泰A級金融債,24,0,24,元大-八德,2023-08-14,9813
00773B,中信優先金融債,24,0,24,元大-八德,2023-08-14,9813
00772B,中信高評級公司債,24,0,24,元大-八德,2023-08-14,9813
00857B,永豐20年美公債,24,0,24,元大-八德,2023-08-14,9813
4714,永捷,30,7,23,元大-八德,2023-08-14,9813
2887,台新金,27,5,22,元大-八德,2023-08-14,9813
3483,力致,27,5,22,元大-八德,2023-08-14,9813
2206,三陽工業,21,1,20,元大-八德,2023-08-14,9813
2408,南亞科,21,1,20,元大-八德,2023-08-14,9813
2440,太空梭,19,0,19,元大-八德,2023-08-14,9813
2891,中信金,70,52,18,元大-八德,2023-08-14,9813
2458,義隆,19,1,18,元大-八德,2023-08-14,9813
2888,新光金,19,2,17,元大-八德,2023-08-14,9813
2460,建通,16,0,16,元大-八德,2023-08-14,9813
2002,中鋼,17,1,16,元大-八德,2023-08-14,9813
1815,富喬,20,5,15,元大-八德,2023-08-14,9813
4711,永純,15,0,15,元大-八德,2023-08-14,9813
00931B,統一美債20年,13,0,13,元大-八德,2023-08-14,9813
2330,台積電,14,2,12,元大-八德,2023-08-14,9813
2027,大成鋼,13,1,12,元大-八德,2023-08-14,9813
5880,合庫金,12,0,12,元大-八德,2023-08-14,9813
3481,群創,24,13,11,元大-八德,2023-08-14,9813
2801,彰銀,11,0,11,元大-八德,2023-08-14,9813
2609,陽明,14,3,11,元大-八德,2023-08-14,9813
1560,中砂,10,0,10,元大-八德,2023-08-14,9813
1444,力麗,10,0,10,元大-八德,2023-08-14,9813
3479,安勤,10,0,10,元大-八德,2023-08-14,9813
3710,連展投控,10,0,10,元大-八德,2023-08-14,9813
0050,元大台灣50,11,1,10,元大-八德,2023-08-14,9813
2377,微星,12,3,9,元大-八德,2023-08-14,9813
00882,中信中國高股息,9,0,9,元大-八德,2023-08-14,9813
1783,和康生,14,5,9,元大-八德,2023-08-14,9813
2889,國票金,9,0,9,元大-八德,2023-08-14,9813
3622,洋華,9,0,9,元大-八德,2023-08-14,9813
8926,台汽電,11,2,9,元大-八德,2023-08-14,9813
4743,合一,11,2,9,元大-八德,2023-08-14,9813
2886,兆豐金,9,0,9,元大-八德,2023-08-14,9813
00923,群益台ESG低碳50,263,0,263,元大-八德,2023-08-15,9813
2323,中環,200,5,195,元大-八德,2023-08-15,9813
00680L,元大美債20正2,83,0,83,元大-八德,2023-08-15,9813
2353,宏��,63,5,58,元大-八德,2023-08-15,9813
00878,國泰永續高股息,78,28,50,元大-八德,2023-08-15,9813
2913,農林,40,0,40,元大-八德,2023-08-15,9813
6136,富爾特,40,0,40,元大-八德,2023-08-15,9813
00687B,國泰20年美債,33,0,33,元大-八德,2023-08-15,9813
2324,仁寶,173,141,32,元大-八德,2023-08-15,9813
2881,富邦金,31,0,31,元大-八德,2023-08-15,9813
00751B,元大AAA至A公司債,29,0,29,元大-八德,2023-08-15,9813
00772B,中信高評級公司債,27,0,27,元大-八德,2023-08-15,9813
00780B,國泰A級金融債,26,0,26,元大-八德,2023-08-15,9813
00773B,中信優先金融債,26,0,26,元大-八德,2023-08-15,9813
00857B,永豐20年美公債,26,0,26,元大-八德,2023-08-15,9813
00850,元大臺灣ESG永續,26,0,26,元大-八德,2023-08-15,9813
2317,鴻海,23,0,23,元大-八德,2023-08-15,9813
3296,勝德,20,0,20,元大-八德,2023-08-15,9813
2886,兆豐金,23,5,18,元大-八德,2023-08-15,9813
2610,華航,48,30,18,元大-八德,2023-08-15,9813
00900,富邦特選高股息30,17,0,17,元大-八德,2023-08-15,9813
2101,南港,17,0,17,元大-八德,2023-08-15,9813
1314,中石化,15,0,15,元大-八德,2023-08-15,9813
2883,凱基金,15,0,15,元大-八德,2023-08-15,9813
2891,中信金,14,0,14,元大-八德,2023-08-15,9813
2834,臺企銀,13,0,13,元大-八德,2023-08-15,9813
2382,廣達,78,65,13,元大-八德,2023-08-15,9813
00679B,元大美債20年,12,0,12,元大-八德,2023-08-15,9813
2383,台光電,16,4,12,元大-八德,2023-08-15,9813
2393,億光,12,0,12,元大-八德,2023-08-15,9813
5880,合庫金,11,0,11,元大-八德,2023-08-15,9813
00891,中信關鍵半導體,11,0,11,元大-八德,2023-08-15,9813
00795B,中信美國公債20年,11,0,11,元大-八德,2023-08-15,9813
1210,大成,11,0,11,元大-八德,2023-08-15,9813
2855,統一證,11,0,11,元大-八德,2023-08-15,9813
4979,華星光,11,0,11,元大-八德,2023-08-15,9813
6547,高端疫苗,10,0,10,元大-八德,2023-08-15,9813
00717,富邦美國特別股,10,0,10,元大-八德,2023-08-15,9813
2419,仲琦,10,0,10,元大-八德,2023-08-15,9813
3011,今皓,10,0,10,元大-八德,2023-08-15,9813
4906,正文,10,0,10,元大-八德,2023-08-15,9813
6165,浪凡,20,10,10,元大-八德,2023-08-15,9813
00720B,元大投資級公司債,11,2,9,元大-八德,2023-08-15,9813
2002,中鋼,8,0,8,元大-八德,2023-08-15,9813
2633,台灣高鐵,7,0,7,元大-八德,2023-08-15,9813
3105,穩懋,7,1,6,元大-八德,2023-08-15,9813
2316,楠梓電,6,0,6,元大-八德,2023-08-15,9813
2892,第一金,6,0,6,元大-八德,2023-08-15,9813
6531,愛普*,6,0,6,元大-八德,2023-08-15,9813
8050,廣積,11,5,6,元大-八德,2023-08-15,9813
6005,群益證,161,0,161,元大-八德,2023-08-16,9813
2891,中信金,187,57,130,元大-八德,2023-08-16,9813
2834,臺企銀,125,0,125,元大-八德,2023-08-16,9813
2889,國票金,101,0,101,元大-八德,2023-08-16,9813
2836,高雄銀,100,0,100,元大-八德,2023-08-16,9813
2303,聯電,82,1,81,元大-八德,2023-08-16,9813
2885,元大金,73,1,72,元大-八德,2023-08-16,9813
00687B,國泰20年美債,71,1,70,元大-八德,2023-08-16,9813
2883,凱基金,81,12,69,元大-八德,2023-08-16,9813
3483,力致,71,3,68,元大-八德,2023-08-16,9813
00751B,元大AAA至A公司債,54,0,54,元大-八德,2023-08-16,9813
2812,台中銀,53,0,53,元大-八德,2023-08-16,9813
2402,毅嘉,51,1,50,元大-八德,2023-08-16,9813
2838,聯邦銀,50,0,50,元大-八德,2023-08-16,9813
00772B,中信高評級公司債,41,0,41,元大-八德,2023-08-16,9813
2457,飛宏,90,51,39,元大-八德,2023-08-16,9813
00857B,永豐20年美公債,31,0,31,元大-八德,2023-08-16,9813
2913,農林,44,13,31,元大-八德,2023-08-16,9813
00773B,中信優先金融債,30,0,30,元大-八德,2023-08-16,9813
2610,華航,33,5,28,元大-八德,2023-08-16,9813
00780B,國泰A級金融債,27,0,27,元大-八德,2023-08-16,9813
00878,國泰永續高股息,42,17,25,元大-八德,2023-08-16,9813
2405,輔信,25,0,25,元大-八德,2023-08-16,9813
00722B,群益投資級電信債,24,0,24,元大-八德,2023-08-16,9813
2886,兆豐金,24,1,23,元大-八德,2023-08-16,9813
00679B,元大美債20年,22,0,22,元大-八德,2023-08-16,9813
3481,群創,23,1,22,元大-八德,2023-08-16,9813
3163,波若威,24,3,21,元大-八德,2023-08-16,9813
2887,台新金,21,2,19,元大-八德,2023-08-16,9813
00929,復華台灣科技優息,19,0,19,元大-八德,2023-08-16,9813
2884,玉山金,18,0,18,元大-八德,2023-08-16,9813
00923,群益台ESG低碳50,17,1,16,元大-八德,2023-08-16,9813
2820,華票,16,0,16,元大-八德,2023-08-16,9813
2449,京元電子,22,7,15,元大-八德,2023-08-16,9813
2337,旺宏,16,2,14,元大-八德,2023-08-16,9813
2892,第一金,13,2,11,元大-八德,2023-08-16,9813
2356,英業達,42,31,11,元大-八德,2023-08-16,9813
4513,福裕,11,0,11,元大-八德,2023-08-16,9813
00904,新光臺灣半導體30,10,0,10,元大-八德,2023-08-16,9813
2408,南亞科,10,0,10,元大-八德,2023-08-16,9813
2867,三商壽,10,0,10,元大-八德,2023-08-16,9813
5608,四維航,10,0,10,元大-八德,2023-08-16,9813
6165,浪凡,10,0,10,元大-八德,2023-08-16,9813
6757,台灣虎航,10,0,10,元大-八德,2023-08-16,9813
8112,至上,10,0,10,元大-八德,2023-08-16,9813
1210,大成,10,0,10,元大-八德,2023-08-16,9813
2425,承啟,10,1,9,元大-八德,2023-08-16,9813
2002,中鋼,10,1,9,元大-八德,2023-08-16,9813
00892,富邦台灣半導體,8,0,8,元大-八德,2023-08-16,9813
2890,永豐金,9,1,8,元大-八德,2023-08-16,9813
2363,矽統,311,153,158,元大-八德,2023-08-17,9813
00715L,期街口布蘭特正2,93,0,93,元大-八德,2023-08-17,9813
00929,復華台灣科技優息,76,0,76,元大-八德,2023-08-17,9813
00751B,元大AAA至A公司債,71,0,71,元大-八德,2023-08-17,9813
3231,緯創,113,53,60,元大-八德,2023-08-17,9813
2031,新光鋼,60,0,60,元大-八德,2023-08-17,9813
00687B,國泰20年美債,58,0,58,元大-八德,2023-08-17,9813
00720B,元大投資級公司債,52,0,52,元大-八德,2023-08-17,9813
3548,兆利,54,3,51,元大-八德,2023-08-17,9813
00795B,中信美國公債20年,49,0,49,元大-八德,2023-08-17,9813
6136,富爾特,42,0,42,元大-八德,2023-08-17,9813
00753L,中信中國50正2,45,4,41,元大-八德,2023-08-17,9813
00772B,中信高評級公司債,40,0,40,元大-八德,2023-08-17,9813
2891,中信金,40,7,33,元大-八德,2023-08-17,9813
2376,技嘉,46,14,32,元大-八德,2023-08-17,9813
00857B,永豐20年美公債,31,0,31,元大-八德,2023-08-17,9813
3338,泰碩,31,0,31,元大-八德,2023-08-17,9813
00780B,國泰A級金融債,30,0,30,元大-八德,2023-08-17,9813
00773B,中信優先金融債,30,0,30,元大-八德,2023-08-17,9813
2002,中鋼,32,8,24,元大-八德,2023-08-17,9813
2886,兆豐金,24,0,24,元大-八德,2023-08-17,9813
2356,英業達,36,14,22,元大-八德,2023-08-17,9813
00680L,元大美債20正2,22,0,22,元大-八德,2023-08-17,9813
00900,富邦特選高股息30,21,0,21,元大-八德,2023-08-17,9813
00882,中信中國高股息,19,0,19,元大-八德,2023-08-17,9813
1471,首利,20,1,19,元大-八德,2023-08-17,9813
2303,聯電,17,0,17,元大-八德,2023-08-17,9813
00632R,元大台灣50反1,27,11,16,元大-八德,2023-08-17,9813
3443,創意,15,3,12,元大-八德,2023-08-17,9813
00923,群益台ESG低碳50,14,3,11,元大-八德,2023-08-17,9813
00930,永豐ESG低碳高息,10,0,10,元大-八德,2023-08-17,9813
00881,國泰台灣5G+,10,0,10,元大-八德,2023-08-17,9813
00665L,富邦�琤肭磪囓�2,10,0,10,元大-八德,2023-08-17,9813
1815,富喬,10,0,10,元大-八德,2023-08-17,9813
3710,連展投控,10,0,10,元大-八德,2023-08-17,9813
5522,遠雄,10,0,10,元大-八德,2023-08-17,9813
00712,復華富時不動產,9,0,9,元大-八德,2023-08-17,9813
5371,中光電,11,2,9,元大-八德,2023-08-17,9813
6125,廣運,14,5,9,元大-八德,2023-08-17,9813
2880,華南金,8,0,8,元大-八德,2023-08-17,9813
00722B,群益投資級電信債,8,0,8,元大-八德,2023-08-17,9813
3105,穩懋,10,2,8,元大-八德,2023-08-17,9813
6414,樺漢,7,0,7,元大-八德,2023-08-17,9813
00637L,元大滬深300正2,7,0,7,元大-八德,2023-08-17,9813
1101,台泥,10,3,7,元大-八德,2023-08-17,9813
2329,華泰,8,1,7,元大-八德,2023-08-17,9813
2618,長榮航,8,1,7,元大-八德,2023-08-17,9813
4933,友輝,10,3,7,元大-八德,2023-08-17,9813
6165,浪凡,8,1,7,元大-八德,2023-08-17,9813
6541,泰福-KY,7,0,7,元大-八德,2023-08-17,9813
3308,聯德,689,0,689,元大-八德,2023-08-18,9813
6235,華孚,886,700,186,元大-八德,2023-08-18,9813
2457,飛宏,179,76,103,元大-八德,2023-08-18,9813
1709,和益,100,0,100,元大-八德,2023-08-18,9813
00722B,群益投資級電信債,83,0,83,元大-八德,2023-08-18,9813
2031,新光鋼,60,0,60,元大-八德,2023-08-18,9813
1444,力麗,53,0,53,元大-八德,2023-08-18,9813
2421,建準,154,101,53,元大-八德,2023-08-18,9813
2382,廣達,144,93,51,元大-八德,2023-08-18,9813
00923,群益台ESG低碳50,50,0,50,元大-八德,2023-08-18,9813
00751B,元大AAA至A公司債,44,0,44,元大-八德,2023-08-18,9813
00687B,國泰20年美債,41,3,38,元大-八德,2023-08-18,9813
00929,復華台灣科技優息,38,0,38,元大-八德,2023-08-18,9813
4714,永捷,35,0,35,元大-八德,2023-08-18,9813
00878,國泰永續高股息,59,24,35,元大-八德,2023-08-18,9813
2317,鴻海,37,2,35,元大-八德,2023-08-18,9813
2059,川湖,37,4,33,元大-八德,2023-08-18,9813
3231,緯創,263,232,31,元大-八德,2023-08-18,9813
00772B,中信高評級公司債,31,0,31,元大-八德,2023-08-18,9813
1540,喬福,41,10,31,元大-八德,2023-08-18,9813
00857B,永豐20年美公債,30,0,30,元大-八德,2023-08-18,9813
00712,復華富時不動產,30,0,30,元大-八德,2023-08-18,9813
00780B,國泰A級金融債,30,0,30,元大-八德,2023-08-18,9813
00773B,中信優先金融債,30,0,30,元大-八德,2023-08-18,9813
00631L,元大台灣50正2,29,0,29,元大-八德,2023-08-18,9813
3033,威健,32,5,27,元大-八德,2023-08-18,9813
1785,光洋科,25,0,25,元大-八德,2023-08-18,9813
2356,英業達,58,34,24,元大-八德,2023-08-18,9813
2461,光群雷,24,0,24,元大-八德,2023-08-18,9813
2880,華南金,22,0,22,元大-八德,2023-08-18,9813
3704,合勤控,22,0,22,元大-八德,2023-08-18,9813
00720B,元大投資級公司債,23,1,22,元大-八德,2023-08-18,9813
1471,首利,32,10,22,元大-八德,2023-08-18,9813
0055,元大MSCI金融,20,0,20,元大-八德,2023-08-18,9813
8050,廣積,22,2,20,元大-八德,2023-08-18,9813
2882,國泰金,18,0,18,元大-八德,2023-08-18,9813
00632R,元大台灣50反1,20,3,17,元大-八德,2023-08-18,9813
006208,富邦台50,16,0,16,元大-八德,2023-08-18,9813
00679B,元大美債20年,16,0,16,元大-八德,2023-08-18,9813
8358,金居,19,3,16,元大-八德,2023-08-18,9813
2324,仁寶,27,12,15,元大-八德,2023-08-18,9813
00903,富邦元宇宙,15,0,15,元大-八德,2023-08-18,9813
2358,廷鑫,15,0,15,元大-八德,2023-08-18,9813
2851,中再保,15,0,15,元大-八德,2023-08-18,9813
2885,元大金,15,1,14,元大-八德,2023-08-18,9813
3290,東浦,13,0,13,元大-八德,2023-08-18,9813
00882,中信中國高股息,12,0,12,元大-八德,2023-08-18,9813
6841,長佳智能,12,0,12,元大-八德,2023-08-18,9813
00881,國泰台灣5G+,12,1,11,元大-八德,2023-08-18,9813
2380,虹光,11,0,11,元大-八德,2023-08-18,9813
00929,復華台灣科技優息,285,1,284,元大-八德,2023-08-21,9813
1802,台玻,101,0,101,元大-八德,2023-08-21,9813
3483,力致,91,6,85,元大-八德,2023-08-21,9813
1455,集盛,77,0,77,元大-八德,2023-08-21,9813
2421,建準,87,11,76,元大-八德,2023-08-21,9813
3706,神達,63,0,63,元大-八德,2023-08-21,9813
2031,新光鋼,60,0,60,元大-八德,2023-08-21,9813
2618,長榮航,60,3,57,元大-八德,2023-08-21,9813
00751B,元大AAA至A公司債,54,0,54,元大-八德,2023-08-21,9813
2382,廣達,86,33,53,元大-八德,2023-08-21,9813
00687B,國泰20年美債,52,0,52,元大-八德,2023-08-21,9813
2393,億光,36,0,36,元大-八德,2023-08-21,9813
3231,緯創,115,80,35,元大-八德,2023-08-21,9813
1504,東元,41,6,35,元大-八德,2023-08-21,9813
00772B,中信高評級公司債,34,0,34,元大-八德,2023-08-21,9813
2605,新興,38,6,32,元大-八德,2023-08-21,9813
2330,台積電,32,1,31,元大-八德,2023-08-21,9813
00857B,永豐20年美公債,30,0,30,元大-八德,2023-08-21,9813
5876,上海商銀,30,0,30,元大-八德,2023-08-21,9813
00780B,國泰A級金融債,30,0,30,元大-八德,2023-08-21,9813
00773B,中信優先金融債,30,0,30,元大-八德,2023-08-21,9813
1721,三晃,27,0,27,元大-八德,2023-08-21,9813
1532,勤美,20,0,20,元大-八德,2023-08-21,9813
3548,兆利,21,1,20,元大-八德,2023-08-21,9813
6165,浪凡,20,0,20,元大-八德,2023-08-21,9813
9103,美德醫療-DR,18,0,18,元大-八德,2023-08-21,9813
3290,東浦,17,0,17,元大-八德,2023-08-21,9813
2363,矽統,211,194,17,元大-八德,2023-08-21,9813
2457,飛宏,27,11,16,元大-八德,2023-08-21,9813
00882,中信中國高股息,13,0,13,元大-八德,2023-08-21,9813
2303,聯電,11,0,11,元大-八德,2023-08-21,9813
00637L,元大滬深300正2,11,0,11,元大-八德,2023-08-21,9813
00892,富邦台灣半導體,10,0,10,元大-八德,2023-08-21,9813
00722B,群益投資級電信債,10,0,10,元大-八德,2023-08-21,9813
6257,矽格,10,0,10,元大-八德,2023-08-21,9813
1475,業旺,9,0,9,元大-八德,2023-08-21,9813
5340,建榮,9,0,9,元大-八德,2023-08-21,9813
00904,新光臺灣半導體30,8,0,8,元大-八德,2023-08-21,9813
4919,新唐,10,2,8,元大-八德,2023-08-21,9813
5880,合庫金,8,0,8,元大-八德,2023-08-21,9813
8358,金居,12,4,8,元大-八德,2023-08-21,9813
00679B,元大美債20年,9,2,7,元大-八德,2023-08-21,9813
2745,五福,7,0,7,元大-八德,2023-08-21,9813
00878,國泰永續高股息,12,5,7,元大-八德,2023-08-21,9813
2324,仁寶,9,3,6,元大-八德,2023-08-21,9813
006208,富邦台50,6,0,6,元大-八德,2023-08-21,9813
00931B,統一美債20年,6,0,6,元大-八德,2023-08-21,9813
00919,群益台灣精選高息,6,0,6,元大-八德,2023-08-21,9813
2886,兆豐金,6,0,6,元大-八德,2023-08-21,9813
00753L,中信中國50正2,6,0,6,元大-八德,2023-08-21,9813
2882,國泰金,210,0,210,元大-八德,2023-08-22,9813
1444,力麗,141,1,140,元大-八德,2023-08-22,9813
2353,宏��,101,0,101,元大-八德,2023-08-22,9813
2618,長榮航,105,8,97,元大-八德,2023-08-22,9813
2332,友訊,63,2,61,元大-八德,2023-08-22,9813
1409,新纖,60,0,60,元大-八德,2023-08-22,9813
2031,新光鋼,60,0,60,元大-八德,2023-08-22,9813
2421,建準,74,15,59,元大-八德,2023-08-22,9813
2891,中信金,55,1,54,元大-八德,2023-08-22,9813
2358,廷鑫,49,0,49,元大-八德,2023-08-22,9813
2913,農林,45,0,45,元大-八德,2023-08-22,9813
5876,上海商銀,45,0,45,元大-八德,2023-08-22,9813
3596,智易,53,13,40,元大-八德,2023-08-22,9813
9105,泰金寶-DR,40,0,40,元大-八德,2023-08-22,9813
00751B,元大AAA至A公司債,37,0,37,元大-八德,2023-08-22,9813
00929,復華台灣科技優息,36,0,36,元大-八德,2023-08-22,9813
00687B,國泰20年美債,27,0,27,元大-八德,2023-08-22,9813
00772B,中信高評級公司債,26,0,26,元大-八德,2023-08-22,9813
00857B,永豐20年美公債,24,0,24,元大-八德,2023-08-22,9813
00773B,中信優先金融債,24,0,24,元大-八德,2023-08-22,9813
00780B,國泰A級金融債,22,0,22,元大-八德,2023-08-22,9813
9945,潤泰新,21,0,21,元大-八德,2023-08-22,9813
2324,仁寶,27,8,19,元大-八德,2023-08-22,9813
2313,華通,14,0,14,元大-八德,2023-08-22,9813
2461,光群雷,14,0,14,元大-八德,2023-08-22,9813
5465,富驊,14,0,14,元大-八德,2023-08-22,9813
00931B,統一美債20年,13,0,13,元大-八德,2023-08-22,9813
00722B,群益投資級電信債,13,0,13,元大-八德,2023-08-22,9813
2637,慧洋-KY,16,3,13,元大-八德,2023-08-22,9813
1802,台玻,12,0,12,元大-八德,2023-08-22,9813
2645,長榮航太,12,0,12,元大-八德,2023-08-22,9813
6223,旺矽,19,7,12,元大-八德,2023-08-22,9813
3078,僑威,13,2,11,元大-八德,2023-08-22,9813
2376,技嘉,59,48,11,元大-八德,2023-08-22,9813
6196,帆宣,10,0,10,元大-八德,2023-08-22,9813
8433,弘帆,10,0,10,元大-八德,2023-08-22,9813
00720B,元大投資級公司債,9,0,9,元大-八德,2023-08-22,9813
2634,漢翔,12,3,9,元大-八德,2023-08-22,9813
6016,康和證,8,0,8,元大-八德,2023-08-22,9813
5439,高技,7,0,7,元大-八德,2023-08-22,9813
2834,臺企銀,10,3,7,元大-八德,2023-08-22,9813
3163,波若威,17,10,7,元大-八德,2023-08-22,9813
1609,大亞,10,3,7,元大-八德,2023-08-22,9813
2337,旺宏,8,1,7,元大-八德,2023-08-22,9813
3661,世芯-KY,13,6,7,元大-八德,2023-08-22,9813
1513,中興電,9,2,7,元大-八德,2023-08-22,9813
00646,元大S＆P500,6,0,6,元大-八德,2023-08-22,9813
2208,台船,7,1,6,元大-八德,2023-08-22,9813
3032,偉訓,6,0,6,元大-八德,2023-08-22,9813
6133,金橋,6,0,6,元大-八德,2023-08-22,9813
3715,定穎投控,186,10,176,元大-八德,2023-08-23,9813
4916,事欣科,86,0,86,元大-八德,2023-08-23,9813
2882,國泰金,58,0,58,元大-八德,2023-08-23,9813
2382,廣達,121,63,58,元大-八德,2023-08-23,9813
2440,太空梭,48,0,48,元大-八德,2023-08-23,9813
2031,新光鋼,60,13,47,元大-八德,2023-08-23,9813
3625,西勝,44,0,44,元大-八德,2023-08-23,9813
2634,漢翔,60,24,36,元大-八德,2023-08-23,9813
3689,湧德,35,4,31,元大-八德,2023-08-23,9813
6116,彩晶,30,0,30,元大-八德,2023-08-23,9813
00772B,中信高評級公司債,27,0,27,元大-八德,2023-08-23,9813
00929,復華台灣科技優息,25,0,25,元大-八德,2023-08-23,9813
02002L,兆豐富櫃200正二N,25,0,25,元大-八德,2023-08-23,9813
00780B,國泰A級金融債,24,0,24,元大-八德,2023-08-23,9813
00773B,中信優先金融債,24,0,24,元大-八德,2023-08-23,9813
00857B,永豐20年美公債,24,0,24,元大-八德,2023-08-23,9813
00687B,國泰20年美債,24,0,24,元大-八德,2023-08-23,9813
3231,緯創,61,41,20,元大-八德,2023-08-23,9813
1471,首利,20,2,18,元大-八德,2023-08-23,9813
6282,康舒,22,6,16,元大-八德,2023-08-23,9813
00751B,元大AAA至A公司債,26,10,16,元大-八德,2023-08-23,9813
00858,永豐美國500大,12,0,12,元大-八德,2023-08-23,9813
1504,東元,12,0,12,元大-八德,2023-08-23,9813
4938,和碩,14,2,12,元大-八德,2023-08-23,9813
00632R,元大台灣50反1,11,0,11,元大-八德,2023-08-23,9813
2609,陽明,12,1,11,元大-八德,2023-08-23,9813
2913,農林,16,5,11,元大-八德,2023-08-23,9813
5340,建榮,11,0,11,元大-八德,2023-08-23,9813
2884,玉山金,10,0,10,元大-八德,2023-08-23,9813
00712,復華富時不動產,10,0,10,元大-八德,2023-08-23,9813
00725B,國泰投資級公司債,10,0,10,元大-八德,2023-08-23,9813
00679B,元大美債20年,10,0,10,元大-八德,2023-08-23,9813
1444,力麗,10,0,10,元大-八德,2023-08-23,9813
1529,樂事綠能,20,10,10,元大-八德,2023-08-23,9813
3078,僑威,10,0,10,元大-八德,2023-08-23,9813
4714,永捷,10,0,10,元大-八德,2023-08-23,9813
5880,合庫金,10,0,10,元大-八德,2023-08-23,9813
6414,樺漢,10,0,10,元大-八德,2023-08-23,9813
8050,廣積,10,0,10,元大-八德,2023-08-23,9813
3163,波若威,13,5,8,元大-八德,2023-08-23,9813
00878,國泰永續高股息,15,8,7,元大-八德,2023-08-23,9813
6231,系微,7,0,7,元大-八德,2023-08-23,9813
6126,信音,10,4,6,元大-八德,2023-08-23,9813
2301,光寶科,16,11,5,元大-八德,2023-08-23,9813
3483,力致,9,4,5,元大-八德,2023-08-23,9813
5876,上海商銀,5,0,5,元大-八德,2023-08-23,9813
00782B,國泰A級公用債,5,0,5,元大-八德,2023-08-23,9813
1464,得力,5,0,5,元大-八德,2023-08-23,9813
2208,台船,10,5,5,元大-八德,2023-08-23,9813
2816,旺旺保,5,0,5,元大-八德,2023-08-23,9813
2382,廣達,320,152,168,元大-八德,2023-08-24,9813
2329,華泰,168,15,153,元大-八德,2023-08-24,9813
2867,三商壽,140,0,140,元大-八德,2023-08-24,9813
00632R,元大台灣50反1,111,10,101,元大-八德,2023-08-24,9813
2330,台積電,112,12,100,元大-八德,2023-08-24,9813
00715L,期街口布蘭特正2,97,0,97,元大-八德,2023-08-24,9813
1540,喬福,92,10,82,元大-八德,2023-08-24,9813
6285,啟��,86,12,74,元大-八德,2023-08-24,9813
2882,國泰金,62,1,61,元大-八德,2023-08-24,9813
2440,太空梭,54,0,54,元大-八德,2023-08-24,9813
4908,前鼎,41,1,40,元大-八德,2023-08-24,9813
2891,中信金,40,2,38,元大-八德,2023-08-24,9813
00772B,中信高評級公司債,28,0,28,元大-八德,2023-08-24,9813
00857B,永豐20年美公債,28,0,28,元大-八德,2023-08-24,9813
00780B,國泰A級金融債,28,0,28,元大-八德,2023-08-24,9813
00773B,中信優先金融債,28,0,28,元大-八德,2023-08-24,9813
2449,京元電子,46,19,27,元大-八德,2023-08-24,9813
4916,事欣科,25,1,24,元大-八德,2023-08-24,9813
2356,英業達,53,30,23,元大-八德,2023-08-24,9813
6274,台燿,29,7,22,元大-八德,2023-08-24,9813
3548,兆利,22,1,21,元大-八德,2023-08-24,9813
00919,群益台灣精選高息,20,0,20,元大-八德,2023-08-24,9813
00877,復華中國5G,20,0,20,元大-八德,2023-08-24,9813
020024,兆豐富櫃200N,20,0,20,元大-八德,2023-08-24,9813
2031,新光鋼,20,0,20,元大-八德,2023-08-24,9813
6117,迎廣,24,4,20,元大-八德,2023-08-24,9813
6191,精成科,22,3,19,元大-八德,2023-08-24,9813
5450,南良,16,0,16,元大-八德,2023-08-24,9813
3231,緯創,233,219,14,元大-八德,2023-08-24,9813
2421,建準,35,21,14,元大-八德,2023-08-24,9813
2358,廷鑫,13,0,13,元大-八德,2023-08-24,9813
2615,萬海,12,0,12,元大-八德,2023-08-24,9813
2618,長榮航,14,2,12,元大-八德,2023-08-24,9813
4533,協易機,17,6,11,元大-八德,2023-08-24,9813
5608,四維航,11,0,11,元大-八德,2023-08-24,9813
2913,農林,15,4,11,元大-八德,2023-08-24,9813
2002,中鋼,11,1,10,元大-八德,2023-08-24,9813
02002L,兆豐富櫃200正二N,10,0,10,元大-八德,2023-08-24,9813
1444,力麗,10,0,10,元大-八德,2023-08-24,9813
3704,合勤控,11,1,10,元大-八德,2023-08-24,9813
5351,鈺創,11,1,10,元大-八德,2023-08-24,9813
6234,高僑,10,0,10,元大-八德,2023-08-24,9813
8150,南茂,10,0,10,元大-八德,2023-08-24,9813
2610,華航,12,2,10,元大-八德,2023-08-24,9813
2634,漢翔,62,52,10,元大-八德,2023-08-24,9813
4763,材料-KY,10,0,10,元大-八德,2023-08-24,9813
4979,華星光,14,4,10,元大-八德,2023-08-24,9813
00687B,國泰20年美債,28,20,8,元大-八德,2023-08-24,9813
00751B,元大AAA至A公司債,28,20,8,元大-八德,2023-08-24,9813
2637,慧洋-KY,10,2,8,元大-八德,2023-08-24,9813
9105,泰金寶-DR,1707,0,1707,元大-八德,2023-08-25,9813
1802,台玻,253,0,253,元大-八德,2023-08-25,9813
3231,緯創,205,41,164,元大-八德,2023-08-25,9813
00878,國泰永續高股息,132,0,132,元大-八德,2023-08-25,9813
2382,廣達,191,64,127,元大-八德,2023-08-25,9813
00923,群益台ESG低碳50,104,0,104,元大-八德,2023-08-25,9813
5452,佶優,95,1,94,元大-八德,2023-08-25,9813
00919,群益台灣精選高息,72,0,72,元大-八德,2023-08-25,9813
3380,明泰,62,1,61,元大-八德,2023-08-25,9813
6757,台灣虎航,58,0,58,元大-八德,2023-08-25,9813
2363,矽統,92,48,44,元大-八德,2023-08-25,9813
4906,正文,46,8,38,元大-八德,2023-08-25,9813
00857B,永豐20年美公債,28,0,28,元大-八德,2023-08-25,9813
00780B,國泰A級金融債,28,0,28,元大-八德,2023-08-25,9813
00773B,中信優先金融債,28,0,28,元大-八德,2023-08-25,9813
00772B,中信高評級公司債,28,0,28,元大-八德,2023-08-25,9813
00751B,元大AAA至A公司債,28,0,28,元大-八德,2023-08-25,9813
2356,英業達,35,10,25,元大-八德,2023-08-25,9813
5608,四維航,21,0,21,元大-八德,2023-08-25,9813
4944,兆遠,20,0,20,元大-八德,2023-08-25,9813
00687B,國泰20年美債,28,10,18,元大-八德,2023-08-25,9813
00900,富邦特選高股息30,16,0,16,元大-八德,2023-08-25,9813
2303,聯電,18,3,15,元大-八德,2023-08-25,9813
3037,欣興,54,40,14,元大-八德,2023-08-25,9813
0056,元大高股息,14,2,12,元大-八德,2023-08-25,9813
3706,神達,15,3,12,元大-八德,2023-08-25,9813
2891,中信金,12,0,12,元大-八德,2023-08-25,9813
00631L,元大台灣50正2,12,0,12,元大-八德,2023-08-25,9813
8033,雷虎,12,0,12,元大-八德,2023-08-25,9813
2002,中鋼,11,0,11,元大-八德,2023-08-25,9813
4543,萬在,12,1,11,元大-八德,2023-08-25,9813
3052,夆典,10,0,10,元大-八德,2023-08-25,9813
6443,元晶,10,0,10,元大-八德,2023-08-25,9813
2317,鴻海,10,1,9,元大-八德,2023-08-25,9813
1471,首利,10,1,9,元大-八德,2023-08-25,9813
2618,長榮航,30,21,9,元大-八德,2023-08-25,9813
3715,定穎投控,64,55,9,元大-八德,2023-08-25,9813
2449,京元電子,15,7,8,元大-八德,2023-08-25,9813
2059,川湖,9,1,8,元大-八德,2023-08-25,9813
00881,國泰台灣5G+,7,0,7,元大-八德,2023-08-25,9813
5371,中光電,7,0,7,元大-八德,2023-08-25,9813
6101,寬魚國際,7,0,7,元大-八德,2023-08-25,9813
2357,華碩,8,1,7,元大-八德,2023-08-25,9813
3017,奇鋐,9,3,6,元大-八德,2023-08-25,9813
00679B,元大美債20年,6,0,6,元大-八德,2023-08-25,9813
1402,遠東新,6,0,6,元大-八德,2023-08-25,9813
2630,亞航,21,15,6,元大-八德,2023-08-25,9813
3548,兆利,6,0,6,元大-八德,2023-08-25,9813
5880,合庫金,6,0,6,元大-八德,2023-08-25,9813
3163,波若威,8,2,6,元大-八德,2023-08-25,9813
9105,泰金寶-DR,323,0,323,元大-八德,2023-08-28,9813
2618,長榮航,93,11,82,元大-八德,2023-08-28,9813
2405,輔信,62,0,62,元大-八德,2023-08-28,9813
00919,群益台灣精選高息,54,0,54,元大-八德,2023-08-28,9813
2382,廣達,67,20,47,元大-八德,2023-08-28,9813
2331,精英,44,3,41,元大-八德,2023-08-28,9813
2460,建通,30,0,30,元大-八德,2023-08-28,9813
2852,第一保,30,0,30,元大-八德,2023-08-28,9813
6443,元晶,30,0,30,元大-八德,2023-08-28,9813
2634,漢翔,46,16,30,元大-八德,2023-08-28,9813
00929,復華台灣科技優息,28,0,28,元大-八德,2023-08-28,9813
4916,事欣科,23,0,23,元大-八德,2023-08-28,9813
2376,技嘉,29,7,22,元大-八德,2023-08-28,9813
00878,國泰永續高股息,20,1,19,元大-八德,2023-08-28,9813
4138,曜亞,22,3,19,元大-八德,2023-08-28,9813
2610,華航,17,2,15,元大-八德,2023-08-28,9813
3051,力特,17,2,15,元大-八德,2023-08-28,9813
5009,榮剛,15,0,15,元大-八德,2023-08-28,9813
6207,雷科,15,0,15,元大-八德,2023-08-28,9813
8446,華研,15,0,15,元大-八德,2023-08-28,9813
9958,世紀鋼,15,1,14,元大-八德,2023-08-28,9813
1722,台肥,11,0,11,元大-八德,2023-08-28,9813
6005,群益證,11,0,11,元大-八德,2023-08-28,9813
2388,威盛,21,11,10,元大-八德,2023-08-28,9813
1326,台化,10,0,10,元大-八德,2023-08-28,9813
00900,富邦特選高股息30,10,0,10,元大-八德,2023-08-28,9813
2408,南亞科,11,1,10,元大-八德,2023-08-28,9813
2885,元大金,10,0,10,元大-八德,2023-08-28,9813
5351,鈺創,10,0,10,元大-八德,2023-08-28,9813
6133,金橋,10,0,10,元大-八德,2023-08-28,9813
6589,台康生技,11,1,10,元大-八德,2023-08-28,9813
6757,台灣虎航,10,0,10,元大-八德,2023-08-28,9813
4906,正文,40,31,9,元大-八德,2023-08-28,9813
8049,晶采,10,2,8,元大-八德,2023-08-28,9813
2357,華碩,9,2,7,元大-八德,2023-08-28,9813
2449,京元電子,12,5,7,元大-八德,2023-08-28,9813
2352,佳世達,10,3,7,元大-八德,2023-08-28,9813
4130,健亞,7,0,7,元大-八德,2023-08-28,9813
6190,萬泰科,7,0,7,元大-八德,2023-08-28,9813
2383,台光電,9,2,7,元大-八德,2023-08-28,9813
2301,光寶科,10,4,6,元大-八德,2023-08-28,9813
1101,台泥,6,0,6,元大-八德,2023-08-28,9813
3059,華晶科,6,0,6,元大-八德,2023-08-28,9813
1218,泰山,5,0,5,元大-八德,2023-08-28,9813
00751B,元大AAA至A公司債,5,0,5,元大-八德,2023-08-28,9813
2312,金寶,6,1,5,元大-八德,2023-08-28,9813
2332,友訊,11,6,5,元大-八德,2023-08-28,9813
2440,太空梭,5,0,5,元大-八德,2023-08-28,9813
2617,台航,5,0,5,元大-八德,2023-08-28,9813
3264,欣銓,6,1,5,元大-八德,2023-08-28,9813
2363,矽統,408,120,288,元大-八德,2023-08-29,9813
2317,鴻海,70,9,61,元大-八德,2023-08-29,9813
00902,中信電池及儲能,60,0,60,元大-八德,2023-08-29,9813
2634,漢翔,78,18,60,元大-八德,2023-08-29,9813
2457,飛宏,61,2,59,元大-八德,2023-08-29,9813
00929,復華台灣科技優息,63,7,56,元大-八德,2023-08-29,9813
2618,長榮航,56,2,54,元大-八德,2023-08-29,9813
00931B,統一美債20年,50,1,49,元大-八德,2023-08-29,9813
9105,泰金寶-DR,30,0,30,元大-八德,2023-08-29,9813
00885,富邦越南,25,0,25,元大-八德,2023-08-29,9813
00751B,元大AAA至A公司債,23,0,23,元大-八德,2023-08-29,9813
3049,精金,20,0,20,元大-八德,2023-08-29,9813
6122,擎邦,17,0,17,元大-八德,2023-08-29,9813
3481,群創,17,1,16,元大-八德,2023-08-29,9813
3017,奇鋐,14,1,13,元大-八德,2023-08-29,9813
4543,萬在,13,0,13,元大-八德,2023-08-29,9813
00919,群益台灣精選高息,12,0,12,元大-八德,2023-08-29,9813
3033,威健,12,0,12,元大-八德,2023-08-29,9813
8028,昇陽半導體,15,3,12,元大-八德,2023-08-29,9813
0056,元大高股息,13,2,11,元大-八德,2023-08-29,9813
1905,華紙,12,1,11,元大-八德,2023-08-29,9813
2405,輔信,11,0,11,元大-八德,2023-08-29,9813
1444,力麗,10,0,10,元大-八德,2023-08-29,9813
00882,中信中國高股息,10,0,10,元大-八德,2023-08-29,9813
1540,喬福,10,0,10,元大-八德,2023-08-29,9813
2369,菱生,11,1,10,元大-八德,2023-08-29,9813
2484,希華,10,0,10,元大-八德,2023-08-29,9813
4306,炎洲,10,0,10,元大-八德,2023-08-29,9813
4714,永捷,10,0,10,元大-八德,2023-08-29,9813
8033,雷虎,9,0,9,元大-八德,2023-08-29,9813
6282,康舒,11,2,9,元大-八德,2023-08-29,9813
6414,樺漢,8,0,8,元大-八德,2023-08-29,9813
2376,技嘉,22,14,8,元大-八德,2023-08-29,9813
5880,合庫金,7,0,7,元大-八德,2023-08-29,9813
2312,金寶,7,0,7,元大-八德,2023-08-29,9813
5009,榮剛,7,0,7,元大-八德,2023-08-29,9813
5285,界霖,7,0,7,元大-八德,2023-08-29,9813
2358,廷鑫,6,0,6,元大-八德,2023-08-29,9813
2419,仲琦,8,2,6,元大-八德,2023-08-29,9813
2059,川湖,6,1,5,元大-八德,2023-08-29,9813
2388,威盛,18,13,5,元大-八德,2023-08-29,9813
2855,統一證,5,0,5,元大-八德,2023-08-29,9813
3714,富采,5,0,5,元大-八德,2023-08-29,9813
4564,元翎,5,0,5,元大-八德,2023-08-29,9813
6118,建達,5,0,5,元大-八德,2023-08-29,9813
6133,金橋,5,0,5,元大-八德,2023-08-29,9813
6182,合晶,5,0,5,元大-八德,2023-08-29,9813
6191,精成科,8,3,5,元大-八德,2023-08-29,9813
6873,泓德能源,5,0,5,元大-八德,2023-08-29,9813
8011,台通,15,10,5,元大-八德,2023-08-29,9813
2455,全新,582,295,287,元大-八德,2023-08-30,9813
2618,長榮航,101,4,97,元大-八德,2023-08-30,9813
2440,太空梭,97,0,97,元大-八德,2023-08-30,9813
00929,復華台灣科技優息,67,0,67,元大-八德,2023-08-30,9813
00893,國泰智能電動車,50,0,50,元大-八德,2023-08-30,9813
8916,光隆,35,0,35,元大-八德,2023-08-30,9813
00931B,統一美債20年,32,1,31,元大-八德,2023-08-30,9813
3481,群創,28,0,28,元大-八德,2023-08-30,9813
00751B,元大AAA至A公司債,29,3,26,元大-八德,2023-08-30,9813
5009,榮剛,23,0,23,元大-八德,2023-08-30,9813
00637L,元大滬深300正2,52,30,22,元大-八德,2023-08-30,9813
00772B,中信高評級公司債,21,0,21,元大-八德,2023-08-30,9813
00857B,永豐20年美公債,20,0,20,元大-八德,2023-08-30,9813
00687B,國泰20年美債,20,0,20,元大-八德,2023-08-30,9813
00780B,國泰A級金融債,20,0,20,元大-八德,2023-08-30,9813
00773B,中信優先金融債,20,0,20,元大-八德,2023-08-30,9813
2610,華航,20,0,20,元大-八德,2023-08-30,9813
2891,中信金,29,9,20,元大-八德,2023-08-30,9813
2301,光寶科,26,11,15,元大-八德,2023-08-30,9813
2603,長榮,14,0,14,元大-八德,2023-08-30,9813
3308,聯德,22,8,14,元大-八德,2023-08-30,9813
2324,仁寶,13,0,13,元大-八德,2023-08-30,9813
6282,康舒,15,4,11,元大-八德,2023-08-30,9813
2834,臺企銀,18,7,11,元大-八德,2023-08-30,9813
00919,群益台灣精選高息,10,0,10,元大-八德,2023-08-30,9813
020026,兆豐上櫃ESG電菁N,10,0,10,元大-八德,2023-08-30,9813
2312,金寶,12,2,10,元大-八德,2023-08-30,9813
2316,楠梓電,10,0,10,元大-八德,2023-08-30,9813
2317,鴻海,11,2,9,元大-八德,2023-08-30,9813
1475,業旺,8,0,8,元大-八德,2023-08-30,9813
2820,華票,8,0,8,元大-八德,2023-08-30,9813
5371,中光電,9,2,7,元大-八德,2023-08-30,9813
4944,兆遠,7,0,7,元大-八德,2023-08-30,9813
2449,京元電子,9,3,6,元大-八德,2023-08-30,9813
2344,華邦電,14,8,6,元大-八德,2023-08-30,9813
2401,凌陽,12,6,6,元大-八德,2023-08-30,9813
2880,華南金,6,0,6,元大-八德,2023-08-30,9813
4960,誠美材,6,0,6,元大-八德,2023-08-30,9813
4979,華星光,13,7,6,元大-八德,2023-08-30,9813
5285,界霖,6,0,6,元大-八德,2023-08-30,9813
6023,元大期,6,0,6,元大-八德,2023-08-30,9813
6799,來頡,7,1,6,元大-八德,2023-08-30,9813
2812,台中銀,6,0,6,元大-八德,2023-08-30,9813
00885,富邦越南,5,0,5,元大-八德,2023-08-30,9813
1444,力麗,5,0,5,元大-八德,2023-08-30,9813
1709,和益,5,0,5,元大-八德,2023-08-30,9813
2405,輔信,5,0,5,元大-八德,2023-08-30,9813
2883,凱基金,6,1,5,元大-八德,2023-08-30,9813
3071,協禧,16,11,5,元大-八德,2023-08-30,9813
4138,曜亞,5,0,5,元大-八德,2023-08-30,9813
2610,華航,70,4,66,元大-八德,2023-08-31,9813
8112,至上,60,0,60,元大-八德,2023-08-31,9813
3481,群創,61,1,60,元大-八德,2023-08-31,9813
2618,長榮航,55,4,51,元大-八德,2023-08-31,9813
6217,中探針,37,4,33,元大-八德,2023-08-31,9813
1786,科妍,25,0,25,元大-八德,2023-08-31,9813
2337,旺宏,26,3,23,元大-八德,2023-08-31,9813
8088,品安,40,18,22,元大-八德,2023-08-31,9813
2634,漢翔,27,6,21,元大-八德,2023-08-31,9813
3058,立德,20,0,20,元大-八德,2023-08-31,9813
2303,聯電,19,0,19,元大-八德,2023-08-31,9813
00751B,元大AAA至A公司債,17,0,17,元大-八德,2023-08-31,9813
2834,臺企銀,16,0,16,元大-八德,2023-08-31,9813
2436,偉詮電,25,9,16,元大-八德,2023-08-31,9813
6285,啟��,33,17,16,元大-八德,2023-08-31,9813
00929,復華台灣科技優息,15,0,15,元大-八德,2023-08-31,9813
6282,康舒,16,1,15,元大-八德,2023-08-31,9813
00687B,國泰20年美債,14,0,14,元大-八德,2023-08-31,9813
8358,金居,23,10,13,元大-八德,2023-08-31,9813
2880,華南金,13,0,13,元大-八德,2023-08-31,9813
3588,通嘉,42,29,13,元大-八德,2023-08-31,9813
00772B,中信高評級公司債,12,0,12,元大-八德,2023-08-31,9813
3035,智原,19,7,12,元大-八德,2023-08-31,9813
2887,台新金,12,0,12,元大-八德,2023-08-31,9813
00878,國泰永續高股息,13,1,12,元大-八德,2023-08-31,9813
00857B,永豐20年美公債,11,0,11,元大-八德,2023-08-31,9813
00780B,國泰A級金融債,11,0,11,元大-八德,2023-08-31,9813
00773B,中信優先金融債,11,0,11,元大-八德,2023-08-31,9813
3257,虹冠電,11,0,11,元大-八德,2023-08-31,9813
6414,樺漢,12,1,11,元大-八德,2023-08-31,9813
00907,永豐優息存股,10,0,10,元大-八德,2023-08-31,9813
00881,國泰台灣5G+,10,0,10,元大-八德,2023-08-31,9813
2371,大同,10,0,10,元大-八德,2023-08-31,9813
2885,元大金,10,0,10,元大-八德,2023-08-31,9813
5469,瀚宇博,11,2,9,元大-八德,2023-08-31,9813
2891,中信金,8,0,8,元大-八德,2023-08-31,9813
9904,寶成,8,0,8,元大-八德,2023-08-31,9813
1402,遠東新,7,0,7,元大-八德,2023-08-31,9813
2890,永豐金,6,0,6,元大-八德,2023-08-31,9813
1444,力麗,6,0,6,元大-八德,2023-08-31,9813
2376,技嘉,31,25,6,元大-八德,2023-08-31,9813
2412,中華電,6,0,6,元大-八德,2023-08-31,9813
3548,兆利,11,5,6,元大-八德,2023-08-31,9813
6165,浪凡,10,4,6,元大-八德,2023-08-31,9813
2301,光寶科,7,2,5,元大-八德,2023-08-31,9813
1101,台泥,5,0,5,元大-八德,2023-08-31,9813
6669,緯穎,5,0,5,元大-八德,2023-08-31,9813
1305,華夏,5,0,5,元大-八德,2023-08-31,9813
1529,樂事綠能,15,10,5,元大-八德,2023-08-31,9813
3380,明泰,5,0,5,元大-八德,2023-08-31,9813
1802,台玻,433,36,397,元大-八德,2023-09-01,9813
8358,金居,253,2,251,元大-八德,2023-09-01,9813
2363,矽統,362,234,128,元大-八德,2023-09-01,9813
5452,佶優,87,10,77,元大-八德,2023-09-01,9813
2485,兆赫,169,96,73,元大-八德,2023-09-01,9813
00919,群益台灣精選高息,70,0,70,元大-八德,2023-09-01,9813
00902,中信電池及儲能,60,0,60,元大-八德,2023-09-01,9813
8069,元太,55,1,54,元大-八德,2023-09-01,9813
2634,漢翔,56,4,52,元大-八德,2023-09-01,9813
2382,廣達,55,13,42,元大-八德,2023-09-01,9813
00929,復華台灣科技優息,37,6,31,元大-八德,2023-09-01,9813
6552,易華電,30,0,30,元大-八德,2023-09-01,9813
8088,品安,31,5,26,元大-八德,2023-09-01,9813
1319,東陽,25,1,24,元大-八德,2023-09-01,9813
00885,富邦越南,25,1,24,元大-八德,2023-09-01,9813
2390,云辰,24,3,21,元大-八德,2023-09-01,9813
4906,正文,25,4,21,元大-八德,2023-09-01,9813
3481,群創,20,0,20,元大-八德,2023-09-01,9813
3588,通嘉,26,6,20,元大-八德,2023-09-01,9813
1540,喬福,29,10,19,元大-八德,2023-09-01,9813
1605,華新,31,12,19,元大-八德,2023-09-01,9813
6005,群益證,20,2,18,元大-八德,2023-09-01,9813
2002,中鋼,20,2,18,元大-八德,2023-09-01,9813
0056,元大高股息,15,0,15,元大-八德,2023-09-01,9813
00751B,元大AAA至A公司債,15,0,15,元大-八德,2023-09-01,9813
00932,兆豐永續高息等權,15,0,15,元大-八德,2023-09-01,9813
1529,樂事綠能,15,0,15,元大-八德,2023-09-01,9813
3059,華晶科,15,0,15,元大-八德,2023-09-01,9813
2367,燿華,17,4,13,元大-八德,2023-09-01,9813
2421,建準,13,1,12,元大-八德,2023-09-01,9813
3032,偉訓,13,1,12,元大-八德,2023-09-01,9813
5388,中磊,12,0,12,元大-八德,2023-09-01,9813
8210,勤誠,14,2,12,元大-八德,2023-09-01,9813
1216,統一,10,0,10,元大-八德,2023-09-01,9813
020026,兆豐上櫃ESG電菁N,10,0,10,元大-八德,2023-09-01,9813
00773B,中信優先金融債,10,0,10,元大-八德,2023-09-01,9813
3689,湧德,10,0,10,元大-八德,2023-09-01,9813
2031,新光鋼,10,1,9,元大-八德,2023-09-01,9813
2380,虹光,9,0,9,元大-八德,2023-09-01,9813
3380,明泰,10,1,9,元大-八德,2023-09-01,9813
4543,萬在,9,0,9,元大-八德,2023-09-01,9813
00673R,期元大S＆P原油反1,8,0,8,元大-八德,2023-09-01,9813
00878,國泰永續高股息,10,2,8,元大-八德,2023-09-01,9813
2615,萬海,8,0,8,元大-八德,2023-09-01,9813
2891,中信金,8,0,8,元大-八德,2023-09-01,9813
3052,夆典,8,0,8,元大-八德,2023-09-01,9813
2402,毅嘉,37,30,7,元大-八德,2023-09-01,9813
2376,技嘉,17,10,7,元大-八德,2023-09-01,9813
2645,長榮航太,8,1,7,元大-八德,2023-09-01,9813
3078,僑威,8,1,7,元大-八德,2023-09-01,9813
00929,復華台灣科技優息,337,11,326,元大-八德,2023-09-04,9813
00751B,元大AAA至A公司債,94,0,94,元大-八德,2023-09-04,9813
3231,緯創,119,30,89,元大-八德,2023-09-04,9813
3715,定穎投控,72,2,70,元大-八德,2023-09-04,9813
9919,康那香,92,42,50,元大-八德,2023-09-04,9813
8358,金居,43,3,40,元大-八德,2023-09-04,9813
2618,長榮航,39,7,32,元大-八德,2023-09-04,9813
00919,群益台灣精選高息,46,15,31,元大-八德,2023-09-04,9813
2066,世德,25,0,25,元大-八德,2023-09-04,9813
1522,堤維西,25,1,24,元大-八德,2023-09-04,9813
2388,威盛,25,2,23,元大-八德,2023-09-04,9813
00764B,群益25年美債,22,0,22,元大-八德,2023-09-04,9813
2460,建通,17,0,17,元大-八德,2023-09-04,9813
4113,聯上,22,5,17,元大-八德,2023-09-04,9813
2889,國票金,15,0,15,元大-八德,2023-09-04,9813
3011,今皓,15,0,15,元大-八德,2023-09-04,9813
3290,東浦,14,2,12,元大-八德,2023-09-04,9813
5347,世界,15,3,12,元大-八德,2023-09-04,9813
2382,廣達,26,14,12,元大-八德,2023-09-04,9813
6274,台燿,24,13,11,元大-八德,2023-09-04,9813
00725B,國泰投資級公司債,10,0,10,元大-八德,2023-09-04,9813
2408,南亞科,10,0,10,元大-八德,2023-09-04,9813
00932,兆豐永續高息等權,10,0,10,元大-八德,2023-09-04,9813
2243,宏旭-KY,10,0,10,元大-八德,2023-09-04,9813
00687B,國泰20年美債,9,0,9,元大-八德,2023-09-04,9813
2312,金寶,11,2,9,元大-八德,2023-09-04,9813
2409,友達,9,0,9,元大-八德,2023-09-04,9813
3483,力致,9,1,8,元大-八德,2023-09-04,9813
3588,通嘉,75,67,8,元大-八德,2023-09-04,9813
2206,三陽工業,9,2,7,元大-八德,2023-09-04,9813
1216,統一,7,0,7,元大-八德,2023-09-04,9813
2421,建準,9,2,7,元大-八德,2023-09-04,9813
00772B,中信高評級公司債,6,0,6,元大-八德,2023-09-04,9813
0056,元大高股息,7,1,6,元大-八德,2023-09-04,9813
00931B,統一美債20年,6,0,6,元大-八德,2023-09-04,9813
1101,台泥,11,5,6,元大-八德,2023-09-04,9813
1444,力麗,11,5,6,元大-八德,2023-09-04,9813
1711,永光,6,0,6,元大-八德,2023-09-04,9813
2376,技嘉,18,12,6,元大-八德,2023-09-04,9813
4934,太極,6,0,6,元大-八德,2023-09-04,9813
6191,精成科,9,3,6,元大-八德,2023-09-04,9813
2634,漢翔,10,4,6,元大-八德,2023-09-04,9813
00673R,期元大S＆P原油反1,5,0,5,元大-八德,2023-09-04,9813
6188,廣明,6,1,5,元大-八德,2023-09-04,9813
00915,凱基優選高股息30,5,0,5,元大-八德,2023-09-04,9813
2609,陽明,6,1,5,元大-八德,2023-09-04,9813
01010T,京城樂富R1,5,0,5,元大-八德,2023-09-04,9813
1616,億泰,5,0,5,元大-八德,2023-09-04,9813
1810,和成,5,0,5,元大-八德,2023-09-04,9813
2355,敬鵬,5,0,5,元大-八德,2023-09-04,9813
00929,復華台灣科技優息,338,54,284,元大-八德,2023-09-05,9813
2363,矽統,188,33,155,元大-八德,2023-09-05,9813
8358,金居,141,47,94,元大-八德,2023-09-05,9813
00637L,元大滬深300正2,57,0,57,元大-八德,2023-09-05,9813
00915,凱基優選高股息30,37,0,37,元大-八德,2023-09-05,9813
1101,台泥,33,0,33,元大-八德,2023-09-05,9813
2884,玉山金,33,0,33,元大-八德,2023-09-05,9813
00900,富邦特選高股息30,31,0,31,元大-八德,2023-09-05,9813
5457,宣德,40,9,31,元大-八德,2023-09-05,9813
5452,佶優,27,0,27,元大-八德,2023-09-05,9813
2066,世德,24,0,24,元大-八德,2023-09-05,9813
4743,合一,24,1,23,元大-八德,2023-09-05,9813
2883,凱基金,21,0,21,元大-八德,2023-09-05,9813
3289,宜特,20,0,20,元大-八德,2023-09-05,9813
2885,元大金,16,0,16,元大-八德,2023-09-05,9813
3324,雙鴻,16,2,14,元大-八德,2023-09-05,9813
2388,威盛,42,29,13,元大-八德,2023-09-05,9813
2610,華航,16,4,12,元大-八德,2023-09-05,9813
1217,愛之味,12,1,11,元大-八德,2023-09-05,9813
3702,大聯大,12,1,11,元大-八德,2023-09-05,9813
00919,群益台灣精選高息,20,10,10,元大-八德,2023-09-05,9813
00712,復華富時不動產,12,2,10,元大-八德,2023-09-05,9813
00932,兆豐永續高息等權,10,0,10,元大-八德,2023-09-05,9813
2645,長榮航太,10,0,10,元大-八德,2023-09-05,9813
2812,台中銀,10,0,10,元大-八德,2023-09-05,9813
2330,台積電,11,1,10,元大-八德,2023-09-05,9813
2206,三陽工業,12,3,9,元大-八德,2023-09-05,9813
3228,金麗科,8,0,8,元大-八德,2023-09-05,9813
5880,合庫金,8,0,8,元大-八德,2023-09-05,9813
2312,金寶,26,18,8,元大-八德,2023-09-05,9813
2457,飛宏,10,2,8,元大-八德,2023-09-05,9813
2402,毅嘉,10,3,7,元大-八德,2023-09-05,9813
2886,兆豐金,7,0,7,元大-八德,2023-09-05,9813
2618,長榮航,12,6,6,元大-八德,2023-09-05,9813
2105,正新,6,0,6,元大-八德,2023-09-05,9813
2376,技嘉,13,7,6,元大-八德,2023-09-05,9813
3014,聯陽,7,1,6,元大-八德,2023-09-05,9813
2834,臺企銀,6,0,6,元大-八德,2023-09-05,9813
6829,千附精密,6,0,6,元大-八德,2023-09-05,9813
8222,寶一,11,5,6,元大-八德,2023-09-05,9813
9958,世紀鋼,10,4,6,元大-八德,2023-09-05,9813
3483,力致,11,6,5,元大-八德,2023-09-05,9813
2881,富邦金,5,0,5,元大-八德,2023-09-05,9813
00893,國泰智能電動車,5,0,5,元大-八德,2023-09-05,9813
1309,台達化,5,0,5,元大-八德,2023-09-05,9813
1444,力麗,5,0,5,元大-八德,2023-09-05,9813
1616,億泰,6,1,5,元大-八德,2023-09-05,9813
2889,國票金,5,0,5,元大-八德,2023-09-05,9813
3013,晟銘電,9,4,5,元大-八德,2023-09-05,9813
4130,健亞,5,0,5,元大-八德,2023-09-05,9813
2316,楠梓電,2730,0,2730,元大-八德,2023-09-06,9813
00929,復華台灣科技優息,513,27,486,元大-八德,2023-09-06,9813
5381,合正,122,2,120,元大-八德,2023-09-06,9813
00633L,富邦上証正2,100,0,100,元大-八德,2023-09-06,9813
00751B,元大AAA至A公司債,66,0,66,元大-八德,2023-09-06,9813
00637L,元大滬深300正2,65,0,65,元大-八德,2023-09-06,9813
00915,凱基優選高股息30,51,0,51,元大-八德,2023-09-06,9813
00919,群益台灣精選高息,46,0,46,元大-八德,2023-09-06,9813
4906,正文,55,12,43,元大-八德,2023-09-06,9813
3481,群創,42,2,40,元大-八德,2023-09-06,9813
2883,凱基金,33,0,33,元大-八德,2023-09-06,9813
1301,台塑,30,0,30,元大-八德,2023-09-06,9813
1815,富喬,30,0,30,元大-八德,2023-09-06,9813
2460,建通,30,0,30,元大-八德,2023-09-06,9813
4909,新復興,35,5,30,元大-八德,2023-09-06,9813
2401,凌陽,32,4,28,元大-八德,2023-09-06,9813
2891,中信金,22,0,22,元大-八德,2023-09-06,9813
2329,華泰,27,6,21,元大-八德,2023-09-06,9813
2066,世德,19,0,19,元大-八德,2023-09-06,9813
2449,京元電子,21,2,19,元大-八德,2023-09-06,9813
1101,台泥,18,0,18,元大-八德,2023-09-06,9813
2409,友達,16,0,16,元大-八德,2023-09-06,9813
2376,技嘉,24,8,16,元大-八德,2023-09-06,9813
5009,榮剛,15,0,15,元大-八德,2023-09-06,9813
2812,台中銀,14,0,14,元大-八德,2023-09-06,9813
00772B,中信高評級公司債,14,0,14,元大-八德,2023-09-06,9813
5351,鈺創,18,4,14,元大-八德,2023-09-06,9813
2855,統一證,12,0,12,元大-八德,2023-09-06,9813
5608,四維航,12,0,12,元大-八德,2023-09-06,9813
6411,晶焱,13,2,11,元大-八德,2023-09-06,9813
5876,上海商銀,10,0,10,元大-八德,2023-09-06,9813
00932,兆豐永續高息等權,10,0,10,元大-八德,2023-09-06,9813
1524,耿鼎,10,0,10,元大-八德,2023-09-06,9813
2834,臺企銀,14,4,10,元大-八德,2023-09-06,9813
2377,微星,10,0,10,元大-八德,2023-09-06,9813
2615,萬海,10,0,10,元大-八德,2023-09-06,9813
00680L,元大美債20正2,9,0,9,元大-八德,2023-09-06,9813
2886,兆豐金,10,1,9,元大-八德,2023-09-06,9813
2881,富邦金,8,0,8,元大-八德,2023-09-06,9813
2392,正崴,12,4,8,元大-八德,2023-09-06,9813
1616,億泰,8,0,8,元大-八德,2023-09-06,9813
2892,第一金,8,0,8,元大-八德,2023-09-06,9813
6284,佳邦,10,2,8,元大-八德,2023-09-06,9813
2382,廣達,32,25,7,元大-八德,2023-09-06,9813
2609,陽明,7,1,6,元大-八德,2023-09-06,9813
2436,偉詮電,13,7,6,元大-八德,2023-09-06,9813
1529,樂事綠能,6,0,6,元大-八德,2023-09-06,9813
1909,榮成,6,0,6,元大-八德,2023-09-06,9813
2457,飛宏,9,3,6,元大-八德,2023-09-06,9813
3025,星通,7,1,6,元大-八德,2023-09-06,9813
2316,楠梓電,1848,829,1019,元大-八德,2023-09-07,9813
00919,群益台灣精選高息,115,18,97,元大-八德,2023-09-07,9813
2882,國泰金,91,0,91,元大-八德,2023-09-07,9813
00929,復華台灣科技優息,111,24,87,元大-八德,2023-09-07,9813
2382,廣達,78,18,60,元大-八德,2023-09-07,9813
2883,凱基金,60,0,60,元大-八德,2023-09-07,9813
00878,國泰永續高股息,48,0,48,元大-八德,2023-09-07,9813
3481,群創,63,25,38,元大-八德,2023-09-07,9813
9919,康那香,26,0,26,元大-八德,2023-09-07,9813
2645,長榮航太,24,0,24,元大-八德,2023-09-07,9813
2457,飛宏,24,1,23,元大-八德,2023-09-07,9813
2485,兆赫,33,12,21,元大-八德,2023-09-07,9813
00640L,富邦日本正2,20,0,20,元大-八德,2023-09-07,9813
1409,新纖,20,0,20,元大-八德,2023-09-07,9813
1467,南緯,20,0,20,元大-八德,2023-09-07,9813
00637L,元大滬深300正2,19,0,19,元大-八德,2023-09-07,9813
1475,業旺,18,0,18,元大-八德,2023-09-07,9813
6485,點序,21,4,17,元大-八德,2023-09-07,9813
3325,旭品,16,0,16,元大-八德,2023-09-07,9813
4908,前鼎,17,2,15,元大-八德,2023-09-07,9813
8234,新漢,15,0,15,元大-八德,2023-09-07,9813
2066,世德,14,0,14,元大-八德,2023-09-07,9813
2801,彰銀,14,0,14,元大-八德,2023-09-07,9813
00902,中信電池及儲能,13,0,13,元大-八德,2023-09-07,9813
3021,鴻名,12,0,12,元大-八德,2023-09-07,9813
1605,華新,12,1,11,元大-八德,2023-09-07,9813
4147,中裕,11,0,11,元大-八德,2023-09-07,9813
2356,英業達,12,1,11,元大-八德,2023-09-07,9813
9945,潤泰新,11,0,11,元大-八德,2023-09-07,9813
1319,東陽,21,10,11,元大-八德,2023-09-07,9813
5469,瀚宇博,27,17,10,元大-八德,2023-09-07,9813
00918,大華優利高填息30,10,0,10,元大-八德,2023-09-07,9813
1444,力麗,10,0,10,元大-八德,2023-09-07,9813
2405,輔信,10,0,10,元大-八德,2023-09-07,9813
2489,瑞軒,10,0,10,元大-八德,2023-09-07,9813
3029,零壹,10,0,10,元大-八德,2023-09-07,9813
3587,閎康,14,4,10,元大-八德,2023-09-07,9813
6603,富強鑫,10,0,10,元大-八德,2023-09-07,9813
9929,秋雨,10,0,10,元大-八德,2023-09-07,9813
2344,華邦電,10,0,10,元大-八德,2023-09-07,9813
2618,長榮航,11,1,10,元大-八德,2023-09-07,9813
2609,陽明,10,1,9,元大-八德,2023-09-07,9813
2388,威盛,9,0,9,元大-八德,2023-09-07,9813
2614,東森,107,98,9,元大-八德,2023-09-07,9813
00932,兆豐永續高息等權,8,0,8,元大-八德,2023-09-07,9813
6185,幃翔,8,0,8,元大-八德,2023-09-07,9813
0050,元大台灣50,8,1,7,元大-八德,2023-09-07,9813
2486,一詮,8,1,7,元大-八德,2023-09-07,9813
00679B,元大美債20年,6,0,6,元大-八德,2023-09-07,9813
2402,毅嘉,7,1,6,元大-八德,2023-09-07,9813
3481,群創,273,36,237,元大-八德,2023-09-08,9813
1802,台玻,221,2,219,元大-八德,2023-09-08,9813
00919,群益台灣精選高息,71,0,71,元大-八德,2023-09-08,9813
2883,凱基金,54,3,51,元大-八德,2023-09-08,9813
00640L,富邦日本正2,40,0,40,元大-八德,2023-09-08,9813
2382,廣達,63,26,37,元大-八德,2023-09-08,9813
00929,復華台灣科技優息,64,32,32,元大-八德,2023-09-08,9813
2066,世德,30,0,30,元大-八德,2023-09-08,9813
2618,長榮航,33,3,30,元大-八德,2023-09-08,9813
1540,喬福,22,0,22,元大-八德,2023-09-08,9813
6770,力積電,21,0,21,元大-八德,2023-09-08,9813
2329,華泰,24,4,20,元大-八德,2023-09-08,9813
2002,中鋼,22,3,19,元大-八德,2023-09-08,9813
5457,宣德,20,2,18,元大-八德,2023-09-08,9813
5452,佶優,18,0,18,元大-八德,2023-09-08,9813
00712,復華富時不動產,15,0,15,元大-八德,2023-09-08,9813
2377,微星,13,0,13,元大-八德,2023-09-08,9813
6134,萬旭,12,0,12,元大-八德,2023-09-08,9813
3231,緯創,21,10,11,元大-八德,2023-09-08,9813
6223,旺矽,11,0,11,元大-八德,2023-09-08,9813
6271,同欣電,11,1,10,元大-八德,2023-09-08,9813
1444,力麗,10,0,10,元大-八德,2023-09-08,9813
00752,中信中國50,10,0,10,元大-八德,2023-09-08,9813
3058,立德,10,0,10,元大-八德,2023-09-08,9813
6116,彩晶,10,0,10,元大-八德,2023-09-08,9813
6165,浪凡,10,0,10,元大-八德,2023-09-08,9813
2330,台積電,12,3,9,元大-八德,2023-09-08,9813
2834,臺企銀,10,2,8,元大-八德,2023-09-08,9813
1504,東元,10,2,8,元大-八德,2023-09-08,9813
3035,智原,14,7,7,元大-八德,2023-09-08,9813
8926,台汽電,7,0,7,元大-八德,2023-09-08,9813
00878,國泰永續高股息,17,10,7,元大-八德,2023-09-08,9813
2388,威盛,12,5,7,元大-八德,2023-09-08,9813
2455,全新,7,0,7,元大-八德,2023-09-08,9813
3363,上詮,9,2,7,元大-八德,2023-09-08,9813
4934,太極,7,0,7,元大-八德,2023-09-08,9813
4989,榮科,7,0,7,元大-八德,2023-09-08,9813
5483,中美晶,7,0,7,元大-八德,2023-09-08,9813
8358,金居,9,2,7,元大-八德,2023-09-08,9813
3013,晟銘電,22,16,6,元大-八德,2023-09-08,9813
3078,僑威,6,0,6,元大-八德,2023-09-08,9813
3209,全科,6,0,6,元大-八德,2023-09-08,9813
5474,聰泰,6,0,6,元大-八德,2023-09-08,9813
6274,台燿,8,2,6,元大-八德,2023-09-08,9813
3105,穩懋,5,0,5,元大-八德,2023-09-08,9813
02002L,兆豐富櫃200正二N,5,0,5,元大-八德,2023-09-08,9813
2359,所羅門,5,0,5,元大-八德,2023-09-08,9813
3011,今皓,5,0,5,元大-八德,2023-09-08,9813
3338,泰碩,8,3,5,元大-八德,2023-09-08,9813
4138,曜亞,5,0,5,元大-八德,2023-09-08,9813
00919,群益台灣精選高息,181,0,181,元大-八德,2023-09-11,9813
2359,所羅門,132,0,132,元大-八德,2023-09-11,9813
00929,復華台灣科技優息,130,14,116,元大-八德,2023-09-11,9813
2066,世德,88,0,88,元大-八德,2023-09-11,9813
00878,國泰永續高股息,80,14,66,元大-八德,2023-09-11,9813
2312,金寶,51,0,51,元大-八德,2023-09-11,9813
2363,矽統,148,104,44,元大-八德,2023-09-11,9813
2538,基泰,41,0,41,元大-八德,2023-09-11,9813
0056,元大高股息,43,9,34,元大-八德,2023-09-11,9813
00900,富邦特選高股息30,36,10,26,元大-八德,2023-09-11,9813
00918,大華優利高填息30,25,0,25,元大-八德,2023-09-11,9813
2618,長榮航,26,1,25,元大-八德,2023-09-11,9813
2002,中鋼,25,2,23,元大-八德,2023-09-11,9813
00640L,富邦日本正2,20,0,20,元大-八德,2023-09-11,9813
2852,第一保,20,0,20,元大-八德,2023-09-11,9813
3024,憶聲,20,0,20,元大-八德,2023-09-11,9813
5285,界霖,30,11,19,元大-八德,2023-09-11,9813
2352,佳世達,19,1,18,元大-八德,2023-09-11,9813
3645,達邁,15,0,15,元大-八德,2023-09-11,9813
3033,威健,14,0,14,元大-八德,2023-09-11,9813
2382,廣達,64,50,14,元大-八德,2023-09-11,9813
2329,華泰,16,3,13,元大-八德,2023-09-11,9813
3231,緯創,85,72,13,元大-八德,2023-09-11,9813
00751B,元大AAA至A公司債,12,0,12,元大-八德,2023-09-11,9813
00712,復華富時不動產,12,0,12,元大-八德,2023-09-11,9813
2610,華航,12,1,11,元大-八德,2023-09-11,9813
00679B,元大美債20年,11,0,11,元大-八德,2023-09-11,9813
2347,聯強,11,0,11,元大-八德,2023-09-11,9813
00857B,永豐20年美公債,10,0,10,元大-八德,2023-09-11,9813
1809,中釉,10,0,10,元大-八德,2023-09-11,9813
2645,長榮航太,11,1,10,元大-八德,2023-09-11,9813
2915,潤泰全,10,0,10,元大-八德,2023-09-11,9813
3035,智原,12,2,10,元大-八德,2023-09-11,9813
3363,上詮,10,0,10,元大-八德,2023-09-11,9813
5457,宣德,11,1,10,元大-八德,2023-09-11,9813
6165,浪凡,11,1,10,元大-八德,2023-09-11,9813
9958,世紀鋼,10,0,10,元大-八德,2023-09-11,9813
2376,技嘉,28,18,10,元大-八德,2023-09-11,9813
8926,台汽電,9,0,9,元大-八德,2023-09-11,9813
2357,華碩,12,3,9,元大-八德,2023-09-11,9813
00888,永豐台灣ESG,8,0,8,元大-八德,2023-09-11,9813
1762,中化生,8,0,8,元大-八德,2023-09-11,9813
3682,亞太電,8,0,8,元大-八德,2023-09-11,9813
6285,啟��,10,2,8,元大-八德,2023-09-11,9813
2308,台達電,7,0,7,元大-八德,2023-09-11,9813
2498,宏達電,7,0,7,元大-八德,2023-09-11,9813
2356,英業達,17,10,7,元大-八德,2023-09-11,9813
2734,易飛網,7,0,7,元大-八德,2023-09-11,9813
2820,華票,7,0,7,元大-八德,2023-09-11,9813
5371,中光電,11,4,7,元大-八德,2023-09-11,9813
8358,金居,102,4,98,元大-八德,2023-09-12,9813
2440,太空梭,92,0,92,元大-八德,2023-09-12,9813
3481,群創,56,3,53,元大-八德,2023-09-12,9813
00929,復華台灣科技優息,57,6,51,元大-八德,2023-09-12,9813
6125,廣運,41,0,41,元大-八德,2023-09-12,9813
00919,群益台灣精選高息,39,2,37,元大-八德,2023-09-12,9813
2002,中鋼,32,0,32,元大-八德,2023-09-12,9813
2367,燿華,31,0,31,元大-八德,2023-09-12,9813
00878,國泰永續高股息,30,1,29,元大-八德,2023-09-12,9813
2358,廷鑫,27,1,26,元大-八德,2023-09-12,9813
2457,飛宏,25,0,25,元大-八德,2023-09-12,9813
4989,榮科,23,0,23,元大-八德,2023-09-12,9813
2313,華通,324,304,20,元大-八德,2023-09-12,9813
2331,精英,20,0,20,元大-八德,2023-09-12,9813
6552,易華電,20,0,20,元大-八德,2023-09-12,9813
00632R,元大台灣50反1,19,0,19,元大-八德,2023-09-12,9813
3704,合勤控,31,14,17,元大-八德,2023-09-12,9813
1301,台塑,20,4,16,元大-八德,2023-09-12,9813
3707,漢磊,17,1,16,元大-八德,2023-09-12,9813
02002L,兆豐富櫃200正二N,15,0,15,元大-八德,2023-09-12,9813
1540,喬福,15,0,15,元大-八德,2023-09-12,9813
4510,高鋒,15,0,15,元大-八德,2023-09-12,9813
1471,首利,18,4,14,元大-八德,2023-09-12,9813
2820,華票,13,0,13,元大-八德,2023-09-12,9813
2881,富邦金,13,0,13,元大-八德,2023-09-12,9813
3088,艾訊,12,0,12,元大-八德,2023-09-12,9813
5284,jpp-KY,12,0,12,元大-八德,2023-09-12,9813
5457,宣德,14,2,12,元大-八德,2023-09-12,9813
00888,永豐台灣ESG,10,0,10,元大-八德,2023-09-12,9813
1712,興農,10,0,10,元大-八德,2023-09-12,9813
2031,新光鋼,10,0,10,元大-八德,2023-09-12,9813
2066,世德,10,0,10,元大-八德,2023-09-12,9813
3016,嘉晶,10,0,10,元大-八德,2023-09-12,9813
3058,立德,10,0,10,元大-八德,2023-09-12,9813
5465,富驊,10,0,10,元大-八德,2023-09-12,9813
6120,達運,10,0,10,元大-八德,2023-09-12,9813
6165,浪凡,10,0,10,元大-八德,2023-09-12,9813
00679B,元大美債20年,9,0,9,元大-八德,2023-09-12,9813
2634,漢翔,10,1,9,元大-八德,2023-09-12,9813
00900,富邦特選高股息30,8,0,8,元大-八德,2023-09-12,9813
8027,鈦昇,8,0,8,元大-八德,2023-09-12,9813
2356,英業達,11,4,7,元大-八德,2023-09-12,9813
3042,晶技,22,15,7,元大-八德,2023-09-12,9813
3257,虹冠電,7,0,7,元大-八德,2023-09-12,9813
00881,國泰台灣5G+,6,0,6,元大-八德,2023-09-12,9813
00720B,元大投資級公司債,8,2,6,元大-八德,2023-09-12,9813
4533,協易機,6,0,6,元大-八德,2023-09-12,9813
2357,華碩,12,7,5,元大-八德,2023-09-12,9813
00713,元大台灣高息低波,5,0,5,元大-八德,2023-09-12,9813
1444,力麗,5,0,5,元大-八德,2023-09-12,9813
00929,復華台灣科技優息,344,30,314,元大-八德,2023-09-13,9813
00632R,元大台灣50反1,104,10,94,元大-八德,2023-09-13,9813
00919,群益台灣精選高息,93,0,93,元大-八德,2023-09-13,9813
00679B,元大美債20年,91,2,89,元大-八德,2023-09-13,9813
2883,凱基金,56,0,56,元大-八德,2023-09-13,9813
00878,國泰永續高股息,41,0,41,元大-八德,2023-09-13,9813
2363,矽統,65,37,28,元大-八德,2023-09-13,9813
00932,兆豐永續高息等權,20,0,20,元大-八德,2023-09-13,9813
2332,友訊,20,0,20,元大-八德,2023-09-13,9813
00918,大華優利高填息30,19,0,19,元大-八德,2023-09-13,9813
4919,新唐,18,0,18,元大-八德,2023-09-13,9813
00751B,元大AAA至A公司債,15,0,15,元大-八德,2023-09-13,9813
6603,富強鑫,15,0,15,元大-八德,2023-09-13,9813
2355,敬鵬,17,4,13,元大-八德,2023-09-13,9813
1471,首利,11,0,11,元大-八德,2023-09-13,9813
00637L,元大滬深300正2,11,0,11,元大-八德,2023-09-13,9813
1444,力麗,11,0,11,元大-八德,2023-09-13,9813
8011,台通,13,2,11,元大-八德,2023-09-13,9813
00915,凱基優選高股息30,10,0,10,元大-八德,2023-09-13,9813
00902,中信電池及儲能,10,0,10,元大-八德,2023-09-13,9813
00881,國泰台灣5G+,10,0,10,元大-八德,2023-09-13,9813
2537,聯上發,10,0,10,元大-八德,2023-09-13,9813
6165,浪凡,20,10,10,元大-八德,2023-09-13,9813
6182,合晶,10,0,10,元大-八德,2023-09-13,9813
6593,台灣銘板,10,0,10,元大-八德,2023-09-13,9813
3645,達邁,9,0,9,元大-八德,2023-09-13,9813
6288,聯嘉,16,7,9,元大-八德,2023-09-13,9813
2634,漢翔,9,1,8,元大-八德,2023-09-13,9813
6274,台燿,16,8,8,元大-八德,2023-09-13,9813
00719B,元大美債1-3,7,0,7,元大-八德,2023-09-13,9813
2915,潤泰全,7,0,7,元大-八德,2023-09-13,9813
4303,信立,7,0,7,元大-八德,2023-09-13,9813
6282,康舒,11,5,6,元大-八德,2023-09-13,9813
2618,長榮航,6,0,6,元大-八德,2023-09-13,9813
3311,閎暉,6,0,6,元大-八德,2023-09-13,9813
3504,揚明光,7,1,6,元大-八德,2023-09-13,9813
4510,高鋒,6,0,6,元大-八德,2023-09-13,9813
5425,台半,6,0,6,元大-八德,2023-09-13,9813
3231,緯創,13,7,6,元大-八德,2023-09-13,9813
2887,台新金,6,0,6,元大-八德,2023-09-13,9813
2884,玉山金,6,0,6,元大-八德,2023-09-13,9813
2317,鴻海,5,0,5,元大-八德,2023-09-13,9813
2356,英業達,6,1,5,元大-八德,2023-09-13,9813
4906,正文,8,3,5,元大-八德,2023-09-13,9813
2059,川湖,7,2,5,元大-八德,2023-09-13,9813
2889,國票金,5,0,5,元大-八德,2023-09-13,9813
3011,今皓,5,0,5,元大-八德,2023-09-13,9813
3051,力特,5,0,5,元大-八德,2023-09-13,9813
4942,嘉彰,5,0,5,元大-八德,2023-09-13,9813
6016,康和證,5,0,5,元大-八德,2023-09-13,9813
2363,矽統,209,70,139,元大-八德,2023-09-14,9813
8112,至上,132,30,102,元大-八德,2023-09-14,9813
6120,達運,102,1,101,元大-八德,2023-09-14,9813
00902,中信電池及儲能,47,0,47,元大-八德,2023-09-14,9813
00637L,元大滬深300正2,41,0,41,元大-八德,2023-09-14,9813
2382,廣達,57,24,33,元大-八德,2023-09-14,9813
00878,國泰永續高股息,32,2,30,元大-八德,2023-09-14,9813
00632R,元大台灣50反1,25,0,25,元大-八德,2023-09-14,9813
9103,美德醫療-DR,23,0,23,元大-八德,2023-09-14,9813
2376,技嘉,35,14,21,元大-八德,2023-09-14,9813
2485,兆赫,20,0,20,元大-八德,2023-09-14,9813
3645,達邁,22,2,20,元大-八德,2023-09-14,9813
5225,東科-KY,20,0,20,元大-八德,2023-09-14,9813
6274,台燿,23,4,19,元大-八德,2023-09-14,9813
00900,富邦特選高股息30,17,0,17,元大-八德,2023-09-14,9813
00725B,國泰投資級公司債,11,0,11,元大-八德,2023-09-14,9813
00885,富邦越南,13,3,10,元大-八德,2023-09-14,9813
1568,倉佑,10,0,10,元大-八德,2023-09-14,9813
5351,鈺創,10,0,10,元大-八德,2023-09-14,9813
6234,高僑,10,0,10,元大-八德,2023-09-14,9813
8088,品安,11,1,10,元大-八德,2023-09-14,9813
4906,正文,21,12,9,元大-八德,2023-09-14,9813
00751B,元大AAA至A公司債,8,0,8,元大-八德,2023-09-14,9813
2634,漢翔,8,0,8,元大-八德,2023-09-14,9813
3504,揚明光,8,0,8,元大-八德,2023-09-14,9813
00679B,元大美債20年,7,0,7,元大-八德,2023-09-14,9813
2392,正崴,7,0,7,元大-八德,2023-09-14,9813
2458,義隆,9,2,7,元大-八德,2023-09-14,9813
4979,華星光,24,18,6,元大-八德,2023-09-14,9813
1444,力麗,6,0,6,元大-八德,2023-09-14,9813
1522,堤維西,108,102,6,元大-八德,2023-09-14,9813
2405,輔信,7,1,6,元大-八德,2023-09-14,9813
4138,曜亞,6,0,6,元大-八德,2023-09-14,9813
4561,健椿,6,0,6,元大-八德,2023-09-14,9813
1524,耿鼎,5,0,5,元大-八德,2023-09-14,9813
3715,定穎投控,9,4,5,元大-八德,2023-09-14,9813
00888,永豐台灣ESG,5,0,5,元大-八德,2023-09-14,9813
00712,復華富時不動產,5,0,5,元大-八德,2023-09-14,9813
1475,業旺,5,0,5,元大-八德,2023-09-14,9813
2014,中鴻,5,0,5,元大-八德,2023-09-14,9813
2471,資通,6,1,5,元大-八德,2023-09-14,9813
2606,裕民,5,0,5,元大-八德,2023-09-14,9813
2845,遠東銀,10,5,5,元大-八德,2023-09-14,9813
2867,三商壽,5,0,5,元大-八德,2023-09-14,9813
3011,今皓,5,0,5,元大-八德,2023-09-14,9813
4707,磐亞,5,0,5,元大-八德,2023-09-14,9813
6016,康和證,5,0,5,元大-八德,2023-09-14,9813
6525,捷敏-KY,5,0,5,元大-八德,2023-09-14,9813
6547,高端疫苗,5,0,5,元大-八德,2023-09-14,9813
8163,達方,10,5,5,元大-八德,2023-09-14,9813
2363,矽統,714,45,669,元大-八德,2023-09-15,9813
00929,復華台灣科技優息,302,52,250,元大-八德,2023-09-15,9813
3481,群創,116,0,116,元大-八德,2023-09-15,9813
2317,鴻海,50,3,47,元大-八德,2023-09-15,9813
2486,一詮,46,7,39,元大-八德,2023-09-15,9813
3711,日月光投控,37,3,34,元大-八德,2023-09-15,9813
6165,浪凡,32,0,32,元大-八德,2023-09-15,9813
00900,富邦特選高股息30,31,0,31,元大-八德,2023-09-15,9813
6120,達運,35,4,31,元大-八德,2023-09-15,9813
2457,飛宏,30,0,30,元大-八德,2023-09-15,9813
2358,廷鑫,27,0,27,元大-八德,2023-09-15,9813
2618,長榮航,28,5,23,元大-八德,2023-09-15,9813
2425,承啟,22,0,22,元大-八德,2023-09-15,9813
00751B,元大AAA至A公司債,21,0,21,元大-八德,2023-09-15,9813
00632R,元大台灣50反1,20,0,20,元大-八德,2023-09-15,9813
3715,定穎投控,43,23,20,元大-八德,2023-09-15,9813
2002,中鋼,27,8,19,元大-八德,2023-09-15,9813
00675L,富邦臺灣加權正2,18,0,18,元大-八德,2023-09-15,9813
00932,兆豐永續高息等權,16,0,16,元大-八德,2023-09-15,9813
2609,陽明,59,43,16,元大-八德,2023-09-15,9813
1802,台玻,16,1,15,元大-八德,2023-09-15,9813
9103,美德醫療-DR,15,0,15,元大-八德,2023-09-15,9813
2634,漢翔,16,2,14,元大-八德,2023-09-15,9813
00878,國泰永續高股息,18,6,12,元大-八德,2023-09-15,9813
2344,華邦電,30,18,12,元大-八德,2023-09-15,9813
00679B,元大美債20年,11,0,11,元大-八德,2023-09-15,9813
3363,上詮,29,18,11,元大-八德,2023-09-15,9813
6552,易華電,11,0,11,元大-八德,2023-09-15,9813
1524,耿鼎,10,0,10,元大-八德,2023-09-15,9813
00680L,元大美債20正2,10,0,10,元大-八德,2023-09-15,9813
1402,遠東新,10,0,10,元大-八德,2023-09-15,9813
1460,宏遠,10,0,10,元大-八德,2023-09-15,9813
2108,南帝,10,0,10,元大-八德,2023-09-15,9813
2481,強茂,10,0,10,元大-八德,2023-09-15,9813
3114,好德,15,5,10,元大-八德,2023-09-15,9813
3587,閎康,10,0,10,元大-八德,2023-09-15,9813
5381,合正,10,0,10,元大-八德,2023-09-15,9813
6016,康和證,10,0,10,元大-八德,2023-09-15,9813
2845,遠東銀,9,0,9,元大-八德,2023-09-15,9813
6531,愛普*,32,23,9,元大-八德,2023-09-15,9813
3231,緯創,34,26,8,元大-八德,2023-09-15,9813
1560,中砂,8,0,8,元大-八德,2023-09-15,9813
3059,華晶科,11,3,8,元大-八德,2023-09-15,9813
3209,全科,10,2,8,元大-八德,2023-09-15,9813
3661,世芯-KY,8,0,8,元大-八德,2023-09-15,9813
4138,曜亞,12,4,8,元大-八德,2023-09-15,9813
5864,致和證,8,0,8,元大-八德,2023-09-15,9813
8088,品安,13,5,8,元大-八德,2023-09-15,9813
2356,英業達,16,9,7,元大-八德,2023-09-15,9813
2301,光寶科,8,1,7,元大-八德,2023-09-15,9813
00929,復華台灣科技優息,247,107,140,元大-八德,2023-09-18,9813
6120,達運,122,1,121,元大-八德,2023-09-18,9813
2882,國泰金,83,1,82,元大-八德,2023-09-18,9813
1316,上曜,71,0,71,元大-八德,2023-09-18,9813
00919,群益台灣精選高息,72,5,67,元大-八德,2023-09-18,9813
2104,國際中橡,50,0,50,元大-八德,2023-09-18,9813
00878,國泰永續高股息,51,3,48,元大-八德,2023-09-18,9813
00640L,富邦日本正2,46,0,46,元大-八德,2023-09-18,9813
00679B,元大美債20年,38,0,38,元大-八德,2023-09-18,9813
00888,永豐台灣ESG,31,0,31,元大-八德,2023-09-18,9813
4916,事欣科,31,0,31,元大-八德,2023-09-18,9813
1444,力麗,30,0,30,元大-八德,2023-09-18,9813
3231,緯創,56,28,28,元大-八德,2023-09-18,9813
2436,偉詮電,31,5,26,元大-八德,2023-09-18,9813
2330,台積電,26,0,26,元大-八德,2023-09-18,9813
6228,全譜,24,0,24,元大-八德,2023-09-18,9813
00900,富邦特選高股息30,21,0,21,元大-八德,2023-09-18,9813
2382,廣達,107,86,21,元大-八德,2023-09-18,9813
3324,雙鴻,23,3,20,元大-八德,2023-09-18,9813
00680L,元大美債20正2,20,0,20,元大-八德,2023-09-18,9813
4306,炎洲,30,10,20,元大-八德,2023-09-18,9813
00918,大華優利高填息30,19,0,19,元大-八德,2023-09-18,9813
6603,富強鑫,18,0,18,元大-八德,2023-09-18,9813
2317,鴻海,23,5,18,元大-八德,2023-09-18,9813
2313,華通,73,56,17,元大-八德,2023-09-18,9813
0055,元大MSCI金融,17,0,17,元大-八德,2023-09-18,9813
00751B,元大AAA至A公司債,17,0,17,元大-八德,2023-09-18,9813
3711,日月光投控,17,1,16,元大-八德,2023-09-18,9813
00931B,統一美債20年,15,0,15,元大-八德,2023-09-18,9813
2516,新建,15,0,15,元大-八德,2023-09-18,9813
3011,今皓,15,0,15,元大-八德,2023-09-18,9813
6552,易華電,15,0,15,元大-八德,2023-09-18,9813
6188,廣明,14,0,14,元大-八德,2023-09-18,9813
00720B,元大投資級公司債,13,0,13,元大-八德,2023-09-18,9813
3033,威健,12,0,12,元大-八德,2023-09-18,9813
3545,敦泰,23,11,12,元大-八德,2023-09-18,9813
00932,兆豐永續高息等權,11,0,11,元大-八德,2023-09-18,9813
3018,隆銘綠能,11,0,11,元大-八德,2023-09-18,9813
3163,波若威,34,23,11,元大-八德,2023-09-18,9813
1477,聚陽,10,0,10,元大-八德,2023-09-18,9813
00877,復華中國5G,10,0,10,元大-八德,2023-09-18,9813
1514,亞力,10,0,10,元大-八德,2023-09-18,9813
2323,中環,10,0,10,元大-八德,2023-09-18,9813
5351,鈺創,12,2,10,元大-八德,2023-09-18,9813
2059,川湖,10,0,10,元大-八德,2023-09-18,9813
0050,元大台灣50,12,2,10,元大-八德,2023-09-18,9813
5880,合庫金,9,0,9,元大-八德,2023-09-18,9813
6669,緯穎,8,0,8,元大-八德,2023-09-18,9813
2408,南亞科,29,21,8,元大-八德,2023-09-18,9813
2301,光寶科,12,5,7,元大-八德,2023-09-18,9813
00687B,國泰20年美債,567,0,567,元大-八德,2023-09-19,9813
2610,華航,185,0,185,元大-八德,2023-09-19,9813
00929,復華台灣科技優息,120,0,120,元大-八德,2023-09-19,9813
2201,裕隆,101,3,98,元大-八德,2023-09-19,9813
3059,華晶科,90,0,90,元大-八德,2023-09-19,9813
2355,敬鵬,46,2,44,元大-八德,2023-09-19,9813
6257,矽格,45,1,44,元大-八德,2023-09-19,9813
1316,上曜,43,0,43,元大-八德,2023-09-19,9813
00919,群益台灣精選高息,45,7,38,元大-八德,2023-09-19,9813
1802,台玻,51,13,38,元大-八德,2023-09-19,9813
6005,群益證,35,5,30,元大-八德,2023-09-19,9813
2603,長榮,21,1,20,元大-八德,2023-09-19,9813
4916,事欣科,19,0,19,元大-八德,2023-09-19,9813
00878,國泰永續高股息,18,0,18,元大-八德,2023-09-19,9813
3483,力致,18,0,18,元大-八德,2023-09-19,9813
00932,兆豐永續高息等權,15,0,15,元大-八德,2023-09-19,9813
3689,湧德,15,0,15,元大-八德,2023-09-19,9813
1504,東元,20,6,14,元大-八德,2023-09-19,9813
3036,文曄,81,67,14,元大-八德,2023-09-19,9813
2376,技嘉,22,9,13,元大-八德,2023-09-19,9813
1522,堤維西,49,36,13,元大-八德,2023-09-19,9813
5880,合庫金,13,0,13,元大-八德,2023-09-19,9813
2330,台積電,15,2,13,元大-八德,2023-09-19,9813
6788,華景電,12,0,12,元大-八德,2023-09-19,9813
3231,緯創,46,34,12,元大-八德,2023-09-19,9813
3481,群創,11,0,11,元大-八德,2023-09-19,9813
2303,聯電,14,3,11,元大-八德,2023-09-19,9813
4147,中裕,11,0,11,元大-八德,2023-09-19,9813
00888,永豐台灣ESG,11,0,11,元大-八德,2023-09-19,9813
6505,台塑化,10,0,10,元大-八德,2023-09-19,9813
1477,聚陽,10,0,10,元大-八德,2023-09-19,9813
3264,欣銓,10,0,10,元大-八德,2023-09-19,9813
3325,旭品,10,0,10,元大-八德,2023-09-19,9813
5285,界霖,10,0,10,元大-八德,2023-09-19,9813
5512,力麒,10,0,10,元大-八德,2023-09-19,9813
6165,浪凡,10,0,10,元大-八德,2023-09-19,9813
8261,富鼎,11,1,10,元大-八德,2023-09-19,9813
0050,元大台灣50,10,0,10,元大-八德,2023-09-19,9813
2820,華票,9,0,9,元大-八德,2023-09-19,9813
3450,聯鈞,24,15,9,元大-八德,2023-09-19,9813
5258,虹堡,10,1,9,元大-八德,2023-09-19,9813
00915,凱基優選高股息30,8,0,8,元大-八德,2023-09-19,9813
1609,大亞,8,0,8,元大-八德,2023-09-19,9813
3707,漢磊,17,9,8,元大-八德,2023-09-19,9813
4968,立積,8,0,8,元大-八德,2023-09-19,9813
2454,聯發科,9,1,8,元大-八德,2023-09-19,9813
9958,世紀鋼,25,18,7,元大-八德,2023-09-19,9813
00902,中信電池及儲能,7,0,7,元大-八德,2023-09-19,9813
2634,漢翔,15,8,7,元大-八德,2023-09-19,9813
2352,佳世達,10,3,7,元大-八德,2023-09-19,9813
00919,群益台灣精選高息,428,25,403,元大-八德,2023-09-20,9813
00929,復華台灣科技優息,215,59,156,元大-八德,2023-09-20,9813
2201,裕隆,108,0,108,元大-八德,2023-09-20,9813
1449,佳和,97,0,97,元大-八德,2023-09-20,9813
2882,國泰金,38,0,38,元大-八德,2023-09-20,9813
6005,群益證,37,0,37,元大-八德,2023-09-20,9813
3483,力致,37,1,36,元大-八德,2023-09-20,9813
02002L,兆豐富櫃200正二N,35,0,35,元大-八德,2023-09-20,9813
00679B,元大美債20年,32,0,32,元大-八德,2023-09-20,9813
6901,鑽石投資,31,0,31,元大-八德,2023-09-20,9813
6770,力積電,32,2,30,元大-八德,2023-09-20,9813
2313,華通,27,6,21,元大-八德,2023-09-20,9813
2317,鴻海,21,0,21,元大-八德,2023-09-20,9813
2356,英業達,24,4,20,元大-八德,2023-09-20,9813
4743,合一,20,0,20,元大-八德,2023-09-20,9813
9103,美德醫療-DR,20,0,20,元大-八德,2023-09-20,9813
2884,玉山金,18,0,18,元大-八德,2023-09-20,9813
2330,台積電,20,2,18,元大-八德,2023-09-20,9813
6415,矽力*-KY,18,1,17,元大-八德,2023-09-20,9813
00720B,元大投資級公司債,16,0,16,元大-八德,2023-09-20,9813
020023,元大櫃買半導體N,15,0,15,元大-八德,2023-09-20,9813
00687B,國泰20年美債,14,0,14,元大-八德,2023-09-20,9813
5285,界霖,15,1,14,元大-八德,2023-09-20,9813
2059,川湖,13,0,13,元大-八德,2023-09-20,9813
2344,華邦電,14,1,13,元大-八德,2023-09-20,9813
2605,新興,13,0,13,元大-八德,2023-09-20,9813
00878,國泰永續高股息,12,0,12,元大-八德,2023-09-20,9813
2449,京元電子,17,6,11,元大-八德,2023-09-20,9813
2883,凱基金,12,1,11,元大-八德,2023-09-20,9813
00640L,富邦日本正2,11,0,11,元大-八德,2023-09-20,9813
2457,飛宏,11,0,11,元大-八德,2023-09-20,9813
00923,群益台ESG低碳50,10,0,10,元大-八德,2023-09-20,9813
00877,復華中國5G,10,0,10,元大-八德,2023-09-20,9813
00886,永豐美國科技,10,0,10,元大-八德,2023-09-20,9813
2066,世德,10,0,10,元大-八德,2023-09-20,9813
2377,微星,11,1,10,元大-八德,2023-09-20,9813
2408,南亞科,10,0,10,元大-八德,2023-09-20,9813
4958,臻鼎-KY,11,1,10,元大-八德,2023-09-20,9813
3704,合勤控,10,1,9,元大-八德,2023-09-20,9813
2352,佳世達,9,0,9,元大-八德,2023-09-20,9813
3037,欣興,12,3,9,元大-八德,2023-09-20,9813
2301,光寶科,13,4,9,元大-八德,2023-09-20,9813
8046,南電,22,14,8,元大-八德,2023-09-20,9813
2367,燿華,20,12,8,元大-八德,2023-09-20,9813
4960,誠美材,8,0,8,元大-八德,2023-09-20,9813
5880,合庫金,9,2,7,元大-八德,2023-09-20,9813
00631L,元大台灣50正2,7,0,7,元大-八德,2023-09-20,9813
2458,義隆,7,0,7,元大-八德,2023-09-20,9813
2913,農林,7,0,7,元大-八德,2023-09-20,9813
3363,上詮,14,7,7,元大-八德,2023-09-20,9813
00919,群益台灣精選高息,528,53,475,元大-八德,2023-09-21,9813
00640L,富邦日本正2,70,0,70,元大-八德,2023-09-21,9813
2382,廣達,81,15,66,元大-八德,2023-09-21,9813
4979,華星光,66,4,62,元大-八德,2023-09-21,9813
02002L,兆豐富櫃200正二N,40,0,40,元大-八德,2023-09-21,9813
2317,鴻海,38,1,37,元大-八德,2023-09-21,9813
3105,穩懋,34,0,34,元大-八德,2023-09-21,9813
00878,國泰永續高股息,47,15,32,元大-八德,2023-09-21,9813
2330,台積電,45,15,30,元大-八德,2023-09-21,9813
2066,世德,30,0,30,元大-八德,2023-09-21,9813
00631L,元大台灣50正2,32,3,29,元大-八德,2023-09-21,9813
1584,精剛,47,22,25,元大-八德,2023-09-21,9813
00923,群益台ESG低碳50,24,0,24,元大-八德,2023-09-21,9813
2882,國泰金,22,0,22,元大-八德,2023-09-21,9813
8050,廣積,21,0,21,元大-八德,2023-09-21,9813
00795B,中信美國公債20年,20,0,20,元大-八德,2023-09-21,9813
6593,台灣銘板,20,0,20,元大-八德,2023-09-21,9813
2399,映泰,20,1,19,元大-八德,2023-09-21,9813
3231,緯創,58,39,19,元大-八德,2023-09-21,9813
5880,合庫金,18,0,18,元大-八德,2023-09-21,9813
00679B,元大美債20年,17,0,17,元大-八德,2023-09-21,9813
00713,元大台灣高息低波,15,0,15,元大-八德,2023-09-21,9813
020023,元大櫃買半導體N,15,0,15,元大-八德,2023-09-21,9813
6005,群益證,20,5,15,元大-八德,2023-09-21,9813
6552,易華電,15,0,15,元大-八德,2023-09-21,9813
2618,長榮航,19,5,14,元大-八德,2023-09-21,9813
2002,中鋼,15,1,14,元大-八德,2023-09-21,9813
6770,力積電,14,1,13,元大-八德,2023-09-21,9813
3481,群創,18,5,13,元大-八德,2023-09-21,9813
0056,元大高股息,14,2,12,元大-八德,2023-09-21,9813
6531,愛普*,12,0,12,元大-八德,2023-09-21,9813
2891,中信金,13,1,12,元大-八德,2023-09-21,9813
4958,臻鼎-KY,15,3,12,元大-八德,2023-09-21,9813
00921,兆豐龍頭等權重,12,0,12,元大-八德,2023-09-21,9813
00687B,國泰20年美債,12,1,11,元大-八德,2023-09-21,9813
3290,東浦,11,0,11,元大-八德,2023-09-21,9813
3346,麗清,11,0,11,元大-八德,2023-09-21,9813
00932,兆豐永續高息等權,11,0,11,元大-八德,2023-09-21,9813
1455,集盛,10,0,10,元大-八德,2023-09-21,9813
2645,長榮航太,10,0,10,元大-八德,2023-09-21,9813
2890,永豐金,10,0,10,元大-八德,2023-09-21,9813
3018,隆銘綠能,10,0,10,元大-八德,2023-09-21,9813
6109,亞元,10,0,10,元大-八德,2023-09-21,9813
2610,華航,11,1,10,元大-八德,2023-09-21,9813
2881,富邦金,9,0,9,元大-八德,2023-09-21,9813
2329,華泰,10,1,9,元大-八德,2023-09-21,9813
0050,元大台灣50,8,0,8,元大-八德,2023-09-21,9813
2367,燿華,37,29,8,元大-八德,2023-09-21,9813
2883,凱基金,9,1,8,元大-八德,2023-09-21,9813
3035,智原,9,1,8,元大-八德,2023-09-21,9813
00919,群益台灣精選高息,151,5,146,元大-八德,2023-09-22,9813
00679B,元大美債20年,114,1,113,元大-八德,2023-09-22,9813
0056,元大高股息,113,23,90,元大-八德,2023-09-22,9813
00931B,統一美債20年,80,0,80,元大-八德,2023-09-22,9813
00715L,期街口布蘭特正2,78,0,78,元大-八德,2023-09-22,9813
00929,復華台灣科技優息,90,23,67,元大-八德,2023-09-22,9813
3264,欣銓,67,2,65,元大-八德,2023-09-22,9813
00764B,群益25年美債,54,1,53,元大-八德,2023-09-22,9813
00795B,中信美國公債20年,37,0,37,元大-八德,2023-09-22,9813
00640L,富邦日本正2,30,0,30,元大-八德,2023-09-22,9813
00720B,元大投資級公司債,29,0,29,元大-八德,2023-09-22,9813
00751B,元大AAA至A公司債,25,0,25,元大-八德,2023-09-22,9813
00712,復華富時不動產,25,1,24,元大-八德,2023-09-22,9813
00687B,國泰20年美債,23,0,23,元大-八德,2023-09-22,9813
2002,中鋼,22,0,22,元大-八德,2023-09-22,9813
3483,力致,20,0,20,元大-八德,2023-09-22,9813
9105,泰金寶-DR,20,0,20,元大-八德,2023-09-22,9813
2358,廷鑫,18,0,18,元大-八德,2023-09-22,9813
2363,矽統,178,163,15,元大-八德,2023-09-22,9813
2460,建通,15,0,15,元大-八德,2023-09-22,9813
3290,東浦,15,0,15,元大-八德,2023-09-22,9813
3260,威剛,13,1,12,元大-八德,2023-09-22,9813
2313,華通,28,17,11,元大-八德,2023-09-22,9813
2883,凱基金,21,10,11,元大-八德,2023-09-22,9813
0050,元大台灣50,11,0,11,元大-八德,2023-09-22,9813
2317,鴻海,11,0,11,元大-八德,2023-09-22,9813
2330,台積電,11,1,10,元大-八德,2023-09-22,9813
00932,兆豐永續高息等權,10,0,10,元大-八德,2023-09-22,9813
00921,兆豐龍頭等權重,10,0,10,元大-八德,2023-09-22,9813
3707,漢磊,14,4,10,元大-八德,2023-09-22,9813
3710,連展投控,10,0,10,元大-八德,2023-09-22,9813
6005,群益證,10,0,10,元大-八德,2023-09-22,9813
6244,茂迪,10,0,10,元大-八德,2023-09-22,9813
2603,長榮,10,0,10,元大-八德,2023-09-22,9813
2353,宏��,10,0,10,元大-八德,2023-09-22,9813
2881,富邦金,9,0,9,元大-八德,2023-09-22,9813
3035,智原,11,3,8,元大-八德,2023-09-22,9813
5321,美而快,8,0,8,元大-八德,2023-09-22,9813
3037,欣興,13,7,6,元大-八德,2023-09-22,9813
00725B,國泰投資級公司債,6,0,6,元大-八德,2023-09-22,9813
6788,華景電,8,2,6,元大-八德,2023-09-22,9813
8210,勤誠,6,1,5,元大-八德,2023-09-22,9813
1316,上曜,5,0,5,元大-八德,2023-09-22,9813
1449,佳和,5,0,5,元大-八德,2023-09-22,9813
2884,玉山金,5,0,5,元大-八德,2023-09-22,9813
3324,雙鴻,8,3,5,元大-八德,2023-09-22,9813
6288,聯嘉,5,0,5,元大-八德,2023-09-22,9813
1519,華城,9,4,5,元大-八德,2023-09-22,9813
3481,群創,6,2,4,元大-八德,2023-09-22,9813
2303,聯電,6,2,4,元大-八德,2023-09-22,9813
4906,正文,306,0,306,元大-八德,2023-09-25,9813
00900,富邦特選高股息30,155,0,155,元大-八德,2023-09-25,9813
2363,矽統,182,120,62,元大-八德,2023-09-25,9813
00751B,元大AAA至A公司債,57,0,57,元大-八德,2023-09-25,9813
0056,元大高股息,51,7,44,元大-八德,2023-09-25,9813
00679B,元大美債20年,41,0,41,元大-八德,2023-09-25,9813
2891,中信金,37,0,37,元大-八德,2023-09-25,9813
1815,富喬,41,5,36,元大-八德,2023-09-25,9813
3706,神達,34,3,31,元大-八德,2023-09-25,9813
1444,力麗,30,0,30,元大-八德,2023-09-25,9813
1210,大成,30,2,28,元大-八德,2023-09-25,9813
00888,永豐台灣ESG,25,0,25,元大-八德,2023-09-25,9813
2885,元大金,22,0,22,元大-八德,2023-09-25,9813
1584,精剛,23,3,20,元大-八德,2023-09-25,9813
2408,南亞科,22,2,20,元大-八德,2023-09-25,9813
6274,台燿,32,14,18,元大-八德,2023-09-25,9813
00929,復華台灣科技優息,54,37,17,元大-八德,2023-09-25,9813
8112,至上,17,1,16,元大-八德,2023-09-25,9813
00720B,元大投資級公司債,15,0,15,元大-八德,2023-09-25,9813
3444,利機,15,0,15,元大-八德,2023-09-25,9813
00919,群益台灣精選高息,17,4,13,元大-八德,2023-09-25,9813
2515,中工,12,0,12,元大-八德,2023-09-25,9813
1101,台泥,17,5,12,元大-八德,2023-09-25,9813
2330,台積電,14,3,11,元大-八德,2023-09-25,9813
3362,先進光,11,0,11,元大-八德,2023-09-25,9813
2401,凌陽,10,0,10,元大-八德,2023-09-25,9813
2834,臺企銀,10,0,10,元大-八德,2023-09-25,9813
9945,潤泰新,10,0,10,元大-八德,2023-09-25,9813
020023,元大櫃買半導體N,8,0,8,元大-八德,2023-09-25,9813
00878,國泰永續高股息,7,0,7,元大-八德,2023-09-25,9813
2481,強茂,7,0,7,元大-八德,2023-09-25,9813
5289,宜鼎,7,0,7,元大-八德,2023-09-25,9813
00650L,復華香港正2,6,0,6,元大-八德,2023-09-25,9813
1717,長興,12,6,6,元大-八德,2023-09-25,9813
2838,聯邦銀,6,0,6,元大-八德,2023-09-25,9813
3037,欣興,6,0,6,元大-八德,2023-09-25,9813
6870,騰雲,6,0,6,元大-八德,2023-09-25,9813
020026,兆豐上櫃ESG電菁N,5,0,5,元大-八德,2023-09-25,9813
00931B,統一美債20年,5,0,5,元大-八德,2023-09-25,9813
00632R,元大台灣50反1,5,0,5,元大-八德,2023-09-25,9813
00858,永豐美國500大,5,0,5,元大-八德,2023-09-25,9813
2329,華泰,5,0,5,元大-八德,2023-09-25,9813
2344,華邦電,6,1,5,元大-八德,2023-09-25,9813
2425,承啟,6,1,5,元大-八德,2023-09-25,9813
6485,點序,5,0,5,元大-八德,2023-09-25,9813
6640,均華,5,0,5,元大-八德,2023-09-25,9813
1519,華城,5,0,5,元大-八德,2023-09-25,9813
2313,華通,5,1,4,元大-八德,2023-09-25,9813
3548,兆利,18,14,4,元大-八德,2023-09-25,9813
4167,松瑞藥,4,0,4,元大-八德,2023-09-25,9813
5452,佶優,119,21,98,元大-八德,2023-09-26,9813
2363,矽統,116,37,79,元大-八德,2023-09-26,9813
0056,元大高股息,56,0,56,元大-八德,2023-09-26,9813
3481,群創,54,0,54,元大-八德,2023-09-26,9813
2892,第一金,52,0,52,元大-八德,2023-09-26,9813
2645,長榮航太,51,0,51,元大-八德,2023-09-26,9813
00878,國泰永續高股息,50,0,50,元大-八德,2023-09-26,9813
2881,富邦金,45,0,45,元大-八德,2023-09-26,9813
00929,復華台灣科技優息,66,21,45,元大-八德,2023-09-26,9813
00772B,中信高評級公司債,37,2,35,元大-八德,2023-09-26,9813
2002,中鋼,34,0,34,元大-八德,2023-09-26,9813
6770,力積電,33,0,33,元大-八德,2023-09-26,9813
4906,正文,30,0,30,元大-八德,2023-09-26,9813
00857B,永豐20年美公債,27,0,27,元大-八德,2023-09-26,9813
00773B,中信優先金融債,25,0,25,元大-八德,2023-09-26,9813
00780B,國泰A級金融債,25,0,25,元大-八德,2023-09-26,9813
2302,麗正,23,0,23,元大-八德,2023-09-26,9813
00637L,元大滬深300正2,22,0,22,元大-八德,2023-09-26,9813
00885,富邦越南,22,0,22,元大-八德,2023-09-26,9813
00631L,元大台灣50正2,22,0,22,元大-八德,2023-09-26,9813
1532,勤美,20,0,20,元大-八德,2023-09-26,9813
3037,欣興,37,17,20,元大-八德,2023-09-26,9813
3483,力致,21,1,20,元大-八德,2023-09-26,9813
00722B,群益投資級電信債,18,0,18,元大-八德,2023-09-26,9813
2382,廣達,22,4,18,元大-八德,2023-09-26,9813
2303,聯電,17,1,16,元大-八德,2023-09-26,9813
3163,波若威,27,11,16,元大-八德,2023-09-26,9813
00764B,群益25年美債,15,0,15,元大-八德,2023-09-26,9813
2402,毅嘉,15,0,15,元大-八德,2023-09-26,9813
2330,台積電,28,14,14,元大-八德,2023-09-26,9813
2834,臺企銀,13,0,13,元大-八德,2023-09-26,9813
3715,定穎投控,42,29,13,元大-八德,2023-09-26,9813
2634,漢翔,15,3,12,元大-八德,2023-09-26,9813
00931B,統一美債20年,11,0,11,元大-八德,2023-09-26,9813
00680L,元大美債20正2,11,0,11,元大-八德,2023-09-26,9813
1303,南亞,12,1,11,元大-八德,2023-09-26,9813
2377,微星,11,0,11,元大-八德,2023-09-26,9813
3260,威剛,12,1,11,元大-八德,2023-09-26,9813
4533,協易機,11,0,11,元大-八德,2023-09-26,9813
00712,復華富時不動產,14,3,11,元大-八德,2023-09-26,9813
2408,南亞科,10,0,10,元大-八德,2023-09-26,9813
3058,立德,10,0,10,元大-八德,2023-09-26,9813
00679B,元大美債20年,27,18,9,元大-八德,2023-09-26,9813
2891,中信金,9,0,9,元大-八德,2023-09-26,9813
6150,撼訊,9,0,9,元大-八德,2023-09-26,9813
2308,台達電,8,0,8,元大-八德,2023-09-26,9813
5880,合庫金,6,0,6,元大-八德,2023-09-26,9813
2883,凱基金,6,0,6,元大-八德,2023-09-26,9813
2610,華航,17,11,6,元大-八德,2023-09-26,9813
6605,帝寶,7,1,6,元大-八德,2023-09-26,9813
00929,復華台灣科技優息,106,25,81,元大-八德,2023-09-27,9813
2358,廷鑫,66,0,66,元大-八德,2023-09-27,9813
00687B,國泰20年美債,64,0,64,元大-八德,2023-09-27,9813
0056,元大高股息,59,6,53,元大-八德,2023-09-27,9813
00878,國泰永續高股息,41,5,36,元大-八德,2023-09-27,9813
4979,華星光,48,17,31,元大-八德,2023-09-27,9813
00637L,元大滬深300正2,25,0,25,元大-八德,2023-09-27,9813
2002,中鋼,27,4,23,元大-八德,2023-09-27,9813
3294,英濟,22,0,22,元大-八德,2023-09-27,9813
2408,南亞科,27,10,17,元大-八德,2023-09-27,9813
2883,凱基金,17,0,17,元大-八德,2023-09-27,9813
00712,復華富時不動產,16,0,16,元大-八德,2023-09-27,9813
2382,廣達,31,15,16,元大-八德,2023-09-27,9813
6005,群益證,15,0,15,元大-八德,2023-09-27,9813
2881,富邦金,17,2,15,元大-八德,2023-09-27,9813
00751B,元大AAA至A公司債,13,0,13,元大-八德,2023-09-27,9813
2472,立隆電,12,0,12,元大-八德,2023-09-27,9813
00679B,元大美債20年,12,2,10,元大-八德,2023-09-27,9813
00857B,永豐20年美公債,10,0,10,元大-八德,2023-09-27,9813
00780B,國泰A級金融債,10,0,10,元大-八德,2023-09-27,9813
00773B,中信優先金融債,10,0,10,元大-八德,2023-09-27,9813
00772B,中信高評級公司債,10,0,10,元大-八德,2023-09-27,9813
1460,宏遠,10,0,10,元大-八德,2023-09-27,9813
1449,佳和,10,0,10,元大-八德,2023-09-27,9813
2645,長榮航太,10,0,10,元大-八德,2023-09-27,9813
3207,耀勝,10,0,10,元大-八德,2023-09-27,9813
6568,宏觀,10,0,10,元大-八德,2023-09-27,9813
6843,進典,9,0,9,元大-八德,2023-09-27,9813
1513,中興電,12,3,9,元大-八德,2023-09-27,9813
00932,兆豐永續高息等權,8,0,8,元大-八德,2023-09-27,9813
00888,永豐台灣ESG,8,0,8,元大-八德,2023-09-27,9813
2402,毅嘉,10,2,8,元大-八德,2023-09-27,9813
2891,中信金,8,0,8,元大-八德,2023-09-27,9813
3035,智原,8,1,7,元大-八德,2023-09-27,9813
2014,中鴻,7,0,7,元大-八德,2023-09-27,9813
6546,正基,7,0,7,元大-八德,2023-09-27,9813
2303,聯電,12,5,7,元大-八德,2023-09-27,9813
3231,緯創,33,26,7,元大-八德,2023-09-27,9813
8112,至上,21,15,6,元大-八德,2023-09-27,9813
00720B,元大投資級公司債,7,1,6,元大-八德,2023-09-27,9813
2834,臺企銀,6,0,6,元大-八德,2023-09-27,9813
6274,台燿,16,10,6,元大-八德,2023-09-27,9813
3545,敦泰,7,1,6,元大-八德,2023-09-27,9813
3037,欣興,7,2,5,元大-八德,2023-09-27,9813
00931B,統一美債20年,5,0,5,元大-八德,2023-09-27,9813
3481,群創,5,0,5,元大-八德,2023-09-27,9813
1444,力麗,5,0,5,元大-八德,2023-09-27,9813
2355,敬鵬,5,0,5,元大-八德,2023-09-27,9813
3014,聯陽,5,0,5,元大-八德,2023-09-27,9813
3149,正達,5,0,5,元大-八德,2023-09-27,9813
2408,南亞科,76,13,63,元大-八德,2023-09-28,9813
00751B,元大AAA至A公司債,48,0,48,元大-八德,2023-09-28,9813
00687B,國泰20年美債,44,0,44,元大-八德,2023-09-28,9813
0056,元大高股息,51,8,43,元大-八德,2023-09-28,9813
00679B,元大美債20年,41,0,41,元大-八德,2023-09-28,9813
00772B,中信高評級公司債,37,0,37,元大-八德,2023-09-28,9813
00720B,元大投資級公司債,27,0,27,元大-八德,2023-09-28,9813
00929,復華台灣科技優息,22,1,21,元大-八德,2023-09-28,9813
00773B,中信優先金融債,20,0,20,元大-八德,2023-09-28,9813
00780B,國泰A級金融債,20,0,20,元大-八德,2023-09-28,9813
00857B,永豐20年美公債,20,0,20,元大-八德,2023-09-28,9813
6275,元山,21,1,20,元大-八德,2023-09-28,9813
2891,中信金,20,1,19,元大-八德,2023-09-28,9813
00722B,群益投資級電信債,18,0,18,元大-八德,2023-09-28,9813
00712,復華富時不動產,17,0,17,元大-八德,2023-09-28,9813
2302,麗正,17,0,17,元大-八德,2023-09-28,9813
2002,中鋼,25,10,15,元大-八德,2023-09-28,9813
1301,台塑,13,0,13,元大-八德,2023-09-28,9813
00637L,元大滬深300正2,13,0,13,元大-八德,2023-09-28,9813
2344,華邦電,13,1,12,元大-八德,2023-09-28,9813
2882,國泰金,12,0,12,元大-八德,2023-09-28,9813
8046,南電,25,13,12,元大-八德,2023-09-28,9813
00680L,元大美債20正2,11,0,11,元大-八德,2023-09-28,9813
00931B,統一美債20年,11,0,11,元大-八德,2023-09-28,9813
5351,鈺創,11,0,11,元大-八德,2023-09-28,9813
2317,鴻海,11,1,10,元大-八德,2023-09-28,9813
2382,廣達,53,43,10,元大-八德,2023-09-28,9813
1101,台泥,10,0,10,元大-八德,2023-09-28,9813
020026,兆豐上櫃ESG電菁N,10,0,10,元大-八德,2023-09-28,9813
1460,宏遠,10,0,10,元大-八德,2023-09-28,9813
6117,迎廣,77,67,10,元大-八德,2023-09-28,9813
6288,聯嘉,10,0,10,元大-八德,2023-09-28,9813
2376,技嘉,21,11,10,元大-八德,2023-09-28,9813
3706,神達,14,4,10,元大-八德,2023-09-28,9813
3260,威剛,15,5,10,元大-八德,2023-09-28,9813
00713,元大台灣高息低波,9,0,9,元大-八德,2023-09-28,9813
00764B,群益25年美債,9,0,9,元大-八德,2023-09-28,9813
2472,立隆電,9,0,9,元大-八德,2023-09-28,9813
00893,國泰智能電動車,8,0,8,元大-八德,2023-09-28,9813
3576,聯合再生,8,0,8,元大-八德,2023-09-28,9813
2610,華航,158,151,7,元大-八德,2023-09-28,9813
2358,廷鑫,7,0,7,元大-八德,2023-09-28,9813
6120,達運,7,0,7,元大-八德,2023-09-28,9813
3006,晶豪科,12,6,6,元大-八德,2023-09-28,9813
00885,富邦越南,6,0,6,元大-八德,2023-09-28,9813
2363,矽統,146,140,6,元大-八德,2023-09-28,9813
2377,微星,7,1,6,元大-八德,2023-09-28,9813
3163,波若威,13,7,6,元大-八德,2023-09-28,9813
2356,英業達,6,1,5,元大-八德,2023-09-28,9813
2201,裕隆,10,5,5,元大-八德,2023-09-28,9813
3231,緯創,225,109,116,元大-八德,2023-10-02,9813
2881,富邦金,107,0,107,元大-八德,2023-10-02,9813
8358,金居,104,8,96,元大-八德,2023-10-02,9813
0056,元大高股息,102,32,70,元大-八德,2023-10-02,9813
8150,南茂,69,0,69,元大-八德,2023-10-02,9813
00751B,元大AAA至A公司債,53,0,53,元大-八德,2023-10-02,9813
3596,智易,46,0,46,元大-八德,2023-10-02,9813
3105,穩懋,44,2,42,元大-八德,2023-10-02,9813
00687B,國泰20年美債,42,0,42,元大-八德,2023-10-02,9813
00664R,國泰臺灣加權反1,39,0,39,元大-八德,2023-10-02,9813
00632R,元大台灣50反1,37,0,37,元大-八德,2023-10-02,9813
2457,飛宏,41,10,31,元大-八德,2023-10-02,9813
5258,虹堡,30,0,30,元大-八德,2023-10-02,9813
3481,群創,32,5,27,元大-八德,2023-10-02,9813
00764B,群益25年美債,25,0,25,元大-八德,2023-10-02,9813
00772B,中信高評級公司債,23,0,23,元大-八德,2023-10-02,9813
00722B,群益投資級電信債,22,0,22,元大-八德,2023-10-02,9813
00773B,中信優先金融債,21,0,21,元大-八德,2023-10-02,9813
00780B,國泰A級金融債,20,0,20,元大-八德,2023-10-02,9813
00857B,永豐20年美公債,20,0,20,元大-八德,2023-10-02,9813
2409,友達,20,0,20,元大-八德,2023-10-02,9813
00679B,元大美債20年,20,1,19,元大-八德,2023-10-02,9813
2820,華票,18,0,18,元大-八德,2023-10-02,9813
5324,士開,36,18,18,元大-八德,2023-10-02,9813
2002,中鋼,15,0,15,元大-八德,2023-10-02,9813
020023,元大櫃買半導體N,15,0,15,元大-八德,2023-10-02,9813
3483,力致,30,15,15,元大-八德,2023-10-02,9813
1513,中興電,26,11,15,元大-八德,2023-10-02,9813
2353,宏��,17,4,13,元大-八德,2023-10-02,9813
00720B,元大投資級公司債,12,0,12,元大-八德,2023-10-02,9813
3362,先進光,13,1,12,元大-八德,2023-10-02,9813
8210,勤誠,13,1,12,元大-八德,2023-10-02,9813
2605,新興,12,1,11,元大-八德,2023-10-02,9813
8069,元太,12,1,11,元大-八德,2023-10-02,9813
1802,台玻,21,10,11,元大-八德,2023-10-02,9813
00929,復華台灣科技優息,31,21,10,元大-八德,2023-10-02,9813
1529,樂事綠能,10,0,10,元大-八德,2023-10-02,9813
2468,華經,10,0,10,元大-八德,2023-10-02,9813
4123,晟德,10,0,10,元大-八德,2023-10-02,9813
4966,譜瑞-KY,10,0,10,元大-八德,2023-10-02,9813
6170,統振,10,0,10,元大-八德,2023-10-02,9813
6770,力積電,10,0,10,元大-八德,2023-10-02,9813
00891,中信關鍵半導體,8,0,8,元大-八德,2023-10-02,9813
00715L,期街口布蘭特正2,8,0,8,元大-八德,2023-10-02,9813
3419,譁裕,8,0,8,元大-八德,2023-10-02,9813
3163,波若威,9,1,8,元大-八德,2023-10-02,9813
2884,玉山金,9,1,8,元大-八德,2023-10-02,9813
2201,裕隆,7,0,7,元大-八德,2023-10-02,9813
3293,鈊象,7,0,7,元大-八德,2023-10-02,9813
2603,長榮,9,3,6,元大-八德,2023-10-02,9813
2883,凱基金,115,0,115,元大-八德,2023-10-03,9813
00665L,富邦�琤肭磪囓�2,66,0,66,元大-八德,2023-10-03,9813
0056,元大高股息,61,1,60,元大-八德,2023-10-03,9813
3231,緯創,84,28,56,元大-八德,2023-10-03,9813
1612,宏泰,54,0,54,元大-八德,2023-10-03,9813
00637L,元大滬深300正2,42,0,42,元大-八德,2023-10-03,9813
00751B,元大AAA至A公司債,31,0,31,元大-八德,2023-10-03,9813
3163,波若威,46,18,28,元大-八德,2023-10-03,9813
00720B,元大投資級公司債,27,0,27,元大-八德,2023-10-03,9813
3481,群創,28,2,26,元大-八德,2023-10-03,9813
00882,中信中國高股息,26,0,26,元大-八德,2023-10-03,9813
3105,穩懋,26,0,26,元大-八德,2023-10-03,9813
6806,森崴能源,25,0,25,元大-八德,2023-10-03,9813
00929,復華台灣科技優息,25,0,25,元大-八德,2023-10-03,9813
00857B,永豐20年美公債,25,0,25,元大-八德,2023-10-03,9813
00687B,國泰20年美債,23,0,23,元大-八德,2023-10-03,9813
00772B,中信高評級公司債,22,0,22,元大-八德,2023-10-03,9813
3122,笙泉,50,29,21,元大-八德,2023-10-03,9813
00773B,中信優先金融債,20,0,20,元大-八德,2023-10-03,9813
00931B,統一美債20年,20,0,20,元大-八德,2023-10-03,9813
00780B,國泰A級金融債,20,0,20,元大-八德,2023-10-03,9813
2891,中信金,39,21,18,元大-八德,2023-10-03,9813
3711,日月光投控,18,0,18,元大-八德,2023-10-03,9813
00712,復華富時不動產,17,0,17,元大-八德,2023-10-03,9813
00753L,中信中國50正2,18,1,17,元大-八德,2023-10-03,9813
3264,欣銓,17,0,17,元大-八德,2023-10-03,9813
00878,國泰永續高股息,16,0,16,元大-八德,2023-10-03,9813
3715,定穎投控,35,19,16,元大-八德,2023-10-03,9813
6274,台燿,27,12,15,元大-八德,2023-10-03,9813
5608,四維航,15,0,15,元大-八德,2023-10-03,9813
6156,松上,25,10,15,元大-八德,2023-10-03,9813
2884,玉山金,15,0,15,元大-八德,2023-10-03,9813
2881,富邦金,15,1,14,元大-八德,2023-10-03,9813
6669,緯穎,15,2,13,元大-八德,2023-10-03,9813
2317,鴻海,12,0,12,元大-八德,2023-10-03,9813
2002,中鋼,12,0,12,元大-八德,2023-10-03,9813
3032,偉訓,46,35,11,元大-八德,2023-10-03,9813
2834,臺企銀,11,0,11,元大-八德,2023-10-03,9813
6282,康舒,11,0,11,元大-八德,2023-10-03,9813
2617,台航,10,0,10,元大-八德,2023-10-03,9813
00722B,群益投資級電信債,10,0,10,元大-八德,2023-10-03,9813
1810,和成,10,0,10,元大-八德,2023-10-03,9813
3710,連展投控,10,0,10,元大-八德,2023-10-03,9813
5381,合正,10,0,10,元大-八德,2023-10-03,9813
6165,浪凡,10,0,10,元大-八德,2023-10-03,9813
6451,訊芯-KY,10,0,10,元大-八德,2023-10-03,9813
8046,南電,15,5,10,元大-八德,2023-10-03,9813
1815,富喬,45,35,10,元大-八德,2023-10-03,9813
1605,華新,11,2,9,元大-八德,2023-10-03,9813
2882,國泰金,8,0,8,元大-八德,2023-10-03,9813
2881,富邦金,240,0,240,元大-八德,2023-10-04,9813
00753L,中信中國50正2,195,0,195,元大-八德,2023-10-04,9813
2363,矽統,216,27,189,元大-八德,2023-10-04,9813
1605,華新,104,2,102,元大-八德,2023-10-04,9813
00722B,群益投資級電信債,90,0,90,元大-八德,2023-10-04,9813
00637L,元大滬深300正2,87,0,87,元大-八德,2023-10-04,9813
00640L,富邦日本正2,83,0,83,元大-八德,2023-10-04,9813
00687B,國泰20年美債,83,0,83,元大-八德,2023-10-04,9813
00751B,元大AAA至A公司債,71,0,71,元大-八德,2023-10-04,9813
2882,國泰金,68,1,67,元大-八德,2023-10-04,9813
2891,中信金,49,0,49,元大-八德,2023-10-04,9813
3481,群創,43,0,43,元大-八德,2023-10-04,9813
00679B,元大美債20年,47,6,41,元大-八德,2023-10-04,9813
00712,復華富時不動產,40,0,40,元大-八德,2023-10-04,9813
00764B,群益25年美債,38,0,38,元大-八德,2023-10-04,9813
2884,玉山金,33,0,33,元大-八德,2023-10-04,9813
00931B,統一美債20年,33,0,33,元大-八德,2023-10-04,9813
8112,至上,32,0,32,元大-八德,2023-10-04,9813
0056,元大高股息,36,5,31,元大-八德,2023-10-04,9813
00900,富邦特選高股息30,31,0,31,元大-八德,2023-10-04,9813
2409,友達,34,6,28,元大-八德,2023-10-04,9813
00772B,中信高評級公司債,26,0,26,元大-八德,2023-10-04,9813
2313,華通,33,7,26,元大-八德,2023-10-04,9813
00773B,中信優先金融債,21,0,21,元大-八德,2023-10-04,9813
00919,群益台灣精選高息,23,2,21,元大-八德,2023-10-04,9813
2605,新興,21,0,21,元大-八德,2023-10-04,9813
00780B,國泰A級金融債,20,0,20,元大-八德,2023-10-04,9813
3311,閎暉,20,0,20,元大-八德,2023-10-04,9813
3710,連展投控,20,0,20,元大-八德,2023-10-04,9813
5608,四維航,20,0,20,元大-八德,2023-10-04,9813
6757,台灣虎航,20,0,20,元大-八德,2023-10-04,9813
2885,元大金,19,0,19,元大-八德,2023-10-04,9813
3122,笙泉,80,61,19,元大-八德,2023-10-04,9813
2887,台新金,18,0,18,元大-八德,2023-10-04,9813
1101,台泥,18,0,18,元大-八德,2023-10-04,9813
2834,臺企銀,18,0,18,元大-八德,2023-10-04,9813
2883,凱基金,18,0,18,元大-八德,2023-10-04,9813
3715,定穎投控,42,24,18,元大-八德,2023-10-04,9813
00922,國泰台灣領袖50,17,0,17,元大-八德,2023-10-04,9813
1524,耿鼎,20,3,17,元大-八德,2023-10-04,9813
2002,中鋼,16,0,16,元大-八德,2023-10-04,9813
3363,上詮,23,7,16,元大-八德,2023-10-04,9813
5258,虹堡,18,2,16,元大-八德,2023-10-04,9813
4967,十銓,28,13,15,元大-八德,2023-10-04,9813
5876,上海商銀,15,0,15,元大-八德,2023-10-04,9813
6005,群益證,15,0,15,元大-八德,2023-10-04,9813
2382,廣達,21,7,14,元大-八德,2023-10-04,9813
00680L,元大美債20正2,19,5,14,元大-八德,2023-10-04,9813
1909,榮成,15,1,14,元大-八德,2023-10-04,9813
8093,保銳,14,0,14,元大-八德,2023-10-04,9813
2881,富邦金,84,4,80,元大-八德,2023-10-05,9813
00929,復華台灣科技優息,73,2,71,元大-八德,2023-10-05,9813
00680L,元大美債20正2,42,0,42,元大-八德,2023-10-05,9813
2457,飛宏,67,25,42,元大-八德,2023-10-05,9813
2498,宏達電,42,0,42,元大-八德,2023-10-05,9813
00712,復華富時不動產,36,0,36,元大-八德,2023-10-05,9813
4906,正文,34,0,34,元大-八德,2023-10-05,9813
1540,喬福,26,0,26,元大-八德,2023-10-05,9813
00900,富邦特選高股息30,25,0,25,元大-八德,2023-10-05,9813
2104,國際中橡,25,0,25,元大-八德,2023-10-05,9813
3163,波若威,24,2,22,元大-八德,2023-10-05,9813
1524,耿鼎,38,16,22,元大-八德,2023-10-05,9813
00919,群益台灣精選高息,20,1,19,元大-八德,2023-10-05,9813
3483,力致,45,28,17,元大-八德,2023-10-05,9813
1319,東陽,32,15,17,元大-八德,2023-10-05,9813
00720B,元大投資級公司債,15,0,15,元大-八德,2023-10-05,9813
3548,兆利,14,0,14,元大-八德,2023-10-05,9813
2409,友達,14,1,13,元大-八德,2023-10-05,9813
00882,中信中國高股息,12,0,12,元大-八德,2023-10-05,9813
00687B,國泰20年美債,12,0,12,元大-八德,2023-10-05,9813
8358,金居,14,2,12,元大-八德,2023-10-05,9813
4958,臻鼎-KY,11,0,11,元大-八德,2023-10-05,9813
00708L,期元大S＆P黃金正2,10,0,10,元大-八德,2023-10-05,9813
2637,慧洋-KY,10,0,10,元大-八德,2023-10-05,9813
4533,協易機,10,0,10,元大-八德,2023-10-05,9813
00632R,元大台灣50反1,10,1,9,元大-八德,2023-10-05,9813
2382,廣達,33,24,9,元大-八德,2023-10-05,9813
2883,凱基金,9,1,8,元大-八德,2023-10-05,9813
2376,技嘉,16,8,8,元大-八德,2023-10-05,9813
2344,華邦電,16,9,7,元大-八德,2023-10-05,9813
1519,華城,8,1,7,元大-八德,2023-10-05,9813
2313,華通,14,7,7,元大-八德,2023-10-05,9813
3006,晶豪科,6,0,6,元大-八德,2023-10-05,9813
00772B,中信高評級公司債,6,0,6,元大-八德,2023-10-05,9813
00931B,統一美債20年,6,0,6,元大-八德,2023-10-05,9813
3078,僑威,6,0,6,元大-八德,2023-10-05,9813
4123,晟德,7,1,6,元大-八德,2023-10-05,9813
5289,宜鼎,10,4,6,元大-八德,2023-10-05,9813
6446,藥華藥,7,1,6,元大-八德,2023-10-05,9813
3044,健鼎,6,1,5,元大-八德,2023-10-05,9813
1216,統一,5,0,5,元大-八德,2023-10-05,9813
3081,聯亞,6,1,5,元大-八德,2023-10-05,9813
1402,遠東新,5,0,5,元大-八德,2023-10-05,9813
00878,國泰永續高股息,8,3,5,元大-八德,2023-10-05,9813
00665L,富邦�琤肭磪囓�2,504,499,5,元大-八德,2023-10-05,9813
3051,力特,5,0,5,元大-八德,2023-10-05,9813
3088,艾訊,5,0,5,元大-八德,2023-10-05,9813
5876,上海商銀,5,0,5,元大-八德,2023-10-05,9813
9958,世紀鋼,6,1,5,元大-八德,2023-10-05,9813
2201,裕隆,6,1,5,元大-八德,2023-10-05,9813
00929,復華台灣科技優息,48,5,43,元大-八德,2023-10-06,9813
00687B,國泰20年美債,38,0,38,元大-八德,2023-10-06,9813
00751B,元大AAA至A公司債,35,0,35,元大-八德,2023-10-06,9813
3051,力特,47,12,35,元大-八德,2023-10-06,9813
6274,台燿,41,8,33,元大-八德,2023-10-06,9813
00773B,中信優先金融債,31,0,31,元大-八德,2023-10-06,9813
00772B,中信高評級公司債,31,0,31,元大-八德,2023-10-06,9813
1529,樂事綠能,31,0,31,元大-八德,2023-10-06,9813
2345,智邦,37,7,30,元大-八德,2023-10-06,9813
0056,元大高股息,29,0,29,元大-八德,2023-10-06,9813
00857B,永豐20年美公債,24,0,24,元大-八德,2023-10-06,9813
00642U,期元大S＆P石油,22,0,22,元大-八德,2023-10-06,9813
00679B,元大美債20年,20,0,20,元大-八德,2023-10-06,9813
00780B,國泰A級金融債,20,0,20,元大-八德,2023-10-06,9813
00900,富邦特選高股息30,20,0,20,元大-八德,2023-10-06,9813
2457,飛宏,20,0,20,元大-八德,2023-10-06,9813
8150,南茂,20,0,20,元大-八德,2023-10-06,9813
00919,群益台灣精選高息,19,0,19,元大-八德,2023-10-06,9813
00712,復華富時不動產,18,0,18,元大-八德,2023-10-06,9813
00720B,元大投資級公司債,17,0,17,元大-八德,2023-10-06,9813
2618,長榮航,14,0,14,元大-八德,2023-10-06,9813
4714,永捷,15,2,13,元大-八德,2023-10-06,9813
5258,虹堡,20,7,13,元大-八德,2023-10-06,9813
2313,華通,13,1,12,元大-八德,2023-10-06,9813
3450,聯鈞,14,3,11,元大-八德,2023-10-06,9813
3715,定穎投控,84,73,11,元大-八德,2023-10-06,9813
020035,元大上櫃ESG高息N,10,0,10,元大-八德,2023-10-06,9813
2031,新光鋼,10,0,10,元大-八德,2023-10-06,9813
3122,笙泉,70,60,10,元大-八德,2023-10-06,9813
3711,日月光投控,10,0,10,元大-八德,2023-10-06,9813
4979,華星光,14,4,10,元大-八德,2023-10-06,9813
1815,富喬,16,7,9,元大-八德,2023-10-06,9813
2059,川湖,9,0,9,元大-八德,2023-10-06,9813
2329,華泰,20,11,9,元大-八德,2023-10-06,9813
3264,欣銓,10,1,9,元大-八德,2023-10-06,9813
3037,欣興,9,1,8,元大-八德,2023-10-06,9813
2436,偉詮電,8,0,8,元大-八德,2023-10-06,9813
2887,台新金,8,0,8,元大-八德,2023-10-06,9813
6806,森崴能源,6,0,6,元大-八德,2023-10-06,9813
3596,智易,6,0,6,元大-八德,2023-10-06,9813
6799,來頡,6,0,6,元大-八德,2023-10-06,9813
3704,合勤控,6,0,6,元大-八德,2023-10-06,9813
00931B,統一美債20年,5,0,5,元大-八德,2023-10-06,9813
2355,敬鵬,5,0,5,元大-八德,2023-10-06,9813
2707,晶華,5,0,5,元大-八德,2023-10-06,9813
3276,宇環,6,1,5,元大-八德,2023-10-06,9813
4167,松瑞藥,5,0,5,元大-八德,2023-10-06,9813
4746,台耀,5,0,5,元大-八德,2023-10-06,9813
5236,凌陽創新,5,0,5,元大-八德,2023-10-06,9813
6150,撼訊,5,0,5,元大-八德,2023-10-06,9813
1802,台玻,357,20,337,元大-八德,2023-10-11,9813
00919,群益台灣精選高息,311,1,310,元大-八德,2023-10-11,9813
2363,矽統,320,171,149,元大-八德,2023-10-11,9813
2883,凱基金,200,59,141,元大-八德,2023-10-11,9813
00637L,元大滬深300正2,86,0,86,元大-八德,2023-10-11,9813
00680L,元大美債20正2,60,0,60,元大-八德,2023-10-11,9813
1314,中石化,50,0,50,元大-八德,2023-10-11,9813
2031,新光鋼,50,0,50,元大-八德,2023-10-11,9813
00929,復華台灣科技優息,49,1,48,元大-八德,2023-10-11,9813
2603,長榮,51,6,45,元大-八德,2023-10-11,9813
3231,緯創,146,105,41,元大-八德,2023-10-11,9813
2888,新光金,40,2,38,元大-八德,2023-10-11,9813
00679B,元大美債20年,28,2,26,元大-八德,2023-10-11,9813
2408,南亞科,46,22,24,元大-八德,2023-10-11,9813
2882,國泰金,50,26,24,元大-八德,2023-10-11,9813
00687B,國泰20年美債,23,0,23,元大-八德,2023-10-11,9813
00751B,元大AAA至A公司債,23,0,23,元大-八德,2023-10-11,9813
2382,廣達,44,22,22,元大-八德,2023-10-11,9813
2617,台航,33,11,22,元大-八德,2023-10-11,9813
5321,美而快,21,0,21,元大-八德,2023-10-11,9813
2454,聯發科,28,8,20,元大-八德,2023-10-11,9813
00795B,中信美國公債20年,20,0,20,元大-八德,2023-10-11,9813
0056,元大高股息,43,25,18,元大-八德,2023-10-11,9813
2066,世德,18,0,18,元大-八德,2023-10-11,9813
2634,漢翔,29,12,17,元大-八德,2023-10-11,9813
00632R,元大台灣50反1,26,10,16,元大-八德,2023-10-11,9813
5285,界霖,16,0,16,元大-八德,2023-10-11,9813
00900,富邦特選高股息30,20,5,15,元大-八德,2023-10-11,9813
3706,神達,18,3,15,元大-八德,2023-10-11,9813
4138,曜亞,16,1,15,元大-八德,2023-10-11,9813
3032,偉訓,14,0,14,元大-八德,2023-10-11,9813
6770,力積電,14,0,14,元大-八德,2023-10-11,9813
2609,陽明,17,4,13,元大-八德,2023-10-11,9813
00675L,富邦臺灣加權正2,13,0,13,元大-八德,2023-10-11,9813
3088,艾訊,12,0,12,元大-八德,2023-10-11,9813
2317,鴻海,14,3,11,元大-八德,2023-10-11,9813
00905,FT臺灣Smart,11,0,11,元大-八德,2023-10-11,9813
2537,聯上發,11,0,11,元大-八德,2023-10-11,9813
3105,穩懋,11,0,11,元大-八德,2023-10-11,9813
1101,台泥,10,0,10,元大-八德,2023-10-11,9813
1529,樂事綠能,10,0,10,元大-八德,2023-10-11,9813
3058,立德,10,0,10,元大-八德,2023-10-11,9813
3122,笙泉,12,2,10,元大-八德,2023-10-11,9813
00931B,統一美債20年,9,0,9,元大-八德,2023-10-11,9813
2356,英業達,14,5,9,元大-八德,2023-10-11,9813
3022,威強電,11,2,9,元大-八德,2023-10-11,9813
6806,森崴能源,8,0,8,元大-八德,2023-10-11,9813
5258,虹堡,28,20,8,元大-八德,2023-10-11,9813
6843,進典,8,0,8,元大-八德,2023-10-11,9813
2388,威盛,8,1,7,元大-八德,2023-10-11,9813
00730,富邦臺灣優質高息,400,0,400,元大-八德,2023-10-12,9813
2883,凱基金,125,21,104,元大-八德,2023-10-12,9813
00888,永豐台灣ESG,104,20,84,元大-八德,2023-10-12,9813
2882,國泰金,89,10,79,元大-八德,2023-10-12,9813
4979,華星光,67,5,62,元大-八德,2023-10-12,9813
2313,華通,70,19,51,元大-八德,2023-10-12,9813
2838,聯邦銀,50,0,50,元大-八德,2023-10-12,9813
2031,新光鋼,50,0,50,元大-八德,2023-10-12,9813
2317,鴻海,50,6,44,元大-八德,2023-10-12,9813
00905,FT臺灣Smart,40,0,40,元大-八德,2023-10-12,9813
3025,星通,30,0,30,元大-八德,2023-10-12,9813
2388,威盛,30,6,24,元大-八德,2023-10-12,9813
2066,世德,22,0,22,元大-八德,2023-10-12,9813
00929,復華台灣科技優息,24,4,20,元大-八德,2023-10-12,9813
6290,良維,20,1,19,元大-八德,2023-10-12,9813
6843,進典,17,0,17,元大-八德,2023-10-12,9813
6005,群益證,17,1,16,元大-八德,2023-10-12,9813
3014,聯陽,16,0,16,元大-八德,2023-10-12,9813
00652,富邦印度,16,0,16,元大-八德,2023-10-12,9813
1524,耿鼎,27,12,15,元大-八德,2023-10-12,9813
3325,旭品,18,4,14,元大-八德,2023-10-12,9813
2327,國巨,15,1,14,元大-八德,2023-10-12,9813
2610,華航,21,9,12,元大-八德,2023-10-12,9813
00642U,期元大S＆P石油,12,0,12,元大-八德,2023-10-12,9813
2617,台航,11,0,11,元大-八德,2023-10-12,9813
8033,雷虎,10,0,10,元大-八德,2023-10-12,9813
2539,櫻花建,10,0,10,元大-八德,2023-10-12,9813
2881,富邦金,10,0,10,元大-八德,2023-10-12,9813
2913,農林,10,0,10,元大-八德,2023-10-12,9813
3122,笙泉,89,79,10,元大-八德,2023-10-12,9813
00646,元大S＆P500,9,0,9,元大-八德,2023-10-12,9813
4960,誠美材,10,1,9,元大-八德,2023-10-12,9813
1314,中石化,8,0,8,元大-八德,2023-10-12,9813
1529,樂事綠能,12,4,8,元大-八德,2023-10-12,9813
2356,英業達,9,1,8,元大-八德,2023-10-12,9813
4533,協易機,13,5,8,元大-八德,2023-10-12,9813
2382,廣達,17,10,7,元大-八德,2023-10-12,9813
00679B,元大美債20年,8,1,7,元大-八德,2023-10-12,9813
00921,兆豐龍頭等權重,6,0,6,元大-八德,2023-10-12,9813
00674R,期元大S＆P黃金反1,6,0,6,元大-八德,2023-10-12,9813
3450,聯鈞,8,2,6,元大-八德,2023-10-12,9813
6168,宏齊,6,0,6,元大-八德,2023-10-12,9813
6227,茂綸,6,0,6,元大-八德,2023-10-12,9813
2409,友達,7,2,5,元大-八德,2023-10-12,9813
00780B,國泰A級金融債,5,0,5,元大-八德,2023-10-12,9813
00773B,中信優先金融債,5,0,5,元大-八德,2023-10-12,9813
00772B,中信高評級公司債,5,0,5,元大-八德,2023-10-12,9813
00751B,元大AAA至A公司債,5,0,5,元大-八德,2023-10-12,9813
00857B,永豐20年美公債,5,0,5,元大-八德,2023-10-12,9813
1444,力麗,5,0,5,元大-八德,2023-10-12,9813
2382,廣達,167,25,142,元大-八德,2023-10-13,9813
3706,神達,126,8,118,元大-八德,2023-10-13,9813
00888,永豐台灣ESG,101,0,101,元大-八德,2023-10-13,9813
2388,威盛,73,5,68,元大-八德,2023-10-13,9813
00878,國泰永續高股息,61,2,59,元大-八德,2023-10-13,9813
00637L,元大滬深300正2,57,0,57,元大-八德,2023-10-13,9813
00922,國泰台灣領袖50,55,1,54,元大-八德,2023-10-13,9813
5215,科嘉-KY,54,1,53,元大-八德,2023-10-13,9813
3231,緯創,85,32,53,元大-八德,2023-10-13,9813
00751B,元大AAA至A公司債,50,0,50,元大-八德,2023-10-13,9813
00687B,國泰20年美債,44,0,44,元大-八德,2023-10-13,9813
00931B,統一美債20年,40,0,40,元大-八德,2023-10-13,9813
0056,元大高股息,41,8,33,元大-八德,2023-10-13,9813
00679B,元大美債20年,26,0,26,元大-八德,2023-10-13,9813
00929,復華台灣科技優息,33,7,26,元大-八德,2023-10-13,9813
2891,中信金,33,9,24,元大-八德,2023-10-13,9813
3450,聯鈞,39,15,24,元大-八德,2023-10-13,9813
2376,技嘉,34,11,23,元大-八德,2023-10-13,9813
2883,凱基金,25,2,23,元大-八德,2023-10-13,9813
00915,凱基優選高股息30,22,0,22,元大-八德,2023-10-13,9813
00857B,永豐20年美公債,20,0,20,元大-八德,2023-10-13,9813
00773B,中信優先金融債,20,0,20,元大-八德,2023-10-13,9813
00772B,中信高評級公司債,20,0,20,元大-八德,2023-10-13,9813
00764B,群益25年美債,20,0,20,元大-八德,2023-10-13,9813
6274,台燿,34,15,19,元大-八德,2023-10-13,9813
00905,FT臺灣Smart,20,2,18,元大-八德,2023-10-13,9813
00640L,富邦日本正2,18,0,18,元大-八德,2023-10-13,9813
2425,承啟,17,0,17,元大-八德,2023-10-13,9813
00753L,中信中國50正2,16,0,16,元大-八德,2023-10-13,9813
00680L,元大美債20正2,16,0,16,元大-八德,2023-10-13,9813
3058,立德,15,0,15,元大-八德,2023-10-13,9813
6114,久威,15,0,15,元大-八德,2023-10-13,9813
00720B,元大投資級公司債,14,0,14,元大-八德,2023-10-13,9813
6531,愛普*,17,3,14,元大-八德,2023-10-13,9813
2618,長榮航,12,0,12,元大-八德,2023-10-13,9813
2356,英業達,15,4,11,元大-八德,2023-10-13,9813
2892,第一金,11,0,11,元大-八德,2023-10-13,9813
4743,合一,10,0,10,元大-八德,2023-10-13,9813
3324,雙鴻,10,0,10,元大-八德,2023-10-13,9813
00795B,中信美國公債20年,10,0,10,元大-八德,2023-10-13,9813
00780B,國泰A級金融債,10,0,10,元大-八德,2023-10-13,9813
00722B,群益投資級電信債,10,0,10,元大-八德,2023-10-13,9813
1720,生達,10,0,10,元大-八德,2023-10-13,9813
3024,憶聲,10,0,10,元大-八德,2023-10-13,9813
6901,鑽石投資,10,0,10,元大-八德,2023-10-13,9813
4915,致伸,10,0,10,元大-八德,2023-10-13,9813
2002,中鋼,9,0,9,元大-八德,2023-10-13,9813
1815,富喬,9,0,9,元大-八德,2023-10-13,9813
1460,宏遠,8,0,8,元大-八德,2023-10-13,9813
2340,台亞,8,0,8,元大-八德,2023-10-13,9813
0056,元大高股息,60,0,60,元大-八德,2023-10-16,9813
6139,亞翔,61,2,59,元大-八德,2023-10-16,9813
2344,華邦電,49,0,49,元大-八德,2023-10-16,9813
2303,聯電,57,15,42,元大-八德,2023-10-16,9813
2634,漢翔,39,2,37,元大-八德,2023-10-16,9813
2367,燿華,35,0,35,元大-八德,2023-10-16,9813
2031,新光鋼,30,0,30,元大-八德,2023-10-16,9813
00929,復華台灣科技優息,34,7,27,元大-八德,2023-10-16,9813
2618,長榮航,25,2,23,元大-八德,2023-10-16,9813
6443,元晶,20,0,20,元大-八德,2023-10-16,9813
00919,群益台灣精選高息,19,0,19,元大-八德,2023-10-16,9813
6109,亞元,17,0,17,元大-八德,2023-10-16,9813
00632R,元大台灣50反1,15,0,15,元大-八德,2023-10-16,9813
00722B,群益投資級電信債,15,0,15,元大-八德,2023-10-16,9813
2610,華航,17,2,15,元大-八德,2023-10-16,9813
2363,矽統,50,36,14,元大-八德,2023-10-16,9813
2891,中信金,15,1,14,元大-八德,2023-10-16,9813
00772B,中信高評級公司債,12,0,12,元大-八德,2023-10-16,9813
00878,國泰永續高股息,16,4,12,元大-八德,2023-10-16,9813
2603,長榮,13,2,11,元大-八德,2023-10-16,9813
00751B,元大AAA至A公司債,11,0,11,元大-八德,2023-10-16,9813
5258,虹堡,11,0,11,元大-八德,2023-10-16,9813
00652,富邦印度,10,0,10,元大-八德,2023-10-16,9813
00680L,元大美債20正2,10,0,10,元大-八德,2023-10-16,9813
2883,凱基金,10,0,10,元大-八德,2023-10-16,9813
6147,頎邦,10,0,10,元大-八德,2023-10-16,9813
6477,安集,10,0,10,元大-八德,2023-10-16,9813
2354,鴻準,10,0,10,元大-八德,2023-10-16,9813
1815,富喬,11,3,8,元大-八德,2023-10-16,9813
3491,昇達科,10,2,8,元大-八德,2023-10-16,9813
2881,富邦金,8,0,8,元大-八德,2023-10-16,9813
2201,裕隆,9,2,7,元大-八德,2023-10-16,9813
1783,和康生,9,2,7,元大-八德,2023-10-16,9813
00882,中信中國高股息,7,0,7,元大-八德,2023-10-16,9813
2405,輔信,7,0,7,元大-八德,2023-10-16,9813
3017,奇鋐,8,1,7,元大-八德,2023-10-16,9813
2607,榮運,6,0,6,元大-八德,2023-10-16,9813
2066,世德,6,0,6,元大-八德,2023-10-16,9813
2358,廷鑫,6,0,6,元大-八德,2023-10-16,9813
2427,三商電,9,3,6,元大-八德,2023-10-16,9813
3481,群創,6,0,6,元大-八德,2023-10-16,9813
6005,群益證,6,0,6,元大-八德,2023-10-16,9813
6284,佳邦,7,1,6,元大-八德,2023-10-16,9813
3037,欣興,10,4,6,元大-八德,2023-10-16,9813
00687B,國泰20年美債,5,0,5,元大-八德,2023-10-16,9813
00764B,群益25年美債,5,0,5,元大-八德,2023-10-16,9813
00753L,中信中國50正2,5,0,5,元大-八德,2023-10-16,9813
00891,中信關鍵半導體,5,0,5,元大-八德,2023-10-16,9813
3675,德微,5,0,5,元大-八德,2023-10-16,9813
6125,廣運,5,0,5,元大-八德,2023-10-16,9813
3450,聯鈞,137,11,126,元大-八德,2023-10-17,9813
3231,緯創,146,36,110,元大-八德,2023-10-17,9813
0056,元大高股息,82,0,82,元大-八德,2023-10-17,9813
2436,偉詮電,85,12,73,元大-八德,2023-10-17,9813
00751B,元大AAA至A公司債,66,0,66,元大-八德,2023-10-17,9813
4306,炎洲,62,0,62,元大-八德,2023-10-17,9813
00931B,統一美債20年,53,0,53,元大-八德,2023-10-17,9813
00764B,群益25年美債,49,0,49,元大-八德,2023-10-17,9813
00687B,國泰20年美債,46,0,46,元大-八德,2023-10-17,9813
00679B,元大美債20年,42,0,42,元大-八德,2023-10-17,9813
2031,新光鋼,40,0,40,元大-八德,2023-10-17,9813
00722B,群益投資級電信債,35,0,35,元大-八德,2023-10-17,9813
00795B,中信美國公債20年,35,0,35,元大-八德,2023-10-17,9813
2618,長榮航,31,1,30,元大-八德,2023-10-17,9813
2748,雲品,30,0,30,元大-八德,2023-10-17,9813
2515,中工,86,57,29,元大-八德,2023-10-17,9813
2393,億光,24,0,24,元大-八德,2023-10-17,9813
3483,力致,46,23,23,元大-八德,2023-10-17,9813
00929,復華台灣科技優息,23,2,21,元大-八德,2023-10-17,9813
00772B,中信高評級公司債,21,0,21,元大-八德,2023-10-17,9813
1815,富喬,22,1,21,元大-八德,2023-10-17,9813
3163,波若威,22,1,21,元大-八德,2023-10-17,9813
00773B,中信優先金融債,20,0,20,元大-八德,2023-10-17,9813
5608,四維航,20,0,20,元大-八德,2023-10-17,9813
2104,國際中橡,19,0,19,元大-八德,2023-10-17,9813
2634,漢翔,23,5,18,元大-八德,2023-10-17,9813
00857B,永豐20年美公債,16,0,16,元大-八德,2023-10-17,9813
00780B,國泰A級金融債,15,0,15,元大-八德,2023-10-17,9813
2536,宏普,15,0,15,元大-八德,2023-10-17,9813
00878,國泰永續高股息,15,1,14,元大-八德,2023-10-17,9813
6415,矽力*-KY,21,7,14,元大-八德,2023-10-17,9813
00720B,元大投資級公司債,13,0,13,元大-八德,2023-10-17,9813
6770,力積電,13,0,13,元大-八德,2023-10-17,9813
00922,國泰台灣領袖50,12,0,12,元大-八德,2023-10-17,9813
5258,虹堡,15,3,12,元大-八德,2023-10-17,9813
3313,斐成,11,0,11,元大-八德,2023-10-17,9813
2883,凱基金,11,0,11,元大-八德,2023-10-17,9813
2887,台新金,11,1,10,元大-八德,2023-10-17,9813
00724B,群益投資級金融債,10,0,10,元大-八德,2023-10-17,9813
00680L,元大美債20正2,10,0,10,元大-八德,2023-10-17,9813
2457,飛宏,10,0,10,元大-八德,2023-10-17,9813
2888,新光金,10,0,10,元大-八德,2023-10-17,9813
2891,中信金,10,0,10,元大-八德,2023-10-17,9813
4130,健亞,10,0,10,元大-八德,2023-10-17,9813
2348,海悅,9,0,9,元大-八德,2023-10-17,9813
3006,晶豪科,12,5,7,元大-八德,2023-10-17,9813
3176,基亞,8,1,7,元大-八德,2023-10-17,9813
2301,光寶科,8,2,6,元大-八德,2023-10-17,9813
2610,華航,11,5,6,元大-八德,2023-10-17,9813
2059,川湖,6,0,6,元大-八德,2023-10-17,9813
00730,富邦臺灣優質高息,400,0,400,元大-八德,2023-10-18,9813
00632R,元大台灣50反1,200,0,200,元大-八德,2023-10-18,9813
00922,國泰台灣領袖50,139,0,139,元大-八德,2023-10-18,9813
00929,復華台灣科技優息,64,0,64,元大-八德,2023-10-18,9813
1815,富喬,39,7,32,元大-八德,2023-10-18,9813
2399,映泰,32,0,32,元大-八德,2023-10-18,9813
2031,新光鋼,30,0,30,元大-八德,2023-10-18,9813
2892,第一金,34,4,30,元大-八德,2023-10-18,9813
2486,一詮,32,3,29,元大-八德,2023-10-18,9813
3260,威剛,43,14,29,元大-八德,2023-10-18,9813
00687B,國泰20年美債,28,0,28,元大-八德,2023-10-18,9813
5258,虹堡,45,20,25,元大-八德,2023-10-18,9813
00751B,元大AAA至A公司債,24,0,24,元大-八德,2023-10-18,9813
3017,奇鋐,24,1,23,元大-八德,2023-10-18,9813
2002,中鋼,29,7,22,元大-八德,2023-10-18,9813
00905,FT臺灣Smart,21,0,21,元大-八德,2023-10-18,9813
3058,立德,20,0,20,元大-八德,2023-10-18,9813
2330,台積電,20,1,19,元大-八德,2023-10-18,9813
9103,美德醫療-DR,19,0,19,元大-八德,2023-10-18,9813
020039,元大加權N,17,0,17,元大-八德,2023-10-18,9813
3163,波若威,17,0,17,元大-八德,2023-10-18,9813
02002L,兆豐富櫃200正二N,15,0,15,元大-八德,2023-10-18,9813
6223,旺矽,17,2,15,元大-八德,2023-10-18,9813
6274,台燿,17,2,15,元大-八德,2023-10-18,9813
6770,力積電,16,1,15,元大-八德,2023-10-18,9813
2498,宏達電,15,1,14,元大-八德,2023-10-18,9813
00679B,元大美債20年,13,0,13,元大-八德,2023-10-18,9813
3078,僑威,14,1,13,元大-八德,2023-10-18,9813
00857B,永豐20年美公債,12,0,12,元大-八德,2023-10-18,9813
00772B,中信高評級公司債,12,0,12,元大-八德,2023-10-18,9813
2408,南亞科,12,0,12,元大-八德,2023-10-18,9813
2634,漢翔,15,3,12,元大-八德,2023-10-18,9813
3548,兆利,14,2,12,元大-八德,2023-10-18,9813
6233,旺玖,42,30,12,元大-八德,2023-10-18,9813
00720B,元大投資級公司債,11,0,11,元大-八德,2023-10-18,9813
2618,長榮航,24,13,11,元大-八德,2023-10-18,9813
2883,凱基金,10,0,10,元大-八德,2023-10-18,9813
1319,東陽,10,0,10,元大-八德,2023-10-18,9813
00780B,國泰A級金融債,10,0,10,元大-八德,2023-10-18,9813
00773B,中信優先金融債,10,0,10,元大-八德,2023-10-18,9813
1605,華新,10,0,10,元大-八德,2023-10-18,9813
2867,三商壽,10,0,10,元大-八德,2023-10-18,9813
6788,華景電,10,0,10,元大-八德,2023-10-18,9813
8183,精星,10,0,10,元大-八德,2023-10-18,9813
9105,泰金寶-DR,10,0,10,元大-八德,2023-10-18,9813
3481,群創,21,11,10,元大-八德,2023-10-18,9813
2329,華泰,11,2,9,元大-八德,2023-10-18,9813
2455,全新,10,1,9,元大-八德,2023-10-18,9813
2363,矽統,54,46,8,元大-八德,2023-10-18,9813
5348,正能量智能,8,0,8,元大-八德,2023-10-18,9813
3704,合勤控,183,16,167,元大-八德,2023-10-19,9813
0056,元大高股息,111,3,108,元大-八德,2023-10-19,9813
6139,亞翔,104,2,102,元大-八德,2023-10-19,9813
00687B,國泰20年美債,98,0,98,元大-八德,2023-10-19,9813
00680L,元大美債20正2,73,0,73,元大-八德,2023-10-19,9813
00751B,元大AAA至A公司債,77,5,72,元大-八德,2023-10-19,9813
00720B,元大投資級公司債,63,0,63,元大-八德,2023-10-19,9813
3025,星通,61,5,56,元大-八德,2023-10-19,9813
00878,國泰永續高股息,54,0,54,元大-八德,2023-10-19,9813
00679B,元大美債20年,52,0,52,元大-八德,2023-10-19,9813
00753L,中信中國50正2,33,0,33,元大-八德,2023-10-19,9813
00772B,中信高評級公司債,33,0,33,元大-八德,2023-10-19,9813
2031,新光鋼,30,0,30,元大-八德,2023-10-19,9813
5521,工信,30,0,30,元大-八德,2023-10-19,9813
00931B,統一美債20年,27,0,27,元大-八德,2023-10-19,9813
2344,華邦電,28,3,25,元大-八德,2023-10-19,9813
00857B,永豐20年美公債,21,0,21,元大-八德,2023-10-19,9813
00933B,國泰10Y+金融債,21,0,21,元大-八德,2023-10-19,9813
1532,勤美,21,0,21,元大-八德,2023-10-19,9813
00712,復華富時不動產,20,0,20,元大-八德,2023-10-19,9813
00724B,群益投資級金融債,20,0,20,元大-八德,2023-10-19,9813
00773B,中信優先金融債,20,0,20,元大-八德,2023-10-19,9813
00764B,群益25年美債,20,0,20,元大-八德,2023-10-19,9813
1227,佳格,20,0,20,元大-八德,2023-10-19,9813
1815,富喬,18,0,18,元大-八德,2023-10-19,9813
2515,中工,38,20,18,元大-八德,2023-10-19,9813
00929,復華台灣科技優息,19,1,18,元大-八德,2023-10-19,9813
5880,合庫金,16,0,16,元大-八德,2023-10-19,9813
00722B,群益投資級電信債,16,0,16,元大-八德,2023-10-19,9813
2820,華票,16,0,16,元大-八德,2023-10-19,9813
5351,鈺創,29,13,16,元大-八德,2023-10-19,9813
00795B,中信美國公債20年,15,0,15,元大-八德,2023-10-19,9813
4979,華星光,25,10,15,元大-八德,2023-10-19,9813
00919,群益台灣精選高息,13,0,13,元大-八德,2023-10-19,9813
2486,一詮,13,1,12,元大-八德,2023-10-19,9813
1101,台泥,12,1,11,元大-八德,2023-10-19,9813
00713,元大台灣高息低波,11,0,11,元大-八德,2023-10-19,9813
00922,國泰台灣領袖50,11,0,11,元大-八德,2023-10-19,9813
00888,永豐台灣ESG,11,0,11,元大-八德,2023-10-19,9813
6274,台燿,12,1,11,元大-八德,2023-10-19,9813
6415,矽力*-KY,13,2,11,元大-八德,2023-10-19,9813
9103,美德醫療-DR,15,4,11,元大-八德,2023-10-19,9813
00780B,國泰A級金融債,10,0,10,元大-八德,2023-10-19,9813
2401,凌陽,10,0,10,元大-八德,2023-10-19,9813
3325,旭品,17,7,10,元大-八德,2023-10-19,9813
3362,先進光,14,4,10,元大-八德,2023-10-19,9813
3715,定穎投控,44,34,10,元大-八德,2023-10-19,9813
4533,協易機,10,0,10,元大-八德,2023-10-19,9813
6122,擎邦,10,0,10,元大-八德,2023-10-19,9813
2317,鴻海,12,3,9,元大-八德,2023-10-19,9813
2881,富邦金,308,1,307,元大-八德,2023-10-20,9813
3025,星通,161,26,135,元大-八德,2023-10-20,9813
1101,台泥,129,4,125,元大-八德,2023-10-20,9813
1605,華新,103,0,103,元大-八德,2023-10-20,9813
2891,中信金,94,1,93,元大-八德,2023-10-20,9813
00919,群益台灣精選高息,89,11,78,元大-八德,2023-10-20,9813
00680L,元大美債20正2,60,0,60,元大-八德,2023-10-20,9813
00719B,元大美債1-3,42,0,42,元大-八德,2023-10-20,9813
00712,復華富時不動產,42,0,42,元大-八德,2023-10-20,9813
00929,復華台灣科技優息,35,5,30,元大-八德,2023-10-20,9813
00751B,元大AAA至A公司債,30,0,30,元大-八德,2023-10-20,9813
6438,迅得,30,0,30,元大-八德,2023-10-20,9813
0056,元大高股息,46,17,29,元大-八德,2023-10-20,9813
00878,國泰永續高股息,47,17,30,元大-八德,2023-10-20,9813
2408,南亞科,30,1,29,元大-八德,2023-10-20,9813
1316,上曜,25,0,25,元大-八德,2023-10-20,9813
00720B,元大投資級公司債,24,0,24,元大-八德,2023-10-20,9813
00679B,元大美債20年,34,10,24,元大-八德,2023-10-20,9813
1314,中石化,33,10,23,元大-八德,2023-10-20,9813
2002,中鋼,23,1,22,元大-八德,2023-10-20,9813
3163,波若威,29,7,22,元大-八德,2023-10-20,9813
6477,安集,20,0,20,元大-八德,2023-10-20,9813
00772B,中信高評級公司債,19,0,19,元大-八德,2023-10-20,9813
3707,漢磊,20,1,19,元大-八德,2023-10-20,9813
2883,凱基金,18,0,18,元大-八德,2023-10-20,9813
2882,國泰金,17,0,17,元大-八德,2023-10-20,9813
00752,中信中國50,15,0,15,元大-八德,2023-10-20,9813
00640L,富邦日本正2,14,0,14,元大-八德,2023-10-20,9813
3231,緯創,40,26,14,元大-八德,2023-10-20,9813
2885,元大金,18,5,13,元大-八德,2023-10-20,9813
3105,穩懋,13,0,13,元大-八德,2023-10-20,9813
2059,川湖,15,3,12,元大-八德,2023-10-20,9813
6235,華孚,12,0,12,元大-八德,2023-10-20,9813
2884,玉山金,32,20,12,元大-八德,2023-10-20,9813
00900,富邦特選高股息30,11,0,11,元大-八德,2023-10-20,9813
2327,國巨,11,0,11,元大-八德,2023-10-20,9813
00722B,群益投資級電信債,11,0,11,元大-八德,2023-10-20,9813
00631L,元大台灣50正2,11,0,11,元大-八德,2023-10-20,9813
5258,虹堡,11,0,11,元大-八德,2023-10-20,9813
5371,中光電,11,0,11,元大-八德,2023-10-20,9813
5522,遠雄,10,0,10,元大-八德,2023-10-20,9813
5469,瀚宇博,10,0,10,元大-八德,2023-10-20,9813
00923,群益台ESG低碳50,10,0,10,元大-八德,2023-10-20,9813
00933B,國泰10Y+金融債,10,0,10,元大-八德,2023-10-20,9813
3058,立德,10,0,10,元大-八德,2023-10-20,9813
3346,麗清,10,0,10,元大-八德,2023-10-20,9813
3714,富采,10,0,10,元大-八德,2023-10-20,9813
6456,GIS-KY,10,0,10,元大-八德,2023-10-20,9813
2486,一詮,14,5,9,元大-八德,2023-10-20,9813
2834,臺企銀,9,0,9,元大-八德,2023-10-20,9813
2891,中信金,113,0,113,元大-八德,2023-10-23,9813
00929,復華台灣科技優息,110,1,109,元大-八德,2023-10-23,9813
00712,復華富時不動產,51,0,51,元大-八德,2023-10-23,9813
6443,元晶,52,2,50,元大-八德,2023-10-23,9813
00679B,元大美債20年,41,0,41,元大-八德,2023-10-23,9813
00751B,元大AAA至A公司債,47,8,39,元大-八德,2023-10-23,9813
8222,寶一,38,2,36,元大-八德,2023-10-23,9813
2882,國泰金,31,0,31,元大-八德,2023-10-23,9813
00719B,元大美債1-3,30,0,30,元大-八德,2023-10-23,9813
00720B,元大投資級公司債,29,0,29,元大-八德,2023-10-23,9813
00764B,群益25年美債,26,0,26,元大-八德,2023-10-23,9813
00795B,中信美國公債20年,26,0,26,元大-八德,2023-10-23,9813
00919,群益台灣精選高息,27,1,26,元大-八德,2023-10-23,9813
2401,凌陽,33,11,22,元大-八德,2023-10-23,9813
3481,群創,20,0,20,元大-八德,2023-10-23,9813
00722B,群益投資級電信債,20,0,20,元大-八德,2023-10-23,9813
2408,南亞科,20,0,20,元大-八德,2023-10-23,9813
2301,光寶科,25,6,19,元大-八德,2023-10-23,9813
2881,富邦金,18,0,18,元大-八德,2023-10-23,9813
00687B,國泰20年美債,17,0,17,元大-八德,2023-10-23,9813
2317,鴻海,21,5,16,元大-八德,2023-10-23,9813
5880,合庫金,15,0,15,元大-八德,2023-10-23,9813
2457,飛宏,15,0,15,元大-八德,2023-10-23,9813
2634,漢翔,20,5,15,元大-八德,2023-10-23,9813
3234,光環,16,1,15,元大-八德,2023-10-23,9813
00888,永豐台灣ESG,14,0,14,元大-八德,2023-10-23,9813
2409,友達,14,0,14,元大-八德,2023-10-23,9813
2887,台新金,14,0,14,元大-八德,2023-10-23,9813
0056,元大高股息,15,1,14,元大-八德,2023-10-23,9813
00680L,元大美債20正2,12,0,12,元大-八德,2023-10-23,9813
00878,國泰永續高股息,15,4,11,元大-八德,2023-10-23,9813
2449,京元電子,14,3,11,元大-八德,2023-10-23,9813
4960,誠美材,12,1,11,元大-八德,2023-10-23,9813
6213,聯茂,11,0,11,元大-八德,2023-10-23,9813
6290,良維,13,2,11,元大-八德,2023-10-23,9813
00772B,中信高評級公司債,10,0,10,元大-八德,2023-10-23,9813
00724B,群益投資級金融債,10,0,10,元大-八德,2023-10-23,9813
00642U,期元大S＆P石油,10,0,10,元大-八德,2023-10-23,9813
1316,上曜,10,0,10,元大-八德,2023-10-23,9813
4533,協易機,10,0,10,元大-八德,2023-10-23,9813
6494,九齊,10,0,10,元大-八德,2023-10-23,9813
6757,台灣虎航,10,0,10,元大-八德,2023-10-23,9813
2605,新興,11,2,9,元大-八德,2023-10-23,9813
00932,兆豐永續高息等權,8,0,8,元大-八德,2023-10-23,9813
1714,和桐,7,0,7,元大-八德,2023-10-23,9813
6233,旺玖,7,0,7,元大-八德,2023-10-23,9813
00631L,元大台灣50正2,6,0,6,元大-八德,2023-10-23,9813
2607,榮運,6,0,6,元大-八德,2023-10-23,9813
6187,萬潤,6,0,6,元大-八德,2023-10-23,9813
6417,韋僑,6,0,6,元大-八德,2023-10-23,9813
2881,富邦金,206,1,205,元大-八德,2023-10-24,9813
2882,國泰金,140,0,140,元大-八德,2023-10-24,9813
3704,合勤控,141,6,135,元大-八德,2023-10-24,9813
2382,廣達,76,8,68,元大-八德,2023-10-24,9813
2317,鴻海,79,26,53,元大-八德,2023-10-24,9813
00712,復華富時不動產,46,0,46,元大-八德,2023-10-24,9813
2376,技嘉,47,10,37,元大-八德,2023-10-24,9813
1815,富喬,32,1,31,元大-八德,2023-10-24,9813
00719B,元大美債1-3,30,0,30,元大-八德,2023-10-24,9813
2305,全友,30,3,27,元大-八德,2023-10-24,9813
2892,第一金,23,0,23,元大-八德,2023-10-24,9813
6274,台燿,32,10,22,元大-八德,2023-10-24,9813
2458,義隆,20,0,20,元大-八德,2023-10-24,9813
4944,兆遠,20,0,20,元大-八德,2023-10-24,9813
00929,復華台灣科技優息,23,6,17,元大-八德,2023-10-24,9813
2883,凱基金,18,2,16,元大-八德,2023-10-24,9813
2605,新興,16,1,15,元大-八德,2023-10-24,9813
6213,聯茂,22,7,15,元大-八德,2023-10-24,9813
2887,台新金,14,0,14,元大-八德,2023-10-24,9813
3715,定穎投控,32,19,13,元大-八德,2023-10-24,9813
9105,泰金寶-DR,13,0,13,元大-八德,2023-10-24,9813
2891,中信金,12,0,12,元大-八德,2023-10-24,9813
5521,工信,11,0,11,元大-八德,2023-10-24,9813
2002,中鋼,14,4,10,元大-八德,2023-10-24,9813
1605,華新,10,0,10,元大-八德,2023-10-24,9813
2399,映泰,10,0,10,元大-八德,2023-10-24,9813
2705,六福,10,0,10,元大-八德,2023-10-24,9813
3706,神達,11,1,10,元大-八德,2023-10-24,9813
8050,廣積,10,0,10,元大-八德,2023-10-24,9813
00878,國泰永續高股息,11,2,9,元大-八德,2023-10-24,9813
3260,威剛,12,3,9,元大-八德,2023-10-24,9813
3313,斐成,8,0,8,元大-八德,2023-10-24,9813
6197,佳必琪,11,3,8,元大-八德,2023-10-24,9813
3481,群創,21,13,8,元大-八德,2023-10-24,9813
3189,景碩,7,0,7,元大-八德,2023-10-24,9813
1101,台泥,7,0,7,元大-八德,2023-10-24,9813
00640L,富邦日本正2,7,0,7,元大-八德,2023-10-24,9813
2352,佳世達,7,0,7,元大-八德,2023-10-24,9813
4128,中天,9,2,7,元大-八德,2023-10-24,9813
6187,萬潤,7,0,7,元大-八德,2023-10-24,9813
2834,臺企銀,7,0,7,元大-八德,2023-10-24,9813
00900,富邦特選高股息30,6,0,6,元大-八德,2023-10-24,9813
2436,偉詮電,6,0,6,元大-八德,2023-10-24,9813
4960,誠美材,21,15,6,元大-八德,2023-10-24,9813
00752,中信中國50,5,0,5,元大-八德,2023-10-24,9813
00922,國泰台灣領袖50,5,0,5,元大-八德,2023-10-24,9813
00915,凱基優選高股息30,5,0,5,元大-八德,2023-10-24,9813
1444,力麗,5,0,5,元大-八德,2023-10-24,9813
00902,中信電池及儲能,5,0,5,元大-八德,2023-10-24,9813
1904,正隆,5,0,5,元大-八德,2023-10-24,9813
00650L,復華香港正2,308,0,308,元大-八德,2023-10-25,9813
2515,中工,200,15,185,元大-八德,2023-10-25,9813
2891,中信金,102,0,102,元大-八德,2023-10-25,9813
2388,威盛,84,15,69,元大-八德,2023-10-25,9813
2462,良得電,56,0,56,元大-八德,2023-10-25,9813
00712,復華富時不動產,30,0,30,元大-八德,2023-10-25,9813
00725B,國泰投資級公司債,30,0,30,元大-八德,2023-10-25,9813
6134,萬旭,27,0,27,元大-八德,2023-10-25,9813
2329,華泰,28,2,26,元大-八德,2023-10-25,9813
3450,聯鈞,37,11,26,元大-八德,2023-10-25,9813
00931B,統一美債20年,24,0,24,元大-八德,2023-10-25,9813
2881,富邦金,22,1,21,元大-八德,2023-10-25,9813
00719B,元大美債1-3,20,0,20,元大-八德,2023-10-25,9813
020023,元大櫃買半導體N,20,0,20,元大-八德,2023-10-25,9813
5258,虹堡,37,17,20,元大-八德,2023-10-25,9813
5706,鳳凰,20,1,19,元大-八德,2023-10-25,9813
6282,康舒,19,5,14,元大-八德,2023-10-25,9813
2618,長榮航,13,1,12,元大-八德,2023-10-25,9813
3481,群創,22,10,12,元大-八德,2023-10-25,9813
2313,華通,22,10,12,元大-八德,2023-10-25,9813
00929,復華台灣科技優息,12,0,12,元大-八德,2023-10-25,9813
2337,旺宏,17,6,11,元大-八德,2023-10-25,9813
2885,元大金,11,0,11,元大-八德,2023-10-25,9813
2883,凱基金,11,0,11,元大-八德,2023-10-25,9813
00642U,期元大S＆P石油,10,0,10,元大-八德,2023-10-25,9813
00632R,元大台灣50反1,10,0,10,元大-八德,2023-10-25,9813
4906,正文,10,0,10,元大-八德,2023-10-25,9813
5011,久陽,10,0,10,元大-八德,2023-10-25,9813
6276,安鈦克,10,0,10,元大-八德,2023-10-25,9813
2317,鴻海,11,2,9,元大-八德,2023-10-25,9813
3163,波若威,13,4,9,元大-八德,2023-10-25,9813
1303,南亞,9,1,8,元大-八德,2023-10-25,9813
2312,金寶,10,2,8,元大-八德,2023-10-25,9813
2402,毅嘉,13,5,8,元大-八德,2023-10-25,9813
2634,漢翔,13,5,8,元大-八德,2023-10-25,9813
9103,美德醫療-DR,8,0,8,元大-八德,2023-10-25,9813
00687B,國泰20年美債,7,0,7,元大-八德,2023-10-25,9813
00902,中信電池及儲能,7,0,7,元大-八德,2023-10-25,9813
2408,南亞科,7,0,7,元大-八德,2023-10-25,9813
2801,彰銀,7,0,7,元大-八德,2023-10-25,9813
3443,創意,8,1,7,元大-八德,2023-10-25,9813
6139,亞翔,9,2,7,元大-八德,2023-10-25,9813
6274,台燿,11,4,7,元大-八德,2023-10-25,9813
0056,元大高股息,10,4,6,元大-八德,2023-10-25,9813
00891,中信關鍵半導體,6,0,6,元大-八德,2023-10-25,9813
00751B,元大AAA至A公司債,6,0,6,元大-八德,2023-10-25,9813
2356,英業達,7,1,6,元大-八德,2023-10-25,9813
2637,慧洋-KY,8,2,6,元大-八德,2023-10-25,9813
6168,宏齊,6,0,6,元大-八德,2023-10-25,9813
2884,玉山金,6,1,5,元大-八德,2023-10-25,9813
00650L,復華香港正2,297,3,294,元大-八德,2023-10-26,9813
2303,聯電,171,20,151,元大-八德,2023-10-26,9813
2492,華新科,60,0,60,元大-八德,2023-10-26,9813
00929,復華台灣科技優息,85,28,57,元大-八德,2023-10-26,9813
00751B,元大AAA至A公司債,54,0,54,元大-八德,2023-10-26,9813
00719B,元大美債1-3,54,0,54,元大-八德,2023-10-26,9813
00878,國泰永續高股息,47,3,44,元大-八德,2023-10-26,9813
00922,國泰台灣領袖50,32,0,32,元大-八德,2023-10-26,9813
2883,凱基金,31,0,31,元大-八德,2023-10-26,9813
9958,世紀鋼,27,2,25,元大-八德,2023-10-26,9813
00679B,元大美債20年,22,1,21,元大-八德,2023-10-26,9813
2382,廣達,27,7,20,元大-八德,2023-10-26,9813
2887,台新金,20,0,20,元大-八德,2023-10-26,9813
2330,台積電,26,6,20,元大-八德,2023-10-26,9813
1301,台塑,18,0,18,元大-八德,2023-10-26,9813
00712,復華富時不動產,17,0,17,元大-八德,2023-10-26,9813
00919,群益台灣精選高息,16,1,15,元大-八德,2023-10-26,9813
020023,元大櫃買半導體N,15,0,15,元大-八德,2023-10-26,9813
2337,旺宏,15,0,15,元大-八德,2023-10-26,9813
3231,緯創,52,38,14,元大-八德,2023-10-26,9813
02001L,富邦蘋果正二N,14,0,14,元大-八德,2023-10-26,9813
1721,三晃,47,33,14,元大-八德,2023-10-26,9813
0050,元大台灣50,14,0,14,元大-八德,2023-10-26,9813
2301,光寶科,14,1,13,元大-八德,2023-10-26,9813
3006,晶豪科,15,3,12,元大-八德,2023-10-26,9813
00631L,元大台灣50正2,12,0,12,元大-八德,2023-10-26,9813
1815,富喬,29,17,12,元大-八德,2023-10-26,9813
2344,華邦電,11,0,11,元大-八德,2023-10-26,9813
2368,金像電,11,1,10,元大-八德,2023-10-26,9813
2888,新光金,12,2,10,元大-八德,2023-10-26,9813
8092,建暐,10,0,10,元大-八德,2023-10-26,9813
8215,明基材,10,0,10,元大-八德,2023-10-26,9813
3023,信邦,11,1,10,元大-八德,2023-10-26,9813
6438,迅得,10,1,9,元大-八德,2023-10-26,9813
2408,南亞科,9,0,9,元大-八德,2023-10-26,9813
3163,波若威,12,3,9,元大-八德,2023-10-26,9813
2486,一詮,10,2,8,元大-八德,2023-10-26,9813
8150,南茂,10,2,8,元大-八德,2023-10-26,9813
6531,愛普*,8,0,8,元大-八德,2023-10-26,9813
2436,偉詮電,7,0,7,元大-八德,2023-10-26,9813
2308,台達電,7,0,7,元大-八德,2023-10-26,9813
00900,富邦特選高股息30,7,0,7,元大-八德,2023-10-26,9813
1514,亞力,9,2,7,元大-八德,2023-10-26,9813
2002,中鋼,12,5,7,元大-八德,2023-10-26,9813
2515,中工,8,1,7,元大-八德,2023-10-26,9813
6257,矽格,10,3,7,元大-八德,2023-10-26,9813
6443,元晶,7,0,7,元大-八德,2023-10-26,9813
6830,汎銓,7,0,7,元大-八德,2023-10-26,9813
2498,宏達電,6,0,6,元大-八德,2023-10-26,9813
00680L,元大美債20正2,6,0,6,元大-八德,2023-10-26,9813
00632R,元大台灣50反1,545,3,542,元大-八德,2023-10-27,9813
2515,中工,200,1,199,元大-八德,2023-10-27,9813
00919,群益台灣精選高息,180,0,180,元大-八德,2023-10-27,9813
2610,華航,165,13,152,元大-八德,2023-10-27,9813
00706L,期元大S＆P日圓正2,148,0,148,元大-八德,2023-10-27,9813
8085,福華,134,0,134,元大-八德,2023-10-27,9813
00878,國泰永續高股息,107,11,96,元大-八德,2023-10-27,9813
00931B,統一美債20年,81,0,81,元大-八德,2023-10-27,9813
00929,復華台灣科技優息,76,3,73,元大-八德,2023-10-27,9813
00719B,元大美債1-3,68,0,68,元大-八德,2023-10-27,9813
2388,威盛,70,4,66,元大-八德,2023-10-27,9813
2382,廣達,45,8,37,元大-八德,2023-10-27,9813
3715,定穎投控,59,25,34,元大-八德,2023-10-27,9813
00712,復華富時不動產,29,0,29,元大-八德,2023-10-27,9813
3704,合勤控,35,8,27,元大-八德,2023-10-27,9813
2885,元大金,26,1,25,元大-八德,2023-10-27,9813
5522,遠雄,20,0,20,元大-八德,2023-10-27,9813
6274,台燿,22,3,19,元大-八德,2023-10-27,9813
4979,華星光,26,7,19,元大-八德,2023-10-27,9813
2356,英業達,18,1,17,元大-八德,2023-10-27,9813
3163,波若威,16,1,15,元大-八德,2023-10-27,9813
2408,南亞科,13,0,13,元大-八德,2023-10-27,9813
2337,旺宏,12,0,12,元大-八德,2023-10-27,9813
00679B,元大美債20年,13,2,11,元大-八德,2023-10-27,9813
1504,東元,11,0,11,元大-八德,2023-10-27,9813
2353,宏��,11,0,11,元大-八德,2023-10-27,9813
00933B,國泰10Y+金融債,10,0,10,元大-八德,2023-10-27,9813
2363,矽統,13,3,10,元大-八德,2023-10-27,9813
3014,聯陽,10,0,10,元大-八德,2023-10-27,9813
3260,威剛,19,9,10,元大-八德,2023-10-27,9813
5289,宜鼎,10,0,10,元大-八德,2023-10-27,9813
00751B,元大AAA至A公司債,9,0,9,元大-八德,2023-10-27,9813
1303,南亞,8,0,8,元大-八德,2023-10-27,9813
3025,星通,10,2,8,元大-八德,2023-10-27,9813
2317,鴻海,9,1,8,元大-八德,2023-10-27,9813
3006,晶豪科,9,2,7,元大-八德,2023-10-27,9813
2201,裕隆,6,0,6,元大-八德,2023-10-27,9813
2615,萬海,6,0,6,元大-八德,2023-10-27,9813
2454,聯發科,10,5,5,元大-八德,2023-10-27,9813
1316,上曜,5,0,5,元大-八德,2023-10-27,9813
1444,力麗,5,0,5,元大-八德,2023-10-27,9813
1503,士電,5,0,5,元大-八德,2023-10-27,9813
2486,一詮,7,2,5,元大-八德,2023-10-27,9813
3171,炎洲流通,5,0,5,元大-八德,2023-10-27,9813
3207,耀勝,5,0,5,元大-八德,2023-10-27,9813
4142,國光生,5,0,5,元大-八德,2023-10-27,9813
5488,松普,5,0,5,元大-八德,2023-10-27,9813
6282,康舒,5,0,5,元大-八德,2023-10-27,9813
8176,智捷,5,0,5,元大-八德,2023-10-27,9813
6531,愛普*,7,2,5,元大-八德,2023-10-27,9813
2303,聯電,207,6,201,元大-八德,2023-10-30,9813
00919,群益台灣精選高息,200,3,197,元大-八德,2023-10-30,9813
6443,元晶,202,54,148,元大-八德,2023-10-30,9813
2317,鴻海,138,62,76,元大-八德,2023-10-30,9813
00719B,元大美債1-3,51,0,51,元大-八德,2023-10-30,9813
2313,華通,50,0,50,元大-八德,2023-10-30,9813
00706L,期元大S＆P日圓正2,46,0,46,元大-八德,2023-10-30,9813
6414,樺漢,30,0,30,元大-八德,2023-10-30,9813
3483,力致,30,3,27,元大-八德,2023-10-30,9813
4958,臻鼎-KY,26,3,23,元大-八德,2023-10-30,9813
2887,台新金,24,3,21,元大-八德,2023-10-30,9813
1815,富喬,21,2,19,元大-八德,2023-10-30,9813
00878,國泰永續高股息,16,0,16,元大-八德,2023-10-30,9813
2536,宏普,15,0,15,元大-八德,2023-10-30,9813
2885,元大金,15,0,15,元大-八德,2023-10-30,9813
00687B,國泰20年美債,12,0,12,元大-八德,2023-10-30,9813
3266,昇陽,12,0,12,元大-八德,2023-10-30,9813
00712,復華富時不動產,42,30,12,元大-八德,2023-10-30,9813
00720B,元大投資級公司債,26,15,11,元大-八德,2023-10-30,9813
00751B,元大AAA至A公司債,21,10,11,元大-八德,2023-10-30,9813
00931B,統一美債20年,11,0,11,元大-八德,2023-10-30,9813
2618,長榮航,11,0,11,元大-八德,2023-10-30,9813
2867,三商壽,11,0,11,元大-八德,2023-10-30,9813
4123,晟德,11,0,11,元大-八德,2023-10-30,9813
4162,智擎,11,1,10,元大-八德,2023-10-30,9813
00632R,元大台灣50反1,10,0,10,元大-八德,2023-10-30,9813
2748,雲品,10,0,10,元大-八德,2023-10-30,9813
5880,合庫金,11,1,10,元大-八德,2023-10-30,9813
2880,華南金,9,0,9,元大-八德,2023-10-30,9813
5351,鈺創,12,3,9,元大-八德,2023-10-30,9813
2059,川湖,9,1,8,元大-八德,2023-10-30,9813
00722B,群益投資級電信債,7,0,7,元大-八德,2023-10-30,9813
2337,旺宏,7,0,7,元大-八德,2023-10-30,9813
00933B,國泰10Y+金融債,7,0,7,元大-八德,2023-10-30,9813
1455,集盛,7,0,7,元大-八德,2023-10-30,9813
1609,大亞,7,0,7,元大-八德,2023-10-30,9813
6477,安集,7,0,7,元大-八德,2023-10-30,9813
2330,台積電,10,4,6,元大-八德,2023-10-30,9813
2882,國泰金,6,0,6,元大-八德,2023-10-30,9813
00764B,群益25年美債,6,0,6,元大-八德,2023-10-30,9813
2408,南亞科,6,0,6,元大-八德,2023-10-30,9813
2816,旺旺保,17,11,6,元大-八德,2023-10-30,9813
4960,誠美材,6,1,5,元大-八德,2023-10-30,9813
2308,台達電,5,0,5,元大-八德,2023-10-30,9813
00725B,國泰投資級公司債,5,0,5,元大-八德,2023-10-30,9813
0056,元大高股息,5,0,5,元大-八德,2023-10-30,9813
00857B,永豐20年美公債,5,0,5,元大-八德,2023-10-30,9813
00780B,國泰A級金融債,5,0,5,元大-八德,2023-10-30,9813
00773B,中信優先金融債,5,0,5,元大-八德,2023-10-30,9813
00772B,中信高評級公司債,5,0,5,元大-八德,2023-10-30,9813
00706L,期元大S＆P日圓正2,206,0,206,元大-八德,2023-10-31,9813
00650L,復華香港正2,198,0,198,元大-八德,2023-10-31,9813
00919,群益台灣精選高息,175,0,175,元大-八德,2023-10-31,9813
2303,聯電,107,6,101,元大-八德,2023-10-31,9813
00878,國泰永續高股息,56,0,56,元大-八德,2023-10-31,9813
00632R,元大台灣50反1,60,11,49,元大-八德,2023-10-31,9813
1540,喬福,39,0,39,元大-八德,2023-10-31,9813
2867,三商壽,39,0,39,元大-八德,2023-10-31,9813
2382,廣達,79,41,38,元大-八德,2023-10-31,9813
00929,復華台灣科技優息,37,2,35,元大-八德,2023-10-31,9813
9958,世紀鋼,34,0,34,元大-八德,2023-10-31,9813
3483,力致,48,15,33,元大-八德,2023-10-31,9813
8110,華東,35,6,29,元大-八德,2023-10-31,9813
2887,台新金,28,0,28,元大-八德,2023-10-31,9813
2486,一詮,30,4,26,元大-八德,2023-10-31,9813
0056,元大高股息,28,2,26,元大-八德,2023-10-31,9813
2363,矽統,26,1,25,元大-八德,2023-10-31,9813
2344,華邦電,24,0,24,元大-八德,2023-10-31,9813
2485,兆赫,27,5,22,元大-八德,2023-10-31,9813
2891,中信金,21,0,21,元大-八德,2023-10-31,9813
00712,復華富時不動產,20,0,20,元大-八德,2023-10-31,9813
3231,緯創,35,15,20,元大-八德,2023-10-31,9813
3094,聯傑,44,25,19,元大-八德,2023-10-31,9813
00720B,元大投資級公司債,36,20,16,元大-八德,2023-10-31,9813
2337,旺宏,16,0,16,元大-八德,2023-10-31,9813
6202,盛群,15,0,15,元大-八德,2023-10-31,9813
6285,啟��,15,0,15,元大-八德,2023-10-31,9813
4306,炎洲,16,2,14,元大-八德,2023-10-31,9813
1471,首利,13,0,13,元大-八德,2023-10-31,9813
00642U,期元大S＆P石油,12,0,12,元大-八德,2023-10-31,9813
00751B,元大AAA至A公司債,22,10,12,元大-八德,2023-10-31,9813
4123,晟德,12,0,12,元大-八德,2023-10-31,9813
8092,建暐,12,0,12,元大-八德,2023-10-31,9813
2885,元大金,12,1,11,元大-八德,2023-10-31,9813
3576,聯合再生,14,4,10,元大-八德,2023-10-31,9813
1301,台塑,10,0,10,元大-八德,2023-10-31,9813
1460,宏遠,10,0,10,元大-八德,2023-10-31,9813
1795,美時,10,0,10,元大-八德,2023-10-31,9813
2516,新建,10,0,10,元大-八德,2023-10-31,9813
2852,第一保,10,0,10,元大-八德,2023-10-31,9813
3171,炎洲流通,10,0,10,元大-八德,2023-10-31,9813
3372,典範,10,0,10,元大-八德,2023-10-31,9813
6133,金橋,10,0,10,元大-八德,2023-10-31,9813
6165,浪凡,10,0,10,元大-八德,2023-10-31,9813
6276,安鈦克,10,0,10,元大-八德,2023-10-31,9813
5522,遠雄,10,0,10,元大-八德,2023-10-31,9813
1568,倉佑,10,0,10,元大-八德,2023-10-31,9813
3527,聚積,9,0,9,元大-八德,2023-10-31,9813
6168,宏齊,12,3,9,元大-八德,2023-10-31,9813
02001L,富邦蘋果正二N,8,0,8,元大-八德,2023-10-31,9813
00706L,期元大S＆P日圓正2,100,0,100,元大-八德,2023-11-01,9813
00679B,元大美債20年,62,0,62,元大-八德,2023-11-01,9813
00632R,元大台灣50反1,50,0,50,元大-八德,2023-11-01,9813
3322,建舜電,53,7,46,元大-八德,2023-11-01,9813
00934,中信成長高股息,42,0,42,元大-八德,2023-11-01,9813
00878,國泰永續高股息,45,4,41,元大-八德,2023-11-01,9813
9958,世紀鋼,102,74,28,元大-八德,2023-11-01,9813
00929,復華台灣科技優息,22,0,22,元大-八德,2023-11-01,9813
00753L,中信中國50正2,20,0,20,元大-八德,2023-11-01,9813
1815,富喬,21,1,20,元大-八德,2023-11-01,9813
3176,基亞,19,1,18,元大-八德,2023-11-01,9813
2367,燿華,20,2,18,元大-八德,2023-11-01,9813
2059,川湖,17,0,17,元大-八德,2023-11-01,9813
0056,元大高股息,17,1,16,元大-八德,2023-11-01,9813
00935,野村臺灣新科技50,16,0,16,元大-八德,2023-11-01,9813
4915,致伸,13,0,13,元大-八德,2023-11-01,9813
00642U,期元大S＆P石油,12,0,12,元大-八德,2023-11-01,9813
2401,凌陽,12,0,12,元大-八德,2023-11-01,9813
00764B,群益25年美債,11,0,11,元大-八德,2023-11-01,9813
2317,鴻海,15,5,10,元大-八德,2023-11-01,9813
00919,群益台灣精選高息,13,2,11,元大-八德,2023-11-01,9813
5289,宜鼎,19,9,10,元大-八德,2023-11-01,9813
2313,華通,10,0,10,元大-八德,2023-11-01,9813
3346,麗清,10,0,10,元大-八德,2023-11-01,9813
3714,富采,11,1,10,元大-八德,2023-11-01,9813
2344,華邦電,10,0,10,元大-八德,2023-11-01,9813
00687B,國泰20年美債,9,0,9,元大-八德,2023-11-01,9813
4958,臻鼎-KY,11,2,9,元大-八德,2023-11-01,9813
6443,元晶,9,0,9,元大-八德,2023-11-01,9813
6488,環球晶,14,5,9,元大-八德,2023-11-01,9813
00751B,元大AAA至A公司債,13,5,8,元大-八德,2023-11-01,9813
00885,富邦越南,8,0,8,元大-八德,2023-11-01,9813
2457,飛宏,17,9,8,元大-八德,2023-11-01,9813
3231,緯創,24,16,8,元大-八德,2023-11-01,9813
1504,東元,7,0,7,元大-八德,2023-11-01,9813
3207,耀勝,9,2,7,元大-八德,2023-11-01,9813
3548,兆利,17,10,7,元大-八德,2023-11-01,9813
3035,智原,11,5,6,元大-八德,2023-11-01,9813
00696B,富邦美債20年,6,0,6,元大-八德,2023-11-01,9813
00772B,中信高評級公司債,5,0,5,元大-八德,2023-11-01,9813
1444,力麗,5,0,5,元大-八德,2023-11-01,9813
00891,中信關鍵半導體,5,0,5,元大-八德,2023-11-01,9813
2233,宇隆,5,0,5,元大-八德,2023-11-01,9813
2352,佳世達,5,0,5,元大-八德,2023-11-01,9813
2535,達欣工,5,0,5,元大-八德,2023-11-01,9813
2617,台航,5,0,5,元大-八德,2023-11-01,9813
2889,國票金,5,0,5,元大-八德,2023-11-01,9813
4108,懷特,5,0,5,元大-八德,2023-11-01,9813
6202,盛群,5,0,5,元大-八德,2023-11-01,9813
3481,群創,5,1,4,元大-八德,2023-11-01,9813
00632R,元大台灣50反1,266,0,266,元大-八德,2023-11-02,9813
1444,力麗,185,1,184,元大-八德,2023-11-02,9813
6603,富強鑫,89,0,89,元大-八德,2023-11-02,9813
2317,鴻海,59,5,54,元大-八德,2023-11-02,9813
6139,亞翔,57,5,52,元大-八德,2023-11-02,9813
2454,聯發科,52,4,48,元大-八德,2023-11-02,9813
00637L,元大滬深300正2,100,52,48,元大-八德,2023-11-02,9813
00919,群益台灣精選高息,50,3,47,元大-八德,2023-11-02,9813
3260,威剛,40,1,39,元大-八德,2023-11-02,9813
2885,元大金,37,1,36,元大-八德,2023-11-02,9813
3376,新日興,35,1,34,元大-八德,2023-11-02,9813
2618,長榮航,53,20,33,元大-八德,2023-11-02,9813
5258,虹堡,67,37,30,元大-八德,2023-11-02,9813
00934,中信成長高股息,29,1,28,元大-八德,2023-11-02,9813
5521,工信,30,8,22,元大-八德,2023-11-02,9813
00720B,元大投資級公司債,18,0,18,元大-八德,2023-11-02,9813
4167,松瑞藥,17,0,17,元大-八德,2023-11-02,9813
2356,英業達,24,8,16,元大-八德,2023-11-02,9813
2337,旺宏,20,4,16,元大-八德,2023-11-02,9813
020023,元大櫃買半導體N,15,0,15,元大-八德,2023-11-02,9813
2409,友達,25,10,15,元大-八德,2023-11-02,9813
2485,兆赫,18,4,14,元大-八德,2023-11-02,9813
1795,美時,12,0,12,元大-八德,2023-11-02,9813
00753L,中信中國50正2,11,0,11,元大-八德,2023-11-02,9813
00687B,國泰20年美債,11,0,11,元大-八德,2023-11-02,9813
3548,兆利,14,3,11,元大-八德,2023-11-02,9813
2348,海悅,10,0,10,元大-八德,2023-11-02,9813
1316,上曜,10,0,10,元大-八德,2023-11-02,9813
00933B,國泰10Y+金融債,10,0,10,元大-八德,2023-11-02,9813
00722B,群益投資級電信債,10,0,10,元大-八德,2023-11-02,9813
1603,華電,10,0,10,元大-八德,2023-11-02,9813
2852,第一保,10,0,10,元大-八德,2023-11-02,9813
00922,國泰台灣領袖50,10,1,9,元大-八德,2023-11-02,9813
5009,榮剛,10,1,9,元大-八德,2023-11-02,9813
00900,富邦特選高股息30,10,1,9,元大-八德,2023-11-02,9813
1540,喬福,8,0,8,元大-八德,2023-11-02,9813
6235,華孚,13,5,8,元大-八德,2023-11-02,9813
3443,創意,8,0,8,元大-八德,2023-11-02,9813
00751B,元大AAA至A公司債,8,1,7,元大-八德,2023-11-02,9813
3078,僑威,7,0,7,元大-八德,2023-11-02,9813
2376,技嘉,18,11,7,元大-八德,2023-11-02,9813
6274,台燿,92,85,7,元大-八德,2023-11-02,9813
1452,宏益,6,0,6,元大-八德,2023-11-02,9813
2402,毅嘉,7,1,6,元大-八德,2023-11-02,9813
5315,光聯,6,0,6,元大-八德,2023-11-02,9813
5452,佶優,6,0,6,元大-八德,2023-11-02,9813
5465,富驊,7,1,6,元大-八德,2023-11-02,9813
6165,浪凡,6,0,6,元大-八德,2023-11-02,9813
1218,泰山,5,0,5,元大-八德,2023-11-02,9813
02002L,兆豐富櫃200正二N,5,0,5,元大-八德,2023-11-02,9813
6274,台燿,193,8,185,元大-八德,2023-11-03,9813
00632R,元大台灣50反1,112,0,112,元大-八德,2023-11-03,9813
00706L,期元大S＆P日圓正2,101,0,101,元大-八德,2023-11-03,9813
1802,台玻,60,0,60,元大-八德,2023-11-03,9813
6285,啟��,55,1,54,元大-八德,2023-11-03,9813
2382,廣達,54,5,49,元大-八德,2023-11-03,9813
00878,國泰永續高股息,44,1,43,元大-八德,2023-11-03,9813
2029,盛餘,42,0,42,元大-八德,2023-11-03,9813
00934,中信成長高股息,41,2,39,元大-八德,2023-11-03,9813
2363,矽統,93,54,39,元大-八德,2023-11-03,9813
6531,愛普*,40,15,25,元大-八德,2023-11-03,9813
00753L,中信中國50正2,20,0,20,元大-八德,2023-11-03,9813
2317,鴻海,24,4,20,元大-八德,2023-11-03,9813
02002L,兆豐富櫃200正二N,15,0,15,元大-八德,2023-11-03,9813
020023,元大櫃買半導體N,15,0,15,元大-八德,2023-11-03,9813
6456,GIS-KY,15,0,15,元大-八德,2023-11-03,9813
2353,宏��,13,0,13,元大-八德,2023-11-03,9813
00679B,元大美債20年,15,3,12,元大-八德,2023-11-03,9813
1529,樂事綠能,11,0,11,元大-八德,2023-11-03,9813
3035,智原,14,3,11,元大-八德,2023-11-03,9813
00905,FT臺灣Smart,10,0,10,元大-八德,2023-11-03,9813
00931B,統一美債20年,10,0,10,元大-八德,2023-11-03,9813
00933B,國泰10Y+金融債,10,0,10,元大-八德,2023-11-03,9813
2816,旺旺保,34,24,10,元大-八德,2023-11-03,9813
3163,波若威,12,2,10,元大-八德,2023-11-03,9813
3380,明泰,10,0,10,元大-八德,2023-11-03,9813
6165,浪凡,10,0,10,元大-八德,2023-11-03,9813
6216,居易,10,0,10,元大-八德,2023-11-03,9813
00932,兆豐永續高息等權,9,0,9,元大-八德,2023-11-03,9813
3058,立德,9,0,9,元大-八德,2023-11-03,9813
3234,光環,9,0,9,元大-八德,2023-11-03,9813
3260,威剛,12,3,9,元大-八德,2023-11-03,9813
2458,義隆,8,0,8,元大-八德,2023-11-03,9813
8150,南茂,15,8,7,元大-八德,2023-11-03,9813
1524,耿鼎,17,10,7,元大-八德,2023-11-03,9813
4128,中天,6,0,6,元大-八德,2023-11-03,9813
2376,技嘉,14,8,6,元大-八德,2023-11-03,9813
3322,建舜電,9,3,6,元大-八德,2023-11-03,9813
3707,漢磊,11,5,6,元大-八德,2023-11-03,9813
00795B,中信美國公債20年,5,0,5,元大-八德,2023-11-03,9813
00772B,中信高評級公司債,5,0,5,元大-八德,2023-11-03,9813
00751B,元大AAA至A公司債,7,2,5,元大-八德,2023-11-03,9813
2498,宏達電,14,9,5,元大-八德,2023-11-03,9813
2601,益航,5,0,5,元大-八德,2023-11-03,9813
3014,聯陽,5,0,5,元大-八德,2023-11-03,9813
4167,松瑞藥,5,0,5,元大-八德,2023-11-03,9813
6111,大宇資,5,0,5,元大-八德,2023-11-03,9813
6706,惠特,5,0,5,元大-八德,2023-11-03,9813
9933,中鼎,5,0,5,元大-八德,2023-11-03,9813
2313,華通,34,30,4,元大-八德,2023-11-03,9813
3535,晶彩科,193,0,193,元大-八德,2023-11-06,9813
00680L,元大美債20正2,135,0,135,元大-八德,2023-11-06,9813
3390,旭軟,57,1,56,元大-八德,2023-11-06,9813
00687B,國泰20年美債,44,0,44,元大-八德,2023-11-06,9813
2618,長榮航,51,19,32,元大-八德,2023-11-06,9813
1210,大成,31,1,30,元大-八德,2023-11-06,9813
00929,復華台灣科技優息,36,12,24,元大-八德,2023-11-06,9813
2891,中信金,26,4,22,元大-八德,2023-11-06,9813
00720B,元大投資級公司債,17,0,17,元大-八德,2023-11-06,9813
00632R,元大台灣50反1,17,0,17,元大-八德,2023-11-06,9813
3266,昇陽,15,0,15,元大-八德,2023-11-06,9813
6843,進典,15,0,15,元大-八德,2023-11-06,9813
2885,元大金,15,1,14,元大-八德,2023-11-06,9813
00922,國泰台灣領袖50,12,0,12,元大-八德,2023-11-06,9813
6531,愛普*,21,9,12,元大-八德,2023-11-06,9813
3231,緯創,26,15,11,元大-八德,2023-11-06,9813
9921,巨大,11,0,11,元大-八德,2023-11-06,9813
00642U,期元大S＆P石油,11,0,11,元大-八德,2023-11-06,9813
6411,晶焱,11,0,11,元大-八德,2023-11-06,9813
00665L,富邦�琤肭磪囓�2,10,0,10,元大-八德,2023-11-06,9813
00935,野村臺灣新科技50,10,0,10,元大-八德,2023-11-06,9813
2355,敬鵬,10,0,10,元大-八德,2023-11-06,9813
2641,正德,11,1,10,元大-八德,2023-11-06,9813
5522,遠雄,10,0,10,元大-八德,2023-11-06,9813
8163,達方,16,7,9,元大-八德,2023-11-06,9813
2610,華航,11,3,8,元大-八德,2023-11-06,9813
00933B,國泰10Y+金融債,15,7,8,元大-八德,2023-11-06,9813
2250,IKKA-KY,8,0,8,元大-八德,2023-11-06,9813
8084,巨虹,8,0,8,元大-八德,2023-11-06,9813
00679B,元大美債20年,7,0,7,元大-八德,2023-11-06,9813
2059,川湖,8,1,7,元大-八德,2023-11-06,9813
3483,力致,15,8,7,元大-八德,2023-11-06,9813
2014,中鴻,12,5,7,元大-八德,2023-11-06,9813
4157,太景*-KY,14,7,7,元大-八德,2023-11-06,9813
9924,福興,7,0,7,元大-八德,2023-11-06,9813
3176,基亞,13,6,7,元大-八德,2023-11-06,9813
2444,兆勁,6,0,6,元大-八德,2023-11-06,9813
2492,華新科,6,0,6,元大-八德,2023-11-06,9813
8110,華東,8,2,6,元大-八德,2023-11-06,9813
4162,智擎,6,1,5,元大-八德,2023-11-06,9813
1218,泰山,5,0,5,元大-八德,2023-11-06,9813
00676R,富邦臺灣加權反1,5,0,5,元大-八德,2023-11-06,9813
00669R,國泰美國道瓊反1,5,0,5,元大-八德,2023-11-06,9813
2027,大成鋼,6,1,5,元大-八德,2023-11-06,9813
2356,英業達,9,4,5,元大-八德,2023-11-06,9813
2358,廷鑫,5,0,5,元大-八德,2023-11-06,9813
3376,新日興,5,0,5,元大-八德,2023-11-06,9813
4127,天良,5,0,5,元大-八德,2023-11-06,9813
5009,榮剛,5,0,5,元大-八德,2023-11-06,9813
6152,百一,5,0,5,元大-八德,2023-11-06,9813
00719B,元大美債1-3,60,0,60,元大-八德,2023-11-07,9813
00919,群益台灣精選高息,50,0,50,元大-八德,2023-11-07,9813
2377,微星,50,0,50,元大-八德,2023-11-07,9813
00751B,元大AAA至A公司債,49,0,49,元大-八德,2023-11-07,9813
2515,中工,47,2,45,元大-八德,2023-11-07,9813
8086,宏捷科,31,3,28,元大-八德,2023-11-07,9813
4167,松瑞藥,32,4,28,元大-八德,2023-11-07,9813
00679B,元大美債20年,27,0,27,元大-八德,2023-11-07,9813
00878,國泰永續高股息,26,0,26,元大-八德,2023-11-07,9813
2365,昆盈,25,0,25,元大-八德,2023-11-07,9813
2891,中信金,20,0,20,元大-八德,2023-11-07,9813
00761B,國泰A級公司債,20,0,20,元大-八德,2023-11-07,9813
2388,威盛,40,24,16,元大-八德,2023-11-07,9813
2002,中鋼,16,1,15,元大-八德,2023-11-07,9813
6197,佳必琪,15,0,15,元大-八德,2023-11-07,9813
00720B,元大投資級公司債,13,0,13,元大-八德,2023-11-07,9813
1815,富喬,23,10,13,元大-八德,2023-11-07,9813
2455,全新,36,23,13,元大-八德,2023-11-07,9813
00687B,國泰20年美債,12,0,12,元大-八德,2023-11-07,9813
00680L,元大美債20正2,11,0,11,元大-八德,2023-11-07,9813
2369,菱生,11,0,11,元大-八德,2023-11-07,9813
2451,創見,11,0,11,元大-八德,2023-11-07,9813
0056,元大高股息,16,5,11,元大-八德,2023-11-07,9813
0050,元大台灣50,11,1,10,元大-八德,2023-11-07,9813
00722B,群益投資級電信債,10,0,10,元大-八德,2023-11-07,9813
00857B,永豐20年美公債,10,0,10,元大-八德,2023-11-07,9813
1582,信錦,11,1,10,元大-八德,2023-11-07,9813
00637L,元大滬深300正2,10,0,10,元大-八德,2023-11-07,9813
00780B,國泰A級金融債,10,0,10,元大-八德,2023-11-07,9813
00773B,中信優先金融債,10,0,10,元大-八德,2023-11-07,9813
00772B,中信高評級公司債,10,0,10,元大-八德,2023-11-07,9813
1444,力麗,10,0,10,元大-八德,2023-11-07,9813
2618,長榮航,12,2,10,元大-八德,2023-11-07,9813
2883,凱基金,10,0,10,元大-八德,2023-11-07,9813
9934,成霖,10,0,10,元大-八德,2023-11-07,9813
5258,虹堡,11,1,10,元大-八德,2023-11-07,9813
6173,信昌電,10,1,9,元大-八德,2023-11-07,9813
02001L,富邦蘋果正二N,8,0,8,元大-八德,2023-11-07,9813
00753L,中信中國50正2,8,0,8,元大-八德,2023-11-07,9813
3035,智原,10,2,8,元大-八德,2023-11-07,9813
2634,漢翔,7,0,7,元大-八德,2023-11-07,9813
6235,華孚,9,2,7,元大-八德,2023-11-07,9813
2356,英業達,10,4,6,元大-八德,2023-11-07,9813
2882,國泰金,6,0,6,元大-八德,2023-11-07,9813
2498,宏達電,8,2,6,元大-八德,2023-11-07,9813
00905,FT臺灣Smart,6,0,6,元大-八德,2023-11-07,9813
3163,波若威,6,0,6,元大-八德,2023-11-07,9813
5519,隆大,6,0,6,元大-八德,2023-11-07,9813
2454,聯發科,9,3,6,元大-八德,2023-11-07,9813
5521,工信,5,0,5,元大-八德,2023-11-07,9813
2329,華泰,324,89,235,元大-八德,2023-11-08,9813
00715L,期街口布蘭特正2,102,0,102,元大-八德,2023-11-08,9813
2303,聯電,138,37,101,元大-八德,2023-11-08,9813
3545,敦泰,74,3,71,元大-八德,2023-11-08,9813
00719B,元大美債1-3,53,0,53,元大-八德,2023-11-08,9813
2363,矽統,90,43,47,元大-八德,2023-11-08,9813
2458,義隆,50,3,47,元大-八德,2023-11-08,9813
3231,緯創,159,112,47,元大-八德,2023-11-08,9813
3450,聯鈞,43,1,42,元大-八德,2023-11-08,9813
2421,建準,43,2,41,元大-八德,2023-11-08,9813
2488,漢平,38,0,38,元大-八德,2023-11-08,9813
00929,復華台灣科技優息,43,7,36,元大-八德,2023-11-08,9813
2382,廣達,57,21,36,元大-八德,2023-11-08,9813
6133,金橋,35,0,35,元大-八德,2023-11-08,9813
00936,台新永續高息中小,32,0,32,元大-八德,2023-11-08,9813
2376,技嘉,34,5,29,元大-八德,2023-11-08,9813
3032,偉訓,40,13,27,元大-八德,2023-11-08,9813
6901,鑽石投資,26,3,23,元大-八德,2023-11-08,9813
00934,中信成長高股息,21,0,21,元大-八德,2023-11-08,9813
2105,正新,20,3,17,元大-八德,2023-11-08,9813
2891,中信金,17,0,17,元大-八德,2023-11-08,9813
3017,奇鋐,29,12,17,元大-八德,2023-11-08,9813
1815,富喬,16,0,16,元大-八德,2023-11-08,9813
2618,長榮航,24,11,13,元大-八德,2023-11-08,9813
00931B,統一美債20年,13,0,13,元大-八德,2023-11-08,9813
2356,英業達,33,21,12,元大-八德,2023-11-08,9813
6770,力積電,13,1,12,元大-八德,2023-11-08,9813
2515,中工,12,0,12,元大-八德,2023-11-08,9813
2885,元大金,12,0,12,元大-八德,2023-11-08,9813
6843,進典,12,0,12,元大-八德,2023-11-08,9813
3324,雙鴻,21,10,11,元大-八德,2023-11-08,9813
5351,鈺創,10,0,10,元大-八德,2023-11-08,9813
020023,元大櫃買半導體N,10,0,10,元大-八德,2023-11-08,9813
00933B,國泰10Y+金融債,10,0,10,元大-八德,2023-11-08,9813
4438,廣越,10,0,10,元大-八德,2023-11-08,9813
6016,康和證,10,0,10,元大-八德,2023-11-08,9813
2344,華邦電,9,0,9,元大-八德,2023-11-08,9813
2498,宏達電,22,13,9,元大-八德,2023-11-08,9813
3041,揚智,9,1,8,元大-八德,2023-11-08,9813
3535,晶彩科,8,0,8,元大-八德,2023-11-08,9813
5347,世界,8,0,8,元大-八德,2023-11-08,9813
2308,台達電,7,0,7,元大-八德,2023-11-08,9813
00642U,期元大S＆P石油,7,0,7,元大-八德,2023-11-08,9813
3044,健鼎,7,0,7,元大-八德,2023-11-08,9813
6122,擎邦,10,3,7,元大-八德,2023-11-08,9813
3706,神達,10,3,7,元大-八德,2023-11-08,9813
1471,首利,6,0,6,元大-八德,2023-11-08,9813
3317,尼克森,7,1,6,元大-八德,2023-11-08,9813
4583,台灣精銳,6,0,6,元大-八德,2023-11-08,9813
6117,迎廣,77,71,6,元大-八德,2023-11-08,9813
00900,富邦特選高股息30,203,0,203,元大-八德,2023-11-09,9813
00715L,期街口布蘭特正2,110,0,110,元大-八德,2023-11-09,9813
3202,樺晟,74,1,73,元大-八德,2023-11-09,9813
3483,力致,116,56,60,元大-八德,2023-11-09,9813
4714,永捷,50,0,50,元大-八德,2023-11-09,9813
00936,台新永續高息中小,34,0,34,元大-八德,2023-11-09,9813
1307,三芳,33,0,33,元大-八德,2023-11-09,9813
00878,國泰永續高股息,28,0,28,元大-八德,2023-11-09,9813
3037,欣興,24,1,23,元大-八德,2023-11-09,9813
2363,矽統,82,60,22,元大-八德,2023-11-09,9813
00688L,國泰20年美債正2,20,0,20,元大-八德,2023-11-09,9813
02001L,富邦蘋果正二N,20,0,20,元大-八德,2023-11-09,9813
00919,群益台灣精選高息,20,1,19,元大-八德,2023-11-09,9813
3041,揚智,23,4,19,元大-八德,2023-11-09,9813
00929,復華台灣科技優息,17,0,17,元大-八德,2023-11-09,9813
3645,達邁,21,4,17,元大-八德,2023-11-09,9813
00642U,期元大S＆P石油,17,1,16,元大-八德,2023-11-09,9813
0056,元大高股息,17,2,15,元大-八德,2023-11-09,9813
8034,榮群,15,0,15,元大-八德,2023-11-09,9813
4438,廣越,14,0,14,元大-八德,2023-11-09,9813
2303,聯電,14,1,13,元大-八德,2023-11-09,9813
2888,新光金,13,0,13,元大-八德,2023-11-09,9813
3171,炎洲流通,12,0,12,元大-八德,2023-11-09,9813
6901,鑽石投資,26,14,12,元大-八德,2023-11-09,9813
00934,中信成長高股息,11,0,11,元大-八德,2023-11-09,9813
00923,群益台ESG低碳50,11,0,11,元大-八德,2023-11-09,9813
2250,IKKA-KY,11,0,11,元大-八德,2023-11-09,9813
3680,家登,11,0,11,元大-八德,2023-11-09,9813
6485,點序,11,0,11,元大-八德,2023-11-09,9813
2317,鴻海,16,6,10,元大-八德,2023-11-09,9813
1101,台泥,11,1,10,元大-八德,2023-11-09,9813
1316,上曜,10,0,10,元大-八德,2023-11-09,9813
1444,力麗,10,0,10,元大-八德,2023-11-09,9813
1460,宏遠,10,0,10,元大-八德,2023-11-09,9813
2537,聯上發,10,0,10,元大-八德,2023-11-09,9813
3078,僑威,10,0,10,元大-八德,2023-11-09,9813
6216,居易,10,0,10,元大-八德,2023-11-09,9813
6770,力積電,11,1,10,元大-八德,2023-11-09,9813
1314,中石化,8,0,8,元大-八德,2023-11-09,9813
1783,和康生,8,0,8,元大-八德,2023-11-09,9813
2610,華航,9,1,8,元大-八德,2023-11-09,9813
2618,長榮航,16,8,8,元大-八德,2023-11-09,9813
5258,虹堡,27,19,8,元大-八德,2023-11-09,9813
5519,隆大,10,2,8,元大-八德,2023-11-09,9813
2392,正崴,7,0,7,元大-八德,2023-11-09,9813
2515,中工,7,0,7,元大-八德,2023-11-09,9813
4743,合一,7,0,7,元大-八德,2023-11-09,9813
3227,原相,13,7,6,元大-八德,2023-11-09,9813
4953,緯軟,6,0,6,元大-八德,2023-11-09,9813
6202,盛群,6,0,6,元大-八德,2023-11-09,9813
2363,矽統,277,69,208,元大-八德,2023-11-10,9813
00715L,期街口布蘭特正2,155,0,155,元大-八德,2023-11-10,9813
00900,富邦特選高股息30,100,1,99,元大-八德,2023-11-10,9813
00878,國泰永續高股息,87,23,64,元大-八德,2023-11-10,9813
00637L,元大滬深300正2,53,0,53,元大-八德,2023-11-10,9813
2108,南帝,50,0,50,元大-八德,2023-11-10,9813
1444,力麗,45,0,45,元大-八德,2023-11-10,9813
2313,華通,65,22,43,元大-八德,2023-11-10,9813
8112,至上,43,0,43,元大-八德,2023-11-10,9813
2382,廣達,54,18,36,元大-八德,2023-11-10,9813
1316,上曜,35,0,35,元大-八德,2023-11-10,9813
00719B,元大美債1-3,30,0,30,元大-八德,2023-11-10,9813
3044,健鼎,42,15,27,元大-八德,2023-11-10,9813
00936,台新永續高息中小,25,0,25,元大-八德,2023-11-10,9813
00646,元大S＆P500,20,0,20,元大-八德,2023-11-10,9813
1460,宏遠,20,0,20,元大-八德,2023-11-10,9813
3346,麗清,20,0,20,元大-八德,2023-11-10,9813
1815,富喬,20,1,19,元大-八德,2023-11-10,9813
5521,工信,17,1,16,元大-八德,2023-11-10,9813
00679B,元大美債20年,23,8,15,元大-八德,2023-11-10,9813
00753L,中信中國50正2,15,0,15,元大-八德,2023-11-10,9813
00929,復華台灣科技優息,15,2,13,元大-八德,2023-11-10,9813
2615,萬海,13,0,13,元大-八德,2023-11-10,9813
02001L,富邦蘋果正二N,12,0,12,元大-八德,2023-11-10,9813
00751B,元大AAA至A公司債,17,5,12,元大-八德,2023-11-10,9813
6770,力積電,13,2,11,元大-八德,2023-11-10,9813
00650L,復華香港正2,10,0,10,元大-八德,2023-11-10,9813
00687B,國泰20年美債,23,13,10,元大-八德,2023-11-10,9813
00923,群益台ESG低碳50,10,0,10,元大-八德,2023-11-10,9813
00933B,國泰10Y+金融債,10,0,10,元大-八德,2023-11-10,9813
00780B,國泰A級金融債,10,0,10,元大-八德,2023-11-10,9813
00773B,中信優先金融債,10,0,10,元大-八德,2023-11-10,9813
00772B,中信高評級公司債,10,0,10,元大-八德,2023-11-10,9813
1734,杏輝,10,0,10,元大-八德,2023-11-10,9813
2352,佳世達,14,4,10,元大-八德,2023-11-10,9813
2402,毅嘉,10,0,10,元大-八德,2023-11-10,9813
2889,國票金,10,0,10,元大-八德,2023-11-10,9813
2891,中信金,10,0,10,元大-八德,2023-11-10,9813
3548,兆利,15,5,10,元大-八德,2023-11-10,9813
5519,隆大,10,0,10,元大-八德,2023-11-10,9813
8150,南茂,10,0,10,元大-八德,2023-11-10,9813
8163,達方,10,0,10,元大-八德,2023-11-10,9813
3035,智原,12,2,10,元大-八德,2023-11-10,9813
00857B,永豐20年美公債,10,2,8,元大-八德,2023-11-10,9813
2498,宏達電,8,0,8,元大-八德,2023-11-10,9813
2401,凌陽,7,0,7,元大-八德,2023-11-10,9813
2329,華泰,51,44,7,元大-八德,2023-11-10,9813
2014,中鴻,7,0,7,元大-八德,2023-11-10,9813
6189,豐藝,7,0,7,元大-八德,2023-11-10,9813
5258,虹堡,24,18,6,元大-八德,2023-11-10,9813
00706L,期元大S＆P日圓正2,100,0,100,元大-八德,2023-11-13,9813
1721,三晃,78,4,74,元大-八德,2023-11-13,9813
1301,台塑,60,1,59,元大-八德,2023-11-13,9813
2313,華通,90,33,57,元大-八德,2023-11-13,9813
00637L,元大滬深300正2,52,0,52,元大-八德,2023-11-13,9813
6505,台塑化,50,0,50,元大-八德,2023-11-13,9813
00878,國泰永續高股息,38,2,36,元大-八德,2023-11-13,9813
2457,飛宏,35,1,34,元大-八德,2023-11-13,9813
00929,復華台灣科技優息,52,20,32,元大-八德,2023-11-13,9813
6235,華孚,30,1,29,元大-八德,2023-11-13,9813
00720B,元大投資級公司債,25,0,25,元大-八德,2023-11-13,9813
2363,矽統,74,50,24,元大-八德,2023-11-13,9813
2439,美律,26,2,24,元大-八德,2023-11-13,9813
00882,中信中國高股息,22,0,22,元大-八德,2023-11-13,9813
2376,技嘉,41,20,21,元大-八德,2023-11-13,9813
2618,長榮航,21,0,21,元大-八德,2023-11-13,9813
3260,威剛,31,10,21,元大-八德,2023-11-13,9813
8112,至上,21,0,21,元大-八德,2023-11-13,9813
3483,力致,39,20,19,元大-八德,2023-11-13,9813
2387,精元,20,1,19,元大-八德,2023-11-13,9813
2610,華航,21,3,18,元大-八德,2023-11-13,9813
9921,巨大,20,2,18,元大-八德,2023-11-13,9813
2002,中鋼,21,4,17,元大-八德,2023-11-13,9813
2515,中工,15,0,15,元大-八德,2023-11-13,9813
00687B,國泰20年美債,14,0,14,元大-八德,2023-11-13,9813
2382,廣達,27,14,13,元大-八德,2023-11-13,9813
00679B,元大美債20年,13,1,12,元大-八德,2023-11-13,9813
00680L,元大美債20正2,12,0,12,元大-八德,2023-11-13,9813
2059,川湖,20,8,12,元大-八德,2023-11-13,9813
2347,聯強,11,0,11,元大-八德,2023-11-13,9813
4743,合一,13,2,11,元大-八德,2023-11-13,9813
2889,國票金,10,0,10,元大-八德,2023-11-13,9813
3046,建��,10,0,10,元大-八德,2023-11-13,9813
4128,中天,12,2,10,元大-八德,2023-11-13,9813
3715,定穎投控,10,1,9,元大-八德,2023-11-13,9813
6419,京晨科,8,0,8,元大-八德,2023-11-13,9813
2417,圓剛,24,17,7,元大-八德,2023-11-13,9813
2888,新光金,7,0,7,元大-八德,2023-11-13,9813
2880,華南金,8,1,7,元大-八德,2023-11-13,9813
6139,亞翔,7,0,7,元大-八德,2023-11-13,9813
00632R,元大台灣50反1,6,0,6,元大-八德,2023-11-13,9813
1444,力麗,6,0,6,元大-八德,2023-11-13,9813
3708,上緯投控,6,0,6,元大-八德,2023-11-13,9813
6788,華景電,6,0,6,元大-八德,2023-11-13,9813
8358,金居,6,0,6,元大-八德,2023-11-13,9813
3032,偉訓,8,2,6,元大-八德,2023-11-13,9813
2404,漢唐,5,0,5,元大-八德,2023-11-13,9813
3548,兆利,10,5,5,元大-八德,2023-11-13,9813
1316,上曜,5,0,5,元大-八德,2023-11-13,9813
2352,佳世達,6,1,5,元大-八德,2023-11-13,9813
00632R,元大台灣50反1,117,0,117,元大-八德,2023-11-14,9813
3706,神達,70,5,65,元大-八德,2023-11-14,9813
8054,安國,39,2,37,元大-八德,2023-11-14,9813
6235,華孚,34,2,32,元大-八德,2023-11-14,9813
3406,玉晶光,30,0,30,元大-八德,2023-11-14,9813
2884,玉山金,31,1,30,元大-八德,2023-11-14,9813
2388,威盛,49,22,27,元大-八德,2023-11-14,9813
1815,富喬,23,1,22,元大-八德,2023-11-14,9813
3037,欣興,21,0,21,元大-八德,2023-11-14,9813
1477,聚陽,20,0,20,元大-八德,2023-11-14,9813
1524,耿鼎,19,0,19,元大-八德,2023-11-14,9813
2883,凱基金,23,6,17,元大-八德,2023-11-14,9813
3450,聯鈞,22,5,17,元大-八德,2023-11-14,9813
2457,飛宏,17,1,16,元大-八德,2023-11-14,9813
5531,鄉林,16,0,16,元大-八德,2023-11-14,9813
00692,富邦公司治理,15,0,15,元大-八德,2023-11-14,9813
1444,力麗,15,0,15,元大-八德,2023-11-14,9813
2029,盛餘,15,0,15,元大-八德,2023-11-14,9813
2492,華新科,14,0,14,元大-八德,2023-11-14,9813
2313,華通,21,7,14,元大-八德,2023-11-14,9813
00929,復華台灣科技優息,31,19,12,元大-八德,2023-11-14,9813
2852,第一保,12,0,12,元大-八德,2023-11-14,9813
3078,僑威,13,1,12,元大-八德,2023-11-14,9813
00878,國泰永續高股息,18,7,11,元大-八德,2023-11-14,9813
6139,亞翔,13,3,10,元大-八德,2023-11-14,9813
6901,鑽石投資,10,0,10,元大-八德,2023-11-14,9813
00932,兆豐永續高息等權,10,0,10,元大-八德,2023-11-14,9813
2355,敬鵬,13,3,10,元大-八德,2023-11-14,9813
2838,聯邦銀,10,0,10,元大-八德,2023-11-14,9813
3481,群創,10,0,10,元大-八德,2023-11-14,9813
5009,榮剛,10,0,10,元大-八德,2023-11-14,9813
6204,艾華,10,0,10,元大-八德,2023-11-14,9813
6223,旺矽,12,2,10,元大-八德,2023-11-14,9813
6531,愛普*,10,0,10,元大-八德,2023-11-14,9813
00935,野村臺灣新科技50,8,0,8,元大-八德,2023-11-14,9813
5465,富驊,8,0,8,元大-八德,2023-11-14,9813
00679B,元大美債20年,7,0,7,元大-八德,2023-11-14,9813
00933B,國泰10Y+金融債,7,0,7,元大-八德,2023-11-14,9813
3041,揚智,7,0,7,元大-八德,2023-11-14,9813
02001L,富邦蘋果正二N,6,0,6,元大-八德,2023-11-14,9813
2605,新興,12,6,6,元大-八德,2023-11-14,9813
6274,台燿,48,42,6,元大-八德,2023-11-14,9813
2329,華泰,27,22,5,元大-八德,2023-11-14,9813
1316,上曜,5,0,5,元大-八德,2023-11-14,9813
2515,中工,5,0,5,元大-八德,2023-11-14,9813
2723,美食-KY,5,0,5,元大-八德,2023-11-14,9813
3046,建��,5,0,5,元大-八德,2023-11-14,9813
3438,類比科,5,0,5,元大-八德,2023-11-14,9813
4714,永捷,5,0,5,元大-八德,2023-11-14,9813
4967,十銓,8,3,5,元大-八德,2023-11-14,9813
2618,長榮航,319,17,302,元大-八德,2023-11-15,9813
1609,大亞,102,1,101,元大-八德,2023-11-15,9813
6108,競國,75,0,75,元大-八德,2023-11-15,9813
6133,金橋,69,0,69,元大-八德,2023-11-15,9813
2303,聯電,70,13,57,元大-八德,2023-11-15,9813
00929,復華台灣科技優息,44,7,37,元大-八德,2023-11-15,9813
5258,虹堡,47,11,36,元大-八德,2023-11-15,9813
4919,新唐,45,9,36,元大-八德,2023-11-15,9813
00720B,元大投資級公司債,30,1,29,元大-八德,2023-11-15,9813
3406,玉晶光,22,1,21,元大-八德,2023-11-15,9813
6605,帝寶,20,1,19,元大-八德,2023-11-15,9813
4938,和碩,21,3,18,元大-八德,2023-11-15,9813
00632R,元大台灣50反1,27,10,17,元大-八德,2023-11-15,9813
1815,富喬,21,4,17,元大-八德,2023-11-15,9813
8054,安國,54,37,17,元大-八德,2023-11-15,9813
00679B,元大美債20年,65,50,15,元大-八德,2023-11-15,9813
00692,富邦公司治理,15,0,15,元大-八德,2023-11-15,9813
3035,智原,17,2,15,元大-八德,2023-11-15,9813
5512,力麒,15,0,15,元大-八德,2023-11-15,9813
3046,建��,13,0,13,元大-八德,2023-11-15,9813
4128,中天,12,0,12,元大-八德,2023-11-15,9813
02001L,富邦蘋果正二N,12,0,12,元大-八德,2023-11-15,9813
1316,上曜,12,0,12,元大-八德,2023-11-15,9813
6143,振曜,14,2,12,元大-八德,2023-11-15,9813
2897,王道銀行,11,0,11,元大-八德,2023-11-15,9813
3017,奇鋐,25,14,11,元大-八德,2023-11-15,9813
1722,台肥,10,0,10,元大-八德,2023-11-15,9813
3206,志豐,10,0,10,元大-八德,2023-11-15,9813
2376,技嘉,38,29,9,元大-八德,2023-11-15,9813
2609,陽明,11,3,8,元大-八德,2023-11-15,9813
00687B,國泰20年美債,8,0,8,元大-八德,2023-11-15,9813
2449,京元電子,7,0,7,元大-八德,2023-11-15,9813
2388,威盛,45,39,6,元大-八德,2023-11-15,9813
2349,錸德,6,0,6,元大-八德,2023-11-15,9813
2385,群光,6,0,6,元大-八德,2023-11-15,9813
3122,笙泉,15,9,6,元大-八德,2023-11-15,9813
00915,凱基優選高股息30,5,0,5,元大-八德,2023-11-15,9813
00905,FT臺灣Smart,6,1,5,元大-八德,2023-11-15,9813
00891,中信關鍵半導體,5,0,5,元大-八德,2023-11-15,9813
00897,富邦基因免疫生技,5,0,5,元大-八德,2023-11-15,9813
00725B,國泰投資級公司債,5,0,5,元大-八德,2023-11-15,9813
00773B,中信優先金融債,5,0,5,元大-八德,2023-11-15,9813
00669R,國泰美國道瓊反1,5,0,5,元大-八德,2023-11-15,9813
00690,兆豐藍籌30,5,0,5,元大-八德,2023-11-15,9813
1444,力麗,5,0,5,元大-八德,2023-11-15,9813
2337,旺宏,7,2,5,元大-八德,2023-11-15,9813
2601,益航,5,0,5,元大-八德,2023-11-15,9813
3325,旭品,5,0,5,元大-八德,2023-11-15,9813
3483,力致,23,18,5,元大-八德,2023-11-15,9813
6197,佳必琪,10,5,5,元大-八德,2023-11-15,9813
2618,長榮航,721,284,437,元大-八德,2023-11-16,9813
2610,華航,222,67,155,元大-八德,2023-11-16,9813
00757,統一FANG+,101,1,100,元大-八德,2023-11-16,9813
00706L,期元大S＆P日圓正2,100,0,100,元大-八德,2023-11-16,9813
00690,兆豐藍籌30,100,0,100,元大-八德,2023-11-16,9813
2883,凱基金,100,1,99,元大-八德,2023-11-16,9813
00692,富邦公司治理,72,0,72,元大-八德,2023-11-16,9813
8112,至上,60,0,60,元大-八德,2023-11-16,9813
00687B,國泰20年美債,51,0,51,元大-八德,2023-11-16,9813
00764B,群益25年美債,50,0,50,元大-八德,2023-11-16,9813
00929,復華台灣科技優息,48,1,47,元大-八德,2023-11-16,9813
00878,國泰永續高股息,41,5,36,元大-八德,2023-11-16,9813
3362,先進光,34,0,34,元大-八德,2023-11-16,9813
00696B,富邦美債20年,30,0,30,元大-八德,2023-11-16,9813
1605,華新,36,8,28,元大-八德,2023-11-16,9813
00679B,元大美債20年,22,0,22,元大-八德,2023-11-16,9813
02001L,富邦蘋果正二N,21,0,21,元大-八德,2023-11-16,9813
00722B,群益投資級電信債,20,0,20,元大-八德,2023-11-16,9813
6278,台表科,20,0,20,元大-八德,2023-11-16,9813
6284,佳邦,20,2,18,元大-八德,2023-11-16,9813
2743,山富,21,3,18,元大-八德,2023-11-16,9813
0056,元大高股息,17,0,17,元大-八德,2023-11-16,9813
2344,華邦電,48,31,17,元大-八德,2023-11-16,9813
00720B,元大投資級公司債,17,0,17,元大-八德,2023-11-16,9813
2887,台新金,30,13,17,元大-八德,2023-11-16,9813
6901,鑽石投資,15,0,15,元大-八德,2023-11-16,9813
2059,川湖,13,0,13,元大-八德,2023-11-16,9813
4510,高鋒,13,0,13,元大-八德,2023-11-16,9813
9904,寶成,15,2,13,元大-八德,2023-11-16,9813
00680L,元大美債20正2,12,0,12,元大-八德,2023-11-16,9813
00637L,元大滬深300正2,12,0,12,元大-八德,2023-11-16,9813
4128,中天,21,9,12,元大-八德,2023-11-16,9813
3231,緯創,27,15,12,元大-八德,2023-11-16,9813
8050,廣積,11,0,11,元大-八德,2023-11-16,9813
8163,達方,11,1,10,元大-八德,2023-11-16,9813
6125,廣運,11,1,10,元大-八德,2023-11-16,9813
00753L,中信中國50正2,10,0,10,元大-八德,2023-11-16,9813
3260,威剛,10,0,10,元大-八德,2023-11-16,9813
5371,中光電,10,0,10,元大-八德,2023-11-16,9813
6147,頎邦,10,0,10,元大-八德,2023-11-16,9813
2027,大成鋼,11,2,9,元大-八德,2023-11-16,9813
2615,萬海,9,0,9,元大-八德,2023-11-16,9813
2731,雄獅,11,2,9,元大-八德,2023-11-16,9813
3522,御嵿,9,0,9,元大-八德,2023-11-16,9813
6150,撼訊,10,1,9,元大-八德,2023-11-16,9813
00891,中信關鍵半導體,8,0,8,元大-八德,2023-11-16,9813
00751B,元大AAA至A公司債,8,0,8,元大-八德,2023-11-16,9813
00919,群益台灣精選高息,27,20,7,元大-八德,2023-11-16,9813
3041,揚智,30,23,7,元大-八德,2023-11-16,9813
3017,奇鋐,17,11,6,元大-八德,2023-11-16,9813
00715L,期街口布蘭特正2,793,0,793,元大-八德,2023-11-17,9813
1444,力麗,85,0,85,元大-八德,2023-11-17,9813
00720B,元大投資級公司債,84,3,81,元大-八德,2023-11-17,9813
00751B,元大AAA至A公司債,66,0,66,元大-八德,2023-11-17,9813
3706,神達,53,1,52,元大-八德,2023-11-17,9813
00929,復華台灣科技優息,62,10,52,元大-八德,2023-11-17,9813
00795B,中信美國公債20年,50,0,50,元大-八德,2023-11-17,9813
00722B,群益投資級電信債,40,0,40,元大-八德,2023-11-17,9813
00764B,群益25年美債,40,0,40,元大-八德,2023-11-17,9813
3041,揚智,78,42,36,元大-八德,2023-11-17,9813
4979,華星光,38,3,35,元大-八德,2023-11-17,9813
00637L,元大滬深300正2,32,0,32,元大-八德,2023-11-17,9813
00761B,國泰A級公司債,30,0,30,元大-八德,2023-11-17,9813
00632R,元大台灣50反1,30,0,30,元大-八德,2023-11-17,9813
00690,兆豐藍籌30,30,0,30,元大-八德,2023-11-17,9813
2312,金寶,30,0,30,元大-八德,2023-11-17,9813
00679B,元大美債20年,28,1,27,元大-八德,2023-11-17,9813
1815,富喬,25,2,23,元大-八德,2023-11-17,9813
2883,凱基金,32,9,23,元大-八德,2023-11-17,9813
2027,大成鋼,26,3,23,元大-八德,2023-11-17,9813
2515,中工,22,0,22,元大-八德,2023-11-17,9813
2812,台中銀,22,0,22,元大-八德,2023-11-17,9813
2457,飛宏,33,12,21,元大-八德,2023-11-17,9813
3540,曜越,21,0,21,元大-八德,2023-11-17,9813
6237,驊訊,21,0,21,元大-八德,2023-11-17,9813
2405,輔信,22,2,20,元大-八德,2023-11-17,9813
5258,虹堡,16,0,16,元大-八德,2023-11-17,9813
3035,智原,54,39,15,元大-八德,2023-11-17,9813
2603,長榮,15,0,15,元大-八德,2023-11-17,9813
2731,雄獅,15,1,14,元大-八德,2023-11-17,9813
00687B,國泰20年美債,24,10,14,元大-八德,2023-11-17,9813
3266,昇陽,14,0,14,元大-八德,2023-11-17,9813
2885,元大金,26,12,14,元大-八德,2023-11-17,9813
00712,復華富時不動產,13,0,13,元大-八德,2023-11-17,9813
00642U,期元大S＆P石油,12,0,12,元大-八德,2023-11-17,9813
2387,精元,15,3,12,元大-八德,2023-11-17,9813
2615,萬海,18,6,12,元大-八德,2023-11-17,9813
3231,緯創,18,7,11,元大-八德,2023-11-17,9813
00878,國泰永續高股息,11,1,10,元大-八德,2023-11-17,9813
00900,富邦特選高股息30,10,0,10,元大-八德,2023-11-17,9813
2425,承啟,10,0,10,元大-八德,2023-11-17,9813
5469,瀚宇博,10,0,10,元大-八德,2023-11-17,9813
3481,群創,11,2,9,元大-八德,2023-11-17,9813
3450,聯鈞,11,2,9,元大-八德,2023-11-17,9813
2363,矽統,21,12,9,元大-八德,2023-11-17,9813
3380,明泰,18,10,8,元大-八德,2023-11-17,9813
5519,隆大,8,0,8,元大-八德,2023-11-17,9813
8034,榮群,10,2,8,元大-八德,2023-11-17,9813
5439,高技,8,1,7,元大-八德,2023-11-17,9813
00933B,國泰10Y+金融債,23,16,7,元大-八德,2023-11-17,9813
00710B,復華彭博非投等債,214,0,214,元大-八德,2023-11-20,9813
2313,華通,268,138,130,元大-八德,2023-11-20,9813
00720B,元大投資級公司債,107,0,107,元大-八德,2023-11-20,9813
2303,聯電,120,34,86,元大-八德,2023-11-20,9813
3715,定穎投控,117,61,56,元大-八德,2023-11-20,9813
00687B,國泰20年美債,54,0,54,元大-八德,2023-11-20,9813
6168,宏齊,80,30,50,元大-八德,2023-11-20,9813
00751B,元大AAA至A公司債,42,2,40,元大-八德,2023-11-20,9813
2891,中信金,53,16,37,元大-八德,2023-11-20,9813
6271,同欣電,34,0,34,元大-八德,2023-11-20,9813
00764B,群益25年美債,30,0,30,元大-八德,2023-11-20,9813
00722B,群益投資級電信債,30,0,30,元大-八德,2023-11-20,9813
00632R,元大台灣50反1,30,0,30,元大-八德,2023-11-20,9813
4938,和碩,31,2,29,元大-八德,2023-11-20,9813
00929,復華台灣科技優息,61,34,27,元大-八德,2023-11-20,9813
3483,力致,113,90,23,元大-八德,2023-11-20,9813
00679B,元大美債20年,22,0,22,元大-八德,2023-11-20,9813
00746B,富邦A級公司債,20,0,20,元大-八德,2023-11-20,9813
2634,漢翔,20,0,20,元大-八德,2023-11-20,9813
3710,連展投控,20,0,20,元大-八德,2023-11-20,9813
9921,巨大,20,0,20,元大-八德,2023-11-20,9813
9946,三發地產,20,0,20,元大-八德,2023-11-20,9813
00637L,元大滬深300正2,20,1,19,元大-八德,2023-11-20,9813
6274,台燿,69,50,19,元大-八德,2023-11-20,9813
3041,揚智,56,40,16,元大-八德,2023-11-20,9813
6015,宏遠證,15,0,15,元大-八德,2023-11-20,9813
6270,倍微,17,2,15,元大-八德,2023-11-20,9813
00692,富邦公司治理,25,11,14,元大-八德,2023-11-20,9813
6901,鑽石投資,14,0,14,元大-八德,2023-11-20,9813
00922,國泰台灣領袖50,13,0,13,元大-八德,2023-11-20,9813
2885,元大金,12,0,12,元大-八德,2023-11-20,9813
00916,國泰全球品牌50,10,0,10,元大-八德,2023-11-20,9813
00725B,國泰投資級公司債,10,0,10,元大-八德,2023-11-20,9813
00724B,群益投資級金融債,10,0,10,元大-八德,2023-11-20,9813
00795B,中信美國公債20年,10,0,10,元大-八德,2023-11-20,9813
2031,新光鋼,10,0,10,元大-八德,2023-11-20,9813
2484,希華,11,1,10,元大-八德,2023-11-20,9813
2537,聯上發,10,0,10,元大-八德,2023-11-20,9813
3037,欣興,11,1,10,元大-八德,2023-11-20,9813
4164,承業醫,10,0,10,元大-八德,2023-11-20,9813
5351,鈺創,26,16,10,元大-八德,2023-11-20,9813
6278,台表科,10,0,10,元大-八德,2023-11-20,9813
8227,巨有科技,10,1,9,元大-八德,2023-11-20,9813
2607,榮運,9,0,9,元大-八德,2023-11-20,9813
2376,技嘉,10,1,9,元大-八德,2023-11-20,9813
2059,川湖,9,1,8,元大-八德,2023-11-20,9813
2356,英業達,10,2,8,元大-八德,2023-11-20,9813
6104,創惟,12,4,8,元大-八德,2023-11-20,9813
2610,華航,19,12,7,元大-八德,2023-11-20,9813
6533,晶心科,8,1,7,元大-八德,2023-11-20,9813
00710B,復華彭博非投等債,324,0,324,元大-八德,2023-11-21,9813
00671R,富邦NASDAQ反1,300,0,300,元大-八德,2023-11-21,9813
00720B,元大投資級公司債,99,0,99,元大-八德,2023-11-21,9813
3037,欣興,87,31,56,元大-八德,2023-11-21,9813
3706,神達,55,7,48,元大-八德,2023-11-21,9813
2303,聯電,55,9,46,元大-八德,2023-11-21,9813
1524,耿鼎,40,1,39,元大-八德,2023-11-21,9813
2376,技嘉,51,15,36,元大-八德,2023-11-21,9813
00919,群益台灣精選高息,35,6,29,元大-八德,2023-11-21,9813
2486,一詮,24,0,24,元大-八德,2023-11-21,9813
6168,宏齊,45,21,24,元大-八德,2023-11-21,9813
3483,力致,94,72,22,元大-八德,2023-11-21,9813
00648R,元大S＆P500反1,20,0,20,元大-八德,2023-11-21,9813
00632R,元大台灣50反1,50,30,20,元大-八德,2023-11-21,9813
2301,光寶科,24,4,20,元大-八德,2023-11-21,9813
3176,基亞,21,1,20,元大-八德,2023-11-21,9813
4138,曜亞,20,0,20,元大-八德,2023-11-21,9813
2329,華泰,42,26,16,元大-八德,2023-11-21,9813
5351,鈺創,66,51,15,元大-八德,2023-11-21,9813
6015,宏遠證,15,0,15,元大-八德,2023-11-21,9813
00751B,元大AAA至A公司債,15,1,14,元大-八德,2023-11-21,9813
2444,兆勁,14,0,14,元大-八德,2023-11-21,9813
2867,三商壽,15,1,14,元大-八德,2023-11-21,9813
3504,揚明光,16,2,14,元大-八德,2023-11-21,9813
3062,建漢,13,0,13,元大-八德,2023-11-21,9813
3047,訊舟,12,1,11,元大-八德,2023-11-21,9813
6196,帆宣,10,0,10,元大-八德,2023-11-21,9813
1444,力麗,10,0,10,元大-八德,2023-11-21,9813
2402,毅嘉,15,5,10,元大-八德,2023-11-21,9813
6278,台表科,10,0,10,元大-八德,2023-11-21,9813
6843,進典,10,0,10,元大-八德,2023-11-21,9813
6139,亞翔,22,13,9,元大-八德,2023-11-21,9813
2425,承啟,9,0,9,元大-八德,2023-11-21,9813
5388,中磊,9,0,9,元大-八德,2023-11-21,9813
2356,英業達,45,37,8,元大-八德,2023-11-21,9813
3078,僑威,8,0,8,元大-八德,2023-11-21,9813
5258,虹堡,33,25,8,元大-八德,2023-11-21,9813
5465,富驊,8,0,8,元大-八德,2023-11-21,9813
6237,驊訊,16,8,8,元大-八德,2023-11-21,9813
6789,采鈺,13,5,8,元大-八德,2023-11-21,9813
6285,啟��,9,1,8,元大-八德,2023-11-21,9813
00713,元大台灣高息低波,7,0,7,元大-八德,2023-11-21,9813
3227,原相,8,1,7,元大-八德,2023-11-21,9813
5512,力麒,7,0,7,元大-八德,2023-11-21,9813
2382,廣達,18,11,7,元大-八德,2023-11-21,9813
2516,新建,24,18,6,元大-八德,2023-11-21,9813
3230,錦明,6,0,6,元大-八德,2023-11-21,9813
6806,森崴能源,7,1,6,元大-八德,2023-11-21,9813
5289,宜鼎,7,1,6,元大-八德,2023-11-21,9813
5347,世界,11,6,5,元大-八德,2023-11-21,9813
00720B,元大投資級公司債,147,4,143,元大-八德,2023-11-22,9813
3363,上詮,103,8,95,元大-八德,2023-11-22,9813
2303,聯電,74,3,71,元大-八德,2023-11-22,9813
00633L,富邦上証正2,70,0,70,元大-八德,2023-11-22,9813
3231,緯創,86,20,66,元大-八德,2023-11-22,9813
00751B,元大AAA至A公司債,55,0,55,元大-八德,2023-11-22,9813
00919,群益台灣精選高息,56,4,52,元大-八德,2023-11-22,9813
3376,新日興,48,1,47,元大-八德,2023-11-22,9813
2356,英業達,47,3,44,元大-八德,2023-11-22,9813
2301,光寶科,41,0,41,元大-八德,2023-11-22,9813
2382,廣達,40,5,35,元大-八德,2023-11-22,9813
2330,台積電,35,2,33,元大-八德,2023-11-22,9813
02001L,富邦蘋果正二N,30,0,30,元大-八德,2023-11-22,9813
4908,前鼎,27,3,24,元大-八德,2023-11-22,9813
3710,連展投控,20,0,20,元大-八德,2023-11-22,9813
4714,永捷,20,0,20,元大-八德,2023-11-22,9813
3483,力致,93,74,19,元大-八德,2023-11-22,9813
2887,台新金,20,1,19,元大-八德,2023-11-22,9813
2206,三陽工業,16,0,16,元大-八德,2023-11-22,9813
2610,華航,17,1,16,元大-八德,2023-11-22,9813
2329,華泰,20,5,15,元大-八德,2023-11-22,9813
2383,台光電,15,2,13,元大-八德,2023-11-22,9813
6120,達運,12,0,12,元大-八德,2023-11-22,9813
2353,宏��,12,0,12,元大-八德,2023-11-22,9813
2365,昆盈,10,0,10,元大-八德,2023-11-22,9813
2393,億光,10,0,10,元大-八德,2023-11-22,9813
4138,曜亞,10,0,10,元大-八德,2023-11-22,9813
6278,台表科,10,0,10,元大-八德,2023-11-22,9813
6517,保勝光學,10,0,10,元大-八德,2023-11-22,9813
5210,寶碩,10,0,10,元大-八德,2023-11-22,9813
2313,華通,28,18,10,元大-八德,2023-11-22,9813
2801,彰銀,12,3,9,元大-八德,2023-11-22,9813
0056,元大高股息,9,0,9,元大-八德,2023-11-22,9813
6271,同欣電,11,2,9,元大-八德,2023-11-22,9813
5533,皇鼎,19,11,8,元大-八德,2023-11-22,9813
00712,復華富時不動產,8,0,8,元大-八德,2023-11-22,9813
1504,東元,10,3,7,元大-八德,2023-11-22,9813
2888,新光金,7,0,7,元大-八德,2023-11-22,9813
2317,鴻海,8,1,7,元大-八德,2023-11-22,9813
00679B,元大美債20年,6,0,6,元大-八德,2023-11-22,9813
6274,台燿,11,5,6,元大-八德,2023-11-22,9813
00891,中信關鍵半導體,7,1,6,元大-八德,2023-11-22,9813
2486,一詮,6,0,6,元大-八德,2023-11-22,9813
5521,工信,17,11,6,元大-八德,2023-11-22,9813
5876,上海商銀,6,0,6,元大-八德,2023-11-22,9813
6270,倍微,6,0,6,元大-八德,2023-11-22,9813
8105,凌巨,6,0,6,元大-八德,2023-11-22,9813
4919,新唐,8,2,6,元大-八德,2023-11-22,9813
00882,中信中國高股息,5,0,5,元大-八德,2023-11-22,9813
6196,帆宣,5,0,5,元大-八德,2023-11-22,9813
2618,長榮航,409,33,376,元大-八德,2023-11-23,9813
8261,富鼎,107,3,104,元大-八德,2023-11-23,9813
00919,群益台灣精選高息,68,4,64,元大-八德,2023-11-23,9813
00720B,元大投資級公司債,60,0,60,元大-八德,2023-11-23,9813
1316,上曜,59,6,53,元大-八德,2023-11-23,9813
6104,創惟,110,69,41,元大-八德,2023-11-23,9813
00633L,富邦上証正2,40,0,40,元大-八德,2023-11-23,9813
6015,宏遠證,30,0,30,元大-八德,2023-11-23,9813
6139,亞翔,29,2,27,元大-八德,2023-11-23,9813
5521,工信,33,6,27,元大-八德,2023-11-23,9813
00929,復華台灣科技優息,28,2,26,元大-八德,2023-11-23,9813
2313,華通,49,24,25,元大-八德,2023-11-23,9813
3231,緯創,35,10,25,元大-八德,2023-11-23,9813
2363,矽統,30,9,21,元大-八德,2023-11-23,9813
3037,欣興,42,21,21,元大-八德,2023-11-23,9813
1605,華新,31,11,20,元大-八德,2023-11-23,9813
2380,虹光,20,0,20,元大-八德,2023-11-23,9813
6185,幃翔,20,0,20,元大-八德,2023-11-23,9813
2059,川湖,30,11,19,元大-八德,2023-11-23,9813
3122,笙泉,37,20,17,元大-八德,2023-11-23,9813
3058,立德,15,0,15,元大-八德,2023-11-23,9813
1603,華電,14,0,14,元大-八德,2023-11-23,9813
6843,進典,14,0,14,元大-八德,2023-11-23,9813
3017,奇鋐,19,7,12,元大-八德,2023-11-23,9813
02001L,富邦蘋果正二N,12,0,12,元大-八德,2023-11-23,9813
00878,國泰永續高股息,10,0,10,元大-八德,2023-11-23,9813
2891,中信金,13,3,10,元大-八德,2023-11-23,9813
00637L,元大滬深300正2,10,0,10,元大-八德,2023-11-23,9813
1529,樂事綠能,10,0,10,元大-八德,2023-11-23,9813
5426,振發,30,20,10,元大-八德,2023-11-23,9813
8277,商丞,11,1,10,元大-八德,2023-11-23,9813
3044,健鼎,19,10,9,元大-八德,2023-11-23,9813
2329,華泰,12,3,9,元大-八德,2023-11-23,9813
00646,元大S＆P500,8,0,8,元大-八德,2023-11-23,9813
00751B,元大AAA至A公司債,10,2,8,元大-八德,2023-11-23,9813
1524,耿鼎,11,3,8,元大-八德,2023-11-23,9813
2250,IKKA-KY,8,0,8,元大-八德,2023-11-23,9813
2385,群光,8,0,8,元大-八德,2023-11-23,9813
4919,新唐,10,2,8,元大-八德,2023-11-23,9813
3078,僑威,127,119,8,元大-八德,2023-11-23,9813
2492,華新科,7,0,7,元大-八德,2023-11-23,9813
6533,晶心科,8,1,7,元大-八德,2023-11-23,9813
5009,榮剛,9,2,7,元大-八德,2023-11-23,9813
6138,茂達,9,2,7,元大-八德,2023-11-23,9813
1449,佳和,7,0,7,元大-八德,2023-11-23,9813
00922,國泰台灣領袖50,7,0,7,元大-八德,2023-11-23,9813
1616,億泰,7,0,7,元大-八德,2023-11-23,9813
2402,毅嘉,9,2,7,元大-八德,2023-11-23,9813
1338,廣華-KY,10,4,6,元大-八德,2023-11-23,9813
2883,凱基金,13,7,6,元大-八德,2023-11-23,9813
00720B,元大投資級公司債,68,3,65,元大-八德,2023-11-24,9813
6237,驊訊,66,22,44,元大-八德,2023-11-24,9813
1519,華城,52,12,40,元大-八德,2023-11-24,9813
00679B,元大美債20年,35,0,35,元大-八德,2023-11-24,9813
4306,炎洲,34,0,34,元大-八德,2023-11-24,9813
3701,大眾控,28,0,28,元大-八德,2023-11-24,9813
2888,新光金,29,3,26,元大-八德,2023-11-24,9813
1513,中興電,54,29,25,元大-八德,2023-11-24,9813
2736,富野,23,1,22,元大-八德,2023-11-24,9813
8261,富鼎,27,6,21,元大-八德,2023-11-24,9813
00919,群益台灣精選高息,21,1,20,元大-八德,2023-11-24,9813
3006,晶豪科,19,1,18,元大-八德,2023-11-24,9813
3041,揚智,20,2,18,元大-八德,2023-11-24,9813
5706,鳳凰,18,1,17,元大-八德,2023-11-24,9813
00751B,元大AAA至A公司債,24,9,15,元大-八德,2023-11-24,9813
6185,幃翔,15,0,15,元大-八德,2023-11-24,9813
2382,廣達,18,5,13,元大-八德,2023-11-24,9813
5465,富驊,13,0,13,元大-八德,2023-11-24,9813
5521,工信,14,1,13,元大-八德,2023-11-24,9813
2313,華通,80,67,13,元大-八德,2023-11-24,9813
00772B,中信高評級公司債,11,0,11,元大-八德,2023-11-24,9813
1721,三晃,11,0,11,元大-八德,2023-11-24,9813
2027,大成鋼,11,0,11,元大-八德,2023-11-24,9813
6173,信昌電,11,0,11,元大-八德,2023-11-24,9813
00715L,期街口布蘭特正2,10,0,10,元大-八德,2023-11-24,9813
00780B,國泰A級金融債,10,0,10,元大-八德,2023-11-24,9813
00773B,中信優先金融債,10,0,10,元大-八德,2023-11-24,9813
00761B,國泰A級公司債,10,0,10,元大-八德,2023-11-24,9813
2369,菱生,10,0,10,元大-八德,2023-11-24,9813
3290,東浦,10,0,10,元大-八德,2023-11-24,9813
4114,健喬,10,0,10,元大-八德,2023-11-24,9813
6288,聯嘉,10,0,10,元大-八德,2023-11-24,9813
1815,富喬,11,2,9,元大-八德,2023-11-24,9813
2250,IKKA-KY,10,1,9,元大-八德,2023-11-24,9813
2630,亞航,20,11,9,元大-八德,2023-11-24,9813
3032,偉訓,15,6,9,元大-八德,2023-11-24,9813
4979,華星光,11,2,9,元大-八德,2023-11-24,9813
6125,廣運,10,1,9,元大-八德,2023-11-24,9813
9904,寶成,9,0,9,元大-八德,2023-11-24,9813
2303,聯電,15,6,9,元大-八德,2023-11-24,9813
4967,十銓,10,2,8,元大-八德,2023-11-24,9813
5009,榮剛,28,20,8,元大-八德,2023-11-24,9813
1701,中化,7,0,7,元大-八德,2023-11-24,9813
2610,華航,7,0,7,元大-八德,2023-11-24,9813
6245,立端,15,8,7,元大-八德,2023-11-24,9813
2353,宏��,14,7,7,元大-八德,2023-11-24,9813
3231,緯創,15,8,7,元大-八德,2023-11-24,9813
3661,世芯-KY,10,4,6,元大-八德,2023-11-24,9813
00676R,富邦臺灣加權反1,6,0,6,元大-八德,2023-11-24,9813
1532,勤美,8,2,6,元大-八德,2023-11-24,9813
00720B,元大投資級公司債,136,0,136,元大-八德,2023-11-27,9813
00633L,富邦上証正2,50,0,50,元大-八德,2023-11-27,9813
4306,炎洲,46,0,46,元大-八德,2023-11-27,9813
5230,雷笛克光學,40,0,40,元大-八德,2023-11-27,9813
3231,緯創,48,8,40,元大-八德,2023-11-27,9813
6015,宏遠證,36,0,36,元大-八德,2023-11-27,9813
02001L,富邦蘋果正二N,35,0,35,元大-八德,2023-11-27,9813
00919,群益台灣精選高息,41,6,35,元大-八德,2023-11-27,9813
1815,富喬,31,1,30,元大-八德,2023-11-27,9813
3701,大眾控,32,2,30,元大-八德,2023-11-27,9813
2330,台積電,35,5,30,元大-八德,2023-11-27,9813
2382,廣達,29,2,27,元大-八德,2023-11-27,9813
3483,力致,41,15,26,元大-八德,2023-11-27,9813
00878,國泰永續高股息,31,5,26,元大-八德,2023-11-27,9813
6667,信紘科,22,0,22,元大-八德,2023-11-27,9813
6245,立端,27,6,21,元大-八德,2023-11-27,9813
4743,合一,21,0,21,元大-八德,2023-11-27,9813
2327,國巨,20,0,20,元大-八德,2023-11-27,9813
2867,三商壽,20,0,20,元大-八德,2023-11-27,9813
2618,長榮航,18,0,18,元大-八德,2023-11-27,9813
2610,華航,19,1,18,元大-八德,2023-11-27,9813
00772B,中信高評級公司債,18,0,18,元大-八德,2023-11-27,9813
1101,台泥,26,10,16,元大-八德,2023-11-27,9813
6843,進典,18,2,16,元大-八德,2023-11-27,9813
00773B,中信優先金融債,15,0,15,元大-八德,2023-11-27,9813
2104,國際中橡,20,6,14,元大-八德,2023-11-27,9813
2883,凱基金,24,10,14,元大-八德,2023-11-27,9813
00715L,期街口布蘭特正2,13,0,13,元大-八德,2023-11-27,9813
2317,鴻海,14,2,12,元大-八德,2023-11-27,9813
3481,群創,12,0,12,元大-八德,2023-11-27,9813
6274,台燿,15,3,12,元大-八德,2023-11-27,9813
8054,安國,13,2,11,元大-八德,2023-11-27,9813
4173,久裕,11,0,11,元大-八德,2023-11-27,9813
6533,晶心科,13,2,11,元大-八德,2023-11-27,9813
2498,宏達電,11,1,10,元大-八德,2023-11-27,9813
00898,國泰基因免疫革命,10,0,10,元大-八德,2023-11-27,9813
00780B,國泰A級金融債,10,0,10,元大-八德,2023-11-27,9813
00761B,國泰A級公司債,10,0,10,元大-八德,2023-11-27,9813
1789,神隆,11,1,10,元大-八德,2023-11-27,9813
2250,IKKA-KY,10,0,10,元大-八德,2023-11-27,9813
5258,虹堡,18,8,10,元大-八德,2023-11-27,9813
6244,茂迪,10,0,10,元大-八德,2023-11-27,9813
8086,宏捷科,17,7,10,元大-八德,2023-11-27,9813
9945,潤泰新,12,2,10,元大-八德,2023-11-27,9813
3006,晶豪科,15,6,9,元大-八德,2023-11-27,9813
2605,新興,10,1,9,元大-八德,2023-11-27,9813
2634,漢翔,9,0,9,元大-八德,2023-11-27,9813
3058,立德,9,0,9,元大-八德,2023-11-27,9813
1416,廣豐,8,0,8,元大-八德,2023-11-27,9813
6127,九豪,9,1,8,元大-八德,2023-11-27,9813
2363,矽統,202,4,198,元大-八德,2023-11-28,9813
2882,國泰金,138,0,138,元大-八德,2023-11-28,9813
2313,華通,166,42,124,元大-八德,2023-11-28,9813
4306,炎洲,65,0,65,元大-八德,2023-11-28,9813
2329,華泰,181,128,53,元大-八德,2023-11-28,9813
2867,三商壽,50,0,50,元大-八德,2023-11-28,9813
6245,立端,88,41,47,元大-八德,2023-11-28,9813
00919,群益台灣精選高息,51,5,46,元大-八德,2023-11-28,9813
2367,燿華,49,7,42,元大-八德,2023-11-28,9813
4114,健喬,101,62,39,元大-八德,2023-11-28,9813
3231,緯創,35,3,32,元大-八德,2023-11-28,9813
3552,同致,30,0,30,元大-八德,2023-11-28,9813
5347,世界,27,4,23,元大-八德,2023-11-28,9813
2887F,台新戊特二,21,0,21,元大-八德,2023-11-28,9813
2748,雲品,20,0,20,元大-八德,2023-11-28,9813
3122,笙泉,28,8,20,元大-八德,2023-11-28,9813
6244,茂迪,20,0,20,元大-八德,2023-11-28,9813
6830,汎銓,20,0,20,元大-八德,2023-11-28,9813
8936,國統,22,3,19,元大-八德,2023-11-28,9813
00929,復華台灣科技優息,40,23,17,元大-八德,2023-11-28,9813
1815,富喬,17,1,16,元大-八德,2023-11-28,9813
00720B,元大投資級公司債,31,17,14,元大-八德,2023-11-28,9813
1319,東陽,12,0,12,元大-八德,2023-11-28,9813
00712,復華富時不動產,10,0,10,元大-八德,2023-11-28,9813
2382,廣達,13,3,10,元大-八德,2023-11-28,9813
2607,榮運,10,0,10,元大-八德,2023-11-28,9813
00632R,元大台灣50反1,10,0,10,元大-八德,2023-11-28,9813
020028,元大特選電動車N,10,0,10,元大-八德,2023-11-28,9813
2897,王道銀行,10,0,10,元大-八德,2023-11-28,9813
3005,神基,11,1,10,元大-八德,2023-11-28,9813
3701,大眾控,10,0,10,元大-八德,2023-11-28,9813
2371,大同,9,0,9,元大-八德,2023-11-28,9813
2344,華邦電,8,0,8,元大-八德,2023-11-28,9813
2303,聯電,178,171,7,元大-八德,2023-11-28,9813
2641,正德,20,13,7,元大-八德,2023-11-28,9813
3512,皇龍,7,0,7,元大-八德,2023-11-28,9813
6804,明係,7,0,7,元大-八德,2023-11-28,9813
2002,中鋼,7,0,7,元大-八德,2023-11-28,9813
2383,台光電,7,1,6,元大-八德,2023-11-28,9813
00885,富邦越南,6,0,6,元大-八德,2023-11-28,9813
00636,國泰中國A50,6,0,6,元大-八德,2023-11-28,9813
2472,立隆電,9,3,6,元大-八德,2023-11-28,9813
2888,新光金,7,1,6,元大-八德,2023-11-28,9813
3373,熱映,11,5,6,元大-八德,2023-11-28,9813
5302,太欣,6,0,6,元大-八德,2023-11-28,9813
6415,矽力*-KY,7,1,6,元大-八德,2023-11-28,9813
00679B,元大美債20年,5,0,5,元大-八德,2023-11-28,9813
2609,陽明,6,1,5,元大-八德,2023-11-28,9813
1314,中石化,5,0,5,元大-八德,2023-11-28,9813
1444,力麗,5,0,5,元大-八德,2023-11-28,9813
00720B,元大投資級公司債,282,3,279,元大-八德,2023-11-29,9813
2882,國泰金,272,2,270,元大-八德,2023-11-29,9813
1101,台泥,228,30,198,元大-八德,2023-11-29,9813
4306,炎洲,138,0,138,元大-八德,2023-11-29,9813
5355,佳總,103,0,103,元大-八德,2023-11-29,9813
2867,三商壽,100,0,100,元大-八德,2023-11-29,9813
2330,台積電,82,5,77,元大-八德,2023-11-29,9813
6104,創惟,62,6,56,元大-八德,2023-11-29,9813
5347,世界,65,14,51,元大-八德,2023-11-29,9813
3363,上詮,62,11,51,元大-八德,2023-11-29,9813
2460,建通,45,0,45,元大-八德,2023-11-29,9813
2610,華航,38,0,38,元大-八德,2023-11-29,9813
2618,長榮航,41,4,37,元大-八德,2023-11-29,9813
00679B,元大美債20年,33,0,33,元大-八德,2023-11-29,9813
00692,富邦公司治理,31,0,31,元大-八德,2023-11-29,9813
00882,中信中國高股息,31,0,31,元大-八德,2023-11-29,9813
00633L,富邦上証正2,30,0,30,元大-八德,2023-11-29,9813
3122,笙泉,37,13,24,元大-八德,2023-11-29,9813
2250,IKKA-KY,23,0,23,元大-八德,2023-11-29,9813
4442,竣邦-KY,30,7,23,元大-八德,2023-11-29,9813
00687B,國泰20年美債,21,0,21,元大-八德,2023-11-29,9813
2408,南亞科,23,3,20,元大-八德,2023-11-29,9813
1605,華新,26,6,20,元大-八德,2023-11-29,9813
6414,樺漢,20,0,20,元大-八德,2023-11-29,9813
2379,瑞昱,22,3,19,元大-八德,2023-11-29,9813
3041,揚智,18,0,18,元大-八德,2023-11-29,9813
2537,聯上發,15,0,15,元大-八德,2023-11-29,9813
3290,東浦,15,0,15,元大-八德,2023-11-29,9813
00933B,國泰10Y+金融債,14,0,14,元大-八德,2023-11-29,9813
2031,新光鋼,16,4,12,元大-八德,2023-11-29,9813
5258,虹堡,28,16,12,元大-八德,2023-11-29,9813
5009,榮剛,12,0,12,元大-八德,2023-11-29,9813
3705,永信,11,0,11,元大-八德,2023-11-29,9813
5344,立衛,11,0,11,元大-八德,2023-11-29,9813
6147,頎邦,11,0,11,元大-八德,2023-11-29,9813
6843,進典,11,0,11,元大-八德,2023-11-29,9813
00753L,中信中國50正2,10,0,10,元大-八德,2023-11-29,9813
1618,合機,10,0,10,元大-八德,2023-11-29,9813
1752,南光,10,0,10,元大-八德,2023-11-29,9813
2349,錸德,10,0,10,元大-八德,2023-11-29,9813
2356,英業達,12,2,10,元大-八德,2023-11-29,9813
2605,新興,13,3,10,元大-八德,2023-11-29,9813
2887F,台新戊特二,10,0,10,元大-八德,2023-11-29,9813
2897,王道銀行,10,0,10,元大-八德,2023-11-29,9813
4138,曜亞,10,0,10,元大-八德,2023-11-29,9813
6237,驊訊,12,2,10,元大-八德,2023-11-29,9813
6278,台表科,10,0,10,元大-八德,2023-11-29,9813
4414,如興,10,0,10,元大-八德,2023-11-29,9813
00878,國泰永續高股息,13,4,9,元大-八德,2023-11-29,9813
00919,群益台灣精選高息,11,2,9,元大-八德,2023-11-29,9813
00680L,元大美債20正2,268,0,268,元大-八德,2023-11-30,9813
2408,南亞科,191,20,171,元大-八德,2023-11-30,9813
1514,亞力,102,22,80,元大-八德,2023-11-30,9813
3373,熱映,75,0,75,元大-八德,2023-11-30,9813
4306,炎洲,72,0,72,元大-八德,2023-11-30,9813
2645,長榮航太,68,0,68,元大-八德,2023-11-30,9813
00720B,元大投資級公司債,72,6,66,元大-八德,2023-11-30,9813
3702,大聯大,50,1,49,元大-八德,2023-11-30,9813
00919,群益台灣精選高息,43,2,41,元大-八德,2023-11-30,9813
3231,緯創,67,27,40,元大-八德,2023-11-30,9813
00679B,元大美債20年,36,0,36,元大-八德,2023-11-30,9813
2344,華邦電,37,2,35,元大-八德,2023-11-30,9813
2377,微星,41,9,32,元大-八德,2023-11-30,9813
2905,三商,30,0,30,元大-八德,2023-11-30,9813
3624,光頡,31,1,30,元大-八德,2023-11-30,9813
3317,尼克森,32,2,30,元大-八德,2023-11-30,9813
2332,友訊,24,0,24,元大-八德,2023-11-30,9813
9945,潤泰新,21,0,21,元大-八德,2023-11-30,9813
4164,承業醫,20,0,20,元大-八德,2023-11-30,9813
2607,榮運,16,0,16,元大-八德,2023-11-30,9813
2885,元大金,16,1,15,元大-八德,2023-11-30,9813
4961,天鈺,15,0,15,元大-八德,2023-11-30,9813
6243,迅杰,14,0,14,元大-八德,2023-11-30,9813
00931B,統一美債20年,14,0,14,元大-八德,2023-11-30,9813
1513,中興電,16,2,14,元大-八德,2023-11-30,9813
2421,建準,22,8,14,元大-八德,2023-11-30,9813
2605,新興,43,29,14,元大-八德,2023-11-30,9813
6843,進典,14,0,14,元大-八德,2023-11-30,9813
1591,駿吉-KY,12,0,12,元大-八德,2023-11-30,9813
5452,佶優,25,13,12,元大-八德,2023-11-30,9813
00929,復華台灣科技優息,14,3,11,元大-八德,2023-11-30,9813
5871,中租-KY,11,0,11,元大-八德,2023-11-30,9813
2745,五福,11,0,11,元大-八德,2023-11-30,9813
2889,國票金,11,0,11,元大-八德,2023-11-30,9813
3094,聯傑,11,0,11,元大-八德,2023-11-30,9813
5351,鈺創,18,7,11,元大-八德,2023-11-30,9813
2337,旺宏,10,0,10,元大-八德,2023-11-30,9813
00688L,國泰20年美債正2,10,0,10,元大-八德,2023-11-30,9813
2059,川湖,10,0,10,元大-八德,2023-11-30,9813
2312,金寶,10,0,10,元大-八德,2023-11-30,9813
3217,優群,11,1,10,元大-八德,2023-11-30,9813
5210,寶碩,10,0,10,元大-八德,2023-11-30,9813
9904,寶成,10,0,10,元大-八德,2023-11-30,9813
2330,台積電,15,6,9,元大-八德,2023-11-30,9813
8054,安國,19,10,9,元大-八德,2023-11-30,9813
2883,凱基金,11,2,9,元大-八德,2023-11-30,9813
4908,前鼎,12,3,9,元大-八德,2023-11-30,9813
6182,合晶,10,1,9,元大-八德,2023-11-30,9813
8155,博智,10,1,9,元大-八德,2023-11-30,9813
2303,聯電,9,1,8,元大-八德,2023-11-30,9813
00680L,元大美債20正2,166,0,166,元大-八德,2023-12-01,9813
6191,精成科,133,2,131,元大-八德,2023-12-01,9813
2408,南亞科,128,6,122,元大-八德,2023-12-01,9813
4306,炎洲,118,0,118,元大-八德,2023-12-01,9813
3706,神達,122,7,115,元大-八德,2023-12-01,9813
00919,群益台灣精選高息,110,4,106,元大-八德,2023-12-01,9813
3715,定穎投控,107,34,73,元大-八德,2023-12-01,9813
3041,揚智,114,41,73,元大-八德,2023-12-01,9813
4956,光鋐,70,0,70,元大-八德,2023-12-01,9813
00720B,元大投資級公司債,68,10,58,元大-八德,2023-12-01,9813
00679B,元大美債20年,57,6,51,元大-八德,2023-12-01,9813
2355,敬鵬,38,5,33,元大-八德,2023-12-01,9813
2356,英業達,30,0,30,元大-八德,2023-12-01,9813
6015,宏遠證,27,0,27,元大-八德,2023-12-01,9813
3483,力致,26,0,26,元大-八德,2023-12-01,9813
2388,威盛,27,3,24,元大-八德,2023-12-01,9813
8096,擎亞,26,4,22,元大-八德,2023-12-01,9813
2641,正德,33,12,21,元大-八德,2023-12-01,9813
00933B,國泰10Y+金融債,20,0,20,元大-八德,2023-12-01,9813
5210,寶碩,20,0,20,元大-八德,2023-12-01,9813
2371,大同,21,2,19,元大-八德,2023-12-01,9813
5521,工信,19,0,19,元大-八德,2023-12-01,9813
2515,中工,22,4,18,元大-八德,2023-12-01,9813
6220,岳豐,16,0,16,元大-八德,2023-12-01,9813
00715L,期街口布蘭特正2,15,0,15,元大-八德,2023-12-01,9813
2888,新光金,12,0,12,元大-八德,2023-12-01,9813
020023,元大櫃買半導體N,12,0,12,元大-八德,2023-12-01,9813
02001L,富邦蘋果正二N,12,0,12,元大-八德,2023-12-01,9813
2002,中鋼,15,4,11,元大-八德,2023-12-01,9813
3050,鈺德,11,0,11,元大-八德,2023-12-01,9813
6271,同欣電,12,1,11,元大-八德,2023-12-01,9813
2885,元大金,11,0,11,元大-八德,2023-12-01,9813
2313,華通,184,174,10,元大-八德,2023-12-01,9813
8163,達方,10,0,10,元大-八德,2023-12-01,9813
00882,中信中國高股息,10,0,10,元大-八德,2023-12-01,9813
00907,永豐優息存股,10,0,10,元大-八德,2023-12-01,9813
00633L,富邦上証正2,10,0,10,元大-八德,2023-12-01,9813
2645,長榮航太,10,0,10,元大-八德,2023-12-01,9813
3701,大眾控,10,0,10,元大-八德,2023-12-01,9813
4106,雃博,10,0,10,元大-八德,2023-12-01,9813
6168,宏齊,10,0,10,元大-八德,2023-12-01,9813
5258,虹堡,11,1,10,元大-八德,2023-12-01,9813
1101,台泥,9,0,9,元大-八德,2023-12-01,9813
2449,京元電子,13,4,9,元大-八德,2023-12-01,9813
3019,亞光,9,0,9,元大-八德,2023-12-01,9813
3450,聯鈞,22,13,9,元大-八德,2023-12-01,9813
5515,建國,9,0,9,元大-八德,2023-12-01,9813
3704,合勤控,12,3,9,元大-八德,2023-12-01,9813
6233,旺玖,9,1,8,元大-八德,2023-12-01,9813
8054,安國,17,10,7,元大-八德,2023-12-01,9813
00687B,國泰20年美債,283,10,273,元大-八德,2023-12-04,9813
00715L,期街口布蘭特正2,218,0,218,元大-八德,2023-12-04,9813
00680L,元大美債20正2,153,0,153,元大-八德,2023-12-04,9813
00720B,元大投資級公司債,117,5,112,元大-八德,2023-12-04,9813
4306,炎洲,64,0,64,元大-八德,2023-12-04,9813
00919,群益台灣精選高息,51,0,51,元大-八德,2023-12-04,9813
5210,寶碩,50,0,50,元大-八德,2023-12-04,9813
2883,凱基金,48,1,47,元大-八德,2023-12-04,9813
3694,海華,44,0,44,元大-八德,2023-12-04,9813
2409,友達,94,53,41,元大-八德,2023-12-04,9813
2002,中鋼,50,17,33,元大-八德,2023-12-04,9813
2611,志信,32,0,32,元大-八德,2023-12-04,9813
3322,建舜電,30,0,30,元大-八德,2023-12-04,9813
2891,中信金,26,0,26,元大-八德,2023-12-04,9813
1721,三晃,25,1,24,元大-八德,2023-12-04,9813
3522,御嵿,21,0,21,元大-八德,2023-12-04,9813
1513,中興電,24,4,20,元大-八德,2023-12-04,9813
5522,遠雄,20,0,20,元大-八德,2023-12-04,9813
3017,奇鋐,18,0,18,元大-八德,2023-12-04,9813
1727,中華化,17,1,16,元大-八德,2023-12-04,9813
1591,駿吉-KY,15,0,15,元大-八德,2023-12-04,9813
2867,三商壽,21,6,15,元大-八德,2023-12-04,9813
3231,緯創,20,6,14,元大-八德,2023-12-04,9813
3484,崧騰,15,1,14,元大-八德,2023-12-04,9813
00929,復華台灣科技優息,19,5,14,元大-八德,2023-12-04,9813
00642U,期元大S＆P石油,12,0,12,元大-八德,2023-12-04,9813
2332,友訊,12,0,12,元大-八德,2023-12-04,9813
3687,歐買尬,14,2,12,元大-八德,2023-12-04,9813
2382,廣達,13,1,12,元大-八德,2023-12-04,9813
8261,富鼎,15,3,12,元大-八德,2023-12-04,9813
2888,新光金,18,7,11,元大-八德,2023-12-04,9813
00679B,元大美債20年,22,12,10,元大-八德,2023-12-04,9813
2406,國碩,10,0,10,元大-八德,2023-12-04,9813
2457,飛宏,15,5,10,元大-八德,2023-12-04,9813
5244,弘凱,10,0,10,元大-八德,2023-12-04,9813
6122,擎邦,12,2,10,元大-八德,2023-12-04,9813
6233,旺玖,12,2,10,元大-八德,2023-12-04,9813
1519,華城,28,18,10,元大-八德,2023-12-04,9813
00878,國泰永續高股息,10,1,9,元大-八德,2023-12-04,9813
6274,台燿,11,2,9,元大-八德,2023-12-04,9813
3019,亞光,9,0,9,元大-八德,2023-12-04,9813
9919,康那香,22,13,9,元大-八德,2023-12-04,9813
2376,技嘉,10,1,9,元大-八德,2023-12-04,9813
2330,台積電,10,2,8,元大-八德,2023-12-04,9813
00933B,國泰10Y+金融債,8,0,8,元大-八德,2023-12-04,9813
1532,勤美,10,2,8,元大-八德,2023-12-04,9813
2405,輔信,8,0,8,元大-八德,2023-12-04,9813
5452,佶優,24,16,8,元大-八德,2023-12-04,9813
1504,東元,10,3,7,元大-八德,2023-12-04,9813
1524,耿鼎,7,0,7,元大-八德,2023-12-04,9813
00937B,群益ESG投等債20,778,0,778,元大-八德,2023-12-05,9813
1319,東陽,202,14,188,元大-八德,2023-12-05,9813
4561,健椿,105,0,105,元大-八德,2023-12-05,9813
6806,森崴能源,75,6,69,元大-八德,2023-12-05,9813
6282,康舒,60,1,59,元大-八德,2023-12-05,9813
00918,大華優利高填息30,53,1,52,元大-八德,2023-12-05,9813
3376,新日興,46,2,44,元大-八德,2023-12-05,9813
00680L,元大美債20正2,40,0,40,元大-八德,2023-12-05,9813
00679B,元大美債20年,34,0,34,元大-八德,2023-12-05,9813
00919,群益台灣精選高息,32,1,31,元大-八德,2023-12-05,9813
2641,正德,72,41,31,元大-八德,2023-12-05,9813
2530,華建,30,0,30,元大-八德,2023-12-05,9813
3050,鈺德,30,2,28,元大-八德,2023-12-05,9813
00720B,元大投資級公司債,30,3,27,元大-八德,2023-12-05,9813
2888,新光金,33,6,27,元大-八德,2023-12-05,9813
4939,亞電,25,0,25,元大-八德,2023-12-05,9813
1524,耿鼎,22,1,21,元大-八德,2023-12-05,9813
00692,富邦公司治理,21,0,21,元大-八德,2023-12-05,9813
00633L,富邦上証正2,20,0,20,元大-八德,2023-12-05,9813
2891,中信金,20,0,20,元大-八德,2023-12-05,9813
2376,技嘉,27,8,19,元大-八德,2023-12-05,9813
00922,國泰台灣領袖50,18,0,18,元大-八德,2023-12-05,9813
2515,中工,18,0,18,元大-八德,2023-12-05,9813
2356,英業達,17,1,16,元大-八德,2023-12-05,9813
3231,緯創,28,13,15,元大-八德,2023-12-05,9813
2607,榮運,15,0,15,元大-八德,2023-12-05,9813
00929,復華台灣科技優息,24,9,15,元大-八德,2023-12-05,9813
00687B,國泰20年美債,15,0,15,元大-八德,2023-12-05,9813
2618,長榮航,20,6,14,元大-八德,2023-12-05,9813
2428,興勤,15,2,13,元大-八德,2023-12-05,9813
2905,三商,15,2,13,元大-八德,2023-12-05,9813
6125,廣運,14,2,12,元大-八德,2023-12-05,9813
6220,岳豐,12,0,12,元大-八德,2023-12-05,9813
00637L,元大滬深300正2,11,0,11,元大-八德,2023-12-05,9813
2338,光罩,11,0,11,元大-八德,2023-12-05,9813
2371,大同,16,5,11,元大-八德,2023-12-05,9813
020023,元大櫃買半導體N,10,0,10,元大-八德,2023-12-05,9813
1909,榮成,10,0,10,元大-八德,2023-12-05,9813
2009,第一銅,10,0,10,元大-八德,2023-12-05,9813
2377,微星,10,0,10,元大-八德,2023-12-05,9813
2408,南亞科,10,0,10,元大-八德,2023-12-05,9813
2486,一詮,10,0,10,元大-八德,2023-12-05,9813
3038,全台,10,0,10,元大-八德,2023-12-05,9813
3094,聯傑,10,0,10,元大-八德,2023-12-05,9813
3535,晶彩科,10,0,10,元大-八德,2023-12-05,9813
4128,中天,10,0,10,元大-八德,2023-12-05,9813
5309,系統電,11,1,10,元大-八德,2023-12-05,9813
2636,台驊控股,10,1,9,元大-八德,2023-12-05,9813
2610,華航,15,6,9,元大-八德,2023-12-05,9813
02001L,富邦蘋果正二N,9,0,9,元大-八德,2023-12-05,9813
00680L,元大美債20正2,169,0,169,元大-八德,2023-12-06,9813
00919,群益台灣精選高息,175,65,110,元大-八德,2023-12-06,9813
6150,撼訊,91,12,79,元大-八德,2023-12-06,9813
00937B,群益ESG投等債20,70,0,70,元大-八德,2023-12-06,9813
4306,炎洲,57,0,57,元大-八德,2023-12-06,9813
00720B,元大投資級公司債,53,0,53,元大-八德,2023-12-06,9813
2887F,台新戊特二,52,0,52,元大-八德,2023-12-06,9813
1319,東陽,87,35,52,元大-八德,2023-12-06,9813
2388,威盛,51,2,49,元大-八德,2023-12-06,9813
4967,十銓,50,1,49,元大-八德,2023-12-06,9813
00687B,國泰20年美債,32,0,32,元大-八德,2023-12-06,9813
2409,友達,31,0,31,元大-八德,2023-12-06,9813
2465,麗臺,33,2,31,元大-八德,2023-12-06,9813
00688L,國泰20年美債正2,30,0,30,元大-八德,2023-12-06,9813
6414,樺漢,31,1,30,元大-八德,2023-12-06,9813
2888,新光金,29,0,29,元大-八德,2023-12-06,9813
00642U,期元大S＆P石油,28,0,28,元大-八德,2023-12-06,9813
2355,敬鵬,58,30,28,元大-八德,2023-12-06,9813
2641,正德,35,7,28,元大-八德,2023-12-06,9813
2102,泰豐,27,0,27,元大-八德,2023-12-06,9813
3450,聯鈞,38,13,25,元大-八德,2023-12-06,9813
1513,中興電,26,3,23,元大-八德,2023-12-06,9813
1522,堤維西,24,2,22,元大-八德,2023-12-06,9813
2009,第一銅,20,0,20,元大-八德,2023-12-06,9813
1582,信錦,18,0,18,元大-八德,2023-12-06,9813
2606,裕民,22,4,18,元大-八德,2023-12-06,9813
2344,華邦電,16,0,16,元大-八德,2023-12-06,9813
8277,商丞,16,0,16,元大-八德,2023-12-06,9813
00722B,群益投資級電信債,15,0,15,元大-八德,2023-12-06,9813
1504,東元,17,2,15,元大-八德,2023-12-06,9813
2492,華新科,15,1,14,元大-八德,2023-12-06,9813
2605,新興,67,53,14,元大-八德,2023-12-06,9813
9939,宏全,11,0,11,元大-八德,2023-12-06,9813
3481,群創,13,3,10,元大-八德,2023-12-06,9813
2636,台驊控股,10,0,10,元大-八德,2023-12-06,9813
02001L,富邦蘋果正二N,10,0,10,元大-八德,2023-12-06,9813
2515,中工,10,0,10,元大-八德,2023-12-06,9813
2867,三商壽,20,10,10,元大-八德,2023-12-06,9813
3035,智原,17,7,10,元大-八德,2023-12-06,9813
6756,威鋒電子,10,0,10,元大-八德,2023-12-06,9813
8110,華東,10,0,10,元大-八德,2023-12-06,9813
2337,旺宏,10,0,10,元大-八德,2023-12-06,9813
2329,華泰,19,10,9,元大-八德,2023-12-06,9813
00715L,期街口布蘭特正2,9,0,9,元大-八德,2023-12-06,9813
00933B,國泰10Y+金融債,9,0,9,元大-八德,2023-12-06,9813
4543,萬在,18,9,9,元大-八德,2023-12-06,9813
5351,鈺創,12,3,9,元大-八德,2023-12-06,9813
2349,錸德,8,0,8,元大-八德,2023-12-06,9813
2377,微星,8,0,8,元大-八德,2023-12-06,9813
6231,系微,8,0,8,元大-八德,2023-12-06,9813
00715L,期街口布蘭特正2,503,200,303,元大-八德,2023-12-07,9813
00919,群益台灣精選高息,191,2,189,元大-八德,2023-12-07,9813
2881,富邦金,149,1,148,元大-八德,2023-12-07,9813
2882,國泰金,119,0,119,元大-八德,2023-12-07,9813
9103,美德醫療-DR,100,0,100,元大-八德,2023-12-07,9813
00720B,元大投資級公司債,74,9,65,元大-八德,2023-12-07,9813
00937B,群益ESG投等債20,65,0,65,元大-八德,2023-12-07,9813
00918,大華優利高填息30,63,0,63,元大-八德,2023-12-07,9813
00642U,期元大S＆P石油,66,21,45,元大-八德,2023-12-07,9813
4533,協易機,78,33,45,元大-八德,2023-12-07,9813
1303,南亞,40,0,40,元大-八德,2023-12-07,9813
3489,森寶,40,0,40,元大-八德,2023-12-07,9813
00712,復華富時不動產,35,0,35,元大-八德,2023-12-07,9813
3313,斐成,35,0,35,元大-八德,2023-12-07,9813
00931B,統一美債20年,33,0,33,元大-八德,2023-12-07,9813
3059,華晶科,34,4,30,元大-八德,2023-12-07,9813
1618,合機,32,9,23,元大-八德,2023-12-07,9813
2605,新興,53,32,21,元大-八德,2023-12-07,9813
2390,云辰,20,0,20,元大-八德,2023-12-07,9813
3710,連展投控,20,0,20,元大-八德,2023-12-07,9813
4167,松瑞藥,22,2,20,元大-八德,2023-12-07,9813
6194,育富,21,1,20,元大-八德,2023-12-07,9813
3491,昇達科,20,0,20,元大-八德,2023-12-07,9813
2888,新光金,19,0,19,元大-八德,2023-12-07,9813
02001L,富邦蘋果正二N,28,10,18,元大-八德,2023-12-07,9813
00929,復華台灣科技優息,20,2,18,元大-八德,2023-12-07,9813
00679B,元大美債20年,29,11,18,元大-八德,2023-12-07,9813
1616,億泰,17,0,17,元大-八德,2023-12-07,9813
5521,工信,18,1,17,元大-八德,2023-12-07,9813
6415,矽力*-KY,16,0,16,元大-八德,2023-12-07,9813
3390,旭軟,85,69,16,元大-八德,2023-12-07,9813
2891,中信金,15,0,15,元大-八德,2023-12-07,9813
5201,凱衛,15,0,15,元大-八德,2023-12-07,9813
6125,廣運,15,0,15,元大-八德,2023-12-07,9813
00878,國泰永續高股息,17,4,13,元大-八德,2023-12-07,9813
3551,世禾,13,0,13,元大-八德,2023-12-07,9813
6220,岳豐,13,0,13,元大-八德,2023-12-07,9813
2408,南亞科,12,0,12,元大-八德,2023-12-07,9813
1217,愛之味,12,0,12,元大-八德,2023-12-07,9813
2436,偉詮電,12,0,12,元大-八德,2023-12-07,9813
2880,華南金,12,0,12,元大-八德,2023-12-07,9813
2886,兆豐金,11,0,11,元大-八德,2023-12-07,9813
00751B,元大AAA至A公司債,11,0,11,元大-八德,2023-12-07,9813
2419,仲琦,12,1,11,元大-八德,2023-12-07,9813
5876,上海商銀,11,0,11,元大-八德,2023-12-07,9813
8054,安國,35,24,11,元大-八德,2023-12-07,9813
6233,旺玖,19,9,10,元大-八德,2023-12-07,9813
00692,富邦公司治理,10,0,10,元大-八德,2023-12-07,9813
00665L,富邦�琤肭磪囓�2,10,0,10,元大-八德,2023-12-07,9813
1582,信錦,10,0,10,元大-八德,2023-12-07,9813
00937B,群益ESG投等債20,530,4,526,元大-八德,2023-12-08,9813
00919,群益台灣精選高息,316,13,303,元大-八德,2023-12-08,9813
00715L,期街口布蘭特正2,409,200,209,元大-八德,2023-12-08,9813
00637L,元大滬深300正2,106,2,104,元大-八德,2023-12-08,9813
2358,廷鑫,55,0,55,元大-八德,2023-12-08,9813
1319,東陽,54,2,52,元大-八德,2023-12-08,9813
9103,美德醫療-DR,50,0,50,元大-八德,2023-12-08,9813
3006,晶豪科,53,5,48,元大-八德,2023-12-08,9813
0056,元大高股息,63,19,44,元大-八德,2023-12-08,9813
2605,新興,86,46,40,元大-八德,2023-12-08,9813
1445,大宇,34,0,34,元大-八德,2023-12-08,9813
3607,谷崧,32,1,31,元大-八德,2023-12-08,9813
3266,昇陽,30,0,30,元大-八德,2023-12-08,9813
3706,神達,26,1,25,元大-八德,2023-12-08,9813
8110,華東,25,0,25,元大-八德,2023-12-08,9813
00687B,國泰20年美債,48,24,24,元大-八德,2023-12-08,9813
2883,凱基金,25,2,23,元大-八德,2023-12-08,9813
2250,IKKA-KY,20,0,20,元大-八德,2023-12-08,9813
6747,亨泰光,20,0,20,元大-八德,2023-12-08,9813
00680L,元大美債20正2,19,0,19,元大-八德,2023-12-08,9813
5258,虹堡,18,1,17,元大-八德,2023-12-08,9813
5452,佶優,38,21,17,元大-八德,2023-12-08,9813
4979,華星光,26,9,17,元大-八德,2023-12-08,9813
00753L,中信中國50正2,15,0,15,元大-八德,2023-12-08,9813
2314,台揚,15,1,14,元大-八德,2023-12-08,9813
1609,大亞,27,13,14,元大-八德,2023-12-08,9813
1513,中興電,15,2,13,元大-八德,2023-12-08,9813
2449,京元電子,16,3,13,元大-八德,2023-12-08,9813
6668,中揚光,13,0,13,元大-八德,2023-12-08,9813
2399,映泰,16,4,12,元大-八德,2023-12-08,9813
2889,國票金,11,0,11,元大-八德,2023-12-08,9813
2388,威盛,15,4,11,元大-八德,2023-12-08,9813
1504,東元,18,7,11,元大-八德,2023-12-08,9813
4561,健椿,12,1,11,元大-八德,2023-12-08,9813
4961,天鈺,11,0,11,元大-八德,2023-12-08,9813
00931B,統一美債20年,10,0,10,元大-八德,2023-12-08,9813
1591,駿吉-KY,15,5,10,元大-八德,2023-12-08,9813
9945,潤泰新,10,0,10,元大-八德,2023-12-08,9813
1605,華新,11,1,10,元大-八德,2023-12-08,9813
4306,炎洲,10,0,10,元大-八德,2023-12-08,9813
1721,三晃,10,1,9,元大-八德,2023-12-08,9813
2610,華航,10,1,9,元大-八德,2023-12-08,9813
3313,斐成,9,0,9,元大-八德,2023-12-08,9813
3481,群創,9,2,7,元大-八德,2023-12-08,9813
6462,神盾,52,45,7,元大-八德,2023-12-08,9813
00902,中信電池及儲能,7,0,7,元大-八德,2023-12-08,9813
1584,精剛,7,0,7,元大-八德,2023-12-08,9813
2425,承啟,9,2,7,元大-八德,2023-12-08,9813
4533,協易機,9,2,7,元大-八德,2023-12-08,9813
3661,世芯-KY,7,0,7,元大-八德,2023-12-08,9813
00937B,群益ESG投等債20,556,13,543,元大-八德,2023-12-11,9813
9939,宏全,202,0,202,元大-八德,2023-12-11,9813
00633L,富邦上証正2,80,0,80,元大-八德,2023-12-11,9813
00919,群益台灣精選高息,67,0,67,元大-八德,2023-12-11,9813
2313,華通,74,13,61,元大-八德,2023-12-11,9813
00679B,元大美債20年,66,8,58,元大-八德,2023-12-11,9813
00751B,元大AAA至A公司債,70,16,54,元大-八德,2023-12-11,9813
2618,長榮航,38,0,38,元大-八德,2023-12-11,9813
2543,皇昌,37,0,37,元大-八德,2023-12-11,9813
1445,大宇,35,0,35,元大-八德,2023-12-11,9813
00882,中信中國高股息,33,0,33,元大-八德,2023-12-11,9813
2610,華航,37,4,33,元大-八德,2023-12-11,9813
1529,樂事綠能,34,2,32,元大-八德,2023-12-11,9813
8011,台通,30,3,27,元大-八德,2023-12-11,9813
6285,啟��,44,18,26,元大-八德,2023-12-11,9813
2377,微星,26,0,26,元大-八德,2023-12-11,9813
4906,正文,25,1,24,元大-八德,2023-12-11,9813
2882,國泰金,22,0,22,元大-八德,2023-12-11,9813
2888,新光金,25,4,21,元大-八德,2023-12-11,9813
1591,駿吉-KY,20,0,20,元大-八德,2023-12-11,9813
2337,旺宏,20,0,20,元大-八德,2023-12-11,9813
00680L,元大美債20正2,19,0,19,元大-八德,2023-12-11,9813
3078,僑威,19,0,19,元大-八德,2023-12-11,9813
2344,華邦電,17,0,17,元大-八德,2023-12-11,9813
3044,健鼎,19,5,14,元大-八德,2023-12-11,9813
2892,第一金,12,0,12,元大-八德,2023-12-11,9813
6667,信紘科,12,0,12,元大-八德,2023-12-11,9813
00720B,元大投資級公司債,10,0,10,元大-八德,2023-12-11,9813
00922,國泰台灣領袖50,10,0,10,元大-八德,2023-12-11,9813
2457,飛宏,11,1,10,元大-八德,2023-12-11,9813
3290,東浦,10,0,10,元大-八德,2023-12-11,9813
6114,久威,15,5,10,元大-八德,2023-12-11,9813
6271,同欣電,10,0,10,元大-八德,2023-12-11,9813
6282,康舒,11,1,10,元大-八德,2023-12-11,9813
1618,合機,19,10,9,元大-八德,2023-12-11,9813
3032,偉訓,10,1,9,元大-八德,2023-12-11,9813
3234,光環,9,0,9,元大-八德,2023-12-11,9813
3346,麗清,14,5,9,元大-八德,2023-12-11,9813
3552,同致,10,1,9,元大-八德,2023-12-11,9813
2002,中鋼,9,1,8,元大-八德,2023-12-11,9813
3704,合勤控,9,1,8,元大-八德,2023-12-11,9813
4510,高鋒,8,0,8,元大-八德,2023-12-11,9813
6589,台康生技,8,0,8,元大-八德,2023-12-11,9813
3231,緯創,14,7,7,元大-八德,2023-12-11,9813
1503,士電,8,1,7,元大-八德,2023-12-11,9813
2883,凱基金,7,0,7,元大-八德,2023-12-11,9813
6288,聯嘉,10,3,7,元大-八德,2023-12-11,9813
2385,群光,6,0,6,元大-八德,2023-12-11,9813
5269,祥碩,6,0,6,元大-八德,2023-12-11,9813
2388,威盛,25,20,5,元大-八德,2023-12-11,9813
00918,大華優利高填息30,632,5,627,元大-八德,2023-12-12,9813
3481,群創,180,0,180,元大-八德,2023-12-12,9813
2358,廷鑫,110,5,105,元大-八德,2023-12-12,9813
5533,皇鼎,102,0,102,元大-八德,2023-12-12,9813
2388,威盛,65,8,57,元大-八德,2023-12-12,9813
00680L,元大美債20正2,46,0,46,元大-八德,2023-12-12,9813
3036,文曄,41,3,38,元大-八德,2023-12-12,9813
2887F,台新戊特二,36,0,36,元大-八德,2023-12-12,9813
00929,復華台灣科技優息,40,5,35,元大-八德,2023-12-12,9813
5483,中美晶,34,5,29,元大-八德,2023-12-12,9813
2344,華邦電,31,2,29,元大-八德,2023-12-12,9813
2882,國泰金,28,0,28,元大-八德,2023-12-12,9813
6271,同欣電,25,0,25,元大-八德,2023-12-12,9813
2376,技嘉,30,6,24,元大-八德,2023-12-12,9813
3041,揚智,23,0,23,元大-八德,2023-12-12,9813
00885,富邦越南,22,0,22,元大-八德,2023-12-12,9813
00637L,元大滬深300正2,20,0,20,元大-八德,2023-12-12,9813
00753L,中信中國50正2,30,10,20,元大-八德,2023-12-12,9813
2374,佳能,20,0,20,元大-八德,2023-12-12,9813
2390,云辰,20,0,20,元大-八德,2023-12-12,9813
2867,三商壽,20,0,20,元大-八德,2023-12-12,9813
3710,連展投控,20,0,20,元大-八德,2023-12-12,9813
4147,中裕,20,0,20,元大-八德,2023-12-12,9813
2377,微星,20,1,19,元大-八德,2023-12-12,9813
2105,正新,20,2,18,元大-八德,2023-12-12,9813
00878,國泰永續高股息,54,37,17,元大-八德,2023-12-12,9813
02001L,富邦蘋果正二N,15,0,15,元大-八德,2023-12-12,9813
2059,川湖,16,2,14,元大-八德,2023-12-12,9813
4306,炎洲,14,0,14,元大-八德,2023-12-12,9813
00679B,元大美債20年,20,6,14,元大-八德,2023-12-12,9813
2360,致茂,13,0,13,元大-八德,2023-12-12,9813
3380,明泰,15,2,13,元大-八德,2023-12-12,9813
4976,佳凌,14,1,13,元大-八德,2023-12-12,9813
00751B,元大AAA至A公司債,12,0,12,元大-八德,2023-12-12,9813
2610,華航,12,0,12,元大-八德,2023-12-12,9813
6122,擎邦,13,1,12,元大-八德,2023-12-12,9813
3231,緯創,21,9,12,元大-八德,2023-12-12,9813
2002,中鋼,12,1,11,元大-八德,2023-12-12,9813
1609,大亞,12,2,10,元大-八德,2023-12-12,9813
1217,愛之味,10,0,10,元大-八德,2023-12-12,9813
1521,大億,10,0,10,元大-八德,2023-12-12,9813
2889,國票金,10,0,10,元大-八德,2023-12-12,9813
6112,邁達特,10,0,10,元大-八德,2023-12-12,9813
2636,台驊控股,10,0,10,元大-八德,2023-12-12,9813
00687B,國泰20年美債,9,0,9,元大-八德,2023-12-12,9813
00921,兆豐龍頭等權重,9,0,9,元大-八德,2023-12-12,9813
2402,毅嘉,12,3,9,元大-八德,2023-12-12,9813
2888,新光金,14,5,9,元大-八德,2023-12-12,9813
6874,倍力,9,0,9,元大-八德,2023-12-12,9813
2609,陽明,14,5,9,元大-八德,2023-12-12,9813
00929,復華台灣科技優息,738,36,702,元大-八德,2023-12-13,9813
00937B,群益ESG投等債20,501,2,499,元大-八德,2023-12-13,9813
00919,群益台灣精選高息,234,2,232,元大-八德,2023-12-13,9813
00715L,期街口布蘭特正2,310,99,211,元大-八德,2023-12-13,9813
2515,中工,325,131,194,元大-八德,2023-12-13,9813
5521,工信,204,16,188,元大-八德,2023-12-13,9813
00933B,國泰10Y+金融債,133,10,123,元大-八德,2023-12-13,9813
1513,中興電,91,6,85,元大-八德,2023-12-13,9813
3704,合勤控,96,18,78,元大-八德,2023-12-13,9813
00900,富邦特選高股息30,68,5,63,元大-八德,2023-12-13,9813
3024,憶聲,50,0,50,元大-八德,2023-12-13,9813
5533,皇鼎,48,0,48,元大-八德,2023-12-13,9813
00720B,元大投資級公司債,41,0,41,元大-八德,2023-12-13,9813
00679B,元大美債20年,53,14,39,元大-八德,2023-12-13,9813
3715,定穎投控,42,10,32,元大-八德,2023-12-13,9813
3171,炎洲流通,32,0,32,元大-八德,2023-12-13,9813
8089,康全電訊,32,0,32,元大-八德,2023-12-13,9813
1445,大宇,29,0,29,元大-八德,2023-12-13,9813
2618,長榮航,29,2,27,元大-八德,2023-12-13,9813
2609,陽明,25,0,25,元大-八德,2023-12-13,9813
00642U,期元大S＆P石油,27,2,25,元大-八德,2023-12-13,9813
00882,中信中國高股息,35,11,24,元大-八德,2023-12-13,9813
2002,中鋼,33,12,21,元大-八德,2023-12-13,9813
6271,同欣電,23,3,20,元大-八德,2023-12-13,9813
00633L,富邦上証正2,20,0,20,元大-八德,2023-12-13,9813
6209,今國光,22,2,20,元大-八德,2023-12-13,9813
2387,精元,33,14,19,元大-八德,2023-12-13,9813
2457,飛宏,20,1,19,元大-八德,2023-12-13,9813
3005,神基,23,4,19,元大-八德,2023-12-13,9813
4961,天鈺,19,0,19,元大-八德,2023-12-13,9813
8277,商丞,18,0,18,元大-八德,2023-12-13,9813
00936,台新永續高息中小,16,0,16,元大-八德,2023-12-13,9813
2637,慧洋-KY,18,2,16,元大-八德,2023-12-13,9813
2612,中航,31,16,15,元大-八德,2023-12-13,9813
00722B,群益投資級電信債,15,0,15,元大-八德,2023-12-13,9813
3017,奇鋐,19,6,13,元大-八德,2023-12-13,9813
1220,台榮,13,0,13,元大-八德,2023-12-13,9813
1101,台泥,13,0,13,元大-八德,2023-12-13,9813
2883,凱基金,18,5,13,元大-八德,2023-12-13,9813
2882,國泰金,12,0,12,元大-八德,2023-12-13,9813
00753L,中信中國50正2,12,0,12,元大-八德,2023-12-13,9813
2402,毅嘉,13,1,12,元大-八德,2023-12-13,9813
6292,迅德,13,1,12,元大-八德,2023-12-13,9813
2344,華邦電,11,0,11,元大-八德,2023-12-13,9813
3706,神達,106,95,11,元大-八德,2023-12-13,9813
6139,亞翔,11,0,11,元大-八德,2023-12-13,9813
8112,至上,38,27,11,元大-八德,2023-12-13,9813
00772B,中信高評級公司債,10,0,10,元大-八德,2023-12-13,9813
1303,南亞,10,0,10,元大-八德,2023-12-13,9813
00891,中信關鍵半導體,10,0,10,元大-八德,2023-12-13,9813
3041,揚智,273,17,256,元大-八德,2023-12-14,9813
00933B,國泰10Y+金融債,214,0,214,元大-八德,2023-12-14,9813
00937B,群益ESG投等債20,156,11,145,元大-八德,2023-12-14,9813
00919,群益台灣精選高息,127,2,125,元大-八德,2023-12-14,9813
00720B,元大投資級公司債,101,3,98,元大-八德,2023-12-14,9813
00929,復華台灣科技優息,100,19,81,元大-八德,2023-12-14,9813
2492,華新科,90,11,79,元大-八德,2023-12-14,9813
2313,華通,239,175,64,元大-八德,2023-12-14,9813
3645,達邁,64,1,63,元大-八德,2023-12-14,9813
00936,台新永續高息中小,59,0,59,元大-八德,2023-12-14,9813
2382,廣達,128,78,50,元大-八德,2023-12-14,9813
1445,大宇,46,0,46,元大-八德,2023-12-14,9813
2387,精元,46,0,46,元大-八德,2023-12-14,9813
1522,堤維西,41,2,39,元大-八德,2023-12-14,9813
8089,康全電訊,45,10,35,元大-八德,2023-12-14,9813
6168,宏齊,32,0,32,元大-八德,2023-12-14,9813
6269,台郡,31,0,31,元大-八德,2023-12-14,9813
6284,佳邦,48,18,30,元大-八德,2023-12-14,9813
00722B,群益投資級電信債,30,0,30,元大-八德,2023-12-14,9813
00918,大華優利高填息30,29,0,29,元大-八德,2023-12-14,9813
00632R,元大台灣50反1,30,7,23,元大-八德,2023-12-14,9813
2634,漢翔,22,0,22,元大-八德,2023-12-14,9813
5351,鈺創,28,6,22,元大-八德,2023-12-14,9813
8069,元太,21,1,20,元大-八德,2023-12-14,9813
4164,承業醫,20,1,19,元大-八德,2023-12-14,9813
2609,陽明,18,0,18,元大-八德,2023-12-14,9813
6122,擎邦,18,0,18,元大-八德,2023-12-14,9813
00934,中信成長高股息,18,0,18,元大-八德,2023-12-14,9813
00891,中信關鍵半導體,18,1,17,元大-八德,2023-12-14,9813
00764B,群益25年美債,17,0,17,元大-八德,2023-12-14,9813
2329,華泰,24,8,16,元大-八德,2023-12-14,9813
6290,良維,20,4,16,元大-八德,2023-12-14,9813
3231,緯創,26,10,16,元大-八德,2023-12-14,9813
2059,川湖,15,0,15,元大-八德,2023-12-14,9813
00751B,元大AAA至A公司債,23,8,15,元大-八德,2023-12-14,9813
020023,元大櫃買半導體N,15,0,15,元大-八德,2023-12-14,9813
5522,遠雄,15,0,15,元大-八德,2023-12-14,9813
3702,大聯大,14,0,14,元大-八德,2023-12-14,9813
3481,群創,19,5,14,元大-八德,2023-12-14,9813
00679B,元大美債20年,26,13,13,元大-八德,2023-12-14,9813
00922,國泰台灣領袖50,13,0,13,元大-八德,2023-12-14,9813
8011,台通,13,0,13,元大-八德,2023-12-14,9813
2885,元大金,22,9,13,元大-八德,2023-12-14,9813
020034,元大IC設計N,12,0,12,元大-八德,2023-12-14,9813
1591,駿吉-KY,12,0,12,元大-八德,2023-12-14,9813
2402,毅嘉,13,1,12,元大-八德,2023-12-14,9813
00642U,期元大S＆P石油,30,19,11,元大-八德,2023-12-14,9813
00882,中信中國高股息,11,0,11,元大-八德,2023-12-14,9813
1316,上曜,11,0,11,元大-八德,2023-12-14,9813
2615,萬海,11,0,11,元大-八德,2023-12-14,9813
00720B,元大投資級公司債,169,2,167,元大-八德,2023-12-15,9813
00687B,國泰20年美債,170,6,164,元大-八德,2023-12-15,9813
00919,群益台灣精選高息,151,6,145,元大-八德,2023-12-15,9813
1445,大宇,138,0,138,元大-八德,2023-12-15,9813
00637L,元大滬深300正2,118,1,117,元大-八德,2023-12-15,9813
5328,華容,90,0,90,元大-八德,2023-12-15,9813
00933B,國泰10Y+金融債,81,0,81,元大-八德,2023-12-15,9813
00929,復華台灣科技優息,196,126,70,元大-八德,2023-12-15,9813
00937B,群益ESG投等債20,72,10,62,元大-八德,2023-12-15,9813
2363,矽統,141,79,62,元大-八德,2023-12-15,9813
5533,皇鼎,50,0,50,元大-八德,2023-12-15,9813
2358,廷鑫,47,0,47,元大-八德,2023-12-15,9813
3171,炎洲流通,42,0,42,元大-八德,2023-12-15,9813
2457,飛宏,88,47,41,元大-八德,2023-12-15,9813
00891,中信關鍵半導體,40,2,38,元大-八德,2023-12-15,9813
020023,元大櫃買半導體N,35,0,35,元大-八德,2023-12-15,9813
00772B,中信高評級公司債,32,3,29,元大-八德,2023-12-15,9813
2892,第一金,30,2,28,元大-八德,2023-12-15,9813
3017,奇鋐,30,2,28,元大-八德,2023-12-15,9813
00751B,元大AAA至A公司債,32,4,28,元大-八德,2023-12-15,9813
0056,元大高股息,40,13,27,元大-八德,2023-12-15,9813
02001L,富邦蘋果正二N,31,5,26,元大-八德,2023-12-15,9813
00679B,元大美債20年,47,23,24,元大-八德,2023-12-15,9813
00936,台新永續高息中小,24,0,24,元大-八德,2023-12-15,9813
2476,鉅祥,30,6,24,元大-八德,2023-12-15,9813
4906,正文,25,1,24,元大-八德,2023-12-15,9813
8112,至上,24,1,23,元大-八德,2023-12-15,9813
5347,世界,22,0,22,元大-八德,2023-12-15,9813
2030,彰源,28,6,22,元大-八德,2023-12-15,9813
2329,華泰,36,15,21,元大-八德,2023-12-15,9813
020034,元大IC設計N,21,0,21,元大-八德,2023-12-15,9813
1815,富喬,21,0,21,元大-八德,2023-12-15,9813
3710,連展投控,21,0,21,元大-八德,2023-12-15,9813
6456,GIS-KY,27,6,21,元大-八德,2023-12-15,9813
2801,彰銀,20,0,20,元大-八德,2023-12-15,9813
3548,兆利,20,0,20,元大-八德,2023-12-15,9813
2382,廣達,24,5,19,元大-八德,2023-12-15,9813
2059,川湖,19,2,17,元大-八德,2023-12-15,9813
2356,英業達,236,220,16,元大-八德,2023-12-15,9813
9945,潤泰新,16,0,16,元大-八德,2023-12-15,9813
3231,緯創,20,4,16,元大-八德,2023-12-15,9813
2913,農林,16,0,16,元大-八德,2023-12-15,9813
3483,力致,16,0,16,元大-八德,2023-12-15,9813
3290,東浦,15,0,15,元大-八德,2023-12-15,9813
6658,聯策,16,1,15,元大-八德,2023-12-15,9813
2515,中工,83,68,15,元大-八德,2023-12-15,9813
5351,鈺創,15,1,14,元大-八德,2023-12-15,9813
1303,南亞,24,10,14,元大-八德,2023-12-15,9813
00688L,國泰20年美債正2,13,0,13,元大-八德,2023-12-15,9813
6122,擎邦,15,2,13,元大-八德,2023-12-15,9813
00933B,國泰10Y+金融債,505,3,502,元大-八德,2023-12-18,9813
00919,群益台灣精選高息,488,2,486,元大-八德,2023-12-18,9813
00931B,統一美債20年,403,0,403,元大-八德,2023-12-18,9813
00680L,元大美債20正2,410,148,262,元大-八德,2023-12-18,9813
2609,陽明,306,172,134,元大-八德,2023-12-18,9813
2002,中鋼,53,3,50,元大-八德,2023-12-18,9813
00751B,元大AAA至A公司債,46,0,46,元大-八德,2023-12-18,9813
2356,英業達,82,38,44,元大-八德,2023-12-18,9813
00688L,國泰20年美債正2,91,50,41,元大-八德,2023-12-18,9813
2867,三商壽,39,0,39,元大-八德,2023-12-18,9813
2038,海光,41,5,36,元大-八德,2023-12-18,9813
2913,農林,42,12,30,元大-八德,2023-12-18,9813
2313,華通,50,22,28,元大-八德,2023-12-18,9813
1905,華紙,28,1,27,元大-八德,2023-12-18,9813
5351,鈺創,26,0,26,元大-八德,2023-12-18,9813
00937B,群益ESG投等債20,44,19,25,元大-八德,2023-12-18,9813
4906,正文,25,0,25,元大-八德,2023-12-18,9813
2029,盛餘,22,0,22,元大-八德,2023-12-18,9813
2014,中鴻,154,133,21,元大-八德,2023-12-18,9813
00934,中信成長高股息,21,0,21,元大-八德,2023-12-18,9813
6668,中揚光,21,0,21,元大-八德,2023-12-18,9813
020034,元大IC設計N,20,0,20,元大-八德,2023-12-18,9813
00900,富邦特選高股息30,31,12,19,元大-八德,2023-12-18,9813
2618,長榮航,40,21,19,元大-八德,2023-12-18,9813
2888,新光金,31,12,19,元大-八德,2023-12-18,9813
00878,國泰永續高股息,21,2,19,元大-八德,2023-12-18,9813
00918,大華優利高填息30,18,0,18,元大-八德,2023-12-18,9813
6576,逸達,18,0,18,元大-八德,2023-12-18,9813
1732,毛寶,16,0,16,元大-八德,2023-12-18,9813
2324,仁寶,50,34,16,元大-八德,2023-12-18,9813
020023,元大櫃買半導體N,15,0,15,元大-八德,2023-12-18,9813
3260,威剛,18,3,15,元大-八德,2023-12-18,9813
5522,遠雄,15,0,15,元大-八德,2023-12-18,9813
00922,國泰台灣領袖50,14,0,14,元大-八德,2023-12-18,9813
3019,亞光,15,1,14,元大-八德,2023-12-18,9813
2476,鉅祥,14,0,14,元大-八德,2023-12-18,9813
5425,台半,18,4,14,元大-八德,2023-12-18,9813
1303,南亞,15,2,13,元大-八德,2023-12-18,9813
4768,晶呈科技,15,2,13,元大-八德,2023-12-18,9813
3006,晶豪科,82,70,12,元大-八德,2023-12-18,9813
1582,信錦,14,2,12,元大-八德,2023-12-18,9813
5347,世界,12,0,12,元大-八德,2023-12-18,9813
8277,商丞,12,0,12,元大-八德,2023-12-18,9813
2882,國泰金,11,0,11,元大-八德,2023-12-18,9813
02001L,富邦蘋果正二N,11,0,11,元大-八德,2023-12-18,9813
2481,強茂,13,2,11,元大-八德,2023-12-18,9813
3052,夆典,11,0,11,元大-八德,2023-12-18,9813
5210,寶碩,11,0,11,元大-八德,2023-12-18,9813
6005,群益證,11,0,11,元大-八德,2023-12-18,9813
00772B,中信高評級公司債,12,2,10,元大-八德,2023-12-18,9813
00929,復華台灣科技優息,320,57,263,元大-八德,2023-12-19,9813
2913,農林,156,33,123,元大-八德,2023-12-19,9813
00919,群益台灣精選高息,100,4,96,元大-八德,2023-12-19,9813
8277,商丞,68,0,68,元大-八德,2023-12-19,9813
2355,敬鵬,68,6,62,元大-八德,2023-12-19,9813
2007,燁興,60,0,60,元大-八德,2023-12-19,9813
00937B,群益ESG投等債20,93,34,59,元大-八德,2023-12-19,9813
0056,元大高股息,55,6,49,元大-八德,2023-12-19,9813
4960,誠美材,50,4,46,元大-八德,2023-12-19,9813
5460,同協,44,0,44,元大-八德,2023-12-19,9813
00934,中信成長高股息,42,0,42,元大-八德,2023-12-19,9813
0050,元大台灣50,40,1,39,元大-八德,2023-12-19,9813
2344,華邦電,39,4,35,元大-八德,2023-12-19,9813
2356,英業達,67,33,34,元大-八德,2023-12-19,9813
2892,第一金,33,0,33,元大-八德,2023-12-19,9813
00933B,國泰10Y+金融債,37,5,32,元大-八德,2023-12-19,9813
00688L,國泰20年美債正2,29,0,29,元大-八德,2023-12-19,9813
6222,上揚,29,0,29,元大-八德,2023-12-19,9813
2515,中工,138,111,27,元大-八德,2023-12-19,9813
3044,健鼎,33,7,26,元大-八德,2023-12-19,9813
2882,國泰金,26,1,25,元大-八德,2023-12-19,9813
00720B,元大投資級公司債,30,6,24,元大-八德,2023-12-19,9813
2324,仁寶,29,5,24,元大-八德,2023-12-19,9813
2636,台驊控股,42,19,23,元大-八德,2023-12-19,9813
2881,富邦金,24,2,22,元大-八德,2023-12-19,9813
2885,元大金,21,0,21,元大-八德,2023-12-19,9813
2915,潤泰全,21,0,21,元大-八德,2023-12-19,9813
1314,中石化,19,0,19,元大-八德,2023-12-19,9813
2030,彰源,28,10,18,元大-八德,2023-12-19,9813
3710,連展投控,18,0,18,元大-八德,2023-12-19,9813
2002,中鋼,27,10,17,元大-八德,2023-12-19,9813
00918,大華優利高填息30,16,1,15,元大-八德,2023-12-19,9813
6005,群益證,15,0,15,元大-八德,2023-12-19,9813
4133,亞諾法,40,26,14,元大-八德,2023-12-19,9813
2409,友達,13,0,13,元大-八德,2023-12-19,9813
00751B,元大AAA至A公司債,24,11,13,元大-八德,2023-12-19,9813
2337,旺宏,13,0,13,元大-八德,2023-12-19,9813
00891,中信關鍵半導體,12,0,12,元大-八德,2023-12-19,9813
6182,合晶,15,3,12,元大-八德,2023-12-19,9813
4171,瑞基,11,0,11,元大-八德,2023-12-19,9813
2610,華航,11,0,11,元大-八德,2023-12-19,9813
2031,新光鋼,15,4,11,元大-八德,2023-12-19,9813
3552,同致,11,0,11,元大-八德,2023-12-19,9813
3707,漢磊,11,0,11,元大-八德,2023-12-19,9813
9919,康那香,12,1,11,元大-八德,2023-12-19,9813
3105,穩懋,13,2,11,元大-八德,2023-12-19,9813
00680L,元大美債20正2,10,0,10,元大-八德,2023-12-19,9813
020023,元大櫃買半導體N,10,0,10,元大-八德,2023-12-19,9813
1218,泰山,10,0,10,元大-八德,2023-12-19,9813
1303,南亞,12,2,10,元大-八德,2023-12-19,9813
9105,泰金寶-DR,1000,210,790,元大-八德,2023-12-20,9813
00751B,元大AAA至A公司債,458,0,458,元大-八德,2023-12-20,9813
00900,富邦特選高股息30,212,6,206,元大-八德,2023-12-20,9813
2353,宏��,200,82,118,元大-八德,2023-12-20,9813
00929,復華台灣科技優息,86,1,85,元大-八德,2023-12-20,9813
2313,華通,65,10,55,元大-八德,2023-12-20,9813
00680L,元大美債20正2,52,0,52,元大-八德,2023-12-20,9813
2371,大同,110,61,49,元大-八德,2023-12-20,9813
00688L,國泰20年美債正2,41,0,41,元大-八德,2023-12-20,9813
2882,國泰金,39,0,39,元大-八德,2023-12-20,9813
00720B,元大投資級公司債,38,1,37,元大-八德,2023-12-20,9813
2887F,台新戊特二,36,0,36,元大-八德,2023-12-20,9813
6179,亞通,34,0,34,元大-八德,2023-12-20,9813
00692,富邦公司治理,30,0,30,元大-八德,2023-12-20,9813
00919,群益台灣精選高息,37,10,27,元大-八德,2023-12-20,9813
2033,佳大,64,40,24,元大-八德,2023-12-20,9813
020034,元大IC設計N,20,0,20,元大-八德,2023-12-20,9813
2101,南港,20,0,20,元大-八德,2023-12-20,9813
2442,新美齊,20,0,20,元大-八德,2023-12-20,9813
4129,聯合,20,0,20,元大-八德,2023-12-20,9813
4164,承業醫,20,0,20,元大-八德,2023-12-20,9813
2885,元大金,17,0,17,元大-八德,2023-12-20,9813
00882,中信中國高股息,17,0,17,元大-八德,2023-12-20,9813
6415,矽力*-KY,17,0,17,元大-八德,2023-12-20,9813
2032,新鋼,20,5,15,元大-八德,2023-12-20,9813
3171,炎洲流通,15,0,15,元大-八德,2023-12-20,9813
2883,凱基金,13,0,13,元大-八德,2023-12-20,9813
00933B,國泰10Y+金融債,12,0,12,元大-八德,2023-12-20,9813
2476,鉅祥,12,0,12,元大-八德,2023-12-20,9813
6222,上揚,12,0,12,元大-八德,2023-12-20,9813
8069,元太,20,8,12,元大-八德,2023-12-20,9813
3624,光頡,11,0,11,元大-八德,2023-12-20,9813
3373,熱映,10,0,10,元大-八德,2023-12-20,9813
00633L,富邦上証正2,10,0,10,元大-八德,2023-12-20,9813
00753L,中信中國50正2,10,0,10,元大-八德,2023-12-20,9813
00724B,群益投資級金融債,10,0,10,元大-八德,2023-12-20,9813
00876,元大全球5G,10,0,10,元大-八德,2023-12-20,9813
00897,富邦基因免疫生技,10,0,10,元大-八德,2023-12-20,9813
020027,元大上櫃ESG成長N,10,0,10,元大-八德,2023-12-20,9813
020023,元大櫃買半導體N,10,0,10,元大-八德,2023-12-20,9813
020040,元大上櫃ESG龍頭N,10,0,10,元大-八德,2023-12-20,9813
2377,微星,24,14,10,元大-八德,2023-12-20,9813
6276,安鈦克,10,0,10,元大-八德,2023-12-20,9813
00936,台新永續高息中小,9,0,9,元大-八德,2023-12-20,9813
8936,國統,10,1,9,元大-八德,2023-12-20,9813
2382,廣達,24,16,8,元大-八德,2023-12-20,9813
2618,長榮航,11,3,8,元大-八德,2023-12-20,9813
2891,中信金,9,1,8,元大-八德,2023-12-20,9813
2892,第一金,8,0,8,元大-八德,2023-12-20,9813
2905,三商,8,0,8,元大-八德,2023-12-20,9813
2610,華航,384,6,378,元大-八德,2023-12-21,9813
00937B,群益ESG投等債20,282,20,262,元大-八德,2023-12-21,9813
00919,群益台灣精選高息,173,0,173,元大-八德,2023-12-21,9813
2408,南亞科,130,62,68,元大-八德,2023-12-21,9813
2890,永豐金,42,0,42,元大-八德,2023-12-21,9813
2331,精英,47,7,40,元大-八德,2023-12-21,9813
00680L,元大美債20正2,53,15,38,元大-八德,2023-12-21,9813
6668,中揚光,38,1,37,元大-八德,2023-12-21,9813
2801,彰銀,33,0,33,元大-八德,2023-12-21,9813
00929,復華台灣科技優息,65,32,33,元大-八德,2023-12-21,9813
2303,聯電,26,0,26,元大-八德,2023-12-21,9813
1303,南亞,28,5,23,元大-八德,2023-12-21,9813
4306,炎洲,23,0,23,元大-八德,2023-12-21,9813
2882,國泰金,22,0,22,元大-八德,2023-12-21,9813
00931B,統一美債20年,20,0,20,元大-八德,2023-12-21,9813
2748,雲品,20,0,20,元大-八德,2023-12-21,9813
1217,愛之味,21,2,19,元大-八德,2023-12-21,9813
2330,台積電,19,3,16,元大-八德,2023-12-21,9813
2603,長榮,37,23,14,元大-八德,2023-12-21,9813
00753L,中信中國50正2,13,0,13,元大-八德,2023-12-21,9813
2014,中鴻,23,10,13,元大-八德,2023-12-21,9813
4989,榮科,12,0,12,元大-八德,2023-12-21,9813
2891,中信金,16,5,11,元大-八德,2023-12-21,9813
1503,士電,11,0,11,元大-八德,2023-12-21,9813
6415,矽力*-KY,14,3,11,元大-八德,2023-12-21,9813
5426,振發,12,1,11,元大-八德,2023-12-21,9813
2886,兆豐金,10,0,10,元大-八德,2023-12-21,9813
00692,富邦公司治理,10,0,10,元大-八德,2023-12-21,9813
1815,富喬,10,0,10,元大-八德,2023-12-21,9813
2399,映泰,10,0,10,元大-八德,2023-12-21,9813
6541,泰福-KY,10,0,10,元大-八德,2023-12-21,9813
8088,品安,10,0,10,元大-八德,2023-12-21,9813
8444,綠河-KY,10,0,10,元大-八德,2023-12-21,9813
1301,台塑,10,0,10,元大-八德,2023-12-21,9813
00878,國泰永續高股息,13,3,10,元大-八德,2023-12-21,9813
6235,華孚,10,1,9,元大-八德,2023-12-21,9813
3706,神達,17,9,8,元大-八德,2023-12-21,9813
3122,笙泉,10,2,8,元大-八德,2023-12-21,9813
3521,鴻翊,8,0,8,元大-八德,2023-12-21,9813
2324,仁寶,51,43,8,元大-八德,2023-12-21,9813
3035,智原,14,7,7,元大-八德,2023-12-21,9813
2368,金像電,7,0,7,元大-八德,2023-12-21,9813
2022,聚亨,7,0,7,元大-八德,2023-12-21,9813
2605,新興,17,10,7,元大-八德,2023-12-21,9813
3081,聯亞,7,0,7,元大-八德,2023-12-21,9813
6290,良維,7,0,7,元大-八德,2023-12-21,9813
8936,國統,7,0,7,元大-八德,2023-12-21,9813
2615,萬海,22,15,7,元大-八德,2023-12-21,9813
2377,微星,7,1,6,元大-八德,2023-12-21,9813
3260,威剛,8,2,6,元大-八德,2023-12-21,9813
00937B,群益ESG投等債20,244,1,243,元大-八德,2023-12-22,9813
00665L,富邦�琤肭磪囓�2,201,0,201,元大-八德,2023-12-22,9813
2610,華航,223,31,192,元大-八德,2023-12-22,9813
2353,宏��,90,9,81,元大-八德,2023-12-22,9813
00919,群益台灣精選高息,78,4,74,元大-八德,2023-12-22,9813
2344,華邦電,91,34,57,元大-八德,2023-12-22,9813
00931B,統一美債20年,50,0,50,元大-八德,2023-12-22,9813
2618,長榮航,73,32,41,元大-八德,2023-12-22,9813
2408,南亞科,49,10,39,元大-八德,2023-12-22,9813
3702,大聯大,40,1,39,元大-八德,2023-12-22,9813
2377,微星,31,1,30,元大-八德,2023-12-22,9813
1519,華城,30,1,29,元大-八德,2023-12-22,9813
00929,復華台灣科技優息,28,1,27,元大-八德,2023-12-22,9813
1477,聚陽,25,0,25,元大-八德,2023-12-22,9813
2356,英業達,105,81,24,元大-八德,2023-12-22,9813
2312,金寶,20,0,20,元大-八德,2023-12-22,9813
5210,寶碩,20,0,20,元大-八德,2023-12-22,9813
5460,同協,20,0,20,元大-八德,2023-12-22,9813
8112,至上,21,2,19,元大-八德,2023-12-22,9813
2882,國泰金,19,0,19,元大-八德,2023-12-22,9813
00720B,元大投資級公司債,29,10,19,元大-八德,2023-12-22,9813
00751B,元大AAA至A公司債,19,0,19,元大-八德,2023-12-22,9813
3036,文曄,20,1,19,元大-八德,2023-12-22,9813
2388,威盛,23,4,19,元大-八德,2023-12-22,9813
2324,仁寶,26,8,18,元大-八德,2023-12-22,9813
3362,先進光,18,1,17,元大-八德,2023-12-22,9813
00642U,期元大S＆P石油,15,0,15,元大-八德,2023-12-22,9813
1303,南亞,20,5,15,元大-八德,2023-12-22,9813
2801,彰銀,15,0,15,元大-八德,2023-12-22,9813
3013,晟銘電,16,1,15,元大-八德,2023-12-22,9813
2029,盛餘,14,0,14,元大-八德,2023-12-22,9813
00772B,中信高評級公司債,13,0,13,元大-八德,2023-12-22,9813
00679B,元大美債20年,14,2,12,元大-八德,2023-12-22,9813
6461,益得,12,0,12,元大-八德,2023-12-22,9813
2376,技嘉,11,0,11,元大-八德,2023-12-22,9813
3231,緯創,25,14,11,元大-八德,2023-12-22,9813
1444,力麗,11,0,11,元大-八德,2023-12-22,9813
2337,旺宏,11,1,10,元大-八德,2023-12-22,9813
2601,益航,10,0,10,元大-八德,2023-12-22,9813
4138,曜亞,10,0,10,元大-八德,2023-12-22,9813
5381,合正,10,0,10,元大-八德,2023-12-22,9813
5469,瀚宇博,10,0,10,元大-八德,2023-12-22,9813
8089,康全電訊,10,0,10,元大-八德,2023-12-22,9813
8936,國統,10,0,10,元大-八德,2023-12-22,9813
00722B,群益投資級電信債,9,0,9,元大-八德,2023-12-22,9813
00773B,中信優先金融債,13,5,8,元大-八德,2023-12-22,9813
1799,易威,11,3,8,元大-八德,2023-12-22,9813
2313,華通,12,4,8,元大-八德,2023-12-22,9813
8088,品安,12,4,8,元大-八德,2023-12-22,9813
00934,中信成長高股息,8,0,8,元大-八德,2023-12-22,9813
2324,仁寶,237,31,206,元大-八德,2023-12-25,9813
4960,誠美材,200,0,200,元大-八德,2023-12-25,9813
00919,群益台灣精選高息,84,2,82,元大-八德,2023-12-25,9813
2609,陽明,182,112,70,元大-八德,2023-12-25,9813
00687B,國泰20年美債,53,1,52,元大-八德,2023-12-25,9813
2313,華通,53,3,50,元大-八德,2023-12-25,9813
2634,漢翔,50,1,49,元大-八德,2023-12-25,9813
00937B,群益ESG投等債20,49,5,44,元大-八德,2023-12-25,9813
2607,榮運,40,1,39,元大-八德,2023-12-25,9813
2605,新興,47,10,37,元大-八德,2023-12-25,9813
5515,建國,30,2,28,元大-八德,2023-12-25,9813
00642U,期元大S＆P石油,26,0,26,元大-八德,2023-12-25,9813
6269,台郡,26,0,26,元大-八德,2023-12-25,9813
1733,五鼎,25,3,22,元大-八德,2023-12-25,9813
6443,元晶,22,0,22,元大-八德,2023-12-25,9813
1319,東陽,20,0,20,元大-八德,2023-12-25,9813
8085,福華,25,5,20,元大-八德,2023-12-25,9813
2208,台船,19,0,19,元大-八德,2023-12-25,9813
2515,中工,19,1,18,元大-八德,2023-12-25,9813
3479,安勤,26,8,18,元大-八德,2023-12-25,9813
3521,鴻翊,16,0,16,元大-八德,2023-12-25,9813
2344,華邦電,15,0,15,元大-八德,2023-12-25,9813
5608,四維航,15,1,14,元大-八德,2023-12-25,9813
8277,商丞,14,0,14,元大-八德,2023-12-25,9813
00933B,國泰10Y+金融債,13,0,13,元大-八德,2023-12-25,9813
2641,正德,16,3,13,元大-八德,2023-12-25,9813
6117,迎廣,56,43,13,元大-八德,2023-12-25,9813
8050,廣積,12,0,12,元大-八德,2023-12-25,9813
2885,元大金,14,2,12,元大-八德,2023-12-25,9813
4979,華星光,11,0,11,元大-八德,2023-12-25,9813
1460,宏遠,10,0,10,元大-八德,2023-12-25,9813
2506,太設,13,3,10,元大-八德,2023-12-25,9813
5258,虹堡,10,1,9,元大-八德,2023-12-25,9813
00878,國泰永續高股息,13,5,8,元大-八德,2023-12-25,9813
00720B,元大投資級公司債,7,0,7,元大-八德,2023-12-25,9813
6695,芯鼎,7,0,7,元大-八德,2023-12-25,9813
00857B,永豐20年美公債,7,0,7,元大-八德,2023-12-25,9813
2368,金像電,7,0,7,元大-八德,2023-12-25,9813
00929,復華台灣科技優息,9,2,7,元大-八德,2023-12-25,9813
6139,亞翔,8,1,7,元大-八德,2023-12-25,9813
1326,台化,7,1,6,元大-八德,2023-12-25,9813
1514,亞力,9,3,6,元大-八德,2023-12-25,9813
00680L,元大美債20正2,6,0,6,元大-八德,2023-12-25,9813
00751B,元大AAA至A公司債,6,0,6,元大-八德,2023-12-25,9813
1605,華新,6,0,6,元大-八德,2023-12-25,9813
2408,南亞科,6,0,6,元大-八德,2023-12-25,9813
2643,捷迅,7,1,6,元大-八德,2023-12-25,9813
3362,先進光,8,2,6,元大-八德,2023-12-25,9813
4306,炎洲,6,0,6,元大-八德,2023-12-25,9813
4770,上品,6,0,6,元大-八德,2023-12-25,9813
3041,揚智,102,0,102,元大-八德,2023-12-26,9813
2313,華通,65,1,64,元大-八德,2023-12-26,9813
3596,智易,61,1,60,元大-八德,2023-12-26,9813
00919,群益台灣精選高息,60,4,56,元大-八德,2023-12-26,9813
2889,國票金,62,10,52,元大-八德,2023-12-26,9813
00633L,富邦上証正2,50,0,50,元大-八德,2023-12-26,9813
2409,友達,62,15,47,元大-八德,2023-12-26,9813
3293,鈊象,46,0,46,元大-八德,2023-12-26,9813
3481,群創,69,24,45,元大-八德,2023-12-26,9813
2887F,台新戊特二,45,0,45,元大-八德,2023-12-26,9813
5388,中磊,38,0,38,元大-八德,2023-12-26,9813
2610,華航,36,1,35,元大-八德,2023-12-26,9813
00720B,元大投資級公司債,31,0,31,元大-八德,2023-12-26,9813
2408,南亞科,34,5,29,元大-八德,2023-12-26,9813
3006,晶豪科,42,15,27,元大-八德,2023-12-26,9813
1733,五鼎,25,1,24,元大-八德,2023-12-26,9813
8085,福華,23,0,23,元大-八德,2023-12-26,9813
2634,漢翔,22,0,22,元大-八德,2023-12-26,9813
3521,鴻翊,22,0,22,元大-八德,2023-12-26,9813
00937B,群益ESG投等債20,21,0,21,元大-八德,2023-12-26,9813
6414,樺漢,20,0,20,元大-八德,2023-12-26,9813
00680L,元大美債20正2,20,0,20,元大-八德,2023-12-26,9813
2356,英業達,65,47,18,元大-八德,2023-12-26,9813
1326,台化,20,3,17,元大-八德,2023-12-26,9813
00632R,元大台灣50反1,15,0,15,元大-八德,2023-12-26,9813
00933B,國泰10Y+金融債,15,0,15,元大-八德,2023-12-26,9813
5398,慕康生醫,15,0,15,元大-八德,2023-12-26,9813
1304,台聚,14,0,14,元大-八德,2023-12-26,9813
3390,旭軟,20,6,14,元大-八德,2023-12-26,9813
1514,亞力,15,2,13,元大-八德,2023-12-26,9813
2913,農林,18,7,11,元大-八德,2023-12-26,9813
00719B,元大美債1-3,10,0,10,元大-八德,2023-12-26,9813
2442,新美齊,10,0,10,元大-八德,2023-12-26,9813
3552,同致,10,0,10,元大-八德,2023-12-26,9813
5425,台半,10,0,10,元大-八德,2023-12-26,9813
8089,康全電訊,12,2,10,元大-八德,2023-12-26,9813
4743,合一,10,0,10,元大-八德,2023-12-26,9813
2476,鉅祥,9,0,9,元大-八德,2023-12-26,9813
2801,彰銀,9,0,9,元大-八德,2023-12-26,9813
3325,旭品,9,0,9,元大-八德,2023-12-26,9813
6269,台郡,10,1,9,元大-八德,2023-12-26,9813
1325,恆大,26,19,7,元大-八德,2023-12-26,9813
2355,敬鵬,7,0,7,元大-八德,2023-12-26,9813
2515,中工,7,0,7,元大-八德,2023-12-26,9813
3373,熱映,7,0,7,元大-八德,2023-12-26,9813
3588,通嘉,8,1,7,元大-八德,2023-12-26,9813
3706,神達,22,15,7,元大-八德,2023-12-26,9813
5460,同協,7,0,7,元大-八德,2023-12-26,9813
2388,威盛,15,9,6,元大-八德,2023-12-26,9813
3211,順達,6,0,6,元大-八德,2023-12-26,9813
00937B,群益ESG投等債20,108,0,108,元大-八德,2023-12-27,9813
00929,復華台灣科技優息,96,5,91,元大-八德,2023-12-27,9813
3231,緯創,95,17,78,元大-八德,2023-12-27,9813
3483,力致,62,2,60,元大-八德,2023-12-27,9813
2382,廣達,52,2,50,元大-八德,2023-12-27,9813
2371,大同,50,0,50,元大-八德,2023-12-27,9813
3041,揚智,49,6,43,元大-八德,2023-12-27,9813
1733,五鼎,58,18,40,元大-八德,2023-12-27,9813
00632R,元大台灣50反1,39,0,39,元大-八德,2023-12-27,9813
8112,至上,40,3,37,元大-八德,2023-12-27,9813
00919,群益台灣精選高息,34,2,32,元大-八德,2023-12-27,9813
020023,元大櫃買半導體N,25,0,25,元大-八德,2023-12-27,9813
00687B,國泰20年美債,27,5,22,元大-八德,2023-12-27,9813
00753L,中信中國50正2,21,0,21,元大-八德,2023-12-27,9813
2344,華邦電,125,104,21,元大-八德,2023-12-27,9813
00931B,統一美債20年,20,0,20,元大-八德,2023-12-27,9813
6278,台表科,21,1,20,元大-八德,2023-12-27,9813
2610,華航,25,5,20,元大-八德,2023-12-27,9813
2615,萬海,32,14,18,元大-八德,2023-12-27,9813
00751B,元大AAA至A公司債,18,0,18,元大-八德,2023-12-27,9813
2353,宏��,77,60,17,元大-八德,2023-12-27,9813
2606,裕民,17,3,14,元大-八德,2023-12-27,9813
3081,聯亞,14,0,14,元大-八德,2023-12-27,9813
00862B,中信投資級公司債,11,0,11,元大-八德,2023-12-27,9813
2618,長榮航,11,0,11,元大-八德,2023-12-27,9813
2887F,台新戊特二,11,0,11,元大-八德,2023-12-27,9813
6799,來頡,11,0,11,元大-八德,2023-12-27,9813
2337,旺宏,22,11,11,元大-八德,2023-12-27,9813
2342,茂矽,10,0,10,元大-八德,2023-12-27,9813
1504,東元,10,0,10,元大-八德,2023-12-27,9813
00680L,元大美債20正2,10,0,10,元大-八德,2023-12-27,9813
00780B,國泰A級金融債,10,0,10,元大-八德,2023-12-27,9813
00773B,中信優先金融債,10,0,10,元大-八德,2023-12-27,9813
00772B,中信高評級公司債,10,0,10,元大-八德,2023-12-27,9813
020026,兆豐上櫃ESG電菁N,10,0,10,元大-八德,2023-12-27,9813
2515,中工,12,2,10,元大-八德,2023-12-27,9813
3264,欣銓,10,0,10,元大-八德,2023-12-27,9813
6269,台郡,10,0,10,元大-八德,2023-12-27,9813
8271,宇瞻,15,5,10,元大-八德,2023-12-27,9813
00720B,元大投資級公司債,10,0,10,元大-八德,2023-12-27,9813
6488,環球晶,9,0,9,元大-八德,2023-12-27,9813
4979,華星光,14,5,9,元大-八德,2023-12-27,9813
5258,虹堡,9,1,8,元大-八德,2023-12-27,9813
1303,南亞,10,2,8,元大-八德,2023-12-27,9813
1325,恆大,23,15,8,元大-八德,2023-12-27,9813
3044,健鼎,18,10,8,元大-八德,2023-12-27,9813
6222,上揚,8,0,8,元大-八德,2023-12-27,9813
6695,芯鼎,28,20,8,元大-八德,2023-12-27,9813
2425,承啟,8,1,7,元大-八德,2023-12-27,9813
2607,榮運,7,0,7,元大-八德,2023-12-27,9813
00937B,群益ESG投等債20,687,0,687,元大-八德,2023-12-28,9813
8011,台通,108,1,107,元大-八德,2023-12-28,9813
3231,緯創,101,28,73,元大-八德,2023-12-28,9813
2303,聯電,236,169,67,元大-八德,2023-12-28,9813
2337,旺宏,68,9,59,元大-八德,2023-12-28,9813
2371,大同,50,0,50,元大-八德,2023-12-28,9813
5533,皇鼎,50,0,50,元大-八德,2023-12-28,9813
2356,英業達,69,23,46,元大-八德,2023-12-28,9813
00929,復華台灣科技優息,83,38,45,元大-八德,2023-12-28,9813
00921,兆豐龍頭等權重,45,0,45,元大-八德,2023-12-28,9813
6139,亞翔,40,0,40,元大-八德,2023-12-28,9813
3376,新日興,56,17,39,元大-八德,2023-12-28,9813
2367,燿華,43,5,38,元大-八德,2023-12-28,9813
2208,台船,35,0,35,元大-八德,2023-12-28,9813
2324,仁寶,63,31,32,元大-八德,2023-12-28,9813
1733,五鼎,35,4,31,元大-八德,2023-12-28,9813
2250,IKKA-KY,30,0,30,元大-八德,2023-12-28,9813
2887F,台新戊特二,28,0,28,元大-八德,2023-12-28,9813
2059,川湖,26,0,26,元大-八德,2023-12-28,9813
6843,進典,22,0,22,元大-八德,2023-12-28,9813
2606,裕民,21,0,21,元大-八德,2023-12-28,9813
2609,陽明,29,9,20,元大-八德,2023-12-28,9813
1504,東元,20,1,19,元大-八德,2023-12-28,9813
00753L,中信中國50正2,32,14,18,元大-八德,2023-12-28,9813
5452,佶優,18,0,18,元大-八德,2023-12-28,9813
2029,盛餘,17,0,17,元大-八德,2023-12-28,9813
2610,華航,19,3,16,元大-八德,2023-12-28,9813
020023,元大櫃買半導體N,15,0,15,元大-八德,2023-12-28,9813
020034,元大IC設計N,15,0,15,元大-八德,2023-12-28,9813
6415,矽力*-KY,17,2,15,元大-八德,2023-12-28,9813
5347,世界,30,15,15,元大-八德,2023-12-28,9813
00687B,國泰20年美債,13,0,13,元大-八德,2023-12-28,9813
00688L,國泰20年美債正2,12,0,12,元大-八德,2023-12-28,9813
3019,亞光,12,0,12,元大-八德,2023-12-28,9813
8112,至上,14,3,11,元大-八德,2023-12-28,9813
02001L,富邦蘋果正二N,10,0,10,元大-八德,2023-12-28,9813
020026,兆豐上櫃ESG電菁N,10,0,10,元大-八德,2023-12-28,9813
2392,正崴,10,0,10,元大-八德,2023-12-28,9813
2755,揚秦,10,0,10,元大-八德,2023-12-28,9813
1513,中興電,15,6,9,元大-八德,2023-12-28,9813
3702,大聯大,9,0,9,元大-八德,2023-12-28,9813
1514,亞力,14,5,9,元大-八德,2023-12-28,9813
2363,矽統,13,4,9,元大-八德,2023-12-28,9813
1532,勤美,8,0,8,元大-八德,2023-12-28,9813
1569,濱川,8,0,8,元大-八德,2023-12-28,9813
2515,中工,8,0,8,元大-八德,2023-12-28,9813
3035,智原,14,6,8,元大-八德,2023-12-28,9813
3305,昇貿,8,0,8,元大-八德,2023-12-28,9813
3479,安勤,8,0,8,元大-八德,2023-12-28,9813
1609,大亞,11,4,7,元大-八德,2023-12-28,9813
00937B,群益ESG投等債20,320,0,320,元大-八德,2023-12-29,9813
2303,聯電,156,7,149,元大-八德,2023-12-29,9813
2344,華邦電,118,39,79,元大-八德,2023-12-29,9813
00680L,元大美債20正2,74,4,70,元大-八德,2023-12-29,9813
3013,晟銘電,56,1,55,元大-八德,2023-12-29,9813
5533,皇鼎,50,1,49,元大-八德,2023-12-29,9813
00720B,元大投資級公司債,44,0,44,元大-八德,2023-12-29,9813
00919,群益台灣精選高息,51,8,43,元大-八德,2023-12-29,9813
00929,復華台灣科技優息,44,2,42,元大-八德,2023-12-29,9813
1319,東陽,40,1,39,元大-八德,2023-12-29,9813
6843,進典,36,0,36,元大-八德,2023-12-29,9813
3231,緯創,95,61,34,元大-八德,2023-12-29,9813
2382,廣達,60,27,33,元大-八德,2023-12-29,9813
3006,晶豪科,34,9,25,元大-八德,2023-12-29,9813
2897,王道銀行,23,0,23,元大-八德,2023-12-29,9813
2486,一詮,29,7,22,元大-八德,2023-12-29,9813
1815,富喬,20,0,20,元大-八德,2023-12-29,9813
2889,國票金,50,30,20,元大-八德,2023-12-29,9813
2331,精英,17,0,17,元大-八德,2023-12-29,9813
9945,潤泰新,17,0,17,元大-八德,2023-12-29,9813
2337,旺宏,21,5,16,元大-八德,2023-12-29,9813
00773B,中信優先金融債,15,0,15,元大-八德,2023-12-29,9813
5347,世界,15,2,13,元大-八德,2023-12-29,9813
1605,華新,12,0,12,元大-八德,2023-12-29,9813
00642U,期元大S＆P石油,12,0,12,元大-八德,2023-12-29,9813
2801,彰銀,16,4,12,元大-八德,2023-12-29,9813
3483,力致,13,1,12,元大-八德,2023-12-29,9813
6799,來頡,11,0,11,元大-八德,2023-12-29,9813
2603,長榮,11,0,11,元大-八德,2023-12-29,9813
00772B,中信高評級公司債,10,0,10,元大-八德,2023-12-29,9813
2492,華新科,10,0,10,元大-八德,2023-12-29,9813
3704,合勤控,10,0,10,元大-八德,2023-12-29,9813
00751B,元大AAA至A公司債,10,0,10,元大-八德,2023-12-29,9813
3260,威剛,27,18,9,元大-八德,2023-12-29,9813
1218,泰山,9,0,9,元大-八德,2023-12-29,9813
4979,華星光,14,5,9,元大-八德,2023-12-29,9813
5469,瀚宇博,10,1,9,元大-八德,2023-12-29,9813
2352,佳世達,52,44,8,元大-八德,2023-12-29,9813
020023,元大櫃買半導體N,8,0,8,元大-八德,2023-12-29,9813
1514,亞力,15,7,8,元大-八德,2023-12-29,9813
2409,友達,11,4,7,元大-八德,2023-12-29,9813
00878,國泰永續高股息,8,1,7,元大-八德,2023-12-29,9813
00933B,國泰10Y+金融債,7,0,7,元大-八德,2023-12-29,9813
2436,偉詮電,8,1,7,元大-八德,2023-12-29,9813
2883,凱基金,7,0,7,元大-八德,2023-12-29,9813
2618,長榮航,11,4,7,元大-八德,2023-12-29,9813
00679B,元大美債20年,6,0,6,元大-八德,2023-12-29,9813
00687B,國泰20年美債,6,0,6,元大-八德,2023-12-29,9813
2356,英業達,52,46,6,元大-八德,2023-12-29,9813
00715L,期街口布蘭特正2,6,0,6,元大-八德,2023-12-29,9813
00687B,國泰20年美債,526,16,510,元大-八德,2024-01-02,9813
00937B,群益ESG投等債20,298,0,298,元大-八德,2024-01-02,9813
9105,泰金寶-DR,100,0,100,元大-八德,2024-01-02,9813
3481,群創,86,2,84,元大-八德,2024-01-02,9813
6023,元大期,70,0,70,元大-八德,2024-01-02,9813
00919,群益台灣精選高息,70,5,65,元大-八德,2024-01-02,9813
02001L,富邦蘋果正二N,64,0,64,元大-八德,2024-01-02,9813
00929,復華台灣科技優息,86,24,62,元大-八德,2024-01-02,9813
2356,英業達,77,16,61,元大-八德,2024-01-02,9813
2610,華航,164,103,61,元大-八德,2024-01-02,9813
2303,聯電,78,18,60,元大-八德,2024-01-02,9813
00642U,期元大S＆P石油,60,2,58,元大-八德,2024-01-02,9813
2630,亞航,45,0,45,元大-八德,2024-01-02,9813
6843,進典,37,0,37,元大-八德,2024-01-02,9813
0056,元大高股息,38,2,36,元大-八德,2024-01-02,9813
2890,永豐金,35,3,32,元大-八德,2024-01-02,9813
020034,元大IC設計N,31,0,31,元大-八德,2024-01-02,9813
00891,中信關鍵半導體,32,2,30,元大-八德,2024-01-02,9813
6163,華電網,28,2,26,元大-八德,2024-01-02,9813
4989,榮科,23,0,23,元大-八德,2024-01-02,9813
2324,仁寶,38,15,23,元大-八德,2024-01-02,9813
8112,至上,22,2,20,元大-八德,2024-01-02,9813
00633L,富邦上証正2,20,0,20,元大-八德,2024-01-02,9813
00933B,國泰10Y+金融債,22,5,17,元大-八德,2024-01-02,9813
00772B,中信高評級公司債,17,0,17,元大-八德,2024-01-02,9813
00753L,中信中國50正2,15,0,15,元大-八德,2024-01-02,9813
1815,富喬,20,5,15,元大-八德,2024-01-02,9813
2607,榮運,18,3,15,元大-八德,2024-01-02,9813
2352,佳世達,15,1,14,元大-八德,2024-01-02,9813
020023,元大櫃買半導體N,14,0,14,元大-八德,2024-01-02,9813
1301,台塑,15,1,14,元大-八德,2024-01-02,9813
00878,國泰永續高股息,20,7,13,元大-八德,2024-01-02,9813
5347,世界,15,2,13,元大-八德,2024-01-02,9813
00688L,國泰20年美債正2,12,0,12,元大-八德,2024-01-02,9813
5223,安力-KY,12,0,12,元大-八德,2024-01-02,9813
3058,立德,11,0,11,元大-八德,2024-01-02,9813
00918,大華優利高填息30,10,0,10,元大-八德,2024-01-02,9813
00773B,中信優先金融債,10,0,10,元大-八德,2024-01-02,9813
2250,IKKA-KY,10,0,10,元大-八德,2024-01-02,9813
2852,第一保,10,0,10,元大-八德,2024-01-02,9813
3013,晟銘電,13,3,10,元大-八德,2024-01-02,9813
5210,寶碩,10,0,10,元大-八德,2024-01-02,9813
6799,來頡,11,1,10,元大-八德,2024-01-02,9813
8916,光隆,10,0,10,元大-八德,2024-01-02,9813
2884,玉山金,10,1,9,元大-八德,2024-01-02,9813
2408,南亞科,9,0,9,元大-八德,2024-01-02,9813
00780B,國泰A級金融債,10,1,9,元大-八德,2024-01-02,9813
1319,東陽,13,4,9,元大-八德,2024-01-02,9813
8096,擎亞,14,5,9,元大-八德,2024-01-02,9813
00712,復華富時不動產,8,0,8,元大-八德,2024-01-02,9813
2641,正德,301,12,289,元大-八德,2024-01-03,9813
9105,泰金寶-DR,200,0,200,元大-八德,2024-01-03,9813
2363,矽統,204,67,137,元大-八德,2024-01-03,9813
2610,華航,141,57,84,元大-八德,2024-01-03,9813
2303,聯電,77,2,75,元大-八德,2024-01-03,9813
00929,復華台灣科技優息,90,19,71,元大-八德,2024-01-03,9813
00919,群益台灣精選高息,67,0,67,元大-八德,2024-01-03,9813
5009,榮剛,50,0,50,元大-八德,2024-01-03,9813
6113,亞矽,133,86,47,元大-八德,2024-01-03,9813
6164,華興,40,1,39,元大-八德,2024-01-03,9813
2882,國泰金,35,0,35,元大-八德,2024-01-03,9813
00642U,期元大S＆P石油,34,0,34,元大-八德,2024-01-03,9813
02001L,富邦蘋果正二N,34,0,34,元大-八德,2024-01-03,9813
6235,華孚,41,8,33,元大-八德,2024-01-03,9813
2330,台積電,33,2,31,元大-八德,2024-01-03,9813
6269,台郡,30,0,30,元大-八德,2024-01-03,9813
2881,富邦金,29,2,27,元大-八德,2024-01-03,9813
2066,世德,25,0,25,元大-八德,2024-01-03,9813
00878,國泰永續高股息,59,36,23,元大-八德,2024-01-03,9813
2885,元大金,22,0,22,元大-八德,2024-01-03,9813
2408,南亞科,23,2,21,元大-八德,2024-01-03,9813
00680L,元大美債20正2,21,0,21,元大-八德,2024-01-03,9813
1319,東陽,21,0,21,元大-八德,2024-01-03,9813
00918,大華優利高填息30,20,0,20,元大-八德,2024-01-03,9813
2250,IKKA-KY,20,0,20,元大-八德,2024-01-03,9813
2324,仁寶,38,18,20,元大-八德,2024-01-03,9813
00772B,中信高評級公司債,19,0,19,元大-八德,2024-01-03,9813
2356,英業達,33,14,19,元大-八德,2024-01-03,9813
3390,旭軟,84,66,18,元大-八德,2024-01-03,9813
8277,商丞,18,0,18,元大-八德,2024-01-03,9813
6770,力積電,19,2,17,元大-八德,2024-01-03,9813
020026,兆豐上櫃ESG電菁N,16,0,16,元大-八德,2024-01-03,9813
3013,晟銘電,53,37,16,元大-八德,2024-01-03,9813
3450,聯鈞,14,0,14,元大-八德,2024-01-03,9813
3105,穩懋,14,0,14,元大-八德,2024-01-03,9813
9945,潤泰新,15,2,13,元大-八德,2024-01-03,9813
2801,彰銀,18,5,13,元大-八德,2024-01-03,9813
3006,晶豪科,13,0,13,元大-八德,2024-01-03,9813
2362,藍天,25,12,13,元大-八德,2024-01-03,9813
00891,中信關鍵半導體,12,0,12,元大-八德,2024-01-03,9813
00773B,中信優先金融債,12,0,12,元大-八德,2024-01-03,9813
020023,元大櫃買半導體N,12,0,12,元大-八德,2024-01-03,9813
1434,福懋,12,0,12,元大-八德,2024-01-03,9813
2850,新產,12,0,12,元大-八德,2024-01-03,9813
00915,凱基優選高股息30,11,0,11,元大-八德,2024-01-03,9813
00712,復華富時不動產,13,2,11,元大-八德,2024-01-03,9813
1216,統一,11,0,11,元大-八德,2024-01-03,9813
6208,日揚,11,0,11,元大-八德,2024-01-03,9813
0056,元大高股息,43,32,11,元大-八德,2024-01-03,9813
00751B,元大AAA至A公司債,10,0,10,元大-八德,2024-01-03,9813
8933,愛地雅,80,0,80,元大-八德,2024-01-04,9813
00720B,元大投資級公司債,79,0,79,元大-八德,2024-01-04,9813
00929,復華台灣科技優息,109,30,79,元大-八德,2024-01-04,9813
2641,正德,204,132,72,元大-八德,2024-01-04,9813
00937B,群益ESG投等債20,71,1,70,元大-八德,2024-01-04,9813
2530,華建,66,0,66,元大-八德,2024-01-04,9813
2038,海光,87,33,54,元大-八德,2024-01-04,9813
3013,晟銘電,64,31,33,元大-八德,2024-01-04,9813
00687B,國泰20年美債,28,0,28,元大-八德,2024-01-04,9813
00927,群益半導體收益,24,0,24,元大-八德,2024-01-04,9813
8277,商丞,24,0,24,元大-八德,2024-01-04,9813
2882,國泰金,20,0,20,元大-八德,2024-01-04,9813
3552,同致,20,0,20,元大-八德,2024-01-04,9813
6269,台郡,21,1,20,元大-八德,2024-01-04,9813
00712,復華富時不動產,19,0,19,元大-八德,2024-01-04,9813
2455,全新,22,4,18,元大-八德,2024-01-04,9813
00688L,國泰20年美債正2,18,0,18,元大-八德,2024-01-04,9813
6462,神盾,19,1,18,元大-八德,2024-01-04,9813
2066,世德,15,0,15,元大-八德,2024-01-04,9813
00751B,元大AAA至A公司債,14,0,14,元大-八德,2024-01-04,9813
2486,一詮,32,18,14,元大-八德,2024-01-04,9813
2363,矽統,20,6,14,元大-八德,2024-01-04,9813
00753L,中信中國50正2,12,0,12,元大-八德,2024-01-04,9813
00773B,中信優先金融債,12,0,12,元大-八德,2024-01-04,9813
3483,力致,20,8,12,元大-八德,2024-01-04,9813
6120,達運,13,1,12,元大-八德,2024-01-04,9813
6770,力積電,11,0,11,元大-八德,2024-01-04,9813
00631L,元大台灣50正2,11,0,11,元大-八德,2024-01-04,9813
1605,華新,11,0,11,元大-八德,2024-01-04,9813
0050,元大台灣50,14,3,11,元大-八德,2024-01-04,9813
00772B,中信高評級公司債,10,0,10,元大-八德,2024-01-04,9813
2356,英業達,35,25,10,元大-八德,2024-01-04,9813
00780B,國泰A級金融債,10,0,10,元大-八德,2024-01-04,9813
00933B,國泰10Y+金融債,10,0,10,元大-八德,2024-01-04,9813
2250,IKKA-KY,10,0,10,元大-八德,2024-01-04,9813
2460,建通,10,0,10,元大-八德,2024-01-04,9813
3380,明泰,11,1,10,元大-八德,2024-01-04,9813
6282,康舒,10,0,10,元大-八德,2024-01-04,9813
8089,康全電訊,10,0,10,元大-八德,2024-01-04,9813
00882,中信中國高股息,9,0,9,元大-八德,2024-01-04,9813
020023,元大櫃買半導體N,9,0,9,元大-八德,2024-01-04,9813
3006,晶豪科,19,11,8,元大-八德,2024-01-04,9813
00680L,元大美債20正2,8,0,8,元大-八德,2024-01-04,9813
2409,友達,8,0,8,元大-八德,2024-01-04,9813
8271,宇瞻,8,0,8,元大-八德,2024-01-04,9813
2883,凱基金,9,2,7,元大-八德,2024-01-04,9813
1471,首利,7,0,7,元大-八德,2024-01-04,9813
1532,勤美,7,0,7,元大-八德,2024-01-04,9813
3019,亞光,7,0,7,元大-八德,2024-01-04,9813
3264,欣銓,8,1,7,元大-八德,2024-01-04,9813
6462,神盾,206,14,192,元大-八德,2024-01-05,9813
00712,復華富時不動產,116,0,116,元大-八德,2024-01-05,9813
4746,台耀,86,10,76,元大-八德,2024-01-05,9813
00937B,群益ESG投等債20,71,0,71,元大-八德,2024-01-05,9813
00637L,元大滬深300正2,56,7,49,元大-八德,2024-01-05,9813
8112,至上,49,1,48,元大-八德,2024-01-05,9813
2618,長榮航,47,13,34,元大-八德,2024-01-05,9813
2915,潤泰全,33,0,33,元大-八德,2024-01-05,9813
00650L,復華香港正2,30,0,30,元大-八德,2024-01-05,9813
2356,英業達,48,19,29,元大-八德,2024-01-05,9813
2317,鴻海,32,5,27,元大-八德,2024-01-05,9813
00720B,元大投資級公司債,26,1,25,元大-八德,2024-01-05,9813
2609,陽明,144,122,22,元大-八德,2024-01-05,9813
3231,緯創,45,24,21,元大-八德,2024-01-05,9813
2414,精技,20,0,20,元大-八德,2024-01-05,9813
2515,中工,20,0,20,元大-八德,2024-01-05,9813
3653,健策,19,0,19,元大-八德,2024-01-05,9813
00751B,元大AAA至A公司債,18,0,18,元大-八德,2024-01-05,9813
1615,大山,19,1,18,元大-八德,2024-01-05,9813
00687B,國泰20年美債,22,5,17,元大-八德,2024-01-05,9813
00878,國泰永續高股息,16,0,16,元大-八德,2024-01-05,9813
00679B,元大美債20年,18,3,15,元大-八德,2024-01-05,9813
3037,欣興,15,0,15,元大-八德,2024-01-05,9813
2324,仁寶,27,13,14,元大-八德,2024-01-05,9813
2457,飛宏,13,0,13,元大-八德,2024-01-05,9813
2801,彰銀,13,0,13,元大-八德,2024-01-05,9813
8420,明揚,13,0,13,元大-八德,2024-01-05,9813
00773B,中信優先金融債,12,0,12,元大-八德,2024-01-05,9813
02001L,富邦蘋果正二N,11,0,11,元大-八德,2024-01-05,9813
2313,華通,12,1,11,元大-八德,2024-01-05,9813
2352,佳世達,16,5,11,元大-八德,2024-01-05,9813
2885,元大金,16,6,10,元大-八德,2024-01-05,9813
1720,生達,10,0,10,元大-八德,2024-01-05,9813
00725B,國泰投資級公司債,10,0,10,元大-八德,2024-01-05,9813
00780B,國泰A級金融債,10,0,10,元大-八德,2024-01-05,9813
1325,恆大,30,20,10,元大-八德,2024-01-05,9813
2417,圓剛,10,0,10,元大-八德,2024-01-05,9813
2489,瑞軒,14,4,10,元大-八德,2024-01-05,9813
2850,新產,10,0,10,元大-八德,2024-01-05,9813
3032,偉訓,24,14,10,元大-八德,2024-01-05,9813
3390,旭軟,10,0,10,元大-八德,2024-01-05,9813
6023,元大期,10,0,10,元大-八德,2024-01-05,9813
6667,信紘科,10,0,10,元大-八德,2024-01-05,9813
8933,愛地雅,10,0,10,元大-八德,2024-01-05,9813
9933,中鼎,10,0,10,元大-八德,2024-01-05,9813
3380,明泰,12,2,10,元大-八德,2024-01-05,9813
2405,輔信,10,1,9,元大-八德,2024-01-05,9813
3044,健鼎,11,2,9,元大-八德,2024-01-05,9813
00936,台新永續高息中小,8,0,8,元大-八德,2024-01-05,9813
2353,宏��,38,31,7,元大-八德,2024-01-05,9813
00680L,元大美債20正2,168,59,109,元大-八德,2024-01-08,9813
00725B,國泰投資級公司債,102,0,102,元大-八德,2024-01-08,9813
5533,皇鼎,80,0,80,元大-八德,2024-01-08,9813
6462,神盾,105,28,77,元大-八德,2024-01-08,9813
2537,聯上發,83,13,70,元大-八德,2024-01-08,9813
2303,聯電,68,1,67,元大-八德,2024-01-08,9813
2915,潤泰全,60,2,58,元大-八德,2024-01-08,9813
00687B,國泰20年美債,94,42,52,元大-八德,2024-01-08,9813
6163,華電網,51,1,50,元大-八德,2024-01-08,9813
2358,廷鑫,48,0,48,元大-八德,2024-01-08,9813
00929,復華台灣科技優息,47,1,46,元大-八德,2024-01-08,9813
2409,友達,60,28,32,元大-八德,2024-01-08,9813
00720B,元大投資級公司債,33,1,32,元大-八德,2024-01-08,9813
2515,中工,31,0,31,元大-八德,2024-01-08,9813
6770,力積電,51,20,31,元大-八德,2024-01-08,9813
2066,世德,29,0,29,元大-八德,2024-01-08,9813
00679B,元大美債20年,23,0,23,元大-八德,2024-01-08,9813
00937B,群益ESG投等債20,23,0,23,元大-八德,2024-01-08,9813
2457,飛宏,24,2,22,元大-八德,2024-01-08,9813
2611,志信,26,4,22,元大-八德,2024-01-08,9813
6023,元大期,21,0,21,元大-八德,2024-01-08,9813
6271,同欣電,20,0,20,元大-八德,2024-01-08,9813
8011,台通,18,1,17,元大-八德,2024-01-08,9813
00918,大華優利高填息30,16,0,16,元大-八德,2024-01-08,9813
2344,華邦電,16,2,14,元大-八德,2024-01-08,9813
00773B,中信優先金融債,13,0,13,元大-八德,2024-01-08,9813
3483,力致,16,3,13,元大-八德,2024-01-08,9813
1815,富喬,12,0,12,元大-八德,2024-01-08,9813
4746,台耀,11,0,11,元大-八德,2024-01-08,9813
00933B,國泰10Y+金融債,11,0,11,元大-八德,2024-01-08,9813
2414,精技,11,0,11,元大-八德,2024-01-08,9813
3588,通嘉,13,3,10,元大-八德,2024-01-08,9813
00922,國泰台灣領袖50,10,0,10,元大-八德,2024-01-08,9813
3013,晟銘電,40,30,10,元大-八德,2024-01-08,9813
3552,同致,10,0,10,元大-八德,2024-01-08,9813
5531,鄉林,10,0,10,元大-八德,2024-01-08,9813
8277,商丞,10,0,10,元大-八德,2024-01-08,9813
8420,明揚,10,0,10,元大-八德,2024-01-08,9813
00751B,元大AAA至A公司債,10,2,8,元大-八德,2024-01-08,9813
0056,元大高股息,12,4,8,元大-八德,2024-01-08,9813
2317,鴻海,8,0,8,元大-八德,2024-01-08,9813
3022,威強電,8,0,8,元大-八德,2024-01-08,9813
00753L,中信中國50正2,8,0,8,元大-八德,2024-01-08,9813
6695,芯鼎,16,8,8,元大-八德,2024-01-08,9813
8271,宇瞻,9,1,8,元大-八德,2024-01-08,9813
2362,藍天,36,28,8,元大-八德,2024-01-08,9813
00772B,中信高評級公司債,12,5,7,元大-八德,2024-01-08,9813
4956,光鋐,15,8,7,元大-八德,2024-01-08,9813
6667,信紘科,7,0,7,元大-八德,2024-01-08,9813
00632R,元大台灣50反1,6,0,6,元大-八德,2024-01-08,9813
2882,國泰金,295,0,295,元大-八德,2024-01-09,9813
2537,聯上發,170,50,120,元大-八德,2024-01-09,9813
00919,群益台灣精選高息,116,12,104,元大-八德,2024-01-09,9813
2329,華泰,125,25,100,元大-八德,2024-01-09,9813
6023,元大期,72,0,72,元大-八德,2024-01-09,9813
2530,華建,70,0,70,元大-八德,2024-01-09,9813
2609,陽明,99,36,63,元大-八德,2024-01-09,9813
00929,復華台灣科技優息,103,44,59,元大-八德,2024-01-09,9813
2382,廣達,62,13,49,元大-八德,2024-01-09,9813
00918,大華優利高填息30,31,0,31,元大-八德,2024-01-09,9813
02001L,富邦蘋果正二N,31,0,31,元大-八德,2024-01-09,9813
2066,世德,31,0,31,元大-八德,2024-01-09,9813
6116,彩晶,25,0,25,元大-八德,2024-01-09,9813
2363,矽統,27,2,25,元大-八德,2024-01-09,9813
1532,勤美,23,0,23,元大-八德,2024-01-09,9813
2486,一詮,22,0,22,元大-八德,2024-01-09,9813
2303,聯電,24,3,21,元大-八德,2024-01-09,9813
4164,承業醫,21,0,21,元大-八德,2024-01-09,9813
5450,南良,31,10,21,元大-八德,2024-01-09,9813
00642U,期元大S＆P石油,20,0,20,元大-八德,2024-01-09,9813
8277,商丞,20,0,20,元大-八德,2024-01-09,9813
9103,美德醫療-DR,28,8,20,元大-八德,2024-01-09,9813
2611,志信,21,2,19,元大-八德,2024-01-09,9813
2915,潤泰全,21,2,19,元大-八德,2024-01-09,9813
4979,華星光,19,0,19,元大-八德,2024-01-09,9813
6282,康舒,21,2,19,元大-八德,2024-01-09,9813
9919,康那香,20,2,18,元大-八德,2024-01-09,9813
2371,大同,33,16,17,元大-八德,2024-01-09,9813
3362,先進光,18,1,17,元大-八德,2024-01-09,9813
00878,國泰永續高股息,17,1,16,元大-八德,2024-01-09,9813
2308,台達電,15,0,15,元大-八德,2024-01-09,9813
00927,群益半導體收益,15,0,15,元大-八德,2024-01-09,9813
020026,兆豐上櫃ESG電菁N,15,0,15,元大-八德,2024-01-09,9813
020035,元大上櫃ESG高息N,15,0,15,元大-八德,2024-01-09,9813
1605,華新,15,1,14,元大-八德,2024-01-09,9813
1524,耿鼎,14,0,14,元大-八德,2024-01-09,9813
3006,晶豪科,30,16,14,元大-八德,2024-01-09,9813
00679B,元大美債20年,15,1,14,元大-八德,2024-01-09,9813
00933B,國泰10Y+金融債,13,0,13,元大-八德,2024-01-09,9813
0056,元大高股息,24,11,13,元大-八德,2024-01-09,9813
020000,富邦特選蘋果N,12,0,12,元大-八德,2024-01-09,9813
2029,盛餘,12,0,12,元大-八德,2024-01-09,9813
3653,健策,12,0,12,元大-八德,2024-01-09,9813
5347,世界,12,0,12,元大-八德,2024-01-09,9813
2356,英業達,35,23,12,元大-八德,2024-01-09,9813
00720B,元大投資級公司債,12,0,12,元大-八德,2024-01-09,9813
2312,金寶,11,0,11,元大-八德,2024-01-09,9813
0050,元大台灣50,10,0,10,元大-八德,2024-01-09,9813
1301,台塑,12,2,10,元大-八德,2024-01-09,9813
9904,寶成,10,0,10,元大-八德,2024-01-09,9813
6026,福邦證,215,0,215,元大-八德,2024-01-10,9813
4746,台耀,139,7,132,元大-八德,2024-01-10,9813
3481,群創,123,0,123,元大-八德,2024-01-10,9813
2609,陽明,123,38,85,元大-八德,2024-01-10,9813
3036,文曄,70,10,60,元大-八德,2024-01-10,9813
6462,神盾,86,29,57,元大-八德,2024-01-10,9813
6770,力積電,33,1,32,元大-八德,2024-01-10,9813
00878,國泰永續高股息,32,2,30,元大-八德,2024-01-10,9813
1532,勤美,24,0,24,元大-八德,2024-01-10,9813
3703,欣陸,20,0,20,元大-八德,2024-01-10,9813
00650L,復華香港正2,19,0,19,元大-八德,2024-01-10,9813
4306,炎洲,18,0,18,元大-八德,2024-01-10,9813
00679B,元大美債20年,17,0,17,元大-八德,2024-01-10,9813
2301,光寶科,17,0,17,元大-八德,2024-01-10,9813
3035,智原,20,4,16,元大-八德,2024-01-10,9813
00929,復華台灣科技優息,74,60,14,元大-八德,2024-01-10,9813
3231,緯創,19,5,14,元大-八德,2024-01-10,9813
2885,元大金,15,1,14,元大-八德,2024-01-10,9813
3022,威強電,13,0,13,元大-八德,2024-01-10,9813
2002,中鋼,13,0,13,元大-八德,2024-01-10,9813
00687B,國泰20年美債,12,0,12,元大-八德,2024-01-10,9813
2610,華航,12,0,12,元大-八德,2024-01-10,9813
5465,富驊,12,0,12,元大-八德,2024-01-10,9813
6451,訊芯-KY,15,3,12,元大-八德,2024-01-10,9813
00904,新光臺灣半導體30,11,0,11,元大-八德,2024-01-10,9813
2606,裕民,17,6,11,元大-八德,2024-01-10,9813
1524,耿鼎,11,0,11,元大-八德,2024-01-10,9813
1589,永冠-KY,11,0,11,元大-八德,2024-01-10,9813
3025,星通,22,11,11,元大-八德,2024-01-10,9813
6122,擎邦,11,0,11,元大-八德,2024-01-10,9813
00933B,國泰10Y+金融債,10,0,10,元大-八德,2024-01-10,9813
2641,正德,10,0,10,元大-八德,2024-01-10,9813
2915,潤泰全,10,0,10,元大-八德,2024-01-10,9813
6114,久威,10,0,10,元大-八德,2024-01-10,9813
8467,波力-KY,18,8,10,元大-八德,2024-01-10,9813
3706,神達,18,8,10,元大-八德,2024-01-10,9813
3558,神準,10,1,9,元大-八德,2024-01-10,9813
8277,商丞,9,0,9,元大-八德,2024-01-10,9813
2308,台達電,9,1,8,元大-八德,2024-01-10,9813
00881,國泰台灣5G+,8,0,8,元大-八德,2024-01-10,9813
2634,漢翔,10,2,8,元大-八德,2024-01-10,9813
00927,群益半導體收益,7,0,7,元大-八德,2024-01-10,9813
02001L,富邦蘋果正二N,7,0,7,元大-八德,2024-01-10,9813
1909,榮成,7,0,7,元大-八德,2024-01-10,9813
3228,金麗科,7,0,7,元大-八德,2024-01-10,9813
3324,雙鴻,6,0,6,元大-八德,2024-01-10,9813
1101,台泥,6,0,6,元大-八德,2024-01-10,9813
020000,富邦特選蘋果N,6,0,6,元大-八德,2024-01-10,9813
2208,台船,9,3,6,元大-八德,2024-01-10,9813
2376,技嘉,6,1,5,元大-八德,2024-01-10,9813
00680L,元大美債20正2,150,0,150,元大-八德,2024-01-11,9813
00929,復華台灣科技優息,117,10,107,元大-八德,2024-01-11,9813
2353,宏��,116,13,103,元大-八德,2024-01-11,9813
2409,友達,100,0,100,元大-八德,2024-01-11,9813
00770,國泰北美科技,63,1,62,元大-八德,2024-01-11,9813
1445,大宇,47,0,47,元大-八德,2024-01-11,9813
3025,星通,62,17,45,元大-八德,2024-01-11,9813
5533,皇鼎,45,0,45,元大-八德,2024-01-11,9813
8085,福華,38,1,37,元大-八德,2024-01-11,9813
6462,神盾,42,7,35,元大-八德,2024-01-11,9813
2882,國泰金,32,0,32,元大-八德,2024-01-11,9813
00687B,國泰20年美債,31,0,31,元大-八德,2024-01-11,9813
5009,榮剛,30,0,30,元大-八德,2024-01-11,9813
2303,聯電,30,5,25,元大-八德,2024-01-11,9813
5450,南良,23,0,23,元大-八德,2024-01-11,9813
00919,群益台灣精選高息,26,4,22,元大-八德,2024-01-11,9813
3711,日月光投控,20,0,20,元大-八德,2024-01-11,9813
8150,南茂,20,1,19,元大-八德,2024-01-11,9813
2606,裕民,18,0,18,元大-八德,2024-01-11,9813
2883,凱基金,17,0,17,元大-八德,2024-01-11,9813
5426,振發,22,6,16,元大-八德,2024-01-11,9813
00933B,國泰10Y+金融債,15,0,15,元大-八德,2024-01-11,9813
3058,立德,15,0,15,元大-八德,2024-01-11,9813
5309,系統電,17,2,15,元大-八德,2024-01-11,9813
6239,力成,18,3,15,元大-八德,2024-01-11,9813
0056,元大高股息,23,10,13,元大-八德,2024-01-11,9813
2421,建準,15,2,13,元大-八德,2024-01-11,9813
2344,華邦電,12,0,12,元大-八德,2024-01-11,9813
2002,中鋼,12,0,12,元大-八德,2024-01-11,9813
0050,元大台灣50,11,0,11,元大-八德,2024-01-11,9813
6213,聯茂,11,0,11,元大-八德,2024-01-11,9813
1524,耿鼎,20,9,11,元大-八德,2024-01-11,9813
2801,彰銀,11,0,11,元大-八德,2024-01-11,9813
3013,晟銘電,43,32,11,元大-八德,2024-01-11,9813
2408,南亞科,11,1,10,元大-八德,2024-01-11,9813
020001,富邦存股雙十N,10,0,10,元大-八德,2024-01-11,9813
00857B,永豐20年美公債,10,0,10,元大-八德,2024-01-11,9813
1605,華新,10,0,10,元大-八德,2024-01-11,9813
1709,和益,10,0,10,元大-八德,2024-01-11,9813
4113,聯上,10,0,10,元大-八德,2024-01-11,9813
4973,廣穎,10,0,10,元大-八德,2024-01-11,9813
6843,進典,10,0,10,元大-八德,2024-01-11,9813
9907,統一實,10,0,10,元大-八德,2024-01-11,9813
6261,久元,11,2,9,元大-八德,2024-01-11,9813
2383,台光電,10,1,9,元大-八德,2024-01-11,9813
4746,台耀,43,34,9,元大-八德,2024-01-11,9813
00679B,元大美債20年,8,0,8,元大-八德,2024-01-11,9813
02001L,富邦蘋果正二N,8,0,8,元大-八德,2024-01-11,9813
5258,虹堡,21,13,8,元大-八德,2024-01-11,9813
2449,京元電子,8,1,7,元大-八德,2024-01-11,9813
00937B,群益ESG投等債20,295,0,295,元大-八德,2024-01-12,9813
00929,復華台灣科技優息,82,12,70,元大-八德,2024-01-12,9813
6462,神盾,85,27,58,元大-八德,2024-01-12,9813
00740B,富邦全球投等債,50,0,50,元大-八德,2024-01-12,9813
2915,潤泰全,42,1,41,元大-八德,2024-01-12,9813
00935,野村臺灣新科技50,51,12,39,元大-八德,2024-01-12,9813
2617,台航,30,2,28,元大-八德,2024-01-12,9813
00687B,國泰20年美債,27,0,27,元大-八德,2024-01-12,9813
0056,元大高股息,26,0,26,元大-八德,2024-01-12,9813
2882,國泰金,25,0,25,元大-八德,2024-01-12,9813
3025,星通,61,37,24,元大-八德,2024-01-12,9813
2371,大同,31,11,20,元大-八德,2024-01-12,9813
2887,台新金,20,0,20,元大-八德,2024-01-12,9813
2889,國票金,20,0,20,元大-八德,2024-01-12,9813
8222,寶一,25,6,19,元大-八德,2024-01-12,9813
1316,上曜,15,0,15,元大-八德,2024-01-12,9813
2104,國際中橡,15,0,15,元大-八德,2024-01-12,9813
00919,群益台灣精選高息,23,9,14,元大-八德,2024-01-12,9813
00770,國泰北美科技,12,0,12,元大-八德,2024-01-12,9813
2883,凱基金,12,0,12,元大-八德,2024-01-12,9813
5452,佶優,12,0,12,元大-八德,2024-01-12,9813
6140,訊達,20,8,12,元大-八德,2024-01-12,9813
6668,中揚光,13,1,12,元大-八德,2024-01-12,9813
2359,所羅門,19,8,11,元大-八德,2024-01-12,9813
6535,順藥,19,8,11,元大-八德,2024-01-12,9813
4123,晟德,11,0,11,元大-八德,2024-01-12,9813
00633L,富邦上証正2,10,0,10,元大-八德,2024-01-12,9813
00725B,國泰投資級公司債,10,0,10,元大-八德,2024-01-12,9813
2636,台驊控股,10,0,10,元大-八德,2024-01-12,9813
3714,富采,10,0,10,元大-八德,2024-01-12,9813
8277,商丞,10,0,10,元大-八德,2024-01-12,9813
2324,仁寶,9,0,9,元大-八德,2024-01-12,9813
3017,奇鋐,31,22,9,元大-八德,2024-01-12,9813
00881,國泰台灣5G+,9,0,9,元大-八德,2024-01-12,9813
020023,元大櫃買半導體N,9,0,9,元大-八德,2024-01-12,9813
2059,川湖,11,2,9,元大-八德,2024-01-12,9813
3588,通嘉,10,1,9,元大-八德,2024-01-12,9813
2885,元大金,9,0,9,元大-八德,2024-01-12,9813
00927,群益半導體收益,8,0,8,元大-八德,2024-01-12,9813
2399,映泰,8,0,8,元大-八德,2024-01-12,9813
3362,先進光,8,0,8,元大-八德,2024-01-12,9813
6239,力成,8,0,8,元大-八德,2024-01-12,9813
8050,廣積,10,2,8,元大-八德,2024-01-12,9813
2890,永豐金,7,0,7,元大-八德,2024-01-12,9813
2618,長榮航,13,7,6,元大-八德,2024-01-12,9813
020026,兆豐上櫃ESG電菁N,6,0,6,元大-八德,2024-01-12,9813
1524,耿鼎,6,0,6,元大-八德,2024-01-12,9813
2610,華航,7,1,6,元大-八德,2024-01-12,9813
3508,位速,6,0,6,元大-八德,2024-01-12,9813
5450,南良,6,0,6,元大-八德,2024-01-12,9813
00937B,群益ESG投等債20,400,0,400,元大-八德,2024-01-15,9813
5351,鈺創,325,54,271,元大-八德,2024-01-15,9813
00933B,國泰10Y+金融債,201,0,201,元大-八德,2024-01-15,9813
00929,復華台灣科技優息,150,0,150,元大-八德,2024-01-15,9813
3231,緯創,175,60,115,元大-八德,2024-01-15,9813
3481,群創,89,3,86,元大-八德,2024-01-15,9813
0056,元大高股息,73,2,71,元大-八德,2024-01-15,9813
4746,台耀,60,0,60,元大-八德,2024-01-15,9813
1514,亞力,66,14,52,元大-八德,2024-01-15,9813
2915,潤泰全,50,0,50,元大-八德,2024-01-15,9813
2476,鉅祥,58,15,43,元大-八德,2024-01-15,9813
2610,華航,39,2,37,元大-八德,2024-01-15,9813
2406,國碩,40,9,31,元大-八德,2024-01-15,9813
00680L,元大美債20正2,30,0,30,元大-八德,2024-01-15,9813
6233,旺玖,35,8,27,元大-八德,2024-01-15,9813
2356,英業達,33,9,24,元大-八德,2024-01-15,9813
02001L,富邦蘋果正二N,24,0,24,元大-八德,2024-01-15,9813
00927,群益半導體收益,22,0,22,元大-八德,2024-01-15,9813
00888,永豐台灣ESG,20,0,20,元大-八德,2024-01-15,9813
2618,長榮航,20,0,20,元大-八德,2024-01-15,9813
3033,威健,20,0,20,元大-八德,2024-01-15,9813
3094,聯傑,20,0,20,元大-八德,2024-01-15,9813
2888,新光金,19,0,19,元大-八德,2024-01-15,9813
3017,奇鋐,35,19,16,元大-八德,2024-01-15,9813
2634,漢翔,21,6,15,元大-八德,2024-01-15,9813
2887,台新金,16,1,15,元大-八德,2024-01-15,9813
6535,順藥,23,8,15,元大-八德,2024-01-15,9813
2353,宏��,36,22,14,元大-八德,2024-01-15,9813
5452,佶優,13,0,13,元大-八德,2024-01-15,9813
8034,榮群,19,6,13,元大-八德,2024-01-15,9813
1519,華城,25,13,12,元大-八德,2024-01-15,9813
2002,中鋼,12,0,12,元大-八德,2024-01-15,9813
00878,國泰永續高股息,15,3,12,元大-八德,2024-01-15,9813
1524,耿鼎,11,0,11,元大-八德,2024-01-15,9813
3013,晟銘電,41,30,11,元大-八德,2024-01-15,9813
6695,芯鼎,32,21,11,元大-八德,2024-01-15,9813
2421,建準,13,3,10,元大-八德,2024-01-15,9813
00720B,元大投資級公司債,10,0,10,元大-八德,2024-01-15,9813
1733,五鼎,10,0,10,元大-八德,2024-01-15,9813
2636,台驊控股,10,0,10,元大-八德,2024-01-15,9813
3066,李洲,31,21,10,元大-八德,2024-01-15,9813
3312,弘憶股,10,0,10,元大-八德,2024-01-15,9813
6873,泓德能源,10,0,10,元大-八德,2024-01-15,9813
3376,新日興,10,0,10,元大-八德,2024-01-15,9813
5009,榮剛,10,0,10,元大-八德,2024-01-15,9813
00751B,元大AAA至A公司債,9,0,9,元大-八德,2024-01-15,9813
3035,智原,10,1,9,元大-八德,2024-01-15,9813
6120,達運,86,77,9,元大-八德,2024-01-15,9813
3057,喬鼎,8,0,8,元大-八德,2024-01-15,9813
6179,亞通,10,2,8,元大-八德,2024-01-15,9813
2344,華邦電,777,12,765,元大-八德,2024-01-16,9813
00679B,元大美債20年,603,97,506,元大-八德,2024-01-16,9813
0056,元大高股息,248,9,239,元大-八德,2024-01-16,9813
00680L,元大美債20正2,116,0,116,元大-八德,2024-01-16,9813
00937B,群益ESG投等債20,140,26,114,元大-八德,2024-01-16,9813
2353,宏��,107,15,92,元大-八德,2024-01-16,9813
00929,復華台灣科技優息,72,9,63,元大-八德,2024-01-16,9813
2636,台驊控股,55,1,54,元大-八德,2024-01-16,9813
2915,潤泰全,53,0,53,元大-八德,2024-01-16,9813
2885,元大金,40,0,40,元大-八德,2024-01-16,9813
5488,松普,40,0,40,元大-八德,2024-01-16,9813
00927,群益半導體收益,39,0,39,元大-八德,2024-01-16,9813
2329,華泰,143,108,35,元大-八德,2024-01-16,9813
2486,一詮,41,8,33,元大-八德,2024-01-16,9813
1316,上曜,30,0,30,元大-八德,2024-01-16,9813
3376,新日興,30,0,30,元大-八德,2024-01-16,9813
00878,國泰永續高股息,39,10,29,元大-八德,2024-01-16,9813
4306,炎洲,28,0,28,元大-八德,2024-01-16,9813
2883,凱基金,27,2,25,元大-八德,2024-01-16,9813
2412,中華電,25,0,25,元大-八德,2024-01-16,9813
3354,律勝,25,0,25,元大-八德,2024-01-16,9813
1609,大亞,25,1,24,元大-八德,2024-01-16,9813
2887,台新金,24,0,24,元大-八德,2024-01-16,9813
2382,廣達,26,3,23,元大-八德,2024-01-16,9813
2609,陽明,68,46,22,元大-八德,2024-01-16,9813
00751B,元大AAA至A公司債,23,1,22,元大-八德,2024-01-16,9813
2641,正德,22,0,22,元大-八德,2024-01-16,9813
00720B,元大投資級公司債,35,15,20,元大-八德,2024-01-16,9813
00637L,元大滬深300正2,22,2,20,元大-八德,2024-01-16,9813
4123,晟德,20,0,20,元大-八德,2024-01-16,9813
5351,鈺創,38,18,20,元大-八德,2024-01-16,9813
2312,金寶,22,3,19,元大-八德,2024-01-16,9813
8210,勤誠,26,7,19,元大-八德,2024-01-16,9813
00650L,復華香港正2,18,0,18,元大-八德,2024-01-16,9813
6116,彩晶,21,3,18,元大-八德,2024-01-16,9813
1101,台泥,16,0,16,元大-八德,2024-01-16,9813
00919,群益台灣精選高息,27,11,16,元大-八德,2024-01-16,9813
2610,華航,17,2,15,元大-八德,2024-01-16,9813
2618,長榮航,17,2,15,元大-八德,2024-01-16,9813
4909,新復興,47,32,15,元大-八德,2024-01-16,9813
6023,元大期,15,0,15,元大-八德,2024-01-16,9813
00770,國泰北美科技,19,5,14,元大-八德,2024-01-16,9813
8027,鈦昇,15,1,14,元大-八德,2024-01-16,9813
2882,國泰金,12,0,12,元大-八德,2024-01-16,9813
0050,元大台灣50,13,1,12,元大-八德,2024-01-16,9813
00881,國泰台灣5G+,12,0,12,元大-八德,2024-01-16,9813
2867,三商壽,12,0,12,元大-八德,2024-01-16,9813
2408,南亞科,11,0,11,元大-八德,2024-01-16,9813
3231,緯創,29,18,11,元大-八德,2024-01-16,9813
2606,裕民,13,2,11,元大-八德,2024-01-16,9813
2303,聯電,1543,8,1535,元大-八德,2024-01-17,9813
00919,群益台灣精選高息,210,53,157,元大-八德,2024-01-17,9813
4123,晟德,120,0,120,元大-八德,2024-01-17,9813
0056,元大高股息,122,9,113,元大-八德,2024-01-17,9813
00679B,元大美債20年,107,6,101,元大-八德,2024-01-17,9813
2353,宏��,106,7,99,元大-八德,2024-01-17,9813
00929,復華台灣科技優息,95,12,83,元大-八德,2024-01-17,9813
5426,振發,96,14,82,元大-八德,2024-01-17,9813
5880,合庫金,74,0,74,元大-八德,2024-01-17,9813
2748,雲品,51,0,51,元大-八德,2024-01-17,9813
0055,元大MSCI金融,50,0,50,元大-八德,2024-01-17,9813
00924,復華S＆P500成長,50,0,50,元大-八德,2024-01-17,9813
1514,亞力,50,0,50,元大-八德,2024-01-17,9813
8011,台通,50,3,47,元大-八德,2024-01-17,9813
2887,台新金,42,0,42,元大-八德,2024-01-17,9813
2634,漢翔,43,1,42,元大-八德,2024-01-17,9813
00878,國泰永續高股息,50,8,42,元大-八德,2024-01-17,9813
2915,潤泰全,40,2,38,元大-八德,2024-01-17,9813
3481,群創,42,4,38,元大-八德,2024-01-17,9813
00934,中信成長高股息,35,0,35,元大-八德,2024-01-17,9813
5488,松普,295,260,35,元大-八德,2024-01-17,9813
2882,國泰金,33,0,33,元大-八德,2024-01-17,9813
00882,中信中國高股息,53,20,33,元大-八德,2024-01-17,9813
2498,宏達電,31,0,31,元大-八德,2024-01-17,9813
00633L,富邦上証正2,30,0,30,元大-八德,2024-01-17,9813
2250,IKKA-KY,30,0,30,元大-八德,2024-01-17,9813
2002,中鋼,31,2,29,元大-八德,2024-01-17,9813
0050,元大台灣50,32,4,28,元大-八德,2024-01-17,9813
6535,順藥,42,14,28,元大-八德,2024-01-17,9813
6023,元大期,25,0,25,元大-八德,2024-01-17,9813
4956,光鋐,26,3,23,元大-八德,2024-01-17,9813
6770,力積電,22,0,22,元大-八德,2024-01-17,9813
2883,凱基金,31,10,21,元大-八德,2024-01-17,9813
2892,第一金,21,0,21,元大-八德,2024-01-17,9813
8277,商丞,20,0,20,元大-八德,2024-01-17,9813
00680L,元大美債20正2,19,0,19,元大-八德,2024-01-17,9813
00931B,統一美債20年,21,2,19,元大-八德,2024-01-17,9813
6245,立端,21,2,19,元大-八德,2024-01-17,9813
00927,群益半導體收益,17,0,17,元大-八德,2024-01-17,9813
6122,擎邦,17,0,17,元大-八德,2024-01-17,9813
1303,南亞,17,0,17,元大-八德,2024-01-17,9813
2886,兆豐金,19,3,16,元大-八德,2024-01-17,9813
00751B,元大AAA至A公司債,16,0,16,元大-八德,2024-01-17,9813
00773B,中信優先金融債,15,0,15,元大-八德,2024-01-17,9813
00772B,中信高評級公司債,15,0,15,元大-八德,2024-01-17,9813
2104,國際中橡,15,0,15,元大-八德,2024-01-17,9813
6789,采鈺,17,2,15,元大-八德,2024-01-17,9813
1101,台泥,16,1,15,元大-八德,2024-01-17,9813
2421,建準,19,4,15,元大-八德,2024-01-17,9813
00904,新光臺灣半導體30,15,0,15,元大-八德,2024-01-17,9813
2303,聯電,422,3,419,元大-八德,2024-01-18,9813
6120,達運,407,4,403,元大-八德,2024-01-18,9813
00929,復華台灣科技優息,230,36,194,元大-八德,2024-01-18,9813
2881,富邦金,117,0,117,元大-八德,2024-01-18,9813
0056,元大高股息,67,0,67,元大-八德,2024-01-18,9813
00919,群益台灣精選高息,137,80,57,元大-八德,2024-01-18,9813
4746,台耀,127,73,54,元大-八德,2024-01-18,9813
1477,聚陽,54,1,53,元大-八德,2024-01-18,9813
2888,新光金,33,2,31,元大-八德,2024-01-18,9813
00687B,國泰20年美債,26,0,26,元大-八德,2024-01-18,9813
4960,誠美材,25,0,25,元大-八德,2024-01-18,9813
2302,麗正,43,20,23,元大-八德,2024-01-18,9813
00632R,元大台灣50反1,21,0,21,元大-八德,2024-01-18,9813
00918,大華優利高填息30,31,10,21,元大-八德,2024-01-18,9813
4714,永捷,20,0,20,元大-八德,2024-01-18,9813
2882,國泰金,18,0,18,元大-八德,2024-01-18,9813
3231,緯創,60,43,17,元大-八德,2024-01-18,9813
2887,台新金,16,0,16,元大-八德,2024-01-18,9813
00891,中信關鍵半導體,15,0,15,元大-八德,2024-01-18,9813
0050,元大台灣50,16,2,14,元大-八德,2024-01-18,9813
2002,中鋼,14,1,13,元大-八德,2024-01-18,9813
02001L,富邦蘋果正二N,12,0,12,元大-八德,2024-01-18,9813
1301,台塑,11,1,10,元大-八德,2024-01-18,9813
00720B,元大投資級公司債,10,0,10,元大-八德,2024-01-18,9813
00751B,元大AAA至A公司債,10,0,10,元大-八德,2024-01-18,9813
00780B,國泰A級金融債,10,0,10,元大-八德,2024-01-18,9813
3312,弘憶股,10,0,10,元大-八德,2024-01-18,9813
4306,炎洲,10,0,10,元大-八德,2024-01-18,9813
8085,福華,10,0,10,元大-八德,2024-01-18,9813
2324,仁寶,15,6,9,元大-八德,2024-01-18,9813
00902,中信電池及儲能,9,0,9,元大-八德,2024-01-18,9813
00934,中信成長高股息,9,0,9,元大-八德,2024-01-18,9813
2476,鉅祥,10,1,9,元大-八德,2024-01-18,9813
1476,儒鴻,7,0,7,元大-八德,2024-01-18,9813
00857B,永豐20年美公債,7,0,7,元大-八德,2024-01-18,9813
2485,兆赫,7,0,7,元大-八德,2024-01-18,9813
3260,威剛,18,11,7,元大-八德,2024-01-18,9813
3694,海華,10,3,7,元大-八德,2024-01-18,9813
5425,台半,7,0,7,元大-八德,2024-01-18,9813
6233,旺玖,12,5,7,元大-八德,2024-01-18,9813
9945,潤泰新,7,0,7,元大-八德,2024-01-18,9813
00904,新光臺灣半導體30,7,0,7,元大-八德,2024-01-18,9813
6462,神盾,19,12,7,元大-八德,2024-01-18,9813
00882,中信中國高股息,6,0,6,元大-八德,2024-01-18,9813
00713,元大台灣高息低波,6,0,6,元大-八德,2024-01-18,9813
4958,臻鼎-KY,6,0,6,元大-八德,2024-01-18,9813
3037,欣興,6,0,6,元大-八德,2024-01-18,9813
00922,國泰台灣領袖50,6,0,6,元大-八德,2024-01-18,9813
2104,國際中橡,6,0,6,元大-八德,2024-01-18,9813
6122,擎邦,7,1,6,元大-八德,2024-01-18,9813
3481,群創,413,87,326,元大-八德,2024-01-19,9813
2302,麗正,135,0,135,元大-八德,2024-01-19,9813
00934,中信成長高股息,106,0,106,元大-八德,2024-01-19,9813
5426,振發,199,122,77,元大-八德,2024-01-19,9813
00937B,群益ESG投等債20,76,0,76,元大-八德,2024-01-19,9813
00632R,元大台灣50反1,67,0,67,元大-八德,2024-01-19,9813
00687B,國泰20年美債,72,10,62,元大-八德,2024-01-19,9813
2610,華航,54,0,54,元大-八德,2024-01-19,9813
00680L,元大美債20正2,54,0,54,元大-八德,2024-01-19,9813
00679B,元大美債20年,51,5,46,元大-八德,2024-01-19,9813
2303,聯電,63,22,41,元大-八德,2024-01-19,9813
8040,九暘,41,1,40,元大-八德,2024-01-19,9813
2382,廣達,87,51,36,元大-八德,2024-01-19,9813
2888,新光金,29,0,29,元大-八德,2024-01-19,9813
00751B,元大AAA至A公司債,29,0,29,元大-八德,2024-01-19,9813
00929,復華台灣科技優息,32,3,29,元大-八德,2024-01-19,9813
00720B,元大投資級公司債,29,0,29,元大-八德,2024-01-19,9813
00904,新光臺灣半導體30,26,0,26,元大-八德,2024-01-19,9813
00712,復華富時不動產,22,0,22,元大-八德,2024-01-19,9813
3483,力致,26,5,21,元大-八德,2024-01-19,9813
00673R,期元大S＆P原油反1,20,0,20,元大-八德,2024-01-19,9813
3520,華盈,20,0,20,元大-八德,2024-01-19,9813
2301,光寶科,21,3,18,元大-八德,2024-01-19,9813
00919,群益台灣精選高息,25,8,17,元大-八德,2024-01-19,9813
6274,台燿,21,5,16,元大-八德,2024-01-19,9813
00882,中信中國高股息,15,0,15,元大-八德,2024-01-19,9813
00935,野村臺灣新科技50,15,0,15,元大-八德,2024-01-19,9813
3025,星通,17,3,14,元大-八德,2024-01-19,9813
00772B,中信高評級公司債,13,0,13,元大-八德,2024-01-19,9813
2883,凱基金,13,0,13,元大-八德,2024-01-19,9813
3362,先進光,13,0,13,元大-八德,2024-01-19,9813
6770,力積電,13,0,13,元大-八德,2024-01-19,9813
2618,長榮航,14,2,12,元大-八德,2024-01-19,9813
00753L,中信中國50正2,12,0,12,元大-八德,2024-01-19,9813
00773B,中信優先金融債,12,0,12,元大-八德,2024-01-19,9813
2617,台航,13,1,12,元大-八德,2024-01-19,9813
8936,國統,22,10,12,元大-八德,2024-01-19,9813
2867,三商壽,11,0,11,元大-八德,2024-01-19,9813
6257,矽格,11,0,11,元大-八德,2024-01-19,9813
3587,閎康,11,1,10,元大-八德,2024-01-19,9813
00780B,國泰A級金融債,10,0,10,元大-八德,2024-01-19,9813
1609,大亞,10,0,10,元大-八德,2024-01-19,9813
2472,立隆電,10,0,10,元大-八德,2024-01-19,9813
2887,台新金,12,2,10,元大-八德,2024-01-19,9813
3312,弘憶股,16,6,10,元大-八德,2024-01-19,9813
2486,一詮,11,2,9,元大-八德,2024-01-19,9813
2636,台驊控股,9,0,9,元大-八德,2024-01-19,9813
2892,第一金,11,2,9,元大-八德,2024-01-19,9813
4958,臻鼎-KY,10,1,9,元大-八德,2024-01-19,9813
00888,永豐台灣ESG,8,0,8,元大-八德,2024-01-19,9813
2356,英業達,512,140,372,元大-八德,2024-01-22,9813
00671R,富邦NASDAQ反1,130,0,130,元大-八德,2024-01-22,9813
00882,中信中國高股息,75,0,75,元大-八德,2024-01-22,9813
2353,宏��,115,41,74,元大-八德,2024-01-22,9813
2607,榮運,50,0,50,元大-八德,2024-01-22,9813
6155,鈞寶,42,1,41,元大-八德,2024-01-22,9813
2887,台新金,38,1,37,元大-八德,2024-01-22,9813
00929,復華台灣科技優息,54,20,34,元大-八德,2024-01-22,9813
00933B,國泰10Y+金融債,31,0,31,元大-八德,2024-01-22,9813
5533,皇鼎,30,0,30,元大-八德,2024-01-22,9813
3706,神達,87,58,29,元大-八德,2024-01-22,9813
1587,吉茂,28,0,28,元大-八德,2024-01-22,9813
4746,台耀,27,1,26,元大-八德,2024-01-22,9813
2618,長榮航,41,16,25,元大-八德,2024-01-22,9813
00637L,元大滬深300正2,28,7,21,元大-八德,2024-01-22,9813
2486,一詮,24,3,21,元大-八德,2024-01-22,9813
2329,華泰,53,33,20,元大-八德,2024-01-22,9813
00891,中信關鍵半導體,20,0,20,元大-八德,2024-01-22,9813
5608,四維航,20,0,20,元大-八德,2024-01-22,9813
6218,豪勉,20,0,20,元大-八德,2024-01-22,9813
6134,萬旭,17,0,17,元大-八德,2024-01-22,9813
3293,鈊象,16,0,16,元大-八德,2024-01-22,9813
1611,中電,15,0,15,元大-八德,2024-01-22,9813
2913,農林,15,0,15,元大-八德,2024-01-22,9813
8027,鈦昇,16,2,14,元大-八德,2024-01-22,9813
2066,世德,13,0,13,元大-八德,2024-01-22,9813
6472,保瑞,13,0,13,元大-八德,2024-01-22,9813
2609,陽明,20,8,12,元大-八德,2024-01-22,9813
3029,零壹,15,3,12,元大-八德,2024-01-22,9813
3479,安勤,12,0,12,元大-八德,2024-01-22,9813
6509,聚和,12,0,12,元大-八德,2024-01-22,9813
2313,華通,16,4,12,元大-八德,2024-01-22,9813
2324,仁寶,24,13,11,元大-八德,2024-01-22,9813
2408,南亞科,12,2,10,元大-八德,2024-01-22,9813
2883,凱基金,10,0,10,元大-八德,2024-01-22,9813
5388,中磊,10,0,10,元大-八德,2024-01-22,9813
6153,嘉聯益,10,0,10,元大-八德,2024-01-22,9813
2059,川湖,12,2,10,元大-八德,2024-01-22,9813
00632R,元大台灣50反1,39,30,9,元大-八德,2024-01-22,9813
00937B,群益ESG投等債20,9,0,9,元大-八德,2024-01-22,9813
3548,兆利,16,7,9,元大-八德,2024-01-22,9813
5258,虹堡,12,3,9,元大-八德,2024-01-22,9813
2317,鴻海,18,9,9,元大-八德,2024-01-22,9813
6139,亞翔,9,1,8,元大-八德,2024-01-22,9813
2316,楠梓電,9,1,8,元大-八德,2024-01-22,9813
00679B,元大美債20年,8,0,8,元大-八德,2024-01-22,9813
2344,華邦電,12,4,8,元大-八德,2024-01-22,9813
3227,原相,8,0,8,元大-八德,2024-01-22,9813
3265,台星科,15,7,8,元大-八德,2024-01-22,9813
3712,永崴投控,8,0,8,元大-八德,2024-01-22,9813
6120,達運,212,7,205,元大-八德,2024-01-23,9813
8936,國統,163,11,152,元大-八德,2024-01-23,9813
2371,大同,160,63,97,元大-八德,2024-01-23,9813
2337,旺宏,60,0,60,元大-八德,2024-01-23,9813
00937B,群益ESG投等債20,42,0,42,元大-八德,2024-01-23,9813
2890,永豐金,40,0,40,元大-八德,2024-01-23,9813
2329,華泰,46,11,35,元大-八德,2024-01-23,9813
3289,宜特,30,0,30,元大-八德,2024-01-23,9813
1721,三晃,28,0,28,元大-八德,2024-01-23,9813
6023,元大期,25,0,25,元大-八德,2024-01-23,9813
00679B,元大美債20年,23,0,23,元大-八德,2024-01-23,9813
2852,第一保,22,0,22,元大-八德,2024-01-23,9813
00891,中信關鍵半導體,20,0,20,元大-八德,2024-01-23,9813
2332,友訊,20,0,20,元大-八德,2024-01-23,9813
3712,永崴投控,22,2,20,元大-八德,2024-01-23,9813
6462,神盾,65,45,20,元大-八德,2024-01-23,9813
2421,建準,47,29,18,元大-八德,2024-01-23,9813
2376,技嘉,22,5,17,元大-八德,2024-01-23,9813
00720B,元大投資級公司債,15,0,15,元大-八德,2024-01-23,9813
020034,元大IC設計N,15,0,15,元大-八德,2024-01-23,9813
00878,國泰永續高股息,18,4,14,元大-八德,2024-01-23,9813
00929,復華台灣科技優息,19,6,13,元大-八德,2024-01-23,9813
3264,欣銓,13,1,12,元大-八德,2024-01-23,9813
1514,亞力,16,4,12,元大-八德,2024-01-23,9813
1789,神隆,12,0,12,元大-八德,2024-01-23,9813
2066,世德,12,0,12,元大-八德,2024-01-23,9813
6698,旭暉應材,12,0,12,元大-八德,2024-01-23,9813
2385,群光,13,1,12,元大-八德,2024-01-23,9813
00632R,元大台灣50反1,11,0,11,元大-八德,2024-01-23,9813
1108,幸福,11,0,11,元大-八德,2024-01-23,9813
5009,榮剛,11,0,11,元大-八德,2024-01-23,9813
2301,光寶科,13,3,10,元大-八德,2024-01-23,9813
5457,宣德,10,0,10,元大-八德,2024-01-23,9813
6799,來頡,12,3,9,元大-八德,2024-01-23,9813
3035,智原,11,3,8,元大-八德,2024-01-23,9813
020040,元大上櫃ESG龍頭N,8,0,8,元大-八德,2024-01-23,9813
2382,廣達,19,11,8,元大-八德,2024-01-23,9813
2609,陽明,12,5,7,元大-八德,2024-01-23,9813
2486,一詮,9,2,7,元大-八德,2024-01-23,9813
4961,天鈺,7,0,7,元大-八德,2024-01-23,9813
2454,聯發科,6,0,6,元大-八德,2024-01-23,9813
020035,元大上櫃ESG高息N,6,0,6,元大-八德,2024-01-23,9813
2377,微星,7,1,6,元大-八德,2024-01-23,9813
2449,京元電子,7,1,6,元大-八德,2024-01-23,9813
6865,偉康科技,6,0,6,元大-八德,2024-01-23,9813
8059,凱碩,27,22,5,元大-八德,2024-01-23,9813
2886,兆豐金,5,0,5,元大-八德,2024-01-23,9813
2618,長榮航,6,1,5,元大-八德,2024-01-23,9813
6231,系微,6,1,5,元大-八德,2024-01-23,9813
00753L,中信中國50正2,5,0,5,元大-八德,2024-01-23,9813
00931B,統一美債20年,400,51,349,元大-八德,2024-01-24,9813
3481,群創,348,198,150,元大-八德,2024-01-24,9813
00753L,中信中國50正2,170,50,120,元大-八德,2024-01-24,9813
2915,潤泰全,80,0,80,元大-八德,2024-01-24,9813
00937B,群益ESG投等債20,67,2,65,元大-八德,2024-01-24,9813
00679B,元大美債20年,39,1,38,元大-八德,2024-01-24,9813
5009,榮剛,33,1,32,元大-八德,2024-01-24,9813
6462,神盾,37,6,31,元大-八德,2024-01-24,9813
3702,大聯大,30,0,30,元大-八德,2024-01-24,9813
2369,菱生,121,94,27,元大-八德,2024-01-24,9813
6239,力成,35,8,27,元大-八德,2024-01-24,9813
3483,力致,54,28,26,元大-八德,2024-01-24,9813
3231,緯創,51,29,22,元大-八德,2024-01-24,9813
2250,IKKA-KY,22,0,22,元大-八德,2024-01-24,9813
4123,晟德,22,0,22,元大-八德,2024-01-24,9813
00882,中信中國高股息,20,1,19,元大-八德,2024-01-24,9813
00929,復華台灣科技優息,50,32,18,元大-八德,2024-01-24,9813
2457,飛宏,19,2,17,元大-八德,2024-01-24,9813
8034,榮群,15,0,15,元大-八德,2024-01-24,9813
1514,亞力,15,1,14,元大-八德,2024-01-24,9813
02001L,富邦蘋果正二N,14,0,14,元大-八德,2024-01-24,9813
3047,訊舟,15,1,14,元大-八德,2024-01-24,9813
6113,亞矽,14,0,14,元大-八德,2024-01-24,9813
8996,高力,14,0,14,元大-八德,2024-01-24,9813
00720B,元大投資級公司債,13,0,13,元大-八德,2024-01-24,9813
2308,台達電,14,2,12,元大-八德,2024-01-24,9813
00751B,元大AAA至A公司債,12,0,12,元大-八德,2024-01-24,9813
020027,元大上櫃ESG成長N,12,0,12,元大-八德,2024-01-24,9813
5425,台半,13,1,12,元大-八德,2024-01-24,9813
1301,台塑,11,0,11,元大-八德,2024-01-24,9813
5469,瀚宇博,11,0,11,元大-八德,2024-01-24,9813
6117,迎廣,14,3,11,元大-八德,2024-01-24,9813
6245,立端,11,0,11,元大-八德,2024-01-24,9813
6535,順藥,19,8,11,元大-八德,2024-01-24,9813
3376,新日興,12,1,11,元大-八德,2024-01-24,9813
3037,欣興,26,15,11,元大-八德,2024-01-24,9813
3260,威剛,27,17,10,元大-八德,2024-01-24,9813
3653,健策,10,0,10,元大-八德,2024-01-24,9813
00933B,國泰10Y+金融債,10,0,10,元大-八德,2024-01-24,9813
00633L,富邦上証正2,10,0,10,元大-八德,2024-01-24,9813
00780B,國泰A級金融債,10,0,10,元大-八德,2024-01-24,9813
00773B,中信優先金融債,10,0,10,元大-八德,2024-01-24,9813
00772B,中信高評級公司債,10,0,10,元大-八德,2024-01-24,9813
3022,威強電,10,0,10,元大-八德,2024-01-24,9813
5521,工信,10,0,10,元大-八德,2024-01-24,9813
2353,宏��,61,51,10,元大-八德,2024-01-24,9813
1522,堤維西,11,1,10,元大-八德,2024-01-24,9813
3712,永崴投控,9,0,9,元大-八德,2024-01-24,9813
00891,中信關鍵半導體,10,2,8,元大-八德,2024-01-24,9813
020026,兆豐上櫃ESG電菁N,8,0,8,元大-八德,2024-01-24,9813
00753L,中信中國50正2,450,101,349,元大-八德,2024-01-25,9813
5426,振發,220,22,198,元大-八德,2024-01-25,9813
00882,中信中國高股息,228,36,192,元大-八德,2024-01-25,9813
2313,華通,164,5,159,元大-八德,2024-01-25,9813
3605,宏致,100,2,98,元大-八德,2024-01-25,9813
3548,兆利,87,10,77,元大-八德,2024-01-25,9813
9105,泰金寶-DR,76,0,76,元大-八德,2024-01-25,9813
4123,晟德,75,7,68,元大-八德,2024-01-25,9813
8096,擎亞,114,58,56,元大-八德,2024-01-25,9813
00929,復華台灣科技優息,52,1,51,元大-八德,2024-01-25,9813
00725B,國泰投資級公司債,52,3,49,元大-八德,2024-01-25,9813
00687B,國泰20年美債,43,2,41,元大-八德,2024-01-25,9813
2356,英業達,74,42,32,元大-八德,2024-01-25,9813
00632R,元大台灣50反1,32,0,32,元大-八德,2024-01-25,9813
00655L,國泰中國A50正2,31,0,31,元大-八德,2024-01-25,9813
6535,順藥,56,25,31,元大-八德,2024-01-25,9813
3231,緯創,70,39,31,元大-八德,2024-01-25,9813
4938,和碩,27,0,27,元大-八德,2024-01-25,9813
2059,川湖,27,0,27,元大-八德,2024-01-25,9813
00679B,元大美債20年,38,11,27,元大-八德,2024-01-25,9813
2250,IKKA-KY,26,0,26,元大-八德,2024-01-25,9813
6113,亞矽,68,43,25,元大-八德,2024-01-25,9813
3563,牧德,27,3,24,元大-八德,2024-01-25,9813
2344,華邦電,22,1,21,元大-八德,2024-01-25,9813
00673R,期元大S＆P原油反1,20,0,20,元大-八德,2024-01-25,9813
020035,元大上櫃ESG高息N,18,0,18,元大-八德,2024-01-25,9813
4714,永捷,18,0,18,元大-八德,2024-01-25,9813
2636,台驊控股,17,0,17,元大-八德,2024-01-25,9813
3211,順達,19,2,17,元大-八德,2024-01-25,9813
3312,弘憶股,16,0,16,元大-八德,2024-01-25,9813
00933B,國泰10Y+金融債,15,0,15,元大-八德,2024-01-25,9813
6165,浪凡,15,0,15,元大-八德,2024-01-25,9813
00751B,元大AAA至A公司債,14,0,14,元大-八德,2024-01-25,9813
2890,永豐金,14,0,14,元大-八德,2024-01-25,9813
1721,三晃,13,0,13,元大-八德,2024-01-25,9813
3483,力致,36,23,13,元大-八德,2024-01-25,9813
2206,三陽工業,13,0,13,元大-八德,2024-01-25,9813
00772B,中信高評級公司債,12,0,12,元大-八德,2024-01-25,9813
00931B,統一美債20年,12,0,12,元大-八德,2024-01-25,9813
6789,采鈺,15,4,11,元大-八德,2024-01-25,9813
8034,榮群,15,4,11,元大-八德,2024-01-25,9813
8112,至上,10,0,10,元大-八德,2024-01-25,9813
00773B,中信優先金融債,10,0,10,元大-八德,2024-01-25,9813
2208,台船,10,0,10,元大-八德,2024-01-25,9813
2301,光寶科,10,0,10,元大-八德,2024-01-25,9813
2834,臺企銀,10,0,10,元大-八德,2024-01-25,9813
4909,新復興,37,27,10,元大-八德,2024-01-25,9813
5457,宣德,10,0,10,元大-八德,2024-01-25,9813
8021,尖點,10,0,10,元大-八德,2024-01-25,9813
8222,寶一,10,0,10,元大-八德,2024-01-25,9813
00931B,統一美債20年,201,0,201,元大-八德,2024-01-26,9813
2250,IKKA-KY,112,0,112,元大-八德,2024-01-26,9813
2882,國泰金,100,1,99,元大-八德,2024-01-26,9813
2337,旺宏,102,12,90,元大-八德,2024-01-26,9813
6005,群益證,100,14,86,元大-八德,2024-01-26,9813
00937B,群益ESG投等債20,56,3,53,元大-八德,2024-01-26,9813
5328,華容,50,0,50,元大-八德,2024-01-26,9813
4714,永捷,49,0,49,元大-八德,2024-01-26,9813
00687B,國泰20年美債,36,0,36,元大-八德,2024-01-26,9813
1460,宏遠,30,0,30,元大-八德,2024-01-26,9813
3037,欣興,40,13,27,元大-八德,2024-01-26,9813
2353,宏��,62,37,25,元大-八德,2024-01-26,9813
1316,上曜,30,5,25,元大-八德,2024-01-26,9813
00919,群益台灣精選高息,23,0,23,元大-八德,2024-01-26,9813
3535,晶彩科,72,50,22,元大-八德,2024-01-26,9813
6462,神盾,52,30,22,元大-八德,2024-01-26,9813
00720B,元大投資級公司債,21,0,21,元大-八德,2024-01-26,9813
00878,國泰永續高股息,32,12,20,元大-八德,2024-01-26,9813
6237,驊訊,37,17,20,元大-八德,2024-01-26,9813
4958,臻鼎-KY,20,1,19,元大-八德,2024-01-26,9813
6535,順藥,19,0,19,元大-八德,2024-01-26,9813
2376,技嘉,22,4,18,元大-八德,2024-01-26,9813
3005,神基,16,0,16,元大-八德,2024-01-26,9813
00713,元大台灣高息低波,17,1,16,元大-八德,2024-01-26,9813
6662,樂斯科,15,0,15,元大-八德,2024-01-26,9813
00665L,富邦�琤肭磪囓�2,12,0,12,元大-八德,2024-01-26,9813
2354,鴻準,11,0,11,元大-八德,2024-01-26,9813
5469,瀚宇博,22,11,11,元大-八德,2024-01-26,9813
2344,華邦電,13,2,11,元大-八德,2024-01-26,9813
2363,矽統,13,2,11,元大-八德,2024-01-26,9813
2618,長榮航,10,0,10,元大-八德,2024-01-26,9813
2455,全新,10,0,10,元大-八德,2024-01-26,9813
1536,和大,10,0,10,元大-八德,2024-01-26,9813
3047,訊舟,10,0,10,元大-八德,2024-01-26,9813
02001L,富邦蘋果正二N,9,0,9,元大-八德,2024-01-26,9813
2636,台驊控股,9,0,9,元大-八德,2024-01-26,9813
2382,廣達,13,5,8,元大-八德,2024-01-26,9813
6290,良維,10,2,8,元大-八德,2024-01-26,9813
2324,仁寶,9,1,8,元大-八德,2024-01-26,9813
2605,新興,7,0,7,元大-八德,2024-01-26,9813
2915,潤泰全,7,0,7,元大-八德,2024-01-26,9813
3162,精確,7,0,7,元大-八德,2024-01-26,9813
3645,達邁,8,1,7,元大-八德,2024-01-26,9813
3712,永崴投控,7,0,7,元大-八德,2024-01-26,9813
6140,訊達,24,17,7,元大-八德,2024-01-26,9813
2357,華碩,7,0,7,元大-八德,2024-01-26,9813
00918,大華優利高填息30,6,0,6,元大-八德,2024-01-26,9813
2913,農林,6,0,6,元大-八德,2024-01-26,9813
3035,智原,13,7,6,元大-八德,2024-01-26,9813
4746,台耀,15,9,6,元大-八德,2024-01-26,9813
00931B,統一美債20年,203,0,203,元大-八德,2024-01-29,9813
2610,華航,137,9,128,元大-八德,2024-01-29,9813
2915,潤泰全,60,0,60,元大-八德,2024-01-29,9813
00751B,元大AAA至A公司債,56,0,56,元大-八德,2024-01-29,9813
2303,聯電,51,1,50,元大-八德,2024-01-29,9813
3059,華晶科,45,0,45,元大-八德,2024-01-29,9813
6462,神盾,43,7,36,元大-八德,2024-01-29,9813
3376,新日興,39,4,35,元大-八德,2024-01-29,9813
3481,群創,98,65,33,元大-八德,2024-01-29,9813
00679B,元大美債20年,33,1,32,元大-八德,2024-01-29,9813
3483,力致,50,21,29,元大-八德,2024-01-29,9813
2352,佳世達,33,5,28,元大-八德,2024-01-29,9813
00687B,國泰20年美債,25,0,25,元大-八德,2024-01-29,9813
2250,IKKA-KY,25,0,25,元大-八德,2024-01-29,9813
2486,一詮,25,0,25,元大-八德,2024-01-29,9813
2356,英業達,22,4,18,元大-八德,2024-01-29,9813
00878,國泰永續高股息,25,10,15,元大-八德,2024-01-29,9813
00636,國泰中國A50,13,0,13,元大-八德,2024-01-29,9813
00764B,群益25年美債,12,0,12,元大-八德,2024-01-29,9813
00937B,群益ESG投等債20,15,5,10,元大-八德,2024-01-29,9813
00933B,國泰10Y+金融債,10,0,10,元大-八德,2024-01-29,9813
00773B,中信優先金融債,10,0,10,元大-八德,2024-01-29,9813
00772B,中信高評級公司債,10,0,10,元大-八德,2024-01-29,9813
3587,閎康,10,0,10,元大-八德,2024-01-29,9813
5009,榮剛,10,0,10,元大-八德,2024-01-29,9813
2421,建準,43,34,9,元大-八德,2024-01-29,9813
00637L,元大滬深300正2,26,17,9,元大-八德,2024-01-29,9813
6165,浪凡,10,1,9,元大-八德,2024-01-29,9813
8050,廣積,9,0,9,元大-八德,2024-01-29,9813
00720B,元大投資級公司債,8,0,8,元大-八德,2024-01-29,9813
00712,復華富時不動產,8,0,8,元大-八德,2024-01-29,9813
00690,兆豐藍籌30,8,0,8,元大-八德,2024-01-29,9813
00780B,國泰A級金融債,8,0,8,元大-八德,2024-01-29,9813
6541,泰福-KY,7,0,7,元大-八德,2024-01-29,9813
6770,力積電,7,0,7,元大-八德,2024-01-29,9813
1101,台泥,6,0,6,元大-八德,2024-01-29,9813
8054,安國,100,94,6,元大-八德,2024-01-29,9813
3325,旭品,7,1,6,元大-八德,2024-01-29,9813
6179,亞通,8,2,6,元大-八德,2024-01-29,9813
3605,宏致,7,1,6,元大-八德,2024-01-29,9813
3661,世芯-KY,5,0,5,元大-八德,2024-01-29,9813
00929,復華台灣科技優息,10,5,5,元大-八德,2024-01-29,9813
2882,國泰金,5,0,5,元大-八德,2024-01-29,9813
1102,亞泥,5,0,5,元大-八德,2024-01-29,9813
00905,FT臺灣Smart,5,0,5,元大-八德,2024-01-29,9813
00877,復華中國5G,5,0,5,元大-八德,2024-01-29,9813
1314,中石化,5,0,5,元大-八德,2024-01-29,9813
1326,台化,5,0,5,元大-八德,2024-01-29,9813
1789,神隆,5,0,5,元大-八德,2024-01-29,9813
3057,喬鼎,5,0,5,元大-八德,2024-01-29,9813
00753L,中信中國50正2,105,0,105,元大-八德,2024-01-30,9813
00712,復華富時不動產,100,0,100,元大-八德,2024-01-30,9813
00878,國泰永續高股息,93,13,80,元大-八德,2024-01-30,9813
2610,華航,61,0,61,元大-八德,2024-01-30,9813
0056,元大高股息,63,21,42,元大-八德,2024-01-30,9813
00633L,富邦上証正2,41,0,41,元大-八德,2024-01-30,9813
2883,凱基金,35,0,35,元大-八德,2024-01-30,9813
00637L,元大滬深300正2,34,0,34,元大-八德,2024-01-30,9813
2460,建通,32,0,32,元大-八德,2024-01-30,9813
5457,宣德,32,0,32,元大-八德,2024-01-30,9813
2356,英業達,46,15,31,元大-八德,2024-01-30,9813
2352,佳世達,31,0,31,元大-八德,2024-01-30,9813
2408,南亞科,31,0,31,元大-八德,2024-01-30,9813
2250,IKKA-KY,30,0,30,元大-八德,2024-01-30,9813
1460,宏遠,20,0,20,元大-八德,2024-01-30,9813
5533,皇鼎,20,0,20,元大-八德,2024-01-30,9813
6165,浪凡,51,31,20,元大-八德,2024-01-30,9813
00687B,國泰20年美債,20,1,19,元大-八德,2024-01-30,9813
2618,長榮航,21,3,18,元大-八德,2024-01-30,9813
00937B,群益ESG投等債20,16,0,16,元大-八德,2024-01-30,9813
2002,中鋼,16,0,16,元大-八德,2024-01-30,9813
2401,凌陽,16,0,16,元大-八德,2024-01-30,9813
00720B,元大投資級公司債,26,11,15,元大-八德,2024-01-30,9813
6535,順藥,13,0,13,元大-八德,2024-01-30,9813
00931B,統一美債20年,10,0,10,元大-八德,2024-01-30,9813
00935,野村臺灣新科技50,10,0,10,元大-八德,2024-01-30,9813
1301,台塑,10,0,10,元大-八德,2024-01-30,9813
5521,工信,10,0,10,元大-八德,2024-01-30,9813
6233,旺玖,10,0,10,元大-八德,2024-01-30,9813
3037,欣興,27,18,9,元大-八德,2024-01-30,9813
00719B,元大美債1-3,9,0,9,元大-八德,2024-01-30,9813
5210,寶碩,9,0,9,元大-八德,2024-01-30,9813
6140,訊達,48,39,9,元大-八德,2024-01-30,9813
3380,明泰,9,0,9,元大-八德,2024-01-30,9813
4714,永捷,8,0,8,元大-八德,2024-01-30,9813
2363,矽統,7,0,7,元大-八德,2024-01-30,9813
2885,元大金,8,1,7,元大-八德,2024-01-30,9813
2913,農林,7,0,7,元大-八德,2024-01-30,9813
3712,永崴投控,8,1,7,元大-八德,2024-01-30,9813
5452,佶優,8,1,7,元大-八德,2024-01-30,9813
2301,光寶科,8,1,7,元大-八德,2024-01-30,9813
2308,台達電,7,1,6,元大-八德,2024-01-30,9813
8027,鈦昇,6,0,6,元大-八德,2024-01-30,9813
6182,合晶,6,0,6,元大-八德,2024-01-30,9813
1303,南亞,6,0,6,元大-八德,2024-01-30,9813
1316,上曜,6,0,6,元大-八德,2024-01-30,9813
1611,中電,6,0,6,元大-八德,2024-01-30,9813
2409,友達,7,1,6,元大-八德,2024-01-30,9813
3033,威健,16,10,6,元大-八德,2024-01-30,9813
5478,智冠,6,0,6,元大-八德,2024-01-30,9813
00753L,中信中國50正2,304,0,304,元大-八德,2024-01-31,9813
00679B,元大美債20年,268,2,266,元大-八德,2024-01-31,9813
00931B,統一美債20年,201,0,201,元大-八德,2024-01-31,9813
00687B,國泰20年美債,129,21,108,元大-八德,2024-01-31,9813
3481,群創,73,11,62,元大-八德,2024-01-31,9813
2329,華泰,57,9,48,元大-八德,2024-01-31,9813
2465,麗臺,36,2,34,元大-八德,2024-01-31,9813
3548,兆利,107,75,32,元大-八德,2024-01-31,9813
2250,IKKA-KY,31,0,31,元大-八德,2024-01-31,9813
2330,台積電,34,4,30,元大-八德,2024-01-31,9813
6265,方土昶,30,0,30,元大-八德,2024-01-31,9813
2915,潤泰全,30,1,29,元大-八德,2024-01-31,9813
2493,揚博,28,0,28,元大-八德,2024-01-31,9813
2002,中鋼,24,0,24,元大-八德,2024-01-31,9813
2882A,國泰特,23,0,23,元大-八德,2024-01-31,9813
8011,台通,26,3,23,元大-八德,2024-01-31,9813
2867,三商壽,22,0,22,元大-八德,2024-01-31,9813
6535,順藥,29,7,22,元大-八德,2024-01-31,9813
00892,富邦台灣半導體,20,0,20,元大-八德,2024-01-31,9813
3587,閎康,20,0,20,元大-八德,2024-01-31,9813
3706,神達,19,0,19,元大-八德,2024-01-31,9813
2303,聯電,33,15,18,元大-八德,2024-01-31,9813
00633L,富邦上証正2,17,0,17,元大-八德,2024-01-31,9813
1514,亞力,22,5,17,元大-八德,2024-01-31,9813
3231,緯創,25,8,17,元大-八德,2024-01-31,9813
2066,世德,15,0,15,元大-八德,2024-01-31,9813
8054,安國,18,3,15,元大-八德,2024-01-31,9813
00720B,元大投資級公司債,14,0,14,元大-八德,2024-01-31,9813
6180,橘子,14,0,14,元大-八德,2024-01-31,9813
6643,M31,13,0,13,元大-八德,2024-01-31,9813
1101,台泥,13,0,13,元大-八德,2024-01-31,9813
3037,欣興,27,15,12,元大-八德,2024-01-31,9813
8059,凱碩,128,116,12,元大-八德,2024-01-31,9813
2609,陽明,13,1,12,元大-八德,2024-01-31,9813
3167,大量,11,0,11,元大-八德,2024-01-31,9813
00929,復華台灣科技優息,10,0,10,元大-八德,2024-01-31,9813
00671R,富邦NASDAQ反1,10,0,10,元大-八德,2024-01-31,9813
02001L,富邦蘋果正二N,10,0,10,元大-八德,2024-01-31,9813
3338,泰碩,10,0,10,元大-八德,2024-01-31,9813
3372,典範,10,0,10,元大-八德,2024-01-31,9813
4543,萬在,10,0,10,元大-八德,2024-01-31,9813
6005,群益證,10,0,10,元大-八德,2024-01-31,9813
6278,台表科,10,0,10,元大-八德,2024-01-31,9813
8069,元太,10,0,10,元大-八德,2024-01-31,9813
2605,新興,9,0,9,元大-八德,2024-01-31,9813
6113,亞矽,32,23,9,元大-八德,2024-01-31,9813
2408,南亞科,8,0,8,元大-八德,2024-01-31,9813
8040,九暘,10,3,7,元大-八德,2024-01-31,9813
00937B,群益ESG投等債20,17,10,7,元大-八德,2024-01-31,9813
1316,上曜,9,2,7,元大-八德,2024-01-31,9813
00712,復華富時不動產,87,0,87,元大-八德,2024-02-01,9813
6023,元大期,75,0,75,元大-八德,2024-02-01,9813
00687B,國泰20年美債,107,44,63,元大-八德,2024-02-01,9813
3363,上詮,66,4,62,元大-八德,2024-02-01,9813
00671R,富邦NASDAQ反1,60,0,60,元大-八德,2024-02-01,9813
3481,群創,66,11,55,元大-八德,2024-02-01,9813
2915,潤泰全,50,0,50,元大-八德,2024-02-01,9813
00720B,元大投資級公司債,42,0,42,元大-八德,2024-02-01,9813
2636,台驊控股,39,0,39,元大-八德,2024-02-01,9813
1528,恩德,40,3,37,元大-八德,2024-02-01,9813
1444,力麗,30,0,30,元大-八德,2024-02-01,9813
2882A,國泰特,30,0,30,元大-八德,2024-02-01,9813
6535,順藥,35,6,29,元大-八德,2024-02-01,9813
00929,復華台灣科技優息,28,0,28,元大-八德,2024-02-01,9813
8034,榮群,28,0,28,元大-八德,2024-02-01,9813
8011,台通,37,10,27,元大-八德,2024-02-01,9813
4303,信立,35,10,25,元大-八德,2024-02-01,9813
8420,明揚,25,0,25,元大-八德,2024-02-01,9813
2303,聯電,34,12,22,元大-八德,2024-02-01,9813
4147,中裕,30,8,22,元大-八德,2024-02-01,9813
8069,元太,23,1,22,元大-八德,2024-02-01,9813
00665L,富邦�琤肭磪囓�2,20,0,20,元大-八德,2024-02-01,9813
2457,飛宏,20,0,20,元大-八德,2024-02-01,9813
4543,萬在,21,1,20,元大-八德,2024-02-01,9813
6154,順發,25,5,20,元大-八德,2024-02-01,9813
2454,聯發科,22,2,20,元大-八德,2024-02-01,9813
00937B,群益ESG投等債20,29,10,19,元大-八德,2024-02-01,9813
2356,英業達,48,31,17,元大-八德,2024-02-01,9813
8089,康全電訊,21,5,16,元大-八德,2024-02-01,9813
00642U,期元大S＆P石油,16,0,16,元大-八德,2024-02-01,9813
2401,凌陽,16,0,16,元大-八德,2024-02-01,9813
00878,國泰永續高股息,23,8,15,元大-八德,2024-02-01,9813
02001L,富邦蘋果正二N,15,0,15,元大-八德,2024-02-01,9813
4979,華星光,16,3,13,元大-八德,2024-02-01,9813
6265,方土昶,15,4,11,元大-八德,2024-02-01,9813
00892,富邦台灣半導體,10,0,10,元大-八德,2024-02-01,9813
00719B,元大美債1-3,10,0,10,元大-八德,2024-02-01,9813
1460,宏遠,10,0,10,元大-八德,2024-02-01,9813
3232,昱捷,10,0,10,元大-八德,2024-02-01,9813
3645,達邁,10,0,10,元大-八德,2024-02-01,9813
3694,海華,16,6,10,元大-八德,2024-02-01,9813
4707,磐亞,10,0,10,元大-八德,2024-02-01,9813
5533,皇鼎,10,0,10,元大-八德,2024-02-01,9813
6005,群益證,10,0,10,元大-八德,2024-02-01,9813
0050,元大台灣50,10,0,10,元大-八德,2024-02-01,9813
1101,台泥,10,1,9,元大-八德,2024-02-01,9813
3231,緯創,14,5,9,元大-八德,2024-02-01,9813
00680L,元大美債20正2,8,0,8,元大-八德,2024-02-01,9813
2493,揚博,8,0,8,元大-八德,2024-02-01,9813
3055,蔚華科,14,6,8,元大-八德,2024-02-01,9813
00931B,統一美債20年,200,0,200,元大-八德,2024-02-02,9813
00929,復華台灣科技優息,187,10,177,元大-八德,2024-02-02,9813
00753L,中信中國50正2,152,0,152,元大-八德,2024-02-02,9813
3202,樺晟,67,0,67,元大-八德,2024-02-02,9813
2915,潤泰全,61,0,61,元大-八德,2024-02-02,9813
2636,台驊控股,55,0,55,元大-八德,2024-02-02,9813
00680L,元大美債20正2,54,5,49,元大-八德,2024-02-02,9813
2812,台中銀,40,2,38,元大-八德,2024-02-02,9813
5426,振發,39,1,38,元大-八德,2024-02-02,9813
00720B,元大投資級公司債,40,6,34,元大-八德,2024-02-02,9813
00687B,國泰20年美債,84,50,34,元大-八德,2024-02-02,9813
6140,訊達,31,2,29,元大-八德,2024-02-02,9813
2031,新光鋼,25,0,25,元大-八德,2024-02-02,9813
4534,慶騰,25,1,24,元大-八德,2024-02-02,9813
5452,佶優,26,2,24,元大-八德,2024-02-02,9813
2609,陽明,25,2,23,元大-八德,2024-02-02,9813
3376,新日興,66,44,22,元大-八德,2024-02-02,9813
00642U,期元大S＆P石油,20,0,20,元大-八德,2024-02-02,9813
3587,閎康,21,1,20,元大-八德,2024-02-02,9813
5533,皇鼎,20,0,20,元大-八德,2024-02-02,9813
6023,元大期,20,0,20,元大-八德,2024-02-02,9813
00933B,國泰10Y+金融債,18,0,18,元大-八德,2024-02-02,9813
2368,金像電,21,3,18,元大-八德,2024-02-02,9813
3294,英濟,18,1,17,元大-八德,2024-02-02,9813
00719B,元大美債1-3,16,0,16,元大-八德,2024-02-02,9813
00637L,元大滬深300正2,16,0,16,元大-八德,2024-02-02,9813
00937B,群益ESG投等債20,22,6,16,元大-八德,2024-02-02,9813
1815,富喬,16,0,16,元大-八德,2024-02-02,9813
2885,元大金,18,3,15,元大-八德,2024-02-02,9813
1513,中興電,25,11,14,元大-八德,2024-02-02,9813
2312,金寶,16,2,14,元大-八德,2024-02-02,9813
00919,群益台灣精選高息,14,0,14,元大-八德,2024-02-02,9813
2353,宏��,16,3,13,元大-八德,2024-02-02,9813
6805,富世達,14,2,12,元大-八德,2024-02-02,9813
3047,訊舟,19,7,12,元大-八德,2024-02-02,9813
6415,矽力*-KY,12,0,12,元大-八德,2024-02-02,9813
1514,亞力,13,2,11,元大-八德,2024-02-02,9813
4958,臻鼎-KY,11,0,11,元大-八德,2024-02-02,9813
2884,玉山金,10,0,10,元大-八德,2024-02-02,9813
00690,兆豐藍籌30,10,0,10,元大-八德,2024-02-02,9813
00712,復華富時不動產,10,0,10,元大-八德,2024-02-02,9813
3712,永崴投控,10,0,10,元大-八德,2024-02-02,9813
8068,全達,10,0,10,元大-八德,2024-02-02,9813
2607,榮運,9,0,9,元大-八德,2024-02-02,9813
2352,佳世達,10,1,9,元大-八德,2024-02-02,9813
2324,仁寶,9,0,9,元大-八德,2024-02-02,9813
2337,旺宏,9,1,8,元大-八德,2024-02-02,9813
00927,群益半導體收益,8,0,8,元大-八德,2024-02-02,9813
3163,波若威,7,0,7,元大-八德,2024-02-02,9813
00715L,期街口布蘭特正2,7,0,7,元大-八德,2024-02-02,9813
00680L,元大美債20正2,457,4,453,元大-八德,2024-02-05,9813
00929,復華台灣科技優息,236,15,221,元大-八德,2024-02-05,9813
3231,緯創,234,91,143,元大-八德,2024-02-05,9813
00725B,國泰投資級公司債,102,0,102,元大-八德,2024-02-05,9813
00715L,期街口布蘭特正2,106,10,96,元大-八德,2024-02-05,9813
2031,新光鋼,63,0,63,元大-八德,2024-02-05,9813
00679B,元大美債20年,62,0,62,元大-八德,2024-02-05,9813
2356,英業達,57,11,46,元大-八德,2024-02-05,9813
00931B,統一美債20年,42,0,42,元大-八德,2024-02-05,9813
4714,永捷,36,2,34,元大-八德,2024-02-05,9813
006205,富邦上証,30,0,30,元大-八德,2024-02-05,9813
5533,皇鼎,30,0,30,元大-八德,2024-02-05,9813
3481,群創,52,26,26,元大-八德,2024-02-05,9813
00751B,元大AAA至A公司債,25,0,25,元大-八德,2024-02-05,9813
3293,鈊象,25,0,25,元大-八德,2024-02-05,9813
00933B,國泰10Y+金融債,26,1,25,元大-八德,2024-02-05,9813
8086,宏捷科,28,4,24,元大-八德,2024-02-05,9813
00919,群益台灣精選高息,39,16,23,元大-八德,2024-02-05,9813
2352,佳世達,34,12,22,元大-八德,2024-02-05,9813
00878,國泰永續高股息,29,8,21,元大-八德,2024-02-05,9813
00882,中信中國高股息,19,0,19,元大-八德,2024-02-05,9813
1514,亞力,19,1,18,元大-八德,2024-02-05,9813
3013,晟銘電,20,3,17,元大-八德,2024-02-05,9813
3483,力致,42,25,17,元大-八德,2024-02-05,9813
3294,英濟,16,0,16,元大-八德,2024-02-05,9813
6695,芯鼎,23,7,16,元大-八德,2024-02-05,9813
00720B,元大投資級公司債,15,0,15,元大-八德,2024-02-05,9813
00712,復華富時不動產,15,0,15,元大-八德,2024-02-05,9813
00773B,中信優先金融債,14,0,14,元大-八德,2024-02-05,9813
6165,浪凡,17,3,14,元大-八德,2024-02-05,9813
3167,大量,20,6,14,元大-八德,2024-02-05,9813
2884,玉山金,14,0,14,元大-八德,2024-02-05,9813
00937B,群益ESG投等債20,14,1,13,元大-八德,2024-02-05,9813
6205,詮欣,13,0,13,元大-八德,2024-02-05,9813
00655L,國泰中國A50正2,12,0,12,元大-八德,2024-02-05,9813
2363,矽統,12,0,12,元大-八德,2024-02-05,9813
00891,中信關鍵半導體,11,0,11,元大-八德,2024-02-05,9813
3587,閎康,21,10,11,元大-八德,2024-02-05,9813
3712,永崴投控,11,0,11,元大-八德,2024-02-05,9813
4906,正文,11,0,11,元大-八德,2024-02-05,9813
9919,康那香,11,0,11,元大-八德,2024-02-05,9813
006206,元大上證50,10,0,10,元大-八德,2024-02-05,9813
00772B,中信高評級公司債,10,0,10,元大-八德,2024-02-05,9813
00764B,群益25年美債,10,0,10,元大-八德,2024-02-05,9813
2368,金像電,13,3,10,元大-八德,2024-02-05,9813
2743,山富,10,0,10,元大-八德,2024-02-05,9813
6005,群益證,10,0,10,元大-八德,2024-02-05,9813
6230,尼得科超眾,10,0,10,元大-八德,2024-02-05,9813
00780B,國泰A級金融債,9,0,9,元大-八德,2024-02-05,9813
2027,大成鋼,9,0,9,元大-八德,2024-02-05,9813
00687B,國泰20年美債,640,0,640,元大-八德,2024-02-15,9813
00751B,元大AAA至A公司債,165,0,165,元大-八德,2024-02-15,9813
00878,國泰永續高股息,272,116,156,元大-八德,2024-02-15,9813
6282,康舒,136,2,134,元大-八德,2024-02-15,9813
2636,台驊控股,107,0,107,元大-八德,2024-02-15,9813
00720B,元大投資級公司債,85,0,85,元大-八德,2024-02-15,9813
00937B,群益ESG投等債20,78,0,78,元大-八德,2024-02-15,9813
3481,群創,89,20,69,元大-八德,2024-02-15,9813
00632R,元大台灣50反1,50,0,50,元大-八德,2024-02-15,9813
00712,復華富時不動產,45,0,45,元大-八德,2024-02-15,9813
2408,南亞科,45,3,42,元大-八德,2024-02-15,9813
00725B,國泰投資級公司債,35,0,35,元大-八德,2024-02-15,9813
00764B,群益25年美債,32,0,32,元大-八德,2024-02-15,9813
00933B,國泰10Y+金融債,32,0,32,元大-八德,2024-02-15,9813
00772B,中信高評級公司債,29,0,29,元大-八德,2024-02-15,9813
3293,鈊象,29,0,29,元大-八德,2024-02-15,9813
6535,順藥,35,7,28,元大-八德,2024-02-15,9813
2618,長榮航,29,3,26,元大-八德,2024-02-15,9813
00929,復華台灣科技優息,46,20,26,元大-八德,2024-02-15,9813
2421,建準,39,13,26,元大-八德,2024-02-15,9813
2356,英業達,61,35,26,元大-八德,2024-02-15,9813
020040,元大上櫃ESG龍頭N,25,0,25,元大-八德,2024-02-15,9813
3321,同泰,25,0,25,元大-八德,2024-02-15,9813
2327,國巨,24,1,23,元大-八德,2024-02-15,9813
2634,漢翔,24,1,23,元大-八德,2024-02-15,9813
00919,群益台灣精選高息,26,5,21,元大-八德,2024-02-15,9813
4167,松瑞藥,21,0,21,元大-八德,2024-02-15,9813
4543,萬在,23,2,21,元大-八德,2024-02-15,9813
1513,中興電,27,7,20,元大-八德,2024-02-15,9813
8299,群聯,20,0,20,元大-八德,2024-02-15,9813
2888,新光金,19,1,18,元大-八德,2024-02-15,9813
00882,中信中國高股息,17,0,17,元大-八德,2024-02-15,9813
6415,矽力*-KY,18,2,16,元大-八德,2024-02-15,9813
5880,合庫金,18,2,16,元大-八德,2024-02-15,9813
00722B,群益投資級電信債,16,0,16,元大-八德,2024-02-15,9813
00633L,富邦上証正2,15,0,15,元大-八德,2024-02-15,9813
00795B,中信美國公債20年,15,0,15,元大-八德,2024-02-15,9813
00780B,國泰A級金融債,15,0,15,元大-八德,2024-02-15,9813
2313,華通,21,6,15,元大-八德,2024-02-15,9813
6147,頎邦,15,1,14,元大-八德,2024-02-15,9813
6245,立端,14,0,14,元大-八德,2024-02-15,9813
00931B,統一美債20年,12,0,12,元大-八德,2024-02-15,9813
00773B,中信優先金融債,15,3,12,元大-八德,2024-02-15,9813
2365,昆盈,165,153,12,元大-八德,2024-02-15,9813
2344,華邦電,14,3,11,元大-八德,2024-02-15,9813
6165,浪凡,32,21,11,元大-八德,2024-02-15,9813
1326,台化,10,0,10,元大-八德,2024-02-15,9813
00688L,國泰20年美債正2,10,0,10,元大-八德,2024-02-15,9813
2498,宏達電,10,0,10,元大-八德,2024-02-15,9813
3056,富華新,10,0,10,元大-八德,2024-02-15,9813
00637L,元大滬深300正2,508,18,490,元大-八德,2024-02-16,9813
6125,廣運,271,19,252,元大-八德,2024-02-16,9813
00712,復華富時不動產,182,1,181,元大-八德,2024-02-16,9813
00679B,元大美債20年,164,0,164,元大-八德,2024-02-16,9813
3289,宜特,136,16,120,元大-八德,2024-02-16,9813
00680L,元大美債20正2,101,5,96,元大-八德,2024-02-16,9813
00937B,群益ESG投等債20,87,10,77,元大-八德,2024-02-16,9813
3265,台星科,80,4,76,元大-八德,2024-02-16,9813
3363,上詮,77,2,75,元大-八德,2024-02-16,9813
6282,康舒,80,6,74,元大-八德,2024-02-16,9813
2636,台驊控股,46,0,46,元大-八德,2024-02-16,9813
02001L,富邦蘋果正二N,40,0,40,元大-八德,2024-02-16,9813
2408,南亞科,43,3,40,元大-八德,2024-02-16,9813
6770,力積電,40,1,39,元大-八德,2024-02-16,9813
00751B,元大AAA至A公司債,35,0,35,元大-八德,2024-02-16,9813
3231,緯創,61,28,33,元大-八德,2024-02-16,9813
3234,光環,41,9,32,元大-八德,2024-02-16,9813
00687B,國泰20年美債,31,0,31,元大-八德,2024-02-16,9813
8011,台通,32,1,31,元大-八德,2024-02-16,9813
4157,太景*-KY,31,1,30,元大-八德,2024-02-16,9813
3227,原相,30,1,29,元大-八德,2024-02-16,9813
2303,聯電,27,1,26,元大-八德,2024-02-16,9813
6196,帆宣,33,7,26,元大-八德,2024-02-16,9813
00929,復華台灣科技優息,72,46,26,元大-八德,2024-02-16,9813
6016,康和證,25,0,25,元大-八德,2024-02-16,9813
3105,穩懋,28,4,24,元大-八德,2024-02-16,9813
00878,國泰永續高股息,58,34,24,元大-八德,2024-02-16,9813
2889,國票金,22,0,22,元大-八德,2024-02-16,9813
8086,宏捷科,25,3,22,元大-八德,2024-02-16,9813
3481,群創,25,4,21,元大-八德,2024-02-16,9813
00900,富邦特選高股息30,20,0,20,元大-八德,2024-02-16,9813
2465,麗臺,20,0,20,元大-八德,2024-02-16,9813
2607,榮運,20,0,20,元大-八德,2024-02-16,9813
4714,永捷,50,30,20,元大-八德,2024-02-16,9813
2888,新光金,18,0,18,元大-八德,2024-02-16,9813
2324,仁寶,21,3,18,元大-八德,2024-02-16,9813
2387,精元,20,3,17,元大-八德,2024-02-16,9813
4958,臻鼎-KY,18,2,16,元大-八德,2024-02-16,9813
2885,元大金,16,0,16,元大-八德,2024-02-16,9813
00764B,群益25年美債,15,0,15,元大-八德,2024-02-16,9813
6668,中揚光,15,0,15,元大-八德,2024-02-16,9813
8420,明揚,15,0,15,元大-八德,2024-02-16,9813
1513,中興電,32,18,14,元大-八德,2024-02-16,9813
2401,凌陽,15,2,13,元大-八德,2024-02-16,9813
3260,威剛,14,1,13,元大-八德,2024-02-16,9813
6165,浪凡,24,11,13,元大-八德,2024-02-16,9813
00882,中信中國高股息,20,8,12,元大-八德,2024-02-16,9813
8121,越峰,12,0,12,元大-八德,2024-02-16,9813
8358,金居,35,23,12,元大-八德,2024-02-16,9813
00632R,元大台灣50反1,11,0,11,元大-八德,2024-02-16,9813
00937B,群益ESG投等債20,371,1,370,元大-八德,2024-02-19,9813
00706L,期元大S＆P日圓正2,300,0,300,元大-八德,2024-02-19,9813
00637L,元大滬深300正2,325,27,298,元大-八德,2024-02-19,9813
3234,光環,152,0,152,元大-八德,2024-02-19,9813
3363,上詮,161,16,145,元大-八德,2024-02-19,9813
00712,復華富時不動產,120,0,120,元大-八德,2024-02-19,9813
8086,宏捷科,153,47,106,元大-八德,2024-02-19,9813
8064,東捷,102,4,98,元大-八德,2024-02-19,9813
8039,台虹,80,0,80,元大-八德,2024-02-19,9813
2382,廣達,79,7,72,元大-八德,2024-02-19,9813
2329,華泰,162,92,70,元大-八德,2024-02-19,9813
3289,宜特,85,15,70,元大-八德,2024-02-19,9813
5009,榮剛,65,0,65,元大-八德,2024-02-19,9813
00933B,國泰10Y+金融債,53,0,53,元大-八德,2024-02-19,9813
2881,富邦金,59,6,53,元大-八德,2024-02-19,9813
3231,緯創,62,9,53,元大-八德,2024-02-19,9813
00929,復華台灣科技優息,55,5,50,元大-八德,2024-02-19,9813
00878,國泰永續高股息,50,0,50,元大-八德,2024-02-19,9813
4909,新復興,43,7,36,元大-八德,2024-02-19,9813
00690,兆豐藍籌30,35,0,35,元大-八德,2024-02-19,9813
00751B,元大AAA至A公司債,27,0,27,元大-八德,2024-02-19,9813
1503,士電,35,12,23,元大-八德,2024-02-19,9813
2355,敬鵬,41,19,22,元大-八德,2024-02-19,9813
2353,宏��,49,27,22,元大-八德,2024-02-19,9813
00931B,統一美債20年,20,0,20,元大-八德,2024-02-19,9813
4916,事欣科,20,0,20,元大-八德,2024-02-19,9813
5521,工信,20,0,20,元大-八德,2024-02-19,9813
8938,明安,20,0,20,元大-八德,2024-02-19,9813
3706,神達,21,4,17,元大-八德,2024-02-19,9813
4714,永捷,97,80,17,元大-八德,2024-02-19,9813
00665L,富邦�琤肭磪囓�2,15,0,15,元大-八德,2024-02-19,9813
3284,太普高,27,12,15,元大-八德,2024-02-19,9813
3504,揚明光,16,1,15,元大-八德,2024-02-19,9813
3450,聯鈞,31,16,15,元大-八德,2024-02-19,9813
1504,東元,18,4,14,元大-八德,2024-02-19,9813
00772B,中信高評級公司債,14,0,14,元大-八德,2024-02-19,9813
00919,群益台灣精選高息,15,2,13,元大-八德,2024-02-19,9813
2376,技嘉,16,4,12,元大-八德,2024-02-19,9813
3163,波若威,15,4,11,元大-八德,2024-02-19,9813
00780B,國泰A級金融債,10,0,10,元大-八德,2024-02-19,9813
1445,大宇,10,0,10,元大-八德,2024-02-19,9813
1616,億泰,10,0,10,元大-八德,2024-02-19,9813
2461,光群雷,10,0,10,元大-八德,2024-02-19,9813
2905,三商,10,0,10,元大-八德,2024-02-19,9813
2913,農林,10,0,10,元大-八德,2024-02-19,9813
4167,松瑞藥,10,0,10,元大-八德,2024-02-19,9813
4743,合一,13,3,10,元大-八德,2024-02-19,9813
5533,皇鼎,10,0,10,元大-八德,2024-02-19,9813
6016,康和證,13,3,10,元大-八德,2024-02-19,9813
6165,浪凡,30,20,10,元大-八德,2024-02-19,9813
00690,兆豐藍籌30,225,0,225,元大-八德,2024-02-20,9813
00706L,期元大S＆P日圓正2,200,0,200,元大-八德,2024-02-20,9813
8086,宏捷科,318,124,194,元大-八德,2024-02-20,9813
00937B,群益ESG投等債20,80,5,75,元大-八德,2024-02-20,9813
00676R,富邦臺灣加權反1,60,0,60,元大-八德,2024-02-20,9813
4147,中裕,60,0,60,元大-八德,2024-02-20,9813
5457,宣德,59,1,58,元大-八德,2024-02-20,9813
5009,榮剛,48,0,48,元大-八德,2024-02-20,9813
3231,緯創,56,13,43,元大-八德,2024-02-20,9813
00679B,元大美債20年,47,7,40,元大-八德,2024-02-20,9813
2376,技嘉,44,6,38,元大-八德,2024-02-20,9813
6126,信音,37,1,36,元大-八德,2024-02-20,9813
3013,晟銘電,32,3,29,元大-八德,2024-02-20,9813
00720B,元大投資級公司債,27,0,27,元大-八德,2024-02-20,9813
3289,宜特,35,8,27,元大-八德,2024-02-20,9813
2332,友訊,27,1,26,元大-八德,2024-02-20,9813
3450,聯鈞,39,14,25,元大-八德,2024-02-20,9813
4714,永捷,152,131,21,元大-八德,2024-02-20,9813
00891,中信關鍵半導體,20,0,20,元大-八德,2024-02-20,9813
3002,歐格,67,47,20,元大-八德,2024-02-20,9813
3711,日月光投控,20,0,20,元大-八德,2024-02-20,9813
2607,榮運,20,1,19,元大-八德,2024-02-20,9813
00751B,元大AAA至A公司債,18,0,18,元大-八德,2024-02-20,9813
6535,順藥,23,5,18,元大-八德,2024-02-20,9813
6160,欣技,17,0,17,元大-八德,2024-02-20,9813
00712,復華富時不動產,16,0,16,元大-八德,2024-02-20,9813
00665L,富邦�琤肭磪囓�2,15,0,15,元大-八德,2024-02-20,9813
2888,新光金,15,0,15,元大-八德,2024-02-20,9813
3014,聯陽,14,0,14,元大-八德,2024-02-20,9813
3481,群創,14,0,14,元大-八德,2024-02-20,9813
8087,麗升能源,13,0,13,元大-八德,2024-02-20,9813
00795B,中信美國公債20年,12,0,12,元大-八德,2024-02-20,9813
020035,元大上櫃ESG高息N,12,0,12,元大-八德,2024-02-20,9813
2029,盛餘,12,0,12,元大-八德,2024-02-20,9813
2352,佳世達,17,5,12,元大-八德,2024-02-20,9813
1101,台泥,15,3,12,元大-八德,2024-02-20,9813
6415,矽力*-KY,11,0,11,元大-八德,2024-02-20,9813
00929,復華台灣科技優息,88,77,11,元大-八德,2024-02-20,9813
3591,艾笛森,11,0,11,元大-八德,2024-02-20,9813
6274,台燿,18,7,11,元大-八德,2024-02-20,9813
1809,中釉,11,0,11,元大-八德,2024-02-20,9813
2636,台驊控股,10,0,10,元大-八德,2024-02-20,9813
8110,華東,23,13,10,元大-八德,2024-02-20,9813
1316,上曜,22,12,10,元大-八德,2024-02-20,9813
1444,力麗,10,0,10,元大-八德,2024-02-20,9813
2371,大同,10,0,10,元大-八德,2024-02-20,9813
2461,光群雷,10,0,10,元大-八德,2024-02-20,9813
2537,聯上發,10,0,10,元大-八德,2024-02-20,9813
3294,英濟,10,0,10,元大-八德,2024-02-20,9813
4167,松瑞藥,10,0,10,元大-八德,2024-02-20,9813
2610,華航,1204,3,1201,元大-八德,2024-02-21,9813
1444,力麗,245,0,245,元大-八德,2024-02-21,9813
2369,菱生,216,15,201,元大-八德,2024-02-21,9813
00680L,元大美債20正2,121,0,121,元大-八德,2024-02-21,9813
2885,元大金,105,3,102,元大-八德,2024-02-21,9813
00706L,期元大S＆P日圓正2,100,0,100,元大-八德,2024-02-21,9813
00690,兆豐藍籌30,91,0,91,元大-八德,2024-02-21,9813
5457,宣德,78,1,77,元大-八德,2024-02-21,9813
2382,廣達,83,7,76,元大-八德,2024-02-21,9813
3363,上詮,116,44,72,元大-八德,2024-02-21,9813
00919,群益台灣精選高息,76,5,71,元大-八德,2024-02-21,9813
3481,群創,64,2,62,元大-八德,2024-02-21,9813
00933B,國泰10Y+金融債,49,0,49,元大-八德,2024-02-21,9813
00937B,群益ESG投等債20,52,4,48,元大-八德,2024-02-21,9813
3025,星通,62,16,46,元大-八德,2024-02-21,9813
2887,台新金,50,7,43,元大-八德,2024-02-21,9813
00712,復華富時不動產,34,0,34,元大-八德,2024-02-21,9813
3231,緯創,68,34,34,元大-八德,2024-02-21,9813
2617,台航,34,0,34,元大-八德,2024-02-21,9813
2029,盛餘,32,0,32,元大-八德,2024-02-21,9813
3548,兆利,34,3,31,元大-八德,2024-02-21,9813
2606,裕民,38,7,31,元大-八德,2024-02-21,9813
8064,東捷,42,12,30,元大-八德,2024-02-21,9813
6535,順藥,39,10,29,元大-八德,2024-02-21,9813
00929,復華台灣科技優息,39,11,28,元大-八德,2024-02-21,9813
00878,國泰永續高股息,30,5,25,元大-八德,2024-02-21,9813
3047,訊舟,176,151,25,元大-八德,2024-02-21,9813
3035,智原,31,8,23,元大-八德,2024-02-21,9813
4908,前鼎,27,5,22,元大-八德,2024-02-21,9813
6136,富爾特,25,4,21,元大-八德,2024-02-21,9813
00764B,群益25年美債,20,0,20,元大-八德,2024-02-21,9813
2834,臺企銀,20,0,20,元大-八德,2024-02-21,9813
6269,台郡,20,0,20,元大-八德,2024-02-21,9813
3289,宜特,32,13,19,元大-八德,2024-02-21,9813
5210,寶碩,15,0,15,元大-八德,2024-02-21,9813
2376,技嘉,17,2,15,元大-八德,2024-02-21,9813
3545,敦泰,16,2,14,元大-八德,2024-02-21,9813
3227,原相,18,4,14,元大-八德,2024-02-21,9813
2609,陽明,28,15,13,元大-八德,2024-02-21,9813
00679B,元大美債20年,15,2,13,元大-八德,2024-02-21,9813
00850,元大臺灣ESG永續,12,0,12,元大-八德,2024-02-21,9813
00665L,富邦�琤肭磪囓�2,12,0,12,元大-八德,2024-02-21,9813
3483,力致,13,1,12,元大-八德,2024-02-21,9813
6265,方土昶,11,0,11,元大-八德,2024-02-21,9813
2303,聯電,12,1,11,元大-八德,2024-02-21,9813
3260,威剛,12,1,11,元大-八德,2024-02-21,9813
00923,群益台ESG低碳50,10,0,10,元大-八德,2024-02-21,9813
2892,第一金,10,0,10,元大-八德,2024-02-21,9813
00643,群益深証中小,10,0,10,元大-八德,2024-02-21,9813
2364,倫飛,10,0,10,元大-八德,2024-02-21,9813
00937B,群益ESG投等債20,683,0,683,元大-八德,2024-02-22,9813
1316,上曜,548,5,543,元大-八德,2024-02-22,9813
00878,國泰永續高股息,282,0,282,元大-八德,2024-02-22,9813
00637L,元大滬深300正2,226,5,221,元大-八德,2024-02-22,9813
00706L,期元大S＆P日圓正2,100,0,100,元大-八德,2024-02-22,9813
006208,富邦台50,100,1,99,元大-八德,2024-02-22,9813
3313,斐成,60,0,60,元大-八德,2024-02-22,9813
2313,華通,154,95,59,元大-八德,2024-02-22,9813
2329,華泰,85,29,56,元大-八德,2024-02-22,9813
2636,台驊控股,56,0,56,元大-八德,2024-02-22,9813
00680L,元大美債20正2,51,0,51,元大-八德,2024-02-22,9813
3217,優群,40,0,40,元大-八德,2024-02-22,9813
3380,明泰,40,2,38,元大-八德,2024-02-22,9813
00690,兆豐藍籌30,34,0,34,元大-八德,2024-02-22,9813
2371,大同,55,22,33,元大-八德,2024-02-22,9813
00632R,元大台灣50反1,30,0,30,元大-八德,2024-02-22,9813
2027,大成鋼,30,0,30,元大-八德,2024-02-22,9813
3376,新日興,34,4,30,元大-八德,2024-02-22,9813
6425,易發,49,22,27,元大-八德,2024-02-22,9813
6237,驊訊,32,6,26,元大-八德,2024-02-22,9813
6541,泰福-KY,26,0,26,元大-八德,2024-02-22,9813
00679B,元大美債20年,28,3,25,元大-八德,2024-02-22,9813
2641,正德,24,0,24,元大-八德,2024-02-22,9813
00933B,國泰10Y+金融債,21,0,21,元大-八德,2024-02-22,9813
2356,英業達,45,24,21,元大-八德,2024-02-22,9813
2888,新光金,22,1,21,元大-八德,2024-02-22,9813
2606,裕民,20,0,20,元大-八德,2024-02-22,9813
020041,兆豐半導體氣候N,20,0,20,元大-八德,2024-02-22,9813
1460,宏遠,18,0,18,元大-八德,2024-02-22,9813
1503,士電,42,24,18,元大-八德,2024-02-22,9813
1589,永冠-KY,19,2,17,元大-八德,2024-02-22,9813
5381,合正,19,2,17,元大-八德,2024-02-22,9813
2913,農林,16,0,16,元大-八德,2024-02-22,9813
4908,前鼎,19,3,16,元大-八德,2024-02-22,9813
2376,技嘉,33,18,15,元大-八德,2024-02-22,9813
1809,中釉,16,2,14,元大-八德,2024-02-22,9813
2801,彰銀,14,0,14,元大-八德,2024-02-22,9813
1560,中砂,16,2,14,元大-八德,2024-02-22,9813
4961,天鈺,14,1,13,元大-八德,2024-02-22,9813
3231,緯創,56,43,13,元大-八德,2024-02-22,9813
2353,宏��,15,4,11,元大-八德,2024-02-22,9813
2367,燿華,21,10,11,元大-八德,2024-02-22,9813
3535,晶彩科,11,0,11,元大-八德,2024-02-22,9813
2476,鉅祥,10,0,10,元大-八德,2024-02-22,9813
2618,長榮航,14,4,10,元大-八德,2024-02-22,9813
2889,國票金,10,0,10,元大-八德,2024-02-22,9813
4104,佳醫,10,0,10,元大-八德,2024-02-22,9813
6127,九豪,10,0,10,元大-八德,2024-02-22,9813
8084,巨虹,10,0,10,元大-八德,2024-02-22,9813
8085,福華,11,1,10,元大-八德,2024-02-22,9813
00690,兆豐藍籌30,180,0,180,元大-八德,2024-02-23,9813
00637L,元大滬深300正2,132,7,125,元大-八德,2024-02-23,9813
6274,台燿,128,15,113,元大-八德,2024-02-23,9813
00632R,元大台灣50反1,106,0,106,元大-八德,2024-02-23,9813
00933B,國泰10Y+金融債,103,0,103,元大-八德,2024-02-23,9813
00706L,期元大S＆P日圓正2,91,0,91,元大-八德,2024-02-23,9813
4908,前鼎,100,9,91,元大-八德,2024-02-23,9813
3481,群創,90,0,90,元大-八德,2024-02-23,9813
6167,久正,84,3,81,元大-八德,2024-02-23,9813
1316,上曜,192,120,72,元大-八德,2024-02-23,9813
2330,台積電,67,5,62,元大-八德,2024-02-23,9813
2382,廣達,59,12,47,元大-八德,2024-02-23,9813
1514,亞力,86,40,46,元大-八德,2024-02-23,9813
6191,精成科,45,0,45,元大-八德,2024-02-23,9813
00936,台新永續高息中小,44,0,44,元大-八德,2024-02-23,9813
00919,群益台灣精選高息,45,5,40,元大-八德,2024-02-23,9813
6789,采鈺,49,13,36,元大-八德,2024-02-23,9813
3231,緯創,49,13,36,元大-八德,2024-02-23,9813
00679B,元大美債20年,31,0,31,元大-八德,2024-02-23,9813
4904,遠傳,30,0,30,元大-八德,2024-02-23,9813
8064,東捷,114,84,30,元大-八德,2024-02-23,9813
00934,中信成長高股息,27,0,27,元大-八德,2024-02-23,9813
00795B,中信美國公債20年,23,0,23,元大-八德,2024-02-23,9813
8039,台虹,23,0,23,元大-八德,2024-02-23,9813
2059,川湖,22,2,20,元大-八德,2024-02-23,9813
1733,五鼎,20,0,20,元大-八德,2024-02-23,9813
2405,輔信,37,17,20,元大-八德,2024-02-23,9813
5498,凱崴,20,0,20,元大-八德,2024-02-23,9813
3034,聯詠,29,10,19,元大-八德,2024-02-23,9813
2888,新光金,29,10,19,元大-八德,2024-02-23,9813
00878,國泰永續高股息,66,48,18,元大-八德,2024-02-23,9813
4306,炎洲,16,0,16,元大-八德,2024-02-23,9813
00712,復華富時不動產,15,0,15,元大-八德,2024-02-23,9813
5521,工信,15,0,15,元大-八德,2024-02-23,9813
3260,威剛,20,5,15,元大-八德,2024-02-23,9813
3706,神達,17,2,15,元大-八德,2024-02-23,9813
00753L,中信中國50正2,18,4,14,元大-八德,2024-02-23,9813
1536,和大,17,4,13,元大-八德,2024-02-23,9813
2337,旺宏,13,0,13,元大-八德,2024-02-23,9813
3264,欣銓,16,3,13,元大-八德,2024-02-23,9813
2885,元大金,12,0,12,元大-八德,2024-02-23,9813
2887,台新金,12,0,12,元大-八德,2024-02-23,9813
4714,永捷,23,11,12,元大-八德,2024-02-23,9813
2609,陽明,16,5,11,元大-八德,2024-02-23,9813
4966,譜瑞-KY,11,0,11,元大-八德,2024-02-23,9813
2421,建準,33,22,11,元大-八德,2024-02-23,9813
1314,中石化,10,0,10,元大-八德,2024-02-23,9813
1721,三晃,11,1,10,元大-八德,2024-02-23,9813
2461,光群雷,10,0,10,元大-八德,2024-02-23,9813
5315,光聯,10,0,10,元大-八德,2024-02-23,9813
00690,兆豐藍籌30,171,0,171,元大-八德,2024-02-26,9813
2367,燿華,153,1,152,元大-八德,2024-02-26,9813
00706L,期元大S＆P日圓正2,112,0,112,元大-八德,2024-02-26,9813
3706,神達,90,0,90,元大-八德,2024-02-26,9813
00878,國泰永續高股息,107,21,86,元大-八德,2024-02-26,9813
6125,廣運,146,61,85,元大-八德,2024-02-26,9813
4526,東台,170,100,70,元大-八德,2024-02-26,9813
00687B,國泰20年美債,69,2,67,元大-八德,2024-02-26,9813
2812,台中銀,61,0,61,元大-八德,2024-02-26,9813
2356,英業達,66,6,60,元大-八德,2024-02-26,9813
6016,康和證,53,0,53,元大-八德,2024-02-26,9813
2353,宏��,46,0,46,元大-八德,2024-02-26,9813
3167,大量,43,0,43,元大-八德,2024-02-26,9813
2371,大同,63,22,41,元大-八德,2024-02-26,9813
00720B,元大投資級公司債,43,5,38,元大-八德,2024-02-26,9813
2888,新光金,33,0,33,元大-八德,2024-02-26,9813
3711,日月光投控,31,0,31,元大-八德,2024-02-26,9813
2303,聯電,31,0,31,元大-八德,2024-02-26,9813
2337,旺宏,30,0,30,元大-八德,2024-02-26,9813
8047,星雲,30,1,29,元大-八德,2024-02-26,9813
8027,鈦昇,32,4,28,元大-八德,2024-02-26,9813
00933B,國泰10Y+金融債,26,0,26,元大-八德,2024-02-26,9813
2883,凱基金,23,0,23,元大-八德,2024-02-26,9813
3374,精材,22,0,22,元大-八德,2024-02-26,9813
3483,力致,21,0,21,元大-八德,2024-02-26,9813
2882,國泰金,21,2,19,元大-八德,2024-02-26,9813
1609,大亞,19,0,19,元大-八德,2024-02-26,9813
3231,緯創,20,3,17,元大-八德,2024-02-26,9813
1795,美時,22,5,17,元大-八德,2024-02-26,9813
2467,志聖,20,3,17,元大-八德,2024-02-26,9813
2617,台航,20,4,16,元大-八德,2024-02-26,9813
00712,復華富時不動產,16,0,16,元大-八德,2024-02-26,9813
2376,技嘉,19,4,15,元大-八德,2024-02-26,9813
00642U,期元大S＆P石油,15,0,15,元大-八德,2024-02-26,9813
1312,國喬,15,0,15,元大-八德,2024-02-26,9813
2618,長榮航,15,1,14,元大-八德,2024-02-26,9813
2609,陽明,16,2,14,元大-八德,2024-02-26,9813
2607,榮運,14,0,14,元大-八德,2024-02-26,9813
2886,兆豐金,17,3,14,元大-八德,2024-02-26,9813
8112,至上,16,2,14,元大-八德,2024-02-26,9813
6526,達發,20,6,14,元大-八德,2024-02-26,9813
2474,可成,13,0,13,元大-八德,2024-02-26,9813
5381,合正,13,0,13,元大-八德,2024-02-26,9813
8085,福華,13,0,13,元大-八德,2024-02-26,9813
2887,台新金,12,0,12,元大-八德,2024-02-26,9813
2885,元大金,12,1,11,元大-八德,2024-02-26,9813
3563,牧德,11,0,11,元大-八德,2024-02-26,9813
6684,安格,15,4,11,元大-八德,2024-02-26,9813
2329,華泰,21,10,11,元大-八德,2024-02-26,9813
2890,永豐金,10,0,10,元大-八德,2024-02-26,9813
00937B,群益ESG投等債20,331,0,331,元大-八德,2024-02-27,9813
00795B,中信美國公債20年,223,0,223,元大-八德,2024-02-27,9813
00878,國泰永續高股息,238,19,219,元大-八德,2024-02-27,9813
6005,群益證,150,7,143,元大-八德,2024-02-27,9813
8047,星雲,123,0,123,元大-八德,2024-02-27,9813
00919,群益台灣精選高息,129,9,120,元大-八德,2024-02-27,9813
00725B,國泰投資級公司債,120,5,115,元大-八德,2024-02-27,9813
00637L,元大滬深300正2,100,0,100,元大-八德,2024-02-27,9813
6208,日揚,91,11,80,元大-八德,2024-02-27,9813
00706L,期元大S＆P日圓正2,60,0,60,元大-八德,2024-02-27,9813
2887,台新金,60,0,60,元大-八德,2024-02-27,9813
02001L,富邦蘋果正二N,50,0,50,元大-八德,2024-02-27,9813
2303,聯電,51,2,49,元大-八德,2024-02-27,9813
00679B,元大美債20年,46,0,46,元大-八德,2024-02-27,9813
2891,中信金,38,0,38,元大-八德,2024-02-27,9813
2405,輔信,46,14,32,元大-八德,2024-02-27,9813
3041,揚智,32,1,31,元大-八德,2024-02-27,9813
00933B,國泰10Y+金融債,30,0,30,元大-八德,2024-02-27,9813
8096,擎亞,35,7,28,元大-八德,2024-02-27,9813
3231,緯創,55,27,28,元大-八德,2024-02-27,9813
00712,復華富時不動產,26,0,26,元大-八德,2024-02-27,9813
3265,台星科,22,0,22,元大-八德,2024-02-27,9813
1316,上曜,54,33,21,元大-八德,2024-02-27,9813
6735,美達科技,21,0,21,元大-八德,2024-02-27,9813
4956,光鋐,23,3,20,元大-八德,2024-02-27,9813
2457,飛宏,19,0,19,元大-八德,2024-02-27,9813
3481,群創,19,0,19,元大-八德,2024-02-27,9813
2376,技嘉,20,3,17,元大-八德,2024-02-27,9813
00720B,元大投資級公司債,20,3,17,元大-八德,2024-02-27,9813
3167,大量,17,0,17,元大-八德,2024-02-27,9813
1727,中華化,17,1,16,元大-八德,2024-02-27,9813
2888,新光金,15,0,15,元大-八德,2024-02-27,9813
3706,神達,39,24,15,元大-八德,2024-02-27,9813
6122,擎邦,16,1,15,元大-八德,2024-02-27,9813
1609,大亞,14,0,14,元大-八德,2024-02-27,9813
00772B,中信高評級公司債,12,0,12,元大-八德,2024-02-27,9813
020041,兆豐半導體氣候N,12,0,12,元大-八德,2024-02-27,9813
1303,南亞,12,1,11,元大-八德,2024-02-27,9813
3374,精材,11,0,11,元大-八德,2024-02-27,9813
6526,達發,20,10,10,元大-八德,2024-02-27,9813
6292,迅德,20,10,10,元大-八德,2024-02-27,9813
00665L,富邦�琤肭磪囓�2,10,0,10,元大-八德,2024-02-27,9813
00780B,國泰A級金融債,10,0,10,元大-八德,2024-02-27,9813
00773B,中信優先金融債,10,0,10,元大-八德,2024-02-27,9813
00915,凱基優選高股息30,10,0,10,元大-八德,2024-02-27,9813
2364,倫飛,10,0,10,元大-八德,2024-02-27,9813
2801,彰銀,10,0,10,元大-八德,2024-02-27,9813
3149,正達,10,0,10,元大-八德,2024-02-27,9813
4973,廣穎,10,0,10,元大-八德,2024-02-27,9813
5531,鄉林,10,0,10,元大-八德,2024-02-27,9813
00937B,群益ESG投等債20,258,5,253,元大-八德,2024-02-29,9813
00931B,統一美債20年,116,0,116,元大-八德,2024-02-29,9813
00637L,元大滬深300正2,111,10,101,元大-八德,2024-02-29,9813
2440,太空梭,66,1,65,元大-八德,2024-02-29,9813
3481,群創,66,2,64,元大-八德,2024-02-29,9813
5452,佶優,165,104,61,元大-八德,2024-02-29,9813
4966,譜瑞-KY,51,0,51,元大-八德,2024-02-29,9813
00891,中信關鍵半導體,43,0,43,元大-八德,2024-02-29,9813
00881,國泰台灣5G+,40,0,40,元大-八德,2024-02-29,9813
8047,星雲,38,0,38,元大-八德,2024-02-29,9813
2495,普安,36,0,36,元大-八德,2024-02-29,9813
00929,復華台灣科技優息,51,18,33,元大-八德,2024-02-29,9813
2382,廣達,33,1,32,元大-八德,2024-02-29,9813
2317,鴻海,30,0,30,元大-八德,2024-02-29,9813
1815,富喬,47,18,29,元大-八德,2024-02-29,9813
5533,皇鼎,25,0,25,元大-八德,2024-02-29,9813
6669,緯穎,31,6,25,元大-八德,2024-02-29,9813
00878,國泰永續高股息,30,6,24,元大-八德,2024-02-29,9813
1514,亞力,55,32,23,元大-八德,2024-02-29,9813
00751B,元大AAA至A公司債,23,0,23,元大-八德,2024-02-29,9813
2329,華泰,43,20,23,元大-八德,2024-02-29,9813
00643,群益深証中小,23,1,22,元大-八德,2024-02-29,9813
6239,力成,22,1,21,元大-八德,2024-02-29,9813
3540,曜越,21,0,21,元大-八德,2024-02-29,9813
4908,前鼎,24,4,20,元大-八德,2024-02-29,9813
9933,中鼎,21,1,20,元大-八德,2024-02-29,9813
2409,友達,51,32,19,元大-八德,2024-02-29,9813
00687B,國泰20年美債,18,0,18,元大-八德,2024-02-29,9813
8926,台汽電,27,9,18,元大-八德,2024-02-29,9813
2607,榮運,20,2,18,元大-八德,2024-02-29,9813
6016,康和證,18,0,18,元大-八德,2024-02-29,9813
02001L,富邦蘋果正二N,16,0,16,元大-八德,2024-02-29,9813
8996,高力,16,1,15,元大-八德,2024-02-29,9813
6668,中揚光,21,6,15,元大-八德,2024-02-29,9813
2603,長榮,35,20,15,元大-八德,2024-02-29,9813
2888,新光金,14,0,14,元大-八德,2024-02-29,9813
3376,新日興,25,11,14,元大-八德,2024-02-29,9813
5460,同協,14,0,14,元大-八德,2024-02-29,9813
2755,揚秦,13,0,13,元大-八德,2024-02-29,9813
2887,台新金,15,2,13,元大-八德,2024-02-29,9813
3363,上詮,17,5,12,元大-八德,2024-02-29,9813
00772B,中信高評級公司債,11,0,11,元大-八德,2024-02-29,9813
3312,弘憶股,13,2,11,元大-八德,2024-02-29,9813
6208,日揚,15,4,11,元大-八德,2024-02-29,9813
00773B,中信優先金融債,10,0,10,元大-八德,2024-02-29,9813
1522,堤維西,27,17,10,元大-八德,2024-02-29,9813
1808,潤隆,10,0,10,元大-八德,2024-02-29,9813
2476,鉅祥,12,2,10,元大-八德,2024-02-29,9813
2537,聯上發,10,0,10,元大-八德,2024-02-29,9813
2641,正德,10,0,10,元大-八德,2024-02-29,9813
00937B,群益ESG投等債20,418,0,418,元大-八德,2024-03-01,9813
00712,復華富時不動產,205,3,202,元大-八德,2024-03-01,9813
00919,群益台灣精選高息,223,28,195,元大-八德,2024-03-01,9813
00929,復華台灣科技優息,120,7,113,元大-八德,2024-03-01,9813
00936,台新永續高息中小,103,0,103,元大-八德,2024-03-01,9813
1342,八貫,100,1,99,元大-八德,2024-03-01,9813
3006,晶豪科,94,29,65,元大-八德,2024-03-01,9813
00933B,國泰10Y+金融債,61,0,61,元大-八德,2024-03-01,9813
00878,國泰永續高股息,60,0,60,元大-八德,2024-03-01,9813
3450,聯鈞,52,4,48,元大-八德,2024-03-01,9813
2002,中鋼,50,7,43,元大-八德,2024-03-01,9813
6016,康和證,42,0,42,元大-八德,2024-03-01,9813
5533,皇鼎,40,0,40,元大-八德,2024-03-01,9813
4303,信立,64,26,38,元大-八德,2024-03-01,9813
8069,元太,32,0,32,元大-八德,2024-03-01,9813
2408,南亞科,30,3,27,元大-八德,2024-03-01,9813
2382,廣達,36,10,26,元大-八德,2024-03-01,9813
8085,福華,33,8,25,元大-八德,2024-03-01,9813
6015,宏遠證,25,1,24,元大-八德,2024-03-01,9813
3390,旭軟,27,4,23,元大-八德,2024-03-01,9813
00918,大華優利高填息30,25,4,21,元大-八德,2024-03-01,9813
4714,永捷,21,0,21,元大-八德,2024-03-01,9813
00671R,富邦NASDAQ反1,20,0,20,元大-八德,2024-03-01,9813
2913,農林,20,0,20,元大-八德,2024-03-01,9813
5460,同協,20,0,20,元大-八德,2024-03-01,9813
00706L,期元大S＆P日圓正2,18,0,18,元大-八德,2024-03-01,9813
3548,兆利,22,5,17,元大-八德,2024-03-01,9813
00720B,元大投資級公司債,16,0,16,元大-八德,2024-03-01,9813
2313,華通,27,11,16,元大-八德,2024-03-01,9813
3701,大眾控,16,0,16,元大-八德,2024-03-01,9813
6415,矽力*-KY,17,1,16,元大-八德,2024-03-01,9813
1303,南亞,17,2,15,元大-八德,2024-03-01,9813
1603,華電,15,0,15,元大-八德,2024-03-01,9813
3289,宜特,29,14,15,元大-八德,2024-03-01,9813
3321,同泰,15,0,15,元大-八德,2024-03-01,9813
6129,普誠,15,0,15,元大-八德,2024-03-01,9813
00679B,元大美債20年,15,1,14,元大-八德,2024-03-01,9813
2609,陽明,18,4,14,元大-八德,2024-03-01,9813
3005,神基,27,13,14,元大-八德,2024-03-01,9813
2327,國巨,17,3,14,元大-八德,2024-03-01,9813
2303,聯電,24,11,13,元大-八德,2024-03-01,9813
2882,國泰金,13,0,13,元大-八德,2024-03-01,9813
1314,中石化,12,0,12,元大-八德,2024-03-01,9813
3045,台灣大,12,0,12,元大-八德,2024-03-01,9813
1536,和大,11,0,11,元大-八德,2024-03-01,9813
2495,普安,11,0,11,元大-八德,2024-03-01,9813
6443,元晶,11,0,11,元大-八德,2024-03-01,9813
8926,台汽電,12,1,11,元大-八德,2024-03-01,9813
2104,國際中橡,10,0,10,元大-八德,2024-03-01,9813
00773B,中信優先金融債,10,0,10,元大-八德,2024-03-01,9813
00632R,元大台灣50反1,623,23,600,元大-八德,2024-03-04,9813
00919,群益台灣精選高息,497,18,479,元大-八德,2024-03-04,9813
6217,中探針,359,1,358,元大-八德,2024-03-04,9813
00937B,群益ESG投等債20,333,25,308,元大-八德,2024-03-04,9813
2308,台達電,153,0,153,元大-八德,2024-03-04,9813
00637L,元大滬深300正2,101,0,101,元大-八德,2024-03-04,9813
6239,力成,144,55,89,元大-八德,2024-03-04,9813
9933,中鼎,83,6,77,元大-八德,2024-03-04,9813
3376,新日興,108,33,75,元大-八德,2024-03-04,9813
2888,新光金,73,0,73,元大-八德,2024-03-04,9813
2353,宏��,94,32,62,元大-八德,2024-03-04,9813
3231,緯創,77,21,56,元大-八德,2024-03-04,9813
5388,中磊,58,3,55,元大-八德,2024-03-04,9813
00712,復華富時不動產,55,0,55,元大-八德,2024-03-04,9813
00893,國泰智能電動車,50,1,49,元大-八德,2024-03-04,9813
2485,兆赫,47,1,46,元大-八德,2024-03-04,9813
00891,中信關鍵半導體,46,0,46,元大-八德,2024-03-04,9813
0056,元大高股息,49,4,45,元大-八德,2024-03-04,9813
6526,達發,41,0,41,元大-八德,2024-03-04,9813
00690,兆豐藍籌30,36,0,36,元大-八德,2024-03-04,9813
1727,中華化,30,1,29,元大-八德,2024-03-04,9813
1721,三晃,29,3,26,元大-八德,2024-03-04,9813
00650L,復華香港正2,25,0,25,元大-八德,2024-03-04,9813
2358,廷鑫,25,0,25,元大-八德,2024-03-04,9813
6015,宏遠證,25,0,25,元大-八德,2024-03-04,9813
6023,元大期,22,0,22,元大-八德,2024-03-04,9813
00933B,國泰10Y+金融債,21,0,21,元大-八德,2024-03-04,9813
2887,台新金,21,0,21,元大-八德,2024-03-04,9813
2882A,國泰特,20,0,20,元大-八德,2024-03-04,9813
5234,達興材料,65,45,20,元大-八德,2024-03-04,9813
6285,啟��,22,2,20,元大-八德,2024-03-04,9813
6643,M31,25,6,19,元大-八德,2024-03-04,9813
00687B,國泰20年美債,18,1,17,元大-八德,2024-03-04,9813
2371,大同,27,11,16,元大-八德,2024-03-04,9813
2356,英業達,29,14,15,元大-八德,2024-03-04,9813
2883,凱基金,15,0,15,元大-八德,2024-03-04,9813
00929,復華台灣科技優息,55,41,14,元大-八德,2024-03-04,9813
00753L,中信中國50正2,14,2,12,元大-八德,2024-03-04,9813
2029,盛餘,12,0,12,元大-八德,2024-03-04,9813
4109,加捷生醫,12,0,12,元大-八德,2024-03-04,9813
2885,元大金,11,0,11,元大-八德,2024-03-04,9813
1316,上曜,16,5,11,元大-八德,2024-03-04,9813
3689,湧德,11,0,11,元大-八德,2024-03-04,9813
4306,炎洲,17,6,11,元大-八德,2024-03-04,9813
6271,同欣電,10,0,10,元大-八德,2024-03-04,9813
00881,國泰台灣5G+,48,38,10,元大-八德,2024-03-04,9813
4737,華廣,10,0,10,元大-八德,2024-03-04,9813
4739,康普,10,0,10,元大-八德,2024-03-04,9813
5533,皇鼎,10,0,10,元大-八德,2024-03-04,9813
6116,彩晶,10,0,10,元大-八德,2024-03-04,9813
2883,凱基金,500,6,494,元大-八德,2024-03-05,9813
4306,炎洲,245,0,245,元大-八德,2024-03-05,9813
00937B,群益ESG投等債20,213,1,212,元大-八德,2024-03-05,9813
00919,群益台灣精選高息,177,6,171,元大-八德,2024-03-05,9813
020034,元大IC設計N,162,0,162,元大-八德,2024-03-05,9813
2610,華航,122,21,101,元大-八德,2024-03-05,9813
4906,正文,82,33,49,元大-八德,2024-03-05,9813
2504,國產,51,3,48,元大-八德,2024-03-05,9813
00679B,元大美債20年,52,6,46,元大-八德,2024-03-05,9813
3645,達邁,40,0,40,元大-八德,2024-03-05,9813
2888,新光金,71,33,38,元大-八德,2024-03-05,9813
3289,宜特,40,2,38,元大-八德,2024-03-05,9813
2353,宏��,34,2,32,元大-八德,2024-03-05,9813
2408,南亞科,32,0,32,元大-八德,2024-03-05,9813
2850,新產,30,0,30,元大-八德,2024-03-05,9813
3483,力致,27,0,27,元大-八德,2024-03-05,9813
2002,中鋼,28,3,25,元大-八德,2024-03-05,9813
3005,神基,27,4,23,元大-八德,2024-03-05,9813
6526,達發,22,0,22,元大-八德,2024-03-05,9813
2891,中信金,22,0,22,元大-八德,2024-03-05,9813
2376,技嘉,31,9,22,元大-八德,2024-03-05,9813
2457,飛宏,23,2,21,元大-八德,2024-03-05,9813
6770,力積電,20,0,20,元大-八德,2024-03-05,9813
2425,承啟,20,1,19,元大-八德,2024-03-05,9813
2462,良得電,20,1,19,元大-八德,2024-03-05,9813
6274,台燿,25,6,19,元大-八德,2024-03-05,9813
1785,光洋科,18,0,18,元大-八德,2024-03-05,9813
00712,復華富時不動產,16,0,16,元大-八德,2024-03-05,9813
00713,元大台灣高息低波,16,0,16,元大-八德,2024-03-05,9813
1907,永豐餘,16,0,16,元大-八德,2024-03-05,9813
6535,順藥,29,13,16,元大-八德,2024-03-05,9813
2609,陽明,18,3,15,元大-八德,2024-03-05,9813
1409,新纖,40,25,15,元大-八德,2024-03-05,9813
1504,東元,16,2,14,元大-八德,2024-03-05,9813
00915,凱基優選高股息30,14,0,14,元大-八德,2024-03-05,9813
2421,建準,34,20,14,元大-八德,2024-03-05,9813
2409,友達,25,12,13,元大-八德,2024-03-05,9813
00887,永豐中國科技50大,13,0,13,元大-八德,2024-03-05,9813
2027,大成鋼,15,2,13,元大-八德,2024-03-05,9813
6643,M31,14,1,13,元大-八德,2024-03-05,9813
00878,國泰永續高股息,36,23,13,元大-八德,2024-03-05,9813
3702,大聯大,14,2,12,元大-八德,2024-03-05,9813
00918,大華優利高填息30,16,4,12,元大-八德,2024-03-05,9813
2383,台光電,13,1,12,元大-八德,2024-03-05,9813
2486,一詮,13,1,12,元大-八德,2024-03-05,9813
4711,永純,12,0,12,元大-八德,2024-03-05,9813
6278,台表科,11,0,11,元大-八德,2024-03-05,9813
6799,來頡,12,2,10,元大-八德,2024-03-05,9813
00764B,群益25年美債,10,0,10,元大-八德,2024-03-05,9813
00665L,富邦�琤肭磪囓�2,10,0,10,元大-八德,2024-03-05,9813
4533,協易機,259,5,254,元大-八德,2024-03-06,9813
2845,遠東銀,353,130,223,元大-八德,2024-03-06,9813
6290,良維,158,9,149,元大-八德,2024-03-06,9813
1504,東元,107,12,95,元大-八德,2024-03-06,9813
00937B,群益ESG投等債20,86,1,85,元大-八德,2024-03-06,9813
00712,復華富時不動產,86,5,81,元大-八德,2024-03-06,9813
6125,廣運,129,67,62,元大-八德,2024-03-06,9813
9933,中鼎,60,0,60,元大-八德,2024-03-06,9813
1517,利奇,50,1,49,元大-八德,2024-03-06,9813
00919,群益台灣精選高息,88,42,46,元大-八德,2024-03-06,9813
3483,力致,43,4,39,元大-八德,2024-03-06,9813
2317,鴻海,35,2,33,元大-八德,2024-03-06,9813
00933B,國泰10Y+金融債,29,0,29,元大-八德,2024-03-06,9813
4538,大詠城,25,0,25,元大-八德,2024-03-06,9813
3289,宜特,42,17,25,元大-八德,2024-03-06,9813
00687B,國泰20年美債,34,10,24,元大-八德,2024-03-06,9813
00918,大華優利高填息30,25,1,24,元大-八德,2024-03-06,9813
6643,M31,23,1,22,元大-八德,2024-03-06,9813
4739,康普,21,0,21,元大-八德,2024-03-06,9813
2101,南港,21,0,21,元大-八德,2024-03-06,9813
2104,國際中橡,20,0,20,元大-八德,2024-03-06,9813
2890,永豐金,20,0,20,元大-八德,2024-03-06,9813
3416,融程電,20,0,20,元大-八德,2024-03-06,9813
6161,捷波,21,1,20,元大-八德,2024-03-06,9813
5234,達興材料,40,21,19,元大-八德,2024-03-06,9813
8011,台通,29,11,18,元大-八德,2024-03-06,9813
6117,迎廣,33,16,17,元大-八德,2024-03-06,9813
8277,商丞,17,0,17,元大-八德,2024-03-06,9813
1101,台泥,17,0,17,元大-八德,2024-03-06,9813
2353,宏��,17,1,16,元大-八德,2024-03-06,9813
2356,英業達,25,9,16,元大-八德,2024-03-06,9813
00891,中信關鍵半導體,25,10,15,元大-八德,2024-03-06,9813
00680L,元大美債20正2,15,0,15,元大-八德,2024-03-06,9813
2498,宏達電,34,20,14,元大-八德,2024-03-06,9813
2329,華泰,20,6,14,元大-八德,2024-03-06,9813
3105,穩懋,14,0,14,元大-八德,2024-03-06,9813
2408,南亞科,12,0,12,元大-八德,2024-03-06,9813
5439,高技,22,10,12,元大-八德,2024-03-06,9813
8112,至上,19,7,12,元大-八德,2024-03-06,9813
00665L,富邦�琤肭磪囓�2,10,0,10,元大-八德,2024-03-06,9813
00850,元大臺灣ESG永續,10,0,10,元大-八德,2024-03-06,9813
1444,力麗,10,0,10,元大-八德,2024-03-06,9813
2027,大成鋼,10,0,10,元大-八德,2024-03-06,9813
3540,曜越,10,0,10,元大-八德,2024-03-06,9813
3694,海華,15,5,10,元大-八德,2024-03-06,9813
5328,華容,10,0,10,元大-八德,2024-03-06,9813
6023,元大期,10,0,10,元大-八德,2024-03-06,9813
1104,環泥,20,10,10,元大-八德,2024-03-06,9813
3037,欣興,9,0,9,元大-八德,2024-03-06,9813
2603,長榮,10,1,9,元大-八德,2024-03-06,9813
00632R,元大台灣50反1,541,90,451,元大-八德,2024-03-07,9813
5234,達興材料,143,11,132,元大-八德,2024-03-07,9813
00919,群益台灣精選高息,157,35,122,元大-八德,2024-03-07,9813
6239,力成,136,46,90,元大-八德,2024-03-07,9813
2883,凱基金,174,84,90,元大-八德,2024-03-07,9813
8104,錸寶,80,0,80,元大-八德,2024-03-07,9813
2915,潤泰全,50,0,50,元大-八德,2024-03-07,9813
8071,能率網通,50,0,50,元大-八德,2024-03-07,9813
00878,國泰永續高股息,62,14,48,元大-八德,2024-03-07,9813
2409,友達,48,1,47,元大-八德,2024-03-07,9813
1416,廣豐,40,1,39,元大-八德,2024-03-07,9813
3481,群創,33,1,32,元大-八德,2024-03-07,9813
9933,中鼎,32,0,32,元大-八德,2024-03-07,9813
1517,利奇,30,1,29,元大-八德,2024-03-07,9813
2208,台船,29,0,29,元大-八德,2024-03-07,9813
3583,辛耘,34,10,24,元大-八德,2024-03-07,9813
9907,統一實,24,0,24,元大-八德,2024-03-07,9813
00937B,群益ESG投等債20,98,75,23,元大-八德,2024-03-07,9813
8011,台通,27,4,23,元大-八德,2024-03-07,9813
6265,方土昶,22,0,22,元大-八德,2024-03-07,9813
1570,力肯,21,0,21,元大-八德,2024-03-07,9813
6526,達發,42,22,20,元大-八德,2024-03-07,9813
1618,合機,20,0,20,元大-八德,2024-03-07,9813
5521,工信,23,3,20,元大-八德,2024-03-07,9813
2331,精英,20,2,18,元大-八德,2024-03-07,9813
2888,新光金,18,0,18,元大-八德,2024-03-07,9813
1101,台泥,17,1,16,元大-八德,2024-03-07,9813
6120,達運,16,0,16,元大-八德,2024-03-07,9813
4714,永捷,16,0,16,元大-八德,2024-03-07,9813
6016,康和證,25,9,16,元大-八德,2024-03-07,9813
3711,日月光投控,22,6,16,元大-八德,2024-03-07,9813
3376,新日興,34,19,15,元大-八德,2024-03-07,9813
2027,大成鋼,15,0,15,元大-八德,2024-03-07,9813
6116,彩晶,15,0,15,元大-八德,2024-03-07,9813
00891,中信關鍵半導體,15,1,14,元大-八德,2024-03-07,9813
2486,一詮,19,5,14,元大-八德,2024-03-07,9813
5258,虹堡,14,0,14,元大-八德,2024-03-07,9813
5465,富驊,14,0,14,元大-八德,2024-03-07,9813
6415,矽力*-KY,13,0,13,元大-八德,2024-03-07,9813
00753L,中信中國50正2,13,0,13,元大-八德,2024-03-07,9813
1609,大亞,15,2,13,元大-八德,2024-03-07,9813
2855,統一證,17,4,13,元大-八德,2024-03-07,9813
3694,海華,14,1,13,元大-八德,2024-03-07,9813
5533,皇鼎,13,0,13,元大-八德,2024-03-07,9813
6127,九豪,14,1,13,元大-八德,2024-03-07,9813
2368,金像電,30,18,12,元大-八德,2024-03-07,9813
2913,農林,12,0,12,元大-八德,2024-03-07,9813
6643,M31,12,0,12,元大-八德,2024-03-07,9813
2059,川湖,12,1,11,元大-八德,2024-03-07,9813
2515,中工,23,12,11,元大-八德,2024-03-07,9813
00632R,元大台灣50反1,760,60,700,元大-八德,2024-03-08,9813
4306,炎洲,220,0,220,元大-八德,2024-03-08,9813
00919,群益台灣精選高息,172,54,118,元大-八德,2024-03-08,9813
2104,國際中橡,100,0,100,元大-八德,2024-03-08,9813
00937B,群益ESG投等債20,98,7,91,元大-八德,2024-03-08,9813
3576,聯合再生,60,0,60,元大-八德,2024-03-08,9813
5234,達興材料,75,20,55,元大-八德,2024-03-08,9813
2641,正德,45,1,44,元大-八德,2024-03-08,9813
2388,威盛,42,0,42,元大-八德,2024-03-08,9813
6274,台燿,47,9,38,元大-八德,2024-03-08,9813
1101,台泥,36,0,36,元大-八德,2024-03-08,9813
1815,富喬,180,148,32,元大-八德,2024-03-08,9813
3006,晶豪科,33,3,30,元大-八德,2024-03-08,9813
2889,國票金,30,0,30,元大-八德,2024-03-08,9813
3548,兆利,48,18,30,元大-八德,2024-03-08,9813
8085,福華,30,0,30,元大-八德,2024-03-08,9813
2365,昆盈,29,0,29,元大-八德,2024-03-08,9813
2457,飛宏,30,1,29,元大-八德,2024-03-08,9813
3546,宇峻,30,1,29,元大-八德,2024-03-08,9813
3163,波若威,35,7,28,元大-八德,2024-03-08,9813
1301,台塑,28,4,24,元大-八德,2024-03-08,9813
00679B,元大美債20年,30,6,24,元大-八德,2024-03-08,9813
00935,野村臺灣新科技50,23,0,23,元大-八德,2024-03-08,9813
3481,群創,32,10,22,元大-八德,2024-03-08,9813
2755,揚秦,22,0,22,元大-八德,2024-03-08,9813
00921,兆豐龍頭等權重,22,0,22,元大-八德,2024-03-08,9813
3583,辛耘,24,2,22,元大-八德,2024-03-08,9813
2352,佳世達,22,1,21,元大-八德,2024-03-08,9813
4714,永捷,21,0,21,元大-八德,2024-03-08,9813
3552,同致,20,0,20,元大-八德,2024-03-08,9813
1455,集盛,20,0,20,元大-八德,2024-03-08,9813
6265,方土昶,20,0,20,元大-八德,2024-03-08,9813
6667,信紘科,20,0,20,元大-八德,2024-03-08,9813
6223,旺矽,17,0,17,元大-八德,2024-03-08,9813
5530,龍巖,16,0,16,元大-八德,2024-03-08,9813
6116,彩晶,20,4,16,元大-八德,2024-03-08,9813
1108,幸福,15,0,15,元大-八德,2024-03-08,9813
3689,湧德,19,4,15,元大-八德,2024-03-08,9813
2201,裕隆,14,0,14,元大-八德,2024-03-08,9813
2027,大成鋼,14,0,14,元大-八德,2024-03-08,9813
6668,中揚光,14,0,14,元大-八德,2024-03-08,9813
8277,商丞,14,0,14,元大-八德,2024-03-08,9813
1513,中興電,31,17,14,元大-八德,2024-03-08,9813
5443,均豪,13,0,13,元大-八德,2024-03-08,9813
1303,南亞,15,3,12,元大-八德,2024-03-08,9813
6271,同欣電,12,0,12,元大-八德,2024-03-08,9813
2449,京元電子,28,16,12,元大-八德,2024-03-08,9813
00720B,元大投資級公司債,14,2,12,元大-八德,2024-03-08,9813
020041,兆豐半導體氣候N,12,0,12,元大-八德,2024-03-08,9813
2312,金寶,12,0,12,元大-八德,2024-03-08,9813
2883,凱基金,509,343,166,元大-八德,2024-03-11,9813
5234,達興材料,84,0,84,元大-八德,2024-03-11,9813
00712,復華富時不動產,80,6,74,元大-八德,2024-03-11,9813
1316,上曜,90,18,72,元大-八德,2024-03-11,9813
9933,中鼎,70,1,69,元大-八德,2024-03-11,9813
00687B,國泰20年美債,59,5,54,元大-八德,2024-03-11,9813
6443,元晶,50,4,46,元大-八德,2024-03-11,9813
4306,炎洲,50,5,45,元大-八德,2024-03-11,9813
00679B,元大美債20年,63,23,40,元大-八德,2024-03-11,9813
00919,群益台灣精選高息,75,39,36,元大-八德,2024-03-11,9813
1455,集盛,32,0,32,元大-八德,2024-03-11,9813
2393,億光,31,0,31,元大-八德,2024-03-11,9813
3312,弘憶股,31,0,31,元大-八德,2024-03-11,9813
9939,宏全,28,1,27,元大-八德,2024-03-11,9813
00936,台新永續高息中小,26,0,26,元大-八德,2024-03-11,9813
2358,廷鑫,25,0,25,元大-八德,2024-03-11,9813
2363,矽統,23,0,23,元大-八德,2024-03-11,9813
4129,聯合,23,0,23,元大-八德,2024-03-11,9813
0050,元大台灣50,24,1,23,元大-八德,2024-03-11,9813
6116,彩晶,20,0,20,元大-八德,2024-03-11,9813
00915,凱基優選高股息30,21,1,20,元大-八德,2024-03-11,9813
2301,光寶科,23,5,18,元大-八德,2024-03-11,9813
5533,皇鼎,28,10,18,元大-八德,2024-03-11,9813
2881,富邦金,30,14,16,元大-八德,2024-03-11,9813
2324,仁寶,16,0,16,元大-八德,2024-03-11,9813
020041,兆豐半導體氣候N,16,0,16,元大-八德,2024-03-11,9813
2330,台積電,25,9,16,元大-八德,2024-03-11,9813
2382,廣達,36,21,15,元大-八德,2024-03-11,9813
1101,台泥,15,0,15,元大-八德,2024-03-11,9813
3576,聯合再生,20,5,15,元大-八德,2024-03-11,9813
8087,麗升能源,15,0,15,元大-八德,2024-03-11,9813
00900,富邦特選高股息30,15,1,14,元大-八德,2024-03-11,9813
00645,富邦日本,14,0,14,元大-八德,2024-03-11,9813
00937B,群益ESG投等債20,43,29,14,元大-八德,2024-03-11,9813
8150,南茂,14,0,14,元大-八德,2024-03-11,9813
1513,中興電,17,4,13,元大-八德,2024-03-11,9813
00680L,元大美債20正2,12,0,12,元大-八德,2024-03-11,9813
00929,復華台灣科技優息,86,75,11,元大-八德,2024-03-11,9813
006208,富邦台50,12,1,11,元大-八德,2024-03-11,9813
2371,大同,11,0,11,元大-八德,2024-03-11,9813
4953,緯軟,11,0,11,元大-八德,2024-03-11,9813
2892,第一金,11,1,10,元大-八德,2024-03-11,9813
1108,幸福,10,0,10,元大-八德,2024-03-11,9813
1452,宏益,10,0,10,元大-八德,2024-03-11,9813
2417,圓剛,19,9,10,元大-八德,2024-03-11,9813
5351,鈺創,10,0,10,元大-八德,2024-03-11,9813
8926,台汽電,13,3,10,元大-八德,2024-03-11,9813
00891,中信關鍵半導體,13,4,9,元大-八德,2024-03-11,9813
2367,燿華,12,3,9,元大-八德,2024-03-11,9813
6282,康舒,10,1,9,元大-八德,2024-03-11,9813
00637L,元大滬深300正2,413,18,395,元大-八德,2024-03-12,9813
4306,炎洲,380,11,369,元大-八德,2024-03-12,9813
9933,中鼎,128,0,128,元大-八德,2024-03-12,9813
3481,群創,108,3,105,元大-八德,2024-03-12,9813
2838,聯邦銀,100,5,95,元大-八德,2024-03-12,9813
6023,元大期,66,0,66,元大-八德,2024-03-12,9813
00679B,元大美債20年,60,3,57,元大-八德,2024-03-12,9813
00937B,群益ESG投等債20,46,3,43,元大-八德,2024-03-12,9813
00632R,元大台灣50反1,46,5,41,元大-八德,2024-03-12,9813
2913,農林,40,0,40,元大-八德,2024-03-12,9813
1815,富喬,36,1,35,元大-八德,2024-03-12,9813
00764B,群益25年美債,33,0,33,元大-八德,2024-03-12,9813
5533,皇鼎,42,10,32,元大-八德,2024-03-12,9813
4714,永捷,31,0,31,元大-八德,2024-03-12,9813
2886,兆豐金,30,1,29,元大-八德,2024-03-12,9813
00918,大華優利高填息30,27,0,27,元大-八德,2024-03-12,9813
2376,技嘉,31,4,27,元大-八德,2024-03-12,9813
5410,國眾,22,0,22,元大-八德,2024-03-12,9813
6239,力成,24,2,22,元大-八德,2024-03-12,9813
3231,緯創,53,32,21,元大-八德,2024-03-12,9813
2324,仁寶,28,8,20,元大-八德,2024-03-12,9813
4953,緯軟,20,1,19,元大-八德,2024-03-12,9813
00687B,國泰20年美債,24,6,18,元大-八德,2024-03-12,9813
2363,矽統,20,2,18,元大-八德,2024-03-12,9813
2367,燿華,33,18,15,元大-八德,2024-03-12,9813
3062,建漢,16,1,15,元大-八德,2024-03-12,9813
2885,元大金,26,11,15,元大-八德,2024-03-12,9813
6770,力積電,14,0,14,元大-八德,2024-03-12,9813
0050,元大台灣50,20,7,13,元大-八德,2024-03-12,9813
00633L,富邦上証正2,15,2,13,元大-八德,2024-03-12,9813
2241,艾姆勒,14,1,13,元大-八德,2024-03-12,9813
2206,三陽工業,12,0,12,元大-八德,2024-03-12,9813
2365,昆盈,15,4,11,元大-八德,2024-03-12,9813
6415,矽力*-KY,11,0,11,元大-八德,2024-03-12,9813
2383,台光電,13,3,10,元大-八德,2024-03-12,9813
1514,亞力,16,6,10,元大-八德,2024-03-12,9813
00895,富邦未來車,10,0,10,元大-八德,2024-03-12,9813
00680L,元大美債20正2,10,0,10,元大-八德,2024-03-12,9813
1104,環泥,10,0,10,元大-八德,2024-03-12,9813
3701,大眾控,10,0,10,元大-八德,2024-03-12,9813
5469,瀚宇博,10,0,10,元大-八德,2024-03-12,9813
9945,潤泰新,10,0,10,元大-八德,2024-03-12,9813
5880,合庫金,10,0,10,元大-八德,2024-03-12,9813
1582,信錦,15,6,9,元大-八德,2024-03-12,9813
00922,國泰台灣領袖50,9,0,9,元大-八德,2024-03-12,9813
2352,佳世達,9,0,9,元大-八德,2024-03-12,9813
6288,聯嘉,10,1,9,元大-八德,2024-03-12,9813
8996,高力,19,10,9,元大-八德,2024-03-12,9813
2449,京元電子,11,3,8,元大-八德,2024-03-12,9813
00643,群益深証中小,8,0,8,元大-八德,2024-03-12,9813
00671R,富邦NASDAQ反1,498,0,498,元大-八德,2024-03-13,9813
00632R,元大台灣50反1,317,0,317,元大-八德,2024-03-13,9813
00919,群益台灣精選高息,212,11,201,元大-八德,2024-03-13,9813
00650L,復華香港正2,138,0,138,元大-八德,2024-03-13,9813
6026,福邦證,136,8,128,元大-八德,2024-03-13,9813
4306,炎洲,120,0,120,元大-八德,2024-03-13,9813
00934,中信成長高股息,101,0,101,元大-八德,2024-03-13,9813
3481,群創,88,10,78,元大-八德,2024-03-13,9813
3231,緯創,109,34,75,元大-八德,2024-03-13,9813
00929,復華台灣科技優息,66,2,64,元大-八德,2024-03-13,9813
00679B,元大美債20年,66,5,61,元大-八德,2024-03-13,9813
00915,凱基優選高股息30,43,0,43,元大-八德,2024-03-13,9813
3163,波若威,47,5,42,元大-八德,2024-03-13,9813
00712,復華富時不動產,43,3,40,元大-八德,2024-03-13,9813
00933B,國泰10Y+金融債,64,25,39,元大-八德,2024-03-13,9813
4966,譜瑞-KY,35,1,34,元大-八德,2024-03-13,9813
00680L,元大美債20正2,31,0,31,元大-八德,2024-03-13,9813
6190,萬泰科,30,0,30,元大-八德,2024-03-13,9813
2888,新光金,30,1,29,元大-八德,2024-03-13,9813
4711,永純,29,0,29,元大-八德,2024-03-13,9813
2376,技嘉,35,6,29,元大-八德,2024-03-13,9813
2464,盟立,27,0,27,元大-八德,2024-03-13,9813
2607,榮運,27,0,27,元大-八德,2024-03-13,9813
00687B,國泰20年美債,37,12,25,元大-八德,2024-03-13,9813
2301,光寶科,28,6,22,元大-八德,2024-03-13,9813
00643,群益深証中小,20,1,19,元大-八德,2024-03-13,9813
6189,豐藝,20,1,19,元大-八德,2024-03-13,9813
2308,台達電,22,4,18,元大-八德,2024-03-13,9813
1101,台泥,19,1,18,元大-八德,2024-03-13,9813
3013,晟銘電,15,0,15,元大-八德,2024-03-13,9813
00764B,群益25年美債,13,0,13,元大-八德,2024-03-13,9813
2352,佳世達,16,3,13,元大-八德,2024-03-13,9813
2457,飛宏,13,0,13,元大-八德,2024-03-13,9813
020023,元大櫃買半導體N,12,0,12,元大-八德,2024-03-13,9813
020041,兆豐半導體氣候N,12,0,12,元大-八德,2024-03-13,9813
1608,華榮,15,3,12,元大-八德,2024-03-13,9813
2374,佳能,12,0,12,元大-八德,2024-03-13,9813
2337,旺宏,11,0,11,元大-八德,2024-03-13,9813
2458,義隆,11,0,11,元大-八德,2024-03-13,9813
1301,台塑,11,1,10,元大-八德,2024-03-13,9813
00675L,富邦臺灣加權正2,10,0,10,元大-八德,2024-03-13,9813
1217,愛之味,10,0,10,元大-八德,2024-03-13,9813
2002,中鋼,11,1,10,元大-八德,2024-03-13,9813
2851,中再保,10,0,10,元大-八德,2024-03-13,9813
3416,融程電,10,0,10,元大-八德,2024-03-13,9813
4123,晟德,10,0,10,元大-八德,2024-03-13,9813
8163,達方,10,0,10,元大-八德,2024-03-13,9813
00850,元大臺灣ESG永續,10,1,9,元大-八德,2024-03-13,9813
6799,來頡,11,2,9,元大-八德,2024-03-13,9813
00713,元大台灣高息低波,9,0,9,元大-八德,2024-03-13,9813
2883,凱基金,507,30,477,元大-八德,2024-03-14,9813
00795B,中信美國公債20年,383,3,380,元大-八德,2024-03-14,9813
00919,群益台灣精選高息,346,29,317,元大-八德,2024-03-14,9813
2882,國泰金,310,57,253,元大-八德,2024-03-14,9813
00753L,中信中國50正2,172,17,155,元大-八德,2024-03-14,9813
6005,群益證,76,0,76,元大-八德,2024-03-14,9813
2031,新光鋼,70,0,70,元大-八德,2024-03-14,9813
00929,復華台灣科技優息,118,57,61,元大-八德,2024-03-14,9813
3023,信邦,40,0,40,元大-八德,2024-03-14,9813
5515,建國,50,10,40,元大-八德,2024-03-14,9813
00720B,元大投資級公司債,33,0,33,元大-八德,2024-03-14,9813
2354,鴻準,37,4,33,元大-八德,2024-03-14,9813
2618,長榮航,72,41,31,元大-八德,2024-03-14,9813
00900,富邦特選高股息30,28,0,28,元大-八德,2024-03-14,9813
00751B,元大AAA至A公司債,27,0,27,元大-八德,2024-03-14,9813
2301,光寶科,29,2,27,元大-八德,2024-03-14,9813
2812,台中銀,26,0,26,元大-八德,2024-03-14,9813
00918,大華優利高填息30,33,10,23,元大-八德,2024-03-14,9813
3481,群創,25,3,22,元大-八德,2024-03-14,9813
6274,台燿,26,5,21,元大-八德,2024-03-14,9813
00637L,元大滬深300正2,27,6,21,元大-八德,2024-03-14,9813
3013,晟銘電,22,1,21,元大-八德,2024-03-14,9813
3706,神達,24,3,21,元大-八德,2024-03-14,9813
00679B,元大美債20年,23,2,21,元大-八德,2024-03-14,9813
00915,凱基優選高股息30,23,4,19,元大-八德,2024-03-14,9813
4306,炎洲,19,0,19,元大-八德,2024-03-14,9813
6213,聯茂,18,0,18,元大-八德,2024-03-14,9813
3017,奇鋐,24,6,18,元大-八德,2024-03-14,9813
2206,三陽工業,24,8,16,元大-八德,2024-03-14,9813
00934,中信成長高股息,16,0,16,元大-八德,2024-03-14,9813
1108,幸福,15,0,15,元大-八德,2024-03-14,9813
2834,臺企銀,30,15,15,元大-八德,2024-03-14,9813
1467,南緯,14,0,14,元大-八德,2024-03-14,9813
6139,亞翔,23,10,13,元大-八德,2024-03-14,9813
2356,英業達,19,6,13,元大-八德,2024-03-14,9813
2855,統一證,13,0,13,元大-八德,2024-03-14,9813
00680L,元大美債20正2,15,2,13,元大-八德,2024-03-14,9813
2641,正德,13,0,13,元大-八德,2024-03-14,9813
6416,瑞祺電通,13,0,13,元大-八德,2024-03-14,9813
1514,亞力,23,11,12,元大-八德,2024-03-14,9813
4711,永純,12,0,12,元大-八德,2024-03-14,9813
2367,燿華,16,5,11,元大-八德,2024-03-14,9813
2915,潤泰全,11,0,11,元大-八德,2024-03-14,9813
3362,先進光,12,1,11,元大-八德,2024-03-14,9813
6165,浪凡,12,1,11,元大-八德,2024-03-14,9813
8011,台通,48,37,11,元大-八德,2024-03-14,9813
6026,福邦證,23,12,11,元大-八德,2024-03-14,9813
00857B,永豐20年美公債,10,0,10,元大-八德,2024-03-14,9813
2607,榮運,10,0,10,元大-八德,2024-03-14,9813
3206,志豐,10,0,10,元大-八德,2024-03-14,9813
00673R,期元大S＆P原油反1,406,0,406,元大-八德,2024-03-15,9813
00919,群益台灣精選高息,355,40,315,元大-八德,2024-03-15,9813
1108,幸福,301,0,301,元大-八德,2024-03-15,9813
00915,凱基優選高股息30,143,0,143,元大-八德,2024-03-15,9813
00941,中信上游半導體,130,0,130,元大-八德,2024-03-15,9813
2610,華航,110,1,109,元大-八德,2024-03-15,9813
00706L,期元大S＆P日圓正2,100,0,100,元大-八德,2024-03-15,9813
00687B,國泰20年美債,79,5,74,元大-八德,2024-03-15,9813
1532,勤美,57,0,57,元大-八德,2024-03-15,9813
2834,臺企銀,193,137,56,元大-八德,2024-03-15,9813
2888,新光金,51,0,51,元大-八德,2024-03-15,9813
2031,新光鋼,50,1,49,元大-八德,2024-03-15,9813
2303,聯電,139,91,48,元大-八德,2024-03-15,9813
00679B,元大美債20年,51,3,48,元大-八德,2024-03-15,9813
2308,台達電,46,0,46,元大-八德,2024-03-15,9813
00712,復華富時不動產,43,0,43,元大-八德,2024-03-15,9813
00937B,群益ESG投等債20,45,3,42,元大-八德,2024-03-15,9813
3322,建舜電,45,3,42,元大-八德,2024-03-15,9813
9933,中鼎,41,0,41,元大-八德,2024-03-15,9813
2603,長榮,51,14,37,元大-八德,2024-03-15,9813
1313,聯成,20,0,20,元大-八德,2024-03-15,9813
3479,安勤,29,10,19,元大-八德,2024-03-15,9813
2607,榮運,18,0,18,元大-八德,2024-03-15,9813
2501,國建,20,3,17,元大-八德,2024-03-15,9813
2855,統一證,16,0,16,元大-八德,2024-03-15,9813
00918,大華優利高填息30,18,2,16,元大-八德,2024-03-15,9813
4711,永純,16,0,16,元大-八德,2024-03-15,9813
00680L,元大美債20正2,30,15,15,元大-八德,2024-03-15,9813
020027,元大上櫃ESG成長N,15,0,15,元大-八德,2024-03-15,9813
2302,麗正,15,0,15,元大-八德,2024-03-15,9813
6128,上福,15,0,15,元大-八德,2024-03-15,9813
2330,台積電,21,6,15,元大-八德,2024-03-15,9813
2636,台驊控股,16,2,14,元大-八德,2024-03-15,9813
1513,中興電,25,12,13,元大-八德,2024-03-15,9813
3231,緯創,48,36,12,元大-八德,2024-03-15,9813
2609,陽明,26,15,11,元大-八德,2024-03-15,9813
00665L,富邦�琤肭磪囓�2,10,0,10,元大-八德,2024-03-15,9813
1802,台玻,10,0,10,元大-八德,2024-03-15,9813
2601,益航,10,0,10,元大-八德,2024-03-15,9813
6526,達發,10,0,10,元大-八德,2024-03-15,9813
8040,九暘,10,0,10,元大-八德,2024-03-15,9813
00720B,元大投資級公司債,13,3,10,元大-八德,2024-03-15,9813
00900,富邦特選高股息30,9,0,9,元大-八德,2024-03-15,9813
4129,聯合,9,0,9,元大-八德,2024-03-15,9813
6139,亞翔,10,1,9,元大-八德,2024-03-15,9813
2606,裕民,8,0,8,元大-八德,2024-03-15,9813
2618,長榮航,11,3,8,元大-八德,2024-03-15,9813
3035,智原,8,0,8,元大-八德,2024-03-15,9813
2356,英業達,14,6,8,元大-八德,2024-03-15,9813
2542,興富發,8,0,8,元大-八德,2024-03-15,9813
2515,中工,204,5,199,元大-八德,2024-03-18,9813
2888,新光金,152,0,152,元大-八德,2024-03-18,9813
00919,群益台灣精選高息,131,6,125,元大-八德,2024-03-18,9813
00673R,期元大S＆P原油反1,100,0,100,元大-八德,2024-03-18,9813
1313,聯成,95,0,95,元大-八德,2024-03-18,9813
3234,光環,75,4,71,元大-八德,2024-03-18,9813
2317,鴻海,178,108,70,元大-八德,2024-03-18,9813
00687B,國泰20年美債,67,10,57,元大-八德,2024-03-18,9813
2031,新光鋼,67,10,57,元大-八德,2024-03-18,9813
00933B,國泰10Y+金融債,54,0,54,元大-八德,2024-03-18,9813
1514,亞力,74,21,53,元大-八德,2024-03-18,9813
00941,中信上游半導體,52,0,52,元大-八德,2024-03-18,9813
5515,建國,50,0,50,元大-八德,2024-03-18,9813
00891,中信關鍵半導體,45,0,45,元大-八德,2024-03-18,9813
2883,凱基金,50,10,40,元大-八德,2024-03-18,9813
2801,彰銀,36,0,36,元大-八德,2024-03-18,9813
2313,華通,72,37,35,元大-八德,2024-03-18,9813
2367,燿華,51,16,35,元大-八德,2024-03-18,9813
2885,元大金,70,35,35,元大-八德,2024-03-18,9813
00725B,國泰投資級公司債,30,0,30,元大-八德,2024-03-18,9813
5234,達興材料,30,0,30,元大-八德,2024-03-18,9813
2323,中環,91,61,30,元大-八德,2024-03-18,9813
00881,國泰台灣5G+,40,12,28,元大-八德,2024-03-18,9813
3004,豐達科,26,0,26,元大-八德,2024-03-18,9813
5450,南良,26,0,26,元大-八德,2024-03-18,9813
2303,聯電,51,26,25,元大-八德,2024-03-18,9813
00706L,期元大S＆P日圓正2,23,0,23,元大-八德,2024-03-18,9813
6462,神盾,25,5,20,元大-八德,2024-03-18,9813
2607,榮運,20,0,20,元大-八德,2024-03-18,9813
00885,富邦越南,18,0,18,元大-八德,2024-03-18,9813
3037,欣興,29,11,18,元大-八德,2024-03-18,9813
00751B,元大AAA至A公司債,17,0,17,元大-八德,2024-03-18,9813
00857B,永豐20年美公債,17,0,17,元大-八德,2024-03-18,9813
00679B,元大美債20年,18,1,17,元大-八德,2024-03-18,9813
2637,慧洋-KY,18,2,16,元大-八德,2024-03-18,9813
3498,陽程,15,0,15,元大-八德,2024-03-18,9813
8916,光隆,15,0,15,元大-八德,2024-03-18,9813
2609,陽明,29,15,14,元大-八德,2024-03-18,9813
2408,南亞科,13,0,13,元大-八德,2024-03-18,9813
1455,集盛,14,1,13,元大-八德,2024-03-18,9813
2354,鴻準,27,14,13,元大-八德,2024-03-18,9813
4129,聯合,13,0,13,元大-八德,2024-03-18,9813
00680L,元大美債20正2,12,0,12,元大-八德,2024-03-18,9813
2059,川湖,12,0,12,元大-八德,2024-03-18,9813
6274,台燿,14,2,12,元大-八德,2024-03-18,9813
8034,榮群,12,0,12,元大-八德,2024-03-18,9813
3533,嘉澤,15,4,11,元大-八德,2024-03-18,9813
5469,瀚宇博,11,0,11,元大-八德,2024-03-18,9813
1560,中砂,12,1,11,元大-八德,2024-03-18,9813
1609,大亞,16,6,10,元大-八德,2024-03-18,9813
6116,彩晶,600,0,600,元大-八德,2024-03-19,9813
2888,新光金,262,0,262,元大-八德,2024-03-19,9813
00673R,期元大S＆P原油反1,200,0,200,元大-八德,2024-03-19,9813
5533,皇鼎,90,0,90,元大-八德,2024-03-19,9813
2317,鴻海,102,37,65,元大-八德,2024-03-19,9813
00679B,元大美債20年,71,10,61,元大-八德,2024-03-19,9813
00929,復華台灣科技優息,65,5,60,元大-八德,2024-03-19,9813
9105,泰金寶-DR,40,0,40,元大-八德,2024-03-19,9813
00857B,永豐20年美公債,38,0,38,元大-八德,2024-03-19,9813
3481,群創,56,18,38,元大-八德,2024-03-19,9813
00941,中信上游半導體,37,0,37,元大-八德,2024-03-19,9813
00680L,元大美債20正2,34,0,34,元大-八德,2024-03-19,9813
00937B,群益ESG投等債20,34,2,32,元大-八德,2024-03-19,9813
3013,晟銘電,32,0,32,元大-八德,2024-03-19,9813
4966,譜瑞-KY,32,0,32,元大-八德,2024-03-19,9813
4714,永捷,36,6,30,元大-八德,2024-03-19,9813
6770,力積電,31,2,29,元大-八德,2024-03-19,9813
00687B,國泰20年美債,26,3,23,元大-八德,2024-03-19,9813
2885,元大金,23,0,23,元大-八德,2024-03-19,9813
00919,群益台灣精選高息,65,42,23,元大-八德,2024-03-19,9813
2329,華泰,24,2,22,元大-八德,2024-03-19,9813
2002,中鋼,20,0,20,元大-八德,2024-03-19,9813
3512,皇龍,20,0,20,元大-八德,2024-03-19,9813
6416,瑞祺電通,20,0,20,元大-八德,2024-03-19,9813
00712,復華富時不動產,19,0,19,元大-八德,2024-03-19,9813
2353,宏��,22,4,18,元大-八德,2024-03-19,9813
1101,台泥,20,3,17,元大-八德,2024-03-19,9813
00921,兆豐龍頭等權重,16,0,16,元大-八德,2024-03-19,9813
1609,大亞,19,3,16,元大-八德,2024-03-19,9813
2882,國泰金,19,3,16,元大-八德,2024-03-19,9813
2376,技嘉,17,2,15,元大-八德,2024-03-19,9813
00878,國泰永續高股息,16,2,14,元大-八德,2024-03-19,9813
2641,正德,20,6,14,元大-八德,2024-03-19,9813
3041,揚智,19,5,14,元大-八德,2024-03-19,9813
00900,富邦特選高股息30,20,7,13,元大-八德,2024-03-19,9813
00720B,元大投資級公司債,15,2,13,元大-八德,2024-03-19,9813
2471,資通,14,1,13,元大-八德,2024-03-19,9813
5880,合庫金,13,0,13,元大-八德,2024-03-19,9813
3004,豐達科,12,0,12,元大-八德,2024-03-19,9813
2887,台新金,12,0,12,元大-八德,2024-03-19,9813
2892,第一金,12,0,12,元大-八德,2024-03-19,9813
1722,台肥,11,0,11,元大-八德,2024-03-19,9813
00753L,中信中國50正2,20,10,10,元大-八德,2024-03-19,9813
2633,台灣高鐵,10,0,10,元大-八德,2024-03-19,9813
3047,訊舟,10,0,10,元大-八德,2024-03-19,9813
6443,元晶,10,0,10,元大-八德,2024-03-19,9813
6799,來頡,10,0,10,元大-八德,2024-03-19,9813
2345,智邦,10,0,10,元大-八德,2024-03-19,9813
2382,廣達,20,11,9,元大-八德,2024-03-19,9813
2368,金像電,9,0,9,元大-八德,2024-03-19,9813
6116,彩晶,772,0,772,元大-八德,2024-03-20,9813
00706L,期元大S＆P日圓正2,495,0,495,元大-八德,2024-03-20,9813
00687B,國泰20年美債,390,53,337,元大-八德,2024-03-20,9813
00939,統一台灣高息動能,332,19,313,元大-八德,2024-03-20,9813
00679B,元大美債20年,248,0,248,元大-八德,2024-03-20,9813
00931B,統一美債20年,200,0,200,元大-八德,2024-03-20,9813
00919,群益台灣精選高息,316,131,185,元大-八德,2024-03-20,9813
2888,新光金,214,40,174,元大-八德,2024-03-20,9813
00673R,期元大S＆P原油反1,99,0,99,元大-八德,2024-03-20,9813
3481,群創,88,28,60,元大-八德,2024-03-20,9813
1795,美時,41,1,40,元大-八德,2024-03-20,9813
2501,國建,40,2,38,元大-八德,2024-03-20,9813
6668,中揚光,40,3,37,元大-八德,2024-03-20,9813
2317,鴻海,114,81,33,元大-八德,2024-03-20,9813
00891,中信關鍵半導體,43,11,32,元大-八德,2024-03-20,9813
3265,台星科,40,10,30,元大-八德,2024-03-20,9813
3013,晟銘電,30,1,29,元大-八德,2024-03-20,9813
3406,玉晶光,34,5,29,元大-八德,2024-03-20,9813
3583,辛耘,40,12,28,元大-八德,2024-03-20,9813
00937B,群益ESG投等債20,28,1,27,元大-八德,2024-03-20,9813
2506,太設,30,4,26,元大-八德,2024-03-20,9813
00632R,元大台灣50反1,30,5,25,元大-八德,2024-03-20,9813
00881,國泰台灣5G+,30,6,24,元大-八德,2024-03-20,9813
3498,陽程,260,238,22,元大-八德,2024-03-20,9813
00720B,元大投資級公司債,22,0,22,元大-八德,2024-03-20,9813
1815,富喬,22,0,22,元大-八德,2024-03-20,9813
2371,大同,24,2,22,元大-八德,2024-03-20,9813
2834,臺企銀,27,5,22,元大-八德,2024-03-20,9813
2356,英業達,32,11,21,元大-八德,2024-03-20,9813
020041,兆豐半導體氣候N,21,0,21,元大-八德,2024-03-20,9813
2303,聯電,190,169,21,元大-八德,2024-03-20,9813
1301,台塑,22,2,20,元大-八德,2024-03-20,9813
1587,吉茂,20,0,20,元大-八德,2024-03-20,9813
3587,閎康,20,0,20,元大-八德,2024-03-20,9813
9958,世紀鋼,26,6,20,元大-八德,2024-03-20,9813
00915,凱基優選高股息30,21,2,19,元大-八德,2024-03-20,9813
3653,健策,19,0,19,元大-八德,2024-03-20,9813
2354,鴻準,68,50,18,元大-八德,2024-03-20,9813
6271,同欣電,18,1,17,元大-八德,2024-03-20,9813
2376,技嘉,16,0,16,元大-八德,2024-03-20,9813
1608,華榮,16,0,16,元大-八德,2024-03-20,9813
2897,王道銀行,15,0,15,元大-八德,2024-03-20,9813
8084,巨虹,15,0,15,元大-八德,2024-03-20,9813
4938,和碩,24,10,14,元大-八德,2024-03-20,9813
2449,京元電子,17,3,14,元大-八德,2024-03-20,9813
2324,仁寶,30,16,14,元大-八德,2024-03-20,9813
2609,陽明,21,8,13,元大-八德,2024-03-20,9813
8210,勤誠,13,0,13,元大-八德,2024-03-20,9813
1513,中興電,15,2,13,元大-八德,2024-03-20,9813
6414,樺漢,32,19,13,元大-八德,2024-03-20,9813
6116,彩晶,800,3,797,元大-八德,2024-03-21,9813
2371,大同,218,8,210,元大-八德,2024-03-21,9813
00939,統一台灣高息動能,221,17,204,元大-八德,2024-03-21,9813
00931B,統一美債20年,202,0,202,元大-八德,2024-03-21,9813
00632R,元大台灣50反1,195,15,180,元大-八德,2024-03-21,9813
2317,鴻海,179,53,126,元大-八德,2024-03-21,9813
2358,廷鑫,138,20,118,元大-八德,2024-03-21,9813
2515,中工,101,1,100,元大-八德,2024-03-21,9813
00706L,期元大S＆P日圓正2,99,0,99,元大-八德,2024-03-21,9813
00919,群益台灣精選高息,123,29,94,元大-八德,2024-03-21,9813
2641,正德,86,0,86,元大-八德,2024-03-21,9813
00720B,元大投資級公司債,80,10,70,元大-八德,2024-03-21,9813
2408,南亞科,157,94,63,元大-八德,2024-03-21,9813
3265,台星科,61,0,61,元大-八德,2024-03-21,9813
00941,中信上游半導體,61,2,59,元大-八德,2024-03-21,9813
00679B,元大美債20年,46,0,46,元大-八德,2024-03-21,9813
6005,群益證,45,1,44,元大-八德,2024-03-21,9813
00929,復華台灣科技優息,51,8,43,元大-八德,2024-03-21,9813
2354,鴻準,61,31,30,元大-八德,2024-03-21,9813
2501,國建,30,2,28,元大-八德,2024-03-21,9813
4714,永捷,70,42,28,元大-八德,2024-03-21,9813
00687B,國泰20年美債,30,4,26,元大-八德,2024-03-21,9813
4938,和碩,30,4,26,元大-八德,2024-03-21,9813
1513,中興電,38,12,26,元大-八德,2024-03-21,9813
6477,安集,25,0,25,元大-八德,2024-03-21,9813
2603,長榮,29,8,21,元大-八德,2024-03-21,9813
5009,榮剛,22,1,21,元大-八德,2024-03-21,9813
2002,中鋼,21,1,20,元大-八德,2024-03-21,9813
3033,威健,20,0,20,元大-八德,2024-03-21,9813
00891,中信關鍵半導體,20,1,19,元大-八德,2024-03-21,9813
2353,宏��,21,4,17,元大-八德,2024-03-21,9813
00751B,元大AAA至A公司債,17,0,17,元大-八德,2024-03-21,9813
3004,豐達科,17,0,17,元大-八德,2024-03-21,9813
6245,立端,17,0,17,元大-八德,2024-03-21,9813
2376,技嘉,16,0,16,元大-八德,2024-03-21,9813
4979,華星光,16,0,16,元大-八德,2024-03-21,9813
2606,裕民,16,0,16,元大-八德,2024-03-21,9813
6257,矽格,14,0,14,元大-八德,2024-03-21,9813
6269,台郡,14,0,14,元大-八德,2024-03-21,9813
6191,精成科,14,1,13,元大-八德,2024-03-21,9813
2467,志聖,13,0,13,元大-八德,2024-03-21,9813
3032,偉訓,12,0,12,元大-八德,2024-03-21,9813
2834,臺企銀,12,0,12,元大-八德,2024-03-21,9813
00881,國泰台灣5G+,25,14,11,元大-八德,2024-03-21,9813
2405,輔信,84,73,11,元大-八德,2024-03-21,9813
00933B,國泰10Y+金融債,21,10,11,元大-八德,2024-03-21,9813
2382,廣達,28,18,10,元大-八德,2024-03-21,9813
4123,晟德,10,0,10,元大-八德,2024-03-21,9813
1773,勝一,10,0,10,元大-八德,2024-03-21,9813
2208,台船,10,0,10,元大-八德,2024-03-21,9813
6116,彩晶,900,3,897,元大-八德,2024-03-22,9813
00706L,期元大S＆P日圓正2,208,0,208,元大-八德,2024-03-22,9813
00931B,統一美債20年,200,0,200,元大-八德,2024-03-22,9813
2354,鴻準,205,50,155,元大-八德,2024-03-22,9813
2376,技嘉,156,11,145,元大-八德,2024-03-22,9813
2464,盟立,202,58,144,元大-八德,2024-03-22,9813
2888,新光金,104,0,104,元大-八德,2024-03-22,9813
00919,群益台灣精選高息,188,90,98,元大-八德,2024-03-22,9813
6443,元晶,89,14,75,元大-八德,2024-03-22,9813
00687B,國泰20年美債,74,2,72,元大-八德,2024-03-22,9813
00937B,群益ESG投等債20,63,0,63,元大-八德,2024-03-22,9813
00941,中信上游半導體,56,0,56,元大-八德,2024-03-22,9813
00680L,元大美債20正2,55,0,55,元大-八德,2024-03-22,9813
00939,統一台灣高息動能,56,9,47,元大-八德,2024-03-22,9813
00915,凱基優選高股息30,44,0,44,元大-八德,2024-03-22,9813
1301,台塑,40,1,39,元大-八德,2024-03-22,9813
3004,豐達科,37,0,37,元大-八德,2024-03-22,9813
1795,美時,35,0,35,元大-八德,2024-03-22,9813
8255,朋程,36,1,35,元大-八德,2024-03-22,9813
6274,台燿,40,5,35,元大-八德,2024-03-22,9813
3481,群創,126,93,33,元大-八德,2024-03-22,9813
3546,宇峻,33,0,33,元大-八德,2024-03-22,9813
2371,大同,44,13,31,元大-八德,2024-03-22,9813
2882A,國泰特,30,0,30,元大-八德,2024-03-22,9813
9933,中鼎,30,0,30,元大-八德,2024-03-22,9813
2303,聯電,34,5,29,元大-八德,2024-03-22,9813
3062,建漢,50,22,28,元大-八德,2024-03-22,9813
00929,復華台灣科技優息,65,39,26,元大-八德,2024-03-22,9813
6806,森崴能源,31,6,25,元大-八德,2024-03-22,9813
2889,國票金,25,0,25,元大-八德,2024-03-22,9813
00720B,元大投資級公司債,35,11,24,元大-八德,2024-03-22,9813
2382,廣達,35,11,24,元大-八德,2024-03-22,9813
1303,南亞,23,0,23,元大-八德,2024-03-22,9813
2641,正德,33,10,23,元大-八德,2024-03-22,9813
3587,閎康,29,6,23,元大-八德,2024-03-22,9813
1101,台泥,25,2,23,元大-八德,2024-03-22,9813
3306,鼎天,22,0,22,元大-八德,2024-03-22,9813
3024,憶聲,20,0,20,元大-八德,2024-03-22,9813
3265,台星科,20,0,20,元大-八德,2024-03-22,9813
8476,台境*,19,0,19,元大-八德,2024-03-22,9813
6535,順藥,18,1,17,元大-八德,2024-03-22,9813
2002,中鋼,16,0,16,元大-八德,2024-03-22,9813
2358,廷鑫,16,0,16,元大-八德,2024-03-22,9813
3322,建舜電,17,1,16,元大-八德,2024-03-22,9813
2385,群光,23,8,15,元大-八德,2024-03-22,9813
2885,元大金,25,12,13,元大-八德,2024-03-22,9813
2367,燿華,39,26,13,元大-八德,2024-03-22,9813
2489,瑞軒,13,0,13,元大-八德,2024-03-22,9813
2603,長榮,21,8,13,元大-八德,2024-03-22,9813
3231,緯創,46,34,12,元大-八德,2024-03-22,9813
00939,統一台灣高息動能,177,14,163,元大-八德,2024-03-25,9813
2501,國建,150,1,149,元大-八德,2024-03-25,9813
2317,鴻海,174,33,141,元大-八德,2024-03-25,9813
00929,復華台灣科技優息,130,6,124,元大-八德,2024-03-25,9813
6116,彩晶,97,5,92,元大-八德,2024-03-25,9813
4714,永捷,86,8,78,元大-八德,2024-03-25,9813
2313,華通,85,13,72,元大-八德,2024-03-25,9813
6125,廣運,74,12,62,元大-八德,2024-03-25,9813
6443,元晶,66,5,61,元大-八德,2024-03-25,9813
00937B,群益ESG投等債20,54,0,54,元大-八德,2024-03-25,9813
2356,英業達,98,48,50,元大-八德,2024-03-25,9813
2888,新光金,50,0,50,元大-八德,2024-03-25,9813
2421,建準,49,8,41,元大-八德,2024-03-25,9813
3004,豐達科,31,0,31,元大-八德,2024-03-25,9813
3163,波若威,45,16,29,元大-八德,2024-03-25,9813
2641,正德,27,1,26,元大-八德,2024-03-25,9813
2706,第一店,20,0,20,元大-八德,2024-03-25,9813
3024,憶聲,20,0,20,元大-八德,2024-03-25,9813
5234,達興材料,20,0,20,元大-八德,2024-03-25,9813
4909,新復興,18,0,18,元大-八德,2024-03-25,9813
2486,一詮,46,28,18,元大-八德,2024-03-25,9813
6239,力成,17,1,16,元大-八德,2024-03-25,9813
5515,建國,16,0,16,元大-八德,2024-03-25,9813
6235,華孚,21,5,16,元大-八德,2024-03-25,9813
4543,萬在,15,0,15,元大-八德,2024-03-25,9813
3545,敦泰,21,6,15,元大-八德,2024-03-25,9813
5452,佶優,14,0,14,元大-八德,2024-03-25,9813
8033,雷虎,13,0,13,元大-八德,2024-03-25,9813
2610,華航,15,2,13,元大-八德,2024-03-25,9813
4580,捷流閥業,13,0,13,元大-八德,2024-03-25,9813
1529,樂事綠能,17,5,12,元大-八德,2024-03-25,9813
5009,榮剛,13,1,12,元大-八德,2024-03-25,9813
3406,玉晶光,18,7,11,元大-八德,2024-03-25,9813
00891,中信關鍵半導體,12,1,11,元大-八德,2024-03-25,9813
4127,天良,11,0,11,元大-八德,2024-03-25,9813
9940,信義,11,0,11,元大-八德,2024-03-25,9813
00632R,元大台灣50反1,10,0,10,元大-八德,2024-03-25,9813
1452,宏益,10,0,10,元大-八德,2024-03-25,9813
2880,華南金,10,0,10,元大-八德,2024-03-25,9813
8087,麗升能源,10,0,10,元大-八德,2024-03-25,9813
6121,新普,10,0,10,元大-八德,2024-03-25,9813
1609,大亞,279,269,10,元大-八德,2024-03-25,9813
00878,國泰永續高股息,10,0,10,元大-八德,2024-03-25,9813
2882,國泰金,9,0,9,元大-八德,2024-03-25,9813
00712,復華富時不動產,10,1,9,元大-八德,2024-03-25,9813
6535,順藥,9,0,9,元大-八德,2024-03-25,9813
00753L,中信中國50正2,7,0,7,元大-八德,2024-03-25,9813
00927,群益半導體收益,8,1,7,元大-八德,2024-03-25,9813
3450,聯鈞,13,6,7,元大-八德,2024-03-25,9813
2204,中華,7,0,7,元大-八德,2024-03-25,9813
6116,彩晶,600,0,600,元大-八德,2024-03-26,9813
00939,統一台灣高息動能,442,7,435,元大-八德,2024-03-26,9813
2609,陽明,184,13,171,元大-八德,2024-03-26,9813
3714,富采,142,1,141,元大-八德,2024-03-26,9813
00637L,元大滬深300正2,100,11,89,元大-八德,2024-03-26,9813
2610,華航,100,16,84,元大-八德,2024-03-26,9813
4979,華星光,92,14,78,元大-八德,2024-03-26,9813
2359,所羅門,141,64,77,元大-八德,2024-03-26,9813
3708,上緯投控,71,2,69,元大-八德,2024-03-26,9813
00929,復華台灣科技優息,161,95,66,元大-八德,2024-03-26,9813
00918,大華優利高填息30,52,5,47,元大-八德,2024-03-26,9813
2641,正德,42,0,42,元大-八德,2024-03-26,9813
2618,長榮航,40,0,40,元大-八德,2024-03-26,9813
00632R,元大台灣50反1,43,5,38,元大-八德,2024-03-26,9813
00679B,元大美債20年,35,1,34,元大-八德,2024-03-26,9813
3265,台星科,32,0,32,元大-八德,2024-03-26,9813
2356,英業達,67,35,32,元大-八德,2024-03-26,9813
00706L,期元大S＆P日圓正2,28,0,28,元大-八德,2024-03-26,9813
5328,華容,25,0,25,元大-八德,2024-03-26,9813
2308,台達電,26,2,24,元大-八德,2024-03-26,9813
00687B,國泰20年美債,26,3,23,元大-八德,2024-03-26,9813
020041,兆豐半導體氣候N,21,0,21,元大-八德,2024-03-26,9813
2324,仁寶,27,7,20,元大-八德,2024-03-26,9813
6719,力智,20,0,20,元大-八德,2024-03-26,9813
2506,太設,20,0,20,元大-八德,2024-03-26,9813
6163,華電網,21,1,20,元大-八德,2024-03-26,9813
00878,國泰永續高股息,27,8,19,元大-八德,2024-03-26,9813
2615,萬海,19,0,19,元大-八德,2024-03-26,9813
00751B,元大AAA至A公司債,18,0,18,元大-八德,2024-03-26,9813
3312,弘憶股,22,4,18,元大-八德,2024-03-26,9813
6120,達運,17,0,17,元大-八德,2024-03-26,9813
6290,良維,38,21,17,元大-八德,2024-03-26,9813
02001L,富邦蘋果正二N,15,0,15,元大-八德,2024-03-26,9813
3521,鴻翊,15,0,15,元大-八德,2024-03-26,9813
8092,建暐,15,0,15,元大-八德,2024-03-26,9813
00937B,群益ESG投等債20,14,0,14,元大-八德,2024-03-26,9813
00680L,元大美債20正2,14,0,14,元大-八德,2024-03-26,9813
6274,台燿,22,9,13,元大-八德,2024-03-26,9813
8936,國統,16,5,11,元大-八德,2024-03-26,9813
4966,譜瑞-KY,13,2,11,元大-八德,2024-03-26,9813
3005,神基,11,0,11,元大-八德,2024-03-26,9813
4303,信立,42,31,11,元大-八德,2024-03-26,9813
2834,臺企銀,11,0,11,元大-八德,2024-03-26,9813
3450,聯鈞,12,1,11,元大-八德,2024-03-26,9813
2755,揚秦,10,0,10,元大-八德,2024-03-26,9813
3607,谷崧,10,0,10,元大-八德,2024-03-26,9813
6419,京晨科,10,0,10,元大-八德,2024-03-26,9813
2603,長榮,18,9,9,元大-八德,2024-03-26,9813
2855,統一證,11,2,9,元大-八德,2024-03-26,9813
4938,和碩,10,2,8,元大-八德,2024-03-26,9813
2515,中工,972,62,910,元大-八德,2024-03-27,9813
5309,系統電,358,39,319,元大-八德,2024-03-27,9813
6116,彩晶,213,0,213,元大-八德,2024-03-27,9813
2317,鴻海,207,41,166,元大-八德,2024-03-27,9813
2354,鴻準,206,45,161,元大-八德,2024-03-27,9813
2634,漢翔,116,18,98,元大-八德,2024-03-27,9813
00637L,元大滬深300正2,86,0,86,元大-八德,2024-03-27,9813
3004,豐達科,86,0,86,元大-八德,2024-03-27,9813
00706L,期元大S＆P日圓正2,60,0,60,元大-八德,2024-03-27,9813
2303,聯電,52,4,48,元大-八德,2024-03-27,9813
00941,中信上游半導體,40,0,40,元大-八德,2024-03-27,9813
2376,技嘉,34,3,31,元大-八德,2024-03-27,9813
2367,燿華,41,11,30,元大-八德,2024-03-27,9813
1795,美時,41,17,24,元大-八德,2024-03-27,9813
2913,農林,23,1,22,元大-八德,2024-03-27,9813
3708,上緯投控,23,2,21,元大-八德,2024-03-27,9813
4979,華星光,20,0,20,元大-八德,2024-03-27,9813
2344,華邦電,20,0,20,元大-八德,2024-03-27,9813
00753L,中信中國50正2,19,0,19,元大-八德,2024-03-27,9813
8033,雷虎,37,18,19,元大-八德,2024-03-27,9813
0056,元大高股息,25,6,19,元大-八德,2024-03-27,9813
3231,緯創,25,7,18,元大-八德,2024-03-27,9813
5452,佶優,20,2,18,元大-八德,2024-03-27,9813
2393,億光,15,0,15,元大-八德,2024-03-27,9813
8476,台境*,14,0,14,元大-八德,2024-03-27,9813
2301,光寶科,23,9,14,元大-八德,2024-03-27,9813
00688L,國泰20年美債正2,15,2,13,元大-八德,2024-03-27,9813
1721,三晃,12,0,12,元大-八德,2024-03-27,9813
00933B,國泰10Y+金融債,12,0,12,元大-八德,2024-03-27,9813
5243,乙盛-KY,18,6,12,元大-八德,2024-03-27,9813
1467,南緯,11,0,11,元大-八德,2024-03-27,9813
2359,所羅門,11,0,11,元大-八德,2024-03-27,9813
6591,動力-KY,10,0,10,元大-八德,2024-03-27,9813
6120,達運,10,0,10,元大-八德,2024-03-27,9813
8092,建暐,67,57,10,元大-八德,2024-03-27,9813
9105,泰金寶-DR,10,0,10,元大-八德,2024-03-27,9813
5465,富驊,9,0,9,元大-八德,2024-03-27,9813
8027,鈦昇,10,1,9,元大-八德,2024-03-27,9813
2330,台積電,10,1,9,元大-八德,2024-03-27,9813
1513,中興電,22,13,9,元大-八德,2024-03-27,9813
00937B,群益ESG投等債20,8,0,8,元大-八德,2024-03-27,9813
1616,億泰,8,0,8,元大-八德,2024-03-27,9813
2108,南帝,8,0,8,元大-八德,2024-03-27,9813
6257,矽格,11,3,8,元大-八德,2024-03-27,9813
3484,崧騰,9,1,8,元大-八德,2024-03-27,9813
6770,力積電,7,0,7,元大-八德,2024-03-27,9813
00751B,元大AAA至A公司債,7,0,7,元大-八德,2024-03-27,9813
2801,彰銀,7,0,7,元大-八德,2024-03-27,9813
4711,永純,7,0,7,元大-八德,2024-03-27,9813
8936,國統,10,4,6,元大-八德,2024-03-27,9813
6116,彩晶,367,0,367,元大-八德,2024-03-28,9813
00680L,元大美債20正2,325,2,323,元大-八德,2024-03-28,9813
2354,鴻準,424,172,252,元大-八德,2024-03-28,9813
3058,立德,197,4,193,元大-八德,2024-03-28,9813
2888,新光金,187,0,187,元大-八德,2024-03-28,9813
3062,建漢,274,101,173,元大-八德,2024-03-28,9813
00706L,期元大S＆P日圓正2,162,0,162,元大-八德,2024-03-28,9813
8085,福華,130,0,130,元大-八德,2024-03-28,9813
1316,上曜,136,30,106,元大-八德,2024-03-28,9813
5533,皇鼎,90,0,90,元大-八德,2024-03-28,9813
00720B,元大投資級公司債,75,0,75,元大-八德,2024-03-28,9813
00679B,元大美債20年,95,21,74,元大-八德,2024-03-28,9813
6125,廣運,51,0,51,元大-八德,2024-03-28,9813
00897,富邦基因免疫生技,50,0,50,元大-八德,2024-03-28,9813
2317,鴻海,165,116,49,元大-八德,2024-03-28,9813
00939,統一台灣高息動能,52,4,48,元大-八德,2024-03-28,9813
2358,廷鑫,40,0,40,元大-八德,2024-03-28,9813
2302,麗正,39,0,39,元大-八德,2024-03-28,9813
00929,復華台灣科技優息,61,22,39,元大-八德,2024-03-28,9813
1785,光洋科,41,7,34,元大-八德,2024-03-28,9813
2408,南亞科,36,4,32,元大-八德,2024-03-28,9813
2801,彰銀,32,0,32,元大-八德,2024-03-28,9813
1504,東元,38,6,32,元大-八德,2024-03-28,9813
2393,億光,30,0,30,元大-八德,2024-03-28,9813
2890,永豐金,30,1,29,元大-八德,2024-03-28,9813
2883,凱基金,29,1,28,元大-八德,2024-03-28,9813
3416,融程電,27,0,27,元大-八德,2024-03-28,9813
6271,同欣電,27,1,26,元大-八德,2024-03-28,9813
2301,光寶科,37,13,24,元大-八德,2024-03-28,9813
1721,三晃,23,0,23,元大-八德,2024-03-28,9813
6117,迎廣,21,0,21,元大-八德,2024-03-28,9813
00632R,元大台灣50反1,20,0,20,元大-八德,2024-03-28,9813
6215,和椿,21,1,20,元大-八德,2024-03-28,9813
3702,大聯大,21,2,19,元大-八德,2024-03-28,9813
6535,順藥,19,0,19,元大-八德,2024-03-28,9813
3406,玉晶光,20,2,18,元大-八德,2024-03-28,9813
2002,中鋼,23,6,17,元大-八德,2024-03-28,9813
3706,神達,41,24,17,元大-八德,2024-03-28,9813
4906,正文,20,5,15,元大-八德,2024-03-28,9813
2356,英業達,29,15,14,元大-八德,2024-03-28,9813
00941,中信上游半導體,19,5,14,元大-八德,2024-03-28,9813
00937B,群益ESG投等債20,50,37,13,元大-八德,2024-03-28,9813
2323,中環,13,0,13,元大-八德,2024-03-28,9813
1795,美時,39,26,13,元大-八德,2024-03-28,9813
4714,永捷,47,35,12,元大-八德,2024-03-28,9813
3013,晟銘電,34,22,12,元大-八德,2024-03-28,9813
00931B,統一美債20年,10,0,10,元大-八德,2024-03-28,9813
5452,佶優,10,0,10,元大-八德,2024-03-28,9813
2367,燿華,24,14,10,元大-八德,2024-03-28,9813
2913,農林,10,0,10,元大-八德,2024-03-28,9813
6116,彩晶,300,0,300,元大-八德,2024-03-29,9813
2358,廷鑫,130,0,130,元大-八德,2024-03-29,9813
00929,復華台灣科技優息,71,5,66,元大-八德,2024-03-29,9813
3312,弘憶股,90,24,66,元大-八德,2024-03-29,9813
2354,鴻準,171,110,61,元大-八德,2024-03-29,9813
00919,群益台灣精選高息,68,15,53,元大-八德,2024-03-29,9813
9105,泰金寶-DR,51,1,50,元大-八德,2024-03-29,9813
00679B,元大美債20年,50,2,48,元大-八德,2024-03-29,9813
1909,榮成,40,0,40,元大-八德,2024-03-29,9813
00939,統一台灣高息動能,43,5,38,元大-八德,2024-03-29,9813
2324,仁寶,34,1,33,元大-八德,2024-03-29,9813
6144,得利影,31,0,31,元大-八德,2024-03-29,9813
2887,台新金,30,0,30,元大-八德,2024-03-29,9813
4714,永捷,27,0,27,元大-八德,2024-03-29,9813
1455,集盛,26,1,25,元大-八德,2024-03-29,9813
3058,立德,25,0,25,元大-八德,2024-03-29,9813
2634,漢翔,29,5,24,元大-八德,2024-03-29,9813
3702,大聯大,25,2,23,元大-八德,2024-03-29,9813
3406,玉晶光,29,6,23,元大-八德,2024-03-29,9813
4958,臻鼎-KY,42,20,22,元大-八德,2024-03-29,9813
3625,西勝,21,0,21,元大-八德,2024-03-29,9813
2301,光寶科,31,11,20,元大-八德,2024-03-29,9813
6415,矽力*-KY,20,0,20,元大-八德,2024-03-29,9813
1444,力麗,20,0,20,元大-八德,2024-03-29,9813
2392,正崴,20,0,20,元大-八德,2024-03-29,9813
00937B,群益ESG投等債20,19,3,16,元大-八德,2024-03-29,9813
00680L,元大美債20正2,15,0,15,元大-八德,2024-03-29,9813
1316,上曜,15,0,15,元大-八德,2024-03-29,9813
1609,大亞,17,3,14,元大-八德,2024-03-29,9813
2104,國際中橡,14,0,14,元大-八德,2024-03-29,9813
6126,信音,33,19,14,元大-八德,2024-03-29,9813
1785,光洋科,20,7,13,元大-八德,2024-03-29,9813
3551,世禾,31,18,13,元大-八德,2024-03-29,9813
1467,南緯,12,0,12,元大-八德,2024-03-29,9813
8054,安國,24,12,12,元大-八德,2024-03-29,9813
3004,豐達科,19,8,11,元大-八德,2024-03-29,9813
6271,同欣電,11,0,11,元大-八德,2024-03-29,9813
6121,新普,13,2,11,元大-八德,2024-03-29,9813
3044,健鼎,12,2,10,元大-八德,2024-03-29,9813
3607,谷崧,10,0,10,元大-八德,2024-03-29,9813
4303,信立,73,63,10,元大-八德,2024-03-29,9813
9933,中鼎,10,0,10,元大-八德,2024-03-29,9813
3481,群創,17,7,10,元大-八德,2024-03-29,9813
00725B,國泰投資級公司債,10,0,10,元大-八德,2024-03-29,9813
00712,復華富時不動產,20,11,9,元大-八德,2024-03-29,9813
2641,正德,9,0,9,元大-八德,2024-03-29,9813
3583,辛耘,30,21,9,元大-八德,2024-03-29,9813
9910,豐泰,10,1,9,元大-八德,2024-03-29,9813
00941,中信上游半導體,19,11,8,元大-八德,2024-03-29,9813
2851,中再保,8,0,8,元大-八德,2024-03-29,9813
00940,元大台灣價值高息,1097,212,885,元大-八德,2024-04-01,9813
3013,晟銘電,121,20,101,元大-八德,2024-04-01,9813
00937B,群益ESG投等債20,137,53,84,元大-八德,2024-04-01,9813
2634,漢翔,118,42,76,元大-八德,2024-04-01,9813
2891,中信金,65,2,63,元大-八德,2024-04-01,9813
00939,統一台灣高息動能,59,0,59,元大-八德,2024-04-01,9813
00919,群益台灣精選高息,58,0,58,元大-八德,2024-04-01,9813
3711,日月光投控,56,0,56,元大-八德,2024-04-01,9813
2408,南亞科,56,4,52,元大-八德,2024-04-01,9813
2457,飛宏,51,2,49,元大-八德,2024-04-01,9813
9933,中鼎,46,0,46,元大-八德,2024-04-01,9813
2801,彰銀,42,0,42,元大-八德,2024-04-01,9813
6023,元大期,41,0,41,元大-八德,2024-04-01,9813
2352,佳世達,37,0,37,元大-八德,2024-04-01,9813
3231,緯創,63,28,35,元大-八德,2024-04-01,9813
00679B,元大美債20年,52,20,32,元大-八德,2024-04-01,9813
3625,西勝,29,0,29,元大-八德,2024-04-01,9813
2356,英業達,44,18,26,元大-八德,2024-04-01,9813
3321,同泰,25,0,25,元大-八德,2024-04-01,9813
2888,新光金,25,0,25,元大-八德,2024-04-01,9813
4908,前鼎,25,2,23,元大-八德,2024-04-01,9813
8916,光隆,23,0,23,元大-八德,2024-04-01,9813
1795,美時,23,3,20,元大-八德,2024-04-01,9813
3312,弘憶股,44,24,20,元大-八德,2024-04-01,9813
3406,玉晶光,20,0,20,元大-八德,2024-04-01,9813
6770,力積電,20,0,20,元大-八德,2024-04-01,9813
2382,廣達,76,56,20,元大-八德,2024-04-01,9813
6462,神盾,25,6,19,元大-八德,2024-04-01,9813
6239,力成,20,2,18,元大-八德,2024-04-01,9813
00720B,元大投資級公司債,18,0,18,元大-八德,2024-04-01,9813
00632R,元大台灣50反1,17,0,17,元大-八德,2024-04-01,9813
2603,長榮,17,1,16,元大-八德,2024-04-01,9813
3005,神基,17,1,16,元大-八德,2024-04-01,9813
8033,雷虎,18,2,16,元大-八德,2024-04-01,9813
6233,旺玖,15,0,15,元大-八德,2024-04-01,9813
6668,中揚光,25,10,15,元大-八德,2024-04-01,9813
2537,聯上發,20,6,14,元大-八德,2024-04-01,9813
2889,國票金,14,0,14,元大-八德,2024-04-01,9813
7402,邑錡,21,7,14,元大-八德,2024-04-01,9813
2834,臺企銀,14,1,13,元大-八德,2024-04-01,9813
2358,廷鑫,31,18,13,元大-八德,2024-04-01,9813
8084,巨虹,11,0,11,元大-八德,2024-04-01,9813
8110,華東,11,0,11,元大-八德,2024-04-01,9813
6121,新普,12,1,11,元大-八德,2024-04-01,9813
6005,群益證,15,4,11,元大-八德,2024-04-01,9813
3035,智原,12,2,10,元大-八德,2024-04-01,9813
00751B,元大AAA至A公司債,10,0,10,元大-八德,2024-04-01,9813
2104,國際中橡,10,0,10,元大-八德,2024-04-01,9813
2883,凱基金,10,0,10,元大-八德,2024-04-01,9813
3209,全科,10,0,10,元大-八德,2024-04-01,9813
6116,彩晶,400,0,400,元大-八德,2024-04-02,9813
00940,元大台灣價值高息,488,117,371,元大-八德,2024-04-02,9813
00929,復華台灣科技優息,314,27,287,元大-八德,2024-04-02,9813
00706L,期元大S＆P日圓正2,200,20,180,元大-八德,2024-04-02,9813
2301,光寶科,178,5,173,元大-八德,2024-04-02,9813
00937B,群益ESG投等債20,163,0,163,元大-八德,2024-04-02,9813
3013,晟銘電,65,10,55,元大-八德,2024-04-02,9813
6288,聯嘉,52,3,49,元大-八德,2024-04-02,9813
2888,新光金,47,0,47,元大-八德,2024-04-02,9813
00687B,國泰20年美債,44,1,43,元大-八德,2024-04-02,9813
3312,弘憶股,43,0,43,元大-八德,2024-04-02,9813
2308,台達電,42,3,39,元大-八德,2024-04-02,9813
00632R,元大台灣50反1,38,0,38,元大-八德,2024-04-02,9813
2408,南亞科,41,5,36,元大-八德,2024-04-02,9813
00941,中信上游半導體,35,0,35,元大-八德,2024-04-02,9813
6271,同欣電,32,0,32,元大-八德,2024-04-02,9813
2834,臺企銀,30,0,30,元大-八德,2024-04-02,9813
4979,華星光,30,0,30,元大-八德,2024-04-02,9813
8091,翔名,30,0,30,元大-八德,2024-04-02,9813
8916,光隆,28,0,28,元大-八德,2024-04-02,9813
2354,鴻準,34,9,25,元大-八德,2024-04-02,9813
6189,豐藝,28,3,25,元大-八德,2024-04-02,9813
6535,順藥,29,6,23,元大-八德,2024-04-02,9813
2641,正德,21,0,21,元大-八德,2024-04-02,9813
00680L,元大美債20正2,20,0,20,元大-八德,2024-04-02,9813
00753L,中信中國50正2,20,1,19,元大-八德,2024-04-02,9813
2618,長榮航,25,6,19,元大-八德,2024-04-02,9813
00918,大華優利高填息30,20,2,18,元大-八德,2024-04-02,9813
3004,豐達科,33,15,18,元大-八德,2024-04-02,9813
00720B,元大投資級公司債,18,0,18,元大-八德,2024-04-02,9813
00751B,元大AAA至A公司債,17,0,17,元大-八德,2024-04-02,9813
00919,群益台灣精選高息,27,10,17,元大-八德,2024-04-02,9813
8255,朋程,17,0,17,元大-八德,2024-04-02,9813
2104,國際中橡,16,0,16,元大-八德,2024-04-02,9813
2344,華邦電,18,2,16,元大-八德,2024-04-02,9813
2027,大成鋼,15,0,15,元大-八德,2024-04-02,9813
3580,友威科,15,0,15,元大-八德,2024-04-02,9813
2421,建準,16,1,15,元大-八德,2024-04-02,9813
5269,祥碩,16,2,14,元大-八德,2024-04-02,9813
3402,漢科,13,0,13,元大-八德,2024-04-02,9813
3715,定穎投控,24,11,13,元大-八德,2024-04-02,9813
00933B,國泰10Y+金融債,13,0,13,元大-八德,2024-04-02,9813
3017,奇鋐,16,4,12,元大-八德,2024-04-02,9813
1616,億泰,12,0,12,元大-八德,2024-04-02,9813
2241,艾姆勒,14,2,12,元大-八德,2024-04-02,9813
4908,前鼎,25,13,12,元大-八德,2024-04-02,9813
6207,雷科,13,1,12,元大-八德,2024-04-02,9813
2317,鴻海,45,34,11,元大-八德,2024-04-02,9813
00679B,元大美債20年,39,29,10,元大-八德,2024-04-02,9813
0056,元大高股息,10,0,10,元大-八德,2024-04-02,9813
6116,彩晶,205,0,205,元大-八德,2024-04-03,9813
00940,元大台灣價值高息,206,33,173,元大-八德,2024-04-03,9813
2317,鴻海,137,21,116,元大-八德,2024-04-03,9813
2382,廣達,98,19,79,元大-八德,2024-04-03,9813
2017,官田鋼,60,0,60,元大-八德,2024-04-03,9813
3653,健策,56,1,55,元大-八德,2024-04-03,9813
00937B,群益ESG投等債20,52,0,52,元大-八德,2024-04-03,9813
00929,復華台灣科技優息,53,2,51,元大-八德,2024-04-03,9813
5533,皇鼎,50,0,50,元大-八德,2024-04-03,9813
8027,鈦昇,61,17,44,元大-八德,2024-04-03,9813
00687B,國泰20年美債,43,0,43,元大-八德,2024-04-03,9813
00679B,元大美債20年,40,0,40,元大-八德,2024-04-03,9813
8091,翔名,30,0,30,元大-八德,2024-04-03,9813
3481,群創,32,3,29,元大-八德,2024-04-03,9813
00941,中信上游半導體,24,0,24,元大-八德,2024-04-03,9813
2888,新光金,24,0,24,元大-八德,2024-04-03,9813
00751B,元大AAA至A公司債,23,0,23,元大-八德,2024-04-03,9813
3715,定穎投控,30,7,23,元大-八德,2024-04-03,9813
8916,光隆,22,0,22,元大-八德,2024-04-03,9813
2618,長榮航,24,4,20,元大-八德,2024-04-03,9813
4714,永捷,21,1,20,元大-八德,2024-04-03,9813
00919,群益台灣精選高息,19,0,19,元大-八德,2024-04-03,9813
2408,南亞科,21,2,19,元大-八德,2024-04-03,9813
2801,彰銀,17,0,17,元大-八德,2024-04-03,9813
6288,聯嘉,17,0,17,元大-八德,2024-04-03,9813
00931B,統一美債20年,15,0,15,元大-八德,2024-04-03,9813
3062,建漢,15,0,15,元大-八德,2024-04-03,9813
6667,信紘科,12,0,12,元大-八德,2024-04-03,9813
3548,兆利,15,3,12,元大-八德,2024-04-03,9813
8437,大地-KY,12,0,12,元大-八德,2024-04-03,9813
2031,新光鋼,12,1,11,元大-八德,2024-04-03,9813
8064,東捷,21,10,11,元大-八德,2024-04-03,9813
1605,華新,10,0,10,元大-八德,2024-04-03,9813
1802,台玻,10,0,10,元大-八德,2024-04-03,9813
2104,國際中橡,20,10,10,元大-八德,2024-04-03,9813
3530,晶相光,10,0,10,元大-八德,2024-04-03,9813
4958,臻鼎-KY,15,5,10,元大-八德,2024-04-03,9813
00933B,國泰10Y+金融債,9,0,9,元大-八德,2024-04-03,9813
1447,力鵬,9,0,9,元大-八德,2024-04-03,9813
3312,弘憶股,30,21,9,元大-八德,2024-04-03,9813
2615,萬海,10,1,9,元大-八德,2024-04-03,9813
8088,品安,8,0,8,元大-八德,2024-04-03,9813
6213,聯茂,13,6,7,元大-八德,2024-04-03,9813
00712,復華富時不動產,7,0,7,元大-八德,2024-04-03,9813
2610,華航,7,0,7,元大-八德,2024-04-03,9813
2301,光寶科,15,9,6,元大-八德,2024-04-03,9813
2882,國泰金,6,0,6,元大-八德,2024-04-03,9813
00907,永豐優息存股,6,0,6,元大-八德,2024-04-03,9813
2891,中信金,6,0,6,元大-八德,2024-04-03,9813
5386,青雲,6,0,6,元大-八德,2024-04-03,9813
2515,中工,432,103,329,元大-八德,2024-04-08,9813
00929,復華台灣科技優息,286,0,286,元大-八德,2024-04-08,9813
00706L,期元大S＆P日圓正2,198,0,198,元大-八德,2024-04-08,9813
00940,元大台灣價值高息,222,95,127,元大-八德,2024-04-08,9813
1609,大亞,112,9,103,元大-八德,2024-04-08,9813
2610,華航,106,4,102,元大-八德,2024-04-08,9813
2801,彰銀,101,0,101,元大-八德,2024-04-08,9813
00637L,元大滬深300正2,101,1,100,元大-八德,2024-04-08,9813
00720B,元大投資級公司債,78,0,78,元大-八德,2024-04-08,9813
00680L,元大美債20正2,77,0,77,元大-八德,2024-04-08,9813
00679B,元大美債20年,101,25,76,元大-八德,2024-04-08,9813
00937B,群益ESG投等債20,75,0,75,元大-八德,2024-04-08,9813
6023,元大期,71,0,71,元大-八德,2024-04-08,9813
6189,豐藝,179,109,70,元大-八德,2024-04-08,9813
5533,皇鼎,48,0,48,元大-八德,2024-04-08,9813
00687B,國泰20年美債,44,5,39,元大-八德,2024-04-08,9813
00751B,元大AAA至A公司債,39,0,39,元大-八德,2024-04-08,9813
00919,群益台灣精選高息,36,2,34,元大-八德,2024-04-08,9813
00939,統一台灣高息動能,32,0,32,元大-八德,2024-04-08,9813
2371,大同,37,5,32,元大-八德,2024-04-08,9813
6016,康和證,30,0,30,元大-八德,2024-04-08,9813
00941,中信上游半導體,26,0,26,元大-八德,2024-04-08,9813
00693U,期街口S＆P黃豆,25,0,25,元大-八德,2024-04-08,9813
1460,宏遠,25,0,25,元大-八德,2024-04-08,9813
5234,達興材料,23,1,22,元大-八德,2024-04-08,9813
2104,國際中橡,21,0,21,元大-八德,2024-04-08,9813
8215,明基材,21,0,21,元大-八德,2024-04-08,9813
8916,光隆,20,0,20,元大-八德,2024-04-08,9813
2618,長榮航,20,2,18,元大-八德,2024-04-08,9813
2408,南亞科,20,4,16,元大-八德,2024-04-08,9813
1477,聚陽,15,0,15,元大-八德,2024-04-08,9813
2509,全坤建,16,1,15,元大-八德,2024-04-08,9813
6215,和椿,16,1,15,元大-八德,2024-04-08,9813
2634,漢翔,14,0,14,元大-八德,2024-04-08,9813
00795B,中信美國公債20年,12,0,12,元大-八德,2024-04-08,9813
3062,建漢,11,0,11,元大-八德,2024-04-08,9813
2368,金像電,14,3,11,元大-八德,2024-04-08,9813
00763U,期街口道瓊銅,10,0,10,元大-八德,2024-04-08,9813
6261,久元,11,1,10,元大-八德,2024-04-08,9813
2383,台光電,18,8,10,元大-八德,2024-04-08,9813
6125,廣運,13,4,9,元大-八德,2024-04-08,9813
2486,一詮,49,40,9,元大-八德,2024-04-08,9813
2457,飛宏,10,2,8,元大-八德,2024-04-08,9813
2324,仁寶,10,2,8,元大-八德,2024-04-08,9813
6438,迅得,8,0,8,元大-八德,2024-04-08,9813
2393,億光,10,2,8,元大-八德,2024-04-08,9813
0056,元大高股息,8,1,7,元大-八德,2024-04-08,9813
00933B,國泰10Y+金融債,17,10,7,元大-八德,2024-04-08,9813
6196,帆宣,7,0,7,元大-八德,2024-04-08,9813
2609,陽明,9,2,7,元大-八德,2024-04-08,9813
6116,彩晶,310,0,310,元大-八德,2024-04-09,9813
2014,中鴻,240,41,199,元大-八德,2024-04-09,9813
3231,緯創,121,9,112,元大-八德,2024-04-09,9813
00937B,群益ESG投等債20,104,6,98,元大-八德,2024-04-09,9813
1609,大亞,135,44,91,元大-八德,2024-04-09,9813
2363,矽統,235,148,87,元大-八德,2024-04-09,9813
2374,佳能,106,24,82,元大-八德,2024-04-09,9813
5533,皇鼎,72,0,72,元大-八德,2024-04-09,9813
4714,永捷,70,0,70,元大-八德,2024-04-09,9813
00632R,元大台灣50反1,62,0,62,元大-八德,2024-04-09,9813
00679B,元大美債20年,66,6,60,元大-八德,2024-04-09,9813
00929,復華台灣科技優息,54,0,54,元大-八德,2024-04-09,9813
2329,華泰,54,0,54,元大-八德,2024-04-09,9813
8091,翔名,55,4,51,元大-八德,2024-04-09,9813
2038,海光,47,0,47,元大-八德,2024-04-09,9813
2506,太設,40,2,38,元大-八德,2024-04-09,9813
00941,中信上游半導體,32,0,32,元大-八德,2024-04-09,9813
00687B,國泰20年美債,32,0,32,元大-八德,2024-04-09,9813
3265,台星科,41,10,31,元大-八德,2024-04-09,9813
5213,亞昕,30,0,30,元大-八德,2024-04-09,9813
3481,群創,109,80,29,元大-八德,2024-04-09,9813
2352,佳世達,23,0,23,元大-八德,2024-04-09,9813
00850,元大臺灣ESG永續,23,1,22,元大-八德,2024-04-09,9813
9955,佳龍,24,2,22,元大-八德,2024-04-09,9813
2308,台達電,22,1,21,元大-八德,2024-04-09,9813
2382,廣達,24,4,20,元大-八德,2024-04-09,9813
2409,友達,31,11,20,元大-八德,2024-04-09,9813
3013,晟銘電,71,51,20,元大-八德,2024-04-09,9813
0056,元大高股息,23,4,19,元大-八德,2024-04-09,9813
2301,光寶科,24,5,19,元大-八德,2024-04-09,9813
2104,國際中橡,16,0,16,元大-八德,2024-04-09,9813
2371,大同,41,26,15,元大-八德,2024-04-09,9813
2603,長榮,24,9,15,元大-八德,2024-04-09,9813
00637L,元大滬深300正2,15,1,14,元大-八德,2024-04-09,9813
6284,佳邦,26,12,14,元大-八德,2024-04-09,9813
1909,榮成,11,0,11,元大-八德,2024-04-09,9813
4953,緯軟,10,0,10,元大-八德,2024-04-09,9813
2492,華新科,10,0,10,元大-八德,2024-04-09,9813
3484,崧騰,12,2,10,元大-八德,2024-04-09,9813
3552,同致,10,0,10,元大-八德,2024-04-09,9813
4945,陞達科技,10,0,10,元大-八德,2024-04-09,9813
8916,光隆,10,0,10,元大-八德,2024-04-09,9813
1513,中興電,23,14,9,元大-八德,2024-04-09,9813
2402,毅嘉,13,4,9,元大-八德,2024-04-09,9813
6120,達運,9,0,9,元大-八德,2024-04-09,9813
00885,富邦越南,8,0,8,元大-八德,2024-04-09,9813
1532,勤美,8,0,8,元大-八德,2024-04-09,9813
1786,科妍,8,0,8,元大-八德,2024-04-09,9813
2408,南亞科,10,2,8,元大-八德,2024-04-09,9813
2486,一詮,22,14,8,元大-八德,2024-04-09,9813
2645,長榮航太,235,2,233,元大-八德,2024-04-10,9813
6116,彩晶,204,0,204,元大-八德,2024-04-10,9813
00929,復華台灣科技優息,133,3,130,元大-八德,2024-04-10,9813
2610,華航,125,6,119,元大-八德,2024-04-10,9813
1460,宏遠,95,0,95,元大-八德,2024-04-10,9813
00940,元大台灣價值高息,141,79,62,元大-八德,2024-04-10,9813
2382,廣達,68,7,61,元大-八德,2024-04-10,9813
4129,聯合,60,0,60,元大-八德,2024-04-10,9813
2303,聯電,84,33,51,元大-八德,2024-04-10,9813
00941,中信上游半導體,80,30,50,元大-八德,2024-04-10,9813
2601,益航,43,0,43,元大-八德,2024-04-10,9813
5371,中光電,71,29,42,元大-八德,2024-04-10,9813
2883,凱基金,37,0,37,元大-八德,2024-04-10,9813
8033,雷虎,34,2,32,元大-八德,2024-04-10,9813
1605,華新,43,11,32,元大-八德,2024-04-10,9813
5533,皇鼎,35,5,30,元大-八德,2024-04-10,9813
00937B,群益ESG投等債20,37,11,26,元大-八德,2024-04-10,9813
2486,一詮,28,3,25,元大-八德,2024-04-10,9813
2889,國票金,24,0,24,元大-八德,2024-04-10,9813
6173,信昌電,23,0,23,元大-八德,2024-04-10,9813
8085,福華,24,2,22,元大-八德,2024-04-10,9813
3004,豐達科,41,20,21,元大-八德,2024-04-10,9813
9910,豐泰,20,0,20,元大-八德,2024-04-10,9813
2375,凱美,20,0,20,元大-八德,2024-04-10,9813
2913,農林,20,0,20,元大-八德,2024-04-10,9813
3706,神達,20,1,19,元大-八德,2024-04-10,9813
2301,光寶科,21,2,19,元大-八德,2024-04-10,9813
00679B,元大美債20年,23,4,19,元大-八德,2024-04-10,9813
1536,和大,20,4,16,元大-八德,2024-04-10,9813
8936,國統,15,0,15,元大-八德,2024-04-10,9813
6117,迎廣,16,2,14,元大-八德,2024-04-10,9813
2317,鴻海,32,19,13,元大-八德,2024-04-10,9813
2104,國際中橡,13,0,13,元大-八德,2024-04-10,9813
2329,華泰,244,232,12,元大-八德,2024-04-10,9813
6213,聯茂,33,21,12,元大-八德,2024-04-10,9813
2009,第一銅,78,67,11,元大-八德,2024-04-10,9813
00931B,統一美債20年,11,0,11,元大-八德,2024-04-10,9813
2393,億光,14,3,11,元大-八德,2024-04-10,9813
1785,光洋科,12,1,11,元大-八德,2024-04-10,9813
4561,健椿,11,0,11,元大-八德,2024-04-10,9813
3450,聯鈞,20,10,10,元大-八德,2024-04-10,9813
1513,中興電,30,19,11,元大-八德,2024-04-10,9813
6278,台表科,10,0,10,元大-八德,2024-04-10,9813
2356,英業達,15,5,10,元大-八德,2024-04-10,9813
00887,永豐中國科技50大,10,0,10,元大-八德,2024-04-10,9813
1597,直得,10,0,10,元大-八德,2024-04-10,9813
2331,精英,10,0,10,元大-八德,2024-04-10,9813
3026,禾伸堂,10,0,10,元大-八德,2024-04-10,9813
6461,益得,10,0,10,元大-八德,2024-04-10,9813
2603,長榮,12,2,10,元大-八德,2024-04-10,9813
6116,彩晶,416,3,413,元大-八德,2024-04-11,9813
00679B,元大美債20年,320,5,315,元大-八德,2024-04-11,9813
8215,明基材,200,0,200,元大-八德,2024-04-11,9813
00937B,群益ESG投等債20,174,0,174,元大-八德,2024-04-11,9813
1609,大亞,158,17,141,元大-八德,2024-04-11,9813
00720B,元大投資級公司債,100,0,100,元大-八德,2024-04-11,9813
3481,群創,100,9,91,元大-八德,2024-04-11,9813
00939,統一台灣高息動能,102,13,89,元大-八德,2024-04-11,9813
1444,力麗,77,0,77,元大-八德,2024-04-11,9813
00751B,元大AAA至A公司債,74,0,74,元大-八德,2024-04-11,9813
00929,復華台灣科技優息,72,1,71,元大-八德,2024-04-11,9813
2303,聯電,93,23,70,元大-八德,2024-04-11,9813
9933,中鼎,62,0,62,元大-八德,2024-04-11,9813
00706L,期元大S＆P日圓正2,50,0,50,元大-八德,2024-04-11,9813
1417,嘉裕,50,0,50,元大-八德,2024-04-11,9813
2392,正崴,50,0,50,元大-八德,2024-04-11,9813
00712,復華富時不動產,46,0,46,元大-八德,2024-04-11,9813
2601,益航,43,0,43,元大-八德,2024-04-11,9813
2605,新興,51,9,42,元大-八德,2024-04-11,9813
00919,群益台灣精選高息,51,12,39,元大-八德,2024-04-11,9813
4129,聯合,40,2,38,元大-八德,2024-04-11,9813
3231,緯創,58,20,38,元大-八德,2024-04-11,9813
3516,亞帝歐,69,33,36,元大-八德,2024-04-11,9813
00940,元大台灣價值高息,209,176,33,元大-八德,2024-04-11,9813
1605,華新,49,16,33,元大-八德,2024-04-11,9813
1736,喬山,41,10,31,元大-八德,2024-04-11,9813
00687B,國泰20年美債,36,6,30,元大-八德,2024-04-11,9813
2104,國際中橡,30,0,30,元大-八德,2024-04-11,9813
2354,鴻準,47,18,29,元大-八德,2024-04-11,9813
8054,安國,29,0,29,元大-八德,2024-04-11,9813
2317,鴻海,113,87,26,元大-八德,2024-04-11,9813
00927,群益半導體收益,24,0,24,元大-八德,2024-04-11,9813
3416,融程電,24,0,24,元大-八德,2024-04-11,9813
2941,米斯特,23,0,23,元大-八德,2024-04-11,9813
2344,華邦電,23,1,22,元大-八德,2024-04-11,9813
2408,南亞科,32,11,21,元大-八德,2024-04-11,9813
2431,聯昌,20,0,20,元大-八德,2024-04-11,9813
3059,華晶科,20,0,20,元大-八德,2024-04-11,9813
00632R,元大台灣50反1,25,6,19,元大-八德,2024-04-11,9813
1795,美時,21,3,18,元大-八德,2024-04-11,9813
2376,技嘉,27,9,18,元大-八德,2024-04-11,9813
5465,富驊,18,0,18,元大-八德,2024-04-11,9813
00772B,中信高評級公司債,17,0,17,元大-八德,2024-04-11,9813
1303,南亞,22,5,17,元大-八德,2024-04-11,9813
02001L,富邦蘋果正二N,15,0,15,元大-八德,2024-04-11,9813
6179,亞通,15,0,15,元大-八德,2024-04-11,9813
00931B,統一美債20年,14,0,14,元大-八德,2024-04-11,9813
1504,東元,15,2,13,元大-八德,2024-04-11,9813
3380,明泰,13,0,13,元大-八德,2024-04-11,9813
9958,世紀鋼,13,0,13,元大-八德,2024-04-11,9813
2515,中工,218,18,200,元大-八德,2024-04-12,9813
2537,聯上發,232,60,172,元大-八德,2024-04-12,9813
00933B,國泰10Y+金融債,154,0,154,元大-八德,2024-04-12,9813
2504,國產,154,4,150,元大-八德,2024-04-12,9813
00929,復華台灣科技優息,138,5,133,元大-八德,2024-04-12,9813
2634,漢翔,115,2,113,元大-八德,2024-04-12,9813
00679B,元大美債20年,97,4,93,元大-八德,2024-04-12,9813
00937B,群益ESG投等債20,79,1,78,元大-八德,2024-04-12,9813
00687B,國泰20年美債,81,5,76,元大-八德,2024-04-12,9813
00940,元大台灣價值高息,167,105,62,元大-八德,2024-04-12,9813
8215,明基材,62,0,62,元大-八德,2024-04-12,9813
00941,中信上游半導體,61,0,61,元大-八德,2024-04-12,9813
2388,威盛,70,9,61,元大-八德,2024-04-12,9813
2382,廣達,63,8,55,元大-八德,2024-04-12,9813
00881,國泰台灣5G+,50,1,49,元大-八德,2024-04-12,9813
2801,彰銀,45,0,45,元大-八德,2024-04-12,9813
2002,中鋼,45,1,44,元大-八德,2024-04-12,9813
6136,富爾特,40,0,40,元大-八德,2024-04-12,9813
2353,宏��,48,11,37,元大-八德,2024-04-12,9813
2884,玉山金,31,0,31,元大-八德,2024-04-12,9813
00680L,元大美債20正2,33,2,31,元大-八德,2024-04-12,9813
4533,協易機,40,11,29,元大-八德,2024-04-12,9813
4714,永捷,28,0,28,元大-八德,2024-04-12,9813
2905,三商,28,1,27,元大-八德,2024-04-12,9813
2610,華航,59,35,24,元大-八德,2024-04-12,9813
2104,國際中橡,22,0,22,元大-八德,2024-04-12,9813
00919,群益台灣精選高息,29,7,22,元大-八德,2024-04-12,9813
00751B,元大AAA至A公司債,21,0,21,元大-八德,2024-04-12,9813
2344,華邦電,22,1,21,元大-八德,2024-04-12,9813
5328,華容,21,0,21,元大-八德,2024-04-12,9813
3552,同致,23,3,20,元大-八德,2024-04-12,9813
2888,新光金,20,0,20,元大-八德,2024-04-12,9813
00720B,元大投資級公司債,29,10,19,元大-八德,2024-04-12,9813
3481,群創,39,20,19,元大-八德,2024-04-12,9813
6664,群翊,21,2,19,元大-八德,2024-04-12,9813
2882,國泰金,19,0,19,元大-八德,2024-04-12,9813
2317,鴻海,35,18,17,元大-八德,2024-04-12,9813
2641,正德,20,3,17,元大-八德,2024-04-12,9813
4513,福裕,17,0,17,元大-八德,2024-04-12,9813
1532,勤美,20,4,16,元大-八德,2024-04-12,9813
00878,國泰永續高股息,18,2,16,元大-八德,2024-04-12,9813
3060,銘異,73,59,14,元大-八德,2024-04-12,9813
5234,達興材料,20,6,14,元大-八德,2024-04-12,9813
1736,喬山,16,2,14,元大-八德,2024-04-12,9813
2371,大同,104,90,14,元大-八德,2024-04-12,9813
00931B,統一美債20年,13,0,13,元大-八德,2024-04-12,9813
00772B,中信高評級公司債,13,0,13,元大-八德,2024-04-12,9813
1455,集盛,13,0,13,元大-八德,2024-04-12,9813
5425,台半,18,5,13,元大-八德,2024-04-12,9813
4129,聯合,12,0,12,元大-八德,2024-04-12,9813
00929,復華台灣科技優息,388,0,388,元大-八德,2024-04-15,9813
2515,中工,211,28,183,元大-八德,2024-04-15,9813
2606,裕民,154,31,123,元大-八德,2024-04-15,9813
3708,上緯投控,142,25,117,元大-八德,2024-04-15,9813
2388,威盛,81,6,75,元大-八德,2024-04-15,9813
8916,光隆,51,0,51,元大-八德,2024-04-15,9813
00919,群益台灣精選高息,52,2,50,元大-八德,2024-04-15,9813
2356,英業達,60,10,50,元大-八德,2024-04-15,9813
00706L,期元大S＆P日圓正2,50,0,50,元大-八德,2024-04-15,9813
1442,名軒,50,0,50,元大-八德,2024-04-15,9813
0056,元大高股息,50,2,48,元大-八德,2024-04-15,9813
3013,晟銘電,74,26,48,元大-八德,2024-04-15,9813
00941,中信上游半導體,45,0,45,元大-八德,2024-04-15,9813
3481,群創,53,11,42,元大-八德,2024-04-15,9813
3704,合勤控,40,0,40,元大-八德,2024-04-15,9813
00940,元大台灣價值高息,49,10,39,元大-八德,2024-04-15,9813
00939,統一台灣高息動能,48,9,39,元大-八德,2024-04-15,9813
00679B,元大美債20年,54,18,36,元大-八德,2024-04-15,9813
3260,威剛,38,3,35,元大-八德,2024-04-15,9813
5450,南良,35,0,35,元大-八德,2024-04-15,9813
00712,復華富時不動產,33,0,33,元大-八德,2024-04-15,9813
1587,吉茂,32,0,32,元大-八德,2024-04-15,9813
1731,美吾華,30,0,30,元大-八德,2024-04-15,9813
00878,國泰永續高股息,30,0,30,元大-八德,2024-04-15,9813
2382,廣達,35,8,27,元大-八德,2024-04-15,9813
00720B,元大投資級公司債,32,6,26,元大-八德,2024-04-15,9813
6664,群翊,24,0,24,元大-八德,2024-04-15,9813
6719,力智,25,2,23,元大-八德,2024-04-15,9813
1815,富喬,21,0,21,元大-八德,2024-04-15,9813
3312,弘憶股,70,50,20,元大-八德,2024-04-15,9813
5340,建榮,20,0,20,元大-八德,2024-04-15,9813
2303,聯電,20,1,19,元大-八德,2024-04-15,9813
8255,朋程,17,0,17,元大-八德,2024-04-15,9813
2330,台積電,18,2,16,元大-八德,2024-04-15,9813
8096,擎亞,20,4,16,元大-八德,2024-04-15,9813
1513,中興電,51,36,15,元大-八德,2024-04-15,9813
00923,群益台ESG低碳50,15,0,15,元大-八德,2024-04-15,9813
6416,瑞祺電通,15,0,15,元大-八德,2024-04-15,9813
6901,鑽石投資,15,0,15,元大-八德,2024-04-15,9813
2371,大同,64,49,15,元大-八德,2024-04-15,9813
4714,永捷,76,62,14,元大-八德,2024-04-15,9813
2308,台達電,15,2,13,元大-八德,2024-04-15,9813
2376,技嘉,14,1,13,元大-八德,2024-04-15,9813
2363,矽統,53,40,13,元大-八德,2024-04-15,9813
6770,力積電,14,2,12,元大-八德,2024-04-15,9813
00922,國泰台灣領袖50,12,0,12,元大-八德,2024-04-15,9813
02001L,富邦蘋果正二N,12,0,12,元大-八德,2024-04-15,9813
1584,精剛,12,0,12,元大-八德,2024-04-15,9813
1608,華榮,103,91,12,元大-八德,2024-04-15,9813
2883,凱基金,17,6,11,元大-八德,2024-04-15,9813
00940,元大台灣價值高息,769,32,737,元大-八德,2024-04-16,9813
00929,復華台灣科技優息,480,110,370,元大-八德,2024-04-16,9813
00939,統一台灣高息動能,205,0,205,元大-八德,2024-04-16,9813
0056,元大高股息,189,4,185,元大-八德,2024-04-16,9813
00937B,群益ESG投等債20,128,0,128,元大-八德,2024-04-16,9813
00720B,元大投資級公司債,121,10,111,元大-八德,2024-04-16,9813
00919,群益台灣精選高息,141,34,107,元大-八德,2024-04-16,9813
00878,國泰永續高股息,111,4,107,元大-八德,2024-04-16,9813
2344,華邦電,88,0,88,元大-八德,2024-04-16,9813
00933B,國泰10Y+金融債,87,0,87,元大-八德,2024-04-16,9813
9933,中鼎,81,0,81,元大-八德,2024-04-16,9813
2408,南亞科,90,12,78,元大-八德,2024-04-16,9813
2888,新光金,66,5,61,元大-八德,2024-04-16,9813
00680L,元大美債20正2,54,0,54,元大-八德,2024-04-16,9813
2356,英業達,54,1,53,元大-八德,2024-04-16,9813
2303,聯電,62,11,51,元大-八德,2024-04-16,9813
2301,光寶科,53,3,50,元大-八德,2024-04-16,9813
4306,炎洲,50,2,48,元大-八德,2024-04-16,9813
00941,中信上游半導體,43,0,43,元大-八德,2024-04-16,9813
6189,豐藝,43,2,41,元大-八德,2024-04-16,9813
2883,凱基金,42,2,40,元大-八德,2024-04-16,9813
00857B,永豐20年美公債,40,0,40,元大-八德,2024-04-16,9813
3231,緯創,58,22,36,元大-八德,2024-04-16,9813
6274,台燿,36,1,35,元大-八德,2024-04-16,9813
2354,鴻準,34,1,33,元大-八德,2024-04-16,9813
2884,玉山金,30,0,30,元大-八德,2024-04-16,9813
2889,國票金,27,0,27,元大-八德,2024-04-16,9813
00751B,元大AAA至A公司債,26,0,26,元大-八德,2024-04-16,9813
1536,和大,26,0,26,元大-八德,2024-04-16,9813
3004,豐達科,25,0,25,元大-八德,2024-04-16,9813
1617,榮星,168,143,25,元大-八德,2024-04-16,9813
2383,台光電,27,3,24,元大-八德,2024-04-16,9813
1785,光洋科,21,0,21,元大-八德,2024-04-16,9813
2330,台積電,28,8,20,元大-八德,2024-04-16,9813
2382,廣達,26,6,20,元大-八德,2024-04-16,9813
2618,長榮航,42,22,20,元大-八德,2024-04-16,9813
02001L,富邦蘋果正二N,20,0,20,元大-八德,2024-04-16,9813
4966,譜瑞-KY,21,1,20,元大-八德,2024-04-16,9813
8938,明安,20,0,20,元大-八德,2024-04-16,9813
4588,玖鼎電力,19,0,19,元大-八德,2024-04-16,9813
2101,南港,24,5,19,元大-八德,2024-04-16,9813
3312,弘憶股,22,3,19,元大-八德,2024-04-16,9813
3704,合勤控,20,1,19,元大-八德,2024-04-16,9813
1101,台泥,23,4,19,元大-八德,2024-04-16,9813
00915,凱基優選高股息30,19,1,18,元大-八德,2024-04-16,9813
1616,億泰,18,0,18,元大-八德,2024-04-16,9813
00885,富邦越南,17,1,16,元大-八德,2024-04-16,9813
00712,復華富時不動產,21,5,16,元大-八德,2024-04-16,9813
6005,群益證,16,0,16,元大-八德,2024-04-16,9813
00923,群益台ESG低碳50,14,0,14,元大-八德,2024-04-16,9813
00929,復華台灣科技優息,287,0,287,元大-八德,2024-04-17,9813
1605,華新,236,45,191,元大-八德,2024-04-17,9813
00937B,群益ESG投等債20,165,0,165,元大-八德,2024-04-17,9813
2501,國建,107,5,102,元大-八德,2024-04-17,9813
2009,第一銅,109,9,100,元大-八德,2024-04-17,9813
2611,志信,100,1,99,元大-八德,2024-04-17,9813
3004,豐達科,97,0,97,元大-八德,2024-04-17,9813
00687B,國泰20年美債,93,5,88,元大-八德,2024-04-17,9813
00720B,元大投資級公司債,87,1,86,元大-八德,2024-04-17,9813
1316,上曜,79,4,75,元大-八德,2024-04-17,9813
3708,上緯投控,116,52,64,元大-八德,2024-04-17,9813
00857B,永豐20年美公債,59,0,59,元大-八德,2024-04-17,9813
2101,南港,68,13,55,元大-八德,2024-04-17,9813
1722,台肥,53,0,53,元大-八德,2024-04-17,9813
2618,長榮航,52,5,47,元大-八德,2024-04-17,9813
00712,復華富時不動產,45,0,45,元大-八德,2024-04-17,9813
00878,國泰永續高股息,57,13,44,元大-八德,2024-04-17,9813
0056,元大高股息,49,8,41,元大-八德,2024-04-17,9813
00680L,元大美債20正2,40,0,40,元大-八德,2024-04-17,9813
00725B,國泰投資級公司債,35,0,35,元大-八德,2024-04-17,9813
2408,南亞科,31,0,31,元大-八德,2024-04-17,9813
4306,炎洲,30,0,30,元大-八德,2024-04-17,9813
5403,中菲,31,1,30,元大-八德,2024-04-17,9813
00940,元大台灣價值高息,106,77,29,元大-八德,2024-04-17,9813
2382,廣達,27,2,25,元大-八德,2024-04-17,9813
2317,鴻海,40,17,23,元大-八德,2024-04-17,9813
00905,FT臺灣Smart,23,0,23,元大-八德,2024-04-17,9813
2885,元大金,28,6,22,元大-八德,2024-04-17,9813
4402,郡都開發,21,0,21,元大-八德,2024-04-17,9813
2104,國際中橡,20,0,20,元大-八德,2024-04-17,9813
2645,長榮航太,20,0,20,元大-八德,2024-04-17,9813
2834,臺企銀,20,0,20,元大-八德,2024-04-17,9813
2330,台積電,25,6,19,元大-八德,2024-04-17,9813
2353,宏��,18,0,18,元大-八德,2024-04-17,9813
6005,群益證,18,0,18,元大-八德,2024-04-17,9813
00881,國泰台灣5G+,15,0,15,元大-八德,2024-04-17,9813
1617,榮星,66,51,15,元大-八德,2024-04-17,9813
1513,中興電,52,38,14,元大-八德,2024-04-17,9813
4912,聯德控股-KY,14,0,14,元大-八德,2024-04-17,9813
1503,士電,17,3,14,元大-八德,2024-04-17,9813
3231,緯創,37,23,14,元大-八德,2024-04-17,9813
3088,艾訊,13,0,13,元大-八德,2024-04-17,9813
3535,晶彩科,13,0,13,元大-八德,2024-04-17,9813
8277,商丞,13,0,13,元大-八德,2024-04-17,9813
00679B,元大美債20年,39,27,12,元大-八德,2024-04-17,9813
2303,聯電,13,1,12,元大-八德,2024-04-17,9813
00715L,期街口布蘭特正2,12,0,12,元大-八德,2024-04-17,9813
8086,宏捷科,12,0,12,元大-八德,2024-04-17,9813
8926,台汽電,41,29,12,元大-八德,2024-04-17,9813
2610,華航,12,0,12,元大-八德,2024-04-17,9813
2515,中工,1096,140,956,元大-八德,2024-04-18,9813
2101,南港,331,65,266,元大-八德,2024-04-18,9813
00937B,群益ESG投等債20,125,7,118,元大-八德,2024-04-18,9813
4714,永捷,117,0,117,元大-八德,2024-04-18,9813
2301,光寶科,105,2,103,元大-八德,2024-04-18,9813
2408,南亞科,57,3,54,元大-八德,2024-04-18,9813
1475,業旺,43,0,43,元大-八德,2024-04-18,9813
3708,上緯投控,45,3,42,元大-八德,2024-04-18,9813
4157,太景*-KY,40,0,40,元大-八德,2024-04-18,9813
5403,中菲,40,0,40,元大-八德,2024-04-18,9813
00679B,元大美債20年,39,0,39,元大-八德,2024-04-18,9813
00919,群益台灣精選高息,49,11,38,元大-八德,2024-04-18,9813
3231,緯創,47,11,36,元大-八德,2024-04-18,9813
4129,聯合,35,0,35,元大-八德,2024-04-18,9813
0056,元大高股息,34,0,34,元大-八德,2024-04-18,9813
2382,廣達,36,4,32,元大-八德,2024-04-18,9813
00940,元大台灣價值高息,63,31,32,元大-八德,2024-04-18,9813
2371,大同,124,92,32,元大-八德,2024-04-18,9813
5533,皇鼎,30,0,30,元大-八德,2024-04-18,9813
00687B,國泰20年美債,49,20,29,元大-八德,2024-04-18,9813
3015,全漢,27,0,27,元大-八德,2024-04-18,9813
2634,漢翔,35,9,26,元大-八德,2024-04-18,9813
00857B,永豐20年美公債,22,0,22,元大-八德,2024-04-18,9813
6202,盛群,25,3,22,元大-八德,2024-04-18,9813
4303,信立,34,13,21,元大-八德,2024-04-18,9813
8091,翔名,20,0,20,元大-八德,2024-04-18,9813
3583,辛耘,42,23,19,元大-八德,2024-04-18,9813
00918,大華優利高填息30,20,1,19,元大-八德,2024-04-18,9813
2367,燿華,18,0,18,元大-八德,2024-04-18,9813
00712,復華富時不動產,18,2,16,元大-八德,2024-04-18,9813
00751B,元大AAA至A公司債,15,0,15,元大-八德,2024-04-18,9813
00913,兆豐台灣晶圓製造,15,0,15,元大-八德,2024-04-18,9813
4743,合一,15,0,15,元大-八德,2024-04-18,9813
2501,國建,19,5,14,元大-八德,2024-04-18,9813
00642U,期元大S＆P石油,13,0,13,元大-八德,2024-04-18,9813
8027,鈦昇,21,8,13,元大-八德,2024-04-18,9813
00929,復華台灣科技優息,43,31,12,元大-八德,2024-04-18,9813
2363,矽統,26,15,11,元大-八德,2024-04-18,9813
00720B,元大投資級公司債,10,0,10,元大-八德,2024-04-18,9813
2104,國際中橡,10,0,10,元大-八德,2024-04-18,9813
2509,全坤建,10,0,10,元大-八德,2024-04-18,9813
3058,立德,10,0,10,元大-八德,2024-04-18,9813
3704,合勤控,10,0,10,元大-八德,2024-04-18,9813
5230,雷笛克光學,50,40,10,元大-八德,2024-04-18,9813
8415,大國鋼,10,0,10,元大-八德,2024-04-18,9813
3017,奇鋐,34,25,9,元大-八德,2024-04-18,9813
00905,FT臺灣Smart,14,5,9,元大-八德,2024-04-18,9813
2356,英業達,18,9,9,元大-八德,2024-04-18,9813
1615,大山,10,1,9,元大-八德,2024-04-18,9813
8033,雷虎,11,3,8,元大-八德,2024-04-18,9813
00929,復華台灣科技優息,712,23,689,元大-八德,2024-04-19,9813
2303,聯電,402,34,368,元大-八德,2024-04-19,9813
00679B,元大美債20年,294,48,246,元大-八德,2024-04-19,9813
00940,元大台灣價值高息,339,117,222,元大-八德,2024-04-19,9813
00939,統一台灣高息動能,209,35,174,元大-八德,2024-04-19,9813
00935,野村臺灣新科技50,151,1,150,元大-八德,2024-04-19,9813
2618,長榮航,114,6,108,元大-八德,2024-04-19,9813
5403,中菲,70,0,70,元大-八德,2024-04-19,9813
00919,群益台灣精選高息,149,83,66,元大-八德,2024-04-19,9813
00941,中信上游半導體,85,20,65,元大-八德,2024-04-19,9813
2104,國際中橡,65,0,65,元大-八德,2024-04-19,9813
8070,長華*,60,1,59,元大-八德,2024-04-19,9813
0056,元大高股息,82,24,58,元大-八德,2024-04-19,9813
1475,業旺,54,0,54,元大-八德,2024-04-19,9813
2393,億光,53,1,52,元大-八德,2024-04-19,9813
1605,華新,82,35,47,元大-八德,2024-04-19,9813
2371,大同,135,90,45,元大-八德,2024-04-19,9813
3312,弘憶股,44,0,44,元大-八德,2024-04-19,9813
2891,中信金,44,5,39,元大-八德,2024-04-19,9813
2382,廣達,46,10,36,元大-八德,2024-04-19,9813
4129,聯合,35,0,35,元大-八德,2024-04-19,9813
2888,新光金,55,23,32,元大-八德,2024-04-19,9813
2344,華邦電,41,10,31,元大-八德,2024-04-19,9813
6136,富爾特,30,0,30,元大-八德,2024-04-19,9813
2352,佳世達,31,2,29,元大-八德,2024-04-19,9813
2887,台新金,26,0,26,元大-八德,2024-04-19,9813
2002,中鋼,326,301,25,元大-八德,2024-04-19,9813
4966,譜瑞-KY,26,1,25,元大-八德,2024-04-19,9813
3587,閎康,27,2,25,元大-八德,2024-04-19,9813
00878,國泰永續高股息,125,101,24,元大-八德,2024-04-19,9813
2363,矽統,29,5,24,元大-八德,2024-04-19,9813
1303,南亞,26,3,23,元大-八德,2024-04-19,9813
6770,力積電,23,1,22,元大-八德,2024-04-19,9813
00927,群益半導體收益,36,14,22,元大-八德,2024-04-19,9813
1609,大亞,146,124,22,元大-八德,2024-04-19,9813
1608,華榮,30,9,21,元大-八德,2024-04-19,9813
3710,連展投控,21,0,21,元大-八德,2024-04-19,9813
2881,富邦金,25,5,20,元大-八德,2024-04-19,9813
2610,華航,22,2,20,元大-八德,2024-04-19,9813
00688L,國泰20年美債正2,20,0,20,元大-八德,2024-04-19,9813
00905,FT臺灣Smart,20,0,20,元大-八德,2024-04-19,9813
1597,直得,20,0,20,元大-八德,2024-04-19,9813
1815,富喬,20,0,20,元大-八德,2024-04-19,9813
2913,農林,20,0,20,元大-八德,2024-04-19,9813
3058,立德,21,1,20,元大-八德,2024-04-19,9813
5533,皇鼎,20,0,20,元大-八德,2024-04-19,9813
8011,台通,25,5,20,元大-八德,2024-04-19,9813
8091,翔名,20,0,20,元大-八德,2024-04-19,9813
00923,群益台ESG低碳50,19,0,19,元大-八德,2024-04-19,9813
2884,玉山金,19,1,18,元大-八德,2024-04-19,9813
00929,復華台灣科技優息,309,1,308,元大-八德,2024-04-22,9813
2547,日勝生,219,21,198,元大-八德,2024-04-22,9813
2618,長榮航,436,246,190,元大-八德,2024-04-22,9813
00940,元大台灣價值高息,291,122,169,元大-八德,2024-04-22,9813
5403,中菲,110,0,110,元大-八德,2024-04-22,9813
2633,台灣高鐵,150,51,99,元大-八德,2024-04-22,9813
4714,永捷,97,1,96,元大-八德,2024-04-22,9813
3312,弘憶股,94,0,94,元大-八德,2024-04-22,9813
2610,華航,105,19,86,元大-八德,2024-04-22,9813
2303,聯電,75,2,73,元大-八德,2024-04-22,9813
5512,力麒,83,13,70,元大-八德,2024-04-22,9813
00636,國泰中國A50,58,0,58,元大-八德,2024-04-22,9813
2393,億光,60,10,50,元大-八德,2024-04-22,9813
00939,統一台灣高息動能,83,34,49,元大-八德,2024-04-22,9813
00632R,元大台灣50反1,55,10,45,元大-八德,2024-04-22,9813
3481,群創,64,21,43,元大-八德,2024-04-22,9813
1609,大亞,71,28,43,元大-八德,2024-04-22,9813
5533,皇鼎,60,20,40,元大-八德,2024-04-22,9813
2515,中工,601,564,37,元大-八德,2024-04-22,9813
00679B,元大美債20年,36,1,35,元大-八德,2024-04-22,9813
00937B,群益ESG投等債20,45,10,35,元大-八德,2024-04-22,9813
00687B,國泰20年美債,41,6,35,元大-八德,2024-04-22,9813
00919,群益台灣精選高息,75,46,29,元大-八德,2024-04-22,9813
2101,南港,235,206,29,元大-八德,2024-04-22,9813
3260,威剛,28,0,28,元大-八德,2024-04-22,9813
8916,光隆,27,0,27,元大-八德,2024-04-22,9813
6541,泰福-KY,26,0,26,元大-八德,2024-04-22,9813
3231,緯創,39,14,25,元大-八德,2024-04-22,9813
020023,元大櫃買半導體N,24,0,24,元大-八德,2024-04-22,9813
2609,陽明,37,14,23,元大-八德,2024-04-22,9813
2913,農林,22,0,22,元大-八德,2024-04-22,9813
020034,元大IC設計N,21,0,21,元大-八德,2024-04-22,9813
3704,合勤控,20,0,20,元大-八德,2024-04-22,9813
1314,中石化,26,7,19,元大-八德,2024-04-22,9813
5452,佶優,18,0,18,元大-八德,2024-04-22,9813
2887,台新金,20,3,17,元大-八德,2024-04-22,9813
00878,國泰永續高股息,20,4,16,元大-八德,2024-04-22,9813
1475,業旺,16,0,16,元大-八德,2024-04-22,9813
2885,元大金,15,0,15,元大-八德,2024-04-22,9813
2002,中鋼,22,7,15,元大-八德,2024-04-22,9813
2520,冠德,22,7,15,元大-八德,2024-04-22,9813
6244,茂迪,15,0,15,元大-八德,2024-04-22,9813
6125,廣運,18,3,15,元大-八德,2024-04-22,9813
3706,神達,15,1,14,元大-八德,2024-04-22,9813
6443,元晶,17,3,14,元大-八德,2024-04-22,9813
5521,工信,48,35,13,元大-八德,2024-04-22,9813
1903,士紙,15,2,13,元大-八德,2024-04-22,9813
6770,力積電,13,0,13,元大-八德,2024-04-22,9813
2376,技嘉,13,0,13,元大-八德,2024-04-22,9813
00680L,元大美債20正2,12,0,12,元大-八德,2024-04-22,9813
2354,鴻準,549,275,274,元大-八德,2024-04-23,9813
2101,南港,242,48,194,元大-八德,2024-04-23,9813
9933,中鼎,161,0,161,元大-八德,2024-04-23,9813
3481,群創,206,62,144,元大-八德,2024-04-23,9813
00940,元大台灣價值高息,253,125,128,元大-八德,2024-04-23,9813
2618,長榮航,133,65,68,元大-八德,2024-04-23,9813
00939,統一台灣高息動能,62,5,57,元大-八德,2024-04-23,9813
00751B,元大AAA至A公司債,50,0,50,元大-八德,2024-04-23,9813
2317,鴻海,54,7,47,元大-八德,2024-04-23,9813
2834,臺企銀,49,6,43,元大-八德,2024-04-23,9813
3289,宜特,40,1,39,元大-八德,2024-04-23,9813
00929,復華台灣科技優息,71,33,38,元大-八德,2024-04-23,9813
3312,弘憶股,33,1,32,元大-八德,2024-04-23,9813
6526,達發,32,0,32,元大-八德,2024-04-23,9813
00882,中信中國高股息,32,1,31,元大-八德,2024-04-23,9813
2303,聯電,31,4,27,元大-八德,2024-04-23,9813
00878,國泰永續高股息,41,15,26,元大-八德,2024-04-23,9813
2371,大同,60,40,20,元大-八德,2024-04-23,9813
4726,永昕,36,17,19,元大-八德,2024-04-23,9813
020041,兆豐半導體氣候N,18,0,18,元大-八德,2024-04-23,9813
2511,太子,20,4,16,元大-八德,2024-04-23,9813
1605,華新,16,1,15,元大-八德,2024-04-23,9813
2509,全坤建,15,0,15,元大-八德,2024-04-23,9813
3521,鴻翊,15,0,15,元大-八德,2024-04-23,9813
00937B,群益ESG投等債20,17,3,14,元大-八德,2024-04-23,9813
00665L,富邦�琤肭磪囓�2,21,10,11,元大-八德,2024-04-23,9813
2887,台新金,12,1,11,元大-八德,2024-04-23,9813
8054,安國,19,8,11,元大-八德,2024-04-23,9813
2241,艾姆勒,11,0,11,元大-八德,2024-04-23,9813
0056,元大高股息,11,0,11,元大-八德,2024-04-23,9813
00887,永豐中國科技50大,10,0,10,元大-八德,2024-04-23,9813
1409,新纖,10,0,10,元大-八德,2024-04-23,9813
2359,所羅門,10,0,10,元大-八德,2024-04-23,9813
2417,圓剛,11,1,10,元大-八德,2024-04-23,9813
5469,瀚宇博,10,0,10,元大-八德,2024-04-23,9813
8091,翔名,10,0,10,元大-八德,2024-04-23,9813
2889,國票金,13,4,9,元大-八德,2024-04-23,9813
02001L,富邦蘋果正二N,9,0,9,元大-八德,2024-04-23,9813
1702,南僑,10,1,9,元大-八德,2024-04-23,9813
8033,雷虎,11,2,9,元大-八德,2024-04-23,9813
2885,元大金,8,0,8,元大-八德,2024-04-23,9813
1609,大亞,52,44,8,元大-八德,2024-04-23,9813
00690,兆豐藍籌30,8,0,8,元大-八德,2024-04-23,9813
00753L,中信中國50正2,10,2,8,元大-八德,2024-04-23,9813
3033,威健,8,0,8,元大-八德,2024-04-23,9813
5521,工信,21,13,8,元大-八德,2024-04-23,9813
3708,上緯投控,11,3,8,元大-八德,2024-04-23,9813
2308,台達電,7,0,7,元大-八德,2024-04-23,9813
00632R,元大台灣50反1,7,0,7,元大-八德,2024-04-23,9813
5706,鳳凰,16,9,7,元大-八德,2024-04-23,9813
2330,台積電,496,36,460,元大-八德,2024-04-24,9813
2515,中工,225,28,197,元大-八德,2024-04-24,9813
2206,三陽工業,227,39,188,元大-八德,2024-04-24,9813
2618,長榮航,355,172,183,元大-八德,2024-04-24,9813
00679B,元大美債20年,109,0,109,元大-八德,2024-04-24,9813
00637L,元大滬深300正2,101,1,100,元大-八德,2024-04-24,9813
00632R,元大台灣50反1,92,0,92,元大-八德,2024-04-24,9813
3481,群創,64,3,61,元大-八德,2024-04-24,9813
6125,廣運,122,63,59,元大-八德,2024-04-24,9813
00937B,群益ESG投等債20,66,7,59,元大-八德,2024-04-24,9813
2002,中鋼,45,0,45,元大-八德,2024-04-24,9813
00929,復華台灣科技優息,52,9,43,元大-八德,2024-04-24,9813
00941,中信上游半導體,42,1,41,元大-八德,2024-04-24,9813
2383,台光電,40,1,39,元大-八德,2024-04-24,9813
3376,新日興,40,1,39,元大-八德,2024-04-24,9813
6535,順藥,34,0,34,元大-八德,2024-04-24,9813
8936,國統,32,0,32,元大-八德,2024-04-24,9813
2886,兆豐金,29,0,29,元大-八德,2024-04-24,9813
1442,名軒,21,0,21,元大-八德,2024-04-24,9813
1473,台南,21,1,20,元大-八德,2024-04-24,9813
3576,聯合再生,20,0,20,元大-八德,2024-04-24,9813
4510,高鋒,21,1,20,元大-八德,2024-04-24,9813
8011,台通,26,6,20,元大-八德,2024-04-24,9813
3703,欣陸,25,6,19,元大-八德,2024-04-24,9813
2641,正德,16,0,16,元大-八德,2024-04-24,9813
00900,富邦特選高股息30,20,5,15,元大-八德,2024-04-24,9813
00751B,元大AAA至A公司債,15,0,15,元大-八德,2024-04-24,9813
00633L,富邦上証正2,15,0,15,元大-八德,2024-04-24,9813
6548,長科*,15,0,15,元大-八德,2024-04-24,9813
2634,漢翔,22,7,15,元大-八德,2024-04-24,9813
2409,友達,13,0,13,元大-八德,2024-04-24,9813
2637,慧洋-KY,12,0,12,元大-八德,2024-04-24,9813
00919,群益台灣精選高息,32,20,12,元大-八德,2024-04-24,9813
00665L,富邦�琤肭磪囓�2,30,20,10,元大-八德,2024-04-24,9813
00764B,群益25年美債,10,0,10,元大-八德,2024-04-24,9813
2344,華邦電,10,0,10,元大-八德,2024-04-24,9813
2352,佳世達,10,0,10,元大-八德,2024-04-24,9813
2537,聯上發,10,0,10,元大-八德,2024-04-24,9813
3005,神基,10,0,10,元大-八德,2024-04-24,9813
4128,中天,10,0,10,元大-八德,2024-04-24,9813
5230,雷笛克光學,10,0,10,元大-八德,2024-04-24,9813
8088,品安,10,0,10,元大-八德,2024-04-24,9813
3545,敦泰,10,0,10,元大-八德,2024-04-24,9813
3362,先進光,10,1,9,元大-八德,2024-04-24,9813
5009,榮剛,11,2,9,元大-八德,2024-04-24,9813
6005,群益證,10,2,8,元大-八德,2024-04-24,9813
6136,富爾特,8,0,8,元大-八德,2024-04-24,9813
1101,台泥,9,2,7,元大-八德,2024-04-24,9813
00891,中信關鍵半導體,6,0,6,元大-八德,2024-04-24,9813
1316,上曜,6,0,6,元大-八德,2024-04-24,9813
2515,中工,347,137,210,元大-八德,2024-04-25,9813
00937B,群益ESG投等債20,128,1,127,元大-八德,2024-04-25,9813
3234,光環,62,0,62,元大-八德,2024-04-25,9813
00687B,國泰20年美債,60,0,60,元大-八德,2024-04-25,9813
00929,復華台灣科技優息,58,0,58,元大-八德,2024-04-25,9813
2536,宏普,41,0,41,元大-八德,2024-04-25,9813
5324,士開,30,0,30,元大-八德,2024-04-25,9813
2380,虹光,28,0,28,元大-八德,2024-04-25,9813
00679B,元大美債20年,26,0,26,元大-八德,2024-04-25,9813
4714,永捷,26,2,24,元大-八德,2024-04-25,9813
2330,台積電,26,2,24,元大-八德,2024-04-25,9813
4966,譜瑞-KY,23,1,22,元大-八德,2024-04-25,9813
020027,元大上櫃ESG成長N,20,0,20,元大-八德,2024-04-25,9813
6535,順藥,27,7,20,元大-八德,2024-04-25,9813
00919,群益台灣精選高息,16,0,16,元大-八德,2024-04-25,9813
020026,兆豐上櫃ESG電菁N,15,0,15,元大-八德,2024-04-25,9813
8150,南茂,15,0,15,元大-八德,2024-04-25,9813
2885,元大金,14,0,14,元大-八德,2024-04-25,9813
2338,光罩,14,0,14,元大-八德,2024-04-25,9813
2606,裕民,14,0,14,元大-八德,2024-04-25,9813
2241,艾姆勒,13,0,13,元大-八德,2024-04-25,9813
00939,統一台灣高息動能,12,0,12,元大-八德,2024-04-25,9813
1475,業旺,12,0,12,元大-八德,2024-04-25,9813
3289,宜特,12,0,12,元大-八德,2024-04-25,9813
3587,閎康,12,0,12,元大-八德,2024-04-25,9813
2887,台新金,13,1,12,元大-八德,2024-04-25,9813
1722,台肥,22,11,11,元大-八德,2024-04-25,9813
5328,華容,11,0,11,元大-八德,2024-04-25,9813
8210,勤誠,15,4,11,元大-八德,2024-04-25,9813
2548,華固,12,1,11,元大-八德,2024-04-25,9813
8046,南電,12,2,10,元大-八德,2024-04-25,9813
00927,群益半導體收益,10,0,10,元大-八德,2024-04-25,9813
2509,全坤建,10,0,10,元大-八德,2024-04-25,9813
3704,合勤控,10,0,10,元大-八德,2024-04-25,9813
6603,富強鑫,10,0,10,元大-八德,2024-04-25,9813
6799,來頡,10,0,10,元大-八德,2024-04-25,9813
8091,翔名,10,0,10,元大-八德,2024-04-25,9813
6415,矽力*-KY,30,20,10,元大-八德,2024-04-25,9813
3231,緯創,20,10,10,元大-八德,2024-04-25,9813
1301,台塑,9,0,9,元大-八德,2024-04-25,9813
6753,龍德造船,11,2,9,元大-八德,2024-04-25,9813
0050,元大台灣50,11,2,9,元大-八德,2024-04-25,9813
020034,元大IC設計N,9,0,9,元大-八德,2024-04-25,9813
1513,中興電,15,6,9,元大-八德,2024-04-25,9813
2736,富野,12,3,9,元大-八德,2024-04-25,9813
3005,神基,10,1,9,元大-八德,2024-04-25,9813
1303,南亞,9,1,8,元大-八德,2024-04-25,9813
2882,國泰金,8,0,8,元大-八德,2024-04-25,9813
1584,精剛,8,0,8,元大-八德,2024-04-25,9813
2002,中鋼,8,0,8,元大-八德,2024-04-25,9813
00679B,元大美債20年,121,0,121,元大-八德,2024-04-26,9813
00937B,群益ESG投等債20,107,0,107,元大-八德,2024-04-26,9813
00929,復華台灣科技優息,83,1,82,元大-八德,2024-04-26,9813
00940,元大台灣價值高息,70,1,69,元大-八德,2024-04-26,9813
5512,力麒,61,4,57,元大-八德,2024-04-26,9813
6143,振曜,67,11,56,元大-八德,2024-04-26,9813
9945,潤泰新,60,7,53,元大-八德,2024-04-26,9813
00632R,元大台灣50反1,62,10,52,元大-八德,2024-04-26,9813
8070,長華*,43,0,43,元大-八德,2024-04-26,9813
1440,南紡,59,16,43,元大-八德,2024-04-26,9813
6125,廣運,57,14,43,元大-八德,2024-04-26,9813
5533,皇鼎,40,0,40,元大-八德,2024-04-26,9813
6415,矽力*-KY,40,0,40,元大-八德,2024-04-26,9813
00687B,國泰20年美債,36,0,36,元大-八德,2024-04-26,9813
1104,環泥,30,0,30,元大-八德,2024-04-26,9813
2423,固緯,48,18,30,元大-八德,2024-04-26,9813
5328,華容,27,0,27,元大-八德,2024-04-26,9813
6535,順藥,29,2,27,元大-八德,2024-04-26,9813
2354,鴻準,33,6,27,元大-八德,2024-04-26,9813
5515,建國,38,13,25,元大-八德,2024-04-26,9813
2323,中環,42,17,25,元大-八德,2024-04-26,9813
2892,第一金,24,0,24,元大-八德,2024-04-26,9813
3711,日月光投控,21,0,21,元大-八德,2024-04-26,9813
6425,易發,25,4,21,元大-八德,2024-04-26,9813
1303,南亞,20,0,20,元大-八德,2024-04-26,9813
00720B,元大投資級公司債,20,0,20,元大-八德,2024-04-26,9813
1442,名軒,20,0,20,元大-八德,2024-04-26,9813
2547,日勝生,20,0,20,元大-八德,2024-04-26,9813
3015,全漢,20,0,20,元大-八德,2024-04-26,9813
3557,嘉威,20,0,20,元大-八德,2024-04-26,9813
3708,上緯投控,20,0,20,元大-八德,2024-04-26,9813
1402,遠東新,19,0,19,元大-八德,2024-04-26,9813
3706,神達,22,4,18,元大-八德,2024-04-26,9813
00857B,永豐20年美公債,16,0,16,元大-八德,2024-04-26,9813
00919,群益台灣精選高息,22,6,16,元大-八德,2024-04-26,9813
2027,大成鋼,16,0,16,元大-八德,2024-04-26,9813
2883,凱基金,15,0,15,元大-八德,2024-04-26,9813
2536,宏普,15,0,15,元大-八德,2024-04-26,9813
2371,大同,25,10,15,元大-八德,2024-04-26,9813
1101,台泥,17,3,14,元大-八德,2024-04-26,9813
3163,波若威,18,4,14,元大-八德,2024-04-26,9813
4909,新復興,17,3,14,元大-八德,2024-04-26,9813
1609,大亞,18,4,14,元大-八德,2024-04-26,9813
2611,志信,26,12,14,元大-八德,2024-04-26,9813
3363,上詮,21,8,13,元大-八德,2024-04-26,9813
00680L,元大美債20正2,12,0,12,元大-八德,2024-04-26,9813
3703,欣陸,22,10,12,元大-八德,2024-04-26,9813
3231,緯創,23,12,11,元大-八德,2024-04-26,9813
2801,彰銀,11,0,11,元大-八德,2024-04-26,9813
00751B,元大AAA至A公司債,10,0,10,元大-八德,2024-04-26,9813
2610,華航,667,14,653,元大-八德,2024-04-29,9813
2913,農林,340,67,273,元大-八德,2024-04-29,9813
00632R,元大台灣50反1,145,10,135,元大-八德,2024-04-29,9813
00706L,期元大S＆P日圓正2,100,0,100,元大-八德,2024-04-29,9813
2883,凱基金,121,32,89,元大-八德,2024-04-29,9813
2888,新光金,143,59,84,元大-八德,2024-04-29,9813
2354,鴻準,94,19,75,元大-八德,2024-04-29,9813
2882A,國泰特,70,0,70,元大-八德,2024-04-29,9813
2363,矽統,82,19,63,元大-八德,2024-04-29,9813
4714,永捷,63,1,62,元大-八德,2024-04-29,9813
1587,吉茂,44,5,39,元大-八德,2024-04-29,9813
00919,群益台灣精選高息,32,0,32,元大-八德,2024-04-29,9813
2705,六福,30,0,30,元大-八德,2024-04-29,9813
8150,南茂,29,0,29,元大-八德,2024-04-29,9813
1314,中石化,109,84,25,元大-八德,2024-04-29,9813
2382,廣達,37,12,25,元大-八德,2024-04-29,9813
2323,中環,70,47,23,元大-八德,2024-04-29,9813
1442,名軒,22,0,22,元大-八德,2024-04-29,9813
4155,訊映,23,1,22,元大-八德,2024-04-29,9813
1795,美時,25,3,22,元大-八德,2024-04-29,9813
2383,台光電,21,0,21,元大-八德,2024-04-29,9813
3234,光環,27,7,20,元大-八德,2024-04-29,9813
6239,力成,20,0,20,元大-八德,2024-04-29,9813
8255,朋程,20,0,20,元大-八德,2024-04-29,9813
8091,翔名,19,0,19,元大-八德,2024-04-29,9813
2101,南港,55,39,16,元大-八德,2024-04-29,9813
9945,潤泰新,18,2,16,元大-八德,2024-04-29,9813
00895,富邦未來車,15,0,15,元大-八德,2024-04-29,9813
2801,彰銀,20,5,15,元大-八德,2024-04-29,9813
3703,欣陸,16,1,15,元大-八德,2024-04-29,9813
6535,順藥,16,2,14,元大-八德,2024-04-29,9813
00633L,富邦上証正2,14,0,14,元大-八德,2024-04-29,9813
2534,宏盛,14,0,14,元大-八德,2024-04-29,9813
8358,金居,15,1,14,元大-八德,2024-04-29,9813
00679B,元大美債20年,13,0,13,元大-八德,2024-04-29,9813
1440,南紡,22,9,13,元大-八德,2024-04-29,9813
6197,佳必琪,15,2,13,元大-八德,2024-04-29,9813
3706,神達,12,0,12,元大-八德,2024-04-29,9813
1513,中興電,11,0,11,元大-八德,2024-04-29,9813
4979,華星光,11,0,11,元大-八德,2024-04-29,9813
6415,矽力*-KY,11,0,11,元大-八德,2024-04-29,9813
8110,華東,11,0,11,元大-八德,2024-04-29,9813
1611,中電,10,0,10,元大-八德,2024-04-29,9813
2103,台橡,10,0,10,元大-八德,2024-04-29,9813
2204,中華,10,0,10,元大-八德,2024-04-29,9813
7402,邑錡,10,0,10,元大-八德,2024-04-29,9813
1532,勤美,12,2,10,元大-八德,2024-04-29,9813
00941,中信上游半導體,9,0,9,元大-八德,2024-04-29,9813
2609,陽明,97,88,9,元大-八德,2024-04-29,9813
2520,冠德,20,11,9,元大-八德,2024-04-29,9813
2515,中工,317,91,226,元大-八德,2024-04-30,9813
2610,華航,214,3,211,元大-八德,2024-04-30,9813
00937B,群益ESG投等債20,171,0,171,元大-八德,2024-04-30,9813
1540,喬福,60,0,60,元大-八德,2024-04-30,9813
00940,元大台灣價值高息,92,36,56,元大-八德,2024-04-30,9813
2506,太設,50,1,49,元大-八德,2024-04-30,9813
5512,力麒,43,2,41,元大-八德,2024-04-30,9813
00919,群益台灣精選高息,41,0,41,元大-八德,2024-04-30,9813
00939,統一台灣高息動能,40,0,40,元大-八德,2024-04-30,9813
2427,三商電,38,1,37,元大-八德,2024-04-30,9813
6125,廣運,64,28,36,元大-八德,2024-04-30,9813
2880,華南金,59,24,35,元大-八德,2024-04-30,9813
3376,新日興,30,3,27,元大-八德,2024-04-30,9813
00929,復華台灣科技優息,29,2,27,元大-八德,2024-04-30,9813
5515,建國,31,7,24,元大-八德,2024-04-30,9813
5531,鄉林,127,104,23,元大-八德,2024-04-30,9813
1316,上曜,34,12,22,元大-八德,2024-04-30,9813
5450,南良,21,0,21,元大-八德,2024-04-30,9813
6005,群益證,21,1,20,元大-八德,2024-04-30,9813
9945,潤泰新,24,5,19,元大-八德,2024-04-30,9813
2501,國建,21,4,17,元大-八德,2024-04-30,9813
1605,華新,17,0,17,元大-八德,2024-04-30,9813
2536,宏普,17,0,17,元大-八德,2024-04-30,9813
2885,元大金,17,1,16,元大-八德,2024-04-30,9813
1402,遠東新,15,1,14,元大-八德,2024-04-30,9813
2891,中信金,62,49,13,元大-八德,2024-04-30,9813
2889,國票金,14,1,13,元大-八德,2024-04-30,9813
00941,中信上游半導體,12,0,12,元大-八德,2024-04-30,9813
3338,泰碩,10,0,10,元大-八德,2024-04-30,9813
00882,中信中國高股息,10,0,10,元大-八德,2024-04-30,9813
2031,新光鋼,10,0,10,元大-八德,2024-04-30,9813
2344,華邦電,10,0,10,元大-八德,2024-04-30,9813
2392,正崴,10,0,10,元大-八德,2024-04-30,9813
4526,東台,10,0,10,元大-八德,2024-04-30,9813
4543,萬在,10,0,10,元大-八德,2024-04-30,9813
6414,樺漢,10,0,10,元大-八德,2024-04-30,9813
2371,大同,35,25,10,元大-八德,2024-04-30,9813
8150,南茂,9,0,9,元大-八德,2024-04-30,9813
1609,大亞,18,10,8,元大-八德,2024-04-30,9813
1504,東元,16,8,8,元大-八德,2024-04-30,9813
4979,華星光,8,0,8,元大-八德,2024-04-30,9813
9938,百和,9,1,8,元大-八德,2024-04-30,9813
2356,英業達,17,10,7,元大-八德,2024-04-30,9813
1608,華榮,7,0,7,元大-八德,2024-04-30,9813
2201,裕隆,10,3,7,元大-八德,2024-04-30,9813
2606,裕民,7,0,7,元大-八德,2024-04-30,9813
2641,正德,7,0,7,元大-八德,2024-04-30,9813
3059,華晶科,8,1,7,元大-八德,2024-04-30,9813
8085,福華,7,0,7,元大-八德,2024-04-30,9813
00878,國泰永續高股息,7,0,7,元大-八德,2024-04-30,9813
00937B,群益ESG投等債20,332,0,332,元大-八德,2024-05-02,9813
2913,農林,343,91,252,元大-八德,2024-05-02,9813
00933B,國泰10Y+金融債,200,0,200,元大-八德,2024-05-02,9813
1540,喬福,150,0,150,元大-八德,2024-05-02,9813
1314,中石化,277,145,132,元大-八德,2024-05-02,9813
00679B,元大美債20年,83,0,83,元大-八德,2024-05-02,9813
00878,國泰永續高股息,78,9,69,元大-八德,2024-05-02,9813
00919,群益台灣精選高息,69,0,69,元大-八德,2024-05-02,9813
00929,復華台灣科技優息,64,0,64,元大-八德,2024-05-02,9813
2363,矽統,69,6,63,元大-八德,2024-05-02,9813
3481,群創,66,6,60,元大-八德,2024-05-02,9813
2883,凱基金,50,0,50,元大-八德,2024-05-02,9813
1605,華新,50,1,49,元大-八德,2024-05-02,9813
2101,南港,55,12,43,元大-八德,2024-05-02,9813
00939,統一台灣高息動能,44,4,40,元大-八德,2024-05-02,9813
3056,富華新,34,1,33,元大-八德,2024-05-02,9813
00945B,凱基美國非投等債,31,0,31,元大-八德,2024-05-02,9813
00940,元大台灣價值高息,23,1,22,元大-八德,2024-05-02,9813
5450,南良,22,0,22,元大-八德,2024-05-02,9813
1609,大亞,28,8,20,元大-八德,2024-05-02,9813
2609,陽明,36,18,18,元大-八德,2024-05-02,9813
1722,台肥,20,2,18,元大-八德,2024-05-02,9813
2009,第一銅,28,13,15,元大-八德,2024-05-02,9813
6207,雷科,19,4,15,元大-八德,2024-05-02,9813
00642U,期元大S＆P石油,14,0,14,元大-八德,2024-05-02,9813
2534,宏盛,15,1,14,元大-八德,2024-05-02,9813
3653,健策,15,2,13,元大-八德,2024-05-02,9813
3715,定穎投控,14,2,12,元大-八德,2024-05-02,9813
6770,力積電,18,6,12,元大-八德,2024-05-02,9813
3033,威健,20,8,12,元大-八德,2024-05-02,9813
2301,光寶科,12,1,11,元大-八德,2024-05-02,9813
00942B,台新美A公司債20+,11,0,11,元大-八德,2024-05-02,9813
2308,台達電,12,2,10,元大-八德,2024-05-02,9813
1805,寶徠,10,0,10,元大-八德,2024-05-02,9813
2104,國際中橡,10,0,10,元大-八德,2024-05-02,9813
2509,全坤建,10,0,10,元大-八德,2024-05-02,9813
3711,日月光投控,11,1,10,元大-八德,2024-05-02,9813
6535,順藥,11,1,10,元大-八德,2024-05-02,9813
8150,南茂,10,0,10,元大-八德,2024-05-02,9813
2486,一詮,10,1,9,元大-八德,2024-05-02,9813
3532,台勝科,9,0,9,元大-八德,2024-05-02,9813
00632R,元大台灣50反1,20,12,8,元大-八德,2024-05-02,9813
2603,長榮,14,6,8,元大-八德,2024-05-02,9813
2337,旺宏,19,12,7,元大-八德,2024-05-02,9813
2880,華南金,9,2,7,元大-八德,2024-05-02,9813
3484,崧騰,7,0,7,元大-八德,2024-05-02,9813
5371,中光電,13,7,6,元大-八德,2024-05-02,9813
8996,高力,18,12,6,元大-八德,2024-05-02,9813
00650L,復華香港正2,6,0,6,元大-八德,2024-05-02,9813
00715L,期街口布蘭特正2,6,0,6,元大-八德,2024-05-02,9813
00753L,中信中國50正2,1600,22,1578,元大-八德,2024-05-03,9813
2515,中工,300,8,292,元大-八德,2024-05-03,9813
2618,長榮航,289,116,173,元大-八德,2024-05-03,9813
2913,農林,157,4,153,元大-八德,2024-05-03,9813
1540,喬福,140,0,140,元大-八德,2024-05-03,9813
00929,復華台灣科技優息,148,32,116,元大-八德,2024-05-03,9813
00940,元大台灣價值高息,108,3,105,元大-八德,2024-05-03,9813
5512,力麒,107,5,102,元大-八德,2024-05-03,9813
2354,鴻準,102,6,96,元大-八德,2024-05-03,9813
8150,南茂,63,10,53,元大-八德,2024-05-03,9813
2104,國際中橡,50,0,50,元大-八德,2024-05-03,9813
00937B,群益ESG投等債20,49,0,49,元大-八德,2024-05-03,9813
2338,光罩,48,0,48,元大-八德,2024-05-03,9813
00878,國泰永續高股息,48,1,47,元大-八德,2024-05-03,9813
1316,上曜,245,205,40,元大-八德,2024-05-03,9813
8091,翔名,35,0,35,元大-八德,2024-05-03,9813
1314,中石化,82,48,34,元大-八德,2024-05-03,9813
00679B,元大美債20年,31,0,31,元大-八德,2024-05-03,9813
4714,永捷,153,123,30,元大-八德,2024-05-03,9813
2363,矽統,41,13,28,元大-八德,2024-05-03,9813
2504,國產,43,17,26,元大-八德,2024-05-03,9813
2536,宏普,21,0,21,元大-八德,2024-05-03,9813
00881,國泰台灣5G+,20,0,20,元大-八德,2024-05-03,9813
00891,中信關鍵半導體,20,0,20,元大-八德,2024-05-03,9813
6535,順藥,26,6,20,元大-八德,2024-05-03,9813
8064,東捷,21,1,20,元大-八德,2024-05-03,9813
1442,名軒,21,1,20,元大-八德,2024-05-03,9813
00939,統一台灣高息動能,28,8,20,元大-八德,2024-05-03,9813
6770,力積電,43,24,19,元大-八德,2024-05-03,9813
3481,群創,20,2,18,元大-八德,2024-05-03,9813
2511,太子,37,20,17,元大-八德,2024-05-03,9813
3703,欣陸,18,1,17,元大-八德,2024-05-03,9813
1609,大亞,21,5,16,元大-八德,2024-05-03,9813
2501,國建,108,93,15,元大-八德,2024-05-03,9813
00915,凱基優選高股息30,15,0,15,元大-八德,2024-05-03,9813
00632R,元大台灣50反1,15,0,15,元大-八德,2024-05-03,9813
1614,三洋電,15,0,15,元大-八德,2024-05-03,9813
3362,先進光,17,2,15,元大-八德,2024-05-03,9813
8112,至上,33,19,14,元大-八德,2024-05-03,9813
2382,廣達,18,4,14,元大-八德,2024-05-03,9813
2609,陽明,27,15,12,元大-八德,2024-05-03,9813
3231,緯創,29,17,12,元大-八德,2024-05-03,9813
3715,定穎投控,19,7,12,元大-八德,2024-05-03,9813
5364,力麗店,12,0,12,元大-八德,2024-05-03,9813
2836,高雄銀,11,0,11,元大-八德,2024-05-03,9813
2880,華南金,11,0,11,元大-八德,2024-05-03,9813
5511,德昌,11,0,11,元大-八德,2024-05-03,9813
6223,旺矽,11,0,11,元大-八德,2024-05-03,9813
2371,大同,45,34,11,元大-八德,2024-05-03,9813
2330,台積電,13,3,10,元大-八德,2024-05-03,9813
00937B,群益ESG投等債20,481,6,475,元大-八德,2024-05-06,9813
00753L,中信中國50正2,133,23,110,元大-八德,2024-05-06,9813
1337,再生-KY,120,10,110,元大-八德,2024-05-06,9813
4133,亞諾法,83,0,83,元大-八德,2024-05-06,9813
4303,信立,143,78,65,元大-八德,2024-05-06,9813
3653,健策,62,0,62,元大-八德,2024-05-06,9813
2618,長榮航,65,3,62,元大-八德,2024-05-06,9813
3708,上緯投控,48,0,48,元大-八德,2024-05-06,9813
2641,正德,44,0,44,元大-八德,2024-05-06,9813
00882,中信中國高股息,64,21,43,元大-八德,2024-05-06,9813
3289,宜特,45,2,43,元大-八德,2024-05-06,9813
2501,國建,57,17,40,元大-八德,2024-05-06,9813
5009,榮剛,50,15,35,元大-八德,2024-05-06,9813
2352,佳世達,34,0,34,元大-八德,2024-05-06,9813
2354,鴻準,69,37,32,元大-八德,2024-05-06,9813
6282,康舒,33,5,28,元大-八德,2024-05-06,9813
00632R,元大台灣50反1,26,0,26,元大-八德,2024-05-06,9813
2344,華邦電,27,1,26,元大-八德,2024-05-06,9813
9933,中鼎,41,16,25,元大-八德,2024-05-06,9813
3058,立德,25,0,25,元大-八德,2024-05-06,9813
3587,閎康,24,0,24,元大-八德,2024-05-06,9813
1402,遠東新,21,0,21,元大-八德,2024-05-06,9813
6415,矽力*-KY,20,0,20,元大-八德,2024-05-06,9813
3033,威健,24,4,20,元大-八德,2024-05-06,9813
3481,群創,21,2,19,元大-八德,2024-05-06,9813
00891,中信關鍵半導體,18,0,18,元大-八德,2024-05-06,9813
3163,波若威,22,5,17,元大-八德,2024-05-06,9813
2367,燿華,20,4,16,元大-八德,2024-05-06,9813
2449,京元電子,29,14,15,元大-八德,2024-05-06,9813
2104,國際中橡,15,0,15,元大-八德,2024-05-06,9813
6198,瑞築,15,0,15,元大-八德,2024-05-06,9813
2605,新興,14,0,14,元大-八德,2024-05-06,9813
6005,群益證,14,1,13,元大-八德,2024-05-06,9813
00941,中信上游半導體,12,0,12,元大-八德,2024-05-06,9813
4127,天良,32,20,12,元大-八德,2024-05-06,9813
6535,順藥,11,0,11,元大-八德,2024-05-06,9813
6578,達邦蛋白,12,1,11,元大-八德,2024-05-06,9813
3537,堡達,26,15,11,元大-八德,2024-05-06,9813
00881,國泰台灣5G+,15,5,10,元大-八德,2024-05-06,9813
1460,宏遠,10,0,10,元大-八德,2024-05-06,9813
6016,康和證,10,0,10,元大-八德,2024-05-06,9813
3711,日月光投控,10,0,10,元大-八德,2024-05-06,9813
2408,南亞科,13,3,10,元大-八德,2024-05-06,9813
3141,晶宏,10,1,9,元大-八德,2024-05-06,9813
3234,光環,10,1,9,元大-八德,2024-05-06,9813
8064,東捷,8,0,8,元大-八德,2024-05-06,9813
1532,勤美,25,18,7,元大-八德,2024-05-06,9813
3042,晶技,10,3,7,元大-八德,2024-05-06,9813
2603,長榮,8,1,7,元大-八德,2024-05-06,9813
2371,大同,11,5,6,元大-八德,2024-05-06,9813
00937B,群益ESG投等債20,486,70,416,元大-八德,2024-05-07,9813
1609,大亞,308,111,197,元大-八德,2024-05-07,9813
00878,國泰永續高股息,131,0,131,元大-八德,2024-05-07,9813
00632R,元大台灣50反1,100,1,99,元大-八德,2024-05-07,9813
2371,大同,105,21,84,元大-八德,2024-05-07,9813
3004,豐達科,70,0,70,元大-八德,2024-05-07,9813
00882,中信中國高股息,77,10,67,元大-八德,2024-05-07,9813
2344,華邦電,62,0,62,元大-八德,2024-05-07,9813
1215,卜蜂,61,0,61,元大-八德,2024-05-07,9813
3481,群創,59,0,59,元大-八德,2024-05-07,9813
2609,陽明,99,41,58,元大-八德,2024-05-07,9813
2888,新光金,50,0,50,元大-八德,2024-05-07,9813
1612,宏泰,57,8,49,元大-八德,2024-05-07,9813
3312,弘憶股,62,17,45,元大-八德,2024-05-07,9813
2382,廣達,38,5,33,元大-八德,2024-05-07,9813
6198,瑞築,30,0,30,元大-八德,2024-05-07,9813
3033,威健,33,5,28,元大-八德,2024-05-07,9813
00939,統一台灣高息動能,34,9,25,元大-八德,2024-05-07,9813
2488,漢平,25,0,25,元大-八德,2024-05-07,9813
6188,廣明,28,4,24,元大-八德,2024-05-07,9813
1540,喬福,20,0,20,元大-八德,2024-05-07,9813
2014,中鴻,20,1,19,元大-八德,2024-05-07,9813
2206,三陽工業,18,1,17,元大-八德,2024-05-07,9813
2353,宏��,23,6,17,元大-八德,2024-05-07,9813
3013,晟銘電,90,73,17,元大-八德,2024-05-07,9813
2374,佳能,34,17,17,元大-八德,2024-05-07,9813
4133,亞諾法,17,1,16,元大-八德,2024-05-07,9813
4306,炎洲,21,5,16,元大-八德,2024-05-07,9813
2892,第一金,15,0,15,元大-八德,2024-05-07,9813
6023,元大期,15,0,15,元大-八德,2024-05-07,9813
2543,皇昌,15,1,14,元大-八德,2024-05-07,9813
3042,晶技,14,0,14,元大-八德,2024-05-07,9813
1475,業旺,13,0,13,元大-八德,2024-05-07,9813
2409,友達,13,0,13,元大-八德,2024-05-07,9813
2536,宏普,14,1,13,元大-八德,2024-05-07,9813
2301,光寶科,15,3,12,元大-八德,2024-05-07,9813
020035,元大上櫃ESG高息N,12,0,12,元大-八德,2024-05-07,9813
9945,潤泰新,19,7,12,元大-八德,2024-05-07,9813
2101,南港,13,2,11,元大-八德,2024-05-07,9813
2376,技嘉,28,18,10,元大-八德,2024-05-07,9813
5403,中菲,10,0,10,元大-八德,2024-05-07,9813
00725B,國泰投資級公司債,10,0,10,元大-八德,2024-05-07,9813
00942B,台新美A公司債20+,10,0,10,元大-八德,2024-05-07,9813
020027,元大上櫃ESG成長N,10,0,10,元大-八德,2024-05-07,9813
020040,元大上櫃ESG龍頭N,10,0,10,元大-八德,2024-05-07,9813
2538,基泰,60,50,10,元大-八德,2024-05-07,9813
5531,鄉林,15,5,10,元大-八德,2024-05-07,9813
6282,康舒,10,0,10,元大-八德,2024-05-07,9813
8926,台汽電,10,0,10,元大-八德,2024-05-07,9813
6415,矽力*-KY,10,0,10,元大-八德,2024-05-07,9813
00937B,群益ESG投等債20,529,63,466,元大-八德,2024-05-08,9813
2363,矽統,231,40,191,元大-八德,2024-05-08,9813
2367,燿華,446,330,116,元大-八德,2024-05-08,9813
00882,中信中國高股息,103,6,97,元大-八德,2024-05-08,9813
00679B,元大美債20年,104,14,90,元大-八德,2024-05-08,9813
5519,隆大,96,8,88,元大-八德,2024-05-08,9813
2388,威盛,70,2,68,元大-八德,2024-05-08,9813
8085,福華,70,3,67,元大-八德,2024-05-08,9813
2883,凱基金,66,0,66,元大-八德,2024-05-08,9813
2888A,新光金甲特,54,0,54,元大-八德,2024-05-08,9813
3209,全科,53,1,52,元大-八德,2024-05-08,9813
00878,國泰永續高股息,67,18,49,元大-八德,2024-05-08,9813
6005,群益證,42,1,41,元大-八德,2024-05-08,9813
1540,喬福,30,0,30,元大-八德,2024-05-08,9813
2641,正德,68,38,30,元大-八德,2024-05-08,9813
2359,所羅門,52,23,29,元大-八德,2024-05-08,9813
1475,業旺,27,0,27,元大-八德,2024-05-08,9813
1582,信錦,28,2,26,元大-八德,2024-05-08,9813
3287,廣寰科,27,1,26,元大-八德,2024-05-08,9813
8027,鈦昇,26,0,26,元大-八德,2024-05-08,9813
8150,南茂,22,0,22,元大-八德,2024-05-08,9813
2885,元大金,21,0,21,元大-八德,2024-05-08,9813
2382,廣達,39,19,20,元大-八德,2024-05-08,9813
2536,宏普,20,0,20,元大-八德,2024-05-08,9813
6535,順藥,24,4,20,元大-八德,2024-05-08,9813
8933,愛地雅,18,0,18,元大-八德,2024-05-08,9813
00933B,國泰10Y+金融債,16,0,16,元大-八德,2024-05-08,9813
2603,長榮,20,5,15,元大-八德,2024-05-08,9813
3312,弘憶股,23,8,15,元大-八德,2024-05-08,9813
00725B,國泰投資級公司債,14,0,14,元大-八德,2024-05-08,9813
0055,元大MSCI金融,12,0,12,元大-八德,2024-05-08,9813
7402,邑錡,12,0,12,元大-八德,2024-05-08,9813
5871,中租-KY,11,0,11,元大-八德,2024-05-08,9813
00751B,元大AAA至A公司債,11,0,11,元大-八德,2024-05-08,9813
2101,南港,17,6,11,元大-八德,2024-05-08,9813
2637,慧洋-KY,18,8,10,元大-八德,2024-05-08,9813
00690,兆豐藍籌30,10,0,10,元大-八德,2024-05-08,9813
00712,復華富時不動產,36,26,10,元大-八德,2024-05-08,9813
020027,元大上櫃ESG成長N,10,0,10,元大-八德,2024-05-08,9813
020040,元大上櫃ESG龍頭N,10,0,10,元大-八德,2024-05-08,9813
2104,國際中橡,10,0,10,元大-八德,2024-05-08,9813
2855,統一證,10,0,10,元大-八德,2024-05-08,9813
3710,連展投控,10,0,10,元大-八德,2024-05-08,9813
6189,豐藝,14,4,10,元大-八德,2024-05-08,9813
2031,新光鋼,10,0,10,元大-八德,2024-05-08,9813
2354,鴻準,10,1,9,元大-八德,2024-05-08,9813
020035,元大上櫃ESG高息N,9,0,9,元大-八德,2024-05-08,9813
2308,台達電,10,1,9,元大-八德,2024-05-08,9813
00665L,富邦�琤肭磪囓�2,8,0,8,元大-八德,2024-05-08,9813
6442,光聖,8,0,8,元大-八德,2024-05-08,9813
2303,聯電,180,0,180,元大-八德,2024-05-09,9813
00937B,群益ESG投等債20,115,0,115,元大-八德,2024-05-09,9813
00706L,期元大S＆P日圓正2,100,0,100,元大-八德,2024-05-09,9813
1540,喬福,100,0,100,元大-八德,2024-05-09,9813
00946,群益科技高息成長,131,51,80,元大-八德,2024-05-09,9813
1314,中石化,77,13,64,元大-八德,2024-05-09,9813
5450,南良,51,0,51,元大-八德,2024-05-09,9813
2880,華南金,43,0,43,元大-八德,2024-05-09,9813
8112,至上,43,1,42,元大-八德,2024-05-09,9813
2913,農林,43,2,41,元大-八德,2024-05-09,9813
5515,建國,42,1,41,元大-八德,2024-05-09,9813
00878,國泰永續高股息,39,2,37,元大-八德,2024-05-09,9813
2609,陽明,148,112,36,元大-八德,2024-05-09,9813
4133,亞諾法,35,1,34,元大-八德,2024-05-09,9813
2536,宏普,32,0,32,元大-八德,2024-05-09,9813
2382,廣達,34,2,32,元大-八德,2024-05-09,9813
3231,緯創,37,5,32,元大-八德,2024-05-09,9813
00881,國泰台灣5G+,30,0,30,元大-八德,2024-05-09,9813
2887,台新金,30,0,30,元大-八德,2024-05-09,9813
2610,華航,29,0,29,元大-八德,2024-05-09,9813
020023,元大櫃買半導體N,29,0,29,元大-八德,2024-05-09,9813
020026,兆豐上櫃ESG電菁N,29,0,29,元大-八德,2024-05-09,9813
4306,炎洲,29,0,29,元大-八德,2024-05-09,9813
5519,隆大,66,37,29,元大-八德,2024-05-09,9813
020027,元大上櫃ESG成長N,28,0,28,元大-八德,2024-05-09,9813
1473,台南,28,0,28,元大-八德,2024-05-09,9813
3209,全科,28,0,28,元大-八德,2024-05-09,9813
00632R,元大台灣50反1,27,0,27,元大-八德,2024-05-09,9813
2618,長榮航,47,20,27,元大-八德,2024-05-09,9813
2615,萬海,40,16,24,元大-八德,2024-05-09,9813
00944,野村趨勢動能高息,24,0,24,元大-八德,2024-05-09,9813
2409,友達,21,0,21,元大-八德,2024-05-09,9813
00929,復華台灣科技優息,33,12,21,元大-八德,2024-05-09,9813
2941,米斯特,20,0,20,元大-八德,2024-05-09,9813
5522,遠雄,20,0,20,元大-八德,2024-05-09,9813
6605,帝寶,20,0,20,元大-八德,2024-05-09,9813
3312,弘憶股,35,16,19,元大-八德,2024-05-09,9813
1402,遠東新,20,2,18,元大-八德,2024-05-09,9813
1475,業旺,18,0,18,元大-八德,2024-05-09,9813
020041,兆豐半導體氣候N,16,0,16,元大-八德,2024-05-09,9813
8027,鈦昇,16,0,16,元大-八德,2024-05-09,9813
3036,文曄,15,0,15,元大-八德,2024-05-09,9813
4714,永捷,15,0,15,元大-八德,2024-05-09,9813
5871,中租-KY,13,0,13,元大-八德,2024-05-09,9813
00731,復華富時高息低波,13,0,13,元大-八德,2024-05-09,9813
2344,華邦電,13,0,13,元大-八德,2024-05-09,9813
00933B,國泰10Y+金融債,12,0,12,元大-八德,2024-05-09,9813
2206,三陽工業,21,9,12,元大-八德,2024-05-09,9813
2356,英業達,12,0,12,元大-八德,2024-05-09,9813
1101,台泥,16,4,12,元大-八德,2024-05-09,9813
2618,長榮航,571,128,443,元大-八德,2024-05-10,9813
00937B,群益ESG投等債20,379,0,379,元大-八德,2024-05-10,9813
2888,新光金,300,107,193,元大-八德,2024-05-10,9813
2367,燿華,146,16,130,元大-八德,2024-05-10,9813
5519,隆大,106,5,101,元大-八德,2024-05-10,9813
3312,弘憶股,91,0,91,元大-八德,2024-05-10,9813
00929,復華台灣科技優息,68,3,65,元大-八德,2024-05-10,9813
8112,至上,65,5,60,元大-八德,2024-05-10,9813
00933B,國泰10Y+金融債,48,1,47,元大-八德,2024-05-10,9813
00946,群益科技高息成長,44,5,39,元大-八德,2024-05-10,9813
2412,中華電,30,0,30,元大-八德,2024-05-10,9813
2610,華航,471,445,26,元大-八德,2024-05-10,9813
2883,凱基金,69,43,26,元大-八德,2024-05-10,9813
00753L,中信中國50正2,30,6,24,元大-八德,2024-05-10,9813
2313,華通,30,7,23,元大-八德,2024-05-10,9813
6547,高端疫苗,20,0,20,元大-八德,2024-05-10,9813
3209,全科,20,0,20,元大-八德,2024-05-10,9813
2913,農林,19,0,19,元大-八德,2024-05-10,9813
00712,復華富時不動產,20,1,19,元大-八德,2024-05-10,9813
3481,群創,21,2,19,元大-八德,2024-05-10,9813
00632R,元大台灣50反1,16,0,16,元大-八德,2024-05-10,9813
2486,一詮,18,2,16,元大-八德,2024-05-10,9813
4909,新復興,16,0,16,元大-八德,2024-05-10,9813
8086,宏捷科,17,2,15,元大-八德,2024-05-10,9813
9950,萬國通,15,0,15,元大-八德,2024-05-10,9813
00919,群益台灣精選高息,30,16,14,元大-八德,2024-05-10,9813
2845,遠東銀,14,0,14,元大-八德,2024-05-10,9813
3706,神達,22,8,14,元大-八德,2024-05-10,9813
2617,台航,15,1,14,元大-八德,2024-05-10,9813
2206,三陽工業,13,0,13,元大-八德,2024-05-10,9813
2337,旺宏,20,7,13,元大-八德,2024-05-10,9813
1614,三洋電,12,0,12,元大-八德,2024-05-10,9813
6239,力成,11,0,11,元大-八德,2024-05-10,9813
3363,上詮,33,22,11,元大-八德,2024-05-10,9813
1473,台南,92,81,11,元大-八德,2024-05-10,9813
2408,南亞科,11,0,11,元大-八德,2024-05-10,9813
2607,榮運,11,0,11,元大-八德,2024-05-10,9813
6125,廣運,14,3,11,元大-八德,2024-05-10,9813
1809,中釉,10,0,10,元大-八德,2024-05-10,9813
2374,佳能,16,6,10,元大-八德,2024-05-10,9813
2645,長榮航太,10,0,10,元大-八德,2024-05-10,9813
2836,高雄銀,10,0,10,元大-八德,2024-05-10,9813
3372,典範,10,0,10,元大-八德,2024-05-10,9813
5515,建國,10,0,10,元大-八德,2024-05-10,9813
6023,元大期,10,0,10,元大-八德,2024-05-10,9813
8091,翔名,10,0,10,元大-八德,2024-05-10,9813
020034,元大IC設計N,9,0,9,元大-八德,2024-05-10,9813
2543,皇昌,10,1,9,元大-八德,2024-05-10,9813
00850,元大臺灣ESG永續,9,0,9,元大-八德,2024-05-10,9813
3339,泰谷,33,25,8,元大-八德,2024-05-10,9813
2915,潤泰全,157,22,135,元大-八德,2024-05-13,9813
00637L,元大滬深300正2,115,0,115,元大-八德,2024-05-13,9813
00753L,中信中國50正2,100,0,100,元大-八德,2024-05-13,9813
00946,群益科技高息成長,65,0,65,元大-八德,2024-05-13,9813
00772B,中信高評級公司債,60,0,60,元大-八德,2024-05-13,9813
4714,永捷,52,5,47,元大-八德,2024-05-13,9813
2313,華通,47,1,46,元大-八德,2024-05-13,9813
00679B,元大美債20年,42,0,42,元大-八德,2024-05-13,9813
1710,東聯,40,0,40,元大-八德,2024-05-13,9813
2851,中再保,39,0,39,元大-八德,2024-05-13,9813
2888,新光金,43,4,39,元大-八德,2024-05-13,9813
00937B,群益ESG投等債20,32,0,32,元大-八德,2024-05-13,9813
3033,威健,32,2,30,元大-八德,2024-05-13,9813
00929,復華台灣科技優息,64,36,28,元大-八德,2024-05-13,9813
00632R,元大台灣50反1,26,0,26,元大-八德,2024-05-13,9813
2354,鴻準,33,12,21,元大-八德,2024-05-13,9813
3047,訊舟,36,15,21,元大-八德,2024-05-13,9813
00751B,元大AAA至A公司債,20,0,20,元大-八德,2024-05-13,9813
912000,晨訊科-DR,18,0,18,元大-八德,2024-05-13,9813
00933B,國泰10Y+金融債,21,5,16,元大-八德,2024-05-13,9813
1303,南亞,15,0,15,元大-八德,2024-05-13,9813
3557,嘉威,16,1,15,元大-八德,2024-05-13,9813
2882,國泰金,27,14,13,元大-八德,2024-05-13,9813
4416,三圓,13,0,13,元大-八德,2024-05-13,9813
6179,亞通,12,0,12,元大-八德,2024-05-13,9813
6689,伊雲谷,13,1,12,元大-八德,2024-05-13,9813
2504,國產,16,5,11,元大-八德,2024-05-13,9813
00878,國泰永續高股息,18,7,11,元大-八德,2024-05-13,9813
1201,味全,12,1,11,元大-八德,2024-05-13,9813
2520,冠德,11,0,11,元大-八德,2024-05-13,9813
8086,宏捷科,12,1,11,元大-八德,2024-05-13,9813
00665L,富邦�琤肭磪囓�2,13,3,10,元大-八德,2024-05-13,9813
2880,華南金,16,6,10,元大-八德,2024-05-13,9813
3209,全科,10,0,10,元大-八德,2024-05-13,9813
5519,隆大,10,0,10,元大-八德,2024-05-13,9813
5876,上海商銀,10,0,10,元大-八德,2024-05-13,9813
6901,鑽石投資,10,0,10,元大-八德,2024-05-13,9813
8299,群聯,9,0,9,元大-八德,2024-05-13,9813
020023,元大櫃買半導體N,9,0,9,元大-八德,2024-05-13,9813
020026,兆豐上櫃ESG電菁N,9,0,9,元大-八德,2024-05-13,9813
020035,元大上櫃ESG高息N,9,0,9,元大-八德,2024-05-13,9813
3015,全漢,9,0,9,元大-八德,2024-05-13,9813
5483,中美晶,12,3,9,元大-八德,2024-05-13,9813
2615,萬海,81,72,9,元大-八德,2024-05-13,9813
00795B,中信美國公債20年,8,0,8,元大-八德,2024-05-13,9813
2498,宏達電,10,2,8,元大-八德,2024-05-13,9813
2543,皇昌,8,0,8,元大-八德,2024-05-13,9813
4967,十銓,12,4,8,元大-八德,2024-05-13,9813
2317,鴻海,34,26,8,元大-八德,2024-05-13,9813
3044,健鼎,7,0,7,元大-八德,2024-05-13,9813
00929,復華台灣科技優息,110,26,84,元大-八德,2024-05-14,9813
2611,志信,81,0,81,元大-八德,2024-05-14,9813
00632R,元大台灣50反1,78,0,78,元大-八德,2024-05-14,9813
2367,燿華,329,254,75,元大-八德,2024-05-14,9813
00937B,群益ESG投等債20,73,0,73,元大-八德,2024-05-14,9813
6753,龍德造船,100,32,68,元大-八德,2024-05-14,9813
8033,雷虎,70,3,67,元大-八德,2024-05-14,9813
2888,新光金,64,6,58,元大-八德,2024-05-14,9813
2363,矽統,159,111,48,元大-八德,2024-05-14,9813
2615,萬海,127,83,44,元大-八德,2024-05-14,9813
8112,至上,48,6,42,元大-八德,2024-05-14,9813
2382,廣達,55,14,41,元大-八德,2024-05-14,9813
3312,弘憶股,33,0,33,元大-八德,2024-05-14,9813
5234,達興材料,32,0,32,元大-八德,2024-05-14,9813
1614,三洋電,30,0,30,元大-八德,2024-05-14,9813
00946,群益科技高息成長,40,11,29,元大-八德,2024-05-14,9813
5519,隆大,31,4,27,元大-八德,2024-05-14,9813
1402,遠東新,25,0,25,元大-八德,2024-05-14,9813
3231,緯創,32,7,25,元大-八德,2024-05-14,9813
2883,凱基金,24,0,24,元大-八德,2024-05-14,9813
1815,富喬,25,1,24,元大-八德,2024-05-14,9813
7402,邑錡,24,0,24,元大-八德,2024-05-14,9813
2885,元大金,31,8,23,元大-八德,2024-05-14,9813
2412,中華電,21,0,21,元大-八德,2024-05-14,9813
0055,元大MSCI金融,20,0,20,元大-八德,2024-05-14,9813
1504,東元,24,4,20,元大-八德,2024-05-14,9813
8299,群聯,23,3,20,元大-八德,2024-05-14,9813
2317,鴻海,40,23,17,元大-八德,2024-05-14,9813
1522,堤維西,31,14,17,元大-八德,2024-05-14,9813
2891,中信金,22,6,16,元大-八德,2024-05-14,9813
2897,王道銀行,15,0,15,元大-八德,2024-05-14,9813
6176,瑞儀,14,0,14,元大-八德,2024-05-14,9813
2371,大同,20,7,13,元大-八德,2024-05-14,9813
5522,遠雄,13,0,13,元大-八德,2024-05-14,9813
00882,中信中國高股息,32,20,12,元大-八德,2024-05-14,9813
9945,潤泰新,45,34,11,元大-八德,2024-05-14,9813
00933B,國泰10Y+金融債,10,0,10,元大-八德,2024-05-14,9813
2352,佳世達,10,0,10,元大-八德,2024-05-14,9813
00637L,元大滬深300正2,12,2,10,元大-八德,2024-05-14,9813
00878,國泰永續高股息,11,1,10,元大-八德,2024-05-14,9813
00945B,凱基美國非投等債,10,0,10,元大-八德,2024-05-14,9813
3437,榮創,10,0,10,元大-八德,2024-05-14,9813
8110,華東,10,0,10,元大-八德,2024-05-14,9813
00753L,中信中國50正2,10,1,9,元大-八德,2024-05-14,9813
2906,高林,9,0,9,元大-八德,2024-05-14,9813
3706,神達,20,11,9,元大-八德,2024-05-14,9813
2548,華固,11,3,8,元大-八德,2024-05-14,9813
3005,神基,9,1,8,元大-八德,2024-05-14,9813
1301,台塑,8,0,8,元大-八德,2024-05-14,9813
3481,群創,10,2,8,元大-八德,2024-05-14,9813
00937B,群益ESG投等債20,315,0,315,元大-八德,2024-05-15,9813
2374,佳能,182,4,178,元大-八德,2024-05-15,9813
00679B,元大美債20年,132,0,132,元大-八德,2024-05-15,9813
2634,漢翔,117,1,116,元大-八德,2024-05-15,9813
9939,宏全,100,0,100,元大-八德,2024-05-15,9813
3059,華晶科,91,0,91,元大-八德,2024-05-15,9813
2317,鴻海,163,83,80,元大-八德,2024-05-15,9813
00772B,中信高評級公司債,75,0,75,元大-八德,2024-05-15,9813
5234,達興材料,97,34,63,元大-八德,2024-05-15,9813
00753L,中信中國50正2,50,0,50,元大-八德,2024-05-15,9813
2351,順德,50,0,50,元大-八德,2024-05-15,9813
00919,群益台灣精選高息,58,12,46,元大-八德,2024-05-15,9813
1477,聚陽,38,0,38,元大-八德,2024-05-15,9813
00632R,元大台灣50反1,37,0,37,元大-八德,2024-05-15,9813
2611,志信,90,60,30,元大-八德,2024-05-15,9813
6264,富裔,27,0,27,元大-八德,2024-05-15,9813
00878,國泰永續高股息,36,10,26,元大-八德,2024-05-15,9813
00882,中信中國高股息,33,7,26,元大-八德,2024-05-15,9813
3706,神達,39,13,26,元大-八德,2024-05-15,9813
5392,能率,29,3,26,元大-八德,2024-05-15,9813
3443,創意,29,4,25,元大-八德,2024-05-15,9813
00929,復華台灣科技優息,32,10,22,元大-八德,2024-05-15,9813
2406,國碩,22,0,22,元大-八德,2024-05-15,9813
2641,正德,21,0,21,元大-八德,2024-05-15,9813
3289,宜特,22,1,21,元大-八德,2024-05-15,9813
3036,文曄,21,0,21,元大-八德,2024-05-15,9813
00946,群益科技高息成長,20,0,20,元大-八德,2024-05-15,9813
2002,中鋼,18,0,18,元大-八德,2024-05-15,9813
2356,英業達,32,15,17,元大-八德,2024-05-15,9813
3653,健策,17,1,16,元大-八德,2024-05-15,9813
00751B,元大AAA至A公司債,15,0,15,元大-八德,2024-05-15,9813
2208,台船,19,4,15,元大-八德,2024-05-15,9813
2353,宏��,25,12,13,元大-八德,2024-05-15,9813
2204,中華,12,0,12,元大-八德,2024-05-15,9813
2337,旺宏,12,0,12,元大-八德,2024-05-15,9813
2486,一詮,13,2,11,元大-八德,2024-05-15,9813
6546,正基,10,0,10,元大-八德,2024-05-15,9813
2313,華通,10,0,10,元大-八德,2024-05-15,9813
00945B,凱基美國非投等債,10,0,10,元大-八德,2024-05-15,9813
6125,廣運,17,7,10,元大-八德,2024-05-15,9813
6136,富爾特,10,0,10,元大-八德,2024-05-15,9813
6505,台塑化,10,0,10,元大-八德,2024-05-15,9813
6517,保勝光學,25,15,10,元大-八德,2024-05-15,9813
9946,三發地產,10,0,10,元大-八德,2024-05-15,9813
2880,華南金,11,2,9,元大-八德,2024-05-15,9813
3234,光環,9,0,9,元大-八德,2024-05-15,9813
6552,易華電,9,0,9,元大-八德,2024-05-15,9813
2887,台新金,9,0,9,元大-八德,2024-05-15,9813
2376,技嘉,25,17,8,元大-八德,2024-05-15,9813
2548,華固,9,1,8,元大-八德,2024-05-15,9813
2515,中工,506,30,476,元大-八德,2024-05-16,9813
2101,南港,253,16,237,元大-八德,2024-05-16,9813
2618,長榮航,232,48,184,元大-八德,2024-05-16,9813
2009,第一銅,155,16,139,元大-八德,2024-05-16,9813
00687B,國泰20年美債,123,0,123,元大-八德,2024-05-16,9813
00946,群益科技高息成長,122,0,122,元大-八德,2024-05-16,9813
2609,陽明,323,208,115,元大-八德,2024-05-16,9813
2611,志信,112,0,112,元大-八德,2024-05-16,9813
00637L,元大滬深300正2,100,0,100,元大-八德,2024-05-16,9813
8358,金居,135,48,87,元大-八德,2024-05-16,9813
3312,弘憶股,110,27,83,元大-八德,2024-05-16,9813
2352,佳世達,82,17,65,元大-八德,2024-05-16,9813
2356,英業達,72,9,63,元大-八德,2024-05-16,9813
1608,華榮,52,4,48,元大-八德,2024-05-16,9813
00632R,元大台灣50反1,48,0,48,元大-八德,2024-05-16,9813
3231,緯創,63,23,40,元大-八德,2024-05-16,9813
6535,順藥,32,0,32,元大-八德,2024-05-16,9813
00891,中信關鍵半導體,30,0,30,元大-八德,2024-05-16,9813
00671R,富邦NASDAQ反1,30,0,30,元大-八德,2024-05-16,9813
912000,晨訊科-DR,30,0,30,元大-八德,2024-05-16,9813
2476,鉅祥,31,4,27,元大-八德,2024-05-16,9813
2301,光寶科,24,0,24,元大-八德,2024-05-16,9813
4966,譜瑞-KY,24,0,24,元大-八德,2024-05-16,9813
2382,廣達,62,39,23,元大-八德,2024-05-16,9813
2610,華航,171,149,22,元大-八德,2024-05-16,9813
00929,復華台灣科技優息,22,0,22,元大-八德,2024-05-16,9813
2408,南亞科,21,1,20,元大-八德,2024-05-16,9813
2501,國建,21,2,19,元大-八德,2024-05-16,9813
1591,駿吉-KY,17,0,17,元大-八德,2024-05-16,9813
2345,智邦,21,4,17,元大-八德,2024-05-16,9813
4533,協易機,20,5,15,元大-八德,2024-05-16,9813
00922,國泰台灣領袖50,14,0,14,元大-八德,2024-05-16,9813
00679B,元大美債20年,21,9,12,元大-八德,2024-05-16,9813
6197,佳必琪,14,2,12,元大-八德,2024-05-16,9813
1442,名軒,12,0,12,元大-八德,2024-05-16,9813
3363,上詮,46,35,11,元大-八德,2024-05-16,9813
4743,合一,11,1,10,元大-八德,2024-05-16,9813
2536,宏普,10,0,10,元大-八德,2024-05-16,9813
4960,誠美材,10,0,10,元大-八德,2024-05-16,9813
6442,光聖,16,6,10,元大-八德,2024-05-16,9813
6188,廣明,13,3,10,元大-八德,2024-05-16,9813
1605,華新,12,3,9,元大-八德,2024-05-16,9813
2355,敬鵬,10,1,9,元大-八德,2024-05-16,9813
4416,三圓,9,0,9,元大-八德,2024-05-16,9813
6237,驊訊,9,0,9,元大-八德,2024-05-16,9813
9945,潤泰新,52,43,9,元大-八德,2024-05-16,9813
1609,大亞,10,2,8,元大-八德,2024-05-16,9813
2905,三商,8,0,8,元大-八德,2024-05-16,9813
3615,安可,10,2,8,元大-八德,2024-05-16,9813
5452,佶優,8,0,8,元大-八德,2024-05-16,9813
00946,群益科技高息成長,1260,0,1260,元大-八德,2024-05-17,9813
2317,鴻海,152,5,147,元大-八德,2024-05-17,9813
00929,復華台灣科技優息,128,0,128,元大-八德,2024-05-17,9813
00919,群益台灣精選高息,113,3,110,元大-八德,2024-05-17,9813
00882,中信中國高股息,103,2,101,元大-八德,2024-05-17,9813
9939,宏全,100,0,100,元大-八德,2024-05-17,9813
2408,南亞科,95,0,95,元大-八德,2024-05-17,9813
2915,潤泰全,100,5,95,元大-八德,2024-05-17,9813
00937B,群益ESG投等債20,90,0,90,元大-八德,2024-05-17,9813
00940,元大台灣價值高息,74,2,72,元大-八德,2024-05-17,9813
00753L,中信中國50正2,60,0,60,元大-八德,2024-05-17,9813
3481,群創,60,3,57,元大-八德,2024-05-17,9813
6753,龍德造船,55,0,55,元大-八德,2024-05-17,9813
3576,聯合再生,50,2,48,元大-八德,2024-05-17,9813
2374,佳能,80,36,44,元大-八德,2024-05-17,9813
2449,京元電子,44,2,42,元大-八德,2024-05-17,9813
3483,力致,45,7,38,元大-八德,2024-05-17,9813
2363,矽統,96,62,34,元大-八德,2024-05-17,9813
2611,志信,123,90,33,元大-八德,2024-05-17,9813
00878,國泰永續高股息,36,4,32,元大-八德,2024-05-17,9813
2352,佳世達,30,0,30,元大-八德,2024-05-17,9813
00881,國泰台灣5G+,30,0,30,元大-八德,2024-05-17,9813
5533,皇鼎,30,0,30,元大-八德,2024-05-17,9813
6541,泰福-KY,25,0,25,元大-八德,2024-05-17,9813
5515,建國,24,2,22,元大-八德,2024-05-17,9813
4561,健椿,21,0,21,元大-八德,2024-05-17,9813
3033,威健,24,6,18,元大-八德,2024-05-17,9813
6552,易華電,18,0,18,元大-八德,2024-05-17,9813
00922,國泰台灣領袖50,16,0,16,元大-八德,2024-05-17,9813
2637,慧洋-KY,16,0,16,元大-八德,2024-05-17,9813
00671R,富邦NASDAQ反1,15,0,15,元大-八德,2024-05-17,9813
2609,陽明,49,35,14,元大-八德,2024-05-17,9813
3141,晶宏,17,3,14,元大-八德,2024-05-17,9813
4966,譜瑞-KY,17,3,14,元大-八德,2024-05-17,9813
5608,四維航,14,0,14,元大-八德,2024-05-17,9813
8936,國統,16,2,14,元大-八德,2024-05-17,9813
6770,力積電,14,1,13,元大-八德,2024-05-17,9813
00665L,富邦�琤肭磪囓�2,12,0,12,元大-八德,2024-05-17,9813
2355,敬鵬,13,1,12,元大-八德,2024-05-17,9813
9945,潤泰新,19,8,11,元大-八德,2024-05-17,9813
2324,仁寶,11,0,11,元大-八德,2024-05-17,9813
00713,元大台灣高息低波,11,0,11,元大-八德,2024-05-17,9813
00920,富邦ESG綠色電力,10,0,10,元大-八德,2024-05-17,9813
2882,國泰金,13,3,10,元大-八德,2024-05-17,9813
4906,正文,20,10,10,元大-八德,2024-05-17,9813
8358,金居,13,3,10,元大-八德,2024-05-17,9813
6415,矽力*-KY,15,5,10,元大-八德,2024-05-17,9813
1402,遠東新,10,1,9,元大-八德,2024-05-17,9813
2367,燿華,94,85,9,元大-八德,2024-05-17,9813
2641,正德,11,2,9,元大-八德,2024-05-17,9813
1608,華榮,167,15,152,元大-八德,2024-05-20,9813
00679B,元大美債20年,90,5,85,元大-八德,2024-05-20,9813
6188,廣明,88,7,81,元大-八德,2024-05-20,9813
00882,中信中國高股息,81,0,81,元大-八德,2024-05-20,9813
1609,大亞,123,48,75,元大-八德,2024-05-20,9813
2611,志信,71,5,66,元大-八德,2024-05-20,9813
2610,華航,127,64,63,元大-八德,2024-05-20,9813
2515,中工,53,1,52,元大-八德,2024-05-20,9813
00937B,群益ESG投等債20,48,0,48,元大-八德,2024-05-20,9813
00929,復華台灣科技優息,65,17,48,元大-八德,2024-05-20,9813
2618,長榮航,63,18,45,元大-八德,2024-05-20,9813
2353,宏��,46,5,41,元大-八德,2024-05-20,9813
6442,光聖,38,1,37,元大-八德,2024-05-20,9813
00878,國泰永續高股息,36,4,32,元大-八德,2024-05-20,9813
1101,台泥,30,4,26,元大-八德,2024-05-20,9813
3231,緯創,28,2,26,元大-八德,2024-05-20,9813
3004,豐達科,40,15,25,元大-八德,2024-05-20,9813
2359,所羅門,32,7,25,元大-八德,2024-05-20,9813
4952,凌通,22,1,21,元大-八德,2024-05-20,9813
2352,佳世達,21,1,20,元大-八德,2024-05-20,9813
2530,華建,20,0,20,元大-八德,2024-05-20,9813
2855,統一證,20,0,20,元大-八德,2024-05-20,9813
1605,華新,42,22,20,元大-八德,2024-05-20,9813
00919,群益台灣精選高息,27,7,20,元大-八德,2024-05-20,9813
8071,能率網通,117,97,20,元大-八德,2024-05-20,9813
3312,弘憶股,23,4,19,元大-八德,2024-05-20,9813
2489,瑞軒,25,6,19,元大-八德,2024-05-20,9813
2885,元大金,25,6,19,元大-八德,2024-05-20,9813
1314,中石化,20,2,18,元大-八德,2024-05-20,9813
1442,名軒,17,0,17,元大-八德,2024-05-20,9813
2367,燿華,37,20,17,元大-八德,2024-05-20,9813
6264,富裔,14,0,14,元大-八德,2024-05-20,9813
1504,東元,13,1,12,元大-八德,2024-05-20,9813
4960,誠美材,12,0,12,元大-八德,2024-05-20,9813
2633,台灣高鐵,11,0,11,元大-八德,2024-05-20,9813
00915,凱基優選高股息30,10,0,10,元大-八德,2024-05-20,9813
1402,遠東新,10,0,10,元大-八德,2024-05-20,9813
3481,群創,11,1,10,元大-八德,2024-05-20,9813
6153,嘉聯益,10,0,10,元大-八德,2024-05-20,9813
6215,和椿,11,1,10,元大-八德,2024-05-20,9813
6415,矽力*-KY,11,1,10,元大-八德,2024-05-20,9813
6005,群益證,14,5,9,元大-八德,2024-05-20,9813
00885,富邦越南,10,1,9,元大-八德,2024-05-20,9813
2504,國產,31,22,9,元大-八德,2024-05-20,9813
5351,鈺創,10,1,9,元大-八德,2024-05-20,9813
3105,穩懋,9,1,8,元大-八德,2024-05-20,9813
1795,美時,9,1,8,元大-八德,2024-05-20,9813
2605,新興,20,12,8,元大-八德,2024-05-20,9813
2312,金寶,10,2,8,元大-八德,2024-05-20,9813
1524,耿鼎,11,4,7,元大-八德,2024-05-20,9813
00882,中信中國高股息,643,55,588,元大-八德,2024-05-21,9813
2365,昆盈,251,0,251,元大-八德,2024-05-21,9813
2354,鴻準,281,68,213,元大-八德,2024-05-21,9813
00937B,群益ESG投等債20,155,0,155,元大-八德,2024-05-21,9813
00929,復華台灣科技優息,97,0,97,元大-八德,2024-05-21,9813
00919,群益台灣精選高息,126,30,96,元大-八德,2024-05-21,9813
3689,湧德,90,6,84,元大-八德,2024-05-21,9813
2883,凱基金,87,21,66,元大-八德,2024-05-21,9813
6209,今國光,52,0,52,元大-八德,2024-05-21,9813
4906,正文,50,0,50,元大-八德,2024-05-21,9813
5880,合庫金,50,0,50,元大-八德,2024-05-21,9813
00878,國泰永續高股息,46,0,46,元大-八德,2024-05-21,9813
00679B,元大美債20年,42,2,40,元大-八德,2024-05-21,9813
00946,群益科技高息成長,40,2,38,元大-八德,2024-05-21,9813
2329,華泰,39,6,33,元大-八德,2024-05-21,9813
1101,台泥,32,0,32,元大-八德,2024-05-21,9813
3033,威健,52,20,32,元大-八德,2024-05-21,9813
00632R,元大台灣50反1,31,0,31,元大-八德,2024-05-21,9813
00930,永豐ESG低碳高息,30,0,30,元大-八德,2024-05-21,9813
1220,台榮,30,0,30,元大-八德,2024-05-21,9813
2312,金寶,35,6,29,元大-八德,2024-05-21,9813
4967,十銓,35,7,28,元大-八德,2024-05-21,9813
00751B,元大AAA至A公司債,26,0,26,元大-八德,2024-05-21,9813
6541,泰福-KY,24,0,24,元大-八德,2024-05-21,9813
2337,旺宏,23,0,23,元大-八德,2024-05-21,9813
5371,中光電,34,11,23,元大-八德,2024-05-21,9813
2885,元大金,23,1,22,元大-八德,2024-05-21,9813
00713,元大台灣高息低波,22,0,22,元大-八德,2024-05-21,9813
1609,大亞,27,5,22,元大-八德,2024-05-21,9813
1303,南亞,21,0,21,元大-八德,2024-05-21,9813
020023,元大櫃買半導體N,20,0,20,元大-八德,2024-05-21,9813
1710,東聯,20,0,20,元大-八德,2024-05-21,9813
3615,安可,20,0,20,元大-八德,2024-05-21,9813
5522,遠雄,20,0,20,元大-八德,2024-05-21,9813
1582,信錦,20,0,20,元大-八德,2024-05-21,9813
1110,東泥,19,0,19,元大-八德,2024-05-21,9813
4561,健椿,19,0,19,元大-八德,2024-05-21,9813
2641,正德,18,0,18,元大-八德,2024-05-21,9813
00697B,元大美債7-10,16,0,16,元大-八德,2024-05-21,9813
2324,仁寶,18,2,16,元大-八德,2024-05-21,9813
2356,英業達,37,22,15,元大-八德,2024-05-21,9813
6283,淳安,15,0,15,元大-八德,2024-05-21,9813
2887,台新金,14,0,14,元大-八德,2024-05-21,9813
2317,鴻海,17,3,14,元大-八德,2024-05-21,9813
2363,矽統,25,11,14,元大-八德,2024-05-21,9813
3551,世禾,14,0,14,元大-八德,2024-05-21,9813
4743,合一,15,1,14,元大-八德,2024-05-21,9813
2504,國產,15,2,13,元大-八德,2024-05-21,9813
2834,臺企銀,13,0,13,元大-八德,2024-05-21,9813
8096,擎亞,20,7,13,元大-八德,2024-05-21,9813
00937B,群益ESG投等債20,153,0,153,元大-八德,2024-05-22,9813
2313,華通,165,15,150,元大-八德,2024-05-22,9813
00706L,期元大S＆P日圓正2,100,0,100,元大-八德,2024-05-22,9813
00637L,元大滬深300正2,100,2,98,元大-八德,2024-05-22,9813
2610,華航,106,9,97,元大-八德,2024-05-22,9813
2365,昆盈,202,114,88,元大-八德,2024-05-22,9813
00933B,國泰10Y+金融債,75,0,75,元大-八德,2024-05-22,9813
1475,業旺,50,0,50,元大-八德,2024-05-22,9813
3037,欣興,52,3,49,元大-八德,2024-05-22,9813
2367,燿華,86,38,48,元大-八德,2024-05-22,9813
00679B,元大美債20年,49,2,47,元大-八德,2024-05-22,9813
2017,官田鋼,45,0,45,元大-八德,2024-05-22,9813
4979,華星光,51,8,43,元大-八德,2024-05-22,9813
2890,永豐金,42,2,40,元大-八德,2024-05-22,9813
2027,大成鋼,42,3,39,元大-八德,2024-05-22,9813
3047,訊舟,167,128,39,元大-八德,2024-05-22,9813
8096,擎亞,41,4,37,元大-八德,2024-05-22,9813
1402,遠東新,30,0,30,元大-八德,2024-05-22,9813
3004,豐達科,35,5,30,元大-八德,2024-05-22,9813
3025,星通,30,0,30,元大-八德,2024-05-22,9813
00878,國泰永續高股息,45,16,29,元大-八德,2024-05-22,9813
5880,合庫金,28,0,28,元大-八德,2024-05-22,9813
2618,長榮航,60,33,27,元大-八德,2024-05-22,9813
3013,晟銘電,85,59,26,元大-八德,2024-05-22,9813
00632R,元大台灣50反1,24,0,24,元大-八德,2024-05-22,9813
2417,圓剛,25,3,22,元大-八德,2024-05-22,9813
2867,三商壽,23,2,21,元大-八德,2024-05-22,9813
3689,湧德,27,7,20,元大-八德,2024-05-22,9813
00881,國泰台灣5G+,20,1,19,元大-八德,2024-05-22,9813
2486,一詮,23,4,19,元大-八德,2024-05-22,9813
2615,萬海,23,4,19,元大-八德,2024-05-22,9813
00751B,元大AAA至A公司債,18,0,18,元大-八德,2024-05-22,9813
1303,南亞,20,2,18,元大-八德,2024-05-22,9813
3540,曜越,23,5,18,元大-八德,2024-05-22,9813
2504,國產,19,2,17,元大-八德,2024-05-22,9813
2317,鴻海,19,2,17,元大-八德,2024-05-22,9813
9955,佳龍,22,5,17,元大-八德,2024-05-22,9813
2609,陽明,20,4,16,元大-八德,2024-05-22,9813
2329,華泰,15,0,15,元大-八德,2024-05-22,9813
3338,泰碩,16,1,15,元大-八德,2024-05-22,9813
3557,嘉威,15,0,15,元大-八德,2024-05-22,9813
2449,京元電子,16,2,14,元大-八德,2024-05-22,9813
3483,力致,87,73,14,元大-八德,2024-05-22,9813
00919,群益台灣精選高息,26,13,13,元大-八德,2024-05-22,9813
1477,聚陽,13,0,13,元大-八德,2024-05-22,9813
2002,中鋼,17,5,12,元大-八德,2024-05-22,9813
1319,東陽,12,0,12,元大-八德,2024-05-22,9813
5515,建國,12,0,12,元大-八德,2024-05-22,9813
2489,瑞軒,18,6,12,元大-八德,2024-05-22,9813
2913,農林,12,0,12,元大-八德,2024-05-22,9813
3231,緯創,456,19,437,元大-八德,2024-05-23,9813
1802,台玻,204,4,200,元大-八德,2024-05-23,9813
2610,華航,173,19,154,元大-八德,2024-05-23,9813
00753L,中信中國50正2,151,0,151,元大-八德,2024-05-23,9813
00637L,元大滬深300正2,101,0,101,元大-八德,2024-05-23,9813
6234,高僑,105,5,100,元大-八德,2024-05-23,9813
00715L,期街口布蘭特正2,93,0,93,元大-八德,2024-05-23,9813
00937B,群益ESG投等債20,87,1,86,元大-八德,2024-05-23,9813
4908,前鼎,77,10,67,元大-八德,2024-05-23,9813
2367,燿華,96,31,65,元大-八德,2024-05-23,9813
2611,志信,155,90,65,元大-八德,2024-05-23,9813
00679B,元大美債20年,56,0,56,元大-八德,2024-05-23,9813
5519,隆大,57,4,53,元大-八德,2024-05-23,9813
2618,長榮航,56,18,38,元大-八德,2024-05-23,9813
6147,頎邦,38,2,36,元大-八德,2024-05-23,9813
4967,十銓,36,0,36,元大-八德,2024-05-23,9813
2885,元大金,39,5,34,元大-八德,2024-05-23,9813
00881,國泰台灣5G+,45,12,33,元大-八德,2024-05-23,9813
6573,虹揚-KY,32,0,32,元大-八德,2024-05-23,9813
1721,三晃,31,0,31,元大-八德,2024-05-23,9813
3046,建��,30,0,30,元大-八德,2024-05-23,9813
8255,朋程,30,0,30,元大-八德,2024-05-23,9813
3060,銘異,42,16,26,元大-八德,2024-05-23,9813
2882,國泰金,27,2,25,元大-八德,2024-05-23,9813
5521,工信,25,0,25,元大-八德,2024-05-23,9813
5880,合庫金,25,0,25,元大-八德,2024-05-23,9813
2641,正德,24,0,24,元大-八德,2024-05-23,9813
1303,南亞,23,1,22,元大-八德,2024-05-23,9813
6541,泰福-KY,22,0,22,元大-八德,2024-05-23,9813
1587,吉茂,22,2,20,元大-八德,2024-05-23,9813
3004,豐達科,20,0,20,元大-八德,2024-05-23,9813
4109,加捷生醫,20,0,20,元大-八德,2024-05-23,9813
6213,聯茂,20,0,20,元大-八德,2024-05-23,9813
2449,京元電子,20,1,19,元大-八德,2024-05-23,9813
00933B,國泰10Y+金融債,17,0,17,元大-八德,2024-05-23,9813
4714,永捷,15,0,15,元大-八德,2024-05-23,9813
00915,凱基優選高股息30,15,0,15,元大-八德,2024-05-23,9813
1815,富喬,302,288,14,元大-八德,2024-05-23,9813
4979,華星光,59,45,14,元大-八德,2024-05-23,9813
8112,至上,15,1,14,元大-八德,2024-05-23,9813
2014,中鴻,16,2,14,元大-八德,2024-05-23,9813
2464,盟立,29,15,14,元大-八德,2024-05-23,9813
5498,凱崴,27,13,14,元大-八德,2024-05-23,9813
9955,佳龍,17,3,14,元大-八德,2024-05-23,9813
2363,矽統,25,12,13,元大-八德,2024-05-23,9813
2356,英業達,17,4,13,元大-八德,2024-05-23,9813
2536,宏普,12,0,12,元大-八德,2024-05-23,9813
6179,亞通,12,0,12,元大-八德,2024-05-23,9813
2324,仁寶,78,66,12,元大-八德,2024-05-23,9813
1326,台化,11,0,11,元大-八德,2024-05-23,9813
00937B,群益ESG投等債20,308,0,308,元大-八德,2024-05-24,9813
6234,高僑,235,0,235,元大-八德,2024-05-24,9813
00712,復華富時不動產,164,0,164,元大-八德,2024-05-24,9813
00753L,中信中國50正2,123,0,123,元大-八德,2024-05-24,9813
5234,達興材料,126,3,123,元大-八德,2024-05-24,9813
2891,中信金,107,1,106,元大-八德,2024-05-24,9813
2880,華南金,94,0,94,元大-八德,2024-05-24,9813
5533,皇鼎,80,0,80,元大-八德,2024-05-24,9813
3004,豐達科,60,0,60,元大-八德,2024-05-24,9813
1303,南亞,46,4,42,元大-八德,2024-05-24,9813
00919,群益台灣精選高息,41,6,35,元大-八德,2024-05-24,9813
00637L,元大滬深300正2,35,0,35,元大-八德,2024-05-24,9813
8028,昇陽半導體,93,60,33,元大-八德,2024-05-24,9813
2888,新光金,26,0,26,元大-八德,2024-05-24,9813
8070,長華*,26,0,26,元大-八德,2024-05-24,9813
00679B,元大美債20年,25,0,25,元大-八德,2024-05-24,9813
2420,新巨,26,2,24,元大-八德,2024-05-24,9813
2392,正崴,23,0,23,元大-八德,2024-05-24,9813
5880,合庫金,23,0,23,元大-八德,2024-05-24,9813
4960,誠美材,21,0,21,元大-八德,2024-05-24,9813
6125,廣運,31,10,21,元大-八德,2024-05-24,9813
5519,隆大,21,0,21,元大-八德,2024-05-24,9813
5876,上海商銀,21,0,21,元大-八德,2024-05-24,9813
2617,台航,27,7,20,元大-八德,2024-05-24,9813
2885,元大金,30,10,20,元大-八德,2024-05-24,9813
4526,東台,20,0,20,元大-八德,2024-05-24,9813
00881,國泰台灣5G+,21,1,20,元大-八德,2024-05-24,9813
2607,榮運,20,2,18,元大-八德,2024-05-24,9813
2618,長榮航,21,3,18,元大-八德,2024-05-24,9813
2354,鴻準,41,24,17,元大-八德,2024-05-24,9813
3483,力致,20,3,17,元大-八德,2024-05-24,9813
2002,中鋼,17,0,17,元大-八德,2024-05-24,9813
2329,華泰,17,1,16,元大-八德,2024-05-24,9813
2609,陽明,29,14,15,元大-八德,2024-05-24,9813
6153,嘉聯益,15,0,15,元大-八德,2024-05-24,9813
4967,十銓,23,8,15,元大-八德,2024-05-24,9813
2498,宏達電,14,0,14,元大-八德,2024-05-24,9813
2641,正德,13,0,13,元大-八德,2024-05-24,9813
8112,至上,12,0,12,元大-八德,2024-05-24,9813
2637,慧洋-KY,12,0,12,元大-八德,2024-05-24,9813
6442,光聖,12,0,12,元大-八德,2024-05-24,9813
2486,一詮,67,56,11,元大-八德,2024-05-24,9813
00895,富邦未來車,11,0,11,元大-八德,2024-05-24,9813
2009,第一銅,12,1,11,元大-八德,2024-05-24,9813
6147,頎邦,11,1,10,元大-八德,2024-05-24,9813
1414,東和,10,0,10,元大-八德,2024-05-24,9813
1611,中電,10,0,10,元大-八德,2024-05-24,9813
2867,三商壽,10,0,10,元大-八德,2024-05-24,9813
3552,同致,10,0,10,元大-八德,2024-05-24,9813
3576,聯合再生,10,0,10,元大-八德,2024-05-24,9813
2618,長榮航,231,6,225,元大-八德,2024-05-27,9813
2363,矽統,286,69,217,元大-八德,2024-05-27,9813
3483,力致,175,2,173,元大-八德,2024-05-27,9813
2382,廣達,162,42,120,元大-八德,2024-05-27,9813
00882,中信中國高股息,77,2,75,元大-八德,2024-05-27,9813
5533,皇鼎,75,0,75,元大-八德,2024-05-27,9813
00687B,國泰20年美債,66,5,61,元大-八德,2024-05-27,9813
1616,億泰,63,3,60,元大-八德,2024-05-27,9813
3005,神基,82,25,57,元大-八德,2024-05-27,9813
2611,志信,104,48,56,元大-八德,2024-05-27,9813
2412,中華電,53,0,53,元大-八德,2024-05-27,9813
2354,鴻準,178,126,52,元大-八德,2024-05-27,9813
1815,富喬,69,18,51,元大-八德,2024-05-27,9813
6153,嘉聯益,43,0,43,元大-八德,2024-05-27,9813
6188,廣明,65,25,40,元大-八德,2024-05-27,9813
2002,中鋼,36,0,36,元大-八德,2024-05-27,9813
6271,同欣電,35,1,34,元大-八德,2024-05-27,9813
2801,彰銀,31,0,31,元大-八德,2024-05-27,9813
00891,中信關鍵半導體,25,3,22,元大-八德,2024-05-27,9813
5452,佶優,21,0,21,元大-八德,2024-05-27,9813
2603,長榮,63,43,20,元大-八德,2024-05-27,9813
00881,國泰台灣5G+,20,0,20,元大-八德,2024-05-27,9813
6116,彩晶,20,0,20,元大-八德,2024-05-27,9813
8110,華東,24,4,20,元大-八德,2024-05-27,9813
00751B,元大AAA至A公司債,19,0,19,元大-八德,2024-05-27,9813
3481,群創,53,35,18,元大-八德,2024-05-27,9813
5469,瀚宇博,17,0,17,元大-八德,2024-05-27,9813
4979,華星光,34,17,17,元大-八德,2024-05-27,9813
00830,國泰費城半導體,17,0,17,元大-八德,2024-05-27,9813
8112,至上,20,4,16,元大-八德,2024-05-27,9813
0050,元大台灣50,15,0,15,元大-八德,2024-05-27,9813
6442,光聖,14,0,14,元大-八德,2024-05-27,9813
00937B,群益ESG投等債20,13,0,13,元大-八德,2024-05-27,9813
6446,藥華藥,12,0,12,元大-八德,2024-05-27,9813
006208,富邦台50,14,2,12,元大-八德,2024-05-27,9813
1303,南亞,26,15,11,元大-八德,2024-05-27,9813
2605,新興,15,4,11,元大-八德,2024-05-27,9813
6770,力積電,11,0,11,元大-八德,2024-05-27,9813
2359,所羅門,11,1,10,元大-八德,2024-05-27,9813
5876,上海商銀,10,0,10,元大-八德,2024-05-27,9813
2536,宏普,10,0,10,元大-八德,2024-05-27,9813
3265,台星科,10,0,10,元大-八德,2024-05-27,9813
6229,研通,11,1,10,元大-八德,2024-05-27,9813
6438,迅得,10,0,10,元大-八德,2024-05-27,9813
6443,元晶,10,0,10,元大-八德,2024-05-27,9813
2344,華邦電,12,2,10,元大-八德,2024-05-27,9813
3234,光環,11,2,9,元大-八德,2024-05-27,9813
2369,菱生,8,0,8,元大-八德,2024-05-27,9813
2406,國碩,12,4,8,元大-八德,2024-05-27,9813
3033,威健,11,3,8,元大-八德,2024-05-27,9813
2891,中信金,286,2,284,元大-八德,2024-05-28,9813
2610,華航,275,70,205,元大-八德,2024-05-28,9813
3231,緯創,293,103,190,元大-八德,2024-05-28,9813
2633,台灣高鐵,150,0,150,元大-八德,2024-05-28,9813
2317,鴻海,152,13,139,元大-八德,2024-05-28,9813
2603,長榮,142,13,129,元大-八德,2024-05-28,9813
2611,志信,209,83,126,元大-八德,2024-05-28,9813
8028,昇陽半導體,84,2,82,元大-八德,2024-05-28,9813
1513,中興電,73,0,73,元大-八德,2024-05-28,9813
6213,聯茂,83,19,64,元大-八德,2024-05-28,9813
2382,廣達,76,17,59,元大-八德,2024-05-28,9813
00712,復華富時不動產,54,0,54,元大-八德,2024-05-28,9813
2609,陽明,70,25,45,元大-八德,2024-05-28,9813
2615,萬海,54,11,43,元大-八德,2024-05-28,9813
00680L,元大美債20正2,38,0,38,元大-八德,2024-05-28,9813
2887,台新金,35,0,35,元大-八德,2024-05-28,9813
2302,麗正,33,0,33,元大-八德,2024-05-28,9813
00679B,元大美債20年,43,11,32,元大-八德,2024-05-28,9813
2353,宏��,45,17,28,元大-八德,2024-05-28,9813
4979,華星光,32,4,28,元大-八德,2024-05-28,9813
1316,上曜,30,3,27,元大-八德,2024-05-28,9813
2892,第一金,27,0,27,元大-八德,2024-05-28,9813
00891,中信關鍵半導體,41,15,26,元大-八德,2024-05-28,9813
5498,凱崴,29,4,25,元大-八德,2024-05-28,9813
6530,創威,24,2,22,元大-八德,2024-05-28,9813
00937B,群益ESG投等債20,21,0,21,元大-八德,2024-05-28,9813
2009,第一銅,22,1,21,元大-八德,2024-05-28,9813
3035,智原,33,13,20,元大-八德,2024-05-28,9813
2369,菱生,24,4,20,元大-八德,2024-05-28,9813
9105,泰金寶-DR,50,31,19,元大-八德,2024-05-28,9813
1605,華新,20,2,18,元大-八德,2024-05-28,9813
3374,精材,21,3,18,元大-八德,2024-05-28,9813
1795,美時,15,0,15,元大-八德,2024-05-28,9813
1101,台泥,15,0,15,元大-八德,2024-05-28,9813
2376,技嘉,22,8,14,元大-八德,2024-05-28,9813
00878,國泰永續高股息,15,1,14,元大-八德,2024-05-28,9813
4952,凌通,28,14,14,元大-八德,2024-05-28,9813
5371,中光電,15,1,14,元大-八德,2024-05-28,9813
2392,正崴,15,1,14,元大-八德,2024-05-28,9813
2489,瑞軒,24,11,13,元大-八德,2024-05-28,9813
1809,中釉,18,5,13,元大-八德,2024-05-28,9813
3044,健鼎,14,2,12,元大-八德,2024-05-28,9813
3483,力致,52,40,12,元大-八德,2024-05-28,9813
9958,世紀鋼,19,7,12,元大-八德,2024-05-28,9813
2330,台積電,15,3,12,元大-八德,2024-05-28,9813
3055,蔚華科,35,24,11,元大-八德,2024-05-28,9813
6719,力智,16,5,11,元大-八德,2024-05-28,9813
2504,國產,26,15,11,元大-八德,2024-05-28,9813
2359,所羅門,11,1,10,元大-八德,2024-05-28,9813
3088,艾訊,11,1,10,元大-八德,2024-05-28,9813
00753L,中信中國50正2,1219,0,1219,元大-八德,2024-05-29,9813
00680L,元大美債20正2,821,40,781,元大-八德,2024-05-29,9813
2883,凱基金,525,5,520,元大-八德,2024-05-29,9813
00937B,群益ESG投等債20,333,15,318,元大-八德,2024-05-29,9813
00665L,富邦�琤肭磪囓�2,152,0,152,元大-八德,2024-05-29,9813
00679B,元大美債20年,123,0,123,元大-八德,2024-05-29,9813
2353,宏��,109,7,102,元大-八德,2024-05-29,9813
1326,台化,85,0,85,元大-八德,2024-05-29,9813
3037,欣興,196,112,84,元大-八德,2024-05-29,9813
2891,中信金,79,1,78,元大-八德,2024-05-29,9813
00751B,元大AAA至A公司債,59,3,56,元大-八德,2024-05-29,9813
00687B,國泰20年美債,51,0,51,元大-八德,2024-05-29,9813
00940,元大台灣價值高息,73,24,49,元大-八德,2024-05-29,9813
4967,十銓,50,3,47,元大-八德,2024-05-29,9813
1303,南亞,41,0,41,元大-八德,2024-05-29,9813
2405,輔信,51,10,41,元大-八德,2024-05-29,9813
1802,台玻,40,0,40,元大-八德,2024-05-29,9813
3013,晟銘電,69,29,40,元大-八德,2024-05-29,9813
5608,四維航,63,24,39,元大-八德,2024-05-29,9813
00712,復華富時不動產,38,0,38,元大-八德,2024-05-29,9813
5533,皇鼎,38,0,38,元大-八德,2024-05-29,9813
2886,兆豐金,37,0,37,元大-八德,2024-05-29,9813
8027,鈦昇,46,10,36,元大-八德,2024-05-29,9813
6570,維田,35,0,35,元大-八德,2024-05-29,9813
2025,千興,32,0,32,元大-八德,2024-05-29,9813
2002,中鋼,32,0,32,元大-八德,2024-05-29,9813
2615,萬海,34,9,25,元大-八德,2024-05-29,9813
5519,隆大,25,0,25,元大-八德,2024-05-29,9813
00946,群益科技高息成長,24,0,24,元大-八德,2024-05-29,9813
3231,緯創,36,14,22,元大-八德,2024-05-29,9813
5880,合庫金,21,0,21,元大-八德,2024-05-29,9813
2605,新興,82,61,21,元大-八德,2024-05-29,9813
2349,錸德,30,10,20,元大-八德,2024-05-29,9813
2009,第一銅,21,1,20,元大-八德,2024-05-29,9813
4714,永捷,27,7,20,元大-八德,2024-05-29,9813
2401,凌陽,51,33,18,元大-八德,2024-05-29,9813
2548,華固,23,5,18,元大-八德,2024-05-29,9813
6189,豐藝,26,8,18,元大-八德,2024-05-29,9813
2885,元大金,20,2,18,元大-八德,2024-05-29,9813
2884,玉山金,17,0,17,元大-八德,2024-05-29,9813
2892,第一金,17,0,17,元大-八德,2024-05-29,9813
4973,廣穎,20,4,16,元大-八德,2024-05-29,9813
2301,光寶科,20,4,16,元大-八德,2024-05-29,9813
1101,台泥,22,6,16,元大-八德,2024-05-29,9813
5876,上海商銀,15,0,15,元大-八德,2024-05-29,9813
00945B,凱基美國非投等債,15,0,15,元大-八德,2024-05-29,9813
2014,中鴻,19,4,15,元大-八德,2024-05-29,9813
3535,晶彩科,15,0,15,元大-八德,2024-05-29,9813
6668,中揚光,15,0,15,元大-八德,2024-05-29,9813
3047,訊舟,27,12,15,元大-八德,2024-05-29,9813
2618,長榮航,299,169,130,元大-八德,2024-05-30,9813
00665L,富邦�琤肭磪囓�2,101,0,101,元大-八德,2024-05-30,9813
00687B,國泰20年美債,93,0,93,元大-八德,2024-05-30,9813
2481,強茂,82,0,82,元大-八德,2024-05-30,9813
3714,富采,77,0,77,元大-八德,2024-05-30,9813
1815,富喬,184,115,69,元大-八德,2024-05-30,9813
3055,蔚華科,80,12,68,元大-八德,2024-05-30,9813
2505,國揚,60,0,60,元大-八德,2024-05-30,9813
2408,南亞科,59,2,57,元大-八德,2024-05-30,9813
00753L,中信中國50正2,50,0,50,元大-八德,2024-05-30,9813
2317,鴻海,60,10,50,元大-八德,2024-05-30,9813
00937B,群益ESG投等債20,75,30,45,元大-八德,2024-05-30,9813
2328,廣宇,51,8,43,元大-八德,2024-05-30,9813
2489,瑞軒,90,53,37,元大-八德,2024-05-30,9813
2367,燿華,38,3,35,元大-八德,2024-05-30,9813
00679B,元大美債20年,36,3,33,元大-八德,2024-05-30,9813
00751B,元大AAA至A公司債,33,0,33,元大-八德,2024-05-30,9813
2891,中信金,93,63,30,元大-八德,2024-05-30,9813
912000,晨訊科-DR,30,0,30,元大-八德,2024-05-30,9813
2888,新光金,31,2,29,元大-八德,2024-05-30,9813
2353,宏��,94,66,28,元大-八德,2024-05-30,9813
1303,南亞,27,1,26,元大-八德,2024-05-30,9813
2363,矽統,30,7,23,元大-八德,2024-05-30,9813
2356,英業達,37,14,23,元大-八德,2024-05-30,9813
6875,國邑*,22,0,22,元大-八德,2024-05-30,9813
5608,四維航,22,2,20,元大-八德,2024-05-30,9813
1718,中纖,20,0,20,元大-八德,2024-05-30,9813
6695,芯鼎,19,0,19,元大-八德,2024-05-30,9813
1513,中興電,19,0,19,元大-八德,2024-05-30,9813
2330,台積電,20,2,18,元大-八德,2024-05-30,9813
00878,國泰永續高股息,22,5,17,元大-八德,2024-05-30,9813
2382,廣達,25,8,17,元大-八德,2024-05-30,9813
2301,光寶科,29,12,17,元大-八德,2024-05-30,9813
2014,中鴻,17,1,16,元大-八德,2024-05-30,9813
2834,臺企銀,16,0,16,元大-八德,2024-05-30,9813
00882,中信中國高股息,15,0,15,元大-八德,2024-05-30,9813
8054,安國,30,15,15,元大-八德,2024-05-30,9813
00931B,統一美債20年,15,0,15,元大-八德,2024-05-30,9813
4526,東台,15,0,15,元大-八德,2024-05-30,9813
6570,維田,15,0,15,元大-八德,2024-05-30,9813
0050,元大台灣50,14,0,14,元大-八德,2024-05-30,9813
3706,神達,17,3,14,元大-八德,2024-05-30,9813
6176,瑞儀,14,0,14,元大-八德,2024-05-30,9813
1536,和大,23,10,13,元大-八德,2024-05-30,9813
5234,達興材料,13,0,13,元大-八德,2024-05-30,9813
00946,群益科技高息成長,13,0,13,元大-八德,2024-05-30,9813
3483,力致,28,15,13,元大-八德,2024-05-30,9813
2892,第一金,12,0,12,元大-八德,2024-05-30,9813
2308,台達電,19,7,12,元大-八德,2024-05-30,9813
00712,復華富時不動產,12,0,12,元大-八德,2024-05-30,9813
00937B,群益ESG投等債20,288,90,198,元大-八德,2024-05-31,9813
00679B,元大美債20年,174,0,174,元大-八德,2024-05-31,9813
00929,復華台灣科技優息,135,20,115,元大-八德,2024-05-31,9813
6442,光聖,89,0,89,元大-八德,2024-05-31,9813
4714,永捷,68,1,67,元大-八德,2024-05-31,9813
2101,南港,200,139,61,元大-八德,2024-05-31,9813
00751B,元大AAA至A公司債,60,0,60,元大-八德,2024-05-31,9813
2352,佳世達,60,2,58,元大-八德,2024-05-31,9813
6016,康和證,50,0,50,元大-八德,2024-05-31,9813
2609,陽明,123,82,41,元大-八德,2024-05-31,9813
4966,譜瑞-KY,43,2,41,元大-八德,2024-05-31,9813
2356,英業達,33,0,33,元大-八德,2024-05-31,9813
00878,國泰永續高股息,33,1,32,元大-八德,2024-05-31,9813
4967,十銓,33,1,32,元大-八德,2024-05-31,9813
1513,中興電,32,2,30,元大-八德,2024-05-31,9813
2382,廣達,37,7,30,元大-八德,2024-05-31,9813
6446,藥華藥,30,0,30,元大-八德,2024-05-31,9813
2330,台積電,43,13,30,元大-八德,2024-05-31,9813
6875,國邑*,29,0,29,元大-八德,2024-05-31,9813
00919,群益台灣精選高息,32,3,29,元大-八德,2024-05-31,9813
2002,中鋼,30,4,26,元大-八德,2024-05-31,9813
00687B,國泰20年美債,30,5,25,元大-八德,2024-05-31,9813
6116,彩晶,25,0,25,元大-八德,2024-05-31,9813
00946,群益科技高息成長,25,0,25,元大-八德,2024-05-31,9813
2886,兆豐金,24,0,24,元大-八德,2024-05-31,9813
3231,緯創,29,6,23,元大-八德,2024-05-31,9813
2885,元大金,22,1,21,元大-八德,2024-05-31,9813
00857B,永豐20年美公債,20,0,20,元大-八德,2024-05-31,9813
00881,國泰台灣5G+,20,0,20,元大-八德,2024-05-31,9813
6024,群益期,20,0,20,元大-八德,2024-05-31,9813
3312,弘憶股,35,16,19,元大-八德,2024-05-31,9813
00882,中信中國高股息,22,3,19,元大-八德,2024-05-31,9813
2603,長榮,29,10,19,元大-八德,2024-05-31,9813
2317,鴻海,46,28,18,元大-八德,2024-05-31,9813
00712,復華富時不動產,17,0,17,元大-八德,2024-05-31,9813
02001L,富邦蘋果正二N,17,0,17,元大-八德,2024-05-31,9813
2367,燿華,29,12,17,元大-八德,2024-05-31,9813
00891,中信關鍵半導體,26,10,16,元大-八德,2024-05-31,9813
4534,慶騰,15,0,15,元大-八德,2024-05-31,9813
8112,至上,14,0,14,元大-八德,2024-05-31,9813
1815,富喬,57,43,14,元大-八德,2024-05-31,9813
3033,威健,23,9,14,元大-八德,2024-05-31,9813
3481,群創,30,16,14,元大-八德,2024-05-31,9813
4979,華星光,16,2,14,元大-八德,2024-05-31,9813
2486,一詮,24,10,14,元大-八德,2024-05-31,9813
2376,技嘉,14,1,13,元大-八德,2024-05-31,9813
6005,群益證,13,0,13,元大-八德,2024-05-31,9813
2409,友達,17,4,13,元大-八德,2024-05-31,9813
2605,新興,39,27,12,元大-八德,2024-05-31,9813
3059,華晶科,13,1,12,元大-八德,2024-05-31,9813
00753L,中信中國50正2,775,60,715,元大-八德,2024-06-03,9813
00918,大華優利高填息30,202,0,202,元大-八德,2024-06-03,9813
00915,凱基優選高股息30,200,0,200,元大-八德,2024-06-03,9813
2515,中工,211,13,198,元大-八德,2024-06-03,9813
2618,長榮航,148,4,144,元大-八德,2024-06-03,9813
2834,臺企銀,129,0,129,元大-八德,2024-06-03,9813
00679B,元大美債20年,133,9,124,元大-八德,2024-06-03,9813
00946,群益科技高息成長,105,6,99,元大-八德,2024-06-03,9813
5533,皇鼎,82,0,82,元大-八德,2024-06-03,9813
00751B,元大AAA至A公司債,76,0,76,元大-八德,2024-06-03,9813
00919,群益台灣精選高息,73,0,73,元大-八德,2024-06-03,9813
2014,中鴻,66,10,56,元大-八德,2024-06-03,9813
2436,偉詮電,51,1,50,元大-八德,2024-06-03,9813
2880,華南金,37,0,37,元大-八德,2024-06-03,9813
6552,易華電,60,23,37,元大-八德,2024-06-03,9813
4533,協易機,94,62,32,元大-八德,2024-06-03,9813
6770,力積電,30,0,30,元大-八德,2024-06-03,9813
2365,昆盈,26,1,25,元大-八德,2024-06-03,9813
6570,維田,25,0,25,元大-八德,2024-06-03,9813
5608,四維航,23,0,23,元大-八德,2024-06-03,9813
4714,永捷,22,0,22,元大-八德,2024-06-03,9813
3693,營邦,23,1,22,元大-八德,2024-06-03,9813
2324,仁寶,23,3,20,元大-八德,2024-06-03,9813
1473,台南,22,2,20,元大-八德,2024-06-03,9813
2353,宏��,79,61,18,元大-八德,2024-06-03,9813
2615,萬海,40,23,17,元大-八德,2024-06-03,9813
2303,聯電,35,18,17,元大-八德,2024-06-03,9813
4938,和碩,28,11,17,元大-八德,2024-06-03,9813
8112,至上,17,0,17,元大-八德,2024-06-03,9813
6023,元大期,17,0,17,元大-八德,2024-06-03,9813
006208,富邦台50,16,0,16,元大-八德,2024-06-03,9813
00905,FT臺灣Smart,15,0,15,元大-八德,2024-06-03,9813
2609,陽明,96,81,15,元大-八德,2024-06-03,9813
8277,商丞,15,0,15,元大-八德,2024-06-03,9813
6005,群益證,14,0,14,元大-八德,2024-06-03,9813
2465,麗臺,24,10,14,元大-八德,2024-06-03,9813
1504,東元,15,1,14,元大-八德,2024-06-03,9813
00665L,富邦�琤肭磪囓�2,13,0,13,元大-八德,2024-06-03,9813
3231,緯創,16,4,12,元大-八德,2024-06-03,9813
2066,世德,12,0,12,元大-八德,2024-06-03,9813
2337,旺宏,12,0,12,元大-八德,2024-06-03,9813
4967,十銓,12,0,12,元大-八德,2024-06-03,9813
2317,鴻海,32,20,12,元大-八德,2024-06-03,9813
2308,台達電,22,11,11,元大-八德,2024-06-03,9813
00715L,期街口布蘭特正2,11,0,11,元大-八德,2024-06-03,9813
00933B,國泰10Y+金融債,11,0,11,元大-八德,2024-06-03,9813
1303,南亞,11,0,11,元大-八德,2024-06-03,9813
2481,強茂,11,0,11,元大-八德,2024-06-03,9813
2885,元大金,11,1,10,元大-八德,2024-06-03,9813
1301,台塑,11,1,10,元大-八德,2024-06-03,9813
00936,台新永續高息中小,690,0,690,元大-八德,2024-06-04,9813
00753L,中信中國50正2,200,10,190,元大-八德,2024-06-04,9813
00679B,元大美債20年,118,6,112,元大-八德,2024-06-04,9813
2009,第一銅,159,63,96,元大-八德,2024-06-04,9813
00665L,富邦�琤肭磪囓�2,90,0,90,元大-八德,2024-06-04,9813
00919,群益台灣精選高息,83,7,76,元大-八德,2024-06-04,9813
2324,仁寶,74,6,68,元大-八德,2024-06-04,9813
3483,力致,61,7,54,元大-八德,2024-06-04,9813
3481,群創,65,13,52,元大-八德,2024-06-04,9813
2382,廣達,52,2,50,元大-八德,2024-06-04,9813
00751B,元大AAA至A公司債,47,0,47,元大-八德,2024-06-04,9813
2066,世德,40,0,40,元大-八德,2024-06-04,9813
1513,中興電,62,25,37,元大-八德,2024-06-04,9813
00725B,國泰投資級公司債,34,0,34,元大-八德,2024-06-04,9813
2338,光罩,32,0,32,元大-八德,2024-06-04,9813
2610,華航,34,3,31,元大-八德,2024-06-04,9813
2317,鴻海,54,26,28,元大-八德,2024-06-04,9813
00878,國泰永續高股息,26,0,26,元大-八德,2024-06-04,9813
2328,廣宇,28,3,25,元大-八德,2024-06-04,9813
2344,華邦電,24,0,24,元大-八德,2024-06-04,9813
2537,聯上發,56,34,22,元大-八德,2024-06-04,9813
6005,群益證,21,0,21,元大-八德,2024-06-04,9813
3706,神達,21,0,21,元大-八德,2024-06-04,9813
2603,長榮,28,8,20,元大-八德,2024-06-04,9813
6578,達邦蛋白,22,2,20,元大-八德,2024-06-04,9813
3231,緯創,22,4,18,元大-八德,2024-06-04,9813
00712,復華富時不動產,20,2,18,元大-八德,2024-06-04,9813
00937B,群益ESG投等債20,41,23,18,元大-八德,2024-06-04,9813
4714,永捷,20,2,18,元大-八德,2024-06-04,9813
2301,光寶科,22,5,17,元大-八德,2024-06-04,9813
00646,元大S＆P500,17,0,17,元大-八德,2024-06-04,9813
00642U,期元大S＆P石油,17,0,17,元大-八德,2024-06-04,9813
6579,研揚,23,6,17,元大-八德,2024-06-04,9813
3312,弘憶股,25,9,16,元大-八德,2024-06-04,9813
1303,南亞,16,1,15,元大-八德,2024-06-04,9813
3712,永崴投控,15,0,15,元大-八德,2024-06-04,9813
6552,易華電,15,0,15,元大-八德,2024-06-04,9813
8096,擎亞,26,11,15,元大-八德,2024-06-04,9813
00713,元大台灣高息低波,13,0,13,元大-八德,2024-06-04,9813
0056,元大高股息,12,0,12,元大-八德,2024-06-04,9813
6770,力積電,12,0,12,元大-八德,2024-06-04,9813
02001L,富邦蘋果正二N,12,0,12,元大-八德,2024-06-04,9813
1326,台化,12,0,12,元大-八德,2024-06-04,9813
2337,旺宏,16,4,12,元大-八德,2024-06-04,9813
6125,廣運,64,53,11,元大-八德,2024-06-04,9813
2891,中信金,18,7,11,元大-八德,2024-06-04,9813
3260,威剛,15,5,10,元大-八德,2024-06-04,9813
0050,元大台灣50,12,1,11,元大-八德,2024-06-04,9813
2331,精英,85,75,10,元大-八德,2024-06-04,9813
1722,台肥,10,0,10,元大-八德,2024-06-04,9813
00946,群益科技高息成長,300,1,299,元大-八德,2024-06-05,9813
00936,台新永續高息中小,130,0,130,元大-八德,2024-06-05,9813
00679B,元大美債20年,127,12,115,元大-八德,2024-06-05,9813
2610,華航,103,5,98,元大-八德,2024-06-05,9813
2066,世德,70,0,70,元大-八德,2024-06-05,9813
3483,力致,137,70,67,元大-八德,2024-06-05,9813
00751B,元大AAA至A公司債,76,11,65,元大-八德,2024-06-05,9813
00918,大華優利高填息30,61,0,61,元大-八德,2024-06-05,9813
00878,國泰永續高股息,59,0,59,元大-八德,2024-06-05,9813
00929,復華台灣科技優息,63,10,53,元大-八德,2024-06-05,9813
00665L,富邦�琤肭磪囓�2,55,16,39,元大-八德,2024-06-05,9813
1477,聚陽,38,0,38,元大-八德,2024-06-05,9813
2520,冠德,39,5,34,元大-八德,2024-06-05,9813
2354,鴻準,58,27,31,元大-八德,2024-06-05,9813
3048,益登,53,22,31,元大-八德,2024-06-05,9813
1452,宏益,31,0,31,元大-八德,2024-06-05,9813
3033,威健,31,0,31,元大-八德,2024-06-05,9813
3231,緯創,34,4,30,元大-八德,2024-06-05,9813
2607,榮運,41,12,29,元大-八德,2024-06-05,9813
2359,所羅門,31,5,26,元大-八德,2024-06-05,9813
2031,新光鋼,25,0,25,元大-八德,2024-06-05,9813
00937B,群益ESG投等債20,94,71,23,元大-八德,2024-06-05,9813
00942B,台新美A公司債20+,23,0,23,元大-八德,2024-06-05,9813
4967,十銓,25,2,23,元大-八德,2024-06-05,9813
3481,群創,27,5,22,元大-八德,2024-06-05,9813
6446,藥華藥,26,5,21,元大-八德,2024-06-05,9813
4526,東台,21,0,21,元大-八德,2024-06-05,9813
1301,台塑,21,2,19,元大-八德,2024-06-05,9813
2885,元大金,25,6,19,元大-八德,2024-06-05,9813
2537,聯上發,29,11,18,元大-八德,2024-06-05,9813
5608,四維航,30,13,17,元大-八德,2024-06-05,9813
2331,精英,31,15,16,元大-八德,2024-06-05,9813
00919,群益台灣精選高息,17,2,15,元大-八德,2024-06-05,9813
0056,元大高股息,15,0,15,元大-八德,2024-06-05,9813
5450,南良,15,0,15,元大-八德,2024-06-05,9813
5533,皇鼎,15,0,15,元大-八德,2024-06-05,9813
2353,宏��,18,4,14,元大-八德,2024-06-05,9813
5880,合庫金,14,0,14,元大-八德,2024-06-05,9813
6112,邁達特,14,0,14,元大-八德,2024-06-05,9813
2301,光寶科,15,1,14,元大-八德,2024-06-05,9813
2543,皇昌,12,0,12,元大-八德,2024-06-05,9813
3055,蔚華科,18,6,12,元大-八德,2024-06-05,9813
2338,光罩,11,0,11,元大-八德,2024-06-05,9813
6227,茂綸,11,0,11,元大-八德,2024-06-05,9813
2330,台積電,16,6,10,元大-八德,2024-06-05,9813
00650L,復華香港正2,10,0,10,元大-八德,2024-06-05,9813
2845,遠東銀,10,0,10,元大-八德,2024-06-05,9813
2867,三商壽,10,0,10,元大-八德,2024-06-05,9813
2891,中信金,20,10,10,元大-八德,2024-06-05,9813
2915,潤泰全,10,0,10,元大-八德,2024-06-05,9813
00937B,群益ESG投等債20,350,120,230,元大-八德,2024-06-06,9813
2066,世德,143,0,143,元大-八德,2024-06-06,9813
2367,燿華,119,21,98,元大-八德,2024-06-06,9813
00936,台新永續高息中小,48,0,48,元大-八德,2024-06-06,9813
00918,大華優利高填息30,46,0,46,元大-八德,2024-06-06,9813
5450,南良,43,0,43,元大-八德,2024-06-06,9813
2352,佳世達,40,0,40,元大-八德,2024-06-06,9813
6552,易華電,40,0,40,元大-八德,2024-06-06,9813
4123,晟德,42,4,38,元大-八德,2024-06-06,9813
4534,慶騰,31,0,31,元大-八德,2024-06-06,9813
4967,十銓,56,26,30,元大-八德,2024-06-06,9813
2002,中鋼,29,0,29,元大-八德,2024-06-06,9813
6446,藥華藥,49,21,28,元大-八德,2024-06-06,9813
2312,金寶,41,14,27,元大-八德,2024-06-06,9813
2031,新光鋼,25,0,25,元大-八德,2024-06-06,9813
2328,廣宇,35,10,25,元大-八德,2024-06-06,9813
00919,群益台灣精選高息,32,8,24,元大-八德,2024-06-06,9813
2101,南港,25,4,21,元大-八德,2024-06-06,9813
1303,南亞,21,0,21,元大-八德,2024-06-06,9813
2892,第一金,22,1,21,元大-八德,2024-06-06,9813
00942B,台新美A公司債20+,21,0,21,元大-八德,2024-06-06,9813
2834,臺企銀,20,0,20,元大-八德,2024-06-06,9813
6024,群益期,20,0,20,元大-八德,2024-06-06,9813
2354,鴻準,48,28,20,元大-八德,2024-06-06,9813
2414,精技,19,0,19,元大-八德,2024-06-06,9813
1815,富喬,55,36,19,元大-八德,2024-06-06,9813
2609,陽明,115,97,18,元大-八德,2024-06-06,9813
1102,亞泥,17,0,17,元大-八德,2024-06-06,9813
00712,復華富時不動產,16,0,16,元大-八德,2024-06-06,9813
2449,京元電子,16,0,16,元大-八德,2024-06-06,9813
2611,志信,92,76,16,元大-八德,2024-06-06,9813
3062,建漢,15,0,15,元大-八德,2024-06-06,9813
3290,東浦,15,0,15,元大-八德,2024-06-06,9813
6016,康和證,15,0,15,元大-八德,2024-06-06,9813
8110,華東,17,2,15,元大-八德,2024-06-06,9813
3260,威剛,15,2,13,元大-八德,2024-06-06,9813
2356,英業達,13,0,13,元大-八德,2024-06-06,9813
2543,皇昌,13,0,13,元大-八德,2024-06-06,9813
00946,群益科技高息成長,13,0,13,元大-八德,2024-06-06,9813
2845,遠東銀,12,0,12,元大-八德,2024-06-06,9813
00680L,元大美債20正2,12,0,12,元大-八德,2024-06-06,9813
2485,兆赫,12,0,12,元大-八德,2024-06-06,9813
2353,宏��,13,1,12,元大-八德,2024-06-06,9813
3005,神基,16,5,11,元大-八德,2024-06-06,9813
3483,力致,11,0,11,元大-八德,2024-06-06,9813
5880,合庫金,11,0,11,元大-八德,2024-06-06,9813
2536,宏普,11,0,11,元大-八德,2024-06-06,9813
00665L,富邦�琤肭磪囓�2,10,0,10,元大-八德,2024-06-06,9813
00915,凱基優選高股息30,10,0,10,元大-八德,2024-06-06,9813
020035,元大上櫃ESG高息N,10,0,10,元大-八德,2024-06-06,9813
00936,台新永續高息中小,247,0,247,元大-八德,2024-06-07,9813
6442,光聖,238,13,225,元大-八德,2024-06-07,9813
1513,中興電,206,40,166,元大-八德,2024-06-07,9813
2888,新光金,221,96,125,元大-八德,2024-06-07,9813
5533,皇鼎,105,0,105,元大-八德,2024-06-07,9813
2066,世德,100,1,99,元大-八德,2024-06-07,9813
2009,第一銅,102,7,95,元大-八德,2024-06-07,9813
1609,大亞,115,34,81,元大-八德,2024-06-07,9813
00680L,元大美債20正2,61,0,61,元大-八德,2024-06-07,9813
5450,南良,52,0,52,元大-八德,2024-06-07,9813
2504,國產,52,6,46,元大-八德,2024-06-07,9813
00931B,統一美債20年,45,3,42,元大-八德,2024-06-07,9813
00929,復華台灣科技優息,38,0,38,元大-八德,2024-06-07,9813
00937B,群益ESG投等債20,35,0,35,元大-八德,2024-06-07,9813
2330,台積電,42,12,30,元大-八德,2024-06-07,9813
2356,英業達,30,1,29,元大-八德,2024-06-07,9813
3285,微端,37,9,28,元大-八德,2024-06-07,9813
2324,仁寶,21,1,20,元大-八德,2024-06-07,9813
2352,佳世達,20,0,20,元大-八德,2024-06-07,9813
5213,亞昕,20,0,20,元大-八德,2024-06-07,9813
00637L,元大滬深300正2,17,0,17,元大-八德,2024-06-07,9813
00918,大華優利高填息30,17,0,17,元大-八德,2024-06-07,9813
1314,中石化,21,4,17,元大-八德,2024-06-07,9813
2027,大成鋼,17,0,17,元大-八德,2024-06-07,9813
3231,緯創,34,19,15,元大-八德,2024-06-07,9813
2317,鴻海,21,6,15,元大-八德,2024-06-07,9813
3141,晶宏,14,1,13,元大-八德,2024-06-07,9813
2383,台光電,25,12,13,元大-八德,2024-06-07,9813
2308,台達電,14,1,13,元大-八德,2024-06-07,9813
2301,光寶科,12,0,12,元大-八德,2024-06-07,9813
00933B,國泰10Y+金融債,11,0,11,元大-八德,2024-06-07,9813
5469,瀚宇博,11,0,11,元大-八德,2024-06-07,9813
2105,正新,10,0,10,元大-八德,2024-06-07,9813
00882,中信中國高股息,10,0,10,元大-八德,2024-06-07,9813
00665L,富邦�琤肭磪囓�2,10,0,10,元大-八德,2024-06-07,9813
1440,南紡,13,3,10,元大-八德,2024-06-07,9813
1514,亞力,14,4,10,元大-八德,2024-06-07,9813
2031,新光鋼,10,0,10,元大-八德,2024-06-07,9813
4123,晟德,10,0,10,元大-八德,2024-06-07,9813
4534,慶騰,15,5,10,元大-八德,2024-06-07,9813
6024,群益期,10,0,10,元大-八德,2024-06-07,9813
8926,台汽電,12,2,10,元大-八德,2024-06-07,9813
3413,京鼎,9,0,9,元大-八德,2024-06-07,9813
00679B,元大美債20年,18,9,9,元大-八德,2024-06-07,9813
3037,欣興,8,0,8,元大-八德,2024-06-07,9813
2421,建準,13,5,8,元大-八德,2024-06-07,9813
00753L,中信中國50正2,8,0,8,元大-八德,2024-06-07,9813
2328,廣宇,13,5,8,元大-八德,2024-06-07,9813
5251,天鉞電,8,0,8,元大-八德,2024-06-07,9813
6125,廣運,23,15,8,元大-八德,2024-06-07,9813
3622,洋華,1201,1,1200,元大-八德,2024-06-11,9813
00937B,群益ESG投等債20,357,37,320,元大-八德,2024-06-11,9813
2338,光罩,280,0,280,元大-八德,2024-06-11,9813
2066,世德,208,0,208,元大-八德,2024-06-11,9813
00687B,國泰20年美債,173,10,163,元大-八德,2024-06-11,9813
00751B,元大AAA至A公司債,84,0,84,元大-八德,2024-06-11,9813
00929,復華台灣科技優息,76,0,76,元大-八德,2024-06-11,9813
00878,國泰永續高股息,73,1,72,元大-八德,2024-06-11,9813
00931B,統一美債20年,63,0,63,元大-八德,2024-06-11,9813
00933B,國泰10Y+金融債,61,1,60,元大-八德,2024-06-11,9813
2603,長榮,63,12,51,元大-八德,2024-06-11,9813
00918,大華優利高填息30,48,0,48,元大-八德,2024-06-11,9813
2355,敬鵬,52,4,48,元大-八德,2024-06-11,9813
00941,中信上游半導體,50,5,45,元大-八德,2024-06-11,9813
1815,富喬,76,32,44,元大-八德,2024-06-11,9813
5533,皇鼎,42,0,42,元大-八德,2024-06-11,9813
2609,陽明,179,138,41,元大-八德,2024-06-11,9813
00919,群益台灣精選高息,40,0,40,元大-八德,2024-06-11,9813
00680L,元大美債20正2,53,15,38,元大-八德,2024-06-11,9813
6005,群益證,38,0,38,元大-八德,2024-06-11,9813
3481,群創,51,14,37,元大-八德,2024-06-11,9813
6570,維田,35,0,35,元大-八德,2024-06-11,9813
2605,新興,35,2,33,元大-八德,2024-06-11,9813
2884,玉山金,32,0,32,元大-八德,2024-06-11,9813
00679B,元大美債20年,27,0,27,元大-八德,2024-06-11,9813
2301,光寶科,26,0,26,元大-八德,2024-06-11,9813
2002,中鋼,26,0,26,元大-八德,2024-06-11,9813
3231,緯創,28,3,25,元大-八德,2024-06-11,9813
6016,康和證,25,0,25,元大-八德,2024-06-11,9813
3483,力致,46,22,24,元大-八德,2024-06-11,9813
3047,訊舟,107,86,21,元大-八德,2024-06-11,9813
2330,台積電,30,9,21,元大-八德,2024-06-11,9813
9945,潤泰新,22,2,20,元大-八德,2024-06-11,9813
2408,南亞科,23,5,18,元大-八德,2024-06-11,9813
6569,醫揚,21,3,18,元大-八德,2024-06-11,9813
2615,萬海,60,43,17,元大-八德,2024-06-11,9813
2354,鴻準,20,4,16,元大-八德,2024-06-11,9813
1732,毛寶,19,3,16,元大-八德,2024-06-11,9813
2538,基泰,15,0,15,元大-八德,2024-06-11,9813
3052,夆典,15,0,15,元大-八德,2024-06-11,9813
2501,國建,14,0,14,元大-八德,2024-06-11,9813
1721,三晃,13,0,13,元大-八德,2024-06-11,9813
4726,永昕,13,0,13,元大-八德,2024-06-11,9813
1316,上曜,79,67,12,元大-八德,2024-06-11,9813
2344,華邦電,12,0,12,元大-八德,2024-06-11,9813
3455,由田,13,1,12,元大-八德,2024-06-11,9813
2449,京元電子,11,0,11,元大-八德,2024-06-11,9813
00637L,元大滬深300正2,11,0,11,元大-八德,2024-06-11,9813
00942B,台新美A公司債20+,11,0,11,元大-八德,2024-06-11,9813
4566,時碩工業,13,2,11,元大-八德,2024-06-11,9813
2066,世德,239,2,237,元大-八德,2024-06-12,9813
00948B,中信優息投資級債,140,0,140,元大-八德,2024-06-12,9813
2367,燿華,144,35,109,元大-八德,2024-06-12,9813
00931B,統一美債20年,105,0,105,元大-八德,2024-06-12,9813
00680L,元大美債20正2,102,0,102,元大-八德,2024-06-12,9813
00935,野村臺灣新科技50,100,2,98,元大-八德,2024-06-12,9813
00882,中信中國高股息,100,2,98,元大-八德,2024-06-12,9813
2618,長榮航,119,25,94,元大-八德,2024-06-12,9813
00946,群益科技高息成長,91,0,91,元大-八德,2024-06-12,9813
2383,台光電,79,8,71,元大-八德,2024-06-12,9813
3047,訊舟,70,1,69,元大-八德,2024-06-12,9813
2885,元大金,61,1,60,元大-八德,2024-06-12,9813
3481,群創,47,0,47,元大-八德,2024-06-12,9813
1303,南亞,47,1,46,元大-八德,2024-06-12,9813
2641,正德,45,0,45,元大-八德,2024-06-12,9813
3055,蔚華科,43,1,42,元大-八德,2024-06-12,9813
2409,友達,40,0,40,元大-八德,2024-06-12,9813
2354,鴻準,47,10,37,元大-八德,2024-06-12,9813
2615,萬海,57,20,37,元大-八德,2024-06-12,9813
2449,京元電子,35,1,34,元大-八德,2024-06-12,9813
2605,新興,34,4,30,元大-八德,2024-06-12,9813
00919,群益台灣精選高息,55,26,29,元大-八德,2024-06-12,9813
3048,益登,47,20,27,元大-八德,2024-06-12,9813
2365,昆盈,27,1,26,元大-八德,2024-06-12,9813
00918,大華優利高填息30,23,0,23,元大-八德,2024-06-12,9813
00679B,元大美債20年,32,10,22,元大-八德,2024-06-12,9813
00712,復華富時不動產,22,0,22,元大-八德,2024-06-12,9813
00933B,國泰10Y+金融債,21,0,21,元大-八德,2024-06-12,9813
6190,萬泰科,24,3,21,元大-八德,2024-06-12,9813
2382,廣達,22,2,20,元大-八德,2024-06-12,9813
6005,群益證,20,0,20,元大-八德,2024-06-12,9813
9105,泰金寶-DR,20,0,20,元大-八德,2024-06-12,9813
00929,復華台灣科技優息,40,20,20,元大-八德,2024-06-12,9813
2606,裕民,21,2,19,元大-八德,2024-06-12,9813
2881,富邦金,21,2,19,元大-八德,2024-06-12,9813
6125,廣運,22,3,19,元大-八德,2024-06-12,9813
00687B,國泰20年美債,23,5,18,元大-八德,2024-06-12,9813
00939,統一台灣高息動能,17,0,17,元大-八德,2024-06-12,9813
2867,三商壽,17,0,17,元大-八德,2024-06-12,9813
5608,四維航,28,12,16,元大-八德,2024-06-12,9813
1452,宏益,16,0,16,元大-八德,2024-06-12,9813
2515,中工,16,0,16,元大-八德,2024-06-12,9813
2855,統一證,16,0,16,元大-八德,2024-06-12,9813
5522,遠雄,21,5,16,元大-八德,2024-06-12,9813
2882,國泰金,16,0,16,元大-八德,2024-06-12,9813
3522,御嵿,15,0,15,元大-八德,2024-06-12,9813
1473,台南,21,7,14,元大-八德,2024-06-12,9813
4534,慶騰,19,5,14,元大-八德,2024-06-12,9813
2883,凱基金,90,76,14,元大-八德,2024-06-12,9813
5521,工信,13,0,13,元大-八德,2024-06-12,9813
1785,光洋科,461,10,451,元大-八德,2024-06-13,9813
00948B,中信優息投資級債,296,0,296,元大-八德,2024-06-13,9813
00936,台新永續高息中小,196,2,194,元大-八德,2024-06-13,9813
2888,新光金,143,1,142,元大-八德,2024-06-13,9813
2338,光罩,124,1,123,元大-八德,2024-06-13,9813
2867,三商壽,81,0,81,元大-八德,2024-06-13,9813
1617,榮星,179,124,55,元大-八德,2024-06-13,9813
6116,彩晶,52,0,52,元大-八德,2024-06-13,9813
3483,力致,50,0,50,元大-八德,2024-06-13,9813
6026,福邦證,42,0,42,元大-八德,2024-06-13,9813
6239,力成,46,6,40,元大-八德,2024-06-13,9813
2104,國際中橡,36,1,35,元大-八德,2024-06-13,9813
6125,廣運,35,3,32,元大-八德,2024-06-13,9813
2504,國產,48,17,31,元大-八德,2024-06-13,9813
00725B,國泰投資級公司債,30,0,30,元大-八德,2024-06-13,9813
2363,矽統,30,4,26,元大-八德,2024-06-13,9813
5533,皇鼎,25,0,25,元大-八德,2024-06-13,9813
3363,上詮,29,10,19,元大-八德,2024-06-13,9813
2002,中鋼,17,0,17,元大-八德,2024-06-13,9813
6216,居易,20,3,17,元大-八德,2024-06-13,9813
00712,復華富時不動產,18,2,16,元大-八德,2024-06-13,9813
8064,東捷,24,8,16,元大-八德,2024-06-13,9813
2618,長榮航,16,2,14,元大-八德,2024-06-13,9813
5608,四維航,13,0,13,元大-八德,2024-06-13,9813
1522,堤維西,22,10,12,元大-八德,2024-06-13,9813
00919,群益台灣精選高息,36,24,12,元大-八德,2024-06-13,9813
2329,華泰,12,0,12,元大-八德,2024-06-13,9813
2312,金寶,15,4,11,元大-八德,2024-06-13,9813
8255,朋程,11,0,11,元大-八德,2024-06-13,9813
2368,金像電,20,10,10,元大-八德,2024-06-13,9813
0050,元大台灣50,18,8,10,元大-八德,2024-06-13,9813
1514,亞力,15,5,10,元大-八德,2024-06-13,9813
00720B,元大投資級公司債,11,1,10,元大-八德,2024-06-13,9813
00637L,元大滬深300正2,10,0,10,元大-八德,2024-06-13,9813
1473,台南,13,3,10,元大-八德,2024-06-13,9813
2515,中工,11,1,10,元大-八德,2024-06-13,9813
2892,第一金,10,0,10,元大-八德,2024-06-13,9813
4714,永捷,10,0,10,元大-八德,2024-06-13,9813
6579,研揚,10,0,10,元大-八德,2024-06-13,9813
4958,臻鼎-KY,12,2,10,元大-八德,2024-06-13,9813
3450,聯鈞,19,9,10,元大-八德,2024-06-13,9813
3265,台星科,20,11,9,元大-八德,2024-06-13,9813
2206,三陽工業,10,1,9,元大-八德,2024-06-13,9813
2352,佳世達,9,0,9,元大-八德,2024-06-13,9813
4728,雙美,9,0,9,元大-八德,2024-06-13,9813
4755,三福化,9,0,9,元大-八德,2024-06-13,9813
6290,良維,11,2,9,元大-八德,2024-06-13,9813
1303,南亞,8,0,8,元大-八德,2024-06-13,9813
5371,中光電,8,0,8,元大-八德,2024-06-13,9813
2436,偉詮電,8,0,8,元大-八德,2024-06-13,9813
3149,正達,998,0,998,元大-八德,2024-06-14,9813
00688L,國泰20年美債正2,202,0,202,元大-八德,2024-06-14,9813
00947,台新臺灣IC設計,201,0,201,元大-八德,2024-06-14,9813
2338,光罩,188,0,188,元大-八德,2024-06-14,9813
1514,亞力,198,14,184,元大-八德,2024-06-14,9813
1609,大亞,169,13,156,元大-八德,2024-06-14,9813
9105,泰金寶-DR,1167,1041,126,元大-八德,2024-06-14,9813
00637L,元大滬深300正2,106,2,104,元大-八德,2024-06-14,9813
00679B,元大美債20年,103,14,89,元大-八德,2024-06-14,9813
00929,復華台灣科技優息,105,21,84,元大-八德,2024-06-14,9813
00948B,中信優息投資級債,67,0,67,元大-八德,2024-06-14,9813
2353,宏��,62,0,62,元大-八德,2024-06-14,9813
2303,聯電,75,14,61,元大-八德,2024-06-14,9813
2618,長榮航,63,3,60,元大-八德,2024-06-14,9813
00918,大華優利高填息30,59,8,51,元大-八德,2024-06-14,9813
1587,吉茂,64,13,51,元大-八德,2024-06-14,9813
1785,光洋科,65,15,50,元大-八德,2024-06-14,9813
2408,南亞科,43,0,43,元大-八德,2024-06-14,9813
2374,佳能,41,0,41,元大-八德,2024-06-14,9813
00933B,國泰10Y+金融債,51,13,38,元大-八德,2024-06-14,9813
00687B,國泰20年美債,33,2,31,元大-八德,2024-06-14,9813
1446,宏和,30,0,30,元大-八德,2024-06-14,9813
2492,華新科,31,1,30,元大-八德,2024-06-14,9813
00919,群益台灣精選高息,47,18,29,元大-八德,2024-06-14,9813
00937B,群益ESG投等債20,35,7,28,元大-八德,2024-06-14,9813
00720B,元大投資級公司債,26,0,26,元大-八德,2024-06-14,9813
2371,大同,54,29,25,元大-八德,2024-06-14,9813
2392,正崴,58,33,25,元大-八德,2024-06-14,9813
4979,華星光,32,9,23,元大-八德,2024-06-14,9813
2420,新巨,30,8,22,元大-八德,2024-06-14,9813
00725B,國泰投資級公司債,20,0,20,元大-八德,2024-06-14,9813
3033,威健,20,0,20,元大-八德,2024-06-14,9813
6223,旺矽,21,2,19,元大-八德,2024-06-14,9813
1815,富喬,21,5,16,元大-八德,2024-06-14,9813
6552,易華電,16,0,16,元大-八德,2024-06-14,9813
6806,森崴能源,20,5,15,元大-八德,2024-06-14,9813
2537,聯上發,29,14,15,元大-八德,2024-06-14,9813
2027,大成鋼,15,0,15,元大-八德,2024-06-14,9813
3374,精材,48,34,14,元大-八德,2024-06-14,9813
3055,蔚華科,15,1,14,元大-八德,2024-06-14,9813
3483,力致,15,2,13,元大-八德,2024-06-14,9813
00878,國泰永續高股息,14,1,13,元大-八德,2024-06-14,9813
1453,大將,16,4,12,元大-八德,2024-06-14,9813
2022,聚亨,12,0,12,元大-八德,2024-06-14,9813
4303,信立,12,0,12,元大-八德,2024-06-14,9813
5347,世界,15,3,12,元大-八德,2024-06-14,9813
1452,宏益,11,0,11,元大-八德,2024-06-14,9813
8099,大世科,11,0,11,元大-八德,2024-06-14,9813
3105,穩懋,25,15,10,元大-八德,2024-06-14,9813
00921,兆豐龍頭等權重,10,0,10,元大-八德,2024-06-14,9813
00937B,群益ESG投等債20,422,21,401,元大-八德,2024-06-17,9813
2363,矽統,161,29,132,元大-八德,2024-06-17,9813
00679B,元大美債20年,102,1,101,元大-八德,2024-06-17,9813
00919,群益台灣精選高息,81,5,76,元大-八德,2024-06-17,9813
5469,瀚宇博,64,0,64,元大-八德,2024-06-17,9813
2303,聯電,121,62,59,元大-八德,2024-06-17,9813
00687B,國泰20年美債,58,1,57,元大-八德,2024-06-17,9813
00942B,台新美A公司債20+,51,0,51,元大-八德,2024-06-17,9813
6873,泓德能源,45,0,45,元大-八德,2024-06-17,9813
00941,中信上游半導體,35,0,35,元大-八德,2024-06-17,9813
00895,富邦未來車,34,0,34,元大-八德,2024-06-17,9813
00632R,元大台灣50反1,31,0,31,元大-八德,2024-06-17,9813
00924,復華S＆P500成長,30,0,30,元大-八德,2024-06-17,9813
1802,台玻,44,18,26,元大-八德,2024-06-17,9813
00751B,元大AAA至A公司債,35,10,25,元大-八德,2024-06-17,9813
2615,萬海,43,19,24,元大-八德,2024-06-17,9813
1473,台南,24,1,23,元大-八德,2024-06-17,9813
00946,群益科技高息成長,22,0,22,元大-八德,2024-06-17,9813
5608,四維航,20,0,20,元大-八德,2024-06-17,9813
00712,復華富時不動產,20,0,20,元大-八德,2024-06-17,9813
2376,技嘉,19,0,19,元大-八德,2024-06-17,9813
2324,仁寶,31,12,19,元大-八德,2024-06-17,9813
5519,隆大,18,0,18,元大-八德,2024-06-17,9813
00713,元大台灣高息低波,19,1,18,元大-八德,2024-06-17,9813
2641,正德,18,0,18,元大-八德,2024-06-17,9813
1815,富喬,48,31,17,元大-八德,2024-06-17,9813
00680L,元大美債20正2,17,0,17,元大-八德,2024-06-17,9813
00948B,中信優息投資級債,17,0,17,元大-八德,2024-06-17,9813
6770,力積電,34,17,17,元大-八德,2024-06-17,9813
00933B,國泰10Y+金融債,16,0,16,元大-八德,2024-06-17,9813
2515,中工,16,0,16,元大-八德,2024-06-17,9813
5515,建國,15,0,15,元大-八德,2024-06-17,9813
2534,宏盛,15,0,15,元大-八德,2024-06-17,9813
3483,力致,14,0,14,元大-八德,2024-06-17,9813
00719B,元大美債1-3,13,0,13,元大-八德,2024-06-17,9813
00943,兆豐電子高息等權,13,0,13,元大-八德,2024-06-17,9813
2356,英業達,27,14,13,元大-八德,2024-06-17,9813
3004,豐達科,14,1,13,元大-八德,2024-06-17,9813
6187,萬潤,13,0,13,元大-八德,2024-06-17,9813
1452,宏益,11,0,11,元大-八德,2024-06-17,9813
4532,瑞智,11,0,11,元大-八德,2024-06-17,9813
2027,大成鋼,10,0,10,元大-八德,2024-06-17,9813
00738U,期元大道瓊白銀,10,0,10,元大-八德,2024-06-17,9813
00665L,富邦�琤肭磪囓�2,10,0,10,元大-八德,2024-06-17,9813
2355,敬鵬,10,0,10,元大-八德,2024-06-17,9813
3024,憶聲,10,0,10,元大-八德,2024-06-17,9813
3379,彬台,10,0,10,元大-八德,2024-06-17,9813
5269,祥碩,18,8,10,元大-八德,2024-06-17,9813
5324,士開,10,0,10,元大-八德,2024-06-17,9813
6806,森崴能源,10,0,10,元大-八德,2024-06-17,9813
2610,華航,653,79,574,元大-八德,2024-06-18,9813
00918,大華優利高填息30,567,5,562,元大-八德,2024-06-18,9813
00948B,中信優息投資級債,493,0,493,元大-八德,2024-06-18,9813
2618,長榮航,342,85,257,元大-八德,2024-06-18,9813
00937B,群益ESG投等債20,203,7,196,元大-八德,2024-06-18,9813
00947,台新臺灣IC設計,115,0,115,元大-八德,2024-06-18,9813
4534,慶騰,80,0,80,元大-八德,2024-06-18,9813
2363,矽統,74,7,67,元大-八德,2024-06-18,9813
6024,群益期,62,0,62,元大-八德,2024-06-18,9813
2317,鴻海,81,26,55,元大-八德,2024-06-18,9813
00680L,元大美債20正2,52,0,52,元大-八德,2024-06-18,9813
00679B,元大美債20年,121,70,51,元大-八德,2024-06-18,9813
00688L,國泰20年美債正2,50,0,50,元大-八德,2024-06-18,9813
00919,群益台灣精選高息,86,38,48,元大-八德,2024-06-18,9813
00687B,國泰20年美債,48,1,47,元大-八德,2024-06-18,9813
2392,正崴,55,16,39,元大-八德,2024-06-18,9813
2883,凱基金,41,2,39,元大-八德,2024-06-18,9813
00751B,元大AAA至A公司債,37,0,37,元大-八德,2024-06-18,9813
00712,復華富時不動產,46,13,33,元大-八德,2024-06-18,9813
2365,昆盈,44,19,25,元大-八德,2024-06-18,9813
3033,威健,25,0,25,元大-八德,2024-06-18,9813
00895,富邦未來車,24,0,24,元大-八德,2024-06-18,9813
6834,天二科技,22,0,22,元大-八德,2024-06-18,9813
9105,泰金寶-DR,70,50,20,元大-八德,2024-06-18,9813
5328,華容,20,0,20,元大-八德,2024-06-18,9813
3013,晟銘電,33,15,18,元大-八德,2024-06-18,9813
1325,恆大,17,0,17,元大-八德,2024-06-18,9813
00713,元大台灣高息低波,19,2,17,元大-八德,2024-06-18,9813
8040,九暘,23,7,16,元大-八德,2024-06-18,9813
6841,長佳智能,16,1,15,元大-八德,2024-06-18,9813
00924,復華S＆P500成長,15,0,15,元大-八德,2024-06-18,9813
2344,華邦電,34,19,15,元大-八德,2024-06-18,9813
2641,正德,14,0,14,元大-八德,2024-06-18,9813
8028,昇陽半導體,44,31,13,元大-八德,2024-06-18,9813
00933B,國泰10Y+金融債,20,7,13,元大-八德,2024-06-18,9813
3209,全科,13,0,13,元大-八德,2024-06-18,9813
00632R,元大台灣50反1,13,0,13,元大-八德,2024-06-18,9813
4967,十銓,17,4,13,元大-八德,2024-06-18,9813
2352,佳世達,13,0,13,元大-八德,2024-06-18,9813
4714,永捷,12,0,12,元大-八德,2024-06-18,9813
2615,萬海,28,16,12,元大-八德,2024-06-18,9813
1618,合機,17,5,12,元大-八德,2024-06-18,9813
1446,宏和,12,0,12,元大-八德,2024-06-18,9813
1475,業旺,12,0,12,元大-八德,2024-06-18,9813
1718,中纖,12,0,12,元大-八德,2024-06-18,9813
4726,永昕,19,8,11,元大-八德,2024-06-18,9813
3673,TPK-KY,20,9,11,元大-八德,2024-06-18,9813
6643,M31,11,0,11,元大-八德,2024-06-18,9813
1301,台塑,10,0,10,元大-八德,2024-06-18,9813
00665L,富邦�琤肭磪囓�2,10,0,10,元大-八德,2024-06-18,9813
00632R,元大台灣50反1,692,25,667,元大-八德,2024-06-19,9813
3005,神基,120,3,117,元大-八德,2024-06-19,9813
2363,矽統,106,8,98,元大-八德,2024-06-19,9813
00918,大華優利高填息30,69,9,60,元大-八德,2024-06-19,9813
6552,易華電,52,0,52,元大-八德,2024-06-19,9813
8096,擎亞,419,370,49,元大-八德,2024-06-19,9813
5243,乙盛-KY,41,0,41,元大-八德,2024-06-19,9813
2888,新光金,102,63,39,元大-八德,2024-06-19,9813
6451,訊芯-KY,57,18,39,元大-八德,2024-06-19,9813
2641,正德,34,0,34,元大-八德,2024-06-19,9813
2409,友達,33,0,33,元大-八德,2024-06-19,9813
00712,復華富時不動產,33,1,32,元大-八德,2024-06-19,9813
3189,景碩,32,0,32,元大-八德,2024-06-19,9813
3455,由田,30,0,30,元大-八德,2024-06-19,9813
3048,益登,53,24,29,元大-八德,2024-06-19,9813
00937B,群益ESG投等債20,30,3,27,元大-八德,2024-06-19,9813
2392,正崴,62,36,26,元大-八德,2024-06-19,9813
3481,群創,25,2,23,元大-八德,2024-06-19,9813
2354,鴻準,31,8,23,元大-八德,2024-06-19,9813
5515,建國,22,0,22,元大-八德,2024-06-19,9813
2506,太設,21,0,21,元大-八德,2024-06-19,9813
6190,萬泰科,23,2,21,元大-八德,2024-06-19,9813
3312,弘憶股,23,3,20,元大-八德,2024-06-19,9813
2615,萬海,48,28,20,元大-八德,2024-06-19,9813
00713,元大台灣高息低波,20,0,20,元大-八德,2024-06-19,9813
00948B,中信優息投資級債,20,0,20,元大-八德,2024-06-19,9813
3306,鼎天,21,2,19,元大-八德,2024-06-19,9813
2886,兆豐金,21,2,19,元大-八德,2024-06-19,9813
3231,緯創,67,48,19,元大-八德,2024-06-19,9813
1452,宏益,17,0,17,元大-八德,2024-06-19,9813
2201,裕隆,15,0,15,元大-八德,2024-06-19,9813
6270,倍微,24,9,15,元大-八德,2024-06-19,9813
6411,晶焱,15,0,15,元大-八德,2024-06-19,9813
4979,華星光,17,3,14,元大-八德,2024-06-19,9813
2605,新興,14,0,14,元大-八德,2024-06-19,9813
4167,松瑞藥,15,1,14,元大-八德,2024-06-19,9813
6282,康舒,16,2,14,元大-八德,2024-06-19,9813
00895,富邦未來車,13,0,13,元大-八德,2024-06-19,9813
00946,群益科技高息成長,13,0,13,元大-八德,2024-06-19,9813
1802,台玻,17,4,13,元大-八德,2024-06-19,9813
2324,仁寶,13,0,13,元大-八德,2024-06-19,9813
3379,彬台,18,5,13,元大-八德,2024-06-19,9813
4967,十銓,21,8,13,元大-八德,2024-06-19,9813
2303,聯電,16,4,12,元大-八德,2024-06-19,9813
00882,中信中國高股息,15,3,12,元大-八德,2024-06-19,9813
1444,力麗,12,0,12,元大-八德,2024-06-19,9813
2208,台船,12,0,12,元大-八德,2024-06-19,9813
3622,洋華,14,2,12,元大-八德,2024-06-19,9813
8028,昇陽半導體,31,19,12,元大-八德,2024-06-19,9813
3229,晟鈦,11,0,11,元大-八德,2024-06-19,9813
00936,台新永續高息中小,677,0,677,元大-八德,2024-06-20,9813
00937B,群益ESG投等債20,544,1,543,元大-八德,2024-06-20,9813
2363,矽統,408,12,396,元大-八德,2024-06-20,9813
00632R,元大台灣50反1,466,145,321,元大-八德,2024-06-20,9813
4958,臻鼎-KY,169,3,166,元大-八德,2024-06-20,9813
2883,凱基金,103,2,101,元大-八德,2024-06-20,9813
2338,光罩,100,6,94,元大-八德,2024-06-20,9813
2354,鴻準,144,70,74,元大-八德,2024-06-20,9813
2330,台積電,76,16,60,元大-八德,2024-06-20,9813
6023,元大期,116,56,60,元大-八德,2024-06-20,9813
00680L,元大美債20正2,60,2,58,元大-八德,2024-06-20,9813
00947,台新臺灣IC設計,55,0,55,元大-八德,2024-06-20,9813
4967,十銓,69,26,43,元大-八德,2024-06-20,9813
2472,立隆電,42,0,42,元大-八德,2024-06-20,9813
00751B,元大AAA至A公司債,55,14,41,元大-八德,2024-06-20,9813
00948B,中信優息投資級債,39,0,39,元大-八德,2024-06-20,9813
00918,大華優利高填息30,37,0,37,元大-八德,2024-06-20,9813
6552,易華電,35,0,35,元大-八德,2024-06-20,9813
2365,昆盈,125,92,33,元大-八德,2024-06-20,9813
00720B,元大投資級公司債,30,0,30,元大-八德,2024-06-20,9813
4167,松瑞藥,30,0,30,元大-八德,2024-06-20,9813
8027,鈦昇,30,0,30,元大-八德,2024-06-20,9813
1785,光洋科,37,10,27,元大-八德,2024-06-20,9813
00687B,國泰20年美債,27,3,24,元大-八德,2024-06-20,9813
8105,凌巨,26,2,24,元大-八德,2024-06-20,9813
3715,定穎投控,28,5,23,元大-八德,2024-06-20,9813
6216,居易,22,0,22,元大-八德,2024-06-20,9813
1301,台塑,20,0,20,元大-八德,2024-06-20,9813
5347,世界,24,4,20,元大-八德,2024-06-20,9813
2892,第一金,20,0,20,元大-八德,2024-06-20,9813
4306,炎洲,25,5,20,元大-八德,2024-06-20,9813
3229,晟鈦,18,0,18,元大-八德,2024-06-20,9813
2641,正德,17,0,17,元大-八德,2024-06-20,9813
00929,復華台灣科技優息,23,6,17,元大-八德,2024-06-20,9813
8050,廣積,37,21,16,元大-八德,2024-06-20,9813
2867,三商壽,16,0,16,元大-八德,2024-06-20,9813
3055,蔚華科,19,3,16,元大-八德,2024-06-20,9813
8112,至上,16,0,16,元大-八德,2024-06-20,9813
00712,復華富時不動產,16,0,16,元大-八德,2024-06-20,9813
1605,華新,16,1,15,元大-八德,2024-06-20,9813
2886,兆豐金,15,0,15,元大-八德,2024-06-20,9813
3483,力致,78,63,15,元大-八德,2024-06-20,9813
3035,智原,18,4,14,元大-八德,2024-06-20,9813
1522,堤維西,20,6,14,元大-八德,2024-06-20,9813
2888,新光金,16,2,14,元大-八德,2024-06-20,9813
2353,宏��,21,7,14,元大-八德,2024-06-20,9813
2618,長榮航,23,10,13,元大-八德,2024-06-20,9813
2515,中工,13,1,12,元大-八德,2024-06-20,9813
2610,華航,12,0,12,元大-八德,2024-06-20,9813
2855,統一證,20,8,12,元大-八德,2024-06-20,9813
3481,群創,7241,5137,2104,元大-八德,2024-06-21,9813
00936,台新永續高息中小,1024,0,1024,元大-八德,2024-06-21,9813
00946,群益科技高息成長,551,1,550,元大-八德,2024-06-21,9813
2338,光罩,490,0,490,元大-八德,2024-06-21,9813
2363,矽統,414,6,408,元大-八德,2024-06-21,9813
00650L,復華香港正2,199,0,199,元大-八德,2024-06-21,9813
00937B,群益ESG投等債20,131,1,130,元大-八德,2024-06-21,9813
6530,創威,73,1,72,元大-八德,2024-06-21,9813
6414,樺漢,70,0,70,元大-八德,2024-06-21,9813
2330,台積電,74,10,64,元大-八德,2024-06-21,9813
2801,彰銀,70,7,63,元大-八德,2024-06-21,9813
4967,十銓,72,11,61,元大-八德,2024-06-21,9813
2882,國泰金,72,11,61,元大-八德,2024-06-21,9813
2382,廣達,95,38,57,元大-八德,2024-06-21,9813
4714,永捷,55,0,55,元大-八德,2024-06-21,9813
4971,IET-KY,48,1,47,元大-八德,2024-06-21,9813
2881,富邦金,40,1,39,元大-八德,2024-06-21,9813
00948B,中信優息投資級債,38,0,38,元大-八德,2024-06-21,9813
8027,鈦昇,70,34,36,元大-八德,2024-06-21,9813
5533,皇鼎,50,15,35,元大-八德,2024-06-21,9813
3312,弘憶股,33,1,32,元大-八德,2024-06-21,9813
00892,富邦台灣半導體,30,0,30,元大-八德,2024-06-21,9813
00919,群益台灣精選高息,168,138,30,元大-八德,2024-06-21,9813
00935,野村臺灣新科技50,30,5,25,元大-八德,2024-06-21,9813
00878,國泰永續高股息,33,11,22,元大-八德,2024-06-21,9813
2329,華泰,32,10,22,元大-八德,2024-06-21,9813
2317,鴻海,72,51,21,元大-八德,2024-06-21,9813
1316,上曜,21,0,21,元大-八德,2024-06-21,9813
3045,台灣大,20,0,20,元大-八德,2024-06-21,9813
00942B,台新美A公司債20+,20,0,20,元大-八德,2024-06-21,9813
3004,豐達科,20,0,20,元大-八德,2024-06-21,9813
4952,凌通,20,0,20,元大-八德,2024-06-21,9813
5469,瀚宇博,20,0,20,元大-八德,2024-06-21,9813
8093,保銳,20,0,20,元大-八德,2024-06-21,9813
2489,瑞軒,39,19,20,元大-八德,2024-06-21,9813
4167,松瑞藥,20,1,19,元大-八德,2024-06-21,9813
8048,德勝,36,18,18,元大-八德,2024-06-21,9813
2066,世德,18,1,17,元大-八德,2024-06-21,9813
2472,立隆電,22,5,17,元大-八德,2024-06-21,9813
5243,乙盛-KY,16,0,16,元大-八德,2024-06-21,9813
6695,芯鼎,24,9,15,元大-八德,2024-06-21,9813
00751B,元大AAA至A公司債,15,0,15,元大-八德,2024-06-21,9813
4123,晟德,15,1,14,元大-八德,2024-06-21,9813
00720B,元大投資級公司債,13,0,13,元大-八德,2024-06-21,9813
00753L,中信中國50正2,13,0,13,元大-八德,2024-06-21,9813
3163,波若威,15,2,13,元大-八德,2024-06-21,9813
1560,中砂,25,13,12,元大-八德,2024-06-21,9813
3055,蔚華科,12,0,12,元大-八德,2024-06-21,9813
8096,擎亞,24,12,12,元大-八德,2024-06-21,9813
6176,瑞儀,12,0,12,元大-八德,2024-06-21,9813
2338,光罩,437,1,436,元大-八德,2024-06-24,9813
00650L,復華香港正2,297,0,297,元大-八德,2024-06-24,9813
00919,群益台灣精選高息,200,10,190,元大-八德,2024-06-24,9813
00946,群益科技高息成長,165,0,165,元大-八德,2024-06-24,9813
00936,台新永續高息中小,146,0,146,元大-八德,2024-06-24,9813
00929,復華台灣科技優息,169,34,135,元大-八德,2024-06-24,9813
2330,台積電,125,5,120,元大-八德,2024-06-24,9813
00937B,群益ESG投等債20,123,5,118,元大-八德,2024-06-24,9813
2383,台光電,121,13,108,元大-八德,2024-06-24,9813
00679B,元大美債20年,136,30,106,元大-八德,2024-06-24,9813
2618,長榮航,113,25,88,元大-八德,2024-06-24,9813
6552,易華電,80,0,80,元大-八德,2024-06-24,9813
8110,華東,78,0,78,元大-八德,2024-06-24,9813
00948B,中信優息投資級債,76,5,71,元大-八德,2024-06-24,9813
2382,廣達,68,1,67,元大-八德,2024-06-24,9813
00918,大華優利高填息30,68,11,57,元大-八德,2024-06-24,9813
3062,建漢,104,47,57,元大-八德,2024-06-24,9813
3047,訊舟,121,78,43,元大-八德,2024-06-24,9813
2891,中信金,111,72,39,元大-八德,2024-06-24,9813
00878,國泰永續高股息,33,0,33,元大-八德,2024-06-24,9813
2066,世德,30,0,30,元大-八德,2024-06-24,9813
8070,長華*,30,1,29,元大-八德,2024-06-24,9813
6142,友勁,28,0,28,元大-八德,2024-06-24,9813
00687B,國泰20年美債,26,0,26,元大-八德,2024-06-24,9813
1301,台塑,26,1,25,元大-八德,2024-06-24,9813
2609,陽明,31,10,21,元大-八德,2024-06-24,9813
1452,宏益,19,0,19,元大-八德,2024-06-24,9813
2375,凱美,22,3,19,元大-八德,2024-06-24,9813
00892,富邦台灣半導體,18,0,18,元大-八德,2024-06-24,9813
2353,宏��,17,0,17,元大-八德,2024-06-24,9813
1504,東元,17,0,17,元大-八德,2024-06-24,9813
1409,新纖,37,20,17,元大-八德,2024-06-24,9813
2641,正德,17,0,17,元大-八德,2024-06-24,9813
1815,富喬,81,65,16,元大-八德,2024-06-24,9813
2312,金寶,17,2,15,元大-八德,2024-06-24,9813
3231,緯創,23,9,14,元大-八德,2024-06-24,9813
5351,鈺創,16,3,13,元大-八德,2024-06-24,9813
6806,森崴能源,15,2,13,元大-八德,2024-06-24,9813
4716,大立,14,2,12,元大-八德,2024-06-24,9813
2834,臺企銀,11,0,11,元大-八德,2024-06-24,9813
2867,三商壽,11,0,11,元大-八德,2024-06-24,9813
3483,力致,41,31,10,元大-八德,2024-06-24,9813
00713,元大台灣高息低波,10,0,10,元大-八德,2024-06-24,9813
4938,和碩,10,0,10,元大-八德,2024-06-24,9813
00915,凱基優選高股息30,10,0,10,元大-八德,2024-06-24,9813
00933B,國泰10Y+金融債,10,0,10,元大-八德,2024-06-24,9813
2022,聚亨,10,0,10,元大-八德,2024-06-24,9813
2388,威盛,12,2,10,元大-八德,2024-06-24,9813
3033,威健,11,1,10,元大-八德,2024-06-24,9813
3189,景碩,10,0,10,元大-八德,2024-06-24,9813
00936,台新永續高息中小,512,0,512,元大-八德,2024-06-25,9813
2338,光罩,441,2,439,元大-八德,2024-06-25,9813
00937B,群益ESG投等債20,152,8,144,元大-八德,2024-06-25,9813
6116,彩晶,106,0,106,元大-八德,2024-06-25,9813
2891,中信金,106,7,99,元大-八德,2024-06-25,9813
00946,群益科技高息成長,71,0,71,元大-八德,2024-06-25,9813
00929,復華台灣科技優息,72,10,62,元大-八德,2024-06-25,9813
00947,台新臺灣IC設計,51,0,51,元大-八德,2024-06-25,9813
2888,新光金,44,0,44,元大-八德,2024-06-25,9813
00919,群益台灣精選高息,70,27,43,元大-八德,2024-06-25,9813
6552,易華電,34,0,34,元大-八德,2024-06-25,9813
2382,廣達,70,41,29,元大-八德,2024-06-25,9813
1514,亞力,43,15,28,元大-八德,2024-06-25,9813
3481,群創,78,52,26,元大-八德,2024-06-25,9813
3037,欣興,25,1,24,元大-八德,2024-06-25,9813
2449,京元電子,33,12,21,元大-八德,2024-06-25,9813
1587,吉茂,22,1,21,元大-八德,2024-06-25,9813
2892,第一金,21,0,21,元大-八德,2024-06-25,9813
3652,精聯,43,22,21,元大-八德,2024-06-25,9813
1301,台塑,20,0,20,元大-八德,2024-06-25,9813
2855,統一證,23,3,20,元大-八德,2024-06-25,9813
8064,東捷,22,2,20,元大-八德,2024-06-25,9813
5452,佶優,97,78,19,元大-八德,2024-06-25,9813
2317,鴻海,71,53,18,元大-八德,2024-06-25,9813
3209,全科,17,0,17,元大-八德,2024-06-25,9813
2615,萬海,43,27,16,元大-八德,2024-06-25,9813
2383,台光電,29,13,16,元大-八德,2024-06-25,9813
2406,國碩,25,10,15,元大-八德,2024-06-25,9813
6127,九豪,15,0,15,元大-八德,2024-06-25,9813
2393,億光,14,0,14,元大-八德,2024-06-25,9813
6290,良維,17,3,14,元大-八德,2024-06-25,9813
2330,台積電,25,12,13,元大-八德,2024-06-25,9813
4909,新復興,17,4,13,元大-八德,2024-06-25,9813
3545,敦泰,12,0,12,元大-八德,2024-06-25,9813
00679B,元大美債20年,14,2,12,元大-八德,2024-06-25,9813
3231,緯創,20,8,12,元大-八德,2024-06-25,9813
00918,大華優利高填息30,11,0,11,元大-八德,2024-06-25,9813
1464,得力,11,0,11,元大-八德,2024-06-25,9813
1475,業旺,11,0,11,元大-八德,2024-06-25,9813
1580,新麥,12,1,11,元大-八德,2024-06-25,9813
5443,均豪,13,2,11,元大-八德,2024-06-25,9813
2609,陽明,33,23,10,元大-八德,2024-06-25,9813
00896,中信綠能及電動車,10,0,10,元大-八德,2024-06-25,9813
1608,華榮,12,2,10,元大-八德,2024-06-25,9813
2031,新光鋼,10,0,10,元大-八德,2024-06-25,9813
2387,精元,10,0,10,元大-八德,2024-06-25,9813
2476,鉅祥,10,0,10,元大-八德,2024-06-25,9813
3532,台勝科,10,0,10,元大-八德,2024-06-25,9813
5469,瀚宇博,11,1,10,元大-八德,2024-06-25,9813
6451,訊芯-KY,11,1,10,元大-八德,2024-06-25,9813
2467,志聖,1343,11,1332,元大-八德,2024-06-26,9813
00882,中信中國高股息,276,1,275,元大-八德,2024-06-26,9813
00948B,中信優息投資級債,252,0,252,元大-八德,2024-06-26,9813
2338,光罩,252,1,251,元大-八德,2024-06-26,9813
2891,中信金,105,2,103,元大-八德,2024-06-26,9813
6116,彩晶,100,0,100,元大-八德,2024-06-26,9813
1464,得力,100,1,99,元大-八德,2024-06-26,9813
00919,群益台灣精選高息,111,13,98,元大-八德,2024-06-26,9813
00933B,國泰10Y+金融債,74,0,74,元大-八德,2024-06-26,9813
2066,世德,60,0,60,元大-八德,2024-06-26,9813
00680L,元大美債20正2,57,0,57,元大-八德,2024-06-26,9813
8096,擎亞,65,13,52,元大-八德,2024-06-26,9813
00688L,國泰20年美債正2,51,0,51,元大-八德,2024-06-26,9813
00687B,國泰20年美債,43,0,43,元大-八德,2024-06-26,9813
2409,友達,36,0,36,元大-八德,2024-06-26,9813
2610,華航,38,4,34,元大-八德,2024-06-26,9813
6142,友勁,31,0,31,元大-八德,2024-06-26,9813
2892,第一金,31,1,30,元大-八德,2024-06-26,9813
00665L,富邦�琤肭磪囓�2,30,0,30,元大-八德,2024-06-26,9813
5880,合庫金,27,0,27,元大-八德,2024-06-26,9813
1802,台玻,26,1,25,元大-八德,2024-06-26,9813
3481,群創,51,27,24,元大-八德,2024-06-26,9813
2495,普安,34,10,24,元大-八德,2024-06-26,9813
2353,宏��,23,0,23,元大-八德,2024-06-26,9813
8110,華東,25,2,23,元大-八德,2024-06-26,9813
6834,天二科技,22,0,22,元大-八德,2024-06-26,9813
00929,復華台灣科技優息,22,1,21,元大-八德,2024-06-26,9813
2884,玉山金,21,0,21,元大-八德,2024-06-26,9813
4526,東台,221,200,21,元大-八德,2024-06-26,9813
4967,十銓,40,21,19,元大-八德,2024-06-26,9813
3535,晶彩科,31,14,17,元大-八德,2024-06-26,9813
1528,恩德,15,0,15,元大-八德,2024-06-26,9813
2515,中工,15,0,15,元大-八德,2024-06-26,9813
2734,易飛網,15,0,15,元大-八德,2024-06-26,9813
3048,益登,16,1,15,元大-八德,2024-06-26,9813
3289,宜特,27,12,15,元大-八德,2024-06-26,9813
4714,永捷,15,0,15,元大-八德,2024-06-26,9813
2002,中鋼,17,2,15,元大-八德,2024-06-26,9813
8112,至上,14,0,14,元大-八德,2024-06-26,9813
2301,光寶科,20,6,14,元大-八德,2024-06-26,9813
1325,恆大,14,0,14,元大-八德,2024-06-26,9813
1809,中釉,15,1,14,元大-八德,2024-06-26,9813
2885,元大金,13,0,13,元大-八德,2024-06-26,9813
4167,松瑞藥,35,22,13,元大-八德,2024-06-26,9813
00713,元大台灣高息低波,13,0,13,元大-八德,2024-06-26,9813
3376,新日興,27,15,12,元大-八德,2024-06-26,9813
3661,世芯-KY,14,2,12,元大-八德,2024-06-26,9813
00923,群益台ESG低碳50,12,0,12,元大-八德,2024-06-26,9813
0056,元大高股息,19,7,12,元大-八德,2024-06-26,9813
2328,廣宇,12,0,12,元大-八德,2024-06-26,9813
6477,安集,600,1,599,元大-八德,2024-06-27,9813
00937B,群益ESG投等債20,546,0,546,元大-八德,2024-06-27,9813
00687B,國泰20年美債,519,0,519,元大-八德,2024-06-27,9813
2338,光罩,246,0,246,元大-八德,2024-06-27,9813
6116,彩晶,150,0,150,元大-八德,2024-06-27,9813
2618,長榮航,152,35,117,元大-八德,2024-06-27,9813
2885,元大金,104,0,104,元大-八德,2024-06-27,9813
00936,台新永續高息中小,101,11,90,元大-八德,2024-06-27,9813
00882,中信中國高股息,80,0,80,元大-八德,2024-06-27,9813
1464,得力,76,0,76,元大-八德,2024-06-27,9813
3083,網龍,72,0,72,元大-八德,2024-06-27,9813
5443,均豪,314,244,70,元大-八德,2024-06-27,9813
00948B,中信優息投資級債,69,0,69,元大-八德,2024-06-27,9813
00929,復華台灣科技優息,80,13,67,元大-八德,2024-06-27,9813
00680L,元大美債20正2,67,1,66,元大-八德,2024-06-27,9813
1444,力麗,65,0,65,元大-八德,2024-06-27,9813
2301,光寶科,68,8,60,元大-八德,2024-06-27,9813
00679B,元大美債20年,56,0,56,元大-八德,2024-06-27,9813
2308,台達電,51,0,51,元大-八德,2024-06-27,9813
2408,南亞科,53,2,51,元大-八德,2024-06-27,9813
00688L,國泰20年美債正2,50,3,47,元大-八德,2024-06-27,9813
00946,群益科技高息成長,45,0,45,元大-八德,2024-06-27,9813
1303,南亞,58,17,41,元大-八德,2024-06-27,9813
00751B,元大AAA至A公司債,41,0,41,元大-八德,2024-06-27,9813
00919,群益台灣精選高息,33,0,33,元大-八德,2024-06-27,9813
9945,潤泰新,32,1,31,元大-八德,2024-06-27,9813
3055,蔚華科,29,0,29,元大-八德,2024-06-27,9813
0056,元大高股息,28,0,28,元大-八德,2024-06-27,9813
1709,和益,29,3,26,元大-八德,2024-06-27,9813
3481,群創,37,12,25,元大-八德,2024-06-27,9813
5515,建國,25,0,25,元大-八德,2024-06-27,9813
5533,皇鼎,25,0,25,元大-八德,2024-06-27,9813
2066,世德,24,0,24,元大-八德,2024-06-27,9813
00725B,國泰投資級公司債,22,0,22,元大-八德,2024-06-27,9813
2606,裕民,29,8,21,元大-八德,2024-06-27,9813
5450,南良,20,0,20,元大-八德,2024-06-27,9813
8070,長華*,20,0,20,元大-八德,2024-06-27,9813
1785,光洋科,37,19,18,元大-八德,2024-06-27,9813
2610,華航,69,51,18,元大-八德,2024-06-27,9813
00720B,元大投資級公司債,17,0,17,元大-八德,2024-06-27,9813
00712,復華富時不動產,17,0,17,元大-八德,2024-06-27,9813
00947,台新臺灣IC設計,14,0,14,元大-八德,2024-06-27,9813
2883,凱基金,14,0,14,元大-八德,2024-06-27,9813
4938,和碩,14,0,14,元大-八德,2024-06-27,9813
3652,精聯,41,28,13,元大-八德,2024-06-27,9813
5351,鈺創,13,1,12,元大-八德,2024-06-27,9813
00933B,國泰10Y+金融債,13,1,12,元大-八德,2024-06-27,9813
3289,宜特,12,0,12,元大-八德,2024-06-27,9813
6023,元大期,13,1,12,元大-八德,2024-06-27,9813
8028,昇陽半導體,38,26,12,元大-八德,2024-06-27,9813
3060,銘異,1273,1,1272,元大-八德,2024-06-28,9813
00937B,群益ESG投等債20,414,20,394,元大-八德,2024-06-28,9813
3024,憶聲,264,6,258,元大-八德,2024-06-28,9813
00936,台新永續高息中小,134,0,134,元大-八德,2024-06-28,9813
00902,中信電池及儲能,100,0,100,元大-八德,2024-06-28,9813
6116,彩晶,100,0,100,元大-八德,2024-06-28,9813
2888,新光金,101,13,88,元大-八德,2024-06-28,9813
00665L,富邦�琤肭磪囓�2,90,22,68,元大-八德,2024-06-28,9813
00948B,中信優息投資級債,60,0,60,元大-八德,2024-06-28,9813
3576,聯合再生,212,153,59,元大-八德,2024-06-28,9813
00882,中信中國高股息,50,0,50,元大-八德,2024-06-28,9813
00712,復華富時不動產,47,0,47,元大-八德,2024-06-28,9813
2344,華邦電,42,0,42,元大-八德,2024-06-28,9813
6142,友勁,36,0,36,元大-八德,2024-06-28,9813
00929,復華台灣科技優息,33,1,32,元大-八德,2024-06-28,9813
2066,世德,30,0,30,元大-八德,2024-06-28,9813
3062,建漢,44,17,27,元大-八德,2024-06-28,9813
3481,群創,27,0,27,元大-八德,2024-06-28,9813
1611,中電,25,0,25,元大-八德,2024-06-28,9813
2460,建通,25,0,25,元大-八德,2024-06-28,9813
4967,十銓,23,0,23,元大-八德,2024-06-28,9813
3450,聯鈞,42,20,22,元大-八德,2024-06-28,9813
00753L,中信中國50正2,20,0,20,元大-八德,2024-06-28,9813
5355,佳總,20,0,20,元大-八德,2024-06-28,9813
4977,眾達-KY,21,2,19,元大-八德,2024-06-28,9813
2883B,凱基金乙特,18,0,18,元大-八德,2024-06-28,9813
4716,大立,17,0,17,元大-八德,2024-06-28,9813
6290,良維,25,8,17,元大-八德,2024-06-28,9813
2504,國產,16,0,16,元大-八德,2024-06-28,9813
6147,頎邦,16,0,16,元大-八德,2024-06-28,9813
2301,光寶科,16,1,15,元大-八德,2024-06-28,9813
6215,和椿,23,8,15,元大-八德,2024-06-28,9813
00687B,國泰20年美債,14,0,14,元大-八德,2024-06-28,9813
2303,聯電,18,4,14,元大-八德,2024-06-28,9813
1464,得力,14,0,14,元大-八德,2024-06-28,9813
912000,晨訊科-DR,14,0,14,元大-八德,2024-06-28,9813
00680L,元大美債20正2,13,0,13,元大-八德,2024-06-28,9813
2349,錸德,13,0,13,元大-八德,2024-06-28,9813
00947,台新臺灣IC設計,12,0,12,元大-八德,2024-06-28,9813
2637,慧洋-KY,14,2,12,元大-八德,2024-06-28,9813
3581,博磊,83,71,12,元大-八德,2024-06-28,9813
3689,湧德,12,0,12,元大-八德,2024-06-28,9813
00918,大華優利高填息30,11,0,11,元大-八德,2024-06-28,9813
1810,和成,11,0,11,元大-八德,2024-06-28,9813
4956,光鋐,14,3,11,元大-八德,2024-06-28,9813
9105,泰金寶-DR,11,0,11,元大-八德,2024-06-28,9813
2355,敬鵬,14,3,11,元大-八德,2024-06-28,9813
6188,廣明,199,188,11,元大-八德,2024-06-28,9813
00713,元大台灣高息低波,10,0,10,元大-八德,2024-06-28,9813
2515,中工,13,3,10,元大-八德,2024-06-28,9813
00945B,凱基美國非投等債,500,0,500,元大-八德,2024-07-01,9813
00937B,群益ESG投等債20,445,10,435,元大-八德,2024-07-01,9813
00687B,國泰20年美債,156,10,146,元大-八德,2024-07-01,9813
6116,彩晶,101,0,101,元大-八德,2024-07-01,9813
00902,中信電池及儲能,100,0,100,元大-八德,2024-07-01,9813
00948B,中信優息投資級債,79,0,79,元大-八德,2024-07-01,9813
00933B,國泰10Y+金融債,78,1,77,元大-八德,2024-07-01,9813
00680L,元大美債20正2,68,0,68,元大-八德,2024-07-01,9813
1444,力麗,68,0,68,元大-八德,2024-07-01,9813
00679B,元大美債20年,60,0,60,元大-八德,2024-07-01,9813
3481,群創,65,9,56,元大-八德,2024-07-01,9813
2354,鴻準,55,10,45,元大-八德,2024-07-01,9813
2324,仁寶,44,0,44,元大-八德,2024-07-01,9813
00929,復華台灣科技優息,43,0,43,元大-八德,2024-07-01,9813
9105,泰金寶-DR,40,2,38,元大-八德,2024-07-01,9813
00720B,元大投資級公司債,31,0,31,元大-八德,2024-07-01,9813
8070,長華*,30,0,30,元大-八德,2024-07-01,9813
2338,光罩,31,2,29,元大-八德,2024-07-01,9813
6753,龍德造船,43,15,28,元大-八德,2024-07-01,9813
00751B,元大AAA至A公司債,27,0,27,元大-八德,2024-07-01,9813
2066,世德,27,0,27,元大-八德,2024-07-01,9813
2495,普安,44,19,25,元大-八德,2024-07-01,9813
00949,復華日本龍頭,23,0,23,元大-八德,2024-07-01,9813
00881,國泰台灣5G+,20,0,20,元大-八德,2024-07-01,9813
00764B,群益25年美債,20,0,20,元大-八德,2024-07-01,9813
3229,晟鈦,20,0,20,元大-八德,2024-07-01,9813
5328,華容,20,0,20,元大-八德,2024-07-01,9813
2352,佳世達,19,0,19,元大-八德,2024-07-01,9813
6147,頎邦,20,1,19,元大-八德,2024-07-01,9813
2365,昆盈,325,307,18,元大-八德,2024-07-01,9813
2363,矽統,24,6,18,元大-八德,2024-07-01,9813
1802,台玻,22,5,17,元大-八德,2024-07-01,9813
6552,易華電,16,0,16,元大-八德,2024-07-01,9813
2892,第一金,15,0,15,元大-八德,2024-07-01,9813
2883,凱基金,15,0,15,元大-八德,2024-07-01,9813
8105,凌巨,17,2,15,元大-八德,2024-07-01,9813
2615,萬海,27,13,14,元大-八德,2024-07-01,9813
4167,松瑞藥,17,3,14,元大-八德,2024-07-01,9813
00936,台新永續高息中小,14,0,14,元大-八德,2024-07-01,9813
2313,華通,13,0,13,元大-八德,2024-07-01,9813
3498,陽程,15,2,13,元大-八德,2024-07-01,9813
8071,能率網通,15,2,13,元大-八德,2024-07-01,9813
2472,立隆電,13,1,12,元大-八德,2024-07-01,9813
2885,元大金,12,0,12,元大-八德,2024-07-01,9813
3483,力致,13,1,12,元大-八德,2024-07-01,9813
9958,世紀鋼,13,2,11,元大-八德,2024-07-01,9813
1709,和益,11,0,11,元大-八德,2024-07-01,9813
0056,元大高股息,10,0,10,元大-八德,2024-07-01,9813
8027,鈦昇,13,3,10,元大-八德,2024-07-01,9813
00653L,富邦印度正2,10,0,10,元大-八德,2024-07-01,9813
6213,聯茂,198,12,186,元大-八德,2024-07-02,9813
00937B,群益ESG投等債20,190,6,184,元大-八德,2024-07-02,9813
00936,台新永續高息中小,185,1,184,元大-八德,2024-07-02,9813
00948B,中信優息投資級債,184,0,184,元大-八德,2024-07-02,9813
2303,聯電,173,12,161,元大-八德,2024-07-02,9813
00680L,元大美債20正2,124,0,124,元大-八德,2024-07-02,9813
00929,復華台灣科技優息,116,7,109,元大-八德,2024-07-02,9813
00934,中信成長高股息,123,15,108,元大-八德,2024-07-02,9813
00688L,國泰20年美債正2,101,0,101,元大-八德,2024-07-02,9813
00687B,國泰20年美債,74,0,74,元大-八德,2024-07-02,9813
1444,力麗,70,0,70,元大-八德,2024-07-02,9813
00933B,國泰10Y+金融債,69,0,69,元大-八德,2024-07-02,9813
00715L,期街口布蘭特正2,50,0,50,元大-八德,2024-07-02,9813
2317,鴻海,97,50,47,元大-八德,2024-07-02,9813
6139,亞翔,63,21,42,元大-八德,2024-07-02,9813
2888,新光金,57,15,42,元大-八德,2024-07-02,9813
2324,仁寶,39,0,39,元大-八德,2024-07-02,9813
6443,元晶,63,27,36,元大-八德,2024-07-02,9813
6552,易華電,35,0,35,元大-八德,2024-07-02,9813
00679B,元大美債20年,34,0,34,元大-八德,2024-07-02,9813
00712,復華富時不動產,33,0,33,元大-八德,2024-07-02,9813
2438,翔耀,33,1,32,元大-八德,2024-07-02,9813
2610,華航,108,77,31,元大-八德,2024-07-02,9813
1785,光洋科,52,21,31,元大-八德,2024-07-02,9813
8070,長華*,27,0,27,元大-八德,2024-07-02,9813
4989,榮科,26,0,26,元大-八德,2024-07-02,9813
00725B,國泰投資級公司債,24,0,24,元大-八德,2024-07-02,9813
3481,群創,29,5,24,元大-八德,2024-07-02,9813
4167,松瑞藥,25,1,24,元大-八德,2024-07-02,9813
1802,台玻,22,0,22,元大-八德,2024-07-02,9813
02001B,統一美國政府債N,20,0,20,元大-八德,2024-07-02,9813
2104,國際中橡,20,0,20,元大-八德,2024-07-02,9813
3004,豐達科,20,0,20,元大-八德,2024-07-02,9813
3231,緯創,24,5,19,元大-八德,2024-07-02,9813
5488,松普,25,6,19,元大-八德,2024-07-02,9813
5452,佶優,23,5,18,元大-八德,2024-07-02,9813
2354,鴻準,19,1,18,元大-八德,2024-07-02,9813
00878,國泰永續高股息,17,0,17,元大-八德,2024-07-02,9813
2365,昆盈,118,102,16,元大-八德,2024-07-02,9813
8933,愛地雅,15,0,15,元大-八德,2024-07-02,9813
6477,安集,18,3,15,元大-八德,2024-07-02,9813
1326,台化,44,30,14,元大-八德,2024-07-02,9813
00751B,元大AAA至A公司債,13,0,13,元大-八德,2024-07-02,9813
2066,世德,13,0,13,元大-八德,2024-07-02,9813
2002,中鋼,12,0,12,元大-八德,2024-07-02,9813
00928,中信上櫃ESG30,12,0,12,元大-八德,2024-07-02,9813
3535,晶彩科,48,36,12,元大-八德,2024-07-02,9813
6658,聯策,24,12,12,元大-八德,2024-07-02,9813
6928,攸泰科技,12,0,12,元大-八德,2024-07-02,9813
2308,台達電,12,1,11,元大-八德,2024-07-02,9813
00937B,群益ESG投等債20,311,10,301,元大-八德,2024-07-03,9813
6278,台表科,209,15,194,元大-八德,2024-07-03,9813
4109,加捷生醫,197,3,194,元大-八德,2024-07-03,9813
00936,台新永續高息中小,161,0,161,元大-八德,2024-07-03,9813
6187,萬潤,64,1,63,元大-八德,2024-07-03,9813
00679B,元大美債20年,58,5,53,元大-八德,2024-07-03,9813
2337,旺宏,50,0,50,元大-八德,2024-07-03,9813
4510,高鋒,59,9,50,元大-八德,2024-07-03,9813
8473,山林水,50,0,50,元大-八德,2024-07-03,9813
2323,中環,76,30,46,元大-八德,2024-07-03,9813
8076,伍豐,42,0,42,元大-八德,2024-07-03,9813
2303,聯電,53,12,41,元大-八德,2024-07-03,9813
2371,大同,40,0,40,元大-八德,2024-07-03,9813
3413,京鼎,40,7,33,元大-八德,2024-07-03,9813
2317,鴻海,35,6,29,元大-八德,2024-07-03,9813
3062,建漢,40,12,28,元大-八德,2024-07-03,9813
00687B,國泰20年美債,37,10,27,元大-八德,2024-07-03,9813
00934,中信成長高股息,31,5,26,元大-八德,2024-07-03,9813
0056,元大高股息,29,3,26,元大-八德,2024-07-03,9813
3297,杭特,27,1,26,元大-八德,2024-07-03,9813
3004,豐達科,30,7,23,元大-八德,2024-07-03,9813
2618,長榮航,31,9,22,元大-八德,2024-07-03,9813
00940,元大台灣價值高息,63,41,22,元大-八德,2024-07-03,9813
1504,東元,21,0,21,元大-八德,2024-07-03,9813
00665L,富邦�琤肭磪囓�2,20,0,20,元大-八德,2024-07-03,9813
1446,宏和,20,1,19,元大-八德,2024-07-03,9813
6658,聯策,18,0,18,元大-八德,2024-07-03,9813
00946,群益科技高息成長,17,0,17,元大-八德,2024-07-03,9813
3686,達能,17,0,17,元大-八德,2024-07-03,9813
1802,台玻,16,0,16,元大-八德,2024-07-03,9813
2344,華邦電,28,13,15,元大-八德,2024-07-03,9813
2609,陽明,28,13,15,元大-八德,2024-07-03,9813
4968,立積,14,0,14,元大-八德,2024-07-03,9813
1444,力麗,24,10,14,元大-八德,2024-07-03,9813
6414,樺漢,15,2,13,元大-八德,2024-07-03,9813
4167,松瑞藥,22,10,12,元大-八德,2024-07-03,9813
4938,和碩,12,0,12,元大-八德,2024-07-03,9813
2308,台達電,10,0,10,元大-八德,2024-07-03,9813
00725B,國泰投資級公司債,10,0,10,元大-八德,2024-07-03,9813
4123,晟德,10,0,10,元大-八德,2024-07-03,9813
5607,遠雄港,10,0,10,元大-八德,2024-07-03,9813
6570,維田,10,0,10,元大-八德,2024-07-03,9813
8064,東捷,24,14,10,元大-八德,2024-07-03,9813
8277,商丞,10,0,10,元大-八德,2024-07-03,9813
3576,聯合再生,42,32,10,元大-八德,2024-07-03,9813
3027,盛達,13,3,10,元大-八德,2024-07-03,9813
00929,復華台灣科技優息,35,26,9,元大-八德,2024-07-03,9813
3663,鑫科,15,6,9,元大-八德,2024-07-03,9813
1513,中興電,11,2,9,元大-八德,2024-07-03,9813
6282,康舒,9,1,8,元大-八德,2024-07-03,9813
00945B,凱基美國非投等債,1073,0,1073,元大-八德,2024-07-04,9813
00632R,元大台灣50反1,1007,25,982,元大-八德,2024-07-04,9813
00934,中信成長高股息,157,0,157,元大-八德,2024-07-04,9813
3189,景碩,157,2,155,元大-八德,2024-07-04,9813
9105,泰金寶-DR,302,150,152,元大-八德,2024-07-04,9813
2405,輔信,125,21,104,元大-八德,2024-07-04,9813
2363,矽統,229,129,100,元大-八德,2024-07-04,9813
2618,長榮航,100,2,98,元大-八德,2024-07-04,9813
00937B,群益ESG投等債20,124,42,82,元大-八德,2024-07-04,9813
1444,力麗,80,0,80,元大-八德,2024-07-04,9813
2641,正德,81,2,79,元大-八德,2024-07-04,9813
8358,金居,61,0,61,元大-八德,2024-07-04,9813
00665L,富邦�琤肭磪囓�2,60,0,60,元大-八德,2024-07-04,9813
3221,台嘉碩,40,0,40,元大-八德,2024-07-04,9813
2495,普安,42,11,31,元大-八德,2024-07-04,9813
00936,台新永續高息中小,30,0,30,元大-八德,2024-07-04,9813
2412,中華電,27,0,27,元大-八德,2024-07-04,9813
5347,世界,31,5,26,元大-八德,2024-07-04,9813
00948B,中信優息投資級債,30,5,25,元大-八德,2024-07-04,9813
1454,台富,25,0,25,元大-八德,2024-07-04,9813
6570,維田,25,0,25,元大-八德,2024-07-04,9813
4167,松瑞藥,21,0,21,元大-八德,2024-07-04,9813
00679B,元大美債20年,39,19,20,元大-八德,2024-07-04,9813
1815,富喬,35,15,20,元大-八德,2024-07-04,9813
2399,映泰,20,0,20,元大-八德,2024-07-04,9813
2630,亞航,20,0,20,元大-八德,2024-07-04,9813
3296,勝德,23,3,20,元大-八德,2024-07-04,9813
5533,皇鼎,20,0,20,元大-八德,2024-07-04,9813
911622,泰聚亨-DR,20,0,20,元大-八德,2024-07-04,9813
2354,鴻準,44,24,20,元大-八德,2024-07-04,9813
1513,中興電,70,50,20,元大-八德,2024-07-04,9813
00631L,元大台灣50正2,20,1,19,元大-八德,2024-07-04,9813
1802,台玻,20,1,19,元大-八德,2024-07-04,9813
6438,迅得,21,3,18,元大-八德,2024-07-04,9813
6770,力積電,18,0,18,元大-八德,2024-07-04,9813
8071,能率網通,23,5,18,元大-八德,2024-07-04,9813
1536,和大,20,3,17,元大-八德,2024-07-04,9813
3047,訊舟,33,16,17,元大-八德,2024-07-04,9813
2542,興富發,21,4,17,元大-八德,2024-07-04,9813
3260,威剛,15,0,15,元大-八德,2024-07-04,9813
4906,正文,17,2,15,元大-八德,2024-07-04,9813
8383,千附,16,1,15,元大-八德,2024-07-04,9813
6188,廣明,19,5,14,元大-八德,2024-07-04,9813
1319,東陽,15,1,14,元大-八德,2024-07-04,9813
8064,東捷,41,27,14,元大-八德,2024-07-04,9813
2603,長榮,16,2,14,元大-八德,2024-07-04,9813
3673,TPK-KY,14,1,13,元大-八德,2024-07-04,9813
2812,台中銀,13,1,12,元大-八德,2024-07-04,9813
3413,京鼎,23,11,12,元大-八德,2024-07-04,9813
3450,聯鈞,70,58,12,元大-八德,2024-07-04,9813
00945B,凱基美國非投等債,502,0,502,元大-八德,2024-07-05,9813
6278,台表科,444,1,443,元大-八德,2024-07-05,9813
00937B,群益ESG投等債20,244,0,244,元大-八德,2024-07-05,9813
6217,中探針,181,4,177,元大-八德,2024-07-05,9813
4958,臻鼎-KY,95,5,90,元大-八德,2024-07-05,9813
00637L,元大滬深300正2,87,5,82,元大-八德,2024-07-05,9813
00934,中信成長高股息,75,0,75,元大-八德,2024-07-05,9813
6175,立敦,68,0,68,元大-八德,2024-07-05,9813
2313,華通,76,10,66,元大-八德,2024-07-05,9813
2348,海悅,61,0,61,元大-八德,2024-07-05,9813
3037,欣興,58,1,57,元大-八德,2024-07-05,9813
00679B,元大美債20年,59,6,53,元大-八德,2024-07-05,9813
2610,華航,51,0,51,元大-八德,2024-07-05,9813
3276,宇環,57,7,50,元大-八德,2024-07-05,9813
9919,康那香,50,0,50,元大-八德,2024-07-05,9813
2618,長榮航,50,2,48,元大-八德,2024-07-05,9813
00936,台新永續高息中小,40,0,40,元大-八德,2024-07-05,9813
8104,錸寶,38,3,35,元大-八德,2024-07-05,9813
6414,樺漢,40,5,35,元大-八德,2024-07-05,9813
5515,建國,30,0,30,元大-八德,2024-07-05,9813
2317,鴻海,50,21,29,元大-八德,2024-07-05,9813
6438,迅得,31,2,29,元大-八德,2024-07-05,9813
4967,十銓,523,494,29,元大-八德,2024-07-05,9813
4534,慶騰,41,12,29,元大-八德,2024-07-05,9813
2301,光寶科,27,0,27,元大-八德,2024-07-05,9813
2356,英業達,35,8,27,元大-八德,2024-07-05,9813
2641,正德,29,3,26,元大-八德,2024-07-05,9813
2324,仁寶,26,2,24,元大-八德,2024-07-05,9813
6023,元大期,24,0,24,元大-八德,2024-07-05,9813
6442,光聖,39,15,24,元大-八德,2024-07-05,9813
6477,安集,25,1,24,元大-八德,2024-07-05,9813
4768,晶呈科技,30,7,23,元大-八德,2024-07-05,9813
00927,群益半導體收益,23,0,23,元大-八德,2024-07-05,9813
00725B,國泰投資級公司債,23,0,23,元大-八德,2024-07-05,9813
1504,東元,29,8,21,元大-八德,2024-07-05,9813
00665L,富邦�琤肭磪囓�2,20,0,20,元大-八德,2024-07-05,9813
8255,朋程,20,0,20,元大-八德,2024-07-05,9813
3163,波若威,31,12,19,元大-八德,2024-07-05,9813
6213,聯茂,39,20,19,元大-八德,2024-07-05,9813
2367,燿華,63,44,19,元大-八德,2024-07-05,9813
3563,牧德,17,0,17,元大-八德,2024-07-05,9813
8027,鈦昇,23,6,17,元大-八德,2024-07-05,9813
2606,裕民,17,1,16,元大-八德,2024-07-05,9813
3265,台星科,16,0,16,元大-八德,2024-07-05,9813
1815,富喬,19,3,16,元大-八德,2024-07-05,9813
2302,麗正,15,0,15,元大-八德,2024-07-05,9813
2498,宏達電,19,4,15,元大-八德,2024-07-05,9813
3227,原相,27,12,15,元大-八德,2024-07-05,9813
2603,長榮,19,5,14,元大-八德,2024-07-05,9813
2412,中華電,13,1,12,元大-八德,2024-07-05,9813
00882,中信中國高股息,600,5,595,元大-八德,2024-07-08,9813
5533,皇鼎,220,0,220,元大-八德,2024-07-08,9813
3481,群創,200,21,179,元大-八德,2024-07-08,9813
2641,正德,135,0,135,元大-八德,2024-07-08,9813
00937B,群益ESG投等債20,133,30,103,元大-八德,2024-07-08,9813
00881,國泰台灣5G+,88,4,84,元大-八德,2024-07-08,9813
00935,野村臺灣新科技50,80,0,80,元大-八德,2024-07-08,9813
6414,樺漢,76,0,76,元大-八德,2024-07-08,9813
00934,中信成長高股息,73,0,73,元大-八德,2024-07-08,9813
3363,上詮,73,2,71,元大-八德,2024-07-08,9813
00929,復華台灣科技優息,71,22,49,元大-八德,2024-07-08,9813
00946,群益科技高息成長,50,1,49,元大-八德,2024-07-08,9813
2887,台新金,51,2,49,元大-八德,2024-07-08,9813
2356,英業達,55,11,44,元大-八德,2024-07-08,9813
2618,長榮航,61,18,43,元大-八德,2024-07-08,9813
2417,圓剛,38,1,37,元大-八德,2024-07-08,9813
8070,長華*,37,0,37,元大-八德,2024-07-08,9813
3045,台灣大,36,0,36,元大-八德,2024-07-08,9813
2427,三商電,36,0,36,元大-八德,2024-07-08,9813
6153,嘉聯益,41,5,36,元大-八德,2024-07-08,9813
2303,聯電,73,39,34,元大-八德,2024-07-08,9813
00713,元大台灣高息低波,34,1,33,元大-八德,2024-07-08,9813
00650L,復華香港正2,33,0,33,元大-八德,2024-07-08,9813
00725B,國泰投資級公司債,32,0,32,元大-八德,2024-07-08,9813
2704,國賓,30,0,30,元大-八德,2024-07-08,9813
4533,協易機,31,1,30,元大-八德,2024-07-08,9813
8935,邦泰,28,0,28,元大-八德,2024-07-08,9813
3019,亞光,40,18,22,元大-八德,2024-07-08,9813
3048,益登,27,6,21,元大-八德,2024-07-08,9813
1446,宏和,21,0,21,元大-八德,2024-07-08,9813
5210,寶碩,21,0,21,元大-八德,2024-07-08,9813
1785,光洋科,72,51,21,元大-八德,2024-07-08,9813
00665L,富邦�琤肭磪囓�2,20,0,20,元大-八德,2024-07-08,9813
1409,新纖,40,20,20,元大-八德,2024-07-08,9813
3276,宇環,20,0,20,元大-八德,2024-07-08,9813
4123,晟德,20,0,20,元大-八德,2024-07-08,9813
2354,鴻準,43,23,20,元大-八德,2024-07-08,9813
00949,復華日本龍頭,18,0,18,元大-八德,2024-07-08,9813
2401,凌陽,20,2,18,元大-八德,2024-07-08,9813
2834,臺企銀,22,5,17,元大-八德,2024-07-08,9813
2428,興勤,16,0,16,元大-八德,2024-07-08,9813
2610,華航,24,9,15,元大-八德,2024-07-08,9813
5452,佶優,26,11,15,元大-八德,2024-07-08,9813
2606,裕民,25,11,14,元大-八德,2024-07-08,9813
6213,聯茂,17,3,14,元大-八德,2024-07-08,9813
2495,普安,16,2,14,元大-八德,2024-07-08,9813
4167,松瑞藥,20,6,14,元大-八德,2024-07-08,9813
3537,堡達,20,7,13,元大-八德,2024-07-08,9813
2603,長榮,28,15,13,元大-八德,2024-07-08,9813
2890,永豐金,12,0,12,元大-八德,2024-07-08,9813
00945B,凱基美國非投等債,1006,0,1006,元大-八德,2024-07-09,9813
4726,永昕,388,6,382,元大-八德,2024-07-09,9813
2888,新光金,525,225,300,元大-八德,2024-07-09,9813
2338,光罩,251,0,251,元大-八德,2024-07-09,9813
00937B,群益ESG投等債20,253,6,247,元大-八德,2024-07-09,9813
9105,泰金寶-DR,478,254,224,元大-八德,2024-07-09,9813
00680L,元大美債20正2,200,0,200,元大-八德,2024-07-09,9813
00936,台新永續高息中小,142,0,142,元大-八德,2024-07-09,9813
3481,群創,164,33,131,元大-八德,2024-07-09,9813
2363,矽統,166,70,96,元大-八德,2024-07-09,9813
5880,合庫金,67,0,67,元大-八德,2024-07-09,9813
5533,皇鼎,65,0,65,元大-八德,2024-07-09,9813
00934,中信成長高股息,67,13,54,元大-八德,2024-07-09,9813
2834,臺企銀,74,20,54,元大-八德,2024-07-09,9813
2489,瑞軒,62,10,52,元大-八德,2024-07-09,9813
00688L,國泰20年美債正2,50,0,50,元大-八德,2024-07-09,9813
3062,建漢,90,43,47,元大-八德,2024-07-09,9813
2867,三商壽,47,2,45,元大-八德,2024-07-09,9813
6535,順藥,58,17,41,元大-八德,2024-07-09,9813
2312,金寶,150,111,39,元大-八德,2024-07-09,9813
6414,樺漢,60,22,38,元大-八德,2024-07-09,9813
2317,鴻海,100,63,37,元大-八德,2024-07-09,9813
00940,元大台灣價值高息,121,85,36,元大-八德,2024-07-09,9813
2609,陽明,43,8,35,元大-八德,2024-07-09,9813
00650L,復華香港正2,35,0,35,元大-八德,2024-07-09,9813
8070,長華*,34,0,34,元大-八德,2024-07-09,9813
2605,新興,44,11,33,元大-八德,2024-07-09,9813
2618,長榮航,34,2,32,元大-八德,2024-07-09,9813
6213,聯茂,37,7,30,元大-八德,2024-07-09,9813
00882,中信中國高股息,30,0,30,元大-八德,2024-07-09,9813
1785,光洋科,44,14,30,元大-八德,2024-07-09,9813
2349,錸德,28,0,28,元大-八德,2024-07-09,9813
4743,合一,30,2,28,元大-八德,2024-07-09,9813
00881,國泰台灣5G+,26,0,26,元大-八德,2024-07-09,9813
2641,正德,34,10,24,元大-八德,2024-07-09,9813
3058,立德,23,0,23,元大-八德,2024-07-09,9813
2337,旺宏,22,0,22,元大-八德,2024-07-09,9813
00905,FT臺灣Smart,21,0,21,元大-八德,2024-07-09,9813
1587,吉茂,20,0,20,元大-八德,2024-07-09,9813
4533,協易機,37,17,20,元大-八德,2024-07-09,9813
1611,中電,25,6,19,元大-八德,2024-07-09,9813
6438,迅得,35,17,18,元大-八德,2024-07-09,9813
3231,緯創,29,13,16,元大-八德,2024-07-09,9813
00679B,元大美債20年,37,20,17,元大-八德,2024-07-09,9813
2405,輔信,95,79,16,元大-八德,2024-07-09,9813
1301,台塑,15,0,15,元大-八德,2024-07-09,9813
1446,宏和,15,0,15,元大-八德,2024-07-09,9813
1709,和益,15,0,15,元大-八德,2024-07-09,9813
3050,鈺德,20,5,15,元大-八德,2024-07-09,9813
3706,神達,17,2,15,元大-八德,2024-07-09,9813
00937B,群益ESG投等債20,1315,50,1265,元大-八德,2024-07-10,9813
2888,新光金,1058,612,446,元大-八德,2024-07-10,9813
00680L,元大美債20正2,200,0,200,元大-八德,2024-07-10,9813
4123,晟德,145,10,135,元大-八德,2024-07-10,9813
00687B,國泰20年美債,91,0,91,元大-八德,2024-07-10,9813
00940,元大台灣價值高息,223,137,86,元大-八德,2024-07-10,9813
2392,正崴,446,362,84,元大-八德,2024-07-10,9813
00882,中信中國高股息,70,0,70,元大-八德,2024-07-10,9813
2352,佳世達,50,0,50,元大-八德,2024-07-10,9813
4904,遠傳,47,0,47,元大-八德,2024-07-10,9813
8070,長華*,41,0,41,元大-八德,2024-07-10,9813
3363,上詮,57,19,38,元大-八德,2024-07-10,9813
00725B,國泰投資級公司債,33,0,33,元大-八德,2024-07-10,9813
3481,群創,99,67,32,元大-八德,2024-07-10,9813
9933,中鼎,31,0,31,元大-八德,2024-07-10,9813
1569,濱川,35,6,29,元大-八德,2024-07-10,9813
3379,彬台,27,0,27,元大-八德,2024-07-10,9813
5880,合庫金,25,0,25,元大-八德,2024-07-10,9813
1785,光洋科,61,37,24,元大-八德,2024-07-10,9813
00934,中信成長高股息,29,5,24,元大-八德,2024-07-10,9813
2542,興富發,51,27,24,元大-八德,2024-07-10,9813
5475,德宏,20,0,20,元大-八德,2024-07-10,9813
4906,正文,20,1,19,元大-八德,2024-07-10,9813
2489,瑞軒,43,25,18,元大-八德,2024-07-10,9813
4442,竣邦-KY,18,0,18,元大-八德,2024-07-10,9813
2367,燿華,26,9,17,元大-八德,2024-07-10,9813
2609,陽明,21,5,16,元大-八德,2024-07-10,9813
3673,TPK-KY,49,34,15,元大-八德,2024-07-10,9813
2606,裕民,13,0,13,元大-八德,2024-07-10,9813
00949,復華日本龍頭,13,0,13,元大-八德,2024-07-10,9813
6207,雷科,15,2,13,元大-八德,2024-07-10,9813
3483,力致,13,1,12,元大-八德,2024-07-10,9813
2438,翔耀,12,0,12,元大-八德,2024-07-10,9813
6142,友勁,12,0,12,元大-八德,2024-07-10,9813
6805,富世達,11,0,11,元大-八德,2024-07-10,9813
6706,惠特,11,0,11,元大-八德,2024-07-10,9813
2002,中鋼,41,30,11,元大-八德,2024-07-10,9813
3413,京鼎,16,5,11,元大-八德,2024-07-10,9813
4743,合一,11,0,11,元大-八德,2024-07-10,9813
5371,中光電,17,6,11,元大-八德,2024-07-10,9813
3019,亞光,25,14,11,元大-八德,2024-07-10,9813
2543,皇昌,19,8,11,元大-八德,2024-07-10,9813
006208,富邦台50,10,0,10,元大-八德,2024-07-10,9813
00892,富邦台灣半導體,10,0,10,元大-八德,2024-07-10,9813
2886,兆豐金,13,3,10,元大-八德,2024-07-10,9813
3031,佰鴻,10,0,10,元大-八德,2024-07-10,9813
3303,岱稜,10,0,10,元大-八德,2024-07-10,9813
4930,燦星網,10,0,10,元大-八德,2024-07-10,9813
5347,世界,13,3,10,元大-八德,2024-07-10,9813
00946,群益科技高息成長,12,3,9,元大-八德,2024-07-10,9813
00937B,群益ESG投等債20,1019,0,1019,元大-八德,2024-07-11,9813
00945B,凱基美國非投等債,531,0,531,元大-八德,2024-07-11,9813
2888,新光金,687,373,314,元大-八德,2024-07-11,9813
3042,晶技,267,55,212,元大-八德,2024-07-11,9813
1444,力麗,211,0,211,元大-八德,2024-07-11,9813
2382,廣達,152,5,147,元大-八德,2024-07-11,9813
3710,連展投控,190,56,134,元大-八德,2024-07-11,9813
00637L,元大滬深300正2,100,1,99,元大-八德,2024-07-11,9813
00948B,中信優息投資級債,90,0,90,元大-八德,2024-07-11,9813
9105,泰金寶-DR,109,29,80,元大-八德,2024-07-11,9813
00679B,元大美債20年,105,26,79,元大-八德,2024-07-11,9813
5533,皇鼎,70,0,70,元大-八德,2024-07-11,9813
2460,建通,66,0,66,元大-八德,2024-07-11,9813
1536,和大,70,8,62,元大-八德,2024-07-11,9813
00687B,國泰20年美債,81,20,61,元大-八德,2024-07-11,9813
00688L,國泰20年美債正2,50,0,50,元大-八德,2024-07-11,9813
2031,新光鋼,50,0,50,元大-八德,2024-07-11,9813
3481,群創,68,19,49,元大-八德,2024-07-11,9813
6142,友勁,46,3,43,元大-八德,2024-07-11,9813
2891,中信金,48,6,42,元大-八德,2024-07-11,9813
4714,永捷,47,5,42,元大-八德,2024-07-11,9813
2618,長榮航,41,1,40,元大-八德,2024-07-11,9813
2812,台中銀,40,0,40,元大-八德,2024-07-11,9813
3363,上詮,203,167,36,元大-八德,2024-07-11,9813
00934,中信成長高股息,39,3,36,元大-八德,2024-07-11,9813
2882,國泰金,53,18,35,元大-八德,2024-07-11,9813
2438,翔耀,30,0,30,元大-八德,2024-07-11,9813
6530,創威,40,11,29,元大-八德,2024-07-11,9813
2002,中鋼,27,0,27,元大-八德,2024-07-11,9813
6278,台表科,25,1,24,元大-八德,2024-07-11,9813
6411,晶焱,24,0,24,元大-八德,2024-07-11,9813
2886,兆豐金,23,0,23,元大-八德,2024-07-11,9813
9945,潤泰新,29,7,22,元大-八德,2024-07-11,9813
3413,京鼎,22,1,21,元大-八德,2024-07-11,9813
2303,聯電,22,2,20,元大-八德,2024-07-11,9813
00725B,國泰投資級公司債,19,0,19,元大-八德,2024-07-11,9813
4958,臻鼎-KY,66,47,19,元大-八德,2024-07-11,9813
2354,鴻準,36,17,19,元大-八德,2024-07-11,9813
2887,台新金,24,6,18,元大-八德,2024-07-11,9813
2301,光寶科,36,19,17,元大-八德,2024-07-11,9813
6005,群益證,18,1,17,元大-八德,2024-07-11,9813
6603,富強鑫,17,0,17,元大-八德,2024-07-11,9813
2889,國票金,17,1,16,元大-八德,2024-07-11,9813
00919,群益台灣精選高息,17,1,16,元大-八德,2024-07-11,9813
006208,富邦台50,16,0,16,元大-八德,2024-07-11,9813
3535,晶彩科,16,0,16,元大-八德,2024-07-11,9813
4735,豪展,22,6,16,元大-八德,2024-07-11,9813
6689,伊雲谷,20,5,15,元大-八德,2024-07-11,9813
00720B,元大投資級公司債,15,0,15,元大-八德,2024-07-11,9813
1785,光洋科,33,19,14,元大-八德,2024-07-11,9813
00929,復華台灣科技優息,193,0,193,元大-八德,2024-07-12,9813
2317,鴻海,211,20,191,元大-八德,2024-07-12,9813
1316,上曜,163,32,131,元大-八德,2024-07-12,9813
00937B,群益ESG投等債20,123,0,123,元大-八德,2024-07-12,9813
5533,皇鼎,80,0,80,元大-八德,2024-07-12,9813
00934,中信成長高股息,120,45,75,元大-八德,2024-07-12,9813
00919,群益台灣精選高息,70,1,69,元大-八德,2024-07-12,9813
2382,廣達,71,5,66,元大-八德,2024-07-12,9813
3013,晟銘電,84,30,54,元大-八德,2024-07-12,9813
1304,台聚,56,4,52,元大-八德,2024-07-12,9813
2405,輔信,64,13,51,元大-八德,2024-07-12,9813
2506,太設,50,0,50,元大-八德,2024-07-12,9813
2031,新光鋼,42,0,42,元大-八德,2024-07-12,9813
3189,景碩,403,361,42,元大-八德,2024-07-12,9813
00725B,國泰投資級公司債,41,0,41,元大-八德,2024-07-12,9813
00949,復華日本龍頭,41,0,41,元大-八德,2024-07-12,9813
4707,磐亞,50,10,40,元大-八德,2024-07-12,9813
5515,建國,38,0,38,元大-八德,2024-07-12,9813
0050,元大台灣50,40,3,37,元大-八德,2024-07-12,9813
2308,台達電,35,2,33,元大-八德,2024-07-12,9813
2338,光罩,31,0,31,元大-八德,2024-07-12,9813
2312,金寶,78,48,30,元大-八德,2024-07-12,9813
00882,中信中國高股息,32,2,30,元大-八德,2024-07-12,9813
9933,中鼎,28,0,28,元大-八德,2024-07-12,9813
3481,群創,189,162,27,元大-八德,2024-07-12,9813
2409,友達,69,43,26,元大-八德,2024-07-12,9813
02001L,富邦蘋果正二N,25,0,25,元大-八德,2024-07-12,9813
00922,國泰台灣領袖50,24,0,24,元大-八德,2024-07-12,9813
00947,台新臺灣IC設計,23,0,23,元大-八德,2024-07-12,9813
00891,中信關鍵半導體,23,0,23,元大-八德,2024-07-12,9813
1569,濱川,23,0,23,元大-八德,2024-07-12,9813
9945,潤泰新,39,17,22,元大-八德,2024-07-12,9813
006208,富邦台50,21,0,21,元大-八德,2024-07-12,9813
00905,FT臺灣Smart,20,0,20,元大-八德,2024-07-12,9813
2243,宏旭-KY,20,0,20,元大-八德,2024-07-12,9813
00687B,國泰20年美債,20,1,19,元大-八德,2024-07-12,9813
00795B,中信美國公債20年,18,0,18,元大-八德,2024-07-12,9813
00719B,元大美債1-3,18,0,18,元大-八德,2024-07-12,9813
2365,昆盈,108,90,18,元大-八德,2024-07-12,9813
4123,晟德,23,5,18,元大-八德,2024-07-12,9813
4526,東台,18,0,18,元大-八德,2024-07-12,9813
0056,元大高股息,22,5,17,元大-八德,2024-07-12,9813
2352,佳世達,17,0,17,元大-八德,2024-07-12,9813
3037,欣興,69,53,16,元大-八德,2024-07-12,9813
3711,日月光投控,15,0,15,元大-八德,2024-07-12,9813
2406,國碩,23,8,15,元大-八德,2024-07-12,9813
2481,強茂,26,11,15,元大-八德,2024-07-12,9813
3004,豐達科,16,1,15,元大-八德,2024-07-12,9813
00878,國泰永續高股息,21,6,15,元大-八德,2024-07-12,9813
3163,波若威,29,15,14,元大-八德,2024-07-12,9813
3189,景碩,312,9,303,元大-八德,2024-07-15,9813
3019,亞光,290,12,278,元大-八德,2024-07-15,9813
00720B,元大投資級公司債,208,13,195,元大-八德,2024-07-15,9813
4956,光鋐,181,1,180,元大-八德,2024-07-15,9813
00929,復華台灣科技優息,156,1,155,元大-八德,2024-07-15,9813
5533,皇鼎,150,0,150,元大-八德,2024-07-15,9813
5236,凌陽創新,137,2,135,元大-八德,2024-07-15,9813
2409,友達,155,28,127,元大-八德,2024-07-15,9813
00687B,國泰20年美債,129,10,119,元大-八德,2024-07-15,9813
2349,錸德,126,17,109,元大-八德,2024-07-15,9813
00934,中信成長高股息,101,3,98,元大-八德,2024-07-15,9813
6202,盛群,85,0,85,元大-八德,2024-07-15,9813
2066,世德,82,0,82,元大-八德,2024-07-15,9813
3013,晟銘電,222,145,77,元大-八德,2024-07-15,9813
2891,中信金,63,7,56,元大-八德,2024-07-15,9813
00937B,群益ESG投等債20,49,0,49,元大-八德,2024-07-15,9813
2382,廣達,42,2,40,元大-八德,2024-07-15,9813
2308,台達電,43,3,40,元大-八德,2024-07-15,9813
00919,群益台灣精選高息,37,2,35,元大-八德,2024-07-15,9813
2888,新光金,97,62,35,元大-八德,2024-07-15,9813
6290,良維,45,10,35,元大-八德,2024-07-15,9813
2885,元大金,33,0,33,元大-八德,2024-07-15,9813
8473,山林水,31,0,31,元大-八德,2024-07-15,9813
2867,三商壽,30,0,30,元大-八德,2024-07-15,9813
3710,連展投控,40,10,30,元大-八德,2024-07-15,9813
3712,永崴投控,33,5,28,元大-八德,2024-07-15,9813
2356,英業達,59,31,28,元大-八德,2024-07-15,9813
2438,翔耀,36,10,26,元大-八德,2024-07-15,9813
1536,和大,39,13,26,元大-八德,2024-07-15,9813
3322,建舜電,32,7,25,元大-八德,2024-07-15,9813
3481,群創,50,25,25,元大-八德,2024-07-15,9813
2886,兆豐金,24,0,24,元大-八德,2024-07-15,9813
2313,華通,28,5,23,元大-八德,2024-07-15,9813
00725B,國泰投資級公司債,23,0,23,元大-八德,2024-07-15,9813
4743,合一,25,3,22,元大-八德,2024-07-15,9813
2312,金寶,44,24,20,元大-八德,2024-07-15,9813
3535,晶彩科,111,91,20,元大-八德,2024-07-15,9813
00665L,富邦�琤肭磪囓�2,20,0,20,元大-八德,2024-07-15,9813
3714,富采,20,0,20,元大-八德,2024-07-15,9813
1785,光洋科,49,31,18,元大-八德,2024-07-15,9813
2881,富邦金,22,4,18,元大-八德,2024-07-15,9813
0056,元大高股息,27,10,17,元大-八德,2024-07-15,9813
00881,國泰台灣5G+,16,0,16,元大-八德,2024-07-15,9813
2353,宏��,20,4,16,元大-八德,2024-07-15,9813
5443,均豪,16,0,16,元大-八德,2024-07-15,9813
6411,晶焱,16,0,16,元大-八德,2024-07-15,9813
00878,國泰永續高股息,16,0,16,元大-八德,2024-07-15,9813
2834,臺企銀,15,0,15,元大-八德,2024-07-15,9813
00927,群益半導體收益,15,0,15,元大-八德,2024-07-15,9813
2734,易飛網,15,0,15,元大-八德,2024-07-15,9813
3673,TPK-KY,1101,6,1095,元大-八德,2024-07-16,9813
00882,中信中國高股息,324,0,324,元大-八德,2024-07-16,9813
2888,新光金,348,36,312,元大-八德,2024-07-16,9813
00937B,群益ESG投等債20,278,12,266,元大-八德,2024-07-16,9813
2382,廣達,237,1,236,元大-八德,2024-07-16,9813
0056,元大高股息,179,10,169,元大-八德,2024-07-16,9813
00679B,元大美債20年,112,12,100,元大-八德,2024-07-16,9813
5533,皇鼎,80,0,80,元大-八德,2024-07-16,9813
4726,永昕,148,75,73,元大-八德,2024-07-16,9813
2317,鴻海,85,16,69,元大-八德,2024-07-16,9813
00725B,國泰投資級公司債,63,0,63,元大-八德,2024-07-16,9813
00936,台新永續高息中小,61,0,61,元大-八德,2024-07-16,9813
6442,光聖,66,6,60,元大-八德,2024-07-16,9813
4109,加捷生醫,63,9,54,元大-八德,2024-07-16,9813
00772B,中信高評級公司債,50,0,50,元大-八德,2024-07-16,9813
4714,永捷,46,0,46,元大-八德,2024-07-16,9813
2308,台達電,46,1,45,元大-八德,2024-07-16,9813
2355,敬鵬,43,1,42,元大-八德,2024-07-16,9813
4746,台耀,40,0,40,元大-八德,2024-07-16,9813
00753L,中信中國50正2,38,0,38,元大-八德,2024-07-16,9813
00929,復華台灣科技優息,135,97,38,元大-八德,2024-07-16,9813
3017,奇鋐,39,2,37,元大-八德,2024-07-16,9813
2301,光寶科,40,3,37,元大-八德,2024-07-16,9813
6202,盛群,37,0,37,元大-八德,2024-07-16,9813
00919,群益台灣精選高息,33,0,33,元大-八德,2024-07-16,9813
2449,京元電子,57,27,30,元大-八德,2024-07-16,9813
00905,FT臺灣Smart,29,0,29,元大-八德,2024-07-16,9813
2489,瑞軒,62,33,29,元大-八德,2024-07-16,9813
00751B,元大AAA至A公司債,35,10,25,元大-八德,2024-07-16,9813
2303,聯電,26,1,25,元大-八德,2024-07-16,9813
2884,玉山金,28,3,25,元大-八德,2024-07-16,9813
00687B,國泰20年美債,30,6,24,元大-八德,2024-07-16,9813
00949,復華日本龍頭,23,0,23,元大-八德,2024-07-16,9813
2891,中信金,22,1,21,元大-八德,2024-07-16,9813
5871,中租-KY,21,0,21,元大-八德,2024-07-16,9813
2534,宏盛,40,20,20,元大-八德,2024-07-16,9813
3297,杭特,30,10,20,元大-八德,2024-07-16,9813
6411,晶焱,20,0,20,元大-八德,2024-07-16,9813
6834,天二科技,41,21,20,元大-八德,2024-07-16,9813
912000,晨訊科-DR,20,0,20,元大-八德,2024-07-16,9813
1312,國喬,20,0,20,元大-八德,2024-07-16,9813
00881,國泰台灣5G+,20,1,19,元大-八德,2024-07-16,9813
6290,良維,21,2,19,元大-八德,2024-07-16,9813
2524,京城,21,3,18,元大-八德,2024-07-16,9813
6552,易華電,18,0,18,元大-八德,2024-07-16,9813
00934,中信成長高股息,16,0,16,元大-八德,2024-07-16,9813
1587,吉茂,15,0,15,元大-八德,2024-07-16,9813
2886,兆豐金,16,1,15,元大-八德,2024-07-16,9813
3666,光耀,15,0,15,元大-八德,2024-07-16,9813
5530,龍巖,16,1,15,元大-八德,2024-07-16,9813
00937B,群益ESG投等債20,275,2,273,元大-八德,2024-07-17,9813
2888,新光金,201,41,160,元大-八德,2024-07-17,9813
00929,復華台灣科技優息,122,2,120,元大-八德,2024-07-17,9813
2382,廣達,111,1,110,元大-八德,2024-07-17,9813
3231,緯創,93,6,87,元大-八德,2024-07-17,9813
00680L,元大美債20正2,84,0,84,元大-八德,2024-07-17,9813
00936,台新永續高息中小,78,0,78,元大-八德,2024-07-17,9813
00687B,國泰20年美債,101,24,77,元大-八德,2024-07-17,9813
1314,中石化,90,30,60,元大-八德,2024-07-17,9813
6770,力積電,45,0,45,元大-八德,2024-07-17,9813
6202,盛群,43,0,43,元大-八德,2024-07-17,9813
2392,正崴,44,2,42,元大-八德,2024-07-17,9813
2515,中工,44,2,42,元大-八德,2024-07-17,9813
00919,群益台灣精選高息,46,4,42,元大-八德,2024-07-17,9813
2542,興富發,40,0,40,元大-八德,2024-07-17,9813
00753L,中信中國50正2,40,0,40,元大-八德,2024-07-17,9813
2376,技嘉,39,1,38,元大-八德,2024-07-17,9813
3413,京鼎,35,0,35,元大-八德,2024-07-17,9813
00650L,復華香港正2,30,0,30,元大-八德,2024-07-17,9813
3019,亞光,31,3,28,元大-八德,2024-07-17,9813
00949,復華日本龍頭,28,0,28,元大-八德,2024-07-17,9813
1587,吉茂,25,0,25,元大-八德,2024-07-17,9813
00725B,國泰投資級公司債,60,36,24,元大-八德,2024-07-17,9813
2330,台積電,31,7,24,元大-八德,2024-07-17,9813
00882,中信中國高股息,23,0,23,元大-八德,2024-07-17,9813
00665L,富邦�琤肭磪囓�2,20,0,20,元大-八德,2024-07-17,9813
2524,京城,30,11,19,元大-八德,2024-07-17,9813
5263,智崴,31,12,19,元大-八德,2024-07-17,9813
00878,國泰永續高股息,18,0,18,元大-八德,2024-07-17,9813
2438,翔耀,18,0,18,元大-八德,2024-07-17,9813
4906,正文,22,5,17,元大-八德,2024-07-17,9813
5876,上海商銀,16,0,16,元大-八德,2024-07-17,9813
00950B,凱基A級公司債,15,0,15,元大-八德,2024-07-17,9813
2845,遠東銀,15,0,15,元大-八德,2024-07-17,9813
3665,貿聯-KY,23,10,13,元大-八德,2024-07-17,9813
0050,元大台灣50,14,1,13,元大-八德,2024-07-17,9813
00934,中信成長高股息,12,0,12,元大-八德,2024-07-17,9813
00927,群益半導體收益,20,8,12,元大-八德,2024-07-17,9813
6552,易華電,12,0,12,元大-八德,2024-07-17,9813
00923,群益台ESG低碳50,12,0,12,元大-八德,2024-07-17,9813
00905,FT臺灣Smart,11,0,11,元大-八德,2024-07-17,9813
02001L,富邦蘋果正二N,11,0,11,元大-八德,2024-07-17,9813
2332,友訊,11,0,11,元大-八德,2024-07-17,9813
4743,合一,15,4,11,元大-八德,2024-07-17,9813
2615,萬海,19,9,10,元大-八德,2024-07-17,9813
1563,巧新,10,0,10,元大-八德,2024-07-17,9813
2353,宏��,10,0,10,元大-八德,2024-07-17,9813
5328,華容,10,0,10,元大-八德,2024-07-17,9813
6109,亞元,10,0,10,元大-八德,2024-07-17,9813
6550,北極星藥業-KY,10,0,10,元大-八德,2024-07-17,9813
3189,景碩,324,69,255,元大-八德,2024-07-18,9813
2888,新光金,219,13,206,元大-八德,2024-07-18,9813
00929,復華台灣科技優息,217,14,203,元大-八德,2024-07-18,9813
00936,台新永續高息中小,169,11,158,元大-八德,2024-07-18,9813
2382,廣達,153,6,147,元大-八德,2024-07-18,9813
00919,群益台灣精選高息,133,6,127,元大-八德,2024-07-18,9813
00946,群益科技高息成長,123,0,123,元大-八德,2024-07-18,9813
00918,大華優利高填息30,124,5,119,元大-八德,2024-07-18,9813
2338,光罩,203,115,88,元大-八德,2024-07-18,9813
00937B,群益ESG投等債20,80,6,74,元大-八德,2024-07-18,9813
02001L,富邦蘋果正二N,62,0,62,元大-八德,2024-07-18,9813
3481,群創,128,67,61,元大-八德,2024-07-18,9813
00881,國泰台灣5G+,51,1,50,元大-八德,2024-07-18,9813
6136,富爾特,50,0,50,元大-八德,2024-07-18,9813
3013,晟銘電,85,39,46,元大-八德,2024-07-18,9813
2543,皇昌,41,0,41,元大-八德,2024-07-18,9813
1785,光洋科,57,16,41,元大-八德,2024-07-18,9813
2438,翔耀,40,0,40,元大-八德,2024-07-18,9813
00891,中信關鍵半導體,40,5,35,元大-八德,2024-07-18,9813
3047,訊舟,31,0,31,元大-八德,2024-07-18,9813
2485,兆赫,30,0,30,元大-八德,2024-07-18,9813
00725B,國泰投資級公司債,28,0,28,元大-八德,2024-07-18,9813
2356,英業達,35,8,27,元大-八德,2024-07-18,9813
2330,台積電,48,21,27,元大-八德,2024-07-18,9813
6552,易華電,27,0,27,元大-八德,2024-07-18,9813
2312,金寶,29,3,26,元大-八德,2024-07-18,9813
2354,鴻準,24,0,24,元大-八德,2024-07-18,9813
00949,復華日本龍頭,25,1,24,元大-八德,2024-07-18,9813
2352,佳世達,24,0,24,元大-八德,2024-07-18,9813
9958,世紀鋼,28,4,24,元大-八德,2024-07-18,9813
2524,京城,41,18,23,元大-八德,2024-07-18,9813
0056,元大高股息,52,30,22,元大-八德,2024-07-18,9813
6411,晶焱,21,0,21,元大-八德,2024-07-18,9813
2887,台新金,31,10,21,元大-八德,2024-07-18,9813
00892,富邦台灣半導體,20,0,20,元大-八德,2024-07-18,9813
00948B,中信優息投資級債,20,0,20,元大-八德,2024-07-18,9813
1611,中電,53,35,18,元大-八德,2024-07-18,9813
00751B,元大AAA至A公司債,17,0,17,元大-八德,2024-07-18,9813
3017,奇鋐,19,3,16,元大-八德,2024-07-18,9813
00680L,元大美債20正2,15,0,15,元大-八德,2024-07-18,9813
00935,野村臺灣新科技50,15,0,15,元大-八德,2024-07-18,9813
3163,波若威,42,27,15,元大-八德,2024-07-18,9813
2313,華通,18,4,14,元大-八德,2024-07-18,9813
6770,力積電,24,10,14,元大-八德,2024-07-18,9813
2610,華航,26,12,14,元大-八德,2024-07-18,9813
006208,富邦台50,19,6,13,元大-八德,2024-07-18,9813
2365,昆盈,112,99,13,元大-八德,2024-07-18,9813
00934,中信成長高股息,13,0,13,元大-八德,2024-07-18,9813
1310,台苯,13,0,13,元大-八德,2024-07-18,9813
4967,十銓,18,5,13,元大-八德,2024-07-18,9813
2338,光罩,256,1,255,元大-八德,2024-07-19,9813
2888,新光金,233,3,230,元大-八德,2024-07-19,9813
00650L,復華香港正2,199,0,199,元大-八德,2024-07-19,9813
3189,景碩,153,6,147,元大-八德,2024-07-19,9813
00929,復華台灣科技優息,146,0,146,元大-八德,2024-07-19,9813
00937B,群益ESG投等債20,178,50,128,元大-八德,2024-07-19,9813
00919,群益台灣精選高息,110,0,110,元大-八德,2024-07-19,9813
00882,中信中國高股息,106,0,106,元大-八德,2024-07-19,9813
00878,國泰永續高股息,91,2,89,元大-八德,2024-07-19,9813
2408,南亞科,80,0,80,元大-八德,2024-07-19,9813
2892,第一金,71,0,71,元大-八德,2024-07-19,9813
4735,豪展,71,0,71,元大-八德,2024-07-19,9813
1540,喬福,66,6,60,元大-八德,2024-07-19,9813
00936,台新永續高息中小,61,2,59,元大-八德,2024-07-19,9813
0056,元大高股息,65,8,57,元大-八德,2024-07-19,9813
2330,台積電,75,22,53,元大-八德,2024-07-19,9813
2885,元大金,53,3,50,元大-八德,2024-07-19,9813
6136,富爾特,50,0,50,元大-八德,2024-07-19,9813
6806,森崴能源,50,3,47,元大-八德,2024-07-19,9813
2356,英業達,48,3,45,元大-八德,2024-07-19,9813
2392,正崴,47,4,43,元大-八德,2024-07-19,9813
1802,台玻,54,16,38,元大-八德,2024-07-19,9813
2881,富邦金,42,5,37,元大-八德,2024-07-19,9813
5880,合庫金,36,0,36,元大-八德,2024-07-19,9813
2897,王道銀行,35,0,35,元大-八德,2024-07-19,9813
6202,盛群,32,0,32,元大-八德,2024-07-19,9813
02001L,富邦蘋果正二N,21,0,21,元大-八德,2024-07-19,9813
1402,遠東新,21,0,21,元大-八德,2024-07-19,9813
2882,國泰金,34,14,20,元大-八德,2024-07-19,9813
1709,和益,35,15,20,元大-八德,2024-07-19,9813
1597,直得,30,11,19,元大-八德,2024-07-19,9813
5519,隆大,19,0,19,元大-八德,2024-07-19,9813
2891,中信金,20,1,19,元大-八德,2024-07-19,9813
2344,華邦電,18,0,18,元大-八德,2024-07-19,9813
1514,亞力,32,14,18,元大-八德,2024-07-19,9813
3379,彬台,17,0,17,元大-八德,2024-07-19,9813
6257,矽格,17,0,17,元大-八德,2024-07-19,9813
2365,昆盈,85,69,16,元大-八德,2024-07-19,9813
6770,力積電,16,1,15,元大-八德,2024-07-19,9813
0050,元大台灣50,16,1,15,元大-八德,2024-07-19,9813
00665L,富邦�琤肭磪囓�2,15,0,15,元大-八德,2024-07-19,9813
4123,晟德,16,1,15,元大-八德,2024-07-19,9813
3231,緯創,20,6,14,元大-八德,2024-07-19,9813
1513,中興電,18,4,14,元大-八德,2024-07-19,9813
00631L,元大台灣50正2,15,1,14,元大-八德,2024-07-19,9813
00712,復華富時不動產,24,10,14,元大-八德,2024-07-19,9813
1102,亞泥,14,1,13,元大-八德,2024-07-19,9813
3305,昇貿,13,0,13,元大-八德,2024-07-19,9813
3710,連展投控,13,0,13,元大-八德,2024-07-19,9813
0055,元大MSCI金融,13,0,13,元大-八德,2024-07-19,9813
2888,新光金,1187,234,953,元大-八德,2024-07-22,9813
00929,復華台灣科技優息,850,37,813,元大-八德,2024-07-22,9813
00632R,元大台灣50反1,667,30,637,元大-八德,2024-07-22,9813
00918,大華優利高填息30,193,0,193,元大-八德,2024-07-22,9813
3481,群創,184,14,170,元大-八德,2024-07-22,9813
2313,華通,83,1,82,元大-八德,2024-07-22,9813
3017,奇鋐,67,3,64,元大-八德,2024-07-22,9813
00946,群益科技高息成長,56,0,56,元大-八德,2024-07-22,9813
3062,建漢,77,26,51,元大-八德,2024-07-22,9813
00948B,中信優息投資級債,50,0,50,元大-八德,2024-07-22,9813
3037,欣興,81,36,45,元大-八德,2024-07-22,9813
006208,富邦台50,48,3,45,元大-八德,2024-07-22,9813
00878,國泰永續高股息,51,6,45,元大-八德,2024-07-22,9813
00937B,群益ESG投等債20,146,103,43,元大-八德,2024-07-22,9813
8473,山林水,42,5,37,元大-八德,2024-07-22,9813
0056,元大高股息,64,32,32,元大-八德,2024-07-22,9813
3322,建舜電,30,0,30,元大-八德,2024-07-22,9813
00934,中信成長高股息,29,0,29,元大-八德,2024-07-22,9813
0050,元大台灣50,53,25,28,元大-八德,2024-07-22,9813
4735,豪展,28,0,28,元大-八德,2024-07-22,9813
02001L,富邦蘋果正二N,27,0,27,元大-八德,2024-07-22,9813
00679B,元大美債20年,29,3,26,元大-八德,2024-07-22,9813
1785,光洋科,39,13,26,元大-八德,2024-07-22,9813
1609,大亞,35,9,26,元大-八德,2024-07-22,9813
2885,元大金,26,1,25,元大-八德,2024-07-22,9813
00939,統一台灣高息動能,22,0,22,元大-八德,2024-07-22,9813
6142,友勁,22,1,21,元大-八德,2024-07-22,9813
00637L,元大滬深300正2,30,10,20,元大-八德,2024-07-22,9813
00891,中信關鍵半導體,39,19,20,元大-八德,2024-07-22,9813
3004,豐達科,28,10,18,元大-八德,2024-07-22,9813
00882,中信中國高股息,17,0,17,元大-八德,2024-07-22,9813
2330,台積電,50,33,17,元大-八德,2024-07-22,9813
2351,順德,15,0,15,元大-八德,2024-07-22,9813
2838,聯邦銀,15,0,15,元大-八德,2024-07-22,9813
6605,帝寶,16,1,15,元大-八德,2024-07-22,9813
2408,南亞科,15,1,14,元大-八德,2024-07-22,9813
3673,TPK-KY,16,3,13,元大-八德,2024-07-22,9813
2344,華邦電,15,2,13,元大-八德,2024-07-22,9813
2352,佳世達,13,1,12,元大-八德,2024-07-22,9813
3312,弘憶股,18,6,12,元大-八德,2024-07-22,9813
3545,敦泰,12,1,11,元大-八德,2024-07-22,9813
2890,永豐金,10,0,10,元大-八德,2024-07-22,9813
00922,國泰台灣領袖50,10,0,10,元大-八德,2024-07-22,9813
00751B,元大AAA至A公司債,12,2,10,元大-八德,2024-07-22,9813
1108,幸福,10,0,10,元大-八德,2024-07-22,9813
2402,毅嘉,10,0,10,元大-八德,2024-07-22,9813
2520,冠德,10,0,10,元大-八德,2024-07-22,9813
8936,國統,17,7,10,元大-八德,2024-07-22,9813
3147,大綜,10,0,10,元大-八德,2024-07-22,9813
6598,ABC-KY,10,0,10,元大-八德,2024-07-22,9813
4726,永昕,156,9,147,元大-八德,2024-07-23,9813
00929,復華台灣科技優息,131,0,131,元大-八德,2024-07-23,9813
3481,群創,103,10,93,元大-八德,2024-07-23,9813
2338,光罩,92,0,92,元大-八德,2024-07-23,9813
2409,友達,73,5,68,元大-八德,2024-07-23,9813
00919,群益台灣精選高息,59,3,56,元大-八德,2024-07-23,9813
4735,豪展,50,0,50,元大-八德,2024-07-23,9813
6136,富爾特,50,0,50,元大-八德,2024-07-23,9813
00878,國泰永續高股息,49,6,43,元大-八德,2024-07-23,9813
2392,正崴,43,0,43,元大-八德,2024-07-23,9813
3376,新日興,53,11,42,元大-八德,2024-07-23,9813
3013,晟銘電,53,12,41,元大-八德,2024-07-23,9813
8076,伍豐,40,0,40,元大-八德,2024-07-23,9813
2543,皇昌,42,5,37,元大-八德,2024-07-23,9813
6829,千附精密,31,2,29,元大-八德,2024-07-23,9813
3037,欣興,60,34,26,元大-八德,2024-07-23,9813
2408,南亞科,26,0,26,元大-八德,2024-07-23,9813
00687B,國泰20年美債,45,20,25,元大-八德,2024-07-23,9813
0056,元大高股息,25,3,22,元大-八德,2024-07-23,9813
8085,福華,33,14,19,元大-八德,2024-07-23,9813
4714,永捷,18,0,18,元大-八德,2024-07-23,9813
2489,瑞軒,19,2,17,元大-八德,2024-07-23,9813
3048,益登,18,2,16,元大-八德,2024-07-23,9813
6552,易華電,16,0,16,元大-八德,2024-07-23,9813
00665L,富邦�琤肭磪囓�2,20,5,15,元大-八德,2024-07-23,9813
00949,復華日本龍頭,17,2,15,元大-八德,2024-07-23,9813
2351,順德,15,0,15,元大-八德,2024-07-23,9813
3673,TPK-KY,25,10,15,元大-八德,2024-07-23,9813
8926,台汽電,14,0,14,元大-八德,2024-07-23,9813
2891,中信金,16,3,13,元大-八德,2024-07-23,9813
2419,仲琦,11,0,11,元大-八德,2024-07-23,9813
1609,大亞,17,7,10,元大-八德,2024-07-23,9813
8054,安國,38,28,10,元大-八德,2024-07-23,9813
9105,泰金寶-DR,10,0,10,元大-八德,2024-07-23,9813
00751B,元大AAA至A公司債,10,0,10,元大-八德,2024-07-23,9813
00680L,元大美債20正2,10,0,10,元大-八德,2024-07-23,9813
00933B,國泰10Y+金融債,10,0,10,元大-八德,2024-07-23,9813
2528,皇普,10,0,10,元大-八德,2024-07-23,9813
6130,上亞科技,10,0,10,元大-八德,2024-07-23,9813
00937B,群益ESG投等債20,12,2,10,元大-八德,2024-07-23,9813
006208,富邦台50,13,3,10,元大-八德,2024-07-23,9813
2884,玉山金,10,1,9,元大-八德,2024-07-23,9813
9945,潤泰新,51,41,10,元大-八德,2024-07-23,9813
6147,頎邦,10,1,9,元大-八德,2024-07-23,9813
2376,技嘉,12,3,9,元大-八德,2024-07-23,9813
020023,元大櫃買半導體N,9,0,9,元大-八德,2024-07-23,9813
020035,元大上櫃ESG高息N,9,0,9,元大-八德,2024-07-23,9813
2867,三商壽,9,0,9,元大-八德,2024-07-23,9813
2330,台積電,12,4,8,元大-八德,2024-07-23,9813
2308,台達電,9,1,8,元大-八德,2024-07-23,9813
00948B,中信優息投資級債,499,0,499,元大-八德,2024-07-26,9813
00946,群益科技高息成長,456,3,453,元大-八德,2024-07-26,9813
00632R,元大台灣50反1,300,4,296,元大-八德,2024-07-26,9813
00882,中信中國高股息,215,0,215,元大-八德,2024-07-26,9813
00937B,群益ESG投等債20,191,0,191,元大-八德,2024-07-26,9813
4726,永昕,129,3,126,元大-八德,2024-07-26,9813
2330,台積電,134,12,122,元大-八德,2024-07-26,9813
00940,元大台灣價值高息,114,0,114,元大-八德,2024-07-26,9813
00919,群益台灣精選高息,95,1,94,元大-八德,2024-07-26,9813
00929,復華台灣科技優息,98,6,92,元大-八德,2024-07-26,9813
5533,皇鼎,80,0,80,元大-八德,2024-07-26,9813
00918,大華優利高填息30,66,0,66,元大-八德,2024-07-26,9813
4714,永捷,65,0,65,元大-八德,2024-07-26,9813
2884,玉山金,65,2,63,元大-八德,2024-07-26,9813
00637L,元大滬深300正2,55,0,55,元大-八德,2024-07-26,9813
2392,正崴,56,1,55,元大-八德,2024-07-26,9813
00936,台新永續高息中小,101,54,47,元大-八德,2024-07-26,9813
00878,國泰永續高股息,70,25,45,元大-八德,2024-07-26,9813
8027,鈦昇,40,0,40,元大-八德,2024-07-26,9813
2317,鴻海,60,23,37,元大-八德,2024-07-26,9813
0056,元大高股息,38,3,35,元大-八德,2024-07-26,9813
3037,欣興,51,17,34,元大-八德,2024-07-26,9813
3017,奇鋐,33,2,31,元大-八德,2024-07-26,9813
6136,富爾特,30,0,30,元大-八德,2024-07-26,9813
00665L,富邦�琤肭磪囓�2,25,0,25,元大-八德,2024-07-26,9813
0050,元大台灣50,27,2,25,元大-八德,2024-07-26,9813
2836,高雄銀,23,0,23,元大-八德,2024-07-26,9813
00881,國泰台灣5G+,22,0,22,元大-八德,2024-07-26,9813
00945B,凱基美國非投等債,20,0,20,元大-八德,2024-07-26,9813
1314,中石化,20,0,20,元大-八德,2024-07-26,9813
6023,元大期,20,0,20,元大-八德,2024-07-26,9813
2365,昆盈,71,51,20,元大-八德,2024-07-26,9813
00693U,期街口S＆P黃豆,19,0,19,元大-八德,2024-07-26,9813
00687B,國泰20年美債,25,7,18,元大-八德,2024-07-26,9813
2356,英業達,20,2,18,元大-八德,2024-07-26,9813
2885,元大金,20,3,17,元大-八德,2024-07-26,9813
3231,緯創,28,11,17,元大-八德,2024-07-26,9813
2838,聯邦銀,16,0,16,元大-八德,2024-07-26,9813
4735,豪展,16,0,16,元大-八德,2024-07-26,9813
2312,金寶,21,6,15,元大-八德,2024-07-26,9813
006208,富邦台50,18,4,14,元大-八德,2024-07-26,9813
2408,南亞科,17,3,14,元大-八德,2024-07-26,9813
00891,中信關鍵半導體,14,0,14,元大-八德,2024-07-26,9813
1540,喬福,22,8,14,元大-八德,2024-07-26,9813
00905,FT臺灣Smart,13,0,13,元大-八德,2024-07-26,9813
00631L,元大台灣50正2,14,1,13,元大-八德,2024-07-26,9813
1522,堤維西,22,10,12,元大-八德,2024-07-26,9813
00927,群益半導體收益,21,10,11,元大-八德,2024-07-26,9813
00935,野村臺灣新科技50,13,2,11,元大-八德,2024-07-26,9813
1597,直得,11,0,11,元大-八德,2024-07-26,9813
2888,新光金,4613,44,4569,元大-八德,2024-07-29,9813
00720B,元大投資級公司債,187,0,187,元大-八德,2024-07-29,9813
00929,復華台灣科技優息,175,12,163,元大-八德,2024-07-29,9813
00940,元大台灣價值高息,132,5,127,元大-八德,2024-07-29,9813
00937B,群益ESG投等債20,84,2,82,元大-八德,2024-07-29,9813
2344,華邦電,84,2,82,元大-八德,2024-07-29,9813
00679B,元大美債20年,67,1,66,元大-八德,2024-07-29,9813
00878,國泰永續高股息,83,25,58,元大-八德,2024-07-29,9813
2884,玉山金,53,0,53,元大-八德,2024-07-29,9813
0056,元大高股息,57,4,53,元大-八德,2024-07-29,9813
8358,金居,50,0,50,元大-八德,2024-07-29,9813
4714,永捷,47,0,47,元大-八德,2024-07-29,9813
2834,臺企銀,51,5,46,元大-八德,2024-07-29,9813
9933,中鼎,41,0,41,元大-八德,2024-07-29,9813
2845,遠東銀,41,0,41,元大-八德,2024-07-29,9813
2367,燿華,30,1,29,元大-八德,2024-07-29,9813
2356,英業達,25,0,25,元大-八德,2024-07-29,9813
5515,建國,25,0,25,元大-八德,2024-07-29,9813
00919,群益台灣精選高息,24,0,24,元大-八德,2024-07-29,9813
1432,大魯閣,21,0,21,元大-八德,2024-07-29,9813
1314,中石化,20,0,20,元大-八德,2024-07-29,9813
5533,皇鼎,20,0,20,元大-八德,2024-07-29,9813
8916,光隆,20,0,20,元大-八德,2024-07-29,9813
00680L,元大美債20正2,19,0,19,元大-八德,2024-07-29,9813
2303,聯電,19,1,18,元大-八德,2024-07-29,9813
2371,大同,18,0,18,元大-八德,2024-07-29,9813
4726,永昕,19,2,17,元大-八德,2024-07-29,9813
2882,國泰金,21,4,17,元大-八德,2024-07-29,9813
2388,威盛,17,1,16,元大-八德,2024-07-29,9813
00927,群益半導體收益,15,0,15,元大-八德,2024-07-29,9813
3673,TPK-KY,17,2,15,元大-八德,2024-07-29,9813
3526,凡甲,15,0,15,元大-八德,2024-07-29,9813
3035,智原,16,1,15,元大-八德,2024-07-29,9813
6271,同欣電,14,0,14,元大-八德,2024-07-29,9813
2438,翔耀,13,0,13,元大-八德,2024-07-29,9813
8064,東捷,24,11,13,元大-八德,2024-07-29,9813
3189,景碩,66,54,12,元大-八德,2024-07-29,9813
00933B,國泰10Y+金融債,17,5,12,元大-八德,2024-07-29,9813
020001,富邦存股雙十N,12,0,12,元大-八德,2024-07-29,9813
2392,正崴,12,0,12,元大-八德,2024-07-29,9813
4109,加捷生醫,16,4,12,元大-八德,2024-07-29,9813
2382,廣達,15,4,11,元大-八德,2024-07-29,9813
6770,力積電,11,0,11,元大-八德,2024-07-29,9813
2892,第一金,12,1,11,元大-八德,2024-07-29,9813
4974,亞泰,11,0,11,元大-八德,2024-07-29,9813
6244,茂迪,12,1,11,元大-八德,2024-07-29,9813
2338,光罩,11,1,10,元大-八德,2024-07-29,9813
00733,富邦臺灣中小,10,0,10,元大-八德,2024-07-29,9813
1809,中釉,10,0,10,元大-八德,2024-07-29,9813
3710,連展投控,10,0,10,元大-八德,2024-07-29,9813
2888,新光金,881,3,878,元大-八德,2024-07-30,9813
2382,廣達,152,4,148,元大-八德,2024-07-30,9813
2344,華邦電,144,6,138,元大-八德,2024-07-30,9813
00937B,群益ESG投等債20,140,3,137,元大-八德,2024-07-30,9813
00882,中信中國高股息,117,0,117,元大-八德,2024-07-30,9813
00929,復華台灣科技優息,149,33,116,元大-八德,2024-07-30,9813
2349,錸德,285,207,78,元大-八德,2024-07-30,9813
6191,精成科,75,0,75,元大-八德,2024-07-30,9813
00764B,群益25年美債,60,0,60,元大-八德,2024-07-30,9813
6213,聯茂,59,0,59,元大-八德,2024-07-30,9813
00946,群益科技高息成長,57,0,57,元大-八德,2024-07-30,9813
00687B,國泰20年美債,57,1,56,元大-八德,2024-07-30,9813
00751B,元大AAA至A公司債,65,10,55,元大-八德,2024-07-30,9813
00720B,元大投資級公司債,55,5,50,元大-八德,2024-07-30,9813
00931B,統一美債20年,50,0,50,元大-八德,2024-07-30,9813
2438,翔耀,43,0,43,元大-八德,2024-07-30,9813
00933B,國泰10Y+金融債,33,0,33,元大-八德,2024-07-30,9813
2884,玉山金,39,7,32,元大-八德,2024-07-30,9813
00878,國泰永續高股息,102,71,31,元大-八德,2024-07-30,9813
00680L,元大美債20正2,30,0,30,元大-八德,2024-07-30,9813
8358,金居,28,0,28,元大-八德,2024-07-30,9813
0056,元大高股息,43,15,28,元大-八德,2024-07-30,9813
2338,光罩,30,4,26,元大-八德,2024-07-30,9813
00637L,元大滬深300正2,25,0,25,元大-八德,2024-07-30,9813
3189,景碩,60,38,22,元大-八德,2024-07-30,9813
6271,同欣電,22,0,22,元大-八德,2024-07-30,9813
4726,永昕,21,0,21,元大-八德,2024-07-30,9813
1456,怡華,20,0,20,元大-八德,2024-07-30,9813
2883,凱基金,21,1,20,元大-八德,2024-07-30,9813
2891,中信金,25,7,18,元大-八德,2024-07-30,9813
2301,光寶科,29,12,17,元大-八德,2024-07-30,9813
3047,訊舟,16,1,15,元大-八德,2024-07-30,9813
2303,聯電,15,2,13,元大-八德,2024-07-30,9813
00679B,元大美債20年,13,1,12,元大-八德,2024-07-30,9813
2486,一詮,32,20,12,元大-八德,2024-07-30,9813
1536,和大,15,4,11,元大-八德,2024-07-30,9813
4735,豪展,11,0,11,元大-八德,2024-07-30,9813
6552,易華電,21,10,11,元大-八德,2024-07-30,9813
2890,永豐金,16,5,11,元大-八德,2024-07-30,9813
00665L,富邦�琤肭磪囓�2,10,0,10,元大-八德,2024-07-30,9813
00891,中信關鍵半導體,13,3,10,元大-八德,2024-07-30,9813
5328,華容,10,0,10,元大-八德,2024-07-30,9813
5469,瀚宇博,10,0,10,元大-八德,2024-07-30,9813
5533,皇鼎,10,0,10,元大-八德,2024-07-30,9813
6023,元大期,10,0,10,元大-八德,2024-07-30,9813
00949,復華日本龍頭,9,0,9,元大-八德,2024-07-30,9813
2515,中工,10,1,9,元大-八德,2024-07-30,9813
00947,台新臺灣IC設計,8,0,8,元大-八德,2024-07-30,9813
2885,元大金,8,0,8,元大-八德,2024-07-30,9813
2489,瑞軒,8,0,8,元大-八德,2024-07-30,9813
2337,旺宏,835,134,701,元大-八德,2024-07-31,9813
00706L,期元大S＆P日圓正2,300,0,300,元大-八德,2024-07-31,9813
00929,復華台灣科技優息,57,4,53,元大-八德,2024-07-31,9813
2834,臺企銀,51,0,51,元大-八德,2024-07-31,9813
2883,凱基金,51,2,49,元大-八德,2024-07-31,9813
3546,宇峻,43,0,43,元大-八德,2024-07-31,9813
5519,隆大,43,0,43,元大-八德,2024-07-31,9813
2607,榮運,40,1,39,元大-八德,2024-07-31,9813
3481,群創,63,26,37,元大-八德,2024-07-31,9813
00680L,元大美債20正2,35,0,35,元大-八德,2024-07-31,9813
3017,奇鋐,31,1,30,元大-八德,2024-07-31,9813
2408,南亞科,30,0,30,元大-八德,2024-07-31,9813
00878,國泰永續高股息,28,2,26,元大-八德,2024-07-31,9813
3231,緯創,33,7,26,元大-八德,2024-07-31,9813
2349,錸德,79,54,25,元大-八德,2024-07-31,9813
2845,遠東銀,25,0,25,元大-八德,2024-07-31,9813
006208,富邦台50,24,0,24,元大-八德,2024-07-31,9813
3037,欣興,27,4,23,元大-八德,2024-07-31,9813
00937B,群益ESG投等債20,58,37,21,元大-八德,2024-07-31,9813
00891,中信關鍵半導體,21,0,21,元大-八德,2024-07-31,9813
6570,維田,20,0,20,元大-八德,2024-07-31,9813
2615,萬海,40,21,19,元大-八德,2024-07-31,9813
4735,豪展,18,0,18,元大-八德,2024-07-31,9813
2393,億光,17,0,17,元大-八德,2024-07-31,9813
5364,力麗店,24,8,16,元大-八德,2024-07-31,9813
2888,新光金,28,12,16,元大-八德,2024-07-31,9813
4420,光明,15,0,15,元大-八德,2024-07-31,9813
3211,順達,15,1,14,元大-八德,2024-07-31,9813
00919,群益台灣精選高息,18,5,13,元大-八德,2024-07-31,9813
00940,元大台灣價值高息,30,17,13,元大-八德,2024-07-31,9813
00939,統一台灣高息動能,13,0,13,元大-八德,2024-07-31,9813
4726,永昕,13,0,13,元大-八德,2024-07-31,9813
3663,鑫科,15,2,13,元大-八德,2024-07-31,9813
9935,慶豐富,12,0,12,元大-八德,2024-07-31,9813
4967,十銓,11,0,11,元大-八德,2024-07-31,9813
6244,茂迪,11,0,11,元大-八德,2024-07-31,9813
3105,穩懋,14,4,10,元大-八德,2024-07-31,9813
6282,康舒,10,0,10,元大-八德,2024-07-31,9813
1312,國喬,10,0,10,元大-八德,2024-07-31,9813
1314,中石化,10,0,10,元大-八德,2024-07-31,9813
2374,佳能,10,0,10,元大-八德,2024-07-31,9813
2401,凌陽,10,0,10,元大-八德,2024-07-31,9813
5533,皇鼎,10,0,10,元大-八德,2024-07-31,9813
6799,來頡,10,0,10,元大-八德,2024-07-31,9813
00947,台新臺灣IC設計,9,0,9,元大-八德,2024-07-31,9813
3189,景碩,45,36,9,元大-八德,2024-07-31,9813
9958,世紀鋼,10,1,9,元大-八德,2024-07-31,9813
00830,國泰費城半導體,9,0,9,元大-八德,2024-07-31,9813
2641,正德,10,1,9,元大-八德,2024-07-31,9813
3004,豐達科,9,0,9,元大-八德,2024-07-31,9813
00753L,中信中國50正2,402,0,402,元大-八德,2024-08-01,9813
00688L,國泰20年美債正2,300,2,298,元大-八德,2024-08-01,9813
2887,台新金,158,0,158,元大-八德,2024-08-01,9813
00945B,凱基美國非投等債,90,0,90,元大-八德,2024-08-01,9813
3056,富華新,50,0,50,元大-八德,2024-08-01,9813
2888,新光金,95,48,47,元大-八德,2024-08-01,9813
4735,豪展,41,0,41,元大-八德,2024-08-01,9813
2892,第一金,40,7,33,元大-八德,2024-08-01,9813
00929,復華台灣科技優息,98,66,32,元大-八德,2024-08-01,9813
00679B,元大美債20年,40,8,32,元大-八德,2024-08-01,9813
00881,國泰台灣5G+,31,0,31,元大-八德,2024-08-01,9813
2515,中工,70,42,28,元大-八德,2024-08-01,9813
6213,聯茂,28,0,28,元大-八德,2024-08-01,9813
00931B,統一美債20年,67,40,27,元大-八德,2024-08-01,9813
00919,群益台灣精選高息,39,12,27,元大-八德,2024-08-01,9813
4945,陞達科技,24,0,24,元大-八德,2024-08-01,9813
3481,群創,25,3,22,元大-八德,2024-08-01,9813
00637L,元大滬深300正2,21,0,21,元大-八德,2024-08-01,9813
4526,東台,21,0,21,元大-八德,2024-08-01,9813
2383,台光電,37,16,21,元大-八德,2024-08-01,9813
00795B,中信美國公債20年,20,0,20,元大-八德,2024-08-01,9813
2535,達欣工,20,0,20,元大-八德,2024-08-01,9813
00772B,中信高評級公司債,20,1,19,元大-八德,2024-08-01,9813
2464,盟立,25,7,18,元大-八德,2024-08-01,9813
3376,新日興,22,5,17,元大-八德,2024-08-01,9813
5876,上海商銀,16,0,16,元大-八德,2024-08-01,9813
4958,臻鼎-KY,22,6,16,元大-八德,2024-08-01,9813
6603,富強鑫,15,0,15,元大-八德,2024-08-01,9813
5443,均豪,34,20,14,元大-八德,2024-08-01,9813
3047,訊舟,33,20,13,元大-八德,2024-08-01,9813
1326,台化,13,0,13,元大-八德,2024-08-01,9813
2236,百達-KY,13,0,13,元大-八德,2024-08-01,9813
020034,元大IC設計N,12,0,12,元大-八德,2024-08-01,9813
2891,中信金,18,6,12,元大-八德,2024-08-01,9813
3260,威剛,12,1,11,元大-八德,2024-08-01,9813
2393,億光,11,0,11,元大-八德,2024-08-01,9813
00949,復華日本龍頭,11,0,11,元大-八德,2024-08-01,9813
1597,直得,14,4,10,元大-八德,2024-08-01,9813
00878,國泰永續高股息,20,10,10,元大-八德,2024-08-01,9813
0056,元大高股息,11,1,10,元大-八德,2024-08-01,9813
8054,安國,22,12,10,元大-八德,2024-08-01,9813
00670L,富邦NASDAQ正2,10,0,10,元大-八德,2024-08-01,9813
00665L,富邦�琤肭磪囓�2,10,0,10,元大-八德,2024-08-01,9813
2492,華新科,10,0,10,元大-八德,2024-08-01,9813
2641,正德,10,0,10,元大-八德,2024-08-01,9813
3306,鼎天,10,0,10,元大-八德,2024-08-01,9813
5364,力麗店,12,2,10,元大-八德,2024-08-01,9813
3312,弘憶股,15,6,9,元大-八德,2024-08-01,9813
3211,順達,9,0,9,元大-八德,2024-08-01,9813
00631L,元大台灣50正2,9,0,9,元大-八德,2024-08-01,9813
00688L,國泰20年美債正2,600,0,600,元大-八德,2024-08-02,9813
2888,新光金,615,96,519,元大-八德,2024-08-02,9813
00632R,元大台灣50反1,476,10,466,元大-八德,2024-08-02,9813
2382,廣達,363,21,342,元大-八德,2024-08-02,9813
2338,光罩,210,0,210,元大-八德,2024-08-02,9813
2317,鴻海,208,16,192,元大-八德,2024-08-02,9813
00878,國泰永續高股息,166,6,160,元大-八德,2024-08-02,9813
2308,台達電,120,12,108,元大-八德,2024-08-02,9813
3265,台星科,100,0,100,元大-八德,2024-08-02,9813
00929,復華台灣科技優息,101,1,100,元大-八德,2024-08-02,9813
2330,台積電,84,23,61,元大-八德,2024-08-02,9813
00881,國泰台灣5G+,59,0,59,元大-八德,2024-08-02,9813
0056,元大高股息,56,3,53,元大-八德,2024-08-02,9813
00679B,元大美債20年,57,4,53,元大-八德,2024-08-02,9813
00720B,元大投資級公司債,53,1,52,元大-八德,2024-08-02,9813
2610,華航,52,1,51,元大-八德,2024-08-02,9813
00931B,統一美債20年,50,0,50,元大-八德,2024-08-02,9813
2845,遠東銀,50,0,50,元大-八德,2024-08-02,9813
2913,農林,49,0,49,元大-八德,2024-08-02,9813
00940,元大台灣價值高息,161,113,48,元大-八德,2024-08-02,9813
2884,玉山金,46,0,46,元大-八德,2024-08-02,9813
2891,中信金,46,2,44,元大-八德,2024-08-02,9813
3017,奇鋐,43,1,42,元大-八德,2024-08-02,9813
0050,元大台灣50,43,4,39,元大-八德,2024-08-02,9813
006208,富邦台50,36,3,33,元大-八德,2024-08-02,9813
00936,台新永續高息中小,33,0,33,元大-八德,2024-08-02,9813
00927,群益半導體收益,31,0,31,元大-八德,2024-08-02,9813
1711,永光,31,0,31,元大-八德,2024-08-02,9813
2892,第一金,31,0,31,元大-八德,2024-08-02,9813
6552,易華電,29,0,29,元大-八德,2024-08-02,9813
2362,藍天,29,1,28,元大-八德,2024-08-02,9813
00891,中信關鍵半導體,27,1,26,元大-八德,2024-08-02,9813
00935,野村臺灣新科技50,24,0,24,元大-八德,2024-08-02,9813
00919,群益台灣精選高息,83,59,24,元大-八德,2024-08-02,9813
5522,遠雄,20,0,20,元大-八德,2024-08-02,9813
6016,康和證,20,0,20,元大-八德,2024-08-02,9813
6023,元大期,20,0,20,元大-八德,2024-08-02,9813
8440,綠電,20,0,20,元大-八德,2024-08-02,9813
5880,合庫金,22,3,19,元大-八德,2024-08-02,9813
4534,慶騰,20,1,19,元大-八德,2024-08-02,9813
3037,欣興,20,2,18,元大-八德,2024-08-02,9813
3024,憶聲,25,7,18,元大-八德,2024-08-02,9813
2365,昆盈,162,144,18,元大-八德,2024-08-02,9813
00946,群益科技高息成長,17,0,17,元大-八德,2024-08-02,9813
00885,富邦越南,22,6,16,元大-八德,2024-08-02,9813
00923,群益台ESG低碳50,16,0,16,元大-八德,2024-08-02,9813
2885,元大金,16,0,16,元大-八德,2024-08-02,9813
2354,鴻準,16,1,15,元大-八德,2024-08-02,9813
9958,世紀鋼,15,0,15,元大-八德,2024-08-02,9813
00949,復華日本龍頭,15,0,15,元大-八德,2024-08-02,9813
00688L,國泰20年美債正2,2041,20,2021,元大-八德,2024-08-05,9813
00945B,凱基美國非投等債,409,0,409,元大-八德,2024-08-05,9813
00882,中信中國高股息,302,0,302,元大-八德,2024-08-05,9813
00940,元大台灣價值高息,361,129,232,元大-八德,2024-08-05,9813
00929,復華台灣科技優息,253,37,216,元大-八德,2024-08-05,9813
2337,旺宏,232,17,215,元大-八德,2024-08-05,9813
3481,群創,223,11,212,元大-八德,2024-08-05,9813
6023,元大期,165,0,165,元大-八德,2024-08-05,9813
2317,鴻海,1807,1663,144,元大-八德,2024-08-05,9813
00946,群益科技高息成長,140,5,135,元大-八德,2024-08-05,9813
0056,元大高股息,136,6,130,元大-八德,2024-08-05,9813
2887,台新金,182,55,127,元大-八德,2024-08-05,9813
00919,群益台灣精選高息,131,4,127,元大-八德,2024-08-05,9813
00878,國泰永續高股息,211,89,122,元大-八德,2024-08-05,9813
2409,友達,133,30,103,元大-八德,2024-08-05,9813
2330,台積電,272,196,76,元大-八德,2024-08-05,9813
6005,群益證,73,4,69,元大-八德,2024-08-05,9813
00642U,期元大S＆P石油,68,0,68,元大-八德,2024-08-05,9813
00687B,國泰20年美債,199,132,67,元大-八德,2024-08-05,9813
5533,皇鼎,60,0,60,元大-八德,2024-08-05,9813
3546,宇峻,54,0,54,元大-八德,2024-08-05,9813
00891,中信關鍵半導體,50,0,50,元大-八德,2024-08-05,9813
6546,正基,46,0,46,元大-八德,2024-08-05,9813
8916,光隆,40,0,40,元大-八德,2024-08-05,9813
00795B,中信美國公債20年,35,0,35,元大-八德,2024-08-05,9813
00680L,元大美債20正2,135,100,35,元大-八德,2024-08-05,9813
00696B,富邦美債20年,32,0,32,元大-八德,2024-08-05,9813
3017,奇鋐,32,1,31,元大-八德,2024-08-05,9813
2897,王道銀行,32,0,32,元大-八德,2024-08-05,9813
6016,康和證,30,0,30,元大-八德,2024-08-05,9813
00881,國泰台灣5G+,40,10,30,元大-八德,2024-08-05,9813
00713,元大台灣高息低波,30,1,29,元大-八德,2024-08-05,9813
00692,富邦公司治理,33,5,28,元大-八德,2024-08-05,9813
2515,中工,26,0,26,元大-八德,2024-08-05,9813
6535,順藥,26,0,26,元大-八德,2024-08-05,9813
2882,國泰金,58,34,24,元大-八德,2024-08-05,9813
00941,中信上游半導體,23,0,23,元大-八德,2024-08-05,9813
1314,中石化,22,0,22,元大-八德,2024-08-05,9813
2312,金寶,21,0,21,元大-八德,2024-08-05,9813
3163,波若威,21,0,21,元大-八德,2024-08-05,9813
2382,廣達,25,5,20,元大-八德,2024-08-05,9813
00936,台新永續高息中小,20,0,20,元大-八德,2024-08-05,9813
1444,力麗,20,0,20,元大-八德,2024-08-05,9813
3036,文曄,22,3,19,元大-八德,2024-08-05,9813
2801,彰銀,19,0,19,元大-八德,2024-08-05,9813
1440,南紡,18,0,18,元大-八德,2024-08-05,9813
2352,佳世達,21,3,18,元大-八德,2024-08-05,9813
6873,泓德能源,18,0,18,元大-八德,2024-08-05,9813
2891,中信金,36,18,18,元大-八德,2024-08-05,9813
00730,富邦臺灣優質高息,17,0,17,元大-八德,2024-08-05,9813
00688L,國泰20年美債正2,665,5,660,元大-八德,2024-08-06,9813
2888,新光金,429,1,428,元大-八德,2024-08-06,9813
3481,群創,375,42,333,元大-八德,2024-08-06,9813
00687B,國泰20年美債,387,179,208,元大-八德,2024-08-06,9813
00680L,元大美債20正2,263,110,153,元大-八德,2024-08-06,9813
00940,元大台灣價值高息,158,41,117,元大-八德,2024-08-06,9813
00679B,元大美債20年,157,41,116,元大-八德,2024-08-06,9813
00882,中信中國高股息,91,0,91,元大-八德,2024-08-06,9813
00929,復華台灣科技優息,132,45,87,元大-八德,2024-08-06,9813
4714,永捷,86,2,84,元大-八德,2024-08-06,9813
2313,華通,81,4,77,元大-八德,2024-08-06,9813
00878,國泰永續高股息,94,24,70,元大-八德,2024-08-06,9813
00933B,國泰10Y+金融債,66,0,66,元大-八德,2024-08-06,9813
3052,夆典,80,20,60,元大-八德,2024-08-06,9813
6023,元大期,51,0,51,元大-八德,2024-08-06,9813
00671R,富邦NASDAQ反1,50,0,50,元大-八德,2024-08-06,9813
6546,正基,52,2,50,元大-八德,2024-08-06,9813
00720B,元大投資級公司債,54,9,45,元大-八德,2024-08-06,9813
3058,立德,45,0,45,元大-八德,2024-08-06,9813
5450,南良,39,0,39,元大-八德,2024-08-06,9813
2887,台新金,41,8,33,元大-八德,2024-08-06,9813
0056,元大高股息,47,18,29,元大-八德,2024-08-06,9813
2409,友達,29,1,28,元大-八德,2024-08-06,9813
2464,盟立,33,5,28,元大-八德,2024-08-06,9813
5328,華容,28,0,28,元大-八德,2024-08-06,9813
5371,中光電,37,10,27,元大-八德,2024-08-06,9813
9904,寶成,26,0,26,元大-八德,2024-08-06,9813
2609,陽明,39,13,26,元大-八德,2024-08-06,9813
00932,兆豐永續高息等權,21,0,21,元大-八德,2024-08-06,9813
3703,欣陸,20,0,20,元大-八德,2024-08-06,9813
3715,定穎投控,23,3,20,元大-八德,2024-08-06,9813
3037,欣興,27,10,17,元大-八德,2024-08-06,9813
020000,富邦特選蘋果N,17,0,17,元大-八德,2024-08-06,9813
3376,新日興,20,4,16,元大-八德,2024-08-06,9813
2362,藍天,17,1,16,元大-八德,2024-08-06,9813
4303,信立,15,0,15,元大-八德,2024-08-06,9813
6535,順藥,21,6,15,元大-八德,2024-08-06,9813
006208,富邦台50,21,7,14,元大-八德,2024-08-06,9813
1540,喬福,98,85,13,元大-八德,2024-08-06,9813
3163,波若威,22,9,13,元大-八德,2024-08-06,9813
0050,元大台灣50,33,20,13,元大-八德,2024-08-06,9813
00772B,中信高評級公司債,12,0,12,元大-八德,2024-08-06,9813
020035,元大上櫃ESG高息N,12,0,12,元大-八德,2024-08-06,9813
1710,東聯,12,0,12,元大-八德,2024-08-06,9813
2486,一詮,16,4,12,元大-八德,2024-08-06,9813
5364,力麗店,30,18,12,元大-八德,2024-08-06,9813
6213,聯茂,16,4,12,元大-八德,2024-08-06,9813
6735,美達科技,12,0,12,元大-八德,2024-08-06,9813
00713,元大台灣高息低波,12,1,11,元大-八德,2024-08-06,9813
1597,直得,11,0,11,元大-八德,2024-08-06,9813
00688L,國泰20年美債正2,516,10,506,元大-八德,2024-08-07,9813
00687B,國泰20年美債,298,32,266,元大-八德,2024-08-07,9813
00679B,元大美債20年,283,59,224,元大-八德,2024-08-07,9813
2887,台新金,106,0,106,元大-八德,2024-08-07,9813
3052,夆典,70,0,70,元大-八德,2024-08-07,9813
2409,友達,60,0,60,元大-八德,2024-08-07,9813
6005,群益證,60,5,55,元大-八德,2024-08-07,9813
00929,復華台灣科技優息,57,5,52,元大-八德,2024-08-07,9813
00751B,元大AAA至A公司債,51,0,51,元大-八德,2024-08-07,9813
2890,永豐金,55,5,50,元大-八德,2024-08-07,9813
0056,元大高股息,50,4,46,元大-八德,2024-08-07,9813
9945,潤泰新,45,3,42,元大-八德,2024-08-07,9813
00933B,國泰10Y+金融債,36,0,36,元大-八德,2024-08-07,9813
020027,元大上櫃ESG成長N,35,0,35,元大-八德,2024-08-07,9813
2633,台灣高鐵,32,0,32,元大-八德,2024-08-07,9813
00878,國泰永續高股息,34,3,31,元大-八德,2024-08-07,9813
2880,華南金,30,0,30,元大-八德,2024-08-07,9813
2882,國泰金,40,11,29,元大-八德,2024-08-07,9813
8354,冠好,31,3,28,元大-八德,2024-08-07,9813
0055,元大MSCI金融,27,0,27,元大-八德,2024-08-07,9813
00919,群益台灣精選高息,30,4,26,元大-八德,2024-08-07,9813
2886,兆豐金,32,6,26,元大-八德,2024-08-07,9813
2356,英業達,25,1,24,元大-八德,2024-08-07,9813
2850,新產,24,0,24,元大-八德,2024-08-07,9813
00720B,元大投資級公司債,24,2,22,元大-八德,2024-08-07,9813
00642U,期元大S＆P石油,22,0,22,元大-八德,2024-08-07,9813
8054,安國,59,37,22,元大-八德,2024-08-07,9813
2885,元大金,28,6,22,元大-八德,2024-08-07,9813
2382,廣達,29,8,21,元大-八德,2024-08-07,9813
020023,元大櫃買半導體N,20,0,20,元大-八德,2024-08-07,9813
4540,全球傳動,20,0,20,元大-八德,2024-08-07,9813
00893,國泰智能電動車,18,0,18,元大-八德,2024-08-07,9813
2059,川湖,22,4,18,元大-八德,2024-08-07,9813
1216,統一,16,0,16,元大-八德,2024-08-07,9813
00891,中信關鍵半導體,17,1,16,元大-八德,2024-08-07,9813
3024,憶聲,16,0,16,元大-八德,2024-08-07,9813
2609,陽明,42,29,13,元大-八德,2024-08-07,9813
2460,建通,12,0,12,元大-八德,2024-08-07,9813
4909,新復興,20,9,11,元大-八德,2024-08-07,9813
00795B,中信美國公債20年,10,0,10,元大-八德,2024-08-07,9813
00664R,國泰臺灣加權反1,10,0,10,元大-八德,2024-08-07,9813
020001,富邦存股雙十N,10,0,10,元大-八德,2024-08-07,9813
1303,南亞,10,0,10,元大-八德,2024-08-07,9813
2881,富邦金,22,12,10,元大-八德,2024-08-07,9813
2449,京元電子,16,7,9,元大-八德,2024-08-07,9813
6552,易華電,9,0,9,元大-八德,2024-08-07,9813
6446,藥華藥,15,6,9,元大-八德,2024-08-07,9813
2031,新光鋼,10,1,9,元大-八德,2024-08-07,9813
3035,智原,27,18,9,元大-八德,2024-08-07,9813
00631L,元大台灣50正2,11,3,8,元大-八德,2024-08-07,9813
00632R,元大台灣50反1,401,32,369,元大-八德,2024-08-08,9813
00929,復華台灣科技優息,248,28,220,元大-八德,2024-08-08,9813
00679B,元大美債20年,221,43,178,元大-八德,2024-08-08,9813
3450,聯鈞,112,7,105,元大-八德,2024-08-08,9813
00751B,元大AAA至A公司債,103,0,103,元大-八德,2024-08-08,9813
00680L,元大美債20正2,116,13,103,元大-八德,2024-08-08,9813
9934,成霖,98,0,98,元大-八德,2024-08-08,9813
00688L,國泰20年美債正2,101,6,95,元大-八德,2024-08-08,9813
00720B,元大投資級公司債,67,1,66,元大-八德,2024-08-08,9813
00933B,國泰10Y+金融債,61,0,61,元大-八德,2024-08-08,9813
2891,中信金,56,4,52,元大-八德,2024-08-08,9813
00878,國泰永續高股息,53,3,50,元大-八德,2024-08-08,9813
00937B,群益ESG投等債20,138,90,48,元大-八德,2024-08-08,9813
2834,臺企銀,45,0,45,元大-八德,2024-08-08,9813
2317,鴻海,83,39,44,元大-八德,2024-08-08,9813
00940,元大台灣價值高息,61,20,41,元大-八德,2024-08-08,9813
00687B,國泰20年美債,42,12,30,元大-八德,2024-08-08,9813
2886,兆豐金,31,1,30,元大-八德,2024-08-08,9813
2615,萬海,48,19,29,元大-八德,2024-08-08,9813
1301,台塑,26,0,26,元大-八德,2024-08-08,9813
1471,首利,24,0,24,元大-八德,2024-08-08,9813
4564,元翎,24,0,24,元大-八德,2024-08-08,9813
00927,群益半導體收益,23,0,23,元大-八德,2024-08-08,9813
1326,台化,22,0,22,元大-八德,2024-08-08,9813
6505,台塑化,20,0,20,元大-八德,2024-08-08,9813
4743,合一,20,0,20,元大-八德,2024-08-08,9813
1303,南亞,21,1,20,元大-八德,2024-08-08,9813
00919,群益台灣精選高息,18,0,18,元大-八德,2024-08-08,9813
2106,建大,18,0,18,元大-八德,2024-08-08,9813
3231,緯創,24,6,18,元大-八德,2024-08-08,9813
2330,台積電,32,15,17,元大-八德,2024-08-08,9813
3312,弘憶股,24,7,17,元大-八德,2024-08-08,9813
4562,穎漢,19,2,17,元大-八德,2024-08-08,9813
3653,健策,16,0,16,元大-八德,2024-08-08,9813
5515,建國,16,0,16,元大-八德,2024-08-08,9813
8096,擎亞,55,39,16,元大-八德,2024-08-08,9813
8043,蜜望實,127,112,15,元大-八德,2024-08-08,9813
3376,新日興,19,4,15,元大-八德,2024-08-08,9813
0056,元大高股息,24,10,14,元大-八德,2024-08-08,9813
00715L,期街口布蘭特正2,14,0,14,元大-八德,2024-08-08,9813
00946,群益科技高息成長,13,0,13,元大-八德,2024-08-08,9813
5443,均豪,30,18,12,元大-八德,2024-08-08,9813
2382,廣達,23,11,12,元大-八德,2024-08-08,9813
00891,中信關鍵半導體,17,6,11,元大-八德,2024-08-08,9813
00939,統一台灣高息動能,11,0,11,元大-八德,2024-08-08,9813
2002,中鋼,11,0,11,元大-八德,2024-08-08,9813
3289,宜特,15,4,11,元大-八德,2024-08-08,9813
6116,彩晶,11,0,11,元大-八德,2024-08-08,9813
00881,國泰台灣5G+,10,0,10,元大-八德,2024-08-08,9813
00665L,富邦�琤肭磪囓�2,10,0,10,元大-八德,2024-08-08,9813
00679B,元大美債20年,319,8,311,元大-八德,2024-08-09,9813
00937B,群益ESG投等債20,264,10,254,元大-八德,2024-08-09,9813
00929,復華台灣科技優息,254,21,233,元大-八德,2024-08-09,9813
00680L,元大美債20正2,194,0,194,元大-八德,2024-08-09,9813
00881,國泰台灣5G+,124,0,124,元大-八德,2024-08-09,9813
00940,元大台灣價值高息,142,37,105,元大-八德,2024-08-09,9813
3062,建漢,100,0,100,元大-八德,2024-08-09,9813
00751B,元大AAA至A公司債,97,0,97,元大-八德,2024-08-09,9813
00688L,國泰20年美債正2,82,10,72,元大-八德,2024-08-09,9813
00933B,國泰10Y+金融債,72,10,62,元大-八德,2024-08-09,9813
00720B,元大投資級公司債,64,10,54,元大-八德,2024-08-09,9813
2888,新光金,203,149,54,元大-八德,2024-08-09,9813
00687B,國泰20年美債,55,5,50,元大-八德,2024-08-09,9813
8040,九暘,46,0,46,元大-八德,2024-08-09,9813
3438,類比科,35,0,35,元大-八德,2024-08-09,9813
00951,台新日本半導體,33,0,33,元大-八德,2024-08-09,9813
2302,麗正,33,0,33,元大-八德,2024-08-09,9813
3044,健鼎,42,11,31,元大-八德,2024-08-09,9813
00764B,群益25年美債,30,0,30,元大-八德,2024-08-09,9813
5533,皇鼎,30,0,30,元大-八德,2024-08-09,9813
2382,廣達,30,2,28,元大-八德,2024-08-09,9813
4510,高鋒,27,1,26,元大-八德,2024-08-09,9813
3711,日月光投控,30,4,26,元大-八德,2024-08-09,9813
5519,隆大,25,0,25,元大-八德,2024-08-09,9813
00919,群益台灣精選高息,24,1,23,元大-八德,2024-08-09,9813
2365,昆盈,129,108,21,元大-八德,2024-08-09,9813
1342,八貫,20,0,20,元大-八德,2024-08-09,9813
6570,維田,20,0,20,元大-八德,2024-08-09,9813
2369,菱生,20,2,18,元大-八德,2024-08-09,9813
00945B,凱基美國非投等債,13,0,13,元大-八德,2024-08-09,9813
3035,智原,11,0,11,元大-八德,2024-08-09,9813
00725B,國泰投資級公司債,11,0,11,元大-八德,2024-08-09,9813
00948B,中信優息投資級債,13,2,11,元大-八德,2024-08-09,9813
00949,復華日本龍頭,11,0,11,元大-八德,2024-08-09,9813
3363,上詮,11,0,11,元大-八德,2024-08-09,9813
00931B,統一美債20年,10,0,10,元大-八德,2024-08-09,9813
00671R,富邦NASDAQ反1,10,0,10,元大-八德,2024-08-09,9813
00650L,復華香港正2,10,0,10,元大-八德,2024-08-09,9813
1799,易威,11,1,10,元大-八德,2024-08-09,9813
6257,矽格,10,0,10,元大-八德,2024-08-09,9813
6689,伊雲谷,10,0,10,元大-八德,2024-08-09,9813
6873,泓德能源,10,0,10,元大-八德,2024-08-09,9813
2615,萬海,26,16,10,元大-八德,2024-08-09,9813
2886,兆豐金,12,2,10,元大-八德,2024-08-09,9813
00795B,中信美國公債20年,9,0,9,元大-八德,2024-08-09,9813
3167,大量,13,4,9,元大-八德,2024-08-09,9813
8050,廣積,9,0,9,元大-八德,2024-08-09,9813
1301,台塑,11,3,8,元大-八德,2024-08-09,9813
00632R,元大台灣50反1,8,0,8,元大-八德,2024-08-09,9813
2206,三陽工業,8,0,8,元大-八德,2024-08-09,9813
2888,新光金,999,21,978,元大-八德,2024-08-12,9813
00688L,國泰20年美債正2,762,0,762,元大-八德,2024-08-12,9813
00680L,元大美債20正2,320,0,320,元大-八德,2024-08-12,9813
2883,凱基金,190,0,190,元大-八德,2024-08-12,9813
00929,復華台灣科技優息,182,13,169,元大-八德,2024-08-12,9813
00679B,元大美債20年,134,0,134,元大-八德,2024-08-12,9813
2891,中信金,93,6,87,元大-八德,2024-08-12,9813
3023,信邦,50,0,50,元大-八德,2024-08-12,9813
3491,昇達科,50,0,50,元大-八德,2024-08-12,9813
00632R,元大台灣50反1,41,0,41,元大-八德,2024-08-12,9813
00937B,群益ESG投等債20,31,1,30,元大-八德,2024-08-12,9813
2520,冠德,33,3,30,元大-八德,2024-08-12,9813
1402,遠東新,31,3,28,元大-八德,2024-08-12,9813
3663,鑫科,34,10,24,元大-八德,2024-08-12,9813
3037,欣興,31,9,22,元大-八德,2024-08-12,9813
3024,憶聲,26,4,22,元大-八德,2024-08-12,9813
2486,一詮,28,6,22,元大-八德,2024-08-12,9813
00948B,中信優息投資級債,21,0,21,元大-八德,2024-08-12,9813
1597,直得,32,11,21,元大-八德,2024-08-12,9813
6552,易華電,31,10,21,元大-八德,2024-08-12,9813
2641,正德,20,0,20,元大-八德,2024-08-12,9813
3438,類比科,20,0,20,元大-八德,2024-08-12,9813
9939,宏全,20,0,20,元大-八德,2024-08-12,9813
00881,國泰台灣5G+,20,1,19,元大-八德,2024-08-12,9813
006208,富邦台50,22,3,19,元大-八德,2024-08-12,9813
2885,元大金,18,0,18,元大-八德,2024-08-12,9813
1216,統一,17,0,17,元大-八德,2024-08-12,9813
1609,大亞,15,1,14,元大-八德,2024-08-12,9813
8374,羅昇,27,13,14,元大-八德,2024-08-12,9813
1527,鑽全,19,6,13,元大-八德,2024-08-12,9813
00687B,國泰20年美債,16,3,13,元大-八德,2024-08-12,9813
1316,上曜,13,0,13,元大-八德,2024-08-12,9813
2882,國泰金,16,3,13,元大-八德,2024-08-12,9813
00919,群益台灣精選高息,20,8,12,元大-八德,2024-08-12,9813
00720B,元大投資級公司債,20,8,12,元大-八德,2024-08-12,9813
8043,蜜望實,28,16,12,元大-八德,2024-08-12,9813
1301,台塑,12,0,12,元大-八德,2024-08-12,9813
00665L,富邦�琤肭磪囓�2,10,0,10,元大-八德,2024-08-12,9813
00949,復華日本龍頭,10,0,10,元大-八德,2024-08-12,9813
4306,炎洲,10,0,10,元大-八德,2024-08-12,9813
5533,皇鼎,10,0,10,元大-八德,2024-08-12,9813
6443,元晶,10,0,10,元大-八德,2024-08-12,9813
8084,巨虹,10,0,10,元大-八德,2024-08-12,9813
00751B,元大AAA至A公司債,10,1,9,元大-八德,2024-08-12,9813
1805,寶徠,9,0,9,元大-八德,2024-08-12,9813
2353,宏��,9,0,9,元大-八德,2024-08-12,9813
00878,國泰永續高股息,39,31,8,元大-八德,2024-08-12,9813
1455,集盛,8,0,8,元大-八德,2024-08-12,9813
2429,銘旺科,10,2,8,元大-八德,2024-08-12,9813
2606,裕民,8,0,8,元大-八德,2024-08-12,9813
00937B,群益ESG投等債20,383,0,383,元大-八德,2024-08-13,9813
3023,信邦,142,1,141,元大-八德,2024-08-13,9813
00679B,元大美債20年,115,0,115,元大-八德,2024-08-13,9813
2880,華南金,83,1,82,元大-八德,2024-08-13,9813
00680L,元大美債20正2,65,3,62,元大-八德,2024-08-13,9813
2520,冠德,73,13,60,元大-八德,2024-08-13,9813
2834,臺企銀,60,0,60,元大-八德,2024-08-13,9813
00632R,元大台灣50反1,46,0,46,元大-八德,2024-08-13,9813
4714,永捷,38,0,38,元大-八德,2024-08-13,9813
3481,群創,35,4,31,元大-八德,2024-08-13,9813
00878,國泰永續高股息,34,3,31,元大-八德,2024-08-13,9813
2609,陽明,32,9,23,元大-八德,2024-08-13,9813
3491,昇達科,21,1,20,元大-八德,2024-08-13,9813
00936,台新永續高息中小,20,0,20,元大-八德,2024-08-13,9813
2605,新興,20,0,20,元大-八德,2024-08-13,9813
2886,兆豐金,19,0,19,元大-八德,2024-08-13,9813
2615,萬海,34,15,19,元大-八德,2024-08-13,9813
2883,凱基金,21,2,19,元大-八德,2024-08-13,9813
1301,台塑,16,1,15,元大-八德,2024-08-13,9813
00933B,國泰10Y+金融債,15,0,15,元大-八德,2024-08-13,9813
2882,國泰金,15,1,14,元大-八德,2024-08-13,9813
2890,永豐金,14,0,14,元大-八德,2024-08-13,9813
3455,由田,15,1,14,元大-八德,2024-08-13,9813
4562,穎漢,20,7,13,元大-八德,2024-08-13,9813
9945,潤泰新,15,3,12,元大-八德,2024-08-13,9813
00882,中信中國高股息,12,1,11,元大-八德,2024-08-13,9813
2885,元大金,11,1,10,元大-八德,2024-08-13,9813
6505,台塑化,10,0,10,元大-八德,2024-08-13,9813
00717,富邦美國特別股,10,0,10,元大-八德,2024-08-13,9813
00712,復華富時不動產,10,0,10,元大-八德,2024-08-13,9813
00693U,期街口S＆P黃豆,10,0,10,元大-八德,2024-08-13,9813
00887,永豐中國科技50大,10,0,10,元大-八德,2024-08-13,9813
1316,上曜,10,0,10,元大-八德,2024-08-13,9813
1570,力肯,10,0,10,元大-八德,2024-08-13,9813
2355,敬鵬,10,0,10,元大-八德,2024-08-13,9813
2401,凌陽,10,0,10,元大-八德,2024-08-13,9813
5328,華容,10,0,10,元大-八德,2024-08-13,9813
5533,皇鼎,10,0,10,元大-八德,2024-08-13,9813
6753,龍德造船,10,0,10,元大-八德,2024-08-13,9813
2504,國產,11,2,9,元大-八德,2024-08-13,9813
1303,南亞,10,1,9,元大-八德,2024-08-13,9813
3303,岱稜,76,67,9,元大-八德,2024-08-13,9813
4735,豪展,9,0,9,元大-八德,2024-08-13,9813
1569,濱川,8,0,8,元大-八德,2024-08-13,9813
3231,緯創,15,8,7,元大-八德,2024-08-13,9813
00929,復華台灣科技優息,12,5,7,元大-八德,2024-08-13,9813
2383,台光電,25,18,7,元大-八德,2024-08-13,9813
3356,奇偶,8,1,7,元大-八德,2024-08-13,9813
4953,緯軟,7,0,7,元大-八德,2024-08-13,9813
5443,均豪,23,16,7,元大-八德,2024-08-13,9813
00795B,中信美國公債20年,560,0,560,元大-八德,2024-08-14,9813
00937B,群益ESG投等債20,153,20,133,元大-八德,2024-08-14,9813
00679B,元大美債20年,114,0,114,元大-八德,2024-08-14,9813
00671R,富邦NASDAQ反1,100,0,100,元大-八德,2024-08-14,9813
00680L,元大美債20正2,78,0,78,元大-八德,2024-08-14,9813
00929,復華台灣科技優息,79,7,72,元大-八德,2024-08-14,9813
3023,信邦,66,2,64,元大-八德,2024-08-14,9813
2610,華航,38,0,38,元大-八德,2024-08-14,9813
2884,玉山金,38,5,33,元大-八德,2024-08-14,9813
00915,凱基優選高股息30,30,0,30,元大-八德,2024-08-14,9813
2801,彰銀,30,0,30,元大-八德,2024-08-14,9813
8916,光隆,29,0,29,元大-八德,2024-08-14,9813
2066,世德,27,0,27,元大-八德,2024-08-14,9813
3491,昇達科,23,0,23,元大-八德,2024-08-14,9813
3374,精材,22,1,21,元大-八德,2024-08-14,9813
00881,國泰台灣5G+,20,0,20,元大-八德,2024-08-14,9813
00882,中信中國高股息,20,0,20,元大-八德,2024-08-14,9813
4534,慶騰,18,0,18,元大-八德,2024-08-14,9813
5386,青雲,17,0,17,元大-八德,2024-08-14,9813
3481,群創,28,12,16,元大-八德,2024-08-14,9813
2886,兆豐金,16,1,15,元大-八德,2024-08-14,9813
2609,陽明,26,14,12,元大-八德,2024-08-14,9813
00927,群益半導體收益,12,0,12,元大-八德,2024-08-14,9813
1802,台玻,14,2,12,元大-八德,2024-08-14,9813
1785,光洋科,24,13,11,元大-八德,2024-08-14,9813
00637L,元大滬深300正2,11,0,11,元大-八德,2024-08-14,9813
2349,錸德,11,0,11,元大-八德,2024-08-14,9813
00650L,復華香港正2,10,0,10,元大-八德,2024-08-14,9813
00664R,國泰臺灣加權反1,10,0,10,元大-八德,2024-08-14,9813
00632R,元大台灣50反1,10,0,10,元大-八德,2024-08-14,9813
00932,兆豐永續高息等權,10,0,10,元大-八德,2024-08-14,9813
1444,力麗,10,0,10,元大-八德,2024-08-14,9813
2511,太子,10,0,10,元大-八德,2024-08-14,9813
2734,易飛網,10,0,10,元大-八德,2024-08-14,9813
4989,榮科,10,0,10,元大-八德,2024-08-14,9813
5009,榮剛,10,0,10,元大-八德,2024-08-14,9813
00918,大華優利高填息30,10,1,9,元大-八德,2024-08-14,9813
2489,瑞軒,9,0,9,元大-八德,2024-08-14,9813
2520,冠德,42,33,9,元大-八德,2024-08-14,9813
4566,時碩工業,17,8,9,元大-八德,2024-08-14,9813
2397,友通,14,5,9,元大-八德,2024-08-14,9813
2356,英業達,12,4,8,元大-八德,2024-08-14,9813
8222,寶一,15,7,8,元大-八德,2024-08-14,9813
3324,雙鴻,15,7,8,元大-八德,2024-08-14,9813
1101,台泥,8,0,8,元大-八德,2024-08-14,9813
1519,華城,12,5,7,元大-八德,2024-08-14,9813
0052,富邦科技,7,0,7,元大-八德,2024-08-14,9813
00885,富邦越南,7,0,7,元大-八德,2024-08-14,9813
2618,長榮航,7,0,7,元大-八德,2024-08-14,9813
3293,鈊象,8,2,6,元大-八德,2024-08-14,9813
00937B,群益ESG投等債20,343,10,333,元大-八德,2024-08-15,9813
00680L,元大美債20正2,278,0,278,元大-八德,2024-08-15,9813
00632R,元大台灣50反1,210,10,200,元大-八德,2024-08-15,9813
00687B,國泰20年美債,127,3,124,元大-八德,2024-08-15,9813
1708,東鹼,101,0,101,元大-八德,2024-08-15,9813
00900,富邦特選高股息30,61,0,61,元大-八德,2024-08-15,9813
00878,國泰永續高股息,166,106,60,元大-八德,2024-08-15,9813
00881,國泰台灣5G+,60,1,59,元大-八德,2024-08-15,9813
00720B,元大投資級公司債,54,0,54,元大-八德,2024-08-15,9813
5515,建國,46,1,45,元大-八德,2024-08-15,9813
2892,第一金,37,0,37,元大-八德,2024-08-15,9813
2801,彰銀,29,0,29,元大-八德,2024-08-15,9813
1540,喬福,29,0,29,元大-八德,2024-08-15,9813
6142,友勁,27,3,24,元大-八德,2024-08-15,9813
2887,台新金,27,5,22,元大-八德,2024-08-15,9813
2520,冠德,22,3,19,元大-八德,2024-08-15,9813
2317,鴻海,34,15,19,元大-八德,2024-08-15,9813
3376,新日興,58,39,19,元大-八德,2024-08-15,9813
00679B,元大美債20年,48,30,18,元大-八德,2024-08-15,9813
2886,兆豐金,18,0,18,元大-八德,2024-08-15,9813
2365,昆盈,51,34,17,元大-八德,2024-08-15,9813
00882,中信中國高股息,18,2,16,元大-八德,2024-08-15,9813
5443,均豪,24,8,16,元大-八德,2024-08-15,9813
2885,元大金,16,1,15,元大-八德,2024-08-15,9813
0056,元大高股息,15,0,15,元大-八德,2024-08-15,9813
2392,正崴,15,0,15,元大-八德,2024-08-15,9813
4735,豪展,14,0,14,元大-八德,2024-08-15,9813
2609,陽明,59,45,14,元大-八德,2024-08-15,9813
1611,中電,12,0,12,元大-八德,2024-08-15,9813
1301,台塑,12,0,12,元大-八德,2024-08-15,9813
1101,台泥,11,0,11,元大-八德,2024-08-15,9813
8374,羅昇,31,20,11,元大-八德,2024-08-15,9813
2002,中鋼,10,0,10,元大-八德,2024-08-15,9813
5371,中光電,16,6,10,元大-八德,2024-08-15,9813
00887,永豐中國科技50大,10,0,10,元大-八德,2024-08-15,9813
5533,皇鼎,10,0,10,元大-八德,2024-08-15,9813
1609,大亞,10,1,9,元大-八德,2024-08-15,9813
2070,精湛,11,2,9,元大-八德,2024-08-15,9813
2882,國泰金,12,3,9,元大-八德,2024-08-15,9813
3363,上詮,11,2,9,元大-八德,2024-08-15,9813
00931B,統一美債20年,8,0,8,元大-八德,2024-08-15,9813
2062,橋椿,9,1,8,元大-八德,2024-08-15,9813
2449,京元電子,11,3,8,元大-八德,2024-08-15,9813
3438,類比科,8,0,8,元大-八德,2024-08-15,9813
3455,由田,8,0,8,元大-八德,2024-08-15,9813
6805,富世達,13,5,8,元大-八德,2024-08-15,9813
2884,玉山金,8,0,8,元大-八德,2024-08-15,9813
3390,旭軟,8,1,7,元大-八德,2024-08-15,9813
3522,御嵿,7,0,7,元大-八德,2024-08-15,9813
3324,雙鴻,8,1,7,元大-八德,2024-08-15,9813
00937B,群益ESG投等債20,141,0,141,元大-八德,2024-08-16,9813
00680L,元大美債20正2,78,0,78,元大-八德,2024-08-16,9813
00637L,元大滬深300正2,70,0,70,元大-八德,2024-08-16,9813
3455,由田,62,0,62,元大-八德,2024-08-16,9813
00795B,中信美國公債20年,55,0,55,元大-八德,2024-08-16,9813
3376,新日興,58,3,55,元大-八德,2024-08-16,9813
00688L,國泰20年美債正2,52,0,52,元大-八德,2024-08-16,9813
2382,廣達,52,6,46,元大-八德,2024-08-16,9813
1597,直得,36,1,35,元大-八德,2024-08-16,9813
00679B,元大美債20年,39,4,35,元大-八德,2024-08-16,9813
00900,富邦特選高股息30,33,1,32,元大-八德,2024-08-16,9813
1540,喬福,29,0,29,元大-八德,2024-08-16,9813
8096,擎亞,73,46,27,元大-八德,2024-08-16,9813
00878,國泰永續高股息,43,17,26,元大-八德,2024-08-16,9813
6462,神盾,26,1,25,元大-八德,2024-08-16,9813
2891,中信金,38,15,23,元大-八德,2024-08-16,9813
8050,廣積,23,0,23,元大-八德,2024-08-16,9813
2409,友達,25,3,22,元大-八德,2024-08-16,9813
8147,正淩,23,1,22,元大-八德,2024-08-16,9813
1504,東元,21,0,21,元大-八德,2024-08-16,9813
2520,冠德,70,49,21,元大-八德,2024-08-16,9813
00751B,元大AAA至A公司債,20,0,20,元大-八德,2024-08-16,9813
00764B,群益25年美債,20,0,20,元大-八德,2024-08-16,9813
1708,東鹼,20,0,20,元大-八德,2024-08-16,9813
3645,達邁,21,1,20,元大-八德,2024-08-16,9813
1513,中興電,22,3,19,元大-八德,2024-08-16,9813
2002,中鋼,24,5,19,元大-八德,2024-08-16,9813
1785,光洋科,43,24,19,元大-八德,2024-08-16,9813
2323,中環,70,52,18,元大-八德,2024-08-16,9813
00934,中信成長高股息,18,0,18,元大-八德,2024-08-16,9813
2543,皇昌,20,2,18,元大-八德,2024-08-16,9813
2883,凱基金,32,14,18,元大-八德,2024-08-16,9813
3293,鈊象,17,0,17,元大-八德,2024-08-16,9813
2528,皇普,15,0,15,元大-八德,2024-08-16,9813
5364,力麗店,20,5,15,元大-八德,2024-08-16,9813
2070,精湛,15,1,14,元大-八德,2024-08-16,9813
3491,昇達科,13,0,13,元大-八德,2024-08-16,9813
2801,彰銀,12,0,12,元大-八德,2024-08-16,9813
00929,復華台灣科技優息,13,2,11,元大-八德,2024-08-16,9813
2362,藍天,12,1,11,元大-八德,2024-08-16,9813
2313,華通,20,9,11,元大-八德,2024-08-16,9813
2208,台船,10,0,10,元大-八德,2024-08-16,9813
3483,力致,11,1,10,元大-八德,2024-08-16,9813
6176,瑞儀,10,0,10,元大-八德,2024-08-16,9813
6226,光鼎,10,0,10,元大-八德,2024-08-16,9813
00857B,永豐20年美公債,9,0,9,元大-八德,2024-08-16,9813
2031,新光鋼,10,1,9,元大-八德,2024-08-16,9813
00933B,國泰10Y+金融債,9,1,8,元大-八德,2024-08-16,9813
6531,愛普*,8,0,8,元大-八德,2024-08-16,9813
8043,蜜望實,14,6,8,元大-八德,2024-08-16,9813
00945B,凱基美國非投等債,500,0,500,元大-八德,2024-08-19,9813
00688L,國泰20年美債正2,185,0,185,元大-八德,2024-08-19,9813
2888,新光金,241,74,167,元大-八德,2024-08-19,9813
00935,野村臺灣新科技50,100,5,95,元大-八德,2024-08-19,9813
4979,華星光,97,25,72,元大-八德,2024-08-19,9813
00687B,國泰20年美債,66,10,56,元大-八德,2024-08-19,9813
00679B,元大美債20年,56,1,55,元大-八德,2024-08-19,9813
4714,永捷,52,0,52,元大-八德,2024-08-19,9813
00929,復華台灣科技優息,79,34,45,元大-八德,2024-08-19,9813
00720B,元大投資級公司債,33,0,33,元大-八德,2024-08-19,9813
6598,ABC-KY,31,1,30,元大-八德,2024-08-19,9813
3455,由田,97,69,28,元大-八德,2024-08-19,9813
5533,皇鼎,29,1,28,元大-八德,2024-08-19,9813
3047,訊舟,43,19,24,元大-八德,2024-08-19,9813
4533,協易機,21,2,19,元大-八德,2024-08-19,9813
3231,緯創,18,0,18,元大-八德,2024-08-19,9813
00933B,國泰10Y+金融債,17,0,17,元大-八德,2024-08-19,9813
3645,達邁,69,52,17,元大-八德,2024-08-19,9813
00931B,統一美債20年,14,0,14,元大-八德,2024-08-19,9813
2460,建通,14,0,14,元大-八德,2024-08-19,9813
2881,富邦金,14,1,13,元大-八德,2024-08-19,9813
00642U,期元大S＆P石油,13,0,13,元大-八德,2024-08-19,9813
1216,統一,13,0,13,元大-八德,2024-08-19,9813
6188,廣明,18,5,13,元大-八德,2024-08-19,9813
00878,國泰永續高股息,14,1,13,元大-八德,2024-08-19,9813
1326,台化,12,0,12,元大-八德,2024-08-19,9813
1476,儒鴻,12,0,12,元大-八德,2024-08-19,9813
1301,台塑,12,1,11,元大-八德,2024-08-19,9813
2886,兆豐金,11,0,11,元大-八德,2024-08-19,9813
3019,亞光,35,24,11,元大-八德,2024-08-19,9813
2834,臺企銀,11,0,11,元大-八德,2024-08-19,9813
00712,復華富時不動產,11,0,11,元大-八德,2024-08-19,9813
00900,富邦特選高股息30,11,0,11,元大-八德,2024-08-19,9813
00937B,群益ESG投等債20,61,50,11,元大-八德,2024-08-19,9813
5351,鈺創,11,0,11,元大-八德,2024-08-19,9813
6609,瀧澤科,31,20,11,元大-八德,2024-08-19,9813
00662,富邦NASDAQ,10,0,10,元大-八德,2024-08-19,9813
4526,東台,12,2,10,元大-八德,2024-08-19,9813
6116,彩晶,10,0,10,元大-八德,2024-08-19,9813
6196,帆宣,10,0,10,元大-八德,2024-08-19,9813
5371,中光電,13,3,10,元大-八德,2024-08-19,9813
2364,倫飛,18,9,9,元大-八德,2024-08-19,9813
2354,鴻準,12,3,9,元大-八德,2024-08-19,9813
1540,喬福,12,3,9,元大-八德,2024-08-19,9813
2312,金寶,12,3,9,元大-八德,2024-08-19,9813
4906,正文,10,1,9,元大-八德,2024-08-19,9813
2323,中環,11,2,9,元大-八德,2024-08-19,9813
3580,友威科,11,2,9,元大-八德,2024-08-19,9813
2892,第一金,8,0,8,元大-八德,2024-08-19,9813
3607,谷崧,10,2,8,元大-八德,2024-08-19,9813
00945B,凱基美國非投等債,510,0,510,元大-八德,2024-08-20,9813
2888,新光金,549,275,274,元大-八德,2024-08-20,9813
00937B,群益ESG投等債20,388,119,269,元大-八德,2024-08-20,9813
00687B,國泰20年美債,123,5,118,元大-八德,2024-08-20,9813
1708,東鹼,100,0,100,元大-八德,2024-08-20,9813
2388,威盛,102,7,95,元大-八德,2024-08-20,9813
2520,冠德,82,1,81,元大-八德,2024-08-20,9813
9955,佳龍,80,0,80,元大-八德,2024-08-20,9813
00882,中信中國高股息,69,0,69,元大-八德,2024-08-20,9813
00642U,期元大S＆P石油,66,0,66,元大-八德,2024-08-20,9813
1609,大亞,68,2,66,元大-八德,2024-08-20,9813
00679B,元大美債20年,83,18,65,元大-八德,2024-08-20,9813
00680L,元大美債20正2,67,10,57,元大-八德,2024-08-20,9813
2882,國泰金,52,1,51,元大-八德,2024-08-20,9813
00929,復華台灣科技優息,46,5,41,元大-八德,2024-08-20,9813
5533,皇鼎,33,1,32,元大-八德,2024-08-20,9813
00637L,元大滬深300正2,30,0,30,元大-八德,2024-08-20,9813
3013,晟銘電,57,33,24,元大-八德,2024-08-20,9813
8050,廣積,24,0,24,元大-八德,2024-08-20,9813
2543,皇昌,30,8,22,元大-八德,2024-08-20,9813
00650L,復華香港正2,20,0,20,元大-八德,2024-08-20,9813
2392,正崴,21,1,20,元大-八德,2024-08-20,9813
2417,圓剛,32,12,20,元大-八德,2024-08-20,9813
6156,松上,37,18,19,元大-八德,2024-08-20,9813
2374,佳能,72,55,17,元大-八德,2024-08-20,9813
00713,元大台灣高息低波,17,0,17,元大-八德,2024-08-20,9813
00715L,期街口布蘭特正2,16,0,16,元大-八德,2024-08-20,9813
1785,光洋科,28,12,16,元大-八德,2024-08-20,9813
5202,力新,16,0,16,元大-八德,2024-08-20,9813
6142,友勁,18,2,16,元大-八德,2024-08-20,9813
8028,昇陽半導體,51,36,15,元大-八德,2024-08-20,9813
4306,炎洲,15,0,15,元大-八德,2024-08-20,9813
00934,中信成長高股息,14,0,14,元大-八德,2024-08-20,9813
2317,鴻海,34,20,14,元大-八德,2024-08-20,9813
3450,聯鈞,18,4,14,元大-八德,2024-08-20,9813
2548,華固,13,0,13,元大-八德,2024-08-20,9813
2356,英業達,19,7,12,元大-八德,2024-08-20,9813
2402,毅嘉,13,1,12,元大-八德,2024-08-20,9813
3312,弘憶股,16,4,12,元大-八德,2024-08-20,9813
8358,金居,12,0,12,元大-八德,2024-08-20,9813
00919,群益台灣精選高息,16,4,12,元大-八德,2024-08-20,9813
3047,訊舟,29,18,11,元大-八德,2024-08-20,9813
5364,力麗店,11,0,11,元大-八德,2024-08-20,9813
3455,由田,11,1,10,元大-八德,2024-08-20,9813
2460,建通,10,0,10,元大-八德,2024-08-20,9813
3024,憶聲,10,0,10,元大-八德,2024-08-20,9813
4714,永捷,10,0,10,元大-八德,2024-08-20,9813
2881,富邦金,9,0,9,元大-八德,2024-08-20,9813
3227,原相,10,1,9,元大-八德,2024-08-20,9813
2014,中鴻,8,0,8,元大-八德,2024-08-20,9813
2891,中信金,244,1,243,元大-八德,2024-08-21,9813
00953B,群益優選非投等債,198,0,198,元大-八德,2024-08-21,9813
2888,新光金,529,369,160,元大-八德,2024-08-21,9813
00929,復華台灣科技優息,120,2,118,元大-八德,2024-08-21,9813
00680L,元大美債20正2,115,14,101,元大-八德,2024-08-21,9813
00936,台新永續高息中小,100,1,99,元大-八德,2024-08-21,9813
00687B,國泰20年美債,169,81,88,元大-八德,2024-08-21,9813
00937B,群益ESG投等債20,83,0,83,元大-八德,2024-08-21,9813
2062,橋椿,50,0,50,元大-八德,2024-08-21,9813
1514,亞力,28,4,24,元大-八德,2024-08-21,9813
6152,百一,23,0,23,元大-八德,2024-08-21,9813
2317,鴻海,27,5,22,元大-八德,2024-08-21,9813
1218,泰山,20,0,20,元大-八德,2024-08-21,9813
6505,台塑化,20,0,20,元大-八德,2024-08-21,9813
00940,元大台灣價值高息,28,9,19,元大-八德,2024-08-21,9813
8440,綠電,20,1,19,元大-八德,2024-08-21,9813
3653,健策,19,2,17,元大-八德,2024-08-21,9813
00900,富邦特選高股息30,16,0,16,元大-八德,2024-08-21,9813
4540,全球傳動,16,2,14,元大-八德,2024-08-21,9813
2886,兆豐金,13,0,13,元大-八德,2024-08-21,9813
00919,群益台灣精選高息,14,1,13,元大-八德,2024-08-21,9813
2460,建通,12,0,12,元大-八德,2024-08-21,9813
5347,世界,13,1,12,元大-八德,2024-08-21,9813
2330,台積電,15,3,12,元大-八德,2024-08-21,9813
00878,國泰永續高股息,12,0,12,元大-八德,2024-08-21,9813
2362,藍天,17,6,11,元大-八德,2024-08-21,9813
00918,大華優利高填息30,11,0,11,元大-八德,2024-08-21,9813
00932,兆豐永續高息等權,11,0,11,元大-八德,2024-08-21,9813
2344,華邦電,16,5,11,元大-八德,2024-08-21,9813
3686,達能,11,0,11,元大-八德,2024-08-21,9813
2356,英業達,15,5,10,元大-八德,2024-08-21,9813
8050,廣積,10,0,10,元大-八德,2024-08-21,9813
00650L,復華香港正2,9,0,9,元大-八德,2024-08-21,9813
6207,雷科,10,1,9,元大-八德,2024-08-21,9813
9934,成霖,10,1,9,元大-八德,2024-08-21,9813
6869,雲豹能源,23,15,8,元大-八德,2024-08-21,9813
1711,永光,13,5,8,元大-八德,2024-08-21,9813
8054,安國,8,0,8,元大-八德,2024-08-21,9813
8084,巨虹,8,0,8,元大-八德,2024-08-21,9813
00713,元大台灣高息低波,7,0,7,元大-八德,2024-08-21,9813
00753L,中信中國50正2,7,0,7,元大-八德,2024-08-21,9813
2883,凱基金,11,4,7,元大-八德,2024-08-21,9813
1590,亞德客-KY,6,0,6,元大-八德,2024-08-21,9813
00934,中信成長高股息,6,0,6,元大-八德,2024-08-21,9813
1537,廣隆,6,0,6,元大-八德,2024-08-21,9813
3227,原相,6,0,6,元大-八德,2024-08-21,9813
8043,蜜望實,10,4,6,元大-八德,2024-08-21,9813
3376,新日興,7,1,6,元大-八德,2024-08-21,9813
3105,穩懋,7,2,5,元大-八德,2024-08-21,9813
1316,上曜,6,1,5,元大-八德,2024-08-21,9813
00680L,元大美債20正2,204,0,204,元大-八德,2024-08-22,9813
00936,台新永續高息中小,100,0,100,元大-八德,2024-08-22,9813
2388,威盛,94,11,83,元大-八德,2024-08-22,9813
3455,由田,60,0,60,元大-八德,2024-08-22,9813
1584,精剛,63,4,59,元大-八德,2024-08-22,9813
3189,景碩,71,12,59,元大-八德,2024-08-22,9813
2890,永豐金,54,0,54,元大-八德,2024-08-22,9813
00937B,群益ESG投等債20,54,1,53,元大-八德,2024-08-22,9813
1309,台達化,51,0,51,元大-八德,2024-08-22,9813
5533,皇鼎,51,1,50,元大-八德,2024-08-22,9813
6177,達麗,43,0,43,元大-八德,2024-08-22,9813
00951,台新日本半導體,40,0,40,元大-八德,2024-08-22,9813
2634,漢翔,35,0,35,元大-八德,2024-08-22,9813
8096,擎亞,89,55,34,元大-八德,2024-08-22,9813
00953B,群益優選非投等債,33,0,33,元大-八德,2024-08-22,9813
2392,正崴,37,4,33,元大-八德,2024-08-22,9813
00919,群益台灣精選高息,37,4,33,元大-八德,2024-08-22,9813
00940,元大台灣價值高息,45,18,27,元大-八德,2024-08-22,9813
3037,欣興,37,11,26,元大-八德,2024-08-22,9813
1708,東鹼,30,5,25,元大-八德,2024-08-22,9813
2881,富邦金,26,2,24,元大-八德,2024-08-22,9813
2867,三商壽,32,11,21,元大-八德,2024-08-22,9813
2885,元大金,22,2,20,元大-八德,2024-08-22,9813
00671R,富邦NASDAQ反1,20,0,20,元大-八德,2024-08-22,9813
2520,冠德,33,13,20,元大-八德,2024-08-22,9813
2349,錸德,210,194,16,元大-八德,2024-08-22,9813
3047,訊舟,78,63,15,元大-八德,2024-08-22,9813
5450,南良,15,0,15,元大-八德,2024-08-22,9813
4714,永捷,14,0,14,元大-八德,2024-08-22,9813
4716,大立,46,34,12,元大-八德,2024-08-22,9813
9945,潤泰新,14,2,12,元大-八德,2024-08-22,9813
5905,南仁湖,22,11,11,元大-八德,2024-08-22,9813
5364,力麗店,11,0,11,元大-八德,2024-08-22,9813
00905,FT臺灣Smart,10,0,10,元大-八德,2024-08-22,9813
1110,東泥,10,0,10,元大-八德,2024-08-22,9813
5328,華容,10,0,10,元大-八德,2024-08-22,9813
2460,建通,9,0,9,元大-八德,2024-08-22,9813
2497,怡利電,9,0,9,元大-八德,2024-08-22,9813
2420,新巨,8,0,8,元大-八德,2024-08-22,9813
3289,宜特,11,3,8,元大-八德,2024-08-22,9813
8069,元太,31,23,8,元大-八德,2024-08-22,9813
1513,中興電,14,7,7,元大-八德,2024-08-22,9813
00881,國泰台灣5G+,6,0,6,元大-八德,2024-08-22,9813
2409,友達,30,24,6,元大-八德,2024-08-22,9813
0055,元大MSCI金融,6,0,6,元大-八德,2024-08-22,9813
1316,上曜,6,0,6,元大-八德,2024-08-22,9813
1446,宏和,8,2,6,元大-八德,2024-08-22,9813
8064,東捷,10,4,6,元大-八德,2024-08-22,9813
3231,緯創,9,3,6,元大-八德,2024-08-22,9813
2356,英業達,7,2,5,元大-八德,2024-08-22,9813
00937B,群益ESG投等債20,224,0,224,元大-八德,2024-08-23,9813
00680L,元大美債20正2,171,30,141,元大-八德,2024-08-23,9813
00687B,國泰20年美債,137,0,137,元大-八德,2024-08-23,9813
3023,信邦,77,0,77,元大-八德,2024-08-23,9813
2382,廣達,74,2,72,元大-八德,2024-08-23,9813
00915,凱基優選高股息30,52,0,52,元大-八德,2024-08-23,9813
1314,中石化,50,0,50,元大-八德,2024-08-23,9813
2349,錸德,193,144,49,元大-八德,2024-08-23,9813
8028,昇陽半導體,70,21,49,元大-八德,2024-08-23,9813
2891,中信金,82,39,43,元大-八德,2024-08-23,9813
00712,復華富時不動產,41,0,41,元大-八德,2024-08-23,9813
4743,合一,40,0,40,元大-八德,2024-08-23,9813
1409,新纖,41,2,39,元大-八德,2024-08-23,9813
2388,威盛,35,3,32,元大-八德,2024-08-23,9813
00953B,群益優選非投等債,40,10,30,元大-八德,2024-08-23,9813
2610,華航,30,2,28,元大-八德,2024-08-23,9813
4540,全球傳動,26,0,26,元大-八德,2024-08-23,9813
2338,光罩,25,0,25,元大-八德,2024-08-23,9813
9934,成霖,23,0,23,元大-八德,2024-08-23,9813
00679B,元大美債20年,22,1,21,元大-八德,2024-08-23,9813
2867,三商壽,21,0,21,元大-八德,2024-08-23,9813
4306,炎洲,20,0,20,元大-八德,2024-08-23,9813
1727,中華化,23,4,19,元大-八德,2024-08-23,9813
2317,鴻海,26,7,19,元大-八德,2024-08-23,9813
2392,正崴,20,2,18,元大-八德,2024-08-23,9813
5443,均豪,39,22,17,元大-八德,2024-08-23,9813
3455,由田,15,0,15,元大-八德,2024-08-23,9813
2520,冠德,14,0,14,元大-八德,2024-08-23,9813
5533,皇鼎,13,0,13,元大-八德,2024-08-23,9813
00919,群益台灣精選高息,12,0,12,元大-八德,2024-08-23,9813
00650L,復華香港正2,10,0,10,元大-八德,2024-08-23,9813
00648R,元大S＆P500反1,10,0,10,元大-八德,2024-08-23,9813
3171,炎洲流通,10,0,10,元大-八德,2024-08-23,9813
5519,隆大,10,0,10,元大-八德,2024-08-23,9813
6173,信昌電,10,0,10,元大-八德,2024-08-23,9813
3047,訊舟,12,2,10,元大-八德,2024-08-23,9813
1711,永光,108,99,9,元大-八德,2024-08-23,9813
1776,展宇,10,1,9,元大-八德,2024-08-23,9813
1799,易威,9,0,9,元大-八德,2024-08-23,9813
2420,新巨,9,0,9,元大-八德,2024-08-23,9813
5469,瀚宇博,12,3,9,元大-八德,2024-08-23,9813
2885,元大金,8,0,8,元大-八德,2024-08-23,9813
4442,竣邦-KY,8,0,8,元大-八德,2024-08-23,9813
8354,冠好,30,22,8,元大-八德,2024-08-23,9813
4513,福裕,7,0,7,元大-八德,2024-08-23,9813
00900,富邦特選高股息30,6,0,6,元大-八德,2024-08-23,9813
00946,群益科技高息成長,6,0,6,元大-八德,2024-08-23,9813
1597,直得,6,0,6,元大-八德,2024-08-23,9813
2385,群光,6,0,6,元大-八德,2024-08-23,9813
2460,建通,6,0,6,元大-八德,2024-08-23,9813
2888,新光金,646,281,365,元大-八德,2024-08-26,9813
4533,協易機,80,1,79,元大-八德,2024-08-26,9813
2615,萬海,60,11,49,元大-八德,2024-08-26,9813
1409,新纖,43,0,43,元大-八德,2024-08-26,9813
2420,新巨,42,0,42,元大-八德,2024-08-26,9813
4303,信立,42,3,39,元大-八德,2024-08-26,9813
00764B,群益25年美債,30,0,30,元大-八德,2024-08-26,9813
2338,光罩,30,0,30,元大-八德,2024-08-26,9813
2880,華南金,30,0,30,元大-八德,2024-08-26,9813
00679B,元大美債20年,33,7,26,元大-八德,2024-08-26,9813
00751B,元大AAA至A公司債,25,0,25,元大-八德,2024-08-26,9813
00637L,元大滬深300正2,25,0,25,元大-八德,2024-08-26,9813
2890,永豐金,25,0,25,元大-八德,2024-08-26,9813
2402,毅嘉,46,22,24,元大-八德,2024-08-26,9813
2392,正崴,22,0,22,元大-八德,2024-08-26,9813
5263,智崴,22,0,22,元大-八德,2024-08-26,9813
00941,中信上游半導體,20,0,20,元大-八德,2024-08-26,9813
00688L,國泰20年美債正2,20,0,20,元大-八德,2024-08-26,9813
2527,宏璟,20,0,20,元大-八德,2024-08-26,9813
00882,中信中國高股息,18,0,18,元大-八德,2024-08-26,9813
1309,台達化,17,1,16,元大-八德,2024-08-26,9813
00919,群益台灣精選高息,16,0,16,元大-八德,2024-08-26,9813
6546,正基,15,0,15,元大-八德,2024-08-26,9813
8064,東捷,35,20,15,元大-八德,2024-08-26,9813
8096,擎亞,57,43,14,元大-八德,2024-08-26,9813
8040,九暘,13,0,13,元大-八德,2024-08-26,9813
1216,統一,16,5,11,元大-八德,2024-08-26,9813
00857B,永豐20年美公債,10,0,10,元大-八德,2024-08-26,9813
00795B,中信美國公債20年,10,0,10,元大-八德,2024-08-26,9813
2460,建通,10,0,10,元大-八德,2024-08-26,9813
6220,岳豐,10,0,10,元大-八德,2024-08-26,9813
2915,潤泰全,11,1,10,元大-八德,2024-08-26,9813
00937B,群益ESG投等債20,19,10,9,元大-八德,2024-08-26,9813
00900,富邦特選高股息30,10,1,9,元大-八德,2024-08-26,9813
2851,中再保,9,0,9,元大-八德,2024-08-26,9813
2867,三商壽,9,0,9,元大-八德,2024-08-26,9813
8916,光隆,9,0,9,元大-八德,2024-08-26,9813
2308,台達電,9,1,8,元大-八德,2024-08-26,9813
2330,台積電,9,1,8,元大-八德,2024-08-26,9813
6442,光聖,12,5,7,元大-八德,2024-08-26,9813
2467,志聖,14,7,7,元大-八德,2024-08-26,9813
2618,長榮航,7,0,7,元大-八德,2024-08-26,9813
00931B,統一美債20年,7,0,7,元大-八德,2024-08-26,9813
2313,華通,9,2,7,元大-八德,2024-08-26,9813
2331,精英,16,9,7,元大-八德,2024-08-26,9813
5533,皇鼎,7,0,7,元大-八德,2024-08-26,9813
3491,昇達科,7,0,7,元大-八德,2024-08-26,9813
3715,定穎投控,9,2,7,元大-八德,2024-08-26,9813
4958,臻鼎-KY,8,2,6,元大-八德,2024-08-26,9813
00706L,期元大S＆P日圓正2,6,0,6,元大-八德,2024-08-26,9813
00948B,中信優息投資級債,503,0,503,元大-八德,2024-08-27,9813
00937B,群益ESG投等債20,154,0,154,元大-八德,2024-08-27,9813
00919,群益台灣精選高息,84,0,84,元大-八德,2024-08-27,9813
2891,中信金,63,0,63,元大-八德,2024-08-27,9813
3081,聯亞,63,0,63,元大-八德,2024-08-27,9813
00940,元大台灣價值高息,64,5,59,元大-八德,2024-08-27,9813
00680L,元大美債20正2,64,5,59,元大-八德,2024-08-27,9813
00637L,元大滬深300正2,50,0,50,元大-八德,2024-08-27,9813
2356,英業達,47,0,47,元大-八德,2024-08-27,9813
2882,國泰金,57,11,46,元大-八德,2024-08-27,9813
2609,陽明,35,2,33,元大-八德,2024-08-27,9813
00671R,富邦NASDAQ反1,30,0,30,元大-八德,2024-08-27,9813
1815,富喬,30,0,30,元大-八德,2024-08-27,9813
2338,光罩,28,0,28,元大-八德,2024-08-27,9813
6606,建德工業,25,0,25,元大-八德,2024-08-27,9813
8070,長華*,38,14,24,元大-八德,2024-08-27,9813
2357,華碩,26,2,24,元大-八德,2024-08-27,9813
00650L,復華香港正2,20,0,20,元大-八德,2024-08-27,9813
3455,由田,21,1,20,元大-八德,2024-08-27,9813
2417,圓剛,20,1,19,元大-八德,2024-08-27,9813
3217,優群,21,2,19,元大-八德,2024-08-27,9813
2392,正崴,16,0,16,元大-八德,2024-08-27,9813
2405,輔信,19,3,16,元大-八德,2024-08-27,9813
3374,精材,15,2,13,元大-八德,2024-08-27,9813
3047,訊舟,17,4,13,元大-八德,2024-08-27,9813
8916,光隆,13,0,13,元大-八德,2024-08-27,9813
3227,原相,13,1,12,元大-八德,2024-08-27,9813
2429,銘旺科,11,0,11,元大-八德,2024-08-27,9813
2845,遠東銀,11,0,11,元大-八德,2024-08-27,9813
00720B,元大投資級公司債,10,0,10,元大-八德,2024-08-27,9813
2880,華南金,10,0,10,元大-八德,2024-08-27,9813
00953B,群益優選非投等債,10,0,10,元大-八德,2024-08-27,9813
2527,宏璟,10,0,10,元大-八德,2024-08-27,9813
2409,友達,11,2,9,元大-八德,2024-08-27,9813
1309,台達化,9,0,9,元大-八德,2024-08-27,9813
2883,凱基金,11,2,9,元大-八德,2024-08-27,9813
6609,瀧澤科,15,6,9,元大-八德,2024-08-27,9813
6405,悅城,8,0,8,元大-八德,2024-08-27,9813
3019,亞光,24,16,8,元大-八德,2024-08-27,9813
00929,復華台灣科技優息,8,0,8,元大-八德,2024-08-27,9813
2610,華航,7,0,7,元大-八德,2024-08-27,9813
00687B,國泰20年美債,7,0,7,元大-八德,2024-08-27,9813
1708,東鹼,62,55,7,元大-八德,2024-08-27,9813
1727,中華化,7,0,7,元大-八德,2024-08-27,9813
2208,台船,7,0,7,元大-八德,2024-08-27,9813
3673,TPK-KY,8,1,7,元大-八德,2024-08-27,9813
4562,穎漢,11,4,7,元大-八德,2024-08-27,9813
2362,藍天,13,6,7,元大-八德,2024-08-27,9813
2545,皇翔,7,0,7,元大-八德,2024-08-27,9813
4510,高鋒,7,0,7,元大-八德,2024-08-27,9813
3081,聯亞,403,0,403,元大-八德,2024-08-28,9813
00687B,國泰20年美債,142,0,142,元大-八德,2024-08-28,9813
00680L,元大美債20正2,145,5,140,元大-八德,2024-08-28,9813
00915,凱基優選高股息30,100,3,97,元大-八德,2024-08-28,9813
1316,上曜,105,10,95,元大-八德,2024-08-28,9813
00637L,元大滬深300正2,89,0,89,元大-八德,2024-08-28,9813
2501,國建,88,2,86,元大-八德,2024-08-28,9813
5234,達興材料,54,3,51,元大-八德,2024-08-28,9813
1708,東鹼,60,10,50,元大-八德,2024-08-28,9813
2891,中信金,53,4,49,元大-八德,2024-08-28,9813
8039,台虹,55,9,46,元大-八德,2024-08-28,9813
2887,台新金,47,3,44,元大-八德,2024-08-28,9813
5533,皇鼎,40,0,40,元大-八德,2024-08-28,9813
2845,遠東銀,32,0,32,元大-八德,2024-08-28,9813
00882,中信中國高股息,35,6,29,元大-八德,2024-08-28,9813
00937B,群益ESG投等債20,26,0,26,元大-八德,2024-08-28,9813
4714,永捷,33,8,25,元大-八德,2024-08-28,9813
6274,台燿,41,17,24,元大-八德,2024-08-28,9813
2527,宏璟,23,0,23,元大-八德,2024-08-28,9813
2887F,台新戊特二,21,0,21,元大-八德,2024-08-28,9813
2338,光罩,20,0,20,元大-八德,2024-08-28,9813
3011,今皓,20,0,20,元大-八德,2024-08-28,9813
3189,景碩,20,1,19,元大-八德,2024-08-28,9813
4510,高鋒,25,6,19,元大-八德,2024-08-28,9813
6603,富強鑫,33,14,19,元大-八德,2024-08-28,9813
3450,聯鈞,29,12,17,元大-八德,2024-08-28,9813
00642U,期元大S＆P石油,16,0,16,元大-八德,2024-08-28,9813
4549,桓達,16,2,14,元大-八德,2024-08-28,9813
2420,新巨,14,1,13,元大-八德,2024-08-28,9813
8064,東捷,19,6,13,元大-八德,2024-08-28,9813
3605,宏致,13,0,13,元大-八德,2024-08-28,9813
00929,復華台灣科技優息,14,2,12,元大-八德,2024-08-28,9813
1527,鑽全,12,0,12,元大-八德,2024-08-28,9813
00679B,元大美債20年,18,7,11,元大-八德,2024-08-28,9813
2330,台積電,22,11,11,元大-八德,2024-08-28,9813
1303,南亞,26,15,11,元大-八德,2024-08-28,9813
00878,國泰永續高股息,22,11,11,元大-八德,2024-08-28,9813
00891,中信關鍵半導體,11,0,11,元大-八德,2024-08-28,9813
1711,永光,64,53,11,元大-八德,2024-08-28,9813
3376,新日興,10,0,10,元大-八德,2024-08-28,9813
00953B,群益優選非投等債,10,0,10,元大-八德,2024-08-28,9813
00951,台新日本半導體,10,0,10,元大-八德,2024-08-28,9813
2543,皇昌,16,6,10,元大-八德,2024-08-28,9813
3163,波若威,19,9,10,元大-八德,2024-08-28,9813
4540,全球傳動,21,11,10,元大-八德,2024-08-28,9813
912000,晨訊科-DR,10,0,10,元大-八德,2024-08-28,9813
9958,世紀鋼,15,6,9,元大-八德,2024-08-28,9813
3363,上詮,14,5,9,元大-八德,2024-08-28,9813
4303,信立,13,4,9,元大-八德,2024-08-28,9813
2886,兆豐金,9,0,9,元大-八德,2024-08-28,9813
00937B,群益ESG投等債20,424,95,329,元大-八德,2024-08-29,9813
3081,聯亞,302,117,185,元大-八德,2024-08-29,9813
00915,凱基優選高股息30,111,5,106,元大-八德,2024-08-29,9813
00882,中信中國高股息,77,0,77,元大-八德,2024-08-29,9813
2426,鼎元,83,36,47,元大-八德,2024-08-29,9813
00680L,元大美債20正2,50,6,44,元大-八德,2024-08-29,9813
6505,台塑化,37,0,37,元大-八德,2024-08-29,9813
2891,中信金,32,1,31,元大-八德,2024-08-29,9813
2317,鴻海,52,24,28,元大-八德,2024-08-29,9813
2330,台積電,30,3,27,元大-八德,2024-08-29,9813
1540,喬福,51,26,25,元大-八德,2024-08-29,9813
2338,光罩,24,0,24,元大-八德,2024-08-29,9813
00688L,國泰20年美債正2,27,5,22,元大-八德,2024-08-29,9813
2882,國泰金,22,0,22,元大-八德,2024-08-29,9813
00637L,元大滬深300正2,21,0,21,元大-八德,2024-08-29,9813
00720B,元大投資級公司債,20,0,20,元大-八德,2024-08-29,9813
2457,飛宏,20,0,20,元大-八德,2024-08-29,9813
3710,連展投控,22,2,20,元大-八德,2024-08-29,9813
2888,新光金,30,11,19,元大-八德,2024-08-29,9813
1708,東鹼,21,2,19,元大-八德,2024-08-29,9813
4946,辣椒,18,0,18,元大-八德,2024-08-29,9813
3312,弘憶股,17,1,16,元大-八德,2024-08-29,9813
2382,廣達,16,1,15,元大-八德,2024-08-29,9813
00878,國泰永續高股息,20,5,15,元大-八德,2024-08-29,9813
00642U,期元大S＆P石油,16,1,15,元大-八德,2024-08-29,9813
6449,鈺邦,15,0,15,元大-八德,2024-08-29,9813
2362,藍天,18,5,13,元大-八德,2024-08-29,9813
8050,廣積,13,0,13,元大-八德,2024-08-29,9813
2890,永豐金,13,0,13,元大-八德,2024-08-29,9813
00751B,元大AAA至A公司債,12,0,12,元大-八德,2024-08-29,9813
8089,康全電訊,12,1,11,元大-八德,2024-08-29,9813
00631L,元大台灣50正2,11,0,11,元大-八德,2024-08-29,9813
00795B,中信美國公債20年,10,0,10,元大-八德,2024-08-29,9813
00685L,群益臺灣加權正2,10,0,10,元大-八德,2024-08-29,9813
00665L,富邦�琤肭磪囓�2,10,0,10,元大-八德,2024-08-29,9813
4542,科嶠,10,0,10,元大-八德,2024-08-29,9813
9105,泰金寶-DR,10,0,10,元大-八德,2024-08-29,9813
8011,台通,14,5,9,元大-八德,2024-08-29,9813
2887,台新金,10,1,9,元大-八德,2024-08-29,9813
3481,群創,14,5,9,元大-八德,2024-08-29,9813
8070,長華*,12,4,8,元大-八德,2024-08-29,9813
5452,佶優,8,1,7,元大-八德,2024-08-29,9813
3035,智原,10,3,7,元大-八德,2024-08-29,9813
2545,皇翔,6,0,6,元大-八德,2024-08-29,9813
1409,新纖,6,0,6,元大-八德,2024-08-29,9813
2506,太設,6,0,6,元大-八德,2024-08-29,9813
3163,波若威,12,6,6,元大-八德,2024-08-29,9813
6806,森崴能源,6,0,6,元大-八德,2024-08-29,9813
3231,緯創,10,4,6,元大-八德,2024-08-29,9813
00679B,元大美債20年,18,12,6,元大-八德,2024-08-29,9813
00945B,凱基美國非投等債,438,0,438,元大-八德,2024-08-30,9813
3081,聯亞,187,61,126,元大-八德,2024-08-30,9813
00933B,國泰10Y+金融債,61,2,59,元大-八德,2024-08-30,9813
1584,精剛,50,0,50,元大-八德,2024-08-30,9813
9907,統一實,50,0,50,元大-八德,2024-08-30,9813
00680L,元大美債20正2,48,0,48,元大-八德,2024-08-30,9813
2382,廣達,47,0,47,元大-八德,2024-08-30,9813
6213,聯茂,50,3,47,元大-八德,2024-08-30,9813
00687B,國泰20年美債,45,4,41,元大-八德,2024-08-30,9813
1785,光洋科,66,25,41,元大-八德,2024-08-30,9813
1316,上曜,38,1,37,元大-八德,2024-08-30,9813
2408,南亞科,35,0,35,元大-八德,2024-08-30,9813
8096,擎亞,38,6,32,元大-八德,2024-08-30,9813
3037,欣興,38,10,28,元大-八德,2024-08-30,9813
2302,麗正,26,0,26,元大-八德,2024-08-30,9813
00959B,大華投等美債15Y+,21,0,21,元大-八德,2024-08-30,9813
00937B,群益ESG投等債20,21,0,21,元大-八德,2024-08-30,9813
4566,時碩工業,21,0,21,元大-八德,2024-08-30,9813
1314,中石化,20,0,20,元大-八德,2024-08-30,9813
2888,新光金,29,9,20,元大-八德,2024-08-30,9813
00712,復華富時不動產,30,11,19,元大-八德,2024-08-30,9813
4906,正文,20,4,16,元大-八德,2024-08-30,9813
5452,佶優,20,5,15,元大-八德,2024-08-30,9813
8210,勤誠,15,0,15,元大-八德,2024-08-30,9813
2392,正崴,16,1,15,元大-八德,2024-08-30,9813
6664,群翊,16,2,14,元大-八德,2024-08-30,9813
1513,中興電,12,0,12,元大-八德,2024-08-30,9813
3019,亞光,18,6,12,元大-八德,2024-08-30,9813
2891,中信金,11,0,11,元大-八德,2024-08-30,9813
8064,東捷,18,7,11,元大-八德,2024-08-30,9813
6603,富強鑫,10,0,10,元大-八德,2024-08-30,9813
2344,華邦電,30,20,10,元大-八德,2024-08-30,9813
3062,建漢,24,15,9,元大-八德,2024-08-30,9813
6667,信紘科,10,1,9,元大-八德,2024-08-30,9813
3483,力致,10,2,8,元大-八德,2024-08-30,9813
6806,森崴能源,8,0,8,元大-八德,2024-08-30,9813
2354,鴻準,8,1,7,元大-八德,2024-08-30,9813
4513,福裕,15,8,7,元大-八德,2024-08-30,9813
2397,友通,8,2,6,元大-八德,2024-08-30,9813
3105,穩懋,8,2,6,元大-八德,2024-08-30,9813
6743,安普新,33,27,6,元大-八德,2024-08-30,9813
2618,長榮航,7,1,6,元大-八德,2024-08-30,9813
2359,所羅門,9,4,5,元大-八德,2024-08-30,9813
2362,藍天,9,4,5,元大-八德,2024-08-30,9813
3680,家登,5,0,5,元大-八德,2024-08-30,9813
00688L,國泰20年美債正2,5,0,5,元大-八德,2024-08-30,9813
1558,伸興,5,0,5,元大-八德,2024-08-30,9813
2460,建通,5,0,5,元大-八德,2024-08-30,9813
2606,裕民,8,3,5,元大-八德,2024-08-30,9813
3023,信邦,6,1,5,元大-八德,2024-08-30,9813
00680L,元大美債20正2,90,0,90,元大-八德,2024-09-02,9813
5905,南仁湖,80,0,80,元大-八德,2024-09-02,9813
2486,一詮,74,15,59,元大-八德,2024-09-02,9813
3081,聯亞,111,54,57,元大-八德,2024-09-02,9813
1316,上曜,54,0,54,元大-八德,2024-09-02,9813
00948B,中信優息投資級債,52,0,52,元大-八德,2024-09-02,9813
00687B,國泰20年美債,93,45,48,元大-八德,2024-09-02,9813
00959B,大華投等美債15Y+,48,0,48,元大-八德,2024-09-02,9813
6570,維田,44,0,44,元大-八德,2024-09-02,9813
00929,復華台灣科技優息,58,15,43,元大-八德,2024-09-02,9813
00650L,復華香港正2,42,0,42,元大-八德,2024-09-02,9813
00715L,期街口布蘭特正2,30,0,30,元大-八德,2024-09-02,9813
00937B,群益ESG投等債20,29,0,29,元大-八德,2024-09-02,9813
3481,群創,33,5,28,元大-八德,2024-09-02,9813
00688L,國泰20年美債正2,26,0,26,元大-八德,2024-09-02,9813
2460,建通,26,0,26,元大-八德,2024-09-02,9813
2374,佳能,29,4,25,元大-八德,2024-09-02,9813
8096,擎亞,37,12,25,元大-八德,2024-09-02,9813
00882,中信中國高股息,24,0,24,元大-八德,2024-09-02,9813
00919,群益台灣精選高息,38,15,23,元大-八德,2024-09-02,9813
2501,國建,22,0,22,元大-八德,2024-09-02,9813
00915,凱基優選高股息30,20,0,20,元大-八德,2024-09-02,9813
2880,華南金,20,0,20,元大-八德,2024-09-02,9813
3710,連展投控,20,0,20,元大-八德,2024-09-02,9813
00940,元大台灣價值高息,19,0,19,元大-八德,2024-09-02,9813
1514,亞力,26,7,19,元大-八德,2024-09-02,9813
00642U,期元大S＆P石油,18,0,18,元大-八德,2024-09-02,9813
3363,上詮,18,0,18,元大-八德,2024-09-02,9813
2609,陽明,17,0,17,元大-八德,2024-09-02,9813
00637L,元大滬深300正2,17,0,17,元大-八德,2024-09-02,9813
6213,聯茂,17,0,17,元大-八德,2024-09-02,9813
9958,世紀鋼,18,2,16,元大-八德,2024-09-02,9813
6606,建德工業,15,0,15,元大-八德,2024-09-02,9813
6642,富致,15,0,15,元大-八德,2024-09-02,9813
3017,奇鋐,16,3,13,元大-八德,2024-09-02,9813
1326,台化,13,0,13,元大-八德,2024-09-02,9813
00795B,中信美國公債20年,13,0,13,元大-八德,2024-09-02,9813
2302,麗正,13,0,13,元大-八德,2024-09-02,9813
6257,矽格,13,0,13,元大-八德,2024-09-02,9813
3231,緯創,19,6,13,元大-八德,2024-09-02,9813
6197,佳必琪,12,0,12,元大-八德,2024-09-02,9813
2313,華通,14,3,11,元大-八德,2024-09-02,9813
5533,皇鼎,11,0,11,元大-八德,2024-09-02,9813
8086,宏捷科,12,1,11,元大-八德,2024-09-02,9813
00918,大華優利高填息30,10,0,10,元大-八德,2024-09-02,9813
2834,臺企銀,10,0,10,元大-八德,2024-09-02,9813
2867,三商壽,10,0,10,元大-八德,2024-09-02,9813
3028,增你強,10,0,10,元大-八德,2024-09-02,9813
5880,合庫金,10,0,10,元大-八德,2024-09-02,9813
6830,汎銓,10,0,10,元大-八德,2024-09-02,9813
00936,台新永續高息中小,404,0,404,元大-八德,2024-09-03,9813
00919,群益台灣精選高息,261,15,246,元大-八德,2024-09-03,9813
00948B,中信優息投資級債,181,0,181,元大-八德,2024-09-03,9813
00687B,國泰20年美債,87,0,87,元大-八德,2024-09-03,9813
2867,三商壽,59,0,59,元大-八德,2024-09-03,9813
00937B,群益ESG投等債20,62,12,50,元大-八德,2024-09-03,9813
2888A,新光金甲特,39,0,39,元大-八德,2024-09-03,9813
00680L,元大美債20正2,37,0,37,元大-八德,2024-09-03,9813
6570,維田,37,0,37,元大-八德,2024-09-03,9813
2801,彰銀,35,0,35,元大-八德,2024-09-03,9813
5450,南良,63,28,35,元大-八德,2024-09-03,9813
00929,復華台灣科技優息,43,10,33,元大-八德,2024-09-03,9813
2338,光罩,30,0,30,元大-八德,2024-09-03,9813
2845,遠東銀,30,0,30,元大-八德,2024-09-03,9813
00715L,期街口布蘭特正2,57,30,27,元大-八德,2024-09-03,9813
00915,凱基優選高股息30,25,0,25,元大-八德,2024-09-03,9813
00878,國泰永續高股息,24,0,24,元大-八德,2024-09-03,9813
00940,元大台灣價值高息,24,0,24,元大-八德,2024-09-03,9813
5443,均豪,42,19,23,元大-八德,2024-09-03,9813
2886,兆豐金,25,3,22,元大-八德,2024-09-03,9813
2460,建通,22,0,22,元大-八德,2024-09-03,9813
4566,時碩工業,26,4,22,元大-八德,2024-09-03,9813
6505,台塑化,22,1,21,元大-八德,2024-09-03,9813
1303,南亞,23,2,21,元大-八德,2024-09-03,9813
00753L,中信中國50正2,20,0,20,元大-八德,2024-09-03,9813
4979,華星光,22,2,20,元大-八德,2024-09-03,9813
2882,國泰金,19,0,19,元大-八德,2024-09-03,9813
4510,高鋒,29,10,19,元大-八德,2024-09-03,9813
2356,英業達,20,2,18,元大-八德,2024-09-03,9813
2365,昆盈,80,64,16,元大-八德,2024-09-03,9813
2885,元大金,15,0,15,元大-八德,2024-09-03,9813
1444,力麗,15,0,15,元大-八德,2024-09-03,9813
3163,波若威,16,3,13,元大-八德,2024-09-03,9813
6274,台燿,18,6,12,元大-八德,2024-09-03,9813
2312,金寶,11,0,11,元大-八德,2024-09-03,9813
2892,第一金,11,0,11,元大-八德,2024-09-03,9813
4714,永捷,21,10,11,元大-八德,2024-09-03,9813
00637L,元大滬深300正2,15,5,10,元大-八德,2024-09-03,9813
00688L,國泰20年美債正2,10,0,10,元大-八德,2024-09-03,9813
00953B,群益優選非投等債,10,0,10,元大-八德,2024-09-03,9813
2883,凱基金,11,1,10,元大-八德,2024-09-03,9813
4945,陞達科技,10,0,10,元大-八德,2024-09-03,9813
6606,建德工業,10,0,10,元大-八德,2024-09-03,9813
3665,貿聯-KY,30,20,10,元大-八德,2024-09-03,9813
3481,群創,13,4,9,元大-八德,2024-09-03,9813
2609,陽明,11,2,9,元大-八德,2024-09-03,9813
3004,豐達科,12,3,9,元大-八德,2024-09-03,9813
2449,京元電子,9,1,8,元大-八德,2024-09-03,9813
2417,圓剛,11,3,8,元大-八德,2024-09-03,9813
2524,京城,8,0,8,元大-八德,2024-09-03,9813
4532,瑞智,753,0,753,元大-八德,2024-09-04,9813
2303,聯電,213,8,205,元大-八德,2024-09-04,9813
00680L,元大美債20正2,212,12,200,元大-八德,2024-09-04,9813
00919,群益台灣精選高息,186,9,177,元大-八德,2024-09-04,9813
00940,元大台灣價值高息,165,4,161,元大-八德,2024-09-04,9813
00929,復華台灣科技優息,170,38,132,元大-八德,2024-09-04,9813
00631L,元大台灣50正2,111,2,109,元大-八德,2024-09-04,9813
00642U,期元大S＆P石油,104,0,104,元大-八德,2024-09-04,9813
00937B,群益ESG投等債20,119,15,104,元大-八德,2024-09-04,9813
2891,中信金,107,9,98,元大-八德,2024-09-04,9813
00915,凱基優選高股息30,97,0,97,元大-八德,2024-09-04,9813
00715L,期街口布蘭特正2,94,0,94,元大-八德,2024-09-04,9813
00878,國泰永續高股息,112,20,92,元大-八德,2024-09-04,9813
6570,維田,60,0,60,元大-八德,2024-09-04,9813
3481,群創,63,6,57,元大-八德,2024-09-04,9813
00918,大華優利高填息30,55,0,55,元大-八德,2024-09-04,9813
00882,中信中國高股息,52,0,52,元大-八德,2024-09-04,9813
2031,新光鋼,51,0,51,元大-八德,2024-09-04,9813
2338,光罩,51,0,51,元大-八德,2024-09-04,9813
00712,復華富時不動產,49,0,49,元大-八德,2024-09-04,9813
2330,台積電,81,34,47,元大-八德,2024-09-04,9813
2882,國泰金,47,1,46,元大-八德,2024-09-04,9813
0050,元大台灣50,76,31,45,元大-八德,2024-09-04,9813
0056,元大高股息,45,4,41,元大-八德,2024-09-04,9813
2801,彰銀,40,0,40,元大-八德,2024-09-04,9813
020025,統一亞洲半導體N,35,0,35,元大-八德,2024-09-04,9813
2886,兆豐金,37,3,34,元大-八德,2024-09-04,9813
2834,臺企銀,31,0,31,元大-八德,2024-09-04,9813
1301,台塑,37,6,31,元大-八德,2024-09-04,9813
6505,台塑化,30,0,30,元大-八德,2024-09-04,9813
020001,富邦存股雙十N,30,0,30,元大-八德,2024-09-04,9813
5533,皇鼎,30,0,30,元大-八德,2024-09-04,9813
2317,鴻海,70,41,29,元大-八德,2024-09-04,9813
8039,台虹,28,0,28,元大-八德,2024-09-04,9813
00951,台新日本半導體,27,0,27,元大-八德,2024-09-04,9813
5880,合庫金,26,0,26,元大-八德,2024-09-04,9813
3037,欣興,29,3,26,元大-八德,2024-09-04,9813
2382,廣達,25,0,25,元大-八德,2024-09-04,9813
2392,正崴,24,0,24,元大-八德,2024-09-04,9813
00795B,中信美國公債20年,23,0,23,元大-八德,2024-09-04,9813
00948B,中信優息投資級債,22,0,22,元大-八德,2024-09-04,9813
4133,亞諾法,22,0,22,元大-八德,2024-09-04,9813
00927,群益半導體收益,21,0,21,元大-八德,2024-09-04,9813
00930,永豐ESG低碳高息,21,0,21,元大-八德,2024-09-04,9813
00941,中信上游半導體,22,2,20,元大-八德,2024-09-04,9813
2431,聯昌,20,0,20,元大-八德,2024-09-04,9813
2812,台中銀,20,0,20,元大-八德,2024-09-04,9813
3703,欣陸,20,0,20,元大-八德,2024-09-04,9813
3704,合勤控,20,0,20,元大-八德,2024-09-04,9813
6552,易華電,20,0,20,元大-八德,2024-09-04,9813
4532,瑞智,650,0,650,元大-八德,2024-09-05,9813
00919,群益台灣精選高息,126,1,125,元大-八德,2024-09-05,9813
00929,復華台灣科技優息,106,10,96,元大-八德,2024-09-05,9813
2069,運錩,85,0,85,元大-八德,2024-09-05,9813
00940,元大台灣價值高息,83,14,69,元大-八德,2024-09-05,9813
00937B,群益ESG投等債20,58,0,58,元大-八德,2024-09-05,9813
2338,光罩,50,0,50,元大-八德,2024-09-05,9813
3081,聯亞,44,1,43,元大-八德,2024-09-05,9813
2031,新光鋼,42,0,42,元大-八德,2024-09-05,9813
8043,蜜望實,70,33,37,元大-八德,2024-09-05,9813
4714,永捷,39,8,31,元大-八德,2024-09-05,9813
5533,皇鼎,30,0,30,元大-八德,2024-09-05,9813
2408,南亞科,26,0,26,元大-八德,2024-09-05,9813
00915,凱基優選高股息30,24,0,24,元大-八德,2024-09-05,9813
00952,凱基台灣AI50,23,0,23,元大-八德,2024-09-05,9813
00941,中信上游半導體,21,0,21,元大-八德,2024-09-05,9813
00753L,中信中國50正2,20,0,20,元大-八德,2024-09-05,9813
2369,菱生,20,0,20,元大-八德,2024-09-05,9813
2855,統一證,22,2,20,元大-八德,2024-09-05,9813
00951,台新日本半導體,16,0,16,元大-八德,2024-09-05,9813
2371,大同,16,0,16,元大-八德,2024-09-05,9813
2851,中再保,16,0,16,元大-八德,2024-09-05,9813
1785,光洋科,25,10,15,元大-八德,2024-09-05,9813
3508,位速,15,0,15,元大-八德,2024-09-05,9813
8050,廣積,15,0,15,元大-八德,2024-09-05,9813
5443,均豪,31,16,15,元大-八德,2024-09-05,9813
4945,陞達科技,13,0,13,元大-八德,2024-09-05,9813
00946,群益科技高息成長,13,0,13,元大-八德,2024-09-05,9813
00878,國泰永續高股息,19,6,13,元大-八德,2024-09-05,9813
8926,台汽電,12,0,12,元大-八德,2024-09-05,9813
00953B,群益優選非投等債,12,0,12,元大-八德,2024-09-05,9813
5347,世界,13,1,12,元大-八德,2024-09-05,9813
2312,金寶,12,1,11,元大-八德,2024-09-05,9813
1301,台塑,13,2,11,元大-八德,2024-09-05,9813
2344,華邦電,10,0,10,元大-八德,2024-09-05,9813
3704,合勤控,10,0,10,元大-八德,2024-09-05,9813
4906,正文,10,0,10,元大-八德,2024-09-05,9813
00680L,元大美債20正2,30,20,10,元大-八德,2024-09-05,9813
2449,京元電子,12,2,10,元大-八德,2024-09-05,9813
4526,東台,10,0,10,元大-八德,2024-09-05,9813
5469,瀚宇博,10,0,10,元大-八德,2024-09-05,9813
8084,巨虹,10,0,10,元大-八德,2024-09-05,9813
1711,永光,10,1,9,元大-八德,2024-09-05,9813
2313,華通,9,0,9,元大-八德,2024-09-05,9813
2356,英業達,9,0,9,元大-八德,2024-09-05,9813
6213,聯茂,22,13,9,元大-八德,2024-09-05,9813
6278,台表科,9,0,9,元大-八德,2024-09-05,9813
0056,元大高股息,15,7,8,元大-八德,2024-09-05,9813
2354,鴻準,8,0,8,元大-八德,2024-09-05,9813
4133,亞諾法,8,0,8,元大-八德,2024-09-05,9813
00679B,元大美債20年,585,32,553,元大-八德,2024-09-06,9813
4532,瑞智,255,0,255,元大-八德,2024-09-06,9813
2031,新光鋼,50,0,50,元大-八德,2024-09-06,9813
2883,凱基金,58,8,50,元大-八德,2024-09-06,9813
1584,精剛,40,0,40,元大-八德,2024-09-06,9813
00940,元大台灣價值高息,47,10,37,元大-八德,2024-09-06,9813
6570,維田,32,1,31,元大-八德,2024-09-06,9813
00948B,中信優息投資級債,30,0,30,元大-八德,2024-09-06,9813
2367,燿華,29,0,29,元大-八德,2024-09-06,9813
00687B,國泰20年美債,30,2,28,元大-八德,2024-09-06,9813
00882,中信中國高股息,28,1,27,元大-八德,2024-09-06,9813
2338,光罩,20,0,20,元大-八德,2024-09-06,9813
2392,正崴,20,0,20,元大-八德,2024-09-06,9813
2501,國建,20,0,20,元大-八德,2024-09-06,9813
3081,聯亞,32,12,20,元大-八德,2024-09-06,9813
3354,律勝,20,1,19,元大-八德,2024-09-06,9813
1540,喬福,50,33,17,元大-八德,2024-09-06,9813
00941,中信上游半導體,16,0,16,元大-八德,2024-09-06,9813
3017,奇鋐,22,7,15,元大-八德,2024-09-06,9813
3481,群創,17,2,15,元大-八德,2024-09-06,9813
00953B,群益優選非投等債,14,0,14,元大-八德,2024-09-06,9813
5905,南仁湖,12,0,12,元大-八德,2024-09-06,9813
00642U,期元大S＆P石油,10,0,10,元大-八德,2024-09-06,9813
00887,永豐中國科技50大,10,0,10,元大-八德,2024-09-06,9813
00915,凱基優選高股息30,10,0,10,元大-八德,2024-09-06,9813
00951,台新日本半導體,10,0,10,元大-八德,2024-09-06,9813
2355,敬鵬,10,0,10,元大-八德,2024-09-06,9813
2417,圓剛,10,0,10,元大-八德,2024-09-06,9813
4971,IET-KY,10,0,10,元大-八德,2024-09-06,9813
5236,凌陽創新,12,2,10,元大-八德,2024-09-06,9813
8050,廣積,10,0,10,元大-八德,2024-09-06,9813
8926,台汽電,10,0,10,元大-八德,2024-09-06,9813
9958,世紀鋼,10,0,10,元大-八德,2024-09-06,9813
1326,台化,10,0,10,元大-八德,2024-09-06,9813
00931B,統一美債20年,11,2,9,元大-八德,2024-09-06,9813
1316,上曜,9,0,9,元大-八德,2024-09-06,9813
1524,耿鼎,28,19,9,元大-八德,2024-09-06,9813
4566,時碩工業,24,15,9,元大-八德,2024-09-06,9813
6215,和椿,23,14,9,元大-八德,2024-09-06,9813
5284,jpp-KY,8,0,8,元大-八德,2024-09-06,9813
2317,鴻海,15,8,7,元大-八德,2024-09-06,9813
2101,南港,7,0,7,元大-八德,2024-09-06,9813
00919,群益台灣精選高息,16,9,7,元大-八德,2024-09-06,9813
8027,鈦昇,7,0,7,元大-八德,2024-09-06,9813
00929,復華台灣科技優息,7,1,6,元大-八德,2024-09-06,9813
3044,健鼎,21,15,6,元大-八德,2024-09-06,9813
3230,錦明,7,1,6,元大-八德,2024-09-06,9813
3581,博磊,7,1,6,元大-八德,2024-09-06,9813
8070,長華*,6,0,6,元大-八德,2024-09-06,9813
6505,台塑化,5,0,5,元大-八德,2024-09-06,9813
00919,群益台灣精選高息,232,13,219,元大-八德,2024-09-09,9813
2891,中信金,217,4,213,元大-八德,2024-09-09,9813
4532,瑞智,198,0,198,元大-八德,2024-09-09,9813
00929,復華台灣科技優息,89,16,73,元大-八德,2024-09-09,9813
2885,元大金,65,0,65,元大-八德,2024-09-09,9813
00948B,中信優息投資級債,53,0,53,元大-八德,2024-09-09,9813
00882,中信中國高股息,51,0,51,元大-八德,2024-09-09,9813
2881,富邦金,48,0,48,元大-八德,2024-09-09,9813
3081,聯亞,46,4,42,元大-八德,2024-09-09,9813
00637L,元大滬深300正2,36,5,31,元大-八德,2024-09-09,9813
2031,新光鋼,30,0,30,元大-八德,2024-09-09,9813
2388,威盛,30,2,28,元大-八德,2024-09-09,9813
3481,群創,28,1,27,元大-八德,2024-09-09,9813
00687B,國泰20年美債,140,114,26,元大-八德,2024-09-09,9813
6530,創威,25,0,25,元大-八德,2024-09-09,9813
00878,國泰永續高股息,34,10,24,元大-八德,2024-09-09,9813
00937B,群益ESG投等債20,20,0,20,元大-八德,2024-09-09,9813
4971,IET-KY,20,0,20,元大-八德,2024-09-09,9813
2812,台中銀,18,0,18,元大-八德,2024-09-09,9813
0056,元大高股息,17,0,17,元大-八德,2024-09-09,9813
2883,凱基金,17,0,17,元大-八德,2024-09-09,9813
2497,怡利電,15,0,15,元大-八德,2024-09-09,9813
2317,鴻海,31,16,15,元大-八德,2024-09-09,9813
1301,台塑,15,1,14,元大-八德,2024-09-09,9813
2330,台積電,36,23,13,元大-八德,2024-09-09,9813
2618,長榮航,15,2,13,元大-八德,2024-09-09,9813
6505,台塑化,12,0,12,元大-八德,2024-09-09,9813
4566,時碩工業,15,3,12,元大-八德,2024-09-09,9813
1326,台化,11,0,11,元大-八德,2024-09-09,9813
5284,jpp-KY,11,0,11,元大-八德,2024-09-09,9813
8374,羅昇,38,27,11,元大-八德,2024-09-09,9813
4931,新盛力,10,0,10,元大-八德,2024-09-09,9813
00921,兆豐龍頭等權重,10,0,10,元大-八德,2024-09-09,9813
2417,圓剛,10,0,10,元大-八德,2024-09-09,9813
2637,慧洋-KY,10,0,10,元大-八德,2024-09-09,9813
3673,TPK-KY,12,2,10,元大-八德,2024-09-09,9813
5263,智崴,10,0,10,元大-八德,2024-09-09,9813
5488,松普,10,0,10,元大-八德,2024-09-09,9813
5533,皇鼎,10,0,10,元大-八德,2024-09-09,9813
2888B,新光金乙特,11,2,9,元大-八德,2024-09-09,9813
4956,光鋐,32,23,9,元大-八德,2024-09-09,9813
2002,中鋼,8,0,8,元大-八德,2024-09-09,9813
00712,復華富時不動產,10,2,8,元大-八德,2024-09-09,9813
2882,國泰金,10,2,8,元大-八德,2024-09-09,9813
3028,增你強,8,0,8,元大-八德,2024-09-09,9813
3362,先進光,12,4,8,元大-八德,2024-09-09,9813
4416,三圓,8,0,8,元大-八德,2024-09-09,9813
2610,華航,10,3,7,元大-八德,2024-09-09,9813
2609,陽明,7,0,7,元大-八德,2024-09-09,9813
6023,元大期,7,0,7,元大-八德,2024-09-09,9813
00688L,國泰20年美債正2,425,100,325,元大-八德,2024-09-10,9813
2891,中信金,184,3,181,元大-八德,2024-09-10,9813
4532,瑞智,159,0,159,元大-八德,2024-09-10,9813
00929,復華台灣科技優息,128,0,128,元大-八德,2024-09-10,9813
00940,元大台灣價值高息,59,2,57,元大-八德,2024-09-10,9813
00919,群益台灣精選高息,57,5,52,元大-八德,2024-09-10,9813
3481,群創,48,6,42,元大-八德,2024-09-10,9813
00665L,富邦�琤肭磪囓�2,40,0,40,元大-八德,2024-09-10,9813
2317,鴻海,51,16,35,元大-八德,2024-09-10,9813
6151,晉倫,33,0,33,元大-八德,2024-09-10,9813
2031,新光鋼,31,0,31,元大-八德,2024-09-10,9813
5356,協益,30,0,30,元大-八德,2024-09-10,9813
8085,福華,30,0,30,元大-八德,2024-09-10,9813
6763,綠界科技*,28,0,28,元大-八德,2024-09-10,9813
6023,元大期,26,0,26,元大-八德,2024-09-10,9813
9934,成霖,26,0,26,元大-八德,2024-09-10,9813
3689,湧德,25,0,25,元大-八德,2024-09-10,9813
0056,元大高股息,20,2,18,元大-八德,2024-09-10,9813
3546,宇峻,18,0,18,元大-八德,2024-09-10,9813
2388,威盛,21,3,18,元大-八德,2024-09-10,9813
3163,波若威,18,3,15,元大-八德,2024-09-10,9813
00918,大華優利高填息30,14,0,14,元大-八德,2024-09-10,9813
3545,敦泰,14,0,14,元大-八德,2024-09-10,9813
4958,臻鼎-KY,16,3,13,元大-八德,2024-09-10,9813
2382,廣達,50,37,13,元大-八德,2024-09-10,9813
2409,友達,30,18,12,元大-八德,2024-09-10,9813
2313,華通,15,4,11,元大-八德,2024-09-10,9813
2337,旺宏,11,0,11,元大-八德,2024-09-10,9813
00927,群益半導體收益,15,5,10,元大-八德,2024-09-10,9813
6869,雲豹能源,11,1,10,元大-八德,2024-09-10,9813
2101,南港,10,0,10,元大-八德,2024-09-10,9813
00953B,群益優選非投等債,10,0,10,元大-八德,2024-09-10,9813
3052,夆典,10,0,10,元大-八德,2024-09-10,9813
6799,來頡,10,0,10,元大-八德,2024-09-10,9813
8089,康全電訊,10,0,10,元大-八德,2024-09-10,9813
4977,眾達-KY,13,3,10,元大-八德,2024-09-10,9813
3508,位速,9,0,9,元大-八德,2024-09-10,9813
5263,智崴,10,1,9,元大-八德,2024-09-10,9813
5439,高技,9,0,9,元大-八德,2024-09-10,9813
2367,燿華,11,2,9,元大-八德,2024-09-10,9813
2880,華南金,14,6,8,元大-八德,2024-09-10,9813
00878,國泰永續高股息,13,6,7,元大-八德,2024-09-10,9813
1785,光洋科,10,3,7,元大-八德,2024-09-10,9813
8112,至上,6,0,6,元大-八德,2024-09-10,9813
00915,凱基優選高股息30,6,0,6,元大-八德,2024-09-10,9813
2009,第一銅,6,0,6,元大-八德,2024-09-10,9813
2208,台船,6,0,6,元大-八德,2024-09-10,9813
4133,亞諾法,7,1,6,元大-八德,2024-09-10,9813
5284,jpp-KY,6,0,6,元大-八德,2024-09-10,9813
2520,冠德,6,0,6,元大-八德,2024-09-10,9813
00688L,國泰20年美債正2,504,128,376,元大-八德,2024-09-11,9813
00937B,群益ESG投等債20,236,71,165,元大-八德,2024-09-11,9813
00940,元大台灣價值高息,88,1,87,元大-八德,2024-09-11,9813
6156,松上,86,0,86,元大-八德,2024-09-11,9813
3023,信邦,81,0,81,元大-八德,2024-09-11,9813
5515,建國,60,0,60,元大-八德,2024-09-11,9813
00934,中信成長高股息,42,0,42,元大-八德,2024-09-11,9813
00948B,中信優息投資級債,42,0,42,元大-八德,2024-09-11,9813
2031,新光鋼,50,10,40,元大-八德,2024-09-11,9813
3081,聯亞,33,0,33,元大-八德,2024-09-11,9813
00690,兆豐藍籌30,31,0,31,元大-八德,2024-09-11,9813
00919,群益台灣精選高息,31,0,31,元大-八德,2024-09-11,9813
2888B,新光金乙特,29,0,29,元大-八德,2024-09-11,9813
00945B,凱基美國非投等債,26,0,26,元大-八德,2024-09-11,9813
00650L,復華香港正2,23,0,23,元大-八德,2024-09-11,9813
8084,巨虹,20,0,20,元大-八德,2024-09-11,9813
00929,復華台灣科技優息,20,0,20,元大-八德,2024-09-11,9813
5450,南良,17,0,17,元大-八德,2024-09-11,9813
2002,中鋼,17,1,16,元大-八德,2024-09-11,9813
2891,中信金,16,1,15,元大-八德,2024-09-11,9813
2399,映泰,46,31,15,元大-八德,2024-09-11,9813
1522,堤維西,17,3,14,元大-八德,2024-09-11,9813
4416,三圓,14,0,14,元大-八德,2024-09-11,9813
5328,華容,14,0,14,元大-八德,2024-09-11,9813
8043,蜜望實,23,11,12,元大-八德,2024-09-11,9813
5443,均豪,12,1,11,元大-八德,2024-09-11,9813
00905,FT臺灣Smart,10,0,10,元大-八德,2024-09-11,9813
00931B,統一美債20年,10,0,10,元大-八德,2024-09-11,9813
5876,上海商銀,10,0,10,元大-八德,2024-09-11,9813
6224,聚鼎,10,0,10,元大-八德,2024-09-11,9813
00941,中信上游半導體,9,0,9,元大-八德,2024-09-11,9813
1815,富喬,11,2,9,元大-八德,2024-09-11,9813
2497,怡利電,24,15,9,元大-八德,2024-09-11,9813
3707,漢磊,9,0,9,元大-八德,2024-09-11,9813
4123,晟德,9,0,9,元大-八德,2024-09-11,9813
6743,安普新,9,0,9,元大-八德,2024-09-11,9813
2885,元大金,9,0,9,元大-八德,2024-09-11,9813
00951,台新日本半導體,8,0,8,元大-八德,2024-09-11,9813
2070,精湛,10,2,8,元大-八德,2024-09-11,9813
3576,聯合再生,8,0,8,元大-八德,2024-09-11,9813
6552,易華電,8,0,8,元大-八德,2024-09-11,9813
2881,富邦金,7,0,7,元大-八德,2024-09-11,9813
00882,中信中國高股息,7,0,7,元大-八德,2024-09-11,9813
5284,jpp-KY,7,0,7,元大-八德,2024-09-11,9813
00713,元大台灣高息低波,6,0,6,元大-八德,2024-09-11,9813
2609,陽明,11,5,6,元大-八德,2024-09-11,9813
1409,新纖,6,0,6,元大-八德,2024-09-11,9813
6187,萬潤,8,2,6,元大-八德,2024-09-11,9813
4714,永捷,8,2,6,元大-八德,2024-09-11,9813
00878,國泰永續高股息,11,5,6,元大-八德,2024-09-11,9813
2888,新光金,913,67,846,元大-八德,2024-09-12,9813
00687B,國泰20年美債,143,5,138,元大-八德,2024-09-12,9813
00664R,國泰臺灣加權反1,80,0,80,元大-八德,2024-09-12,9813
00632R,元大台灣50反1,96,30,66,元大-八德,2024-09-12,9813
00688L,國泰20年美債正2,63,0,63,元大-八德,2024-09-12,9813
00637L,元大滬深300正2,61,0,61,元大-八德,2024-09-12,9813
1711,永光,63,2,61,元大-八德,2024-09-12,9813
00919,群益台灣精選高息,59,4,55,元大-八德,2024-09-12,9813
00648R,元大S＆P500反1,50,0,50,元大-八德,2024-09-12,9813
00937B,群益ESG投等債20,47,1,46,元大-八德,2024-09-12,9813
006208,富邦台50,50,5,45,元大-八德,2024-09-12,9813
6023,元大期,43,0,43,元大-八德,2024-09-12,9813
3037,欣興,45,5,40,元大-八德,2024-09-12,9813
8249,菱光,94,62,32,元大-八德,2024-09-12,9813
2031,新光鋼,30,0,30,元大-八德,2024-09-12,9813
2891,中信金,30,1,29,元大-八德,2024-09-12,9813
00940,元大台灣價值高息,32,3,29,元大-八德,2024-09-12,9813
2618,長榮航,27,2,25,元大-八德,2024-09-12,9813
6706,惠特,25,3,22,元大-八德,2024-09-12,9813
1815,富喬,20,0,20,元大-八德,2024-09-12,9813
2543,皇昌,17,0,17,元大-八德,2024-09-12,9813
4958,臻鼎-KY,18,1,17,元大-八德,2024-09-12,9813
2887,台新金,18,2,16,元大-八德,2024-09-12,9813
3491,昇達科,16,1,15,元大-八德,2024-09-12,9813
9934,成霖,15,0,15,元大-八德,2024-09-12,9813
1522,堤維西,25,11,14,元大-八德,2024-09-12,9813
6530,創威,28,16,12,元大-八德,2024-09-12,9813
00948B,中信優息投資級債,12,0,12,元大-八德,2024-09-12,9813
4510,高鋒,41,29,12,元大-八德,2024-09-12,9813
5512,力麒,11,0,11,元大-八德,2024-09-12,9813
2540,愛山林,10,0,10,元大-八德,2024-09-12,9813
00665L,富邦�琤肭磪囓�2,10,0,10,元大-八德,2024-09-12,9813
00957B,兆豐US優選投等債,10,0,10,元大-八德,2024-09-12,9813
2371,大同,10,0,10,元大-八德,2024-09-12,9813
2633,台灣高鐵,10,0,10,元大-八德,2024-09-12,9813
5328,華容,10,0,10,元大-八德,2024-09-12,9813
5439,高技,10,0,10,元大-八德,2024-09-12,9813
5531,鄉林,10,0,10,元大-八德,2024-09-12,9813
5533,皇鼎,10,0,10,元大-八德,2024-09-12,9813
3035,智原,11,2,9,元大-八德,2024-09-12,9813
3455,由田,10,1,9,元大-八德,2024-09-12,9813
2881,富邦金,8,0,8,元大-八德,2024-09-12,9813
5234,達興材料,12,4,8,元大-八德,2024-09-12,9813
3081,聯亞,46,38,8,元大-八德,2024-09-12,9813
2402,毅嘉,9,2,7,元大-八德,2024-09-12,9813
3508,位速,7,0,7,元大-八德,2024-09-12,9813
3707,漢磊,8,1,7,元大-八德,2024-09-12,9813
8027,鈦昇,7,0,7,元大-八德,2024-09-12,9813
8374,羅昇,13,6,7,元大-八德,2024-09-12,9813
2515,中工,6,0,6,元大-八德,2024-09-12,9813
00937B,群益ESG投等債20,171,3,168,元大-八德,2024-09-13,9813
00687B,國泰20年美債,148,0,148,元大-八德,2024-09-13,9813
9934,成霖,83,0,83,元大-八德,2024-09-13,9813
3289,宜特,73,9,64,元大-八德,2024-09-13,9813
4714,永捷,63,0,63,元大-八德,2024-09-13,9813
2891,中信金,65,3,62,元大-八德,2024-09-13,9813
00929,復華台灣科技優息,62,1,61,元大-八德,2024-09-13,9813
00948B,中信優息投資級債,56,0,56,元大-八德,2024-09-13,9813
4711,永純,56,0,56,元大-八德,2024-09-13,9813
00940,元大台灣價值高息,53,1,52,元大-八德,2024-09-13,9813
1785,光洋科,69,22,47,元大-八德,2024-09-13,9813
00919,群益台灣精選高息,53,9,44,元大-八德,2024-09-13,9813
3550,聯穎,43,1,42,元大-八德,2024-09-13,9813
3081,聯亞,38,2,36,元大-八德,2024-09-13,9813
8084,巨虹,30,0,30,元大-八德,2024-09-13,9813
5533,皇鼎,28,0,28,元大-八德,2024-09-13,9813
8040,九暘,25,0,25,元大-八德,2024-09-13,9813
4510,高鋒,67,43,24,元大-八德,2024-09-13,9813
2388,威盛,43,21,22,元大-八德,2024-09-13,9813
00688L,國泰20年美債正2,20,0,20,元大-八德,2024-09-13,9813
1316,上曜,20,0,20,元大-八德,2024-09-13,9813
2031,新光鋼,20,0,20,元大-八德,2024-09-13,9813
6194,育富,21,1,20,元大-八德,2024-09-13,9813
00679B,元大美債20年,16,0,16,元大-八德,2024-09-13,9813
9958,世紀鋼,16,0,16,元大-八德,2024-09-13,9813
00918,大華優利高填息30,15,0,15,元大-八德,2024-09-13,9813
00637L,元大滬深300正2,16,1,15,元大-八德,2024-09-13,9813
6829,千附精密,15,0,15,元大-八德,2024-09-13,9813
2367,燿華,14,0,14,元大-八德,2024-09-13,9813
8043,蜜望實,13,0,13,元大-八德,2024-09-13,9813
6609,瀧澤科,12,0,12,元大-八德,2024-09-13,9813
2356,英業達,13,1,12,元大-八德,2024-09-13,9813
4979,華星光,40,29,11,元大-八德,2024-09-13,9813
2383,台光電,22,12,10,元大-八德,2024-09-13,9813
2417,圓剛,10,0,10,元大-八德,2024-09-13,9813
1540,喬福,22,14,8,元大-八德,2024-09-13,9813
6958,日盛台駿,8,0,8,元大-八德,2024-09-13,9813
2890,永豐金,11,3,8,元大-八德,2024-09-13,9813
00939,統一台灣高息動能,8,0,8,元大-八德,2024-09-13,9813
3167,大量,8,2,6,元大-八德,2024-09-13,9813
1582,信錦,7,1,6,元大-八德,2024-09-13,9813
00720B,元大投資級公司債,6,0,6,元大-八德,2024-09-13,9813
00892,富邦台灣半導體,6,0,6,元大-八德,2024-09-13,9813
3019,亞光,12,6,6,元大-八德,2024-09-13,9813
3362,先進光,6,0,6,元大-八德,2024-09-13,9813
5876,上海商銀,6,0,6,元大-八德,2024-09-13,9813
00935,野村臺灣新科技50,5,0,5,元大-八德,2024-09-13,9813
2406,國碩,5,0,5,元大-八德,2024-09-13,9813
2464,盟立,5,0,5,元大-八德,2024-09-13,9813
2633,台灣高鐵,5,0,5,元大-八德,2024-09-13,9813
00945B,凱基美國非投等債,464,1,463,元大-八德,2024-09-16,9813
00919,群益台灣精選高息,259,4,255,元大-八德,2024-09-16,9813
00687B,國泰20年美債,208,1,207,元大-八德,2024-09-16,9813
00688L,國泰20年美債正2,141,30,111,元大-八德,2024-09-16,9813
006208,富邦台50,106,2,104,元大-八德,2024-09-16,9813
00715L,期街口布蘭特正2,100,0,100,元大-八德,2024-09-16,9813
00680L,元大美債20正2,122,30,92,元大-八德,2024-09-16,9813
00751B,元大AAA至A公司債,88,0,88,元大-八德,2024-09-16,9813
2409,友達,82,1,81,元大-八德,2024-09-16,9813
00937B,群益ESG投等債20,68,0,68,元大-八德,2024-09-16,9813
4714,永捷,75,8,67,元大-八德,2024-09-16,9813
2891,中信金,64,4,60,元大-八德,2024-09-16,9813
00696B,富邦美債20年,50,0,50,元大-八德,2024-09-16,9813
3062,建漢,91,43,48,元大-八德,2024-09-16,9813
2031,新光鋼,40,0,40,元大-八德,2024-09-16,9813
5515,建國,40,0,40,元大-八德,2024-09-16,9813
00918,大華優利高填息30,38,0,38,元大-八德,2024-09-16,9813
1711,永光,43,15,28,元大-八德,2024-09-16,9813
00720B,元大投資級公司債,26,0,26,元大-八德,2024-09-16,9813
00929,復華台灣科技優息,29,6,23,元大-八德,2024-09-16,9813
00940,元大台灣價值高息,34,11,23,元大-八德,2024-09-16,9813
5263,智崴,22,1,21,元大-八德,2024-09-16,9813
00934,中信成長高股息,20,0,20,元大-八德,2024-09-16,9813
1316,上曜,23,3,20,元大-八德,2024-09-16,9813
00713,元大台灣高息低波,18,0,18,元大-八德,2024-09-16,9813
2201,裕隆,17,0,17,元大-八德,2024-09-16,9813
2349,錸德,108,91,17,元大-八德,2024-09-16,9813
3081,聯亞,22,6,16,元大-八德,2024-09-16,9813
1785,光洋科,105,90,15,元大-八德,2024-09-16,9813
4979,華星光,21,6,15,元大-八德,2024-09-16,9813
4974,亞泰,14,0,14,元大-八德,2024-09-16,9813
00706L,期元大S＆P日圓正2,12,0,12,元大-八德,2024-09-16,9813
3264,欣銓,12,0,12,元大-八德,2024-09-16,9813
4909,新復興,18,7,11,元大-八德,2024-09-16,9813
6869,雲豹能源,12,1,11,元大-八德,2024-09-16,9813
2476,鉅祥,10,0,10,元大-八德,2024-09-16,9813
3052,夆典,10,0,10,元大-八德,2024-09-16,9813
00953B,群益優選非投等債,9,0,9,元大-八德,2024-09-16,9813
4123,晟德,10,1,9,元大-八德,2024-09-16,9813
5450,南良,8,0,8,元大-八德,2024-09-16,9813
6449,鈺邦,10,2,8,元大-八德,2024-09-16,9813
8249,菱光,13,5,8,元大-八德,2024-09-16,9813
3019,亞光,9,2,7,元大-八德,2024-09-16,9813
3163,波若威,7,0,7,元大-八德,2024-09-16,9813
3522,御嵿,7,0,7,元大-八德,2024-09-16,9813
2454,聯發科,6,0,6,元大-八德,2024-09-16,9813
0052,富邦科技,6,0,6,元大-八德,2024-09-16,9813
2603,長榮,6,0,6,元大-八德,2024-09-16,9813
00892,富邦台灣半導體,6,0,6,元大-八德,2024-09-16,9813
00948B,中信優息投資級債,6,0,6,元大-八德,2024-09-16,9813
2888,新光金,1015,131,884,元大-八德,2024-09-18,9813
2399,映泰,559,101,458,元大-八德,2024-09-18,9813
00929,復華台灣科技優息,117,4,113,元大-八德,2024-09-18,9813
6869,雲豹能源,125,12,113,元大-八德,2024-09-18,9813
00688L,國泰20年美債正2,108,0,108,元大-八德,2024-09-18,9813
00919,群益台灣精選高息,114,7,107,元大-八德,2024-09-18,9813
00937B,群益ESG投等債20,99,0,99,元大-八德,2024-09-18,9813
1785,光洋科,178,81,97,元大-八德,2024-09-18,9813
9934,成霖,83,0,83,元大-八德,2024-09-18,9813
00942B,台新美A公司債20+,80,0,80,元大-八德,2024-09-18,9813
1316,上曜,75,0,75,元大-八德,2024-09-18,9813
2887,台新金,73,0,73,元大-八德,2024-09-18,9813
5515,建國,70,0,70,元大-八德,2024-09-18,9813
4979,華星光,85,29,56,元大-八德,2024-09-18,9813
00948B,中信優息投資級債,50,0,50,元大-八德,2024-09-18,9813
2031,新光鋼,40,0,40,元大-八德,2024-09-18,9813
2834,臺企銀,39,0,39,元大-八德,2024-09-18,9813
6412,群電,42,3,39,元大-八德,2024-09-18,9813
00915,凱基優選高股息30,40,2,38,元大-八德,2024-09-18,9813
2317,鴻海,50,13,37,元大-八德,2024-09-18,9813
1717,長興,35,8,27,元大-八德,2024-09-18,9813
020034,元大IC設計N,24,0,24,元大-八德,2024-09-18,9813
6863,永道-KY,25,2,23,元大-八德,2024-09-18,9813
3715,定穎投控,33,12,21,元大-八德,2024-09-18,9813
6274,台燿,22,2,20,元大-八德,2024-09-18,9813
1714,和桐,20,0,20,元大-八德,2024-09-18,9813
1582,信錦,36,18,18,元大-八德,2024-09-18,9813
2345,智邦,16,0,16,元大-八德,2024-09-18,9813
3581,博磊,17,2,15,元大-八德,2024-09-18,9813
6706,惠特,16,2,14,元大-八德,2024-09-18,9813
2303,聯電,17,3,14,元大-八德,2024-09-18,9813
2851,中再保,14,0,14,元大-八德,2024-09-18,9813
2367,燿華,15,1,14,元大-八德,2024-09-18,9813
00680L,元大美債20正2,13,0,13,元大-八德,2024-09-18,9813
8039,台虹,14,1,13,元大-八德,2024-09-18,9813
5880,合庫金,12,0,12,元大-八德,2024-09-18,9813
00637L,元大滬深300正2,12,0,12,元大-八德,2024-09-18,9813
2388,威盛,12,0,12,元大-八德,2024-09-18,9813
2383,台光電,28,16,12,元大-八德,2024-09-18,9813
6271,同欣電,11,0,11,元大-八德,2024-09-18,9813
00878,國泰永續高股息,10,0,10,元大-八德,2024-09-18,9813
00918,大華優利高填息30,10,0,10,元大-八德,2024-09-18,9813
1210,大成,10,0,10,元大-八德,2024-09-18,9813
2007,燁興,10,0,10,元大-八德,2024-09-18,9813
2323,中環,10,0,10,元大-八德,2024-09-18,9813
2520,冠德,10,0,10,元大-八德,2024-09-18,9813
5225,東科-KY,10,0,10,元大-八德,2024-09-18,9813
00934,中信成長高股息,9,0,9,元大-八德,2024-09-18,9813
1514,亞力,16,7,9,元大-八德,2024-09-18,9813
3605,宏致,11,2,9,元大-八德,2024-09-18,9813
3354,律勝,487,0,487,元大-八德,2024-09-19,9813
00637L,元大滬深300正2,330,100,230,元大-八德,2024-09-19,9813
006208,富邦台50,179,3,176,元大-八德,2024-09-19,9813
00937B,群益ESG投等債20,156,0,156,元大-八德,2024-09-19,9813
00679B,元大美債20年,155,6,149,元大-八德,2024-09-19,9813
2464,盟立,132,16,116,元大-八德,2024-09-19,9813
2317,鴻海,105,13,92,元大-八德,2024-09-19,9813
00680L,元大美債20正2,117,26,91,元大-八德,2024-09-19,9813
00958B,永豐ESG銀行債15,85,0,85,元大-八德,2024-09-19,9813
00687B,國泰20年美債,91,25,66,元大-八德,2024-09-19,9813
00720B,元大投資級公司債,61,0,61,元大-八德,2024-09-19,9813
00948B,中信優息投資級債,53,0,53,元大-八德,2024-09-19,9813
6151,晉倫,44,0,44,元大-八德,2024-09-19,9813
1316,上曜,46,3,43,元大-八德,2024-09-19,9813
2031,新光鋼,40,0,40,元大-八德,2024-09-19,9813
00929,復華台灣科技優息,38,2,36,元大-八德,2024-09-19,9813
1785,光洋科,108,73,35,元大-八德,2024-09-19,9813
3363,上詮,49,16,33,元大-八德,2024-09-19,9813
5515,建國,30,0,30,元大-八德,2024-09-19,9813
00751B,元大AAA至A公司債,30,3,27,元大-八德,2024-09-19,9813
00632R,元大台灣50反1,26,0,26,元大-八德,2024-09-19,9813
3376,新日興,26,2,24,元大-八德,2024-09-19,9813
00931B,統一美債20年,26,3,23,元大-八德,2024-09-19,9813
4909,新復興,29,6,23,元大-八德,2024-09-19,9813
1711,永光,36,14,22,元大-八德,2024-09-19,9813
4904,遠傳,20,0,20,元大-八德,2024-09-19,9813
00795B,中信美國公債20年,19,0,19,元大-八德,2024-09-19,9813
00919,群益台灣精選高息,20,2,18,元大-八德,2024-09-19,9813
3062,建漢,29,11,18,元大-八德,2024-09-19,9813
2891,中信金,23,6,17,元大-八德,2024-09-19,9813
2420,新巨,24,7,17,元大-八德,2024-09-19,9813
00688L,國泰20年美債正2,16,0,16,元大-八德,2024-09-19,9813
020040,元大上櫃ESG龍頭N,15,0,15,元大-八德,2024-09-19,9813
5234,達興材料,36,21,15,元大-八德,2024-09-19,9813
3035,智原,15,1,14,元大-八德,2024-09-19,9813
6023,元大期,14,0,14,元大-八德,2024-09-19,9813
5443,均豪,23,9,14,元大-八德,2024-09-19,9813
4906,正文,18,4,14,元大-八德,2024-09-19,9813
2313,華通,13,0,13,元大-八德,2024-09-19,9813
00933B,國泰10Y+金融債,12,0,12,元大-八德,2024-09-19,9813
1582,信錦,15,3,12,元大-八德,2024-09-19,9813
00954,中信日本半導體,12,0,12,元大-八德,2024-09-19,9813
2367,燿華,12,0,12,元大-八德,2024-09-19,9813
3665,貿聯-KY,11,0,11,元大-八德,2024-09-19,9813
4526,東台,12,1,11,元大-八德,2024-09-19,9813
00915,凱基優選高股息30,10,0,10,元大-八德,2024-09-19,9813
00882,中信中國高股息,9,0,9,元大-八德,2024-09-19,9813
3260,威剛,11,2,9,元大-八德,2024-09-19,9813
8054,安國,11,2,9,元大-八德,2024-09-19,9813
2460,建通,8,0,8,元大-八德,2024-09-19,9813
3580,友威科,737,0,737,元大-八德,2024-09-20,9813
00632R,元大台灣50反1,260,0,260,元大-八德,2024-09-20,9813
00919,群益台灣精選高息,221,95,126,元大-八德,2024-09-20,9813
3167,大量,126,5,121,元大-八德,2024-09-20,9813
00958B,永豐ESG銀行債15,88,0,88,元大-八德,2024-09-20,9813
2891,中信金,121,48,73,元大-八德,2024-09-20,9813
00795B,中信美國公債20年,78,20,58,元大-八德,2024-09-20,9813
3481,群創,72,14,58,元大-八德,2024-09-20,9813
00687B,國泰20年美債,72,26,46,元大-八德,2024-09-20,9813
00929,復華台灣科技優息,61,17,44,元大-八德,2024-09-20,9813
00679B,元大美債20年,43,1,42,元大-八德,2024-09-20,9813
2031,新光鋼,40,0,40,元大-八德,2024-09-20,9813
6156,松上,38,0,38,元大-八德,2024-09-20,9813
2409,友達,40,3,37,元大-八德,2024-09-20,9813
00948B,中信優息投資級債,32,0,32,元大-八德,2024-09-20,9813
5234,達興材料,31,1,30,元大-八德,2024-09-20,9813
2520,冠德,30,1,29,元大-八德,2024-09-20,9813
2317,鴻海,55,26,29,元大-八德,2024-09-20,9813
3081,聯亞,34,6,28,元大-八德,2024-09-20,9813
3105,穩懋,24,0,24,元大-八德,2024-09-20,9813
5515,建國,24,0,24,元大-八德,2024-09-20,9813
00637L,元大滬深300正2,30,7,23,元大-八德,2024-09-20,9813
00696B,富邦美債20年,20,0,20,元大-八德,2024-09-20,9813
8070,長華*,30,11,19,元大-八德,2024-09-20,9813
00713,元大台灣高息低波,18,1,17,元大-八德,2024-09-20,9813
9904,寶成,18,1,17,元大-八德,2024-09-20,9813
5328,華容,16,0,16,元大-八德,2024-09-20,9813
00947,台新臺灣IC設計,15,0,15,元大-八德,2024-09-20,9813
00952,凱基台灣AI50,15,0,15,元大-八德,2024-09-20,9813
1524,耿鼎,17,2,15,元大-八德,2024-09-20,9813
4974,亞泰,17,2,15,元大-八德,2024-09-20,9813
4979,華星光,34,19,15,元大-八德,2024-09-20,9813
2867,三商壽,21,7,14,元大-八德,2024-09-20,9813
2887,台新金,14,0,14,元大-八德,2024-09-20,9813
2241,艾姆勒,13,0,13,元大-八德,2024-09-20,9813
00960,野村全球航運龍頭,12,0,12,元大-八德,2024-09-20,9813
00923,群益台ESG低碳50,11,0,11,元大-八德,2024-09-20,9813
2399,映泰,60,49,11,元大-八德,2024-09-20,9813
3430,奇鈦科,15,4,11,元大-八德,2024-09-20,9813
2886,兆豐金,11,0,11,元大-八德,2024-09-20,9813
00945B,凱基美國非投等債,10,0,10,元大-八德,2024-09-20,9813
1303,南亞,11,1,10,元大-八德,2024-09-20,9813
1460,宏遠,10,0,10,元大-八德,2024-09-20,9813
6284,佳邦,10,0,10,元大-八德,2024-09-20,9813
6799,來頡,17,7,10,元大-八德,2024-09-20,9813
6104,創惟,30,21,9,元大-八德,2024-09-20,9813
5469,瀚宇博,11,2,9,元大-八德,2024-09-20,9813
2609,陽明,17,9,8,元大-八德,2024-09-20,9813
00927,群益半導體收益,8,0,8,元大-八德,2024-09-20,9813
00915,凱基優選高股息30,58,50,8,元大-八德,2024-09-20,9813
2888,新光金,520,72,448,元大-八德,2024-09-23,9813
00921,兆豐龍頭等權重,251,0,251,元大-八德,2024-09-23,9813
00919,群益台灣精選高息,133,13,120,元大-八德,2024-09-23,9813
00937B,群益ESG投等債20,77,2,75,元大-八德,2024-09-23,9813
00680L,元大美債20正2,72,0,72,元大-八德,2024-09-23,9813
6535,順藥,62,0,62,元大-八德,2024-09-23,9813
4716,大立,49,7,42,元大-八德,2024-09-23,9813
5515,建國,42,0,42,元大-八德,2024-09-23,9813
2031,新光鋼,40,0,40,元大-八德,2024-09-23,9813
00687B,國泰20年美債,35,0,35,元大-八德,2024-09-23,9813
2888B,新光金乙特,33,0,33,元大-八德,2024-09-23,9813
3715,定穎投控,51,19,32,元大-八德,2024-09-23,9813
00679B,元大美債20年,56,28,28,元大-八德,2024-09-23,9813
3019,亞光,42,14,28,元大-八德,2024-09-23,9813
00720B,元大投資級公司債,22,0,22,元大-八德,2024-09-23,9813
00958B,永豐ESG銀行債15,22,0,22,元大-八德,2024-09-23,9813
5364,力麗店,19,0,19,元大-八德,2024-09-23,9813
2449,京元電子,21,4,17,元大-八德,2024-09-23,9813
8147,正淩,17,0,17,元大-八德,2024-09-23,9813
00929,復華台灣科技優息,28,12,16,元大-八德,2024-09-23,9813
4743,合一,60,45,15,元大-八德,2024-09-23,9813
6438,迅得,15,0,15,元大-八德,2024-09-23,9813
2399,映泰,25,12,13,元大-八德,2024-09-23,9813
3171,炎洲流通,13,0,13,元大-八德,2024-09-23,9813
5245,智晶,13,0,13,元大-八德,2024-09-23,9813
6869,雲豹能源,13,2,11,元大-八德,2024-09-23,9813
5880,合庫金,12,1,11,元大-八德,2024-09-23,9813
8089,康全電訊,10,0,10,元大-八德,2024-09-23,9813
1460,宏遠,10,0,10,元大-八德,2024-09-23,9813
1802,台玻,10,0,10,元大-八德,2024-09-23,9813
2425,承啟,18,8,10,元大-八德,2024-09-23,9813
5328,華容,10,0,10,元大-八德,2024-09-23,9813
6244,茂迪,10,0,10,元大-八德,2024-09-23,9813
6530,創威,10,0,10,元大-八德,2024-09-23,9813
00712,復華富時不動產,9,0,9,元大-八德,2024-09-23,9813
1309,台達化,11,3,8,元大-八德,2024-09-23,9813
6138,茂達,10,2,8,元大-八德,2024-09-23,9813
3498,陽程,11,4,7,元大-八德,2024-09-23,9813
00915,凱基優選高股息30,10,3,7,元大-八德,2024-09-23,9813
1785,光洋科,18,11,7,元大-八德,2024-09-23,9813
6449,鈺邦,11,4,7,元大-八德,2024-09-23,9813
6829,千附精密,8,1,7,元大-八德,2024-09-23,9813
2382,廣達,6,0,6,元大-八德,2024-09-23,9813
00892,富邦台灣半導體,6,0,6,元大-八德,2024-09-23,9813
2892,第一金,6,0,6,元大-八德,2024-09-23,9813
3653,健策,9,3,6,元大-八德,2024-09-23,9813
1524,耿鼎,26,21,5,元大-八德,2024-09-23,9813
2354,鴻準,7,2,5,元大-八德,2024-09-23,9813
2417,圓剛,5,0,5,元大-八德,2024-09-23,9813
2883,凱基金,5,0,5,元大-八德,2024-09-23,9813
00680L,元大美債20正2,365,0,365,元大-八德,2024-09-24,9813
00945B,凱基美國非投等債,200,0,200,元大-八德,2024-09-24,9813
00958B,永豐ESG銀行債15,110,0,110,元大-八德,2024-09-24,9813
2609,陽明,219,111,108,元大-八德,2024-09-24,9813
00679B,元大美債20年,77,4,73,元大-八德,2024-09-24,9813
00929,復華台灣科技優息,55,0,55,元大-八德,2024-09-24,9813
2317,鴻海,121,71,50,元大-八德,2024-09-24,9813
3167,大量,66,20,46,元大-八德,2024-09-24,9813
4909,新復興,56,11,45,元大-八德,2024-09-24,9813
2399,映泰,95,52,43,元大-八德,2024-09-24,9813
2031,新光鋼,41,0,41,元大-八德,2024-09-24,9813
2615,萬海,66,27,39,元大-八德,2024-09-24,9813
00712,復華富時不動產,38,0,38,元大-八德,2024-09-24,9813
00687B,國泰20年美債,37,1,36,元大-八德,2024-09-24,9813
3363,上詮,44,8,36,元大-八德,2024-09-24,9813
02001B,統一美國政府債N,30,0,30,元大-八德,2024-09-24,9813
00937B,群益ESG投等債20,45,20,25,元大-八德,2024-09-24,9813
6552,易華電,24,0,24,元大-八德,2024-09-24,9813
2891,中信金,26,5,21,元大-八德,2024-09-24,9813
020027,元大上櫃ESG成長N,20,0,20,元大-八德,2024-09-24,9813
2477,美隆電,20,0,20,元大-八德,2024-09-24,9813
00953B,群益優選非投等債,19,0,19,元大-八德,2024-09-24,9813
00954,中信日本半導體,17,0,17,元大-八德,2024-09-24,9813
2401,凌陽,17,2,15,元大-八德,2024-09-24,9813
3645,達邁,15,0,15,元大-八德,2024-09-24,9813
8084,巨虹,15,0,15,元大-八德,2024-09-24,9813
4716,大立,26,12,14,元大-八德,2024-09-24,9813
3481,群創,14,0,14,元大-八德,2024-09-24,9813
00892,富邦台灣半導體,12,0,12,元大-八德,2024-09-24,9813
3605,宏致,17,5,12,元大-八德,2024-09-24,9813
00919,群益台灣精選高息,16,5,11,元大-八德,2024-09-24,9813
2330,台積電,21,10,11,元大-八德,2024-09-24,9813
1785,光洋科,14,3,11,元大-八德,2024-09-24,9813
3062,建漢,18,7,11,元大-八德,2024-09-24,9813
6257,矽格,14,3,11,元大-八德,2024-09-24,9813
6863,永道-KY,11,0,11,元大-八德,2024-09-24,9813
4772,台特化,21,11,10,元大-八德,2024-09-24,9813
00887,永豐中國科技50大,10,0,10,元大-八德,2024-09-24,9813
00957B,兆豐US優選投等債,10,0,10,元大-八德,2024-09-24,9813
020035,元大上櫃ESG高息N,10,0,10,元大-八德,2024-09-24,9813
2611,志信,10,0,10,元大-八德,2024-09-24,9813
6605,帝寶,10,0,10,元大-八德,2024-09-24,9813
4979,華星光,14,4,10,元大-八德,2024-09-24,9813
00878,國泰永續高股息,15,6,9,元大-八德,2024-09-24,9813
2426,鼎元,10,1,9,元大-八德,2024-09-24,9813
3105,穩懋,14,6,8,元大-八德,2024-09-24,9813
2356,英業達,9,1,8,元大-八德,2024-09-24,9813
00891,中信關鍵半導體,8,0,8,元大-八德,2024-09-24,9813
3037,欣興,10,2,8,元大-八德,2024-09-24,9813
4714,永捷,8,0,8,元大-八德,2024-09-24,9813
3081,聯亞,345,252,93,元大-八德,2024-09-25,9813
3141,晶宏,95,38,57,元大-八德,2024-09-25,9813
3019,亞光,78,21,57,元大-八德,2024-09-25,9813
8028,昇陽半導體,48,1,47,元大-八德,2024-09-25,9813
2329,華泰,47,1,46,元大-八德,2024-09-25,9813
5469,瀚宇博,43,0,43,元大-八德,2024-09-25,9813
2031,新光鋼,40,0,40,元大-八德,2024-09-25,9813
00679B,元大美債20年,43,8,35,元大-八德,2024-09-25,9813
4772,台特化,36,4,32,元大-八德,2024-09-25,9813
2888,新光金,31,0,31,元大-八德,2024-09-25,9813
4735,豪展,29,0,29,元大-八德,2024-09-25,9813
2615,萬海,122,95,27,元大-八德,2024-09-25,9813
2317,鴻海,101,75,26,元大-八德,2024-09-25,9813
6535,順藥,38,13,25,元大-八德,2024-09-25,9813
6188,廣明,30,9,21,元大-八德,2024-09-25,9813
00680L,元大美債20正2,20,0,20,元大-八德,2024-09-25,9813
00948B,中信優息投資級債,20,0,20,元大-八德,2024-09-25,9813
00953B,群益優選非投等債,20,0,20,元大-八德,2024-09-25,9813
1316,上曜,20,0,20,元大-八德,2024-09-25,9813
3049,精金,20,0,20,元大-八德,2024-09-25,9813
6829,千附精密,22,2,20,元大-八德,2024-09-25,9813
00945B,凱基美國非投等債,19,0,19,元大-八德,2024-09-25,9813
2610,華航,26,7,19,元大-八德,2024-09-25,9813
3481,群創,17,1,16,元大-八德,2024-09-25,9813
00927,群益半導體收益,16,0,16,元大-八德,2024-09-25,9813
1524,耿鼎,17,1,16,元大-八德,2024-09-25,9813
5488,松普,26,10,16,元大-八德,2024-09-25,9813
00687B,國泰20年美債,30,17,13,元大-八德,2024-09-25,9813
00915,凱基優選高股息30,15,2,13,元大-八德,2024-09-25,9813
2890,永豐金,15,2,13,元大-八德,2024-09-25,9813
2891,中信金,14,2,12,元大-八德,2024-09-25,9813
2618,長榮航,12,0,12,元大-八德,2024-09-25,9813
3588,通嘉,12,0,12,元大-八德,2024-09-25,9813
3450,聯鈞,26,15,11,元大-八德,2024-09-25,9813
00931B,統一美債20年,10,0,10,元大-八德,2024-09-25,9813
2312,金寶,10,0,10,元大-八德,2024-09-25,9813
6284,佳邦,10,0,10,元大-八德,2024-09-25,9813
8084,巨虹,10,0,10,元大-八德,2024-09-25,9813
4903,聯光通,10,1,9,元大-八德,2024-09-25,9813
8076,伍豐,14,5,9,元大-八德,2024-09-25,9813
6239,力成,8,0,8,元大-八德,2024-09-25,9813
1808,潤隆,8,1,7,元大-八德,2024-09-25,9813
2867,三商壽,7,0,7,元大-八德,2024-09-25,9813
3045,台灣大,7,0,7,元大-八德,2024-09-25,9813
5452,佶優,17,10,7,元大-八德,2024-09-25,9813
6104,創惟,14,7,7,元大-八德,2024-09-25,9813
2855,統一證,6,0,6,元大-八德,2024-09-25,9813
2886,兆豐金,6,0,6,元大-八德,2024-09-25,9813
2887,台新金,7,1,6,元大-八德,2024-09-25,9813
5284,jpp-KY,6,0,6,元大-八德,2024-09-25,9813
00680L,元大美債20正2,130,0,130,元大-八德,2024-09-26,9813
00937B,群益ESG投等債20,135,24,111,元大-八德,2024-09-26,9813
00679B,元大美債20年,118,9,109,元大-八德,2024-09-26,9813
2388,威盛,442,335,107,元大-八德,2024-09-26,9813
00948B,中信優息投資級債,92,0,92,元大-八德,2024-09-26,9813
6239,力成,89,1,88,元大-八德,2024-09-26,9813
00687B,國泰20年美債,79,0,79,元大-八德,2024-09-26,9813
2344,華邦電,78,9,69,元大-八德,2024-09-26,9813
00933B,國泰10Y+金融債,50,0,50,元大-八德,2024-09-26,9813
2888,新光金,56,7,49,元大-八德,2024-09-26,9813
2031,新光鋼,40,0,40,元大-八德,2024-09-26,9813
8096,擎亞,48,9,39,元大-八德,2024-09-26,9813
00712,復華富時不動產,38,0,38,元大-八德,2024-09-26,9813
2408,南亞科,38,2,36,元大-八德,2024-09-26,9813
00720B,元大投資級公司債,32,0,32,元大-八德,2024-09-26,9813
2363,矽統,32,1,31,元大-八德,2024-09-26,9813
2809,京城銀,26,0,26,元大-八德,2024-09-26,9813
2425,承啟,24,0,24,元大-八德,2024-09-26,9813
00960,野村全球航運龍頭,21,0,21,元大-八德,2024-09-26,9813
3673,TPK-KY,20,0,20,元大-八德,2024-09-26,9813
00683L,期元大美元指正2,20,0,20,元大-八德,2024-09-26,9813
3580,友威科,21,1,20,元大-八德,2024-09-26,9813
5284,jpp-KY,20,0,20,元大-八德,2024-09-26,9813
6535,順藥,27,7,20,元大-八德,2024-09-26,9813
8111,立��,68,49,19,元大-八德,2024-09-26,9813
3305,昇貿,21,3,18,元大-八德,2024-09-26,9813
00751B,元大AAA至A公司債,16,0,16,元大-八德,2024-09-26,9813
3162,精確,15,0,15,元大-八德,2024-09-26,9813
3703,欣陸,15,0,15,元大-八德,2024-09-26,9813
3062,建漢,15,1,14,元大-八德,2024-09-26,9813
4109,加捷生醫,14,0,14,元大-八德,2024-09-26,9813
2383,台光電,23,10,13,元大-八德,2024-09-26,9813
4958,臻鼎-KY,13,0,13,元大-八德,2024-09-26,9813
00715L,期街口布蘭特正2,12,0,12,元大-八德,2024-09-26,9813
1301,台塑,12,1,11,元大-八德,2024-09-26,9813
1309,台達化,11,0,11,元大-八德,2024-09-26,9813
2316,楠梓電,11,0,11,元大-八德,2024-09-26,9813
2356,英業達,10,0,10,元大-八德,2024-09-26,9813
00688L,國泰20年美債正2,10,0,10,元大-八德,2024-09-26,9813
00650L,復華香港正2,12,2,10,元大-八德,2024-09-26,9813
00957B,兆豐US優選投等債,10,0,10,元大-八德,2024-09-26,9813
2002,中鋼,10,0,10,元大-八德,2024-09-26,9813
3290,東浦,10,0,10,元大-八德,2024-09-26,9813
5236,凌陽創新,10,0,10,元大-八德,2024-09-26,9813
6191,精成科,10,0,10,元大-八德,2024-09-26,9813
00958B,永豐ESG銀行債15,8,0,8,元大-八德,2024-09-26,9813
2365,昆盈,19,11,8,元大-八德,2024-09-26,9813
00795B,中信美國公債20年,7,0,7,元大-八德,2024-09-26,9813
2241,艾姆勒,7,0,7,元大-八德,2024-09-26,9813
2399,映泰,7,0,7,元大-八德,2024-09-26,9813
00945B,凱基美國非投等債,510,0,510,元大-八德,2024-09-27,9813
3481,群創,535,191,344,元大-八德,2024-09-27,9813
4123,晟德,100,0,100,元大-八德,2024-09-27,9813
00679B,元大美債20年,81,2,79,元大-八德,2024-09-27,9813
00687B,國泰20年美債,77,7,70,元大-八德,2024-09-27,9813
00929,復華台灣科技優息,65,0,65,元大-八德,2024-09-27,9813
00720B,元大投資級公司債,63,0,63,元大-八德,2024-09-27,9813
00937B,群益ESG投等債20,69,8,61,元大-八德,2024-09-27,9813
2312,金寶,60,0,60,元大-八德,2024-09-27,9813
00933B,國泰10Y+金融債,53,0,53,元大-八德,2024-09-27,9813
00680L,元大美債20正2,47,0,47,元大-八德,2024-09-27,9813
3037,欣興,105,58,47,元大-八德,2024-09-27,9813
2031,新光鋼,45,4,41,元大-八德,2024-09-27,9813
6202,盛群,47,10,37,元大-八德,2024-09-27,9813
2014,中鴻,40,4,36,元大-八德,2024-09-27,9813
00958B,永豐ESG銀行債15,32,0,32,元大-八德,2024-09-27,9813
2609,陽明,59,30,29,元大-八德,2024-09-27,9813
00953B,群益優選非投等債,27,0,27,元大-八德,2024-09-27,9813
1455,集盛,25,0,25,元大-八德,2024-09-27,9813
2888,新光金,24,0,24,元大-八德,2024-09-27,9813
3081,聯亞,44,20,24,元大-八德,2024-09-27,9813
00712,復華富時不動產,21,0,21,元大-八德,2024-09-27,9813
3049,精金,20,0,20,元大-八德,2024-09-27,9813
00948B,中信優息投資級債,19,0,19,元大-八德,2024-09-27,9813
2834,臺企銀,23,5,18,元大-八德,2024-09-27,9813
4989,榮科,17,0,17,元大-八德,2024-09-27,9813
6416,瑞祺電通,17,0,17,元大-八德,2024-09-27,9813
2886,兆豐金,16,0,16,元大-八德,2024-09-27,9813
2615,萬海,33,20,13,元大-八德,2024-09-27,9813
3149,正達,25,12,13,元大-八德,2024-09-27,9813
8150,南茂,14,1,13,元大-八德,2024-09-27,9813
2603,長榮,21,9,12,元大-八德,2024-09-27,9813
4716,大立,12,0,12,元大-八德,2024-09-27,9813
00715L,期街口布蘭特正2,11,0,11,元大-八德,2024-09-27,9813
00959B,大華投等美債15Y+,10,0,10,元大-八德,2024-09-27,9813
5483,中美晶,10,0,10,元大-八德,2024-09-27,9813
1522,堤維西,25,15,10,元大-八德,2024-09-27,9813
00795B,中信美國公債20年,10,1,9,元大-八德,2024-09-27,9813
00650L,復華香港正2,10,1,9,元大-八德,2024-09-27,9813
00642U,期元大S＆P石油,10,1,9,元大-八德,2024-09-27,9813
3450,聯鈞,24,15,9,元大-八德,2024-09-27,9813
4729,熒茂,10,1,9,元大-八德,2024-09-27,9813
2449,京元電子,17,8,9,元大-八德,2024-09-27,9813
00931B,統一美債20年,8,0,8,元大-八德,2024-09-27,9813
00960,野村全球航運龍頭,8,0,8,元大-八德,2024-09-27,9813
2323,中環,8,0,8,元大-八德,2024-09-27,9813
00878,國泰永續高股息,12,4,8,元大-八德,2024-09-27,9813
2406,國碩,11,3,8,元大-八德,2024-09-27,9813
2883,凱基金,13,5,8,元大-八德,2024-09-27,9813
5284,jpp-KY,8,0,8,元大-八德,2024-09-27,9813
00637L,元大滬深300正2,2235,839,1396,元大-八德,2024-09-30,9813
00948B,中信優息投資級債,587,0,587,元大-八德,2024-09-30,9813
00680L,元大美債20正2,136,0,136,元大-八德,2024-09-30,9813
4123,晟德,105,0,105,元大-八德,2024-09-30,9813
2382,廣達,75,0,75,元大-八德,2024-09-30,9813
00937B,群益ESG投等債20,72,10,62,元大-八德,2024-09-30,9813
00919,群益台灣精選高息,61,0,61,元大-八德,2024-09-30,9813
00929,復華台灣科技優息,55,6,49,元大-八德,2024-09-30,9813
2897B,王道銀乙特,44,0,44,元大-八德,2024-09-30,9813
1444,力麗,43,0,43,元大-八德,2024-09-30,9813
00960,野村全球航運龍頭,36,2,34,元大-八德,2024-09-30,9813
3141,晶宏,38,6,32,元大-八德,2024-09-30,9813
2330,台積電,37,7,30,元大-八德,2024-09-30,9813
9945,潤泰新,31,1,30,元大-八德,2024-09-30,9813
6570,維田,29,0,29,元大-八德,2024-09-30,9813
2317,鴻海,42,13,29,元大-八德,2024-09-30,9813
00685L,群益臺灣加權正2,26,0,26,元大-八德,2024-09-30,9813
4711,永純,26,0,26,元大-八德,2024-09-30,9813
4979,華星光,45,22,23,元大-八德,2024-09-30,9813
5284,jpp-KY,24,1,23,元大-八德,2024-09-30,9813
00687B,國泰20年美債,23,1,22,元大-八德,2024-09-30,9813
2603,長榮,28,7,21,元大-八德,2024-09-30,9813
2820,華票,20,0,20,元大-八德,2024-09-30,9813
5515,建國,20,0,20,元大-八德,2024-09-30,9813
6134,萬旭,20,0,20,元大-八德,2024-09-30,9813
6494,九齊,20,0,20,元大-八德,2024-09-30,9813
6552,易華電,20,0,20,元大-八德,2024-09-30,9813
4977,眾達-KY,23,4,19,元大-八德,2024-09-30,9813
2892,第一金,16,0,16,元大-八德,2024-09-30,9813
00918,大華優利高填息30,15,0,15,元大-八德,2024-09-30,9813
00922,國泰台灣領袖50,15,0,15,元大-八德,2024-09-30,9813
2615,萬海,23,9,14,元大-八德,2024-09-30,9813
006208,富邦台50,15,3,12,元大-八德,2024-09-30,9813
4989,榮科,12,0,12,元大-八德,2024-09-30,9813
6156,松上,12,0,12,元大-八德,2024-09-30,9813
2344,華邦電,15,3,12,元大-八德,2024-09-30,9813
2383,台光電,14,3,11,元大-八德,2024-09-30,9813
2449,京元電子,15,5,10,元大-八德,2024-09-30,9813
00944,野村趨勢動能高息,10,0,10,元大-八德,2024-09-30,9813
2352,佳世達,10,0,10,元大-八德,2024-09-30,9813
3362,先進光,10,0,10,元大-八德,2024-09-30,9813
4714,永捷,10,0,10,元大-八德,2024-09-30,9813
6127,九豪,10,0,10,元大-八德,2024-09-30,9813
8089,康全電訊,10,0,10,元大-八德,2024-09-30,9813
00665L,富邦�琤肭磪囓�2,9,0,9,元大-八德,2024-09-30,9813
020040,元大上櫃ESG龍頭N,9,0,9,元大-八德,2024-09-30,9813
1455,集盛,9,0,9,元大-八德,2024-09-30,9813
3032,偉訓,9,0,9,元大-八德,2024-09-30,9813
00907,永豐優息存股,8,0,8,元大-八德,2024-09-30,9813
2367,燿華,8,0,8,元大-八德,2024-09-30,9813
00940,元大台灣價值高息,1174,19,1155,元大-八德,2024-10-01,9813
00919,群益台灣精選高息,71,10,61,元大-八德,2024-10-01,9813
00915,凱基優選高股息30,58,0,58,元大-八德,2024-10-01,9813
00937B,群益ESG投等債20,55,1,54,元大-八德,2024-10-01,9813
00929,復華台灣科技優息,67,16,51,元大-八德,2024-10-01,9813
1809,中釉,50,0,50,元大-八德,2024-10-01,9813
2888,新光金,41,0,41,元大-八德,2024-10-01,9813
2913,農林,40,0,40,元大-八德,2024-10-01,9813
00687B,國泰20年美債,48,18,30,元大-八德,2024-10-01,9813
4716,大立,33,4,29,元大-八德,2024-10-01,9813
00922,國泰台灣領袖50,24,0,24,元大-八德,2024-10-01,9813
2367,燿華,26,2,24,元大-八德,2024-10-01,9813
3715,定穎投控,22,2,20,元大-八德,2024-10-01,9813
2489,瑞軒,21,2,19,元大-八德,2024-10-01,9813
00878,國泰永續高股息,19,0,19,元大-八德,2024-10-01,9813
00679B,元大美債20年,20,2,18,元大-八德,2024-10-01,9813
6134,萬旭,20,2,18,元大-八德,2024-10-01,9813
0056,元大高股息,19,2,17,元大-八德,2024-10-01,9813
6570,維田,16,0,16,元大-八德,2024-10-01,9813
2362,藍天,28,12,16,元大-八德,2024-10-01,9813
1742,台蠟,15,0,15,元大-八德,2024-10-01,9813
2801,彰銀,17,2,15,元大-八德,2024-10-01,9813
00712,復華富時不動產,12,0,12,元大-八德,2024-10-01,9813
2365,昆盈,11,2,9,元大-八德,2024-10-01,9813
2867,三商壽,9,0,9,元大-八德,2024-10-01,9813
2892,第一金,9,0,9,元大-八德,2024-10-01,9813
4989,榮科,9,0,9,元大-八德,2024-10-01,9813
3689,湧德,8,0,8,元大-八德,2024-10-01,9813
9904,寶成,8,1,7,元大-八德,2024-10-01,9813
2316,楠梓電,8,1,7,元大-八德,2024-10-01,9813
3290,東浦,7,0,7,元大-八德,2024-10-01,9813
2890,永豐金,7,0,7,元大-八德,2024-10-01,9813
8096,擎亞,10,4,6,元大-八德,2024-10-01,9813
2881,富邦金,6,0,6,元大-八德,2024-10-01,9813
2385,群光,7,1,6,元大-八德,2024-10-01,9813
2347,聯強,6,0,6,元大-八德,2024-10-01,9813
00680L,元大美債20正2,6,0,6,元大-八德,2024-10-01,9813
00892,富邦台灣半導體,6,0,6,元大-八德,2024-10-01,9813
00891,中信關鍵半導體,6,0,6,元大-八德,2024-10-01,9813
020000,富邦特選蘋果N,6,0,6,元大-八德,2024-10-01,9813
2633,台灣高鐵,6,0,6,元大-八德,2024-10-01,9813
3498,陽程,7,1,6,元大-八德,2024-10-01,9813
4903,聯光通,11,5,6,元大-八德,2024-10-01,9813
5284,jpp-KY,6,0,6,元大-八德,2024-10-01,9813
6530,創威,30,24,6,元大-八德,2024-10-01,9813
6830,汎銓,6,0,6,元大-八德,2024-10-01,9813
9958,世紀鋼,12,6,6,元大-八德,2024-10-01,9813
00713,元大台灣高息低波,5,0,5,元大-八德,2024-10-01,9813
2885,元大金,5,0,5,元大-八德,2024-10-01,9813
2379,瑞昱,5,0,5,元大-八德,2024-10-01,9813
00882,中信中國高股息,418,121,297,元大-八德,2024-10-04,9813
00940,元大台灣價值高息,287,21,266,元大-八德,2024-10-04,9813
2317,鴻海,241,105,136,元大-八德,2024-10-04,9813
00919,群益台灣精選高息,88,3,85,元大-八德,2024-10-04,9813
2498,宏達電,105,39,66,元大-八德,2024-10-04,9813
2610,華航,65,0,65,元大-八德,2024-10-04,9813
5263,智崴,53,1,52,元大-八德,2024-10-04,9813
0056,元大高股息,53,5,48,元大-八德,2024-10-04,9813
2603,長榮,47,1,46,元大-八德,2024-10-04,9813
3141,晶宏,52,6,46,元大-八德,2024-10-04,9813
2609,陽明,59,16,43,元大-八德,2024-10-04,9813
00929,復華台灣科技優息,72,30,42,元大-八德,2024-10-04,9813
00753L,中信中國50正2,64,23,41,元大-八德,2024-10-04,9813
6425,易發,58,18,40,元大-八德,2024-10-04,9813
3376,新日興,35,1,34,元大-八德,2024-10-04,9813
4542,科嶠,30,0,30,元大-八德,2024-10-04,9813
5515,建國,30,0,30,元大-八德,2024-10-04,9813
6244,茂迪,39,9,30,元大-八德,2024-10-04,9813
2382,廣達,35,6,29,元大-八德,2024-10-04,9813
6415,矽力*-KY,28,1,27,元大-八德,2024-10-04,9813
4714,永捷,23,0,23,元大-八德,2024-10-04,9813
3055,蔚華科,21,0,21,元大-八德,2024-10-04,9813
9955,佳龍,21,0,21,元大-八德,2024-10-04,9813
6443,元晶,20,0,20,元大-八德,2024-10-04,9813
00905,FT臺灣Smart,20,0,20,元大-八德,2024-10-04,9813
1595,川寶,74,54,20,元大-八德,2024-10-04,9813
2618,長榮航,35,15,20,元大-八德,2024-10-04,9813
00725B,國泰投資級公司債,19,0,19,元大-八德,2024-10-04,9813
00937B,群益ESG投等債20,19,0,19,元大-八德,2024-10-04,9813
2615,萬海,22,4,18,元大-八德,2024-10-04,9813
00918,大華優利高填息30,18,0,18,元大-八德,2024-10-04,9813
2303,聯電,18,0,18,元大-八德,2024-10-04,9813
2884,玉山金,18,0,18,元大-八德,2024-10-04,9813
2886,兆豐金,17,0,17,元大-八德,2024-10-04,9813
4543,萬在,17,0,17,元大-八德,2024-10-04,9813
00637L,元大滬深300正2,80,64,16,元大-八德,2024-10-04,9813
00688L,國泰20年美債正2,15,0,15,元大-八德,2024-10-04,9813
2017,官田鋼,15,0,15,元大-八德,2024-10-04,9813
3645,達邁,15,0,15,元大-八德,2024-10-04,9813
2308,台達電,16,1,15,元大-八德,2024-10-04,9813
6426,統新,15,1,14,元大-八德,2024-10-04,9813
3324,雙鴻,16,2,14,元大-八德,2024-10-04,9813
00878,國泰永續高股息,21,7,14,元大-八德,2024-10-04,9813
00934,中信成長高股息,13,0,13,元大-八德,2024-10-04,9813
2897B,王道銀乙特,13,0,13,元大-八德,2024-10-04,9813
6134,萬旭,20,7,13,元大-八德,2024-10-04,9813
2377,微星,12,0,12,元大-八德,2024-10-04,9813
2891,中信金,18,6,12,元大-八德,2024-10-04,9813
0061,元大寶滬深,12,1,11,元大-八德,2024-10-04,9813
00712,復華富時不動產,12,1,11,元大-八德,2024-10-04,9813
00882,中信中國高股息,1766,422,1344,元大-八德,2024-10-07,9813
00637L,元大滬深300正2,313,140,173,元大-八德,2024-10-07,9813
00680L,元大美債20正2,117,40,77,元大-八德,2024-10-07,9813
8028,昇陽半導體,77,6,71,元大-八德,2024-10-07,9813
00918,大華優利高填息30,62,0,62,元大-八德,2024-10-07,9813
00752,中信中國50,40,5,35,元大-八德,2024-10-07,9813
4726,永昕,35,0,35,元大-八德,2024-10-07,9813
4909,新復興,34,0,34,元大-八德,2024-10-07,9813
5876,上海商銀,30,0,30,元大-八德,2024-10-07,9813
00688L,國泰20年美債正2,30,0,30,元大-八德,2024-10-07,9813
2313,華通,32,3,29,元大-八德,2024-10-07,9813
2495,普安,38,10,28,元大-八德,2024-10-07,9813
2353,宏��,23,1,22,元大-八德,2024-10-07,9813
1309,台達化,23,1,22,元大-八德,2024-10-07,9813
4977,眾達-KY,34,13,21,元大-八德,2024-10-07,9813
00725B,國泰投資級公司債,20,0,20,元大-八德,2024-10-07,9813
3189,景碩,20,0,20,元大-八德,2024-10-07,9813
00687B,國泰20年美債,49,31,18,元大-八德,2024-10-07,9813
2601,益航,17,1,16,元大-八德,2024-10-07,9813
6530,創威,46,31,15,元大-八德,2024-10-07,9813
9935,慶豐富,15,0,15,元大-八德,2024-10-07,9813
00887,永豐中國科技50大,27,13,14,元大-八德,2024-10-07,9813
2439,美律,13,0,13,元大-八德,2024-10-07,9813
3591,艾笛森,13,0,13,元大-八德,2024-10-07,9813
6667,信紘科,13,0,13,元大-八德,2024-10-07,9813
00953B,群益優選非投等債,12,0,12,元大-八德,2024-10-07,9813
020040,元大上櫃ESG龍頭N,12,0,12,元大-八德,2024-10-07,9813
3450,聯鈞,13,1,12,元大-八德,2024-10-07,9813
5443,均豪,23,11,12,元大-八德,2024-10-07,9813
1802,台玻,17,5,12,元大-八德,2024-10-07,9813
3455,由田,11,0,11,元大-八德,2024-10-07,9813
2618,長榮航,17,6,11,元大-八德,2024-10-07,9813
00945B,凱基美國非投等債,10,0,10,元大-八德,2024-10-07,9813
2105,正新,10,0,10,元大-八德,2024-10-07,9813
2913,農林,10,0,10,元大-八德,2024-10-07,9813
4915,致伸,10,0,10,元大-八德,2024-10-07,9813
5328,華容,10,0,10,元大-八德,2024-10-07,9813
5512,力麒,10,0,10,元大-八德,2024-10-07,9813
00878,國泰永續高股息,11,2,9,元大-八德,2024-10-07,9813
3025,星通,33,24,9,元大-八德,2024-10-07,9813
5533,皇鼎,9,0,9,元大-八德,2024-10-07,9813
8070,長華*,9,0,9,元大-八德,2024-10-07,9813
0056,元大高股息,8,0,8,元大-八德,2024-10-07,9813
4979,華星光,25,17,8,元大-八德,2024-10-07,9813
2486,一詮,25,17,8,元大-八德,2024-10-07,9813
00931B,統一美債20年,7,0,7,元大-八德,2024-10-07,9813
3131,弘塑,7,0,7,元大-八德,2024-10-07,9813
4991,環宇-KY,7,0,7,元大-八德,2024-10-07,9813
3715,定穎投控,7,0,7,元大-八德,2024-10-07,9813
6151,晉倫,8,1,7,元大-八德,2024-10-07,9813
00882,中信中國高股息,1232,251,981,元大-八德,2024-10-08,9813
00753L,中信中國50正2,304,70,234,元大-八德,2024-10-08,9813
2883,凱基金,143,0,143,元大-八德,2024-10-08,9813
00687B,國泰20年美債,80,5,75,元大-八德,2024-10-08,9813
00922,國泰台灣領袖50,59,0,59,元大-八德,2024-10-08,9813
00919,群益台灣精選高息,69,13,56,元大-八德,2024-10-08,9813
00940,元大台灣價值高息,76,20,56,元大-八德,2024-10-08,9813
00680L,元大美債20正2,55,2,53,元大-八德,2024-10-08,9813
00772B,中信高評級公司債,51,0,51,元大-八德,2024-10-08,9813
00937B,群益ESG投等債20,69,23,46,元大-八德,2024-10-08,9813
2399,映泰,142,97,45,元大-八德,2024-10-08,9813
00948B,中信優息投資級債,44,0,44,元大-八德,2024-10-08,9813
2388,威盛,72,28,44,元大-八德,2024-10-08,9813
00725B,國泰投資級公司債,40,0,40,元大-八德,2024-10-08,9813
00650L,復華香港正2,40,7,33,元大-八德,2024-10-08,9813
00887,永豐中國科技50大,121,88,33,元大-八德,2024-10-08,9813
2101,南港,32,0,32,元大-八德,2024-10-08,9813
6023,元大期,32,0,32,元大-八德,2024-10-08,9813
1455,集盛,30,0,30,元大-八德,2024-10-08,9813
2313,華通,30,0,30,元大-八德,2024-10-08,9813
8028,昇陽半導體,127,99,28,元大-八德,2024-10-08,9813
0056,元大高股息,30,4,26,元大-八德,2024-10-08,9813
00712,復華富時不動產,24,0,24,元大-八德,2024-10-08,9813
00929,復華台灣科技優息,34,10,24,元大-八德,2024-10-08,9813
00639,富邦深100,25,1,24,元大-八德,2024-10-08,9813
00795B,中信美國公債20年,24,0,24,元大-八德,2024-10-08,9813
1314,中石化,30,6,24,元大-八德,2024-10-08,9813
3290,東浦,21,0,21,元大-八德,2024-10-08,9813
9103,美德醫療-DR,21,0,21,元大-八德,2024-10-08,9813
3591,艾笛森,22,2,20,元大-八德,2024-10-08,9813
6207,雷科,33,13,20,元大-八德,2024-10-08,9813
3141,晶宏,21,2,19,元大-八德,2024-10-08,9813
00934,中信成長高股息,17,0,17,元大-八德,2024-10-08,9813
6426,統新,18,1,17,元大-八德,2024-10-08,9813
00878,國泰永續高股息,17,0,17,元大-八德,2024-10-08,9813
5533,皇鼎,16,0,16,元大-八德,2024-10-08,9813
3049,精金,28,14,14,元大-八德,2024-10-08,9813
00685L,群益臺灣加權正2,13,0,13,元大-八德,2024-10-08,9813
1303,南亞,13,1,12,元大-八德,2024-10-08,9813
00752,中信中國50,16,4,12,元大-八德,2024-10-08,9813
00636,國泰中國A50,13,1,12,元大-八德,2024-10-08,9813
2408,南亞科,16,4,12,元大-八德,2024-10-08,9813
9935,慶豐富,11,0,11,元大-八德,2024-10-08,9813
2356,英業達,10,0,10,元大-八德,2024-10-08,9813
00945B,凱基美國非投等債,10,0,10,元大-八德,2024-10-08,9813
1108,幸福,10,0,10,元大-八德,2024-10-08,9813
1611,中電,10,0,10,元大-八德,2024-10-08,9813
1815,富喬,10,0,10,元大-八德,2024-10-08,9813
3305,昇貿,13,3,10,元大-八德,2024-10-08,9813
4306,炎洲,10,0,10,元大-八德,2024-10-08,9813
00637L,元大滬深300正2,326,30,296,元大-八德,2024-10-09,9813
00650L,復華香港正2,142,2,140,元大-八德,2024-10-09,9813
00688L,國泰20年美債正2,102,0,102,元大-八德,2024-10-09,9813
00680L,元大美債20正2,100,0,100,元大-八德,2024-10-09,9813
00919,群益台灣精選高息,82,2,80,元大-八德,2024-10-09,9813
5871,中租-KY,67,0,67,元大-八德,2024-10-09,9813
3481,群創,74,17,57,元大-八德,2024-10-09,9813
00632R,元大台灣50反1,54,0,54,元大-八德,2024-10-09,9813
00921,兆豐龍頭等權重,52,0,52,元大-八德,2024-10-09,9813
9939,宏全,50,0,50,元大-八德,2024-10-09,9813
00940,元大台灣價值高息,48,5,43,元大-八德,2024-10-09,9813
00882,中信中國高股息,279,236,43,元大-八德,2024-10-09,9813
4109,加捷生醫,35,0,35,元大-八德,2024-10-09,9813
5438,東友,40,5,35,元大-八德,2024-10-09,9813
2317,鴻海,53,25,28,元大-八德,2024-10-09,9813
3013,晟銘電,53,25,28,元大-八德,2024-10-09,9813
3290,東浦,27,0,27,元大-八德,2024-10-09,9813
00795B,中信美國公債20年,26,0,26,元大-八德,2024-10-09,9813
00927,群益半導體收益,26,0,26,元大-八德,2024-10-09,9813
2399,映泰,78,52,26,元大-八德,2024-10-09,9813
2888,新光金,37,11,26,元大-八德,2024-10-09,9813
2303,聯電,29,4,25,元大-八德,2024-10-09,9813
3363,上詮,48,23,25,元大-八德,2024-10-09,9813
00665L,富邦�琤肭磪囓�2,32,7,25,元大-八德,2024-10-09,9813
5014,建錩,21,0,21,元大-八德,2024-10-09,9813
0056,元大高股息,31,11,20,元大-八德,2024-10-09,9813
1605,華新,20,0,20,元大-八德,2024-10-09,9813
2477,美隆電,20,0,20,元大-八德,2024-10-09,9813
2641,正德,20,0,20,元大-八德,2024-10-09,9813
5328,華容,30,10,20,元大-八德,2024-10-09,9813
2363,矽統,79,63,16,元大-八德,2024-10-09,9813
4768,晶呈科技,15,0,15,元大-八德,2024-10-09,9813
2618,長榮航,13,0,13,元大-八德,2024-10-09,9813
9935,慶豐富,23,10,13,元大-八德,2024-10-09,9813
2603,長榮,13,0,13,元大-八德,2024-10-09,9813
2313,華通,13,0,13,元大-八德,2024-10-09,9813
00679B,元大美債20年,15,3,12,元大-八德,2024-10-09,9813
2014,中鴻,14,2,12,元大-八德,2024-10-09,9813
6530,創威,49,37,12,元大-八德,2024-10-09,9813
1309,台達化,12,0,12,元大-八德,2024-10-09,9813
00636,國泰中國A50,12,1,11,元大-八德,2024-10-09,9813
2890,永豐金,11,0,11,元大-八德,2024-10-09,9813
8054,安國,12,1,11,元大-八德,2024-10-09,9813
3617,碩天,12,2,10,元大-八德,2024-10-09,9813
2645,長榮航太,10,0,10,元大-八德,2024-10-09,9813
00712,復華富時不動產,10,0,10,元大-八德,2024-10-09,9813
2520,冠德,10,0,10,元大-八德,2024-10-09,9813
6405,悅城,12,2,10,元大-八德,2024-10-09,9813
00633L,富邦上証正2,38,29,9,元大-八德,2024-10-09,9813
020027,元大上櫃ESG成長N,9,0,9,元大-八德,2024-10-09,9813
00679B,元大美債20年,674,74,600,元大-八德,2024-10-11,9813
00637L,元大滬深300正2,378,170,208,元大-八德,2024-10-11,9813
2486,一詮,230,22,208,元大-八德,2024-10-11,9813
00664R,國泰臺灣加權反1,134,0,134,元大-八德,2024-10-11,9813
00688L,國泰20年美債正2,103,0,103,元大-八德,2024-10-11,9813
2069,運錩,60,0,60,元大-八德,2024-10-11,9813
00915,凱基優選高股息30,53,0,53,元大-八德,2024-10-11,9813
00687B,國泰20年美債,61,9,52,元大-八德,2024-10-11,9813
2351,順德,52,2,50,元大-八德,2024-10-11,9813
2493,揚博,51,1,50,元大-八德,2024-10-11,9813
3708,上緯投控,48,0,48,元大-八德,2024-10-11,9813
00933B,國泰10Y+金融債,50,2,48,元大-八德,2024-10-11,9813
00795B,中信美國公債20年,46,0,46,元大-八德,2024-10-11,9813
4542,科嶠,45,0,45,元大-八德,2024-10-11,9813
6570,維田,44,0,44,元大-八德,2024-10-11,9813
00921,兆豐龍頭等權重,41,0,41,元大-八德,2024-10-11,9813
9934,成霖,41,0,41,元大-八德,2024-10-11,9813
3037,欣興,42,2,40,元大-八德,2024-10-11,9813
4711,永純,32,0,32,元大-八德,2024-10-11,9813
3591,艾笛森,32,1,31,元大-八德,2024-10-11,9813
9939,宏全,31,0,31,元大-八德,2024-10-11,9813
3511,矽瑪,30,0,30,元大-八德,2024-10-11,9813
0056,元大高股息,23,2,21,元大-八德,2024-10-11,9813
8084,巨虹,20,0,20,元大-八德,2024-10-11,9813
2317,鴻海,109,90,19,元大-八德,2024-10-11,9813
2887,台新金,19,0,19,元大-八德,2024-10-11,9813
6127,九豪,17,0,17,元大-八德,2024-10-11,9813
00665L,富邦�琤肭磪囓�2,69,53,16,元大-八德,2024-10-11,9813
2367,燿華,16,0,16,元大-八德,2024-10-11,9813
3162,精確,39,23,16,元大-八德,2024-10-11,9813
5328,華容,15,0,15,元大-八德,2024-10-11,9813
00882,中信中國高股息,28,14,14,元大-八德,2024-10-11,9813
00753L,中信中國50正2,54,40,14,元大-八德,2024-10-11,9813
3013,晟銘電,36,22,14,元大-八德,2024-10-11,9813
2460,建通,13,0,13,元大-八德,2024-10-11,9813
2548,華固,13,0,13,元大-八德,2024-10-11,9813
3163,波若威,31,18,13,元大-八德,2024-10-11,9813
00891,中信關鍵半導體,14,2,12,元大-八德,2024-10-11,9813
2881,富邦金,12,0,12,元大-八德,2024-10-11,9813
2609,陽明,21,9,12,元大-八德,2024-10-11,9813
00922,國泰台灣領袖50,12,1,11,元大-八德,2024-10-11,9813
2303,聯電,11,0,11,元大-八德,2024-10-11,9813
1584,精剛,16,5,11,元大-八德,2024-10-11,9813
5014,建錩,11,0,11,元大-八德,2024-10-11,9813
8104,錸寶,12,1,11,元大-八德,2024-10-11,9813
2886,兆豐金,10,0,10,元大-八德,2024-10-11,9813
5871,中租-KY,12,2,10,元大-八德,2024-10-11,9813
00655L,國泰中國A50正2,10,0,10,元大-八德,2024-10-11,9813
00632R,元大台灣50反1,10,0,10,元大-八德,2024-10-11,9813
00912,中信臺灣智慧50,10,0,10,元大-八德,2024-10-11,9813
00887,永豐中國科技50大,179,0,179,元大-八德,2024-10-14,9813
00933B,國泰10Y+金融債,115,0,115,元大-八德,2024-10-14,9813
9105,泰金寶-DR,201,100,101,元大-八德,2024-10-14,9813
00937B,群益ESG投等債20,82,0,82,元大-八德,2024-10-14,9813
00687B,國泰20年美債,90,11,79,元大-八德,2024-10-14,9813
2888,新光金,69,7,62,元大-八德,2024-10-14,9813
0056,元大高股息,64,4,60,元大-八德,2024-10-14,9813
0061,元大寶滬深,50,0,50,元大-八德,2024-10-14,9813
3230,錦明,51,1,50,元大-八德,2024-10-14,9813
00679B,元大美債20年,83,34,49,元大-八德,2024-10-14,9813
4714,永捷,49,0,49,元大-八德,2024-10-14,9813
00940,元大台灣價值高息,41,1,40,元大-八德,2024-10-14,9813
2883,凱基金,65,26,39,元大-八德,2024-10-14,9813
1721,三晃,46,10,36,元大-八德,2024-10-14,9813
2887,台新金,47,11,36,元大-八德,2024-10-14,9813
1316,上曜,33,0,33,元大-八德,2024-10-14,9813
00795B,中信美國公債20年,31,0,31,元大-八德,2024-10-14,9813
3450,聯鈞,30,5,25,元大-八德,2024-10-14,9813
5515,建國,23,0,23,元大-八德,2024-10-14,9813
00712,復華富時不動產,21,2,19,元大-八德,2024-10-14,9813
2520,冠德,19,0,19,元大-八德,2024-10-14,9813
4956,光鋐,27,9,18,元大-八德,2024-10-14,9813
2312,金寶,44,28,16,元大-八德,2024-10-14,9813
3710,連展投控,23,7,16,元大-八德,2024-10-14,9813
6023,元大期,16,0,16,元大-八德,2024-10-14,9813
2426,鼎元,28,13,15,元大-八德,2024-10-14,9813
00665L,富邦�琤肭磪囓�2,19,4,15,元大-八德,2024-10-14,9813
00912,中信臺灣智慧50,14,0,14,元大-八德,2024-10-14,9813
4967,十銓,15,1,14,元大-八德,2024-10-14,9813
6757,台灣虎航,13,0,13,元大-八德,2024-10-14,9813
2618,長榮航,14,2,12,元大-八德,2024-10-14,9813
2913,農林,12,0,12,元大-八德,2024-10-14,9813
6535,順藥,15,3,12,元大-八德,2024-10-14,9813
00725B,國泰投資級公司債,11,0,11,元大-八德,2024-10-14,9813
00900,富邦特選高股息30,10,0,10,元大-八德,2024-10-14,9813
2049,上銀,10,0,10,元大-八德,2024-10-14,9813
2460,建通,10,0,10,元大-八德,2024-10-14,9813
3066,李洲,10,0,10,元大-八德,2024-10-14,9813
3162,精確,10,0,10,元大-八德,2024-10-14,9813
3703,欣陸,10,0,10,元大-八德,2024-10-14,9813
5498,凱崴,10,0,10,元大-八德,2024-10-14,9813
6148,驊宏資,22,12,10,元大-八德,2024-10-14,9813
6706,惠特,10,0,10,元大-八德,2024-10-14,9813
8277,商丞,10,0,10,元大-八德,2024-10-14,9813
8926,台汽電,10,0,10,元大-八德,2024-10-14,9813
8155,博智,10,1,9,元大-八德,2024-10-14,9813
1463,強盛新,8,0,8,元大-八德,2024-10-14,9813
2881,富邦金,9,1,8,元大-八德,2024-10-14,9813
3025,星通,8,0,8,元大-八德,2024-10-14,9813
00922,國泰台灣領袖50,7,0,7,元大-八德,2024-10-14,9813
00753L,中信中國50正2,506,82,424,元大-八德,2024-10-15,9813
00697B,元大美債7-10,155,0,155,元大-八德,2024-10-15,9813
00725B,國泰投資級公司債,101,0,101,元大-八德,2024-10-15,9813
00680L,元大美債20正2,80,0,80,元大-八德,2024-10-15,9813
6546,正基,76,1,75,元大-八德,2024-10-15,9813
00650L,復華香港正2,74,0,74,元大-八德,2024-10-15,9813
2368,金像電,71,0,71,元大-八德,2024-10-15,9813
4123,晟德,60,0,60,元大-八德,2024-10-15,9813
00646,元大S＆P500,58,0,58,元大-八德,2024-10-15,9813
4726,永昕,47,2,45,元大-八德,2024-10-15,9813
0056,元大高股息,48,5,43,元大-八德,2024-10-15,9813
00937B,群益ESG投等債20,42,0,42,元大-八德,2024-10-15,9813
5515,建國,40,0,40,元大-八德,2024-10-15,9813
00633L,富邦上証正2,55,17,38,元大-八德,2024-10-15,9813
4711,永純,30,0,30,元大-八德,2024-10-15,9813
2888,新光金,142,112,30,元大-八德,2024-10-15,9813
2363,矽統,53,24,29,元大-八德,2024-10-15,9813
5234,達興材料,29,0,29,元大-八德,2024-10-15,9813
2317,鴻海,73,47,26,元大-八德,2024-10-15,9813
00639,富邦深100,26,0,26,元大-八德,2024-10-15,9813
006208,富邦台50,23,0,23,元大-八德,2024-10-15,9813
6535,順藥,35,13,22,元大-八德,2024-10-15,9813
2359,所羅門,21,0,21,元大-八德,2024-10-15,9813
00665L,富邦�琤肭磪囓�2,20,0,20,元大-八德,2024-10-15,9813
00919,群益台灣精選高息,19,0,19,元大-八德,2024-10-15,9813
2609,陽明,22,4,18,元大-八德,2024-10-15,9813
00637L,元大滬深300正2,116,99,17,元大-八德,2024-10-15,9813
6023,元大期,17,0,17,元大-八德,2024-10-15,9813
3511,矽瑪,23,7,16,元大-八德,2024-10-15,9813
9105,泰金寶-DR,21,5,16,元大-八德,2024-10-15,9813
2615,萬海,15,0,15,元大-八德,2024-10-15,9813
6156,松上,25,10,15,元大-八德,2024-10-15,9813
2241,艾姆勒,13,0,13,元大-八德,2024-10-15,9813
00752,中信中國50,12,0,12,元大-八德,2024-10-15,9813
3257,虹冠電,22,10,12,元大-八德,2024-10-15,9813
00632R,元大台灣50反1,12,0,12,元大-八德,2024-10-15,9813
4956,光鋐,39,28,11,元大-八德,2024-10-15,9813
00887,永豐中國科技50大,16,5,11,元大-八德,2024-10-15,9813
3265,台星科,15,4,11,元大-八德,2024-10-15,9813
3694,海華,11,0,11,元大-八德,2024-10-15,9813
3149,正達,42,31,11,元大-八德,2024-10-15,9813
00960,野村全球航運龍頭,10,0,10,元大-八德,2024-10-15,9813
1736,喬山,10,0,10,元大-八德,2024-10-15,9813
3023,信邦,10,0,10,元大-八德,2024-10-15,9813
3062,建漢,31,21,10,元大-八德,2024-10-15,9813
00687B,國泰20年美債,12,3,9,元大-八德,2024-10-15,9813
2312,金寶,21,13,8,元大-八德,2024-10-15,9813
2302,麗正,8,0,8,元大-八德,2024-10-15,9813
2641,正德,7,0,7,元大-八德,2024-10-15,9813
00948B,中信優息投資級債,7,0,7,元大-八德,2024-10-15,9813
00932,兆豐永續高息等權,311,0,311,元大-八德,2024-10-16,9813
00948B,中信優息投資級債,198,0,198,元大-八德,2024-10-16,9813
1802,台玻,201,7,194,元大-八德,2024-10-16,9813
00633L,富邦上証正2,111,0,111,元大-八德,2024-10-16,9813
2888,新光金,97,3,94,元大-八德,2024-10-16,9813
3037,欣興,87,1,86,元大-八德,2024-10-16,9813
2615,萬海,83,3,80,元大-八德,2024-10-16,9813
0056,元大高股息,74,6,68,元大-八德,2024-10-16,9813
6546,正基,65,0,65,元大-八德,2024-10-16,9813
2330,台積電,64,2,62,元大-八德,2024-10-16,9813
00650L,復華香港正2,59,0,59,元大-八德,2024-10-16,9813
2888B,新光金乙特,52,0,52,元大-八德,2024-10-16,9813
3450,聯鈞,119,68,51,元大-八德,2024-10-16,9813
4726,永昕,97,54,43,元大-八德,2024-10-16,9813
00637L,元大滬深300正2,45,8,37,元大-八德,2024-10-16,9813
4979,華星光,38,2,36,元大-八德,2024-10-16,9813
2002,中鋼,32,1,31,元大-八德,2024-10-16,9813
00725B,國泰投資級公司債,31,2,29,元大-八德,2024-10-16,9813
2880,華南金,28,0,28,元大-八德,2024-10-16,9813
2891,中信金,28,0,28,元大-八德,2024-10-16,9813
4123,晟德,34,8,26,元大-八德,2024-10-16,9813
3379,彬台,26,2,24,元大-八德,2024-10-16,9813
3653,健策,25,1,24,元大-八德,2024-10-16,9813
6570,維田,22,0,22,元大-八德,2024-10-16,9813
00887,永豐中國科技50大,27,7,20,元大-八德,2024-10-16,9813
00912,中信臺灣智慧50,20,0,20,元大-八德,2024-10-16,9813
00945B,凱基美國非投等債,20,0,20,元大-八德,2024-10-16,9813
6164,華興,20,0,20,元大-八德,2024-10-16,9813
00878,國泰永續高股息,19,0,19,元大-八德,2024-10-16,9813
3162,精確,18,1,17,元大-八德,2024-10-16,9813
00632R,元大台灣50反1,20,4,16,元大-八德,2024-10-16,9813
00685L,群益臺灣加權正2,16,0,16,元大-八德,2024-10-16,9813
00730,富邦臺灣優質高息,15,0,15,元大-八德,2024-10-16,9813
2887,台新金,13,0,13,元大-八德,2024-10-16,9813
3081,聯亞,16,3,13,元大-八德,2024-10-16,9813
020040,元大上櫃ESG龍頭N,12,0,12,元大-八德,2024-10-16,9813
2049,上銀,11,0,11,元大-八德,2024-10-16,9813
00753L,中信中國50正2,91,80,11,元大-八德,2024-10-16,9813
3257,虹冠電,11,0,11,元大-八德,2024-10-16,9813
00929,復華台灣科技優息,36,25,11,元大-八德,2024-10-16,9813
00905,FT臺灣Smart,10,0,10,元大-八德,2024-10-16,9813
006207,復華滬深,10,0,10,元大-八德,2024-10-16,9813
00954,中信日本半導體,10,0,10,元大-八德,2024-10-16,9813
2353,宏��,10,0,10,元大-八德,2024-10-16,9813
5236,凌陽創新,21,11,10,元大-八德,2024-10-16,9813
1597,直得,11,1,10,元大-八德,2024-10-16,9813
006208,富邦台50,11,1,10,元大-八德,2024-10-16,9813
2303,聯電,11,2,9,元大-八德,2024-10-16,9813
1303,南亞,9,0,9,元大-八德,2024-10-16,9813
020027,元大上櫃ESG成長N,9,0,9,元大-八德,2024-10-16,9813
00753L,中信中國50正2,213,127,86,元大-八德,2024-10-17,9813
2888,新光金,120,43,77,元大-八德,2024-10-17,9813
2002,中鋼,73,3,70,元大-八德,2024-10-17,9813
00679B,元大美債20年,60,0,60,元大-八德,2024-10-17,9813
00687B,國泰20年美債,62,10,52,元大-八德,2024-10-17,9813
5515,建國,50,0,50,元大-八德,2024-10-17,9813
00633L,富邦上証正2,60,20,40,元大-八德,2024-10-17,9813
1785,光洋科,59,21,38,元大-八德,2024-10-17,9813
00887,永豐中國科技50大,39,5,34,元大-八德,2024-10-17,9813
00882,中信中國高股息,41,8,33,元大-八德,2024-10-17,9813
0056,元大高股息,32,1,31,元大-八德,2024-10-17,9813
2812,台中銀,30,1,29,元大-八德,2024-10-17,9813
00637L,元大滬深300正2,30,4,26,元大-八德,2024-10-17,9813
6426,統新,29,4,25,元大-八德,2024-10-17,9813
3380,明泰,22,0,22,元大-八德,2024-10-17,9813
6023,元大期,22,0,22,元大-八德,2024-10-17,9813
2883,凱基金,24,3,21,元大-八德,2024-10-17,9813
00919,群益台灣精選高息,22,1,21,元大-八德,2024-10-17,9813
00933B,國泰10Y+金融債,21,0,21,元大-八德,2024-10-17,9813
00700,富邦�琤肭磪�,20,0,20,元大-八德,2024-10-17,9813
1455,集盛,20,0,20,元大-八德,2024-10-17,9813
2348,海悅,19,0,19,元大-八德,2024-10-17,9813
00922,國泰台灣領袖50,18,0,18,元大-八德,2024-10-17,9813
4123,晟德,32,15,17,元大-八德,2024-10-17,9813
2891,中信金,25,8,17,元大-八德,2024-10-17,9813
2303,聯電,16,0,16,元大-八德,2024-10-17,9813
00954,中信日本半導體,17,1,16,元大-八德,2024-10-17,9813
2388,威盛,16,0,16,元大-八德,2024-10-17,9813
3714,富采,17,1,16,元大-八德,2024-10-17,9813
2618,長榮航,16,0,16,元大-八德,2024-10-17,9813
2615,萬海,31,15,16,元大-八德,2024-10-17,9813
2426,鼎元,27,12,15,元大-八德,2024-10-17,9813
5521,工信,15,0,15,元大-八德,2024-10-17,9813
00951,台新日本半導體,14,0,14,元大-八德,2024-10-17,9813
6274,台燿,18,6,12,元大-八德,2024-10-17,9813
00941,中信上游半導體,12,0,12,元大-八德,2024-10-17,9813
4303,信立,12,1,11,元大-八德,2024-10-17,9813
00900,富邦特選高股息30,11,0,11,元大-八德,2024-10-17,9813
2241,艾姆勒,14,4,10,元大-八德,2024-10-17,9813
2354,鴻準,11,1,10,元大-八德,2024-10-17,9813
2606,裕民,11,1,10,元大-八德,2024-10-17,9813
3303,岱稜,10,0,10,元大-八德,2024-10-17,9813
5014,建錩,10,0,10,元大-八德,2024-10-17,9813
1597,直得,11,1,10,元大-八德,2024-10-17,9813
2399,映泰,23,14,9,元大-八德,2024-10-17,9813
5202,力新,23,14,9,元大-八德,2024-10-17,9813
6179,亞通,9,0,9,元大-八德,2024-10-17,9813
2609,陽明,20,11,9,元大-八德,2024-10-17,9813
2421,建準,29,20,9,元大-八德,2024-10-17,9813
2486,一詮,14,6,8,元大-八德,2024-10-17,9813
00679B,元大美債20年,319,4,315,元大-八德,2024-10-18,9813
00637L,元大滬深300正2,234,58,176,元大-八德,2024-10-18,9813
2889,國票金,140,0,140,元大-八德,2024-10-18,9813
2368,金像電,73,0,73,元大-八德,2024-10-18,9813
2812,台中銀,60,0,60,元大-八德,2024-10-18,9813
00650L,復華香港正2,52,0,52,元大-八德,2024-10-18,9813
0061,元大寶滬深,50,0,50,元大-八德,2024-10-18,9813
2312,金寶,79,29,50,元大-八德,2024-10-18,9813
5515,建國,50,0,50,元大-八德,2024-10-18,9813
6116,彩晶,40,0,40,元大-八德,2024-10-18,9813
00687B,國泰20年美債,68,32,36,元大-八德,2024-10-18,9813
4542,科嶠,154,118,36,元大-八德,2024-10-18,9813
00937B,群益ESG投等債20,35,0,35,元大-八德,2024-10-18,9813
5347,世界,33,3,30,元大-八德,2024-10-18,9813
00725B,國泰投資級公司債,28,0,28,元大-八德,2024-10-18,9813
6426,統新,26,0,26,元大-八德,2024-10-18,9813
2883,凱基金,27,2,25,元大-八德,2024-10-18,9813
1475,業旺,24,0,24,元大-八德,2024-10-18,9813
2356,英業達,29,5,24,元大-八德,2024-10-18,9813
00919,群益台灣精選高息,36,15,21,元大-八德,2024-10-18,9813
6213,聯茂,21,0,21,元大-八德,2024-10-18,9813
00632R,元大台灣50反1,21,0,21,元大-八德,2024-10-18,9813
5452,佶優,24,3,21,元大-八德,2024-10-18,9813
00882,中信中國高股息,33,12,21,元大-八德,2024-10-18,9813
6477,安集,20,0,20,元大-八德,2024-10-18,9813
00933B,國泰10Y+金融債,21,2,19,元大-八德,2024-10-18,9813
020023,元大櫃買半導體N,19,0,19,元大-八德,2024-10-18,9813
4979,華星光,45,27,18,元大-八德,2024-10-18,9813
5498,凱崴,18,0,18,元大-八德,2024-10-18,9813
2376,技嘉,18,0,18,元大-八德,2024-10-18,9813
00931B,統一美債20年,17,0,17,元大-八德,2024-10-18,9813
2365,昆盈,24,7,17,元大-八德,2024-10-18,9813
4909,新復興,17,1,16,元大-八德,2024-10-18,9813
4566,時碩工業,28,12,16,元大-八德,2024-10-18,9813
2313,華通,19,3,16,元大-八德,2024-10-18,9813
020027,元大上櫃ESG成長N,15,0,15,元大-八德,2024-10-18,9813
3162,精確,19,4,15,元大-八德,2024-10-18,9813
00720B,元大投資級公司債,12,0,12,元大-八德,2024-10-18,9813
0056,元大高股息,17,6,11,元大-八德,2024-10-18,9813
2363,矽統,27,16,11,元大-八德,2024-10-18,9813
2425,承啟,11,0,11,元大-八德,2024-10-18,9813
3141,晶宏,11,0,11,元大-八德,2024-10-18,9813
5392,能率,11,0,11,元大-八德,2024-10-18,9813
2303,聯電,15,5,10,元大-八德,2024-10-18,9813
2362,藍天,13,3,10,元大-八德,2024-10-18,9813
00900,富邦特選高股息30,10,0,10,元大-八德,2024-10-18,9813
00643,群益深証中小,10,0,10,元大-八德,2024-10-18,9813
00639,富邦深100,10,0,10,元大-八德,2024-10-18,9813
3380,明泰,10,0,10,元大-八德,2024-10-18,9813
3508,位速,10,0,10,元大-八德,2024-10-18,9813
00937B,群益ESG投等債20,239,1,238,元大-八德,2024-10-21,9813
00679B,元大美債20年,170,1,169,元大-八德,2024-10-21,9813
0061,元大寶滬深,80,0,80,元大-八德,2024-10-21,9813
4123,晟德,121,61,60,元大-八德,2024-10-21,9813
3037,欣興,91,31,60,元大-八德,2024-10-21,9813
00637L,元大滬深300正2,61,5,56,元大-八德,2024-10-21,9813
3189,景碩,54,6,48,元大-八德,2024-10-21,9813
6426,統新,48,0,48,元大-八德,2024-10-21,9813
9105,泰金寶-DR,59,13,46,元大-八德,2024-10-21,9813
2888,新光金,45,0,45,元大-八德,2024-10-21,9813
00687B,國泰20年美債,37,0,37,元大-八德,2024-10-21,9813
2885,元大金,39,3,36,元大-八德,2024-10-21,9813
00680L,元大美債20正2,382,350,32,元大-八德,2024-10-21,9813
00725B,國泰投資級公司債,30,0,30,元大-八德,2024-10-21,9813
2609,陽明,63,42,21,元大-八德,2024-10-21,9813
5515,建國,20,0,20,元大-八德,2024-10-21,9813
00953B,群益優選非投等債,18,0,18,元大-八德,2024-10-21,9813
4726,永昕,56,38,18,元大-八德,2024-10-21,9813
2399,映泰,22,5,17,元大-八德,2024-10-21,9813
2303,聯電,18,2,16,元大-八德,2024-10-21,9813
2449,京元電子,28,12,16,元大-八德,2024-10-21,9813
6535,順藥,18,2,16,元大-八德,2024-10-21,9813
2883,凱基金,40,25,15,元大-八德,2024-10-21,9813
00943,兆豐電子高息等權,15,0,15,元大-八德,2024-10-21,9813
4542,科嶠,45,30,15,元大-八德,2024-10-21,9813
2308,台達電,14,0,14,元大-八德,2024-10-21,9813
2886,兆豐金,14,0,14,元大-八德,2024-10-21,9813
8027,鈦昇,17,3,14,元大-八德,2024-10-21,9813
2887,台新金,13,0,13,元大-八德,2024-10-21,9813
2438,翔耀,13,0,13,元大-八德,2024-10-21,9813
2610,華航,13,1,12,元大-八德,2024-10-21,9813
2258,鴻華先進-創,12,0,12,元大-八德,2024-10-21,9813
00919,群益台灣精選高息,15,4,11,元大-八德,2024-10-21,9813
2374,佳能,34,23,11,元大-八德,2024-10-21,9813
2891,中信金,21,10,11,元大-八德,2024-10-21,9813
00931B,統一美債20年,10,0,10,元大-八德,2024-10-21,9813
1314,中石化,10,0,10,元大-八德,2024-10-21,9813
2236,百達-KY,10,0,10,元大-八德,2024-10-21,9813
2520,冠德,10,0,10,元大-八德,2024-10-21,9813
3062,建漢,12,2,10,元大-八德,2024-10-21,9813
8028,昇陽半導體,11,1,10,元大-八德,2024-10-21,9813
006208,富邦台50,10,0,10,元大-八德,2024-10-21,9813
3149,正達,36,27,9,元大-八德,2024-10-21,9813
3162,精確,11,2,9,元大-八德,2024-10-21,9813
2881,富邦金,9,0,9,元大-八德,2024-10-21,9813
4576,大銀微系統,13,5,8,元大-八德,2024-10-21,9813
2332,友訊,9,1,8,元大-八德,2024-10-21,9813
00830,國泰費城半導體,8,0,8,元大-八德,2024-10-21,9813
00795B,中信美國公債20年,7,0,7,元大-八德,2024-10-21,9813
2388,威盛,21,14,7,元大-八德,2024-10-21,9813
00948B,中信優息投資級債,228,0,228,元大-八德,2024-10-22,9813
5515,建國,200,0,200,元大-八德,2024-10-22,9813
00679B,元大美債20年,219,30,189,元大-八德,2024-10-22,9813
00687B,國泰20年美債,136,3,133,元大-八德,2024-10-22,9813
00642U,期元大S＆P石油,103,4,99,元大-八德,2024-10-22,9813
1815,富喬,100,2,98,元大-八德,2024-10-22,9813
00637L,元大滬深300正2,102,8,94,元大-八德,2024-10-22,9813
00680L,元大美債20正2,92,0,92,元大-八德,2024-10-22,9813
00953B,群益優選非投等債,80,0,80,元大-八德,2024-10-22,9813
2449,京元電子,105,26,79,元大-八德,2024-10-22,9813
2883,凱基金,79,2,77,元大-八德,2024-10-22,9813
00665L,富邦�琤肭磪囓�2,74,0,74,元大-八德,2024-10-22,9813
00933B,國泰10Y+金融債,66,0,66,元大-八德,2024-10-22,9813
2888,新光金,63,3,60,元大-八德,2024-10-22,9813
00725B,國泰投資級公司債,44,0,44,元大-八德,2024-10-22,9813
00751B,元大AAA至A公司債,36,0,36,元大-八德,2024-10-22,9813
00712,復華富時不動產,31,0,31,元大-八德,2024-10-22,9813
3037,欣興,101,70,31,元大-八德,2024-10-22,9813
3360,尚立,30,0,30,元大-八德,2024-10-22,9813
6426,統新,32,2,30,元大-八德,2024-10-22,9813
2030,彰源,30,1,29,元大-八德,2024-10-22,9813
2330,台積電,32,4,28,元大-八德,2024-10-22,9813
00929,復華台灣科技優息,27,0,27,元大-八德,2024-10-22,9813
00937B,群益ESG投等債20,230,204,26,元大-八德,2024-10-22,9813
00905,FT臺灣Smart,20,0,20,元大-八德,2024-10-22,9813
3006,晶豪科,22,2,20,元大-八德,2024-10-22,9813
00720B,元大投資級公司債,20,0,20,元大-八德,2024-10-22,9813
1307,三芳,20,0,20,元大-八德,2024-10-22,9813
00931B,統一美債20年,17,0,17,元大-八德,2024-10-22,9813
00857B,永豐20年美公債,17,0,17,元大-八德,2024-10-22,9813
00959B,大華投等美債15Y+,16,0,16,元大-八德,2024-10-22,9813
6535,順藥,23,8,15,元大-八德,2024-10-22,9813
00919,群益台灣精選高息,17,2,15,元大-八德,2024-10-22,9813
4123,晟德,15,0,15,元大-八德,2024-10-22,9813
2603,長榮,37,23,14,元大-八德,2024-10-22,9813
4726,永昕,15,1,14,元大-八德,2024-10-22,9813
5347,世界,15,1,14,元大-八德,2024-10-22,9813
0056,元大高股息,15,3,12,元大-八德,2024-10-22,9813
00753L,中信中國50正2,52,40,12,元大-八德,2024-10-22,9813
2313,華通,14,2,12,元大-八德,2024-10-22,9813
00795B,中信美國公債20年,21,10,11,元大-八德,2024-10-22,9813
4958,臻鼎-KY,11,0,11,元大-八德,2024-10-22,9813
00907,永豐優息存股,10,0,10,元大-八德,2024-10-22,9813
00639,富邦深100,10,0,10,元大-八德,2024-10-22,9813
00943,兆豐電子高息等權,10,0,10,元大-八德,2024-10-22,9813
00950B,凱基A級公司債,10,0,10,元大-八德,2024-10-22,9813
3703,欣陸,10,0,10,元大-八德,2024-10-22,9813
5439,高技,11,1,10,元大-八德,2024-10-22,9813
6191,精成科,10,0,10,元大-八德,2024-10-22,9813
6416,瑞祺電通,10,0,10,元大-八德,2024-10-22,9813
1802,台玻,252,2,250,元大-八德,2024-10-23,9813
00937B,群益ESG投等債20,246,11,235,元大-八德,2024-10-23,9813
3037,欣興,338,150,188,元大-八德,2024-10-23,9813
00959B,大華投等美債15Y+,140,0,140,元大-八德,2024-10-23,9813
00948B,中信優息投資級債,138,0,138,元大-八德,2024-10-23,9813
00679B,元大美債20年,117,5,112,元大-八德,2024-10-23,9813
00933B,國泰10Y+金融債,110,0,110,元大-八德,2024-10-23,9813
00680L,元大美債20正2,51,0,51,元大-八德,2024-10-23,9813
5515,建國,42,0,42,元大-八德,2024-10-23,9813
1316,上曜,45,4,41,元大-八德,2024-10-23,9813
00665L,富邦�琤肭磪囓�2,46,7,39,元大-八德,2024-10-23,9813
00907,永豐優息存股,31,0,31,元大-八德,2024-10-23,9813
00712,復華富時不動產,30,0,30,元大-八德,2024-10-23,9813
6197,佳必琪,44,16,28,元大-八德,2024-10-23,9813
00878,國泰永續高股息,27,2,25,元大-八德,2024-10-23,9813
2883,凱基金,23,0,23,元大-八德,2024-10-23,9813
4526,東台,23,0,23,元大-八德,2024-10-23,9813
2486,一詮,52,29,23,元大-八德,2024-10-23,9813
5347,世界,20,0,20,元大-八德,2024-10-23,9813
6873,泓德能源,21,1,20,元大-八德,2024-10-23,9813
2399,映泰,59,40,19,元大-八德,2024-10-23,9813
3711,日月光投控,16,0,16,元大-八德,2024-10-23,9813
00687B,國泰20年美債,19,3,16,元大-八德,2024-10-23,9813
2929,淘帝-KY,19,3,16,元大-八德,2024-10-23,9813
3023,信邦,16,0,16,元大-八德,2024-10-23,9813
1307,三芳,16,0,16,元大-八德,2024-10-23,9813
1737,臺鹽,15,0,15,元大-八德,2024-10-23,9813
4726,永昕,15,0,15,元大-八德,2024-10-23,9813
2330,台積電,16,2,14,元大-八德,2024-10-23,9813
00738U,期元大道瓊白銀,15,1,14,元大-八德,2024-10-23,9813
00905,FT臺灣Smart,14,0,14,元大-八德,2024-10-23,9813
4722,國精化,15,1,14,元大-八德,2024-10-23,9813
2887,台新金,14,1,13,元大-八德,2024-10-23,9813
9934,成霖,13,0,13,元大-八德,2024-10-23,9813
00929,復華台灣科技優息,13,1,12,元大-八德,2024-10-23,9813
4938,和碩,11,0,11,元大-八德,2024-10-23,9813
00887,永豐中國科技50大,16,5,11,元大-八德,2024-10-23,9813
00949,復華日本龍頭,11,0,11,元大-八德,2024-10-23,9813
4558,寶緯,31,20,11,元大-八德,2024-10-23,9813
6426,統新,12,1,11,元大-八德,2024-10-23,9813
6770,力積電,16,5,11,元大-八德,2024-10-23,9813
3006,晶豪科,11,0,11,元大-八德,2024-10-23,9813
006208,富邦台50,10,0,10,元大-八德,2024-10-23,9813
2312,金寶,11,1,10,元大-八德,2024-10-23,9813
00957B,兆豐US優選投等債,10,0,10,元大-八德,2024-10-23,9813
2891,中信金,13,3,10,元大-八德,2024-10-23,9813
3703,欣陸,10,0,10,元大-八德,2024-10-23,9813
6405,悅城,28,18,10,元大-八德,2024-10-23,9813
00751B,元大AAA至A公司債,9,0,9,元大-八德,2024-10-23,9813
00720B,元大投資級公司債,9,0,9,元大-八德,2024-10-23,9813
00937B,群益ESG投等債20,175,0,175,元大-八德,2024-10-24,9813
2030,彰源,130,0,130,元大-八德,2024-10-24,9813
4123,晟德,118,14,104,元大-八德,2024-10-24,9813
4726,永昕,107,9,98,元大-八德,2024-10-24,9813
6873,泓德能源,59,0,59,元大-八德,2024-10-24,9813
9105,泰金寶-DR,58,0,58,元大-八德,2024-10-24,9813
00929,復華台灣科技優息,57,3,54,元大-八德,2024-10-24,9813
1528,恩德,155,108,47,元大-八德,2024-10-24,9813
0056,元大高股息,46,1,45,元大-八德,2024-10-24,9813
9934,成霖,42,0,42,元大-八德,2024-10-24,9813
00665L,富邦�琤肭磪囓�2,42,1,41,元大-八德,2024-10-24,9813
2888B,新光金乙特,32,0,32,元大-八德,2024-10-24,9813
00725B,國泰投資級公司債,30,0,30,元大-八德,2024-10-24,9813
4542,科嶠,75,45,30,元大-八德,2024-10-24,9813
2317,鴻海,41,11,30,元大-八德,2024-10-24,9813
2883,凱基金,29,0,29,元大-八德,2024-10-24,9813
4711,永純,28,0,28,元大-八德,2024-10-24,9813
00712,復華富時不動產,26,0,26,元大-八德,2024-10-24,9813
3231,緯創,35,9,26,元大-八德,2024-10-24,9813
9939,宏全,24,0,24,元大-八德,2024-10-24,9813
3042,晶技,23,2,21,元大-八德,2024-10-24,9813
2382,廣達,25,4,21,元大-八德,2024-10-24,9813
00905,FT臺灣Smart,21,0,21,元大-八德,2024-10-24,9813
00878,國泰永續高股息,20,0,20,元大-八德,2024-10-24,9813
2374,佳能,26,6,20,元大-八德,2024-10-24,9813
6148,驊宏資,27,7,20,元大-八德,2024-10-24,9813
00919,群益台灣精選高息,19,0,19,元大-八德,2024-10-24,9813
6139,亞翔,18,0,18,元大-八德,2024-10-24,9813
00959B,大華投等美債15Y+,17,0,17,元大-八德,2024-10-24,9813
2405,輔信,22,5,17,元大-八德,2024-10-24,9813
00751B,元大AAA至A公司債,16,0,16,元大-八德,2024-10-24,9813
3055,蔚華科,15,0,15,元大-八德,2024-10-24,9813
2303,聯電,14,0,14,元大-八德,2024-10-24,9813
5907,大洋-KY,14,0,14,元大-八德,2024-10-24,9813
3711,日月光投控,13,1,12,元大-八德,2024-10-24,9813
6456,GIS-KY,12,0,12,元大-八德,2024-10-24,9813
8926,台汽電,12,0,12,元大-八德,2024-10-24,9813
4716,大立,22,11,11,元大-八德,2024-10-24,9813
4979,華星光,14,3,11,元大-八德,2024-10-24,9813
00650L,復華香港正2,10,0,10,元大-八德,2024-10-24,9813
00671R,富邦NASDAQ反1,10,0,10,元大-八德,2024-10-24,9813
5009,榮剛,10,0,10,元大-八德,2024-10-24,9813
5328,華容,10,0,10,元大-八德,2024-10-24,9813
5905,南仁湖,10,0,10,元大-八德,2024-10-24,9813
8374,羅昇,11,1,10,元大-八德,2024-10-24,9813
1307,三芳,16,7,9,元大-八德,2024-10-24,9813
00918,大華優利高填息30,12,4,8,元大-八德,2024-10-24,9813
4903,聯光通,9,1,8,元大-八德,2024-10-24,9813
00753L,中信中國50正2,128,120,8,元大-八德,2024-10-24,9813
020027,元大上櫃ESG成長N,8,0,8,元大-八德,2024-10-24,9813
2646,星宇航空,207,43,164,元大-八德,2024-10-25,9813
00679B,元大美債20年,120,7,113,元大-八德,2024-10-25,9813
2030,彰源,105,2,103,元大-八德,2024-10-25,9813
6546,正基,64,0,64,元大-八德,2024-10-25,9813
00637L,元大滬深300正2,50,0,50,元大-八德,2024-10-25,9813
8183,精星,48,1,47,元大-八德,2024-10-25,9813
00937B,群益ESG投等債20,32,0,32,元大-八德,2024-10-25,9813
00959B,大華投等美債15Y+,25,0,25,元大-八德,2024-10-25,9813
2312,金寶,27,4,23,元大-八德,2024-10-25,9813
5521,工信,18,0,18,元大-八德,2024-10-25,9813
2354,鴻準,70,52,18,元大-八德,2024-10-25,9813
2609,陽明,19,2,17,元大-八德,2024-10-25,9813
3689,湧德,19,2,17,元大-八德,2024-10-25,9813
00887,永豐中國科技50大,19,3,16,元大-八德,2024-10-25,9813
2374,佳能,33,17,16,元大-八德,2024-10-25,9813
00930,永豐ESG低碳高息,19,4,15,元大-八德,2024-10-25,9813
1721,三晃,16,1,15,元大-八德,2024-10-25,9813
1785,光洋科,15,0,15,元大-八德,2024-10-25,9813
3450,聯鈞,20,6,14,元大-八德,2024-10-25,9813
00642U,期元大S＆P石油,14,0,14,元大-八德,2024-10-25,9813
3004,豐達科,20,6,14,元大-八德,2024-10-25,9813
6873,泓德能源,14,0,14,元大-八德,2024-10-25,9813
2495,普安,66,54,12,元大-八德,2024-10-25,9813
4726,永昕,179,167,12,元大-八德,2024-10-25,9813
6274,台燿,27,15,12,元大-八德,2024-10-25,9813
3029,零壹,14,3,11,元大-八德,2024-10-25,9813
9105,泰金寶-DR,11,0,11,元大-八德,2024-10-25,9813
6246,臺龍,23,13,10,元大-八德,2024-10-25,9813
00933B,國泰10Y+金融債,9,0,9,元大-八德,2024-10-25,9813
2332,友訊,9,0,9,元大-八德,2024-10-25,9813
6108,競國,10,1,9,元大-八德,2024-10-25,9813
2464,盟立,8,0,8,元大-八德,2024-10-25,9813
00687B,國泰20年美債,8,0,8,元大-八德,2024-10-25,9813
3290,東浦,8,0,8,元大-八德,2024-10-25,9813
2489,瑞軒,17,10,7,元大-八德,2024-10-25,9813
4545,銘鈺,14,7,7,元大-八德,2024-10-25,9813
8926,台汽電,7,0,7,元大-八德,2024-10-25,9813
1524,耿鼎,13,7,6,元大-八德,2024-10-25,9813
2406,國碩,7,1,6,元大-八德,2024-10-25,9813
3663,鑫科,10,4,6,元大-八德,2024-10-25,9813
6538,倉和,6,0,6,元大-八德,2024-10-25,9813
0056,元大高股息,9,4,5,元大-八德,2024-10-25,9813
2890,永豐金,5,0,5,元大-八德,2024-10-25,9813
2303,聯電,5,0,5,元大-八德,2024-10-25,9813
1229,聯華,5,0,5,元大-八德,2024-10-25,9813
00938,凱基優選30,5,0,5,元大-八德,2024-10-25,9813
1216,統一,5,0,5,元大-八德,2024-10-25,9813
1522,堤維西,5,0,5,元大-八德,2024-10-25,9813
2427,三商電,6,1,5,元大-八德,2024-10-25,9813
2891,中信金,5,0,5,元大-八德,2024-10-25,9813
00948B,中信優息投資級債,183,0,183,元大-八德,2024-10-28,9813
00937B,群益ESG投等債20,100,0,100,元大-八德,2024-10-28,9813
2646,星宇航空,100,28,72,元大-八德,2024-10-28,9813
00679B,元大美債20年,73,10,63,元大-八德,2024-10-28,9813
00706L,期元大S＆P日圓正2,60,0,60,元大-八德,2024-10-28,9813
00712,復華富時不動產,58,0,58,元大-八德,2024-10-28,9813
5515,建國,55,0,55,元大-八德,2024-10-28,9813
6873,泓德能源,35,0,35,元大-八德,2024-10-28,9813
2489,瑞軒,38,6,32,元大-八德,2024-10-28,9813
2449,京元電子,42,11,31,元大-八德,2024-10-28,9813
00919,群益台灣精選高息,37,6,31,元大-八德,2024-10-28,9813
00959B,大華投等美債15Y+,30,0,30,元大-八德,2024-10-28,9813
2615,萬海,55,29,26,元大-八德,2024-10-28,9813
3081,聯亞,25,0,25,元大-八德,2024-10-28,9813
00929,復華台灣科技優息,35,12,23,元大-八德,2024-10-28,9813
6288,聯嘉,56,35,21,元大-八德,2024-10-28,9813
2303,聯電,19,0,19,元大-八德,2024-10-28,9813
00687B,國泰20年美債,24,5,19,元大-八德,2024-10-28,9813
2312,金寶,24,6,18,元大-八德,2024-10-28,9813
00751B,元大AAA至A公司債,16,0,16,元大-八德,2024-10-28,9813
00680L,元大美債20正2,15,0,15,元大-八德,2024-10-28,9813
0056,元大高股息,23,9,14,元大-八德,2024-10-28,9813
00931B,統一美債20年,14,0,14,元大-八德,2024-10-28,9813
00933B,國泰10Y+金融債,13,0,13,元大-八德,2024-10-28,9813
2486,一詮,25,12,13,元大-八德,2024-10-28,9813
5452,佶優,17,4,13,元大-八德,2024-10-28,9813
00720B,元大投資級公司債,12,1,11,元大-八德,2024-10-28,9813
3209,全科,13,2,11,元大-八德,2024-10-28,9813
2883,凱基金,11,0,11,元大-八德,2024-10-28,9813
00918,大華優利高填息30,10,0,10,元大-八德,2024-10-28,9813
00915,凱基優選高股息30,17,7,10,元大-八德,2024-10-28,9813
00642U,期元大S＆P石油,10,0,10,元大-八德,2024-10-28,9813
1516,川飛,10,0,10,元大-八德,2024-10-28,9813
1528,恩德,13,3,10,元大-八德,2024-10-28,9813
4726,永昕,15,5,10,元大-八德,2024-10-28,9813
6505,台塑化,10,0,10,元大-八德,2024-10-28,9813
6743,安普新,10,0,10,元大-八德,2024-10-28,9813
9939,宏全,10,0,10,元大-八德,2024-10-28,9813
1536,和大,12,3,9,元大-八德,2024-10-28,9813
00715L,期街口布蘭特正2,8,0,8,元大-八德,2024-10-28,9813
00938,凱基優選30,8,0,8,元大-八德,2024-10-28,9813
00685L,群益臺灣加權正2,8,0,8,元大-八德,2024-10-28,9813
3529,力旺,8,0,8,元大-八德,2024-10-28,9813
5498,凱崴,8,0,8,元大-八德,2024-10-28,9813
00881,國泰台灣5G+,8,0,8,元大-八德,2024-10-28,9813
6235,華孚,13,6,7,元大-八德,2024-10-28,9813
00878,國泰永續高股息,17,10,7,元大-八德,2024-10-28,9813
9942,茂順,7,0,7,元大-八德,2024-10-28,9813
2330,台積電,11,5,6,元大-八德,2024-10-28,9813
00740B,富邦全球投等債,6,0,6,元大-八德,2024-10-28,9813
2354,鴻準,230,113,117,元大-八德,2024-10-29,9813
2303,聯電,84,1,83,元大-八德,2024-10-29,9813
00940,元大台灣價值高息,71,1,70,元大-八德,2024-10-29,9813
00642U,期元大S＆P石油,56,0,56,元大-八德,2024-10-29,9813
00915,凱基優選高股息30,50,5,45,元大-八德,2024-10-29,9813
1301,台塑,35,1,34,元大-八德,2024-10-29,9813
00929,復華台灣科技優息,48,15,33,元大-八德,2024-10-29,9813
00919,群益台灣精選高息,55,23,32,元大-八德,2024-10-29,9813
6016,康和證,32,0,32,元大-八德,2024-10-29,9813
4306,炎洲,30,1,29,元大-八德,2024-10-29,9813
2302,麗正,28,0,28,元大-八德,2024-10-29,9813
9934,成霖,28,0,28,元大-八德,2024-10-29,9813
4133,亞諾法,27,0,27,元大-八德,2024-10-29,9813
2618,長榮航,38,12,26,元大-八德,2024-10-29,9813
4123,晟德,25,0,25,元大-八德,2024-10-29,9813
2317,鴻海,42,18,24,元大-八德,2024-10-29,9813
2413,環科,34,12,22,元大-八德,2024-10-29,9813
00878,國泰永續高股息,29,7,22,元大-八德,2024-10-29,9813
1314,中石化,21,0,21,元大-八德,2024-10-29,9813
2425,承啟,22,1,21,元大-八德,2024-10-29,9813
00922,國泰台灣領袖50,20,0,20,元大-八德,2024-10-29,9813
00892,富邦台灣半導體,20,0,20,元大-八德,2024-10-29,9813
00690,兆豐藍籌30,20,0,20,元大-八德,2024-10-29,9813
2328,廣宇,20,0,20,元大-八德,2024-10-29,9813
4930,燦星網,20,0,20,元大-八德,2024-10-29,9813
00959B,大華投等美債15Y+,18,0,18,元大-八德,2024-10-29,9813
2883,凱基金,17,0,17,元大-八德,2024-10-29,9813
2646,星宇航空,25,9,16,元大-八德,2024-10-29,9813
00918,大華優利高填息30,16,0,16,元大-八德,2024-10-29,9813
00937B,群益ESG投等債20,22,6,16,元大-八德,2024-10-29,9813
00712,復華富時不動產,15,0,15,元大-八德,2024-10-29,9813
6505,台塑化,26,11,15,元大-八德,2024-10-29,9813
1307,三芳,15,0,15,元大-八德,2024-10-29,9813
5876,上海商銀,18,3,15,元大-八德,2024-10-29,9813
6552,易華電,15,0,15,元大-八德,2024-10-29,9813
6535,順藥,37,24,13,元大-八德,2024-10-29,9813
6257,矽格,13,0,13,元大-八德,2024-10-29,9813
00946,群益科技高息成長,12,0,12,元大-八德,2024-10-29,9813
00685L,群益臺灣加權正2,12,0,12,元大-八德,2024-10-29,9813
2881,富邦金,14,2,12,元大-八德,2024-10-29,9813
00631L,元大台灣50正2,11,0,11,元大-八德,2024-10-29,9813
00715L,期街口布蘭特正2,11,0,11,元大-八德,2024-10-29,9813
3703,欣陸,11,0,11,元大-八德,2024-10-29,9813
2382,廣達,11,1,10,元大-八德,2024-10-29,9813
00956,中信日經高股息,10,0,10,元大-八德,2024-10-29,9813
1516,川飛,10,0,10,元大-八德,2024-10-29,9813
5328,華容,10,0,10,元大-八德,2024-10-29,9813
5531,鄉林,10,0,10,元大-八德,2024-10-29,9813
6023,元大期,10,0,10,元大-八德,2024-10-29,9813
6901,鑽石投資,10,0,10,元大-八德,2024-10-29,9813
4532,瑞智,404,1,403,元大-八德,2024-10-30,9813
3062,建漢,110,8,102,元大-八德,2024-10-30,9813
00882,中信中國高股息,100,0,100,元大-八德,2024-10-30,9813
00959B,大華投等美債15Y+,62,0,62,元大-八德,2024-10-30,9813
00712,復華富時不動產,60,0,60,元大-八德,2024-10-30,9813
00919,群益台灣精選高息,54,0,54,元大-八德,2024-10-30,9813
00690,兆豐藍籌30,50,0,50,元大-八德,2024-10-30,9813
00940,元大台灣價值高息,71,24,47,元大-八德,2024-10-30,9813
4133,亞諾法,46,0,46,元大-八德,2024-10-30,9813
9105,泰金寶-DR,58,13,45,元大-八德,2024-10-30,9813
6535,順藥,44,0,44,元大-八德,2024-10-30,9813
0056,元大高股息,39,0,39,元大-八德,2024-10-30,9813
00937B,群益ESG投等債20,38,0,38,元大-八德,2024-10-30,9813
2302,麗正,38,0,38,元大-八德,2024-10-30,9813
6257,矽格,34,1,33,元大-八德,2024-10-30,9813
2337,旺宏,30,0,30,元大-八德,2024-10-30,9813
3360,尚立,30,0,30,元大-八德,2024-10-30,9813
00680L,元大美債20正2,29,0,29,元大-八德,2024-10-30,9813
00688L,國泰20年美債正2,20,0,20,元大-八德,2024-10-30,9813
6185,幃翔,30,10,20,元大-八德,2024-10-30,9813
2359,所羅門,20,1,19,元大-八德,2024-10-30,9813
2352,佳世達,18,0,18,元大-八德,2024-10-30,9813
3481,群創,24,7,17,元大-八德,2024-10-30,9813
6239,力成,17,0,17,元大-八德,2024-10-30,9813
8011,台通,18,1,17,元大-八德,2024-10-30,9813
1605,華新,15,0,15,元大-八德,2024-10-30,9813
00715L,期街口布蘭特正2,15,0,15,元大-八德,2024-10-30,9813
4919,新唐,23,8,15,元大-八德,2024-10-30,9813
2303,聯電,14,0,14,元大-八德,2024-10-30,9813
2888,新光金,13,0,13,元大-八德,2024-10-30,9813
00878,國泰永續高股息,15,2,13,元大-八德,2024-10-30,9813
3004,豐達科,17,5,12,元大-八德,2024-10-30,9813
6732,昇佳電子,14,2,12,元大-八德,2024-10-30,9813
00929,復華台灣科技優息,13,1,12,元大-八德,2024-10-30,9813
2887,台新金,11,0,11,元大-八德,2024-10-30,9813
00650L,復華香港正2,10,0,10,元大-八德,2024-10-30,9813
2374,佳能,11,1,10,元大-八德,2024-10-30,9813
2809,京城銀,10,0,10,元大-八德,2024-10-30,9813
3709,鑫聯大投控,60,50,10,元大-八德,2024-10-30,9813
5258,虹堡,10,0,10,元大-八德,2024-10-30,9813
6133,金橋,10,0,10,元大-八德,2024-10-30,9813
2891,中信金,12,3,9,元大-八德,2024-10-30,9813
00931B,統一美債20年,9,0,9,元大-八德,2024-10-30,9813
3703,欣陸,10,1,9,元大-八德,2024-10-30,9813
8044,網家,44,36,8,元大-八德,2024-10-30,9813
2439,美律,7,0,7,元大-八德,2024-10-30,9813
5328,華容,7,0,7,元大-八德,2024-10-30,9813
8349,�矬�,7,0,7,元大-八德,2024-10-30,9813
2885,元大金,7,1,6,元大-八德,2024-10-30,9813
2344,華邦電,10,4,6,元大-八德,2024-10-30,9813
2613,中櫃,359,0,359,元大-八德,2024-11-01,9813
4532,瑞智,200,0,200,元大-八德,2024-11-01,9813
00751B,元大AAA至A公司債,81,0,81,元大-八德,2024-11-01,9813
2615,萬海,106,28,78,元大-八德,2024-11-01,9813
00915,凱基優選高股息30,62,1,61,元大-八德,2024-11-01,9813
00688L,國泰20年美債正2,60,0,60,元大-八德,2024-11-01,9813
00680L,元大美債20正2,60,0,60,元大-八德,2024-11-01,9813
3217,優群,71,11,60,元大-八德,2024-11-01,9813
00919,群益台灣精選高息,58,1,57,元大-八德,2024-11-01,9813
2317,鴻海,86,29,57,元大-八德,2024-11-01,9813
2303,聯電,54,2,52,元大-八德,2024-11-01,9813
2354,鴻準,144,93,51,元大-八德,2024-11-01,9813
6535,順藥,49,4,45,元大-八德,2024-11-01,9813
00878,國泰永續高股息,40,0,40,元大-八德,2024-11-01,9813
0056,元大高股息,44,9,35,元大-八德,2024-11-01,9813
3653,健策,34,0,34,元大-八德,2024-11-01,9813
00937B,群益ESG投等債20,33,0,33,元大-八德,2024-11-01,9813
4123,晟德,32,0,32,元大-八德,2024-11-01,9813
3455,由田,31,0,31,元大-八德,2024-11-01,9813
4133,亞諾法,30,0,30,元大-八德,2024-11-01,9813
2891,中信金,36,7,29,元大-八德,2024-11-01,9813
00712,復華富時不動產,28,0,28,元大-八德,2024-11-01,9813
2882,國泰金,26,1,25,元大-八德,2024-11-01,9813
00940,元大台灣價值高息,24,0,24,元大-八德,2024-11-01,9813
1597,直得,21,0,21,元大-八德,2024-11-01,9813
00932,兆豐永續高息等權,20,0,20,元大-八德,2024-11-01,9813
2030,彰源,20,0,20,元大-八德,2024-11-01,9813
3257,虹冠電,20,0,20,元大-八德,2024-11-01,9813
5533,皇鼎,20,0,20,元大-八德,2024-11-01,9813
5876,上海商銀,20,0,20,元大-八德,2024-11-01,9813
00929,復華台灣科技優息,29,11,18,元大-八德,2024-11-01,9813
3508,位速,18,0,18,元大-八德,2024-11-01,9813
2330,台積電,23,7,16,元大-八德,2024-11-01,9813
00927,群益半導體收益,16,0,16,元大-八德,2024-11-01,9813
2609,陽明,65,50,15,元大-八德,2024-11-01,9813
6414,樺漢,15,0,15,元大-八德,2024-11-01,9813
1338,廣華-KY,15,0,15,元大-八德,2024-11-01,9813
3004,豐達科,15,0,15,元大-八德,2024-11-01,9813
2883,凱基金,14,0,14,元大-八德,2024-11-01,9813
8107,大億金茂,16,2,14,元大-八德,2024-11-01,9813
2887,台新金,12,0,12,元大-八德,2024-11-01,9813
2881,富邦金,24,12,12,元大-八德,2024-11-01,9813
00946,群益科技高息成長,11,0,11,元大-八德,2024-11-01,9813
2618,長榮航,19,8,11,元大-八德,2024-11-01,9813
3490,單井,11,0,11,元大-八德,2024-11-01,9813
6241,易通展,12,1,11,元大-八德,2024-11-01,9813
2308,台達電,10,0,10,元大-八德,2024-11-01,9813
00951,台新日本半導體,10,0,10,元大-八德,2024-11-01,9813
1528,恩德,11,1,10,元大-八德,2024-11-01,9813
2489,瑞軒,21,11,10,元大-八德,2024-11-01,9813
00687B,國泰20年美債,456,0,456,元大-八德,2024-11-04,9813
00679B,元大美債20年,202,40,162,元大-八德,2024-11-04,9813
00878,國泰永續高股息,131,4,127,元大-八德,2024-11-04,9813
00937B,群益ESG投等債20,71,1,70,元大-八德,2024-11-04,9813
00680L,元大美債20正2,66,0,66,元大-八德,2024-11-04,9813
00688L,國泰20年美債正2,60,0,60,元大-八德,2024-11-04,9813
00712,復華富時不動產,48,5,43,元大-八德,2024-11-04,9813
00932,兆豐永續高息等權,39,0,39,元大-八德,2024-11-04,9813
00637L,元大滬深300正2,225,200,25,元大-八德,2024-11-04,9813
2888,新光金,25,0,25,元大-八德,2024-11-04,9813
2615,萬海,78,54,24,元大-八德,2024-11-04,9813
00919,群益台灣精選高息,23,0,23,元大-八德,2024-11-04,9813
2303,聯電,22,0,22,元大-八德,2024-11-04,9813
1310,台苯,20,0,20,元大-八德,2024-11-04,9813
2038,海光,20,0,20,元大-八德,2024-11-04,9813
3481,群創,21,2,19,元大-八德,2024-11-04,9813
00948B,中信優息投資級債,15,0,15,元大-八德,2024-11-04,9813
00751B,元大AAA至A公司債,44,30,14,元大-八德,2024-11-04,9813
1101,台泥,14,1,13,元大-八德,2024-11-04,9813
00959B,大華投等美債15Y+,13,0,13,元大-八德,2024-11-04,9813
0056,元大高股息,28,16,12,元大-八德,2024-11-04,9813
3105,穩懋,11,0,11,元大-八德,2024-11-04,9813
00720B,元大投資級公司債,10,0,10,元大-八德,2024-11-04,9813
3081,聯亞,10,0,10,元大-八德,2024-11-04,9813
6133,金橋,16,6,10,元大-八德,2024-11-04,9813
6278,台表科,10,0,10,元大-八德,2024-11-04,9813
00931B,統一美債20年,9,0,9,元大-八德,2024-11-04,9813
4123,晟德,9,0,9,元大-八德,2024-11-04,9813
00930,永豐ESG低碳高息,8,0,8,元大-八德,2024-11-04,9813
00921,兆豐龍頭等權重,8,0,8,元大-八德,2024-11-04,9813
2312,金寶,12,4,8,元大-八德,2024-11-04,9813
2495,普安,8,0,8,元大-八德,2024-11-04,9813
5009,榮剛,8,0,8,元大-八德,2024-11-04,9813
6023,元大期,8,0,8,元大-八德,2024-11-04,9813
2429,銘旺科,7,0,7,元大-八德,2024-11-04,9813
3141,晶宏,7,0,7,元大-八德,2024-11-04,9813
3711,日月光投控,7,0,7,元大-八德,2024-11-04,9813
4919,新唐,7,0,7,元大-八德,2024-11-04,9813
2332,友訊,6,0,6,元大-八德,2024-11-04,9813
2377,微星,6,0,6,元大-八德,2024-11-04,9813
3189,景碩,10,4,6,元大-八德,2024-11-04,9813
3508,位速,6,0,6,元大-八德,2024-11-04,9813
3709,鑫聯大投控,20,14,6,元大-八德,2024-11-04,9813
5426,振發,45,39,6,元大-八德,2024-11-04,9813
00631L,元大台灣50正2,10,5,5,元大-八德,2024-11-04,9813
00946,群益科技高息成長,5,0,5,元大-八德,2024-11-04,9813
00950B,凱基A級公司債,5,0,5,元大-八德,2024-11-04,9813
1609,大亞,5,0,5,元大-八德,2024-11-04,9813
1737,臺鹽,5,0,5,元大-八德,2024-11-04,9813
2030,彰源,10,5,5,元大-八德,2024-11-04,9813
00878,國泰永續高股息,106,6,100,元大-八德,2024-11-05,9813
00665L,富邦�琤肭磪囓�2,100,2,98,元大-八德,2024-11-05,9813
2303,聯電,109,25,84,元大-八德,2024-11-05,9813
4532,瑞智,80,0,80,元大-八德,2024-11-05,9813
00679B,元大美債20年,74,2,72,元大-八德,2024-11-05,9813
4123,晟德,52,0,52,元大-八德,2024-11-05,9813
00915,凱基優選高股息30,51,0,51,元大-八德,2024-11-05,9813
8044,網家,41,0,41,元大-八德,2024-11-05,9813
00919,群益台灣精選高息,40,0,40,元大-八德,2024-11-05,9813
1531,高林股,40,0,40,元大-八德,2024-11-05,9813
8429,金麗-KY,40,1,39,元大-八德,2024-11-05,9813
6535,順藥,38,6,32,元大-八德,2024-11-05,9813
1307,三芳,31,0,31,元大-八德,2024-11-05,9813
2609,陽明,61,31,30,元大-八德,2024-11-05,9813
00940,元大台灣價值高息,35,7,28,元大-八德,2024-11-05,9813
5876,上海商銀,25,0,25,元大-八德,2024-11-05,9813
6442,光聖,27,5,22,元大-八德,2024-11-05,9813
00929,復華台灣科技優息,21,1,20,元大-八德,2024-11-05,9813
2317,鴻海,29,10,19,元大-八德,2024-11-05,9813
2382,廣達,29,14,15,元大-八德,2024-11-05,9813
4534,慶騰,15,0,15,元大-八德,2024-11-05,9813
1528,恩德,30,16,14,元大-八德,2024-11-05,9813
3450,聯鈞,59,47,12,元大-八德,2024-11-05,9813
3163,波若威,12,1,11,元大-八德,2024-11-05,9813
00960,野村全球航運龍頭,21,10,11,元大-八德,2024-11-05,9813
00712,復華富時不動產,11,0,11,元大-八德,2024-11-05,9813
4956,光鋐,11,0,11,元大-八德,2024-11-05,9813
00932,兆豐永續高息等權,10,0,10,元大-八德,2024-11-05,9813
00632R,元大台灣50反1,10,0,10,元大-八德,2024-11-05,9813
3036A,文曄甲特,10,0,10,元大-八德,2024-11-05,9813
3289,宜特,14,4,10,元大-八德,2024-11-05,9813
4726,永昕,10,0,10,元大-八德,2024-11-05,9813
8011,台通,10,0,10,元大-八德,2024-11-05,9813
3049,精金,51,42,9,元大-八德,2024-11-05,9813
3324,雙鴻,12,3,9,元大-八德,2024-11-05,9813
3511,矽瑪,9,0,9,元大-八德,2024-11-05,9813
5263,智崴,9,0,9,元大-八德,2024-11-05,9813
00713,元大台灣高息低波,8,0,8,元大-八德,2024-11-05,9813
2610,華航,9,1,8,元大-八德,2024-11-05,9813
00930,永豐ESG低碳高息,13,5,8,元大-八德,2024-11-05,9813
5493,三聯,10,2,8,元大-八德,2024-11-05,9813
6525,捷敏-KY,15,7,8,元大-八德,2024-11-05,9813
2399,映泰,7,0,7,元大-八德,2024-11-05,9813
5533,皇鼎,7,0,7,元大-八德,2024-11-05,9813
020023,元大櫃買半導體N,6,0,6,元大-八德,2024-11-05,9813
020027,元大上櫃ESG成長N,6,0,6,元大-八德,2024-11-05,9813
1540,喬福,6,0,6,元大-八德,2024-11-05,9813
1799,易威,6,0,6,元大-八德,2024-11-05,9813
4133,亞諾法,6,0,6,元大-八德,2024-11-05,9813
3711,日月光投控,6,1,5,元大-八德,2024-11-05,9813
00679B,元大美債20年,176,4,172,元大-八德,2024-11-06,9813
3062,建漢,139,10,129,元大-八德,2024-11-06,9813
4532,瑞智,80,0,80,元大-八德,2024-11-06,9813
00637L,元大滬深300正2,65,0,65,元大-八德,2024-11-06,9813
00687B,國泰20年美債,63,2,61,元大-八德,2024-11-06,9813
00878,國泰永續高股息,63,3,60,元大-八德,2024-11-06,9813
00937B,群益ESG投等債20,50,0,50,元大-八德,2024-11-06,9813
00932,兆豐永續高息等權,40,0,40,元大-八德,2024-11-06,9813
6535,順藥,37,0,37,元大-八德,2024-11-06,9813
2312,金寶,127,93,34,元大-八德,2024-11-06,9813
2354,鴻準,57,25,32,元大-八德,2024-11-06,9813
00650L,復華香港正2,36,10,26,元大-八德,2024-11-06,9813
4133,亞諾法,25,0,25,元大-八德,2024-11-06,9813
5347,世界,26,2,24,元大-八德,2024-11-06,9813
00655L,國泰中國A50正2,20,0,20,元大-八德,2024-11-06,9813
2038,海光,20,0,20,元大-八德,2024-11-06,9813
2351,順德,19,0,19,元大-八德,2024-11-06,9813
00921,兆豐龍頭等權重,19,0,19,元大-八德,2024-11-06,9813
2460,建通,19,0,19,元大-八德,2024-11-06,9813
00959B,大華投等美債15Y+,18,0,18,元大-八德,2024-11-06,9813
00948B,中信優息投資級債,18,0,18,元大-八德,2024-11-06,9813
9934,成霖,17,0,17,元大-八德,2024-11-06,9813
00795B,中信美國公債20年,19,3,16,元大-八德,2024-11-06,9813
00929,復華台灣科技優息,19,4,15,元大-八德,2024-11-06,9813
2030,彰源,15,0,15,元大-八德,2024-11-06,9813
2344,華邦電,16,1,15,元大-八德,2024-11-06,9813
3211,順達,14,0,14,元大-八德,2024-11-06,9813
3665,貿聯-KY,29,16,13,元大-八德,2024-11-06,9813
00688L,國泰20年美債正2,12,0,12,元大-八德,2024-11-06,9813
00751B,元大AAA至A公司債,12,0,12,元大-八德,2024-11-06,9813
00753L,中信中國50正2,12,0,12,元大-八德,2024-11-06,9813
3049,精金,12,0,12,元大-八德,2024-11-06,9813
2329,華泰,11,0,11,元大-八德,2024-11-06,9813
6244,茂迪,10,0,10,元大-八德,2024-11-06,9813
00700,富邦�琤肭磪�,10,0,10,元大-八德,2024-11-06,9813
2027,大成鋼,10,0,10,元大-八德,2024-11-06,9813
3689,湧德,27,17,10,元大-八德,2024-11-06,9813
5202,力新,10,0,10,元大-八德,2024-11-06,9813
00665L,富邦�琤肭磪囓�2,22,13,9,元大-八德,2024-11-06,9813
2014,中鴻,24,15,9,元大-八德,2024-11-06,9813
2353,宏��,17,8,9,元大-八德,2024-11-06,9813
4956,光鋐,9,0,9,元大-八德,2024-11-06,9813
00633L,富邦上証正2,38,30,8,元大-八德,2024-11-06,9813
00931B,統一美債20年,8,0,8,元大-八德,2024-11-06,9813
2431,聯昌,11,3,8,元大-八德,2024-11-06,9813
2888,新光金,8,0,8,元大-八德,2024-11-06,9813
6643,M31,8,0,8,元大-八德,2024-11-06,9813
2317,鴻海,37,30,7,元大-八德,2024-11-06,9813
00713,元大台灣高息低波,7,0,7,元大-八德,2024-11-06,9813
2385,群光,11,4,7,元大-八德,2024-11-06,9813
00878,國泰永續高股息,177,18,159,元大-八德,2024-11-07,9813
2449,京元電子,113,12,101,元大-八德,2024-11-07,9813
00688L,國泰20年美債正2,100,0,100,元大-八德,2024-11-07,9813
2030,彰源,100,4,96,元大-八德,2024-11-07,9813
3062,建漢,144,50,94,元大-八德,2024-11-07,9813
3481,群創,116,43,73,元大-八德,2024-11-07,9813
00680L,元大美債20正2,79,20,59,元大-八德,2024-11-07,9813
3653,健策,57,2,55,元大-八德,2024-11-07,9813
2031,新光鋼,51,0,51,元大-八德,2024-11-07,9813
00921,兆豐龍頭等權重,50,0,50,元大-八德,2024-11-07,9813
2618,長榮航,105,60,45,元大-八德,2024-11-07,9813
1815,富喬,66,28,38,元大-八德,2024-11-07,9813
2409,友達,40,2,38,元大-八德,2024-11-07,9813
5234,達興材料,30,0,30,元大-八德,2024-11-07,9813
00937B,群益ESG投等債20,26,0,26,元大-八德,2024-11-07,9813
2460,建通,26,0,26,元大-八德,2024-11-07,9813
2317,鴻海,66,42,24,元大-八德,2024-11-07,9813
2615,萬海,78,55,23,元大-八德,2024-11-07,9813
5328,華容,23,0,23,元大-八德,2024-11-07,9813
1451,年興,19,0,19,元大-八德,2024-11-07,9813
2888,新光金,19,0,19,元大-八德,2024-11-07,9813
6658,聯策,20,1,19,元大-八德,2024-11-07,9813
6451,訊芯-KY,24,5,19,元大-八德,2024-11-07,9813
6244,茂迪,17,0,17,元大-八德,2024-11-07,9813
3374,精材,22,6,16,元大-八德,2024-11-07,9813
6457,紘康,15,0,15,元大-八德,2024-11-07,9813
2382,廣達,32,18,14,元大-八德,2024-11-07,9813
2883,凱基金,15,1,14,元大-八德,2024-11-07,9813
00665L,富邦�琤肭磪囓�2,20,8,12,元大-八德,2024-11-07,9813
020027,元大上櫃ESG成長N,12,0,12,元大-八德,2024-11-07,9813
3577,泓格,12,0,12,元大-八德,2024-11-07,9813
4711,永純,12,0,12,元大-八德,2024-11-07,9813
2892,第一金,11,0,11,元大-八德,2024-11-07,9813
00915,凱基優選高股息30,11,0,11,元大-八德,2024-11-07,9813
3708,上緯投控,10,0,10,元大-八德,2024-11-07,9813
4123,晟德,10,0,10,元大-八德,2024-11-07,9813
4726,永昕,10,0,10,元大-八德,2024-11-07,9813
4991,環宇-KY,11,1,10,元大-八德,2024-11-07,9813
6426,統新,10,0,10,元大-八德,2024-11-07,9813
6548,長科*,10,0,10,元大-八德,2024-11-07,9813
3024,憶聲,10,0,10,元大-八德,2024-11-07,9813
2405,輔信,10,1,9,元大-八德,2024-11-07,9813
3149,正達,11,2,9,元大-八德,2024-11-07,9813
00637L,元大滬深300正2,33,25,8,元大-八德,2024-11-07,9813
4909,新復興,8,0,8,元大-八德,2024-11-07,9813
3661,世芯-KY,9,2,7,元大-八德,2024-11-07,9813
4561,健椿,7,0,7,元大-八德,2024-11-07,9813
6150,撼訊,39,32,7,元大-八德,2024-11-07,9813
2885,元大金,17,11,6,元大-八德,2024-11-07,9813
1309,台達化,6,0,6,元大-八德,2024-11-07,9813
00637L,元大滬深300正2,219,84,135,元大-八德,2024-11-08,9813
2031,新光鋼,100,0,100,元大-八德,2024-11-08,9813
5533,皇鼎,65,0,65,元大-八德,2024-11-08,9813
2609,陽明,93,28,65,元大-八德,2024-11-08,9813
00725B,國泰投資級公司債,55,0,55,元大-八德,2024-11-08,9813
2313,華通,51,0,51,元大-八德,2024-11-08,9813
1536,和大,52,4,48,元大-八德,2024-11-08,9813
3234,光環,50,2,48,元大-八德,2024-11-08,9813
9105,泰金寶-DR,37,2,35,元大-八德,2024-11-08,9813
2312,金寶,57,23,34,元大-八德,2024-11-08,9813
00878,國泰永續高股息,35,3,32,元大-八德,2024-11-08,9813
2303,聯電,31,7,24,元大-八德,2024-11-08,9813
3450,聯鈞,29,7,22,元大-八德,2024-11-08,9813
6933,AMAX-KY,21,0,21,元大-八德,2024-11-08,9813
00921,兆豐龍頭等權重,19,0,19,元大-八德,2024-11-08,9813
2376,技嘉,24,5,19,元大-八德,2024-11-08,9813
00665L,富邦�琤肭磪囓�2,32,17,15,元大-八德,2024-11-08,9813
2601,益航,15,0,15,元大-八德,2024-11-08,9813
6163,華電網,15,0,15,元大-八德,2024-11-08,9813
2615,萬海,159,144,15,元大-八德,2024-11-08,9813
2888,新光金,14,0,14,元大-八德,2024-11-08,9813
6505,台塑化,13,0,13,元大-八德,2024-11-08,9813
2353,宏��,12,0,12,元大-八德,2024-11-08,9813
4991,環宇-KY,12,0,12,元大-八德,2024-11-08,9813
5263,智崴,12,0,12,元大-八德,2024-11-08,9813
2362,藍天,12,1,11,元大-八德,2024-11-08,9813
2388,威盛,16,5,11,元大-八德,2024-11-08,9813
9934,成霖,13,2,11,元大-八德,2024-11-08,9813
00960,野村全球航運龍頭,11,0,11,元大-八德,2024-11-08,9813
4919,新唐,14,3,11,元大-八德,2024-11-08,9813
00915,凱基優選高股息30,20,10,10,元大-八德,2024-11-08,9813
00895,富邦未來車,10,0,10,元大-八德,2024-11-08,9813
00948B,中信優息投資級債,10,0,10,元大-八德,2024-11-08,9813
1409,新纖,10,0,10,元大-八德,2024-11-08,9813
3024,憶聲,10,0,10,元大-八德,2024-11-08,9813
3498,陽程,11,1,10,元大-八德,2024-11-08,9813
4714,永捷,10,0,10,元大-八德,2024-11-08,9813
4726,永昕,11,1,10,元大-八德,2024-11-08,9813
5443,均豪,10,0,10,元大-八德,2024-11-08,9813
3004,豐達科,9,0,9,元大-八德,2024-11-08,9813
6023,元大期,9,0,9,元大-八德,2024-11-08,9813
6753,龍德造船,9,0,9,元大-八德,2024-11-08,9813
4958,臻鼎-KY,17,8,9,元大-八德,2024-11-08,9813
2489,瑞軒,8,0,8,元大-八德,2024-11-08,9813
2887,台新金,8,0,8,元大-八德,2024-11-08,9813
3552,同致,9,1,8,元大-八德,2024-11-08,9813
4909,新復興,14,6,8,元大-八德,2024-11-08,9813
00712,復華富時不動產,7,0,7,元大-八德,2024-11-08,9813
1802,台玻,57,50,7,元大-八德,2024-11-08,9813
2408,南亞科,9,2,7,元大-八德,2024-11-08,9813
3231,緯創,329,28,301,元大-八德,2024-11-11,9813
2449,京元電子,191,7,184,元大-八德,2024-11-11,9813
00637L,元大滬深300正2,129,0,129,元大-八德,2024-11-11,9813
2352,佳世達,90,0,90,元大-八德,2024-11-11,9813
5515,建國,88,2,86,元大-八德,2024-11-11,9813
00753L,中信中國50正2,231,150,81,元大-八德,2024-11-11,9813
1708,東鹼,81,1,80,元大-八德,2024-11-11,9813
00915,凱基優選高股息30,51,0,51,元大-八德,2024-11-11,9813
5009,榮剛,50,2,48,元大-八德,2024-11-11,9813
2031,新光鋼,40,0,40,元大-八德,2024-11-11,9813
00650L,復華香港正2,131,99,32,元大-八德,2024-11-11,9813
2356,英業達,72,41,31,元大-八德,2024-11-11,9813
2382,廣達,35,5,30,元大-八德,2024-11-11,9813
00878,國泰永續高股息,32,3,29,元大-八德,2024-11-11,9813
00712,復華富時不動產,26,1,25,元大-八德,2024-11-11,9813
00929,復華台灣科技優息,41,18,23,元大-八德,2024-11-11,9813
00930,永豐ESG低碳高息,22,0,22,元大-八德,2024-11-11,9813
2888,新光金,28,6,22,元大-八德,2024-11-11,9813
1455,集盛,20,0,20,元大-八德,2024-11-11,9813
6279,胡連,21,1,20,元大-八德,2024-11-11,9813
3030,德律,20,1,19,元大-八德,2024-11-11,9813
2460,建通,19,0,19,元大-八德,2024-11-11,9813
6023,元大期,19,0,19,元大-八德,2024-11-11,9813
00893,國泰智能電動車,18,0,18,元大-八德,2024-11-11,9813
3037,欣興,18,0,18,元大-八德,2024-11-11,9813
4977,眾達-KY,21,4,17,元大-八德,2024-11-11,9813
00919,群益台灣精選高息,17,0,17,元大-八德,2024-11-11,9813
6570,維田,16,0,16,元大-八德,2024-11-11,9813
2489,瑞軒,25,9,16,元大-八德,2024-11-11,9813
3303,岱稜,21,5,16,元大-八德,2024-11-11,9813
2834,臺企銀,14,0,14,元大-八德,2024-11-11,9813
1591,駿吉-KY,14,0,14,元大-八德,2024-11-11,9813
3529,力旺,18,5,13,元大-八德,2024-11-11,9813
020023,元大櫃買半導體N,12,0,12,元大-八德,2024-11-11,9813
020040,元大上櫃ESG龍頭N,12,0,12,元大-八德,2024-11-11,9813
3305,昇貿,14,2,12,元大-八德,2024-11-11,9813
5243,乙盛-KY,18,6,12,元大-八德,2024-11-11,9813
2646,星宇航空,12,1,11,元大-八德,2024-11-11,9813
1736,喬山,11,0,11,元大-八德,2024-11-11,9813
3141,晶宏,11,0,11,元大-八德,2024-11-11,9813
4916,事欣科,31,20,11,元大-八德,2024-11-11,9813
6441,廣錠,11,0,11,元大-八德,2024-11-11,9813
00646,元大S＆P500,10,0,10,元大-八德,2024-11-11,9813
4442,竣邦-KY,10,0,10,元大-八德,2024-11-11,9813
8935,邦泰,10,0,10,元大-八德,2024-11-11,9813
9921,巨大,8,0,8,元大-八德,2024-11-11,9813
9945,潤泰新,10,3,7,元大-八德,2024-11-11,9813
1301,台塑,7,0,7,元大-八德,2024-11-11,9813
2353,宏��,7,0,7,元大-八德,2024-11-11,9813
00946,群益科技高息成長,7,0,7,元大-八德,2024-11-11,9813
00878,國泰永續高股息,169,0,169,元大-八德,2024-11-12,9813
2892,第一金,117,0,117,元大-八德,2024-11-12,9813
2609,陽明,144,34,110,元大-八德,2024-11-12,9813
2031,新光鋼,100,0,100,元大-八德,2024-11-12,9813
1591,駿吉-KY,65,0,65,元大-八德,2024-11-12,9813
2888,新光金,60,0,60,元大-八德,2024-11-12,9813
4532,瑞智,60,0,60,元大-八德,2024-11-12,9813
0056,元大高股息,56,5,51,元大-八德,2024-11-12,9813
3231,緯創,76,30,46,元大-八德,2024-11-12,9813
00929,復華台灣科技優息,46,0,46,元大-八德,2024-11-12,9813
2615,萬海,65,20,45,元大-八德,2024-11-12,9813
2449,京元電子,59,16,43,元大-八德,2024-11-12,9813
00650L,復華香港正2,41,0,41,元大-八德,2024-11-12,9813
2882,國泰金,40,3,37,元大-八德,2024-11-12,9813
2352,佳世達,40,4,36,元大-八德,2024-11-12,9813
2605,新興,56,23,33,元大-八德,2024-11-12,9813
00642U,期元大S＆P石油,32,0,32,元大-八德,2024-11-12,9813
2885,元大金,30,0,30,元大-八德,2024-11-12,9813
3481,群創,80,50,30,元大-八德,2024-11-12,9813
4306,炎洲,30,0,30,元大-八德,2024-11-12,9813
2353,宏��,34,10,24,元大-八德,2024-11-12,9813
5880,合庫金,21,0,21,元大-八德,2024-11-12,9813
00924,復華S＆P500成長,21,0,21,元大-八德,2024-11-12,9813
020040,元大上櫃ESG龍頭N,21,0,21,元大-八德,2024-11-12,9813
3491,昇達科,20,0,20,元大-八德,2024-11-12,9813
2002,中鋼,23,3,20,元大-八德,2024-11-12,9813
2646,星宇航空,28,8,20,元大-八德,2024-11-12,9813
2891,中信金,22,2,20,元大-八德,2024-11-12,9813
00919,群益台灣精選高息,20,0,20,元大-八德,2024-11-12,9813
020023,元大櫃買半導體N,19,0,19,元大-八德,2024-11-12,9813
2834,臺企銀,18,0,18,元大-八德,2024-11-12,9813
006208,富邦台50,21,4,17,元大-八德,2024-11-12,9813
00881,國泰台灣5G+,16,0,16,元大-八德,2024-11-12,9813
2369,菱生,15,0,15,元大-八德,2024-11-12,9813
3706,神達,211,196,15,元大-八德,2024-11-12,9813
6788,華景電,14,0,14,元大-八德,2024-11-12,9813
2887,台新金,13,0,13,元大-八德,2024-11-12,9813
00687B,國泰20年美債,25,12,13,元大-八德,2024-11-12,9813
2344,華邦電,13,0,13,元大-八德,2024-11-12,9813
3062,建漢,14,1,13,元大-八德,2024-11-12,9813
4909,新復興,15,3,12,元大-八德,2024-11-12,9813
9921,巨大,11,0,11,元大-八德,2024-11-12,9813
00918,大華優利高填息30,11,0,11,元大-八德,2024-11-12,9813
3041,揚智,11,0,11,元大-八德,2024-11-12,9813
4977,眾達-KY,53,42,11,元大-八德,2024-11-12,9813
0050,元大台灣50,12,1,11,元大-八德,2024-11-12,9813
00631L,元大台灣50正2,10,0,10,元大-八德,2024-11-12,9813
3711,日月光投控,11,1,10,元大-八德,2024-11-12,9813
00685L,群益臺灣加權正2,10,0,10,元大-八德,2024-11-12,9813
00933B,國泰10Y+金融債,10,0,10,元大-八德,2024-11-12,9813
2412,中華電,300,0,300,元大-八德,2024-11-13,9813
2031,新光鋼,100,0,100,元大-八德,2024-11-13,9813
00878,國泰永續高股息,92,0,92,元大-八德,2024-11-13,9813
00679B,元大美債20年,69,3,66,元大-八德,2024-11-13,9813
5515,建國,65,0,65,元大-八德,2024-11-13,9813
2354,鴻準,116,59,57,元大-八德,2024-11-13,9813
00687B,國泰20年美債,69,15,54,元大-八德,2024-11-13,9813
2392,正崴,56,3,53,元大-八德,2024-11-13,9813
1721,三晃,45,0,45,元大-八德,2024-11-13,9813
1708,東鹼,48,4,44,元大-八德,2024-11-13,9813
3711,日月光投控,50,8,42,元大-八德,2024-11-13,9813
2330,台積電,40,2,38,元大-八德,2024-11-13,9813
3257,虹冠電,37,0,37,元大-八德,2024-11-13,9813
2337,旺宏,33,0,33,元大-八德,2024-11-13,9813
00665L,富邦�琤肭磪囓�2,60,30,30,元大-八德,2024-11-13,9813
00650L,復華香港正2,30,0,30,元大-八德,2024-11-13,9813
1531,高林股,30,0,30,元大-八德,2024-11-13,9813
6134,萬旭,30,0,30,元大-八德,2024-11-13,9813
2881,富邦金,28,0,28,元大-八德,2024-11-13,9813
2317,鴻海,44,16,28,元大-八德,2024-11-13,9813
00919,群益台灣精選高息,30,7,23,元大-八德,2024-11-13,9813
2882,國泰金,22,0,22,元大-八德,2024-11-13,9813
2615,萬海,42,21,21,元大-八德,2024-11-13,9813
2377,微星,21,0,21,元大-八德,2024-11-13,9813
1536,和大,21,0,21,元大-八德,2024-11-13,9813
5009,榮剛,21,0,21,元大-八德,2024-11-13,9813
2312,金寶,116,96,20,元大-八德,2024-11-13,9813
8240,華宏,20,0,20,元大-八德,2024-11-13,9813
6535,順藥,23,3,20,元大-八德,2024-11-13,9813
00753L,中信中國50正2,19,0,19,元大-八德,2024-11-13,9813
6788,華景電,19,0,19,元大-八德,2024-11-13,9813
1605,華新,19,1,18,元大-八德,2024-11-13,9813
00712,復華富時不動產,15,0,15,元大-八德,2024-11-13,9813
2303,聯電,16,2,14,元大-八德,2024-11-13,9813
2834,臺企銀,13,0,13,元大-八德,2024-11-13,9813
0056,元大高股息,13,1,12,元大-八德,2024-11-13,9813
3081,聯亞,12,0,12,元大-八德,2024-11-13,9813
1326,台化,12,0,12,元大-八德,2024-11-13,9813
2887,台新金,12,0,12,元大-八德,2024-11-13,9813
2883,凱基金,61,50,11,元大-八德,2024-11-13,9813
2888,新光金,11,0,11,元大-八德,2024-11-13,9813
2455,全新,36,25,11,元大-八德,2024-11-13,9813
2609,陽明,20,9,11,元大-八德,2024-11-13,9813
2915,潤泰全,12,2,10,元大-八德,2024-11-13,9813
4934,太極,10,0,10,元大-八德,2024-11-13,9813
6530,創威,10,0,10,元大-八德,2024-11-13,9813
3622,洋華,10,0,10,元大-八德,2024-11-13,9813
00915,凱基優選高股息30,9,0,9,元大-八德,2024-11-13,9813
020027,元大上櫃ESG成長N,9,0,9,元大-八德,2024-11-13,9813
2356,英業達,12,3,9,元大-八德,2024-11-13,9813
00878,國泰永續高股息,125,0,125,元大-八德,2024-11-14,9813
00688L,國泰20年美債正2,105,0,105,元大-八德,2024-11-14,9813
00642U,期元大S＆P石油,101,0,101,元大-八德,2024-11-14,9813
9105,泰金寶-DR,106,14,92,元大-八德,2024-11-14,9813
2892,第一金,85,0,85,元大-八德,2024-11-14,9813
5515,建國,79,0,79,元大-八德,2024-11-14,9813
00679B,元大美債20年,70,0,70,元大-八德,2024-11-14,9813
2449,京元電子,71,1,70,元大-八德,2024-11-14,9813
2883,凱基金,107,50,57,元大-八德,2024-11-14,9813
2031,新光鋼,50,0,50,元大-八德,2024-11-14,9813
00929,復華台灣科技優息,95,52,43,元大-八德,2024-11-14,9813
2603,長榮,47,6,41,元大-八德,2024-11-14,9813
0056,元大高股息,39,4,35,元大-八德,2024-11-14,9813
9933,中鼎,35,0,35,元大-八德,2024-11-14,9813
00940,元大台灣價值高息,34,0,34,元大-八德,2024-11-14,9813
00687B,國泰20年美債,31,0,31,元大-八德,2024-11-14,9813
4306,炎洲,30,0,30,元大-八德,2024-11-14,9813
3481,群創,29,0,29,元大-八德,2024-11-14,9813
2317,鴻海,62,37,25,元大-八德,2024-11-14,9813
4510,高鋒,24,0,24,元大-八德,2024-11-14,9813
5328,華容,24,0,24,元大-八德,2024-11-14,9813
9934,成霖,25,1,24,元大-八德,2024-11-14,9813
00937B,群益ESG投等債20,27,4,23,元大-八德,2024-11-14,9813
4931,新盛力,59,36,23,元大-八德,2024-11-14,9813
1618,合機,52,30,22,元大-八德,2024-11-14,9813
2104,國際中橡,20,0,20,元大-八德,2024-11-14,9813
4562,穎漢,20,0,20,元大-八德,2024-11-14,9813
5522,遠雄,20,0,20,元大-八德,2024-11-14,9813
2308,台達電,20,0,20,元大-八德,2024-11-14,9813
1303,南亞,18,0,18,元大-八德,2024-11-14,9813
2408,南亞科,23,5,18,元大-八德,2024-11-14,9813
3006,晶豪科,17,0,17,元大-八德,2024-11-14,9813
00954,中信日本半導體,16,0,16,元大-八德,2024-11-14,9813
3703,欣陸,16,0,16,元大-八德,2024-11-14,9813
2615,萬海,35,21,14,元大-八德,2024-11-14,9813
1301,台塑,14,0,14,元大-八德,2024-11-14,9813
2646,星宇航空,16,2,14,元大-八德,2024-11-14,9813
2887,台新金,11,0,11,元大-八德,2024-11-14,9813
3706,神達,200,189,11,元大-八德,2024-11-14,9813
2101,南港,13,2,11,元大-八德,2024-11-14,9813
4442,竣邦-KY,12,1,11,元大-八德,2024-11-14,9813
006208,富邦台50,12,1,11,元大-八德,2024-11-14,9813
6869,雲豹能源,16,5,11,元大-八德,2024-11-14,9813
6788,華景電,10,0,10,元大-八德,2024-11-14,9813
00915,凱基優選高股息30,10,0,10,元大-八德,2024-11-14,9813
00665L,富邦�琤肭磪囓�2,10,0,10,元大-八德,2024-11-14,9813
1313,聯成,11,1,10,元大-八德,2024-11-14,9813
5009,榮剛,10,0,10,元大-八德,2024-11-14,9813
00931B,統一美債20年,9,0,9,元大-八德,2024-11-14,9813
2477,美隆電,9,0,9,元大-八德,2024-11-14,9813
00632R,元大台灣50反1,610,10,600,元大-八德,2024-11-15,9813
00948B,中信優息投資級債,499,0,499,元大-八德,2024-11-15,9813
00878,國泰永續高股息,181,0,181,元大-八德,2024-11-15,9813
00633L,富邦上証正2,140,30,110,元大-八德,2024-11-15,9813
00642U,期元大S＆P石油,100,1,99,元大-八德,2024-11-15,9813
9934,成霖,99,0,99,元大-八德,2024-11-15,9813
3062,建漢,102,4,98,元大-八德,2024-11-15,9813
2354,鴻準,196,110,86,元大-八德,2024-11-15,9813
2609,陽明,137,56,81,元大-八德,2024-11-15,9813
2615,萬海,98,26,72,元大-八德,2024-11-15,9813
00650L,復華香港正2,70,0,70,元大-八德,2024-11-15,9813
2382,廣達,73,3,70,元大-八德,2024-11-15,9813
2031,新光鋼,60,0,60,元大-八德,2024-11-15,9813
3706,神達,352,296,56,元大-八德,2024-11-15,9813
2449,京元電子,45,9,36,元大-八德,2024-11-15,9813
00930,永豐ESG低碳高息,35,0,35,元大-八德,2024-11-15,9813
00929,復華台灣科技優息,42,13,29,元大-八德,2024-11-15,9813
5328,華容,29,0,29,元大-八德,2024-11-15,9813
00918,大華優利高填息30,27,0,27,元大-八德,2024-11-15,9813
00933B,國泰10Y+金融債,25,0,25,元大-八德,2024-11-15,9813
2885,元大金,30,5,25,元大-八德,2024-11-15,9813
2324,仁寶,29,5,24,元大-八德,2024-11-15,9813
00690,兆豐藍籌30,22,0,22,元大-八德,2024-11-15,9813
00637L,元大滬深300正2,25,4,21,元大-八德,2024-11-15,9813
8085,福華,21,0,21,元大-八德,2024-11-15,9813
00665L,富邦�琤肭磪囓�2,20,0,20,元大-八德,2024-11-15,9813
2367,燿華,20,0,20,元大-八德,2024-11-15,9813
4977,眾達-KY,21,1,20,元大-八德,2024-11-15,9813
4711,永純,18,0,18,元大-八德,2024-11-15,9813
3081,聯亞,17,0,17,元大-八德,2024-11-15,9813
6023,元大期,17,0,17,元大-八德,2024-11-15,9813
1815,富喬,16,0,16,元大-八德,2024-11-15,9813
0056,元大高股息,15,0,15,元大-八德,2024-11-15,9813
00953B,群益優選非投等債,15,0,15,元大-八德,2024-11-15,9813
6414,樺漢,15,0,15,元大-八德,2024-11-15,9813
6788,華景電,12,0,12,元大-八德,2024-11-15,9813
3231,緯創,29,17,12,元大-八德,2024-11-15,9813
6933,AMAX-KY,15,4,11,元大-八德,2024-11-15,9813
3013,晟銘電,22,12,10,元大-八德,2024-11-15,9813
3036A,文曄甲特,10,0,10,元大-八德,2024-11-15,9813
3189,景碩,11,1,10,元大-八德,2024-11-15,9813
5474,聰泰,10,0,10,元大-八德,2024-11-15,9813
3580,友威科,23,13,10,元大-八德,2024-11-15,9813
2356,英業達,11,2,9,元大-八德,2024-11-15,9813
3017,奇鋐,24,16,8,元大-八德,2024-11-15,9813
00687B,國泰20年美債,8,0,8,元大-八德,2024-11-15,9813
2317,鴻海,78,71,7,元大-八德,2024-11-15,9813
00713,元大台灣高息低波,7,0,7,元大-八德,2024-11-15,9813
00631L,元大台灣50正2,7,0,7,元大-八德,2024-11-15,9813
8050,廣積,7,0,7,元大-八德,2024-11-15,9813
00878,國泰永續高股息,287,5,282,元大-八德,2024-11-18,9813
9934,成霖,113,0,113,元大-八德,2024-11-18,9813
00929,復華台灣科技優息,108,1,107,元大-八德,2024-11-18,9813
2312,金寶,161,61,100,元大-八德,2024-11-18,9813
3706,神達,130,35,95,元大-八德,2024-11-18,9813
5515,建國,70,0,70,元大-八德,2024-11-18,9813
2449,京元電子,58,2,56,元大-八德,2024-11-18,9813
2031,新光鋼,51,0,51,元大-八德,2024-11-18,9813
0056,元大高股息,46,0,46,元大-八德,2024-11-18,9813
1475,業旺,40,0,40,元大-八德,2024-11-18,9813
2615,萬海,40,4,36,元大-八德,2024-11-18,9813
00918,大華優利高填息30,30,0,30,元大-八德,2024-11-18,9813
4532,瑞智,30,0,30,元大-八德,2024-11-18,9813
2317,鴻海,71,44,27,元大-八德,2024-11-18,9813
2605,新興,25,0,25,元大-八德,2024-11-18,9813
0050,元大台灣50,23,0,23,元大-八德,2024-11-18,9813
3231,緯創,26,4,22,元大-八德,2024-11-18,9813
2881,富邦金,22,0,22,元大-八德,2024-11-18,9813
00664R,國泰臺灣加權反1,20,0,20,元大-八德,2024-11-18,9813
3338,泰碩,22,2,20,元大-八德,2024-11-18,9813
2382,廣達,28,11,17,元大-八德,2024-11-18,9813
2392,正崴,19,2,17,元大-八德,2024-11-18,9813
2365,昆盈,16,0,16,元大-八德,2024-11-18,9813
5450,南良,13,0,13,元大-八德,2024-11-18,9813
00922,國泰台灣領袖50,12,0,12,元大-八德,2024-11-18,9813
00679B,元大美債20年,23,12,11,元大-八德,2024-11-18,9813
1536,和大,11,0,11,元大-八德,2024-11-18,9813
4123,晟德,11,0,11,元大-八德,2024-11-18,9813
4956,光鋐,11,0,11,元大-八德,2024-11-18,9813
2646,星宇航空,12,1,11,元大-八德,2024-11-18,9813
2809,京城銀,11,0,11,元大-八德,2024-11-18,9813
5309,系統電,18,7,11,元大-八德,2024-11-18,9813
00907,永豐優息存股,10,0,10,元大-八德,2024-11-18,9813
00690,兆豐藍籌30,10,0,10,元大-八德,2024-11-18,9813
1528,恩德,10,0,10,元大-八德,2024-11-18,9813
2367,燿華,10,0,10,元大-八德,2024-11-18,9813
3081,聯亞,10,0,10,元大-八德,2024-11-18,9813
3090,日電貿,47,37,10,元大-八德,2024-11-18,9813
6142,友勁,10,0,10,元大-八德,2024-11-18,9813
8261,富鼎,11,1,10,元大-八德,2024-11-18,9813
006208,富邦台50,10,0,10,元大-八德,2024-11-18,9813
6535,順藥,12,3,9,元大-八德,2024-11-18,9813
00701,國泰股利精選30,9,0,9,元大-八德,2024-11-18,9813
2356,英業達,19,10,9,元大-八德,2024-11-18,9813
00713,元大台灣高息低波,9,0,9,元大-八德,2024-11-18,9813
00671R,富邦NASDAQ反1,8,0,8,元大-八德,2024-11-18,9813
020023,元大櫃買半導體N,8,0,8,元大-八德,2024-11-18,9813
020035,元大上櫃ESG高息N,8,0,8,元大-八德,2024-11-18,9813
8044,網家,36,28,8,元大-八德,2024-11-18,9813
3450,聯鈞,9,2,7,元大-八德,2024-11-18,9813
00637L,元大滬深300正2,165,0,165,元大-八德,2024-11-19,9813
00632R,元大台灣50反1,124,20,104,元大-八德,2024-11-19,9813
00937B,群益ESG投等債20,120,35,85,元大-八德,2024-11-19,9813
00633L,富邦上証正2,80,0,80,元大-八德,2024-11-19,9813
00932,兆豐永續高息等權,52,0,52,元大-八德,2024-11-19,9813
2031,新光鋼,51,0,51,元大-八德,2024-11-19,9813
2382,廣達,55,12,43,元大-八德,2024-11-19,9813
00687B,國泰20年美債,39,0,39,元大-八德,2024-11-19,9813
00878,國泰永續高股息,39,2,37,元大-八德,2024-11-19,9813
2890,永豐金,33,0,33,元大-八德,2024-11-19,9813
2317,鴻海,41,8,33,元大-八德,2024-11-19,9813
5457,宣德,33,2,31,元大-八德,2024-11-19,9813
2354,鴻準,81,52,29,元大-八德,2024-11-19,9813
00929,復華台灣科技優息,39,12,27,元大-八德,2024-11-19,9813
00679B,元大美債20年,37,10,27,元大-八德,2024-11-19,9813
2002,中鋼,25,0,25,元大-八德,2024-11-19,9813
4532,瑞智,20,0,20,元大-八德,2024-11-19,9813
5515,建國,20,0,20,元大-八德,2024-11-19,9813
1301,台塑,19,0,19,元大-八德,2024-11-19,9813
4726,永昕,19,0,19,元大-八德,2024-11-19,9813
2884,玉山金,14,0,14,元大-八德,2024-11-19,9813
5243,乙盛-KY,19,5,14,元大-八德,2024-11-19,9813
3141,晶宏,14,1,13,元大-八德,2024-11-19,9813
6535,順藥,15,2,13,元大-八德,2024-11-19,9813
9921,巨大,11,0,11,元大-八德,2024-11-19,9813
2646,星宇航空,21,10,11,元大-八德,2024-11-19,9813
3081,聯亞,12,1,11,元大-八德,2024-11-19,9813
2929,淘帝-KY,10,0,10,元大-八德,2024-11-19,9813
3035,智原,12,2,10,元大-八德,2024-11-19,9813
6117,迎廣,10,0,10,元大-八德,2024-11-19,9813
3211,順達,10,0,10,元大-八德,2024-11-19,9813
2330,台積電,11,1,10,元大-八德,2024-11-19,9813
6285,啟��,9,0,9,元大-八德,2024-11-19,9813
2303,聯電,9,1,8,元大-八德,2024-11-19,9813
00960,野村全球航運龍頭,10,2,8,元大-八德,2024-11-19,9813
0056,元大高股息,9,2,7,元大-八德,2024-11-19,9813
8050,廣積,7,0,7,元大-八德,2024-11-19,9813
006208,富邦台50,6,0,6,元大-八德,2024-11-19,9813
5009,榮剛,6,0,6,元大-八德,2024-11-19,9813
00951,台新日本半導體,6,0,6,元大-八德,2024-11-19,9813
00931B,統一美債20年,6,0,6,元大-八德,2024-11-19,9813
00930,永豐ESG低碳高息,6,0,6,元大-八德,2024-11-19,9813
1802,台玻,6,0,6,元大-八德,2024-11-19,9813
2349,錸德,57,51,6,元大-八德,2024-11-19,9813
2393,億光,6,0,6,元大-八德,2024-11-19,9813
3078,僑威,6,0,6,元大-八德,2024-11-19,9813
4442,竣邦-KY,6,0,6,元大-八德,2024-11-19,9813
6788,華景電,6,0,6,元大-八德,2024-11-19,9813
5871,中租-KY,6,1,5,元大-八德,2024-11-19,9813
00933B,國泰10Y+金融債,5,0,5,元大-八德,2024-11-19,9813
00915,凱基優選高股息30,302,0,302,元大-八德,2024-11-20,9813
2354,鴻準,132,35,97,元大-八德,2024-11-20,9813
5515,建國,62,0,62,元大-八德,2024-11-20,9813
3706,神達,237,183,54,元大-八德,2024-11-20,9813
2031,新光鋼,50,0,50,元大-八德,2024-11-20,9813
00932,兆豐永續高息等權,40,0,40,元大-八德,2024-11-20,9813
2303,聯電,36,5,31,元大-八德,2024-11-20,9813
2069,運錩,31,0,31,元大-八德,2024-11-20,9813
6558,興能高,64,34,30,元大-八德,2024-11-20,9813
00918,大華優利高填息30,30,0,30,元大-八德,2024-11-20,9813
00921,兆豐龍頭等權重,30,0,30,元大-八德,2024-11-20,9813
00929,復華台灣科技優息,27,0,27,元大-八德,2024-11-20,9813
2302,麗正,27,0,27,元大-八德,2024-11-20,9813
00878,國泰永續高股息,30,3,27,元大-八德,2024-11-20,9813
2356,英業達,32,6,26,元大-八德,2024-11-20,9813
2449,京元電子,26,0,26,元大-八德,2024-11-20,9813
00950B,凱基A級公司債,25,0,25,元大-八德,2024-11-20,9813
1314,中石化,20,0,20,元大-八德,2024-11-20,9813
2413,環科,20,1,19,元大-八德,2024-11-20,9813
2460,建通,37,20,17,元大-八德,2024-11-20,9813
8050,廣積,15,0,15,元大-八德,2024-11-20,9813
00919,群益台灣精選高息,18,4,14,元大-八德,2024-11-20,9813
2882,國泰金,16,2,14,元大-八德,2024-11-20,9813
2349,錸德,109,96,13,元大-八德,2024-11-20,9813
00664R,國泰臺灣加權反1,13,0,13,元大-八德,2024-11-20,9813
2646,星宇航空,12,0,12,元大-八德,2024-11-20,9813
2885,元大金,12,0,12,元大-八德,2024-11-20,9813
2605,新興,15,4,11,元大-八德,2024-11-20,9813
3081,聯亞,53,42,11,元大-八德,2024-11-20,9813
3189,景碩,11,0,11,元大-八德,2024-11-20,9813
2105,正新,10,0,10,元大-八德,2024-11-20,9813
00959B,大華投等美債15Y+,10,0,10,元大-八德,2024-11-20,9813
2206,三陽工業,10,0,10,元大-八德,2024-11-20,9813
3024,憶聲,10,0,10,元大-八德,2024-11-20,9813
3481,群創,10,0,10,元大-八德,2024-11-20,9813
020035,元大上櫃ESG高息N,9,0,9,元大-八德,2024-11-20,9813
1220,台榮,10,1,9,元大-八德,2024-11-20,9813
4726,永昕,9,0,9,元大-八德,2024-11-20,9813
0056,元大高股息,8,0,8,元大-八德,2024-11-20,9813
6416,瑞祺電通,8,0,8,元大-八德,2024-11-20,9813
1536,和大,8,0,8,元大-八德,2024-11-20,9813
2633,台灣高鐵,12,4,8,元大-八德,2024-11-20,9813
4729,熒茂,21,13,8,元大-八德,2024-11-20,9813
5009,榮剛,8,0,8,元大-八德,2024-11-20,9813
5880,合庫金,8,0,8,元大-八德,2024-11-20,9813
2330,台積電,8,0,8,元大-八德,2024-11-20,9813
1303,南亞,7,0,7,元大-八德,2024-11-20,9813
2392,正崴,12,5,7,元大-八德,2024-11-20,9813
00631L,元大台灣50正2,6,0,6,元大-八德,2024-11-20,9813
00693U,期街口S＆P黃豆,6,0,6,元大-八德,2024-11-20,9813
00948B,中信優息投資級債,253,0,253,元大-八德,2024-11-21,9813
1815,富喬,244,29,215,元大-八德,2024-11-21,9813
1802,台玻,218,22,196,元大-八德,2024-11-21,9813
00960,野村全球航運龍頭,60,0,60,元大-八德,2024-11-21,9813
00665L,富邦�琤肭磪囓�2,50,0,50,元大-八德,2024-11-21,9813
2031,新光鋼,50,0,50,元大-八德,2024-11-21,9813
00919,群益台灣精選高息,39,5,34,元大-八德,2024-11-21,9813
00929,復華台灣科技優息,35,3,32,元大-八德,2024-11-21,9813
00878,國泰永續高股息,34,5,29,元大-八德,2024-11-21,9813
4956,光鋐,35,8,27,元大-八德,2024-11-21,9813
9105,泰金寶-DR,117,90,27,元大-八德,2024-11-21,9813
00950B,凱基A級公司債,25,0,25,元大-八德,2024-11-21,9813
2303,聯電,26,3,23,元大-八德,2024-11-21,9813
2882,國泰金,22,0,22,元大-八德,2024-11-21,9813
2405,輔信,21,0,21,元大-八德,2024-11-21,9813
5515,建國,20,0,20,元大-八德,2024-11-21,9813
00932,兆豐永續高息等權,19,0,19,元大-八德,2024-11-21,9813
2887,台新金,19,0,19,元大-八德,2024-11-21,9813
4726,永昕,19,0,19,元大-八德,2024-11-21,9813
2881,富邦金,19,0,19,元大-八德,2024-11-21,9813
3706,神達,168,150,18,元大-八德,2024-11-21,9813
2312,金寶,99,81,18,元大-八德,2024-11-21,9813
2204,中華,49,33,16,元大-八德,2024-11-21,9813
3033,威健,17,1,16,元大-八德,2024-11-21,9813
2383,台光電,24,8,16,元大-八德,2024-11-21,9813
2520,冠德,15,0,15,元大-八德,2024-11-21,9813
6023,元大期,15,0,15,元大-八德,2024-11-21,9813
2890,永豐金,13,0,13,元大-八德,2024-11-21,9813
2317,鴻海,23,11,12,元大-八德,2024-11-21,9813
9919,康那香,12,0,12,元大-八德,2024-11-21,9813
00937B,群益ESG投等債20,21,10,11,元大-八德,2024-11-21,9813
00907,永豐優息存股,11,0,11,元大-八德,2024-11-21,9813
2646,星宇航空,13,2,11,元大-八德,2024-11-21,9813
4577,達航科技,11,0,11,元大-八德,2024-11-21,9813
0056,元大高股息,12,2,10,元大-八德,2024-11-21,9813
2201,裕隆,10,0,10,元大-八德,2024-11-21,9813
4306,炎洲,10,0,10,元大-八德,2024-11-21,9813
006208,富邦台50,9,0,9,元大-八德,2024-11-21,9813
8046,南電,9,0,9,元大-八德,2024-11-21,9813
1595,川寶,9,0,9,元大-八德,2024-11-21,9813
5876,上海商銀,9,0,9,元大-八德,2024-11-21,9813
0050,元大台灣50,10,1,9,元大-八德,2024-11-21,9813
3017,奇鋐,12,4,8,元大-八德,2024-11-21,9813
6274,台燿,12,4,8,元大-八德,2024-11-21,9813
2474,可成,8,0,8,元大-八德,2024-11-21,9813
00637L,元大滬深300正2,10,2,8,元大-八德,2024-11-21,9813
2356,英業達,47,40,7,元大-八德,2024-11-21,9813
2886,兆豐金,7,0,7,元大-八德,2024-11-21,9813
2605,新興,19,12,7,元大-八德,2024-11-21,9813
3189,景碩,7,0,7,元大-八德,2024-11-21,9813
2104,國際中橡,111,0,111,元大-八德,2024-11-22,9813
2449,京元電子,113,7,106,元大-八德,2024-11-22,9813
00753L,中信中國50正2,241,150,91,元大-八德,2024-11-22,9813
00950B,凱基A級公司債,50,0,50,元大-八德,2024-11-22,9813
00953B,群益優選非投等債,50,0,50,元大-八德,2024-11-22,9813
2031,新光鋼,50,0,50,元大-八德,2024-11-22,9813
4956,光鋐,53,17,36,元大-八德,2024-11-22,9813
00650L,復華香港正2,30,0,30,元大-八德,2024-11-22,9813
00919,群益台灣精選高息,29,4,25,元大-八德,2024-11-22,9813
6139,亞翔,22,0,22,元大-八德,2024-11-22,9813
00679B,元大美債20年,25,5,20,元大-八德,2024-11-22,9813
00671R,富邦NASDAQ反1,20,0,20,元大-八德,2024-11-22,9813
1609,大亞,20,0,20,元大-八德,2024-11-22,9813
2615,萬海,51,32,19,元大-八德,2024-11-22,9813
00882,中信中國高股息,17,0,17,元大-八德,2024-11-22,9813
2867,三商壽,16,0,16,元大-八德,2024-11-22,9813
3211,順達,16,0,16,元大-八德,2024-11-22,9813
3323,加百裕,53,38,15,元大-八德,2024-11-22,9813
5515,建國,15,0,15,元大-八德,2024-11-22,9813
2610,華航,22,7,15,元大-八德,2024-11-22,9813
2605,新興,24,10,14,元大-八德,2024-11-22,9813
00937B,群益ESG投等債20,25,12,13,元大-八德,2024-11-22,9813
2609,陽明,36,25,11,元大-八德,2024-11-22,9813
2371,大同,28,17,11,元大-八德,2024-11-22,9813
6191,精成科,11,0,11,元大-八德,2024-11-22,9813
2002,中鋼,11,1,10,元大-八德,2024-11-22,9813
6538,倉和,10,0,10,元大-八德,2024-11-22,9813
5876,上海商銀,9,0,9,元大-八德,2024-11-22,9813
020023,元大櫃買半導體N,9,0,9,元大-八德,2024-11-22,9813
8038,長園科,10,1,9,元大-八德,2024-11-22,9813
2405,輔信,10,2,8,元大-八德,2024-11-22,9813
6535,順藥,7,0,7,元大-八德,2024-11-22,9813
2324,仁寶,8,1,7,元大-八德,2024-11-22,9813
3338,泰碩,7,0,7,元大-八德,2024-11-22,9813
00830,國泰費城半導體,6,0,6,元大-八德,2024-11-22,9813
00751B,元大AAA至A公司債,6,0,6,元大-八德,2024-11-22,9813
3511,矽瑪,24,18,6,元大-八德,2024-11-22,9813
8163,達方,14,8,6,元大-八德,2024-11-22,9813
2301,光寶科,10,4,6,元大-八德,2024-11-22,9813
00687B,國泰20年美債,6,0,6,元大-八德,2024-11-22,9813
2317,鴻海,10,5,5,元大-八德,2024-11-22,9813
00712,復華富時不動產,5,0,5,元大-八德,2024-11-22,9813
2885,元大金,5,0,5,元大-八德,2024-11-22,9813
3303,岱稜,5,0,5,元大-八德,2024-11-22,9813
4714,永捷,5,0,5,元大-八德,2024-11-22,9813
5315,光聯,6,1,5,元大-八德,2024-11-22,9813
5483,中美晶,5,0,5,元大-八德,2024-11-22,9813
6213,聯茂,9,4,5,元大-八德,2024-11-22,9813
3706,神達,128,124,4,元大-八德,2024-11-22,9813
2883,凱基金,5,1,4,元大-八德,2024-11-22,9813
1101,台泥,410,16,394,元大-八德,2024-11-25,9813
1611,中電,107,4,103,元大-八德,2024-11-25,9813
00637L,元大滬深300正2,124,32,92,元大-八德,2024-11-25,9813
3234,光環,70,1,69,元大-八德,2024-11-25,9813
2031,新光鋼,50,0,50,元大-八德,2024-11-25,9813
5515,建國,45,0,45,元大-八德,2024-11-25,9813
1721,三晃,32,2,30,元大-八德,2024-11-25,9813
2371,大同,25,1,24,元大-八德,2024-11-25,9813
2354,鴻準,115,92,23,元大-八德,2024-11-25,9813
3017,奇鋐,25,2,23,元大-八德,2024-11-25,9813
4729,熒茂,23,3,20,元大-八德,2024-11-25,9813
2603,長榮,21,2,19,元大-八德,2024-11-25,9813
3303,岱稜,20,1,19,元大-八德,2024-11-25,9813
00878,國泰永續高股息,31,14,17,元大-八德,2024-11-25,9813
5876,上海商銀,15,0,15,元大-八德,2024-11-25,9813
2615,萬海,52,37,15,元大-八德,2024-11-25,9813
1536,和大,19,5,14,元大-八德,2024-11-25,9813
2880,華南金,14,0,14,元大-八德,2024-11-25,9813
2609,陽明,27,14,13,元大-八德,2024-11-25,9813
5478,智冠,12,0,12,元大-八德,2024-11-25,9813
2605,新興,11,0,11,元大-八德,2024-11-25,9813
2885,元大金,11,0,11,元大-八德,2024-11-25,9813
8099,大世科,12,1,11,元大-八德,2024-11-25,9813
8028,昇陽半導體,42,31,11,元大-八德,2024-11-25,9813
00948B,中信優息投資級債,10,0,10,元大-八德,2024-11-25,9813
2618,長榮航,11,2,9,元大-八德,2024-11-25,9813
2028,威致,9,0,9,元大-八德,2024-11-25,9813
5347,世界,9,0,9,元大-八德,2024-11-25,9813
2344,華邦電,8,0,8,元大-八德,2024-11-25,9813
4979,華星光,26,19,7,元大-八德,2024-11-25,9813
2356,英業達,7,2,5,元大-八德,2024-11-25,9813
00950B,凱基A級公司債,5,0,5,元大-八德,2024-11-25,9813
00713,元大台灣高息低波,5,0,5,元大-八德,2024-11-25,9813
1563,巧新,13,8,5,元大-八德,2024-11-25,9813
3374,精材,7,2,5,元大-八德,2024-11-25,9813
2376,技嘉,8,4,4,元大-八德,2024-11-25,9813
8299,群聯,4,0,4,元大-八德,2024-11-25,9813
00887,永豐中國科技50大,4,0,4,元大-八德,2024-11-25,9813
2855,統一證,4,0,4,元大-八德,2024-11-25,9813
3515,華擎,6,2,4,元大-八德,2024-11-25,9813
3703,欣陸,4,0,4,元大-八德,2024-11-25,9813
3712,永崴投控,20,16,4,元大-八德,2024-11-25,9813
5315,光聯,7,3,4,元大-八德,2024-11-25,9813
6278,台表科,4,0,4,元大-八德,2024-11-25,9813
2330,台積電,4,0,4,元大-八德,2024-11-25,9813
6277,宏正,4,0,4,元大-八德,2024-11-25,9813
006208,富邦台50,5,2,3,元大-八德,2024-11-25,9813
8171,天宇,16,13,3,元大-八德,2024-11-25,9813
2022,聚亨,3,0,3,元大-八德,2024-11-25,9813
2347,聯強,3,0,3,元大-八德,2024-11-25,9813
6770,力積電,200,0,200,元大-八德,2024-11-26,9813
00919,群益台灣精選高息,67,0,67,元大-八德,2024-11-26,9813
00965,元大航太防衛科技,56,4,52,元大-八德,2024-11-26,9813
00929,復華台灣科技優息,57,5,52,元大-八德,2024-11-26,9813
2634,漢翔,53,1,52,元大-八德,2024-11-26,9813
2031,新光鋼,50,0,50,元大-八德,2024-11-26,9813
2330,台積電,42,2,40,元大-八德,2024-11-26,9813
2880,華南金,38,0,38,元大-八德,2024-11-26,9813
6962,ITH-KY,39,2,37,元大-八德,2024-11-26,9813
2233,宇隆,35,0,35,元大-八德,2024-11-26,9813
2460,建通,33,0,33,元大-八德,2024-11-26,9813
0056,元大高股息,32,0,32,元大-八德,2024-11-26,9813
2351,順德,31,1,30,元大-八德,2024-11-26,9813
2312,金寶,45,18,27,元大-八德,2024-11-26,9813
2002,中鋼,27,0,27,元大-八德,2024-11-26,9813
00753L,中信中國50正2,22,0,22,元大-八德,2024-11-26,9813
2890,永豐金,20,0,20,元大-八德,2024-11-26,9813
00665L,富邦�琤肭磪囓�2,20,0,20,元大-八德,2024-11-26,9813
2903,遠百,20,0,20,元大-八德,2024-11-26,9813
00878,國泰永續高股息,20,0,20,元大-八德,2024-11-26,9813
0050,元大台灣50,19,1,18,元大-八德,2024-11-26,9813
2419,仲琦,54,38,16,元大-八德,2024-11-26,9813
2615,萬海,16,0,16,元大-八德,2024-11-26,9813
2317,鴻海,44,29,15,元大-八德,2024-11-26,9813
3653,健策,15,2,13,元大-八德,2024-11-26,9813
00940,元大台灣價值高息,22,10,12,元大-八德,2024-11-26,9813
3260,威剛,12,0,12,元大-八德,2024-11-26,9813
3081,聯亞,11,0,11,元大-八德,2024-11-26,9813
2891,中信金,13,2,11,元大-八德,2024-11-26,9813
3706,神達,173,163,10,元大-八德,2024-11-26,9813
00892,富邦台灣半導體,10,0,10,元大-八德,2024-11-26,9813
5309,系統電,21,11,10,元大-八德,2024-11-26,9813
2882,國泰金,11,1,10,元大-八德,2024-11-26,9813
2316,楠梓電,10,0,10,元大-八德,2024-11-26,9813
2344,華邦電,16,6,10,元大-八德,2024-11-26,9813
3027,盛達,10,0,10,元大-八德,2024-11-26,9813
4726,永昕,10,0,10,元大-八德,2024-11-26,9813
6596,寬宏藝術,10,0,10,元大-八德,2024-11-26,9813
8404,百和興業-KY,10,0,10,元大-八德,2024-11-26,9813
00713,元大台灣高息低波,9,0,9,元大-八德,2024-11-26,9813
1708,東鹼,9,0,9,元大-八德,2024-11-26,9813
4442,竣邦-KY,8,0,8,元大-八德,2024-11-26,9813
00922,國泰台灣領袖50,7,0,7,元大-八德,2024-11-26,9813
2356,英業達,18,11,7,元大-八德,2024-11-26,9813
6426,統新,7,0,7,元大-八德,2024-11-26,9813
8044,網家,11,4,7,元大-八德,2024-11-26,9813
9904,寶成,8,1,7,元大-八德,2024-11-26,9813
020034,元大IC設計N,6,0,6,元大-八德,2024-11-26,9813
3703,欣陸,6,0,6,元大-八德,2024-11-26,9813
5478,智冠,6,0,6,元大-八德,2024-11-26,9813
00878,國泰永續高股息,85,0,85,元大-八德,2024-11-27,9813
00919,群益台灣精選高息,76,5,71,元大-八德,2024-11-27,9813
3231,緯創,78,10,68,元大-八德,2024-11-27,9813
2031,新光鋼,65,0,65,元大-八德,2024-11-27,9813
00929,復華台灣科技優息,63,0,63,元大-八德,2024-11-27,9813
00940,元大台灣價值高息,63,1,62,元大-八德,2024-11-27,9813
2069,運錩,51,0,51,元大-八德,2024-11-27,9813
0056,元大高股息,48,2,46,元大-八德,2024-11-27,9813
00965,元大航太防衛科技,36,0,36,元大-八德,2024-11-27,9813
2317,鴻海,57,23,34,元大-八德,2024-11-27,9813
2603,長榮,40,8,32,元大-八德,2024-11-27,9813
2609,陽明,63,32,31,元大-八德,2024-11-27,9813
2303,聯電,31,1,30,元大-八德,2024-11-27,9813
00665L,富邦�琤肭磪囓�2,30,0,30,元大-八德,2024-11-27,9813
4979,華星光,90,63,27,元大-八德,2024-11-27,9813
5426,振發,25,0,25,元大-八德,2024-11-27,9813
9105,泰金寶-DR,101,77,24,元大-八德,2024-11-27,9813
00915,凱基優選高股息30,23,0,23,元大-八德,2024-11-27,9813
2382,廣達,23,1,22,元大-八德,2024-11-27,9813
8163,達方,24,2,22,元大-八德,2024-11-27,9813
2884,玉山金,20,0,20,元大-八德,2024-11-27,9813
2101,南港,20,0,20,元大-八德,2024-11-27,9813
2104,國際中橡,20,0,20,元大-八德,2024-11-27,9813
3037,欣興,20,0,20,元大-八德,2024-11-27,9813
4766,南寶,20,0,20,元大-八德,2024-11-27,9813
5522,遠雄,20,0,20,元大-八德,2024-11-27,9813
2605,新興,20,1,19,元大-八德,2024-11-27,9813
2330,台積電,24,6,18,元大-八德,2024-11-27,9813
2324,仁寶,17,0,17,元大-八德,2024-11-27,9813
3545,敦泰,17,0,17,元大-八德,2024-11-27,9813
2615,萬海,29,14,15,元大-八德,2024-11-27,9813
0050,元大台灣50,17,3,14,元大-八德,2024-11-27,9813
00918,大華優利高填息30,14,0,14,元大-八德,2024-11-27,9813
2002,中鋼,12,0,12,元大-八德,2024-11-27,9813
4562,穎漢,38,26,12,元大-八德,2024-11-27,9813
2634,漢翔,22,10,12,元大-八德,2024-11-27,9813
6023,元大期,12,0,12,元大-八德,2024-11-27,9813
006208,富邦台50,11,0,11,元大-八德,2024-11-27,9813
2365,昆盈,10,0,10,元大-八德,2024-11-27,9813
2883,凱基金,10,0,10,元大-八德,2024-11-27,9813
5324,士開,10,0,10,元大-八德,2024-11-27,9813
2881,富邦金,10,0,10,元大-八德,2024-11-27,9813
00946,群益科技高息成長,9,0,9,元大-八德,2024-11-27,9813
3712,永崴投控,14,5,9,元大-八德,2024-11-27,9813
2426,鼎元,36,27,9,元大-八德,2024-11-27,9813
2489,瑞軒,8,0,8,元大-八德,2024-11-27,9813
2495,普安,13,5,8,元大-八德,2024-11-27,9813
2612,中航,8,0,8,元大-八德,2024-11-27,9813
3481,群創,8,0,8,元大-八德,2024-11-27,9813
4956,光鋐,11,3,8,元大-八德,2024-11-27,9813
6530,創威,663,1,662,元大-八德,2024-11-28,9813
00937B,群益ESG投等債20,105,8,97,元大-八德,2024-11-28,9813
00919,群益台灣精選高息,70,0,70,元大-八德,2024-11-28,9813
1451,年興,62,0,62,元大-八德,2024-11-28,9813
0056,元大高股息,62,1,61,元大-八德,2024-11-28,9813
4532,瑞智,60,0,60,元大-八德,2024-11-28,9813
2031,新光鋼,60,2,58,元大-八德,2024-11-28,9813
00940,元大台灣價值高息,51,0,51,元大-八德,2024-11-28,9813
5515,建國,40,0,40,元大-八德,2024-11-28,9813
00915,凱基優選高股息30,35,0,35,元大-八德,2024-11-28,9813
2352,佳世達,34,0,34,元大-八德,2024-11-28,9813
00929,復華台灣科技優息,32,1,31,元大-八德,2024-11-28,9813
4127,天良,32,1,31,元大-八德,2024-11-28,9813
00909,國泰數位支付服務,30,0,30,元大-八德,2024-11-28,9813
00932,兆豐永續高息等權,30,0,30,元大-八德,2024-11-28,9813
2303,聯電,30,3,27,元大-八德,2024-11-28,9813
2312,金寶,163,136,27,元大-八德,2024-11-28,9813
5328,華容,26,0,26,元大-八德,2024-11-28,9813
5880,合庫金,25,0,25,元大-八德,2024-11-28,9813
8040,九暘,23,0,23,元大-八德,2024-11-28,9813
2329,華泰,31,10,21,元大-八德,2024-11-28,9813
00753L,中信中國50正2,20,0,20,元大-八德,2024-11-28,9813
00665L,富邦�琤肭磪囓�2,20,0,20,元大-八德,2024-11-28,9813
1815,富喬,144,124,20,元大-八德,2024-11-28,9813
2903,遠百,20,0,20,元大-八德,2024-11-28,9813
5465,富驊,20,0,20,元大-八德,2024-11-28,9813
6213,聯茂,20,0,20,元大-八德,2024-11-28,9813
2317,鴻海,54,35,19,元大-八德,2024-11-28,9813
2332,友訊,35,16,19,元大-八德,2024-11-28,9813
8249,菱光,22,4,18,元大-八德,2024-11-28,9813
8163,達方,15,0,15,元大-八德,2024-11-28,9813
4510,高鋒,178,163,15,元大-八德,2024-11-28,9813
4726,永昕,13,0,13,元大-八德,2024-11-28,9813
4931,新盛力,27,14,13,元大-八德,2024-11-28,9813
8240,華宏,19,7,12,元大-八德,2024-11-28,9813
2344,華邦電,11,0,11,元大-八德,2024-11-28,9813
5353,台林,15,4,11,元大-八德,2024-11-28,9813
6023,元大期,11,0,11,元大-八德,2024-11-28,9813
00631L,元大台灣50正2,14,4,10,元大-八德,2024-11-28,9813
00946,群益科技高息成長,10,0,10,元大-八德,2024-11-28,9813
00891,中信關鍵半導體,10,0,10,元大-八德,2024-11-28,9813
00655L,國泰中國A50正2,10,0,10,元大-八德,2024-11-28,9813
00950B,凱基A級公司債,10,0,10,元大-八德,2024-11-28,9813
1802,台玻,31,21,10,元大-八德,2024-11-28,9813
3027,盛達,10,0,10,元大-八德,2024-11-28,9813
006208,富邦台50,10,0,10,元大-八德,2024-11-28,9813
2887,台新金,9,0,9,元大-八德,2024-11-28,9813
5309,系統電,40,31,9,元大-八德,2024-11-28,9813
00918,大華優利高填息30,16,8,8,元大-八德,2024-11-28,9813
00685L,群益臺灣加權正2,9,1,8,元大-八德,2024-11-28,9813
00680L,元大美債20正2,140,0,140,元大-八德,2024-11-29,9813
00950B,凱基A級公司債,120,0,120,元大-八德,2024-11-29,9813
2354,鴻準,165,58,107,元大-八德,2024-11-29,9813
1802,台玻,105,15,90,元大-八德,2024-11-29,9813
9105,泰金寶-DR,110,45,65,元大-八德,2024-11-29,9813
00915,凱基優選高股息30,60,0,60,元大-八德,2024-11-29,9813
00887,永豐中國科技50大,50,0,50,元大-八德,2024-11-29,9813
2031,新光鋼,50,0,50,元大-八德,2024-11-29,9813
00937B,群益ESG投等債20,37,3,34,元大-八德,2024-11-29,9813
2408,南亞科,30,0,30,元大-八德,2024-11-29,9813
00878,國泰永續高股息,30,2,28,元大-八德,2024-11-29,9813
3013,晟銘電,32,6,26,元大-八德,2024-11-29,9813
5328,華容,42,18,24,元大-八德,2024-11-29,9813
4726,永昕,30,7,23,元大-八德,2024-11-29,9813
1815,富喬,52,33,19,元大-八德,2024-11-29,9813
5284,jpp-KY,19,0,19,元大-八德,2024-11-29,9813
3706,神達,124,107,17,元大-八德,2024-11-29,9813
6117,迎廣,20,3,17,元大-八德,2024-11-29,9813
00637L,元大滬深300正2,15,0,15,元大-八德,2024-11-29,9813
0056,元大高股息,19,4,15,元大-八德,2024-11-29,9813
2615,萬海,22,8,14,元大-八德,2024-11-29,9813
4127,天良,14,0,14,元大-八德,2024-11-29,9813
1301,台塑,11,0,11,元大-八德,2024-11-29,9813
2002,中鋼,15,4,11,元大-八德,2024-11-29,9813
6873,泓德能源,12,1,11,元大-八德,2024-11-29,9813
2881,富邦金,12,1,11,元大-八德,2024-11-29,9813
00919,群益台灣精選高息,10,0,10,元大-八德,2024-11-29,9813
3017,奇鋐,10,0,10,元大-八德,2024-11-29,9813
00650L,復華香港正2,10,0,10,元大-八德,2024-11-29,9813
2641,正德,10,0,10,元大-八德,2024-11-29,9813
6177,達麗,10,0,10,元大-八德,2024-11-29,9813
2312,金寶,30,20,10,元大-八德,2024-11-29,9813
1451,年興,9,0,9,元大-八德,2024-11-29,9813
8042,金山電,64,55,9,元大-八德,2024-11-29,9813
5880,合庫金,9,0,9,元大-八德,2024-11-29,9813
2330,台積電,12,4,8,元大-八德,2024-11-29,9813
2230,泰茂,10,2,8,元大-八德,2024-11-29,9813
00929,復華台灣科技優息,8,1,7,元大-八德,2024-11-29,9813
00960,野村全球航運龍頭,7,0,7,元大-八德,2024-11-29,9813
2337,旺宏,7,0,7,元大-八德,2024-11-29,9813
3162,精確,10,3,7,元大-八德,2024-11-29,9813
2317,鴻海,10,3,7,元大-八德,2024-11-29,9813
00930,永豐ESG低碳高息,6,0,6,元大-八德,2024-11-29,9813
1402,遠東新,6,0,6,元大-八德,2024-11-29,9813
3141,晶宏,7,1,6,元大-八德,2024-11-29,9813
4105,東洋,6,0,6,元大-八德,2024-11-29,9813
4971,IET-KY,9,3,6,元大-八德,2024-11-29,9813
8926,台汽電,6,0,6,元大-八德,2024-11-29,9813
2618,長榮航,7,2,5,元大-八德,2024-11-29,9813
6757,台灣虎航,12,7,5,元大-八德,2024-11-29,9813
5521,工信,100,0,100,元大-八德,2024-12-02,9813
00918,大華優利高填息30,99,0,99,元大-八德,2024-12-02,9813
2609,陽明,97,9,88,元大-八德,2024-12-02,9813
2312,金寶,87,14,73,元大-八德,2024-12-02,9813
1451,年興,60,0,60,元大-八德,2024-12-02,9813
2031,新光鋼,55,0,55,元大-八德,2024-12-02,9813
1802,台玻,55,4,51,元大-八德,2024-12-02,9813
2615,萬海,53,5,48,元大-八德,2024-12-02,9813
1522,堤維西,27,0,27,元大-八德,2024-12-02,9813
5465,富驊,20,0,20,元大-八德,2024-12-02,9813
9921,巨大,20,0,20,元大-八德,2024-12-02,9813
3162,精確,19,0,19,元大-八德,2024-12-02,9813
5328,華容,84,67,17,元大-八德,2024-12-02,9813
3450,聯鈞,45,29,16,元大-八德,2024-12-02,9813
3708,上緯投控,15,0,15,元大-八德,2024-12-02,9813
6535,順藥,19,4,15,元大-八德,2024-12-02,9813
2317,鴻海,20,6,14,元大-八德,2024-12-02,9813
00915,凱基優選高股息30,14,0,14,元大-八德,2024-12-02,9813
3037,欣興,13,0,13,元大-八德,2024-12-02,9813
6651,全宇昕,13,0,13,元大-八德,2024-12-02,9813
00632R,元大台灣50反1,12,0,12,元大-八德,2024-12-02,9813
3591,艾笛森,12,0,12,元大-八德,2024-12-02,9813
4510,高鋒,30,18,12,元大-八德,2024-12-02,9813
9907,統一實,12,0,12,元大-八德,2024-12-02,9813
00679B,元大美債20年,24,13,11,元大-八德,2024-12-02,9813
2641,正德,11,0,11,元大-八德,2024-12-02,9813
6139,亞翔,11,1,10,元大-八德,2024-12-02,9813
2337,旺宏,10,0,10,元大-八德,2024-12-02,9813
2852,第一保,10,0,10,元大-八德,2024-12-02,9813
3323,加百裕,128,118,10,元大-八德,2024-12-02,9813
8086,宏捷科,15,5,10,元大-八德,2024-12-02,9813
2344,華邦電,9,0,9,元大-八德,2024-12-02,9813
3511,矽瑪,9,0,9,元大-八德,2024-12-02,9813
5244,弘凱,28,19,9,元大-八德,2024-12-02,9813
00887,永豐中國科技50大,10,1,9,元大-八德,2024-12-02,9813
1101,台泥,10,2,8,元大-八德,2024-12-02,9813
2002,中鋼,8,0,8,元大-八德,2024-12-02,9813
0050,元大台灣50,10,3,7,元大-八德,2024-12-02,9813
5880,合庫金,7,0,7,元大-八德,2024-12-02,9813
00642U,期元大S＆P石油,6,0,6,元大-八德,2024-12-02,9813
3004,豐達科,6,0,6,元大-八德,2024-12-02,9813
4931,新盛力,7,1,6,元大-八德,2024-12-02,9813
5284,jpp-KY,6,0,6,元大-八德,2024-12-02,9813
5876,上海商銀,6,0,6,元大-八德,2024-12-02,9813
6257,矽格,6,0,6,元大-八德,2024-12-02,9813
00637L,元大滬深300正2,7,1,6,元大-八德,2024-12-02,9813
00713,元大台灣高息低波,6,0,6,元大-八德,2024-12-02,9813
8016,矽創,5,0,5,元大-八德,2024-12-02,9813
3548,兆利,6,1,5,元大-八德,2024-12-02,9813
3189,景碩,5,0,5,元大-八德,2024-12-02,9813
00918,大華優利高填息30,286,3,283,元大-八德,2024-12-03,9813
00680L,元大美債20正2,210,45,165,元大-八德,2024-12-03,9813
00642U,期元大S＆P石油,106,0,106,元大-八德,2024-12-03,9813
5515,建國,45,0,45,元大-八德,2024-12-03,9813
2031,新光鋼,40,0,40,元大-八德,2024-12-03,9813
00753L,中信中國50正2,30,0,30,元大-八德,2024-12-03,9813
00919,群益台灣精選高息,34,6,28,元大-八德,2024-12-03,9813
2472,立隆電,28,1,27,元大-八德,2024-12-03,9813
3450,聯鈞,58,33,25,元大-八德,2024-12-03,9813
4714,永捷,24,0,24,元大-八德,2024-12-03,9813
2405,輔信,22,0,22,元大-八德,2024-12-03,9813
1314,中石化,20,0,20,元大-八德,2024-12-03,9813
4989,榮科,19,0,19,元大-八德,2024-12-03,9813
00713,元大台灣高息低波,18,0,18,元大-八德,2024-12-03,9813
3380,明泰,20,3,17,元大-八德,2024-12-03,9813
6788,華景電,17,0,17,元大-八德,2024-12-03,9813
6213,聯茂,16,0,16,元大-八德,2024-12-03,9813
1102,亞泥,15,1,14,元大-八德,2024-12-03,9813
2426,鼎元,15,1,14,元大-八德,2024-12-03,9813
6530,創威,18,5,13,元大-八德,2024-12-03,9813
6104,創惟,18,5,13,元大-八德,2024-12-03,9813
3338,泰碩,16,5,11,元大-八德,2024-12-03,9813
2303,聯電,11,1,10,元大-八德,2024-12-03,9813
2345,智邦,10,0,10,元大-八德,2024-12-03,9813
00881,國泰台灣5G+,10,0,10,元大-八德,2024-12-03,9813
00688L,國泰20年美債正2,10,0,10,元大-八德,2024-12-03,9813
1451,年興,10,0,10,元大-八德,2024-12-03,9813
2069,運錩,11,1,10,元大-八德,2024-12-03,9813
2371,大同,10,0,10,元大-八德,2024-12-03,9813
2402,毅嘉,10,0,10,元大-八德,2024-12-03,9813
2501,國建,10,0,10,元大-八德,2024-12-03,9813
3689,湧德,13,3,10,元大-八德,2024-12-03,9813
6799,來頡,10,0,10,元大-八德,2024-12-03,9813
2312,金寶,41,33,8,元大-八德,2024-12-03,9813
3257,虹冠電,8,0,8,元大-八德,2024-12-03,9813
2609,陽明,18,10,8,元大-八德,2024-12-03,9813
4979,華星光,65,58,7,元大-八德,2024-12-03,9813
2382,廣達,9,2,7,元大-八德,2024-12-03,9813
6962,ITH-KY,6,0,6,元大-八德,2024-12-03,9813
2388,威盛,15,9,6,元大-八德,2024-12-03,9813
3362,先進光,6,0,6,元大-八德,2024-12-03,9813
6451,訊芯-KY,6,0,6,元大-八德,2024-12-03,9813
6664,群翊,6,0,6,元大-八德,2024-12-03,9813
8358,金居,6,0,6,元大-八德,2024-12-03,9813
00655L,國泰中國A50正2,5,0,5,元大-八德,2024-12-03,9813
00720B,元大投資級公司債,5,0,5,元大-八德,2024-12-03,9813
00953B,群益優選非投等債,5,0,5,元大-八德,2024-12-03,9813
1467,南緯,5,0,5,元大-八德,2024-12-03,9813
1721,三晃,5,0,5,元大-八德,2024-12-03,9813
2204,中華,5,0,5,元大-八德,2024-12-03,9813
2354,鴻準,290,65,225,元大-八德,2024-12-04,9813
5515,建國,105,0,105,元大-八德,2024-12-04,9813
00953B,群益優選非投等債,90,0,90,元大-八德,2024-12-04,9813
2891,中信金,82,5,77,元大-八德,2024-12-04,9813
00697B,元大美債7-10,54,0,54,元大-八德,2024-12-04,9813
2031,新光鋼,50,0,50,元大-八德,2024-12-04,9813
3025,星通,46,4,42,元大-八德,2024-12-04,9813
00687B,國泰20年美債,42,7,35,元大-八德,2024-12-04,9813
3450,聯鈞,75,41,34,元大-八德,2024-12-04,9813
00950B,凱基A級公司債,32,0,32,元大-八德,2024-12-04,9813
3360,尚立,30,0,30,元大-八德,2024-12-04,9813
3706,神達,150,122,28,元大-八德,2024-12-04,9813
4956,光鋐,32,7,25,元大-八德,2024-12-04,9813
6104,創惟,36,13,23,元大-八德,2024-12-04,9813
2069,運錩,21,0,21,元大-八德,2024-12-04,9813
3593,力銘,20,0,20,元大-八德,2024-12-04,9813
00679B,元大美債20年,27,8,19,元大-八德,2024-12-04,9813
2303,聯電,20,2,18,元大-八德,2024-12-04,9813
3689,湧德,18,1,17,元大-八德,2024-12-04,9813
00887,永豐中國科技50大,16,0,16,元大-八德,2024-12-04,9813
3323,加百裕,48,32,16,元大-八德,2024-12-04,9813
00713,元大台灣高息低波,16,1,15,元大-八德,2024-12-04,9813
2345,智邦,15,0,15,元大-八德,2024-12-04,9813
2641,正德,15,0,15,元大-八德,2024-12-04,9813
2419,仲琦,15,1,14,元大-八德,2024-12-04,9813
3548,兆利,21,7,14,元大-八德,2024-12-04,9813
2371,大同,13,0,13,元大-八德,2024-12-04,9813
2317,鴻海,47,35,12,元大-八德,2024-12-04,9813
1201,味全,12,0,12,元大-八德,2024-12-04,9813
8028,昇陽半導體,16,4,12,元大-八德,2024-12-04,9813
4912,聯德控股-KY,13,1,12,元大-八德,2024-12-04,9813
2392,正崴,23,12,11,元大-八德,2024-12-04,9813
1303,南亞,12,1,11,元大-八德,2024-12-04,9813
4123,晟德,11,0,11,元大-八德,2024-12-04,9813
3622,洋華,10,0,10,元大-八德,2024-12-04,9813
4127,天良,10,0,10,元大-八德,2024-12-04,9813
6415,矽力*-KY,10,0,10,元大-八德,2024-12-04,9813
3665,貿聯-KY,11,1,10,元大-八德,2024-12-04,9813
00933B,國泰10Y+金融債,9,0,9,元大-八德,2024-12-04,9813
6757,台灣虎航,11,2,9,元大-八德,2024-12-04,9813
1591,駿吉-KY,8,0,8,元大-八德,2024-12-04,9813
5465,富驊,11,3,8,元大-八德,2024-12-04,9813
3693,營邦,7,0,7,元大-八德,2024-12-04,9813
1721,三晃,7,0,7,元大-八德,2024-12-04,9813
2504,國產,7,0,7,元大-八德,2024-12-04,9813
6546,正基,13,6,7,元大-八德,2024-12-04,9813
2474,可成,7,1,6,元大-八德,2024-12-04,9813
8069,元太,6,0,6,元大-八德,2024-12-04,9813
2605,新興,6,0,6,元大-八德,2024-12-04,9813
8171,天宇,6,0,6,元大-八德,2024-12-04,9813
1815,富喬,345,160,185,元大-八德,2024-12-05,9813
2354,鴻準,380,222,158,元大-八德,2024-12-05,9813
4908,前鼎,111,6,105,元大-八德,2024-12-05,9813
00953B,群益優選非投等債,60,0,60,元大-八德,2024-12-05,9813
2031,新光鋼,50,0,50,元大-八德,2024-12-05,9813
2392,正崴,61,11,50,元大-八德,2024-12-05,9813
00950B,凱基A級公司債,37,0,37,元大-八德,2024-12-05,9813
1721,三晃,34,0,34,元大-八德,2024-12-05,9813
2609,陽明,31,0,31,元大-八德,2024-12-05,9813
2368,金像電,38,10,28,元大-八德,2024-12-05,9813
4919,新唐,44,23,21,元大-八德,2024-12-05,9813
4714,永捷,20,0,20,元大-八德,2024-12-05,9813
6163,華電網,22,2,20,元大-八德,2024-12-05,9813
00646,元大S＆P500,19,0,19,元大-八德,2024-12-05,9813
0056,元大高股息,20,2,18,元大-八德,2024-12-05,9813
00887,永豐中國科技50大,18,0,18,元大-八德,2024-12-05,9813
00919,群益台灣精選高息,25,8,17,元大-八德,2024-12-05,9813
00909,國泰數位支付服務,17,0,17,元大-八德,2024-12-05,9813
3090,日電貿,24,8,16,元大-八德,2024-12-05,9813
2002,中鋼,13,0,13,元大-八德,2024-12-05,9813
00712,復華富時不動產,12,0,12,元大-八德,2024-12-05,9813
2363,矽統,13,1,12,元大-八德,2024-12-05,9813
2369,菱生,12,0,12,元大-八德,2024-12-05,9813
6742,澤米,13,1,12,元大-八德,2024-12-05,9813
3035,智原,11,0,11,元大-八德,2024-12-05,9813
2329,華泰,10,0,10,元大-八德,2024-12-05,9813
3715,定穎投控,10,0,10,元大-八德,2024-12-05,9813
4966,譜瑞-KY,10,0,10,元大-八德,2024-12-05,9813
6538,倉和,10,0,10,元大-八德,2024-12-05,9813
8926,台汽電,10,0,10,元大-八德,2024-12-05,9813
1301,台塑,9,0,9,元大-八德,2024-12-05,9813
6127,九豪,10,1,9,元大-八德,2024-12-05,9813
00952,凱基台灣AI50,8,0,8,元大-八德,2024-12-05,9813
2646,星宇航空,9,1,8,元大-八德,2024-12-05,9813
2472,立隆電,19,12,7,元大-八德,2024-12-05,9813
4912,聯德控股-KY,7,0,7,元大-八德,2024-12-05,9813
4956,光鋐,11,4,7,元大-八德,2024-12-05,9813
2375,凱美,14,7,7,元大-八德,2024-12-05,9813
2371,大同,10,4,6,元大-八德,2024-12-05,9813
2641,正德,6,0,6,元大-八德,2024-12-05,9813
6218,豪勉,6,0,6,元大-八德,2024-12-05,9813
6788,華景電,6,0,6,元大-八德,2024-12-05,9813
2303,聯電,5,0,5,元大-八德,2024-12-05,9813
2615,萬海,25,20,5,元大-八德,2024-12-05,9813
3211,順達,13,8,5,元大-八德,2024-12-05,9813
2027,大成鋼,5,0,5,元大-八德,2024-12-05,9813
006208,富邦台50,8,3,5,元大-八德,2024-12-05,9813
1609,大亞,6,1,5,元大-八德,2024-12-05,9813
2444,兆勁,5,0,5,元大-八德,2024-12-05,9813
3043,科風,5,0,5,元大-八德,2024-12-05,9813
00953B,群益優選非投等債,1006,0,1006,元大-八德,2024-12-06,9813
2354,鴻準,463,130,333,元大-八德,2024-12-06,9813
2534,宏盛,147,0,147,元大-八德,2024-12-06,9813
00665L,富邦�琤肭磪囓�2,72,0,72,元大-八德,2024-12-06,9813
2337,旺宏,55,3,52,元大-八德,2024-12-06,9813
5521,工信,50,0,50,元大-八德,2024-12-06,9813
3706,神達,145,103,42,元大-八德,2024-12-06,9813
00951,台新日本半導體,38,0,38,元大-八德,2024-12-06,9813
00940,元大台灣價值高息,43,10,33,元大-八德,2024-12-06,9813
00909,國泰數位支付服務,31,0,31,元大-八德,2024-12-06,9813
2031,新光鋼,30,0,30,元大-八德,2024-12-06,9813
3450,聯鈞,34,5,29,元大-八德,2024-12-06,9813
00753L,中信中國50正2,30,5,25,元大-八德,2024-12-06,9813
00679B,元大美債20年,23,1,22,元大-八德,2024-12-06,9813
2316,楠梓電,20,0,20,元大-八德,2024-12-06,9813
5498,凱崴,20,0,20,元大-八德,2024-12-06,9813
8085,福華,20,0,20,元大-八德,2024-12-06,9813
1815,富喬,21,2,19,元大-八德,2024-12-06,9813
2610,華航,26,7,19,元大-八德,2024-12-06,9813
1301,台塑,17,0,17,元大-八德,2024-12-06,9813
00919,群益台灣精選高息,16,0,16,元大-八德,2024-12-06,9813
020027,元大上櫃ESG成長N,15,0,15,元大-八德,2024-12-06,9813
2317,鴻海,22,8,14,元大-八德,2024-12-06,9813
00900,富邦特選高股息30,12,0,12,元大-八德,2024-12-06,9813
3025,星通,15,3,12,元大-八德,2024-12-06,9813
3653,健策,13,1,12,元大-八德,2024-12-06,9813
5465,富驊,12,0,12,元大-八德,2024-12-06,9813
1303,南亞,11,0,11,元大-八德,2024-12-06,9813
4979,華星光,19,8,11,元大-八德,2024-12-06,9813
00937B,群益ESG投等債20,16,6,10,元大-八德,2024-12-06,9813
00933B,國泰10Y+金融債,10,0,10,元大-八德,2024-12-06,9813
1467,南緯,10,0,10,元大-八德,2024-12-06,9813
2399,映泰,20,10,10,元大-八德,2024-12-06,9813
2929,淘帝-KY,10,0,10,元大-八德,2024-12-06,9813
3062,建漢,10,0,10,元大-八德,2024-12-06,9813
3563,牧德,10,0,10,元大-八德,2024-12-06,9813
6142,友勁,10,0,10,元大-八德,2024-12-06,9813
2455,全新,11,1,10,元大-八德,2024-12-06,9813
00642U,期元大S＆P石油,9,0,9,元大-八德,2024-12-06,9813
020040,元大上櫃ESG龍頭N,9,0,9,元大-八德,2024-12-06,9813
9933,中鼎,9,0,9,元大-八德,2024-12-06,9813
5607,遠雄港,10,1,9,元大-八德,2024-12-06,9813
2618,長榮航,9,0,9,元大-八德,2024-12-06,9813
1528,恩德,8,0,8,元大-八德,2024-12-06,9813
2356,英業達,11,3,8,元大-八德,2024-12-06,9813
6505,台塑化,8,0,8,元大-八德,2024-12-06,9813
2486,一詮,16,8,8,元大-八德,2024-12-06,9813
00637L,元大滬深300正2,10,3,7,元大-八德,2024-12-06,9813
00962,台新AI優息動能,7,0,7,元大-八德,2024-12-06,9813
1595,川寶,15,8,7,元大-八德,2024-12-06,9813
2534,宏盛,96,0,96,元大-八德,2024-12-09,9813
00918,大華優利高填息30,91,9,82,元大-八德,2024-12-09,9813
4532,瑞智,70,0,70,元大-八德,2024-12-09,9813
5521,工信,38,0,38,元大-八德,2024-12-09,9813
6462,神盾,50,12,38,元大-八德,2024-12-09,9813
2609,陽明,347,309,38,元大-八德,2024-12-09,9813
00687B,國泰20年美債,90,54,36,元大-八德,2024-12-09,9813
00713,元大台灣高息低波,34,2,32,元大-八德,2024-12-09,9813
2615,萬海,88,58,30,元大-八德,2024-12-09,9813
2031,新光鋼,30,0,30,元大-八德,2024-12-09,9813
2317,鴻海,30,4,26,元大-八德,2024-12-09,9813
00953B,群益優選非投等債,22,0,22,元大-八德,2024-12-09,9813
2636,台驊控股,22,1,21,元大-八德,2024-12-09,9813
2354,鴻準,35,14,21,元大-八德,2024-12-09,9813
2542,興富發,22,1,21,元大-八德,2024-12-09,9813
5536,聖暉*,21,0,21,元大-八德,2024-12-09,9813
2436,偉詮電,26,7,19,元大-八德,2024-12-09,9813
6962,ITH-KY,18,0,18,元大-八德,2024-12-09,9813
2033,佳大,17,0,17,元大-八德,2024-12-09,9813
9934,成霖,17,0,17,元大-八德,2024-12-09,9813
00915,凱基優選高股息30,16,0,16,元大-八德,2024-12-09,9813
5244,弘凱,18,2,16,元大-八德,2024-12-09,9813
00878,國泰永續高股息,22,6,16,元大-八德,2024-12-09,9813
2449,京元電子,19,4,15,元大-八德,2024-12-09,9813
4543,萬在,15,0,15,元大-八德,2024-12-09,9813
1539,巨庭,15,0,15,元大-八德,2024-12-09,9813
5864,致和證,15,0,15,元大-八德,2024-12-09,9813
2890,永豐金,15,2,13,元大-八德,2024-12-09,9813
1802,台玻,14,2,12,元大-八德,2024-12-09,9813
2002,中鋼,12,0,12,元大-八德,2024-12-09,9813
3013,晟銘電,24,12,12,元大-八德,2024-12-09,9813
00967B,元大優息美債,11,0,11,元大-八德,2024-12-09,9813
8926,台汽電,11,0,11,元大-八德,2024-12-09,9813
1313,聯成,10,0,10,元大-八德,2024-12-09,9813
2236,百達-KY,10,0,10,元大-八德,2024-12-09,9813
4542,科嶠,10,0,10,元大-八德,2024-12-09,9813
5202,力新,10,0,10,元大-八德,2024-12-09,9813
9921,巨大,10,0,10,元大-八德,2024-12-09,9813
00907,永豐優息存股,9,0,9,元大-八德,2024-12-09,9813
1815,富喬,15,6,9,元大-八德,2024-12-09,9813
8085,福華,9,0,9,元大-八德,2024-12-09,9813
3029,零壹,24,15,9,元大-八德,2024-12-09,9813
2369,菱生,8,0,8,元大-八德,2024-12-09,9813
2429,銘旺科,8,0,8,元大-八德,2024-12-09,9813
3088,艾訊,11,3,8,元大-八德,2024-12-09,9813
3162,精確,8,0,8,元大-八德,2024-12-09,9813
8054,安國,11,3,8,元大-八德,2024-12-09,9813
2883,凱基金,10,2,8,元大-八德,2024-12-09,9813
3715,定穎投控,33,25,8,元大-八德,2024-12-09,9813
8210,勤誠,8,0,8,元大-八德,2024-12-09,9813
2354,鴻準,121,20,101,元大-八德,2024-12-10,9813
1802,台玻,112,13,99,元大-八德,2024-12-10,9813
0056,元大高股息,74,0,74,元大-八德,2024-12-10,9813
00940,元大台灣價值高息,82,10,72,元大-八德,2024-12-10,9813
3706,神達,190,123,67,元大-八德,2024-12-10,9813
00687B,國泰20年美債,74,12,62,元大-八德,2024-12-10,9813
9105,泰金寶-DR,55,0,55,元大-八德,2024-12-10,9813
00753L,中信中國50正2,104,53,51,元大-八德,2024-12-10,9813
3162,精確,50,0,50,元大-八德,2024-12-10,9813
00679B,元大美債20年,42,1,41,元大-八德,2024-12-10,9813
00918,大華優利高填息30,39,0,39,元大-八德,2024-12-10,9813
6535,順藥,36,4,32,元大-八德,2024-12-10,9813
2618,長榮航,37,11,26,元大-八德,2024-12-10,9813
00878,國泰永續高股息,22,0,22,元大-八德,2024-12-10,9813
1467,南緯,22,0,22,元大-八德,2024-12-10,9813
00637L,元大滬深300正2,164,143,21,元大-八德,2024-12-10,9813
2426,鼎元,20,0,20,元大-八德,2024-12-10,9813
2031,新光鋼,20,0,20,元大-八德,2024-12-10,9813
3231,緯創,22,4,18,元大-八德,2024-12-10,9813
2317,鴻海,30,12,18,元大-八德,2024-12-10,9813
2356,英業達,16,0,16,元大-八德,2024-12-10,9813
9934,成霖,15,0,15,元大-八德,2024-12-10,9813
2449,京元電子,25,12,13,元大-八德,2024-12-10,9813
6274,台燿,34,21,13,元大-八德,2024-12-10,9813
2610,華航,16,4,12,元大-八德,2024-12-10,9813
00965,元大航太防衛科技,11,0,11,元大-八德,2024-12-10,9813
2534,宏盛,11,0,11,元大-八德,2024-12-10,9813
3004,豐達科,11,0,11,元大-八德,2024-12-10,9813
00688L,國泰20年美債正2,10,0,10,元大-八德,2024-12-10,9813
5515,建國,10,0,10,元大-八德,2024-12-10,9813
2890,永豐金,10,1,9,元大-八德,2024-12-10,9813
00933B,國泰10Y+金融債,10,1,9,元大-八德,2024-12-10,9813
3450,聯鈞,14,5,9,元大-八德,2024-12-10,9813
8096,擎亞,10,1,9,元大-八德,2024-12-10,9813
9933,中鼎,9,0,9,元大-八德,2024-12-10,9813
00655L,國泰中國A50正2,8,0,8,元大-八德,2024-12-10,9813
2382,廣達,9,1,8,元大-八德,2024-12-10,9813
4931,新盛力,9,2,7,元大-八德,2024-12-10,9813
00680L,元大美債20正2,7,0,7,元大-八德,2024-12-10,9813
5202,力新,36,29,7,元大-八德,2024-12-10,9813
6962,ITH-KY,7,0,7,元大-八德,2024-12-10,9813
4977,眾達-KY,10,3,7,元大-八德,2024-12-10,9813
00929,復華台灣科技優息,28,23,5,元大-八德,2024-12-10,9813
3035,智原,5,0,5,元大-八德,2024-12-10,9813
00752,中信中國50,36,31,5,元大-八德,2024-12-10,9813
1313,聯成,5,0,5,元大-八德,2024-12-10,9813
2641,正德,5,0,5,元大-八德,2024-12-10,9813
3260,威剛,6,1,5,元大-八德,2024-12-10,9813
5438,東友,21,16,5,元大-八德,2024-12-10,9813
00646,元大S＆P500,4,0,4,元大-八德,2024-12-10,9813
1802,台玻,106,18,88,元大-八德,2024-12-11,9813
00637L,元大滬深300正2,51,4,47,元大-八德,2024-12-11,9813
2534,宏盛,44,0,44,元大-八德,2024-12-11,9813
00753L,中信中國50正2,90,50,40,元大-八德,2024-12-11,9813
2543,皇昌,40,0,40,元大-八德,2024-12-11,9813
9105,泰金寶-DR,87,47,40,元大-八德,2024-12-11,9813
00919,群益台灣精選高息,46,8,38,元大-八德,2024-12-11,9813
3019,亞光,47,10,37,元大-八德,2024-12-11,9813
2031,新光鋼,31,0,31,元大-八德,2024-12-11,9813
00887,永豐中國科技50大,30,0,30,元大-八德,2024-12-11,9813
00680L,元大美債20正2,30,1,29,元大-八德,2024-12-11,9813
00918,大華優利高填息30,29,0,29,元大-八德,2024-12-11,9813
00937B,群益ESG投等債20,29,1,28,元大-八德,2024-12-11,9813
6005,群益證,33,6,27,元大-八德,2024-12-11,9813
2317,鴻海,32,6,26,元大-八德,2024-12-11,9813
3715,定穎投控,24,1,23,元大-八德,2024-12-11,9813
2382,廣達,22,0,22,元大-八德,2024-12-11,9813
2312,金寶,48,26,22,元大-八德,2024-12-11,9813
00878,國泰永續高股息,23,1,22,元大-八德,2024-12-11,9813
3062,建漢,20,0,20,元大-八德,2024-12-11,9813
4989,榮科,20,0,20,元大-八德,2024-12-11,9813
3017,奇鋐,22,3,19,元大-八德,2024-12-11,9813
2354,鴻準,28,9,19,元大-八德,2024-12-11,9813
00635U,期元大S＆P黃金,16,0,16,元大-八德,2024-12-11,9813
00655L,國泰中國A50正2,16,0,16,元大-八德,2024-12-11,9813
1326,台化,16,0,16,元大-八德,2024-12-11,9813
2610,華航,17,2,15,元大-八德,2024-12-11,9813
0056,元大高股息,25,11,14,元大-八德,2024-12-11,9813
00929,復華台灣科技優息,13,0,13,元大-八德,2024-12-11,9813
6530,創威,13,0,13,元大-八德,2024-12-11,9813
00900,富邦特選高股息30,12,0,12,元大-八德,2024-12-11,9813
1220,台榮,13,1,12,元大-八德,2024-12-11,9813
3141,晶宏,20,8,12,元大-八德,2024-12-11,9813
2344,華邦電,12,0,12,元大-八德,2024-12-11,9813
00946,群益科技高息成長,11,0,11,元大-八德,2024-12-11,9813
2337,旺宏,12,1,11,元大-八德,2024-12-11,9813
2885,元大金,12,1,11,元大-八德,2024-12-11,9813
3024,憶聲,11,0,11,元大-八德,2024-12-11,9813
3211,順達,18,7,11,元大-八德,2024-12-11,9813
00933B,國泰10Y+金融債,10,0,10,元大-八德,2024-12-11,9813
00967B,元大優息美債,10,0,10,元大-八德,2024-12-11,9813
1611,中電,10,0,10,元大-八德,2024-12-11,9813
2641,正德,10,0,10,元大-八德,2024-12-11,9813
6023,元大期,10,0,10,元大-八德,2024-12-11,9813
2401,凌陽,16,7,9,元大-八德,2024-12-11,9813
6214,精誠,25,16,9,元大-八德,2024-12-11,9813
6426,統新,12,3,9,元大-八德,2024-12-11,9813
6770,力積電,8,0,8,元大-八德,2024-12-11,9813
00931B,統一美債20年,8,0,8,元大-八德,2024-12-11,9813
00940,元大台灣價值高息,11,3,8,元大-八德,2024-12-11,9813
00687B,國泰20年美債,100,0,100,元大-八德,2024-12-12,9813
00688L,國泰20年美債正2,100,0,100,元大-八德,2024-12-12,9813
3591,艾笛森,48,0,48,元大-八德,2024-12-12,9813
2354,鴻準,63,16,47,元大-八德,2024-12-12,9813
2002,中鋼,37,0,37,元大-八德,2024-12-12,9813
00937B,群益ESG投等債20,43,7,36,元大-八德,2024-12-12,9813
2317,鴻海,38,6,32,元大-八德,2024-12-12,9813
00950B,凱基A級公司債,31,0,31,元大-八德,2024-12-12,9813
2031,新光鋼,30,0,30,元大-八德,2024-12-12,9813
1326,台化,27,0,27,元大-八德,2024-12-12,9813
2014,中鴻,23,0,23,元大-八德,2024-12-12,9813
00665L,富邦�琤肭磪囓�2,23,1,22,元大-八德,2024-12-12,9813
00643,群益深証中小,20,0,20,元大-八德,2024-12-12,9813
00680L,元大美債20正2,20,0,20,元大-八德,2024-12-12,9813
00959B,大華投等美債15Y+,20,0,20,元大-八德,2024-12-12,9813
2884,玉山金,20,0,20,元大-八德,2024-12-12,9813
4991,環宇-KY,46,27,19,元大-八德,2024-12-12,9813
1301,台塑,20,1,19,元大-八德,2024-12-12,9813
2449,京元電子,17,2,15,元大-八德,2024-12-12,9813
4442,竣邦-KY,14,0,14,元大-八德,2024-12-12,9813
3363,上詮,22,9,13,元大-八德,2024-12-12,9813
1475,業旺,13,0,13,元大-八德,2024-12-12,9813
2636,台驊控股,13,0,13,元大-八德,2024-12-12,9813
1522,堤維西,23,11,12,元大-八德,2024-12-12,9813
00918,大華優利高填息30,12,0,12,元大-八德,2024-12-12,9813
1504,東元,11,0,11,元大-八德,2024-12-12,9813
3607,谷崧,11,0,11,元大-八德,2024-12-12,9813
3231,緯創,14,4,10,元大-八德,2024-12-12,9813
00933B,國泰10Y+金融債,10,0,10,元大-八德,2024-12-12,9813
00671R,富邦NASDAQ反1,10,0,10,元大-八德,2024-12-12,9813
00945B,凱基美國非投等債,10,0,10,元大-八德,2024-12-12,9813
1313,聯成,10,0,10,元大-八德,2024-12-12,9813
2329,華泰,12,2,10,元大-八德,2024-12-12,9813
2464,盟立,10,0,10,元大-八德,2024-12-12,9813
2915,潤泰全,10,0,10,元大-八德,2024-12-12,9813
9935,慶豐富,10,0,10,元大-八德,2024-12-12,9813
2618,長榮航,78,68,10,元大-八德,2024-12-12,9813
1524,耿鼎,15,6,9,元大-八德,2024-12-12,9813
4931,新盛力,13,5,8,元大-八德,2024-12-12,9813
020040,元大上櫃ESG龍頭N,8,0,8,元大-八德,2024-12-12,9813
3450,聯鈞,30,22,8,元大-八德,2024-12-12,9813
3029,零壹,30,22,8,元大-八德,2024-12-12,9813
1303,南亞,7,0,7,元大-八德,2024-12-12,9813
5236,凌陽創新,8,1,7,元大-八德,2024-12-12,9813
8027,鈦昇,13,6,7,元大-八德,2024-12-12,9813
2610,華航,39,32,7,元大-八德,2024-12-12,9813
6706,惠特,6,0,6,元大-八德,2024-12-12,9813
00958B,永豐ESG銀行債15,6,0,6,元大-八德,2024-12-12,9813
00960,野村全球航運龍頭,8,2,6,元大-八德,2024-12-12,9813
2027,大成鋼,6,0,6,元大-八德,2024-12-12,9813
2354,鴻準,157,8,149,元大-八德,2024-12-13,9813
00918,大華優利高填息30,139,0,139,元大-八德,2024-12-13,9813
2609,陽明,207,102,105,元大-八德,2024-12-13,9813
00915,凱基優選高股息30,103,0,103,元大-八德,2024-12-13,9813
00919,群益台灣精選高息,87,0,87,元大-八德,2024-12-13,9813
9105,泰金寶-DR,226,147,79,元大-八德,2024-12-13,9813
00687B,國泰20年美債,71,0,71,元大-八德,2024-12-13,9813
00933B,國泰10Y+金融債,70,0,70,元大-八德,2024-12-13,9813
00937B,群益ESG投等債20,66,10,56,元大-八德,2024-12-13,9813
3694,海華,56,1,55,元大-八德,2024-12-13,9813
00688L,國泰20年美債正2,50,0,50,元大-八德,2024-12-13,9813
2883,凱基金,51,2,49,元大-八德,2024-12-13,9813
2615,萬海,52,3,49,元大-八德,2024-12-13,9813
1815,富喬,66,18,48,元大-八德,2024-12-13,9813
00637L,元大滬深300正2,55,10,45,元大-八德,2024-12-13,9813
2031,新光鋼,40,0,40,元大-八德,2024-12-13,9813
2312,金寶,32,2,30,元大-八德,2024-12-13,9813
3380,明泰,30,0,30,元大-八德,2024-12-13,9813
2408,南亞科,30,1,29,元大-八德,2024-12-13,9813
3141,晶宏,26,0,26,元大-八德,2024-12-13,9813
2002,中鋼,24,0,24,元大-八德,2024-12-13,9813
00940,元大台灣價值高息,24,0,24,元大-八德,2024-12-13,9813
2353,宏��,24,0,24,元大-八德,2024-12-13,9813
3081,聯亞,35,11,24,元大-八德,2024-12-13,9813
0056,元大高股息,22,0,22,元大-八德,2024-12-13,9813
6426,統新,22,0,22,元大-八德,2024-12-13,9813
2543,皇昌,23,1,22,元大-八德,2024-12-13,9813
00713,元大台灣高息低波,21,0,21,元大-八德,2024-12-13,9813
3029,零壹,34,14,20,元大-八德,2024-12-13,9813
2027,大成鋼,20,0,20,元大-八德,2024-12-13,9813
2457,飛宏,20,0,20,元大-八德,2024-12-13,9813
3296,勝德,22,2,20,元大-八德,2024-12-13,9813
2317,鴻海,33,13,20,元大-八德,2024-12-13,9813
2618,長榮航,54,35,19,元大-八德,2024-12-13,9813
6505,台塑化,17,0,17,元大-八德,2024-12-13,9813
1319,東陽,16,0,16,元大-八德,2024-12-13,9813
1313,聯成,16,0,16,元大-八德,2024-12-13,9813
00679B,元大美債20年,16,1,15,元大-八德,2024-12-13,9813
00950B,凱基A級公司債,15,0,15,元大-八德,2024-12-13,9813
1475,業旺,15,0,15,元大-八德,2024-12-13,9813
2636,台驊控股,15,0,15,元大-八德,2024-12-13,9813
5515,建國,15,0,15,元大-八德,2024-12-13,9813
2892,第一金,13,0,13,元大-八德,2024-12-13,9813
5278,尚凡*,13,0,13,元大-八德,2024-12-13,9813
8085,福華,13,0,13,元大-八德,2024-12-13,9813
3481,群創,33,21,12,元大-八德,2024-12-13,9813
00878,國泰永續高股息,11,0,11,元大-八德,2024-12-13,9813
2534,宏盛,11,0,11,元大-八德,2024-12-13,9813
1326,台化,10,0,10,元大-八德,2024-12-13,9813
00725B,國泰投資級公司債,10,0,10,元大-八德,2024-12-13,9813
00679B,元大美債20年,585,0,585,元大-八德,2024-12-16,9813
00937B,群益ESG投等債20,181,0,181,元大-八德,2024-12-16,9813
00933B,國泰10Y+金融債,88,0,88,元大-八德,2024-12-16,9813
2002,中鋼,71,3,68,元大-八德,2024-12-16,9813
5515,建國,52,0,52,元大-八德,2024-12-16,9813
2317,鴻海,65,22,43,元大-八德,2024-12-16,9813
00919,群益台灣精選高息,42,2,40,元大-八德,2024-12-16,9813
2031,新光鋼,40,0,40,元大-八德,2024-12-16,9813
00687B,國泰20年美債,31,0,31,元大-八德,2024-12-16,9813
3033,威健,30,0,30,元大-八德,2024-12-16,9813
00940,元大台灣價值高息,29,0,29,元大-八德,2024-12-16,9813
00878,國泰永續高股息,38,10,28,元大-八德,2024-12-16,9813
006208,富邦台50,46,23,23,元大-八德,2024-12-16,9813
00918,大華優利高填息30,22,0,22,元大-八德,2024-12-16,9813
00959B,大華投等美債15Y+,20,0,20,元大-八德,2024-12-16,9813
5864,致和證,20,0,20,元大-八德,2024-12-16,9813
8249,菱光,29,10,19,元大-八德,2024-12-16,9813
2449,京元電子,38,20,18,元大-八德,2024-12-16,9813
0056,元大高股息,13,0,13,元大-八德,2024-12-16,9813
2313,華通,21,8,13,元大-八德,2024-12-16,9813
1326,台化,12,0,12,元大-八德,2024-12-16,9813
3013,晟銘電,11,0,11,元大-八德,2024-12-16,9813
2408,南亞科,15,4,11,元大-八德,2024-12-16,9813
2603,長榮,11,0,11,元大-八德,2024-12-16,9813
00929,復華台灣科技優息,16,5,11,元大-八德,2024-12-16,9813
1802,台玻,13,2,11,元大-八德,2024-12-16,9813
2230,泰茂,11,0,11,元大-八德,2024-12-16,9813
00712,復華富時不動產,10,0,10,元大-八德,2024-12-16,9813
00690,兆豐藍籌30,10,0,10,元大-八德,2024-12-16,9813
1536,和大,15,5,10,元大-八德,2024-12-16,9813
2371,大同,12,2,10,元大-八德,2024-12-16,9813
2801,彰銀,10,0,10,元大-八德,2024-12-16,9813
6426,統新,10,0,10,元大-八德,2024-12-16,9813
4979,華星光,33,24,9,元大-八德,2024-12-16,9813
1313,聯成,9,0,9,元大-八德,2024-12-16,9813
3564,其陽,9,0,9,元大-八德,2024-12-16,9813
8111,立��,11,2,9,元大-八德,2024-12-16,9813
2374,佳能,61,53,8,元大-八德,2024-12-16,9813
5871,中租-KY,8,0,8,元大-八德,2024-12-16,9813
2359,所羅門,28,20,8,元大-八德,2024-12-16,9813
2646,星宇航空,11,3,8,元大-八德,2024-12-16,9813
00946,群益科技高息成長,8,0,8,元大-八德,2024-12-16,9813
2363,矽統,7,0,7,元大-八德,2024-12-16,9813
2637,慧洋-KY,7,0,7,元大-八德,2024-12-16,9813
5278,尚凡*,7,0,7,元大-八德,2024-12-16,9813
1301,台塑,7,1,6,元大-八德,2024-12-16,9813
2618,長榮航,11,5,6,元大-八德,2024-12-16,9813
3706,神達,60,54,6,元大-八德,2024-12-16,9813
6451,訊芯-KY,6,0,6,元大-八德,2024-12-16,9813
3376,新日興,6,0,6,元大-八德,2024-12-16,9813
00687B,國泰20年美債,106,0,106,元大-八德,2024-12-17,9813
1326,台化,45,1,44,元大-八德,2024-12-17,9813
2883,凱基金,43,0,43,元大-八德,2024-12-17,9813
3013,晟銘電,41,1,40,元大-八德,2024-12-17,9813
2031,新光鋼,40,0,40,元大-八德,2024-12-17,9813
00915,凱基優選高股息30,38,0,38,元大-八德,2024-12-17,9813
2355,敬鵬,32,0,32,元大-八德,2024-12-17,9813
3481,群創,35,7,28,元大-八德,2024-12-17,9813
3706,神達,51,27,24,元大-八德,2024-12-17,9813
2317,鴻海,27,4,23,元大-八德,2024-12-17,9813
00751B,元大AAA至A公司債,23,0,23,元大-八德,2024-12-17,9813
6179,亞通,23,0,23,元大-八德,2024-12-17,9813
8249,菱光,36,14,22,元大-八德,2024-12-17,9813
6535,順藥,25,3,22,元大-八德,2024-12-17,9813
2230,泰茂,22,1,21,元大-八德,2024-12-17,9813
5263,智崴,21,0,21,元大-八德,2024-12-17,9813
3059,華晶科,20,0,20,元大-八德,2024-12-17,9813
2609,陽明,28,8,20,元大-八德,2024-12-17,9813
2062,橋椿,31,14,17,元大-八德,2024-12-17,9813
00713,元大台灣高息低波,16,0,16,元大-八德,2024-12-17,9813
00909,國泰數位支付服務,16,0,16,元大-八德,2024-12-17,9813
2449,京元電子,18,3,15,元大-八德,2024-12-17,9813
00967B,元大優息美債,14,0,14,元大-八德,2024-12-17,9813
2534,宏盛,14,0,14,元大-八德,2024-12-17,9813
3231,緯創,27,14,13,元大-八德,2024-12-17,9813
2890,永豐金,13,0,13,元大-八德,2024-12-17,9813
00665L,富邦�琤肭磪囓�2,12,0,12,元大-八德,2024-12-17,9813
00918,大華優利高填息30,12,0,12,元大-八德,2024-12-17,9813
9105,泰金寶-DR,336,324,12,元大-八德,2024-12-17,9813
2382,廣達,11,0,11,元大-八德,2024-12-17,9813
2329,華泰,10,0,10,元大-八德,2024-12-17,9813
8374,羅昇,24,14,10,元大-八德,2024-12-17,9813
2330,台積電,13,4,9,元大-八德,2024-12-17,9813
2486,一詮,31,22,9,元大-八德,2024-12-17,9813
6188,廣明,12,3,9,元大-八德,2024-12-17,9813
2002,中鋼,9,1,8,元大-八德,2024-12-17,9813
00937B,群益ESG投等債20,58,50,8,元大-八德,2024-12-17,9813
00878,國泰永續高股息,18,10,8,元大-八德,2024-12-17,9813
2881,富邦金,7,0,7,元大-八德,2024-12-17,9813
1301,台塑,6,0,6,元大-八德,2024-12-17,9813
00948B,中信優息投資級債,6,0,6,元大-八德,2024-12-17,9813
5880,合庫金,6,0,6,元大-八德,2024-12-17,9813
2014,中鴻,6,0,6,元大-八德,2024-12-17,9813
2882,國泰金,7,1,6,元大-八德,2024-12-17,9813
2915,潤泰全,6,0,6,元大-八德,2024-12-17,9813
4974,亞泰,7,1,6,元大-八德,2024-12-17,9813
8047,星雲,6,0,6,元大-八德,2024-12-17,9813
2885,元大金,7,1,6,元大-八德,2024-12-17,9813
5871,中租-KY,6,0,6,元大-八德,2024-12-17,9813
2409,友達,6,1,5,元大-八德,2024-12-17,9813
2618,長榮航,118,15,103,元大-八德,2024-12-18,9813
00918,大華優利高填息30,59,0,59,元大-八德,2024-12-18,9813
4991,環宇-KY,66,20,46,元大-八德,2024-12-18,9813
00680L,元大美債20正2,41,0,41,元大-八德,2024-12-18,9813
3231,緯創,38,3,35,元大-八德,2024-12-18,9813
6770,力積電,35,1,34,元大-八德,2024-12-18,9813
00712,復華富時不動產,31,0,31,元大-八德,2024-12-18,9813
00937B,群益ESG投等債20,31,0,31,元大-八德,2024-12-18,9813
2031,新光鋼,30,0,30,元大-八德,2024-12-18,9813
9105,泰金寶-DR,84,61,23,元大-八德,2024-12-18,9813
00687B,國泰20年美債,22,0,22,元大-八德,2024-12-18,9813
2543,皇昌,22,1,21,元大-八德,2024-12-18,9813
00919,群益台灣精選高息,32,12,20,元大-八德,2024-12-18,9813
2337,旺宏,20,0,20,元大-八德,2024-12-18,9813
4576,大銀微系統,23,3,20,元大-八德,2024-12-18,9813
4726,永昕,20,0,20,元大-八德,2024-12-18,9813
2641,正德,19,0,19,元大-八德,2024-12-18,9813
2382,廣達,19,1,18,元大-八德,2024-12-18,9813
2605,新興,17,0,17,元大-八德,2024-12-18,9813
2887,台新金,21,4,17,元大-八德,2024-12-18,9813
6535,順藥,18,1,17,元大-八德,2024-12-18,9813
6505,台塑化,22,5,17,元大-八德,2024-12-18,9813
3029,零壹,47,30,17,元大-八德,2024-12-18,9813
5515,建國,15,0,15,元大-八德,2024-12-18,9813
2049,上銀,34,19,15,元大-八德,2024-12-18,9813
2617,台航,13,0,13,元大-八德,2024-12-18,9813
1785,光洋科,12,0,12,元大-八德,2024-12-18,9813
2534,宏盛,12,0,12,元大-八德,2024-12-18,9813
2885,元大金,11,0,11,元大-八德,2024-12-18,9813
4977,眾達-KY,12,1,11,元大-八德,2024-12-18,9813
1815,富喬,84,74,10,元大-八德,2024-12-18,9813
4979,華星光,20,10,10,元大-八德,2024-12-18,9813
1101,台泥,12,2,10,元大-八德,2024-12-18,9813
00967B,元大優息美債,10,0,10,元大-八德,2024-12-18,9813
2367,燿華,10,0,10,元大-八德,2024-12-18,9813
6116,彩晶,10,0,10,元大-八德,2024-12-18,9813
6191,精成科,10,0,10,元大-八德,2024-12-18,9813
6426,統新,10,0,10,元大-八德,2024-12-18,9813
3665,貿聯-KY,9,0,9,元大-八德,2024-12-18,9813
6416,瑞祺電通,8,0,8,元大-八德,2024-12-18,9813
2449,京元電子,13,5,8,元大-八德,2024-12-18,9813
2330,台積電,15,7,8,元大-八德,2024-12-18,9813
2392,正崴,9,1,8,元大-八德,2024-12-18,9813
00713,元大台灣高息低波,7,0,7,元大-八德,2024-12-18,9813
2365,昆盈,7,0,7,元大-八德,2024-12-18,9813
4958,臻鼎-KY,15,8,7,元大-八德,2024-12-18,9813
2883,凱基金,6,0,6,元大-八德,2024-12-18,9813
0056,元大高股息,10,4,6,元大-八德,2024-12-18,9813
2388,威盛,6,0,6,元大-八德,2024-12-18,9813
2707,晶華,6,0,6,元大-八德,2024-12-18,9813
00937B,群益ESG投等債20,505,0,505,元大-八德,2024-12-19,9813
0056,元大高股息,121,0,121,元大-八德,2024-12-19,9813
00966B,統一ESG投等債15,100,0,100,元大-八德,2024-12-19,9813
9105,泰金寶-DR,334,250,84,元大-八德,2024-12-19,9813
2031,新光鋼,70,0,70,元大-八德,2024-12-19,9813
00679B,元大美債20年,74,10,64,元大-八德,2024-12-19,9813
00919,群益台灣精選高息,64,0,64,元大-八德,2024-12-19,9813
00933B,國泰10Y+金融債,60,0,60,元大-八德,2024-12-19,9813
5439,高技,52,2,50,元大-八德,2024-12-19,9813
6188,廣明,53,8,45,元大-八德,2024-12-19,9813
2317,鴻海,41,3,38,元大-八德,2024-12-19,9813
00878,國泰永續高股息,51,15,36,元大-八德,2024-12-19,9813
00918,大華優利高填息30,41,5,36,元大-八德,2024-12-19,9813
2882,國泰金,36,0,36,元大-八德,2024-12-19,9813
2883,凱基金,35,0,35,元大-八德,2024-12-19,9813
00687B,國泰20年美債,72,40,32,元大-八德,2024-12-19,9813
3211,順達,37,6,31,元大-八德,2024-12-19,9813
5388,中磊,33,3,30,元大-八德,2024-12-19,9813
2359,所羅門,55,31,24,元大-八德,2024-12-19,9813
2881,富邦金,24,1,23,元大-八德,2024-12-19,9813
6411,晶焱,23,0,23,元大-八德,2024-12-19,9813
3481,群創,22,0,22,元大-八德,2024-12-19,9813
2618,長榮航,126,104,22,元大-八德,2024-12-19,9813
00664R,國泰臺灣加權反1,20,0,20,元大-八德,2024-12-19,9813
5515,建國,20,0,20,元大-八德,2024-12-19,9813
6558,興能高,62,42,20,元大-八德,2024-12-19,9813
2886,兆豐金,20,0,20,元大-八德,2024-12-19,9813
2367,燿華,21,2,19,元大-八德,2024-12-19,9813
2880,華南金,18,0,18,元大-八德,2024-12-19,9813
2845,遠東銀,17,0,17,元大-八德,2024-12-19,9813
2233,宇隆,18,2,16,元大-八德,2024-12-19,9813
2408,南亞科,18,2,16,元大-八德,2024-12-19,9813
00712,復華富時不動產,15,0,15,元大-八德,2024-12-19,9813
1467,南緯,15,0,15,元大-八德,2024-12-19,9813
2637,慧洋-KY,15,1,14,元大-八德,2024-12-19,9813
1721,三晃,15,1,14,元大-八德,2024-12-19,9813
2345,智邦,18,4,14,元大-八德,2024-12-19,9813
2374,佳能,75,62,13,元大-八德,2024-12-19,9813
00950B,凱基A級公司債,13,0,13,元大-八德,2024-12-19,9813
3019,亞光,81,68,13,元大-八德,2024-12-19,9813
2303,聯電,15,3,12,元大-八德,2024-12-19,9813
6285,啟��,35,23,12,元大-八德,2024-12-19,9813
00670L,富邦NASDAQ正2,12,0,12,元大-八德,2024-12-19,9813
00795B,中信美國公債20年,11,0,11,元大-八德,2024-12-19,9813
00945B,凱基美國非投等債,11,0,11,元大-八德,2024-12-19,9813
1504,東元,11,0,11,元大-八德,2024-12-19,9813
3715,定穎投控,27,16,11,元大-八德,2024-12-19,9813
006208,富邦台50,14,3,11,元大-八德,2024-12-19,9813
5880,合庫金,10,0,10,元大-八德,2024-12-19,9813
2885,元大金,11,1,10,元大-八德,2024-12-19,9813
