Ticker,Name,buy,sell,diff,Branch,Date,Branch_Code
4979,華星光,104,9,95,元大-東泰,2023-01-03,9817
2634,漢翔,51,2,49,元大-東泰,2023-01-03,9817
4167,松瑞藥,38,0,38,元大-東泰,2023-01-03,9817
2609,陽明,46,14,32,元大-東泰,2023-01-03,9817
2104,國際中橡,32,0,32,元大-東泰,2023-01-03,9817
5009,榮剛,34,5,29,元大-東泰,2023-01-03,9817
4960,誠美材,30,2,28,元大-東泰,2023-01-03,9817
00893,國泰智能電動車,28,6,22,元大-東泰,2023-01-03,9817
3508,位速,24,3,21,元大-東泰,2023-01-03,9817
00712,復華富時不動產,20,0,20,元大-東泰,2023-01-03,9817
4153,鈺緯,21,1,20,元大-東泰,2023-01-03,9817
2007,燁興,20,0,20,元大-東泰,2023-01-03,9817
2929,淘帝-KY,15,0,15,元大-東泰,2023-01-03,9817
2892,第一金,18,4,14,元大-東泰,2023-01-03,9817
1605,華新,107,93,14,元大-東泰,2023-01-03,9817
2612,中航,12,0,12,元大-東泰,2023-01-03,9817
6244,茂迪,14,3,11,元大-東泰,2023-01-03,9817
3035,智原,14,3,11,元大-東泰,2023-01-03,9817
2603,長榮,12,2,10,元大-東泰,2023-01-03,9817
00679B,元大美債20年,12,2,10,元大-東泰,2023-01-03,9817
1444,力麗,10,0,10,元大-東泰,2023-01-03,9817
00648R,元大S＆P500反1,10,0,10,元大-東泰,2023-01-03,9817
3339,泰谷,10,0,10,元大-東泰,2023-01-03,9817
1726,永記,10,0,10,元大-東泰,2023-01-03,9817
00878,國泰永續高股息,44,35,9,元大-東泰,2023-01-03,9817
2867,三商壽,9,0,9,元大-東泰,2023-01-03,9817
3049,精金,9,0,9,元大-東泰,2023-01-03,9817
2412,中華電,13,4,9,元大-東泰,2023-01-03,9817
2723,美食-KY,39,31,8,元大-東泰,2023-01-03,9817
8033,雷虎,8,0,8,元大-東泰,2023-01-03,9817
00720B,元大投資級公司債,7,0,7,元大-東泰,2023-01-03,9817
3576,聯合再生,10,3,7,元大-東泰,2023-01-03,9817
4102,永日,9,2,7,元大-東泰,2023-01-03,9817
4924,欣厚-KY,7,0,7,元大-東泰,2023-01-03,9817
1101,台泥,8,2,6,元大-東泰,2023-01-03,9817
00701,國泰股利精選30,6,0,6,元大-東泰,2023-01-03,9817
6290,良維,6,0,6,元大-東泰,2023-01-03,9817
4162,智擎,7,1,6,元大-東泰,2023-01-03,9817
4130,健亞,6,0,6,元大-東泰,2023-01-03,9817
2614,東森,18,12,6,元大-東泰,2023-01-03,9817
8227,巨有科技,6,0,6,元大-東泰,2023-01-03,9817
2615,萬海,51,45,6,元大-東泰,2023-01-03,9817
5536,聖暉*,5,0,5,元大-東泰,2023-01-03,9817
5392,能率,5,0,5,元大-東泰,2023-01-03,9817
2606,裕民,5,0,5,元大-東泰,2023-01-03,9817
8936,國統,5,0,5,元大-東泰,2023-01-03,9817
1734,杏輝,13,8,5,元大-東泰,2023-01-03,9817
2352,佳世達,5,0,5,元大-東泰,2023-01-03,9817
1760,寶齡富錦,24,19,5,元大-東泰,2023-01-03,9817
4743,合一,4,0,4,元大-東泰,2023-01-03,9817
4979,華星光,64,4,60,元大-東泰,2023-01-04,9817
4111,濟生,59,0,59,元大-東泰,2023-01-04,9817
2317,鴻海,63,11,52,元大-東泰,2023-01-04,9817
1701,中化,62,18,44,元大-東泰,2023-01-04,9817
00893,國泰智能電動車,42,0,42,元大-東泰,2023-01-04,9817
2609,陽明,53,11,42,元大-東泰,2023-01-04,9817
2002,中鋼,72,34,38,元大-東泰,2023-01-04,9817
2104,國際中橡,41,5,36,元大-東泰,2023-01-04,9817
00632R,元大台灣50反1,50,20,30,元大-東泰,2023-01-04,9817
00715L,期街口布蘭特正2,30,0,30,元大-東泰,2023-01-04,9817
1609,大亞,48,20,28,元大-東泰,2023-01-04,9817
8046,南電,27,1,26,元大-東泰,2023-01-04,9817
3481,群創,32,6,26,元大-東泰,2023-01-04,9817
1506,正道,25,0,25,元大-東泰,2023-01-04,9817
2603,長榮,23,0,23,元大-東泰,2023-01-04,9817
3037,欣興,26,8,18,元大-東泰,2023-01-04,9817
4114,健喬,18,2,16,元大-東泰,2023-01-04,9817
2886,兆豐金,19,4,15,元大-東泰,2023-01-04,9817
8429,金麗-KY,15,0,15,元大-東泰,2023-01-04,9817
2641,正德,22,9,13,元大-東泰,2023-01-04,9817
2007,燁興,13,0,13,元大-東泰,2023-01-04,9817
2610,華航,23,11,12,元大-東泰,2023-01-04,9817
4121,優盛,12,0,12,元大-東泰,2023-01-04,9817
2439,美律,11,0,11,元大-東泰,2023-01-04,9817
1432,大魯閣,11,0,11,元大-東泰,2023-01-04,9817
3406,玉晶光,12,1,11,元大-東泰,2023-01-04,9817
3576,聯合再生,13,3,10,元大-東泰,2023-01-04,9817
2617,台航,10,0,10,元大-東泰,2023-01-04,9817
00648R,元大S＆P500反1,10,0,10,元大-東泰,2023-01-04,9817
2359,所羅門,10,0,10,元大-東泰,2023-01-04,9817
6235,華孚,19,10,9,元大-東泰,2023-01-04,9817
00878,國泰永續高股息,11,3,8,元大-東泰,2023-01-04,9817
6191,精成科,8,0,8,元大-東泰,2023-01-04,9817
4167,松瑞藥,64,56,8,元大-東泰,2023-01-04,9817
8050,廣積,8,0,8,元大-東泰,2023-01-04,9817
00902,中信電池及儲能,8,0,8,元大-東泰,2023-01-04,9817
6176,瑞儀,7,0,7,元大-東泰,2023-01-04,9817
1319,東陽,10,3,7,元大-東泰,2023-01-04,9817
3189,景碩,7,0,7,元大-東泰,2023-01-04,9817
6285,啟��,11,4,7,元大-東泰,2023-01-04,9817
1795,美時,9,3,6,元大-東泰,2023-01-04,9817
6233,旺玖,6,0,6,元大-東泰,2023-01-04,9817
4919,新唐,30,24,6,元大-東泰,2023-01-04,9817
6514,芮特-KY,6,0,6,元大-東泰,2023-01-04,9817
8021,尖點,6,0,6,元大-東泰,2023-01-04,9817
2038,海光,10,4,6,元大-東泰,2023-01-04,9817
4123,晟德,6,0,6,元大-東泰,2023-01-04,9817
2206,三陽工業,6,0,6,元大-東泰,2023-01-04,9817
0056,元大高股息,6,0,6,元大-東泰,2023-01-04,9817
9802,鈺齊-KY,5,0,5,元大-東泰,2023-01-04,9817
00634R,富邦上証反1,100,0,100,元大-東泰,2023-01-05,9817
00680L,元大美債20正2,50,0,50,元大-東泰,2023-01-05,9817
4919,新唐,35,0,35,元大-東泰,2023-01-05,9817
00772B,中信高評級公司債,31,0,31,元大-東泰,2023-01-05,9817
3481,群創,33,3,30,元大-東泰,2023-01-05,9817
1464,得力,30,0,30,元大-東泰,2023-01-05,9817
6244,茂迪,29,1,28,元大-東泰,2023-01-05,9817
2609,陽明,33,7,26,元大-東泰,2023-01-05,9817
9945,潤泰新,40,15,25,元大-東泰,2023-01-05,9817
3545,敦泰,22,1,21,元大-東泰,2023-01-05,9817
2104,國際中橡,26,5,21,元大-東泰,2023-01-05,9817
00631L,元大台灣50正2,20,0,20,元大-東泰,2023-01-05,9817
4111,濟生,20,0,20,元大-東泰,2023-01-05,9817
3027,盛達,23,3,20,元大-東泰,2023-01-05,9817
2317,鴻海,22,3,19,元大-東泰,2023-01-05,9817
6443,元晶,18,3,15,元大-東泰,2023-01-05,9817
1314,中石化,19,5,14,元大-東泰,2023-01-05,9817
6180,橘子,58,44,14,元大-東泰,2023-01-05,9817
1513,中興電,46,33,13,元大-東泰,2023-01-05,9817
2201,裕隆,21,9,12,元大-東泰,2023-01-05,9817
8069,元太,28,16,12,元大-東泰,2023-01-05,9817
5014,建錩,13,2,11,元大-東泰,2023-01-05,9817
2012,春雨,10,0,10,元大-東泰,2023-01-05,9817
5009,榮剛,37,27,10,元大-東泰,2023-01-05,9817
6274,台燿,10,0,10,元大-東泰,2023-01-05,9817
3013,晟銘電,10,0,10,元大-東泰,2023-01-05,9817
9802,鈺齊-KY,10,0,10,元大-東泰,2023-01-05,9817
1618,合機,10,0,10,元大-東泰,2023-01-05,9817
00878,國泰永續高股息,14,5,9,元大-東泰,2023-01-05,9817
5351,鈺創,31,22,9,元大-東泰,2023-01-05,9817
1432,大魯閣,9,0,9,元大-東泰,2023-01-05,9817
00715L,期街口布蘭特正2,13,5,8,元大-東泰,2023-01-05,9817
2498,宏達電,22,14,8,元大-東泰,2023-01-05,9817
6589,台康生技,10,3,7,元大-東泰,2023-01-05,9817
2308,台達電,7,0,7,元大-東泰,2023-01-05,9817
2412,中華電,10,3,7,元大-東泰,2023-01-05,9817
1810,和成,7,0,7,元大-東泰,2023-01-05,9817
2388,威盛,12,5,7,元大-東泰,2023-01-05,9817
3047,訊舟,7,0,7,元大-東泰,2023-01-05,9817
2208,台船,7,0,7,元大-東泰,2023-01-05,9817
2605,新興,7,0,7,元大-東泰,2023-01-05,9817
1612,宏泰,6,0,6,元大-東泰,2023-01-05,9817
1529,樂事綠能,25,19,6,元大-東泰,2023-01-05,9817
8478,東哥遊艇,15,9,6,元大-東泰,2023-01-05,9817
2023,燁輝,6,0,6,元大-東泰,2023-01-05,9817
2530,華建,6,1,5,元大-東泰,2023-01-05,9817
2614,東森,21,16,5,元大-東泰,2023-01-05,9817
2038,海光,5,0,5,元大-東泰,2023-01-05,9817
6164,華興,5,0,5,元大-東泰,2023-01-05,9817
3205,佰研,5,0,5,元大-東泰,2023-01-05,9817
1314,中石化,133,0,133,元大-東泰,2023-01-06,9817
2834,臺企銀,100,2,98,元大-東泰,2023-01-06,9817
00632R,元大台灣50反1,73,0,73,元大-東泰,2023-01-06,9817
00893,國泰智能電動車,68,0,68,元大-東泰,2023-01-06,9817
2888,新光金,51,1,50,元大-東泰,2023-01-06,9817
3576,聯合再生,50,3,47,元大-東泰,2023-01-06,9817
9955,佳龍,32,2,30,元大-東泰,2023-01-06,9817
8358,金居,33,7,26,元大-東泰,2023-01-06,9817
4167,松瑞藥,45,22,23,元大-東泰,2023-01-06,9817
00720B,元大投資級公司債,31,9,22,元大-東泰,2023-01-06,9817
2812,台中銀,20,0,20,元大-東泰,2023-01-06,9817
0056,元大高股息,24,6,18,元大-東泰,2023-01-06,9817
2641,正德,20,4,16,元大-東泰,2023-01-06,9817
3617,碩天,14,0,14,元大-東泰,2023-01-06,9817
3686,達能,12,0,12,元大-東泰,2023-01-06,9817
4931,新盛力,13,1,12,元大-東泰,2023-01-06,9817
6176,瑞儀,15,3,12,元大-東泰,2023-01-06,9817
4906,正文,12,0,12,元大-東泰,2023-01-06,9817
2317,鴻海,15,4,11,元大-東泰,2023-01-06,9817
2637,慧洋-KY,12,1,11,元大-東泰,2023-01-06,9817
6443,元晶,10,0,10,元大-東泰,2023-01-06,9817
8049,晶采,10,0,10,元大-東泰,2023-01-06,9817
1726,永記,10,0,10,元大-東泰,2023-01-06,9817
6182,合晶,11,1,10,元大-東泰,2023-01-06,9817
00676R,富邦臺灣加權反1,9,0,9,元大-東泰,2023-01-06,9817
1752,南光,65,56,9,元大-東泰,2023-01-06,9817
3406,玉晶光,16,7,9,元大-東泰,2023-01-06,9817
4111,濟生,9,0,9,元大-東泰,2023-01-06,9817
00882,中信中國高股息,9,0,9,元大-東泰,2023-01-06,9817
1444,力麗,8,0,8,元大-東泰,2023-01-06,9817
00652,富邦印度,8,0,8,元大-東泰,2023-01-06,9817
1584,精剛,11,3,8,元大-東泰,2023-01-06,9817
00637L,元大滬深300正2,14,6,8,元大-東泰,2023-01-06,9817
2603,長榮,7,0,7,元大-東泰,2023-01-06,9817
5321,美而快,7,0,7,元大-東泰,2023-01-06,9817
1524,耿鼎,8,1,7,元大-東泰,2023-01-06,9817
2201,裕隆,26,19,7,元大-東泰,2023-01-06,9817
9136,巨騰-DR,7,0,7,元大-東泰,2023-01-06,9817
5009,榮剛,7,0,7,元大-東泰,2023-01-06,9817
1733,五鼎,6,0,6,元大-東泰,2023-01-06,9817
6005,群益證,6,0,6,元大-東泰,2023-01-06,9817
2449,京元電子,6,0,6,元大-東泰,2023-01-06,9817
1795,美時,6,0,6,元大-東泰,2023-01-06,9817
00892,富邦台灣半導體,10,4,6,元大-東泰,2023-01-06,9817
2208,台船,5,0,5,元大-東泰,2023-01-06,9817
4123,晟德,5,0,5,元大-東泰,2023-01-06,9817
2360,致茂,6,1,5,元大-東泰,2023-01-06,9817
1464,得力,5,0,5,元大-東泰,2023-01-06,9817
6245,立端,5,0,5,元大-東泰,2023-01-06,9817
4121,優盛,5,0,5,元大-東泰,2023-01-06,9817
00632R,元大台灣50反1,175,10,165,元大-東泰,2023-01-09,9817
1815,富喬,105,4,101,元大-東泰,2023-01-09,9817
00637L,元大滬深300正2,83,3,80,元大-東泰,2023-01-09,9817
00671R,富邦NASDAQ反1,52,0,52,元大-東泰,2023-01-09,9817
1605,華新,80,39,41,元大-東泰,2023-01-09,9817
2641,正德,32,1,31,元大-東泰,2023-01-09,9817
2206,三陽工業,30,0,30,元大-東泰,2023-01-09,9817
2836A,高雄銀甲特,28,0,28,元大-東泰,2023-01-09,9817
4979,華星光,32,7,25,元大-東泰,2023-01-09,9817
6182,合晶,31,6,25,元大-東泰,2023-01-09,9817
00631L,元大台灣50正2,50,25,25,元大-東泰,2023-01-09,9817
2344,華邦電,77,55,22,元大-東泰,2023-01-09,9817
2367,燿華,30,10,20,元大-東泰,2023-01-09,9817
6770,力積電,75,56,19,元大-東泰,2023-01-09,9817
2444,兆勁,19,0,19,元大-東泰,2023-01-09,9817
0056,元大高股息,52,33,19,元大-東泰,2023-01-09,9817
3047,訊舟,14,0,14,元大-東泰,2023-01-09,9817
6176,瑞儀,13,0,13,元大-東泰,2023-01-09,9817
3704,合勤控,16,3,13,元大-東泰,2023-01-09,9817
9136,巨騰-DR,13,0,13,元大-東泰,2023-01-09,9817
6546,正基,13,0,13,元大-東泰,2023-01-09,9817
2409,友達,23,11,12,元大-東泰,2023-01-09,9817
6285,啟��,15,3,12,元大-東泰,2023-01-09,9817
2609,陽明,21,10,11,元大-東泰,2023-01-09,9817
2317,鴻海,21,10,11,元大-東泰,2023-01-09,9817
6129,普誠,14,3,11,元大-東泰,2023-01-09,9817
00885,富邦越南,14,3,11,元大-東泰,2023-01-09,9817
6279,胡連,11,1,10,元大-東泰,2023-01-09,9817
3339,泰谷,10,0,10,元大-東泰,2023-01-09,9817
4173,久裕,10,0,10,元大-東泰,2023-01-09,9817
2236,百達-KY,11,1,10,元大-東泰,2023-01-09,9817
1733,五鼎,9,0,9,元大-東泰,2023-01-09,9817
3038,全台,9,0,9,元大-東泰,2023-01-09,9817
1417,嘉裕,14,5,9,元大-東泰,2023-01-09,9817
6143,振曜,18,9,9,元大-東泰,2023-01-09,9817
3034,聯詠,17,8,9,元大-東泰,2023-01-09,9817
2637,慧洋-KY,14,6,8,元大-東泰,2023-01-09,9817
2929,淘帝-KY,8,0,8,元大-東泰,2023-01-09,9817
4162,智擎,8,0,8,元大-東泰,2023-01-09,9817
3686,達能,8,0,8,元大-東泰,2023-01-09,9817
8069,元太,22,14,8,元大-東泰,2023-01-09,9817
00893,國泰智能電動車,12,5,7,元大-東泰,2023-01-09,9817
2419,仲琦,13,6,7,元大-東泰,2023-01-09,9817
2542,興富發,6,0,6,元大-東泰,2023-01-09,9817
1444,力麗,6,0,6,元大-東泰,2023-01-09,9817
6245,立端,6,0,6,元大-東泰,2023-01-09,9817
6226,光鼎,5,0,5,元大-東泰,2023-01-09,9817
1519,華城,24,19,5,元大-東泰,2023-01-09,9817
2363,矽統,6,1,5,元大-東泰,2023-01-09,9817
6152,百一,5,0,5,元大-東泰,2023-01-09,9817
2834,臺企銀,313,6,307,元大-東泰,2023-01-10,9817
00632R,元大台灣50反1,175,0,175,元大-東泰,2023-01-10,9817
5905,南仁湖,68,0,68,元大-東泰,2023-01-10,9817
2353,宏��,69,1,68,元大-東泰,2023-01-10,9817
1605,華新,72,32,40,元大-東泰,2023-01-10,9817
9945,潤泰新,35,0,35,元大-東泰,2023-01-10,9817
1314,中石化,50,15,35,元大-東泰,2023-01-10,9817
1736,喬山,38,6,32,元大-東泰,2023-01-10,9817
6443,元晶,45,18,27,元大-東泰,2023-01-10,9817
00715L,期街口布蘭特正2,23,0,23,元大-東泰,2023-01-10,9817
4167,松瑞藥,26,3,23,元大-東泰,2023-01-10,9817
2929,淘帝-KY,21,0,21,元大-東泰,2023-01-10,9817
9962,有益,51,31,20,元大-東泰,2023-01-10,9817
00878,國泰永續高股息,43,25,18,元大-東泰,2023-01-10,9817
00885,富邦越南,19,3,16,元大-東泰,2023-01-10,9817
1524,耿鼎,21,6,15,元大-東泰,2023-01-10,9817
3707,漢磊,16,1,15,元大-東泰,2023-01-10,9817
4736,泰博,15,0,15,元大-東泰,2023-01-10,9817
6550,北極星藥業-KY,14,1,13,元大-東泰,2023-01-10,9817
1733,五鼎,12,0,12,元大-東泰,2023-01-10,9817
4128,中天,11,0,11,元大-東泰,2023-01-10,9817
6177,達麗,13,2,11,元大-東泰,2023-01-10,9817
2867,三商壽,10,0,10,元大-東泰,2023-01-10,9817
2642,宅配通,10,0,10,元大-東泰,2023-01-10,9817
4919,新唐,10,0,10,元大-東泰,2023-01-10,9817
3356,奇偶,10,1,9,元大-東泰,2023-01-10,9817
00652,富邦印度,9,0,9,元大-東泰,2023-01-10,9817
4102,永日,8,0,8,元大-東泰,2023-01-10,9817
2367,燿華,8,0,8,元大-東泰,2023-01-10,9817
5251,天鉞電,10,2,8,元大-東泰,2023-01-10,9817
2359,所羅門,8,0,8,元大-東泰,2023-01-10,9817
2312,金寶,7,0,7,元大-東泰,2023-01-10,9817
4743,合一,6,0,6,元大-東泰,2023-01-10,9817
1217,愛之味,10,4,6,元大-東泰,2023-01-10,9817
3543,州巧,6,0,6,元大-東泰,2023-01-10,9817
2482,連宇,19,13,6,元大-東泰,2023-01-10,9817
2201,裕隆,20,14,6,元大-東泰,2023-01-10,9817
8222,寶一,6,0,6,元大-東泰,2023-01-10,9817
6269,台郡,6,0,6,元大-東泰,2023-01-10,9817
6279,胡連,6,0,6,元大-東泰,2023-01-10,9817
00678,群益那斯達克生技,6,0,6,元大-東泰,2023-01-10,9817
6494,九齊,6,0,6,元大-東泰,2023-01-10,9817
2425,承啟,9,3,6,元大-東泰,2023-01-10,9817
1752,南光,6,1,5,元大-東泰,2023-01-10,9817
1708,東鹼,5,0,5,元大-東泰,2023-01-10,9817
00646,元大S＆P500,5,0,5,元大-東泰,2023-01-10,9817
4114,健喬,14,9,5,元大-東泰,2023-01-10,9817
5371,中光電,5,0,5,元大-東泰,2023-01-10,9817
4173,久裕,5,0,5,元大-東泰,2023-01-10,9817
5243,乙盛-KY,5,0,5,元大-東泰,2023-01-10,9817
2511,太子,100,0,100,元大-東泰,2023-01-11,9817
2618,長榮航,141,49,92,元大-東泰,2023-01-11,9817
4979,華星光,141,74,67,元大-東泰,2023-01-11,9817
2836A,高雄銀甲特,57,0,57,元大-東泰,2023-01-11,9817
00664R,國泰臺灣加權反1,50,0,50,元大-東泰,2023-01-11,9817
4904,遠傳,36,0,36,元大-東泰,2023-01-11,9817
2888,新光金,42,10,32,元大-東泰,2023-01-11,9817
1444,力麗,25,0,25,元大-東泰,2023-01-11,9817
1605,華新,35,11,24,元大-東泰,2023-01-11,9817
2313,華通,24,2,22,元大-東泰,2023-01-11,9817
00632R,元大台灣50反1,20,0,20,元大-東泰,2023-01-11,9817
2633,台灣高鐵,19,0,19,元大-東泰,2023-01-11,9817
1308,亞聚,20,2,18,元大-東泰,2023-01-11,9817
8358,金居,23,5,18,元大-東泰,2023-01-11,9817
1733,五鼎,17,0,17,元大-東泰,2023-01-11,9817
2337,旺宏,17,1,16,元大-東泰,2023-01-11,9817
1305,華夏,20,5,15,元大-東泰,2023-01-11,9817
5258,虹堡,28,13,15,元大-東泰,2023-01-11,9817
2615,萬海,22,7,15,元大-東泰,2023-01-11,9817
3045,台灣大,14,0,14,元大-東泰,2023-01-11,9817
00652,富邦印度,13,0,13,元大-東泰,2023-01-11,9817
2457,飛宏,13,0,13,元大-東泰,2023-01-11,9817
2609,陽明,19,8,11,元大-東泰,2023-01-11,9817
2883,凱基金,10,0,10,元大-東泰,2023-01-11,9817
1609,大亞,10,0,10,元大-東泰,2023-01-11,9817
8049,晶采,10,0,10,元大-東泰,2023-01-11,9817
2358,廷鑫,11,1,10,元大-東泰,2023-01-11,9817
4162,智擎,11,2,9,元大-東泰,2023-01-11,9817
2892,第一金,9,0,9,元大-東泰,2023-01-11,9817
6550,北極星藥業-KY,9,0,9,元大-東泰,2023-01-11,9817
3576,聯合再生,10,1,9,元大-東泰,2023-01-11,9817
6235,華孚,10,1,9,元大-東泰,2023-01-11,9817
2027,大成鋼,28,19,9,元大-東泰,2023-01-11,9817
4102,永日,8,0,8,元大-東泰,2023-01-11,9817
6125,廣運,8,0,8,元大-東泰,2023-01-11,9817
1734,杏輝,8,0,8,元大-東泰,2023-01-11,9817
2441,超豐,10,2,8,元大-東泰,2023-01-11,9817
1718,中纖,8,1,7,元大-東泰,2023-01-11,9817
8222,寶一,14,7,7,元大-東泰,2023-01-11,9817
4207,環泰,7,0,7,元大-東泰,2023-01-11,9817
00900,富邦特選高股息30,7,0,7,元大-東泰,2023-01-11,9817
1752,南光,8,1,7,元大-東泰,2023-01-11,9817
00878,國泰永續高股息,17,11,6,元大-東泰,2023-01-11,9817
8924,大田,6,0,6,元大-東泰,2023-01-11,9817
4128,中天,8,2,6,元大-東泰,2023-01-11,9817
4906,正文,6,0,6,元大-東泰,2023-01-11,9817
2537,聯上發,6,0,6,元大-東泰,2023-01-11,9817
3466,德晉,6,0,6,元大-東泰,2023-01-11,9817
2520,冠德,6,0,6,元大-東泰,2023-01-11,9817
5880,合庫金,6,0,6,元大-東泰,2023-01-11,9817
2511,太子,100,0,100,元大-東泰,2023-01-12,9817
1316,上曜,100,0,100,元大-東泰,2023-01-12,9817
4128,中天,45,2,43,元大-東泰,2023-01-12,9817
00878,國泰永續高股息,52,10,42,元大-東泰,2023-01-12,9817
3356,奇偶,38,0,38,元大-東泰,2023-01-12,9817
2313,華通,33,4,29,元大-東泰,2023-01-12,9817
6443,元晶,51,23,28,元大-東泰,2023-01-12,9817
00770,國泰北美科技,23,0,23,元大-東泰,2023-01-12,9817
00650L,復華香港正2,20,0,20,元大-東泰,2023-01-12,9817
1733,五鼎,20,0,20,元大-東泰,2023-01-12,9817
3481,群創,19,1,18,元大-東泰,2023-01-12,9817
2312,金寶,18,0,18,元大-東泰,2023-01-12,9817
4919,新唐,35,19,16,元大-東泰,2023-01-12,9817
3508,位速,16,0,16,元大-東泰,2023-01-12,9817
8105,凌巨,20,4,16,元大-東泰,2023-01-12,9817
5371,中光電,21,6,15,元大-東泰,2023-01-12,9817
2633,台灣高鐵,15,0,15,元大-東泰,2023-01-12,9817
9912,偉聯,14,0,14,元大-東泰,2023-01-12,9817
4123,晟德,13,0,13,元大-東泰,2023-01-12,9817
2009,第一銅,18,5,13,元大-東泰,2023-01-12,9817
1464,得力,13,0,13,元大-東泰,2023-01-12,9817
3037,欣興,14,1,13,元大-東泰,2023-01-12,9817
1605,華新,91,78,13,元大-東泰,2023-01-12,9817
2880,華南金,13,1,12,元大-東泰,2023-01-12,9817
2038,海光,15,3,12,元大-東泰,2023-01-12,9817
2886,兆豐金,11,0,11,元大-東泰,2023-01-12,9817
5009,榮剛,22,11,11,元大-東泰,2023-01-12,9817
2482,連宇,19,8,11,元大-東泰,2023-01-12,9817
3494,誠研,11,0,11,元大-東泰,2023-01-12,9817
2023,燁輝,12,1,11,元大-東泰,2023-01-12,9817
3527,聚積,11,0,11,元大-東泰,2023-01-12,9817
2603,長榮,15,5,10,元大-東泰,2023-01-12,9817
1752,南光,12,2,10,元大-東泰,2023-01-12,9817
5281,大峽谷-KY,10,0,10,元大-東泰,2023-01-12,9817
4721,美琪瑪,10,0,10,元大-東泰,2023-01-12,9817
2906,高林,10,0,10,元大-東泰,2023-01-12,9817
1506,正道,10,0,10,元大-東泰,2023-01-12,9817
1308,亞聚,10,0,10,元大-東泰,2023-01-12,9817
3576,聯合再生,10,0,10,元大-東泰,2023-01-12,9817
6517,保勝光學,10,0,10,元大-東泰,2023-01-12,9817
4173,久裕,10,0,10,元大-東泰,2023-01-12,9817
2317,鴻海,9,1,8,元大-東泰,2023-01-12,9817
2103,台橡,8,0,8,元大-東泰,2023-01-12,9817
6244,茂迪,8,0,8,元大-東泰,2023-01-12,9817
6605,帝寶,7,0,7,元大-東泰,2023-01-12,9817
4746,台耀,7,0,7,元大-東泰,2023-01-12,9817
6649,台生材,7,0,7,元大-東泰,2023-01-12,9817
00713,元大台灣高息低波,6,0,6,元大-東泰,2023-01-12,9817
2421,建準,6,0,6,元大-東泰,2023-01-12,9817
8050,廣積,6,0,6,元大-東泰,2023-01-12,9817
00885,富邦越南,123,0,123,元大-東泰,2023-01-13,9817
1316,上曜,100,0,100,元大-東泰,2023-01-13,9817
2409,友達,103,21,82,元大-東泰,2023-01-13,9817
2344,華邦電,150,85,65,元大-東泰,2023-01-13,9817
00753L,中信中國50正2,100,50,50,元大-東泰,2023-01-13,9817
8105,凌巨,40,0,40,元大-東泰,2023-01-13,9817
2506,太設,40,0,40,元大-東泰,2023-01-13,9817
00642U,期元大S＆P石油,39,2,37,元大-東泰,2023-01-13,9817
00878,國泰永續高股息,34,6,28,元大-東泰,2023-01-13,9817
00650L,復華香港正2,26,0,26,元大-東泰,2023-01-13,9817
6770,力積電,111,90,21,元大-東泰,2023-01-13,9817
00728,第一金工業30,20,0,20,元大-東泰,2023-01-13,9817
00905,FT臺灣Smart,20,0,20,元大-東泰,2023-01-13,9817
8050,廣積,22,3,19,元大-東泰,2023-01-13,9817
4919,新唐,19,2,17,元大-東泰,2023-01-13,9817
2498,宏達電,21,4,17,元大-東泰,2023-01-13,9817
3545,敦泰,17,1,16,元大-東泰,2023-01-13,9817
00679B,元大美債20年,22,7,15,元大-東泰,2023-01-13,9817
2002,中鋼,20,6,14,元大-東泰,2023-01-13,9817
2312,金寶,11,0,11,元大-東泰,2023-01-13,9817
1560,中砂,16,5,11,元大-東泰,2023-01-13,9817
5388,中磊,11,0,11,元大-東泰,2023-01-13,9817
4736,泰博,10,0,10,元大-東泰,2023-01-13,9817
8271,宇瞻,10,0,10,元大-東泰,2023-01-13,9817
2906,高林,9,0,9,元大-東泰,2023-01-13,9817
4979,華星光,17,8,9,元大-東泰,2023-01-13,9817
3527,聚積,9,0,9,元大-東泰,2023-01-13,9817
1612,宏泰,12,3,9,元大-東泰,2023-01-13,9817
00900,富邦特選高股息30,8,0,8,元大-東泰,2023-01-13,9817
3494,誠研,8,0,8,元大-東泰,2023-01-13,9817
2317,鴻海,10,2,8,元大-東泰,2023-01-13,9817
2603,長榮,10,3,7,元大-東泰,2023-01-13,9817
00673R,期元大S＆P原油反1,7,0,7,元大-東泰,2023-01-13,9817
1584,精剛,13,6,7,元大-東泰,2023-01-13,9817
1611,中電,7,0,7,元大-東泰,2023-01-13,9817
6573,虹揚-KY,8,1,7,元大-東泰,2023-01-13,9817
5608,四維航,6,0,6,元大-東泰,2023-01-13,9817
2468,華經,29,23,6,元大-東泰,2023-01-13,9817
4130,健亞,6,0,6,元大-東泰,2023-01-13,9817
2371,大同,6,0,6,元大-東泰,2023-01-13,9817
2885,元大金,12,6,6,元大-東泰,2023-01-13,9817
00888,永豐台灣ESG,6,1,5,元大-東泰,2023-01-13,9817
6155,鈞寶,12,7,5,元大-東泰,2023-01-13,9817
5475,德宏,5,0,5,元大-東泰,2023-01-13,9817
3042,晶技,5,0,5,元大-東泰,2023-01-13,9817
00881,國泰台灣5G+,5,0,5,元大-東泰,2023-01-13,9817
1417,嘉裕,20,15,5,元大-東泰,2023-01-13,9817
1314,中石化,5,0,5,元大-東泰,2023-01-13,9817
5371,中光電,5,0,5,元大-東泰,2023-01-13,9817
00712,復華富時不動產,5,0,5,元大-東泰,2023-01-13,9817
00720B,元大投資級公司債,102,0,102,元大-東泰,2023-01-16,9817
2883,凱基金,76,4,72,元大-東泰,2023-01-16,9817
00632R,元大台灣50反1,47,0,47,元大-東泰,2023-01-16,9817
6770,力積電,41,7,34,元大-東泰,2023-01-16,9817
3305,昇貿,31,0,31,元大-東泰,2023-01-16,9817
4906,正文,30,0,30,元大-東泰,2023-01-16,9817
2014,中鴻,27,5,22,元大-東泰,2023-01-16,9817
1308,亞聚,20,0,20,元大-東泰,2023-01-16,9817
00728,第一金工業30,20,0,20,元大-東泰,2023-01-16,9817
2317,鴻海,21,1,20,元大-東泰,2023-01-16,9817
8033,雷虎,20,2,18,元大-東泰,2023-01-16,9817
5009,榮剛,17,0,17,元大-東泰,2023-01-16,9817
2884,玉山金,18,2,16,元大-東泰,2023-01-16,9817
4763,材料-KY,25,10,15,元大-東泰,2023-01-16,9817
6609,瀧澤科,14,0,14,元大-東泰,2023-01-16,9817
00882,中信中國高股息,18,5,13,元大-東泰,2023-01-16,9817
1733,五鼎,12,0,12,元大-東泰,2023-01-16,9817
00892,富邦台灣半導體,12,2,10,元大-東泰,2023-01-16,9817
6229,研通,10,0,10,元大-東泰,2023-01-16,9817
6277,宏正,10,0,10,元大-東泰,2023-01-16,9817
6239,力成,10,0,10,元大-東泰,2023-01-16,9817
2419,仲琦,10,0,10,元大-東泰,2023-01-16,9817
1464,得力,10,0,10,元大-東泰,2023-01-16,9817
6180,橘子,10,0,10,元大-東泰,2023-01-16,9817
1605,華新,14,4,10,元大-東泰,2023-01-16,9817
3046,建��,10,0,10,元大-東泰,2023-01-16,9817
00673R,期元大S＆P原油反1,9,0,9,元大-東泰,2023-01-16,9817
2610,華航,9,0,9,元大-東泰,2023-01-16,9817
3707,漢磊,10,2,8,元大-東泰,2023-01-16,9817
00772B,中信高評級公司債,8,0,8,元大-東泰,2023-01-16,9817
3494,誠研,8,0,8,元大-東泰,2023-01-16,9817
2867,三商壽,7,0,7,元大-東泰,2023-01-16,9817
4174,浩鼎,7,0,7,元大-東泰,2023-01-16,9817
1612,宏泰,7,0,7,元大-東泰,2023-01-16,9817
2104,國際中橡,13,6,7,元大-東泰,2023-01-16,9817
4931,新盛力,10,3,7,元大-東泰,2023-01-16,9817
2614,東森,11,5,6,元大-東泰,2023-01-16,9817
1609,大亞,6,0,6,元大-東泰,2023-01-16,9817
6461,益得,6,0,6,元大-東泰,2023-01-16,9817
00679B,元大美債20年,6,0,6,元大-東泰,2023-01-16,9817
1513,中興電,7,2,5,元大-東泰,2023-01-16,9817
3535,晶彩科,5,0,5,元大-東泰,2023-01-16,9817
00635U,期元大S＆P黃金,5,0,5,元大-東泰,2023-01-16,9817
1524,耿鼎,5,0,5,元大-東泰,2023-01-16,9817
3686,達能,5,0,5,元大-東泰,2023-01-16,9817
6578,達邦蛋白,5,0,5,元大-東泰,2023-01-16,9817
2489,瑞軒,5,0,5,元大-東泰,2023-01-16,9817
2367,燿華,8,3,5,元大-東泰,2023-01-16,9817
8183,精星,5,0,5,元大-東泰,2023-01-16,9817
4743,合一,9,4,5,元大-東泰,2023-01-16,9817
3481,群創,304,6,298,元大-東泰,2023-01-17,9817
00720B,元大投資級公司債,111,6,105,元大-東泰,2023-01-17,9817
00632R,元大台灣50反1,100,5,95,元大-東泰,2023-01-17,9817
00680L,元大美債20正2,50,0,50,元大-東泰,2023-01-17,9817
6770,力積電,56,11,45,元大-東泰,2023-01-17,9817
1305,華夏,45,5,40,元大-東泰,2023-01-17,9817
00673R,期元大S＆P原油反1,32,0,32,元大-東泰,2023-01-17,9817
2409,友達,32,1,31,元大-東泰,2023-01-17,9817
1101,台泥,43,13,30,元大-東泰,2023-01-17,9817
00888,永豐台灣ESG,30,0,30,元大-東泰,2023-01-17,9817
0050,元大台灣50,30,1,29,元大-東泰,2023-01-17,9817
1733,五鼎,29,0,29,元大-東泰,2023-01-17,9817
2886,兆豐金,24,1,23,元大-東泰,2023-01-17,9817
2607,榮運,21,2,19,元大-東泰,2023-01-17,9817
2615,萬海,26,10,16,元大-東泰,2023-01-17,9817
1584,精剛,17,1,16,元大-東泰,2023-01-17,9817
4402,郡都開發,16,0,16,元大-東泰,2023-01-17,9817
00905,FT臺灣Smart,16,0,16,元大-東泰,2023-01-17,9817
2486,一詮,15,0,15,元大-東泰,2023-01-17,9817
00664R,國泰臺灣加權反1,15,0,15,元大-東泰,2023-01-17,9817
00712,復華富時不動產,14,0,14,元大-東泰,2023-01-17,9817
4979,華星光,55,42,13,元大-東泰,2023-01-17,9817
6180,橘子,17,4,13,元大-東泰,2023-01-17,9817
4961,天鈺,14,1,13,元大-東泰,2023-01-17,9817
00882,中信中國高股息,13,0,13,元大-東泰,2023-01-17,9817
2880,華南金,12,0,12,元大-東泰,2023-01-17,9817
2610,華航,45,33,12,元大-東泰,2023-01-17,9817
2867,三商壽,12,0,12,元大-東泰,2023-01-17,9817
3047,訊舟,11,0,11,元大-東泰,2023-01-17,9817
4102,永日,11,0,11,元大-東泰,2023-01-17,9817
2929,淘帝-KY,12,2,10,元大-東泰,2023-01-17,9817
00637L,元大滬深300正2,17,7,10,元大-東泰,2023-01-17,9817
3494,誠研,10,0,10,元大-東泰,2023-01-17,9817
5355,佳總,10,0,10,元大-東泰,2023-01-17,9817
6239,力成,10,0,10,元大-東泰,2023-01-17,9817
2633,台灣高鐵,11,1,10,元大-東泰,2023-01-17,9817
2915,潤泰全,10,1,9,元大-東泰,2023-01-17,9817
2360,致茂,9,0,9,元大-東泰,2023-01-17,9817
2331,精英,9,0,9,元大-東泰,2023-01-17,9817
2317,鴻海,12,3,9,元大-東泰,2023-01-17,9817
2603,長榮,10,2,8,元大-東泰,2023-01-17,9817
3356,奇偶,8,0,8,元大-東泰,2023-01-17,9817
2313,華通,7,0,7,元大-東泰,2023-01-17,9817
2851,中再保,7,0,7,元大-東泰,2023-01-17,9817
6182,合晶,7,0,7,元大-東泰,2023-01-17,9817
2402,毅嘉,7,0,7,元大-東泰,2023-01-17,9817
2884,玉山金,7,1,6,元大-東泰,2023-01-17,9817
1218,泰山,6,0,6,元大-東泰,2023-01-17,9817
00652,富邦印度,6,0,6,元大-東泰,2023-01-17,9817
00858,永豐美國500大,6,0,6,元大-東泰,2023-01-17,9817
00673R,期元大S＆P原油反1,405,0,405,元大-東泰,2023-01-30,9817
00632R,元大台灣50反1,171,5,166,元大-東泰,2023-01-30,9817
2317,鴻海,90,4,86,元大-東泰,2023-01-30,9817
2014,中鴻,63,22,41,元大-東泰,2023-01-30,9817
8105,凌巨,41,1,40,元大-東泰,2023-01-30,9817
2412,中華電,42,4,38,元大-東泰,2023-01-30,9817
2609,陽明,41,5,36,元大-東泰,2023-01-30,9817
2610,華航,54,27,27,元大-東泰,2023-01-30,9817
2867,三商壽,27,3,24,元大-東泰,2023-01-30,9817
1560,中砂,23,2,21,元大-東泰,2023-01-30,9817
4402,郡都開發,21,0,21,元大-東泰,2023-01-30,9817
2363,矽統,20,0,20,元大-東泰,2023-01-30,9817
2405,輔信,20,0,20,元大-東泰,2023-01-30,9817
8421,旭源,30,10,20,元大-東泰,2023-01-30,9817
1718,中纖,20,0,20,元大-東泰,2023-01-30,9817
00679B,元大美債20年,19,0,19,元大-東泰,2023-01-30,9817
2489,瑞軒,18,0,18,元大-東泰,2023-01-30,9817
3576,聯合再生,17,1,16,元大-東泰,2023-01-30,9817
8150,南茂,20,4,16,元大-東泰,2023-01-30,9817
1733,五鼎,14,0,14,元大-東泰,2023-01-30,9817
4102,永日,13,0,13,元大-東泰,2023-01-30,9817
4114,健喬,13,0,13,元大-東泰,2023-01-30,9817
2367,燿華,20,7,13,元大-東泰,2023-01-30,9817
2634,漢翔,12,0,12,元大-東泰,2023-01-30,9817
2891,中信金,19,8,11,元大-東泰,2023-01-30,9817
00719B,元大美債1-3,11,0,11,元大-東泰,2023-01-30,9817
2812,台中銀,10,0,10,元大-東泰,2023-01-30,9817
3339,泰谷,10,0,10,元大-東泰,2023-01-30,9817
1336,台翰,11,1,10,元大-東泰,2023-01-30,9817
5905,南仁湖,11,1,10,元大-東泰,2023-01-30,9817
4121,優盛,10,0,10,元大-東泰,2023-01-30,9817
8289,泰藝,10,0,10,元大-東泰,2023-01-30,9817
6228,全譜,10,0,10,元大-東泰,2023-01-30,9817
00652,富邦印度,9,0,9,元大-東泰,2023-01-30,9817
2915,潤泰全,10,1,9,元大-東泰,2023-01-30,9817
1314,中石化,15,7,8,元大-東泰,2023-01-30,9817
2356,英業達,8,0,8,元大-東泰,2023-01-30,9817
4168,醣聯,9,1,8,元大-東泰,2023-01-30,9817
00664R,國泰臺灣加權反1,8,0,8,元大-東泰,2023-01-30,9817
9904,寶成,11,3,8,元大-東泰,2023-01-30,9817
8069,元太,16,9,7,元大-東泰,2023-01-30,9817
00720B,元大投資級公司債,7,0,7,元大-東泰,2023-01-30,9817
2739,寒舍,7,0,7,元大-東泰,2023-01-30,9817
1513,中興電,47,40,7,元大-東泰,2023-01-30,9817
00878,國泰永續高股息,92,86,6,元大-東泰,2023-01-30,9817
6104,創惟,10,4,6,元大-東泰,2023-01-30,9817
3592,瑞鼎,6,0,6,元大-東泰,2023-01-30,9817
4133,亞諾法,6,0,6,元大-東泰,2023-01-30,9817
2328,廣宇,6,0,6,元大-東泰,2023-01-30,9817
9929,秋雨,6,0,6,元大-東泰,2023-01-30,9817
00878,國泰永續高股息,108,0,108,元大-東泰,2023-01-31,9817
00905,FT臺灣Smart,97,0,97,元大-東泰,2023-01-31,9817
2344,華邦電,164,110,54,元大-東泰,2023-01-31,9817
2892,第一金,47,5,42,元大-東泰,2023-01-31,9817
2915,潤泰全,37,6,31,元大-東泰,2023-01-31,9817
2885,元大金,30,0,30,元大-東泰,2023-01-31,9817
4960,誠美材,30,0,30,元大-東泰,2023-01-31,9817
9945,潤泰新,29,0,29,元大-東泰,2023-01-31,9817
3149,正達,27,1,26,元大-東泰,2023-01-31,9817
2609,陽明,51,27,24,元大-東泰,2023-01-31,9817
00632R,元大台灣50反1,36,16,20,元大-東泰,2023-01-31,9817
2461,光群雷,20,0,20,元大-東泰,2023-01-31,9817
6125,廣運,22,3,19,元大-東泰,2023-01-31,9817
2323,中環,23,6,17,元大-東泰,2023-01-31,9817
2880,華南金,16,0,16,元大-東泰,2023-01-31,9817
00637L,元大滬深300正2,18,2,16,元大-東泰,2023-01-31,9817
2890,永豐金,16,0,16,元大-東泰,2023-01-31,9817
2637,慧洋-KY,17,2,15,元大-東泰,2023-01-31,9817
2330,台積電,22,7,15,元大-東泰,2023-01-31,9817
2834,臺企銀,16,2,14,元大-東泰,2023-01-31,9817
3141,晶宏,15,1,14,元大-東泰,2023-01-31,9817
5880,合庫金,13,0,13,元大-東泰,2023-01-31,9817
4142,國光生,21,8,13,元大-東泰,2023-01-31,9817
1101,台泥,12,0,12,元大-東泰,2023-01-31,9817
5388,中磊,12,0,12,元大-東泰,2023-01-31,9817
2615,萬海,17,5,12,元大-東泰,2023-01-31,9817
3545,敦泰,16,4,12,元大-東泰,2023-01-31,9817
00893,國泰智能電動車,13,1,12,元大-東泰,2023-01-31,9817
00652,富邦印度,11,1,10,元大-東泰,2023-01-31,9817
2884,玉山金,12,2,10,元大-東泰,2023-01-31,9817
3711,日月光投控,10,0,10,元大-東泰,2023-01-31,9817
6155,鈞寶,10,0,10,元大-東泰,2023-01-31,9817
8072,陞泰,10,0,10,元大-東泰,2023-01-31,9817
1535,中宇,10,0,10,元大-東泰,2023-01-31,9817
3189,景碩,14,4,10,元大-東泰,2023-01-31,9817
2889,國票金,10,0,10,元大-東泰,2023-01-31,9817
2312,金寶,10,0,10,元大-東泰,2023-01-31,9817
5905,南仁湖,10,0,10,元大-東泰,2023-01-31,9817
4162,智擎,11,1,10,元大-東泰,2023-01-31,9817
6109,亞元,10,1,9,元大-東泰,2023-01-31,9817
4961,天鈺,26,17,9,元大-東泰,2023-01-31,9817
8033,雷虎,9,0,9,元大-東泰,2023-01-31,9817
8112,至上,10,1,9,元大-東泰,2023-01-31,9817
2337,旺宏,34,25,9,元大-東泰,2023-01-31,9817
6605,帝寶,10,1,9,元大-東泰,2023-01-31,9817
2032,新鋼,14,5,9,元大-東泰,2023-01-31,9817
2007,燁興,10,1,9,元大-東泰,2023-01-31,9817
1712,興農,9,0,9,元大-東泰,2023-01-31,9817
00882,中信中國高股息,8,0,8,元大-東泰,2023-01-31,9817
00720B,元大投資級公司債,8,0,8,元大-東泰,2023-01-31,9817
2409,友達,314,104,210,元大-東泰,2023-02-01,9817
2610,華航,233,85,148,元大-東泰,2023-02-01,9817
1718,中纖,101,1,100,元大-東泰,2023-02-01,9817
00669R,國泰美國道瓊反1,71,0,71,元大-東泰,2023-02-01,9817
2344,華邦電,188,124,64,元大-東泰,2023-02-01,9817
3481,群創,70,14,56,元大-東泰,2023-02-01,9817
6770,力積電,90,43,47,元大-東泰,2023-02-01,9817
2897,王道銀行,42,1,41,元大-東泰,2023-02-01,9817
9907,統一實,41,2,39,元大-東泰,2023-02-01,9817
6582,申豐,35,0,35,元大-東泰,2023-02-01,9817
2883,凱基金,53,22,31,元大-東泰,2023-02-01,9817
00637L,元大滬深300正2,31,2,29,元大-東泰,2023-02-01,9817
00905,FT臺灣Smart,28,0,28,元大-東泰,2023-02-01,9817
5351,鈺創,37,11,26,元大-東泰,2023-02-01,9817
3339,泰谷,25,0,25,元大-東泰,2023-02-01,9817
2027,大成鋼,45,23,22,元大-東泰,2023-02-01,9817
2609,陽明,23,3,20,元大-東泰,2023-02-01,9817
00633L,富邦上証正2,20,0,20,元大-東泰,2023-02-01,9817
2406,國碩,20,0,20,元大-東泰,2023-02-01,9817
1701,中化,27,7,20,元大-東泰,2023-02-01,9817
8121,越峰,21,1,20,元大-東泰,2023-02-01,9817
1301,台塑,20,1,19,元大-東泰,2023-02-01,9817
2891,中信金,17,2,15,元大-東泰,2023-02-01,9817
6578,達邦蛋白,15,0,15,元大-東泰,2023-02-01,9817
2498,宏達電,20,5,15,元大-東泰,2023-02-01,9817
1752,南光,14,0,14,元大-東泰,2023-02-01,9817
8105,凌巨,25,11,14,元大-東泰,2023-02-01,9817
2881,富邦金,18,5,13,元大-東泰,2023-02-01,9817
00878,國泰永續高股息,24,12,12,元大-東泰,2023-02-01,9817
2065,世豐,12,0,12,元大-東泰,2023-02-01,9817
00679B,元大美債20年,12,0,12,元大-東泰,2023-02-01,9817
3702,大聯大,14,2,12,元大-東泰,2023-02-01,9817
8086,宏捷科,13,1,12,元大-東泰,2023-02-01,9817
3149,正達,12,0,12,元大-東泰,2023-02-01,9817
6244,茂迪,27,15,12,元大-東泰,2023-02-01,9817
6129,普誠,13,2,11,元大-東泰,2023-02-01,9817
3455,由田,10,0,10,元大-東泰,2023-02-01,9817
5302,太欣,10,0,10,元大-東泰,2023-02-01,9817
6456,GIS-KY,10,0,10,元大-東泰,2023-02-01,9817
2236,百達-KY,15,5,10,元大-東泰,2023-02-01,9817
8150,南茂,10,0,10,元大-東泰,2023-02-01,9817
3062,建漢,10,0,10,元大-東泰,2023-02-01,9817
00712,復華富時不動產,10,0,10,元大-東泰,2023-02-01,9817
9802,鈺齊-KY,10,0,10,元大-東泰,2023-02-01,9817
4946,辣椒,10,0,10,元大-東泰,2023-02-01,9817
1584,精剛,17,8,9,元大-東泰,2023-02-01,9817
1529,樂事綠能,22,13,9,元大-東泰,2023-02-01,9817
2201,裕隆,38,29,9,元大-東泰,2023-02-01,9817
0056,元大高股息,13,5,8,元大-東泰,2023-02-01,9817
2412,中華電,14,6,8,元大-東泰,2023-02-01,9817
00632R,元大台灣50反1,551,5,546,元大-東泰,2023-02-02,9817
00637L,元大滬深300正2,101,0,101,元大-東泰,2023-02-02,9817
2801,彰銀,100,0,100,元大-東泰,2023-02-02,9817
2409,友達,103,6,97,元大-東泰,2023-02-02,9817
2883,凱基金,83,13,70,元大-東泰,2023-02-02,9817
00885,富邦越南,63,0,63,元大-東泰,2023-02-02,9817
3027,盛達,64,11,53,元大-東泰,2023-02-02,9817
1718,中纖,50,7,43,元大-東泰,2023-02-02,9817
2329,華泰,60,20,40,元大-東泰,2023-02-02,9817
2027,大成鋼,44,7,37,元大-東泰,2023-02-02,9817
2618,長榮航,55,20,35,元大-東泰,2023-02-02,9817
00679B,元大美債20年,47,13,34,元大-東泰,2023-02-02,9817
1605,華新,61,29,32,元大-東泰,2023-02-02,9817
1409,新纖,32,0,32,元大-東泰,2023-02-02,9817
00905,FT臺灣Smart,41,10,31,元大-東泰,2023-02-02,9817
8215,明基材,34,3,31,元大-東泰,2023-02-02,9817
2891,中信金,30,0,30,元大-東泰,2023-02-02,9817
2353,宏��,30,2,28,元大-東泰,2023-02-02,9817
2929,淘帝-KY,58,32,26,元大-東泰,2023-02-02,9817
2413,環科,38,16,22,元大-東泰,2023-02-02,9817
8105,凌巨,22,0,22,元大-東泰,2023-02-02,9817
00652,富邦印度,20,0,20,元大-東泰,2023-02-02,9817
3339,泰谷,20,0,20,元大-東泰,2023-02-02,9817
00878,國泰永續高股息,37,17,20,元大-東泰,2023-02-02,9817
2468,華經,35,16,19,元大-東泰,2023-02-02,9817
2201,裕隆,50,32,18,元大-東泰,2023-02-02,9817
1301,台塑,21,3,18,元大-東泰,2023-02-02,9817
1513,中興電,20,3,17,元大-東泰,2023-02-02,9817
4931,新盛力,24,7,17,元大-東泰,2023-02-02,9817
2888,新光金,24,7,17,元大-東泰,2023-02-02,9817
2610,華航,44,28,16,元大-東泰,2023-02-02,9817
00653L,富邦印度正2,15,0,15,元大-東泰,2023-02-02,9817
8213,志超,11,0,11,元大-東泰,2023-02-02,9817
3702,大聯大,20,10,10,元大-東泰,2023-02-02,9817
00772B,中信高評級公司債,10,0,10,元大-東泰,2023-02-02,9817
2905,三商,10,0,10,元大-東泰,2023-02-02,9817
2009,第一銅,11,1,10,元大-東泰,2023-02-02,9817
1514,亞力,20,10,10,元大-東泰,2023-02-02,9817
3712,永崴投控,10,0,10,元大-東泰,2023-02-02,9817
4960,誠美材,10,0,10,元大-東泰,2023-02-02,9817
8049,晶采,10,0,10,元大-東泰,2023-02-02,9817
2492,華新科,13,4,9,元大-東泰,2023-02-02,9817
6285,啟��,9,0,9,元大-東泰,2023-02-02,9817
3527,聚積,15,6,9,元大-東泰,2023-02-02,9817
5425,台半,39,30,9,元大-東泰,2023-02-02,9817
2884,玉山金,10,2,8,元大-東泰,2023-02-02,9817
2614,東森,14,6,8,元大-東泰,2023-02-02,9817
1529,樂事綠能,8,0,8,元大-東泰,2023-02-02,9817
2338,光罩,28,21,7,元大-東泰,2023-02-02,9817
3088,艾訊,7,0,7,元大-東泰,2023-02-02,9817
00632R,元大台灣50反1,327,6,321,元大-東泰,2023-02-03,9817
1314,中石化,238,8,230,元大-東泰,2023-02-03,9817
1101,台泥,116,8,108,元大-東泰,2023-02-03,9817
1313,聯成,109,1,108,元大-東泰,2023-02-03,9817
1701,中化,89,2,87,元大-東泰,2023-02-03,9817
4121,優盛,70,0,70,元大-東泰,2023-02-03,9817
00656R,國泰中國A50反1,70,0,70,元大-東泰,2023-02-03,9817
4747,強生,70,0,70,元大-東泰,2023-02-03,9817
6282,康舒,84,17,67,元大-東泰,2023-02-03,9817
2888,新光金,67,2,65,元大-東泰,2023-02-03,9817
2882,國泰金,58,0,58,元大-東泰,2023-02-03,9817
2498,宏達電,137,85,52,元大-東泰,2023-02-03,9817
4746,台耀,44,0,44,元大-東泰,2023-02-03,9817
2002,中鋼,103,60,43,元大-東泰,2023-02-03,9817
2929,淘帝-KY,39,4,35,元大-東泰,2023-02-03,9817
2353,宏��,31,0,31,元大-東泰,2023-02-03,9817
00882,中信中國高股息,31,0,31,元大-東泰,2023-02-03,9817
2891,中信金,31,0,31,元大-東泰,2023-02-03,9817
8105,凌巨,32,2,30,元大-東泰,2023-02-03,9817
00679B,元大美債20年,31,2,29,元大-東泰,2023-02-03,9817
2317,鴻海,36,7,29,元大-東泰,2023-02-03,9817
00900,富邦特選高股息30,30,2,28,元大-東泰,2023-02-03,9817
00878,國泰永續高股息,45,18,27,元大-東泰,2023-02-03,9817
00671R,富邦NASDAQ反1,25,0,25,元大-東泰,2023-02-03,9817
1444,力麗,25,0,25,元大-東泰,2023-02-03,9817
2609,陽明,31,11,20,元大-東泰,2023-02-03,9817
00633L,富邦上証正2,20,0,20,元大-東泰,2023-02-03,9817
4142,國光生,20,0,20,元大-東泰,2023-02-03,9817
00652,富邦印度,19,0,19,元大-東泰,2023-02-03,9817
3041,揚智,18,0,18,元大-東泰,2023-02-03,9817
00676R,富邦臺灣加權反1,18,0,18,元大-東泰,2023-02-03,9817
3231,緯創,23,5,18,元大-東泰,2023-02-03,9817
2892,第一金,17,0,17,元大-東泰,2023-02-03,9817
8289,泰藝,15,0,15,元大-東泰,2023-02-03,9817
6190,萬泰科,14,0,14,元大-東泰,2023-02-03,9817
6180,橘子,15,1,14,元大-東泰,2023-02-03,9817
2906,高林,13,0,13,元大-東泰,2023-02-03,9817
3037,欣興,35,23,12,元大-東泰,2023-02-03,9817
2027,大成鋼,26,14,12,元大-東泰,2023-02-03,9817
2881,富邦金,12,0,12,元大-東泰,2023-02-03,9817
5880,合庫金,12,0,12,元大-東泰,2023-02-03,9817
1319,東陽,18,6,12,元大-東泰,2023-02-03,9817
1513,中興電,15,3,12,元大-東泰,2023-02-03,9817
2409,友達,23,12,11,元大-東泰,2023-02-03,9817
4114,健喬,26,15,11,元大-東泰,2023-02-03,9817
1464,得力,11,0,11,元大-東泰,2023-02-03,9817
5009,榮剛,23,13,10,元大-東泰,2023-02-03,9817
2637,慧洋-KY,11,1,10,元大-東泰,2023-02-03,9817
1506,正道,10,0,10,元大-東泰,2023-02-03,9817
00634R,富邦上証反1,10,0,10,元大-東泰,2023-02-03,9817
00878,國泰永續高股息,116,11,105,元大-東泰,2023-02-06,9817
4129,聯合,103,0,103,元大-東泰,2023-02-06,9817
6548,長科*,99,1,98,元大-東泰,2023-02-06,9817
4979,華星光,110,15,95,元大-東泰,2023-02-06,9817
00651R,復華香港反1,78,0,78,元大-東泰,2023-02-06,9817
1464,得力,59,0,59,元大-東泰,2023-02-06,9817
6770,力積電,48,1,47,元大-東泰,2023-02-06,9817
1101,台泥,52,7,45,元大-東泰,2023-02-06,9817
4746,台耀,47,5,42,元大-東泰,2023-02-06,9817
3588,通嘉,41,2,39,元大-東泰,2023-02-06,9817
6443,元晶,49,15,34,元大-東泰,2023-02-06,9817
00900,富邦特選高股息30,33,0,33,元大-東泰,2023-02-06,9817
4919,新唐,44,11,33,元大-東泰,2023-02-06,9817
2615,萬海,35,4,31,元大-東泰,2023-02-06,9817
1752,南光,54,23,31,元大-東泰,2023-02-06,9817
2883B,凱基金乙特,30,0,30,元大-東泰,2023-02-06,9817
1409,新纖,25,0,25,元大-東泰,2023-02-06,9817
2482,連宇,80,56,24,元大-東泰,2023-02-06,9817
3041,揚智,24,1,23,元大-東泰,2023-02-06,9817
2461,光群雷,22,0,22,元大-東泰,2023-02-06,9817
6118,建達,23,1,22,元大-東泰,2023-02-06,9817
0056,元大高股息,22,2,20,元大-東泰,2023-02-06,9817
2368,金像電,21,2,19,元大-東泰,2023-02-06,9817
6282,康舒,58,40,18,元大-東泰,2023-02-06,9817
8222,寶一,17,0,17,元大-東泰,2023-02-06,9817
00715L,期街口布蘭特正2,16,0,16,元大-東泰,2023-02-06,9817
2344,華邦電,38,23,15,元大-東泰,2023-02-06,9817
00664R,國泰臺灣加權反1,15,0,15,元大-東泰,2023-02-06,9817
1605,華新,47,32,15,元大-東泰,2023-02-06,9817
8421,旭源,15,0,15,元大-東泰,2023-02-06,9817
2888,新光金,15,1,14,元大-東泰,2023-02-06,9817
6153,嘉聯益,14,0,14,元大-東泰,2023-02-06,9817
00882,中信中國高股息,14,0,14,元大-東泰,2023-02-06,9817
2603,長榮,15,1,14,元大-東泰,2023-02-06,9817
3149,正達,13,0,13,元大-東泰,2023-02-06,9817
2303,聯電,29,16,13,元大-東泰,2023-02-06,9817
2884,玉山金,14,2,12,元大-東泰,2023-02-06,9817
1519,華城,13,1,12,元大-東泰,2023-02-06,9817
6789,采鈺,12,0,12,元大-東泰,2023-02-06,9817
00642U,期元大S＆P石油,11,0,11,元大-東泰,2023-02-06,9817
5880,合庫金,15,4,11,元大-東泰,2023-02-06,9817
2812,台中銀,11,0,11,元大-東泰,2023-02-06,9817
00720B,元大投資級公司債,10,0,10,元大-東泰,2023-02-06,9817
3527,聚積,10,0,10,元大-東泰,2023-02-06,9817
3059,華晶科,10,0,10,元大-東泰,2023-02-06,9817
3339,泰谷,10,0,10,元大-東泰,2023-02-06,9817
00905,FT臺灣Smart,10,0,10,元大-東泰,2023-02-06,9817
2911,麗嬰房,10,0,10,元大-東泰,2023-02-06,9817
2609,陽明,26,17,9,元大-東泰,2023-02-06,9817
2328,廣宇,9,0,9,元大-東泰,2023-02-06,9817
6116,彩晶,407,2,405,元大-東泰,2023-02-07,9817
1718,中纖,127,0,127,元大-東泰,2023-02-07,9817
00878,國泰永續高股息,103,8,95,元大-東泰,2023-02-07,9817
00720B,元大投資級公司債,45,0,45,元大-東泰,2023-02-07,9817
1605,華新,90,45,45,元大-東泰,2023-02-07,9817
2883B,凱基金乙特,39,0,39,元大-東泰,2023-02-07,9817
6770,力積電,61,22,39,元大-東泰,2023-02-07,9817
2313,華通,34,2,32,元大-東泰,2023-02-07,9817
00669R,國泰美國道瓊反1,30,0,30,元大-東泰,2023-02-07,9817
6282,康舒,71,41,30,元大-東泰,2023-02-07,9817
3693,營邦,27,0,27,元大-東泰,2023-02-07,9817
2884,玉山金,26,2,24,元大-東泰,2023-02-07,9817
1733,五鼎,32,9,23,元大-東泰,2023-02-07,9817
2891,中信金,22,0,22,元大-東泰,2023-02-07,9817
2610,華航,27,5,22,元大-東泰,2023-02-07,9817
2867,三商壽,23,3,20,元大-東泰,2023-02-07,9817
2883,凱基金,19,0,19,元大-東泰,2023-02-07,9817
3231,緯創,21,2,19,元大-東泰,2023-02-07,9817
2887,台新金,21,2,19,元大-東泰,2023-02-07,9817
00679B,元大美債20年,17,0,17,元大-東泰,2023-02-07,9817
2368,金像電,17,1,16,元大-東泰,2023-02-07,9817
2317,鴻海,25,11,14,元大-東泰,2023-02-07,9817
3707,漢磊,15,1,14,元大-東泰,2023-02-07,9817
4960,誠美材,13,0,13,元大-東泰,2023-02-07,9817
1417,嘉裕,21,9,12,元大-東泰,2023-02-07,9817
6153,嘉聯益,12,0,12,元大-東泰,2023-02-07,9817
2497,怡利電,12,0,12,元大-東泰,2023-02-07,9817
2614,東森,20,8,12,元大-東泰,2023-02-07,9817
00642U,期元大S＆P石油,12,0,12,元大-東泰,2023-02-07,9817
00772B,中信高評級公司債,11,0,11,元大-東泰,2023-02-07,9817
3059,華晶科,12,1,11,元大-東泰,2023-02-07,9817
00637L,元大滬深300正2,13,2,11,元大-東泰,2023-02-07,9817
3049,精金,11,0,11,元大-東泰,2023-02-07,9817
9902,台火,11,0,11,元大-東泰,2023-02-07,9817
4564,元翎,11,0,11,元大-東泰,2023-02-07,9817
2609,陽明,30,20,10,元大-東泰,2023-02-07,9817
00751B,元大AAA至A公司債,10,0,10,元大-東泰,2023-02-07,9817
4402,郡都開發,10,0,10,元大-東泰,2023-02-07,9817
1464,得力,10,0,10,元大-東泰,2023-02-07,9817
1444,力麗,10,0,10,元大-東泰,2023-02-07,9817
3339,泰谷,10,0,10,元大-東泰,2023-02-07,9817
00715L,期街口布蘭特正2,23,13,10,元大-東泰,2023-02-07,9817
4104,佳醫,10,0,10,元大-東泰,2023-02-07,9817
4903,聯光通,10,0,10,元大-東泰,2023-02-07,9817
3682,亞太電,10,0,10,元大-東泰,2023-02-07,9817
5258,虹堡,16,7,9,元大-東泰,2023-02-07,9817
2929,淘帝-KY,11,2,9,元大-東泰,2023-02-07,9817
8462,柏文,9,0,9,元大-東泰,2023-02-07,9817
4114,健喬,60,52,8,元大-東泰,2023-02-07,9817
4174,浩鼎,8,0,8,元大-東泰,2023-02-07,9817
00632R,元大台灣50反1,326,30,296,元大-東泰,2023-02-08,9817
6509,聚和,177,16,161,元大-東泰,2023-02-08,9817
1313,聯成,98,0,98,元大-東泰,2023-02-08,9817
3646,艾恩特,110,30,80,元大-東泰,2023-02-08,9817
00878,國泰永續高股息,83,6,77,元大-東泰,2023-02-08,9817
6285,啟��,80,7,73,元大-東泰,2023-02-08,9817
2009,第一銅,101,45,56,元大-東泰,2023-02-08,9817
00680L,元大美債20正2,50,0,50,元大-東泰,2023-02-08,9817
2618,長榮航,37,0,37,元大-東泰,2023-02-08,9817
4960,誠美材,50,15,35,元大-東泰,2023-02-08,9817
4961,天鈺,41,6,35,元大-東泰,2023-02-08,9817
2883,凱基金,34,0,34,元大-東泰,2023-02-08,9817
2610,華航,32,0,32,元大-東泰,2023-02-08,9817
3022,威強電,37,5,32,元大-東泰,2023-02-08,9817
1718,中纖,30,0,30,元大-東泰,2023-02-08,9817
1101,台泥,33,3,30,元大-東泰,2023-02-08,9817
2002,中鋼,30,4,26,元大-東泰,2023-02-08,9817
00637L,元大滬深300正2,29,3,26,元大-東泰,2023-02-08,9817
2498,宏達電,51,27,24,元大-東泰,2023-02-08,9817
00751B,元大AAA至A公司債,22,0,22,元大-東泰,2023-02-08,9817
00773B,中信優先金融債,20,0,20,元大-東泰,2023-02-08,9817
9103,美德醫療-DR,20,0,20,元大-東泰,2023-02-08,9817
1605,華新,62,42,20,元大-東泰,2023-02-08,9817
2882,國泰金,20,1,19,元大-東泰,2023-02-08,9817
3576,聯合再生,17,0,17,元大-東泰,2023-02-08,9817
2419,仲琦,16,0,16,元大-東泰,2023-02-08,9817
6188,廣明,24,8,16,元大-東泰,2023-02-08,9817
2317,鴻海,21,6,15,元大-東泰,2023-02-08,9817
2401,凌陽,20,5,15,元大-東泰,2023-02-08,9817
6550,北極星藥業-KY,16,1,15,元大-東泰,2023-02-08,9817
00679B,元大美債20年,14,0,14,元大-東泰,2023-02-08,9817
2884,玉山金,16,3,13,元大-東泰,2023-02-08,9817
1319,東陽,17,4,13,元大-東泰,2023-02-08,9817
3105,穩懋,15,2,13,元大-東泰,2023-02-08,9817
2897,王道銀行,12,0,12,元大-東泰,2023-02-08,9817
2890,永豐金,12,0,12,元大-東泰,2023-02-08,9817
00673R,期元大S＆P原油反1,11,0,11,元大-東泰,2023-02-08,9817
00892,富邦台灣半導體,16,5,11,元大-東泰,2023-02-08,9817
00650L,復華香港正2,10,0,10,元大-東泰,2023-02-08,9817
8289,泰藝,10,0,10,元大-東泰,2023-02-08,9817
2369,菱生,10,0,10,元大-東泰,2023-02-08,9817
3594,磐儀,10,0,10,元大-東泰,2023-02-08,9817
8358,金居,13,3,10,元大-東泰,2023-02-08,9817
4402,郡都開發,10,0,10,元大-東泰,2023-02-08,9817
3713,新晶投控,10,0,10,元大-東泰,2023-02-08,9817
4121,優盛,10,0,10,元大-東泰,2023-02-08,9817
6223,旺矽,12,3,9,元大-東泰,2023-02-08,9817
2891,中信金,9,0,9,元大-東泰,2023-02-08,9817
5009,榮剛,12,3,9,元大-東泰,2023-02-08,9817
6129,普誠,22,13,9,元大-東泰,2023-02-08,9817
4960,誠美材,213,1,212,元大-東泰,2023-02-09,9817
6282,康舒,138,30,108,元大-東泰,2023-02-09,9817
8027,鈦昇,68,1,67,元大-東泰,2023-02-09,9817
00878,國泰永續高股息,60,2,58,元大-東泰,2023-02-09,9817
00900,富邦特選高股息30,40,4,36,元大-東泰,2023-02-09,9817
8201,無敵,31,0,31,元大-東泰,2023-02-09,9817
2413,環科,28,1,27,元大-東泰,2023-02-09,9817
6129,普誠,47,21,26,元大-東泰,2023-02-09,9817
3481,群創,39,15,24,元大-東泰,2023-02-09,9817
1101,台泥,26,2,24,元大-東泰,2023-02-09,9817
4142,國光生,21,0,21,元大-東泰,2023-02-09,9817
2889,國票金,21,0,21,元大-東泰,2023-02-09,9817
4513,福裕,20,0,20,元大-東泰,2023-02-09,9817
3339,泰谷,20,0,20,元大-東泰,2023-02-09,9817
00632R,元大台灣50反1,25,8,17,元大-東泰,2023-02-09,9817
2461,光群雷,17,0,17,元大-東泰,2023-02-09,9817
2890,永豐金,20,3,17,元大-東泰,2023-02-09,9817
3443,創意,26,10,16,元大-東泰,2023-02-09,9817
8121,越峰,18,2,16,元大-東泰,2023-02-09,9817
2882,國泰金,21,5,16,元大-東泰,2023-02-09,9817
4128,中天,25,12,13,元大-東泰,2023-02-09,9817
5475,德宏,14,1,13,元大-東泰,2023-02-09,9817
5309,系統電,19,7,12,元大-東泰,2023-02-09,9817
00637L,元大滬深300正2,22,10,12,元大-東泰,2023-02-09,9817
2515,中工,12,0,12,元大-東泰,2023-02-09,9817
2886,兆豐金,13,1,12,元大-東泰,2023-02-09,9817
3714,富采,12,0,12,元大-東泰,2023-02-09,9817
3710,連展投控,15,3,12,元大-東泰,2023-02-09,9817
00679B,元大美債20年,12,0,12,元大-東泰,2023-02-09,9817
2609,陽明,12,1,11,元大-東泰,2023-02-09,9817
6443,元晶,14,3,11,元大-東泰,2023-02-09,9817
2614,東森,16,5,11,元大-東泰,2023-02-09,9817
2425,承啟,13,2,11,元大-東泰,2023-02-09,9817
6603,富強鑫,11,0,11,元大-東泰,2023-02-09,9817
2344,華邦電,54,43,11,元大-東泰,2023-02-09,9817
0056,元大高股息,16,6,10,元大-東泰,2023-02-09,9817
4743,合一,18,8,10,元大-東泰,2023-02-09,9817
2014,中鴻,11,1,10,元大-東泰,2023-02-09,9817
6285,啟��,10,0,10,元大-東泰,2023-02-09,9817
4102,永日,13,3,10,元大-東泰,2023-02-09,9817
4155,訊映,10,0,10,元大-東泰,2023-02-09,9817
2421,建準,10,0,10,元大-東泰,2023-02-09,9817
5905,南仁湖,10,0,10,元大-東泰,2023-02-09,9817
4934,太極,10,0,10,元大-東泰,2023-02-09,9817
4919,新唐,46,36,10,元大-東泰,2023-02-09,9817
00885,富邦越南,9,0,9,元大-東泰,2023-02-09,9817
3526,凡甲,9,0,9,元大-東泰,2023-02-09,9817
3027,盛達,10,1,9,元大-東泰,2023-02-09,9817
6217,中探針,9,0,9,元大-東泰,2023-02-09,9817
9105,泰金寶-DR,9,0,9,元大-東泰,2023-02-09,9817
6244,茂迪,244,6,238,元大-東泰,2023-02-10,9817
4979,華星光,301,161,140,元大-東泰,2023-02-10,9817
00878,國泰永續高股息,141,5,136,元大-東泰,2023-02-10,9817
3481,群創,132,24,108,元大-東泰,2023-02-10,9817
00680L,元大美債20正2,68,0,68,元大-東泰,2023-02-10,9817
00632R,元大台灣50反1,64,0,64,元大-東泰,2023-02-10,9817
2409,友達,67,10,57,元大-東泰,2023-02-10,9817
00900,富邦特選高股息30,45,0,45,元大-東泰,2023-02-10,9817
6285,啟��,56,11,45,元大-東泰,2023-02-10,9817
2889,國票金,41,0,41,元大-東泰,2023-02-10,9817
2883B,凱基金乙特,40,0,40,元大-東泰,2023-02-10,9817
3014,聯陽,38,0,38,元大-東泰,2023-02-10,9817
2498,宏達電,56,19,37,元大-東泰,2023-02-10,9817
1464,得力,36,0,36,元大-東泰,2023-02-10,9817
2313,華通,30,1,29,元大-東泰,2023-02-10,9817
6155,鈞寶,28,0,28,元大-東泰,2023-02-10,9817
1810,和成,84,56,28,元大-東泰,2023-02-10,9817
2884,玉山金,30,6,24,元大-東泰,2023-02-10,9817
2618,長榮航,27,4,23,元大-東泰,2023-02-10,9817
00671R,富邦NASDAQ反1,22,0,22,元大-東泰,2023-02-10,9817
1584,精剛,70,48,22,元大-東泰,2023-02-10,9817
0056,元大高股息,22,0,22,元大-東泰,2023-02-10,9817
6143,振曜,52,31,21,元大-東泰,2023-02-10,9817
2887,台新金,20,0,20,元大-東泰,2023-02-10,9817
2368,金像電,35,15,20,元大-東泰,2023-02-10,9817
2612,中航,20,0,20,元大-東泰,2023-02-10,9817
5285,界霖,20,0,20,元大-東泰,2023-02-10,9817
9103,美德醫療-DR,20,0,20,元大-東泰,2023-02-10,9817
8111,立��,20,0,20,元大-東泰,2023-02-10,9817
2880,華南金,31,12,19,元大-東泰,2023-02-10,9817
2344,華邦電,22,3,19,元大-東泰,2023-02-10,9817
2468,華經,35,18,17,元大-東泰,2023-02-10,9817
8027,鈦昇,16,0,16,元大-東泰,2023-02-10,9817
2886,兆豐金,63,47,16,元大-東泰,2023-02-10,9817
00885,富邦越南,15,0,15,元大-東泰,2023-02-10,9817
2603,長榮,19,5,14,元大-東泰,2023-02-10,9817
4919,新唐,41,27,14,元大-東泰,2023-02-10,9817
2610,華航,39,25,14,元大-東泰,2023-02-10,9817
00751B,元大AAA至A公司債,13,0,13,元大-東泰,2023-02-10,9817
3037,欣興,16,3,13,元大-東泰,2023-02-10,9817
00679B,元大美債20年,14,2,12,元大-東泰,2023-02-10,9817
1319,東陽,12,0,12,元大-東泰,2023-02-10,9817
2359,所羅門,13,1,12,元大-東泰,2023-02-10,9817
1218,泰山,12,0,12,元大-東泰,2023-02-10,9817
6266,泰詠,22,10,12,元大-東泰,2023-02-10,9817
4121,優盛,12,0,12,元大-東泰,2023-02-10,9817
2609,陽明,21,9,12,元大-東泰,2023-02-10,9817
2038,海光,11,0,11,元大-東泰,2023-02-10,9817
5388,中磊,11,0,11,元大-東泰,2023-02-10,9817
6605,帝寶,13,3,10,元大-東泰,2023-02-10,9817
00680L,元大美債20正2,164,0,164,元大-東泰,2023-02-13,9817
00878,國泰永續高股息,155,0,155,元大-東泰,2023-02-13,9817
2889,國票金,61,2,59,元大-東泰,2023-02-13,9817
2409,友達,59,3,56,元大-東泰,2023-02-13,9817
8093,保銳,47,0,47,元大-東泰,2023-02-13,9817
00632R,元大台灣50反1,51,10,41,元大-東泰,2023-02-13,9817
2618,長榮航,42,2,40,元大-東泰,2023-02-13,9817
00900,富邦特選高股息30,41,1,40,元大-東泰,2023-02-13,9817
00773B,中信優先金融債,36,0,36,元大-東泰,2023-02-13,9817
00679B,元大美債20年,35,1,34,元大-東泰,2023-02-13,9817
00720B,元大投資級公司債,32,0,32,元大-東泰,2023-02-13,9817
2609,陽明,41,10,31,元大-東泰,2023-02-13,9817
1314,中石化,30,0,30,元大-東泰,2023-02-13,9817
2929,淘帝-KY,30,1,29,元大-東泰,2023-02-13,9817
00905,FT臺灣Smart,28,0,28,元大-東泰,2023-02-13,9817
00673R,期元大S＆P原油反1,27,0,27,元大-東泰,2023-02-13,9817
2323,中環,26,0,26,元大-東泰,2023-02-13,9817
4960,誠美材,25,0,25,元大-東泰,2023-02-13,9817
2352,佳世達,23,0,23,元大-東泰,2023-02-13,9817
8033,雷虎,25,3,22,元大-東泰,2023-02-13,9817
2892,第一金,26,4,22,元大-東泰,2023-02-13,9817
2812,台中銀,22,0,22,元大-東泰,2023-02-13,9817
2303,聯電,38,16,22,元大-東泰,2023-02-13,9817
6118,建達,23,2,21,元大-東泰,2023-02-13,9817
00772B,中信高評級公司債,21,0,21,元大-東泰,2023-02-13,9817
2461,光群雷,20,0,20,元大-東泰,2023-02-13,9817
2468,華經,27,8,19,元大-東泰,2023-02-13,9817
4564,元翎,18,0,18,元大-東泰,2023-02-13,9817
2038,海光,17,0,17,元大-東泰,2023-02-13,9817
5203,訊連,17,1,16,元大-東泰,2023-02-13,9817
2359,所羅門,16,0,16,元大-東泰,2023-02-13,9817
2002,中鋼,15,0,15,元大-東泰,2023-02-13,9817
4413,飛寶企業,15,0,15,元大-東泰,2023-02-13,9817
3481,群創,20,5,15,元大-東泰,2023-02-13,9817
9929,秋雨,15,0,15,元大-東泰,2023-02-13,9817
6770,力積電,19,5,14,元大-東泰,2023-02-13,9817
2634,漢翔,27,13,14,元大-東泰,2023-02-13,9817
2888,新光金,55,41,14,元大-東泰,2023-02-13,9817
4919,新唐,27,14,13,元大-東泰,2023-02-13,9817
2449,京元電子,13,0,13,元大-東泰,2023-02-13,9817
2897,王道銀行,12,0,12,元大-東泰,2023-02-13,9817
3479,安勤,12,1,11,元大-東泰,2023-02-13,9817
4155,訊映,11,0,11,元大-東泰,2023-02-13,9817
1447,力鵬,13,2,11,元大-東泰,2023-02-13,9817
5285,界霖,11,0,11,元大-東泰,2023-02-13,9817
2882,國泰金,15,4,11,元大-東泰,2023-02-13,9817
2610,華航,14,4,10,元大-東泰,2023-02-13,9817
00681R,元大美債20反1,10,0,10,元大-東泰,2023-02-13,9817
2911,麗嬰房,10,0,10,元大-東泰,2023-02-13,9817
6625,必應,10,0,10,元大-東泰,2023-02-13,9817
00632R,元大台灣50反1,356,150,206,元大-東泰,2023-02-14,9817
00637L,元大滬深300正2,56,0,56,元大-東泰,2023-02-14,9817
00650L,復華香港正2,43,0,43,元大-東泰,2023-02-14,9817
6266,泰詠,44,7,37,元大-東泰,2023-02-14,9817
4114,健喬,62,30,32,元大-東泰,2023-02-14,9817
9103,美德醫療-DR,30,0,30,元大-東泰,2023-02-14,9817
4919,新唐,39,12,27,元大-東泰,2023-02-14,9817
2353,宏��,30,4,26,元大-東泰,2023-02-14,9817
3704,合勤控,23,1,22,元大-東泰,2023-02-14,9817
2603,長榮,29,8,21,元大-東泰,2023-02-14,9817
00671R,富邦NASDAQ反1,20,0,20,元大-東泰,2023-02-14,9817
2363,矽統,20,0,20,元大-東泰,2023-02-14,9817
1605,華新,53,34,19,元大-東泰,2023-02-14,9817
2731,雄獅,23,4,19,元大-東泰,2023-02-14,9817
2897,王道銀行,17,0,17,元大-東泰,2023-02-14,9817
00655L,國泰中國A50正2,17,0,17,元大-東泰,2023-02-14,9817
4402,郡都開發,17,0,17,元大-東泰,2023-02-14,9817
4960,誠美材,20,5,15,元大-東泰,2023-02-14,9817
4979,華星光,20,5,15,元大-東泰,2023-02-14,9817
3479,安勤,17,3,14,元大-東泰,2023-02-14,9817
3005,神基,13,0,13,元大-東泰,2023-02-14,9817
00673R,期元大S＆P原油反1,12,0,12,元大-東泰,2023-02-14,9817
2388,威盛,14,3,11,元大-東泰,2023-02-14,9817
6142,友勁,13,2,11,元大-東泰,2023-02-14,9817
00720B,元大投資級公司債,10,0,10,元大-東泰,2023-02-14,9817
9929,秋雨,16,6,10,元大-東泰,2023-02-14,9817
2601,益航,10,0,10,元大-東泰,2023-02-14,9817
4413,飛寶企業,10,0,10,元大-東泰,2023-02-14,9817
00664R,國泰臺灣加權反1,10,0,10,元大-東泰,2023-02-14,9817
2929,淘帝-KY,10,0,10,元大-東泰,2023-02-14,9817
2890,永豐金,17,7,10,元大-東泰,2023-02-14,9817
2444,兆勁,10,0,10,元大-東泰,2023-02-14,9817
2486,一詮,26,17,9,元大-東泰,2023-02-14,9817
2301,光寶科,9,0,9,元大-東泰,2023-02-14,9817
6180,橘子,23,14,9,元大-東泰,2023-02-14,9817
2468,華經,35,27,8,元大-東泰,2023-02-14,9817
8222,寶一,26,18,8,元大-東泰,2023-02-14,9817
5202,力新,8,0,8,元大-東泰,2023-02-14,9817
6235,華孚,15,7,8,元大-東泰,2023-02-14,9817
6190,萬泰科,9,1,8,元大-東泰,2023-02-14,9817
8478,東哥遊艇,29,21,8,元大-東泰,2023-02-14,9817
2884,玉山金,10,2,8,元大-東泰,2023-02-14,9817
2492,華新科,9,2,7,元大-東泰,2023-02-14,9817
2634,漢翔,40,33,7,元大-東泰,2023-02-14,9817
3494,誠研,8,1,7,元大-東泰,2023-02-14,9817
2206,三陽工業,7,0,7,元大-東泰,2023-02-14,9817
6176,瑞儀,6,0,6,元大-東泰,2023-02-14,9817
2883,凱基金,6,0,6,元大-東泰,2023-02-14,9817
00907,永豐優息存股,6,0,6,元大-東泰,2023-02-14,9817
1815,富喬,6,0,6,元大-東泰,2023-02-14,9817
00632R,元大台灣50反1,1158,262,896,元大-東泰,2023-02-15,9817
00878,國泰永續高股息,281,19,262,元大-東泰,2023-02-15,9817
5512,力麒,50,4,46,元大-東泰,2023-02-15,9817
00900,富邦特選高股息30,58,15,43,元大-東泰,2023-02-15,9817
6770,力積電,46,6,40,元大-東泰,2023-02-15,9817
8183,精星,37,1,36,元大-東泰,2023-02-15,9817
1314,中石化,36,0,36,元大-東泰,2023-02-15,9817
2344,華邦電,44,9,35,元大-東泰,2023-02-15,9817
2027,大成鋼,45,15,30,元大-東泰,2023-02-15,9817
6278,台表科,30,0,30,元大-東泰,2023-02-15,9817
3037,欣興,40,11,29,元大-東泰,2023-02-15,9817
2618,長榮航,35,9,26,元大-東泰,2023-02-15,9817
2002,中鋼,25,0,25,元大-東泰,2023-02-15,9817
1584,精剛,45,20,25,元大-東泰,2023-02-15,9817
2888,新光金,24,0,24,元大-東泰,2023-02-15,9817
00637L,元大滬深300正2,28,5,23,元大-東泰,2023-02-15,9817
2330,台積電,31,10,21,元大-東泰,2023-02-15,9817
4931,新盛力,41,20,21,元大-東泰,2023-02-15,9817
2743,山富,31,11,20,元大-東泰,2023-02-15,9817
2887,台新金,21,2,19,元大-東泰,2023-02-15,9817
00905,FT臺灣Smart,18,0,18,元大-東泰,2023-02-15,9817
6282,康舒,23,5,18,元大-東泰,2023-02-15,9817
4804,大略-KY,20,2,18,元大-東泰,2023-02-15,9817
4142,國光生,17,0,17,元大-東泰,2023-02-15,9817
2834,臺企銀,22,7,15,元大-東泰,2023-02-15,9817
3481,群創,205,190,15,元大-東泰,2023-02-15,9817
00728,第一金工業30,15,0,15,元大-東泰,2023-02-15,9817
2886,兆豐金,56,41,15,元大-東泰,2023-02-15,9817
3047,訊舟,14,0,14,元大-東泰,2023-02-15,9817
2634,漢翔,22,8,14,元大-東泰,2023-02-15,9817
3374,精材,16,3,13,元大-東泰,2023-02-15,9817
2609,陽明,17,4,13,元大-東泰,2023-02-15,9817
0050,元大台灣50,12,0,12,元大-東泰,2023-02-15,9817
5347,世界,15,3,12,元大-東泰,2023-02-15,9817
00665L,富邦�琤肭磪囓�2,12,0,12,元大-東泰,2023-02-15,9817
2883,凱基金,13,1,12,元大-東泰,2023-02-15,9817
2453,凌群,48,36,12,元大-東泰,2023-02-15,9817
2303,聯電,16,5,11,元大-東泰,2023-02-15,9817
2014,中鴻,12,1,11,元大-東泰,2023-02-15,9817
5706,鳳凰,13,2,11,元大-東泰,2023-02-15,9817
2482,連宇,15,5,10,元大-東泰,2023-02-15,9817
6142,友勁,12,2,10,元大-東泰,2023-02-15,9817
6609,瀧澤科,11,1,10,元大-東泰,2023-02-15,9817
5388,中磊,10,0,10,元大-東泰,2023-02-15,9817
4402,郡都開發,10,0,10,元大-東泰,2023-02-15,9817
6101,寬魚國際,10,0,10,元大-東泰,2023-02-15,9817
2393,億光,10,0,10,元大-東泰,2023-02-15,9817
2427,三商電,10,0,10,元大-東泰,2023-02-15,9817
2484,希華,14,4,10,元大-東泰,2023-02-15,9817
4121,優盛,10,0,10,元大-東泰,2023-02-15,9817
00632R,元大台灣50反1,368,0,368,元大-東泰,2023-02-16,9817
00878,國泰永續高股息,154,23,131,元大-東泰,2023-02-16,9817
00680L,元大美債20正2,110,0,110,元大-東泰,2023-02-16,9817
00679B,元大美債20年,67,0,67,元大-東泰,2023-02-16,9817
2834,臺企銀,77,15,62,元大-東泰,2023-02-16,9817
2465,麗臺,55,1,54,元大-東泰,2023-02-16,9817
00772B,中信高評級公司債,48,0,48,元大-東泰,2023-02-16,9817
00900,富邦特選高股息30,34,4,30,元大-東泰,2023-02-16,9817
4804,大略-KY,40,10,30,元大-東泰,2023-02-16,9817
1101,台泥,30,3,27,元大-東泰,2023-02-16,9817
2484,希華,33,6,27,元大-東泰,2023-02-16,9817
3037,欣興,71,48,23,元大-東泰,2023-02-16,9817
00671R,富邦NASDAQ反1,22,0,22,元大-東泰,2023-02-16,9817
6125,廣運,20,0,20,元大-東泰,2023-02-16,9817
8940,新天地,20,1,19,元大-東泰,2023-02-16,9817
2449,京元電子,17,0,17,元大-東泰,2023-02-16,9817
1503,士電,28,11,17,元大-東泰,2023-02-16,9817
1513,中興電,52,37,15,元大-東泰,2023-02-16,9817
5704,老爺知,14,0,14,元大-東泰,2023-02-16,9817
00673R,期元大S＆P原油反1,13,0,13,元大-東泰,2023-02-16,9817
2897,王道銀行,13,0,13,元大-東泰,2023-02-16,9817
3264,欣銓,13,0,13,元大-東泰,2023-02-16,9817
3047,訊舟,13,0,13,元大-東泰,2023-02-16,9817
00751B,元大AAA至A公司債,12,0,12,元大-東泰,2023-02-16,9817
8033,雷虎,12,0,12,元大-東泰,2023-02-16,9817
2929,淘帝-KY,12,0,12,元大-東泰,2023-02-16,9817
4911,德英,12,1,11,元大-東泰,2023-02-16,9817
2352,佳世達,11,0,11,元大-東泰,2023-02-16,9817
2743,山富,12,1,11,元大-東泰,2023-02-16,9817
2027,大成鋼,13,3,10,元大-東泰,2023-02-16,9817
00882,中信中國高股息,10,0,10,元大-東泰,2023-02-16,9817
1338,廣華-KY,10,0,10,元大-東泰,2023-02-16,9817
3689,湧德,10,0,10,元大-東泰,2023-02-16,9817
4915,致伸,15,5,10,元大-東泰,2023-02-16,9817
6142,友勁,12,2,10,元大-東泰,2023-02-16,9817
6245,立端,10,0,10,元大-東泰,2023-02-16,9817
00908,富邦入息REITs+,10,0,10,元大-東泰,2023-02-16,9817
3289,宜特,10,0,10,元大-東泰,2023-02-16,9817
2303,聯電,37,27,10,元大-東泰,2023-02-16,9817
00720B,元大投資級公司債,9,0,9,元大-東泰,2023-02-16,9817
8105,凌巨,12,3,9,元大-東泰,2023-02-16,9817
6248,沛波,10,1,9,元大-東泰,2023-02-16,9817
8183,精星,11,2,9,元大-東泰,2023-02-16,9817
00780B,國泰A級金融債,8,0,8,元大-東泰,2023-02-16,9817
9929,秋雨,8,0,8,元大-東泰,2023-02-16,9817
4168,醣聯,8,0,8,元大-東泰,2023-02-16,9817
2605,新興,8,0,8,元大-東泰,2023-02-16,9817
1444,力麗,7,0,7,元大-東泰,2023-02-16,9817
3479,安勤,8,1,7,元大-東泰,2023-02-16,9817
3624,光頡,14,7,7,元大-東泰,2023-02-16,9817
00680L,元大美債20正2,139,0,139,元大-東泰,2023-02-17,9817
2388,威盛,74,8,66,元大-東泰,2023-02-17,9817
4960,誠美材,65,3,62,元大-東泰,2023-02-17,9817
2025,千興,55,0,55,元大-東泰,2023-02-17,9817
2610,華航,96,51,45,元大-東泰,2023-02-17,9817
1584,精剛,61,17,44,元大-東泰,2023-02-17,9817
2498,宏達電,57,15,42,元大-東泰,2023-02-17,9817
2618,長榮航,88,48,40,元大-東泰,2023-02-17,9817
2886,兆豐金,51,12,39,元大-東泰,2023-02-17,9817
00893,國泰智能電動車,39,1,38,元大-東泰,2023-02-17,9817
00679B,元大美債20年,36,0,36,元大-東泰,2023-02-17,9817
00772B,中信高評級公司債,34,0,34,元大-東泰,2023-02-17,9817
1313,聯成,32,0,32,元大-東泰,2023-02-17,9817
00885,富邦越南,30,0,30,元大-東泰,2023-02-17,9817
6770,力積電,30,0,30,元大-東泰,2023-02-17,9817
6269,台郡,23,0,23,元大-東泰,2023-02-17,9817
00905,FT臺灣Smart,23,0,23,元大-東泰,2023-02-17,9817
5351,鈺創,29,6,23,元大-東泰,2023-02-17,9817
00902,中信電池及儲能,22,0,22,元大-東泰,2023-02-17,9817
4919,新唐,58,37,21,元大-東泰,2023-02-17,9817
2867,三商壽,20,0,20,元大-東泰,2023-02-17,9817
6285,啟��,20,0,20,元大-東泰,2023-02-17,9817
2884,玉山金,29,9,20,元大-東泰,2023-02-17,9817
2882,國泰金,24,4,20,元大-東泰,2023-02-17,9817
00878,國泰永續高股息,80,61,19,元大-東泰,2023-02-17,9817
2027,大成鋼,21,2,19,元大-東泰,2023-02-17,9817
8938,明安,17,0,17,元大-東泰,2023-02-17,9817
3058,立德,35,18,17,元大-東泰,2023-02-17,9817
5388,中磊,19,2,17,元大-東泰,2023-02-17,9817
3481,群創,49,32,17,元大-東泰,2023-02-17,9817
1417,嘉裕,15,0,15,元大-東泰,2023-02-17,9817
8072,陞泰,14,0,14,元大-東泰,2023-02-17,9817
6547,高端疫苗,13,0,13,元大-東泰,2023-02-17,9817
2419,仲琦,14,1,13,元大-東泰,2023-02-17,9817
00903,富邦元宇宙,13,0,13,元大-東泰,2023-02-17,9817
00637L,元大滬深300正2,48,35,13,元大-東泰,2023-02-17,9817
2468,華經,12,0,12,元大-東泰,2023-02-17,9817
1810,和成,17,5,12,元大-東泰,2023-02-17,9817
00753L,中信中國50正2,12,0,12,元大-東泰,2023-02-17,9817
3037,欣興,25,14,11,元大-東泰,2023-02-17,9817
2330,台積電,15,3,12,元大-東泰,2023-02-17,9817
0056,元大高股息,16,4,12,元大-東泰,2023-02-17,9817
2929,淘帝-KY,11,0,11,元大-東泰,2023-02-17,9817
2208,台船,18,7,11,元大-東泰,2023-02-17,9817
2492,華新科,11,0,11,元大-東泰,2023-02-17,9817
1218,泰山,16,6,10,元大-東泰,2023-02-17,9817
1504,東元,10,0,10,元大-東泰,2023-02-17,9817
6148,驊宏資,10,0,10,元大-東泰,2023-02-17,9817
2453,凌群,10,1,9,元大-東泰,2023-02-17,9817
00665L,富邦�琤肭磪囓�2,9,0,9,元大-東泰,2023-02-17,9817
3058,立德,348,0,348,元大-東泰,2023-02-20,9817
00632R,元大台灣50反1,152,51,101,元大-東泰,2023-02-20,9817
2337,旺宏,92,0,92,元大-東泰,2023-02-20,9817
2610,華航,163,87,76,元大-東泰,2023-02-20,9817
6235,華孚,79,13,66,元大-東泰,2023-02-20,9817
2883,凱基金,108,44,64,元大-東泰,2023-02-20,9817
5512,力麒,51,0,51,元大-東泰,2023-02-20,9817
6116,彩晶,121,77,44,元大-東泰,2023-02-20,9817
6125,廣運,45,4,41,元大-東泰,2023-02-20,9817
00712,復華富時不動產,44,5,39,元大-東泰,2023-02-20,9817
8358,金居,46,9,37,元大-東泰,2023-02-20,9817
4804,大略-KY,35,5,30,元大-東泰,2023-02-20,9817
6282,康舒,37,8,29,元大-東泰,2023-02-20,9817
4128,中天,52,24,28,元大-東泰,2023-02-20,9817
5009,榮剛,133,109,24,元大-東泰,2023-02-20,9817
3710,連展投控,23,0,23,元大-東泰,2023-02-20,9817
6111,大宇資,21,0,21,元大-東泰,2023-02-20,9817
3056,富華新,19,0,19,元大-東泰,2023-02-20,9817
2883B,凱基金乙特,19,0,19,元大-東泰,2023-02-20,9817
2328,廣宇,18,0,18,元大-東泰,2023-02-20,9817
6443,元晶,18,1,17,元大-東泰,2023-02-20,9817
3707,漢磊,17,1,16,元大-東泰,2023-02-20,9817
2888,新光金,37,21,16,元大-東泰,2023-02-20,9817
8383,千附,21,6,15,元大-東泰,2023-02-20,9817
1708,東鹼,19,4,15,元大-東泰,2023-02-20,9817
2486,一詮,14,0,14,元大-東泰,2023-02-20,9817
3062,建漢,14,0,14,元大-東泰,2023-02-20,9817
6217,中探針,17,3,14,元大-東泰,2023-02-20,9817
2641,正德,13,0,13,元大-東泰,2023-02-20,9817
1325,恆大,13,0,13,元大-東泰,2023-02-20,9817
2707,晶華,13,0,13,元大-東泰,2023-02-20,9817
2380,虹光,13,0,13,元大-東泰,2023-02-20,9817
2453,凌群,25,12,13,元大-東泰,2023-02-20,9817
2206,三陽工業,15,2,13,元大-東泰,2023-02-20,9817
00893,國泰智能電動車,14,2,12,元大-東泰,2023-02-20,9817
8105,凌巨,21,10,11,元大-東泰,2023-02-20,9817
5392,能率,16,5,11,元大-東泰,2023-02-20,9817
8213,志超,11,0,11,元大-東泰,2023-02-20,9817
3339,泰谷,10,0,10,元大-東泰,2023-02-20,9817
2323,中環,10,0,10,元大-東泰,2023-02-20,9817
2312,金寶,10,0,10,元大-東泰,2023-02-20,9817
2537,聯上發,10,0,10,元大-東泰,2023-02-20,9817
3494,誠研,10,0,10,元大-東泰,2023-02-20,9817
8050,廣積,11,1,10,元大-東泰,2023-02-20,9817
2880,華南金,13,3,10,元大-東泰,2023-02-20,9817
00878,國泰永續高股息,16,6,10,元大-東泰,2023-02-20,9817
00679B,元大美債20年,9,0,9,元大-東泰,2023-02-20,9817
1314,中石化,12,3,9,元大-東泰,2023-02-20,9817
1304,台聚,10,1,9,元大-東泰,2023-02-20,9817
8289,泰藝,9,0,9,元大-東泰,2023-02-20,9817
00648R,元大S＆P500反1,147,0,147,元大-東泰,2023-02-21,9817
2867,三商壽,124,12,112,元大-東泰,2023-02-21,9817
2884,玉山金,126,33,93,元大-東泰,2023-02-21,9817
2618,長榮航,71,2,69,元大-東泰,2023-02-21,9817
4979,華星光,79,14,65,元大-東泰,2023-02-21,9817
6266,泰詠,72,7,65,元大-東泰,2023-02-21,9817
2388,威盛,74,18,56,元大-東泰,2023-02-21,9817
2634,漢翔,48,10,38,元大-東泰,2023-02-21,9817
1605,華新,81,44,37,元大-東泰,2023-02-21,9817
4915,致伸,39,2,37,元大-東泰,2023-02-21,9817
1701,中化,33,2,31,元大-東泰,2023-02-21,9817
1103,嘉泥,32,1,31,元大-東泰,2023-02-21,9817
2353,宏��,31,0,31,元大-東泰,2023-02-21,9817
3078,僑威,31,1,30,元大-東泰,2023-02-21,9817
2340,台亞,27,0,27,元大-東泰,2023-02-21,9817
8105,凌巨,51,26,25,元大-東泰,2023-02-21,9817
5388,中磊,23,1,22,元大-東泰,2023-02-21,9817
2312,金寶,24,2,22,元大-東泰,2023-02-21,9817
6517,保勝光學,21,0,21,元大-東泰,2023-02-21,9817
3027,盛達,52,31,21,元大-東泰,2023-02-21,9817
1236,宏亞,20,0,20,元大-東泰,2023-02-21,9817
00878,國泰永續高股息,26,6,20,元大-東泰,2023-02-21,9817
1217,愛之味,20,1,19,元大-東泰,2023-02-21,9817
00751B,元大AAA至A公司債,18,0,18,元大-東泰,2023-02-21,9817
5009,榮剛,57,41,16,元大-東泰,2023-02-21,9817
2337,旺宏,14,0,14,元大-東泰,2023-02-21,9817
2027,大成鋼,16,3,13,元大-東泰,2023-02-21,9817
1437,勤益控,12,0,12,元大-東泰,2023-02-21,9817
3713,新晶投控,11,0,11,元大-東泰,2023-02-21,9817
2633,台灣高鐵,11,0,11,元大-東泰,2023-02-21,9817
8034,榮群,11,0,11,元大-東泰,2023-02-21,9817
2882,國泰金,13,2,11,元大-東泰,2023-02-21,9817
1314,中石化,11,0,11,元大-東泰,2023-02-21,9817
6550,北極星藥業-KY,11,1,10,元大-東泰,2023-02-21,9817
4804,大略-KY,10,0,10,元大-東泰,2023-02-21,9817
1514,亞力,18,8,10,元大-東泰,2023-02-21,9817
6443,元晶,13,3,10,元大-東泰,2023-02-21,9817
4934,太極,10,0,10,元大-東泰,2023-02-21,9817
8403,盛弘,10,0,10,元大-東泰,2023-02-21,9817
5309,系統電,38,28,10,元大-東泰,2023-02-21,9817
4961,天鈺,40,31,9,元大-東泰,2023-02-21,9817
3264,欣銓,9,0,9,元大-東泰,2023-02-21,9817
00665L,富邦�琤肭磪囓�2,18,9,9,元大-東泰,2023-02-21,9817
00712,復華富時不動產,9,0,9,元大-東泰,2023-02-21,9817
00720B,元大投資級公司債,9,1,8,元大-東泰,2023-02-21,9817
4111,濟生,12,4,8,元大-東泰,2023-02-21,9817
2637,慧洋-KY,8,0,8,元大-東泰,2023-02-21,9817
1522,堤維西,21,13,8,元大-東泰,2023-02-21,9817
6288,聯嘉,43,35,8,元大-東泰,2023-02-21,9817
2498,宏達電,39,31,8,元大-東泰,2023-02-21,9817
00878,國泰永續高股息,99,5,94,元大-東泰,2023-02-22,9817
2303,聯電,92,3,89,元大-東泰,2023-02-22,9817
00712,復華富時不動產,85,5,80,元大-東泰,2023-02-22,9817
6282,康舒,107,35,72,元大-東泰,2023-02-22,9817
6235,華孚,102,47,55,元大-東泰,2023-02-22,9817
2884,玉山金,59,5,54,元大-東泰,2023-02-22,9817
00893,國泰智能電動車,44,0,44,元大-東泰,2023-02-22,9817
3037,欣興,47,3,44,元大-東泰,2023-02-22,9817
2618,長榮航,46,3,43,元大-東泰,2023-02-22,9817
2498,宏達電,51,8,43,元大-東泰,2023-02-22,9817
1444,力麗,40,0,40,元大-東泰,2023-02-22,9817
8069,元太,43,5,38,元大-東泰,2023-02-22,9817
1101,台泥,39,6,33,元大-東泰,2023-02-22,9817
4960,誠美材,45,12,33,元大-東泰,2023-02-22,9817
2312,金寶,31,0,31,元大-東泰,2023-02-22,9817
3576,聯合再生,31,0,31,元大-東泰,2023-02-22,9817
1217,愛之味,30,0,30,元大-東泰,2023-02-22,9817
2867,三商壽,29,0,29,元大-東泰,2023-02-22,9817
2344,華邦電,37,11,26,元大-東泰,2023-02-22,9817
2340,台亞,25,0,25,元大-東泰,2023-02-22,9817
4924,欣厚-KY,25,0,25,元大-東泰,2023-02-22,9817
2380,虹光,34,10,24,元大-東泰,2023-02-22,9817
1609,大亞,24,2,22,元大-東泰,2023-02-22,9817
1504,東元,22,0,22,元大-東泰,2023-02-22,9817
00680L,元大美債20正2,20,0,20,元大-東泰,2023-02-22,9817
3035,智原,37,17,20,元大-東泰,2023-02-22,9817
5488,松普,20,0,20,元大-東泰,2023-02-22,9817
1319,東陽,20,0,20,元大-東泰,2023-02-22,9817
00720B,元大投資級公司債,19,0,19,元大-東泰,2023-02-22,9817
00902,中信電池及儲能,24,5,19,元大-東泰,2023-02-22,9817
2201,裕隆,21,2,19,元大-東泰,2023-02-22,9817
2338,光罩,19,0,19,元大-東泰,2023-02-22,9817
3481,群創,127,109,18,元大-東泰,2023-02-22,9817
1605,華新,58,40,18,元大-東泰,2023-02-22,9817
5512,力麒,22,4,18,元大-東泰,2023-02-22,9817
8111,立��,25,10,15,元大-東泰,2023-02-22,9817
00725B,國泰投資級公司債,14,0,14,元大-東泰,2023-02-22,9817
4919,新唐,55,41,14,元大-東泰,2023-02-22,9817
4121,優盛,14,0,14,元大-東泰,2023-02-22,9817
4977,眾達-KY,22,8,14,元大-東泰,2023-02-22,9817
2330,台積電,16,2,14,元大-東泰,2023-02-22,9817
00847B,中信美國市政債,13,0,13,元大-東泰,2023-02-22,9817
3047,訊舟,15,2,13,元大-東泰,2023-02-22,9817
1513,中興電,41,28,13,元大-東泰,2023-02-22,9817
4114,健喬,32,20,12,元大-東泰,2023-02-22,9817
6271,同欣電,12,0,12,元大-東泰,2023-02-22,9817
4934,太極,12,0,12,元大-東泰,2023-02-22,9817
2030,彰源,12,0,12,元大-東泰,2023-02-22,9817
1219,福壽,12,0,12,元大-東泰,2023-02-22,9817
8478,東哥遊艇,17,6,11,元大-東泰,2023-02-22,9817
2412,中華電,110,0,110,元大-東泰,2023-02-23,9817
3481,群創,146,44,102,元大-東泰,2023-02-23,9817
00885,富邦越南,69,1,68,元大-東泰,2023-02-23,9817
2867,三商壽,73,8,65,元大-東泰,2023-02-23,9817
6288,聯嘉,59,1,58,元大-東泰,2023-02-23,9817
00631L,元大台灣50正2,50,0,50,元大-東泰,2023-02-23,9817
6005,群益證,50,0,50,元大-東泰,2023-02-23,9817
2886,兆豐金,44,0,44,元大-東泰,2023-02-23,9817
2409,友達,48,8,40,元大-東泰,2023-02-23,9817
00720B,元大投資級公司債,38,0,38,元大-東泰,2023-02-23,9817
00751B,元大AAA至A公司債,38,0,38,元大-東泰,2023-02-23,9817
4536,拓凱,38,3,35,元大-東泰,2023-02-23,9817
1584,精剛,42,8,34,元大-東泰,2023-02-23,9817
00715L,期街口布蘭特正2,33,0,33,元大-東泰,2023-02-23,9817
2812,台中銀,34,3,31,元大-東泰,2023-02-23,9817
3432,台端,30,1,29,元大-東泰,2023-02-23,9817
2208,台船,31,2,29,元大-東泰,2023-02-23,9817
2002,中鋼,31,2,29,元大-東泰,2023-02-23,9817
1217,愛之味,27,0,27,元大-東泰,2023-02-23,9817
00847B,中信美國市政債,26,0,26,元大-東泰,2023-02-23,9817
1324,地球,23,0,23,元大-東泰,2023-02-23,9817
5512,力麒,45,24,21,元大-東泰,2023-02-23,9817
2610,華航,23,3,20,元大-東泰,2023-02-23,9817
3702,大聯大,20,0,20,元大-東泰,2023-02-23,9817
9907,統一實,20,0,20,元大-東泰,2023-02-23,9817
2009,第一銅,20,1,19,元大-東泰,2023-02-23,9817
3027,盛達,26,7,19,元大-東泰,2023-02-23,9817
3673,TPK-KY,27,8,19,元大-東泰,2023-02-23,9817
2337,旺宏,19,1,18,元大-東泰,2023-02-23,9817
2303,聯電,33,16,17,元大-東泰,2023-02-23,9817
9945,潤泰新,17,0,17,元大-東泰,2023-02-23,9817
1605,華新,38,22,16,元大-東泰,2023-02-23,9817
4121,優盛,16,0,16,元大-東泰,2023-02-23,9817
00679B,元大美債20年,15,0,15,元大-東泰,2023-02-23,9817
00882,中信中國高股息,15,0,15,元大-東泰,2023-02-23,9817
4804,大略-KY,15,0,15,元大-東泰,2023-02-23,9817
00637L,元大滬深300正2,44,29,15,元大-東泰,2023-02-23,9817
3029,零壹,16,1,15,元大-東泰,2023-02-23,9817
8358,金居,18,4,14,元大-東泰,2023-02-23,9817
00642U,期元大S＆P石油,14,0,14,元大-東泰,2023-02-23,9817
8383,千附,28,14,14,元大-東泰,2023-02-23,9817
4168,醣聯,14,0,14,元大-東泰,2023-02-23,9817
2637,慧洋-KY,46,32,14,元大-東泰,2023-02-23,9817
3037,欣興,28,15,13,元大-東泰,2023-02-23,9817
5452,佶優,13,0,13,元大-東泰,2023-02-23,9817
00714,群益道瓊美國地產,13,0,13,元大-東泰,2023-02-23,9817
2618,長榮航,13,1,12,元大-東泰,2023-02-23,9817
2723,美食-KY,14,2,12,元大-東泰,2023-02-23,9817
1513,中興電,37,25,12,元大-東泰,2023-02-23,9817
4906,正文,11,0,11,元大-東泰,2023-02-23,9817
2461,光群雷,121,0,121,元大-東泰,2023-02-24,9817
00878,國泰永續高股息,80,3,77,元大-東泰,2023-02-24,9817
5512,力麒,81,17,64,元大-東泰,2023-02-24,9817
6282,康舒,95,32,63,元大-東泰,2023-02-24,9817
00671R,富邦NASDAQ反1,62,0,62,元大-東泰,2023-02-24,9817
2353,宏��,50,0,50,元大-東泰,2023-02-24,9817
2884,玉山金,54,5,49,元大-東泰,2023-02-24,9817
2641,正德,66,24,42,元大-東泰,2023-02-24,9817
2601,益航,65,27,38,元大-東泰,2023-02-24,9817
00885,富邦越南,37,2,35,元大-東泰,2023-02-24,9817
4960,誠美材,39,4,35,元大-東泰,2023-02-24,9817
2002,中鋼,37,4,33,元大-東泰,2023-02-24,9817
1584,精剛,46,16,30,元大-東泰,2023-02-24,9817
2313,華通,31,2,29,元大-東泰,2023-02-24,9817
1101,台泥,42,14,28,元大-東泰,2023-02-24,9817
2014,中鴻,30,3,27,元大-東泰,2023-02-24,9817
2867,三商壽,42,15,27,元大-東泰,2023-02-24,9817
6288,聯嘉,28,3,25,元大-東泰,2023-02-24,9817
6179,亞通,25,1,24,元大-東泰,2023-02-24,9817
3714,富采,23,0,23,元大-東泰,2023-02-24,9817
5464,霖宏,32,9,23,元大-東泰,2023-02-24,9817
2618,長榮航,35,12,23,元大-東泰,2023-02-24,9817
1504,東元,22,0,22,元大-東泰,2023-02-24,9817
6142,友勁,22,2,20,元大-東泰,2023-02-24,9817
00633L,富邦上証正2,20,0,20,元大-東泰,2023-02-24,9817
2731,雄獅,21,2,19,元大-東泰,2023-02-24,9817
2637,慧洋-KY,75,57,18,元大-東泰,2023-02-24,9817
3356,奇偶,18,0,18,元大-東泰,2023-02-24,9817
4968,立積,23,5,18,元大-東泰,2023-02-24,9817
3047,訊舟,20,2,18,元大-東泰,2023-02-24,9817
2317,鴻海,25,7,18,元大-東泰,2023-02-24,9817
00882,中信中國高股息,18,0,18,元大-東泰,2023-02-24,9817
8046,南電,18,1,17,元大-東泰,2023-02-24,9817
2425,承啟,21,5,16,元大-東泰,2023-02-24,9817
2380,虹光,16,0,16,元大-東泰,2023-02-24,9817
4919,新唐,42,26,16,元大-東泰,2023-02-24,9817
1444,力麗,15,0,15,元大-東泰,2023-02-24,9817
2498,宏達電,29,14,15,元大-東泰,2023-02-24,9817
8050,廣積,19,5,14,元大-東泰,2023-02-24,9817
2303,聯電,53,39,14,元大-東泰,2023-02-24,9817
2897,王道銀行,13,0,13,元大-東泰,2023-02-24,9817
1301,台塑,13,0,13,元大-東泰,2023-02-24,9817
2812,台中銀,13,0,13,元大-東泰,2023-02-24,9817
2337,旺宏,13,0,13,元大-東泰,2023-02-24,9817
00637L,元大滬深300正2,39,27,12,元大-東泰,2023-02-24,9817
3520,華盈,14,2,12,元大-東泰,2023-02-24,9817
1342,八貫,17,5,12,元大-東泰,2023-02-24,9817
2890,永豐金,15,3,12,元大-東泰,2023-02-24,9817
6228,全譜,15,3,12,元大-東泰,2023-02-24,9817
3207,耀勝,20,9,11,元大-東泰,2023-02-24,9817
00878,國泰永續高股息,106,0,106,元大-東泰,2023-03-01,9817
00712,復華富時不動產,92,0,92,元大-東泰,2023-03-01,9817
2344,華邦電,83,1,82,元大-東泰,2023-03-01,9817
1101,台泥,107,27,80,元大-東泰,2023-03-01,9817
2633,台灣高鐵,75,8,67,元大-東泰,2023-03-01,9817
5009,榮剛,70,8,62,元大-東泰,2023-03-01,9817
5880,合庫金,54,2,52,元大-東泰,2023-03-01,9817
2002,中鋼,94,46,48,元大-東泰,2023-03-01,9817
4953,緯軟,51,7,44,元大-東泰,2023-03-01,9817
2014,中鴻,47,6,41,元大-東泰,2023-03-01,9817
6235,華孚,44,3,41,元大-東泰,2023-03-01,9817
1584,精剛,38,3,35,元大-東泰,2023-03-01,9817
4960,誠美材,55,20,35,元大-東泰,2023-03-01,9817
2201,裕隆,52,19,33,元大-東泰,2023-03-01,9817
6770,力積電,39,6,33,元大-東泰,2023-03-01,9817
2884,玉山金,33,0,33,元大-東泰,2023-03-01,9817
2609,陽明,36,8,28,元大-東泰,2023-03-01,9817
2104,國際中橡,30,2,28,元大-東泰,2023-03-01,9817
00772B,中信高評級公司債,29,2,27,元大-東泰,2023-03-01,9817
2317,鴻海,29,2,27,元大-東泰,2023-03-01,9817
5512,力麒,52,27,25,元大-東泰,2023-03-01,9817
1319,東陽,24,1,23,元大-東泰,2023-03-01,9817
2488,漢平,27,4,23,元大-東泰,2023-03-01,9817
2498,宏達電,64,41,23,元大-東泰,2023-03-01,9817
3481,群創,27,6,21,元大-東泰,2023-03-01,9817
2881,富邦金,20,0,20,元大-東泰,2023-03-01,9817
2885,元大金,21,1,20,元大-東泰,2023-03-01,9817
6116,彩晶,20,0,20,元大-東泰,2023-03-01,9817
2023,燁輝,20,0,20,元大-東泰,2023-03-01,9817
2461,光群雷,20,0,20,元大-東泰,2023-03-01,9817
1605,華新,149,131,18,元大-東泰,2023-03-01,9817
2605,新興,109,91,18,元大-東泰,2023-03-01,9817
1609,大亞,18,0,18,元大-東泰,2023-03-01,9817
3706,神達,18,1,17,元大-東泰,2023-03-01,9817
00882,中信中國高股息,17,2,15,元大-東泰,2023-03-01,9817
2929,淘帝-KY,14,0,14,元大-東泰,2023-03-01,9817
6202,盛群,15,1,14,元大-東泰,2023-03-01,9817
1210,大成,15,1,14,元大-東泰,2023-03-01,9817
9945,潤泰新,15,1,14,元大-東泰,2023-03-01,9817
00650L,復華香港正2,13,0,13,元大-東泰,2023-03-01,9817
2352,佳世達,13,1,12,元大-東泰,2023-03-01,9817
4157,太景*-KY,12,0,12,元大-東泰,2023-03-01,9817
2610,華航,37,26,11,元大-東泰,2023-03-01,9817
2614,東森,12,1,11,元大-東泰,2023-03-01,9817
00893,國泰智能電動車,11,0,11,元大-東泰,2023-03-01,9817
3290,東浦,10,0,10,元大-東泰,2023-03-01,9817
3380,明泰,11,1,10,元大-東泰,2023-03-01,9817
5465,富驊,10,0,10,元大-東泰,2023-03-01,9817
3593,力銘,10,0,10,元大-東泰,2023-03-01,9817
6245,立端,10,0,10,元大-東泰,2023-03-01,9817
00878,國泰永續高股息,174,14,160,元大-東泰,2023-03-02,9817
00712,復華富時不動產,140,0,140,元大-東泰,2023-03-02,9817
2337,旺宏,90,3,87,元大-東泰,2023-03-02,9817
3481,群創,75,5,70,元大-東泰,2023-03-02,9817
00632R,元大台灣50反1,63,10,53,元大-東泰,2023-03-02,9817
00885,富邦越南,43,0,43,元大-東泰,2023-03-02,9817
4919,新唐,50,8,42,元大-東泰,2023-03-02,9817
4967,十銓,46,5,41,元大-東泰,2023-03-02,9817
2605,新興,57,25,32,元大-東泰,2023-03-02,9817
3027,盛達,40,11,29,元大-東泰,2023-03-02,9817
8105,凌巨,28,0,28,元大-東泰,2023-03-02,9817
1605,華新,111,86,25,元大-東泰,2023-03-02,9817
2498,宏達電,27,3,24,元大-東泰,2023-03-02,9817
2886,兆豐金,25,3,22,元大-東泰,2023-03-02,9817
3128,昇銳,23,1,22,元大-東泰,2023-03-02,9817
4532,瑞智,20,0,20,元大-東泰,2023-03-02,9817
5285,界霖,20,0,20,元大-東泰,2023-03-02,9817
4536,拓凱,24,4,20,元大-東泰,2023-03-02,9817
2883,凱基金,19,0,19,元大-東泰,2023-03-02,9817
2002,中鋼,28,11,17,元大-東泰,2023-03-02,9817
00714,群益道瓊美國地產,16,0,16,元大-東泰,2023-03-02,9817
2328,廣宇,16,0,16,元大-東泰,2023-03-02,9817
5512,力麒,23,7,16,元大-東泰,2023-03-02,9817
2201,裕隆,56,41,15,元大-東泰,2023-03-02,9817
8222,寶一,16,2,14,元大-東泰,2023-03-02,9817
1305,華夏,14,0,14,元大-東泰,2023-03-02,9817
2492,華新科,14,1,13,元大-東泰,2023-03-02,9817
2867,三商壽,13,0,13,元大-東泰,2023-03-02,9817
2812,台中銀,13,0,13,元大-東泰,2023-03-02,9817
6116,彩晶,19,8,11,元大-東泰,2023-03-02,9817
3264,欣銓,12,1,11,元大-東泰,2023-03-02,9817
4168,醣聯,11,0,11,元大-東泰,2023-03-02,9817
2891,中信金,12,1,11,元大-東泰,2023-03-02,9817
2409,友達,12,2,10,元大-東泰,2023-03-02,9817
4961,天鈺,14,4,10,元大-東泰,2023-03-02,9817
00847B,中信美國市政債,10,0,10,元大-東泰,2023-03-02,9817
8183,精星,10,0,10,元大-東泰,2023-03-02,9817
8401,白紗科,10,0,10,元大-東泰,2023-03-02,9817
2067,嘉鋼,10,0,10,元大-東泰,2023-03-02,9817
2380,虹光,10,0,10,元大-東泰,2023-03-02,9817
1312,國喬,10,0,10,元大-東泰,2023-03-02,9817
4804,大略-KY,10,0,10,元大-東泰,2023-03-02,9817
3205,佰研,10,0,10,元大-東泰,2023-03-02,9817
3711,日月光投控,13,3,10,元大-東泰,2023-03-02,9817
2915,潤泰全,10,0,10,元大-東泰,2023-03-02,9817
00679B,元大美債20年,9,0,9,元大-東泰,2023-03-02,9817
2104,國際中橡,9,0,9,元大-東泰,2023-03-02,9817
8033,雷虎,20,11,9,元大-東泰,2023-03-02,9817
5009,榮剛,9,0,9,元大-東泰,2023-03-02,9817
2634,漢翔,24,15,9,元大-東泰,2023-03-02,9817
00650L,復華香港正2,113,0,113,元大-東泰,2023-03-03,9817
2618,長榮航,109,5,104,元大-東泰,2023-03-03,9817
00632R,元大台灣50反1,225,153,72,元大-東泰,2023-03-03,9817
8110,華東,70,4,66,元大-東泰,2023-03-03,9817
2609,陽明,107,46,61,元大-東泰,2023-03-03,9817
3236,千如,54,1,53,元大-東泰,2023-03-03,9817
4960,誠美材,65,13,52,元大-東泰,2023-03-03,9817
5410,國眾,53,10,43,元大-東泰,2023-03-03,9817
00888,永豐台灣ESG,41,0,41,元大-東泰,2023-03-03,9817
2027,大成鋼,40,3,37,元大-東泰,2023-03-03,9817
1514,亞力,38,3,35,元大-東泰,2023-03-03,9817
1742,台蠟,44,9,35,元大-東泰,2023-03-03,9817
2834,臺企銀,63,30,33,元大-東泰,2023-03-03,9817
00712,復華富時不動產,33,0,33,元大-東泰,2023-03-03,9817
00885,富邦越南,32,0,32,元大-東泰,2023-03-03,9817
1605,華新,58,27,31,元大-東泰,2023-03-03,9817
3128,昇銳,36,11,25,元大-東泰,2023-03-03,9817
1609,大亞,25,2,23,元大-東泰,2023-03-03,9817
2453,凌群,33,11,22,元大-東泰,2023-03-03,9817
1471,首利,22,0,22,元大-東泰,2023-03-03,9817
6248,沛波,21,0,21,元大-東泰,2023-03-03,9817
8938,明安,23,2,21,元大-東泰,2023-03-03,9817
00633L,富邦上証正2,20,0,20,元大-東泰,2023-03-03,9817
2883B,凱基金乙特,20,0,20,元大-東泰,2023-03-03,9817
4747,強生,20,0,20,元大-東泰,2023-03-03,9817
2482,連宇,40,21,19,元大-東泰,2023-03-03,9817
00878,國泰永續高股息,20,1,19,元大-東泰,2023-03-03,9817
4961,天鈺,27,8,19,元大-東泰,2023-03-03,9817
3016,嘉晶,19,0,19,元大-東泰,2023-03-03,9817
00772B,中信高評級公司債,18,0,18,元大-東泰,2023-03-03,9817
6190,萬泰科,17,0,17,元大-東泰,2023-03-03,9817
2002,中鋼,21,5,16,元大-東泰,2023-03-03,9817
8940,新天地,15,0,15,元大-東泰,2023-03-03,9817
6603,富強鑫,15,0,15,元大-東泰,2023-03-03,9817
3058,立德,15,0,15,元大-東泰,2023-03-03,9817
00683L,期元大美元指正2,15,0,15,元大-東泰,2023-03-03,9817
00679B,元大美債20年,14,0,14,元大-東泰,2023-03-03,9817
3035,智原,29,15,14,元大-東泰,2023-03-03,9817
3706,神達,14,0,14,元大-東泰,2023-03-03,9817
3652,精聯,16,2,14,元大-東泰,2023-03-03,9817
2457,飛宏,68,54,14,元大-東泰,2023-03-03,9817
2368,金像電,15,1,14,元大-東泰,2023-03-03,9817
2887,台新金,14,0,14,元大-東泰,2023-03-03,9817
5512,力麒,13,0,13,元大-東泰,2023-03-03,9817
6129,普誠,15,2,13,元大-東泰,2023-03-03,9817
2707,晶華,23,10,13,元大-東泰,2023-03-03,9817
2201,裕隆,15,2,13,元大-東泰,2023-03-03,9817
5469,瀚宇博,15,3,12,元大-東泰,2023-03-03,9817
00847B,中信美國市政債,12,0,12,元大-東泰,2023-03-03,9817
2495,普安,13,1,12,元大-東泰,2023-03-03,9817
4960,誠美材,435,7,428,元大-東泰,2023-03-06,9817
00632R,元大台灣50反1,150,43,107,元大-東泰,2023-03-06,9817
2610,華航,70,1,69,元大-東泰,2023-03-06,9817
00915,凱基優選高股息30,60,1,59,元大-東泰,2023-03-06,9817
00673R,期元大S＆P原油反1,54,0,54,元大-東泰,2023-03-06,9817
2888,新光金,48,1,47,元大-東泰,2023-03-06,9817
2344,華邦電,54,12,42,元大-東泰,2023-03-06,9817
00712,復華富時不動產,43,1,42,元大-東泰,2023-03-06,9817
8926,台汽電,35,0,35,元大-東泰,2023-03-06,9817
2634,漢翔,31,1,30,元大-東泰,2023-03-06,9817
3441,聯一光,38,10,28,元大-東泰,2023-03-06,9817
00905,FT臺灣Smart,30,3,27,元大-東泰,2023-03-06,9817
2313,華通,27,0,27,元大-東泰,2023-03-06,9817
3479,安勤,48,21,27,元大-東泰,2023-03-06,9817
6288,聯嘉,25,0,25,元大-東泰,2023-03-06,9817
3356,奇偶,41,17,24,元大-東泰,2023-03-06,9817
2354,鴻準,26,4,22,元大-東泰,2023-03-06,9817
1584,精剛,27,7,20,元大-東泰,2023-03-06,9817
2484,希華,23,3,20,元大-東泰,2023-03-06,9817
2103,台橡,20,0,20,元大-東泰,2023-03-06,9817
2605,新興,21,2,19,元大-東泰,2023-03-06,9817
5464,霖宏,19,0,19,元大-東泰,2023-03-06,9817
6005,群益證,17,0,17,元大-東泰,2023-03-06,9817
1605,華新,49,32,17,元大-東泰,2023-03-06,9817
00637L,元大滬深300正2,21,5,16,元大-東泰,2023-03-06,9817
1210,大成,18,3,15,元大-東泰,2023-03-06,9817
8105,凌巨,17,2,15,元大-東泰,2023-03-06,9817
6265,方土昶,15,0,15,元大-東泰,2023-03-06,9817
1714,和桐,13,0,13,元大-東泰,2023-03-06,9817
3706,神達,13,0,13,元大-東泰,2023-03-06,9817
2495,普安,23,10,13,元大-東泰,2023-03-06,9817
2468,華經,12,0,12,元大-東泰,2023-03-06,9817
2845,遠東銀,15,3,12,元大-東泰,2023-03-06,9817
2615,萬海,13,2,11,元大-東泰,2023-03-06,9817
5351,鈺創,23,12,11,元大-東泰,2023-03-06,9817
1342,八貫,14,3,11,元大-東泰,2023-03-06,9817
3032,偉訓,10,0,10,元大-東泰,2023-03-06,9817
4529,淳紳,10,0,10,元大-東泰,2023-03-06,9817
2489,瑞軒,10,0,10,元大-東泰,2023-03-06,9817
8367,建新國際,10,0,10,元大-東泰,2023-03-06,9817
1305,華夏,12,2,10,元大-東泰,2023-03-06,9817
4952,凌通,10,0,10,元大-東泰,2023-03-06,9817
2305,全友,10,0,10,元大-東泰,2023-03-06,9817
6552,易華電,11,1,10,元大-東泰,2023-03-06,9817
5608,四維航,27,18,9,元大-東泰,2023-03-06,9817
3093,港建*,9,0,9,元大-東泰,2023-03-06,9817
1524,耿鼎,9,0,9,元大-東泰,2023-03-06,9817
2332,友訊,11,2,9,元大-東泰,2023-03-06,9817
2881,富邦金,10,2,8,元大-東泰,2023-03-06,9817
00772B,中信高評級公司債,10,2,8,元大-東泰,2023-03-06,9817
00632R,元大台灣50反1,275,0,275,元大-東泰,2023-03-07,9817
3481,群創,111,19,92,元大-東泰,2023-03-07,9817
00878,國泰永續高股息,150,70,80,元大-東泰,2023-03-07,9817
4526,東台,70,0,70,元大-東泰,2023-03-07,9817
00673R,期元大S＆P原油反1,65,0,65,元大-東泰,2023-03-07,9817
2354,鴻準,46,5,41,元大-東泰,2023-03-07,9817
2352,佳世達,37,1,36,元大-東泰,2023-03-07,9817
3521,鴻翊,35,0,35,元大-東泰,2023-03-07,9817
4919,新唐,33,2,31,元大-東泰,2023-03-07,9817
6443,元晶,38,10,28,元大-東泰,2023-03-07,9817
5475,德宏,25,0,25,元大-東泰,2023-03-07,9817
2884,玉山金,30,5,25,元大-東泰,2023-03-07,9817
2104,國際中橡,24,0,24,元大-東泰,2023-03-07,9817
1101,台泥,22,0,22,元大-東泰,2023-03-07,9817
2618,長榮航,20,0,20,元大-東泰,2023-03-07,9817
3013,晟銘電,31,11,20,元大-東泰,2023-03-07,9817
00900,富邦特選高股息30,20,0,20,元大-東泰,2023-03-07,9817
3434,哲固,20,0,20,元大-東泰,2023-03-07,9817
8936,國統,21,1,20,元大-東泰,2023-03-07,9817
5512,力麒,57,38,19,元大-東泰,2023-03-07,9817
6143,振曜,19,2,17,元大-東泰,2023-03-07,9817
2419,仲琦,19,2,17,元大-東泰,2023-03-07,9817
4114,健喬,23,6,17,元大-東泰,2023-03-07,9817
2371,大同,17,1,16,元大-東泰,2023-03-07,9817
2534,宏盛,15,0,15,元大-東泰,2023-03-07,9817
4979,華星光,32,17,15,元大-東泰,2023-03-07,9817
4102,永日,14,0,14,元大-東泰,2023-03-07,9817
4121,優盛,15,1,14,元大-東泰,2023-03-07,9817
2610,華航,15,1,14,元大-東泰,2023-03-07,9817
2929,淘帝-KY,13,0,13,元大-東泰,2023-03-07,9817
3059,華晶科,14,1,13,元大-東泰,2023-03-07,9817
3236,千如,17,4,13,元大-東泰,2023-03-07,9817
1449,佳和,12,0,12,元大-東泰,2023-03-07,9817
2482,連宇,33,21,12,元大-東泰,2023-03-07,9817
00751B,元大AAA至A公司債,12,0,12,元大-東泰,2023-03-07,9817
2380,虹光,12,0,12,元大-東泰,2023-03-07,9817
2834,臺企銀,20,8,12,元大-東泰,2023-03-07,9817
2897,王道銀行,11,0,11,元大-東泰,2023-03-07,9817
3706,神達,11,0,11,元大-東泰,2023-03-07,9817
4747,強生,12,1,11,元大-東泰,2023-03-07,9817
1734,杏輝,11,0,11,元大-東泰,2023-03-07,9817
2211,長榮鋼,10,0,10,元大-東泰,2023-03-07,9817
2845,遠東銀,10,0,10,元大-東泰,2023-03-07,9817
6191,精成科,10,0,10,元大-東泰,2023-03-07,9817
6005,群益證,12,2,10,元大-東泰,2023-03-07,9817
2353,宏��,10,0,10,元大-東泰,2023-03-07,9817
2425,承啟,10,0,10,元大-東泰,2023-03-07,9817
1447,力鵬,10,0,10,元大-東泰,2023-03-07,9817
5905,南仁湖,10,0,10,元大-東泰,2023-03-07,9817
2617,台航,13,3,10,元大-東泰,2023-03-07,9817
2495,普安,176,1,175,元大-東泰,2023-03-08,9817
3093,港建*,106,9,97,元大-東泰,2023-03-08,9817
00637L,元大滬深300正2,91,3,88,元大-東泰,2023-03-08,9817
4402,郡都開發,87,0,87,元大-東泰,2023-03-08,9817
2354,鴻準,69,2,67,元大-東泰,2023-03-08,9817
2834,臺企銀,63,1,62,元大-東泰,2023-03-08,9817
2609,陽明,72,12,60,元大-東泰,2023-03-08,9817
2312,金寶,51,3,48,元大-東泰,2023-03-08,9817
00923,群益台ESG低碳50,40,0,40,元大-東泰,2023-03-08,9817
2812,台中銀,38,0,38,元大-東泰,2023-03-08,9817
00712,復華富時不動產,36,0,36,元大-東泰,2023-03-08,9817
2897,王道銀行,43,7,36,元大-東泰,2023-03-08,9817
00878,國泰永續高股息,45,11,34,元大-東泰,2023-03-08,9817
5608,四維航,44,13,31,元大-東泰,2023-03-08,9817
00713,元大台灣高息低波,32,1,31,元大-東泰,2023-03-08,9817
1605,華新,59,29,30,元大-東泰,2023-03-08,9817
2498,宏達電,34,5,29,元大-東泰,2023-03-08,9817
1444,力麗,30,4,26,元大-東泰,2023-03-08,9817
2603,長榮,30,5,25,元大-東泰,2023-03-08,9817
2201,裕隆,25,1,24,元大-東泰,2023-03-08,9817
2014,中鴻,23,0,23,元大-東泰,2023-03-08,9817
1101,台泥,22,1,21,元大-東泰,2023-03-08,9817
3032,偉訓,20,0,20,元大-東泰,2023-03-08,9817
2104,國際中橡,20,0,20,元大-東泰,2023-03-08,9817
3494,誠研,20,0,20,元大-東泰,2023-03-08,9817
00882,中信中國高股息,19,0,19,元大-東泰,2023-03-08,9817
2615,萬海,24,5,19,元大-東泰,2023-03-08,9817
00651R,復華香港反1,18,0,18,元大-東泰,2023-03-08,9817
3019,亞光,17,0,17,元大-東泰,2023-03-08,9817
1701,中化,26,9,17,元大-東泰,2023-03-08,9817
8105,凌巨,17,0,17,元大-東泰,2023-03-08,9817
00679B,元大美債20年,16,0,16,元大-東泰,2023-03-08,9817
3013,晟銘電,27,13,14,元大-東泰,2023-03-08,9817
1710,東聯,14,0,14,元大-東泰,2023-03-08,9817
6770,力積電,39,26,13,元大-東泰,2023-03-08,9817
0056,元大高股息,15,2,13,元大-東泰,2023-03-08,9817
1709,和益,14,1,13,元大-東泰,2023-03-08,9817
1514,亞力,24,11,13,元大-東泰,2023-03-08,9817
3029,零壹,18,5,13,元大-東泰,2023-03-08,9817
00902,中信電池及儲能,12,0,12,元大-東泰,2023-03-08,9817
8936,國統,30,18,12,元大-東泰,2023-03-08,9817
00639,富邦深100,12,0,12,元大-東泰,2023-03-08,9817
6116,彩晶,13,2,11,元大-東泰,2023-03-08,9817
2606,裕民,10,0,10,元大-東泰,2023-03-08,9817
2881,富邦金,14,4,10,元大-東泰,2023-03-08,9817
2340,台亞,10,0,10,元大-東泰,2023-03-08,9817
6266,泰詠,10,0,10,元大-東泰,2023-03-08,9817
2702,華園,10,0,10,元大-東泰,2023-03-08,9817
2029,盛餘,10,0,10,元大-東泰,2023-03-08,9817
3305,昇貿,11,1,10,元大-東泰,2023-03-08,9817
2812,台中銀,311,3,308,元大-東泰,2023-03-09,9817
00878,國泰永續高股息,211,4,207,元大-東泰,2023-03-09,9817
912000,晨訊科-DR,130,0,130,元大-東泰,2023-03-09,9817
1101,台泥,83,18,65,元大-東泰,2023-03-09,9817
2104,國際中橡,60,0,60,元大-東泰,2023-03-09,9817
2883B,凱基金乙特,55,0,55,元大-東泰,2023-03-09,9817
4402,郡都開發,51,0,51,元大-東泰,2023-03-09,9817
6443,元晶,56,7,49,元大-東泰,2023-03-09,9817
2317,鴻海,47,0,47,元大-東泰,2023-03-09,9817
6244,茂迪,54,9,45,元大-東泰,2023-03-09,9817
4919,新唐,42,0,42,元大-東泰,2023-03-09,9817
2313,華通,41,0,41,元大-東泰,2023-03-09,9817
2834,臺企銀,40,1,39,元大-東泰,2023-03-09,9817
3481,群創,211,176,35,元大-東泰,2023-03-09,9817
2610,華航,105,71,34,元大-東泰,2023-03-09,9817
8926,台汽電,32,0,32,元大-東泰,2023-03-09,9817
2002,中鋼,31,0,31,元大-東泰,2023-03-09,9817
2884,玉山金,32,1,31,元大-東泰,2023-03-09,9817
8933,愛地雅,30,2,28,元大-東泰,2023-03-09,9817
2929,淘帝-KY,28,0,28,元大-東泰,2023-03-09,9817
1609,大亞,36,12,24,元大-東泰,2023-03-09,9817
1718,中纖,48,24,24,元大-東泰,2023-03-09,9817
00637L,元大滬深300正2,25,1,24,元大-東泰,2023-03-09,9817
1108,幸福,23,0,23,元大-東泰,2023-03-09,9817
2471,資通,29,7,22,元大-東泰,2023-03-09,9817
2368,金像電,24,2,22,元大-東泰,2023-03-09,9817
2312,金寶,21,0,21,元大-東泰,2023-03-09,9817
8097,常珵,20,0,20,元大-東泰,2023-03-09,9817
6257,矽格,19,0,19,元大-東泰,2023-03-09,9817
00712,復華富時不動產,18,0,18,元大-東泰,2023-03-09,9817
2890,永豐金,25,8,17,元大-東泰,2023-03-09,9817
8150,南茂,16,0,16,元大-東泰,2023-03-09,9817
3013,晟銘電,18,2,16,元大-東泰,2023-03-09,9817
3265,台星科,17,1,16,元大-東泰,2023-03-09,9817
2618,長榮航,47,31,16,元大-東泰,2023-03-09,9817
5009,榮剛,28,13,15,元大-東泰,2023-03-09,9817
2537,聯上發,15,0,15,元大-東泰,2023-03-09,9817
2845,遠東銀,15,0,15,元大-東泰,2023-03-09,9817
8110,華東,15,0,15,元大-東泰,2023-03-09,9817
3322,建舜電,16,1,15,元大-東泰,2023-03-09,9817
2481,強茂,16,2,14,元大-東泰,2023-03-09,9817
2408,南亞科,15,1,14,元大-東泰,2023-03-09,9817
4121,優盛,14,0,14,元大-東泰,2023-03-09,9817
3356,奇偶,23,9,14,元大-東泰,2023-03-09,9817
6282,康舒,48,35,13,元大-東泰,2023-03-09,9817
00881,國泰台灣5G+,13,0,13,元大-東泰,2023-03-09,9817
8383,千附,13,0,13,元大-東泰,2023-03-09,9817
5410,國眾,34,21,13,元大-東泰,2023-03-09,9817
8462,柏文,13,0,13,元大-東泰,2023-03-09,9817
3029,零壹,14,1,13,元大-東泰,2023-03-09,9817
00632R,元大台灣50反1,1223,355,868,元大-東泰,2023-03-10,9817
00878,國泰永續高股息,289,117,172,元大-東泰,2023-03-10,9817
2610,華航,214,54,160,元大-東泰,2023-03-10,9817
3481,群創,158,55,103,元大-東泰,2023-03-10,9817
00669R,國泰美國道瓊反1,97,0,97,元大-東泰,2023-03-10,9817
2618,長榮航,100,11,89,元大-東泰,2023-03-10,9817
2888,新光金,86,3,83,元大-東泰,2023-03-10,9817
8105,凌巨,79,6,73,元大-東泰,2023-03-10,9817
1524,耿鼎,115,44,71,元大-東泰,2023-03-10,9817
2883,凱基金,88,22,66,元大-東泰,2023-03-10,9817
4402,郡都開發,65,0,65,元大-東泰,2023-03-10,9817
5512,力麒,64,0,64,元大-東泰,2023-03-10,9817
2344,華邦電,71,8,63,元大-東泰,2023-03-10,9817
2801,彰銀,60,0,60,元大-東泰,2023-03-10,9817
2312,金寶,72,12,60,元大-東泰,2023-03-10,9817
6770,力積電,65,6,59,元大-東泰,2023-03-10,9817
00713,元大台灣高息低波,54,0,54,元大-東泰,2023-03-10,9817
2891,中信金,53,2,51,元大-東泰,2023-03-10,9817
2104,國際中橡,50,0,50,元大-東泰,2023-03-10,9817
4543,萬在,48,0,48,元大-東泰,2023-03-10,9817
1605,華新,69,22,47,元大-東泰,2023-03-10,9817
6570,維田,49,2,47,元大-東泰,2023-03-10,9817
3038,全台,46,0,46,元大-東泰,2023-03-10,9817
2014,中鴻,45,0,45,元大-東泰,2023-03-10,9817
00885,富邦越南,51,7,44,元大-東泰,2023-03-10,9817
2330,台積電,48,7,41,元大-東泰,2023-03-10,9817
00882,中信中國高股息,41,0,41,元大-東泰,2023-03-10,9817
5285,界霖,40,0,40,元大-東泰,2023-03-10,9817
2834,臺企銀,42,4,38,元大-東泰,2023-03-10,9817
6509,聚和,37,0,37,元大-東泰,2023-03-10,9817
6182,合晶,56,20,36,元大-東泰,2023-03-10,9817
0056,元大高股息,47,12,35,元大-東泰,2023-03-10,9817
3479,安勤,37,3,34,元大-東泰,2023-03-10,9817
2634,漢翔,37,3,34,元大-東泰,2023-03-10,9817
2881,富邦金,33,0,33,元大-東泰,2023-03-10,9817
00923,群益台ESG低碳50,32,0,32,元大-東泰,2023-03-10,9817
0050,元大台灣50,31,0,31,元大-東泰,2023-03-10,9817
2409,友達,33,3,30,元大-東泰,2023-03-10,9817
2812,台中銀,29,0,29,元大-東泰,2023-03-10,9817
5608,四維航,42,14,28,元大-東泰,2023-03-10,9817
4121,優盛,25,0,25,元大-東泰,2023-03-10,9817
6116,彩晶,36,13,23,元大-東泰,2023-03-10,9817
2887,台新金,28,6,22,元大-東泰,2023-03-10,9817
3710,連展投控,22,0,22,元大-東泰,2023-03-10,9817
2882,國泰金,24,3,21,元大-東泰,2023-03-10,9817
1519,華城,27,6,21,元大-東泰,2023-03-10,9817
1304,台聚,20,0,20,元大-東泰,2023-03-10,9817
2337,旺宏,20,0,20,元大-東泰,2023-03-10,9817
4142,國光生,90,70,20,元大-東泰,2023-03-10,9817
6129,普誠,26,6,20,元大-東泰,2023-03-10,9817
00671R,富邦NASDAQ反1,104,0,104,元大-東泰,2023-03-13,9817
4402,郡都開發,72,0,72,元大-東泰,2023-03-13,9817
00676R,富邦臺灣加權反1,75,3,72,元大-東泰,2023-03-13,9817
2637,慧洋-KY,74,4,70,元大-東泰,2023-03-13,9817
1467,南緯,60,0,60,元大-東泰,2023-03-13,9817
2634,漢翔,69,14,55,元大-東泰,2023-03-13,9817
00878,國泰永續高股息,175,123,52,元大-東泰,2023-03-13,9817
2884,玉山金,50,0,50,元大-東泰,2023-03-13,9817
00635U,期元大S＆P黃金,50,2,48,元大-東泰,2023-03-13,9817
2609,陽明,94,51,43,元大-東泰,2023-03-13,9817
00669R,國泰美國道瓊反1,100,60,40,元大-東泰,2023-03-13,9817
00893,國泰智能電動車,40,2,38,元大-東泰,2023-03-13,9817
3046,建��,69,37,32,元大-東泰,2023-03-13,9817
6570,維田,32,0,32,元大-東泰,2023-03-13,9817
00712,復華富時不動產,30,0,30,元大-東泰,2023-03-13,9817
2867,三商壽,41,12,29,元大-東泰,2023-03-13,9817
4111,濟生,24,0,24,元大-東泰,2023-03-13,9817
00772B,中信高評級公司債,24,0,24,元大-東泰,2023-03-13,9817
6532,瑞耘,26,3,23,元大-東泰,2023-03-13,9817
3481,群創,33,13,20,元大-東泰,2023-03-13,9817
4924,欣厚-KY,20,0,20,元大-東泰,2023-03-13,9817
00681R,元大美債20反1,20,0,20,元大-東泰,2023-03-13,9817
2312,金寶,19,0,19,元大-東泰,2023-03-13,9817
1319,東陽,19,0,19,元大-東泰,2023-03-13,9817
4155,訊映,19,0,19,元大-東泰,2023-03-13,9817
00720B,元大投資級公司債,18,0,18,元大-東泰,2023-03-13,9817
4904,遠傳,18,0,18,元大-東泰,2023-03-13,9817
8940,新天地,25,7,18,元大-東泰,2023-03-13,9817
1444,力麗,20,3,17,元大-東泰,2023-03-13,9817
8926,台汽電,25,8,17,元大-東泰,2023-03-13,9817
00751B,元大AAA至A公司債,21,5,16,元大-東泰,2023-03-13,9817
912000,晨訊科-DR,15,0,15,元大-東泰,2023-03-13,9817
00713,元大台灣高息低波,16,1,15,元大-東泰,2023-03-13,9817
3455,由田,14,0,14,元大-東泰,2023-03-13,9817
2606,裕民,15,1,14,元大-東泰,2023-03-13,9817
3494,誠研,36,22,14,元大-東泰,2023-03-13,9817
8112,至上,16,2,14,元大-東泰,2023-03-13,9817
2317,鴻海,18,5,13,元大-東泰,2023-03-13,9817
2359,所羅門,18,5,13,元大-東泰,2023-03-13,9817
6108,競國,13,0,13,元大-東泰,2023-03-13,9817
2707,晶華,15,2,13,元大-東泰,2023-03-13,9817
2014,中鴻,15,3,12,元大-東泰,2023-03-13,9817
3537,堡達,12,0,12,元大-東泰,2023-03-13,9817
2736,富野,12,0,12,元大-東泰,2023-03-13,9817
3014,聯陽,12,0,12,元大-東泰,2023-03-13,9817
5465,富驊,12,0,12,元大-東泰,2023-03-13,9817
2352,佳世達,12,0,12,元大-東泰,2023-03-13,9817
1101,台泥,15,3,12,元大-東泰,2023-03-13,9817
2883,凱基金,15,4,11,元大-東泰,2023-03-13,9817
2104,國際中橡,11,0,11,元大-東泰,2023-03-13,9817
00878,國泰永續高股息,260,3,257,元大-東泰,2023-03-14,9817
00669R,國泰美國道瓊反1,200,0,200,元大-東泰,2023-03-14,9817
2610,華航,137,9,128,元大-東泰,2023-03-14,9817
0056,元大高股息,122,9,113,元大-東泰,2023-03-14,9817
2618,長榮航,128,35,93,元大-東泰,2023-03-14,9817
2303,聯電,100,9,91,元大-東泰,2023-03-14,9817
2344,華邦電,75,5,70,元大-東泰,2023-03-14,9817
2883,凱基金,69,0,69,元大-東泰,2023-03-14,9817
00893,國泰智能電動車,70,1,69,元大-東泰,2023-03-14,9817
4402,郡都開發,65,0,65,元大-東泰,2023-03-14,9817
00632R,元大台灣50反1,100,42,58,元大-東泰,2023-03-14,9817
00717,富邦美國特別股,54,0,54,元大-東泰,2023-03-14,9817
2609,陽明,107,60,47,元大-東泰,2023-03-14,9817
2891,中信金,39,0,39,元大-東泰,2023-03-14,9817
00637L,元大滬深300正2,39,0,39,元大-東泰,2023-03-14,9817
5285,界霖,35,0,35,元大-東泰,2023-03-14,9817
00882,中信中國高股息,34,0,34,元大-東泰,2023-03-14,9817
00720B,元大投資級公司債,34,0,34,元大-東泰,2023-03-14,9817
00712,復華富時不動產,33,0,33,元大-東泰,2023-03-14,9817
2542,興富發,36,4,32,元大-東泰,2023-03-14,9817
00642U,期元大S＆P石油,31,0,31,元大-東泰,2023-03-14,9817
2886,兆豐金,32,2,30,元大-東泰,2023-03-14,9817
4142,國光生,30,0,30,元大-東泰,2023-03-14,9817
5432,新門,30,0,30,元大-東泰,2023-03-14,9817
00652,富邦印度,27,0,27,元大-東泰,2023-03-14,9817
00715L,期街口布蘭特正2,26,0,26,元大-東泰,2023-03-14,9817
2885,元大金,25,0,25,元大-東泰,2023-03-14,9817
2892,第一金,26,2,24,元大-東泰,2023-03-14,9817
2880,華南金,24,1,23,元大-東泰,2023-03-14,9817
00902,中信電池及儲能,23,0,23,元大-東泰,2023-03-14,9817
2354,鴻準,23,1,22,元大-東泰,2023-03-14,9817
00713,元大台灣高息低波,21,0,21,元大-東泰,2023-03-14,9817
6163,華電網,21,0,21,元大-東泰,2023-03-14,9817
2504,國產,20,0,20,元大-東泰,2023-03-14,9817
2353,宏��,21,3,18,元大-東泰,2023-03-14,9817
3356,奇偶,19,1,18,元大-東泰,2023-03-14,9817
2367,燿華,18,0,18,元大-東泰,2023-03-14,9817
2812,台中銀,17,0,17,元大-東泰,2023-03-14,9817
3576,聯合再生,23,6,17,元大-東泰,2023-03-14,9817
2485,兆赫,17,0,17,元大-東泰,2023-03-14,9817
6548,長科*,18,1,17,元大-東泰,2023-03-14,9817
1605,華新,42,26,16,元大-東泰,2023-03-14,9817
2615,萬海,38,23,15,元大-東泰,2023-03-14,9817
00751B,元大AAA至A公司債,15,0,15,元大-東泰,2023-03-14,9817
8069,元太,21,6,15,元大-東泰,2023-03-14,9817
2882,國泰金,14,0,14,元大-東泰,2023-03-14,9817
4924,欣厚-KY,14,0,14,元大-東泰,2023-03-14,9817
2929,淘帝-KY,13,0,13,元大-東泰,2023-03-14,9817
1513,中興電,22,9,13,元大-東泰,2023-03-14,9817
2495,普安,14,1,13,元大-東泰,2023-03-14,9817
00878,國泰永續高股息,200,0,200,元大-東泰,2023-03-15,9817
4402,郡都開發,155,0,155,元大-東泰,2023-03-15,9817
2888,新光金,137,2,135,元大-東泰,2023-03-15,9817
2330,台積電,131,4,127,元大-東泰,2023-03-15,9817
00712,復華富時不動產,79,0,79,元大-東泰,2023-03-15,9817
2880,華南金,78,0,78,元大-東泰,2023-03-15,9817
2603,長榮,101,24,77,元大-東泰,2023-03-15,9817
2609,陽明,130,54,76,元大-東泰,2023-03-15,9817
2542,興富發,70,3,67,元大-東泰,2023-03-15,9817
2891,中信金,59,0,59,元大-東泰,2023-03-15,9817
00642U,期元大S＆P石油,57,0,57,元大-東泰,2023-03-15,9817
1467,南緯,50,0,50,元大-東泰,2023-03-15,9817
00715L,期街口布蘭特正2,46,0,46,元大-東泰,2023-03-15,9817
2002,中鋼,41,3,38,元大-東泰,2023-03-15,9817
00713,元大台灣高息低波,36,0,36,元大-東泰,2023-03-15,9817
2801,彰銀,36,0,36,元大-東泰,2023-03-15,9817
0050,元大台灣50,31,0,31,元大-東泰,2023-03-15,9817
1305,華夏,30,0,30,元大-東泰,2023-03-15,9817
1504,東元,47,17,30,元大-東泰,2023-03-15,9817
00680L,元大美債20正2,30,0,30,元大-東泰,2023-03-15,9817
2413,環科,41,12,29,元大-東泰,2023-03-15,9817
3024,憶聲,25,0,25,元大-東泰,2023-03-15,9817
8936,國統,23,1,22,元大-東泰,2023-03-15,9817
2344,華邦電,22,1,21,元大-東泰,2023-03-15,9817
8059,凱碩,21,0,21,元大-東泰,2023-03-15,9817
2884,玉山金,24,3,21,元大-東泰,2023-03-15,9817
4142,國光生,22,2,20,元大-東泰,2023-03-15,9817
1304,台聚,21,1,20,元大-東泰,2023-03-15,9817
5608,四維航,23,3,20,元大-東泰,2023-03-15,9817
3013,晟銘電,21,1,20,元大-東泰,2023-03-15,9817
2476,鉅祥,24,5,19,元大-東泰,2023-03-15,9817
6770,力積電,18,1,17,元大-東泰,2023-03-15,9817
6207,雷科,15,0,15,元大-東泰,2023-03-15,9817
2612,中航,15,0,15,元大-東泰,2023-03-15,9817
2890,永豐金,15,0,15,元大-東泰,2023-03-15,9817
1616,億泰,15,0,15,元大-東泰,2023-03-15,9817
00772B,中信高評級公司債,14,0,14,元大-東泰,2023-03-15,9817
5498,凱崴,15,1,14,元大-東泰,2023-03-15,9817
00679B,元大美債20年,18,5,13,元大-東泰,2023-03-15,9817
2104,國際中橡,13,0,13,元大-東泰,2023-03-15,9817
2883,凱基金,14,1,13,元大-東泰,2023-03-15,9817
6125,廣運,42,30,12,元大-東泰,2023-03-15,9817
4919,新唐,19,8,11,元大-東泰,2023-03-15,9817
2312,金寶,16,5,11,元大-東泰,2023-03-15,9817
6239,力成,11,0,11,元大-東泰,2023-03-15,9817
3046,建��,15,5,10,元大-東泰,2023-03-15,9817
2485,兆赫,10,0,10,元大-東泰,2023-03-15,9817
4707,磐亞,10,0,10,元大-東泰,2023-03-15,9817
3149,正達,10,0,10,元大-東泰,2023-03-15,9817
6456,GIS-KY,10,0,10,元大-東泰,2023-03-15,9817
00751B,元大AAA至A公司債,970,0,970,元大-東泰,2023-03-16,9817
6005,群益證,853,0,853,元大-東泰,2023-03-16,9817
4402,郡都開發,207,0,207,元大-東泰,2023-03-16,9817
00878,國泰永續高股息,233,85,148,元大-東泰,2023-03-16,9817
00720B,元大投資級公司債,106,0,106,元大-東泰,2023-03-16,9817
6116,彩晶,102,1,101,元大-東泰,2023-03-16,9817
1734,杏輝,100,5,95,元大-東泰,2023-03-16,9817
2883,凱基金,82,4,78,元大-東泰,2023-03-16,9817
00713,元大台灣高息低波,79,10,69,元大-東泰,2023-03-16,9817
2603,長榮,81,12,69,元大-東泰,2023-03-16,9817
2104,國際中橡,68,0,68,元大-東泰,2023-03-16,9817
3702,大聯大,62,1,61,元大-東泰,2023-03-16,9817
00715L,期街口布蘭特正2,131,71,60,元大-東泰,2023-03-16,9817
2610,華航,82,23,59,元大-東泰,2023-03-16,9817
2891,中信金,60,3,57,元大-東泰,2023-03-16,9817
3047,訊舟,52,0,52,元大-東泰,2023-03-16,9817
1217,愛之味,51,1,50,元大-東泰,2023-03-16,9817
00680L,元大美債20正2,55,5,50,元大-東泰,2023-03-16,9817
00915,凱基優選高股息30,50,0,50,元大-東泰,2023-03-16,9817
1301,台塑,48,5,43,元大-東泰,2023-03-16,9817
2883B,凱基金乙特,40,0,40,元大-東泰,2023-03-16,9817
2313,華通,39,0,39,元大-東泰,2023-03-16,9817
2867,三商壽,51,13,38,元大-東泰,2023-03-16,9817
3264,欣銓,38,1,37,元大-東泰,2023-03-16,9817
00712,復華富時不動產,232,200,32,元大-東泰,2023-03-16,9817
1319,東陽,31,0,31,元大-東泰,2023-03-16,9817
2352,佳世達,30,1,29,元大-東泰,2023-03-16,9817
2609,陽明,54,26,28,元大-東泰,2023-03-16,9817
2027,大成鋼,29,2,27,元大-東泰,2023-03-16,9817
6129,普誠,27,1,26,元大-東泰,2023-03-16,9817
2542,興富發,25,0,25,元大-東泰,2023-03-16,9817
5608,四維航,26,1,25,元大-東泰,2023-03-16,9817
2880,華南金,26,2,24,元大-東泰,2023-03-16,9817
2347,聯強,31,7,24,元大-東泰,2023-03-16,9817
1584,精剛,25,3,22,元大-東泰,2023-03-16,9817
6125,廣運,26,4,22,元大-東泰,2023-03-16,9817
2317,鴻海,23,2,21,元大-東泰,2023-03-16,9817
6239,力成,21,0,21,元大-東泰,2023-03-16,9817
2855,統一證,20,0,20,元大-東泰,2023-03-16,9817
3356,奇偶,20,0,20,元大-東泰,2023-03-16,9817
4142,國光生,20,0,20,元大-東泰,2023-03-16,9817
5285,界霖,20,0,20,元大-東泰,2023-03-16,9817
2882,國泰金,24,4,20,元大-東泰,2023-03-16,9817
2888,新光金,39,20,19,元大-東泰,2023-03-16,9817
2498,宏達電,24,6,18,元大-東泰,2023-03-16,9817
00637L,元大滬深300正2,18,0,18,元大-東泰,2023-03-16,9817
2485,兆赫,18,0,18,元大-東泰,2023-03-16,9817
4919,新唐,23,6,17,元大-東泰,2023-03-16,9817
2204,中華,17,0,17,元大-東泰,2023-03-16,9817
00652,富邦印度,16,0,16,元大-東泰,2023-03-16,9817
00632R,元大台灣50反1,376,100,276,元大-東泰,2023-03-17,9817
3231,緯創,211,30,181,元大-東泰,2023-03-17,9817
3093,港建*,141,3,138,元大-東泰,2023-03-17,9817
1467,南緯,100,0,100,元大-東泰,2023-03-17,9817
2014,中鴻,91,0,91,元大-東泰,2023-03-17,9817
00715L,期街口布蘭特正2,71,3,68,元大-東泰,2023-03-17,9817
00878,國泰永續高股息,84,19,65,元大-東泰,2023-03-17,9817
2880,華南金,111,53,58,元大-東泰,2023-03-17,9817
00892,富邦台灣半導體,54,1,53,元大-東泰,2023-03-17,9817
00713,元大台灣高息低波,42,0,42,元大-東泰,2023-03-17,9817
1314,中石化,41,5,36,元大-東泰,2023-03-17,9817
2610,華航,56,23,33,元大-東泰,2023-03-17,9817
8931,大汽電,30,0,30,元大-東泰,2023-03-17,9817
4402,郡都開發,30,0,30,元大-東泰,2023-03-17,9817
00902,中信電池及儲能,29,0,29,元大-東泰,2023-03-17,9817
2425,承啟,32,3,29,元大-東泰,2023-03-17,9817
2891,中信金,36,8,28,元大-東泰,2023-03-17,9817
2618,長榮航,43,18,25,元大-東泰,2023-03-17,9817
2609,陽明,35,10,25,元大-東泰,2023-03-17,9817
8105,凌巨,26,1,25,元大-東泰,2023-03-17,9817
2344,華邦電,28,3,25,元大-東泰,2023-03-17,9817
2308,台達電,20,0,20,元大-東泰,2023-03-17,9817
1313,聯成,20,0,20,元大-東泰,2023-03-17,9817
2402,毅嘉,20,1,19,元大-東泰,2023-03-17,9817
8421,旭源,20,1,19,元大-東泰,2023-03-17,9817
5483,中美晶,21,2,19,元大-東泰,2023-03-17,9817
2812,台中銀,17,0,17,元大-東泰,2023-03-17,9817
00893,國泰智能電動車,50,33,17,元大-東泰,2023-03-17,9817
00712,復華富時不動產,16,0,16,元大-東泰,2023-03-17,9817
2886,兆豐金,16,0,16,元大-東泰,2023-03-17,9817
3149,正達,15,0,15,元大-東泰,2023-03-17,9817
2834,臺企銀,77,63,14,元大-東泰,2023-03-17,9817
00679B,元大美債20年,17,3,14,元大-東泰,2023-03-17,9817
2603,長榮,18,5,13,元大-東泰,2023-03-17,9817
0056,元大高股息,18,5,13,元大-東泰,2023-03-17,9817
1609,大亞,12,0,12,元大-東泰,2023-03-17,9817
2634,漢翔,20,8,12,元大-東泰,2023-03-17,9817
00913,兆豐台灣晶圓製造,12,0,12,元大-東泰,2023-03-17,9817
2449,京元電子,16,4,12,元大-東泰,2023-03-17,9817
6592,和潤企業,12,0,12,元大-東泰,2023-03-17,9817
00904,新光臺灣半導體30,15,3,12,元大-東泰,2023-03-17,9817
6163,華電網,19,7,12,元大-東泰,2023-03-17,9817
1444,力麗,11,0,11,元大-東泰,2023-03-17,9817
2352,佳世達,13,2,11,元大-東泰,2023-03-17,9817
4513,福裕,10,0,10,元大-東泰,2023-03-17,9817
00885,富邦越南,10,0,10,元大-東泰,2023-03-17,9817
2641,正德,10,0,10,元大-東泰,2023-03-17,9817
5272,笙科,10,0,10,元大-東泰,2023-03-17,9817
5876,上海商銀,10,0,10,元大-東泰,2023-03-17,9817
5236,凌陽創新,10,0,10,元大-東泰,2023-03-17,9817
6005,群益證,3543,0,3543,元大-東泰,2023-03-20,9817
2855,統一證,487,0,487,元大-東泰,2023-03-20,9817
00753L,中信中國50正2,109,4,105,元大-東泰,2023-03-20,9817
2495,普安,96,0,96,元大-東泰,2023-03-20,9817
00893,國泰智能電動車,91,10,81,元大-東泰,2023-03-20,9817
00632R,元大台灣50反1,103,25,78,元大-東泰,2023-03-20,9817
00878,國泰永續高股息,90,18,72,元大-東泰,2023-03-20,9817
2409,友達,92,26,66,元大-東泰,2023-03-20,9817
2027,大成鋼,51,0,51,元大-東泰,2023-03-20,9817
00671R,富邦NASDAQ反1,50,0,50,元大-東泰,2023-03-20,9817
1605,華新,56,7,49,元大-東泰,2023-03-20,9817
2312,金寶,42,3,39,元大-東泰,2023-03-20,9817
2399,映泰,42,5,37,元大-東泰,2023-03-20,9817
5608,四維航,29,2,27,元大-東泰,2023-03-20,9817
2618,長榮航,27,0,27,元大-東泰,2023-03-20,9817
00714,群益道瓊美國地產,24,0,24,元大-東泰,2023-03-20,9817
2731,雄獅,22,2,20,元大-東泰,2023-03-20,9817
00717,富邦美國特別股,20,0,20,元大-東泰,2023-03-20,9817
5880,合庫金,25,6,19,元大-東泰,2023-03-20,9817
00899,FT潔淨能源,19,0,19,元大-東泰,2023-03-20,9817
2883,凱基金,31,13,18,元大-東泰,2023-03-20,9817
6505,台塑化,18,1,17,元大-東泰,2023-03-20,9817
2461,光群雷,17,0,17,元大-東泰,2023-03-20,9817
1708,東鹼,18,1,17,元大-東泰,2023-03-20,9817
9907,統一實,18,2,16,元大-東泰,2023-03-20,9817
6443,元晶,46,31,15,元大-東泰,2023-03-20,9817
2014,中鴻,17,3,14,元大-東泰,2023-03-20,9817
6541,泰福-KY,13,0,13,元大-東泰,2023-03-20,9817
8105,凌巨,13,0,13,元大-東泰,2023-03-20,9817
4916,事欣科,12,0,12,元大-東泰,2023-03-20,9817
3455,由田,12,0,12,元大-東泰,2023-03-20,9817
00639,富邦深100,12,0,12,元大-東泰,2023-03-20,9817
00637L,元大滬深300正2,15,3,12,元大-東泰,2023-03-20,9817
2891,中信金,12,1,11,元大-東泰,2023-03-20,9817
3264,欣銓,12,1,11,元大-東泰,2023-03-20,9817
9904,寶成,11,0,11,元大-東泰,2023-03-20,9817
5512,力麒,15,4,11,元大-東泰,2023-03-20,9817
2834,臺企銀,13,3,10,元大-東泰,2023-03-20,9817
1101,台泥,11,1,10,元大-東泰,2023-03-20,9817
6129,普誠,11,1,10,元大-東泰,2023-03-20,9817
1312,國喬,10,0,10,元大-東泰,2023-03-20,9817
8421,旭源,10,0,10,元大-東泰,2023-03-20,9817
9105,泰金寶-DR,10,0,10,元大-東泰,2023-03-20,9817
8059,凱碩,10,0,10,元大-東泰,2023-03-20,9817
8289,泰藝,10,0,10,元大-東泰,2023-03-20,9817
1442,名軒,15,5,10,元大-東泰,2023-03-20,9817
5285,界霖,10,0,10,元大-東泰,2023-03-20,9817
3088,艾訊,10,0,10,元大-東泰,2023-03-20,9817
4155,訊映,10,0,10,元大-東泰,2023-03-20,9817
4804,大略-KY,10,0,10,元大-東泰,2023-03-20,9817
2891,中信金,2092,1,2091,元大-東泰,2023-03-21,9817
2885,元大金,1369,3,1366,元大-東泰,2023-03-21,9817
2855,統一證,497,0,497,元大-東泰,2023-03-21,9817
00885,富邦越南,142,1,141,元大-東泰,2023-03-21,9817
2609,陽明,130,2,128,元大-東泰,2023-03-21,9817
00717,富邦美國特別股,112,0,112,元大-東泰,2023-03-21,9817
2401,凌陽,96,1,95,元大-東泰,2023-03-21,9817
00893,國泰智能電動車,94,5,89,元大-東泰,2023-03-21,9817
00631L,元大台灣50正2,52,0,52,元大-東泰,2023-03-21,9817
2027,大成鋼,41,1,40,元大-東泰,2023-03-21,9817
2449,京元電子,45,6,39,元大-東泰,2023-03-21,9817
2303,聯電,54,16,38,元大-東泰,2023-03-21,9817
6282,康舒,43,13,30,元大-東泰,2023-03-21,9817
6288,聯嘉,30,0,30,元大-東泰,2023-03-21,9817
4934,太極,38,12,26,元大-東泰,2023-03-21,9817
2883B,凱基金乙特,25,0,25,元大-東泰,2023-03-21,9817
8059,凱碩,25,0,25,元大-東泰,2023-03-21,9817
00712,復華富時不動產,25,0,25,元大-東泰,2023-03-21,9817
00878,國泰永續高股息,29,5,24,元大-東泰,2023-03-21,9817
9945,潤泰新,23,1,22,元大-東泰,2023-03-21,9817
8931,大汽電,20,0,20,元大-東泰,2023-03-21,9817
00715L,期街口布蘭特正2,20,1,19,元大-東泰,2023-03-21,9817
2406,國碩,21,2,19,元大-東泰,2023-03-21,9817
9927,泰銘,20,2,18,元大-東泰,2023-03-21,9817
1449,佳和,16,0,16,元大-東泰,2023-03-21,9817
2812,台中銀,16,1,15,元大-東泰,2023-03-21,9817
3494,誠研,15,0,15,元大-東泰,2023-03-21,9817
2618,長榮航,21,7,14,元大-東泰,2023-03-21,9817
3010,華立,14,0,14,元大-東泰,2023-03-21,9817
2834,臺企銀,43,30,13,元大-東泰,2023-03-21,9817
4977,眾達-KY,14,1,13,元大-東泰,2023-03-21,9817
8936,國統,30,17,13,元大-東泰,2023-03-21,9817
6163,華電網,18,6,12,元大-東泰,2023-03-21,9817
8033,雷虎,13,2,11,元大-東泰,2023-03-21,9817
2457,飛宏,57,46,11,元大-東泰,2023-03-21,9817
6244,茂迪,75,64,11,元大-東泰,2023-03-21,9817
2338,光罩,14,3,11,元大-東泰,2023-03-21,9817
1231,聯華食,11,0,11,元大-東泰,2023-03-21,9817
6605,帝寶,11,0,11,元大-東泰,2023-03-21,9817
6112,邁達特,11,0,11,元大-東泰,2023-03-21,9817
8222,寶一,14,3,11,元大-東泰,2023-03-21,9817
1519,華城,22,11,11,元大-東泰,2023-03-21,9817
6235,華孚,35,25,10,元大-東泰,2023-03-21,9817
6168,宏齊,10,0,10,元大-東泰,2023-03-21,9817
6257,矽格,10,0,10,元大-東泰,2023-03-21,9817
00908,富邦入息REITs+,10,0,10,元大-東泰,2023-03-21,9817
2615,萬海,10,0,10,元大-東泰,2023-03-21,9817
2461,光群雷,10,0,10,元大-東泰,2023-03-21,9817
3028,增你強,10,0,10,元大-東泰,2023-03-21,9817
2486,一詮,24,15,9,元大-東泰,2023-03-21,9817
2855,統一證,509,6,503,元大-東泰,2023-03-22,9817
00632R,元大台灣50反1,256,0,256,元大-東泰,2023-03-22,9817
00671R,富邦NASDAQ反1,100,0,100,元大-東泰,2023-03-22,9817
00893,國泰智能電動車,120,52,68,元大-東泰,2023-03-22,9817
00679B,元大美債20年,70,7,63,元大-東泰,2023-03-22,9817
00650L,復華香港正2,56,0,56,元大-東泰,2023-03-22,9817
6235,華孚,66,14,52,元大-東泰,2023-03-22,9817
2929,淘帝-KY,42,0,42,元大-東泰,2023-03-22,9817
3038,全台,47,9,38,元大-東泰,2023-03-22,9817
4977,眾達-KY,36,1,35,元大-東泰,2023-03-22,9817
9945,潤泰新,42,11,31,元大-東泰,2023-03-22,9817
8421,旭源,30,0,30,元大-東泰,2023-03-22,9817
2104,國際中橡,25,0,25,元大-東泰,2023-03-22,9817
5009,榮剛,30,6,24,元大-東泰,2023-03-22,9817
3231,緯創,73,49,24,元大-東泰,2023-03-22,9817
2413,環科,23,0,23,元大-東泰,2023-03-22,9817
3128,昇銳,23,1,22,元大-東泰,2023-03-22,9817
3056,富華新,25,4,21,元大-東泰,2023-03-22,9817
2482,連宇,117,97,20,元大-東泰,2023-03-22,9817
2014,中鴻,18,0,18,元大-東泰,2023-03-22,9817
2634,漢翔,29,11,18,元大-東泰,2023-03-22,9817
6282,康舒,19,2,17,元大-東泰,2023-03-22,9817
2609,陽明,19,2,17,元大-東泰,2023-03-22,9817
2409,友達,16,0,16,元大-東泰,2023-03-22,9817
00637L,元大滬深300正2,17,2,15,元大-東泰,2023-03-22,9817
2883B,凱基金乙特,15,0,15,元大-東泰,2023-03-22,9817
3481,群創,33,20,13,元大-東泰,2023-03-22,9817
6163,華電網,12,0,12,元大-東泰,2023-03-22,9817
3704,合勤控,12,0,12,元大-東泰,2023-03-22,9817
5309,系統電,12,0,12,元大-東泰,2023-03-22,9817
6733,博晟生醫,12,0,12,元大-東泰,2023-03-22,9817
1605,華新,18,7,11,元大-東泰,2023-03-22,9817
6191,精成科,12,1,11,元大-東泰,2023-03-22,9817
2867,三商壽,10,0,10,元大-東泰,2023-03-22,9817
2380,虹光,25,15,10,元大-東泰,2023-03-22,9817
8096,擎亞,10,0,10,元大-東泰,2023-03-22,9817
2427,三商電,11,1,10,元大-東泰,2023-03-22,9817
00740B,富邦全球投等債,10,0,10,元大-東泰,2023-03-22,9817
3323,加百裕,10,0,10,元大-東泰,2023-03-22,9817
6167,久正,10,0,10,元大-東泰,2023-03-22,9817
3689,湧德,10,0,10,元大-東泰,2023-03-22,9817
8933,愛地雅,10,0,10,元大-東泰,2023-03-22,9817
2337,旺宏,10,0,10,元大-東泰,2023-03-22,9817
3596,智易,10,0,10,元大-東泰,2023-03-22,9817
2457,飛宏,41,32,9,元大-東泰,2023-03-22,9817
2897,王道銀行,10,1,9,元大-東泰,2023-03-22,9817
6147,頎邦,9,0,9,元大-東泰,2023-03-22,9817
00680L,元大美債20正2,8,0,8,元大-東泰,2023-03-22,9817
5351,鈺創,12,4,8,元大-東泰,2023-03-22,9817
4904,遠傳,7,0,7,元大-東泰,2023-03-22,9817
00632R,元大台灣50反1,320,11,309,元大-東泰,2023-03-23,9817
3481,群創,159,18,141,元大-東泰,2023-03-23,9817
2412,中華電,124,3,121,元大-東泰,2023-03-23,9817
2303,聯電,123,9,114,元大-東泰,2023-03-23,9817
2027,大成鋼,108,3,105,元大-東泰,2023-03-23,9817
2855,統一證,70,0,70,元大-東泰,2023-03-23,9817
00715L,期街口布蘭特正2,55,0,55,元大-東泰,2023-03-23,9817
3322,建舜電,52,4,48,元大-東泰,2023-03-23,9817
5465,富驊,45,0,45,元大-東泰,2023-03-23,9817
00893,國泰智能電動車,64,24,40,元大-東泰,2023-03-23,9817
00773B,中信優先金融債,40,0,40,元大-東泰,2023-03-23,9817
2413,環科,41,1,40,元大-東泰,2023-03-23,9817
4953,緯軟,41,2,39,元大-東泰,2023-03-23,9817
1504,東元,93,56,37,元大-東泰,2023-03-23,9817
2002,中鋼,41,4,37,元大-東泰,2023-03-23,9817
00714,群益道瓊美國地產,36,0,36,元大-東泰,2023-03-23,9817
1605,華新,45,11,34,元大-東泰,2023-03-23,9817
2104,國際中橡,32,0,32,元大-東泰,2023-03-23,9817
4128,中天,42,10,32,元大-東泰,2023-03-23,9817
9945,潤泰新,28,0,28,元大-東泰,2023-03-23,9817
8926,台汽電,27,0,27,元大-東泰,2023-03-23,9817
2402,毅嘉,130,107,23,元大-東泰,2023-03-23,9817
5474,聰泰,23,1,22,元大-東泰,2023-03-23,9817
2461,光群雷,20,0,20,元大-東泰,2023-03-23,9817
6282,康舒,22,3,19,元大-東泰,2023-03-23,9817
2486,一詮,19,1,18,元大-東泰,2023-03-23,9817
3714,富采,15,1,14,元大-東泰,2023-03-23,9817
2408,南亞科,20,6,14,元大-東泰,2023-03-23,9817
00712,復華富時不動產,14,0,14,元大-東泰,2023-03-23,9817
3056,富華新,28,15,13,元大-東泰,2023-03-23,9817
1339,昭輝,13,0,13,元大-東泰,2023-03-23,9817
2427,三商電,32,19,13,元大-東泰,2023-03-23,9817
3624,光頡,14,2,12,元大-東泰,2023-03-23,9817
6719,力智,13,0,13,元大-東泰,2023-03-23,9817
2206,三陽工業,14,2,12,元大-東泰,2023-03-23,9817
3596,智易,12,0,12,元大-東泰,2023-03-23,9817
2618,長榮航,28,17,11,元大-東泰,2023-03-23,9817
1609,大亞,11,0,11,元大-東泰,2023-03-23,9817
3576,聯合再生,12,1,11,元大-東泰,2023-03-23,9817
3058,立德,12,2,10,元大-東泰,2023-03-23,9817
8940,新天地,10,0,10,元大-東泰,2023-03-23,9817
9904,寶成,10,0,10,元大-東泰,2023-03-23,9817
6239,力成,11,1,10,元大-東泰,2023-03-23,9817
2612,中航,18,8,10,元大-東泰,2023-03-23,9817
2380,虹光,10,0,10,元大-東泰,2023-03-23,9817
4157,太景*-KY,11,1,10,元大-東泰,2023-03-23,9817
2014,中鴻,10,0,10,元大-東泰,2023-03-23,9817
1903,士紙,10,0,10,元大-東泰,2023-03-23,9817
6776,展�眥篕�,10,0,10,元大-東泰,2023-03-23,9817
2637,慧洋-KY,13,4,9,元大-東泰,2023-03-23,9817
00893,國泰智能電動車,263,49,214,元大-東泰,2023-03-24,9817
2883B,凱基金乙特,101,12,89,元大-東泰,2023-03-24,9817
00773B,中信優先金融債,60,0,60,元大-東泰,2023-03-24,9817
00712,復華富時不動產,58,0,58,元大-東泰,2023-03-24,9817
3037,欣興,73,21,52,元大-東泰,2023-03-24,9817
8926,台汽電,35,7,28,元大-東泰,2023-03-24,9817
6282,康舒,55,29,26,元大-東泰,2023-03-24,9817
2105,正新,28,4,24,元大-東泰,2023-03-24,9817
3221,台嘉碩,22,0,22,元大-東泰,2023-03-24,9817
2344,華邦電,49,29,20,元大-東泰,2023-03-24,9817
00714,群益道瓊美國地產,19,0,19,元大-東泰,2023-03-24,9817
1524,耿鼎,26,7,19,元大-東泰,2023-03-24,9817
4919,新唐,27,8,19,元大-東泰,2023-03-24,9817
6122,擎邦,34,15,19,元大-東泰,2023-03-24,9817
3479,安勤,20,1,19,元大-東泰,2023-03-24,9817
2371,大同,19,1,18,元大-東泰,2023-03-24,9817
2002,中鋼,18,1,17,元大-東泰,2023-03-24,9817
2637,慧洋-KY,26,10,16,元大-東泰,2023-03-24,9817
00720B,元大投資級公司債,16,0,16,元大-東泰,2023-03-24,9817
2834,臺企銀,17,2,15,元大-東泰,2023-03-24,9817
1810,和成,19,4,15,元大-東泰,2023-03-24,9817
2609,陽明,26,11,15,元大-東泰,2023-03-24,9817
6446,藥華藥,14,0,14,元大-東泰,2023-03-24,9817
5009,榮剛,25,11,14,元大-東泰,2023-03-24,9817
5351,鈺創,44,30,14,元大-東泰,2023-03-24,9817
1609,大亞,58,44,14,元大-東泰,2023-03-24,9817
2409,友達,31,17,14,元大-東泰,2023-03-24,9817
2612,中航,13,0,13,元大-東泰,2023-03-24,9817
2331,精英,13,0,13,元大-東泰,2023-03-24,9817
2855,統一證,13,0,13,元大-東泰,2023-03-24,9817
2462,良得電,13,0,13,元大-東泰,2023-03-24,9817
3189,景碩,15,2,13,元大-東泰,2023-03-24,9817
00717,富邦美國特別股,12,0,12,元大-東泰,2023-03-24,9817
2436,偉詮電,16,4,12,元大-東泰,2023-03-24,9817
6239,力成,12,1,11,元大-東泰,2023-03-24,9817
00772B,中信高評級公司債,11,0,11,元大-東泰,2023-03-24,9817
2892,第一金,12,1,11,元大-東泰,2023-03-24,9817
2504,國產,11,0,11,元大-東泰,2023-03-24,9817
1513,中興電,12,1,11,元大-東泰,2023-03-24,9817
3088,艾訊,15,4,11,元大-東泰,2023-03-24,9817
00679B,元大美債20年,10,0,10,元大-東泰,2023-03-24,9817
2516,新建,10,0,10,元大-東泰,2023-03-24,9817
5905,南仁湖,10,0,10,元大-東泰,2023-03-24,9817
2484,希華,10,0,10,元大-東泰,2023-03-24,9817
3494,誠研,10,0,10,元大-東泰,2023-03-24,9817
4304,勝昱,10,0,10,元大-東泰,2023-03-24,9817
4804,大略-KY,10,0,10,元大-東泰,2023-03-24,9817
3231,緯創,103,93,10,元大-東泰,2023-03-24,9817
8421,旭源,10,0,10,元大-東泰,2023-03-24,9817
1455,集盛,10,0,10,元大-東泰,2023-03-24,9817
1605,華新,138,11,127,元大-東泰,2023-03-27,9817
3481,群創,86,2,84,元大-東泰,2023-03-27,9817
00882,中信中國高股息,72,0,72,元大-東泰,2023-03-27,9817
4953,緯軟,52,0,52,元大-東泰,2023-03-27,9817
2382,廣達,48,1,47,元大-東泰,2023-03-27,9817
00900,富邦特選高股息30,47,0,47,元大-東泰,2023-03-27,9817
6770,力積電,38,2,36,元大-東泰,2023-03-27,9817
4919,新唐,35,2,33,元大-東泰,2023-03-27,9817
2482,連宇,66,34,32,元大-東泰,2023-03-27,9817
2408,南亞科,32,1,31,元大-東泰,2023-03-27,9817
5465,富驊,30,0,30,元大-東泰,2023-03-27,9817
5284,jpp-KY,49,20,29,元大-東泰,2023-03-27,9817
00632R,元大台灣50反1,31,3,28,元大-東泰,2023-03-27,9817
2402,毅嘉,40,14,26,元大-東泰,2023-03-27,9817
6279,胡連,25,0,25,元大-東泰,2023-03-27,9817
6160,欣技,24,1,23,元大-東泰,2023-03-27,9817
00715L,期街口布蘭特正2,22,0,22,元大-東泰,2023-03-27,9817
1312,國喬,24,3,21,元大-東泰,2023-03-27,9817
3038,全台,21,0,21,元大-東泰,2023-03-27,9817
2883B,凱基金乙特,21,0,21,元大-東泰,2023-03-27,9817
2002,中鋼,22,1,21,元大-東泰,2023-03-27,9817
00772B,中信高評級公司債,20,0,20,元大-東泰,2023-03-27,9817
5475,德宏,20,0,20,元大-東泰,2023-03-27,9817
3576,聯合再生,26,6,20,元大-東泰,2023-03-27,9817
4746,台耀,22,3,19,元大-東泰,2023-03-27,9817
00922,國泰台灣領袖50,19,0,19,元大-東泰,2023-03-27,9817
2610,華航,18,1,17,元大-東泰,2023-03-27,9817
00712,復華富時不動產,17,0,17,元大-東泰,2023-03-27,9817
3005,神基,16,0,16,元大-東泰,2023-03-27,9817
6111,大宇資,16,0,16,元大-東泰,2023-03-27,9817
2201,裕隆,18,3,15,元大-東泰,2023-03-27,9817
6598,ABC-KY,15,0,15,元大-東泰,2023-03-27,9817
3264,欣銓,27,13,14,元大-東泰,2023-03-27,9817
8931,大汽電,18,4,14,元大-東泰,2023-03-27,9817
2356,英業達,20,6,14,元大-東泰,2023-03-27,9817
8996,高力,14,0,14,元大-東泰,2023-03-27,9817
2637,慧洋-KY,22,9,13,元大-東泰,2023-03-27,9817
1101,台泥,15,2,13,元大-東泰,2023-03-27,9817
2404,漢唐,13,1,12,元大-東泰,2023-03-27,9817
2344,華邦電,32,21,11,元大-東泰,2023-03-27,9817
7402,邑錡,12,1,11,元大-東泰,2023-03-27,9817
4977,眾達-KY,17,6,11,元大-東泰,2023-03-27,9817
3710,連展投控,11,0,11,元大-東泰,2023-03-27,9817
8050,廣積,12,1,11,元大-東泰,2023-03-27,9817
3714,富采,38,28,10,元大-東泰,2023-03-27,9817
1539,巨庭,10,0,10,元大-東泰,2023-03-27,9817
00681R,元大美債20反1,10,0,10,元大-東泰,2023-03-27,9817
2476,鉅祥,22,12,10,元大-東泰,2023-03-27,9817
3715,定穎投控,15,5,10,元大-東泰,2023-03-27,9817
2317,鴻海,11,1,10,元大-東泰,2023-03-27,9817
00632R,元大台灣50反1,1105,32,1073,元大-東泰,2023-03-28,9817
2312,金寶,151,0,151,元大-東泰,2023-03-28,9817
2634,漢翔,88,9,79,元大-東泰,2023-03-28,9817
00878,國泰永續高股息,71,0,71,元大-東泰,2023-03-28,9817
3481,群創,83,35,48,元大-東泰,2023-03-28,9817
4979,華星光,66,20,46,元大-東泰,2023-03-28,9817
1504,東元,72,29,43,元大-東泰,2023-03-28,9817
8933,愛地雅,41,0,41,元大-東泰,2023-03-28,9817
1609,大亞,55,18,37,元大-東泰,2023-03-28,9817
6177,達麗,36,0,36,元大-東泰,2023-03-28,9817
00679B,元大美債20年,52,19,33,元大-東泰,2023-03-28,9817
2449,京元電子,30,0,30,元大-東泰,2023-03-28,9817
4157,太景*-KY,30,1,29,元大-東泰,2023-03-28,9817
3231,緯創,80,53,27,元大-東泰,2023-03-28,9817
00882,中信中國高股息,26,0,26,元大-東泰,2023-03-28,9817
00712,復華富時不動產,26,0,26,元大-東泰,2023-03-28,9817
2340,台亞,31,5,26,元大-東泰,2023-03-28,9817
6168,宏齊,40,14,26,元大-東泰,2023-03-28,9817
2382,廣達,29,4,25,元大-東泰,2023-03-28,9817
00680L,元大美債20正2,25,1,24,元大-東泰,2023-03-28,9817
7402,邑錡,24,1,23,元大-東泰,2023-03-28,9817
3479,安勤,23,1,22,元大-東泰,2023-03-28,9817
2337,旺宏,22,0,22,元大-東泰,2023-03-28,9817
00751B,元大AAA至A公司債,21,0,21,元大-東泰,2023-03-28,9817
2409,友達,22,1,21,元大-東泰,2023-03-28,9817
6770,力積電,21,1,20,元大-東泰,2023-03-28,9817
2380,虹光,20,0,20,元大-東泰,2023-03-28,9817
3005,神基,26,6,20,元大-東泰,2023-03-28,9817
1584,精剛,38,18,20,元大-東泰,2023-03-28,9817
5011,久陽,20,1,19,元大-東泰,2023-03-28,9817
5203,訊連,22,3,19,元大-東泰,2023-03-28,9817
1101,台泥,27,9,18,元大-東泰,2023-03-28,9817
8046,南電,19,1,18,元大-東泰,2023-03-28,9817
0056,元大高股息,17,0,17,元大-東泰,2023-03-28,9817
2603,長榮,28,11,17,元大-東泰,2023-03-28,9817
6274,台燿,43,26,17,元大-東泰,2023-03-28,9817
1605,華新,70,54,16,元大-東泰,2023-03-28,9817
8289,泰藝,16,0,16,元大-東泰,2023-03-28,9817
3078,僑威,15,0,15,元大-東泰,2023-03-28,9817
6233,旺玖,15,1,14,元大-東泰,2023-03-28,9817
2388,威盛,18,5,13,元大-東泰,2023-03-28,9817
3664,安瑞-KY,13,0,13,元大-東泰,2023-03-28,9817
6288,聯嘉,21,8,13,元大-東泰,2023-03-28,9817
6279,胡連,13,1,12,元大-東泰,2023-03-28,9817
2484,希華,15,3,12,元大-東泰,2023-03-28,9817
2002,中鋼,12,0,12,元大-東泰,2023-03-28,9817
3362,先進光,14,3,11,元大-東泰,2023-03-28,9817
8215,明基材,12,1,11,元大-東泰,2023-03-28,9817
3027,盛達,14,3,11,元大-東泰,2023-03-28,9817
6547,高端疫苗,16,5,11,元大-東泰,2023-03-28,9817
00679B,元大美債20年,68,1,67,元大-東泰,2023-03-29,9817
6770,力積電,66,1,65,元大-東泰,2023-03-29,9817
6116,彩晶,71,8,63,元大-東泰,2023-03-29,9817
2303,聯電,88,29,59,元大-東泰,2023-03-29,9817
3272,東碩,61,3,58,元大-東泰,2023-03-29,9817
3078,僑威,50,0,50,元大-東泰,2023-03-29,9817
2609,陽明,40,4,36,元大-東泰,2023-03-29,9817
9945,潤泰新,37,2,35,元大-東泰,2023-03-29,9817
2867,三商壽,43,10,33,元大-東泰,2023-03-29,9817
3024,憶聲,30,2,28,元大-東泰,2023-03-29,9817
6245,立端,27,0,27,元大-東泰,2023-03-29,9817
4532,瑞智,26,0,26,元大-東泰,2023-03-29,9817
2344,華邦電,25,0,25,元大-東泰,2023-03-29,9817
00751B,元大AAA至A公司債,22,0,22,元大-東泰,2023-03-29,9817
2382,廣達,21,1,20,元大-東泰,2023-03-29,9817
3013,晟銘電,20,0,20,元大-東泰,2023-03-29,9817
8383,千附,20,0,20,元大-東泰,2023-03-29,9817
00885,富邦越南,17,0,17,元大-東泰,2023-03-29,9817
00637L,元大滬深300正2,21,5,16,元大-東泰,2023-03-29,9817
6598,ABC-KY,15,0,15,元大-東泰,2023-03-29,9817
5243,乙盛-KY,27,12,15,元大-東泰,2023-03-29,9817
2317,鴻海,13,0,13,元大-東泰,2023-03-29,9817
5475,德宏,13,0,13,元大-東泰,2023-03-29,9817
3714,富采,54,41,13,元大-東泰,2023-03-29,9817
2603,長榮,18,6,12,元大-東泰,2023-03-29,9817
2340,台亞,12,0,12,元大-東泰,2023-03-29,9817
2371,大同,15,3,12,元大-東泰,2023-03-29,9817
2329,華泰,14,2,12,元大-東泰,2023-03-29,9817
00893,國泰智能電動車,12,0,12,元大-東泰,2023-03-29,9817
00878,國泰永續高股息,23,12,11,元大-東泰,2023-03-29,9817
6220,岳豐,11,0,11,元大-東泰,2023-03-29,9817
5515,建國,11,0,11,元大-東泰,2023-03-29,9817
2330,台積電,14,3,11,元大-東泰,2023-03-29,9817
6182,合晶,10,0,10,元大-東泰,2023-03-29,9817
1504,東元,60,50,10,元大-東泰,2023-03-29,9817
2630,亞航,10,0,10,元大-東泰,2023-03-29,9817
5285,界霖,10,0,10,元大-東泰,2023-03-29,9817
4934,太極,10,0,10,元大-東泰,2023-03-29,9817
00676R,富邦臺灣加權反1,10,0,10,元大-東泰,2023-03-29,9817
4916,事欣科,17,7,10,元大-東泰,2023-03-29,9817
6148,驊宏資,10,0,10,元大-東泰,2023-03-29,9817
4157,太景*-KY,10,0,10,元大-東泰,2023-03-29,9817
3706,神達,10,0,10,元大-東泰,2023-03-29,9817
3213,茂訊,10,0,10,元大-東泰,2023-03-29,9817
4153,鈺緯,10,0,10,元大-東泰,2023-03-29,9817
2485,兆赫,10,0,10,元大-東泰,2023-03-29,9817
6147,頎邦,11,1,10,元大-東泰,2023-03-29,9817
3105,穩懋,15,6,9,元大-東泰,2023-03-29,9817
2449,京元電子,11,2,9,元大-東泰,2023-03-29,9817
2641,正德,9,0,9,元大-東泰,2023-03-29,9817
00671R,富邦NASDAQ反1,100,0,100,元大-東泰,2023-03-30,9817
2888,新光金,84,1,83,元大-東泰,2023-03-30,9817
2882,國泰金,57,0,57,元大-東泰,2023-03-30,9817
3078,僑威,51,1,50,元大-東泰,2023-03-30,9817
00680L,元大美債20正2,50,5,45,元大-東泰,2023-03-30,9817
2534,宏盛,40,0,40,元大-東泰,2023-03-30,9817
3447,展達,38,1,37,元大-東泰,2023-03-30,9817
3479,安勤,39,6,33,元大-東泰,2023-03-30,9817
00674R,期元大S＆P黃金反1,32,0,32,元大-東泰,2023-03-30,9817
2892,第一金,35,4,31,元大-東泰,2023-03-30,9817
00900,富邦特選高股息30,30,0,30,元大-東泰,2023-03-30,9817
2382,廣達,29,0,29,元大-東泰,2023-03-30,9817
2371,大同,27,0,27,元大-東泰,2023-03-30,9817
1609,大亞,96,70,26,元大-東泰,2023-03-30,9817
2618,長榮航,26,0,26,元大-東泰,2023-03-30,9817
2610,華航,28,4,24,元大-東泰,2023-03-30,9817
2344,華邦電,80,57,23,元大-東泰,2023-03-30,9817
2104,國際中橡,23,0,23,元大-東泰,2023-03-30,9817
6770,力積電,22,1,21,元大-東泰,2023-03-30,9817
2353,宏��,32,11,21,元大-東泰,2023-03-30,9817
1314,中石化,20,0,20,元大-東泰,2023-03-30,9817
2028,威致,20,0,20,元大-東泰,2023-03-30,9817
00903,富邦元宇宙,20,2,18,元大-東泰,2023-03-30,9817
00679B,元大美債20年,18,0,18,元大-東泰,2023-03-30,9817
3043,科風,18,0,18,元大-東泰,2023-03-30,9817
00882,中信中國高股息,17,0,17,元大-東泰,2023-03-30,9817
3312,弘憶股,19,2,17,元大-東泰,2023-03-30,9817
3189,景碩,21,5,16,元大-東泰,2023-03-30,9817
2867,三商壽,15,0,15,元大-東泰,2023-03-30,9817
2485,兆赫,15,0,15,元大-東泰,2023-03-30,9817
3481,群創,17,2,15,元大-東泰,2023-03-30,9817
2409,友達,13,0,13,元大-東泰,2023-03-30,9817
1795,美時,19,6,13,元大-東泰,2023-03-30,9817
00893,國泰智能電動車,22,10,12,元大-東泰,2023-03-30,9817
4804,大略-KY,12,0,12,元大-東泰,2023-03-30,9817
2630,亞航,12,0,12,元大-東泰,2023-03-30,9817
2374,佳能,11,0,11,元大-東泰,2023-03-30,9817
2637,慧洋-KY,11,0,11,元大-東泰,2023-03-30,9817
2897,王道銀行,10,0,10,元大-東泰,2023-03-30,9817
2812,台中銀,11,1,10,元大-東泰,2023-03-30,9817
3024,憶聲,10,0,10,元大-東泰,2023-03-30,9817
2211,長榮鋼,10,0,10,元大-東泰,2023-03-30,9817
6125,廣運,12,2,10,元大-東泰,2023-03-30,9817
2358,廷鑫,10,0,10,元大-東泰,2023-03-30,9817
1608,華榮,10,0,10,元大-東泰,2023-03-30,9817
1310,台苯,10,0,10,元大-東泰,2023-03-30,9817
6603,富強鑫,10,0,10,元大-東泰,2023-03-30,9817
00715L,期街口布蘭特正2,10,0,10,元大-東泰,2023-03-30,9817
2204,中華,10,0,10,元大-東泰,2023-03-30,9817
2886,兆豐金,9,0,9,元大-東泰,2023-03-30,9817
2834,臺企銀,151,26,125,元大-東泰,2023-03-31,9817
4960,誠美材,105,0,105,元大-東泰,2023-03-31,9817
00893,國泰智能電動車,102,20,82,元大-東泰,2023-03-31,9817
2637,慧洋-KY,72,0,72,元大-東泰,2023-03-31,9817
1605,華新,127,61,66,元大-東泰,2023-03-31,9817
3447,展達,62,2,60,元大-東泰,2023-03-31,9817
2337,旺宏,83,35,48,元大-東泰,2023-03-31,9817
00632R,元大台灣50反1,43,0,43,元大-東泰,2023-03-31,9817
2867,三商壽,39,3,36,元大-東泰,2023-03-31,9817
00673R,期元大S＆P原油反1,34,0,34,元大-東泰,2023-03-31,9817
3037,欣興,42,10,32,元大-東泰,2023-03-31,9817
1504,東元,37,5,32,元大-東泰,2023-03-31,9817
6125,廣運,30,0,30,元大-東泰,2023-03-31,9817
2330,台積電,30,3,27,元大-東泰,2023-03-31,9817
2380,虹光,41,15,26,元大-東泰,2023-03-31,9817
3013,晟銘電,26,0,26,元大-東泰,2023-03-31,9817
6282,康舒,24,1,23,元大-東泰,2023-03-31,9817
3715,定穎投控,25,2,23,元大-東泰,2023-03-31,9817
00679B,元大美債20年,21,0,21,元大-東泰,2023-03-31,9817
2387,精元,20,0,20,元大-東泰,2023-03-31,9817
8111,立��,20,0,20,元大-東泰,2023-03-31,9817
1609,大亞,19,0,19,元大-東泰,2023-03-31,9817
3430,奇鈦科,17,0,17,元大-東泰,2023-03-31,9817
2104,國際中橡,17,0,17,元大-東泰,2023-03-31,9817
2609,陽明,26,10,16,元大-東泰,2023-03-31,9817
3078,僑威,36,20,16,元大-東泰,2023-03-31,9817
2353,宏��,21,5,16,元大-東泰,2023-03-31,9817
8227,巨有科技,16,1,15,元大-東泰,2023-03-31,9817
3576,聯合再生,15,0,15,元大-東泰,2023-03-31,9817
5701,劍湖山,15,0,15,元大-東泰,2023-03-31,9817
1467,南緯,15,0,15,元大-東泰,2023-03-31,9817
2897,王道銀行,15,1,14,元大-東泰,2023-03-31,9817
8050,廣積,14,0,14,元大-東泰,2023-03-31,9817
3308,聯德,16,2,14,元大-東泰,2023-03-31,9817
9907,統一實,14,0,14,元大-東泰,2023-03-31,9817
2610,華航,16,3,13,元大-東泰,2023-03-31,9817
2419,仲琦,14,1,13,元大-東泰,2023-03-31,9817
6578,達邦蛋白,12,0,12,元大-東泰,2023-03-31,9817
8213,志超,12,0,12,元大-東泰,2023-03-31,9817
5371,中光電,12,0,12,元大-東泰,2023-03-31,9817
8046,南電,16,4,12,元大-東泰,2023-03-31,9817
3231,緯創,35,24,11,元大-東泰,2023-03-31,9817
5351,鈺創,17,6,11,元大-東泰,2023-03-31,9817
2425,承啟,12,1,11,元大-東泰,2023-03-31,9817
5608,四維航,12,1,11,元大-東泰,2023-03-31,9817
8110,華東,26,15,11,元大-東泰,2023-03-31,9817
3324,雙鴻,11,0,11,元大-東泰,2023-03-31,9817
1760,寶齡富錦,31,21,10,元大-東泰,2023-03-31,9817
8027,鈦昇,10,0,10,元大-東泰,2023-03-31,9817
2105,正新,10,0,10,元大-東泰,2023-03-31,9817
00632R,元大台灣50反1,1100,0,1100,元大-東泰,2023-04-06,9817
2344,華邦電,106,5,101,元大-東泰,2023-04-06,9817
00893,國泰智能電動車,81,1,80,元大-東泰,2023-04-06,9817
00673R,期元大S＆P原油反1,56,0,56,元大-東泰,2023-04-06,9817
2388,威盛,99,43,56,元大-東泰,2023-04-06,9817
2888,新光金,62,10,52,元大-東泰,2023-04-06,9817
8069,元太,42,4,38,元大-東泰,2023-04-06,9817
00878,國泰永續高股息,66,28,38,元大-東泰,2023-04-06,9817
3479,安勤,32,1,31,元大-東泰,2023-04-06,9817
00697B,元大美債7-10,30,0,30,元大-東泰,2023-04-06,9817
2618,長榮航,31,1,30,元大-東泰,2023-04-06,9817
2610,華航,30,2,28,元大-東泰,2023-04-06,9817
8076,伍豐,28,0,28,元大-東泰,2023-04-06,9817
2485,兆赫,35,9,26,元大-東泰,2023-04-06,9817
2886,兆豐金,27,2,25,元大-東泰,2023-04-06,9817
2609,陽明,32,8,24,元大-東泰,2023-04-06,9817
6443,元晶,25,2,23,元大-東泰,2023-04-06,9817
00637L,元大滬深300正2,21,0,21,元大-東泰,2023-04-06,9817
2002,中鋼,32,12,20,元大-東泰,2023-04-06,9817
00902,中信電池及儲能,21,1,20,元大-東泰,2023-04-06,9817
1802,台玻,19,0,19,元大-東泰,2023-04-06,9817
2880,華南金,33,16,17,元大-東泰,2023-04-06,9817
2897,王道銀行,20,3,17,元大-東泰,2023-04-06,9817
6770,力積電,18,2,16,元大-東泰,2023-04-06,9817
3221,台嘉碩,16,0,16,元大-東泰,2023-04-06,9817
6257,矽格,15,0,15,元大-東泰,2023-04-06,9817
2380,虹光,30,15,15,元大-東泰,2023-04-06,9817
4934,太極,15,0,15,元大-東泰,2023-04-06,9817
6220,岳豐,14,0,14,元大-東泰,2023-04-06,9817
1785,光洋科,16,2,14,元大-東泰,2023-04-06,9817
3047,訊舟,13,0,13,元大-東泰,2023-04-06,9817
2486,一詮,23,10,13,元大-東泰,2023-04-06,9817
9105,泰金寶-DR,12,0,12,元大-東泰,2023-04-06,9817
2371,大同,12,0,12,元大-東泰,2023-04-06,9817
1215,卜蜂,12,0,12,元大-東泰,2023-04-06,9817
2027,大成鋼,12,0,12,元大-東泰,2023-04-06,9817
00922,國泰台灣領袖50,11,0,11,元大-東泰,2023-04-06,9817
2208,台船,22,12,10,元大-東泰,2023-04-06,9817
2883,凱基金,10,0,10,元大-東泰,2023-04-06,9817
00712,復華富時不動產,10,0,10,元大-東泰,2023-04-06,9817
5880,合庫金,10,0,10,元大-東泰,2023-04-06,9817
00895,富邦未來車,10,0,10,元大-東泰,2023-04-06,9817
4804,大略-KY,16,6,10,元大-東泰,2023-04-06,9817
8038,長園科,10,0,10,元大-東泰,2023-04-06,9817
4739,康普,10,0,10,元大-東泰,2023-04-06,9817
1310,台苯,10,0,10,元大-東泰,2023-04-06,9817
1504,東元,16,6,10,元大-東泰,2023-04-06,9817
00636,國泰中國A50,10,0,10,元大-東泰,2023-04-06,9817
9955,佳龍,11,1,10,元大-東泰,2023-04-06,9817
4916,事欣科,13,3,10,元大-東泰,2023-04-06,9817
00673R,期元大S＆P原油反1,401,0,401,元大-東泰,2023-04-07,9817
2834,臺企銀,101,15,86,元大-東泰,2023-04-07,9817
4402,郡都開發,64,0,64,元大-東泰,2023-04-07,9817
2485,兆赫,60,0,60,元大-東泰,2023-04-07,9817
4934,太極,53,1,52,元大-東泰,2023-04-07,9817
2867,三商壽,64,15,49,元大-東泰,2023-04-07,9817
5284,jpp-KY,51,5,46,元大-東泰,2023-04-07,9817
3231,緯創,67,21,46,元大-東泰,2023-04-07,9817
00885,富邦越南,64,20,44,元大-東泰,2023-04-07,9817
2356,英業達,46,2,44,元大-東泰,2023-04-07,9817
6282,康舒,43,2,41,元大-東泰,2023-04-07,9817
2323,中環,39,0,39,元大-東泰,2023-04-07,9817
00712,復華富時不動產,31,5,26,元大-東泰,2023-04-07,9817
3289,宜特,25,0,25,元大-東泰,2023-04-07,9817
2104,國際中橡,23,0,23,元大-東泰,2023-04-07,9817
0056,元大高股息,34,13,21,元大-東泰,2023-04-07,9817
2897,王道銀行,20,0,20,元大-東泰,2023-04-07,9817
3536,誠創,20,0,20,元大-東泰,2023-04-07,9817
2038,海光,20,0,20,元大-東泰,2023-04-07,9817
3494,誠研,20,0,20,元大-東泰,2023-04-07,9817
1467,南緯,20,0,20,元大-東泰,2023-04-07,9817
3481,群創,40,22,18,元大-東泰,2023-04-07,9817
00878,國泰永續高股息,21,3,18,元大-東泰,2023-04-07,9817
2634,漢翔,30,12,18,元大-東泰,2023-04-07,9817
1513,中興電,43,26,17,元大-東泰,2023-04-07,9817
2436,偉詮電,20,3,17,元大-東泰,2023-04-07,9817
6235,華孚,31,15,16,元大-東泰,2023-04-07,9817
2482,連宇,26,10,16,元大-東泰,2023-04-07,9817
4979,華星光,21,6,15,元大-東泰,2023-04-07,9817
8076,伍豐,15,0,15,元大-東泰,2023-04-07,9817
3664,安瑞-KY,16,1,15,元大-東泰,2023-04-07,9817
8072,陞泰,14,1,13,元大-東泰,2023-04-07,9817
1529,樂事綠能,12,0,12,元大-東泰,2023-04-07,9817
00710B,復華彭博非投等債,12,0,12,元大-東泰,2023-04-07,9817
2884,玉山金,17,6,11,元大-東泰,2023-04-07,9817
3189,景碩,11,0,11,元大-東泰,2023-04-07,9817
4564,元翎,10,0,10,元大-東泰,2023-04-07,9817
00902,中信電池及儲能,10,0,10,元大-東泰,2023-04-07,9817
2303,聯電,11,1,10,元大-東泰,2023-04-07,9817
1584,精剛,15,5,10,元大-東泰,2023-04-07,9817
6538,倉和,10,0,10,元大-東泰,2023-04-07,9817
4739,康普,10,0,10,元大-東泰,2023-04-07,9817
00681R,元大美債20反1,10,0,10,元大-東泰,2023-04-07,9817
6290,良維,10,0,10,元大-東泰,2023-04-07,9817
4513,福裕,10,0,10,元大-東泰,2023-04-07,9817
2492,華新科,10,0,10,元大-東泰,2023-04-07,9817
1810,和成,11,1,10,元大-東泰,2023-04-07,9817
2633,台灣高鐵,10,0,10,元大-東泰,2023-04-07,9817
00888,永豐台灣ESG,10,1,9,元大-東泰,2023-04-07,9817
2208,台船,24,16,8,元大-東泰,2023-04-07,9817
6116,彩晶,400,0,400,元大-東泰,2023-04-10,9817
2344,華邦電,101,16,85,元大-東泰,2023-04-10,9817
00712,復華富時不動產,38,0,38,元大-東泰,2023-04-10,9817
1609,大亞,46,10,36,元大-東泰,2023-04-10,9817
2408,南亞科,34,3,31,元大-東泰,2023-04-10,9817
5328,華容,29,0,29,元大-東泰,2023-04-10,9817
1513,中興電,76,52,24,元大-東泰,2023-04-10,9817
1605,華新,45,22,23,元大-東泰,2023-04-10,9817
2303,聯電,28,5,23,元大-東泰,2023-04-10,9817
6538,倉和,37,15,22,元大-東泰,2023-04-10,9817
00751B,元大AAA至A公司債,21,0,21,元大-東泰,2023-04-10,9817
6235,華孚,43,23,20,元大-東泰,2023-04-10,9817
2380,虹光,20,0,20,元大-東泰,2023-04-10,9817
2308,台達電,20,0,20,元大-東泰,2023-04-10,9817
6285,啟��,23,5,18,元大-東泰,2023-04-10,9817
1717,長興,17,0,17,元大-東泰,2023-04-10,9817
4128,中天,18,1,17,元大-東泰,2023-04-10,9817
3711,日月光投控,16,0,16,元大-東泰,2023-04-10,9817
3056,富華新,17,1,16,元大-東泰,2023-04-10,9817
3447,展達,18,2,16,元大-東泰,2023-04-10,9817
2427,三商電,19,3,16,元大-東泰,2023-04-10,9817
2104,國際中橡,16,0,16,元大-東泰,2023-04-10,9817
2002,中鋼,15,0,15,元大-東泰,2023-04-10,9817
2485,兆赫,15,0,15,元大-東泰,2023-04-10,9817
3037,欣興,15,1,14,元大-東泰,2023-04-10,9817
00772B,中信高評級公司債,13,0,13,元大-東泰,2023-04-10,9817
4906,正文,23,11,12,元大-東泰,2023-04-10,9817
00679B,元大美債20年,12,0,12,元大-東泰,2023-04-10,9817
6182,合晶,14,3,11,元大-東泰,2023-04-10,9817
6770,力積電,15,3,12,元大-東泰,2023-04-10,9817
8213,志超,11,0,11,元大-東泰,2023-04-10,9817
2338,光罩,12,1,11,元大-東泰,2023-04-10,9817
9945,潤泰新,15,5,10,元大-東泰,2023-04-10,9817
8050,廣積,13,3,10,元大-東泰,2023-04-10,9817
00673R,期元大S＆P原油反1,10,0,10,元大-東泰,2023-04-10,9817
00902,中信電池及儲能,10,0,10,元大-東泰,2023-04-10,9817
3141,晶宏,10,0,10,元大-東泰,2023-04-10,9817
2101,南港,10,0,10,元大-東泰,2023-04-10,9817
4153,鈺緯,15,5,10,元大-東泰,2023-04-10,9817
1515,力山,11,1,10,元大-東泰,2023-04-10,9817
00680L,元大美債20正2,10,0,10,元大-東泰,2023-04-10,9817
2488,漢平,10,0,10,元大-東泰,2023-04-10,9817
3149,正達,11,1,10,元大-東泰,2023-04-10,9817
00692,富邦公司治理,10,0,10,元大-東泰,2023-04-10,9817
3494,誠研,10,0,10,元大-東泰,2023-04-10,9817
6282,康舒,13,3,10,元大-東泰,2023-04-10,9817
4155,訊映,10,0,10,元大-東泰,2023-04-10,9817
2615,萬海,12,3,9,元大-東泰,2023-04-10,9817
3035,智原,10,1,9,元大-東泰,2023-04-10,9817
6288,聯嘉,13,4,9,元大-東泰,2023-04-10,9817
2834,臺企銀,365,7,358,元大-東泰,2023-04-11,9817
00712,復華富時不動產,83,5,78,元大-東泰,2023-04-11,9817
1609,大亞,88,18,70,元大-東泰,2023-04-11,9817
2002,中鋼,50,1,49,元大-東泰,2023-04-11,9817
00631L,元大台灣50正2,45,0,45,元大-東泰,2023-04-11,9817
2303,聯電,39,7,32,元大-東泰,2023-04-11,9817
2461,光群雷,33,1,32,元大-東泰,2023-04-11,9817
00676R,富邦臺灣加權反1,30,0,30,元大-東泰,2023-04-11,9817
3479,安勤,27,0,27,元大-東泰,2023-04-11,9817
00772B,中信高評級公司債,21,0,21,元大-東泰,2023-04-11,9817
3715,定穎投控,22,1,21,元大-東泰,2023-04-11,9817
1217,愛之味,21,0,21,元大-東泰,2023-04-11,9817
5285,界霖,20,0,20,元大-東泰,2023-04-11,9817
1905,華紙,20,0,20,元大-東泰,2023-04-11,9817
4906,正文,22,4,18,元大-東泰,2023-04-11,9817
00637L,元大滬深300正2,18,0,18,元大-東泰,2023-04-11,9817
6245,立端,19,1,18,元大-東泰,2023-04-11,9817
00878,國泰永續高股息,73,55,18,元大-東泰,2023-04-11,9817
1504,東元,85,68,17,元大-東泰,2023-04-11,9817
6285,啟��,20,3,17,元大-東泰,2023-04-11,9817
2208,台船,24,7,17,元大-東泰,2023-04-11,9817
2349,錸德,16,0,16,元大-東泰,2023-04-11,9817
00673R,期元大S＆P原油反1,15,0,15,元大-東泰,2023-04-11,9817
2457,飛宏,38,23,15,元大-東泰,2023-04-11,9817
6148,驊宏資,15,0,15,元大-東泰,2023-04-11,9817
2027,大成鋼,16,1,15,元大-東泰,2023-04-11,9817
3704,合勤控,15,1,14,元大-東泰,2023-04-11,9817
8936,國統,21,8,13,元大-東泰,2023-04-11,9817
5203,訊連,13,0,13,元大-東泰,2023-04-11,9817
2317,鴻海,18,5,13,元大-東泰,2023-04-11,9817
3058,立德,12,0,12,元大-東泰,2023-04-11,9817
6290,良維,19,7,12,元大-東泰,2023-04-11,9817
3346,麗清,12,0,12,元大-東泰,2023-04-11,9817
2388,威盛,13,2,11,元大-東泰,2023-04-11,9817
3114,好德,11,0,11,元大-東泰,2023-04-11,9817
6005,群益證,11,0,11,元大-東泰,2023-04-11,9817
6125,廣運,11,0,11,元大-東泰,2023-04-11,9817
2897,王道銀行,10,0,10,元大-東泰,2023-04-11,9817
5475,德宏,10,0,10,元大-東泰,2023-04-11,9817
3494,誠研,10,0,10,元大-東泰,2023-04-11,9817
1529,樂事綠能,12,2,10,元大-東泰,2023-04-11,9817
3543,州巧,10,0,10,元大-東泰,2023-04-11,9817
6811,宏�硌穈T,9,0,9,元大-東泰,2023-04-11,9817
6753,龍德造船,13,4,9,元大-東泰,2023-04-11,9817
1526,日馳,9,0,9,元大-東泰,2023-04-11,9817
6244,茂迪,13,4,9,元大-東泰,2023-04-11,9817
6806,森崴能源,12,4,8,元大-東泰,2023-04-11,9817
4121,優盛,8,0,8,元大-東泰,2023-04-11,9817
1785,光洋科,9,1,8,元大-東泰,2023-04-11,9817
3490,單井,8,0,8,元大-東泰,2023-04-11,9817
2834,臺企銀,498,2,496,元大-東泰,2023-04-12,9817
2312,金寶,60,1,59,元大-東泰,2023-04-12,9817
6770,力積電,72,15,57,元大-東泰,2023-04-12,9817
1409,新纖,40,0,40,元大-東泰,2023-04-12,9817
00712,復華富時不動產,36,0,36,元大-東泰,2023-04-12,9817
4979,華星光,43,10,33,元大-東泰,2023-04-12,9817
2886,兆豐金,30,0,30,元大-東泰,2023-04-12,9817
4960,誠美材,64,39,25,元大-東泰,2023-04-12,9817
3032,偉訓,35,11,24,元大-東泰,2023-04-12,9817
00878,國泰永續高股息,28,5,23,元大-東泰,2023-04-12,9817
3704,合勤控,21,1,20,元大-東泰,2023-04-12,9817
1103,嘉泥,20,0,20,元大-東泰,2023-04-12,9817
1618,合機,20,3,17,元大-東泰,2023-04-12,9817
6142,友勁,30,13,17,元大-東泰,2023-04-12,9817
2618,長榮航,17,0,17,元大-東泰,2023-04-12,9817
2897,王道銀行,15,0,15,元大-東泰,2023-04-12,9817
2330,台積電,19,5,14,元大-東泰,2023-04-12,9817
5608,四維航,15,1,14,元大-東泰,2023-04-12,9817
00670L,富邦NASDAQ正2,14,0,14,元大-東泰,2023-04-12,9817
3481,群創,67,54,13,元大-東泰,2023-04-12,9817
6235,華孚,34,21,13,元大-東泰,2023-04-12,9817
5425,台半,16,3,13,元大-東泰,2023-04-12,9817
3005,神基,15,2,13,元大-東泰,2023-04-12,9817
1905,華紙,13,0,13,元大-東泰,2023-04-12,9817
0050,元大台灣50,12,0,12,元大-東泰,2023-04-12,9817
6223,旺矽,19,7,12,元大-東泰,2023-04-12,9817
5864,致和證,12,0,12,元大-東泰,2023-04-12,9817
2027,大成鋼,13,1,12,元大-東泰,2023-04-12,9817
1101,台泥,18,6,12,元大-東泰,2023-04-12,9817
3576,聯合再生,28,16,12,元大-東泰,2023-04-12,9817
2324,仁寶,13,2,11,元大-東泰,2023-04-12,9817
3037,欣興,13,2,11,元大-東泰,2023-04-12,9817
2890,永豐金,11,0,11,元大-東泰,2023-04-12,9817
8088,品安,27,16,11,元大-東泰,2023-04-12,9817
2105,正新,11,0,11,元大-東泰,2023-04-12,9817
00679B,元大美債20年,11,0,11,元大-東泰,2023-04-12,9817
4155,訊映,10,0,10,元大-東泰,2023-04-12,9817
6188,廣明,12,2,10,元大-東泰,2023-04-12,9817
4207,環泰,10,0,10,元大-東泰,2023-04-12,9817
1308,亞聚,10,0,10,元大-東泰,2023-04-12,9817
6248,沛波,10,0,10,元大-東泰,2023-04-12,9817
1447,力鵬,10,0,10,元大-東泰,2023-04-12,9817
1760,寶齡富錦,29,19,10,元大-東泰,2023-04-12,9817
2399,映泰,10,0,10,元大-東泰,2023-04-12,9817
2427,三商電,20,10,10,元大-東泰,2023-04-12,9817
4934,太極,12,2,10,元大-東泰,2023-04-12,9817
00888,永豐台灣ESG,10,0,10,元大-東泰,2023-04-12,9817
1513,中興電,67,58,9,元大-東泰,2023-04-12,9817
2885,元大金,10,1,9,元大-東泰,2023-04-12,9817
2022,聚亨,10,1,9,元大-東泰,2023-04-12,9817
2891,中信金,877,16,861,元大-東泰,2023-04-13,9817
00712,復華富時不動產,182,5,177,元大-東泰,2023-04-13,9817
00893,國泰智能電動車,93,0,93,元大-東泰,2023-04-13,9817
2409,友達,93,13,80,元大-東泰,2023-04-13,9817
4960,誠美材,82,8,74,元大-東泰,2023-04-13,9817
2344,華邦電,101,29,72,元大-東泰,2023-04-13,9817
1609,大亞,114,48,66,元大-東泰,2023-04-13,9817
6234,高僑,67,7,60,元大-東泰,2023-04-13,9817
3711,日月光投控,59,5,54,元大-東泰,2023-04-13,9817
2801,彰銀,52,0,52,元大-東泰,2023-04-13,9817
3047,訊舟,50,3,47,元大-東泰,2023-04-13,9817
6282,康舒,51,7,44,元大-東泰,2023-04-13,9817
3231,緯創,62,23,39,元大-東泰,2023-04-13,9817
6163,華電網,44,9,35,元大-東泰,2023-04-13,9817
00720B,元大投資級公司債,39,8,31,元大-東泰,2023-04-13,9817
1314,中石化,36,6,30,元大-東泰,2023-04-13,9817
4804,大略-KY,30,1,29,元大-東泰,2023-04-13,9817
3037,欣興,33,7,26,元大-東泰,2023-04-13,9817
6443,元晶,30,5,25,元大-東泰,2023-04-13,9817
2329,華泰,33,9,24,元大-東泰,2023-04-13,9817
6122,擎邦,79,55,24,元大-東泰,2023-04-13,9817
3520,華盈,23,0,23,元大-東泰,2023-04-13,9817
3406,玉晶光,22,1,21,元大-東泰,2023-04-13,9817
9907,統一實,30,10,20,元大-東泰,2023-04-13,9817
3006,晶豪科,23,4,19,元大-東泰,2023-04-13,9817
3027,盛達,22,3,19,元大-東泰,2023-04-13,9817
4304,勝昱,19,0,19,元大-東泰,2023-04-13,9817
6244,茂迪,20,2,18,元大-東泰,2023-04-13,9817
5351,鈺創,19,1,18,元大-東泰,2023-04-13,9817
2313,華通,19,2,17,元大-東泰,2023-04-13,9817
5009,榮剛,38,22,16,元大-東泰,2023-04-13,9817
1444,力麗,16,0,16,元大-東泰,2023-04-13,9817
3056,富華新,16,0,16,元大-東泰,2023-04-13,9817
00713,元大台灣高息低波,16,1,15,元大-東泰,2023-04-13,9817
2929,淘帝-KY,15,0,15,元大-東泰,2023-04-13,9817
8936,國統,25,10,15,元大-東泰,2023-04-13,9817
2206,三陽工業,21,7,14,元大-東泰,2023-04-13,9817
00679B,元大美債20年,21,7,14,元大-東泰,2023-04-13,9817
8034,榮群,13,0,13,元大-東泰,2023-04-13,9817
4934,太極,12,0,12,元大-東泰,2023-04-13,9817
1522,堤維西,12,0,12,元大-東泰,2023-04-13,9817
00878,國泰永續高股息,40,29,11,元大-東泰,2023-04-13,9817
2330,台積電,66,55,11,元大-東泰,2023-04-13,9817
00922,國泰台灣領袖50,11,0,11,元大-東泰,2023-04-13,9817
6133,金橋,11,0,11,元大-東泰,2023-04-13,9817
3694,海華,11,0,11,元大-東泰,2023-04-13,9817
2211,長榮鋼,12,1,11,元大-東泰,2023-04-13,9817
3374,精材,11,0,11,元大-東泰,2023-04-13,9817
2323,中環,15,5,10,元大-東泰,2023-04-13,9817
6229,研通,10,0,10,元大-東泰,2023-04-13,9817
3481,群創,159,37,122,元大-東泰,2023-04-14,9817
00885,富邦越南,110,0,110,元大-東泰,2023-04-14,9817
00680L,元大美債20正2,106,0,106,元大-東泰,2023-04-14,9817
00671R,富邦NASDAQ反1,100,0,100,元大-東泰,2023-04-14,9817
2515,中工,133,37,96,元大-東泰,2023-04-14,9817
00712,復華富時不動產,88,0,88,元大-東泰,2023-04-14,9817
00632R,元大台灣50反1,161,75,86,元大-東泰,2023-04-14,9817
3715,定穎投控,94,11,83,元大-東泰,2023-04-14,9817
2344,華邦電,88,15,73,元大-東泰,2023-04-14,9817
2208,台船,143,72,71,元大-東泰,2023-04-14,9817
00720B,元大投資級公司債,66,4,62,元大-東泰,2023-04-14,9817
00679B,元大美債20年,57,11,46,元大-東泰,2023-04-14,9817
00673R,期元大S＆P原油反1,51,5,46,元大-東泰,2023-04-14,9817
00751B,元大AAA至A公司債,46,1,45,元大-東泰,2023-04-14,9817
00631L,元大台灣50正2,45,0,45,元大-東泰,2023-04-14,9817
2303,聯電,53,10,43,元大-東泰,2023-04-14,9817
1504,東元,68,28,40,元大-東泰,2023-04-14,9817
2618,長榮航,42,4,38,元大-東泰,2023-04-14,9817
2002,中鋼,46,11,35,元大-東泰,2023-04-14,9817
6026,福邦證,30,0,30,元大-東泰,2023-04-14,9817
2038,海光,30,0,30,元大-東泰,2023-04-14,9817
2834,臺企銀,29,3,26,元大-東泰,2023-04-14,9817
1609,大亞,69,44,25,元大-東泰,2023-04-14,9817
8383,千附,24,0,24,元大-東泰,2023-04-14,9817
2356,英業達,26,3,23,元大-東泰,2023-04-14,9817
2367,燿華,23,1,22,元大-東泰,2023-04-14,9817
2409,友達,28,7,21,元大-東泰,2023-04-14,9817
1722,台肥,20,0,20,元大-東泰,2023-04-14,9817
1217,愛之味,18,0,18,元大-東泰,2023-04-14,9817
1708,東鹼,17,0,17,元大-東泰,2023-04-14,9817
1417,嘉裕,20,4,16,元大-東泰,2023-04-14,9817
3038,全台,28,12,16,元大-東泰,2023-04-14,9817
6188,廣明,18,2,16,元大-東泰,2023-04-14,9817
1616,億泰,16,0,16,元大-東泰,2023-04-14,9817
6770,力積電,20,4,16,元大-東泰,2023-04-14,9817
1795,美時,15,0,15,元大-東泰,2023-04-14,9817
2498,宏達電,20,5,15,元大-東泰,2023-04-14,9817
2402,毅嘉,20,6,14,元大-東泰,2023-04-14,9817
8064,東捷,14,0,14,元大-東泰,2023-04-14,9817
6243,迅杰,14,0,14,元大-東泰,2023-04-14,9817
00772B,中信高評級公司債,15,2,13,元大-東泰,2023-04-14,9817
6282,康舒,15,2,13,元大-東泰,2023-04-14,9817
6547,高端疫苗,26,13,13,元大-東泰,2023-04-14,9817
2468,華經,18,5,13,元大-東泰,2023-04-14,9817
2380,虹光,13,0,13,元大-東泰,2023-04-14,9817
6176,瑞儀,22,9,13,元大-東泰,2023-04-14,9817
1519,華城,15,2,13,元大-東泰,2023-04-14,9817
6244,茂迪,13,0,13,元大-東泰,2023-04-14,9817
3006,晶豪科,18,6,12,元大-東泰,2023-04-14,9817
6670,復盛應用,12,0,12,元大-東泰,2023-04-14,9817
2891,中信金,734,0,734,元大-東泰,2023-04-17,9817
5355,佳總,301,0,301,元大-東泰,2023-04-17,9817
00712,復華富時不動產,233,0,233,元大-東泰,2023-04-17,9817
6026,福邦證,96,0,96,元大-東泰,2023-04-17,9817
2329,華泰,140,50,90,元大-東泰,2023-04-17,9817
1618,合機,93,7,86,元大-東泰,2023-04-17,9817
00679B,元大美債20年,81,0,81,元大-東泰,2023-04-17,9817
3481,群創,85,13,72,元大-東泰,2023-04-17,9817
2002,中鋼,80,13,67,元大-東泰,2023-04-17,9817
6167,久正,73,10,63,元大-東泰,2023-04-17,9817
00878,國泰永續高股息,57,6,51,元大-東泰,2023-04-17,9817
00885,富邦越南,50,2,48,元大-東泰,2023-04-17,9817
6142,友勁,49,3,46,元大-東泰,2023-04-17,9817
3712,永崴投控,58,26,32,元大-東泰,2023-04-17,9817
2618,長榮航,40,11,29,元大-東泰,2023-04-17,9817
4114,健喬,39,10,29,元大-東泰,2023-04-17,9817
1514,亞力,48,19,29,元大-東泰,2023-04-17,9817
2312,金寶,41,15,26,元大-東泰,2023-04-17,9817
2208,台船,85,60,25,元大-東泰,2023-04-17,9817
1609,大亞,30,6,24,元大-東泰,2023-04-17,9817
3322,建舜電,21,1,20,元大-東泰,2023-04-17,9817
6547,高端疫苗,32,13,19,元大-東泰,2023-04-17,9817
6235,華孚,79,62,17,元大-東泰,2023-04-17,9817
1314,中石化,33,16,17,元大-東泰,2023-04-17,9817
8409,商之器,22,5,17,元大-東泰,2023-04-17,9817
4304,勝昱,16,0,16,元大-東泰,2023-04-17,9817
2495,普安,18,2,16,元大-東泰,2023-04-17,9817
5371,中光電,29,13,16,元大-東泰,2023-04-17,9817
6282,康舒,32,16,16,元大-東泰,2023-04-17,9817
6005,群益證,15,0,15,元大-東泰,2023-04-17,9817
6120,達運,15,0,15,元大-東泰,2023-04-17,9817
3029,零壹,18,4,14,元大-東泰,2023-04-17,9817
6160,欣技,20,6,14,元大-東泰,2023-04-17,9817
00888,永豐台灣ESG,13,0,13,元大-東泰,2023-04-17,9817
6770,力積電,16,3,13,元大-東泰,2023-04-17,9817
2845,遠東銀,13,0,13,元大-東泰,2023-04-17,9817
2834,臺企銀,14,1,13,元大-東泰,2023-04-17,9817
6129,普誠,14,2,12,元大-東泰,2023-04-17,9817
00680L,元大美債20正2,11,0,11,元大-東泰,2023-04-17,9817
8088,品安,15,4,11,元大-東泰,2023-04-17,9817
1444,力麗,14,3,11,元大-東泰,2023-04-17,9817
2371,大同,11,0,11,元大-東泰,2023-04-17,9817
4953,緯軟,23,12,11,元大-東泰,2023-04-17,9817
00720B,元大投資級公司債,10,0,10,元大-東泰,2023-04-17,9817
2885,元大金,11,1,10,元大-東泰,2023-04-17,9817
2634,漢翔,111,101,10,元大-東泰,2023-04-17,9817
2308,台達電,11,1,10,元大-東泰,2023-04-17,9817
6116,彩晶,10,0,10,元大-東泰,2023-04-17,9817
1108,幸福,10,0,10,元大-東泰,2023-04-17,9817
4129,聯合,10,0,10,元大-東泰,2023-04-17,9817
00632R,元大台灣50反1,1000,20,980,元大-東泰,2023-04-18,9817
3047,訊舟,123,1,122,元大-東泰,2023-04-18,9817
00679B,元大美債20年,114,0,114,元大-東泰,2023-04-18,9817
00680L,元大美債20正2,108,0,108,元大-東泰,2023-04-18,9817
6288,聯嘉,99,1,98,元大-東泰,2023-04-18,9817
00687B,國泰20年美債,73,0,73,元大-東泰,2023-04-18,9817
1514,亞力,75,12,63,元大-東泰,2023-04-18,9817
2634,漢翔,144,88,56,元大-東泰,2023-04-18,9817
6167,久正,58,4,54,元大-東泰,2023-04-18,9817
3481,群創,63,10,53,元大-東泰,2023-04-18,9817
1605,華新,60,10,50,元大-東泰,2023-04-18,9817
00712,復華富時不動產,52,5,47,元大-東泰,2023-04-18,9817
1504,東元,52,9,43,元大-東泰,2023-04-18,9817
00673R,期元大S＆P原油反1,40,0,40,元大-東泰,2023-04-18,9817
1609,大亞,49,12,37,元大-東泰,2023-04-18,9817
2515,中工,139,106,33,元大-東泰,2023-04-18,9817
3032,偉訓,33,3,30,元大-東泰,2023-04-18,9817
6235,華孚,49,22,27,元大-東泰,2023-04-18,9817
2324,仁寶,32,6,26,元大-東泰,2023-04-18,9817
00751B,元大AAA至A公司債,27,2,25,元大-東泰,2023-04-18,9817
2610,華航,33,9,24,元大-東泰,2023-04-18,9817
00720B,元大投資級公司債,24,0,24,元大-東泰,2023-04-18,9817
2380,虹光,42,20,22,元大-東泰,2023-04-18,9817
00893,國泰智能電動車,22,0,22,元大-東泰,2023-04-18,9817
00912,中信臺灣智慧50,21,0,21,元大-東泰,2023-04-18,9817
8105,凌巨,70,50,20,元大-東泰,2023-04-18,9817
00772B,中信高評級公司債,26,6,20,元大-東泰,2023-04-18,9817
2208,台船,26,7,19,元大-東泰,2023-04-18,9817
00713,元大台灣高息低波,23,4,19,元大-東泰,2023-04-18,9817
3037,欣興,22,3,19,元大-東泰,2023-04-18,9817
2630,亞航,19,1,18,元大-東泰,2023-04-18,9817
2355,敬鵬,17,0,17,元大-東泰,2023-04-18,9817
2413,環科,36,19,17,元大-東泰,2023-04-18,9817
2453,凌群,40,23,17,元大-東泰,2023-04-18,9817
2344,華邦電,26,9,17,元大-東泰,2023-04-18,9817
2317,鴻海,19,3,16,元大-東泰,2023-04-18,9817
5608,四維航,17,1,16,元大-東泰,2023-04-18,9817
3025,星通,23,9,14,元大-東泰,2023-04-18,9817
2323,中環,14,0,14,元大-東泰,2023-04-18,9817
2883,凱基金,24,10,14,元大-東泰,2023-04-18,9817
2888,新光金,22,9,13,元大-東泰,2023-04-18,9817
00922,國泰台灣領袖50,13,0,13,元大-東泰,2023-04-18,9817
2409,友達,25,13,12,元大-東泰,2023-04-18,9817
2454,聯發科,12,0,12,元大-東泰,2023-04-18,9817
6160,欣技,21,9,12,元大-東泰,2023-04-18,9817
1503,士電,15,3,12,元大-東泰,2023-04-18,9817
2375,凱美,14,2,12,元大-東泰,2023-04-18,9817
6274,台燿,12,0,12,元大-東泰,2023-04-18,9817
2614,東森,17,5,12,元大-東泰,2023-04-18,9817
2882,國泰金,16,5,11,元大-東泰,2023-04-18,9817
3704,合勤控,174,28,146,元大-東泰,2023-04-19,9817
1471,首利,116,10,106,元大-東泰,2023-04-19,9817
2409,友達,58,1,57,元大-東泰,2023-04-19,9817
2303,聯電,65,13,52,元大-東泰,2023-04-19,9817
00712,復華富時不動產,50,0,50,元大-東泰,2023-04-19,9817
6770,力積電,57,9,48,元大-東泰,2023-04-19,9817
3356,奇偶,43,1,42,元大-東泰,2023-04-19,9817
5512,力麒,48,7,41,元大-東泰,2023-04-19,9817
2104,國際中橡,39,5,34,元大-東泰,2023-04-19,9817
00888,永豐台灣ESG,33,0,33,元大-東泰,2023-04-19,9817
2328,廣宇,34,2,32,元大-東泰,2023-04-19,9817
6167,久正,30,3,27,元大-東泰,2023-04-19,9817
2027,大成鋼,26,0,26,元大-東泰,2023-04-19,9817
3071,協禧,26,0,26,元大-東泰,2023-04-19,9817
3037,欣興,26,1,25,元大-東泰,2023-04-19,9817
2897,王道銀行,25,1,24,元大-東泰,2023-04-19,9817
2834,臺企銀,23,0,23,元大-東泰,2023-04-19,9817
4919,新唐,42,20,22,元大-東泰,2023-04-19,9817
2883,凱基金,22,1,21,元大-東泰,2023-04-19,9817
2002,中鋼,33,13,20,元大-東泰,2023-04-19,9817
00680L,元大美債20正2,20,0,20,元大-東泰,2023-04-19,9817
2501,國建,20,0,20,元大-東泰,2023-04-19,9817
4729,熒茂,20,0,20,元大-東泰,2023-04-19,9817
8044,網家,20,0,20,元大-東泰,2023-04-19,9817
2353,宏��,33,14,19,元大-東泰,2023-04-19,9817
1810,和成,27,8,19,元大-東泰,2023-04-19,9817
2359,所羅門,32,14,18,元大-東泰,2023-04-19,9817
3013,晟銘電,18,0,18,元大-東泰,2023-04-19,9817
2380,虹光,24,6,18,元大-東泰,2023-04-19,9817
0056,元大高股息,17,0,17,元大-東泰,2023-04-19,9817
1752,南光,32,15,17,元大-東泰,2023-04-19,9817
2484,希華,19,2,17,元大-東泰,2023-04-19,9817
3712,永崴投控,18,1,17,元大-東泰,2023-04-19,9817
2457,飛宏,55,38,17,元大-東泰,2023-04-19,9817
2208,台船,34,18,16,元大-東泰,2023-04-19,9817
3221,台嘉碩,17,1,16,元大-東泰,2023-04-19,9817
6753,龍德造船,17,1,16,元大-東泰,2023-04-19,9817
00902,中信電池及儲能,18,2,16,元大-東泰,2023-04-19,9817
5608,四維航,16,0,16,元大-東泰,2023-04-19,9817
2344,華邦電,17,2,15,元大-東泰,2023-04-19,9817
00900,富邦特選高股息30,14,0,14,元大-東泰,2023-04-19,9817
2610,華航,26,12,14,元大-東泰,2023-04-19,9817
8046,南電,14,2,12,元大-東泰,2023-04-19,9817
3557,嘉威,12,0,12,元大-東泰,2023-04-19,9817
8936,國統,14,2,12,元大-東泰,2023-04-19,9817
6163,華電網,33,21,12,元大-東泰,2023-04-19,9817
00772B,中信高評級公司債,12,0,12,元大-東泰,2023-04-19,9817
2498,宏達電,13,2,11,元大-東泰,2023-04-19,9817
4953,緯軟,17,6,11,元大-東泰,2023-04-19,9817
1444,力麗,15,4,11,元大-東泰,2023-04-19,9817
00632R,元大台灣50反1,225,32,193,元大-東泰,2023-04-20,9817
00648R,元大S＆P500反1,156,0,156,元大-東泰,2023-04-20,9817
3047,訊舟,114,1,113,元大-東泰,2023-04-20,9817
00878,國泰永續高股息,81,18,63,元大-東泰,2023-04-20,9817
2637,慧洋-KY,59,0,59,元大-東泰,2023-04-20,9817
1464,得力,50,0,50,元大-東泰,2023-04-20,9817
00637L,元大滬深300正2,46,0,46,元大-東泰,2023-04-20,9817
6005,群益證,52,6,46,元大-東泰,2023-04-20,9817
1513,中興電,48,7,41,元大-東泰,2023-04-20,9817
6570,維田,40,0,40,元大-東泰,2023-04-20,9817
00712,復華富時不動產,49,11,38,元大-東泰,2023-04-20,9817
3058,立德,50,12,38,元大-東泰,2023-04-20,9817
2303,聯電,46,10,36,元大-東泰,2023-04-20,9817
00680L,元大美債20正2,35,0,35,元大-東泰,2023-04-20,9817
3374,精材,33,0,33,元大-東泰,2023-04-20,9817
4934,太極,35,3,32,元大-東泰,2023-04-20,9817
4402,郡都開發,51,19,32,元大-東泰,2023-04-20,9817
2328,廣宇,34,3,31,元大-東泰,2023-04-20,9817
3078,僑威,46,16,30,元大-東泰,2023-04-20,9817
1718,中纖,30,1,29,元大-東泰,2023-04-20,9817
00893,國泰智能電動車,27,1,26,元大-東泰,2023-04-20,9817
2615,萬海,28,3,25,元大-東泰,2023-04-20,9817
1504,東元,66,43,23,元大-東泰,2023-04-20,9817
2409,友達,22,1,21,元大-東泰,2023-04-20,9817
2897,王道銀行,27,6,21,元大-東泰,2023-04-20,9817
1444,力麗,22,1,21,元大-東泰,2023-04-20,9817
3032,偉訓,20,0,20,元大-東泰,2023-04-20,9817
2489,瑞軒,20,0,20,元大-東泰,2023-04-20,9817
00720B,元大投資級公司債,19,0,19,元大-東泰,2023-04-20,9817
2515,中工,82,63,19,元大-東泰,2023-04-20,9817
4128,中天,25,6,19,元大-東泰,2023-04-20,9817
6770,力積電,58,39,19,元大-東泰,2023-04-20,9817
6443,元晶,27,9,18,元大-東泰,2023-04-20,9817
8383,千附,17,0,17,元大-東泰,2023-04-20,9817
2484,希華,22,5,17,元大-東泰,2023-04-20,9817
2208,台船,21,4,17,元大-東泰,2023-04-20,9817
00888,永豐台灣ESG,15,0,15,元大-東泰,2023-04-20,9817
8183,精星,15,0,15,元大-東泰,2023-04-20,9817
6233,旺玖,15,0,15,元大-東泰,2023-04-20,9817
2457,飛宏,33,18,15,元大-東泰,2023-04-20,9817
2707,晶華,14,0,14,元大-東泰,2023-04-20,9817
4130,健亞,14,0,14,元大-東泰,2023-04-20,9817
6235,華孚,32,18,14,元大-東泰,2023-04-20,9817
1409,新纖,24,11,13,元大-東泰,2023-04-20,9817
1605,華新,22,9,13,元大-東泰,2023-04-20,9817
1101,台泥,16,4,12,元大-東泰,2023-04-20,9817
1402,遠東新,12,0,12,元大-東泰,2023-04-20,9817
6257,矽格,12,0,12,元大-東泰,2023-04-20,9817
2353,宏��,15,3,12,元大-東泰,2023-04-20,9817
2610,華航,25,13,12,元大-東泰,2023-04-20,9817
1101,台泥,155,71,84,元大-東泰,2023-04-21,9817
00648R,元大S＆P500反1,84,0,84,元大-東泰,2023-04-21,9817
1514,亞力,68,1,67,元大-東泰,2023-04-21,9817
6770,力積電,73,9,64,元大-東泰,2023-04-21,9817
2618,長榮航,69,17,52,元大-東泰,2023-04-21,9817
00893,國泰智能電動車,58,8,50,元大-東泰,2023-04-21,9817
2409,友達,68,19,49,元大-東泰,2023-04-21,9817
2515,中工,135,88,47,元大-東泰,2023-04-21,9817
3356,奇偶,46,0,46,元大-東泰,2023-04-21,9817
2104,國際中橡,49,5,44,元大-東泰,2023-04-21,9817
6182,合晶,41,1,40,元大-東泰,2023-04-21,9817
912000,晨訊科-DR,40,0,40,元大-東泰,2023-04-21,9817
6570,維田,35,0,35,元大-東泰,2023-04-21,9817
2603,長榮,39,6,33,元大-東泰,2023-04-21,9817
2897,王道銀行,33,0,33,元大-東泰,2023-04-21,9817
4157,太景*-KY,30,0,30,元大-東泰,2023-04-21,9817
2913,農林,56,30,26,元大-東泰,2023-04-21,9817
0056,元大高股息,32,9,23,元大-東泰,2023-04-21,9817
6148,驊宏資,24,1,23,元大-東泰,2023-04-21,9817
2634,漢翔,69,46,23,元大-東泰,2023-04-21,9817
1718,中纖,23,0,23,元大-東泰,2023-04-21,9817
4934,太極,25,3,22,元大-東泰,2023-04-21,9817
00888,永豐台灣ESG,21,0,21,元大-東泰,2023-04-21,9817
00720B,元大投資級公司債,21,1,20,元大-東泰,2023-04-21,9817
1605,華新,112,92,20,元大-東泰,2023-04-21,9817
4931,新盛力,30,10,20,元大-東泰,2023-04-21,9817
2349,錸德,20,0,20,元大-東泰,2023-04-21,9817
00639,富邦深100,18,0,18,元大-東泰,2023-04-21,9817
2022,聚亨,24,6,18,元大-東泰,2023-04-21,9817
1522,堤維西,20,2,18,元大-東泰,2023-04-21,9817
2303,聯電,59,43,16,元大-東泰,2023-04-21,9817
3058,立德,27,11,16,元大-東泰,2023-04-21,9817
4113,聯上,16,0,16,元大-東泰,2023-04-21,9817
3169,亞信,31,15,16,元大-東泰,2023-04-21,9817
2002,中鋼,27,11,16,元大-東泰,2023-04-21,9817
5009,榮剛,32,17,15,元大-東泰,2023-04-21,9817
2492,華新科,22,7,15,元大-東泰,2023-04-21,9817
00712,復華富時不動產,20,5,15,元大-東泰,2023-04-21,9817
2891,中信金,20,5,15,元大-東泰,2023-04-21,9817
2313,華通,26,11,15,元大-東泰,2023-04-21,9817
2609,陽明,25,10,15,元大-東泰,2023-04-21,9817
2328,廣宇,15,0,15,元大-東泰,2023-04-21,9817
2645,長榮航太,20,5,15,元大-東泰,2023-04-21,9817
4128,中天,16,2,14,元大-東泰,2023-04-21,9817
3576,聯合再生,15,2,13,元大-東泰,2023-04-21,9817
1310,台苯,15,2,13,元大-東泰,2023-04-21,9817
00885,富邦越南,13,0,13,元大-東泰,2023-04-21,9817
3035,智原,16,3,13,元大-東泰,2023-04-21,9817
1711,永光,30,17,13,元大-東泰,2023-04-21,9817
00923,群益台ESG低碳50,12,0,12,元大-東泰,2023-04-21,9817
4960,誠美材,455,50,405,元大-東泰,2023-04-24,9817
1611,中電,164,2,162,元大-東泰,2023-04-24,9817
2353,宏��,85,2,83,元大-東泰,2023-04-24,9817
2515,中工,156,94,62,元大-東泰,2023-04-24,9817
00637L,元大滬深300正2,62,1,61,元大-東泰,2023-04-24,9817
1313,聯成,60,1,59,元大-東泰,2023-04-24,9817
2485,兆赫,55,0,55,元大-東泰,2023-04-24,9817
3704,合勤控,56,3,53,元大-東泰,2023-04-24,9817
4979,華星光,56,7,49,元大-東泰,2023-04-24,9817
00893,國泰智能電動車,49,0,49,元大-東泰,2023-04-24,9817
2303,聯電,57,11,46,元大-東泰,2023-04-24,9817
3231,緯創,68,23,45,元大-東泰,2023-04-24,9817
4510,高鋒,41,1,40,元大-東泰,2023-04-24,9817
1904,正隆,59,20,39,元大-東泰,2023-04-24,9817
3038,全台,38,0,38,元大-東泰,2023-04-24,9817
6163,華電網,47,10,37,元大-東泰,2023-04-24,9817
00680L,元大美債20正2,33,0,33,元大-東泰,2023-04-24,9817
00669R,國泰美國道瓊反1,30,0,30,元大-東泰,2023-04-24,9817
00902,中信電池及儲能,28,0,28,元大-東泰,2023-04-24,9817
00679B,元大美債20年,32,5,27,元大-東泰,2023-04-24,9817
3481,群創,27,1,26,元大-東泰,2023-04-24,9817
00639,富邦深100,26,0,26,元大-東泰,2023-04-24,9817
4121,優盛,27,1,26,元大-東泰,2023-04-24,9817
6182,合晶,27,2,25,元大-東泰,2023-04-24,9817
6282,康舒,38,14,24,元大-東泰,2023-04-24,9817
00751B,元大AAA至A公司債,23,0,23,元大-東泰,2023-04-24,9817
6218,豪勉,31,14,17,元大-東泰,2023-04-24,9817
2324,仁寶,15,0,15,元大-東泰,2023-04-24,9817
2605,新興,15,0,15,元大-東泰,2023-04-24,9817
4402,郡都開發,15,0,15,元大-東泰,2023-04-24,9817
1618,合機,16,2,14,元大-東泰,2023-04-24,9817
2423,固緯,14,0,14,元大-東泰,2023-04-24,9817
1310,台苯,20,7,13,元大-東泰,2023-04-24,9817
2913,農林,46,33,13,元大-東泰,2023-04-24,9817
5009,榮剛,16,4,12,元大-東泰,2023-04-24,9817
6235,華孚,28,16,12,元大-東泰,2023-04-24,9817
2313,華通,19,7,12,元大-東泰,2023-04-24,9817
2834,臺企銀,10,0,10,元大-東泰,2023-04-24,9817
6140,訊達,10,0,10,元大-東泰,2023-04-24,9817
6147,頎邦,10,0,10,元大-東泰,2023-04-24,9817
00878,國泰永續高股息,22,12,10,元大-東泰,2023-04-24,9817
0056,元大高股息,15,6,9,元大-東泰,2023-04-24,9817
2344,華邦電,19,10,9,元大-東泰,2023-04-24,9817
00830,國泰費城半導體,9,0,9,元大-東泰,2023-04-24,9817
2359,所羅門,19,10,9,元大-東泰,2023-04-24,9817
6285,啟��,9,1,8,元大-東泰,2023-04-24,9817
3162,精確,8,0,8,元大-東泰,2023-04-24,9817
2355,敬鵬,8,0,8,元大-東泰,2023-04-24,9817
1314,中石化,8,0,8,元大-東泰,2023-04-24,9817
6509,聚和,14,6,8,元大-東泰,2023-04-24,9817
2485,兆赫,192,0,192,元大-東泰,2023-04-25,9817
00878,國泰永續高股息,119,7,112,元大-東泰,2023-04-25,9817
1605,華新,85,21,64,元大-東泰,2023-04-25,9817
00888,永豐台灣ESG,63,0,63,元大-東泰,2023-04-25,9817
2002,中鋼,59,0,59,元大-東泰,2023-04-25,9817
5439,高技,56,0,56,元大-東泰,2023-04-25,9817
0056,元大高股息,56,2,54,元大-東泰,2023-04-25,9817
2886,兆豐金,43,0,43,元大-東泰,2023-04-25,9817
00902,中信電池及儲能,42,0,42,元大-東泰,2023-04-25,9817
2634,漢翔,177,136,41,元大-東泰,2023-04-25,9817
4746,台耀,41,1,40,元大-東泰,2023-04-25,9817
00637L,元大滬深300正2,42,4,38,元大-東泰,2023-04-25,9817
2344,華邦電,40,3,37,元大-東泰,2023-04-25,9817
00900,富邦特選高股息30,38,2,36,元大-東泰,2023-04-25,9817
6509,聚和,34,0,34,元大-東泰,2023-04-25,9817
4919,新唐,52,21,31,元大-東泰,2023-04-25,9817
1464,得力,31,0,31,元大-東泰,2023-04-25,9817
2883,凱基金,35,4,31,元大-東泰,2023-04-25,9817
2426,鼎元,30,0,30,元大-東泰,2023-04-25,9817
00669R,國泰美國道瓊反1,30,0,30,元大-東泰,2023-04-25,9817
9929,秋雨,34,6,28,元大-東泰,2023-04-25,9817
0050,元大台灣50,31,3,28,元大-東泰,2023-04-25,9817
00713,元大台灣高息低波,25,0,25,元大-東泰,2023-04-25,9817
2303,聯電,56,33,23,元大-東泰,2023-04-25,9817
00923,群益台ESG低碳50,22,0,22,元大-東泰,2023-04-25,9817
00639,富邦深100,22,0,22,元大-東泰,2023-04-25,9817
6770,力積電,21,0,21,元大-東泰,2023-04-25,9817
1519,華城,26,5,21,元大-東泰,2023-04-25,9817
1444,力麗,21,0,21,元大-東泰,2023-04-25,9817
4109,加捷生醫,21,0,21,元大-東泰,2023-04-25,9817
4157,太景*-KY,30,10,20,元大-東泰,2023-04-25,9817
2618,長榮航,42,22,20,元大-東泰,2023-04-25,9817
6218,豪勉,21,2,19,元大-東泰,2023-04-25,9817
00905,FT臺灣Smart,18,0,18,元大-東泰,2023-04-25,9817
1609,大亞,19,1,18,元大-東泰,2023-04-25,9817
2330,台積電,21,4,17,元大-東泰,2023-04-25,9817
2444,兆勁,16,0,16,元大-東泰,2023-04-25,9817
1904,正隆,30,14,16,元大-東泰,2023-04-25,9817
3311,閎暉,16,0,16,元大-東泰,2023-04-25,9817
2201,裕隆,16,1,15,元大-東泰,2023-04-25,9817
3481,群創,16,1,15,元大-東泰,2023-04-25,9817
1721,三晃,24,9,15,元大-東泰,2023-04-25,9817
00893,國泰智能電動車,17,3,14,元大-東泰,2023-04-25,9817
6223,旺矽,14,0,14,元大-東泰,2023-04-25,9817
2614,東森,14,0,14,元大-東泰,2023-04-25,9817
8936,國統,14,0,14,元大-東泰,2023-04-25,9817
9907,統一實,15,1,14,元大-東泰,2023-04-25,9817
006208,富邦台50,13,0,13,元大-東泰,2023-04-25,9817
2471,資通,53,40,13,元大-東泰,2023-04-25,9817
2342,茂矽,13,0,13,元大-東泰,2023-04-25,9817
00712,復華富時不動產,167,2,165,元大-東泰,2023-04-26,9817
2618,長榮航,103,17,86,元大-東泰,2023-04-26,9817
2609,陽明,79,4,75,元大-東泰,2023-04-26,9817
5439,高技,68,0,68,元大-東泰,2023-04-26,9817
6770,力積電,62,0,62,元大-東泰,2023-04-26,9817
2337,旺宏,68,21,47,元大-東泰,2023-04-26,9817
2484,希華,44,0,44,元大-東泰,2023-04-26,9817
00885,富邦越南,56,14,42,元大-東泰,2023-04-26,9817
2897,王道銀行,40,0,40,元大-東泰,2023-04-26,9817
4746,台耀,40,0,40,元大-東泰,2023-04-26,9817
2002,中鋼,57,18,39,元大-東泰,2023-04-26,9817
1618,合機,41,2,39,元大-東泰,2023-04-26,9817
2634,漢翔,77,39,38,元大-東泰,2023-04-26,9817
00893,國泰智能電動車,59,21,38,元大-東泰,2023-04-26,9817
00878,國泰永續高股息,50,17,33,元大-東泰,2023-04-26,9817
1313,聯成,30,0,30,元大-東泰,2023-04-26,9817
6461,益得,29,0,29,元大-東泰,2023-04-26,9817
1609,大亞,31,3,28,元大-東泰,2023-04-26,9817
1605,華新,39,14,25,元大-東泰,2023-04-26,9817
2637,慧洋-KY,24,0,24,元大-東泰,2023-04-26,9817
00830,國泰費城半導體,25,2,23,元大-東泰,2023-04-26,9817
00891,中信關鍵半導體,22,0,22,元大-東泰,2023-04-26,9817
6104,創惟,22,0,22,元大-東泰,2023-04-26,9817
2610,華航,44,23,21,元大-東泰,2023-04-26,9817
2495,普安,20,1,19,元大-東泰,2023-04-26,9817
00875,國泰網路資安,18,0,18,元大-東泰,2023-04-26,9817
2471,資通,42,25,17,元大-東泰,2023-04-26,9817
2485,兆赫,17,0,17,元大-東泰,2023-04-26,9817
2353,宏��,26,9,17,元大-東泰,2023-04-26,9817
2883,凱基金,23,8,15,元大-東泰,2023-04-26,9817
4123,晟德,17,4,13,元大-東泰,2023-04-26,9817
2603,長榮,21,8,13,元大-東泰,2023-04-26,9817
2027,大成鋼,16,4,12,元大-東泰,2023-04-26,9817
1108,幸福,13,1,12,元大-東泰,2023-04-26,9817
6443,元晶,17,6,11,元大-東泰,2023-04-26,9817
00900,富邦特選高股息30,11,0,11,元大-東泰,2023-04-26,9817
8222,寶一,32,21,11,元大-東泰,2023-04-26,9817
3704,合勤控,13,2,11,元大-東泰,2023-04-26,9817
1101,台泥,34,24,10,元大-東泰,2023-04-26,9817
5285,界霖,10,0,10,元大-東泰,2023-04-26,9817
2630,亞航,10,0,10,元大-東泰,2023-04-26,9817
2030,彰源,10,0,10,元大-東泰,2023-04-26,9817
2614,東森,10,0,10,元大-東泰,2023-04-26,9817
3071,協禧,11,1,10,元大-東泰,2023-04-26,9817
2114,鑫永銓,10,0,10,元大-東泰,2023-04-26,9817
6477,安集,11,1,10,元大-東泰,2023-04-26,9817
3035,智原,21,12,9,元大-東泰,2023-04-26,9817
3711,日月光投控,11,2,9,元大-東泰,2023-04-26,9817
00902,中信電池及儲能,14,5,9,元大-東泰,2023-04-26,9817
006208,富邦台50,9,0,9,元大-東泰,2023-04-26,9817
00712,復華富時不動產,194,0,194,元大-東泰,2023-04-27,9817
00715L,期街口布蘭特正2,87,0,87,元大-東泰,2023-04-27,9817
1905,華紙,89,21,68,元大-東泰,2023-04-27,9817
2303,聯電,90,34,56,元大-東泰,2023-04-27,9817
1464,得力,53,0,53,元大-東泰,2023-04-27,9817
4402,郡都開發,42,0,42,元大-東泰,2023-04-27,9817
00878,國泰永續高股息,51,13,38,元大-東泰,2023-04-27,9817
2609,陽明,48,10,38,元大-東泰,2023-04-27,9817
5439,高技,30,0,30,元大-東泰,2023-04-27,9817
3027,盛達,30,3,27,元大-東泰,2023-04-27,9817
00875,國泰網路資安,27,0,27,元大-東泰,2023-04-27,9817
2801,彰銀,26,1,25,元大-東泰,2023-04-27,9817
1503,士電,33,9,24,元大-東泰,2023-04-27,9817
1710,東聯,37,14,23,元大-東泰,2023-04-27,9817
4746,台耀,23,1,22,元大-東泰,2023-04-27,9817
2204,中華,24,2,22,元大-東泰,2023-04-27,9817
1101,台泥,34,13,21,元大-東泰,2023-04-27,9817
1903,士紙,20,0,20,元大-東泰,2023-04-27,9817
00673R,期元大S＆P原油反1,30,14,16,元大-東泰,2023-04-27,9817
3037,欣興,16,1,15,元大-東泰,2023-04-27,9817
2610,華航,33,19,14,元大-東泰,2023-04-27,9817
00680L,元大美債20正2,14,0,14,元大-東泰,2023-04-27,9817
1310,台苯,18,5,13,元大-東泰,2023-04-27,9817
5284,jpp-KY,13,0,13,元大-東泰,2023-04-27,9817
00639,富邦深100,12,0,12,元大-東泰,2023-04-27,9817
2605,新興,15,3,12,元大-東泰,2023-04-27,9817
4566,時碩工業,19,7,12,元大-東泰,2023-04-27,9817
2380,虹光,12,0,12,元大-東泰,2023-04-27,9817
00631L,元大台灣50正2,12,0,12,元大-東泰,2023-04-27,9817
4953,緯軟,11,0,11,元大-東泰,2023-04-27,9817
2890,永豐金,11,0,11,元大-東泰,2023-04-27,9817
1711,永光,58,47,11,元大-東泰,2023-04-27,9817
5371,中光電,13,2,11,元大-東泰,2023-04-27,9817
1717,長興,18,7,11,元大-東泰,2023-04-27,9817
00679B,元大美債20年,11,1,10,元大-東泰,2023-04-27,9817
2114,鑫永銓,10,0,10,元大-東泰,2023-04-27,9817
4977,眾達-KY,11,1,10,元大-東泰,2023-04-27,9817
9105,泰金寶-DR,10,0,10,元大-東泰,2023-04-27,9817
2002,中鋼,47,37,10,元大-東泰,2023-04-27,9817
2330,台積電,13,4,9,元大-東泰,2023-04-27,9817
2603,長榮,12,3,9,元大-東泰,2023-04-27,9817
6244,茂迪,60,51,9,元大-東泰,2023-04-27,9817
4532,瑞智,10,1,9,元大-東泰,2023-04-27,9817
9907,統一實,10,2,8,元大-東泰,2023-04-27,9817
2313,華通,15,7,8,元大-東泰,2023-04-27,9817
00642U,期元大S＆P石油,8,0,8,元大-東泰,2023-04-27,9817
1449,佳和,8,0,8,元大-東泰,2023-04-27,9817
00830,國泰費城半導體,8,0,8,元大-東泰,2023-04-27,9817
00902,中信電池及儲能,8,0,8,元大-東泰,2023-04-27,9817
3081,聯亞,8,0,8,元大-東泰,2023-04-27,9817
2880,華南金,206,28,178,元大-東泰,2023-04-28,9817
2409,友達,169,5,164,元大-東泰,2023-04-28,9817
1709,和益,101,0,101,元大-東泰,2023-04-28,9817
00671R,富邦NASDAQ反1,100,0,100,元大-東泰,2023-04-28,9817
3704,合勤控,108,23,85,元大-東泰,2023-04-28,9817
8093,保銳,79,6,73,元大-東泰,2023-04-28,9817
1464,得力,72,3,69,元大-東泰,2023-04-28,9817
2208,台船,74,33,41,元大-東泰,2023-04-28,9817
00893,國泰智能電動車,38,0,38,元大-東泰,2023-04-28,9817
6282,康舒,55,18,37,元大-東泰,2023-04-28,9817
4402,郡都開發,37,1,36,元大-東泰,2023-04-28,9817
00720B,元大投資級公司債,34,0,34,元大-東泰,2023-04-28,9817
5355,佳總,36,3,33,元大-東泰,2023-04-28,9817
00632R,元大台灣50反1,32,0,32,元大-東泰,2023-04-28,9817
2851,中再保,31,0,31,元大-東泰,2023-04-28,9817
00673R,期元大S＆P原油反1,30,0,30,元大-東泰,2023-04-28,9817
00680L,元大美債20正2,28,0,28,元大-東泰,2023-04-28,9817
2617,台航,30,2,28,元大-東泰,2023-04-28,9817
8215,明基材,32,4,28,元大-東泰,2023-04-28,9817
6770,力積電,37,12,25,元大-東泰,2023-04-28,9817
2337,旺宏,26,1,25,元大-東泰,2023-04-28,9817
00679B,元大美債20年,30,7,23,元大-東泰,2023-04-28,9817
2890,永豐金,25,4,21,元大-東泰,2023-04-28,9817
2419,仲琦,20,0,20,元大-東泰,2023-04-28,9817
2344,華邦電,78,59,19,元大-東泰,2023-04-28,9817
00772B,中信高評級公司債,18,0,18,元大-東泰,2023-04-28,9817
00888,永豐台灣ESG,17,0,17,元大-東泰,2023-04-28,9817
8927,北基,27,10,17,元大-東泰,2023-04-28,9817
6266,泰詠,19,2,17,元大-東泰,2023-04-28,9817
3481,群創,88,74,14,元大-東泰,2023-04-28,9817
8222,寶一,20,6,14,元大-東泰,2023-04-28,9817
3056,富華新,20,6,14,元大-東泰,2023-04-28,9817
6148,驊宏資,14,1,13,元大-東泰,2023-04-28,9817
3576,聯合再生,16,3,13,元大-東泰,2023-04-28,9817
3432,台端,12,0,12,元大-東泰,2023-04-28,9817
2342,茂矽,12,0,12,元大-東泰,2023-04-28,9817
3051,力特,12,0,12,元大-東泰,2023-04-28,9817
5439,高技,12,0,12,元大-東泰,2023-04-28,9817
6285,啟��,13,1,12,元大-東泰,2023-04-28,9817
2457,飛宏,20,8,12,元大-東泰,2023-04-28,9817
2882,國泰金,23,12,11,元大-東泰,2023-04-28,9817
4711,永純,15,4,11,元大-東泰,2023-04-28,9817
4961,天鈺,18,7,11,元大-東泰,2023-04-28,9817
2897,王道銀行,11,0,11,元大-東泰,2023-04-28,9817
00900,富邦特選高股息30,10,0,10,元大-東泰,2023-04-28,9817
00631L,元大台灣50正2,10,0,10,元大-東泰,2023-04-28,9817
6790,永豐實,10,0,10,元大-東泰,2023-04-28,9817
8099,大世科,10,0,10,元大-東泰,2023-04-28,9817
3027,盛達,10,0,10,元大-東泰,2023-04-28,9817
9929,秋雨,10,0,10,元大-東泰,2023-04-28,9817
1314,中石化,512,7,505,元大-東泰,2023-05-02,9817
2812,台中銀,110,4,106,元大-東泰,2023-05-02,9817
00715L,期街口布蘭特正2,101,0,101,元大-東泰,2023-05-02,9817
00680L,元大美債20正2,92,0,92,元大-東泰,2023-05-02,9817
3029,零壹,77,16,61,元大-東泰,2023-05-02,9817
00893,國泰智能電動車,70,11,59,元大-東泰,2023-05-02,9817
8093,保銳,93,39,54,元大-東泰,2023-05-02,9817
2880,華南金,55,3,52,元大-東泰,2023-05-02,9817
6112,邁達特,66,15,51,元大-東泰,2023-05-02,9817
2603,長榮,58,7,51,元大-東泰,2023-05-02,9817
2344,華邦電,53,3,50,元大-東泰,2023-05-02,9817
00712,復華富時不動產,41,2,39,元大-東泰,2023-05-02,9817
2634,漢翔,71,37,34,元大-東泰,2023-05-02,9817
4904,遠傳,32,0,32,元大-東泰,2023-05-02,9817
2881,富邦金,31,0,31,元大-東泰,2023-05-02,9817
3058,立德,36,6,30,元大-東泰,2023-05-02,9817
2630,亞航,27,1,26,元大-東泰,2023-05-02,9817
5009,榮剛,39,14,25,元大-東泰,2023-05-02,9817
00720B,元大投資級公司債,23,0,23,元大-東泰,2023-05-02,9817
2609,陽明,26,3,23,元大-東泰,2023-05-02,9817
6163,華電網,28,7,21,元大-東泰,2023-05-02,9817
2887,台新金,21,0,21,元大-東泰,2023-05-02,9817
00751B,元大AAA至A公司債,20,0,20,元大-東泰,2023-05-02,9817
6270,倍微,20,0,20,元大-東泰,2023-05-02,9817
4566,時碩工業,20,0,20,元大-東泰,2023-05-02,9817
4919,新唐,54,36,18,元大-東泰,2023-05-02,9817
1464,得力,18,2,16,元大-東泰,2023-05-02,9817
3664,安瑞-KY,16,0,16,元大-東泰,2023-05-02,9817
6282,康舒,31,16,15,元大-東泰,2023-05-02,9817
3078,僑威,26,11,15,元大-東泰,2023-05-02,9817
3363,上詮,23,9,14,元大-東泰,2023-05-02,9817
2471,資通,99,85,14,元大-東泰,2023-05-02,9817
3033,威健,14,0,14,元大-東泰,2023-05-02,9817
5608,四維航,14,0,14,元大-東泰,2023-05-02,9817
1776,展宇,15,2,13,元大-東泰,2023-05-02,9817
2618,長榮航,29,17,12,元大-東泰,2023-05-02,9817
00899,FT潔淨能源,12,0,12,元大-東泰,2023-05-02,9817
00679B,元大美債20年,22,11,11,元大-東泰,2023-05-02,9817
2801,彰銀,20,9,11,元大-東泰,2023-05-02,9817
1907,永豐餘,11,1,10,元大-東泰,2023-05-02,9817
4541,晟田,14,4,10,元大-東泰,2023-05-02,9817
4402,郡都開發,10,0,10,元大-東泰,2023-05-02,9817
8240,華宏,10,0,10,元大-東泰,2023-05-02,9817
00688L,國泰20年美債正2,10,0,10,元大-東泰,2023-05-02,9817
6290,良維,11,1,10,元大-東泰,2023-05-02,9817
2637,慧洋-KY,10,0,10,元大-東泰,2023-05-02,9817
1802,台玻,17,7,10,元大-東泰,2023-05-02,9817
1733,五鼎,11,1,10,元大-東泰,2023-05-02,9817
2380,虹光,10,0,10,元大-東泰,2023-05-02,9817
8033,雷虎,10,0,10,元大-東泰,2023-05-02,9817
00712,復華富時不動產,225,2,223,元大-東泰,2023-05-03,9817
00715L,期街口布蘭特正2,178,5,173,元大-東泰,2023-05-03,9817
2344,華邦電,119,8,111,元大-東泰,2023-05-03,9817
3481,群創,84,7,77,元大-東泰,2023-05-03,9817
3032,偉訓,65,7,58,元大-東泰,2023-05-03,9817
1905,華紙,167,119,48,元大-東泰,2023-05-03,9817
2609,陽明,73,26,47,元大-東泰,2023-05-03,9817
4402,郡都開發,44,1,43,元大-東泰,2023-05-03,9817
2603,長榮,75,34,41,元大-東泰,2023-05-03,9817
00637L,元大滬深300正2,41,0,41,元大-東泰,2023-05-03,9817
00875,國泰網路資安,40,0,40,元大-東泰,2023-05-03,9817
1314,中石化,38,0,38,元大-東泰,2023-05-03,9817
2615,萬海,39,5,34,元大-東泰,2023-05-03,9817
00899,FT潔淨能源,33,0,33,元大-東泰,2023-05-03,9817
2312,金寶,31,0,31,元大-東泰,2023-05-03,9817
00642U,期元大S＆P石油,28,0,28,元大-東泰,2023-05-03,9817
3231,緯創,27,1,26,元大-東泰,2023-05-03,9817
4979,華星光,27,3,24,元大-東泰,2023-05-03,9817
1514,亞力,28,5,23,元大-東泰,2023-05-03,9817
2498,宏達電,24,1,23,元大-東泰,2023-05-03,9817
2881,富邦金,23,0,23,元大-東泰,2023-05-03,9817
1464,得力,22,0,22,元大-東泰,2023-05-03,9817
1313,聯成,20,0,20,元大-東泰,2023-05-03,9817
6443,元晶,19,0,19,元大-東泰,2023-05-03,9817
2409,友達,27,9,18,元大-東泰,2023-05-03,9817
1519,華城,37,19,18,元大-東泰,2023-05-03,9817
1709,和益,20,2,18,元大-東泰,2023-05-03,9817
2027,大成鋼,20,3,17,元大-東泰,2023-05-03,9817
2897,王道銀行,16,0,16,元大-東泰,2023-05-03,9817
00893,國泰智能電動車,20,5,15,元大-東泰,2023-05-03,9817
6282,康舒,15,0,15,元大-東泰,2023-05-03,9817
2354,鴻準,15,0,15,元大-東泰,2023-05-03,9817
2645,長榮航太,15,1,14,元大-東泰,2023-05-03,9817
2402,毅嘉,14,0,14,元大-東泰,2023-05-03,9817
2457,飛宏,59,45,14,元大-東泰,2023-05-03,9817
2201,裕隆,17,3,14,元大-東泰,2023-05-03,9817
2417,圓剛,13,0,13,元大-東泰,2023-05-03,9817
00752,中信中國50,13,0,13,元大-東泰,2023-05-03,9817
1711,永光,13,0,13,元大-東泰,2023-05-03,9817
2880,華南金,15,2,13,元大-東泰,2023-05-03,9817
2413,環科,19,6,13,元大-東泰,2023-05-03,9817
2002,中鋼,21,8,13,元大-東泰,2023-05-03,9817
1101,台泥,23,11,12,元大-東泰,2023-05-03,9817
2605,新興,12,0,12,元大-東泰,2023-05-03,9817
4541,晟田,21,9,12,元大-東泰,2023-05-03,9817
3049,精金,12,0,12,元大-東泰,2023-05-03,9817
00690,兆豐藍籌30,11,0,11,元大-東泰,2023-05-03,9817
1802,台玻,17,6,11,元大-東泰,2023-05-03,9817
1776,展宇,11,0,11,元大-東泰,2023-05-03,9817
00882,中信中國高股息,10,0,10,元大-東泰,2023-05-03,9817
00680L,元大美債20正2,402,117,285,元大-東泰,2023-05-04,9817
00712,復華富時不動產,269,0,269,元大-東泰,2023-05-04,9817
00715L,期街口布蘭特正2,112,5,107,元大-東泰,2023-05-04,9817
2890,永豐金,106,11,95,元大-東泰,2023-05-04,9817
00878,國泰永續高股息,51,4,47,元大-東泰,2023-05-04,9817
1514,亞力,56,14,42,元大-東泰,2023-05-04,9817
00875,國泰網路資安,37,0,37,元大-東泰,2023-05-04,9817
8121,越峰,35,0,35,元大-東泰,2023-05-04,9817
4977,眾達-KY,31,0,31,元大-東泰,2023-05-04,9817
4402,郡都開發,28,1,27,元大-東泰,2023-05-04,9817
00642U,期元大S＆P石油,25,0,25,元大-東泰,2023-05-04,9817
4906,正文,23,0,23,元大-東泰,2023-05-04,9817
4129,聯合,22,0,22,元大-東泰,2023-05-04,9817
4919,新唐,39,18,21,元大-東泰,2023-05-04,9817
2634,漢翔,72,52,20,元大-東泰,2023-05-04,9817
3058,立德,21,1,20,元大-東泰,2023-05-04,9817
00899,FT潔淨能源,20,0,20,元大-東泰,2023-05-04,9817
2104,國際中橡,19,0,19,元大-東泰,2023-05-04,9817
6282,康舒,20,1,19,元大-東泰,2023-05-04,9817
2892,第一金,19,0,19,元大-東泰,2023-05-04,9817
1101,台泥,24,6,18,元大-東泰,2023-05-04,9817
2038,海光,18,0,18,元大-東泰,2023-05-04,9817
2618,長榮航,27,9,18,元大-東泰,2023-05-04,9817
2609,陽明,19,2,17,元大-東泰,2023-05-04,9817
2484,希華,21,4,17,元大-東泰,2023-05-04,9817
6148,驊宏資,20,3,17,元大-東泰,2023-05-04,9817
2303,聯電,21,5,16,元大-東泰,2023-05-04,9817
2344,華邦電,17,1,16,元大-東泰,2023-05-04,9817
3149,正達,14,0,14,元大-東泰,2023-05-04,9817
5469,瀚宇博,23,9,14,元大-東泰,2023-05-04,9817
2206,三陽工業,32,18,14,元大-東泰,2023-05-04,9817
6112,邁達特,17,4,13,元大-東泰,2023-05-04,9817
00751B,元大AAA至A公司債,13,1,12,元大-東泰,2023-05-04,9817
3711,日月光投控,13,1,12,元大-東泰,2023-05-04,9817
6257,矽格,12,0,12,元大-東泰,2023-05-04,9817
2498,宏達電,12,0,12,元大-東泰,2023-05-04,9817
1611,中電,13,1,12,元大-東泰,2023-05-04,9817
2409,友達,21,10,11,元大-東泰,2023-05-04,9817
3317,尼克森,11,0,11,元大-東泰,2023-05-04,9817
3236,千如,11,0,11,元大-東泰,2023-05-04,9817
5465,富驊,12,1,11,元大-東泰,2023-05-04,9817
1710,東聯,22,11,11,元大-東泰,2023-05-04,9817
6719,力智,11,0,11,元大-東泰,2023-05-04,9817
4968,立積,19,8,11,元大-東泰,2023-05-04,9817
3494,誠研,10,0,10,元大-東泰,2023-05-04,9817
5475,德宏,10,0,10,元大-東泰,2023-05-04,9817
5905,南仁湖,10,0,10,元大-東泰,2023-05-04,9817
3567,逸昌,10,0,10,元大-東泰,2023-05-04,9817
6005,群益證,10,0,10,元大-東泰,2023-05-04,9817
6531,愛普*,10,0,10,元大-東泰,2023-05-04,9817
00712,復華富時不動產,292,75,217,元大-東泰,2023-05-05,9817
2888,新光金,200,8,192,元大-東泰,2023-05-05,9817
00632R,元大台灣50反1,160,11,149,元大-東泰,2023-05-05,9817
8215,明基材,125,0,125,元大-東泰,2023-05-05,9817
4906,正文,91,0,91,元大-東泰,2023-05-05,9817
2353,宏��,91,5,86,元大-東泰,2023-05-05,9817
00878,國泰永續高股息,99,16,83,元大-東泰,2023-05-05,9817
00717,富邦美國特別股,80,0,80,元大-東泰,2023-05-05,9817
00715L,期街口布蘭特正2,98,21,77,元大-東泰,2023-05-05,9817
4129,聯合,54,5,49,元大-東泰,2023-05-05,9817
00875,國泰網路資安,40,0,40,元大-東泰,2023-05-05,9817
00679B,元大美債20年,37,0,37,元大-東泰,2023-05-05,9817
4114,健喬,48,13,35,元大-東泰,2023-05-05,9817
2637,慧洋-KY,33,0,33,元大-東泰,2023-05-05,9817
2344,華邦電,71,38,33,元大-東泰,2023-05-05,9817
00751B,元大AAA至A公司債,31,0,31,元大-東泰,2023-05-05,9817
1314,中石化,43,12,31,元大-東泰,2023-05-05,9817
2606,裕民,31,0,31,元大-東泰,2023-05-05,9817
2883B,凱基金乙特,31,0,31,元大-東泰,2023-05-05,9817
4566,時碩工業,32,1,31,元大-東泰,2023-05-05,9817
00720B,元大投資級公司債,28,0,28,元大-東泰,2023-05-05,9817
6163,華電網,26,0,26,元大-東泰,2023-05-05,9817
1101,台泥,28,5,23,元大-東泰,2023-05-05,9817
3576,聯合再生,23,1,22,元大-東泰,2023-05-05,9817
2208,台船,23,1,22,元大-東泰,2023-05-05,9817
00680L,元大美債20正2,21,0,21,元大-東泰,2023-05-05,9817
6443,元晶,45,24,21,元大-東泰,2023-05-05,9817
4402,郡都開發,21,0,21,元大-東泰,2023-05-05,9817
2027,大成鋼,22,1,21,元大-東泰,2023-05-05,9817
3090,日電貿,20,0,20,元大-東泰,2023-05-05,9817
3402,漢科,20,0,20,元大-東泰,2023-05-05,9817
2881,富邦金,20,2,18,元大-東泰,2023-05-05,9817
2329,華泰,16,0,16,元大-東泰,2023-05-05,9817
2484,希華,16,0,16,元大-東泰,2023-05-05,9817
00899,FT潔淨能源,16,1,15,元大-東泰,2023-05-05,9817
3265,台星科,14,0,14,元大-東泰,2023-05-05,9817
2892,第一金,15,1,14,元大-東泰,2023-05-05,9817
2897,王道銀行,23,10,13,元大-東泰,2023-05-05,9817
3479,安勤,31,18,13,元大-東泰,2023-05-05,9817
2610,華航,25,12,13,元大-東泰,2023-05-05,9817
1609,大亞,46,33,13,元大-東泰,2023-05-05,9817
6244,茂迪,18,6,12,元大-東泰,2023-05-05,9817
8403,盛弘,21,9,12,元大-東泰,2023-05-05,9817
1529,樂事綠能,25,13,12,元大-東泰,2023-05-05,9817
3033,威健,12,0,12,元大-東泰,2023-05-05,9817
3363,上詮,12,0,12,元大-東泰,2023-05-05,9817
00642U,期元大S＆P石油,12,0,12,元大-東泰,2023-05-05,9817
4164,承業醫,17,5,12,元大-東泰,2023-05-05,9817
4108,懷特,12,1,11,元大-東泰,2023-05-05,9817
5284,jpp-KY,12,1,11,元大-東泰,2023-05-05,9817
2888,新光金,302,0,302,元大-東泰,2023-05-08,9817
3481,群創,120,7,113,元大-東泰,2023-05-08,9817
00642U,期元大S＆P石油,100,4,96,元大-東泰,2023-05-08,9817
4402,郡都開發,83,0,83,元大-東泰,2023-05-08,9817
2887,台新金,108,26,82,元大-東泰,2023-05-08,9817
00878,國泰永續高股息,78,4,74,元大-東泰,2023-05-08,9817
1605,華新,146,73,73,元大-東泰,2023-05-08,9817
1609,大亞,98,34,64,元大-東泰,2023-05-08,9817
2834,臺企銀,59,4,55,元大-東泰,2023-05-08,9817
6191,精成科,53,7,46,元大-東泰,2023-05-08,9817
00631L,元大台灣50正2,46,0,46,元大-東泰,2023-05-08,9817
4919,新唐,57,19,38,元大-東泰,2023-05-08,9817
4173,久裕,33,0,33,元大-東泰,2023-05-08,9817
3149,正達,35,2,33,元大-東泰,2023-05-08,9817
2609,陽明,32,4,28,元大-東泰,2023-05-08,9817
6177,達麗,27,0,27,元大-東泰,2023-05-08,9817
00751B,元大AAA至A公司債,24,0,24,元大-東泰,2023-05-08,9817
2371,大同,56,33,23,元大-東泰,2023-05-08,9817
00679B,元大美債20年,21,0,21,元大-東泰,2023-05-08,9817
2409,友達,21,0,21,元大-東泰,2023-05-08,9817
2614,東森,21,0,21,元大-東泰,2023-05-08,9817
1464,得力,20,0,20,元大-東泰,2023-05-08,9817
4157,太景*-KY,20,0,20,元大-東泰,2023-05-08,9817
2801,彰銀,19,0,19,元大-東泰,2023-05-08,9817
1319,東陽,20,3,17,元大-東泰,2023-05-08,9817
2486,一詮,17,0,17,元大-東泰,2023-05-08,9817
8099,大世科,16,0,16,元大-東泰,2023-05-08,9817
3038,全台,23,7,16,元大-東泰,2023-05-08,9817
2603,長榮,22,7,15,元大-東泰,2023-05-08,9817
6125,廣運,28,13,15,元大-東泰,2023-05-08,9817
2913,農林,15,0,15,元大-東泰,2023-05-08,9817
2498,宏達電,14,0,14,元大-東泰,2023-05-08,9817
1709,和益,14,0,14,元大-東泰,2023-05-08,9817
2401,凌陽,13,0,13,元大-東泰,2023-05-08,9817
4979,華星光,14,2,12,元大-東泰,2023-05-08,9817
6469,大樹,12,0,12,元大-東泰,2023-05-08,9817
9945,潤泰新,14,2,12,元大-東泰,2023-05-08,9817
3545,敦泰,14,2,12,元大-東泰,2023-05-08,9817
00712,復華富時不動產,12,1,11,元大-東泰,2023-05-08,9817
2412,中華電,12,1,11,元大-東泰,2023-05-08,9817
2630,亞航,13,2,11,元大-東泰,2023-05-08,9817
2892,第一金,12,1,11,元大-東泰,2023-05-08,9817
3704,合勤控,18,7,11,元大-東泰,2023-05-08,9817
5355,佳總,11,0,11,元大-東泰,2023-05-08,9817
2408,南亞科,11,0,11,元大-東泰,2023-05-08,9817
1708,東鹼,11,0,11,元大-東泰,2023-05-08,9817
6443,元晶,12,2,10,元大-東泰,2023-05-08,9817
1314,中石化,10,0,10,元大-東泰,2023-05-08,9817
3402,漢科,10,0,10,元大-東泰,2023-05-08,9817
1714,和桐,10,0,10,元大-東泰,2023-05-08,9817
2618,長榮航,214,7,207,元大-東泰,2023-05-09,9817
00680L,元大美債20正2,89,0,89,元大-東泰,2023-05-09,9817
00751B,元大AAA至A公司債,95,13,82,元大-東泰,2023-05-09,9817
2634,漢翔,99,27,72,元大-東泰,2023-05-09,9817
1101,台泥,69,8,61,元大-東泰,2023-05-09,9817
00720B,元大投資級公司債,56,0,56,元大-東泰,2023-05-09,9817
6163,華電網,52,0,52,元大-東泰,2023-05-09,9817
1504,東元,92,46,46,元大-東泰,2023-05-09,9817
6244,茂迪,53,10,43,元大-東泰,2023-05-09,9817
1609,大亞,64,24,40,元大-東泰,2023-05-09,9817
2402,毅嘉,38,0,38,元大-東泰,2023-05-09,9817
3715,定穎投控,95,59,36,元大-東泰,2023-05-09,9817
4919,新唐,52,19,33,元大-東泰,2023-05-09,9817
2851,中再保,33,0,33,元大-東泰,2023-05-09,9817
8403,盛弘,35,3,32,元大-東泰,2023-05-09,9817
2069,運錩,31,0,31,元大-東泰,2023-05-09,9817
1464,得力,30,0,30,元大-東泰,2023-05-09,9817
4402,郡都開發,30,0,30,元大-東泰,2023-05-09,9817
6443,元晶,60,32,28,元大-東泰,2023-05-09,9817
8088,品安,30,2,28,元大-東泰,2023-05-09,9817
00878,國泰永續高股息,44,16,28,元大-東泰,2023-05-09,9817
2614,東森,30,5,25,元大-東泰,2023-05-09,9817
2476,鉅祥,35,10,25,元大-東泰,2023-05-09,9817
2834,臺企銀,26,2,24,元大-東泰,2023-05-09,9817
00679B,元大美債20年,32,11,21,元大-東泰,2023-05-09,9817
2885,元大金,20,0,20,元大-東泰,2023-05-09,9817
6153,嘉聯益,20,0,20,元大-東泰,2023-05-09,9817
2431,聯昌,20,0,20,元大-東泰,2023-05-09,9817
1442,名軒,19,0,19,元大-東泰,2023-05-09,9817
2484,希華,24,8,16,元大-東泰,2023-05-09,9817
5410,國眾,16,0,16,元大-東泰,2023-05-09,9817
8927,北基,15,0,15,元大-東泰,2023-05-09,9817
1802,台玻,15,0,15,元大-東泰,2023-05-09,9817
2891,中信金,20,6,14,元大-東泰,2023-05-09,9817
6112,邁達特,22,8,14,元大-東泰,2023-05-09,9817
1709,和益,14,0,14,元大-東泰,2023-05-09,9817
2206,三陽工業,27,13,14,元大-東泰,2023-05-09,9817
5356,協益,15,1,14,元大-東泰,2023-05-09,9817
2101,南港,14,0,14,元大-東泰,2023-05-09,9817
2022,聚亨,14,0,14,元大-東泰,2023-05-09,9817
3703,欣陸,14,0,14,元大-東泰,2023-05-09,9817
6509,聚和,15,1,14,元大-東泰,2023-05-09,9817
1904,正隆,22,9,13,元大-東泰,2023-05-09,9817
1605,華新,36,23,13,元大-東泰,2023-05-09,9817
3481,群創,27,15,12,元大-東泰,2023-05-09,9817
2609,陽明,12,0,12,元大-東泰,2023-05-09,9817
2486,一詮,12,0,12,元大-東泰,2023-05-09,9817
1611,中電,12,0,12,元大-東泰,2023-05-09,9817
00772B,中信高評級公司債,12,0,12,元大-東泰,2023-05-09,9817
4121,優盛,12,1,11,元大-東泰,2023-05-09,9817
00665L,富邦�琤肭磪囓�2,136,0,136,元大-東泰,2023-05-10,9817
1337,再生-KY,62,0,62,元大-東泰,2023-05-10,9817
00878,國泰永續高股息,62,1,61,元大-東泰,2023-05-10,9817
2303,聯電,56,0,56,元大-東泰,2023-05-10,9817
2851,中再保,50,0,50,元大-東泰,2023-05-10,9817
2610,華航,83,40,43,元大-東泰,2023-05-10,9817
00680L,元大美債20正2,36,0,36,元大-東泰,2023-05-10,9817
912000,晨訊科-DR,34,0,34,元大-東泰,2023-05-10,9817
2504,國產,34,2,32,元大-東泰,2023-05-10,9817
3062,建漢,32,0,32,元大-東泰,2023-05-10,9817
6274,台燿,34,5,29,元大-東泰,2023-05-10,9817
1536,和大,28,0,28,元大-東泰,2023-05-10,9817
00679B,元大美債20年,27,0,27,元大-東泰,2023-05-10,9817
1609,大亞,79,55,24,元大-東泰,2023-05-10,9817
2344,華邦電,26,2,24,元大-東泰,2023-05-10,9817
1310,台苯,23,1,22,元大-東泰,2023-05-10,9817
5469,瀚宇博,21,2,19,元大-東泰,2023-05-10,9817
2880,華南金,25,7,18,元大-東泰,2023-05-10,9817
6443,元晶,28,10,18,元大-東泰,2023-05-10,9817
2002,中鋼,23,6,17,元大-東泰,2023-05-10,9817
6770,力積電,16,0,16,元大-東泰,2023-05-10,9817
3231,緯創,31,15,16,元大-東泰,2023-05-10,9817
3402,漢科,15,0,15,元大-東泰,2023-05-10,9817
3311,閎暉,15,0,15,元大-東泰,2023-05-10,9817
6213,聯茂,14,0,14,元大-東泰,2023-05-10,9817
3013,晟銘電,20,6,14,元大-東泰,2023-05-10,9817
6177,達麗,14,0,14,元大-東泰,2023-05-10,9817
00712,復華富時不動產,18,5,13,元大-東泰,2023-05-10,9817
4729,熒茂,13,0,13,元大-東泰,2023-05-10,9817
1319,東陽,21,8,13,元大-東泰,2023-05-10,9817
1101,台泥,15,2,13,元大-東泰,2023-05-10,9817
00753L,中信中國50正2,12,0,12,元大-東泰,2023-05-10,9817
6185,幃翔,16,4,12,元大-東泰,2023-05-10,9817
00751B,元大AAA至A公司債,11,0,11,元大-東泰,2023-05-10,9817
2702,華園,11,0,11,元大-東泰,2023-05-10,9817
2834,臺企銀,12,1,11,元大-東泰,2023-05-10,9817
4979,華星光,15,5,10,元大-東泰,2023-05-10,9817
1616,億泰,10,0,10,元大-東泰,2023-05-10,9817
3454,晶睿,11,1,10,元大-東泰,2023-05-10,9817
2419,仲琦,10,0,10,元大-東泰,2023-05-10,9817
5009,榮剛,26,16,10,元大-東泰,2023-05-10,9817
5465,富驊,10,0,10,元大-東泰,2023-05-10,9817
4952,凌通,10,0,10,元大-東泰,2023-05-10,9817
4566,時碩工業,10,0,10,元大-東泰,2023-05-10,9817
5347,世界,10,0,10,元大-東泰,2023-05-10,9817
2408,南亞科,9,0,9,元大-東泰,2023-05-10,9817
6016,康和證,9,0,9,元大-東泰,2023-05-10,9817
9907,統一實,10,1,9,元大-東泰,2023-05-10,9817
8249,菱光,9,0,9,元大-東泰,2023-05-10,9817
6615,慧智,9,0,9,元大-東泰,2023-05-10,9817
00632R,元大台灣50反1,812,42,770,元大-東泰,2023-05-11,9817
4402,郡都開發,183,30,153,元大-東泰,2023-05-11,9817
1784,訊聯,104,2,102,元大-東泰,2023-05-11,9817
3078,僑威,71,3,68,元大-東泰,2023-05-11,9817
8093,保銳,61,0,61,元大-東泰,2023-05-11,9817
9907,統一實,62,2,60,元大-東泰,2023-05-11,9817
2634,漢翔,77,20,57,元大-東泰,2023-05-11,9817
1609,大亞,106,51,55,元大-東泰,2023-05-11,9817
00878,國泰永續高股息,63,13,50,元大-東泰,2023-05-11,9817
6285,啟��,48,3,45,元大-東泰,2023-05-11,9817
2408,南亞科,41,0,41,元大-東泰,2023-05-11,9817
1605,華新,49,10,39,元大-東泰,2023-05-11,9817
2409,友達,32,1,31,元大-東泰,2023-05-11,9817
4157,太景*-KY,30,0,30,元大-東泰,2023-05-11,9817
00687B,國泰20年美債,30,1,29,元大-東泰,2023-05-11,9817
2371,大同,32,4,28,元大-東泰,2023-05-11,9817
3033,威健,29,4,25,元大-東泰,2023-05-11,9817
4919,新唐,30,6,24,元大-東泰,2023-05-11,9817
6509,聚和,30,6,24,元大-東泰,2023-05-11,9817
2201,裕隆,29,6,23,元大-東泰,2023-05-11,9817
2615,萬海,22,0,22,元大-東泰,2023-05-11,9817
6177,達麗,22,0,22,元大-東泰,2023-05-11,9817
3715,定穎投控,27,5,22,元大-東泰,2023-05-11,9817
6227,茂綸,22,0,22,元大-東泰,2023-05-11,9817
5498,凱崴,22,0,22,元大-東泰,2023-05-11,9817
00680L,元大美債20正2,21,0,21,元大-東泰,2023-05-11,9817
2515,中工,30,10,20,元大-東泰,2023-05-11,9817
8383,千附,20,0,20,元大-東泰,2023-05-11,9817
2486,一詮,20,0,20,元大-東泰,2023-05-11,9817
6276,安鈦克,51,31,20,元大-東泰,2023-05-11,9817
5009,榮剛,35,15,20,元大-東泰,2023-05-11,9817
2609,陽明,33,13,20,元大-東泰,2023-05-11,9817
6806,森崴能源,24,5,19,元大-東泰,2023-05-11,9817
2610,華航,71,53,18,元大-東泰,2023-05-11,9817
00637L,元大滬深300正2,23,5,18,元大-東泰,2023-05-11,9817
2038,海光,17,0,17,元大-東泰,2023-05-11,9817
8085,福華,19,2,17,元大-東泰,2023-05-11,9817
1471,首利,17,0,17,元大-東泰,2023-05-11,9817
8105,凌巨,17,0,17,元大-東泰,2023-05-11,9817
2498,宏達電,21,4,17,元大-東泰,2023-05-11,9817
6234,高僑,47,32,15,元大-東泰,2023-05-11,9817
1101,台泥,20,5,15,元大-東泰,2023-05-11,9817
6142,友勁,15,0,15,元大-東泰,2023-05-11,9817
1721,三晃,15,0,15,元大-東泰,2023-05-11,9817
2884,玉山金,17,2,15,元大-東泰,2023-05-11,9817
2630,亞航,30,15,15,元大-東泰,2023-05-11,9817
00885,富邦越南,15,1,14,元大-東泰,2023-05-11,9817
4121,優盛,15,1,14,元大-東泰,2023-05-11,9817
2881,富邦金,21,8,13,元大-東泰,2023-05-11,9817
3114,好德,13,0,13,元大-東泰,2023-05-11,9817
00878,國泰永續高股息,245,1,244,元大-東泰,2023-05-12,9817
4402,郡都開發,203,0,203,元大-東泰,2023-05-12,9817
5531,鄉林,146,2,144,元大-東泰,2023-05-12,9817
00715L,期街口布蘭特正2,160,55,105,元大-東泰,2023-05-12,9817
00673R,期元大S＆P原油反1,80,0,80,元大-東泰,2023-05-12,9817
00637L,元大滬深300正2,71,12,59,元大-東泰,2023-05-12,9817
2606,裕民,55,0,55,元大-東泰,2023-05-12,9817
6026,福邦證,43,0,43,元大-東泰,2023-05-12,9817
4967,十銓,59,22,37,元大-東泰,2023-05-12,9817
3058,立德,40,3,37,元大-東泰,2023-05-12,9817
1101,台泥,39,5,34,元大-東泰,2023-05-12,9817
2317,鴻海,38,4,34,元大-東泰,2023-05-12,9817
912000,晨訊科-DR,34,0,34,元大-東泰,2023-05-12,9817
2409,友達,36,4,32,元大-東泰,2023-05-12,9817
2352,佳世達,32,1,31,元大-東泰,2023-05-12,9817
2867,三商壽,30,0,30,元大-東泰,2023-05-12,9817
6218,豪勉,86,56,30,元大-東泰,2023-05-12,9817
2303,聯電,34,5,29,元大-東泰,2023-05-12,9817
2880,華南金,37,8,29,元大-東泰,2023-05-12,9817
2883,凱基金,29,1,28,元大-東泰,2023-05-12,9817
2888,新光金,32,5,27,元大-東泰,2023-05-12,9817
5284,jpp-KY,31,4,27,元大-東泰,2023-05-12,9817
6139,亞翔,40,13,27,元大-東泰,2023-05-12,9817
6005,群益證,25,0,25,元大-東泰,2023-05-12,9817
2890,永豐金,23,1,22,元大-東泰,2023-05-12,9817
2482,連宇,28,9,19,元大-東泰,2023-05-12,9817
3046,建��,25,6,19,元大-東泰,2023-05-12,9817
9907,統一實,18,0,18,元大-東泰,2023-05-12,9817
2834,臺企銀,16,0,16,元大-東泰,2023-05-12,9817
2444,兆勁,15,1,14,元大-東泰,2023-05-12,9817
2002,中鋼,25,11,14,元大-東泰,2023-05-12,9817
1609,大亞,46,32,14,元大-東泰,2023-05-12,9817
00631L,元大台灣50正2,13,0,13,元大-東泰,2023-05-12,9817
4138,曜亞,15,2,13,元大-東泰,2023-05-12,9817
2495,普安,15,3,12,元大-東泰,2023-05-12,9817
2408,南亞科,11,0,11,元大-東泰,2023-05-12,9817
1312,國喬,11,0,11,元大-東泰,2023-05-12,9817
2014,中鴻,10,0,10,元大-東泰,2023-05-12,9817
2027,大成鋼,10,0,10,元大-東泰,2023-05-12,9817
2886,兆豐金,10,0,10,元大-東泰,2023-05-12,9817
2312,金寶,10,0,10,元大-東泰,2023-05-12,9817
6112,邁達特,30,20,10,元大-東泰,2023-05-12,9817
5285,界霖,10,0,10,元大-東泰,2023-05-12,9817
2031,新光鋼,10,0,10,元大-東泰,2023-05-12,9817
4566,時碩工業,10,0,10,元大-東泰,2023-05-12,9817
8085,福華,9,0,9,元大-東泰,2023-05-12,9817
3038,全台,10,1,9,元大-東泰,2023-05-12,9817
6282,康舒,9,1,8,元大-東泰,2023-05-12,9817
3033,威健,9,1,8,元大-東泰,2023-05-12,9817
3540,曜越,10,2,8,元大-東泰,2023-05-12,9817
4402,郡都開發,244,12,232,元大-東泰,2023-05-15,9817
00715L,期街口布蘭特正2,166,8,158,元大-東泰,2023-05-15,9817
00680L,元大美債20正2,51,0,51,元大-東泰,2023-05-15,9817
00878,國泰永續高股息,80,29,51,元大-東泰,2023-05-15,9817
00637L,元大滬深300正2,47,0,47,元大-東泰,2023-05-15,9817
1514,亞力,52,10,42,元大-東泰,2023-05-15,9817
6122,擎邦,46,6,40,元大-東泰,2023-05-15,9817
3231,緯創,73,42,31,元大-東泰,2023-05-15,9817
00673R,期元大S＆P原油反1,30,0,30,元大-東泰,2023-05-15,9817
2303,聯電,37,8,29,元大-東泰,2023-05-15,9817
2409,友達,29,2,27,元大-東泰,2023-05-15,9817
3038,全台,29,2,27,元大-東泰,2023-05-15,9817
4961,天鈺,28,4,24,元大-東泰,2023-05-15,9817
00900,富邦特選高股息30,23,0,23,元大-東泰,2023-05-15,9817
1101,台泥,31,9,22,元大-東泰,2023-05-15,9817
4904,遠傳,20,0,20,元大-東泰,2023-05-15,9817
2349,錸德,20,0,20,元大-東泰,2023-05-15,9817
2331,精英,26,6,20,元大-東泰,2023-05-15,9817
5285,界霖,20,0,20,元大-東泰,2023-05-15,9817
2603,長榮,22,3,19,元大-東泰,2023-05-15,9817
5355,佳總,25,7,18,元大-東泰,2023-05-15,9817
5284,jpp-KY,19,3,16,元大-東泰,2023-05-15,9817
2867,三商壽,16,0,16,元大-東泰,2023-05-15,9817
2317,鴻海,21,5,16,元大-東泰,2023-05-15,9817
00772B,中信高評級公司債,19,4,15,元大-東泰,2023-05-15,9817
00683L,期元大美元指正2,15,0,15,元大-東泰,2023-05-15,9817
00882,中信中國高股息,14,0,14,元大-東泰,2023-05-15,9817
4123,晟德,13,0,13,元大-東泰,2023-05-15,9817
1709,和益,13,0,13,元大-東泰,2023-05-15,9817
00712,復華富時不動產,12,0,12,元大-東泰,2023-05-15,9817
2393,億光,21,10,11,元大-東泰,2023-05-15,9817
00639,富邦深100,11,0,11,元大-東泰,2023-05-15,9817
1504,東元,98,88,10,元大-東泰,2023-05-15,9817
2449,京元電子,10,0,10,元大-東泰,2023-05-15,9817
00642U,期元大S＆P石油,10,0,10,元大-東泰,2023-05-15,9817
1440,南紡,10,0,10,元大-東泰,2023-05-15,9817
6276,安鈦克,15,5,10,元大-東泰,2023-05-15,9817
2201,裕隆,10,0,10,元大-東泰,2023-05-15,9817
2534,宏盛,10,0,10,元大-東泰,2023-05-15,9817
5356,協益,13,3,10,元大-東泰,2023-05-15,9817
8234,新漢,10,0,10,元大-東泰,2023-05-15,9817
6806,森崴能源,11,1,10,元大-東泰,2023-05-15,9817
2538,基泰,10,0,10,元大-東泰,2023-05-15,9817
0056,元大高股息,12,2,10,元大-東泰,2023-05-15,9817
3078,僑威,11,2,9,元大-東泰,2023-05-15,9817
5203,訊連,9,0,9,元大-東泰,2023-05-15,9817
00713,元大台灣高息低波,8,0,8,元大-東泰,2023-05-15,9817
1584,精剛,13,5,8,元大-東泰,2023-05-15,9817
3712,永崴投控,8,0,8,元大-東泰,2023-05-15,9817
2340,台亞,8,0,8,元大-東泰,2023-05-15,9817
2888,新光金,200,8,192,元大-東泰,2023-05-16,9817
00885,富邦越南,131,8,123,元大-東泰,2023-05-16,9817
4402,郡都開發,105,2,103,元大-東泰,2023-05-16,9817
00680L,元大美債20正2,92,0,92,元大-東泰,2023-05-16,9817
2323,中環,62,1,61,元大-東泰,2023-05-16,9817
2409,友達,77,27,50,元大-東泰,2023-05-16,9817
00631L,元大台灣50正2,49,0,49,元大-東泰,2023-05-16,9817
2371,大同,59,11,48,元大-東泰,2023-05-16,9817
2501,國建,48,0,48,元大-東泰,2023-05-16,9817
00751B,元大AAA至A公司債,39,1,38,元大-東泰,2023-05-16,9817
1609,大亞,49,11,38,元大-東泰,2023-05-16,9817
00640L,富邦日本正2,35,0,35,元大-東泰,2023-05-16,9817
3231,緯創,59,26,33,元大-東泰,2023-05-16,9817
00720B,元大投資級公司債,32,0,32,元大-東泰,2023-05-16,9817
8085,福華,25,0,25,元大-東泰,2023-05-16,9817
1616,億泰,23,0,23,元大-東泰,2023-05-16,9817
6218,豪勉,44,23,21,元大-東泰,2023-05-16,9817
3308,聯德,20,0,20,元大-東泰,2023-05-16,9817
3060,銘異,20,0,20,元大-東泰,2023-05-16,9817
2457,飛宏,38,19,19,元大-東泰,2023-05-16,9817
2495,普安,25,7,18,元大-東泰,2023-05-16,9817
2317,鴻海,17,0,17,元大-東泰,2023-05-16,9817
5432,新門,17,0,17,元大-東泰,2023-05-16,9817
00650L,復華香港正2,16,0,16,元大-東泰,2023-05-16,9817
2368,金像電,16,1,15,元大-東泰,2023-05-16,9817
6243,迅杰,16,1,15,元大-東泰,2023-05-16,9817
00683L,期元大美元指正2,15,0,15,元大-東泰,2023-05-16,9817
00772B,中信高評級公司債,14,0,14,元大-東泰,2023-05-16,9817
2542,興富發,14,0,14,元大-東泰,2023-05-16,9817
1709,和益,16,2,14,元大-東泰,2023-05-16,9817
2206,三陽工業,44,31,13,元大-東泰,2023-05-16,9817
8048,德勝,16,3,13,元大-東泰,2023-05-16,9817
00882,中信中國高股息,15,3,12,元大-東泰,2023-05-16,9817
1504,東元,27,15,12,元大-東泰,2023-05-16,9817
5483,中美晶,12,0,12,元大-東泰,2023-05-16,9817
2427,三商電,18,6,12,元大-東泰,2023-05-16,9817
2204,中華,14,2,12,元大-東泰,2023-05-16,9817
8011,台通,11,0,11,元大-東泰,2023-05-16,9817
5512,力麒,10,0,10,元大-東泰,2023-05-16,9817
3046,建��,110,100,10,元大-東泰,2023-05-16,9817
5905,南仁湖,10,0,10,元大-東泰,2023-05-16,9817
2812,台中銀,10,0,10,元大-東泰,2023-05-16,9817
3048,益登,10,0,10,元大-東泰,2023-05-16,9817
2493,揚博,10,0,10,元大-東泰,2023-05-16,9817
2908,特力,10,0,10,元大-東泰,2023-05-16,9817
2609,陽明,9,0,9,元大-東泰,2023-05-16,9817
1905,華紙,11,2,9,元大-東泰,2023-05-16,9817
1104,環泥,9,0,9,元大-東泰,2023-05-16,9817
2482,連宇,8,0,8,元大-東泰,2023-05-16,9817
2801,彰銀,10,2,8,元大-東泰,2023-05-16,9817
00632R,元大台灣50反1,333,0,333,元大-東泰,2023-05-17,9817
00878,國泰永續高股息,183,48,135,元大-東泰,2023-05-17,9817
00772B,中信高評級公司債,128,0,128,元大-東泰,2023-05-17,9817
4950,牧東,100,0,100,元大-東泰,2023-05-17,9817
2402,毅嘉,132,34,98,元大-東泰,2023-05-17,9817
00885,富邦越南,101,7,94,元大-東泰,2023-05-17,9817
2888,新光金,107,20,87,元大-東泰,2023-05-17,9817
6288,聯嘉,55,0,55,元大-東泰,2023-05-17,9817
2501,國建,54,0,54,元大-東泰,2023-05-17,9817
00680L,元大美債20正2,45,0,45,元大-東泰,2023-05-17,9817
2323,中環,36,3,33,元大-東泰,2023-05-17,9817
3715,定穎投控,82,51,31,元大-東泰,2023-05-17,9817
3005,神基,40,15,25,元大-東泰,2023-05-17,9817
1608,華榮,34,11,23,元大-東泰,2023-05-17,9817
6770,力積電,33,12,21,元大-東泰,2023-05-17,9817
6285,啟��,23,3,20,元大-東泰,2023-05-17,9817
2025,千興,20,0,20,元大-東泰,2023-05-17,9817
00683L,期元大美元指正2,20,0,20,元大-東泰,2023-05-17,9817
4953,緯軟,24,4,20,元大-東泰,2023-05-17,9817
00751B,元大AAA至A公司債,19,0,19,元大-東泰,2023-05-17,9817
8358,金居,18,0,18,元大-東泰,2023-05-17,9817
2427,三商電,21,3,18,元大-東泰,2023-05-17,9817
1616,億泰,17,0,17,元大-東泰,2023-05-17,9817
00679B,元大美債20年,19,2,17,元大-東泰,2023-05-17,9817
2482,連宇,19,4,15,元大-東泰,2023-05-17,9817
4304,勝昱,15,0,15,元大-東泰,2023-05-17,9817
2618,長榮航,28,14,14,元大-東泰,2023-05-17,9817
00720B,元大投資級公司債,14,0,14,元大-東泰,2023-05-17,9817
3207,耀勝,13,1,12,元大-東泰,2023-05-17,9817
00715L,期街口布蘭特正2,97,85,12,元大-東泰,2023-05-17,9817
00847B,中信美國市政債,12,0,12,元大-東泰,2023-05-17,9817
4906,正文,12,0,12,元大-東泰,2023-05-17,9817
8033,雷虎,12,0,12,元大-東泰,2023-05-17,9817
00712,復華富時不動產,21,10,11,元大-東泰,2023-05-17,9817
8011,台通,31,20,11,元大-東泰,2023-05-17,9817
2337,旺宏,10,0,10,元大-東泰,2023-05-17,9817
2367,燿華,18,8,10,元大-東泰,2023-05-17,9817
2538,基泰,10,0,10,元大-東泰,2023-05-17,9817
1611,中電,12,2,10,元大-東泰,2023-05-17,9817
2313,華通,10,0,10,元大-東泰,2023-05-17,9817
4155,訊映,10,0,10,元大-東泰,2023-05-17,9817
6625,必應,13,3,10,元大-東泰,2023-05-17,9817
1519,華城,16,6,10,元大-東泰,2023-05-17,9817
1605,華新,10,1,9,元大-東泰,2023-05-17,9817
8044,網家,9,0,9,元大-東泰,2023-05-17,9817
2371,大同,25,16,9,元大-東泰,2023-05-17,9817
8222,寶一,17,8,9,元大-東泰,2023-05-17,9817
00664R,國泰臺灣加權反1,9,0,9,元大-東泰,2023-05-17,9817
1609,大亞,41,32,9,元大-東泰,2023-05-17,9817
3029,零壹,11,3,8,元大-東泰,2023-05-17,9817
00680L,元大美債20正2,166,0,166,元大-東泰,2023-05-18,9817
00885,富邦越南,151,1,150,元大-東泰,2023-05-18,9817
2891,中信金,168,32,136,元大-東泰,2023-05-18,9817
3362,先進光,76,3,73,元大-東泰,2023-05-18,9817
6112,邁達特,107,39,68,元大-東泰,2023-05-18,9817
3682,亞太電,55,0,55,元大-東泰,2023-05-18,9817
00751B,元大AAA至A公司債,54,0,54,元大-東泰,2023-05-18,9817
00683L,期元大美元指正2,50,0,50,元大-東泰,2023-05-18,9817
1616,億泰,49,1,48,元大-東泰,2023-05-18,9817
2461,光群雷,46,0,46,元大-東泰,2023-05-18,9817
00632R,元大台灣50反1,95,55,40,元大-東泰,2023-05-18,9817
2371,大同,46,19,27,元大-東泰,2023-05-18,9817
00772B,中信高評級公司債,27,2,25,元大-東泰,2023-05-18,9817
00676R,富邦臺灣加權反1,121,100,21,元大-東泰,2023-05-18,9817
2603,長榮,22,2,20,元大-東泰,2023-05-18,9817
2349,錸德,20,0,20,元大-東泰,2023-05-18,9817
4915,致伸,20,0,20,元大-東泰,2023-05-18,9817
00847B,中信美國市政債,19,0,19,元大-東泰,2023-05-18,9817
00687B,國泰20年美債,18,0,18,元大-東泰,2023-05-18,9817
1513,中興電,28,10,18,元大-東泰,2023-05-18,9817
00637L,元大滬深300正2,21,4,17,元大-東泰,2023-05-18,9817
4953,緯軟,20,4,16,元大-東泰,2023-05-18,9817
2633,台灣高鐵,24,9,15,元大-東泰,2023-05-18,9817
1314,中石化,15,0,15,元大-東泰,2023-05-18,9817
5871A,中租-KY甲特,15,0,15,元大-東泰,2023-05-18,9817
2480,敦陽科,32,17,15,元大-東泰,2023-05-18,9817
1584,精剛,28,14,14,元大-東泰,2023-05-18,9817
8011,台通,15,3,12,元大-東泰,2023-05-18,9817
4114,健喬,12,0,12,元大-東泰,2023-05-18,9817
4977,眾達-KY,11,0,11,元大-東泰,2023-05-18,9817
8222,寶一,31,20,11,元大-東泰,2023-05-18,9817
5531,鄉林,11,0,11,元大-東泰,2023-05-18,9817
3058,立德,12,1,11,元大-東泰,2023-05-18,9817
3006,晶豪科,17,6,11,元大-東泰,2023-05-18,9817
2481,強茂,10,0,10,元大-東泰,2023-05-18,9817
2103,台橡,10,0,10,元大-東泰,2023-05-18,9817
8182,加高,10,0,10,元大-東泰,2023-05-18,9817
8088,品安,17,7,10,元大-東泰,2023-05-18,9817
5284,jpp-KY,11,1,10,元大-東泰,2023-05-18,9817
3704,合勤控,14,4,10,元大-東泰,2023-05-18,9817
6169,昱泉,10,0,10,元大-東泰,2023-05-18,9817
2313,華通,21,11,10,元大-東泰,2023-05-18,9817
4157,太景*-KY,10,0,10,元大-東泰,2023-05-18,9817
8070,長華*,10,0,10,元大-東泰,2023-05-18,9817
3265,台星科,10,1,9,元大-東泰,2023-05-18,9817
00922,國泰台灣領袖50,9,0,9,元大-東泰,2023-05-18,9817
2495,普安,16,7,9,元大-東泰,2023-05-18,9817
1108,幸福,9,0,9,元大-東泰,2023-05-18,9817
5301,寶得利,9,0,9,元大-東泰,2023-05-18,9817
1319,東陽,12,3,9,元大-東泰,2023-05-18,9817
00885,富邦越南,201,0,201,元大-東泰,2023-05-19,9817
00680L,元大美債20正2,137,0,137,元大-東泰,2023-05-19,9817
3481,群創,94,2,92,元大-東泰,2023-05-19,9817
00637L,元大滬深300正2,97,26,71,元大-東泰,2023-05-19,9817
3682,亞太電,75,5,70,元大-東泰,2023-05-19,9817
00632R,元大台灣50反1,63,0,63,元大-東泰,2023-05-19,9817
2832,台產,58,0,58,元大-東泰,2023-05-19,9817
4919,新唐,85,28,57,元大-東泰,2023-05-19,9817
1609,大亞,102,52,50,元大-東泰,2023-05-19,9817
1504,東元,87,38,49,元大-東泰,2023-05-19,9817
00687B,國泰20年美債,44,0,44,元大-東泰,2023-05-19,9817
00751B,元大AAA至A公司債,46,3,43,元大-東泰,2023-05-19,9817
2427,三商電,45,3,42,元大-東泰,2023-05-19,9817
00631L,元大台灣50正2,41,0,41,元大-東泰,2023-05-19,9817
5009,榮剛,49,12,37,元大-東泰,2023-05-19,9817
00795B,中信美國公債20年,37,0,37,元大-東泰,2023-05-19,9817
00772B,中信高評級公司債,52,16,36,元大-東泰,2023-05-19,9817
6160,欣技,46,10,36,元大-東泰,2023-05-19,9817
00635U,期元大S＆P黃金,33,0,33,元大-東泰,2023-05-19,9817
2069,運錩,30,0,30,元大-東泰,2023-05-19,9817
2851,中再保,70,40,30,元大-東泰,2023-05-19,9817
00847B,中信美國市政債,30,0,30,元大-東泰,2023-05-19,9817
00720B,元大投資級公司債,28,0,28,元大-東泰,2023-05-19,9817
2480,敦陽科,28,2,26,元大-東泰,2023-05-19,9817
2834,臺企銀,25,0,25,元大-東泰,2023-05-19,9817
2457,飛宏,35,12,23,元大-東泰,2023-05-19,9817
2324,仁寶,21,1,20,元大-東泰,2023-05-19,9817
6194,育富,21,2,19,元大-東泰,2023-05-19,9817
6218,豪勉,20,1,19,元大-東泰,2023-05-19,9817
2409,友達,51,33,18,元大-東泰,2023-05-19,9817
00882,中信中國高股息,17,1,16,元大-東泰,2023-05-19,9817
6271,同欣電,15,0,15,元大-東泰,2023-05-19,9817
2489,瑞軒,15,0,15,元大-東泰,2023-05-19,9817
00753L,中信中國50正2,15,0,15,元大-東泰,2023-05-19,9817
3047,訊舟,15,0,15,元大-東泰,2023-05-19,9817
00639,富邦深100,14,0,14,元大-東泰,2023-05-19,9817
4123,晟德,14,0,14,元大-東泰,2023-05-19,9817
1584,精剛,31,17,14,元大-東泰,2023-05-19,9817
6235,華孚,27,13,14,元大-東泰,2023-05-19,9817
9907,統一實,13,0,13,元大-東泰,2023-05-19,9817
2317,鴻海,14,2,12,元大-東泰,2023-05-19,9817
1529,樂事綠能,17,5,12,元大-東泰,2023-05-19,9817
6122,擎邦,14,2,12,元大-東泰,2023-05-19,9817
8222,寶一,47,35,12,元大-東泰,2023-05-19,9817
2609,陽明,13,2,11,元大-東泰,2023-05-19,9817
2453,凌群,21,10,11,元大-東泰,2023-05-19,9817
3046,建��,12,1,11,元大-東泰,2023-05-19,9817
1605,華新,21,10,11,元大-東泰,2023-05-19,9817
3003,健和興,13,3,10,元大-東泰,2023-05-19,9817
4157,太景*-KY,10,0,10,元大-東泰,2023-05-19,9817
00715L,期街口布蘭特正2,185,0,185,元大-東泰,2023-05-22,9817
2885,元大金,176,4,172,元大-東泰,2023-05-22,9817
00687B,國泰20年美債,124,0,124,元大-東泰,2023-05-22,9817
00885,富邦越南,103,0,103,元大-東泰,2023-05-22,9817
2303,聯電,106,6,100,元大-東泰,2023-05-22,9817
2537,聯上發,74,0,74,元大-東泰,2023-05-22,9817
1101,台泥,60,8,52,元大-東泰,2023-05-22,9817
6443,元晶,60,12,48,元大-東泰,2023-05-22,9817
6244,茂迪,50,6,44,元大-東泰,2023-05-22,9817
00751B,元大AAA至A公司債,43,0,43,元大-東泰,2023-05-22,9817
00847B,中信美國市政債,40,0,40,元大-東泰,2023-05-22,9817
6477,安集,30,0,30,元大-東泰,2023-05-22,9817
4142,國光生,30,0,30,元大-東泰,2023-05-22,9817
00680L,元大美債20正2,26,0,26,元大-東泰,2023-05-22,9817
00635U,期元大S＆P黃金,25,0,25,元大-東泰,2023-05-22,9817
5531,鄉林,29,6,23,元大-東泰,2023-05-22,9817
1789,神隆,23,0,23,元大-東泰,2023-05-22,9817
6203,海韻電,23,2,21,元大-東泰,2023-05-22,9817
00905,FT臺灣Smart,20,0,20,元大-東泰,2023-05-22,9817
9944,新麗,20,0,20,元大-東泰,2023-05-22,9817
2886,兆豐金,29,10,19,元大-東泰,2023-05-22,9817
1529,樂事綠能,34,15,19,元大-東泰,2023-05-22,9817
5465,富驊,21,2,19,元大-東泰,2023-05-22,9817
3576,聯合再生,20,2,18,元大-東泰,2023-05-22,9817
4513,福裕,21,5,16,元大-東泰,2023-05-22,9817
6167,久正,17,2,15,元大-東泰,2023-05-22,9817
3027,盛達,14,0,14,元大-東泰,2023-05-22,9817
1514,亞力,57,43,14,元大-東泰,2023-05-22,9817
00878,國泰永續高股息,35,21,14,元大-東泰,2023-05-22,9817
6112,邁達特,26,13,13,元大-東泰,2023-05-22,9817
1605,華新,20,8,12,元大-東泰,2023-05-22,9817
4532,瑞智,12,0,12,元大-東泰,2023-05-22,9817
8426,紅木-KY,13,1,12,元大-東泰,2023-05-22,9817
2356,英業達,12,0,12,元大-東泰,2023-05-22,9817
8046,南電,18,6,12,元大-東泰,2023-05-22,9817
00679B,元大美債20年,77,66,11,元大-東泰,2023-05-22,9817
2439,美律,12,1,11,元大-東泰,2023-05-22,9817
8358,金居,13,3,10,元大-東泰,2023-05-22,9817
00919,群益台灣精選高息,10,0,10,元大-東泰,2023-05-22,9817
3231,緯創,21,11,10,元大-東泰,2023-05-22,9817
2352,佳世達,13,3,10,元大-東泰,2023-05-22,9817
00882,中信中國高股息,10,0,10,元大-東泰,2023-05-22,9817
0056,元大高股息,14,5,9,元大-東泰,2023-05-22,9817
3033,威健,9,0,9,元大-東泰,2023-05-22,9817
2371,大同,9,0,9,元大-東泰,2023-05-22,9817
8085,福華,9,0,9,元大-東泰,2023-05-22,9817
2337,旺宏,11,2,9,元大-東泰,2023-05-22,9817
2313,華通,12,4,8,元大-東泰,2023-05-22,9817
00690,兆豐藍籌30,8,0,8,元大-東泰,2023-05-22,9817
00720B,元大投資級公司債,7,0,7,元大-東泰,2023-05-22,9817
2618,長榮航,197,91,106,元大-東泰,2023-05-23,9817
6112,邁達特,138,67,71,元大-東泰,2023-05-23,9817
00687B,國泰20年美債,65,0,65,元大-東泰,2023-05-23,9817
5531,鄉林,114,49,65,元大-東泰,2023-05-23,9817
1609,大亞,68,10,58,元大-東泰,2023-05-23,9817
2409,友達,62,12,50,元大-東泰,2023-05-23,9817
00706L,期元大S＆P日圓正2,50,0,50,元大-東泰,2023-05-23,9817
00885,富邦越南,50,1,49,元大-東泰,2023-05-23,9817
1513,中興電,63,17,46,元大-東泰,2023-05-23,9817
00637L,元大滬深300正2,49,3,46,元大-東泰,2023-05-23,9817
2303,聯電,49,5,44,元大-東泰,2023-05-23,9817
2610,華航,72,34,38,元大-東泰,2023-05-23,9817
2399,映泰,49,14,35,元大-東泰,2023-05-23,9817
00751B,元大AAA至A公司債,33,0,33,元大-東泰,2023-05-23,9817
1219,福壽,25,0,25,元大-東泰,2023-05-23,9817
00878,國泰永續高股息,65,41,24,元大-東泰,2023-05-23,9817
3029,零壹,30,7,23,元大-東泰,2023-05-23,9817
3481,群創,60,38,22,元大-東泰,2023-05-23,9817
2427,三商電,29,7,22,元大-東泰,2023-05-23,9817
6214,精誠,21,0,21,元大-東泰,2023-05-23,9817
2022,聚亨,21,0,21,元大-東泰,2023-05-23,9817
6821,聯寶,28,8,20,元大-東泰,2023-05-23,9817
2486,一詮,25,5,20,元大-東泰,2023-05-23,9817
2459,敦吉,19,0,19,元大-東泰,2023-05-23,9817
2313,華通,19,1,18,元大-東泰,2023-05-23,9817
1701,中化,18,0,18,元大-東泰,2023-05-23,9817
2601,益航,18,0,18,元大-東泰,2023-05-23,9817
3715,定穎投控,18,3,15,元大-東泰,2023-05-23,9817
3022,威強電,15,1,14,元大-東泰,2023-05-23,9817
2851,中再保,50,36,14,元大-東泰,2023-05-23,9817
00680L,元大美債20正2,13,0,13,元大-東泰,2023-05-23,9817
6689,伊雲谷,12,0,12,元大-東泰,2023-05-23,9817
2442,新美齊,96,84,12,元大-東泰,2023-05-23,9817
2609,陽明,10,0,10,元大-東泰,2023-05-23,9817
00882,中信中國高股息,25,15,10,元大-東泰,2023-05-23,9817
9943,好樂迪,12,2,10,元大-東泰,2023-05-23,9817
1467,南緯,10,0,10,元大-東泰,2023-05-23,9817
6175,立敦,10,0,10,元大-東泰,2023-05-23,9817
00847B,中信美國市政債,10,0,10,元大-東泰,2023-05-23,9817
8440,綠電,10,0,10,元大-東泰,2023-05-23,9817
6133,金橋,10,0,10,元大-東泰,2023-05-23,9817
912000,晨訊科-DR,10,0,10,元大-東泰,2023-05-23,9817
1589,永冠-KY,10,0,10,元大-東泰,2023-05-23,9817
6139,亞翔,13,3,10,元大-東泰,2023-05-23,9817
6185,幃翔,10,0,10,元大-東泰,2023-05-23,9817
2103,台橡,9,0,9,元大-東泰,2023-05-23,9817
3682,亞太電,10,1,9,元大-東泰,2023-05-23,9817
1514,亞力,53,44,9,元大-東泰,2023-05-23,9817
5340,建榮,9,0,9,元大-東泰,2023-05-23,9817
6806,森崴能源,12,3,9,元大-東泰,2023-05-23,9817
00885,富邦越南,100,0,100,元大-東泰,2023-05-24,9817
00637L,元大滬深300正2,112,17,95,元大-東泰,2023-05-24,9817
00882,中信中國高股息,57,0,57,元大-東泰,2023-05-24,9817
4402,郡都開發,57,0,57,元大-東泰,2023-05-24,9817
1101,台泥,58,6,52,元大-東泰,2023-05-24,9817
2617,台航,40,2,38,元大-東泰,2023-05-24,9817
1785,光洋科,55,19,36,元大-東泰,2023-05-24,9817
00687B,國泰20年美債,32,1,31,元大-東泰,2023-05-24,9817
6770,力積電,31,2,29,元大-東泰,2023-05-24,9817
6821,聯寶,29,0,29,元大-東泰,2023-05-24,9817
2601,益航,30,5,25,元大-東泰,2023-05-24,9817
3363,上詮,28,5,23,元大-東泰,2023-05-24,9817
2382,廣達,38,15,23,元大-東泰,2023-05-24,9817
2353,宏��,30,8,22,元大-東泰,2023-05-24,9817
6245,立端,25,3,22,元大-東泰,2023-05-24,9817
2851,中再保,20,0,20,元大-東泰,2023-05-24,9817
00712,復華富時不動產,21,1,20,元大-東泰,2023-05-24,9817
2812,台中銀,20,0,20,元大-東泰,2023-05-24,9817
00639,富邦深100,20,0,20,元大-東泰,2023-05-24,9817
5009,榮剛,54,35,19,元大-東泰,2023-05-24,9817
2606,裕民,19,0,19,元大-東泰,2023-05-24,9817
00632R,元大台灣50反1,60,42,18,元大-東泰,2023-05-24,9817
00772B,中信高評級公司債,17,0,17,元大-東泰,2023-05-24,9817
1513,中興電,24,8,16,元大-東泰,2023-05-24,9817
2603,長榮,23,7,16,元大-東泰,2023-05-24,9817
3205,佰研,24,9,15,元大-東泰,2023-05-24,9817
2482,連宇,18,3,15,元大-東泰,2023-05-24,9817
4915,致伸,15,0,15,元大-東泰,2023-05-24,9817
6535,順藥,17,2,15,元大-東泰,2023-05-24,9817
6191,精成科,20,6,14,元大-東泰,2023-05-24,9817
1701,中化,13,0,13,元大-東泰,2023-05-24,9817
6016,康和證,12,0,12,元大-東泰,2023-05-24,9817
6139,亞翔,12,0,12,元大-東泰,2023-05-24,9817
2002,中鋼,12,1,11,元大-東泰,2023-05-24,9817
00680L,元大美債20正2,11,0,11,元大-東泰,2023-05-24,9817
2444,兆勁,15,5,10,元大-東泰,2023-05-24,9817
1710,東聯,10,0,10,元大-東泰,2023-05-24,9817
4173,久裕,10,0,10,元大-東泰,2023-05-24,9817
3265,台星科,10,0,10,元大-東泰,2023-05-24,9817
00908,富邦入息REITs+,10,0,10,元大-東泰,2023-05-24,9817
6441,廣錠,10,0,10,元大-東泰,2023-05-24,9817
1409,新纖,10,0,10,元大-東泰,2023-05-24,9817
3715,定穎投控,12,3,9,元大-東泰,2023-05-24,9817
2486,一詮,11,2,9,元大-東泰,2023-05-24,9817
1616,億泰,9,0,9,元大-東泰,2023-05-24,9817
2014,中鴻,11,2,9,元大-東泰,2023-05-24,9817
00633L,富邦上証正2,9,0,9,元大-東泰,2023-05-24,9817
6596,寬宏藝術,40,31,9,元大-東泰,2023-05-24,9817
8097,常珵,9,0,9,元大-東泰,2023-05-24,9817
5371,中光電,9,1,8,元大-東泰,2023-05-24,9817
2618,長榮航,246,96,150,元大-東泰,2023-05-25,9817
4402,郡都開發,146,0,146,元大-東泰,2023-05-25,9817
00637L,元大滬深300正2,142,10,132,元大-東泰,2023-05-25,9817
1504,東元,131,47,84,元大-東泰,2023-05-25,9817
2617,台航,83,0,83,元大-東泰,2023-05-25,9817
1337,再生-KY,61,0,61,元大-東泰,2023-05-25,9817
00712,復華富時不動產,59,0,59,元大-東泰,2023-05-25,9817
00632R,元大台灣50反1,60,5,55,元大-東泰,2023-05-25,9817
00882,中信中國高股息,61,13,48,元大-東泰,2023-05-25,9817
00751B,元大AAA至A公司債,47,0,47,元大-東泰,2023-05-25,9817
1609,大亞,78,34,44,元大-東泰,2023-05-25,9817
00674R,期元大S＆P黃金反1,40,0,40,元大-東泰,2023-05-25,9817
912000,晨訊科-DR,35,0,35,元大-東泰,2023-05-25,9817
1513,中興電,54,19,35,元大-東泰,2023-05-25,9817
00679B,元大美債20年,33,3,30,元大-東泰,2023-05-25,9817
6116,彩晶,30,0,30,元大-東泰,2023-05-25,9817
2881,富邦金,32,4,28,元大-東泰,2023-05-25,9817
2402,毅嘉,28,0,28,元大-東泰,2023-05-25,9817
2883,凱基金,29,2,27,元大-東泰,2023-05-25,9817
2880,華南金,26,1,25,元大-東泰,2023-05-25,9817
00680L,元大美債20正2,25,0,25,元大-東泰,2023-05-25,9817
1313,聯成,23,0,23,元大-東泰,2023-05-25,9817
2314,台揚,22,0,22,元大-東泰,2023-05-25,9817
6282,康舒,32,10,22,元大-東泰,2023-05-25,9817
8222,寶一,24,3,21,元大-東泰,2023-05-25,9817
2002,中鋼,51,31,20,元大-東泰,2023-05-25,9817
4157,太景*-KY,20,0,20,元大-東泰,2023-05-25,9817
00639,富邦深100,20,0,20,元大-東泰,2023-05-25,9817
3419,譁裕,23,3,20,元大-東泰,2023-05-25,9817
1905,華紙,43,24,19,元大-東泰,2023-05-25,9817
5285,界霖,20,1,19,元大-東泰,2023-05-25,9817
00687B,國泰20年美債,21,3,18,元大-東泰,2023-05-25,9817
2609,陽明,19,2,17,元大-東泰,2023-05-25,9817
3005,神基,18,1,17,元大-東泰,2023-05-25,9817
1605,華新,30,13,17,元大-東泰,2023-05-25,9817
2485,兆赫,16,0,16,元大-東泰,2023-05-25,9817
2344,華邦電,30,15,15,元大-東泰,2023-05-25,9817
2427,三商電,15,0,15,元大-東泰,2023-05-25,9817
2882,國泰金,16,1,15,元大-東泰,2023-05-25,9817
5905,南仁湖,15,0,15,元大-東泰,2023-05-25,9817
3046,建��,15,0,15,元大-東泰,2023-05-25,9817
3071,協禧,21,6,15,元大-東泰,2023-05-25,9817
3078,僑威,19,5,14,元大-東泰,2023-05-25,9817
00772B,中信高評級公司債,13,0,13,元大-東泰,2023-05-25,9817
00753L,中信中國50正2,23,10,13,元大-東泰,2023-05-25,9817
3338,泰碩,13,0,13,元大-東泰,2023-05-25,9817
2705,六福,13,0,13,元大-東泰,2023-05-25,9817
2201,裕隆,20,7,13,元大-東泰,2023-05-25,9817
00676R,富邦臺灣加權反1,13,0,13,元大-東泰,2023-05-25,9817
5701,劍湖山,12,0,12,元大-東泰,2023-05-25,9817
2323,中環,568,19,549,元大-東泰,2023-05-26,9817
00632R,元大台灣50反1,288,10,278,元大-東泰,2023-05-26,9817
00673R,期元大S＆P原油反1,120,3,117,元大-東泰,2023-05-26,9817
3481,群創,100,22,78,元大-東泰,2023-05-26,9817
00637L,元大滬深300正2,101,49,52,元大-東泰,2023-05-26,9817
2409,友達,54,4,50,元大-東泰,2023-05-26,9817
4402,郡都開發,44,0,44,元大-東泰,2023-05-26,9817
3231,緯創,158,115,43,元大-東泰,2023-05-26,9817
2606,裕民,58,20,38,元大-東泰,2023-05-26,9817
2382,廣達,53,18,35,元大-東泰,2023-05-26,9817
2851,中再保,35,0,35,元大-東泰,2023-05-26,9817
1314,中石化,37,3,34,元大-東泰,2023-05-26,9817
2834,臺企銀,31,0,31,元大-東泰,2023-05-26,9817
00665L,富邦�琤肭磪囓�2,30,0,30,元大-東泰,2023-05-26,9817
4157,太景*-KY,30,0,30,元大-東泰,2023-05-26,9817
2371,大同,36,6,30,元大-東泰,2023-05-26,9817
4977,眾達-KY,27,0,27,元大-東泰,2023-05-26,9817
00751B,元大AAA至A公司債,27,0,27,元大-東泰,2023-05-26,9817
4564,元翎,33,7,26,元大-東泰,2023-05-26,9817
2617,台航,28,2,26,元大-東泰,2023-05-26,9817
00680L,元大美債20正2,25,0,25,元大-東泰,2023-05-26,9817
2634,漢翔,44,20,24,元大-東泰,2023-05-26,9817
2637,慧洋-KY,24,1,23,元大-東泰,2023-05-26,9817
00882,中信中國高股息,26,4,22,元大-東泰,2023-05-26,9817
3591,艾笛森,21,1,20,元大-東泰,2023-05-26,9817
2801,彰銀,20,0,20,元大-東泰,2023-05-26,9817
00712,復華富時不動產,30,10,20,元大-東泰,2023-05-26,9817
1467,南緯,20,0,20,元大-東泰,2023-05-26,9817
00639,富邦深100,20,0,20,元大-東泰,2023-05-26,9817
3596,智易,20,0,20,元大-東泰,2023-05-26,9817
6153,嘉聯益,20,0,20,元大-東泰,2023-05-26,9817
00847B,中信美國市政債,20,0,20,元大-東泰,2023-05-26,9817
00772B,中信高評級公司債,19,0,19,元大-東泰,2023-05-26,9817
00679B,元大美債20年,22,3,19,元大-東泰,2023-05-26,9817
2344,華邦電,23,5,18,元大-東泰,2023-05-26,9817
6535,順藥,19,1,18,元大-東泰,2023-05-26,9817
1905,華紙,20,3,17,元大-東泰,2023-05-26,9817
4915,致伸,22,5,17,元大-東泰,2023-05-26,9817
2883,凱基金,16,1,15,元大-東泰,2023-05-26,9817
3047,訊舟,15,0,15,元大-東泰,2023-05-26,9817
8421,旭源,15,0,15,元大-東泰,2023-05-26,9817
2369,菱生,15,0,15,元大-東泰,2023-05-26,9817
6282,康舒,19,4,15,元大-東泰,2023-05-26,9817
2888,新光金,15,0,15,元大-東泰,2023-05-26,9817
3037,欣興,46,32,14,元大-東泰,2023-05-26,9817
1609,大亞,35,21,14,元大-東泰,2023-05-26,9817
6177,達麗,19,6,13,元大-東泰,2023-05-26,9817
6414,樺漢,15,2,13,元大-東泰,2023-05-26,9817
00690,兆豐藍籌30,13,0,13,元大-東泰,2023-05-26,9817
2498,宏達電,16,3,13,元大-東泰,2023-05-26,9817
4402,郡都開發,150,0,150,元大-東泰,2023-05-29,9817
00688L,國泰20年美債正2,115,0,115,元大-東泰,2023-05-29,9817
2618,長榮航,218,117,101,元大-東泰,2023-05-29,9817
00671R,富邦NASDAQ反1,100,0,100,元大-東泰,2023-05-29,9817
00878,國泰永續高股息,155,93,62,元大-東泰,2023-05-29,9817
912000,晨訊科-DR,45,0,45,元大-東泰,2023-05-29,9817
2453,凌群,45,1,44,元大-東泰,2023-05-29,9817
0056,元大高股息,65,22,43,元大-東泰,2023-05-29,9817
00639,富邦深100,42,0,42,元大-東泰,2023-05-29,9817
2371,大同,59,24,35,元大-東泰,2023-05-29,9817
3231,緯創,139,105,34,元大-東泰,2023-05-29,9817
2880,華南金,41,8,33,元大-東泰,2023-05-29,9817
2103,台橡,35,2,33,元大-東泰,2023-05-29,9817
2425,承啟,63,31,32,元大-東泰,2023-05-29,9817
00795B,中信美國公債20年,31,0,31,元大-東泰,2023-05-29,9817
3164,景岳,30,0,30,元大-東泰,2023-05-29,9817
2482,連宇,32,5,27,元大-東泰,2023-05-29,9817
1460,宏遠,37,12,25,元大-東泰,2023-05-29,9817
2002,中鋼,38,17,21,元大-東泰,2023-05-29,9817
4960,誠美材,21,0,21,元大-東泰,2023-05-29,9817
00899,FT潔淨能源,20,0,20,元大-東泰,2023-05-29,9817
5703,亞都,20,0,20,元大-東泰,2023-05-29,9817
8059,凱碩,20,0,20,元大-東泰,2023-05-29,9817
3706,神達,55,36,19,元大-東泰,2023-05-29,9817
8081,致新,19,0,19,元大-東泰,2023-05-29,9817
8085,福華,20,1,19,元大-東泰,2023-05-29,9817
4956,光鋐,17,0,17,元大-東泰,2023-05-29,9817
1101,台泥,19,2,17,元大-東泰,2023-05-29,9817
00882,中信中國高股息,20,4,16,元大-東泰,2023-05-29,9817
2897,王道銀行,15,0,15,元大-東泰,2023-05-29,9817
2399,映泰,23,8,15,元大-東泰,2023-05-29,9817
00772B,中信高評級公司債,13,0,13,元大-東泰,2023-05-29,9817
00902,中信電池及儲能,13,0,13,元大-東泰,2023-05-29,9817
2431,聯昌,24,11,13,元大-東泰,2023-05-29,9817
6112,邁達特,30,17,13,元大-東泰,2023-05-29,9817
00679B,元大美債20年,12,0,12,元大-東泰,2023-05-29,9817
5328,華容,22,10,12,元大-東泰,2023-05-29,9817
3037,欣興,23,11,12,元大-東泰,2023-05-29,9817
3046,建��,13,1,12,元大-東泰,2023-05-29,9817
00673R,期元大S＆P原油反1,12,0,12,元大-東泰,2023-05-29,9817
8028,昇陽半導體,12,0,12,元大-東泰,2023-05-29,9817
5309,系統電,11,0,11,元大-東泰,2023-05-29,9817
00885,富邦越南,11,0,11,元大-東泰,2023-05-29,9817
3508,位速,12,1,11,元大-東泰,2023-05-29,9817
2611,志信,17,6,11,元大-東泰,2023-05-29,9817
8046,南電,20,9,11,元大-東泰,2023-05-29,9817
00713,元大台灣高息低波,11,0,11,元大-東泰,2023-05-29,9817
3711,日月光投控,13,3,10,元大-東泰,2023-05-29,9817
2354,鴻準,10,0,10,元大-東泰,2023-05-29,9817
3708,上緯投控,10,0,10,元大-東泰,2023-05-29,9817
2618,長榮航,259,64,195,元大-東泰,2023-05-30,9817
2323,中環,184,4,180,元大-東泰,2023-05-30,9817
00715L,期街口布蘭特正2,108,3,105,元大-東泰,2023-05-30,9817
2368,金像電,105,3,102,元大-東泰,2023-05-30,9817
1784,訊聯,100,0,100,元大-東泰,2023-05-30,9817
2356,英業達,118,55,63,元大-東泰,2023-05-30,9817
2834,臺企銀,63,1,62,元大-東泰,2023-05-30,9817
5531,鄉林,59,6,53,元大-東泰,2023-05-30,9817
00639,富邦深100,44,0,44,元大-東泰,2023-05-30,9817
3706,神達,48,5,43,元大-東泰,2023-05-30,9817
00632R,元大台灣50反1,53,10,43,元大-東泰,2023-05-30,9817
4919,新唐,65,24,41,元大-東泰,2023-05-30,9817
9907,統一實,36,0,36,元大-東泰,2023-05-30,9817
3032,偉訓,64,30,34,元大-東泰,2023-05-30,9817
2371,大同,77,44,33,元大-東泰,2023-05-30,9817
00637L,元大滬深300正2,63,30,33,元大-東泰,2023-05-30,9817
2888,新光金,35,3,32,元大-東泰,2023-05-30,9817
2634,漢翔,38,11,27,元大-東泰,2023-05-30,9817
1314,中石化,32,6,26,元大-東泰,2023-05-30,9817
00882,中信中國高股息,25,0,25,元大-東泰,2023-05-30,9817
3231,緯創,79,54,25,元大-東泰,2023-05-30,9817
1609,大亞,26,2,24,元大-東泰,2023-05-30,9817
5328,華容,23,0,23,元大-東泰,2023-05-30,9817
0056,元大高股息,42,19,23,元大-東泰,2023-05-30,9817
1303,南亞,22,0,22,元大-東泰,2023-05-30,9817
2002,中鋼,55,33,22,元大-東泰,2023-05-30,9817
1312,國喬,21,0,21,元大-東泰,2023-05-30,9817
3481,群創,33,13,20,元大-東泰,2023-05-30,9817
6282,康舒,25,5,20,元大-東泰,2023-05-30,9817
2399,映泰,18,1,17,元大-東泰,2023-05-30,9817
3033,威健,21,4,17,元大-東泰,2023-05-30,9817
4402,郡都開發,17,0,17,元大-東泰,2023-05-30,9817
2382,廣達,41,25,16,元大-東泰,2023-05-30,9817
2103,台橡,15,0,15,元大-東泰,2023-05-30,9817
4960,誠美材,15,0,15,元大-東泰,2023-05-30,9817
2401,凌陽,15,0,15,元大-東泰,2023-05-30,9817
2615,萬海,15,0,15,元大-東泰,2023-05-30,9817
6112,邁達特,21,6,15,元大-東泰,2023-05-30,9817
2329,華泰,16,1,15,元大-東泰,2023-05-30,9817
2388,威盛,19,5,14,元大-東泰,2023-05-30,9817
1301,台塑,21,8,13,元大-東泰,2023-05-30,9817
1710,東聯,13,0,13,元大-東泰,2023-05-30,9817
3518,柏騰,15,2,13,元大-東泰,2023-05-30,9817
00712,復華富時不動產,12,0,12,元大-東泰,2023-05-30,9817
5285,界霖,12,0,12,元大-東泰,2023-05-30,9817
3031,佰鴻,13,1,12,元大-東泰,2023-05-30,9817
6477,安集,11,0,11,元大-東泰,2023-05-30,9817
8927,北基,11,0,11,元大-東泰,2023-05-30,9817
8076,伍豐,12,1,11,元大-東泰,2023-05-30,9817
00901,永豐智能車供應鏈,11,0,11,元大-東泰,2023-05-30,9817
912000,晨訊科-DR,196,0,196,元大-東泰,2023-05-31,9817
00715L,期街口布蘭特正2,92,0,92,元大-東泰,2023-05-31,9817
2809,京城銀,63,0,63,元大-東泰,2023-05-31,9817
00637L,元大滬深300正2,95,39,56,元大-東泰,2023-05-31,9817
2618,長榮航,125,73,52,元大-東泰,2023-05-31,9817
2201,裕隆,62,11,51,元大-東泰,2023-05-31,9817
8358,金居,57,6,51,元大-東泰,2023-05-31,9817
00882,中信中國高股息,41,1,40,元大-東泰,2023-05-31,9817
0056,元大高股息,40,2,38,元大-東泰,2023-05-31,9817
4402,郡都開發,38,0,38,元大-東泰,2023-05-31,9817
6288,聯嘉,35,0,35,元大-東泰,2023-05-31,9817
2103,台橡,31,0,31,元大-東泰,2023-05-31,9817
00665L,富邦�琤肭磪囓�2,30,0,30,元大-東泰,2023-05-31,9817
1101,台泥,28,0,28,元大-東泰,2023-05-31,9817
00642U,期元大S＆P石油,26,0,26,元大-東泰,2023-05-31,9817
00639,富邦深100,26,0,26,元大-東泰,2023-05-31,9817
2449,京元電子,29,8,21,元大-東泰,2023-05-31,9817
6257,矽格,26,5,21,元大-東泰,2023-05-31,9817
2356,英業達,28,8,20,元大-東泰,2023-05-31,9817
2883,凱基金,22,2,20,元大-東泰,2023-05-31,9817
3032,偉訓,20,1,19,元大-東泰,2023-05-31,9817
3540,曜越,20,3,17,元大-東泰,2023-05-31,9817
2027,大成鋼,16,0,16,元大-東泰,2023-05-31,9817
4960,誠美材,16,0,16,元大-東泰,2023-05-31,9817
2891,中信金,19,4,15,元大-東泰,2023-05-31,9817
00631L,元大台灣50正2,15,0,15,元大-東泰,2023-05-31,9817
2845,遠東銀,14,0,14,元大-東泰,2023-05-31,9817
2883B,凱基金乙特,14,0,14,元大-東泰,2023-05-31,9817
5531,鄉林,14,0,14,元大-東泰,2023-05-31,9817
2317,鴻海,34,20,14,元大-東泰,2023-05-31,9817
3049,精金,14,1,13,元大-東泰,2023-05-31,9817
2801,彰銀,12,0,12,元大-東泰,2023-05-31,9817
2634,漢翔,20,8,12,元大-東泰,2023-05-31,9817
00679B,元大美債20年,11,0,11,元大-東泰,2023-05-31,9817
2399,映泰,21,10,11,元大-東泰,2023-05-31,9817
2486,一詮,11,0,11,元大-東泰,2023-05-31,9817
2609,陽明,14,3,11,元大-東泰,2023-05-31,9817
00902,中信電池及儲能,10,0,10,元大-東泰,2023-05-31,9817
8927,北基,10,0,10,元大-東泰,2023-05-31,9817
3504,揚明光,10,0,10,元大-東泰,2023-05-31,9817
5905,南仁湖,10,0,10,元大-東泰,2023-05-31,9817
00712,復華富時不動產,10,0,10,元大-東泰,2023-05-31,9817
6169,昱泉,10,0,10,元大-東泰,2023-05-31,9817
6118,建達,10,0,10,元大-東泰,2023-05-31,9817
5386,青雲,13,3,10,元大-東泰,2023-05-31,9817
5876,上海商銀,12,3,9,元大-東泰,2023-05-31,9817
2880,華南金,11,2,9,元大-東泰,2023-05-31,9817
00680L,元大美債20正2,29,20,9,元大-東泰,2023-05-31,9817
1907,永豐餘,9,0,9,元大-東泰,2023-05-31,9817
2886,兆豐金,9,0,9,元大-東泰,2023-05-31,9817
00715L,期街口布蘭特正2,554,3,551,元大-東泰,2023-06-01,9817
2618,長榮航,367,201,166,元大-東泰,2023-06-01,9817
2885,元大金,169,4,165,元大-東泰,2023-06-01,9817
2201,裕隆,144,33,111,元大-東泰,2023-06-01,9817
2323,中環,113,18,95,元大-東泰,2023-06-01,9817
2409,友達,95,8,87,元大-東泰,2023-06-01,9817
1314,中石化,86,10,76,元大-東泰,2023-06-01,9817
3062,建漢,70,0,70,元大-東泰,2023-06-01,9817
2881,富邦金,49,0,49,元大-東泰,2023-06-01,9817
5498,凱崴,43,0,43,元大-東泰,2023-06-01,9817
2892,第一金,38,0,38,元大-東泰,2023-06-01,9817
2303,聯電,57,22,35,元大-東泰,2023-06-01,9817
2449,京元電子,31,3,28,元大-東泰,2023-06-01,9817
3260,威剛,28,0,28,元大-東泰,2023-06-01,9817
1101,台泥,28,2,26,元大-東泰,2023-06-01,9817
00642U,期元大S＆P石油,25,0,25,元大-東泰,2023-06-01,9817
00882,中信中國高股息,29,4,25,元大-東泰,2023-06-01,9817
00772B,中信高評級公司債,21,0,21,元大-東泰,2023-06-01,9817
3380,明泰,21,1,20,元大-東泰,2023-06-01,9817
2356,英業達,25,6,19,元大-東泰,2023-06-01,9817
00679B,元大美債20年,18,0,18,元大-東泰,2023-06-01,9817
6163,華電網,22,4,18,元大-東泰,2023-06-01,9817
1525,江申,19,1,18,元大-東泰,2023-06-01,9817
1605,華新,34,16,18,元大-東泰,2023-06-01,9817
3013,晟銘電,39,22,17,元大-東泰,2023-06-01,9817
5512,力麒,19,2,17,元大-東泰,2023-06-01,9817
1711,永光,23,6,17,元大-東泰,2023-06-01,9817
6625,必應,17,0,17,元大-東泰,2023-06-01,9817
2482,連宇,27,10,17,元大-東泰,2023-06-01,9817
4564,元翎,28,12,16,元大-東泰,2023-06-01,9817
2630,亞航,25,10,15,元大-東泰,2023-06-01,9817
6188,廣明,32,16,16,元大-東泰,2023-06-01,9817
6005,群益證,15,0,15,元大-東泰,2023-06-01,9817
3202,樺晟,15,0,15,元大-東泰,2023-06-01,9817
6235,華孚,27,13,14,元大-東泰,2023-06-01,9817
2427,三商電,21,8,13,元大-東泰,2023-06-01,9817
00878,國泰永續高股息,29,16,13,元大-東泰,2023-06-01,9817
00895,富邦未來車,12,0,12,元大-東泰,2023-06-01,9817
8271,宇瞻,19,7,12,元大-東泰,2023-06-01,9817
3038,全台,18,6,12,元大-東泰,2023-06-01,9817
3163,波若威,18,6,12,元大-東泰,2023-06-01,9817
8210,勤誠,12,0,12,元大-東泰,2023-06-01,9817
00720B,元大投資級公司債,12,1,11,元大-東泰,2023-06-01,9817
1727,中華化,11,0,11,元大-東泰,2023-06-01,9817
2399,映泰,14,3,11,元大-東泰,2023-06-01,9817
8996,高力,32,21,11,元大-東泰,2023-06-01,9817
8926,台汽電,16,6,10,元大-東泰,2023-06-01,9817
00639,富邦深100,10,0,10,元大-東泰,2023-06-01,9817
3272,東碩,10,0,10,元大-東泰,2023-06-01,9817
2867,三商壽,10,0,10,元大-東泰,2023-06-01,9817
2618,長榮航,293,153,140,元大-東泰,2023-06-02,9817
00679B,元大美債20年,111,0,111,元大-東泰,2023-06-02,9817
1905,華紙,183,79,104,元大-東泰,2023-06-02,9817
00637L,元大滬深300正2,148,49,99,元大-東泰,2023-06-02,9817
00673R,期元大S＆P原油反1,60,0,60,元大-東泰,2023-06-02,9817
2317,鴻海,86,27,59,元大-東泰,2023-06-02,9817
3702,大聯大,60,2,58,元大-東泰,2023-06-02,9817
2356,英業達,66,12,54,元大-東泰,2023-06-02,9817
00683L,期元大美元指正2,48,0,48,元大-東泰,2023-06-02,9817
6026,福邦證,43,0,43,元大-東泰,2023-06-02,9817
00885,富邦越南,50,13,37,元大-東泰,2023-06-02,9817
3005,神基,64,27,37,元大-東泰,2023-06-02,9817
3706,神達,80,44,36,元大-東泰,2023-06-02,9817
2371,大同,54,18,36,元大-東泰,2023-06-02,9817
4402,郡都開發,30,0,30,元大-東泰,2023-06-02,9817
2302,麗正,30,0,30,元大-東泰,2023-06-02,9817
00687B,國泰20年美債,28,0,28,元大-東泰,2023-06-02,9817
00712,復華富時不動產,32,4,28,元大-東泰,2023-06-02,9817
2439,美律,30,3,27,元大-東泰,2023-06-02,9817
2891,中信金,26,0,26,元大-東泰,2023-06-02,9817
4915,致伸,26,0,26,元大-東泰,2023-06-02,9817
00635U,期元大S＆P黃金,24,0,24,元大-東泰,2023-06-02,9817
8059,凱碩,21,0,21,元大-東泰,2023-06-02,9817
3252,海灣,20,0,20,元大-東泰,2023-06-02,9817
2637,慧洋-KY,20,0,20,元大-東泰,2023-06-02,9817
1513,中興電,42,24,18,元大-東泰,2023-06-02,9817
1504,東元,74,56,18,元大-東泰,2023-06-02,9817
3673,TPK-KY,17,0,17,元大-東泰,2023-06-02,9817
2913,農林,19,3,16,元大-東泰,2023-06-02,9817
6160,欣技,25,9,16,元大-東泰,2023-06-02,9817
2929,淘帝-KY,15,0,15,元大-東泰,2023-06-02,9817
00919,群益台灣精選高息,15,0,15,元大-東泰,2023-06-02,9817
2337,旺宏,15,1,14,元大-東泰,2023-06-02,9817
6443,元晶,23,9,14,元大-東泰,2023-06-02,9817
6668,中揚光,14,0,14,元大-東泰,2023-06-02,9817
3260,威剛,15,2,13,元大-東泰,2023-06-02,9817
3058,立德,20,7,13,元大-東泰,2023-06-02,9817
1727,中華化,17,4,13,元大-東泰,2023-06-02,9817
2603,長榮,15,2,13,元大-東泰,2023-06-02,9817
4523,永彰,15,3,12,元大-東泰,2023-06-02,9817
5351,鈺創,14,2,12,元大-東泰,2023-06-02,9817
3596,智易,13,1,12,元大-東泰,2023-06-02,9817
2103,台橡,12,0,12,元大-東泰,2023-06-02,9817
2701,萬企,12,1,11,元大-東泰,2023-06-02,9817
8088,品安,11,0,11,元大-東泰,2023-06-02,9817
4533,協易機,11,0,11,元大-東泰,2023-06-02,9817
3704,合勤控,11,0,11,元大-東泰,2023-06-02,9817
8048,德勝,11,0,11,元大-東泰,2023-06-02,9817
6266,泰詠,11,0,11,元大-東泰,2023-06-02,9817
5474,聰泰,11,0,11,元大-東泰,2023-06-02,9817
2323,中環,852,129,723,元大-東泰,2023-06-05,9817
1714,和桐,183,11,172,元大-東泰,2023-06-05,9817
00885,富邦越南,160,1,159,元大-東泰,2023-06-05,9817
00679B,元大美債20年,116,2,114,元大-東泰,2023-06-05,9817
00712,復華富時不動產,111,5,106,元大-東泰,2023-06-05,9817
00637L,元大滬深300正2,107,15,92,元大-東泰,2023-06-05,9817
2431,聯昌,55,0,55,元大-東泰,2023-06-05,9817
6147,頎邦,52,6,46,元大-東泰,2023-06-05,9817
6282,康舒,68,25,43,元大-東泰,2023-06-05,9817
00772B,中信高評級公司債,32,0,32,元大-東泰,2023-06-05,9817
00919,群益台灣精選高息,33,2,31,元大-東泰,2023-06-05,9817
6244,茂迪,32,2,30,元大-東泰,2023-06-05,9817
2006,東和鋼鐵,29,0,29,元大-東泰,2023-06-05,9817
2382,廣達,36,8,28,元大-東泰,2023-06-05,9817
00633L,富邦上証正2,28,0,28,元大-東泰,2023-06-05,9817
3706,神達,34,7,27,元大-東泰,2023-06-05,9817
2603,長榮,32,6,26,元大-東泰,2023-06-05,9817
0056,元大高股息,30,5,25,元大-東泰,2023-06-05,9817
00680L,元大美債20正2,25,0,25,元大-東泰,2023-06-05,9817
3702,大聯大,25,0,25,元大-東泰,2023-06-05,9817
2472,立隆電,25,0,25,元大-東泰,2023-06-05,9817
00878,國泰永續高股息,35,12,23,元大-東泰,2023-06-05,9817
2353,宏��,46,23,23,元大-東泰,2023-06-05,9817
1514,亞力,58,36,22,元大-東泰,2023-06-05,9817
2637,慧洋-KY,21,0,21,元大-東泰,2023-06-05,9817
1717,長興,21,0,21,元大-東泰,2023-06-05,9817
2303,聯電,28,7,21,元大-東泰,2023-06-05,9817
6161,捷波,20,0,20,元大-東泰,2023-06-05,9817
1515,力山,21,2,19,元大-東泰,2023-06-05,9817
6198,瑞築,18,0,18,元大-東泰,2023-06-05,9817
4906,正文,30,13,17,元大-東泰,2023-06-05,9817
2337,旺宏,28,12,16,元大-東泰,2023-06-05,9817
3093,港建*,16,0,16,元大-東泰,2023-06-05,9817
8222,寶一,49,33,16,元大-東泰,2023-06-05,9817
1810,和成,18,2,16,元大-東泰,2023-06-05,9817
2022,聚亨,26,10,16,元大-東泰,2023-06-05,9817
6214,精誠,19,3,16,元大-東泰,2023-06-05,9817
2834,臺企銀,18,3,15,元大-東泰,2023-06-05,9817
00882,中信中國高股息,41,26,15,元大-東泰,2023-06-05,9817
2427,三商電,31,16,15,元大-東泰,2023-06-05,9817
3499,環天科,15,1,14,元大-東泰,2023-06-05,9817
00687B,國泰20年美債,16,2,14,元大-東泰,2023-06-05,9817
5608,四維航,14,0,14,元大-東泰,2023-06-05,9817
00751B,元大AAA至A公司債,14,0,14,元大-東泰,2023-06-05,9817
6129,普誠,20,7,13,元大-東泰,2023-06-05,9817
5386,青雲,13,0,13,元大-東泰,2023-06-05,9817
1529,樂事綠能,36,23,13,元大-東泰,2023-06-05,9817
6188,廣明,29,16,13,元大-東泰,2023-06-05,9817
3058,立德,22,9,13,元大-東泰,2023-06-05,9817
3231,緯創,185,172,13,元大-東泰,2023-06-05,9817
00712,復華富時不動產,162,0,162,元大-東泰,2023-06-06,9817
6244,茂迪,125,1,124,元大-東泰,2023-06-06,9817
2489,瑞軒,124,3,121,元大-東泰,2023-06-06,9817
00671R,富邦NASDAQ反1,100,0,100,元大-東泰,2023-06-06,9817
2888,新光金,93,16,77,元大-東泰,2023-06-06,9817
00679B,元大美債20年,61,0,61,元大-東泰,2023-06-06,9817
6282,康舒,90,32,58,元大-東泰,2023-06-06,9817
2402,毅嘉,74,18,56,元大-東泰,2023-06-06,9817
00885,富邦越南,50,0,50,元大-東泰,2023-06-06,9817
2022,聚亨,48,0,48,元大-東泰,2023-06-06,9817
00632R,元大台灣50反1,51,10,41,元大-東泰,2023-06-06,9817
1605,華新,53,14,39,元大-東泰,2023-06-06,9817
1314,中石化,42,3,39,元大-東泰,2023-06-06,9817
2303,聯電,40,1,39,元大-東泰,2023-06-06,9817
3363,上詮,36,3,33,元大-東泰,2023-06-06,9817
6142,友勁,30,0,30,元大-東泰,2023-06-06,9817
4906,正文,31,1,30,元大-東泰,2023-06-06,9817
7402,邑錡,28,1,27,元大-東泰,2023-06-06,9817
00715L,期街口布蘭特正2,34,7,27,元大-東泰,2023-06-06,9817
4931,新盛力,30,3,27,元大-東泰,2023-06-06,9817
6214,精誠,27,0,27,元大-東泰,2023-06-06,9817
2014,中鴻,26,0,26,元大-東泰,2023-06-06,9817
3260,威剛,26,0,26,元大-東泰,2023-06-06,9817
6569,醫揚,26,0,26,元大-東泰,2023-06-06,9817
1514,亞力,51,25,26,元大-東泰,2023-06-06,9817
2461,光群雷,40,15,25,元大-東泰,2023-06-06,9817
00772B,中信高評級公司債,25,0,25,元大-東泰,2023-06-06,9817
00878,國泰永續高股息,28,3,25,元大-東泰,2023-06-06,9817
2603,長榮,27,2,25,元大-東泰,2023-06-06,9817
4919,新唐,30,6,24,元大-東泰,2023-06-06,9817
5388,中磊,24,1,23,元大-東泰,2023-06-06,9817
00713,元大台灣高息低波,24,1,23,元大-東泰,2023-06-06,9817
2486,一詮,25,5,20,元大-東泰,2023-06-06,9817
2610,華航,49,30,19,元大-東泰,2023-06-06,9817
2206,三陽工業,85,66,19,元大-東泰,2023-06-06,9817
3406,玉晶光,20,1,19,元大-東泰,2023-06-06,9817
2498,宏達電,36,18,18,元大-東泰,2023-06-06,9817
6235,華孚,27,10,17,元大-東泰,2023-06-06,9817
8046,南電,21,4,17,元大-東泰,2023-06-06,9817
2634,漢翔,27,10,17,元大-東泰,2023-06-06,9817
00639,富邦深100,16,0,16,元大-東泰,2023-06-06,9817
6026,福邦證,16,0,16,元大-東泰,2023-06-06,9817
3706,神達,21,6,15,元大-東泰,2023-06-06,9817
8210,勤誠,16,2,14,元大-東泰,2023-06-06,9817
6443,元晶,19,5,14,元大-東泰,2023-06-06,9817
3058,立德,45,31,14,元大-東泰,2023-06-06,9817
00919,群益台灣精選高息,16,2,14,元大-東泰,2023-06-06,9817
2492,華新科,14,1,13,元大-東泰,2023-06-06,9817
00795B,中信美國公債20年,13,0,13,元大-東泰,2023-06-06,9817
2208,台船,15,2,13,元大-東泰,2023-06-06,9817
2891,中信金,171,33,138,元大-東泰,2023-06-07,9817
2323,中環,312,183,129,元大-東泰,2023-06-07,9817
2610,華航,105,32,73,元大-東泰,2023-06-07,9817
5498,凱崴,75,7,68,元大-東泰,2023-06-07,9817
1104,環泥,55,0,55,元大-東泰,2023-06-07,9817
1710,東聯,54,2,52,元大-東泰,2023-06-07,9817
4533,協易機,51,0,51,元大-東泰,2023-06-07,9817
00639,富邦深100,44,0,44,元大-東泰,2023-06-07,9817
2637,慧洋-KY,40,3,37,元大-東泰,2023-06-07,9817
6244,茂迪,40,4,36,元大-東泰,2023-06-07,9817
2402,毅嘉,52,20,32,元大-東泰,2023-06-07,9817
6218,豪勉,27,1,26,元大-東泰,2023-06-07,9817
1528,恩德,25,0,25,元大-東泰,2023-06-07,9817
1220,台榮,23,0,23,元大-東泰,2023-06-07,9817
1515,力山,24,1,23,元大-東泰,2023-06-07,9817
3706,神達,22,1,21,元大-東泰,2023-06-07,9817
00772B,中信高評級公司債,20,0,20,元大-東泰,2023-06-07,9817
2426,鼎元,20,0,20,元大-東泰,2023-06-07,9817
2486,一詮,25,6,19,元大-東泰,2023-06-07,9817
3005,神基,33,14,19,元大-東泰,2023-06-07,9817
00927,群益半導體收益,18,0,18,元大-東泰,2023-06-07,9817
8046,南電,32,14,18,元大-東泰,2023-06-07,9817
1605,華新,31,14,17,元大-東泰,2023-06-07,9817
3711,日月光投控,54,37,17,元大-東泰,2023-06-07,9817
3596,智易,15,0,15,元大-東泰,2023-06-07,9817
1815,富喬,20,5,15,元大-東泰,2023-06-07,9817
2516,新建,15,0,15,元大-東泰,2023-06-07,9817
2444,兆勁,15,0,15,元大-東泰,2023-06-07,9817
2457,飛宏,47,34,13,元大-東泰,2023-06-07,9817
2614,東森,15,2,13,元大-東泰,2023-06-07,9817
00919,群益台灣精選高息,20,7,13,元大-東泰,2023-06-07,9817
2337,旺宏,14,1,13,元大-東泰,2023-06-07,9817
00878,國泰永續高股息,20,7,13,元大-東泰,2023-06-07,9817
00713,元大台灣高息低波,18,6,12,元大-東泰,2023-06-07,9817
8403,盛弘,14,2,12,元大-東泰,2023-06-07,9817
8210,勤誠,15,3,12,元大-東泰,2023-06-07,9817
00882,中信中國高股息,11,0,11,元大-東泰,2023-06-07,9817
2377,微星,15,4,11,元大-東泰,2023-06-07,9817
00642U,期元大S＆P石油,12,1,11,元大-東泰,2023-06-07,9817
3058,立德,14,3,11,元大-東泰,2023-06-07,9817
2701,萬企,15,4,11,元大-東泰,2023-06-07,9817
4960,誠美材,14,3,11,元大-東泰,2023-06-07,9817
6214,精誠,12,1,11,元大-東泰,2023-06-07,9817
00892,富邦台灣半導體,11,0,11,元大-東泰,2023-06-07,9817
8011,台通,11,0,11,元大-東泰,2023-06-07,9817
2504,國產,11,1,10,元大-東泰,2023-06-07,9817
2399,映泰,13,3,10,元大-東泰,2023-06-07,9817
5009,榮剛,39,29,10,元大-東泰,2023-06-07,9817
6680,鑫創電子,10,0,10,元大-東泰,2023-06-07,9817
1525,江申,10,0,10,元大-東泰,2023-06-07,9817
1609,大亞,441,177,264,元大-東泰,2023-06-08,9817
2323,中環,184,2,182,元大-東泰,2023-06-08,9817
5498,凱崴,110,15,95,元大-東泰,2023-06-08,9817
2344,華邦電,80,7,73,元大-東泰,2023-06-08,9817
2312,金寶,74,2,72,元大-東泰,2023-06-08,9817
5310,天剛,63,0,63,元大-東泰,2023-06-08,9817
00919,群益台灣精選高息,67,7,60,元大-東泰,2023-06-08,9817
1612,宏泰,68,9,59,元大-東泰,2023-06-08,9817
00903,富邦元宇宙,56,0,56,元大-東泰,2023-06-08,9817
00679B,元大美債20年,50,0,50,元大-東泰,2023-06-08,9817
2399,映泰,50,1,49,元大-東泰,2023-06-08,9817
00751B,元大AAA至A公司債,47,0,47,元大-東泰,2023-06-08,9817
00885,富邦越南,50,3,47,元大-東泰,2023-06-08,9817
00713,元大台灣高息低波,54,10,44,元大-東泰,2023-06-08,9817
4960,誠美材,42,3,39,元大-東泰,2023-06-08,9817
2882,國泰金,37,0,37,元大-東泰,2023-06-08,9817
1513,中興電,46,13,33,元大-東泰,2023-06-08,9817
1504,東元,48,17,31,元大-東泰,2023-06-08,9817
00772B,中信高評級公司債,31,0,31,元大-東泰,2023-06-08,9817
1905,華紙,38,9,29,元大-東泰,2023-06-08,9817
1605,華新,51,23,28,元大-東泰,2023-06-08,9817
00795B,中信美國公債20年,27,0,27,元大-東泰,2023-06-08,9817
3308,聯德,27,0,27,元大-東泰,2023-06-08,9817
2382,廣達,36,10,26,元大-東泰,2023-06-08,9817
1101,台泥,56,30,26,元大-東泰,2023-06-08,9817
8033,雷虎,26,1,25,元大-東泰,2023-06-08,9817
1568,倉佑,25,1,24,元大-東泰,2023-06-08,9817
6285,啟��,56,33,23,元大-東泰,2023-06-08,9817
2022,聚亨,26,3,23,元大-東泰,2023-06-08,9817
1524,耿鼎,54,32,22,元大-東泰,2023-06-08,9817
00720B,元大投資級公司債,22,0,22,元大-東泰,2023-06-08,9817
2881,富邦金,22,1,21,元大-東泰,2023-06-08,9817
2890,永豐金,21,0,21,元大-東泰,2023-06-08,9817
00687B,國泰20年美債,21,0,21,元大-東泰,2023-06-08,9817
00900,富邦特選高股息30,22,1,21,元大-東泰,2023-06-08,9817
00680L,元大美債20正2,21,0,21,元大-東泰,2023-06-08,9817
1618,合機,25,4,21,元大-東泰,2023-06-08,9817
3576,聯合再生,31,10,21,元大-東泰,2023-06-08,9817
3062,建漢,21,1,20,元大-東泰,2023-06-08,9817
1301,台塑,20,0,20,元大-東泰,2023-06-08,9817
2482,連宇,35,17,18,元大-東泰,2023-06-08,9817
3346,麗清,17,0,17,元大-東泰,2023-06-08,9817
8234,新漢,17,0,17,元大-東泰,2023-06-08,9817
4138,曜亞,17,0,17,元大-東泰,2023-06-08,9817
1444,力麗,89,72,17,元大-東泰,2023-06-08,9817
6282,康舒,29,13,16,元大-東泰,2023-06-08,9817
3178,公準,18,2,16,元大-東泰,2023-06-08,9817
3481,群創,58,42,16,元大-東泰,2023-06-08,9817
00639,富邦深100,16,0,16,元大-東泰,2023-06-08,9817
3711,日月光投控,22,7,15,元大-東泰,2023-06-08,9817
00929,復華台灣科技優息,185,0,185,元大-東泰,2023-06-09,9817
00673R,期元大S＆P原油反1,161,2,159,元大-東泰,2023-06-09,9817
1710,東聯,93,3,90,元大-東泰,2023-06-09,9817
3093,港建*,80,2,78,元大-東泰,2023-06-09,9817
2889,國票金,61,0,61,元大-東泰,2023-06-09,9817
00919,群益台灣精選高息,49,0,49,元大-東泰,2023-06-09,9817
5498,凱崴,49,1,48,元大-東泰,2023-06-09,9817
2458,義隆,51,3,48,元大-東泰,2023-06-09,9817
1504,東元,67,22,45,元大-東泰,2023-06-09,9817
2344,華邦電,84,44,40,元大-東泰,2023-06-09,9817
2486,一詮,80,42,38,元大-東泰,2023-06-09,9817
2027,大成鋼,35,1,34,元大-東泰,2023-06-09,9817
00650L,復華香港正2,40,7,33,元大-東泰,2023-06-09,9817
4402,郡都開發,29,0,29,元大-東泰,2023-06-09,9817
2634,漢翔,35,9,26,元大-東泰,2023-06-09,9817
6122,擎邦,34,8,26,元大-東泰,2023-06-09,9817
1513,中興電,27,2,25,元大-東泰,2023-06-09,9817
2022,聚亨,25,1,24,元大-東泰,2023-06-09,9817
8033,雷虎,24,0,24,元大-東泰,2023-06-09,9817
2356,英業達,96,74,22,元大-東泰,2023-06-09,9817
2329,華泰,55,33,22,元大-東泰,2023-06-09,9817
1708,東鹼,23,1,22,元大-東泰,2023-06-09,9817
00670L,富邦NASDAQ正2,23,1,22,元大-東泰,2023-06-09,9817
1802,台玻,21,0,21,元大-東泰,2023-06-09,9817
3252,海灣,21,0,21,元大-東泰,2023-06-09,9817
3498,陽程,21,0,21,元大-東泰,2023-06-09,9817
5475,德宏,20,0,20,元大-東泰,2023-06-09,9817
2367,燿華,31,11,20,元大-東泰,2023-06-09,9817
00665L,富邦�琤肭磪囓�2,20,0,20,元大-東泰,2023-06-09,9817
3055,蔚華科,20,1,19,元大-東泰,2023-06-09,9817
00679B,元大美債20年,19,0,19,元大-東泰,2023-06-09,9817
6016,康和證,23,4,19,元大-東泰,2023-06-09,9817
4532,瑞智,19,0,19,元大-東泰,2023-06-09,9817
00713,元大台灣高息低波,21,2,19,元大-東泰,2023-06-09,9817
2337,旺宏,22,4,18,元大-東泰,2023-06-09,9817
2888,新光金,152,135,17,元大-東泰,2023-06-09,9817
2603,長榮,22,6,16,元大-東泰,2023-06-09,9817
8446,華研,24,8,16,元大-東泰,2023-06-09,9817
8034,榮群,16,0,16,元大-東泰,2023-06-09,9817
6163,華電網,22,6,16,元大-東泰,2023-06-09,9817
8936,國統,15,0,15,元大-東泰,2023-06-09,9817
2605,新興,15,0,15,元大-東泰,2023-06-09,9817
3264,欣銓,15,1,14,元大-東泰,2023-06-09,9817
2630,亞航,46,33,13,元大-東泰,2023-06-09,9817
6443,元晶,15,2,13,元大-東泰,2023-06-09,9817
6282,康舒,22,9,13,元大-東泰,2023-06-09,9817
2328,廣宇,23,11,12,元大-東泰,2023-06-09,9817
00642U,期元大S＆P石油,12,0,12,元大-東泰,2023-06-09,9817
6026,福邦證,12,0,12,元大-東泰,2023-06-09,9817
2609,陽明,15,4,11,元大-東泰,2023-06-09,9817
00715L,期街口布蘭特正2,169,3,166,元大-東泰,2023-06-12,9817
00680L,元大美債20正2,107,0,107,元大-東泰,2023-06-12,9817
2014,中鴻,102,2,100,元大-東泰,2023-06-12,9817
2323,中環,101,9,92,元大-東泰,2023-06-12,9817
4402,郡都開發,73,0,73,元大-東泰,2023-06-12,9817
3231,緯創,103,41,62,元大-東泰,2023-06-12,9817
00878,國泰永續高股息,81,20,61,元大-東泰,2023-06-12,9817
8034,榮群,62,4,58,元大-東泰,2023-06-12,9817
2882,國泰金,55,1,54,元大-東泰,2023-06-12,9817
3576,聯合再生,58,5,53,元大-東泰,2023-06-12,9817
1618,合機,54,4,50,元大-東泰,2023-06-12,9817
00919,群益台灣精選高息,41,0,41,元大-東泰,2023-06-12,9817
1217,愛之味,40,0,40,元大-東泰,2023-06-12,9817
6282,康舒,43,4,39,元大-東泰,2023-06-12,9817
2312,金寶,49,11,38,元大-東泰,2023-06-12,9817
00929,復華台灣科技優息,92,54,38,元大-東泰,2023-06-12,9817
2885,元大金,40,5,35,元大-東泰,2023-06-12,9817
00713,元大台灣高息低波,37,1,36,元大-東泰,2023-06-12,9817
2317,鴻海,114,78,36,元大-東泰,2023-06-12,9817
3715,定穎投控,39,7,32,元大-東泰,2023-06-12,9817
1605,華新,29,0,29,元大-東泰,2023-06-12,9817
1612,宏泰,29,1,28,元大-東泰,2023-06-12,9817
1710,東聯,29,1,28,元大-東泰,2023-06-12,9817
6122,擎邦,35,7,28,元大-東泰,2023-06-12,9817
1513,中興電,30,4,26,元大-東泰,2023-06-12,9817
6026,福邦證,24,0,24,元大-東泰,2023-06-12,9817
2027,大成鋼,25,2,23,元大-東泰,2023-06-12,9817
4977,眾達-KY,23,1,22,元大-東泰,2023-06-12,9817
1905,華紙,43,21,22,元大-東泰,2023-06-12,9817
00642U,期元大S＆P石油,22,0,22,元大-東泰,2023-06-12,9817
00902,中信電池及儲能,22,0,22,元大-東泰,2023-06-12,9817
2880,華南金,21,0,21,元大-東泰,2023-06-12,9817
6789,采鈺,30,10,20,元大-東泰,2023-06-12,9817
6443,元晶,20,0,20,元大-東泰,2023-06-12,9817
2356,英業達,88,69,19,元大-東泰,2023-06-12,9817
4304,勝昱,18,0,18,元大-東泰,2023-06-12,9817
00895,富邦未來車,18,0,18,元大-東泰,2023-06-12,9817
2461,光群雷,20,3,17,元大-東泰,2023-06-12,9817
1802,台玻,17,0,17,元大-東泰,2023-06-12,9817
2601,益航,16,0,16,元大-東泰,2023-06-12,9817
1609,大亞,31,15,16,元大-東泰,2023-06-12,9817
9907,統一實,15,0,15,元大-東泰,2023-06-12,9817
2705,六福,21,6,15,元大-東泰,2023-06-12,9817
9933,中鼎,14,0,14,元大-東泰,2023-06-12,9817
4973,廣穎,14,0,14,元大-東泰,2023-06-12,9817
6244,茂迪,16,2,14,元大-東泰,2023-06-12,9817
6160,欣技,14,0,14,元大-東泰,2023-06-12,9817
6187,萬潤,19,5,14,元大-東泰,2023-06-12,9817
3374,精材,20,7,13,元大-東泰,2023-06-12,9817
4121,優盛,13,0,13,元大-東泰,2023-06-12,9817
00632R,元大台灣50反1,315,16,299,元大-東泰,2023-06-13,9817
00715L,期街口布蘭特正2,193,0,193,元大-東泰,2023-06-13,9817
2312,金寶,151,38,113,元大-東泰,2023-06-13,9817
1618,合機,100,0,100,元大-東泰,2023-06-13,9817
3652,精聯,86,9,77,元大-東泰,2023-06-13,9817
8403,盛弘,56,0,56,元大-東泰,2023-06-13,9817
4304,勝昱,50,0,50,元大-東泰,2023-06-13,9817
5371,中光電,45,1,44,元大-東泰,2023-06-13,9817
1905,華紙,53,11,42,元大-東泰,2023-06-13,9817
8443,阿瘦,42,0,42,元大-東泰,2023-06-13,9817
8234,新漢,42,1,41,元大-東泰,2023-06-13,9817
00919,群益台灣精選高息,39,0,39,元大-東泰,2023-06-13,9817
3715,定穎投控,43,10,33,元大-東泰,2023-06-13,9817
2439,美律,32,0,32,元大-東泰,2023-06-13,9817
2101,南港,30,0,30,元大-東泰,2023-06-13,9817
00642U,期元大S＆P石油,30,0,30,元大-東泰,2023-06-13,9817
6198,瑞築,30,0,30,元大-東泰,2023-06-13,9817
1101,台泥,31,5,26,元大-東泰,2023-06-13,9817
2344,華邦電,71,45,26,元大-東泰,2023-06-13,9817
6148,驊宏資,33,9,24,元大-東泰,2023-06-13,9817
2371,大同,40,16,24,元大-東泰,2023-06-13,9817
6288,聯嘉,25,2,23,元大-東泰,2023-06-13,9817
6532,瑞耘,27,4,23,元大-東泰,2023-06-13,9817
2457,飛宏,62,39,23,元大-東泰,2023-06-13,9817
2323,中環,47,24,23,元大-東泰,2023-06-13,9817
2882,國泰金,48,26,22,元大-東泰,2023-06-13,9817
2883,凱基金,32,11,21,元大-東泰,2023-06-13,9817
1711,永光,23,2,21,元大-東泰,2023-06-13,9817
2461,光群雷,20,0,20,元大-東泰,2023-06-13,9817
2834,臺企銀,20,1,19,元大-東泰,2023-06-13,9817
3202,樺晟,18,0,18,元大-東泰,2023-06-13,9817
2206,三陽工業,57,40,17,元大-東泰,2023-06-13,9817
6139,亞翔,16,0,16,元大-東泰,2023-06-13,9817
5386,青雲,16,1,15,元大-東泰,2023-06-13,9817
2515,中工,49,34,15,元大-東泰,2023-06-13,9817
2002,中鋼,18,3,15,元大-東泰,2023-06-13,9817
4123,晟德,18,3,15,元大-東泰,2023-06-13,9817
4968,立積,16,2,14,元大-東泰,2023-06-13,9817
2409,友達,29,16,13,元大-東泰,2023-06-13,9817
6589,台康生技,13,0,13,元大-東泰,2023-06-13,9817
1104,環泥,14,1,13,元大-東泰,2023-06-13,9817
1609,大亞,61,49,12,元大-東泰,2023-06-13,9817
2885,元大金,17,5,12,元大-東泰,2023-06-13,9817
3028,增你強,14,2,12,元大-東泰,2023-06-13,9817
2027,大成鋼,12,0,12,元大-東泰,2023-06-13,9817
00882,中信中國高股息,11,0,11,元大-東泰,2023-06-13,9817
5310,天剛,11,0,11,元大-東泰,2023-06-13,9817
8033,雷虎,13,2,11,元大-東泰,2023-06-13,9817
3044,健鼎,11,0,11,元大-東泰,2023-06-13,9817
3078,僑威,47,36,11,元大-東泰,2023-06-13,9817
1618,合機,161,20,141,元大-東泰,2023-06-14,9817
8076,伍豐,152,16,136,元大-東泰,2023-06-14,9817
3645,達邁,92,0,92,元大-東泰,2023-06-14,9817
2356,英業達,232,147,85,元大-東泰,2023-06-14,9817
2399,映泰,94,20,74,元大-東泰,2023-06-14,9817
2538,基泰,71,0,71,元大-東泰,2023-06-14,9817
4919,新唐,67,6,61,元大-東泰,2023-06-14,9817
00929,復華台灣科技優息,58,1,57,元大-東泰,2023-06-14,9817
00751B,元大AAA至A公司債,44,0,44,元大-東泰,2023-06-14,9817
3576,聯合再生,46,4,42,元大-東泰,2023-06-14,9817
00679B,元大美債20年,37,0,37,元大-東泰,2023-06-14,9817
4935,茂林-KY,33,0,33,元大-東泰,2023-06-14,9817
9907,統一實,42,10,32,元大-東泰,2023-06-14,9817
00893,國泰智能電動車,40,10,30,元大-東泰,2023-06-14,9817
1101,台泥,33,5,28,元大-東泰,2023-06-14,9817
00680L,元大美債20正2,28,0,28,元大-東泰,2023-06-14,9817
00878,國泰永續高股息,99,71,28,元大-東泰,2023-06-14,9817
6532,瑞耘,29,2,27,元大-東泰,2023-06-14,9817
6214,精誠,55,28,27,元大-東泰,2023-06-14,9817
1319,東陽,34,8,26,元大-東泰,2023-06-14,9817
8033,雷虎,26,0,26,元大-東泰,2023-06-14,9817
00919,群益台灣精選高息,31,5,26,元大-東泰,2023-06-14,9817
1609,大亞,41,18,23,元大-東泰,2023-06-14,9817
2886,兆豐金,22,1,21,元大-東泰,2023-06-14,9817
5425,台半,25,4,21,元大-東泰,2023-06-14,9817
6235,華孚,44,23,21,元大-東泰,2023-06-14,9817
2706,第一店,25,5,20,元大-東泰,2023-06-14,9817
3630,新鉅科,20,0,20,元大-東泰,2023-06-14,9817
6122,擎邦,65,45,20,元大-東泰,2023-06-14,9817
1904,正隆,20,1,19,元大-東泰,2023-06-14,9817
5706,鳳凰,33,14,19,元大-東泰,2023-06-14,9817
2353,宏��,23,5,18,元大-東泰,2023-06-14,9817
2444,兆勁,25,7,18,元大-東泰,2023-06-14,9817
2705,六福,21,4,17,元大-東泰,2023-06-14,9817
2324,仁寶,21,4,17,元大-東泰,2023-06-14,9817
2002,中鋼,21,5,16,元大-東泰,2023-06-14,9817
1709,和益,16,0,16,元大-東泰,2023-06-14,9817
3551,世禾,16,0,16,元大-東泰,2023-06-14,9817
1313,聯成,15,0,15,元大-東泰,2023-06-14,9817
00885,富邦越南,19,4,15,元大-東泰,2023-06-14,9817
3711,日月光投控,17,2,15,元大-東泰,2023-06-14,9817
2606,裕民,15,1,14,元大-東泰,2023-06-14,9817
6125,廣運,15,1,14,元大-東泰,2023-06-14,9817
2382,廣達,46,33,13,元大-東泰,2023-06-14,9817
2439,美律,44,30,14,元大-東泰,2023-06-14,9817
3583,辛耘,16,3,13,元大-東泰,2023-06-14,9817
2436,偉詮電,13,0,13,元大-東泰,2023-06-14,9817
3163,波若威,14,1,13,元大-東泰,2023-06-14,9817
2440,太空梭,15,2,13,元大-東泰,2023-06-14,9817
3147,大綜,13,0,13,元大-東泰,2023-06-14,9817
8076,伍豐,491,131,360,元大-東泰,2023-06-15,9817
2618,長榮航,498,268,230,元大-東泰,2023-06-15,9817
00919,群益台灣精選高息,178,0,178,元大-東泰,2023-06-15,9817
2303,聯電,226,67,159,元大-東泰,2023-06-15,9817
2323,中環,161,3,158,元大-東泰,2023-06-15,9817
1101,台泥,161,3,158,元大-東泰,2023-06-15,9817
00673R,期元大S＆P原油反1,150,0,150,元大-東泰,2023-06-15,9817
5381,合正,112,0,112,元大-東泰,2023-06-15,9817
2332,友訊,100,23,77,元大-東泰,2023-06-15,9817
3055,蔚華科,54,4,50,元大-東泰,2023-06-15,9817
6532,瑞耘,49,2,47,元大-東泰,2023-06-15,9817
00900,富邦特選高股息30,50,7,43,元大-東泰,2023-06-15,9817
2880,華南金,42,0,42,元大-東泰,2023-06-15,9817
2337,旺宏,41,3,38,元大-東泰,2023-06-15,9817
00878,國泰永續高股息,70,34,36,元大-東泰,2023-06-15,9817
1618,合機,36,1,35,元大-東泰,2023-06-15,9817
3033,威健,41,7,34,元大-東泰,2023-06-15,9817
3362,先進光,32,0,32,元大-東泰,2023-06-15,9817
6214,精誠,32,0,32,元大-東泰,2023-06-15,9817
2888,新光金,28,2,26,元大-東泰,2023-06-15,9817
2883,凱基金,25,0,25,元大-東泰,2023-06-15,9817
2884,玉山金,31,6,25,元大-東泰,2023-06-15,9817
4533,協易機,54,29,25,元大-東泰,2023-06-15,9817
6104,創惟,27,2,25,元大-東泰,2023-06-15,9817
00715L,期街口布蘭特正2,35,11,24,元大-東泰,2023-06-15,9817
3615,安可,25,1,24,元大-東泰,2023-06-15,9817
2891,中信金,23,0,23,元大-東泰,2023-06-15,9817
6147,頎邦,22,0,22,元大-東泰,2023-06-15,9817
8050,廣積,26,4,22,元大-東泰,2023-06-15,9817
2363,矽統,21,0,21,元大-東泰,2023-06-15,9817
3356,奇偶,37,16,21,元大-東泰,2023-06-15,9817
8043,蜜望實,21,0,21,元大-東泰,2023-06-15,9817
2028,威致,21,0,21,元大-東泰,2023-06-15,9817
2480,敦陽科,20,0,20,元大-東泰,2023-06-15,9817
00632R,元大台灣50反1,19,0,19,元大-東泰,2023-06-15,9817
2748,雲品,23,5,18,元大-東泰,2023-06-15,9817
2344,華邦電,20,2,18,元大-東泰,2023-06-15,9817
3163,波若威,21,4,17,元大-東泰,2023-06-15,9817
2482,連宇,27,11,16,元大-東泰,2023-06-15,9817
3481,群創,45,29,16,元大-東泰,2023-06-15,9817
2353,宏��,22,6,16,元大-東泰,2023-06-15,9817
3576,聯合再生,20,4,16,元大-東泰,2023-06-15,9817
2609,陽明,28,13,15,元大-東泰,2023-06-15,9817
6578,達邦蛋白,15,0,15,元大-東泰,2023-06-15,9817
3711,日月光投控,18,4,14,元大-東泰,2023-06-15,9817
6668,中揚光,14,0,14,元大-東泰,2023-06-15,9817
5512,力麒,15,1,14,元大-東泰,2023-06-15,9817
4128,中天,14,1,13,元大-東泰,2023-06-15,9817
6016,康和證,24,11,13,元大-東泰,2023-06-15,9817
2401,凌陽,56,43,13,元大-東泰,2023-06-15,9817
2356,英業達,422,169,253,元大-東泰,2023-06-16,9817
1609,大亞,275,67,208,元大-東泰,2023-06-16,9817
1101,台泥,204,26,178,元大-東泰,2023-06-16,9817
2323,中環,150,30,120,元大-東泰,2023-06-16,9817
00919,群益台灣精選高息,122,14,108,元大-東泰,2023-06-16,9817
2371,大同,197,89,108,元大-東泰,2023-06-16,9817
00687B,國泰20年美債,122,25,97,元大-東泰,2023-06-16,9817
1605,華新,192,105,87,元大-東泰,2023-06-16,9817
2332,友訊,65,2,63,元大-東泰,2023-06-16,9817
6244,茂迪,62,18,44,元大-東泰,2023-06-16,9817
1514,亞力,48,10,38,元大-東泰,2023-06-16,9817
2609,陽明,50,13,37,元大-東泰,2023-06-16,9817
2498,宏達電,41,6,35,元大-東泰,2023-06-16,9817
6266,泰詠,35,2,33,元大-東泰,2023-06-16,9817
1710,東聯,48,18,30,元大-東泰,2023-06-16,9817
3645,達邁,27,0,27,元大-東泰,2023-06-16,9817
1734,杏輝,32,5,27,元大-東泰,2023-06-16,9817
4919,新唐,28,2,26,元大-東泰,2023-06-16,9817
3543,州巧,29,5,24,元大-東泰,2023-06-16,9817
2359,所羅門,33,10,23,元大-東泰,2023-06-16,9817
6282,康舒,52,29,23,元大-東泰,2023-06-16,9817
2353,宏��,44,21,23,元大-東泰,2023-06-16,9817
1611,中電,26,5,21,元大-東泰,2023-06-16,9817
00921,兆豐龍頭等權重,21,0,21,元大-東泰,2023-06-16,9817
2401,凌陽,34,13,21,元大-東泰,2023-06-16,9817
1326,台化,20,0,20,元大-東泰,2023-06-16,9817
4142,國光生,20,0,20,元大-東泰,2023-06-16,9817
2382,廣達,53,33,20,元大-東泰,2023-06-16,9817
6269,台郡,20,1,19,元大-東泰,2023-06-16,9817
1314,中石化,20,1,19,元大-東泰,2023-06-16,9817
2022,聚亨,18,0,18,元大-東泰,2023-06-16,9817
2201,裕隆,23,5,18,元大-東泰,2023-06-16,9817
6509,聚和,18,0,18,元大-東泰,2023-06-16,9817
1584,精剛,18,1,17,元大-東泰,2023-06-16,9817
2886,兆豐金,19,2,17,元大-東泰,2023-06-16,9817
6176,瑞儀,16,0,16,元大-東泰,2023-06-16,9817
2301,光寶科,20,4,16,元大-東泰,2023-06-16,9817
4432,銘旺實,15,0,15,元大-東泰,2023-06-16,9817
4977,眾達-KY,15,0,15,元大-東泰,2023-06-16,9817
2610,華航,372,357,15,元大-東泰,2023-06-16,9817
4906,正文,21,7,14,元大-東泰,2023-06-16,9817
2897,王道銀行,14,0,14,元大-東泰,2023-06-16,9817
2476,鉅祥,15,1,14,元大-東泰,2023-06-16,9817
1301,台塑,14,0,14,元大-東泰,2023-06-16,9817
2495,普安,14,1,13,元大-東泰,2023-06-16,9817
2482,連宇,15,2,13,元大-東泰,2023-06-16,9817
2801,彰銀,13,0,13,元大-東泰,2023-06-16,9817
8086,宏捷科,14,1,13,元大-東泰,2023-06-16,9817
00885,富邦越南,13,0,13,元大-東泰,2023-06-16,9817
006208,富邦台50,15,2,13,元大-東泰,2023-06-16,9817
1101,台泥,258,5,253,元大-東泰,2023-06-19,9817
00637L,元大滬深300正2,208,7,201,元大-東泰,2023-06-19,9817
2610,華航,177,92,85,元大-東泰,2023-06-19,9817
1618,合機,62,3,59,元大-東泰,2023-06-19,9817
2888,新光金,66,9,57,元大-東泰,2023-06-19,9817
2332,友訊,56,0,56,元大-東泰,2023-06-19,9817
00753L,中信中國50正2,50,0,50,元大-東泰,2023-06-19,9817
2324,仁寶,54,6,48,元大-東泰,2023-06-19,9817
2504,國產,57,11,46,元大-東泰,2023-06-19,9817
1525,江申,44,0,44,元大-東泰,2023-06-19,9817
2371,大同,85,41,44,元大-東泰,2023-06-19,9817
00885,富邦越南,42,0,42,元大-東泰,2023-06-19,9817
2897,王道銀行,40,0,40,元大-東泰,2023-06-19,9817
3032,偉訓,38,3,35,元大-東泰,2023-06-19,9817
4938,和碩,34,1,33,元大-東泰,2023-06-19,9817
4919,新唐,38,8,30,元大-東泰,2023-06-19,9817
1301,台塑,30,2,28,元大-東泰,2023-06-19,9817
2609,陽明,46,20,26,元大-東泰,2023-06-19,9817
2883,凱基金,26,0,26,元大-東泰,2023-06-19,9817
2344,華邦電,92,67,25,元大-東泰,2023-06-19,9817
00919,群益台灣精選高息,33,10,23,元大-東泰,2023-06-19,9817
5315,光聯,23,0,23,元大-東泰,2023-06-19,9817
00679B,元大美債20年,23,2,21,元大-東泰,2023-06-19,9817
3545,敦泰,20,0,20,元大-東泰,2023-06-19,9817
3013,晟銘電,20,0,20,元大-東泰,2023-06-19,9817
2328,廣宇,21,2,19,元大-東泰,2023-06-19,9817
2885,元大金,21,2,19,元大-東泰,2023-06-19,9817
2603,長榮,24,7,17,元大-東泰,2023-06-19,9817
00720B,元大投資級公司債,21,4,17,元大-東泰,2023-06-19,9817
00900,富邦特選高股息30,21,4,17,元大-東泰,2023-06-19,9817
2014,中鴻,22,6,16,元大-東泰,2023-06-19,9817
4538,大詠城,16,0,16,元大-東泰,2023-06-19,9817
6443,元晶,17,1,16,元大-東泰,2023-06-19,9817
3062,建漢,16,1,15,元大-東泰,2023-06-19,9817
3027,盛達,19,4,15,元大-東泰,2023-06-19,9817
5880,合庫金,20,5,15,元大-東泰,2023-06-19,9817
2882,國泰金,14,0,14,元大-東泰,2023-06-19,9817
6282,康舒,15,1,14,元大-東泰,2023-06-19,9817
2355,敬鵬,15,1,14,元大-東泰,2023-06-19,9817
2820,華票,15,1,14,元大-東泰,2023-06-19,9817
3035,智原,21,7,14,元大-東泰,2023-06-19,9817
1513,中興電,64,51,13,元大-東泰,2023-06-19,9817
2482,連宇,15,2,13,元大-東泰,2023-06-19,9817
4977,眾達-KY,13,0,13,元大-東泰,2023-06-19,9817
00882,中信中國高股息,12,0,12,元大-東泰,2023-06-19,9817
2388,威盛,12,0,12,元大-東泰,2023-06-19,9817
6695,芯鼎,13,1,12,元大-東泰,2023-06-19,9817
2457,飛宏,40,28,12,元大-東泰,2023-06-19,9817
5203,訊連,11,0,11,元大-東泰,2023-06-19,9817
2362,藍天,12,1,11,元大-東泰,2023-06-19,9817
1605,華新,240,16,224,元大-東泰,2023-06-20,9817
2409,友達,154,25,129,元大-東泰,2023-06-20,9817
1609,大亞,126,16,110,元大-東泰,2023-06-20,9817
2618,長榮航,138,52,86,元大-東泰,2023-06-20,9817
1528,恩德,131,63,68,元大-東泰,2023-06-20,9817
3652,精聯,63,0,63,元大-東泰,2023-06-20,9817
2883,凱基金,58,1,57,元大-東泰,2023-06-20,9817
2610,華航,160,105,55,元大-東泰,2023-06-20,9817
1802,台玻,54,1,53,元大-東泰,2023-06-20,9817
1471,首利,54,3,51,元大-東泰,2023-06-20,9817
2332,友訊,51,1,50,元大-東泰,2023-06-20,9817
2368,金像電,71,23,48,元大-東泰,2023-06-20,9817
3481,群創,132,93,39,元大-東泰,2023-06-20,9817
1101,台泥,54,17,37,元大-東泰,2023-06-20,9817
2337,旺宏,42,6,36,元大-東泰,2023-06-20,9817
00927,群益半導體收益,30,0,30,元大-東泰,2023-06-20,9817
2461,光群雷,30,0,30,元大-東泰,2023-06-20,9817
3011,今皓,29,0,29,元大-東泰,2023-06-20,9817
8033,雷虎,30,2,28,元大-東泰,2023-06-20,9817
3682,亞太電,25,0,25,元大-東泰,2023-06-20,9817
2486,一詮,28,5,23,元大-東泰,2023-06-20,9817
4960,誠美材,22,0,22,元大-東泰,2023-06-20,9817
2880,華南金,25,3,22,元大-東泰,2023-06-20,9817
1522,堤維西,41,19,22,元大-東泰,2023-06-20,9817
2317,鴻海,34,13,21,元大-東泰,2023-06-20,9817
8222,寶一,33,13,20,元大-東泰,2023-06-20,9817
00665L,富邦�琤肭磪囓�2,20,0,20,元大-東泰,2023-06-20,9817
4529,淳紳,20,0,20,元大-東泰,2023-06-20,9817
2614,東森,20,0,20,元大-東泰,2023-06-20,9817
8933,愛地雅,20,0,20,元大-東泰,2023-06-20,9817
2537,聯上發,30,10,20,元大-東泰,2023-06-20,9817
4538,大詠城,20,0,20,元大-東泰,2023-06-20,9817
2634,漢翔,116,96,20,元大-東泰,2023-06-20,9817
2356,英業達,47,27,20,元大-東泰,2023-06-20,9817
6147,頎邦,19,1,18,元大-東泰,2023-06-20,9817
00929,復華台灣科技優息,19,1,18,元大-東泰,2023-06-20,9817
2454,聯發科,25,7,18,元大-東泰,2023-06-20,9817
0056,元大高股息,34,16,18,元大-東泰,2023-06-20,9817
6509,聚和,20,3,17,元大-東泰,2023-06-20,9817
4979,華星光,74,57,17,元大-東泰,2023-06-20,9817
2362,藍天,16,0,16,元大-東泰,2023-06-20,9817
2515,中工,14,0,14,元大-東泰,2023-06-20,9817
1455,集盛,20,6,14,元大-東泰,2023-06-20,9817
3027,盛達,20,7,13,元大-東泰,2023-06-20,9817
3013,晟銘電,16,2,14,元大-東泰,2023-06-20,9817
00921,兆豐龍頭等權重,14,1,13,元大-東泰,2023-06-20,9817
3006,晶豪科,25,12,13,元大-東泰,2023-06-20,9817
00751B,元大AAA至A公司債,12,0,12,元大-東泰,2023-06-20,9817
5203,訊連,11,0,11,元大-東泰,2023-06-20,9817
2104,國際中橡,23,12,11,元大-東泰,2023-06-20,9817
2371,大同,214,25,189,元大-東泰,2023-06-21,9817
2609,陽明,171,30,141,元大-東泰,2023-06-21,9817
00637L,元大滬深300正2,104,12,92,元大-東泰,2023-06-21,9817
2634,漢翔,146,83,63,元大-東泰,2023-06-21,9817
2409,友達,100,48,52,元大-東泰,2023-06-21,9817
6120,達運,124,75,49,元大-東泰,2023-06-21,9817
5381,合正,43,4,39,元大-東泰,2023-06-21,9817
6125,廣運,61,22,39,元大-東泰,2023-06-21,9817
3049,精金,42,5,37,元大-東泰,2023-06-21,9817
3380,明泰,33,0,33,元大-東泰,2023-06-21,9817
1752,南光,33,0,33,元大-東泰,2023-06-21,9817
2705,六福,92,62,30,元大-東泰,2023-06-21,9817
4958,臻鼎-KY,30,0,30,元大-東泰,2023-06-21,9817
3056,富華新,30,0,30,元大-東泰,2023-06-21,9817
2201,裕隆,30,1,29,元大-東泰,2023-06-21,9817
2888,新光金,32,3,29,元大-東泰,2023-06-21,9817
2481,強茂,31,3,28,元大-東泰,2023-06-21,9817
2323,中環,93,67,26,元大-東泰,2023-06-21,9817
3564,其陽,24,0,24,元大-東泰,2023-06-21,9817
1514,亞力,29,5,24,元大-東泰,2023-06-21,9817
2337,旺宏,25,2,23,元大-東泰,2023-06-21,9817
8033,雷虎,22,0,22,元大-東泰,2023-06-21,9817
2489,瑞軒,112,91,21,元大-東泰,2023-06-21,9817
3687,歐買尬,26,6,20,元大-東泰,2023-06-21,9817
1522,堤維西,21,1,20,元大-東泰,2023-06-21,9817
6245,立端,20,0,20,元大-東泰,2023-06-21,9817
2603,長榮,29,11,18,元大-東泰,2023-06-21,9817
3260,威剛,19,1,18,元大-東泰,2023-06-21,9817
2206,三陽工業,28,11,17,元大-東泰,2023-06-21,9817
00882,中信中國高股息,23,7,16,元大-東泰,2023-06-21,9817
6290,良維,17,2,15,元大-東泰,2023-06-21,9817
4953,緯軟,15,0,15,元大-東泰,2023-06-21,9817
2408,南亞科,15,1,14,元大-東泰,2023-06-21,9817
6191,精成科,14,0,14,元大-東泰,2023-06-21,9817
5498,凱崴,13,0,13,元大-東泰,2023-06-21,9817
2637,慧洋-KY,13,0,13,元大-東泰,2023-06-21,9817
2330,台積電,15,3,12,元大-東泰,2023-06-21,9817
2303,聯電,36,24,12,元大-東泰,2023-06-21,9817
00891,中信關鍵半導體,14,2,12,元大-東泰,2023-06-21,9817
1612,宏泰,11,0,11,元大-東泰,2023-06-21,9817
2017,官田鋼,11,0,11,元大-東泰,2023-06-21,9817
2606,裕民,11,0,11,元大-東泰,2023-06-21,9817
2480,敦陽科,12,1,11,元大-東泰,2023-06-21,9817
2897,王道銀行,10,0,10,元大-東泰,2023-06-21,9817
8046,南電,10,0,10,元大-東泰,2023-06-21,9817
3363,上詮,11,1,10,元大-東泰,2023-06-21,9817
5703,亞都,10,0,10,元大-東泰,2023-06-21,9817
3715,定穎投控,18,8,10,元大-東泰,2023-06-21,9817
4157,太景*-KY,10,0,10,元大-東泰,2023-06-21,9817
5258,虹堡,15,6,9,元大-東泰,2023-06-21,9817
2371,大同,273,60,213,元大-東泰,2023-06-26,9817
00671R,富邦NASDAQ反1,203,0,203,元大-東泰,2023-06-26,9817
6116,彩晶,145,2,143,元大-東泰,2023-06-26,9817
3481,群創,148,35,113,元大-東泰,2023-06-26,9817
2890,永豐金,101,2,99,元大-東泰,2023-06-26,9817
00637L,元大滬深300正2,71,1,70,元大-東泰,2023-06-26,9817
4564,元翎,63,2,61,元大-東泰,2023-06-26,9817
2303,聯電,81,21,60,元大-東泰,2023-06-26,9817
1605,華新,56,3,53,元大-東泰,2023-06-26,9817
2368,金像電,53,0,53,元大-東泰,2023-06-26,9817
00715L,期街口布蘭特正2,50,0,50,元大-東泰,2023-06-26,9817
9912,偉聯,50,0,50,元大-東泰,2023-06-26,9817
2312,金寶,56,10,46,元大-東泰,2023-06-26,9817
3032,偉訓,48,3,45,元大-東泰,2023-06-26,9817
3006,晶豪科,40,0,40,元大-東泰,2023-06-26,9817
2352,佳世達,41,1,40,元大-東泰,2023-06-26,9817
1618,合機,36,0,36,元大-東泰,2023-06-26,9817
00712,復華富時不動產,36,1,35,元大-東泰,2023-06-26,9817
2344,華邦電,52,18,34,元大-東泰,2023-06-26,9817
3202,樺晟,40,6,34,元大-東泰,2023-06-26,9817
2489,瑞軒,30,0,30,元大-東泰,2023-06-26,9817
1785,光洋科,31,1,30,元大-東泰,2023-06-26,9817
2356,英業達,44,16,28,元大-東泰,2023-06-26,9817
1752,南光,29,2,27,元大-東泰,2023-06-26,9817
2883,凱基金,26,1,25,元大-東泰,2023-06-26,9817
8358,金居,27,3,24,元大-東泰,2023-06-26,9817
4532,瑞智,23,0,23,元大-東泰,2023-06-26,9817
00679B,元大美債20年,22,0,22,元大-東泰,2023-06-26,9817
2409,友達,60,39,21,元大-東泰,2023-06-26,9817
2382,廣達,57,37,20,元大-東泰,2023-06-26,9817
3363,上詮,20,0,20,元大-東泰,2023-06-26,9817
00706L,期元大S＆P日圓正2,20,0,20,元大-東泰,2023-06-26,9817
3715,定穎投控,23,4,19,元大-東泰,2023-06-26,9817
6695,芯鼎,17,0,17,元大-東泰,2023-06-26,9817
0056,元大高股息,29,13,16,元大-東泰,2023-06-26,9817
4916,事欣科,22,6,16,元大-東泰,2023-06-26,9817
00928,中信上櫃ESG30,16,0,16,元大-東泰,2023-06-26,9817
00929,復華台灣科技優息,17,1,16,元大-東泰,2023-06-26,9817
00885,富邦越南,19,3,16,元大-東泰,2023-06-26,9817
2618,長榮航,80,65,15,元大-東泰,2023-06-26,9817
5484,慧友,15,0,15,元大-東泰,2023-06-26,9817
9907,統一實,15,0,15,元大-東泰,2023-06-26,9817
1504,東元,33,19,14,元大-東泰,2023-06-26,9817
4572,駐龍,14,0,14,元大-東泰,2023-06-26,9817
2208,台船,15,1,14,元大-東泰,2023-06-26,9817
2023,燁輝,22,8,14,元大-東泰,2023-06-26,9817
3231,緯創,64,50,14,元大-東泰,2023-06-26,9817
2882,國泰金,24,11,13,元大-東泰,2023-06-26,9817
3005,神基,13,0,13,元大-東泰,2023-06-26,9817
8033,雷虎,13,0,13,元大-東泰,2023-06-26,9817
00632R,元大台灣50反1,980,66,914,元大-東泰,2023-06-27,9817
1609,大亞,273,72,201,元大-東泰,2023-06-27,9817
6244,茂迪,150,1,149,元大-東泰,2023-06-27,9817
00878,國泰永續高股息,151,22,129,元大-東泰,2023-06-27,9817
2618,長榮航,208,95,113,元大-東泰,2023-06-27,9817
2344,華邦電,112,18,94,元大-東泰,2023-06-27,9817
2427,三商電,168,94,74,元大-東泰,2023-06-27,9817
2303,聯電,83,11,72,元大-東泰,2023-06-27,9817
3481,群創,137,72,65,元大-東泰,2023-06-27,9817
2881,富邦金,62,1,61,元大-東泰,2023-06-27,9817
2889,國票金,60,0,60,元大-東泰,2023-06-27,9817
2890,永豐金,59,0,59,元大-東泰,2023-06-27,9817
1752,南光,61,4,57,元大-東泰,2023-06-27,9817
4564,元翎,62,7,55,元大-東泰,2023-06-27,9817
9950,萬國通,54,0,54,元大-東泰,2023-06-27,9817
0056,元大高股息,85,36,49,元大-東泰,2023-06-27,9817
1905,華紙,70,22,48,元大-東泰,2023-06-27,9817
2609,陽明,53,10,43,元大-東泰,2023-06-27,9817
3357,臺慶科,41,0,41,元大-東泰,2023-06-27,9817
2498,宏達電,38,1,37,元大-東泰,2023-06-27,9817
1504,東元,45,10,35,元大-東泰,2023-06-27,9817
8034,榮群,36,1,35,元大-東泰,2023-06-27,9817
6188,廣明,41,7,34,元大-東泰,2023-06-27,9817
4533,協易機,33,0,33,元大-東泰,2023-06-27,9817
2356,英業達,40,8,32,元大-東泰,2023-06-27,9817
8033,雷虎,29,1,28,元大-東泰,2023-06-27,9817
00929,復華台灣科技優息,33,5,28,元大-東泰,2023-06-27,9817
2353,宏��,29,3,26,元大-東泰,2023-06-27,9817
3711,日月光投控,30,5,25,元大-東泰,2023-06-27,9817
3715,定穎投控,30,6,24,元大-東泰,2023-06-27,9817
4543,萬在,33,9,24,元大-東泰,2023-06-27,9817
2707,晶華,24,0,24,元大-東泰,2023-06-27,9817
6116,彩晶,24,0,24,元大-東泰,2023-06-27,9817
2913,農林,23,0,23,元大-東泰,2023-06-27,9817
00919,群益台灣精選高息,28,5,23,元大-東泰,2023-06-27,9817
3231,緯創,74,52,22,元大-東泰,2023-06-27,9817
2486,一詮,25,5,20,元大-東泰,2023-06-27,9817
2444,兆勁,30,10,20,元大-東泰,2023-06-27,9817
2103,台橡,20,0,20,元大-東泰,2023-06-27,9817
2331,精英,24,4,20,元大-東泰,2023-06-27,9817
3045,台灣大,19,0,19,元大-東泰,2023-06-27,9817
4919,新唐,28,9,19,元大-東泰,2023-06-27,9817
2368,金像電,19,1,18,元大-東泰,2023-06-27,9817
2201,裕隆,16,0,16,元大-東泰,2023-06-27,9817
2206,三陽工業,52,36,16,元大-東泰,2023-06-27,9817
4510,高鋒,16,0,16,元大-東泰,2023-06-27,9817
3714,富采,16,0,16,元大-東泰,2023-06-27,9817
00888,永豐台灣ESG,16,0,16,元大-東泰,2023-06-27,9817
3032,偉訓,15,0,15,元大-東泰,2023-06-27,9817
1101,台泥,21,6,15,元大-東泰,2023-06-27,9817
00715L,期街口布蘭特正2,193,15,178,元大-東泰,2023-06-28,9817
2515,中工,122,2,120,元大-東泰,2023-06-28,9817
2323,中環,94,14,80,元大-東泰,2023-06-28,9817
1905,華紙,78,3,75,元大-東泰,2023-06-28,9817
1904,正隆,61,0,61,元大-東泰,2023-06-28,9817
2303,聯電,66,7,59,元大-東泰,2023-06-28,9817
2892,第一金,58,1,57,元大-東泰,2023-06-28,9817
2412,中華電,49,8,41,元大-東泰,2023-06-28,9817
0056,元大高股息,51,11,40,元大-東泰,2023-06-28,9817
2356,英業達,51,16,35,元大-東泰,2023-06-28,9817
1301,台塑,40,5,35,元大-東泰,2023-06-28,9817
2401,凌陽,31,0,31,元大-東泰,2023-06-28,9817
2409,友達,46,15,31,元大-東泰,2023-06-28,9817
6191,精成科,34,4,30,元大-東泰,2023-06-28,9817
3013,晟銘電,33,4,29,元大-東泰,2023-06-28,9817
1785,光洋科,26,0,26,元大-東泰,2023-06-28,9817
2312,金寶,37,13,24,元大-東泰,2023-06-28,9817
00712,復華富時不動產,21,0,21,元大-東泰,2023-06-28,9817
6257,矽格,21,0,21,元大-東泰,2023-06-28,9817
1444,力麗,27,6,21,元大-東泰,2023-06-28,9817
1319,東陽,25,5,20,元大-東泰,2023-06-28,9817
2317,鴻海,24,5,19,元大-東泰,2023-06-28,9817
3038,全台,22,3,19,元大-東泰,2023-06-28,9817
2344,華邦電,47,28,19,元大-東泰,2023-06-28,9817
6282,康舒,20,2,18,元大-東泰,2023-06-28,9817
6214,精誠,30,12,18,元大-東泰,2023-06-28,9817
3481,群創,35,18,17,元大-東泰,2023-06-28,9817
2887,台新金,16,0,16,元大-東泰,2023-06-28,9817
6190,萬泰科,27,11,16,元大-東泰,2023-06-28,9817
3576,聯合再生,18,2,16,元大-東泰,2023-06-28,9817
1101,台泥,26,10,16,元大-東泰,2023-06-28,9817
2498,宏達電,15,0,15,元大-東泰,2023-06-28,9817
00632R,元大台灣50反1,15,0,15,元大-東泰,2023-06-28,9817
2328,廣宇,14,0,14,元大-東泰,2023-06-28,9817
2885,元大金,22,9,13,元大-東泰,2023-06-28,9817
4960,誠美材,13,0,13,元大-東泰,2023-06-28,9817
00671R,富邦NASDAQ反1,13,0,13,元大-東泰,2023-06-28,9817
4121,優盛,21,9,12,元大-東泰,2023-06-28,9817
00888,永豐台灣ESG,13,1,12,元大-東泰,2023-06-28,9817
00900,富邦特選高股息30,11,0,11,元大-東泰,2023-06-28,9817
1609,大亞,16,5,11,元大-東泰,2023-06-28,9817
1471,首利,13,2,11,元大-東泰,2023-06-28,9817
00929,復華台灣科技優息,11,0,11,元大-東泰,2023-06-28,9817
3205,佰研,17,6,11,元大-東泰,2023-06-28,9817
6147,頎邦,11,0,11,元大-東泰,2023-06-28,9817
2489,瑞軒,11,0,11,元大-東泰,2023-06-28,9817
4406,新昕纖,11,0,11,元大-東泰,2023-06-28,9817
3682,亞太電,10,0,10,元大-東泰,2023-06-28,9817
5410,國眾,10,0,10,元大-東泰,2023-06-28,9817
2444,兆勁,10,0,10,元大-東泰,2023-06-28,9817
2332,友訊,77,0,77,元大-東泰,2023-06-29,9817
2885,元大金,42,1,41,元大-東泰,2023-06-29,9817
00885,富邦越南,40,0,40,元大-東泰,2023-06-29,9817
2618,長榮航,77,41,36,元大-東泰,2023-06-29,9817
2303,聯電,47,12,35,元大-東泰,2023-06-29,9817
2002,中鋼,39,4,35,元大-東泰,2023-06-29,9817
2801,彰銀,39,6,33,元大-東泰,2023-06-29,9817
2337,旺宏,34,1,33,元大-東泰,2023-06-29,9817
3481,群創,45,13,32,元大-東泰,2023-06-29,9817
2884,玉山金,32,1,31,元大-東泰,2023-06-29,9817
1907,永豐餘,31,1,30,元大-東泰,2023-06-29,9817
2317,鴻海,39,9,30,元大-東泰,2023-06-29,9817
1605,華新,63,34,29,元大-東泰,2023-06-29,9817
1513,中興電,38,11,27,元大-東泰,2023-06-29,9817
1609,大亞,41,16,25,元大-東泰,2023-06-29,9817
2634,漢翔,41,17,24,元大-東泰,2023-06-29,9817
4533,協易機,25,1,24,元大-東泰,2023-06-29,9817
6182,合晶,33,9,24,元大-東泰,2023-06-29,9817
3005,神基,31,7,24,元大-東泰,2023-06-29,9817
3049,精金,20,0,20,元大-東泰,2023-06-29,9817
3149,正達,19,0,19,元大-東泰,2023-06-29,9817
1336,台翰,19,0,19,元大-東泰,2023-06-29,9817
1783,和康生,20,1,19,元大-東泰,2023-06-29,9817
8085,福華,24,5,19,元大-東泰,2023-06-29,9817
2888,新光金,28,10,18,元大-東泰,2023-06-29,9817
3047,訊舟,17,0,17,元大-東泰,2023-06-29,9817
3715,定穎投控,17,1,16,元大-東泰,2023-06-29,9817
1101,台泥,17,2,15,元大-東泰,2023-06-29,9817
2409,友達,35,20,15,元大-東泰,2023-06-29,9817
6625,必應,15,0,15,元大-東泰,2023-06-29,9817
2606,裕民,17,2,15,元大-東泰,2023-06-29,9817
3046,建��,17,3,14,元大-東泰,2023-06-29,9817
00929,復華台灣科技優息,15,1,14,元大-東泰,2023-06-29,9817
00713,元大台灣高息低波,15,2,13,元大-東泰,2023-06-29,9817
2368,金像電,15,2,13,元大-東泰,2023-06-29,9817
4414,如興,16,3,13,元大-東泰,2023-06-29,9817
1303,南亞,18,5,13,元大-東泰,2023-06-29,9817
00637L,元大滬深300正2,28,15,13,元大-東泰,2023-06-29,9817
4164,承業醫,14,1,13,元大-東泰,2023-06-29,9817
00882,中信中國高股息,14,2,12,元大-東泰,2023-06-29,9817
2615,萬海,13,1,12,元大-東泰,2023-06-29,9817
2883,凱基金,30,18,12,元大-東泰,2023-06-29,9817
2887,台新金,13,2,11,元大-東泰,2023-06-29,9817
2867,三商壽,11,0,11,元大-東泰,2023-06-29,9817
2892,第一金,11,0,11,元大-東泰,2023-06-29,9817
1217,愛之味,11,0,11,元大-東泰,2023-06-29,9817
4916,事欣科,11,0,11,元大-東泰,2023-06-29,9817
2323,中環,23,12,11,元大-東泰,2023-06-29,9817
8112,至上,11,0,11,元大-東泰,2023-06-29,9817
3711,日月光投控,13,3,10,元大-東泰,2023-06-29,9817
2344,華邦電,178,5,173,元大-東泰,2023-06-30,9817
3202,樺晟,130,0,130,元大-東泰,2023-06-30,9817
2888,新光金,72,0,72,元大-東泰,2023-06-30,9817
2883,凱基金,79,10,69,元大-東泰,2023-06-30,9817
2801,彰銀,66,6,60,元大-東泰,2023-06-30,9817
00679B,元大美債20年,54,3,51,元大-東泰,2023-06-30,9817
1313,聯成,50,1,49,元大-東泰,2023-06-30,9817
5381,合正,47,0,47,元大-東泰,2023-06-30,9817
4168,醣聯,44,0,44,元大-東泰,2023-06-30,9817
00680L,元大美債20正2,39,0,39,元大-東泰,2023-06-30,9817
2323,中環,74,35,39,元大-東泰,2023-06-30,9817
3665,貿聯-KY,38,2,36,元大-東泰,2023-06-30,9817
1905,華紙,66,36,30,元大-東泰,2023-06-30,9817
4106,雃博,30,0,30,元大-東泰,2023-06-30,9817
2618,長榮航,108,79,29,元大-東泰,2023-06-30,9817
2002,中鋼,30,1,29,元大-東泰,2023-06-30,9817
3260,威剛,33,5,28,元大-東泰,2023-06-30,9817
2615,萬海,32,4,28,元大-東泰,2023-06-30,9817
1605,華新,60,32,28,元大-東泰,2023-06-30,9817
2332,友訊,26,1,25,元大-東泰,2023-06-30,9817
1710,東聯,25,0,25,元大-東泰,2023-06-30,9817
00632R,元大台灣50反1,77,56,21,元大-東泰,2023-06-30,9817
2885,元大金,26,5,21,元大-東泰,2023-06-30,9817
2303,聯電,33,13,20,元大-東泰,2023-06-30,9817
00891,中信關鍵半導體,20,0,20,元大-東泰,2023-06-30,9817
1718,中纖,20,0,20,元大-東泰,2023-06-30,9817
3374,精材,20,1,19,元大-東泰,2023-06-30,9817
5309,系統電,38,19,19,元大-東泰,2023-06-30,9817
2412,中華電,18,0,18,元大-東泰,2023-06-30,9817
3706,神達,18,1,17,元大-東泰,2023-06-30,9817
3481,群創,41,24,17,元大-東泰,2023-06-30,9817
2312,金寶,24,8,16,元大-東泰,2023-06-30,9817
2324,仁寶,17,2,15,元大-東泰,2023-06-30,9817
00688L,國泰20年美債正2,15,0,15,元大-東泰,2023-06-30,9817
00751B,元大AAA至A公司債,26,14,12,元大-東泰,2023-06-30,9817
1301,台塑,15,3,12,元大-東泰,2023-06-30,9817
1519,華城,13,1,12,元大-東泰,2023-06-30,9817
1809,中釉,12,0,12,元大-東泰,2023-06-30,9817
2405,輔信,12,0,12,元大-東泰,2023-06-30,9817
1409,新纖,12,0,12,元大-東泰,2023-06-30,9817
3356,奇偶,28,16,12,元大-東泰,2023-06-30,9817
3576,聯合再生,13,1,12,元大-東泰,2023-06-30,9817
2606,裕民,11,0,11,元大-東泰,2023-06-30,9817
2329,華泰,55,44,11,元大-東泰,2023-06-30,9817
1802,台玻,12,2,10,元大-東泰,2023-06-30,9817
00902,中信電池及儲能,10,0,10,元大-東泰,2023-06-30,9817
2489,瑞軒,10,0,10,元大-東泰,2023-06-30,9817
1527,鑽全,10,0,10,元大-東泰,2023-06-30,9817
1604,聲寶,10,0,10,元大-東泰,2023-06-30,9817
3710,連展投控,10,0,10,元大-東泰,2023-06-30,9817
3018,隆銘綠能,181,0,181,元大-東泰,2023-07-03,9817
1605,華新,153,53,100,元大-東泰,2023-07-03,9817
2303,聯電,89,11,78,元大-東泰,2023-07-03,9817
2356,英業達,138,76,62,元大-東泰,2023-07-03,9817
4402,郡都開發,58,0,58,元大-東泰,2023-07-03,9817
2353,宏��,48,1,47,元大-東泰,2023-07-03,9817
2317,鴻海,130,90,40,元大-東泰,2023-07-03,9817
2606,裕民,38,5,33,元大-東泰,2023-07-03,9817
2897,王道銀行,35,2,33,元大-東泰,2023-07-03,9817
2337,旺宏,37,5,32,元大-東泰,2023-07-03,9817
2328,廣宇,33,1,32,元大-東泰,2023-07-03,9817
00631L,元大台灣50正2,31,0,31,元大-東泰,2023-07-03,9817
2206,三陽工業,43,14,29,元大-東泰,2023-07-03,9817
2812,台中銀,39,11,28,元大-東泰,2023-07-03,9817
1609,大亞,39,18,21,元大-東泰,2023-07-03,9817
1513,中興電,30,9,21,元大-東泰,2023-07-03,9817
2892,第一金,21,0,21,元大-東泰,2023-07-03,9817
1612,宏泰,20,0,20,元大-東泰,2023-07-03,9817
00645,富邦日本,20,0,20,元大-東泰,2023-07-03,9817
5498,凱崴,20,0,20,元大-東泰,2023-07-03,9817
2312,金寶,30,11,19,元大-東泰,2023-07-03,9817
00673R,期元大S＆P原油反1,19,0,19,元大-東泰,2023-07-03,9817
6122,擎邦,24,6,18,元大-東泰,2023-07-03,9817
2367,燿華,18,0,18,元大-東泰,2023-07-03,9817
3231,緯創,52,34,18,元大-東泰,2023-07-03,9817
2405,輔信,18,2,16,元大-東泰,2023-07-03,9817
4157,太景*-KY,24,9,15,元大-東泰,2023-07-03,9817
020038,元大ESG配息N,14,0,14,元大-東泰,2023-07-03,9817
3711,日月光投控,15,1,14,元大-東泰,2023-07-03,9817
6223,旺矽,16,2,14,元大-東泰,2023-07-03,9817
3265,台星科,15,2,13,元大-東泰,2023-07-03,9817
1101,台泥,14,1,13,元大-東泰,2023-07-03,9817
5351,鈺創,12,0,12,元大-東泰,2023-07-03,9817
3046,建��,12,0,12,元大-東泰,2023-07-03,9817
3576,聯合再生,14,2,12,元大-東泰,2023-07-03,9817
2331,精英,15,3,12,元大-東泰,2023-07-03,9817
2885,元大金,12,0,12,元大-東泰,2023-07-03,9817
3583,辛耘,12,1,11,元大-東泰,2023-07-03,9817
1528,恩德,21,10,11,元大-東泰,2023-07-03,9817
1712,興農,12,1,11,元大-東泰,2023-07-03,9817
6153,嘉聯益,12,1,11,元大-東泰,2023-07-03,9817
2069,運錩,12,1,11,元大-東泰,2023-07-03,9817
2707,晶華,12,1,11,元大-東泰,2023-07-03,9817
2486,一詮,16,5,11,元大-東泰,2023-07-03,9817
2412,中華電,14,3,11,元大-東泰,2023-07-03,9817
6548,長科*,10,0,10,元大-東泰,2023-07-03,9817
4904,遠傳,10,0,10,元大-東泰,2023-07-03,9817
00929,復華台灣科技優息,12,2,10,元大-東泰,2023-07-03,9817
1103,嘉泥,10,0,10,元大-東泰,2023-07-03,9817
8086,宏捷科,10,0,10,元大-東泰,2023-07-03,9817
1217,愛之味,140,1,139,元大-東泰,2023-07-04,9817
2609,陽明,200,67,133,元大-東泰,2023-07-04,9817
2317,鴻海,118,8,110,元大-東泰,2023-07-04,9817
2382,廣達,136,40,96,元大-東泰,2023-07-04,9817
00893,國泰智能電動車,81,21,60,元大-東泰,2023-07-04,9817
2801,彰銀,53,0,53,元大-東泰,2023-07-04,9817
3665,貿聯-KY,51,0,51,元大-東泰,2023-07-04,9817
2890,永豐金,50,1,49,元大-東泰,2023-07-04,9817
1514,亞力,54,9,45,元大-東泰,2023-07-04,9817
6112,邁達特,37,2,35,元大-東泰,2023-07-04,9817
2897,王道銀行,35,0,35,元大-東泰,2023-07-04,9817
2883,凱基金,69,34,35,元大-東泰,2023-07-04,9817
8105,凌巨,36,2,34,元大-東泰,2023-07-04,9817
2371,大同,68,34,34,元大-東泰,2023-07-04,9817
2002,中鋼,36,2,34,元大-東泰,2023-07-04,9817
2603,長榮,201,167,34,元大-東泰,2023-07-04,9817
2707,晶華,33,0,33,元大-東泰,2023-07-04,9817
2485,兆赫,31,0,31,元大-東泰,2023-07-04,9817
2615,萬海,106,79,27,元大-東泰,2023-07-04,9817
2409,友達,34,7,27,元大-東泰,2023-07-04,9817
4906,正文,38,12,26,元大-東泰,2023-07-04,9817
4543,萬在,32,7,25,元大-東泰,2023-07-04,9817
00631L,元大台灣50正2,24,0,24,元大-東泰,2023-07-04,9817
1513,中興電,34,11,23,元大-東泰,2023-07-04,9817
1471,首利,22,0,22,元大-東泰,2023-07-04,9817
2486,一詮,47,25,22,元大-東泰,2023-07-04,9817
3078,僑威,29,8,21,元大-東泰,2023-07-04,9817
2449,京元電子,33,13,20,元大-東泰,2023-07-04,9817
3532,台勝科,20,1,19,元大-東泰,2023-07-04,9817
2314,台揚,19,0,19,元大-東泰,2023-07-04,9817
4157,太景*-KY,21,2,19,元大-東泰,2023-07-04,9817
2104,國際中橡,18,0,18,元大-東泰,2023-07-04,9817
6190,萬泰科,19,1,18,元大-東泰,2023-07-04,9817
3265,台星科,19,1,18,元大-東泰,2023-07-04,9817
2419,仲琦,32,15,17,元大-東泰,2023-07-04,9817
2352,佳世達,17,0,17,元大-東泰,2023-07-04,9817
4129,聯合,16,0,16,元大-東泰,2023-07-04,9817
6153,嘉聯益,16,0,16,元大-東泰,2023-07-04,9817
6125,廣運,19,4,15,元大-東泰,2023-07-04,9817
2421,建準,50,35,15,元大-東泰,2023-07-04,9817
2885,元大金,20,5,15,元大-東泰,2023-07-04,9817
6719,力智,15,1,14,元大-東泰,2023-07-04,9817
6770,力積電,14,0,14,元大-東泰,2023-07-04,9817
1584,精剛,29,15,14,元大-東泰,2023-07-04,9817
2884,玉山金,23,9,14,元大-東泰,2023-07-04,9817
4915,致伸,14,1,13,元大-東泰,2023-07-04,9817
1810,和成,13,0,13,元大-東泰,2023-07-04,9817
5871A,中租-KY甲特,13,0,13,元大-東泰,2023-07-04,9817
3481,群創,23,10,13,元大-東泰,2023-07-04,9817
4938,和碩,12,0,12,元大-東泰,2023-07-04,9817
2609,陽明,246,118,128,元大-東泰,2023-07-05,9817
2356,英業達,110,43,67,元大-東泰,2023-07-05,9817
1314,中石化,62,0,62,元大-東泰,2023-07-05,9817
2888,新光金,57,2,55,元大-東泰,2023-07-05,9817
2610,華航,84,31,53,元大-東泰,2023-07-05,9817
2317,鴻海,55,8,47,元大-東泰,2023-07-05,9817
2303,聯電,52,8,44,元大-東泰,2023-07-05,9817
1905,華紙,47,5,42,元大-東泰,2023-07-05,9817
1522,堤維西,44,2,42,元大-東泰,2023-07-05,9817
2323,中環,81,40,41,元大-東泰,2023-07-05,9817
00927,群益半導體收益,40,0,40,元大-東泰,2023-07-05,9817
3706,神達,62,24,38,元大-東泰,2023-07-05,9817
2405,輔信,38,1,37,元大-東泰,2023-07-05,9817
5381,合正,36,0,36,元大-東泰,2023-07-05,9817
2801,彰銀,37,2,35,元大-東泰,2023-07-05,9817
4919,新唐,79,45,34,元大-東泰,2023-07-05,9817
4114,健喬,33,2,31,元大-東泰,2023-07-05,9817
4532,瑞智,31,2,29,元大-東泰,2023-07-05,9817
2328,廣宇,29,1,28,元大-東泰,2023-07-05,9817
0056,元大高股息,65,38,27,元大-東泰,2023-07-05,9817
3047,訊舟,27,0,27,元大-東泰,2023-07-05,9817
4938,和碩,24,0,24,元大-東泰,2023-07-05,9817
00929,復華台灣科技優息,30,6,24,元大-東泰,2023-07-05,9817
4904,遠傳,23,0,23,元大-東泰,2023-07-05,9817
2427,三商電,221,199,22,元大-東泰,2023-07-05,9817
3372,典範,33,11,22,元大-東泰,2023-07-05,9817
3231,緯創,81,59,22,元大-東泰,2023-07-05,9817
2883,凱基金,22,1,21,元大-東泰,2023-07-05,9817
1101,台泥,23,2,21,元大-東泰,2023-07-05,9817
1815,富喬,22,1,21,元大-東泰,2023-07-05,9817
2369,菱生,39,19,20,元大-東泰,2023-07-05,9817
2371,大同,56,36,20,元大-東泰,2023-07-05,9817
6245,立端,20,1,19,元大-東泰,2023-07-05,9817
2809,京城銀,19,0,19,元大-東泰,2023-07-05,9817
5243,乙盛-KY,27,8,19,元大-東泰,2023-07-05,9817
3532,台勝科,18,0,18,元大-東泰,2023-07-05,9817
3576,聯合再生,23,5,18,元大-東泰,2023-07-05,9817
2337,旺宏,20,3,17,元大-東泰,2023-07-05,9817
4142,國光生,17,0,17,元大-東泰,2023-07-05,9817
00905,FT臺灣Smart,20,3,17,元大-東泰,2023-07-05,9817
2820,華票,21,5,16,元大-東泰,2023-07-05,9817
4572,駐龍,16,0,16,元大-東泰,2023-07-05,9817
3260,威剛,23,7,16,元大-東泰,2023-07-05,9817
1513,中興電,28,13,15,元大-東泰,2023-07-05,9817
2449,京元電子,22,7,15,元大-東泰,2023-07-05,9817
2419,仲琦,22,7,15,元大-東泰,2023-07-05,9817
2887,台新金,15,0,15,元大-東泰,2023-07-05,9817
2206,三陽工業,21,6,15,元大-東泰,2023-07-05,9817
3564,其陽,15,0,15,元大-東泰,2023-07-05,9817
8936,國統,15,0,15,元大-東泰,2023-07-05,9817
1504,東元,305,5,300,元大-東泰,2023-07-06,9817
2323,中環,195,41,154,元大-東泰,2023-07-06,9817
4108,懷特,127,2,125,元大-東泰,2023-07-06,9817
1513,中興電,109,6,103,元大-東泰,2023-07-06,9817
2883,凱基金,94,12,82,元大-東泰,2023-07-06,9817
8215,明基材,116,39,77,元大-東泰,2023-07-06,9817
2329,華泰,90,15,75,元大-東泰,2023-07-06,9817
2801,彰銀,72,1,71,元大-東泰,2023-07-06,9817
00927,群益半導體收益,86,20,66,元大-東泰,2023-07-06,9817
1609,大亞,68,4,64,元大-東泰,2023-07-06,9817
2609,陽明,112,55,57,元大-東泰,2023-07-06,9817
2002,中鋼,68,11,57,元大-東泰,2023-07-06,9817
00688L,國泰20年美債正2,55,0,55,元大-東泰,2023-07-06,9817
2880,華南金,53,0,53,元大-東泰,2023-07-06,9817
6282,康舒,78,31,47,元大-東泰,2023-07-06,9817
0056,元大高股息,84,40,44,元大-東泰,2023-07-06,9817
1904,正隆,41,0,41,元大-東泰,2023-07-06,9817
1101,台泥,47,6,41,元大-東泰,2023-07-06,9817
2891,中信金,40,1,39,元大-東泰,2023-07-06,9817
00679B,元大美債20年,37,0,37,元大-東泰,2023-07-06,9817
00878,國泰永續高股息,57,21,36,元大-東泰,2023-07-06,9817
6770,力積電,36,1,35,元大-東泰,2023-07-06,9817
2634,漢翔,45,10,35,元大-東泰,2023-07-06,9817
2618,長榮航,76,44,32,元大-東泰,2023-07-06,9817
4510,高鋒,37,6,31,元大-東泰,2023-07-06,9817
4129,聯合,35,5,30,元大-東泰,2023-07-06,9817
2409,友達,75,45,30,元大-東泰,2023-07-06,9817
3178,公準,29,0,29,元大-東泰,2023-07-06,9817
2888,新光金,50,22,28,元大-東泰,2023-07-06,9817
1471,首利,35,7,28,元大-東泰,2023-07-06,9817
4934,太極,45,17,28,元大-東泰,2023-07-06,9817
1905,華紙,33,5,28,元大-東泰,2023-07-06,9817
2330,台積電,31,3,28,元大-東泰,2023-07-06,9817
2881,富邦金,28,1,27,元大-東泰,2023-07-06,9817
00888,永豐台灣ESG,27,0,27,元大-東泰,2023-07-06,9817
3013,晟銘電,101,75,26,元大-東泰,2023-07-06,9817
8085,福華,26,0,26,元大-東泰,2023-07-06,9817
1301,台塑,32,7,25,元大-東泰,2023-07-06,9817
3481,群創,103,78,25,元大-東泰,2023-07-06,9817
00919,群益台灣精選高息,27,2,25,元大-東泰,2023-07-06,9817
4114,健喬,23,0,23,元大-東泰,2023-07-06,9817
2892,第一金,23,0,23,元大-東泰,2023-07-06,9817
2887,台新金,26,3,23,元大-東泰,2023-07-06,9817
3037,欣興,33,10,23,元大-東泰,2023-07-06,9817
00673R,期元大S＆P原油反1,22,0,22,元大-東泰,2023-07-06,9817
5381,合正,22,0,22,元大-東泰,2023-07-06,9817
00929,復華台灣科技優息,22,0,22,元大-東泰,2023-07-06,9817
8358,金居,27,6,21,元大-東泰,2023-07-06,9817
3048,益登,26,5,21,元大-東泰,2023-07-06,9817
00905,FT臺灣Smart,23,2,21,元大-東泰,2023-07-06,9817
00632R,元大台灣50反1,802,20,782,元大-東泰,2023-07-07,9817
00669R,國泰美國道瓊反1,160,0,160,元大-東泰,2023-07-07,9817
3481,群創,172,15,157,元大-東泰,2023-07-07,9817
2883,凱基金,132,0,132,元大-東泰,2023-07-07,9817
00929,復華台灣科技優息,65,0,65,元大-東泰,2023-07-07,9817
2834,臺企銀,69,5,64,元大-東泰,2023-07-07,9817
2344,華邦電,73,13,60,元大-東泰,2023-07-07,9817
4108,懷特,60,2,58,元大-東泰,2023-07-07,9817
3715,定穎投控,83,26,57,元大-東泰,2023-07-07,9817
00688L,國泰20年美債正2,52,0,52,元大-東泰,2023-07-07,9817
00720B,元大投資級公司債,51,1,50,元大-東泰,2023-07-07,9817
2892,第一金,43,3,40,元大-東泰,2023-07-07,9817
00679B,元大美債20年,32,0,32,元大-東泰,2023-07-07,9817
00878,國泰永續高股息,66,35,31,元大-東泰,2023-07-07,9817
3178,公準,32,1,31,元大-東泰,2023-07-07,9817
2402,毅嘉,32,2,30,元大-東泰,2023-07-07,9817
1471,首利,32,2,30,元大-東泰,2023-07-07,9817
2888,新光金,32,4,28,元大-東泰,2023-07-07,9817
2887,台新金,25,0,25,元大-東泰,2023-07-07,9817
6116,彩晶,33,8,25,元大-東泰,2023-07-07,9817
8085,福華,35,10,25,元大-東泰,2023-07-07,9817
6278,台表科,25,0,25,元大-東泰,2023-07-07,9817
00712,復華富時不動產,25,1,24,元大-東泰,2023-07-07,9817
3260,威剛,27,3,24,元大-東泰,2023-07-07,9817
00885,富邦越南,23,0,23,元大-東泰,2023-07-07,9817
6161,捷波,23,0,23,元大-東泰,2023-07-07,9817
00927,群益半導體收益,34,11,23,元大-東泰,2023-07-07,9817
2634,漢翔,37,15,22,元大-東泰,2023-07-07,9817
00673R,期元大S＆P原油反1,22,0,22,元大-東泰,2023-07-07,9817
00637L,元大滬深300正2,24,2,22,元大-東泰,2023-07-07,9817
8076,伍豐,27,6,21,元大-東泰,2023-07-07,9817
6160,欣技,21,0,21,元大-東泰,2023-07-07,9817
1101,台泥,33,13,20,元大-東泰,2023-07-07,9817
6414,樺漢,21,1,20,元大-東泰,2023-07-07,9817
2340,台亞,44,24,20,元大-東泰,2023-07-07,9817
00665L,富邦�琤肭磪囓�2,20,0,20,元大-東泰,2023-07-07,9817
2603,長榮,48,28,20,元大-東泰,2023-07-07,9817
8105,凌巨,20,1,19,元大-東泰,2023-07-07,9817
00882,中信中國高股息,29,10,19,元大-東泰,2023-07-07,9817
3006,晶豪科,19,0,19,元大-東泰,2023-07-07,9817
2427,三商電,55,37,18,元大-東泰,2023-07-07,9817
6125,廣運,23,5,18,元大-東泰,2023-07-07,9817
2002,中鋼,23,5,18,元大-東泰,2023-07-07,9817
8150,南茂,20,2,18,元大-東泰,2023-07-07,9817
6182,合晶,27,10,17,元大-東泰,2023-07-07,9817
1301,台塑,21,5,16,元大-東泰,2023-07-07,9817
00722B,群益投資級電信債,16,0,16,元大-東泰,2023-07-07,9817
1905,華紙,16,0,16,元大-東泰,2023-07-07,9817
1904,正隆,16,1,15,元大-東泰,2023-07-07,9817
8033,雷虎,17,2,15,元大-東泰,2023-07-07,9817
2023,燁輝,104,0,104,元大-東泰,2023-07-10,9817
2323,中環,101,4,97,元大-東泰,2023-07-10,9817
5381,合正,96,0,96,元大-東泰,2023-07-10,9817
2880,華南金,78,0,78,元大-東泰,2023-07-10,9817
4532,瑞智,141,66,75,元大-東泰,2023-07-10,9817
5460,同協,73,4,69,元大-東泰,2023-07-10,9817
2409,友達,65,7,58,元大-東泰,2023-07-10,9817
1504,東元,72,16,56,元大-東泰,2023-07-10,9817
1217,愛之味,66,13,53,元大-東泰,2023-07-10,9817
00929,復華台灣科技優息,57,6,51,元大-東泰,2023-07-10,9817
2317,鴻海,51,1,50,元大-東泰,2023-07-10,9817
1101,台泥,52,2,50,元大-東泰,2023-07-10,9817
2485,兆赫,51,1,50,元大-東泰,2023-07-10,9817
0056,元大高股息,65,15,50,元大-東泰,2023-07-10,9817
2427,三商電,46,4,42,元大-東泰,2023-07-10,9817
2444,兆勁,98,58,40,元大-東泰,2023-07-10,9817
00751B,元大AAA至A公司債,32,0,32,元大-東泰,2023-07-10,9817
00688L,國泰20年美債正2,32,0,32,元大-東泰,2023-07-10,9817
2312,金寶,31,2,29,元大-東泰,2023-07-10,9817
2303,聯電,36,9,27,元大-東泰,2023-07-10,9817
00772B,中信高評級公司債,32,6,26,元大-東泰,2023-07-10,9817
00679B,元大美債20年,24,0,24,元大-東泰,2023-07-10,9817
1434,福懋,23,0,23,元大-東泰,2023-07-10,9817
6120,達運,34,12,22,元大-東泰,2023-07-10,9817
2634,漢翔,29,8,21,元大-東泰,2023-07-10,9817
00722B,群益投資級電信債,20,0,20,元大-東泰,2023-07-10,9817
2495,普安,22,2,20,元大-東泰,2023-07-10,9817
6182,合晶,36,16,20,元大-東泰,2023-07-10,9817
00670L,富邦NASDAQ正2,20,0,20,元大-東泰,2023-07-10,9817
00669R,國泰美國道瓊反1,20,0,20,元大-東泰,2023-07-10,9817
3576,聯合再生,20,0,20,元大-東泰,2023-07-10,9817
2897,王道銀行,20,0,20,元大-東泰,2023-07-10,9817
2884,玉山金,21,1,20,元大-東泰,2023-07-10,9817
6770,力積電,19,0,19,元大-東泰,2023-07-10,9817
1709,和益,19,0,19,元大-東泰,2023-07-10,9817
6589,台康生技,18,0,18,元大-東泰,2023-07-10,9817
00632R,元大台灣50反1,23,5,18,元大-東泰,2023-07-10,9817
3339,泰谷,20,2,18,元大-東泰,2023-07-10,9817
3380,明泰,23,5,18,元大-東泰,2023-07-10,9817
2891,中信金,18,1,17,元大-東泰,2023-07-10,9817
8085,福華,30,13,17,元大-東泰,2023-07-10,9817
8163,達方,16,0,16,元大-東泰,2023-07-10,9817
2489,瑞軒,16,0,16,元大-東泰,2023-07-10,9817
6116,彩晶,16,0,16,元大-東泰,2023-07-10,9817
00882,中信中國高股息,23,7,16,元大-東泰,2023-07-10,9817
2609,陽明,98,83,15,元大-東泰,2023-07-10,9817
4906,正文,15,1,14,元大-東泰,2023-07-10,9817
2618,長榮航,48,34,14,元大-東泰,2023-07-10,9817
2449,京元電子,16,2,14,元大-東泰,2023-07-10,9817
5410,國眾,14,1,13,元大-東泰,2023-07-10,9817
2010,春源,61,0,61,元大-東泰,2023-07-11,9817
2340,台亞,113,55,58,元大-東泰,2023-07-11,9817
6139,亞翔,54,5,49,元大-東泰,2023-07-11,9817
4526,東台,50,4,46,元大-東泰,2023-07-11,9817
4510,高鋒,56,13,43,元大-東泰,2023-07-11,9817
5381,合正,42,0,42,元大-東泰,2023-07-11,9817
2371,大同,70,29,41,元大-東泰,2023-07-11,9817
2609,陽明,74,33,41,元大-東泰,2023-07-11,9817
3178,公準,38,0,38,元大-東泰,2023-07-11,9817
1522,堤維西,47,9,38,元大-東泰,2023-07-11,9817
2485,兆赫,28,0,28,元大-東泰,2023-07-11,9817
1605,華新,33,7,26,元大-東泰,2023-07-11,9817
3016,嘉晶,35,9,26,元大-東泰,2023-07-11,9817
2317,鴻海,26,2,24,元大-東泰,2023-07-11,9817
2405,輔信,24,0,24,元大-東泰,2023-07-11,9817
1103,嘉泥,22,0,22,元大-東泰,2023-07-11,9817
2495,普安,21,0,21,元大-東泰,2023-07-11,9817
2427,三商電,22,2,20,元大-東泰,2023-07-11,9817
1714,和桐,20,0,20,元大-東泰,2023-07-11,9817
3346,麗清,25,6,19,元大-東泰,2023-07-11,9817
2867,三商壽,20,1,19,元大-東泰,2023-07-11,9817
00772B,中信高評級公司債,20,1,19,元大-東泰,2023-07-11,9817
2328,廣宇,33,15,18,元大-東泰,2023-07-11,9817
00929,復華台灣科技優息,20,2,18,元大-東泰,2023-07-11,9817
3047,訊舟,17,0,17,元大-東泰,2023-07-11,9817
1101,台泥,28,11,17,元大-東泰,2023-07-11,9817
3596,智易,19,4,15,元大-東泰,2023-07-11,9817
2419,仲琦,33,18,15,元大-東泰,2023-07-11,9817
2385,群光,16,1,15,元大-東泰,2023-07-11,9817
2889,國票金,15,1,14,元大-東泰,2023-07-11,9817
2329,華泰,22,8,14,元大-東泰,2023-07-11,9817
6509,聚和,20,6,14,元大-東泰,2023-07-11,9817
1809,中釉,14,0,14,元大-東泰,2023-07-11,9817
8105,凌巨,15,1,14,元大-東泰,2023-07-11,9817
2323,中環,44,31,13,元大-東泰,2023-07-11,9817
00673R,期元大S＆P原油反1,13,0,13,元大-東泰,2023-07-11,9817
00631L,元大台灣50正2,12,0,12,元大-東泰,2023-07-11,9817
5475,德宏,12,0,12,元大-東泰,2023-07-11,9817
4916,事欣科,18,7,11,元大-東泰,2023-07-11,9817
2406,國碩,11,0,11,元大-東泰,2023-07-11,9817
2444,兆勁,33,22,11,元大-東泰,2023-07-11,9817
3311,閎暉,11,0,11,元大-東泰,2023-07-11,9817
3058,立德,11,0,11,元大-東泰,2023-07-11,9817
6548,長科*,11,0,11,元大-東泰,2023-07-11,9817
4527,方土霖,13,2,11,元大-東泰,2023-07-11,9817
2031,新光鋼,10,0,10,元大-東泰,2023-07-11,9817
6425,易發,10,0,10,元大-東泰,2023-07-11,9817
00722B,群益投資級電信債,10,0,10,元大-東泰,2023-07-11,9817
6016,康和證,13,3,10,元大-東泰,2023-07-11,9817
3025,星通,61,51,10,元大-東泰,2023-07-11,9817
2610,華航,156,88,68,元大-東泰,2023-07-12,9817
2002,中鋼,64,2,62,元大-東泰,2023-07-12,9817
2618,長榮航,124,64,60,元大-東泰,2023-07-12,9817
2409,友達,87,31,56,元大-東泰,2023-07-12,9817
2609,陽明,95,41,54,元大-東泰,2023-07-12,9817
2303,聯電,73,20,53,元大-東泰,2023-07-12,9817
3219,倚強科,48,0,48,元大-東泰,2023-07-12,9817
2801,彰銀,44,2,42,元大-東泰,2023-07-12,9817
2444,兆勁,55,15,40,元大-東泰,2023-07-12,9817
00905,FT臺灣Smart,51,12,39,元大-東泰,2023-07-12,9817
2485,兆赫,67,32,35,元大-東泰,2023-07-12,9817
8033,雷虎,36,1,35,元大-東泰,2023-07-12,9817
6285,啟��,42,9,33,元大-東泰,2023-07-12,9817
00772B,中信高評級公司債,31,0,31,元大-東泰,2023-07-12,9817
3481,群創,60,29,31,元大-東泰,2023-07-12,9817
8093,保銳,30,0,30,元大-東泰,2023-07-12,9817
6505,台塑化,34,4,30,元大-東泰,2023-07-12,9817
4953,緯軟,31,2,29,元大-東泰,2023-07-12,9817
6182,合晶,35,9,26,元大-東泰,2023-07-12,9817
1584,精剛,30,4,26,元大-東泰,2023-07-12,9817
3062,建漢,26,0,26,元大-東泰,2023-07-12,9817
3576,聯合再生,26,0,26,元大-東泰,2023-07-12,9817
4533,協易機,45,21,24,元大-東泰,2023-07-12,9817
3025,星通,39,16,23,元大-東泰,2023-07-12,9817
6770,力積電,22,0,22,元大-東泰,2023-07-12,9817
9904,寶成,22,0,22,元大-東泰,2023-07-12,9817
2630,亞航,23,2,21,元大-東泰,2023-07-12,9817
00673R,期元大S＆P原油反1,21,0,21,元大-東泰,2023-07-12,9817
6509,聚和,26,5,21,元大-東泰,2023-07-12,9817
2317,鴻海,30,9,21,元大-東泰,2023-07-12,9817
2405,輔信,20,0,20,元大-東泰,2023-07-12,9817
1810,和成,20,0,20,元大-東泰,2023-07-12,9817
2603,長榮,37,18,19,元大-東泰,2023-07-12,9817
3037,欣興,31,12,19,元大-東泰,2023-07-12,9817
00919,群益台灣精選高息,18,0,18,元大-東泰,2023-07-12,9817
1513,中興電,48,30,18,元大-東泰,2023-07-12,9817
1604,聲寶,17,0,17,元大-東泰,2023-07-12,9817
2421,建準,29,13,16,元大-東泰,2023-07-12,9817
2374,佳能,17,1,16,元大-東泰,2023-07-12,9817
5381,合正,16,0,16,元大-東泰,2023-07-12,9817
2371,大同,64,48,16,元大-東泰,2023-07-12,9817
2412,中華電,15,0,15,元大-東泰,2023-07-12,9817
1907,永豐餘,16,1,15,元大-東泰,2023-07-12,9817
4108,懷特,22,7,15,元大-東泰,2023-07-12,9817
2106,建大,15,0,15,元大-東泰,2023-07-12,9817
2344,華邦電,32,18,14,元大-東泰,2023-07-12,9817
8050,廣積,14,0,14,元大-東泰,2023-07-12,9817
3665,貿聯-KY,15,1,14,元大-東泰,2023-07-12,9817
6116,彩晶,13,0,13,元大-東泰,2023-07-12,9817
6494,九齊,13,0,13,元大-東泰,2023-07-12,9817
2618,長榮航,250,122,128,元大-東泰,2023-07-13,9817
6282,康舒,93,3,90,元大-東泰,2023-07-13,9817
4402,郡都開發,75,0,75,元大-東泰,2023-07-13,9817
00640L,富邦日本正2,60,0,60,元大-東泰,2023-07-13,9817
2610,華航,122,63,59,元大-東泰,2023-07-13,9817
1609,大亞,65,8,57,元大-東泰,2023-07-13,9817
2897,王道銀行,50,0,50,元大-東泰,2023-07-13,9817
1584,精剛,50,3,47,元大-東泰,2023-07-13,9817
00882,中信中國高股息,58,12,46,元大-東泰,2023-07-13,9817
2883,凱基金,43,3,40,元大-東泰,2023-07-13,9817
00930,永豐ESG低碳高息,40,0,40,元大-東泰,2023-07-13,9817
3231,緯創,151,114,37,元大-東泰,2023-07-13,9817
00900,富邦特選高股息30,41,6,35,元大-東泰,2023-07-13,9817
2303,聯電,41,8,33,元大-東泰,2023-07-13,9817
2104,國際中橡,27,0,27,元大-東泰,2023-07-13,9817
3576,聯合再生,24,0,24,元大-東泰,2023-07-13,9817
1904,正隆,22,0,22,元大-東泰,2023-07-13,9817
6443,元晶,23,2,21,元大-東泰,2023-07-13,9817
4934,太極,23,3,20,元大-東泰,2023-07-13,9817
2022,聚亨,20,0,20,元大-東泰,2023-07-13,9817
2425,承啟,23,3,20,元大-東泰,2023-07-13,9817
00772B,中信高評級公司債,20,1,19,元大-東泰,2023-07-13,9817
1217,愛之味,22,3,19,元大-東泰,2023-07-13,9817
3532,台勝科,24,6,18,元大-東泰,2023-07-13,9817
3219,倚強科,18,0,18,元大-東泰,2023-07-13,9817
6190,萬泰科,24,7,17,元大-東泰,2023-07-13,9817
6218,豪勉,17,1,16,元大-東泰,2023-07-13,9817
3045,台灣大,16,0,16,元大-東泰,2023-07-13,9817
2401,凌陽,38,22,16,元大-東泰,2023-07-13,9817
00929,復華台灣科技優息,27,11,16,元大-東泰,2023-07-13,9817
4157,太景*-KY,15,0,15,元大-東泰,2023-07-13,9817
2834,臺企銀,16,1,15,元大-東泰,2023-07-13,9817
6139,亞翔,24,9,15,元大-東泰,2023-07-13,9817
3363,上詮,15,0,15,元大-東泰,2023-07-13,9817
2880,華南金,13,0,13,元大-東泰,2023-07-13,9817
2105,正新,18,5,13,元大-東泰,2023-07-13,9817
9904,寶成,13,0,13,元大-東泰,2023-07-13,9817
2359,所羅門,39,27,12,元大-東泰,2023-07-13,9817
2606,裕民,12,0,12,元大-東泰,2023-07-13,9817
3311,閎暉,12,0,12,元大-東泰,2023-07-13,9817
2882,國泰金,12,1,11,元大-東泰,2023-07-13,9817
3374,精材,13,2,11,元大-東泰,2023-07-13,9817
2399,映泰,17,6,11,元大-東泰,2023-07-13,9817
6578,達邦蛋白,11,0,11,元大-東泰,2023-07-13,9817
2516,新建,11,0,11,元大-東泰,2023-07-13,9817
3543,州巧,11,0,11,元大-東泰,2023-07-13,9817
8215,明基材,27,16,11,元大-東泰,2023-07-13,9817
6278,台表科,11,0,11,元大-東泰,2023-07-13,9817
2331,精英,14,4,10,元大-東泰,2023-07-13,9817
2867,三商壽,10,0,10,元大-東泰,2023-07-13,9817
00673R,期元大S＆P原油反1,212,3,209,元大-東泰,2023-07-14,9817
2888,新光金,226,39,187,元大-東泰,2023-07-14,9817
2323,中環,154,8,146,元大-東泰,2023-07-14,9817
1217,愛之味,110,1,109,元大-東泰,2023-07-14,9817
3481,群創,168,69,99,元大-東泰,2023-07-14,9817
1513,中興電,150,62,88,元大-東泰,2023-07-14,9817
2328,廣宇,123,41,82,元大-東泰,2023-07-14,9817
2356,英業達,271,233,38,元大-東泰,2023-07-14,9817
2352,佳世達,85,53,32,元大-東泰,2023-07-14,9817
2449,京元電子,33,3,30,元大-東泰,2023-07-14,9817
5457,宣德,33,3,30,元大-東泰,2023-07-14,9817
2371,大同,135,106,29,元大-東泰,2023-07-14,9817
2634,漢翔,36,10,26,元大-東泰,2023-07-14,9817
00772B,中信高評級公司債,24,0,24,元大-東泰,2023-07-14,9817
5388,中磊,24,0,24,元大-東泰,2023-07-14,9817
8215,明基材,23,1,22,元大-東泰,2023-07-14,9817
6443,元晶,25,3,22,元大-東泰,2023-07-14,9817
2603,長榮,34,12,22,元大-東泰,2023-07-14,9817
2609,陽明,28,6,22,元大-東泰,2023-07-14,9817
2303,聯電,36,17,19,元大-東泰,2023-07-14,9817
6282,康舒,23,4,19,元大-東泰,2023-07-14,9817
2382,廣達,75,56,19,元大-東泰,2023-07-14,9817
8358,金居,22,4,18,元大-東泰,2023-07-14,9817
2353,宏��,47,29,18,元大-東泰,2023-07-14,9817
1905,華紙,37,19,18,元大-東泰,2023-07-14,9817
00905,FT臺灣Smart,19,2,17,元大-東泰,2023-07-14,9817
6235,華孚,35,18,17,元大-東泰,2023-07-14,9817
2301,光寶科,94,77,17,元大-東泰,2023-07-14,9817
2421,建準,45,29,16,元大-東泰,2023-07-14,9817
2617,台航,15,0,15,元大-東泰,2023-07-14,9817
020022,元大電動車N,15,0,15,元大-東泰,2023-07-14,9817
5607,遠雄港,15,1,14,元大-東泰,2023-07-14,9817
1319,東陽,15,1,14,元大-東泰,2023-07-14,9817
2486,一詮,20,7,13,元大-東泰,2023-07-14,9817
4532,瑞智,16,3,13,元大-東泰,2023-07-14,9817
6288,聯嘉,13,0,13,元大-東泰,2023-07-14,9817
00722B,群益投資級電信債,12,0,12,元大-東泰,2023-07-14,9817
2344,華邦電,23,11,12,元大-東泰,2023-07-14,9817
2002,中鋼,32,21,11,元大-東泰,2023-07-14,9817
1540,喬福,16,5,11,元大-東泰,2023-07-14,9817
3062,建漢,22,11,11,元大-東泰,2023-07-14,9817
5243,乙盛-KY,11,0,11,元大-東泰,2023-07-14,9817
6116,彩晶,23,12,11,元大-東泰,2023-07-14,9817
6278,台表科,11,0,11,元大-東泰,2023-07-14,9817
8033,雷虎,15,5,10,元大-東泰,2023-07-14,9817
1809,中釉,10,0,10,元大-東泰,2023-07-14,9817
1528,恩德,10,0,10,元大-東泰,2023-07-14,9817
1618,合機,18,8,10,元大-東泰,2023-07-14,9817
4916,事欣科,11,1,10,元大-東泰,2023-07-14,9817
00930,永豐ESG低碳高息,10,0,10,元大-東泰,2023-07-14,9817
1513,中興電,825,555,270,元大-東泰,2023-07-17,9817
1217,愛之味,122,19,103,元大-東泰,2023-07-17,9817
2886,兆豐金,102,3,99,元大-東泰,2023-07-17,9817
2881,富邦金,102,20,82,元大-東泰,2023-07-17,9817
2618,長榮航,83,22,61,元大-東泰,2023-07-17,9817
00753L,中信中國50正2,50,0,50,元大-東泰,2023-07-17,9817
2461,光群雷,50,0,50,元大-東泰,2023-07-17,9817
2328,廣宇,56,7,49,元大-東泰,2023-07-17,9817
2399,映泰,55,14,41,元大-東泰,2023-07-17,9817
2610,華航,70,30,40,元大-東泰,2023-07-17,9817
00929,復華台灣科技優息,118,80,38,元大-東泰,2023-07-17,9817
1711,永光,48,10,38,元大-東泰,2023-07-17,9817
4402,郡都開發,34,0,34,元大-東泰,2023-07-17,9817
3013,晟銘電,39,6,33,元大-東泰,2023-07-17,9817
00715L,期街口布蘭特正2,33,0,33,元大-東泰,2023-07-17,9817
00680L,元大美債20正2,32,0,32,元大-東泰,2023-07-17,9817
8942,森鉅,30,0,30,元大-東泰,2023-07-17,9817
3532,台勝科,30,1,29,元大-東泰,2023-07-17,9817
1101,台泥,34,6,28,元大-東泰,2023-07-17,9817
5009,榮剛,30,2,28,元大-東泰,2023-07-17,9817
3231,緯創,41,13,28,元大-東泰,2023-07-17,9817
2609,陽明,52,24,28,元大-東泰,2023-07-17,9817
2344,華邦電,57,31,26,元大-東泰,2023-07-17,9817
1504,東元,89,67,22,元大-東泰,2023-07-17,9817
2606,裕民,28,6,22,元大-東泰,2023-07-17,9817
3540,曜越,27,5,22,元大-東泰,2023-07-17,9817
3591,艾笛森,21,0,21,元大-東泰,2023-07-17,9817
6235,華孚,23,2,21,元大-東泰,2023-07-17,9817
2882,國泰金,103,82,21,元大-東泰,2023-07-17,9817
00632R,元大台灣50反1,25,5,20,元大-東泰,2023-07-17,9817
00631L,元大台灣50正2,20,0,20,元大-東泰,2023-07-17,9817
2419,仲琦,27,7,20,元大-東泰,2023-07-17,9817
00722B,群益投資級電信債,20,0,20,元大-東泰,2023-07-17,9817
2883,凱基金,76,57,19,元大-東泰,2023-07-17,9817
2637,慧洋-KY,20,1,19,元大-東泰,2023-07-17,9817
3037,欣興,35,16,19,元大-東泰,2023-07-17,9817
8358,金居,21,3,18,元大-東泰,2023-07-17,9817
3051,力特,17,0,17,元大-東泰,2023-07-17,9817
00896,中信綠能及電動車,16,0,16,元大-東泰,2023-07-17,9817
00882,中信中國高股息,16,0,16,元大-東泰,2023-07-17,9817
1591,駿吉-KY,15,0,15,元大-東泰,2023-07-17,9817
2885,元大金,29,14,15,元大-東泰,2023-07-17,9817
3219,倚強科,14,0,14,元大-東泰,2023-07-17,9817
2329,華泰,54,40,14,元大-東泰,2023-07-17,9817
00900,富邦特選高股息30,13,0,13,元大-東泰,2023-07-17,9817
2382,廣達,54,41,13,元大-東泰,2023-07-17,9817
2634,漢翔,21,8,13,元大-東泰,2023-07-17,9817
6005,群益證,13,0,13,元大-東泰,2023-07-17,9817
2371,大同,124,111,13,元大-東泰,2023-07-17,9817
6179,亞通,16,3,13,元大-東泰,2023-07-17,9817
00929,復華台灣科技優息,463,19,444,元大-東泰,2023-07-18,9817
2812,台中銀,317,2,315,元大-東泰,2023-07-18,9817
2324,仁寶,384,85,299,元大-東泰,2023-07-18,9817
2312,金寶,401,191,210,元大-東泰,2023-07-18,9817
1313,聯成,272,109,163,元大-東泰,2023-07-18,9817
6282,康舒,363,223,140,元大-東泰,2023-07-18,9817
2409,友達,163,29,134,元大-東泰,2023-07-18,9817
2881,富邦金,105,11,94,元大-東泰,2023-07-18,9817
1605,華新,81,7,74,元大-東泰,2023-07-18,9817
00882,中信中國高股息,71,1,70,元大-東泰,2023-07-18,9817
2371,大同,76,6,70,元大-東泰,2023-07-18,9817
1609,大亞,139,71,68,元大-東泰,2023-07-18,9817
2461,光群雷,57,1,56,元大-東泰,2023-07-18,9817
3481,群創,74,21,53,元大-東泰,2023-07-18,9817
1217,愛之味,53,3,50,元大-東泰,2023-07-18,9817
6153,嘉聯益,49,0,49,元大-東泰,2023-07-18,9817
2515,中工,59,11,48,元大-東泰,2023-07-18,9817
4938,和碩,106,61,45,元大-東泰,2023-07-18,9817
8150,南茂,47,2,45,元大-東泰,2023-07-18,9817
9105,泰金寶-DR,50,10,40,元大-東泰,2023-07-18,9817
4906,正文,42,2,40,元大-東泰,2023-07-18,9817
1301,台塑,39,3,36,元大-東泰,2023-07-18,9817
1909,榮成,40,5,35,元大-東泰,2023-07-18,9817
2340,台亞,71,39,32,元大-東泰,2023-07-18,9817
8927,北基,31,0,31,元大-東泰,2023-07-18,9817
2633,台灣高鐵,30,0,30,元大-東泰,2023-07-18,9817
3715,定穎投控,31,3,28,元大-東泰,2023-07-18,9817
1522,堤維西,31,3,28,元大-東泰,2023-07-18,9817
2352,佳世達,79,51,28,元大-東泰,2023-07-18,9817
2449,京元電子,68,40,28,元大-東泰,2023-07-18,9817
6122,擎邦,53,26,27,元大-東泰,2023-07-18,9817
1101,台泥,31,5,26,元大-東泰,2023-07-18,9817
3704,合勤控,79,53,26,元大-東泰,2023-07-18,9817
2883,凱基金,26,0,26,元大-東泰,2023-07-18,9817
6116,彩晶,35,10,25,元大-東泰,2023-07-18,9817
2405,輔信,35,10,25,元大-東泰,2023-07-18,9817
4960,誠美材,25,0,25,元大-東泰,2023-07-18,9817
4934,太極,24,1,23,元大-東泰,2023-07-18,9817
1504,東元,53,29,24,元大-東泰,2023-07-18,9817
8936,國統,30,7,23,元大-東泰,2023-07-18,9817
00722B,群益投資級電信債,21,0,21,元大-東泰,2023-07-18,9817
1904,正隆,20,0,20,元大-東泰,2023-07-18,9817
00720B,元大投資級公司債,20,0,20,元大-東泰,2023-07-18,9817
5222,全訊,20,1,19,元大-東泰,2023-07-18,9817
2323,中環,21,2,19,元大-東泰,2023-07-18,9817
8085,福華,18,0,18,元大-東泰,2023-07-18,9817
2201,裕隆,18,1,17,元大-東泰,2023-07-18,9817
1785,光洋科,17,0,17,元大-東泰,2023-07-18,9817
00878,國泰永續高股息,160,144,16,元大-東泰,2023-07-18,9817
4533,協易機,91,75,16,元大-東泰,2023-07-18,9817
2881,富邦金,306,0,306,元大-東泰,2023-07-19,9817
00929,復華台灣科技優息,142,20,122,元大-東泰,2023-07-19,9817
2609,陽明,148,36,112,元大-東泰,2023-07-19,9817
3481,群創,59,1,58,元大-東泰,2023-07-19,9817
2618,長榮航,93,35,58,元大-東泰,2023-07-19,9817
2312,金寶,157,109,48,元大-東泰,2023-07-19,9817
2812,台中銀,54,11,43,元大-東泰,2023-07-19,9817
00753L,中信中國50正2,53,11,42,元大-東泰,2023-07-19,9817
2461,光群雷,56,15,41,元大-東泰,2023-07-19,9817
2801,彰銀,44,4,40,元大-東泰,2023-07-19,9817
2610,華航,75,38,37,元大-東泰,2023-07-19,9817
4533,協易機,87,51,36,元大-東泰,2023-07-19,9817
8201,無敵,35,1,34,元大-東泰,2023-07-19,9817
4906,正文,35,1,34,元大-東泰,2023-07-19,9817
1313,聯成,46,13,33,元大-東泰,2023-07-19,9817
1402,遠東新,32,0,32,元大-東泰,2023-07-19,9817
8027,鈦昇,41,10,31,元大-東泰,2023-07-19,9817
2883,凱基金,46,16,30,元大-東泰,2023-07-19,9817
2340,台亞,85,56,29,元大-東泰,2023-07-19,9817
2515,中工,38,12,26,元大-東泰,2023-07-19,9817
3178,公準,25,0,25,元大-東泰,2023-07-19,9817
00927,群益半導體收益,32,8,24,元大-東泰,2023-07-19,9817
1712,興農,30,8,22,元大-東泰,2023-07-19,9817
2329,華泰,93,72,21,元大-東泰,2023-07-19,9817
6235,華孚,38,18,20,元大-東泰,2023-07-19,9817
1522,堤維西,51,31,20,元大-東泰,2023-07-19,9817
6153,嘉聯益,20,0,20,元大-東泰,2023-07-19,9817
4402,郡都開發,20,0,20,元大-東泰,2023-07-19,9817
8092,建暐,20,0,20,元大-東泰,2023-07-19,9817
4175,杏一,20,0,20,元大-東泰,2023-07-19,9817
1529,樂事綠能,19,0,19,元大-東泰,2023-07-19,9817
2317,鴻海,21,2,19,元大-東泰,2023-07-19,9817
2603,長榮,36,19,17,元大-東泰,2023-07-19,9817
2382,廣達,55,38,17,元大-東泰,2023-07-19,9817
2399,映泰,23,6,17,元大-東泰,2023-07-19,9817
8936,國統,18,2,16,元大-東泰,2023-07-19,9817
6244,茂迪,18,2,16,元大-東泰,2023-07-19,9817
4138,曜亞,18,2,16,元大-東泰,2023-07-19,9817
00713,元大台灣高息低波,22,7,15,元大-東泰,2023-07-19,9817
5608,四維航,15,0,15,元大-東泰,2023-07-19,9817
00888,永豐台灣ESG,16,1,15,元大-東泰,2023-07-19,9817
1584,精剛,18,4,14,元大-東泰,2023-07-19,9817
2358,廷鑫,14,0,14,元大-東泰,2023-07-19,9817
2425,承啟,25,11,14,元大-東泰,2023-07-19,9817
3062,建漢,14,0,14,元大-東泰,2023-07-19,9817
3338,泰碩,21,8,13,元大-東泰,2023-07-19,9817
4121,優盛,18,5,13,元大-東泰,2023-07-19,9817
6179,亞通,14,1,13,元大-東泰,2023-07-19,9817
4566,時碩工業,19,6,13,元大-東泰,2023-07-19,9817
3037,欣興,54,41,13,元大-東泰,2023-07-19,9817
2609,陽明,101,33,68,元大-東泰,2023-07-20,9817
00929,復華台灣科技優息,66,0,66,元大-東泰,2023-07-20,9817
2409,友達,55,21,34,元大-東泰,2023-07-20,9817
1529,樂事綠能,48,18,30,元大-東泰,2023-07-20,9817
2332,友訊,30,1,29,元大-東泰,2023-07-20,9817
2206,三陽工業,54,25,29,元大-東泰,2023-07-20,9817
1522,堤維西,25,0,25,元大-東泰,2023-07-20,9817
2515,中工,29,6,23,元大-東泰,2023-07-20,9817
6530,創威,24,1,23,元大-東泰,2023-07-20,9817
3481,群創,29,7,22,元大-東泰,2023-07-20,9817
2867,三商壽,20,0,20,元大-東泰,2023-07-20,9817
2303,聯電,96,77,19,元大-東泰,2023-07-20,9817
3149,正達,18,0,18,元大-東泰,2023-07-20,9817
2337,旺宏,22,5,17,元大-東泰,2023-07-20,9817
2352,佳世達,27,10,17,元大-東泰,2023-07-20,9817
3441,聯一光,20,3,17,元大-東泰,2023-07-20,9817
3532,台勝科,23,6,17,元大-東泰,2023-07-20,9817
2436,偉詮電,34,18,16,元大-東泰,2023-07-20,9817
2028,威致,16,0,16,元大-東泰,2023-07-20,9817
4543,萬在,16,0,16,元大-東泰,2023-07-20,9817
3260,威剛,14,0,14,元大-東泰,2023-07-20,9817
5301,寶得利,15,1,14,元大-東泰,2023-07-20,9817
1304,台聚,15,1,14,元大-東泰,2023-07-20,9817
2892,第一金,13,0,13,元大-東泰,2023-07-20,9817
00633L,富邦上証正2,13,0,13,元大-東泰,2023-07-20,9817
6116,彩晶,13,0,13,元大-東泰,2023-07-20,9817
2324,仁寶,70,57,13,元大-東泰,2023-07-20,9817
1513,中興電,16,3,13,元大-東泰,2023-07-20,9817
3714,富采,15,3,12,元大-東泰,2023-07-20,9817
1721,三晃,12,0,12,元大-東泰,2023-07-20,9817
2317,鴻海,12,1,11,元大-東泰,2023-07-20,9817
3494,誠研,11,0,11,元大-東泰,2023-07-20,9817
2312,金寶,21,10,11,元大-東泰,2023-07-20,9817
6288,聯嘉,11,0,11,元大-東泰,2023-07-20,9817
1301,台塑,13,3,10,元大-東泰,2023-07-20,9817
1314,中石化,10,0,10,元大-東泰,2023-07-20,9817
3005,神基,10,0,10,元大-東泰,2023-07-20,9817
1783,和康生,10,0,10,元大-東泰,2023-07-20,9817
1524,耿鼎,18,8,10,元大-東泰,2023-07-20,9817
1416,廣豐,10,0,10,元大-東泰,2023-07-20,9817
6158,禾昌,10,0,10,元大-東泰,2023-07-20,9817
00715L,期街口布蘭特正2,10,0,10,元大-東泰,2023-07-20,9817
2362,藍天,10,0,10,元大-東泰,2023-07-20,9817
3587,閎康,10,1,9,元大-東泰,2023-07-20,9817
3346,麗清,18,9,9,元大-東泰,2023-07-20,9817
6198,瑞築,9,0,9,元大-東泰,2023-07-20,9817
1504,東元,12,3,9,元大-東泰,2023-07-20,9817
6190,萬泰科,10,1,9,元大-東泰,2023-07-20,9817
2022,聚亨,10,1,9,元大-東泰,2023-07-20,9817
2405,輔信,11,2,9,元大-東泰,2023-07-20,9817
00632R,元大台灣50反1,321,27,294,元大-東泰,2023-07-21,9817
2834,臺企銀,127,1,126,元大-東泰,2023-07-21,9817
2634,漢翔,62,1,61,元大-東泰,2023-07-21,9817
2883,凱基金,63,8,55,元大-東泰,2023-07-21,9817
00751B,元大AAA至A公司債,51,0,51,元大-東泰,2023-07-21,9817
2618,長榮航,69,19,50,元大-東泰,2023-07-21,9817
1102,亞泥,50,1,49,元大-東泰,2023-07-21,9817
6282,康舒,51,2,49,元大-東泰,2023-07-21,9817
2303,聯電,76,34,42,元大-東泰,2023-07-21,9817
6188,廣明,66,26,40,元大-東泰,2023-07-21,9817
2344,華邦電,42,4,38,元大-東泰,2023-07-21,9817
00929,復華台灣科技優息,44,8,36,元大-東泰,2023-07-21,9817
2330,台積電,47,12,35,元大-東泰,2023-07-21,9817
1513,中興電,208,173,35,元大-東泰,2023-07-21,9817
00680L,元大美債20正2,33,0,33,元大-東泰,2023-07-21,9817
2867,三商壽,32,0,32,元大-東泰,2023-07-21,9817
2633,台灣高鐵,32,0,32,元大-東泰,2023-07-21,9817
00673R,期元大S＆P原油反1,31,0,31,元大-東泰,2023-07-21,9817
2382,廣達,92,61,31,元大-東泰,2023-07-21,9817
2206,三陽工業,39,9,30,元大-東泰,2023-07-21,9817
1605,華新,45,16,29,元大-東泰,2023-07-21,9817
2610,華航,63,35,28,元大-東泰,2023-07-21,9817
8215,明基材,27,0,27,元大-東泰,2023-07-21,9817
2609,陽明,37,11,26,元大-東泰,2023-07-21,9817
3037,欣興,48,23,25,元大-東泰,2023-07-21,9817
2515,中工,23,1,22,元大-東泰,2023-07-21,9817
1101,台泥,32,10,22,元大-東泰,2023-07-21,9817
4529,淳紳,20,0,20,元大-東泰,2023-07-21,9817
2352,佳世達,26,6,20,元大-東泰,2023-07-21,9817
00679B,元大美債20年,18,0,18,元大-東泰,2023-07-21,9817
1609,大亞,85,67,18,元大-東泰,2023-07-21,9817
4123,晟德,24,7,17,元大-東泰,2023-07-21,9817
4953,緯軟,36,19,17,元大-東泰,2023-07-21,9817
3051,力特,21,5,16,元大-東泰,2023-07-21,9817
00720B,元大投資級公司債,16,0,16,元大-東泰,2023-07-21,9817
00905,FT臺灣Smart,16,0,16,元大-東泰,2023-07-21,9817
6274,台燿,28,12,16,元大-東泰,2023-07-21,9817
3682,亞太電,20,5,15,元大-東泰,2023-07-21,9817
2486,一詮,15,0,15,元大-東泰,2023-07-21,9817
1584,精剛,19,4,15,元大-東泰,2023-07-21,9817
2329,華泰,71,56,15,元大-東泰,2023-07-21,9817
3338,泰碩,36,22,14,元大-東泰,2023-07-21,9817
2454,聯發科,19,5,14,元大-東泰,2023-07-21,9817
2323,中環,19,5,14,元大-東泰,2023-07-21,9817
5425,台半,15,2,13,元大-東泰,2023-07-21,9817
2630,亞航,24,12,12,元大-東泰,2023-07-21,9817
6214,精誠,22,10,12,元大-東泰,2023-07-21,9817
00891,中信關鍵半導體,11,0,11,元大-東泰,2023-07-21,9817
1727,中華化,11,0,11,元大-東泰,2023-07-21,9817
2611,志信,11,0,11,元大-東泰,2023-07-21,9817
2618,長榮航,346,7,339,元大-東泰,2023-07-24,9817
00715L,期街口布蘭特正2,100,8,92,元大-東泰,2023-07-24,9817
2884,玉山金,85,3,82,元大-東泰,2023-07-24,9817
1752,南光,77,1,76,元大-東泰,2023-07-24,9817
1609,大亞,149,79,70,元大-東泰,2023-07-24,9817
00632R,元大台灣50反1,75,5,70,元大-東泰,2023-07-24,9817
6244,茂迪,63,0,63,元大-東泰,2023-07-24,9817
1104,環泥,60,0,60,元大-東泰,2023-07-24,9817
4533,協易機,63,4,59,元大-東泰,2023-07-24,9817
6282,康舒,65,7,58,元大-東泰,2023-07-24,9817
3481,群創,56,2,54,元大-東泰,2023-07-24,9817
3013,晟銘電,72,20,52,元大-東泰,2023-07-24,9817
00680L,元大美債20正2,44,0,44,元大-東泰,2023-07-24,9817
6179,亞通,40,0,40,元大-東泰,2023-07-24,9817
5285,界霖,37,0,37,元大-東泰,2023-07-24,9817
00929,復華台灣科技優息,40,4,36,元大-東泰,2023-07-24,9817
1905,華紙,120,84,36,元大-東泰,2023-07-24,9817
2352,佳世達,41,5,36,元大-東泰,2023-07-24,9817
3231,緯創,62,27,35,元大-東泰,2023-07-24,9817
2401,凌陽,35,1,34,元大-東泰,2023-07-24,9817
1101,台泥,46,16,30,元大-東泰,2023-07-24,9817
2812,台中銀,30,0,30,元大-東泰,2023-07-24,9817
00679B,元大美債20年,29,0,29,元大-東泰,2023-07-24,9817
2356,英業達,70,44,26,元大-東泰,2023-07-24,9817
1717,長興,24,0,24,元大-東泰,2023-07-24,9817
1504,東元,34,10,24,元大-東泰,2023-07-24,9817
2303,聯電,36,14,22,元大-東泰,2023-07-24,9817
2457,飛宏,28,7,21,元大-東泰,2023-07-24,9817
2498,宏達電,30,10,20,元大-東泰,2023-07-24,9817
4123,晟德,18,1,17,元大-東泰,2023-07-24,9817
3033,威健,17,0,17,元大-東泰,2023-07-24,9817
2301,光寶科,44,27,17,元大-東泰,2023-07-24,9817
2883,凱基金,16,0,16,元大-東泰,2023-07-24,9817
2461,光群雷,55,39,16,元大-東泰,2023-07-24,9817
3682,亞太電,15,0,15,元大-東泰,2023-07-24,9817
6016,康和證,16,2,14,元大-東泰,2023-07-24,9817
2405,輔信,16,2,14,元大-東泰,2023-07-24,9817
2485,兆赫,14,0,14,元大-東泰,2023-07-24,9817
00633L,富邦上証正2,14,0,14,元大-東泰,2023-07-24,9817
6125,廣運,21,7,14,元大-東泰,2023-07-24,9817
00882,中信中國高股息,24,11,13,元大-東泰,2023-07-24,9817
8421,旭源,13,0,13,元大-東泰,2023-07-24,9817
2458,義隆,18,5,13,元大-東泰,2023-07-24,9817
0050,元大台灣50,13,1,12,元大-東泰,2023-07-24,9817
6285,啟��,17,5,12,元大-東泰,2023-07-24,9817
3006,晶豪科,11,0,11,元大-東泰,2023-07-24,9817
3017,奇鋐,30,19,11,元大-東泰,2023-07-24,9817
1217,愛之味,32,21,11,元大-東泰,2023-07-24,9817
2367,燿華,11,0,11,元大-東泰,2023-07-24,9817
9908,大台北,11,0,11,元大-東泰,2023-07-24,9817
6290,良維,230,2,228,元大-東泰,2023-07-25,9817
4915,致伸,227,1,226,元大-東泰,2023-07-25,9817
3481,群創,120,17,103,元大-東泰,2023-07-25,9817
00929,復華台灣科技優息,96,11,85,元大-東泰,2023-07-25,9817
2382,廣達,158,115,43,元大-東泰,2023-07-25,9817
2405,輔信,51,12,39,元大-東泰,2023-07-25,9817
00640L,富邦日本正2,38,0,38,元大-東泰,2023-07-25,9817
3149,正達,35,0,35,元大-東泰,2023-07-25,9817
00634R,富邦上証反1,33,0,33,元大-東泰,2023-07-25,9817
2399,映泰,50,22,28,元大-東泰,2023-07-25,9817
00679B,元大美債20年,28,0,28,元大-東泰,2023-07-25,9817
00878,國泰永續高股息,155,128,27,元大-東泰,2023-07-25,9817
3105,穩懋,27,1,26,元大-東泰,2023-07-25,9817
6125,廣運,33,9,24,元大-東泰,2023-07-25,9817
2408,南亞科,26,3,23,元大-東泰,2023-07-25,9817
2883,凱基金,23,1,22,元大-東泰,2023-07-25,9817
00885,富邦越南,22,0,22,元大-東泰,2023-07-25,9817
2353,宏��,29,8,21,元大-東泰,2023-07-25,9817
00673R,期元大S＆P原油反1,19,0,19,元大-東泰,2023-07-25,9817
00680L,元大美債20正2,19,0,19,元大-東泰,2023-07-25,9817
3044,健鼎,22,4,18,元大-東泰,2023-07-25,9817
2610,華航,45,27,18,元大-東泰,2023-07-25,9817
1314,中石化,18,0,18,元大-東泰,2023-07-25,9817
1301,台塑,21,3,18,元大-東泰,2023-07-25,9817
00642U,期元大S＆P石油,20,2,18,元大-東泰,2023-07-25,9817
2421,建準,40,23,17,元大-東泰,2023-07-25,9817
6214,精誠,24,8,16,元大-東泰,2023-07-25,9817
2707,晶華,16,0,16,元大-東泰,2023-07-25,9817
2368,金像電,33,18,15,元大-東泰,2023-07-25,9817
2301,光寶科,59,44,15,元大-東泰,2023-07-25,9817
1102,亞泥,25,10,15,元大-東泰,2023-07-25,9817
00720B,元大投資級公司債,14,0,14,元大-東泰,2023-07-25,9817
1402,遠東新,14,0,14,元大-東泰,2023-07-25,9817
6285,啟��,16,3,13,元大-東泰,2023-07-25,9817
6282,康舒,17,5,12,元大-東泰,2023-07-25,9817
2609,陽明,14,3,11,元大-東泰,2023-07-25,9817
1444,力麗,11,0,11,元大-東泰,2023-07-25,9817
3013,晟銘電,65,54,11,元大-東泰,2023-07-25,9817
3694,海華,11,0,11,元大-東泰,2023-07-25,9817
1305,華夏,11,0,11,元大-東泰,2023-07-25,9817
6411,晶焱,17,6,11,元大-東泰,2023-07-25,9817
2634,漢翔,16,6,10,元大-東泰,2023-07-25,9817
2603,長榮,12,2,10,元大-東泰,2023-07-25,9817
2498,宏達電,15,5,10,元大-東泰,2023-07-25,9817
00631L,元大台灣50正2,10,0,10,元大-東泰,2023-07-25,9817
3189,景碩,10,0,10,元大-東泰,2023-07-25,9817
3041,揚智,10,0,10,元大-東泰,2023-07-25,9817
2605,新興,10,0,10,元大-東泰,2023-07-25,9817
6117,迎廣,10,0,10,元大-東泰,2023-07-25,9817
6606,建德工業,10,0,10,元大-東泰,2023-07-25,9817
2618,長榮航,319,35,284,元大-東泰,2023-07-26,9817
1504,東元,239,129,110,元大-東泰,2023-07-26,9817
1905,華紙,117,19,98,元大-東泰,2023-07-26,9817
2444,兆勁,83,0,83,元大-東泰,2023-07-26,9817
3049,精金,70,0,70,元大-東泰,2023-07-26,9817
6290,良維,71,2,69,元大-東泰,2023-07-26,9817
00929,復華台灣科技優息,68,5,63,元大-東泰,2023-07-26,9817
8027,鈦昇,49,0,49,元大-東泰,2023-07-26,9817
6120,達運,41,1,40,元大-東泰,2023-07-26,9817
3481,群創,76,36,40,元大-東泰,2023-07-26,9817
2317,鴻海,42,10,32,元大-東泰,2023-07-26,9817
2371,大同,43,11,32,元大-東泰,2023-07-26,9817
3625,西勝,32,0,32,元大-東泰,2023-07-26,9817
2337,旺宏,31,0,31,元大-東泰,2023-07-26,9817
6112,邁達特,47,18,29,元大-東泰,2023-07-26,9817
1618,合機,76,48,28,元大-東泰,2023-07-26,9817
3450,聯鈞,30,2,28,元大-東泰,2023-07-26,9817
6161,捷波,26,0,26,元大-東泰,2023-07-26,9817
2603,長榮,33,8,25,元大-東泰,2023-07-26,9817
2303,聯電,35,10,25,元大-東泰,2023-07-26,9817
00679B,元大美債20年,24,0,24,元大-東泰,2023-07-26,9817
3704,合勤控,26,3,23,元大-東泰,2023-07-26,9817
6841,長佳智能,23,1,22,元大-東泰,2023-07-26,9817
2328,廣宇,25,3,22,元大-東泰,2023-07-26,9817
3006,晶豪科,22,0,22,元大-東泰,2023-07-26,9817
00632R,元大台灣50反1,22,0,22,元大-東泰,2023-07-26,9817
4934,太極,22,0,22,元大-東泰,2023-07-26,9817
2468,華經,23,1,22,元大-東泰,2023-07-26,9817
2201,裕隆,32,10,22,元大-東泰,2023-07-26,9817
2027,大成鋼,29,8,21,元大-東泰,2023-07-26,9817
2406,國碩,20,0,20,元大-東泰,2023-07-26,9817
00636,國泰中國A50,20,0,20,元大-東泰,2023-07-26,9817
8038,長園科,20,0,20,元大-東泰,2023-07-26,9817
4915,致伸,29,10,19,元大-東泰,2023-07-26,9817
00919,群益台灣精選高息,19,0,19,元大-東泰,2023-07-26,9817
2354,鴻準,18,0,18,元大-東泰,2023-07-26,9817
1210,大成,20,4,16,元大-東泰,2023-07-26,9817
2884,玉山金,22,6,16,元大-東泰,2023-07-26,9817
2615,萬海,21,5,16,元大-東泰,2023-07-26,9817
4526,東台,18,2,16,元大-東泰,2023-07-26,9817
00680L,元大美債20正2,16,0,16,元大-東泰,2023-07-26,9817
6125,廣運,20,5,15,元大-東泰,2023-07-26,9817
6776,展�眥篕�,14,0,14,元大-東泰,2023-07-26,9817
00665L,富邦�琤肭磪囓�2,14,0,14,元大-東泰,2023-07-26,9817
6188,廣明,65,52,13,元大-東泰,2023-07-26,9817
00927,群益半導體收益,19,6,13,元大-東泰,2023-07-26,9817
2610,華航,33,20,13,元大-東泰,2023-07-26,9817
5392,能率,16,3,13,元大-東泰,2023-07-26,9817
8358,金居,46,33,13,元大-東泰,2023-07-26,9817
2421,建準,29,16,13,元大-東泰,2023-07-26,9817
2834,臺企銀,203,28,175,元大-東泰,2023-07-27,9817
6015,宏遠證,121,20,101,元大-東泰,2023-07-27,9817
4915,致伸,101,0,101,元大-東泰,2023-07-27,9817
2002,中鋼,63,1,62,元大-東泰,2023-07-27,9817
2340,台亞,68,17,51,元大-東泰,2023-07-27,9817
2431,聯昌,50,0,50,元大-東泰,2023-07-27,9817
00679B,元大美債20年,48,0,48,元大-東泰,2023-07-27,9817
8234,新漢,54,12,42,元大-東泰,2023-07-27,9817
2425,承啟,64,23,41,元大-東泰,2023-07-27,9817
2359,所羅門,65,25,40,元大-東泰,2023-07-27,9817
2887,台新金,61,24,37,元大-東泰,2023-07-27,9817
2353,宏��,59,27,32,元大-東泰,2023-07-27,9817
2421,建準,69,38,31,元大-東泰,2023-07-27,9817
2609,陽明,37,7,30,元大-東泰,2023-07-27,9817
6841,長佳智能,50,22,28,元大-東泰,2023-07-27,9817
2337,旺宏,34,6,28,元大-東泰,2023-07-27,9817
00878,國泰永續高股息,74,47,27,元大-東泰,2023-07-27,9817
1447,力鵬,35,9,26,元大-東泰,2023-07-27,9817
2605,新興,26,0,26,元大-東泰,2023-07-27,9817
2317,鴻海,35,9,26,元大-東泰,2023-07-27,9817
2419,仲琦,35,10,25,元大-東泰,2023-07-27,9817
00676R,富邦臺灣加權反1,25,0,25,元大-東泰,2023-07-27,9817
2801,彰銀,29,4,25,元大-東泰,2023-07-27,9817
2734,易飛網,37,14,23,元大-東泰,2023-07-27,9817
00902,中信電池及儲能,24,3,21,元大-東泰,2023-07-27,9817
6125,廣運,87,67,20,元大-東泰,2023-07-27,9817
8027,鈦昇,20,0,20,元大-東泰,2023-07-27,9817
8028,昇陽半導體,20,2,18,元大-東泰,2023-07-27,9817
3049,精金,45,27,18,元大-東泰,2023-07-27,9817
2812,台中銀,17,0,17,元大-東泰,2023-07-27,9817
1528,恩德,17,0,17,元大-東泰,2023-07-27,9817
2402,毅嘉,22,5,17,元大-東泰,2023-07-27,9817
1471,首利,16,0,16,元大-東泰,2023-07-27,9817
2356,英業達,38,22,16,元大-東泰,2023-07-27,9817
00772B,中信高評級公司債,15,0,15,元大-東泰,2023-07-27,9817
2301,光寶科,43,29,14,元大-東泰,2023-07-27,9817
1319,東陽,21,7,14,元大-東泰,2023-07-27,9817
3532,台勝科,28,14,14,元大-東泰,2023-07-27,9817
00919,群益台灣精選高息,13,0,13,元大-東泰,2023-07-27,9817
5880,合庫金,13,1,12,元大-東泰,2023-07-27,9817
3037,欣興,34,21,13,元大-東泰,2023-07-27,9817
1513,中興電,21,9,12,元大-東泰,2023-07-27,9817
2382,廣達,105,93,12,元大-東泰,2023-07-27,9817
3005,神基,13,1,12,元大-東泰,2023-07-27,9817
00882,中信中國高股息,21,10,11,元大-東泰,2023-07-27,9817
00786B,元大10年IG銀行債,11,0,11,元大-東泰,2023-07-27,9817
00751B,元大AAA至A公司債,13,2,11,元大-東泰,2023-07-27,9817
6213,聯茂,22,12,10,元大-東泰,2023-07-27,9817
00634R,富邦上証反1,10,0,10,元大-東泰,2023-07-27,9817
6411,晶焱,10,0,10,元大-東泰,2023-07-27,9817
2913,農林,150,57,93,元大-東泰,2023-07-28,9817
00680L,元大美債20正2,83,0,83,元大-東泰,2023-07-28,9817
1905,華紙,168,89,79,元大-東泰,2023-07-28,9817
00679B,元大美債20年,74,1,73,元大-東泰,2023-07-28,9817
00751B,元大AAA至A公司債,66,0,66,元大-東泰,2023-07-28,9817
2610,華航,114,52,62,元大-東泰,2023-07-28,9817
3711,日月光投控,80,22,58,元大-東泰,2023-07-28,9817
2303,聯電,65,16,49,元大-東泰,2023-07-28,9817
1313,聯成,48,3,45,元大-東泰,2023-07-28,9817
3231,緯創,172,134,38,元大-東泰,2023-07-28,9817
00688L,國泰20年美債正2,38,0,38,元大-東泰,2023-07-28,9817
8234,新漢,51,14,37,元大-東泰,2023-07-28,9817
00772B,中信高評級公司債,43,8,35,元大-東泰,2023-07-28,9817
2354,鴻準,33,2,31,元大-東泰,2023-07-28,9817
2633,台灣高鐵,30,0,30,元大-東泰,2023-07-28,9817
2882,國泰金,30,0,30,元大-東泰,2023-07-28,9817
2027,大成鋼,46,16,30,元大-東泰,2023-07-28,9817
1904,正隆,30,4,26,元大-東泰,2023-07-28,9817
2801,彰銀,26,0,26,元大-東泰,2023-07-28,9817
1609,大亞,29,3,26,元大-東泰,2023-07-28,9817
2897,王道銀行,25,0,25,元大-東泰,2023-07-28,9817
3011,今皓,25,0,25,元大-東泰,2023-07-28,9817
6275,元山,26,2,24,元大-東泰,2023-07-28,9817
00687B,國泰20年美債,23,0,23,元大-東泰,2023-07-28,9817
1612,宏泰,27,5,22,元大-東泰,2023-07-28,9817
2461,光群雷,29,7,22,元大-東泰,2023-07-28,9817
6133,金橋,27,6,21,元大-東泰,2023-07-28,9817
3499,環天科,20,0,20,元大-東泰,2023-07-28,9817
1560,中砂,20,0,20,元大-東泰,2023-07-28,9817
2002,中鋼,20,1,19,元大-東泰,2023-07-28,9817
8050,廣積,40,22,18,元大-東泰,2023-07-28,9817
2369,菱生,26,8,18,元大-東泰,2023-07-28,9817
2867,三商壽,18,0,18,元大-東泰,2023-07-28,9817
2489,瑞軒,17,0,17,元大-東泰,2023-07-28,9817
4123,晟德,27,10,17,元大-東泰,2023-07-28,9817
1605,華新,19,2,17,元大-東泰,2023-07-28,9817
2834,臺企銀,18,2,16,元大-東泰,2023-07-28,9817
00712,復華富時不動產,17,2,15,元大-東泰,2023-07-28,9817
1504,東元,38,23,15,元大-東泰,2023-07-28,9817
2419,仲琦,17,2,15,元大-東泰,2023-07-28,9817
1453,大將,16,1,15,元大-東泰,2023-07-28,9817
3607,谷崧,15,0,15,元大-東泰,2023-07-28,9817
1471,首利,14,0,14,元大-東泰,2023-07-28,9817
1802,台玻,83,69,14,元大-東泰,2023-07-28,9817
6016,康和證,15,1,14,元大-東泰,2023-07-28,9817
3450,聯鈞,14,0,14,元大-東泰,2023-07-28,9817
2358,廷鑫,14,0,14,元大-東泰,2023-07-28,9817
1342,八貫,14,0,14,元大-東泰,2023-07-28,9817
00795B,中信美國公債20年,13,0,13,元大-東泰,2023-07-28,9817
00847B,中信美國市政債,13,0,13,元大-東泰,2023-07-28,9817
00632R,元大台灣50反1,223,30,193,元大-東泰,2023-07-31,9817
2323,中環,127,3,124,元大-東泰,2023-07-31,9817
00878,國泰永續高股息,194,89,105,元大-東泰,2023-07-31,9817
2444,兆勁,183,86,97,元大-東泰,2023-07-31,9817
2002,中鋼,89,0,89,元大-東泰,2023-07-31,9817
2328,廣宇,91,10,81,元大-東泰,2023-07-31,9817
00679B,元大美債20年,70,0,70,元大-東泰,2023-07-31,9817
3231,緯創,157,89,68,元大-東泰,2023-07-31,9817
2609,陽明,84,19,65,元大-東泰,2023-07-31,9817
00665L,富邦�琤肭磪囓�2,53,0,53,元大-東泰,2023-07-31,9817
2436,偉詮電,55,4,51,元大-東泰,2023-07-31,9817
2610,華航,68,17,51,元大-東泰,2023-07-31,9817
00885,富邦越南,58,10,48,元大-東泰,2023-07-31,9817
00753L,中信中國50正2,51,4,47,元大-東泰,2023-07-31,9817
00919,群益台灣精選高息,63,16,47,元大-東泰,2023-07-31,9817
6147,頎邦,49,5,44,元大-東泰,2023-07-31,9817
2405,輔信,41,2,39,元大-東泰,2023-07-31,9817
2537,聯上發,38,0,38,元大-東泰,2023-07-31,9817
2402,毅嘉,72,36,36,元大-東泰,2023-07-31,9817
2329,華泰,290,254,36,元大-東泰,2023-07-31,9817
2606,裕民,38,5,33,元大-東泰,2023-07-31,9817
2891,中信金,34,1,33,元大-東泰,2023-07-31,9817
00900,富邦特選高股息30,45,13,32,元大-東泰,2023-07-31,9817
3265,台星科,38,6,32,元大-東泰,2023-07-31,9817
2887,台新金,35,3,32,元大-東泰,2023-07-31,9817
00930,永豐ESG低碳高息,30,0,30,元大-東泰,2023-07-31,9817
4915,致伸,30,1,29,元大-東泰,2023-07-31,9817
1319,東陽,31,3,28,元大-東泰,2023-07-31,9817
6274,台燿,39,11,28,元大-東泰,2023-07-31,9817
00923,群益台ESG低碳50,28,0,28,元大-東泰,2023-07-31,9817
2851,中再保,29,2,27,元大-東泰,2023-07-31,9817
6188,廣明,47,21,26,元大-東泰,2023-07-31,9817
4960,誠美材,33,7,26,元大-東泰,2023-07-31,9817
2615,萬海,26,1,25,元大-東泰,2023-07-31,9817
3044,健鼎,54,30,24,元大-東泰,2023-07-31,9817
3037,欣興,42,19,23,元大-東泰,2023-07-31,9817
2801,彰銀,28,7,21,元大-東泰,2023-07-31,9817
00772B,中信高評級公司債,20,0,20,元大-東泰,2023-07-31,9817
4108,懷特,20,0,20,元大-東泰,2023-07-31,9817
9105,泰金寶-DR,20,0,20,元大-東泰,2023-07-31,9817
2449,京元電子,25,5,20,元大-東泰,2023-07-31,9817
2603,長榮,23,3,20,元大-東泰,2023-07-31,9817
2301,光寶科,114,94,20,元大-東泰,2023-07-31,9817
4979,華星光,24,7,17,元大-東泰,2023-07-31,9817
2630,亞航,21,4,17,元大-東泰,2023-07-31,9817
6117,迎廣,19,2,17,元大-東泰,2023-07-31,9817
4123,晟德,17,0,17,元大-東泰,2023-07-31,9817
3706,神達,34,18,16,元大-東泰,2023-07-31,9817
5475,德宏,19,3,16,元大-東泰,2023-07-31,9817
3189,景碩,17,1,16,元大-東泰,2023-07-31,9817
00673R,期元大S＆P原油反1,221,0,221,元大-東泰,2023-08-01,9817
00929,復華台灣科技優息,250,40,210,元大-東泰,2023-08-01,9817
2323,中環,140,4,136,元大-東泰,2023-08-01,9817
2301,光寶科,195,91,104,元大-東泰,2023-08-01,9817
4915,致伸,82,0,82,元大-東泰,2023-08-01,9817
2312,金寶,76,19,57,元大-東泰,2023-08-01,9817
2913,農林,236,188,48,元大-東泰,2023-08-01,9817
6282,康舒,86,44,42,元大-東泰,2023-08-01,9817
6148,驊宏資,40,0,40,元大-東泰,2023-08-01,9817
2031,新光鋼,42,2,40,元大-東泰,2023-08-01,9817
1314,中石化,39,1,38,元大-東泰,2023-08-01,9817
3057,喬鼎,35,0,35,元大-東泰,2023-08-01,9817
2356,英業達,50,16,34,元大-東泰,2023-08-01,9817
2382,廣達,100,68,32,元大-東泰,2023-08-01,9817
00665L,富邦�琤肭磪囓�2,30,0,30,元大-東泰,2023-08-01,9817
2634,漢翔,32,2,30,元大-東泰,2023-08-01,9817
8234,新漢,30,0,30,元大-東泰,2023-08-01,9817
2344,華邦電,35,6,29,元大-東泰,2023-08-01,9817
5388,中磊,30,4,26,元大-東泰,2023-08-01,9817
1904,正隆,26,1,25,元大-東泰,2023-08-01,9817
00700,富邦�琤肭磪�,24,0,24,元大-東泰,2023-08-01,9817
2354,鴻準,22,0,22,元大-東泰,2023-08-01,9817
4919,新唐,33,12,21,元大-東泰,2023-08-01,9817
2891,中信金,21,0,21,元大-東泰,2023-08-01,9817
2353,宏��,25,4,21,元大-東泰,2023-08-01,9817
2401,凌陽,31,11,20,元大-東泰,2023-08-01,9817
3051,力特,20,0,20,元大-東泰,2023-08-01,9817
1909,榮成,20,0,20,元大-東泰,2023-08-01,9817
4108,懷特,20,0,20,元大-東泰,2023-08-01,9817
8215,明基材,20,0,20,元大-東泰,2023-08-01,9817
3105,穩懋,30,11,19,元大-東泰,2023-08-01,9817
2605,新興,25,6,19,元大-東泰,2023-08-01,9817
2801,彰銀,20,2,18,元大-東泰,2023-08-01,9817
8358,金居,22,5,17,元大-東泰,2023-08-01,9817
2425,承啟,53,36,17,元大-東泰,2023-08-01,9817
6161,捷波,20,3,17,元大-東泰,2023-08-01,9817
2426,鼎元,17,1,16,元大-東泰,2023-08-01,9817
3576,聯合再生,16,0,16,元大-東泰,2023-08-01,9817
2444,兆勁,25,10,15,元大-東泰,2023-08-01,9817
2406,國碩,15,0,15,元大-東泰,2023-08-01,9817
2881,富邦金,19,4,15,元大-東泰,2023-08-01,9817
1513,中興電,85,71,14,元大-東泰,2023-08-01,9817
00893,國泰智能電動車,14,0,14,元大-東泰,2023-08-01,9817
00930,永豐ESG低碳高息,14,0,14,元大-東泰,2023-08-01,9817
00679B,元大美債20年,17,3,14,元大-東泰,2023-08-01,9817
1905,華紙,22,9,13,元大-東泰,2023-08-01,9817
3032,偉訓,23,10,13,元大-東泰,2023-08-01,9817
2884,玉山金,12,0,12,元大-東泰,2023-08-01,9817
00633L,富邦上証正2,12,0,12,元大-東泰,2023-08-01,9817
2481,強茂,14,2,12,元大-東泰,2023-08-01,9817
00878,國泰永續高股息,544,195,349,元大-東泰,2023-08-02,9817
00900,富邦特選高股息30,164,7,157,元大-東泰,2023-08-02,9817
6290,良維,139,0,139,元大-東泰,2023-08-02,9817
00929,復華台灣科技優息,299,167,132,元大-東泰,2023-08-02,9817
3481,群創,131,18,113,元大-東泰,2023-08-02,9817
6120,達運,100,0,100,元大-東泰,2023-08-02,9817
2489,瑞軒,99,0,99,元大-東泰,2023-08-02,9817
1312,國喬,101,3,98,元大-東泰,2023-08-02,9817
00930,永豐ESG低碳高息,110,23,87,元大-東泰,2023-08-02,9817
00923,群益台ESG低碳50,82,0,82,元大-東泰,2023-08-02,9817
00751B,元大AAA至A公司債,72,2,70,元大-東泰,2023-08-02,9817
2436,偉詮電,74,8,66,元大-東泰,2023-08-02,9817
1605,華新,213,156,57,元大-東泰,2023-08-02,9817
2618,長榮航,70,18,52,元大-東泰,2023-08-02,9817
00673R,期元大S＆P原油反1,52,3,49,元大-東泰,2023-08-02,9817
00679B,元大美債20年,46,2,44,元大-東泰,2023-08-02,9817
2812,台中銀,40,0,40,元大-東泰,2023-08-02,9817
00669R,國泰美國道瓊反1,40,0,40,元大-東泰,2023-08-02,9817
00795B,中信美國公債20年,42,3,39,元大-東泰,2023-08-02,9817
2313,華通,37,1,36,元大-東泰,2023-08-02,9817
2002,中鋼,68,33,35,元大-東泰,2023-08-02,9817
1314,中石化,61,26,35,元大-東泰,2023-08-02,9817
6116,彩晶,32,0,32,元大-東泰,2023-08-02,9817
2886,兆豐金,33,1,32,元大-東泰,2023-08-02,9817
2882,國泰金,34,3,31,元大-東泰,2023-08-02,9817
2303,聯電,64,34,30,元大-東泰,2023-08-02,9817
2354,鴻準,31,1,30,元大-東泰,2023-08-02,9817
2883B,凱基金乙特,30,0,30,元大-東泰,2023-08-02,9817
3047,訊舟,30,1,29,元大-東泰,2023-08-02,9817
00772B,中信高評級公司債,28,0,28,元大-東泰,2023-08-02,9817
3231,緯創,168,139,29,元大-東泰,2023-08-02,9817
6282,康舒,85,59,26,元大-東泰,2023-08-02,9817
1905,華紙,129,103,26,元大-東泰,2023-08-02,9817
2399,映泰,27,1,26,元大-東泰,2023-08-02,9817
00885,富邦越南,26,3,23,元大-東泰,2023-08-02,9817
2880,華南金,23,0,23,元大-東泰,2023-08-02,9817
6770,力積電,24,2,22,元大-東泰,2023-08-02,9817
2301,光寶科,48,26,22,元大-東泰,2023-08-02,9817
8420,明揚,20,0,20,元大-東泰,2023-08-02,9817
3122,笙泉,20,0,20,元大-東泰,2023-08-02,9817
4934,太極,20,0,20,元大-東泰,2023-08-02,9817
00687B,國泰20年美債,20,0,20,元大-東泰,2023-08-02,9817
2612,中航,21,2,19,元大-東泰,2023-08-02,9817
2323,中環,19,1,18,元大-東泰,2023-08-02,9817
4746,台耀,48,30,18,元大-東泰,2023-08-02,9817
1101,台泥,25,7,18,元大-東泰,2023-08-02,9817
2498,宏達電,25,7,18,元大-東泰,2023-08-02,9817
6125,廣運,24,6,18,元大-東泰,2023-08-02,9817
2485,兆赫,17,0,17,元大-東泰,2023-08-02,9817
3209,全科,26,10,16,元大-東泰,2023-08-02,9817
00680L,元大美債20正2,208,45,163,元大-東泰,2023-08-04,9817
6120,達運,152,1,151,元大-東泰,2023-08-04,9817
8215,明基材,143,10,133,元大-東泰,2023-08-04,9817
2610,華航,133,1,132,元大-東泰,2023-08-04,9817
00712,復華富時不動產,125,3,122,元大-東泰,2023-08-04,9817
1605,華新,157,37,120,元大-東泰,2023-08-04,9817
00900,富邦特選高股息30,129,25,104,元大-東泰,2023-08-04,9817
2344,華邦電,236,133,103,元大-東泰,2023-08-04,9817
00929,復華台灣科技優息,138,55,83,元大-東泰,2023-08-04,9817
5009,榮剛,93,10,83,元大-東泰,2023-08-04,9817
2891,中信金,83,0,83,元大-東泰,2023-08-04,9817
00688L,國泰20年美債正2,82,8,74,元大-東泰,2023-08-04,9817
00679B,元大美債20年,77,7,70,元大-東泰,2023-08-04,9817
00878,國泰永續高股息,153,85,68,元大-東泰,2023-08-04,9817
2913,農林,278,212,66,元大-東泰,2023-08-04,9817
00673R,期元大S＆P原油反1,48,0,48,元大-東泰,2023-08-04,9817
00772B,中信高評級公司債,42,0,42,元大-東泰,2023-08-04,9817
00923,群益台ESG低碳50,42,0,42,元大-東泰,2023-08-04,9817
1609,大亞,133,96,37,元大-東泰,2023-08-04,9817
2867,三商壽,35,0,35,元大-東泰,2023-08-04,9817
00720B,元大投資級公司債,37,3,34,元大-東泰,2023-08-04,9817
2206,三陽工業,46,12,34,元大-東泰,2023-08-04,9817
00687B,國泰20年美債,40,11,29,元大-東泰,2023-08-04,9817
8234,新漢,28,2,26,元大-東泰,2023-08-04,9817
6274,台燿,29,4,25,元大-東泰,2023-08-04,9817
00665L,富邦�琤肭磪囓�2,23,0,23,元大-東泰,2023-08-04,9817
00751B,元大AAA至A公司債,23,2,21,元大-東泰,2023-08-04,9817
00847B,中信美國市政債,20,0,20,元大-東泰,2023-08-04,9817
2352,佳世達,34,15,19,元大-東泰,2023-08-04,9817
1608,華榮,35,16,19,元大-東泰,2023-08-04,9817
00919,群益台灣精選高息,23,5,18,元大-東泰,2023-08-04,9817
00795B,中信美國公債20年,18,0,18,元大-東泰,2023-08-04,9817
2388,威盛,27,9,18,元大-東泰,2023-08-04,9817
4960,誠美材,18,0,18,元大-東泰,2023-08-04,9817
3078,僑威,31,14,17,元大-東泰,2023-08-04,9817
1305,華夏,17,0,17,元大-東泰,2023-08-04,9817
9927,泰銘,16,0,16,元大-東泰,2023-08-04,9817
2382,廣達,58,43,15,元大-東泰,2023-08-04,9817
00905,FT臺灣Smart,15,0,15,元大-東泰,2023-08-04,9817
3231,緯創,144,130,14,元大-東泰,2023-08-04,9817
3004,豐達科,19,5,14,元大-東泰,2023-08-04,9817
2884,玉山金,14,0,14,元大-東泰,2023-08-04,9817
6282,康舒,24,10,14,元大-東泰,2023-08-04,9817
3029,零壹,23,10,13,元大-東泰,2023-08-04,9817
1904,正隆,15,2,13,元大-東泰,2023-08-04,9817
2886,兆豐金,17,4,13,元大-東泰,2023-08-04,9817
4123,晟德,12,0,12,元大-東泰,2023-08-04,9817
3209,全科,11,0,11,元大-東泰,2023-08-04,9817
1216,統一,11,0,11,元大-東泰,2023-08-04,9817
2323,中環,15,4,11,元大-東泰,2023-08-04,9817
2618,長榮航,447,119,328,元大-東泰,2023-08-07,9817
5452,佶優,207,1,206,元大-東泰,2023-08-07,9817
00665L,富邦�琤肭磪囓�2,137,0,137,元大-東泰,2023-08-07,9817
2913,農林,139,22,117,元大-東泰,2023-08-07,9817
2610,華航,129,18,111,元大-東泰,2023-08-07,9817
3481,群創,119,20,99,元大-東泰,2023-08-07,9817
2014,中鴻,127,41,86,元大-東泰,2023-08-07,9817
00929,復華台灣科技優息,97,37,60,元大-東泰,2023-08-07,9817
2609,陽明,69,13,56,元大-東泰,2023-08-07,9817
2891,中信金,46,3,43,元大-東泰,2023-08-07,9817
00931B,統一美債20年,40,0,40,元大-東泰,2023-08-07,9817
00720B,元大投資級公司債,37,1,36,元大-東泰,2023-08-07,9817
3024,憶聲,32,0,32,元大-東泰,2023-08-07,9817
2409,友達,55,24,31,元大-東泰,2023-08-07,9817
3689,湧德,36,5,31,元大-東泰,2023-08-07,9817
6139,亞翔,40,12,28,元大-東泰,2023-08-07,9817
4960,誠美材,30,4,26,元大-東泰,2023-08-07,9817
1904,正隆,29,4,25,元大-東泰,2023-08-07,9817
8930,青鋼,35,10,25,元大-東泰,2023-08-07,9817
1210,大成,24,0,24,元大-東泰,2023-08-07,9817
00882,中信中國高股息,24,0,24,元大-東泰,2023-08-07,9817
00772B,中信高評級公司債,20,1,19,元大-東泰,2023-08-07,9817
2486,一詮,18,1,17,元大-東泰,2023-08-07,9817
2352,佳世達,38,21,17,元大-東泰,2023-08-07,9817
3092,鴻碩,17,0,17,元大-東泰,2023-08-07,9817
2887,台新金,16,0,16,元大-東泰,2023-08-07,9817
4129,聯合,24,8,16,元大-東泰,2023-08-07,9817
3163,波若威,29,13,16,元大-東泰,2023-08-07,9817
3078,僑威,33,17,16,元大-東泰,2023-08-07,9817
4532,瑞智,19,4,15,元大-東泰,2023-08-07,9817
2892,第一金,23,8,15,元大-東泰,2023-08-07,9817
2301,光寶科,50,35,15,元大-東泰,2023-08-07,9817
1609,大亞,51,36,15,元大-東泰,2023-08-07,9817
6112,邁達特,15,1,14,元大-東泰,2023-08-07,9817
00637L,元大滬深300正2,25,11,14,元大-東泰,2023-08-07,9817
1314,中石化,20,6,14,元大-東泰,2023-08-07,9817
3338,泰碩,14,0,14,元大-東泰,2023-08-07,9817
00885,富邦越南,14,1,13,元大-東泰,2023-08-07,9817
00725B,國泰投資級公司債,12,0,12,元大-東泰,2023-08-07,9817
3706,神達,56,44,12,元大-東泰,2023-08-07,9817
2440,太空梭,13,1,12,元大-東泰,2023-08-07,9817
8096,擎亞,12,0,12,元大-東泰,2023-08-07,9817
4967,十銓,11,0,11,元大-東泰,2023-08-07,9817
00847B,中信美國市政債,10,0,10,元大-東泰,2023-08-07,9817
8049,晶采,10,0,10,元大-東泰,2023-08-07,9817
00930,永豐ESG低碳高息,10,0,10,元大-東泰,2023-08-07,9817
00923,群益台ESG低碳50,14,4,10,元大-東泰,2023-08-07,9817
00714,群益道瓊美國地產,10,0,10,元大-東泰,2023-08-07,9817
2392,正崴,10,0,10,元大-東泰,2023-08-07,9817
1313,聯成,10,0,10,元大-東泰,2023-08-07,9817
00929,復華台灣科技優息,266,7,259,元大-東泰,2023-08-08,9817
9934,成霖,237,0,237,元大-東泰,2023-08-08,9817
00673R,期元大S＆P原油反1,160,0,160,元大-東泰,2023-08-08,9817
1504,東元,113,2,111,元大-東泰,2023-08-08,9817
00900,富邦特選高股息30,105,2,103,元大-東泰,2023-08-08,9817
2882,國泰金,104,22,82,元大-東泰,2023-08-08,9817
2356,英業達,275,194,81,元大-東泰,2023-08-08,9817
3706,神達,94,18,76,元大-東泰,2023-08-08,9817
3231,緯創,190,117,73,元大-東泰,2023-08-08,9817
00931B,統一美債20年,67,1,66,元大-東泰,2023-08-08,9817
2801,彰銀,56,0,56,元大-東泰,2023-08-08,9817
2014,中鴻,54,0,54,元大-東泰,2023-08-08,9817
00753L,中信中國50正2,69,16,53,元大-東泰,2023-08-08,9817
2330,台積電,57,4,53,元大-東泰,2023-08-08,9817
2464,盟立,51,1,50,元大-東泰,2023-08-08,9817
00706L,期元大S＆P日圓正2,50,0,50,元大-東泰,2023-08-08,9817
2002,中鋼,63,15,48,元大-東泰,2023-08-08,9817
2382,廣達,125,88,37,元大-東泰,2023-08-08,9817
1444,力麗,34,0,34,元大-東泰,2023-08-08,9817
1609,大亞,43,11,32,元大-東泰,2023-08-08,9817
6285,啟��,40,10,30,元大-東泰,2023-08-08,9817
2409,友達,54,24,30,元大-東泰,2023-08-08,9817
2883,凱基金,33,4,29,元大-東泰,2023-08-08,9817
00878,國泰永續高股息,54,25,29,元大-東泰,2023-08-08,9817
4747,強生,29,1,28,元大-東泰,2023-08-08,9817
00919,群益台灣精選高息,28,1,27,元大-東泰,2023-08-08,9817
2884,玉山金,26,0,26,元大-東泰,2023-08-08,9817
00720B,元大投資級公司債,34,9,25,元大-東泰,2023-08-08,9817
00888,永豐台灣ESG,25,0,25,元大-東泰,2023-08-08,9817
00923,群益台ESG低碳50,25,0,25,元大-東泰,2023-08-08,9817
6191,精成科,30,8,22,元大-東泰,2023-08-08,9817
2303,聯電,22,1,21,元大-東泰,2023-08-08,9817
00885,富邦越南,21,0,21,元大-東泰,2023-08-08,9817
2371,大同,42,22,20,元大-東泰,2023-08-08,9817
4157,太景*-KY,20,0,20,元大-東泰,2023-08-08,9817
5353,台林,20,0,20,元大-東泰,2023-08-08,9817
8027,鈦昇,26,6,20,元大-東泰,2023-08-08,9817
6770,力積電,18,0,18,元大-東泰,2023-08-08,9817
2301,光寶科,40,22,18,元大-東泰,2023-08-08,9817
2352,佳世達,53,35,18,元大-東泰,2023-08-08,9817
3714,富采,26,8,18,元大-東泰,2023-08-08,9817
4129,聯合,19,1,18,元大-東泰,2023-08-08,9817
6125,廣運,19,1,18,元大-東泰,2023-08-08,9817
00899,FT潔淨能源,17,0,17,元大-東泰,2023-08-08,9817
2329,華泰,39,22,17,元大-東泰,2023-08-08,9817
00631L,元大台灣50正2,16,0,16,元大-東泰,2023-08-08,9817
2313,華通,31,15,16,元大-東泰,2023-08-08,9817
00764B,群益25年美債,15,0,15,元大-東泰,2023-08-08,9817
00882,中信中國高股息,15,0,15,元大-東泰,2023-08-08,9817
6139,亞翔,16,2,14,元大-東泰,2023-08-08,9817
6120,達運,195,0,195,元大-東泰,2023-08-09,9817
00929,復華台灣科技優息,85,1,84,元大-東泰,2023-08-09,9817
1605,華新,78,8,70,元大-東泰,2023-08-09,9817
00900,富邦特選高股息30,73,8,65,元大-東泰,2023-08-09,9817
2409,友達,66,3,63,元大-東泰,2023-08-09,9817
2329,華泰,71,23,48,元大-東泰,2023-08-09,9817
2002,中鋼,51,8,43,元大-東泰,2023-08-09,9817
2317,鴻海,41,3,38,元大-東泰,2023-08-09,9817
00931B,統一美債20年,37,0,37,元大-東泰,2023-08-09,9817
3689,湧德,44,7,37,元大-東泰,2023-08-09,9817
5425,台半,35,0,35,元大-東泰,2023-08-09,9817
00878,國泰永續高股息,45,10,35,元大-東泰,2023-08-09,9817
2890,永豐金,33,2,31,元大-東泰,2023-08-09,9817
5285,界霖,30,0,30,元大-東泰,2023-08-09,9817
2461,光群雷,34,6,28,元大-東泰,2023-08-09,9817
00893,國泰智能電動車,27,0,27,元大-東泰,2023-08-09,9817
5371,中光電,25,0,25,元大-東泰,2023-08-09,9817
1444,力麗,25,0,25,元大-東泰,2023-08-09,9817
2344,華邦電,24,1,23,元大-東泰,2023-08-09,9817
6282,康舒,34,11,23,元大-東泰,2023-08-09,9817
2352,佳世達,35,12,23,元大-東泰,2023-08-09,9817
3231,緯創,114,92,22,元大-東泰,2023-08-09,9817
6168,宏齊,20,0,20,元大-東泰,2023-08-09,9817
2444,兆勁,20,0,20,元大-東泰,2023-08-09,9817
5009,榮剛,20,0,20,元大-東泰,2023-08-09,9817
2382,廣達,62,43,19,元大-東泰,2023-08-09,9817
1584,精剛,20,1,19,元大-東泰,2023-08-09,9817
6470,宇智,17,0,17,元大-東泰,2023-08-09,9817
9907,統一實,17,0,17,元大-東泰,2023-08-09,9817
6770,力積電,17,1,16,元大-東泰,2023-08-09,9817
5880,合庫金,16,0,16,元大-東泰,2023-08-09,9817
00720B,元大投資級公司債,16,0,16,元大-東泰,2023-08-09,9817
2027,大成鋼,18,3,15,元大-東泰,2023-08-09,9817
5452,佶優,173,158,15,元大-東泰,2023-08-09,9817
6117,迎廣,15,0,15,元大-東泰,2023-08-09,9817
2603,長榮,18,4,14,元大-東泰,2023-08-09,9817
2301,光寶科,25,11,14,元大-東泰,2023-08-09,9817
3363,上詮,13,0,13,元大-東泰,2023-08-09,9817
1217,愛之味,24,11,13,元大-東泰,2023-08-09,9817
6116,彩晶,16,3,13,元大-東泰,2023-08-09,9817
00923,群益台ESG低碳50,12,1,11,元大-東泰,2023-08-09,9817
2303,聯電,26,15,11,元大-東泰,2023-08-09,9817
8446,華研,11,0,11,元大-東泰,2023-08-09,9817
8070,長華*,11,0,11,元大-東泰,2023-08-09,9817
3581,博磊,15,4,11,元大-東泰,2023-08-09,9817
00712,復華富時不動產,11,1,10,元大-東泰,2023-08-09,9817
8930,青鋼,10,0,10,元大-東泰,2023-08-09,9817
4904,遠傳,11,1,10,元大-東泰,2023-08-09,9817
1503,士電,14,4,10,元大-東泰,2023-08-09,9817
2891,中信金,15,5,10,元大-東泰,2023-08-09,9817
00878,國泰永續高股息,352,66,286,元大-東泰,2023-08-10,9817
00929,復華台灣科技優息,154,8,146,元大-東泰,2023-08-10,9817
2382,廣達,172,43,129,元大-東泰,2023-08-10,9817
2610,華航,129,48,81,元大-東泰,2023-08-10,9817
3231,緯創,184,104,80,元大-東泰,2023-08-10,9817
9927,泰銘,80,1,79,元大-東泰,2023-08-10,9817
1519,華城,85,9,76,元大-東泰,2023-08-10,9817
8027,鈦昇,78,3,75,元大-東泰,2023-08-10,9817
00715L,期街口布蘭特正2,75,1,74,元大-東泰,2023-08-10,9817
2883,凱基金,71,11,60,元大-東泰,2023-08-10,9817
00900,富邦特選高股息30,79,21,58,元大-東泰,2023-08-10,9817
00928,中信上櫃ESG30,52,0,52,元大-東泰,2023-08-10,9817
8215,明基材,52,1,51,元大-東泰,2023-08-10,9817
2305,全友,45,0,45,元大-東泰,2023-08-10,9817
2887,台新金,40,0,40,元大-東泰,2023-08-10,9817
2363,矽統,75,35,40,元大-東泰,2023-08-10,9817
6282,康舒,120,82,38,元大-東泰,2023-08-10,9817
2206,三陽工業,47,10,37,元大-東泰,2023-08-10,9817
2002,中鋼,40,4,36,元大-東泰,2023-08-10,9817
2014,中鴻,35,3,32,元大-東泰,2023-08-10,9817
00896,中信綠能及電動車,30,0,30,元大-東泰,2023-08-10,9817
2402,毅嘉,33,3,30,元大-東泰,2023-08-10,9817
2886,兆豐金,43,13,30,元大-東泰,2023-08-10,9817
00923,群益台ESG低碳50,26,0,26,元大-東泰,2023-08-10,9817
2328,廣宇,25,0,25,元大-東泰,2023-08-10,9817
0056,元大高股息,39,14,25,元大-東泰,2023-08-10,9817
2409,友達,34,12,22,元大-東泰,2023-08-10,9817
8403,盛弘,22,0,22,元大-東泰,2023-08-10,9817
2609,陽明,26,4,22,元大-東泰,2023-08-10,9817
3715,定穎投控,26,4,22,元大-東泰,2023-08-10,9817
6125,廣運,44,23,21,元大-東泰,2023-08-10,9817
2356,英業達,102,81,21,元大-東泰,2023-08-10,9817
6770,力積電,21,0,21,元大-東泰,2023-08-10,9817
3591,艾笛森,20,0,20,元大-東泰,2023-08-10,9817
00899,FT潔淨能源,20,0,20,元大-東泰,2023-08-10,9817
2606,裕民,42,23,19,元大-東泰,2023-08-10,9817
2399,映泰,19,0,19,元大-東泰,2023-08-10,9817
1609,大亞,21,3,18,元大-東泰,2023-08-10,9817
00931B,統一美債20年,17,0,17,元大-東泰,2023-08-10,9817
2481,強茂,17,0,17,元大-東泰,2023-08-10,9817
00930,永豐ESG低碳高息,17,0,17,元大-東泰,2023-08-10,9817
3032,偉訓,22,5,17,元大-東泰,2023-08-10,9817
6016,康和證,32,15,17,元大-東泰,2023-08-10,9817
6285,啟��,17,1,16,元大-東泰,2023-08-10,9817
3078,僑威,29,14,15,元大-東泰,2023-08-10,9817
9907,統一實,15,0,15,元大-東泰,2023-08-10,9817
2485,兆赫,15,0,15,元大-東泰,2023-08-10,9817
2331,精英,19,4,15,元大-東泰,2023-08-10,9817
4938,和碩,14,0,14,元大-東泰,2023-08-10,9817
3122,笙泉,14,0,14,元大-東泰,2023-08-10,9817
2903,遠百,262,0,262,元大-東泰,2023-08-11,9817
00673R,期元大S＆P原油反1,203,0,203,元大-東泰,2023-08-11,9817
2323,中環,215,13,202,元大-東泰,2023-08-11,9817
6120,達運,182,0,182,元大-東泰,2023-08-11,9817
00929,復華台灣科技優息,106,0,106,元大-東泰,2023-08-11,9817
00900,富邦特選高股息30,83,1,82,元大-東泰,2023-08-11,9817
2618,長榮航,97,28,69,元大-東泰,2023-08-11,9817
8027,鈦昇,70,5,65,元大-東泰,2023-08-11,9817
00931B,統一美債20年,65,6,59,元大-東泰,2023-08-11,9817
00751B,元大AAA至A公司債,56,3,53,元大-東泰,2023-08-11,9817
00706L,期元大S＆P日圓正2,50,0,50,元大-東泰,2023-08-11,9817
2892,第一金,48,0,48,元大-東泰,2023-08-11,9817
2014,中鴻,53,5,48,元大-東泰,2023-08-11,9817
00772B,中信高評級公司債,42,0,42,元大-東泰,2023-08-11,9817
2356,英業達,112,72,40,元大-東泰,2023-08-11,9817
3481,群創,53,17,36,元大-東泰,2023-08-11,9817
00687B,國泰20年美債,35,0,35,元大-東泰,2023-08-11,9817
2883,凱基金,36,3,33,元大-東泰,2023-08-11,9817
00632R,元大台灣50反1,54,21,33,元大-東泰,2023-08-11,9817
2363,矽統,88,58,30,元大-東泰,2023-08-11,9817
00899,FT潔淨能源,30,0,30,元大-東泰,2023-08-11,9817
2206,三陽工業,45,16,29,元大-東泰,2023-08-11,9817
2634,漢翔,36,7,29,元大-東泰,2023-08-11,9817
2886,兆豐金,27,0,27,元大-東泰,2023-08-11,9817
00928,中信上櫃ESG30,25,0,25,元大-東泰,2023-08-11,9817
2031,新光鋼,26,1,25,元大-東泰,2023-08-11,9817
1609,大亞,51,27,24,元大-東泰,2023-08-11,9817
6494,九齊,22,0,22,元大-東泰,2023-08-11,9817
8038,長園科,21,0,21,元大-東泰,2023-08-11,9817
4904,遠傳,20,0,20,元大-東泰,2023-08-11,9817
00637L,元大滬深300正2,24,4,20,元大-東泰,2023-08-11,9817
2104,國際中橡,31,11,20,元大-東泰,2023-08-11,9817
2409,友達,44,25,19,元大-東泰,2023-08-11,9817
3206,志豐,20,1,19,元大-東泰,2023-08-11,9817
2609,陽明,21,2,19,元大-東泰,2023-08-11,9817
2888,新光金,36,18,18,元大-東泰,2023-08-11,9817
8926,台汽電,17,0,17,元大-東泰,2023-08-11,9817
2402,毅嘉,35,18,17,元大-東泰,2023-08-11,9817
2002,中鋼,59,43,16,元大-東泰,2023-08-11,9817
2885,元大金,15,0,15,元大-東泰,2023-08-11,9817
1717,長興,15,0,15,元大-東泰,2023-08-11,9817
1802,台玻,21,6,15,元大-東泰,2023-08-11,9817
1444,力麗,24,9,15,元大-東泰,2023-08-11,9817
5353,台林,15,0,15,元大-東泰,2023-08-11,9817
6269,台郡,15,1,14,元大-東泰,2023-08-11,9817
6192,巨路,14,0,14,元大-東泰,2023-08-11,9817
00795B,中信美國公債20年,15,1,14,元大-東泰,2023-08-11,9817
6770,力積電,24,11,13,元大-東泰,2023-08-11,9817
8446,華研,13,0,13,元大-東泰,2023-08-11,9817
8033,雷虎,13,0,13,元大-東泰,2023-08-11,9817
2801,彰銀,1467,7,1460,元大-東泰,2023-08-14,9817
2323,中環,462,108,354,元大-東泰,2023-08-14,9817
00929,復華台灣科技優息,213,4,209,元大-東泰,2023-08-14,9817
00900,富邦特選高股息30,202,29,173,元大-東泰,2023-08-14,9817
00669R,國泰美國道瓊反1,164,0,164,元大-東泰,2023-08-14,9817
00878,國泰永續高股息,226,115,111,元大-東泰,2023-08-14,9817
1734,杏輝,101,1,100,元大-東泰,2023-08-14,9817
6120,達運,80,0,80,元大-東泰,2023-08-14,9817
2344,華邦電,79,1,78,元大-東泰,2023-08-14,9817
00931B,統一美債20年,78,0,78,元大-東泰,2023-08-14,9817
2610,華航,85,22,63,元大-東泰,2023-08-14,9817
2887,台新金,63,3,60,元大-東泰,2023-08-14,9817
2618,長榮航,125,73,52,元大-東泰,2023-08-14,9817
00753L,中信中國50正2,53,3,50,元大-東泰,2023-08-14,9817
00893,國泰智能電動車,42,0,42,元大-東泰,2023-08-14,9817
2834,臺企銀,61,20,41,元大-東泰,2023-08-14,9817
2516,新建,40,0,40,元大-東泰,2023-08-14,9817
00899,FT潔淨能源,40,0,40,元大-東泰,2023-08-14,9817
3207,耀勝,39,0,39,元大-東泰,2023-08-14,9817
2356,英業達,111,73,38,元大-東泰,2023-08-14,9817
00923,群益台ESG低碳50,39,1,38,元大-東泰,2023-08-14,9817
2890,永豐金,40,3,37,元大-東泰,2023-08-14,9817
3049,精金,34,0,34,元大-東泰,2023-08-14,9817
2002,中鋼,53,19,34,元大-東泰,2023-08-14,9817
2883,凱基金,80,50,30,元大-東泰,2023-08-14,9817
00688L,國泰20年美債正2,30,0,30,元大-東泰,2023-08-14,9817
2401,凌陽,38,8,30,元大-東泰,2023-08-14,9817
3311,閎暉,29,0,29,元大-東泰,2023-08-14,9817
2892,第一金,31,2,29,元大-東泰,2023-08-14,9817
2812,台中銀,26,0,26,元大-東泰,2023-08-14,9817
2707,晶華,26,0,26,元大-東泰,2023-08-14,9817
00637L,元大滬深300正2,63,37,26,元大-東泰,2023-08-14,9817
00830,國泰費城半導體,25,0,25,元大-東泰,2023-08-14,9817
1513,中興電,27,3,24,元大-東泰,2023-08-14,9817
00907,永豐優息存股,24,0,24,元大-東泰,2023-08-14,9817
00928,中信上櫃ESG30,24,0,24,元大-東泰,2023-08-14,9817
6282,康舒,37,13,24,元大-東泰,2023-08-14,9817
4123,晟德,24,1,23,元大-東泰,2023-08-14,9817
2881,富邦金,25,2,23,元大-東泰,2023-08-14,9817
2027,大成鋼,28,5,23,元大-東泰,2023-08-14,9817
2634,漢翔,27,5,22,元大-東泰,2023-08-14,9817
2891,中信金,26,4,22,元大-東泰,2023-08-14,9817
3481,群創,54,33,21,元大-東泰,2023-08-14,9817
00772B,中信高評級公司債,21,0,21,元大-東泰,2023-08-14,9817
8085,福華,21,0,21,元大-東泰,2023-08-14,9817
6494,九齊,21,0,21,元大-東泰,2023-08-14,9817
00673R,期元大S＆P原油反1,22,1,21,元大-東泰,2023-08-14,9817
2425,承啟,34,13,21,元大-東泰,2023-08-14,9817
2444,兆勁,25,5,20,元大-東泰,2023-08-14,9817
00639,富邦深100,20,0,20,元大-東泰,2023-08-14,9817
00923,群益台ESG低碳50,181,4,177,元大-東泰,2023-08-15,9817
2317,鴻海,140,5,135,元大-東泰,2023-08-15,9817
2883,凱基金,119,0,119,元大-東泰,2023-08-15,9817
2618,長榮航,136,22,114,元大-東泰,2023-08-15,9817
00931B,統一美債20年,110,0,110,元大-東泰,2023-08-15,9817
6177,達麗,104,3,101,元大-東泰,2023-08-15,9817
1608,華榮,98,0,98,元大-東泰,2023-08-15,9817
00900,富邦特選高股息30,117,51,66,元大-東泰,2023-08-15,9817
2892,第一金,58,1,57,元大-東泰,2023-08-15,9817
00680L,元大美債20正2,58,3,55,元大-東泰,2023-08-15,9817
6125,廣運,67,15,52,元大-東泰,2023-08-15,9817
1312,國喬,51,0,51,元大-東泰,2023-08-15,9817
00712,復華富時不動產,48,0,48,元大-東泰,2023-08-15,9817
5009,榮剛,48,4,44,元大-東泰,2023-08-15,9817
00772B,中信高評級公司債,38,0,38,元大-東泰,2023-08-15,9817
2891,中信金,36,2,34,元大-東泰,2023-08-15,9817
2002,中鋼,51,17,34,元大-東泰,2023-08-15,9817
00639,富邦深100,31,0,31,元大-東泰,2023-08-15,9817
00899,FT潔淨能源,30,0,30,元大-東泰,2023-08-15,9817
2606,裕民,29,0,29,元大-東泰,2023-08-15,9817
2603,長榮,29,3,26,元大-東泰,2023-08-15,9817
2634,漢翔,32,9,23,元大-東泰,2023-08-15,9817
00929,復華台灣科技優息,43,22,21,元大-東泰,2023-08-15,9817
3532,台勝科,21,1,20,元大-東泰,2023-08-15,9817
6015,宏遠證,20,0,20,元大-東泰,2023-08-15,9817
2340,台亞,35,16,19,元大-東泰,2023-08-15,9817
2312,金寶,31,12,19,元大-東泰,2023-08-15,9817
2884,玉山金,19,1,18,元大-東泰,2023-08-15,9817
3581,博磊,18,0,18,元大-東泰,2023-08-15,9817
2881,富邦金,17,0,17,元大-東泰,2023-08-15,9817
2888,新光金,20,3,17,元大-東泰,2023-08-15,9817
2801,彰銀,22,5,17,元大-東泰,2023-08-15,9817
3704,合勤控,17,0,17,元大-東泰,2023-08-15,9817
2301,光寶科,33,16,17,元大-東泰,2023-08-15,9817
6770,力積電,19,3,16,元大-東泰,2023-08-15,9817
1810,和成,16,0,16,元大-東泰,2023-08-15,9817
2014,中鴻,15,0,15,元大-東泰,2023-08-15,9817
3231,緯創,64,49,15,元大-東泰,2023-08-15,9817
00751B,元大AAA至A公司債,15,1,14,元大-東泰,2023-08-15,9817
6285,啟��,16,3,13,元大-東泰,2023-08-15,9817
00882,中信中國高股息,12,0,12,元大-東泰,2023-08-15,9817
2428,興勤,11,0,11,元大-東泰,2023-08-15,9817
2882,國泰金,10,0,10,元大-東泰,2023-08-15,9817
2027,大成鋼,17,7,10,元大-東泰,2023-08-15,9817
5876,上海商銀,10,0,10,元大-東泰,2023-08-15,9817
8936,國統,10,0,10,元大-東泰,2023-08-15,9817
00888,永豐台灣ESG,10,0,10,元大-東泰,2023-08-15,9817
00753L,中信中國50正2,15,5,10,元大-東泰,2023-08-15,9817
1802,台玻,15,5,10,元大-東泰,2023-08-15,9817
1215,卜蜂,10,0,10,元大-東泰,2023-08-15,9817
2323,中環,506,21,485,元大-東泰,2023-08-16,9817
2002,中鋼,90,7,83,元大-東泰,2023-08-16,9817
2892,第一金,74,0,74,元大-東泰,2023-08-16,9817
2332,友訊,143,70,73,元大-東泰,2023-08-16,9817
3207,耀勝,60,0,60,元大-東泰,2023-08-16,9817
2317,鴻海,66,7,59,元大-東泰,2023-08-16,9817
00923,群益台ESG低碳50,74,15,59,元大-東泰,2023-08-16,9817
00772B,中信高評級公司債,53,0,53,元大-東泰,2023-08-16,9817
2609,陽明,99,47,52,元大-東泰,2023-08-16,9817
00900,富邦特選高股息30,49,0,49,元大-東泰,2023-08-16,9817
2303,聯電,85,37,48,元大-東泰,2023-08-16,9817
00680L,元大美債20正2,50,4,46,元大-東泰,2023-08-16,9817
00720B,元大投資級公司債,43,0,43,元大-東泰,2023-08-16,9817
2883,凱基金,46,5,41,元大-東泰,2023-08-16,9817
3305,昇貿,32,1,31,元大-東泰,2023-08-16,9817
2344,華邦電,29,2,27,元大-東泰,2023-08-16,9817
1802,台玻,32,7,25,元大-東泰,2023-08-16,9817
2330,台積電,30,5,25,元大-東泰,2023-08-16,9817
2409,友達,21,0,21,元大-東泰,2023-08-16,9817
00888,永豐台灣ESG,21,0,21,元大-東泰,2023-08-16,9817
00847B,中信美國市政債,20,0,20,元大-東泰,2023-08-16,9817
00669R,國泰美國道瓊反1,20,0,20,元大-東泰,2023-08-16,9817
4953,緯軟,20,0,20,元大-東泰,2023-08-16,9817
00639,富邦深100,20,0,20,元大-東泰,2023-08-16,9817
00899,FT潔淨能源,20,0,20,元大-東泰,2023-08-16,9817
1301,台塑,22,2,20,元大-東泰,2023-08-16,9817
00751B,元大AAA至A公司債,19,0,19,元大-東泰,2023-08-16,9817
00795B,中信美國公債20年,18,0,18,元大-東泰,2023-08-16,9817
2610,華航,28,11,17,元大-東泰,2023-08-16,9817
00891,中信關鍵半導體,16,0,16,元大-東泰,2023-08-16,9817
00764B,群益25年美債,16,0,16,元大-東泰,2023-08-16,9817
4722,國精化,16,0,16,元大-東泰,2023-08-16,9817
2486,一詮,17,1,16,元大-東泰,2023-08-16,9817
00673R,期元大S＆P原油反1,21,5,16,元大-東泰,2023-08-16,9817
3706,神達,20,5,15,元大-東泰,2023-08-16,9817
2884,玉山金,19,4,15,元大-東泰,2023-08-16,9817
00913,兆豐台灣晶圓製造,15,0,15,元大-東泰,2023-08-16,9817
2891,中信金,22,7,15,元大-東泰,2023-08-16,9817
2337,旺宏,15,1,14,元大-東泰,2023-08-16,9817
2104,國際中橡,24,10,14,元大-東泰,2023-08-16,9817
4142,國光生,15,1,14,元大-東泰,2023-08-16,9817
2897,王道銀行,13,0,13,元大-東泰,2023-08-16,9817
5880,合庫金,15,3,12,元大-東泰,2023-08-16,9817
8069,元太,19,7,12,元大-東泰,2023-08-16,9817
2880,華南金,22,10,12,元大-東泰,2023-08-16,9817
1305,華夏,12,0,12,元大-東泰,2023-08-16,9817
1608,華榮,12,0,12,元大-東泰,2023-08-16,9817
00882,中信中國高股息,11,0,11,元大-東泰,2023-08-16,9817
2515,中工,28,17,11,元大-東泰,2023-08-16,9817
1709,和益,11,0,11,元大-東泰,2023-08-16,9817
2323,中環,113,6,107,元大-東泰,2023-08-17,9817
00687B,國泰20年美債,106,0,106,元大-東泰,2023-08-17,9817
2617,台航,90,0,90,元大-東泰,2023-08-17,9817
3231,緯創,167,105,62,元大-東泰,2023-08-17,9817
2002,中鋼,59,4,55,元大-東泰,2023-08-17,9817
00676R,富邦臺灣加權反1,50,0,50,元大-東泰,2023-08-17,9817
00772B,中信高評級公司債,50,0,50,元大-東泰,2023-08-17,9817
2618,長榮航,47,7,40,元大-東泰,2023-08-17,9817
2324,仁寶,127,89,38,元大-東泰,2023-08-17,9817
2888,新光金,42,4,38,元大-東泰,2023-08-17,9817
00751B,元大AAA至A公司債,45,8,37,元大-東泰,2023-08-17,9817
00929,復華台灣科技優息,63,29,34,元大-東泰,2023-08-17,9817
00680L,元大美債20正2,51,17,34,元大-東泰,2023-08-17,9817
00679B,元大美債20年,38,5,33,元大-東泰,2023-08-17,9817
3056,富華新,33,2,31,元大-東泰,2023-08-17,9817
2834,臺企銀,35,6,29,元大-東泰,2023-08-17,9817
2409,友達,52,24,28,元大-東泰,2023-08-17,9817
3548,兆利,29,2,27,元大-東泰,2023-08-17,9817
1301,台塑,30,4,26,元大-東泰,2023-08-17,9817
00712,復華富時不動產,26,0,26,元大-東泰,2023-08-17,9817
2462,良得電,26,0,26,元大-東泰,2023-08-17,9817
2605,新興,25,0,25,元大-東泰,2023-08-17,9817
2329,華泰,77,53,24,元大-東泰,2023-08-17,9817
3051,力特,24,1,23,元大-東泰,2023-08-17,9817
2886,兆豐金,25,4,21,元大-東泰,2023-08-17,9817
00899,FT潔淨能源,20,0,20,元大-東泰,2023-08-17,9817
00882,中信中國高股息,26,6,20,元大-東泰,2023-08-17,9817
2891,中信金,27,8,19,元大-東泰,2023-08-17,9817
00893,國泰智能電動車,22,3,19,元大-東泰,2023-08-17,9817
2883,凱基金,20,2,18,元大-東泰,2023-08-17,9817
1303,南亞,21,4,17,元大-東泰,2023-08-17,9817
2399,映泰,25,8,17,元大-東泰,2023-08-17,9817
2303,聯電,48,31,17,元大-東泰,2023-08-17,9817
1326,台化,19,3,16,元大-東泰,2023-08-17,9817
4532,瑞智,16,0,16,元大-東泰,2023-08-17,9817
00795B,中信美國公債20年,16,0,16,元大-東泰,2023-08-17,9817
2883B,凱基金乙特,15,0,15,元大-東泰,2023-08-17,9817
2344,華邦電,19,5,14,元大-東泰,2023-08-17,9817
00637L,元大滬深300正2,14,0,14,元大-東泰,2023-08-17,9817
2317,鴻海,19,6,13,元大-東泰,2023-08-17,9817
00919,群益台灣精選高息,15,2,13,元大-東泰,2023-08-17,9817
1402,遠東新,50,37,13,元大-東泰,2023-08-17,9817
2014,中鴻,13,0,13,元大-東泰,2023-08-17,9817
9919,康那香,14,1,13,元大-東泰,2023-08-17,9817
2880,華南金,12,0,12,元大-東泰,2023-08-17,9817
8110,華東,12,0,12,元大-東泰,2023-08-17,9817
2610,華航,24,12,12,元大-東泰,2023-08-17,9817
2337,旺宏,12,0,12,元大-東泰,2023-08-17,9817
3689,湧德,26,14,12,元大-東泰,2023-08-17,9817
00923,群益台ESG低碳50,18,7,11,元大-東泰,2023-08-17,9817
00929,復華台灣科技優息,171,66,105,元大-東泰,2023-08-18,9817
3231,緯創,194,123,71,元大-東泰,2023-08-18,9817
2363,矽統,194,124,70,元大-東泰,2023-08-18,9817
00899,FT潔淨能源,70,0,70,元大-東泰,2023-08-18,9817
2329,華泰,221,162,59,元大-東泰,2023-08-18,9817
9934,成霖,59,0,59,元大-東泰,2023-08-18,9817
00712,復華富時不動產,64,10,54,元大-東泰,2023-08-18,9817
2409,友達,55,2,53,元大-東泰,2023-08-18,9817
6282,康舒,79,27,52,元大-東泰,2023-08-18,9817
2457,飛宏,84,37,47,元大-東泰,2023-08-18,9817
2324,仁寶,82,39,43,元大-東泰,2023-08-18,9817
3532,台勝科,42,6,36,元大-東泰,2023-08-18,9817
2449,京元電子,35,0,35,元大-東泰,2023-08-18,9817
2610,華航,60,26,34,元大-東泰,2023-08-18,9817
4744,皇將,35,1,34,元大-東泰,2023-08-18,9817
2359,所羅門,41,8,33,元大-東泰,2023-08-18,9817
00931B,統一美債20年,32,0,32,元大-東泰,2023-08-18,9817
3207,耀勝,32,0,32,元大-東泰,2023-08-18,9817
00772B,中信高評級公司債,31,0,31,元大-東泰,2023-08-18,9817
1101,台泥,34,3,31,元大-東泰,2023-08-18,9817
1718,中纖,31,1,30,元大-東泰,2023-08-18,9817
2603,長榮,56,26,30,元大-東泰,2023-08-18,9817
6116,彩晶,39,10,29,元大-東泰,2023-08-18,9817
2332,友訊,46,20,26,元大-東泰,2023-08-18,9817
00919,群益台灣精選高息,27,1,26,元大-東泰,2023-08-18,9817
00881,國泰台灣5G+,25,0,25,元大-東泰,2023-08-18,9817
2637,慧洋-KY,32,8,24,元大-東泰,2023-08-18,9817
2308,台達電,24,1,23,元大-東泰,2023-08-18,9817
2027,大成鋼,24,1,23,元大-東泰,2023-08-18,9817
2313,華通,27,4,23,元大-東泰,2023-08-18,9817
2356,英業達,97,74,23,元大-東泰,2023-08-18,9817
3305,昇貿,22,1,21,元大-東泰,2023-08-18,9817
1815,富喬,20,0,20,元大-東泰,2023-08-18,9817
3024,憶聲,20,0,20,元大-東泰,2023-08-18,9817
2886,兆豐金,19,0,19,元大-東泰,2023-08-18,9817
2344,華邦電,21,2,19,元大-東泰,2023-08-18,9817
00632R,元大台灣50反1,21,3,18,元大-東泰,2023-08-18,9817
00923,群益台ESG低碳50,24,6,18,元大-東泰,2023-08-18,9817
1717,長興,18,0,18,元大-東泰,2023-08-18,9817
4960,誠美材,18,0,18,元大-東泰,2023-08-18,9817
00680L,元大美債20正2,16,0,16,元大-東泰,2023-08-18,9817
1303,南亞,18,3,15,元大-東泰,2023-08-18,9817
5498,凱崴,15,0,15,元大-東泰,2023-08-18,9817
2337,旺宏,15,1,14,元大-東泰,2023-08-18,9817
3078,僑威,37,24,13,元大-東泰,2023-08-18,9817
2891,中信金,15,2,13,元大-東泰,2023-08-18,9817
00751B,元大AAA至A公司債,21,8,13,元大-東泰,2023-08-18,9817
3363,上詮,15,2,13,元大-東泰,2023-08-18,9817
2401,凌陽,25,12,13,元大-東泰,2023-08-18,9817
2323,中環,17,4,13,元大-東泰,2023-08-18,9817
2883,凱基金,118,2,116,元大-東泰,2023-08-21,9817
2618,長榮航,138,34,104,元大-東泰,2023-08-21,9817
2812,台中銀,75,0,75,元大-東泰,2023-08-21,9817
00852L,國泰美國道瓊正2,64,0,64,元大-東泰,2023-08-21,9817
3207,耀勝,63,0,63,元大-東泰,2023-08-21,9817
00715L,期街口布蘭特正2,60,0,60,元大-東泰,2023-08-21,9817
2363,矽統,245,200,45,元大-東泰,2023-08-21,9817
00632R,元大台灣50反1,50,9,41,元大-東泰,2023-08-21,9817
6177,達麗,112,75,37,元大-東泰,2023-08-21,9817
2606,裕民,63,30,33,元大-東泰,2023-08-21,9817
00687B,國泰20年美債,31,0,31,元大-東泰,2023-08-21,9817
2610,華航,33,4,29,元大-東泰,2023-08-21,9817
00637L,元大滬深300正2,37,10,27,元大-東泰,2023-08-21,9817
2382,廣達,58,32,26,元大-東泰,2023-08-21,9817
00899,FT潔淨能源,25,0,25,元大-東泰,2023-08-21,9817
00929,復華台灣科技優息,79,56,23,元大-東泰,2023-08-21,9817
2359,所羅門,26,4,22,元大-東泰,2023-08-21,9817
00882,中信中國高股息,22,0,22,元大-東泰,2023-08-21,9817
2014,中鴻,20,0,20,元大-東泰,2023-08-21,9817
00751B,元大AAA至A公司債,19,0,19,元大-東泰,2023-08-21,9817
00772B,中信高評級公司債,22,4,18,元大-東泰,2023-08-21,9817
00634R,富邦上証反1,16,0,16,元大-東泰,2023-08-21,9817
3706,神達,17,2,15,元大-東泰,2023-08-21,9817
5426,振發,15,0,15,元大-東泰,2023-08-21,9817
1504,東元,17,3,14,元大-東泰,2023-08-21,9817
2520,冠德,12,0,12,元大-東泰,2023-08-21,9817
00679B,元大美債20年,15,3,12,元大-東泰,2023-08-21,9817
2329,華泰,54,42,12,元大-東泰,2023-08-21,9817
2880,華南金,11,0,11,元大-東泰,2023-08-21,9817
1603,華電,12,1,11,元大-東泰,2023-08-21,9817
2409,友達,10,0,10,元大-東泰,2023-08-21,9817
2601,益航,10,0,10,元大-東泰,2023-08-21,9817
9103,美德醫療-DR,10,0,10,元大-東泰,2023-08-21,9817
8050,廣積,12,2,10,元大-東泰,2023-08-21,9817
6275,元山,20,10,10,元大-東泰,2023-08-21,9817
2303,聯電,19,10,9,元大-東泰,2023-08-21,9817
00923,群益台ESG低碳50,9,0,9,元大-東泰,2023-08-21,9817
2486,一詮,10,1,9,元大-東泰,2023-08-21,9817
5469,瀚宇博,14,5,9,元大-東泰,2023-08-21,9817
2603,長榮,8,0,8,元大-東泰,2023-08-21,9817
00885,富邦越南,10,2,8,元大-東泰,2023-08-21,9817
00888,永豐台灣ESG,8,0,8,元大-東泰,2023-08-21,9817
2330,台積電,9,1,8,元大-東泰,2023-08-21,9817
00720B,元大投資級公司債,8,1,7,元大-東泰,2023-08-21,9817
1301,台塑,10,3,7,元大-東泰,2023-08-21,9817
2457,飛宏,23,16,7,元大-東泰,2023-08-21,9817
2399,映泰,7,0,7,元大-東泰,2023-08-21,9817
2605,新興,11,4,7,元大-東泰,2023-08-21,9817
2617,台航,12,5,7,元大-東泰,2023-08-21,9817
3689,湧德,10,3,7,元大-東泰,2023-08-21,9817
1513,中興電,204,1,203,元大-東泰,2023-08-22,9817
2838,聯邦銀,100,0,100,元大-東泰,2023-08-22,9817
2890,永豐金,101,2,99,元大-東泰,2023-08-22,9817
2344,華邦電,78,4,74,元大-東泰,2023-08-22,9817
3042,晶技,71,0,71,元大-東泰,2023-08-22,9817
1313,聯成,70,0,70,元大-東泰,2023-08-22,9817
3207,耀勝,67,0,67,元大-東泰,2023-08-22,9817
2324,仁寶,100,37,63,元大-東泰,2023-08-22,9817
00885,富邦越南,59,2,57,元大-東泰,2023-08-22,9817
2323,中環,71,16,55,元大-東泰,2023-08-22,9817
00929,復華台灣科技優息,115,64,51,元大-東泰,2023-08-22,9817
00632R,元大台灣50反1,51,0,51,元大-東泰,2023-08-22,9817
2421,建準,49,2,47,元大-東泰,2023-08-22,9817
00923,群益台ESG低碳50,43,0,43,元大-東泰,2023-08-22,9817
00720B,元大投資級公司債,42,0,42,元大-東泰,2023-08-22,9817
6117,迎廣,41,1,40,元大-東泰,2023-08-22,9817
2363,矽統,249,211,38,元大-東泰,2023-08-22,9817
00712,復華富時不動產,27,0,27,元大-東泰,2023-08-22,9817
00882,中信中國高股息,26,0,26,元大-東泰,2023-08-22,9817
6015,宏遠證,25,0,25,元大-東泰,2023-08-22,9817
6177,達麗,112,87,25,元大-東泰,2023-08-22,9817
2352,佳世達,31,6,25,元大-東泰,2023-08-22,9817
1303,南亞,26,3,23,元大-東泰,2023-08-22,9817
00673R,期元大S＆P原油反1,22,0,22,元大-東泰,2023-08-22,9817
2634,漢翔,23,2,21,元大-東泰,2023-08-22,9817
00888,永豐台灣ESG,21,0,21,元大-東泰,2023-08-22,9817
4934,太極,20,0,20,元大-東泰,2023-08-22,9817
2027,大成鋼,21,2,19,元大-東泰,2023-08-22,9817
3234,光環,17,0,17,元大-東泰,2023-08-22,9817
2002,中鋼,16,0,16,元大-東泰,2023-08-22,9817
1605,華新,23,7,16,元大-東泰,2023-08-22,9817
6125,廣運,44,28,16,元大-東泰,2023-08-22,9817
00679B,元大美債20年,16,0,16,元大-東泰,2023-08-22,9817
1504,東元,30,15,15,元大-東泰,2023-08-22,9817
6116,彩晶,16,1,15,元大-東泰,2023-08-22,9817
2303,聯電,21,7,14,元大-東泰,2023-08-22,9817
00714,群益道瓊美國地產,14,0,14,元大-東泰,2023-08-22,9817
2883,凱基金,14,1,13,元大-東泰,2023-08-22,9817
00772B,中信高評級公司債,15,2,13,元大-東泰,2023-08-22,9817
3032,偉訓,19,6,13,元大-東泰,2023-08-22,9817
1522,堤維西,14,2,12,元大-東泰,2023-08-22,9817
4938,和碩,14,2,12,元大-東泰,2023-08-22,9817
1611,中電,12,0,12,元大-東泰,2023-08-22,9817
2329,華泰,42,30,12,元大-東泰,2023-08-22,9817
2204,中華,12,0,12,元大-東泰,2023-08-22,9817
00639,富邦深100,12,0,12,元大-東泰,2023-08-22,9817
2882,國泰金,12,0,12,元大-東泰,2023-08-22,9817
2891,中信金,13,1,12,元大-東泰,2023-08-22,9817
3231,緯創,97,86,11,元大-東泰,2023-08-22,9817
2886,兆豐金,11,0,11,元大-東泰,2023-08-22,9817
00632R,元大台灣50反1,155,9,146,元大-東泰,2023-08-23,9817
2883,凱基金,123,0,123,元大-東泰,2023-08-23,9817
2332,友訊,162,48,114,元大-東泰,2023-08-23,9817
2329,華泰,110,26,84,元大-東泰,2023-08-23,9817
2617,台航,75,5,70,元大-東泰,2023-08-23,9817
2618,長榮航,89,22,67,元大-東泰,2023-08-23,9817
6282,康舒,107,43,64,元大-東泰,2023-08-23,9817
1709,和益,42,0,42,元大-東泰,2023-08-23,9817
2547,日勝生,39,0,39,元大-東泰,2023-08-23,9817
2359,所羅門,45,7,38,元大-東泰,2023-08-23,9817
3078,僑威,42,5,37,元大-東泰,2023-08-23,9817
00712,復華富時不動產,36,0,36,元大-東泰,2023-08-23,9817
6191,精成科,32,1,31,元大-東泰,2023-08-23,9817
2610,華航,49,19,30,元大-東泰,2023-08-23,9817
2002,中鋼,36,7,29,元大-東泰,2023-08-23,9817
3059,華晶科,26,0,26,元大-東泰,2023-08-23,9817
3706,神達,39,14,25,元大-東泰,2023-08-23,9817
2801,彰銀,23,0,23,元大-東泰,2023-08-23,9817
2312,金寶,29,7,22,元大-東泰,2023-08-23,9817
00673R,期元大S＆P原油反1,20,0,20,元大-東泰,2023-08-23,9817
00927,群益半導體收益,20,1,19,元大-東泰,2023-08-23,9817
2402,毅嘉,22,6,16,元大-東泰,2023-08-23,9817
00639,富邦深100,16,0,16,元大-東泰,2023-08-23,9817
2382,廣達,37,21,16,元大-東泰,2023-08-23,9817
2615,萬海,14,0,14,元大-東泰,2023-08-23,9817
2609,陽明,17,3,14,元大-東泰,2023-08-23,9817
6116,彩晶,15,1,14,元大-東泰,2023-08-23,9817
2014,中鴻,12,0,12,元大-東泰,2023-08-23,9817
3163,波若威,49,38,11,元大-東泰,2023-08-23,9817
2537,聯上發,10,0,10,元大-東泰,2023-08-23,9817
2605,新興,23,13,10,元大-東泰,2023-08-23,9817
2612,中航,10,0,10,元大-東泰,2023-08-23,9817
6182,合晶,11,1,10,元大-東泰,2023-08-23,9817
00637L,元大滬深300正2,10,0,10,元大-東泰,2023-08-23,9817
5876,上海商銀,10,0,10,元大-東泰,2023-08-23,9817
6274,台燿,16,7,9,元大-東泰,2023-08-23,9817
3308,聯德,16,7,9,元大-東泰,2023-08-23,9817
2606,裕民,21,12,9,元大-東泰,2023-08-23,9817
1314,中石化,9,0,9,元大-東泰,2023-08-23,9817
1101,台泥,8,0,8,元大-東泰,2023-08-23,9817
9933,中鼎,8,0,8,元大-東泰,2023-08-23,9817
00892,富邦台灣半導體,8,0,8,元大-東泰,2023-08-23,9817
2301,光寶科,17,9,8,元大-東泰,2023-08-23,9817
2867,三商壽,8,0,8,元大-東泰,2023-08-23,9817
00679B,元大美債20年,7,0,7,元大-東泰,2023-08-23,9817
8088,品安,7,0,7,元大-東泰,2023-08-23,9817
1316,上曜,7,0,7,元大-東泰,2023-08-23,9817
4904,遠傳,7,0,7,元大-東泰,2023-08-23,9817
2886,兆豐金,7,0,7,元大-東泰,2023-08-23,9817
9904,寶成,13,7,6,元大-東泰,2023-08-23,9817
2363,矽統,510,319,191,元大-東泰,2023-08-24,9817
00929,復華台灣科技優息,155,14,141,元大-東泰,2023-08-24,9817
3231,緯創,249,124,125,元大-東泰,2023-08-24,9817
00673R,期元大S＆P原油反1,66,6,60,元大-東泰,2023-08-24,9817
2605,新興,59,5,54,元大-東泰,2023-08-24,9817
2609,陽明,44,4,40,元大-東泰,2023-08-24,9817
4543,萬在,43,5,38,元大-東泰,2023-08-24,9817
2449,京元電子,108,76,32,元大-東泰,2023-08-24,9817
3532,台勝科,45,15,30,元大-東泰,2023-08-24,9817
6117,迎廣,52,22,30,元大-東泰,2023-08-24,9817
6274,台燿,37,9,28,元大-東泰,2023-08-24,9817
6191,精成科,60,33,27,元大-東泰,2023-08-24,9817
00764B,群益25年美債,26,1,25,元大-東泰,2023-08-24,9817
2002,中鋼,29,5,24,元大-東泰,2023-08-24,9817
2356,英業達,101,77,24,元大-東泰,2023-08-24,9817
2834,臺企銀,23,0,23,元大-東泰,2023-08-24,9817
4722,國精化,23,0,23,元大-東泰,2023-08-24,9817
2617,台航,23,0,23,元大-東泰,2023-08-24,9817
5452,佶優,23,0,23,元大-東泰,2023-08-24,9817
2352,佳世達,38,16,22,元大-東泰,2023-08-24,9817
3163,波若威,46,25,21,元大-東泰,2023-08-24,9817
1802,台玻,21,0,21,元大-東泰,2023-08-24,9817
2329,華泰,72,52,20,元大-東泰,2023-08-24,9817
1709,和益,20,0,20,元大-東泰,2023-08-24,9817
00915,凱基優選高股息30,20,0,20,元大-東泰,2023-08-24,9817
00639,富邦深100,32,12,20,元大-東泰,2023-08-24,9817
4157,太景*-KY,20,0,20,元大-東泰,2023-08-24,9817
2324,仁寶,71,54,17,元大-東泰,2023-08-24,9817
1815,富喬,17,0,17,元大-東泰,2023-08-24,9817
4938,和碩,33,16,17,元大-東泰,2023-08-24,9817
2886,兆豐金,18,2,16,元大-東泰,2023-08-24,9817
2880,華南金,16,0,16,元大-東泰,2023-08-24,9817
4108,懷特,17,2,15,元大-東泰,2023-08-24,9817
2618,長榮航,33,18,15,元大-東泰,2023-08-24,9817
00900,富邦特選高股息30,15,1,14,元大-東泰,2023-08-24,9817
00885,富邦越南,14,1,13,元大-東泰,2023-08-24,9817
3078,僑威,15,2,13,元大-東泰,2023-08-24,9817
3013,晟銘電,27,15,12,元大-東泰,2023-08-24,9817
3004,豐達科,13,1,12,元大-東泰,2023-08-24,9817
6257,矽格,60,48,12,元大-東泰,2023-08-24,9817
3094,聯傑,21,10,11,元大-東泰,2023-08-24,9817
5009,榮剛,16,5,11,元大-東泰,2023-08-24,9817
00665L,富邦�琤肭磪囓�2,11,0,11,元大-東泰,2023-08-24,9817
2534,宏盛,10,0,10,元大-東泰,2023-08-24,9817
3305,昇貿,35,25,10,元大-東泰,2023-08-24,9817
8092,建暐,10,0,10,元大-東泰,2023-08-24,9817
6695,芯鼎,11,1,10,元大-東泰,2023-08-24,9817
2888,新光金,23,13,10,元大-東泰,2023-08-24,9817
2206,三陽工業,21,12,9,元大-東泰,2023-08-24,9817
3051,力特,10,1,9,元大-東泰,2023-08-24,9817
2634,漢翔,222,43,179,元大-東泰,2023-08-25,9817
00878,國泰永續高股息,182,5,177,元大-東泰,2023-08-25,9817
3231,緯創,259,91,168,元大-東泰,2023-08-25,9817
2301,光寶科,122,9,113,元大-東泰,2023-08-25,9817
2323,中環,107,0,107,元大-東泰,2023-08-25,9817
00900,富邦特選高股息30,75,0,75,元大-東泰,2023-08-25,9817
2332,友訊,97,48,49,元大-東泰,2023-08-25,9817
2382,廣達,72,25,47,元大-東泰,2023-08-25,9817
2610,華航,62,16,46,元大-東泰,2023-08-25,9817
2618,長榮航,48,6,42,元大-東泰,2023-08-25,9817
0056,元大高股息,42,4,38,元大-東泰,2023-08-25,9817
2329,華泰,57,20,37,元大-東泰,2023-08-25,9817
9934,成霖,42,6,36,元大-東泰,2023-08-25,9817
2303,聯電,42,6,36,元大-東泰,2023-08-25,9817
2344,華邦電,36,1,35,元大-東泰,2023-08-25,9817
00881,國泰台灣5G+,39,5,34,元大-東泰,2023-08-25,9817
00919,群益台灣精選高息,33,0,33,元大-東泰,2023-08-25,9817
2328,廣宇,30,2,28,元大-東泰,2023-08-25,9817
6191,精成科,29,2,27,元大-東泰,2023-08-25,9817
3037,欣興,30,4,26,元大-東泰,2023-08-25,9817
00882,中信中國高股息,25,0,25,元大-東泰,2023-08-25,9817
00712,復華富時不動產,23,0,23,元大-東泰,2023-08-25,9817
6282,康舒,32,10,22,元大-東泰,2023-08-25,9817
00888,永豐台灣ESG,21,0,21,元大-東泰,2023-08-25,9817
00923,群益台ESG低碳50,25,4,21,元大-東泰,2023-08-25,9817
2324,仁寶,40,20,20,元大-東泰,2023-08-25,9817
00665L,富邦�琤肭磪囓�2,20,0,20,元大-東泰,2023-08-25,9817
2014,中鴻,20,1,19,元大-東泰,2023-08-25,9817
00680L,元大美債20正2,20,1,19,元大-東泰,2023-08-25,9817
1504,東元,23,5,18,元大-東泰,2023-08-25,9817
2002,中鋼,22,4,18,元大-東泰,2023-08-25,9817
00632R,元大台灣50反1,20,3,17,元大-東泰,2023-08-25,9817
2330,台積電,21,5,16,元大-東泰,2023-08-25,9817
3308,聯德,26,10,16,元大-東泰,2023-08-25,9817
3581,博磊,17,1,16,元大-東泰,2023-08-25,9817
1303,南亞,17,3,14,元大-東泰,2023-08-25,9817
00929,復華台灣科技優息,59,46,13,元大-東泰,2023-08-25,9817
5009,榮剛,16,3,13,元大-東泰,2023-08-25,9817
3706,神達,18,7,11,元大-東泰,2023-08-25,9817
00830,國泰費城半導體,11,0,11,元大-東泰,2023-08-25,9817
2352,佳世達,19,8,11,元大-東泰,2023-08-25,9817
2606,裕民,17,6,11,元大-東泰,2023-08-25,9817
1101,台泥,18,8,10,元大-東泰,2023-08-25,9817
4526,東台,10,0,10,元大-東泰,2023-08-25,9817
2867,三商壽,10,0,10,元大-東泰,2023-08-25,9817
00764B,群益25年美債,10,0,10,元大-東泰,2023-08-25,9817
2547,日勝生,10,0,10,元大-東泰,2023-08-25,9817
6108,競國,10,0,10,元大-東泰,2023-08-25,9817
1409,新纖,10,0,10,元大-東泰,2023-08-25,9817
8927,北基,10,0,10,元大-東泰,2023-08-25,9817
2618,長榮航,148,15,133,元大-東泰,2023-08-28,9817
2301,光寶科,83,10,73,元大-東泰,2023-08-28,9817
00923,群益台ESG低碳50,60,2,58,元大-東泰,2023-08-28,9817
4906,正文,122,71,51,元大-東泰,2023-08-28,9817
00632R,元大台灣50反1,50,0,50,元大-東泰,2023-08-28,9817
2903,遠百,45,0,45,元大-東泰,2023-08-28,9817
2363,矽統,214,177,37,元大-東泰,2023-08-28,9817
2405,輔信,36,0,36,元大-東泰,2023-08-28,9817
00878,國泰永續高股息,77,42,35,元大-東泰,2023-08-28,9817
2353,宏��,50,17,33,元大-東泰,2023-08-28,9817
2485,兆赫,71,38,33,元大-東泰,2023-08-28,9817
2425,承啟,42,12,30,元大-東泰,2023-08-28,9817
2633,台灣高鐵,35,6,29,元大-東泰,2023-08-28,9817
2344,華邦電,30,2,28,元大-東泰,2023-08-28,9817
2388,威盛,33,6,27,元大-東泰,2023-08-28,9817
00929,復華台灣科技優息,43,16,27,元大-東泰,2023-08-28,9817
00919,群益台灣精選高息,24,2,22,元大-東泰,2023-08-28,9817
00679B,元大美債20年,21,0,21,元大-東泰,2023-08-28,9817
1737,臺鹽,42,22,20,元大-東泰,2023-08-28,9817
2516,新建,20,0,20,元大-東泰,2023-08-28,9817
00634R,富邦上証反1,19,0,19,元大-東泰,2023-08-28,9817
2489,瑞軒,17,0,17,元大-東泰,2023-08-28,9817
2002,中鋼,24,8,16,元大-東泰,2023-08-28,9817
2382,廣達,42,27,15,元大-東泰,2023-08-28,9817
1709,和益,15,0,15,元大-東泰,2023-08-28,9817
1108,幸福,15,0,15,元大-東泰,2023-08-28,9817
1733,五鼎,15,0,15,元大-東泰,2023-08-28,9817
2371,大同,24,10,14,元大-東泰,2023-08-28,9817
5347,世界,17,3,14,元大-東泰,2023-08-28,9817
2614,東森,18,5,13,元大-東泰,2023-08-28,9817
2883,凱基金,18,6,12,元大-東泰,2023-08-28,9817
4707,磐亞,12,0,12,元大-東泰,2023-08-28,9817
2402,毅嘉,27,15,12,元大-東泰,2023-08-28,9817
2204,中華,12,0,12,元大-東泰,2023-08-28,9817
2329,華泰,37,25,12,元大-東泰,2023-08-28,9817
5425,台半,12,0,12,元大-東泰,2023-08-28,9817
4961,天鈺,17,5,12,元大-東泰,2023-08-28,9817
2369,菱生,17,6,11,元大-東泰,2023-08-28,9817
3059,華晶科,11,0,11,元大-東泰,2023-08-28,9817
6168,宏齊,14,3,11,元大-東泰,2023-08-28,9817
3037,欣興,18,7,11,元大-東泰,2023-08-28,9817
1504,東元,14,4,10,元大-東泰,2023-08-28,9817
4526,東台,10,0,10,元大-東泰,2023-08-28,9817
5301,寶得利,10,0,10,元大-東泰,2023-08-28,9817
3056,富華新,10,0,10,元大-東泰,2023-08-28,9817
8213,志超,10,0,10,元大-東泰,2023-08-28,9817
3013,晟銘電,14,4,10,元大-東泰,2023-08-28,9817
00764B,群益25年美債,10,0,10,元大-東泰,2023-08-28,9817
00665L,富邦�琤肭磪囓�2,10,0,10,元大-東泰,2023-08-28,9817
2009,第一銅,10,0,10,元大-東泰,2023-08-28,9817
2457,飛宏,137,23,114,元大-東泰,2023-08-29,9817
2363,矽統,508,423,85,元大-東泰,2023-08-29,9817
00632R,元大台灣50反1,139,55,84,元大-東泰,2023-08-29,9817
8215,明基材,50,0,50,元大-東泰,2023-08-29,9817
00929,復華台灣科技優息,38,5,33,元大-東泰,2023-08-29,9817
1612,宏泰,34,2,32,元大-東泰,2023-08-29,9817
2303,聯電,53,24,29,元大-東泰,2023-08-29,9817
3481,群創,28,1,27,元大-東泰,2023-08-29,9817
1514,亞力,31,5,26,元大-東泰,2023-08-29,9817
3231,緯創,66,42,24,元大-東泰,2023-08-29,9817
4707,磐亞,24,0,24,元大-東泰,2023-08-29,9817
1471,首利,24,1,23,元大-東泰,2023-08-29,9817
2409,友達,21,0,21,元大-東泰,2023-08-29,9817
3363,上詮,20,0,20,元大-東泰,2023-08-29,9817
2014,中鴻,20,1,19,元大-東泰,2023-08-29,9817
3051,力特,26,10,16,元大-東泰,2023-08-29,9817
2312,金寶,16,0,16,元大-東泰,2023-08-29,9817
2369,菱生,16,0,16,元大-東泰,2023-08-29,9817
2834,臺企銀,17,2,15,元大-東泰,2023-08-29,9817
00706L,期元大S＆P日圓正2,15,0,15,元大-東泰,2023-08-29,9817
2356,英業達,34,20,14,元大-東泰,2023-08-29,9817
2883,凱基金,25,12,13,元大-東泰,2023-08-29,9817
2603,長榮,21,9,12,元大-東泰,2023-08-29,9817
2485,兆赫,33,21,12,元大-東泰,2023-08-29,9817
2337,旺宏,14,2,12,元大-東泰,2023-08-29,9817
2002,中鋼,23,12,11,元大-東泰,2023-08-29,9817
00900,富邦特選高股息30,12,1,11,元大-東泰,2023-08-29,9817
3682,亞太電,14,3,11,元大-東泰,2023-08-29,9817
2368,金像電,14,3,11,元大-東泰,2023-08-29,9817
6191,精成科,11,1,10,元大-東泰,2023-08-29,9817
2486,一詮,10,0,10,元大-東泰,2023-08-29,9817
1447,力鵬,10,0,10,元大-東泰,2023-08-29,9817
1303,南亞,13,3,10,元大-東泰,2023-08-29,9817
3078,僑威,12,3,9,元大-東泰,2023-08-29,9817
2355,敬鵬,11,2,9,元大-東泰,2023-08-29,9817
3704,合勤控,10,1,9,元大-東泰,2023-08-29,9817
2906,高林,9,0,9,元大-東泰,2023-08-29,9817
2352,佳世達,9,0,9,元大-東泰,2023-08-29,9817
00892,富邦台灣半導體,16,8,8,元大-東泰,2023-08-29,9817
6168,宏齊,9,1,8,元大-東泰,2023-08-29,9817
3532,台勝科,16,8,8,元大-東泰,2023-08-29,9817
2331,精英,51,43,8,元大-東泰,2023-08-29,9817
1905,華紙,12,5,7,元大-東泰,2023-08-29,9817
1611,中電,7,0,7,元大-東泰,2023-08-29,9817
2323,中環,14,7,7,元大-東泰,2023-08-29,9817
6016,康和證,7,0,7,元大-東泰,2023-08-29,9817
2913,農林,13,6,7,元大-東泰,2023-08-29,9817
6841,長佳智能,7,0,7,元大-東泰,2023-08-29,9817
2630,亞航,22,15,7,元大-東泰,2023-08-29,9817
2634,漢翔,32,26,6,元大-東泰,2023-08-29,9817
2457,飛宏,150,14,136,元大-東泰,2023-08-30,9817
3704,合勤控,51,0,51,元大-東泰,2023-08-30,9817
2867,三商壽,51,0,51,元大-東泰,2023-08-30,9817
00720B,元大投資級公司債,52,1,51,元大-東泰,2023-08-30,9817
8215,明基材,50,0,50,元大-東泰,2023-08-30,9817
3481,群創,48,5,43,元大-東泰,2023-08-30,9817
00671R,富邦NASDAQ反1,40,0,40,元大-東泰,2023-08-30,9817
4111,濟生,38,0,38,元大-東泰,2023-08-30,9817
1701,中化,35,0,35,元大-東泰,2023-08-30,9817
2002,中鋼,43,9,34,元大-東泰,2023-08-30,9817
2331,精英,63,29,34,元大-東泰,2023-08-30,9817
3715,定穎投控,43,10,33,元大-東泰,2023-08-30,9817
00637L,元大滬深300正2,30,2,28,元大-東泰,2023-08-30,9817
5009,榮剛,27,0,27,元大-東泰,2023-08-30,9817
2601,益航,20,0,20,元大-東泰,2023-08-30,9817
2401,凌陽,41,21,20,元大-東泰,2023-08-30,9817
1612,宏泰,21,1,20,元大-東泰,2023-08-30,9817
00636,國泰中國A50,20,0,20,元大-東泰,2023-08-30,9817
00633L,富邦上証正2,20,0,20,元大-東泰,2023-08-30,9817
6282,康舒,19,0,19,元大-東泰,2023-08-30,9817
2301,光寶科,27,11,16,元大-東泰,2023-08-30,9817
2402,毅嘉,47,32,15,元大-東泰,2023-08-30,9817
2014,中鴻,14,0,14,元大-東泰,2023-08-30,9817
2485,兆赫,44,30,14,元大-東泰,2023-08-30,9817
2344,華邦電,55,43,12,元大-東泰,2023-08-30,9817
2516,新建,12,0,12,元大-東泰,2023-08-30,9817
3706,神達,17,5,12,元大-東泰,2023-08-30,9817
3071,協禧,12,0,12,元大-東泰,2023-08-30,9817
2356,英業達,28,17,11,元大-東泰,2023-08-30,9817
0056,元大高股息,10,0,10,元大-東泰,2023-08-30,9817
2367,燿華,14,4,10,元大-東泰,2023-08-30,9817
4960,誠美材,15,5,10,元大-東泰,2023-08-30,9817
1709,和益,10,0,10,元大-東泰,2023-08-30,9817
9934,成霖,10,0,10,元大-東泰,2023-08-30,9817
5388,中磊,10,0,10,元大-東泰,2023-08-30,9817
1609,大亞,11,2,9,元大-東泰,2023-08-30,9817
00795B,中信美國公債20年,9,0,9,元大-東泰,2023-08-30,9817
2332,友訊,16,7,9,元大-東泰,2023-08-30,9817
8927,北基,20,11,9,元大-東泰,2023-08-30,9817
2886,兆豐金,8,0,8,元大-東泰,2023-08-30,9817
5876,上海商銀,8,0,8,元大-東泰,2023-08-30,9817
3325,旭品,21,14,7,元大-東泰,2023-08-30,9817
2495,普安,10,3,7,元大-東泰,2023-08-30,9817
5475,德宏,13,6,7,元大-東泰,2023-08-30,9817
5381,合正,19,12,7,元大-東泰,2023-08-30,9817
00713,元大台灣高息低波,7,0,7,元大-東泰,2023-08-30,9817
1101,台泥,8,2,6,元大-東泰,2023-08-30,9817
5222,全訊,6,0,6,元大-東泰,2023-08-30,9817
2421,建準,14,8,6,元大-東泰,2023-08-30,9817
00779B,凱基美債25+,6,0,6,元大-東泰,2023-08-30,9817
2617,台航,74,5,69,元大-東泰,2023-08-31,9817
00632R,元大台灣50反1,80,16,64,元大-東泰,2023-08-31,9817
1905,華紙,58,1,57,元大-東泰,2023-08-31,9817
2344,華邦電,90,35,55,元大-東泰,2023-08-31,9817
2633,台灣高鐵,53,0,53,元大-東泰,2023-08-31,9817
2337,旺宏,80,30,50,元大-東泰,2023-08-31,9817
2303,聯電,73,32,41,元大-東泰,2023-08-31,9817
2834,臺企銀,40,0,40,元大-東泰,2023-08-31,9817
2610,華航,40,4,36,元大-東泰,2023-08-31,9817
2886,兆豐金,31,0,31,元大-東泰,2023-08-31,9817
1802,台玻,76,46,30,元大-東泰,2023-08-31,9817
2324,仁寶,45,17,28,元大-東泰,2023-08-31,9817
4402,郡都開發,28,0,28,元大-東泰,2023-08-31,9817
00929,復華台灣科技優息,35,8,27,元大-東泰,2023-08-31,9817
1101,台泥,25,0,25,元大-東泰,2023-08-31,9817
3432,台端,25,0,25,元大-東泰,2023-08-31,9817
1529,樂事綠能,24,2,22,元大-東泰,2023-08-31,9817
3380,明泰,22,1,21,元大-東泰,2023-08-31,9817
00878,國泰永續高股息,32,11,21,元大-東泰,2023-08-31,9817
1416,廣豐,20,0,20,元大-東泰,2023-08-31,9817
9933,中鼎,20,0,20,元大-東泰,2023-08-31,9817
00720B,元大投資級公司債,20,0,20,元大-東泰,2023-08-31,9817
6411,晶焱,20,0,20,元大-東泰,2023-08-31,9817
2371,大同,20,1,19,元大-東泰,2023-08-31,9817
2892,第一金,19,0,19,元大-東泰,2023-08-31,9817
3149,正達,18,0,18,元大-東泰,2023-08-31,9817
6547,高端疫苗,21,5,16,元大-東泰,2023-08-31,9817
3046,建��,15,0,15,元大-東泰,2023-08-31,9817
2618,長榮航,19,5,14,元大-東泰,2023-08-31,9817
2883,凱基金,17,3,14,元大-東泰,2023-08-31,9817
6415,矽力*-KY,18,5,13,元大-東泰,2023-08-31,9817
2323,中環,13,0,13,元大-東泰,2023-08-31,9817
6126,信音,16,3,13,元大-東泰,2023-08-31,9817
8927,北基,17,5,12,元大-東泰,2023-08-31,9817
00687B,國泰20年美債,12,0,12,元大-東泰,2023-08-31,9817
2891,中信金,13,1,12,元大-東泰,2023-08-31,9817
3363,上詮,11,0,11,元大-東泰,2023-08-31,9817
6217,中探針,11,0,11,元大-東泰,2023-08-31,9817
5388,中磊,15,4,11,元大-東泰,2023-08-31,9817
00923,群益台ESG低碳50,10,0,10,元大-東泰,2023-08-31,9817
3715,定穎投控,78,68,10,元大-東泰,2023-08-31,9817
2615,萬海,10,0,10,元大-東泰,2023-08-31,9817
1409,新纖,10,0,10,元大-東泰,2023-08-31,9817
5328,華容,10,0,10,元大-東泰,2023-08-31,9817
5457,宣德,10,0,10,元大-東泰,2023-08-31,9817
00637L,元大滬深300正2,12,2,10,元大-東泰,2023-08-31,9817
5347,世界,10,1,9,元大-東泰,2023-08-31,9817
5009,榮剛,8,0,8,元大-東泰,2023-08-31,9817
1712,興農,10,2,8,元大-東泰,2023-08-31,9817
2367,燿華,23,15,8,元大-東泰,2023-08-31,9817
1701,中化,152,0,152,元大-東泰,2023-09-01,9817
6547,高端疫苗,178,34,144,元大-東泰,2023-09-01,9817
2881,富邦金,96,2,94,元大-東泰,2023-09-01,9817
00680L,元大美債20正2,90,0,90,元大-東泰,2023-09-01,9817
2329,華泰,96,11,85,元大-東泰,2023-09-01,9817
00932,兆豐永續高息等權,78,0,78,元大-東泰,2023-09-01,9817
3231,緯創,130,63,67,元大-東泰,2023-09-01,9817
2867,三商壽,62,5,57,元大-東泰,2023-09-01,9817
3044,健鼎,61,5,56,元大-東泰,2023-09-01,9817
3545,敦泰,50,0,50,元大-東泰,2023-09-01,9817
00632R,元大台灣50反1,56,7,49,元大-東泰,2023-09-01,9817
2337,旺宏,68,19,49,元大-東泰,2023-09-01,9817
00919,群益台灣精選高息,46,0,46,元大-東泰,2023-09-01,9817
5347,世界,45,3,42,元大-東泰,2023-09-01,9817
1402,遠東新,41,0,41,元大-東泰,2023-09-01,9817
3229,晟鈦,36,0,36,元大-東泰,2023-09-01,9817
00929,復華台灣科技優息,30,0,30,元大-東泰,2023-09-01,9817
3706,神達,50,21,29,元大-東泰,2023-09-01,9817
2615,萬海,28,0,28,元大-東泰,2023-09-01,9817
00878,國泰永續高股息,38,12,26,元大-東泰,2023-09-01,9817
6282,康舒,36,12,24,元大-東泰,2023-09-01,9817
2520,冠德,22,0,22,元大-東泰,2023-09-01,9817
2485,兆赫,79,57,22,元大-東泰,2023-09-01,9817
6196,帆宣,21,0,21,元大-東泰,2023-09-01,9817
00923,群益台ESG低碳50,21,0,21,元大-東泰,2023-09-01,9817
3058,立德,20,0,20,元大-東泰,2023-09-01,9817
4157,太景*-KY,20,0,20,元大-東泰,2023-09-01,9817
2382,廣達,37,17,20,元大-東泰,2023-09-01,9817
2401,凌陽,19,0,19,元大-東泰,2023-09-01,9817
2313,華通,18,0,18,元大-東泰,2023-09-01,9817
1618,合機,19,1,18,元大-東泰,2023-09-01,9817
1504,東元,18,0,18,元大-東泰,2023-09-01,9817
00772B,中信高評級公司債,20,2,18,元大-東泰,2023-09-01,9817
2610,華航,39,22,17,元大-東泰,2023-09-01,9817
2356,英業達,48,32,16,元大-東泰,2023-09-01,9817
1605,華新,36,21,15,元大-東泰,2023-09-01,9817
2243,宏旭-KY,15,0,15,元大-東泰,2023-09-01,9817
2340,台亞,19,6,13,元大-東泰,2023-09-01,9817
1529,樂事綠能,14,1,13,元大-東泰,2023-09-01,9817
1907,永豐餘,13,0,13,元大-東泰,2023-09-01,9817
1522,堤維西,27,14,13,元大-東泰,2023-09-01,9817
1503,士電,12,0,12,元大-東泰,2023-09-01,9817
2892,第一金,12,0,12,元大-東泰,2023-09-01,9817
2457,飛宏,17,7,10,元大-東泰,2023-09-01,9817
8390,金益鼎,10,0,10,元大-東泰,2023-09-01,9817
00764B,群益25年美債,10,0,10,元大-東泰,2023-09-01,9817
00720B,元大投資級公司債,10,0,10,元大-東泰,2023-09-01,9817
3071,協禧,11,1,10,元大-東泰,2023-09-01,9817
4960,誠美材,10,0,10,元大-東泰,2023-09-01,9817
5315,光聯,10,0,10,元大-東泰,2023-09-01,9817
00632R,元大台灣50反1,150,0,150,元大-東泰,2023-09-04,9817
00929,復華台灣科技優息,114,4,110,元大-東泰,2023-09-04,9817
2363,矽統,306,236,70,元大-東泰,2023-09-04,9817
4402,郡都開發,72,5,67,元大-東泰,2023-09-04,9817
3207,耀勝,61,0,61,元大-東泰,2023-09-04,9817
1312,國喬,50,0,50,元大-東泰,2023-09-04,9817
2801,彰銀,50,0,50,元大-東泰,2023-09-04,9817
00919,群益台灣精選高息,45,0,45,元大-東泰,2023-09-04,9817
1402,遠東新,42,0,42,元大-東泰,2023-09-04,9817
00772B,中信高評級公司債,40,0,40,元大-東泰,2023-09-04,9817
2634,漢翔,50,13,37,元大-東泰,2023-09-04,9817
1802,台玻,75,40,35,元大-東泰,2023-09-04,9817
2852,第一保,35,1,34,元大-東泰,2023-09-04,9817
00634R,富邦上証反1,33,0,33,元大-東泰,2023-09-04,9817
2885,元大金,35,2,33,元大-東泰,2023-09-04,9817
00931B,統一美債20年,31,0,31,元大-東泰,2023-09-04,9817
00915,凱基優選高股息30,31,0,31,元大-東泰,2023-09-04,9817
2371,大同,35,6,29,元大-東泰,2023-09-04,9817
2618,長榮航,31,3,28,元大-東泰,2023-09-04,9817
2301,光寶科,44,17,27,元大-東泰,2023-09-04,9817
2308,台達電,27,1,26,元大-東泰,2023-09-04,9817
2303,聯電,29,5,24,元大-東泰,2023-09-04,9817
2331,精英,21,0,21,元大-東泰,2023-09-04,9817
8341,日友,21,0,21,元大-東泰,2023-09-04,9817
2641,正德,20,0,20,元大-東泰,2023-09-04,9817
2409,友達,44,26,18,元大-東泰,2023-09-04,9817
2206,三陽工業,45,28,17,元大-東泰,2023-09-04,9817
2352,佳世達,18,2,16,元大-東泰,2023-09-04,9817
2312,金寶,16,0,16,元大-東泰,2023-09-04,9817
3714,富采,17,2,15,元大-東泰,2023-09-04,9817
00687B,國泰20年美債,15,0,15,元大-東泰,2023-09-04,9817
2324,仁寶,28,13,15,元大-東泰,2023-09-04,9817
3260,威剛,15,0,15,元大-東泰,2023-09-04,9817
9934,成霖,15,0,15,元大-東泰,2023-09-04,9817
2492,華新科,24,9,15,元大-東泰,2023-09-04,9817
00720B,元大投資級公司債,14,0,14,元大-東泰,2023-09-04,9817
1513,中興電,15,1,14,元大-東泰,2023-09-04,9817
00893,國泰智能電動車,13,0,13,元大-東泰,2023-09-04,9817
9919,康那香,18,5,13,元大-東泰,2023-09-04,9817
2402,毅嘉,107,95,12,元大-東泰,2023-09-04,9817
00932,兆豐永續高息等權,12,0,12,元大-東泰,2023-09-04,9817
00751B,元大AAA至A公司債,11,0,11,元大-東泰,2023-09-04,9817
6770,力積電,12,1,11,元大-東泰,2023-09-04,9817
00673R,期元大S＆P原油反1,13,2,11,元大-東泰,2023-09-04,9817
2425,承啟,16,5,11,元大-東泰,2023-09-04,9817
4919,新唐,12,1,11,元大-東泰,2023-09-04,9817
2323,中環,25,15,10,元大-東泰,2023-09-04,9817
2344,華邦電,16,6,10,元大-東泰,2023-09-04,9817
8070,長華*,10,0,10,元大-東泰,2023-09-04,9817
3576,聯合再生,10,0,10,元大-東泰,2023-09-04,9817
2358,廷鑫,80,0,80,元大-東泰,2023-09-05,9817
00929,復華台灣科技優息,134,68,66,元大-東泰,2023-09-05,9817
3545,敦泰,68,4,64,元大-東泰,2023-09-05,9817
2885,元大金,58,1,57,元大-東泰,2023-09-05,9817
3564,其陽,57,1,56,元大-東泰,2023-09-05,9817
00753L,中信中國50正2,56,0,56,元大-東泰,2023-09-05,9817
2371,大同,56,6,50,元大-東泰,2023-09-05,9817
00772B,中信高評級公司債,42,0,42,元大-東泰,2023-09-05,9817
1584,精剛,36,0,36,元大-東泰,2023-09-05,9817
8085,福華,32,0,32,元大-東泰,2023-09-05,9817
2356,英業達,55,23,32,元大-東泰,2023-09-05,9817
2402,毅嘉,60,29,31,元大-東泰,2023-09-05,9817
3481,群創,31,3,28,元大-東泰,2023-09-05,9817
2634,漢翔,51,23,28,元大-東泰,2023-09-05,9817
5443,均豪,25,0,25,元大-東泰,2023-09-05,9817
2344,華邦電,31,6,25,元大-東泰,2023-09-05,9817
1101,台泥,27,3,24,元大-東泰,2023-09-05,9817
2618,長榮航,30,7,23,元大-東泰,2023-09-05,9817
3231,緯創,50,28,22,元大-東泰,2023-09-05,9817
00632R,元大台灣50反1,21,0,21,元大-東泰,2023-09-05,9817
6418,詠昇,21,0,21,元大-東泰,2023-09-05,9817
2610,華航,31,12,19,元大-東泰,2023-09-05,9817
4157,太景*-KY,20,2,18,元大-東泰,2023-09-05,9817
00915,凱基優選高股息30,18,0,18,元大-東泰,2023-09-05,9817
00637L,元大滬深300正2,17,0,17,元大-東泰,2023-09-05,9817
5258,虹堡,25,8,17,元大-東泰,2023-09-05,9817
00751B,元大AAA至A公司債,17,0,17,元大-東泰,2023-09-05,9817
2324,仁寶,30,15,15,元大-東泰,2023-09-05,9817
3483,力致,16,3,13,元大-東泰,2023-09-05,9817
2332,友訊,13,0,13,元大-東泰,2023-09-05,9817
2884,玉山金,13,0,13,元大-東泰,2023-09-05,9817
3289,宜特,12,0,12,元大-東泰,2023-09-05,9817
5498,凱崴,12,0,12,元大-東泰,2023-09-05,9817
2633,台灣高鐵,12,0,12,元大-東泰,2023-09-05,9817
1305,華夏,11,0,11,元大-東泰,2023-09-05,9817
2030,彰源,10,0,10,元大-東泰,2023-09-05,9817
8215,明基材,10,0,10,元大-東泰,2023-09-05,9817
3379,彬台,10,0,10,元大-東泰,2023-09-05,9817
3094,聯傑,10,0,10,元大-東泰,2023-09-05,9817
2881,富邦金,10,0,10,元大-東泰,2023-09-05,9817
2481,強茂,10,1,9,元大-東泰,2023-09-05,9817
2486,一詮,11,2,9,元大-東泰,2023-09-05,9817
1802,台玻,37,28,9,元大-東泰,2023-09-05,9817
4915,致伸,11,2,9,元大-東泰,2023-09-05,9817
2208,台船,10,1,9,元大-東泰,2023-09-05,9817
6235,華孚,32,24,8,元大-東泰,2023-09-05,9817
1795,美時,8,0,8,元大-東泰,2023-09-05,9817
2880,華南金,10,2,8,元大-東泰,2023-09-05,9817
2241,艾姆勒,18,10,8,元大-東泰,2023-09-05,9817
4102,永日,8,0,8,元大-東泰,2023-09-05,9817
2409,友達,634,37,597,元大-東泰,2023-09-06,9817
3481,群創,206,43,163,元大-東泰,2023-09-06,9817
2363,矽統,334,218,116,元大-東泰,2023-09-06,9817
00673R,期元大S＆P原油反1,102,0,102,元大-東泰,2023-09-06,9817
00680L,元大美債20正2,102,0,102,元大-東泰,2023-09-06,9817
00929,復華台灣科技優息,133,50,83,元大-東泰,2023-09-06,9817
3231,緯創,107,29,78,元大-東泰,2023-09-06,9817
5381,合正,98,24,74,元大-東泰,2023-09-06,9817
2401,凌陽,91,24,67,元大-東泰,2023-09-06,9817
00915,凱基優選高股息30,60,5,55,元大-東泰,2023-09-06,9817
00772B,中信高評級公司債,44,0,44,元大-東泰,2023-09-06,9817
2834,臺企銀,37,0,37,元大-東泰,2023-09-06,9817
00919,群益台灣精選高息,48,13,35,元大-東泰,2023-09-06,9817
1101,台泥,39,4,35,元大-東泰,2023-09-06,9817
2482,連宇,35,0,35,元大-東泰,2023-09-06,9817
00632R,元大台灣50反1,35,2,33,元大-東泰,2023-09-06,9817
2358,廷鑫,30,0,30,元大-東泰,2023-09-06,9817
1802,台玻,54,26,28,元大-東泰,2023-09-06,9817
00918,大華優利高填息30,25,0,25,元大-東泰,2023-09-06,9817
2618,長榮航,42,17,25,元大-東泰,2023-09-06,9817
2457,飛宏,34,10,24,元大-東泰,2023-09-06,9817
5351,鈺創,24,1,23,元大-東泰,2023-09-06,9817
00687B,國泰20年美債,22,0,22,元大-東泰,2023-09-06,9817
9934,成霖,22,0,22,元大-東泰,2023-09-06,9817
6116,彩晶,21,0,21,元大-東泰,2023-09-06,9817
6118,建達,21,1,20,元大-東泰,2023-09-06,9817
2208,台船,20,1,19,元大-東泰,2023-09-06,9817
00751B,元大AAA至A公司債,19,1,18,元大-東泰,2023-09-06,9817
6147,頎邦,37,19,18,元大-東泰,2023-09-06,9817
6274,台燿,42,24,18,元大-東泰,2023-09-06,9817
00764B,群益25年美債,17,0,17,元大-東泰,2023-09-06,9817
2376,技嘉,23,7,16,元大-東泰,2023-09-06,9817
2891,中信金,16,0,16,元大-東泰,2023-09-06,9817
5302,太欣,20,4,16,元大-東泰,2023-09-06,9817
8085,福華,16,0,16,元大-東泰,2023-09-06,9817
2498,宏達電,15,0,15,元大-東泰,2023-09-06,9817
00932,兆豐永續高息等權,15,0,15,元大-東泰,2023-09-06,9817
2884,玉山金,18,3,15,元大-東泰,2023-09-06,9817
1504,東元,17,3,14,元大-東泰,2023-09-06,9817
5864,致和證,14,0,14,元大-東泰,2023-09-06,9817
8050,廣積,14,0,14,元大-東泰,2023-09-06,9817
2002,中鋼,16,2,14,元大-東泰,2023-09-06,9817
2308,台達電,15,1,14,元大-東泰,2023-09-06,9817
2609,陽明,19,6,13,元大-東泰,2023-09-06,9817
1303,南亞,17,4,13,元大-東泰,2023-09-06,9817
2027,大成鋼,13,0,13,元大-東泰,2023-09-06,9817
00720B,元大投資級公司債,13,0,13,元大-東泰,2023-09-06,9817
4961,天鈺,17,5,12,元大-東泰,2023-09-06,9817
2880,華南金,11,0,11,元大-東泰,2023-09-06,9817
3532,台勝科,23,12,11,元大-東泰,2023-09-06,9817
00673R,期元大S＆P原油反1,171,0,171,元大-東泰,2023-09-07,9817
00929,復華台灣科技優息,195,25,170,元大-東泰,2023-09-07,9817
2614,東森,181,33,148,元大-東泰,2023-09-07,9817
3311,閎暉,80,0,80,元大-東泰,2023-09-07,9817
00919,群益台灣精選高息,79,6,73,元大-東泰,2023-09-07,9817
00918,大華優利高填息30,72,2,70,元大-東泰,2023-09-07,9817
8112,至上,74,11,63,元大-東泰,2023-09-07,9817
3481,群創,80,22,58,元大-東泰,2023-09-07,9817
2324,仁寶,48,4,44,元大-東泰,2023-09-07,9817
2356,英業達,49,8,41,元大-東泰,2023-09-07,9817
4906,正文,44,4,40,元大-東泰,2023-09-07,9817
00893,國泰智能電動車,40,0,40,元大-東泰,2023-09-07,9817
1513,中興電,35,0,35,元大-東泰,2023-09-07,9817
3207,耀勝,35,0,35,元大-東泰,2023-09-07,9817
4402,郡都開發,35,0,35,元大-東泰,2023-09-07,9817
00772B,中信高評級公司債,31,0,31,元大-東泰,2023-09-07,9817
3231,緯創,35,5,30,元大-東泰,2023-09-07,9817
00932,兆豐永續高息等權,32,2,30,元大-東泰,2023-09-07,9817
8927,北基,30,0,30,元大-東泰,2023-09-07,9817
00637L,元大滬深300正2,31,5,26,元大-東泰,2023-09-07,9817
2485,兆赫,96,72,24,元大-東泰,2023-09-07,9817
2401,凌陽,39,16,23,元大-東泰,2023-09-07,9817
2002,中鋼,24,1,23,元大-東泰,2023-09-07,9817
00923,群益台ESG低碳50,21,0,21,元大-東泰,2023-09-07,9817
00881,國泰台灣5G+,20,0,20,元大-東泰,2023-09-07,9817
9934,成霖,20,0,20,元大-東泰,2023-09-07,9817
2610,華航,33,14,19,元大-東泰,2023-09-07,9817
2409,友達,30,13,17,元大-東泰,2023-09-07,9817
4934,太極,17,0,17,元大-東泰,2023-09-07,9817
6257,矽格,17,0,17,元大-東泰,2023-09-07,9817
2330,台積電,18,2,16,元大-東泰,2023-09-07,9817
2884,玉山金,17,1,16,元大-東泰,2023-09-07,9817
3062,建漢,19,4,15,元大-東泰,2023-09-07,9817
8085,福華,15,0,15,元大-東泰,2023-09-07,9817
6465,威潤,20,7,13,元大-東泰,2023-09-07,9817
2891,中信金,13,0,13,元大-東泰,2023-09-07,9817
1802,台玻,46,34,12,元大-東泰,2023-09-07,9817
3149,正達,12,0,12,元大-東泰,2023-09-07,9817
2436,偉詮電,52,41,11,元大-東泰,2023-09-07,9817
8358,金居,13,2,11,元大-東泰,2023-09-07,9817
4533,協易機,31,20,11,元大-東泰,2023-09-07,9817
1314,中石化,15,4,11,元大-東泰,2023-09-07,9817
2887,台新金,10,0,10,元大-東泰,2023-09-07,9817
00900,富邦特選高股息30,12,2,10,元大-東泰,2023-09-07,9817
3682,亞太電,10,0,10,元大-東泰,2023-09-07,9817
8033,雷虎,10,0,10,元大-東泰,2023-09-07,9817
1709,和益,10,0,10,元大-東泰,2023-09-07,9817
4157,太景*-KY,10,0,10,元大-東泰,2023-09-07,9817
8049,晶采,10,0,10,元大-東泰,2023-09-07,9817
6449,鈺邦,22,12,10,元大-東泰,2023-09-07,9817
2358,廷鑫,470,78,392,元大-東泰,2023-09-08,9817
2614,東森,126,5,121,元大-東泰,2023-09-08,9817
4402,郡都開發,97,0,97,元大-東泰,2023-09-08,9817
00712,復華富時不動產,72,0,72,元大-東泰,2023-09-08,9817
2002,中鋼,80,8,72,元大-東泰,2023-09-08,9817
2618,長榮航,80,11,69,元大-東泰,2023-09-08,9817
00919,群益台灣精選高息,65,0,65,元大-東泰,2023-09-08,9817
2402,毅嘉,73,30,43,元大-東泰,2023-09-08,9817
00632R,元大台灣50反1,50,9,41,元大-東泰,2023-09-08,9817
4529,淳紳,40,0,40,元大-東泰,2023-09-08,9817
00893,國泰智能電動車,40,0,40,元大-東泰,2023-09-08,9817
2883,凱基金,53,14,39,元大-東泰,2023-09-08,9817
2329,華泰,40,2,38,元大-東泰,2023-09-08,9817
2881,富邦金,38,0,38,元大-東泰,2023-09-08,9817
3481,群創,58,21,37,元大-東泰,2023-09-08,9817
00637L,元大滬深300正2,32,0,32,元大-東泰,2023-09-08,9817
5381,合正,38,6,32,元大-東泰,2023-09-08,9817
2409,友達,34,7,27,元大-東泰,2023-09-08,9817
2486,一詮,36,9,27,元大-東泰,2023-09-08,9817
2324,仁寶,27,1,26,元大-東泰,2023-09-08,9817
00918,大華優利高填息30,27,1,26,元大-東泰,2023-09-08,9817
2405,輔信,55,30,25,元大-東泰,2023-09-08,9817
00929,復華台灣科技優息,70,46,24,元大-東泰,2023-09-08,9817
2344,華邦電,24,0,24,元大-東泰,2023-09-08,9817
00673R,期元大S＆P原油反1,25,1,24,元大-東泰,2023-09-08,9817
3260,威剛,23,1,22,元大-東泰,2023-09-08,9817
2201,裕隆,33,11,22,元大-東泰,2023-09-08,9817
1513,中興電,21,1,20,元大-東泰,2023-09-08,9817
2832,台產,20,0,20,元大-東泰,2023-09-08,9817
2313,華通,44,24,20,元大-東泰,2023-09-08,9817
2884,玉山金,19,1,18,元大-東泰,2023-09-08,9817
8215,明基材,17,0,17,元大-東泰,2023-09-08,9817
00639,富邦深100,16,0,16,元大-東泰,2023-09-08,9817
2457,飛宏,15,0,15,元大-東泰,2023-09-08,9817
2498,宏達電,15,0,15,元大-東泰,2023-09-08,9817
2421,建準,21,7,14,元大-東泰,2023-09-08,9817
00902,中信電池及儲能,14,0,14,元大-東泰,2023-09-08,9817
1605,華新,18,5,13,元大-東泰,2023-09-08,9817
2359,所羅門,18,5,13,元大-東泰,2023-09-08,9817
2401,凌陽,19,6,13,元大-東泰,2023-09-08,9817
6282,康舒,15,3,12,元大-東泰,2023-09-08,9817
2374,佳能,11,0,11,元大-東泰,2023-09-08,9817
8358,金居,17,6,11,元大-東泰,2023-09-08,9817
6470,宇智,10,0,10,元大-東泰,2023-09-08,9817
4916,事欣科,10,0,10,元大-東泰,2023-09-08,9817
1618,合機,12,2,10,元大-東泰,2023-09-08,9817
2906,高林,10,0,10,元大-東泰,2023-09-08,9817
4906,正文,21,11,10,元大-東泰,2023-09-08,9817
00830,國泰費城半導體,10,0,10,元大-東泰,2023-09-08,9817
00645,富邦日本,10,0,10,元大-東泰,2023-09-08,9817
2303,聯電,249,10,239,元大-東泰,2023-09-11,9817
2363,矽統,434,211,223,元大-東泰,2023-09-11,9817
00919,群益台灣精選高息,175,3,172,元大-東泰,2023-09-11,9817
4402,郡都開發,121,0,121,元大-東泰,2023-09-11,9817
2409,友達,128,13,115,元大-東泰,2023-09-11,9817
2405,輔信,138,31,107,元大-東泰,2023-09-11,9817
5905,南仁湖,100,0,100,元大-東泰,2023-09-11,9817
2368,金像電,104,11,93,元大-東泰,2023-09-11,9817
2002,中鋼,96,12,84,元大-東泰,2023-09-11,9817
00751B,元大AAA至A公司債,68,0,68,元大-東泰,2023-09-11,9817
00878,國泰永續高股息,232,169,63,元大-東泰,2023-09-11,9817
2634,漢翔,97,39,58,元大-東泰,2023-09-11,9817
00931B,統一美債20年,58,0,58,元大-東泰,2023-09-11,9817
9958,世紀鋼,71,14,57,元大-東泰,2023-09-11,9817
2352,佳世達,87,31,56,元大-東泰,2023-09-11,9817
6282,康舒,70,17,53,元大-東泰,2023-09-11,9817
00673R,期元大S＆P原油反1,50,1,49,元大-東泰,2023-09-11,9817
2312,金寶,54,8,46,元大-東泰,2023-09-11,9817
00929,復華台灣科技優息,159,118,41,元大-東泰,2023-09-11,9817
0056,元大高股息,50,11,39,元大-東泰,2023-09-11,9817
00932,兆豐永續高息等權,36,0,36,元大-東泰,2023-09-11,9817
4938,和碩,34,3,31,元大-東泰,2023-09-11,9817
2337,旺宏,35,5,30,元大-東泰,2023-09-11,9817
3078,僑威,37,9,28,元大-東泰,2023-09-11,9817
2881,富邦金,28,0,28,元大-東泰,2023-09-11,9817
2436,偉詮電,33,6,27,元大-東泰,2023-09-11,9817
2610,華航,26,3,23,元大-東泰,2023-09-11,9817
2498,宏達電,25,2,23,元大-東泰,2023-09-11,9817
2883,凱基金,24,1,23,元大-東泰,2023-09-11,9817
3163,波若威,46,24,22,元大-東泰,2023-09-11,9817
2201,裕隆,34,12,22,元大-東泰,2023-09-11,9817
6770,力積電,21,0,21,元大-東泰,2023-09-11,9817
2329,華泰,59,38,21,元大-東泰,2023-09-11,9817
4934,太極,21,0,21,元大-東泰,2023-09-11,9817
00882,中信中國高股息,20,0,20,元大-東泰,2023-09-11,9817
9105,泰金寶-DR,20,0,20,元大-東泰,2023-09-11,9817
3051,力特,26,6,20,元大-東泰,2023-09-11,9817
2401,凌陽,27,7,20,元大-東泰,2023-09-11,9817
1709,和益,20,0,20,元大-東泰,2023-09-11,9817
00893,國泰智能電動車,20,1,19,元大-東泰,2023-09-11,9817
8222,寶一,51,33,18,元大-東泰,2023-09-11,9817
6116,彩晶,19,1,18,元大-東泰,2023-09-11,9817
2388,威盛,24,7,17,元大-東泰,2023-09-11,9817
00720B,元大投資級公司債,17,0,17,元大-東泰,2023-09-11,9817
5388,中磊,33,16,17,元大-東泰,2023-09-11,9817
00918,大華優利高填息30,17,0,17,元大-東泰,2023-09-11,9817
3006,晶豪科,18,2,16,元大-東泰,2023-09-11,9817
4540,全球傳動,15,0,15,元大-東泰,2023-09-11,9817
2371,大同,17,2,15,元大-東泰,2023-09-11,9817
1440,南紡,15,0,15,元大-東泰,2023-09-11,9817
3715,定穎投控,254,3,251,元大-東泰,2023-09-12,9817
6120,達運,224,1,223,元大-東泰,2023-09-12,9817
00919,群益台灣精選高息,118,0,118,元大-東泰,2023-09-12,9817
5381,合正,100,23,77,元大-東泰,2023-09-12,9817
2382,廣達,83,19,64,元大-東泰,2023-09-12,9817
3481,群創,67,5,62,元大-東泰,2023-09-12,9817
3682,亞太電,52,0,52,元大-東泰,2023-09-12,9817
00679B,元大美債20年,51,2,49,元大-東泰,2023-09-12,9817
9934,成霖,52,5,47,元大-東泰,2023-09-12,9817
00918,大華優利高填息30,35,1,34,元大-東泰,2023-09-12,9817
2883,凱基金,34,9,25,元大-東泰,2023-09-12,9817
2401,凌陽,30,8,22,元大-東泰,2023-09-12,9817
1471,首利,24,3,21,元大-東泰,2023-09-12,9817
6282,康舒,57,38,19,元大-東泰,2023-09-12,9817
2891,中信金,22,4,18,元大-東泰,2023-09-12,9817
00893,國泰智能電動車,19,1,18,元大-東泰,2023-09-12,9817
2457,飛宏,22,5,17,元大-東泰,2023-09-12,9817
00673R,期元大S＆P原油反1,17,0,17,元大-東泰,2023-09-12,9817
2002,中鋼,20,3,17,元大-東泰,2023-09-12,9817
00830,國泰費城半導體,16,0,16,元大-東泰,2023-09-12,9817
4916,事欣科,25,9,16,元大-東泰,2023-09-12,9817
2409,友達,37,22,15,元大-東泰,2023-09-12,9817
2618,長榮航,28,13,15,元大-東泰,2023-09-12,9817
5009,榮剛,15,0,15,元大-東泰,2023-09-12,9817
6165,浪凡,15,0,15,元大-東泰,2023-09-12,9817
8940,新天地,15,0,15,元大-東泰,2023-09-12,9817
00764B,群益25年美債,14,0,14,元大-東泰,2023-09-12,9817
3694,海華,13,0,13,元大-東泰,2023-09-12,9817
00885,富邦越南,13,0,13,元大-東泰,2023-09-12,9817
2356,英業達,29,16,13,元大-東泰,2023-09-12,9817
2888,新光金,11,0,11,元大-東泰,2023-09-12,9817
1618,合機,23,12,11,元大-東泰,2023-09-12,9817
3545,敦泰,15,4,11,元大-東泰,2023-09-12,9817
3207,耀勝,11,0,11,元大-東泰,2023-09-12,9817
2634,漢翔,14,4,10,元大-東泰,2023-09-12,9817
2323,中環,10,0,10,元大-東泰,2023-09-12,9817
8076,伍豐,14,4,10,元大-東泰,2023-09-12,9817
2449,京元電子,11,1,10,元大-東泰,2023-09-12,9817
3711,日月光投控,16,7,9,元大-東泰,2023-09-12,9817
2208,台船,13,4,9,元大-東泰,2023-09-12,9817
2706,第一店,9,0,9,元大-東泰,2023-09-12,9817
1609,大亞,10,1,9,元大-東泰,2023-09-12,9817
8150,南茂,10,1,9,元大-東泰,2023-09-12,9817
6125,廣運,69,61,8,元大-東泰,2023-09-12,9817
8091,翔名,8,0,8,元大-東泰,2023-09-12,9817
3149,正達,8,0,8,元大-東泰,2023-09-12,9817
8358,金居,9,1,8,元大-東泰,2023-09-12,9817
1810,和成,8,0,8,元大-東泰,2023-09-12,9817
3704,合勤控,34,26,8,元大-東泰,2023-09-12,9817
00632R,元大台灣50反1,51,43,8,元大-東泰,2023-09-12,9817
00929,復華台灣科技優息,180,24,156,元大-東泰,2023-09-13,9817
2337,旺宏,103,25,78,元大-東泰,2023-09-13,9817
00919,群益台灣精選高息,109,42,67,元大-東泰,2023-09-13,9817
00878,國泰永續高股息,87,33,54,元大-東泰,2023-09-13,9817
00632R,元大台灣50反1,77,26,51,元大-東泰,2023-09-13,9817
2634,漢翔,42,0,42,元大-東泰,2023-09-13,9817
1402,遠東新,35,0,35,元大-東泰,2023-09-13,9817
1471,首利,32,2,30,元大-東泰,2023-09-13,9817
2344,華邦電,56,27,29,元大-東泰,2023-09-13,9817
3231,緯創,54,25,29,元大-東泰,2023-09-13,9817
1101,台泥,37,10,27,元大-東泰,2023-09-13,9817
00902,中信電池及儲能,26,0,26,元大-東泰,2023-09-13,9817
2340,台亞,27,1,26,元大-東泰,2023-09-13,9817
1314,中石化,43,18,25,元大-東泰,2023-09-13,9817
3322,建舜電,27,3,24,元大-東泰,2023-09-13,9817
2316,楠梓電,24,0,24,元大-東泰,2023-09-13,9817
4906,正文,42,18,24,元大-東泰,2023-09-13,9817
2323,中環,25,3,22,元大-東泰,2023-09-13,9817
2605,新興,21,0,21,元大-東泰,2023-09-13,9817
5009,榮剛,22,2,20,元大-東泰,2023-09-13,9817
9904,寶成,18,0,18,元大-東泰,2023-09-13,9817
5381,合正,27,11,16,元大-東泰,2023-09-13,9817
2485,兆赫,25,10,15,元大-東泰,2023-09-13,9817
2884,玉山金,14,1,13,元大-東泰,2023-09-13,9817
3711,日月光投控,18,5,13,元大-東泰,2023-09-13,9817
2883,凱基金,13,0,13,元大-東泰,2023-09-13,9817
6125,廣運,12,0,12,元大-東泰,2023-09-13,9817
2387,精元,13,1,12,元大-東泰,2023-09-13,9817
6188,廣明,15,4,11,元大-東泰,2023-09-13,9817
6257,矽格,11,0,11,元大-東泰,2023-09-13,9817
2641,正德,10,0,10,元大-東泰,2023-09-13,9817
2313,華通,20,10,10,元大-東泰,2023-09-13,9817
00907,永豐優息存股,10,0,10,元大-東泰,2023-09-13,9817
3289,宜特,10,0,10,元大-東泰,2023-09-13,9817
00830,國泰費城半導體,10,0,10,元大-東泰,2023-09-13,9817
5475,德宏,10,0,10,元大-東泰,2023-09-13,9817
3704,合勤控,50,40,10,元大-東泰,2023-09-13,9817
00927,群益半導體收益,10,0,10,元大-東泰,2023-09-13,9817
3037,欣興,9,0,9,元大-東泰,2023-09-13,9817
2358,廷鑫,9,0,9,元大-東泰,2023-09-13,9817
2312,金寶,10,1,9,元大-東泰,2023-09-13,9817
6416,瑞祺電通,9,0,9,元大-東泰,2023-09-13,9817
00713,元大台灣高息低波,10,1,9,元大-東泰,2023-09-13,9817
1584,精剛,14,5,9,元大-東泰,2023-09-13,9817
00882,中信中國高股息,8,0,8,元大-東泰,2023-09-13,9817
6274,台燿,14,6,8,元大-東泰,2023-09-13,9817
6605,帝寶,9,1,8,元大-東泰,2023-09-13,9817
2892,第一金,18,10,8,元大-東泰,2023-09-13,9817
00637L,元大滬深300正2,7,0,7,元大-東泰,2023-09-13,9817
00753L,中信中國50正2,24,17,7,元大-東泰,2023-09-13,9817
00673R,期元大S＆P原油反1,300,0,300,元大-東泰,2023-09-14,9817
4402,郡都開發,124,0,124,元大-東泰,2023-09-14,9817
3231,緯創,187,79,108,元大-東泰,2023-09-14,9817
00929,復華台灣科技優息,104,18,86,元大-東泰,2023-09-14,9817
00632R,元大台灣50反1,111,30,81,元大-東泰,2023-09-14,9817
1402,遠東新,70,0,70,元大-東泰,2023-09-14,9817
2409,友達,85,15,70,元大-東泰,2023-09-14,9817
3526,凡甲,68,0,68,元大-東泰,2023-09-14,9817
3709,鑫聯大投控,43,0,43,元大-東泰,2023-09-14,9817
2601,益航,42,0,42,元大-東泰,2023-09-14,9817
2618,長榮航,40,1,39,元大-東泰,2023-09-14,9817
3694,海華,47,15,32,元大-東泰,2023-09-14,9817
1584,精剛,27,0,27,元大-東泰,2023-09-14,9817
2340,台亞,29,3,26,元大-東泰,2023-09-14,9817
3682,亞太電,26,0,26,元大-東泰,2023-09-14,9817
3094,聯傑,32,7,25,元大-東泰,2023-09-14,9817
00882,中信中國高股息,23,0,23,元大-東泰,2023-09-14,9817
00902,中信電池及儲能,22,0,22,元大-東泰,2023-09-14,9817
2634,漢翔,19,0,19,元大-東泰,2023-09-14,9817
2371,大同,29,12,17,元大-東泰,2023-09-14,9817
1903,士紙,17,0,17,元大-東泰,2023-09-14,9817
6120,達運,28,11,17,元大-東泰,2023-09-14,9817
5287,數字,15,0,15,元大-東泰,2023-09-14,9817
2103,台橡,15,0,15,元大-東泰,2023-09-14,9817
6117,迎廣,16,1,15,元大-東泰,2023-09-14,9817
00919,群益台灣精選高息,43,28,15,元大-東泰,2023-09-14,9817
6147,頎邦,14,0,14,元大-東泰,2023-09-14,9817
3432,台端,14,0,14,元大-東泰,2023-09-14,9817
2358,廷鑫,13,0,13,元大-東泰,2023-09-14,9817
00753L,中信中國50正2,13,0,13,元大-東泰,2023-09-14,9817
2405,輔信,21,8,13,元大-東泰,2023-09-14,9817
5215,科嘉-KY,14,1,13,元大-東泰,2023-09-14,9817
2323,中環,14,2,12,元大-東泰,2023-09-14,9817
2889,國票金,11,0,11,元大-東泰,2023-09-14,9817
2610,華航,15,4,11,元大-東泰,2023-09-14,9817
00764B,群益25年美債,10,0,10,元大-東泰,2023-09-14,9817
3041,揚智,10,0,10,元大-東泰,2023-09-14,9817
1514,亞力,10,0,10,元大-東泰,2023-09-14,9817
2329,華泰,21,12,9,元大-東泰,2023-09-14,9817
4979,華星光,34,25,9,元大-東泰,2023-09-14,9817
00712,復華富時不動產,8,0,8,元大-東泰,2023-09-14,9817
00885,富邦越南,11,3,8,元大-東泰,2023-09-14,9817
3715,定穎投控,36,28,8,元大-東泰,2023-09-14,9817
4953,緯軟,8,0,8,元大-東泰,2023-09-14,9817
2460,建通,8,0,8,元大-東泰,2023-09-14,9817
9927,泰銘,9,1,8,元大-東泰,2023-09-14,9817
1305,華夏,8,0,8,元大-東泰,2023-09-14,9817
00637L,元大滬深300正2,12,5,7,元大-東泰,2023-09-14,9817
4908,前鼎,8,1,7,元大-東泰,2023-09-14,9817
5381,合正,14,7,7,元大-東泰,2023-09-14,9817
00929,復華台灣科技優息,169,10,159,元大-東泰,2023-09-15,9817
2617,台航,120,0,120,元大-東泰,2023-09-15,9817
00680L,元大美債20正2,101,0,101,元大-東泰,2023-09-15,9817
00673R,期元大S＆P原油反1,138,70,68,元大-東泰,2023-09-15,9817
1319,東陽,84,16,68,元大-東泰,2023-09-15,9817
3481,群創,72,6,66,元大-東泰,2023-09-15,9817
00885,富邦越南,75,10,65,元大-東泰,2023-09-15,9817
00632R,元大台灣50反1,62,0,62,元大-東泰,2023-09-15,9817
1312,國喬,50,0,50,元大-東泰,2023-09-15,9817
2892,第一金,46,0,46,元大-東泰,2023-09-15,9817
4906,正文,44,4,40,元大-東泰,2023-09-15,9817
2880,華南金,39,1,38,元大-東泰,2023-09-15,9817
2637,慧洋-KY,47,9,38,元大-東泰,2023-09-15,9817
2634,漢翔,47,12,35,元大-東泰,2023-09-15,9817
2486,一詮,60,27,33,元大-東泰,2023-09-15,9817
3709,鑫聯大投控,43,10,33,元大-東泰,2023-09-15,9817
2002,中鋼,33,4,29,元大-東泰,2023-09-15,9817
00919,群益台灣精選高息,96,69,27,元大-東泰,2023-09-15,9817
2405,輔信,52,26,26,元大-東泰,2023-09-15,9817
2610,華航,25,0,25,元大-東泰,2023-09-15,9817
8068,全達,22,1,21,元大-東泰,2023-09-15,9817
2612,中航,32,11,21,元大-東泰,2023-09-15,9817
3526,凡甲,21,0,21,元大-東泰,2023-09-15,9817
3432,台端,21,0,21,元大-東泰,2023-09-15,9817
3231,緯創,50,30,20,元大-東泰,2023-09-15,9817
1471,首利,22,2,20,元大-東泰,2023-09-15,9817
2897,王道銀行,20,0,20,元大-東泰,2023-09-15,9817
2427,三商電,22,4,18,元大-東泰,2023-09-15,9817
5608,四維航,33,15,18,元大-東泰,2023-09-15,9817
2884,玉山金,19,1,18,元大-東泰,2023-09-15,9817
1802,台玻,17,0,17,元大-東泰,2023-09-15,9817
2303,聯電,33,17,16,元大-東泰,2023-09-15,9817
00882,中信中國高股息,17,2,15,元大-東泰,2023-09-15,9817
3714,富采,15,0,15,元大-東泰,2023-09-15,9817
2352,佳世達,18,4,14,元大-東泰,2023-09-15,9817
2356,英業達,45,31,14,元大-東泰,2023-09-15,9817
2891,中信金,14,0,14,元大-東泰,2023-09-15,9817
4909,新復興,14,0,14,元大-東泰,2023-09-15,9817
3706,神達,16,3,13,元大-東泰,2023-09-15,9817
1618,合機,13,0,13,元大-東泰,2023-09-15,9817
00857B,永豐20年美公債,13,0,13,元大-東泰,2023-09-15,9817
6245,立端,14,2,12,元大-東泰,2023-09-15,9817
5371,中光電,17,5,12,元大-東泰,2023-09-15,9817
2323,中環,23,11,12,元大-東泰,2023-09-15,9817
00715L,期街口布蘭特正2,11,0,11,元大-東泰,2023-09-15,9817
3520,華盈,11,0,11,元大-東泰,2023-09-15,9817
8341,日友,11,0,11,元大-東泰,2023-09-15,9817
2355,敬鵬,11,0,11,元大-東泰,2023-09-15,9817
2324,仁寶,12,1,11,元大-東泰,2023-09-15,9817
2312,金寶,16,5,11,元大-東泰,2023-09-15,9817
2363,矽統,338,59,279,元大-東泰,2023-09-18,9817
2408,南亞科,182,1,181,元大-東泰,2023-09-18,9817
00919,群益台灣精選高息,178,2,176,元大-東泰,2023-09-18,9817
00830,國泰費城半導體,96,0,96,元大-東泰,2023-09-18,9817
4944,兆遠,96,0,96,元大-東泰,2023-09-18,9817
00878,國泰永續高股息,108,17,91,元大-東泰,2023-09-18,9817
2337,旺宏,67,3,64,元大-東泰,2023-09-18,9817
2344,華邦電,66,5,61,元大-東泰,2023-09-18,9817
2330,台積電,61,5,56,元大-東泰,2023-09-18,9817
00687B,國泰20年美債,53,0,53,元大-東泰,2023-09-18,9817
00929,復華台灣科技優息,142,92,50,元大-東泰,2023-09-18,9817
2634,漢翔,57,8,49,元大-東泰,2023-09-18,9817
00918,大華優利高填息30,47,4,43,元大-東泰,2023-09-18,9817
00885,富邦越南,43,0,43,元大-東泰,2023-09-18,9817
00632R,元大台灣50反1,42,0,42,元大-東泰,2023-09-18,9817
00772B,中信高評級公司債,41,0,41,元大-東泰,2023-09-18,9817
2603,長榮,50,11,39,元大-東泰,2023-09-18,9817
0056,元大高股息,39,0,39,元大-東泰,2023-09-18,9817
00751B,元大AAA至A公司債,36,0,36,元大-東泰,2023-09-18,9817
00893,國泰智能電動車,36,0,36,元大-東泰,2023-09-18,9817
2353,宏��,33,1,32,元大-東泰,2023-09-18,9817
2617,台航,30,0,30,元大-東泰,2023-09-18,9817
00847B,中信美國市政債,30,0,30,元大-東泰,2023-09-18,9817
2329,華泰,35,6,29,元大-東泰,2023-09-18,9817
3260,威剛,32,3,29,元大-東泰,2023-09-18,9817
2610,華航,31,3,28,元大-東泰,2023-09-18,9817
00764B,群益25年美債,26,0,26,元大-東泰,2023-09-18,9817
1584,精剛,37,13,24,元大-東泰,2023-09-18,9817
8358,金居,37,13,24,元大-東泰,2023-09-18,9817
00679B,元大美債20年,23,0,23,元大-東泰,2023-09-18,9817
6282,康舒,23,0,23,元大-東泰,2023-09-18,9817
3033,威健,21,0,21,元大-東泰,2023-09-18,9817
2332,友訊,22,1,21,元大-東泰,2023-09-18,9817
3709,鑫聯大投控,20,0,20,元大-東泰,2023-09-18,9817
3682,亞太電,30,10,20,元大-東泰,2023-09-18,9817
00676R,富邦臺灣加權反1,20,0,20,元大-東泰,2023-09-18,9817
3231,緯創,51,31,20,元大-東泰,2023-09-18,9817
2027,大成鋼,49,30,19,元大-東泰,2023-09-18,9817
00639,富邦深100,18,0,18,元大-東泰,2023-09-18,9817
1905,華紙,23,5,18,元大-東泰,2023-09-18,9817
3122,笙泉,22,4,18,元大-東泰,2023-09-18,9817
2838,聯邦銀,16,0,16,元大-東泰,2023-09-18,9817
2618,長榮航,17,1,16,元大-東泰,2023-09-18,9817
2356,英業達,29,13,16,元大-東泰,2023-09-18,9817
2636,台驊控股,15,0,15,元大-東泰,2023-09-18,9817
2367,燿華,24,9,15,元大-東泰,2023-09-18,9817
2323,中環,16,1,15,元大-東泰,2023-09-18,9817
3545,敦泰,28,13,15,元大-東泰,2023-09-18,9817
00795B,中信美國公債20年,15,0,15,元大-東泰,2023-09-18,9817
2609,陽明,22,8,14,元大-東泰,2023-09-18,9817
00929,復華台灣科技優息,274,26,248,元大-東泰,2023-09-19,9817
4944,兆遠,139,20,119,元大-東泰,2023-09-19,9817
2408,南亞科,104,2,102,元大-東泰,2023-09-19,9817
2317,鴻海,71,1,70,元大-東泰,2023-09-19,9817
00919,群益台灣精選高息,66,23,43,元大-東泰,2023-09-19,9817
3548,兆利,40,1,39,元大-東泰,2023-09-19,9817
00893,國泰智能電動車,31,0,31,元大-東泰,2023-09-19,9817
00878,國泰永續高股息,39,10,29,元大-東泰,2023-09-19,9817
6125,廣運,33,4,29,元大-東泰,2023-09-19,9817
2610,華航,35,6,29,元大-東泰,2023-09-19,9817
2356,英業達,42,14,28,元大-東泰,2023-09-19,9817
2425,承啟,30,3,27,元大-東泰,2023-09-19,9817
2401,凌陽,26,2,24,元大-東泰,2023-09-19,9817
00902,中信電池及儲能,23,0,23,元大-東泰,2023-09-19,9817
6282,康舒,31,9,22,元大-東泰,2023-09-19,9817
6129,普誠,21,0,21,元大-東泰,2023-09-19,9817
2329,華泰,22,2,20,元大-東泰,2023-09-19,9817
00753L,中信中國50正2,20,0,20,元大-東泰,2023-09-19,9817
3709,鑫聯大投控,20,0,20,元大-東泰,2023-09-19,9817
6284,佳邦,32,12,20,元大-東泰,2023-09-19,9817
2537,聯上發,20,0,20,元大-東泰,2023-09-19,9817
9928,中視,21,1,20,元大-東泰,2023-09-19,9817
4121,優盛,20,0,20,元大-東泰,2023-09-19,9817
00712,復華富時不動產,18,0,18,元大-東泰,2023-09-19,9817
00679B,元大美債20年,18,0,18,元大-東泰,2023-09-19,9817
4746,台耀,17,0,17,元大-東泰,2023-09-19,9817
4909,新復興,24,7,17,元大-東泰,2023-09-19,9817
00923,群益台ESG低碳50,17,0,17,元大-東泰,2023-09-19,9817
2002,中鋼,19,3,16,元大-東泰,2023-09-19,9817
2344,華邦電,40,24,16,元大-東泰,2023-09-19,9817
00918,大華優利高填息30,15,0,15,元大-東泰,2023-09-19,9817
2027,大成鋼,21,6,15,元大-東泰,2023-09-19,9817
5608,四維航,19,4,15,元大-東泰,2023-09-19,9817
3432,台端,15,0,15,元大-東泰,2023-09-19,9817
8358,金居,39,25,14,元大-東泰,2023-09-19,9817
3005,神基,26,14,12,元大-東泰,2023-09-19,9817
2634,漢翔,25,12,13,元大-東泰,2023-09-19,9817
00922,國泰台灣領袖50,12,0,12,元大-東泰,2023-09-19,9817
2481,強茂,12,0,12,元大-東泰,2023-09-19,9817
6451,訊芯-KY,16,4,12,元大-東泰,2023-09-19,9817
6160,欣技,12,0,12,元大-東泰,2023-09-19,9817
2498,宏達電,11,0,11,元大-東泰,2023-09-19,9817
2617,台航,11,0,11,元大-東泰,2023-09-19,9817
2492,華新科,18,7,11,元大-東泰,2023-09-19,9817
2399,映泰,11,0,11,元大-東泰,2023-09-19,9817
2402,毅嘉,17,7,10,元大-東泰,2023-09-19,9817
2603,長榮,16,6,10,元大-東泰,2023-09-19,9817
00892,富邦台灣半導體,10,0,10,元大-東泰,2023-09-19,9817
00885,富邦越南,10,0,10,元大-東泰,2023-09-19,9817
2618,長榮航,21,11,10,元大-東泰,2023-09-19,9817
00929,復華台灣科技優息,317,58,259,元大-東泰,2023-09-20,9817
2344,華邦電,102,4,98,元大-東泰,2023-09-20,9817
2330,台積電,85,4,81,元大-東泰,2023-09-20,9817
2367,燿華,121,41,80,元大-東泰,2023-09-20,9817
1522,堤維西,108,32,76,元大-東泰,2023-09-20,9817
00673R,期元大S＆P原油反1,71,0,71,元大-東泰,2023-09-20,9817
00919,群益台灣精選高息,72,10,62,元大-東泰,2023-09-20,9817
2610,華航,71,10,61,元大-東泰,2023-09-20,9817
00893,國泰智能電動車,60,0,60,元大-東泰,2023-09-20,9817
2618,長榮航,48,2,46,元大-東泰,2023-09-20,9817
2409,友達,49,11,38,元大-東泰,2023-09-20,9817
2883,凱基金,36,1,35,元大-東泰,2023-09-20,9817
00921,兆豐龍頭等權重,35,0,35,元大-東泰,2023-09-20,9817
00631L,元大台灣50正2,31,0,31,元大-東泰,2023-09-20,9817
2906,高林,31,0,31,元大-東泰,2023-09-20,9817
2449,京元電子,48,18,30,元大-東泰,2023-09-20,9817
2303,聯電,43,14,29,元大-東泰,2023-09-20,9817
3715,定穎投控,97,69,28,元大-東泰,2023-09-20,9817
00830,國泰費城半導體,30,2,28,元大-東泰,2023-09-20,9817
2882,國泰金,28,0,28,元大-東泰,2023-09-20,9817
2605,新興,58,33,25,元大-東泰,2023-09-20,9817
00931B,統一美債20年,23,0,23,元大-東泰,2023-09-20,9817
2313,華通,79,57,22,元大-東泰,2023-09-20,9817
2353,宏��,29,7,22,元大-東泰,2023-09-20,9817
3450,聯鈞,51,29,22,元大-東泰,2023-09-20,9817
2363,矽統,106,84,22,元大-東泰,2023-09-20,9817
2014,中鴻,38,17,21,元大-東泰,2023-09-20,9817
3481,群創,24,3,21,元大-東泰,2023-09-20,9817
3682,亞太電,20,0,20,元大-東泰,2023-09-20,9817
6257,矽格,27,7,20,元大-東泰,2023-09-20,9817
1717,長興,17,0,17,元大-東泰,2023-09-20,9817
00652,富邦印度,17,0,17,元大-東泰,2023-09-20,9817
2316,楠梓電,20,3,17,元大-東泰,2023-09-20,9817
4906,正文,24,8,16,元大-東泰,2023-09-20,9817
2201,裕隆,32,16,16,元大-東泰,2023-09-20,9817
5457,宣德,16,0,16,元大-東泰,2023-09-20,9817
00878,國泰永續高股息,18,3,15,元大-東泰,2023-09-20,9817
00932,兆豐永續高息等權,15,0,15,元大-東泰,2023-09-20,9817
2002,中鋼,17,2,15,元大-東泰,2023-09-20,9817
2834,臺企銀,15,0,15,元大-東泰,2023-09-20,9817
3432,台端,15,0,15,元大-東泰,2023-09-20,9817
2401,凌陽,20,6,14,元大-東泰,2023-09-20,9817
3704,合勤控,19,5,14,元大-東泰,2023-09-20,9817
00680L,元大美債20正2,14,0,14,元大-東泰,2023-09-20,9817
9928,中視,14,0,14,元大-東泰,2023-09-20,9817
3576,聯合再生,13,0,13,元大-東泰,2023-09-20,9817
2324,仁寶,18,5,13,元大-東泰,2023-09-20,9817
3276,宇環,28,15,13,元大-東泰,2023-09-20,9817
2371,大同,15,3,12,元大-東泰,2023-09-20,9817
8926,台汽電,12,0,12,元大-東泰,2023-09-20,9817
00632R,元大台灣50反1,780,43,737,元大-東泰,2023-09-21,9817
00929,復華台灣科技優息,344,61,283,元大-東泰,2023-09-21,9817
2887,台新金,139,8,131,元大-東泰,2023-09-21,9817
00637L,元大滬深300正2,116,1,115,元大-東泰,2023-09-21,9817
00893,國泰智能電動車,111,1,110,元大-東泰,2023-09-21,9817
2002,中鋼,101,4,97,元大-東泰,2023-09-21,9817
00919,群益台灣精選高息,104,10,94,元大-東泰,2023-09-21,9817
00830,國泰費城半導體,86,0,86,元大-東泰,2023-09-21,9817
2618,長榮航,83,11,72,元大-東泰,2023-09-21,9817
00878,國泰永續高股息,119,53,66,元大-東泰,2023-09-21,9817
2014,中鴻,66,3,63,元大-東泰,2023-09-21,9817
3122,笙泉,61,1,60,元大-東泰,2023-09-21,9817
2409,友達,62,9,53,元大-東泰,2023-09-21,9817
00931B,統一美債20年,52,0,52,元大-東泰,2023-09-21,9817
2610,華航,53,13,40,元大-東泰,2023-09-21,9817
1731,美吾華,40,0,40,元大-東泰,2023-09-21,9817
5880,合庫金,39,0,39,元大-東泰,2023-09-21,9817
00921,兆豐龍頭等權重,36,0,36,元大-東泰,2023-09-21,9817
1101,台泥,37,3,34,元大-東泰,2023-09-21,9817
2888,新光金,36,2,34,元大-東泰,2023-09-21,9817
2313,華通,74,43,31,元大-東泰,2023-09-21,9817
3231,緯創,71,40,31,元大-東泰,2023-09-21,9817
2633,台灣高鐵,30,0,30,元大-東泰,2023-09-21,9817
00932,兆豐永續高息等權,29,0,29,元大-東泰,2023-09-21,9817
00923,群益台ESG低碳50,29,0,29,元大-東泰,2023-09-21,9817
2330,台積電,30,4,26,元大-東泰,2023-09-21,9817
6168,宏齊,27,1,26,元大-東泰,2023-09-21,9817
2834,臺企銀,25,0,25,元大-東泰,2023-09-21,9817
2891,中信金,33,9,24,元大-東泰,2023-09-21,9817
5009,榮剛,24,0,24,元大-東泰,2023-09-21,9817
4916,事欣科,23,0,23,元大-東泰,2023-09-21,9817
00652,富邦印度,23,0,23,元大-東泰,2023-09-21,9817
2881,富邦金,23,1,22,元大-東泰,2023-09-21,9817
3707,漢磊,28,6,22,元大-東泰,2023-09-21,9817
3540,曜越,22,0,22,元大-東泰,2023-09-21,9817
2406,國碩,20,0,20,元大-東泰,2023-09-21,9817
1611,中電,22,2,20,元大-東泰,2023-09-21,9817
0056,元大高股息,39,20,19,元大-東泰,2023-09-21,9817
2337,旺宏,19,0,19,元大-東泰,2023-09-21,9817
2606,裕民,25,7,18,元大-東泰,2023-09-21,9817
2906,高林,18,0,18,元大-東泰,2023-09-21,9817
00679B,元大美債20年,17,0,17,元大-東泰,2023-09-21,9817
2534,宏盛,17,0,17,元大-東泰,2023-09-21,9817
00680L,元大美債20正2,17,0,17,元大-東泰,2023-09-21,9817
0050,元大台灣50,16,0,16,元大-東泰,2023-09-21,9817
6443,元晶,16,0,16,元大-東泰,2023-09-21,9817
2637,慧洋-KY,28,12,16,元大-東泰,2023-09-21,9817
5381,合正,16,0,16,元大-東泰,2023-09-21,9817
00713,元大台灣高息低波,16,0,16,元大-東泰,2023-09-21,9817
2880,華南金,15,0,15,元大-東泰,2023-09-21,9817
00673R,期元大S＆P原油反1,300,68,232,元大-東泰,2023-09-22,9817
3149,正達,216,3,213,元大-東泰,2023-09-22,9817
00712,復華富時不動產,186,0,186,元大-東泰,2023-09-22,9817
00893,國泰智能電動車,152,1,151,元大-東泰,2023-09-22,9817
00929,復華台灣科技優息,123,31,92,元大-東泰,2023-09-22,9817
3036,文曄,93,5,88,元大-東泰,2023-09-22,9817
00830,國泰費城半導體,82,0,82,元大-東泰,2023-09-22,9817
00680L,元大美債20正2,73,0,73,元大-東泰,2023-09-22,9817
00751B,元大AAA至A公司債,71,0,71,元大-東泰,2023-09-22,9817
00885,富邦越南,66,0,66,元大-東泰,2023-09-22,9817
00931B,統一美債20年,62,0,62,元大-東泰,2023-09-22,9817
2838,聯邦銀,50,0,50,元大-東泰,2023-09-22,9817
2337,旺宏,57,10,47,元大-東泰,2023-09-22,9817
00720B,元大投資級公司債,45,0,45,元大-東泰,2023-09-22,9817
00679B,元大美債20年,46,3,43,元大-東泰,2023-09-22,9817
2344,華邦電,48,6,42,元大-東泰,2023-09-22,9817
2888,新光金,45,5,40,元大-東泰,2023-09-22,9817
2618,長榮航,44,10,34,元大-東泰,2023-09-22,9817
6191,精成科,37,3,34,元大-東泰,2023-09-22,9817
2323,中環,36,3,33,元大-東泰,2023-09-22,9817
00687B,國泰20年美債,31,0,31,元大-東泰,2023-09-22,9817
00714,群益道瓊美國地產,30,0,30,元大-東泰,2023-09-22,9817
6770,力積電,32,2,30,元大-東泰,2023-09-22,9817
2367,燿華,33,4,29,元大-東泰,2023-09-22,9817
00764B,群益25年美債,27,0,27,元大-東泰,2023-09-22,9817
2883,凱基金,26,0,26,元大-東泰,2023-09-22,9817
2303,聯電,26,0,26,元大-東泰,2023-09-22,9817
3231,緯創,61,36,25,元大-東泰,2023-09-22,9817
00847B,中信美國市政債,25,0,25,元大-東泰,2023-09-22,9817
2329,華泰,40,15,25,元大-東泰,2023-09-22,9817
2881,富邦金,25,1,24,元大-東泰,2023-09-22,9817
2906,高林,24,0,24,元大-東泰,2023-09-22,9817
2630,亞航,23,1,22,元大-東泰,2023-09-22,9817
00795B,中信美國公債20年,21,0,21,元大-東泰,2023-09-22,9817
2014,中鴻,34,14,20,元大-東泰,2023-09-22,9817
6129,普誠,20,0,20,元大-東泰,2023-09-22,9817
4908,前鼎,35,15,20,元大-東泰,2023-09-22,9817
2501,國建,20,0,20,元大-東泰,2023-09-22,9817
4904,遠傳,20,0,20,元大-東泰,2023-09-22,9817
2324,仁寶,19,0,19,元大-東泰,2023-09-22,9817
2313,華通,43,25,18,元大-東泰,2023-09-22,9817
00921,兆豐龍頭等權重,16,0,16,元大-東泰,2023-09-22,9817
2605,新興,19,3,16,元大-東泰,2023-09-22,9817
00772B,中信高評級公司債,15,0,15,元大-東泰,2023-09-22,9817
2891,中信金,16,1,15,元大-東泰,2023-09-22,9817
2330,台積電,17,2,15,元大-東泰,2023-09-22,9817
2882,國泰金,13,0,13,元大-東泰,2023-09-22,9817
2905,三商,23,11,12,元大-東泰,2023-09-22,9817
2537,聯上發,12,0,12,元大-東泰,2023-09-22,9817
2317,鴻海,12,1,11,元大-東泰,2023-09-22,9817
2892,第一金,103,0,103,元大-東泰,2023-09-25,9817
2344,華邦電,97,5,92,元大-東泰,2023-09-25,9817
00929,復華台灣科技優息,82,27,55,元大-東泰,2023-09-25,9817
3706,神達,50,10,40,元大-東泰,2023-09-25,9817
00714,群益道瓊美國地產,40,0,40,元大-東泰,2023-09-25,9817
2610,華航,52,12,40,元大-東泰,2023-09-25,9817
4542,科嶠,37,0,37,元大-東泰,2023-09-25,9817
1101,台泥,30,2,28,元大-東泰,2023-09-25,9817
00712,復華富時不動產,31,3,28,元大-東泰,2023-09-25,9817
2356,英業達,36,8,28,元大-東泰,2023-09-25,9817
00902,中信電池及儲能,26,0,26,元大-東泰,2023-09-25,9817
6005,群益證,25,0,25,元大-東泰,2023-09-25,9817
00679B,元大美債20年,28,5,23,元大-東泰,2023-09-25,9817
4207,環泰,21,0,21,元大-東泰,2023-09-25,9817
2425,承啟,23,2,21,元大-東泰,2023-09-25,9817
00893,國泰智能電動車,20,0,20,元大-東泰,2023-09-25,9817
1584,精剛,56,37,19,元大-東泰,2023-09-25,9817
2014,中鴻,24,5,19,元大-東泰,2023-09-25,9817
9945,潤泰新,19,1,18,元大-東泰,2023-09-25,9817
00680L,元大美債20正2,17,0,17,元大-東泰,2023-09-25,9817
2891,中信金,17,1,16,元大-東泰,2023-09-25,9817
2382,廣達,39,24,15,元大-東泰,2023-09-25,9817
2882,國泰金,17,2,15,元大-東泰,2023-09-25,9817
2363,矽統,247,233,14,元大-東泰,2023-09-25,9817
8110,華東,14,0,14,元大-東泰,2023-09-25,9817
2323,中環,20,6,14,元大-東泰,2023-09-25,9817
2367,燿華,16,4,12,元大-東泰,2023-09-25,9817
2618,長榮航,52,40,12,元大-東泰,2023-09-25,9817
3694,海華,12,0,12,元大-東泰,2023-09-25,9817
2317,鴻海,16,4,12,元大-東泰,2023-09-25,9817
2313,華通,23,12,11,元大-東泰,2023-09-25,9817
00919,群益台灣精選高息,21,11,10,元大-東泰,2023-09-25,9817
6122,擎邦,10,0,10,元大-東泰,2023-09-25,9817
00882,中信中國高股息,11,1,10,元大-東泰,2023-09-25,9817
2534,宏盛,10,0,10,元大-東泰,2023-09-25,9817
2392,正崴,12,2,10,元大-東泰,2023-09-25,9817
2883,凱基金,12,2,10,元大-東泰,2023-09-25,9817
2816,旺旺保,10,0,10,元大-東泰,2023-09-25,9817
00715L,期街口布蘭特正2,10,0,10,元大-東泰,2023-09-25,9817
4157,太景*-KY,10,0,10,元大-東泰,2023-09-25,9817
6451,訊芯-KY,20,10,10,元大-東泰,2023-09-25,9817
2488,漢平,10,0,10,元大-東泰,2023-09-25,9817
2886,兆豐金,9,0,9,元大-東泰,2023-09-25,9817
2449,京元電子,12,3,9,元大-東泰,2023-09-25,9817
3062,建漢,11,2,9,元大-東泰,2023-09-25,9817
8048,德勝,11,2,9,元大-東泰,2023-09-25,9817
9928,中視,9,0,9,元大-東泰,2023-09-25,9817
2201,裕隆,49,41,8,元大-東泰,2023-09-25,9817
9927,泰銘,11,3,8,元大-東泰,2023-09-25,9817
00899,FT潔淨能源,8,0,8,元大-東泰,2023-09-25,9817
00929,復華台灣科技優息,142,7,135,元大-東泰,2023-09-26,9817
00637L,元大滬深300正2,100,1,99,元大-東泰,2023-09-26,9817
6235,華孚,65,0,65,元大-東泰,2023-09-26,9817
00885,富邦越南,112,60,52,元大-東泰,2023-09-26,9817
00712,復華富時不動產,49,1,48,元大-東泰,2023-09-26,9817
00888,永豐台灣ESG,44,0,44,元大-東泰,2023-09-26,9817
00632R,元大台灣50反1,50,6,44,元大-東泰,2023-09-26,9817
3311,閎暉,43,0,43,元大-東泰,2023-09-26,9817
00679B,元大美債20年,48,7,41,元大-東泰,2023-09-26,9817
2881,富邦金,41,0,41,元大-東泰,2023-09-26,9817
2614,東森,52,12,40,元大-東泰,2023-09-26,9817
2303,聯電,47,9,38,元大-東泰,2023-09-26,9817
2337,旺宏,38,0,38,元大-東泰,2023-09-26,9817
00919,群益台灣精選高息,40,2,38,元大-東泰,2023-09-26,9817
2634,漢翔,39,4,35,元大-東泰,2023-09-26,9817
00893,國泰智能電動車,30,0,30,元大-東泰,2023-09-26,9817
2002,中鋼,32,4,28,元大-東泰,2023-09-26,9817
1608,華榮,31,3,28,元大-東泰,2023-09-26,9817
3707,漢磊,28,0,28,元大-東泰,2023-09-26,9817
00772B,中信高評級公司債,27,0,27,元大-東泰,2023-09-26,9817
3615,安可,26,1,25,元大-東泰,2023-09-26,9817
3711,日月光投控,20,0,20,元大-東泰,2023-09-26,9817
00714,群益道瓊美國地產,20,0,20,元大-東泰,2023-09-26,9817
00900,富邦特選高股息30,20,0,20,元大-東泰,2023-09-26,9817
3481,群創,31,11,20,元大-東泰,2023-09-26,9817
4533,協易機,17,0,17,元大-東泰,2023-09-26,9817
3709,鑫聯大投控,16,0,16,元大-東泰,2023-09-26,9817
9928,中視,15,0,15,元大-東泰,2023-09-26,9817
5009,榮剛,16,1,15,元大-東泰,2023-09-26,9817
5351,鈺創,19,4,15,元大-東泰,2023-09-26,9817
2344,華邦電,18,3,15,元大-東泰,2023-09-26,9817
2329,華泰,15,1,14,元大-東泰,2023-09-26,9817
00764B,群益25年美債,14,0,14,元大-東泰,2023-09-26,9817
00899,FT潔淨能源,14,0,14,元大-東泰,2023-09-26,9817
00878,國泰永續高股息,57,43,14,元大-東泰,2023-09-26,9817
2377,微星,13,0,13,元大-東泰,2023-09-26,9817
2388,威盛,28,15,13,元大-東泰,2023-09-26,9817
8112,至上,29,16,13,元大-東泰,2023-09-26,9817
00932,兆豐永續高息等權,12,0,12,元大-東泰,2023-09-26,9817
2460,建通,12,0,12,元大-東泰,2023-09-26,9817
6770,力積電,14,2,12,元大-東泰,2023-09-26,9817
2330,台積電,14,2,12,元大-東泰,2023-09-26,9817
2888,新光金,16,5,11,元大-東泰,2023-09-26,9817
4157,太景*-KY,11,0,11,元大-東泰,2023-09-26,9817
8938,明安,17,6,11,元大-東泰,2023-09-26,9817
2534,宏盛,10,0,10,元大-東泰,2023-09-26,9817
2014,中鴻,10,0,10,元大-東泰,2023-09-26,9817
00850,元大臺灣ESG永續,10,0,10,元大-東泰,2023-09-26,9817
00847B,中信美國市政債,10,0,10,元大-東泰,2023-09-26,9817
2615,萬海,10,0,10,元大-東泰,2023-09-26,9817
2002,中鋼,257,20,237,元大-東泰,2023-09-27,9817
00929,復華台灣科技優息,58,4,54,元大-東泰,2023-09-27,9817
00830,國泰費城半導體,51,0,51,元大-東泰,2023-09-27,9817
2834,臺企銀,52,4,48,元大-東泰,2023-09-27,9817
3311,閎暉,45,0,45,元大-東泰,2023-09-27,9817
00712,復華富時不動產,55,13,42,元大-東泰,2023-09-27,9817
6715,嘉基,40,0,40,元大-東泰,2023-09-27,9817
00714,群益道瓊美國地產,40,1,39,元大-東泰,2023-09-27,9817
00893,國泰智能電動車,30,1,29,元大-東泰,2023-09-27,9817
2409,友達,25,0,25,元大-東泰,2023-09-27,9817
2344,華邦電,27,3,24,元大-東泰,2023-09-27,9817
6770,力積電,23,0,23,元大-東泰,2023-09-27,9817
00652,富邦印度,22,0,22,元大-東泰,2023-09-27,9817
3045,台灣大,20,0,20,元大-東泰,2023-09-27,9817
6274,台燿,28,9,19,元大-東泰,2023-09-27,9817
2303,聯電,23,5,18,元大-東泰,2023-09-27,9817
00902,中信電池及儲能,20,3,17,元大-東泰,2023-09-27,9817
5457,宣德,18,1,17,元大-東泰,2023-09-27,9817
00919,群益台灣精選高息,25,10,15,元大-東泰,2023-09-27,9817
2820,華票,15,0,15,元大-東泰,2023-09-27,9817
00715L,期街口布蘭特正2,15,0,15,元大-東泰,2023-09-27,9817
6451,訊芯-KY,16,1,15,元大-東泰,2023-09-27,9817
1301,台塑,18,3,15,元大-東泰,2023-09-27,9817
2337,旺宏,14,1,13,元大-東泰,2023-09-27,9817
00679B,元大美債20年,13,0,13,元大-東泰,2023-09-27,9817
3025,星通,13,1,12,元大-東泰,2023-09-27,9817
00932,兆豐永續高息等權,12,0,12,元大-東泰,2023-09-27,9817
1303,南亞,12,0,12,元大-東泰,2023-09-27,9817
00720B,元大投資級公司債,11,0,11,元大-東泰,2023-09-27,9817
1605,華新,11,0,11,元大-東泰,2023-09-27,9817
8401,白紗科,11,0,11,元大-東泰,2023-09-27,9817
3051,力特,17,6,11,元大-東泰,2023-09-27,9817
00680L,元大美債20正2,10,0,10,元大-東泰,2023-09-27,9817
8420,明揚,21,11,10,元大-東泰,2023-09-27,9817
00687B,國泰20年美債,10,0,10,元大-東泰,2023-09-27,9817
6122,擎邦,10,0,10,元大-東泰,2023-09-27,9817
1710,東聯,10,0,10,元大-東泰,2023-09-27,9817
3526,凡甲,10,0,10,元大-東泰,2023-09-27,9817
6530,創威,10,0,10,元大-東泰,2023-09-27,9817
1101,台泥,9,0,9,元大-東泰,2023-09-27,9817
3037,欣興,12,3,9,元大-東泰,2023-09-27,9817
1326,台化,12,3,9,元大-東泰,2023-09-27,9817
2605,新興,25,16,9,元大-東泰,2023-09-27,9817
2399,映泰,9,0,9,元大-東泰,2023-09-27,9817
3362,先進光,16,8,8,元大-東泰,2023-09-27,9817
00885,富邦越南,42,34,8,元大-東泰,2023-09-27,9817
00899,FT潔淨能源,8,0,8,元大-東泰,2023-09-27,9817
3576,聯合再生,10,3,7,元大-東泰,2023-09-27,9817
2634,漢翔,12,5,7,元大-東泰,2023-09-27,9817
1504,東元,31,24,7,元大-東泰,2023-09-27,9817
00673R,期元大S＆P原油反1,113,0,113,元大-東泰,2023-09-28,9817
2363,矽統,172,70,102,元大-東泰,2023-09-28,9817
2344,華邦電,86,3,83,元大-東泰,2023-09-28,9817
00712,復華富時不動產,77,0,77,元大-東泰,2023-09-28,9817
00929,復華台灣科技優息,64,12,52,元大-東泰,2023-09-28,9817
00706L,期元大S＆P日圓正2,52,0,52,元大-東泰,2023-09-28,9817
2405,輔信,52,1,51,元大-東泰,2023-09-28,9817
6120,達運,50,0,50,元大-東泰,2023-09-28,9817
9950,萬國通,44,0,44,元大-東泰,2023-09-28,9817
00720B,元大投資級公司債,42,0,42,元大-東泰,2023-09-28,9817
3311,閎暉,42,0,42,元大-東泰,2023-09-28,9817
3709,鑫聯大投控,38,0,38,元大-東泰,2023-09-28,9817
3231,緯創,87,53,34,元大-東泰,2023-09-28,9817
00830,國泰費城半導體,30,0,30,元大-東泰,2023-09-28,9817
00679B,元大美債20年,31,1,30,元大-東泰,2023-09-28,9817
5324,士開,34,5,29,元大-東泰,2023-09-28,9817
2408,南亞科,30,3,27,元大-東泰,2023-09-28,9817
2498,宏達電,27,0,27,元大-東泰,2023-09-28,9817
2208,台船,32,7,25,元大-東泰,2023-09-28,9817
00687B,國泰20年美債,24,0,24,元大-東泰,2023-09-28,9817
6116,彩晶,21,0,21,元大-東泰,2023-09-28,9817
00850,元大臺灣ESG永續,20,0,20,元大-東泰,2023-09-28,9817
2323,中環,22,2,20,元大-東泰,2023-09-28,9817
00888,永豐台灣ESG,17,1,16,元大-東泰,2023-09-28,9817
2906,高林,16,0,16,元大-東泰,2023-09-28,9817
2356,英業達,34,18,16,元大-東泰,2023-09-28,9817
2329,華泰,28,13,15,元大-東泰,2023-09-28,9817
3006,晶豪科,13,0,13,元大-東泰,2023-09-28,9817
2324,仁寶,14,1,13,元大-東泰,2023-09-28,9817
00764B,群益25年美債,12,0,12,元大-東泰,2023-09-28,9817
1524,耿鼎,18,6,12,元大-東泰,2023-09-28,9817
4906,正文,12,0,12,元大-東泰,2023-09-28,9817
3051,力特,11,0,11,元大-東泰,2023-09-28,9817
4944,兆遠,26,15,11,元大-東泰,2023-09-28,9817
00714,群益道瓊美國地產,10,0,10,元大-東泰,2023-09-28,9817
5351,鈺創,10,0,10,元大-東泰,2023-09-28,9817
2367,燿華,12,2,10,元大-東泰,2023-09-28,9817
4566,時碩工業,11,1,10,元大-東泰,2023-09-28,9817
00847B,中信美國市政債,10,0,10,元大-東泰,2023-09-28,9817
2836A,高雄銀甲特,10,0,10,元大-東泰,2023-09-28,9817
3122,笙泉,14,4,10,元大-東泰,2023-09-28,9817
9934,成霖,10,0,10,元大-東泰,2023-09-28,9817
2332,友訊,10,0,10,元大-東泰,2023-09-28,9817
8093,保銳,10,0,10,元大-東泰,2023-09-28,9817
2609,陽明,11,1,10,元大-東泰,2023-09-28,9817
00932,兆豐永續高息等權,10,1,9,元大-東泰,2023-09-28,9817
5381,合正,15,6,9,元大-東泰,2023-09-28,9817
3265,台星科,12,3,9,元大-東泰,2023-09-28,9817
2376,技嘉,17,8,9,元大-東泰,2023-09-28,9817
3013,晟銘電,17,8,9,元大-東泰,2023-09-28,9817
6128,上福,135,0,135,元大-東泰,2023-10-02,9817
00929,復華台灣科技優息,175,44,131,元大-東泰,2023-10-02,9817
2344,華邦電,131,4,127,元大-東泰,2023-10-02,9817
9950,萬國通,89,0,89,元大-東泰,2023-10-02,9817
2405,輔信,84,11,73,元大-東泰,2023-10-02,9817
2409,友達,80,21,59,元大-東泰,2023-10-02,9817
2363,矽統,232,179,53,元大-東泰,2023-10-02,9817
2618,長榮航,50,3,47,元大-東泰,2023-10-02,9817
2634,漢翔,47,2,45,元大-東泰,2023-10-02,9817
2337,旺宏,38,0,38,元大-東泰,2023-10-02,9817
6116,彩晶,44,14,30,元大-東泰,2023-10-02,9817
00720B,元大投資級公司債,29,1,28,元大-東泰,2023-10-02,9817
00712,復華富時不動產,26,0,26,元大-東泰,2023-10-02,9817
8105,凌巨,25,0,25,元大-東泰,2023-10-02,9817
00680L,元大美債20正2,24,0,24,元大-東泰,2023-10-02,9817
2208,台船,24,0,24,元大-東泰,2023-10-02,9817
00772B,中信高評級公司債,23,0,23,元大-東泰,2023-10-02,9817
8049,晶采,23,0,23,元大-東泰,2023-10-02,9817
00751B,元大AAA至A公司債,21,0,21,元大-東泰,2023-10-02,9817
00899,FT潔淨能源,21,0,21,元大-東泰,2023-10-02,9817
1535,中宇,20,0,20,元大-東泰,2023-10-02,9817
00715L,期街口布蘭特正2,20,0,20,元大-東泰,2023-10-02,9817
9934,成霖,20,0,20,元大-東泰,2023-10-02,9817
1471,首利,20,2,18,元大-東泰,2023-10-02,9817
2371,大同,18,0,18,元大-東泰,2023-10-02,9817
1305,華夏,17,0,17,元大-東泰,2023-10-02,9817
3709,鑫聯大投控,37,20,17,元大-東泰,2023-10-02,9817
00679B,元大美債20年,17,0,17,元大-東泰,2023-10-02,9817
3325,旭品,23,7,16,元大-東泰,2023-10-02,9817
2201,裕隆,17,1,16,元大-東泰,2023-10-02,9817
2324,仁寶,24,8,16,元大-東泰,2023-10-02,9817
2368,金像電,33,17,16,元大-東泰,2023-10-02,9817
4979,華星光,16,1,15,元大-東泰,2023-10-02,9817
2104,國際中橡,15,0,15,元大-東泰,2023-10-02,9817
00687B,國泰20年美債,14,0,14,元大-東泰,2023-10-02,9817
1584,精剛,29,15,14,元大-東泰,2023-10-02,9817
00907,永豐優息存股,13,0,13,元大-東泰,2023-10-02,9817
2885,元大金,13,0,13,元大-東泰,2023-10-02,9817
2382,廣達,55,42,13,元大-東泰,2023-10-02,9817
5452,佶優,20,8,12,元大-東泰,2023-10-02,9817
2881,富邦金,12,0,12,元大-東泰,2023-10-02,9817
00764B,群益25年美債,12,0,12,元大-東泰,2023-10-02,9817
1618,合機,19,8,11,元大-東泰,2023-10-02,9817
5608,四維航,11,0,11,元大-東泰,2023-10-02,9817
3122,笙泉,11,0,11,元大-東泰,2023-10-02,9817
3311,閎暉,15,4,11,元大-東泰,2023-10-02,9817
2206,三陽工業,11,1,10,元大-東泰,2023-10-02,9817
2609,陽明,16,6,10,元大-東泰,2023-10-02,9817
2615,萬海,11,1,10,元大-東泰,2023-10-02,9817
4908,前鼎,13,3,10,元大-東泰,2023-10-02,9817
00929,復華台灣科技優息,224,94,130,元大-東泰,2023-10-03,9817
2409,友達,171,85,86,元大-東泰,2023-10-03,9817
2344,華邦電,96,20,76,元大-東泰,2023-10-03,9817
2888,新光金,86,11,75,元大-東泰,2023-10-03,9817
2324,仁寶,70,4,66,元大-東泰,2023-10-03,9817
2002,中鋼,66,2,64,元大-東泰,2023-10-03,9817
00712,復華富時不動產,61,0,61,元大-東泰,2023-10-03,9817
3311,閎暉,58,0,58,元大-東泰,2023-10-03,9817
2436,偉詮電,55,1,54,元大-東泰,2023-10-03,9817
2313,華通,67,15,52,元大-東泰,2023-10-03,9817
6120,達運,55,5,50,元大-東泰,2023-10-03,9817
3231,緯創,92,42,50,元大-東泰,2023-10-03,9817
0056,元大高股息,60,14,46,元大-東泰,2023-10-03,9817
00720B,元大投資級公司債,45,0,45,元大-東泰,2023-10-03,9817
00637L,元大滬深300正2,44,0,44,元大-東泰,2023-10-03,9817
00632R,元大台灣50反1,42,0,42,元大-東泰,2023-10-03,9817
00714,群益道瓊美國地產,40,0,40,元大-東泰,2023-10-03,9817
00899,FT潔淨能源,36,0,36,元大-東泰,2023-10-03,9817
00878,國泰永續高股息,53,20,33,元大-東泰,2023-10-03,9817
2352,佳世達,35,3,32,元大-東泰,2023-10-03,9817
00919,群益台灣精選高息,38,6,32,元大-東泰,2023-10-03,9817
00888,永豐台灣ESG,28,0,28,元大-東泰,2023-10-03,9817
00922,國泰台灣領袖50,28,0,28,元大-東泰,2023-10-03,9817
00882,中信中國高股息,27,0,27,元大-東泰,2023-10-03,9817
3481,群創,53,28,25,元大-東泰,2023-10-03,9817
2402,毅嘉,38,14,24,元大-東泰,2023-10-03,9817
4944,兆遠,62,39,23,元大-東泰,2023-10-03,9817
2208,台船,24,2,22,元大-東泰,2023-10-03,9817
00931B,統一美債20年,22,0,22,元大-東泰,2023-10-03,9817
6117,迎廣,26,7,19,元大-東泰,2023-10-03,9817
1210,大成,21,2,19,元大-東泰,2023-10-03,9817
2609,陽明,19,2,17,元大-東泰,2023-10-03,9817
2603,長榮,26,10,16,元大-東泰,2023-10-03,9817
1815,富喬,31,15,16,元大-東泰,2023-10-03,9817
2634,漢翔,20,6,14,元大-東泰,2023-10-03,9817
1605,華新,30,16,14,元大-東泰,2023-10-03,9817
5009,榮剛,14,0,14,元大-東泰,2023-10-03,9817
00730,富邦臺灣優質高息,13,0,13,元大-東泰,2023-10-03,9817
00847B,中信美國市政債,13,0,13,元大-東泰,2023-10-03,9817
00772B,中信高評級公司債,14,2,12,元大-東泰,2023-10-03,9817
3163,波若威,35,23,12,元大-東泰,2023-10-03,9817
6160,欣技,12,0,12,元大-東泰,2023-10-03,9817
2492,華新科,13,1,12,元大-東泰,2023-10-03,9817
1471,首利,22,10,12,元大-東泰,2023-10-03,9817
2880,華南金,11,0,11,元大-東泰,2023-10-03,9817
00634R,富邦上証反1,12,1,11,元大-東泰,2023-10-03,9817
2312,金寶,16,5,11,元大-東泰,2023-10-03,9817
5426,振發,18,7,11,元大-東泰,2023-10-03,9817
3013,晟銘電,44,33,11,元大-東泰,2023-10-03,9817
00680L,元大美債20正2,10,0,10,元大-東泰,2023-10-03,9817
00632R,元大台灣50反1,412,203,209,元大-東泰,2023-10-04,9817
3149,正達,200,2,198,元大-東泰,2023-10-04,9817
2409,友達,174,32,142,元大-東泰,2023-10-04,9817
00712,復華富時不動產,118,10,108,元大-東泰,2023-10-04,9817
3481,群創,111,6,105,元大-東泰,2023-10-04,9817
2303,聯電,91,4,87,元大-東泰,2023-10-04,9817
2888,新光金,86,0,86,元大-東泰,2023-10-04,9817
00847B,中信美國市政債,80,0,80,元大-東泰,2023-10-04,9817
00679B,元大美債20年,77,2,75,元大-東泰,2023-10-04,9817
00929,復華台灣科技優息,80,14,66,元大-東泰,2023-10-04,9817
6139,亞翔,53,2,51,元大-東泰,2023-10-04,9817
00637L,元大滬深300正2,49,0,49,元大-東泰,2023-10-04,9817
00687B,國泰20年美債,42,2,40,元大-東泰,2023-10-04,9817
00899,FT潔淨能源,40,0,40,元大-東泰,2023-10-04,9817
2891,中信金,38,0,38,元大-東泰,2023-10-04,9817
2883,凱基金,49,13,36,元大-東泰,2023-10-04,9817
3231,緯創,70,34,36,元大-東泰,2023-10-04,9817
00680L,元大美債20正2,84,50,34,元大-東泰,2023-10-04,9817
00714,群益道瓊美國地產,30,0,30,元大-東泰,2023-10-04,9817
2884,玉山金,33,3,30,元大-東泰,2023-10-04,9817
1605,華新,34,5,29,元大-東泰,2023-10-04,9817
00720B,元大投資級公司債,30,4,26,元大-東泰,2023-10-04,9817
8358,金居,28,4,24,元大-東泰,2023-10-04,9817
6285,啟��,22,0,22,元大-東泰,2023-10-04,9817
1210,大成,22,0,22,元大-東泰,2023-10-04,9817
3163,波若威,62,42,20,元大-東泰,2023-10-04,9817
00903,富邦元宇宙,20,0,20,元大-東泰,2023-10-04,9817
00885,富邦越南,21,1,20,元大-東泰,2023-10-04,9817
2317,鴻海,22,2,20,元大-東泰,2023-10-04,9817
00751B,元大AAA至A公司債,18,0,18,元大-東泰,2023-10-04,9817
2887,台新金,18,0,18,元大-東泰,2023-10-04,9817
1584,精剛,18,0,18,元大-東泰,2023-10-04,9817
1303,南亞,23,5,18,元大-東泰,2023-10-04,9817
00922,國泰台灣領袖50,17,0,17,元大-東泰,2023-10-04,9817
6112,邁達特,19,2,17,元大-東泰,2023-10-04,9817
2206,三陽工業,21,4,17,元大-東泰,2023-10-04,9817
8927,北基,15,0,15,元大-東泰,2023-10-04,9817
3188,鑫龍騰,15,0,15,元大-東泰,2023-10-04,9817
2515,中工,15,0,15,元大-東泰,2023-10-04,9817
4973,廣穎,17,2,15,元大-東泰,2023-10-04,9817
1815,富喬,16,1,15,元大-東泰,2023-10-04,9817
2337,旺宏,17,2,15,元大-東泰,2023-10-04,9817
2201,裕隆,32,17,15,元大-東泰,2023-10-04,9817
8112,至上,23,9,14,元大-東泰,2023-10-04,9817
1535,中宇,14,0,14,元大-東泰,2023-10-04,9817
00888,永豐台灣ESG,14,0,14,元大-東泰,2023-10-04,9817
9930,中聯資源,15,1,14,元大-東泰,2023-10-04,9817
2353,宏��,17,3,14,元大-東泰,2023-10-04,9817
00764B,群益25年美債,14,0,14,元大-東泰,2023-10-04,9817
5880,合庫金,14,0,14,元大-東泰,2023-10-04,9817
00712,復華富時不動產,120,0,120,元大-東泰,2023-10-05,9817
2436,偉詮電,51,3,48,元大-東泰,2023-10-05,9817
8271,宇瞻,61,21,40,元大-東泰,2023-10-05,9817
1522,堤維西,42,4,38,元大-東泰,2023-10-05,9817
2417,圓剛,74,39,35,元大-東泰,2023-10-05,9817
00717,富邦美國特別股,27,0,27,元大-東泰,2023-10-05,9817
00679B,元大美債20年,24,1,23,元大-東泰,2023-10-05,9817
6288,聯嘉,28,5,23,元大-東泰,2023-10-05,9817
3260,威剛,25,2,23,元大-東泰,2023-10-05,9817
6116,彩晶,27,7,20,元大-東泰,2023-10-05,9817
1909,榮成,20,0,20,元大-東泰,2023-10-05,9817
2409,友達,24,5,19,元大-東泰,2023-10-05,9817
4564,元翎,17,0,17,元大-東泰,2023-10-05,9817
2382,廣達,32,15,17,元大-東泰,2023-10-05,9817
3322,建舜電,17,1,16,元大-東泰,2023-10-05,9817
2515,中工,16,0,16,元大-東泰,2023-10-05,9817
4542,科嶠,16,0,16,元大-東泰,2023-10-05,9817
1101,台泥,18,3,15,元大-東泰,2023-10-05,9817
2412,中華電,15,0,15,元大-東泰,2023-10-05,9817
5321,美而快,15,0,15,元大-東泰,2023-10-05,9817
3669,圓展,15,0,15,元大-東泰,2023-10-05,9817
00929,復華台灣科技優息,23,9,14,元大-東泰,2023-10-05,9817
00751B,元大AAA至A公司債,12,0,12,元大-東泰,2023-10-05,9817
2820,華票,12,0,12,元大-東泰,2023-10-05,9817
00892,富邦台灣半導體,12,0,12,元大-東泰,2023-10-05,9817
8240,華宏,12,0,12,元大-東泰,2023-10-05,9817
3078,僑威,23,12,11,元大-東泰,2023-10-05,9817
2392,正崴,11,0,11,元大-東泰,2023-10-05,9817
3188,鑫龍騰,11,0,11,元大-東泰,2023-10-05,9817
2542,興富發,10,0,10,元大-東泰,2023-10-05,9817
8422,可寧衛,10,0,10,元大-東泰,2023-10-05,9817
00908,富邦入息REITs+,10,0,10,元大-東泰,2023-10-05,9817
8112,至上,22,12,10,元大-東泰,2023-10-05,9817
4919,新唐,17,7,10,元大-東泰,2023-10-05,9817
6153,嘉聯益,10,0,10,元大-東泰,2023-10-05,9817
6156,松上,10,0,10,元大-東泰,2023-10-05,9817
2408,南亞科,10,0,10,元大-東泰,2023-10-05,9817
912000,晨訊科-DR,10,0,10,元大-東泰,2023-10-05,9817
2317,鴻海,11,1,10,元大-東泰,2023-10-05,9817
2388,威盛,17,8,9,元大-東泰,2023-10-05,9817
2371,大同,14,5,9,元大-東泰,2023-10-05,9817
2606,裕民,8,0,8,元大-東泰,2023-10-05,9817
4908,前鼎,10,2,8,元大-東泰,2023-10-05,9817
3032,偉訓,20,12,8,元大-東泰,2023-10-05,9817
8210,勤誠,13,6,7,元大-東泰,2023-10-05,9817
4979,華星光,22,15,7,元大-東泰,2023-10-05,9817
00715L,期街口布蘭特正2,7,0,7,元大-東泰,2023-10-05,9817
2492,華新科,7,0,7,元大-東泰,2023-10-05,9817
3548,兆利,8,1,7,元大-東泰,2023-10-05,9817
6438,迅得,9,2,7,元大-東泰,2023-10-05,9817
6116,彩晶,93,0,93,元大-東泰,2023-10-06,9817
00929,復華台灣科技優息,83,3,80,元大-東泰,2023-10-06,9817
2363,矽統,244,191,53,元大-東泰,2023-10-06,9817
2409,友達,47,6,41,元大-東泰,2023-10-06,9817
00772B,中信高評級公司債,40,0,40,元大-東泰,2023-10-06,9817
1609,大亞,36,2,34,元大-東泰,2023-10-06,9817
00712,復華富時不動產,29,1,28,元大-東泰,2023-10-06,9817
3481,群創,28,0,28,元大-東泰,2023-10-06,9817
9105,泰金寶-DR,27,0,27,元大-東泰,2023-10-06,9817
00919,群益台灣精選高息,26,1,25,元大-東泰,2023-10-06,9817
5272,笙科,23,0,23,元大-東泰,2023-10-06,9817
00915,凱基優選高股息30,23,0,23,元大-東泰,2023-10-06,9817
2329,華泰,52,30,22,元大-東泰,2023-10-06,9817
2892,第一金,22,1,21,元大-東泰,2023-10-06,9817
6122,擎邦,26,5,21,元大-東泰,2023-10-06,9817
2618,長榮航,27,7,20,元大-東泰,2023-10-06,9817
2337,旺宏,40,22,18,元大-東泰,2023-10-06,9817
2313,華通,23,5,18,元大-東泰,2023-10-06,9817
2312,金寶,19,1,18,元大-東泰,2023-10-06,9817
3325,旭品,35,18,17,元大-東泰,2023-10-06,9817
2323,中環,17,0,17,元大-東泰,2023-10-06,9817
00715L,期街口布蘭特正2,32,16,16,元大-東泰,2023-10-06,9817
2610,華航,22,6,16,元大-東泰,2023-10-06,9817
00899,FT潔淨能源,15,0,15,元大-東泰,2023-10-06,9817
00857B,永豐20年美公債,14,0,14,元大-東泰,2023-10-06,9817
3311,閎暉,15,1,14,元大-東泰,2023-10-06,9817
8046,南電,12,0,12,元大-東泰,2023-10-06,9817
2634,漢翔,11,0,11,元大-東泰,2023-10-06,9817
3032,偉訓,11,0,11,元大-東泰,2023-10-06,9817
2820,華票,11,0,11,元大-東泰,2023-10-06,9817
3094,聯傑,15,4,11,元大-東泰,2023-10-06,9817
2897,王道銀行,10,0,10,元大-東泰,2023-10-06,9817
2884,玉山金,11,1,10,元大-東泰,2023-10-06,9817
00717,富邦美國特別股,10,0,10,元大-東泰,2023-10-06,9817
00637L,元大滬深300正2,10,0,10,元大-東泰,2023-10-06,9817
2852,第一保,10,0,10,元大-東泰,2023-10-06,9817
8110,華東,10,0,10,元大-東泰,2023-10-06,9817
9950,萬國通,10,0,10,元大-東泰,2023-10-06,9817
2449,京元電子,12,3,9,元大-東泰,2023-10-06,9817
3081,聯亞,17,8,9,元大-東泰,2023-10-06,9817
4977,眾達-KY,9,0,9,元大-東泰,2023-10-06,9817
1513,中興電,9,0,9,元大-東泰,2023-10-06,9817
8271,宇瞻,9,0,9,元大-東泰,2023-10-06,9817
2883,凱基金,8,0,8,元大-東泰,2023-10-06,9817
2002,中鋼,13,5,8,元大-東泰,2023-10-06,9817
2492,華新科,8,0,8,元大-東泰,2023-10-06,9817
2402,毅嘉,8,0,8,元大-東泰,2023-10-06,9817
2006,東和鋼鐵,8,0,8,元大-東泰,2023-10-06,9817
00922,國泰台灣領袖50,8,0,8,元大-東泰,2023-10-06,9817
3188,鑫龍騰,8,0,8,元大-東泰,2023-10-06,9817
3231,緯創,219,69,150,元大-東泰,2023-10-11,9817
3481,群創,119,6,113,元大-東泰,2023-10-11,9817
00885,富邦越南,102,0,102,元大-東泰,2023-10-11,9817
1217,愛之味,80,1,79,元大-東泰,2023-10-11,9817
00929,復華台灣科技優息,61,6,55,元大-東泰,2023-10-11,9817
6120,達運,52,2,50,元大-東泰,2023-10-11,9817
8933,愛地雅,48,0,48,元大-東泰,2023-10-11,9817
00919,群益台灣精選高息,52,7,45,元大-東泰,2023-10-11,9817
4906,正文,45,0,45,元大-東泰,2023-10-11,9817
6160,欣技,39,0,39,元大-東泰,2023-10-11,9817
2382,廣達,67,30,37,元大-東泰,2023-10-11,9817
6770,力積電,43,7,36,元大-東泰,2023-10-11,9817
2515,中工,47,15,32,元大-東泰,2023-10-11,9817
3666,光耀,30,0,30,元大-東泰,2023-10-11,9817
3260,威剛,41,11,30,元大-東泰,2023-10-11,9817
1609,大亞,28,0,28,元大-東泰,2023-10-11,9817
3709,鑫聯大投控,36,8,28,元大-東泰,2023-10-11,9817
3013,晟銘電,59,33,26,元大-東泰,2023-10-11,9817
2498,宏達電,28,2,26,元大-東泰,2023-10-11,9817
2855,統一證,24,0,24,元大-東泰,2023-10-11,9817
00720B,元大投資級公司債,26,2,24,元大-東泰,2023-10-11,9817
2618,長榮航,41,17,24,元大-東泰,2023-10-11,9817
3234,光環,22,0,22,元大-東泰,2023-10-11,9817
2615,萬海,20,0,20,元大-東泰,2023-10-11,9817
2316,楠梓電,20,0,20,元大-東泰,2023-10-11,9817
1528,恩德,22,2,20,元大-東泰,2023-10-11,9817
2317,鴻海,33,14,19,元大-東泰,2023-10-11,9817
6282,康舒,21,2,19,元大-東泰,2023-10-11,9817
5309,系統電,19,0,19,元大-東泰,2023-10-11,9817
2352,佳世達,31,13,18,元大-東泰,2023-10-11,9817
2609,陽明,22,5,17,元大-東泰,2023-10-11,9817
2603,長榮,74,57,17,元大-東泰,2023-10-11,9817
1504,東元,34,18,16,元大-東泰,2023-10-11,9817
2888,新光金,22,6,16,元大-東泰,2023-10-11,9817
00717,富邦美國特別股,15,0,15,元大-東泰,2023-10-11,9817
6189,豐藝,61,46,15,元大-東泰,2023-10-11,9817
1471,首利,14,0,14,元大-東泰,2023-10-11,9817
1305,華夏,13,0,13,元大-東泰,2023-10-11,9817
4919,新唐,16,3,13,元大-東泰,2023-10-11,9817
5272,笙科,13,0,13,元大-東泰,2023-10-11,9817
3207,耀勝,12,0,12,元大-東泰,2023-10-11,9817
2486,一詮,19,7,12,元大-東泰,2023-10-11,9817
5348,正能量智能,13,1,12,元大-東泰,2023-10-11,9817
00637L,元大滬深300正2,14,2,12,元大-東泰,2023-10-11,9817
1524,耿鼎,14,3,11,元大-東泰,2023-10-11,9817
1449,佳和,12,1,11,元大-東泰,2023-10-11,9817
3694,海華,12,1,11,元大-東泰,2023-10-11,9817
2376,技嘉,17,7,10,元大-東泰,2023-10-11,9817
00772B,中信高評級公司債,10,0,10,元大-東泰,2023-10-11,9817
1444,力麗,10,0,10,元大-東泰,2023-10-11,9817
2891,中信金,103,14,89,元大-東泰,2023-10-12,9817
1616,億泰,72,0,72,元大-東泰,2023-10-12,9817
00632R,元大台灣50反1,53,0,53,元大-東泰,2023-10-12,9817
6177,達麗,51,0,51,元大-東泰,2023-10-12,9817
2356,英業達,46,6,40,元大-東泰,2023-10-12,9817
6005,群益證,38,0,38,元大-東泰,2023-10-12,9817
1217,愛之味,38,0,38,元大-東泰,2023-10-12,9817
2892,第一金,38,1,37,元大-東泰,2023-10-12,9817
2883,凱基金,45,11,34,元大-東泰,2023-10-12,9817
2492,華新科,46,17,29,元大-東泰,2023-10-12,9817
1786,科妍,41,15,26,元大-東泰,2023-10-12,9817
1324,地球,51,25,26,元大-東泰,2023-10-12,9817
1584,精剛,25,0,25,元大-東泰,2023-10-12,9817
00923,群益台ESG低碳50,26,3,23,元大-東泰,2023-10-12,9817
1802,台玻,22,0,22,元大-東泰,2023-10-12,9817
2408,南亞科,32,12,20,元大-東泰,2023-10-12,9817
6192,巨路,20,0,20,元大-東泰,2023-10-12,9817
2852,第一保,20,0,20,元大-東泰,2023-10-12,9817
00679B,元大美債20年,20,1,19,元大-東泰,2023-10-12,9817
2002,中鋼,29,10,19,元大-東泰,2023-10-12,9817
2352,佳世達,17,2,15,元大-東泰,2023-10-12,9817
6189,豐藝,20,5,15,元大-東泰,2023-10-12,9817
3709,鑫聯大投控,14,0,14,元大-東泰,2023-10-12,9817
3704,合勤控,19,5,14,元大-東泰,2023-10-12,9817
1618,合機,18,5,13,元大-東泰,2023-10-12,9817
3013,晟銘電,27,15,12,元大-東泰,2023-10-12,9817
3325,旭品,20,8,12,元大-東泰,2023-10-12,9817
0056,元大高股息,18,6,12,元大-東泰,2023-10-12,9817
00712,復華富時不動產,25,13,12,元大-東泰,2023-10-12,9817
3036,文曄,16,5,11,元大-東泰,2023-10-12,9817
2486,一詮,34,23,11,元大-東泰,2023-10-12,9817
1409,新纖,11,0,11,元大-東泰,2023-10-12,9817
00772B,中信高評級公司債,11,0,11,元大-東泰,2023-10-12,9817
2605,新興,10,0,10,元大-東泰,2023-10-12,9817
2374,佳能,10,0,10,元大-東泰,2023-10-12,9817
3236,千如,13,3,10,元大-東泰,2023-10-12,9817
1326,台化,14,4,10,元大-東泰,2023-10-12,9817
1434,福懋,11,2,9,元大-東泰,2023-10-12,9817
6284,佳邦,14,5,9,元大-東泰,2023-10-12,9817
3149,正達,8,0,8,元大-東泰,2023-10-12,9817
3032,偉訓,11,3,8,元大-東泰,2023-10-12,9817
8289,泰藝,7,0,7,元大-東泰,2023-10-12,9817
9955,佳龍,8,1,7,元大-東泰,2023-10-12,9817
00927,群益半導體收益,8,2,6,元大-東泰,2023-10-12,9817
2208,台船,16,10,6,元大-東泰,2023-10-12,9817
9917,中保科,6,0,6,元大-東泰,2023-10-12,9817
5272,笙科,6,0,6,元大-東泰,2023-10-12,9817
5328,華容,6,0,6,元大-東泰,2023-10-12,9817
6274,台燿,7,1,6,元大-東泰,2023-10-12,9817
00919,群益台灣精選高息,7,2,5,元大-東泰,2023-10-12,9817
2344,華邦電,124,43,81,元大-東泰,2023-10-13,9817
00922,國泰台灣領袖50,70,0,70,元大-東泰,2023-10-13,9817
3231,緯創,104,39,65,元大-東泰,2023-10-13,9817
4906,正文,57,2,55,元大-東泰,2023-10-13,9817
2329,華泰,54,8,46,元大-東泰,2023-10-13,9817
00878,國泰永續高股息,53,10,43,元大-東泰,2023-10-13,9817
00712,復華富時不動產,40,0,40,元大-東泰,2023-10-13,9817
1616,億泰,37,0,37,元大-東泰,2023-10-13,9817
2492,華新科,34,0,34,元大-東泰,2023-10-13,9817
00720B,元大投資級公司債,31,0,31,元大-東泰,2023-10-13,9817
00679B,元大美債20年,32,3,29,元大-東泰,2023-10-13,9817
2382,廣達,65,36,29,元大-東泰,2023-10-13,9817
2605,新興,30,4,26,元大-東泰,2023-10-13,9817
00919,群益台灣精選高息,25,0,25,元大-東泰,2023-10-13,9817
2913,農林,34,10,24,元大-東泰,2023-10-13,9817
1504,東元,28,4,24,元大-東泰,2023-10-13,9817
2618,長榮航,23,0,23,元大-東泰,2023-10-13,9817
0056,元大高股息,32,9,23,元大-東泰,2023-10-13,9817
00929,復華台灣科技優息,69,48,21,元大-東泰,2023-10-13,9817
00632R,元大台灣50反1,20,0,20,元大-東泰,2023-10-13,9817
2615,萬海,19,0,19,元大-東泰,2023-10-13,9817
1301,台塑,24,5,19,元大-東泰,2023-10-13,9817
2610,華航,20,2,18,元大-東泰,2023-10-13,9817
2002,中鋼,18,0,18,元大-東泰,2023-10-13,9817
2363,矽統,388,371,17,元大-東泰,2023-10-13,9817
2353,宏��,19,2,17,元大-東泰,2023-10-13,9817
6284,佳邦,48,32,16,元大-東泰,2023-10-13,9817
1528,恩德,17,1,16,元大-東泰,2023-10-13,9817
00751B,元大AAA至A公司債,15,0,15,元大-東泰,2023-10-13,9817
2316,楠梓電,18,3,15,元大-東泰,2023-10-13,9817
2609,陽明,15,0,15,元大-東泰,2023-10-13,9817
00931B,統一美債20年,14,0,14,元大-東泰,2023-10-13,9817
00680L,元大美債20正2,13,0,13,元大-東泰,2023-10-13,9817
5321,美而快,18,5,13,元大-東泰,2023-10-13,9817
1303,南亞,18,5,13,元大-東泰,2023-10-13,9817
6288,聯嘉,13,1,12,元大-東泰,2023-10-13,9817
6443,元晶,12,0,12,元大-東泰,2023-10-13,9817
3045,台灣大,12,0,12,元大-東泰,2023-10-13,9817
2208,台船,14,2,12,元大-東泰,2023-10-13,9817
9950,萬國通,25,13,12,元大-東泰,2023-10-13,9817
3078,僑威,22,11,11,元大-東泰,2023-10-13,9817
3163,波若威,15,4,11,元大-東泰,2023-10-13,9817
5225,東科-KY,12,1,11,元大-東泰,2023-10-13,9817
2331,精英,11,0,11,元大-東泰,2023-10-13,9817
2453,凌群,11,0,11,元大-東泰,2023-10-13,9817
1905,華紙,11,0,11,元大-東泰,2023-10-13,9817
4304,勝昱,11,0,11,元大-東泰,2023-10-13,9817
3207,耀勝,11,0,11,元大-東泰,2023-10-13,9817
2376,技嘉,19,8,11,元大-東泰,2023-10-13,9817
6411,晶焱,10,0,10,元大-東泰,2023-10-13,9817
2344,華邦電,374,14,360,元大-東泰,2023-10-16,9817
00671R,富邦NASDAQ反1,264,0,264,元大-東泰,2023-10-16,9817
2888,新光金,101,2,99,元大-東泰,2023-10-16,9817
00929,復華台灣科技優息,131,43,88,元大-東泰,2023-10-16,9817
00712,復華富時不動產,78,0,78,元大-東泰,2023-10-16,9817
00673R,期元大S＆P原油反1,55,0,55,元大-東泰,2023-10-16,9817
6282,康舒,55,5,50,元大-東泰,2023-10-16,9817
0056,元大高股息,52,3,49,元大-東泰,2023-10-16,9817
00919,群益台灣精選高息,42,0,42,元大-東泰,2023-10-16,9817
6285,啟��,36,1,35,元大-東泰,2023-10-16,9817
2610,華航,45,10,35,元大-東泰,2023-10-16,9817
2409,友達,33,0,33,元大-東泰,2023-10-16,9817
00632R,元大台灣50反1,35,4,31,元大-東泰,2023-10-16,9817
2618,長榮航,51,21,30,元大-東泰,2023-10-16,9817
2201,裕隆,44,14,30,元大-東泰,2023-10-16,9817
2515,中工,74,51,23,元大-東泰,2023-10-16,9817
2609,陽明,21,0,21,元大-東泰,2023-10-16,9817
5009,榮剛,37,16,21,元大-東泰,2023-10-16,9817
2402,毅嘉,20,0,20,元大-東泰,2023-10-16,9817
2913,農林,25,5,20,元大-東泰,2023-10-16,9817
2316,楠梓電,20,0,20,元大-東泰,2023-10-16,9817
00717,富邦美國特別股,20,0,20,元大-東泰,2023-10-16,9817
3450,聯鈞,19,0,19,元大-東泰,2023-10-16,9817
00637L,元大滬深300正2,19,0,19,元大-東泰,2023-10-16,9817
1605,華新,25,7,18,元大-東泰,2023-10-16,9817
2382,廣達,35,18,17,元大-東泰,2023-10-16,9817
00878,國泰永續高股息,21,4,17,元大-東泰,2023-10-16,9817
1815,富喬,17,0,17,元大-東泰,2023-10-16,9817
1609,大亞,20,3,17,元大-東泰,2023-10-16,9817
00922,國泰台灣領袖50,16,0,16,元大-東泰,2023-10-16,9817
3706,神達,26,10,16,元大-東泰,2023-10-16,9817
5426,振發,16,0,16,元大-東泰,2023-10-16,9817
9934,成霖,15,0,15,元大-東泰,2023-10-16,9817
2408,南亞科,19,5,14,元大-東泰,2023-10-16,9817
3207,耀勝,15,1,14,元大-東泰,2023-10-16,9817
4960,誠美材,24,10,14,元大-東泰,2023-10-16,9817
6257,矽格,14,0,14,元大-東泰,2023-10-16,9817
4934,太極,13,0,13,元大-東泰,2023-10-16,9817
4746,台耀,13,0,13,元大-東泰,2023-10-16,9817
00720B,元大投資級公司債,14,2,12,元大-東泰,2023-10-16,9817
2329,華泰,39,27,12,元大-東泰,2023-10-16,9817
2337,旺宏,24,12,12,元大-東泰,2023-10-16,9817
6271,同欣電,11,0,11,元大-東泰,2023-10-16,9817
00772B,中信高評級公司債,11,0,11,元大-東泰,2023-10-16,9817
3231,緯創,49,39,10,元大-東泰,2023-10-16,9817
3265,台星科,12,2,10,元大-東泰,2023-10-16,9817
3025,星通,17,7,10,元大-東泰,2023-10-16,9817
2431,聯昌,10,0,10,元大-東泰,2023-10-16,9817
6118,建達,10,0,10,元大-東泰,2023-10-16,9817
2354,鴻準,10,0,10,元大-東泰,2023-10-16,9817
0056,元大高股息,110,0,110,元大-東泰,2023-10-17,9817
00679B,元大美債20年,102,0,102,元大-東泰,2023-10-17,9817
00878,國泰永續高股息,97,17,80,元大-東泰,2023-10-17,9817
2891,中信金,67,0,67,元大-東泰,2023-10-17,9817
00651R,復華香港反1,53,0,53,元大-東泰,2023-10-17,9817
3207,耀勝,41,2,39,元大-東泰,2023-10-17,9817
00715L,期街口布蘭特正2,35,0,35,元大-東泰,2023-10-17,9817
3576,聯合再生,34,2,32,元大-東泰,2023-10-17,9817
9934,成霖,30,0,30,元大-東泰,2023-10-17,9817
00690,兆豐藍籌30,30,0,30,元大-東泰,2023-10-17,9817
2498,宏達電,36,7,29,元大-東泰,2023-10-17,9817
00929,復華台灣科技優息,75,48,27,元大-東泰,2023-10-17,9817
00687B,國泰20年美債,26,0,26,元大-東泰,2023-10-17,9817
2888,新光金,25,2,23,元大-東泰,2023-10-17,9817
00720B,元大投資級公司債,21,0,21,元大-東泰,2023-10-17,9817
1414,東和,20,0,20,元大-東泰,2023-10-17,9817
1540,喬福,20,0,20,元大-東泰,2023-10-17,9817
6005,群益證,20,0,20,元大-東泰,2023-10-17,9817
8155,博智,20,0,20,元大-東泰,2023-10-17,9817
2352,佳世達,24,5,19,元大-東泰,2023-10-17,9817
1504,東元,21,3,18,元大-東泰,2023-10-17,9817
3532,台勝科,22,4,18,元大-東泰,2023-10-17,9817
1584,精剛,17,0,17,元大-東泰,2023-10-17,9817
2634,漢翔,20,4,16,元大-東泰,2023-10-17,9817
5515,建國,15,0,15,元大-東泰,2023-10-17,9817
2104,國際中橡,14,0,14,元大-東泰,2023-10-17,9817
3715,定穎投控,119,106,13,元大-東泰,2023-10-17,9817
5009,榮剛,13,0,13,元大-東泰,2023-10-17,9817
00637L,元大滬深300正2,13,0,13,元大-東泰,2023-10-17,9817
2368,金像電,16,3,13,元大-東泰,2023-10-17,9817
1609,大亞,14,1,13,元大-東泰,2023-10-17,9817
5521,工信,20,8,12,元大-東泰,2023-10-17,9817
00725B,國泰投資級公司債,12,0,12,元大-東泰,2023-10-17,9817
4933,友輝,12,0,12,元大-東泰,2023-10-17,9817
00751B,元大AAA至A公司債,11,0,11,元大-東泰,2023-10-17,9817
2883,凱基金,12,1,11,元大-東泰,2023-10-17,9817
2458,義隆,11,0,11,元大-東泰,2023-10-17,9817
1449,佳和,11,0,11,元大-東泰,2023-10-17,9817
2489,瑞軒,10,0,10,元大-東泰,2023-10-17,9817
2515,中工,100,90,10,元大-東泰,2023-10-17,9817
5225,東科-KY,11,1,10,元大-東泰,2023-10-17,9817
3083,網龍,10,0,10,元大-東泰,2023-10-17,9817
3701,大眾控,11,1,10,元大-東泰,2023-10-17,9817
1440,南紡,10,0,10,元大-東泰,2023-10-17,9817
4513,福裕,10,0,10,元大-東泰,2023-10-17,9817
6451,訊芯-KY,10,0,10,元大-東泰,2023-10-17,9817
4979,華星光,16,7,9,元大-東泰,2023-10-17,9817
3006,晶豪科,14,5,9,元大-東泰,2023-10-17,9817
5425,台半,10,1,9,元大-東泰,2023-10-17,9817
4906,正文,21,12,9,元大-東泰,2023-10-17,9817
00878,國泰永續高股息,294,7,287,元大-東泰,2023-10-18,9817
0056,元大高股息,273,35,238,元大-東泰,2023-10-18,9817
2891,中信金,162,3,159,元大-東泰,2023-10-18,9817
2409,友達,105,14,91,元大-東泰,2023-10-18,9817
3078,僑威,77,4,73,元大-東泰,2023-10-18,9817
00919,群益台灣精選高息,55,1,54,元大-東泰,2023-10-18,9817
00922,國泰台灣領袖50,58,4,54,元大-東泰,2023-10-18,9817
6120,達運,50,0,50,元大-東泰,2023-10-18,9817
2906,高林,42,0,42,元大-東泰,2023-10-18,9817
1101,台泥,38,0,38,元大-東泰,2023-10-18,9817
2888,新光金,33,0,33,元大-東泰,2023-10-18,9817
2344,華邦電,78,47,31,元大-東泰,2023-10-18,9817
2486,一詮,30,0,30,元大-東泰,2023-10-18,9817
1102,亞泥,29,0,29,元大-東泰,2023-10-18,9817
00720B,元大投資級公司債,28,0,28,元大-東泰,2023-10-18,9817
00905,FT臺灣Smart,27,0,27,元大-東泰,2023-10-18,9817
00888,永豐台灣ESG,26,0,26,元大-東泰,2023-10-18,9817
2618,長榮航,39,14,25,元大-東泰,2023-10-18,9817
2002,中鋼,58,33,25,元大-東泰,2023-10-18,9817
00679B,元大美債20年,26,3,23,元大-東泰,2023-10-18,9817
00717,富邦美國特別股,20,0,20,元大-東泰,2023-10-18,9817
2883,凱基金,19,0,19,元大-東泰,2023-10-18,9817
2367,燿華,22,3,19,元大-東泰,2023-10-18,9817
2421,建準,19,3,16,元大-東泰,2023-10-18,9817
00639,富邦深100,16,0,16,元大-東泰,2023-10-18,9817
2534,宏盛,16,0,16,元大-東泰,2023-10-18,9817
5258,虹堡,20,4,16,元大-東泰,2023-10-18,9817
00687B,國泰20年美債,15,0,15,元大-東泰,2023-10-18,9817
2201,裕隆,51,36,15,元大-東泰,2023-10-18,9817
6443,元晶,15,0,15,元大-東泰,2023-10-18,9817
00900,富邦特選高股息30,16,1,15,元大-東泰,2023-10-18,9817
6274,台燿,20,5,15,元大-東泰,2023-10-18,9817
2603,長榮,17,3,14,元大-東泰,2023-10-18,9817
4977,眾達-KY,13,0,13,元大-東泰,2023-10-18,9817
3709,鑫聯大投控,25,12,13,元大-東泰,2023-10-18,9817
1326,台化,18,5,13,元大-東泰,2023-10-18,9817
2329,華泰,51,38,13,元大-東泰,2023-10-18,9817
1304,台聚,12,0,12,元大-東泰,2023-10-18,9817
2388,威盛,56,45,11,元大-東泰,2023-10-18,9817
1709,和益,11,0,11,元大-東泰,2023-10-18,9817
1802,台玻,14,3,11,元大-東泰,2023-10-18,9817
3013,晟銘電,24,13,11,元大-東泰,2023-10-18,9817
8033,雷虎,11,0,11,元大-東泰,2023-10-18,9817
2887,台新金,11,0,11,元大-東泰,2023-10-18,9817
6112,邁達特,11,0,11,元大-東泰,2023-10-18,9817
00850,元大臺灣ESG永續,10,0,10,元大-東泰,2023-10-18,9817
8358,金居,12,2,10,元大-東泰,2023-10-18,9817
00651R,復華香港反1,10,0,10,元大-東泰,2023-10-18,9817
2855,統一證,10,0,10,元大-東泰,2023-10-18,9817
1309,台達化,12,2,10,元大-東泰,2023-10-18,9817
0056,元大高股息,131,0,131,元大-東泰,2023-10-19,9817
2618,長榮航,127,7,120,元大-東泰,2023-10-19,9817
1101,台泥,110,10,100,元大-東泰,2023-10-19,9817
00712,復華富時不動產,98,0,98,元大-東泰,2023-10-19,9817
00637L,元大滬深300正2,94,11,83,元大-東泰,2023-10-19,9817
00929,復華台灣科技優息,77,4,73,元大-東泰,2023-10-19,9817
00878,國泰永續高股息,78,7,71,元大-東泰,2023-10-19,9817
00933B,國泰10Y+金融債,68,0,68,元大-東泰,2023-10-19,9817
3715,定穎投控,149,81,68,元大-東泰,2023-10-19,9817
00720B,元大投資級公司債,65,3,62,元大-東泰,2023-10-19,9817
2867,三商壽,61,0,61,元大-東泰,2023-10-19,9817
00885,富邦越南,60,0,60,元大-東泰,2023-10-19,9817
2515,中工,49,1,48,元大-東泰,2023-10-19,9817
2353,宏��,53,10,43,元大-東泰,2023-10-19,9817
1305,華夏,39,0,39,元大-東泰,2023-10-19,9817
2409,友達,43,9,34,元大-東泰,2023-10-19,9817
00680L,元大美債20正2,34,0,34,元大-東泰,2023-10-19,9817
00922,國泰台灣領袖50,32,0,32,元大-東泰,2023-10-19,9817
00893,國泰智能電動車,33,2,31,元大-東泰,2023-10-19,9817
1217,愛之味,30,0,30,元大-東泰,2023-10-19,9817
1612,宏泰,30,0,30,元大-東泰,2023-10-19,9817
00717,富邦美國特別股,30,0,30,元大-東泰,2023-10-19,9817
00639,富邦深100,26,0,26,元大-東泰,2023-10-19,9817
2888,新光金,24,0,24,元大-東泰,2023-10-19,9817
2329,華泰,26,2,24,元大-東泰,2023-10-19,9817
00679B,元大美債20年,24,1,23,元大-東泰,2023-10-19,9817
1504,東元,35,12,23,元大-東泰,2023-10-19,9817
00687B,國泰20年美債,22,0,22,元大-東泰,2023-10-19,9817
00751B,元大AAA至A公司債,21,0,21,元大-東泰,2023-10-19,9817
2371,大同,20,0,20,元大-東泰,2023-10-19,9817
00847B,中信美國市政債,20,0,20,元大-東泰,2023-10-19,9817
3276,宇環,21,1,20,元大-東泰,2023-10-19,9817
3532,台勝科,20,1,19,元大-東泰,2023-10-19,9817
00714,群益道瓊美國地產,20,2,18,元大-東泰,2023-10-19,9817
00882,中信中國高股息,18,0,18,元大-東泰,2023-10-19,9817
00772B,中信高評級公司債,16,0,16,元大-東泰,2023-10-19,9817
2317,鴻海,18,3,15,元大-東泰,2023-10-19,9817
6695,芯鼎,19,5,14,元大-東泰,2023-10-19,9817
9955,佳龍,14,0,14,元大-東泰,2023-10-19,9817
6770,力積電,18,4,14,元大-東泰,2023-10-19,9817
2388,威盛,16,3,13,元大-東泰,2023-10-19,9817
1471,首利,14,1,13,元大-東泰,2023-10-19,9817
9945,潤泰新,12,0,12,元大-東泰,2023-10-19,9817
2880,華南金,12,0,12,元大-東泰,2023-10-19,9817
4304,勝昱,12,0,12,元大-東泰,2023-10-19,9817
2486,一詮,17,6,11,元大-東泰,2023-10-19,9817
2316,楠梓電,14,3,11,元大-東泰,2023-10-19,9817
2495,普安,10,0,10,元大-東泰,2023-10-19,9817
00892,富邦台灣半導體,13,3,10,元大-東泰,2023-10-19,9817
5272,笙科,15,5,10,元大-東泰,2023-10-19,9817
3715,定穎投控,380,74,306,元大-東泰,2023-10-20,9817
00712,復華富時不動產,147,0,147,元大-東泰,2023-10-20,9817
00878,國泰永續高股息,118,32,86,元大-東泰,2023-10-20,9817
4933,友輝,90,10,80,元大-東泰,2023-10-20,9817
2834,臺企銀,79,2,77,元大-東泰,2023-10-20,9817
00679B,元大美債20年,69,1,68,元大-東泰,2023-10-20,9817
2888,新光金,64,2,62,元大-東泰,2023-10-20,9817
0056,元大高股息,67,11,56,元大-東泰,2023-10-20,9817
00885,富邦越南,52,2,50,元大-東泰,2023-10-20,9817
2002,中鋼,68,23,45,元大-東泰,2023-10-20,9817
00919,群益台灣精選高息,38,2,36,元大-東泰,2023-10-20,9817
2323,中環,41,6,35,元大-東泰,2023-10-20,9817
2719,燦星旅,34,0,34,元大-東泰,2023-10-20,9817
00714,群益道瓊美國地產,30,0,30,元大-東泰,2023-10-20,9817
00931B,統一美債20年,33,3,30,元大-東泰,2023-10-20,9817
2409,友達,32,3,29,元大-東泰,2023-10-20,9817
00639,富邦深100,28,0,28,元大-東泰,2023-10-20,9817
3032,偉訓,30,2,28,元大-東泰,2023-10-20,9817
2883,凱基金,68,41,27,元大-東泰,2023-10-20,9817
00720B,元大投資級公司債,39,12,27,元大-東泰,2023-10-20,9817
6530,創威,27,2,25,元大-東泰,2023-10-20,9817
00632R,元大台灣50反1,57,33,24,元大-東泰,2023-10-20,9817
2421,建準,33,9,24,元大-東泰,2023-10-20,9817
2885,元大金,25,2,23,元大-東泰,2023-10-20,9817
9105,泰金寶-DR,23,0,23,元大-東泰,2023-10-20,9817
2382,廣達,58,36,22,元大-東泰,2023-10-20,9817
00929,復華台灣科技優息,58,36,22,元大-東泰,2023-10-20,9817
00717,富邦美國特別股,20,0,20,元大-東泰,2023-10-20,9817
2867,三商壽,20,0,20,元大-東泰,2023-10-20,9817
00893,國泰智能電動車,35,15,20,元大-東泰,2023-10-20,9817
2906,高林,20,1,19,元大-東泰,2023-10-20,9817
2303,聯電,108,90,18,元大-東泰,2023-10-20,9817
1101,台泥,17,1,16,元大-東泰,2023-10-20,9817
1609,大亞,21,5,16,元大-東泰,2023-10-20,9817
6243,迅杰,17,1,16,元大-東泰,2023-10-20,9817
00899,FT潔淨能源,15,0,15,元大-東泰,2023-10-20,9817
2615,萬海,14,0,14,元大-東泰,2023-10-20,9817
2743,山富,14,0,14,元大-東泰,2023-10-20,9817
2887,台新金,14,0,14,元大-東泰,2023-10-20,9817
5425,台半,15,2,13,元大-東泰,2023-10-20,9817
00907,永豐優息存股,13,0,13,元大-東泰,2023-10-20,9817
2495,普安,13,0,13,元大-東泰,2023-10-20,9817
5351,鈺創,16,3,13,元大-東泰,2023-10-20,9817
1301,台塑,15,3,12,元大-東泰,2023-10-20,9817
2344,華邦電,50,38,12,元大-東泰,2023-10-20,9817
9945,潤泰新,12,0,12,元大-東泰,2023-10-20,9817
00922,國泰台灣領袖50,11,0,11,元大-東泰,2023-10-20,9817
2884,玉山金,11,0,11,元大-東泰,2023-10-20,9817
2449,京元電子,58,47,11,元大-東泰,2023-10-20,9817
2881,富邦金,16,5,11,元大-東泰,2023-10-20,9817
00712,復華富時不動產,215,0,215,元大-東泰,2023-10-23,9817
00632R,元大台灣50反1,220,8,212,元大-東泰,2023-10-23,9817
00680L,元大美債20正2,204,10,194,元大-東泰,2023-10-23,9817
00929,復華台灣科技優息,114,3,111,元大-東泰,2023-10-23,9817
0056,元大高股息,116,33,83,元大-東泰,2023-10-23,9817
00919,群益台灣精選高息,74,3,71,元大-東泰,2023-10-23,9817
3702,大聯大,50,2,48,元大-東泰,2023-10-23,9817
00893,國泰智能電動車,49,1,48,元大-東泰,2023-10-23,9817
3704,合勤控,57,12,45,元大-東泰,2023-10-23,9817
1616,億泰,45,0,45,元大-東泰,2023-10-23,9817
2344,華邦電,59,19,40,元大-東泰,2023-10-23,9817
00899,FT潔淨能源,40,0,40,元大-東泰,2023-10-23,9817
2317,鴻海,64,24,40,元大-東泰,2023-10-23,9817
00922,國泰台灣領袖50,39,0,39,元大-東泰,2023-10-23,9817
00714,群益道瓊美國地產,35,0,35,元大-東泰,2023-10-23,9817
00847B,中信美國市政債,30,0,30,元大-東泰,2023-10-23,9817
3051,力特,67,41,26,元大-東泰,2023-10-23,9817
2002,中鋼,26,0,26,元大-東泰,2023-10-23,9817
00878,國泰永續高股息,42,16,26,元大-東泰,2023-10-23,9817
00830,國泰費城半導體,23,0,23,元大-東泰,2023-10-23,9817
2867,三商壽,23,0,23,元大-東泰,2023-10-23,9817
00639,富邦深100,22,0,22,元大-東泰,2023-10-23,9817
00933B,國泰10Y+金融債,20,0,20,元大-東泰,2023-10-23,9817
2913,農林,20,0,20,元大-東泰,2023-10-23,9817
00897,富邦基因免疫生技,20,0,20,元大-東泰,2023-10-23,9817
00652,富邦印度,18,0,18,元大-東泰,2023-10-23,9817
6116,彩晶,18,0,18,元大-東泰,2023-10-23,9817
1609,大亞,22,5,17,元大-東泰,2023-10-23,9817
2402,毅嘉,27,10,17,元大-東泰,2023-10-23,9817
8936,國統,16,0,16,元大-東泰,2023-10-23,9817
00720B,元大投資級公司債,15,0,15,元大-東泰,2023-10-23,9817
1101,台泥,13,0,13,元大-東泰,2023-10-23,9817
2885,元大金,13,0,13,元大-東泰,2023-10-23,9817
00722B,群益投資級電信債,13,0,13,元大-東泰,2023-10-23,9817
3025,星通,18,5,13,元大-東泰,2023-10-23,9817
3481,群創,16,4,12,元大-東泰,2023-10-23,9817
00635U,期元大S＆P黃金,12,0,12,元大-東泰,2023-10-23,9817
2891,中信金,12,0,12,元大-東泰,2023-10-23,9817
1718,中纖,12,0,12,元大-東泰,2023-10-23,9817
2356,英業達,20,8,12,元大-東泰,2023-10-23,9817
6770,力積電,11,0,11,元大-東泰,2023-10-23,9817
1815,富喬,11,0,11,元大-東泰,2023-10-23,9817
00903,富邦元宇宙,10,0,10,元大-東泰,2023-10-23,9817
2881,富邦金,10,0,10,元大-東泰,2023-10-23,9817
1710,東聯,10,0,10,元大-東泰,2023-10-23,9817
4944,兆遠,10,0,10,元大-東泰,2023-10-23,9817
2845,遠東銀,10,0,10,元大-東泰,2023-10-23,9817
2358,廷鑫,10,0,10,元大-東泰,2023-10-23,9817
1721,三晃,10,0,10,元大-東泰,2023-10-23,9817
3325,旭品,11,1,10,元大-東泰,2023-10-23,9817
00671R,富邦NASDAQ反1,380,0,380,元大-東泰,2023-10-24,9817
2317,鴻海,294,23,271,元大-東泰,2023-10-24,9817
00712,復華富時不動產,156,0,156,元大-東泰,2023-10-24,9817
3481,群創,136,24,112,元大-東泰,2023-10-24,9817
6284,佳邦,60,0,60,元大-東泰,2023-10-24,9817
2883,凱基金,60,4,56,元大-東泰,2023-10-24,9817
6204,艾華,51,0,51,元大-東泰,2023-10-24,9817
00687B,國泰20年美債,49,10,39,元大-東泰,2023-10-24,9817
2369,菱生,87,48,39,元大-東泰,2023-10-24,9817
1304,台聚,38,0,38,元大-東泰,2023-10-24,9817
2002,中鋼,34,1,33,元大-東泰,2023-10-24,9817
00715L,期街口布蘭特正2,26,0,26,元大-東泰,2023-10-24,9817
00714,群益道瓊美國地產,25,0,25,元大-東泰,2023-10-24,9817
00929,復華台灣科技優息,51,26,25,元大-東泰,2023-10-24,9817
00878,國泰永續高股息,27,6,21,元大-東泰,2023-10-24,9817
1616,億泰,21,0,21,元大-東泰,2023-10-24,9817
5347,世界,21,0,21,元大-東泰,2023-10-24,9817
4933,友輝,21,0,21,元大-東泰,2023-10-24,9817
00899,FT潔淨能源,20,0,20,元大-東泰,2023-10-24,9817
00639,富邦深100,20,0,20,元大-東泰,2023-10-24,9817
2323,中環,20,0,20,元大-東泰,2023-10-24,9817
4162,智擎,20,3,17,元大-東泰,2023-10-24,9817
2408,南亞科,18,1,17,元大-東泰,2023-10-24,9817
8183,精星,20,3,17,元大-東泰,2023-10-24,9817
3260,威剛,40,23,17,元大-東泰,2023-10-24,9817
2885,元大金,15,0,15,元大-東泰,2023-10-24,9817
00888,永豐台灣ESG,15,0,15,元大-東泰,2023-10-24,9817
00637L,元大滬深300正2,15,0,15,元大-東泰,2023-10-24,9817
0056,元大高股息,20,5,15,元大-東泰,2023-10-24,9817
2618,長榮航,34,20,14,元大-東泰,2023-10-24,9817
2834,臺企銀,13,0,13,元大-東泰,2023-10-24,9817
2337,旺宏,12,0,12,元大-東泰,2023-10-24,9817
8105,凌巨,12,0,12,元大-東泰,2023-10-24,9817
2880,華南金,11,0,11,元大-東泰,2023-10-24,9817
2630,亞航,11,0,11,元大-東泰,2023-10-24,9817
00719B,元大美債1-3,11,0,11,元大-東泰,2023-10-24,9817
1339,昭輝,12,1,11,元大-東泰,2023-10-24,9817
2206,三陽工業,37,26,11,元大-東泰,2023-10-24,9817
1301,台塑,13,3,10,元大-東泰,2023-10-24,9817
6168,宏齊,59,49,10,元大-東泰,2023-10-24,9817
4304,勝昱,10,0,10,元大-東泰,2023-10-24,9817
2820,華票,10,0,10,元大-東泰,2023-10-24,9817
3188,鑫龍騰,10,0,10,元大-東泰,2023-10-24,9817
00772B,中信高評級公司債,11,1,10,元大-東泰,2023-10-24,9817
00652,富邦印度,10,0,10,元大-東泰,2023-10-24,9817
6274,台燿,20,10,10,元大-東泰,2023-10-24,9817
8996,高力,13,3,10,元大-東泰,2023-10-24,9817
2449,京元電子,39,29,10,元大-東泰,2023-10-24,9817
2743,山富,11,2,9,元大-東泰,2023-10-24,9817
5272,笙科,10,1,9,元大-東泰,2023-10-24,9817
00637L,元大滬深300正2,309,11,298,元大-東泰,2023-10-25,9817
4906,正文,218,0,218,元大-東泰,2023-10-25,9817
00712,復華富時不動產,132,0,132,元大-東泰,2023-10-25,9817
2344,華邦電,63,1,62,元大-東泰,2023-10-25,9817
2436,偉詮電,48,4,44,元大-東泰,2023-10-25,9817
3706,神達,51,8,43,元大-東泰,2023-10-25,9817
2329,華泰,35,2,33,元大-東泰,2023-10-25,9817
2399,映泰,35,3,32,元大-東泰,2023-10-25,9817
2867,三商壽,30,0,30,元大-東泰,2023-10-25,9817
00679B,元大美債20年,51,22,29,元大-東泰,2023-10-25,9817
2834,臺企銀,25,0,25,元大-東泰,2023-10-25,9817
1524,耿鼎,356,332,24,元大-東泰,2023-10-25,9817
00878,國泰永續高股息,28,4,24,元大-東泰,2023-10-25,9817
2317,鴻海,31,12,19,元大-東泰,2023-10-25,9817
1101,台泥,20,1,19,元大-東泰,2023-10-25,9817
00719B,元大美債1-3,19,0,19,元大-東泰,2023-10-25,9817
3051,力特,22,3,19,元大-東泰,2023-10-25,9817
2461,光群雷,20,1,19,元大-東泰,2023-10-25,9817
1314,中石化,21,3,18,元大-東泰,2023-10-25,9817
3231,緯創,63,46,17,元大-東泰,2023-10-25,9817
00933B,國泰10Y+金融債,17,0,17,元大-東泰,2023-10-25,9817
0056,元大高股息,19,2,17,元大-東泰,2023-10-25,9817
8088,品安,16,0,16,元大-東泰,2023-10-25,9817
00751B,元大AAA至A公司債,16,0,16,元大-東泰,2023-10-25,9817
4960,誠美材,16,1,15,元大-東泰,2023-10-25,9817
2743,山富,21,7,14,元大-東泰,2023-10-25,9817
00929,復華台灣科技優息,36,22,14,元大-東泰,2023-10-25,9817
6695,芯鼎,59,46,13,元大-東泰,2023-10-25,9817
6442,光聖,14,1,13,元大-東泰,2023-10-25,9817
2356,英業達,18,5,13,元大-東泰,2023-10-25,9817
3042,晶技,13,0,13,元大-東泰,2023-10-25,9817
00919,群益台灣精選高息,12,1,11,元大-東泰,2023-10-25,9817
3711,日月光投控,11,0,11,元大-東泰,2023-10-25,9817
2892,第一金,11,0,11,元大-東泰,2023-10-25,9817
8176,智捷,16,5,11,元大-東泰,2023-10-25,9817
2465,麗臺,15,5,10,元大-東泰,2023-10-25,9817
2405,輔信,10,0,10,元大-東泰,2023-10-25,9817
3013,晟銘電,26,16,10,元大-東泰,2023-10-25,9817
00905,FT臺灣Smart,10,0,10,元大-東泰,2023-10-25,9817
2427,三商電,36,26,10,元大-東泰,2023-10-25,9817
2820,華票,10,0,10,元大-東泰,2023-10-25,9817
2801,彰銀,10,0,10,元大-東泰,2023-10-25,9817
2610,華航,20,10,10,元大-東泰,2023-10-25,9817
3035,智原,24,14,10,元大-東泰,2023-10-25,9817
2409,友達,14,5,9,元大-東泰,2023-10-25,9817
1582,信錦,10,1,9,元大-東泰,2023-10-25,9817
2883,凱基金,8,0,8,元大-東泰,2023-10-25,9817
2301,光寶科,14,6,8,元大-東泰,2023-10-25,9817
00915,凱基優選高股息30,10,2,8,元大-東泰,2023-10-25,9817
3264,欣銓,10,2,8,元大-東泰,2023-10-25,9817
00632R,元大台灣50反1,354,27,327,元大-東泰,2023-10-26,9817
00712,復華富時不動產,305,0,305,元大-東泰,2023-10-26,9817
00929,復華台灣科技優息,193,1,192,元大-東泰,2023-10-26,9817
2344,華邦電,147,3,144,元大-東泰,2023-10-26,9817
00878,國泰永續高股息,149,13,136,元大-東泰,2023-10-26,9817
2303,聯電,186,58,128,元大-東泰,2023-10-26,9817
0056,元大高股息,79,4,75,元大-東泰,2023-10-26,9817
00919,群益台灣精選高息,89,22,67,元大-東泰,2023-10-26,9817
00893,國泰智能電動車,68,1,67,元大-東泰,2023-10-26,9817
00885,富邦越南,40,0,40,元大-東泰,2023-10-26,9817
2610,華航,37,1,36,元大-東泰,2023-10-26,9817
2883,凱基金,35,0,35,元大-東泰,2023-10-26,9817
3311,閎暉,25,0,25,元大-東泰,2023-10-26,9817
2402,毅嘉,24,0,24,元大-東泰,2023-10-26,9817
6177,達麗,23,0,23,元大-東泰,2023-10-26,9817
00897,富邦基因免疫生技,22,0,22,元大-東泰,2023-10-26,9817
3346,麗清,21,0,21,元大-東泰,2023-10-26,9817
3715,定穎投控,87,66,21,元大-東泰,2023-10-26,9817
00687B,國泰20年美債,21,0,21,元大-東泰,2023-10-26,9817
1101,台泥,20,0,20,元大-東泰,2023-10-26,9817
2506,太設,20,0,20,元大-東泰,2023-10-26,9817
8092,建暐,20,0,20,元大-東泰,2023-10-26,9817
00714,群益道瓊美國地產,20,0,20,元大-東泰,2023-10-26,9817
00830,國泰費城半導體,19,0,19,元大-東泰,2023-10-26,9817
00652,富邦印度,18,0,18,元大-東泰,2023-10-26,9817
6122,擎邦,20,2,18,元大-東泰,2023-10-26,9817
1605,華新,18,0,18,元大-東泰,2023-10-26,9817
2330,台積電,24,6,18,元大-東泰,2023-10-26,9817
2317,鴻海,38,20,18,元大-東泰,2023-10-26,9817
2743,山富,20,3,17,元大-東泰,2023-10-26,9817
0050,元大台灣50,16,0,16,元大-東泰,2023-10-26,9817
8358,金居,16,0,16,元大-東泰,2023-10-26,9817
1524,耿鼎,176,160,16,元大-東泰,2023-10-26,9817
2880,華南金,25,10,15,元大-東泰,2023-10-26,9817
00899,FT潔淨能源,15,0,15,元大-東泰,2023-10-26,9817
2305,全友,15,0,15,元大-東泰,2023-10-26,9817
2618,長榮航,21,6,15,元大-東泰,2023-10-26,9817
3481,群創,24,10,14,元大-東泰,2023-10-26,9817
2363,矽統,20,7,13,元大-東泰,2023-10-26,9817
2206,三陽工業,36,23,13,元大-東泰,2023-10-26,9817
2401,凌陽,16,3,13,元大-東泰,2023-10-26,9817
00753L,中信中國50正2,18,5,13,元大-東泰,2023-10-26,9817
2368,金像電,18,5,13,元大-東泰,2023-10-26,9817
5203,訊連,12,0,12,元大-東泰,2023-10-26,9817
6443,元晶,12,0,12,元大-東泰,2023-10-26,9817
6117,迎廣,43,31,12,元大-東泰,2023-10-26,9817
4906,正文,13,1,12,元大-東泰,2023-10-26,9817
4304,勝昱,12,0,12,元大-東泰,2023-10-26,9817
4960,誠美材,32,20,12,元大-東泰,2023-10-26,9817
6271,同欣電,11,0,11,元大-東泰,2023-10-26,9817
00929,復華台灣科技優息,91,3,88,元大-東泰,2023-10-27,9817
6770,力積電,72,8,64,元大-東泰,2023-10-27,9817
2887,台新金,59,0,59,元大-東泰,2023-10-27,9817
00885,富邦越南,60,1,59,元大-東泰,2023-10-27,9817
00637L,元大滬深300正2,60,3,57,元大-東泰,2023-10-27,9817
2329,華泰,77,26,51,元大-東泰,2023-10-27,9817
2461,光群雷,39,0,39,元大-東泰,2023-10-27,9817
2323,中環,37,0,37,元大-東泰,2023-10-27,9817
2409,友達,35,0,35,元大-東泰,2023-10-27,9817
2002,中鋼,34,0,34,元大-東泰,2023-10-27,9817
1524,耿鼎,126,96,30,元大-東泰,2023-10-27,9817
2344,華邦電,31,4,27,元大-東泰,2023-10-27,9817
2408,南亞科,28,5,23,元大-東泰,2023-10-27,9817
00712,復華富時不動產,24,3,21,元大-東泰,2023-10-27,9817
2495,普安,20,0,20,元大-東泰,2023-10-27,9817
2317,鴻海,29,11,18,元大-東泰,2023-10-27,9817
1721,三晃,20,2,18,元大-東泰,2023-10-27,9817
00919,群益台灣精選高息,20,2,18,元大-東泰,2023-10-27,9817
2412,中華電,17,0,17,元大-東泰,2023-10-27,9817
2303,聯電,28,12,16,元大-東泰,2023-10-27,9817
2206,三陽工業,17,1,16,元大-東泰,2023-10-27,9817
3169,亞信,15,0,15,元大-東泰,2023-10-27,9817
6271,同欣電,14,0,14,元大-東泰,2023-10-27,9817
5225,東科-KY,16,2,14,元大-東泰,2023-10-27,9817
00679B,元大美債20年,17,3,14,元大-東泰,2023-10-27,9817
2454,聯發科,15,1,14,元大-東泰,2023-10-27,9817
2337,旺宏,16,3,13,元大-東泰,2023-10-27,9817
6168,宏齊,14,1,13,元大-東泰,2023-10-27,9817
1618,合機,16,3,13,元大-東泰,2023-10-27,9817
2883,凱基金,16,4,12,元大-東泰,2023-10-27,9817
2201,裕隆,22,10,12,元大-東泰,2023-10-27,9817
2405,輔信,14,2,12,元大-東泰,2023-10-27,9817
2022,聚亨,11,0,11,元大-東泰,2023-10-27,9817
3483,力致,11,0,11,元大-東泰,2023-10-27,9817
2427,三商電,11,0,11,元大-東泰,2023-10-27,9817
5009,榮剛,13,2,11,元大-東泰,2023-10-27,9817
2356,英業達,19,8,11,元大-東泰,2023-10-27,9817
3306,鼎天,10,0,10,元大-東泰,2023-10-27,9817
2630,亞航,11,1,10,元大-東泰,2023-10-27,9817
3450,聯鈞,13,3,10,元大-東泰,2023-10-27,9817
1604,聲寶,10,0,10,元大-東泰,2023-10-27,9817
1815,富喬,16,6,10,元大-東泰,2023-10-27,9817
8358,金居,21,11,10,元大-東泰,2023-10-27,9817
2363,矽統,26,16,10,元大-東泰,2023-10-27,9817
3260,威剛,15,6,9,元大-東泰,2023-10-27,9817
00878,國泰永續高股息,35,25,10,元大-東泰,2023-10-27,9817
3042,晶技,10,1,9,元大-東泰,2023-10-27,9817
3045,台灣大,10,1,9,元大-東泰,2023-10-27,9817
6442,光聖,69,60,9,元大-東泰,2023-10-27,9817
6492,生華科,10,1,9,元大-東泰,2023-10-27,9817
00712,復華富時不動產,308,92,216,元大-東泰,2023-10-30,9817
1524,耿鼎,193,29,164,元大-東泰,2023-10-30,9817
2885,元大金,104,7,97,元大-東泰,2023-10-30,9817
00680L,元大美債20正2,70,0,70,元大-東泰,2023-10-30,9817
2317,鴻海,129,67,62,元大-東泰,2023-10-30,9817
3702,大聯大,52,1,51,元大-東泰,2023-10-30,9817
2618,長榮航,40,0,40,元大-東泰,2023-10-30,9817
2485,兆赫,60,29,31,元大-東泰,2023-10-30,9817
00715L,期街口布蘭特正2,30,2,28,元大-東泰,2023-10-30,9817
00878,國泰永續高股息,30,3,27,元大-東泰,2023-10-30,9817
2390,云辰,62,41,21,元大-東泰,2023-10-30,9817
2883,凱基金,21,0,21,元大-東泰,2023-10-30,9817
2852,第一保,20,0,20,元大-東泰,2023-10-30,9817
2887,台新金,36,17,19,元大-東泰,2023-10-30,9817
6216,居易,19,0,19,元大-東泰,2023-10-30,9817
4960,誠美材,19,1,18,元大-東泰,2023-10-30,9817
5521,工信,18,0,18,元大-東泰,2023-10-30,9817
2886,兆豐金,17,0,17,元大-東泰,2023-10-30,9817
3576,聯合再生,37,22,15,元大-東泰,2023-10-30,9817
00717,富邦美國特別股,15,0,15,元大-東泰,2023-10-30,9817
4164,承業醫,15,0,15,元大-東泰,2023-10-30,9817
00899,FT潔淨能源,15,0,15,元大-東泰,2023-10-30,9817
8110,華東,16,1,15,元大-東泰,2023-10-30,9817
2882,國泰金,12,0,12,元大-東泰,2023-10-30,9817
1101,台泥,11,0,11,元大-東泰,2023-10-30,9817
00933B,國泰10Y+金融債,12,1,11,元大-東泰,2023-10-30,9817
2376,技嘉,15,5,10,元大-東泰,2023-10-30,9817
1907,永豐餘,10,0,10,元大-東泰,2023-10-30,9817
2537,聯上發,10,0,10,元大-東泰,2023-10-30,9817
3176,基亞,12,2,10,元大-東泰,2023-10-30,9817
2506,太設,10,0,10,元大-東泰,2023-10-30,9817
6462,神盾,10,0,10,元大-東泰,2023-10-30,9817
3037,欣興,14,4,10,元大-東泰,2023-10-30,9817
1303,南亞,12,3,9,元大-東泰,2023-10-30,9817
8040,九暘,20,11,9,元大-東泰,2023-10-30,9817
6190,萬泰科,9,0,9,元大-東泰,2023-10-30,9817
1324,地球,10,2,8,元大-東泰,2023-10-30,9817
8240,華宏,9,1,8,元大-東泰,2023-10-30,9817
6425,易發,8,0,8,元大-東泰,2023-10-30,9817
1781,合世,8,0,8,元大-東泰,2023-10-30,9817
2880,華南金,7,0,7,元大-東泰,2023-10-30,9817
2888,新光金,32,25,7,元大-東泰,2023-10-30,9817
2462,良得電,14,7,7,元大-東泰,2023-10-30,9817
8038,長園科,7,0,7,元大-東泰,2023-10-30,9817
6237,驊訊,10,3,7,元大-東泰,2023-10-30,9817
00891,中信關鍵半導體,10,3,7,元大-東泰,2023-10-30,9817
0056,元大高股息,7,0,7,元大-東泰,2023-10-30,9817
006208,富邦台50,7,1,6,元大-東泰,2023-10-30,9817
2330,台積電,7,1,6,元大-東泰,2023-10-30,9817
3231,緯創,40,34,6,元大-東泰,2023-10-30,9817
5521,工信,452,0,452,元大-東泰,2023-10-31,9817
2344,華邦電,190,31,159,元大-東泰,2023-10-31,9817
00893,國泰智能電動車,128,0,128,元大-東泰,2023-10-31,9817
2461,光群雷,125,0,125,元大-東泰,2023-10-31,9817
2506,太設,115,0,115,元大-東泰,2023-10-31,9817
3311,閎暉,108,0,108,元大-東泰,2023-10-31,9817
00671R,富邦NASDAQ反1,100,0,100,元大-東泰,2023-10-31,9817
00878,國泰永續高股息,95,14,81,元大-東泰,2023-10-31,9817
00680L,元大美債20正2,100,30,70,元大-東泰,2023-10-31,9817
00830,國泰費城半導體,60,0,60,元大-東泰,2023-10-31,9817
00899,FT潔淨能源,55,0,55,元大-東泰,2023-10-31,9817
2303,聯電,56,5,51,元大-東泰,2023-10-31,9817
00751B,元大AAA至A公司債,50,0,50,元大-東泰,2023-10-31,9817
6120,達運,50,0,50,元大-東泰,2023-10-31,9817
0056,元大高股息,50,3,47,元大-東泰,2023-10-31,9817
3094,聯傑,62,20,42,元大-東泰,2023-10-31,9817
6443,元晶,48,6,42,元大-東泰,2023-10-31,9817
4906,正文,38,0,38,元大-東泰,2023-10-31,9817
6177,達麗,36,0,36,元大-東泰,2023-10-31,9817
00885,富邦越南,42,10,32,元大-東泰,2023-10-31,9817
2406,國碩,48,16,32,元大-東泰,2023-10-31,9817
6282,康舒,32,1,31,元大-東泰,2023-10-31,9817
3450,聯鈞,43,13,30,元大-東泰,2023-10-31,9817
2401,凌陽,41,14,27,元大-東泰,2023-10-31,9817
1605,華新,32,6,26,元大-東泰,2023-10-31,9817
3231,緯創,62,37,25,元大-東泰,2023-10-31,9817
2329,華泰,42,17,25,元大-東泰,2023-10-31,9817
5351,鈺創,27,2,25,元大-東泰,2023-10-31,9817
6285,啟��,27,2,25,元大-東泰,2023-10-31,9817
8110,華東,24,2,22,元大-東泰,2023-10-31,9817
2498,宏達電,22,0,22,元大-東泰,2023-10-31,9817
2312,金寶,21,0,21,元大-東泰,2023-10-31,9817
00900,富邦特選高股息30,21,0,21,元大-東泰,2023-10-31,9817
2449,京元電子,24,4,20,元大-東泰,2023-10-31,9817
3481,群創,45,25,20,元大-東泰,2023-10-31,9817
00852L,國泰美國道瓊正2,20,0,20,元大-東泰,2023-10-31,9817
00919,群益台灣精選高息,21,1,20,元大-東泰,2023-10-31,9817
6117,迎廣,25,6,19,元大-東泰,2023-10-31,9817
3576,聯合再生,36,18,18,元大-東泰,2023-10-31,9817
2382,廣達,35,18,17,元大-東泰,2023-10-31,9817
2363,矽統,34,17,17,元大-東泰,2023-10-31,9817
00637L,元大滬深300正2,18,1,17,元大-東泰,2023-10-31,9817
1528,恩德,18,1,17,元大-東泰,2023-10-31,9817
2301,光寶科,28,12,16,元大-東泰,2023-10-31,9817
2515,中工,16,0,16,元大-東泰,2023-10-31,9817
5475,德宏,15,0,15,元大-東泰,2023-10-31,9817
2409,友達,38,23,15,元大-東泰,2023-10-31,9817
3035,智原,21,7,14,元大-東泰,2023-10-31,9817
3078,僑威,20,6,14,元大-東泰,2023-10-31,9817
6792,詠業,14,0,14,元大-東泰,2023-10-31,9817
5521,工信,250,0,250,元大-東泰,2023-11-01,9817
00929,復華台灣科技優息,174,3,171,元大-東泰,2023-11-01,9817
00885,富邦越南,150,10,140,元大-東泰,2023-11-01,9817
00934,中信成長高股息,70,1,69,元大-東泰,2023-11-01,9817
00878,國泰永續高股息,60,3,57,元大-東泰,2023-11-01,9817
2409,友達,52,5,47,元大-東泰,2023-11-01,9817
6189,豐藝,47,14,33,元大-東泰,2023-11-01,9817
4167,松瑞藥,34,1,33,元大-東泰,2023-11-01,9817
00679B,元大美債20年,32,0,32,元大-東泰,2023-11-01,9817
1605,華新,33,2,31,元大-東泰,2023-11-01,9817
2855,統一證,30,0,30,元大-東泰,2023-11-01,9817
3481,群創,31,3,28,元大-東泰,2023-11-01,9817
1616,億泰,27,0,27,元大-東泰,2023-11-01,9817
2344,華邦電,95,70,25,元大-東泰,2023-11-01,9817
5301,寶得利,25,0,25,元大-東泰,2023-11-01,9817
3311,閎暉,24,0,24,元大-東泰,2023-11-01,9817
3483,力致,23,0,23,元大-東泰,2023-11-01,9817
6191,精成科,26,4,22,元大-東泰,2023-11-01,9817
1524,耿鼎,110,89,21,元大-東泰,2023-11-01,9817
2506,太設,20,0,20,元大-東泰,2023-11-01,9817
2369,菱生,22,2,20,元大-東泰,2023-11-01,9817
00671R,富邦NASDAQ反1,20,0,20,元大-東泰,2023-11-01,9817
6492,生華科,21,2,19,元大-東泰,2023-11-01,9817
00935,野村臺灣新科技50,19,0,19,元大-東泰,2023-11-01,9817
2743,山富,19,0,19,元大-東泰,2023-11-01,9817
8110,華東,48,31,17,元大-東泰,2023-11-01,9817
3715,定穎投控,103,86,17,元大-東泰,2023-11-01,9817
1324,地球,18,2,16,元大-東泰,2023-11-01,9817
2401,凌陽,22,6,16,元大-東泰,2023-11-01,9817
2883,凱基金,19,4,15,元大-東泰,2023-11-01,9817
2852,第一保,15,0,15,元大-東泰,2023-11-01,9817
6177,達麗,14,0,14,元大-東泰,2023-11-01,9817
2363,矽統,27,13,14,元大-東泰,2023-11-01,9817
2461,光群雷,13,0,13,元大-東泰,2023-11-01,9817
6274,台燿,14,1,13,元大-東泰,2023-11-01,9817
1301,台塑,16,4,12,元大-東泰,2023-11-01,9817
1752,南光,12,0,12,元大-東泰,2023-11-01,9817
1314,中石化,22,11,11,元大-東泰,2023-11-01,9817
1708,東鹼,11,0,11,元大-東泰,2023-11-01,9817
8033,雷虎,11,0,11,元大-東泰,2023-11-01,9817
00932,兆豐永續高息等權,11,0,11,元大-東泰,2023-11-01,9817
3163,波若威,12,2,10,元大-東泰,2023-11-01,9817
5469,瀚宇博,12,2,10,元大-東泰,2023-11-01,9817
2489,瑞軒,10,0,10,元大-東泰,2023-11-01,9817
2317,鴻海,19,9,10,元大-東泰,2023-11-01,9817
5225,東科-KY,21,11,10,元大-東泰,2023-11-01,9817
4188,安克,9,0,9,元大-東泰,2023-11-01,9817
2353,宏��,13,4,9,元大-東泰,2023-11-01,9817
4108,懷特,11,2,9,元大-東泰,2023-11-01,9817
6173,信昌電,11,2,9,元大-東泰,2023-11-01,9817
00680L,元大美債20正2,105,5,100,元大-東泰,2023-11-02,9817
5521,工信,100,7,93,元大-東泰,2023-11-02,9817
2461,光群雷,49,0,49,元大-東泰,2023-11-02,9817
00934,中信成長高股息,41,1,40,元大-東泰,2023-11-02,9817
00712,復華富時不動產,113,80,33,元大-東泰,2023-11-02,9817
2883,凱基金,31,1,30,元大-東泰,2023-11-02,9817
2485,兆赫,52,24,28,元大-東泰,2023-11-02,9817
5203,訊連,18,0,18,元大-東泰,2023-11-02,9817
8110,華東,20,4,16,元大-東泰,2023-11-02,9817
8085,福華,15,0,15,元大-東泰,2023-11-02,9817
8432,東生華,15,0,15,元大-東泰,2023-11-02,9817
4304,勝昱,14,0,14,元大-東泰,2023-11-02,9817
00878,國泰永續高股息,36,22,14,元大-東泰,2023-11-02,9817
00892,富邦台灣半導體,12,0,12,元大-東泰,2023-11-02,9817
2888,新光金,16,5,11,元大-東泰,2023-11-02,9817
2406,國碩,11,0,11,元大-東泰,2023-11-02,9817
6526,達發,11,0,11,元大-東泰,2023-11-02,9817
4919,新唐,13,3,10,元大-東泰,2023-11-02,9817
00899,FT潔淨能源,10,0,10,元大-東泰,2023-11-02,9817
2816,旺旺保,11,1,10,元大-東泰,2023-11-02,9817
2736,富野,11,1,10,元大-東泰,2023-11-02,9817
3682,亞太電,10,0,10,元大-東泰,2023-11-02,9817
6668,中揚光,11,1,10,元大-東泰,2023-11-02,9817
3587,閎康,11,1,10,元大-東泰,2023-11-02,9817
6116,彩晶,10,0,10,元大-東泰,2023-11-02,9817
1785,光洋科,10,0,10,元大-東泰,2023-11-02,9817
3094,聯傑,45,36,9,元大-東泰,2023-11-02,9817
4157,太景*-KY,9,0,9,元大-東泰,2023-11-02,9817
3483,力致,10,1,9,元大-東泰,2023-11-02,9817
00932,兆豐永續高息等權,8,0,8,元大-東泰,2023-11-02,9817
8112,至上,7,0,7,元大-東泰,2023-11-02,9817
2337,旺宏,11,4,7,元大-東泰,2023-11-02,9817
3450,聯鈞,21,14,7,元大-東泰,2023-11-02,9817
1101,台泥,10,4,6,元大-東泰,2023-11-02,9817
3576,聯合再生,9,3,6,元大-東泰,2023-11-02,9817
6173,信昌電,7,1,6,元大-東泰,2023-11-02,9817
6284,佳邦,27,21,6,元大-東泰,2023-11-02,9817
2543,皇昌,9,3,6,元大-東泰,2023-11-02,9817
3217,優群,6,0,6,元大-東泰,2023-11-02,9817
6235,華孚,9,3,6,元大-東泰,2023-11-02,9817
6177,達麗,6,0,6,元大-東泰,2023-11-02,9817
00679B,元大美債20年,9,4,5,元大-東泰,2023-11-02,9817
6279,胡連,5,0,5,元大-東泰,2023-11-02,9817
2332,友訊,5,0,5,元大-東泰,2023-11-02,9817
5301,寶得利,5,0,5,元大-東泰,2023-11-02,9817
2605,新興,6,1,5,元大-東泰,2023-11-02,9817
6292,迅德,6,1,5,元大-東泰,2023-11-02,9817
2305,全友,10,5,5,元大-東泰,2023-11-02,9817
4542,科嶠,5,0,5,元大-東泰,2023-11-02,9817
6443,元晶,7,2,5,元大-東泰,2023-11-02,9817
2867,三商壽,98,6,92,元大-東泰,2023-11-03,9817
00687B,國泰20年美債,89,3,86,元大-東泰,2023-11-03,9817
4967,十銓,100,27,73,元大-東泰,2023-11-03,9817
2363,矽統,283,210,73,元大-東泰,2023-11-03,9817
2344,華邦電,89,21,68,元大-東泰,2023-11-03,9817
00671R,富邦NASDAQ反1,40,0,40,元大-東泰,2023-11-03,9817
00679B,元大美債20年,39,0,39,元大-東泰,2023-11-03,9817
2358,廷鑫,38,0,38,元大-東泰,2023-11-03,9817
2353,宏��,38,13,25,元大-東泰,2023-11-03,9817
8085,福華,20,0,20,元大-東泰,2023-11-03,9817
2369,菱生,17,0,17,元大-東泰,2023-11-03,9817
1524,耿鼎,210,195,15,元大-東泰,2023-11-03,9817
1752,南光,16,1,15,元大-東泰,2023-11-03,9817
2317,鴻海,55,41,14,元大-東泰,2023-11-03,9817
00878,國泰永續高股息,43,29,14,元大-東泰,2023-11-03,9817
00935,野村臺灣新科技50,13,0,13,元大-東泰,2023-11-03,9817
5009,榮剛,13,0,13,元大-東泰,2023-11-03,9817
3231,緯創,50,38,12,元大-東泰,2023-11-03,9817
00713,元大台灣高息低波,12,2,10,元大-東泰,2023-11-03,9817
00715L,期街口布蘭特正2,10,0,10,元大-東泰,2023-11-03,9817
2495,普安,10,0,10,元大-東泰,2023-11-03,9817
5381,合正,11,1,10,元大-東泰,2023-11-03,9817
2801,彰銀,10,0,10,元大-東泰,2023-11-03,9817
4304,勝昱,10,0,10,元大-東泰,2023-11-03,9817
6133,金橋,10,0,10,元大-東泰,2023-11-03,9817
00931B,統一美債20年,10,0,10,元大-東泰,2023-11-03,9817
3311,閎暉,10,0,10,元大-東泰,2023-11-03,9817
2409,友達,21,12,9,元大-東泰,2023-11-03,9817
3715,定穎投控,16,7,9,元大-東泰,2023-11-03,9817
3587,閎康,9,0,9,元大-東泰,2023-11-03,9817
00850,元大臺灣ESG永續,9,0,9,元大-東泰,2023-11-03,9817
3189,景碩,10,1,9,元大-東泰,2023-11-03,9817
3322,建舜電,25,16,9,元大-東泰,2023-11-03,9817
4953,緯軟,10,1,9,元大-東泰,2023-11-03,9817
2382,廣達,25,16,9,元大-東泰,2023-11-03,9817
00934,中信成長高股息,14,6,8,元大-東泰,2023-11-03,9817
00631L,元大台灣50正2,8,0,8,元大-東泰,2023-11-03,9817
8046,南電,12,4,8,元大-東泰,2023-11-03,9817
8150,南茂,21,13,8,元大-東泰,2023-11-03,9817
6492,生華科,9,1,8,元大-東泰,2023-11-03,9817
4919,新唐,22,14,8,元大-東泰,2023-11-03,9817
1460,宏遠,7,0,7,元大-東泰,2023-11-03,9817
4174,浩鼎,7,0,7,元大-東泰,2023-11-03,9817
4908,前鼎,8,1,7,元大-東泰,2023-11-03,9817
1762,中化生,7,1,6,元大-東泰,2023-11-03,9817
1785,光洋科,6,0,6,元大-東泰,2023-11-03,9817
4162,智擎,6,0,6,元大-東泰,2023-11-03,9817
5328,華容,10,4,6,元大-東泰,2023-11-03,9817
3260,威剛,12,6,6,元大-東泰,2023-11-03,9817
6182,合晶,6,0,6,元大-東泰,2023-11-03,9817
2618,長榮航,258,25,233,元大-東泰,2023-11-06,9817
00671R,富邦NASDAQ反1,107,0,107,元大-東泰,2023-11-06,9817
00650L,復華香港正2,100,0,100,元大-東泰,2023-11-06,9817
00715L,期街口布蘭特正2,91,0,91,元大-東泰,2023-11-06,9817
9950,萬國通,51,1,50,元大-東泰,2023-11-06,9817
00878,國泰永續高股息,70,26,44,元大-東泰,2023-11-06,9817
4304,勝昱,36,0,36,元大-東泰,2023-11-06,9817
2486,一詮,38,2,36,元大-東泰,2023-11-06,9817
2363,矽統,159,124,35,元大-東泰,2023-11-06,9817
2883,凱基金,43,9,34,元大-東泰,2023-11-06,9817
2358,廷鑫,29,0,29,元大-東泰,2023-11-06,9817
00679B,元大美債20年,39,11,28,元大-東泰,2023-11-06,9817
2419,仲琦,25,0,25,元大-東泰,2023-11-06,9817
6770,力積電,51,26,25,元大-東泰,2023-11-06,9817
3231,緯創,44,21,23,元大-東泰,2023-11-06,9817
00929,復華台灣科技優息,62,40,22,元大-東泰,2023-11-06,9817
2388,威盛,67,46,21,元大-東泰,2023-11-06,9817
2609,陽明,22,1,21,元大-東泰,2023-11-06,9817
2402,毅嘉,21,1,20,元大-東泰,2023-11-06,9817
00934,中信成長高股息,53,34,19,元大-東泰,2023-11-06,9817
2313,華通,37,19,18,元大-東泰,2023-11-06,9817
6133,金橋,30,12,18,元大-東泰,2023-11-06,9817
1809,中釉,22,5,17,元大-東泰,2023-11-06,9817
00720B,元大投資級公司債,16,0,16,元大-東泰,2023-11-06,9817
2891,中信金,25,9,16,元大-東泰,2023-11-06,9817
6118,建達,18,3,15,元大-東泰,2023-11-06,9817
8085,福華,31,16,15,元大-東泰,2023-11-06,9817
2409,友達,30,16,14,元大-東泰,2023-11-06,9817
2603,長榮,20,6,14,元大-東泰,2023-11-06,9817
1726,永記,14,0,14,元大-東泰,2023-11-06,9817
2427,三商電,19,5,14,元大-東泰,2023-11-06,9817
2383,台光電,15,2,13,元大-東泰,2023-11-06,9817
2457,飛宏,39,26,13,元大-東泰,2023-11-06,9817
5371,中光電,12,0,12,元大-東泰,2023-11-06,9817
2356,英業達,16,5,11,元大-東泰,2023-11-06,9817
4174,浩鼎,11,0,11,元大-東泰,2023-11-06,9817
6492,生華科,11,0,11,元大-東泰,2023-11-06,9817
00687B,國泰20年美債,14,4,10,元大-東泰,2023-11-06,9817
3703,欣陸,10,0,10,元大-東泰,2023-11-06,9817
00719B,元大美債1-3,10,0,10,元大-東泰,2023-11-06,9817
8163,達方,22,12,10,元大-東泰,2023-11-06,9817
8942,森鉅,10,0,10,元大-東泰,2023-11-06,9817
8064,東捷,10,0,10,元大-東泰,2023-11-06,9817
2317,鴻海,16,6,10,元大-東泰,2023-11-06,9817
6284,佳邦,19,10,9,元大-東泰,2023-11-06,9817
1717,長興,10,1,9,元大-東泰,2023-11-06,9817
3094,聯傑,20,11,9,元大-東泰,2023-11-06,9817
2612,中航,11,2,9,元大-東泰,2023-11-06,9817
1618,合機,11,2,9,元大-東泰,2023-11-06,9817
5009,榮剛,11,2,9,元大-東泰,2023-11-06,9817
00671R,富邦NASDAQ反1,230,0,230,元大-東泰,2023-11-07,9817
2344,華邦電,139,45,94,元大-東泰,2023-11-07,9817
00679B,元大美債20年,75,0,75,元大-東泰,2023-11-07,9817
3481,群創,75,9,66,元大-東泰,2023-11-07,9817
2722,夏都,55,1,54,元大-東泰,2023-11-07,9817
00648R,元大S＆P500反1,44,0,44,元大-東泰,2023-11-07,9817
2634,漢翔,25,0,25,元大-東泰,2023-11-07,9817
2883,凱基金,26,1,25,元大-東泰,2023-11-07,9817
4533,協易機,30,5,25,元大-東泰,2023-11-07,9817
2461,光群雷,24,0,24,元大-東泰,2023-11-07,9817
2618,長榮航,28,5,23,元大-東泰,2023-11-07,9817
2610,華航,26,3,23,元大-東泰,2023-11-07,9817
00878,國泰永續高股息,26,5,21,元大-東泰,2023-11-07,9817
00751B,元大AAA至A公司債,22,1,21,元大-東泰,2023-11-07,9817
2888,新光金,20,1,19,元大-東泰,2023-11-07,9817
2409,友達,24,6,18,元大-東泰,2023-11-07,9817
6133,金橋,17,0,17,元大-東泰,2023-11-07,9817
2002,中鋼,18,1,17,元大-東泰,2023-11-07,9817
1449,佳和,16,0,16,元大-東泰,2023-11-07,9817
2488,漢平,15,0,15,元大-東泰,2023-11-07,9817
00772B,中信高評級公司債,15,0,15,元大-東泰,2023-11-07,9817
2615,萬海,15,0,15,元大-東泰,2023-11-07,9817
4906,正文,14,0,14,元大-東泰,2023-11-07,9817
1101,台泥,13,0,13,元大-東泰,2023-11-07,9817
4174,浩鼎,13,0,13,元大-東泰,2023-11-07,9817
2408,南亞科,18,6,12,元大-東泰,2023-11-07,9817
00753L,中信中國50正2,17,5,12,元大-東泰,2023-11-07,9817
2736,富野,17,5,12,元大-東泰,2023-11-07,9817
00632R,元大台灣50反1,12,0,12,元大-東泰,2023-11-07,9817
8068,全達,11,0,11,元大-東泰,2023-11-07,9817
00680L,元大美債20正2,26,15,11,元大-東泰,2023-11-07,9817
1471,首利,14,3,11,元大-東泰,2023-11-07,9817
2609,陽明,13,2,11,元大-東泰,2023-11-07,9817
00934,中信成長高股息,10,0,10,元大-東泰,2023-11-07,9817
00720B,元大投資級公司債,10,0,10,元大-東泰,2023-11-07,9817
2495,普安,10,0,10,元大-東泰,2023-11-07,9817
00726B,國泰新興投等債,10,0,10,元大-東泰,2023-11-07,9817
2489,瑞軒,10,0,10,元大-東泰,2023-11-07,9817
00795B,中信美國公債20年,10,0,10,元大-東泰,2023-11-07,9817
6190,萬泰科,10,0,10,元大-東泰,2023-11-07,9817
1504,東元,25,16,9,元大-東泰,2023-11-07,9817
3264,欣銓,10,1,9,元大-東泰,2023-11-07,9817
3704,合勤控,10,1,9,元大-東泰,2023-11-07,9817
4953,緯軟,10,1,9,元大-東泰,2023-11-07,9817
2421,建準,24,15,9,元大-東泰,2023-11-07,9817
1609,大亞,10,1,9,元大-東泰,2023-11-07,9817
2516,新建,10,1,9,元大-東泰,2023-11-07,9817
2387,精元,9,0,9,元大-東泰,2023-11-07,9817
1524,耿鼎,12,3,9,元大-東泰,2023-11-07,9817
6284,佳邦,14,5,9,元大-東泰,2023-11-07,9817
3481,群創,114,11,103,元大-東泰,2023-11-08,9817
2461,光群雷,101,0,101,元大-東泰,2023-11-08,9817
00878,國泰永續高股息,130,32,98,元大-東泰,2023-11-08,9817
00936,台新永續高息中小,143,73,70,元大-東泰,2023-11-08,9817
2363,矽統,234,176,58,元大-東泰,2023-11-08,9817
00680L,元大美債20正2,58,0,58,元大-東泰,2023-11-08,9817
2488,漢平,46,2,44,元大-東泰,2023-11-08,9817
00715L,期街口布蘭特正2,42,1,41,元大-東泰,2023-11-08,9817
2344,華邦電,177,136,41,元大-東泰,2023-11-08,9817
1734,杏輝,37,0,37,元大-東泰,2023-11-08,9817
2618,長榮航,46,11,35,元大-東泰,2023-11-08,9817
3231,緯創,176,142,34,元大-東泰,2023-11-08,9817
1301,台塑,37,3,34,元大-東泰,2023-11-08,9817
4953,緯軟,32,2,30,元大-東泰,2023-11-08,9817
2610,華航,49,23,26,元大-東泰,2023-11-08,9817
6168,宏齊,26,0,26,元大-東泰,2023-11-08,9817
2489,瑞軒,23,0,23,元大-東泰,2023-11-08,9817
3006,晶豪科,21,1,20,元大-東泰,2023-11-08,9817
0056,元大高股息,25,6,19,元大-東泰,2023-11-08,9817
4960,誠美材,18,0,18,元大-東泰,2023-11-08,9817
2303,聯電,31,14,17,元大-東泰,2023-11-08,9817
1524,耿鼎,18,1,17,元大-東泰,2023-11-08,9817
00679B,元大美債20年,17,1,16,元大-東泰,2023-11-08,9817
00933B,國泰10Y+金融債,16,1,15,元大-東泰,2023-11-08,9817
2002,中鋼,17,2,15,元大-東泰,2023-11-08,9817
00687B,國泰20年美債,17,2,15,元大-東泰,2023-11-08,9817
00642U,期元大S＆P石油,15,0,15,元大-東泰,2023-11-08,9817
8093,保銳,15,1,14,元大-東泰,2023-11-08,9817
00934,中信成長高股息,14,0,14,元大-東泰,2023-11-08,9817
4174,浩鼎,14,0,14,元大-東泰,2023-11-08,9817
2832,台產,13,0,13,元大-東泰,2023-11-08,9817
4908,前鼎,15,2,13,元大-東泰,2023-11-08,9817
4967,十銓,16,3,13,元大-東泰,2023-11-08,9817
6799,來頡,12,0,12,元大-東泰,2023-11-08,9817
1609,大亞,23,11,12,元大-東泰,2023-11-08,9817
6117,迎廣,54,42,12,元大-東泰,2023-11-08,9817
2867,三商壽,11,0,11,元大-東泰,2023-11-08,9817
1815,富喬,55,44,11,元大-東泰,2023-11-08,9817
8936,國統,11,0,11,元大-東泰,2023-11-08,9817
3701,大眾控,11,0,11,元大-東泰,2023-11-08,9817
2358,廷鑫,11,0,11,元大-東泰,2023-11-08,9817
8085,福華,10,0,10,元大-東泰,2023-11-08,9817
00756B,群益投等新興公債,10,0,10,元大-東泰,2023-11-08,9817
6005,群益證,10,0,10,元大-東泰,2023-11-08,9817
1444,力麗,10,0,10,元大-東泰,2023-11-08,9817
2460,建通,10,0,10,元大-東泰,2023-11-08,9817
3702,大聯大,9,0,9,元大-東泰,2023-11-08,9817
1568,倉佑,22,13,9,元大-東泰,2023-11-08,9817
2515,中工,9,0,9,元大-東泰,2023-11-08,9817
6901,鑽石投資,10,1,9,元大-東泰,2023-11-08,9817
00936,台新永續高息中小,144,11,133,元大-東泰,2023-11-09,9817
2329,華泰,200,89,111,元大-東泰,2023-11-09,9817
2722,夏都,97,0,97,元大-東泰,2023-11-09,9817
1314,中石化,91,0,91,元大-東泰,2023-11-09,9817
00715L,期街口布蘭特正2,67,3,64,元大-東泰,2023-11-09,9817
00651R,復華香港反1,55,0,55,元大-東泰,2023-11-09,9817
2421,建準,57,10,47,元大-東泰,2023-11-09,9817
6177,達麗,51,5,46,元大-東泰,2023-11-09,9817
00687B,國泰20年美債,41,2,39,元大-東泰,2023-11-09,9817
2739,寒舍,35,0,35,元大-東泰,2023-11-09,9817
2461,光群雷,35,0,35,元大-東泰,2023-11-09,9817
2356,英業達,47,15,32,元大-東泰,2023-11-09,9817
3311,閎暉,31,0,31,元大-東泰,2023-11-09,9817
2002,中鋼,39,8,31,元大-東泰,2023-11-09,9817
3122,笙泉,72,45,27,元大-東泰,2023-11-09,9817
00885,富邦越南,105,80,25,元大-東泰,2023-11-09,9817
3622,洋華,25,1,24,元大-東泰,2023-11-09,9817
00878,國泰永續高股息,31,8,23,元大-東泰,2023-11-09,9817
2408,南亞科,26,4,22,元大-東泰,2023-11-09,9817
2506,太設,22,0,22,元大-東泰,2023-11-09,9817
1540,喬福,24,3,21,元大-東泰,2023-11-09,9817
8085,福華,22,2,20,元大-東泰,2023-11-09,9817
2488,漢平,20,1,19,元大-東泰,2023-11-09,9817
2609,陽明,20,2,18,元大-東泰,2023-11-09,9817
6116,彩晶,18,0,18,元大-東泰,2023-11-09,9817
00632R,元大台灣50反1,18,0,18,元大-東泰,2023-11-09,9817
2020,美亞,20,3,17,元大-東泰,2023-11-09,9817
3231,緯創,75,60,15,元大-東泰,2023-11-09,9817
3032,偉訓,21,6,15,元大-東泰,2023-11-09,9817
00681R,元大美債20反1,15,0,15,元大-東泰,2023-11-09,9817
3163,波若威,16,1,15,元大-東泰,2023-11-09,9817
4174,浩鼎,15,0,15,元大-東泰,2023-11-09,9817
6168,宏齊,14,0,14,元大-東泰,2023-11-09,9817
1815,富喬,59,47,12,元大-東泰,2023-11-09,9817
3481,群創,24,12,12,元大-東泰,2023-11-09,9817
9950,萬國通,12,0,12,元大-東泰,2023-11-09,9817
6799,來頡,12,0,12,元大-東泰,2023-11-09,9817
2897,王道銀行,12,0,12,元大-東泰,2023-11-09,9817
6806,森崴能源,11,0,11,元大-東泰,2023-11-09,9817
3363,上詮,11,0,11,元大-東泰,2023-11-09,9817
5907,大洋-KY,10,0,10,元大-東泰,2023-11-09,9817
5703,亞都,10,0,10,元大-東泰,2023-11-09,9817
2489,瑞軒,10,0,10,元大-東泰,2023-11-09,9817
4915,致伸,10,0,10,元大-東泰,2023-11-09,9817
6244,茂迪,10,0,10,元大-東泰,2023-11-09,9817
4157,太景*-KY,10,0,10,元大-東泰,2023-11-09,9817
00892,富邦台灣半導體,14,4,10,元大-東泰,2023-11-09,9817
3025,星通,13,3,10,元大-東泰,2023-11-09,9817
8201,無敵,15,5,10,元大-東泰,2023-11-09,9817
3035,智原,21,11,10,元大-東泰,2023-11-09,9817
00680L,元大美債20正2,191,0,191,元大-東泰,2023-11-10,9817
00936,台新永續高息中小,140,5,135,元大-東泰,2023-11-10,9817
00878,國泰永續高股息,45,1,44,元大-東泰,2023-11-10,9817
2820,華票,40,0,40,元大-東泰,2023-11-10,9817
2603,長榮,42,2,40,元大-東泰,2023-11-10,9817
2388,威盛,46,10,36,元大-東泰,2023-11-10,9817
00679B,元大美債20年,34,1,33,元大-東泰,2023-11-10,9817
3481,群創,29,0,29,元大-東泰,2023-11-10,9817
2615,萬海,26,1,25,元大-東泰,2023-11-10,9817
3311,閎暉,25,0,25,元大-東泰,2023-11-10,9817
3231,緯創,89,66,23,元大-東泰,2023-11-10,9817
00687B,國泰20年美債,25,2,23,元大-東泰,2023-11-10,9817
00933B,國泰10Y+金融債,24,2,22,元大-東泰,2023-11-10,9817
2618,長榮航,23,2,21,元大-東泰,2023-11-10,9817
6799,來頡,20,0,20,元大-東泰,2023-11-10,9817
0056,元大高股息,20,0,20,元大-東泰,2023-11-10,9817
2506,太設,20,0,20,元大-東泰,2023-11-10,9817
9950,萬國通,20,0,20,元大-東泰,2023-11-10,9817
2888,新光金,20,1,19,元大-東泰,2023-11-10,9817
4304,勝昱,42,24,18,元大-東泰,2023-11-10,9817
2363,矽統,144,127,17,元大-東泰,2023-11-10,9817
1324,地球,19,2,17,元大-東泰,2023-11-10,9817
00919,群益台灣精選高息,18,1,17,元大-東泰,2023-11-10,9817
6271,同欣電,17,1,16,元大-東泰,2023-11-10,9817
2610,華航,19,3,16,元大-東泰,2023-11-10,9817
6695,芯鼎,16,0,16,元大-東泰,2023-11-10,9817
3363,上詮,20,5,15,元大-東泰,2023-11-10,9817
2305,全友,15,0,15,元大-東泰,2023-11-10,9817
2353,宏��,16,1,15,元大-東泰,2023-11-10,9817
2515,中工,21,6,15,元大-東泰,2023-11-10,9817
8085,福華,20,5,15,元大-東泰,2023-11-10,9817
2201,裕隆,14,0,14,元大-東泰,2023-11-10,9817
1319,東陽,18,4,14,元大-東泰,2023-11-10,9817
2609,陽明,14,1,13,元大-東泰,2023-11-10,9817
00720B,元大投資級公司債,13,0,13,元大-東泰,2023-11-10,9817
1522,堤維西,12,0,12,元大-東泰,2023-11-10,9817
00934,中信成長高股息,12,0,12,元大-東泰,2023-11-10,9817
6179,亞通,12,0,12,元大-東泰,2023-11-10,9817
1815,富喬,20,8,12,元大-東泰,2023-11-10,9817
6168,宏齊,11,0,11,元大-東泰,2023-11-10,9817
4532,瑞智,11,0,11,元大-東泰,2023-11-10,9817
2421,建準,15,5,10,元大-東泰,2023-11-10,9817
6643,M31,18,8,10,元大-東泰,2023-11-10,9817
2883,凱基金,16,6,10,元大-東泰,2023-11-10,9817
2401,凌陽,21,11,10,元大-東泰,2023-11-10,9817
00795B,中信美國公債20年,10,0,10,元大-東泰,2023-11-10,9817
4953,緯軟,10,0,10,元大-東泰,2023-11-10,9817
4157,太景*-KY,20,10,10,元大-東泰,2023-11-10,9817
4174,浩鼎,10,0,10,元大-東泰,2023-11-10,9817
00669R,國泰美國道瓊反1,10,0,10,元大-東泰,2023-11-10,9817
2880,華南金,121,1,120,元大-東泰,2023-11-13,9817
2301,光寶科,105,1,104,元大-東泰,2023-11-13,9817
2888,新光金,180,87,93,元大-東泰,2023-11-13,9817
2801,彰銀,92,0,92,元大-東泰,2023-11-13,9817
00671R,富邦NASDAQ反1,58,0,58,元大-東泰,2023-11-13,9817
2891,中信金,63,6,57,元大-東泰,2023-11-13,9817
1734,杏輝,50,0,50,元大-東泰,2023-11-13,9817
00679B,元大美債20年,47,0,47,元大-東泰,2023-11-13,9817
4533,協易機,42,0,42,元大-東泰,2023-11-13,9817
1515,力山,48,7,41,元大-東泰,2023-11-13,9817
2382,廣達,62,21,41,元大-東泰,2023-11-13,9817
2618,長榮航,59,26,33,元大-東泰,2023-11-13,9817
2506,太設,32,0,32,元大-東泰,2023-11-13,9817
00929,復華台灣科技優息,47,17,30,元大-東泰,2023-11-13,9817
00632R,元大台灣50反1,40,15,25,元大-東泰,2023-11-13,9817
2722,夏都,26,1,25,元大-東泰,2023-11-13,9817
2002,中鋼,24,1,23,元大-東泰,2023-11-13,9817
00878,國泰永續高股息,38,16,22,元大-東泰,2023-11-13,9817
3078,僑威,24,3,21,元大-東泰,2023-11-13,9817
3147,大綜,21,0,21,元大-東泰,2023-11-13,9817
6127,九豪,20,0,20,元大-東泰,2023-11-13,9817
00900,富邦特選高股息30,19,0,19,元大-東泰,2023-11-13,9817
6770,力積電,18,0,18,元大-東泰,2023-11-13,9817
4953,緯軟,20,2,18,元大-東泰,2023-11-13,9817
00687B,國泰20年美債,21,4,17,元大-東泰,2023-11-13,9817
4967,十銓,50,33,17,元大-東泰,2023-11-13,9817
1504,東元,20,5,15,元大-東泰,2023-11-13,9817
3481,群創,14,0,14,元大-東泰,2023-11-13,9817
00751B,元大AAA至A公司債,14,1,13,元大-東泰,2023-11-13,9817
3576,聯合再生,13,1,12,元大-東泰,2023-11-13,9817
1324,地球,12,0,12,元大-東泰,2023-11-13,9817
1455,集盛,12,0,12,元大-東泰,2023-11-13,9817
2369,菱生,54,42,12,元大-東泰,2023-11-13,9817
8085,福華,12,0,12,元大-東泰,2023-11-13,9817
2834,臺企銀,11,0,11,元大-東泰,2023-11-13,9817
2489,瑞軒,11,0,11,元大-東泰,2023-11-13,9817
3205,佰研,11,0,11,元大-東泰,2023-11-13,9817
2363,矽統,86,75,11,元大-東泰,2023-11-13,9817
2408,南亞科,13,3,10,元大-東泰,2023-11-13,9817
1236,宏亞,10,0,10,元大-東泰,2023-11-13,9817
4173,久裕,10,0,10,元大-東泰,2023-11-13,9817
3707,漢磊,10,0,10,元大-東泰,2023-11-13,9817
4157,太景*-KY,10,0,10,元大-東泰,2023-11-13,9817
4906,正文,10,0,10,元大-東泰,2023-11-13,9817
6177,達麗,10,0,10,元大-東泰,2023-11-13,9817
3227,原相,11,1,10,元大-東泰,2023-11-13,9817
2610,華航,11,2,9,元大-東泰,2023-11-13,9817
6470,宇智,9,0,9,元大-東泰,2023-11-13,9817
6182,合晶,8,0,8,元大-東泰,2023-11-13,9817
2498,宏達電,13,5,8,元大-東泰,2023-11-13,9817
3231,緯創,102,26,76,元大-東泰,2023-11-14,9817
6116,彩晶,54,0,54,元大-東泰,2023-11-14,9817
00642U,期元大S＆P石油,58,10,48,元大-東泰,2023-11-14,9817
1504,東元,35,2,33,元大-東泰,2023-11-14,9817
2618,長榮航,47,16,31,元大-東泰,2023-11-14,9817
5009,榮剛,32,2,30,元大-東泰,2023-11-14,9817
2359,所羅門,28,2,26,元大-東泰,2023-11-14,9817
2722,夏都,29,3,26,元大-東泰,2023-11-14,9817
1609,大亞,26,1,25,元大-東泰,2023-11-14,9817
2515,中工,24,0,24,元大-東泰,2023-11-14,9817
6438,迅得,23,0,23,元大-東泰,2023-11-14,9817
2369,菱生,28,6,22,元大-東泰,2023-11-14,9817
8050,廣積,26,6,20,元大-東泰,2023-11-14,9817
2357,華碩,29,12,17,元大-東泰,2023-11-14,9817
8421,旭源,16,0,16,元大-東泰,2023-11-14,9817
00708L,期元大S＆P黃金正2,15,0,15,元大-東泰,2023-11-14,9817
2402,毅嘉,52,37,15,元大-東泰,2023-11-14,9817
2313,華通,32,17,15,元大-東泰,2023-11-14,9817
6282,康舒,23,9,14,元大-東泰,2023-11-14,9817
2610,華航,17,3,14,元大-東泰,2023-11-14,9817
5203,訊連,14,0,14,元大-東泰,2023-11-14,9817
2002,中鋼,17,4,13,元大-東泰,2023-11-14,9817
3306,鼎天,39,27,12,元大-東泰,2023-11-14,9817
3006,晶豪科,13,1,12,元大-東泰,2023-11-14,9817
1584,精剛,27,15,12,元大-東泰,2023-11-14,9817
2834,臺企銀,12,1,11,元大-東泰,2023-11-14,9817
4147,中裕,10,0,10,元大-東泰,2023-11-14,9817
2867,三商壽,10,0,10,元大-東泰,2023-11-14,9817
9945,潤泰新,19,9,10,元大-東泰,2023-11-14,9817
4960,誠美材,10,0,10,元大-東泰,2023-11-14,9817
4157,太景*-KY,10,0,10,元大-東泰,2023-11-14,9817
00692,富邦公司治理,10,0,10,元大-東泰,2023-11-14,9817
4108,懷特,9,0,9,元大-東泰,2023-11-14,9817
2338,光罩,13,4,9,元大-東泰,2023-11-14,9817
1514,亞力,14,5,9,元大-東泰,2023-11-14,9817
2417,圓剛,17,8,9,元大-東泰,2023-11-14,9817
3406,玉晶光,8,0,8,元大-東泰,2023-11-14,9817
5483,中美晶,8,0,8,元大-東泰,2023-11-14,9817
5475,德宏,8,0,8,元大-東泰,2023-11-14,9817
2885,元大金,7,0,7,元大-東泰,2023-11-14,9817
4967,十銓,12,5,7,元大-東泰,2023-11-14,9817
2374,佳能,7,0,7,元大-東泰,2023-11-14,9817
2543,皇昌,10,3,7,元大-東泰,2023-11-14,9817
3402,漢科,7,0,7,元大-東泰,2023-11-14,9817
2609,陽明,41,34,7,元大-東泰,2023-11-14,9817
00929,復華台灣科技優息,17,10,7,元大-東泰,2023-11-14,9817
00878,國泰永續高股息,23,17,6,元大-東泰,2023-11-14,9817
8473,山林水,6,0,6,元大-東泰,2023-11-14,9817
00882,中信中國高股息,6,0,6,元大-東泰,2023-11-14,9817
2605,新興,7,1,6,元大-東泰,2023-11-14,9817
2880,華南金,250,10,240,元大-東泰,2023-11-15,9817
00688L,國泰20年美債正2,130,0,130,元大-東泰,2023-11-15,9817
2516,新建,124,11,113,元大-東泰,2023-11-15,9817
00680L,元大美債20正2,107,1,106,元大-東泰,2023-11-15,9817
00671R,富邦NASDAQ反1,103,0,103,元大-東泰,2023-11-15,9817
00673R,期元大S＆P原油反1,101,0,101,元大-東泰,2023-11-15,9817
00679B,元大美債20年,65,1,64,元大-東泰,2023-11-15,9817
00632R,元大台灣50反1,82,22,60,元大-東泰,2023-11-15,9817
2323,中環,70,13,57,元大-東泰,2023-11-15,9817
2449,京元電子,83,30,53,元大-東泰,2023-11-15,9817
3450,聯鈞,44,11,33,元大-東泰,2023-11-15,9817
00773B,中信優先金融債,31,0,31,元大-東泰,2023-11-15,9817
3024,憶聲,30,0,30,元大-東泰,2023-11-15,9817
00936,台新永續高息中小,28,0,28,元大-東泰,2023-11-15,9817
2356,英業達,46,22,24,元大-東泰,2023-11-15,9817
2515,中工,24,0,24,元大-東泰,2023-11-15,9817
00687B,國泰20年美債,23,0,23,元大-東泰,2023-11-15,9817
00720B,元大投資級公司債,25,4,21,元大-東泰,2023-11-15,9817
1618,合機,26,5,21,元大-東泰,2023-11-15,9817
3532,台勝科,24,4,20,元大-東泰,2023-11-15,9817
6901,鑽石投資,20,0,20,元大-東泰,2023-11-15,9817
2337,旺宏,31,11,20,元大-東泰,2023-11-15,9817
6187,萬潤,21,1,20,元大-東泰,2023-11-15,9817
3706,神達,26,8,18,元大-東泰,2023-11-15,9817
2607,榮運,25,7,18,元大-東泰,2023-11-15,9817
1522,堤維西,38,21,17,元大-東泰,2023-11-15,9817
6757,台灣虎航,27,11,16,元大-東泰,2023-11-15,9817
4128,中天,15,0,15,元大-東泰,2023-11-15,9817
1584,精剛,18,3,15,元大-東泰,2023-11-15,9817
4906,正文,15,0,15,元大-東泰,2023-11-15,9817
00934,中信成長高股息,32,19,13,元大-東泰,2023-11-15,9817
0056,元大高股息,18,6,12,元大-東泰,2023-11-15,9817
3704,合勤控,28,16,12,元大-東泰,2023-11-15,9817
00692,富邦公司治理,12,0,12,元大-東泰,2023-11-15,9817
4304,勝昱,13,1,12,元大-東泰,2023-11-15,9817
5347,世界,13,2,11,元大-東泰,2023-11-15,9817
6257,矽格,23,12,11,元大-東泰,2023-11-15,9817
9958,世紀鋼,10,0,10,元大-東泰,2023-11-15,9817
2353,宏��,15,5,10,元大-東泰,2023-11-15,9817
1504,東元,10,0,10,元大-東泰,2023-11-15,9817
2358,廷鑫,10,0,10,元大-東泰,2023-11-15,9817
2340,台亞,11,1,10,元大-東泰,2023-11-15,9817
4168,醣聯,10,0,10,元大-東泰,2023-11-15,9817
4513,福裕,10,0,10,元大-東泰,2023-11-15,9817
6243,迅杰,15,5,10,元大-東泰,2023-11-15,9817
00922,國泰台灣領袖50,9,0,9,元大-東泰,2023-11-15,9817
3594,磐儀,11,2,9,元大-東泰,2023-11-15,9817
6125,廣運,11,2,9,元大-東泰,2023-11-15,9817
2231,為升,10,1,9,元大-東泰,2023-11-15,9817
2543,皇昌,10,1,9,元大-東泰,2023-11-15,9817
2801,彰銀,370,6,364,元大-東泰,2023-11-16,9817
2883,凱基金,158,31,127,元大-東泰,2023-11-16,9817
00878,國泰永續高股息,129,14,115,元大-東泰,2023-11-16,9817
00680L,元大美債20正2,106,0,106,元大-東泰,2023-11-16,9817
2417,圓剛,145,64,81,元大-東泰,2023-11-16,9817
3036,文曄,81,2,79,元大-東泰,2023-11-16,9817
00936,台新永續高息中小,71,7,64,元大-東泰,2023-11-16,9817
00720B,元大投資級公司債,52,5,47,元大-東泰,2023-11-16,9817
00632R,元大台灣50反1,48,5,43,元大-東泰,2023-11-16,9817
00934,中信成長高股息,40,0,40,元大-東泰,2023-11-16,9817
2618,長榮航,171,133,38,元大-東泰,2023-11-16,9817
00715L,期街口布蘭特正2,36,0,36,元大-東泰,2023-11-16,9817
2344,華邦電,199,164,35,元大-東泰,2023-11-16,9817
2329,華泰,198,164,34,元大-東泰,2023-11-16,9817
00679B,元大美債20年,33,1,32,元大-東泰,2023-11-16,9817
00751B,元大AAA至A公司債,30,0,30,元大-東泰,2023-11-16,9817
2845,遠東銀,30,0,30,元大-東泰,2023-11-16,9817
5225,東科-KY,29,2,27,元大-東泰,2023-11-16,9817
6770,力積電,32,10,22,元大-東泰,2023-11-16,9817
2867,三商壽,20,0,20,元大-東泰,2023-11-16,9817
6901,鑽石投資,20,0,20,元大-東泰,2023-11-16,9817
2323,中環,19,1,18,元大-東泰,2023-11-16,9817
00929,復華台灣科技優息,62,44,18,元大-東泰,2023-11-16,9817
2352,佳世達,17,0,17,元大-東泰,2023-11-16,9817
2816,旺旺保,18,1,17,元大-東泰,2023-11-16,9817
3041,揚智,66,49,17,元大-東泰,2023-11-16,9817
2607,榮運,21,5,16,元大-東泰,2023-11-16,9817
2516,新建,19,3,16,元大-東泰,2023-11-16,9817
1217,愛之味,15,0,15,元大-東泰,2023-11-16,9817
4304,勝昱,15,0,15,元大-東泰,2023-11-16,9817
2888,新光金,27,12,15,元大-東泰,2023-11-16,9817
3715,定穎投控,19,4,15,元大-東泰,2023-11-16,9817
3032,偉訓,15,1,14,元大-東泰,2023-11-16,9817
00642U,期元大S＆P石油,14,0,14,元大-東泰,2023-11-16,9817
4129,聯合,15,2,13,元大-東泰,2023-11-16,9817
6125,廣運,25,12,13,元大-東泰,2023-11-16,9817
00795B,中信美國公債20年,12,0,12,元大-東泰,2023-11-16,9817
2617,台航,11,0,11,元大-東泰,2023-11-16,9817
4743,合一,16,6,10,元大-東泰,2023-11-16,9817
2731,雄獅,14,4,10,元大-東泰,2023-11-16,9817
2073,雄順,10,0,10,元大-東泰,2023-11-16,9817
6026,福邦證,10,0,10,元大-東泰,2023-11-16,9817
00726B,國泰新興投等債,10,0,10,元大-東泰,2023-11-16,9817
3024,憶聲,10,0,10,元大-東泰,2023-11-16,9817
00756B,群益投等新興公債,10,0,10,元大-東泰,2023-11-16,9817
00688L,國泰20年美債正2,10,0,10,元大-東泰,2023-11-16,9817
0056,元大高股息,16,6,10,元大-東泰,2023-11-16,9817
5706,鳳凰,12,3,9,元大-東泰,2023-11-16,9817
00773B,中信優先金融債,9,0,9,元大-東泰,2023-11-16,9817
2609,陽明,20,11,9,元大-東泰,2023-11-16,9817
2610,華航,110,4,106,元大-東泰,2023-11-17,9817
00929,復華台灣科技優息,127,24,103,元大-東泰,2023-11-17,9817
2883,凱基金,206,117,89,元大-東泰,2023-11-17,9817
00715L,期街口布蘭特正2,86,0,86,元大-東泰,2023-11-17,9817
00753L,中信中國50正2,57,0,57,元大-東泰,2023-11-17,9817
2897,王道銀行,53,0,53,元大-東泰,2023-11-17,9817
00679B,元大美債20年,50,0,50,元大-東泰,2023-11-17,9817
3041,揚智,208,167,41,元大-東泰,2023-11-17,9817
2489,瑞軒,38,0,38,元大-東泰,2023-11-17,9817
00688L,國泰20年美債正2,37,0,37,元大-東泰,2023-11-17,9817
3024,憶聲,30,0,30,元大-東泰,2023-11-17,9817
00919,群益台灣精選高息,30,4,26,元大-東泰,2023-11-17,9817
2353,宏��,23,0,23,元大-東泰,2023-11-17,9817
2301,光寶科,36,16,20,元大-東泰,2023-11-17,9817
2356,英業達,33,13,20,元大-東泰,2023-11-17,9817
6116,彩晶,20,0,20,元大-東泰,2023-11-17,9817
6901,鑽石投資,20,0,20,元大-東泰,2023-11-17,9817
00637L,元大滬深300正2,24,5,19,元大-東泰,2023-11-17,9817
00642U,期元大S＆P石油,19,0,19,元大-東泰,2023-11-17,9817
2344,華邦電,68,50,18,元大-東泰,2023-11-17,9817
00676R,富邦臺灣加權反1,43,25,18,元大-東泰,2023-11-17,9817
00687B,國泰20年美債,15,0,15,元大-東泰,2023-11-17,9817
2376,技嘉,16,1,15,元大-東泰,2023-11-17,9817
2104,國際中橡,13,0,13,元大-東泰,2023-11-17,9817
3260,威剛,16,4,12,元大-東泰,2023-11-17,9817
1515,力山,12,0,12,元大-東泰,2023-11-17,9817
00632R,元大台灣50反1,12,0,12,元大-東泰,2023-11-17,9817
2609,陽明,18,7,11,元大-東泰,2023-11-17,9817
2405,輔信,16,5,11,元大-東泰,2023-11-17,9817
2618,長榮航,76,65,11,元大-東泰,2023-11-17,9817
5355,佳總,10,0,10,元大-東泰,2023-11-17,9817
00664R,國泰臺灣加權反1,10,0,10,元大-東泰,2023-11-17,9817
00681R,元大美債20反1,10,0,10,元大-東泰,2023-11-17,9817
4967,十銓,12,2,10,元大-東泰,2023-11-17,9817
3483,力致,13,3,10,元大-東泰,2023-11-17,9817
5484,慧友,9,0,9,元大-東泰,2023-11-17,9817
5351,鈺創,10,1,9,元大-東泰,2023-11-17,9817
2482,連宇,9,0,9,元大-東泰,2023-11-17,9817
6757,台灣虎航,9,0,9,元大-東泰,2023-11-17,9817
2027,大成鋼,13,4,9,元大-東泰,2023-11-17,9817
00720B,元大投資級公司債,8,0,8,元大-東泰,2023-11-17,9817
8034,榮群,11,3,8,元大-東泰,2023-11-17,9817
1815,富喬,13,5,8,元大-東泰,2023-11-17,9817
00885,富邦越南,13,5,8,元大-東泰,2023-11-17,9817
2832,台產,8,0,8,元大-東泰,2023-11-17,9817
5258,虹堡,8,0,8,元大-東泰,2023-11-17,9817
3231,緯創,30,23,7,元大-東泰,2023-11-17,9817
2385,群光,8,1,7,元大-東泰,2023-11-17,9817
2312,金寶,12,5,7,元大-東泰,2023-11-17,9817
2337,旺宏,9,2,7,元大-東泰,2023-11-17,9817
2801,彰銀,301,0,301,元大-東泰,2023-11-20,9817
1432,大魯閣,133,0,133,元大-東泰,2023-11-20,9817
2356,英業達,133,26,107,元大-東泰,2023-11-20,9817
2883,凱基金,80,5,75,元大-東泰,2023-11-20,9817
2520,冠德,61,0,61,元大-東泰,2023-11-20,9817
00712,復華富時不動產,61,0,61,元大-東泰,2023-11-20,9817
00715L,期街口布蘭特正2,70,10,60,元大-東泰,2023-11-20,9817
00679B,元大美債20年,58,0,58,元大-東泰,2023-11-20,9817
2897,王道銀行,50,2,48,元大-東泰,2023-11-20,9817
5225,東科-KY,48,5,43,元大-東泰,2023-11-20,9817
1314,中石化,41,0,41,元大-東泰,2023-11-20,9817
3481,群創,62,23,39,元大-東泰,2023-11-20,9817
2312,金寶,33,2,31,元大-東泰,2023-11-20,9817
2812,台中銀,31,0,31,元大-東泰,2023-11-20,9817
5531,鄉林,27,0,27,元大-東泰,2023-11-20,9817
2301,光寶科,28,3,25,元大-東泰,2023-11-20,9817
2610,華航,38,14,24,元大-東泰,2023-11-20,9817
2409,友達,34,10,24,元大-東泰,2023-11-20,9817
2363,矽統,97,73,24,元大-東泰,2023-11-20,9817
2421,建準,26,3,23,元大-東泰,2023-11-20,9817
00933B,國泰10Y+金融債,23,0,23,元大-東泰,2023-11-20,9817
4128,中天,23,0,23,元大-東泰,2023-11-20,9817
2888,新光金,21,0,21,元大-東泰,2023-11-20,9817
4306,炎洲,20,0,20,元大-東泰,2023-11-20,9817
4716,大立,20,0,20,元大-東泰,2023-11-20,9817
3041,揚智,70,52,18,元大-東泰,2023-11-20,9817
00885,富邦越南,21,5,16,元大-東泰,2023-11-20,9817
00642U,期元大S＆P石油,23,7,16,元大-東泰,2023-11-20,9817
6706,惠特,16,0,16,元大-東泰,2023-11-20,9817
2543,皇昌,60,44,16,元大-東泰,2023-11-20,9817
6415,矽力*-KY,16,0,16,元大-東泰,2023-11-20,9817
2388,威盛,23,9,14,元大-東泰,2023-11-20,9817
00680L,元大美債20正2,60,46,14,元大-東泰,2023-11-20,9817
6443,元晶,15,1,14,元大-東泰,2023-11-20,9817
6257,矽格,13,0,13,元大-東泰,2023-11-20,9817
2317,鴻海,14,1,13,元大-東泰,2023-11-20,9817
5469,瀚宇博,13,0,13,元大-東泰,2023-11-20,9817
00795B,中信美國公債20年,12,0,12,元大-東泰,2023-11-20,9817
6585,鼎基,12,0,12,元大-東泰,2023-11-20,9817
6158,禾昌,12,0,12,元大-東泰,2023-11-20,9817
2201,裕隆,15,4,11,元大-東泰,2023-11-20,9817
3450,聯鈞,16,6,10,元大-東泰,2023-11-20,9817
9945,潤泰新,10,0,10,元大-東泰,2023-11-20,9817
3006,晶豪科,22,12,10,元大-東泰,2023-11-20,9817
2504,國產,10,0,10,元大-東泰,2023-11-20,9817
2707,晶華,10,0,10,元大-東泰,2023-11-20,9817
2419,仲琦,10,0,10,元大-東泰,2023-11-20,9817
6108,競國,15,6,9,元大-東泰,2023-11-20,9817
1717,長興,10,1,9,元大-東泰,2023-11-20,9817
6695,芯鼎,61,52,9,元大-東泰,2023-11-20,9817
1524,耿鼎,165,29,136,元大-東泰,2023-11-21,9817
00680L,元大美債20正2,133,10,123,元大-東泰,2023-11-21,9817
00919,群益台灣精選高息,119,9,110,元大-東泰,2023-11-21,9817
5521,工信,103,0,103,元大-東泰,2023-11-21,9817
00929,復華台灣科技優息,119,28,91,元大-東泰,2023-11-21,9817
3231,緯創,115,41,74,元大-東泰,2023-11-21,9817
1313,聯成,71,2,69,元大-東泰,2023-11-21,9817
2363,矽統,62,16,46,元大-東泰,2023-11-21,9817
2897,王道銀行,45,0,45,元大-東泰,2023-11-21,9817
8105,凌巨,46,4,42,元大-東泰,2023-11-21,9817
3059,華晶科,66,28,38,元大-東泰,2023-11-21,9817
8027,鈦昇,40,3,37,元大-東泰,2023-11-21,9817
3057,喬鼎,35,2,33,元大-東泰,2023-11-21,9817
2888,新光金,85,54,31,元大-東泰,2023-11-21,9817
3287,廣寰科,30,0,30,元大-東泰,2023-11-21,9817
3512,皇龍,30,2,28,元大-東泰,2023-11-21,9817
2421,建準,37,16,21,元大-東泰,2023-11-21,9817
00671R,富邦NASDAQ反1,200,180,20,元大-東泰,2023-11-21,9817
5533,皇鼎,62,42,20,元大-東泰,2023-11-21,9817
6901,鑽石投資,21,1,20,元大-東泰,2023-11-21,9817
00712,復華富時不動產,20,0,20,元大-東泰,2023-11-21,9817
2371,大同,20,1,19,元大-東泰,2023-11-21,9817
2344,華邦電,55,36,19,元大-東泰,2023-11-21,9817
1432,大魯閣,23,4,19,元大-東泰,2023-11-21,9817
00934,中信成長高股息,18,0,18,元大-東泰,2023-11-21,9817
2340,台亞,21,3,18,元大-東泰,2023-11-21,9817
3149,正達,18,0,18,元大-東泰,2023-11-21,9817
6695,芯鼎,32,16,16,元大-東泰,2023-11-21,9817
3715,定穎投控,55,39,16,元大-東泰,2023-11-21,9817
2428,興勤,15,0,15,元大-東泰,2023-11-21,9817
3669,圓展,15,0,15,元大-東泰,2023-11-21,9817
3078,僑威,25,10,15,元大-東泰,2023-11-21,9817
2313,華通,101,86,15,元大-東泰,2023-11-21,9817
2355,敬鵬,25,12,13,元大-東泰,2023-11-21,9817
6117,迎廣,17,4,13,元大-東泰,2023-11-21,9817
2314,台揚,14,1,13,元大-東泰,2023-11-21,9817
5225,東科-KY,13,1,12,元大-東泰,2023-11-21,9817
2609,陽明,12,0,12,元大-東泰,2023-11-21,9817
4128,中天,12,0,12,元大-東泰,2023-11-21,9817
00933B,國泰10Y+金融債,13,2,11,元大-東泰,2023-11-21,9817
2615,萬海,19,8,11,元大-東泰,2023-11-21,9817
00885,富邦越南,11,0,11,元大-東泰,2023-11-21,9817
1612,宏泰,11,0,11,元大-東泰,2023-11-21,9817
6257,矽格,15,4,11,元大-東泰,2023-11-21,9817
6285,啟��,22,11,11,元大-東泰,2023-11-21,9817
5388,中磊,10,0,10,元大-東泰,2023-11-21,9817
00799B,國泰A級醫療債,10,0,10,元大-東泰,2023-11-21,9817
2801,彰銀,10,0,10,元大-東泰,2023-11-21,9817
2025,千興,10,0,10,元大-東泰,2023-11-21,9817
00679B,元大美債20年,11,1,10,元大-東泰,2023-11-21,9817
3231,緯創,182,29,153,元大-東泰,2023-11-22,9817
2883,凱基金,112,38,74,元大-東泰,2023-11-22,9817
2888,新光金,68,0,68,元大-東泰,2023-11-22,9817
1432,大魯閣,199,157,42,元大-東泰,2023-11-22,9817
2353,宏��,44,5,39,元大-東泰,2023-11-22,9817
2618,長榮航,82,43,39,元大-東泰,2023-11-22,9817
00751B,元大AAA至A公司債,36,0,36,元大-東泰,2023-11-22,9817
6443,元晶,35,0,35,元大-東泰,2023-11-22,9817
2486,一詮,35,0,35,元大-東泰,2023-11-22,9817
2002,中鋼,39,5,34,元大-東泰,2023-11-22,9817
5225,東科-KY,37,3,34,元大-東泰,2023-11-22,9817
4960,誠美材,40,6,34,元大-東泰,2023-11-22,9817
00929,復華台灣科技優息,66,33,33,元大-東泰,2023-11-22,9817
2356,英業達,75,42,33,元大-東泰,2023-11-22,9817
2301,光寶科,36,4,32,元大-東泰,2023-11-22,9817
8050,廣積,32,0,32,元大-東泰,2023-11-22,9817
1440,南紡,30,1,29,元大-東泰,2023-11-22,9817
0056,元大高股息,29,1,28,元大-東泰,2023-11-22,9817
2313,華通,51,23,28,元大-東泰,2023-11-22,9817
00919,群益台灣精選高息,26,0,26,元大-東泰,2023-11-22,9817
3024,憶聲,26,0,26,元大-東泰,2023-11-22,9817
2337,旺宏,27,2,25,元大-東泰,2023-11-22,9817
3706,神達,37,12,25,元大-東泰,2023-11-22,9817
00679B,元大美債20年,23,0,23,元大-東泰,2023-11-22,9817
6191,精成科,21,1,20,元大-東泰,2023-11-22,9817
2382,廣達,34,14,20,元大-東泰,2023-11-22,9817
3325,旭品,46,27,19,元大-東泰,2023-11-22,9817
00936,台新永續高息中小,24,6,18,元大-東泰,2023-11-22,9817
2409,友達,18,1,17,元大-東泰,2023-11-22,9817
3711,日月光投控,18,1,17,元大-東泰,2023-11-22,9817
00878,國泰永續高股息,36,20,16,元大-東泰,2023-11-22,9817
2317,鴻海,18,3,15,元大-東泰,2023-11-22,9817
2201,裕隆,15,0,15,元大-東泰,2023-11-22,9817
2812,台中銀,15,0,15,元大-東泰,2023-11-22,9817
4908,前鼎,24,10,14,元大-東泰,2023-11-22,9817
8011,台通,20,6,14,元大-東泰,2023-11-22,9817
1324,地球,14,0,14,元大-東泰,2023-11-22,9817
3645,達邁,13,0,13,元大-東泰,2023-11-22,9817
3260,威剛,15,2,13,元大-東泰,2023-11-22,9817
5203,訊連,14,1,13,元大-東泰,2023-11-22,9817
3047,訊舟,15,2,13,元大-東泰,2023-11-22,9817
2330,台積電,16,4,12,元大-東泰,2023-11-22,9817
00933B,國泰10Y+金融債,12,0,12,元大-東泰,2023-11-22,9817
3481,群創,23,11,12,元大-東泰,2023-11-22,9817
1762,中化生,12,0,12,元大-東泰,2023-11-22,9817
00680L,元大美債20正2,12,0,12,元大-東泰,2023-11-22,9817
6770,力積電,14,3,11,元大-東泰,2023-11-22,9817
00885,富邦越南,11,0,11,元大-東泰,2023-11-22,9817
2610,華航,15,4,11,元大-東泰,2023-11-22,9817
00905,FT臺灣Smart,12,2,10,元大-東泰,2023-11-22,9817
00680L,元大美債20正2,213,67,146,元大-東泰,2023-11-23,9817
2344,華邦電,232,86,146,元大-東泰,2023-11-23,9817
00934,中信成長高股息,133,3,130,元大-東泰,2023-11-23,9817
1432,大魯閣,91,0,91,元大-東泰,2023-11-23,9817
6282,康舒,187,109,78,元大-東泰,2023-11-23,9817
00929,復華台灣科技優息,63,4,59,元大-東泰,2023-11-23,9817
5225,東科-KY,58,2,56,元大-東泰,2023-11-23,9817
00878,國泰永續高股息,54,2,52,元大-東泰,2023-11-23,9817
1313,聯成,49,0,49,元大-東泰,2023-11-23,9817
6125,廣運,84,37,47,元大-東泰,2023-11-23,9817
2883,凱基金,71,29,42,元大-東泰,2023-11-23,9817
2812,台中銀,43,3,40,元大-東泰,2023-11-23,9817
2739,寒舍,43,5,38,元大-東泰,2023-11-23,9817
2405,輔信,41,3,38,元大-東泰,2023-11-23,9817
3231,緯創,65,38,27,元大-東泰,2023-11-23,9817
3041,揚智,150,125,25,元大-東泰,2023-11-23,9817
2449,京元電子,24,2,22,元大-東泰,2023-11-23,9817
3374,精材,32,11,21,元大-東泰,2023-11-23,9817
5344,立衛,20,0,20,元大-東泰,2023-11-23,9817
5203,訊連,20,0,20,元大-東泰,2023-11-23,9817
00772B,中信高評級公司債,20,1,19,元大-東泰,2023-11-23,9817
1210,大成,20,2,18,元大-東泰,2023-11-23,9817
6243,迅杰,53,36,17,元大-東泰,2023-11-23,9817
00933B,國泰10Y+金融債,28,11,17,元大-東泰,2023-11-23,9817
3715,定穎投控,86,69,17,元大-東泰,2023-11-23,9817
3059,華晶科,42,25,17,元大-東泰,2023-11-23,9817
0056,元大高股息,17,0,17,元大-東泰,2023-11-23,9817
8358,金居,25,9,16,元大-東泰,2023-11-23,9817
2369,菱生,22,7,15,元大-東泰,2023-11-23,9817
00637L,元大滬深300正2,15,0,15,元大-東泰,2023-11-23,9817
00688L,國泰20年美債正2,15,0,15,元大-東泰,2023-11-23,9817
2888,新光金,15,0,15,元大-東泰,2023-11-23,9817
2313,華通,49,34,15,元大-東泰,2023-11-23,9817
2332,友訊,13,0,13,元大-東泰,2023-11-23,9817
2382,廣達,24,11,13,元大-東泰,2023-11-23,9817
00720B,元大投資級公司債,14,2,12,元大-東泰,2023-11-23,9817
00919,群益台灣精選高息,73,61,12,元大-東泰,2023-11-23,9817
6237,驊訊,56,45,11,元大-東泰,2023-11-23,9817
1444,力麗,14,3,11,元大-東泰,2023-11-23,9817
6190,萬泰科,11,0,11,元大-東泰,2023-11-23,9817
2358,廷鑫,11,0,11,元大-東泰,2023-11-23,9817
2002,中鋼,20,9,11,元大-東泰,2023-11-23,9817
6285,啟��,11,1,10,元大-東泰,2023-11-23,9817
4173,久裕,10,0,10,元大-東泰,2023-11-23,9817
1449,佳和,10,0,10,元大-東泰,2023-11-23,9817
3062,建漢,11,1,10,元大-東泰,2023-11-23,9817
3176,基亞,13,3,10,元大-東泰,2023-11-23,9817
00724B,群益投資級金融債,10,0,10,元大-東泰,2023-11-23,9817
5202,力新,10,0,10,元大-東泰,2023-11-23,9817
2867,三商壽,10,0,10,元大-東泰,2023-11-23,9817
00680L,元大美債20正2,110,0,110,元大-東泰,2023-11-24,9817
00671R,富邦NASDAQ反1,100,0,100,元大-東泰,2023-11-24,9817
5521,工信,100,1,99,元大-東泰,2023-11-24,9817
2618,長榮航,112,16,96,元大-東泰,2023-11-24,9817
00751B,元大AAA至A公司債,68,0,68,元大-東泰,2023-11-24,9817
2323,中環,73,6,67,元大-東泰,2023-11-24,9817
2610,華航,61,2,59,元大-東泰,2023-11-24,9817
00933B,國泰10Y+金融債,56,0,56,元大-東泰,2023-11-24,9817
00679B,元大美債20年,51,0,51,元大-東泰,2023-11-24,9817
00929,復華台灣科技優息,66,18,48,元大-東泰,2023-11-24,9817
2344,華邦電,164,120,44,元大-東泰,2023-11-24,9817
5351,鈺創,100,62,38,元大-東泰,2023-11-24,9817
1325,恆大,32,0,32,元大-東泰,2023-11-24,9817
5469,瀚宇博,32,0,32,元大-東泰,2023-11-24,9817
00772B,中信高評級公司債,30,0,30,元大-東泰,2023-11-24,9817
00637L,元大滬深300正2,30,0,30,元大-東泰,2023-11-24,9817
00885,富邦越南,30,0,30,元大-東泰,2023-11-24,9817
2352,佳世達,24,0,24,元大-東泰,2023-11-24,9817
2460,建通,22,0,22,元大-東泰,2023-11-24,9817
00687B,國泰20年美債,22,0,22,元大-東泰,2023-11-24,9817
6282,康舒,51,29,22,元大-東泰,2023-11-24,9817
00919,群益台灣精選高息,24,2,22,元大-東泰,2023-11-24,9817
3006,晶豪科,29,8,21,元大-東泰,2023-11-24,9817
1218,泰山,20,0,20,元大-東泰,2023-11-24,9817
6164,華興,45,25,20,元大-東泰,2023-11-24,9817
1815,富喬,26,7,19,元大-東泰,2023-11-24,9817
1609,大亞,28,9,19,元大-東泰,2023-11-24,9817
00688L,國泰20年美債正2,18,0,18,元大-東泰,2023-11-24,9817
2371,大同,29,11,18,元大-東泰,2023-11-24,9817
3706,神達,27,11,16,元大-東泰,2023-11-24,9817
2883,凱基金,39,23,16,元大-東泰,2023-11-24,9817
6235,華孚,23,8,15,元大-東泰,2023-11-24,9817
2882,國泰金,14,0,14,元大-東泰,2023-11-24,9817
1721,三晃,14,0,14,元大-東泰,2023-11-24,9817
2353,宏��,30,16,14,元大-東泰,2023-11-24,9817
0056,元大高股息,15,1,14,元大-東泰,2023-11-24,9817
2739,寒舍,13,0,13,元大-東泰,2023-11-24,9817
2405,輔信,25,12,13,元大-東泰,2023-11-24,9817
2449,京元電子,15,2,13,元大-東泰,2023-11-24,9817
6117,迎廣,21,8,13,元大-東泰,2023-11-24,9817
00773B,中信優先金融債,12,0,12,元大-東泰,2023-11-24,9817
6552,易華電,11,0,11,元大-東泰,2023-11-24,9817
2303,聯電,28,17,11,元大-東泰,2023-11-24,9817
3701,大眾控,15,4,11,元大-東泰,2023-11-24,9817
3285,微端,13,2,11,元大-東泰,2023-11-24,9817
2838,聯邦銀,11,0,11,元大-東泰,2023-11-24,9817
2457,飛宏,43,33,10,元大-東泰,2023-11-24,9817
2867,三商壽,10,0,10,元大-東泰,2023-11-24,9817
00786B,元大10年IG銀行債,10,0,10,元大-東泰,2023-11-24,9817
6246,臺龍,38,28,10,元大-東泰,2023-11-24,9817
00632R,元大台灣50反1,660,0,660,元大-東泰,2023-11-27,9817
2883,凱基金,304,84,220,元大-東泰,2023-11-27,9817
00929,復華台灣科技優息,235,39,196,元大-東泰,2023-11-27,9817
2801,彰銀,103,1,102,元大-東泰,2023-11-27,9817
2323,中環,87,5,82,元大-東泰,2023-11-27,9817
3231,緯創,132,51,81,元大-東泰,2023-11-27,9817
2303,聯電,85,14,71,元大-東泰,2023-11-27,9817
2105,正新,70,2,68,元大-東泰,2023-11-27,9817
00751B,元大AAA至A公司債,62,0,62,元大-東泰,2023-11-27,9817
0056,元大高股息,48,4,44,元大-東泰,2023-11-27,9817
2634,漢翔,39,0,39,元大-東泰,2023-11-27,9817
00715L,期街口布蘭特正2,39,0,39,元大-東泰,2023-11-27,9817
00637L,元大滬深300正2,43,5,38,元大-東泰,2023-11-27,9817
3706,神達,48,13,35,元大-東泰,2023-11-27,9817
00878,國泰永續高股息,52,21,31,元大-東泰,2023-11-27,9817
00786B,元大10年IG銀行債,29,0,29,元大-東泰,2023-11-27,9817
00919,群益台灣精選高息,30,2,28,元大-東泰,2023-11-27,9817
2610,華航,30,2,28,元大-東泰,2023-11-27,9817
2891,中信金,37,11,26,元大-東泰,2023-11-27,9817
2382,廣達,47,21,26,元大-東泰,2023-11-27,9817
2353,宏��,28,3,25,元大-東泰,2023-11-27,9817
1514,亞力,92,69,23,元大-東泰,2023-11-27,9817
2882,國泰金,25,4,21,元大-東泰,2023-11-27,9817
8110,華東,22,2,20,元大-東泰,2023-11-27,9817
1314,中石化,20,0,20,元大-東泰,2023-11-27,9817
8089,康全電訊,20,0,20,元大-東泰,2023-11-27,9817
6282,康舒,30,11,19,元大-東泰,2023-11-27,9817
1522,堤維西,19,0,19,元大-東泰,2023-11-27,9817
00633L,富邦上証正2,18,0,18,元大-東泰,2023-11-27,9817
5009,榮剛,20,2,18,元大-東泰,2023-11-27,9817
1409,新纖,20,2,18,元大-東泰,2023-11-27,9817
5203,訊連,17,0,17,元大-東泰,2023-11-27,9817
3078,僑威,18,2,16,元大-東泰,2023-11-27,9817
5347,世界,19,3,16,元大-東泰,2023-11-27,9817
2356,英業達,29,13,16,元大-東泰,2023-11-27,9817
8086,宏捷科,36,20,16,元大-東泰,2023-11-27,9817
2419,仲琦,15,0,15,元大-東泰,2023-11-27,9817
6667,信紘科,14,0,14,元大-東泰,2023-11-27,9817
00687B,國泰20年美債,18,4,14,元大-東泰,2023-11-27,9817
6591,動力-KY,14,0,14,元大-東泰,2023-11-27,9817
3374,精材,17,3,14,元大-東泰,2023-11-27,9817
6582,申豐,14,0,14,元大-東泰,2023-11-27,9817
9919,康那香,17,5,12,元大-東泰,2023-11-27,9817
8097,常珵,12,0,12,元大-東泰,2023-11-27,9817
3481,群創,16,5,11,元大-東泰,2023-11-27,9817
2449,京元電子,15,4,11,元大-東泰,2023-11-27,9817
5351,鈺創,24,13,11,元大-東泰,2023-11-27,9817
2388,威盛,17,6,11,元大-東泰,2023-11-27,9817
6271,同欣電,12,1,11,元大-東泰,2023-11-27,9817
6274,台燿,13,2,11,元大-東泰,2023-11-27,9817
00885,富邦越南,72,0,72,元大-東泰,2023-11-28,9817
1101,台泥,87,31,56,元大-東泰,2023-11-28,9817
00679B,元大美債20年,56,2,54,元大-東泰,2023-11-28,9817
2303,聯電,50,1,49,元大-東泰,2023-11-28,9817
00933B,國泰10Y+金融債,45,2,43,元大-東泰,2023-11-28,9817
3231,緯創,69,27,42,元大-東泰,2023-11-28,9817
1762,中化生,39,0,39,元大-東泰,2023-11-28,9817
1215,卜蜂,31,0,31,元大-東泰,2023-11-28,9817
2383,台光電,33,3,30,元大-東泰,2023-11-28,9817
4173,久裕,25,0,25,元大-東泰,2023-11-28,9817
00631L,元大台灣50正2,25,1,24,元大-東泰,2023-11-28,9817
5347,世界,22,0,22,元大-東泰,2023-11-28,9817
2601,益航,23,1,22,元大-東泰,2023-11-28,9817
020028,元大特選電動車N,20,0,20,元大-東泰,2023-11-28,9817
00919,群益台灣精選高息,22,3,19,元大-東泰,2023-11-28,9817
4908,前鼎,19,1,18,元大-東泰,2023-11-28,9817
2457,飛宏,23,5,18,元大-東泰,2023-11-28,9817
2323,中環,58,41,17,元大-東泰,2023-11-28,9817
8097,常珵,16,0,16,元大-東泰,2023-11-28,9817
00633L,富邦上証正2,15,0,15,元大-東泰,2023-11-28,9817
4114,健喬,28,13,15,元大-東泰,2023-11-28,9817
3205,佰研,14,0,14,元大-東泰,2023-11-28,9817
00664R,國泰臺灣加權反1,13,0,13,元大-東泰,2023-11-28,9817
2363,矽統,49,37,12,元大-東泰,2023-11-28,9817
00712,復華富時不動產,12,0,12,元大-東泰,2023-11-28,9817
2606,裕民,24,13,11,元大-東泰,2023-11-28,9817
2618,長榮航,28,17,11,元大-東泰,2023-11-28,9817
3323,加百裕,10,0,10,元大-東泰,2023-11-28,9817
9103,美德醫療-DR,10,0,10,元大-東泰,2023-11-28,9817
6177,達麗,10,0,10,元大-東泰,2023-11-28,9817
00637L,元大滬深300正2,10,0,10,元大-東泰,2023-11-28,9817
2897,王道銀行,10,0,10,元大-東泰,2023-11-28,9817
1455,集盛,10,0,10,元大-東泰,2023-11-28,9817
2613,中櫃,10,0,10,元大-東泰,2023-11-28,9817
4128,中天,10,0,10,元大-東泰,2023-11-28,9817
6282,康舒,16,6,10,元大-東泰,2023-11-28,9817
2405,輔信,12,3,9,元大-東泰,2023-11-28,9817
2436,偉詮電,10,1,9,元大-東泰,2023-11-28,9817
2880,華南金,9,0,9,元大-東泰,2023-11-28,9817
3374,精材,11,3,8,元大-東泰,2023-11-28,9817
1760,寶齡富錦,9,1,8,元大-東泰,2023-11-28,9817
2313,華通,119,112,7,元大-東泰,2023-11-28,9817
4157,太景*-KY,12,5,7,元大-東泰,2023-11-28,9817
2356,英業達,17,10,7,元大-東泰,2023-11-28,9817
4304,勝昱,21,14,7,元大-東泰,2023-11-28,9817
2371,大同,46,39,7,元大-東泰,2023-11-28,9817
2382,廣達,22,16,6,元大-東泰,2023-11-28,9817
3036,文曄,7,1,6,元大-東泰,2023-11-28,9817
3694,海華,9,3,6,元大-東泰,2023-11-28,9817
1603,華電,6,0,6,元大-東泰,2023-11-28,9817
2801,彰銀,210,0,210,元大-東泰,2023-11-29,9817
00671R,富邦NASDAQ反1,150,0,150,元大-東泰,2023-11-29,9817
2883,凱基金,169,68,101,元大-東泰,2023-11-29,9817
00919,群益台灣精選高息,83,21,62,元大-東泰,2023-11-29,9817
00632R,元大台灣50反1,55,0,55,元大-東泰,2023-11-29,9817
1701,中化,51,0,51,元大-東泰,2023-11-29,9817
1710,東聯,51,0,51,元大-東泰,2023-11-29,9817
00891,中信關鍵半導體,50,3,47,元大-東泰,2023-11-29,9817
2641,正德,40,0,40,元大-東泰,2023-11-29,9817
2888,新光金,83,43,40,元大-東泰,2023-11-29,9817
1215,卜蜂,36,0,36,元大-東泰,2023-11-29,9817
2618,長榮航,51,17,34,元大-東泰,2023-11-29,9817
3231,緯創,69,35,34,元大-東泰,2023-11-29,9817
2722,夏都,33,0,33,元大-東泰,2023-11-29,9817
2358,廷鑫,32,0,32,元大-東泰,2023-11-29,9817
00830,國泰費城半導體,32,0,32,元大-東泰,2023-11-29,9817
2615,萬海,34,2,32,元大-東泰,2023-11-29,9817
00786B,元大10年IG銀行債,31,0,31,元大-東泰,2023-11-29,9817
2637,慧洋-KY,32,1,31,元大-東泰,2023-11-29,9817
2363,矽統,61,31,30,元大-東泰,2023-11-29,9817
00751B,元大AAA至A公司債,58,31,27,元大-東泰,2023-11-29,9817
2303,聯電,33,7,26,元大-東泰,2023-11-29,9817
1605,華新,35,9,26,元大-東泰,2023-11-29,9817
6177,達麗,25,0,25,元大-東泰,2023-11-29,9817
2887,台新金,22,0,22,元大-東泰,2023-11-29,9817
3006,晶豪科,27,5,22,元大-東泰,2023-11-29,9817
00687B,國泰20年美債,22,0,22,元大-東泰,2023-11-29,9817
2610,華航,22,1,21,元大-東泰,2023-11-29,9817
5608,四維航,27,7,20,元大-東泰,2023-11-29,9817
00688L,國泰20年美債正2,20,1,19,元大-東泰,2023-11-29,9817
00931B,統一美債20年,21,2,19,元大-東泰,2023-11-29,9817
2449,京元電子,22,5,17,元大-東泰,2023-11-29,9817
6695,芯鼎,22,5,17,元大-東泰,2023-11-29,9817
00934,中信成長高股息,16,0,16,元大-東泰,2023-11-29,9817
1101,台泥,22,6,16,元大-東泰,2023-11-29,9817
2401,凌陽,43,27,16,元大-東泰,2023-11-29,9817
00662,富邦NASDAQ,16,0,16,元大-東泰,2023-11-29,9817
00753L,中信中國50正2,14,0,14,元大-東泰,2023-11-29,9817
3062,建漢,14,0,14,元大-東泰,2023-11-29,9817
6530,創威,33,19,14,元大-東泰,2023-11-29,9817
2834,臺企銀,14,0,14,元大-東泰,2023-11-29,9817
2317,鴻海,16,2,14,元大-東泰,2023-11-29,9817
00637L,元大滬深300正2,13,0,13,元大-東泰,2023-11-29,9817
1717,長興,16,4,12,元大-東泰,2023-11-29,9817
2002,中鋼,14,3,11,元大-東泰,2023-11-29,9817
00935,野村臺灣新科技50,13,1,12,元大-東泰,2023-11-29,9817
5347,世界,12,1,11,元大-東泰,2023-11-29,9817
00882,中信中國高股息,11,0,11,元大-東泰,2023-11-29,9817
4304,勝昱,11,0,11,元大-東泰,2023-11-29,9817
2014,中鴻,11,0,11,元大-東泰,2023-11-29,9817
00680L,元大美債20正2,1218,10,1208,元大-東泰,2023-11-30,9817
2344,華邦電,514,102,412,元大-東泰,2023-11-30,9817
2882,國泰金,209,3,206,元大-東泰,2023-11-30,9817
2367,燿華,110,0,110,元大-東泰,2023-11-30,9817
5452,佶優,127,21,106,元大-東泰,2023-11-30,9817
2883,凱基金,188,88,100,元大-東泰,2023-11-30,9817
5521,工信,111,11,100,元大-東泰,2023-11-30,9817
3231,緯創,85,16,69,元大-東泰,2023-11-30,9817
1432,大魯閣,93,30,63,元大-東泰,2023-11-30,9817
4114,健喬,62,6,56,元大-東泰,2023-11-30,9817
5351,鈺創,88,32,56,元大-東泰,2023-11-30,9817
00933B,國泰10Y+金融債,55,0,55,元大-東泰,2023-11-30,9817
2353,宏��,56,1,55,元大-東泰,2023-11-30,9817
00751B,元大AAA至A公司債,40,0,40,元大-東泰,2023-11-30,9817
2358,廷鑫,38,0,38,元大-東泰,2023-11-30,9817
00632R,元大台灣50反1,36,0,36,元大-東泰,2023-11-30,9817
00929,復華台灣科技優息,96,61,35,元大-東泰,2023-11-30,9817
00688L,國泰20年美債正2,35,0,35,元大-東泰,2023-11-30,9817
2618,長榮航,46,13,33,元大-東泰,2023-11-30,9817
2313,華通,64,33,31,元大-東泰,2023-11-30,9817
1714,和桐,30,0,30,元大-東泰,2023-11-30,9817
00919,群益台灣精選高息,34,5,29,元大-東泰,2023-11-30,9817
00687B,國泰20年美債,28,1,27,元大-東泰,2023-11-30,9817
2637,慧洋-KY,52,27,25,元大-東泰,2023-11-30,9817
5478,智冠,49,26,23,元大-東泰,2023-11-30,9817
8088,品安,21,0,21,元大-東泰,2023-11-30,9817
1584,精剛,25,4,21,元大-東泰,2023-11-30,9817
1301,台塑,23,3,20,元大-東泰,2023-11-30,9817
00673R,期元大S＆P原油反1,30,10,20,元大-東泰,2023-11-30,9817
00681R,元大美債20反1,20,0,20,元大-東泰,2023-11-30,9817
6243,迅杰,24,6,18,元大-東泰,2023-11-30,9817
3694,海華,17,0,17,元大-東泰,2023-11-30,9817
6139,亞翔,18,3,15,元大-東泰,2023-11-30,9817
2303,聯電,18,4,14,元大-東泰,2023-11-30,9817
00679B,元大美債20年,17,3,14,元大-東泰,2023-11-30,9817
2369,菱生,22,8,14,元大-東泰,2023-11-30,9817
6695,芯鼎,18,4,14,元大-東泰,2023-11-30,9817
2457,飛宏,22,8,14,元大-東泰,2023-11-30,9817
2492,華新科,23,9,14,元大-東泰,2023-11-30,9817
2609,陽明,23,10,13,元大-東泰,2023-11-30,9817
2634,漢翔,16,3,13,元大-東泰,2023-11-30,9817
8097,常珵,13,0,13,元大-東泰,2023-11-30,9817
1762,中化生,12,0,12,元大-東泰,2023-11-30,9817
4908,前鼎,16,5,11,元大-東泰,2023-11-30,9817
00637L,元大滬深300正2,11,0,11,元大-東泰,2023-11-30,9817
6419,京晨科,11,0,11,元大-東泰,2023-11-30,9817
00882,中信中國高股息,10,0,10,元大-東泰,2023-11-30,9817
1603,華電,10,0,10,元大-東泰,2023-11-30,9817
5531,鄉林,10,0,10,元大-東泰,2023-11-30,9817
2897,王道銀行,10,0,10,元大-東泰,2023-11-30,9817
00680L,元大美債20正2,370,0,370,元大-東泰,2023-12-01,9817
2888,新光金,127,3,124,元大-東泰,2023-12-01,9817
2883,凱基金,90,0,90,元大-東泰,2023-12-01,9817
2618,長榮航,91,2,89,元大-東泰,2023-12-01,9817
00715L,期街口布蘭特正2,58,0,58,元大-東泰,2023-12-01,9817
00751B,元大AAA至A公司債,56,0,56,元大-東泰,2023-12-01,9817
00919,群益台灣精選高息,149,97,52,元大-東泰,2023-12-01,9817
00687B,國泰20年美債,51,0,51,元大-東泰,2023-12-01,9817
1101,台泥,48,2,46,元大-東泰,2023-12-01,9817
2002,中鋼,54,12,42,元大-東泰,2023-12-01,9817
2027,大成鋼,53,12,41,元大-東泰,2023-12-01,9817
00679B,元大美債20年,37,1,36,元大-東泰,2023-12-01,9817
2359,所羅門,31,1,30,元大-東泰,2023-12-01,9817
2641,正德,52,23,29,元大-東泰,2023-12-01,9817
2515,中工,27,0,27,元大-東泰,2023-12-01,9817
2313,華通,67,41,26,元大-東泰,2023-12-01,9817
2344,華邦電,89,64,25,元大-東泰,2023-12-01,9817
3231,緯創,50,26,24,元大-東泰,2023-12-01,9817
00878,國泰永續高股息,39,15,24,元大-東泰,2023-12-01,9817
1449,佳和,23,0,23,元大-東泰,2023-12-01,9817
2887,台新金,21,0,21,元大-東泰,2023-12-01,9817
00934,中信成長高股息,28,7,21,元大-東泰,2023-12-01,9817
2312,金寶,20,0,20,元大-東泰,2023-12-01,9817
00637L,元大滬深300正2,30,10,20,元大-東泰,2023-12-01,9817
1616,億泰,20,0,20,元大-東泰,2023-12-01,9817
1714,和桐,20,0,20,元大-東泰,2023-12-01,9817
2886,兆豐金,19,0,19,元大-東泰,2023-12-01,9817
2009,第一銅,20,1,19,元大-東泰,2023-12-01,9817
3704,合勤控,25,6,19,元大-東泰,2023-12-01,9817
2324,仁寶,19,0,19,元大-東泰,2023-12-01,9817
00720B,元大投資級公司債,19,0,19,元大-東泰,2023-12-01,9817
3481,群創,19,1,18,元大-東泰,2023-12-01,9817
5347,世界,19,1,18,元大-東泰,2023-12-01,9817
2884,玉山金,18,0,18,元大-東泰,2023-12-01,9817
2330,台積電,21,4,17,元大-東泰,2023-12-01,9817
00632R,元大台灣50反1,17,0,17,元大-東泰,2023-12-01,9817
2105,正新,18,1,17,元大-東泰,2023-12-01,9817
4167,松瑞藥,23,7,16,元大-東泰,2023-12-01,9817
8215,明基材,16,0,16,元大-東泰,2023-12-01,9817
5608,四維航,27,11,16,元大-東泰,2023-12-01,9817
00935,野村臺灣新科技50,17,2,15,元大-東泰,2023-12-01,9817
6419,京晨科,15,0,15,元大-東泰,2023-12-01,9817
00929,復華台灣科技優息,55,40,15,元大-東泰,2023-12-01,9817
2409,友達,19,5,14,元大-東泰,2023-12-01,9817
2337,旺宏,14,0,14,元大-東泰,2023-12-01,9817
6482,弘煜科,14,0,14,元大-東泰,2023-12-01,9817
1605,華新,19,6,13,元大-東泰,2023-12-01,9817
3257,虹冠電,15,2,13,元大-東泰,2023-12-01,9817
5452,佶優,22,9,13,元大-東泰,2023-12-01,9817
2382,廣達,24,11,13,元大-東泰,2023-12-01,9817
00919,群益台灣精選高息,179,35,144,元大-東泰,2023-12-04,9817
2883,凱基金,154,32,122,元大-東泰,2023-12-04,9817
1467,南緯,100,0,100,元大-東泰,2023-12-04,9817
6235,華孚,98,4,94,元大-東泰,2023-12-04,9817
1718,中纖,110,23,87,元大-東泰,2023-12-04,9817
00632R,元大台灣50反1,65,0,65,元大-東泰,2023-12-04,9817
4533,協易機,75,22,53,元大-東泰,2023-12-04,9817
3059,華晶科,53,1,52,元大-東泰,2023-12-04,9817
2601,益航,67,15,52,元大-東泰,2023-12-04,9817
00688L,國泰20年美債正2,50,0,50,元大-東泰,2023-12-04,9817
3017,奇鋐,52,7,45,元大-東泰,2023-12-04,9817
2613,中櫃,44,0,44,元大-東泰,2023-12-04,9817
00687B,國泰20年美債,43,1,42,元大-東泰,2023-12-04,9817
2316,楠梓電,41,0,41,元大-東泰,2023-12-04,9817
00918,大華優利高填息30,40,0,40,元大-東泰,2023-12-04,9817
2897,王道銀行,36,0,36,元大-東泰,2023-12-04,9817
2605,新興,67,31,36,元大-東泰,2023-12-04,9817
2355,敬鵬,72,38,34,元大-東泰,2023-12-04,9817
1101,台泥,39,8,31,元大-東泰,2023-12-04,9817
3715,定穎投控,106,77,29,元大-東泰,2023-12-04,9817
5452,佶優,29,1,28,元大-東泰,2023-12-04,9817
00679B,元大美債20年,37,12,25,元大-東泰,2023-12-04,9817
6282,康舒,48,23,25,元大-東泰,2023-12-04,9817
2888,新光金,29,5,24,元大-東泰,2023-12-04,9817
2614,東森,24,0,24,元大-東泰,2023-12-04,9817
1605,華新,59,36,23,元大-東泰,2023-12-04,9817
1504,東元,24,2,22,元大-東泰,2023-12-04,9817
8097,常珵,22,0,22,元大-東泰,2023-12-04,9817
3706,神達,30,10,20,元大-東泰,2023-12-04,9817
3028,增你強,20,0,20,元大-東泰,2023-12-04,9817
2104,國際中橡,20,0,20,元大-東泰,2023-12-04,9817
2543,皇昌,20,0,20,元大-東泰,2023-12-04,9817
6122,擎邦,21,2,19,元大-東泰,2023-12-04,9817
3078,僑威,29,11,18,元大-東泰,2023-12-04,9817
3041,揚智,62,44,18,元大-東泰,2023-12-04,9817
3532,台勝科,21,3,18,元大-東泰,2023-12-04,9817
3694,海華,16,0,16,元大-東泰,2023-12-04,9817
9919,康那香,75,60,15,元大-東泰,2023-12-04,9817
3052,夆典,15,0,15,元大-東泰,2023-12-04,9817
3060,銘異,15,0,15,元大-東泰,2023-12-04,9817
00720B,元大投資級公司債,15,0,15,元大-東泰,2023-12-04,9817
6733,博晟生醫,15,0,15,元大-東泰,2023-12-04,9817
1524,耿鼎,14,0,14,元大-東泰,2023-12-04,9817
0056,元大高股息,25,11,14,元大-東泰,2023-12-04,9817
8054,安國,16,3,13,元大-東泰,2023-12-04,9817
00753L,中信中國50正2,13,0,13,元大-東泰,2023-12-04,9817
3680,家登,13,0,13,元大-東泰,2023-12-04,9817
2330,台積電,18,6,12,元大-東泰,2023-12-04,9817
6770,力積電,14,2,12,元大-東泰,2023-12-04,9817
2405,輔信,14,2,12,元大-東泰,2023-12-04,9817
00680L,元大美債20正2,819,0,819,元大-東泰,2023-12-05,9817
00650L,復華香港正2,335,0,335,元大-東泰,2023-12-05,9817
00937B,群益ESG投等債20,355,29,326,元大-東泰,2023-12-05,9817
00929,復華台灣科技優息,240,38,202,元大-東泰,2023-12-05,9817
00919,群益台灣精選高息,172,1,171,元大-東泰,2023-12-05,9817
1718,中纖,163,0,163,元大-東泰,2023-12-05,9817
3013,晟銘電,190,50,140,元大-東泰,2023-12-05,9817
2867,三商壽,147,20,127,元大-東泰,2023-12-05,9817
2356,英業達,132,9,123,元大-東泰,2023-12-05,9817
2367,燿華,114,12,102,元大-東泰,2023-12-05,9817
1605,華新,70,5,65,元大-東泰,2023-12-05,9817
2888,新光金,61,3,58,元大-東泰,2023-12-05,9817
2618,長榮航,55,0,55,元大-東泰,2023-12-05,9817
2612,中航,108,54,54,元大-東泰,2023-12-05,9817
2303,聯電,53,0,53,元大-東泰,2023-12-05,9817
00885,富邦越南,52,1,51,元大-東泰,2023-12-05,9817
00878,國泰永續高股息,56,7,49,元大-東泰,2023-12-05,9817
6216,居易,40,0,40,元大-東泰,2023-12-05,9817
00882,中信中國高股息,36,2,34,元大-東泰,2023-12-05,9817
00830,國泰費城半導體,31,0,31,元大-東泰,2023-12-05,9817
00934,中信成長高股息,32,1,31,元大-東泰,2023-12-05,9817
2371,大同,63,32,31,元大-東泰,2023-12-05,9817
3028,增你強,30,0,30,元大-東泰,2023-12-05,9817
2520,冠德,30,1,29,元大-東泰,2023-12-05,9817
2355,敬鵬,38,11,27,元大-東泰,2023-12-05,9817
00637L,元大滬深300正2,26,0,26,元大-東泰,2023-12-05,9817
2489,瑞軒,29,5,24,元大-東泰,2023-12-05,9817
2376,技嘉,28,5,23,元大-東泰,2023-12-05,9817
2883,凱基金,29,7,22,元大-東泰,2023-12-05,9817
2363,矽統,51,29,22,元大-東泰,2023-12-05,9817
2308,台達電,21,0,21,元大-東泰,2023-12-05,9817
00918,大華優利高填息30,23,2,21,元大-東泰,2023-12-05,9817
6150,撼訊,25,5,20,元大-東泰,2023-12-05,9817
6163,華電網,20,0,20,元大-東泰,2023-12-05,9817
2601,益航,31,11,20,元大-東泰,2023-12-05,9817
5469,瀚宇博,23,3,20,元大-東泰,2023-12-05,9817
00679B,元大美債20年,30,10,20,元大-東泰,2023-12-05,9817
1815,富喬,24,5,19,元大-東泰,2023-12-05,9817
2417,圓剛,20,1,19,元大-東泰,2023-12-05,9817
2337,旺宏,20,1,19,元大-東泰,2023-12-05,9817
2641,正德,65,47,18,元大-東泰,2023-12-05,9817
1584,精剛,26,8,18,元大-東泰,2023-12-05,9817
00662,富邦NASDAQ,18,1,17,元大-東泰,2023-12-05,9817
0056,元大高股息,22,6,16,元大-東泰,2023-12-05,9817
6811,宏�硌穈T,16,0,16,元大-東泰,2023-12-05,9817
2368,金像電,16,0,16,元大-東泰,2023-12-05,9817
00687B,國泰20年美債,15,0,15,元大-東泰,2023-12-05,9817
3050,鈺德,19,4,15,元大-東泰,2023-12-05,9817
5347,世界,18,3,15,元大-東泰,2023-12-05,9817
4128,中天,14,0,14,元大-東泰,2023-12-05,9817
00937B,群益ESG投等債20,605,41,564,元大-東泰,2023-12-06,9817
1718,中纖,466,3,463,元大-東泰,2023-12-06,9817
00885,富邦越南,201,0,201,元大-東泰,2023-12-06,9817
2344,華邦電,164,9,155,元大-東泰,2023-12-06,9817
3013,晟銘電,279,188,91,元大-東泰,2023-12-06,9817
00637L,元大滬深300正2,83,1,82,元大-東泰,2023-12-06,9817
2605,新興,187,115,72,元大-東泰,2023-12-06,9817
3481,群創,76,10,66,元大-東泰,2023-12-06,9817
1522,堤維西,95,30,65,元大-東泰,2023-12-06,9817
2367,燿華,166,108,58,元大-東泰,2023-12-06,9817
2349,錸德,55,0,55,元大-東泰,2023-12-06,9817
00919,群益台灣精選高息,71,17,54,元大-東泰,2023-12-06,9817
2303,聯電,56,2,54,元大-東泰,2023-12-06,9817
1312,國喬,49,0,49,元大-東泰,2023-12-06,9817
8936,國統,69,22,47,元大-東泰,2023-12-06,9817
5521,工信,52,6,46,元大-東泰,2023-12-06,9817
2606,裕民,62,18,44,元大-東泰,2023-12-06,9817
6216,居易,41,0,41,元大-東泰,2023-12-06,9817
00687B,國泰20年美債,42,2,40,元大-東泰,2023-12-06,9817
00679B,元大美債20年,50,11,39,元大-東泰,2023-12-06,9817
00712,復華富時不動產,35,2,33,元大-東泰,2023-12-06,9817
2312,金寶,32,0,32,元大-東泰,2023-12-06,9817
1605,華新,33,5,28,元大-東泰,2023-12-06,9817
2489,瑞軒,27,0,27,元大-東泰,2023-12-06,9817
2611,志信,34,8,26,元大-東泰,2023-12-06,9817
2613,中櫃,26,0,26,元大-東泰,2023-12-06,9817
00751B,元大AAA至A公司債,31,5,26,元大-東泰,2023-12-06,9817
3059,華晶科,25,0,25,元大-東泰,2023-12-06,9817
2516,新建,25,0,25,元大-東泰,2023-12-06,9817
2358,廷鑫,23,0,23,元大-東泰,2023-12-06,9817
00795B,中信美國公債20年,23,0,23,元大-東泰,2023-12-06,9817
00642U,期元大S＆P石油,23,0,23,元大-東泰,2023-12-06,9817
00720B,元大投資級公司債,25,2,23,元大-東泰,2023-12-06,9817
5347,世界,25,3,22,元大-東泰,2023-12-06,9817
1616,億泰,22,0,22,元大-東泰,2023-12-06,9817
3543,州巧,22,0,22,元大-東泰,2023-12-06,9817
5531,鄉林,21,0,21,元大-東泰,2023-12-06,9817
1582,信錦,23,3,20,元大-東泰,2023-12-06,9817
1762,中化生,20,0,20,元大-東泰,2023-12-06,9817
3518,柏騰,27,7,20,元大-東泰,2023-12-06,9817
2371,大同,74,55,19,元大-東泰,2023-12-06,9817
1101,台泥,17,0,17,元大-東泰,2023-12-06,9817
3050,鈺德,21,4,17,元大-東泰,2023-12-06,9817
1529,樂事綠能,40,24,16,元大-東泰,2023-12-06,9817
1727,中華化,17,1,16,元大-東泰,2023-12-06,9817
2105,正新,16,0,16,元大-東泰,2023-12-06,9817
2615,萬海,77,62,15,元大-東泰,2023-12-06,9817
4121,優盛,16,1,15,元大-東泰,2023-12-06,9817
00933B,國泰10Y+金融債,17,2,15,元大-東泰,2023-12-06,9817
2882,國泰金,15,0,15,元大-東泰,2023-12-06,9817
00680L,元大美債20正2,253,4,249,元大-東泰,2023-12-07,9817
1718,中纖,166,2,164,元大-東泰,2023-12-07,9817
00937B,群益ESG投等債20,195,44,151,元大-東泰,2023-12-07,9817
00919,群益台灣精選高息,142,15,127,元大-東泰,2023-12-07,9817
00688L,國泰20年美債正2,129,10,119,元大-東泰,2023-12-07,9817
2605,新興,134,20,114,元大-東泰,2023-12-07,9817
00882,中信中國高股息,106,2,104,元大-東泰,2023-12-07,9817
3481,群創,88,0,88,元大-東泰,2023-12-07,9817
1522,堤維西,106,31,75,元大-東泰,2023-12-07,9817
00885,富邦越南,155,86,69,元大-東泰,2023-12-07,9817
2303,聯電,79,12,67,元大-東泰,2023-12-07,9817
5469,瀚宇博,65,5,60,元大-東泰,2023-12-07,9817
00934,中信成長高股息,57,0,57,元大-東泰,2023-12-07,9817
2867,三商壽,55,0,55,元大-東泰,2023-12-07,9817
2897,王道銀行,55,0,55,元大-東泰,2023-12-07,9817
6120,達運,50,0,50,元大-東泰,2023-12-07,9817
2618,長榮航,127,81,46,元大-東泰,2023-12-07,9817
6216,居易,45,0,45,元大-東泰,2023-12-07,9817
00715L,期街口布蘭特正2,41,0,41,元大-東泰,2023-12-07,9817
4304,勝昱,37,0,37,元大-東泰,2023-12-07,9817
6116,彩晶,30,0,30,元大-東泰,2023-12-07,9817
2457,飛宏,35,5,30,元大-東泰,2023-12-07,9817
2399,映泰,61,32,29,元大-東泰,2023-12-07,9817
00933B,國泰10Y+金融債,29,0,29,元大-東泰,2023-12-07,9817
00687B,國泰20年美債,40,12,28,元大-東泰,2023-12-07,9817
3051,力特,42,15,27,元大-東泰,2023-12-07,9817
6695,芯鼎,27,0,27,元大-東泰,2023-12-07,9817
00915,凱基優選高股息30,27,0,27,元大-東泰,2023-12-07,9817
3028,增你強,26,0,26,元大-東泰,2023-12-07,9817
00642U,期元大S＆P石油,26,0,26,元大-東泰,2023-12-07,9817
00679B,元大美債20年,33,8,25,元大-東泰,2023-12-07,9817
2515,中工,25,0,25,元大-東泰,2023-12-07,9817
1314,中石化,24,0,24,元大-東泰,2023-12-07,9817
3260,威剛,34,10,24,元大-東泰,2023-12-07,9817
1319,東陽,50,29,21,元大-東泰,2023-12-07,9817
3047,訊舟,20,0,20,元大-東泰,2023-12-07,9817
3489,森寶,20,0,20,元大-東泰,2023-12-07,9817
6112,邁達特,22,2,20,元大-東泰,2023-12-07,9817
4533,協易機,27,8,19,元大-東泰,2023-12-07,9817
5521,工信,20,1,19,元大-東泰,2023-12-07,9817
2363,矽統,68,49,19,元大-東泰,2023-12-07,9817
2891,中信金,17,1,16,元大-東泰,2023-12-07,9817
00918,大華優利高填息30,16,0,16,元大-東泰,2023-12-07,9817
3444,利機,19,3,16,元大-東泰,2023-12-07,9817
1603,華電,16,1,15,元大-東泰,2023-12-07,9817
4426,利勤,15,0,15,元大-東泰,2023-12-07,9817
6152,百一,15,0,15,元大-東泰,2023-12-07,9817
2337,旺宏,18,3,15,元大-東泰,2023-12-07,9817
1611,中電,22,8,14,元大-東泰,2023-12-07,9817
6173,信昌電,17,3,14,元大-東泰,2023-12-07,9817
2618,長榮航,208,58,150,元大-東泰,2023-12-08,9817
00671R,富邦NASDAQ反1,100,0,100,元大-東泰,2023-12-08,9817
2367,燿華,101,6,95,元大-東泰,2023-12-08,9817
2867,三商壽,93,0,93,元大-東泰,2023-12-08,9817
00687B,國泰20年美債,99,10,89,元大-東泰,2023-12-08,9817
00882,中信中國高股息,70,3,67,元大-東泰,2023-12-08,9817
2363,矽統,104,41,63,元大-東泰,2023-12-08,9817
8096,擎亞,61,1,60,元大-東泰,2023-12-08,9817
5521,工信,60,10,50,元大-東泰,2023-12-08,9817
00688L,國泰20年美債正2,47,0,47,元大-東泰,2023-12-08,9817
00680L,元大美債20正2,45,0,45,元大-東泰,2023-12-08,9817
2887,台新金,45,0,45,元大-東泰,2023-12-08,9817
2449,京元電子,51,6,45,元大-東泰,2023-12-08,9817
00751B,元大AAA至A公司債,29,2,27,元大-東泰,2023-12-08,9817
2323,中環,91,64,27,元大-東泰,2023-12-08,9817
3532,台勝科,35,8,27,元大-東泰,2023-12-08,9817
2329,華泰,50,23,27,元大-東泰,2023-12-08,9817
00937B,群益ESG投等債20,40,16,24,元大-東泰,2023-12-08,9817
3231,緯創,69,44,25,元大-東泰,2023-12-08,9817
3481,群創,21,0,21,元大-東泰,2023-12-08,9817
2606,裕民,34,14,20,元大-東泰,2023-12-08,9817
2851,中再保,20,0,20,元大-東泰,2023-12-08,9817
2885,元大金,20,1,19,元大-東泰,2023-12-08,9817
2612,中航,21,2,19,元大-東泰,2023-12-08,9817
2888,新光金,122,104,18,元大-東泰,2023-12-08,9817
2634,漢翔,21,4,17,元大-東泰,2023-12-08,9817
00679B,元大美債20年,27,10,17,元大-東泰,2023-12-08,9817
1314,中石化,16,0,16,元大-東泰,2023-12-08,9817
00885,富邦越南,15,0,15,元大-東泰,2023-12-08,9817
1529,樂事綠能,24,9,15,元大-東泰,2023-12-08,9817
6177,達麗,14,0,14,元大-東泰,2023-12-08,9817
00918,大華優利高填息30,15,1,14,元大-東泰,2023-12-08,9817
6425,易發,14,0,14,元大-東泰,2023-12-08,9817
2105,正新,14,0,14,元大-東泰,2023-12-08,9817
4906,正文,22,8,14,元大-東泰,2023-12-08,9817
2637,慧洋-KY,13,0,13,元大-東泰,2023-12-08,9817
00753L,中信中國50正2,13,0,13,元大-東泰,2023-12-08,9817
6233,旺玖,15,2,13,元大-東泰,2023-12-08,9817
1612,宏泰,18,5,13,元大-東泰,2023-12-08,9817
3062,建漢,13,0,13,元大-東泰,2023-12-08,9817
00878,國泰永續高股息,36,24,12,元大-東泰,2023-12-08,9817
1319,東陽,28,16,12,元大-東泰,2023-12-08,9817
1584,精剛,12,0,12,元大-東泰,2023-12-08,9817
2485,兆赫,12,0,12,元大-東泰,2023-12-08,9817
6226,光鼎,12,0,12,元大-東泰,2023-12-08,9817
00929,復華台灣科技優息,49,37,12,元大-東泰,2023-12-08,9817
4976,佳凌,11,0,11,元大-東泰,2023-12-08,9817
00915,凱基優選高股息30,11,0,11,元大-東泰,2023-12-08,9817
5258,虹堡,11,0,11,元大-東泰,2023-12-08,9817
8277,商丞,12,2,10,元大-東泰,2023-12-08,9817
00680L,元大美債20正2,366,48,318,元大-東泰,2023-12-11,9817
00671R,富邦NASDAQ反1,100,0,100,元大-東泰,2023-12-11,9817
00919,群益台灣精選高息,100,8,92,元大-東泰,2023-12-11,9817
00882,中信中國高股息,115,26,89,元大-東泰,2023-12-11,9817
00679B,元大美債20年,80,4,76,元大-東泰,2023-12-11,9817
0056,元大高股息,105,38,67,元大-東泰,2023-12-11,9817
2605,新興,83,25,58,元大-東泰,2023-12-11,9817
2812,台中銀,51,0,51,元大-東泰,2023-12-11,9817
00687B,國泰20年美債,55,7,48,元大-東泰,2023-12-11,9817
3481,群創,49,1,48,元大-東泰,2023-12-11,9817
1609,大亞,69,22,47,元大-東泰,2023-12-11,9817
00918,大華優利高填息30,44,0,44,元大-東泰,2023-12-11,9817
00753L,中信中國50正2,48,5,43,元大-東泰,2023-12-11,9817
2867,三商壽,41,0,41,元大-東泰,2023-12-11,9817
2002,中鋼,58,23,35,元大-東泰,2023-12-11,9817
6160,欣技,35,0,35,元大-東泰,2023-12-11,9817
00915,凱基優選高股息30,40,7,33,元大-東泰,2023-12-11,9817
8092,建暐,42,9,33,元大-東泰,2023-12-11,9817
2323,中環,30,1,29,元大-東泰,2023-12-11,9817
2388,威盛,42,14,28,元大-東泰,2023-12-11,9817
2301,光寶科,29,1,28,元大-東泰,2023-12-11,9817
1524,耿鼎,165,137,28,元大-東泰,2023-12-11,9817
6285,啟��,61,34,27,元大-東泰,2023-12-11,9817
4167,松瑞藥,28,1,27,元大-東泰,2023-12-11,9817
00637L,元大滬深300正2,25,0,25,元大-東泰,2023-12-11,9817
00688L,國泰20年美債正2,24,0,24,元大-東泰,2023-12-11,9817
3693,營邦,25,2,23,元大-東泰,2023-12-11,9817
2615,萬海,36,13,23,元大-東泰,2023-12-11,9817
3438,類比科,24,2,22,元大-東泰,2023-12-11,9817
00715L,期街口布蘭特正2,26,4,22,元大-東泰,2023-12-11,9817
3260,威剛,37,15,22,元大-東泰,2023-12-11,9817
00929,復華台灣科技優息,35,14,21,元大-東泰,2023-12-11,9817
4904,遠傳,20,0,20,元大-東泰,2023-12-11,9817
2883,凱基金,21,1,20,元大-東泰,2023-12-11,9817
2314,台揚,28,8,20,元大-東泰,2023-12-11,9817
1605,華新,26,7,19,元大-東泰,2023-12-11,9817
3374,精材,28,9,19,元大-東泰,2023-12-11,9817
2368,金像電,18,0,18,元大-東泰,2023-12-11,9817
3025,星通,24,6,18,元大-東泰,2023-12-11,9817
1402,遠東新,18,0,18,元大-東泰,2023-12-11,9817
4906,正文,30,13,17,元大-東泰,2023-12-11,9817
3532,台勝科,24,7,17,元大-東泰,2023-12-11,9817
8050,廣積,20,3,17,元大-東泰,2023-12-11,9817
1101,台泥,18,2,16,元大-東泰,2023-12-11,9817
3078,僑威,24,8,16,元大-東泰,2023-12-11,9817
2457,飛宏,16,0,16,元大-東泰,2023-12-11,9817
2317,鴻海,19,4,15,元大-東泰,2023-12-11,9817
2618,長榮航,44,29,15,元大-東泰,2023-12-11,9817
4114,健喬,15,0,15,元大-東泰,2023-12-11,9817
3607,谷崧,15,0,15,元大-東泰,2023-12-11,9817
1815,富喬,309,4,305,元大-東泰,2023-12-12,9817
00687B,國泰20年美債,235,0,235,元大-東泰,2023-12-12,9817
00671R,富邦NASDAQ反1,250,20,230,元大-東泰,2023-12-12,9817
2344,華邦電,257,81,176,元大-東泰,2023-12-12,9817
6116,彩晶,113,1,112,元大-東泰,2023-12-12,9817
00919,群益台灣精選高息,141,30,111,元大-東泰,2023-12-12,9817
00632R,元大台灣50反1,102,0,102,元大-東泰,2023-12-12,9817
00673R,期元大S＆P原油反1,100,0,100,元大-東泰,2023-12-12,9817
00680L,元大美債20正2,95,0,95,元大-東泰,2023-12-12,9817
00929,復華台灣科技優息,89,19,70,元大-東泰,2023-12-12,9817
6282,康舒,70,6,64,元大-東泰,2023-12-12,9817
2002,中鋼,68,9,59,元大-東泰,2023-12-12,9817
00918,大華優利高填息30,60,9,51,元大-東泰,2023-12-12,9817
2867,三商壽,50,0,50,元大-東泰,2023-12-12,9817
2615,萬海,61,12,49,元大-東泰,2023-12-12,9817
00885,富邦越南,58,11,47,元大-東泰,2023-12-12,9817
1402,遠東新,46,0,46,元大-東泰,2023-12-12,9817
00934,中信成長高股息,51,8,43,元大-東泰,2023-12-12,9817
5452,佶優,42,0,42,元大-東泰,2023-12-12,9817
6138,茂達,40,0,40,元大-東泰,2023-12-12,9817
3450,聯鈞,38,1,37,元大-東泰,2023-12-12,9817
2323,中環,37,1,36,元大-東泰,2023-12-12,9817
1449,佳和,30,0,30,元大-東泰,2023-12-12,9817
8112,至上,44,15,29,元大-東泰,2023-12-12,9817
3231,緯創,48,19,29,元大-東泰,2023-12-12,9817
1108,幸福,50,23,27,元大-東泰,2023-12-12,9817
1609,大亞,37,12,25,元大-東泰,2023-12-12,9817
1314,中石化,24,0,24,元大-東泰,2023-12-12,9817
2409,友達,25,1,24,元大-東泰,2023-12-12,9817
4114,健喬,23,0,23,元大-東泰,2023-12-12,9817
00751B,元大AAA至A公司債,22,0,22,元大-東泰,2023-12-12,9817
3013,晟銘電,22,1,21,元大-東泰,2023-12-12,9817
2606,裕民,23,3,20,元大-東泰,2023-12-12,9817
2897,王道銀行,20,1,19,元大-東泰,2023-12-12,9817
8054,安國,27,8,19,元大-東泰,2023-12-12,9817
00937B,群益ESG投等債20,28,10,18,元大-東泰,2023-12-12,9817
2610,華航,31,14,17,元大-東泰,2023-12-12,9817
2324,仁寶,25,8,17,元大-東泰,2023-12-12,9817
2337,旺宏,32,15,17,元大-東泰,2023-12-12,9817
5328,華容,26,9,17,元大-東泰,2023-12-12,9817
00933B,國泰10Y+金融債,17,0,17,元大-東泰,2023-12-12,9817
2360,致茂,19,3,16,元大-東泰,2023-12-12,9817
2605,新興,31,15,16,元大-東泰,2023-12-12,9817
4908,前鼎,37,21,16,元大-東泰,2023-12-12,9817
6443,元晶,15,0,15,元大-東泰,2023-12-12,9817
6160,欣技,14,0,14,元大-東泰,2023-12-12,9817
2641,正德,15,1,14,元大-東泰,2023-12-12,9817
3363,上詮,15,2,13,元大-東泰,2023-12-12,9817
00679B,元大美債20年,15,2,13,元大-東泰,2023-12-12,9817
3078,僑威,13,1,12,元大-東泰,2023-12-12,9817
6668,中揚光,102,1,101,元大-東泰,2023-12-13,9817
00632R,元大台灣50反1,100,0,100,元大-東泰,2023-12-13,9817
00671R,富邦NASDAQ反1,100,0,100,元大-東泰,2023-12-13,9817
00885,富邦越南,100,23,77,元大-東泰,2023-12-13,9817
2867,三商壽,100,25,75,元大-東泰,2023-12-13,9817
00919,群益台灣精選高息,118,48,70,元大-東泰,2023-12-13,9817
3706,神達,109,43,66,元大-東泰,2023-12-13,9817
4915,致伸,60,1,59,元大-東泰,2023-12-13,9817
2002,中鋼,65,14,51,元大-東泰,2023-12-13,9817
2399,映泰,53,6,47,元大-東泰,2023-12-13,9817
1605,華新,49,5,44,元大-東泰,2023-12-13,9817
3481,群創,50,8,42,元大-東泰,2023-12-13,9817
2883,凱基金,41,0,41,元大-東泰,2023-12-13,9817
00715L,期街口布蘭特正2,60,20,40,元大-東泰,2023-12-13,9817
1402,遠東新,38,0,38,元大-東泰,2023-12-13,9817
1584,精剛,36,2,34,元大-東泰,2023-12-13,9817
3380,明泰,38,4,34,元大-東泰,2023-12-13,9817
2457,飛宏,33,0,33,元大-東泰,2023-12-13,9817
00929,復華台灣科技優息,61,30,31,元大-東泰,2023-12-13,9817
3532,台勝科,31,0,31,元大-東泰,2023-12-13,9817
2371,大同,82,52,30,元大-東泰,2023-12-13,9817
2618,長榮航,44,15,29,元大-東泰,2023-12-13,9817
2340,台亞,25,1,24,元大-東泰,2023-12-13,9817
00878,國泰永續高股息,97,74,23,元大-東泰,2023-12-13,9817
00934,中信成長高股息,22,0,22,元大-東泰,2023-12-13,9817
6237,驊訊,22,1,21,元大-東泰,2023-12-13,9817
3363,上詮,22,1,21,元大-東泰,2023-12-13,9817
00882,中信中國高股息,21,0,21,元大-東泰,2023-12-13,9817
6770,力積電,30,10,20,元大-東泰,2023-12-13,9817
2402,毅嘉,22,2,20,元大-東泰,2023-12-13,9817
1513,中興電,27,8,19,元大-東泰,2023-12-13,9817
6282,康舒,33,14,19,元大-東泰,2023-12-13,9817
00679B,元大美債20年,28,9,19,元大-東泰,2023-12-13,9817
4933,友輝,24,6,18,元大-東泰,2023-12-13,9817
00687B,國泰20年美債,18,0,18,元大-東泰,2023-12-13,9817
1303,南亞,17,0,17,元大-東泰,2023-12-13,9817
2888,新光金,18,1,17,元大-東泰,2023-12-13,9817
00712,復華富時不動產,20,3,17,元大-東泰,2023-12-13,9817
2609,陽明,20,4,16,元大-東泰,2023-12-13,9817
2634,漢翔,18,3,15,元大-東泰,2023-12-13,9817
00898,國泰基因免疫革命,15,0,15,元大-東泰,2023-12-13,9817
2427,三商電,15,0,15,元大-東泰,2023-12-13,9817
2428,興勤,14,0,14,元大-東泰,2023-12-13,9817
2365,昆盈,29,15,14,元大-東泰,2023-12-13,9817
00720B,元大投資級公司債,14,0,14,元大-東泰,2023-12-13,9817
00753L,中信中國50正2,14,0,14,元大-東泰,2023-12-13,9817
00921,兆豐龍頭等權重,13,0,13,元大-東泰,2023-12-13,9817
4183,福永生技,13,0,13,元大-東泰,2023-12-13,9817
5388,中磊,34,22,12,元大-東泰,2023-12-13,9817
8930,青鋼,13,1,12,元大-東泰,2023-12-13,9817
00919,群益台灣精選高息,320,107,213,元大-東泰,2023-12-14,9817
00671R,富邦NASDAQ反1,200,0,200,元大-東泰,2023-12-14,9817
00637L,元大滬深300正2,166,0,166,元大-東泰,2023-12-14,9817
00632R,元大台灣50反1,371,226,145,元大-東泰,2023-12-14,9817
00929,復華台灣科技優息,179,51,128,元大-東泰,2023-12-14,9817
00687B,國泰20年美債,272,146,126,元大-東泰,2023-12-14,9817
00885,富邦越南,111,8,103,元大-東泰,2023-12-14,9817
2344,華邦電,176,79,97,元大-東泰,2023-12-14,9817
00720B,元大投資級公司債,87,0,87,元大-東泰,2023-12-14,9817
00688L,國泰20年美債正2,82,0,82,元大-東泰,2023-12-14,9817
00918,大華優利高填息30,69,14,55,元大-東泰,2023-12-14,9817
2329,華泰,65,10,55,元大-東泰,2023-12-14,9817
3049,精金,45,0,45,元大-東泰,2023-12-14,9817
00795B,中信美國公債20年,42,1,41,元大-東泰,2023-12-14,9817
5521,工信,400,361,39,元大-東泰,2023-12-14,9817
4915,致伸,47,12,35,元大-東泰,2023-12-14,9817
00923,群益台ESG低碳50,37,3,34,元大-東泰,2023-12-14,9817
2615,萬海,136,108,28,元大-東泰,2023-12-14,9817
3231,緯創,116,90,26,元大-東泰,2023-12-14,9817
00679B,元大美債20年,44,18,26,元大-東泰,2023-12-14,9817
3491,昇達科,26,1,25,元大-東泰,2023-12-14,9817
8092,建暐,35,10,25,元大-東泰,2023-12-14,9817
1605,華新,28,5,23,元大-東泰,2023-12-14,9817
2353,宏��,29,6,23,元大-東泰,2023-12-14,9817
2425,承啟,21,0,21,元大-東泰,2023-12-14,9817
2641,正德,20,0,20,元大-東泰,2023-12-14,9817
00882,中信中國高股息,23,3,20,元大-東泰,2023-12-14,9817
5381,合正,22,2,20,元大-東泰,2023-12-14,9817
3372,典範,19,0,19,元大-東泰,2023-12-14,9817
8011,台通,21,2,19,元大-東泰,2023-12-14,9817
3390,旭軟,21,2,19,元大-東泰,2023-12-14,9817
2324,仁寶,42,23,19,元大-東泰,2023-12-14,9817
2313,華通,93,74,19,元大-東泰,2023-12-14,9817
00680L,元大美債20正2,61,43,18,元大-東泰,2023-12-14,9817
2409,友達,29,11,18,元大-東泰,2023-12-14,9817
6237,驊訊,19,1,18,元大-東泰,2023-12-14,9817
1319,東陽,25,7,18,元大-東泰,2023-12-14,9817
8110,華東,32,15,17,元大-東泰,2023-12-14,9817
2365,昆盈,74,58,16,元大-東泰,2023-12-14,9817
2486,一詮,21,5,16,元大-東泰,2023-12-14,9817
2387,精元,17,1,16,元大-東泰,2023-12-14,9817
2367,燿華,25,9,16,元大-東泰,2023-12-14,9817
2352,佳世達,33,18,15,元大-東泰,2023-12-14,9817
00933B,國泰10Y+金融債,15,1,14,元大-東泰,2023-12-14,9817
8089,康全電訊,25,11,14,元大-東泰,2023-12-14,9817
4973,廣穎,18,4,14,元大-東泰,2023-12-14,9817
00934,中信成長高股息,55,42,13,元大-東泰,2023-12-14,9817
2609,陽明,14,1,13,元大-東泰,2023-12-14,9817
6116,彩晶,33,20,13,元大-東泰,2023-12-14,9817
8936,國統,23,10,13,元大-東泰,2023-12-14,9817
00715L,期街口布蘭特正2,314,16,298,元大-東泰,2023-12-15,9817
00919,群益台灣精選高息,321,49,272,元大-東泰,2023-12-15,9817
5521,工信,298,44,254,元大-東泰,2023-12-15,9817
2356,英業達,425,223,202,元大-東泰,2023-12-15,9817
00642U,期元大S＆P石油,176,0,176,元大-東泰,2023-12-15,9817
2363,矽統,371,198,173,元大-東泰,2023-12-15,9817
2498,宏達電,154,5,149,元大-東泰,2023-12-15,9817
00885,富邦越南,106,0,106,元大-東泰,2023-12-15,9817
00671R,富邦NASDAQ反1,100,0,100,元大-東泰,2023-12-15,9817
2609,陽明,153,57,96,元大-東泰,2023-12-15,9817
00632R,元大台灣50反1,105,15,90,元大-東泰,2023-12-15,9817
00720B,元大投資級公司債,73,0,73,元大-東泰,2023-12-15,9817
00934,中信成長高股息,67,0,67,元大-東泰,2023-12-15,9817
00918,大華優利高填息30,76,18,58,元大-東泰,2023-12-15,9817
00933B,國泰10Y+金融債,45,0,45,元大-東泰,2023-12-15,9817
00772B,中信高評級公司債,46,2,44,元大-東泰,2023-12-15,9817
00688L,國泰20年美債正2,41,1,40,元大-東泰,2023-12-15,9817
2867,三商壽,40,1,39,元大-東泰,2023-12-15,9817
6770,力積電,48,10,38,元大-東泰,2023-12-15,9817
2515,中工,105,70,35,元大-東泰,2023-12-15,9817
8429,金麗-KY,35,0,35,元大-東泰,2023-12-15,9817
1616,億泰,31,0,31,元大-東泰,2023-12-15,9817
00687B,國泰20年美債,29,0,29,元大-東泰,2023-12-15,9817
00713,元大台灣高息低波,28,0,28,元大-東泰,2023-12-15,9817
3265,台星科,30,5,25,元大-東泰,2023-12-15,9817
1504,東元,46,23,23,元大-東泰,2023-12-15,9817
5351,鈺創,23,1,22,元大-東泰,2023-12-15,9817
2023,燁輝,30,8,22,元大-東泰,2023-12-15,9817
9958,世紀鋼,31,10,21,元大-東泰,2023-12-15,9817
6233,旺玖,28,7,21,元大-東泰,2023-12-15,9817
2801,彰銀,27,6,21,元大-東泰,2023-12-15,9817
1101,台泥,21,0,21,元大-東泰,2023-12-15,9817
3231,緯創,72,53,19,元大-東泰,2023-12-15,9817
1609,大亞,21,3,18,元大-東泰,2023-12-15,9817
2887,台新金,18,0,18,元大-東泰,2023-12-15,9817
2329,華泰,57,39,18,元大-東泰,2023-12-15,9817
2007,燁興,20,2,18,元大-東泰,2023-12-15,9817
4960,誠美材,18,0,18,元大-東泰,2023-12-15,9817
2412,中華電,18,0,18,元大-東泰,2023-12-15,9817
3041,揚智,27,9,18,元大-東泰,2023-12-15,9817
2449,京元電子,23,5,18,元大-東泰,2023-12-15,9817
1612,宏泰,19,2,17,元大-東泰,2023-12-15,9817
3086,華義,17,0,17,元大-東泰,2023-12-15,9817
4906,正文,17,0,17,元大-東泰,2023-12-15,9817
3450,聯鈞,17,1,16,元大-東泰,2023-12-15,9817
00915,凱基優選高股息30,21,5,16,元大-東泰,2023-12-15,9817
1524,耿鼎,23,7,16,元大-東泰,2023-12-15,9817
3005,神基,51,36,15,元大-東泰,2023-12-15,9817
3028,增你強,15,0,15,元大-東泰,2023-12-15,9817
00637L,元大滬深300正2,14,0,14,元大-東泰,2023-12-15,9817
2618,長榮航,508,100,408,元大-東泰,2023-12-18,9817
00919,群益台灣精選高息,132,15,117,元大-東泰,2023-12-18,9817
00671R,富邦NASDAQ反1,102,0,102,元大-東泰,2023-12-18,9817
2609,陽明,291,194,97,元大-東泰,2023-12-18,9817
2883,凱基金,92,0,92,元大-東泰,2023-12-18,9817
2328,廣宇,79,2,77,元大-東泰,2023-12-18,9817
00679B,元大美債20年,150,78,72,元大-東泰,2023-12-18,9817
2344,華邦電,180,109,71,元大-東泰,2023-12-18,9817
2356,英業達,104,35,69,元大-東泰,2023-12-18,9817
00885,富邦越南,64,0,64,元大-東泰,2023-12-18,9817
2409,友達,57,4,53,元大-東泰,2023-12-18,9817
2812,台中銀,50,0,50,元大-東泰,2023-12-18,9817
1314,中石化,53,4,49,元大-東泰,2023-12-18,9817
00700,富邦�琤肭磪�,45,0,45,元大-東泰,2023-12-18,9817
1806,冠軍,42,2,40,元大-東泰,2023-12-18,9817
2402,毅嘉,45,5,40,元大-東泰,2023-12-18,9817
00636,國泰中國A50,39,0,39,元大-東泰,2023-12-18,9817
00937B,群益ESG投等債20,75,37,38,元大-東泰,2023-12-18,9817
2002,中鋼,72,37,35,元大-東泰,2023-12-18,9817
3481,群創,40,5,35,元大-東泰,2023-12-18,9817
2032,新鋼,70,38,32,元大-東泰,2023-12-18,9817
2888,新光金,32,2,30,元大-東泰,2023-12-18,9817
00934,中信成長高股息,30,0,30,元大-東泰,2023-12-18,9817
1319,東陽,42,12,30,元大-東泰,2023-12-18,9817
00936,台新永續高息中小,31,3,28,元大-東泰,2023-12-18,9817
00688L,國泰20年美債正2,30,2,28,元大-東泰,2023-12-18,9817
2030,彰源,46,20,26,元大-東泰,2023-12-18,9817
2615,萬海,160,134,26,元大-東泰,2023-12-18,9817
2363,矽統,89,65,24,元大-東泰,2023-12-18,9817
2352,佳世達,34,10,24,元大-東泰,2023-12-18,9817
00637L,元大滬深300正2,24,0,24,元大-東泰,2023-12-18,9817
8429,金麗-KY,24,0,24,元大-東泰,2023-12-18,9817
1584,精剛,27,4,23,元大-東泰,2023-12-18,9817
4960,誠美材,23,1,22,元大-東泰,2023-12-18,9817
2606,裕民,63,41,22,元大-東泰,2023-12-18,9817
2028,威致,55,33,22,元大-東泰,2023-12-18,9817
2316,楠梓電,25,4,21,元大-東泰,2023-12-18,9817
5608,四維航,39,18,21,元大-東泰,2023-12-18,9817
5388,中磊,27,7,20,元大-東泰,2023-12-18,9817
2449,京元電子,23,3,20,元大-東泰,2023-12-18,9817
00933B,國泰10Y+金融債,30,11,19,元大-東泰,2023-12-18,9817
3645,達邁,19,1,18,元大-東泰,2023-12-18,9817
2012,春雨,22,4,18,元大-東泰,2023-12-18,9817
2617,台航,19,2,17,元大-東泰,2023-12-18,9817
2610,華航,23,6,17,元大-東泰,2023-12-18,9817
2537,聯上發,20,4,16,元大-東泰,2023-12-18,9817
2436,偉詮電,15,0,15,元大-東泰,2023-12-18,9817
00857B,永豐20年美公債,14,0,14,元大-東泰,2023-12-18,9817
2641,正德,16,2,14,元大-東泰,2023-12-18,9817
00915,凱基優選高股息30,14,0,14,元大-東泰,2023-12-18,9817
00680L,元大美債20正2,322,34,288,元大-東泰,2023-12-19,9817
00671R,富邦NASDAQ反1,208,0,208,元大-東泰,2023-12-19,9817
00937B,群益ESG投等債20,212,54,158,元大-東泰,2023-12-19,9817
00919,群益台灣精選高息,153,35,118,元大-東泰,2023-12-19,9817
2409,友達,108,4,104,元大-東泰,2023-12-19,9817
00885,富邦越南,108,5,103,元大-東泰,2023-12-19,9817
8068,全達,145,46,99,元大-東泰,2023-12-19,9817
00931B,統一美債20年,103,13,90,元大-東泰,2023-12-19,9817
2323,中環,82,0,82,元大-東泰,2023-12-19,9817
3481,群創,76,4,72,元大-東泰,2023-12-19,9817
2888,新光金,69,4,65,元大-東泰,2023-12-19,9817
3231,緯創,84,21,63,元大-東泰,2023-12-19,9817
2022,聚亨,72,10,62,元大-東泰,2023-12-19,9817
2393,億光,62,2,60,元大-東泰,2023-12-19,9817
2356,英業達,114,58,56,元大-東泰,2023-12-19,9817
00679B,元大美債20年,67,13,54,元大-東泰,2023-12-19,9817
2328,廣宇,51,0,51,元大-東泰,2023-12-19,9817
2031,新光鋼,54,7,47,元大-東泰,2023-12-19,9817
2324,仁寶,51,8,43,元大-東泰,2023-12-19,9817
00751B,元大AAA至A公司債,74,31,43,元大-東泰,2023-12-19,9817
2618,長榮航,92,50,42,元大-東泰,2023-12-19,9817
00720B,元大投資級公司債,50,11,39,元大-東泰,2023-12-19,9817
2605,新興,34,3,31,元大-東泰,2023-12-19,9817
2812,台中銀,30,0,30,元大-東泰,2023-12-19,9817
3006,晶豪科,43,16,27,元大-東泰,2023-12-19,9817
2023,燁輝,28,1,27,元大-東泰,2023-12-19,9817
00933B,國泰10Y+金融債,30,4,26,元大-東泰,2023-12-19,9817
1101,台泥,23,0,23,元大-東泰,2023-12-19,9817
00633L,富邦上証正2,38,17,21,元大-東泰,2023-12-19,9817
2002,中鋼,48,28,20,元大-東泰,2023-12-19,9817
2610,華航,23,5,18,元大-東泰,2023-12-19,9817
1504,東元,52,34,18,元大-東泰,2023-12-19,9817
2637,慧洋-KY,24,6,18,元大-東泰,2023-12-19,9817
3062,建漢,19,1,18,元大-東泰,2023-12-19,9817
00639,富邦深100,18,0,18,元大-東泰,2023-12-19,9817
1903,士紙,17,0,17,元大-東泰,2023-12-19,9817
00921,兆豐龍頭等權重,17,0,17,元大-東泰,2023-12-19,9817
2892,第一金,16,0,16,元大-東泰,2023-12-19,9817
3260,威剛,16,0,16,元大-東泰,2023-12-19,9817
2303,聯電,25,9,16,元大-東泰,2023-12-19,9817
8033,雷虎,16,0,16,元大-東泰,2023-12-19,9817
2615,萬海,205,190,15,元大-東泰,2023-12-19,9817
911868,同方友友-DR,15,0,15,元大-東泰,2023-12-19,9817
3532,台勝科,31,16,15,元大-東泰,2023-12-19,9817
2101,南港,14,0,14,元大-東泰,2023-12-19,9817
2634,漢翔,13,0,13,元大-東泰,2023-12-19,9817
5439,高技,13,0,13,元大-東泰,2023-12-19,9817
1815,富喬,12,0,12,元大-東泰,2023-12-19,9817
2425,承啟,22,10,12,元大-東泰,2023-12-19,9817
2399,映泰,13,1,12,元大-東泰,2023-12-19,9817
00680L,元大美債20正2,200,0,200,元大-東泰,2023-12-20,9817
3013,晟銘電,141,17,124,元大-東泰,2023-12-20,9817
00671R,富邦NASDAQ反1,100,0,100,元大-東泰,2023-12-20,9817
2883,凱基金,73,1,72,元大-東泰,2023-12-20,9817
00937B,群益ESG投等債20,86,16,70,元大-東泰,2023-12-20,9817
00919,群益台灣精選高息,60,3,57,元大-東泰,2023-12-20,9817
2002,中鋼,63,12,51,元大-東泰,2023-12-20,9817
00679B,元大美債20年,70,20,50,元大-東泰,2023-12-20,9817
6182,合晶,48,0,48,元大-東泰,2023-12-20,9817
6770,力積電,55,11,44,元大-東泰,2023-12-20,9817
4904,遠傳,43,0,43,元大-東泰,2023-12-20,9817
00720B,元大投資級公司債,42,0,42,元大-東泰,2023-12-20,9817
3047,訊舟,55,13,42,元大-東泰,2023-12-20,9817
5521,工信,70,35,35,元大-東泰,2023-12-20,9817
00688L,國泰20年美債正2,32,0,32,元大-東泰,2023-12-20,9817
2376,技嘉,39,7,32,元大-東泰,2023-12-20,9817
2329,華泰,38,8,30,元大-東泰,2023-12-20,9817
2897,王道銀行,30,0,30,元大-東泰,2023-12-20,9817
6418,詠昇,30,0,30,元大-東泰,2023-12-20,9817
8068,全達,60,31,29,元大-東泰,2023-12-20,9817
6207,雷科,34,8,26,元大-東泰,2023-12-20,9817
5515,建國,29,4,25,元大-東泰,2023-12-20,9817
8085,福華,26,3,23,元大-東泰,2023-12-20,9817
2888,新光金,21,0,21,元大-東泰,2023-12-20,9817
2891,中信金,44,24,20,元大-東泰,2023-12-20,9817
2613,中櫃,20,0,20,元大-東泰,2023-12-20,9817
1316,上曜,20,0,20,元大-東泰,2023-12-20,9817
3045,台灣大,20,0,20,元大-東泰,2023-12-20,9817
2867,三商壽,19,0,19,元大-東泰,2023-12-20,9817
2885,元大金,20,2,18,元大-東泰,2023-12-20,9817
4114,健喬,25,7,18,元大-東泰,2023-12-20,9817
2421,建準,22,4,18,元大-東泰,2023-12-20,9817
1434,福懋,16,0,16,元大-東泰,2023-12-20,9817
2431,聯昌,16,0,16,元大-東泰,2023-12-20,9817
2887,台新金,15,0,15,元大-東泰,2023-12-20,9817
6285,啟��,17,2,15,元大-東泰,2023-12-20,9817
2031,新光鋼,15,1,14,元大-東泰,2023-12-20,9817
2892,第一金,14,0,14,元大-東泰,2023-12-20,9817
2612,中航,14,1,13,元大-東泰,2023-12-20,9817
9103,美德醫療-DR,13,0,13,元大-東泰,2023-12-20,9817
2890,永豐金,13,0,13,元大-東泰,2023-12-20,9817
00934,中信成長高股息,14,1,13,元大-東泰,2023-12-20,9817
2303,聯電,19,7,12,元大-東泰,2023-12-20,9817
8210,勤誠,20,8,12,元大-東泰,2023-12-20,9817
00933B,國泰10Y+金融債,13,1,12,元大-東泰,2023-12-20,9817
2809,京城銀,12,0,12,元大-東泰,2023-12-20,9817
2605,新興,16,4,12,元大-東泰,2023-12-20,9817
3296,勝德,11,0,11,元大-東泰,2023-12-20,9817
6156,松上,22,11,11,元大-東泰,2023-12-20,9817
2359,所羅門,12,1,11,元大-東泰,2023-12-20,9817
00878,國泰永續高股息,1016,10,1006,元大-東泰,2023-12-21,9817
9105,泰金寶-DR,491,42,449,元大-東泰,2023-12-21,9817
00680L,元大美債20正2,300,5,295,元大-東泰,2023-12-21,9817
2324,仁寶,220,50,170,元大-東泰,2023-12-21,9817
5521,工信,276,114,162,元大-東泰,2023-12-21,9817
00919,群益台灣精選高息,156,11,145,元大-東泰,2023-12-21,9817
00937B,群益ESG投等債20,112,5,107,元大-東泰,2023-12-21,9817
00751B,元大AAA至A公司債,85,1,84,元大-東泰,2023-12-21,9817
2344,華邦電,133,55,78,元大-東泰,2023-12-21,9817
00929,復華台灣科技優息,86,23,63,元大-東泰,2023-12-21,9817
2312,金寶,68,6,62,元大-東泰,2023-12-21,9817
2356,英業達,266,214,52,元大-東泰,2023-12-21,9817
00936,台新永續高息中小,52,0,52,元大-東泰,2023-12-21,9817
00710B,復華彭博非投等債,50,0,50,元大-東泰,2023-12-21,9817
1504,東元,61,16,45,元大-東泰,2023-12-21,9817
8085,福華,41,0,41,元大-東泰,2023-12-21,9817
2303,聯電,50,11,39,元大-東泰,2023-12-21,9817
2002,中鋼,53,14,39,元大-東泰,2023-12-21,9817
00885,富邦越南,37,0,37,元大-東泰,2023-12-21,9817
2867,三商壽,35,0,35,元大-東泰,2023-12-21,9817
00679B,元大美債20年,48,14,34,元大-東泰,2023-12-21,9817
2603,長榮,62,28,34,元大-東泰,2023-12-21,9817
2032,新鋼,30,1,29,元大-東泰,2023-12-21,9817
2353,宏��,82,53,29,元大-東泰,2023-12-21,9817
3311,閎暉,26,0,26,元大-東泰,2023-12-21,9817
2323,中環,123,98,25,元大-東泰,2023-12-21,9817
00652,富邦印度,25,0,25,元大-東泰,2023-12-21,9817
6269,台郡,22,0,22,元大-東泰,2023-12-21,9817
1314,中石化,38,16,22,元大-東泰,2023-12-21,9817
2330,台積電,23,1,22,元大-東泰,2023-12-21,9817
1319,東陽,30,9,21,元大-東泰,2023-12-21,9817
2883,凱基金,21,0,21,元大-東泰,2023-12-21,9817
2739,寒舍,22,2,20,元大-東泰,2023-12-21,9817
1732,毛寶,47,27,20,元大-東泰,2023-12-21,9817
2887,台新金,21,1,20,元大-東泰,2023-12-21,9817
5351,鈺創,26,7,19,元大-東泰,2023-12-21,9817
2605,新興,44,25,19,元大-東泰,2023-12-21,9817
00639,富邦深100,18,0,18,元大-東泰,2023-12-21,9817
2461,光群雷,17,0,17,元大-東泰,2023-12-21,9817
4960,誠美材,16,0,16,元大-東泰,2023-12-21,9817
8110,華東,32,16,16,元大-東泰,2023-12-21,9817
6770,力積電,20,5,15,元大-東泰,2023-12-21,9817
5347,世界,15,0,15,元大-東泰,2023-12-21,9817
2007,燁興,22,7,15,元大-東泰,2023-12-21,9817
6156,松上,15,1,14,元大-東泰,2023-12-21,9817
2331,精英,32,18,14,元大-東泰,2023-12-21,9817
2362,藍天,21,8,13,元大-東泰,2023-12-21,9817
2449,京元電子,13,0,13,元大-東泰,2023-12-21,9817
1616,億泰,13,0,13,元大-東泰,2023-12-21,9817
2486,一詮,18,5,13,元大-東泰,2023-12-21,9817
2609,陽明,562,394,168,元大-東泰,2023-12-22,9817
00919,群益台灣精選高息,141,19,122,元大-東泰,2023-12-22,9817
2323,中環,130,24,106,元大-東泰,2023-12-22,9817
2618,長榮航,144,46,98,元大-東泰,2023-12-22,9817
8429,金麗-KY,90,0,90,元大-東泰,2023-12-22,9817
00679B,元大美債20年,105,28,77,元大-東泰,2023-12-22,9817
00885,富邦越南,71,0,71,元大-東泰,2023-12-22,9817
6443,元晶,67,0,67,元大-東泰,2023-12-22,9817
2014,中鴻,85,20,65,元大-東泰,2023-12-22,9817
2356,英業達,317,252,65,元大-東泰,2023-12-22,9817
00751B,元大AAA至A公司債,85,20,65,元大-東泰,2023-12-22,9817
00687B,國泰20年美債,64,6,58,元大-東泰,2023-12-22,9817
2867,三商壽,49,0,49,元大-東泰,2023-12-22,9817
2812,台中銀,55,6,49,元大-東泰,2023-12-22,9817
1314,中石化,46,3,43,元大-東泰,2023-12-22,9817
00931B,統一美債20年,38,0,38,元大-東泰,2023-12-22,9817
00929,復華台灣科技優息,73,38,35,元大-東泰,2023-12-22,9817
1339,昭輝,33,0,33,元大-東泰,2023-12-22,9817
2313,華通,32,3,29,元大-東泰,2023-12-22,9817
2613,中櫃,148,123,25,元大-東泰,2023-12-22,9817
1524,耿鼎,36,14,22,元大-東泰,2023-12-22,9817
2605,新興,33,13,20,元大-東泰,2023-12-22,9817
3532,台勝科,31,11,20,元大-東泰,2023-12-22,9817
2888,新光金,19,0,19,元大-東泰,2023-12-22,9817
2105,正新,21,3,18,元大-東泰,2023-12-22,9817
4529,淳紳,18,0,18,元大-東泰,2023-12-22,9817
2883,凱基金,25,7,18,元大-東泰,2023-12-22,9817
2340,台亞,16,0,16,元大-東泰,2023-12-22,9817
00637L,元大滬深300正2,16,0,16,元大-東泰,2023-12-22,9817
5225,東科-KY,16,0,16,元大-東泰,2023-12-22,9817
6116,彩晶,27,12,15,元大-東泰,2023-12-22,9817
8050,廣積,15,0,15,元大-東泰,2023-12-22,9817
6177,達麗,15,0,15,元大-東泰,2023-12-22,9817
1522,堤維西,14,1,13,元大-東泰,2023-12-22,9817
1227,佳格,14,2,12,元大-東泰,2023-12-22,9817
2328,廣宇,12,0,12,元大-東泰,2023-12-22,9817
5521,工信,14,2,12,元大-東泰,2023-12-22,9817
3706,神達,18,6,12,元大-東泰,2023-12-22,9817
00936,台新永續高息中小,11,0,11,元大-東泰,2023-12-22,9817
1616,億泰,11,0,11,元大-東泰,2023-12-22,9817
00932,兆豐永續高息等權,11,0,11,元大-東泰,2023-12-22,9817
3540,曜越,11,0,11,元大-東泰,2023-12-22,9817
00753L,中信中國50正2,37,27,10,元大-東泰,2023-12-22,9817
2324,仁寶,56,46,10,元大-東泰,2023-12-22,9817
2408,南亞科,31,21,10,元大-東泰,2023-12-22,9817
2449,京元電子,10,0,10,元大-東泰,2023-12-22,9817
00795B,中信美國公債20年,10,0,10,元大-東泰,2023-12-22,9817
4157,太景*-KY,10,0,10,元大-東泰,2023-12-22,9817
2444,兆勁,10,0,10,元大-東泰,2023-12-22,9817
4909,新復興,40,31,9,元大-東泰,2023-12-22,9817
00671R,富邦NASDAQ反1,300,0,300,元大-東泰,2023-12-25,9817
00680L,元大美債20正2,204,4,200,元大-東泰,2023-12-25,9817
2014,中鴻,162,33,129,元大-東泰,2023-12-25,9817
1718,中纖,101,0,101,元大-東泰,2023-12-25,9817
00919,群益台灣精選高息,126,31,95,元大-東泰,2023-12-25,9817
00929,復華台灣科技優息,127,46,81,元大-東泰,2023-12-25,9817
2393,億光,67,1,66,元大-東泰,2023-12-25,9817
2344,華邦電,98,37,61,元大-東泰,2023-12-25,9817
00679B,元大美債20年,75,28,47,元大-東泰,2023-12-25,9817
8429,金麗-KY,45,0,45,元大-東泰,2023-12-25,9817
3481,群創,69,27,42,元大-東泰,2023-12-25,9817
2888,新光金,68,28,40,元大-東泰,2023-12-25,9817
2618,長榮航,67,35,32,元大-東泰,2023-12-25,9817
1314,中石化,32,3,29,元大-東泰,2023-12-25,9817
8059,凱碩,25,0,25,元大-東泰,2023-12-25,9817
2610,華航,42,19,23,元大-東泰,2023-12-25,9817
2030,彰源,20,0,20,元大-東泰,2023-12-25,9817
6270,倍微,20,0,20,元大-東泰,2023-12-25,9817
6117,迎廣,40,20,20,元大-東泰,2023-12-25,9817
4157,太景*-KY,20,0,20,元大-東泰,2023-12-25,9817
00720B,元大投資級公司債,18,3,15,元大-東泰,2023-12-25,9817
4909,新復興,15,0,15,元大-東泰,2023-12-25,9817
5608,四維航,15,0,15,元大-東泰,2023-12-25,9817
2355,敬鵬,18,4,14,元大-東泰,2023-12-25,9817
2641,正德,17,4,13,元大-東泰,2023-12-25,9817
2208,台船,13,0,13,元大-東泰,2023-12-25,9817
1339,昭輝,12,0,12,元大-東泰,2023-12-25,9817
4906,正文,20,8,12,元大-東泰,2023-12-25,9817
2617,台航,12,0,12,元大-東泰,2023-12-25,9817
3346,麗清,12,0,12,元大-東泰,2023-12-25,9817
8088,品安,19,7,12,元大-東泰,2023-12-25,9817
4739,康普,11,0,11,元大-東泰,2023-12-25,9817
6168,宏齊,11,0,11,元大-東泰,2023-12-25,9817
5351,鈺創,11,1,10,元大-東泰,2023-12-25,9817
9105,泰金寶-DR,10,0,10,元大-東泰,2023-12-25,9817
2882,國泰金,10,0,10,元大-東泰,2023-12-25,9817
2440,太空梭,15,5,10,元大-東泰,2023-12-25,9817
2461,光群雷,10,0,10,元大-東泰,2023-12-25,9817
2312,金寶,10,0,10,元大-東泰,2023-12-25,9817
3311,閎暉,10,0,10,元大-東泰,2023-12-25,9817
6163,華電網,10,0,10,元大-東泰,2023-12-25,9817
00891,中信關鍵半導體,10,0,10,元大-東泰,2023-12-25,9817
3491,昇達科,9,0,9,元大-東泰,2023-12-25,9817
1514,亞力,12,3,9,元大-東泰,2023-12-25,9817
5443,均豪,9,0,9,元大-東泰,2023-12-25,9817
1905,華紙,11,2,9,元大-東泰,2023-12-25,9817
3362,先進光,8,0,8,元大-東泰,2023-12-25,9817
1815,富喬,8,0,8,元大-東泰,2023-12-25,9817
8054,安國,11,3,8,元大-東泰,2023-12-25,9817
2023,燁輝,8,0,8,元大-東泰,2023-12-25,9817
00680L,元大美債20正2,987,3,984,元大-東泰,2023-12-26,9817
00632R,元大台灣50反1,716,2,714,元大-東泰,2023-12-26,9817
2889,國票金,106,1,105,元大-東泰,2023-12-26,9817
00751B,元大AAA至A公司債,61,3,58,元大-東泰,2023-12-26,9817
2356,英業達,147,92,55,元大-東泰,2023-12-26,9817
00885,富邦越南,52,1,51,元大-東泰,2023-12-26,9817
00937B,群益ESG投等債20,53,6,47,元大-東泰,2023-12-26,9817
2615,萬海,44,9,35,元大-東泰,2023-12-26,9817
8097,常珵,35,0,35,元大-東泰,2023-12-26,9817
00929,復華台灣科技優息,86,52,34,元大-東泰,2023-12-26,9817
2449,京元電子,39,10,29,元大-東泰,2023-12-26,9817
2363,矽統,25,1,24,元大-東泰,2023-12-26,9817
1312,國喬,21,0,21,元大-東泰,2023-12-26,9817
8039,台虹,22,1,21,元大-東泰,2023-12-26,9817
2457,飛宏,23,3,20,元大-東泰,2023-12-26,9817
1616,億泰,18,0,18,元大-東泰,2023-12-26,9817
2355,敬鵬,20,2,18,元大-東泰,2023-12-26,9817
8027,鈦昇,20,2,18,元大-東泰,2023-12-26,9817
1605,華新,15,0,15,元大-東泰,2023-12-26,9817
2101,南港,15,1,14,元大-東泰,2023-12-26,9817
3346,麗清,37,24,13,元大-東泰,2023-12-26,9817
6245,立端,12,0,12,元大-東泰,2023-12-26,9817
2497,怡利電,12,0,12,元大-東泰,2023-12-26,9817
5478,智冠,12,0,12,元大-東泰,2023-12-26,9817
1584,精剛,13,1,12,元大-東泰,2023-12-26,9817
2453,凌群,11,0,11,元大-東泰,2023-12-26,9817
00652,富邦印度,11,0,11,元大-東泰,2023-12-26,9817
2610,華航,14,3,11,元大-東泰,2023-12-26,9817
00891,中信關鍵半導體,13,2,11,元大-東泰,2023-12-26,9817
2014,中鴻,11,0,11,元大-東泰,2023-12-26,9817
1519,華城,26,16,10,元大-東泰,2023-12-26,9817
2328,廣宇,10,0,10,元大-東泰,2023-12-26,9817
8050,廣積,11,1,10,元大-東泰,2023-12-26,9817
2033,佳大,10,0,10,元大-東泰,2023-12-26,9817
2603,長榮,18,9,9,元大-東泰,2023-12-26,9817
00679B,元大美債20年,15,6,9,元大-東泰,2023-12-26,9817
5469,瀚宇博,9,0,9,元大-東泰,2023-12-26,9817
00687B,國泰20年美債,16,7,9,元大-東泰,2023-12-26,9817
2498,宏達電,9,0,9,元大-東泰,2023-12-26,9817
4919,新唐,9,0,9,元大-東泰,2023-12-26,9817
8477,創業家,10,1,9,元大-東泰,2023-12-26,9817
3078,僑威,8,0,8,元大-東泰,2023-12-26,9817
1101,台泥,9,1,8,元大-東泰,2023-12-26,9817
5512,力麒,7,0,7,元大-東泰,2023-12-26,9817
00631L,元大台灣50正2,7,0,7,元大-東泰,2023-12-26,9817
1734,杏輝,7,0,7,元大-東泰,2023-12-26,9817
3041,揚智,35,28,7,元大-東泰,2023-12-26,9817
6456,GIS-KY,11,4,7,元大-東泰,2023-12-26,9817
5439,高技,10,3,7,元大-東泰,2023-12-26,9817
3532,台勝科,8,1,7,元大-東泰,2023-12-26,9817
00632R,元大台灣50反1,413,0,413,元大-東泰,2023-12-27,9817
00680L,元大美債20正2,353,6,347,元大-東泰,2023-12-27,9817
00937B,群益ESG投等債20,228,5,223,元大-東泰,2023-12-27,9817
2405,輔信,206,30,176,元大-東泰,2023-12-27,9817
00671R,富邦NASDAQ反1,100,0,100,元大-東泰,2023-12-27,9817
2867,三商壽,98,0,98,元大-東泰,2023-12-27,9817
00687B,國泰20年美債,81,17,64,元大-東泰,2023-12-27,9817
00919,群益台灣精選高息,68,5,63,元大-東泰,2023-12-27,9817
1718,中纖,50,0,50,元大-東泰,2023-12-27,9817
00929,復華台灣科技優息,66,16,50,元大-東泰,2023-12-27,9817
2618,長榮航,69,22,47,元大-東泰,2023-12-27,9817
2515,中工,83,39,44,元大-東泰,2023-12-27,9817
2377,微星,45,5,40,元大-東泰,2023-12-27,9817
00679B,元大美債20年,35,3,32,元大-東泰,2023-12-27,9817
2401,凌陽,33,2,31,元大-東泰,2023-12-27,9817
2323,中環,35,4,31,元大-東泰,2023-12-27,9817
3532,台勝科,46,16,30,元大-東泰,2023-12-27,9817
1514,亞力,30,3,27,元大-東泰,2023-12-27,9817
2101,南港,26,0,26,元大-東泰,2023-12-27,9817
8059,凱碩,30,6,24,元大-東泰,2023-12-27,9817
00751B,元大AAA至A公司債,25,3,22,元大-東泰,2023-12-27,9817
00933B,國泰10Y+金融債,21,0,21,元大-東泰,2023-12-27,9817
1711,永光,20,0,20,元大-東泰,2023-12-27,9817
00665L,富邦�琤肭磪囓�2,20,0,20,元大-東泰,2023-12-27,9817
2324,仁寶,223,204,19,元大-東泰,2023-12-27,9817
2353,宏��,127,110,17,元大-東泰,2023-12-27,9817
5347,世界,19,3,16,元大-東泰,2023-12-27,9817
1584,精剛,19,4,15,元大-東泰,2023-12-27,9817
6668,中揚光,15,1,14,元大-東泰,2023-12-27,9817
1524,耿鼎,14,1,13,元大-東泰,2023-12-27,9817
4979,華星光,18,6,12,元大-東泰,2023-12-27,9817
2617,台航,12,0,12,元大-東泰,2023-12-27,9817
2393,億光,12,0,12,元大-東泰,2023-12-27,9817
00652,富邦印度,11,0,11,元大-東泰,2023-12-27,9817
1616,億泰,11,0,11,元大-東泰,2023-12-27,9817
4906,正文,19,8,11,元大-東泰,2023-12-27,9817
6191,精成科,10,0,10,元大-東泰,2023-12-27,9817
911608,明輝-DR,10,0,10,元大-東泰,2023-12-27,9817
00664R,國泰臺灣加權反1,10,0,10,元大-東泰,2023-12-27,9817
2363,矽統,24,15,9,元大-東泰,2023-12-27,9817
6179,亞通,9,0,9,元大-東泰,2023-12-27,9817
8039,台虹,12,3,9,元大-東泰,2023-12-27,9817
6182,合晶,10,2,8,元大-東泰,2023-12-27,9817
2027,大成鋼,8,0,8,元大-東泰,2023-12-27,9817
6257,矽格,9,1,8,元大-東泰,2023-12-27,9817
3264,欣銓,18,10,8,元大-東泰,2023-12-27,9817
6243,迅杰,11,4,7,元大-東泰,2023-12-27,9817
1319,東陽,14,7,7,元大-東泰,2023-12-27,9817
2419,仲琦,7,0,7,元大-東泰,2023-12-27,9817
00931B,統一美債20年,8,1,7,元大-東泰,2023-12-27,9817
00919,群益台灣精選高息,277,34,243,元大-東泰,2023-12-28,9817
00680L,元大美債20正2,199,21,178,元大-東泰,2023-12-28,9817
00937B,群益ESG投等債20,117,0,117,元大-東泰,2023-12-28,9817
00671R,富邦NASDAQ反1,100,0,100,元大-東泰,2023-12-28,9817
2323,中環,123,48,75,元大-東泰,2023-12-28,9817
00710B,復華彭博非投等債,50,0,50,元大-東泰,2023-12-28,9817
00929,復華台灣科技優息,102,59,43,元大-東泰,2023-12-28,9817
2363,矽統,65,24,41,元大-東泰,2023-12-28,9817
1711,永光,40,0,40,元大-東泰,2023-12-28,9817
00885,富邦越南,40,0,40,元大-東泰,2023-12-28,9817
2356,英業達,174,143,31,元大-東泰,2023-12-28,9817
8171,天宇,31,0,31,元大-東泰,2023-12-28,9817
00633L,富邦上証正2,30,0,30,元大-東泰,2023-12-28,9817
2303,聯電,131,103,28,元大-東泰,2023-12-28,9817
2401,凌陽,32,4,28,元大-東泰,2023-12-28,9817
00679B,元大美債20年,27,2,25,元大-東泰,2023-12-28,9817
4979,華星光,41,16,25,元大-東泰,2023-12-28,9817
8936,國統,27,5,22,元大-東泰,2023-12-28,9817
2641,正德,22,1,21,元大-東泰,2023-12-28,9817
4973,廣穎,21,0,21,元大-東泰,2023-12-28,9817
2313,華通,23,3,20,元大-東泰,2023-12-28,9817
3047,訊舟,20,0,20,元大-東泰,2023-12-28,9817
2405,輔信,21,2,19,元大-東泰,2023-12-28,9817
2365,昆盈,43,26,17,元大-東泰,2023-12-28,9817
6182,合晶,17,0,17,元大-東泰,2023-12-28,9817
6233,旺玖,27,10,17,元大-東泰,2023-12-28,9817
3006,晶豪科,26,10,16,元大-東泰,2023-12-28,9817
2449,京元電子,28,12,16,元大-東泰,2023-12-28,9817
9907,統一實,15,0,15,元大-東泰,2023-12-28,9817
2208,台船,20,5,15,元大-東泰,2023-12-28,9817
6161,捷波,22,7,15,元大-東泰,2023-12-28,9817
3231,緯創,125,111,14,元大-東泰,2023-12-28,9817
2515,中工,26,13,13,元大-東泰,2023-12-28,9817
00712,復華富時不動產,13,0,13,元大-東泰,2023-12-28,9817
3588,通嘉,23,12,11,元大-東泰,2023-12-28,9817
00662,富邦NASDAQ,10,0,10,元大-東泰,2023-12-28,9817
2431,聯昌,10,0,10,元大-東泰,2023-12-28,9817
1524,耿鼎,12,2,10,元大-東泰,2023-12-28,9817
00673R,期元大S＆P原油反1,10,0,10,元大-東泰,2023-12-28,9817
4157,太景*-KY,10,0,10,元大-東泰,2023-12-28,9817
00665L,富邦�琤肭磪囓�2,10,0,10,元大-東泰,2023-12-28,9817
5498,凱崴,10,0,10,元大-東泰,2023-12-28,9817
2444,兆勁,10,0,10,元大-東泰,2023-12-28,9817
5351,鈺創,33,23,10,元大-東泰,2023-12-28,9817
3051,力特,10,0,10,元大-東泰,2023-12-28,9817
6538,倉和,10,0,10,元大-東泰,2023-12-28,9817
6177,達麗,9,0,9,元大-東泰,2023-12-28,9817
3491,昇達科,9,0,9,元大-東泰,2023-12-28,9817
5521,工信,9,0,9,元大-東泰,2023-12-28,9817
2436,偉詮電,23,14,9,元大-東泰,2023-12-28,9817
00706L,期元大S＆P日圓正2,764,0,764,元大-東泰,2023-12-29,9817
3576,聯合再生,435,0,435,元大-東泰,2023-12-29,9817
00632R,元大台灣50反1,100,1,99,元大-東泰,2023-12-29,9817
2323,中環,80,0,80,元大-東泰,2023-12-29,9817
8097,常珵,75,2,73,元大-東泰,2023-12-29,9817
00937B,群益ESG投等債20,75,3,72,元大-東泰,2023-12-29,9817
2618,長榮航,89,22,67,元大-東泰,2023-12-29,9817
5521,工信,68,4,64,元大-東泰,2023-12-29,9817
00637L,元大滬深300正2,51,0,51,元大-東泰,2023-12-29,9817
2609,陽明,312,261,51,元大-東泰,2023-12-29,9817
1514,亞力,65,17,48,元大-東泰,2023-12-29,9817
00753L,中信中國50正2,52,6,46,元大-東泰,2023-12-29,9817
00679B,元大美債20年,41,1,40,元大-東泰,2023-12-29,9817
1503,士電,41,5,36,元大-東泰,2023-12-29,9817
2356,英業達,235,201,34,元大-東泰,2023-12-29,9817
00929,復華台灣科技優息,53,22,31,元大-東泰,2023-12-29,9817
9103,美德醫療-DR,30,0,30,元大-東泰,2023-12-29,9817
00919,群益台灣精選高息,35,6,29,元大-東泰,2023-12-29,9817
9945,潤泰新,29,2,27,元大-東泰,2023-12-29,9817
2344,華邦電,84,58,26,元大-東泰,2023-12-29,9817
2208,台船,26,2,24,元大-東泰,2023-12-29,9817
2355,敬鵬,24,1,23,元大-東泰,2023-12-29,9817
2888,新光金,20,0,20,元大-東泰,2023-12-29,9817
5905,南仁湖,20,0,20,元大-東泰,2023-12-29,9817
2867,三商壽,20,0,20,元大-東泰,2023-12-29,9817
1806,冠軍,20,0,20,元大-東泰,2023-12-29,9817
1609,大亞,22,3,19,元大-東泰,2023-12-29,9817
2312,金寶,17,0,17,元大-東泰,2023-12-29,9817
00687B,國泰20年美債,16,0,16,元大-東泰,2023-12-29,9817
00633L,富邦上証正2,31,15,16,元大-東泰,2023-12-29,9817
1434,福懋,16,0,16,元大-東泰,2023-12-29,9817
9907,統一實,16,0,16,元大-東泰,2023-12-29,9817
00688L,國泰20年美債正2,15,0,15,元大-東泰,2023-12-29,9817
00933B,國泰10Y+金融債,15,1,14,元大-東泰,2023-12-29,9817
3006,晶豪科,40,26,14,元大-東泰,2023-12-29,9817
00715L,期街口布蘭特正2,13,0,13,元大-東泰,2023-12-29,9817
3380,明泰,14,1,13,元大-東泰,2023-12-29,9817
1519,華城,26,14,12,元大-東泰,2023-12-29,9817
8028,昇陽半導體,12,0,12,元大-東泰,2023-12-29,9817
2613,中櫃,145,133,12,元大-東泰,2023-12-29,9817
2329,華泰,14,2,12,元大-東泰,2023-12-29,9817
2337,旺宏,11,0,11,元大-東泰,2023-12-29,9817
2303,聯電,42,31,11,元大-東泰,2023-12-29,9817
2511,太子,11,0,11,元大-東泰,2023-12-29,9817
2897,王道銀行,11,0,11,元大-東泰,2023-12-29,9817
6188,廣明,15,4,11,元大-東泰,2023-12-29,9817
3094,聯傑,17,6,11,元大-東泰,2023-12-29,9817
3209,全科,10,0,10,元大-東泰,2023-12-29,9817
2369,菱生,10,0,10,元大-東泰,2023-12-29,9817
3704,合勤控,10,0,10,元大-東泰,2023-12-29,9817
00680L,元大美債20正2,365,0,365,元大-東泰,2024-01-02,9817
2323,中環,231,2,229,元大-東泰,2024-01-02,9817
00937B,群益ESG投等債20,167,7,160,元大-東泰,2024-01-02,9817
00706L,期元大S＆P日圓正2,108,0,108,元大-東泰,2024-01-02,9817
2356,英業達,266,158,108,元大-東泰,2024-01-02,9817
1409,新纖,100,1,99,元大-東泰,2024-01-02,9817
3231,緯創,162,71,91,元大-東泰,2024-01-02,9817
00929,復華台灣科技優息,125,46,79,元大-東泰,2024-01-02,9817
3576,聯合再生,62,1,61,元大-東泰,2024-01-02,9817
00637L,元大滬深300正2,49,0,49,元大-東泰,2024-01-02,9817
2014,中鴻,45,0,45,元大-東泰,2024-01-02,9817
5521,工信,57,12,45,元大-東泰,2024-01-02,9817
00671R,富邦NASDAQ反1,38,0,38,元大-東泰,2024-01-02,9817
2303,聯電,39,5,34,元大-東泰,2024-01-02,9817
00919,群益台灣精選高息,54,21,33,元大-東泰,2024-01-02,9817
0056,元大高股息,43,11,32,元大-東泰,2024-01-02,9817
2363,矽統,35,5,30,元大-東泰,2024-01-02,9817
4157,太景*-KY,30,0,30,元大-東泰,2024-01-02,9817
1903,士紙,30,0,30,元大-東泰,2024-01-02,9817
00751B,元大AAA至A公司債,26,0,26,元大-東泰,2024-01-02,9817
3481,群創,32,7,25,元大-東泰,2024-01-02,9817
3706,神達,36,14,22,元大-東泰,2024-01-02,9817
3006,晶豪科,24,3,21,元大-東泰,2024-01-02,9817
8059,凱碩,27,6,21,元大-東泰,2024-01-02,9817
2409,友達,72,53,19,元大-東泰,2024-01-02,9817
00878,國泰永續高股息,44,26,18,元大-東泰,2024-01-02,9817
8076,伍豐,18,0,18,元大-東泰,2024-01-02,9817
1809,中釉,18,0,18,元大-東泰,2024-01-02,9817
2352,佳世達,24,7,17,元大-東泰,2024-01-02,9817
00687B,國泰20年美債,34,17,17,元大-東泰,2024-01-02,9817
2636,台驊控股,20,3,17,元大-東泰,2024-01-02,9817
3005,神基,17,0,17,元大-東泰,2024-01-02,9817
2613,中櫃,90,74,16,元大-東泰,2024-01-02,9817
2382,廣達,29,14,15,元大-東泰,2024-01-02,9817
2882,國泰金,17,3,14,元大-東泰,2024-01-02,9817
1711,永光,14,1,13,元大-東泰,2024-01-02,9817
00931B,統一美債20年,15,2,13,元大-東泰,2024-01-02,9817
2605,新興,55,42,13,元大-東泰,2024-01-02,9817
00922,國泰台灣領袖50,15,2,13,元大-東泰,2024-01-02,9817
5347,世界,14,2,12,元大-東泰,2024-01-02,9817
2365,昆盈,12,0,12,元大-東泰,2024-01-02,9817
00652,富邦印度,12,0,12,元大-東泰,2024-01-02,9817
2344,華邦電,36,24,12,元大-東泰,2024-01-02,9817
2393,億光,17,6,11,元大-東泰,2024-01-02,9817
6139,亞翔,14,3,11,元大-東泰,2024-01-02,9817
00918,大華優利高填息30,10,0,10,元大-東泰,2024-01-02,9817
00679B,元大美債20年,43,33,10,元大-東泰,2024-01-02,9817
8432,東生華,10,0,10,元大-東泰,2024-01-02,9817
6462,神盾,11,1,10,元大-東泰,2024-01-02,9817
9934,成霖,60,50,10,元大-東泰,2024-01-02,9817
9105,泰金寶-DR,603,1,602,元大-東泰,2024-01-03,9817
00929,復華台灣科技優息,256,61,195,元大-東泰,2024-01-03,9817
00680L,元大美債20正2,166,5,161,元大-東泰,2024-01-03,9817
00688L,國泰20年美債正2,141,0,141,元大-東泰,2024-01-03,9817
0056,元大高股息,138,21,117,元大-東泰,2024-01-03,9817
2303,聯電,114,6,108,元大-東泰,2024-01-03,9817
2362,藍天,161,57,104,元大-東泰,2024-01-03,9817
00937B,群益ESG投等債20,82,2,80,元大-東泰,2024-01-03,9817
00882,中信中國高股息,83,6,77,元大-東泰,2024-01-03,9817
00934,中信成長高股息,74,1,73,元大-東泰,2024-01-03,9817
3481,群創,69,8,61,元大-東泰,2024-01-03,9817
2605,新興,93,33,60,元大-東泰,2024-01-03,9817
2353,宏��,143,85,58,元大-東泰,2024-01-03,9817
8068,全達,50,0,50,元大-東泰,2024-01-03,9817
00830,國泰費城半導體,49,0,49,元大-東泰,2024-01-03,9817
2885,元大金,52,5,47,元大-東泰,2024-01-03,9817
00878,國泰永續高股息,78,33,45,元大-東泰,2024-01-03,9817
00885,富邦越南,40,0,40,元大-東泰,2024-01-03,9817
6482,弘煜科,31,1,30,元大-東泰,2024-01-03,9817
3450,聯鈞,28,0,28,元大-東泰,2024-01-03,9817
00919,群益台灣精選高息,106,80,26,元大-東泰,2024-01-03,9817
2330,台積電,28,2,26,元大-東泰,2024-01-03,9817
2486,一詮,37,11,26,元大-東泰,2024-01-03,9817
3311,閎暉,25,0,25,元大-東泰,2024-01-03,9817
2409,友達,26,2,24,元大-東泰,2024-01-03,9817
2888,新光金,24,0,24,元大-東泰,2024-01-03,9817
1809,中釉,24,0,24,元大-東泰,2024-01-03,9817
6117,迎廣,39,16,23,元大-東泰,2024-01-03,9817
4529,淳紳,22,0,22,元大-東泰,2024-01-03,9817
5521,工信,45,24,21,元大-東泰,2024-01-03,9817
00662,富邦NASDAQ,21,0,21,元大-東泰,2024-01-03,9817
6770,力積電,20,0,20,元大-東泰,2024-01-03,9817
2515,中工,42,22,20,元大-東泰,2024-01-03,9817
2897,王道銀行,20,0,20,元大-東泰,2024-01-03,9817
4167,松瑞藥,27,7,20,元大-東泰,2024-01-03,9817
2461,光群雷,20,0,20,元大-東泰,2024-01-03,9817
2883,凱基金,21,2,19,元大-東泰,2024-01-03,9817
6415,矽力*-KY,18,0,18,元大-東泰,2024-01-03,9817
1605,華新,20,2,18,元大-東泰,2024-01-03,9817
00881,國泰台灣5G+,18,0,18,元大-東泰,2024-01-03,9817
2882,國泰金,17,0,17,元大-東泰,2024-01-03,9817
5512,力麒,17,0,17,元大-東泰,2024-01-03,9817
2412,中華電,16,0,16,元大-東泰,2024-01-03,9817
3694,海華,21,5,16,元大-東泰,2024-01-03,9817
00715L,期街口布蘭特正2,15,0,15,元大-東泰,2024-01-03,9817
4960,誠美材,15,0,15,元大-東泰,2024-01-03,9817
6443,元晶,17,2,15,元大-東泰,2024-01-03,9817
1616,億泰,20,5,15,元大-東泰,2024-01-03,9817
4939,亞電,19,5,14,元大-東泰,2024-01-03,9817
3260,威剛,14,1,13,元大-東泰,2024-01-03,9817
2515,中工,615,2,613,元大-東泰,2024-01-04,9817
00673R,期元大S＆P原油反1,150,0,150,元大-東泰,2024-01-04,9817
3481,群創,137,26,111,元大-東泰,2024-01-04,9817
00830,國泰費城半導體,104,0,104,元大-東泰,2024-01-04,9817
00937B,群益ESG投等債20,105,6,99,元大-東泰,2024-01-04,9817
2603,長榮,136,50,86,元大-東泰,2024-01-04,9817
00929,復華台灣科技優息,114,33,81,元大-東泰,2024-01-04,9817
00671R,富邦NASDAQ反1,1496,1427,69,元大-東泰,2024-01-04,9817
3311,閎暉,65,0,65,元大-東泰,2024-01-04,9817
00927,群益半導體收益,74,14,60,元大-東泰,2024-01-04,9817
9919,康那香,112,52,60,元大-東泰,2024-01-04,9817
00662,富邦NASDAQ,59,0,59,元大-東泰,2024-01-04,9817
2353,宏��,91,35,56,元大-東泰,2024-01-04,9817
00712,復華富時不動產,55,4,51,元大-東泰,2024-01-04,9817
2331,精英,57,6,51,元大-東泰,2024-01-04,9817
2014,中鴻,47,9,38,元大-東泰,2024-01-04,9817
2867,三商壽,36,0,36,元大-東泰,2024-01-04,9817
00676R,富邦臺灣加權反1,31,0,31,元大-東泰,2024-01-04,9817
2303,聯電,33,3,30,元大-東泰,2024-01-04,9817
00637L,元大滬深300正2,29,0,29,元大-東泰,2024-01-04,9817
8086,宏捷科,30,2,28,元大-東泰,2024-01-04,9817
2344,華邦電,31,5,26,元大-東泰,2024-01-04,9817
2362,藍天,32,8,24,元大-東泰,2024-01-04,9817
3706,神達,30,7,23,元大-東泰,2024-01-04,9817
2402,毅嘉,22,0,22,元大-東泰,2024-01-04,9817
00713,元大台灣高息低波,19,0,19,元大-東泰,2024-01-04,9817
0056,元大高股息,26,8,18,元大-東泰,2024-01-04,9817
3006,晶豪科,25,6,19,元大-東泰,2024-01-04,9817
6120,達運,18,1,17,元大-東泰,2024-01-04,9817
00933B,國泰10Y+金融債,16,0,16,元大-東泰,2024-01-04,9817
00655L,國泰中國A50正2,15,0,15,元大-東泰,2024-01-04,9817
3037,欣興,17,2,15,元大-東泰,2024-01-04,9817
2888,新光金,14,0,14,元大-東泰,2024-01-04,9817
2498,宏達電,16,2,14,元大-東泰,2024-01-04,9817
6117,迎廣,38,24,14,元大-東泰,2024-01-04,9817
2007,燁興,35,21,14,元大-東泰,2024-01-04,9817
2449,京元電子,23,10,13,元大-東泰,2024-01-04,9817
6243,迅杰,18,5,13,元大-東泰,2024-01-04,9817
8068,全達,39,26,13,元大-東泰,2024-01-04,9817
1711,永光,12,0,12,元大-東泰,2024-01-04,9817
6112,邁達特,12,0,12,元大-東泰,2024-01-04,9817
2324,仁寶,68,56,12,元大-東泰,2024-01-04,9817
2367,燿華,11,0,11,元大-東泰,2024-01-04,9817
00934,中信成長高股息,11,0,11,元大-東泰,2024-01-04,9817
1529,樂事綠能,11,0,11,元大-東泰,2024-01-04,9817
2421,建準,19,8,11,元大-東泰,2024-01-04,9817
1326,台化,13,3,10,元大-東泰,2024-01-04,9817
3078,僑威,16,6,10,元大-東泰,2024-01-04,9817
4979,華星光,15,5,10,元大-東泰,2024-01-04,9817
1466,聚隆,13,3,10,元大-東泰,2024-01-04,9817
00632R,元大台灣50反1,225,0,225,元大-東泰,2024-01-05,9817
00937B,群益ESG投等債20,206,27,179,元大-東泰,2024-01-05,9817
00830,國泰費城半導體,167,0,167,元大-東泰,2024-01-05,9817
00929,復華台灣科技優息,149,12,137,元大-東泰,2024-01-05,9817
2881,富邦金,74,1,73,元大-東泰,2024-01-05,9817
00662,富邦NASDAQ,72,0,72,元大-東泰,2024-01-05,9817
2323,中環,63,1,62,元大-東泰,2024-01-05,9817
2356,英業達,177,122,55,元大-東泰,2024-01-05,9817
2607,榮運,83,32,51,元大-東泰,2024-01-05,9817
3032,偉訓,50,6,44,元大-東泰,2024-01-05,9817
6482,弘煜科,43,0,43,元大-東泰,2024-01-05,9817
2613,中櫃,40,0,40,元大-東泰,2024-01-05,9817
0056,元大高股息,46,8,38,元大-東泰,2024-01-05,9817
2390,云辰,36,0,36,元大-東泰,2024-01-05,9817
2867,三商壽,35,0,35,元大-東泰,2024-01-05,9817
2344,華邦電,33,1,32,元大-東泰,2024-01-05,9817
1514,亞力,50,19,31,元大-東泰,2024-01-05,9817
3311,閎暉,30,0,30,元大-東泰,2024-01-05,9817
5498,凱崴,30,0,30,元大-東泰,2024-01-05,9817
2353,宏��,67,40,27,元大-東泰,2024-01-05,9817
2405,輔信,32,5,27,元大-東泰,2024-01-05,9817
2515,中工,31,5,26,元大-東泰,2024-01-05,9817
8011,台通,26,2,24,元大-東泰,2024-01-05,9817
2611,志信,49,26,23,元大-東泰,2024-01-05,9817
6116,彩晶,36,14,22,元大-東泰,2024-01-05,9817
5309,系統電,25,3,22,元大-東泰,2024-01-05,9817
00679B,元大美債20年,65,44,21,元大-東泰,2024-01-05,9817
4304,勝昱,20,0,20,元大-東泰,2024-01-05,9817
3002,歐格,20,0,20,元大-東泰,2024-01-05,9817
2443,昶虹,20,0,20,元大-東泰,2024-01-05,9817
00720B,元大投資級公司債,19,0,19,元大-東泰,2024-01-05,9817
8096,擎亞,68,51,17,元大-東泰,2024-01-05,9817
00847B,中信美國市政債,16,0,16,元大-東泰,2024-01-05,9817
00899,FT潔淨能源,16,0,16,元大-東泰,2024-01-05,9817
2801,彰銀,16,0,16,元大-東泰,2024-01-05,9817
3037,欣興,15,0,15,元大-東泰,2024-01-05,9817
00934,中信成長高股息,15,0,15,元大-東泰,2024-01-05,9817
5425,台半,15,0,15,元大-東泰,2024-01-05,9817
5533,皇鼎,15,0,15,元大-東泰,2024-01-05,9817
2520,冠德,21,7,14,元大-東泰,2024-01-05,9817
2618,長榮航,85,71,14,元大-東泰,2024-01-05,9817
5478,智冠,13,0,13,元大-東泰,2024-01-05,9817
2610,華航,24,12,12,元大-東泰,2024-01-05,9817
8059,凱碩,12,0,12,元大-東泰,2024-01-05,9817
5315,光聯,12,0,12,元大-東泰,2024-01-05,9817
2014,中鴻,11,0,11,元大-東泰,2024-01-05,9817
00881,國泰台灣5G+,13,2,11,元大-東泰,2024-01-05,9817
00753L,中信中國50正2,17,6,11,元大-東泰,2024-01-05,9817
00795B,中信美國公債20年,11,0,11,元大-東泰,2024-01-05,9817
2028,威致,11,0,11,元大-東泰,2024-01-05,9817
00929,復華台灣科技優息,348,30,318,元大-東泰,2024-01-08,9817
00679B,元大美債20年,140,36,104,元大-東泰,2024-01-08,9817
2609,陽明,197,134,63,元大-東泰,2024-01-08,9817
2323,中環,60,0,60,元大-東泰,2024-01-08,9817
6770,力積電,72,17,55,元大-東泰,2024-01-08,9817
00700,富邦�琤肭磪�,55,0,55,元大-東泰,2024-01-08,9817
00919,群益台灣精選高息,68,17,51,元大-東泰,2024-01-08,9817
00927,群益半導體收益,48,0,48,元大-東泰,2024-01-08,9817
1339,昭輝,46,0,46,元大-東泰,2024-01-08,9817
2353,宏��,147,106,41,元大-東泰,2024-01-08,9817
2461,光群雷,41,1,40,元大-東泰,2024-01-08,9817
00937B,群益ESG投等債20,89,50,39,元大-東泰,2024-01-08,9817
5315,光聯,35,0,35,元大-東泰,2024-01-08,9817
8429,金麗-KY,30,0,30,元大-東泰,2024-01-08,9817
6432,今展科,29,0,29,元大-東泰,2024-01-08,9817
3231,緯創,58,32,26,元大-東泰,2024-01-08,9817
8011,台通,74,48,26,元大-東泰,2024-01-08,9817
00712,復華富時不動產,26,0,26,元大-東泰,2024-01-08,9817
2374,佳能,24,0,24,元大-東泰,2024-01-08,9817
0056,元大高股息,34,12,22,元大-東泰,2024-01-08,9817
3483,力致,22,0,22,元大-東泰,2024-01-08,9817
00933B,國泰10Y+金融債,22,0,22,元大-東泰,2024-01-08,9817
2605,新興,36,15,21,元大-東泰,2024-01-08,9817
2486,一詮,27,7,20,元大-東泰,2024-01-08,9817
4121,優盛,20,0,20,元大-東泰,2024-01-08,9817
3311,閎暉,20,0,20,元大-東泰,2024-01-08,9817
00847B,中信美國市政債,20,0,20,元大-東泰,2024-01-08,9817
2443,昶虹,20,0,20,元大-東泰,2024-01-08,9817
00636,國泰中國A50,19,0,19,元大-東泰,2024-01-08,9817
1605,華新,22,5,17,元大-東泰,2024-01-08,9817
2388,威盛,44,27,17,元大-東泰,2024-01-08,9817
00882,中信中國高股息,32,15,17,元大-東泰,2024-01-08,9817
8163,達方,16,0,16,元大-東泰,2024-01-08,9817
2613,中櫃,16,0,16,元大-東泰,2024-01-08,9817
2436,偉詮電,17,2,15,元大-東泰,2024-01-08,9817
6140,訊達,25,10,15,元大-東泰,2024-01-08,9817
2610,華航,17,2,15,元大-東泰,2024-01-08,9817
6418,詠昇,15,0,15,元大-東泰,2024-01-08,9817
6589,台康生技,15,0,15,元大-東泰,2024-01-08,9817
3380,明泰,16,3,13,元大-東泰,2024-01-08,9817
00639,富邦深100,12,0,12,元大-東泰,2024-01-08,9817
2611,志信,20,8,12,元大-東泰,2024-01-08,9817
3264,欣銓,12,0,12,元大-東泰,2024-01-08,9817
1325,恆大,12,1,11,元大-東泰,2024-01-08,9817
4129,聯合,12,1,11,元大-東泰,2024-01-08,9817
3037,欣興,12,1,11,元大-東泰,2024-01-08,9817
6504,南六,11,0,11,元大-東泰,2024-01-08,9817
0050,元大台灣50,11,1,10,元大-東泰,2024-01-08,9817
9927,泰銘,10,0,10,元大-東泰,2024-01-08,9817
910861,神州-DR,10,0,10,元大-東泰,2024-01-08,9817
00919,群益台灣精選高息,346,23,323,元大-東泰,2024-01-09,9817
2324,仁寶,231,65,166,元大-東泰,2024-01-09,9817
2356,英業達,176,39,137,元大-東泰,2024-01-09,9817
00688L,國泰20年美債正2,154,26,128,元大-東泰,2024-01-09,9817
00720B,元大投資級公司債,60,3,57,元大-東泰,2024-01-09,9817
2014,中鴻,59,2,57,元大-東泰,2024-01-09,9817
2609,陽明,385,329,56,元大-東泰,2024-01-09,9817
2515,中工,65,12,53,元大-東泰,2024-01-09,9817
00937B,群益ESG投等債20,51,0,51,元大-東泰,2024-01-09,9817
2461,光群雷,54,3,51,元大-東泰,2024-01-09,9817
3481,群創,61,14,47,元大-東泰,2024-01-09,9817
00679B,元大美債20年,44,1,43,元大-東泰,2024-01-09,9817
00904,新光臺灣半導體30,40,0,40,元大-東泰,2024-01-09,9817
5315,光聯,40,0,40,元大-東泰,2024-01-09,9817
6770,力積電,42,3,39,元大-東泰,2024-01-09,9817
2883,凱基金,37,3,34,元大-東泰,2024-01-09,9817
00929,復華台灣科技優息,72,39,33,元大-東泰,2024-01-09,9817
2002,中鋼,34,1,33,元大-東泰,2024-01-09,9817
2603,長榮,41,10,31,元大-東泰,2024-01-09,9817
00933B,國泰10Y+金融債,31,0,31,元大-東泰,2024-01-09,9817
00927,群益半導體收益,30,0,30,元大-東泰,2024-01-09,9817
3705,永信,30,0,30,元大-東泰,2024-01-09,9817
00751B,元大AAA至A公司債,30,1,29,元大-東泰,2024-01-09,9817
1609,大亞,28,0,28,元大-東泰,2024-01-09,9817
2329,華泰,73,45,28,元大-東泰,2024-01-09,9817
6116,彩晶,28,3,25,元大-東泰,2024-01-09,9817
4919,新唐,26,2,24,元大-東泰,2024-01-09,9817
3706,神達,29,5,24,元大-東泰,2024-01-09,9817
2634,漢翔,29,6,23,元大-東泰,2024-01-09,9817
2352,佳世達,34,11,23,元大-東泰,2024-01-09,9817
6120,達運,38,15,23,元大-東泰,2024-01-09,9817
8111,立��,35,13,22,元大-東泰,2024-01-09,9817
1301,台塑,40,18,22,元大-東泰,2024-01-09,9817
3346,麗清,21,0,21,元大-東泰,2024-01-09,9817
2617,台航,21,0,21,元大-東泰,2024-01-09,9817
00885,富邦越南,23,3,20,元大-東泰,2024-01-09,9817
2486,一詮,28,8,20,元大-東泰,2024-01-09,9817
2353,宏��,130,111,19,元大-東泰,2024-01-09,9817
2323,中環,158,139,19,元大-東泰,2024-01-09,9817
00642U,期元大S＆P石油,18,0,18,元大-東泰,2024-01-09,9817
4533,協易機,24,6,18,元大-東泰,2024-01-09,9817
2362,藍天,31,14,17,元大-東泰,2024-01-09,9817
00882,中信中國高股息,28,11,17,元大-東泰,2024-01-09,9817
2331,精英,17,2,15,元大-東泰,2024-01-09,9817
1101,台泥,17,2,15,元大-東泰,2024-01-09,9817
1605,華新,18,3,15,元大-東泰,2024-01-09,9817
3264,欣銓,17,2,15,元大-東泰,2024-01-09,9817
3078,僑威,24,10,14,元大-東泰,2024-01-09,9817
8068,全達,14,0,14,元大-東泰,2024-01-09,9817
2641,正德,20,6,14,元大-東泰,2024-01-09,9817
1718,中纖,136,0,136,元大-東泰,2024-01-10,9817
2323,中環,105,11,94,元大-東泰,2024-01-10,9817
2515,中工,87,0,87,元大-東泰,2024-01-10,9817
00679B,元大美債20年,95,10,85,元大-東泰,2024-01-10,9817
00680L,元大美債20正2,79,0,79,元大-東泰,2024-01-10,9817
3481,群創,71,12,59,元大-東泰,2024-01-10,9817
2609,陽明,283,236,47,元大-東泰,2024-01-10,9817
2331,精英,53,7,46,元大-東泰,2024-01-10,9817
2353,宏��,80,39,41,元大-東泰,2024-01-10,9817
2014,中鴻,36,1,35,元大-東泰,2024-01-10,9817
00720B,元大投資級公司債,33,0,33,元大-東泰,2024-01-10,9817
0056,元大高股息,46,14,32,元大-東泰,2024-01-10,9817
6482,弘煜科,31,0,31,元大-東泰,2024-01-10,9817
1810,和成,30,0,30,元大-東泰,2024-01-10,9817
2301,光寶科,30,1,29,元大-東泰,2024-01-10,9817
00881,國泰台灣5G+,28,0,28,元大-東泰,2024-01-10,9817
1605,華新,30,3,27,元大-東泰,2024-01-10,9817
2303,聯電,31,5,26,元大-東泰,2024-01-10,9817
2617,台航,27,3,24,元大-東泰,2024-01-10,9817
2356,英業達,68,45,23,元大-東泰,2024-01-10,9817
2888,新光金,25,3,22,元大-東泰,2024-01-10,9817
3532,台勝科,32,10,22,元大-東泰,2024-01-10,9817
6770,力積電,23,2,21,元大-東泰,2024-01-10,9817
00885,富邦越南,22,2,20,元大-東泰,2024-01-10,9817
00688L,國泰20年美債正2,20,0,20,元大-東泰,2024-01-10,9817
2461,光群雷,20,0,20,元大-東泰,2024-01-10,9817
2618,長榮航,24,5,19,元大-東泰,2024-01-10,9817
00878,國泰永續高股息,22,5,17,元大-東泰,2024-01-10,9817
6243,迅杰,35,18,17,元大-東泰,2024-01-10,9817
5258,虹堡,17,0,17,元大-東泰,2024-01-10,9817
2312,金寶,20,5,15,元大-東泰,2024-01-10,9817
2885,元大金,17,2,15,元大-東泰,2024-01-10,9817
2605,新興,18,3,15,元大-東泰,2024-01-10,9817
1802,台玻,15,0,15,元大-東泰,2024-01-10,9817
00642U,期元大S＆P石油,15,0,15,元大-東泰,2024-01-10,9817
00927,群益半導體收益,14,0,14,元大-東泰,2024-01-10,9817
1301,台塑,17,3,14,元大-東泰,2024-01-10,9817
2352,佳世達,19,5,14,元大-東泰,2024-01-10,9817
2371,大同,54,40,14,元大-東泰,2024-01-10,9817
1609,大亞,18,5,13,元大-東泰,2024-01-10,9817
00904,新光臺灣半導體30,13,0,13,元大-東泰,2024-01-10,9817
3545,敦泰,14,1,13,元大-東泰,2024-01-10,9817
2308,台達電,14,1,13,元大-東泰,2024-01-10,9817
2376,技嘉,13,1,12,元大-東泰,2024-01-10,9817
2409,友達,18,6,12,元大-東泰,2024-01-10,9817
00907,永豐優息存股,12,0,12,元大-東泰,2024-01-10,9817
2427,三商電,11,0,11,元大-東泰,2024-01-10,9817
00937B,群益ESG投等債20,13,2,11,元大-東泰,2024-01-10,9817
2892,第一金,10,0,10,元大-東泰,2024-01-10,9817
5475,德宏,10,0,10,元大-東泰,2024-01-10,9817
00933B,國泰10Y+金融債,334,0,334,元大-東泰,2024-01-11,9817
00929,復華台灣科技優息,173,6,167,元大-東泰,2024-01-11,9817
00651R,復華香港反1,110,0,110,元大-東泰,2024-01-11,9817
00679B,元大美債20年,74,0,74,元大-東泰,2024-01-11,9817
2353,宏��,161,97,64,元大-東泰,2024-01-11,9817
2344,華邦電,78,26,52,元大-東泰,2024-01-11,9817
2449,京元電子,54,3,51,元大-東泰,2024-01-11,9817
2609,陽明,65,14,51,元大-東泰,2024-01-11,9817
2409,友達,56,12,44,元大-東泰,2024-01-11,9817
6116,彩晶,41,0,41,元大-東泰,2024-01-11,9817
2515,中工,41,0,41,元大-東泰,2024-01-11,9817
2371,大同,44,6,38,元大-東泰,2024-01-11,9817
00773B,中信優先金融債,40,2,38,元大-東泰,2024-01-11,9817
2408,南亞科,39,4,35,元大-東泰,2024-01-11,9817
00937B,群益ESG投等債20,68,34,34,元大-東泰,2024-01-11,9817
2610,華航,32,3,29,元大-東泰,2024-01-11,9817
6140,訊達,33,5,28,元大-東泰,2024-01-11,9817
00885,富邦越南,25,0,25,元大-東泰,2024-01-11,9817
00637L,元大滬深300正2,24,0,24,元大-東泰,2024-01-11,9817
3481,群創,30,8,22,元大-東泰,2024-01-11,9817
2867,三商壽,22,1,21,元大-東泰,2024-01-11,9817
2324,仁寶,31,10,21,元大-東泰,2024-01-11,9817
2329,華泰,51,31,20,元大-東泰,2024-01-11,9817
8028,昇陽半導體,20,0,20,元大-東泰,2024-01-11,9817
8011,台通,20,0,20,元大-東泰,2024-01-11,9817
6113,亞矽,20,1,19,元大-東泰,2024-01-11,9817
6244,茂迪,20,1,19,元大-東泰,2024-01-11,9817
8068,全達,19,0,19,元大-東泰,2024-01-11,9817
00927,群益半導體收益,18,0,18,元大-東泰,2024-01-11,9817
1301,台塑,31,13,18,元大-東泰,2024-01-11,9817
8176,智捷,15,0,15,元大-東泰,2024-01-11,9817
3532,台勝科,24,9,15,元大-東泰,2024-01-11,9817
9919,康那香,15,1,14,元大-東泰,2024-01-11,9817
5521,工信,28,14,14,元大-東泰,2024-01-11,9817
6482,弘煜科,14,0,14,元大-東泰,2024-01-11,9817
2444,兆勁,15,2,13,元大-東泰,2024-01-11,9817
2455,全新,12,0,12,元大-東泰,2024-01-11,9817
1514,亞力,12,0,12,元大-東泰,2024-01-11,9817
00936,台新永續高息中小,12,0,12,元大-東泰,2024-01-11,9817
8059,凱碩,12,1,11,元大-東泰,2024-01-11,9817
6538,倉和,13,2,11,元大-東泰,2024-01-11,9817
2486,一詮,35,24,11,元大-東泰,2024-01-11,9817
2303,聯電,31,20,11,元大-東泰,2024-01-11,9817
2421,建準,11,1,10,元大-東泰,2024-01-11,9817
00680L,元大美債20正2,10,0,10,元大-東泰,2024-01-11,9817
00631L,元大台灣50正2,10,0,10,元大-東泰,2024-01-11,9817
8034,榮群,10,0,10,元大-東泰,2024-01-11,9817
2897,王道銀行,10,0,10,元大-東泰,2024-01-11,9817
00688L,國泰20年美債正2,10,1,9,元大-東泰,2024-01-11,9817
00713,元大台灣高息低波,9,0,9,元大-東泰,2024-01-11,9817
00673R,期元大S＆P原油反1,150,50,100,元大-東泰,2024-01-12,9817
8096,擎亞,137,51,86,元大-東泰,2024-01-12,9817
2301,光寶科,82,1,81,元大-東泰,2024-01-12,9817
3231,緯創,228,152,76,元大-東泰,2024-01-12,9817
2888,新光金,122,60,62,元大-東泰,2024-01-12,9817
2303,聯電,72,13,59,元大-東泰,2024-01-12,9817
00688L,國泰20年美債正2,47,0,47,元大-東泰,2024-01-12,9817
00929,復華台灣科技優息,98,51,47,元大-東泰,2024-01-12,9817
2515,中工,55,9,46,元大-東泰,2024-01-12,9817
00885,富邦越南,46,0,46,元大-東泰,2024-01-12,9817
8150,南茂,45,0,45,元大-東泰,2024-01-12,9817
00680L,元大美債20正2,50,10,40,元大-東泰,2024-01-12,9817
2329,華泰,44,5,39,元大-東泰,2024-01-12,9817
1504,東元,40,2,38,元大-東泰,2024-01-12,9817
1402,遠東新,37,0,37,元大-東泰,2024-01-12,9817
2208,台船,49,15,34,元大-東泰,2024-01-12,9817
4956,光鋐,50,20,30,元大-東泰,2024-01-12,9817
0056,元大高股息,35,5,30,元大-東泰,2024-01-12,9817
00633L,富邦上証正2,30,0,30,元大-東泰,2024-01-12,9817
00933B,國泰10Y+金融債,33,4,29,元大-東泰,2024-01-12,9817
2883,凱基金,30,3,27,元大-東泰,2024-01-12,9817
2353,宏��,129,102,27,元大-東泰,2024-01-12,9817
2887,台新金,24,0,24,元大-東泰,2024-01-12,9817
2449,京元電子,29,7,22,元大-東泰,2024-01-12,9817
8176,智捷,25,3,22,元大-東泰,2024-01-12,9817
00720B,元大投資級公司債,22,0,22,元大-東泰,2024-01-12,9817
6173,信昌電,20,0,20,元大-東泰,2024-01-12,9817
00878,國泰永續高股息,31,11,20,元大-東泰,2024-01-12,9817
2409,友達,19,0,19,元大-東泰,2024-01-12,9817
6770,力積電,20,2,18,元大-東泰,2024-01-12,9817
00919,群益台灣精選高息,27,10,17,元大-東泰,2024-01-12,9817
2882,國泰金,17,1,16,元大-東泰,2024-01-12,9817
3706,神達,22,6,16,元大-東泰,2024-01-12,9817
2436,偉詮電,15,0,15,元大-東泰,2024-01-12,9817
00772B,中信高評級公司債,15,0,15,元大-東泰,2024-01-12,9817
2492,華新科,14,0,14,元大-東泰,2024-01-12,9817
4129,聯合,22,10,12,元大-東泰,2024-01-12,9817
00899,FT潔淨能源,12,0,12,元大-東泰,2024-01-12,9817
2867,三商壽,11,0,11,元大-東泰,2024-01-12,9817
2388,威盛,14,3,11,元大-東泰,2024-01-12,9817
00904,新光臺灣半導體30,11,0,11,元大-東泰,2024-01-12,9817
2371,大同,24,13,11,元大-東泰,2024-01-12,9817
6550,北極星藥業-KY,11,0,11,元大-東泰,2024-01-12,9817
1815,富喬,11,0,11,元大-東泰,2024-01-12,9817
00927,群益半導體收益,12,2,10,元大-東泰,2024-01-12,9817
1455,集盛,10,0,10,元大-東泰,2024-01-12,9817
2613,中櫃,10,0,10,元大-東泰,2024-01-12,9817
3714,富采,10,0,10,元大-東泰,2024-01-12,9817
2601,益航,10,0,10,元大-東泰,2024-01-12,9817
4973,廣穎,10,0,10,元大-東泰,2024-01-12,9817
00632R,元大台灣50反1,401,0,401,元大-東泰,2024-01-15,9817
00929,復華台灣科技優息,172,32,140,元大-東泰,2024-01-15,9817
00688L,國泰20年美債正2,110,0,110,元大-東泰,2024-01-15,9817
2356,英業達,122,30,92,元大-東泰,2024-01-15,9817
2887,台新金,64,2,62,元大-東泰,2024-01-15,9817
2610,華航,61,4,57,元大-東泰,2024-01-15,9817
0056,元大高股息,59,6,53,元大-東泰,2024-01-15,9817
6125,廣運,52,4,48,元大-東泰,2024-01-15,9817
2618,長榮航,80,34,46,元大-東泰,2024-01-15,9817
2409,友達,43,1,42,元大-東泰,2024-01-15,9817
1718,中纖,52,10,42,元大-東泰,2024-01-15,9817
1535,中宇,41,3,38,元大-東泰,2024-01-15,9817
4956,光鋐,58,23,35,元大-東泰,2024-01-15,9817
1713,國化,35,0,35,元大-東泰,2024-01-15,9817
2888,新光金,29,1,28,元大-東泰,2024-01-15,9817
00687B,國泰20年美債,29,2,27,元大-東泰,2024-01-15,9817
5426,振發,31,5,26,元大-東泰,2024-01-15,9817
2329,華泰,50,25,25,元大-東泰,2024-01-15,9817
3231,緯創,174,151,23,元大-東泰,2024-01-15,9817
6770,力積電,26,4,22,元大-東泰,2024-01-15,9817
1314,中石化,21,0,21,元大-東泰,2024-01-15,9817
00931B,統一美債20年,20,0,20,元大-東泰,2024-01-15,9817
00878,國泰永續高股息,25,5,20,元大-東泰,2024-01-15,9817
2634,漢翔,36,17,19,元大-東泰,2024-01-15,9817
2382,廣達,56,37,19,元大-東泰,2024-01-15,9817
5258,虹堡,20,2,18,元大-東泰,2024-01-15,9817
2883,凱基金,20,2,18,元大-東泰,2024-01-15,9817
2208,台船,38,22,16,元大-東泰,2024-01-15,9817
00899,FT潔淨能源,16,0,16,元大-東泰,2024-01-15,9817
1522,堤維西,16,0,16,元大-東泰,2024-01-15,9817
2867,三商壽,15,0,15,元大-東泰,2024-01-15,9817
00679B,元大美債20年,16,2,14,元大-東泰,2024-01-15,9817
6245,立端,17,3,14,元大-東泰,2024-01-15,9817
2317,鴻海,14,1,13,元大-東泰,2024-01-15,9817
00753L,中信中國50正2,13,0,13,元大-東泰,2024-01-15,9817
2630,亞航,19,6,13,元大-東泰,2024-01-15,9817
2303,聯電,30,19,11,元大-東泰,2024-01-15,9817
3017,奇鋐,19,8,11,元大-東泰,2024-01-15,9817
2637,慧洋-KY,11,0,11,元大-東泰,2024-01-15,9817
00918,大華優利高填息30,12,2,10,元大-東泰,2024-01-15,9817
00927,群益半導體收益,24,14,10,元大-東泰,2024-01-15,9817
2515,中工,10,0,10,元大-東泰,2024-01-15,9817
00637L,元大滬深300正2,10,0,10,元大-東泰,2024-01-15,9817
9925,新保,10,0,10,元大-東泰,2024-01-15,9817
5475,德宏,10,0,10,元大-東泰,2024-01-15,9817
3694,海華,14,4,10,元大-東泰,2024-01-15,9817
1514,亞力,18,8,10,元大-東泰,2024-01-15,9817
00680L,元大美債20正2,12,3,9,元大-東泰,2024-01-15,9817
00631L,元大台灣50正2,9,0,9,元大-東泰,2024-01-15,9817
2892,第一金,9,0,9,元大-東泰,2024-01-15,9817
6116,彩晶,305,0,305,元大-東泰,2024-01-16,9817
0056,元大高股息,163,3,160,元大-東泰,2024-01-16,9817
2618,長榮航,148,59,89,元大-東泰,2024-01-16,9817
00929,復華台灣科技優息,118,38,80,元大-東泰,2024-01-16,9817
2883,凱基金,82,4,78,元大-東泰,2024-01-16,9817
2884,玉山金,76,0,76,元大-東泰,2024-01-16,9817
2002,中鋼,76,8,68,元大-東泰,2024-01-16,9817
00680L,元大美債20正2,117,53,64,元大-東泰,2024-01-16,9817
2353,宏��,71,14,57,元大-東泰,2024-01-16,9817
00688L,國泰20年美債正2,51,0,51,元大-東泰,2024-01-16,9817
1528,恩德,577,526,51,元大-東泰,2024-01-16,9817
2515,中工,59,10,49,元大-東泰,2024-01-16,9817
2344,華邦電,81,33,48,元大-東泰,2024-01-16,9817
1301,台塑,46,2,44,元大-東泰,2024-01-16,9817
2610,華航,47,5,42,元大-東泰,2024-01-16,9817
6177,達麗,42,0,42,元大-東泰,2024-01-16,9817
00878,國泰永續高股息,43,2,41,元大-東泰,2024-01-16,9817
2374,佳能,46,5,41,元大-東泰,2024-01-16,9817
4714,永捷,40,0,40,元大-東泰,2024-01-16,9817
5351,鈺創,85,47,38,元大-東泰,2024-01-16,9817
2609,陽明,92,57,35,元大-東泰,2024-01-16,9817
00881,國泰台灣5G+,33,0,33,元大-東泰,2024-01-16,9817
6245,立端,31,2,29,元大-東泰,2024-01-16,9817
2887,台新金,29,2,27,元大-東泰,2024-01-16,9817
1303,南亞,25,0,25,元大-東泰,2024-01-16,9817
6505,台塑化,23,0,23,元大-東泰,2024-01-16,9817
00927,群益半導體收益,25,3,22,元大-東泰,2024-01-16,9817
2885,元大金,22,0,22,元大-東泰,2024-01-16,9817
4157,太景*-KY,31,10,21,元大-東泰,2024-01-16,9817
1101,台泥,21,0,21,元大-東泰,2024-01-16,9817
6282,康舒,21,0,21,元大-東泰,2024-01-16,9817
00725B,國泰投資級公司債,21,0,21,元大-東泰,2024-01-16,9817
8096,擎亞,79,59,20,元大-東泰,2024-01-16,9817
2312,金寶,37,17,20,元大-東泰,2024-01-16,9817
1609,大亞,27,7,20,元大-東泰,2024-01-16,9817
2603,長榮,25,6,19,元大-東泰,2024-01-16,9817
1802,台玻,19,0,19,元大-東泰,2024-01-16,9817
1326,台化,21,3,18,元大-東泰,2024-01-16,9817
2486,一詮,97,79,18,元大-東泰,2024-01-16,9817
2634,漢翔,20,2,18,元大-東泰,2024-01-16,9817
1504,東元,20,3,17,元大-東泰,2024-01-16,9817
8028,昇陽半導體,17,0,17,元大-東泰,2024-01-16,9817
5880,合庫金,16,0,16,元大-東泰,2024-01-16,9817
00919,群益台灣精選高息,21,5,16,元大-東泰,2024-01-16,9817
1717,長興,15,0,15,元大-東泰,2024-01-16,9817
2605,新興,45,30,15,元大-東泰,2024-01-16,9817
2882,國泰金,15,0,15,元大-東泰,2024-01-16,9817
6695,芯鼎,42,28,14,元大-東泰,2024-01-16,9817
2323,中環,15,1,14,元大-東泰,2024-01-16,9817
6770,力積電,18,5,13,元大-東泰,2024-01-16,9817
00929,復華台灣科技優息,339,5,334,元大-東泰,2024-01-17,9817
00919,群益台灣精選高息,213,24,189,元大-東泰,2024-01-17,9817
0056,元大高股息,186,21,165,元大-東泰,2024-01-17,9817
2303,聯電,172,21,151,元大-東泰,2024-01-17,9817
2801,彰銀,129,0,129,元大-東泰,2024-01-17,9817
2883,凱基金,104,4,100,元大-東泰,2024-01-17,9817
00882,中信中國高股息,95,0,95,元大-東泰,2024-01-17,9817
2323,中環,91,4,87,元大-東泰,2024-01-17,9817
00878,國泰永續高股息,98,22,76,元大-東泰,2024-01-17,9817
00679B,元大美債20年,75,0,75,元大-東泰,2024-01-17,9817
2834,臺企銀,74,0,74,元大-東泰,2024-01-17,9817
2409,友達,81,9,72,元大-東泰,2024-01-17,9817
00881,國泰台灣5G+,71,0,71,元大-東泰,2024-01-17,9817
6285,啟��,67,5,62,元大-東泰,2024-01-17,9817
2887,台新金,62,1,61,元大-東泰,2024-01-17,9817
2618,長榮航,72,15,57,元大-東泰,2024-01-17,9817
2882,國泰金,44,0,44,元大-東泰,2024-01-17,9817
00888,永豐台灣ESG,41,0,41,元大-東泰,2024-01-17,9817
2002,中鋼,44,4,40,元大-東泰,2024-01-17,9817
8096,擎亞,100,60,40,元大-東泰,2024-01-17,9817
2356,英業達,119,81,38,元大-東泰,2024-01-17,9817
1605,華新,45,8,37,元大-東泰,2024-01-17,9817
2886,兆豐金,38,3,35,元大-東泰,2024-01-17,9817
2317,鴻海,38,5,33,元大-東泰,2024-01-17,9817
3231,緯創,82,50,32,元大-東泰,2024-01-17,9817
2371,大同,43,12,31,元大-東泰,2024-01-17,9817
2884,玉山金,31,0,31,元大-東泰,2024-01-17,9817
1301,台塑,35,5,30,元大-東泰,2024-01-17,9817
00899,FT潔淨能源,30,0,30,元大-東泰,2024-01-17,9817
2313,華通,31,2,29,元大-東泰,2024-01-17,9817
00930,永豐ESG低碳高息,29,0,29,元大-東泰,2024-01-17,9817
2302,麗正,44,15,29,元大-東泰,2024-01-17,9817
5880,合庫金,28,0,28,元大-東泰,2024-01-17,9817
00680L,元大美債20正2,28,1,27,元大-東泰,2024-01-17,9817
00687B,國泰20年美債,27,0,27,元大-東泰,2024-01-17,9817
3694,海華,36,11,25,元大-東泰,2024-01-17,9817
00671R,富邦NASDAQ反1,25,0,25,元大-東泰,2024-01-17,9817
2312,金寶,25,1,24,元大-東泰,2024-01-17,9817
3265,台星科,37,15,22,元大-東泰,2024-01-17,9817
0050,元大台灣50,21,0,21,元大-東泰,2024-01-17,9817
3702,大聯大,21,0,21,元大-東泰,2024-01-17,9817
4157,太景*-KY,21,0,21,元大-東泰,2024-01-17,9817
1522,堤維西,25,4,21,元大-東泰,2024-01-17,9817
00927,群益半導體收益,31,10,21,元大-東泰,2024-01-17,9817
1303,南亞,24,3,21,元大-東泰,2024-01-17,9817
1802,台玻,20,0,20,元大-東泰,2024-01-17,9817
2641,正德,18,0,18,元大-東泰,2024-01-17,9817
2498,宏達電,18,0,18,元大-東泰,2024-01-17,9817
4960,誠美材,37,19,18,元大-東泰,2024-01-17,9817
2892,第一金,17,0,17,元大-東泰,2024-01-17,9817
00919,群益台灣精選高息,198,4,194,元大-東泰,2024-01-18,9817
00929,復華台灣科技優息,227,101,126,元大-東泰,2024-01-18,9817
1528,恩德,389,311,78,元大-東泰,2024-01-18,9817
00882,中信中國高股息,78,10,68,元大-東泰,2024-01-18,9817
1314,中石化,75,8,67,元大-東泰,2024-01-18,9817
0056,元大高股息,58,5,53,元大-東泰,2024-01-18,9817
00899,FT潔淨能源,48,0,48,元大-東泰,2024-01-18,9817
00652,富邦印度,47,0,47,元大-東泰,2024-01-18,9817
00632R,元大台灣50反1,44,0,44,元大-東泰,2024-01-18,9817
8096,擎亞,68,25,43,元大-東泰,2024-01-18,9817
00664R,國泰臺灣加權反1,41,0,41,元大-東泰,2024-01-18,9817
1301,台塑,47,7,40,元大-東泰,2024-01-18,9817
00772B,中信高評級公司債,41,5,36,元大-東泰,2024-01-18,9817
2002,中鋼,37,2,35,元大-東泰,2024-01-18,9817
4960,誠美材,102,70,32,元大-東泰,2024-01-18,9817
1101,台泥,31,0,31,元大-東泰,2024-01-18,9817
2881,富邦金,31,0,31,元大-東泰,2024-01-18,9817
00915,凱基優選高股息30,30,0,30,元大-東泰,2024-01-18,9817
00878,國泰永續高股息,30,2,28,元大-東泰,2024-01-18,9817
00650L,復華香港正2,28,0,28,元大-東泰,2024-01-18,9817
2883,凱基金,26,1,25,元大-東泰,2024-01-18,9817
00637L,元大滬深300正2,49,25,24,元大-東泰,2024-01-18,9817
00639,富邦深100,24,0,24,元大-東泰,2024-01-18,9817
3607,谷崧,22,0,22,元大-東泰,2024-01-18,9817
2637,慧洋-KY,34,12,22,元大-東泰,2024-01-18,9817
2324,仁寶,51,31,20,元大-東泰,2024-01-18,9817
2104,國際中橡,20,0,20,元大-東泰,2024-01-18,9817
1609,大亞,23,6,17,元大-東泰,2024-01-18,9817
2618,長榮航,34,18,16,元大-東泰,2024-01-18,9817
2303,聯電,22,9,13,元大-東泰,2024-01-18,9817
2208,台船,13,0,13,元大-東泰,2024-01-18,9817
00633L,富邦上証正2,31,18,13,元大-東泰,2024-01-18,9817
6196,帆宣,26,13,13,元大-東泰,2024-01-18,9817
6117,迎廣,18,5,13,元大-東泰,2024-01-18,9817
6237,驊訊,13,0,13,元大-東泰,2024-01-18,9817
00712,復華富時不動產,12,0,12,元大-東泰,2024-01-18,9817
2885,元大金,14,2,12,元大-東泰,2024-01-18,9817
00631L,元大台灣50正2,12,0,12,元大-東泰,2024-01-18,9817
6770,力積電,16,4,12,元大-東泰,2024-01-18,9817
2352,佳世達,12,0,12,元大-東泰,2024-01-18,9817
00679B,元大美債20年,11,0,11,元大-東泰,2024-01-18,9817
2421,建準,14,3,11,元大-東泰,2024-01-18,9817
2363,矽統,19,8,11,元大-東泰,2024-01-18,9817
1905,華紙,13,2,11,元大-東泰,2024-01-18,9817
2014,中鴻,11,0,11,元大-東泰,2024-01-18,9817
3576,聯合再生,10,0,10,元大-東泰,2024-01-18,9817
6201,亞弘電,10,0,10,元大-東泰,2024-01-18,9817
3588,通嘉,10,0,10,元大-東泰,2024-01-18,9817
00904,新光臺灣半導體30,9,0,9,元大-東泰,2024-01-18,9817
5351,鈺創,20,11,9,元大-東泰,2024-01-18,9817
00937B,群益ESG投等債20,319,5,314,元大-東泰,2024-01-19,9817
00885,富邦越南,154,0,154,元大-東泰,2024-01-19,9817
00712,復華富時不動產,140,0,140,元大-東泰,2024-01-19,9817
00680L,元大美債20正2,110,0,110,元大-東泰,2024-01-19,9817
00673R,期元大S＆P原油反1,100,0,100,元大-東泰,2024-01-19,9817
00929,復華台灣科技優息,101,27,74,元大-東泰,2024-01-19,9817
2801,彰銀,100,30,70,元大-東泰,2024-01-19,9817
4960,誠美材,91,25,66,元大-東泰,2024-01-19,9817
00919,群益台灣精選高息,60,0,60,元大-東泰,2024-01-19,9817
00671R,富邦NASDAQ反1,55,0,55,元大-東泰,2024-01-19,9817
2353,宏��,85,34,51,元大-東泰,2024-01-19,9817
2882,國泰金,51,0,51,元大-東泰,2024-01-19,9817
00650L,復華香港正2,50,0,50,元大-東泰,2024-01-19,9817
00882,中信中國高股息,50,1,49,元大-東泰,2024-01-19,9817
00679B,元大美債20年,51,6,45,元大-東泰,2024-01-19,9817
00904,新光臺灣半導體30,44,0,44,元大-東泰,2024-01-19,9817
3390,旭軟,30,1,29,元大-東泰,2024-01-19,9817
6285,啟��,31,3,28,元大-東泰,2024-01-19,9817
00664R,國泰臺灣加權反1,25,0,25,元大-東泰,2024-01-19,9817
2461,光群雷,23,0,23,元大-東泰,2024-01-19,9817
1301,台塑,29,6,23,元大-東泰,2024-01-19,9817
6274,台燿,25,2,23,元大-東泰,2024-01-19,9817
6901,鑽石投資,24,2,22,元大-東泰,2024-01-19,9817
2637,慧洋-KY,23,1,22,元大-東泰,2024-01-19,9817
8059,凱碩,22,0,22,元大-東泰,2024-01-19,9817
2208,台船,26,4,22,元大-東泰,2024-01-19,9817
2014,中鴻,22,1,21,元大-東泰,2024-01-19,9817
00713,元大台灣高息低波,19,1,18,元大-東泰,2024-01-19,9817
2317,鴻海,19,1,18,元大-東泰,2024-01-19,9817
2344,華邦電,28,11,17,元大-東泰,2024-01-19,9817
2615,萬海,17,0,17,元大-東泰,2024-01-19,9817
5351,鈺創,26,9,17,元大-東泰,2024-01-19,9817
00720B,元大投資級公司債,17,1,16,元大-東泰,2024-01-19,9817
00927,群益半導體收益,17,1,16,元大-東泰,2024-01-19,9817
00753L,中信中國50正2,15,0,15,元大-東泰,2024-01-19,9817
2324,仁寶,62,48,14,元大-東泰,2024-01-19,9817
2329,華泰,161,148,13,元大-東泰,2024-01-19,9817
2603,長榮,13,0,13,元大-東泰,2024-01-19,9817
4956,光鋐,30,17,13,元大-東泰,2024-01-19,9817
2511,太子,13,0,13,元大-東泰,2024-01-19,9817
2610,華航,15,2,13,元大-東泰,2024-01-19,9817
1609,大亞,22,9,13,元大-東泰,2024-01-19,9817
2498,宏達電,12,0,12,元大-東泰,2024-01-19,9817
4743,合一,14,2,12,元大-東泰,2024-01-19,9817
9105,泰金寶-DR,11,0,11,元大-東泰,2024-01-19,9817
2027,大成鋼,11,0,11,元大-東泰,2024-01-19,9817
5880,合庫金,11,0,11,元大-東泰,2024-01-19,9817
1337,再生-KY,10,0,10,元大-東泰,2024-01-19,9817
2002,中鋼,11,1,10,元大-東泰,2024-01-19,9817
2409,友達,42,32,10,元大-東泰,2024-01-19,9817
00937B,群益ESG投等債20,213,53,160,元大-東泰,2024-01-22,9817
00676R,富邦臺灣加權反1,100,0,100,元大-東泰,2024-01-22,9817
00632R,元大台灣50反1,100,0,100,元大-東泰,2024-01-22,9817
00919,群益台灣精選高息,81,12,69,元大-東泰,2024-01-22,9817
2884,玉山金,64,0,64,元大-東泰,2024-01-22,9817
00882,中信中國高股息,85,23,62,元大-東泰,2024-01-22,9817
2618,長榮航,95,43,52,元大-東泰,2024-01-22,9817
2888,新光金,62,14,48,元大-東泰,2024-01-22,9817
2316,楠梓電,45,0,45,元大-東泰,2024-01-22,9817
00679B,元大美債20年,41,4,37,元大-東泰,2024-01-22,9817
1609,大亞,36,1,35,元大-東泰,2024-01-22,9817
00885,富邦越南,31,2,29,元大-東泰,2024-01-22,9817
00671R,富邦NASDAQ反1,85,60,25,元大-東泰,2024-01-22,9817
2353,宏��,88,63,25,元大-東泰,2024-01-22,9817
6285,啟��,29,6,23,元大-東泰,2024-01-22,9817
6282,康舒,25,4,21,元大-東泰,2024-01-22,9817
00715L,期街口布蘭特正2,21,0,21,元大-東泰,2024-01-22,9817
3390,旭軟,20,0,20,元大-東泰,2024-01-22,9817
2313,華通,21,2,19,元大-東泰,2024-01-22,9817
2453,凌群,20,1,19,元大-東泰,2024-01-22,9817
6509,聚和,22,3,19,元大-東泰,2024-01-22,9817
3532,台勝科,41,22,19,元大-東泰,2024-01-22,9817
8034,榮群,20,2,18,元大-東泰,2024-01-22,9817
00753L,中信中國50正2,28,10,18,元大-東泰,2024-01-22,9817
2486,一詮,25,8,17,元大-東泰,2024-01-22,9817
2002,中鋼,16,0,16,元大-東泰,2024-01-22,9817
3059,華晶科,19,3,16,元大-東泰,2024-01-22,9817
00899,FT潔淨能源,16,0,16,元大-東泰,2024-01-22,9817
4154,樂威科-KY,15,0,15,元大-東泰,2024-01-22,9817
2887,台新金,14,0,14,元大-東泰,2024-01-22,9817
2317,鴻海,17,3,14,元大-東泰,2024-01-22,9817
1301,台塑,18,6,12,元大-東泰,2024-01-22,9817
2801,彰銀,12,0,12,元大-東泰,2024-01-22,9817
1303,南亞,12,0,12,元大-東泰,2024-01-22,9817
5483,中美晶,13,1,12,元大-東泰,2024-01-22,9817
2324,仁寶,81,70,11,元大-東泰,2024-01-22,9817
2401,凌陽,19,9,10,元大-東泰,2024-01-22,9817
2302,麗正,10,0,10,元大-東泰,2024-01-22,9817
6835,圓裕,10,0,10,元大-東泰,2024-01-22,9817
5388,中磊,10,0,10,元大-東泰,2024-01-22,9817
2442,新美齊,10,0,10,元大-東泰,2024-01-22,9817
00680L,元大美債20正2,9,0,9,元大-東泰,2024-01-22,9817
2331,精英,11,2,9,元大-東泰,2024-01-22,9817
00670L,富邦NASDAQ正2,9,0,9,元大-東泰,2024-01-22,9817
00933B,國泰10Y+金融債,9,1,8,元大-東泰,2024-01-22,9817
00907,永豐優息存股,8,0,8,元大-東泰,2024-01-22,9817
2374,佳能,10,2,8,元大-東泰,2024-01-22,9817
00892,富邦台灣半導體,8,0,8,元大-東泰,2024-01-22,9817
2367,燿華,7,0,7,元大-東泰,2024-01-22,9817
2408,南亞科,9,2,7,元大-東泰,2024-01-22,9817
00929,復華台灣科技優息,349,30,319,元大-東泰,2024-01-23,9817
00679B,元大美債20年,72,0,72,元大-東泰,2024-01-23,9817
00700,富邦�琤肭磪�,58,0,58,元大-東泰,2024-01-23,9817
2344,華邦電,91,42,49,元大-東泰,2024-01-23,9817
00636,國泰中國A50,47,0,47,元大-東泰,2024-01-23,9817
5521,工信,51,7,44,元大-東泰,2024-01-23,9817
3265,台星科,62,25,37,元大-東泰,2024-01-23,9817
3059,華晶科,49,13,36,元大-東泰,2024-01-23,9817
4960,誠美材,42,9,33,元大-東泰,2024-01-23,9817
2324,仁寶,41,9,32,元大-東泰,2024-01-23,9817
2618,長榮航,47,17,30,元大-東泰,2024-01-23,9817
1467,南緯,30,0,30,元大-東泰,2024-01-23,9817
00937B,群益ESG投等債20,30,0,30,元大-東泰,2024-01-23,9817
2002,中鋼,27,0,27,元大-東泰,2024-01-23,9817
5351,鈺創,27,1,26,元大-東泰,2024-01-23,9817
00885,富邦越南,25,0,25,元大-東泰,2024-01-23,9817
8085,福華,25,0,25,元大-東泰,2024-01-23,9817
00878,國泰永續高股息,31,8,23,元大-東泰,2024-01-23,9817
00680L,元大美債20正2,31,10,21,元大-東泰,2024-01-23,9817
1466,聚隆,24,4,20,元大-東泰,2024-01-23,9817
00665L,富邦�琤肭磪囓�2,20,0,20,元大-東泰,2024-01-23,9817
1713,國化,20,0,20,元大-東泰,2024-01-23,9817
2486,一詮,39,20,19,元大-東泰,2024-01-23,9817
00637L,元大滬深300正2,19,0,19,元大-東泰,2024-01-23,9817
3576,聯合再生,24,6,18,元大-東泰,2024-01-23,9817
00933B,國泰10Y+金融債,18,1,17,元大-東泰,2024-01-23,9817
2884,玉山金,16,0,16,元大-東泰,2024-01-23,9817
3712,永崴投控,14,2,12,元大-東泰,2024-01-23,9817
00927,群益半導體收益,14,2,12,元大-東泰,2024-01-23,9817
00915,凱基優選高股息30,13,1,12,元大-東泰,2024-01-23,9817
00633L,富邦上証正2,30,19,11,元大-東泰,2024-01-23,9817
1326,台化,13,3,10,元大-東泰,2024-01-23,9817
4766,南寶,10,0,10,元大-東泰,2024-01-23,9817
2897,王道銀行,10,0,10,元大-東泰,2024-01-23,9817
2312,金寶,9,0,9,元大-東泰,2024-01-23,9817
2412,中華電,9,0,9,元大-東泰,2024-01-23,9817
6667,信紘科,9,0,9,元大-東泰,2024-01-23,9817
2834,臺企銀,10,1,9,元大-東泰,2024-01-23,9817
6243,迅杰,11,2,9,元大-東泰,2024-01-23,9817
00720B,元大投資級公司債,9,0,9,元大-東泰,2024-01-23,9817
2891,中信金,9,0,9,元大-東泰,2024-01-23,9817
2316,楠梓電,10,2,8,元大-東泰,2024-01-23,9817
5475,德宏,8,0,8,元大-東泰,2024-01-23,9817
6695,芯鼎,16,9,7,元大-東泰,2024-01-23,9817
3622,洋華,13,6,7,元大-東泰,2024-01-23,9817
2605,新興,12,5,7,元大-東泰,2024-01-23,9817
9919,康那香,7,0,7,元大-東泰,2024-01-23,9817
2382,廣達,29,22,7,元大-東泰,2024-01-23,9817
2603,長榮,10,4,6,元大-東泰,2024-01-23,9817
2801,彰銀,6,0,6,元大-東泰,2024-01-23,9817
00680L,元大美債20正2,116,0,116,元大-東泰,2024-01-24,9817
2409,友達,115,16,99,元大-東泰,2024-01-24,9817
00929,復華台灣科技優息,106,9,97,元大-東泰,2024-01-24,9817
2356,英業達,181,97,84,元大-東泰,2024-01-24,9817
00679B,元大美債20年,63,0,63,元大-東泰,2024-01-24,9817
00937B,群益ESG投等債20,82,40,42,元大-東泰,2024-01-24,9817
2431,聯昌,40,0,40,元大-東泰,2024-01-24,9817
8150,南茂,40,0,40,元大-東泰,2024-01-24,9817
00720B,元大投資級公司債,39,0,39,元大-東泰,2024-01-24,9817
00919,群益台灣精選高息,44,4,40,元大-東泰,2024-01-24,9817
4919,新唐,42,5,37,元大-東泰,2024-01-24,9817
00918,大華優利高填息30,31,0,31,元大-東泰,2024-01-24,9817
8489,三貝德,31,1,30,元大-東泰,2024-01-24,9817
00676R,富邦臺灣加權反1,30,0,30,元大-東泰,2024-01-24,9817
3231,緯創,76,48,28,元大-東泰,2024-01-24,9817
2344,華邦電,87,60,27,元大-東泰,2024-01-24,9817
00652,富邦印度,25,0,25,元大-東泰,2024-01-24,9817
00688L,國泰20年美債正2,25,0,25,元大-東泰,2024-01-24,9817
2329,華泰,43,21,22,元大-東泰,2024-01-24,9817
2606,裕民,20,0,20,元大-東泰,2024-01-24,9817
9928,中視,20,0,20,元大-東泰,2024-01-24,9817
2897,王道銀行,19,0,19,元大-東泰,2024-01-24,9817
9904,寶成,20,2,18,元大-東泰,2024-01-24,9817
00915,凱基優選高股息30,17,0,17,元大-東泰,2024-01-24,9817
6285,啟��,28,12,16,元大-東泰,2024-01-24,9817
1504,東元,16,0,16,元大-東泰,2024-01-24,9817
5488,松普,14,0,14,元大-東泰,2024-01-24,9817
6120,達運,29,15,14,元大-東泰,2024-01-24,9817
00687B,國泰20年美債,24,10,14,元大-東泰,2024-01-24,9817
00713,元大台灣高息低波,13,0,13,元大-東泰,2024-01-24,9817
2353,宏��,123,111,12,元大-東泰,2024-01-24,9817
2352,佳世達,12,0,12,元大-東泰,2024-01-24,9817
00933B,國泰10Y+金融債,12,1,11,元大-東泰,2024-01-24,9817
3712,永崴投控,13,2,11,元大-東泰,2024-01-24,9817
3189,景碩,11,0,11,元大-東泰,2024-01-24,9817
2031,新光鋼,11,1,10,元大-東泰,2024-01-24,9817
5398,慕康生醫,55,45,10,元大-東泰,2024-01-24,9817
00632R,元大台灣50反1,50,40,10,元大-東泰,2024-01-24,9817
00712,復華富時不動產,10,0,10,元大-東泰,2024-01-24,9817
6026,福邦證,10,0,10,元大-東泰,2024-01-24,9817
2867,三商壽,10,0,10,元大-東泰,2024-01-24,9817
4534,慶騰,10,0,10,元大-東泰,2024-01-24,9817
3490,單井,13,3,10,元大-東泰,2024-01-24,9817
8054,安國,20,10,10,元大-東泰,2024-01-24,9817
8936,國統,15,5,10,元大-東泰,2024-01-24,9817
2884,玉山金,10,0,10,元大-東泰,2024-01-24,9817
00882,中信中國高股息,20,10,10,元大-東泰,2024-01-24,9817
1515,力山,10,1,9,元大-東泰,2024-01-24,9817
1513,中興電,11,2,9,元大-東泰,2024-01-24,9817
3059,華晶科,11,2,9,元大-東泰,2024-01-24,9817
00671R,富邦NASDAQ反1,360,0,360,元大-東泰,2024-01-25,9817
00650L,復華香港正2,250,18,232,元大-東泰,2024-01-25,9817
00688L,國泰20年美債正2,292,111,181,元大-東泰,2024-01-25,9817
00665L,富邦�琤肭磪囓�2,160,0,160,元大-東泰,2024-01-25,9817
1314,中石化,150,0,150,元大-東泰,2024-01-25,9817
00632R,元大台灣50反1,115,10,105,元大-東泰,2024-01-25,9817
00933B,國泰10Y+金融債,105,0,105,元大-東泰,2024-01-25,9817
00919,群益台灣精選高息,132,29,103,元大-東泰,2024-01-25,9817
00673R,期元大S＆P原油反1,100,0,100,元大-東泰,2024-01-25,9817
00937B,群益ESG投等債20,99,3,96,元大-東泰,2024-01-25,9817
1609,大亞,53,2,51,元大-東泰,2024-01-25,9817
8096,擎亞,129,81,48,元大-東泰,2024-01-25,9817
2618,長榮航,57,13,44,元大-東泰,2024-01-25,9817
5521,工信,53,10,43,元大-東泰,2024-01-25,9817
00680L,元大美債20正2,42,0,42,元大-東泰,2024-01-25,9817
1713,國化,45,4,41,元大-東泰,2024-01-25,9817
00679B,元大美債20年,46,7,39,元大-東泰,2024-01-25,9817
2409,友達,40,1,39,元大-東泰,2024-01-25,9817
3622,洋華,44,6,38,元大-東泰,2024-01-25,9817
8011,台通,37,0,37,元大-東泰,2024-01-25,9817
00885,富邦越南,35,0,35,元大-東泰,2024-01-25,9817
3520,華盈,35,1,34,元大-東泰,2024-01-25,9817
4904,遠傳,26,1,25,元大-東泰,2024-01-25,9817
6265,方土昶,26,5,21,元大-東泰,2024-01-25,9817
2801,彰銀,21,0,21,元大-東泰,2024-01-25,9817
5351,鈺創,20,1,19,元大-東泰,2024-01-25,9817
00751B,元大AAA至A公司債,17,0,17,元大-東泰,2024-01-25,9817
2615,萬海,17,0,17,元大-東泰,2024-01-25,9817
2421,建準,25,9,16,元大-東泰,2024-01-25,9817
00931B,統一美債20年,16,0,16,元大-東泰,2024-01-25,9817
2641,正德,16,0,16,元大-東泰,2024-01-25,9817
5223,安力-KY,16,0,16,元大-東泰,2024-01-25,9817
1466,聚隆,16,0,16,元大-東泰,2024-01-25,9817
6235,華孚,18,3,15,元大-東泰,2024-01-25,9817
4121,優盛,15,0,15,元大-東泰,2024-01-25,9817
5483,中美晶,15,1,14,元大-東泰,2024-01-25,9817
00720B,元大投資級公司債,34,20,14,元大-東泰,2024-01-25,9817
2486,一詮,36,23,13,元大-東泰,2024-01-25,9817
8150,南茂,12,0,12,元大-東泰,2024-01-25,9817
4729,熒茂,14,2,12,元大-東泰,2024-01-25,9817
2356,英業達,172,160,12,元大-東泰,2024-01-25,9817
2515,中工,11,0,11,元大-東泰,2024-01-25,9817
6026,福邦證,10,0,10,元大-東泰,2024-01-25,9817
00850,元大臺灣ESG永續,10,0,10,元大-東泰,2024-01-25,9817
3363,上詮,12,2,10,元大-東泰,2024-01-25,9817
3047,訊舟,13,3,10,元大-東泰,2024-01-25,9817
3118,進階,10,0,10,元大-東泰,2024-01-25,9817
4534,慶騰,10,0,10,元大-東泰,2024-01-25,9817
4157,太景*-KY,10,0,10,元大-東泰,2024-01-25,9817
2603,長榮,16,6,10,元大-東泰,2024-01-25,9817
2303,聯電,280,58,222,元大-東泰,2024-01-26,9817
00680L,元大美債20正2,70,0,70,元大-東泰,2024-01-26,9817
2618,長榮航,64,2,62,元大-東泰,2024-01-26,9817
8150,南茂,53,0,53,元大-東泰,2024-01-26,9817
3535,晶彩科,62,22,40,元大-東泰,2024-01-26,9817
2324,仁寶,80,47,33,元大-東泰,2024-01-26,9817
00918,大華優利高填息30,32,1,31,元大-東泰,2024-01-26,9817
4904,遠傳,31,0,31,元大-東泰,2024-01-26,9817
3066,李洲,30,0,30,元大-東泰,2024-01-26,9817
2443,昶虹,30,0,30,元大-東泰,2024-01-26,9817
00882,中信中國高股息,32,5,27,元大-東泰,2024-01-26,9817
00679B,元大美債20年,26,0,26,元大-東泰,2024-01-26,9817
2329,華泰,56,30,26,元大-東泰,2024-01-26,9817
00933B,國泰10Y+金融債,25,0,25,元大-東泰,2024-01-26,9817
1303,南亞,26,2,24,元大-東泰,2024-01-26,9817
3005,神基,25,3,22,元大-東泰,2024-01-26,9817
1522,堤維西,21,0,21,元大-東泰,2024-01-26,9817
8404,百和興業-KY,20,0,20,元大-東泰,2024-01-26,9817
9938,百和,19,0,19,元大-東泰,2024-01-26,9817
2313,華通,19,0,19,元大-東泰,2024-01-26,9817
6270,倍微,56,38,18,元大-東泰,2024-01-26,9817
8059,凱碩,27,10,17,元大-東泰,2024-01-26,9817
2609,陽明,47,31,16,元大-東泰,2024-01-26,9817
00687B,國泰20年美債,16,0,16,元大-東泰,2024-01-26,9817
00720B,元大投資級公司債,15,0,15,元大-東泰,2024-01-26,9817
6531,愛普*,15,0,15,元大-東泰,2024-01-26,9817
6108,競國,15,0,15,元大-東泰,2024-01-26,9817
3673,TPK-KY,15,0,15,元大-東泰,2024-01-26,9817
6257,矽格,21,6,15,元大-東泰,2024-01-26,9817
8488,吉源-KY,15,0,15,元大-東泰,2024-01-26,9817
00772B,中信高評級公司債,14,0,14,元大-東泰,2024-01-26,9817
8093,保銳,14,0,14,元大-東泰,2024-01-26,9817
4906,正文,13,0,13,元大-東泰,2024-01-26,9817
2897,王道銀行,12,0,12,元大-東泰,2024-01-26,9817
00927,群益半導體收益,12,0,12,元大-東泰,2024-01-26,9817
8033,雷虎,13,1,12,元大-東泰,2024-01-26,9817
3041,揚智,12,1,11,元大-東泰,2024-01-26,9817
00688L,國泰20年美債正2,11,0,11,元大-東泰,2024-01-26,9817
6245,立端,12,1,11,元大-東泰,2024-01-26,9817
3029,零壹,11,0,11,元大-東泰,2024-01-26,9817
6026,福邦證,10,0,10,元大-東泰,2024-01-26,9817
5410,國眾,10,0,10,元大-東泰,2024-01-26,9817
00650L,復華香港正2,10,0,10,元大-東泰,2024-01-26,9817
2442,新美齊,10,0,10,元大-東泰,2024-01-26,9817
3032,偉訓,13,3,10,元大-東泰,2024-01-26,9817
00934,中信成長高股息,12,2,10,元大-東泰,2024-01-26,9817
3455,由田,9,0,9,元大-東泰,2024-01-26,9817
2515,中工,9,1,8,元大-東泰,2024-01-26,9817
3615,安可,9,1,8,元大-東泰,2024-01-26,9817
2023,燁輝,8,0,8,元大-東泰,2024-01-26,9817
2356,英業達,454,21,433,元大-東泰,2024-01-29,9817
2880,華南金,202,3,199,元大-東泰,2024-01-29,9817
5521,工信,109,0,109,元大-東泰,2024-01-29,9817
3066,李洲,103,0,103,元大-東泰,2024-01-29,9817
00665L,富邦�琤肭磪囓�2,100,0,100,元大-東泰,2024-01-29,9817
00632R,元大台灣50反1,87,0,87,元大-東泰,2024-01-29,9817
4967,十銓,72,2,70,元大-東泰,2024-01-29,9817
00937B,群益ESG投等債20,56,0,56,元大-東泰,2024-01-29,9817
6550,北極星藥業-KY,56,0,56,元大-東泰,2024-01-29,9817
00687B,國泰20年美債,54,0,54,元大-東泰,2024-01-29,9817
3715,定穎投控,49,2,47,元大-東泰,2024-01-29,9817
2409,友達,54,10,44,元大-東泰,2024-01-29,9817
4804,大略-KY,40,0,40,元大-東泰,2024-01-29,9817
3231,緯創,79,40,39,元大-東泰,2024-01-29,9817
2303,聯電,48,12,36,元大-東泰,2024-01-29,9817
8404,百和興業-KY,35,0,35,元大-東泰,2024-01-29,9817
6695,芯鼎,40,13,27,元大-東泰,2024-01-29,9817
6282,康舒,51,27,24,元大-東泰,2024-01-29,9817
2337,旺宏,28,5,23,元大-東泰,2024-01-29,9817
6196,帆宣,23,1,22,元大-東泰,2024-01-29,9817
00688L,國泰20年美債正2,21,0,21,元大-東泰,2024-01-29,9817
1312,國喬,20,0,20,元大-東泰,2024-01-29,9817
1460,宏遠,20,0,20,元大-東泰,2024-01-29,9817
2201,裕隆,20,0,20,元大-東泰,2024-01-29,9817
00931B,統一美債20年,20,0,20,元大-東泰,2024-01-29,9817
00679B,元大美債20年,21,1,20,元大-東泰,2024-01-29,9817
00753L,中信中國50正2,19,0,19,元大-東泰,2024-01-29,9817
2382,廣達,69,51,18,元大-東泰,2024-01-29,9817
3033,威健,18,0,18,元大-東泰,2024-01-29,9817
00933B,國泰10Y+金融債,20,2,18,元大-東泰,2024-01-29,9817
5351,鈺創,18,0,18,元大-東泰,2024-01-29,9817
2353,宏��,49,32,17,元大-東泰,2024-01-29,9817
2610,華航,18,1,17,元大-東泰,2024-01-29,9817
6546,正基,24,8,16,元大-東泰,2024-01-29,9817
3118,進階,15,0,15,元大-東泰,2024-01-29,9817
3622,洋華,26,11,15,元大-東泰,2024-01-29,9817
00929,復華台灣科技優息,25,11,14,元大-東泰,2024-01-29,9817
1304,台聚,15,1,14,元大-東泰,2024-01-29,9817
2440,太空梭,14,0,14,元大-東泰,2024-01-29,9817
2641,正德,14,0,14,元大-東泰,2024-01-29,9817
1785,光洋科,13,1,12,元大-東泰,2024-01-29,9817
2609,陽明,18,6,12,元大-東泰,2024-01-29,9817
4979,華星光,13,1,12,元大-東泰,2024-01-29,9817
4919,新唐,17,5,12,元大-東泰,2024-01-29,9817
2365,昆盈,14,3,11,元大-東泰,2024-01-29,9817
3260,威剛,12,1,11,元大-東泰,2024-01-29,9817
1444,力麗,11,0,11,元大-東泰,2024-01-29,9817
6263,普萊德,11,0,11,元大-東泰,2024-01-29,9817
2442,新美齊,10,0,10,元大-東泰,2024-01-29,9817
2020,美亞,10,0,10,元大-東泰,2024-01-29,9817
00680L,元大美債20正2,346,0,346,元大-東泰,2024-01-30,9817
00937B,群益ESG投等債20,369,46,323,元大-東泰,2024-01-30,9817
00687B,國泰20年美債,270,1,269,元大-東泰,2024-01-30,9817
00679B,元大美債20年,272,5,267,元大-東泰,2024-01-30,9817
5498,凱崴,109,2,107,元大-東泰,2024-01-30,9817
00650L,復華香港正2,140,36,104,元大-東泰,2024-01-30,9817
00878,國泰永續高股息,109,38,71,元大-東泰,2024-01-30,9817
00688L,國泰20年美債正2,63,0,63,元大-東泰,2024-01-30,9817
2344,華邦電,67,4,63,元大-東泰,2024-01-30,9817
2606,裕民,60,0,60,元大-東泰,2024-01-30,9817
00651R,復華香港反1,50,0,50,元大-東泰,2024-01-30,9817
1718,中纖,47,0,47,元大-東泰,2024-01-30,9817
2324,仁寶,69,22,47,元大-東泰,2024-01-30,9817
8064,東捷,56,13,43,元大-東泰,2024-01-30,9817
2002,中鋼,42,0,42,元大-東泰,2024-01-30,9817
3312,弘憶股,40,2,38,元大-東泰,2024-01-30,9817
2886,兆豐金,33,0,33,元大-東泰,2024-01-30,9817
3265,台星科,33,0,33,元大-東泰,2024-01-30,9817
00764B,群益25年美債,32,0,32,元大-東泰,2024-01-30,9817
6550,北極星藥業-KY,30,0,30,元大-東泰,2024-01-30,9817
00676R,富邦臺灣加權反1,29,0,29,元大-東泰,2024-01-30,9817
6282,康舒,33,4,29,元大-東泰,2024-01-30,9817
00929,復華台灣科技優息,45,18,27,元大-東泰,2024-01-30,9817
3260,威剛,26,0,26,元大-東泰,2024-01-30,9817
2031,新光鋼,25,0,25,元大-東泰,2024-01-30,9817
5287,數字,25,0,25,元大-東泰,2024-01-30,9817
2801,彰銀,24,0,24,元大-東泰,2024-01-30,9817
2880,華南金,23,0,23,元大-東泰,2024-01-30,9817
2484,希華,22,0,22,元大-東泰,2024-01-30,9817
3062,建漢,21,0,21,元大-東泰,2024-01-30,9817
3005,神基,24,3,21,元大-東泰,2024-01-30,9817
1303,南亞,23,3,20,元大-東泰,2024-01-30,9817
00885,富邦越南,20,0,20,元大-東泰,2024-01-30,9817
3706,神達,34,16,18,元大-東泰,2024-01-30,9817
3118,進階,18,0,18,元大-東泰,2024-01-30,9817
3481,群創,32,15,17,元大-東泰,2024-01-30,9817
00671R,富邦NASDAQ反1,25,8,17,元大-東泰,2024-01-30,9817
6147,頎邦,21,4,17,元大-東泰,2024-01-30,9817
2303,聯電,23,7,16,元大-東泰,2024-01-30,9817
2436,偉詮電,16,0,16,元大-東泰,2024-01-30,9817
4432,銘旺實,15,0,15,元大-東泰,2024-01-30,9817
00882,中信中國高股息,19,5,14,元大-東泰,2024-01-30,9817
2313,華通,23,9,14,元大-東泰,2024-01-30,9817
6168,宏齊,13,0,13,元大-東泰,2024-01-30,9817
2409,友達,17,4,13,元大-東泰,2024-01-30,9817
3363,上詮,14,1,13,元大-東泰,2024-01-30,9817
2618,長榮航,33,20,13,元大-東泰,2024-01-30,9817
6235,華孚,14,2,12,元大-東泰,2024-01-30,9817
00753L,中信中國50正2,12,0,12,元大-東泰,2024-01-30,9817
2615,萬海,12,0,12,元大-東泰,2024-01-30,9817
00688L,國泰20年美債正2,206,0,206,元大-東泰,2024-01-31,9817
00687B,國泰20年美債,171,6,165,元大-東泰,2024-01-31,9817
00680L,元大美債20正2,104,7,97,元大-東泰,2024-01-31,9817
00679B,元大美債20年,75,4,71,元大-東泰,2024-01-31,9817
00650L,復華香港正2,65,1,64,元大-東泰,2024-01-31,9817
2618,長榮航,68,11,57,元大-東泰,2024-01-31,9817
00937B,群益ESG投等債20,169,113,56,元大-東泰,2024-01-31,9817
2880,華南金,49,1,48,元大-東泰,2024-01-31,9817
2867,三商壽,64,21,43,元大-東泰,2024-01-31,9817
2356,英業達,54,23,31,元大-東泰,2024-01-31,9817
2303,聯電,40,10,30,元大-東泰,2024-01-31,9817
6550,北極星藥業-KY,31,2,29,元大-東泰,2024-01-31,9817
1303,南亞,28,3,25,元大-東泰,2024-01-31,9817
1713,國化,25,1,24,元大-東泰,2024-01-31,9817
00639,富邦深100,24,0,24,元大-東泰,2024-01-31,9817
00753L,中信中國50正2,35,12,23,元大-東泰,2024-01-31,9817
2330,台積電,27,5,22,元大-東泰,2024-01-31,9817
3664,安瑞-KY,20,0,20,元大-東泰,2024-01-31,9817
2609,陽明,39,19,20,元大-東泰,2024-01-31,9817
6530,創威,57,38,19,元大-東泰,2024-01-31,9817
8069,元太,25,7,18,元大-東泰,2024-01-31,9817
6233,旺玖,21,3,18,元大-東泰,2024-01-31,9817
2308,台達電,18,0,18,元大-東泰,2024-01-31,9817
00923,群益台ESG低碳50,16,0,16,元大-東泰,2024-01-31,9817
8096,擎亞,81,65,16,元大-東泰,2024-01-31,9817
4188,安克,15,0,15,元大-東泰,2024-01-31,9817
2344,華邦電,114,100,14,元大-東泰,2024-01-31,9817
5210,寶碩,14,0,14,元大-東泰,2024-01-31,9817
00878,國泰永續高股息,20,6,14,元大-東泰,2024-01-31,9817
4960,誠美材,13,0,13,元大-東泰,2024-01-31,9817
3704,合勤控,14,1,13,元大-東泰,2024-01-31,9817
00712,復華富時不動產,13,0,13,元大-東泰,2024-01-31,9817
2360,致茂,13,0,13,元大-東泰,2024-01-31,9817
2634,漢翔,23,11,12,元大-東泰,2024-01-31,9817
4529,淳紳,13,1,12,元大-東泰,2024-01-31,9817
2897,王道銀行,12,0,12,元大-東泰,2024-01-31,9817
00882,中信中國高股息,18,7,11,元大-東泰,2024-01-31,9817
00725B,國泰投資級公司債,12,1,11,元大-東泰,2024-01-31,9817
3706,神達,14,3,11,元大-東泰,2024-01-31,9817
00637L,元大滬深300正2,17,6,11,元大-東泰,2024-01-31,9817
2363,矽統,13,2,11,元大-東泰,2024-01-31,9817
4909,新復興,16,5,11,元大-東泰,2024-01-31,9817
1101,台泥,14,4,10,元大-東泰,2024-01-31,9817
3231,緯創,61,51,10,元大-東泰,2024-01-31,9817
00733,富邦臺灣中小,11,0,11,元大-東泰,2024-01-31,9817
1301,台塑,13,3,10,元大-東泰,2024-01-31,9817
2888,新光金,10,0,10,元大-東泰,2024-01-31,9817
4979,華星光,13,3,10,元大-東泰,2024-01-31,9817
2359,所羅門,11,1,10,元大-東泰,2024-01-31,9817
1785,光洋科,10,0,10,元大-東泰,2024-01-31,9817
2618,長榮航,408,30,378,元大-東泰,2024-02-01,9817
00680L,元大美債20正2,241,7,234,元大-東泰,2024-02-01,9817
00679B,元大美債20年,194,3,191,元大-東泰,2024-02-01,9817
00687B,國泰20年美債,95,10,85,元大-東泰,2024-02-01,9817
2883,凱基金,87,5,82,元大-東泰,2024-02-01,9817
00651R,復華香港反1,55,0,55,元大-東泰,2024-02-01,9817
00712,復華富時不動產,51,6,45,元大-東泰,2024-02-01,9817
4188,安克,45,7,38,元大-東泰,2024-02-01,9817
00878,國泰永續高股息,51,15,36,元大-東泰,2024-02-01,9817
2303,聯電,54,20,34,元大-東泰,2024-02-01,9817
2365,昆盈,33,5,28,元大-東泰,2024-02-01,9817
3694,海華,68,43,25,元大-東泰,2024-02-01,9817
2834,臺企銀,24,2,22,元大-東泰,2024-02-01,9817
3481,群創,32,11,21,元大-東泰,2024-02-01,9817
4174,浩鼎,23,2,21,元大-東泰,2024-02-01,9817
2462,良得電,20,0,20,元大-東泰,2024-02-01,9817
2606,裕民,20,0,20,元大-東泰,2024-02-01,9817
9928,中視,25,5,20,元大-東泰,2024-02-01,9817
6116,彩晶,19,0,19,元大-東泰,2024-02-01,9817
2892,第一金,22,4,18,元大-東泰,2024-02-01,9817
3532,台勝科,33,15,18,元大-東泰,2024-02-01,9817
8936,國統,172,154,18,元大-東泰,2024-02-01,9817
3360,尚立,19,2,17,元大-東泰,2024-02-01,9817
00885,富邦越南,17,0,17,元大-東泰,2024-02-01,9817
00751B,元大AAA至A公司債,22,5,17,元大-東泰,2024-02-01,9817
2241,艾姆勒,22,5,17,元大-東泰,2024-02-01,9817
3289,宜特,29,12,17,元大-東泰,2024-02-01,9817
6113,亞矽,31,15,16,元大-東泰,2024-02-01,9817
2634,漢翔,19,3,16,元大-東泰,2024-02-01,9817
3535,晶彩科,17,2,15,元大-東泰,2024-02-01,9817
3062,建漢,15,0,15,元大-東泰,2024-02-01,9817
2014,中鴻,14,0,14,元大-東泰,2024-02-01,9817
00923,群益台ESG低碳50,14,1,13,元大-東泰,2024-02-01,9817
8096,擎亞,38,27,11,元大-東泰,2024-02-01,9817
4953,緯軟,10,0,10,元大-東泰,2024-02-01,9817
6425,易發,40,30,10,元大-東泰,2024-02-01,9817
4513,福裕,10,0,10,元大-東泰,2024-02-01,9817
3047,訊舟,10,0,10,元大-東泰,2024-02-01,9817
5475,德宏,10,0,10,元大-東泰,2024-02-01,9817
3260,威剛,10,0,10,元大-東泰,2024-02-01,9817
2449,京元電子,10,0,10,元大-東泰,2024-02-01,9817
0050,元大台灣50,12,2,10,元大-東泰,2024-02-01,9817
00857B,永豐20年美公債,9,0,9,元大-東泰,2024-02-01,9817
4129,聯合,12,3,9,元大-東泰,2024-02-01,9817
00933B,國泰10Y+金融債,11,2,9,元大-東泰,2024-02-01,9817
3006,晶豪科,10,1,9,元大-東泰,2024-02-01,9817
00720B,元大投資級公司債,15,7,8,元大-東泰,2024-02-01,9817
00688L,國泰20年美債正2,8,0,8,元大-東泰,2024-02-01,9817
4979,華星光,11,3,8,元大-東泰,2024-02-01,9817
8011,台通,9,1,8,元大-東泰,2024-02-01,9817
00671R,富邦NASDAQ反1,208,0,208,元大-東泰,2024-02-02,9817
00715L,期街口布蘭特正2,152,8,144,元大-東泰,2024-02-02,9817
00680L,元大美債20正2,144,10,134,元大-東泰,2024-02-02,9817
3024,憶聲,112,0,112,元大-東泰,2024-02-02,9817
00637L,元大滬深300正2,111,0,111,元大-東泰,2024-02-02,9817
3047,訊舟,99,11,88,元大-東泰,2024-02-02,9817
2883,凱基金,86,5,81,元大-東泰,2024-02-02,9817
00937B,群益ESG投等債20,163,86,77,元大-東泰,2024-02-02,9817
3481,群創,84,16,68,元大-東泰,2024-02-02,9817
2603,長榮,57,4,53,元大-東泰,2024-02-02,9817
2356,英業達,158,106,52,元大-東泰,2024-02-02,9817
2303,聯電,58,10,48,元大-東泰,2024-02-02,9817
2634,漢翔,50,3,47,元大-東泰,2024-02-02,9817
2636,台驊控股,47,1,46,元大-東泰,2024-02-02,9817
2312,金寶,42,2,40,元大-東泰,2024-02-02,9817
2353,宏��,154,115,39,元大-東泰,2024-02-02,9817
2609,陽明,63,26,37,元大-東泰,2024-02-02,9817
00687B,國泰20年美債,44,7,37,元大-東泰,2024-02-02,9817
00919,群益台灣精選高息,43,8,35,元大-東泰,2024-02-02,9817
00712,復華富時不動產,33,6,27,元大-東泰,2024-02-02,9817
3706,神達,31,4,27,元大-東泰,2024-02-02,9817
1514,亞力,41,15,26,元大-東泰,2024-02-02,9817
2344,華邦電,26,2,24,元大-東泰,2024-02-02,9817
00933B,國泰10Y+金融債,23,2,21,元大-東泰,2024-02-02,9817
2369,菱生,30,9,21,元大-東泰,2024-02-02,9817
8024,佑華,21,0,21,元大-東泰,2024-02-02,9817
00642U,期元大S＆P石油,22,1,21,元大-東泰,2024-02-02,9817
3593,力銘,20,0,20,元大-東泰,2024-02-02,9817
1810,和成,20,0,20,元大-東泰,2024-02-02,9817
1313,聯成,20,0,20,元大-東泰,2024-02-02,9817
5512,力麒,19,0,19,元大-東泰,2024-02-02,9817
6770,力積電,25,7,18,元大-東泰,2024-02-02,9817
2408,南亞科,18,1,17,元大-東泰,2024-02-02,9817
8111,立��,18,1,17,元大-東泰,2024-02-02,9817
6173,信昌電,20,3,17,元大-東泰,2024-02-02,9817
1609,大亞,16,0,16,元大-東泰,2024-02-02,9817
6282,康舒,21,5,16,元大-東泰,2024-02-02,9817
2401,凌陽,16,0,16,元大-東泰,2024-02-02,9817
3294,英濟,20,4,16,元大-東泰,2024-02-02,9817
2324,仁寶,24,9,15,元大-東泰,2024-02-02,9817
3711,日月光投控,14,0,14,元大-東泰,2024-02-02,9817
4119,旭富,16,2,14,元大-東泰,2024-02-02,9817
2317,鴻海,13,0,13,元大-東泰,2024-02-02,9817
00688L,國泰20年美債正2,13,0,13,元大-東泰,2024-02-02,9817
2442,新美齊,13,0,13,元大-東泰,2024-02-02,9817
00753L,中信中國50正2,15,3,12,元大-東泰,2024-02-02,9817
00639,富邦深100,12,0,12,元大-東泰,2024-02-02,9817
6546,正基,12,0,12,元大-東泰,2024-02-02,9817
1503,士電,28,16,12,元大-東泰,2024-02-02,9817
2812,台中銀,18,6,12,元大-東泰,2024-02-02,9817
00933B,國泰10Y+金融債,200,1,199,元大-東泰,2024-02-05,9817
00937B,群益ESG投等債20,161,23,138,元大-東泰,2024-02-05,9817
00885,富邦越南,128,8,120,元大-東泰,2024-02-05,9817
2883,凱基金,114,6,108,元大-東泰,2024-02-05,9817
00753L,中信中國50正2,119,17,102,元大-東泰,2024-02-05,9817
00665L,富邦�琤肭磪囓�2,100,1,99,元大-東泰,2024-02-05,9817
00680L,元大美債20正2,98,3,95,元大-東泰,2024-02-05,9817
3481,群創,88,9,79,元大-東泰,2024-02-05,9817
2303,聯電,95,18,77,元大-東泰,2024-02-05,9817
00712,復華富時不動產,72,6,66,元大-東泰,2024-02-05,9817
6584,南俊國際,62,0,62,元大-東泰,2024-02-05,9817
00929,復華台灣科技優息,123,61,62,元大-東泰,2024-02-05,9817
2329,華泰,73,19,54,元大-東泰,2024-02-05,9817
00931B,統一美債20年,46,0,46,元大-東泰,2024-02-05,9817
1609,大亞,38,2,36,元大-東泰,2024-02-05,9817
3311,閎暉,41,5,36,元大-東泰,2024-02-05,9817
2419,仲琦,35,0,35,元大-東泰,2024-02-05,9817
00679B,元大美債20年,35,0,35,元大-東泰,2024-02-05,9817
2409,友達,44,10,34,元大-東泰,2024-02-05,9817
00669R,國泰美國道瓊反1,33,0,33,元大-東泰,2024-02-05,9817
00687B,國泰20年美債,130,100,30,元大-東泰,2024-02-05,9817
00639,富邦深100,30,0,30,元大-東泰,2024-02-05,9817
2884,玉山金,29,0,29,元大-東泰,2024-02-05,9817
2915,潤泰全,28,0,28,元大-東泰,2024-02-05,9817
1528,恩德,531,504,27,元大-東泰,2024-02-05,9817
2613,中櫃,27,0,27,元大-東泰,2024-02-05,9817
2363,矽統,28,3,25,元大-東泰,2024-02-05,9817
00720B,元大投資級公司債,23,0,23,元大-東泰,2024-02-05,9817
1303,南亞,28,6,22,元大-東泰,2024-02-05,9817
2492,華新科,22,0,22,元大-東泰,2024-02-05,9817
2618,長榮航,25,4,21,元大-東泰,2024-02-05,9817
00715L,期街口布蘭特正2,20,0,20,元大-東泰,2024-02-05,9817
6113,亞矽,25,6,19,元大-東泰,2024-02-05,9817
8210,勤誠,23,5,18,元大-東泰,2024-02-05,9817
3556,禾瑞亞,18,0,18,元大-東泰,2024-02-05,9817
3218,大學光,18,0,18,元大-東泰,2024-02-05,9817
5515,建國,18,1,17,元大-東泰,2024-02-05,9817
4956,光鋐,21,4,17,元大-東泰,2024-02-05,9817
1713,國化,21,4,17,元大-東泰,2024-02-05,9817
1605,華新,22,6,16,元大-東泰,2024-02-05,9817
00878,國泰永續高股息,27,12,15,元大-東泰,2024-02-05,9817
2634,漢翔,15,0,15,元大-東泰,2024-02-05,9817
2702,華園,15,0,15,元大-東泰,2024-02-05,9817
00633L,富邦上証正2,53,38,15,元大-東泰,2024-02-05,9817
2498,宏達電,15,0,15,元大-東泰,2024-02-05,9817
00919,群益台灣精選高息,63,49,14,元大-東泰,2024-02-05,9817
3380,明泰,19,6,13,元大-東泰,2024-02-05,9817
2323,中環,13,0,13,元大-東泰,2024-02-05,9817
3715,定穎投控,15,3,12,元大-東泰,2024-02-05,9817
5512,力麒,12,0,12,元大-東泰,2024-02-05,9817
00680L,元大美債20正2,576,58,518,元大-東泰,2024-02-15,9817
00687B,國泰20年美債,451,12,439,元大-東泰,2024-02-15,9817
2356,英業達,431,217,214,元大-東泰,2024-02-15,9817
00937B,群益ESG投等債20,209,2,207,元大-東泰,2024-02-15,9817
2618,長榮航,212,6,206,元大-東泰,2024-02-15,9817
00632R,元大台灣50反1,156,0,156,元大-東泰,2024-02-15,9817
2344,華邦電,143,16,127,元大-東泰,2024-02-15,9817
00885,富邦越南,117,0,117,元大-東泰,2024-02-15,9817
00676R,富邦臺灣加權反1,101,0,101,元大-東泰,2024-02-15,9817
3481,群創,213,131,82,元大-東泰,2024-02-15,9817
00931B,統一美債20年,66,0,66,元大-東泰,2024-02-15,9817
00671R,富邦NASDAQ反1,61,0,61,元大-東泰,2024-02-15,9817
2317,鴻海,61,4,57,元大-東泰,2024-02-15,9817
6806,森崴能源,55,3,52,元大-東泰,2024-02-15,9817
00712,復華富時不動產,73,23,50,元大-東泰,2024-02-15,9817
00720B,元大投資級公司債,50,8,42,元大-東泰,2024-02-15,9817
2408,南亞科,43,3,40,元大-東泰,2024-02-15,9817
1591,駿吉-KY,37,0,37,元大-東泰,2024-02-15,9817
00919,群益台灣精選高息,60,24,36,元大-東泰,2024-02-15,9817
00929,復華台灣科技優息,104,69,35,元大-東泰,2024-02-15,9817
5905,南仁湖,38,5,33,元大-東泰,2024-02-15,9817
2537,聯上發,32,0,32,元大-東泰,2024-02-15,9817
2492,華新科,38,6,32,元大-東泰,2024-02-15,9817
00882,中信中國高股息,36,5,31,元大-東泰,2024-02-15,9817
2313,華通,42,14,28,元大-東泰,2024-02-15,9817
00751B,元大AAA至A公司債,33,5,28,元大-東泰,2024-02-15,9817
3532,台勝科,37,9,28,元大-東泰,2024-02-15,9817
00933B,國泰10Y+金融債,77,50,27,元大-東泰,2024-02-15,9817
2002,中鋼,32,7,25,元大-東泰,2024-02-15,9817
3706,神達,69,45,24,元大-東泰,2024-02-15,9817
2369,菱生,55,31,24,元大-東泰,2024-02-15,9817
3363,上詮,31,9,22,元大-東泰,2024-02-15,9817
2883,凱基金,60,38,22,元大-東泰,2024-02-15,9817
1466,聚隆,20,0,20,元大-東泰,2024-02-15,9817
5475,德宏,25,5,20,元大-東泰,2024-02-15,9817
2412,中華電,21,1,20,元大-東泰,2024-02-15,9817
2353,宏��,74,54,20,元大-東泰,2024-02-15,9817
2634,漢翔,25,7,18,元大-東泰,2024-02-15,9817
00688L,國泰20年美債正2,30,13,17,元大-東泰,2024-02-15,9817
8086,宏捷科,23,6,17,元大-東泰,2024-02-15,9817
00918,大華優利高填息30,16,1,15,元大-東泰,2024-02-15,9817
3234,光環,16,1,15,元大-東泰,2024-02-15,9817
00907,永豐優息存股,14,0,14,元大-東泰,2024-02-15,9817
3105,穩懋,14,0,14,元大-東泰,2024-02-15,9817
5512,力麒,25,11,14,元大-東泰,2024-02-15,9817
00772B,中信高評級公司債,13,0,13,元大-東泰,2024-02-15,9817
4188,安克,13,0,13,元大-東泰,2024-02-15,9817
00706L,期元大S＆P日圓正2,12,0,12,元大-東泰,2024-02-15,9817
6261,久元,12,0,12,元大-東泰,2024-02-15,9817
2409,友達,22,11,11,元大-東泰,2024-02-15,9817
3010,華立,430,6,424,元大-東泰,2024-02-16,9817
00680L,元大美債20正2,278,0,278,元大-東泰,2024-02-16,9817
00753L,中信中國50正2,210,5,205,元大-東泰,2024-02-16,9817
2883,凱基金,131,28,103,元大-東泰,2024-02-16,9817
00632R,元大台灣50反1,104,10,94,元大-東泰,2024-02-16,9817
00671R,富邦NASDAQ反1,81,0,81,元大-東泰,2024-02-16,9817
00933B,國泰10Y+金融債,78,0,78,元大-東泰,2024-02-16,9817
6226,光鼎,63,0,63,元大-東泰,2024-02-16,9817
2897,王道銀行,60,0,60,元大-東泰,2024-02-16,9817
00931B,統一美債20年,52,0,52,元大-東泰,2024-02-16,9817
00673R,期元大S＆P原油反1,55,4,51,元大-東泰,2024-02-16,9817
00688L,國泰20年美債正2,54,7,47,元大-東泰,2024-02-16,9817
00929,復華台灣科技優息,80,33,47,元大-東泰,2024-02-16,9817
1713,國化,45,0,45,元大-東泰,2024-02-16,9817
00687B,國泰20年美債,340,298,42,元大-東泰,2024-02-16,9817
00882,中信中國高股息,37,5,32,元大-東泰,2024-02-16,9817
3360,尚立,34,2,32,元大-東泰,2024-02-16,9817
00885,富邦越南,31,0,31,元大-東泰,2024-02-16,9817
00919,群益台灣精選高息,57,26,31,元大-東泰,2024-02-16,9817
6695,芯鼎,74,46,28,元大-東泰,2024-02-16,9817
6806,森崴能源,28,1,27,元大-東泰,2024-02-16,9817
2371,大同,93,67,26,元大-東泰,2024-02-16,9817
2801,彰銀,26,0,26,元大-東泰,2024-02-16,9817
910861,神州-DR,25,0,25,元大-東泰,2024-02-16,9817
2382,廣達,96,72,24,元大-東泰,2024-02-16,9817
1101,台泥,24,2,22,元大-東泰,2024-02-16,9817
00795B,中信美國公債20年,22,0,22,元大-東泰,2024-02-16,9817
00847B,中信美國市政債,21,0,21,元大-東泰,2024-02-16,9817
2610,華航,29,8,21,元大-東泰,2024-02-16,9817
3289,宜特,20,0,20,元大-東泰,2024-02-16,9817
2312,金寶,30,10,20,元大-東泰,2024-02-16,9817
2884,玉山金,20,1,19,元大-東泰,2024-02-16,9817
2888,新光金,28,9,19,元大-東泰,2024-02-16,9817
3231,緯創,80,62,18,元大-東泰,2024-02-16,9817
4908,前鼎,24,6,18,元大-東泰,2024-02-16,9817
00751B,元大AAA至A公司債,17,0,17,元大-東泰,2024-02-16,9817
3036,文曄,19,2,17,元大-東泰,2024-02-16,9817
8076,伍豐,17,0,17,元大-東泰,2024-02-16,9817
2354,鴻準,17,0,17,元大-東泰,2024-02-16,9817
2609,陽明,43,26,17,元大-東泰,2024-02-16,9817
8936,國統,31,15,16,元大-東泰,2024-02-16,9817
2641,正德,26,11,15,元大-東泰,2024-02-16,9817
00772B,中信高評級公司債,15,0,15,元大-東泰,2024-02-16,9817
1785,光洋科,20,5,15,元大-東泰,2024-02-16,9817
2851,中再保,15,0,15,元大-東泰,2024-02-16,9817
6164,華興,16,1,15,元大-東泰,2024-02-16,9817
00720B,元大投資級公司債,15,0,15,元大-東泰,2024-02-16,9817
3576,聯合再生,35,21,14,元大-東泰,2024-02-16,9817
4543,萬在,25,11,14,元大-東泰,2024-02-16,9817
6177,達麗,13,0,13,元大-東泰,2024-02-16,9817
00641R,富邦日本反1,395,0,395,元大-東泰,2024-02-19,9817
00687B,國泰20年美債,125,0,125,元大-東泰,2024-02-19,9817
00929,復華台灣科技優息,117,7,110,元大-東泰,2024-02-19,9817
00673R,期元大S＆P原油反1,110,0,110,元大-東泰,2024-02-19,9817
2353,宏��,124,31,93,元大-東泰,2024-02-19,9817
00878,國泰永續高股息,84,2,82,元大-東泰,2024-02-19,9817
00937B,群益ESG投等債20,175,100,75,元大-東泰,2024-02-19,9817
6282,康舒,81,14,67,元大-東泰,2024-02-19,9817
2356,英業達,95,51,44,元大-東泰,2024-02-19,9817
2303,聯電,54,10,44,元大-東泰,2024-02-19,9817
00919,群益台灣精選高息,50,7,43,元大-東泰,2024-02-19,9817
4960,誠美材,42,2,40,元大-東泰,2024-02-19,9817
00933B,國泰10Y+金融債,38,0,38,元大-東泰,2024-02-19,9817
00688L,國泰20年美債正2,38,1,37,元大-東泰,2024-02-19,9817
2329,華泰,124,88,36,元大-東泰,2024-02-19,9817
3231,緯創,70,43,27,元大-東泰,2024-02-19,9817
1504,東元,28,4,24,元大-東泰,2024-02-19,9817
3227,原相,25,1,24,元大-東泰,2024-02-19,9817
3694,海華,25,2,23,元大-東泰,2024-02-19,9817
8070,長華*,30,7,23,元大-東泰,2024-02-19,9817
2609,陽明,37,15,22,元大-東泰,2024-02-19,9817
6806,森崴能源,34,13,21,元大-東泰,2024-02-19,9817
00712,復華富時不動產,31,10,21,元大-東泰,2024-02-19,9817
1718,中纖,21,1,20,元大-東泰,2024-02-19,9817
2355,敬鵬,34,14,20,元大-東泰,2024-02-19,9817
8477,創業家,20,0,20,元大-東泰,2024-02-19,9817
2365,昆盈,110,90,20,元大-東泰,2024-02-19,9817
1752,南光,20,1,19,元大-東泰,2024-02-19,9817
00680L,元大美債20正2,39,20,19,元大-東泰,2024-02-19,9817
2313,華通,24,7,17,元大-東泰,2024-02-19,9817
3049,精金,17,0,17,元大-東泰,2024-02-19,9817
9904,寶成,17,0,17,元大-東泰,2024-02-19,9817
2515,中工,36,20,16,元大-東泰,2024-02-19,9817
3706,神達,18,2,16,元大-東泰,2024-02-19,9817
00676R,富邦臺灣加權反1,16,0,16,元大-東泰,2024-02-19,9817
2382,廣達,24,10,14,元大-東泰,2024-02-19,9817
2547,日勝生,14,0,14,元大-東泰,2024-02-19,9817
2208,台船,20,6,14,元大-東泰,2024-02-19,9817
5469,瀚宇博,17,3,14,元大-東泰,2024-02-19,9817
6016,康和證,14,0,14,元大-東泰,2024-02-19,9817
1409,新纖,16,3,13,元大-東泰,2024-02-19,9817
3229,晟鈦,13,0,13,元大-東泰,2024-02-19,9817
6139,亞翔,12,0,12,元大-東泰,2024-02-19,9817
3035,智原,14,3,11,元大-東泰,2024-02-19,9817
2388,威盛,12,1,11,元大-東泰,2024-02-19,9817
2486,一詮,12,2,10,元大-東泰,2024-02-19,9817
00830,國泰費城半導體,10,0,10,元大-東泰,2024-02-19,9817
5464,霖宏,10,0,10,元大-東泰,2024-02-19,9817
6164,華興,12,2,10,元大-東泰,2024-02-19,9817
5905,南仁湖,25,15,10,元大-東泰,2024-02-19,9817
00632R,元大台灣50反1,406,3,403,元大-東泰,2024-02-20,9817
2489,瑞軒,212,5,207,元大-東泰,2024-02-20,9817
2369,菱生,143,53,90,元大-東泰,2024-02-20,9817
2867,三商壽,87,0,87,元大-東泰,2024-02-20,9817
00937B,群益ESG投等債20,79,0,79,元大-東泰,2024-02-20,9817
00688L,國泰20年美債正2,76,0,76,元大-東泰,2024-02-20,9817
3231,緯創,101,35,66,元大-東泰,2024-02-20,9817
00679B,元大美債20年,60,1,59,元大-東泰,2024-02-20,9817
00878,國泰永續高股息,72,14,58,元大-東泰,2024-02-20,9817
1503,士電,86,28,58,元大-東泰,2024-02-20,9817
2405,輔信,100,46,54,元大-東泰,2024-02-20,9817
3024,憶聲,50,0,50,元大-東泰,2024-02-20,9817
2323,中環,80,30,50,元大-東泰,2024-02-20,9817
00933B,國泰10Y+金融債,47,1,46,元大-東泰,2024-02-20,9817
3437,榮創,43,1,42,元大-東泰,2024-02-20,9817
2897,王道銀行,40,0,40,元大-東泰,2024-02-20,9817
2356,英業達,76,36,40,元大-東泰,2024-02-20,9817
8110,華東,65,26,39,元大-東泰,2024-02-20,9817
2610,華航,44,5,39,元大-東泰,2024-02-20,9817
5355,佳總,33,1,32,元大-東泰,2024-02-20,9817
2344,華邦電,47,16,31,元大-東泰,2024-02-20,9817
1713,國化,30,0,30,元大-東泰,2024-02-20,9817
8105,凌巨,29,1,28,元大-東泰,2024-02-20,9817
2547,日勝生,29,1,28,元大-東泰,2024-02-20,9817
00712,復華富時不動產,28,0,28,元大-東泰,2024-02-20,9817
2355,敬鵬,30,3,27,元大-東泰,2024-02-20,9817
6189,豐藝,62,37,25,元大-東泰,2024-02-20,9817
3481,群創,27,2,25,元大-東泰,2024-02-20,9817
00680L,元大美債20正2,29,4,25,元大-東泰,2024-02-20,9817
2353,宏��,49,24,25,元大-東泰,2024-02-20,9817
00687B,國泰20年美債,26,3,23,元大-東泰,2024-02-20,9817
2371,大同,42,19,23,元大-東泰,2024-02-20,9817
4960,誠美材,34,12,22,元大-東泰,2024-02-20,9817
2382,廣達,31,10,21,元大-東泰,2024-02-20,9817
00773B,中信優先金融債,20,0,20,元大-東泰,2024-02-20,9817
2537,聯上發,22,2,20,元大-東泰,2024-02-20,9817
4915,致伸,20,0,20,元大-東泰,2024-02-20,9817
3294,英濟,17,0,17,元大-東泰,2024-02-20,9817
4939,亞電,24,7,17,元大-東泰,2024-02-20,9817
3229,晟鈦,16,0,16,元大-東泰,2024-02-20,9817
8011,台通,15,0,15,元大-東泰,2024-02-20,9817
8111,立��,16,1,15,元大-東泰,2024-02-20,9817
4906,正文,15,0,15,元大-東泰,2024-02-20,9817
2617,台航,14,0,14,元大-東泰,2024-02-20,9817
4714,永捷,48,34,14,元大-東泰,2024-02-20,9817
00918,大華優利高填息30,15,1,14,元大-東泰,2024-02-20,9817
1514,亞力,18,4,14,元大-東泰,2024-02-20,9817
1584,精剛,13,0,13,元大-東泰,2024-02-20,9817
3607,谷崧,14,1,13,元大-東泰,2024-02-20,9817
6282,康舒,33,20,13,元大-東泰,2024-02-20,9817
2356,英業達,320,15,305,元大-東泰,2024-02-21,9817
00637L,元大滬深300正2,363,61,302,元大-東泰,2024-02-21,9817
3024,憶聲,200,0,200,元大-東泰,2024-02-21,9817
00937B,群益ESG投等債20,174,8,166,元大-東泰,2024-02-21,9817
00795B,中信美國公債20年,96,0,96,元大-東泰,2024-02-21,9817
2609,陽明,129,44,85,元大-東泰,2024-02-21,9817
00680L,元大美債20正2,62,0,62,元大-東泰,2024-02-21,9817
6282,康舒,73,15,58,元大-東泰,2024-02-21,9817
00933B,國泰10Y+金融債,61,5,56,元大-東泰,2024-02-21,9817
00688L,國泰20年美債正2,56,0,56,元大-東泰,2024-02-21,9817
2303,聯電,66,11,55,元大-東泰,2024-02-21,9817
00753L,中信中國50正2,81,37,44,元大-東泰,2024-02-21,9817
1314,中石化,44,1,43,元大-東泰,2024-02-21,9817
00679B,元大美債20年,46,5,41,元大-東泰,2024-02-21,9817
00830,國泰費城半導體,36,0,36,元大-東泰,2024-02-21,9817
2317,鴻海,36,2,34,元大-東泰,2024-02-21,9817
3047,訊舟,561,527,34,元大-東泰,2024-02-21,9817
2867,三商壽,31,0,31,元大-東泰,2024-02-21,9817
00687B,國泰20年美債,30,0,30,元大-東泰,2024-02-21,9817
3545,敦泰,28,1,27,元大-東泰,2024-02-21,9817
00878,國泰永續高股息,59,35,24,元大-東泰,2024-02-21,9817
3231,緯創,67,42,25,元大-東泰,2024-02-21,9817
2027,大成鋼,23,1,22,元大-東泰,2024-02-21,9817
2353,宏��,32,11,21,元大-東泰,2024-02-21,9817
00885,富邦越南,43,22,21,元大-東泰,2024-02-21,9817
8093,保銳,35,15,20,元大-東泰,2024-02-21,9817
9925,新保,20,0,20,元大-東泰,2024-02-21,9817
9103,美德醫療-DR,20,1,19,元大-東泰,2024-02-21,9817
00662,富邦NASDAQ,18,0,18,元大-東泰,2024-02-21,9817
00919,群益台灣精選高息,21,3,18,元大-東泰,2024-02-21,9817
5381,合正,23,6,17,元大-東泰,2024-02-21,9817
3234,光環,23,7,16,元大-東泰,2024-02-21,9817
3532,台勝科,28,12,16,元大-東泰,2024-02-21,9817
8936,國統,42,26,16,元大-東泰,2024-02-21,9817
6204,艾華,15,0,15,元大-東泰,2024-02-21,9817
2885,元大金,15,1,14,元大-東泰,2024-02-21,9817
3010,華立,15,2,13,元大-東泰,2024-02-21,9817
2883,凱基金,16,3,13,元大-東泰,2024-02-21,9817
2382,廣達,21,9,12,元大-東泰,2024-02-21,9817
6290,良維,24,12,12,元大-東泰,2024-02-21,9817
2484,希華,17,5,12,元大-東泰,2024-02-21,9817
8940,新天地,14,2,12,元大-東泰,2024-02-21,9817
3041,揚智,22,10,12,元大-東泰,2024-02-21,9817
2886,兆豐金,12,1,11,元大-東泰,2024-02-21,9817
3035,智原,16,5,11,元大-東泰,2024-02-21,9817
2884,玉山金,12,1,11,元大-東泰,2024-02-21,9817
6116,彩晶,22,11,11,元大-東泰,2024-02-21,9817
5236,凌陽創新,12,1,11,元大-東泰,2024-02-21,9817
3118,進階,11,0,11,元大-東泰,2024-02-21,9817
3535,晶彩科,11,0,11,元大-東泰,2024-02-21,9817
00632R,元大台灣50反1,401,3,398,元大-東泰,2024-02-22,9817
2356,英業達,327,92,235,元大-東泰,2024-02-22,9817
00665L,富邦�琤肭磪囓�2,230,20,210,元大-東泰,2024-02-22,9817
00885,富邦越南,153,0,153,元大-東泰,2024-02-22,9817
2618,長榮航,114,1,113,元大-東泰,2024-02-22,9817
00919,群益台灣精選高息,147,42,105,元大-東泰,2024-02-22,9817
3231,緯創,130,61,69,元大-東泰,2024-02-22,9817
4919,新唐,53,1,52,元大-東泰,2024-02-22,9817
2329,華泰,163,115,48,元大-東泰,2024-02-22,9817
1316,上曜,71,23,48,元大-東泰,2024-02-22,9817
00679B,元大美債20年,48,1,47,元大-東泰,2024-02-22,9817
4402,郡都開發,41,0,41,元大-東泰,2024-02-22,9817
3047,訊舟,56,16,40,元大-東泰,2024-02-22,9817
2884,玉山金,37,2,35,元大-東泰,2024-02-22,9817
00712,復華富時不動產,37,5,32,元大-東泰,2024-02-22,9817
4157,太景*-KY,30,0,30,元大-東泰,2024-02-22,9817
00937B,群益ESG投等債20,30,0,30,元大-東泰,2024-02-22,9817
2369,菱生,56,26,30,元大-東泰,2024-02-22,9817
00687B,國泰20年美債,28,0,28,元大-東泰,2024-02-22,9817
1303,南亞,30,3,27,元大-東泰,2024-02-22,9817
00688L,國泰20年美債正2,26,0,26,元大-東泰,2024-02-22,9817
2610,華航,33,7,26,元大-東泰,2024-02-22,9817
1513,中興電,36,11,25,元大-東泰,2024-02-22,9817
2371,大同,123,100,23,元大-東泰,2024-02-22,9817
2317,鴻海,23,1,22,元大-東泰,2024-02-22,9817
2382,廣達,37,15,22,元大-東泰,2024-02-22,9817
6188,廣明,20,0,20,元大-東泰,2024-02-22,9817
6140,訊達,22,2,20,元大-東泰,2024-02-22,9817
9934,成霖,20,0,20,元大-東泰,2024-02-22,9817
00915,凱基優選高股息30,20,0,20,元大-東泰,2024-02-22,9817
00795B,中信美國公債20年,18,0,18,元大-東泰,2024-02-22,9817
2605,新興,29,11,18,元大-東泰,2024-02-22,9817
3576,聯合再生,17,0,17,元大-東泰,2024-02-22,9817
1301,台塑,20,3,17,元大-東泰,2024-02-22,9817
3147,大綜,21,4,17,元大-東泰,2024-02-22,9817
2363,矽統,20,3,17,元大-東泰,2024-02-22,9817
4933,友輝,25,10,15,元大-東泰,2024-02-22,9817
3052,夆典,17,2,15,元大-東泰,2024-02-22,9817
2883,凱基金,19,4,15,元大-東泰,2024-02-22,9817
3694,海華,15,1,14,元大-東泰,2024-02-22,9817
2867,三商壽,51,37,14,元大-東泰,2024-02-22,9817
6196,帆宣,20,7,13,元大-東泰,2024-02-22,9817
3363,上詮,22,9,13,元大-東泰,2024-02-22,9817
00720B,元大投資級公司債,12,0,12,元大-東泰,2024-02-22,9817
3227,原相,16,4,12,元大-東泰,2024-02-22,9817
2489,瑞軒,37,25,12,元大-東泰,2024-02-22,9817
2897,王道銀行,12,0,12,元大-東泰,2024-02-22,9817
6136,富爾特,18,7,11,元大-東泰,2024-02-22,9817
2353,宏��,73,62,11,元大-東泰,2024-02-22,9817
2506,太設,11,0,11,元大-東泰,2024-02-22,9817
00632R,元大台灣50反1,640,26,614,元大-東泰,2024-02-23,9817
00753L,中信中國50正2,323,10,313,元大-東泰,2024-02-23,9817
00650L,復華香港正2,201,5,196,元大-東泰,2024-02-23,9817
00637L,元大滬深300正2,200,9,191,元大-東泰,2024-02-23,9817
2356,英業達,263,134,129,元大-東泰,2024-02-23,9817
5315,光聯,107,1,106,元大-東泰,2024-02-23,9817
00671R,富邦NASDAQ反1,101,0,101,元大-東泰,2024-02-23,9817
00918,大華優利高填息30,112,12,100,元大-東泰,2024-02-23,9817
3354,律勝,99,0,99,元大-東泰,2024-02-23,9817
2329,華泰,256,168,88,元大-東泰,2024-02-23,9817
00680L,元大美債20正2,77,2,75,元大-東泰,2024-02-23,9817
00937B,群益ESG投等債20,84,10,74,元大-東泰,2024-02-23,9817
2317,鴻海,72,0,72,元大-東泰,2024-02-23,9817
2313,華通,92,34,58,元大-東泰,2024-02-23,9817
2355,敬鵬,56,6,50,元大-東泰,2024-02-23,9817
2303,聯電,64,14,50,元大-東泰,2024-02-23,9817
3024,憶聲,50,2,48,元大-東泰,2024-02-23,9817
1609,大亞,64,21,43,元大-東泰,2024-02-23,9817
2610,華航,46,4,42,元大-東泰,2024-02-23,9817
3231,緯創,118,77,41,元大-東泰,2024-02-23,9817
6282,康舒,47,7,40,元大-東泰,2024-02-23,9817
4904,遠傳,37,0,37,元大-東泰,2024-02-23,9817
8064,東捷,51,17,34,元大-東泰,2024-02-23,9817
00933B,國泰10Y+金融債,34,0,34,元大-東泰,2024-02-23,9817
2201,裕隆,34,1,33,元大-東泰,2024-02-23,9817
00878,國泰永續高股息,83,51,32,元大-東泰,2024-02-23,9817
2353,宏��,88,57,31,元大-東泰,2024-02-23,9817
00665L,富邦�琤肭磪囓�2,30,0,30,元大-東泰,2024-02-23,9817
00687B,國泰20年美債,28,0,28,元大-東泰,2024-02-23,9817
00679B,元大美債20年,28,0,28,元大-東泰,2024-02-23,9817
2609,陽明,55,27,28,元大-東泰,2024-02-23,9817
1303,南亞,30,3,27,元大-東泰,2024-02-23,9817
2323,中環,32,5,27,元大-東泰,2024-02-23,9817
6189,豐藝,44,18,26,元大-東泰,2024-02-23,9817
3483,力致,25,2,23,元大-東泰,2024-02-23,9817
4919,新唐,56,36,20,元大-東泰,2024-02-23,9817
3622,洋華,20,0,20,元大-東泰,2024-02-23,9817
3188,鑫龍騰,20,0,20,元大-東泰,2024-02-23,9817
6116,彩晶,20,0,20,元大-東泰,2024-02-23,9817
8070,長華*,19,0,19,元大-東泰,2024-02-23,9817
4402,郡都開發,20,1,19,元大-東泰,2024-02-23,9817
00653L,富邦印度正2,18,0,18,元大-東泰,2024-02-23,9817
4714,永捷,20,2,18,元大-東泰,2024-02-23,9817
3672,康聯訊,15,0,15,元大-東泰,2024-02-23,9817
2613,中櫃,15,0,15,元大-東泰,2024-02-23,9817
2464,盟立,14,0,14,元大-東泰,2024-02-23,9817
3576,聯合再生,15,1,14,元大-東泰,2024-02-23,9817
3712,永崴投控,21,8,13,元大-東泰,2024-02-23,9817
1536,和大,13,0,13,元大-東泰,2024-02-23,9817
00795B,中信美國公債20年,13,0,13,元大-東泰,2024-02-23,9817
00937B,群益ESG投等債20,227,72,155,元大-東泰,2024-02-26,9817
00919,群益台灣精選高息,140,9,131,元大-東泰,2024-02-26,9817
00878,國泰永續高股息,148,25,123,元大-東泰,2024-02-26,9817
2409,友達,81,0,81,元大-東泰,2024-02-26,9817
2303,聯電,86,6,80,元大-東泰,2024-02-26,9817
00637L,元大滬深300正2,260,200,60,元大-東泰,2024-02-26,9817
00929,復華台灣科技優息,84,25,59,元大-東泰,2024-02-26,9817
00715L,期街口布蘭特正2,51,0,51,元大-東泰,2024-02-26,9817
2890,永豐金,50,1,49,元大-東泰,2024-02-26,9817
00680L,元大美債20正2,129,81,48,元大-東泰,2024-02-26,9817
2337,旺宏,49,2,47,元大-東泰,2024-02-26,9817
00687B,國泰20年美債,46,0,46,元大-東泰,2024-02-26,9817
6168,宏齊,44,1,43,元大-東泰,2024-02-26,9817
00900,富邦特選高股息30,57,14,43,元大-東泰,2024-02-26,9817
4906,正文,36,1,35,元大-東泰,2024-02-26,9817
2884,玉山金,33,1,32,元大-東泰,2024-02-26,9817
1609,大亞,44,14,30,元大-東泰,2024-02-26,9817
1806,冠軍,30,0,30,元大-東泰,2024-02-26,9817
3027,盛達,31,1,30,元大-東泰,2024-02-26,9817
6166,凌華,31,1,30,元大-東泰,2024-02-26,9817
3231,緯創,62,33,29,元大-東泰,2024-02-26,9817
8085,福華,31,2,29,元大-東泰,2024-02-26,9817
2323,中環,30,1,29,元大-東泰,2024-02-26,9817
00933B,國泰10Y+金融債,38,10,28,元大-東泰,2024-02-26,9817
2449,京元電子,38,16,22,元大-東泰,2024-02-26,9817
2353,宏��,33,11,22,元大-東泰,2024-02-26,9817
2369,菱生,46,24,22,元大-東泰,2024-02-26,9817
6684,安格,32,10,22,元大-東泰,2024-02-26,9817
5521,工信,21,0,21,元大-東泰,2024-02-26,9817
6182,合晶,21,0,21,元大-東泰,2024-02-26,9817
2201,裕隆,21,2,19,元大-東泰,2024-02-26,9817
8027,鈦昇,27,8,19,元大-東泰,2024-02-26,9817
5512,力麒,21,2,19,元大-東泰,2024-02-26,9817
2867,三商壽,18,0,18,元大-東泰,2024-02-26,9817
00712,復華富時不動產,18,0,18,元大-東泰,2024-02-26,9817
2030,彰源,18,1,17,元大-東泰,2024-02-26,9817
8105,凌巨,18,1,17,元大-東泰,2024-02-26,9817
1504,東元,43,26,17,元大-東泰,2024-02-26,9817
2615,萬海,16,0,16,元大-東泰,2024-02-26,9817
6126,信音,20,4,16,元大-東泰,2024-02-26,9817
4714,永捷,20,4,16,元大-東泰,2024-02-26,9817
4402,郡都開發,15,0,15,元大-東泰,2024-02-26,9817
2002,中鋼,17,3,14,元大-東泰,2024-02-26,9817
00679B,元大美債20年,14,0,14,元大-東泰,2024-02-26,9817
5432,新門,15,1,14,元大-東泰,2024-02-26,9817
3706,神達,19,6,13,元大-東泰,2024-02-26,9817
6274,台燿,31,18,13,元大-東泰,2024-02-26,9817
2362,藍天,11,0,11,元大-東泰,2024-02-26,9817
6290,良維,33,22,11,元大-東泰,2024-02-26,9817
1815,富喬,18,7,11,元大-東泰,2024-02-26,9817
3576,聯合再生,201,0,201,元大-東泰,2024-02-27,9817
00878,國泰永續高股息,198,14,184,元大-東泰,2024-02-27,9817
00937B,群益ESG投等債20,142,1,141,元大-東泰,2024-02-27,9817
00929,復華台灣科技優息,226,125,101,元大-東泰,2024-02-27,9817
4714,永捷,75,19,56,元大-東泰,2024-02-27,9817
2301,光寶科,59,4,55,元大-東泰,2024-02-27,9817
3024,憶聲,55,0,55,元大-東泰,2024-02-27,9817
2344,華邦電,73,24,49,元大-東泰,2024-02-27,9817
00679B,元大美債20年,45,0,45,元大-東泰,2024-02-27,9817
3163,波若威,91,46,45,元大-東泰,2024-02-27,9817
8432,東生華,43,1,42,元大-東泰,2024-02-27,9817
3037,欣興,112,71,41,元大-東泰,2024-02-27,9817
00712,復華富時不動產,41,1,40,元大-東泰,2024-02-27,9817
00687B,國泰20年美債,40,0,40,元大-東泰,2024-02-27,9817
2329,華泰,51,13,38,元大-東泰,2024-02-27,9817
2371,大同,51,16,35,元大-東泰,2024-02-27,9817
2356,英業達,84,49,35,元大-東泰,2024-02-27,9817
6166,凌華,33,0,33,元大-東泰,2024-02-27,9817
3689,湧德,52,19,33,元大-東泰,2024-02-27,9817
1466,聚隆,32,0,32,元大-東泰,2024-02-27,9817
2618,長榮航,37,6,31,元大-東泰,2024-02-27,9817
00665L,富邦�琤肭磪囓�2,30,0,30,元大-東泰,2024-02-27,9817
5512,力麒,29,1,28,元大-東泰,2024-02-27,9817
6282,康舒,31,4,27,元大-東泰,2024-02-27,9817
2027,大成鋼,28,2,26,元大-東泰,2024-02-27,9817
2353,宏��,41,17,24,元大-東泰,2024-02-27,9817
2617,台航,26,2,24,元大-東泰,2024-02-27,9817
3450,聯鈞,26,3,23,元大-東泰,2024-02-27,9817
4188,安克,22,0,22,元大-東泰,2024-02-27,9817
2363,矽統,150,129,21,元大-東泰,2024-02-27,9817
00923,群益台ESG低碳50,21,0,21,元大-東泰,2024-02-27,9817
2382,廣達,32,11,21,元大-東泰,2024-02-27,9817
3481,群創,68,48,20,元大-東泰,2024-02-27,9817
2607,榮運,20,0,20,元大-東泰,2024-02-27,9817
00795B,中信美國公債20年,20,0,20,元大-東泰,2024-02-27,9817
3706,神達,23,4,19,元大-東泰,2024-02-27,9817
4402,郡都開發,20,1,19,元大-東泰,2024-02-27,9817
8085,福華,19,1,18,元大-東泰,2024-02-27,9817
2369,菱生,21,3,18,元大-東泰,2024-02-27,9817
9945,潤泰新,17,0,17,元大-東泰,2024-02-27,9817
1711,永光,26,9,17,元大-東泰,2024-02-27,9817
2408,南亞科,26,10,16,元大-東泰,2024-02-27,9817
2002,中鋼,21,5,16,元大-東泰,2024-02-27,9817
00900,富邦特選高股息30,19,3,16,元大-東泰,2024-02-27,9817
4908,前鼎,18,2,16,元大-東泰,2024-02-27,9817
2610,華航,33,17,16,元大-東泰,2024-02-27,9817
00933B,國泰10Y+金融債,20,5,15,元大-東泰,2024-02-27,9817
3532,台勝科,18,3,15,元大-東泰,2024-02-27,9817
4960,誠美材,18,3,15,元大-東泰,2024-02-27,9817
4543,萬在,20,5,15,元大-東泰,2024-02-27,9817
00937B,群益ESG投等債20,159,0,159,元大-東泰,2024-02-29,9817
00665L,富邦�琤肭磪囓�2,140,0,140,元大-東泰,2024-02-29,9817
00632R,元大台灣50反1,110,3,107,元大-東泰,2024-02-29,9817
00885,富邦越南,115,35,80,元大-東泰,2024-02-29,9817
00795B,中信美國公債20年,66,0,66,元大-東泰,2024-02-29,9817
00680L,元大美債20正2,65,0,65,元大-東泰,2024-02-29,9817
00687B,國泰20年美債,81,22,59,元大-東泰,2024-02-29,9817
5452,佶優,67,13,54,元大-東泰,2024-02-29,9817
2025,千興,65,11,54,元大-東泰,2024-02-29,9817
3227,原相,52,0,52,元大-東泰,2024-02-29,9817
2105,正新,50,0,50,元大-東泰,2024-02-29,9817
00673R,期元大S＆P原油反1,50,0,50,元大-東泰,2024-02-29,9817
3481,群創,47,2,45,元大-東泰,2024-02-29,9817
2329,華泰,92,48,44,元大-東泰,2024-02-29,9817
2303,聯電,79,42,37,元大-東泰,2024-02-29,9817
1217,愛之味,40,4,36,元大-東泰,2024-02-29,9817
2369,菱生,52,21,31,元大-東泰,2024-02-29,9817
3390,旭軟,39,8,31,元大-東泰,2024-02-29,9817
00933B,國泰10Y+金融債,29,0,29,元大-東泰,2024-02-29,9817
3576,聯合再生,30,2,28,元大-東泰,2024-02-29,9817
2301,光寶科,38,12,26,元大-東泰,2024-02-29,9817
00679B,元大美債20年,26,0,26,元大-東泰,2024-02-29,9817
2605,新興,56,31,25,元大-東泰,2024-02-29,9817
2002,中鋼,26,2,24,元大-東泰,2024-02-29,9817
2201,裕隆,27,4,23,元大-東泰,2024-02-29,9817
2405,輔信,25,3,22,元大-東泰,2024-02-29,9817
4513,福裕,28,8,20,元大-東泰,2024-02-29,9817
00637L,元大滬深300正2,120,100,20,元大-東泰,2024-02-29,9817
00919,群益台灣精選高息,60,41,19,元大-東泰,2024-02-29,9817
00830,國泰費城半導體,18,0,18,元大-東泰,2024-02-29,9817
8249,菱光,18,0,18,元大-東泰,2024-02-29,9817
2460,建通,32,15,17,元大-東泰,2024-02-29,9817
2324,仁寶,31,14,17,元大-東泰,2024-02-29,9817
8064,東捷,36,20,16,元大-東泰,2024-02-29,9817
4114,健喬,16,0,16,元大-東泰,2024-02-29,9817
3556,禾瑞亞,16,0,16,元大-東泰,2024-02-29,9817
2353,宏��,31,16,15,元大-東泰,2024-02-29,9817
2613,中櫃,15,0,15,元大-東泰,2024-02-29,9817
3118,進階,15,0,15,元大-東泰,2024-02-29,9817
1316,上曜,25,10,15,元大-東泰,2024-02-29,9817
3231,緯創,25,11,14,元大-東泰,2024-02-29,9817
00751B,元大AAA至A公司債,14,0,14,元大-東泰,2024-02-29,9817
3706,神達,18,4,14,元大-東泰,2024-02-29,9817
6233,旺玖,22,8,14,元大-東泰,2024-02-29,9817
00915,凱基優選高股息30,14,0,14,元大-東泰,2024-02-29,9817
3711,日月光投控,15,2,13,元大-東泰,2024-02-29,9817
9105,泰金寶-DR,13,0,13,元大-東泰,2024-02-29,9817
2820,華票,13,0,13,元大-東泰,2024-02-29,9817
6443,元晶,16,3,13,元大-東泰,2024-02-29,9817
2834,臺企銀,27,14,13,元大-東泰,2024-02-29,9817
3576,聯合再生,278,4,274,元大-東泰,2024-03-01,9817
00671R,富邦NASDAQ反1,201,0,201,元大-東泰,2024-03-01,9817
00919,群益台灣精選高息,221,67,154,元大-東泰,2024-03-01,9817
00637L,元大滬深300正2,120,0,120,元大-東泰,2024-03-01,9817
00937B,群益ESG投等債20,109,2,107,元大-東泰,2024-03-01,9817
2303,聯電,74,7,67,元大-東泰,2024-03-01,9817
2609,陽明,125,59,66,元大-東泰,2024-03-01,9817
00931B,統一美債20年,65,8,57,元大-東泰,2024-03-01,9817
00918,大華優利高填息30,91,36,55,元大-東泰,2024-03-01,9817
2409,友達,53,5,48,元大-東泰,2024-03-01,9817
2486,一詮,55,18,37,元大-東泰,2024-03-01,9817
2498,宏達電,36,1,35,元大-東泰,2024-03-01,9817
00679B,元大美債20年,34,0,34,元大-東泰,2024-03-01,9817
4402,郡都開發,40,7,33,元大-東泰,2024-03-01,9817
00929,復華台灣科技優息,129,96,33,元大-東泰,2024-03-01,9817
2317,鴻海,29,2,27,元大-東泰,2024-03-01,9817
1217,愛之味,27,0,27,元大-東泰,2024-03-01,9817
2449,京元電子,43,17,26,元大-東泰,2024-03-01,9817
6179,亞通,36,10,26,元大-東泰,2024-03-01,9817
5347,世界,26,4,22,元大-東泰,2024-03-01,9817
2855,統一證,22,1,21,元大-東泰,2024-03-01,9817
2834,臺企銀,31,9,22,元大-東泰,2024-03-01,9817
9945,潤泰新,21,0,21,元大-東泰,2024-03-01,9817
4909,新復興,54,34,20,元大-東泰,2024-03-01,9817
00786B,元大10年IG銀行債,20,0,20,元大-東泰,2024-03-01,9817
2105,正新,20,1,19,元大-東泰,2024-03-01,9817
5533,皇鼎,20,2,18,元大-東泰,2024-03-01,9817
00632R,元大台灣50反1,25,9,16,元大-東泰,2024-03-01,9817
9919,康那香,16,0,16,元大-東泰,2024-03-01,9817
6438,迅得,21,5,16,元大-東泰,2024-03-01,9817
2313,華通,20,5,15,元大-東泰,2024-03-01,9817
8926,台汽電,28,12,16,元大-東泰,2024-03-01,9817
1316,上曜,38,23,15,元大-東泰,2024-03-01,9817
00915,凱基優選高股息30,20,5,15,元大-東泰,2024-03-01,9817
3232,昱捷,15,0,15,元大-東泰,2024-03-01,9817
2547,日勝生,15,0,15,元大-東泰,2024-03-01,9817
6288,聯嘉,28,13,15,元大-東泰,2024-03-01,9817
2618,長榮航,20,5,15,元大-東泰,2024-03-01,9817
3437,榮創,14,0,14,元大-東泰,2024-03-01,9817
3532,台勝科,21,7,14,元大-東泰,2024-03-01,9817
2405,輔信,22,9,13,元大-東泰,2024-03-01,9817
9105,泰金寶-DR,12,0,12,元大-東泰,2024-03-01,9817
4566,時碩工業,13,1,12,元大-東泰,2024-03-01,9817
00933B,國泰10Y+金融債,12,0,12,元大-東泰,2024-03-01,9817
4960,誠美材,12,0,12,元大-東泰,2024-03-01,9817
2355,敬鵬,20,8,12,元大-東泰,2024-03-01,9817
3372,典範,34,22,12,元大-東泰,2024-03-01,9817
00882,中信中國高股息,23,11,12,元大-東泰,2024-03-01,9817
2606,裕民,14,2,12,元大-東泰,2024-03-01,9817
5386,青雲,12,0,12,元大-東泰,2024-03-01,9817
00632R,元大台灣50反1,1062,4,1058,元大-東泰,2024-03-04,9817
00671R,富邦NASDAQ反1,601,0,601,元大-東泰,2024-03-04,9817
3078,僑威,172,1,171,元大-東泰,2024-03-04,9817
00687B,國泰20年美債,168,2,166,元大-東泰,2024-03-04,9817
00918,大華優利高填息30,130,2,128,元大-東泰,2024-03-04,9817
2362,藍天,118,0,118,元大-東泰,2024-03-04,9817
00673R,期元大S＆P原油反1,105,2,103,元大-東泰,2024-03-04,9817
2356,英業達,112,28,84,元大-東泰,2024-03-04,9817
3356,奇偶,81,2,79,元大-東泰,2024-03-04,9817
00919,群益台灣精選高息,112,52,60,元大-東泰,2024-03-04,9817
00931B,統一美債20年,67,8,59,元大-東泰,2024-03-04,9817
8105,凌巨,53,0,53,元大-東泰,2024-03-04,9817
00933B,國泰10Y+金融債,52,1,51,元大-東泰,2024-03-04,9817
00937B,群益ESG投等債20,47,5,42,元大-東泰,2024-03-04,9817
3374,精材,44,3,41,元大-東泰,2024-03-04,9817
00665L,富邦�琤肭磪囓�2,40,0,40,元大-東泰,2024-03-04,9817
3147,大綜,38,0,38,元大-東泰,2024-03-04,9817
8064,東捷,40,2,38,元大-東泰,2024-03-04,9817
2883,凱基金,34,2,32,元大-東泰,2024-03-04,9817
6282,康舒,55,23,32,元大-東泰,2024-03-04,9817
1609,大亞,50,19,31,元大-東泰,2024-03-04,9817
4402,郡都開發,27,0,27,元大-東泰,2024-03-04,9817
8926,台汽電,30,4,26,元大-東泰,2024-03-04,9817
2303,聯電,51,25,26,元大-東泰,2024-03-04,9817
3380,明泰,38,13,25,元大-東泰,2024-03-04,9817
5210,寶碩,25,0,25,元大-東泰,2024-03-04,9817
3024,憶聲,25,0,25,元大-東泰,2024-03-04,9817
00878,國泰永續高股息,51,28,23,元大-東泰,2024-03-04,9817
2455,全新,31,9,22,元大-東泰,2024-03-04,9817
2329,華泰,70,49,21,元大-東泰,2024-03-04,9817
2903,遠百,20,0,20,元大-東泰,2024-03-04,9817
8059,凱碩,20,0,20,元大-東泰,2024-03-04,9817
3260,威剛,19,0,19,元大-東泰,2024-03-04,9817
2206,三陽工業,29,10,19,元大-東泰,2024-03-04,9817
2355,敬鵬,34,16,18,元大-東泰,2024-03-04,9817
1582,信錦,27,9,18,元大-東泰,2024-03-04,9817
3622,洋華,21,3,18,元大-東泰,2024-03-04,9817
00753L,中信中國50正2,17,0,17,元大-東泰,2024-03-04,9817
9919,康那香,20,4,16,元大-東泰,2024-03-04,9817
6164,華興,16,0,16,元大-東泰,2024-03-04,9817
00664R,國泰臺灣加權反1,22,6,16,元大-東泰,2024-03-04,9817
3006,晶豪科,29,13,16,元大-東泰,2024-03-04,9817
4543,萬在,32,16,16,元大-東泰,2024-03-04,9817
00882,中信中國高股息,15,0,15,元大-東泰,2024-03-04,9817
6190,萬泰科,29,14,15,元大-東泰,2024-03-04,9817
2020,美亞,15,0,15,元大-東泰,2024-03-04,9817
2609,陽明,240,225,15,元大-東泰,2024-03-04,9817
4968,立積,16,2,14,元大-東泰,2024-03-04,9817
6026,福邦證,14,0,14,元大-東泰,2024-03-04,9817
2376,技嘉,23,10,13,元大-東泰,2024-03-04,9817
00632R,元大台灣50反1,2220,18,2202,元大-東泰,2024-03-05,9817
2330,台積電,200,26,174,元大-東泰,2024-03-05,9817
2485,兆赫,160,15,145,元大-東泰,2024-03-05,9817
6177,達麗,129,0,129,元大-東泰,2024-03-05,9817
2002,中鋼,102,14,88,元大-東泰,2024-03-05,9817
2399,映泰,86,0,86,元大-東泰,2024-03-05,9817
00915,凱基優選高股息30,85,0,85,元大-東泰,2024-03-05,9817
00712,復華富時不動產,71,0,71,元大-東泰,2024-03-05,9817
2324,仁寶,81,13,68,元大-東泰,2024-03-05,9817
00931B,統一美債20年,68,0,68,元大-東泰,2024-03-05,9817
3481,群創,124,58,66,元大-東泰,2024-03-05,9817
00687B,國泰20年美債,56,0,56,元大-東泰,2024-03-05,9817
00919,群益台灣精選高息,147,104,43,元大-東泰,2024-03-05,9817
2105,正新,40,0,40,元大-東泰,2024-03-05,9817
2610,華航,41,3,38,元大-東泰,2024-03-05,9817
1513,中興電,78,40,38,元大-東泰,2024-03-05,9817
8404,百和興業-KY,37,0,37,元大-東泰,2024-03-05,9817
00885,富邦越南,35,0,35,元大-東泰,2024-03-05,9817
2606,裕民,45,11,34,元大-東泰,2024-03-05,9817
1409,新纖,55,23,32,元大-東泰,2024-03-05,9817
2883,凱基金,39,7,32,元大-東泰,2024-03-05,9817
4533,協易機,42,10,32,元大-東泰,2024-03-05,9817
2449,京元電子,59,27,32,元大-東泰,2024-03-05,9817
2882,國泰金,33,2,31,元大-東泰,2024-03-05,9817
00680L,元大美債20正2,30,0,30,元大-東泰,2024-03-05,9817
1726,永記,30,0,30,元大-東泰,2024-03-05,9817
4906,正文,115,89,26,元大-東泰,2024-03-05,9817
6189,豐藝,25,0,25,元大-東泰,2024-03-05,9817
2903,遠百,25,0,25,元大-東泰,2024-03-05,9817
1609,大亞,39,17,22,元大-東泰,2024-03-05,9817
00722B,群益投資級電信債,21,0,21,元大-東泰,2024-03-05,9817
2303,聯電,33,13,20,元大-東泰,2024-03-05,9817
1725,元禎,20,0,20,元大-東泰,2024-03-05,9817
2355,敬鵬,24,5,19,元大-東泰,2024-03-05,9817
3078,僑威,19,1,18,元大-東泰,2024-03-05,9817
2329,華泰,31,14,17,元大-東泰,2024-03-05,9817
5498,凱崴,28,11,17,元大-東泰,2024-03-05,9817
9919,康那香,20,3,17,元大-東泰,2024-03-05,9817
2305,全友,17,1,16,元大-東泰,2024-03-05,9817
2419,仲琦,28,12,16,元大-東泰,2024-03-05,9817
4919,新唐,15,0,15,元大-東泰,2024-03-05,9817
4973,廣穎,15,0,15,元大-東泰,2024-03-05,9817
3707,漢磊,17,2,15,元大-東泰,2024-03-05,9817
3576,聯合再生,16,1,15,元大-東泰,2024-03-05,9817
3260,威剛,18,4,14,元大-東泰,2024-03-05,9817
9105,泰金寶-DR,14,0,14,元大-東泰,2024-03-05,9817
3032,偉訓,20,6,14,元大-東泰,2024-03-05,9817
2888,新光金,26,13,13,元大-東泰,2024-03-05,9817
1718,中纖,12,0,12,元大-東泰,2024-03-05,9817
00937B,群益ESG投等債20,72,61,11,元大-東泰,2024-03-05,9817
00919,群益台灣精選高息,307,35,272,元大-東泰,2024-03-06,9817
00918,大華優利高填息30,145,32,113,元大-東泰,2024-03-06,9817
2903,遠百,95,0,95,元大-東泰,2024-03-06,9817
00929,復華台灣科技優息,167,90,77,元大-東泰,2024-03-06,9817
00931B,統一美債20年,75,27,48,元大-東泰,2024-03-06,9817
9105,泰金寶-DR,45,0,45,元大-東泰,2024-03-06,9817
4906,正文,119,75,44,元大-東泰,2024-03-06,9817
3231,緯創,70,26,44,元大-東泰,2024-03-06,9817
1609,大亞,126,84,42,元大-東泰,2024-03-06,9817
3481,群創,50,11,39,元大-東泰,2024-03-06,9817
2356,英業達,57,18,39,元大-東泰,2024-03-06,9817
00937B,群益ESG投等債20,36,0,36,元大-東泰,2024-03-06,9817
2609,陽明,50,15,35,元大-東泰,2024-03-06,9817
5521,工信,50,21,29,元大-東泰,2024-03-06,9817
3325,旭品,45,16,29,元大-東泰,2024-03-06,9817
2206,三陽工業,48,21,27,元大-東泰,2024-03-06,9817
8085,福華,32,5,27,元大-東泰,2024-03-06,9817
1210,大成,27,1,26,元大-東泰,2024-03-06,9817
2498,宏達電,32,7,25,元大-東泰,2024-03-06,9817
6120,達運,27,2,25,元大-東泰,2024-03-06,9817
3014,聯陽,25,1,24,元大-東泰,2024-03-06,9817
2329,華泰,35,11,24,元大-東泰,2024-03-06,9817
6127,九豪,22,0,22,元大-東泰,2024-03-06,9817
6117,迎廣,53,32,21,元大-東泰,2024-03-06,9817
2408,南亞科,24,4,20,元大-東泰,2024-03-06,9817
2889,國票金,20,0,20,元大-東泰,2024-03-06,9817
00637L,元大滬深300正2,20,0,20,元大-東泰,2024-03-06,9817
3024,憶聲,20,0,20,元大-東泰,2024-03-06,9817
1528,恩德,20,0,20,元大-東泰,2024-03-06,9817
8930,青鋼,21,1,20,元大-東泰,2024-03-06,9817
5388,中磊,24,4,20,元大-東泰,2024-03-06,9817
2610,華航,20,1,19,元大-東泰,2024-03-06,9817
00915,凱基優選高股息30,37,19,18,元大-東泰,2024-03-06,9817
2344,華邦電,27,9,18,元大-東泰,2024-03-06,9817
2002,中鋼,25,8,17,元大-東泰,2024-03-06,9817
2641,正德,15,0,15,元大-東泰,2024-03-06,9817
3221,台嘉碩,15,0,15,元大-東泰,2024-03-06,9817
2421,建準,45,31,14,元大-東泰,2024-03-06,9817
1305,華夏,15,0,15,元大-東泰,2024-03-06,9817
2324,仁寶,34,20,14,元大-東泰,2024-03-06,9817
1314,中石化,14,0,14,元大-東泰,2024-03-06,9817
6443,元晶,14,0,14,元大-東泰,2024-03-06,9817
2405,輔信,25,11,14,元大-東泰,2024-03-06,9817
00720B,元大投資級公司債,15,1,14,元大-東泰,2024-03-06,9817
6188,廣明,17,3,14,元大-東泰,2024-03-06,9817
2603,長榮,19,6,13,元大-東泰,2024-03-06,9817
6290,良維,17,4,13,元大-東泰,2024-03-06,9817
1524,耿鼎,13,0,13,元大-東泰,2024-03-06,9817
1717,長興,23,10,13,元大-東泰,2024-03-06,9817
2455,全新,16,4,12,元大-東泰,2024-03-06,9817
00632R,元大台灣50反1,2899,8,2891,元大-東泰,2024-03-07,9817
4532,瑞智,472,0,472,元大-東泰,2024-03-07,9817
2367,燿華,276,112,164,元大-東泰,2024-03-07,9817
00918,大華優利高填息30,169,37,132,元大-東泰,2024-03-07,9817
2356,英業達,162,35,127,元大-東泰,2024-03-07,9817
1717,長興,127,9,118,元大-東泰,2024-03-07,9817
2353,宏��,95,18,77,元大-東泰,2024-03-07,9817
2324,仁寶,97,29,68,元大-東泰,2024-03-07,9817
00919,群益台灣精選高息,172,111,61,元大-東泰,2024-03-07,9817
1733,五鼎,60,0,60,元大-東泰,2024-03-07,9817
00687B,國泰20年美債,109,53,56,元大-東泰,2024-03-07,9817
1316,上曜,90,42,48,元大-東泰,2024-03-07,9817
2002,中鋼,51,10,41,元大-東泰,2024-03-07,9817
3078,僑威,45,5,40,元大-東泰,2024-03-07,9817
2486,一詮,50,14,36,元大-東泰,2024-03-07,9817
1101,台泥,36,1,35,元大-東泰,2024-03-07,9817
00751B,元大AAA至A公司債,35,1,34,元大-東泰,2024-03-07,9817
2316,楠梓電,65,32,33,元大-東泰,2024-03-07,9817
6282,康舒,32,2,30,元大-東泰,2024-03-07,9817
1455,集盛,30,1,29,元大-東泰,2024-03-07,9817
1409,新纖,29,3,26,元大-東泰,2024-03-07,9817
2417,圓剛,42,16,26,元大-東泰,2024-03-07,9817
6550,北極星藥業-KY,36,10,26,元大-東泰,2024-03-07,9817
1609,大亞,41,16,25,元大-東泰,2024-03-07,9817
6285,啟��,25,2,23,元大-東泰,2024-03-07,9817
1314,中石化,23,0,23,元大-東泰,2024-03-07,9817
1815,富喬,43,21,22,元大-東泰,2024-03-07,9817
8089,康全電訊,30,8,22,元大-東泰,2024-03-07,9817
00688L,國泰20年美債正2,207,185,22,元大-東泰,2024-03-07,9817
2891,中信金,34,12,22,元大-東泰,2024-03-07,9817
0056,元大高股息,38,17,21,元大-東泰,2024-03-07,9817
2363,矽統,30,9,21,元大-東泰,2024-03-07,9817
1802,台玻,24,3,21,元大-東泰,2024-03-07,9817
2421,建準,59,39,20,元大-東泰,2024-03-07,9817
2105,正新,20,0,20,元大-東泰,2024-03-07,9817
1464,得力,20,0,20,元大-東泰,2024-03-07,9817
2329,華泰,35,16,19,元大-東泰,2024-03-07,9817
2606,裕民,24,5,19,元大-東泰,2024-03-07,9817
2368,金像電,23,5,18,元大-東泰,2024-03-07,9817
5521,工信,67,50,17,元大-東泰,2024-03-07,9817
6164,華興,17,0,17,元大-東泰,2024-03-07,9817
2312,金寶,17,0,17,元大-東泰,2024-03-07,9817
6274,台燿,81,65,16,元大-東泰,2024-03-07,9817
2323,中環,21,5,16,元大-東泰,2024-03-07,9817
8049,晶采,17,1,16,元大-東泰,2024-03-07,9817
3380,明泰,15,0,15,元大-東泰,2024-03-07,9817
3036,文曄,15,0,15,元大-東泰,2024-03-07,9817
00927,群益半導體收益,40,25,15,元大-東泰,2024-03-07,9817
4979,華星光,21,6,15,元大-東泰,2024-03-07,9817
4919,新唐,34,19,15,元大-東泰,2024-03-07,9817
00632R,元大台灣50反1,509,26,483,元大-東泰,2024-03-08,9817
2883,凱基金,513,35,478,元大-東泰,2024-03-08,9817
00680L,元大美債20正2,196,0,196,元大-東泰,2024-03-08,9817
00753L,中信中國50正2,200,24,176,元大-東泰,2024-03-08,9817
1815,富喬,135,10,125,元大-東泰,2024-03-08,9817
00637L,元大滬深300正2,102,0,102,元大-東泰,2024-03-08,9817
2323,中環,96,0,96,元大-東泰,2024-03-08,9817
3006,晶豪科,91,0,91,元大-東泰,2024-03-08,9817
2601,益航,88,0,88,元大-東泰,2024-03-08,9817
3231,緯創,103,35,68,元大-東泰,2024-03-08,9817
3548,兆利,81,13,68,元大-東泰,2024-03-08,9817
6005,群益證,135,72,63,元大-東泰,2024-03-08,9817
2461,光群雷,60,0,60,元大-東泰,2024-03-08,9817
5439,高技,54,2,52,元大-東泰,2024-03-08,9817
8105,凌巨,66,16,50,元大-東泰,2024-03-08,9817
1733,五鼎,50,0,50,元大-東泰,2024-03-08,9817
3022,威強電,50,0,50,元大-東泰,2024-03-08,9817
1710,東聯,51,2,49,元大-東泰,2024-03-08,9817
2363,矽統,47,2,45,元大-東泰,2024-03-08,9817
5452,佶優,47,2,45,元大-東泰,2024-03-08,9817
00918,大華優利高填息30,92,50,42,元大-東泰,2024-03-08,9817
2329,華泰,136,95,41,元大-東泰,2024-03-08,9817
2855,統一證,42,2,40,元大-東泰,2024-03-08,9817
2888,新光金,54,15,39,元大-東泰,2024-03-08,9817
1609,大亞,54,16,38,元大-東泰,2024-03-08,9817
2365,昆盈,55,18,37,元大-東泰,2024-03-08,9817
4306,炎洲,39,2,37,元大-東泰,2024-03-08,9817
2836,高雄銀,35,0,35,元大-東泰,2024-03-08,9817
1301,台塑,38,5,33,元大-東泰,2024-03-08,9817
3171,炎洲流通,31,0,31,元大-東泰,2024-03-08,9817
3078,僑威,37,9,28,元大-東泰,2024-03-08,9817
2609,陽明,327,301,26,元大-東泰,2024-03-08,9817
1717,長興,33,9,24,元大-東泰,2024-03-08,9817
2358,廷鑫,28,4,24,元大-東泰,2024-03-08,9817
00915,凱基優選高股息30,33,10,23,元大-東泰,2024-03-08,9817
6806,森崴能源,27,4,23,元大-東泰,2024-03-08,9817
8011,台通,24,1,23,元大-東泰,2024-03-08,9817
6488,環球晶,30,8,22,元大-東泰,2024-03-08,9817
6550,北極星藥業-KY,30,9,21,元大-東泰,2024-03-08,9817
2547,日勝生,21,0,21,元大-東泰,2024-03-08,9817
3481,群創,71,50,21,元大-東泰,2024-03-08,9817
3483,力致,23,3,20,元大-東泰,2024-03-08,9817
2444,兆勁,19,0,19,元大-東泰,2024-03-08,9817
6548,長科*,19,0,19,元大-東泰,2024-03-08,9817
1513,中興電,55,36,19,元大-東泰,2024-03-08,9817
4973,廣穎,18,0,18,元大-東泰,2024-03-08,9817
2485,兆赫,20,2,18,元大-東泰,2024-03-08,9817
6257,矽格,26,8,18,元大-東泰,2024-03-08,9817
2884,玉山金,19,1,18,元大-東泰,2024-03-08,9817
2367,燿華,139,121,18,元大-東泰,2024-03-08,9817
00680L,元大美債20正2,308,0,308,元大-東泰,2024-03-11,9817
00687B,國泰20年美債,304,7,297,元大-東泰,2024-03-11,9817
00715L,期街口布蘭特正2,110,0,110,元大-東泰,2024-03-11,9817
2867,三商壽,84,0,84,元大-東泰,2024-03-11,9817
00937B,群益ESG投等債20,125,42,83,元大-東泰,2024-03-11,9817
8085,福華,75,1,74,元大-東泰,2024-03-11,9817
5386,青雲,79,10,69,元大-東泰,2024-03-11,9817
00933B,國泰10Y+金融債,64,3,61,元大-東泰,2024-03-11,9817
1733,五鼎,53,0,53,元大-東泰,2024-03-11,9817
2344,華邦電,69,18,51,元大-東泰,2024-03-11,9817
2367,燿華,226,176,50,元大-東泰,2024-03-11,9817
00918,大華優利高填息30,47,5,42,元大-東泰,2024-03-11,9817
3481,群創,52,14,38,元大-東泰,2024-03-11,9817
2353,宏��,45,7,38,元大-東泰,2024-03-11,9817
2618,長榮航,43,8,35,元大-東泰,2024-03-11,9817
5210,寶碩,30,0,30,元大-東泰,2024-03-11,9817
2880,華南金,31,1,30,元大-東泰,2024-03-11,9817
00915,凱基優選高股息30,53,23,30,元大-東泰,2024-03-11,9817
2461,光群雷,28,0,28,元大-東泰,2024-03-11,9817
3294,英濟,42,14,28,元大-東泰,2024-03-11,9817
3532,台勝科,33,6,27,元大-東泰,2024-03-11,9817
2301,光寶科,30,5,25,元大-東泰,2024-03-11,9817
5475,德宏,25,0,25,元大-東泰,2024-03-11,9817
9907,統一實,21,0,21,元大-東泰,2024-03-11,9817
6508,惠光,21,0,21,元大-東泰,2024-03-11,9817
2610,華航,24,4,20,元大-東泰,2024-03-11,9817
2109,華豐,20,2,18,元大-東泰,2024-03-11,9817
6275,元山,20,2,18,元大-東泰,2024-03-11,9817
2355,敬鵬,24,7,17,元大-東泰,2024-03-11,9817
2330,台積電,28,12,16,元大-東泰,2024-03-11,9817
4513,福裕,15,0,15,元大-東泰,2024-03-11,9817
3321,同泰,16,2,14,元大-東泰,2024-03-11,9817
2838,聯邦銀,14,0,14,元大-東泰,2024-03-11,9817
00830,國泰費城半導體,13,0,13,元大-東泰,2024-03-11,9817
2603,長榮,28,15,13,元大-東泰,2024-03-11,9817
1101,台泥,13,0,13,元大-東泰,2024-03-11,9817
00935,野村臺灣新科技50,12,0,12,元大-東泰,2024-03-11,9817
00931B,統一美債20年,12,0,12,元大-東泰,2024-03-11,9817
2476,鉅祥,12,0,12,元大-東泰,2024-03-11,9817
2417,圓剛,31,20,11,元大-東泰,2024-03-11,9817
00679B,元大美債20年,33,22,11,元大-東泰,2024-03-11,9817
1301,台塑,14,3,11,元大-東泰,2024-03-11,9817
2241,艾姆勒,11,0,11,元大-東泰,2024-03-11,9817
5439,高技,11,0,11,元大-東泰,2024-03-11,9817
00922,國泰台灣領袖50,11,0,11,元大-東泰,2024-03-11,9817
00882,中信中國高股息,10,0,10,元大-東泰,2024-03-11,9817
1440,南紡,10,0,10,元大-東泰,2024-03-11,9817
00642U,期元大S＆P石油,10,0,10,元大-東泰,2024-03-11,9817
1558,伸興,10,0,10,元大-東泰,2024-03-11,9817
4714,永捷,10,0,10,元大-東泰,2024-03-11,9817
00919,群益台灣精選高息,318,40,278,元大-東泰,2024-03-12,9817
00937B,群益ESG投等債20,312,75,237,元大-東泰,2024-03-12,9817
00885,富邦越南,162,2,160,元大-東泰,2024-03-12,9817
2883,凱基金,214,88,126,元大-東泰,2024-03-12,9817
1314,中石化,102,0,102,元大-東泰,2024-03-12,9817
2241,艾姆勒,100,1,99,元大-東泰,2024-03-12,9817
00679B,元大美債20年,59,0,59,元大-東泰,2024-03-12,9817
8429,金麗-KY,50,0,50,元大-東泰,2024-03-12,9817
6285,啟��,56,11,45,元大-東泰,2024-03-12,9817
1409,新纖,35,0,35,元大-東泰,2024-03-12,9817
8210,勤誠,44,11,33,元大-東泰,2024-03-12,9817
00687B,國泰20年美債,42,11,31,元大-東泰,2024-03-12,9817
2371,大同,46,16,30,元大-東泰,2024-03-12,9817
1582,信錦,83,54,29,元大-東泰,2024-03-12,9817
2014,中鴻,28,0,28,元大-東泰,2024-03-12,9817
1528,恩德,27,0,27,元大-東泰,2024-03-12,9817
2867,三商壽,30,4,26,元大-東泰,2024-03-12,9817
4906,正文,24,0,24,元大-東泰,2024-03-12,9817
3356,奇偶,22,0,22,元大-東泰,2024-03-12,9817
2609,陽明,48,26,22,元大-東泰,2024-03-12,9817
9945,潤泰新,22,1,21,元大-東泰,2024-03-12,9817
1514,亞力,30,10,20,元大-東泰,2024-03-12,9817
9105,泰金寶-DR,24,4,20,元大-東泰,2024-03-12,9817
00927,群益半導體收益,20,0,20,元大-東泰,2024-03-12,9817
1815,富喬,24,4,20,元大-東泰,2024-03-12,9817
6799,來頡,20,0,20,元大-東泰,2024-03-12,9817
6016,康和證,20,3,17,元大-東泰,2024-03-12,9817
2324,仁寶,29,12,17,元大-東泰,2024-03-12,9817
00857B,永豐20年美公債,16,0,16,元大-東泰,2024-03-12,9817
4960,誠美材,16,0,16,元大-東泰,2024-03-12,9817
4919,新唐,34,18,16,元大-東泰,2024-03-12,9817
2464,盟立,16,0,16,元大-東泰,2024-03-12,9817
1604,聲寶,15,0,15,元大-東泰,2024-03-12,9817
5475,德宏,15,0,15,元大-東泰,2024-03-12,9817
2409,友達,33,18,15,元大-東泰,2024-03-12,9817
2313,華通,97,83,14,元大-東泰,2024-03-12,9817
1301,台塑,15,1,14,元大-東泰,2024-03-12,9817
00712,復華富時不動產,15,2,13,元大-東泰,2024-03-12,9817
1605,華新,15,2,13,元大-東泰,2024-03-12,9817
3694,海華,13,0,13,元大-東泰,2024-03-12,9817
2368,金像電,14,1,13,元大-東泰,2024-03-12,9817
6213,聯茂,13,1,12,元大-東泰,2024-03-12,9817
3294,英濟,26,14,12,元大-東泰,2024-03-12,9817
3339,泰谷,13,1,12,元大-東泰,2024-03-12,9817
00933B,國泰10Y+金融債,12,0,12,元大-東泰,2024-03-12,9817
2376,技嘉,11,0,11,元大-東泰,2024-03-12,9817
1616,億泰,11,0,11,元大-東泰,2024-03-12,9817
8059,凱碩,14,3,11,元大-東泰,2024-03-12,9817
2892,第一金,12,2,10,元大-東泰,2024-03-12,9817
00751B,元大AAA至A公司債,10,0,10,元大-東泰,2024-03-12,9817
00632R,元大台灣50反1,800,20,780,元大-東泰,2024-03-13,9817
2851,中再保,236,2,234,元大-東泰,2024-03-13,9817
00650L,復華香港正2,230,6,224,元大-東泰,2024-03-13,9817
00671R,富邦NASDAQ反1,200,0,200,元大-東泰,2024-03-13,9817
2241,艾姆勒,193,3,190,元大-東泰,2024-03-13,9817
00637L,元大滬深300正2,125,0,125,元大-東泰,2024-03-13,9817
3231,緯創,185,70,115,元大-東泰,2024-03-13,9817
1718,中纖,111,0,111,元大-東泰,2024-03-13,9817
00918,大華優利高填息30,139,30,109,元大-東泰,2024-03-13,9817
2883,凱基金,224,134,90,元大-東泰,2024-03-13,9817
8210,勤誠,93,7,86,元大-東泰,2024-03-13,9817
3171,炎洲流通,96,14,82,元大-東泰,2024-03-13,9817
00919,群益台灣精選高息,308,227,81,元大-東泰,2024-03-13,9817
2362,藍天,51,0,51,元大-東泰,2024-03-13,9817
2367,燿華,75,25,50,元大-東泰,2024-03-13,9817
3164,景岳,46,2,44,元大-東泰,2024-03-13,9817
3024,憶聲,40,0,40,元大-東泰,2024-03-13,9817
2461,光群雷,37,0,37,元大-東泰,2024-03-13,9817
2897,王道銀行,35,0,35,元大-東泰,2024-03-13,9817
2855,統一證,30,0,30,元大-東泰,2024-03-13,9817
2867,三商壽,40,10,30,元大-東泰,2024-03-13,9817
2359,所羅門,36,7,29,元大-東泰,2024-03-13,9817
2353,宏��,67,38,29,元大-東泰,2024-03-13,9817
2371,大同,38,11,27,元大-東泰,2024-03-13,9817
5475,德宏,25,0,25,元大-東泰,2024-03-13,9817
00937B,群益ESG投等債20,31,7,24,元大-東泰,2024-03-13,9817
2002,中鋼,54,31,23,元大-東泰,2024-03-13,9817
00679B,元大美債20年,27,5,22,元大-東泰,2024-03-13,9817
2610,華航,21,0,21,元大-東泰,2024-03-13,9817
1513,中興電,58,37,21,元大-東泰,2024-03-13,9817
9907,統一實,20,0,20,元大-東泰,2024-03-13,9817
4123,晟德,20,0,20,元大-東泰,2024-03-13,9817
3078,僑威,22,2,20,元大-東泰,2024-03-13,9817
1467,南緯,20,0,20,元大-東泰,2024-03-13,9817
4157,太景*-KY,20,0,20,元大-東泰,2024-03-13,9817
1464,得力,20,0,20,元大-東泰,2024-03-13,9817
8926,台汽電,33,15,18,元大-東泰,2024-03-13,9817
2313,華通,42,24,18,元大-東泰,2024-03-13,9817
2408,南亞科,18,2,16,元大-東泰,2024-03-13,9817
00931B,統一美債20年,16,0,16,元大-東泰,2024-03-13,9817
2365,昆盈,37,21,16,元大-東泰,2024-03-13,9817
00700,富邦�琤肭磪�,15,0,15,元大-東泰,2024-03-13,9817
6274,台燿,22,7,15,元大-東泰,2024-03-13,9817
2363,矽統,14,0,14,元大-東泰,2024-03-13,9817
2481,強茂,16,3,13,元大-東泰,2024-03-13,9817
6015,宏遠證,13,0,13,元大-東泰,2024-03-13,9817
1815,富喬,15,3,12,元大-東泰,2024-03-13,9817
5243,乙盛-KY,18,6,12,元大-東泰,2024-03-13,9817
5381,合正,13,1,12,元大-東泰,2024-03-13,9817
3163,波若威,64,52,12,元大-東泰,2024-03-13,9817
00919,群益台灣精選高息,556,183,373,元大-東泰,2024-03-14,9817
2356,英業達,228,21,207,元大-東泰,2024-03-14,9817
00929,復華台灣科技優息,186,46,140,元大-東泰,2024-03-14,9817
00637L,元大滬深300正2,100,0,100,元大-東泰,2024-03-14,9817
3231,緯創,164,75,89,元大-東泰,2024-03-14,9817
2303,聯電,116,28,88,元大-東泰,2024-03-14,9817
00918,大華優利高填息30,122,35,87,元大-東泰,2024-03-14,9817
00933B,國泰10Y+金融債,46,0,46,元大-東泰,2024-03-14,9817
00679B,元大美債20年,51,9,42,元大-東泰,2024-03-14,9817
2241,艾姆勒,46,6,40,元大-東泰,2024-03-14,9817
00915,凱基優選高股息30,49,9,40,元大-東泰,2024-03-14,9817
5386,青雲,44,6,38,元大-東泰,2024-03-14,9817
2603,長榮,58,20,38,元大-東泰,2024-03-14,9817
9945,潤泰新,47,10,37,元大-東泰,2024-03-14,9817
00687B,國泰20年美債,50,13,37,元大-東泰,2024-03-14,9817
2323,中環,34,5,29,元大-東泰,2024-03-14,9817
00931B,統一美債20年,28,0,28,元大-東泰,2024-03-14,9817
00652,富邦印度,27,0,27,元大-東泰,2024-03-14,9817
3491,昇達科,26,0,26,元大-東泰,2024-03-14,9817
1314,中石化,26,0,26,元大-東泰,2024-03-14,9817
8183,精星,24,0,24,元大-東泰,2024-03-14,9817
2344,華邦電,27,5,22,元大-東泰,2024-03-14,9817
2816,旺旺保,22,0,22,元大-東泰,2024-03-14,9817
2316,楠梓電,26,4,22,元大-東泰,2024-03-14,9817
00632R,元大台灣50反1,20,0,20,元大-東泰,2024-03-14,9817
00935,野村臺灣新科技50,22,2,20,元大-東泰,2024-03-14,9817
00650L,復華香港正2,20,0,20,元大-東泰,2024-03-14,9817
2489,瑞軒,20,0,20,元大-東泰,2024-03-14,9817
00673R,期元大S＆P原油反1,50,30,20,元大-東泰,2024-03-14,9817
2882,國泰金,112,93,19,元大-東泰,2024-03-14,9817
2615,萬海,19,0,19,元大-東泰,2024-03-14,9817
8011,台通,31,12,19,元大-東泰,2024-03-14,9817
6695,芯鼎,17,0,17,元大-東泰,2024-03-14,9817
3706,神達,18,2,16,元大-東泰,2024-03-14,9817
2609,陽明,179,163,16,元大-東泰,2024-03-14,9817
2105,正新,20,4,16,元大-東泰,2024-03-14,9817
6257,矽格,18,2,16,元大-東泰,2024-03-14,9817
6217,中探針,16,1,15,元大-東泰,2024-03-14,9817
00680L,元大美債20正2,15,0,15,元大-東泰,2024-03-14,9817
2301,光寶科,15,1,14,元大-東泰,2024-03-14,9817
00751B,元大AAA至A公司債,15,1,14,元大-東泰,2024-03-14,9817
4105,東洋,14,0,14,元大-東泰,2024-03-14,9817
2897,王道銀行,15,1,14,元大-東泰,2024-03-14,9817
3548,兆利,18,6,12,元大-東泰,2024-03-14,9817
1503,士電,140,129,11,元大-東泰,2024-03-14,9817
2365,昆盈,13,2,11,元大-東泰,2024-03-14,9817
1513,中興電,68,57,11,元大-東泰,2024-03-14,9817
5534,長虹,10,0,10,元大-東泰,2024-03-14,9817
4714,永捷,11,1,10,元大-東泰,2024-03-14,9817
00753L,中信中國50正2,15,5,10,元大-東泰,2024-03-14,9817
2801,彰銀,830,11,819,元大-東泰,2024-03-15,9817
00919,群益台灣精選高息,310,137,173,元大-東泰,2024-03-15,9817
00687B,國泰20年美債,173,0,173,元大-東泰,2024-03-15,9817
00941,中信上游半導體,191,28,163,元大-東泰,2024-03-15,9817
00680L,元大美債20正2,153,0,153,元大-東泰,2024-03-15,9817
2887,台新金,156,6,150,元大-東泰,2024-03-15,9817
2834,臺企銀,226,95,131,元大-東泰,2024-03-15,9817
2356,英業達,140,13,127,元大-東泰,2024-03-15,9817
00937B,群益ESG投等債20,123,15,108,元大-東泰,2024-03-15,9817
3356,奇偶,75,3,72,元大-東泰,2024-03-15,9817
00830,國泰費城半導體,61,0,61,元大-東泰,2024-03-15,9817
1714,和桐,51,0,51,元大-東泰,2024-03-15,9817
2610,華航,50,2,48,元大-東泰,2024-03-15,9817
4714,永捷,164,118,46,元大-東泰,2024-03-15,9817
2613,中櫃,45,0,45,元大-東泰,2024-03-15,9817
00696B,富邦美債20年,43,0,43,元大-東泰,2024-03-15,9817
3163,波若威,70,30,40,元大-東泰,2024-03-15,9817
2851,中再保,40,0,40,元大-東泰,2024-03-15,9817
4906,正文,38,1,37,元大-東泰,2024-03-15,9817
6177,達麗,37,0,37,元大-東泰,2024-03-15,9817
00650L,復華香港正2,37,0,37,元大-東泰,2024-03-15,9817
2340,台亞,35,0,35,元大-東泰,2024-03-15,9817
2603,長榮,60,27,33,元大-東泰,2024-03-15,9817
00751B,元大AAA至A公司債,31,0,31,元大-東泰,2024-03-15,9817
00885,富邦越南,28,0,28,元大-東泰,2024-03-15,9817
1303,南亞,27,0,27,元大-東泰,2024-03-15,9817
2020,美亞,27,1,26,元大-東泰,2024-03-15,9817
2615,萬海,26,0,26,元大-東泰,2024-03-15,9817
2421,建準,27,1,26,元大-東泰,2024-03-15,9817
2486,一詮,33,8,25,元大-東泰,2024-03-15,9817
1513,中興電,68,44,24,元大-東泰,2024-03-15,9817
2330,台積電,28,4,24,元大-東泰,2024-03-15,9817
6190,萬泰科,28,4,24,元大-東泰,2024-03-15,9817
2606,裕民,28,4,24,元大-東泰,2024-03-15,9817
2617,台航,25,1,24,元大-東泰,2024-03-15,9817
2002,中鋼,42,19,23,元大-東泰,2024-03-15,9817
00929,復華台灣科技優息,53,30,23,元大-東泰,2024-03-15,9817
2312,金寶,23,0,23,元大-東泰,2024-03-15,9817
2609,陽明,324,302,22,元大-東泰,2024-03-15,9817
00712,復華富時不動產,20,0,20,元大-東泰,2024-03-15,9817
1810,和成,20,0,20,元大-東泰,2024-03-15,9817
9902,台火,26,7,19,元大-東泰,2024-03-15,9817
6873,泓德能源,18,0,18,元大-東泰,2024-03-15,9817
2313,華通,30,13,17,元大-東泰,2024-03-15,9817
3438,類比科,23,6,17,元大-東泰,2024-03-15,9817
3010,華立,21,4,17,元大-東泰,2024-03-15,9817
2605,新興,17,0,17,元大-東泰,2024-03-15,9817
1305,華夏,16,0,16,元大-東泰,2024-03-15,9817
00918,大華優利高填息30,99,83,16,元大-東泰,2024-03-15,9817
6275,元山,29,13,16,元大-東泰,2024-03-15,9817
00937B,群益ESG投等債20,418,10,408,元大-東泰,2024-03-18,9817
2409,友達,320,5,315,元大-東泰,2024-03-18,9817
2887,台新金,202,0,202,元大-東泰,2024-03-18,9817
00919,群益台灣精選高息,180,53,127,元大-東泰,2024-03-18,9817
2611,志信,129,8,121,元大-東泰,2024-03-18,9817
00680L,元大美債20正2,108,0,108,元大-東泰,2024-03-18,9817
00637L,元大滬深300正2,100,0,100,元大-東泰,2024-03-18,9817
2801,彰銀,91,0,91,元大-東泰,2024-03-18,9817
2845,遠東銀,90,0,90,元大-東泰,2024-03-18,9817
2002,中鋼,82,0,82,元大-東泰,2024-03-18,9817
00679B,元大美債20年,60,0,60,元大-東泰,2024-03-18,9817
4532,瑞智,51,3,48,元大-東泰,2024-03-18,9817
5880,合庫金,50,3,47,元大-東泰,2024-03-18,9817
00764B,群益25年美債,48,3,45,元大-東泰,2024-03-18,9817
00751B,元大AAA至A公司債,45,0,45,元大-東泰,2024-03-18,9817
2834,臺企銀,137,93,44,元大-東泰,2024-03-18,9817
00673R,期元大S＆P原油反1,50,6,44,元大-東泰,2024-03-18,9817
6005,群益證,50,7,43,元大-東泰,2024-03-18,9817
2303,聯電,78,36,42,元大-東泰,2024-03-18,9817
2609,陽明,72,33,39,元大-東泰,2024-03-18,9817
8085,福華,42,3,39,元大-東泰,2024-03-18,9817
00720B,元大投資級公司債,37,0,37,元大-東泰,2024-03-18,9817
4906,正文,59,22,37,元大-東泰,2024-03-18,9817
00941,中信上游半導體,91,55,36,元大-東泰,2024-03-18,9817
4961,天鈺,35,3,32,元大-東泰,2024-03-18,9817
2449,京元電子,34,5,29,元大-東泰,2024-03-18,9817
2816,旺旺保,33,10,23,元大-東泰,2024-03-18,9817
8011,台通,30,9,21,元大-東泰,2024-03-18,9817
2354,鴻準,48,28,20,元大-東泰,2024-03-18,9817
4956,光鋐,20,0,20,元大-東泰,2024-03-18,9817
6128,上福,28,8,20,元大-東泰,2024-03-18,9817
2317,鴻海,118,100,18,元大-東泰,2024-03-18,9817
1444,力麗,25,7,18,元大-東泰,2024-03-18,9817
5388,中磊,19,1,18,元大-東泰,2024-03-18,9817
2382,廣達,55,38,17,元大-東泰,2024-03-18,9817
3231,緯創,64,48,16,元大-東泰,2024-03-18,9817
1101,台泥,18,2,16,元大-東泰,2024-03-18,9817
1108,幸福,17,1,16,元大-東泰,2024-03-18,9817
3532,台勝科,18,3,15,元大-東泰,2024-03-18,9817
2610,華航,18,3,15,元大-東泰,2024-03-18,9817
3622,洋華,19,4,15,元大-東泰,2024-03-18,9817
2897,王道銀行,20,5,15,元大-東泰,2024-03-18,9817
6182,合晶,18,3,15,元大-東泰,2024-03-18,9817
2888,新光金,18,4,14,元大-東泰,2024-03-18,9817
1416,廣豐,15,1,14,元大-東泰,2024-03-18,9817
00933B,國泰10Y+金融債,16,3,13,元大-東泰,2024-03-18,9817
00885,富邦越南,14,1,13,元大-東泰,2024-03-18,9817
2885,元大金,32,19,13,元大-東泰,2024-03-18,9817
1514,亞力,22,10,12,元大-東泰,2024-03-18,9817
1718,中纖,15,3,12,元大-東泰,2024-03-18,9817
2888,新光金,113,4,109,元大-東泰,2024-03-19,9817
5515,建國,88,0,88,元大-東泰,2024-03-19,9817
00919,群益台灣精選高息,135,57,78,元大-東泰,2024-03-19,9817
2883,凱基金,79,9,70,元大-東泰,2024-03-19,9817
3481,群創,92,28,64,元大-東泰,2024-03-19,9817
2329,華泰,119,62,57,元大-東泰,2024-03-19,9817
1718,中纖,56,0,56,元大-東泰,2024-03-19,9817
2834,臺企銀,66,14,52,元大-東泰,2024-03-19,9817
4532,瑞智,50,1,49,元大-東泰,2024-03-19,9817
5880,合庫金,47,0,47,元大-東泰,2024-03-19,9817
00830,國泰費城半導體,46,0,46,元大-東泰,2024-03-19,9817
2906,高林,40,0,40,元大-東泰,2024-03-19,9817
2618,長榮航,60,21,39,元大-東泰,2024-03-19,9817
00679B,元大美債20年,39,0,39,元大-東泰,2024-03-19,9817
3356,奇偶,33,0,33,元大-東泰,2024-03-19,9817
00687B,國泰20年美債,52,22,30,元大-東泰,2024-03-19,9817
2421,建準,26,2,24,元大-東泰,2024-03-19,9817
2515,中工,48,24,24,元大-東泰,2024-03-19,9817
2353,宏��,36,13,23,元大-東泰,2024-03-19,9817
00941,中信上游半導體,33,10,23,元大-東泰,2024-03-19,9817
1301,台塑,26,4,22,元大-東泰,2024-03-19,9817
4961,天鈺,22,1,21,元大-東泰,2024-03-19,9817
4919,新唐,51,30,21,元大-東泰,2024-03-19,9817
00751B,元大AAA至A公司債,27,7,20,元大-東泰,2024-03-19,9817
2368,金像電,36,16,20,元大-東泰,2024-03-19,9817
3078,僑威,21,1,20,元大-東泰,2024-03-19,9817
2316,楠梓電,31,12,19,元大-東泰,2024-03-19,9817
00857B,永豐20年美公債,19,0,19,元大-東泰,2024-03-19,9817
6278,台表科,21,2,19,元大-東泰,2024-03-19,9817
6122,擎邦,18,0,18,元大-東泰,2024-03-19,9817
6462,神盾,22,6,16,元大-東泰,2024-03-19,9817
00891,中信關鍵半導體,17,1,16,元大-東泰,2024-03-19,9817
4588,玖鼎電力,16,1,15,元大-東泰,2024-03-19,9817
8271,宇瞻,17,2,15,元大-東泰,2024-03-19,9817
00706L,期元大S＆P日圓正2,15,0,15,元大-東泰,2024-03-19,9817
00937B,群益ESG投等債20,17,3,14,元大-東泰,2024-03-19,9817
3264,欣銓,32,18,14,元大-東泰,2024-03-19,9817
3360,尚立,14,0,14,元大-東泰,2024-03-19,9817
3059,華晶科,16,2,14,元大-東泰,2024-03-19,9817
3029,零壹,16,2,14,元大-東泰,2024-03-19,9817
4306,炎洲,13,0,13,元大-東泰,2024-03-19,9817
2105,正新,13,0,13,元大-東泰,2024-03-19,9817
8085,福華,13,0,13,元大-東泰,2024-03-19,9817
2356,英業達,47,34,13,元大-東泰,2024-03-19,9817
2884,玉山金,14,2,12,元大-東泰,2024-03-19,9817
00720B,元大投資級公司債,12,0,12,元大-東泰,2024-03-19,9817
2489,瑞軒,12,0,12,元大-東泰,2024-03-19,9817
2382,廣達,38,26,12,元大-東泰,2024-03-19,9817
3714,富采,11,0,11,元大-東泰,2024-03-19,9817
2610,華航,12,1,11,元大-東泰,2024-03-19,9817
00939,統一台灣高息動能,758,37,721,元大-東泰,2024-03-20,9817
00937B,群益ESG投等債20,146,4,142,元大-東泰,2024-03-20,9817
2611,志信,136,13,123,元大-東泰,2024-03-20,9817
00665L,富邦�琤肭磪囓�2,110,0,110,元大-東泰,2024-03-20,9817
00637L,元大滬深300正2,100,0,100,元大-東泰,2024-03-20,9817
00673R,期元大S＆P原油反1,100,0,100,元大-東泰,2024-03-20,9817
00679B,元大美債20年,89,5,84,元大-東泰,2024-03-20,9817
2344,華邦電,72,5,67,元大-東泰,2024-03-20,9817
00650L,復華香港正2,65,0,65,元大-東泰,2024-03-20,9817
00680L,元大美債20正2,63,0,63,元大-東泰,2024-03-20,9817
00919,群益台灣精選高息,239,179,60,元大-東泰,2024-03-20,9817
3576,聯合再生,69,11,58,元大-東泰,2024-03-20,9817
1815,富喬,60,8,52,元大-東泰,2024-03-20,9817
2002,中鋼,45,6,39,元大-東泰,2024-03-20,9817
00687B,國泰20年美債,41,2,39,元大-東泰,2024-03-20,9817
00941,中信上游半導體,54,16,38,元大-東泰,2024-03-20,9817
2897,王道銀行,37,0,37,元大-東泰,2024-03-20,9817
1101,台泥,60,26,34,元大-東泰,2024-03-20,9817
2888,新光金,47,14,33,元大-東泰,2024-03-20,9817
8110,華東,35,2,33,元大-東泰,2024-03-20,9817
6196,帆宣,31,0,31,元大-東泰,2024-03-20,9817
00878,國泰永續高股息,46,16,30,元大-東泰,2024-03-20,9817
2801,彰銀,30,0,30,元大-東泰,2024-03-20,9817
2352,佳世達,37,8,29,元大-東泰,2024-03-20,9817
3548,兆利,33,4,29,元大-東泰,2024-03-20,9817
3481,群創,38,10,28,元大-東泰,2024-03-20,9817
1609,大亞,51,24,27,元大-東泰,2024-03-20,9817
2883,凱基金,56,30,26,元大-東泰,2024-03-20,9817
00830,國泰費城半導體,25,0,25,元大-東泰,2024-03-20,9817
5443,均豪,30,5,25,元大-東泰,2024-03-20,9817
2906,高林,25,0,25,元大-東泰,2024-03-20,9817
2641,正德,26,2,24,元大-東泰,2024-03-20,9817
2889,國票金,24,0,24,元大-東泰,2024-03-20,9817
00882,中信中國高股息,23,0,23,元大-東泰,2024-03-20,9817
2382,廣達,50,27,23,元大-東泰,2024-03-20,9817
2313,華通,37,15,22,元大-東泰,2024-03-20,9817
2489,瑞軒,25,3,22,元大-東泰,2024-03-20,9817
2449,京元電子,35,15,20,元大-東泰,2024-03-20,9817
1513,中興電,35,15,20,元大-東泰,2024-03-20,9817
2834,臺企銀,33,13,20,元大-東泰,2024-03-20,9817
1440,南紡,20,0,20,元大-東泰,2024-03-20,9817
00688L,國泰20年美債正2,20,0,20,元大-東泰,2024-03-20,9817
2609,陽明,25,7,18,元大-東泰,2024-03-20,9817
6005,群益證,78,61,17,元大-東泰,2024-03-20,9817
00857B,永豐20年美公債,35,18,17,元大-東泰,2024-03-20,9817
4961,天鈺,19,2,17,元大-東泰,2024-03-20,9817
1303,南亞,18,1,17,元大-東泰,2024-03-20,9817
6462,神盾,23,6,17,元大-東泰,2024-03-20,9817
2618,長榮航,42,26,16,元大-東泰,2024-03-20,9817
3438,類比科,19,3,16,元大-東泰,2024-03-20,9817
00632R,元大台灣50反1,8539,20,8519,元大-東泰,2024-03-21,9817
00671R,富邦NASDAQ反1,1022,0,1022,元大-東泰,2024-03-21,9817
00939,統一台灣高息動能,297,21,276,元大-東泰,2024-03-21,9817
00680L,元大美債20正2,173,0,173,元大-東泰,2024-03-21,9817
00919,群益台灣精選高息,190,52,138,元大-東泰,2024-03-21,9817
00676R,富邦臺灣加權反1,105,3,102,元大-東泰,2024-03-21,9817
00795B,中信美國公債20年,68,0,68,元大-東泰,2024-03-21,9817
00687B,國泰20年美債,59,0,59,元大-東泰,2024-03-21,9817
00679B,元大美債20年,56,3,53,元大-東泰,2024-03-21,9817
2609,陽明,61,16,45,元大-東泰,2024-03-21,9817
2867,三商壽,40,0,40,元大-東泰,2024-03-21,9817
6285,啟��,40,4,36,元大-東泰,2024-03-21,9817
00900,富邦特選高股息30,47,11,36,元大-東泰,2024-03-21,9817
6505,台塑化,32,1,31,元大-東泰,2024-03-21,9817
6257,矽格,50,21,29,元大-東泰,2024-03-21,9817
8271,宇瞻,30,2,28,元大-東泰,2024-03-21,9817
00929,復華台灣科技優息,70,46,24,元大-東泰,2024-03-21,9817
00857B,永豐20年美公債,24,0,24,元大-東泰,2024-03-21,9817
2405,輔信,32,9,23,元大-東泰,2024-03-21,9817
2449,京元電子,35,14,21,元大-東泰,2024-03-21,9817
2886,兆豐金,26,6,20,元大-東泰,2024-03-21,9817
4127,天良,20,0,20,元大-東泰,2024-03-21,9817
4919,新唐,28,9,19,元大-東泰,2024-03-21,9817
3050,鈺德,19,0,19,元大-東泰,2024-03-21,9817
3005,神基,71,52,19,元大-東泰,2024-03-21,9817
4526,東台,17,0,17,元大-東泰,2024-03-21,9817
4906,正文,32,15,17,元大-東泰,2024-03-21,9817
2303,聯電,45,29,16,元大-東泰,2024-03-21,9817
1587,吉茂,15,0,15,元大-東泰,2024-03-21,9817
8086,宏捷科,17,2,15,元大-東泰,2024-03-21,9817
3037,欣興,34,20,14,元大-東泰,2024-03-21,9817
2376,技嘉,19,5,14,元大-東泰,2024-03-21,9817
00631L,元大台灣50正2,14,0,14,元大-東泰,2024-03-21,9817
2618,長榮航,18,4,14,元大-東泰,2024-03-21,9817
3322,建舜電,18,4,14,元大-東泰,2024-03-21,9817
1514,亞力,36,22,14,元大-東泰,2024-03-21,9817
5483,中美晶,19,5,14,元大-東泰,2024-03-21,9817
00751B,元大AAA至A公司債,13,0,13,元大-東泰,2024-03-21,9817
1733,五鼎,13,0,13,元大-東泰,2024-03-21,9817
2337,旺宏,23,10,13,元大-東泰,2024-03-21,9817
9105,泰金寶-DR,12,0,12,元大-東泰,2024-03-21,9817
3047,訊舟,11,0,11,元大-東泰,2024-03-21,9817
00931B,統一美債20年,16,6,10,元大-東泰,2024-03-21,9817
1524,耿鼎,11,1,10,元大-東泰,2024-03-21,9817
6790,永豐實,10,0,10,元大-東泰,2024-03-21,9817
2402,毅嘉,10,0,10,元大-東泰,2024-03-21,9817
1805,寶徠,10,0,10,元大-東泰,2024-03-21,9817
5243,乙盛-KY,10,0,10,元大-東泰,2024-03-21,9817
1440,南紡,10,0,10,元大-東泰,2024-03-21,9817
3027,盛達,10,0,10,元大-東泰,2024-03-21,9817
912000,晨訊科-DR,385,0,385,元大-東泰,2024-03-22,9817
00680L,元大美債20正2,278,0,278,元大-東泰,2024-03-22,9817
00939,統一台灣高息動能,205,62,143,元大-東泰,2024-03-22,9817
2611,志信,127,9,118,元大-東泰,2024-03-22,9817
2344,華邦電,154,48,106,元大-東泰,2024-03-22,9817
00919,群益台灣精選高息,326,230,96,元大-東泰,2024-03-22,9817
2867,三商壽,130,34,96,元大-東泰,2024-03-22,9817
00637L,元大滬深300正2,101,5,96,元大-東泰,2024-03-22,9817
2409,友達,115,21,94,元大-東泰,2024-03-22,9817
2834,臺企銀,100,13,87,元大-東泰,2024-03-22,9817
2609,陽明,70,3,67,元大-東泰,2024-03-22,9817
3548,兆利,60,0,60,元大-東泰,2024-03-22,9817
4906,正文,72,12,60,元大-東泰,2024-03-22,9817
2406,國碩,82,24,58,元大-東泰,2024-03-22,9817
2887,台新金,57,2,55,元大-東泰,2024-03-22,9817
1504,東元,106,57,49,元大-東泰,2024-03-22,9817
8085,福華,46,3,43,元大-東泰,2024-03-22,9817
6550,北極星藥業-KY,39,1,38,元大-東泰,2024-03-22,9817
2883,凱基金,55,18,37,元大-東泰,2024-03-22,9817
3014,聯陽,37,1,36,元大-東泰,2024-03-22,9817
2353,宏��,94,58,36,元大-東泰,2024-03-22,9817
3706,神達,137,105,32,元大-東泰,2024-03-22,9817
2888,新光金,47,18,29,元大-東泰,2024-03-22,9817
2314,台揚,30,1,29,元大-東泰,2024-03-22,9817
2367,燿華,56,27,29,元大-東泰,2024-03-22,9817
00687B,國泰20年美債,28,1,27,元大-東泰,2024-03-22,9817
6005,群益證,37,10,27,元大-東泰,2024-03-22,9817
8271,宇瞻,33,7,26,元大-東泰,2024-03-22,9817
2885,元大金,35,9,26,元大-東泰,2024-03-22,9817
6147,頎邦,24,0,24,元大-東泰,2024-03-22,9817
2303,聯電,54,30,24,元大-東泰,2024-03-22,9817
00929,復華台灣科技優息,70,47,23,元大-東泰,2024-03-22,9817
2020,美亞,21,0,21,元大-東泰,2024-03-22,9817
2301,光寶科,35,14,21,元大-東泰,2024-03-22,9817
5469,瀚宇博,23,3,20,元大-東泰,2024-03-22,9817
2606,裕民,20,0,20,元大-東泰,2024-03-22,9817
2417,圓剛,20,0,20,元大-東泰,2024-03-22,9817
1605,華新,36,17,19,元大-東泰,2024-03-22,9817
4714,永捷,20,2,18,元大-東泰,2024-03-22,9817
3322,建舜電,18,0,18,元大-東泰,2024-03-22,9817
6182,合晶,17,0,17,元大-東泰,2024-03-22,9817
6177,達麗,16,0,16,元大-東泰,2024-03-22,9817
00753L,中信中國50正2,15,0,15,元大-東泰,2024-03-22,9817
2439,美律,15,0,15,元大-東泰,2024-03-22,9817
3083,網龍,15,0,15,元大-東泰,2024-03-22,9817
8473,山林水,18,3,15,元大-東泰,2024-03-22,9817
2328,廣宇,19,5,14,元大-東泰,2024-03-22,9817
2603,長榮,27,13,14,元大-東泰,2024-03-22,9817
6770,力積電,17,3,14,元大-東泰,2024-03-22,9817
5443,均豪,15,2,13,元大-東泰,2024-03-22,9817
00632R,元大台灣50反1,881,137,744,元大-東泰,2024-03-25,9817
00939,統一台灣高息動能,281,58,223,元大-東泰,2024-03-25,9817
00941,中信上游半導體,237,37,200,元大-東泰,2024-03-25,9817
1609,大亞,379,229,150,元大-東泰,2024-03-25,9817
00712,復華富時不動產,120,10,110,元大-東泰,2024-03-25,9817
2356,英業達,221,118,103,元大-東泰,2024-03-25,9817
6005,群益證,97,1,96,元大-東泰,2024-03-25,9817
1608,華榮,72,16,56,元大-東泰,2024-03-25,9817
00715L,期街口布蘭特正2,50,0,50,元大-東泰,2024-03-25,9817
00679B,元大美債20年,54,12,42,元大-東泰,2024-03-25,9817
00919,群益台灣精選高息,79,37,42,元大-東泰,2024-03-25,9817
6125,廣運,48,7,41,元大-東泰,2024-03-25,9817
2352,佳世達,52,14,38,元大-東泰,2024-03-25,9817
3062,建漢,59,24,35,元大-東泰,2024-03-25,9817
00671R,富邦NASDAQ反1,28,0,28,元大-東泰,2024-03-25,9817
5512,力麒,29,2,27,元大-東泰,2024-03-25,9817
2618,長榮航,32,6,26,元大-東泰,2024-03-25,9817
6182,合晶,26,1,25,元大-東泰,2024-03-25,9817
2439,美律,25,0,25,元大-東泰,2024-03-25,9817
00878,國泰永續高股息,28,4,24,元大-東泰,2024-03-25,9817
00918,大華優利高填息30,30,6,24,元大-東泰,2024-03-25,9817
4919,新唐,30,6,24,元大-東泰,2024-03-25,9817
6550,北極星藥業-KY,21,0,21,元大-東泰,2024-03-25,9817
5315,光聯,21,0,21,元大-東泰,2024-03-25,9817
00934,中信成長高股息,21,0,21,元大-東泰,2024-03-25,9817
3494,誠研,20,0,20,元大-東泰,2024-03-25,9817
4714,永捷,22,3,19,元大-東泰,2024-03-25,9817
2882,國泰金,19,0,19,元大-東泰,2024-03-25,9817
2455,全新,19,1,18,元大-東泰,2024-03-25,9817
8182,加高,18,0,18,元大-東泰,2024-03-25,9817
1612,宏泰,26,9,17,元大-東泰,2024-03-25,9817
00931B,統一美債20年,20,4,16,元大-東泰,2024-03-25,9817
8150,南茂,21,6,15,元大-東泰,2024-03-25,9817
2002,中鋼,22,7,15,元大-東泰,2024-03-25,9817
3360,尚立,14,0,14,元大-東泰,2024-03-25,9817
6788,華景電,14,0,14,元大-東泰,2024-03-25,9817
2464,盟立,49,35,14,元大-東泰,2024-03-25,9817
6806,森崴能源,25,12,13,元大-東泰,2024-03-25,9817
6147,頎邦,15,2,13,元大-東泰,2024-03-25,9817
2834,臺企銀,41,29,12,元大-東泰,2024-03-25,9817
1301,台塑,14,2,12,元大-東泰,2024-03-25,9817
4513,福裕,12,0,12,元大-東泰,2024-03-25,9817
2641,正德,15,3,12,元大-東泰,2024-03-25,9817
2027,大成鋼,13,2,11,元大-東泰,2024-03-25,9817
00687B,國泰20年美債,18,7,11,元大-東泰,2024-03-25,9817
2884,玉山金,13,2,11,元大-東泰,2024-03-25,9817
8435,鉅邁,12,1,11,元大-東泰,2024-03-25,9817
2611,志信,16,5,11,元大-東泰,2024-03-25,9817
8050,廣積,10,0,10,元大-東泰,2024-03-25,9817
3005,神基,23,13,10,元大-東泰,2024-03-25,9817
00632R,元大台灣50反1,3415,2077,1338,元大-東泰,2024-03-26,9817
00671R,富邦NASDAQ反1,344,0,344,元大-東泰,2024-03-26,9817
2356,英業達,260,90,170,元大-東泰,2024-03-26,9817
00679B,元大美債20年,150,1,149,元大-東泰,2024-03-26,9817
00638R,元大滬深300反1,140,0,140,元大-東泰,2024-03-26,9817
00939,統一台灣高息動能,185,62,123,元大-東泰,2024-03-26,9817
00941,中信上游半導體,116,7,109,元大-東泰,2024-03-26,9817
2344,華邦電,166,78,88,元大-東泰,2024-03-26,9817
4938,和碩,78,3,75,元大-東泰,2024-03-26,9817
2352,佳世達,82,14,68,元大-東泰,2024-03-26,9817
6147,頎邦,67,2,65,元大-東泰,2024-03-26,9817
2408,南亞科,69,13,56,元大-東泰,2024-03-26,9817
2611,志信,52,0,52,元大-東泰,2024-03-26,9817
00634R,富邦上証反1,50,0,50,元大-東泰,2024-03-26,9817
2609,陽明,57,8,49,元大-東泰,2024-03-26,9817
1513,中興電,121,78,43,元大-東泰,2024-03-26,9817
6125,廣運,96,56,40,元大-東泰,2024-03-26,9817
6215,和椿,41,3,38,元大-東泰,2024-03-26,9817
2834,臺企銀,44,13,31,元大-東泰,2024-03-26,9817
2409,友達,35,4,31,元大-東泰,2024-03-26,9817
6443,元晶,38,8,30,元大-東泰,2024-03-26,9817
1718,中纖,29,0,29,元大-東泰,2024-03-26,9817
2324,仁寶,40,11,29,元大-東泰,2024-03-26,9817
4906,正文,35,8,27,元大-東泰,2024-03-26,9817
2486,一詮,34,7,27,元大-東泰,2024-03-26,9817
6770,力積電,32,6,26,元大-東泰,2024-03-26,9817
1609,大亞,203,177,26,元大-東泰,2024-03-26,9817
2329,華泰,41,16,25,元大-東泰,2024-03-26,9817
00927,群益半導體收益,25,0,25,元大-東泰,2024-03-26,9817
9934,成霖,25,0,25,元大-東泰,2024-03-26,9817
2020,美亞,24,0,24,元大-東泰,2024-03-26,9817
2303,聯電,51,27,24,元大-東泰,2024-03-26,9817
2313,華通,25,2,23,元大-東泰,2024-03-26,9817
2353,宏��,36,14,22,元大-東泰,2024-03-26,9817
2417,圓剛,25,4,21,元大-東泰,2024-03-26,9817
2208,台船,32,12,20,元大-東泰,2024-03-26,9817
3062,建漢,30,10,20,元大-東泰,2024-03-26,9817
6208,日揚,20,0,20,元大-東泰,2024-03-26,9817
2022,聚亨,20,0,20,元大-東泰,2024-03-26,9817
2009,第一銅,22,3,19,元大-東泰,2024-03-26,9817
5515,建國,26,7,19,元大-東泰,2024-03-26,9817
00909,國泰數位支付服務,18,0,18,元大-東泰,2024-03-26,9817
00713,元大台灣高息低波,21,3,18,元大-東泰,2024-03-26,9817
5347,世界,26,9,17,元大-東泰,2024-03-26,9817
6274,台燿,68,52,16,元大-東泰,2024-03-26,9817
4979,華星光,20,4,16,元大-東泰,2024-03-26,9817
1616,億泰,22,6,16,元大-東泰,2024-03-26,9817
1304,台聚,17,1,16,元大-東泰,2024-03-26,9817
2442,新美齊,17,1,16,元大-東泰,2024-03-26,9817
2809,京城銀,16,0,16,元大-東泰,2024-03-26,9817
2515,中工,651,35,616,元大-東泰,2024-03-27,9817
00937B,群益ESG投等債20,221,8,213,元大-東泰,2024-03-27,9817
00919,群益台灣精選高息,223,24,199,元大-東泰,2024-03-27,9817
3708,上緯投控,103,0,103,元大-東泰,2024-03-27,9817
4938,和碩,56,2,54,元大-東泰,2024-03-27,9817
00715L,期街口布蘭特正2,52,0,52,元大-東泰,2024-03-27,9817
2371,大同,141,93,48,元大-東泰,2024-03-27,9817
1617,榮星,56,8,48,元大-東泰,2024-03-27,9817
3231,緯創,58,16,42,元大-東泰,2024-03-27,9817
00941,中信上游半導體,44,3,41,元大-東泰,2024-03-27,9817
1326,台化,37,0,37,元大-東泰,2024-03-27,9817
2409,友達,108,75,33,元大-東泰,2024-03-27,9817
00933B,國泰10Y+金融債,53,20,33,元大-東泰,2024-03-27,9817
6443,元晶,38,5,33,元大-東泰,2024-03-27,9817
2301,光寶科,48,15,33,元大-東泰,2024-03-27,9817
6278,台表科,30,0,30,元大-東泰,2024-03-27,9817
2408,南亞科,30,2,28,元大-東泰,2024-03-27,9817
6188,廣明,30,4,26,元大-東泰,2024-03-27,9817
00662,富邦NASDAQ,25,0,25,元大-東泰,2024-03-27,9817
2884,玉山金,24,0,24,元大-東泰,2024-03-27,9817
2882,國泰金,28,5,23,元大-東泰,2024-03-27,9817
1603,華電,58,36,22,元大-東泰,2024-03-27,9817
00720B,元大投資級公司債,21,0,21,元大-東泰,2024-03-27,9817
2537,聯上發,32,11,21,元大-東泰,2024-03-27,9817
00679B,元大美債20年,25,5,20,元大-東泰,2024-03-27,9817
00688L,國泰20年美債正2,20,0,20,元大-東泰,2024-03-27,9817
00857B,永豐20年美公債,19,0,19,元大-東泰,2024-03-27,9817
1304,台聚,19,0,19,元大-東泰,2024-03-27,9817
1909,榮成,19,0,19,元大-東泰,2024-03-27,9817
2547,日勝生,23,5,18,元大-東泰,2024-03-27,9817
2630,亞航,24,6,18,元大-東泰,2024-03-27,9817
2367,燿華,52,36,16,元大-東泰,2024-03-27,9817
1528,恩德,18,2,16,元大-東泰,2024-03-27,9817
2344,華邦電,35,19,16,元大-東泰,2024-03-27,9817
3711,日月光投控,16,1,15,元大-東泰,2024-03-27,9817
3013,晟銘電,21,7,14,元大-東泰,2024-03-27,9817
1101,台泥,19,6,13,元大-東泰,2024-03-27,9817
2609,陽明,17,4,13,元大-東泰,2024-03-27,9817
00687B,國泰20年美債,26,13,13,元大-東泰,2024-03-27,9817
3622,洋華,15,2,13,元大-東泰,2024-03-27,9817
00632R,元大台灣50反1,13,0,13,元大-東泰,2024-03-27,9817
2615,萬海,15,2,13,元大-東泰,2024-03-27,9817
1808,潤隆,24,11,13,元大-東泰,2024-03-27,9817
6770,力積電,21,9,12,元大-東泰,2024-03-27,9817
2002,中鋼,13,2,11,元大-東泰,2024-03-27,9817
5351,鈺創,11,0,11,元大-東泰,2024-03-27,9817
5009,榮剛,26,15,11,元大-東泰,2024-03-27,9817
5880,合庫金,11,0,11,元大-東泰,2024-03-27,9817
3548,兆利,14,3,11,元大-東泰,2024-03-27,9817
00757,統一FANG+,11,0,11,元大-東泰,2024-03-27,9817
5328,華容,226,3,223,元大-東泰,2024-03-28,9817
00937B,群益ESG投等債20,126,4,122,元大-東泰,2024-03-28,9817
00637L,元大滬深300正2,101,0,101,元大-東泰,2024-03-28,9817
5469,瀚宇博,113,14,99,元大-東泰,2024-03-28,9817
8096,擎亞,96,2,94,元大-東泰,2024-03-28,9817
2883,凱基金,204,112,92,元大-東泰,2024-03-28,9817
00939,統一台灣高息動能,78,24,54,元大-東泰,2024-03-28,9817
3706,神達,94,44,50,元大-東泰,2024-03-28,9817
00933B,國泰10Y+金融債,50,0,50,元大-東泰,2024-03-28,9817
6166,凌華,61,23,38,元大-東泰,2024-03-28,9817
4303,信立,45,7,38,元大-東泰,2024-03-28,9817
00941,中信上游半導體,43,7,36,元大-東泰,2024-03-28,9817
2354,鴻準,132,96,36,元大-東泰,2024-03-28,9817
1605,華新,35,7,28,元大-東泰,2024-03-28,9817
8085,福華,53,25,28,元大-東泰,2024-03-28,9817
3005,神基,40,12,28,元大-東泰,2024-03-28,9817
2406,國碩,28,1,27,元大-東泰,2024-03-28,9817
2888,新光金,27,2,25,元大-東泰,2024-03-28,9817
00882,中信中國高股息,28,3,25,元大-東泰,2024-03-28,9817
2634,漢翔,68,45,23,元大-東泰,2024-03-28,9817
1312,國喬,22,1,21,元大-東泰,2024-03-28,9817
6163,華電網,21,1,20,元大-東泰,2024-03-28,9817
1718,中纖,20,0,20,元大-東泰,2024-03-28,9817
3264,欣銓,23,4,19,元大-東泰,2024-03-28,9817
6505,台塑化,17,0,17,元大-東泰,2024-03-28,9817
1725,元禎,21,5,16,元大-東泰,2024-03-28,9817
6616,特昇-KY,15,0,15,元大-東泰,2024-03-28,9817
00633L,富邦上証正2,15,1,14,元大-東泰,2024-03-28,9817
8358,金居,16,2,14,元大-東泰,2024-03-28,9817
5515,建國,24,10,14,元大-東泰,2024-03-28,9817
2356,英業達,38,25,13,元大-東泰,2024-03-28,9817
2515,中工,42,29,13,元大-東泰,2024-03-28,9817
8086,宏捷科,12,0,12,元大-東泰,2024-03-28,9817
1301,台塑,12,0,12,元大-東泰,2024-03-28,9817
00935,野村臺灣新科技50,11,0,11,元大-東泰,2024-03-28,9817
2303,聯電,50,39,11,元大-東泰,2024-03-28,9817
6188,廣明,14,3,11,元大-東泰,2024-03-28,9817
2884,玉山金,16,6,10,元大-東泰,2024-03-28,9817
2489,瑞軒,10,0,10,元大-東泰,2024-03-28,9817
1713,國化,10,0,10,元大-東泰,2024-03-28,9817
3346,麗清,11,1,10,元大-東泰,2024-03-28,9817
3188,鑫龍騰,10,0,10,元大-東泰,2024-03-28,9817
2436,偉詮電,10,0,10,元大-東泰,2024-03-28,9817
2897,王道銀行,10,0,10,元大-東泰,2024-03-28,9817
5521,工信,18,8,10,元大-東泰,2024-03-28,9817
3512,皇龍,10,0,10,元大-東泰,2024-03-28,9817
5388,中磊,18,8,10,元大-東泰,2024-03-28,9817
2812,台中銀,11,1,10,元大-東泰,2024-03-28,9817
5483,中美晶,18,9,9,元大-東泰,2024-03-28,9817
00706L,期元大S＆P日圓正2,9,0,9,元大-東泰,2024-03-28,9817
00632R,元大台灣50反1,1000,12,988,元大-東泰,2024-03-29,9817
00937B,群益ESG投等債20,785,19,766,元大-東泰,2024-03-29,9817
2317,鴻海,166,59,107,元大-東泰,2024-03-29,9817
00637L,元大滬深300正2,100,0,100,元大-東泰,2024-03-29,9817
00939,統一台灣高息動能,100,16,84,元大-東泰,2024-03-29,9817
1440,南紡,69,0,69,元大-東泰,2024-03-29,9817
2382,廣達,159,100,59,元大-東泰,2024-03-29,9817
1609,大亞,96,38,58,元大-東泰,2024-03-29,9817
9105,泰金寶-DR,65,11,54,元大-東泰,2024-03-29,9817
00941,中信上游半導體,66,12,54,元大-東泰,2024-03-29,9817
5521,工信,36,0,36,元大-東泰,2024-03-29,9817
2324,仁寶,57,25,32,元大-東泰,2024-03-29,9817
2301,光寶科,46,17,29,元大-東泰,2024-03-29,9817
6245,立端,30,3,27,元大-東泰,2024-03-29,9817
00885,富邦越南,28,1,27,元大-東泰,2024-03-29,9817
4915,致伸,28,1,27,元大-東泰,2024-03-29,9817
2371,大同,53,30,23,元大-東泰,2024-03-29,9817
3005,神基,28,5,23,元大-東泰,2024-03-29,9817
1806,冠軍,22,0,22,元大-東泰,2024-03-29,9817
00929,復華台灣科技優息,61,39,22,元大-東泰,2024-03-29,9817
2369,菱生,23,2,21,元大-東泰,2024-03-29,9817
2867,三商壽,20,0,20,元大-東泰,2024-03-29,9817
1513,中興電,40,21,19,元大-東泰,2024-03-29,9817
8096,擎亞,42,24,18,元大-東泰,2024-03-29,9817
4919,新唐,21,3,18,元大-東泰,2024-03-29,9817
3481,群創,32,15,17,元大-東泰,2024-03-29,9817
00708L,期元大S＆P黃金正2,17,0,17,元大-東泰,2024-03-29,9817
6139,亞翔,37,20,17,元大-東泰,2024-03-29,9817
6116,彩晶,19,3,16,元大-東泰,2024-03-29,9817
00882,中信中國高股息,20,4,16,元大-東泰,2024-03-29,9817
6274,台燿,27,12,15,元大-東泰,2024-03-29,9817
2241,艾姆勒,20,5,15,元大-東泰,2024-03-29,9817
6015,宏遠證,15,0,15,元大-東泰,2024-03-29,9817
8085,福華,15,0,15,元大-東泰,2024-03-29,9817
4402,郡都開發,15,0,15,元大-東泰,2024-03-29,9817
3057,喬鼎,15,0,15,元大-東泰,2024-03-29,9817
2358,廷鑫,15,0,15,元大-東泰,2024-03-29,9817
2328,廣宇,37,22,15,元大-東泰,2024-03-29,9817
2419,仲琦,14,0,14,元大-東泰,2024-03-29,9817
00679B,元大美債20年,16,3,13,元大-東泰,2024-03-29,9817
5515,建國,18,5,13,元大-東泰,2024-03-29,9817
5469,瀚宇博,54,42,12,元大-東泰,2024-03-29,9817
9946,三發地產,12,0,12,元大-東泰,2024-03-29,9817
1314,中石化,15,3,12,元大-東泰,2024-03-29,9817
6168,宏齊,12,0,12,元大-東泰,2024-03-29,9817
5202,力新,12,0,12,元大-東泰,2024-03-29,9817
2882,國泰金,17,6,11,元大-東泰,2024-03-29,9817
1584,精剛,17,6,11,元大-東泰,2024-03-29,9817
4303,信立,24,13,11,元大-東泰,2024-03-29,9817
3013,晟銘電,53,43,10,元大-東泰,2024-03-29,9817
00940,元大台灣價值高息,2177,434,1743,元大-東泰,2024-04-01,9817
00632R,元大台灣50反1,402,0,402,元大-東泰,2024-04-01,9817
2887,台新金,115,1,114,元大-東泰,2024-04-01,9817
00634R,富邦上証反1,101,0,101,元大-東泰,2024-04-01,9817
1582,信錦,100,1,99,元大-東泰,2024-04-01,9817
2382,廣達,130,34,96,元大-東泰,2024-04-01,9817
00673R,期元大S＆P原油反1,70,0,70,元大-東泰,2024-04-01,9817
9105,泰金寶-DR,62,0,62,元大-東泰,2024-04-01,9817
2409,友達,72,10,62,元大-東泰,2024-04-01,9817
2009,第一銅,101,42,59,元大-東泰,2024-04-01,9817
1609,大亞,80,22,58,元大-東泰,2024-04-01,9817
5469,瀚宇博,54,0,54,元大-東泰,2024-04-01,9817
00939,統一台灣高息動能,76,22,54,元大-東泰,2024-04-01,9817
2891,中信金,58,5,53,元大-東泰,2024-04-01,9817
2834,臺企銀,48,2,46,元大-東泰,2024-04-01,9817
8085,福華,45,1,44,元大-東泰,2024-04-01,9817
3711,日月光投控,44,1,43,元大-東泰,2024-04-01,9817
2618,長榮航,77,36,41,元大-東泰,2024-04-01,9817
1504,東元,51,11,40,元大-東泰,2024-04-01,9817
2356,英業達,62,23,39,元大-東泰,2024-04-01,9817
2461,光群雷,39,0,39,元大-東泰,2024-04-01,9817
2303,聯電,60,22,38,元大-東泰,2024-04-01,9817
00941,中信上游半導體,45,8,37,元大-東泰,2024-04-01,9817
3231,緯創,81,44,37,元大-東泰,2024-04-01,9817
6443,元晶,37,2,35,元大-東泰,2024-04-01,9817
00933B,國泰10Y+金融債,62,32,30,元大-東泰,2024-04-01,9817
2371,大同,63,37,26,元大-東泰,2024-04-01,9817
00882,中信中國高股息,25,0,25,元大-東泰,2024-04-01,9817
2609,陽明,29,7,22,元大-東泰,2024-04-01,9817
2301,光寶科,26,5,21,元大-東泰,2024-04-01,9817
2603,長榮,28,7,21,元大-東泰,2024-04-01,9817
2022,聚亨,21,0,21,元大-東泰,2024-04-01,9817
3062,建漢,33,12,21,元大-東泰,2024-04-01,9817
2363,矽統,20,0,20,元大-東泰,2024-04-01,9817
5607,遠雄港,20,0,20,元大-東泰,2024-04-01,9817
00679B,元大美債20年,30,11,19,元大-東泰,2024-04-01,9817
2354,鴻準,52,34,18,元大-東泰,2024-04-01,9817
2440,太空梭,20,2,18,元大-東泰,2024-04-01,9817
5272,笙科,16,0,16,元大-東泰,2024-04-01,9817
1587,吉茂,20,4,16,元大-東泰,2024-04-01,9817
1312,國喬,14,0,14,元大-東泰,2024-04-01,9817
1785,光洋科,16,2,14,元大-東泰,2024-04-01,9817
3312,弘憶股,24,10,14,元大-東泰,2024-04-01,9817
2883,凱基金,22,8,14,元大-東泰,2024-04-01,9817
1796,金穎生技,17,4,13,元大-東泰,2024-04-01,9817
4938,和碩,12,0,12,元大-東泰,2024-04-01,9817
4906,正文,12,0,12,元大-東泰,2024-04-01,9817
1513,中興電,31,19,12,元大-東泰,2024-04-01,9817
3010,華立,16,5,11,元大-東泰,2024-04-01,9817
00927,群益半導體收益,12,1,11,元大-東泰,2024-04-01,9817
00632R,元大台灣50反1,2142,0,2142,元大-東泰,2024-04-02,9817
00940,元大台灣價值高息,857,215,642,元大-東泰,2024-04-02,9817
2897,王道銀行,172,20,152,元大-東泰,2024-04-02,9817
00680L,元大美債20正2,148,0,148,元大-東泰,2024-04-02,9817
2344,華邦電,150,23,127,元大-東泰,2024-04-02,9817
00937B,群益ESG投等債20,128,4,124,元大-東泰,2024-04-02,9817
911868,同方友友-DR,103,1,102,元大-東泰,2024-04-02,9817
00933B,國泰10Y+金融債,80,0,80,元大-東泰,2024-04-02,9817
00715L,期街口布蘭特正2,80,0,80,元大-東泰,2024-04-02,9817
1312,國喬,77,0,77,元大-東泰,2024-04-02,9817
3289,宜特,78,2,76,元大-東泰,2024-04-02,9817
00929,復華台灣科技優息,157,95,62,元大-東泰,2024-04-02,9817
2634,漢翔,65,15,50,元大-東泰,2024-04-02,9817
00720B,元大投資級公司債,47,0,47,元大-東泰,2024-04-02,9817
2492,華新科,46,1,45,元大-東泰,2024-04-02,9817
00679B,元大美債20年,45,1,44,元大-東泰,2024-04-02,9817
2618,長榮航,55,11,44,元大-東泰,2024-04-02,9817
00687B,國泰20年美債,49,8,41,元大-東泰,2024-04-02,9817
3706,神達,51,12,39,元大-東泰,2024-04-02,9817
6182,合晶,35,3,32,元大-東泰,2024-04-02,9817
00751B,元大AAA至A公司債,31,0,31,元大-東泰,2024-04-02,9817
3548,兆利,37,6,31,元大-東泰,2024-04-02,9817
5386,青雲,49,18,31,元大-東泰,2024-04-02,9817
2371,大同,54,23,31,元大-東泰,2024-04-02,9817
2867,三商壽,30,1,29,元大-東泰,2024-04-02,9817
1314,中石化,40,11,29,元大-東泰,2024-04-02,9817
2883,凱基金,28,0,28,元大-東泰,2024-04-02,9817
2356,英業達,57,31,26,元大-東泰,2024-04-02,9817
3058,立德,24,0,24,元大-東泰,2024-04-02,9817
2408,南亞科,29,8,21,元大-東泰,2024-04-02,9817
3188,鑫龍騰,21,0,21,元大-東泰,2024-04-02,9817
8085,福華,20,0,20,元大-東泰,2024-04-02,9817
3287,廣寰科,20,0,20,元大-東泰,2024-04-02,9817
6443,元晶,25,7,18,元大-東泰,2024-04-02,9817
6116,彩晶,18,0,18,元大-東泰,2024-04-02,9817
4906,正文,17,0,17,元大-東泰,2024-04-02,9817
6168,宏齊,17,0,17,元大-東泰,2024-04-02,9817
4960,誠美材,16,0,16,元大-東泰,2024-04-02,9817
6166,凌華,16,0,16,元大-東泰,2024-04-02,9817
1806,冠軍,20,4,16,元大-東泰,2024-04-02,9817
00786B,元大10年IG銀行債,15,0,15,元大-東泰,2024-04-02,9817
1528,恩德,15,0,15,元大-東泰,2024-04-02,9817
2913,農林,15,0,15,元大-東泰,2024-04-02,9817
2367,燿華,21,6,15,元大-東泰,2024-04-02,9817
00772B,中信高評級公司債,14,0,14,元大-東泰,2024-04-02,9817
5905,南仁湖,15,1,14,元大-東泰,2024-04-02,9817
1609,大亞,43,30,13,元大-東泰,2024-04-02,9817
3231,緯創,64,51,13,元大-東泰,2024-04-02,9817
2312,金寶,13,0,13,元大-東泰,2024-04-02,9817
3163,波若威,14,1,13,元大-東泰,2024-04-02,9817
00688L,國泰20年美債正2,464,0,464,元大-東泰,2024-04-03,9817
00940,元大台灣價值高息,492,217,275,元大-東泰,2024-04-03,9817
00937B,群益ESG投等債20,278,8,270,元大-東泰,2024-04-03,9817
2014,中鴻,229,19,210,元大-東泰,2024-04-03,9817
00929,復華台灣科技優息,125,14,111,元大-東泰,2024-04-03,9817
00679B,元大美債20年,103,7,96,元大-東泰,2024-04-03,9817
3481,群創,89,11,78,元大-東泰,2024-04-03,9817
8064,東捷,92,16,76,元大-東泰,2024-04-03,9817
911868,同方友友-DR,70,0,70,元大-東泰,2024-04-03,9817
00680L,元大美債20正2,69,0,69,元大-東泰,2024-04-03,9817
4961,天鈺,64,2,62,元大-東泰,2024-04-03,9817
2371,大同,64,4,60,元大-東泰,2024-04-03,9817
1609,大亞,85,29,56,元大-東泰,2024-04-03,9817
2885,元大金,62,6,56,元大-東泰,2024-04-03,9817
00933B,國泰10Y+金融債,52,0,52,元大-東泰,2024-04-03,9817
2010,春源,50,0,50,元大-東泰,2024-04-03,9817
00941,中信上游半導體,55,7,48,元大-東泰,2024-04-03,9817
6005,群益證,53,7,46,元大-東泰,2024-04-03,9817
2609,陽明,43,1,42,元大-東泰,2024-04-03,9817
00650L,復華香港正2,40,0,40,元大-東泰,2024-04-03,9817
00687B,國泰20年美債,39,0,39,元大-東泰,2024-04-03,9817
2515,中工,84,47,37,元大-東泰,2024-04-03,9817
2241,艾姆勒,44,8,36,元大-東泰,2024-04-03,9817
6143,振曜,35,0,35,元大-東泰,2024-04-03,9817
2013,中鋼構,39,5,34,元大-東泰,2024-04-03,9817
00927,群益半導體收益,35,1,34,元大-東泰,2024-04-03,9817
0056,元大高股息,42,11,31,元大-東泰,2024-04-03,9817
1312,國喬,31,0,31,元大-東泰,2024-04-03,9817
00665L,富邦�琤肭磪囓�2,30,0,30,元大-東泰,2024-04-03,9817
8085,福華,30,0,30,元大-東泰,2024-04-03,9817
2606,裕民,30,0,30,元大-東泰,2024-04-03,9817
00720B,元大投資級公司債,27,0,27,元大-東泰,2024-04-03,9817
6269,台郡,25,0,25,元大-東泰,2024-04-03,9817
2888,新光金,25,1,24,元大-東泰,2024-04-03,9817
2301,光寶科,34,10,24,元大-東泰,2024-04-03,9817
5371,中光電,27,4,23,元大-東泰,2024-04-03,9817
2317,鴻海,60,37,23,元大-東泰,2024-04-03,9817
2006,東和鋼鐵,26,4,22,元大-東泰,2024-04-03,9817
1440,南紡,21,0,21,元大-東泰,2024-04-03,9817
1713,國化,20,0,20,元大-東泰,2024-04-03,9817
3491,昇達科,20,0,20,元大-東泰,2024-04-03,9817
2382,廣達,32,12,20,元大-東泰,2024-04-03,9817
2352,佳世達,25,6,19,元大-東泰,2024-04-03,9817
3006,晶豪科,19,0,19,元大-東泰,2024-04-03,9817
3188,鑫龍騰,19,0,19,元大-東泰,2024-04-03,9817
1815,富喬,23,4,19,元大-東泰,2024-04-03,9817
2344,華邦電,98,80,18,元大-東泰,2024-04-03,9817
2303,聯電,39,23,16,元大-東泰,2024-04-03,9817
6139,亞翔,21,6,15,元大-東泰,2024-04-03,9817
1466,聚隆,15,0,15,元大-東泰,2024-04-03,9817
00940,元大台灣價值高息,655,279,376,元大-東泰,2024-04-08,9817
00929,復華台灣科技優息,245,3,242,元大-東泰,2024-04-08,9817
00665L,富邦�琤肭磪囓�2,200,0,200,元大-東泰,2024-04-08,9817
4967,十銓,211,13,198,元大-東泰,2024-04-08,9817
00673R,期元大S＆P原油反1,151,1,150,元大-東泰,2024-04-08,9817
00679B,元大美債20年,152,2,150,元大-東泰,2024-04-08,9817
00687B,國泰20年美債,117,11,106,元大-東泰,2024-04-08,9817
2801,彰銀,102,1,101,元大-東泰,2024-04-08,9817
1609,大亞,183,83,100,元大-東泰,2024-04-08,9817
2409,友達,87,14,73,元大-東泰,2024-04-08,9817
00919,群益台灣精選高息,74,7,67,元大-東泰,2024-04-08,9817
2344,華邦電,95,31,64,元大-東泰,2024-04-08,9817
00751B,元大AAA至A公司債,57,5,52,元大-東泰,2024-04-08,9817
00933B,國泰10Y+金融債,56,5,51,元大-東泰,2024-04-08,9817
6120,達運,109,72,37,元大-東泰,2024-04-08,9817
2601,益航,35,0,35,元大-東泰,2024-04-08,9817
2388,威盛,33,0,33,元大-東泰,2024-04-08,9817
2323,中環,33,1,32,元大-東泰,2024-04-08,9817
00632R,元大台灣50反1,31,1,30,元大-東泰,2024-04-08,9817
00795B,中信美國公債20年,35,6,29,元大-東泰,2024-04-08,9817
2618,長榮航,31,2,29,元大-東泰,2024-04-08,9817
00927,群益半導體收益,27,0,27,元大-東泰,2024-04-08,9817
6770,力積電,26,0,26,元大-東泰,2024-04-08,9817
1711,永光,25,0,25,元大-東泰,2024-04-08,9817
2374,佳能,104,80,24,元大-東泰,2024-04-08,9817
2303,聯電,46,22,24,元大-東泰,2024-04-08,9817
2888,新光金,27,4,23,元大-東泰,2024-04-08,9817
4714,永捷,31,9,22,元大-東泰,2024-04-08,9817
2534,宏盛,25,3,22,元大-東泰,2024-04-08,9817
2371,大同,46,24,22,元大-東泰,2024-04-08,9817
2356,英業達,38,18,20,元大-東泰,2024-04-08,9817
2515,中工,39,21,18,元大-東泰,2024-04-08,9817
2535,達欣工,18,0,18,元大-東泰,2024-04-08,9817
2317,鴻海,51,33,18,元大-東泰,2024-04-08,9817
2107,厚生,17,0,17,元大-東泰,2024-04-08,9817
2382,廣達,27,11,16,元大-東泰,2024-04-08,9817
2472,立隆電,16,0,16,元大-東泰,2024-04-08,9817
5443,均豪,20,4,16,元大-東泰,2024-04-08,9817
00885,富邦越南,15,0,15,元大-東泰,2024-04-08,9817
2912,統一超,15,0,15,元大-東泰,2024-04-08,9817
2201,裕隆,22,7,15,元大-東泰,2024-04-08,9817
2324,仁寶,20,6,14,元大-東泰,2024-04-08,9817
00720B,元大投資級公司債,14,0,14,元大-東泰,2024-04-08,9817
1603,華電,16,2,14,元大-東泰,2024-04-08,9817
6026,福邦證,14,0,14,元大-東泰,2024-04-08,9817
9105,泰金寶-DR,13,0,13,元大-東泰,2024-04-08,9817
1515,力山,13,0,13,元大-東泰,2024-04-08,9817
00915,凱基優選高股息30,13,0,13,元大-東泰,2024-04-08,9817
00941,中信上游半導體,27,15,12,元大-東泰,2024-04-08,9817
8930,青鋼,12,0,12,元大-東泰,2024-04-08,9817
00632R,元大台灣50反1,3565,15,3550,元大-東泰,2024-04-09,9817
3231,緯創,275,63,212,元大-東泰,2024-04-09,9817
00676R,富邦臺灣加權反1,191,0,191,元大-東泰,2024-04-09,9817
00929,復華台灣科技優息,219,52,167,元大-東泰,2024-04-09,9817
2014,中鴻,223,74,149,元大-東泰,2024-04-09,9817
2615,萬海,162,19,143,元大-東泰,2024-04-09,9817
00937B,群益ESG投等債20,147,13,134,元大-東泰,2024-04-09,9817
2461,光群雷,119,1,118,元大-東泰,2024-04-09,9817
00637L,元大滬深300正2,118,6,112,元大-東泰,2024-04-09,9817
2388,威盛,106,5,101,元大-東泰,2024-04-09,9817
1713,國化,80,0,80,元大-東泰,2024-04-09,9817
2834,臺企銀,76,0,76,元大-東泰,2024-04-09,9817
2812,台中銀,71,0,71,元大-東泰,2024-04-09,9817
1324,地球,68,3,65,元大-東泰,2024-04-09,9817
1514,亞力,91,26,65,元大-東泰,2024-04-09,9817
5521,工信,56,0,56,元大-東泰,2024-04-09,9817
5469,瀚宇博,53,1,52,元大-東泰,2024-04-09,9817
1815,富喬,53,7,46,元大-東泰,2024-04-09,9817
2344,華邦電,76,31,45,元大-東泰,2024-04-09,9817
2303,聯電,73,33,40,元大-東泰,2024-04-09,9817
00885,富邦越南,41,3,38,元大-東泰,2024-04-09,9817
2354,鴻準,50,14,36,元大-東泰,2024-04-09,9817
2201,裕隆,37,2,35,元大-東泰,2024-04-09,9817
6188,廣明,83,49,34,元大-東泰,2024-04-09,9817
00909,國泰數位支付服務,29,0,29,元大-東泰,2024-04-09,9817
3481,群創,66,37,29,元大-東泰,2024-04-09,9817
4806,桂田文創,25,0,25,元大-東泰,2024-04-09,9817
2367,燿華,35,11,24,元大-東泰,2024-04-09,9817
6207,雷科,38,15,23,元大-東泰,2024-04-09,9817
2537,聯上發,37,14,23,元大-東泰,2024-04-09,9817
00680L,元大美債20正2,23,0,23,元大-東泰,2024-04-09,9817
3491,昇達科,22,0,22,元大-東泰,2024-04-09,9817
5388,中磊,22,1,21,元大-東泰,2024-04-09,9817
9938,百和,21,0,21,元大-東泰,2024-04-09,9817
00687B,國泰20年美債,23,3,20,元大-東泰,2024-04-09,9817
1710,東聯,20,0,20,元大-東泰,2024-04-09,9817
2867,三商壽,20,0,20,元大-東泰,2024-04-09,9817
00919,群益台灣精選高息,50,30,20,元大-東泰,2024-04-09,9817
3188,鑫龍騰,19,0,19,元大-東泰,2024-04-09,9817
2352,佳世達,33,15,18,元大-東泰,2024-04-09,9817
4961,天鈺,22,4,18,元大-東泰,2024-04-09,9817
6117,迎廣,32,14,18,元大-東泰,2024-04-09,9817
00931B,統一美債20年,17,0,17,元大-東泰,2024-04-09,9817
3059,華晶科,21,4,17,元大-東泰,2024-04-09,9817
2845,遠東銀,17,0,17,元大-東泰,2024-04-09,9817
2313,華通,18,2,16,元大-東泰,2024-04-09,9817
00679B,元大美債20年,16,0,16,元大-東泰,2024-04-09,9817
4526,東台,17,1,16,元大-東泰,2024-04-09,9817
00753L,中信中國50正2,26,10,16,元大-東泰,2024-04-09,9817
3532,台勝科,16,0,16,元大-東泰,2024-04-09,9817
5521,工信,366,20,346,元大-東泰,2024-04-10,9817
6026,福邦證,220,2,218,元大-東泰,2024-04-10,9817
00940,元大台灣價值高息,246,123,123,元大-東泰,2024-04-10,9817
2888,新光金,160,52,108,元大-東泰,2024-04-10,9817
00637L,元大滬深300正2,111,10,101,元大-東泰,2024-04-10,9817
00671R,富邦NASDAQ反1,100,0,100,元大-東泰,2024-04-10,9817
2409,友達,136,51,85,元大-東泰,2024-04-10,9817
8358,金居,72,0,72,元大-東泰,2024-04-10,9817
6116,彩晶,60,0,60,元大-東泰,2024-04-10,9817
2323,中環,63,3,60,元大-東泰,2024-04-10,9817
2634,漢翔,127,67,60,元大-東泰,2024-04-10,9817
2486,一詮,72,21,51,元大-東泰,2024-04-10,9817
2883,凱基金,61,10,51,元大-東泰,2024-04-10,9817
2882,國泰金,51,11,40,元大-東泰,2024-04-10,9817
6016,康和證,42,3,39,元大-東泰,2024-04-10,9817
2388,威盛,41,2,39,元大-東泰,2024-04-10,9817
00919,群益台灣精選高息,53,19,34,元大-東泰,2024-04-10,9817
2867,三商壽,50,20,30,元大-東泰,2024-04-10,9817
00937B,群益ESG投等債20,55,27,28,元大-東泰,2024-04-10,9817
2382,廣達,33,8,25,元大-東泰,2024-04-10,9817
1514,亞力,110,85,25,元大-東泰,2024-04-10,9817
6616,特昇-KY,30,5,25,元大-東泰,2024-04-10,9817
2356,英業達,33,9,24,元大-東泰,2024-04-10,9817
2376,技嘉,34,10,24,元大-東泰,2024-04-10,9817
4157,太景*-KY,21,0,21,元大-東泰,2024-04-10,9817
1612,宏泰,22,1,21,元大-東泰,2024-04-10,9817
1513,中興電,36,15,21,元大-東泰,2024-04-10,9817
3714,富采,20,0,20,元大-東泰,2024-04-10,9817
1304,台聚,20,0,20,元大-東泰,2024-04-10,9817
2360,致茂,22,2,20,元大-東泰,2024-04-10,9817
2884,玉山金,21,1,20,元大-東泰,2024-04-10,9817
6127,九豪,21,1,20,元大-東泰,2024-04-10,9817
8111,立��,23,3,20,元大-東泰,2024-04-10,9817
2885,元大金,19,0,19,元大-東泰,2024-04-10,9817
3481,群創,44,25,19,元大-東泰,2024-04-10,9817
6215,和椿,22,4,18,元大-東泰,2024-04-10,9817
6188,廣明,22,4,18,元大-東泰,2024-04-10,9817
00941,中信上游半導體,28,11,17,元大-東泰,2024-04-10,9817
3715,定穎投控,19,2,17,元大-東泰,2024-04-10,9817
4942,嘉彰,17,0,17,元大-東泰,2024-04-10,9817
2368,金像電,20,3,17,元大-東泰,2024-04-10,9817
2374,佳能,24,8,16,元大-東泰,2024-04-10,9817
4919,新唐,30,14,16,元大-東泰,2024-04-10,9817
4533,協易機,30,15,15,元大-東泰,2024-04-10,9817
2316,楠梓電,14,0,14,元大-東泰,2024-04-10,9817
3588,通嘉,14,0,14,元大-東泰,2024-04-10,9817
2007,燁興,16,2,14,元大-東泰,2024-04-10,9817
2352,佳世達,14,0,14,元大-東泰,2024-04-10,9817
00939,統一台灣高息動能,18,5,13,元大-東泰,2024-04-10,9817
2371,大同,31,18,13,元大-東泰,2024-04-10,9817
3481,群創,504,21,483,元大-東泰,2024-04-11,9817
00632R,元大台灣50反1,216,1,215,元大-東泰,2024-04-11,9817
2409,友達,214,0,214,元大-東泰,2024-04-11,9817
00929,復華台灣科技優息,199,5,194,元大-東泰,2024-04-11,9817
00937B,群益ESG投等債20,240,47,193,元大-東泰,2024-04-11,9817
00680L,元大美債20正2,158,3,155,元大-東泰,2024-04-11,9817
00637L,元大滬深300正2,128,10,118,元大-東泰,2024-04-11,9817
00679B,元大美債20年,117,0,117,元大-東泰,2024-04-11,9817
00712,復華富時不動產,121,5,116,元大-東泰,2024-04-11,9817
00687B,國泰20年美債,126,11,115,元大-東泰,2024-04-11,9817
00751B,元大AAA至A公司債,107,0,107,元大-東泰,2024-04-11,9817
00720B,元大投資級公司債,69,0,69,元大-東泰,2024-04-11,9817
6443,元晶,63,0,63,元大-東泰,2024-04-11,9817
8096,擎亞,69,8,61,元大-東泰,2024-04-11,9817
2002,中鋼,74,14,60,元大-東泰,2024-04-11,9817
2354,鴻準,89,44,45,元大-東泰,2024-04-11,9817
2388,威盛,42,1,41,元大-東泰,2024-04-11,9817
00931B,統一美債20年,37,0,37,元大-東泰,2024-04-11,9817
6116,彩晶,33,0,33,元大-東泰,2024-04-11,9817
8112,至上,53,21,32,元大-東泰,2024-04-11,9817
2316,楠梓電,31,0,31,元大-東泰,2024-04-11,9817
5521,工信,30,0,30,元大-東泰,2024-04-11,9817
00941,中信上游半導體,35,6,29,元大-東泰,2024-04-11,9817
00688L,國泰20年美債正2,30,2,28,元大-東泰,2024-04-11,9817
00786B,元大10年IG銀行債,28,0,28,元大-東泰,2024-04-11,9817
3231,緯創,57,30,27,元大-東泰,2024-04-11,9817
0056,元大高股息,31,5,26,元大-東泰,2024-04-11,9817
5512,力麒,27,1,26,元大-東泰,2024-04-11,9817
1605,華新,43,18,25,元大-東泰,2024-04-11,9817
3615,安可,32,7,25,元大-東泰,2024-04-11,9817
1522,堤維西,30,6,24,元大-東泰,2024-04-11,9817
2014,中鴻,24,0,24,元大-東泰,2024-04-11,9817
3686,達能,24,0,24,元大-東泰,2024-04-11,9817
2382,廣達,32,10,22,元大-東泰,2024-04-11,9817
1314,中石化,29,7,22,元大-東泰,2024-04-11,9817
2630,亞航,51,29,22,元大-東泰,2024-04-11,9817
00713,元大台灣高息低波,22,0,22,元大-東泰,2024-04-11,9817
2241,艾姆勒,24,2,22,元大-東泰,2024-04-11,9817
00772B,中信高評級公司債,21,0,21,元大-東泰,2024-04-11,9817
6026,福邦證,21,0,21,元大-東泰,2024-04-11,9817
4157,太景*-KY,20,0,20,元大-東泰,2024-04-11,9817
9934,成霖,20,0,20,元大-東泰,2024-04-11,9817
2881,富邦金,20,0,20,元大-東泰,2024-04-11,9817
00795B,中信美國公債20年,28,10,18,元大-東泰,2024-04-11,9817
3013,晟銘電,45,29,16,元大-東泰,2024-04-11,9817
6179,亞通,18,2,16,元大-東泰,2024-04-11,9817
3312,弘憶股,30,14,16,元大-東泰,2024-04-11,9817
6207,雷科,18,2,16,元大-東泰,2024-04-11,9817
5285,界霖,15,0,15,元大-東泰,2024-04-11,9817
00633L,富邦上証正2,15,0,15,元大-東泰,2024-04-11,9817
2897,王道銀行,1098,0,1098,元大-東泰,2024-04-12,9817
00937B,群益ESG投等債20,374,0,374,元大-東泰,2024-04-12,9817
3481,群創,307,11,296,元大-東泰,2024-04-12,9817
2103,台橡,287,1,286,元大-東泰,2024-04-12,9817
8112,至上,293,84,209,元大-東泰,2024-04-12,9817
2891,中信金,204,4,200,元大-東泰,2024-04-12,9817
00680L,元大美債20正2,168,8,160,元大-東泰,2024-04-12,9817
00687B,國泰20年美債,191,40,151,元大-東泰,2024-04-12,9817
2885,元大金,117,6,111,元大-東泰,2024-04-12,9817
00637L,元大滬深300正2,103,0,103,元大-東泰,2024-04-12,9817
00679B,元大美債20年,100,10,90,元大-東泰,2024-04-12,9817
2344,華邦電,238,162,76,元大-東泰,2024-04-12,9817
2883,凱基金,79,4,75,元大-東泰,2024-04-12,9817
00940,元大台灣價值高息,273,205,68,元大-東泰,2024-04-12,9817
2353,宏��,176,112,64,元大-東泰,2024-04-12,9817
2409,友達,60,0,60,元大-東泰,2024-04-12,9817
00751B,元大AAA至A公司債,63,5,58,元大-東泰,2024-04-12,9817
00929,復華台灣科技優息,58,3,55,元大-東泰,2024-04-12,9817
00933B,國泰10Y+金融債,58,3,55,元大-東泰,2024-04-12,9817
2317,鴻海,97,46,51,元大-東泰,2024-04-12,9817
2611,志信,51,1,50,元大-東泰,2024-04-12,9817
2382,廣達,56,11,45,元大-東泰,2024-04-12,9817
2352,佳世達,46,5,41,元大-東泰,2024-04-12,9817
00878,國泰永續高股息,40,2,38,元大-東泰,2024-04-12,9817
6188,廣明,35,1,34,元大-東泰,2024-04-12,9817
2323,中環,31,0,31,元大-東泰,2024-04-12,9817
6026,福邦證,30,0,30,元大-東泰,2024-04-12,9817
2881,富邦金,27,0,27,元大-東泰,2024-04-12,9817
8096,擎亞,69,42,27,元大-東泰,2024-04-12,9817
1605,華新,64,39,25,元大-東泰,2024-04-12,9817
00634R,富邦上証反1,25,0,25,元大-東泰,2024-04-12,9817
2537,聯上發,45,21,24,元大-東泰,2024-04-12,9817
2440,太空梭,25,4,21,元大-東泰,2024-04-12,9817
00927,群益半導體收益,22,1,21,元大-東泰,2024-04-12,9817
2301,光寶科,26,5,21,元大-東泰,2024-04-12,9817
2023,燁輝,20,0,20,元大-東泰,2024-04-12,9817
2618,長榮航,33,14,19,元大-東泰,2024-04-12,9817
2312,金寶,19,0,19,元大-東泰,2024-04-12,9817
8011,台通,24,5,19,元大-東泰,2024-04-12,9817
2208,台船,18,0,18,元大-東泰,2024-04-12,9817
3615,安可,23,5,18,元大-東泰,2024-04-12,9817
3062,建漢,18,1,17,元大-東泰,2024-04-12,9817
2363,矽統,330,314,16,元大-東泰,2024-04-12,9817
2834,臺企銀,18,2,16,元大-東泰,2024-04-12,9817
00753L,中信中國50正2,18,2,16,元大-東泰,2024-04-12,9817
2867,三商壽,60,44,16,元大-東泰,2024-04-12,9817
00795B,中信美國公債20年,15,0,15,元大-東泰,2024-04-12,9817
1440,南紡,15,0,15,元大-東泰,2024-04-12,9817
2884,玉山金,15,0,15,元大-東泰,2024-04-12,9817
2832,台產,15,1,14,元大-東泰,2024-04-12,9817
00648R,元大S＆P500反1,273,0,273,元大-東泰,2024-04-15,9817
00929,復華台灣科技優息,262,12,250,元大-東泰,2024-04-15,9817
00665L,富邦�琤肭磪囓�2,200,0,200,元大-東泰,2024-04-15,9817
0056,元大高股息,135,4,131,元大-東泰,2024-04-15,9817
1504,東元,185,56,129,元大-東泰,2024-04-15,9817
2371,大同,286,176,110,元大-東泰,2024-04-15,9817
8358,金居,78,2,76,元大-東泰,2024-04-15,9817
2409,友達,85,13,72,元大-東泰,2024-04-15,9817
4533,協易機,110,43,67,元大-東泰,2024-04-15,9817
2388,威盛,88,23,65,元大-東泰,2024-04-15,9817
00941,中信上游半導體,65,1,64,元大-東泰,2024-04-15,9817
00878,國泰永續高股息,58,5,53,元大-東泰,2024-04-15,9817
2303,聯電,55,10,45,元大-東泰,2024-04-15,9817
00940,元大台灣價值高息,202,157,45,元大-東泰,2024-04-15,9817
2883,凱基金,49,9,40,元大-東泰,2024-04-15,9817
3311,閎暉,40,0,40,元大-東泰,2024-04-15,9817
00720B,元大投資級公司債,38,1,37,元大-東泰,2024-04-15,9817
00927,群益半導體收益,36,0,36,元大-東泰,2024-04-15,9817
2618,長榮航,59,25,34,元大-東泰,2024-04-15,9817
2344,華邦電,129,95,34,元大-東泰,2024-04-15,9817
00751B,元大AAA至A公司債,33,0,33,元大-東泰,2024-04-15,9817
3006,晶豪科,31,0,31,元大-東泰,2024-04-15,9817
6116,彩晶,43,13,30,元大-東泰,2024-04-15,9817
2515,中工,27,0,27,元大-東泰,2024-04-15,9817
2851,中再保,21,0,21,元大-東泰,2024-04-15,9817
2547,日勝生,40,20,20,元大-東泰,2024-04-15,9817
1582,信錦,20,0,20,元大-東泰,2024-04-15,9817
3481,群創,31,11,20,元大-東泰,2024-04-15,9817
5009,榮剛,25,6,19,元大-東泰,2024-04-15,9817
2316,楠梓電,20,1,19,元大-東泰,2024-04-15,9817
2486,一詮,36,17,19,元大-東泰,2024-04-15,9817
3622,洋華,31,12,19,元大-東泰,2024-04-15,9817
00830,國泰費城半導體,18,0,18,元大-東泰,2024-04-15,9817
3260,威剛,20,4,16,元大-東泰,2024-04-15,9817
00937B,群益ESG投等債20,17,2,15,元大-東泰,2024-04-15,9817
2313,華通,19,4,15,元大-東泰,2024-04-15,9817
2382,廣達,33,18,15,元大-東泰,2024-04-15,9817
3037,欣興,23,8,15,元大-東泰,2024-04-15,9817
00642U,期元大S＆P石油,14,0,14,元大-東泰,2024-04-15,9817
00887,永豐中國科技50大,16,2,14,元大-東泰,2024-04-15,9817
4960,誠美材,24,10,14,元大-東泰,2024-04-15,9817
00933B,國泰10Y+金融債,14,1,13,元大-東泰,2024-04-15,9817
00772B,中信高評級公司債,14,1,13,元大-東泰,2024-04-15,9817
3706,神達,18,5,13,元大-東泰,2024-04-15,9817
1524,耿鼎,16,3,13,元大-東泰,2024-04-15,9817
3013,晟銘電,14,1,13,元大-東泰,2024-04-15,9817
5392,能率,13,0,13,元大-東泰,2024-04-15,9817
3712,永崴投控,25,13,12,元大-東泰,2024-04-15,9817
2002,中鋼,23,11,12,元大-東泰,2024-04-15,9817
2356,英業達,35,23,12,元大-東泰,2024-04-15,9817
00940,元大台灣價值高息,1412,416,996,元大-東泰,2024-04-16,9817
00937B,群益ESG投等債20,339,44,295,元大-東泰,2024-04-16,9817
00919,群益台灣精選高息,296,40,256,元大-東泰,2024-04-16,9817
2409,友達,222,17,205,元大-東泰,2024-04-16,9817
00939,統一台灣高息動能,191,4,187,元大-東泰,2024-04-16,9817
00878,國泰永續高股息,211,33,178,元大-東泰,2024-04-16,9817
2344,華邦電,172,23,149,元大-東泰,2024-04-16,9817
00929,復華台灣科技優息,321,184,137,元大-東泰,2024-04-16,9817
2888,新光金,111,4,107,元大-東泰,2024-04-16,9817
2401,凌陽,112,11,101,元大-東泰,2024-04-16,9817
2834,臺企銀,109,18,91,元大-東泰,2024-04-16,9817
2303,聯電,104,17,87,元大-東泰,2024-04-16,9817
8440,綠電,87,0,87,元大-東泰,2024-04-16,9817
2884,玉山金,88,6,82,元大-東泰,2024-04-16,9817
00885,富邦越南,93,12,81,元大-東泰,2024-04-16,9817
2371,大同,172,92,80,元大-東泰,2024-04-16,9817
3311,閎暉,82,7,75,元大-東泰,2024-04-16,9817
2323,中環,75,2,73,元大-東泰,2024-04-16,9817
2892,第一金,75,5,70,元大-東泰,2024-04-16,9817
00933B,國泰10Y+金融債,87,20,67,元大-東泰,2024-04-16,9817
00712,復華富時不動產,67,5,62,元大-東泰,2024-04-16,9817
2408,南亞科,65,4,61,元大-東泰,2024-04-16,9817
3481,群創,97,37,60,元大-東泰,2024-04-16,9817
00687B,國泰20年美債,60,3,57,元大-東泰,2024-04-16,9817
00941,中信上游半導體,84,27,57,元大-東泰,2024-04-16,9817
2515,中工,67,11,56,元大-東泰,2024-04-16,9817
00635U,期元大S＆P黃金,54,0,54,元大-東泰,2024-04-16,9817
2887,台新金,56,5,51,元大-東泰,2024-04-16,9817
1609,大亞,353,304,49,元大-東泰,2024-04-16,9817
2618,長榮航,75,26,49,元大-東泰,2024-04-16,9817
1608,華榮,82,34,48,元大-東泰,2024-04-16,9817
00662,富邦NASDAQ,48,1,47,元大-東泰,2024-04-16,9817
00720B,元大投資級公司債,44,0,44,元大-東泰,2024-04-16,9817
2882,國泰金,50,8,42,元大-東泰,2024-04-16,9817
2353,宏��,47,6,41,元大-東泰,2024-04-16,9817
2634,漢翔,135,95,40,元大-東泰,2024-04-16,9817
00918,大華優利高填息30,40,2,38,元大-東泰,2024-04-16,9817
1101,台泥,92,55,37,元大-東泰,2024-04-16,9817
1616,億泰,36,0,36,元大-東泰,2024-04-16,9817
2897,王道銀行,35,1,34,元大-東泰,2024-04-16,9817
00830,國泰費城半導體,33,0,33,元大-東泰,2024-04-16,9817
00927,群益半導體收益,33,0,33,元大-東泰,2024-04-16,9817
1513,中興電,76,44,32,元大-東泰,2024-04-16,9817
3006,晶豪科,33,1,32,元大-東泰,2024-04-16,9817
2329,華泰,46,15,31,元大-東泰,2024-04-16,9817
2881,富邦金,30,0,30,元大-東泰,2024-04-16,9817
5009,榮剛,45,15,30,元大-東泰,2024-04-16,9817
00665L,富邦�琤肭磪囓�2,30,0,30,元大-東泰,2024-04-16,9817
4714,永捷,31,1,30,元大-東泰,2024-04-16,9817
1440,南紡,30,0,30,元大-東泰,2024-04-16,9817
00632R,元大台灣50反1,3532,5,3527,元大-東泰,2024-04-17,9817
2511,太子,569,11,558,元大-東泰,2024-04-17,9817
2014,中鴻,321,6,315,元大-東泰,2024-04-17,9817
00637L,元大滬深300正2,200,0,200,元大-東泰,2024-04-17,9817
00940,元大台灣價值高息,208,67,141,元大-東泰,2024-04-17,9817
00937B,群益ESG投等債20,132,10,122,元大-東泰,2024-04-17,9817
0056,元大高股息,125,4,121,元大-東泰,2024-04-17,9817
2353,宏��,105,19,86,元大-東泰,2024-04-17,9817
2884,玉山金,85,0,85,元大-東泰,2024-04-17,9817
00720B,元大投資級公司債,82,5,77,元大-東泰,2024-04-17,9817
3005,神基,79,3,76,元大-東泰,2024-04-17,9817
00665L,富邦�琤肭磪囓�2,70,0,70,元大-東泰,2024-04-17,9817
2303,聯電,70,9,61,元大-東泰,2024-04-17,9817
3231,緯創,99,44,55,元大-東泰,2024-04-17,9817
2897,王道銀行,52,0,52,元大-東泰,2024-04-17,9817
00751B,元大AAA至A公司債,53,3,50,元大-東泰,2024-04-17,9817
8085,福華,50,1,49,元大-東泰,2024-04-17,9817
6026,福邦證,46,0,46,元大-東泰,2024-04-17,9817
2408,南亞科,45,0,45,元大-東泰,2024-04-17,9817
00687B,國泰20年美債,45,2,43,元大-東泰,2024-04-17,9817
2344,華邦電,176,133,43,元大-東泰,2024-04-17,9817
2892,第一金,42,0,42,元大-東泰,2024-04-17,9817
00712,復華富時不動產,41,1,40,元大-東泰,2024-04-17,9817
00899,FT潔淨能源,36,0,36,元大-東泰,2024-04-17,9817
00941,中信上游半導體,47,12,35,元大-東泰,2024-04-17,9817
00661,元大日經225,35,0,35,元大-東泰,2024-04-17,9817
00919,群益台灣精選高息,35,0,35,元大-東泰,2024-04-17,9817
1305,華夏,31,0,31,元大-東泰,2024-04-17,9817
8110,華東,30,0,30,元大-東泰,2024-04-17,9817
2618,長榮航,33,5,28,元大-東泰,2024-04-17,9817
6274,台燿,28,2,26,元大-東泰,2024-04-17,9817
00857B,永豐20年美公債,25,0,25,元大-東泰,2024-04-17,9817
6770,力積電,28,4,24,元大-東泰,2024-04-17,9817
00927,群益半導體收益,25,1,24,元大-東泰,2024-04-17,9817
5521,工信,40,16,24,元大-東泰,2024-04-17,9817
5328,華容,23,0,23,元大-東泰,2024-04-17,9817
8096,擎亞,33,11,22,元大-東泰,2024-04-17,9817
2027,大成鋼,23,1,22,元大-東泰,2024-04-17,9817
2855,統一證,21,0,21,元大-東泰,2024-04-17,9817
9105,泰金寶-DR,28,8,20,元大-東泰,2024-04-17,9817
00642U,期元大S＆P石油,20,0,20,元大-東泰,2024-04-17,9817
1504,東元,69,49,20,元大-東泰,2024-04-17,9817
00680L,元大美債20正2,22,2,20,元大-東泰,2024-04-17,9817
2881,富邦金,19,1,18,元大-東泰,2024-04-17,9817
00847B,中信美國市政債,17,0,17,元大-東泰,2024-04-17,9817
6279,胡連,17,0,17,元大-東泰,2024-04-17,9817
00933B,國泰10Y+金融債,32,15,17,元大-東泰,2024-04-17,9817
2421,建準,15,0,15,元大-東泰,2024-04-17,9817
2886,兆豐金,15,0,15,元大-東泰,2024-04-17,9817
2002,中鋼,17,3,14,元大-東泰,2024-04-17,9817
00632R,元大台灣50反1,1585,4,1581,元大-東泰,2024-04-18,9817
00885,富邦越南,191,0,191,元大-東泰,2024-04-18,9817
00830,國泰費城半導體,156,0,156,元大-東泰,2024-04-18,9817
006207,復華滬深,139,0,139,元大-東泰,2024-04-18,9817
2371,大同,410,282,128,元大-東泰,2024-04-18,9817
3481,群創,135,13,122,元大-東泰,2024-04-18,9817
2889,國票金,111,0,111,元大-東泰,2024-04-18,9817
00634R,富邦上証反1,103,0,103,元大-東泰,2024-04-18,9817
1605,華新,174,73,101,元大-東泰,2024-04-18,9817
2882,國泰金,102,2,100,元大-東泰,2024-04-18,9817
912000,晨訊科-DR,73,0,73,元大-東泰,2024-04-18,9817
00929,復華台灣科技優息,82,12,70,元大-東泰,2024-04-18,9817
2303,聯電,74,4,70,元大-東泰,2024-04-18,9817
8085,福華,68,0,68,元大-東泰,2024-04-18,9817
00941,中信上游半導體,60,4,56,元大-東泰,2024-04-18,9817
00662,富邦NASDAQ,56,0,56,元大-東泰,2024-04-18,9817
6116,彩晶,55,0,55,元大-東泰,2024-04-18,9817
00715L,期街口布蘭特正2,51,0,51,元大-東泰,2024-04-18,9817
0056,元大高股息,51,0,51,元大-東泰,2024-04-18,9817
6026,福邦證,50,0,50,元大-東泰,2024-04-18,9817
00661,元大日經225,39,0,39,元大-東泰,2024-04-18,9817
2301,光寶科,84,45,39,元大-東泰,2024-04-18,9817
2897,王道銀行,38,0,38,元大-東泰,2024-04-18,9817
2867,三商壽,129,92,37,元大-東泰,2024-04-18,9817
1615,大山,40,5,35,元大-東泰,2024-04-18,9817
00942B,台新美A公司債20+,35,0,35,元大-東泰,2024-04-18,9817
6438,迅得,35,1,34,元大-東泰,2024-04-18,9817
1529,樂事綠能,37,5,32,元大-東泰,2024-04-18,9817
1504,東元,71,39,32,元大-東泰,2024-04-18,9817
00937B,群益ESG投等債20,46,20,26,元大-東泰,2024-04-18,9817
4533,協易機,31,8,23,元大-東泰,2024-04-18,9817
6770,力積電,36,14,22,元大-東泰,2024-04-18,9817
2890,永豐金,20,0,20,元大-東泰,2024-04-18,9817
1785,光洋科,19,0,19,元大-東泰,2024-04-18,9817
2329,華泰,41,23,18,元大-東泰,2024-04-18,9817
3707,漢磊,34,16,18,元大-東泰,2024-04-18,9817
2317,鴻海,47,30,17,元大-東泰,2024-04-18,9817
2374,佳能,32,16,16,元大-東泰,2024-04-18,9817
2534,宏盛,15,0,15,元大-東泰,2024-04-18,9817
3052,夆典,15,0,15,元大-東泰,2024-04-18,9817
6120,達運,15,0,15,元大-東泰,2024-04-18,9817
00712,復華富時不動產,18,3,15,元大-東泰,2024-04-18,9817
4906,正文,14,0,14,元大-東泰,2024-04-18,9817
5328,華容,14,0,14,元大-東泰,2024-04-18,9817
2845,遠東銀,14,0,14,元大-東泰,2024-04-18,9817
3059,華晶科,13,0,13,元大-東泰,2024-04-18,9817
00905,FT臺灣Smart,12,0,12,元大-東泰,2024-04-18,9817
00720B,元大投資級公司債,14,2,12,元大-東泰,2024-04-18,9817
2891,中信金,18,6,12,元大-東泰,2024-04-18,9817
5392,能率,12,0,12,元大-東泰,2024-04-18,9817
00940,元大台灣價值高息,1246,242,1004,元大-東泰,2024-04-19,9817
00929,復華台灣科技優息,485,42,443,元大-東泰,2024-04-19,9817
2547,日勝生,315,14,301,元大-東泰,2024-04-19,9817
00939,統一台灣高息動能,240,10,230,元大-東泰,2024-04-19,9817
2371,大同,654,437,217,元大-東泰,2024-04-19,9817
00688L,國泰20年美債正2,206,6,200,元大-東泰,2024-04-19,9817
0056,元大高股息,210,31,179,元大-東泰,2024-04-19,9817
1609,大亞,537,360,177,元大-東泰,2024-04-19,9817
00830,國泰費城半導體,160,0,160,元大-東泰,2024-04-19,9817
2409,友達,147,8,139,元大-東泰,2024-04-19,9817
00919,群益台灣精選高息,171,41,130,元大-東泰,2024-04-19,9817
1605,華新,136,24,112,元大-東泰,2024-04-19,9817
2303,聯電,162,57,105,元大-東泰,2024-04-19,9817
00706L,期元大S＆P日圓正2,100,0,100,元大-東泰,2024-04-19,9817
00885,富邦越南,97,5,92,元大-東泰,2024-04-19,9817
2330,台積電,140,48,92,元大-東泰,2024-04-19,9817
5512,力麒,210,123,87,元大-東泰,2024-04-19,9817
00637L,元大滬深300正2,100,20,80,元大-東泰,2024-04-19,9817
00878,國泰永續高股息,112,34,78,元大-東泰,2024-04-19,9817
1608,華榮,182,105,77,元大-東泰,2024-04-19,9817
00661,元大日經225,74,1,73,元大-東泰,2024-04-19,9817
00662,富邦NASDAQ,67,0,67,元大-東泰,2024-04-19,9817
2356,英業達,92,28,64,元大-東泰,2024-04-19,9817
8942,森鉅,62,0,62,元大-東泰,2024-04-19,9817
00652,富邦印度,59,0,59,元大-東泰,2024-04-19,9817
00941,中信上游半導體,68,12,56,元大-東泰,2024-04-19,9817
3481,群創,111,55,56,元大-東泰,2024-04-19,9817
8936,國統,85,31,54,元大-東泰,2024-04-19,9817
2885,元大金,75,23,52,元大-東泰,2024-04-19,9817
2884,玉山金,60,13,47,元大-東泰,2024-04-19,9817
2855,統一證,64,24,40,元大-東泰,2024-04-19,9817
2887,台新金,39,1,38,元大-東泰,2024-04-19,9817
2317,鴻海,82,46,36,元大-東泰,2024-04-19,9817
2408,南亞科,37,2,35,元大-東泰,2024-04-19,9817
3311,閎暉,35,0,35,元大-東泰,2024-04-19,9817
2610,華航,54,19,35,元大-東泰,2024-04-19,9817
5531,鄉林,61,28,33,元大-東泰,2024-04-19,9817
2329,華泰,55,23,32,元大-東泰,2024-04-19,9817
006208,富邦台50,32,1,31,元大-東泰,2024-04-19,9817
3231,緯創,102,72,30,元大-東泰,2024-04-19,9817
5210,寶碩,30,0,30,元大-東泰,2024-04-19,9817
6290,良維,31,1,30,元大-東泰,2024-04-19,9817
1785,光洋科,35,5,30,元大-東泰,2024-04-19,9817
2618,長榮航,85,56,29,元大-東泰,2024-04-19,9817
00733,富邦臺灣中小,28,0,28,元大-東泰,2024-04-19,9817
2402,毅嘉,29,1,28,元大-東泰,2024-04-19,9817
6005,群益證,65,38,27,元大-東泰,2024-04-19,9817
2337,旺宏,27,2,25,元大-東泰,2024-04-19,9817
3576,聯合再生,40,16,24,元大-東泰,2024-04-19,9817
6770,力積電,31,8,23,元大-東泰,2024-04-19,9817
2885,元大金,2557,61,2496,元大-東泰,2024-04-22,9817
00937B,群益ESG投等債20,621,3,618,元大-東泰,2024-04-22,9817
00929,復華台灣科技優息,485,119,366,元大-東泰,2024-04-22,9817
00679B,元大美債20年,182,4,178,元大-東泰,2024-04-22,9817
00830,國泰費城半導體,173,4,169,元大-東泰,2024-04-22,9817
2344,華邦電,193,28,165,元大-東泰,2024-04-22,9817
00940,元大台灣價值高息,298,142,156,元大-東泰,2024-04-22,9817
2888,新光金,163,15,148,元大-東泰,2024-04-22,9817
2014,中鴻,117,8,109,元大-東泰,2024-04-22,9817
2303,聯電,103,3,100,元大-東泰,2024-04-22,9817
2409,友達,91,2,89,元大-東泰,2024-04-22,9817
5512,力麒,90,15,75,元大-東泰,2024-04-22,9817
3703,欣陸,146,73,73,元大-東泰,2024-04-22,9817
6005,群益證,75,13,62,元大-東泰,2024-04-22,9817
00939,統一台灣高息動能,64,2,62,元大-東泰,2024-04-22,9817
1609,大亞,222,160,62,元大-東泰,2024-04-22,9817
8110,華東,71,10,61,元大-東泰,2024-04-22,9817
6177,達麗,65,8,57,元大-東泰,2024-04-22,9817
9934,成霖,61,4,57,元大-東泰,2024-04-22,9817
00662,富邦NASDAQ,50,0,50,元大-東泰,2024-04-22,9817
2371,大同,424,375,49,元大-東泰,2024-04-22,9817
2329,華泰,58,12,46,元大-東泰,2024-04-22,9817
8942,森鉅,38,0,38,元大-東泰,2024-04-22,9817
2383,台光電,33,1,32,元大-東泰,2024-04-22,9817
5533,皇鼎,30,0,30,元大-東泰,2024-04-22,9817
2241,艾姆勒,48,18,30,元大-東泰,2024-04-22,9817
00633L,富邦上証正2,30,0,30,元大-東泰,2024-04-22,9817
00885,富邦越南,28,0,28,元大-東泰,2024-04-22,9817
1608,華榮,53,26,27,元大-東泰,2024-04-22,9817
00919,群益台灣精選高息,75,49,26,元大-東泰,2024-04-22,9817
2890,永豐金,25,0,25,元大-東泰,2024-04-22,9817
5230,雷笛克光學,27,2,25,元大-東泰,2024-04-22,9817
6143,振曜,25,0,25,元大-東泰,2024-04-22,9817
3231,緯創,93,68,25,元大-東泰,2024-04-22,9817
6806,森崴能源,28,5,23,元大-東泰,2024-04-22,9817
6125,廣運,45,23,22,元大-東泰,2024-04-22,9817
6112,邁達特,22,1,21,元大-東泰,2024-04-22,9817
5475,德宏,20,0,20,元大-東泰,2024-04-22,9817
8215,明基材,20,0,20,元大-東泰,2024-04-22,9817
5515,建國,31,12,19,元大-東泰,2024-04-22,9817
6116,彩晶,22,4,18,元大-東泰,2024-04-22,9817
5351,鈺創,18,0,18,元大-東泰,2024-04-22,9817
8936,國統,40,23,17,元大-東泰,2024-04-22,9817
1802,台玻,21,4,17,元大-東泰,2024-04-22,9817
1617,榮星,21,5,16,元大-東泰,2024-04-22,9817
5347,世界,19,3,16,元大-東泰,2024-04-22,9817
2382,廣達,42,26,16,元大-東泰,2024-04-22,9817
5521,工信,32,16,16,元大-東泰,2024-04-22,9817
3015,全漢,21,6,15,元大-東泰,2024-04-22,9817
2611,志信,22,7,15,元大-東泰,2024-04-22,9817
00919,群益台灣精選高息,323,101,222,元大-東泰,2024-04-23,9817
2014,中鴻,208,1,207,元大-東泰,2024-04-23,9817
2888,新光金,220,77,143,元大-東泰,2024-04-23,9817
00940,元大台灣價值高息,159,58,101,元大-東泰,2024-04-23,9817
2867,三商壽,68,0,68,元大-東泰,2024-04-23,9817
1312,國喬,51,0,51,元大-東泰,2024-04-23,9817
00635U,期元大S＆P黃金,45,2,43,元大-東泰,2024-04-23,9817
2241,艾姆勒,49,7,42,元大-東泰,2024-04-23,9817
3703,欣陸,44,6,38,元大-東泰,2024-04-23,9817
00929,復華台灣科技優息,141,105,36,元大-東泰,2024-04-23,9817
2303,聯電,43,9,34,元大-東泰,2024-04-23,9817
2489,瑞軒,35,4,31,元大-東泰,2024-04-23,9817
2515,中工,139,109,30,元大-東泰,2024-04-23,9817
6282,康舒,30,1,29,元大-東泰,2024-04-23,9817
2371,大同,208,180,28,元大-東泰,2024-04-23,9817
2890,永豐金,27,1,26,元大-東泰,2024-04-23,9817
1316,上曜,38,15,23,元大-東泰,2024-04-23,9817
2301,光寶科,25,3,22,元大-東泰,2024-04-23,9817
2344,華邦電,139,117,22,元大-東泰,2024-04-23,9817
6120,達運,24,2,22,元大-東泰,2024-04-23,9817
2374,佳能,53,31,22,元大-東泰,2024-04-23,9817
2609,陽明,27,7,20,元大-東泰,2024-04-23,9817
00915,凱基優選高股息30,20,0,20,元大-東泰,2024-04-23,9817
2449,京元電子,21,3,18,元大-東泰,2024-04-23,9817
2317,鴻海,55,36,19,元大-東泰,2024-04-23,9817
00631L,元大台灣50正2,17,0,17,元大-東泰,2024-04-23,9817
2603,長榮,22,6,16,元大-東泰,2024-04-23,9817
00939,統一台灣高息動能,21,5,16,元大-東泰,2024-04-23,9817
2885,元大金,24,8,16,元大-東泰,2024-04-23,9817
3013,晟銘電,31,16,15,元大-東泰,2024-04-23,9817
00918,大華優利高填息30,20,5,15,元大-東泰,2024-04-23,9817
00885,富邦越南,16,2,14,元大-東泰,2024-04-23,9817
5521,工信,14,1,13,元大-東泰,2024-04-23,9817
6806,森崴能源,16,3,13,元大-東泰,2024-04-23,9817
2855,統一證,15,2,13,元大-東泰,2024-04-23,9817
5515,建國,26,14,12,元大-東泰,2024-04-23,9817
6182,合晶,12,0,12,元大-東泰,2024-04-23,9817
2419,仲琦,13,2,11,元大-東泰,2024-04-23,9817
2007,燁興,11,1,10,元大-東泰,2024-04-23,9817
00857B,永豐20年美公債,10,0,10,元大-東泰,2024-04-23,9817
8033,雷虎,12,2,10,元大-東泰,2024-04-23,9817
8935,邦泰,10,0,10,元大-東泰,2024-04-23,9817
2025,千興,10,0,10,元大-東泰,2024-04-23,9817
2440,太空梭,10,0,10,元大-東泰,2024-04-23,9817
1466,聚隆,10,0,10,元大-東泰,2024-04-23,9817
1714,和桐,10,0,10,元大-東泰,2024-04-23,9817
5243,乙盛-KY,10,0,10,元大-東泰,2024-04-23,9817
6166,凌華,10,0,10,元大-東泰,2024-04-23,9817
4157,太景*-KY,10,1,9,元大-東泰,2024-04-23,9817
2369,菱生,9,0,9,元大-東泰,2024-04-23,9817
00632R,元大台灣50反1,544,0,544,元大-東泰,2024-04-24,9817
2547,日勝生,167,15,152,元大-東泰,2024-04-24,9817
00937B,群益ESG投等債20,136,20,116,元大-東泰,2024-04-24,9817
3481,群創,93,12,81,元大-東泰,2024-04-24,9817
3062,建漢,72,0,72,元大-東泰,2024-04-24,9817
6116,彩晶,57,1,56,元大-東泰,2024-04-24,9817
2515,中工,80,25,55,元大-東泰,2024-04-24,9817
1605,華新,62,8,54,元大-東泰,2024-04-24,9817
4533,協易機,52,2,50,元大-東泰,2024-04-24,9817
2608,嘉里大榮,49,0,49,元大-東泰,2024-04-24,9817
8429,金麗-KY,50,3,47,元大-東泰,2024-04-24,9817
6005,群益證,46,3,43,元大-東泰,2024-04-24,9817
2890,永豐金,43,5,38,元大-東泰,2024-04-24,9817
2509,全坤建,40,2,38,元大-東泰,2024-04-24,9817
2486,一詮,37,2,35,元大-東泰,2024-04-24,9817
00756B,群益投等新興公債,30,0,30,元大-東泰,2024-04-24,9817
2834,臺企銀,32,3,29,元大-東泰,2024-04-24,9817
2812,台中銀,31,3,28,元大-東泰,2024-04-24,9817
2409,友達,55,28,27,元大-東泰,2024-04-24,9817
00679B,元大美債20年,26,0,26,元大-東泰,2024-04-24,9817
2867,三商壽,30,5,25,元大-東泰,2024-04-24,9817
4306,炎洲,41,18,23,元大-東泰,2024-04-24,9817
3703,欣陸,32,9,23,元大-東泰,2024-04-24,9817
2353,宏��,23,2,21,元大-東泰,2024-04-24,9817
00633L,富邦上証正2,20,0,20,元大-東泰,2024-04-24,9817
00637L,元大滬深300正2,20,0,20,元大-東泰,2024-04-24,9817
2634,漢翔,25,5,20,元大-東泰,2024-04-24,9817
3380,明泰,19,0,19,元大-東泰,2024-04-24,9817
2610,華航,95,76,19,元大-東泰,2024-04-24,9817
2886,兆豐金,23,4,19,元大-東泰,2024-04-24,9817
2356,英業達,39,20,19,元大-東泰,2024-04-24,9817
2897,王道銀行,20,1,19,元大-東泰,2024-04-24,9817
2618,長榮航,453,434,19,元大-東泰,2024-04-24,9817
2536,宏普,20,4,16,元大-東泰,2024-04-24,9817
2009,第一銅,41,26,15,元大-東泰,2024-04-24,9817
1504,東元,42,28,14,元大-東泰,2024-04-24,9817
1101,台泥,14,1,13,元大-東泰,2024-04-24,9817
00927,群益半導體收益,20,7,13,元大-東泰,2024-04-24,9817
2027,大成鋼,19,7,12,元大-東泰,2024-04-24,9817
8473,山林水,14,2,12,元大-東泰,2024-04-24,9817
1616,億泰,11,0,11,元大-東泰,2024-04-24,9817
8996,高力,16,5,11,元大-東泰,2024-04-24,9817
2887,台新金,12,1,11,元大-東泰,2024-04-24,9817
2511,太子,11,0,11,元大-東泰,2024-04-24,9817
5371,中光電,15,4,11,元大-東泰,2024-04-24,9817
3704,合勤控,11,0,11,元大-東泰,2024-04-24,9817
3231,緯創,63,53,10,元大-東泰,2024-04-24,9817
2206,三陽工業,38,28,10,元大-東泰,2024-04-24,9817
3711,日月光投控,10,0,10,元大-東泰,2024-04-24,9817
2903,遠百,10,0,10,元大-東泰,2024-04-24,9817
00937B,群益ESG投等債20,221,0,221,元大-東泰,2024-04-25,9817
00688L,國泰20年美債正2,200,0,200,元大-東泰,2024-04-25,9817
00929,復華台灣科技優息,138,17,121,元大-東泰,2024-04-25,9817
00940,元大台灣價值高息,120,12,108,元大-東泰,2024-04-25,9817
00637L,元大滬深300正2,103,0,103,元大-東泰,2024-04-25,9817
2610,華航,125,40,85,元大-東泰,2024-04-25,9817
3481,群創,75,19,56,元大-東泰,2024-04-25,9817
6264,富裔,55,0,55,元大-東泰,2024-04-25,9817
3013,晟銘電,73,21,52,元大-東泰,2024-04-25,9817
2515,中工,168,117,51,元大-東泰,2024-04-25,9817
1808,潤隆,50,0,50,元大-東泰,2024-04-25,9817
2303,聯電,48,1,47,元大-東泰,2024-04-25,9817
2409,友達,84,39,45,元大-東泰,2024-04-25,9817
2867,三商壽,50,7,43,元大-東泰,2024-04-25,9817
2618,長榮航,274,233,41,元大-東泰,2024-04-25,9817
2891,中信金,38,0,38,元大-東泰,2024-04-25,9817
1608,華榮,80,48,32,元大-東泰,2024-04-25,9817
00680L,元大美債20正2,31,0,31,元大-東泰,2024-04-25,9817
2374,佳能,33,3,30,元大-東泰,2024-04-25,9817
00772B,中信高評級公司債,30,0,30,元大-東泰,2024-04-25,9817
2316,楠梓電,34,5,29,元大-東泰,2024-04-25,9817
4306,炎洲,31,2,29,元大-東泰,2024-04-25,9817
2882,國泰金,34,6,28,元大-東泰,2024-04-25,9817
00635U,期元大S＆P黃金,26,0,26,元大-東泰,2024-04-25,9817
2317,鴻海,120,95,25,元大-東泰,2024-04-25,9817
2344,華邦電,111,87,24,元大-東泰,2024-04-25,9817
00933B,國泰10Y+金融債,26,3,23,元大-東泰,2024-04-25,9817
00878,國泰永續高股息,24,1,23,元大-東泰,2024-04-25,9817
00795B,中信美國公債20年,21,0,21,元大-東泰,2024-04-25,9817
0056,元大高股息,21,1,20,元大-東泰,2024-04-25,9817
2301,光寶科,31,11,20,元大-東泰,2024-04-25,9817
00633L,富邦上証正2,20,0,20,元大-東泰,2024-04-25,9817
8438,昶昕,20,0,20,元大-東泰,2024-04-25,9817
6116,彩晶,20,0,20,元大-東泰,2024-04-25,9817
6188,廣明,39,21,18,元大-東泰,2024-04-25,9817
5230,雷笛克光學,53,36,17,元大-東泰,2024-04-25,9817
6278,台表科,18,1,17,元大-東泰,2024-04-25,9817
5706,鳳凰,30,14,16,元大-東泰,2024-04-25,9817
6770,力積電,16,1,15,元大-東泰,2024-04-25,9817
1909,榮成,15,0,15,元大-東泰,2024-04-25,9817
00687B,國泰20年美債,14,0,14,元大-東泰,2024-04-25,9817
2702,華園,15,1,14,元大-東泰,2024-04-25,9817
5347,世界,13,0,13,元大-東泰,2024-04-25,9817
00939,統一台灣高息動能,15,2,13,元大-東泰,2024-04-25,9817
2440,太空梭,33,20,13,元大-東泰,2024-04-25,9817
2486,一詮,31,18,13,元大-東泰,2024-04-25,9817
00935,野村臺灣新科技50,12,0,12,元大-東泰,2024-04-25,9817
1301,台塑,12,0,12,元大-東泰,2024-04-25,9817
2885,元大金,14,2,12,元大-東泰,2024-04-25,9817
2308,台達電,13,1,12,元大-東泰,2024-04-25,9817
00632R,元大台灣50反1,852,185,667,元大-東泰,2024-04-26,9817
00665L,富邦�琤肭磪囓�2,340,0,340,元大-東泰,2024-04-26,9817
00937B,群益ESG投等債20,106,4,102,元大-東泰,2024-04-26,9817
00634R,富邦上証反1,101,0,101,元大-東泰,2024-04-26,9817
00687B,國泰20年美債,83,0,83,元大-東泰,2024-04-26,9817
2867,三商壽,78,0,78,元大-東泰,2024-04-26,9817
00633L,富邦上証正2,75,2,73,元大-東泰,2024-04-26,9817
00679B,元大美債20年,81,18,63,元大-東泰,2024-04-26,9817
6264,富裔,55,0,55,元大-東泰,2024-04-26,9817
2371,大同,179,127,52,元大-東泰,2024-04-26,9817
2344,華邦電,90,38,52,元大-東泰,2024-04-26,9817
1440,南紡,72,22,50,元大-東泰,2024-04-26,9817
8104,錸寶,36,0,36,元大-東泰,2024-04-26,9817
00847B,中信美國市政債,32,0,32,元大-東泰,2024-04-26,9817
2506,太設,38,6,32,元大-東泰,2024-04-26,9817
00648R,元大S＆P500反1,30,0,30,元大-東泰,2024-04-26,9817
4714,永捷,30,2,28,元大-東泰,2024-04-26,9817
00720B,元大投資級公司債,27,1,26,元大-東泰,2024-04-26,9817
2316,楠梓電,26,1,25,元大-東泰,2024-04-26,9817
2912,統一超,25,0,25,元大-東泰,2024-04-26,9817
8926,台汽電,24,0,24,元大-東泰,2024-04-26,9817
2101,南港,87,63,24,元大-東泰,2024-04-26,9817
3703,欣陸,28,6,22,元大-東泰,2024-04-26,9817
00680L,元大美債20正2,22,1,21,元大-東泰,2024-04-26,9817
6275,元山,29,8,21,元大-東泰,2024-04-26,9817
2353,宏��,23,3,20,元大-東泰,2024-04-26,9817
3231,緯創,35,16,19,元大-東泰,2024-04-26,9817
00688L,國泰20年美債正2,18,0,18,元大-東泰,2024-04-26,9817
1522,堤維西,23,6,17,元大-東泰,2024-04-26,9817
2891,中信金,17,1,16,元大-東泰,2024-04-26,9817
2834,臺企銀,18,3,15,元大-東泰,2024-04-26,9817
00751B,元大AAA至A公司債,16,1,15,元大-東泰,2024-04-26,9817
1605,華新,20,5,15,元大-東泰,2024-04-26,9817
4123,晟德,15,0,15,元大-東泰,2024-04-26,9817
4157,太景*-KY,15,0,15,元大-東泰,2024-04-26,9817
1903,士紙,15,0,15,元大-東泰,2024-04-26,9817
00939,統一台灣高息動能,18,3,15,元大-東泰,2024-04-26,9817
00631L,元大台灣50正2,14,0,14,元大-東泰,2024-04-26,9817
2504,國產,19,5,14,元大-東泰,2024-04-26,9817
3363,上詮,55,41,14,元大-東泰,2024-04-26,9817
3711,日月光投控,16,2,14,元大-東泰,2024-04-26,9817
6237,驊訊,13,0,13,元大-東泰,2024-04-26,9817
1609,大亞,90,78,12,元大-東泰,2024-04-26,9817
00664R,國泰臺灣加權反1,12,0,12,元大-東泰,2024-04-26,9817
2489,瑞軒,16,4,12,元大-東泰,2024-04-26,9817
2509,全坤建,20,8,12,元大-東泰,2024-04-26,9817
2883,凱基金,13,1,12,元大-東泰,2024-04-26,9817
2486,一詮,45,34,11,元大-東泰,2024-04-26,9817
1529,樂事綠能,12,1,11,元大-東泰,2024-04-26,9817
2520,冠德,33,22,11,元大-東泰,2024-04-26,9817
00632R,元大台灣50反1,2504,0,2504,元大-東泰,2024-04-29,9817
00637L,元大滬深300正2,200,22,178,元大-東泰,2024-04-29,9817
2883,凱基金,140,24,116,元大-東泰,2024-04-29,9817
4533,協易機,110,0,110,元大-東泰,2024-04-29,9817
2241,艾姆勒,81,1,80,元大-東泰,2024-04-29,9817
2610,華航,134,61,73,元大-東泰,2024-04-29,9817
2206,三陽工業,72,12,60,元大-東泰,2024-04-29,9817
1312,國喬,54,1,53,元大-東泰,2024-04-29,9817
2601,益航,50,0,50,元大-東泰,2024-04-29,9817
2363,矽統,105,59,46,元大-東泰,2024-04-29,9817
2511,太子,63,18,45,元大-東泰,2024-04-29,9817
6152,百一,40,0,40,元大-東泰,2024-04-29,9817
1608,華榮,40,8,32,元大-東泰,2024-04-29,9817
00634R,富邦上証反1,32,0,32,元大-東泰,2024-04-29,9817
4961,天鈺,30,0,30,元大-東泰,2024-04-29,9817
3686,達能,29,1,28,元大-東泰,2024-04-29,9817
8429,金麗-KY,27,0,27,元大-東泰,2024-04-29,9817
1785,光洋科,27,1,26,元大-東泰,2024-04-29,9817
3095,及成,25,0,25,元大-東泰,2024-04-29,9817
2449,京元電子,40,15,25,元大-東泰,2024-04-29,9817
2009,第一銅,67,44,23,元大-東泰,2024-04-29,9817
2323,中環,179,157,22,元大-東泰,2024-04-29,9817
6290,良維,22,0,22,元大-東泰,2024-04-29,9817
6125,廣運,100,79,21,元大-東泰,2024-04-29,9817
5230,雷笛克光學,37,17,20,元大-東泰,2024-04-29,9817
4532,瑞智,22,2,20,元大-東泰,2024-04-29,9817
1609,大亞,99,80,19,元大-東泰,2024-04-29,9817
3062,建漢,20,1,19,元大-東泰,2024-04-29,9817
4402,郡都開發,19,0,19,元大-東泰,2024-04-29,9817
2801,彰銀,20,2,18,元大-東泰,2024-04-29,9817
8110,華東,18,1,17,元大-東泰,2024-04-29,9817
6248,沛波,17,0,17,元大-東泰,2024-04-29,9817
8112,至上,21,4,17,元大-東泰,2024-04-29,9817
3013,晟銘電,27,11,16,元大-東泰,2024-04-29,9817
2504,國產,31,15,16,元大-東泰,2024-04-29,9817
8086,宏捷科,16,0,16,元大-東泰,2024-04-29,9817
5522,遠雄,20,4,16,元大-東泰,2024-04-29,9817
2359,所羅門,38,22,16,元大-東泰,2024-04-29,9817
6215,和椿,21,6,15,元大-東泰,2024-04-29,9817
2615,萬海,24,9,15,元大-東泰,2024-04-29,9817
1810,和成,15,0,15,元大-東泰,2024-04-29,9817
2022,聚亨,15,0,15,元大-東泰,2024-04-29,9817
4526,東台,26,11,15,元大-東泰,2024-04-29,9817
00631L,元大台灣50正2,15,1,14,元大-東泰,2024-04-29,9817
1103,嘉泥,14,0,14,元大-東泰,2024-04-29,9817
4919,新唐,15,1,14,元大-東泰,2024-04-29,9817
1316,上曜,35,21,14,元大-東泰,2024-04-29,9817
00937B,群益ESG投等債20,21,8,13,元大-東泰,2024-04-29,9817
00687B,國泰20年美債,15,2,13,元大-東泰,2024-04-29,9817
00642U,期元大S＆P石油,13,0,13,元大-東泰,2024-04-29,9817
6116,彩晶,422,0,422,元大-東泰,2024-04-30,9817
2884,玉山金,310,6,304,元大-東泰,2024-04-30,9817
1305,華夏,114,4,110,元大-東泰,2024-04-30,9817
4533,協易機,103,2,101,元大-東泰,2024-04-30,9817
3025,星通,74,0,74,元大-東泰,2024-04-30,9817
00919,群益台灣精選高息,56,2,54,元大-東泰,2024-04-30,9817
2855,統一證,51,0,51,元大-東泰,2024-04-30,9817
2501,國建,122,73,49,元大-東泰,2024-04-30,9817
1304,台聚,49,0,49,元大-東泰,2024-04-30,9817
1605,華新,43,1,42,元大-東泰,2024-04-30,9817
00882,中信中國高股息,43,2,41,元大-東泰,2024-04-30,9817
5515,建國,36,1,35,元大-東泰,2024-04-30,9817
1314,中石化,73,41,32,元大-東泰,2024-04-30,9817
2506,太設,37,6,31,元大-東泰,2024-04-30,9817
4157,太景*-KY,30,0,30,元大-東泰,2024-04-30,9817
8105,凌巨,30,0,30,元大-東泰,2024-04-30,9817
00632R,元大台灣50反1,30,0,30,元大-東泰,2024-04-30,9817
4915,致伸,35,8,27,元大-東泰,2024-04-30,9817
2882,國泰金,32,5,27,元大-東泰,2024-04-30,9817
2317,鴻海,34,8,26,元大-東泰,2024-04-30,9817
2883B,凱基金乙特,25,0,25,元大-東泰,2024-04-30,9817
2889,國票金,38,13,25,元大-東泰,2024-04-30,9817
5531,鄉林,41,18,23,元大-東泰,2024-04-30,9817
5608,四維航,21,1,20,元大-東泰,2024-04-30,9817
2892,第一金,20,0,20,元大-東泰,2024-04-30,9817
2484,希華,20,0,20,元大-東泰,2024-04-30,9817
2010,春源,20,1,19,元大-東泰,2024-04-30,9817
00937B,群益ESG投等債20,19,0,19,元大-東泰,2024-04-30,9817
2427,三商電,22,5,17,元大-東泰,2024-04-30,9817
2913,農林,17,1,16,元大-東泰,2024-04-30,9817
6770,力積電,28,12,16,元大-東泰,2024-04-30,9817
3266,昇陽,15,1,14,元大-東泰,2024-04-30,9817
3188,鑫龍騰,14,0,14,元大-東泰,2024-04-30,9817
2511,太子,22,8,14,元大-東泰,2024-04-30,9817
00642U,期元大S＆P石油,13,0,13,元大-東泰,2024-04-30,9817
1609,大亞,52,39,13,元大-東泰,2024-04-30,9817
2515,中工,56,43,13,元大-東泰,2024-04-30,9817
1516,川飛,12,0,12,元大-東泰,2024-04-30,9817
1535,中宇,12,0,12,元大-東泰,2024-04-30,9817
1402,遠東新,12,0,12,元大-東泰,2024-04-30,9817
2611,志信,57,45,12,元大-東泰,2024-04-30,9817
3033,威健,14,3,11,元大-東泰,2024-04-30,9817
2329,華泰,18,7,11,元大-東泰,2024-04-30,9817
2606,裕民,11,0,11,元大-東泰,2024-04-30,9817
2365,昆盈,14,3,11,元大-東泰,2024-04-30,9817
6290,良維,11,0,11,元大-東泰,2024-04-30,9817
2605,新興,12,1,11,元大-東泰,2024-04-30,9817
6285,啟��,11,0,11,元大-東泰,2024-04-30,9817
2371,大同,52,41,11,元大-東泰,2024-04-30,9817
00712,復華富時不動產,11,1,10,元大-東泰,2024-04-30,9817
00720B,元大投資級公司債,401,0,401,元大-東泰,2024-05-02,9817
00751B,元大AAA至A公司債,374,1,373,元大-東泰,2024-05-02,9817
00882,中信中國高股息,368,1,367,元大-東泰,2024-05-02,9817
2885,元大金,276,4,272,元大-東泰,2024-05-02,9817
00937B,群益ESG投等債20,247,2,245,元大-東泰,2024-05-02,9817
00940,元大台灣價值高息,200,29,171,元大-東泰,2024-05-02,9817
00724B,群益投資級金融債,120,0,120,元大-東泰,2024-05-02,9817
00878,國泰永續高股息,119,2,117,元大-東泰,2024-05-02,9817
3481,群創,116,13,103,元大-東泰,2024-05-02,9817
1785,光洋科,70,0,70,元大-東泰,2024-05-02,9817
2515,中工,103,44,59,元大-東泰,2024-05-02,9817
4533,協易機,70,16,54,元大-東泰,2024-05-02,9817
2409,友達,99,49,50,元大-東泰,2024-05-02,9817
2501,國建,174,125,49,元大-東泰,2024-05-02,9817
2912,統一超,46,0,46,元大-東泰,2024-05-02,9817
2511,太子,52,11,41,元大-東泰,2024-05-02,9817
3003,健和興,40,1,39,元大-東泰,2024-05-02,9817
5210,寶碩,40,2,38,元大-東泰,2024-05-02,9817
2527,宏璟,36,0,36,元大-東泰,2024-05-02,9817
2883,凱基金,39,8,31,元大-東泰,2024-05-02,9817
00830,國泰費城半導體,31,0,31,元大-東泰,2024-05-02,9817
00662,富邦NASDAQ,30,0,30,元大-東泰,2024-05-02,9817
4526,東台,29,0,29,元大-東泰,2024-05-02,9817
00635U,期元大S＆P黃金,29,0,29,元大-東泰,2024-05-02,9817
3703,欣陸,48,19,29,元大-東泰,2024-05-02,9817
00929,復華台灣科技優息,38,9,29,元大-東泰,2024-05-02,9817
2892,第一金,26,0,26,元大-東泰,2024-05-02,9817
2882,國泰金,32,9,23,元大-東泰,2024-05-02,9817
00933B,國泰10Y+金融債,22,0,22,元大-東泰,2024-05-02,9817
2609,陽明,112,91,21,元大-東泰,2024-05-02,9817
00939,統一台灣高息動能,24,3,21,元大-東泰,2024-05-02,9817
8064,東捷,22,2,20,元大-東泰,2024-05-02,9817
6116,彩晶,23,3,20,元大-東泰,2024-05-02,9817
2330,台積電,29,9,20,元大-東泰,2024-05-02,9817
00919,群益台灣精選高息,26,7,19,元大-東泰,2024-05-02,9817
9924,福興,20,1,19,元大-東泰,2024-05-02,9817
00915,凱基優選高股息30,24,6,18,元大-東泰,2024-05-02,9817
2317,鴻海,20,3,17,元大-東泰,2024-05-02,9817
2889,國票金,18,1,17,元大-東泰,2024-05-02,9817
2353,宏��,21,5,16,元大-東泰,2024-05-02,9817
2486,一詮,40,25,15,元大-東泰,2024-05-02,9817
2883B,凱基金乙特,15,0,15,元大-東泰,2024-05-02,9817
00680L,元大美債20正2,15,0,15,元大-東泰,2024-05-02,9817
2888,新光金,15,0,15,元大-東泰,2024-05-02,9817
5514,三豐,15,0,15,元大-東泰,2024-05-02,9817
2371,大同,60,46,14,元大-東泰,2024-05-02,9817
1618,合機,15,1,14,元大-東泰,2024-05-02,9817
2845,遠東銀,14,0,14,元大-東泰,2024-05-02,9817
1513,中興電,17,4,13,元大-東泰,2024-05-02,9817
1909,榮成,20,7,13,元大-東泰,2024-05-02,9817
2884,玉山金,302,1,301,元大-東泰,2024-05-03,9817
2885,元大金,307,11,296,元大-東泰,2024-05-03,9817
1532,勤美,188,2,186,元大-東泰,2024-05-03,9817
9945,潤泰新,178,43,135,元大-東泰,2024-05-03,9817
00937B,群益ESG投等債20,132,10,122,元大-東泰,2024-05-03,9817
00650L,復華香港正2,125,3,122,元大-東泰,2024-05-03,9817
4714,永捷,172,50,122,元大-東泰,2024-05-03,9817
3481,群創,126,5,121,元大-東泰,2024-05-03,9817
4160,訊聯基因,108,0,108,元大-東泰,2024-05-03,9817
8096,擎亞,265,163,102,元大-東泰,2024-05-03,9817
2344,華邦電,125,47,78,元大-東泰,2024-05-03,9817
2409,友達,121,44,77,元大-東泰,2024-05-03,9817
2241,艾姆勒,104,39,65,元大-東泰,2024-05-03,9817
4157,太景*-KY,60,0,60,元大-東泰,2024-05-03,9817
00632R,元大台灣50反1,60,0,60,元大-東泰,2024-05-03,9817
00929,復華台灣科技優息,110,50,60,元大-東泰,2024-05-03,9817
00882,中信中國高股息,69,13,56,元大-東泰,2024-05-03,9817
1316,上曜,179,126,53,元大-東泰,2024-05-03,9817
1444,力麗,53,0,53,元大-東泰,2024-05-03,9817
2515,中工,73,22,51,元大-東泰,2024-05-03,9817
6770,力積電,97,46,51,元大-東泰,2024-05-03,9817
6120,達運,66,17,49,元大-東泰,2024-05-03,9817
4533,協易機,66,20,46,元大-東泰,2024-05-03,9817
00635U,期元大S＆P黃金,42,0,42,元大-東泰,2024-05-03,9817
8064,東捷,36,1,35,元大-東泰,2024-05-03,9817
00936,台新永續高息中小,34,0,34,元大-東泰,2024-05-03,9817
00679B,元大美債20年,50,20,30,元大-東泰,2024-05-03,9817
3231,緯創,56,27,29,元大-東泰,2024-05-03,9817
2609,陽明,52,23,29,元大-東泰,2024-05-03,9817
00878,國泰永續高股息,57,29,28,元大-東泰,2024-05-03,9817
3715,定穎投控,30,3,27,元大-東泰,2024-05-03,9817
1609,大亞,69,42,27,元大-東泰,2024-05-03,9817
5230,雷笛克光學,28,1,27,元大-東泰,2024-05-03,9817
3013,晟銘電,35,9,26,元大-東泰,2024-05-03,9817
2610,華航,46,20,26,元大-東泰,2024-05-03,9817
2323,中環,45,20,25,元大-東泰,2024-05-03,9817
3264,欣銓,24,0,24,元大-東泰,2024-05-03,9817
1514,亞力,28,5,23,元大-東泰,2024-05-03,9817
2834,臺企銀,35,12,23,元大-東泰,2024-05-03,9817
3706,神達,25,2,23,元大-東泰,2024-05-03,9817
5512,力麒,37,15,22,元大-東泰,2024-05-03,9817
4967,十銓,56,34,22,元大-東泰,2024-05-03,9817
3707,漢磊,35,13,22,元大-東泰,2024-05-03,9817
6278,台表科,23,1,22,元大-東泰,2024-05-03,9817
4402,郡都開發,27,7,20,元大-東泰,2024-05-03,9817
3466,德晉,21,1,20,元大-東泰,2024-05-03,9817
3028,增你強,20,1,19,元大-東泰,2024-05-03,9817
5519,隆大,22,4,18,元大-東泰,2024-05-03,9817
2547,日勝生,25,8,17,元大-東泰,2024-05-03,9817
6026,福邦證,17,0,17,元大-東泰,2024-05-03,9817
00632R,元大台灣50反1,1453,0,1453,元大-東泰,2024-05-06,9817
4967,十銓,114,25,89,元大-東泰,2024-05-06,9817
00929,復華台灣科技優息,111,24,87,元大-東泰,2024-05-06,9817
8096,擎亞,96,12,84,元大-東泰,2024-05-06,9817
6770,力積電,99,21,78,元大-東泰,2024-05-06,9817
00637L,元大滬深300正2,112,44,68,元大-東泰,2024-05-06,9817
4303,信立,70,4,66,元大-東泰,2024-05-06,9817
2449,京元電子,81,27,54,元大-東泰,2024-05-06,9817
5521,工信,47,0,47,元大-東泰,2024-05-06,9817
2382,廣達,85,38,47,元大-東泰,2024-05-06,9817
00634R,富邦上証反1,43,0,43,元大-東泰,2024-05-06,9817
8086,宏捷科,50,8,42,元大-東泰,2024-05-06,9817
4919,新唐,44,3,41,元大-東泰,2024-05-06,9817
2852,第一保,40,0,40,元大-東泰,2024-05-06,9817
2352,佳世達,39,1,38,元大-東泰,2024-05-06,9817
3707,漢磊,36,1,35,元大-東泰,2024-05-06,9817
00940,元大台灣價值高息,90,58,32,元大-東泰,2024-05-06,9817
2002,中鋼,51,22,29,元大-東泰,2024-05-06,9817
2109,華豐,25,0,25,元大-東泰,2024-05-06,9817
2308,台達電,24,0,24,元大-東泰,2024-05-06,9817
2884,玉山金,35,11,24,元大-東泰,2024-05-06,9817
1532,勤美,31,9,22,元大-東泰,2024-05-06,9817
2867,三商壽,31,11,20,元大-東泰,2024-05-06,9817
2883B,凱基金乙特,20,0,20,元大-東泰,2024-05-06,9817
2501,國建,111,92,19,元大-東泰,2024-05-06,9817
2538,基泰,19,0,19,元大-東泰,2024-05-06,9817
9933,中鼎,24,5,19,元大-東泰,2024-05-06,9817
3060,銘異,19,1,18,元大-東泰,2024-05-06,9817
1605,華新,19,1,18,元大-東泰,2024-05-06,9817
2543,皇昌,50,33,17,元大-東泰,2024-05-06,9817
3481,群創,27,11,16,元大-東泰,2024-05-06,9817
9904,寶成,16,0,16,元大-東泰,2024-05-06,9817
1722,台肥,16,0,16,元大-東泰,2024-05-06,9817
8076,伍豐,15,0,15,元大-東泰,2024-05-06,9817
6229,研通,15,0,15,元大-東泰,2024-05-06,9817
2331,精英,15,0,15,元大-東泰,2024-05-06,9817
1609,大亞,32,17,15,元大-東泰,2024-05-06,9817
3264,欣銓,14,0,14,元大-東泰,2024-05-06,9817
8064,東捷,14,0,14,元大-東泰,2024-05-06,9817
00631L,元大台灣50正2,14,0,14,元大-東泰,2024-05-06,9817
2630,亞航,14,0,14,元大-東泰,2024-05-06,9817
8926,台汽電,13,0,13,元大-東泰,2024-05-06,9817
3703,欣陸,13,0,13,元大-東泰,2024-05-06,9817
2727,王品,12,0,12,元大-東泰,2024-05-06,9817
2354,鴻準,20,8,12,元大-東泰,2024-05-06,9817
3537,堡達,21,9,12,元大-東泰,2024-05-06,9817
3622,洋華,15,3,12,元大-東泰,2024-05-06,9817
4157,太景*-KY,11,0,11,元大-東泰,2024-05-06,9817
2027,大成鋼,11,0,11,元大-東泰,2024-05-06,9817
4402,郡都開發,13,3,10,元大-東泰,2024-05-06,9817
00937B,群益ESG投等債20,589,5,584,元大-東泰,2024-05-07,9817
00720B,元大投資級公司債,290,6,284,元大-東泰,2024-05-07,9817
2855,統一證,177,3,174,元大-東泰,2024-05-07,9817
00878,國泰永續高股息,145,8,137,元大-東泰,2024-05-07,9817
2241,艾姆勒,133,27,106,元大-東泰,2024-05-07,9817
2344,華邦電,146,43,103,元大-東泰,2024-05-07,9817
00671R,富邦NASDAQ反1,100,0,100,元大-東泰,2024-05-07,9817
3481,群創,102,3,99,元大-東泰,2024-05-07,9817
2515,中工,82,9,73,元大-東泰,2024-05-07,9817
2101,南港,80,11,69,元大-東泰,2024-05-07,9817
3003,健和興,68,0,68,元大-東泰,2024-05-07,9817
00932,兆豐永續高息等權,52,0,52,元大-東泰,2024-05-07,9817
2363,矽統,69,17,52,元大-東泰,2024-05-07,9817
2867,三商壽,45,0,45,元大-東泰,2024-05-07,9817
00919,群益台灣精選高息,42,2,40,元大-東泰,2024-05-07,9817
1301,台塑,36,0,36,元大-東泰,2024-05-07,9817
2393,億光,35,1,34,元大-東泰,2024-05-07,9817
3013,晟銘電,83,50,33,元大-東泰,2024-05-07,9817
4303,信立,33,0,33,元大-東泰,2024-05-07,9817
6770,力積電,35,3,32,元大-東泰,2024-05-07,9817
4909,新復興,38,6,32,元大-東泰,2024-05-07,9817
2897,王道銀行,31,0,31,元大-東泰,2024-05-07,9817
6005,群益證,40,10,30,元大-東泰,2024-05-07,9817
2888,新光金,30,0,30,元大-東泰,2024-05-07,9817
00929,復華台灣科技優息,95,67,28,元大-東泰,2024-05-07,9817
2323,中環,30,2,28,元大-東泰,2024-05-07,9817
2324,仁寶,32,4,28,元大-東泰,2024-05-07,9817
5512,力麒,30,4,26,元大-東泰,2024-05-07,9817
1304,台聚,27,2,25,元大-東泰,2024-05-07,9817
8401,白紗科,25,1,24,元大-東泰,2024-05-07,9817
3231,緯創,57,34,23,元大-東泰,2024-05-07,9817
3033,威健,46,24,22,元大-東泰,2024-05-07,9817
1514,亞力,25,4,21,元大-東泰,2024-05-07,9817
6016,康和證,21,0,21,元大-東泰,2024-05-07,9817
00687B,國泰20年美債,20,0,20,元大-東泰,2024-05-07,9817
3338,泰碩,24,4,20,元大-東泰,2024-05-07,9817
00915,凱基優選高股息30,32,13,19,元大-東泰,2024-05-07,9817
5515,建國,30,11,19,元大-東泰,2024-05-07,9817
3438,類比科,21,2,19,元大-東泰,2024-05-07,9817
2449,京元電子,46,28,18,元大-東泰,2024-05-07,9817
3380,明泰,18,0,18,元大-東泰,2024-05-07,9817
3287,廣寰科,20,2,18,元大-東泰,2024-05-07,9817
2882,國泰金,17,1,16,元大-東泰,2024-05-07,9817
2498,宏達電,16,0,16,元大-東泰,2024-05-07,9817
5519,隆大,16,0,16,元大-東泰,2024-05-07,9817
00942B,台新美A公司債20+,17,1,16,元大-東泰,2024-05-07,9817
6026,福邦證,15,0,15,元大-東泰,2024-05-07,9817
8215,明基材,15,0,15,元大-東泰,2024-05-07,9817
2520,冠德,30,15,15,元大-東泰,2024-05-07,9817
1612,宏泰,22,7,15,元大-東泰,2024-05-07,9817
00632R,元大台灣50反1,687,0,687,元大-東泰,2024-05-08,9817
00932,兆豐永續高息等權,505,0,505,元大-東泰,2024-05-08,9817
2409,友達,190,20,170,元大-東泰,2024-05-08,9817
00772B,中信高評級公司債,130,0,130,元大-東泰,2024-05-08,9817
4967,十銓,135,27,108,元大-東泰,2024-05-08,9817
00665L,富邦�琤肭磪囓�2,100,0,100,元大-東泰,2024-05-08,9817
2855,統一證,96,1,95,元大-東泰,2024-05-08,9817
00940,元大台灣價值高息,145,66,79,元大-東泰,2024-05-08,9817
00637L,元大滬深300正2,100,30,70,元大-東泰,2024-05-08,9817
00679B,元大美債20年,108,42,66,元大-東泰,2024-05-08,9817
00878,國泰永續高股息,102,40,62,元大-東泰,2024-05-08,9817
3003,健和興,52,0,52,元大-東泰,2024-05-08,9817
3481,群創,56,7,49,元大-東泰,2024-05-08,9817
1314,中石化,65,18,47,元大-東泰,2024-05-08,9817
2009,第一銅,58,12,46,元大-東泰,2024-05-08,9817
6188,廣明,63,19,44,元大-東泰,2024-05-08,9817
2897,王道銀行,42,0,42,元大-東泰,2024-05-08,9817
2354,鴻準,44,2,42,元大-東泰,2024-05-08,9817
2885,元大金,44,4,40,元大-東泰,2024-05-08,9817
6005,群益證,43,8,35,元大-東泰,2024-05-08,9817
5515,建國,36,3,33,元大-東泰,2024-05-08,9817
2888,新光金,35,2,33,元大-東泰,2024-05-08,9817
5871,中租-KY,33,2,31,元大-東泰,2024-05-08,9817
3548,兆利,30,0,30,元大-東泰,2024-05-08,9817
00650L,復華香港正2,30,0,30,元大-東泰,2024-05-08,9817
2606,裕民,83,55,28,元大-東泰,2024-05-08,9817
8096,擎亞,103,75,28,元大-東泰,2024-05-08,9817
2002,中鋼,29,1,28,元大-東泰,2024-05-08,9817
2912,統一超,26,0,26,元大-東泰,2024-05-08,9817
2891,中信金,44,18,26,元大-東泰,2024-05-08,9817
00929,復華台灣科技優息,68,43,25,元大-東泰,2024-05-08,9817
5386,青雲,25,0,25,元大-東泰,2024-05-08,9817
2356,英業達,76,51,25,元大-東泰,2024-05-08,9817
2547,日勝生,31,7,24,元大-東泰,2024-05-08,9817
2634,漢翔,28,6,22,元大-東泰,2024-05-08,9817
2801,彰銀,20,0,20,元大-東泰,2024-05-08,9817
2882,國泰金,22,2,20,元大-東泰,2024-05-08,9817
2820,華票,20,1,19,元大-東泰,2024-05-08,9817
2359,所羅門,48,29,19,元大-東泰,2024-05-08,9817
00919,群益台灣精選高息,34,16,18,元大-東泰,2024-05-08,9817
6215,和椿,99,81,18,元大-東泰,2024-05-08,9817
2352,佳世達,17,0,17,元大-東泰,2024-05-08,9817
1612,宏泰,39,22,17,元大-東泰,2024-05-08,9817
2886,兆豐金,30,13,17,元大-東泰,2024-05-08,9817
2889,國票金,20,4,16,元大-東泰,2024-05-08,9817
4533,協易機,20,4,16,元大-東泰,2024-05-08,9817
1609,大亞,95,80,15,元大-東泰,2024-05-08,9817
8085,福華,16,1,15,元大-東泰,2024-05-08,9817
3380,明泰,15,0,15,元大-東泰,2024-05-08,9817
1618,合機,35,20,15,元大-東泰,2024-05-08,9817
00632R,元大台灣50反1,554,10,544,元大-東泰,2024-05-09,9817
00929,復華台灣科技優息,305,29,276,元大-東泰,2024-05-09,9817
2812,台中銀,214,0,214,元大-東泰,2024-05-09,9817
00882,中信中國高股息,214,6,208,元大-東泰,2024-05-09,9817
00946,群益科技高息成長,259,86,173,元大-東泰,2024-05-09,9817
2409,友達,119,4,115,元大-東泰,2024-05-09,9817
00919,群益台灣精選高息,116,15,101,元大-東泰,2024-05-09,9817
2867,三商壽,100,0,100,元大-東泰,2024-05-09,9817
2618,長榮航,126,46,80,元大-東泰,2024-05-09,9817
1609,大亞,100,37,63,元大-東泰,2024-05-09,9817
1339,昭輝,62,1,61,元大-東泰,2024-05-09,9817
4714,永捷,61,0,61,元大-東泰,2024-05-09,9817
3576,聯合再生,62,2,60,元大-東泰,2024-05-09,9817
2851,中再保,57,0,57,元大-東泰,2024-05-09,9817
2886,兆豐金,54,0,54,元大-東泰,2024-05-09,9817
2344,華邦電,129,77,52,元大-東泰,2024-05-09,9817
00944,野村趨勢動能高息,50,0,50,元大-東泰,2024-05-09,9817
2834,臺企銀,50,2,48,元大-東泰,2024-05-09,9817
2888,新光金,65,17,48,元大-東泰,2024-05-09,9817
2367,燿華,99,52,47,元大-東泰,2024-05-09,9817
00679B,元大美債20年,50,5,45,元大-東泰,2024-05-09,9817
2363,矽統,68,29,39,元大-東泰,2024-05-09,9817
00795B,中信美國公債20年,32,0,32,元大-東泰,2024-05-09,9817
5531,鄉林,30,0,30,元大-東泰,2024-05-09,9817
2630,亞航,30,0,30,元大-東泰,2024-05-09,9817
3231,緯創,65,39,26,元大-東泰,2024-05-09,9817
00720B,元大投資級公司債,26,0,26,元大-東泰,2024-05-09,9817
2408,南亞科,29,3,26,元大-東泰,2024-05-09,9817
6768,志強-KY,26,1,25,元大-東泰,2024-05-09,9817
6770,力積電,61,36,25,元大-東泰,2024-05-09,9817
6116,彩晶,24,0,24,元大-東泰,2024-05-09,9817
00756B,群益投等新興公債,24,0,24,元大-東泰,2024-05-09,9817
3260,威剛,27,3,24,元大-東泰,2024-05-09,9817
2892,第一金,28,5,23,元大-東泰,2024-05-09,9817
2329,華泰,24,2,22,元大-東泰,2024-05-09,9817
1524,耿鼎,22,1,21,元大-東泰,2024-05-09,9817
6016,康和證,21,0,21,元大-東泰,2024-05-09,9817
8215,明基材,21,0,21,元大-東泰,2024-05-09,9817
6278,台表科,23,2,21,元大-東泰,2024-05-09,9817
3005,神基,22,1,21,元大-東泰,2024-05-09,9817
00941,中信上游半導體,20,0,20,元大-東泰,2024-05-09,9817
8112,至上,36,16,20,元大-東泰,2024-05-09,9817
2105,正新,20,0,20,元大-東泰,2024-05-09,9817
4915,致伸,20,0,20,元大-東泰,2024-05-09,9817
4905,台聯電,20,0,20,元大-東泰,2024-05-09,9817
00878,國泰永續高股息,50,31,19,元大-東泰,2024-05-09,9817
2887,台新金,19,0,19,元大-東泰,2024-05-09,9817
1515,力山,24,5,19,元大-東泰,2024-05-09,9817
2317,鴻海,47,29,18,元大-東泰,2024-05-09,9817
3703,欣陸,18,0,18,元大-東泰,2024-05-09,9817
00632R,元大台灣50反1,1535,70,1465,元大-東泰,2024-05-10,9817
00946,群益科技高息成長,223,0,223,元大-東泰,2024-05-10,9817
00929,復華台灣科技優息,255,33,222,元大-東泰,2024-05-10,9817
00671R,富邦NASDAQ反1,200,0,200,元大-東泰,2024-05-10,9817
8112,至上,74,18,56,元大-東泰,2024-05-10,9817
2323,中環,106,51,55,元大-東泰,2024-05-10,9817
2313,華通,93,43,50,元大-東泰,2024-05-10,9817
2886,兆豐金,47,2,45,元大-東泰,2024-05-10,9817
1785,光洋科,37,0,37,元大-東泰,2024-05-10,9817
2883B,凱基金乙特,30,0,30,元大-東泰,2024-05-10,9817
00652,富邦印度,30,0,30,元大-東泰,2024-05-10,9817
2206,三陽工業,33,3,30,元大-東泰,2024-05-10,9817
00937B,群益ESG投等債20,40,11,29,元大-東泰,2024-05-10,9817
2515,中工,28,0,28,元大-東泰,2024-05-10,9817
2363,矽統,73,46,27,元大-東泰,2024-05-10,9817
00679B,元大美債20年,37,11,26,元大-東泰,2024-05-10,9817
00664R,國泰臺灣加權反1,25,0,25,元大-東泰,2024-05-10,9817
8150,南茂,23,0,23,元大-東泰,2024-05-10,9817
1515,力山,23,0,23,元大-東泰,2024-05-10,9817
3583,辛耘,21,1,20,元大-東泰,2024-05-10,9817
3356,奇偶,33,14,19,元大-東泰,2024-05-10,9817
6285,啟��,22,4,18,元大-東泰,2024-05-10,9817
00631L,元大台灣50正2,16,0,16,元大-東泰,2024-05-10,9817
3013,晟銘電,87,71,16,元大-東泰,2024-05-10,9817
8926,台汽電,15,0,15,元大-東泰,2024-05-10,9817
2371,大同,50,36,14,元大-東泰,2024-05-10,9817
6120,達運,14,0,14,元大-東泰,2024-05-10,9817
4916,事欣科,13,0,13,元大-東泰,2024-05-10,9817
4303,信立,18,5,13,元大-東泰,2024-05-10,9817
6770,力積電,16,3,13,元大-東泰,2024-05-10,9817
9945,潤泰新,25,12,13,元大-東泰,2024-05-10,9817
8033,雷虎,13,1,12,元大-東泰,2024-05-10,9817
5864,致和證,12,0,12,元大-東泰,2024-05-10,9817
0056,元大高股息,13,2,11,元大-東泰,2024-05-10,9817
2008,高興昌,11,0,11,元大-東泰,2024-05-10,9817
2409,友達,23,12,11,元大-東泰,2024-05-10,9817
6026,福邦證,11,0,11,元大-東泰,2024-05-10,9817
2520,冠德,15,4,11,元大-東泰,2024-05-10,9817
00940,元大台灣價值高息,50,39,11,元大-東泰,2024-05-10,9817
5512,力麒,17,7,10,元大-東泰,2024-05-10,9817
4903,聯光通,10,0,10,元大-東泰,2024-05-10,9817
9105,泰金寶-DR,10,0,10,元大-東泰,2024-05-10,9817
1457,宜進,10,0,10,元大-東泰,2024-05-10,9817
2440,太空梭,10,0,10,元大-東泰,2024-05-10,9817
5351,鈺創,15,5,10,元大-東泰,2024-05-10,9817
1446,宏和,12,2,10,元大-東泰,2024-05-10,9817
9935,慶豐富,10,0,10,元大-東泰,2024-05-10,9817
8182,加高,10,0,10,元大-東泰,2024-05-10,9817
2801,彰銀,16,6,10,元大-東泰,2024-05-10,9817
3346,麗清,13,3,10,元大-東泰,2024-05-10,9817
00632R,元大台灣50反1,951,14,937,元大-東泰,2024-05-13,9817
00919,群益台灣精選高息,878,32,846,元大-東泰,2024-05-13,9817
00671R,富邦NASDAQ反1,400,0,400,元大-東泰,2024-05-13,9817
00637L,元大滬深300正2,378,0,378,元大-東泰,2024-05-13,9817
2880,華南金,303,4,299,元大-東泰,2024-05-13,9817
00937B,群益ESG投等債20,263,0,263,元大-東泰,2024-05-13,9817
00929,復華台灣科技優息,245,29,216,元大-東泰,2024-05-13,9817
1535,中宇,110,0,110,元大-東泰,2024-05-13,9817
2344,華邦電,109,1,108,元大-東泰,2024-05-13,9817
2323,中環,112,11,101,元大-東泰,2024-05-13,9817
2618,長榮航,158,70,88,元大-東泰,2024-05-13,9817
2883,凱基金,187,99,88,元大-東泰,2024-05-13,9817
2317,鴻海,111,25,86,元大-東泰,2024-05-13,9817
2489,瑞軒,69,10,59,元大-東泰,2024-05-13,9817
00878,國泰永續高股息,69,24,45,元大-東泰,2024-05-13,9817
00679B,元大美債20年,42,2,40,元大-東泰,2024-05-13,9817
00652,富邦印度,38,0,38,元大-東泰,2024-05-13,9817
2607,榮運,42,9,33,元大-東泰,2024-05-13,9817
2611,志信,100,67,33,元大-東泰,2024-05-13,9817
3078,僑威,30,0,30,元大-東泰,2024-05-13,9817
2606,裕民,145,115,30,元大-東泰,2024-05-13,9817
4157,太景*-KY,30,0,30,元大-東泰,2024-05-13,9817
3356,奇偶,33,4,29,元大-東泰,2024-05-13,9817
2371,大同,66,38,28,元大-東泰,2024-05-13,9817
1104,環泥,34,6,28,元大-東泰,2024-05-13,9817
3231,緯創,41,14,27,元大-東泰,2024-05-13,9817
2406,國碩,38,14,24,元大-東泰,2024-05-13,9817
3003,健和興,24,0,24,元大-東泰,2024-05-13,9817
6117,迎廣,40,16,24,元大-東泰,2024-05-13,9817
1312,國喬,35,12,23,元大-東泰,2024-05-13,9817
1524,耿鼎,29,6,23,元大-東泰,2024-05-13,9817
1608,華榮,20,1,19,元大-東泰,2024-05-13,9817
6770,力積電,28,10,18,元大-東泰,2024-05-13,9817
6116,彩晶,36,18,18,元大-東泰,2024-05-13,9817
2603,長榮,59,42,17,元大-東泰,2024-05-13,9817
3260,威剛,21,3,18,元大-東泰,2024-05-13,9817
5519,隆大,17,0,17,元大-東泰,2024-05-13,9817
00942B,台新美A公司債20+,17,0,17,元大-東泰,2024-05-13,9817
2890,永豐金,30,13,17,元大-東泰,2024-05-13,9817
2634,漢翔,16,0,16,元大-東泰,2024-05-13,9817
1101,台泥,30,14,16,元大-東泰,2024-05-13,9817
3576,聯合再生,18,2,16,元大-東泰,2024-05-13,9817
5483,中美晶,15,0,15,元大-東泰,2024-05-13,9817
8110,華東,25,10,15,元大-東泰,2024-05-13,9817
6016,康和證,15,0,15,元大-東泰,2024-05-13,9817
2367,燿華,105,90,15,元大-東泰,2024-05-13,9817
2515,中工,31,17,14,元大-東泰,2024-05-13,9817
2883B,凱基金乙特,14,0,14,元大-東泰,2024-05-13,9817
1339,昭輝,14,0,14,元大-東泰,2024-05-13,9817
3010,華立,15,2,13,元大-東泰,2024-05-13,9817
00632R,元大台灣50反1,935,0,935,元大-東泰,2024-05-14,9817
00937B,群益ESG投等債20,185,2,183,元大-東泰,2024-05-14,9817
00665L,富邦�琤肭磪囓�2,100,0,100,元大-東泰,2024-05-14,9817
2867,三商壽,88,0,88,元大-東泰,2024-05-14,9817
00671R,富邦NASDAQ反1,65,0,65,元大-東泰,2024-05-14,9817
2317,鴻海,112,49,63,元大-東泰,2024-05-14,9817
2890,永豐金,55,1,54,元大-東泰,2024-05-14,9817
2886,兆豐金,39,0,39,元大-東泰,2024-05-14,9817
5515,建國,37,2,35,元大-東泰,2024-05-14,9817
1101,台泥,41,7,34,元大-東泰,2024-05-14,9817
3231,緯創,53,23,30,元大-東泰,2024-05-14,9817
2393,億光,33,4,29,元大-東泰,2024-05-14,9817
2371,大同,66,38,28,元大-東泰,2024-05-14,9817
2636,台驊控股,51,23,28,元大-東泰,2024-05-14,9817
3164,景岳,26,0,26,元大-東泰,2024-05-14,9817
1714,和桐,26,1,25,元大-東泰,2024-05-14,9817
1504,東元,30,5,25,元大-東泰,2024-05-14,9817
2610,華航,73,49,24,元大-東泰,2024-05-14,9817
2836,高雄銀,24,0,24,元大-東泰,2024-05-14,9817
2892,第一金,22,0,22,元大-東泰,2024-05-14,9817
4157,太景*-KY,22,0,22,元大-東泰,2024-05-14,9817
8936,國統,33,11,22,元大-東泰,2024-05-14,9817
2354,鴻準,25,5,20,元大-東泰,2024-05-14,9817
6223,旺矽,18,0,18,元大-東泰,2024-05-14,9817
00941,中信上游半導體,17,0,17,元大-東泰,2024-05-14,9817
1434,福懋,18,1,17,元大-東泰,2024-05-14,9817
2303,聯電,21,6,15,元大-東泰,2024-05-14,9817
6120,達運,15,0,15,元大-東泰,2024-05-14,9817
2359,所羅門,32,18,14,元大-東泰,2024-05-14,9817
2392,正崴,16,3,13,元大-東泰,2024-05-14,9817
3213,茂訊,14,1,13,元大-東泰,2024-05-14,9817
4306,炎洲,13,0,13,元大-東泰,2024-05-14,9817
2641,正德,15,3,12,元大-東泰,2024-05-14,9817
1522,堤維西,74,63,11,元大-東泰,2024-05-14,9817
00795B,中信美國公債20年,11,0,11,元大-東泰,2024-05-14,9817
5871,中租-KY,12,1,11,元大-東泰,2024-05-14,9817
6274,台燿,13,3,10,元大-東泰,2024-05-14,9817
2915,潤泰全,30,20,10,元大-東泰,2024-05-14,9817
1611,中電,10,0,10,元大-東泰,2024-05-14,9817
6117,迎廣,16,6,10,元大-東泰,2024-05-14,9817
00933B,國泰10Y+金融債,11,1,10,元大-東泰,2024-05-14,9817
4128,中天,10,0,10,元大-東泰,2024-05-14,9817
2427,三商電,17,7,10,元大-東泰,2024-05-14,9817
4933,友輝,10,0,10,元大-東泰,2024-05-14,9817
9105,泰金寶-DR,10,0,10,元大-東泰,2024-05-14,9817
2316,楠梓電,10,0,10,元大-東泰,2024-05-14,9817
4561,健椿,10,0,10,元大-東泰,2024-05-14,9817
3576,聯合再生,10,0,10,元大-東泰,2024-05-14,9817
1312,國喬,9,0,9,元大-東泰,2024-05-14,9817
2801,彰銀,10,1,9,元大-東泰,2024-05-14,9817
00632R,元大台灣50反1,4317,3078,1239,元大-東泰,2024-05-15,9817
00937B,群益ESG投等債20,866,18,848,元大-東泰,2024-05-15,9817
00671R,富邦NASDAQ反1,738,3,735,元大-東泰,2024-05-15,9817
00720B,元大投資級公司債,502,7,495,元大-東泰,2024-05-15,9817
2882,國泰金,235,121,114,元大-東泰,2024-05-15,9817
2356,英業達,161,88,73,元大-東泰,2024-05-15,9817
00929,復華台灣科技優息,95,22,73,元大-東泰,2024-05-15,9817
2344,華邦電,85,15,70,元大-東泰,2024-05-15,9817
00919,群益台灣精選高息,123,55,68,元大-東泰,2024-05-15,9817
2603,長榮,91,27,64,元大-東泰,2024-05-15,9817
2610,華航,125,63,62,元大-東泰,2024-05-15,9817
00680L,元大美債20正2,60,4,56,元大-東泰,2024-05-15,9817
00634R,富邦上証反1,50,0,50,元大-東泰,2024-05-15,9817
3003,健和興,45,0,45,元大-東泰,2024-05-15,9817
6548,長科*,44,0,44,元大-東泰,2024-05-15,9817
00687B,國泰20年美債,43,0,43,元大-東泰,2024-05-15,9817
2323,中環,68,26,42,元大-東泰,2024-05-15,9817
4306,炎洲,42,0,42,元大-東泰,2024-05-15,9817
3490,單井,41,0,41,元大-東泰,2024-05-15,9817
3576,聯合再生,47,8,39,元大-東泰,2024-05-15,9817
2618,長榮航,126,90,36,元大-東泰,2024-05-15,9817
3356,奇偶,37,5,32,元大-東泰,2024-05-15,9817
2406,國碩,55,25,30,元大-東泰,2024-05-15,9817
3062,建漢,31,2,29,元大-東泰,2024-05-15,9817
1605,華新,28,0,28,元大-東泰,2024-05-15,9817
6215,和椿,61,33,28,元大-東泰,2024-05-15,9817
00878,國泰永續高股息,105,78,27,元大-東泰,2024-05-15,9817
3047,訊舟,46,21,25,元大-東泰,2024-05-15,9817
2208,台船,30,5,25,元大-東泰,2024-05-15,9817
6217,中探針,27,3,24,元大-東泰,2024-05-15,9817
4533,協易機,39,17,22,元大-東泰,2024-05-15,9817
2352,佳世達,26,5,21,元大-東泰,2024-05-15,9817
1611,中電,21,0,21,元大-東泰,2024-05-15,9817
1314,中石化,50,31,19,元大-東泰,2024-05-15,9817
00941,中信上游半導體,18,0,18,元大-東泰,2024-05-15,9817
2617,台航,25,7,18,元大-東泰,2024-05-15,9817
6127,九豪,18,0,18,元大-東泰,2024-05-15,9817
00882,中信中國高股息,18,1,17,元大-東泰,2024-05-15,9817
2634,漢翔,22,5,17,元大-東泰,2024-05-15,9817
3706,神達,29,13,16,元大-東泰,2024-05-15,9817
8086,宏捷科,16,0,16,元大-東泰,2024-05-15,9817
2353,宏��,329,313,16,元大-東泰,2024-05-15,9817
00944,野村趨勢動能高息,16,0,16,元大-東泰,2024-05-15,9817
00679B,元大美債20年,15,0,15,元大-東泰,2024-05-15,9817
2731,雄獅,20,5,15,元大-東泰,2024-05-15,9817
2367,燿華,101,86,15,元大-東泰,2024-05-15,9817
00946,群益科技高息成長,15,0,15,元大-東泰,2024-05-15,9817
2547,日勝生,14,0,14,元大-東泰,2024-05-15,9817
00664R,國泰臺灣加權反1,14,0,14,元大-東泰,2024-05-15,9817
00751B,元大AAA至A公司債,14,0,14,元大-東泰,2024-05-15,9817
00632R,元大台灣50反1,1549,160,1389,元大-東泰,2024-05-16,9817
00671R,富邦NASDAQ反1,800,0,800,元大-東泰,2024-05-16,9817
00937B,群益ESG投等債20,556,141,415,元大-東泰,2024-05-16,9817
00688L,國泰20年美債正2,200,0,200,元大-東泰,2024-05-16,9817
2882,國泰金,138,23,115,元大-東泰,2024-05-16,9817
2356,英業達,159,73,86,元大-東泰,2024-05-16,9817
00929,復華台灣科技優息,111,31,80,元大-東泰,2024-05-16,9817
00939,統一台灣高息動能,153,76,77,元大-東泰,2024-05-16,9817
00650L,復華香港正2,70,0,70,元大-東泰,2024-05-16,9817
00878,國泰永續高股息,75,19,56,元大-東泰,2024-05-16,9817
3231,緯創,110,55,55,元大-東泰,2024-05-16,9817
1312,國喬,53,2,51,元大-東泰,2024-05-16,9817
2880,華南金,53,9,44,元大-東泰,2024-05-16,9817
9105,泰金寶-DR,70,30,40,元大-東泰,2024-05-16,9817
2382,廣達,84,47,37,元大-東泰,2024-05-16,9817
00687B,國泰20年美債,47,14,33,元大-東泰,2024-05-16,9817
6147,頎邦,29,0,29,元大-東泰,2024-05-16,9817
1725,元禎,28,1,27,元大-東泰,2024-05-16,9817
2609,陽明,384,360,24,元大-東泰,2024-05-16,9817
3227,原相,25,2,23,元大-東泰,2024-05-16,9817
2301,光寶科,43,21,22,元大-東泰,2024-05-16,9817
2888,新光金,42,21,21,元大-東泰,2024-05-16,9817
9946,三發地產,20,0,20,元大-東泰,2024-05-16,9817
5533,皇鼎,20,0,20,元大-東泰,2024-05-16,9817
1712,興農,20,0,20,元大-東泰,2024-05-16,9817
5469,瀚宇博,19,0,19,元大-東泰,2024-05-16,9817
3576,聯合再生,18,0,18,元大-東泰,2024-05-16,9817
2515,中工,22,5,17,元大-東泰,2024-05-16,9817
2362,藍天,72,55,17,元大-東泰,2024-05-16,9817
2611,志信,21,4,17,元大-東泰,2024-05-16,9817
3003,健和興,16,0,16,元大-東泰,2024-05-16,9817
6177,達麗,31,15,16,元大-東泰,2024-05-16,9817
1608,華榮,28,13,15,元大-東泰,2024-05-16,9817
2009,第一銅,37,23,14,元大-東泰,2024-05-16,9817
2886,兆豐金,14,0,14,元大-東泰,2024-05-16,9817
8940,新天地,14,0,14,元大-東泰,2024-05-16,9817
4561,健椿,14,0,14,元大-東泰,2024-05-16,9817
3706,神達,17,4,13,元大-東泰,2024-05-16,9817
2006,東和鋼鐵,13,2,11,元大-東泰,2024-05-16,9817
8936,國統,18,7,11,元大-東泰,2024-05-16,9817
3047,訊舟,49,38,11,元大-東泰,2024-05-16,9817
2867,三商壽,32,21,11,元大-東泰,2024-05-16,9817
6113,亞矽,11,0,11,元大-東泰,2024-05-16,9817
8070,長華*,11,0,11,元大-東泰,2024-05-16,9817
1227,佳格,11,0,11,元大-東泰,2024-05-16,9817
2406,國碩,14,3,11,元大-東泰,2024-05-16,9817
2101,南港,18,8,10,元大-東泰,2024-05-16,9817
2352,佳世達,19,9,10,元大-東泰,2024-05-16,9817
3703,欣陸,10,0,10,元大-東泰,2024-05-16,9817
6546,正基,10,0,10,元大-東泰,2024-05-16,9817
00632R,元大台灣50反1,1540,1,1539,元大-東泰,2024-05-17,9817
00929,復華台灣科技優息,305,22,283,元大-東泰,2024-05-17,9817
00878,國泰永續高股息,179,18,161,元大-東泰,2024-05-17,9817
2344,華邦電,123,1,122,元大-東泰,2024-05-17,9817
2409,友達,120,23,97,元大-東泰,2024-05-17,9817
6770,力積電,73,8,65,元大-東泰,2024-05-17,9817
3481,群創,66,4,62,元大-東泰,2024-05-17,9817
00937B,群益ESG投等債20,67,6,61,元大-東泰,2024-05-17,9817
3576,聯合再生,90,31,59,元大-東泰,2024-05-17,9817
00773B,中信優先金融債,55,0,55,元大-東泰,2024-05-17,9817
3164,景岳,50,0,50,元大-東泰,2024-05-17,9817
2317,鴻海,119,71,48,元大-東泰,2024-05-17,9817
2241,艾姆勒,80,37,43,元大-東泰,2024-05-17,9817
2421,建準,44,3,41,元大-東泰,2024-05-17,9817
00940,元大台灣價值高息,77,39,38,元大-東泰,2024-05-17,9817
6147,頎邦,38,0,38,元大-東泰,2024-05-17,9817
3231,緯創,51,16,35,元大-東泰,2024-05-17,9817
2605,新興,39,5,34,元大-東泰,2024-05-17,9817
6257,矽格,33,0,33,元大-東泰,2024-05-17,9817
2324,仁寶,33,3,30,元大-東泰,2024-05-17,9817
2356,英業達,75,45,30,元大-東泰,2024-05-17,9817
00919,群益台灣精選高息,36,7,29,元大-東泰,2024-05-17,9817
2374,佳能,104,75,29,元大-東泰,2024-05-17,9817
00933B,國泰10Y+金融債,27,1,26,元大-東泰,2024-05-17,9817
3059,華晶科,32,7,25,元大-東泰,2024-05-17,9817
2302,麗正,26,2,24,元大-東泰,2024-05-17,9817
2905,三商,22,0,22,元大-東泰,2024-05-17,9817
2371,大同,38,16,22,元大-東泰,2024-05-17,9817
2882,國泰金,44,24,20,元大-東泰,2024-05-17,9817
8936,國統,27,7,20,元大-東泰,2024-05-17,9817
9934,成霖,19,0,19,元大-東泰,2024-05-17,9817
9945,潤泰新,33,15,18,元大-東泰,2024-05-17,9817
3303,岱稜,18,0,18,元大-東泰,2024-05-17,9817
2408,南亞科,17,1,16,元大-東泰,2024-05-17,9817
00857B,永豐20年美公債,16,0,16,元大-東泰,2024-05-17,9817
2606,裕民,15,0,15,元大-東泰,2024-05-17,9817
4716,大立,15,0,15,元大-東泰,2024-05-17,9817
2492,華新科,16,1,15,元大-東泰,2024-05-17,9817
1314,中石化,23,8,15,元大-東泰,2024-05-17,9817
00795B,中信美國公債20年,15,0,15,元大-東泰,2024-05-17,9817
2352,佳世達,14,0,14,元大-東泰,2024-05-17,9817
3260,威剛,19,7,12,元大-東泰,2024-05-17,9817
2450,神腦,12,0,12,元大-東泰,2024-05-17,9817
00720B,元大投資級公司債,12,0,12,元大-東泰,2024-05-17,9817
2329,華泰,15,4,11,元大-東泰,2024-05-17,9817
5210,寶碩,11,0,11,元大-東泰,2024-05-17,9817
3047,訊舟,34,23,11,元大-東泰,2024-05-17,9817
2486,一詮,17,6,11,元大-東泰,2024-05-17,9817
2618,長榮航,45,35,10,元大-東泰,2024-05-17,9817
00772B,中信高評級公司債,20,10,10,元大-東泰,2024-05-17,9817
2801,彰銀,257,2,255,元大-東泰,2024-05-20,9817
00939,統一台灣高息動能,118,0,118,元大-東泰,2024-05-20,9817
00679B,元大美債20年,117,0,117,元大-東泰,2024-05-20,9817
6538,倉和,101,0,101,元大-東泰,2024-05-20,9817
00665L,富邦�琤肭磪囓�2,100,0,100,元大-東泰,2024-05-20,9817
00753L,中信中國50正2,100,0,100,元大-東泰,2024-05-20,9817
00878,國泰永續高股息,117,41,76,元大-東泰,2024-05-20,9817
2323,中環,104,29,75,元大-東泰,2024-05-20,9817
6770,力積電,66,15,51,元大-東泰,2024-05-20,9817
2885,元大金,50,0,50,元大-東泰,2024-05-20,9817
2317,鴻海,79,36,43,元大-東泰,2024-05-20,9817
1314,中石化,47,6,41,元大-東泰,2024-05-20,9817
00632R,元大台灣50反1,41,0,41,元大-東泰,2024-05-20,9817
6125,廣運,112,74,38,元大-東泰,2024-05-20,9817
5508,永信建,42,4,38,元大-東泰,2024-05-20,9817
3231,緯創,56,20,36,元大-東泰,2024-05-20,9817
5014,建錩,36,1,35,元大-東泰,2024-05-20,9817
6264,富裔,33,0,33,元大-東泰,2024-05-20,9817
1313,聯成,36,4,32,元大-東泰,2024-05-20,9817
3535,晶彩科,37,7,30,元大-東泰,2024-05-20,9817
2886,兆豐金,28,0,28,元大-東泰,2024-05-20,9817
00687B,國泰20年美債,39,11,28,元大-東泰,2024-05-20,9817
3703,欣陸,32,6,26,元大-東泰,2024-05-20,9817
2101,南港,39,14,25,元大-東泰,2024-05-20,9817
2329,華泰,27,3,24,元大-東泰,2024-05-20,9817
1210,大成,23,0,23,元大-東泰,2024-05-20,9817
2367,燿華,129,109,20,元大-東泰,2024-05-20,9817
3164,景岳,20,0,20,元大-東泰,2024-05-20,9817
2034,允強,20,0,20,元大-東泰,2024-05-20,9817
1531,高林股,20,0,20,元大-東泰,2024-05-20,9817
1785,光洋科,31,12,19,元大-東泰,2024-05-20,9817
4533,協易機,33,15,18,元大-東泰,2024-05-20,9817
8039,台虹,20,2,18,元大-東泰,2024-05-20,9817
6005,群益證,29,12,17,元大-東泰,2024-05-20,9817
2382,廣達,27,11,16,元大-東泰,2024-05-20,9817
4716,大立,15,0,15,元大-東泰,2024-05-20,9817
2062,橋椿,14,0,14,元大-東泰,2024-05-20,9817
9945,潤泰新,13,0,13,元大-東泰,2024-05-20,9817
1603,華電,24,11,13,元大-東泰,2024-05-20,9817
1711,永光,13,0,13,元大-東泰,2024-05-20,9817
6188,廣明,42,30,12,元大-東泰,2024-05-20,9817
2032,新鋼,14,2,12,元大-東泰,2024-05-20,9817
6278,台表科,17,5,12,元大-東泰,2024-05-20,9817
00937B,群益ESG投等債20,20,9,11,元大-東泰,2024-05-20,9817
1312,國喬,11,0,11,元大-東泰,2024-05-20,9817
2211,長榮鋼,11,0,11,元大-東泰,2024-05-20,9817
2401,凌陽,19,8,11,元大-東泰,2024-05-20,9817
6117,迎廣,15,4,11,元大-東泰,2024-05-20,9817
00946,群益科技高息成長,11,0,11,元大-東泰,2024-05-20,9817
5388,中磊,12,1,11,元大-東泰,2024-05-20,9817
00671R,富邦NASDAQ反1,700,0,700,元大-東泰,2024-05-21,9817
2801,彰銀,463,4,459,元大-東泰,2024-05-21,9817
00637L,元大滬深300正2,226,20,206,元大-東泰,2024-05-21,9817
00929,復華台灣科技優息,185,24,161,元大-東泰,2024-05-21,9817
2888,新光金,134,41,93,元大-東泰,2024-05-21,9817
00878,國泰永續高股息,103,10,93,元大-東泰,2024-05-21,9817
5210,寶碩,72,4,68,元大-東泰,2024-05-21,9817
2374,佳能,101,40,61,元大-東泰,2024-05-21,9817
1605,華新,158,107,51,元大-東泰,2024-05-21,9817
2618,長榮航,126,75,51,元大-東泰,2024-05-21,9817
00665L,富邦�琤肭磪囓�2,50,0,50,元大-東泰,2024-05-21,9817
1609,大亞,67,22,45,元大-東泰,2024-05-21,9817
00919,群益台灣精選高息,59,14,45,元大-東泰,2024-05-21,9817
2609,陽明,75,31,44,元大-東泰,2024-05-21,9817
00751B,元大AAA至A公司債,35,0,35,元大-東泰,2024-05-21,9817
2883,凱基金,48,14,34,元大-東泰,2024-05-21,9817
9933,中鼎,33,0,33,元大-東泰,2024-05-21,9817
8028,昇陽半導體,41,9,32,元大-東泰,2024-05-21,9817
1314,中石化,43,11,32,元大-東泰,2024-05-21,9817
00939,統一台灣高息動能,50,20,30,元大-東泰,2024-05-21,9817
00679B,元大美債20年,28,1,27,元大-東泰,2024-05-21,9817
3033,威健,50,23,27,元大-東泰,2024-05-21,9817
00937B,群益ESG投等債20,27,0,27,元大-東泰,2024-05-21,9817
1304,台聚,27,0,27,元大-東泰,2024-05-21,9817
2515,中工,37,11,26,元大-東泰,2024-05-21,9817
4908,前鼎,27,1,26,元大-東泰,2024-05-21,9817
2634,漢翔,32,7,25,元大-東泰,2024-05-21,9817
3481,群創,52,28,24,元大-東泰,2024-05-21,9817
2890,永豐金,27,3,24,元大-東泰,2024-05-21,9817
2880,華南金,30,7,23,元大-東泰,2024-05-21,9817
5512,力麒,23,2,21,元大-東泰,2024-05-21,9817
2884,玉山金,36,16,20,元大-東泰,2024-05-21,9817
00650L,復華香港正2,20,0,20,元大-東泰,2024-05-21,9817
4716,大立,20,0,20,元大-東泰,2024-05-21,9817
3164,景岳,20,0,20,元大-東泰,2024-05-21,9817
2887,台新金,21,1,20,元大-東泰,2024-05-21,9817
1535,中宇,19,0,19,元大-東泰,2024-05-21,9817
2834,臺企銀,28,10,18,元大-東泰,2024-05-21,9817
2406,國碩,19,1,18,元大-東泰,2024-05-21,9817
6538,倉和,23,5,18,元大-東泰,2024-05-21,9817
00687B,國泰20年美債,20,3,17,元大-東泰,2024-05-21,9817
2615,萬海,18,2,16,元大-東泰,2024-05-21,9817
3532,台勝科,16,0,16,元大-東泰,2024-05-21,9817
6005,群益證,18,2,16,元大-東泰,2024-05-21,9817
2892,第一金,16,0,16,元大-東泰,2024-05-21,9817
1504,東元,16,1,15,元大-東泰,2024-05-21,9817
00918,大華優利高填息30,14,0,14,元大-東泰,2024-05-21,9817
2363,矽統,20,6,14,元大-東泰,2024-05-21,9817
6182,合晶,14,0,14,元大-東泰,2024-05-21,9817
00944,野村趨勢動能高息,13,0,13,元大-東泰,2024-05-21,9817
00632R,元大台灣50反1,2062,1,2061,元大-東泰,2024-05-22,9817
00671R,富邦NASDAQ反1,400,0,400,元大-東泰,2024-05-22,9817
2867,三商壽,148,6,142,元大-東泰,2024-05-22,9817
2618,長榮航,175,38,137,元大-東泰,2024-05-22,9817
2610,華航,127,9,118,元大-東泰,2024-05-22,9817
3481,群創,268,163,105,元大-東泰,2024-05-22,9817
2002,中鋼,102,4,98,元大-東泰,2024-05-22,9817
1312,國喬,71,1,70,元大-東泰,2024-05-22,9817
6116,彩晶,131,73,58,元大-東泰,2024-05-22,9817
8064,東捷,65,11,54,元大-東泰,2024-05-22,9817
1314,中石化,64,12,52,元大-東泰,2024-05-22,9817
1303,南亞,51,0,51,元大-東泰,2024-05-22,9817
6142,友勁,50,0,50,元大-東泰,2024-05-22,9817
1301,台塑,50,2,48,元大-東泰,2024-05-22,9817
00642U,期元大S＆P石油,48,0,48,元大-東泰,2024-05-22,9817
6188,廣明,106,62,44,元大-東泰,2024-05-22,9817
00919,群益台灣精選高息,71,29,42,元大-東泰,2024-05-22,9817
00724B,群益投資級金融債,40,0,40,元大-東泰,2024-05-22,9817
8110,華東,44,5,39,元大-東泰,2024-05-22,9817
2884,玉山金,37,4,33,元大-東泰,2024-05-22,9817
4543,萬在,50,20,30,元大-東泰,2024-05-22,9817
2352,佳世達,31,3,28,元大-東泰,2024-05-22,9817
2890,永豐金,26,0,26,元大-東泰,2024-05-22,9817
8096,擎亞,66,43,23,元大-東泰,2024-05-22,9817
6143,振曜,22,0,22,元大-東泰,2024-05-22,9817
6125,廣運,65,43,22,元大-東泰,2024-05-22,9817
2489,瑞軒,22,0,22,元大-東泰,2024-05-22,9817
2486,一詮,45,25,20,元大-東泰,2024-05-22,9817
00650L,復華香港正2,40,20,20,元大-東泰,2024-05-22,9817
00637L,元大滬深300正2,20,0,20,元大-東泰,2024-05-22,9817
5512,力麒,23,3,20,元大-東泰,2024-05-22,9817
9925,新保,20,0,20,元大-東泰,2024-05-22,9817
00752,中信中國50,20,0,20,元大-東泰,2024-05-22,9817
2331,精英,44,25,19,元大-東泰,2024-05-22,9817
2514,龍邦,20,1,19,元大-東泰,2024-05-22,9817
2634,漢翔,19,2,17,元大-東泰,2024-05-22,9817
4533,協易機,48,32,16,元大-東泰,2024-05-22,9817
5392,能率,44,29,15,元大-東泰,2024-05-22,9817
2354,鴻準,61,47,14,元大-東泰,2024-05-22,9817
00942B,台新美A公司債20+,13,0,13,元大-東泰,2024-05-22,9817
2449,京元電子,22,9,13,元大-東泰,2024-05-22,9817
5009,榮剛,12,0,12,元大-東泰,2024-05-22,9817
00930,永豐ESG低碳高息,14,2,12,元大-東泰,2024-05-22,9817
3047,訊舟,63,51,12,元大-東泰,2024-05-22,9817
2834,臺企銀,14,2,12,元大-東泰,2024-05-22,9817
9934,成霖,11,0,11,元大-東泰,2024-05-22,9817
8011,台通,11,0,11,元大-東泰,2024-05-22,9817
9945,潤泰新,15,4,11,元大-東泰,2024-05-22,9817
1612,宏泰,19,9,10,元大-東泰,2024-05-22,9817
3052,夆典,10,0,10,元大-東泰,2024-05-22,9817
00671R,富邦NASDAQ反1,1100,0,1100,元大-東泰,2024-05-23,9817
2801,彰銀,605,0,605,元大-東泰,2024-05-23,9817
00632R,元大台灣50反1,561,10,551,元大-東泰,2024-05-23,9817
00882,中信中國高股息,274,11,263,元大-東泰,2024-05-23,9817
00637L,元大滬深300正2,223,30,193,元大-東泰,2024-05-23,9817
9933,中鼎,150,2,148,元大-東泰,2024-05-23,9817
2323,中環,100,5,95,元大-東泰,2024-05-23,9817
2409,友達,96,19,77,元大-東泰,2024-05-23,9817
1535,中宇,76,0,76,元大-東泰,2024-05-23,9817
00929,復華台灣科技優息,162,86,76,元大-東泰,2024-05-23,9817
2009,第一銅,251,188,63,元大-東泰,2024-05-23,9817
1609,大亞,78,17,61,元大-東泰,2024-05-23,9817
00650L,復華香港正2,56,0,56,元大-東泰,2024-05-23,9817
2324,仁寶,81,32,49,元大-東泰,2024-05-23,9817
2356,英業達,84,42,42,元大-東泰,2024-05-23,9817
2453,凌群,47,6,41,元大-東泰,2024-05-23,9817
00665L,富邦�琤肭磪囓�2,40,0,40,元大-東泰,2024-05-23,9817
00942B,台新美A公司債20+,39,0,39,元大-東泰,2024-05-23,9817
6147,頎邦,41,6,35,元大-東泰,2024-05-23,9817
6209,今國光,45,10,35,元大-東泰,2024-05-23,9817
2412,中華電,60,25,35,元大-東泰,2024-05-23,9817
00936,台新永續高息中小,35,0,35,元大-東泰,2024-05-23,9817
1314,中石化,33,0,33,元大-東泰,2024-05-23,9817
2834,臺企銀,37,5,32,元大-東泰,2024-05-23,9817
00919,群益台灣精選高息,52,21,31,元大-東泰,2024-05-23,9817
3707,漢磊,31,0,31,元大-東泰,2024-05-23,9817
2867,三商壽,58,27,31,元大-東泰,2024-05-23,9817
2371,大同,70,40,30,元大-東泰,2024-05-23,9817
2882,國泰金,48,20,28,元大-東泰,2024-05-23,9817
2101,南港,32,7,25,元大-東泰,2024-05-23,9817
6282,康舒,28,3,25,元大-東泰,2024-05-23,9817
2406,國碩,25,0,25,元大-東泰,2024-05-23,9817
00946,群益科技高息成長,37,12,25,元大-東泰,2024-05-23,9817
3013,晟銘電,100,76,24,元大-東泰,2024-05-23,9817
2313,華通,50,26,24,元大-東泰,2024-05-23,9817
4903,聯光通,24,0,24,元大-東泰,2024-05-23,9817
2891,中信金,25,2,23,元大-東泰,2024-05-23,9817
4906,正文,23,1,22,元大-東泰,2024-05-23,9817
6116,彩晶,21,0,21,元大-東泰,2024-05-23,9817
2329,華泰,28,7,21,元大-東泰,2024-05-23,9817
00679B,元大美債20年,24,4,20,元大-東泰,2024-05-23,9817
2349,錸德,20,0,20,元大-東泰,2024-05-23,9817
2731,雄獅,22,2,20,元大-東泰,2024-05-23,9817
2070,精湛,20,0,20,元大-東泰,2024-05-23,9817
00651R,復華香港反1,20,0,20,元大-東泰,2024-05-23,9817
6177,達麗,21,1,20,元大-東泰,2024-05-23,9817
6229,研通,20,0,20,元大-東泰,2024-05-23,9817
4716,大立,20,0,20,元大-東泰,2024-05-23,9817
1605,華新,43,23,20,元大-東泰,2024-05-23,9817
2881,富邦金,19,0,19,元大-東泰,2024-05-23,9817
00665L,富邦�琤肭磪囓�2,270,100,170,元大-東泰,2024-05-24,9817
00937B,群益ESG投等債20,117,1,116,元大-東泰,2024-05-24,9817
911868,同方友友-DR,93,0,93,元大-東泰,2024-05-24,9817
00712,復華富時不動產,91,0,91,元大-東泰,2024-05-24,9817
00940,元大台灣價值高息,116,32,84,元大-東泰,2024-05-24,9817
00885,富邦越南,80,0,80,元大-東泰,2024-05-24,9817
2891,中信金,69,1,68,元大-東泰,2024-05-24,9817
6147,頎邦,63,1,62,元大-東泰,2024-05-24,9817
6274,台燿,62,1,61,元大-東泰,2024-05-24,9817
2365,昆盈,161,100,61,元大-東泰,2024-05-24,9817
4127,天良,50,1,49,元大-東泰,2024-05-24,9817
2328,廣宇,51,6,45,元大-東泰,2024-05-24,9817
2303,聯電,68,25,43,元大-東泰,2024-05-24,9817
3062,建漢,55,12,43,元大-東泰,2024-05-24,9817
1312,國喬,36,0,36,元大-東泰,2024-05-24,9817
00929,復華台灣科技優息,153,119,34,元大-東泰,2024-05-24,9817
2371,大同,60,30,30,元大-東泰,2024-05-24,9817
2618,長榮航,52,25,27,元大-東泰,2024-05-24,9817
4967,十銓,34,7,27,元大-東泰,2024-05-24,9817
2613,中櫃,42,15,27,元大-東泰,2024-05-24,9817
2834,臺企銀,27,1,26,元大-東泰,2024-05-24,9817
6770,力積電,37,12,25,元大-東泰,2024-05-24,9817
00679B,元大美債20年,43,19,24,元大-東泰,2024-05-24,9817
6188,廣明,49,27,22,元大-東泰,2024-05-24,9817
2547,日勝生,20,0,20,元大-東泰,2024-05-24,9817
912000,晨訊科-DR,20,0,20,元大-東泰,2024-05-24,9817
2002,中鋼,39,19,20,元大-東泰,2024-05-24,9817
00919,群益台灣精選高息,30,12,18,元大-東泰,2024-05-24,9817
00795B,中信美國公債20年,17,0,17,元大-東泰,2024-05-24,9817
1303,南亞,16,0,16,元大-東泰,2024-05-24,9817
2241,艾姆勒,31,15,16,元大-東泰,2024-05-24,9817
2884,玉山金,21,6,15,元大-東泰,2024-05-24,9817
00891,中信關鍵半導體,25,10,15,元大-東泰,2024-05-24,9817
5210,寶碩,15,0,15,元大-東泰,2024-05-24,9817
2027,大成鋼,14,0,14,元大-東泰,2024-05-24,9817
2329,華泰,13,0,13,元大-東泰,2024-05-24,9817
2883,凱基金,20,7,13,元大-東泰,2024-05-24,9817
00687B,國泰20年美債,25,12,13,元大-東泰,2024-05-24,9817
1314,中石化,13,0,13,元大-東泰,2024-05-24,9817
00942B,台新美A公司債20+,13,0,13,元大-東泰,2024-05-24,9817
2324,仁寶,31,19,12,元大-東泰,2024-05-24,9817
6190,萬泰科,35,23,12,元大-東泰,2024-05-24,9817
9933,中鼎,14,2,12,元大-東泰,2024-05-24,9817
00857B,永豐20年美公債,11,0,11,元大-東泰,2024-05-24,9817
8255,朋程,11,0,11,元大-東泰,2024-05-24,9817
2886,兆豐金,14,3,11,元大-東泰,2024-05-24,9817
6207,雷科,14,3,11,元大-東泰,2024-05-24,9817
1308,亞聚,17,6,11,元大-東泰,2024-05-24,9817
2376,技嘉,12,1,11,元大-東泰,2024-05-24,9817
3013,晟銘電,31,21,10,元大-東泰,2024-05-24,9817
00632R,元大台灣50反1,897,204,693,元大-東泰,2024-05-27,9817
2002,中鋼,107,2,105,元大-東泰,2024-05-27,9817
00637L,元大滬深300正2,105,0,105,元大-東泰,2024-05-27,9817
00937B,群益ESG投等債20,92,2,90,元大-東泰,2024-05-27,9817
2609,陽明,119,35,84,元大-東泰,2024-05-27,9817
2867,三商壽,66,0,66,元大-東泰,2024-05-27,9817
5498,凱崴,67,4,63,元大-東泰,2024-05-27,9817
2353,宏��,211,156,55,元大-東泰,2024-05-27,9817
3481,群創,159,104,55,元大-東泰,2024-05-27,9817
4714,永捷,51,0,51,元大-東泰,2024-05-27,9817
2618,長榮航,65,15,50,元大-東泰,2024-05-27,9817
8048,德勝,50,1,49,元大-東泰,2024-05-27,9817
6668,中揚光,50,3,47,元大-東泰,2024-05-27,9817
6125,廣運,85,41,44,元大-東泰,2024-05-27,9817
3003,健和興,42,0,42,元大-東泰,2024-05-27,9817
00946,群益科技高息成長,33,1,32,元大-東泰,2024-05-27,9817
00933B,國泰10Y+金融債,34,3,31,元大-東泰,2024-05-27,9817
2374,佳能,34,3,31,元大-東泰,2024-05-27,9817
00665L,富邦�琤肭磪囓�2,198,170,28,元大-東泰,2024-05-27,9817
2367,燿華,46,19,27,元大-東泰,2024-05-27,9817
3231,緯創,109,83,26,元大-東泰,2024-05-27,9817
3605,宏致,29,3,26,元大-東泰,2024-05-27,9817
2891,中信金,38,15,23,元大-東泰,2024-05-27,9817
1815,富喬,66,44,22,元大-東泰,2024-05-27,9817
00679B,元大美債20年,22,0,22,元大-東泰,2024-05-27,9817
3202,樺晟,31,10,21,元大-東泰,2024-05-27,9817
4111,濟生,21,0,21,元大-東泰,2024-05-27,9817
2801,彰銀,20,0,20,元大-東泰,2024-05-27,9817
4979,華星光,32,12,20,元大-東泰,2024-05-27,9817
4906,正文,47,27,20,元大-東泰,2024-05-27,9817
6292,迅德,21,3,18,元大-東泰,2024-05-27,9817
1513,中興電,24,6,18,元大-東泰,2024-05-27,9817
8011,台通,21,3,18,元大-東泰,2024-05-27,9817
6209,今國光,20,3,17,元大-東泰,2024-05-27,9817
2352,佳世達,33,16,17,元大-東泰,2024-05-27,9817
6182,合晶,17,0,17,元大-東泰,2024-05-27,9817
2313,華通,16,0,16,元大-東泰,2024-05-27,9817
1314,中石化,22,6,16,元大-東泰,2024-05-27,9817
2883,凱基金,29,14,15,元大-東泰,2024-05-27,9817
6265,方土昶,21,6,15,元大-東泰,2024-05-27,9817
2328,廣宇,20,5,15,元大-東泰,2024-05-27,9817
2615,萬海,24,10,14,元大-東泰,2024-05-27,9817
2489,瑞軒,40,28,12,元大-東泰,2024-05-27,9817
6147,頎邦,23,11,12,元大-東泰,2024-05-27,9817
6217,中探針,12,0,12,元大-東泰,2024-05-27,9817
3062,建漢,15,3,12,元大-東泰,2024-05-27,9817
00639,富邦深100,12,0,12,元大-東泰,2024-05-27,9817
4967,十銓,16,5,11,元大-東泰,2024-05-27,9817
2834,臺企銀,11,0,11,元大-東泰,2024-05-27,9817
2610,華航,20,9,11,元大-東泰,2024-05-27,9817
2883,凱基金,862,13,849,元大-東泰,2024-05-28,9817
1314,中石化,701,3,698,元大-東泰,2024-05-28,9817
00632R,元大台灣50反1,277,0,277,元大-東泰,2024-05-28,9817
00937B,群益ESG投等債20,230,3,227,元大-東泰,2024-05-28,9817
3231,緯創,326,107,219,元大-東泰,2024-05-28,9817
00929,復華台灣科技優息,137,26,111,元大-東泰,2024-05-28,9817
2609,陽明,118,33,85,元大-東泰,2024-05-28,9817
2891,中信金,81,0,81,元大-東泰,2024-05-28,9817
00712,復華富時不動產,79,2,77,元大-東泰,2024-05-28,9817
2353,宏��,107,32,75,元大-東泰,2024-05-28,9817
2354,鴻準,281,206,75,元大-東泰,2024-05-28,9817
00679B,元大美債20年,65,5,60,元大-東泰,2024-05-28,9817
5356,協益,54,1,53,元大-東泰,2024-05-28,9817
1101,台泥,55,3,52,元大-東泰,2024-05-28,9817
2317,鴻海,63,12,51,元大-東泰,2024-05-28,9817
8048,德勝,51,0,51,元大-東泰,2024-05-28,9817
2399,映泰,50,0,50,元大-東泰,2024-05-28,9817
1532,勤美,50,0,50,元大-東泰,2024-05-28,9817
3450,聯鈞,78,34,44,元大-東泰,2024-05-28,9817
1785,光洋科,58,17,41,元大-東泰,2024-05-28,9817
6274,台燿,41,0,41,元大-東泰,2024-05-28,9817
00665L,富邦�琤肭磪囓�2,40,0,40,元大-東泰,2024-05-28,9817
2892,第一金,40,1,39,元大-東泰,2024-05-28,9817
00918,大華優利高填息30,34,0,34,元大-東泰,2024-05-28,9817
1504,東元,33,1,32,元大-東泰,2024-05-28,9817
2363,矽統,62,30,32,元大-東泰,2024-05-28,9817
2886,兆豐金,32,1,31,元大-東泰,2024-05-28,9817
2303,聯電,67,37,30,元大-東泰,2024-05-28,9817
8028,昇陽半導體,69,44,25,元大-東泰,2024-05-28,9817
2374,佳能,26,1,25,元大-東泰,2024-05-28,9817
5347,世界,28,3,25,元大-東泰,2024-05-28,9817
6207,雷科,42,18,24,元大-東泰,2024-05-28,9817
3714,富采,25,3,22,元大-東泰,2024-05-28,9817
3594,磐儀,32,11,21,元大-東泰,2024-05-28,9817
2515,中工,25,4,21,元大-東泰,2024-05-28,9817
1608,華榮,22,1,21,元大-東泰,2024-05-28,9817
6245,立端,23,2,21,元大-東泰,2024-05-28,9817
6275,元山,36,15,21,元大-東泰,2024-05-28,9817
2426,鼎元,20,0,20,元大-東泰,2024-05-28,9817
3548,兆利,21,1,20,元大-東泰,2024-05-28,9817
00664R,國泰臺灣加權反1,20,0,20,元大-東泰,2024-05-28,9817
1434,福懋,20,0,20,元大-東泰,2024-05-28,9817
4157,太景*-KY,30,10,20,元大-東泰,2024-05-28,9817
6188,廣明,59,39,20,元大-東泰,2024-05-28,9817
2301,光寶科,48,30,18,元大-東泰,2024-05-28,9817
00931B,統一美債20年,20,2,18,元大-東泰,2024-05-28,9817
2027,大成鋼,18,0,18,元大-東泰,2024-05-28,9817
3535,晶彩科,30,13,17,元大-東泰,2024-05-28,9817
2324,仁寶,20,3,17,元大-東泰,2024-05-28,9817
2002,中鋼,20,4,16,元大-東泰,2024-05-28,9817
00679B,元大美債20年,344,3,341,元大-東泰,2024-05-29,9817
00937B,群益ESG投等債20,334,0,334,元大-東泰,2024-05-29,9817
1314,中石化,201,0,201,元大-東泰,2024-05-29,9817
00665L,富邦�琤肭磪囓�2,160,0,160,元大-東泰,2024-05-29,9817
2834,臺企銀,114,1,113,元大-東泰,2024-05-29,9817
00878,國泰永續高股息,105,5,100,元大-東泰,2024-05-29,9817
00919,群益台灣精選高息,123,31,92,元大-東泰,2024-05-29,9817
9945,潤泰新,86,1,85,元大-東泰,2024-05-29,9817
1101,台泥,94,12,82,元大-東泰,2024-05-29,9817
2891,中信金,97,16,81,元大-東泰,2024-05-29,9817
2880,華南金,72,0,72,元大-東泰,2024-05-29,9817
00687B,國泰20年美債,64,0,64,元大-東泰,2024-05-29,9817
4714,永捷,70,6,64,元大-東泰,2024-05-29,9817
00795B,中信美國公債20年,62,0,62,元大-東泰,2024-05-29,9817
2317,鴻海,77,16,61,元大-東泰,2024-05-29,9817
00882,中信中國高股息,62,2,60,元大-東泰,2024-05-29,9817
2489,瑞軒,170,112,58,元大-東泰,2024-05-29,9817
00940,元大台灣價值高息,115,57,58,元大-東泰,2024-05-29,9817
6668,中揚光,57,0,57,元大-東泰,2024-05-29,9817
3380,明泰,86,30,56,元大-東泰,2024-05-29,9817
9105,泰金寶-DR,56,0,56,元大-東泰,2024-05-29,9817
912000,晨訊科-DR,55,0,55,元大-東泰,2024-05-29,9817
2353,宏��,104,51,53,元大-東泰,2024-05-29,9817
2886,兆豐金,55,4,51,元大-東泰,2024-05-29,9817
2530,華建,47,0,47,元大-東泰,2024-05-29,9817
2344,華邦電,54,9,45,元大-東泰,2024-05-29,9817
2867,三商壽,73,30,43,元大-東泰,2024-05-29,9817
00751B,元大AAA至A公司債,66,25,41,元大-東泰,2024-05-29,9817
1453,大將,40,0,40,元大-東泰,2024-05-29,9817
2888,新光金,60,20,40,元大-東泰,2024-05-29,9817
2618,長榮航,68,30,38,元大-東泰,2024-05-29,9817
5880,合庫金,37,0,37,元大-東泰,2024-05-29,9817
3231,緯創,67,30,37,元大-東泰,2024-05-29,9817
2002,中鋼,36,0,36,元大-東泰,2024-05-29,9817
2603,長榮,61,26,35,元大-東泰,2024-05-29,9817
2506,太設,44,10,34,元大-東泰,2024-05-29,9817
2897,王道銀行,33,0,33,元大-東泰,2024-05-29,9817
00712,復華富時不動產,32,0,32,元大-東泰,2024-05-29,9817
6188,廣明,50,18,32,元大-東泰,2024-05-29,9817
2882,國泰金,39,8,31,元大-東泰,2024-05-29,9817
5230,雷笛克光學,37,7,30,元大-東泰,2024-05-29,9817
6116,彩晶,57,27,30,元大-東泰,2024-05-29,9817
2022,聚亨,30,0,30,元大-東泰,2024-05-29,9817
2610,華航,42,15,27,元大-東泰,2024-05-29,9817
2401,凌陽,226,199,27,元大-東泰,2024-05-29,9817
3048,益登,45,19,26,元大-東泰,2024-05-29,9817
00918,大華優利高填息30,25,1,24,元大-東泰,2024-05-29,9817
6269,台郡,25,1,24,元大-東泰,2024-05-29,9817
00857B,永豐20年美公債,23,0,23,元大-東泰,2024-05-29,9817
2515,中工,25,3,22,元大-東泰,2024-05-29,9817
1314,中石化,561,1,560,元大-東泰,2024-05-30,9817
00665L,富邦�琤肭磪囓�2,160,0,160,元大-東泰,2024-05-30,9817
00929,復華台灣科技優息,143,8,135,元大-東泰,2024-05-30,9817
2323,中環,134,0,134,元大-東泰,2024-05-30,9817
00940,元大台灣價值高息,171,37,134,元大-東泰,2024-05-30,9817
3231,緯創,157,25,132,元大-東泰,2024-05-30,9817
00937B,群益ESG投等債20,125,0,125,元大-東泰,2024-05-30,9817
6116,彩晶,131,9,122,元大-東泰,2024-05-30,9817
2489,瑞軒,230,115,115,元大-東泰,2024-05-30,9817
00679B,元大美債20年,128,28,100,元大-東泰,2024-05-30,9817
2506,太設,101,2,99,元大-東泰,2024-05-30,9817
1453,大將,121,25,96,元大-東泰,2024-05-30,9817
00878,國泰永續高股息,95,5,90,元大-東泰,2024-05-30,9817
2344,華邦電,118,38,80,元大-東泰,2024-05-30,9817
00830,國泰費城半導體,64,0,64,元大-東泰,2024-05-30,9817
2618,長榮航,101,39,62,元大-東泰,2024-05-30,9817
2886,兆豐金,61,0,61,元大-東泰,2024-05-30,9817
2353,宏��,89,32,57,元大-東泰,2024-05-30,9817
00712,復華富時不動產,56,1,55,元大-東泰,2024-05-30,9817
2354,鴻準,130,76,54,元大-東泰,2024-05-30,9817
2317,鴻海,82,30,52,元大-東泰,2024-05-30,9817
2885,元大金,55,7,48,元大-東泰,2024-05-30,9817
2892,第一金,48,1,47,元大-東泰,2024-05-30,9817
2002,中鋼,48,1,47,元大-東泰,2024-05-30,9817
1303,南亞,45,0,45,元大-東泰,2024-05-30,9817
1815,富喬,251,207,44,元大-東泰,2024-05-30,9817
2547,日勝生,43,0,43,元大-東泰,2024-05-30,9817
5880,合庫金,42,0,42,元大-東泰,2024-05-30,9817
2603,長榮,65,24,41,元大-東泰,2024-05-30,9817
2867,三商壽,63,24,39,元大-東泰,2024-05-30,9817
00847B,中信美國市政債,39,0,39,元大-東泰,2024-05-30,9817
2356,英業達,47,10,37,元大-東泰,2024-05-30,9817
00662,富邦NASDAQ,37,0,37,元大-東泰,2024-05-30,9817
6269,台郡,37,1,36,元大-東泰,2024-05-30,9817
3055,蔚華科,77,42,35,元大-東泰,2024-05-30,9817
00637L,元大滬深300正2,134,100,34,元大-東泰,2024-05-30,9817
2313,華通,39,6,33,元大-東泰,2024-05-30,9817
3645,達邁,33,0,33,元大-東泰,2024-05-30,9817
00931B,統一美債20年,31,0,31,元大-東泰,2024-05-30,9817
00946,群益科技高息成長,32,1,31,元大-東泰,2024-05-30,9817
4526,東台,29,0,29,元大-東泰,2024-05-30,9817
2363,矽統,58,32,26,元大-東泰,2024-05-30,9817
0056,元大高股息,28,4,24,元大-東泰,2024-05-30,9817
4716,大立,24,0,24,元大-東泰,2024-05-30,9817
2891,中信金,52,28,24,元大-東泰,2024-05-30,9817
2883,凱基金,27,3,24,元大-東泰,2024-05-30,9817
00919,群益台灣精選高息,61,38,23,元大-東泰,2024-05-30,9817
00687B,國泰20年美債,23,1,22,元大-東泰,2024-05-30,9817
1101,台泥,41,19,22,元大-東泰,2024-05-30,9817
00891,中信關鍵半導體,23,1,22,元大-東泰,2024-05-30,9817
1314,中石化,250,5,245,元大-東泰,2024-05-31,9817
2344,華邦電,193,21,172,元大-東泰,2024-05-31,9817
2892,第一金,134,0,134,元大-東泰,2024-05-31,9817
2886,兆豐金,111,1,110,元大-東泰,2024-05-31,9817
2609,陽明,402,294,108,元大-東泰,2024-05-31,9817
00637L,元大滬深300正2,104,0,104,元大-東泰,2024-05-31,9817
2317,鴻海,138,35,103,元大-東泰,2024-05-31,9817
00929,復華台灣科技優息,132,30,102,元大-東泰,2024-05-31,9817
2002,中鋼,83,11,72,元大-東泰,2024-05-31,9817
3231,緯創,80,15,65,元大-東泰,2024-05-31,9817
00919,群益台灣精選高息,152,91,61,元大-東泰,2024-05-31,9817
2882,國泰金,57,3,54,元大-東泰,2024-05-31,9817
2363,矽統,66,14,52,元大-東泰,2024-05-31,9817
00665L,富邦�琤肭磪囓�2,150,100,50,元大-東泰,2024-05-31,9817
00940,元大台灣價值高息,64,14,50,元大-東泰,2024-05-31,9817
4513,福裕,45,0,45,元大-東泰,2024-05-31,9817
2611,志信,44,1,43,元大-東泰,2024-05-31,9817
4967,十銓,46,4,42,元大-東泰,2024-05-31,9817
00878,國泰永續高股息,41,2,39,元大-東泰,2024-05-31,9817
00662,富邦NASDAQ,39,0,39,元大-東泰,2024-05-31,9817
00931B,統一美債20年,40,2,38,元大-東泰,2024-05-31,9817
2324,仁寶,41,5,36,元大-東泰,2024-05-31,9817
1609,大亞,37,3,34,元大-東泰,2024-05-31,9817
2891,中信金,38,5,33,元大-東泰,2024-05-31,9817
2354,鴻準,164,133,31,元大-東泰,2024-05-31,9817
00830,國泰費城半導體,31,0,31,元大-東泰,2024-05-31,9817
6182,合晶,34,4,30,元大-東泰,2024-05-31,9817
5469,瀚宇博,35,6,29,元大-東泰,2024-05-31,9817
6278,台表科,33,5,28,元大-東泰,2024-05-31,9817
00946,群益科技高息成長,28,0,28,元大-東泰,2024-05-31,9817
5009,榮剛,28,1,27,元大-東泰,2024-05-31,9817
2353,宏��,42,17,25,元大-東泰,2024-05-31,9817
2303,聯電,31,7,24,元大-東泰,2024-05-31,9817
6190,萬泰科,25,1,24,元大-東泰,2024-05-31,9817
2330,台積電,24,2,22,元大-東泰,2024-05-31,9817
2409,友達,36,14,22,元大-東泰,2024-05-31,9817
2329,華泰,38,17,21,元大-東泰,2024-05-31,9817
2889,國票金,21,0,21,元大-東泰,2024-05-31,9817
8096,擎亞,21,1,20,元大-東泰,2024-05-31,9817
4906,正文,26,6,20,元大-東泰,2024-05-31,9817
3687,歐買尬,24,6,18,元大-東泰,2024-05-31,9817
1301,台塑,19,1,18,元大-東泰,2024-05-31,9817
1815,富喬,50,33,17,元大-東泰,2024-05-31,9817
2634,漢翔,21,4,17,元大-東泰,2024-05-31,9817
2641,正德,30,14,16,元大-東泰,2024-05-31,9817
5880,合庫金,15,0,15,元大-東泰,2024-05-31,9817
1102,亞泥,15,0,15,元大-東泰,2024-05-31,9817
6770,力積電,35,20,15,元大-東泰,2024-05-31,9817
2425,承啟,19,6,13,元大-東泰,2024-05-31,9817
8086,宏捷科,13,0,13,元大-東泰,2024-05-31,9817
2880,華南金,243,4,239,元大-東泰,2024-06-03,9817
00665L,富邦�琤肭磪囓�2,200,0,200,元大-東泰,2024-06-03,9817
6209,今國光,160,2,158,元大-東泰,2024-06-03,9817
00632R,元大台灣50反1,142,0,142,元大-東泰,2024-06-03,9817
2892,第一金,139,0,139,元大-東泰,2024-06-03,9817
00919,群益台灣精選高息,251,151,100,元大-東泰,2024-06-03,9817
5469,瀚宇博,107,10,97,元大-東泰,2024-06-03,9817
6116,彩晶,111,18,93,元大-東泰,2024-06-03,9817
4979,華星光,92,6,86,元大-東泰,2024-06-03,9817
2867,三商壽,78,1,77,元大-東泰,2024-06-03,9817
2367,燿華,120,44,76,元大-東泰,2024-06-03,9817
00918,大華優利高填息30,70,0,70,元大-東泰,2024-06-03,9817
2409,友達,62,4,58,元大-東泰,2024-06-03,9817
2354,鴻準,118,69,49,元大-東泰,2024-06-03,9817
2489,瑞軒,82,35,47,元大-東泰,2024-06-03,9817
2641,正德,48,3,45,元大-東泰,2024-06-03,9817
2353,宏��,63,22,41,元大-東泰,2024-06-03,9817
1605,華新,39,0,39,元大-東泰,2024-06-03,9817
2618,長榮航,76,37,39,元大-東泰,2024-06-03,9817
2317,鴻海,61,27,34,元大-東泰,2024-06-03,9817
00715L,期街口布蘭特正2,34,1,33,元大-東泰,2024-06-03,9817
2889,國票金,32,0,32,元大-東泰,2024-06-03,9817
1303,南亞,29,3,26,元大-東泰,2024-06-03,9817
2615,萬海,113,89,24,元大-東泰,2024-06-03,9817
1815,富喬,52,28,24,元大-東泰,2024-06-03,9817
1582,信錦,44,20,24,元大-東泰,2024-06-03,9817
8936,國統,27,3,24,元大-東泰,2024-06-03,9817
2885,元大金,28,5,23,元大-東泰,2024-06-03,9817
2886,兆豐金,123,100,23,元大-東泰,2024-06-03,9817
00637L,元大滬深300正2,26,3,23,元大-東泰,2024-06-03,9817
2401,凌陽,27,6,21,元大-東泰,2024-06-03,9817
00830,國泰費城半導體,21,0,21,元大-東泰,2024-06-03,9817
8935,邦泰,20,0,20,元大-東泰,2024-06-03,9817
0056,元大高股息,22,2,20,元大-東泰,2024-06-03,9817
4533,協易機,97,79,18,元大-東泰,2024-06-03,9817
2897,王道銀行,18,0,18,元大-東泰,2024-06-03,9817
2337,旺宏,19,1,18,元大-東泰,2024-06-03,9817
6188,廣明,45,28,17,元大-東泰,2024-06-03,9817
1609,大亞,18,1,17,元大-東泰,2024-06-03,9817
2514,龍邦,25,9,16,元大-東泰,2024-06-03,9817
4919,新唐,16,0,16,元大-東泰,2024-06-03,9817
2313,華通,16,0,16,元大-東泰,2024-06-03,9817
8093,保銳,16,0,16,元大-東泰,2024-06-03,9817
5876,上海商銀,16,0,16,元大-東泰,2024-06-03,9817
6770,力積電,18,3,15,元大-東泰,2024-06-03,9817
3052,夆典,15,0,15,元大-東泰,2024-06-03,9817
00751B,元大AAA至A公司債,15,0,15,元大-東泰,2024-06-03,9817
9946,三發地產,22,8,14,元大-東泰,2024-06-03,9817
00635U,期元大S＆P黃金,14,0,14,元大-東泰,2024-06-03,9817
3059,華晶科,38,24,14,元大-東泰,2024-06-03,9817
1802,台玻,535,22,513,元大-東泰,2024-06-04,9817
2888,新光金,237,88,149,元大-東泰,2024-06-04,9817
6116,彩晶,130,0,130,元大-東泰,2024-06-04,9817
2344,華邦電,131,5,126,元大-東泰,2024-06-04,9817
2324,仁寶,141,16,125,元大-東泰,2024-06-04,9817
00936,台新永續高息中小,121,4,117,元大-東泰,2024-06-04,9817
00919,群益台灣精選高息,126,10,116,元大-東泰,2024-06-04,9817
00918,大華優利高填息30,172,66,106,元大-東泰,2024-06-04,9817
2409,友達,109,5,104,元大-東泰,2024-06-04,9817
00929,復華台灣科技優息,134,63,71,元大-東泰,2024-06-04,9817
00878,國泰永續高股息,67,3,64,元大-東泰,2024-06-04,9817
2317,鴻海,126,64,62,元大-東泰,2024-06-04,9817
6125,廣運,137,76,61,元大-東泰,2024-06-04,9817
9945,潤泰新,56,1,55,元大-東泰,2024-06-04,9817
0056,元大高股息,53,3,50,元大-東泰,2024-06-04,9817
4303,信立,51,2,49,元大-東泰,2024-06-04,9817
2353,宏��,66,18,48,元大-東泰,2024-06-04,9817
2303,聯電,110,62,48,元大-東泰,2024-06-04,9817
1101,台泥,49,5,44,元大-東泰,2024-06-04,9817
2520,冠德,43,1,42,元大-東泰,2024-06-04,9817
2892,第一金,41,0,41,元大-東泰,2024-06-04,9817
1815,富喬,86,45,41,元大-東泰,2024-06-04,9817
00942B,台新美A公司債20+,40,0,40,元大-東泰,2024-06-04,9817
2367,燿華,69,30,39,元大-東泰,2024-06-04,9817
2880,華南金,36,0,36,元大-東泰,2024-06-04,9817
1605,華新,32,0,32,元大-東泰,2024-06-04,9817
6190,萬泰科,32,1,31,元大-東泰,2024-06-04,9817
6209,今國光,33,2,31,元大-東泰,2024-06-04,9817
1453,大將,34,3,31,元大-東泰,2024-06-04,9817
8050,廣積,30,0,30,元大-東泰,2024-06-04,9817
8101,華冠,30,0,30,元大-東泰,2024-06-04,9817
2886,兆豐金,29,1,28,元大-東泰,2024-06-04,9817
4952,凌通,32,4,28,元大-東泰,2024-06-04,9817
2331,精英,78,51,27,元大-東泰,2024-06-04,9817
2301,光寶科,59,31,28,元大-東泰,2024-06-04,9817
2514,龍邦,28,4,24,元大-東泰,2024-06-04,9817
2617,台航,35,13,22,元大-東泰,2024-06-04,9817
2312,金寶,110,89,21,元大-東泰,2024-06-04,9817
00923,群益台ESG低碳50,20,0,20,元大-東泰,2024-06-04,9817
9105,泰金寶-DR,35,15,20,元大-東泰,2024-06-04,9817
3490,單井,21,2,19,元大-東泰,2024-06-04,9817
2885,元大金,24,6,18,元大-東泰,2024-06-04,9817
2610,華航,28,11,17,元大-東泰,2024-06-04,9817
2465,麗臺,28,11,17,元大-東泰,2024-06-04,9817
2365,昆盈,36,20,16,元大-東泰,2024-06-04,9817
00753L,中信中國50正2,17,2,15,元大-東泰,2024-06-04,9817
6182,合晶,15,0,15,元大-東泰,2024-06-04,9817
6477,安集,15,0,15,元大-東泰,2024-06-04,9817
2524,京城,16,1,15,元大-東泰,2024-06-04,9817
5426,振發,18,3,15,元大-東泰,2024-06-04,9817
00632R,元大台灣50反1,310,7,303,元大-東泰,2024-06-05,9817
00929,復華台灣科技優息,279,5,274,元大-東泰,2024-06-05,9817
00878,國泰永續高股息,191,42,149,元大-東泰,2024-06-05,9817
2892,第一金,114,0,114,元大-東泰,2024-06-05,9817
00715L,期街口布蘭特正2,112,0,112,元大-東泰,2024-06-05,9817
2344,華邦電,108,21,87,元大-東泰,2024-06-05,9817
00936,台新永續高息中小,87,0,87,元大-東泰,2024-06-05,9817
3062,建漢,100,28,72,元大-東泰,2024-06-05,9817
2609,陽明,469,411,58,元大-東泰,2024-06-05,9817
00942B,台新美A公司債20+,54,0,54,元大-東泰,2024-06-05,9817
3591,艾笛森,50,0,50,元大-東泰,2024-06-05,9817
2101,南港,60,16,44,元大-東泰,2024-06-05,9817
1802,台玻,46,3,43,元大-東泰,2024-06-05,9817
2009,第一銅,37,0,37,元大-東泰,2024-06-05,9817
00918,大華優利高填息30,37,0,37,元大-東泰,2024-06-05,9817
1434,福懋,33,0,33,元大-東泰,2024-06-05,9817
2331,精英,45,17,28,元大-東泰,2024-06-05,9817
00919,群益台灣精選高息,64,35,29,元大-東泰,2024-06-05,9817
2002,中鋼,30,2,28,元大-東泰,2024-06-05,9817
6425,易發,30,2,28,元大-東泰,2024-06-05,9817
2356,英業達,52,24,28,元大-東泰,2024-06-05,9817
3003,健和興,27,0,27,元大-東泰,2024-06-05,9817
2888,新光金,28,2,26,元大-東泰,2024-06-05,9817
2349,錸德,27,1,26,元大-東泰,2024-06-05,9817
00751B,元大AAA至A公司債,27,3,24,元大-東泰,2024-06-05,9817
2495,普安,30,7,23,元大-東泰,2024-06-05,9817
2885,元大金,23,0,23,元大-東泰,2024-06-05,9817
2105,正新,26,3,23,元大-東泰,2024-06-05,9817
2867,三商壽,32,10,22,元大-東泰,2024-06-05,9817
5515,建國,22,0,22,元大-東泰,2024-06-05,9817
2520,冠德,134,113,21,元大-東泰,2024-06-05,9817
9105,泰金寶-DR,21,0,21,元大-東泰,2024-06-05,9817
0056,元大高股息,22,2,20,元大-東泰,2024-06-05,9817
2637,慧洋-KY,20,1,19,元大-東泰,2024-06-05,9817
2486,一詮,33,15,18,元大-東泰,2024-06-05,9817
3231,緯創,21,3,18,元大-東泰,2024-06-05,9817
3372,典範,20,2,18,元大-東泰,2024-06-05,9817
3022,威強電,22,5,17,元大-東泰,2024-06-05,9817
2881,富邦金,218,201,17,元大-東泰,2024-06-05,9817
6161,捷波,21,4,17,元大-東泰,2024-06-05,9817
2330,台積電,20,4,16,元大-東泰,2024-06-05,9817
2324,仁寶,24,8,16,元大-東泰,2024-06-05,9817
1532,勤美,18,2,16,元大-東泰,2024-06-05,9817
2641,正德,39,24,15,元大-東泰,2024-06-05,9817
5519,隆大,17,2,15,元大-東泰,2024-06-05,9817
8011,台通,16,1,15,元大-東泰,2024-06-05,9817
2884,玉山金,18,5,13,元大-東泰,2024-06-05,9817
2617,台航,26,13,13,元大-東泰,2024-06-05,9817
3380,明泰,19,6,13,元大-東泰,2024-06-05,9817
2890,永豐金,15,2,13,元大-東泰,2024-06-05,9817
00632R,元大台灣50反1,1301,171,1130,元大-東泰,2024-06-06,9817
00942B,台新美A公司債20+,389,2,387,元大-東泰,2024-06-06,9817
00671R,富邦NASDAQ反1,171,0,171,元大-東泰,2024-06-06,9817
00936,台新永續高息中小,154,1,153,元大-東泰,2024-06-06,9817
2409,友達,153,5,148,元大-東泰,2024-06-06,9817
00676R,富邦臺灣加權反1,103,0,103,元大-東泰,2024-06-06,9817
2002,中鋼,108,12,96,元大-東泰,2024-06-06,9817
00946,群益科技高息成長,116,24,92,元大-東泰,2024-06-06,9817
2323,中環,91,1,90,元大-東泰,2024-06-06,9817
2611,志信,80,10,70,元大-東泰,2024-06-06,9817
2328,廣宇,85,24,61,元大-東泰,2024-06-06,9817
5880,合庫金,55,0,55,元大-東泰,2024-06-06,9817
1301,台塑,53,1,52,元大-東泰,2024-06-06,9817
00634R,富邦上証反1,51,0,51,元大-東泰,2024-06-06,9817
2458,義隆,50,0,50,元大-東泰,2024-06-06,9817
6548,長科*,51,1,50,元大-東泰,2024-06-06,9817
2354,鴻準,88,44,44,元大-東泰,2024-06-06,9817
2101,南港,66,24,42,元大-東泰,2024-06-06,9817
00878,國泰永續高股息,72,34,38,元大-東泰,2024-06-06,9817
6770,力積電,56,24,32,元大-東泰,2024-06-06,9817
2905,三商,27,0,27,元大-東泰,2024-06-06,9817
2353,宏��,31,6,25,元大-東泰,2024-06-06,9817
2317,鴻海,99,74,25,元大-東泰,2024-06-06,9817
6182,合晶,24,0,24,元大-東泰,2024-06-06,9817
1815,富喬,145,123,22,元大-東泰,2024-06-06,9817
6285,啟��,20,0,20,元大-東泰,2024-06-06,9817
1713,國化,20,0,20,元大-東泰,2024-06-06,9817
2613,中櫃,85,65,20,元大-東泰,2024-06-06,9817
6127,九豪,20,0,20,元大-東泰,2024-06-06,9817
2615,萬海,93,74,19,元大-東泰,2024-06-06,9817
6116,彩晶,55,36,19,元大-東泰,2024-06-06,9817
1314,中石化,27,8,19,元大-東泰,2024-06-06,9817
1471,首利,18,0,18,元大-東泰,2024-06-06,9817
1310,台苯,17,0,17,元大-東泰,2024-06-06,9817
5302,太欣,17,0,17,元大-東泰,2024-06-06,9817
3202,樺晟,19,3,16,元大-東泰,2024-06-06,9817
2363,矽統,23,7,16,元大-東泰,2024-06-06,9817
2331,精英,24,9,15,元大-東泰,2024-06-06,9817
2349,錸德,15,0,15,元大-東泰,2024-06-06,9817
00918,大華優利高填息30,15,0,15,元大-東泰,2024-06-06,9817
2641,正德,20,6,14,元大-東泰,2024-06-06,9817
2417,圓剛,23,9,14,元大-東泰,2024-06-06,9817
6026,福邦證,14,0,14,元大-東泰,2024-06-06,9817
5515,建國,14,0,14,元大-東泰,2024-06-06,9817
2634,漢翔,17,4,13,元大-東泰,2024-06-06,9817
2356,英業達,32,19,13,元大-東泰,2024-06-06,9817
3231,緯創,27,13,14,元大-東泰,2024-06-06,9817
2367,燿華,64,51,13,元大-東泰,2024-06-06,9817
3016,嘉晶,13,0,13,元大-東泰,2024-06-06,9817
6005,群益證,19,7,12,元大-東泰,2024-06-06,9817
00665L,富邦�琤肭磪囓�2,540,0,540,元大-東泰,2024-06-07,9817
00680L,元大美債20正2,363,101,262,元大-東泰,2024-06-07,9817
2356,英業達,242,22,220,元大-東泰,2024-06-07,9817
00936,台新永續高息中小,219,0,219,元大-東泰,2024-06-07,9817
00919,群益台灣精選高息,125,36,89,元大-東泰,2024-06-07,9817
00942B,台新美A公司債20+,72,0,72,元大-東泰,2024-06-07,9817
00929,復華台灣科技優息,96,29,67,元大-東泰,2024-06-07,9817
2609,陽明,318,256,62,元大-東泰,2024-06-07,9817
2520,冠德,62,1,61,元大-東泰,2024-06-07,9817
2312,金寶,111,50,61,元大-東泰,2024-06-07,9817
4157,太景*-KY,63,3,60,元大-東泰,2024-06-07,9817
9105,泰金寶-DR,62,11,51,元大-東泰,2024-06-07,9817
00637L,元大滬深300正2,178,131,47,元大-東泰,2024-06-07,9817
2009,第一銅,42,5,37,元大-東泰,2024-06-07,9817
00650L,復華香港正2,30,0,30,元大-東泰,2024-06-07,9817
9924,福興,30,0,30,元大-東泰,2024-06-07,9817
2881,富邦金,229,200,29,元大-東泰,2024-06-07,9817
3231,緯創,63,37,26,元大-東泰,2024-06-07,9817
2603,長榮,45,18,27,元大-東泰,2024-06-07,9817
2365,昆盈,27,2,25,元大-東泰,2024-06-07,9817
00720B,元大投資級公司債,30,5,25,元大-東泰,2024-06-07,9817
2105,正新,24,0,24,元大-東泰,2024-06-07,9817
4919,新唐,24,0,24,元大-東泰,2024-06-07,9817
2641,正德,42,20,22,元大-東泰,2024-06-07,9817
00730,富邦臺灣優質高息,21,0,21,元大-東泰,2024-06-07,9817
5512,力麒,35,14,21,元大-東泰,2024-06-07,9817
2352,佳世達,19,1,18,元大-東泰,2024-06-07,9817
2241,艾姆勒,21,3,18,元大-東泰,2024-06-07,9817
1314,中石化,34,17,17,元大-東泰,2024-06-07,9817
2313,華通,46,29,17,元大-東泰,2024-06-07,9817
3380,明泰,16,0,16,元大-東泰,2024-06-07,9817
3122,笙泉,31,16,15,元大-東泰,2024-06-07,9817
9943,好樂迪,15,0,15,元大-東泰,2024-06-07,9817
5880,合庫金,17,2,15,元大-東泰,2024-06-07,9817
4906,正文,26,11,15,元大-東泰,2024-06-07,9817
00891,中信關鍵半導體,17,3,14,元大-東泰,2024-06-07,9817
3706,神達,14,0,14,元大-東泰,2024-06-07,9817
6264,富裔,20,6,14,元大-東泰,2024-06-07,9817
2801,彰銀,15,2,13,元大-東泰,2024-06-07,9817
00713,元大台灣高息低波,15,1,14,元大-東泰,2024-06-07,9817
8110,華東,13,0,13,元大-東泰,2024-06-07,9817
3163,波若威,13,0,13,元大-東泰,2024-06-07,9817
2613,中櫃,50,37,13,元大-東泰,2024-06-07,9817
2354,鴻準,32,20,12,元大-東泰,2024-06-07,9817
1324,地球,12,0,12,元大-東泰,2024-06-07,9817
2328,廣宇,14,3,11,元大-東泰,2024-06-07,9817
3483,力致,12,1,11,元大-東泰,2024-06-07,9817
2317,鴻海,33,22,11,元大-東泰,2024-06-07,9817
1503,士電,29,18,11,元大-東泰,2024-06-07,9817
1101,台泥,20,9,11,元大-東泰,2024-06-07,9817
1802,台玻,464,17,447,元大-東泰,2024-06-11,9817
3231,緯創,158,23,135,元大-東泰,2024-06-11,9817
00918,大華優利高填息30,130,5,125,元大-東泰,2024-06-11,9817
00687B,國泰20年美債,135,10,125,元大-東泰,2024-06-11,9817
00942B,台新美A公司債20+,121,0,121,元大-東泰,2024-06-11,9817
00919,群益台灣精選高息,148,29,119,元大-東泰,2024-06-11,9817
6274,台燿,103,0,103,元大-東泰,2024-06-11,9817
2609,陽明,489,387,102,元大-東泰,2024-06-11,9817
2344,華邦電,160,59,101,元大-東泰,2024-06-11,9817
1314,中石化,116,20,96,元大-東泰,2024-06-11,9817
00937B,群益ESG投等債20,376,291,85,元大-東泰,2024-06-11,9817
00679B,元大美債20年,131,52,79,元大-東泰,2024-06-11,9817
6116,彩晶,79,8,71,元大-東泰,2024-06-11,9817
2603,長榮,83,13,70,元大-東泰,2024-06-11,9817
00936,台新永續高息中小,83,14,69,元大-東泰,2024-06-11,9817
2002,中鋼,70,3,67,元大-東泰,2024-06-11,9817
00929,復華台灣科技優息,79,15,64,元大-東泰,2024-06-11,9817
00680L,元大美債20正2,63,0,63,元大-東泰,2024-06-11,9817
1608,華榮,116,54,62,元大-東泰,2024-06-11,9817
00795B,中信美國公債20年,57,0,57,元大-東泰,2024-06-11,9817
2515,中工,56,7,49,元大-東泰,2024-06-11,9817
00637L,元大滬深300正2,148,100,48,元大-東泰,2024-06-11,9817
8011,台通,45,3,42,元大-東泰,2024-06-11,9817
2615,萬海,67,30,37,元大-東泰,2024-06-11,9817
3576,聯合再生,38,2,36,元大-東泰,2024-06-11,9817
2543,皇昌,41,5,36,元大-東泰,2024-06-11,9817
2371,大同,45,9,36,元大-東泰,2024-06-11,9817
6548,長科*,46,10,36,元大-東泰,2024-06-11,9817
2356,英業達,264,229,35,元大-東泰,2024-06-11,9817
00751B,元大AAA至A公司債,33,0,33,元大-東泰,2024-06-11,9817
00720B,元大投資級公司債,47,15,32,元大-東泰,2024-06-11,9817
00772B,中信高評級公司債,30,0,30,元大-東泰,2024-06-11,9817
5328,華容,30,0,30,元大-東泰,2024-06-11,9817
00933B,國泰10Y+金融債,38,9,29,元大-東泰,2024-06-11,9817
2514,龍邦,31,2,29,元大-東泰,2024-06-11,9817
1815,富喬,82,54,28,元大-東泰,2024-06-11,9817
00882,中信中國高股息,28,0,28,元大-東泰,2024-06-11,9817
3287,廣寰科,33,8,25,元大-東泰,2024-06-11,9817
2009,第一銅,25,0,25,元大-東泰,2024-06-11,9817
00635U,期元大S＆P黃金,24,0,24,元大-東泰,2024-06-11,9817
1218,泰山,24,0,24,元大-東泰,2024-06-11,9817
2329,華泰,33,9,24,元大-東泰,2024-06-11,9817
2409,友達,28,5,23,元大-東泰,2024-06-11,9817
2374,佳能,34,12,22,元大-東泰,2024-06-11,9817
00946,群益科技高息成長,26,4,22,元大-東泰,2024-06-11,9817
1313,聯成,21,0,21,元大-東泰,2024-06-11,9817
6125,廣運,34,13,21,元大-東泰,2024-06-11,9817
1504,東元,24,4,20,元大-東泰,2024-06-11,9817
9945,潤泰新,29,9,20,元大-東泰,2024-06-11,9817
2482,連宇,23,3,20,元大-東泰,2024-06-11,9817
00632R,元大台灣50反1,1531,740,791,元大-東泰,2024-06-12,9817
00671R,富邦NASDAQ反1,400,0,400,元大-東泰,2024-06-12,9817
00942B,台新美A公司債20+,302,0,302,元大-東泰,2024-06-12,9817
1802,台玻,202,3,199,元大-東泰,2024-06-12,9817
2356,英業達,370,242,128,元大-東泰,2024-06-12,9817
1314,中石化,151,32,119,元大-東泰,2024-06-12,9817
00937B,群益ESG投等債20,121,3,118,元大-東泰,2024-06-12,9817
00948B,中信優息投資級債,115,0,115,元大-東泰,2024-06-12,9817
2883,凱基金,160,46,114,元大-東泰,2024-06-12,9817
2881,富邦金,301,204,97,元大-東泰,2024-06-12,9817
2409,友達,90,0,90,元大-東泰,2024-06-12,9817
3481,群創,64,0,64,元大-東泰,2024-06-12,9817
2002,中鋼,64,4,60,元大-東泰,2024-06-12,9817
2344,華邦電,239,179,60,元大-東泰,2024-06-12,9817
3231,緯創,75,21,54,元大-東泰,2024-06-12,9817
00919,群益台灣精選高息,98,46,52,元大-東泰,2024-06-12,9817
00712,復華富時不動產,48,0,48,元大-東泰,2024-06-12,9817
00680L,元大美債20正2,51,4,47,元大-東泰,2024-06-12,9817
6116,彩晶,47,2,45,元大-東泰,2024-06-12,9817
00918,大華優利高填息30,47,2,45,元大-東泰,2024-06-12,9817
4157,太景*-KY,42,0,42,元大-東泰,2024-06-12,9817
00947,台新臺灣IC設計,40,0,40,元大-東泰,2024-06-12,9817
1605,華新,39,0,39,元大-東泰,2024-06-12,9817
00679B,元大美債20年,56,18,38,元大-東泰,2024-06-12,9817
5608,四維航,34,3,31,元大-東泰,2024-06-12,9817
6770,力積電,62,32,30,元大-東泰,2024-06-12,9817
2353,宏��,33,5,28,元大-東泰,2024-06-12,9817
3311,閎暉,26,0,26,元大-東泰,2024-06-12,9817
00687B,國泰20年美債,26,1,25,元大-東泰,2024-06-12,9817
2458,義隆,25,0,25,元大-東泰,2024-06-12,9817
2382,廣達,29,9,20,元大-東泰,2024-06-12,9817
9105,泰金寶-DR,20,0,20,元大-東泰,2024-06-12,9817
2025,千興,20,0,20,元大-東泰,2024-06-12,9817
6005,群益證,20,0,20,元大-東泰,2024-06-12,9817
2897,王道銀行,20,0,20,元大-東泰,2024-06-12,9817
5512,力麒,20,1,19,元大-東泰,2024-06-12,9817
6216,居易,33,15,18,元大-東泰,2024-06-12,9817
1466,聚隆,23,6,17,元大-東泰,2024-06-12,9817
6223,旺矽,20,3,17,元大-東泰,2024-06-12,9817
2324,仁寶,18,2,16,元大-東泰,2024-06-12,9817
2515,中工,20,4,16,元大-東泰,2024-06-12,9817
2641,正德,18,2,16,元大-東泰,2024-06-12,9817
6419,京晨科,16,1,15,元大-東泰,2024-06-12,9817
2609,陽明,294,279,15,元大-東泰,2024-06-12,9817
2392,正崴,14,0,14,元大-東泰,2024-06-12,9817
2312,金寶,15,1,14,元大-東泰,2024-06-12,9817
2406,國碩,14,0,14,元大-東泰,2024-06-12,9817
2610,華航,34,20,14,元大-東泰,2024-06-12,9817
2606,裕民,19,6,13,元大-東泰,2024-06-12,9817
2371,大同,34,21,13,元大-東泰,2024-06-12,9817
00632R,元大台灣50反1,1029,33,996,元大-東泰,2024-06-13,9817
00671R,富邦NASDAQ反1,600,0,600,元大-東泰,2024-06-13,9817
2609,陽明,492,170,322,元大-東泰,2024-06-13,9817
1314,中石化,276,1,275,元大-東泰,2024-06-13,9817
2504,國產,201,2,199,元大-東泰,2024-06-13,9817
00929,復華台灣科技優息,230,33,197,元大-東泰,2024-06-13,9817
2867,三商壽,145,9,136,元大-東泰,2024-06-13,9817
3481,群創,116,31,85,元大-東泰,2024-06-13,9817
2888,新光金,159,81,78,元大-東泰,2024-06-13,9817
1609,大亞,87,18,69,元大-東泰,2024-06-13,9817
4157,太景*-KY,50,0,50,元大-東泰,2024-06-13,9817
00885,富邦越南,50,2,48,元大-東泰,2024-06-13,9817
2002,中鋼,44,1,43,元大-東泰,2024-06-13,9817
2618,長榮航,101,59,42,元大-東泰,2024-06-13,9817
00919,群益台灣精選高息,75,34,41,元大-東泰,2024-06-13,9817
00662,富邦NASDAQ,40,2,38,元大-東泰,2024-06-13,9817
2323,中環,34,0,34,元大-東泰,2024-06-13,9817
00936,台新永續高息中小,75,42,33,元大-東泰,2024-06-13,9817
2501,國建,40,9,31,元大-東泰,2024-06-13,9817
911868,同方友友-DR,30,0,30,元大-東泰,2024-06-13,9817
2603,長榮,48,18,30,元大-東泰,2024-06-13,9817
2401,凌陽,29,1,28,元大-東泰,2024-06-13,9817
2905,三商,22,0,22,元大-東泰,2024-06-13,9817
1815,富喬,51,30,21,元大-東泰,2024-06-13,9817
00673R,期元大S＆P原油反1,20,0,20,元大-東泰,2024-06-13,9817
3311,閎暉,20,0,20,元大-東泰,2024-06-13,9817
00918,大華優利高填息30,64,46,18,元大-東泰,2024-06-13,9817
2891,中信金,25,7,18,元大-東泰,2024-06-13,9817
00895,富邦未來車,20,2,18,元大-東泰,2024-06-13,9817
4919,新唐,18,0,18,元大-東泰,2024-06-13,9817
00948B,中信優息投資級債,28,10,18,元大-東泰,2024-06-13,9817
2353,宏��,46,28,18,元大-東泰,2024-06-13,9817
1504,東元,17,0,17,元大-東泰,2024-06-13,9817
3013,晟銘電,31,15,16,元大-東泰,2024-06-13,9817
2426,鼎元,16,0,16,元大-東泰,2024-06-13,9817
1522,堤維西,21,5,16,元大-東泰,2024-06-13,9817
2882,國泰金,19,4,15,元大-東泰,2024-06-13,9817
4906,正文,19,4,15,元大-東泰,2024-06-13,9817
00937B,群益ESG投等債20,50,36,14,元大-東泰,2024-06-13,9817
2359,所羅門,73,59,14,元大-東泰,2024-06-13,9817
1587,吉茂,15,1,14,元大-東泰,2024-06-13,9817
3164,景岳,14,0,14,元大-東泰,2024-06-13,9817
00637L,元大滬深300正2,14,0,14,元大-東泰,2024-06-13,9817
9907,統一實,15,2,13,元大-東泰,2024-06-13,9817
00947,台新臺灣IC設計,15,2,13,元大-東泰,2024-06-13,9817
4968,立積,16,3,13,元大-東泰,2024-06-13,9817
1326,台化,12,0,12,元大-東泰,2024-06-13,9817
2007,燁興,12,0,12,元大-東泰,2024-06-13,9817
1325,恆大,12,0,12,元大-東泰,2024-06-13,9817
6147,頎邦,11,0,11,元大-東泰,2024-06-13,9817
00942B,台新美A公司債20+,1948,10,1938,元大-東泰,2024-06-14,9817
00632R,元大台灣50反1,500,0,500,元大-東泰,2024-06-14,9817
00671R,富邦NASDAQ反1,500,0,500,元大-東泰,2024-06-14,9817
00933B,國泰10Y+金融債,357,3,354,元大-東泰,2024-06-14,9817
3105,穩懋,160,11,149,元大-東泰,2024-06-14,9817
00919,群益台灣精選高息,151,10,141,元大-東泰,2024-06-14,9817
00948B,中信優息投資級債,130,0,130,元大-東泰,2024-06-14,9817
2025,千興,130,11,119,元大-東泰,2024-06-14,9817
00676R,富邦臺灣加權反1,103,0,103,元大-東泰,2024-06-14,9817
9933,中鼎,103,0,103,元大-東泰,2024-06-14,9817
2017,官田鋼,100,1,99,元大-東泰,2024-06-14,9817
00918,大華優利高填息30,75,0,75,元大-東泰,2024-06-14,9817
1609,大亞,165,100,65,元大-東泰,2024-06-14,9817
2009,第一銅,62,1,61,元大-東泰,2024-06-14,9817
3202,樺晟,66,11,55,元大-東泰,2024-06-14,9817
1612,宏泰,55,6,49,元大-東泰,2024-06-14,9817
2371,大同,179,140,39,元大-東泰,2024-06-14,9817
1815,富喬,43,5,38,元大-東泰,2024-06-14,9817
5531,鄉林,44,7,37,元大-東泰,2024-06-14,9817
9945,潤泰新,36,2,34,元大-東泰,2024-06-14,9817
2344,華邦電,114,81,33,元大-東泰,2024-06-14,9817
2323,中環,34,3,31,元大-東泰,2024-06-14,9817
6026,福邦證,31,0,31,元大-東泰,2024-06-14,9817
2486,一詮,40,11,29,元大-東泰,2024-06-14,9817
00936,台新永續高息中小,49,20,29,元大-東泰,2024-06-14,9817
2330,台積電,28,2,26,元大-東泰,2024-06-14,9817
3311,閎暉,26,0,26,元大-東泰,2024-06-14,9817
6207,雷科,27,3,24,元大-東泰,2024-06-14,9817
3024,憶聲,23,1,22,元大-東泰,2024-06-14,9817
6552,易華電,39,17,22,元大-東泰,2024-06-14,9817
9105,泰金寶-DR,58,37,21,元大-東泰,2024-06-14,9817
00712,復華富時不動產,29,8,21,元大-東泰,2024-06-14,9817
00719B,元大美債1-3,20,0,20,元大-東泰,2024-06-14,9817
2028,威致,20,0,20,元大-東泰,2024-06-14,9817
2027,大成鋼,20,1,19,元大-東泰,2024-06-14,9817
00713,元大台灣高息低波,20,1,19,元大-東泰,2024-06-14,9817
00946,群益科技高息成長,22,3,19,元大-東泰,2024-06-14,9817
2618,長榮航,25,7,18,元大-東泰,2024-06-14,9817
3576,聯合再生,20,2,18,元大-東泰,2024-06-14,9817
5347,世界,22,5,17,元大-東泰,2024-06-14,9817
3357,臺慶科,16,0,16,元大-東泰,2024-06-14,9817
4533,協易機,55,39,16,元大-東泰,2024-06-14,9817
2887,台新金,15,0,15,元大-東泰,2024-06-14,9817
1717,長興,16,3,13,元大-東泰,2024-06-14,9817
1809,中釉,13,0,13,元大-東泰,2024-06-14,9817
5243,乙盛-KY,21,9,12,元大-東泰,2024-06-14,9817
00947,台新臺灣IC設計,12,0,12,元大-東泰,2024-06-14,9817
2241,艾姆勒,25,14,11,元大-東泰,2024-06-14,9817
2324,仁寶,12,1,11,元大-東泰,2024-06-14,9817
2353,宏��,20,9,11,元大-東泰,2024-06-14,9817
00671R,富邦NASDAQ反1,500,0,500,元大-東泰,2024-06-17,9817
1618,合機,267,67,200,元大-東泰,2024-06-17,9817
00918,大華優利高填息30,180,0,180,元大-東泰,2024-06-17,9817
00929,復華台灣科技優息,195,48,147,元大-東泰,2024-06-17,9817
00937B,群益ESG投等債20,148,16,132,元大-東泰,2024-06-17,9817
1608,華榮,144,33,111,元大-東泰,2024-06-17,9817
6770,力積電,153,47,106,元大-東泰,2024-06-17,9817
00936,台新永續高息中小,136,37,99,元大-東泰,2024-06-17,9817
00940,元大台灣價值高息,425,340,85,元大-東泰,2024-06-17,9817
3481,群創,222,142,80,元大-東泰,2024-06-17,9817
2615,萬海,134,74,60,元大-東泰,2024-06-17,9817
2515,中工,62,5,57,元大-東泰,2024-06-17,9817
00687B,國泰20年美債,61,13,48,元大-東泰,2024-06-17,9817
2897,王道銀行,46,0,46,元大-東泰,2024-06-17,9817
3149,正達,50,5,45,元大-東泰,2024-06-17,9817
9105,泰金寶-DR,37,0,37,元大-東泰,2024-06-17,9817
2609,陽明,131,95,36,元大-東泰,2024-06-17,9817
1528,恩德,32,0,32,元大-東泰,2024-06-17,9817
00933B,國泰10Y+金融債,34,3,31,元大-東泰,2024-06-17,9817
3311,閎暉,30,0,30,元大-東泰,2024-06-17,9817
00753L,中信中國50正2,38,9,29,元大-東泰,2024-06-17,9817
2888,新光金,33,4,29,元大-東泰,2024-06-17,9817
00947,台新臺灣IC設計,28,1,27,元大-東泰,2024-06-17,9817
6116,彩晶,26,0,26,元大-東泰,2024-06-17,9817
00662,富邦NASDAQ,27,2,25,元大-東泰,2024-06-17,9817
2317,鴻海,66,43,23,元大-東泰,2024-06-17,9817
1503,士電,72,48,24,元大-東泰,2024-06-17,9817
00688L,國泰20年美債正2,23,0,23,元大-東泰,2024-06-17,9817
2867,三商壽,27,5,22,元大-東泰,2024-06-17,9817
4160,訊聯基因,21,0,21,元大-東泰,2024-06-17,9817
2501,國建,26,5,21,元大-東泰,2024-06-17,9817
2101,南港,35,15,20,元大-東泰,2024-06-17,9817
1455,集盛,30,10,20,元大-東泰,2024-06-17,9817
2354,鴻準,30,11,19,元大-東泰,2024-06-17,9817
00942B,台新美A公司債20+,20,3,17,元大-東泰,2024-06-17,9817
2883,凱基金,20,3,17,元大-東泰,2024-06-17,9817
1504,東元,23,6,17,元大-東泰,2024-06-17,9817
3231,緯創,23,7,16,元大-東泰,2024-06-17,9817
1109,信大,16,0,16,元大-東泰,2024-06-17,9817
2440,太空梭,20,5,15,元大-東泰,2024-06-17,9817
2881,富邦金,14,0,14,元大-東泰,2024-06-17,9817
1305,華夏,14,0,14,元大-東泰,2024-06-17,9817
3013,晟銘電,39,25,14,元大-東泰,2024-06-17,9817
2883B,凱基金乙特,14,0,14,元大-東泰,2024-06-17,9817
8050,廣積,16,2,14,元大-東泰,2024-06-17,9817
2421,建準,12,0,12,元大-東泰,2024-06-17,9817
4538,大詠城,12,0,12,元大-東泰,2024-06-17,9817
2482,連宇,12,0,12,元大-東泰,2024-06-17,9817
2376,技嘉,14,3,11,元大-東泰,2024-06-17,9817
3466,德晉,11,0,11,元大-東泰,2024-06-17,9817
00936,台新永續高息中小,178,10,168,元大-東泰,2024-06-18,9817
2409,友達,266,99,167,元大-東泰,2024-06-18,9817
6116,彩晶,137,2,135,元大-東泰,2024-06-18,9817
9105,泰金寶-DR,158,55,103,元大-東泰,2024-06-18,9817
00637L,元大滬深300正2,100,0,100,元大-東泰,2024-06-18,9817
00676R,富邦臺灣加權反1,100,0,100,元大-東泰,2024-06-18,9817
3481,群創,227,128,99,元大-東泰,2024-06-18,9817
3260,威剛,92,8,84,元大-東泰,2024-06-18,9817
00687B,國泰20年美債,79,2,77,元大-東泰,2024-06-18,9817
2363,矽統,93,22,71,元大-東泰,2024-06-18,9817
00632R,元大台灣50反1,634,565,69,元大-東泰,2024-06-18,9817
2009,第一銅,71,4,67,元大-東泰,2024-06-18,9817
00679B,元大美債20年,72,20,52,元大-東泰,2024-06-18,9817
00947,台新臺灣IC設計,45,1,44,元大-東泰,2024-06-18,9817
911868,同方友友-DR,56,14,42,元大-東泰,2024-06-18,9817
4906,正文,42,2,40,元大-東泰,2024-06-18,9817
00918,大華優利高填息30,71,31,40,元大-東泰,2024-06-18,9817
00942B,台新美A公司債20+,39,0,39,元大-東泰,2024-06-18,9817
00937B,群益ESG投等債20,90,51,39,元大-東泰,2024-06-18,9817
4157,太景*-KY,40,2,38,元大-東泰,2024-06-18,9817
2323,中環,34,0,34,元大-東泰,2024-06-18,9817
2888,新光金,120,87,33,元大-東泰,2024-06-18,9817
2371,大同,108,75,33,元大-東泰,2024-06-18,9817
00940,元大台灣價值高息,388,356,32,元大-東泰,2024-06-18,9817
2353,宏��,53,24,29,元大-東泰,2024-06-18,9817
5340,建榮,37,9,28,元大-東泰,2024-06-18,9817
3419,譁裕,30,4,26,元大-東泰,2024-06-18,9817
00919,群益台灣精選高息,76,53,23,元大-東泰,2024-06-18,9817
00688L,國泰20年美債正2,20,0,20,元大-東泰,2024-06-18,9817
3013,晟銘電,31,11,20,元大-東泰,2024-06-18,9817
1504,東元,25,6,19,元大-東泰,2024-06-18,9817
3311,閎暉,19,0,19,元大-東泰,2024-06-18,9817
8358,金居,20,2,18,元大-東泰,2024-06-18,9817
2801,彰銀,20,3,17,元大-東泰,2024-06-18,9817
1314,中石化,23,6,17,元大-東泰,2024-06-18,9817
6770,力積電,68,52,16,元大-東泰,2024-06-18,9817
9103,美德醫療-DR,16,0,16,元大-東泰,2024-06-18,9817
4973,廣穎,16,0,16,元大-東泰,2024-06-18,9817
1301,台塑,18,3,15,元大-東泰,2024-06-18,9817
1608,華榮,27,13,14,元大-東泰,2024-06-18,9817
2317,鴻海,45,32,13,元大-東泰,2024-06-18,9817
6125,廣運,18,4,14,元大-東泰,2024-06-18,9817
5392,能率,22,9,13,元大-東泰,2024-06-18,9817
4979,華星光,17,4,13,元大-東泰,2024-06-18,9817
2465,麗臺,12,0,12,元大-東泰,2024-06-18,9817
4919,新唐,12,0,12,元大-東泰,2024-06-18,9817
6263,普萊德,13,1,12,元大-東泰,2024-06-18,9817
6841,長佳智能,14,2,12,元大-東泰,2024-06-18,9817
1605,華新,15,3,12,元大-東泰,2024-06-18,9817
2354,鴻準,24,12,12,元大-東泰,2024-06-18,9817
00632R,元大台灣50反1,2682,1154,1528,元大-東泰,2024-06-19,9817
8064,東捷,253,12,241,元大-東泰,2024-06-19,9817
2371,大同,205,44,161,元大-東泰,2024-06-19,9817
00936,台新永續高息中小,227,87,140,元大-東泰,2024-06-19,9817
00929,復華台灣科技優息,205,71,134,元大-東泰,2024-06-19,9817
00751B,元大AAA至A公司債,179,60,119,元大-東泰,2024-06-19,9817
2344,華邦電,181,67,114,元大-東泰,2024-06-19,9817
2409,友達,138,26,112,元大-東泰,2024-06-19,9817
00676R,富邦臺灣加權反1,104,0,104,元大-東泰,2024-06-19,9817
2610,華航,100,26,74,元大-東泰,2024-06-19,9817
00687B,國泰20年美債,78,5,73,元大-東泰,2024-06-19,9817
3202,樺晟,68,3,65,元大-東泰,2024-06-19,9817
1784,訊聯,57,1,56,元大-東泰,2024-06-19,9817
6770,力積電,61,6,55,元大-東泰,2024-06-19,9817
1314,中石化,53,0,53,元大-東泰,2024-06-19,9817
4967,十銓,85,35,50,元大-東泰,2024-06-19,9817
00947,台新臺灣IC設計,54,4,50,元大-東泰,2024-06-19,9817
00933B,國泰10Y+金融債,60,16,44,元大-東泰,2024-06-19,9817
00946,群益科技高息成長,41,0,41,元大-東泰,2024-06-19,9817
00665L,富邦�琤肭磪囓�2,40,0,40,元大-東泰,2024-06-19,9817
3062,建漢,85,49,36,元大-東泰,2024-06-19,9817
2324,仁寶,58,28,30,元大-東泰,2024-06-19,9817
00944,野村趨勢動能高息,42,12,30,元大-東泰,2024-06-19,9817
3311,閎暉,32,2,30,元大-東泰,2024-06-19,9817
3623,富晶通,28,0,28,元大-東泰,2024-06-19,9817
3003,健和興,28,0,28,元大-東泰,2024-06-19,9817
6552,易華電,27,0,27,元大-東泰,2024-06-19,9817
2303,聯電,43,19,24,元大-東泰,2024-06-19,9817
8110,華東,31,7,24,元大-東泰,2024-06-19,9817
3036,文曄,29,7,22,元大-東泰,2024-06-19,9817
2328,廣宇,25,3,22,元大-東泰,2024-06-19,9817
2440,太空梭,21,0,21,元大-東泰,2024-06-19,9817
8070,長華*,21,0,21,元大-東泰,2024-06-19,9817
3264,欣銓,21,0,21,元大-東泰,2024-06-19,9817
5351,鈺創,21,0,21,元大-東泰,2024-06-19,9817
3438,類比科,36,16,20,元大-東泰,2024-06-19,9817
2353,宏��,53,33,20,元大-東泰,2024-06-19,9817
6026,福邦證,20,0,20,元大-東泰,2024-06-19,9817
8150,南茂,20,0,20,元大-東泰,2024-06-19,9817
3149,正達,20,0,20,元大-東泰,2024-06-19,9817
00713,元大台灣高息低波,33,13,20,元大-東泰,2024-06-19,9817
1584,精剛,19,0,19,元大-東泰,2024-06-19,9817
1514,亞力,27,9,18,元大-東泰,2024-06-19,9817
4979,華星光,30,12,18,元大-東泰,2024-06-19,9817
1815,富喬,53,35,18,元大-東泰,2024-06-19,9817
2033,佳大,17,0,17,元大-東泰,2024-06-19,9817
2330,台積電,32,15,17,元大-東泰,2024-06-19,9817
3231,緯創,85,68,17,元大-東泰,2024-06-19,9817
8358,金居,18,1,17,元大-東泰,2024-06-19,9817
3038,全台,16,0,16,元大-東泰,2024-06-19,9817
00632R,元大台灣50反1,1586,585,1001,元大-東泰,2024-06-20,9817
00650L,復華香港正2,150,0,150,元大-東泰,2024-06-20,9817
2332,友訊,150,0,150,元大-東泰,2024-06-20,9817
00936,台新永續高息中小,137,0,137,元大-東泰,2024-06-20,9817
00671R,富邦NASDAQ反1,100,0,100,元大-東泰,2024-06-20,9817
00687B,國泰20年美債,100,0,100,元大-東泰,2024-06-20,9817
00937B,群益ESG投等債20,82,4,78,元大-東泰,2024-06-20,9817
912000,晨訊科-DR,78,1,77,元大-東泰,2024-06-20,9817
1609,大亞,119,57,62,元大-東泰,2024-06-20,9817
1309,台達化,55,0,55,元大-東泰,2024-06-20,9817
00929,復華台灣科技優息,110,55,55,元大-東泰,2024-06-20,9817
4714,永捷,52,0,52,元大-東泰,2024-06-20,9817
5907,大洋-KY,50,0,50,元大-東泰,2024-06-20,9817
4526,東台,113,65,48,元大-東泰,2024-06-20,9817
00947,台新臺灣IC設計,43,2,41,元大-東泰,2024-06-20,9817
00946,群益科技高息成長,40,0,40,元大-東泰,2024-06-20,9817
2353,宏��,56,17,39,元大-東泰,2024-06-20,9817
3481,群創,52,15,37,元大-東泰,2024-06-20,9817
2352,佳世達,41,5,36,元大-東泰,2024-06-20,9817
2618,長榮航,56,20,36,元大-東泰,2024-06-20,9817
1301,台塑,40,5,35,元大-東泰,2024-06-20,9817
1303,南亞,33,0,33,元大-東泰,2024-06-20,9817
2349,錸德,38,5,33,元大-東泰,2024-06-20,9817
2867,三商壽,63,30,33,元大-東泰,2024-06-20,9817
2845,遠東銀,32,0,32,元大-東泰,2024-06-20,9817
2409,友達,35,5,30,元大-東泰,2024-06-20,9817
006205,富邦上証,30,0,30,元大-東泰,2024-06-20,9817
1608,華榮,32,3,29,元大-東泰,2024-06-20,9817
2330,台積電,30,3,27,元大-東泰,2024-06-20,9817
2883,凱基金,55,31,24,元大-東泰,2024-06-20,9817
4915,致伸,23,0,23,元大-東泰,2024-06-20,9817
00679B,元大美債20年,39,17,22,元大-東泰,2024-06-20,9817
4157,太景*-KY,20,0,20,元大-東泰,2024-06-20,9817
2031,新光鋼,20,0,20,元大-東泰,2024-06-20,9817
2630,亞航,23,4,19,元大-東泰,2024-06-20,9817
9904,寶成,21,2,19,元大-東泰,2024-06-20,9817
00751B,元大AAA至A公司債,18,0,18,元大-東泰,2024-06-20,9817
2344,華邦電,120,103,17,元大-東泰,2024-06-20,9817
2855,統一證,17,0,17,元大-東泰,2024-06-20,9817
00948B,中信優息投資級債,17,0,17,元大-東泰,2024-06-20,9817
6182,合晶,17,0,17,元大-東泰,2024-06-20,9817
2101,南港,17,0,17,元大-東泰,2024-06-20,9817
5340,建榮,17,1,16,元大-東泰,2024-06-20,9817
00935,野村臺灣新科技50,16,0,16,元大-東泰,2024-06-20,9817
3048,益登,34,18,16,元大-東泰,2024-06-20,9817
2891,中信金,19,3,16,元大-東泰,2024-06-20,9817
6214,精誠,15,1,14,元大-東泰,2024-06-20,9817
5328,華容,13,0,13,元大-東泰,2024-06-20,9817
5202,力新,13,0,13,元大-東泰,2024-06-20,9817
4967,十銓,27,15,12,元大-東泰,2024-06-20,9817
00946,群益科技高息成長,505,100,405,元大-東泰,2024-06-21,9817
1309,台達化,313,5,308,元大-東泰,2024-06-21,9817
4526,東台,349,68,281,元大-東泰,2024-06-21,9817
00942B,台新美A公司債20+,216,2,214,元大-東泰,2024-06-21,9817
1815,富喬,261,82,179,元大-東泰,2024-06-21,9817
2449,京元電子,213,34,179,元大-東泰,2024-06-21,9817
00937B,群益ESG投等債20,174,1,173,元大-東泰,2024-06-21,9817
00919,群益台灣精選高息,234,104,130,元大-東泰,2024-06-21,9817
00679B,元大美債20年,130,10,120,元大-東泰,2024-06-21,9817
2317,鴻海,118,44,74,元大-東泰,2024-06-21,9817
2883B,凱基金乙特,70,0,70,元大-東泰,2024-06-21,9817
2609,陽明,181,118,63,元大-東泰,2024-06-21,9817
2371,大同,88,31,57,元大-東泰,2024-06-21,9817
4714,永捷,52,0,52,元大-東泰,2024-06-21,9817
2882,國泰金,51,2,49,元大-東泰,2024-06-21,9817
00948B,中信優息投資級債,42,0,42,元大-東泰,2024-06-21,9817
6770,力積電,59,19,40,元大-東泰,2024-06-21,9817
2498,宏達電,65,25,40,元大-東泰,2024-06-21,9817
2867,三商壽,42,2,40,元大-東泰,2024-06-21,9817
00944,野村趨勢動能高息,42,4,38,元大-東泰,2024-06-21,9817
00637L,元大滬深300正2,37,0,37,元大-東泰,2024-06-21,9817
3006,晶豪科,35,1,34,元大-東泰,2024-06-21,9817
2354,鴻準,50,17,33,元大-東泰,2024-06-21,9817
1301,台塑,37,6,31,元大-東泰,2024-06-21,9817
00751B,元大AAA至A公司債,32,1,31,元大-東泰,2024-06-21,9817
2630,亞航,29,0,29,元大-東泰,2024-06-21,9817
2009,第一銅,31,5,26,元大-東泰,2024-06-21,9817
3311,閎暉,25,0,25,元大-東泰,2024-06-21,9817
2392,正崴,46,22,24,元大-東泰,2024-06-21,9817
3062,建漢,91,68,23,元大-東泰,2024-06-21,9817
2324,仁寶,25,3,22,元大-東泰,2024-06-21,9817
2885,元大金,23,1,22,元大-東泰,2024-06-21,9817
00878,國泰永續高股息,36,16,20,元大-東泰,2024-06-21,9817
2504,國產,21,1,20,元大-東泰,2024-06-21,9817
2353,宏��,20,0,20,元大-東泰,2024-06-21,9817
2365,昆盈,43,23,20,元大-東泰,2024-06-21,9817
1326,台化,27,8,19,元大-東泰,2024-06-21,9817
4566,時碩工業,63,44,19,元大-東泰,2024-06-21,9817
2002,中鋼,26,7,19,元大-東泰,2024-06-21,9817
6188,廣明,18,0,18,元大-東泰,2024-06-21,9817
6176,瑞儀,18,1,17,元大-東泰,2024-06-21,9817
00936,台新永續高息中小,24,8,16,元大-東泰,2024-06-21,9817
2382,廣達,28,13,15,元大-東泰,2024-06-21,9817
2301,光寶科,16,1,15,元大-東泰,2024-06-21,9817
00923,群益台ESG低碳50,15,0,15,元大-東泰,2024-06-21,9817
2316,楠梓電,37,22,15,元大-東泰,2024-06-21,9817
5907,大洋-KY,15,0,15,元大-東泰,2024-06-21,9817
00639,富邦深100,15,0,15,元大-東泰,2024-06-21,9817
3059,華晶科,18,3,15,元大-東泰,2024-06-21,9817
3163,波若威,21,7,14,元大-東泰,2024-06-21,9817
3481,群創,910,520,390,元大-東泰,2024-06-24,9817
00929,復華台灣科技優息,325,163,162,元大-東泰,2024-06-24,9817
00919,群益台灣精選高息,239,87,152,元大-東泰,2024-06-24,9817
00936,台新永續高息中小,144,0,144,元大-東泰,2024-06-24,9817
00937B,群益ESG投等債20,143,6,137,元大-東泰,2024-06-24,9817
00946,群益科技高息成長,132,4,128,元大-東泰,2024-06-24,9817
2371,大同,120,15,105,元大-東泰,2024-06-24,9817
2401,凌陽,111,7,104,元大-東泰,2024-06-24,9817
2344,華邦電,97,7,90,元大-東泰,2024-06-24,9817
2316,楠梓電,81,11,70,元大-東泰,2024-06-24,9817
1309,台達化,84,17,67,元大-東泰,2024-06-24,9817
2353,宏��,67,5,62,元大-東泰,2024-06-24,9817
5328,華容,85,24,61,元大-東泰,2024-06-24,9817
2882,國泰金,63,8,55,元大-東泰,2024-06-24,9817
2883B,凱基金乙特,49,0,49,元大-東泰,2024-06-24,9817
3231,緯創,63,17,46,元大-東泰,2024-06-24,9817
2897,王道銀行,46,0,46,元大-東泰,2024-06-24,9817
2618,長榮航,75,34,41,元大-東泰,2024-06-24,9817
6282,康舒,43,3,40,元大-東泰,2024-06-24,9817
8121,越峰,40,0,40,元大-東泰,2024-06-24,9817
00940,元大台灣價值高息,162,124,38,元大-東泰,2024-06-24,9817
2408,南亞科,49,12,37,元大-東泰,2024-06-24,9817
8011,台通,40,3,37,元大-東泰,2024-06-24,9817
2615,萬海,65,30,35,元大-東泰,2024-06-24,9817
3036,文曄,33,1,32,元大-東泰,2024-06-24,9817
2330,台積電,53,23,30,元大-東泰,2024-06-24,9817
2002,中鋼,29,1,28,元大-東泰,2024-06-24,9817
00882,中信中國高股息,30,2,28,元大-東泰,2024-06-24,9817
00662,富邦NASDAQ,28,0,28,元大-東泰,2024-06-24,9817
1101,台泥,29,2,27,元大-東泰,2024-06-24,9817
2883,凱基金,57,30,27,元大-東泰,2024-06-24,9817
2317,鴻海,142,116,26,元大-東泰,2024-06-24,9817
2547,日勝生,25,0,25,元大-東泰,2024-06-24,9817
00942B,台新美A公司債20+,29,4,25,元大-東泰,2024-06-24,9817
1524,耿鼎,25,0,25,元大-東泰,2024-06-24,9817
00915,凱基優選高股息30,25,0,25,元大-東泰,2024-06-24,9817
3062,建漢,135,111,24,元大-東泰,2024-06-24,9817
2352,佳世達,25,1,24,元大-東泰,2024-06-24,9817
2405,輔信,24,0,24,元大-東泰,2024-06-24,9817
8112,至上,23,0,23,元大-東泰,2024-06-24,9817
00687B,國泰20年美債,22,0,22,元大-東泰,2024-06-24,9817
3652,精聯,22,0,22,元大-東泰,2024-06-24,9817
0056,元大高股息,25,4,21,元大-東泰,2024-06-24,9817
00881,國泰台灣5G+,24,3,21,元大-東泰,2024-06-24,9817
3311,閎暉,20,0,20,元大-東泰,2024-06-24,9817
8070,長華*,20,0,20,元大-東泰,2024-06-24,9817
6169,昱泉,20,0,20,元大-東泰,2024-06-24,9817
6770,力積電,41,21,20,元大-東泰,2024-06-24,9817
00885,富邦越南,19,0,19,元大-東泰,2024-06-24,9817
2888,新光金,29,10,19,元大-東泰,2024-06-24,9817
3481,群創,684,194,490,元大-東泰,2024-06-25,9817
2409,友達,271,9,262,元大-東泰,2024-06-25,9817
00929,復華台灣科技優息,181,68,113,元大-東泰,2024-06-25,9817
00665L,富邦�琤肭磪囓�2,100,0,100,元大-東泰,2024-06-25,9817
2449,京元電子,111,17,94,元大-東泰,2024-06-25,9817
00919,群益台灣精選高息,120,30,90,元大-東泰,2024-06-25,9817
2855,統一證,88,0,88,元大-東泰,2024-06-25,9817
6116,彩晶,117,40,77,元大-東泰,2024-06-25,9817
00688L,國泰20年美債正2,75,0,75,元大-東泰,2024-06-25,9817
9105,泰金寶-DR,67,0,67,元大-東泰,2024-06-25,9817
2883B,凱基金乙特,65,0,65,元大-東泰,2024-06-25,9817
00940,元大台灣價值高息,220,159,61,元大-東泰,2024-06-25,9817
2344,華邦電,146,85,61,元大-東泰,2024-06-25,9817
00947,台新臺灣IC設計,55,0,55,元大-東泰,2024-06-25,9817
2303,聯電,68,13,55,元大-東泰,2024-06-25,9817
3231,緯創,62,20,42,元大-東泰,2024-06-25,9817
00918,大華優利高填息30,45,10,35,元大-東泰,2024-06-25,9817
2317,鴻海,101,69,32,元大-東泰,2024-06-25,9817
2332,友訊,30,0,30,元大-東泰,2024-06-25,9817
2867,三商壽,30,0,30,元大-東泰,2024-06-25,9817
2353,宏��,37,9,28,元大-東泰,2024-06-25,9817
00830,國泰費城半導體,27,2,25,元大-東泰,2024-06-25,9817
00662,富邦NASDAQ,24,0,24,元大-東泰,2024-06-25,9817
2482,連宇,22,0,22,元大-東泰,2024-06-25,9817
00936,台新永續高息中小,32,10,22,元大-東泰,2024-06-25,9817
00713,元大台灣高息低波,21,0,21,元大-東泰,2024-06-25,9817
2885,元大金,25,4,21,元大-東泰,2024-06-25,9817
4716,大立,20,0,20,元大-東泰,2024-06-25,9817
4157,太景*-KY,20,0,20,元大-東泰,2024-06-25,9817
1815,富喬,31,11,20,元大-東泰,2024-06-25,9817
00687B,國泰20年美債,26,7,19,元大-東泰,2024-06-25,9817
2002,中鋼,25,7,18,元大-東泰,2024-06-25,9817
8011,台通,24,6,18,元大-東泰,2024-06-25,9817
3025,星通,29,12,17,元大-東泰,2024-06-25,9817
00942B,台新美A公司債20+,17,0,17,元大-東泰,2024-06-25,9817
4906,正文,17,0,17,元大-東泰,2024-06-25,9817
1301,台塑,29,13,16,元大-東泰,2024-06-25,9817
8110,華東,49,35,14,元大-東泰,2024-06-25,9817
2472,立隆電,18,4,14,元大-東泰,2024-06-25,9817
3037,欣興,15,1,14,元大-東泰,2024-06-25,9817
2330,台積電,28,14,14,元大-東泰,2024-06-25,9817
00915,凱基優選高股息30,13,0,13,元大-東泰,2024-06-25,9817
2408,南亞科,14,1,13,元大-東泰,2024-06-25,9817
6257,矽格,14,1,13,元大-東泰,2024-06-25,9817
0056,元大高股息,19,6,13,元大-東泰,2024-06-25,9817
2883,凱基金,72,59,13,元大-東泰,2024-06-25,9817
6177,達麗,12,0,12,元大-東泰,2024-06-25,9817
8105,凌巨,30,18,12,元大-東泰,2024-06-25,9817
00891,中信關鍵半導體,14,3,11,元大-東泰,2024-06-25,9817
2027,大成鋼,11,0,11,元大-東泰,2024-06-25,9817
3055,蔚華科,201,1,200,元大-東泰,2024-06-26,9817
2409,友達,125,8,117,元大-東泰,2024-06-26,9817
2317,鴻海,179,69,110,元大-東泰,2024-06-26,9817
00632R,元大台灣50反1,110,1,109,元大-東泰,2024-06-26,9817
2883B,凱基金乙特,109,0,109,元大-東泰,2024-06-26,9817
2344,華邦電,178,98,80,元大-東泰,2024-06-26,9817
2883,凱基金,82,11,71,元大-東泰,2024-06-26,9817
00937B,群益ESG投等債20,50,1,49,元大-東泰,2024-06-26,9817
2611,志信,45,0,45,元大-東泰,2024-06-26,9817
1455,集盛,43,0,43,元大-東泰,2024-06-26,9817
1605,華新,43,1,42,元大-東泰,2024-06-26,9817
2353,宏��,47,5,42,元大-東泰,2024-06-26,9817
3576,聯合再生,48,7,41,元大-東泰,2024-06-26,9817
6026,福邦證,41,0,41,元大-東泰,2024-06-26,9817
2609,陽明,67,27,40,元大-東泰,2024-06-26,9817
2352,佳世達,52,14,38,元大-東泰,2024-06-26,9817
00713,元大台灣高息低波,39,1,38,元大-東泰,2024-06-26,9817
2882,國泰金,39,2,37,元大-東泰,2024-06-26,9817
1301,台塑,36,0,36,元大-東泰,2024-06-26,9817
00830,國泰費城半導體,36,0,36,元大-東泰,2024-06-26,9817
1785,光洋科,84,49,35,元大-東泰,2024-06-26,9817
00882,中信中國高股息,35,1,34,元大-東泰,2024-06-26,9817
6548,長科*,35,1,34,元大-東泰,2024-06-26,9817
3483,力致,37,4,33,元大-東泰,2024-06-26,9817
3481,群創,226,194,32,元大-東泰,2024-06-26,9817
6509,聚和,36,4,32,元大-東泰,2024-06-26,9817
2303,聯電,47,16,31,元大-東泰,2024-06-26,9817
4123,晟德,38,8,30,元大-東泰,2024-06-26,9817
3066,李洲,30,0,30,元大-東泰,2024-06-26,9817
6282,康舒,30,1,29,元大-東泰,2024-06-26,9817
5452,佶優,63,35,28,元大-東泰,2024-06-26,9817
6168,宏齊,28,0,28,元大-東泰,2024-06-26,9817
9934,成霖,26,0,26,元大-東泰,2024-06-26,9817
9105,泰金寶-DR,53,28,25,元大-東泰,2024-06-26,9817
2014,中鴻,26,1,25,元大-東泰,2024-06-26,9817
2891,中信金,36,12,24,元大-東泰,2024-06-26,9817
6806,森崴能源,53,29,24,元大-東泰,2024-06-26,9817
2367,燿華,33,10,23,元大-東泰,2024-06-26,9817
6449,鈺邦,25,2,23,元大-東泰,2024-06-26,9817
00919,群益台灣精選高息,71,50,21,元大-東泰,2024-06-26,9817
6438,迅得,21,0,21,元大-東泰,2024-06-26,9817
2884,玉山金,20,1,19,元大-東泰,2024-06-26,9817
2615,萬海,39,20,19,元大-東泰,2024-06-26,9817
2888,新光金,20,1,19,元大-東泰,2024-06-26,9817
5876,上海商銀,21,3,18,元大-東泰,2024-06-26,9817
2316,楠梓電,18,0,18,元大-東泰,2024-06-26,9817
1303,南亞,18,0,18,元大-東泰,2024-06-26,9817
8112,至上,21,4,17,元大-東泰,2024-06-26,9817
00948B,中信優息投資級債,17,0,17,元大-東泰,2024-06-26,9817
1815,富喬,19,2,17,元大-東泰,2024-06-26,9817
00940,元大台灣價值高息,1111,394,717,元大-東泰,2024-06-27,9817
2885,元大金,418,11,407,元大-東泰,2024-06-27,9817
1709,和益,219,8,211,元大-東泰,2024-06-27,9817
00669R,國泰美國道瓊反1,200,0,200,元大-東泰,2024-06-27,9817
00937B,群益ESG投等債20,135,0,135,元大-東泰,2024-06-27,9817
2449,京元電子,134,5,129,元大-東泰,2024-06-27,9817
00679B,元大美債20年,101,0,101,元大-東泰,2024-06-27,9817
1609,大亞,261,161,100,元大-東泰,2024-06-27,9817
2371,大同,135,45,90,元大-東泰,2024-06-27,9817
00919,群益台灣精選高息,104,33,71,元大-東泰,2024-06-27,9817
00929,復華台灣科技優息,85,22,63,元大-東泰,2024-06-27,9817
1605,華新,56,1,55,元大-東泰,2024-06-27,9817
2883B,凱基金乙特,54,0,54,元大-東泰,2024-06-27,9817
00632R,元大台灣50反1,53,0,53,元大-東泰,2024-06-27,9817
00687B,國泰20年美債,82,30,52,元大-東泰,2024-06-27,9817
6188,廣明,51,1,50,元大-東泰,2024-06-27,9817
3576,聯合再生,86,43,43,元大-東泰,2024-06-27,9817
2303,聯電,48,5,43,元大-東泰,2024-06-27,9817
00902,中信電池及儲能,40,0,40,元大-東泰,2024-06-27,9817
00948B,中信優息投資級債,39,0,39,元大-東泰,2024-06-27,9817
3481,群創,134,96,38,元大-東泰,2024-06-27,9817
00936,台新永續高息中小,67,30,37,元大-東泰,2024-06-27,9817
00713,元大台灣高息低波,36,0,36,元大-東泰,2024-06-27,9817
00946,群益科技高息成長,36,0,36,元大-東泰,2024-06-27,9817
1785,光洋科,76,43,33,元大-東泰,2024-06-27,9817
2002,中鋼,32,0,32,元大-東泰,2024-06-27,9817
2316,楠梓電,34,5,29,元大-東泰,2024-06-27,9817
3047,訊舟,106,79,27,元大-東泰,2024-06-27,9817
4167,松瑞藥,43,17,26,元大-東泰,2024-06-27,9817
4938,和碩,26,1,25,元大-東泰,2024-06-27,9817
5907,大洋-KY,25,0,25,元大-東泰,2024-06-27,9817
6191,精成科,24,0,24,元大-東泰,2024-06-27,9817
5351,鈺創,23,0,23,元大-東泰,2024-06-27,9817
9136,巨騰-DR,22,0,22,元大-東泰,2024-06-27,9817
2891,中信金,26,4,22,元大-東泰,2024-06-27,9817
00680L,元大美債20正2,26,5,21,元大-東泰,2024-06-27,9817
4707,磐亞,23,2,21,元大-東泰,2024-06-27,9817
00918,大華優利高填息30,21,0,21,元大-東泰,2024-06-27,9817
911622,泰聚亨-DR,20,0,20,元大-東泰,2024-06-27,9817
4414,如興,20,0,20,元大-東泰,2024-06-27,9817
8423,保綠-KY,20,0,20,元大-東泰,2024-06-27,9817
2820,華票,20,0,20,元大-東泰,2024-06-27,9817
5355,佳總,20,1,19,元大-東泰,2024-06-27,9817
2408,南亞科,22,3,19,元大-東泰,2024-06-27,9817
00882,中信中國高股息,24,5,19,元大-東泰,2024-06-27,9817
3231,緯創,27,9,18,元大-東泰,2024-06-27,9817
00720B,元大投資級公司債,18,0,18,元大-東泰,2024-06-27,9817
00635U,期元大S＆P黃金,18,0,18,元大-東泰,2024-06-27,9817
9919,康那香,29,11,18,元大-東泰,2024-06-27,9817
8096,擎亞,21,3,18,元大-東泰,2024-06-27,9817
2882,國泰金,1351,7,1344,元大-東泰,2024-06-28,9817
00632R,元大台灣50反1,316,4,312,元大-東泰,2024-06-28,9817
00929,復華台灣科技優息,203,11,192,元大-東泰,2024-06-28,9817
3481,群創,209,74,135,元大-東泰,2024-06-28,9817
1709,和益,106,13,93,元大-東泰,2024-06-28,9817
3576,聯合再生,123,43,80,元大-東泰,2024-06-28,9817
2409,友達,94,19,75,元大-東泰,2024-06-28,9817
2406,國碩,287,216,71,元大-東泰,2024-06-28,9817
1611,中電,60,3,57,元大-東泰,2024-06-28,9817
00878,國泰永續高股息,62,9,53,元大-東泰,2024-06-28,9817
2609,陽明,78,26,52,元大-東泰,2024-06-28,9817
2610,華航,52,1,51,元大-東泰,2024-06-28,9817
2354,鴻準,74,25,49,元大-東泰,2024-06-28,9817
5512,力麒,42,0,42,元大-東泰,2024-06-28,9817
00679B,元大美債20年,47,6,41,元大-東泰,2024-06-28,9817
5230,雷笛克光學,50,10,40,元大-東泰,2024-06-28,9817
6182,合晶,39,0,39,元大-東泰,2024-06-28,9817
4919,新唐,39,3,36,元大-東泰,2024-06-28,9817
00688L,國泰20年美債正2,36,0,36,元大-東泰,2024-06-28,9817
3062,建漢,64,29,35,元大-東泰,2024-06-28,9817
911868,同方友友-DR,30,0,30,元大-東泰,2024-06-28,9817
2352,佳世達,45,15,30,元大-東泰,2024-06-28,9817
9105,泰金寶-DR,34,4,30,元大-東泰,2024-06-28,9817
00753L,中信中國50正2,31,1,30,元大-東泰,2024-06-28,9817
5907,大洋-KY,30,0,30,元大-東泰,2024-06-28,9817
00715L,期街口布蘭特正2,30,1,29,元大-東泰,2024-06-28,9817
4157,太景*-KY,28,0,28,元大-東泰,2024-06-28,9817
6161,捷波,27,0,27,元大-東泰,2024-06-28,9817
8110,華東,29,7,22,元大-東泰,2024-06-28,9817
1303,南亞,31,10,21,元大-東泰,2024-06-28,9817
00942B,台新美A公司債20+,21,0,21,元大-東泰,2024-06-28,9817
3231,緯創,29,8,21,元大-東泰,2024-06-28,9817
6477,安集,42,22,20,元大-東泰,2024-06-28,9817
3083,網龍,21,1,20,元大-東泰,2024-06-28,9817
00713,元大台灣高息低波,21,2,19,元大-東泰,2024-06-28,9817
00680L,元大美債20正2,21,2,19,元大-東泰,2024-06-28,9817
2101,南港,35,17,18,元大-東泰,2024-06-28,9817
2504,國產,18,0,18,元大-東泰,2024-06-28,9817
3712,永崴投控,19,1,18,元大-東泰,2024-06-28,9817
8271,宇瞻,20,2,18,元大-東泰,2024-06-28,9817
00905,FT臺灣Smart,17,0,17,元大-東泰,2024-06-28,9817
00919,群益台灣精選高息,32,15,17,元大-東泰,2024-06-28,9817
2328,廣宇,19,2,17,元大-東泰,2024-06-28,9817
2611,志信,17,0,17,元大-東泰,2024-06-28,9817
3312,弘憶股,52,35,17,元大-東泰,2024-06-28,9817
6244,茂迪,60,43,17,元大-東泰,2024-06-28,9817
8103,瀚荃,17,1,16,元大-東泰,2024-06-28,9817
4566,時碩工業,23,7,16,元大-東泰,2024-06-28,9817
6278,台表科,23,7,16,元大-東泰,2024-06-28,9817
8096,擎亞,17,1,16,元大-東泰,2024-06-28,9817
00680L,元大美債20正2,359,0,359,元大-東泰,2024-07-01,9817
2412,中華電,300,0,300,元大-東泰,2024-07-01,9817
00937B,群益ESG投等債20,226,2,224,元大-東泰,2024-07-01,9817
00936,台新永續高息中小,190,7,183,元大-東泰,2024-07-01,9817
00929,復華台灣科技優息,142,6,136,元大-東泰,2024-07-01,9817
00632R,元大台灣50反1,113,0,113,元大-東泰,2024-07-01,9817
1609,大亞,133,23,110,元大-東泰,2024-07-01,9817
00679B,元大美債20年,110,11,99,元大-東泰,2024-07-01,9817
00948B,中信優息投資級債,98,0,98,元大-東泰,2024-07-01,9817
00949,復華日本龍頭,89,0,89,元大-東泰,2024-07-01,9817
2337,旺宏,90,3,87,元大-東泰,2024-07-01,9817
3062,建漢,107,25,82,元大-東泰,2024-07-01,9817
0056,元大高股息,78,8,70,元大-東泰,2024-07-01,9817
2449,京元電子,82,15,67,元大-東泰,2024-07-01,9817
00687B,國泰20年美債,64,3,61,元大-東泰,2024-07-01,9817
00720B,元大投資級公司債,65,5,60,元大-東泰,2024-07-01,9817
6191,精成科,56,0,56,元大-東泰,2024-07-01,9817
2368,金像電,67,17,50,元大-東泰,2024-07-01,9817
4919,新唐,45,4,41,元大-東泰,2024-07-01,9817
2313,華通,49,8,41,元大-東泰,2024-07-01,9817
2855,統一證,40,0,40,元大-東泰,2024-07-01,9817
8096,擎亞,43,6,37,元大-東泰,2024-07-01,9817
2002,中鋼,37,2,35,元大-東泰,2024-07-01,9817
6188,廣明,57,23,34,元大-東泰,2024-07-01,9817
2354,鴻準,34,1,33,元大-東泰,2024-07-01,9817
2317,鴻海,95,63,32,元大-東泰,2024-07-01,9817
6244,茂迪,35,5,30,元大-東泰,2024-07-01,9817
2440,太空梭,30,0,30,元大-東泰,2024-07-01,9817
3380,明泰,30,2,28,元大-東泰,2024-07-01,9817
6425,易發,30,3,27,元大-東泰,2024-07-01,9817
1584,精剛,29,2,27,元大-東泰,2024-07-01,9817
00751B,元大AAA至A公司債,26,0,26,元大-東泰,2024-07-01,9817
5328,華容,24,0,24,元大-東泰,2024-07-01,9817
6282,康舒,25,1,24,元大-東泰,2024-07-01,9817
4967,十銓,26,3,23,元大-東泰,2024-07-01,9817
2363,矽統,22,0,22,元大-東泰,2024-07-01,9817
2615,萬海,27,7,20,元大-東泰,2024-07-01,9817
1605,華新,20,1,19,元大-東泰,2024-07-01,9817
5009,榮剛,27,9,18,元大-東泰,2024-07-01,9817
00639,富邦深100,18,0,18,元大-東泰,2024-07-01,9817
00946,群益科技高息成長,24,6,18,元大-東泰,2024-07-01,9817
6235,華孚,18,0,18,元大-東泰,2024-07-01,9817
00673R,期元大S＆P原油反1,17,0,17,元大-東泰,2024-07-01,9817
2365,昆盈,71,55,16,元大-東泰,2024-07-01,9817
2406,國碩,20,4,16,元大-東泰,2024-07-01,9817
6214,精誠,17,1,16,元大-東泰,2024-07-01,9817
2316,楠梓電,19,4,15,元大-東泰,2024-07-01,9817
5608,四維航,15,0,15,元大-東泰,2024-07-01,9817
4157,太景*-KY,20,5,15,元大-東泰,2024-07-01,9817
3045,台灣大,17,2,15,元大-東泰,2024-07-01,9817
00929,復華台灣科技優息,490,66,424,元大-東泰,2024-07-02,9817
00934,中信成長高股息,256,0,256,元大-東泰,2024-07-02,9817
00679B,元大美債20年,160,1,159,元大-東泰,2024-07-02,9817
2317,鴻海,174,40,134,元大-東泰,2024-07-02,9817
2303,聯電,190,64,126,元大-東泰,2024-07-02,9817
6207,雷科,104,11,93,元大-東泰,2024-07-02,9817
00949,復華日本龍頭,97,20,77,元大-東泰,2024-07-02,9817
0056,元大高股息,71,6,65,元大-東泰,2024-07-02,9817
1709,和益,58,2,56,元大-東泰,2024-07-02,9817
00936,台新永續高息中小,83,29,54,元大-東泰,2024-07-02,9817
6285,啟��,41,1,40,元大-東泰,2024-07-02,9817
2002,中鋼,43,5,38,元大-東泰,2024-07-02,9817
8926,台汽電,36,0,36,元大-東泰,2024-07-02,9817
00933B,國泰10Y+金融債,36,0,36,元大-東泰,2024-07-02,9817
2301,光寶科,69,35,34,元大-東泰,2024-07-02,9817
1785,光洋科,82,48,34,元大-東泰,2024-07-02,9817
2344,華邦電,101,70,31,元大-東泰,2024-07-02,9817
00712,復華富時不動產,29,0,29,元大-東泰,2024-07-02,9817
00947,台新臺灣IC設計,28,0,28,元大-東泰,2024-07-02,9817
00680L,元大美債20正2,29,1,28,元大-東泰,2024-07-02,9817
00946,群益科技高息成長,28,2,26,元大-東泰,2024-07-02,9817
3702,大聯大,27,2,25,元大-東泰,2024-07-02,9817
6244,茂迪,81,56,25,元大-東泰,2024-07-02,9817
00948B,中信優息投資級債,23,0,23,元大-東泰,2024-07-02,9817
2412,中華電,23,0,23,元大-東泰,2024-07-02,9817
2349,錸德,67,44,23,元大-東泰,2024-07-02,9817
1301,台塑,23,1,22,元大-東泰,2024-07-02,9817
2324,仁寶,25,4,21,元大-東泰,2024-07-02,9817
00918,大華優利高填息30,27,7,20,元大-東泰,2024-07-02,9817
8112,至上,22,2,20,元大-東泰,2024-07-02,9817
2440,太空梭,25,5,20,元大-東泰,2024-07-02,9817
9933,中鼎,20,0,20,元大-東泰,2024-07-02,9817
2340,台亞,20,1,19,元大-東泰,2024-07-02,9817
2312,金寶,22,3,19,元大-東泰,2024-07-02,9817
2353,宏��,24,6,18,元大-東泰,2024-07-02,9817
4720,德淵,18,0,18,元大-東泰,2024-07-02,9817
00864B,中信美國公債0-1,18,0,18,元大-東泰,2024-07-02,9817
6770,力積電,25,7,18,元大-東泰,2024-07-02,9817
00687B,國泰20年美債,28,10,18,元大-東泰,2024-07-02,9817
2449,京元電子,41,23,18,元大-東泰,2024-07-02,9817
00751B,元大AAA至A公司債,18,1,17,元大-東泰,2024-07-02,9817
2365,昆盈,59,42,17,元大-東泰,2024-07-02,9817
5351,鈺創,16,0,16,元大-東泰,2024-07-02,9817
2834,臺企銀,17,1,16,元大-東泰,2024-07-02,9817
3711,日月光投控,16,0,16,元大-東泰,2024-07-02,9817
6139,亞翔,26,11,15,元大-東泰,2024-07-02,9817
2371,大同,15,1,14,元大-東泰,2024-07-02,9817
2367,燿華,16,2,14,元大-東泰,2024-07-02,9817
2376,技嘉,13,0,13,元大-東泰,2024-07-02,9817
1809,中釉,13,0,13,元大-東泰,2024-07-02,9817
2881,富邦金,201,25,176,元大-東泰,2024-07-03,9817
00934,中信成長高股息,152,0,152,元大-東泰,2024-07-03,9817
00632R,元大台灣50反1,153,5,148,元大-東泰,2024-07-03,9817
00676R,富邦臺灣加權反1,100,0,100,元大-東泰,2024-07-03,9817
00680L,元大美債20正2,92,0,92,元大-東泰,2024-07-03,9817
00949,復華日本龍頭,52,0,52,元大-東泰,2024-07-03,9817
00929,復華台灣科技優息,70,20,50,元大-東泰,2024-07-03,9817
1909,榮成,50,0,50,元大-東泰,2024-07-03,9817
00891,中信關鍵半導體,49,0,49,元大-東泰,2024-07-03,9817
00941,中信上游半導體,50,2,48,元大-東泰,2024-07-03,9817
8086,宏捷科,51,3,48,元大-東泰,2024-07-03,9817
2610,華航,67,22,45,元大-東泰,2024-07-03,9817
1709,和益,51,6,45,元大-東泰,2024-07-03,9817
2317,鴻海,70,26,44,元大-東泰,2024-07-03,9817
9105,泰金寶-DR,73,29,44,元大-東泰,2024-07-03,9817
00946,群益科技高息成長,42,0,42,元大-東泰,2024-07-03,9817
2412,中華電,54,14,40,元大-東泰,2024-07-03,9817
3047,訊舟,107,68,39,元大-東泰,2024-07-03,9817
2892,第一金,42,5,37,元大-東泰,2024-07-03,9817
00937B,群益ESG投等債20,37,1,36,元大-東泰,2024-07-03,9817
3714,富采,41,8,33,元大-東泰,2024-07-03,9817
3591,艾笛森,43,10,33,元大-東泰,2024-07-03,9817
1708,東鹼,31,0,31,元大-東泰,2024-07-03,9817
6443,元晶,80,50,30,元大-東泰,2024-07-03,9817
2801,彰銀,30,1,29,元大-東泰,2024-07-03,9817
3686,達能,31,2,29,元大-東泰,2024-07-03,9817
2489,瑞軒,34,6,28,元大-東泰,2024-07-03,9817
8011,台通,65,37,28,元大-東泰,2024-07-03,9817
00927,群益半導體收益,30,3,27,元大-東泰,2024-07-03,9817
4534,慶騰,30,3,27,元大-東泰,2024-07-03,9817
6026,福邦證,28,1,27,元大-東泰,2024-07-03,9817
4915,致伸,25,1,24,元大-東泰,2024-07-03,9817
8926,台汽電,25,2,23,元大-東泰,2024-07-03,9817
1905,華紙,33,11,22,元大-東泰,2024-07-03,9817
00679B,元大美債20年,24,2,22,元大-東泰,2024-07-03,9817
8271,宇瞻,21,0,21,元大-東泰,2024-07-03,9817
6244,茂迪,53,32,21,元大-東泰,2024-07-03,9817
4157,太景*-KY,20,0,20,元大-東泰,2024-07-03,9817
3380,明泰,20,0,20,元大-東泰,2024-07-03,9817
3623,富晶通,20,0,20,元大-東泰,2024-07-03,9817
4303,信立,23,3,20,元大-東泰,2024-07-03,9817
6120,達運,20,0,20,元大-東泰,2024-07-03,9817
3675,德微,20,0,20,元大-東泰,2024-07-03,9817
4919,新唐,34,15,19,元大-東泰,2024-07-03,9817
2337,旺宏,26,8,18,元大-東泰,2024-07-03,9817
2332,友訊,18,1,17,元大-東泰,2024-07-03,9817
8096,擎亞,17,0,17,元大-東泰,2024-07-03,9817
8021,尖點,15,0,15,元大-東泰,2024-07-03,9817
2890,永豐金,15,0,15,元大-東泰,2024-07-03,9817
2354,鴻準,22,7,15,元大-東泰,2024-07-03,9817
00680L,元大美債20正2,321,3,318,元大-東泰,2024-07-04,9817
2002,中鋼,347,50,297,元大-東泰,2024-07-04,9817
00929,復華台灣科技優息,259,33,226,元大-東泰,2024-07-04,9817
00671R,富邦NASDAQ反1,200,0,200,元大-東泰,2024-07-04,9817
1905,華紙,177,11,166,元大-東泰,2024-07-04,9817
0056,元大高股息,206,99,107,元大-東泰,2024-07-04,9817
00676R,富邦臺灣加權反1,105,3,102,元大-東泰,2024-07-04,9817
00937B,群益ESG投等債20,93,5,88,元大-東泰,2024-07-04,9817
00632R,元大台灣50反1,413,328,85,元大-東泰,2024-07-04,9817
2412,中華電,84,0,84,元大-東泰,2024-07-04,9817
2417,圓剛,132,57,75,元大-東泰,2024-07-04,9817
00934,中信成長高股息,70,3,67,元大-東泰,2024-07-04,9817
3481,群創,207,141,66,元大-東泰,2024-07-04,9817
2892,第一金,60,1,59,元大-東泰,2024-07-04,9817
2609,陽明,103,47,56,元大-東泰,2024-07-04,9817
2367,燿華,75,23,52,元大-東泰,2024-07-04,9817
2888,新光金,76,30,46,元大-東泰,2024-07-04,9817
2027,大成鋼,50,5,45,元大-東泰,2024-07-04,9817
1815,富喬,55,12,43,元大-東泰,2024-07-04,9817
006208,富邦台50,52,10,42,元大-東泰,2024-07-04,9817
8926,台汽電,45,3,42,元大-東泰,2024-07-04,9817
3062,建漢,46,9,37,元大-東泰,2024-07-04,9817
2882,國泰金,69,33,36,元大-東泰,2024-07-04,9817
6189,豐藝,40,5,35,元大-東泰,2024-07-04,9817
3047,訊舟,77,43,34,元大-東泰,2024-07-04,9817
4109,加捷生醫,45,11,34,元大-東泰,2024-07-04,9817
3164,景岳,31,0,31,元大-東泰,2024-07-04,9817
1708,東鹼,30,0,30,元大-東泰,2024-07-04,9817
00918,大華優利高填息30,36,7,29,元大-東泰,2024-07-04,9817
3231,緯創,38,10,28,元大-東泰,2024-07-04,9817
6147,頎邦,30,2,28,元大-東泰,2024-07-04,9817
2836,高雄銀,28,0,28,元大-東泰,2024-07-04,9817
3189,景碩,28,2,26,元大-東泰,2024-07-04,9817
5347,世界,28,2,26,元大-東泰,2024-07-04,9817
2406,國碩,38,12,26,元大-東泰,2024-07-04,9817
4906,正文,28,3,25,元大-東泰,2024-07-04,9817
2324,仁寶,29,4,25,元大-東泰,2024-07-04,9817
2618,長榮航,33,9,24,元大-東泰,2024-07-04,9817
6188,廣明,30,6,24,元大-東泰,2024-07-04,9817
2867,三商壽,52,28,24,元大-東泰,2024-07-04,9817
6005,群益證,23,0,23,元大-東泰,2024-07-04,9817
1217,愛之味,22,0,22,元大-東泰,2024-07-04,9817
2402,毅嘉,21,0,21,元大-東泰,2024-07-04,9817
912000,晨訊科-DR,22,2,20,元大-東泰,2024-07-04,9817
00679B,元大美債20年,21,1,20,元大-東泰,2024-07-04,9817
3312,弘憶股,44,25,19,元大-東泰,2024-07-04,9817
2323,中環,25,7,18,元大-東泰,2024-07-04,9817
3576,聯合再生,39,21,18,元大-東泰,2024-07-04,9817
2349,錸德,23,5,18,元大-東泰,2024-07-04,9817
00919,群益台灣精選高息,42,26,16,元大-東泰,2024-07-04,9817
2881,富邦金,341,11,330,元大-東泰,2024-07-05,9817
00632R,元大台灣50反1,100,0,100,元大-東泰,2024-07-05,9817
00671R,富邦NASDAQ反1,100,0,100,元大-東泰,2024-07-05,9817
00679B,元大美債20年,93,0,93,元大-東泰,2024-07-05,9817
00937B,群益ESG投等債20,100,11,89,元大-東泰,2024-07-05,9817
1304,台聚,102,18,84,元大-東泰,2024-07-05,9817
5876,上海商銀,78,6,72,元大-東泰,2024-07-05,9817
2610,華航,97,33,64,元大-東泰,2024-07-05,9817
00934,中信成長高股息,66,4,62,元大-東泰,2024-07-05,9817
2609,陽明,108,46,62,元大-東泰,2024-07-05,9817
6284,佳邦,61,3,58,元大-東泰,2024-07-05,9817
4534,慶騰,59,1,58,元大-東泰,2024-07-05,9817
8086,宏捷科,51,2,49,元大-東泰,2024-07-05,9817
2618,長榮航,75,27,48,元大-東泰,2024-07-05,9817
2489,瑞軒,75,28,47,元大-東泰,2024-07-05,9817
2883,凱基金,55,9,46,元大-東泰,2024-07-05,9817
912000,晨訊科-DR,44,0,44,元大-東泰,2024-07-05,9817
2405,輔信,56,12,44,元大-東泰,2024-07-05,9817
2349,錸德,43,1,42,元大-東泰,2024-07-05,9817
2354,鴻準,89,50,39,元大-東泰,2024-07-05,9817
00639,富邦深100,33,0,33,元大-東泰,2024-07-05,9817
1609,大亞,38,5,33,元大-東泰,2024-07-05,9817
3294,英濟,30,0,30,元大-東泰,2024-07-05,9817
2340,台亞,32,3,29,元大-東泰,2024-07-05,9817
5392,能率,77,49,28,元大-東泰,2024-07-05,9817
2367,燿華,80,54,26,元大-東泰,2024-07-05,9817
2323,中環,57,32,25,元大-東泰,2024-07-05,9817
4967,十銓,30,5,25,元大-東泰,2024-07-05,9817
00918,大華優利高填息30,31,7,24,元大-東泰,2024-07-05,9817
2888,新光金,79,56,23,元大-東泰,2024-07-05,9817
0056,元大高股息,25,3,22,元大-東泰,2024-07-05,9817
4561,健椿,34,12,22,元大-東泰,2024-07-05,9817
2356,英業達,70,49,21,元大-東泰,2024-07-05,9817
6263,普萊德,23,2,21,元大-東泰,2024-07-05,9817
3037,欣興,23,2,21,元大-東泰,2024-07-05,9817
2615,萬海,45,25,20,元大-東泰,2024-07-05,9817
00687B,國泰20年美債,20,0,20,元大-東泰,2024-07-05,9817
00949,復華日本龍頭,20,0,20,元大-東泰,2024-07-05,9817
00946,群益科技高息成長,19,0,19,元大-東泰,2024-07-05,9817
2317,鴻海,32,14,18,元大-東泰,2024-07-05,9817
2801,彰銀,65,47,18,元大-東泰,2024-07-05,9817
1589,永冠-KY,18,0,18,元大-東泰,2024-07-05,9817
6148,驊宏資,18,0,18,元大-東泰,2024-07-05,9817
2603,長榮,29,12,17,元大-東泰,2024-07-05,9817
8076,伍豐,24,7,17,元大-東泰,2024-07-05,9817
6207,雷科,45,28,17,元大-東泰,2024-07-05,9817
00905,FT臺灣Smart,17,0,17,元大-東泰,2024-07-05,9817
00882,中信中國高股息,18,1,17,元大-東泰,2024-07-05,9817
3276,宇環,16,0,16,元大-東泰,2024-07-05,9817
1605,華新,16,0,16,元大-東泰,2024-07-05,9817
2884,玉山金,604,1,603,元大-東泰,2024-07-08,9817
2881,富邦金,402,12,390,元大-東泰,2024-07-08,9817
00927,群益半導體收益,380,0,380,元大-東泰,2024-07-08,9817
2855,統一證,340,0,340,元大-東泰,2024-07-08,9817
00934,中信成長高股息,289,0,289,元大-東泰,2024-07-08,9817
00671R,富邦NASDAQ反1,100,14,86,元大-東泰,2024-07-08,9817
00929,復華台灣科技優息,113,27,86,元大-東泰,2024-07-08,9817
8086,宏捷科,85,1,84,元大-東泰,2024-07-08,9817
00688L,國泰20年美債正2,79,10,69,元大-東泰,2024-07-08,9817
2412,中華電,67,1,66,元大-東泰,2024-07-08,9817
3576,聯合再生,82,27,55,元大-東泰,2024-07-08,9817
1609,大亞,57,4,53,元大-東泰,2024-07-08,9817
6133,金橋,53,5,48,元大-東泰,2024-07-08,9817
1605,華新,53,8,45,元大-東泰,2024-07-08,9817
8429,金麗-KY,45,0,45,元大-東泰,2024-07-08,9817
00679B,元大美債20年,46,3,43,元大-東泰,2024-07-08,9817
1785,光洋科,223,181,42,元大-東泰,2024-07-08,9817
2371,大同,52,13,39,元大-東泰,2024-07-08,9817
2618,長榮航,54,15,39,元大-東泰,2024-07-08,9817
2353,宏��,39,1,38,元大-東泰,2024-07-08,9817
3338,泰碩,40,3,37,元大-東泰,2024-07-08,9817
2609,陽明,140,106,34,元大-東泰,2024-07-08,9817
00905,FT臺灣Smart,35,1,34,元大-東泰,2024-07-08,9817
8150,南茂,39,5,34,元大-東泰,2024-07-08,9817
6116,彩晶,123,90,33,元大-東泰,2024-07-08,9817
3045,台灣大,33,1,32,元大-東泰,2024-07-08,9817
8011,台通,36,5,31,元大-東泰,2024-07-08,9817
00937B,群益ESG投等債20,160,130,30,元大-東泰,2024-07-08,9817
2883,凱基金,86,56,30,元大-東泰,2024-07-08,9817
2801,彰銀,30,0,30,元大-東泰,2024-07-08,9817
2328,廣宇,33,3,30,元大-東泰,2024-07-08,9817
2464,盟立,109,80,29,元大-東泰,2024-07-08,9817
4919,新唐,31,3,28,元大-東泰,2024-07-08,9817
2363,矽統,111,83,28,元大-東泰,2024-07-08,9817
6177,達麗,27,0,27,元大-東泰,2024-07-08,9817
3264,欣銓,28,2,26,元大-東泰,2024-07-08,9817
1528,恩德,28,3,25,元大-東泰,2024-07-08,9817
6152,百一,27,2,25,元大-東泰,2024-07-08,9817
912000,晨訊科-DR,26,2,24,元大-東泰,2024-07-08,9817
00919,群益台灣精選高息,70,46,24,元大-東泰,2024-07-08,9817
8473,山林水,23,0,23,元大-東泰,2024-07-08,9817
2365,昆盈,172,149,23,元大-東泰,2024-07-08,9817
8936,國統,36,13,23,元大-東泰,2024-07-08,9817
1815,富喬,40,17,23,元大-東泰,2024-07-08,9817
2489,瑞軒,80,57,23,元大-東泰,2024-07-08,9817
1447,力鵬,28,5,23,元大-東泰,2024-07-08,9817
3490,單井,29,6,23,元大-東泰,2024-07-08,9817
1718,中纖,38,16,22,元大-東泰,2024-07-08,9817
4157,太景*-KY,22,0,22,元大-東泰,2024-07-08,9817
2427,三商電,41,20,21,元大-東泰,2024-07-08,9817
00679B,元大美債20年,319,30,289,元大-東泰,2024-07-09,9817
2883,凱基金,271,81,190,元大-東泰,2024-07-09,9817
2888,新光金,479,304,175,元大-東泰,2024-07-09,9817
00937B,群益ESG投等債20,389,240,149,元大-東泰,2024-07-09,9817
00934,中信成長高股息,172,42,130,元大-東泰,2024-07-09,9817
9105,泰金寶-DR,337,208,129,元大-東泰,2024-07-09,9817
3047,訊舟,223,96,127,元大-東泰,2024-07-09,9817
3481,群創,174,75,99,元大-東泰,2024-07-09,9817
2801,彰銀,109,10,99,元大-東泰,2024-07-09,9817
2881,富邦金,92,1,91,元大-東泰,2024-07-09,9817
00936,台新永續高息中小,107,18,89,元大-東泰,2024-07-09,9817
2349,錸德,128,44,84,元大-東泰,2024-07-09,9817
6116,彩晶,85,15,70,元大-東泰,2024-07-09,9817
2312,金寶,256,187,69,元大-東泰,2024-07-09,9817
2618,長榮航,68,1,67,元大-東泰,2024-07-09,9817
2009,第一銅,67,1,66,元大-東泰,2024-07-09,9817
00632R,元大台灣50反1,76,16,60,元大-東泰,2024-07-09,9817
8086,宏捷科,58,0,58,元大-東泰,2024-07-09,9817
1528,恩德,75,22,53,元大-東泰,2024-07-09,9817
2834,臺企銀,49,0,49,元大-東泰,2024-07-09,9817
2353,宏��,53,9,44,元大-東泰,2024-07-09,9817
2344,華邦電,63,20,43,元大-東泰,2024-07-09,9817
5452,佶優,50,8,42,元大-東泰,2024-07-09,9817
8096,擎亞,38,3,35,元大-東泰,2024-07-09,9817
4157,太景*-KY,40,5,35,元大-東泰,2024-07-09,9817
8150,南茂,34,0,34,元大-東泰,2024-07-09,9817
6148,驊宏資,49,15,34,元大-東泰,2024-07-09,9817
5515,建國,32,0,32,元大-東泰,2024-07-09,9817
2498,宏達電,31,0,31,元大-東泰,2024-07-09,9817
1708,東鹼,30,0,30,元大-東泰,2024-07-09,9817
6278,台表科,29,0,29,元大-東泰,2024-07-09,9817
3055,蔚華科,30,1,29,元大-東泰,2024-07-09,9817
00905,FT臺灣Smart,26,0,26,元大-東泰,2024-07-09,9817
3231,緯創,61,35,26,元大-東泰,2024-07-09,9817
2356,英業達,58,32,26,元大-東泰,2024-07-09,9817
5469,瀚宇博,25,0,25,元大-東泰,2024-07-09,9817
2324,仁寶,27,3,24,元大-東泰,2024-07-09,9817
4952,凌通,24,1,23,元大-東泰,2024-07-09,9817
911868,同方友友-DR,23,0,23,元大-東泰,2024-07-09,9817
1301,台塑,23,1,22,元大-東泰,2024-07-09,9817
2609,陽明,59,39,20,元大-東泰,2024-07-09,9817
00688L,國泰20年美債正2,20,0,20,元大-東泰,2024-07-09,9817
2301,光寶科,23,3,20,元大-東泰,2024-07-09,9817
3494,誠研,20,0,20,元大-東泰,2024-07-09,9817
6179,亞通,20,0,20,元大-東泰,2024-07-09,9817
00680L,元大美債20正2,19,0,19,元大-東泰,2024-07-09,9817
6217,中探針,18,0,18,元大-東泰,2024-07-09,9817
4114,健喬,18,0,18,元大-東泰,2024-07-09,9817
2633,台灣高鐵,20,2,18,元大-東泰,2024-07-09,9817
00919,群益台灣精選高息,36,18,18,元大-東泰,2024-07-09,9817
00942B,台新美A公司債20+,251,1,250,元大-東泰,2024-07-10,9817
00934,中信成長高股息,251,36,215,元大-東泰,2024-07-10,9817
00632R,元大台灣50反1,251,99,152,元大-東泰,2024-07-10,9817
2344,華邦電,159,10,149,元大-東泰,2024-07-10,9817
00937B,群益ESG投等債20,150,1,149,元大-東泰,2024-07-10,9817
1536,和大,129,18,111,元大-東泰,2024-07-10,9817
2371,大同,63,3,60,元大-東泰,2024-07-10,9817
6284,佳邦,51,0,51,元大-東泰,2024-07-10,9817
00949,復華日本龍頭,48,0,48,元大-東泰,2024-07-10,9817
2405,輔信,65,19,46,元大-東泰,2024-07-10,9817
00950B,凱基A級公司債,44,1,43,元大-東泰,2024-07-10,9817
6015,宏遠證,40,0,40,元大-東泰,2024-07-10,9817
2312,金寶,71,33,38,元大-東泰,2024-07-10,9817
6116,彩晶,38,0,38,元大-東泰,2024-07-10,9817
2609,陽明,60,28,32,元大-東泰,2024-07-10,9817
6147,頎邦,30,0,30,元大-東泰,2024-07-10,9817
00688L,國泰20年美債正2,30,0,30,元大-東泰,2024-07-10,9817
00933B,國泰10Y+金融債,30,1,29,元大-東泰,2024-07-10,9817
2392,正崴,95,66,29,元大-東泰,2024-07-10,9817
3706,神達,30,1,29,元大-東泰,2024-07-10,9817
00712,復華富時不動產,48,20,28,元大-東泰,2024-07-10,9817
5876,上海商銀,71,45,26,元大-東泰,2024-07-10,9817
1608,華榮,38,14,24,元大-東泰,2024-07-10,9817
2002,中鋼,31,7,24,元大-東泰,2024-07-10,9817
4904,遠傳,25,3,22,元大-東泰,2024-07-10,9817
6278,台表科,24,2,22,元大-東泰,2024-07-10,9817
00905,FT臺灣Smart,24,2,22,元大-東泰,2024-07-10,9817
00679B,元大美債20年,22,1,21,元大-東泰,2024-07-10,9817
1605,華新,39,19,20,元大-東泰,2024-07-10,9817
1108,幸福,20,0,20,元大-東泰,2024-07-10,9817
2243,宏旭-KY,20,0,20,元大-東泰,2024-07-10,9817
3576,聯合再生,25,5,20,元大-東泰,2024-07-10,9817
2367,燿華,72,52,20,元大-東泰,2024-07-10,9817
3037,欣興,28,9,19,元大-東泰,2024-07-10,9817
3231,緯創,27,8,19,元大-東泰,2024-07-10,9817
8112,至上,22,3,19,元大-東泰,2024-07-10,9817
2365,昆盈,51,33,18,元大-東泰,2024-07-10,9817
4510,高鋒,22,4,18,元大-東泰,2024-07-10,9817
2836A,高雄銀甲特,18,0,18,元大-東泰,2024-07-10,9817
6770,力積電,26,8,18,元大-東泰,2024-07-10,9817
6215,和椿,20,3,17,元大-東泰,2024-07-10,9817
2017,官田鋼,27,10,17,元大-東泰,2024-07-10,9817
3029,零壹,18,1,17,元大-東泰,2024-07-10,9817
3594,磐儀,17,0,17,元大-東泰,2024-07-10,9817
1514,亞力,78,63,15,元大-東泰,2024-07-10,9817
2543,皇昌,39,24,15,元大-東泰,2024-07-10,9817
8358,金居,24,9,15,元大-東泰,2024-07-10,9817
5014,建錩,14,0,14,元大-東泰,2024-07-10,9817
2354,鴻準,21,7,14,元大-東泰,2024-07-10,9817
3019,亞光,17,4,13,元大-東泰,2024-07-10,9817
00632R,元大台灣50反1,629,90,539,元大-東泰,2024-07-11,9817
2887,台新金,315,22,293,元大-東泰,2024-07-11,9817
00937B,群益ESG投等債20,244,1,243,元大-東泰,2024-07-11,9817
00882,中信中國高股息,223,0,223,元大-東泰,2024-07-11,9817
00934,中信成長高股息,236,55,181,元大-東泰,2024-07-11,9817
6134,萬旭,163,6,157,元大-東泰,2024-07-11,9817
00936,台新永續高息中小,145,31,114,元大-東泰,2024-07-11,9817
8021,尖點,117,6,111,元大-東泰,2024-07-11,9817
1536,和大,114,17,97,元大-東泰,2024-07-11,9817
1609,大亞,99,8,91,元大-東泰,2024-07-11,9817
3481,群創,128,56,72,元大-東泰,2024-07-11,9817
5876,上海商銀,57,0,57,元大-東泰,2024-07-11,9817
2888,新光金,119,63,56,元大-東泰,2024-07-11,9817
6284,佳邦,54,6,48,元大-東泰,2024-07-11,9817
1314,中石化,40,0,40,元大-東泰,2024-07-11,9817
2520,冠德,44,6,38,元大-東泰,2024-07-11,9817
2405,輔信,47,12,35,元大-東泰,2024-07-11,9817
1504,東元,43,10,33,元大-東泰,2024-07-11,9817
5512,力麒,33,0,33,元大-東泰,2024-07-11,9817
2618,長榮航,34,3,31,元大-東泰,2024-07-11,9817
2349,錸德,51,21,30,元大-東泰,2024-07-11,9817
4919,新唐,29,0,29,元大-東泰,2024-07-11,9817
4526,東台,28,0,28,元大-東泰,2024-07-11,9817
00680L,元大美債20正2,31,5,26,元大-東泰,2024-07-11,9817
6026,福邦證,26,0,26,元大-東泰,2024-07-11,9817
3062,建漢,67,42,25,元大-東泰,2024-07-11,9817
2408,南亞科,31,8,23,元大-東泰,2024-07-11,9817
2376,技嘉,27,5,22,元大-東泰,2024-07-11,9817
2610,華航,36,15,21,元大-東泰,2024-07-11,9817
1528,恩德,27,6,21,元大-東泰,2024-07-11,9817
3022,威強電,20,0,20,元大-東泰,2024-07-11,9817
4967,十銓,21,2,19,元大-東泰,2024-07-11,9817
5328,華容,20,1,19,元大-東泰,2024-07-11,9817
00891,中信關鍵半導體,17,0,17,元大-東泰,2024-07-11,9817
00687B,國泰20年美債,22,5,17,元大-東泰,2024-07-11,9817
00950B,凱基A級公司債,17,0,17,元大-東泰,2024-07-11,9817
00679B,元大美債20年,28,11,17,元大-東泰,2024-07-11,9817
6548,長科*,18,2,16,元大-東泰,2024-07-11,9817
00740B,富邦全球投等債,16,0,16,元大-東泰,2024-07-11,9817
6005,群益證,16,0,16,元大-東泰,2024-07-11,9817
2603,長榮,17,2,15,元大-東泰,2024-07-11,9817
9958,世紀鋼,18,3,15,元大-東泰,2024-07-11,9817
2449,京元電子,17,2,15,元大-東泰,2024-07-11,9817
1785,光洋科,96,82,14,元大-東泰,2024-07-11,9817
2371,大同,21,7,14,元大-東泰,2024-07-11,9817
4716,大立,14,0,14,元大-東泰,2024-07-11,9817
3052,夆典,13,0,13,元大-東泰,2024-07-11,9817
00923,群益台ESG低碳50,13,0,13,元大-東泰,2024-07-11,9817
3664,安瑞-KY,13,0,13,元大-東泰,2024-07-11,9817
1795,美時,20,7,13,元大-東泰,2024-07-11,9817
2888,新光金,611,335,276,元大-東泰,2024-07-12,9817
00929,復華台灣科技優息,297,34,263,元大-東泰,2024-07-12,9817
00934,中信成長高股息,253,47,206,元大-東泰,2024-07-12,9817
00679B,元大美債20年,203,69,134,元大-東泰,2024-07-12,9817
00919,群益台灣精選高息,178,46,132,元大-東泰,2024-07-12,9817
00688L,國泰20年美債正2,120,0,120,元大-東泰,2024-07-12,9817
00720B,元大投資級公司債,122,5,117,元大-東泰,2024-07-12,9817
2303,聯電,122,6,116,元大-東泰,2024-07-12,9817
1301,台塑,128,25,103,元大-東泰,2024-07-12,9817
2317,鴻海,163,76,87,元大-東泰,2024-07-12,9817
00927,群益半導體收益,84,0,84,元大-東泰,2024-07-12,9817
00637L,元大滬深300正2,81,0,81,元大-東泰,2024-07-12,9817
3706,神達,116,39,77,元大-東泰,2024-07-12,9817
2367,燿華,89,14,75,元大-東泰,2024-07-12,9817
2363,矽統,79,11,68,元大-東泰,2024-07-12,9817
2371,大同,73,14,59,元大-東泰,2024-07-12,9817
00881,國泰台灣5G+,56,5,51,元大-東泰,2024-07-12,9817
5864,致和證,50,0,50,元大-東泰,2024-07-12,9817
2312,金寶,331,282,49,元大-東泰,2024-07-12,9817
2883,凱基金,84,38,46,元大-東泰,2024-07-12,9817
00905,FT臺灣Smart,40,0,40,元大-東泰,2024-07-12,9817
2313,華通,46,6,40,元大-東泰,2024-07-12,9817
6116,彩晶,155,118,37,元大-東泰,2024-07-12,9817
0056,元大高股息,38,1,37,元大-東泰,2024-07-12,9817
00935,野村臺灣新科技50,59,25,34,元大-東泰,2024-07-12,9817
00942B,台新美A公司債20+,30,0,30,元大-東泰,2024-07-12,9817
00891,中信關鍵半導體,32,2,30,元大-東泰,2024-07-12,9817
2427,三商電,29,0,29,元大-東泰,2024-07-12,9817
2609,陽明,64,36,28,元大-東泰,2024-07-12,9817
2867,三商壽,131,103,28,元大-東泰,2024-07-12,9817
2330,台積電,34,7,27,元大-東泰,2024-07-12,9817
2515,中工,28,1,27,元大-東泰,2024-07-12,9817
00662,富邦NASDAQ,26,0,26,元大-東泰,2024-07-12,9817
00725B,國泰投資級公司債,26,0,26,元大-東泰,2024-07-12,9817
3231,緯創,31,5,26,元大-東泰,2024-07-12,9817
4714,永捷,40,14,26,元大-東泰,2024-07-12,9817
6147,頎邦,32,6,26,元大-東泰,2024-07-12,9817
2449,京元電子,28,2,26,元大-東泰,2024-07-12,9817
2606,裕民,25,0,25,元大-東泰,2024-07-12,9817
1316,上曜,59,34,25,元大-東泰,2024-07-12,9817
3013,晟銘電,71,48,23,元大-東泰,2024-07-12,9817
3047,訊舟,28,5,23,元大-東泰,2024-07-12,9817
1455,集盛,21,1,20,元大-東泰,2024-07-12,9817
2412,中華電,21,1,20,元大-東泰,2024-07-12,9817
8201,無敵,20,0,20,元大-東泰,2024-07-12,9817
9958,世紀鋼,19,0,19,元大-東泰,2024-07-12,9817
3711,日月光投控,32,13,19,元大-東泰,2024-07-12,9817
2395,研華,20,1,19,元大-東泰,2024-07-12,9817
2354,鴻準,23,4,19,元大-東泰,2024-07-12,9817
00900,富邦特選高股息30,19,1,18,元大-東泰,2024-07-12,9817
00680L,元大美債20正2,426,0,426,元大-東泰,2024-07-15,9817
00945B,凱基美國非投等債,300,0,300,元大-東泰,2024-07-15,9817
00725B,國泰投資級公司債,135,0,135,元大-東泰,2024-07-15,9817
2344,華邦電,129,2,127,元大-東泰,2024-07-15,9817
2354,鴻準,116,7,109,元大-東泰,2024-07-15,9817
00937B,群益ESG投等債20,129,22,107,元大-東泰,2024-07-15,9817
0056,元大高股息,132,25,107,元大-東泰,2024-07-15,9817
2867,三商壽,132,28,104,元大-東泰,2024-07-15,9817
1304,台聚,117,15,102,元大-東泰,2024-07-15,9817
2891,中信金,90,15,75,元大-東泰,2024-07-15,9817
6005,群益證,70,0,70,元大-東泰,2024-07-15,9817
9105,泰金寶-DR,84,16,68,元大-東泰,2024-07-15,9817
2888,新光金,291,223,68,元大-東泰,2024-07-15,9817
00934,中信成長高股息,165,101,64,元大-東泰,2024-07-15,9817
2356,英業達,141,78,63,元大-東泰,2024-07-15,9817
2312,金寶,211,158,53,元大-東泰,2024-07-15,9817
00688L,國泰20年美債正2,47,0,47,元大-東泰,2024-07-15,9817
3481,群創,78,31,47,元大-東泰,2024-07-15,9817
2489,瑞軒,422,377,45,元大-東泰,2024-07-15,9817
2363,矽統,54,10,44,元大-東泰,2024-07-15,9817
6770,力積電,49,6,43,元大-東泰,2024-07-15,9817
00936,台新永續高息中小,45,3,42,元大-東泰,2024-07-15,9817
2610,華航,47,6,41,元大-東泰,2024-07-15,9817
00882,中信中國高股息,34,0,34,元大-東泰,2024-07-15,9817
2324,仁寶,35,2,33,元大-東泰,2024-07-15,9817
1102,亞泥,30,1,29,元大-東泰,2024-07-15,9817
1785,光洋科,42,13,29,元大-東泰,2024-07-15,9817
2618,長榮航,34,5,29,元大-東泰,2024-07-15,9817
00919,群益台灣精選高息,55,27,28,元大-東泰,2024-07-15,9817
2409,友達,87,59,28,元大-東泰,2024-07-15,9817
6443,元晶,28,1,27,元大-東泰,2024-07-15,9817
00949,復華日本龍頭,27,0,27,元大-東泰,2024-07-15,9817
1303,南亞,26,0,26,元大-東泰,2024-07-15,9817
00905,FT臺灣Smart,25,0,25,元大-東泰,2024-07-15,9817
2365,昆盈,120,95,25,元大-東泰,2024-07-15,9817
00933B,國泰10Y+金融債,57,32,25,元大-東泰,2024-07-15,9817
3055,蔚華科,25,0,25,元大-東泰,2024-07-15,9817
00927,群益半導體收益,31,7,24,元大-東泰,2024-07-15,9817
5328,華容,24,0,24,元大-東泰,2024-07-15,9817
6116,彩晶,23,0,23,元大-東泰,2024-07-15,9817
6026,福邦證,23,1,22,元大-東泰,2024-07-15,9817
3078,僑威,22,0,22,元大-東泰,2024-07-15,9817
9955,佳龍,30,8,22,元大-東泰,2024-07-15,9817
2392,正崴,41,20,21,元大-東泰,2024-07-15,9817
2374,佳能,21,0,21,元大-東泰,2024-07-15,9817
8105,凌巨,41,20,21,元大-東泰,2024-07-15,9817
2609,陽明,63,43,20,元大-東泰,2024-07-15,9817
5302,太欣,20,0,20,元大-東泰,2024-07-15,9817
6015,宏遠證,20,0,20,元大-東泰,2024-07-15,9817
2351,順德,20,0,20,元大-東泰,2024-07-15,9817
5876,上海商銀,2304,2,2302,元大-東泰,2024-07-16,9817
00632R,元大台灣50反1,504,24,480,元大-東泰,2024-07-16,9817
2888,新光金,186,44,142,元大-東泰,2024-07-16,9817
2834,臺企銀,104,3,101,元大-東泰,2024-07-16,9817
00940,元大台灣價值高息,200,102,98,元大-東泰,2024-07-16,9817
00927,群益半導體收益,89,3,86,元大-東泰,2024-07-16,9817
00882,中信中國高股息,86,0,86,元大-東泰,2024-07-16,9817
2891,中信金,89,9,80,元大-東泰,2024-07-16,9817
2892,第一金,85,5,80,元大-東泰,2024-07-16,9817
0056,元大高股息,150,79,71,元大-東泰,2024-07-16,9817
00905,FT臺灣Smart,66,0,66,元大-東泰,2024-07-16,9817
00933B,國泰10Y+金融債,66,1,65,元大-東泰,2024-07-16,9817
00937B,群益ESG投等債20,80,20,60,元大-東泰,2024-07-16,9817
2312,金寶,99,40,59,元大-東泰,2024-07-16,9817
4306,炎洲,54,0,54,元大-東泰,2024-07-16,9817
1504,東元,55,2,53,元大-東泰,2024-07-16,9817
6173,信昌電,70,18,52,元大-東泰,2024-07-16,9817
2367,燿華,54,8,46,元大-東泰,2024-07-16,9817
00929,復華台灣科技優息,85,40,45,元大-東泰,2024-07-16,9817
1303,南亞,42,0,42,元大-東泰,2024-07-16,9817
2365,昆盈,104,64,40,元大-東泰,2024-07-16,9817
2303,聯電,91,51,40,元大-東泰,2024-07-16,9817
3019,亞光,53,15,38,元大-東泰,2024-07-16,9817
2547,日勝生,66,29,37,元大-東泰,2024-07-16,9817
2610,華航,35,1,34,元大-東泰,2024-07-16,9817
00949,復華日本龍頭,34,0,34,元大-東泰,2024-07-16,9817
00931B,統一美債20年,32,0,32,元大-東泰,2024-07-16,9817
6005,群益證,31,0,31,元大-東泰,2024-07-16,9817
2913,農林,51,21,30,元大-東泰,2024-07-16,9817
6284,佳邦,46,17,29,元大-東泰,2024-07-16,9817
2002,中鋼,29,1,28,元大-東泰,2024-07-16,9817
2543,皇昌,38,11,27,元大-東泰,2024-07-16,9817
00935,野村臺灣新科技50,25,0,25,元大-東泰,2024-07-16,9817
4526,東台,26,1,25,元大-東泰,2024-07-16,9817
1514,亞力,28,4,24,元大-東泰,2024-07-16,9817
2440,太空梭,24,1,23,元大-東泰,2024-07-16,9817
1513,中興電,33,11,22,元大-東泰,2024-07-16,9817
00712,復華富時不動產,53,32,21,元大-東泰,2024-07-16,9817
2409,友達,22,1,21,元大-東泰,2024-07-16,9817
1201,味全,20,0,20,元大-東泰,2024-07-16,9817
2489,瑞軒,127,107,20,元大-東泰,2024-07-16,9817
4513,福裕,33,15,18,元大-東泰,2024-07-16,9817
00751B,元大AAA至A公司債,17,0,17,元大-東泰,2024-07-16,9817
6148,驊宏資,17,1,16,元大-東泰,2024-07-16,9817
9105,泰金寶-DR,30,15,15,元大-東泰,2024-07-16,9817
8358,金居,17,2,15,元大-東泰,2024-07-16,9817
1316,上曜,45,30,15,元大-東泰,2024-07-16,9817
2609,陽明,51,37,14,元大-東泰,2024-07-16,9817
2603,長榮,16,2,14,元大-東泰,2024-07-16,9817
00631L,元大台灣50正2,17,4,13,元大-東泰,2024-07-16,9817
00930,永豐ESG低碳高息,1012,0,1012,元大-東泰,2024-07-17,9817
2881,富邦金,810,15,795,元大-東泰,2024-07-17,9817
00632R,元大台灣50反1,501,108,393,元大-東泰,2024-07-17,9817
00665L,富邦�琤肭磪囓�2,300,0,300,元大-東泰,2024-07-17,9817
00937B,群益ESG投等債20,324,50,274,元大-東泰,2024-07-17,9817
00680L,元大美債20正2,281,40,241,元大-東泰,2024-07-17,9817
00688L,國泰20年美債正2,200,0,200,元大-東泰,2024-07-17,9817
00929,復華台灣科技優息,160,29,131,元大-東泰,2024-07-17,9817
0056,元大高股息,165,40,125,元大-東泰,2024-07-17,9817
00919,群益台灣精選高息,154,37,117,元大-東泰,2024-07-17,9817
00679B,元大美債20年,130,22,108,元大-東泰,2024-07-17,9817
2892,第一金,80,0,80,元大-東泰,2024-07-17,9817
00713,元大台灣高息低波,65,0,65,元大-東泰,2024-07-17,9817
00949,復華日本龍頭,61,0,61,元大-東泰,2024-07-17,9817
3231,緯創,90,35,55,元大-東泰,2024-07-17,9817
2353,宏��,53,2,51,元大-東泰,2024-07-17,9817
6492,生華科,53,8,45,元大-東泰,2024-07-17,9817
00927,群益半導體收益,45,0,45,元大-東泰,2024-07-17,9817
2537,聯上發,69,29,40,元大-東泰,2024-07-17,9817
3164,景岳,40,0,40,元大-東泰,2024-07-17,9817
6443,元晶,36,0,36,元大-東泰,2024-07-17,9817
6264,富裔,40,4,36,元大-東泰,2024-07-17,9817
2312,金寶,88,55,33,元大-東泰,2024-07-17,9817
00905,FT臺灣Smart,33,0,33,元大-東泰,2024-07-17,9817
2891,中信金,54,22,32,元大-東泰,2024-07-17,9817
2344,華邦電,55,25,30,元大-東泰,2024-07-17,9817
1409,新纖,42,14,28,元大-東泰,2024-07-17,9817
4906,正文,36,9,27,元大-東泰,2024-07-17,9817
2317,鴻海,48,22,26,元大-東泰,2024-07-17,9817
2515,中工,28,2,26,元大-東泰,2024-07-17,9817
2489,瑞軒,146,121,25,元大-東泰,2024-07-17,9817
3673,TPK-KY,45,21,24,元大-東泰,2024-07-17,9817
3285,微端,24,0,24,元大-東泰,2024-07-17,9817
6125,廣運,25,2,23,元大-東泰,2024-07-17,9817
6164,華興,22,0,22,元大-東泰,2024-07-17,9817
1316,上曜,81,60,21,元大-東泰,2024-07-17,9817
5519,隆大,24,3,21,元大-東泰,2024-07-17,9817
2330,台積電,28,7,21,元大-東泰,2024-07-17,9817
2408,南亞科,23,3,20,元大-東泰,2024-07-17,9817
00650L,復華香港正2,20,0,20,元大-東泰,2024-07-17,9817
6770,力積電,26,7,19,元大-東泰,2024-07-17,9817
3019,亞光,19,0,19,元大-東泰,2024-07-17,9817
3294,英濟,35,16,19,元大-東泰,2024-07-17,9817
6173,信昌電,38,19,19,元大-東泰,2024-07-17,9817
1608,華榮,43,25,18,元大-東泰,2024-07-17,9817
2303,聯電,24,6,18,元大-東泰,2024-07-17,9817
2481,強茂,20,3,17,元大-東泰,2024-07-17,9817
8215,明基材,20,3,17,元大-東泰,2024-07-17,9817
4306,炎洲,22,5,17,元大-東泰,2024-07-17,9817
2376,技嘉,19,2,17,元大-東泰,2024-07-17,9817
00688L,國泰20年美債正2,200,0,200,元大-東泰,2024-07-18,9817
2881,富邦金,185,11,174,元大-東泰,2024-07-18,9817
00929,復華台灣科技優息,269,104,165,元大-東泰,2024-07-18,9817
00919,群益台灣精選高息,195,32,163,元大-東泰,2024-07-18,9817
00930,永豐ESG低碳高息,151,0,151,元大-東泰,2024-07-18,9817
1316,上曜,122,10,112,元大-東泰,2024-07-18,9817
2356,英業達,130,23,107,元大-東泰,2024-07-18,9817
00946,群益科技高息成長,95,0,95,元大-東泰,2024-07-18,9817
00936,台新永續高息中小,104,27,77,元大-東泰,2024-07-18,9817
00878,國泰永續高股息,111,45,66,元大-東泰,2024-07-18,9817
00927,群益半導體收益,64,0,64,元大-東泰,2024-07-18,9817
00937B,群益ESG投等債20,102,41,61,元大-東泰,2024-07-18,9817
00934,中信成長高股息,87,26,61,元大-東泰,2024-07-18,9817
0056,元大高股息,65,6,59,元大-東泰,2024-07-18,9817
00949,復華日本龍頭,59,0,59,元大-東泰,2024-07-18,9817
2489,瑞軒,89,40,49,元大-東泰,2024-07-18,9817
00947,台新臺灣IC設計,49,0,49,元大-東泰,2024-07-18,9817
2601,益航,45,0,45,元大-東泰,2024-07-18,9817
2610,華航,49,5,44,元大-東泰,2024-07-18,9817
1304,台聚,45,4,41,元大-東泰,2024-07-18,9817
6492,生華科,53,12,41,元大-東泰,2024-07-18,9817
8105,凌巨,147,108,39,元大-東泰,2024-07-18,9817
2365,昆盈,173,136,37,元大-東泰,2024-07-18,9817
2317,鴻海,125,89,36,元大-東泰,2024-07-18,9817
2382,廣達,46,11,35,元大-東泰,2024-07-18,9817
2634,漢翔,44,13,31,元大-東泰,2024-07-18,9817
1444,力麗,31,0,31,元大-東泰,2024-07-18,9817
2888,新光金,52,21,31,元大-東泰,2024-07-18,9817
2330,台積電,46,15,31,元大-東泰,2024-07-18,9817
00676R,富邦臺灣加權反1,30,0,30,元大-東泰,2024-07-18,9817
6770,力積電,34,6,28,元大-東泰,2024-07-18,9817
00662,富邦NASDAQ,28,0,28,元大-東泰,2024-07-18,9817
2313,華通,26,1,25,元大-東泰,2024-07-18,9817
6116,彩晶,26,1,25,元大-東泰,2024-07-18,9817
6015,宏遠證,25,0,25,元大-東泰,2024-07-18,9817
00944,野村趨勢動能高息,25,0,25,元大-東泰,2024-07-18,9817
9105,泰金寶-DR,245,221,24,元大-東泰,2024-07-18,9817
2883,凱基金,161,138,23,元大-東泰,2024-07-18,9817
8033,雷虎,25,2,23,元大-東泰,2024-07-18,9817
2331,精英,24,2,22,元大-東泰,2024-07-18,9817
2440,太空梭,31,10,21,元大-東泰,2024-07-18,9817
2891,中信金,52,31,21,元大-東泰,2024-07-18,9817
4157,太景*-KY,22,2,20,元大-東泰,2024-07-18,9817
8473,山林水,25,5,20,元大-東泰,2024-07-18,9817
00942B,台新美A公司債20+,20,0,20,元大-東泰,2024-07-18,9817
2801,彰銀,20,0,20,元大-東泰,2024-07-18,9817
1402,遠東新,19,0,19,元大-東泰,2024-07-18,9817
1514,亞力,35,16,19,元大-東泰,2024-07-18,9817
00652,富邦印度,18,0,18,元大-東泰,2024-07-18,9817
3257,虹冠電,18,0,18,元大-東泰,2024-07-18,9817
00919,群益台灣精選高息,247,44,203,元大-東泰,2024-07-19,9817
2344,華邦電,172,20,152,元大-東泰,2024-07-19,9817
00937B,群益ESG投等債20,173,27,146,元大-東泰,2024-07-19,9817
2367,燿華,142,14,128,元大-東泰,2024-07-19,9817
2801,彰銀,111,0,111,元大-東泰,2024-07-19,9817
3481,群創,213,119,94,元大-東泰,2024-07-19,9817
00882,中信中國高股息,125,40,85,元大-東泰,2024-07-19,9817
2892,第一金,80,1,79,元大-東泰,2024-07-19,9817
00918,大華優利高填息30,91,13,78,元大-東泰,2024-07-19,9817
0056,元大高股息,98,22,76,元大-東泰,2024-07-19,9817
2867,三商壽,91,20,71,元大-東泰,2024-07-19,9817
00929,復華台灣科技優息,228,161,67,元大-東泰,2024-07-19,9817
2330,台積電,80,13,67,元大-東泰,2024-07-19,9817
2408,南亞科,63,0,63,元大-東泰,2024-07-19,9817
6770,力積電,64,5,59,元大-東泰,2024-07-19,9817
2337,旺宏,59,1,58,元大-東泰,2024-07-19,9817
00947,台新臺灣IC設計,58,0,58,元大-東泰,2024-07-19,9817
00934,中信成長高股息,78,22,56,元大-東泰,2024-07-19,9817
00632R,元大台灣50反1,1097,1042,55,元大-東泰,2024-07-19,9817
00930,永豐ESG低碳高息,51,0,51,元大-東泰,2024-07-19,9817
1714,和桐,51,0,51,元大-東泰,2024-07-19,9817
00946,群益科技高息成長,69,20,49,元大-東泰,2024-07-19,9817
00878,國泰永續高股息,76,27,49,元大-東泰,2024-07-19,9817
2891,中信金,69,21,48,元大-東泰,2024-07-19,9817
00679B,元大美債20年,114,66,48,元大-東泰,2024-07-19,9817
1455,集盛,43,0,43,元大-東泰,2024-07-19,9817
1304,台聚,41,0,41,元大-東泰,2024-07-19,9817
00944,野村趨勢動能高息,37,0,37,元大-東泰,2024-07-19,9817
2427,三商電,43,6,37,元大-東泰,2024-07-19,9817
2489,瑞軒,56,22,34,元大-東泰,2024-07-19,9817
3706,神達,41,7,34,元大-東泰,2024-07-19,9817
00905,FT臺灣Smart,32,0,32,元大-東泰,2024-07-19,9817
8034,榮群,30,0,30,元大-東泰,2024-07-19,9817
1609,大亞,97,68,29,元大-東泰,2024-07-19,9817
6026,福邦證,28,0,28,元大-東泰,2024-07-19,9817
2023,燁輝,27,0,27,元大-東泰,2024-07-19,9817
2406,國碩,28,1,27,元大-東泰,2024-07-19,9817
6282,康舒,26,0,26,元大-東泰,2024-07-19,9817
2324,仁寶,31,6,25,元大-東泰,2024-07-19,9817
1785,光洋科,90,65,25,元大-東泰,2024-07-19,9817
2356,英業達,37,12,25,元大-東泰,2024-07-19,9817
3311,閎暉,25,0,25,元大-東泰,2024-07-19,9817
4533,協易機,36,11,25,元大-東泰,2024-07-19,9817
2610,華航,32,8,24,元大-東泰,2024-07-19,9817
2419,仲琦,46,22,24,元大-東泰,2024-07-19,9817
00900,富邦特選高股息30,26,2,24,元大-東泰,2024-07-19,9817
00935,野村臺灣新科技50,30,7,23,元大-東泰,2024-07-19,9817
2883,凱基金,79,56,23,元大-東泰,2024-07-19,9817
3013,晟銘電,61,38,23,元大-東泰,2024-07-19,9817
2887,台新金,26,6,20,元大-東泰,2024-07-19,9817
00940,元大台灣價值高息,725,169,556,元大-東泰,2024-07-22,9817
3481,群創,368,52,316,元大-東泰,2024-07-22,9817
00680L,元大美債20正2,204,5,199,元大-東泰,2024-07-22,9817
00934,中信成長高股息,188,0,188,元大-東泰,2024-07-22,9817
00919,群益台灣精選高息,295,113,182,元大-東泰,2024-07-22,9817
0056,元大高股息,176,12,164,元大-東泰,2024-07-22,9817
00878,國泰永續高股息,206,43,163,元大-東泰,2024-07-22,9817
00946,群益科技高息成長,162,31,131,元大-東泰,2024-07-22,9817
4909,新復興,103,0,103,元大-東泰,2024-07-22,9817
2409,友達,109,12,97,元大-東泰,2024-07-22,9817
2337,旺宏,87,0,87,元大-東泰,2024-07-22,9817
3374,精材,85,7,78,元大-東泰,2024-07-22,9817
00939,統一台灣高息動能,82,14,68,元大-東泰,2024-07-22,9817
3311,閎暉,66,0,66,元大-東泰,2024-07-22,9817
1609,大亞,153,89,64,元大-東泰,2024-07-22,9817
00947,台新臺灣IC設計,56,3,53,元大-東泰,2024-07-22,9817
2303,聯電,72,24,48,元大-東泰,2024-07-22,9817
00944,野村趨勢動能高息,44,0,44,元大-東泰,2024-07-22,9817
2408,南亞科,41,0,41,元大-東泰,2024-07-22,9817
2610,華航,41,1,40,元大-東泰,2024-07-22,9817
1712,興農,52,15,37,元大-東泰,2024-07-22,9817
6282,康舒,37,1,36,元大-東泰,2024-07-22,9817
2356,英業達,50,15,35,元大-東泰,2024-07-22,9817
1101,台泥,56,22,34,元大-東泰,2024-07-22,9817
00918,大華優利高填息30,37,4,33,元大-東泰,2024-07-22,9817
6026,福邦證,30,0,30,元大-東泰,2024-07-22,9817
3062,建漢,62,33,29,元大-東泰,2024-07-22,9817
00891,中信關鍵半導體,32,3,29,元大-東泰,2024-07-22,9817
2354,鴻準,48,20,28,元大-東泰,2024-07-22,9817
00687B,國泰20年美債,43,16,27,元大-東泰,2024-07-22,9817
8358,金居,30,3,27,元大-東泰,2024-07-22,9817
2884,玉山金,28,2,26,元大-東泰,2024-07-22,9817
2913,農林,26,1,25,元大-東泰,2024-07-22,9817
1514,亞力,27,3,24,元大-東泰,2024-07-22,9817
4113,聯上,23,0,23,元大-東泰,2024-07-22,9817
2023,燁輝,22,0,22,元大-東泰,2024-07-22,9817
00881,國泰台灣5G+,27,5,22,元大-東泰,2024-07-22,9817
2812,台中銀,22,1,21,元大-東泰,2024-07-22,9817
3380,明泰,21,0,21,元大-東泰,2024-07-22,9817
2618,長榮航,27,7,20,元大-東泰,2024-07-22,9817
9103,美德醫療-DR,20,0,20,元大-東泰,2024-07-22,9817
00942B,台新美A公司債20+,20,0,20,元大-東泰,2024-07-22,9817
4157,太景*-KY,20,0,20,元大-東泰,2024-07-22,9817
3706,神達,38,18,20,元大-東泰,2024-07-22,9817
3231,緯創,45,26,19,元大-東泰,2024-07-22,9817
8104,錸寶,22,3,19,元大-東泰,2024-07-22,9817
2352,佳世達,59,41,18,元大-東泰,2024-07-22,9817
6016,康和證,18,0,18,元大-東泰,2024-07-22,9817
2330,台積電,41,24,17,元大-東泰,2024-07-22,9817
2323,中環,22,5,17,元大-東泰,2024-07-22,9817
3481,群創,452,108,344,元大-東泰,2024-07-23,9817
00687B,國泰20年美債,268,13,255,元大-東泰,2024-07-23,9817
2409,友達,286,67,219,元大-東泰,2024-07-23,9817
00632R,元大台灣50反1,223,52,171,元大-東泰,2024-07-23,9817
6005,群益證,130,2,128,元大-東泰,2024-07-23,9817
2365,昆盈,357,256,101,元大-東泰,2024-07-23,9817
00929,復華台灣科技優息,139,49,90,元大-東泰,2024-07-23,9817
00937B,群益ESG投等債20,133,62,71,元大-東泰,2024-07-23,9817
00878,國泰永續高股息,59,4,55,元大-東泰,2024-07-23,9817
5512,力麒,114,66,48,元大-東泰,2024-07-23,9817
6116,彩晶,85,38,47,元大-東泰,2024-07-23,9817
00919,群益台灣精選高息,67,22,45,元大-東泰,2024-07-23,9817
2891,中信金,48,5,43,元大-東泰,2024-07-23,9817
00940,元大台灣價值高息,107,67,40,元大-東泰,2024-07-23,9817
1720,生達,40,1,39,元大-東泰,2024-07-23,9817
1316,上曜,48,11,37,元大-東泰,2024-07-23,9817
2002,中鋼,37,1,36,元大-東泰,2024-07-23,9817
2408,南亞科,38,3,35,元大-東泰,2024-07-23,9817
2312,金寶,43,8,35,元大-東泰,2024-07-23,9817
4967,十銓,37,3,34,元大-東泰,2024-07-23,9817
2419,仲琦,34,1,33,元大-東泰,2024-07-23,9817
2867,三商壽,31,0,31,元大-東泰,2024-07-23,9817
0056,元大高股息,44,16,28,元大-東泰,2024-07-23,9817
5392,能率,31,6,25,元大-東泰,2024-07-23,9817
00936,台新永續高息中小,26,2,24,元大-東泰,2024-07-23,9817
00946,群益科技高息成長,33,10,23,元大-東泰,2024-07-23,9817
6127,九豪,21,0,21,元大-東泰,2024-07-23,9817
8076,伍豐,20,0,20,元大-東泰,2024-07-23,9817
2897,王道銀行,20,0,20,元大-東泰,2024-07-23,9817
9943,好樂迪,20,0,20,元大-東泰,2024-07-23,9817
00679B,元大美債20年,42,22,20,元大-東泰,2024-07-23,9817
3380,明泰,19,0,19,元大-東泰,2024-07-23,9817
3033,威健,17,0,17,元大-東泰,2024-07-23,9817
00631L,元大台灣50正2,14,0,14,元大-東泰,2024-07-23,9817
2349,錸德,37,23,14,元大-東泰,2024-07-23,9817
3516,亞帝歐,14,0,14,元大-東泰,2024-07-23,9817
6147,頎邦,19,6,13,元大-東泰,2024-07-23,9817
1609,大亞,91,78,13,元大-東泰,2024-07-23,9817
6770,力積電,14,2,12,元大-東泰,2024-07-23,9817
4903,聯光通,15,3,12,元大-東泰,2024-07-23,9817
2439,美律,16,4,12,元大-東泰,2024-07-23,9817
00949,復華日本龍頭,37,25,12,元大-東泰,2024-07-23,9817
2890,永豐金,20,8,12,元大-東泰,2024-07-23,9817
6120,達運,12,0,12,元大-東泰,2024-07-23,9817
2303,聯電,29,18,11,元大-東泰,2024-07-23,9817
1301,台塑,13,2,11,元大-東泰,2024-07-23,9817
3580,友威科,38,27,11,元大-東泰,2024-07-23,9817
1444,力麗,13,2,11,元大-東泰,2024-07-23,9817
00905,FT臺灣Smart,11,0,11,元大-東泰,2024-07-23,9817
1303,南亞,11,0,11,元大-東泰,2024-07-23,9817
00632R,元大台灣50反1,1996,444,1552,元大-東泰,2024-07-26,9817
00929,復華台灣科技優息,499,59,440,元大-東泰,2024-07-26,9817
2867,三商壽,422,46,376,元大-東泰,2024-07-26,9817
00946,群益科技高息成長,341,10,331,元大-東泰,2024-07-26,9817
00940,元大台灣價值高息,435,111,324,元大-東泰,2024-07-26,9817
00937B,群益ESG投等債20,265,0,265,元大-東泰,2024-07-26,9817
00878,國泰永續高股息,152,19,133,元大-東泰,2024-07-26,9817
00680L,元大美債20正2,107,0,107,元大-東泰,2024-07-26,9817
00934,中信成長高股息,96,3,93,元大-東泰,2024-07-26,9817
00637L,元大滬深300正2,359,283,76,元大-東泰,2024-07-26,9817
3311,閎暉,75,0,75,元大-東泰,2024-07-26,9817
00948B,中信優息投資級債,68,0,68,元大-東泰,2024-07-26,9817
2884,玉山金,65,0,65,元大-東泰,2024-07-26,9817
00919,群益台灣精選高息,100,35,65,元大-東泰,2024-07-26,9817
0050,元大台灣50,63,0,63,元大-東泰,2024-07-26,9817
00933B,國泰10Y+金融債,63,0,63,元大-東泰,2024-07-26,9817
0056,元大高股息,70,9,61,元大-東泰,2024-07-26,9817
2344,華邦電,73,12,61,元大-東泰,2024-07-26,9817
2330,台積電,65,11,54,元大-東泰,2024-07-26,9817
4909,新復興,52,0,52,元大-東泰,2024-07-26,9817
00949,復華日本龍頭,59,10,49,元大-東泰,2024-07-26,9817
00942B,台新美A公司債20+,47,0,47,元大-東泰,2024-07-26,9817
00639,富邦深100,45,0,45,元大-東泰,2024-07-26,9817
00951,台新日本半導體,43,0,43,元大-東泰,2024-07-26,9817
2303,聯電,45,3,42,元大-東泰,2024-07-26,9817
3711,日月光投控,41,1,40,元大-東泰,2024-07-26,9817
00885,富邦越南,43,5,38,元大-東泰,2024-07-26,9817
2356,英業達,39,2,37,元大-東泰,2024-07-26,9817
2834,臺企銀,41,6,35,元大-東泰,2024-07-26,9817
00712,復華富時不動產,35,0,35,元大-東泰,2024-07-26,9817
00830,國泰費城半導體,36,1,35,元大-東泰,2024-07-26,9817
00635U,期元大S＆P黃金,32,0,32,元大-東泰,2024-07-26,9817
1609,大亞,135,104,31,元大-東泰,2024-07-26,9817
6228,全譜,31,0,31,元大-東泰,2024-07-26,9817
00936,台新永續高息中小,33,3,30,元大-東泰,2024-07-26,9817
6147,頎邦,27,0,27,元大-東泰,2024-07-26,9817
2382,廣達,32,5,27,元大-東泰,2024-07-26,9817
2317,鴻海,77,51,26,元大-東泰,2024-07-26,9817
00662,富邦NASDAQ,25,0,25,元大-東泰,2024-07-26,9817
00881,國泰台灣5G+,28,3,25,元大-東泰,2024-07-26,9817
00661,元大日經225,24,0,24,元大-東泰,2024-07-26,9817
8150,南茂,24,0,24,元大-東泰,2024-07-26,9817
00918,大華優利高填息30,22,0,22,元大-東泰,2024-07-26,9817
2349,錸德,36,16,20,元大-東泰,2024-07-26,9817
2408,南亞科,27,8,19,元大-東泰,2024-07-26,9817
2891,中信金,30,12,18,元大-東泰,2024-07-26,9817
4967,十銓,20,2,18,元大-東泰,2024-07-26,9817
2352,佳世達,26,8,18,元大-東泰,2024-07-26,9817
00923,群益台ESG低碳50,18,0,18,元大-東泰,2024-07-26,9817
6015,宏遠證,18,0,18,元大-東泰,2024-07-26,9817
2867,三商壽,426,51,375,元大-東泰,2024-07-29,9817
2303,聯電,232,10,222,元大-東泰,2024-07-29,9817
9105,泰金寶-DR,171,0,171,元大-東泰,2024-07-29,9817
00940,元大台灣價值高息,145,13,132,元大-東泰,2024-07-29,9817
00632R,元大台灣50反1,130,25,105,元大-東泰,2024-07-29,9817
00937B,群益ESG投等債20,138,37,101,元大-東泰,2024-07-29,9817
2884,玉山金,117,21,96,元大-東泰,2024-07-29,9817
2489,瑞軒,90,13,77,元大-東泰,2024-07-29,9817
00878,國泰永續高股息,86,14,72,元大-東泰,2024-07-29,9817
00951,台新日本半導體,71,0,71,元大-東泰,2024-07-29,9817
2409,友達,104,40,64,元大-東泰,2024-07-29,9817
1609,大亞,75,12,63,元大-東泰,2024-07-29,9817
2368,金像電,55,3,52,元大-東泰,2024-07-29,9817
0056,元大高股息,59,13,46,元大-東泰,2024-07-29,9817
00919,群益台灣精選高息,66,24,42,元大-東泰,2024-07-29,9817
6133,金橋,41,0,41,元大-東泰,2024-07-29,9817
3211,順達,53,14,39,元大-東泰,2024-07-29,9817
2356,英業達,53,16,37,元大-東泰,2024-07-29,9817
2317,鴻海,76,41,35,元大-東泰,2024-07-29,9817
3481,群創,53,17,36,元大-東泰,2024-07-29,9817
3163,波若威,49,18,31,元大-東泰,2024-07-29,9817
3706,神達,29,0,29,元大-東泰,2024-07-29,9817
00720B,元大投資級公司債,30,2,28,元大-東泰,2024-07-29,9817
2537,聯上發,37,11,26,元大-東泰,2024-07-29,9817
2324,仁寶,26,1,25,元大-東泰,2024-07-29,9817
00934,中信成長高股息,29,5,24,元大-東泰,2024-07-29,9817
5009,榮剛,23,0,23,元大-東泰,2024-07-29,9817
2312,金寶,34,13,21,元大-東泰,2024-07-29,9817
2323,中環,24,3,21,元大-東泰,2024-07-29,9817
00918,大華優利高填息30,20,0,20,元大-東泰,2024-07-29,9817
00927,群益半導體收益,18,0,18,元大-東泰,2024-07-29,9817
6282,康舒,20,2,18,元大-東泰,2024-07-29,9817
3707,漢磊,18,0,18,元大-東泰,2024-07-29,9817
00933B,國泰10Y+金融債,19,2,17,元大-東泰,2024-07-29,9817
6213,聯茂,21,4,17,元大-東泰,2024-07-29,9817
3711,日月光投控,49,33,16,元大-東泰,2024-07-29,9817
2603,長榮,24,8,16,元大-東泰,2024-07-29,9817
2911,麗嬰房,16,0,16,元大-東泰,2024-07-29,9817
1815,富喬,22,6,16,元大-東泰,2024-07-29,9817
2515,中工,18,2,16,元大-東泰,2024-07-29,9817
2365,昆盈,84,69,15,元大-東泰,2024-07-29,9817
3006,晶豪科,16,1,15,元大-東泰,2024-07-29,9817
1608,華榮,21,6,15,元大-東泰,2024-07-29,9817
00751B,元大AAA至A公司債,15,0,15,元大-東泰,2024-07-29,9817
2408,南亞科,19,5,14,元大-東泰,2024-07-29,9817
2353,宏��,15,1,14,元大-東泰,2024-07-29,9817
2367,燿華,29,15,14,元大-東泰,2024-07-29,9817
6753,龍德造船,14,1,13,元大-東泰,2024-07-29,9817
8054,安國,46,33,13,元大-東泰,2024-07-29,9817
8374,羅昇,19,6,13,元大-東泰,2024-07-29,9817
00929,復華台灣科技優息,528,39,489,元大-東泰,2024-07-30,9817
2867,三商壽,398,6,392,元大-東泰,2024-07-30,9817
00940,元大台灣價值高息,315,21,294,元大-東泰,2024-07-30,9817
00946,群益科技高息成長,209,13,196,元大-東泰,2024-07-30,9817
2344,華邦電,136,13,123,元大-東泰,2024-07-30,9817
00679B,元大美債20年,139,26,113,元大-東泰,2024-07-30,9817
00878,國泰永續高股息,102,26,76,元大-東泰,2024-07-30,9817
2834,臺企銀,72,0,72,元大-東泰,2024-07-30,9817
2886,兆豐金,65,1,64,元大-東泰,2024-07-30,9817
00939,統一台灣高息動能,58,2,56,元大-東泰,2024-07-30,9817
2891,中信金,46,1,45,元大-東泰,2024-07-30,9817
2303,聯電,52,8,44,元大-東泰,2024-07-30,9817
00919,群益台灣精選高息,75,35,40,元大-東泰,2024-07-30,9817
00951,台新日本半導體,40,0,40,元大-東泰,2024-07-30,9817
3311,閎暉,33,0,33,元大-東泰,2024-07-30,9817
1314,中石化,57,25,32,元大-東泰,2024-07-30,9817
00639,富邦深100,30,0,30,元大-東泰,2024-07-30,9817
0056,元大高股息,48,20,28,元大-東泰,2024-07-30,9817
00637L,元大滬深300正2,126,100,26,元大-東泰,2024-07-30,9817
00650L,復華香港正2,25,0,25,元大-東泰,2024-07-30,9817
2409,友達,58,34,24,元大-東泰,2024-07-30,9817
00712,復華富時不動產,26,2,24,元大-東泰,2024-07-30,9817
6177,達麗,24,0,24,元大-東泰,2024-07-30,9817
2356,英業達,29,8,21,元大-東泰,2024-07-30,9817
00830,國泰費城半導體,21,0,21,元大-東泰,2024-07-30,9817
00632R,元大台灣50反1,123,102,21,元大-東泰,2024-07-30,9817
4564,元翎,22,2,20,元大-東泰,2024-07-30,9817
2365,昆盈,42,22,20,元大-東泰,2024-07-30,9817
2337,旺宏,34,15,19,元大-東泰,2024-07-30,9817
00947,台新臺灣IC設計,21,2,19,元大-東泰,2024-07-30,9817
00900,富邦特選高股息30,22,3,19,元大-東泰,2024-07-30,9817
4919,新唐,35,16,19,元大-東泰,2024-07-30,9817
2349,錸德,109,91,18,元大-東泰,2024-07-30,9817
00936,台新永續高息中小,17,0,17,元大-東泰,2024-07-30,9817
3189,景碩,23,6,17,元大-東泰,2024-07-30,9817
1802,台玻,17,0,17,元大-東泰,2024-07-30,9817
00927,群益半導體收益,33,16,17,元大-東泰,2024-07-30,9817
00715L,期街口布蘭特正2,16,0,16,元大-東泰,2024-07-30,9817
1711,永光,15,0,15,元大-東泰,2024-07-30,9817
3231,緯創,17,3,14,元大-東泰,2024-07-30,9817
00662,富邦NASDAQ,13,0,13,元大-東泰,2024-07-30,9817
1101,台泥,23,10,13,元大-東泰,2024-07-30,9817
2890,永豐金,14,1,13,元大-東泰,2024-07-30,9817
1608,華榮,24,11,13,元大-東泰,2024-07-30,9817
00661,元大日經225,11,0,11,元大-東泰,2024-07-30,9817
4979,華星光,12,1,11,元大-東泰,2024-07-30,9817
1304,台聚,10,0,10,元大-東泰,2024-07-30,9817
2514,龍邦,10,0,10,元大-東泰,2024-07-30,9817
1909,榮成,10,0,10,元大-東泰,2024-07-30,9817
2634,漢翔,14,4,10,元大-東泰,2024-07-30,9817
2367,燿華,203,2,201,元大-東泰,2024-07-31,9817
3576,聯合再生,184,10,174,元大-東泰,2024-07-31,9817
2867,三商壽,187,53,134,元大-東泰,2024-07-31,9817
00688L,國泰20年美債正2,100,0,100,元大-東泰,2024-07-31,9817
00632R,元大台灣50反1,98,12,86,元大-東泰,2024-07-31,9817
3481,群創,349,268,81,元大-東泰,2024-07-31,9817
00679B,元大美債20年,108,35,73,元大-東泰,2024-07-31,9817
0050,元大台灣50,85,33,52,元大-東泰,2024-07-31,9817
2382,廣達,62,10,52,元大-東泰,2024-07-31,9817
2409,友達,55,12,43,元大-東泰,2024-07-31,9817
00919,群益台灣精選高息,43,4,39,元大-東泰,2024-07-31,9817
6548,長科*,40,1,39,元大-東泰,2024-07-31,9817
00687B,國泰20年美債,40,5,35,元大-東泰,2024-07-31,9817
1609,大亞,31,2,29,元大-東泰,2024-07-31,9817
4513,福裕,51,23,28,元大-東泰,2024-07-31,9817
2537,聯上發,28,2,26,元大-東泰,2024-07-31,9817
00712,復華富時不動產,41,15,26,元大-東泰,2024-07-31,9817
2489,瑞軒,33,9,24,元大-東泰,2024-07-31,9817
6026,福邦證,23,0,23,元大-東泰,2024-07-31,9817
3715,定穎投控,38,17,21,元大-東泰,2024-07-31,9817
00927,群益半導體收益,22,2,20,元大-東泰,2024-07-31,9817
1314,中石化,39,19,20,元大-東泰,2024-07-31,9817
6505,台塑化,21,2,19,元大-東泰,2024-07-31,9817
00715L,期街口布蘭特正2,18,0,18,元大-東泰,2024-07-31,9817
2329,華泰,18,0,18,元大-東泰,2024-07-31,9817
6147,頎邦,16,0,16,元大-東泰,2024-07-31,9817
00680L,元大美債20正2,16,0,16,元大-東泰,2024-07-31,9817
2534,宏盛,18,2,16,元大-東泰,2024-07-31,9817
2371,大同,16,0,16,元大-東泰,2024-07-31,9817
2359,所羅門,19,4,15,元大-東泰,2024-07-31,9817
9917,中保科,15,0,15,元大-東泰,2024-07-31,9817
3312,弘憶股,14,0,14,元大-東泰,2024-07-31,9817
00891,中信關鍵半導體,14,0,14,元大-東泰,2024-07-31,9817
2312,金寶,23,10,13,元大-東泰,2024-07-31,9817
2419,仲琦,18,5,13,元大-東泰,2024-07-31,9817
6148,驊宏資,13,0,13,元大-東泰,2024-07-31,9817
00878,國泰永續高股息,32,20,12,元大-東泰,2024-07-31,9817
00830,國泰費城半導體,11,0,11,元大-東泰,2024-07-31,9817
2393,億光,13,2,11,元大-東泰,2024-07-31,9817
6005,群益證,11,0,11,元大-東泰,2024-07-31,9817
8112,至上,12,1,11,元大-東泰,2024-07-31,9817
1785,光洋科,22,11,11,元大-東泰,2024-07-31,9817
2352,佳世達,11,0,11,元大-東泰,2024-07-31,9817
2349,錸德,76,65,11,元大-東泰,2024-07-31,9817
3037,欣興,17,7,10,元大-東泰,2024-07-31,9817
2449,京元電子,21,11,10,元大-東泰,2024-07-31,9817
2365,昆盈,47,37,10,元大-東泰,2024-07-31,9817
2323,中環,10,0,10,元大-東泰,2024-07-31,9817
2492,華新科,12,2,10,元大-東泰,2024-07-31,9817
3490,單井,11,1,10,元大-東泰,2024-07-31,9817
00632R,元大台灣50反1,302,0,302,元大-東泰,2024-08-01,9817
00680L,元大美債20正2,186,12,174,元大-東泰,2024-08-01,9817
2615,萬海,142,16,126,元大-東泰,2024-08-01,9817
00937B,群益ESG投等債20,106,5,101,元大-東泰,2024-08-01,9817
00671R,富邦NASDAQ反1,100,0,100,元大-東泰,2024-08-01,9817
3580,友威科,117,29,88,元大-東泰,2024-08-01,9817
2337,旺宏,211,129,82,元大-東泰,2024-08-01,9817
2349,錸德,81,19,62,元大-東泰,2024-08-01,9817
2883,凱基金,120,59,61,元大-東泰,2024-08-01,9817
2887,台新金,51,0,51,元大-東泰,2024-08-01,9817
2317,鴻海,336,291,45,元大-東泰,2024-08-01,9817
00949,復華日本龍頭,42,1,41,元大-東泰,2024-08-01,9817
2845,遠東銀,40,0,40,元大-東泰,2024-08-01,9817
00929,復華台灣科技優息,70,34,36,元大-東泰,2024-08-01,9817
00878,國泰永續高股息,42,8,34,元大-東泰,2024-08-01,9817
00720B,元大投資級公司債,35,10,25,元大-東泰,2024-08-01,9817
00919,群益台灣精選高息,30,6,24,元大-東泰,2024-08-01,9817
2412,中華電,24,0,24,元大-東泰,2024-08-01,9817
00712,復華富時不動產,29,6,23,元大-東泰,2024-08-01,9817
2884,玉山金,26,3,23,元大-東泰,2024-08-01,9817
2454,聯發科,26,4,22,元大-東泰,2024-08-01,9817
2363,矽統,50,29,21,元大-東泰,2024-08-01,9817
2891,中信金,29,9,20,元大-東泰,2024-08-01,9817
6239,力成,22,2,20,元大-東泰,2024-08-01,9817
5907,大洋-KY,19,0,19,元大-東泰,2024-08-01,9817
2427,三商電,18,0,18,元大-東泰,2024-08-01,9817
2408,南亞科,22,6,16,元大-東泰,2024-08-01,9817
5876,上海商銀,15,0,15,元大-東泰,2024-08-01,9817
4306,炎洲,15,0,15,元大-東泰,2024-08-01,9817
2707,晶華,15,0,15,元大-東泰,2024-08-01,9817
00942B,台新美A公司債20+,15,0,15,元大-東泰,2024-08-01,9817
1216,統一,15,1,14,元大-東泰,2024-08-01,9817
00661,元大日經225,14,0,14,元大-東泰,2024-08-01,9817
2204,中華,17,3,14,元大-東泰,2024-08-01,9817
3231,緯創,38,25,13,元大-東泰,2024-08-01,9817
00675L,富邦臺灣加權正2,12,0,12,元大-東泰,2024-08-01,9817
2801,彰銀,13,1,12,元大-東泰,2024-08-01,9817
4915,致伸,12,0,12,元大-東泰,2024-08-01,9817
6147,頎邦,23,12,11,元大-東泰,2024-08-01,9817
3211,順達,13,2,11,元大-東泰,2024-08-01,9817
5484,慧友,11,0,11,元大-東泰,2024-08-01,9817
2201,裕隆,10,0,10,元大-東泰,2024-08-01,9817
4720,德淵,10,0,10,元大-東泰,2024-08-01,9817
1434,福懋,10,0,10,元大-東泰,2024-08-01,9817
8080,印鉐,13,3,10,元大-東泰,2024-08-01,9817
3518,柏騰,12,2,10,元大-東泰,2024-08-01,9817
2890,永豐金,11,1,10,元大-東泰,2024-08-01,9817
1514,亞力,15,6,9,元大-東泰,2024-08-01,9817
8358,金居,11,2,9,元大-東泰,2024-08-01,9817
2504,國產,9,0,9,元大-東泰,2024-08-01,9817
00940,元大台灣價值高息,821,25,796,元大-東泰,2024-08-02,9817
00929,復華台灣科技優息,402,3,399,元大-東泰,2024-08-02,9817
00878,國泰永續高股息,338,89,249,元大-東泰,2024-08-02,9817
2501,國建,241,3,238,元大-東泰,2024-08-02,9817
00687B,國泰20年美債,232,16,216,元大-東泰,2024-08-02,9817
00919,群益台灣精選高息,215,6,209,元大-東泰,2024-08-02,9817
00680L,元大美債20正2,438,269,169,元大-東泰,2024-08-02,9817
2317,鴻海,191,33,158,元大-東泰,2024-08-02,9817
2834,臺企銀,119,3,116,元大-東泰,2024-08-02,9817
00946,群益科技高息成長,113,1,112,元大-東泰,2024-08-02,9817
2892,第一金,117,7,110,元大-東泰,2024-08-02,9817
8027,鈦昇,102,3,99,元大-東泰,2024-08-02,9817
00637L,元大滬深300正2,104,10,94,元大-東泰,2024-08-02,9817
00881,國泰台灣5G+,93,1,92,元大-東泰,2024-08-02,9817
00936,台新永續高息中小,91,0,91,元大-東泰,2024-08-02,9817
00937B,群益ESG投等債20,216,138,78,元大-東泰,2024-08-02,9817
2867,三商壽,78,1,77,元大-東泰,2024-08-02,9817
2409,友達,71,2,69,元大-東泰,2024-08-02,9817
2330,台積電,73,11,62,元大-東泰,2024-08-02,9817
00885,富邦越南,61,0,61,元大-東泰,2024-08-02,9817
1609,大亞,65,5,60,元大-東泰,2024-08-02,9817
9105,泰金寶-DR,55,1,54,元大-東泰,2024-08-02,9817
2886,兆豐金,57,4,53,元大-東泰,2024-08-02,9817
00934,中信成長高股息,70,20,50,元大-東泰,2024-08-02,9817
0056,元大高股息,73,23,50,元大-東泰,2024-08-02,9817
00900,富邦特選高股息30,49,1,48,元大-東泰,2024-08-02,9817
3037,欣興,60,12,48,元大-東泰,2024-08-02,9817
2891,中信金,56,9,47,元大-東泰,2024-08-02,9817
2610,華航,51,6,45,元大-東泰,2024-08-02,9817
4919,新唐,44,0,44,元大-東泰,2024-08-02,9817
2408,南亞科,46,3,43,元大-東泰,2024-08-02,9817
00679B,元大美債20年,68,27,41,元大-東泰,2024-08-02,9817
2885,元大金,40,0,40,元大-東泰,2024-08-02,9817
5512,力麒,44,5,39,元大-東泰,2024-08-02,9817
00951,台新日本半導體,39,0,39,元大-東泰,2024-08-02,9817
00918,大華優利高填息30,36,0,36,元大-東泰,2024-08-02,9817
00830,國泰費城半導體,48,13,35,元大-東泰,2024-08-02,9817
2449,京元電子,34,1,33,元大-東泰,2024-08-02,9817
00661,元大日經225,33,0,33,元大-東泰,2024-08-02,9817
1303,南亞,34,1,33,元大-東泰,2024-08-02,9817
2603,長榮,38,6,32,元大-東泰,2024-08-02,9817
2883,凱基金,119,88,31,元大-東泰,2024-08-02,9817
3711,日月光投控,31,1,30,元大-東泰,2024-08-02,9817
2515,中工,36,7,29,元大-東泰,2024-08-02,9817
0050,元大台灣50,38,10,28,元大-東泰,2024-08-02,9817
00712,復華富時不動產,31,5,26,元大-東泰,2024-08-02,9817
2845,遠東銀,28,2,26,元大-東泰,2024-08-02,9817
006208,富邦台50,28,2,26,元大-東泰,2024-08-02,9817
2356,英業達,38,13,25,元大-東泰,2024-08-02,9817
2337,旺宏,59,34,25,元大-東泰,2024-08-02,9817
00940,元大台灣價值高息,1233,444,789,元大-東泰,2024-08-05,9817
00929,復華台灣科技優息,693,154,539,元大-東泰,2024-08-05,9817
00937B,群益ESG投等債20,677,200,477,元大-東泰,2024-08-05,9817
00680L,元大美債20正2,1583,1224,359,元大-東泰,2024-08-05,9817
00878,國泰永續高股息,493,182,311,元大-東泰,2024-08-05,9817
2867,三商壽,270,19,251,元大-東泰,2024-08-05,9817
00919,群益台灣精選高息,283,60,223,元大-東泰,2024-08-05,9817
00946,群益科技高息成長,160,25,135,元大-東泰,2024-08-05,9817
2317,鴻海,225,92,133,元大-東泰,2024-08-05,9817
3481,群創,248,118,130,元大-東泰,2024-08-05,9817
00923,群益台ESG低碳50,128,9,119,元大-東泰,2024-08-05,9817
2834,臺企銀,135,19,116,元大-東泰,2024-08-05,9817
2888,新光金,574,474,100,元大-東泰,2024-08-05,9817
0056,元大高股息,143,43,100,元大-東泰,2024-08-05,9817
00652,富邦印度,99,0,99,元大-東泰,2024-08-05,9817
00830,國泰費城半導體,170,75,95,元大-東泰,2024-08-05,9817
5880,合庫金,110,16,94,元大-東泰,2024-08-05,9817
00661,元大日經225,191,100,91,元大-東泰,2024-08-05,9817
2881,富邦金,110,25,85,元大-東泰,2024-08-05,9817
00881,國泰台灣5G+,91,6,85,元大-東泰,2024-08-05,9817
00900,富邦特選高股息30,85,3,82,元大-東泰,2024-08-05,9817
00641R,富邦日本反1,80,0,80,元大-東泰,2024-08-05,9817
2104,國際中橡,80,0,80,元大-東泰,2024-08-05,9817
1540,喬福,302,228,74,元大-東泰,2024-08-05,9817
9105,泰金寶-DR,74,7,67,元大-東泰,2024-08-05,9817
1314,中石化,108,50,58,元大-東泰,2024-08-05,9817
2880,華南金,59,1,58,元大-東泰,2024-08-05,9817
00939,統一台灣高息動能,68,14,54,元大-東泰,2024-08-05,9817
2303,聯電,107,53,54,元大-東泰,2024-08-05,9817
00706L,期元大S＆P日圓正2,54,2,52,元大-東泰,2024-08-05,9817
2330,台積電,107,57,50,元大-東泰,2024-08-05,9817
00662,富邦NASDAQ,62,15,47,元大-東泰,2024-08-05,9817
00936,台新永續高息中小,47,2,45,元大-東泰,2024-08-05,9817
2365,昆盈,97,53,44,元大-東泰,2024-08-05,9817
2014,中鴻,41,0,41,元大-東泰,2024-08-05,9817
006208,富邦台50,52,12,40,元大-東泰,2024-08-05,9817
2884,玉山金,45,6,39,元大-東泰,2024-08-05,9817
2610,華航,38,0,38,元大-東泰,2024-08-05,9817
3311,閎暉,38,0,38,元大-東泰,2024-08-05,9817
2641,正德,49,11,38,元大-東泰,2024-08-05,9817
00918,大華優利高填息30,55,18,37,元大-東泰,2024-08-05,9817
6770,力積電,39,3,36,元大-東泰,2024-08-05,9817
3576,聯合再生,42,7,35,元大-東泰,2024-08-05,9817
2408,南亞科,34,4,30,元大-東泰,2024-08-05,9817
6015,宏遠證,32,2,30,元大-東泰,2024-08-05,9817
00715L,期街口布蘭特正2,31,1,30,元大-東泰,2024-08-05,9817
2489,瑞軒,33,4,29,元大-東泰,2024-08-05,9817
6177,達麗,37,10,27,元大-東泰,2024-08-05,9817
1434,福懋,26,0,26,元大-東泰,2024-08-05,9817
00927,群益半導體收益,53,27,26,元大-東泰,2024-08-05,9817
00632R,元大台灣50反1,3079,2320,759,元大-東泰,2024-08-06,9817
2609,陽明,550,63,487,元大-東泰,2024-08-06,9817
00940,元大台灣價值高息,545,135,410,元大-東泰,2024-08-06,9817
2867,三商壽,255,45,210,元大-東泰,2024-08-06,9817
00665L,富邦�琤肭磪囓�2,200,0,200,元大-東泰,2024-08-06,9817
00929,復華台灣科技優息,211,37,174,元大-東泰,2024-08-06,9817
2323,中環,163,0,163,元大-東泰,2024-08-06,9817
2367,燿華,114,14,100,元大-東泰,2024-08-06,9817
00878,國泰永續高股息,213,113,100,元大-東泰,2024-08-06,9817
2409,友達,108,18,90,元大-東泰,2024-08-06,9817
2834,臺企銀,94,23,71,元大-東泰,2024-08-06,9817
6177,達麗,80,11,69,元大-東泰,2024-08-06,9817
00885,富邦越南,57,0,57,元大-東泰,2024-08-06,9817
00900,富邦特選高股息30,56,3,53,元大-東泰,2024-08-06,9817
00631L,元大台灣50正2,52,1,51,元大-東泰,2024-08-06,9817
2337,旺宏,59,18,41,元大-東泰,2024-08-06,9817
4303,信立,40,0,40,元大-東泰,2024-08-06,9817
2489,瑞軒,56,17,39,元大-東泰,2024-08-06,9817
6609,瀧澤科,40,1,39,元大-東泰,2024-08-06,9817
2365,昆盈,154,117,37,元大-東泰,2024-08-06,9817
5386,青雲,38,1,37,元大-東泰,2024-08-06,9817
3037,欣興,42,5,37,元大-東泰,2024-08-06,9817
1314,中石化,43,11,32,元大-東泰,2024-08-06,9817
2887,台新金,61,29,32,元大-東泰,2024-08-06,9817
3374,精材,59,30,29,元大-東泰,2024-08-06,9817
00635U,期元大S＆P黃金,29,0,29,元大-東泰,2024-08-06,9817
2427,三商電,31,2,29,元大-東泰,2024-08-06,9817
1409,新纖,29,1,28,元大-東泰,2024-08-06,9817
9105,泰金寶-DR,57,30,27,元大-東泰,2024-08-06,9817
00919,群益台灣精選高息,57,31,26,元大-東泰,2024-08-06,9817
0056,元大高股息,303,278,25,元大-東泰,2024-08-06,9817
2356,英業達,36,12,24,元大-東泰,2024-08-06,9817
1733,五鼎,23,0,23,元大-東泰,2024-08-06,9817
00942B,台新美A公司債20+,43,20,23,元大-東泰,2024-08-06,9817
2029,盛餘,22,0,22,元大-東泰,2024-08-06,9817
3189,景碩,37,16,21,元大-東泰,2024-08-06,9817
2537,聯上發,31,11,20,元大-東泰,2024-08-06,9817
3047,訊舟,26,7,19,元大-東泰,2024-08-06,9817
00939,統一台灣高息動能,25,6,19,元大-東泰,2024-08-06,9817
2731,雄獅,18,0,18,元大-東泰,2024-08-06,9817
006208,富邦台50,21,4,17,元大-東泰,2024-08-06,9817
00923,群益台ESG低碳50,19,3,16,元大-東泰,2024-08-06,9817
00637L,元大滬深300正2,16,0,16,元大-東泰,2024-08-06,9817
6213,聯茂,55,40,15,元大-東泰,2024-08-06,9817
6015,宏遠證,15,0,15,元大-東泰,2024-08-06,9817
2009,第一銅,15,0,15,元大-東泰,2024-08-06,9817
3311,閎暉,15,0,15,元大-東泰,2024-08-06,9817
2419,仲琦,14,0,14,元大-東泰,2024-08-06,9817
9933,中鼎,14,0,14,元大-東泰,2024-08-06,9817
00662,富邦NASDAQ,25,11,14,元大-東泰,2024-08-06,9817
00632R,元大台灣50反1,3310,1093,2217,元大-東泰,2024-08-07,9817
2834,臺企銀,903,31,872,元大-東泰,2024-08-07,9817
00679B,元大美債20年,295,78,217,元大-東泰,2024-08-07,9817
00680L,元大美債20正2,233,24,209,元大-東泰,2024-08-07,9817
2312,金寶,115,13,102,元大-東泰,2024-08-07,9817
00900,富邦特選高股息30,103,17,86,元大-東泰,2024-08-07,9817
2317,鴻海,344,261,83,元大-東泰,2024-08-07,9817
00676R,富邦臺灣加權反1,75,0,75,元大-東泰,2024-08-07,9817
1785,光洋科,93,18,75,元大-東泰,2024-08-07,9817
00937B,群益ESG投等債20,83,12,71,元大-東泰,2024-08-07,9817
00929,復華台灣科技優息,128,65,63,元大-東泰,2024-08-07,9817
2891,中信金,83,23,60,元大-東泰,2024-08-07,9817
2609,陽明,141,81,60,元大-東泰,2024-08-07,9817
00688L,國泰20年美債正2,60,4,56,元大-東泰,2024-08-07,9817
1710,東聯,55,0,55,元大-東泰,2024-08-07,9817
1802,台玻,60,7,53,元大-東泰,2024-08-07,9817
2409,友達,53,1,52,元大-東泰,2024-08-07,9817
2887,台新金,82,33,49,元大-東泰,2024-08-07,9817
2812,台中銀,33,0,33,元大-東泰,2024-08-07,9817
00635U,期元大S＆P黃金,32,0,32,元大-東泰,2024-08-07,9817
2338,光罩,30,1,29,元大-東泰,2024-08-07,9817
00919,群益台灣精選高息,32,4,28,元大-東泰,2024-08-07,9817
2408,南亞科,32,10,22,元大-東泰,2024-08-07,9817
00640L,富邦日本正2,21,0,21,元大-東泰,2024-08-07,9817
5876,上海商銀,20,1,19,元大-東泰,2024-08-07,9817
00948B,中信優息投資級債,19,0,19,元大-東泰,2024-08-07,9817
3704,合勤控,22,3,19,元大-東泰,2024-08-07,9817
2431,聯昌,19,0,19,元大-東泰,2024-08-07,9817
3062,建漢,23,4,19,元大-東泰,2024-08-07,9817
8277,商丞,20,1,19,元大-東泰,2024-08-07,9817
2886,兆豐金,60,42,18,元大-東泰,2024-08-07,9817
6026,福邦證,18,0,18,元大-東泰,2024-08-07,9817
00881,國泰台灣5G+,43,25,18,元大-東泰,2024-08-07,9817
00675L,富邦臺灣加權正2,17,0,17,元大-東泰,2024-08-07,9817
2880,華南金,17,0,17,元大-東泰,2024-08-07,9817
8081,致新,17,0,17,元大-東泰,2024-08-07,9817
00751B,元大AAA至A公司債,16,0,16,元大-東泰,2024-08-07,9817
00715L,期街口布蘭特正2,16,0,16,元大-東泰,2024-08-07,9817
2885,元大金,22,7,15,元大-東泰,2024-08-07,9817
4967,十銓,22,7,15,元大-東泰,2024-08-07,9817
1540,喬福,54,40,14,元大-東泰,2024-08-07,9817
2382,廣達,39,25,14,元大-東泰,2024-08-07,9817
2634,漢翔,13,0,13,元大-東泰,2024-08-07,9817
8358,金居,18,5,13,元大-東泰,2024-08-07,9817
00931B,統一美債20年,12,0,12,元大-東泰,2024-08-07,9817
00942B,台新美A公司債20+,13,1,12,元大-東泰,2024-08-07,9817
0056,元大高股息,31,20,11,元大-東泰,2024-08-07,9817
2511,太子,11,0,11,元大-東泰,2024-08-07,9817
00795B,中信美國公債20年,11,0,11,元大-東泰,2024-08-07,9817
1714,和桐,11,1,10,元大-東泰,2024-08-07,9817
00940,元大台灣價值高息,280,54,226,元大-東泰,2024-08-08,9817
2886,兆豐金,208,21,187,元大-東泰,2024-08-08,9817
2609,陽明,207,24,183,元大-東泰,2024-08-08,9817
2892,第一金,178,14,164,元大-東泰,2024-08-08,9817
00878,國泰永續高股息,174,12,162,元大-東泰,2024-08-08,9817
00637L,元大滬深300正2,100,0,100,元大-東泰,2024-08-08,9817
00715L,期街口布蘭特正2,102,22,80,元大-東泰,2024-08-08,9817
2834,臺企銀,82,3,79,元大-東泰,2024-08-08,9817
2883,凱基金,174,99,75,元大-東泰,2024-08-08,9817
00948B,中信優息投資級債,49,0,49,元大-東泰,2024-08-08,9817
00679B,元大美債20年,98,50,48,元大-東泰,2024-08-08,9817
00687B,國泰20年美債,48,2,46,元大-東泰,2024-08-08,9817
3704,合勤控,46,1,45,元大-東泰,2024-08-08,9817
00830,國泰費城半導體,42,0,42,元大-東泰,2024-08-08,9817
2317,鴻海,239,199,40,元大-東泰,2024-08-08,9817
8105,凌巨,40,0,40,元大-東泰,2024-08-08,9817
00664R,國泰臺灣加權反1,40,0,40,元大-東泰,2024-08-08,9817
2344,華邦電,38,1,37,元大-東泰,2024-08-08,9817
0056,元大高股息,48,11,37,元大-東泰,2024-08-08,9817
00932,兆豐永續高息等權,34,0,34,元大-東泰,2024-08-08,9817
00934,中信成長高股息,32,0,32,元大-東泰,2024-08-08,9817
2891,中信金,54,23,31,元大-東泰,2024-08-08,9817
00764B,群益25年美債,30,0,30,元大-東泰,2024-08-08,9817
2353,宏��,52,23,29,元大-東泰,2024-08-08,9817
2610,華航,30,2,28,元大-東泰,2024-08-08,9817
2330,台積電,29,2,27,元大-東泰,2024-08-08,9817
2349,錸德,77,51,26,元大-東泰,2024-08-08,9817
2615,萬海,59,34,25,元大-東泰,2024-08-08,9817
00639,富邦深100,24,0,24,元大-東泰,2024-08-08,9817
00881,國泰台灣5G+,23,0,23,元大-東泰,2024-08-08,9817
00919,群益台灣精選高息,41,19,22,元大-東泰,2024-08-08,9817
3481,群創,58,36,22,元大-東泰,2024-08-08,9817
3231,緯創,56,36,20,元大-東泰,2024-08-08,9817
2547,日勝生,20,0,20,元大-東泰,2024-08-08,9817
2515,中工,21,4,17,元大-東泰,2024-08-08,9817
4919,新唐,17,0,17,元大-東泰,2024-08-08,9817
2543,皇昌,21,4,17,元大-東泰,2024-08-08,9817
2890,永豐金,17,1,16,元大-東泰,2024-08-08,9817
2356,英業達,17,2,15,元大-東泰,2024-08-08,9817
8423,保綠-KY,20,5,15,元大-東泰,2024-08-08,9817
1301,台塑,20,7,13,元大-東泰,2024-08-08,9817
2880,華南金,17,4,13,元大-東泰,2024-08-08,9817
3491,昇達科,12,0,12,元大-東泰,2024-08-08,9817
2374,佳能,16,4,12,元大-東泰,2024-08-08,9817
00680L,元大美債20正2,239,227,12,元大-東泰,2024-08-08,9817
8043,蜜望實,18,6,12,元大-東泰,2024-08-08,9817
4532,瑞智,13,1,12,元大-東泰,2024-08-08,9817
2887,台新金,17,6,11,元大-東泰,2024-08-08,9817
6257,矽格,13,2,11,元大-東泰,2024-08-08,9817
3686,達能,11,0,11,元大-東泰,2024-08-08,9817
00632R,元大台灣50反1,791,0,791,元大-東泰,2024-08-09,9817
00940,元大台灣價值高息,455,87,368,元大-東泰,2024-08-09,9817
00680L,元大美債20正2,246,28,218,元大-東泰,2024-08-09,9817
00937B,群益ESG投等債20,243,36,207,元大-東泰,2024-08-09,9817
00679B,元大美債20年,219,60,159,元大-東泰,2024-08-09,9817
00687B,國泰20年美債,126,5,121,元大-東泰,2024-08-09,9817
00948B,中信優息投資級債,107,0,107,元大-東泰,2024-08-09,9817
00942B,台新美A公司債20+,62,0,62,元大-東泰,2024-08-09,9817
8071,能率網通,64,2,62,元大-東泰,2024-08-09,9817
2323,中環,62,1,61,元大-東泰,2024-08-09,9817
2883,凱基金,209,159,50,元大-東泰,2024-08-09,9817
2897,王道銀行,42,5,37,元大-東泰,2024-08-09,9817
00725B,國泰投資級公司債,36,0,36,元大-東泰,2024-08-09,9817
2489,瑞軒,108,74,34,元大-東泰,2024-08-09,9817
5521,工信,30,0,30,元大-東泰,2024-08-09,9817
9925,新保,30,0,30,元大-東泰,2024-08-09,9817
2353,宏��,69,40,29,元大-東泰,2024-08-09,9817
00795B,中信美國公債20年,26,0,26,元大-東泰,2024-08-09,9817
2891,中信金,36,11,25,元大-東泰,2024-08-09,9817
00915,凱基優選高股息30,23,0,23,元大-東泰,2024-08-09,9817
00900,富邦特選高股息30,22,0,22,元大-東泰,2024-08-09,9817
2421,建準,24,2,22,元大-東泰,2024-08-09,9817
3580,友威科,23,2,21,元大-東泰,2024-08-09,9817
5533,皇鼎,20,0,20,元大-東泰,2024-08-09,9817
3010,華立,19,0,19,元大-東泰,2024-08-09,9817
00929,復華台灣科技優息,81,63,18,元大-東泰,2024-08-09,9817
00857B,永豐20年美公債,18,0,18,元大-東泰,2024-08-09,9817
2009,第一銅,20,2,18,元大-東泰,2024-08-09,9817
2031,新光鋼,42,25,17,元大-東泰,2024-08-09,9817
00936,台新永續高息中小,18,2,16,元大-東泰,2024-08-09,9817
8076,伍豐,16,0,16,元大-東泰,2024-08-09,9817
2354,鴻準,16,0,16,元大-東泰,2024-08-09,9817
00919,群益台灣精選高息,18,3,15,元大-東泰,2024-08-09,9817
9934,成霖,15,0,15,元大-東泰,2024-08-09,9817
6706,惠特,15,0,15,元大-東泰,2024-08-09,9817
6235,華孚,15,0,15,元大-東泰,2024-08-09,9817
2543,皇昌,30,15,15,元大-東泰,2024-08-09,9817
4533,協易機,42,28,14,元大-東泰,2024-08-09,9817
6603,富強鑫,19,5,14,元大-東泰,2024-08-09,9817
5386,青雲,14,0,14,元大-東泰,2024-08-09,9817
6177,達麗,30,16,14,元大-東泰,2024-08-09,9817
00631L,元大台灣50正2,15,1,14,元大-東泰,2024-08-09,9817
3704,合勤控,19,5,14,元大-東泰,2024-08-09,9817
2609,陽明,66,53,13,元大-東泰,2024-08-09,9817
00751B,元大AAA至A公司債,18,5,13,元大-東泰,2024-08-09,9817
2014,中鴻,13,1,12,元大-東泰,2024-08-09,9817
8927,北基,12,0,12,元大-東泰,2024-08-09,9817
2882,國泰金,19,7,12,元大-東泰,2024-08-09,9817
00946,群益科技高息成長,41,30,11,元大-東泰,2024-08-09,9817
6213,聯茂,32,21,11,元大-東泰,2024-08-09,9817
00632R,元大台灣50反1,858,0,858,元大-東泰,2024-08-12,9817
2880,華南金,422,5,417,元大-東泰,2024-08-12,9817
00680L,元大美債20正2,315,11,304,元大-東泰,2024-08-12,9817
2409,友達,124,31,93,元大-東泰,2024-08-12,9817
2506,太設,99,6,93,元大-東泰,2024-08-12,9817
2891,中信金,85,9,76,元大-東泰,2024-08-12,9817
2883,凱基金,118,47,71,元大-東泰,2024-08-12,9817
00687B,國泰20年美債,70,14,56,元大-東泰,2024-08-12,9817
00931B,統一美債20年,60,10,50,元大-東泰,2024-08-12,9817
00942B,台新美A公司債20+,47,0,47,元大-東泰,2024-08-12,9817
2816,旺旺保,32,0,32,元大-東泰,2024-08-12,9817
00929,復華台灣科技優息,93,62,31,元大-東泰,2024-08-12,9817
9105,泰金寶-DR,32,2,30,元大-東泰,2024-08-12,9817
00878,國泰永續高股息,59,30,29,元大-東泰,2024-08-12,9817
1314,中石化,28,0,28,元大-東泰,2024-08-12,9817
2429,銘旺科,32,7,25,元大-東泰,2024-08-12,9817
00919,群益台灣精選高息,32,7,25,元大-東泰,2024-08-12,9817
00679B,元大美債20年,48,25,23,元大-東泰,2024-08-12,9817
00881,國泰台灣5G+,27,4,23,元大-東泰,2024-08-12,9817
3013,晟銘電,28,6,22,元大-東泰,2024-08-12,9817
2855,統一證,28,6,22,元大-東泰,2024-08-12,9817
2911,麗嬰房,22,0,22,元大-東泰,2024-08-12,9817
1611,中電,21,0,21,元大-東泰,2024-08-12,9817
1455,集盛,20,0,20,元大-東泰,2024-08-12,9817
8092,建暐,25,5,20,元大-東泰,2024-08-12,9817
2801,彰銀,20,2,18,元大-東泰,2024-08-12,9817
8040,九暘,18,1,17,元大-東泰,2024-08-12,9817
2365,昆盈,74,58,16,元大-東泰,2024-08-12,9817
3260,威剛,16,0,16,元大-東泰,2024-08-12,9817
4109,加捷生醫,16,0,16,元大-東泰,2024-08-12,9817
5864,致和證,16,0,16,元大-東泰,2024-08-12,9817
2610,華航,20,5,15,元大-東泰,2024-08-12,9817
6215,和椿,39,24,15,元大-東泰,2024-08-12,9817
4306,炎洲,15,0,15,元大-東泰,2024-08-12,9817
2618,長榮航,57,42,15,元大-東泰,2024-08-12,9817
6180,橘子,15,0,15,元大-東泰,2024-08-12,9817
2313,華通,17,3,14,元大-東泰,2024-08-12,9817
2359,所羅門,25,12,13,元大-東泰,2024-08-12,9817
00795B,中信美國公債20年,12,0,12,元大-東泰,2024-08-12,9817
00857B,永豐20年美公債,12,0,12,元大-東泰,2024-08-12,9817
1101,台泥,15,3,12,元大-東泰,2024-08-12,9817
3024,憶聲,15,4,11,元大-東泰,2024-08-12,9817
00932,兆豐永續高息等權,11,0,11,元大-東泰,2024-08-12,9817
2104,國際中橡,11,0,11,元大-東泰,2024-08-12,9817
4562,穎漢,34,24,10,元大-東泰,2024-08-12,9817
1714,和桐,10,0,10,元大-東泰,2024-08-12,9817
4931,新盛力,10,0,10,元大-東泰,2024-08-12,9817
00772B,中信高評級公司債,10,0,10,元大-東泰,2024-08-12,9817
4555,氣立,10,0,10,元大-東泰,2024-08-12,9817
4916,事欣科,10,0,10,元大-東泰,2024-08-12,9817
00680L,元大美債20正2,1413,5,1408,元大-東泰,2024-08-13,9817
2880,華南金,458,252,206,元大-東泰,2024-08-13,9817
00937B,群益ESG投等債20,210,6,204,元大-東泰,2024-08-13,9817
2609,陽明,172,18,154,元大-東泰,2024-08-13,9817
00632R,元大台灣50反1,146,10,136,元大-東泰,2024-08-13,9817
00795B,中信美國公債20年,121,0,121,元大-東泰,2024-08-13,9817
2356,英業達,112,8,104,元大-東泰,2024-08-13,9817
00637L,元大滬深300正2,100,0,100,元大-東泰,2024-08-13,9817
00679B,元大美債20年,113,13,100,元大-東泰,2024-08-13,9817
3481,群創,129,35,94,元大-東泰,2024-08-13,9817
00940,元大台灣價值高息,106,25,81,元大-東泰,2024-08-13,9817
2317,鴻海,128,58,70,元大-東泰,2024-08-13,9817
00929,復華台灣科技優息,77,9,68,元大-東泰,2024-08-13,9817
00878,國泰永續高股息,70,18,52,元大-東泰,2024-08-13,9817
2801,彰銀,45,0,45,元大-東泰,2024-08-13,9817
00942B,台新美A公司債20+,37,0,37,元大-東泰,2024-08-13,9817
2429,銘旺科,31,0,31,元大-東泰,2024-08-13,9817
2867,三商壽,61,31,30,元大-東泰,2024-08-13,9817
1513,中興電,41,12,29,元大-東泰,2024-08-13,9817
2409,友達,29,0,29,元大-東泰,2024-08-13,9817
00936,台新永續高息中小,33,5,28,元大-東泰,2024-08-13,9817
00687B,國泰20年美債,32,7,25,元大-東泰,2024-08-13,9817
1314,中石化,24,0,24,元大-東泰,2024-08-13,9817
1301,台塑,26,2,24,元大-東泰,2024-08-13,9817
00712,復華富時不動產,24,0,24,元大-東泰,2024-08-13,9817
3013,晟銘電,94,71,23,元大-東泰,2024-08-13,9817
2888,新光金,37,14,23,元大-東泰,2024-08-13,9817
00907,永豐優息存股,21,0,21,元大-東泰,2024-08-13,9817
1540,喬福,25,4,21,元大-東泰,2024-08-13,9817
00751B,元大AAA至A公司債,22,3,19,元大-東泰,2024-08-13,9817
6505,台塑化,25,6,19,元大-東泰,2024-08-13,9817
2886,兆豐金,19,1,18,元大-東泰,2024-08-13,9817
6603,富強鑫,22,6,16,元大-東泰,2024-08-13,9817
2615,萬海,32,16,16,元大-東泰,2024-08-13,9817
2440,太空梭,15,0,15,元大-東泰,2024-08-13,9817
00720B,元大投資級公司債,16,1,15,元大-東泰,2024-08-13,9817
6269,台郡,16,2,14,元大-東泰,2024-08-13,9817
3706,神達,25,11,14,元大-東泰,2024-08-13,9817
2027,大成鋼,13,0,13,元大-東泰,2024-08-13,9817
00900,富邦特選高股息30,20,7,13,元大-東泰,2024-08-13,9817
5880,合庫金,14,2,12,元大-東泰,2024-08-13,9817
4979,華星光,13,1,12,元大-東泰,2024-08-13,9817
5905,南仁湖,12,0,12,元大-東泰,2024-08-13,9817
2603,長榮,14,3,11,元大-東泰,2024-08-13,9817
2520,冠德,15,4,11,元大-東泰,2024-08-13,9817
6770,力積電,10,0,10,元大-東泰,2024-08-13,9817
4919,新唐,19,9,10,元大-東泰,2024-08-13,9817
1802,台玻,10,0,10,元大-東泰,2024-08-13,9817
3037,欣興,16,6,10,元大-東泰,2024-08-13,9817
3060,銘異,10,0,10,元大-東泰,2024-08-13,9817
00632R,元大台灣50反1,1754,529,1225,元大-東泰,2024-08-14,9817
00687B,國泰20年美債,399,3,396,元大-東泰,2024-08-14,9817
00934,中信成長高股息,225,10,215,元大-東泰,2024-08-14,9817
2886,兆豐金,175,3,172,元大-東泰,2024-08-14,9817
2801,彰銀,200,30,170,元大-東泰,2024-08-14,9817
00680L,元大美債20正2,159,15,144,元大-東泰,2024-08-14,9817
00679B,元大美債20年,144,13,131,元大-東泰,2024-08-14,9817
2365,昆盈,242,127,115,元大-東泰,2024-08-14,9817
2409,友達,106,4,102,元大-東泰,2024-08-14,9817
00688L,國泰20年美債正2,87,0,87,元大-東泰,2024-08-14,9817
00795B,中信美國公債20年,92,24,68,元大-東泰,2024-08-14,9817
00900,富邦特選高股息30,68,10,58,元大-東泰,2024-08-14,9817
2609,陽明,85,30,55,元大-東泰,2024-08-14,9817
8096,擎亞,103,51,52,元大-東泰,2024-08-14,9817
3481,群創,81,34,47,元大-東泰,2024-08-14,9817
1101,台泥,70,25,45,元大-東泰,2024-08-14,9817
3164,景岳,41,0,41,元大-東泰,2024-08-14,9817
00937B,群益ESG投等債20,34,0,34,元大-東泰,2024-08-14,9817
00878,國泰永續高股息,63,32,31,元大-東泰,2024-08-14,9817
4513,福裕,47,16,31,元大-東泰,2024-08-14,9817
2867,三商壽,32,6,26,元大-東泰,2024-08-14,9817
2537,聯上發,32,6,26,元大-東泰,2024-08-14,9817
4534,慶騰,31,6,25,元大-東泰,2024-08-14,9817
2392,正崴,24,3,21,元大-東泰,2024-08-14,9817
1455,集盛,21,1,20,元大-東泰,2024-08-14,9817
2353,宏��,27,8,19,元大-東泰,2024-08-14,9817
2331,精英,19,0,19,元大-東泰,2024-08-14,9817
0056,元大高股息,29,11,18,元大-東泰,2024-08-14,9817
2356,英業達,25,8,17,元大-東泰,2024-08-14,9817
6244,茂迪,23,6,17,元大-東泰,2024-08-14,9817
9105,泰金寶-DR,21,4,17,元大-東泰,2024-08-14,9817
00948B,中信優息投資級債,23,6,17,元大-東泰,2024-08-14,9817
00713,元大台灣高息低波,25,9,16,元大-東泰,2024-08-14,9817
5356,協益,15,0,15,元大-東泰,2024-08-14,9817
00715L,期街口布蘭特正2,15,1,14,元大-東泰,2024-08-14,9817
2354,鴻準,35,21,14,元大-東泰,2024-08-14,9817
3019,亞光,36,23,13,元大-東泰,2024-08-14,9817
00857B,永豐20年美公債,12,0,12,元大-東泰,2024-08-14,9817
2337,旺宏,18,6,12,元大-東泰,2024-08-14,9817
6126,信音,13,1,12,元大-東泰,2024-08-14,9817
4716,大立,12,0,12,元大-東泰,2024-08-14,9817
4562,穎漢,56,45,11,元大-東泰,2024-08-14,9817
1471,首利,11,0,11,元大-東泰,2024-08-14,9817
1608,華榮,13,2,11,元大-東泰,2024-08-14,9817
3303,岱稜,14,3,11,元大-東泰,2024-08-14,9817
9925,新保,11,0,11,元大-東泰,2024-08-14,9817
2429,銘旺科,11,0,11,元大-東泰,2024-08-14,9817
2406,國碩,13,3,10,元大-東泰,2024-08-14,9817
00923,群益台ESG低碳50,12,2,10,元大-東泰,2024-08-14,9817
4174,浩鼎,10,0,10,元大-東泰,2024-08-14,9817
00687B,國泰20年美債,1407,6,1401,元大-東泰,2024-08-15,9817
2834,臺企銀,307,5,302,元大-東泰,2024-08-15,9817
2892,第一金,301,5,296,元大-東泰,2024-08-15,9817
9935,慶豐富,128,6,122,元大-東泰,2024-08-15,9817
00900,富邦特選高股息30,164,61,103,元大-東泰,2024-08-15,9817
3164,景岳,100,0,100,元大-東泰,2024-08-15,9817
00929,復華台灣科技優息,130,36,94,元大-東泰,2024-08-15,9817
00878,國泰永續高股息,102,25,77,元大-東泰,2024-08-15,9817
2317,鴻海,123,54,69,元大-東泰,2024-08-15,9817
2845,遠東銀,62,0,62,元大-東泰,2024-08-15,9817
1709,和益,65,5,60,元大-東泰,2024-08-15,9817
00688L,國泰20年美債正2,61,3,58,元大-東泰,2024-08-15,9817
2801,彰銀,57,0,57,元大-東泰,2024-08-15,9817
00933B,國泰10Y+金融債,50,0,50,元大-東泰,2024-08-15,9817
00679B,元大美債20年,87,40,47,元大-東泰,2024-08-15,9817
00795B,中信美國公債20年,42,0,42,元大-東泰,2024-08-15,9817
8374,羅昇,88,47,41,元大-東泰,2024-08-15,9817
00881,國泰台灣5G+,39,0,39,元大-東泰,2024-08-15,9817
00940,元大台灣價值高息,47,13,34,元大-東泰,2024-08-15,9817
2504,國產,33,2,31,元大-東泰,2024-08-15,9817
00932,兆豐永續高息等權,31,0,31,元大-東泰,2024-08-15,9817
00937B,群益ESG投等債20,29,4,25,元大-東泰,2024-08-15,9817
2891,中信金,39,16,23,元大-東泰,2024-08-15,9817
2618,長榮航,26,4,22,元大-東泰,2024-08-15,9817
2409,友達,25,3,22,元大-東泰,2024-08-15,9817
00907,永豐優息存股,22,0,22,元大-東泰,2024-08-15,9817
00915,凱基優選高股息30,21,0,21,元大-東泰,2024-08-15,9817
1301,台塑,21,0,21,元大-東泰,2024-08-15,9817
1513,中興電,25,6,19,元大-東泰,2024-08-15,9817
2312,金寶,25,6,19,元大-東泰,2024-08-15,9817
2002,中鋼,18,0,18,元大-東泰,2024-08-15,9817
1303,南亞,16,0,16,元大-東泰,2024-08-15,9817
00919,群益台灣精選高息,26,10,16,元大-東泰,2024-08-15,9817
2885,元大金,14,1,13,元大-東泰,2024-08-15,9817
00751B,元大AAA至A公司債,22,9,13,元大-東泰,2024-08-15,9817
3047,訊舟,20,7,13,元大-東泰,2024-08-15,9817
00640L,富邦日本正2,13,0,13,元大-東泰,2024-08-15,9817
4958,臻鼎-KY,12,0,12,元大-東泰,2024-08-15,9817
3711,日月光投控,14,3,11,元大-東泰,2024-08-15,9817
1101,台泥,42,31,11,元大-東泰,2024-08-15,9817
8107,大億金茂,11,0,11,元大-東泰,2024-08-15,9817
00945B,凱基美國非投等債,11,0,11,元大-東泰,2024-08-15,9817
3663,鑫科,34,23,11,元大-東泰,2024-08-15,9817
2365,昆盈,69,58,11,元大-東泰,2024-08-15,9817
00731,復華富時高息低波,11,0,11,元大-東泰,2024-08-15,9817
4919,新唐,32,22,10,元大-東泰,2024-08-15,9817
6015,宏遠證,10,0,10,元大-東泰,2024-08-15,9817
9924,福興,10,0,10,元大-東泰,2024-08-15,9817
4555,氣立,12,2,10,元大-東泰,2024-08-15,9817
2897,王道銀行,10,0,10,元大-東泰,2024-08-15,9817
00632R,元大台灣50反1,785,10,775,元大-東泰,2024-08-16,9817
00680L,元大美債20正2,1645,1047,598,元大-東泰,2024-08-16,9817
00687B,國泰20年美債,348,12,336,元大-東泰,2024-08-16,9817
00751B,元大AAA至A公司債,303,10,293,元大-東泰,2024-08-16,9817
2845,遠東銀,149,0,149,元大-東泰,2024-08-16,9817
00679B,元大美債20年,134,13,121,元大-東泰,2024-08-16,9817
9935,慶豐富,100,4,96,元大-東泰,2024-08-16,9817
8096,擎亞,86,32,54,元大-東泰,2024-08-16,9817
2367,燿華,60,9,51,元大-東泰,2024-08-16,9817
00929,復華台灣科技優息,61,16,45,元大-東泰,2024-08-16,9817
2867,三商壽,55,15,40,元大-東泰,2024-08-16,9817
00937B,群益ESG投等債20,55,17,38,元大-東泰,2024-08-16,9817
2323,中環,41,9,32,元大-東泰,2024-08-16,9817
1785,光洋科,30,5,25,元大-東泰,2024-08-16,9817
00948B,中信優息投資級債,25,0,25,元大-東泰,2024-08-16,9817
00688L,國泰20年美債正2,24,0,24,元大-東泰,2024-08-16,9817
2062,橋椿,44,21,23,元大-東泰,2024-08-16,9817
00795B,中信美國公債20年,20,0,20,元大-東泰,2024-08-16,9817
8071,能率網通,20,0,20,元大-東泰,2024-08-16,9817
4720,德淵,20,0,20,元大-東泰,2024-08-16,9817
2897,王道銀行,20,0,20,元大-東泰,2024-08-16,9817
6757,台灣虎航,20,0,20,元大-東泰,2024-08-16,9817
2816,旺旺保,17,0,17,元大-東泰,2024-08-16,9817
00945B,凱基美國非投等債,16,0,16,元大-東泰,2024-08-16,9817
4303,信立,18,2,16,元大-東泰,2024-08-16,9817
2609,陽明,51,38,13,元大-東泰,2024-08-16,9817
3576,聯合再生,13,0,13,元大-東泰,2024-08-16,9817
8043,蜜望實,55,42,13,元大-東泰,2024-08-16,9817
3535,晶彩科,14,3,11,元大-東泰,2024-08-16,9817
2020,美亞,11,0,11,元大-東泰,2024-08-16,9817
2489,瑞軒,64,54,10,元大-東泰,2024-08-16,9817
2208,台船,10,0,10,元大-東泰,2024-08-16,9817
2855,統一證,10,0,10,元大-東泰,2024-08-16,9817
4174,浩鼎,10,0,10,元大-東泰,2024-08-16,9817
00933B,國泰10Y+金融債,14,5,9,元大-東泰,2024-08-16,9817
00731,復華富時高息低波,9,0,9,元大-東泰,2024-08-16,9817
2392,正崴,10,1,9,元大-東泰,2024-08-16,9817
00915,凱基優選高股息30,10,1,9,元大-東泰,2024-08-16,9817
2427,三商電,10,1,9,元大-東泰,2024-08-16,9817
5519,隆大,25,16,9,元大-東泰,2024-08-16,9817
2603,長榮,16,8,8,元大-東泰,2024-08-16,9817
6505,台塑化,8,0,8,元大-東泰,2024-08-16,9817
3338,泰碩,8,0,8,元大-東泰,2024-08-16,9817
3284,太普高,9,1,8,元大-東泰,2024-08-16,9817
2030,彰源,8,0,8,元大-東泰,2024-08-16,9817
2104,國際中橡,8,0,8,元大-東泰,2024-08-16,9817
00882,中信中國高股息,9,1,8,元大-東泰,2024-08-16,9817
00713,元大台灣高息低波,9,2,7,元大-東泰,2024-08-16,9817
1609,大亞,16,9,7,元大-東泰,2024-08-16,9817
00923,群益台ESG低碳50,22,15,7,元大-東泰,2024-08-16,9817
00680L,元大美債20正2,604,12,592,元大-東泰,2024-08-19,9817
00942B,台新美A公司債20+,524,0,524,元大-東泰,2024-08-19,9817
00687B,國泰20年美債,511,63,448,元大-東泰,2024-08-19,9817
00632R,元大台灣50反1,342,145,197,元大-東泰,2024-08-19,9817
2323,中環,119,4,115,元大-東泰,2024-08-19,9817
00637L,元大滬深300正2,120,44,76,元大-東泰,2024-08-19,9817
00878,國泰永續高股息,78,8,70,元大-東泰,2024-08-19,9817
00933B,國泰10Y+金融債,55,0,55,元大-東泰,2024-08-19,9817
2002,中鋼,57,3,54,元大-東泰,2024-08-19,9817
2881,富邦金,55,3,52,元大-東泰,2024-08-19,9817
3047,訊舟,140,91,49,元大-東泰,2024-08-19,9817
2887,台新金,33,1,32,元大-東泰,2024-08-19,9817
00725B,國泰投資級公司債,30,0,30,元大-東泰,2024-08-19,9817
2356,英業達,29,0,29,元大-東泰,2024-08-19,9817
2883,凱基金,56,28,28,元大-東泰,2024-08-19,9817
2354,鴻準,43,16,27,元大-東泰,2024-08-19,9817
00679B,元大美債20年,198,172,26,元大-東泰,2024-08-19,9817
8096,擎亞,49,27,22,元大-東泰,2024-08-19,9817
00795B,中信美國公債20年,20,0,20,元大-東泰,2024-08-19,9817
1307,三芳,20,0,20,元大-東泰,2024-08-19,9817
5876,上海商銀,25,5,20,元大-東泰,2024-08-19,9817
00915,凱基優選高股息30,18,0,18,元大-東泰,2024-08-19,9817
9945,潤泰新,19,2,17,元大-東泰,2024-08-19,9817
1584,精剛,22,6,16,元大-東泰,2024-08-19,9817
2313,華通,16,1,15,元大-東泰,2024-08-19,9817
3704,合勤控,16,1,15,元大-東泰,2024-08-19,9817
6505,台塑化,14,0,14,元大-東泰,2024-08-19,9817
2359,所羅門,56,43,13,元大-東泰,2024-08-19,9817
2886,兆豐金,12,0,12,元大-東泰,2024-08-19,9817
2801,彰銀,12,0,12,元大-東泰,2024-08-19,9817
3037,欣興,13,1,12,元大-東泰,2024-08-19,9817
1308,亞聚,12,0,12,元大-東泰,2024-08-19,9817
1605,華新,12,0,12,元大-東泰,2024-08-19,9817
2867,三商壽,11,0,11,元大-東泰,2024-08-19,9817
6215,和椿,26,15,11,元大-東泰,2024-08-19,9817
2897,王道銀行,11,0,11,元大-東泰,2024-08-19,9817
1409,新纖,11,0,11,元大-東泰,2024-08-19,9817
00706L,期元大S＆P日圓正2,11,0,11,元大-東泰,2024-08-19,9817
3062,建漢,44,33,11,元大-東泰,2024-08-19,9817
00923,群益台ESG低碳50,10,0,10,元大-東泰,2024-08-19,9817
3522,御嵿,11,1,10,元大-東泰,2024-08-19,9817
00786B,元大10年IG銀行債,10,0,10,元大-東泰,2024-08-19,9817
9925,新保,10,0,10,元大-東泰,2024-08-19,9817
9902,台火,9,0,9,元大-東泰,2024-08-19,9817
1702,南僑,10,1,9,元大-東泰,2024-08-19,9817
2915,潤泰全,16,7,9,元大-東泰,2024-08-19,9817
4576,大銀微系統,9,0,9,元大-東泰,2024-08-19,9817
5484,慧友,11,2,9,元大-東泰,2024-08-19,9817
4566,時碩工業,9,1,8,元大-東泰,2024-08-19,9817
2615,萬海,11,3,8,元大-東泰,2024-08-19,9817
3580,友威科,215,0,215,元大-東泰,2024-08-20,9817
00937B,群益ESG投等債20,185,3,182,元大-東泰,2024-08-20,9817
00650L,復華香港正2,154,0,154,元大-東泰,2024-08-20,9817
2882,國泰金,153,0,153,元大-東泰,2024-08-20,9817
00679B,元大美債20年,168,30,138,元大-東泰,2024-08-20,9817
2354,鴻準,224,100,124,元大-東泰,2024-08-20,9817
00637L,元大滬深300正2,108,0,108,元大-東泰,2024-08-20,9817
00795B,中信美國公債20年,70,0,70,元大-東泰,2024-08-20,9817
2409,友達,72,20,52,元大-東泰,2024-08-20,9817
4908,前鼎,54,3,51,元大-東泰,2024-08-20,9817
00688L,國泰20年美債正2,50,0,50,元大-東泰,2024-08-20,9817
00642U,期元大S＆P石油,48,0,48,元大-東泰,2024-08-20,9817
1802,台玻,42,0,42,元大-東泰,2024-08-20,9817
2353,宏��,47,6,41,元大-東泰,2024-08-20,9817
00933B,國泰10Y+金融債,40,0,40,元大-東泰,2024-08-20,9817
2356,英業達,56,16,40,元大-東泰,2024-08-20,9817
00931B,統一美債20年,40,0,40,元大-東泰,2024-08-20,9817
2405,輔信,42,4,38,元大-東泰,2024-08-20,9817
00923,群益台ESG低碳50,36,0,36,元大-東泰,2024-08-20,9817
6505,台塑化,35,1,34,元大-東泰,2024-08-20,9817
2634,漢翔,32,0,32,元大-東泰,2024-08-20,9817
2374,佳能,45,14,31,元大-東泰,2024-08-20,9817
2543,皇昌,47,16,31,元大-東泰,2024-08-20,9817
2002,中鋼,49,19,30,元大-東泰,2024-08-20,9817
2401,凌陽,41,11,30,元大-東泰,2024-08-20,9817
00878,國泰永續高股息,39,9,30,元大-東泰,2024-08-20,9817
3260,威剛,37,10,27,元大-東泰,2024-08-20,9817
00639,富邦深100,27,0,27,元大-東泰,2024-08-20,9817
2323,中環,40,14,26,元大-東泰,2024-08-20,9817
2363,矽統,38,14,24,元大-東泰,2024-08-20,9817
1608,華榮,24,0,24,元大-東泰,2024-08-20,9817
2317,鴻海,56,32,24,元大-東泰,2024-08-20,9817
6005,群益證,23,0,23,元大-東泰,2024-08-20,9817
00915,凱基優選高股息30,21,0,21,元大-東泰,2024-08-20,9817
6218,豪勉,26,5,21,元大-東泰,2024-08-20,9817
5607,遠雄港,20,0,20,元大-東泰,2024-08-20,9817
4919,新唐,29,9,20,元大-東泰,2024-08-20,9817
1455,集盛,20,0,20,元大-東泰,2024-08-20,9817
2402,毅嘉,19,0,19,元大-東泰,2024-08-20,9817
1301,台塑,29,10,19,元大-東泰,2024-08-20,9817
2515,中工,23,5,18,元大-東泰,2024-08-20,9817
2417,圓剛,42,24,18,元大-東泰,2024-08-20,9817
2883,凱基金,77,60,17,元大-東泰,2024-08-20,9817
5202,力新,18,1,17,元大-東泰,2024-08-20,9817
8064,東捷,36,21,15,元大-東泰,2024-08-20,9817
8076,伍豐,15,0,15,元大-東泰,2024-08-20,9817
1303,南亞,16,2,14,元大-東泰,2024-08-20,9817
2489,瑞軒,26,13,13,元大-東泰,2024-08-20,9817
1326,台化,16,4,12,元大-東泰,2024-08-20,9817
2867,三商壽,16,4,12,元大-東泰,2024-08-20,9817
00715L,期街口布蘭特正2,819,1,818,元大-東泰,2024-08-21,9817
00632R,元大台灣50反1,520,6,514,元大-東泰,2024-08-21,9817
2891,中信金,205,45,160,元大-東泰,2024-08-21,9817
00953B,群益優選非投等債,143,0,143,元大-東泰,2024-08-21,9817
5905,南仁湖,241,119,122,元大-東泰,2024-08-21,9817
2409,友達,116,0,116,元大-東泰,2024-08-21,9817
4909,新復興,108,3,105,元大-東泰,2024-08-21,9817
2344,華邦電,94,0,94,元大-東泰,2024-08-21,9817
6026,福邦證,60,0,60,元大-東泰,2024-08-21,9817
00687B,國泰20年美債,103,48,55,元大-東泰,2024-08-21,9817
00931B,統一美債20年,50,0,50,元大-東泰,2024-08-21,9817
00929,復華台灣科技優息,66,21,45,元大-東泰,2024-08-21,9817
2836,高雄銀,36,0,36,元大-東泰,2024-08-21,9817
3041,揚智,30,0,30,元大-東泰,2024-08-21,9817
00940,元大台灣價值高息,86,61,25,元大-東泰,2024-08-21,9817
2816,旺旺保,24,0,24,元大-東泰,2024-08-21,9817
3535,晶彩科,59,37,22,元大-東泰,2024-08-21,9817
3211,順達,23,2,21,元大-東泰,2024-08-21,9817
2365,昆盈,35,14,21,元大-東泰,2024-08-21,9817
6806,森崴能源,38,17,21,元大-東泰,2024-08-21,9817
00919,群益台灣精選高息,37,17,20,元大-東泰,2024-08-21,9817
4157,太景*-KY,20,0,20,元大-東泰,2024-08-21,9817
2241,艾姆勒,30,10,20,元大-東泰,2024-08-21,9817
2462,良得電,20,0,20,元大-東泰,2024-08-21,9817
2354,鴻準,38,18,20,元大-東泰,2024-08-21,9817
8064,東捷,25,6,19,元大-東泰,2024-08-21,9817
5871,中租-KY,21,3,18,元大-東泰,2024-08-21,9817
006208,富邦台50,17,0,17,元大-東泰,2024-08-21,9817
00930,永豐ESG低碳高息,16,0,16,元大-東泰,2024-08-21,9817
00633L,富邦上証正2,15,0,15,元大-東泰,2024-08-21,9817
00878,國泰永續高股息,37,22,15,元大-東泰,2024-08-21,9817
2330,台積電,16,2,14,元大-東泰,2024-08-21,9817
6117,迎廣,14,0,14,元大-東泰,2024-08-21,9817
1784,訊聯,14,0,14,元大-東泰,2024-08-21,9817
3260,威剛,15,1,14,元大-東泰,2024-08-21,9817
00935,野村臺灣新科技50,13,0,13,元大-東泰,2024-08-21,9817
00637L,元大滬深300正2,13,0,13,元大-東泰,2024-08-21,9817
00881,國泰台灣5G+,13,0,13,元大-東泰,2024-08-21,9817
3037,欣興,12,0,12,元大-東泰,2024-08-21,9817
00639,富邦深100,12,0,12,元大-東泰,2024-08-21,9817
00685L,群益臺灣加權正2,12,0,12,元大-東泰,2024-08-21,9817
2323,中環,18,6,12,元大-東泰,2024-08-21,9817
3050,鈺德,15,4,11,元大-東泰,2024-08-21,9817
1616,億泰,13,2,11,元大-東泰,2024-08-21,9817
2486,一詮,15,4,11,元大-東泰,2024-08-21,9817
2886,兆豐金,16,6,10,元大-東泰,2024-08-21,9817
6505,台塑化,10,0,10,元大-東泰,2024-08-21,9817
1785,光洋科,27,17,10,元大-東泰,2024-08-21,9817
2637,慧洋-KY,10,0,10,元大-東泰,2024-08-21,9817
3014,聯陽,10,0,10,元大-東泰,2024-08-21,9817
2349,錸德,420,217,203,元大-東泰,2024-08-22,9817
2891,中信金,252,94,158,元大-東泰,2024-08-22,9817
00687B,國泰20年美債,121,34,87,元大-東泰,2024-08-22,9817
00953B,群益優選非投等債,57,0,57,元大-東泰,2024-08-22,9817
8096,擎亞,115,64,51,元大-東泰,2024-08-22,9817
00931B,統一美債20年,50,0,50,元大-東泰,2024-08-22,9817
4909,新復興,51,3,48,元大-東泰,2024-08-22,9817
3704,合勤控,47,0,47,元大-東泰,2024-08-22,9817
2890,永豐金,46,7,39,元大-東泰,2024-08-22,9817
00688L,國泰20年美債正2,52,15,37,元大-東泰,2024-08-22,9817
2317,鴻海,66,29,37,元大-東泰,2024-08-22,9817
00715L,期街口布蘭特正2,36,0,36,元大-東泰,2024-08-22,9817
2845,遠東銀,35,0,35,元大-東泰,2024-08-22,9817
8033,雷虎,35,1,34,元大-東泰,2024-08-22,9817
6505,台塑化,32,0,32,元大-東泰,2024-08-22,9817
00907,永豐優息存股,30,0,30,元大-東泰,2024-08-22,9817
3576,聯合再生,40,10,30,元大-東泰,2024-08-22,9817
1229,聯華,30,0,30,元大-東泰,2024-08-22,9817
00632R,元大台灣50反1,31,6,25,元大-東泰,2024-08-22,9817
3580,友威科,37,13,24,元大-東泰,2024-08-22,9817
00936,台新永續高息中小,23,0,23,元大-東泰,2024-08-22,9817
3593,力銘,22,0,22,元大-東泰,2024-08-22,9817
1304,台聚,22,0,22,元大-東泰,2024-08-22,9817
4906,正文,35,15,20,元大-東泰,2024-08-22,9817
00878,國泰永續高股息,20,0,20,元大-東泰,2024-08-22,9817
2312,金寶,24,6,18,元大-東泰,2024-08-22,9817
00639,富邦深100,18,0,18,元大-東泰,2024-08-22,9817
9934,成霖,18,0,18,元大-東泰,2024-08-22,9817
00940,元大台灣價值高息,57,39,18,元大-東泰,2024-08-22,9817
1785,光洋科,44,27,17,元大-東泰,2024-08-22,9817
00881,國泰台灣5G+,16,1,15,元大-東泰,2024-08-22,9817
00919,群益台灣精選高息,17,2,15,元大-東泰,2024-08-22,9817
3073,天方能源,15,0,15,元大-東泰,2024-08-22,9817
3711,日月光投控,15,0,15,元大-東泰,2024-08-22,9817
9902,台火,20,5,15,元大-東泰,2024-08-22,9817
3047,訊舟,74,60,14,元大-東泰,2024-08-22,9817
2062,橋椿,40,26,14,元大-東泰,2024-08-22,9817
2543,皇昌,17,3,14,元大-東泰,2024-08-22,9817
0056,元大高股息,16,3,13,元大-東泰,2024-08-22,9817
2489,瑞軒,27,15,12,元大-東泰,2024-08-22,9817
2371,大同,14,3,11,元大-東泰,2024-08-22,9817
2801,彰銀,20,9,11,元大-東泰,2024-08-22,9817
4960,誠美材,13,2,11,元大-東泰,2024-08-22,9817
1513,中興電,19,8,11,元大-東泰,2024-08-22,9817
6177,達麗,30,20,10,元大-東泰,2024-08-22,9817
2347,聯強,10,0,10,元大-東泰,2024-08-22,9817
5512,力麒,10,0,10,元大-東泰,2024-08-22,9817
00706L,期元大S＆P日圓正2,10,0,10,元大-東泰,2024-08-22,9817
1710,東聯,10,0,10,元大-東泰,2024-08-22,9817
6024,群益期,10,0,10,元大-東泰,2024-08-22,9817
00680L,元大美債20正2,1016,7,1009,元大-東泰,2024-08-23,9817
00687B,國泰20年美債,276,4,272,元大-東泰,2024-08-23,9817
00679B,元大美債20年,181,4,177,元大-東泰,2024-08-23,9817
00688L,國泰20年美債正2,103,2,101,元大-東泰,2024-08-23,9817
2027,大成鋼,101,1,100,元大-東泰,2024-08-23,9817
2344,華邦電,100,21,79,元大-東泰,2024-08-23,9817
1711,永光,112,36,76,元大-東泰,2024-08-23,9817
00665L,富邦�琤肭磪囓�2,75,0,75,元大-東泰,2024-08-23,9817
2891,中信金,113,44,69,元大-東泰,2024-08-23,9817
00933B,國泰10Y+金融債,50,0,50,元大-東泰,2024-08-23,9817
2867,三商壽,62,16,46,元大-東泰,2024-08-23,9817
00937B,群益ESG投等債20,54,11,43,元大-東泰,2024-08-23,9817
00929,復華台灣科技優息,46,6,40,元大-東泰,2024-08-23,9817
1785,光洋科,76,37,39,元大-東泰,2024-08-23,9817
1314,中石化,129,95,34,元大-東泰,2024-08-23,9817
9902,台火,32,0,32,元大-東泰,2024-08-23,9817
2816,旺旺保,31,0,31,元大-東泰,2024-08-23,9817
4909,新復興,32,1,31,元大-東泰,2024-08-23,9817
2349,錸德,61,31,30,元大-東泰,2024-08-23,9817
00725B,國泰投資級公司債,30,0,30,元大-東泰,2024-08-23,9817
6505,台塑化,28,0,28,元大-東泰,2024-08-23,9817
1326,台化,28,0,28,元大-東泰,2024-08-23,9817
6770,力積電,27,1,26,元大-東泰,2024-08-23,9817
2412,中華電,39,14,25,元大-東泰,2024-08-23,9817
2317,鴻海,50,25,25,元大-東泰,2024-08-23,9817
2337,旺宏,27,3,24,元大-東泰,2024-08-23,9817
00945B,凱基美國非投等債,22,0,22,元大-東泰,2024-08-23,9817
3047,訊舟,32,10,22,元大-東泰,2024-08-23,9817
00932,兆豐永續高息等權,21,0,21,元大-東泰,2024-08-23,9817
00953B,群益優選非投等債,21,0,21,元大-東泰,2024-08-23,9817
2609,陽明,29,9,20,元大-東泰,2024-08-23,9817
2801,彰銀,20,0,20,元大-東泰,2024-08-23,9817
4502,健信,20,0,20,元大-東泰,2024-08-23,9817
00940,元大台灣價值高息,54,35,19,元大-東泰,2024-08-23,9817
2464,盟立,26,7,19,元大-東泰,2024-08-23,9817
00713,元大台灣高息低波,18,0,18,元大-東泰,2024-08-23,9817
4513,福裕,32,14,18,元大-東泰,2024-08-23,9817
2615,萬海,36,18,18,元大-東泰,2024-08-23,9817
00919,群益台灣精選高息,20,2,18,元大-東泰,2024-08-23,9817
6177,達麗,43,28,15,元大-東泰,2024-08-23,9817
00633L,富邦上証正2,15,0,15,元大-東泰,2024-08-23,9817
3704,合勤控,15,0,15,元大-東泰,2024-08-23,9817
9105,泰金寶-DR,14,0,14,元大-東泰,2024-08-23,9817
2537,聯上發,16,2,14,元大-東泰,2024-08-23,9817
2845,遠東銀,16,3,13,元大-東泰,2024-08-23,9817
2890,永豐金,13,0,13,元大-東泰,2024-08-23,9817
2312,金寶,16,4,12,元大-東泰,2024-08-23,9817
2511,太子,12,0,12,元大-東泰,2024-08-23,9817
6443,元晶,12,0,12,元大-東泰,2024-08-23,9817
6509,聚和,12,0,12,元大-東泰,2024-08-23,9817
00679B,元大美債20年,532,36,496,元大-東泰,2024-08-26,9817
00680L,元大美債20正2,1505,1121,384,元大-東泰,2024-08-26,9817
00687B,國泰20年美債,246,20,226,元大-東泰,2024-08-26,9817
00937B,群益ESG投等債20,177,1,176,元大-東泰,2024-08-26,9817
2409,友達,133,23,110,元大-東泰,2024-08-26,9817
00676R,富邦臺灣加權反1,100,0,100,元大-東泰,2024-08-26,9817
8039,台虹,84,6,78,元大-東泰,2024-08-26,9817
00929,復華台灣科技優息,84,33,51,元大-東泰,2024-08-26,9817
2317,鴻海,56,13,43,元大-東泰,2024-08-26,9817
1609,大亞,46,5,41,元大-東泰,2024-08-26,9817
5469,瀚宇博,45,5,40,元大-東泰,2024-08-26,9817
00665L,富邦�琤肭磪囓�2,40,0,40,元大-東泰,2024-08-26,9817
00919,群益台灣精選高息,42,4,38,元大-東泰,2024-08-26,9817
1711,永光,45,11,34,元大-東泰,2024-08-26,9817
3379,彬台,32,0,32,元大-東泰,2024-08-26,9817
00795B,中信美國公債20年,31,0,31,元大-東泰,2024-08-26,9817
00948B,中信優息投資級債,30,0,30,元大-東泰,2024-08-26,9817
4513,福裕,34,8,26,元大-東泰,2024-08-26,9817
2365,昆盈,47,22,25,元大-東泰,2024-08-26,9817
2323,中環,24,1,23,元大-東泰,2024-08-26,9817
00953B,群益優選非投等債,22,0,22,元大-東泰,2024-08-26,9817
3593,力銘,20,0,20,元大-東泰,2024-08-26,9817
4157,太景*-KY,20,0,20,元大-東泰,2024-08-26,9817
3481,群創,72,53,19,元大-東泰,2024-08-26,9817
5443,均豪,80,61,19,元大-東泰,2024-08-26,9817
8937,合騏,19,1,18,元大-東泰,2024-08-26,9817
2890,永豐金,18,0,18,元大-東泰,2024-08-26,9817
2882,國泰金,63,46,17,元大-東泰,2024-08-26,9817
6177,達麗,24,9,15,元大-東泰,2024-08-26,9817
2349,錸德,180,165,15,元大-東泰,2024-08-26,9817
2537,聯上發,15,1,14,元大-東泰,2024-08-26,9817
8028,昇陽半導體,38,24,14,元大-東泰,2024-08-26,9817
2374,佳能,19,6,13,元大-東泰,2024-08-26,9817
6180,橘子,13,0,13,元大-東泰,2024-08-26,9817
1608,華榮,15,2,13,元大-東泰,2024-08-26,9817
1201,味全,13,0,13,元大-東泰,2024-08-26,9817
2412,中華電,14,2,12,元大-東泰,2024-08-26,9817
2905,三商,12,0,12,元大-東泰,2024-08-26,9817
4716,大立,12,0,12,元大-東泰,2024-08-26,9817
4967,十銓,15,3,12,元大-東泰,2024-08-26,9817
3711,日月光投控,54,43,11,元大-東泰,2024-08-26,9817
00882,中信中國高股息,11,0,11,元大-東泰,2024-08-26,9817
006208,富邦台50,10,0,10,元大-東泰,2024-08-26,9817
4938,和碩,10,0,10,元大-東泰,2024-08-26,9817
2363,矽統,22,12,10,元大-東泰,2024-08-26,9817
2618,長榮航,14,4,10,元大-東泰,2024-08-26,9817
9927,泰銘,10,0,10,元大-東泰,2024-08-26,9817
2501,國建,10,0,10,元大-東泰,2024-08-26,9817
00942B,台新美A公司債20+,10,0,10,元大-東泰,2024-08-26,9817
00891,中信關鍵半導體,10,0,10,元大-東泰,2024-08-26,9817
3481,群創,506,85,421,元大-東泰,2024-08-27,9817
00937B,群益ESG投等債20,388,1,387,元大-東泰,2024-08-27,9817
00885,富邦越南,250,6,244,元大-東泰,2024-08-27,9817
00948B,中信優息投資級債,147,0,147,元大-東泰,2024-08-27,9817
00665L,富邦�琤肭磪囓�2,130,0,130,元大-東泰,2024-08-27,9817
00637L,元大滬深300正2,100,0,100,元大-東泰,2024-08-27,9817
8473,山林水,99,0,99,元大-東泰,2024-08-27,9817
2610,華航,84,2,82,元大-東泰,2024-08-27,9817
2887,台新金,95,24,71,元大-東泰,2024-08-27,9817
2609,陽明,78,17,61,元大-東泰,2024-08-27,9817
2883,凱基金,76,16,60,元大-東泰,2024-08-27,9817
2891,中信金,80,22,58,元大-東泰,2024-08-27,9817
5876,上海商銀,57,0,57,元大-東泰,2024-08-27,9817
2880,華南金,56,0,56,元大-東泰,2024-08-27,9817
2845,遠東銀,54,0,54,元大-東泰,2024-08-27,9817
00919,群益台灣精選高息,52,1,51,元大-東泰,2024-08-27,9817
00679B,元大美債20年,57,16,41,元大-東泰,2024-08-27,9817
3535,晶彩科,44,6,38,元大-東泰,2024-08-27,9817
2867,三商壽,39,1,38,元大-東泰,2024-08-27,9817
00764B,群益25年美債,30,0,30,元大-東泰,2024-08-27,9817
2303,聯電,44,16,28,元大-東泰,2024-08-27,9817
2534,宏盛,27,0,27,元大-東泰,2024-08-27,9817
00929,復華台灣科技優息,30,4,26,元大-東泰,2024-08-27,9817
3645,達邁,27,1,26,元大-東泰,2024-08-27,9817
8105,凌巨,30,7,23,元大-東泰,2024-08-27,9817
2440,太空梭,44,23,21,元大-東泰,2024-08-27,9817
2816,旺旺保,20,0,20,元大-東泰,2024-08-27,9817
2323,中環,22,2,20,元大-東泰,2024-08-27,9817
2363,矽統,22,2,20,元大-東泰,2024-08-27,9817
2349,錸德,39,20,19,元大-東泰,2024-08-27,9817
1584,精剛,18,0,18,元大-東泰,2024-08-27,9817
00878,國泰永續高股息,28,12,16,元大-東泰,2024-08-27,9817
8111,立��,18,3,15,元大-東泰,2024-08-27,9817
2882,國泰金,17,2,15,元大-東泰,2024-08-27,9817
1303,南亞,15,0,15,元大-東泰,2024-08-27,9817
00942B,台新美A公司債20+,15,0,15,元大-東泰,2024-08-27,9817
2344,華邦電,50,36,14,元大-東泰,2024-08-27,9817
1709,和益,15,2,13,元大-東泰,2024-08-27,9817
2399,映泰,66,53,13,元大-東泰,2024-08-27,9817
00927,群益半導體收益,13,0,13,元大-東泰,2024-08-27,9817
00795B,中信美國公債20年,12,0,12,元大-東泰,2024-08-27,9817
4967,十銓,40,28,12,元大-東泰,2024-08-27,9817
2317,鴻海,27,16,11,元大-東泰,2024-08-27,9817
4919,新唐,16,5,11,元大-東泰,2024-08-27,9817
0056,元大高股息,12,1,11,元大-東泰,2024-08-27,9817
4174,浩鼎,13,3,10,元大-東泰,2024-08-27,9817
5469,瀚宇博,15,5,10,元大-東泰,2024-08-27,9817
00673R,期元大S＆P原油反1,10,0,10,元大-東泰,2024-08-27,9817
00905,FT臺灣Smart,10,0,10,元大-東泰,2024-08-27,9817
00706L,期元大S＆P日圓正2,10,0,10,元大-東泰,2024-08-27,9817
00959B,大華投等美債15Y+,827,0,827,元大-東泰,2024-08-28,9817
00680L,元大美債20正2,254,0,254,元大-東泰,2024-08-28,9817
00937B,群益ESG投等債20,241,53,188,元大-東泰,2024-08-28,9817
2449,京元電子,164,3,161,元大-東泰,2024-08-28,9817
2356,英業達,147,5,142,元大-東泰,2024-08-28,9817
4142,國光生,123,0,123,元大-東泰,2024-08-28,9817
2425,承啟,130,14,116,元大-東泰,2024-08-28,9817
00919,群益台灣精選高息,116,4,112,元大-東泰,2024-08-28,9817
00679B,元大美債20年,110,9,101,元大-東泰,2024-08-28,9817
00676R,富邦臺灣加權反1,101,0,101,元大-東泰,2024-08-28,9817
2883,凱基金,105,6,99,元大-東泰,2024-08-28,9817
1776,展宇,83,8,75,元大-東泰,2024-08-28,9817
3481,群創,553,478,75,元大-東泰,2024-08-28,9817
2891,中信金,74,7,67,元大-東泰,2024-08-28,9817
2027,大成鋼,58,1,57,元大-東泰,2024-08-28,9817
2402,毅嘉,70,23,47,元大-東泰,2024-08-28,9817
00948B,中信優息投資級債,50,5,45,元大-東泰,2024-08-28,9817
2880,華南金,32,0,32,元大-東泰,2024-08-28,9817
2851,中再保,31,0,31,元大-東泰,2024-08-28,9817
8039,台虹,44,13,31,元大-東泰,2024-08-28,9817
00639,富邦深100,30,0,30,元大-東泰,2024-08-28,9817
4909,新復興,33,3,30,元大-東泰,2024-08-28,9817
2367,燿華,43,15,28,元大-東泰,2024-08-28,9817
8096,擎亞,29,6,23,元大-東泰,2024-08-28,9817
1609,大亞,21,0,21,元大-東泰,2024-08-28,9817
00673R,期元大S＆P原油反1,20,0,20,元大-東泰,2024-08-28,9817
00795B,中信美國公債20年,20,1,19,元大-東泰,2024-08-28,9817
8473,山林水,24,5,19,元大-東泰,2024-08-28,9817
2349,錸德,160,143,17,元大-東泰,2024-08-28,9817
2317,鴻海,86,68,18,元大-東泰,2024-08-28,9817
00882,中信中國高股息,16,0,16,元大-東泰,2024-08-28,9817
6207,雷科,19,5,14,元大-東泰,2024-08-28,9817
6244,茂迪,13,0,13,元大-東泰,2024-08-28,9817
2489,瑞軒,19,6,13,元大-東泰,2024-08-28,9817
00878,國泰永續高股息,23,12,11,元大-東泰,2024-08-28,9817
2506,太設,11,0,11,元大-東泰,2024-08-28,9817
3013,晟銘電,19,8,11,元大-東泰,2024-08-28,9817
1409,新纖,11,0,11,元大-東泰,2024-08-28,9817
1229,聯華,11,0,11,元大-東泰,2024-08-28,9817
00712,復華富時不動產,11,0,11,元大-東泰,2024-08-28,9817
2890,永豐金,10,0,10,元大-東泰,2024-08-28,9817
2363,矽統,15,5,10,元大-東泰,2024-08-28,9817
1711,永光,90,80,10,元大-東泰,2024-08-28,9817
8070,長華*,12,2,10,元大-東泰,2024-08-28,9817
3047,訊舟,30,20,10,元大-東泰,2024-08-28,9817
3041,揚智,10,0,10,元大-東泰,2024-08-28,9817
1785,光洋科,16,6,10,元大-東泰,2024-08-28,9817
1710,東聯,10,0,10,元大-東泰,2024-08-28,9817
4952,凌通,10,0,10,元大-東泰,2024-08-28,9817
8028,昇陽半導體,12,2,10,元大-東泰,2024-08-28,9817
2017,官田鋼,200,1,199,元大-東泰,2024-08-29,9817
00679B,元大美債20年,174,7,167,元大-東泰,2024-08-29,9817
00937B,群益ESG投等債20,157,0,157,元大-東泰,2024-08-29,9817
2891,中信金,154,0,154,元大-東泰,2024-08-29,9817
00687B,國泰20年美債,120,4,116,元大-東泰,2024-08-29,9817
00637L,元大滬深300正2,108,0,108,元大-東泰,2024-08-29,9817
00680L,元大美債20正2,96,13,83,元大-東泰,2024-08-29,9817
8096,擎亞,83,19,64,元大-東泰,2024-08-29,9817
2354,鴻準,54,2,52,元大-東泰,2024-08-29,9817
00795B,中信美國公債20年,39,0,39,元大-東泰,2024-08-29,9817
2356,英業達,40,4,36,元大-東泰,2024-08-29,9817
5512,力麒,37,2,35,元大-東泰,2024-08-29,9817
3437,榮創,33,0,33,元大-東泰,2024-08-29,9817
4510,高鋒,75,44,31,元大-東泰,2024-08-29,9817
00915,凱基優選高股息30,28,0,28,元大-東泰,2024-08-29,9817
3481,群創,49,21,28,元大-東泰,2024-08-29,9817
2367,燿華,54,28,26,元大-東泰,2024-08-29,9817
00878,國泰永續高股息,47,22,25,元大-東泰,2024-08-29,9817
2888,新光金,51,26,25,元大-東泰,2024-08-29,9817
00830,國泰費城半導體,24,1,23,元大-東泰,2024-08-29,9817
5225,東科-KY,23,0,23,元大-東泰,2024-08-29,9817
2027,大成鋼,23,0,23,元大-東泰,2024-08-29,9817
2344,華邦電,50,27,23,元大-東泰,2024-08-29,9817
2355,敬鵬,22,1,21,元大-東泰,2024-08-29,9817
2330,台積電,36,15,21,元大-東泰,2024-08-29,9817
00942B,台新美A公司債20+,20,0,20,元大-東泰,2024-08-29,9817
00751B,元大AAA至A公司債,21,1,20,元大-東泰,2024-08-29,9817
3380,明泰,23,3,20,元大-東泰,2024-08-29,9817
00948B,中信優息投資級債,20,2,18,元大-東泰,2024-08-29,9817
00919,群益台灣精選高息,17,0,17,元大-東泰,2024-08-29,9817
2371,大同,17,1,16,元大-東泰,2024-08-29,9817
1314,中石化,16,1,15,元大-東泰,2024-08-29,9817
00712,復華富時不動產,25,10,15,元大-東泰,2024-08-29,9817
3550,聯穎,99,84,15,元大-東泰,2024-08-29,9817
8064,東捷,28,13,15,元大-東泰,2024-08-29,9817
00881,國泰台灣5G+,15,1,14,元大-東泰,2024-08-29,9817
2880,華南金,15,1,14,元大-東泰,2024-08-29,9817
2634,漢翔,14,0,14,元大-東泰,2024-08-29,9817
6016,康和證,14,0,14,元大-東泰,2024-08-29,9817
4157,太景*-KY,13,0,13,元大-東泰,2024-08-29,9817
6505,台塑化,12,0,12,元大-東泰,2024-08-29,9817
2881,富邦金,15,3,12,元大-東泰,2024-08-29,9817
2392,正崴,13,1,12,元大-東泰,2024-08-29,9817
1467,南緯,12,0,12,元大-東泰,2024-08-29,9817
2104,國際中橡,12,0,12,元大-東泰,2024-08-29,9817
2887,台新金,30,18,12,元大-東泰,2024-08-29,9817
1447,力鵬,11,0,11,元大-東泰,2024-08-29,9817
00936,台新永續高息中小,10,0,10,元大-東泰,2024-08-29,9817
2890,永豐金,10,0,10,元大-東泰,2024-08-29,9817
5469,瀚宇博,10,0,10,元大-東泰,2024-08-29,9817
00937B,群益ESG投等債20,665,66,599,元大-東泰,2024-08-30,9817
2312,金寶,106,14,92,元大-東泰,2024-08-30,9817
00687B,國泰20年美債,76,3,73,元大-東泰,2024-08-30,9817
00673R,期元大S＆P原油反1,70,0,70,元大-東泰,2024-08-30,9817
3481,群創,98,38,60,元大-東泰,2024-08-30,9817
00931B,統一美債20年,52,0,52,元大-東泰,2024-08-30,9817
2323,中環,50,0,50,元大-東泰,2024-08-30,9817
00679B,元大美債20年,55,5,50,元大-東泰,2024-08-30,9817
4714,永捷,60,11,49,元大-東泰,2024-08-30,9817
2882,國泰金,51,3,48,元大-東泰,2024-08-30,9817
1711,永光,64,19,45,元大-東泰,2024-08-30,9817
3167,大量,49,5,44,元大-東泰,2024-08-30,9817
4303,信立,46,5,41,元大-東泰,2024-08-30,9817
00795B,中信美國公債20年,44,5,39,元大-東泰,2024-08-30,9817
2618,長榮航,76,42,34,元大-東泰,2024-08-30,9817
00959B,大華投等美債15Y+,31,0,31,元大-東泰,2024-08-30,9817
4526,東台,212,182,30,元大-東泰,2024-08-30,9817
4540,全球傳動,30,0,30,元大-東泰,2024-08-30,9817
3147,大綜,30,0,30,元大-東泰,2024-08-30,9817
8070,長華*,52,23,29,元大-東泰,2024-08-30,9817
00713,元大台灣高息低波,29,1,28,元大-東泰,2024-08-30,9817
2891,中信金,33,6,27,元大-東泰,2024-08-30,9817
3303,岱稜,31,4,27,元大-東泰,2024-08-30,9817
2409,友達,32,7,25,元大-東泰,2024-08-30,9817
2851,中再保,25,2,23,元大-東泰,2024-08-30,9817
2363,矽統,25,3,22,元大-東泰,2024-08-30,9817
00942B,台新美A公司債20+,21,0,21,元大-東泰,2024-08-30,9817
00953B,群益優選非投等債,21,0,21,元大-東泰,2024-08-30,9817
2314,台揚,28,7,21,元大-東泰,2024-08-30,9817
3163,波若威,48,27,21,元大-東泰,2024-08-30,9817
3535,晶彩科,24,4,20,元大-東泰,2024-08-30,9817
2887,台新金,37,17,20,元大-東泰,2024-08-30,9817
00934,中信成長高股息,19,0,19,元大-東泰,2024-08-30,9817
4510,高鋒,60,42,18,元大-東泰,2024-08-30,9817
2905,三商,17,0,17,元大-東泰,2024-08-30,9817
5225,東科-KY,17,0,17,元大-東泰,2024-08-30,9817
00891,中信關鍵半導體,16,0,16,元大-東泰,2024-08-30,9817
8415,大國鋼,16,0,16,元大-東泰,2024-08-30,9817
00751B,元大AAA至A公司債,15,0,15,元大-東泰,2024-08-30,9817
00919,群益台灣精選高息,28,14,14,元大-東泰,2024-08-30,9817
8086,宏捷科,17,4,13,元大-東泰,2024-08-30,9817
00651R,復華香港反1,13,0,13,元大-東泰,2024-08-30,9817
8096,擎亞,31,18,13,元大-東泰,2024-08-30,9817
2392,正崴,38,26,12,元大-東泰,2024-08-30,9817
2476,鉅祥,11,0,11,元大-東泰,2024-08-30,9817
4716,大立,11,0,11,元大-東泰,2024-08-30,9817
1528,恩德,21,11,10,元大-東泰,2024-08-30,9817
00632R,元大台灣50反1,12,2,10,元大-東泰,2024-08-30,9817
00706L,期元大S＆P日圓正2,10,0,10,元大-東泰,2024-08-30,9817
6191,精成科,10,0,10,元大-東泰,2024-08-30,9817
00679B,元大美債20年,258,7,251,元大-東泰,2024-09-02,9817
00937B,群益ESG投等債20,159,3,156,元大-東泰,2024-09-02,9817
6114,久威,101,0,101,元大-東泰,2024-09-02,9817
00915,凱基優選高股息30,77,0,77,元大-東泰,2024-09-02,9817
00687B,國泰20年美債,76,0,76,元大-東泰,2024-09-02,9817
00696B,富邦美債20年,60,0,60,元大-東泰,2024-09-02,9817
00931B,統一美債20年,55,0,55,元大-東泰,2024-09-02,9817
00795B,中信美國公債20年,52,0,52,元大-東泰,2024-09-02,9817
1301,台塑,52,1,51,元大-東泰,2024-09-02,9817
2352,佳世達,89,39,50,元大-東泰,2024-09-02,9817
3481,群創,66,23,43,元大-東泰,2024-09-02,9817
2002,中鋼,44,2,42,元大-東泰,2024-09-02,9817
2609,陽明,57,16,41,元大-東泰,2024-09-02,9817
00919,群益台灣精選高息,41,1,40,元大-東泰,2024-09-02,9817
00688L,國泰20年美債正2,38,0,38,元大-東泰,2024-09-02,9817
00929,復華台灣科技優息,46,11,35,元大-東泰,2024-09-02,9817
2344,華邦電,34,0,34,元大-東泰,2024-09-02,9817
00642U,期元大S＆P石油,31,0,31,元大-東泰,2024-09-02,9817
2010,春源,31,0,31,元大-東泰,2024-09-02,9817
1718,中纖,30,0,30,元大-東泰,2024-09-02,9817
4960,誠美材,30,0,30,元大-東泰,2024-09-02,9817
2851,中再保,29,0,29,元大-東泰,2024-09-02,9817
00715L,期街口布蘭特正2,29,1,28,元大-東泰,2024-09-02,9817
2331,精英,26,0,26,元大-東泰,2024-09-02,9817
2323,中環,25,0,25,元大-東泰,2024-09-02,9817
00936,台新永續高息中小,24,0,24,元大-東泰,2024-09-02,9817
1711,永光,33,9,24,元大-東泰,2024-09-02,9817
2618,長榮航,24,2,22,元大-東泰,2024-09-02,9817
00635U,期元大S＆P黃金,21,0,21,元大-東泰,2024-09-02,9817
8927,北基,20,0,20,元大-東泰,2024-09-02,9817
3147,大綜,21,1,20,元大-東泰,2024-09-02,9817
6548,長科*,21,2,19,元大-東泰,2024-09-02,9817
2388,威盛,21,2,19,元大-東泰,2024-09-02,9817
4543,萬在,30,11,19,元大-東泰,2024-09-02,9817
2880,華南金,21,3,18,元大-東泰,2024-09-02,9817
8105,凌巨,52,34,18,元大-東泰,2024-09-02,9817
2429,銘旺科,18,0,18,元大-東泰,2024-09-02,9817
2027,大成鋼,18,0,18,元大-東泰,2024-09-02,9817
00847B,中信美國市政債,18,0,18,元大-東泰,2024-09-02,9817
4714,永捷,23,6,17,元大-東泰,2024-09-02,9817
6213,聯茂,23,6,17,元大-東泰,2024-09-02,9817
00946,群益科技高息成長,18,1,17,元大-東泰,2024-09-02,9817
2440,太空梭,22,6,16,元大-東泰,2024-09-02,9817
00940,元大台灣價值高息,36,20,16,元大-東泰,2024-09-02,9817
1326,台化,15,0,15,元大-東泰,2024-09-02,9817
1101,台泥,15,1,14,元大-東泰,2024-09-02,9817
2504,國產,20,6,14,元大-東泰,2024-09-02,9817
6235,華孚,20,6,14,元大-東泰,2024-09-02,9817
1307,三芳,14,0,14,元大-東泰,2024-09-02,9817
2603,長榮,15,1,14,元大-東泰,2024-09-02,9817
00665L,富邦�琤肭磪囓�2,150,0,150,元大-東泰,2024-09-03,9817
00919,群益台灣精選高息,143,0,143,元大-東泰,2024-09-03,9817
00940,元大台灣價值高息,158,23,135,元大-東泰,2024-09-03,9817
00637L,元大滬深300正2,117,0,117,元大-東泰,2024-09-03,9817
2609,陽明,121,9,112,元大-東泰,2024-09-03,9817
2344,華邦電,107,2,105,元大-東泰,2024-09-03,9817
2892,第一金,102,0,102,元大-東泰,2024-09-03,9817
2323,中環,116,16,100,元大-東泰,2024-09-03,9817
00688L,國泰20年美債正2,92,0,92,元大-東泰,2024-09-03,9817
00680L,元大美債20正2,111,20,91,元大-東泰,2024-09-03,9817
00929,復華台灣科技優息,94,13,81,元大-東泰,2024-09-03,9817
00751B,元大AAA至A公司債,60,0,60,元大-東泰,2024-09-03,9817
3580,友威科,57,0,57,元大-東泰,2024-09-03,9817
00632R,元大台灣50反1,61,5,56,元大-東泰,2024-09-03,9817
00948B,中信優息投資級債,53,0,53,元大-東泰,2024-09-03,9817
1711,永光,57,7,50,元大-東泰,2024-09-03,9817
1314,中石化,57,7,50,元大-東泰,2024-09-03,9817
3605,宏致,45,3,42,元大-東泰,2024-09-03,9817
2002,中鋼,40,0,40,元大-東泰,2024-09-03,9817
00918,大華優利高填息30,38,0,38,元大-東泰,2024-09-03,9817
2867,三商壽,36,0,36,元大-東泰,2024-09-03,9817
2337,旺宏,37,2,35,元大-東泰,2024-09-03,9817
2409,友達,38,4,34,元大-東泰,2024-09-03,9817
2883,凱基金,97,66,31,元大-東泰,2024-09-03,9817
3047,訊舟,47,16,31,元大-東泰,2024-09-03,9817
2486,一詮,38,8,30,元大-東泰,2024-09-03,9817
9902,台火,30,0,30,元大-東泰,2024-09-03,9817
00937B,群益ESG投等債20,35,5,30,元大-東泰,2024-09-03,9817
4960,誠美材,30,0,30,元大-東泰,2024-09-03,9817
1301,台塑,25,1,24,元大-東泰,2024-09-03,9817
9105,泰金寶-DR,24,0,24,元大-東泰,2024-09-03,9817
00679B,元大美債20年,28,5,23,元大-東泰,2024-09-03,9817
2891,中信金,38,16,22,元大-東泰,2024-09-03,9817
00882,中信中國高股息,20,0,20,元大-東泰,2024-09-03,9817
5443,均豪,61,41,20,元大-東泰,2024-09-03,9817
6177,達麗,24,4,20,元大-東泰,2024-09-03,9817
2367,燿華,40,21,19,元大-東泰,2024-09-03,9817
3147,大綜,20,1,19,元大-東泰,2024-09-03,9817
2504,國產,22,3,19,元大-東泰,2024-09-03,9817
2615,萬海,22,3,19,元大-東泰,2024-09-03,9817
2330,台積電,24,6,18,元大-東泰,2024-09-03,9817
1815,富喬,23,6,17,元大-東泰,2024-09-03,9817
00633L,富邦上証正2,16,0,16,元大-東泰,2024-09-03,9817
2429,銘旺科,16,0,16,元大-東泰,2024-09-03,9817
00936,台新永續高息中小,23,9,14,元大-東泰,2024-09-03,9817
6116,彩晶,14,0,14,元大-東泰,2024-09-03,9817
00878,國泰永續高股息,20,6,14,元大-東泰,2024-09-03,9817
2313,華通,19,5,14,元大-東泰,2024-09-03,9817
5512,力麒,16,2,14,元大-東泰,2024-09-03,9817
2881,富邦金,15,1,14,元大-東泰,2024-09-03,9817
00940,元大台灣價值高息,831,143,688,元大-東泰,2024-09-04,9817
00929,復華台灣科技優息,461,44,417,元大-東泰,2024-09-04,9817
1815,富喬,265,3,262,元大-東泰,2024-09-04,9817
00878,國泰永續高股息,203,8,195,元大-東泰,2024-09-04,9817
00919,群益台灣精選高息,257,71,186,元大-東泰,2024-09-04,9817
00713,元大台灣高息低波,153,1,152,元大-東泰,2024-09-04,9817
00680L,元大美債20正2,152,3,149,元大-東泰,2024-09-04,9817
00937B,群益ESG投等債20,143,7,136,元大-東泰,2024-09-04,9817
2891,中信金,132,8,124,元大-東泰,2024-09-04,9817
00918,大華優利高填息30,105,0,105,元大-東泰,2024-09-04,9817
2880,華南金,101,1,100,元大-東泰,2024-09-04,9817
00715L,期街口布蘭特正2,127,35,92,元大-東泰,2024-09-04,9817
1718,中纖,86,0,86,元大-東泰,2024-09-04,9817
2330,台積電,97,23,74,元大-東泰,2024-09-04,9817
3605,宏致,79,8,71,元大-東泰,2024-09-04,9817
2344,華邦電,120,49,71,元大-東泰,2024-09-04,9817
2412,中華電,68,0,68,元大-東泰,2024-09-04,9817
0056,元大高股息,70,4,66,元大-東泰,2024-09-04,9817
2002,中鋼,85,20,65,元大-東泰,2024-09-04,9817
00905,FT臺灣Smart,63,0,63,元大-東泰,2024-09-04,9817
2867,三商壽,82,24,58,元大-東泰,2024-09-04,9817
00915,凱基優選高股息30,56,0,56,元大-東泰,2024-09-04,9817
00830,國泰費城半導體,71,25,46,元大-東泰,2024-09-04,9817
2449,京元電子,73,27,46,元大-東泰,2024-09-04,9817
2834,臺企銀,46,0,46,元大-東泰,2024-09-04,9817
3532,台勝科,43,0,43,元大-東泰,2024-09-04,9817
3481,群創,98,57,41,元大-東泰,2024-09-04,9817
00946,群益科技高息成長,46,7,39,元大-東泰,2024-09-04,9817
2303,聯電,43,4,39,元大-東泰,2024-09-04,9817
6155,鈞寶,39,0,39,元大-東泰,2024-09-04,9817
2892,第一金,36,0,36,元大-東泰,2024-09-04,9817
2883,凱基金,85,51,34,元大-東泰,2024-09-04,9817
006208,富邦台50,40,6,34,元大-東泰,2024-09-04,9817
00881,國泰台灣5G+,37,5,32,元大-東泰,2024-09-04,9817
2323,中環,40,8,32,元大-東泰,2024-09-04,9817
2317,鴻海,108,77,31,元大-東泰,2024-09-04,9817
1301,台塑,43,13,30,元大-東泰,2024-09-04,9817
00942B,台新美A公司債20+,30,0,30,元大-東泰,2024-09-04,9817
3147,大綜,30,0,30,元大-東泰,2024-09-04,9817
2352,佳世達,36,6,30,元大-東泰,2024-09-04,9817
3311,閎暉,27,0,27,元大-東泰,2024-09-04,9817
2610,華航,27,0,27,元大-東泰,2024-09-04,9817
1785,光洋科,39,13,26,元大-東泰,2024-09-04,9817
2354,鴻準,31,6,25,元大-東泰,2024-09-04,9817
2382,廣達,45,20,25,元大-東泰,2024-09-04,9817
3704,合勤控,25,1,24,元大-東泰,2024-09-04,9817
3037,欣興,33,10,23,元大-東泰,2024-09-04,9817
1326,台化,24,2,22,元大-東泰,2024-09-04,9817
00751B,元大AAA至A公司債,22,0,22,元大-東泰,2024-09-04,9817
6125,廣運,25,3,22,元大-東泰,2024-09-04,9817
00632R,元大台灣50反1,581,18,563,元大-東泰,2024-09-05,9817
00923,群益台ESG低碳50,310,0,310,元大-東泰,2024-09-05,9817
00680L,元大美債20正2,201,10,191,元大-東泰,2024-09-05,9817
00919,群益台灣精選高息,190,28,162,元大-東泰,2024-09-05,9817
2344,華邦電,162,9,153,元大-東泰,2024-09-05,9817
00940,元大台灣價值高息,176,38,138,元大-東泰,2024-09-05,9817
00706L,期元大S＆P日圓正2,110,0,110,元大-東泰,2024-09-05,9817
00929,復華台灣科技優息,116,19,97,元大-東泰,2024-09-05,9817
8927,北基,70,0,70,元大-東泰,2024-09-05,9817
00751B,元大AAA至A公司債,60,0,60,元大-東泰,2024-09-05,9817
00952,凱基台灣AI50,53,0,53,元大-東泰,2024-09-05,9817
00878,國泰永續高股息,57,4,53,元大-東泰,2024-09-05,9817
2867,三商壽,52,0,52,元大-東泰,2024-09-05,9817
3580,友威科,41,1,40,元大-東泰,2024-09-05,9817
2317,鴻海,66,27,39,元大-東泰,2024-09-05,9817
2337,旺宏,40,2,38,元大-東泰,2024-09-05,9817
2834,臺企銀,36,1,35,元大-東泰,2024-09-05,9817
00715L,期街口布蘭特正2,34,0,34,元大-東泰,2024-09-05,9817
4563,百德,52,19,33,元大-東泰,2024-09-05,9817
6770,力積電,121,89,32,元大-東泰,2024-09-05,9817
9105,泰金寶-DR,42,10,32,元大-東泰,2024-09-05,9817
00642U,期元大S＆P石油,30,0,30,元大-東泰,2024-09-05,9817
00918,大華優利高填息30,40,12,28,元大-東泰,2024-09-05,9817
00681R,元大美債20反1,25,0,25,元大-東泰,2024-09-05,9817
2002,中鋼,26,2,24,元大-東泰,2024-09-05,9817
2408,南亞科,25,1,24,元大-東泰,2024-09-05,9817
2891,中信金,35,13,22,元大-東泰,2024-09-05,9817
3062,建漢,36,15,21,元大-東泰,2024-09-05,9817
6821,聯寶,20,0,20,元大-東泰,2024-09-05,9817
00687B,國泰20年美債,64,45,19,元大-東泰,2024-09-05,9817
3047,訊舟,40,23,17,元大-東泰,2024-09-05,9817
00712,復華富時不動產,16,0,16,元大-東泰,2024-09-05,9817
00931B,統一美債20年,20,4,16,元大-東泰,2024-09-05,9817
2534,宏盛,16,0,16,元大-東泰,2024-09-05,9817
00881,國泰台灣5G+,16,1,15,元大-東泰,2024-09-05,9817
1609,大亞,25,10,15,元大-東泰,2024-09-05,9817
4303,信立,28,13,15,元大-東泰,2024-09-05,9817
00946,群益科技高息成長,25,10,15,元大-東泰,2024-09-05,9817
3294,英濟,13,0,13,元大-東泰,2024-09-05,9817
2489,瑞軒,21,8,13,元大-東泰,2024-09-05,9817
1540,喬福,110,97,13,元大-東泰,2024-09-05,9817
1101,台泥,14,2,12,元大-東泰,2024-09-05,9817
8096,擎亞,17,5,12,元大-東泰,2024-09-05,9817
00900,富邦特選高股息30,13,1,12,元大-東泰,2024-09-05,9817
4714,永捷,16,4,12,元大-東泰,2024-09-05,9817
2368,金像電,16,5,11,元大-東泰,2024-09-05,9817
2409,友達,30,19,11,元大-東泰,2024-09-05,9817
1514,亞力,11,0,11,元大-東泰,2024-09-05,9817
3013,晟銘電,15,4,11,元大-東泰,2024-09-05,9817
00904,新光臺灣半導體30,11,0,11,元大-東泰,2024-09-05,9817
00632R,元大台灣50反1,1017,1,1016,元大-東泰,2024-09-06,9817
00751B,元大AAA至A公司債,94,2,92,元大-東泰,2024-09-06,9817
00706L,期元大S＆P日圓正2,92,0,92,元大-東泰,2024-09-06,9817
2891,中信金,81,11,70,元大-東泰,2024-09-06,9817
00680L,元大美債20正2,69,7,62,元大-東泰,2024-09-06,9817
1524,耿鼎,63,2,61,元大-東泰,2024-09-06,9817
00679B,元大美債20年,89,30,59,元大-東泰,2024-09-06,9817
2349,錸德,65,11,54,元大-東泰,2024-09-06,9817
00940,元大台灣價值高息,83,33,50,元大-東泰,2024-09-06,9817
2344,華邦電,48,0,48,元大-東泰,2024-09-06,9817
2610,華航,46,0,46,元大-東泰,2024-09-06,9817
00919,群益台灣精選高息,57,14,43,元大-東泰,2024-09-06,9817
00652,富邦印度,42,0,42,元大-東泰,2024-09-06,9817
6770,力積電,36,2,34,元大-東泰,2024-09-06,9817
00830,國泰費城半導體,34,1,33,元大-東泰,2024-09-06,9817
00715L,期街口布蘭特正2,32,0,32,元大-東泰,2024-09-06,9817
00857B,永豐20年美公債,30,0,30,元大-東泰,2024-09-06,9817
2395,研華,30,0,30,元大-東泰,2024-09-06,9817
00720B,元大投資級公司債,32,2,30,元大-東泰,2024-09-06,9817
2329,華泰,29,0,29,元大-東泰,2024-09-06,9817
00712,復華富時不動產,25,0,25,元大-東泰,2024-09-06,9817
1785,光洋科,27,7,20,元大-東泰,2024-09-06,9817
00943,兆豐電子高息等權,20,0,20,元大-東泰,2024-09-06,9817
2618,長榮航,19,1,18,元大-東泰,2024-09-06,9817
3481,群創,89,73,16,元大-東泰,2024-09-06,9817
00915,凱基優選高股息30,16,0,16,元大-東泰,2024-09-06,9817
2409,友達,26,10,16,元大-東泰,2024-09-06,9817
2425,承啟,20,4,16,元大-東泰,2024-09-06,9817
8070,長華*,20,4,16,元大-東泰,2024-09-06,9817
3062,建漢,24,9,15,元大-東泰,2024-09-06,9817
00662,富邦NASDAQ,15,0,15,元大-東泰,2024-09-06,9817
00633L,富邦上証正2,15,0,15,元大-東泰,2024-09-06,9817
9904,寶成,16,1,15,元大-東泰,2024-09-06,9817
00941,中信上游半導體,14,0,14,元大-東泰,2024-09-06,9817
00952,凱基台灣AI50,14,0,14,元大-東泰,2024-09-06,9817
2845,遠東銀,14,0,14,元大-東泰,2024-09-06,9817
1611,中電,15,1,14,元大-東泰,2024-09-06,9817
2429,銘旺科,16,3,13,元大-東泰,2024-09-06,9817
00878,國泰永續高股息,18,6,12,元大-東泰,2024-09-06,9817
2497,怡利電,33,22,11,元大-東泰,2024-09-06,9817
00945B,凱基美國非投等債,11,0,11,元大-東泰,2024-09-06,9817
2615,萬海,12,1,11,元大-東泰,2024-09-06,9817
1909,榮成,22,11,11,元大-東泰,2024-09-06,9817
3437,榮創,53,42,11,元大-東泰,2024-09-06,9817
2477,美隆電,10,0,10,元大-東泰,2024-09-06,9817
2363,矽統,18,8,10,元大-東泰,2024-09-06,9817
1587,吉茂,10,0,10,元大-東泰,2024-09-06,9817
2355,敬鵬,11,1,10,元大-東泰,2024-09-06,9817
00681R,元大美債20反1,10,0,10,元大-東泰,2024-09-06,9817
4533,協易機,10,0,10,元大-東泰,2024-09-06,9817
00632R,元大台灣50反1,763,519,244,元大-東泰,2024-09-09,9817
00919,群益台灣精選高息,255,24,231,元大-東泰,2024-09-09,9817
00929,復華台灣科技優息,174,35,139,元大-東泰,2024-09-09,9817
00642U,期元大S＆P石油,106,0,106,元大-東泰,2024-09-09,9817
2881,富邦金,83,5,78,元大-東泰,2024-09-09,9817
00940,元大台灣價值高息,92,16,76,元大-東泰,2024-09-09,9817
2885,元大金,87,14,73,元大-東泰,2024-09-09,9817
00878,國泰永續高股息,69,4,65,元大-東泰,2024-09-09,9817
2317,鴻海,70,9,61,元大-東泰,2024-09-09,9817
00918,大華優利高填息30,58,0,58,元大-東泰,2024-09-09,9817
2449,京元電子,80,30,50,元大-東泰,2024-09-09,9817
00687B,國泰20年美債,49,7,42,元大-東泰,2024-09-09,9817
00948B,中信優息投資級債,40,0,40,元大-東泰,2024-09-09,9817
00637L,元大滬深300正2,39,0,39,元大-東泰,2024-09-09,9817
8927,北基,32,0,32,元大-東泰,2024-09-09,9817
00673R,期元大S＆P原油反1,30,0,30,元大-東泰,2024-09-09,9817
0056,元大高股息,40,10,30,元大-東泰,2024-09-09,9817
00881,國泰台灣5G+,29,1,28,元大-東泰,2024-09-09,9817
00830,國泰費城半導體,28,0,28,元大-東泰,2024-09-09,9817
3715,定穎投控,33,5,28,元大-東泰,2024-09-09,9817
00915,凱基優選高股息30,26,0,26,元大-東泰,2024-09-09,9817
00715L,期街口布蘭特正2,25,0,25,元大-東泰,2024-09-09,9817
00933B,國泰10Y+金融債,25,0,25,元大-東泰,2024-09-09,9817
2002,中鋼,55,31,24,元大-東泰,2024-09-09,9817
2882,國泰金,37,14,23,元大-東泰,2024-09-09,9817
2867,三商壽,20,0,20,元大-東泰,2024-09-09,9817
00751B,元大AAA至A公司債,19,0,19,元大-東泰,2024-09-09,9817
6770,力積電,19,1,18,元大-東泰,2024-09-09,9817
00923,群益台ESG低碳50,18,0,18,元大-東泰,2024-09-09,9817
2609,陽明,20,3,17,元大-東泰,2024-09-09,9817
2489,瑞軒,28,12,16,元大-東泰,2024-09-09,9817
5538,東明-KY,17,1,16,元大-東泰,2024-09-09,9817
6838,台新藥,15,0,15,元大-東泰,2024-09-09,9817
2891,中信金,50,35,15,元大-東泰,2024-09-09,9817
2330,台積電,17,3,14,元大-東泰,2024-09-09,9817
1314,中石化,14,0,14,元大-東泰,2024-09-09,9817
00662,富邦NASDAQ,13,0,13,元大-東泰,2024-09-09,9817
2464,盟立,23,10,13,元大-東泰,2024-09-09,9817
6505,台塑化,13,0,13,元大-東泰,2024-09-09,9817
006208,富邦台50,12,0,12,元大-東泰,2024-09-09,9817
8103,瀚荃,12,0,12,元大-東泰,2024-09-09,9817
1307,三芳,12,0,12,元大-東泰,2024-09-09,9817
2542,興富發,12,1,11,元大-東泰,2024-09-09,9817
1540,喬福,36,25,11,元大-東泰,2024-09-09,9817
4958,臻鼎-KY,11,0,11,元大-東泰,2024-09-09,9817
5876,上海商銀,11,0,11,元大-東泰,2024-09-09,9817
1326,台化,10,0,10,元大-東泰,2024-09-09,9817
1303,南亞,10,0,10,元大-東泰,2024-09-09,9817
00661,元大日經225,10,0,10,元大-東泰,2024-09-09,9817
2477,美隆電,10,0,10,元大-東泰,2024-09-09,9817
00940,元大台灣價值高息,232,26,206,元大-東泰,2024-09-10,9817
00919,群益台灣精選高息,175,25,150,元大-東泰,2024-09-10,9817
00929,復華台灣科技優息,146,13,133,元大-東泰,2024-09-10,9817
2891,中信金,93,7,86,元大-東泰,2024-09-10,9817
00918,大華優利高填息30,83,10,73,元大-東泰,2024-09-10,9817
00943,兆豐電子高息等權,63,0,63,元大-東泰,2024-09-10,9817
00679B,元大美債20年,106,46,60,元大-東泰,2024-09-10,9817
2344,華邦電,82,23,59,元大-東泰,2024-09-10,9817
00680L,元大美債20正2,58,0,58,元大-東泰,2024-09-10,9817
3481,群創,92,39,53,元大-東泰,2024-09-10,9817
2337,旺宏,51,1,50,元大-東泰,2024-09-10,9817
2609,陽明,55,5,50,元大-東泰,2024-09-10,9817
4919,新唐,50,0,50,元大-東泰,2024-09-10,9817
00878,國泰永續高股息,63,16,47,元大-東泰,2024-09-10,9817
2883,凱基金,51,6,45,元大-東泰,2024-09-10,9817
2409,友達,47,2,45,元大-東泰,2024-09-10,9817
2382,廣達,51,8,43,元大-東泰,2024-09-10,9817
8096,擎亞,67,24,43,元大-東泰,2024-09-10,9817
2317,鴻海,75,33,42,元大-東泰,2024-09-10,9817
2882,國泰金,44,3,41,元大-東泰,2024-09-10,9817
2537,聯上發,44,5,39,元大-東泰,2024-09-10,9817
0056,元大高股息,40,4,36,元大-東泰,2024-09-10,9817
3047,訊舟,52,21,31,元大-東泰,2024-09-10,9817
3704,合勤控,33,2,31,元大-東泰,2024-09-10,9817
2022,聚亨,31,0,31,元大-東泰,2024-09-10,9817
00946,群益科技高息成長,32,2,30,元大-東泰,2024-09-10,9817
6246,臺龍,35,5,30,元大-東泰,2024-09-10,9817
4510,高鋒,36,9,27,元大-東泰,2024-09-10,9817
6177,達麗,32,5,27,元大-東泰,2024-09-10,9817
9902,台火,27,0,27,元大-東泰,2024-09-10,9817
5347,世界,26,1,25,元大-東泰,2024-09-10,9817
2323,中環,25,0,25,元大-東泰,2024-09-10,9817
2070,精湛,25,0,25,元大-東泰,2024-09-10,9817
2349,錸德,31,6,25,元大-東泰,2024-09-10,9817
2313,華通,31,8,23,元大-東泰,2024-09-10,9817
1301,台塑,50,29,21,元大-東泰,2024-09-10,9817
6838,台新藥,35,15,20,元大-東泰,2024-09-10,9817
2534,宏盛,20,0,20,元大-東泰,2024-09-10,9817
2408,南亞科,20,1,19,元大-東泰,2024-09-10,9817
2429,銘旺科,33,15,18,元大-東泰,2024-09-10,9817
8027,鈦昇,20,3,17,元大-東泰,2024-09-10,9817
00948B,中信優息投資級債,17,0,17,元大-東泰,2024-09-10,9817
3209,全科,20,3,17,元大-東泰,2024-09-10,9817
4303,信立,21,4,17,元大-東泰,2024-09-10,9817
4533,協易機,21,4,17,元大-東泰,2024-09-10,9817
00751B,元大AAA至A公司債,19,3,16,元大-東泰,2024-09-10,9817
1434,福懋,15,0,15,元大-東泰,2024-09-10,9817
2486,一詮,16,1,15,元大-東泰,2024-09-10,9817
2867,三商壽,15,0,15,元大-東泰,2024-09-10,9817
2444,兆勁,15,0,15,元大-東泰,2024-09-10,9817
00929,復華台灣科技優息,236,34,202,元大-東泰,2024-09-11,9817
2883,凱基金,92,0,92,元大-東泰,2024-09-11,9817
00934,中信成長高股息,83,2,81,元大-東泰,2024-09-11,9817
00943,兆豐電子高息等權,70,0,70,元大-東泰,2024-09-11,9817
00688L,國泰20年美債正2,55,0,55,元大-東泰,2024-09-11,9817
6114,久威,50,0,50,元大-東泰,2024-09-11,9817
3014,聯陽,45,0,45,元大-東泰,2024-09-11,9817
00687B,國泰20年美債,71,29,42,元大-東泰,2024-09-11,9817
00940,元大台灣價值高息,92,52,40,元大-東泰,2024-09-11,9817
00878,國泰永續高股息,44,4,40,元大-東泰,2024-09-11,9817
2891,中信金,55,16,39,元大-東泰,2024-09-11,9817
2867,三商壽,47,10,37,元大-東泰,2024-09-11,9817
6177,達麗,44,10,34,元大-東泰,2024-09-11,9817
2477,美隆電,49,19,30,元大-東泰,2024-09-11,9817
2399,映泰,42,15,27,元大-東泰,2024-09-11,9817
5905,南仁湖,32,5,27,元大-東泰,2024-09-11,9817
6770,力積電,30,3,27,元大-東泰,2024-09-11,9817
00919,群益台灣精選高息,43,18,25,元大-東泰,2024-09-11,9817
1307,三芳,25,1,24,元大-東泰,2024-09-11,9817
3081,聯亞,25,1,24,元大-東泰,2024-09-11,9817
00941,中信上游半導體,22,0,22,元大-東泰,2024-09-11,9817
2429,銘旺科,21,0,21,元大-東泰,2024-09-11,9817
2353,宏��,21,0,21,元大-東泰,2024-09-11,9817
00673R,期元大S＆P原油反1,20,0,20,元大-東泰,2024-09-11,9817
2897,王道銀行,19,0,19,元大-東泰,2024-09-11,9817
4513,福裕,22,3,19,元大-東泰,2024-09-11,9817
00915,凱基優選高股息30,19,0,19,元大-東泰,2024-09-11,9817
1522,堤維西,30,13,17,元大-東泰,2024-09-11,9817
6134,萬旭,20,3,17,元大-東泰,2024-09-11,9817
2881,富邦金,17,1,16,元大-東泰,2024-09-11,9817
00933B,國泰10Y+金融債,16,0,16,元大-東泰,2024-09-11,9817
0056,元大高股息,18,2,16,元大-東泰,2024-09-11,9817
3707,漢磊,17,2,15,元大-東泰,2024-09-11,9817
1527,鑽全,15,0,15,元大-東泰,2024-09-11,9817
1217,愛之味,15,0,15,元大-東泰,2024-09-11,9817
00918,大華優利高填息30,25,10,15,元大-東泰,2024-09-11,9817
9934,成霖,13,0,13,元大-東泰,2024-09-11,9817
2104,國際中橡,13,0,13,元大-東泰,2024-09-11,9817
2537,聯上發,12,0,12,元大-東泰,2024-09-11,9817
8103,瀚荃,12,0,12,元大-東泰,2024-09-11,9817
00642U,期元大S＆P石油,12,0,12,元大-東泰,2024-09-11,9817
2388,威盛,45,33,12,元大-東泰,2024-09-11,9817
6207,雷科,12,1,11,元大-東泰,2024-09-11,9817
1709,和益,14,3,11,元大-東泰,2024-09-11,9817
00953B,群益優選非投等債,11,0,11,元大-東泰,2024-09-11,9817
2374,佳能,11,0,11,元大-東泰,2024-09-11,9817
1720,生達,11,0,11,元大-東泰,2024-09-11,9817
2002,中鋼,25,14,11,元大-東泰,2024-09-11,9817
1773,勝一,11,1,10,元大-東泰,2024-09-11,9817
3284,太普高,10,0,10,元大-東泰,2024-09-11,9817
00632R,元大台灣50反1,1886,2,1884,元大-東泰,2024-09-12,9817
00687B,國泰20年美債,160,33,127,元大-東泰,2024-09-12,9817
00688L,國泰20年美債正2,123,1,122,元大-東泰,2024-09-12,9817
00676R,富邦臺灣加權反1,108,5,103,元大-東泰,2024-09-12,9817
00948B,中信優息投資級債,91,0,91,元大-東泰,2024-09-12,9817
00679B,元大美債20年,137,61,76,元大-東泰,2024-09-12,9817
2891,中信金,83,11,72,元大-東泰,2024-09-12,9817
00937B,群益ESG投等債20,74,6,68,元大-東泰,2024-09-12,9817
2349,錸德,63,13,50,元大-東泰,2024-09-12,9817
6770,力積電,56,9,47,元大-東泰,2024-09-12,9817
4157,太景*-KY,40,0,40,元大-東泰,2024-09-12,9817
00919,群益台灣精選高息,85,51,34,元大-東泰,2024-09-12,9817
00857B,永豐20年美公債,34,0,34,元大-東泰,2024-09-12,9817
2104,國際中橡,33,1,32,元大-東泰,2024-09-12,9817
6499,益安,32,0,32,元大-東泰,2024-09-12,9817
4919,新唐,34,6,28,元大-東泰,2024-09-12,9817
3715,定穎投控,32,4,28,元大-東泰,2024-09-12,9817
0050,元大台灣50,33,5,28,元大-東泰,2024-09-12,9817
00921,兆豐龍頭等權重,25,0,25,元大-東泰,2024-09-12,9817
00941,中信上游半導體,23,0,23,元大-東泰,2024-09-12,9817
8027,鈦昇,24,2,22,元大-東泰,2024-09-12,9817
2867,三商壽,20,0,20,元大-東泰,2024-09-12,9817
5905,南仁湖,22,2,20,元大-東泰,2024-09-12,9817
2543,皇昌,20,1,19,元大-東泰,2024-09-12,9817
2897,王道銀行,18,0,18,元大-東泰,2024-09-12,9817
6269,台郡,19,1,18,元大-東泰,2024-09-12,9817
00712,復華富時不動產,17,0,17,元大-東泰,2024-09-12,9817
2887,台新金,17,0,17,元大-東泰,2024-09-12,9817
2313,華通,38,22,16,元大-東泰,2024-09-12,9817
2438,翔耀,15,0,15,元大-東泰,2024-09-12,9817
00633L,富邦上証正2,14,0,14,元大-東泰,2024-09-12,9817
00942B,台新美A公司債20+,12,0,12,元大-東泰,2024-09-12,9817
8096,擎亞,22,10,12,元大-東泰,2024-09-12,9817
4958,臻鼎-KY,12,1,11,元大-東泰,2024-09-12,9817
1709,和益,12,1,11,元大-東泰,2024-09-12,9817
00673R,期元大S＆P原油反1,11,0,11,元大-東泰,2024-09-12,9817
3164,景岳,11,0,11,元大-東泰,2024-09-12,9817
3498,陽程,23,12,11,元大-東泰,2024-09-12,9817
5347,世界,10,0,10,元大-東泰,2024-09-12,9817
2888,新光金,30,20,10,元大-東泰,2024-09-12,9817
00950B,凱基A級公司債,10,0,10,元大-東泰,2024-09-12,9817
3623,富晶通,10,0,10,元大-東泰,2024-09-12,9817
3707,漢磊,12,2,10,元大-東泰,2024-09-12,9817
1303,南亞,16,6,10,元大-東泰,2024-09-12,9817
2488,漢平,12,2,10,元大-東泰,2024-09-12,9817
3211,順達,10,0,10,元大-東泰,2024-09-12,9817
6180,橘子,10,0,10,元大-東泰,2024-09-12,9817
2834,臺企銀,10,0,10,元大-東泰,2024-09-12,9817
2486,一詮,12,2,10,元大-東泰,2024-09-12,9817
2461,光群雷,9,0,9,元大-東泰,2024-09-12,9817
00687B,國泰20年美債,259,39,220,元大-東泰,2024-09-13,9817
00948B,中信優息投資級債,158,0,158,元大-東泰,2024-09-13,9817
00919,群益台灣精選高息,95,6,89,元大-東泰,2024-09-13,9817
00929,復華台灣科技優息,85,3,82,元大-東泰,2024-09-13,9817
2891,中信金,82,15,67,元大-東泰,2024-09-13,9817
8071,能率網通,61,0,61,元大-東泰,2024-09-13,9817
00688L,國泰20年美債正2,46,5,41,元大-東泰,2024-09-13,9817
00673R,期元大S＆P原油反1,40,0,40,元大-東泰,2024-09-13,9817
00632R,元大台灣50反1,205,167,38,元大-東泰,2024-09-13,9817
00918,大華優利高填息30,35,0,35,元大-東泰,2024-09-13,9817
1528,恩德,30,1,29,元大-東泰,2024-09-13,9817
5347,世界,30,2,28,元大-東泰,2024-09-13,9817
4510,高鋒,41,13,28,元大-東泰,2024-09-13,9817
2883,凱基金,25,1,24,元大-東泰,2024-09-13,9817
00915,凱基優選高股息30,23,0,23,元大-東泰,2024-09-13,9817
4420,光明,22,0,22,元大-東泰,2024-09-13,9817
1540,喬福,68,47,21,元大-東泰,2024-09-13,9817
3481,群創,26,6,20,元大-東泰,2024-09-13,9817
3033,威健,20,2,18,元大-東泰,2024-09-13,9817
00940,元大台灣價值高息,64,47,17,元大-東泰,2024-09-13,9817
2882,國泰金,21,5,16,元大-東泰,2024-09-13,9817
8039,台虹,28,14,14,元大-東泰,2024-09-13,9817
00933B,國泰10Y+金融債,13,0,13,元大-東泰,2024-09-13,9817
00931B,統一美債20年,13,0,13,元大-東泰,2024-09-13,9817
6443,元晶,13,0,13,元大-東泰,2024-09-13,9817
8299,群聯,12,0,12,元大-東泰,2024-09-13,9817
3607,谷崧,12,0,12,元大-東泰,2024-09-13,9817
1303,南亞,31,19,12,元大-東泰,2024-09-13,9817
5905,南仁湖,21,10,11,元大-東泰,2024-09-13,9817
2892,第一金,11,0,11,元大-東泰,2024-09-13,9817
1310,台苯,10,0,10,元大-東泰,2024-09-13,9817
2444,兆勁,10,0,10,元大-東泰,2024-09-13,9817
8103,瀚荃,10,0,10,元大-東泰,2024-09-13,9817
2429,銘旺科,10,0,10,元大-東泰,2024-09-13,9817
00651R,復華香港反1,10,0,10,元大-東泰,2024-09-13,9817
2851,中再保,10,0,10,元大-東泰,2024-09-13,9817
1584,精剛,11,1,10,元大-東泰,2024-09-13,9817
00631L,元大台灣50正2,10,0,10,元大-東泰,2024-09-13,9817
2317,鴻海,26,16,10,元大-東泰,2024-09-13,9817
00857B,永豐20年美公債,9,0,9,元大-東泰,2024-09-13,9817
9934,成霖,9,0,9,元大-東泰,2024-09-13,9817
4909,新復興,24,15,9,元大-東泰,2024-09-13,9817
2488,漢平,10,1,9,元大-東泰,2024-09-13,9817
8011,台通,15,6,9,元大-東泰,2024-09-13,9817
00713,元大台灣高息低波,12,4,8,元大-東泰,2024-09-13,9817
6152,百一,8,0,8,元大-東泰,2024-09-13,9817
3073,天方能源,15,7,8,元大-東泰,2024-09-13,9817
1307,三芳,11,3,8,元大-東泰,2024-09-13,9817
00751B,元大AAA至A公司債,9,1,8,元大-東泰,2024-09-13,9817
2897,王道銀行,8,0,8,元大-東泰,2024-09-13,9817
00680L,元大美債20正2,2548,400,2148,元大-東泰,2024-09-16,9817
00687B,國泰20年美債,115,4,111,元大-東泰,2024-09-16,9817
00688L,國泰20年美債正2,115,18,97,元大-東泰,2024-09-16,9817
2349,錸德,254,162,92,元大-東泰,2024-09-16,9817
00918,大華優利高填息30,82,0,82,元大-東泰,2024-09-16,9817
00919,群益台灣精選高息,86,19,67,元大-東泰,2024-09-16,9817
2891,中信金,43,10,33,元大-東泰,2024-09-16,9817
00882,中信中國高股息,33,1,32,元大-東泰,2024-09-16,9817
00915,凱基優選高股息30,34,2,32,元大-東泰,2024-09-16,9817
00948B,中信優息投資級債,31,0,31,元大-東泰,2024-09-16,9817
1303,南亞,37,7,30,元大-東泰,2024-09-16,9817
00952,凱基台灣AI50,30,0,30,元大-東泰,2024-09-16,9817
4933,友輝,27,1,26,元大-東泰,2024-09-16,9817
00940,元大台灣價值高息,48,23,25,元大-東泰,2024-09-16,9817
00712,復華富時不動產,24,0,24,元大-東泰,2024-09-16,9817
3311,閎暉,23,0,23,元大-東泰,2024-09-16,9817
00795B,中信美國公債20年,21,0,21,元大-東泰,2024-09-16,9817
8033,雷虎,21,0,21,元大-東泰,2024-09-16,9817
00921,兆豐龍頭等權重,20,0,20,元大-東泰,2024-09-16,9817
00639,富邦深100,20,0,20,元大-東泰,2024-09-16,9817
00706L,期元大S＆P日圓正2,20,1,19,元大-東泰,2024-09-16,9817
2344,華邦電,36,18,18,元大-東泰,2024-09-16,9817
1326,台化,23,5,18,元大-東泰,2024-09-16,9817
8039,台虹,28,10,18,元大-東泰,2024-09-16,9817
2444,兆勁,18,0,18,元大-東泰,2024-09-16,9817
2888,新光金,23,6,17,元大-東泰,2024-09-16,9817
00933B,國泰10Y+金融債,17,0,17,元大-東泰,2024-09-16,9817
3231,緯創,24,7,17,元大-東泰,2024-09-16,9817
00857B,永豐20年美公債,14,0,14,元大-東泰,2024-09-16,9817
00720B,元大投資級公司債,15,1,14,元大-東泰,2024-09-16,9817
2812,台中銀,20,6,14,元大-東泰,2024-09-16,9817
6603,富強鑫,14,0,14,元大-東泰,2024-09-16,9817
4919,新唐,16,3,13,元大-東泰,2024-09-16,9817
1905,華紙,14,1,13,元大-東泰,2024-09-16,9817
8064,東捷,20,7,13,元大-東泰,2024-09-16,9817
1301,台塑,24,11,13,元大-東泰,2024-09-16,9817
4114,健喬,12,0,12,元大-東泰,2024-09-16,9817
00637L,元大滬深300正2,12,0,12,元大-東泰,2024-09-16,9817
6152,百一,17,5,12,元大-東泰,2024-09-16,9817
00708L,期元大S＆P黃金正2,13,1,12,元大-東泰,2024-09-16,9817
3062,建漢,170,158,12,元大-東泰,2024-09-16,9817
6274,台燿,16,5,11,元大-東泰,2024-09-16,9817
8374,羅昇,43,32,11,元大-東泰,2024-09-16,9817
2429,銘旺科,11,0,11,元大-東泰,2024-09-16,9817
6016,康和證,11,0,11,元大-東泰,2024-09-16,9817
3623,富晶通,11,0,11,元大-東泰,2024-09-16,9817
2881,富邦金,11,1,10,元大-東泰,2024-09-16,9817
9105,泰金寶-DR,10,0,10,元大-東泰,2024-09-16,9817
00931B,統一美債20年,10,0,10,元大-東泰,2024-09-16,9817
3164,景岳,10,0,10,元大-東泰,2024-09-16,9817
00929,復華台灣科技優息,284,7,277,元大-東泰,2024-09-18,9817
00918,大華優利高填息30,171,10,161,元大-東泰,2024-09-18,9817
00632R,元大台灣50反1,104,2,102,元大-東泰,2024-09-18,9817
2317,鴻海,104,9,95,元大-東泰,2024-09-18,9817
00919,群益台灣精選高息,86,5,81,元大-東泰,2024-09-18,9817
00937B,群益ESG投等債20,76,3,73,元大-東泰,2024-09-18,9817
00940,元大台灣價值高息,80,21,59,元大-東泰,2024-09-18,9817
00706L,期元大S＆P日圓正2,57,0,57,元大-東泰,2024-09-18,9817
00878,國泰永續高股息,56,0,56,元大-東泰,2024-09-18,9817
4919,新唐,52,1,51,元大-東泰,2024-09-18,9817
00915,凱基優選高股息30,51,2,49,元大-東泰,2024-09-18,9817
6443,元晶,44,1,43,元大-東泰,2024-09-18,9817
00930,永豐ESG低碳高息,42,0,42,元大-東泰,2024-09-18,9817
2324,仁寶,35,5,30,元大-東泰,2024-09-18,9817
2892,第一金,32,3,29,元大-東泰,2024-09-18,9817
1307,三芳,30,1,29,元大-東泰,2024-09-18,9817
2887,台新金,26,1,25,元大-東泰,2024-09-18,9817
3311,閎暉,25,0,25,元大-東泰,2024-09-18,9817
00639,富邦深100,24,0,24,元大-東泰,2024-09-18,9817
2313,華通,43,20,23,元大-東泰,2024-09-18,9817
00713,元大台灣高息低波,39,16,23,元大-東泰,2024-09-18,9817
2429,銘旺科,23,0,23,元大-東泰,2024-09-18,9817
8039,台虹,29,6,23,元大-東泰,2024-09-18,9817
2547,日勝生,23,0,23,元大-東泰,2024-09-18,9817
00712,復華富時不動產,85,62,23,元大-東泰,2024-09-18,9817
3059,華晶科,21,0,21,元大-東泰,2024-09-18,9817
00943,兆豐電子高息等權,20,0,20,元大-東泰,2024-09-18,9817
1709,和益,31,11,20,元大-東泰,2024-09-18,9817
1584,精剛,25,5,20,元大-東泰,2024-09-18,9817
1711,永光,146,127,19,元大-東泰,2024-09-18,9817
2888,新光金,286,267,19,元大-東泰,2024-09-18,9817
2303,聯電,19,1,18,元大-東泰,2024-09-18,9817
00946,群益科技高息成長,17,0,17,元大-東泰,2024-09-18,9817
6625,必應,17,0,17,元大-東泰,2024-09-18,9817
00679B,元大美債20年,47,31,16,元大-東泰,2024-09-18,9817
3062,建漢,50,34,16,元大-東泰,2024-09-18,9817
3607,谷崧,15,0,15,元大-東泰,2024-09-18,9817
00720B,元大投資級公司債,15,1,14,元大-東泰,2024-09-18,9817
00751B,元大AAA至A公司債,18,4,14,元大-東泰,2024-09-18,9817
3712,永崴投控,14,0,14,元大-東泰,2024-09-18,9817
5905,南仁湖,30,16,14,元大-東泰,2024-09-18,9817
5608,四維航,14,0,14,元大-東泰,2024-09-18,9817
3081,聯亞,12,0,12,元大-東泰,2024-09-18,9817
1727,中華化,43,31,12,元大-東泰,2024-09-18,9817
2444,兆勁,13,1,12,元大-東泰,2024-09-18,9817
2012,春雨,12,0,12,元大-東泰,2024-09-18,9817
6412,群電,12,0,12,元大-東泰,2024-09-18,9817
00921,兆豐龍頭等權重,11,0,11,元大-東泰,2024-09-18,9817
00857B,永豐20年美公債,11,0,11,元大-東泰,2024-09-18,9817
6108,競國,10,0,10,元大-東泰,2024-09-18,9817
00632R,元大台灣50反1,848,4,844,元大-東泰,2024-09-19,9817
00679B,元大美債20年,570,43,527,元大-東泰,2024-09-19,9817
00919,群益台灣精選高息,198,15,183,元大-東泰,2024-09-19,9817
00687B,國泰20年美債,151,36,115,元大-東泰,2024-09-19,9817
00676R,富邦臺灣加權反1,100,0,100,元大-東泰,2024-09-19,9817
00929,復華台灣科技優息,86,27,59,元大-東泰,2024-09-19,9817
00931B,統一美債20年,57,0,57,元大-東泰,2024-09-19,9817
1815,富喬,51,0,51,元大-東泰,2024-09-19,9817
3289,宜特,51,1,50,元大-東泰,2024-09-19,9817
2344,華邦電,51,9,42,元大-東泰,2024-09-19,9817
00918,大華優利高填息30,41,5,36,元大-東泰,2024-09-19,9817
1514,亞力,37,4,33,元大-東泰,2024-09-19,9817
00958B,永豐ESG銀行債15,33,0,33,元大-東泰,2024-09-19,9817
2104,國際中橡,34,5,29,元大-東泰,2024-09-19,9817
00915,凱基優選高股息30,31,2,29,元大-東泰,2024-09-19,9817
3049,精金,92,68,24,元大-東泰,2024-09-19,9817
3704,合勤控,24,1,23,元大-東泰,2024-09-19,9817
00706L,期元大S＆P日圓正2,22,0,22,元大-東泰,2024-09-19,9817
3481,群創,40,19,21,元大-東泰,2024-09-19,9817
00713,元大台灣高息低波,20,0,20,元大-東泰,2024-09-19,9817
3706,神達,21,1,20,元大-東泰,2024-09-19,9817
1727,中華化,28,10,18,元大-東泰,2024-09-19,9817
00857B,永豐20年美公債,17,0,17,元大-東泰,2024-09-19,9817
5876,上海商銀,17,0,17,元大-東泰,2024-09-19,9817
2002,中鋼,24,8,16,元大-東泰,2024-09-19,9817
1219,福壽,14,0,14,元大-東泰,2024-09-19,9817
8936,國統,13,0,13,元大-東泰,2024-09-19,9817
1309,台達化,19,6,13,元大-東泰,2024-09-19,9817
00738U,期元大道瓊白銀,12,0,12,元大-東泰,2024-09-19,9817
5314,世紀,12,0,12,元大-東泰,2024-09-19,9817
6288,聯嘉,32,20,12,元大-東泰,2024-09-19,9817
3013,晟銘電,53,42,11,元大-東泰,2024-09-19,9817
2477,美隆電,17,6,11,元大-東泰,2024-09-19,9817
1582,信錦,12,1,11,元大-東泰,2024-09-19,9817
9955,佳龍,13,2,11,元大-東泰,2024-09-19,9817
2543,皇昌,50,39,11,元大-東泰,2024-09-19,9817
2022,聚亨,16,5,11,元大-東泰,2024-09-19,9817
00930,永豐ESG低碳高息,10,0,10,元大-東泰,2024-09-19,9817
3711,日月光投控,49,39,10,元大-東泰,2024-09-19,9817
5483,中美晶,10,0,10,元大-東泰,2024-09-19,9817
3311,閎暉,10,0,10,元大-東泰,2024-09-19,9817
00651R,復華香港反1,10,0,10,元大-東泰,2024-09-19,9817
00945B,凱基美國非投等債,10,0,10,元大-東泰,2024-09-19,9817
8032,光菱,10,0,10,元大-東泰,2024-09-19,9817
00935,野村臺灣新科技50,10,1,9,元大-東泰,2024-09-19,9817
2449,京元電子,9,0,9,元大-東泰,2024-09-19,9817
3062,建漢,15,6,9,元大-東泰,2024-09-19,9817
00950B,凱基A級公司債,10,1,9,元大-東泰,2024-09-19,9817
2504,國產,9,0,9,元大-東泰,2024-09-19,9817
8070,長華*,20,11,9,元大-東泰,2024-09-19,9817
00937B,群益ESG投等債20,1025,104,921,元大-東泰,2024-09-20,9817
00632R,元大台灣50反1,1010,411,599,元大-東泰,2024-09-20,9817
00919,群益台灣精選高息,217,41,176,元大-東泰,2024-09-20,9817
00696B,富邦美債20年,100,0,100,元大-東泰,2024-09-20,9817
2867,三商壽,71,0,71,元大-東泰,2024-09-20,9817
00650L,復華香港正2,69,0,69,元大-東泰,2024-09-20,9817
00931B,統一美債20年,63,0,63,元大-東泰,2024-09-20,9817
2888,新光金,73,10,63,元大-東泰,2024-09-20,9817
5876,上海商銀,72,10,62,元大-東泰,2024-09-20,9817
2609,陽明,69,10,59,元大-東泰,2024-09-20,9817
1524,耿鼎,91,38,53,元大-東泰,2024-09-20,9817
2547,日勝生,70,24,46,元大-東泰,2024-09-20,9817
8074,鉅橡,47,2,45,元大-東泰,2024-09-20,9817
1309,台達化,35,2,33,元大-東泰,2024-09-20,9817
00958B,永豐ESG銀行債15,29,0,29,元大-東泰,2024-09-20,9817
2542,興富發,30,3,27,元大-東泰,2024-09-20,9817
1806,冠軍,25,0,25,元大-東泰,2024-09-20,9817
3390,旭軟,26,1,25,元大-東泰,2024-09-20,9817
2002,中鋼,37,13,24,元大-東泰,2024-09-20,9817
4526,東台,48,25,23,元大-東泰,2024-09-20,9817
1446,宏和,23,0,23,元大-東泰,2024-09-20,9817
2883,凱基金,62,41,21,元大-東泰,2024-09-20,9817
2845,遠東銀,20,0,20,元大-東泰,2024-09-20,9817
2104,國際中橡,20,0,20,元大-東泰,2024-09-20,9817
8071,能率網通,21,1,20,元大-東泰,2024-09-20,9817
3402,漢科,20,1,19,元大-東泰,2024-09-20,9817
00918,大華優利高填息30,18,0,18,元大-東泰,2024-09-20,9817
1316,上曜,19,1,18,元大-東泰,2024-09-20,9817
3164,景岳,18,0,18,元大-東泰,2024-09-20,9817
2401,凌陽,17,0,17,元大-東泰,2024-09-20,9817
00665L,富邦�琤肭磪囓�2,33,18,15,元大-東泰,2024-09-20,9817
3498,陽程,31,16,15,元大-東泰,2024-09-20,9817
1307,三芳,15,0,15,元大-東泰,2024-09-20,9817
00795B,中信美國公債20年,15,1,14,元大-東泰,2024-09-20,9817
2511,太子,13,0,13,元大-東泰,2024-09-20,9817
2344,華邦電,52,39,13,元大-東泰,2024-09-20,9817
5347,世界,16,3,13,元大-東泰,2024-09-20,9817
2425,承啟,28,15,13,元大-東泰,2024-09-20,9817
3211,順達,14,2,12,元大-東泰,2024-09-20,9817
00857B,永豐20年美公債,12,0,12,元大-東泰,2024-09-20,9817
2356,英業達,16,4,12,元大-東泰,2024-09-20,9817
00751B,元大AAA至A公司債,13,1,12,元大-東泰,2024-09-20,9817
3707,漢磊,13,1,12,元大-東泰,2024-09-20,9817
2610,華航,12,0,12,元大-東泰,2024-09-20,9817
8011,台通,13,1,12,元大-東泰,2024-09-20,9817
00915,凱基優選高股息30,30,19,11,元大-東泰,2024-09-20,9817
5512,力麒,27,16,11,元大-東泰,2024-09-20,9817
2022,聚亨,11,0,11,元大-東泰,2024-09-20,9817
3049,精金,12,1,11,元大-東泰,2024-09-20,9817
3673,TPK-KY,11,0,11,元大-東泰,2024-09-20,9817
00632R,元大台灣50反1,800,0,800,元大-東泰,2024-09-23,9817
00679B,元大美債20年,239,64,175,元大-東泰,2024-09-23,9817
2888,新光金,212,38,174,元大-東泰,2024-09-23,9817
00919,群益台灣精選高息,206,43,163,元大-東泰,2024-09-23,9817
00929,復華台灣科技優息,91,6,85,元大-東泰,2024-09-23,9817
00931B,統一美債20年,72,0,72,元大-東泰,2024-09-23,9817
1727,中華化,89,20,69,元大-東泰,2024-09-23,9817
6177,達麗,76,10,66,元大-東泰,2024-09-23,9817
00680L,元大美債20正2,78,12,66,元大-東泰,2024-09-23,9817
9105,泰金寶-DR,52,3,49,元大-東泰,2024-09-23,9817
2425,承啟,75,31,44,元大-東泰,2024-09-23,9817
0056,元大高股息,44,3,41,元大-東泰,2024-09-23,9817
00948B,中信優息投資級債,37,0,37,元大-東泰,2024-09-23,9817
00706L,期元大S＆P日圓正2,35,0,35,元大-東泰,2024-09-23,9817
3481,群創,93,61,32,元大-東泰,2024-09-23,9817
2889,國票金,32,0,32,元大-東泰,2024-09-23,9817
6114,久威,46,15,31,元大-東泰,2024-09-23,9817
2409,友達,31,1,30,元大-東泰,2024-09-23,9817
00923,群益台ESG低碳50,30,0,30,元大-東泰,2024-09-23,9817
1711,永光,50,21,29,元大-東泰,2024-09-23,9817
00712,復華富時不動產,48,19,29,元大-東泰,2024-09-23,9817
2464,盟立,44,16,28,元大-東泰,2024-09-23,9817
4707,磐亞,43,17,26,元大-東泰,2024-09-23,9817
2303,聯電,27,2,25,元大-東泰,2024-09-23,9817
00937B,群益ESG投等債20,37,13,24,元大-東泰,2024-09-23,9817
8074,鉅橡,24,0,24,元大-東泰,2024-09-23,9817
1309,台達化,24,2,22,元大-東泰,2024-09-23,9817
4157,太景*-KY,20,0,20,元大-東泰,2024-09-23,9817
3050,鈺德,20,0,20,元大-東泰,2024-09-23,9817
00934,中信成長高股息,24,5,19,元大-東泰,2024-09-23,9817
00930,永豐ESG低碳高息,21,2,19,元大-東泰,2024-09-23,9817
1721,三晃,120,103,17,元大-東泰,2024-09-23,9817
4772,台特化,17,0,17,元大-東泰,2024-09-23,9817
4526,東台,15,0,15,元大-東泰,2024-09-23,9817
5210,寶碩,15,0,15,元大-東泰,2024-09-23,9817
2929,淘帝-KY,15,0,15,元大-東泰,2024-09-23,9817
2104,國際中橡,15,0,15,元大-東泰,2024-09-23,9817
2399,映泰,53,39,14,元大-東泰,2024-09-23,9817
2388,威盛,18,4,14,元大-東泰,2024-09-23,9817
2867,三商壽,13,0,13,元大-東泰,2024-09-23,9817
5876,上海商銀,13,0,13,元大-東泰,2024-09-23,9817
2355,敬鵬,18,6,12,元大-東泰,2024-09-23,9817
2495,普安,13,2,11,元大-東泰,2024-09-23,9817
00688L,國泰20年美債正2,11,0,11,元大-東泰,2024-09-23,9817
1540,喬福,16,6,10,元大-東泰,2024-09-23,9817
1314,中石化,10,0,10,元大-東泰,2024-09-23,9817
2611,志信,10,0,10,元大-東泰,2024-09-23,9817
2101,南港,10,0,10,元大-東泰,2024-09-23,9817
1215,卜蜂,10,0,10,元大-東泰,2024-09-23,9817
3211,順達,15,5,10,元大-東泰,2024-09-23,9817
00632R,元大台灣50反1,1000,1,999,元大-東泰,2024-09-24,9817
00680L,元大美債20正2,758,82,676,元大-東泰,2024-09-24,9817
2344,華邦電,119,47,72,元大-東泰,2024-09-24,9817
3481,群創,104,41,63,元大-東泰,2024-09-24,9817
00931B,統一美債20年,52,2,50,元大-東泰,2024-09-24,9817
00940,元大台灣價值高息,132,84,48,元大-東泰,2024-09-24,9817
00687B,國泰20年美債,50,3,47,元大-東泰,2024-09-24,9817
2891,中信金,92,45,47,元大-東泰,2024-09-24,9817
1314,中石化,51,7,44,元大-東泰,2024-09-24,9817
0056,元大高股息,46,3,43,元大-東泰,2024-09-24,9817
00919,群益台灣精選高息,63,24,39,元大-東泰,2024-09-24,9817
00712,復華富時不動產,36,0,36,元大-東泰,2024-09-24,9817
00937B,群益ESG投等債20,36,0,36,元大-東泰,2024-09-24,9817
00929,復華台灣科技優息,50,19,31,元大-東泰,2024-09-24,9817
00918,大華優利高填息30,46,15,31,元大-東泰,2024-09-24,9817
2425,承啟,43,15,28,元大-東泰,2024-09-24,9817
5469,瀚宇博,31,4,27,元大-東泰,2024-09-24,9817
3715,定穎投控,125,101,24,元大-東泰,2024-09-24,9817
2349,錸德,74,51,23,元大-東泰,2024-09-24,9817
00738U,期元大道瓊白銀,22,0,22,元大-東泰,2024-09-24,9817
2867,三商壽,20,0,20,元大-東泰,2024-09-24,9817
00772B,中信高評級公司債,20,0,20,元大-東泰,2024-09-24,9817
1524,耿鼎,33,13,20,元大-東泰,2024-09-24,9817
00960,野村全球航運龍頭,42,22,20,元大-東泰,2024-09-24,9817
2426,鼎元,25,5,20,元大-東泰,2024-09-24,9817
2539,櫻花建,20,1,19,元大-東泰,2024-09-24,9817
00679B,元大美債20年,76,58,18,元大-東泰,2024-09-24,9817
6104,創惟,18,1,17,元大-東泰,2024-09-24,9817
3037,欣興,16,1,15,元大-東泰,2024-09-24,9817
6257,矽格,22,7,15,元大-東泰,2024-09-24,9817
3607,谷崧,15,0,15,元大-東泰,2024-09-24,9817
2337,旺宏,14,0,14,元大-東泰,2024-09-24,9817
1307,三芳,13,0,13,元大-東泰,2024-09-24,9817
5512,力麒,12,0,12,元大-東泰,2024-09-24,9817
2355,敬鵬,12,0,12,元大-東泰,2024-09-24,9817
6215,和椿,12,0,12,元大-東泰,2024-09-24,9817
3149,正達,26,14,12,元大-東泰,2024-09-24,9817
3605,宏致,12,1,11,元大-東泰,2024-09-24,9817
6177,達麗,11,0,11,元大-東泰,2024-09-24,9817
00795B,中信美國公債20年,11,0,11,元大-東泰,2024-09-24,9817
00651R,復華香港反1,11,0,11,元大-東泰,2024-09-24,9817
6191,精成科,11,0,11,元大-東泰,2024-09-24,9817
6213,聯茂,11,0,11,元大-東泰,2024-09-24,9817
2888,新光金,78,68,10,元大-東泰,2024-09-24,9817
1104,環泥,10,0,10,元大-東泰,2024-09-24,9817
2886,兆豐金,10,0,10,元大-東泰,2024-09-24,9817
2440,太空梭,10,0,10,元大-東泰,2024-09-24,9817
6488,環球晶,22,12,10,元大-東泰,2024-09-24,9817
00948B,中信優息投資級債,10,0,10,元大-東泰,2024-09-24,9817
6658,聯策,10,0,10,元大-東泰,2024-09-24,9817
00632R,元大台灣50反1,1562,189,1373,元大-東泰,2024-09-25,9817
5460,同協,472,3,469,元大-東泰,2024-09-25,9817
2888,新光金,446,56,390,元大-東泰,2024-09-25,9817
00680L,元大美債20正2,300,0,300,元大-東泰,2024-09-25,9817
00940,元大台灣價值高息,411,221,190,元大-東泰,2024-09-25,9817
00931B,統一美債20年,62,2,60,元大-東泰,2024-09-25,9817
2867,三商壽,49,0,49,元大-東泰,2024-09-25,9817
6177,達麗,48,0,48,元大-東泰,2024-09-25,9817
2883,凱基金,107,62,45,元大-東泰,2024-09-25,9817
2891,中信金,67,23,44,元大-東泰,2024-09-25,9817
00679B,元大美債20年,358,320,38,元大-東泰,2024-09-25,9817
00708L,期元大S＆P黃金正2,36,0,36,元大-東泰,2024-09-25,9817
00948B,中信優息投資級債,43,12,31,元大-東泰,2024-09-25,9817
3481,群創,82,54,28,元大-東泰,2024-09-25,9817
2605,新興,32,9,23,元大-東泰,2024-09-25,9817
2312,金寶,29,6,23,元大-東泰,2024-09-25,9817
00915,凱基優選高股息30,24,2,22,元大-東泰,2024-09-25,9817
4526,東台,23,2,21,元大-東泰,2024-09-25,9817
6153,嘉聯益,21,0,21,元大-東泰,2024-09-25,9817
3024,憶聲,20,0,20,元大-東泰,2024-09-25,9817
3550,聯穎,134,115,19,元大-東泰,2024-09-25,9817
2618,長榮航,32,15,17,元大-東泰,2024-09-25,9817
00919,群益台灣精選高息,87,70,17,元大-東泰,2024-09-25,9817
2615,萬海,241,227,14,元大-東泰,2024-09-25,9817
8086,宏捷科,15,1,14,元大-東泰,2024-09-25,9817
6233,旺玖,16,2,14,元大-東泰,2024-09-25,9817
2611,志信,14,0,14,元大-東泰,2024-09-25,9817
00958B,永豐ESG銀行債15,13,0,13,元大-東泰,2024-09-25,9817
1711,永光,23,10,13,元大-東泰,2024-09-25,9817
3704,合勤控,14,1,13,元大-東泰,2024-09-25,9817
5452,佶優,14,1,13,元大-東泰,2024-09-25,9817
3706,神達,20,7,13,元大-東泰,2024-09-25,9817
9958,世紀鋼,12,0,12,元大-東泰,2024-09-25,9817
2886,兆豐金,13,1,12,元大-東泰,2024-09-25,9817
3303,岱稜,12,0,12,元大-東泰,2024-09-25,9817
1101,台泥,325,313,12,元大-東泰,2024-09-25,9817
6117,迎廣,20,8,12,元大-東泰,2024-09-25,9817
00929,復華台灣科技優息,74,62,12,元大-東泰,2024-09-25,9817
1582,信錦,11,0,11,元大-東泰,2024-09-25,9817
2354,鴻準,11,0,11,元大-東泰,2024-09-25,9817
2399,映泰,28,18,10,元大-東泰,2024-09-25,9817
5904,寶雅,10,0,10,元大-東泰,2024-09-25,9817
2610,華航,12,2,10,元大-東泰,2024-09-25,9817
00947,台新臺灣IC設計,15,5,10,元大-東泰,2024-09-25,9817
2231,為升,10,0,10,元大-東泰,2024-09-25,9817
5328,華容,10,0,10,元大-東泰,2024-09-25,9817
2313,華通,16,6,10,元大-東泰,2024-09-25,9817
2365,昆盈,31,21,10,元大-東泰,2024-09-25,9817
8076,伍豐,16,6,10,元大-東泰,2024-09-25,9817
2440,太空梭,9,0,9,元大-東泰,2024-09-25,9817
00632R,元大台灣50反1,1329,201,1128,元大-東泰,2024-09-26,9817
00713,元大台灣高息低波,154,3,151,元大-東泰,2024-09-26,9817
00676R,富邦臺灣加權反1,102,0,102,元大-東泰,2024-09-26,9817
00679B,元大美債20年,94,20,74,元大-東泰,2024-09-26,9817
00650L,復華香港正2,50,0,50,元大-東泰,2024-09-26,9817
2888,新光金,58,11,47,元大-東泰,2024-09-26,9817
00937B,群益ESG投等債20,99,53,46,元大-東泰,2024-09-26,9817
00960,野村全球航運龍頭,46,1,45,元大-東泰,2024-09-26,9817
2356,英業達,42,1,41,元大-東泰,2024-09-26,9817
00931B,統一美債20年,51,11,40,元大-東泰,2024-09-26,9817
00724B,群益投資級金融債,40,0,40,元大-東泰,2024-09-26,9817
3481,群創,92,58,34,元大-東泰,2024-09-26,9817
3520,華盈,37,3,34,元大-東泰,2024-09-26,9817
3062,建漢,46,13,33,元大-東泰,2024-09-26,9817
3019,亞光,41,10,31,元大-東泰,2024-09-26,9817
00712,復華富時不動產,37,7,30,元大-東泰,2024-09-26,9817
2408,南亞科,49,19,30,元大-東泰,2024-09-26,9817
1540,喬福,40,11,29,元大-東泰,2024-09-26,9817
1316,上曜,26,0,26,元大-東泰,2024-09-26,9817
5483,中美晶,25,0,25,元大-東泰,2024-09-26,9817
3673,TPK-KY,56,32,24,元大-東泰,2024-09-26,9817
2367,燿華,30,7,23,元大-東泰,2024-09-26,9817
00915,凱基優選高股息30,22,1,21,元大-東泰,2024-09-26,9817
1808,潤隆,28,8,20,元大-東泰,2024-09-26,9817
4157,太景*-KY,20,0,20,元大-東泰,2024-09-26,9817
1309,台達化,25,5,20,元大-東泰,2024-09-26,9817
00888,永豐台灣ESG,20,0,20,元大-東泰,2024-09-26,9817
3707,漢磊,21,1,20,元大-東泰,2024-09-26,9817
00948B,中信優息投資級債,21,2,19,元大-東泰,2024-09-26,9817
4967,十銓,25,6,19,元大-東泰,2024-09-26,9817
00945B,凱基美國非投等債,20,2,18,元大-東泰,2024-09-26,9817
00885,富邦越南,21,4,17,元大-東泰,2024-09-26,9817
00847B,中信美國市政債,17,0,17,元大-東泰,2024-09-26,9817
2355,敬鵬,17,0,17,元大-東泰,2024-09-26,9817
3580,友威科,16,0,16,元大-東泰,2024-09-26,9817
3576,聯合再生,30,14,16,元大-東泰,2024-09-26,9817
2477,美隆電,16,0,16,元大-東泰,2024-09-26,9817
00706L,期元大S＆P日圓正2,15,0,15,元大-東泰,2024-09-26,9817
6196,帆宣,15,0,15,元大-東泰,2024-09-26,9817
6188,廣明,24,10,14,元大-東泰,2024-09-26,9817
00958B,永豐ESG銀行債15,14,0,14,元大-東泰,2024-09-26,9817
2436,偉詮電,27,13,14,元大-東泰,2024-09-26,9817
3548,兆利,17,3,14,元大-東泰,2024-09-26,9817
3321,同泰,13,0,13,元大-東泰,2024-09-26,9817
1584,精剛,16,3,13,元大-東泰,2024-09-26,9817
2316,楠梓電,12,0,12,元大-東泰,2024-09-26,9817
00708L,期元大S＆P黃金正2,12,0,12,元大-東泰,2024-09-26,9817
00897,富邦基因免疫生技,12,0,12,元大-東泰,2024-09-26,9817
4562,穎漢,66,54,12,元大-東泰,2024-09-26,9817
00795B,中信美國公債20年,11,0,11,元大-東泰,2024-09-26,9817
00632R,元大台灣50反1,1207,241,966,元大-東泰,2024-09-27,9817
00942B,台新美A公司債20+,324,0,324,元大-東泰,2024-09-27,9817
00753L,中信中國50正2,146,16,130,元大-東泰,2024-09-27,9817
00634R,富邦上証反1,100,0,100,元大-東泰,2024-09-27,9817
2032,新鋼,71,3,68,元大-東泰,2024-09-27,9817
2891,中信金,97,33,64,元大-東泰,2024-09-27,9817
2883,凱基金,206,149,57,元大-東泰,2024-09-27,9817
00931B,統一美債20年,56,0,56,元大-東泰,2024-09-27,9817
00960,野村全球航運龍頭,51,2,49,元大-東泰,2024-09-27,9817
00679B,元大美債20年,146,100,46,元大-東泰,2024-09-27,9817
00948B,中信優息投資級債,38,1,37,元大-東泰,2024-09-27,9817
5014,建錩,32,0,32,元大-東泰,2024-09-27,9817
00680L,元大美債20正2,40,12,28,元大-東泰,2024-09-27,9817
5880,合庫金,33,6,27,元大-東泰,2024-09-27,9817
00655L,國泰中國A50正2,25,0,25,元大-東泰,2024-09-27,9817
2356,英業達,29,5,24,元大-東泰,2024-09-27,9817
1326,台化,52,29,23,元大-東泰,2024-09-27,9817
1540,喬福,43,22,21,元大-東泰,2024-09-27,9817
3550,聯穎,24,3,21,元大-東泰,2024-09-27,9817
2388,威盛,28,7,21,元大-東泰,2024-09-27,9817
4979,華星光,65,45,20,元大-東泰,2024-09-27,9817
00652,富邦印度,20,0,20,元大-東泰,2024-09-27,9817
00751B,元大AAA至A公司債,18,0,18,元大-東泰,2024-09-27,9817
6116,彩晶,20,2,18,元大-東泰,2024-09-27,9817
6269,台郡,18,0,18,元大-東泰,2024-09-27,9817
8064,東捷,24,8,16,元大-東泰,2024-09-27,9817
00901,永豐智能車供應鏈,15,0,15,元大-東泰,2024-09-27,9817
9904,寶成,16,2,14,元大-東泰,2024-09-27,9817
00878,國泰永續高股息,46,32,14,元大-東泰,2024-09-27,9817
00713,元大台灣高息低波,25,12,13,元大-東泰,2024-09-27,9817
00958B,永豐ESG銀行債15,13,0,13,元大-東泰,2024-09-27,9817
4729,熒茂,28,15,13,元大-東泰,2024-09-27,9817
00932,兆豐永續高息等權,13,0,13,元大-東泰,2024-09-27,9817
00642U,期元大S＆P石油,13,0,13,元大-東泰,2024-09-27,9817
00905,FT臺灣Smart,18,5,13,元大-東泰,2024-09-27,9817
2543,皇昌,24,11,13,元大-東泰,2024-09-27,9817
2886,兆豐金,13,0,13,元大-東泰,2024-09-27,9817
2427,三商電,12,0,12,元大-東泰,2024-09-27,9817
2393,億光,12,0,12,元大-東泰,2024-09-27,9817
4714,永捷,13,1,12,元大-東泰,2024-09-27,9817
912000,晨訊科-DR,12,0,12,元大-東泰,2024-09-27,9817
2313,華通,22,11,11,元大-東泰,2024-09-27,9817
1563,巧新,11,0,11,元大-東泰,2024-09-27,9817
8092,建暐,11,0,11,元大-東泰,2024-09-27,9817
2486,一詮,14,3,11,元大-東泰,2024-09-27,9817
00847B,中信美國市政債,11,0,11,元大-東泰,2024-09-27,9817
3019,亞光,24,13,11,元大-東泰,2024-09-27,9817
3013,晟銘電,51,41,10,元大-東泰,2024-09-27,9817
9105,泰金寶-DR,10,0,10,元大-東泰,2024-09-27,9817
2062,橋椿,15,5,10,元大-東泰,2024-09-27,9817
00919,群益台灣精選高息,250,9,241,元大-東泰,2024-09-30,9817
00753L,中信中國50正2,157,3,154,元大-東泰,2024-09-30,9817
00929,復華台灣科技優息,157,20,137,元大-東泰,2024-09-30,9817
00932,兆豐永續高息等權,104,1,103,元大-東泰,2024-09-30,9817
00634R,富邦上証反1,100,0,100,元大-東泰,2024-09-30,9817
2609,陽明,105,26,79,元大-東泰,2024-09-30,9817
00679B,元大美債20年,95,20,75,元大-東泰,2024-09-30,9817
00632R,元大台灣50反1,122,55,67,元大-東泰,2024-09-30,9817
00878,國泰永續高股息,54,1,53,元大-東泰,2024-09-30,9817
00960,野村全球航運龍頭,59,6,53,元大-東泰,2024-09-30,9817
2489,瑞軒,71,19,52,元大-東泰,2024-09-30,9817
00795B,中信美國公債20年,47,0,47,元大-東泰,2024-09-30,9817
3041,揚智,46,0,46,元大-東泰,2024-09-30,9817
00680L,元大美債20正2,43,0,43,元大-東泰,2024-09-30,9817
00946,群益科技高息成長,38,0,38,元大-東泰,2024-09-30,9817
2030,彰源,40,5,35,元大-東泰,2024-09-30,9817
2303,聯電,33,0,33,元大-東泰,2024-09-30,9817
2330,台積電,38,7,31,元大-東泰,2024-09-30,9817
2615,萬海,84,54,30,元大-東泰,2024-09-30,9817
912000,晨訊科-DR,29,0,29,元大-東泰,2024-09-30,9817
00905,FT臺灣Smart,29,0,29,元大-東泰,2024-09-30,9817
00948B,中信優息投資級債,27,0,27,元大-東泰,2024-09-30,9817
00687B,國泰20年美債,48,21,27,元大-東泰,2024-09-30,9817
2313,華通,33,8,25,元大-東泰,2024-09-30,9817
00881,國泰台灣5G+,26,1,25,元大-東泰,2024-09-30,9817
2605,新興,53,30,23,元大-東泰,2024-09-30,9817
00934,中信成長高股息,25,2,23,元大-東泰,2024-09-30,9817
1314,中石化,30,7,23,元大-東泰,2024-09-30,9817
0056,元大高股息,25,3,22,元大-東泰,2024-09-30,9817
2349,錸德,25,3,22,元大-東泰,2024-09-30,9817
6548,長科*,22,1,21,元大-東泰,2024-09-30,9817
6928,攸泰科技,20,0,20,元大-東泰,2024-09-30,9817
2613,中櫃,20,0,20,元大-東泰,2024-09-30,9817
5871,中租-KY,37,19,18,元大-東泰,2024-09-30,9817
3035,智原,20,2,18,元大-東泰,2024-09-30,9817
2449,京元電子,71,54,17,元大-東泰,2024-09-30,9817
4919,新唐,29,13,16,元大-東泰,2024-09-30,9817
3711,日月光投控,17,2,15,元大-東泰,2024-09-30,9817
00706L,期元大S＆P日圓正2,22,7,15,元大-東泰,2024-09-30,9817
00927,群益半導體收益,14,0,14,元大-東泰,2024-09-30,9817
00713,元大台灣高息低波,23,9,14,元大-東泰,2024-09-30,9817
00640L,富邦日本正2,14,0,14,元大-東泰,2024-09-30,9817
3013,晟銘電,46,32,14,元大-東泰,2024-09-30,9817
2809,京城銀,15,1,14,元大-東泰,2024-09-30,9817
00720B,元大投資級公司債,22,8,14,元大-東泰,2024-09-30,9817
00891,中信關鍵半導體,13,0,13,元大-東泰,2024-09-30,9817
2880,華南金,13,0,13,元大-東泰,2024-09-30,9817
1584,精剛,17,4,13,元大-東泰,2024-09-30,9817
4977,眾達-KY,18,5,13,元大-東泰,2024-09-30,9817
8163,達方,13,0,13,元大-東泰,2024-09-30,9817
00929,復華台灣科技優息,520,59,461,元大-東泰,2024-10-01,9817
00637L,元大滬深300正2,223,39,184,元大-東泰,2024-10-01,9817
2883,凱基金,152,0,152,元大-東泰,2024-10-01,9817
0056,元大高股息,102,6,96,元大-東泰,2024-10-01,9817
3430,奇鈦科,123,29,94,元大-東泰,2024-10-01,9817
00753L,中信中國50正2,89,5,84,元大-東泰,2024-10-01,9817
00878,國泰永續高股息,63,0,63,元大-東泰,2024-10-01,9817
00937B,群益ESG投等債20,52,0,52,元大-東泰,2024-10-01,9817
2332,友訊,50,0,50,元大-東泰,2024-10-01,9817
2344,華邦電,74,36,38,元大-東泰,2024-10-01,9817
00919,群益台灣精選高息,55,21,34,元大-東泰,2024-10-01,9817
2881,富邦金,33,0,33,元大-東泰,2024-10-01,9817
2637,慧洋-KY,44,11,33,元大-東泰,2024-10-01,9817
3481,群創,65,32,33,元大-東泰,2024-10-01,9817
00706L,期元大S＆P日圓正2,33,1,32,元大-東泰,2024-10-01,9817
2929,淘帝-KY,43,14,29,元大-東泰,2024-10-01,9817
2312,金寶,29,1,28,元大-東泰,2024-10-01,9817
2867,三商壽,30,5,25,元大-東泰,2024-10-01,9817
6116,彩晶,24,0,24,元大-東泰,2024-10-01,9817
00680L,元大美債20正2,22,0,22,元大-東泰,2024-10-01,9817
00640L,富邦日本正2,23,2,21,元大-東泰,2024-10-01,9817
3047,訊舟,22,1,21,元大-東泰,2024-10-01,9817
3576,聯合再生,24,3,21,元大-東泰,2024-10-01,9817
1309,台達化,20,0,20,元大-東泰,2024-10-01,9817
3164,景岳,20,0,20,元大-東泰,2024-10-01,9817
1565,精華,20,0,20,元大-東泰,2024-10-01,9817
2880,華南金,20,0,20,元大-東泰,2024-10-01,9817
00713,元大台灣高息低波,29,10,19,元大-東泰,2024-10-01,9817
6143,振曜,23,4,19,元大-東泰,2024-10-01,9817
00946,群益科技高息成長,19,1,18,元大-東泰,2024-10-01,9817
2613,中櫃,77,59,18,元大-東泰,2024-10-01,9817
1711,永光,15,0,15,元大-東泰,2024-10-01,9817
1909,榮成,15,0,15,元大-東泰,2024-10-01,9817
3257,虹冠電,15,0,15,元大-東泰,2024-10-01,9817
4807,日成-KY,15,0,15,元大-東泰,2024-10-01,9817
6770,力積電,14,0,14,元大-東泰,2024-10-01,9817
2408,南亞科,15,1,14,元大-東泰,2024-10-01,9817
3374,精材,13,0,13,元大-東泰,2024-10-01,9817
2888,新光金,14,1,13,元大-東泰,2024-10-01,9817
4306,炎洲,13,0,13,元大-東泰,2024-10-01,9817
2243,宏旭-KY,23,11,12,元大-東泰,2024-10-01,9817
00922,國泰台灣領袖50,11,0,11,元大-東泰,2024-10-01,9817
6285,啟��,13,2,11,元大-東泰,2024-10-01,9817
3041,揚智,11,0,11,元大-東泰,2024-10-01,9817
2014,中鴻,37,26,11,元大-東泰,2024-10-01,9817
2363,矽統,28,17,11,元大-東泰,2024-10-01,9817
00687B,國泰20年美債,23,12,11,元大-東泰,2024-10-01,9817
8936,國統,10,0,10,元大-東泰,2024-10-01,9817
9934,成霖,10,0,10,元大-東泰,2024-10-01,9817
2605,新興,14,4,10,元大-東泰,2024-10-01,9817
00940,元大台灣價值高息,199,7,192,元大-東泰,2024-10-04,9817
00919,群益台灣精選高息,207,23,184,元大-東泰,2024-10-04,9817
00679B,元大美債20年,218,61,157,元大-東泰,2024-10-04,9817
2409,友達,113,11,102,元大-東泰,2024-10-04,9817
2892,第一金,101,3,98,元大-東泰,2024-10-04,9817
00878,國泰永續高股息,94,1,93,元大-東泰,2024-10-04,9817
00650L,復華香港正2,81,1,80,元大-東泰,2024-10-04,9817
2609,陽明,109,33,76,元大-東泰,2024-10-04,9817
00929,復華台灣科技優息,133,65,68,元大-東泰,2024-10-04,9817
2610,華航,81,14,67,元大-東泰,2024-10-04,9817
2618,長榮航,79,20,59,元大-東泰,2024-10-04,9817
0056,元大高股息,61,2,59,元大-東泰,2024-10-04,9817
5871,中租-KY,63,7,56,元大-東泰,2024-10-04,9817
2603,長榮,58,7,51,元大-東泰,2024-10-04,9817
2332,友訊,50,0,50,元大-東泰,2024-10-04,9817
2308,台達電,50,1,49,元大-東泰,2024-10-04,9817
00918,大華優利高填息30,47,0,47,元大-東泰,2024-10-04,9817
00960,野村全球航運龍頭,46,2,44,元大-東泰,2024-10-04,9817
00652,富邦印度,41,0,41,元大-東泰,2024-10-04,9817
2615,萬海,53,19,34,元大-東泰,2024-10-04,9817
2891,中信金,34,4,30,元大-東泰,2024-10-04,9817
00639,富邦深100,28,0,28,元大-東泰,2024-10-04,9817
6177,達麗,31,3,28,元大-東泰,2024-10-04,9817
2030,彰源,27,0,27,元大-東泰,2024-10-04,9817
2489,瑞軒,26,0,26,元大-東泰,2024-10-04,9817
2867,三商壽,25,0,25,元大-東泰,2024-10-04,9817
00715L,期街口布蘭特正2,41,16,25,元大-東泰,2024-10-04,9817
1326,台化,27,2,25,元大-東泰,2024-10-04,9817
00915,凱基優選高股息30,24,0,24,元大-東泰,2024-10-04,9817
2543,皇昌,47,23,24,元大-東泰,2024-10-04,9817
5905,南仁湖,27,5,22,元大-東泰,2024-10-04,9817
00633L,富邦上証正2,28,8,20,元大-東泰,2024-10-04,9817
00712,復華富時不動產,21,2,19,元大-東泰,2024-10-04,9817
00753L,中信中國50正2,43,24,19,元大-東泰,2024-10-04,9817
00687B,國泰20年美債,19,0,19,元大-東泰,2024-10-04,9817
00713,元大台灣高息低波,18,0,18,元大-東泰,2024-10-04,9817
2382,廣達,24,6,18,元大-東泰,2024-10-04,9817
5483,中美晶,18,0,18,元大-東泰,2024-10-04,9817
4960,誠美材,17,0,17,元大-東泰,2024-10-04,9817
9955,佳龍,25,10,15,元大-東泰,2024-10-04,9817
9934,成霖,15,0,15,元大-東泰,2024-10-04,9817
00922,國泰台灣領袖50,14,0,14,元大-東泰,2024-10-04,9817
8249,菱光,22,8,14,元大-東泰,2024-10-04,9817
8070,長華*,16,2,14,元大-東泰,2024-10-04,9817
2880,華南金,14,0,14,元大-東泰,2024-10-04,9817
2324,仁寶,14,0,14,元大-東泰,2024-10-04,9817
4915,致伸,14,1,13,元大-東泰,2024-10-04,9817
2349,錸德,17,5,12,元大-東泰,2024-10-04,9817
2845,遠東銀,12,0,12,元大-東泰,2024-10-04,9817
1609,大亞,20,8,12,元大-東泰,2024-10-04,9817
00632R,元大台灣50反1,1010,0,1010,元大-東泰,2024-10-07,9817
00637L,元大滬深300正2,247,25,222,元大-東泰,2024-10-07,9817
00887,永豐中國科技50大,255,113,142,元大-東泰,2024-10-07,9817
00665L,富邦�琤肭磪囓�2,93,4,89,元大-東泰,2024-10-07,9817
00753L,中信中國50正2,85,9,76,元大-東泰,2024-10-07,9817
00919,群益台灣精選高息,74,2,72,元大-東泰,2024-10-07,9817
00931B,統一美債20年,71,0,71,元大-東泰,2024-10-07,9817
00929,復華台灣科技優息,66,27,39,元大-東泰,2024-10-07,9817
00652,富邦印度,37,0,37,元大-東泰,2024-10-07,9817
00679B,元大美債20年,72,39,33,元大-東泰,2024-10-07,9817
2615,萬海,44,13,31,元大-東泰,2024-10-07,9817
00953B,群益優選非投等債,30,0,30,元大-東泰,2024-10-07,9817
3481,群創,52,23,29,元大-東泰,2024-10-07,9817
2609,陽明,56,30,26,元大-東泰,2024-10-07,9817
00922,國泰台灣領袖50,28,3,25,元大-東泰,2024-10-07,9817
5347,世界,21,1,20,元大-東泰,2024-10-07,9817
2603,長榮,28,9,19,元大-東泰,2024-10-07,9817
5871,中租-KY,18,1,17,元大-東泰,2024-10-07,9817
8039,台虹,22,5,17,元大-東泰,2024-10-07,9817
3605,宏致,16,0,16,元大-東泰,2024-10-07,9817
5907,大洋-KY,34,19,15,元大-東泰,2024-10-07,9817
3591,艾笛森,18,3,15,元大-東泰,2024-10-07,9817
2464,盟立,18,3,15,元大-東泰,2024-10-07,9817
1733,五鼎,15,0,15,元大-東泰,2024-10-07,9817
2337,旺宏,16,2,14,元大-東泰,2024-10-07,9817
5905,南仁湖,15,1,14,元大-東泰,2024-10-07,9817
2356,英業達,22,8,14,元大-東泰,2024-10-07,9817
1815,富喬,34,20,14,元大-東泰,2024-10-07,9817
2303,聯電,14,1,13,元大-東泰,2024-10-07,9817
3265,台星科,15,2,13,元大-東泰,2024-10-07,9817
6143,振曜,13,0,13,元大-東泰,2024-10-07,9817
2313,華通,18,6,12,元大-東泰,2024-10-07,9817
3062,建漢,16,4,12,元大-東泰,2024-10-07,9817
4510,高鋒,12,0,12,元大-東泰,2024-10-07,9817
8249,菱光,37,26,11,元大-東泰,2024-10-07,9817
00935,野村臺灣新科技50,11,0,11,元大-東泰,2024-10-07,9817
3374,精材,12,2,10,元大-東泰,2024-10-07,9817
00878,國泰永續高股息,18,8,10,元大-東泰,2024-10-07,9817
2929,淘帝-KY,34,24,10,元大-東泰,2024-10-07,9817
00639,富邦深100,10,0,10,元大-東泰,2024-10-07,9817
3593,力銘,10,0,10,元大-東泰,2024-10-07,9817
2867,三商壽,11,1,10,元大-東泰,2024-10-07,9817
1309,台達化,12,2,10,元大-東泰,2024-10-07,9817
8044,網家,10,0,10,元大-東泰,2024-10-07,9817
8916,光隆,10,0,10,元大-東泰,2024-10-07,9817
8032,光菱,10,0,10,元大-東泰,2024-10-07,9817
2611,志信,10,0,10,元大-東泰,2024-10-07,9817
00633L,富邦上証正2,9,0,9,元大-東泰,2024-10-07,9817
00631L,元大台灣50正2,10,1,9,元大-東泰,2024-10-07,9817
3303,岱稜,9,0,9,元大-東泰,2024-10-07,9817
00632R,元大台灣50反1,319,17,302,元大-東泰,2024-10-08,9817
00945B,凱基美國非投等債,300,0,300,元大-東泰,2024-10-08,9817
2601,益航,331,50,281,元大-東泰,2024-10-08,9817
00753L,中信中國50正2,305,83,222,元大-東泰,2024-10-08,9817
00637L,元大滬深300正2,314,133,181,元大-東泰,2024-10-08,9817
00720B,元大投資級公司債,91,0,91,元大-東泰,2024-10-08,9817
2883,凱基金,131,43,88,元大-東泰,2024-10-08,9817
00679B,元大美債20年,122,40,82,元大-東泰,2024-10-08,9817
00929,復華台灣科技優息,81,1,80,元大-東泰,2024-10-08,9817
00878,國泰永續高股息,88,10,78,元大-東泰,2024-10-08,9817
00940,元大台灣價值高息,127,50,77,元大-東泰,2024-10-08,9817
0056,元大高股息,60,1,59,元大-東泰,2024-10-08,9817
2399,映泰,230,179,51,元大-東泰,2024-10-08,9817
2887,台新金,49,0,49,元大-東泰,2024-10-08,9817
00652,富邦印度,43,0,43,元大-東泰,2024-10-08,9817
00931B,統一美債20年,51,14,37,元大-東泰,2024-10-08,9817
3481,群創,56,22,34,元大-東泰,2024-10-08,9817
3049,精金,48,20,28,元大-東泰,2024-10-08,9817
2425,承啟,48,21,27,元大-東泰,2024-10-08,9817
00933B,國泰10Y+金融債,26,0,26,元大-東泰,2024-10-08,9817
5876,上海商銀,40,15,25,元大-東泰,2024-10-08,9817
2317,鴻海,45,20,25,元大-東泰,2024-10-08,9817
00713,元大台灣高息低波,23,0,23,元大-東泰,2024-10-08,9817
00725B,國泰投資級公司債,23,0,23,元大-東泰,2024-10-08,9817
6143,振曜,23,0,23,元大-東泰,2024-10-08,9817
00687B,國泰20年美債,42,19,23,元大-東泰,2024-10-08,9817
3576,聯合再生,38,16,22,元大-東泰,2024-10-08,9817
5386,青雲,23,1,22,元大-東泰,2024-10-08,9817
3704,合勤控,21,0,21,元大-東泰,2024-10-08,9817
6770,力積電,26,5,21,元大-東泰,2024-10-08,9817
9105,泰金寶-DR,31,11,20,元大-東泰,2024-10-08,9817
2888,新光金,33,13,20,元大-東泰,2024-10-08,9817
00712,復華富時不動產,22,2,20,元大-東泰,2024-10-08,9817
2615,萬海,29,9,20,元大-東泰,2024-10-08,9817
2897,王道銀行,20,0,20,元大-東泰,2024-10-08,9817
2409,友達,45,27,18,元大-東泰,2024-10-08,9817
3033,威健,20,2,18,元大-東泰,2024-10-08,9817
00650L,復華香港正2,75,57,18,元大-東泰,2024-10-08,9817
1582,信錦,17,0,17,元大-東泰,2024-10-08,9817
2426,鼎元,219,202,17,元大-東泰,2024-10-08,9817
5871,中租-KY,18,3,15,元大-東泰,2024-10-08,9817
2108,南帝,15,0,15,元大-東泰,2024-10-08,9817
00847B,中信美國市政債,14,0,14,元大-東泰,2024-10-08,9817
6235,華孚,21,8,13,元大-東泰,2024-10-08,9817
3149,正達,40,27,13,元大-東泰,2024-10-08,9817
2537,聯上發,13,0,13,元大-東泰,2024-10-08,9817
2612,中航,13,0,13,元大-東泰,2024-10-08,9817
00922,國泰台灣領袖50,16,3,13,元大-東泰,2024-10-08,9817
1806,冠軍,12,0,12,元大-東泰,2024-10-08,9817
8039,台虹,15,3,12,元大-東泰,2024-10-08,9817
00632R,元大台灣50反1,510,22,488,元大-東泰,2024-10-09,9817
00753L,中信中國50正2,264,46,218,元大-東泰,2024-10-09,9817
1301,台塑,126,5,121,元大-東泰,2024-10-09,9817
6505,台塑化,101,1,100,元大-東泰,2024-10-09,9817
00680L,元大美債20正2,115,15,100,元大-東泰,2024-10-09,9817
00887,永豐中國科技50大,281,186,95,元大-東泰,2024-10-09,9817
00679B,元大美債20年,91,0,91,元大-東泰,2024-10-09,9817
00725B,國泰投資級公司債,83,0,83,元大-東泰,2024-10-09,9817
00960,野村全球航運龍頭,84,5,79,元大-東泰,2024-10-09,9817
2425,承啟,103,41,62,元大-東泰,2024-10-09,9817
1314,中石化,111,56,55,元大-東泰,2024-10-09,9817
3049,精金,74,20,54,元大-東泰,2024-10-09,9817
00946,群益科技高息成長,46,2,44,元大-東泰,2024-10-09,9817
2609,陽明,74,33,41,元大-東泰,2024-10-09,9817
00673R,期元大S＆P原油反1,40,0,40,元大-東泰,2024-10-09,9817
2332,友訊,40,0,40,元大-東泰,2024-10-09,9817
3481,群創,62,22,40,元大-東泰,2024-10-09,9817
2313,華通,55,17,38,元大-東泰,2024-10-09,9817
00665L,富邦�琤肭磪囓�2,42,9,33,元大-東泰,2024-10-09,9817
2615,萬海,45,12,33,元大-東泰,2024-10-09,9817
2891,中信金,36,7,29,元大-東泰,2024-10-09,9817
2888,新光金,50,22,28,元大-東泰,2024-10-09,9817
1101,台泥,39,12,27,元大-東泰,2024-10-09,9817
00687B,國泰20年美債,43,16,27,元大-東泰,2024-10-09,9817
9105,泰金寶-DR,27,0,27,元大-東泰,2024-10-09,9817
2399,映泰,71,46,25,元大-東泰,2024-10-09,9817
6152,百一,24,0,24,元大-東泰,2024-10-09,9817
2606,裕民,24,0,24,元大-東泰,2024-10-09,9817
00712,復華富時不動產,27,3,24,元大-東泰,2024-10-09,9817
4919,新唐,25,3,22,元大-東泰,2024-10-09,9817
2303,聯電,23,2,21,元大-東泰,2024-10-09,9817
1605,華新,28,7,21,元大-東泰,2024-10-09,9817
2344,華邦電,26,6,20,元大-東泰,2024-10-09,9817
2323,中環,22,2,20,元大-東泰,2024-10-09,9817
2867,三商壽,20,0,20,元大-東泰,2024-10-09,9817
9934,成霖,20,0,20,元大-東泰,2024-10-09,9817
5871,中租-KY,19,1,18,元大-東泰,2024-10-09,9817
2477,美隆電,21,3,18,元大-東泰,2024-10-09,9817
1309,台達化,24,6,18,元大-東泰,2024-10-09,9817
2637,慧洋-KY,20,2,18,元大-東泰,2024-10-09,9817
1718,中纖,17,0,17,元大-東泰,2024-10-09,9817
00633L,富邦上証正2,49,32,17,元大-東泰,2024-10-09,9817
00635U,期元大S＆P黃金,17,0,17,元大-東泰,2024-10-09,9817
00919,群益台灣精選高息,27,10,17,元大-東泰,2024-10-09,9817
2603,長榮,20,4,16,元大-東泰,2024-10-09,9817
2498,宏達電,23,7,16,元大-東泰,2024-10-09,9817
00915,凱基優選高股息30,16,0,16,元大-東泰,2024-10-09,9817
00922,國泰台灣領袖50,43,27,16,元大-東泰,2024-10-09,9817
8028,昇陽半導體,24,9,15,元大-東泰,2024-10-09,9817
3048,益登,29,14,15,元大-東泰,2024-10-09,9817
00632R,元大台灣50反1,1333,33,1300,元大-東泰,2024-10-11,9817
2449,京元電子,324,91,233,元大-東泰,2024-10-11,9817
00937B,群益ESG投等債20,247,28,219,元大-東泰,2024-10-11,9817
00679B,元大美債20年,229,11,218,元大-東泰,2024-10-11,9817
00637L,元大滬深300正2,171,20,151,元大-東泰,2024-10-11,9817
00753L,中信中國50正2,149,3,146,元大-東泰,2024-10-11,9817
00676R,富邦臺灣加權反1,101,0,101,元大-東泰,2024-10-11,9817
2892,第一金,101,1,100,元大-東泰,2024-10-11,9817
00931B,統一美債20年,95,0,95,元大-東泰,2024-10-11,9817
4306,炎洲,73,0,73,元大-東泰,2024-10-11,9817
2897,王道銀行,70,0,70,元大-東泰,2024-10-11,9817
2888,新光金,100,36,64,元大-東泰,2024-10-11,9817
00665L,富邦�琤肭磪囓�2,61,0,61,元大-東泰,2024-10-11,9817
5905,南仁湖,51,0,51,元大-東泰,2024-10-11,9817
2489,瑞軒,56,7,49,元大-東泰,2024-10-11,9817
3481,群創,52,4,48,元大-東泰,2024-10-11,9817
00633L,富邦上証正2,96,49,47,元大-東泰,2024-10-11,9817
00946,群益科技高息成長,46,1,45,元大-東泰,2024-10-11,9817
0056,元大高股息,53,11,42,元大-東泰,2024-10-11,9817
5324,士開,40,0,40,元大-東泰,2024-10-11,9817
00650L,復華香港正2,36,0,36,元大-東泰,2024-10-11,9817
1721,三晃,44,10,34,元大-東泰,2024-10-11,9817
00687B,國泰20年美債,45,12,33,元大-東泰,2024-10-11,9817
2881,富邦金,31,0,31,元大-東泰,2024-10-11,9817
1584,精剛,34,7,27,元大-東泰,2024-10-11,9817
00878,國泰永續高股息,30,5,25,元大-東泰,2024-10-11,9817
2867,三商壽,30,5,25,元大-東泰,2024-10-11,9817
00882,中信中國高股息,27,2,25,元大-東泰,2024-10-11,9817
2002,中鋼,27,3,24,元大-東泰,2024-10-11,9817
2887,台新金,26,2,24,元大-東泰,2024-10-11,9817
2030,彰源,23,0,23,元大-東泰,2024-10-11,9817
2356,英業達,29,7,22,元大-東泰,2024-10-11,9817
3038,全台,22,0,22,元大-東泰,2024-10-11,9817
00907,永豐優息存股,22,0,22,元大-東泰,2024-10-11,9817
4903,聯光通,81,59,22,元大-東泰,2024-10-11,9817
2886,兆豐金,21,0,21,元大-東泰,2024-10-11,9817
2349,錸德,22,2,20,元大-東泰,2024-10-11,9817
8932,智通*,20,0,20,元大-東泰,2024-10-11,9817
2834,臺企銀,18,0,18,元大-東泰,2024-10-11,9817
2012,春雨,19,1,18,元大-東泰,2024-10-11,9817
2303,聯電,23,5,18,元大-東泰,2024-10-11,9817
2402,毅嘉,18,1,17,元大-東泰,2024-10-11,9817
1605,華新,17,0,17,元大-東泰,2024-10-11,9817
3164,景岳,17,0,17,元大-東泰,2024-10-11,9817
1309,台達化,16,0,16,元大-東泰,2024-10-11,9817
00795B,中信美國公債20年,34,18,16,元大-東泰,2024-10-11,9817
1527,鑽全,15,0,15,元大-東泰,2024-10-11,9817
1815,富喬,15,0,15,元大-東泰,2024-10-11,9817
00720B,元大投資級公司債,19,5,14,元大-東泰,2024-10-11,9817
00680L,元大美債20正2,25,12,13,元大-東泰,2024-10-11,9817
00679B,元大美債20年,309,10,299,元大-東泰,2024-10-14,9817
2883,凱基金,166,1,165,元大-東泰,2024-10-14,9817
00887,永豐中國科技50大,223,110,113,元大-東泰,2024-10-14,9817
00753L,中信中國50正2,111,6,105,元大-東泰,2024-10-14,9817
3019,亞光,106,3,103,元大-東泰,2024-10-14,9817
9105,泰金寶-DR,133,37,96,元大-東泰,2024-10-14,9817
00948B,中信優息投資級債,81,0,81,元大-東泰,2024-10-14,9817
00937B,群益ESG投等債20,88,21,67,元大-東泰,2024-10-14,9817
00795B,中信美國公債20年,65,5,60,元大-東泰,2024-10-14,9817
00940,元大台灣價值高息,58,8,50,元大-東泰,2024-10-14,9817
8927,北基,42,0,42,元大-東泰,2024-10-14,9817
00922,國泰台灣領袖50,47,6,41,元大-東泰,2024-10-14,9817
2312,金寶,83,44,39,元大-東泰,2024-10-14,9817
9934,成霖,35,0,35,元大-東泰,2024-10-14,9817
00943,兆豐電子高息等權,30,0,30,元大-東泰,2024-10-14,9817
8033,雷虎,31,2,29,元大-東泰,2024-10-14,9817
2887,台新金,66,40,26,元大-東泰,2024-10-14,9817
1326,台化,26,0,26,元大-東泰,2024-10-14,9817
00919,群益台灣精選高息,28,4,24,元大-東泰,2024-10-14,9817
2393,億光,22,0,22,元大-東泰,2024-10-14,9817
2867,三商壽,21,1,20,元大-東泰,2024-10-14,9817
2426,鼎元,32,12,20,元大-東泰,2024-10-14,9817
2337,旺宏,18,0,18,元大-東泰,2024-10-14,9817
2537,聯上發,23,5,18,元大-東泰,2024-10-14,9817
00687B,國泰20年美債,55,38,17,元大-東泰,2024-10-14,9817
00918,大華優利高填息30,16,0,16,元大-東泰,2024-10-14,9817
00720B,元大投資級公司債,16,0,16,元大-東泰,2024-10-14,9817
6156,松上,52,37,15,元大-東泰,2024-10-14,9817
2363,矽統,23,9,14,元大-東泰,2024-10-14,9817
2356,英業達,25,10,15,元大-東泰,2024-10-14,9817
3481,群創,32,20,12,元大-東泰,2024-10-14,9817
2543,皇昌,26,14,12,元大-東泰,2024-10-14,9817
2601,益航,12,0,12,元大-東泰,2024-10-14,9817
00713,元大台灣高息低波,17,5,12,元大-東泰,2024-10-14,9817
00946,群益科技高息成長,11,0,11,元大-東泰,2024-10-14,9817
00942B,台新美A公司債20+,11,0,11,元大-東泰,2024-10-14,9817
6191,精成科,20,9,11,元大-東泰,2024-10-14,9817
00847B,中信美國市政債,10,0,10,元大-東泰,2024-10-14,9817
2419,仲琦,10,0,10,元大-東泰,2024-10-14,9817
2332,友訊,10,0,10,元大-東泰,2024-10-14,9817
2002,中鋼,9,0,9,元大-東泰,2024-10-14,9817
2603,長榮,10,1,9,元大-東泰,2024-10-14,9817
2349,錸德,10,1,9,元大-東泰,2024-10-14,9817
3231,緯創,20,11,9,元大-東泰,2024-10-14,9817
1565,精華,9,0,9,元大-東泰,2024-10-14,9817
00960,野村全球航運龍頭,8,0,8,元大-東泰,2024-10-14,9817
2615,萬海,16,8,8,元大-東泰,2024-10-14,9817
8039,台虹,13,5,8,元大-東泰,2024-10-14,9817
1616,億泰,10,2,8,元大-東泰,2024-10-14,9817
2845,遠東銀,8,0,8,元大-東泰,2024-10-14,9817
00632R,元大台灣50反1,626,0,626,元大-東泰,2024-10-15,9817
00680L,元大美債20正2,156,2,154,元大-東泰,2024-10-15,9817
00687B,國泰20年美債,90,4,86,元大-東泰,2024-10-15,9817
00887,永豐中國科技50大,65,1,64,元大-東泰,2024-10-15,9817
00642U,期元大S＆P石油,56,2,54,元大-東泰,2024-10-15,9817
00960,野村全球航運龍頭,53,0,53,元大-東泰,2024-10-15,9817
1449,佳和,50,0,50,元大-東泰,2024-10-15,9817
00948B,中信優息投資級債,50,2,48,元大-東泰,2024-10-15,9817
5483,中美晶,46,0,46,元大-東泰,2024-10-15,9817
00882,中信中國高股息,51,7,44,元大-東泰,2024-10-15,9817
2881,富邦金,139,95,44,元大-東泰,2024-10-15,9817
3013,晟銘電,63,22,41,元大-東泰,2024-10-15,9817
2399,映泰,89,51,38,元大-東泰,2024-10-15,9817
00932,兆豐永續高息等權,33,0,33,元大-東泰,2024-10-15,9817
3149,正達,166,134,32,元大-東泰,2024-10-15,9817
00633L,富邦上証正2,41,10,31,元大-東泰,2024-10-15,9817
1301,台塑,32,2,30,元大-東泰,2024-10-15,9817
00919,群益台灣精選高息,35,5,30,元大-東泰,2024-10-15,9817
00937B,群益ESG投等債20,37,9,28,元大-東泰,2024-10-15,9817
00943,兆豐電子高息等權,22,0,22,元大-東泰,2024-10-15,9817
2615,萬海,27,5,22,元大-東泰,2024-10-15,9817
2867,三商壽,21,0,21,元大-東泰,2024-10-15,9817
1308,亞聚,17,0,17,元大-東泰,2024-10-15,9817
00715L,期街口布蘭特正2,19,2,17,元大-東泰,2024-10-15,9817
3231,緯創,47,31,16,元大-東泰,2024-10-15,9817
2460,建通,15,0,15,元大-東泰,2024-10-15,9817
00637L,元大滬深300正2,14,0,14,元大-東泰,2024-10-15,9817
1616,億泰,20,6,14,元大-東泰,2024-10-15,9817
2313,華通,24,11,13,元大-東泰,2024-10-15,9817
1714,和桐,13,0,13,元大-東泰,2024-10-15,9817
00712,復華富時不動產,12,0,12,元大-東泰,2024-10-15,9817
2888,新光金,27,15,12,元大-東泰,2024-10-15,9817
2537,聯上發,12,0,12,元大-東泰,2024-10-15,9817
6177,達麗,13,1,12,元大-東泰,2024-10-15,9817
2027,大成鋼,11,0,11,元大-東泰,2024-10-15,9817
00933B,國泰10Y+金融債,21,10,11,元大-東泰,2024-10-15,9817
3289,宜特,12,2,10,元大-東泰,2024-10-15,9817
3576,聯合再生,10,0,10,元大-東泰,2024-10-15,9817
00720B,元大投資級公司債,10,0,10,元大-東泰,2024-10-15,9817
8085,福華,10,0,10,元大-東泰,2024-10-15,9817
9917,中保科,10,0,10,元大-東泰,2024-10-15,9817
8103,瀚荃,10,0,10,元大-東泰,2024-10-15,9817
2101,南港,10,0,10,元大-東泰,2024-10-15,9817
8011,台通,11,1,10,元大-東泰,2024-10-15,9817
3591,艾笛森,19,9,10,元大-東泰,2024-10-15,9817
5452,佶優,30,20,10,元大-東泰,2024-10-15,9817
00946,群益科技高息成長,27,18,9,元大-東泰,2024-10-15,9817
3498,陽程,29,20,9,元大-東泰,2024-10-15,9817
2368,金像電,10,1,9,元大-東泰,2024-10-15,9817
8054,安國,11,2,9,元大-東泰,2024-10-15,9817
00753L,中信中國50正2,328,14,314,元大-東泰,2024-10-16,9817
00931B,統一美債20年,301,0,301,元大-東泰,2024-10-16,9817
0056,元大高股息,182,26,156,元大-東泰,2024-10-16,9817
00887,永豐中國科技50大,134,1,133,元大-東泰,2024-10-16,9817
3231,緯創,116,13,103,元大-東泰,2024-10-16,9817
00637L,元大滬深300正2,100,10,90,元大-東泰,2024-10-16,9817
00922,國泰台灣領袖50,106,20,86,元大-東泰,2024-10-16,9817
4991,環宇-KY,71,8,63,元大-東泰,2024-10-16,9817
2615,萬海,100,41,59,元大-東泰,2024-10-16,9817
2883,凱基金,354,296,58,元大-東泰,2024-10-16,9817
2002,中鋼,56,1,55,元大-東泰,2024-10-16,9817
4533,協易機,50,1,49,元大-東泰,2024-10-16,9817
00878,國泰永續高股息,48,6,42,元大-東泰,2024-10-16,9817
2881,富邦金,35,0,35,元大-東泰,2024-10-16,9817
00687B,國泰20年美債,43,10,33,元大-東泰,2024-10-16,9817
00919,群益台灣精選高息,41,12,29,元大-東泰,2024-10-16,9817
00680L,元大美債20正2,41,13,28,元大-東泰,2024-10-16,9817
00688L,國泰20年美債正2,26,0,26,元大-東泰,2024-10-16,9817
3481,群創,56,33,23,元大-東泰,2024-10-16,9817
2897,王道銀行,22,0,22,元大-東泰,2024-10-16,9817
00905,FT臺灣Smart,20,0,20,元大-東泰,2024-10-16,9817
00725B,國泰投資級公司債,20,0,20,元大-東泰,2024-10-16,9817
00706L,期元大S＆P日圓正2,20,0,20,元大-東泰,2024-10-16,9817
6806,森崴能源,22,2,20,元大-東泰,2024-10-16,9817
1907,永豐餘,20,0,20,元大-東泰,2024-10-16,9817
00665L,富邦�琤肭磪囓�2,28,9,19,元大-東泰,2024-10-16,9817
6188,廣明,17,1,16,元大-東泰,2024-10-16,9817
4716,大立,18,3,15,元大-東泰,2024-10-16,9817
5276,達輝-KY,15,0,15,元大-東泰,2024-10-16,9817
3710,連展投控,16,2,14,元大-東泰,2024-10-16,9817
00679B,元大美債20年,25,11,14,元大-東泰,2024-10-16,9817
00642U,期元大S＆P石油,14,0,14,元大-東泰,2024-10-16,9817
2887,台新金,14,0,14,元大-東泰,2024-10-16,9817
6274,台燿,13,0,13,元大-東泰,2024-10-16,9817
2014,中鴻,19,6,13,元大-東泰,2024-10-16,9817
00712,復華富時不動產,17,5,12,元大-東泰,2024-10-16,9817
2344,華邦電,19,7,12,元大-東泰,2024-10-16,9817
6191,精成科,12,0,12,元大-東泰,2024-10-16,9817
4977,眾達-KY,13,1,12,元大-東泰,2024-10-16,9817
00915,凱基優選高股息30,12,0,12,元大-東泰,2024-10-16,9817
00929,復華台灣科技優息,28,17,11,元大-東泰,2024-10-16,9817
2356,英業達,11,0,11,元大-東泰,2024-10-16,9817
6770,力積電,13,2,11,元大-東泰,2024-10-16,9817
1301,台塑,20,9,11,元大-東泰,2024-10-16,9817
4306,炎洲,10,0,10,元大-東泰,2024-10-16,9817
2365,昆盈,27,17,10,元大-東泰,2024-10-16,9817
2880,華南金,10,0,10,元大-東泰,2024-10-16,9817
00912,中信臺灣智慧50,10,0,10,元大-東泰,2024-10-16,9817
4919,新唐,11,1,10,元大-東泰,2024-10-16,9817
6546,正基,9,0,9,元大-東泰,2024-10-16,9817
00887,永豐中國科技50大,210,32,178,元大-東泰,2024-10-17,9817
0056,元大高股息,93,8,85,元大-東泰,2024-10-17,9817
6763,綠界科技*,66,5,61,元大-東泰,2024-10-17,9817
2888,新光金,57,0,57,元大-東泰,2024-10-17,9817
00922,國泰台灣領袖50,53,0,53,元大-東泰,2024-10-17,9817
2399,映泰,171,132,39,元大-東泰,2024-10-17,9817
8927,北基,38,2,36,元大-東泰,2024-10-17,9817
5452,佶優,38,6,32,元大-東泰,2024-10-17,9817
00632R,元大台灣50反1,32,1,31,元大-東泰,2024-10-17,9817
00941,中信上游半導體,32,2,30,元大-東泰,2024-10-17,9817
00753L,中信中國50正2,29,0,29,元大-東泰,2024-10-17,9817
2489,瑞軒,27,1,26,元大-東泰,2024-10-17,9817
3714,富采,24,1,23,元大-東泰,2024-10-17,9817
2421,建準,30,9,21,元大-東泰,2024-10-17,9817
2867,三商壽,20,0,20,元大-東泰,2024-10-17,9817
00943,兆豐電子高息等權,20,0,20,元大-東泰,2024-10-17,9817
00899,FT潔淨能源,20,0,20,元大-東泰,2024-10-17,9817
00907,永豐優息存股,20,0,20,元大-東泰,2024-10-17,9817
00888,永豐台灣ESG,20,0,20,元大-東泰,2024-10-17,9817
4949,有成精密,19,0,19,元大-東泰,2024-10-17,9817
2409,友達,39,21,18,元大-東泰,2024-10-17,9817
2303,聯電,23,5,18,元大-東泰,2024-10-17,9817
4906,正文,20,2,18,元大-東泰,2024-10-17,9817
00937B,群益ESG投等債20,28,10,18,元大-東泰,2024-10-17,9817
8032,光菱,21,3,18,元大-東泰,2024-10-17,9817
00725B,國泰投資級公司債,17,0,17,元大-東泰,2024-10-17,9817
2477,美隆電,16,0,16,元大-東泰,2024-10-17,9817
3437,榮創,26,10,16,元大-東泰,2024-10-17,9817
2002,中鋼,18,3,15,元大-東泰,2024-10-17,9817
5905,南仁湖,13,0,13,元大-東泰,2024-10-17,9817
6443,元晶,15,2,13,元大-東泰,2024-10-17,9817
006208,富邦台50,13,0,13,元大-東泰,2024-10-17,9817
3711,日月光投控,13,1,12,元大-東泰,2024-10-17,9817
2344,華邦電,15,4,11,元大-東泰,2024-10-17,9817
2429,銘旺科,11,0,11,元大-東泰,2024-10-17,9817
3062,建漢,23,12,11,元大-東泰,2024-10-17,9817
2486,一詮,18,8,10,元大-東泰,2024-10-17,9817
00960,野村全球航運龍頭,10,0,10,元大-東泰,2024-10-17,9817
9917,中保科,10,0,10,元大-東泰,2024-10-17,9817
3149,正達,46,36,10,元大-東泰,2024-10-17,9817
2363,矽統,22,13,9,元大-東泰,2024-10-17,9817
6134,萬旭,16,7,9,元大-東泰,2024-10-17,9817
00901,永豐智能車供應鏈,9,0,9,元大-東泰,2024-10-17,9817
8111,立��,13,5,8,元大-東泰,2024-10-17,9817
2426,鼎元,8,0,8,元大-東泰,2024-10-17,9817
00882,中信中國高股息,19,11,8,元大-東泰,2024-10-17,9817
3715,定穎投控,12,4,8,元大-東泰,2024-10-17,9817
00905,FT臺灣Smart,7,0,7,元大-東泰,2024-10-17,9817
8028,昇陽半導體,26,19,7,元大-東泰,2024-10-17,9817
1304,台聚,7,0,7,元大-東泰,2024-10-17,9817
00937B,群益ESG投等債20,354,6,348,元大-東泰,2024-10-18,9817
00919,群益台灣精選高息,300,8,292,元大-東泰,2024-10-18,9817
00753L,中信中國50正2,173,2,171,元大-東泰,2024-10-18,9817
4510,高鋒,136,29,107,元大-東泰,2024-10-18,9817
2867,三商壽,66,0,66,元大-東泰,2024-10-18,9817
2303,聯電,67,3,64,元大-東泰,2024-10-18,9817
00679B,元大美債20年,57,0,57,元大-東泰,2024-10-18,9817
1785,光洋科,57,6,51,元大-東泰,2024-10-18,9817
2449,京元電子,112,63,49,元大-東泰,2024-10-18,9817
00948B,中信優息投資級債,48,0,48,元大-東泰,2024-10-18,9817
5347,世界,49,6,43,元大-東泰,2024-10-18,9817
00687B,國泰20年美債,67,27,40,元大-東泰,2024-10-18,9817
2376,技嘉,48,9,39,元大-東泰,2024-10-18,9817
8932,智通*,39,4,35,元大-東泰,2024-10-18,9817
2887,台新金,47,14,33,元大-東泰,2024-10-18,9817
0056,元大高股息,51,19,32,元大-東泰,2024-10-18,9817
00632R,元大台灣50反1,136,106,30,元大-東泰,2024-10-18,9817
3062,建漢,34,4,30,元大-東泰,2024-10-18,9817
4979,華星光,35,8,27,元大-東泰,2024-10-18,9817
2317,鴻海,61,35,26,元大-東泰,2024-10-18,9817
6770,力積電,43,17,26,元大-東泰,2024-10-18,9817
00915,凱基優選高股息30,26,2,24,元大-東泰,2024-10-18,9817
9105,泰金寶-DR,31,7,24,元大-東泰,2024-10-18,9817
00795B,中信美國公債20年,21,0,21,元大-東泰,2024-10-18,9817
4919,新唐,21,0,21,元大-東泰,2024-10-18,9817
6215,和椿,24,3,21,元大-東泰,2024-10-18,9817
00960,野村全球航運龍頭,23,3,20,元大-東泰,2024-10-18,9817
00673R,期元大S＆P原油反1,20,0,20,元大-東泰,2024-10-18,9817
8046,南電,20,0,20,元大-東泰,2024-10-18,9817
2615,萬海,31,12,19,元大-東泰,2024-10-18,9817
2534,宏盛,18,0,18,元大-東泰,2024-10-18,9817
2888,新光金,27,10,17,元大-東泰,2024-10-18,9817
5438,東友,20,3,17,元大-東泰,2024-10-18,9817
2367,燿華,28,12,16,元大-東泰,2024-10-18,9817
3374,精材,17,3,14,元大-東泰,2024-10-18,9817
6530,創威,14,0,14,元大-東泰,2024-10-18,9817
1609,大亞,13,0,13,元大-東泰,2024-10-18,9817
00922,國泰台灣領袖50,28,15,13,元大-東泰,2024-10-18,9817
2356,英業達,46,33,13,元大-東泰,2024-10-18,9817
3707,漢磊,13,0,13,元大-東泰,2024-10-18,9817
00715L,期街口布蘭特正2,16,3,13,元大-東泰,2024-10-18,9817
00932,兆豐永續高息等權,22,10,12,元大-東泰,2024-10-18,9817
4562,穎漢,60,48,12,元大-東泰,2024-10-18,9817
3209,全科,16,4,12,元大-東泰,2024-10-18,9817
3031,佰鴻,13,2,11,元大-東泰,2024-10-18,9817
3049,精金,12,1,11,元大-東泰,2024-10-18,9817
3379,彬台,14,3,11,元大-東泰,2024-10-18,9817
1597,直得,21,10,11,元大-東泰,2024-10-18,9817
00900,富邦特選高股息30,10,0,10,元大-東泰,2024-10-18,9817
00950B,凱基A級公司債,10,0,10,元大-東泰,2024-10-18,9817
00923,群益台ESG低碳50,600,0,600,元大-東泰,2024-10-21,9817
2884,玉山金,444,0,444,元大-東泰,2024-10-21,9817
00687B,國泰20年美債,355,9,346,元大-東泰,2024-10-21,9817
00937B,群益ESG投等債20,301,41,260,元大-東泰,2024-10-21,9817
2883,凱基金,303,137,166,元大-東泰,2024-10-21,9817
00679B,元大美債20年,92,4,88,元大-東泰,2024-10-21,9817
00919,群益台灣精選高息,109,24,85,元大-東泰,2024-10-21,9817
00637L,元大滬深300正2,146,63,83,元大-東泰,2024-10-21,9817
2891,中信金,80,5,75,元大-東泰,2024-10-21,9817
6573,虹揚-KY,74,0,74,元大-東泰,2024-10-21,9817
00887,永豐中國科技50大,245,171,74,元大-東泰,2024-10-21,9817
2303,聯電,57,4,53,元大-東泰,2024-10-21,9817
00905,FT臺灣Smart,45,0,45,元大-東泰,2024-10-21,9817
6763,綠界科技*,48,8,40,元大-東泰,2024-10-21,9817
2882,國泰金,29,0,29,元大-東泰,2024-10-21,9817
5905,南仁湖,31,2,29,元大-東泰,2024-10-21,9817
00642U,期元大S＆P石油,29,0,29,元大-東泰,2024-10-21,9817
2867,三商壽,26,0,26,元大-東泰,2024-10-21,9817
6177,達麗,26,0,26,元大-東泰,2024-10-21,9817
00764B,群益25年美債,26,0,26,元大-東泰,2024-10-21,9817
2312,金寶,30,5,25,元大-東泰,2024-10-21,9817
3591,艾笛森,25,0,25,元大-東泰,2024-10-21,9817
3013,晟銘電,96,71,25,元大-東泰,2024-10-21,9817
2885,元大金,29,6,23,元大-東泰,2024-10-21,9817
00945B,凱基美國非投等債,22,0,22,元大-東泰,2024-10-21,9817
2369,菱生,21,1,20,元大-東泰,2024-10-21,9817
8071,能率網通,20,0,20,元大-東泰,2024-10-21,9817
5452,佶優,24,7,17,元大-東泰,2024-10-21,9817
2881,富邦金,17,0,17,元大-東泰,2024-10-21,9817
2409,友達,48,31,17,元大-東泰,2024-10-21,9817
2426,鼎元,17,0,17,元大-東泰,2024-10-21,9817
1101,台泥,16,0,16,元大-東泰,2024-10-21,9817
00751B,元大AAA至A公司債,16,0,16,元大-東泰,2024-10-21,9817
00900,富邦特選高股息30,33,17,16,元大-東泰,2024-10-21,9817
4979,華星光,27,11,16,元大-東泰,2024-10-21,9817
00950B,凱基A級公司債,15,0,15,元大-東泰,2024-10-21,9817
6215,和椿,15,0,15,元大-東泰,2024-10-21,9817
00961,FT臺灣永續高息,17,2,15,元大-東泰,2024-10-21,9817
00927,群益半導體收益,25,10,15,元大-東泰,2024-10-21,9817
00948B,中信優息投資級債,15,0,15,元大-東泰,2024-10-21,9817
00915,凱基優選高股息30,14,0,14,元大-東泰,2024-10-21,9817
0061,元大寶滬深,18,4,14,元大-東泰,2024-10-21,9817
9105,泰金寶-DR,12,0,12,元大-東泰,2024-10-21,9817
00715L,期街口布蘭特正2,12,0,12,元大-東泰,2024-10-21,9817
00650L,復華香港正2,12,0,12,元大-東泰,2024-10-21,9817
2634,漢翔,12,0,12,元大-東泰,2024-10-21,9817
6191,精成科,12,0,12,元大-東泰,2024-10-21,9817
2421,建準,17,5,12,元大-東泰,2024-10-21,9817
2352,佳世達,12,1,11,元大-東泰,2024-10-21,9817
8085,福華,11,0,11,元大-東泰,2024-10-21,9817
00679B,元大美債20年,235,0,235,元大-東泰,2024-10-22,9817
00753L,中信中國50正2,304,102,202,元大-東泰,2024-10-22,9817
00937B,群益ESG投等債20,323,122,201,元大-東泰,2024-10-22,9817
00680L,元大美債20正2,171,28,143,元大-東泰,2024-10-22,9817
00948B,中信優息投資級債,129,25,104,元大-東泰,2024-10-22,9817
00632R,元大台灣50反1,107,13,94,元大-東泰,2024-10-22,9817
00725B,國泰投資級公司債,72,3,69,元大-東泰,2024-10-22,9817
00751B,元大AAA至A公司債,47,0,47,元大-東泰,2024-10-22,9817
2883,凱基金,165,120,45,元大-東泰,2024-10-22,9817
4729,熒茂,76,33,43,元大-東泰,2024-10-22,9817
00688L,國泰20年美債正2,41,0,41,元大-東泰,2024-10-22,9817
6573,虹揚-KY,39,0,39,元大-東泰,2024-10-22,9817
00720B,元大投資級公司債,38,0,38,元大-東泰,2024-10-22,9817
00712,復華富時不動產,48,15,33,元大-東泰,2024-10-22,9817
2888,新光金,29,0,29,元大-東泰,2024-10-22,9817
6235,華孚,29,0,29,元大-東泰,2024-10-22,9817
00665L,富邦�琤肭磪囓�2,30,1,29,元大-東泰,2024-10-22,9817
00919,群益台灣精選高息,48,20,28,元大-東泰,2024-10-22,9817
1718,中纖,28,0,28,元大-東泰,2024-10-22,9817
2363,矽統,44,16,28,元大-東泰,2024-10-22,9817
00637L,元大滬深300正2,39,12,27,元大-東泰,2024-10-22,9817
00950B,凱基A級公司債,25,0,25,元大-東泰,2024-10-22,9817
2615,萬海,35,11,24,元大-東泰,2024-10-22,9817
00795B,中信美國公債20年,23,0,23,元大-東泰,2024-10-22,9817
00915,凱基優選高股息30,25,2,23,元大-東泰,2024-10-22,9817
8032,光菱,45,23,22,元大-東泰,2024-10-22,9817
2405,輔信,22,1,21,元大-東泰,2024-10-22,9817
6770,力積電,22,1,21,元大-東泰,2024-10-22,9817
6177,達麗,28,7,21,元大-東泰,2024-10-22,9817
4533,協易機,24,4,20,元大-東泰,2024-10-22,9817
00900,富邦特選高股息30,21,2,19,元大-東泰,2024-10-22,9817
2605,新興,18,0,18,元大-東泰,2024-10-22,9817
2349,錸德,18,0,18,元大-東泰,2024-10-22,9817
2534,宏盛,15,0,15,元大-東泰,2024-10-22,9817
00931B,統一美債20年,15,0,15,元大-東泰,2024-10-22,9817
00942B,台新美A公司債20+,59,45,14,元大-東泰,2024-10-22,9817
6505,台塑化,14,1,13,元大-東泰,2024-10-22,9817
3189,景碩,57,44,13,元大-東泰,2024-10-22,9817
2399,映泰,96,84,12,元大-東泰,2024-10-22,9817
3031,佰鴻,12,0,12,元大-東泰,2024-10-22,9817
3715,定穎投控,31,19,12,元大-東泰,2024-10-22,9817
4958,臻鼎-KY,17,5,12,元大-東泰,2024-10-22,9817
1609,大亞,13,1,12,元大-東泰,2024-10-22,9817
2543,皇昌,15,3,12,元大-東泰,2024-10-22,9817
2356,英業達,36,25,11,元大-東泰,2024-10-22,9817
00946,群益科技高息成長,11,0,11,元大-東泰,2024-10-22,9817
3520,華盈,12,1,11,元大-東泰,2024-10-22,9817
2337,旺宏,11,0,11,元大-東泰,2024-10-22,9817
2303,聯電,25,15,10,元大-東泰,2024-10-22,9817
9105,泰金寶-DR,10,0,10,元大-東泰,2024-10-22,9817
00664R,國泰臺灣加權反1,400,0,400,元大-東泰,2024-10-23,9817
00637L,元大滬深300正2,253,5,248,元大-東泰,2024-10-23,9817
00937B,群益ESG投等債20,158,35,123,元大-東泰,2024-10-23,9817
00680L,元大美債20正2,116,3,113,元大-東泰,2024-10-23,9817
6770,力積電,108,7,101,元大-東泰,2024-10-23,9817
9105,泰金寶-DR,110,45,65,元大-東泰,2024-10-23,9817
2303,聯電,67,2,65,元大-東泰,2024-10-23,9817
2887,台新金,65,0,65,元大-東泰,2024-10-23,9817
3532,台勝科,58,3,55,元大-東泰,2024-10-23,9817
00918,大華優利高填息30,61,6,55,元大-東泰,2024-10-23,9817
6177,達麗,54,2,52,元大-東泰,2024-10-23,9817
00878,國泰永續高股息,55,5,50,元大-東泰,2024-10-23,9817
6218,豪勉,53,4,49,元大-東泰,2024-10-23,9817
2883,凱基金,48,0,48,元大-東泰,2024-10-23,9817
00687B,國泰20年美債,83,41,42,元大-東泰,2024-10-23,9817
0056,元大高股息,45,3,42,元大-東泰,2024-10-23,9817
2897,王道銀行,40,0,40,元大-東泰,2024-10-23,9817
00632R,元大台灣50反1,50,11,39,元大-東泰,2024-10-23,9817
3481,群創,110,71,39,元大-東泰,2024-10-23,9817
1308,亞聚,35,1,34,元大-東泰,2024-10-23,9817
00679B,元大美債20年,38,5,33,元大-東泰,2024-10-23,9817
3520,華盈,55,26,29,元大-東泰,2024-10-23,9817
00950B,凱基A級公司債,26,1,25,元大-東泰,2024-10-23,9817
3290,東浦,36,12,24,元大-東泰,2024-10-23,9817
00751B,元大AAA至A公司債,24,2,22,元大-東泰,2024-10-23,9817
00948B,中信優息投資級債,22,0,22,元大-東泰,2024-10-23,9817
00652,富邦印度,22,0,22,元大-東泰,2024-10-23,9817
00712,復華富時不動產,30,10,20,元大-東泰,2024-10-23,9817
2344,華邦電,37,17,20,元大-東泰,2024-10-23,9817
00900,富邦特選高股息30,22,2,20,元大-東泰,2024-10-23,9817
00943,兆豐電子高息等權,20,0,20,元大-東泰,2024-10-23,9817
8249,菱光,27,7,20,元大-東泰,2024-10-23,9817
2412,中華電,18,0,18,元大-東泰,2024-10-23,9817
00933B,國泰10Y+金融債,16,0,16,元大-東泰,2024-10-23,9817
00934,中信成長高股息,16,0,16,元大-東泰,2024-10-23,9817
2313,華通,24,8,16,元大-東泰,2024-10-23,9817
5521,工信,15,0,15,元大-東泰,2024-10-23,9817
6151,晉倫,129,114,15,元大-東泰,2024-10-23,9817
1733,五鼎,15,0,15,元大-東泰,2024-10-23,9817
00673R,期元大S＆P原油反1,15,0,15,元大-東泰,2024-10-23,9817
00795B,中信美國公債20年,15,0,15,元大-東泰,2024-10-23,9817
2867,三商壽,14,0,14,元大-東泰,2024-10-23,9817
2317,鴻海,38,25,13,元大-東泰,2024-10-23,9817
2352,佳世達,14,1,13,元大-東泰,2024-10-23,9817
00946,群益科技高息成長,18,5,13,元大-東泰,2024-10-23,9817
6233,旺玖,19,6,13,元大-東泰,2024-10-23,9817
2886,兆豐金,12,0,12,元大-東泰,2024-10-23,9817
3605,宏致,14,2,12,元大-東泰,2024-10-23,9817
2534,宏盛,12,0,12,元大-東泰,2024-10-23,9817
006208,富邦台50,11,0,11,元大-東泰,2024-10-23,9817
2449,京元電子,268,53,215,元大-東泰,2024-10-24,9817
0056,元大高股息,112,10,102,元大-東泰,2024-10-24,9817
2303,聯電,82,5,77,元大-東泰,2024-10-24,9817
2883,凱基金,248,178,70,元大-東泰,2024-10-24,9817
9934,成霖,57,0,57,元大-東泰,2024-10-24,9817
1314,中石化,61,4,57,元大-東泰,2024-10-24,9817
2867,三商壽,56,0,56,元大-東泰,2024-10-24,9817
00680L,元大美債20正2,55,0,55,元大-東泰,2024-10-24,9817
00637L,元大滬深300正2,51,10,41,元大-東泰,2024-10-24,9817
00679B,元大美債20年,44,3,41,元大-東泰,2024-10-24,9817
00919,群益台灣精選高息,62,22,40,元大-東泰,2024-10-24,9817
2891,中信金,43,6,37,元大-東泰,2024-10-24,9817
4716,大立,48,11,37,元大-東泰,2024-10-24,9817
00687B,國泰20年美債,41,4,37,元大-東泰,2024-10-24,9817
00887,永豐中國科技50大,58,25,33,元大-東泰,2024-10-24,9817
00905,FT臺灣Smart,34,1,33,元大-東泰,2024-10-24,9817
1301,台塑,43,12,31,元大-東泰,2024-10-24,9817
00918,大華優利高填息30,28,0,28,元大-東泰,2024-10-24,9817
1733,五鼎,27,0,27,元大-東泰,2024-10-24,9817
00878,國泰永續高股息,29,2,27,元大-東泰,2024-10-24,9817
1528,恩德,92,66,26,元大-東泰,2024-10-24,9817
00938,凱基優選30,26,0,26,元大-東泰,2024-10-24,9817
2412,中華電,25,0,25,元大-東泰,2024-10-24,9817
1711,永光,35,10,25,元大-東泰,2024-10-24,9817
00650L,復華香港正2,22,0,22,元大-東泰,2024-10-24,9817
8105,凌巨,22,0,22,元大-東泰,2024-10-24,9817
2351,順德,22,0,22,元大-東泰,2024-10-24,9817
3481,群創,58,37,21,元大-東泰,2024-10-24,9817
00882,中信中國高股息,21,0,21,元大-東泰,2024-10-24,9817
6191,精成科,30,9,21,元大-東泰,2024-10-24,9817
00881,國泰台灣5G+,20,0,20,元大-東泰,2024-10-24,9817
6763,綠界科技*,28,8,20,元大-東泰,2024-10-24,9817
2845,遠東銀,20,0,20,元大-東泰,2024-10-24,9817
3231,緯創,26,7,19,元大-東泰,2024-10-24,9817
00953B,群益優選非投等債,19,0,19,元大-東泰,2024-10-24,9817
2388,威盛,34,16,18,元大-東泰,2024-10-24,9817
9105,泰金寶-DR,17,0,17,元大-東泰,2024-10-24,9817
2382,廣達,25,8,17,元大-東泰,2024-10-24,9817
00946,群益科技高息成長,16,0,16,元大-東泰,2024-10-24,9817
2344,華邦電,41,25,16,元大-東泰,2024-10-24,9817
00922,國泰台灣領袖50,16,0,16,元大-東泰,2024-10-24,9817
00712,復華富時不動產,15,0,15,元大-東泰,2024-10-24,9817
2022,聚亨,15,0,15,元大-東泰,2024-10-24,9817
8028,昇陽半導體,16,1,15,元大-東泰,2024-10-24,9817
00934,中信成長高股息,14,0,14,元大-東泰,2024-10-24,9817
2882,國泰金,15,1,14,元大-東泰,2024-10-24,9817
6451,訊芯-KY,17,3,14,元大-東泰,2024-10-24,9817
1721,三晃,151,137,14,元大-東泰,2024-10-24,9817
2356,英業達,13,0,13,元大-東泰,2024-10-24,9817
2489,瑞軒,27,15,12,元大-東泰,2024-10-24,9817
00632R,元大台灣50反1,120,0,120,元大-東泰,2024-10-25,9817
00634R,富邦上証反1,105,0,105,元大-東泰,2024-10-25,9817
00950B,凱基A級公司債,100,0,100,元大-東泰,2024-10-25,9817
00959B,大華投等美債15Y+,100,0,100,元大-東泰,2024-10-25,9817
2646,星宇航空,160,79,81,元大-東泰,2024-10-25,9817
00943,兆豐電子高息等權,60,0,60,元大-東泰,2024-10-25,9817
2344,華邦電,98,42,56,元大-東泰,2024-10-25,9817
00687B,國泰20年美債,74,20,54,元大-東泰,2024-10-25,9817
00933B,國泰10Y+金融債,50,0,50,元大-東泰,2024-10-25,9817
00652,富邦印度,35,0,35,元大-東泰,2024-10-25,9817
00712,復華富時不動產,35,1,34,元大-東泰,2024-10-25,9817
2303,聯電,41,7,34,元大-東泰,2024-10-25,9817
2891,中信金,33,0,33,元大-東泰,2024-10-25,9817
00680L,元大美債20正2,32,2,30,元大-東泰,2024-10-25,9817
8249,菱光,116,86,30,元大-東泰,2024-10-25,9817
6218,豪勉,26,0,26,元大-東泰,2024-10-25,9817
00692,富邦公司治理,22,0,22,元大-東泰,2024-10-25,9817
2601,益航,21,0,21,元大-東泰,2024-10-25,9817
2461,光群雷,21,0,21,元大-東泰,2024-10-25,9817
00679B,元大美債20年,24,3,21,元大-東泰,2024-10-25,9817
4306,炎洲,20,1,19,元大-東泰,2024-10-25,9817
1909,榮成,17,0,17,元大-東泰,2024-10-25,9817
2374,佳能,30,14,16,元大-東泰,2024-10-25,9817
1514,亞力,16,0,16,元大-東泰,2024-10-25,9817
8358,金居,17,1,16,元大-東泰,2024-10-25,9817
2337,旺宏,25,10,15,元大-東泰,2024-10-25,9817
5425,台半,16,1,15,元大-東泰,2024-10-25,9817
2313,華通,16,1,15,元大-東泰,2024-10-25,9817
4919,新唐,45,31,14,元大-東泰,2024-10-25,9817
2427,三商電,15,1,14,元大-東泰,2024-10-25,9817
1524,耿鼎,19,5,14,元大-東泰,2024-10-25,9817
2634,漢翔,14,0,14,元大-東泰,2024-10-25,9817
00715L,期街口布蘭特正2,13,0,13,元大-東泰,2024-10-25,9817
2449,京元電子,48,35,13,元大-東泰,2024-10-25,9817
00882,中信中國高股息,13,1,12,元大-東泰,2024-10-25,9817
8272,全景軟體,11,0,11,元大-東泰,2024-10-25,9817
3576,聯合再生,11,0,11,元大-東泰,2024-10-25,9817
2367,燿華,13,2,11,元大-東泰,2024-10-25,9817
00795B,中信美國公債20年,11,0,11,元大-東泰,2024-10-25,9817
8064,東捷,20,9,11,元大-東泰,2024-10-25,9817
2365,昆盈,12,1,11,元大-東泰,2024-10-25,9817
00753L,中信中國50正2,113,102,11,元大-東泰,2024-10-25,9817
3645,達邁,10,0,10,元大-東泰,2024-10-25,9817
2406,國碩,10,0,10,元大-東泰,2024-10-25,9817
1533,車王電,10,0,10,元大-東泰,2024-10-25,9817
6763,綠界科技*,11,1,10,元大-東泰,2024-10-25,9817
00960,野村全球航運龍頭,9,0,9,元大-東泰,2024-10-25,9817
4968,立積,9,0,9,元大-東泰,2024-10-25,9817
2489,瑞軒,10,1,9,元大-東泰,2024-10-25,9817
3029,零壹,9,1,8,元大-東泰,2024-10-25,9817
2646,星宇航空,104,18,86,元大-東泰,2024-10-28,9817
1307,三芳,89,11,78,元大-東泰,2024-10-28,9817
2883,凱基金,136,58,78,元大-東泰,2024-10-28,9817
2349,錸德,73,0,73,元大-東泰,2024-10-28,9817
00679B,元大美債20年,94,23,71,元大-東泰,2024-10-28,9817
00937B,群益ESG投等債20,83,20,63,元大-東泰,2024-10-28,9817
00948B,中信優息投資級債,63,0,63,元大-東泰,2024-10-28,9817
00637L,元大滬深300正2,53,2,51,元大-東泰,2024-10-28,9817
3231,緯創,114,64,50,元大-東泰,2024-10-28,9817
0056,元大高股息,49,3,46,元大-東泰,2024-10-28,9817
00715L,期街口布蘭特正2,45,0,45,元大-東泰,2024-10-28,9817
00905,FT臺灣Smart,37,0,37,元大-東泰,2024-10-28,9817
2312,金寶,63,26,37,元大-東泰,2024-10-28,9817
2103,台橡,30,0,30,元大-東泰,2024-10-28,9817
00929,復華台灣科技優息,47,18,29,元大-東泰,2024-10-28,9817
2104,國際中橡,32,3,29,元大-東泰,2024-10-28,9817
2317,鴻海,97,69,28,元大-東泰,2024-10-28,9817
2302,麗正,30,2,28,元大-東泰,2024-10-28,9817
5425,台半,30,3,27,元大-東泰,2024-10-28,9817
3715,定穎投控,32,5,27,元大-東泰,2024-10-28,9817
2426,鼎元,25,0,25,元大-東泰,2024-10-28,9817
00673R,期元大S＆P原油反1,24,0,24,元大-東泰,2024-10-28,9817
00687B,國泰20年美債,55,31,24,元大-東泰,2024-10-28,9817
00882,中信中國高股息,23,0,23,元大-東泰,2024-10-28,9817
3481,群創,49,27,22,元大-東泰,2024-10-28,9817
6288,聯嘉,111,90,21,元大-東泰,2024-10-28,9817
00665L,富邦�琤肭磪囓�2,23,2,21,元大-東泰,2024-10-28,9817
2354,鴻準,59,38,21,元大-東泰,2024-10-28,9817
2303,聯電,28,8,20,元大-東泰,2024-10-28,9817
00950B,凱基A級公司債,20,0,20,元大-東泰,2024-10-28,9817
00688L,國泰20年美債正2,20,0,20,元大-東泰,2024-10-28,9817
8032,光菱,20,0,20,元大-東泰,2024-10-28,9817
8046,南電,20,0,20,元大-東泰,2024-10-28,9817
6770,力積電,34,14,20,元大-東泰,2024-10-28,9817
3264,欣銓,19,0,19,元大-東泰,2024-10-28,9817
1464,得力,16,0,16,元大-東泰,2024-10-28,9817
3714,富采,20,5,15,元大-東泰,2024-10-28,9817
5351,鈺創,15,0,15,元大-東泰,2024-10-28,9817
00959B,大華投等美債15Y+,15,1,14,元大-東泰,2024-10-28,9817
2401,凌陽,14,0,14,元大-東泰,2024-10-28,9817
8070,長華*,18,4,14,元大-東泰,2024-10-28,9817
8028,昇陽半導體,14,0,14,元大-東泰,2024-10-28,9817
1605,華新,15,2,13,元大-東泰,2024-10-28,9817
00795B,中信美國公債20年,13,0,13,元大-東泰,2024-10-28,9817
2356,英業達,21,8,13,元大-東泰,2024-10-28,9817
00931B,統一美債20年,12,0,12,元大-東泰,2024-10-28,9817
00642U,期元大S＆P石油,12,0,12,元大-東泰,2024-10-28,9817
2330,台積電,19,7,12,元大-東泰,2024-10-28,9817
5512,力麒,11,0,11,元大-東泰,2024-10-28,9817
2353,宏��,11,0,11,元大-東泰,2024-10-28,9817
00878,國泰永續高股息,160,2,158,元大-東泰,2024-10-29,9817
0056,元大高股息,135,2,133,元大-東泰,2024-10-29,9817
00919,群益台灣精選高息,150,24,126,元大-東泰,2024-10-29,9817
00940,元大台灣價值高息,151,25,126,元大-東泰,2024-10-29,9817
2303,聯電,134,9,125,元大-東泰,2024-10-29,9817
00959B,大華投等美債15Y+,110,1,109,元大-東泰,2024-10-29,9817
2883,凱基金,99,1,98,元大-東泰,2024-10-29,9817
2317,鴻海,124,54,70,元大-東泰,2024-10-29,9817
00929,復華台灣科技優息,155,86,69,元大-東泰,2024-10-29,9817
2020,美亞,60,0,60,元大-東泰,2024-10-29,9817
00900,富邦特選高股息30,52,3,49,元大-東泰,2024-10-29,9817
3189,景碩,54,7,47,元大-東泰,2024-10-29,9817
2897,王道銀行,46,0,46,元大-東泰,2024-10-29,9817
00713,元大台灣高息低波,44,0,44,元大-東泰,2024-10-29,9817
2363,矽統,56,19,37,元大-東泰,2024-10-29,9817
00918,大華優利高填息30,58,23,35,元大-東泰,2024-10-29,9817
3055,蔚華科,45,10,35,元大-東泰,2024-10-29,9817
2888,新光金,36,3,33,元大-東泰,2024-10-29,9817
1314,中石化,31,0,31,元大-東泰,2024-10-29,9817
8046,南電,39,9,30,元大-東泰,2024-10-29,9817
8249,菱光,43,16,27,元大-東泰,2024-10-29,9817
00946,群益科技高息成長,26,0,26,元大-東泰,2024-10-29,9817
5483,中美晶,28,3,25,元大-東泰,2024-10-29,9817
00915,凱基優選高股息30,27,4,23,元大-東泰,2024-10-29,9817
2344,華邦電,25,3,22,元大-東泰,2024-10-29,9817
00753L,中信中國50正2,22,0,22,元大-東泰,2024-10-29,9817
00680L,元大美債20正2,43,22,21,元大-東泰,2024-10-29,9817
9934,成霖,20,0,20,元大-東泰,2024-10-29,9817
4306,炎洲,20,0,20,元大-東泰,2024-10-29,9817
2834,臺企銀,20,0,20,元大-東泰,2024-10-29,9817
00934,中信成長高股息,20,1,19,元大-東泰,2024-10-29,9817
00642U,期元大S＆P石油,18,0,18,元大-東泰,2024-10-29,9817
00715L,期街口布蘭特正2,18,1,17,元大-東泰,2024-10-29,9817
00679B,元大美債20年,16,0,16,元大-東泰,2024-10-29,9817
2353,宏��,16,0,16,元大-東泰,2024-10-29,9817
6016,康和證,16,0,16,元大-東泰,2024-10-29,9817
00960,野村全球航運龍頭,16,0,16,元大-東泰,2024-10-29,9817
00881,國泰台灣5G+,24,9,15,元大-東泰,2024-10-29,9817
3481,群創,78,63,15,元大-東泰,2024-10-29,9817
2399,映泰,56,42,14,元大-東泰,2024-10-29,9817
2486,一詮,23,9,14,元大-東泰,2024-10-29,9817
0050,元大台灣50,14,1,13,元大-東泰,2024-10-29,9817
2867,三商壽,13,0,13,元大-東泰,2024-10-29,9817
1307,三芳,14,1,13,元大-東泰,2024-10-29,9817
9945,潤泰新,15,2,13,元大-東泰,2024-10-29,9817
2401,凌陽,13,0,13,元大-東泰,2024-10-29,9817
2882,國泰金,16,3,13,元大-東泰,2024-10-29,9817
00932,兆豐永續高息等權,13,0,13,元大-東泰,2024-10-29,9817
00712,復華富時不動產,13,0,13,元大-東泰,2024-10-29,9817
00927,群益半導體收益,13,0,13,元大-東泰,2024-10-29,9817
00959B,大華投等美債15Y+,1201,1,1200,元大-東泰,2024-10-30,9817
00637L,元大滬深300正2,102,2,100,元大-東泰,2024-10-30,9817
3481,群創,154,72,82,元大-東泰,2024-10-30,9817
00882,中信中國高股息,66,7,59,元大-東泰,2024-10-30,9817
5438,東友,61,2,59,元大-東泰,2024-10-30,9817
00679B,元大美債20年,60,14,46,元大-東泰,2024-10-30,9817
6191,精成科,59,15,44,元大-東泰,2024-10-30,9817
00795B,中信美國公債20年,43,0,43,元大-東泰,2024-10-30,9817
00945B,凱基美國非投等債,39,0,39,元大-東泰,2024-10-30,9817
00919,群益台灣精選高息,38,1,37,元大-東泰,2024-10-30,9817
2881,富邦金,36,0,36,元大-東泰,2024-10-30,9817
00753L,中信中國50正2,33,1,32,元大-東泰,2024-10-30,9817
00740B,富邦全球投等債,32,0,32,元大-東泰,2024-10-30,9817
00887,永豐中國科技50大,35,5,30,元大-東泰,2024-10-30,9817
6133,金橋,35,5,30,元大-東泰,2024-10-30,9817
2409,友達,61,31,30,元大-東泰,2024-10-30,9817
6257,矽格,28,0,28,元大-東泰,2024-10-30,9817
2425,承啟,34,8,26,元大-東泰,2024-10-30,9817
2303,聯電,33,7,26,元大-東泰,2024-10-30,9817
2337,旺宏,25,0,25,元大-東泰,2024-10-30,9817
2328,廣宇,33,10,23,元大-東泰,2024-10-30,9817
0056,元大高股息,30,8,22,元大-東泰,2024-10-30,9817
2646,星宇航空,28,9,19,元大-東泰,2024-10-30,9817
3060,銘異,20,1,19,元大-東泰,2024-10-30,9817
2302,麗正,20,2,18,元大-東泰,2024-10-30,9817
1714,和桐,18,0,18,元大-東泰,2024-10-30,9817
2009,第一銅,22,5,17,元大-東泰,2024-10-30,9817
4919,新唐,57,41,16,元大-東泰,2024-10-30,9817
5371,中光電,16,0,16,元大-東泰,2024-10-30,9817
00946,群益科技高息成長,16,0,16,元大-東泰,2024-10-30,9817
2897,王道銀行,16,0,16,元大-東泰,2024-10-30,9817
00932,兆豐永續高息等權,15,0,15,元大-東泰,2024-10-30,9817
6290,良維,15,0,15,元大-東泰,2024-10-30,9817
00929,復華台灣科技優息,33,18,15,元大-東泰,2024-10-30,9817
00937B,群益ESG投等債20,17,2,15,元大-東泰,2024-10-30,9817
5907,大洋-KY,15,1,14,元大-東泰,2024-10-30,9817
6465,威潤,14,0,14,元大-東泰,2024-10-30,9817
2367,燿華,14,0,14,元大-東泰,2024-10-30,9817
00939,統一台灣高息動能,23,10,13,元大-東泰,2024-10-30,9817
2486,一詮,28,16,12,元大-東泰,2024-10-30,9817
1616,億泰,12,0,12,元大-東泰,2024-10-30,9817
006208,富邦台50,18,7,11,元大-東泰,2024-10-30,9817
2344,華邦電,11,0,11,元大-東泰,2024-10-30,9817
1802,台玻,11,0,11,元大-東泰,2024-10-30,9817
6284,佳邦,11,0,11,元大-東泰,2024-10-30,9817
4532,瑞智,10,0,10,元大-東泰,2024-10-30,9817
8421,旭源,10,0,10,元大-東泰,2024-10-30,9817
1733,五鼎,10,0,10,元大-東泰,2024-10-30,9817
6282,康舒,10,0,10,元大-東泰,2024-10-30,9817
2020,美亞,10,0,10,元大-東泰,2024-10-30,9817
3576,聯合再生,506,0,506,元大-東泰,2024-11-01,9817
2409,友達,318,8,310,元大-東泰,2024-11-01,9817
2303,聯電,267,42,225,元大-東泰,2024-11-01,9817
00919,群益台灣精選高息,123,3,120,元大-東泰,2024-11-01,9817
2317,鴻海,219,102,117,元大-東泰,2024-11-01,9817
00634R,富邦上証反1,101,0,101,元大-東泰,2024-11-01,9817
00940,元大台灣價值高息,101,18,83,元大-東泰,2024-11-01,9817
00929,復華台灣科技優息,152,70,82,元大-東泰,2024-11-01,9817
3481,群創,79,25,54,元大-東泰,2024-11-01,9817
2354,鴻準,398,347,51,元大-東泰,2024-11-01,9817
1309,台達化,50,0,50,元大-東泰,2024-11-01,9817
00937B,群益ESG投等債20,52,11,41,元大-東泰,2024-11-01,9817
6274,台燿,44,7,37,元大-東泰,2024-11-01,9817
0056,元大高股息,54,18,36,元大-東泰,2024-11-01,9817
00712,復華富時不動產,33,0,33,元大-東泰,2024-11-01,9817
00637L,元大滬深300正2,33,6,27,元大-東泰,2024-11-01,9817
2618,長榮航,26,5,21,元大-東泰,2024-11-01,9817
00708L,期元大S＆P黃金正2,21,0,21,元大-東泰,2024-11-01,9817
00959B,大華投等美債15Y+,21,0,21,元大-東泰,2024-11-01,9817
3013,晟銘電,44,24,20,元大-東泰,2024-11-01,9817
00927,群益半導體收益,22,2,20,元大-東泰,2024-11-01,9817
1733,五鼎,20,0,20,元大-東泰,2024-11-01,9817
00688L,國泰20年美債正2,20,0,20,元大-東泰,2024-11-01,9817
00943,兆豐電子高息等權,20,1,19,元大-東泰,2024-11-01,9817
2392,正崴,18,0,18,元大-東泰,2024-11-01,9817
00830,國泰費城半導體,17,0,17,元大-東泰,2024-11-01,9817
00680L,元大美債20正2,20,3,17,元大-東泰,2024-11-01,9817
2477,美隆電,37,20,17,元大-東泰,2024-11-01,9817
2515,中工,16,0,16,元大-東泰,2024-11-01,9817
0050,元大台灣50,16,0,16,元大-東泰,2024-11-01,9817
3303,岱稜,18,2,16,元大-東泰,2024-11-01,9817
00905,FT臺灣Smart,16,0,16,元大-東泰,2024-11-01,9817
00878,國泰永續高股息,61,46,15,元大-東泰,2024-11-01,9817
2646,星宇航空,16,1,15,元大-東泰,2024-11-01,9817
2344,華邦電,69,54,15,元大-東泰,2024-11-01,9817
2880,華南金,14,0,14,元大-東泰,2024-11-01,9817
3711,日月光投控,26,12,14,元大-東泰,2024-11-01,9817
2610,華航,18,4,14,元大-東泰,2024-11-01,9817
2897,王道銀行,16,2,14,元大-東泰,2024-11-01,9817
2353,宏��,15,2,13,元大-東泰,2024-11-01,9817
006208,富邦台50,17,4,13,元大-東泰,2024-11-01,9817
2884,玉山金,12,0,12,元大-東泰,2024-11-01,9817
2312,金寶,20,8,12,元大-東泰,2024-11-01,9817
1586,和勤,12,0,12,元大-東泰,2024-11-01,9817
2308,台達電,14,3,11,元大-東泰,2024-11-01,9817
1909,榮成,11,0,11,元大-東泰,2024-11-01,9817
6257,矽格,11,0,11,元大-東泰,2024-11-01,9817
2816,旺旺保,11,0,11,元大-東泰,2024-11-01,9817
1605,華新,12,1,11,元大-東泰,2024-11-01,9817
00915,凱基優選高股息30,11,0,11,元大-東泰,2024-11-01,9817
00937B,群益ESG投等債20,286,120,166,元大-東泰,2024-11-04,9817
00878,國泰永續高股息,112,7,105,元大-東泰,2024-11-04,9817
3576,聯合再生,103,2,101,元大-東泰,2024-11-04,9817
9935,慶豐富,97,3,94,元大-東泰,2024-11-04,9817
00919,群益台灣精選高息,95,4,91,元大-東泰,2024-11-04,9817
8021,尖點,94,3,91,元大-東泰,2024-11-04,9817
00930,永豐ESG低碳高息,75,0,75,元大-東泰,2024-11-04,9817
00679B,元大美債20年,74,2,72,元大-東泰,2024-11-04,9817
00652,富邦印度,63,0,63,元大-東泰,2024-11-04,9817
00960,野村全球航運龍頭,62,0,62,元大-東泰,2024-11-04,9817
00687B,國泰20年美債,67,7,60,元大-東泰,2024-11-04,9817
00932,兆豐永續高息等權,57,1,56,元大-東泰,2024-11-04,9817
00712,復華富時不動產,49,1,48,元大-東泰,2024-11-04,9817
2646,星宇航空,62,17,45,元大-東泰,2024-11-04,9817
8046,南電,43,0,43,元大-東泰,2024-11-04,9817
2609,陽明,44,12,32,元大-東泰,2024-11-04,9817
00943,兆豐電子高息等權,42,10,32,元大-東泰,2024-11-04,9817
0056,元大高股息,38,6,32,元大-東泰,2024-11-04,9817
00680L,元大美債20正2,33,6,27,元大-東泰,2024-11-04,9817
00887,永豐中國科技50大,25,0,25,元大-東泰,2024-11-04,9817
2897,王道銀行,25,0,25,元大-東泰,2024-11-04,9817
00725B,國泰投資級公司債,24,1,23,元大-東泰,2024-11-04,9817
6177,達麗,23,0,23,元大-東泰,2024-11-04,9817
2613,中櫃,88,65,23,元大-東泰,2024-11-04,9817
2323,中環,20,0,20,元大-東泰,2024-11-04,9817
8032,光菱,37,17,20,元大-東泰,2024-11-04,9817
00935,野村臺灣新科技50,20,0,20,元大-東泰,2024-11-04,9817
2409,友達,19,0,19,元大-東泰,2024-11-04,9817
00882,中信中國高股息,25,6,19,元大-東泰,2024-11-04,9817
00948B,中信優息投資級債,19,0,19,元大-東泰,2024-11-04,9817
5347,世界,22,4,18,元大-東泰,2024-11-04,9817
00940,元大台灣價值高息,51,33,18,元大-東泰,2024-11-04,9817
00946,群益科技高息成長,18,0,18,元大-東泰,2024-11-04,9817
00713,元大台灣高息低波,18,0,18,元大-東泰,2024-11-04,9817
5328,華容,16,0,16,元大-東泰,2024-11-04,9817
00708L,期元大S＆P黃金正2,16,0,16,元大-東泰,2024-11-04,9817
00751B,元大AAA至A公司債,16,1,15,元大-東泰,2024-11-04,9817
2402,毅嘉,15,0,15,元大-東泰,2024-11-04,9817
00637L,元大滬深300正2,14,0,14,元大-東泰,2024-11-04,9817
2477,美隆電,17,3,14,元大-東泰,2024-11-04,9817
2328,廣宇,20,7,13,元大-東泰,2024-11-04,9817
2615,萬海,90,77,13,元大-東泰,2024-11-04,9817
8249,菱光,31,18,13,元大-東泰,2024-11-04,9817
3711,日月光投控,13,1,12,元大-東泰,2024-11-04,9817
00915,凱基優選高股息30,12,0,12,元大-東泰,2024-11-04,9817
6703,軒郁,12,0,12,元大-東泰,2024-11-04,9817
2388,威盛,19,7,12,元大-東泰,2024-11-04,9817
6288,聯嘉,14,3,11,元大-東泰,2024-11-04,9817
2534,宏盛,11,0,11,元大-東泰,2024-11-04,9817
6134,萬旭,13,2,11,元大-東泰,2024-11-04,9817
00937B,群益ESG投等債20,130,5,125,元大-東泰,2024-11-05,9817
00680L,元大美債20正2,103,0,103,元大-東泰,2024-11-05,9817
2303,聯電,83,3,80,元大-東泰,2024-11-05,9817
00930,永豐ESG低碳高息,77,0,77,元大-東泰,2024-11-05,9817
2354,鴻準,207,141,66,元大-東泰,2024-11-05,9817
00679B,元大美債20年,68,9,59,元大-東泰,2024-11-05,9817
00932,兆豐永續高息等權,52,0,52,元大-東泰,2024-11-05,9817
00943,兆豐電子高息等權,44,0,44,元大-東泰,2024-11-05,9817
00946,群益科技高息成長,39,0,39,元大-東泰,2024-11-05,9817
2887,台新金,41,5,36,元大-東泰,2024-11-05,9817
00708L,期元大S＆P黃金正2,34,0,34,元大-東泰,2024-11-05,9817
6505,台塑化,26,0,26,元大-東泰,2024-11-05,9817
2888,新光金,52,27,25,元大-東泰,2024-11-05,9817
3711,日月光投控,30,8,22,元大-東泰,2024-11-05,9817
1514,亞力,22,1,21,元大-東泰,2024-11-05,9817
6290,良維,21,0,21,元大-東泰,2024-11-05,9817
00919,群益台灣精選高息,44,24,20,元大-東泰,2024-11-05,9817
00878,國泰永續高股息,28,9,19,元大-東泰,2024-11-05,9817
4927,泰鼎-KY,31,13,18,元大-東泰,2024-11-05,9817
2646,星宇航空,22,5,17,元大-東泰,2024-11-05,9817
6274,台燿,19,2,17,元大-東泰,2024-11-05,9817
2426,鼎元,17,0,17,元大-東泰,2024-11-05,9817
6116,彩晶,16,0,16,元大-東泰,2024-11-05,9817
3490,單井,22,6,16,元大-東泰,2024-11-05,9817
3013,晟銘電,29,14,15,元大-東泰,2024-11-05,9817
6134,萬旭,16,2,14,元大-東泰,2024-11-05,9817
2365,昆盈,24,10,14,元大-東泰,2024-11-05,9817
2328,廣宇,18,5,13,元大-東泰,2024-11-05,9817
2477,美隆電,17,4,13,元大-東泰,2024-11-05,9817
3498,陽程,12,0,12,元大-東泰,2024-11-05,9817
2317,鴻海,49,37,12,元大-東泰,2024-11-05,9817
3062,建漢,16,5,11,元大-東泰,2024-11-05,9817
00712,復華富時不動產,11,0,11,元大-東泰,2024-11-05,9817
00885,富邦越南,11,0,11,元大-東泰,2024-11-05,9817
3025,星通,40,29,11,元大-東泰,2024-11-05,9817
0056,元大高股息,14,3,11,元大-東泰,2024-11-05,9817
2534,宏盛,10,0,10,元大-東泰,2024-11-05,9817
5243,乙盛-KY,11,1,10,元大-東泰,2024-11-05,9817
3605,宏致,10,0,10,元大-東泰,2024-11-05,9817
1449,佳和,13,5,8,元大-東泰,2024-11-05,9817
8070,長華*,9,1,8,元大-東泰,2024-11-05,9817
1531,高林股,10,2,8,元大-東泰,2024-11-05,9817
2636,台驊控股,7,0,7,元大-東泰,2024-11-05,9817
4716,大立,7,0,7,元大-東泰,2024-11-05,9817
4956,光鋐,20,13,7,元大-東泰,2024-11-05,9817
6177,達麗,7,0,7,元大-東泰,2024-11-05,9817
3049,精金,52,46,6,元大-東泰,2024-11-05,9817
2344,華邦電,56,50,6,元大-東泰,2024-11-05,9817
6757,台灣虎航,6,0,6,元大-東泰,2024-11-05,9817
00830,國泰費城半導體,6,0,6,元大-東泰,2024-11-05,9817
00679B,元大美債20年,157,51,106,元大-東泰,2024-11-06,9817
00665L,富邦�琤肭磪囓�2,104,4,100,元大-東泰,2024-11-06,9817
00945B,凱基美國非投等債,100,0,100,元大-東泰,2024-11-06,9817
00687B,國泰20年美債,112,14,98,元大-東泰,2024-11-06,9817
00637L,元大滬深300正2,102,13,89,元大-東泰,2024-11-06,9817
2883,凱基金,81,5,76,元大-東泰,2024-11-06,9817
2303,聯電,113,45,68,元大-東泰,2024-11-06,9817
00933B,國泰10Y+金融債,60,1,59,元大-東泰,2024-11-06,9817
00680L,元大美債20正2,56,0,56,元大-東泰,2024-11-06,9817
6177,達麗,47,0,47,元大-東泰,2024-11-06,9817
00648R,元大S＆P500反1,40,0,40,元大-東泰,2024-11-06,9817
2477,美隆電,33,0,33,元大-東泰,2024-11-06,9817
6156,松上,32,0,32,元大-東泰,2024-11-06,9817
00795B,中信美國公債20年,29,0,29,元大-東泰,2024-11-06,9817
00960,野村全球航運龍頭,29,0,29,元大-東泰,2024-11-06,9817
2431,聯昌,53,24,29,元大-東泰,2024-11-06,9817
00950B,凱基A級公司債,27,1,26,元大-東泰,2024-11-06,9817
00712,復華富時不動產,26,3,23,元大-東泰,2024-11-06,9817
2609,陽明,39,17,22,元大-東泰,2024-11-06,9817
2897,王道銀行,21,0,21,元大-東泰,2024-11-06,9817
2022,聚亨,20,0,20,元大-東泰,2024-11-06,9817
3164,景岳,20,0,20,元大-東泰,2024-11-06,9817
1605,華新,21,2,19,元大-東泰,2024-11-06,9817
00953B,群益優選非投等債,35,17,18,元大-東泰,2024-11-06,9817
8249,菱光,39,21,18,元大-東泰,2024-11-06,9817
00887,永豐中國科技50大,21,4,17,元大-東泰,2024-11-06,9817
5483,中美晶,15,0,15,元大-東泰,2024-11-06,9817
2489,瑞軒,16,1,15,元大-東泰,2024-11-06,9817
8064,東捷,20,5,15,元大-東泰,2024-11-06,9817
2495,普安,17,4,13,元大-東泰,2024-11-06,9817
3714,富采,12,0,12,元大-東泰,2024-11-06,9817
00935,野村臺灣新科技50,13,1,12,元大-東泰,2024-11-06,9817
2367,燿華,15,3,12,元大-東泰,2024-11-06,9817
2880,華南金,12,0,12,元大-東泰,2024-11-06,9817
2615,萬海,31,19,12,元大-東泰,2024-11-06,9817
00725B,國泰投資級公司債,16,5,11,元大-東泰,2024-11-06,9817
00685L,群益臺灣加權正2,11,0,11,元大-東泰,2024-11-06,9817
00688L,國泰20年美債正2,18,7,11,元大-東泰,2024-11-06,9817
8039,台虹,11,1,10,元大-東泰,2024-11-06,9817
00752,中信中國50,10,0,10,元大-東泰,2024-11-06,9817
00943,兆豐電子高息等權,20,10,10,元大-東泰,2024-11-06,9817
2457,飛宏,10,0,10,元大-東泰,2024-11-06,9817
2633,台灣高鐵,10,0,10,元大-東泰,2024-11-06,9817
6834,天二科技,10,0,10,元大-東泰,2024-11-06,9817
4526,東台,32,22,10,元大-東泰,2024-11-06,9817
00959B,大華投等美債15Y+,19,9,10,元大-東泰,2024-11-06,9817
4123,晟德,9,0,9,元大-東泰,2024-11-06,9817
2371,大同,9,0,9,元大-東泰,2024-11-06,9817
3707,漢磊,10,1,9,元大-東泰,2024-11-06,9817
2419,仲琦,32,23,9,元大-東泰,2024-11-06,9817
00720B,元大投資級公司債,602,0,602,元大-東泰,2024-11-07,9817
00795B,中信美國公債20年,212,3,209,元大-東泰,2024-11-07,9817
6288,聯嘉,265,67,198,元大-東泰,2024-11-07,9817
00740B,富邦全球投等債,123,0,123,元大-東泰,2024-11-07,9817
00945B,凱基美國非投等債,99,0,99,元大-東泰,2024-11-07,9817
2888,新光金,94,0,94,元大-東泰,2024-11-07,9817
2449,京元電子,159,71,88,元大-東泰,2024-11-07,9817
5243,乙盛-KY,95,20,75,元大-東泰,2024-11-07,9817
00637L,元大滬深300正2,108,43,65,元大-東泰,2024-11-07,9817
2308,台達電,63,1,62,元大-東泰,2024-11-07,9817
00943,兆豐電子高息等權,53,0,53,元大-東泰,2024-11-07,9817
1301,台塑,57,7,50,元大-東泰,2024-11-07,9817
00937B,群益ESG投等債20,62,16,46,元大-東泰,2024-11-07,9817
00635U,期元大S＆P黃金,43,0,43,元大-東泰,2024-11-07,9817
2312,金寶,124,82,42,元大-東泰,2024-11-07,9817
2027,大成鋼,40,9,31,元大-東泰,2024-11-07,9817
2615,萬海,62,32,30,元大-東泰,2024-11-07,9817
00753L,中信中國50正2,30,4,26,元大-東泰,2024-11-07,9817
2633,台灣高鐵,23,0,23,元大-東泰,2024-11-07,9817
00946,群益科技高息成長,21,0,21,元大-東泰,2024-11-07,9817
8032,光菱,26,6,20,元大-東泰,2024-11-07,9817
2302,麗正,21,1,20,元大-東泰,2024-11-07,9817
2885,元大金,20,2,18,元大-東泰,2024-11-07,9817
6116,彩晶,22,4,18,元大-東泰,2024-11-07,9817
00878,國泰永續高股息,70,53,17,元大-東泰,2024-11-07,9817
9105,泰金寶-DR,53,36,17,元大-東泰,2024-11-07,9817
2892,第一金,17,0,17,元大-東泰,2024-11-07,9817
00713,元大台灣高息低波,16,0,16,元大-東泰,2024-11-07,9817
00725B,國泰投資級公司債,25,10,15,元大-東泰,2024-11-07,9817
2337,旺宏,25,10,15,元大-東泰,2024-11-07,9817
1536,和大,21,6,15,元大-東泰,2024-11-07,9817
00669R,國泰美國道瓊反1,14,0,14,元大-東泰,2024-11-07,9817
4503,金雨,13,0,13,元大-東泰,2024-11-07,9817
8069,元太,17,4,13,元大-東泰,2024-11-07,9817
6609,瀧澤科,20,8,12,元大-東泰,2024-11-07,9817
1515,力山,12,0,12,元大-東泰,2024-11-07,9817
4562,穎漢,17,5,12,元大-東泰,2024-11-07,9817
00632R,元大台灣50反1,12,1,11,元大-東泰,2024-11-07,9817
4716,大立,13,2,11,元大-東泰,2024-11-07,9817
1229,聯華,10,0,10,元大-東泰,2024-11-07,9817
2425,承啟,16,6,10,元大-東泰,2024-11-07,9817
00941,中信上游半導體,10,0,10,元大-東泰,2024-11-07,9817
00920,富邦ESG綠色電力,10,0,10,元大-東泰,2024-11-07,9817
2834,臺企銀,10,0,10,元大-東泰,2024-11-07,9817
2913,農林,10,0,10,元大-東泰,2024-11-07,9817
3490,單井,10,0,10,元大-東泰,2024-11-07,9817
1815,富喬,29,19,10,元大-東泰,2024-11-07,9817
00894,中信小資高價30,10,0,10,元大-東泰,2024-11-07,9817
3189,景碩,20,11,9,元大-東泰,2024-11-07,9817
2014,中鴻,96,87,9,元大-東泰,2024-11-07,9817
00632R,元大台灣50反1,231,27,204,元大-東泰,2024-11-08,9817
2303,聯電,190,34,156,元大-東泰,2024-11-08,9817
2344,華邦電,162,10,152,元大-東泰,2024-11-08,9817
9105,泰金寶-DR,138,7,131,元大-東泰,2024-11-08,9817
00878,國泰永續高股息,131,3,128,元大-東泰,2024-11-08,9817
3062,建漢,132,14,118,元大-東泰,2024-11-08,9817
00937B,群益ESG投等債20,148,34,114,元大-東泰,2024-11-08,9817
00929,復華台灣科技優息,103,6,97,元大-東泰,2024-11-08,9817
00740B,富邦全球投等債,85,0,85,元大-東泰,2024-11-08,9817
1815,富喬,72,5,67,元大-東泰,2024-11-08,9817
00753L,中信中國50正2,292,244,48,元大-東泰,2024-11-08,9817
2302,麗正,40,1,39,元大-東泰,2024-11-08,9817
00637L,元大滬深300正2,229,195,34,元大-東泰,2024-11-08,9817
2027,大成鋼,53,22,31,元大-東泰,2024-11-08,9817
2353,宏��,29,0,29,元大-東泰,2024-11-08,9817
6282,康舒,24,0,24,元大-東泰,2024-11-08,9817
3537,堡達,23,0,23,元大-東泰,2024-11-08,9817
2613,中櫃,28,6,22,元大-東泰,2024-11-08,9817
2313,華通,25,3,22,元大-東泰,2024-11-08,9817
00673R,期元大S＆P原油反1,21,0,21,元大-東泰,2024-11-08,9817
6791,虎門科技,21,0,21,元大-東泰,2024-11-08,9817
2392,正崴,91,70,21,元大-東泰,2024-11-08,9817
2012,春雨,20,0,20,元大-東泰,2024-11-08,9817
2431,聯昌,24,4,20,元大-東泰,2024-11-08,9817
2368,金像電,32,12,20,元大-東泰,2024-11-08,9817
00680L,元大美債20正2,31,11,20,元大-東泰,2024-11-08,9817
2371,大同,24,5,19,元大-東泰,2024-11-08,9817
6505,台塑化,28,10,18,元大-東泰,2024-11-08,9817
00894,中信小資高價30,18,0,18,元大-東泰,2024-11-08,9817
6609,瀧澤科,28,10,18,元大-東泰,2024-11-08,9817
3260,威剛,20,3,17,元大-東泰,2024-11-08,9817
00795B,中信美國公債20年,27,10,17,元大-東泰,2024-11-08,9817
2489,瑞軒,22,5,17,元大-東泰,2024-11-08,9817
6191,精成科,32,15,17,元大-東泰,2024-11-08,9817
2388,威盛,29,12,17,元大-東泰,2024-11-08,9817
2367,燿華,65,49,16,元大-東泰,2024-11-08,9817
6285,啟��,15,0,15,元大-東泰,2024-11-08,9817
1806,冠軍,15,0,15,元大-東泰,2024-11-08,9817
6143,振曜,15,1,14,元大-東泰,2024-11-08,9817
00684R,期元大美元指反1,14,0,14,元大-東泰,2024-11-08,9817
2457,飛宏,14,0,14,元大-東泰,2024-11-08,9817
1711,永光,14,0,14,元大-東泰,2024-11-08,9817
3303,岱稜,15,1,14,元大-東泰,2024-11-08,9817
6770,力積電,21,7,14,元大-東泰,2024-11-08,9817
1802,台玻,16,2,14,元大-東泰,2024-11-08,9817
3481,群創,62,49,13,元大-東泰,2024-11-08,9817
00943,兆豐電子高息等權,13,0,13,元大-東泰,2024-11-08,9817
2329,華泰,14,1,13,元大-東泰,2024-11-08,9817
2891,中信金,48,35,13,元大-東泰,2024-11-08,9817
00905,FT臺灣Smart,16,3,13,元大-東泰,2024-11-08,9817
00919,群益台灣精選高息,431,10,421,元大-東泰,2024-11-11,9817
00937B,群益ESG投等債20,222,101,121,元大-東泰,2024-11-11,9817
00878,國泰永續高股息,136,22,114,元大-東泰,2024-11-11,9817
3231,緯創,140,30,110,元大-東泰,2024-11-11,9817
3576,聯合再生,102,0,102,元大-東泰,2024-11-11,9817
2302,麗正,100,1,99,元大-東泰,2024-11-11,9817
5243,乙盛-KY,104,5,99,元大-東泰,2024-11-11,9817
00753L,中信中國50正2,128,51,77,元大-東泰,2024-11-11,9817
00929,復華台灣科技優息,102,51,51,元大-東泰,2024-11-11,9817
1708,東鹼,53,8,45,元大-東泰,2024-11-11,9817
1584,精剛,43,0,43,元大-東泰,2024-11-11,9817
2344,華邦電,52,9,43,元大-東泰,2024-11-11,9817
2312,金寶,41,4,37,元大-東泰,2024-11-11,9817
00930,永豐ESG低碳高息,33,0,33,元大-東泰,2024-11-11,9817
00943,兆豐電子高息等權,32,0,32,元大-東泰,2024-11-11,9817
2609,陽明,41,9,32,元大-東泰,2024-11-11,9817
2353,宏��,34,4,30,元大-東泰,2024-11-11,9817
00795B,中信美國公債20年,30,0,30,元大-東泰,2024-11-11,9817
2323,中環,30,0,30,元大-東泰,2024-11-11,9817
1605,華新,28,1,27,元大-東泰,2024-11-11,9817
1308,亞聚,39,12,27,元大-東泰,2024-11-11,9817
00932,兆豐永續高息等權,33,6,27,元大-東泰,2024-11-11,9817
3189,景碩,34,10,24,元大-東泰,2024-11-11,9817
2301,光寶科,43,20,23,元大-東泰,2024-11-11,9817
8261,富鼎,22,1,21,元大-東泰,2024-11-11,9817
8927,北基,20,0,20,元大-東泰,2024-11-11,9817
00642U,期元大S＆P石油,20,0,20,元大-東泰,2024-11-11,9817
4933,友輝,20,0,20,元大-東泰,2024-11-11,9817
2449,京元電子,76,56,20,元大-東泰,2024-11-11,9817
00757,統一FANG+,20,1,19,元大-東泰,2024-11-11,9817
2377,微星,21,2,19,元大-東泰,2024-11-11,9817
006208,富邦台50,19,0,19,元大-東泰,2024-11-11,9817
2388,威盛,29,11,18,元大-東泰,2024-11-11,9817
2303,聯電,50,32,18,元大-東泰,2024-11-11,9817
8086,宏捷科,20,3,17,元大-東泰,2024-11-11,9817
1586,和勤,17,0,17,元大-東泰,2024-11-11,9817
6703,軒郁,16,0,16,元大-東泰,2024-11-11,9817
4979,華星光,32,16,16,元大-東泰,2024-11-11,9817
2615,萬海,58,42,16,元大-東泰,2024-11-11,9817
1312,國喬,15,0,15,元大-東泰,2024-11-11,9817
3689,湧德,17,2,15,元大-東泰,2024-11-11,9817
2834,臺企銀,14,0,14,元大-東泰,2024-11-11,9817
2489,瑞軒,14,0,14,元大-東泰,2024-11-11,9817
3303,岱稜,48,34,14,元大-東泰,2024-11-11,9817
1301,台塑,47,34,13,元大-東泰,2024-11-11,9817
6443,元晶,13,0,13,元大-東泰,2024-11-11,9817
00637L,元大滬深300正2,193,180,13,元大-東泰,2024-11-11,9817
5871,中租-KY,12,0,12,元大-東泰,2024-11-11,9817
5351,鈺創,12,0,12,元大-東泰,2024-11-11,9817
2368,金像電,13,2,11,元大-東泰,2024-11-11,9817
2409,友達,632,0,632,元大-東泰,2024-11-12,9817
3576,聯合再生,413,0,413,元大-東泰,2024-11-12,9817
00878,國泰永續高股息,367,8,359,元大-東泰,2024-11-12,9817
2356,英業達,277,29,248,元大-東泰,2024-11-12,9817
2883,凱基金,206,26,180,元大-東泰,2024-11-12,9817
1314,中石化,173,10,163,元大-東泰,2024-11-12,9817
00635U,期元大S＆P黃金,110,0,110,元大-東泰,2024-11-12,9817
00945B,凱基美國非投等債,110,0,110,元大-東泰,2024-11-12,9817
00943,兆豐電子高息等權,78,0,78,元大-東泰,2024-11-12,9817
0056,元大高股息,87,10,77,元大-東泰,2024-11-12,9817
2344,華邦電,84,19,65,元大-東泰,2024-11-12,9817
00929,復華台灣科技優息,107,43,64,元大-東泰,2024-11-12,9817
5243,乙盛-KY,65,7,58,元大-東泰,2024-11-12,9817
2609,陽明,101,45,56,元大-東泰,2024-11-12,9817
3481,群創,52,2,50,元大-東泰,2024-11-12,9817
2328,廣宇,77,28,49,元大-東泰,2024-11-12,9817
006208,富邦台50,48,0,48,元大-東泰,2024-11-12,9817
2317,鴻海,67,22,45,元大-東泰,2024-11-12,9817
2313,華通,43,0,43,元大-東泰,2024-11-12,9817
8089,康全電訊,46,3,43,元大-東泰,2024-11-12,9817
2387,精元,48,5,43,元大-東泰,2024-11-12,9817
8046,南電,41,0,41,元大-東泰,2024-11-12,9817
2887,台新金,40,0,40,元大-東泰,2024-11-12,9817
00922,國泰台灣領袖50,34,0,34,元大-東泰,2024-11-12,9817
2002,中鋼,33,0,33,元大-東泰,2024-11-12,9817
00715L,期街口布蘭特正2,34,1,33,元大-東泰,2024-11-12,9817
6235,華孚,32,0,32,元大-東泰,2024-11-12,9817
5871,中租-KY,42,10,32,元大-東泰,2024-11-12,9817
2363,矽統,33,4,29,元大-東泰,2024-11-12,9817
00642U,期元大S＆P石油,27,0,27,元大-東泰,2024-11-12,9817
00915,凱基優選高股息30,27,0,27,元大-東泰,2024-11-12,9817
00932,兆豐永續高息等權,56,30,26,元大-東泰,2024-11-12,9817
2834,臺企銀,25,0,25,元大-東泰,2024-11-12,9817
00830,國泰費城半導體,24,0,24,元大-東泰,2024-11-12,9817
1528,恩德,34,12,22,元大-東泰,2024-11-12,9817
00934,中信成長高股息,21,0,21,元大-東泰,2024-11-12,9817
00665L,富邦�琤肭磪囓�2,23,2,21,元大-東泰,2024-11-12,9817
2845,遠東銀,21,0,21,元大-東泰,2024-11-12,9817
8032,光菱,42,22,20,元大-東泰,2024-11-12,9817
2615,萬海,69,49,20,元大-東泰,2024-11-12,9817
2382,廣達,26,6,20,元大-東泰,2024-11-12,9817
00686R,群益臺灣加權反1,20,0,20,元大-東泰,2024-11-12,9817
3013,晟銘電,40,20,20,元大-東泰,2024-11-12,9817
00930,永豐ESG低碳高息,19,0,19,元大-東泰,2024-11-12,9817
5483,中美晶,26,7,19,元大-東泰,2024-11-12,9817
2330,台積電,26,7,19,元大-東泰,2024-11-12,9817
1301,台塑,21,3,18,元大-東泰,2024-11-12,9817
00713,元大台灣高息低波,18,0,18,元大-東泰,2024-11-12,9817
1805,寶徠,18,0,18,元大-東泰,2024-11-12,9817
6177,達麗,17,0,17,元大-東泰,2024-11-12,9817
00942B,台新美A公司債20+,488,0,488,元大-東泰,2024-11-13,9817
00680L,元大美債20正2,224,4,220,元大-東泰,2024-11-13,9817
00878,國泰永續高股息,164,2,162,元大-東泰,2024-11-13,9817
00687B,國泰20年美債,131,30,101,元大-東泰,2024-11-13,9817
2883,凱基金,174,74,100,元大-東泰,2024-11-13,9817
3520,華盈,71,4,67,元大-東泰,2024-11-13,9817
2409,友達,68,8,60,元大-東泰,2024-11-13,9817
2027,大成鋼,59,4,55,元大-東泰,2024-11-13,9817
2449,京元電子,81,28,53,元大-東泰,2024-11-13,9817
00945B,凱基美國非投等債,100,50,50,元大-東泰,2024-11-13,9817
00929,復華台灣科技優息,58,11,47,元大-東泰,2024-11-13,9817
1708,東鹼,50,7,43,元大-東泰,2024-11-13,9817
3481,群創,70,27,43,元大-東泰,2024-11-13,9817
3706,神達,239,201,38,元大-東泰,2024-11-13,9817
00635U,期元大S＆P黃金,37,0,37,元大-東泰,2024-11-13,9817
6177,達麗,37,0,37,元大-東泰,2024-11-13,9817
0056,元大高股息,39,2,37,元大-東泰,2024-11-13,9817
00919,群益台灣精選高息,35,1,34,元大-東泰,2024-11-13,9817
2834,臺企銀,33,0,33,元大-東泰,2024-11-13,9817
2344,華邦電,55,23,32,元大-東泰,2024-11-13,9817
00795B,中信美國公債20年,34,3,31,元大-東泰,2024-11-13,9817
2891,中信金,92,62,30,元大-東泰,2024-11-13,9817
4306,炎洲,30,0,30,元大-東泰,2024-11-13,9817
1513,中興電,27,0,27,元大-東泰,2024-11-13,9817
6505,台塑化,26,0,26,元大-東泰,2024-11-13,9817
006208,富邦台50,26,0,26,元大-東泰,2024-11-13,9817
1717,長興,25,0,25,元大-東泰,2024-11-13,9817
1308,亞聚,24,0,24,元大-東泰,2024-11-13,9817
6763,綠界科技*,35,14,21,元大-東泰,2024-11-13,9817
2108,南帝,20,0,20,元大-東泰,2024-11-13,9817
3209,全科,20,0,20,元大-東泰,2024-11-13,9817
2302,麗正,20,0,20,元大-東泰,2024-11-13,9817
2330,台積電,24,5,19,元大-東泰,2024-11-13,9817
5438,東友,22,4,18,元大-東泰,2024-11-13,9817
00684R,期元大美元指反1,18,0,18,元大-東泰,2024-11-13,9817
2408,南亞科,20,2,18,元大-東泰,2024-11-13,9817
00713,元大台灣高息低波,19,1,18,元大-東泰,2024-11-13,9817
2489,瑞軒,17,0,17,元大-東泰,2024-11-13,9817
3234,光環,17,0,17,元大-東泰,2024-11-13,9817
00679B,元大美債20年,27,10,17,元大-東泰,2024-11-13,9817
2426,鼎元,17,0,17,元大-東泰,2024-11-13,9817
3149,正達,16,0,16,元大-東泰,2024-11-13,9817
8112,至上,20,4,16,元大-東泰,2024-11-13,9817
00932,兆豐永續高息等權,15,0,15,元大-東泰,2024-11-13,9817
2314,台揚,17,2,15,元大-東泰,2024-11-13,9817
00882,中信中國高股息,26,11,15,元大-東泰,2024-11-13,9817
8213,志超,15,0,15,元大-東泰,2024-11-13,9817
1785,光洋科,16,2,14,元大-東泰,2024-11-13,9817
2605,新興,15,2,13,元大-東泰,2024-11-13,9817
2427,三商電,13,0,13,元大-東泰,2024-11-13,9817
2409,友達,531,14,517,元大-東泰,2024-11-14,9817
00878,國泰永續高股息,406,1,405,元大-東泰,2024-11-14,9817
00929,復華台灣科技優息,246,16,230,元大-東泰,2024-11-14,9817
00679B,元大美債20年,104,1,103,元大-東泰,2024-11-14,9817
2303,聯電,91,13,78,元大-東泰,2024-11-14,9817
3231,緯創,92,16,76,元大-東泰,2024-11-14,9817
00940,元大台灣價值高息,82,7,75,元大-東泰,2024-11-14,9817
00932,兆豐永續高息等權,73,0,73,元大-東泰,2024-11-14,9817
2461,光群雷,70,0,70,元大-東泰,2024-11-14,9817
2449,京元電子,83,20,63,元大-東泰,2024-11-14,9817
0056,元大高股息,63,3,60,元大-東泰,2024-11-14,9817
3481,群創,86,32,54,元大-東泰,2024-11-14,9817
00687B,國泰20年美債,67,21,46,元大-東泰,2024-11-14,9817
00937B,群益ESG投等債20,49,7,42,元大-東泰,2024-11-14,9817
2010,春源,41,0,41,元大-東泰,2024-11-14,9817
2851,中再保,40,0,40,元大-東泰,2024-11-14,9817
00919,群益台灣精選高息,43,5,38,元大-東泰,2024-11-14,9817
2881,富邦金,32,0,32,元大-東泰,2024-11-14,9817
2641,正德,33,1,32,元大-東泰,2024-11-14,9817
4417,金洲,30,0,30,元大-東泰,2024-11-14,9817
2317,鴻海,68,40,28,元大-東泰,2024-11-14,9817
00635U,期元大S＆P黃金,27,0,27,元大-東泰,2024-11-14,9817
3532,台勝科,35,9,26,元大-東泰,2024-11-14,9817
6443,元晶,26,0,26,元大-東泰,2024-11-14,9817
00713,元大台灣高息低波,27,1,26,元大-東泰,2024-11-14,9817
1301,台塑,46,21,25,元大-東泰,2024-11-14,9817
1314,中石化,25,1,24,元大-東泰,2024-11-14,9817
2603,長榮,34,10,24,元大-東泰,2024-11-14,9817
2515,中工,23,0,23,元大-東泰,2024-11-14,9817
00882,中信中國高股息,23,0,23,元大-東泰,2024-11-14,9817
3062,建漢,33,11,22,元大-東泰,2024-11-14,9817
00948B,中信優息投資級債,24,2,22,元大-東泰,2024-11-14,9817
1611,中電,31,10,21,元大-東泰,2024-11-14,9817
006208,富邦台50,21,0,21,元大-東泰,2024-11-14,9817
5324,士開,25,5,20,元大-東泰,2024-11-14,9817
1727,中華化,20,0,20,元大-東泰,2024-11-14,9817
00912,中信臺灣智慧50,20,0,20,元大-東泰,2024-11-14,9817
2892,第一金,19,0,19,元大-東泰,2024-11-14,9817
00753L,中信中國50正2,24,5,19,元大-東泰,2024-11-14,9817
2344,華邦電,40,21,19,元大-東泰,2024-11-14,9817
2353,宏��,22,4,18,元大-東泰,2024-11-14,9817
2882,國泰金,18,0,18,元大-東泰,2024-11-14,9817
3049,精金,19,1,18,元大-東泰,2024-11-14,9817
2646,星宇航空,17,0,17,元大-東泰,2024-11-14,9817
2534,宏盛,17,0,17,元大-東泰,2024-11-14,9817
00943,兆豐電子高息等權,17,0,17,元大-東泰,2024-11-14,9817
2883,凱基金,91,74,17,元大-東泰,2024-11-14,9817
00650L,復華香港正2,20,3,17,元大-東泰,2024-11-14,9817
1303,南亞,16,0,16,元大-東泰,2024-11-14,9817
2401,凌陽,16,0,16,元大-東泰,2024-11-14,9817
00878,國泰永續高股息,517,13,504,元大-東泰,2024-11-15,9817
00632R,元大台灣50反1,164,11,153,元大-東泰,2024-11-15,9817
00937B,群益ESG投等債20,152,3,149,元大-東泰,2024-11-15,9817
2317,鴻海,150,40,110,元大-東泰,2024-11-15,9817
3706,神達,360,293,67,元大-東泰,2024-11-15,9817
00637L,元大滬深300正2,276,212,64,元大-東泰,2024-11-15,9817
1464,得力,63,0,63,元大-東泰,2024-11-15,9817
2449,京元電子,80,25,55,元大-東泰,2024-11-15,9817
2382,廣達,69,14,55,元大-東泰,2024-11-15,9817
1618,合機,52,11,41,元大-東泰,2024-11-15,9817
00929,復華台灣科技優息,78,44,34,元大-東泰,2024-11-15,9817
00753L,中信中國50正2,33,0,33,元大-東泰,2024-11-15,9817
2324,仁寶,60,29,31,元大-東泰,2024-11-15,9817
3673,TPK-KY,29,0,29,元大-東泰,2024-11-15,9817
00757,統一FANG+,30,2,28,元大-東泰,2024-11-15,9817
00679B,元大美債20年,63,36,27,元大-東泰,2024-11-15,9817
00882,中信中國高股息,49,25,24,元大-東泰,2024-11-15,9817
2440,太空梭,22,0,22,元大-東泰,2024-11-15,9817
1446,宏和,25,3,22,元大-東泰,2024-11-15,9817
2363,矽統,25,4,21,元大-東泰,2024-11-15,9817
5309,系統電,47,26,21,元大-東泰,2024-11-15,9817
00891,中信關鍵半導體,20,0,20,元大-東泰,2024-11-15,9817
2845,遠東銀,20,0,20,元大-東泰,2024-11-15,9817
2002,中鋼,22,2,20,元大-東泰,2024-11-15,9817
00905,FT臺灣Smart,20,0,20,元大-東泰,2024-11-15,9817
2353,宏��,21,1,20,元大-東泰,2024-11-15,9817
2356,英業達,24,4,20,元大-東泰,2024-11-15,9817
2344,華邦電,108,90,18,元大-東泰,2024-11-15,9817
8039,台虹,20,2,18,元大-東泰,2024-11-15,9817
2634,漢翔,16,0,16,元大-東泰,2024-11-15,9817
00887,永豐中國科技50大,15,0,15,元大-東泰,2024-11-15,9817
2303,聯電,17,2,15,元大-東泰,2024-11-15,9817
6282,康舒,15,2,13,元大-東泰,2024-11-15,9817
00830,國泰費城半導體,12,0,12,元大-東泰,2024-11-15,9817
4543,萬在,12,0,12,元大-東泰,2024-11-15,9817
3045,台灣大,12,0,12,元大-東泰,2024-11-15,9817
00687B,國泰20年美債,32,21,11,元大-東泰,2024-11-15,9817
1718,中纖,11,0,11,元大-東泰,2024-11-15,9817
00945B,凱基美國非投等債,10,0,10,元大-東泰,2024-11-15,9817
6179,亞通,10,0,10,元大-東泰,2024-11-15,9817
4108,懷特,10,0,10,元大-東泰,2024-11-15,9817
4417,金洲,10,0,10,元大-東泰,2024-11-15,9817
4979,華星光,21,12,9,元大-東泰,2024-11-15,9817
3231,緯創,21,12,9,元大-東泰,2024-11-15,9817
2489,瑞軒,31,22,9,元大-東泰,2024-11-15,9817
3025,星通,9,0,9,元大-東泰,2024-11-15,9817
8064,東捷,10,1,9,元大-東泰,2024-11-15,9817
00943,兆豐電子高息等權,9,0,9,元大-東泰,2024-11-15,9817
2349,錸德,55,47,8,元大-東泰,2024-11-15,9817
00918,大華優利高填息30,17,9,8,元大-東泰,2024-11-15,9817
00878,國泰永續高股息,244,5,239,元大-東泰,2024-11-18,9817
00929,復華台灣科技優息,183,57,126,元大-東泰,2024-11-18,9817
9105,泰金寶-DR,239,146,93,元大-東泰,2024-11-18,9817
0056,元大高股息,88,6,82,元大-東泰,2024-11-18,9817
00679B,元大美債20年,71,10,61,元大-東泰,2024-11-18,9817
2881,富邦金,60,0,60,元大-東泰,2024-11-18,9817
3062,建漢,71,12,59,元大-東泰,2024-11-18,9817
00943,兆豐電子高息等權,56,0,56,元大-東泰,2024-11-18,9817
1464,得力,53,0,53,元大-東泰,2024-11-18,9817
2354,鴻準,128,76,52,元大-東泰,2024-11-18,9817
2387,精元,45,0,45,元大-東泰,2024-11-18,9817
006208,富邦台50,45,1,44,元大-東泰,2024-11-18,9817
00919,群益台灣精選高息,47,9,38,元大-東泰,2024-11-18,9817
5905,南仁湖,36,0,36,元大-東泰,2024-11-18,9817
00713,元大台灣高息低波,34,0,34,元大-東泰,2024-11-18,9817
6763,綠界科技*,37,5,32,元大-東泰,2024-11-18,9817
1307,三芳,32,2,30,元大-東泰,2024-11-18,9817
00652,富邦印度,29,0,29,元大-東泰,2024-11-18,9817
00887,永豐中國科技50大,29,2,27,元大-東泰,2024-11-18,9817
1471,首利,30,4,26,元大-東泰,2024-11-18,9817
00637L,元大滬深300正2,238,213,25,元大-東泰,2024-11-18,9817
2312,金寶,85,61,24,元大-東泰,2024-11-18,9817
00905,FT臺灣Smart,23,0,23,元大-東泰,2024-11-18,9817
00715L,期街口布蘭特正2,34,12,22,元大-東泰,2024-11-18,9817
3673,TPK-KY,22,0,22,元大-東泰,2024-11-18,9817
6257,矽格,22,0,22,元大-東泰,2024-11-18,9817
1447,力鵬,21,0,21,元大-東泰,2024-11-18,9817
00673R,期元大S＆P原油反1,21,0,21,元大-東泰,2024-11-18,9817
2883,凱基金,236,216,20,元大-東泰,2024-11-18,9817
2911,麗嬰房,20,0,20,元大-東泰,2024-11-18,9817
3231,緯創,25,5,20,元大-東泰,2024-11-18,9817
00642U,期元大S＆P石油,20,1,19,元大-東泰,2024-11-18,9817
00934,中信成長高股息,28,9,19,元大-東泰,2024-11-18,9817
00770,國泰北美科技,18,0,18,元大-東泰,2024-11-18,9817
1605,華新,19,3,16,元大-東泰,2024-11-18,9817
3234,光環,16,0,16,元大-東泰,2024-11-18,9817
00945B,凱基美國非投等債,15,0,15,元大-東泰,2024-11-18,9817
3532,台勝科,15,0,15,元大-東泰,2024-11-18,9817
2425,承啟,15,0,15,元大-東泰,2024-11-18,9817
2646,星宇航空,15,0,15,元大-東泰,2024-11-18,9817
8935,邦泰,15,0,15,元大-東泰,2024-11-18,9817
6188,廣明,15,1,14,元大-東泰,2024-11-18,9817
6285,啟��,15,2,13,元大-東泰,2024-11-18,9817
2603,長榮,16,3,13,元大-東泰,2024-11-18,9817
3037,欣興,17,4,13,元大-東泰,2024-11-18,9817
8074,鉅橡,12,0,12,元大-東泰,2024-11-18,9817
3689,湧德,17,5,12,元大-東泰,2024-11-18,9817
1308,亞聚,39,27,12,元大-東泰,2024-11-18,9817
2317,鴻海,48,37,11,元大-東泰,2024-11-18,9817
00915,凱基優選高股息30,14,3,11,元大-東泰,2024-11-18,9817
00753L,中信中國50正2,499,0,499,元大-東泰,2024-11-19,9817
3231,緯創,145,5,140,元大-東泰,2024-11-19,9817
00637L,元大滬深300正2,156,24,132,元大-東泰,2024-11-19,9817
00878,國泰永續高股息,107,14,93,元大-東泰,2024-11-19,9817
1785,光洋科,83,1,82,元大-東泰,2024-11-19,9817
2883,凱基金,261,198,63,元大-東泰,2024-11-19,9817
2027,大成鋼,133,75,58,元大-東泰,2024-11-19,9817
3704,合勤控,58,0,58,元大-東泰,2024-11-19,9817
00930,永豐ESG低碳高息,47,4,43,元大-東泰,2024-11-19,9817
00918,大華優利高填息30,47,5,42,元大-東泰,2024-11-19,9817
1464,得力,42,0,42,元大-東泰,2024-11-19,9817
00680L,元大美債20正2,38,0,38,元大-東泰,2024-11-19,9817
00679B,元大美債20年,35,0,35,元大-東泰,2024-11-19,9817
2891,中信金,34,0,34,元大-東泰,2024-11-19,9817
2317,鴻海,54,24,30,元大-東泰,2024-11-19,9817
2356,英業達,55,26,29,元大-東泰,2024-11-19,9817
2349,錸德,79,53,26,元大-東泰,2024-11-19,9817
2387,精元,24,0,24,元大-東泰,2024-11-19,9817
00905,FT臺灣Smart,23,0,23,元大-東泰,2024-11-19,9817
1307,三芳,24,1,23,元大-東泰,2024-11-19,9817
1708,東鹼,25,2,23,元大-東泰,2024-11-19,9817
8104,錸寶,37,14,23,元大-東泰,2024-11-19,9817
3481,群創,61,42,19,元大-東泰,2024-11-19,9817
00631L,元大台灣50正2,18,0,18,元大-東泰,2024-11-19,9817
2312,金寶,108,92,16,元大-東泰,2024-11-19,9817
4967,十銓,15,0,15,元大-東泰,2024-11-19,9817
2884,玉山金,15,1,14,元大-東泰,2024-11-19,9817
00937B,群益ESG投等債20,51,37,14,元大-東泰,2024-11-19,9817
5347,世界,14,1,13,元大-東泰,2024-11-19,9817
2002,中鋼,18,5,13,元大-東泰,2024-11-19,9817
3338,泰碩,13,0,13,元大-東泰,2024-11-19,9817
1528,恩德,26,14,12,元大-東泰,2024-11-19,9817
1527,鑽全,12,0,12,元大-東泰,2024-11-19,9817
00919,群益台灣精選高息,17,5,12,元大-東泰,2024-11-19,9817
2646,星宇航空,16,5,11,元大-東泰,2024-11-19,9817
00924,復華S＆P500成長,11,0,11,元大-東泰,2024-11-19,9817
3520,華盈,10,0,10,元大-東泰,2024-11-19,9817
00713,元大台灣高息低波,11,1,10,元大-東泰,2024-11-19,9817
2882,國泰金,12,2,10,元大-東泰,2024-11-19,9817
3576,聯合再生,12,2,10,元大-東泰,2024-11-19,9817
4960,誠美材,10,0,10,元大-東泰,2024-11-19,9817
3202,樺晟,10,0,10,元大-東泰,2024-11-19,9817
2426,鼎元,10,0,10,元大-東泰,2024-11-19,9817
1909,榮成,10,0,10,元大-東泰,2024-11-19,9817
6271,同欣電,10,0,10,元大-東泰,2024-11-19,9817
2014,中鴻,10,0,10,元大-東泰,2024-11-19,9817
00945B,凱基美國非投等債,10,0,10,元大-東泰,2024-11-19,9817
1303,南亞,14,5,9,元大-東泰,2024-11-19,9817
00708L,期元大S＆P黃金正2,9,0,9,元大-東泰,2024-11-19,9817
5386,青雲,9,0,9,元大-東泰,2024-11-19,9817
00937B,群益ESG投等債20,374,5,369,元大-東泰,2024-11-20,9817
2354,鴻準,175,41,134,元大-東泰,2024-11-20,9817
00632R,元大台灣50反1,120,17,103,元大-東泰,2024-11-20,9817
3036,文曄,106,7,99,元大-東泰,2024-11-20,9817
00918,大華優利高填息30,53,5,48,元大-東泰,2024-11-20,9817
6770,力積電,46,4,42,元大-東泰,2024-11-20,9817
00878,國泰永續高股息,44,5,39,元大-東泰,2024-11-20,9817
00919,群益台灣精選高息,45,5,40,元大-東泰,2024-11-20,9817
2344,華邦電,51,21,30,元大-東泰,2024-11-20,9817
3711,日月光投控,30,0,30,元大-東泰,2024-11-20,9817
2845,遠東銀,30,0,30,元大-東泰,2024-11-20,9817
0056,元大高股息,29,1,28,元大-東泰,2024-11-20,9817
2105,正新,46,20,26,元大-東泰,2024-11-20,9817
3625,西勝,26,1,25,元大-東泰,2024-11-20,9817
3447,展達,33,10,23,元大-東泰,2024-11-20,9817
2880,華南金,23,0,23,元大-東泰,2024-11-20,9817
2888,新光金,31,10,21,元大-東泰,2024-11-20,9817
6160,欣技,25,4,21,元大-東泰,2024-11-20,9817
2409,友達,31,10,21,元大-東泰,2024-11-20,9817
2603,長榮,31,11,20,元大-東泰,2024-11-20,9817
2303,聯電,28,8,20,元大-東泰,2024-11-20,9817
5905,南仁湖,20,0,20,元大-東泰,2024-11-20,9817
3591,艾笛森,20,0,20,元大-東泰,2024-11-20,9817
00943,兆豐電子高息等權,20,0,20,元大-東泰,2024-11-20,9817
3594,磐儀,62,43,19,元大-東泰,2024-11-20,9817
2887,台新金,21,3,18,元大-東泰,2024-11-20,9817
2882,國泰金,18,1,17,元大-東泰,2024-11-20,9817
2317,鴻海,28,12,16,元大-東泰,2024-11-20,9817
00725B,國泰投資級公司債,16,0,16,元大-東泰,2024-11-20,9817
6235,華孚,22,8,14,元大-東泰,2024-11-20,9817
3231,緯創,24,11,13,元大-東泰,2024-11-20,9817
8215,明基材,13,0,13,元大-東泰,2024-11-20,9817
2330,台積電,18,5,13,元大-東泰,2024-11-20,9817
5309,系統電,15,3,12,元大-東泰,2024-11-20,9817
2449,京元電子,59,47,12,元大-東泰,2024-11-20,9817
1464,得力,12,0,12,元大-東泰,2024-11-20,9817
2911,麗嬰房,12,0,12,元大-東泰,2024-11-20,9817
2392,正崴,19,7,12,元大-東泰,2024-11-20,9817
6505,台塑化,12,0,12,元大-東泰,2024-11-20,9817
2356,英業達,70,59,11,元大-東泰,2024-11-20,9817
6257,矽格,11,0,11,元大-東泰,2024-11-20,9817
1303,南亞,11,0,11,元大-東泰,2024-11-20,9817
1449,佳和,13,2,11,元大-東泰,2024-11-20,9817
3520,華盈,47,37,10,元大-東泰,2024-11-20,9817
00963,中信全球高股息,10,0,10,元大-東泰,2024-11-20,9817
6791,虎門科技,10,0,10,元大-東泰,2024-11-20,9817
2477,美隆電,10,0,10,元大-東泰,2024-11-20,9817
3221,台嘉碩,10,0,10,元大-東泰,2024-11-20,9817
1905,華紙,10,0,10,元大-東泰,2024-11-20,9817
3576,聯合再生,10,0,10,元大-東泰,2024-11-20,9817
00937B,群益ESG投等債20,112,0,112,元大-東泰,2024-11-21,9817
2303,聯電,79,11,68,元大-東泰,2024-11-21,9817
2883,凱基金,171,112,59,元大-東泰,2024-11-21,9817
2317,鴻海,71,33,38,元大-東泰,2024-11-21,9817
3704,合勤控,34,0,34,元大-東泰,2024-11-21,9817
2027,大成鋼,39,5,34,元大-東泰,2024-11-21,9817
00878,國泰永續高股息,55,23,32,元大-東泰,2024-11-21,9817
6550,北極星藥業-KY,27,1,26,元大-東泰,2024-11-21,9817
2425,承啟,47,21,26,元大-東泰,2024-11-21,9817
00679B,元大美債20年,31,7,24,元大-東泰,2024-11-21,9817
006208,富邦台50,22,0,22,元大-東泰,2024-11-21,9817
00915,凱基優選高股息30,25,3,22,元大-東泰,2024-11-21,9817
00953B,群益優選非投等債,20,0,20,元大-東泰,2024-11-21,9817
1455,集盛,20,0,20,元大-東泰,2024-11-21,9817
00919,群益台灣精選高息,25,6,19,元大-東泰,2024-11-21,9817
2330,台積電,24,6,18,元大-東泰,2024-11-21,9817
00918,大華優利高填息30,23,5,18,元大-東泰,2024-11-21,9817
6235,華孚,31,13,18,元大-東泰,2024-11-21,9817
2324,仁寶,27,10,17,元大-東泰,2024-11-21,9817
2002,中鋼,20,3,17,元大-東泰,2024-11-21,9817
2344,華邦電,145,130,15,元大-東泰,2024-11-21,9817
2881,富邦金,24,9,15,元大-東泰,2024-11-21,9817
00830,國泰費城半導體,15,0,15,元大-東泰,2024-11-21,9817
2413,環科,38,23,15,元大-東泰,2024-11-21,9817
2630,亞航,15,0,15,元大-東泰,2024-11-21,9817
2882,國泰金,13,0,13,元大-東泰,2024-11-21,9817
2204,中華,83,70,13,元大-東泰,2024-11-21,9817
0056,元大高股息,16,3,13,元大-東泰,2024-11-21,9817
6505,台塑化,11,1,10,元大-東泰,2024-11-21,9817
2812,台中銀,20,10,10,元大-東泰,2024-11-21,9817
6141,柏承,10,0,10,元大-東泰,2024-11-21,9817
2332,友訊,10,0,10,元大-東泰,2024-11-21,9817
3520,華盈,15,5,10,元大-東泰,2024-11-21,9817
2440,太空梭,10,0,10,元大-東泰,2024-11-21,9817
1434,福懋,10,0,10,元大-東泰,2024-11-21,9817
2539,櫻花建,10,0,10,元大-東泰,2024-11-21,9817
00882,中信中國高股息,10,0,10,元大-東泰,2024-11-21,9817
9925,新保,10,0,10,元大-東泰,2024-11-21,9817
5512,力麒,10,0,10,元大-東泰,2024-11-21,9817
0050,元大台灣50,10,0,10,元大-東泰,2024-11-21,9817
2890,永豐金,10,0,10,元大-東泰,2024-11-21,9817
8249,菱光,12,3,9,元大-東泰,2024-11-21,9817
2905,三商,9,0,9,元大-東泰,2024-11-21,9817
3711,日月光投控,15,6,9,元大-東泰,2024-11-21,9817
5457,宣德,9,0,9,元大-東泰,2024-11-21,9817
2399,映泰,9,0,9,元大-東泰,2024-11-21,9817
00715L,期街口布蘭特正2,9,0,9,元大-東泰,2024-11-21,9817
2439,美律,12,3,9,元大-東泰,2024-11-21,9817
2884,玉山金,9,0,9,元大-東泰,2024-11-21,9817
00922,國泰台灣領袖50,9,0,9,元大-東泰,2024-11-21,9817
3003,健和興,100,0,100,元大-東泰,2024-11-22,9817
2489,瑞軒,101,3,98,元大-東泰,2024-11-22,9817
2883,凱基金,217,137,80,元大-東泰,2024-11-22,9817
00665L,富邦�琤肭磪囓�2,68,0,68,元大-東泰,2024-11-22,9817
00882,中信中國高股息,66,1,65,元大-東泰,2024-11-22,9817
1563,巧新,66,5,61,元大-東泰,2024-11-22,9817
3706,神達,269,210,59,元大-東泰,2024-11-22,9817
4958,臻鼎-KY,55,1,54,元大-東泰,2024-11-22,9817
2344,華邦電,55,4,51,元大-東泰,2024-11-22,9817
912000,晨訊科-DR,140,91,49,元大-東泰,2024-11-22,9817
00684R,期元大美元指反1,45,0,45,元大-東泰,2024-11-22,9817
00753L,中信中國50正2,43,1,42,元大-東泰,2024-11-22,9817
5425,台半,35,0,35,元大-東泰,2024-11-22,9817
2371,大同,51,21,30,元大-東泰,2024-11-22,9817
1301,台塑,34,4,30,元大-東泰,2024-11-22,9817
00712,復華富時不動產,31,2,29,元大-東泰,2024-11-22,9817
2356,英業達,48,20,28,元大-東泰,2024-11-22,9817
6271,同欣電,29,3,26,元大-東泰,2024-11-22,9817
00878,國泰永續高股息,29,4,25,元大-東泰,2024-11-22,9817
2399,映泰,29,4,25,元大-東泰,2024-11-22,9817
2615,萬海,35,10,25,元大-東泰,2024-11-22,9817
00960,野村全球航運龍頭,33,10,23,元大-東泰,2024-11-22,9817
2609,陽明,93,70,23,元大-東泰,2024-11-22,9817
00673R,期元大S＆P原油反1,22,0,22,元大-東泰,2024-11-22,9817
3596,智易,22,0,22,元大-東泰,2024-11-22,9817
2449,京元電子,95,74,21,元大-東泰,2024-11-22,9817
3711,日月光投控,28,7,21,元大-東泰,2024-11-22,9817
6585,鼎基,21,0,21,元大-東泰,2024-11-22,9817
9904,寶成,28,8,20,元大-東泰,2024-11-22,9817
5864,致和證,20,0,20,元大-東泰,2024-11-22,9817
6213,聯茂,22,3,19,元大-東泰,2024-11-22,9817
00937B,群益ESG投等債20,16,0,16,元大-東泰,2024-11-22,9817
00919,群益台灣精選高息,21,6,15,元大-東泰,2024-11-22,9817
2603,長榮,17,4,13,元大-東泰,2024-11-22,9817
2317,鴻海,34,22,12,元大-東泰,2024-11-22,9817
3027,盛達,16,4,12,元大-東泰,2024-11-22,9817
3290,東浦,12,0,12,元大-東泰,2024-11-22,9817
4909,新復興,25,13,12,元大-東泰,2024-11-22,9817
1815,富喬,181,170,11,元大-東泰,2024-11-22,9817
3323,加百裕,35,24,11,元大-東泰,2024-11-22,9817
00887,永豐中國科技50大,11,1,10,元大-東泰,2024-11-22,9817
5905,南仁湖,10,0,10,元大-東泰,2024-11-22,9817
6191,精成科,11,1,10,元大-東泰,2024-11-22,9817
3062,建漢,14,4,10,元大-東泰,2024-11-22,9817
3625,西勝,24,15,9,元大-東泰,2024-11-22,9817
1569,濱川,21,12,9,元大-東泰,2024-11-22,9817
2855,統一證,9,0,9,元大-東泰,2024-11-22,9817
2486,一詮,19,10,9,元大-東泰,2024-11-22,9817
2537,聯上發,12,3,9,元大-東泰,2024-11-22,9817
2429,銘旺科,22,13,9,元大-東泰,2024-11-22,9817
2449,京元電子,158,58,100,元大-東泰,2024-11-25,9817
00680L,元大美債20正2,98,0,98,元大-東泰,2024-11-25,9817
00679B,元大美債20年,101,9,92,元大-東泰,2024-11-25,9817
00637L,元大滬深300正2,102,22,80,元大-東泰,2024-11-25,9817
2891,中信金,89,18,71,元大-東泰,2024-11-25,9817
00919,群益台灣精選高息,65,1,64,元大-東泰,2024-11-25,9817
2324,仁寶,78,14,64,元大-東泰,2024-11-25,9817
2609,陽明,114,63,51,元大-東泰,2024-11-25,9817
3003,健和興,47,3,44,元大-東泰,2024-11-25,9817
2618,長榮航,116,75,41,元大-東泰,2024-11-25,9817
9105,泰金寶-DR,157,118,39,元大-東泰,2024-11-25,9817
2603,長榮,40,3,37,元大-東泰,2024-11-25,9817
2601,益航,37,0,37,元大-東泰,2024-11-25,9817
2356,英業達,49,17,32,元大-東泰,2024-11-25,9817
00885,富邦越南,33,1,32,元大-東泰,2024-11-25,9817
1563,巧新,37,5,32,元大-東泰,2024-11-25,9817
3036,文曄,33,3,30,元大-東泰,2024-11-25,9817
5876,上海商銀,31,5,26,元大-東泰,2024-11-25,9817
2331,精英,25,1,24,元大-東泰,2024-11-25,9817
2489,瑞軒,26,3,23,元大-東泰,2024-11-25,9817
2615,萬海,34,12,22,元大-東泰,2024-11-25,9817
3202,樺晟,20,0,20,元大-東泰,2024-11-25,9817
2387,精元,20,0,20,元大-東泰,2024-11-25,9817
2354,鴻準,47,28,19,元大-東泰,2024-11-25,9817
00882,中信中國高股息,45,26,19,元大-東泰,2024-11-25,9817
2344,華邦電,97,79,18,元大-東泰,2024-11-25,9817
2303,聯電,26,8,18,元大-東泰,2024-11-25,9817
2888,新光金,31,14,17,元大-東泰,2024-11-25,9817
5388,中磊,17,1,16,元大-東泰,2024-11-25,9817
2444,兆勁,16,0,16,元大-東泰,2024-11-25,9817
0056,元大高股息,17,1,16,元大-東泰,2024-11-25,9817
5483,中美晶,18,3,15,元大-東泰,2024-11-25,9817
00945B,凱基美國非投等債,15,0,15,元大-東泰,2024-11-25,9817
5608,四維航,14,0,14,元大-東泰,2024-11-25,9817
2330,台積電,16,2,14,元大-東泰,2024-11-25,9817
2371,大同,23,10,13,元大-東泰,2024-11-25,9817
3037,欣興,19,7,12,元大-東泰,2024-11-25,9817
9136,巨騰-DR,12,0,12,元大-東泰,2024-11-25,9817
2408,南亞科,16,4,12,元大-東泰,2024-11-25,9817
3376,新日興,15,3,12,元大-東泰,2024-11-25,9817
00878,國泰永續高股息,24,13,11,元大-東泰,2024-11-25,9817
6288,聯嘉,13,2,11,元大-東泰,2024-11-25,9817
00665L,富邦�琤肭磪囓�2,11,0,11,元大-東泰,2024-11-25,9817
1708,東鹼,11,0,11,元大-東泰,2024-11-25,9817
00887,永豐中國科技50大,12,1,11,元大-東泰,2024-11-25,9817
3260,威剛,11,0,11,元大-東泰,2024-11-25,9817
2883B,凱基金乙特,10,0,10,元大-東泰,2024-11-25,9817
1776,展宇,10,0,10,元大-東泰,2024-11-25,9817
2243,宏旭-KY,10,0,10,元大-東泰,2024-11-25,9817
00684R,期元大美元指反1,10,0,10,元大-東泰,2024-11-25,9817
00965,元大航太防衛科技,99,0,99,元大-東泰,2024-11-26,9817
8033,雷虎,108,11,97,元大-東泰,2024-11-26,9817
2317,鴻海,122,37,85,元大-東泰,2024-11-26,9817
3003,健和興,84,3,81,元大-東泰,2024-11-26,9817
2344,華邦電,83,9,74,元大-東泰,2024-11-26,9817
00878,國泰永續高股息,71,2,69,元大-東泰,2024-11-26,9817
00918,大華優利高填息30,59,2,57,元大-東泰,2024-11-26,9817
00930,永豐ESG低碳高息,48,2,46,元大-東泰,2024-11-26,9817
00882,中信中國高股息,38,0,38,元大-東泰,2024-11-26,9817
6505,台塑化,45,10,35,元大-東泰,2024-11-26,9817
912000,晨訊科-DR,26,0,26,元大-東泰,2024-11-26,9817
3231,緯創,59,34,25,元大-東泰,2024-11-26,9817
2464,盟立,40,15,25,元大-東泰,2024-11-26,9817
9105,泰金寶-DR,173,150,23,元大-東泰,2024-11-26,9817
3704,合勤控,23,0,23,元大-東泰,2024-11-26,9817
00953B,群益優選非投等債,22,0,22,元大-東泰,2024-11-26,9817
5876,上海商銀,91,70,21,元大-東泰,2024-11-26,9817
2330,台積電,22,2,20,元大-東泰,2024-11-26,9817
00637L,元大滬深300正2,124,106,18,元大-東泰,2024-11-26,9817
3706,神達,180,163,17,元大-東泰,2024-11-26,9817
00715L,期街口布蘭特正2,17,0,17,元大-東泰,2024-11-26,9817
00915,凱基優選高股息30,17,0,17,元大-東泰,2024-11-26,9817
2367,燿華,18,2,16,元大-東泰,2024-11-26,9817
2431,聯昌,15,0,15,元大-東泰,2024-11-26,9817
2312,金寶,384,369,15,元大-東泰,2024-11-26,9817
00905,FT臺灣Smart,26,12,14,元大-東泰,2024-11-26,9817
6213,聯茂,14,0,14,元大-東泰,2024-11-26,9817
2353,宏��,20,6,14,元大-東泰,2024-11-26,9817
4906,正文,15,1,14,元大-東泰,2024-11-26,9817
3019,亞光,15,1,14,元大-東泰,2024-11-26,9817
1449,佳和,15,2,13,元大-東泰,2024-11-26,9817
5425,台半,13,0,13,元大-東泰,2024-11-26,9817
0050,元大台灣50,13,0,13,元大-東泰,2024-11-26,9817
2302,麗正,12,0,12,元大-東泰,2024-11-26,9817
00642U,期元大S＆P石油,12,0,12,元大-東泰,2024-11-26,9817
00949,復華日本龍頭,12,0,12,元大-東泰,2024-11-26,9817
2371,大同,17,6,11,元大-東泰,2024-11-26,9817
3209,全科,11,0,11,元大-東泰,2024-11-26,9817
3545,敦泰,11,0,11,元大-東泰,2024-11-26,9817
6279,胡連,11,0,11,元大-東泰,2024-11-26,9817
2409,友達,11,0,11,元大-東泰,2024-11-26,9817
3234,光環,12,1,11,元大-東泰,2024-11-26,9817
2883,凱基金,228,217,11,元大-東泰,2024-11-26,9817
00713,元大台灣高息低波,10,0,10,元大-東泰,2024-11-26,9817
5443,均豪,12,2,10,元大-東泰,2024-11-26,9817
2243,宏旭-KY,10,0,10,元大-東泰,2024-11-26,9817
2477,美隆電,10,0,10,元大-東泰,2024-11-26,9817
00638R,元大滬深300反1,10,0,10,元大-東泰,2024-11-26,9817
1605,華新,10,0,10,元大-東泰,2024-11-26,9817
00752,中信中國50,10,0,10,元大-東泰,2024-11-26,9817
00664R,國泰臺灣加權反1,500,6,494,元大-東泰,2024-11-27,9817
00919,群益台灣精選高息,264,13,251,元大-東泰,2024-11-27,9817
00878,國泰永續高股息,213,38,175,元大-東泰,2024-11-27,9817
00940,元大台灣價值高息,202,58,144,元大-東泰,2024-11-27,9817
0056,元大高股息,143,5,138,元大-東泰,2024-11-27,9817
00918,大華優利高填息30,104,0,104,元大-東泰,2024-11-27,9817
00932,兆豐永續高息等權,106,4,102,元大-東泰,2024-11-27,9817
2303,聯電,100,8,92,元大-東泰,2024-11-27,9817
2883,凱基金,140,57,83,元大-東泰,2024-11-27,9817
2344,華邦電,346,266,80,元大-東泰,2024-11-27,9817
2609,陽明,189,118,71,元大-東泰,2024-11-27,9817
3231,緯創,101,35,66,元大-東泰,2024-11-27,9817
2409,友達,55,0,55,元大-東泰,2024-11-27,9817
2356,英業達,72,18,54,元大-東泰,2024-11-27,9817
2002,中鋼,41,1,40,元大-東泰,2024-11-27,9817
3704,合勤控,38,0,38,元大-東泰,2024-11-27,9817
00929,復華台灣科技優息,88,52,36,元大-東泰,2024-11-27,9817
2603,長榮,55,19,36,元大-東泰,2024-11-27,9817
9105,泰金寶-DR,259,225,34,元大-東泰,2024-11-27,9817
4958,臻鼎-KY,40,7,33,元大-東泰,2024-11-27,9817
1815,富喬,72,39,33,元大-東泰,2024-11-27,9817
3003,健和興,32,0,32,元大-東泰,2024-11-27,9817
2349,錸德,33,6,27,元大-東泰,2024-11-27,9817
00927,群益半導體收益,25,0,25,元大-東泰,2024-11-27,9817
2317,鴻海,97,74,23,元大-東泰,2024-11-27,9817
6962,ITH-KY,26,3,23,元大-東泰,2024-11-27,9817
00960,野村全球航運龍頭,30,8,22,元大-東泰,2024-11-27,9817
6770,力積電,28,6,22,元大-東泰,2024-11-27,9817
006208,富邦台50,23,2,21,元大-東泰,2024-11-27,9817
2881,富邦金,22,2,20,元大-東泰,2024-11-27,9817
2382,廣達,27,7,20,元大-東泰,2024-11-27,9817
3202,樺晟,20,0,20,元大-東泰,2024-11-27,9817
00634R,富邦上証反1,20,0,20,元大-東泰,2024-11-27,9817
3711,日月光投控,20,0,20,元大-東泰,2024-11-27,9817
2301,光寶科,23,4,19,元大-東泰,2024-11-27,9817
00930,永豐ESG低碳高息,19,0,19,元大-東泰,2024-11-27,9817
2337,旺宏,17,0,17,元大-東泰,2024-11-27,9817
1605,華新,22,5,17,元大-東泰,2024-11-27,9817
3037,欣興,29,12,17,元大-東泰,2024-11-27,9817
3323,加百裕,44,28,16,元大-東泰,2024-11-27,9817
4919,新唐,25,9,16,元大-東泰,2024-11-27,9817
2027,大成鋼,19,3,16,元大-東泰,2024-11-27,9817
2615,萬海,34,18,16,元大-東泰,2024-11-27,9817
0050,元大台灣50,15,0,15,元大-東泰,2024-11-27,9817
2520,冠德,17,2,15,元大-東泰,2024-11-27,9817
00882,中信中國高股息,15,0,15,元大-東泰,2024-11-27,9817
2399,映泰,20,6,14,元大-東泰,2024-11-27,9817
00891,中信關鍵半導體,14,0,14,元大-東泰,2024-11-27,9817
2885,元大金,15,1,14,元大-東泰,2024-11-27,9817
2363,矽統,16,2,14,元大-東泰,2024-11-27,9817
2801,彰銀,205,2,203,元大-東泰,2024-11-28,9817
00878,國泰永續高股息,192,31,161,元大-東泰,2024-11-28,9817
00943,兆豐電子高息等權,122,15,107,元大-東泰,2024-11-28,9817
2312,金寶,157,79,78,元大-東泰,2024-11-28,9817
00919,群益台灣精選高息,138,65,73,元大-東泰,2024-11-28,9817
00664R,國泰臺灣加權反1,70,2,68,元大-東泰,2024-11-28,9817
2429,銘旺科,71,10,61,元大-東泰,2024-11-28,9817
00907,永豐優息存股,85,26,59,元大-東泰,2024-11-28,9817
00918,大華優利高填息30,127,69,58,元大-東泰,2024-11-28,9817
0056,元大高股息,76,22,54,元大-東泰,2024-11-28,9817
2303,聯電,70,28,42,元大-東泰,2024-11-28,9817
4306,炎洲,40,0,40,元大-東泰,2024-11-28,9817
2344,華邦電,45,6,39,元大-東泰,2024-11-28,9817
2317,鴻海,71,38,33,元大-東泰,2024-11-28,9817
9105,泰金寶-DR,324,292,32,元大-東泰,2024-11-28,9817
4414,如興,30,0,30,元大-東泰,2024-11-28,9817
00753L,中信中國50正2,29,2,27,元大-東泰,2024-11-28,9817
00795B,中信美國公債20年,27,0,27,元大-東泰,2024-11-28,9817
2354,鴻準,50,23,27,元大-東泰,2024-11-28,9817
4510,高鋒,125,99,26,元大-東泰,2024-11-28,9817
00713,元大台灣高息低波,28,3,25,元大-東泰,2024-11-28,9817
1605,華新,24,0,24,元大-東泰,2024-11-28,9817
00929,復華台灣科技優息,125,101,24,元大-東泰,2024-11-28,9817
00740B,富邦全球投等債,24,0,24,元大-東泰,2024-11-28,9817
2332,友訊,66,43,23,元大-東泰,2024-11-28,9817
3481,群創,60,39,21,元大-東泰,2024-11-28,9817
00940,元大台灣價值高息,93,72,21,元大-東泰,2024-11-28,9817
00930,永豐ESG低碳高息,29,8,21,元大-東泰,2024-11-28,9817
2323,中環,20,1,19,元大-東泰,2024-11-28,9817
00665L,富邦�琤肭磪囓�2,18,0,18,元大-東泰,2024-11-28,9817
1301,台塑,23,5,18,元大-東泰,2024-11-28,9817
3311,閎暉,16,0,16,元大-東泰,2024-11-28,9817
00900,富邦特選高股息30,16,1,15,元大-東泰,2024-11-28,9817
4958,臻鼎-KY,17,2,15,元大-東泰,2024-11-28,9817
006208,富邦台50,16,2,14,元大-東泰,2024-11-28,9817
00945B,凱基美國非投等債,14,0,14,元大-東泰,2024-11-28,9817
3520,華盈,14,0,14,元大-東泰,2024-11-28,9817
3062,建漢,16,2,14,元大-東泰,2024-11-28,9817
2867,三商壽,21,8,13,元大-東泰,2024-11-28,9817
2324,仁寶,19,6,13,元大-東泰,2024-11-28,9817
2547,日勝生,12,0,12,元大-東泰,2024-11-28,9817
5871,中租-KY,12,1,11,元大-東泰,2024-11-28,9817
5426,振發,11,0,11,元大-東泰,2024-11-28,9817
6606,建德工業,11,0,11,元大-東泰,2024-11-28,9817
2615,萬海,30,19,11,元大-東泰,2024-11-28,9817
2881,富邦金,11,1,10,元大-東泰,2024-11-28,9817
1307,三芳,10,0,10,元大-東泰,2024-11-28,9817
5457,宣德,10,0,10,元大-東泰,2024-11-28,9817
2477,美隆電,10,0,10,元大-東泰,2024-11-28,9817
2611,志信,10,0,10,元大-東泰,2024-11-28,9817
5309,系統電,157,45,112,元大-東泰,2024-11-29,9817
00937B,群益ESG投等債20,113,51,62,元大-東泰,2024-11-29,9817
2301,光寶科,55,0,55,元大-東泰,2024-11-29,9817
1301,台塑,64,11,53,元大-東泰,2024-11-29,9817
3706,神達,362,315,47,元大-東泰,2024-11-29,9817
4306,炎洲,40,0,40,元大-東泰,2024-11-29,9817
00713,元大台灣高息低波,36,0,36,元大-東泰,2024-11-29,9817
00953B,群益優選非投等債,33,0,33,元大-東泰,2024-11-29,9817
2002,中鋼,34,2,32,元大-東泰,2024-11-29,9817
00919,群益台灣精選高息,74,44,30,元大-東泰,2024-11-29,9817
8163,達方,33,3,30,元大-東泰,2024-11-29,9817
00915,凱基優選高股息30,34,5,29,元大-東泰,2024-11-29,9817
2891,中信金,34,6,28,元大-東泰,2024-11-29,9817
0056,元大高股息,30,2,28,元大-東泰,2024-11-29,9817
00753L,中信中國50正2,27,0,27,元大-東泰,2024-11-29,9817
9105,泰金寶-DR,90,63,27,元大-東泰,2024-11-29,9817
00878,國泰永續高股息,220,193,27,元大-東泰,2024-11-29,9817
00929,復華台灣科技優息,31,6,25,元大-東泰,2024-11-29,9817
2356,英業達,32,9,23,元大-東泰,2024-11-29,9817
2330,台積電,25,4,21,元大-東泰,2024-11-29,9817
2886,兆豐金,20,0,20,元大-東泰,2024-11-29,9817
3031,佰鴻,22,2,20,元大-東泰,2024-11-29,9817
1449,佳和,18,0,18,元大-東泰,2024-11-29,9817
2603,長榮,19,3,16,元大-東泰,2024-11-29,9817
5483,中美晶,18,3,15,元大-東泰,2024-11-29,9817
00960,野村全球航運龍頭,13,0,13,元大-東泰,2024-11-29,9817
2317,鴻海,46,33,13,元大-東泰,2024-11-29,9817
2312,金寶,42,29,13,元大-東泰,2024-11-29,9817
2303,聯電,39,26,13,元大-東泰,2024-11-29,9817
00665L,富邦�琤肭磪囓�2,12,0,12,元大-東泰,2024-11-29,9817
3511,矽瑪,12,0,12,元大-東泰,2024-11-29,9817
00918,大華優利高填息30,23,11,12,元大-東泰,2024-11-29,9817
3520,華盈,16,5,11,元大-東泰,2024-11-29,9817
2615,萬海,29,19,10,元大-東泰,2024-11-29,9817
1326,台化,13,3,10,元大-東泰,2024-11-29,9817
6139,亞翔,10,0,10,元大-東泰,2024-11-29,9817
2231,為升,10,0,10,元大-東泰,2024-11-29,9817
6109,亞元,10,0,10,元大-東泰,2024-11-29,9817
2812,台中銀,10,0,10,元大-東泰,2024-11-29,9817
2375,凱美,10,0,10,元大-東泰,2024-11-29,9817
5353,台林,41,31,10,元大-東泰,2024-11-29,9817
00930,永豐ESG低碳高息,10,0,10,元大-東泰,2024-11-29,9817
3231,緯創,23,14,9,元大-東泰,2024-11-29,9817
2834,臺企銀,10,1,9,元大-東泰,2024-11-29,9817
6215,和椿,10,2,8,元大-東泰,2024-11-29,9817
4927,泰鼎-KY,26,18,8,元大-東泰,2024-11-29,9817
6530,創威,18,11,7,元大-東泰,2024-11-29,9817
3419,譁裕,15,8,7,元大-東泰,2024-11-29,9817
2887,台新金,7,0,7,元大-東泰,2024-11-29,9817
00943,兆豐電子高息等權,47,40,7,元大-東泰,2024-11-29,9817
2801,彰銀,300,1,299,元大-東泰,2024-12-02,9817
00637L,元大滬深300正2,359,208,151,元大-東泰,2024-12-02,9817
2344,華邦電,113,43,70,元大-東泰,2024-12-02,9817
9105,泰金寶-DR,81,21,60,元大-東泰,2024-12-02,9817
5309,系統電,101,49,52,元大-東泰,2024-12-02,9817
00918,大華優利高填息30,55,4,51,元大-東泰,2024-12-02,9817
3706,神達,187,143,44,元大-東泰,2024-12-02,9817
00915,凱基優選高股息30,43,1,42,元大-東泰,2024-12-02,9817
2886,兆豐金,37,0,37,元大-東泰,2024-12-02,9817
2489,瑞軒,35,1,34,元大-東泰,2024-12-02,9817
2392,正崴,34,4,30,元大-東泰,2024-12-02,9817
2317,鴻海,53,23,30,元大-東泰,2024-12-02,9817
00882,中信中國高股息,30,5,25,元大-東泰,2024-12-02,9817
5864,致和證,25,4,21,元大-東泰,2024-12-02,9817
4123,晟德,23,3,20,元大-東泰,2024-12-02,9817
2354,鴻準,35,15,20,元大-東泰,2024-12-02,9817
00932,兆豐永續高息等權,20,0,20,元大-東泰,2024-12-02,9817
00878,國泰永續高股息,33,14,19,元大-東泰,2024-12-02,9817
00943,兆豐電子高息等權,20,1,19,元大-東泰,2024-12-02,9817
3707,漢磊,20,1,19,元大-東泰,2024-12-02,9817
8249,菱光,20,2,18,元大-東泰,2024-12-02,9817
00919,群益台灣精選高息,24,7,17,元大-東泰,2024-12-02,9817
00665L,富邦�琤肭磪囓�2,17,0,17,元大-東泰,2024-12-02,9817
2312,金寶,25,9,16,元大-東泰,2024-12-02,9817
6770,力積電,15,0,15,元大-東泰,2024-12-02,9817
00950B,凱基A級公司債,14,0,14,元大-東泰,2024-12-02,9817
5439,高技,24,11,13,元大-東泰,2024-12-02,9817
2427,三商電,13,0,13,元大-東泰,2024-12-02,9817
2382,廣達,18,5,13,元大-東泰,2024-12-02,9817
4526,東台,13,1,12,元大-東泰,2024-12-02,9817
2426,鼎元,32,20,12,元大-東泰,2024-12-02,9817
00953B,群益優選非投等債,12,0,12,元大-東泰,2024-12-02,9817
2327,國巨,13,1,12,元大-東泰,2024-12-02,9817
2014,中鴻,13,2,11,元大-東泰,2024-12-02,9817
1314,中石化,12,1,11,元大-東泰,2024-12-02,9817
00679B,元大美債20年,51,41,10,元大-東泰,2024-12-02,9817
2449,京元電子,61,51,10,元大-東泰,2024-12-02,9817
3593,力銘,10,0,10,元大-東泰,2024-12-02,9817
6732,昇佳電子,10,0,10,元大-東泰,2024-12-02,9817
1301,台塑,12,2,10,元大-東泰,2024-12-02,9817
4729,熒茂,30,21,9,元大-東泰,2024-12-02,9817
4956,光鋐,9,0,9,元大-東泰,2024-12-02,9817
8927,北基,9,0,9,元大-東泰,2024-12-02,9817
2002,中鋼,19,10,9,元大-東泰,2024-12-02,9817
00930,永豐ESG低碳高息,13,4,9,元大-東泰,2024-12-02,9817
5371,中光電,39,31,8,元大-東泰,2024-12-02,9817
2349,錸德,8,0,8,元大-東泰,2024-12-02,9817
5244,弘凱,37,29,8,元大-東泰,2024-12-02,9817
3211,順達,41,33,8,元大-東泰,2024-12-02,9817
6218,豪勉,7,0,7,元大-東泰,2024-12-02,9817
00919,群益台灣精選高息,181,53,128,元大-東泰,2024-12-03,9817
00946,群益科技高息成長,77,0,77,元大-東泰,2024-12-03,9817
00915,凱基優選高股息30,38,0,38,元大-東泰,2024-12-03,9817
00688L,國泰20年美債正2,35,0,35,元大-東泰,2024-12-03,9817
9105,泰金寶-DR,52,20,32,元大-東泰,2024-12-03,9817
00650L,復華香港正2,30,0,30,元大-東泰,2024-12-03,9817
2834,臺企銀,30,1,29,元大-東泰,2024-12-03,9817
2312,金寶,32,5,27,元大-東泰,2024-12-03,9817
4510,高鋒,33,6,27,元大-東泰,2024-12-03,9817
00905,FT臺灣Smart,29,2,27,元大-東泰,2024-12-03,9817
2317,鴻海,27,6,21,元大-東泰,2024-12-03,9817
3591,艾笛森,20,0,20,元大-東泰,2024-12-03,9817
2027,大成鋼,22,4,18,元大-東泰,2024-12-03,9817
6962,ITH-KY,17,0,17,元大-東泰,2024-12-03,9817
2303,聯電,34,17,17,元大-東泰,2024-12-03,9817
1449,佳和,26,10,16,元大-東泰,2024-12-03,9817
2329,華泰,19,4,15,元大-東泰,2024-12-03,9817
00937B,群益ESG投等債20,42,28,14,元大-東泰,2024-12-03,9817
00715L,期街口布蘭特正2,12,0,12,元大-東泰,2024-12-03,9817
2301,光寶科,12,0,12,元大-東泰,2024-12-03,9817
3045,台灣大,13,2,11,元大-東泰,2024-12-03,9817
2104,國際中橡,11,0,11,元大-東泰,2024-12-03,9817
5481,新華,11,1,10,元大-東泰,2024-12-03,9817
6125,廣運,11,1,10,元大-東泰,2024-12-03,9817
3230,錦明,10,0,10,元大-東泰,2024-12-03,9817
3090,日電貿,20,10,10,元大-東泰,2024-12-03,9817
2547,日勝生,10,0,10,元大-東泰,2024-12-03,9817
1712,興農,10,0,10,元大-東泰,2024-12-03,9817
6558,興能高,22,12,10,元大-東泰,2024-12-03,9817
2634,漢翔,10,1,9,元大-東泰,2024-12-03,9817
00918,大華優利高填息30,22,13,9,元大-東泰,2024-12-03,9817
1815,富喬,62,54,8,元大-東泰,2024-12-03,9817
4303,信立,26,18,8,元大-東泰,2024-12-03,9817
4904,遠傳,8,0,8,元大-東泰,2024-12-03,9817
3520,華盈,11,3,8,元大-東泰,2024-12-03,9817
4123,晟德,9,1,8,元大-東泰,2024-12-03,9817
00713,元大台灣高息低波,8,0,8,元大-東泰,2024-12-03,9817
5864,致和證,8,0,8,元大-東泰,2024-12-03,9817
6176,瑞儀,7,0,7,元大-東泰,2024-12-03,9817
2371,大同,12,5,7,元大-東泰,2024-12-03,9817
3260,威剛,7,0,7,元大-東泰,2024-12-03,9817
1416,廣豐,6,0,6,元大-東泰,2024-12-03,9817
3593,力銘,6,0,6,元大-東泰,2024-12-03,9817
5439,高技,13,7,6,元大-東泰,2024-12-03,9817
3580,友威科,10,4,6,元大-東泰,2024-12-03,9817
8929,富堡,6,0,6,元大-東泰,2024-12-03,9817
5443,均豪,6,0,6,元大-東泰,2024-12-03,9817
00930,永豐ESG低碳高息,6,0,6,元大-東泰,2024-12-03,9817
2891,中信金,24,19,5,元大-東泰,2024-12-03,9817
4915,致伸,6,1,5,元大-東泰,2024-12-03,9817
00918,大華優利高填息30,291,20,271,元大-東泰,2024-12-04,9817
00900,富邦特選高股息30,106,2,104,元大-東泰,2024-12-04,9817
9105,泰金寶-DR,55,16,39,元大-東泰,2024-12-04,9817
2337,旺宏,62,26,36,元大-東泰,2024-12-04,9817
00688L,國泰20年美債正2,35,0,35,元大-東泰,2024-12-04,9817
00878,國泰永續高股息,35,2,33,元大-東泰,2024-12-04,9817
00905,FT臺灣Smart,50,19,31,元大-東泰,2024-12-04,9817
00915,凱基優選高股息30,31,0,31,元大-東泰,2024-12-04,9817
2312,金寶,44,15,29,元大-東泰,2024-12-04,9817
2891,中信金,32,7,25,元大-東泰,2024-12-04,9817
00637L,元大滬深300正2,126,101,25,元大-東泰,2024-12-04,9817
3323,加百裕,53,28,25,元大-東泰,2024-12-04,9817
2303,聯電,49,25,24,元大-東泰,2024-12-04,9817
00713,元大台灣高息低波,21,0,21,元大-東泰,2024-12-04,9817
0056,元大高股息,21,0,21,元大-東泰,2024-12-04,9817
2302,麗正,26,6,20,元大-東泰,2024-12-04,9817
00950B,凱基A級公司債,18,0,18,元大-東泰,2024-12-04,9817
2405,輔信,25,8,17,元大-東泰,2024-12-04,9817
00673R,期元大S＆P原油反1,16,0,16,元大-東泰,2024-12-04,9817
2408,南亞科,21,5,16,元大-東泰,2024-12-04,9817
6509,聚和,15,0,15,元大-東泰,2024-12-04,9817
1909,榮成,15,0,15,元大-東泰,2024-12-04,9817
2484,希華,15,0,15,元大-東泰,2024-12-04,9817
2002,中鋼,25,11,14,元大-東泰,2024-12-04,9817
2429,銘旺科,21,7,14,元大-東泰,2024-12-04,9817
8111,立��,19,5,14,元大-東泰,2024-12-04,9817
2387,精元,12,0,12,元大-東泰,2024-12-04,9817
3040,遠見,12,1,11,元大-東泰,2024-12-04,9817
00858,永豐美國500大,11,0,11,元大-東泰,2024-12-04,9817
5309,系統電,63,52,11,元大-東泰,2024-12-04,9817
8936,國統,10,0,10,元大-東泰,2024-12-04,9817
1718,中纖,10,0,10,元大-東泰,2024-12-04,9817
2489,瑞軒,10,0,10,元大-東泰,2024-12-04,9817
2431,聯昌,10,0,10,元大-東泰,2024-12-04,9817
3311,閎暉,10,0,10,元大-東泰,2024-12-04,9817
00891,中信關鍵半導體,10,0,10,元大-東泰,2024-12-04,9817
4417,金洲,10,0,10,元大-東泰,2024-12-04,9817
6173,信昌電,14,5,9,元大-東泰,2024-12-04,9817
3062,建漢,11,2,9,元大-東泰,2024-12-04,9817
2344,華邦電,61,52,9,元大-東泰,2024-12-04,9817
2332,友訊,9,0,9,元大-東泰,2024-12-04,9817
2419,仲琦,10,1,9,元大-東泰,2024-12-04,9817
6219,富旺,9,0,9,元大-東泰,2024-12-04,9817
5371,中光電,24,16,8,元大-東泰,2024-12-04,9817
2301,光寶科,63,55,8,元大-東泰,2024-12-04,9817
2457,飛宏,18,10,8,元大-東泰,2024-12-04,9817
00953B,群益優選非投等債,8,0,8,元大-東泰,2024-12-04,9817
1307,三芳,8,0,8,元大-東泰,2024-12-04,9817
3376,新日興,10,2,8,元大-東泰,2024-12-04,9817
00679B,元大美債20年,41,34,7,元大-東泰,2024-12-04,9817
00637L,元大滬深300正2,109,0,109,元大-東泰,2024-12-05,9817
6548,長科*,106,1,105,元大-東泰,2024-12-05,9817
3163,波若威,107,7,100,元大-東泰,2024-12-05,9817
3090,日電貿,163,87,76,元大-東泰,2024-12-05,9817
00680L,元大美債20正2,52,0,52,元大-東泰,2024-12-05,9817
2312,金寶,68,17,51,元大-東泰,2024-12-05,9817
2303,聯電,63,17,46,元大-東泰,2024-12-05,9817
1307,三芳,45,0,45,元大-東泰,2024-12-05,9817
5880,合庫金,45,0,45,元大-東泰,2024-12-05,9817
2344,華邦電,86,41,45,元大-東泰,2024-12-05,9817
2409,友達,55,20,35,元大-東泰,2024-12-05,9817
3323,加百裕,76,42,34,元大-東泰,2024-12-05,9817
2888,新光金,36,2,34,元大-東泰,2024-12-05,9817
4931,新盛力,54,27,27,元大-東泰,2024-12-05,9817
2317,鴻海,36,9,27,元大-東泰,2024-12-05,9817
00953B,群益優選非投等債,26,0,26,元大-東泰,2024-12-05,9817
2609,陽明,30,5,25,元大-東泰,2024-12-05,9817
1815,富喬,309,287,22,元大-東泰,2024-12-05,9817
1802,台玻,29,9,20,元大-東泰,2024-12-05,9817
5521,工信,20,0,20,元大-東泰,2024-12-05,9817
2392,正崴,57,38,19,元大-東泰,2024-12-05,9817
5347,世界,22,3,19,元大-東泰,2024-12-05,9817
8033,雷虎,20,1,19,元大-東泰,2024-12-05,9817
4924,欣厚-KY,19,0,19,元大-東泰,2024-12-05,9817
5371,中光電,30,12,18,元大-東泰,2024-12-05,9817
1605,華新,21,3,18,元大-東泰,2024-12-05,9817
00713,元大台灣高息低波,19,1,18,元大-東泰,2024-12-05,9817
2337,旺宏,18,2,16,元大-東泰,2024-12-05,9817
1784,訊聯,16,0,16,元大-東泰,2024-12-05,9817
00715L,期街口布蘭特正2,17,1,16,元大-東泰,2024-12-05,9817
00919,群益台灣精選高息,47,32,15,元大-東泰,2024-12-05,9817
2353,宏��,18,3,15,元大-東泰,2024-12-05,9817
3015,全漢,25,10,15,元大-東泰,2024-12-05,9817
3583,辛耘,14,0,14,元大-東泰,2024-12-05,9817
2884,玉山金,18,4,14,元大-東泰,2024-12-05,9817
2449,京元電子,59,46,13,元大-東泰,2024-12-05,9817
2356,英業達,29,16,13,元大-東泰,2024-12-05,9817
00950B,凱基A級公司債,13,0,13,元大-東泰,2024-12-05,9817
2929,淘帝-KY,13,0,13,元大-東泰,2024-12-05,9817
00932,兆豐永續高息等權,13,0,13,元大-東泰,2024-12-05,9817
3035,智原,13,0,13,元大-東泰,2024-12-05,9817
2027,大成鋼,12,0,12,元大-東泰,2024-12-05,9817
00945B,凱基美國非投等債,12,0,12,元大-東泰,2024-12-05,9817
2834,臺企銀,12,0,12,元大-東泰,2024-12-05,9817
2331,精英,12,0,12,元大-東泰,2024-12-05,9817
6127,九豪,20,8,12,元大-東泰,2024-12-05,9817
3481,群創,24,12,12,元大-東泰,2024-12-05,9817
00915,凱基優選高股息30,11,0,11,元大-東泰,2024-12-05,9817
2425,承啟,22,11,11,元大-東泰,2024-12-05,9817
00642U,期元大S＆P石油,12,1,11,元大-東泰,2024-12-05,9817
00753L,中信中國50正2,393,1,392,元大-東泰,2024-12-06,9817
00664R,國泰臺灣加權反1,130,0,130,元大-東泰,2024-12-06,9817
00634R,富邦上証反1,101,0,101,元大-東泰,2024-12-06,9817
00919,群益台灣精選高息,123,29,94,元大-東泰,2024-12-06,9817
3706,神達,258,196,62,元大-東泰,2024-12-06,9817
6962,ITH-KY,65,4,61,元大-東泰,2024-12-06,9817
4533,協易機,50,0,50,元大-東泰,2024-12-06,9817
00918,大華優利高填息30,54,5,49,元大-東泰,2024-12-06,9817
1802,台玻,47,1,46,元大-東泰,2024-12-06,9817
1605,華新,64,21,43,元大-東泰,2024-12-06,9817
00965,元大航太防衛科技,39,0,39,元大-東泰,2024-12-06,9817
0056,元大高股息,41,5,36,元大-東泰,2024-12-06,9817
2431,聯昌,33,3,30,元大-東泰,2024-12-06,9817
00680L,元大美債20正2,40,13,27,元大-東泰,2024-12-06,9817
2354,鴻準,209,182,27,元大-東泰,2024-12-06,9817
00953B,群益優選非投等債,22,0,22,元大-東泰,2024-12-06,9817
2891,中信金,26,4,22,元大-東泰,2024-12-06,9817
8069,元太,23,2,21,元大-東泰,2024-12-06,9817
2337,旺宏,51,30,21,元大-東泰,2024-12-06,9817
4157,太景*-KY,20,0,20,元大-東泰,2024-12-06,9817
00946,群益科技高息成長,20,0,20,元大-東泰,2024-12-06,9817
2312,金寶,57,37,20,元大-東泰,2024-12-06,9817
2610,華航,36,17,19,元大-東泰,2024-12-06,9817
00713,元大台灣高息低波,18,0,18,元大-東泰,2024-12-06,9817
5530,龍巖,16,0,16,元大-東泰,2024-12-06,9817
00941,中信上游半導體,15,0,15,元大-東泰,2024-12-06,9817
3025,星通,26,11,15,元大-東泰,2024-12-06,9817
3090,日電貿,18,4,14,元大-東泰,2024-12-06,9817
5309,系統電,17,5,12,元大-東泰,2024-12-06,9817
3167,大量,11,0,11,元大-東泰,2024-12-06,9817
3581,博磊,11,0,11,元大-東泰,2024-12-06,9817
2429,銘旺科,15,4,11,元大-東泰,2024-12-06,9817
5607,遠雄港,11,0,11,元大-東泰,2024-12-06,9817
9105,泰金寶-DR,30,19,11,元大-東泰,2024-12-06,9817
3037,欣興,12,2,10,元大-東泰,2024-12-06,9817
3209,全科,10,0,10,元大-東泰,2024-12-06,9817
00960,野村全球航運龍頭,10,0,10,元大-東泰,2024-12-06,9817
2104,國際中橡,10,0,10,元大-東泰,2024-12-06,9817
5202,力新,21,11,10,元大-東泰,2024-12-06,9817
4303,信立,9,0,9,元大-東泰,2024-12-06,9817
2409,友達,11,2,9,元大-東泰,2024-12-06,9817
1416,廣豐,10,1,9,元大-東泰,2024-12-06,9817
5011,久陽,9,0,9,元大-東泰,2024-12-06,9817
5371,中光電,21,12,9,元大-東泰,2024-12-06,9817
3019,亞光,12,4,8,元大-東泰,2024-12-06,9817
5426,振發,8,0,8,元大-東泰,2024-12-06,9817
3338,泰碩,8,0,8,元大-東泰,2024-12-06,9817
3447,展達,18,10,8,元大-東泰,2024-12-06,9817
2012,春雨,8,0,8,元大-東泰,2024-12-06,9817
00909,國泰數位支付服務,8,0,8,元大-東泰,2024-12-06,9817
00924,復華S＆P500成長,121,0,121,元大-東泰,2024-12-09,9817
00968B,元大優息投等債,112,3,109,元大-東泰,2024-12-09,9817
2891,中信金,59,1,58,元大-東泰,2024-12-09,9817
2344,華邦電,59,4,55,元大-東泰,2024-12-09,9817
1416,廣豐,51,0,51,元大-東泰,2024-12-09,9817
0056,元大高股息,47,10,37,元大-東泰,2024-12-09,9817
00915,凱基優選高股息30,37,0,37,元大-東泰,2024-12-09,9817
2409,友達,37,0,37,元大-東泰,2024-12-09,9817
2883,凱基金,136,102,34,元大-東泰,2024-12-09,9817
00715L,期街口布蘭特正2,31,0,31,元大-東泰,2024-12-09,9817
1216,統一,30,0,30,元大-東泰,2024-12-09,9817
5309,系統電,30,2,28,元大-東泰,2024-12-09,9817
00929,復華台灣科技優息,45,18,27,元大-東泰,2024-12-09,9817
2354,鴻準,65,39,26,元大-東泰,2024-12-09,9817
2392,正崴,34,10,24,元大-東泰,2024-12-09,9817
2375,凱美,27,4,23,元大-東泰,2024-12-09,9817
6269,台郡,23,0,23,元大-東泰,2024-12-09,9817
2002,中鋼,23,1,22,元大-東泰,2024-12-09,9817
2402,毅嘉,21,1,20,元大-東泰,2024-12-09,9817
6166,凌華,20,0,20,元大-東泰,2024-12-09,9817
3025,星通,45,25,20,元大-東泰,2024-12-09,9817
2324,仁寶,85,65,20,元大-東泰,2024-12-09,9817
5438,東友,18,0,18,元大-東泰,2024-12-09,9817
4931,新盛力,32,15,17,元大-東泰,2024-12-09,9817
00930,永豐ESG低碳高息,17,0,17,元大-東泰,2024-12-09,9817
2449,京元電子,39,22,17,元大-東泰,2024-12-09,9817
2317,鴻海,26,10,16,元大-東泰,2024-12-09,9817
1326,台化,20,4,16,元大-東泰,2024-12-09,9817
3211,順達,34,18,16,元大-東泰,2024-12-09,9817
1608,華榮,16,0,16,元大-東泰,2024-12-09,9817
1714,和桐,16,0,16,元大-東泰,2024-12-09,9817
2834,臺企銀,16,1,15,元大-東泰,2024-12-09,9817
00878,國泰永續高股息,20,5,15,元大-東泰,2024-12-09,9817
1708,東鹼,15,0,15,元大-東泰,2024-12-09,9817
3231,緯創,63,48,15,元大-東泰,2024-12-09,9817
3607,谷崧,15,0,15,元大-東泰,2024-12-09,9817
1464,得力,14,0,14,元大-東泰,2024-12-09,9817
1584,精剛,13,0,13,元大-東泰,2024-12-09,9817
2104,國際中橡,13,0,13,元大-東泰,2024-12-09,9817
2436,偉詮電,21,8,13,元大-東泰,2024-12-09,9817
00712,復華富時不動產,13,0,13,元大-東泰,2024-12-09,9817
6112,邁達特,20,8,12,元大-東泰,2024-12-09,9817
00642U,期元大S＆P石油,12,0,12,元大-東泰,2024-12-09,9817
00940,元大台灣價值高息,34,22,12,元大-東泰,2024-12-09,9817
1815,富喬,65,53,12,元大-東泰,2024-12-09,9817
2405,輔信,17,6,11,元大-東泰,2024-12-09,9817
2327,國巨,11,0,11,元大-東泰,2024-12-09,9817
2615,萬海,70,60,10,元大-東泰,2024-12-09,9817
6585,鼎基,10,0,10,元大-東泰,2024-12-09,9817
2367,燿華,10,0,10,元大-東泰,2024-12-09,9817
00918,大華優利高填息30,285,28,257,元大-東泰,2024-12-10,9817
1416,廣豐,102,1,101,元大-東泰,2024-12-10,9817
3706,神達,267,202,65,元大-東泰,2024-12-10,9817
0056,元大高股息,57,0,57,元大-東泰,2024-12-10,9817
2609,陽明,173,121,52,元大-東泰,2024-12-10,9817
1815,富喬,98,47,51,元大-東泰,2024-12-10,9817
2317,鴻海,55,8,47,元大-東泰,2024-12-10,9817
2883,凱基金,438,392,46,元大-東泰,2024-12-10,9817
00919,群益台灣精選高息,67,23,44,元大-東泰,2024-12-10,9817
2845,遠東銀,40,0,40,元大-東泰,2024-12-10,9817
00926,凱基全球菁英55,36,0,36,元大-東泰,2024-12-10,9817
8249,菱光,37,3,34,元大-東泰,2024-12-10,9817
1618,合機,30,0,30,元大-東泰,2024-12-10,9817
8096,擎亞,30,2,28,元大-東泰,2024-12-10,9817
00878,國泰永續高股息,39,11,28,元大-東泰,2024-12-10,9817
00909,國泰數位支付服務,25,0,25,元大-東泰,2024-12-10,9817
8112,至上,26,1,25,元大-東泰,2024-12-10,9817
2303,聯電,36,12,24,元大-東泰,2024-12-10,9817
3481,群創,57,36,21,元大-東泰,2024-12-10,9817
2312,金寶,31,10,21,元大-東泰,2024-12-10,9817
2610,華航,29,8,21,元大-東泰,2024-12-10,9817
4906,正文,18,0,18,元大-東泰,2024-12-10,9817
1326,台化,19,2,17,元大-東泰,2024-12-10,9817
1449,佳和,19,3,16,元大-東泰,2024-12-10,9817
1612,宏泰,15,0,15,元大-東泰,2024-12-10,9817
4991,環宇-KY,17,2,15,元大-東泰,2024-12-10,9817
00922,國泰台灣領袖50,15,0,15,元大-東泰,2024-12-10,9817
2353,宏��,17,3,14,元大-東泰,2024-12-10,9817
6877,鏵友益,16,2,14,元大-東泰,2024-12-10,9817
2477,美隆電,13,0,13,元大-東泰,2024-12-10,9817
00915,凱基優選高股息30,13,0,13,元大-東泰,2024-12-10,9817
1584,精剛,16,4,12,元大-東泰,2024-12-10,9817
3499,環天科,12,0,12,元大-東泰,2024-12-10,9817
6695,芯鼎,15,3,12,元大-東泰,2024-12-10,9817
6120,達運,11,0,11,元大-東泰,2024-12-10,9817
3234,光環,11,0,11,元大-東泰,2024-12-10,9817
1718,中纖,11,0,11,元大-東泰,2024-12-10,9817
1708,東鹼,13,2,11,元大-東泰,2024-12-10,9817
2429,銘旺科,11,0,11,元大-東泰,2024-12-10,9817
5202,力新,17,6,11,元大-東泰,2024-12-10,9817
3231,緯創,40,30,10,元大-東泰,2024-12-10,9817
00950B,凱基A級公司債,10,0,10,元大-東泰,2024-12-10,9817
00927,群益半導體收益,10,0,10,元大-東泰,2024-12-10,9817
3511,矽瑪,10,0,10,元大-東泰,2024-12-10,9817
00795B,中信美國公債20年,10,0,10,元大-東泰,2024-12-10,9817
1201,味全,10,0,10,元大-東泰,2024-12-10,9817
5328,華容,10,0,10,元大-東泰,2024-12-10,9817
8033,雷虎,10,0,10,元大-東泰,2024-12-10,9817
9105,泰金寶-DR,12,2,10,元大-東泰,2024-12-10,9817
2603,長榮,13,3,10,元大-東泰,2024-12-10,9817
00918,大華優利高填息30,173,16,157,元大-東泰,2024-12-11,9817
3704,合勤控,157,0,157,元大-東泰,2024-12-11,9817
00945B,凱基美國非投等債,102,0,102,元大-東泰,2024-12-11,9817
00948B,中信優息投資級債,95,0,95,元大-東泰,2024-12-11,9817
00940,元大台灣價值高息,102,15,87,元大-東泰,2024-12-11,9817
2867,三商壽,90,10,80,元大-東泰,2024-12-11,9817
1416,廣豐,60,0,60,元大-東泰,2024-12-11,9817
1605,華新,67,13,54,元大-東泰,2024-12-11,9817
2610,華航,65,12,53,元大-東泰,2024-12-11,9817
0056,元大高股息,59,6,53,元大-東泰,2024-12-11,9817
00637L,元大滬深300正2,60,8,52,元大-東泰,2024-12-11,9817
2303,聯電,52,1,51,元大-東泰,2024-12-11,9817
00878,國泰永續高股息,145,95,50,元大-東泰,2024-12-11,9817
2605,新興,42,0,42,元大-東泰,2024-12-11,9817
6770,力積電,38,0,38,元大-東泰,2024-12-11,9817
5425,台半,60,24,36,元大-東泰,2024-12-11,9817
6443,元晶,34,0,34,元大-東泰,2024-12-11,9817
2317,鴻海,67,36,31,元大-東泰,2024-12-11,9817
3024,憶聲,29,0,29,元大-東泰,2024-12-11,9817
2887,台新金,21,0,21,元大-東泰,2024-12-11,9817
2891,中信金,32,12,20,元大-東泰,2024-12-11,9817
2547,日勝生,30,10,20,元大-東泰,2024-12-11,9817
00919,群益台灣精選高息,73,54,19,元大-東泰,2024-12-11,9817
00915,凱基優選高股息30,18,0,18,元大-東泰,2024-12-11,9817
4303,信立,18,2,16,元大-東泰,2024-12-11,9817
00922,國泰台灣領袖50,15,0,15,元大-東泰,2024-12-11,9817
2382,廣達,21,6,15,元大-東泰,2024-12-11,9817
4729,熒茂,33,18,15,元大-東泰,2024-12-11,9817
6187,萬潤,18,3,15,元大-東泰,2024-12-11,9817
00713,元大台灣高息低波,15,0,15,元大-東泰,2024-12-11,9817
1301,台塑,32,18,14,元大-東泰,2024-12-11,9817
2014,中鴻,13,0,13,元大-東泰,2024-12-11,9817
00950B,凱基A級公司債,12,0,12,元大-東泰,2024-12-11,9817
3712,永崴投控,12,1,11,元大-東泰,2024-12-11,9817
3311,閎暉,11,0,11,元大-東泰,2024-12-11,9817
00881,國泰台灣5G+,13,2,11,元大-東泰,2024-12-11,9817
1795,美時,13,2,11,元大-東泰,2024-12-11,9817
2412,中華電,11,0,11,元大-東泰,2024-12-11,9817
2027,大成鋼,10,0,10,元大-東泰,2024-12-11,9817
00887,永豐中國科技50大,11,1,10,元大-東泰,2024-12-11,9817
2537,聯上發,10,0,10,元大-東泰,2024-12-11,9817
00968B,元大優息投等債,10,0,10,元大-東泰,2024-12-11,9817
3447,展達,10,0,10,元大-東泰,2024-12-11,9817
00952,凱基台灣AI50,10,0,10,元大-東泰,2024-12-11,9817
2884,玉山金,10,0,10,元大-東泰,2024-12-11,9817
1733,五鼎,10,0,10,元大-東泰,2024-12-11,9817
3580,友威科,14,4,10,元大-東泰,2024-12-11,9817
2603,長榮,10,1,9,元大-東泰,2024-12-11,9817
2449,京元電子,68,59,9,元大-東泰,2024-12-11,9817
2371,大同,18,9,9,元大-東泰,2024-12-11,9817
1416,廣豐,115,0,115,元大-東泰,2024-12-12,9817
9105,泰金寶-DR,162,63,99,元大-東泰,2024-12-12,9817
4306,炎洲,90,0,90,元大-東泰,2024-12-12,9817
2303,聯電,153,84,69,元大-東泰,2024-12-12,9817
00918,大華優利高填息30,70,2,68,元大-東泰,2024-12-12,9817
3481,群創,70,13,57,元大-東泰,2024-12-12,9817
00687B,國泰20年美債,83,27,56,元大-東泰,2024-12-12,9817
2408,南亞科,66,10,56,元大-東泰,2024-12-12,9817
2867,三商壽,53,0,53,元大-東泰,2024-12-12,9817
1301,台塑,89,43,46,元大-東泰,2024-12-12,9817
2609,陽明,115,70,45,元大-東泰,2024-12-12,9817
00673R,期元大S＆P原油反1,52,9,43,元大-東泰,2024-12-12,9817
00680L,元大美債20正2,42,2,40,元大-東泰,2024-12-12,9817
00919,群益台灣精選高息,68,33,35,元大-東泰,2024-12-12,9817
00937B,群益ESG投等債20,46,11,35,元大-東泰,2024-12-12,9817
2317,鴻海,41,7,34,元大-東泰,2024-12-12,9817
0056,元大高股息,65,31,34,元大-東泰,2024-12-12,9817
00878,國泰永續高股息,41,7,34,元大-東泰,2024-12-12,9817
00953B,群益優選非投等債,32,0,32,元大-東泰,2024-12-12,9817
00688L,國泰20年美債正2,31,0,31,元大-東泰,2024-12-12,9817
2354,鴻準,38,8,30,元大-東泰,2024-12-12,9817
2208,台船,26,0,26,元大-東泰,2024-12-12,9817
6271,同欣電,26,0,26,元大-東泰,2024-12-12,9817
00950B,凱基A級公司債,25,0,25,元大-東泰,2024-12-12,9817
3594,磐儀,43,18,25,元大-東泰,2024-12-12,9817
00915,凱基優選高股息30,25,0,25,元大-東泰,2024-12-12,9817
2534,宏盛,24,0,24,元大-東泰,2024-12-12,9817
00679B,元大美債20年,67,44,23,元大-東泰,2024-12-12,9817
2002,中鋼,25,2,23,元大-東泰,2024-12-12,9817
00751B,元大AAA至A公司債,19,0,19,元大-東泰,2024-12-12,9817
3149,正達,21,2,19,元大-東泰,2024-12-12,9817
2429,銘旺科,19,2,17,元大-東泰,2024-12-12,9817
00968B,元大優息投等債,15,0,15,元大-東泰,2024-12-12,9817
3041,揚智,58,44,14,元大-東泰,2024-12-12,9817
2455,全新,17,3,14,元大-東泰,2024-12-12,9817
1802,台玻,15,2,13,元大-東泰,2024-12-12,9817
2471,資通,68,56,12,元大-東泰,2024-12-12,9817
2371,大同,19,7,12,元大-東泰,2024-12-12,9817
3264,欣銓,13,1,12,元大-東泰,2024-12-12,9817
00713,元大台灣高息低波,12,0,12,元大-東泰,2024-12-12,9817
3013,晟銘電,33,21,12,元大-東泰,2024-12-12,9817
3260,威剛,11,0,11,元大-東泰,2024-12-12,9817
2603,長榮,14,3,11,元大-東泰,2024-12-12,9817
4510,高鋒,19,8,11,元大-東泰,2024-12-12,9817
00753L,中信中國50正2,16,5,11,元大-東泰,2024-12-12,9817
4566,時碩工業,13,2,11,元大-東泰,2024-12-12,9817
2312,金寶,30,19,11,元大-東泰,2024-12-12,9817
2367,燿華,13,2,11,元大-東泰,2024-12-12,9817
6589,台康生技,13,3,10,元大-東泰,2024-12-12,9817
1102,亞泥,10,0,10,元大-東泰,2024-12-12,9817
00680L,元大美債20正2,233,0,233,元大-東泰,2024-12-13,9817
2883,凱基金,287,59,228,元大-東泰,2024-12-13,9817
00637L,元大滬深300正2,158,7,151,元大-東泰,2024-12-13,9817
00918,大華優利高填息30,129,22,107,元大-東泰,2024-12-13,9817
3706,神達,218,143,75,元大-東泰,2024-12-13,9817
00795B,中信美國公債20年,69,0,69,元大-東泰,2024-12-13,9817
00962,台新AI優息動能,65,0,65,元大-東泰,2024-12-13,9817
00665L,富邦�琤肭磪囓�2,63,2,61,元大-東泰,2024-12-13,9817
2615,萬海,67,8,59,元大-東泰,2024-12-13,9817
00882,中信中國高股息,57,1,56,元大-東泰,2024-12-13,9817
3704,合勤控,55,0,55,元大-東泰,2024-12-13,9817
2867,三商壽,47,1,46,元大-東泰,2024-12-13,9817
2303,聯電,147,102,45,元大-東泰,2024-12-13,9817
00915,凱基優選高股息30,49,7,42,元大-東泰,2024-12-13,9817
2801,彰銀,40,1,39,元大-東泰,2024-12-13,9817
3231,緯創,41,3,38,元大-東泰,2024-12-13,9817
2002,中鋼,40,5,35,元大-東泰,2024-12-13,9817
2845,遠東銀,31,0,31,元大-東泰,2024-12-13,9817
2323,中環,30,0,30,元大-東泰,2024-12-13,9817
1717,長興,26,0,26,元大-東泰,2024-12-13,9817
00919,群益台灣精選高息,58,36,22,元大-東泰,2024-12-13,9817
2534,宏盛,20,0,20,元大-東泰,2024-12-13,9817
5512,力麒,20,0,20,元大-東泰,2024-12-13,9817
2440,太空梭,19,0,19,元大-東泰,2024-12-13,9817
2317,鴻海,50,32,18,元大-東泰,2024-12-13,9817
00679B,元大美債20年,24,5,19,元大-東泰,2024-12-13,9817
2408,南亞科,21,3,18,元大-東泰,2024-12-13,9817
00932,兆豐永續高息等權,18,0,18,元大-東泰,2024-12-13,9817
4417,金洲,18,0,18,元大-東泰,2024-12-13,9817
1605,華新,21,4,17,元大-東泰,2024-12-13,9817
0056,元大高股息,83,66,17,元大-東泰,2024-12-13,9817
1609,大亞,18,1,17,元大-東泰,2024-12-13,9817
00887,永豐中國科技50大,16,0,16,元大-東泰,2024-12-13,9817
00946,群益科技高息成長,15,0,15,元大-東泰,2024-12-13,9817
3062,建漢,15,0,15,元大-東泰,2024-12-13,9817
1802,台玻,14,0,14,元大-東泰,2024-12-13,9817
3707,漢磊,14,0,14,元大-東泰,2024-12-13,9817
8064,東捷,16,3,13,元大-東泰,2024-12-13,9817
3037,欣興,17,5,12,元大-東泰,2024-12-13,9817
00751B,元大AAA至A公司債,14,2,12,元大-東泰,2024-12-13,9817
2352,佳世達,24,12,12,元大-東泰,2024-12-13,9817
3712,永崴投控,14,2,12,元大-東泰,2024-12-13,9817
4906,正文,14,2,12,元大-東泰,2024-12-13,9817
00688L,國泰20年美債正2,11,0,11,元大-東泰,2024-12-13,9817
4174,浩鼎,11,0,11,元大-東泰,2024-12-13,9817
2392,正崴,11,0,11,元大-東泰,2024-12-13,9817
2439,美律,11,0,11,元大-東泰,2024-12-13,9817
00948B,中信優息投資級債,11,0,11,元大-東泰,2024-12-13,9817
2610,華航,12,1,11,元大-東泰,2024-12-13,9817
00968B,元大優息投等債,12,1,11,元大-東泰,2024-12-13,9817
2409,友達,502,1,501,元大-東泰,2024-12-16,9817
00680L,元大美債20正2,295,100,195,元大-東泰,2024-12-16,9817
00918,大華優利高填息30,181,32,149,元大-東泰,2024-12-16,9817
0056,元大高股息,94,13,81,元大-東泰,2024-12-16,9817
8249,菱光,82,11,71,元大-東泰,2024-12-16,9817
00878,國泰永續高股息,136,67,69,元大-東泰,2024-12-16,9817
2609,陽明,100,51,49,元大-東泰,2024-12-16,9817
2002,中鋼,48,4,44,元大-東泰,2024-12-16,9817
2489,瑞軒,41,0,41,元大-東泰,2024-12-16,9817
2344,華邦電,130,95,35,元大-東泰,2024-12-16,9817
1815,富喬,52,19,33,元大-東泰,2024-12-16,9817
00688L,國泰20年美債正2,32,0,32,元大-東泰,2024-12-16,9817
1326,台化,36,5,31,元大-東泰,2024-12-16,9817
00637L,元大滬深300正2,50,20,30,元大-東泰,2024-12-16,9817
5880,合庫金,30,1,29,元大-東泰,2024-12-16,9817
00679B,元大美債20年,45,17,28,元大-東泰,2024-12-16,9817
3231,緯創,34,7,27,元大-東泰,2024-12-16,9817
2317,鴻海,68,43,25,元大-東泰,2024-12-16,9817
3706,神達,235,210,25,元大-東泰,2024-12-16,9817
2312,金寶,31,7,24,元大-東泰,2024-12-16,9817
5425,台半,23,0,23,元大-東泰,2024-12-16,9817
00795B,中信美國公債20年,23,0,23,元大-東泰,2024-12-16,9817
00946,群益科技高息成長,22,0,22,元大-東泰,2024-12-16,9817
3450,聯鈞,42,21,21,元大-東泰,2024-12-16,9817
2883,凱基金,305,284,21,元大-東泰,2024-12-16,9817
00706L,期元大S＆P日圓正2,20,0,20,元大-東泰,2024-12-16,9817
00713,元大台灣高息低波,39,20,19,元大-東泰,2024-12-16,9817
2603,長榮,23,6,17,元大-東泰,2024-12-16,9817
6770,力積電,21,4,17,元大-東泰,2024-12-16,9817
2534,宏盛,16,0,16,元大-東泰,2024-12-16,9817
3704,合勤控,16,0,16,元大-東泰,2024-12-16,9817
00909,國泰數位支付服務,17,1,16,元大-東泰,2024-12-16,9817
2354,鴻準,36,21,15,元大-東泰,2024-12-16,9817
8429,金麗-KY,16,1,15,元大-東泰,2024-12-16,9817
00937B,群益ESG投等債20,35,20,15,元大-東泰,2024-12-16,9817
3037,欣興,15,1,14,元大-東泰,2024-12-16,9817
2449,京元電子,21,8,13,元大-東泰,2024-12-16,9817
00751B,元大AAA至A公司債,23,10,13,元大-東泰,2024-12-16,9817
2498,宏達電,11,0,11,元大-東泰,2024-12-16,9817
00950B,凱基A級公司債,11,0,11,元大-東泰,2024-12-16,9817
2486,一詮,14,3,11,元大-東泰,2024-12-16,9817
6182,合晶,13,2,11,元大-東泰,2024-12-16,9817
9105,泰金寶-DR,141,131,10,元大-東泰,2024-12-16,9817
2392,正崴,10,0,10,元大-東泰,2024-12-16,9817
00665L,富邦�琤肭磪囓�2,12,2,10,元大-東泰,2024-12-16,9817
3515,華擎,11,1,10,元大-東泰,2024-12-16,9817
1227,佳格,10,0,10,元大-東泰,2024-12-16,9817
2208,台船,10,0,10,元大-東泰,2024-12-16,9817
2812,台中銀,30,20,10,元大-東泰,2024-12-16,9817
9925,新保,10,0,10,元大-東泰,2024-12-16,9817
2409,友達,553,9,544,元大-東泰,2024-12-17,9817
00918,大華優利高填息30,172,23,149,元大-東泰,2024-12-17,9817
00676R,富邦臺灣加權反1,103,3,100,元大-東泰,2024-12-17,9817
00687B,國泰20年美債,105,7,98,元大-東泰,2024-12-17,9817
00915,凱基優選高股息30,105,12,93,元大-東泰,2024-12-17,9817
2883,凱基金,670,602,68,元大-東泰,2024-12-17,9817
00950B,凱基A級公司債,56,0,56,元大-東泰,2024-12-17,9817
00680L,元大美債20正2,45,0,45,元大-東泰,2024-12-17,9817
2002,中鋼,45,2,43,元大-東泰,2024-12-17,9817
0056,元大高股息,44,1,43,元大-東泰,2024-12-17,9817
00713,元大台灣高息低波,43,0,43,元大-東泰,2024-12-17,9817
3481,群創,58,17,41,元大-東泰,2024-12-17,9817
2618,長榮航,38,4,34,元大-東泰,2024-12-17,9817
2834,臺企銀,34,0,34,元大-東泰,2024-12-17,9817
00919,群益台灣精選高息,43,12,31,元大-東泰,2024-12-17,9817
5880,合庫金,30,0,30,元大-東泰,2024-12-17,9817
2303,聯電,135,109,26,元大-東泰,2024-12-17,9817
2363,矽統,53,28,25,元大-東泰,2024-12-17,9817
00679B,元大美債20年,22,0,22,元大-東泰,2024-12-17,9817
2534,宏盛,22,0,22,元大-東泰,2024-12-17,9817
3511,矽瑪,23,1,22,元大-東泰,2024-12-17,9817
00940,元大台灣價值高息,76,56,20,元大-東泰,2024-12-17,9817
2812,台中銀,20,0,20,元大-東泰,2024-12-17,9817
00764B,群益25年美債,20,0,20,元大-東泰,2024-12-17,9817
1326,台化,26,8,18,元大-東泰,2024-12-17,9817
00893,國泰智能電動車,17,0,17,元大-東泰,2024-12-17,9817
2707,晶華,16,0,16,元大-東泰,2024-12-17,9817
6770,力積電,16,0,16,元大-東泰,2024-12-17,9817
00936,台新永續高息中小,16,0,16,元大-東泰,2024-12-17,9817
00795B,中信美國公債20年,16,0,16,元大-東泰,2024-12-17,9817
2301,光寶科,21,6,15,元大-東泰,2024-12-17,9817
00878,國泰永續高股息,23,8,15,元大-東泰,2024-12-17,9817
2885,元大金,17,2,15,元大-東泰,2024-12-17,9817
00948B,中信優息投資級債,15,0,15,元大-東泰,2024-12-17,9817
2440,太空梭,14,0,14,元大-東泰,2024-12-17,9817
6215,和椿,61,47,14,元大-東泰,2024-12-17,9817
1301,台塑,19,5,14,元大-東泰,2024-12-17,9817
2449,京元電子,21,8,13,元大-東泰,2024-12-17,9817
2337,旺宏,19,6,13,元大-東泰,2024-12-17,9817
2312,金寶,34,21,13,元大-東泰,2024-12-17,9817
2801,彰銀,13,1,12,元大-東泰,2024-12-17,9817
00720B,元大投資級公司債,12,0,12,元大-東泰,2024-12-17,9817
00753L,中信中國50正2,12,0,12,元大-東泰,2024-12-17,9817
3704,合勤控,12,0,12,元大-東泰,2024-12-17,9817
2520,冠德,13,1,12,元大-東泰,2024-12-17,9817
00688L,國泰20年美債正2,12,0,12,元大-東泰,2024-12-17,9817
2317,鴻海,22,10,12,元大-東泰,2024-12-17,9817
2374,佳能,85,74,11,元大-東泰,2024-12-17,9817
2891,中信金,24,13,11,元大-東泰,2024-12-17,9817
1314,中石化,11,0,11,元大-東泰,2024-12-17,9817
00753L,中信中國50正2,210,9,201,元大-東泰,2024-12-18,9817
2324,仁寶,126,1,125,元大-東泰,2024-12-18,9817
2886,兆豐金,109,1,108,元大-東泰,2024-12-18,9817
3231,緯創,106,2,104,元大-東泰,2024-12-18,9817
00680L,元大美債20正2,100,0,100,元大-東泰,2024-12-18,9817
00637L,元大滬深300正2,100,0,100,元大-東泰,2024-12-18,9817
00676R,富邦臺灣加權反1,100,0,100,元大-東泰,2024-12-18,9817
00937B,群益ESG投等債20,93,3,90,元大-東泰,2024-12-18,9817
00948B,中信優息投資級債,80,2,78,元大-東泰,2024-12-18,9817
2354,鴻準,73,4,69,元大-東泰,2024-12-18,9817
006201,元大富櫃50,67,0,67,元大-東泰,2024-12-18,9817
3059,華晶科,65,3,62,元大-東泰,2024-12-18,9817
2883,凱基金,302,241,61,元大-東泰,2024-12-18,9817
00928,中信上櫃ESG30,48,0,48,元大-東泰,2024-12-18,9817
00918,大華優利高填息30,67,21,46,元大-東泰,2024-12-18,9817
00712,復華富時不動產,31,0,31,元大-東泰,2024-12-18,9817
2812,台中銀,26,0,26,元大-東泰,2024-12-18,9817
00687B,國泰20年美債,25,0,25,元大-東泰,2024-12-18,9817
00740B,富邦全球投等債,25,0,25,元大-東泰,2024-12-18,9817
00882,中信中國高股息,30,6,24,元大-東泰,2024-12-18,9817
00795B,中信美國公債20年,34,10,24,元大-東泰,2024-12-18,9817
00878,國泰永續高股息,34,11,23,元大-東泰,2024-12-18,9817
3048,益登,20,0,20,元大-東泰,2024-12-18,9817
3591,艾笛森,20,0,20,元大-東泰,2024-12-18,9817
3035,智原,18,1,17,元大-東泰,2024-12-18,9817
6770,力積電,25,8,17,元大-東泰,2024-12-18,9817
8105,凌巨,16,0,16,元大-東泰,2024-12-18,9817
9105,泰金寶-DR,73,58,15,元大-東泰,2024-12-18,9817
1909,榮成,15,0,15,元大-東泰,2024-12-18,9817
8249,菱光,94,80,14,元大-東泰,2024-12-18,9817
4540,全球傳動,52,38,14,元大-東泰,2024-12-18,9817
4977,眾達-KY,29,15,14,元大-東泰,2024-12-18,9817
2534,宏盛,13,0,13,元大-東泰,2024-12-18,9817
3704,合勤控,13,0,13,元大-東泰,2024-12-18,9817
6257,矽格,13,0,13,元大-東泰,2024-12-18,9817
3041,揚智,32,20,12,元大-東泰,2024-12-18,9817
1808,潤隆,11,0,11,元大-東泰,2024-12-18,9817
5880,合庫金,11,0,11,元大-東泰,2024-12-18,9817
00633L,富邦上証正2,11,0,11,元大-東泰,2024-12-18,9817
6143,振曜,11,0,11,元大-東泰,2024-12-18,9817
00713,元大台灣高息低波,12,1,11,元大-東泰,2024-12-18,9817
1605,華新,14,4,10,元大-東泰,2024-12-18,9817
2449,京元電子,18,8,10,元大-東泰,2024-12-18,9817
1307,三芳,10,0,10,元大-東泰,2024-12-18,9817
1449,佳和,10,0,10,元大-東泰,2024-12-18,9817
1440,南紡,10,0,10,元大-東泰,2024-12-18,9817
8064,東捷,10,0,10,元大-東泰,2024-12-18,9817
1326,台化,15,5,10,元大-東泰,2024-12-18,9817
2609,陽明,49,39,10,元大-東泰,2024-12-18,9817
2359,所羅門,25,16,9,元大-東泰,2024-12-18,9817
2883,凱基金,512,61,451,元大-東泰,2024-12-19,9817
00679B,元大美債20年,224,18,206,元大-東泰,2024-12-19,9817
00918,大華優利高填息30,227,63,164,元大-東泰,2024-12-19,9817
2609,陽明,116,25,91,元大-東泰,2024-12-19,9817
00937B,群益ESG投等債20,95,18,77,元大-東泰,2024-12-19,9817
2344,華邦電,238,170,68,元大-東泰,2024-12-19,9817
00878,國泰永續高股息,69,4,65,元大-東泰,2024-12-19,9817
2887,台新金,70,7,63,元大-東泰,2024-12-19,9817
00950B,凱基A級公司債,60,0,60,元大-東泰,2024-12-19,9817
00852L,國泰美國道瓊正2,55,0,55,元大-東泰,2024-12-19,9817
6770,力積電,74,22,52,元大-東泰,2024-12-19,9817
2317,鴻海,72,21,51,元大-東泰,2024-12-19,9817
2880,華南金,43,0,43,元大-東泰,2024-12-19,9817
00959B,大華投等美債15Y+,41,0,41,元大-東泰,2024-12-19,9817
00795B,中信美國公債20年,53,15,38,元大-東泰,2024-12-19,9817
00687B,國泰20年美債,48,10,38,元大-東泰,2024-12-19,9817
00751B,元大AAA至A公司債,37,0,37,元大-東泰,2024-12-19,9817
00712,復華富時不動產,36,0,36,元大-東泰,2024-12-19,9817
2002,中鋼,48,14,34,元大-東泰,2024-12-19,9817
5880,合庫金,33,0,33,元大-東泰,2024-12-19,9817
00680L,元大美債20正2,83,50,33,元大-東泰,2024-12-19,9817
1717,長興,31,0,31,元大-東泰,2024-12-19,9817
00924,復華S＆P500成長,30,0,30,元大-東泰,2024-12-19,9817
00926,凱基全球菁英55,30,0,30,元大-東泰,2024-12-19,9817
2312,金寶,45,16,29,元大-東泰,2024-12-19,9817
00740B,富邦全球投等債,25,0,25,元大-東泰,2024-12-19,9817
3481,群創,55,30,25,元大-東泰,2024-12-19,9817
2409,友達,25,0,25,元大-東泰,2024-12-19,9817
2534,宏盛,25,0,25,元大-東泰,2024-12-19,9817
3231,緯創,24,0,24,元大-東泰,2024-12-19,9817
6215,和椿,56,32,24,元大-東泰,2024-12-19,9817
00922,國泰台灣領袖50,21,0,21,元大-東泰,2024-12-19,9817
2882,國泰金,21,0,21,元大-東泰,2024-12-19,9817
2845,遠東銀,21,0,21,元大-東泰,2024-12-19,9817
1301,台塑,33,13,20,元大-東泰,2024-12-19,9817
00715L,期街口布蘭特正2,20,0,20,元大-東泰,2024-12-19,9817
2359,所羅門,62,42,20,元大-東泰,2024-12-19,9817
00909,國泰數位支付服務,20,0,20,元大-東泰,2024-12-19,9817
2330,台積電,22,3,19,元大-東泰,2024-12-19,9817
2489,瑞軒,20,1,19,元大-東泰,2024-12-19,9817
00933B,國泰10Y+金融債,18,0,18,元大-東泰,2024-12-19,9817
2891,中信金,18,1,17,元大-東泰,2024-12-19,9817
1326,台化,28,11,17,元大-東泰,2024-12-19,9817
00945B,凱基美國非投等債,16,0,16,元大-東泰,2024-12-19,9817
2867,三商壽,16,0,16,元大-東泰,2024-12-19,9817
9958,世紀鋼,21,5,16,元大-東泰,2024-12-19,9817
2618,長榮航,21,5,16,元大-東泰,2024-12-19,9817
0056,元大高股息,25,9,16,元大-東泰,2024-12-19,9817
3323,加百裕,47,33,14,元大-東泰,2024-12-19,9817
00882,中信中國高股息,16,2,14,元大-東泰,2024-12-19,9817
