Ticker,Name,buy,sell,diff,Branch,Date,Branch_Code
2511,太子,56,0,56,元大-四維,2023-01-03,9831
1605,華新,92,45,47,元大-四維,2023-01-03,9831
2002,中鋼,66,21,45,元大-四維,2023-01-03,9831
2890,永豐金,44,0,44,元大-四維,2023-01-03,9831
00650L,復華香港正2,41,1,40,元大-四維,2023-01-03,9831
1528,恩德,35,0,35,元大-四維,2023-01-03,9831
2609,陽明,65,35,30,元大-四維,2023-01-03,9831
6441,廣錠,23,0,23,元大-四維,2023-01-03,9831
00753L,中信中國50正2,22,2,20,元大-四維,2023-01-03,9831
2603,長榮,20,0,20,元大-四維,2023-01-03,9831
4167,松瑞藥,22,3,19,元大-四維,2023-01-03,9831
2606,裕民,26,8,18,元大-四維,2023-01-03,9831
2317,鴻海,31,15,16,元大-四維,2023-01-03,9831
2618,長榮航,39,24,15,元大-四維,2023-01-03,9831
2367,燿華,15,0,15,元大-四維,2023-01-03,9831
2006,東和鋼鐵,15,0,15,元大-四維,2023-01-03,9831
1810,和成,17,4,13,元大-四維,2023-01-03,9831
6589,台康生技,14,2,12,元大-四維,2023-01-03,9831
3711,日月光投控,22,11,11,元大-四維,2023-01-03,9831
2049,上銀,10,0,10,元大-四維,2023-01-03,9831
1752,南光,36,27,9,元大-四維,2023-01-03,9831
1701,中化,30,21,9,元大-四維,2023-01-03,9831
2605,新興,13,5,8,元大-四維,2023-01-03,9831
6592,和潤企業,8,0,8,元大-四維,2023-01-03,9831
00679B,元大美債20年,8,0,8,元大-四維,2023-01-03,9831
1101,台泥,7,0,7,元大-四維,2023-01-03,9831
00632R,元大台灣50反1,12,5,7,元大-四維,2023-01-03,9831
3035,智原,10,3,7,元大-四維,2023-01-03,9831
2745,五福,7,0,7,元大-四維,2023-01-03,9831
6670,復盛應用,7,0,7,元大-四維,2023-01-03,9831
00878,國泰永續高股息,37,30,7,元大-四維,2023-01-03,9831
2886,兆豐金,6,0,6,元大-四維,2023-01-03,9831
6505,台塑化,6,0,6,元大-四維,2023-01-03,9831
6111,大宇資,20,14,6,元大-四維,2023-01-03,9831
3083,網龍,10,4,6,元大-四維,2023-01-03,9831
6770,力積電,6,0,6,元大-四維,2023-01-03,9831
3057,喬鼎,6,0,6,元大-四維,2023-01-03,9831
2406,國碩,6,0,6,元大-四維,2023-01-03,9831
2009,第一銅,8,2,6,元大-四維,2023-01-03,9831
9931,欣高,5,0,5,元大-四維,2023-01-03,9831
00648R,元大S＆P500反1,5,0,5,元大-四維,2023-01-03,9831
2007,燁興,9,4,5,元大-四維,2023-01-03,9831
4106,雃博,5,0,5,元大-四維,2023-01-03,9831
2488,漢平,5,0,5,元大-四維,2023-01-03,9831
1720,生達,6,1,5,元大-四維,2023-01-03,9831
1736,喬山,5,0,5,元大-四維,2023-01-03,9831
6456,GIS-KY,5,0,5,元大-四維,2023-01-03,9831
4736,泰博,5,0,5,元大-四維,2023-01-03,9831
2615,萬海,22,18,4,元大-四維,2023-01-03,9831
2354,鴻準,5,1,4,元大-四維,2023-01-03,9831
2605,新興,108,0,108,元大-四維,2023-01-04,9831
2888,新光金,90,2,88,元大-四維,2023-01-04,9831
00673R,期元大S＆P原油反1,80,1,79,元大-四維,2023-01-04,9831
2332,友訊,71,11,60,元大-四維,2023-01-04,9831
9919,康那香,51,0,51,元大-四維,2023-01-04,9831
5608,四維航,52,5,47,元大-四維,2023-01-04,9831
2609,陽明,118,75,43,元大-四維,2023-01-04,9831
00650L,復華香港正2,40,0,40,元大-四維,2023-01-04,9831
2368,金像電,38,4,34,元大-四維,2023-01-04,9831
00753L,中信中國50正2,66,35,31,元大-四維,2023-01-04,9831
3059,華晶科,30,3,27,元大-四維,2023-01-04,9831
2603,長榮,29,3,26,元大-四維,2023-01-04,9831
2615,萬海,33,15,18,元大-四維,2023-01-04,9831
2002,中鋼,21,4,17,元大-四維,2023-01-04,9831
3057,喬鼎,14,0,14,元大-四維,2023-01-04,9831
2886,兆豐金,13,1,12,元大-四維,2023-01-04,9831
6456,GIS-KY,12,0,12,元大-四維,2023-01-04,9831
3189,景碩,12,1,11,元大-四維,2023-01-04,9831
2303,聯電,17,6,11,元大-四維,2023-01-04,9831
00885,富邦越南,17,6,11,元大-四維,2023-01-04,9831
3479,安勤,14,3,11,元大-四維,2023-01-04,9831
5371,中光電,12,1,11,元大-四維,2023-01-04,9831
2317,鴻海,30,20,10,元大-四維,2023-01-04,9831
1210,大成,10,0,10,元大-四維,2023-01-04,9831
4919,新唐,12,2,10,元大-四維,2023-01-04,9831
2337,旺宏,10,0,10,元大-四維,2023-01-04,9831
2867,三商壽,10,0,10,元大-四維,2023-01-04,9831
8938,明安,10,0,10,元大-四維,2023-01-04,9831
2538,基泰,10,0,10,元大-四維,2023-01-04,9831
2353,宏��,10,0,10,元大-四維,2023-01-04,9831
4167,松瑞藥,19,10,9,元大-四維,2023-01-04,9831
3162,精確,12,3,9,元大-四維,2023-01-04,9831
6235,華孚,20,11,9,元大-四維,2023-01-04,9831
2465,麗臺,13,5,8,元大-四維,2023-01-04,9831
2421,建準,8,0,8,元大-四維,2023-01-04,9831
3552,同致,8,0,8,元大-四維,2023-01-04,9831
3272,東碩,16,8,8,元大-四維,2023-01-04,9831
1752,南光,33,25,8,元大-四維,2023-01-04,9831
00893,國泰智能電動車,7,0,7,元大-四維,2023-01-04,9831
3374,精材,7,0,7,元大-四維,2023-01-04,9831
6118,建達,12,5,7,元大-四維,2023-01-04,9831
4102,永日,8,1,7,元大-四維,2023-01-04,9831
3078,僑威,7,0,7,元大-四維,2023-01-04,9831
1760,寶齡富錦,11,4,7,元大-四維,2023-01-04,9831
2308,台達電,14,7,7,元大-四維,2023-01-04,9831
2634,漢翔,9,2,7,元大-四維,2023-01-04,9831
2330,台積電,10,4,6,元大-四維,2023-01-04,9831
2542,興富發,6,0,6,元大-四維,2023-01-04,9831
3037,欣興,28,22,6,元大-四維,2023-01-04,9831
3515,華擎,8,2,6,元大-四維,2023-01-04,9831
00882,中信中國高股息,280,9,271,元大-四維,2023-01-05,9831
8358,金居,94,9,85,元大-四維,2023-01-05,9831
1536,和大,81,2,79,元大-四維,2023-01-05,9831
2313,華通,76,0,76,元大-四維,2023-01-05,9831
1513,中興電,80,21,59,元大-四維,2023-01-05,9831
1605,華新,106,50,56,元大-四維,2023-01-05,9831
2419,仲琦,55,19,36,元大-四維,2023-01-05,9831
2317,鴻海,36,4,32,元大-四維,2023-01-05,9831
6806,森崴能源,33,2,31,元大-四維,2023-01-05,9831
3479,安勤,62,32,30,元大-四維,2023-01-05,9831
2368,金像電,20,0,20,元大-四維,2023-01-05,9831
6129,普誠,20,1,19,元大-四維,2023-01-05,9831
2457,飛宏,21,3,18,元大-四維,2023-01-05,9831
00885,富邦越南,19,1,18,元大-四維,2023-01-05,9831
00642U,期元大S＆P石油,17,0,17,元大-四維,2023-01-05,9831
5905,南仁湖,18,2,16,元大-四維,2023-01-05,9831
00919,群益台灣精選高息,15,0,15,元大-四維,2023-01-05,9831
5531,鄉林,15,0,15,元大-四維,2023-01-05,9831
8222,寶一,15,1,14,元大-四維,2023-01-05,9831
6443,元晶,25,11,14,元大-四維,2023-01-05,9831
4113,聯上,14,0,14,元大-四維,2023-01-05,9831
1319,東陽,13,0,13,元大-四維,2023-01-05,9831
4167,松瑞藥,16,3,13,元大-四維,2023-01-05,9831
5351,鈺創,14,1,13,元大-四維,2023-01-05,9831
2605,新興,11,0,11,元大-四維,2023-01-05,9831
5608,四維航,12,1,11,元大-四維,2023-01-05,9831
3576,聯合再生,11,0,11,元大-四維,2023-01-05,9831
2359,所羅門,10,0,10,元大-四維,2023-01-05,9831
00683L,期元大美元指正2,10,0,10,元大-四維,2023-01-05,9831
1522,堤維西,11,1,10,元大-四維,2023-01-05,9831
2743,山富,10,0,10,元大-四維,2023-01-05,9831
2409,友達,16,6,10,元大-四維,2023-01-05,9831
2308,台達電,10,1,9,元大-四維,2023-01-05,9831
9941,裕融,10,1,9,元大-四維,2023-01-05,9831
1736,喬山,14,5,9,元大-四維,2023-01-05,9831
3708,上緯投控,11,2,9,元大-四維,2023-01-05,9831
4931,新盛力,12,4,8,元大-四維,2023-01-05,9831
6118,建達,8,0,8,元大-四維,2023-01-05,9831
8046,南電,36,29,7,元大-四維,2023-01-05,9831
5009,榮剛,15,8,7,元大-四維,2023-01-05,9831
2382,廣達,7,0,7,元大-四維,2023-01-05,9831
3027,盛達,16,9,7,元大-四維,2023-01-05,9831
2328,廣宇,7,0,7,元大-四維,2023-01-05,9831
4919,新唐,8,2,6,元大-四維,2023-01-05,9831
6133,金橋,9,3,6,元大-四維,2023-01-05,9831
00715L,期街口布蘭特正2,6,0,6,元大-四維,2023-01-05,9831
2929,淘帝-KY,7,1,6,元大-四維,2023-01-05,9831
3078,僑威,6,0,6,元大-四維,2023-01-05,9831
2027,大成鋼,6,0,6,元大-四維,2023-01-05,9831
6153,嘉聯益,12,6,6,元大-四維,2023-01-05,9831
00712,復華富時不動產,225,0,225,元大-四維,2023-01-06,9831
2317,鴻海,149,10,139,元大-四維,2023-01-06,9831
00753L,中信中國50正2,56,7,49,元大-四維,2023-01-06,9831
00720B,元大投資級公司債,46,0,46,元大-四維,2023-01-06,9831
2610,華航,42,0,42,元大-四維,2023-01-06,9831
6234,高僑,40,0,40,元大-四維,2023-01-06,9831
2498,宏達電,38,7,31,元大-四維,2023-01-06,9831
00878,國泰永續高股息,68,37,31,元大-四維,2023-01-06,9831
3189,景碩,42,12,30,元大-四維,2023-01-06,9831
6806,森崴能源,24,1,23,元大-四維,2023-01-06,9831
1513,中興電,30,8,22,元大-四維,2023-01-06,9831
2338,光罩,24,3,21,元大-四維,2023-01-06,9831
1536,和大,34,13,21,元大-四維,2023-01-06,9831
00650L,復華香港正2,21,0,21,元大-四維,2023-01-06,9831
2890,永豐金,20,0,20,元大-四維,2023-01-06,9831
00641R,富邦日本反1,20,0,20,元大-四維,2023-01-06,9831
2605,新興,20,0,20,元大-四維,2023-01-06,9831
2208,台船,21,1,20,元大-四維,2023-01-06,9831
1528,恩德,19,0,19,元大-四維,2023-01-06,9831
2313,華通,21,3,18,元大-四維,2023-01-06,9831
5703,亞都,17,0,17,元大-四維,2023-01-06,9831
1217,愛之味,16,0,16,元大-四維,2023-01-06,9831
6139,亞翔,21,5,16,元大-四維,2023-01-06,9831
00893,國泰智能電動車,15,0,15,元大-四維,2023-01-06,9831
3714,富采,13,0,13,元大-四維,2023-01-06,9831
1701,中化,23,11,12,元大-四維,2023-01-06,9831
3704,合勤控,26,15,11,元大-四維,2023-01-06,9831
6111,大宇資,12,1,11,元大-四維,2023-01-06,9831
2308,台達電,11,0,11,元大-四維,2023-01-06,9831
1752,南光,39,29,10,元大-四維,2023-01-06,9831
3059,華晶科,10,0,10,元大-四維,2023-01-06,9831
00670L,富邦NASDAQ正2,10,0,10,元大-四維,2023-01-06,9831
1905,華紙,10,0,10,元大-四維,2023-01-06,9831
00683L,期元大美元指正2,10,0,10,元大-四維,2023-01-06,9831
4714,永捷,10,0,10,元大-四維,2023-01-06,9831
1304,台聚,10,0,10,元大-四維,2023-01-06,9831
2641,正德,9,0,9,元大-四維,2023-01-06,9831
2495,普安,10,1,9,元大-四維,2023-01-06,9831
2359,所羅門,12,3,9,元大-四維,2023-01-06,9831
1101,台泥,10,2,8,元大-四維,2023-01-06,9831
4167,松瑞藥,18,10,8,元大-四維,2023-01-06,9831
4128,中天,7,0,7,元大-四維,2023-01-06,9831
6456,GIS-KY,9,2,7,元大-四維,2023-01-06,9831
00902,中信電池及儲能,8,2,6,元大-四維,2023-01-06,9831
2929,淘帝-KY,6,0,6,元大-四維,2023-01-06,9831
3705,永信,6,0,6,元大-四維,2023-01-06,9831
2023,燁輝,49,43,6,元大-四維,2023-01-06,9831
3545,敦泰,6,0,6,元大-四維,2023-01-06,9831
4130,健亞,9,3,6,元大-四維,2023-01-06,9831
8171,天宇,29,24,5,元大-四維,2023-01-06,9831
00632R,元大台灣50反1,477,21,456,元大-四維,2023-01-09,9831
2524,京城,80,0,80,元大-四維,2023-01-09,9831
00753L,中信中國50正2,78,1,77,元大-四維,2023-01-09,9831
2609,陽明,150,74,76,元大-四維,2023-01-09,9831
8069,元太,88,22,66,元大-四維,2023-01-09,9831
5880,合庫金,100,38,62,元大-四維,2023-01-09,9831
3059,華晶科,63,2,61,元大-四維,2023-01-09,9831
6182,合晶,45,4,41,元大-四維,2023-01-09,9831
6278,台表科,36,0,36,元大-四維,2023-01-09,9831
2610,華航,37,2,35,元大-四維,2023-01-09,9831
4541,晟田,32,0,32,元大-四維,2023-01-09,9831
6770,力積電,55,25,30,元大-四維,2023-01-09,9831
3713,新晶投控,30,0,30,元大-四維,2023-01-09,9831
3712,永崴投控,30,0,30,元大-四維,2023-01-09,9831
2419,仲琦,33,12,21,元大-四維,2023-01-09,9831
4113,聯上,20,0,20,元大-四維,2023-01-09,9831
1528,恩德,20,0,20,元大-四維,2023-01-09,9831
9933,中鼎,21,1,20,元大-四維,2023-01-09,9831
1536,和大,35,17,18,元大-四維,2023-01-09,9831
8050,廣積,17,0,17,元大-四維,2023-01-09,9831
00882,中信中國高股息,20,3,17,元大-四維,2023-01-09,9831
00664R,國泰臺灣加權反1,15,0,15,元大-四維,2023-01-09,9831
3272,東碩,15,0,15,元大-四維,2023-01-09,9831
3704,合勤控,24,9,15,元大-四維,2023-01-09,9831
6443,元晶,38,24,14,元大-四維,2023-01-09,9831
5475,德宏,12,0,12,元大-四維,2023-01-09,9831
3535,晶彩科,13,1,12,元大-四維,2023-01-09,9831
2349,錸德,11,0,11,元大-四維,2023-01-09,9831
00888,永豐台灣ESG,11,0,11,元大-四維,2023-01-09,9831
8049,晶采,12,1,11,元大-四維,2023-01-09,9831
00683L,期元大美元指正2,10,0,10,元大-四維,2023-01-09,9831
8011,台通,10,0,10,元大-四維,2023-01-09,9831
3576,聯合再生,10,0,10,元大-四維,2023-01-09,9831
00795B,中信美國公債20年,10,0,10,元大-四維,2023-01-09,9831
00641R,富邦日本反1,10,0,10,元大-四維,2023-01-09,9831
3673,TPK-KY,10,0,10,元大-四維,2023-01-09,9831
5371,中光電,12,2,10,元大-四維,2023-01-09,9831
2603,長榮,20,10,10,元大-四維,2023-01-09,9831
4945,陞達科技,9,0,9,元大-四維,2023-01-09,9831
4114,健喬,25,16,9,元大-四維,2023-01-09,9831
2338,光罩,29,20,9,元大-四維,2023-01-09,9831
6153,嘉聯益,20,12,8,元大-四維,2023-01-09,9831
3032,偉訓,8,0,8,元大-四維,2023-01-09,9831
1529,樂事綠能,12,4,8,元大-四維,2023-01-09,9831
1217,愛之味,11,3,8,元大-四維,2023-01-09,9831
2886,兆豐金,14,6,8,元大-四維,2023-01-09,9831
1909,榮成,7,0,7,元大-四維,2023-01-09,9831
6129,普誠,17,10,7,元大-四維,2023-01-09,9831
00919,群益台灣精選高息,7,0,7,元大-四維,2023-01-09,9831
8255,朋程,7,0,7,元大-四維,2023-01-09,9831
1304,台聚,89,6,83,元大-四維,2023-01-10,9831
1605,華新,101,21,80,元大-四維,2023-01-10,9831
2605,新興,50,1,49,元大-四維,2023-01-10,9831
1736,喬山,35,1,34,元大-四維,2023-01-10,9831
3034,聯詠,43,10,33,元大-四維,2023-01-10,9831
6282,康舒,34,2,32,元大-四維,2023-01-10,9831
1815,富喬,31,0,31,元大-四維,2023-01-10,9831
2359,所羅門,30,1,29,元大-四維,2023-01-10,9831
6443,元晶,60,33,27,元大-四維,2023-01-10,9831
2027,大成鋼,27,5,22,元大-四維,2023-01-10,9831
00900,富邦特選高股息30,21,0,21,元大-四維,2023-01-10,9831
2615,萬海,27,10,17,元大-四維,2023-01-10,9831
2886,兆豐金,32,16,16,元大-四維,2023-01-10,9831
2313,華通,16,1,15,元大-四維,2023-01-10,9831
2609,陽明,37,23,14,元大-四維,2023-01-10,9831
2101,南港,14,0,14,元大-四維,2023-01-10,9831
1417,嘉裕,12,0,12,元大-四維,2023-01-10,9831
4541,晟田,12,0,12,元大-四維,2023-01-10,9831
5351,鈺創,36,24,12,元大-四維,2023-01-10,9831
1514,亞力,20,8,12,元大-四維,2023-01-10,9831
3332,幸康,11,0,11,元大-四維,2023-01-10,9831
2606,裕民,11,0,11,元大-四維,2023-01-10,9831
2845,遠東銀,11,0,11,元大-四維,2023-01-10,9831
3035,智原,13,2,11,元大-四維,2023-01-10,9831
3705,永信,10,0,10,元大-四維,2023-01-10,9831
3289,宜特,11,1,10,元大-四維,2023-01-10,9831
00795B,中信美國公債20年,10,0,10,元大-四維,2023-01-10,9831
1319,東陽,10,0,10,元大-四維,2023-01-10,9831
1301,台塑,11,1,10,元大-四維,2023-01-10,9831
00882,中信中國高股息,9,0,9,元大-四維,2023-01-10,9831
5608,四維航,10,1,9,元大-四維,2023-01-10,9831
2049,上銀,10,1,9,元大-四維,2023-01-10,9831
1217,愛之味,10,1,9,元大-四維,2023-01-10,9831
2892,第一金,11,3,8,元大-四維,2023-01-10,9831
2851,中再保,8,0,8,元大-四維,2023-01-10,9831
8171,天宇,11,3,8,元大-四維,2023-01-10,9831
1701,中化,31,23,8,元大-四維,2023-01-10,9831
6770,力積電,18,10,8,元大-四維,2023-01-10,9831
1101,台泥,11,4,7,元大-四維,2023-01-10,9831
2421,建準,8,1,7,元大-四維,2023-01-10,9831
6248,沛波,7,0,7,元大-四維,2023-01-10,9831
2371,大同,7,0,7,元大-四維,2023-01-10,9831
4167,松瑞藥,9,2,7,元大-四維,2023-01-10,9831
2028,威致,7,0,7,元大-四維,2023-01-10,9831
5703,亞都,9,2,7,元大-四維,2023-01-10,9831
5425,台半,10,4,6,元大-四維,2023-01-10,9831
2482,連宇,10,4,6,元大-四維,2023-01-10,9831
3022,威強電,6,0,6,元大-四維,2023-01-10,9831
2637,慧洋-KY,7,1,6,元大-四維,2023-01-10,9831
3576,聯合再生,6,0,6,元大-四維,2023-01-10,9831
2897,王道銀行,126,27,99,元大-四維,2023-01-11,9831
2892,第一金,70,1,69,元大-四維,2023-01-11,9831
4157,太景*-KY,60,0,60,元大-四維,2023-01-11,9831
3704,合勤控,61,4,57,元大-四維,2023-01-11,9831
2618,長榮航,238,182,56,元大-四維,2023-01-11,9831
00664R,國泰臺灣加權反1,50,0,50,元大-四維,2023-01-11,9831
00878,國泰永續高股息,49,12,37,元大-四維,2023-01-11,9831
00632R,元大台灣50反1,33,0,33,元大-四維,2023-01-11,9831
2890,永豐金,40,15,25,元大-四維,2023-01-11,9831
2845,遠東銀,35,10,25,元大-四維,2023-01-11,9831
3189,景碩,24,4,20,元大-四維,2023-01-11,9831
5880,合庫金,21,1,20,元大-四維,2023-01-11,9831
2442,新美齊,20,0,20,元大-四維,2023-01-11,9831
8183,精星,20,0,20,元大-四維,2023-01-11,9831
6591,動力-KY,20,0,20,元大-四維,2023-01-11,9831
2002,中鋼,18,2,16,元大-四維,2023-01-11,9831
1528,恩德,27,11,16,元大-四維,2023-01-11,9831
1310,台苯,15,0,15,元大-四維,2023-01-11,9831
4979,華星光,20,6,14,元大-四維,2023-01-11,9831
2313,華通,13,0,13,元大-四維,2023-01-11,9831
2317,鴻海,15,2,13,元大-四維,2023-01-11,9831
8069,元太,14,3,11,元大-四維,2023-01-11,9831
2371,大同,11,0,11,元大-四維,2023-01-11,9831
2360,致茂,11,0,11,元大-四維,2023-01-11,9831
3628,盈正,12,1,11,元大-四維,2023-01-11,9831
2615,萬海,36,26,10,元大-四維,2023-01-11,9831
1409,新纖,10,0,10,元大-四維,2023-01-11,9831
00900,富邦特選高股息30,10,0,10,元大-四維,2023-01-11,9831
1473,台南,10,0,10,元大-四維,2023-01-11,9831
6153,嘉聯益,11,1,10,元大-四維,2023-01-11,9831
00669R,國泰美國道瓊反1,10,0,10,元大-四維,2023-01-11,9831
1529,樂事綠能,30,20,10,元大-四維,2023-01-11,9831
00795B,中信美國公債20年,10,0,10,元大-四維,2023-01-11,9831
2468,華經,32,23,9,元大-四維,2023-01-11,9831
9917,中保科,9,0,9,元大-四維,2023-01-11,9831
5443,均豪,9,0,9,元大-四維,2023-01-11,9831
9938,百和,9,0,9,元大-四維,2023-01-11,9831
2495,普安,9,1,8,元大-四維,2023-01-11,9831
5703,亞都,8,0,8,元大-四維,2023-01-11,9831
4904,遠傳,8,0,8,元大-四維,2023-01-11,9831
1231,聯華食,8,0,8,元大-四維,2023-01-11,9831
3481,群創,10,2,8,元大-四維,2023-01-11,9831
4931,新盛力,10,3,7,元大-四維,2023-01-11,9831
1605,華新,15,8,7,元大-四維,2023-01-11,9831
1762,中化生,7,0,7,元大-四維,2023-01-11,9831
6124,業強,8,1,7,元大-四維,2023-01-11,9831
5465,富驊,7,0,7,元大-四維,2023-01-11,9831
2609,陽明,36,30,6,元大-四維,2023-01-11,9831
2377,微星,6,0,6,元大-四維,2023-01-11,9831
1522,堤維西,6,0,6,元大-四維,2023-01-11,9831
6443,元晶,241,41,200,元大-四維,2023-01-12,9831
00637L,元大滬深300正2,177,10,167,元大-四維,2023-01-12,9831
2405,輔信,105,0,105,元大-四維,2023-01-12,9831
00882,中信中國高股息,107,4,103,元大-四維,2023-01-12,9831
00753L,中信中國50正2,86,11,75,元大-四維,2023-01-12,9831
2732,六角,90,30,60,元大-四維,2023-01-12,9831
5880,合庫金,51,0,51,元大-四維,2023-01-12,9831
00878,國泰永續高股息,60,11,49,元大-四維,2023-01-12,9831
2014,中鴻,47,3,44,元大-四維,2023-01-12,9831
2457,飛宏,43,0,43,元大-四維,2023-01-12,9831
5508,永信建,40,0,40,元大-四維,2023-01-12,9831
1101,台泥,64,28,36,元大-四維,2023-01-12,9831
2482,連宇,25,1,24,元大-四維,2023-01-12,9831
2208,台船,26,4,22,元大-四維,2023-01-12,9831
1513,中興電,25,3,22,元大-四維,2023-01-12,9831
2834,臺企銀,20,0,20,元大-四維,2023-01-12,9831
6285,啟��,20,0,20,元大-四維,2023-01-12,9831
2442,新美齊,20,0,20,元大-四維,2023-01-12,9831
2468,華經,26,6,20,元大-四維,2023-01-12,9831
1718,中纖,25,6,19,元大-四維,2023-01-12,9831
3034,聯詠,21,2,19,元大-四維,2023-01-12,9831
2313,華通,26,8,18,元大-四維,2023-01-12,9831
2308,台達電,18,0,18,元大-四維,2023-01-12,9831
2609,陽明,96,80,16,元大-四維,2023-01-12,9831
4114,健喬,19,3,16,元大-四維,2023-01-12,9831
00632R,元大台灣50反1,21,5,16,元大-四維,2023-01-12,9831
3628,盈正,16,0,16,元大-四維,2023-01-12,9831
00773B,中信優先金融債,16,0,16,元大-四維,2023-01-12,9831
3704,合勤控,26,11,15,元大-四維,2023-01-12,9831
00713,元大台灣高息低波,14,0,14,元大-四維,2023-01-12,9831
4128,中天,16,2,14,元大-四維,2023-01-12,9831
2891,中信金,13,0,13,元大-四維,2023-01-12,9831
2634,漢翔,15,2,13,元大-四維,2023-01-12,9831
5371,中光電,21,9,12,元大-四維,2023-01-12,9831
2610,華航,21,9,12,元大-四維,2023-01-12,9831
2328,廣宇,11,0,11,元大-四維,2023-01-12,9831
00900,富邦特選高股息30,11,0,11,元大-四維,2023-01-12,9831
0056,元大高股息,15,5,10,元大-四維,2023-01-12,9831
00752,中信中國50,10,0,10,元大-四維,2023-01-12,9831
2342,茂矽,12,2,10,元大-四維,2023-01-12,9831
2611,志信,10,0,10,元大-四維,2023-01-12,9831
2845,遠東銀,10,0,10,元大-四維,2023-01-12,9831
6142,友勁,10,0,10,元大-四維,2023-01-12,9831
3714,富采,10,1,9,元大-四維,2023-01-12,9831
2009,第一銅,53,44,9,元大-四維,2023-01-12,9831
2614,東森,9,0,9,元大-四維,2023-01-12,9831
2880,華南金,8,0,8,元大-四維,2023-01-12,9831
2890,永豐金,10,2,8,元大-四維,2023-01-12,9831
2892,第一金,8,0,8,元大-四維,2023-01-12,9831
4966,譜瑞-KY,9,1,8,元大-四維,2023-01-12,9831
2014,中鴻,238,39,199,元大-四維,2023-01-13,9831
00673R,期元大S＆P原油反1,151,0,151,元大-四維,2023-01-13,9831
00637L,元大滬深300正2,309,174,135,元大-四維,2023-01-13,9831
6443,元晶,165,43,122,元大-四維,2023-01-13,9831
00882,中信中國高股息,77,43,34,元大-四維,2023-01-13,9831
2845,遠東銀,25,0,25,元大-四維,2023-01-13,9831
1734,杏輝,30,7,23,元大-四維,2023-01-13,9831
00720B,元大投資級公司債,23,2,21,元大-四維,2023-01-13,9831
2442,新美齊,20,0,20,元大-四維,2023-01-13,9831
2303,聯電,74,54,20,元大-四維,2023-01-13,9831
3037,欣興,42,23,19,元大-四維,2023-01-13,9831
2882,國泰金,22,7,15,元大-四維,2023-01-13,9831
5371,中光電,16,1,15,元大-四維,2023-01-13,9831
6104,創惟,18,5,13,元大-四維,2023-01-13,9831
1701,中化,16,3,13,元大-四維,2023-01-13,9831
3081,聯亞,13,0,13,元大-四維,2023-01-13,9831
1752,南光,30,19,11,元大-四維,2023-01-13,9831
2405,輔信,11,0,11,元大-四維,2023-01-13,9831
00773B,中信優先金融債,12,1,11,元大-四維,2023-01-13,9831
4968,立積,12,1,11,元大-四維,2023-01-13,9831
8261,富鼎,12,1,11,元大-四維,2023-01-13,9831
2498,宏達電,41,30,11,元大-四維,2023-01-13,9831
2313,華通,18,8,10,元大-四維,2023-01-13,9831
3704,合勤控,14,4,10,元大-四維,2023-01-13,9831
6005,群益證,10,0,10,元大-四維,2023-01-13,9831
1473,台南,10,0,10,元大-四維,2023-01-13,9831
3057,喬鼎,10,0,10,元大-四維,2023-01-13,9831
1528,恩德,10,0,10,元大-四維,2023-01-13,9831
4736,泰博,10,0,10,元大-四維,2023-01-13,9831
00795B,中信美國公債20年,10,0,10,元大-四維,2023-01-13,9831
4113,聯上,10,0,10,元大-四維,2023-01-13,9831
2880,華南金,10,1,9,元大-四維,2023-01-13,9831
3481,群創,11,2,9,元大-四維,2023-01-13,9831
2345,智邦,12,3,9,元大-四維,2023-01-13,9831
4746,台耀,12,3,9,元大-四維,2023-01-13,9831
00635U,期元大S＆P黃金,10,1,9,元大-四維,2023-01-13,9831
2812,台中銀,9,0,9,元大-四維,2023-01-13,9831
1784,訊聯,9,0,9,元大-四維,2023-01-13,9831
2614,東森,8,0,8,元大-四維,2023-01-13,9831
2344,華邦電,15,7,8,元大-四維,2023-01-13,9831
9912,偉聯,8,0,8,元大-四維,2023-01-13,9831
1809,中釉,8,0,8,元大-四維,2023-01-13,9831
00751B,元大AAA至A公司債,8,0,8,元大-四維,2023-01-13,9831
3008,大立光,9,2,7,元大-四維,2023-01-13,9831
00632R,元大台灣50反1,57,50,7,元大-四維,2023-01-13,9831
8171,天宇,7,0,7,元大-四維,2023-01-13,9831
4526,東台,12,5,7,元大-四維,2023-01-13,9831
5014,建錩,7,0,7,元大-四維,2023-01-13,9831
3441,聯一光,6,0,6,元大-四維,2023-01-13,9831
9103,美德醫療-DR,8,2,6,元大-四維,2023-01-13,9831
00637L,元大滬深300正2,1210,301,909,元大-四維,2023-01-16,9831
2027,大成鋼,56,1,55,元大-四維,2023-01-16,9831
00632R,元大台灣50反1,56,1,55,元大-四維,2023-01-16,9831
2208,台船,45,0,45,元大-四維,2023-01-16,9831
00893,國泰智能電動車,50,9,41,元大-四維,2023-01-16,9831
3576,聯合再生,37,0,37,元大-四維,2023-01-16,9831
00713,元大台灣高息低波,28,0,28,元大-四維,2023-01-16,9831
00635U,期元大S＆P黃金,26,0,26,元大-四維,2023-01-16,9831
2614,東森,27,7,20,元大-四維,2023-01-16,9831
5009,榮剛,23,4,19,元大-四維,2023-01-16,9831
6585,鼎基,18,0,18,元大-四維,2023-01-16,9831
00882,中信中國高股息,30,13,17,元大-四維,2023-01-16,9831
2376,技嘉,19,4,15,元大-四維,2023-01-16,9831
00900,富邦特選高股息30,13,0,13,元大-四維,2023-01-16,9831
2609,陽明,78,65,13,元大-四維,2023-01-16,9831
6770,力積電,19,7,12,元大-四維,2023-01-16,9831
00772B,中信高評級公司債,12,1,11,元大-四維,2023-01-16,9831
5608,四維航,12,1,11,元大-四維,2023-01-16,9831
8105,凌巨,11,0,11,元大-四維,2023-01-16,9831
2615,萬海,33,22,11,元大-四維,2023-01-16,9831
2890,永豐金,20,10,10,元大-四維,2023-01-16,9831
1304,台聚,10,0,10,元大-四維,2023-01-16,9831
1473,台南,10,0,10,元大-四維,2023-01-16,9831
00664R,國泰臺灣加權反1,10,0,10,元大-四維,2023-01-16,9831
00795B,中信美國公債20年,10,0,10,元大-四維,2023-01-16,9831
9933,中鼎,10,0,10,元大-四維,2023-01-16,9831
00878,國泰永續高股息,21,11,10,元大-四維,2023-01-16,9831
1342,八貫,9,0,9,元大-四維,2023-01-16,9831
5228,鈺鎧,9,0,9,元大-四維,2023-01-16,9831
5703,亞都,9,0,9,元大-四維,2023-01-16,9831
00751B,元大AAA至A公司債,9,0,9,元大-四維,2023-01-16,9831
2317,鴻海,11,3,8,元大-四維,2023-01-16,9831
2405,輔信,8,0,8,元大-四維,2023-01-16,9831
00773B,中信優先金融債,8,0,8,元大-四維,2023-01-16,9831
2368,金像電,16,9,7,元大-四維,2023-01-16,9831
2338,光罩,27,20,7,元大-四維,2023-01-16,9831
00753L,中信中國50正2,15,9,6,元大-四維,2023-01-16,9831
8011,台通,6,0,6,元大-四維,2023-01-16,9831
3027,盛達,6,0,6,元大-四維,2023-01-16,9831
1785,光洋科,6,1,5,元大-四維,2023-01-16,9831
2880,華南金,14,9,5,元大-四維,2023-01-16,9831
1310,台苯,5,0,5,元大-四維,2023-01-16,9831
1783,和康生,10,5,5,元大-四維,2023-01-16,9831
1528,恩德,5,0,5,元大-四維,2023-01-16,9831
2449,京元電子,5,0,5,元大-四維,2023-01-16,9831
6570,維田,5,0,5,元大-四維,2023-01-16,9831
6109,亞元,5,0,5,元大-四維,2023-01-16,9831
1337,再生-KY,5,0,5,元大-四維,2023-01-16,9831
6443,元晶,7,2,5,元大-四維,2023-01-16,9831
00720B,元大投資級公司債,5,0,5,元大-四維,2023-01-16,9831
2027,大成鋼,150,3,147,元大-四維,2023-01-17,9831
2618,長榮航,110,14,96,元大-四維,2023-01-17,9831
00637L,元大滬深300正2,128,34,94,元大-四維,2023-01-17,9831
5608,四維航,107,15,92,元大-四維,2023-01-17,9831
00632R,元大台灣50反1,74,0,74,元大-四維,2023-01-17,9831
2208,台船,56,13,43,元大-四維,2023-01-17,9831
1336,台翰,40,0,40,元大-四維,2023-01-17,9831
00882,中信中國高股息,39,0,39,元大-四維,2023-01-17,9831
1314,中石化,35,1,34,元大-四維,2023-01-17,9831
1101,台泥,37,5,32,元大-四維,2023-01-17,9831
2887,台新金,30,1,29,元大-四維,2023-01-17,9831
00878,國泰永續高股息,23,3,20,元大-四維,2023-01-17,9831
2338,光罩,17,1,16,元大-四維,2023-01-17,9831
00773B,中信優先金融債,15,0,15,元大-四維,2023-01-17,9831
3491,昇達科,15,0,15,元大-四維,2023-01-17,9831
4934,太極,15,0,15,元大-四維,2023-01-17,9831
4114,健喬,15,3,12,元大-四維,2023-01-17,9831
4979,華星光,31,19,12,元大-四維,2023-01-17,9831
2884,玉山金,11,0,11,元大-四維,2023-01-17,9831
2610,華航,19,8,11,元大-四維,2023-01-17,9831
2748,雲品,19,8,11,元大-四維,2023-01-17,9831
5014,建錩,11,0,11,元大-四維,2023-01-17,9831
00752,中信中國50,10,0,10,元大-四維,2023-01-17,9831
4945,陞達科技,12,2,10,元大-四維,2023-01-17,9831
6109,亞元,10,0,10,元大-四維,2023-01-17,9831
00795B,中信美國公債20年,10,0,10,元大-四維,2023-01-17,9831
2891,中信金,14,4,10,元大-四維,2023-01-17,9831
3669,圓展,10,0,10,元大-四維,2023-01-17,9831
3710,連展投控,10,0,10,元大-四維,2023-01-17,9831
1473,台南,10,0,10,元大-四維,2023-01-17,9831
3498,陽程,10,0,10,元大-四維,2023-01-17,9831
00900,富邦特選高股息30,10,0,10,元大-四維,2023-01-17,9831
4714,永捷,10,0,10,元大-四維,2023-01-17,9831
4167,松瑞藥,13,3,10,元大-四維,2023-01-17,9831
2614,東森,9,0,9,元大-四維,2023-01-17,9831
4966,譜瑞-KY,9,0,9,元大-四維,2023-01-17,9831
3481,群創,9,0,9,元大-四維,2023-01-17,9831
1417,嘉裕,12,4,8,元大-四維,2023-01-17,9831
006205,富邦上証,8,0,8,元大-四維,2023-01-17,9831
8421,旭源,8,0,8,元大-四維,2023-01-17,9831
8069,元太,10,3,7,元大-四維,2023-01-17,9831
2540,愛山林,8,1,7,元大-四維,2023-01-17,9831
00885,富邦越南,17,10,7,元大-四維,2023-01-17,9831
1506,正道,7,0,7,元大-四維,2023-01-17,9831
00713,元大台灣高息低波,6,0,6,元大-四維,2023-01-17,9831
2484,希華,6,0,6,元大-四維,2023-01-17,9831
2498,宏達電,11,5,6,元大-四維,2023-01-17,9831
2412,中華電,6,0,6,元大-四維,2023-01-17,9831
00673R,期元大S＆P原油反1,6,0,6,元大-四維,2023-01-17,9831
6589,台康生技,7,1,6,元大-四維,2023-01-17,9831
00632R,元大台灣50反1,430,5,425,元大-四維,2023-01-30,9831
2891,中信金,151,3,148,元大-四維,2023-01-30,9831
2317,鴻海,80,13,67,元大-四維,2023-01-30,9831
2353,宏��,60,0,60,元大-四維,2023-01-30,9831
2308,台達電,64,10,54,元大-四維,2023-01-30,9831
3264,欣銓,54,2,52,元大-四維,2023-01-30,9831
2603,長榮,30,0,30,元大-四維,2023-01-30,9831
2845,遠東銀,30,0,30,元大-四維,2023-01-30,9831
4174,浩鼎,30,2,28,元大-四維,2023-01-30,9831
2634,漢翔,27,0,27,元大-四維,2023-01-30,9831
1409,新纖,21,0,21,元大-四維,2023-01-30,9831
8069,元太,26,6,20,元大-四維,2023-01-30,9831
2368,金像電,19,0,19,元大-四維,2023-01-30,9831
00753L,中信中國50正2,20,2,18,元大-四維,2023-01-30,9831
3576,聯合再生,17,0,17,元大-四維,2023-01-30,9831
3059,華晶科,17,1,16,元大-四維,2023-01-30,9831
2006,東和鋼鐵,15,0,15,元大-四維,2023-01-30,9831
2412,中華電,17,2,15,元大-四維,2023-01-30,9831
5469,瀚宇博,15,0,15,元大-四維,2023-01-30,9831
6533,晶心科,21,6,15,元大-四維,2023-01-30,9831
00900,富邦特選高股息30,21,7,14,元大-四維,2023-01-30,9831
1529,樂事綠能,18,4,14,元大-四維,2023-01-30,9831
2609,陽明,105,92,13,元大-四維,2023-01-30,9831
00773B,中信優先金融債,12,0,12,元大-四維,2023-01-30,9831
6168,宏齊,11,0,11,元大-四維,2023-01-30,9831
6806,森崴能源,12,1,11,元大-四維,2023-01-30,9831
8924,大田,11,0,11,元大-四維,2023-01-30,9831
2504,國產,11,0,11,元大-四維,2023-01-30,9831
5607,遠雄港,10,0,10,元大-四維,2023-01-30,9831
2208,台船,20,10,10,元大-四維,2023-01-30,9831
2419,仲琦,10,0,10,元大-四維,2023-01-30,9831
3057,喬鼎,10,0,10,元大-四維,2023-01-30,9831
2883B,凱基金乙特,10,0,10,元大-四維,2023-01-30,9831
4714,永捷,10,0,10,元大-四維,2023-01-30,9831
00772B,中信高評級公司債,10,1,9,元大-四維,2023-01-30,9831
6477,安集,9,0,9,元大-四維,2023-01-30,9831
3017,奇鋐,10,1,9,元大-四維,2023-01-30,9831
2371,大同,12,3,9,元大-四維,2023-01-30,9831
8477,創業家,9,0,9,元大-四維,2023-01-30,9831
00770,國泰北美科技,8,0,8,元大-四維,2023-01-30,9831
2732,六角,8,0,8,元大-四維,2023-01-30,9831
1506,正道,8,0,8,元大-四維,2023-01-30,9831
00720B,元大投資級公司債,8,0,8,元大-四維,2023-01-30,9831
2497,怡利電,11,3,8,元大-四維,2023-01-30,9831
4736,泰博,9,2,7,元大-四維,2023-01-30,9831
4746,台耀,12,5,7,元大-四維,2023-01-30,9831
5388,中磊,7,0,7,元大-四維,2023-01-30,9831
1524,耿鼎,7,0,7,元大-四維,2023-01-30,9831
8028,昇陽半導體,7,0,7,元大-四維,2023-01-30,9831
2492,華新科,7,0,7,元大-四維,2023-01-30,9831
00632R,元大台灣50反1,808,8,800,元大-四維,2023-01-31,9831
2892,第一金,235,1,234,元大-四維,2023-01-31,9831
2610,華航,107,5,102,元大-四維,2023-01-31,9831
00637L,元大滬深300正2,119,18,101,元大-四維,2023-01-31,9831
00905,FT臺灣Smart,86,0,86,元大-四維,2023-01-31,9831
5880,合庫金,67,5,62,元大-四維,2023-01-31,9831
3305,昇貿,54,2,52,元大-四維,2023-01-31,9831
2888,新光金,56,5,51,元大-四維,2023-01-31,9831
9907,統一實,50,0,50,元大-四維,2023-01-31,9831
2208,台船,75,33,42,元大-四維,2023-01-31,9831
5443,均豪,40,2,38,元大-四維,2023-01-31,9831
4934,太極,43,11,32,元大-四維,2023-01-31,9831
2330,台積電,37,6,31,元大-四維,2023-01-31,9831
2412,中華電,31,0,31,元大-四維,2023-01-31,9831
8038,長園科,32,1,31,元大-四維,2023-01-31,9831
3711,日月光投控,39,11,28,元大-四維,2023-01-31,9831
3481,群創,44,17,27,元大-四維,2023-01-31,9831
00878,國泰永續高股息,40,14,26,元大-四維,2023-01-31,9831
4904,遠傳,25,0,25,元大-四維,2023-01-31,9831
2317,鴻海,61,36,25,元大-四維,2023-01-31,9831
2834,臺企銀,24,0,24,元大-四維,2023-01-31,9831
00753L,中信中國50正2,44,20,24,元大-四維,2023-01-31,9831
00891,中信關鍵半導體,42,19,23,元大-四維,2023-01-31,9831
2891,中信金,43,20,23,元大-四維,2023-01-31,9831
00893,國泰智能電動車,25,3,22,元大-四維,2023-01-31,9831
2885,元大金,24,2,22,元大-四維,2023-01-31,9831
2618,長榮航,73,52,21,元大-四維,2023-01-31,9831
1101,台泥,27,7,20,元大-四維,2023-01-31,9831
1309,台達化,60,40,20,元大-四維,2023-01-31,9831
1314,中石化,30,10,20,元大-四維,2023-01-31,9831
5347,世界,20,1,19,元大-四維,2023-01-31,9831
00720B,元大投資級公司債,18,0,18,元大-四維,2023-01-31,9831
2886,兆豐金,18,0,18,元大-四維,2023-01-31,9831
9105,泰金寶-DR,22,5,17,元大-四維,2023-01-31,9831
6235,華孚,25,8,17,元大-四維,2023-01-31,9831
4167,松瑞藥,20,3,17,元大-四維,2023-01-31,9831
00772B,中信高評級公司債,16,0,16,元大-四維,2023-01-31,9831
0056,元大高股息,26,10,16,元大-四維,2023-01-31,9831
00773B,中信優先金融債,15,0,15,元大-四維,2023-01-31,9831
2890,永豐金,16,1,15,元大-四維,2023-01-31,9831
2376,技嘉,21,7,14,元大-四維,2023-01-31,9831
8477,創業家,14,0,14,元大-四維,2023-01-31,9831
2408,南亞科,14,0,14,元大-四維,2023-01-31,9831
8033,雷虎,17,3,14,元大-四維,2023-01-31,9831
6168,宏齊,13,0,13,元大-四維,2023-01-31,9831
5014,建錩,15,2,13,元大-四維,2023-01-31,9831
8105,凌巨,24,11,13,元大-四維,2023-01-31,9831
00679B,元大美債20年,23,10,13,元大-四維,2023-01-31,9831
3141,晶宏,16,4,12,元大-四維,2023-01-31,9831
00885,富邦越南,18,7,11,元大-四維,2023-01-31,9831
00632R,元大台灣50反1,190,0,190,元大-四維,2023-02-01,9831
9907,統一實,150,0,150,元大-四維,2023-02-01,9831
1618,合機,81,0,81,元大-四維,2023-02-01,9831
3481,群創,71,10,61,元大-四維,2023-02-01,9831
5880,合庫金,55,0,55,元大-四維,2023-02-01,9831
2353,宏��,50,1,49,元大-四維,2023-02-01,9831
3264,欣銓,51,4,47,元大-四維,2023-02-01,9831
1605,華新,130,85,45,元大-四維,2023-02-01,9831
2317,鴻海,46,1,45,元大-四維,2023-02-01,9831
00882,中信中國高股息,33,1,32,元大-四維,2023-02-01,9831
00878,國泰永續高股息,35,8,27,元大-四維,2023-02-01,9831
2610,華航,273,247,26,元大-四維,2023-02-01,9831
4114,健喬,25,1,24,元大-四維,2023-02-01,9831
2330,台積電,34,11,23,元大-四維,2023-02-01,9831
2412,中華電,24,3,21,元大-四維,2023-02-01,9831
8033,雷虎,27,6,21,元大-四維,2023-02-01,9831
2108,南帝,21,0,21,元大-四維,2023-02-01,9831
2204,中華,20,0,20,元大-四維,2023-02-01,9831
5425,台半,54,35,19,元大-四維,2023-02-01,9831
2890,永豐金,52,34,18,元大-四維,2023-02-01,9831
6550,北極星藥業-KY,17,0,17,元大-四維,2023-02-01,9831
2883,凱基金,29,12,17,元大-四維,2023-02-01,9831
2388,威盛,23,7,16,元大-四維,2023-02-01,9831
00773B,中信優先金融債,16,0,16,元大-四維,2023-02-01,9831
2834,臺企銀,16,0,16,元大-四維,2023-02-01,9831
2614,東森,18,3,15,元大-四維,2023-02-01,9831
00905,FT臺灣Smart,15,0,15,元大-四維,2023-02-01,9831
3290,東浦,16,1,15,元大-四維,2023-02-01,9831
2609,陽明,35,21,14,元大-四維,2023-02-01,9831
3017,奇鋐,24,10,14,元大-四維,2023-02-01,9831
1701,中化,17,3,14,元大-四維,2023-02-01,9831
5309,系統電,15,2,13,元大-四維,2023-02-01,9831
2455,全新,13,0,13,元大-四維,2023-02-01,9831
2009,第一銅,60,48,12,元大-四維,2023-02-01,9831
00680L,元大美債20正2,14,2,12,元大-四維,2023-02-01,9831
4162,智擎,11,0,11,元大-四維,2023-02-01,9831
4952,凌通,11,0,11,元大-四維,2023-02-01,9831
8050,廣積,11,0,11,元大-四維,2023-02-01,9831
2615,萬海,14,3,11,元大-四維,2023-02-01,9831
1752,南光,10,0,10,元大-四維,2023-02-01,9831
2105,正新,10,0,10,元大-四維,2023-02-01,9831
2881,富邦金,9,0,9,元大-四維,2023-02-01,9831
4174,浩鼎,9,0,9,元大-四維,2023-02-01,9831
00637L,元大滬深300正2,11,2,9,元大-四維,2023-02-01,9831
2367,燿華,11,2,9,元大-四維,2023-02-01,9831
4909,新復興,10,1,9,元大-四維,2023-02-01,9831
3059,華晶科,8,0,8,元大-四維,2023-02-01,9831
3013,晟銘電,10,2,8,元大-四維,2023-02-01,9831
8038,長園科,8,0,8,元大-四維,2023-02-01,9831
3049,精金,8,0,8,元大-四維,2023-02-01,9831
00632R,元大台灣50反1,667,210,457,元大-四維,2023-02-02,9831
00637L,元大滬深300正2,195,3,192,元大-四維,2023-02-02,9831
2610,華航,206,16,190,元大-四維,2023-02-02,9831
2405,輔信,102,0,102,元大-四維,2023-02-02,9831
00878,國泰永續高股息,174,79,95,元大-四維,2023-02-02,9831
00882,中信中國高股息,83,10,73,元大-四維,2023-02-02,9831
2618,長榮航,94,21,73,元大-四維,2023-02-02,9831
2006,東和鋼鐵,150,77,73,元大-四維,2023-02-02,9831
00753L,中信中國50正2,62,0,62,元大-四維,2023-02-02,9831
1605,華新,145,87,58,元大-四維,2023-02-02,9831
1513,中興電,85,30,55,元大-四維,2023-02-02,9831
1309,台達化,51,0,51,元大-四維,2023-02-02,9831
3704,合勤控,80,34,46,元大-四維,2023-02-02,9831
3141,晶宏,56,15,41,元大-四維,2023-02-02,9831
2929,淘帝-KY,56,15,41,元大-四維,2023-02-02,9831
4919,新唐,66,31,35,元大-四維,2023-02-02,9831
00885,富邦越南,35,0,35,元大-四維,2023-02-02,9831
6205,詮欣,40,7,33,元大-四維,2023-02-02,9831
2888,新光金,37,5,32,元大-四維,2023-02-02,9831
2317,鴻海,34,2,32,元大-四維,2023-02-02,9831
6278,台表科,48,18,30,元大-四維,2023-02-02,9831
6241,易通展,25,0,25,元大-四維,2023-02-02,9831
2014,中鴻,24,1,23,元大-四維,2023-02-02,9831
2497,怡利電,48,25,23,元大-四維,2023-02-02,9831
8105,凌巨,23,2,21,元大-四維,2023-02-02,9831
1905,華紙,20,0,20,元大-四維,2023-02-02,9831
1305,華夏,20,0,20,元大-四維,2023-02-02,9831
3059,華晶科,22,2,20,元大-四維,2023-02-02,9831
00679B,元大美債20年,20,1,19,元大-四維,2023-02-02,9831
00905,FT臺灣Smart,20,1,19,元大-四維,2023-02-02,9831
00715L,期街口布蘭特正2,19,0,19,元大-四維,2023-02-02,9831
6274,台燿,20,1,19,元大-四維,2023-02-02,9831
2201,裕隆,48,29,19,元大-四維,2023-02-02,9831
2891,中信金,28,10,18,元大-四維,2023-02-02,9831
2883,凱基金,25,8,17,元大-四維,2023-02-02,9831
2884,玉山金,15,0,15,元大-四維,2023-02-02,9831
1519,華城,19,4,15,元大-四維,2023-02-02,9831
2363,矽統,17,2,15,元大-四維,2023-02-02,9831
1611,中電,15,0,15,元大-四維,2023-02-02,9831
4142,國光生,27,12,15,元大-四維,2023-02-02,9831
2344,華邦電,74,60,14,元大-四維,2023-02-02,9831
2353,宏��,20,6,14,元大-四維,2023-02-02,9831
1586,和勤,14,0,14,元大-四維,2023-02-02,9831
2308,台達電,21,9,12,元大-四維,2023-02-02,9831
5425,台半,19,7,12,元大-四維,2023-02-02,9831
1736,喬山,14,2,12,元大-四維,2023-02-02,9831
00642U,期元大S＆P石油,12,0,12,元大-四維,2023-02-02,9831
3041,揚智,43,31,12,元大-四維,2023-02-02,9831
4536,拓凱,12,0,12,元大-四維,2023-02-02,9831
2388,威盛,49,38,11,元大-四維,2023-02-02,9831
00632R,元大台灣50反1,523,0,523,元大-四維,2023-02-03,9831
2892,第一金,403,0,403,元大-四維,2023-02-03,9831
2609,陽明,134,82,52,元大-四維,2023-02-03,9831
1701,中化,56,4,52,元大-四維,2023-02-03,9831
2324,仁寶,51,0,51,元大-四維,2023-02-03,9831
2031,新光鋼,50,1,49,元大-四維,2023-02-03,9831
00637L,元大滬深300正2,47,4,43,元大-四維,2023-02-03,9831
3481,群創,39,0,39,元大-四維,2023-02-03,9831
2014,中鴻,39,1,38,元大-四維,2023-02-03,9831
1513,中興電,40,4,36,元大-四維,2023-02-03,9831
3444,利機,31,0,31,元大-四維,2023-02-03,9831
00882,中信中國高股息,30,0,30,元大-四維,2023-02-03,9831
5009,榮剛,38,9,29,元大-四維,2023-02-03,9831
2317,鴻海,33,4,29,元大-四維,2023-02-03,9831
1319,東陽,33,5,28,元大-四維,2023-02-03,9831
2002,中鋼,31,4,27,元大-四維,2023-02-03,9831
2603,長榮,40,14,26,元大-四維,2023-02-03,9831
8046,南電,42,16,26,元大-四維,2023-02-03,9831
6241,易通展,25,0,25,元大-四維,2023-02-03,9831
00888,永豐台灣ESG,25,0,25,元大-四維,2023-02-03,9831
2409,友達,26,2,24,元大-四維,2023-02-03,9831
3707,漢磊,23,2,21,元大-四維,2023-02-03,9831
2498,宏達電,139,119,20,元大-四維,2023-02-03,9831
1795,美時,31,11,20,元大-四維,2023-02-03,9831
3034,聯詠,20,0,20,元大-四維,2023-02-03,9831
2888,新光金,18,0,18,元大-四維,2023-02-03,9831
3705,永信,18,0,18,元大-四維,2023-02-03,9831
3305,昇貿,20,2,18,元大-四維,2023-02-03,9831
4931,新盛力,18,1,17,元大-四維,2023-02-03,9831
2027,大成鋼,93,76,17,元大-四維,2023-02-03,9831
2610,華航,22,6,16,元大-四維,2023-02-03,9831
3006,晶豪科,24,8,16,元大-四維,2023-02-03,9831
00720B,元大投資級公司債,15,0,15,元大-四維,2023-02-03,9831
1711,永光,15,0,15,元大-四維,2023-02-03,9831
8477,創業家,15,0,15,元大-四維,2023-02-03,9831
6153,嘉聯益,15,1,14,元大-四維,2023-02-03,9831
00753L,中信中國50正2,13,0,13,元大-四維,2023-02-03,9831
4114,健喬,34,21,13,元大-四維,2023-02-03,9831
2108,南帝,15,2,13,元大-四維,2023-02-03,9831
00713,元大台灣高息低波,13,0,13,元大-四維,2023-02-03,9831
1314,中石化,15,3,12,元大-四維,2023-02-03,9831
00885,富邦越南,15,3,12,元大-四維,2023-02-03,9831
8938,明安,12,0,12,元大-四維,2023-02-03,9831
6806,森崴能源,11,0,11,元大-四維,2023-02-03,9831
3693,營邦,17,6,11,元大-四維,2023-02-03,9831
00671R,富邦NASDAQ反1,11,0,11,元大-四維,2023-02-03,9831
1409,新纖,10,0,10,元大-四維,2023-02-03,9831
9917,中保科,14,4,10,元大-四維,2023-02-03,9831
2107,厚生,10,0,10,元大-四維,2023-02-03,9831
00642U,期元大S＆P石油,10,0,10,元大-四維,2023-02-03,9831
00715L,期街口布蘭特正2,305,0,305,元大-四維,2023-02-06,9831
2031,新光鋼,178,0,178,元大-四維,2023-02-06,9831
0056,元大高股息,188,13,175,元大-四維,2023-02-06,9831
00878,國泰永續高股息,167,17,150,元大-四維,2023-02-06,9831
2014,中鴻,111,8,103,元大-四維,2023-02-06,9831
00882,中信中國高股息,101,0,101,元大-四維,2023-02-06,9831
1409,新纖,80,0,80,元大-四維,2023-02-06,9831
00900,富邦特選高股息30,83,21,62,元大-四維,2023-02-06,9831
2330,台積電,60,9,51,元大-四維,2023-02-06,9831
00637L,元大滬深300正2,73,28,45,元大-四維,2023-02-06,9831
2609,陽明,62,17,45,元大-四維,2023-02-06,9831
5880,合庫金,42,0,42,元大-四維,2023-02-06,9831
6191,精成科,40,2,38,元大-四維,2023-02-06,9831
9945,潤泰新,31,0,31,元大-四維,2023-02-06,9831
2603,長榮,45,14,31,元大-四維,2023-02-06,9831
2633,台灣高鐵,30,0,30,元大-四維,2023-02-06,9831
6603,富強鑫,32,2,30,元大-四維,2023-02-06,9831
2313,華通,29,1,28,元大-四維,2023-02-06,9831
00642U,期元大S＆P石油,27,0,27,元大-四維,2023-02-06,9831
2880,華南金,27,1,26,元大-四維,2023-02-06,9831
2368,金像電,25,0,25,元大-四維,2023-02-06,9831
00720B,元大投資級公司債,24,0,24,元大-四維,2023-02-06,9831
8936,國統,30,6,24,元大-四維,2023-02-06,9831
8046,南電,32,9,23,元大-四維,2023-02-06,9831
00753L,中信中國50正2,24,1,23,元大-四維,2023-02-06,9831
4128,中天,27,5,22,元大-四維,2023-02-06,9831
1210,大成,21,0,21,元大-四維,2023-02-06,9831
4707,磐亞,20,0,20,元大-四維,2023-02-06,9831
5706,鳳凰,20,0,20,元大-四維,2023-02-06,9831
2891,中信金,33,14,19,元大-四維,2023-02-06,9831
1785,光洋科,20,1,19,元大-四維,2023-02-06,9831
2105,正新,19,0,19,元大-四維,2023-02-06,9831
2887,台新金,20,1,19,元大-四維,2023-02-06,9831
3037,欣興,29,10,19,元大-四維,2023-02-06,9831
00679B,元大美債20年,19,1,18,元大-四維,2023-02-06,9831
4979,華星光,23,5,18,元大-四維,2023-02-06,9831
6244,茂迪,25,7,18,元大-四維,2023-02-06,9831
5258,虹堡,20,3,17,元大-四維,2023-02-06,9831
3189,景碩,28,11,17,元大-四維,2023-02-06,9831
00891,中信關鍵半導體,30,14,16,元大-四維,2023-02-06,9831
6288,聯嘉,16,0,16,元大-四維,2023-02-06,9831
3703,欣陸,14,0,14,元大-四維,2023-02-06,9831
8477,創業家,14,0,14,元大-四維,2023-02-06,9831
2340,台亞,21,7,14,元大-四維,2023-02-06,9831
3714,富采,13,0,13,元大-四維,2023-02-06,9831
2401,凌陽,14,1,13,元大-四維,2023-02-06,9831
2892,第一金,15,2,13,元大-四維,2023-02-06,9831
00907,永豐優息存股,12,0,12,元大-四維,2023-02-06,9831
00751B,元大AAA至A公司債,12,0,12,元大-四維,2023-02-06,9831
2883B,凱基金乙特,12,0,12,元大-四維,2023-02-06,9831
00632R,元大台灣50反1,408,0,408,元大-四維,2023-02-07,9831
2313,華通,71,0,71,元大-四維,2023-02-07,9831
4564,元翎,57,1,56,元大-四維,2023-02-07,9831
2328,廣宇,73,21,52,元大-四維,2023-02-07,9831
00895,富邦未來車,50,0,50,元大-四維,2023-02-07,9831
4726,永昕,50,1,49,元大-四維,2023-02-07,9831
4114,健喬,69,24,45,元大-四維,2023-02-07,9831
00893,國泰智能電動車,50,6,44,元大-四維,2023-02-07,9831
1701,中化,63,22,41,元大-四維,2023-02-07,9831
00878,國泰永續高股息,43,3,40,元大-四維,2023-02-07,9831
2498,宏達電,54,18,36,元大-四維,2023-02-07,9831
8105,凌巨,45,10,35,元大-四維,2023-02-07,9831
2885,元大金,34,0,34,元大-四維,2023-02-07,9831
2317,鴻海,36,6,30,元大-四維,2023-02-07,9831
1605,華新,86,59,27,元大-四維,2023-02-07,9831
3105,穩懋,27,1,26,元大-四維,2023-02-07,9831
1784,訊聯,26,1,25,元大-四維,2023-02-07,9831
2031,新光鋼,25,0,25,元大-四維,2023-02-07,9831
2610,華航,25,1,24,元大-四維,2023-02-07,9831
00720B,元大投資級公司債,20,0,20,元大-四維,2023-02-07,9831
00679B,元大美債20年,19,1,18,元大-四維,2023-02-07,9831
2891,中信金,25,8,17,元大-四維,2023-02-07,9831
1442,名軒,17,0,17,元大-四維,2023-02-07,9831
2344,華邦電,17,0,17,元大-四維,2023-02-07,9831
2454,聯發科,16,0,16,元大-四維,2023-02-07,9831
00882,中信中國高股息,16,0,16,元大-四維,2023-02-07,9831
2884,玉山金,15,0,15,元大-四維,2023-02-07,9831
00683L,期元大美元指正2,15,0,15,元大-四維,2023-02-07,9831
1733,五鼎,15,0,15,元大-四維,2023-02-07,9831
2002,中鋼,15,1,14,元大-四維,2023-02-07,9831
6770,力積電,16,2,14,元大-四維,2023-02-07,9831
2105,正新,12,0,12,元大-四維,2023-02-07,9831
1736,喬山,11,0,11,元大-四維,2023-02-07,9831
1312A,國喬特,11,0,11,元大-四維,2023-02-07,9831
2609,陽明,22,11,11,元大-四維,2023-02-07,9831
4915,致伸,11,1,10,元大-四維,2023-02-07,9831
00671R,富邦NASDAQ反1,10,0,10,元大-四維,2023-02-07,9831
2359,所羅門,10,0,10,元大-四維,2023-02-07,9831
3576,聯合再生,10,0,10,元大-四維,2023-02-07,9831
2897,王道銀行,10,0,10,元大-四維,2023-02-07,9831
4707,磐亞,10,0,10,元大-四維,2023-02-07,9831
00715L,期街口布蘭特正2,12,2,10,元大-四維,2023-02-07,9831
4911,德英,10,0,10,元大-四維,2023-02-07,9831
3046,建��,21,12,9,元大-四維,2023-02-07,9831
2892,第一金,9,0,9,元大-四維,2023-02-07,9831
2368,金像電,15,6,9,元大-四維,2023-02-07,9831
6605,帝寶,8,0,8,元大-四維,2023-02-07,9831
3189,景碩,12,4,8,元大-四維,2023-02-07,9831
2330,台積電,13,5,8,元大-四維,2023-02-07,9831
5009,榮剛,15,8,7,元大-四維,2023-02-07,9831
00632R,元大台灣50反1,147,0,147,元大-四維,2023-02-08,9831
2618,長榮航,133,9,124,元大-四維,2023-02-08,9831
2014,中鴻,131,30,101,元大-四維,2023-02-08,9831
00637L,元大滬深300正2,250,151,99,元大-四維,2023-02-08,9831
2425,承啟,121,33,88,元大-四維,2023-02-08,9831
2610,華航,109,21,88,元大-四維,2023-02-08,9831
00680L,元大美債20正2,63,0,63,元大-四維,2023-02-08,9831
00688L,國泰20年美債正2,57,0,57,元大-四維,2023-02-08,9831
2867,三商壽,54,0,54,元大-四維,2023-02-08,9831
2329,華泰,54,0,54,元大-四維,2023-02-08,9831
2006,東和鋼鐵,117,71,46,元大-四維,2023-02-08,9831
00753L,中信中國50正2,46,0,46,元大-四維,2023-02-08,9831
2328,廣宇,32,2,30,元大-四維,2023-02-08,9831
00878,國泰永續高股息,32,9,23,元大-四維,2023-02-08,9831
2382,廣達,24,3,21,元大-四維,2023-02-08,9831
5351,鈺創,29,8,21,元大-四維,2023-02-08,9831
8171,天宇,36,16,20,元大-四維,2023-02-08,9831
00679B,元大美債20年,21,1,20,元大-四維,2023-02-08,9831
3703,欣陸,20,0,20,元大-四維,2023-02-08,9831
4707,磐亞,20,0,20,元大-四維,2023-02-08,9831
2884,玉山金,19,0,19,元大-四維,2023-02-08,9831
3081,聯亞,23,5,18,元大-四維,2023-02-08,9831
8046,南電,22,5,17,元大-四維,2023-02-08,9831
00885,富邦越南,19,2,17,元大-四維,2023-02-08,9831
00882,中信中國高股息,16,0,16,元大-四維,2023-02-08,9831
2031,新光鋼,15,0,15,元大-四維,2023-02-08,9831
3027,盛達,15,1,14,元大-四維,2023-02-08,9831
4958,臻鼎-KY,17,5,12,元大-四維,2023-02-08,9831
3046,建��,28,16,12,元大-四維,2023-02-08,9831
2344,華邦電,23,11,12,元大-四維,2023-02-08,9831
2492,華新科,12,0,12,元大-四維,2023-02-08,9831
2367,燿華,22,11,11,元大-四維,2023-02-08,9831
2886,兆豐金,11,0,11,元大-四維,2023-02-08,9831
1709,和益,11,0,11,元大-四維,2023-02-08,9831
2338,光罩,16,5,11,元大-四維,2023-02-08,9831
2368,金像電,17,6,11,元大-四維,2023-02-08,9831
1506,正道,11,0,11,元大-四維,2023-02-08,9831
6217,中探針,13,2,11,元大-四維,2023-02-08,9831
5880,合庫金,11,1,10,元大-四維,2023-02-08,9831
6153,嘉聯益,11,1,10,元大-四維,2023-02-08,9831
2363,矽統,12,2,10,元大-四維,2023-02-08,9831
4915,致伸,10,0,10,元大-四維,2023-02-08,9831
2845,遠東銀,10,0,10,元大-四維,2023-02-08,9831
5519,隆大,10,0,10,元大-四維,2023-02-08,9831
1817,凱撒衛,10,0,10,元大-四維,2023-02-08,9831
2377,微星,10,0,10,元大-四維,2023-02-08,9831
2609,陽明,19,9,10,元大-四維,2023-02-08,9831
2881,富邦金,10,0,10,元大-四維,2023-02-08,9831
1101,台泥,13,4,9,元大-四維,2023-02-08,9831
2497,怡利電,10,2,8,元大-四維,2023-02-08,9831
00632R,元大台灣50反1,106,0,106,元大-四維,2023-02-09,9831
4931,新盛力,117,36,81,元大-四維,2023-02-09,9831
00878,國泰永續高股息,78,2,76,元大-四維,2023-02-09,9831
6552,易華電,67,1,66,元大-四維,2023-02-09,9831
2867,三商壽,51,0,51,元大-四維,2023-02-09,9831
3708,上緯投控,51,0,51,元大-四維,2023-02-09,9831
4934,太極,43,0,43,元大-四維,2023-02-09,9831
2890,永豐金,40,1,39,元大-四維,2023-02-09,9831
3022,威強電,39,2,37,元大-四維,2023-02-09,9831
8044,網家,33,0,33,元大-四維,2023-02-09,9831
00900,富邦特選高股息30,33,4,29,元大-四維,2023-02-09,9831
00751B,元大AAA至A公司債,25,0,25,元大-四維,2023-02-09,9831
4916,事欣科,31,6,25,元大-四維,2023-02-09,9831
1701,中化,37,12,25,元大-四維,2023-02-09,9831
6485,點序,26,1,25,元大-四維,2023-02-09,9831
2880,華南金,23,0,23,元大-四維,2023-02-09,9831
2607,榮運,48,26,22,元大-四維,2023-02-09,9831
9917,中保科,20,0,20,元大-四維,2023-02-09,9831
2855,統一證,20,0,20,元大-四維,2023-02-09,9831
1310,台苯,20,0,20,元大-四維,2023-02-09,9831
00720B,元大投資級公司債,19,0,19,元大-四維,2023-02-09,9831
1795,美時,29,10,19,元大-四維,2023-02-09,9831
2883,凱基金,29,11,18,元大-四維,2023-02-09,9831
3059,華晶科,18,1,17,元大-四維,2023-02-09,9831
6509,聚和,21,5,16,元大-四維,2023-02-09,9831
3128,昇銳,23,7,16,元大-四維,2023-02-09,9831
2031,新光鋼,16,0,16,元大-四維,2023-02-09,9831
00885,富邦越南,16,1,15,元大-四維,2023-02-09,9831
00683L,期元大美元指正2,15,0,15,元大-四維,2023-02-09,9831
00631L,元大台灣50正2,14,0,14,元大-四維,2023-02-09,9831
4743,合一,29,16,13,元大-四維,2023-02-09,9831
2368,金像電,15,2,13,元大-四維,2023-02-09,9831
3706,神達,13,0,13,元大-四維,2023-02-09,9831
2457,飛宏,15,2,13,元大-四維,2023-02-09,9831
2327,國巨,13,1,12,元大-四維,2023-02-09,9831
3704,合勤控,15,3,12,元大-四維,2023-02-09,9831
2892,第一金,12,1,11,元大-四維,2023-02-09,9831
3443,創意,15,5,10,元大-四維,2023-02-09,9831
3576,聯合再生,11,1,10,元大-四維,2023-02-09,9831
2388,威盛,62,52,10,元大-四維,2023-02-09,9831
4979,華星光,13,3,10,元大-四維,2023-02-09,9831
3669,圓展,10,0,10,元大-四維,2023-02-09,9831
2492,華新科,10,0,10,元大-四維,2023-02-09,9831
6548,長科*,11,1,10,元大-四維,2023-02-09,9831
5213,亞昕,10,0,10,元大-四維,2023-02-09,9831
9907,統一實,10,0,10,元大-四維,2023-02-09,9831
4114,健喬,58,48,10,元大-四維,2023-02-09,9831
2603,長榮,13,3,10,元大-四維,2023-02-09,9831
00772B,中信高評級公司債,9,0,9,元大-四維,2023-02-09,9831
2453,凌群,9,0,9,元大-四維,2023-02-09,9831
00632R,元大台灣50反1,1611,100,1511,元大-四維,2023-02-10,9831
00878,國泰永續高股息,242,4,238,元大-四維,2023-02-10,9831
1605,華新,110,13,97,元大-四維,2023-02-10,9831
00900,富邦特選高股息30,63,0,63,元大-四維,2023-02-10,9831
00885,富邦越南,60,1,59,元大-四維,2023-02-10,9831
2367,燿華,52,0,52,元大-四維,2023-02-10,9831
2890,永豐金,52,1,51,元大-四維,2023-02-10,9831
00670L,富邦NASDAQ正2,50,0,50,元大-四維,2023-02-10,9831
2618,長榮航,84,36,48,元大-四維,2023-02-10,9831
3479,安勤,73,31,42,元大-四維,2023-02-10,9831
2609,陽明,67,33,34,元大-四維,2023-02-10,9831
2610,華航,35,3,32,元大-四維,2023-02-10,9831
4934,太極,32,2,30,元大-四維,2023-02-10,9831
6548,長科*,30,0,30,元大-四維,2023-02-10,9831
3037,欣興,31,1,30,元大-四維,2023-02-10,9831
2006,東和鋼鐵,66,37,29,元大-四維,2023-02-10,9831
1539,巨庭,28,0,28,元大-四維,2023-02-10,9831
3594,磐儀,36,9,27,元大-四維,2023-02-10,9831
2888,新光金,27,0,27,元大-四維,2023-02-10,9831
2344,華邦電,34,7,27,元大-四維,2023-02-10,9831
00720B,元大投資級公司債,26,0,26,元大-四維,2023-02-10,9831
1528,恩德,26,0,26,元大-四維,2023-02-10,9831
4915,致伸,26,0,26,元大-四維,2023-02-10,9831
5309,系統電,25,0,25,元大-四維,2023-02-10,9831
6266,泰詠,29,5,24,元大-四維,2023-02-10,9831
00712,復華富時不動產,23,0,23,元大-四維,2023-02-10,9831
2603,長榮,33,10,23,元大-四維,2023-02-10,9831
2368,金像電,23,0,23,元大-四維,2023-02-10,9831
2014,中鴻,26,4,22,元大-四維,2023-02-10,9831
00753L,中信中國50正2,21,0,21,元大-四維,2023-02-10,9831
1210,大成,20,0,20,元大-四維,2023-02-10,9831
6282,康舒,30,10,20,元大-四維,2023-02-10,9831
2442,新美齊,20,0,20,元大-四維,2023-02-10,9831
4541,晟田,21,1,20,元大-四維,2023-02-10,9831
2201,裕隆,38,20,18,元大-四維,2023-02-10,9831
2317,鴻海,26,10,16,元大-四維,2023-02-10,9831
2328,廣宇,18,3,15,元大-四維,2023-02-10,9831
5425,台半,18,3,15,元大-四維,2023-02-10,9831
00679B,元大美債20年,15,1,14,元大-四維,2023-02-10,9831
8358,金居,15,1,14,元大-四維,2023-02-10,9831
1584,精剛,61,47,14,元大-四維,2023-02-10,9831
2409,友達,16,2,14,元大-四維,2023-02-10,9831
2883,凱基金,19,5,14,元大-四維,2023-02-10,9831
00683L,期元大美元指正2,15,2,13,元大-四維,2023-02-10,9831
8044,網家,13,0,13,元大-四維,2023-02-10,9831
1417,嘉裕,13,0,13,元大-四維,2023-02-10,9831
3714,富采,12,0,12,元大-四維,2023-02-10,9831
2352,佳世達,12,0,12,元大-四維,2023-02-10,9831
8222,寶一,26,14,12,元大-四維,2023-02-10,9831
4743,合一,24,12,12,元大-四維,2023-02-10,9831
00878,國泰永續高股息,173,0,173,元大-四維,2023-02-13,9831
2892,第一金,170,2,168,元大-四維,2023-02-13,9831
00679B,元大美債20年,75,1,74,元大-四維,2023-02-13,9831
2402,毅嘉,53,0,53,元大-四維,2023-02-13,9831
2834,臺企銀,66,14,52,元大-四維,2023-02-13,9831
8227,巨有科技,52,2,50,元大-四維,2023-02-13,9831
2409,友達,43,0,43,元大-四維,2023-02-13,9831
2313,華通,30,0,30,元大-四維,2023-02-13,9831
2530,華建,30,0,30,元大-四維,2023-02-13,9831
00665L,富邦�琤肭磪囓�2,30,0,30,元大-四維,2023-02-13,9831
9921,巨大,31,2,29,元大-四維,2023-02-13,9831
3576,聯合再生,30,2,28,元大-四維,2023-02-13,9831
00720B,元大投資級公司債,27,0,27,元大-四維,2023-02-13,9831
2405,輔信,26,2,24,元大-四維,2023-02-13,9831
2314,台揚,30,7,23,元大-四維,2023-02-13,9831
00891,中信關鍵半導體,23,1,22,元大-四維,2023-02-13,9831
2498,宏達電,28,7,21,元大-四維,2023-02-13,9831
3594,磐儀,44,23,21,元大-四維,2023-02-13,9831
9103,美德醫療-DR,21,0,21,元大-四維,2023-02-13,9831
6770,力積電,31,10,21,元大-四維,2023-02-13,9831
4743,合一,27,8,19,元大-四維,2023-02-13,9831
2610,華航,48,29,19,元大-四維,2023-02-13,9831
1701,中化,140,121,19,元大-四維,2023-02-13,9831
4916,事欣科,20,2,18,元大-四維,2023-02-13,9831
3624,光頡,21,4,17,元大-四維,2023-02-13,9831
2344,華邦電,20,4,16,元大-四維,2023-02-13,9831
5009,榮剛,45,29,16,元大-四維,2023-02-13,9831
0056,元大高股息,28,12,16,元大-四維,2023-02-13,9831
3037,欣興,16,1,15,元大-四維,2023-02-13,9831
1584,精剛,17,2,15,元大-四維,2023-02-13,9831
6282,康舒,24,9,15,元大-四維,2023-02-13,9831
2634,漢翔,38,24,14,元大-四維,2023-02-13,9831
2495,普安,19,5,14,元大-四維,2023-02-13,9831
8044,網家,16,2,14,元大-四維,2023-02-13,9831
2885,元大金,13,0,13,元大-四維,2023-02-13,9831
1718,中纖,14,2,12,元大-四維,2023-02-13,9831
00772B,中信高評級公司債,12,0,12,元大-四維,2023-02-13,9831
00885,富邦越南,12,0,12,元大-四維,2023-02-13,9831
2031,新光鋼,13,2,11,元大-四維,2023-02-13,9831
3047,訊舟,11,0,11,元大-四維,2023-02-13,9831
5371,中光電,15,5,10,元大-四維,2023-02-13,9831
2483,百容,10,0,10,元大-四維,2023-02-13,9831
2603,長榮,20,11,9,元大-四維,2023-02-13,9831
4919,新唐,9,0,9,元大-四維,2023-02-13,9831
3498,陽程,10,1,9,元大-四維,2023-02-13,9831
3035,智原,17,8,9,元大-四維,2023-02-13,9831
2891,中信金,54,46,8,元大-四維,2023-02-13,9831
2618,長榮航,34,26,8,元大-四維,2023-02-13,9831
6182,合晶,10,2,8,元大-四維,2023-02-13,9831
2330,台積電,15,7,8,元大-四維,2023-02-13,9831
00632R,元大台灣50反1,198,1,197,元大-四維,2023-02-14,9831
00878,國泰永續高股息,125,32,93,元大-四維,2023-02-14,9831
1605,華新,93,27,66,元大-四維,2023-02-14,9831
00637L,元大滬深300正2,76,17,59,元大-四維,2023-02-14,9831
00669R,國泰美國道瓊反1,50,0,50,元大-四維,2023-02-14,9831
00753L,中信中國50正2,36,0,36,元大-四維,2023-02-14,9831
2371,大同,36,2,34,元大-四維,2023-02-14,9831
6142,友勁,31,0,31,元大-四維,2023-02-14,9831
3594,磐儀,34,3,31,元大-四維,2023-02-14,9831
3498,陽程,30,0,30,元大-四維,2023-02-14,9831
1216,統一,29,0,29,元大-四維,2023-02-14,9831
00673R,期元大S＆P原油反1,46,19,27,元大-四維,2023-02-14,9831
5880,合庫金,23,0,23,元大-四維,2023-02-14,9831
2884,玉山金,35,13,22,元大-四維,2023-02-14,9831
8222,寶一,35,14,21,元大-四維,2023-02-14,9831
2368,金像電,22,2,20,元大-四維,2023-02-14,9831
9921,巨大,20,0,20,元大-四維,2023-02-14,9831
00715L,期街口布蘭特正2,20,0,20,元大-四維,2023-02-14,9831
3047,訊舟,20,0,20,元大-四維,2023-02-14,9831
2618,長榮航,85,65,20,元大-四維,2023-02-14,9831
00885,富邦越南,20,0,20,元大-四維,2023-02-14,9831
6274,台燿,20,0,20,元大-四維,2023-02-14,9831
2601,益航,20,0,20,元大-四維,2023-02-14,9831
2888,新光金,20,1,19,元大-四維,2023-02-14,9831
6148,驊宏資,17,0,17,元大-四維,2023-02-14,9831
4130,健亞,17,0,17,元大-四維,2023-02-14,9831
2027,大成鋼,16,0,16,元大-四維,2023-02-14,9831
8033,雷虎,19,3,16,元大-四維,2023-02-14,9831
4919,新唐,16,1,15,元大-四維,2023-02-14,9831
6153,嘉聯益,20,5,15,元大-四維,2023-02-14,9831
00772B,中信高評級公司債,15,0,15,元大-四維,2023-02-14,9831
4430,耀億,15,0,15,元大-四維,2023-02-14,9831
00679B,元大美債20年,14,1,13,元大-四維,2023-02-14,9831
6592,和潤企業,13,0,13,元大-四維,2023-02-14,9831
3576,聯合再生,13,0,13,元大-四維,2023-02-14,9831
6180,橘子,23,11,12,元大-四維,2023-02-14,9831
5483,中美晶,11,0,11,元大-四維,2023-02-14,9831
5608,四維航,12,1,11,元大-四維,2023-02-14,9831
6443,元晶,11,0,11,元大-四維,2023-02-14,9831
2492,華新科,13,2,11,元大-四維,2023-02-14,9831
3122,笙泉,13,2,11,元大-四維,2023-02-14,9831
2471,資通,13,2,11,元大-四維,2023-02-14,9831
1409,新纖,10,0,10,元大-四維,2023-02-14,9831
1218,泰山,10,0,10,元大-四維,2023-02-14,9831
3252,海灣,10,0,10,元大-四維,2023-02-14,9831
9934,成霖,12,2,10,元大-四維,2023-02-14,9831
4503,金雨,10,0,10,元大-四維,2023-02-14,9831
2890,永豐金,10,0,10,元大-四維,2023-02-14,9831
2812,台中銀,10,0,10,元大-四維,2023-02-14,9831
3545,敦泰,14,4,10,元大-四維,2023-02-14,9831
00632R,元大台灣50反1,1747,130,1617,元大-四維,2023-02-15,9831
00671R,富邦NASDAQ反1,254,0,254,元大-四維,2023-02-15,9831
2457,飛宏,154,8,146,元大-四維,2023-02-15,9831
2618,長榮航,95,18,77,元大-四維,2023-02-15,9831
2330,台積電,82,17,65,元大-四維,2023-02-15,9831
2371,大同,76,14,62,元大-四維,2023-02-15,9831
00878,國泰永續高股息,199,138,61,元大-四維,2023-02-15,9831
8916,光隆,56,0,56,元大-四維,2023-02-15,9831
3221,台嘉碩,69,19,50,元大-四維,2023-02-15,9831
2867,三商壽,45,0,45,元大-四維,2023-02-15,9831
2891,中信金,44,1,43,元大-四維,2023-02-15,9831
2888,新光金,31,0,31,元大-四維,2023-02-15,9831
2610,華航,135,104,31,元大-四維,2023-02-15,9831
2498,宏達電,43,13,30,元大-四維,2023-02-15,9831
1513,中興電,60,33,27,元大-四維,2023-02-15,9831
00891,中信關鍵半導體,26,0,26,元大-四維,2023-02-15,9831
2014,中鴻,27,3,24,元大-四維,2023-02-15,9831
00665L,富邦�琤肭磪囓�2,24,0,24,元大-四維,2023-02-15,9831
2006,東和鋼鐵,100,77,23,元大-四維,2023-02-15,9831
5009,榮剛,35,13,22,元大-四維,2023-02-15,9831
00905,FT臺灣Smart,20,0,20,元大-四維,2023-02-15,9831
2027,大成鋼,55,35,20,元大-四維,2023-02-15,9831
3665,貿聯-KY,21,1,20,元大-四維,2023-02-15,9831
6235,華孚,45,25,20,元大-四維,2023-02-15,9831
3141,晶宏,21,1,20,元大-四維,2023-02-15,9831
00679B,元大美債20年,20,1,19,元大-四維,2023-02-15,9831
2454,聯發科,18,0,18,元大-四維,2023-02-15,9831
00753L,中信中國50正2,17,0,17,元大-四維,2023-02-15,9831
2880,華南金,16,0,16,元大-四維,2023-02-15,9831
8936,國統,32,16,16,元大-四維,2023-02-15,9831
00673R,期元大S＆P原油反1,20,4,16,元大-四維,2023-02-15,9831
00631L,元大台灣50正2,15,0,15,元大-四維,2023-02-15,9831
2337,旺宏,21,6,15,元大-四維,2023-02-15,9831
2492,華新科,20,5,15,元大-四維,2023-02-15,9831
6278,台表科,16,1,15,元大-四維,2023-02-15,9831
3047,訊舟,16,1,15,元大-四維,2023-02-15,9831
6443,元晶,16,1,15,元大-四維,2023-02-15,9831
00888,永豐台灣ESG,13,0,13,元大-四維,2023-02-15,9831
9945,潤泰新,13,0,13,元大-四維,2023-02-15,9831
6116,彩晶,13,0,13,元大-四維,2023-02-15,9831
2201,裕隆,17,4,13,元大-四維,2023-02-15,9831
6182,合晶,12,0,12,元大-四維,2023-02-15,9831
8028,昇陽半導體,15,3,12,元大-四維,2023-02-15,9831
3484,崧騰,12,0,12,元大-四維,2023-02-15,9831
00882,中信中國高股息,12,0,12,元大-四維,2023-02-15,9831
3454,晶睿,13,1,12,元大-四維,2023-02-15,9831
4167,松瑞藥,13,1,12,元大-四維,2023-02-15,9831
3438,類比科,13,1,12,元大-四維,2023-02-15,9831
2603,長榮,14,3,11,元大-四維,2023-02-15,9831
2609,陽明,26,15,11,元大-四維,2023-02-15,9831
00878,國泰永續高股息,152,36,116,元大-四維,2023-02-16,9831
3594,磐儀,81,2,79,元大-四維,2023-02-16,9831
00688L,國泰20年美債正2,55,0,55,元大-四維,2023-02-16,9831
00680L,元大美債20正2,49,0,49,元大-四維,2023-02-16,9831
00679B,元大美債20年,48,0,48,元大-四維,2023-02-16,9831
3141,晶宏,56,15,41,元大-四維,2023-02-16,9831
2731,雄獅,68,29,39,元大-四維,2023-02-16,9831
00753L,中信中國50正2,37,3,34,元大-四維,2023-02-16,9831
3037,欣興,34,8,26,元大-四維,2023-02-16,9831
2607,榮運,26,0,26,元大-四維,2023-02-16,9831
2633,台灣高鐵,25,0,25,元大-四維,2023-02-16,9831
2492,華新科,36,11,25,元大-四維,2023-02-16,9831
3058,立德,30,6,24,元大-四維,2023-02-16,9831
00900,富邦特選高股息30,25,2,23,元大-四維,2023-02-16,9831
4915,致伸,28,5,23,元大-四維,2023-02-16,9831
3665,貿聯-KY,22,1,21,元大-四維,2023-02-16,9831
00795B,中信美國公債20年,21,0,21,元大-四維,2023-02-16,9831
6712,長聖,27,7,20,元大-四維,2023-02-16,9831
1473,台南,20,0,20,元大-四維,2023-02-16,9831
1513,中興電,27,9,18,元大-四維,2023-02-16,9831
2337,旺宏,18,0,18,元大-四維,2023-02-16,9831
2382,廣達,19,2,17,元大-四維,2023-02-16,9831
4979,華星光,19,4,15,元大-四維,2023-02-16,9831
5608,四維航,12,0,12,元大-四維,2023-02-16,9831
1101,台泥,12,1,11,元大-四維,2023-02-16,9831
00882,中信中國高股息,11,0,11,元大-四維,2023-02-16,9831
3708,上緯投控,16,5,11,元大-四維,2023-02-16,9831
3050,鈺德,11,0,11,元大-四維,2023-02-16,9831
6548,長科*,11,0,11,元大-四維,2023-02-16,9831
00720B,元大投資級公司債,11,0,11,元大-四維,2023-02-16,9831
1784,訊聯,10,0,10,元大-四維,2023-02-16,9831
2812,台中銀,10,0,10,元大-四維,2023-02-16,9831
00919,群益台灣精選高息,10,0,10,元大-四維,2023-02-16,9831
6592,和潤企業,10,0,10,元大-四維,2023-02-16,9831
00673R,期元大S＆P原油反1,10,0,10,元大-四維,2023-02-16,9831
00683L,期元大美元指正2,10,0,10,元大-四維,2023-02-16,9831
3022,威強電,13,3,10,元大-四維,2023-02-16,9831
00772B,中信高評級公司債,9,0,9,元大-四維,2023-02-16,9831
3624,光頡,10,1,9,元大-四維,2023-02-16,9831
6509,聚和,9,0,9,元大-四維,2023-02-16,9831
2888,新光金,24,15,9,元大-四維,2023-02-16,9831
3710,連展投控,8,0,8,元大-四維,2023-02-16,9831
3105,穩懋,8,0,8,元大-四維,2023-02-16,9831
6142,友勁,10,2,8,元大-四維,2023-02-16,9831
3059,華晶科,10,2,8,元大-四維,2023-02-16,9831
2471,資通,12,4,8,元大-四維,2023-02-16,9831
2206,三陽工業,8,1,7,元大-四維,2023-02-16,9831
2884,玉山金,7,0,7,元大-四維,2023-02-16,9831
2028,威致,7,0,7,元大-四維,2023-02-16,9831
2038,海光,7,0,7,元大-四維,2023-02-16,9831
6116,彩晶,564,20,544,元大-四維,2023-02-17,9831
00632R,元大台灣50反1,250,70,180,元大-四維,2023-02-17,9831
2610,華航,270,90,180,元大-四維,2023-02-17,9831
1417,嘉裕,139,10,129,元大-四維,2023-02-17,9831
00637L,元大滬深300正2,130,24,106,元大-四維,2023-02-17,9831
00878,國泰永續高股息,95,36,59,元大-四維,2023-02-17,9831
00753L,中信中國50正2,56,0,56,元大-四維,2023-02-17,9831
3264,欣銓,51,0,51,元大-四維,2023-02-17,9831
2618,長榮航,68,21,47,元大-四維,2023-02-17,9831
2201,裕隆,50,8,42,元大-四維,2023-02-17,9831
2330,台積電,49,10,39,元大-四維,2023-02-17,9831
2344,華邦電,40,4,36,元大-四維,2023-02-17,9831
4927,泰鼎-KY,41,5,36,元大-四維,2023-02-17,9831
2634,漢翔,162,129,33,元大-四維,2023-02-17,9831
2317,鴻海,41,8,33,元大-四維,2023-02-17,9831
3221,台嘉碩,32,0,32,元大-四維,2023-02-17,9831
1605,華新,152,123,29,元大-四維,2023-02-17,9831
00893,國泰智能電動車,47,19,28,元大-四維,2023-02-17,9831
9105,泰金寶-DR,29,3,26,元大-四維,2023-02-17,9831
1720,生達,25,0,25,元大-四維,2023-02-17,9831
2002,中鋼,32,8,24,元大-四維,2023-02-17,9831
6244,茂迪,29,5,24,元大-四維,2023-02-17,9831
2474,可成,21,0,21,元大-四維,2023-02-17,9831
00715L,期街口布蘭特正2,21,0,21,元大-四維,2023-02-17,9831
00665L,富邦�琤肭磪囓�2,20,0,20,元大-四維,2023-02-17,9831
5328,華容,20,0,20,元大-四維,2023-02-17,9831
8028,昇陽半導體,19,0,19,元大-四維,2023-02-17,9831
3611,鼎翰,19,0,19,元大-四維,2023-02-17,9831
00679B,元大美債20年,21,2,19,元大-四維,2023-02-17,9831
0056,元大高股息,30,11,19,元大-四維,2023-02-17,9831
3189,景碩,20,2,18,元大-四維,2023-02-17,9831
3313,斐成,18,0,18,元大-四維,2023-02-17,9831
2890,永豐金,16,0,16,元大-四維,2023-02-17,9831
6592,和潤企業,16,0,16,元大-四維,2023-02-17,9831
6191,精成科,15,0,15,元大-四維,2023-02-17,9831
00885,富邦越南,15,0,15,元大-四維,2023-02-17,9831
1522,堤維西,14,0,14,元大-四維,2023-02-17,9831
00772B,中信高評級公司債,13,0,13,元大-四維,2023-02-17,9831
00773B,中信優先金融債,13,0,13,元大-四維,2023-02-17,9831
00881,國泰台灣5G+,12,0,12,元大-四維,2023-02-17,9831
8069,元太,27,14,13,元大-四維,2023-02-17,9831
4541,晟田,14,2,12,元大-四維,2023-02-17,9831
1815,富喬,12,0,12,元大-四維,2023-02-17,9831
3207,耀勝,21,9,12,元大-四維,2023-02-17,9831
8938,明安,12,0,12,元大-四維,2023-02-17,9831
2457,飛宏,16,4,12,元大-四維,2023-02-17,9831
3454,晶睿,12,1,11,元大-四維,2023-02-17,9831
4968,立積,11,0,11,元大-四維,2023-02-17,9831
1589,永冠-KY,11,0,11,元大-四維,2023-02-17,9831
2702,華園,13,2,11,元大-四維,2023-02-17,9831
3481,群創,343,103,240,元大-四維,2023-02-20,9831
2328,廣宇,133,3,130,元大-四維,2023-02-20,9831
00650L,復華香港正2,60,0,60,元大-四維,2023-02-20,9831
2419,仲琦,60,0,60,元大-四維,2023-02-20,9831
3037,欣興,70,15,55,元大-四維,2023-02-20,9831
1708,東鹼,55,5,50,元大-四維,2023-02-20,9831
1516,川飛,50,0,50,元大-四維,2023-02-20,9831
3675,德微,59,10,49,元大-四維,2023-02-20,9831
00753L,中信中國50正2,56,13,43,元大-四維,2023-02-20,9831
2890,永豐金,41,1,40,元大-四維,2023-02-20,9831
2332,友訊,48,8,40,元大-四維,2023-02-20,9831
1102,亞泥,70,31,39,元大-四維,2023-02-20,9831
6278,台表科,41,3,38,元大-四維,2023-02-20,9831
6546,正基,38,1,37,元大-四維,2023-02-20,9831
6205,詮欣,47,12,35,元大-四維,2023-02-20,9831
2812,台中銀,35,0,35,元大-四維,2023-02-20,9831
3013,晟銘電,56,21,35,元大-四維,2023-02-20,9831
2705,六福,35,1,34,元大-四維,2023-02-20,9831
4916,事欣科,41,7,34,元大-四維,2023-02-20,9831
5009,榮剛,38,4,34,元大-四維,2023-02-20,9831
6531,愛普*,61,31,30,元大-四維,2023-02-20,9831
2611,志信,31,1,30,元大-四維,2023-02-20,9831
1473,台南,40,10,30,元大-四維,2023-02-20,9831
00637L,元大滬深300正2,151,123,28,元大-四維,2023-02-20,9831
00893,國泰智能電動車,28,1,27,元大-四維,2023-02-20,9831
6125,廣運,43,17,26,元大-四維,2023-02-20,9831
9105,泰金寶-DR,25,0,25,元大-四維,2023-02-20,9831
00882,中信中國高股息,36,11,25,元大-四維,2023-02-20,9831
2618,長榮航,86,62,24,元大-四維,2023-02-20,9831
3027,盛達,53,30,23,元大-四維,2023-02-20,9831
4979,華星光,51,28,23,元大-四維,2023-02-20,9831
9940,信義,21,0,21,元大-四維,2023-02-20,9831
2891,中信金,36,15,21,元大-四維,2023-02-20,9831
1313,聯成,21,2,19,元大-四維,2023-02-20,9831
2408,南亞科,20,1,19,元大-四維,2023-02-20,9831
2610,華航,228,210,18,元大-四維,2023-02-20,9831
4919,新唐,21,3,18,元大-四維,2023-02-20,9831
00878,國泰永續高股息,36,20,16,元大-四維,2023-02-20,9831
00679B,元大美債20年,17,1,16,元大-四維,2023-02-20,9831
00683L,期元大美元指正2,15,0,15,元大-四維,2023-02-20,9831
2731,雄獅,19,4,15,元大-四維,2023-02-20,9831
6223,旺矽,15,0,15,元大-四維,2023-02-20,9831
2867,三商壽,15,1,14,元大-四維,2023-02-20,9831
1519,華城,68,55,13,元大-四維,2023-02-20,9831
2601,益航,13,0,13,元大-四維,2023-02-20,9831
8358,金居,23,10,13,元大-四維,2023-02-20,9831
2606,裕民,12,0,12,元大-四維,2023-02-20,9831
4164,承業醫,23,11,12,元大-四維,2023-02-20,9831
00772B,中信高評級公司債,12,0,12,元大-四維,2023-02-20,9831
6282,康舒,13,2,11,元大-四維,2023-02-20,9831
00632R,元大台灣50反1,105,0,105,元大-四維,2023-02-21,9831
1810,和成,109,5,104,元大-四維,2023-02-21,9831
2884,玉山金,154,57,97,元大-四維,2023-02-21,9831
2867,三商壽,74,0,74,元大-四維,2023-02-21,9831
2476,鉅祥,72,3,69,元大-四維,2023-02-21,9831
2208,台船,536,475,61,元大-四維,2023-02-21,9831
2303,聯電,59,6,53,元大-四維,2023-02-21,9831
3207,耀勝,50,0,50,元大-四維,2023-02-21,9831
6548,長科*,50,1,49,元大-四維,2023-02-21,9831
1506,正道,50,2,48,元大-四維,2023-02-21,9831
2457,飛宏,97,51,46,元大-四維,2023-02-21,9831
1817,凱撒衛,44,0,44,元大-四維,2023-02-21,9831
2371,大同,51,9,42,元大-四維,2023-02-21,9831
00650L,復華香港正2,40,0,40,元大-四維,2023-02-21,9831
1504,東元,40,1,39,元大-四維,2023-02-21,9831
6443,元晶,42,5,37,元大-四維,2023-02-21,9831
1447,力鵬,33,0,33,元大-四維,2023-02-21,9831
2367,燿華,36,3,33,元大-四維,2023-02-21,9831
00665L,富邦�琤肭磪囓�2,31,0,31,元大-四維,2023-02-21,9831
2883,凱基金,28,1,27,元大-四維,2023-02-21,9831
00679B,元大美債20年,26,1,25,元大-四維,2023-02-21,9831
1513,中興電,60,39,21,元大-四維,2023-02-21,9831
2610,華航,62,42,20,元大-四維,2023-02-21,9831
8105,凌巨,30,10,20,元大-四維,2023-02-21,9831
5353,台林,26,6,20,元大-四維,2023-02-21,9831
00720B,元大投資級公司債,19,0,19,元大-四維,2023-02-21,9831
6546,正基,19,0,19,元大-四維,2023-02-21,9831
6205,詮欣,22,4,18,元大-四維,2023-02-21,9831
3594,磐儀,26,8,18,元大-四維,2023-02-21,9831
4979,華星光,25,7,18,元大-四維,2023-02-21,9831
8093,保銳,22,4,18,元大-四維,2023-02-21,9831
1605,華新,65,48,17,元大-四維,2023-02-21,9831
3029,零壹,16,0,16,元大-四維,2023-02-21,9831
2368,金像電,22,6,16,元大-四維,2023-02-21,9831
4961,天鈺,21,6,15,元大-四維,2023-02-21,9831
2618,長榮航,75,60,15,元大-四維,2023-02-21,9831
6104,創惟,19,5,14,元大-四維,2023-02-21,9831
00725B,國泰投資級公司債,14,0,14,元大-四維,2023-02-21,9831
1514,亞力,32,19,13,元大-四維,2023-02-21,9831
00635U,期元大S＆P黃金,12,0,12,元大-四維,2023-02-21,9831
3011,今皓,12,0,12,元大-四維,2023-02-21,9831
6288,聯嘉,39,27,12,元大-四維,2023-02-21,9831
6568,宏觀,20,8,12,元大-四維,2023-02-21,9831
4102,永日,12,0,12,元大-四維,2023-02-21,9831
2014,中鴻,15,3,12,元大-四維,2023-02-21,9831
5512,力麒,13,2,11,元大-四維,2023-02-21,9831
3406,玉晶光,13,2,11,元大-四維,2023-02-21,9831
9945,潤泰新,11,0,11,元大-四維,2023-02-21,9831
6118,建達,30,19,11,元大-四維,2023-02-21,9831
2352,佳世達,13,2,11,元大-四維,2023-02-21,9831
00632R,元大台灣50反1,1624,666,958,元大-四維,2023-02-22,9831
2885,元大金,201,3,198,元大-四維,2023-02-22,9831
2618,長榮航,172,12,160,元大-四維,2023-02-22,9831
00878,國泰永續高股息,115,0,115,元大-四維,2023-02-22,9831
2027,大成鋼,103,0,103,元大-四維,2023-02-22,9831
1528,恩德,134,45,89,元大-四維,2023-02-22,9831
8033,雷虎,71,6,65,元大-四維,2023-02-22,9831
2617,台航,54,0,54,元大-四維,2023-02-22,9831
4976,佳凌,50,0,50,元大-四維,2023-02-22,9831
3711,日月光投控,50,0,50,元大-四維,2023-02-22,9831
2603,長榮,49,7,42,元大-四維,2023-02-22,9831
3594,磐儀,64,22,42,元大-四維,2023-02-22,9831
3037,欣興,48,7,41,元大-四維,2023-02-22,9831
2610,華航,51,10,41,元大-四維,2023-02-22,9831
2731,雄獅,44,4,40,元大-四維,2023-02-22,9831
4114,健喬,82,43,39,元大-四維,2023-02-22,9831
5483,中美晶,34,1,33,元大-四維,2023-02-22,9831
1708,東鹼,33,0,33,元大-四維,2023-02-22,9831
00893,國泰智能電動車,42,10,32,元大-四維,2023-02-22,9831
4979,華星光,34,2,32,元大-四維,2023-02-22,9831
2201,裕隆,41,12,29,元大-四維,2023-02-22,9831
5608,四維航,30,3,27,元大-四維,2023-02-22,9831
0050,元大台灣50,26,0,26,元大-四維,2023-02-22,9831
2313,華通,36,11,25,元大-四維,2023-02-22,9831
00900,富邦特選高股息30,30,5,25,元大-四維,2023-02-22,9831
8044,網家,26,1,25,元大-四維,2023-02-22,9831
00882,中信中國高股息,24,0,24,元大-四維,2023-02-22,9831
00720B,元大投資級公司債,24,0,24,元大-四維,2023-02-22,9831
2883,凱基金,26,2,24,元大-四維,2023-02-22,9831
00891,中信關鍵半導體,23,0,23,元大-四維,2023-02-22,9831
2834,臺企銀,73,52,21,元大-四維,2023-02-22,9831
2890,永豐金,40,20,20,元大-四維,2023-02-22,9831
00751B,元大AAA至A公司債,20,1,19,元大-四維,2023-02-22,9831
8111,立��,34,15,19,元大-四維,2023-02-22,9831
4129,聯合,18,0,18,元大-四維,2023-02-22,9831
00753L,中信中國50正2,20,2,18,元大-四維,2023-02-22,9831
8478,東哥遊艇,37,20,17,元大-四維,2023-02-22,9831
8222,寶一,66,49,17,元大-四維,2023-02-22,9831
6592,和潤企業,16,0,16,元大-四維,2023-02-22,9831
00773B,中信優先金融債,16,0,16,元大-四維,2023-02-22,9831
2457,飛宏,16,1,15,元大-四維,2023-02-22,9831
6282,康舒,24,9,15,元大-四維,2023-02-22,9831
8299,群聯,15,0,15,元大-四維,2023-02-22,9831
3034,聯詠,21,6,15,元大-四維,2023-02-22,9831
1605,華新,71,57,14,元大-四維,2023-02-22,9831
00642U,期元大S＆P石油,14,0,14,元大-四維,2023-02-22,9831
8105,凌巨,51,37,14,元大-四維,2023-02-22,9831
4967,十銓,17,3,14,元大-四維,2023-02-22,9831
6517,保勝光學,20,6,14,元大-四維,2023-02-22,9831
6443,元晶,29,15,14,元大-四維,2023-02-22,9831
00632R,元大台灣50反1,881,20,861,元大-四維,2023-02-23,9831
00715L,期街口布蘭特正2,442,0,442,元大-四維,2023-02-23,9831
00676R,富邦臺灣加權反1,210,3,207,元大-四維,2023-02-23,9831
5512,力麒,203,15,188,元大-四維,2023-02-23,9831
1444,力麗,132,12,120,元大-四維,2023-02-23,9831
00882,中信中國高股息,106,0,106,元大-四維,2023-02-23,9831
1605,華新,110,6,104,元大-四維,2023-02-23,9831
2611,志信,101,2,99,元大-四維,2023-02-23,9831
2332,友訊,96,5,91,元大-四維,2023-02-23,9831
3481,群創,135,47,88,元大-四維,2023-02-23,9831
4927,泰鼎-KY,61,1,60,元大-四維,2023-02-23,9831
3707,漢磊,69,11,58,元大-四維,2023-02-23,9831
6285,啟��,55,0,55,元大-四維,2023-02-23,9831
00885,富邦越南,55,0,55,元大-四維,2023-02-23,9831
1102,亞泥,60,7,53,元大-四維,2023-02-23,9831
1609,大亞,58,6,52,元大-四維,2023-02-23,9831
8289,泰藝,56,6,50,元大-四維,2023-02-23,9831
2027,大成鋼,80,40,40,元大-四維,2023-02-23,9831
4105,東洋,40,0,40,元大-四維,2023-02-23,9831
2883,凱基金,40,2,38,元大-四維,2023-02-23,9831
2601,益航,61,28,33,元大-四維,2023-02-23,9831
6525,捷敏-KY,30,0,30,元大-四維,2023-02-23,9831
00642U,期元大S＆P石油,29,0,29,元大-四維,2023-02-23,9831
00679B,元大美債20年,30,1,29,元大-四維,2023-02-23,9831
3338,泰碩,30,1,29,元大-四維,2023-02-23,9831
3027,盛達,32,4,28,元大-四維,2023-02-23,9831
2303,聯電,52,25,27,元大-四維,2023-02-23,9831
3047,訊舟,26,0,26,元大-四維,2023-02-23,9831
4916,事欣科,25,0,25,元大-四維,2023-02-23,9831
2409,友達,44,19,25,元大-四維,2023-02-23,9831
2537,聯上發,23,0,23,元大-四維,2023-02-23,9831
5701,劍湖山,28,5,23,元大-四維,2023-02-23,9831
00720B,元大投資級公司債,21,0,21,元大-四維,2023-02-23,9831
6226,光鼎,21,0,21,元大-四維,2023-02-23,9831
2906,高林,38,17,21,元大-四維,2023-02-23,9831
2610,華航,56,35,21,元大-四維,2023-02-23,9831
3290,東浦,20,0,20,元大-四維,2023-02-23,9831
4137,麗豐-KY,18,0,18,元大-四維,2023-02-23,9831
3094,聯傑,36,18,18,元大-四維,2023-02-23,9831
1589,永冠-KY,36,19,17,元大-四維,2023-02-23,9831
1584,精剛,19,2,17,元大-四維,2023-02-23,9831
1108,幸福,40,23,17,元大-四維,2023-02-23,9831
2371,大同,17,1,16,元大-四維,2023-02-23,9831
8069,元太,19,4,15,元大-四維,2023-02-23,9831
6205,詮欣,25,10,15,元大-四維,2023-02-23,9831
3037,欣興,22,9,13,元大-四維,2023-02-23,9831
2413,環科,13,0,13,元大-四維,2023-02-23,9831
2605,新興,70,57,13,元大-四維,2023-02-23,9831
1514,亞力,37,24,13,元大-四維,2023-02-23,9831
2308,台達電,13,0,13,元大-四維,2023-02-23,9831
2409,友達,506,49,457,元大-四維,2023-02-24,9831
00637L,元大滬深300正2,211,6,205,元大-四維,2023-02-24,9831
2332,友訊,167,9,158,元大-四維,2023-02-24,9831
5324,士開,150,0,150,元大-四維,2023-02-24,9831
8033,雷虎,105,2,103,元大-四維,2023-02-24,9831
00632R,元大台灣50反1,301,204,97,元大-四維,2023-02-24,9831
2618,長榮航,91,6,85,元大-四維,2023-02-24,9831
5512,力麒,58,3,55,元大-四維,2023-02-24,9831
2014,中鴻,72,18,54,元大-四維,2023-02-24,9831
2313,華通,52,0,52,元大-四維,2023-02-24,9831
3037,欣興,85,33,52,元大-四維,2023-02-24,9831
2108,南帝,46,0,46,元大-四維,2023-02-24,9831
5701,劍湖山,38,0,38,元大-四維,2023-02-24,9831
2027,大成鋼,35,1,34,元大-四維,2023-02-24,9831
00878,國泰永續高股息,41,12,29,元大-四維,2023-02-24,9831
2360,致茂,30,1,29,元大-四維,2023-02-24,9831
1513,中興電,33,5,28,元大-四維,2023-02-24,9831
2002,中鋼,32,4,28,元大-四維,2023-02-24,9831
1589,永冠-KY,27,0,27,元大-四維,2023-02-24,9831
2610,華航,56,29,27,元大-四維,2023-02-24,9831
8924,大田,28,1,27,元大-四維,2023-02-24,9831
2317,鴻海,27,2,25,元大-四維,2023-02-24,9831
2038,海光,25,0,25,元大-四維,2023-02-24,9831
8105,凌巨,29,4,25,元大-四維,2023-02-24,9831
6578,達邦蛋白,26,1,25,元大-四維,2023-02-24,9831
8936,國統,27,2,25,元大-四維,2023-02-24,9831
00642U,期元大S＆P石油,28,4,24,元大-四維,2023-02-24,9831
00665L,富邦�琤肭磪囓�2,24,0,24,元大-四維,2023-02-24,9831
3707,漢磊,23,2,21,元大-四維,2023-02-24,9831
2834,臺企銀,22,1,21,元大-四維,2023-02-24,9831
2886,兆豐金,21,1,20,元大-四維,2023-02-24,9831
6546,正基,20,0,20,元大-四維,2023-02-24,9831
2890,永豐金,27,8,19,元大-四維,2023-02-24,9831
00885,富邦越南,22,5,17,元大-四維,2023-02-24,9831
1314,中石化,17,0,17,元大-四維,2023-02-24,9831
6770,力積電,19,3,16,元大-四維,2023-02-24,9831
2337,旺宏,16,0,16,元大-四維,2023-02-24,9831
4968,立積,18,2,16,元大-四維,2023-02-24,9831
00753L,中信中國50正2,15,0,15,元大-四維,2023-02-24,9831
5258,虹堡,36,21,15,元大-四維,2023-02-24,9831
6155,鈞寶,14,0,14,元大-四維,2023-02-24,9831
2399,映泰,19,5,14,元大-四維,2023-02-24,9831
8401,白紗科,15,1,14,元大-四維,2023-02-24,9831
3027,盛達,19,5,14,元大-四維,2023-02-24,9831
00679B,元大美債20年,14,1,13,元大-四維,2023-02-24,9831
3515,華擎,17,4,13,元大-四維,2023-02-24,9831
8358,金居,16,3,13,元大-四維,2023-02-24,9831
2498,宏達電,29,16,13,元大-四維,2023-02-24,9831
5452,佶優,14,1,13,元大-四維,2023-02-24,9831
3338,泰碩,13,0,13,元大-四維,2023-02-24,9831
00632R,元大台灣50反1,1000,86,914,元大-四維,2023-03-01,9831
2014,中鴻,236,0,236,元大-四維,2023-03-01,9831
1605,華新,267,77,190,元大-四維,2023-03-01,9831
2610,華航,180,29,151,元大-四維,2023-03-01,9831
2834,臺企銀,127,34,93,元大-四維,2023-03-01,9831
00882,中信中國高股息,96,5,91,元大-四維,2023-03-01,9831
2002,中鋼,96,10,86,元大-四維,2023-03-01,9831
3481,群創,83,8,75,元大-四維,2023-03-01,9831
00878,國泰永續高股息,75,4,71,元大-四維,2023-03-01,9831
2888,新光金,66,1,65,元大-四維,2023-03-01,9831
1101,台泥,65,0,65,元大-四維,2023-03-01,9831
2845,遠東銀,60,0,60,元大-四維,2023-03-01,9831
2885,元大金,58,1,57,元大-四維,2023-03-01,9831
00670L,富邦NASDAQ正2,51,0,51,元大-四維,2023-03-01,9831
2606,裕民,83,33,50,元大-四維,2023-03-01,9831
00900,富邦特選高股息30,46,3,43,元大-四維,2023-03-01,9831
4934,太極,42,2,40,元大-四維,2023-03-01,9831
3264,欣銓,44,9,35,元大-四維,2023-03-01,9831
2344,華邦電,31,0,31,元大-四維,2023-03-01,9831
3290,東浦,32,1,31,元大-四維,2023-03-01,9831
2883,凱基金,32,2,30,元大-四維,2023-03-01,9831
2480,敦陽科,30,0,30,元大-四維,2023-03-01,9831
5880,合庫金,26,0,26,元大-四維,2023-03-01,9831
2890,永豐金,26,1,25,元大-四維,2023-03-01,9831
3714,富采,25,1,24,元大-四維,2023-03-01,9831
3047,訊舟,24,0,24,元大-四維,2023-03-01,9831
2402,毅嘉,27,5,22,元大-四維,2023-03-01,9831
5009,榮剛,59,37,22,元大-四維,2023-03-01,9831
2023,燁輝,31,10,21,元大-四維,2023-03-01,9831
3498,陽程,20,0,20,元大-四維,2023-03-01,9831
6592,和潤企業,20,0,20,元大-四維,2023-03-01,9831
2539,櫻花建,20,0,20,元大-四維,2023-03-01,9831
2027,大成鋼,17,1,16,元大-四維,2023-03-01,9831
6425,易發,16,0,16,元大-四維,2023-03-01,9831
5508,永信建,16,0,16,元大-四維,2023-03-01,9831
8936,國統,31,15,16,元大-四維,2023-03-01,9831
3706,神達,18,2,16,元大-四維,2023-03-01,9831
00712,復華富時不動產,16,0,16,元大-四維,2023-03-01,9831
1108,幸福,15,0,15,元大-四維,2023-03-01,9831
5483,中美晶,23,9,14,元大-四維,2023-03-01,9831
00885,富邦越南,14,0,14,元大-四維,2023-03-01,9831
5512,力麒,19,6,13,元大-四維,2023-03-01,9831
2702,華園,13,0,13,元大-四維,2023-03-01,9831
1417,嘉裕,13,0,13,元大-四維,2023-03-01,9831
1303,南亞,12,0,12,元大-四維,2023-03-01,9831
2607,榮運,13,1,12,元大-四維,2023-03-01,9831
0050,元大台灣50,13,2,11,元大-四維,2023-03-01,9831
8046,南電,13,2,11,元大-四維,2023-03-01,9831
4953,緯軟,13,2,11,元大-四維,2023-03-01,9831
6116,彩晶,16,5,11,元大-四維,2023-03-01,9831
2834,臺企銀,324,17,307,元大-四維,2023-03-02,9831
00673R,期元大S＆P原油反1,204,0,204,元大-四維,2023-03-02,9831
00878,國泰永續高股息,172,0,172,元大-四維,2023-03-02,9831
3052,夆典,146,0,146,元大-四維,2023-03-02,9831
1605,華新,217,121,96,元大-四維,2023-03-02,9831
2002,中鋼,105,19,86,元大-四維,2023-03-02,9831
3481,群創,77,15,62,元大-四維,2023-03-02,9831
3163,波若威,60,3,57,元大-四維,2023-03-02,9831
2340,台亞,61,7,54,元大-四維,2023-03-02,9831
2883,凱基金,55,2,53,元大-四維,2023-03-02,9831
1708,東鹼,47,1,46,元大-四維,2023-03-02,9831
4529,淳紳,45,0,45,元大-四維,2023-03-02,9831
3027,盛達,61,21,40,元大-四維,2023-03-02,9831
1506,正道,39,0,39,元大-四維,2023-03-02,9831
1101,台泥,46,9,37,元大-四維,2023-03-02,9831
6116,彩晶,43,10,33,元大-四維,2023-03-02,9831
00665L,富邦�琤肭磪囓�2,40,10,30,元大-四維,2023-03-02,9831
1303,南亞,30,1,29,元大-四維,2023-03-02,9831
00713,元大台灣高息低波,27,0,27,元大-四維,2023-03-02,9831
5608,四維航,93,67,26,元大-四維,2023-03-02,9831
00893,國泰智能電動車,25,0,25,元大-四維,2023-03-02,9831
2014,中鴻,33,9,24,元大-四維,2023-03-02,9831
00712,復華富時不動產,24,0,24,元大-四維,2023-03-02,9831
6142,友勁,30,7,23,元大-四維,2023-03-02,9831
5512,力麒,43,20,23,元大-四維,2023-03-02,9831
5508,永信建,22,0,22,元大-四維,2023-03-02,9831
00900,富邦特選高股息30,23,3,20,元大-四維,2023-03-02,9831
2444,兆勁,20,0,20,元大-四維,2023-03-02,9831
3264,欣銓,20,0,20,元大-四維,2023-03-02,9831
2897,王道銀行,20,0,20,元大-四維,2023-03-02,9831
3005,神基,20,0,20,元大-四維,2023-03-02,9831
8033,雷虎,45,25,20,元大-四維,2023-03-02,9831
2329,華泰,20,0,20,元大-四維,2023-03-02,9831
2108,南帝,20,1,19,元大-四維,2023-03-02,9831
6412,群電,19,0,19,元大-四維,2023-03-02,9831
3628,盈正,18,0,18,元大-四維,2023-03-02,9831
1336,台翰,22,5,17,元大-四維,2023-03-02,9831
2480,敦陽科,15,0,15,元大-四維,2023-03-02,9831
6548,長科*,25,10,15,元大-四維,2023-03-02,9831
3498,陽程,15,0,15,元大-四維,2023-03-02,9831
8289,泰藝,19,4,15,元大-四維,2023-03-02,9831
00772B,中信高評級公司債,14,0,14,元大-四維,2023-03-02,9831
00637L,元大滬深300正2,24,10,14,元大-四維,2023-03-02,9831
2892,第一金,20,6,14,元大-四維,2023-03-02,9831
5450,南良,14,0,14,元大-四維,2023-03-02,9831
2028,威致,16,2,14,元大-四維,2023-03-02,9831
2371,大同,15,1,14,元大-四維,2023-03-02,9831
1409,新纖,13,0,13,元大-四維,2023-03-02,9831
3312,弘憶股,46,33,13,元大-四維,2023-03-02,9831
3707,漢磊,14,2,12,元大-四維,2023-03-02,9831
2892,第一金,712,0,712,元大-四維,2023-03-03,9831
00632R,元大台灣50反1,289,30,259,元大-四維,2023-03-03,9831
00637L,元大滬深300正2,186,110,76,元大-四維,2023-03-03,9831
3052,夆典,75,0,75,元大-四維,2023-03-03,9831
1102,亞泥,68,0,68,元大-四維,2023-03-03,9831
2637,慧洋-KY,64,3,61,元大-四維,2023-03-03,9831
2607,榮運,60,2,58,元大-四維,2023-03-03,9831
00885,富邦越南,58,4,54,元大-四維,2023-03-03,9831
5608,四維航,118,79,39,元大-四維,2023-03-03,9831
8038,長園科,41,4,37,元大-四維,2023-03-03,9831
2618,長榮航,55,18,37,元大-四維,2023-03-03,9831
9933,中鼎,34,0,34,元大-四維,2023-03-03,9831
2344,華邦電,136,105,31,元大-四維,2023-03-03,9831
2359,所羅門,30,2,28,元大-四維,2023-03-03,9831
1605,華新,68,43,25,元大-四維,2023-03-03,9831
6223,旺矽,25,0,25,元大-四維,2023-03-03,9831
2617,台航,26,2,24,元大-四維,2023-03-03,9831
3707,漢磊,43,20,23,元大-四維,2023-03-03,9831
2886,兆豐金,43,21,22,元大-四維,2023-03-03,9831
3339,泰谷,20,0,20,元大-四維,2023-03-03,9831
8034,榮群,20,0,20,元大-四維,2023-03-03,9831
6417,韋僑,20,0,20,元大-四維,2023-03-03,9831
2492,華新科,20,2,18,元大-四維,2023-03-03,9831
2201,裕隆,18,2,16,元大-四維,2023-03-03,9831
3706,神達,16,0,16,元大-四維,2023-03-03,9831
2834,臺企銀,83,68,15,元大-四維,2023-03-03,9831
1513,中興電,19,4,15,元大-四維,2023-03-03,9831
00712,復華富時不動產,14,0,14,元大-四維,2023-03-03,9831
00679B,元大美債20年,14,0,14,元大-四維,2023-03-03,9831
3708,上緯投控,14,0,14,元大-四維,2023-03-03,9831
2014,中鴻,15,1,14,元大-四維,2023-03-03,9831
6116,彩晶,51,37,14,元大-四維,2023-03-03,9831
00878,國泰永續高股息,30,16,14,元大-四維,2023-03-03,9831
00772B,中信高評級公司債,14,1,13,元大-四維,2023-03-03,9831
1101,台泥,13,1,12,元大-四維,2023-03-03,9831
3380,明泰,15,3,12,元大-四維,2023-03-03,9831
2538,基泰,12,0,12,元大-四維,2023-03-03,9831
1736,喬山,12,0,12,元大-四維,2023-03-03,9831
2897,王道銀行,12,0,12,元大-四維,2023-03-03,9831
5498,凱崴,12,0,12,元大-四維,2023-03-03,9831
6235,華孚,24,12,12,元大-四維,2023-03-03,9831
1220,台榮,34,23,11,元大-四維,2023-03-03,9831
3529,力旺,12,1,11,元大-四維,2023-03-03,9831
6288,聯嘉,13,2,11,元大-四維,2023-03-03,9831
2614,東森,10,0,10,元大-四維,2023-03-03,9831
2340,台亞,11,1,10,元大-四維,2023-03-03,9831
2812,台中銀,10,0,10,元大-四維,2023-03-03,9831
00673R,期元大S＆P原油反1,10,0,10,元大-四維,2023-03-03,9831
6591,動力-KY,10,0,10,元大-四維,2023-03-03,9831
1709,和益,10,0,10,元大-四維,2023-03-03,9831
00632R,元大台灣50反1,494,20,474,元大-四維,2023-03-06,9831
2618,長榮航,109,6,103,元大-四維,2023-03-06,9831
00673R,期元大S＆P原油反1,90,0,90,元大-四維,2023-03-06,9831
2344,華邦電,98,11,87,元大-四維,2023-03-06,9831
8176,智捷,84,1,83,元大-四維,2023-03-06,9831
2609,陽明,98,38,60,元大-四維,2023-03-06,9831
2332,友訊,63,10,53,元大-四維,2023-03-06,9831
2888,新光金,51,0,51,元大-四維,2023-03-06,9831
1609,大亞,61,14,47,元大-四維,2023-03-06,9831
6257,矽格,43,0,43,元大-四維,2023-03-06,9831
1709,和益,42,2,40,元大-四維,2023-03-06,9831
2605,新興,37,3,34,元大-四維,2023-03-06,9831
5469,瀚宇博,30,1,29,元大-四維,2023-03-06,9831
6727,亞泰金屬,25,0,25,元大-四維,2023-03-06,9831
2636,台驊控股,27,3,24,元大-四維,2023-03-06,9831
2607,榮運,34,11,23,元大-四維,2023-03-06,9831
00712,復華富時不動產,21,0,21,元大-四維,2023-03-06,9831
00637L,元大滬深300正2,34,13,21,元大-四維,2023-03-06,9831
2329,華泰,23,2,21,元大-四維,2023-03-06,9831
6290,良維,22,2,20,元大-四維,2023-03-06,9831
2885,元大金,21,1,20,元大-四維,2023-03-06,9831
3006,晶豪科,43,24,19,元大-四維,2023-03-06,9831
2376,技嘉,19,0,19,元大-四維,2023-03-06,9831
2457,飛宏,33,15,18,元大-四維,2023-03-06,9831
9933,中鼎,19,2,17,元大-四維,2023-03-06,9831
1301,台塑,21,5,16,元大-四維,2023-03-06,9831
6227,茂綸,16,0,16,元大-四維,2023-03-06,9831
4953,緯軟,17,1,16,元大-四維,2023-03-06,9831
2023,燁輝,19,3,16,元大-四維,2023-03-06,9831
2002,中鋼,29,14,15,元大-四維,2023-03-06,9831
2611,志信,15,0,15,元大-四維,2023-03-06,9831
1783,和康生,17,3,14,元大-四維,2023-03-06,9831
1708,東鹼,16,2,14,元大-四維,2023-03-06,9831
8438,昶昕,14,0,14,元大-四維,2023-03-06,9831
2313,華通,15,1,14,元大-四維,2023-03-06,9831
4545,銘鈺,13,0,13,元大-四維,2023-03-06,9831
1219,福壽,12,0,12,元大-四維,2023-03-06,9831
2340,台亞,12,0,12,元大-四維,2023-03-06,9831
6129,普誠,15,3,12,元大-四維,2023-03-06,9831
1539,巨庭,14,3,11,元大-四維,2023-03-06,9831
8933,愛地雅,11,0,11,元大-四維,2023-03-06,9831
1605,華新,40,30,10,元大-四維,2023-03-06,9831
1568,倉佑,10,0,10,元大-四維,2023-03-06,9831
3552,同致,10,0,10,元大-四維,2023-03-06,9831
5522,遠雄,10,0,10,元大-四維,2023-03-06,9831
6512,啟發電,10,0,10,元大-四維,2023-03-06,9831
8358,金居,11,1,10,元大-四維,2023-03-06,9831
1752,南光,10,0,10,元大-四維,2023-03-06,9831
1473,台南,10,0,10,元大-四維,2023-03-06,9831
6213,聯茂,10,0,10,元大-四維,2023-03-06,9831
3481,群創,308,23,285,元大-四維,2023-03-07,9831
1528,恩德,90,0,90,元大-四維,2023-03-07,9831
3706,神達,81,0,81,元大-四維,2023-03-07,9831
2412,中華電,76,1,75,元大-四維,2023-03-07,9831
00637L,元大滬深300正2,175,101,74,元大-四維,2023-03-07,9831
8176,智捷,58,0,58,元大-四維,2023-03-07,9831
2344,華邦電,50,5,45,元大-四維,2023-03-07,9831
3059,華晶科,41,0,41,元大-四維,2023-03-07,9831
6770,力積電,54,14,40,元大-四維,2023-03-07,9831
2884,玉山金,35,0,35,元大-四維,2023-03-07,9831
2618,長榮航,53,18,35,元大-四維,2023-03-07,9831
1220,台榮,36,3,33,元大-四維,2023-03-07,9831
4916,事欣科,32,2,30,元大-四維,2023-03-07,9831
3037,欣興,33,4,29,元大-四維,2023-03-07,9831
2601,益航,29,0,29,元大-四維,2023-03-07,9831
00673R,期元大S＆P原油反1,28,0,28,元大-四維,2023-03-07,9831
4128,中天,26,0,26,元大-四維,2023-03-07,9831
2337,旺宏,25,1,24,元大-四維,2023-03-07,9831
5263,智崴,28,4,24,元大-四維,2023-03-07,9831
1503,士電,29,7,22,元大-四維,2023-03-07,9831
4743,合一,22,2,20,元大-四維,2023-03-07,9831
00724B,群益投資級金融債,20,0,20,元大-四維,2023-03-07,9831
3189,景碩,21,1,20,元大-四維,2023-03-07,9831
5508,永信建,20,0,20,元大-四維,2023-03-07,9831
6129,普誠,24,6,18,元大-四維,2023-03-07,9831
2457,飛宏,46,30,16,元大-四維,2023-03-07,9831
2352,佳世達,16,0,16,元大-四維,2023-03-07,9831
1710,東聯,21,5,16,元大-四維,2023-03-07,9831
6605,帝寶,16,0,16,元大-四維,2023-03-07,9831
00885,富邦越南,16,0,16,元大-四維,2023-03-07,9831
2359,所羅門,29,13,16,元大-四維,2023-03-07,9831
3163,波若威,18,2,16,元大-四維,2023-03-07,9831
2208,台船,17,2,15,元大-四維,2023-03-07,9831
1776,展宇,14,0,14,元大-四維,2023-03-07,9831
2354,鴻準,14,0,14,元大-四維,2023-03-07,9831
3019,亞光,31,17,14,元大-四維,2023-03-07,9831
6191,精成科,15,1,14,元大-四維,2023-03-07,9831
4763,材料-KY,25,12,13,元大-四維,2023-03-07,9831
2486,一詮,45,32,13,元大-四維,2023-03-07,9831
6548,長科*,28,15,13,元大-四維,2023-03-07,9831
8044,網家,13,0,13,元大-四維,2023-03-07,9831
3162,精確,13,0,13,元大-四維,2023-03-07,9831
4167,松瑞藥,12,0,12,元大-四維,2023-03-07,9831
6104,創惟,11,0,11,元大-四維,2023-03-07,9831
2455,全新,11,0,11,元大-四維,2023-03-07,9831
2915,潤泰全,12,1,11,元大-四維,2023-03-07,9831
2471,資通,12,1,11,元大-四維,2023-03-07,9831
2031,新光鋼,11,0,11,元大-四維,2023-03-07,9831
6136,富爾特,11,0,11,元大-四維,2023-03-07,9831
3029,零壹,15,4,11,元大-四維,2023-03-07,9831
00632R,元大台灣50反1,599,0,599,元大-四維,2023-03-08,9831
00637L,元大滬深300正2,207,13,194,元大-四維,2023-03-08,9831
00665L,富邦�琤肭磪囓�2,128,30,98,元大-四維,2023-03-08,9831
2929,淘帝-KY,90,0,90,元大-四維,2023-03-08,9831
5009,榮剛,152,64,88,元大-四維,2023-03-08,9831
2618,長榮航,93,30,63,元大-四維,2023-03-08,9831
2637,慧洋-KY,53,1,52,元大-四維,2023-03-08,9831
2641,正德,55,5,50,元大-四維,2023-03-08,9831
2014,中鴻,48,0,48,元大-四維,2023-03-08,9831
9907,統一實,48,2,46,元大-四維,2023-03-08,9831
1709,和益,43,1,42,元大-四維,2023-03-08,9831
2031,新光鋼,39,0,39,元大-四維,2023-03-08,9831
6548,長科*,40,2,38,元大-四維,2023-03-08,9831
2603,長榮,36,3,33,元大-四維,2023-03-08,9831
2885,元大金,33,1,32,元大-四維,2023-03-08,9831
2615,萬海,35,3,32,元大-四維,2023-03-08,9831
3706,神達,40,10,30,元大-四維,2023-03-08,9831
6257,矽格,30,2,28,元大-四維,2023-03-08,9831
8924,大田,36,8,28,元大-四維,2023-03-08,9831
2609,陽明,69,42,27,元大-四維,2023-03-08,9831
2883,凱基金,27,0,27,元大-四維,2023-03-08,9831
00753L,中信中國50正2,27,0,27,元大-四維,2023-03-08,9831
2891,中信金,31,5,26,元大-四維,2023-03-08,9831
4979,華星光,25,0,25,元大-四維,2023-03-08,9831
2344,華邦電,41,17,24,元大-四維,2023-03-08,9831
6129,普誠,41,18,23,元大-四維,2023-03-08,9831
00715L,期街口布蘭特正2,23,0,23,元大-四維,2023-03-08,9831
00923,群益台ESG低碳50,23,0,23,元大-四維,2023-03-08,9831
2634,漢翔,154,133,21,元大-四維,2023-03-08,9831
2702,華園,22,1,21,元大-四維,2023-03-08,9831
8069,元太,38,17,21,元大-四維,2023-03-08,9831
3481,群創,219,198,21,元大-四維,2023-03-08,9831
4736,泰博,20,0,20,元大-四維,2023-03-08,9831
1504,東元,36,16,20,元大-四維,2023-03-08,9831
6148,驊宏資,19,0,19,元大-四維,2023-03-08,9831
1101,台泥,23,6,17,元大-四維,2023-03-08,9831
1586,和勤,23,6,17,元大-四維,2023-03-08,9831
00725B,國泰投資級公司債,16,0,16,元大-四維,2023-03-08,9831
00713,元大台灣高息低波,19,3,16,元大-四維,2023-03-08,9831
2530,華建,20,5,15,元大-四維,2023-03-08,9831
00878,國泰永續高股息,20,5,15,元大-四維,2023-03-08,9831
2610,華航,19,5,14,元大-四維,2023-03-08,9831
00893,國泰智能電動車,17,3,14,元大-四維,2023-03-08,9831
1524,耿鼎,30,16,14,元大-四維,2023-03-08,9831
00900,富邦特選高股息30,13,0,13,元大-四維,2023-03-08,9831
6509,聚和,17,4,13,元大-四維,2023-03-08,9831
3708,上緯投控,12,0,12,元大-四維,2023-03-08,9831
00655L,國泰中國A50正2,12,0,12,元大-四維,2023-03-08,9831
1584,精剛,33,22,11,元大-四維,2023-03-08,9831
4128,中天,12,1,11,元大-四維,2023-03-08,9831
9907,統一實,120,0,120,元大-四維,2023-03-09,9831
3059,華晶科,115,10,105,元大-四維,2023-03-09,9831
00878,國泰永續高股息,98,3,95,元大-四維,2023-03-09,9831
2317,鴻海,94,5,89,元大-四維,2023-03-09,9831
8070,長華*,70,0,70,元大-四維,2023-03-09,9831
1528,恩德,274,207,67,元大-四維,2023-03-09,9831
5371,中光電,66,1,65,元大-四維,2023-03-09,9831
1101,台泥,72,13,59,元大-四維,2023-03-09,9831
8284,三竹,51,0,51,元大-四維,2023-03-09,9831
00669R,國泰美國道瓊反1,50,0,50,元大-四維,2023-03-09,9831
6129,普誠,60,13,47,元大-四維,2023-03-09,9831
3706,神達,46,0,46,元大-四維,2023-03-09,9831
2329,華泰,47,1,46,元大-四維,2023-03-09,9831
6283,淳安,45,0,45,元大-四維,2023-03-09,9831
00637L,元大滬深300正2,56,14,42,元大-四維,2023-03-09,9831
2344,華邦電,62,23,39,元大-四維,2023-03-09,9831
2409,友達,37,1,36,元大-四維,2023-03-09,9831
3290,東浦,36,1,35,元大-四維,2023-03-09,9831
6443,元晶,74,41,33,元大-四維,2023-03-09,9831
8215,明基材,36,5,31,元大-四維,2023-03-09,9831
2883,凱基金,42,11,31,元大-四維,2023-03-09,9831
6266,泰詠,30,0,30,元大-四維,2023-03-09,9831
4133,亞諾法,33,4,29,元大-四維,2023-03-09,9831
3209,全科,28,0,28,元大-四維,2023-03-09,9831
2476,鉅祥,30,2,28,元大-四維,2023-03-09,9831
6139,亞翔,30,4,26,元大-四維,2023-03-09,9831
3576,聯合再生,25,0,25,元大-四維,2023-03-09,9831
3037,欣興,35,11,24,元大-四維,2023-03-09,9831
00923,群益台ESG低碳50,24,0,24,元大-四維,2023-03-09,9831
3324,雙鴻,24,2,22,元大-四維,2023-03-09,9831
2340,台亞,24,2,22,元大-四維,2023-03-09,9831
2313,華通,24,2,22,元大-四維,2023-03-09,9831
2482,連宇,39,17,22,元大-四維,2023-03-09,9831
1513,中興電,34,13,21,元大-四維,2023-03-09,9831
2303,聯電,65,44,21,元大-四維,2023-03-09,9831
1736,喬山,20,0,20,元大-四維,2023-03-09,9831
8163,達方,20,0,20,元大-四維,2023-03-09,9831
4958,臻鼎-KY,30,11,19,元大-四維,2023-03-09,9831
3048,益登,18,0,18,元大-四維,2023-03-09,9831
4707,磐亞,17,0,17,元大-四維,2023-03-09,9831
5880,合庫金,17,0,17,元大-四維,2023-03-09,9831
2368,金像電,18,2,16,元大-四維,2023-03-09,9831
6712,長聖,16,0,16,元大-四維,2023-03-09,9831
2002,中鋼,16,0,16,元大-四維,2023-03-09,9831
2890,永豐金,15,0,15,元大-四維,2023-03-09,9831
2885,元大金,18,3,15,元大-四維,2023-03-09,9831
2530,華建,15,0,15,元大-四維,2023-03-09,9831
00650L,復華香港正2,15,0,15,元大-四維,2023-03-09,9831
1584,精剛,31,16,15,元大-四維,2023-03-09,9831
8091,翔名,12,0,12,元大-四維,2023-03-09,9831
00632R,元大台灣50反1,1022,127,895,元大-四維,2023-03-10,9831
00715L,期街口布蘭特正2,312,0,312,元大-四維,2023-03-10,9831
00878,國泰永續高股息,210,10,200,元大-四維,2023-03-10,9831
2618,長榮航,185,27,158,元大-四維,2023-03-10,9831
2014,中鴻,149,1,148,元大-四維,2023-03-10,9831
2801,彰銀,127,0,127,元大-四維,2023-03-10,9831
00637L,元大滬深300正2,156,41,115,元大-四維,2023-03-10,9831
2892,第一金,119,8,111,元大-四維,2023-03-10,9831
2409,友達,106,17,89,元大-四維,2023-03-10,9831
8284,三竹,79,0,79,元大-四維,2023-03-10,9831
00751B,元大AAA至A公司債,72,0,72,元大-四維,2023-03-10,9831
00712,復華富時不動產,69,0,69,元大-四維,2023-03-10,9831
2344,華邦電,75,14,61,元大-四維,2023-03-10,9831
1506,正道,60,0,60,元大-四維,2023-03-10,9831
0056,元大高股息,102,45,57,元大-四維,2023-03-10,9831
2885,元大金,56,1,55,元大-四維,2023-03-10,9831
2610,華航,150,98,52,元大-四維,2023-03-10,9831
00670L,富邦NASDAQ正2,52,0,52,元大-四維,2023-03-10,9831
2637,慧洋-KY,59,9,50,元大-四維,2023-03-10,9831
2008,高興昌,50,0,50,元大-四維,2023-03-10,9831
8105,凌巨,50,0,50,元大-四維,2023-03-10,9831
5880,合庫金,48,0,48,元大-四維,2023-03-10,9831
2883,凱基金,67,23,44,元大-四維,2023-03-10,9831
00891,中信關鍵半導體,46,5,41,元大-四維,2023-03-10,9831
3035,智原,40,0,40,元大-四維,2023-03-10,9831
00900,富邦特選高股息30,41,1,40,元大-四維,2023-03-10,9831
8069,元太,47,8,39,元大-四維,2023-03-10,9831
1528,恩德,39,0,39,元大-四維,2023-03-10,9831
2882,國泰金,50,12,38,元大-四維,2023-03-10,9831
2888,新光金,48,10,38,元大-四維,2023-03-10,9831
1513,中興電,55,19,36,元大-四維,2023-03-10,9831
2609,陽明,295,259,36,元大-四維,2023-03-10,9831
00893,國泰智能電動車,42,6,36,元大-四維,2023-03-10,9831
5483,中美晶,35,1,34,元大-四維,2023-03-10,9831
00885,富邦越南,36,3,33,元大-四維,2023-03-10,9831
2886,兆豐金,38,7,31,元大-四維,2023-03-10,9831
2429,銘旺科,30,0,30,元大-四維,2023-03-10,9831
8070,長華*,30,0,30,元大-四維,2023-03-10,9831
2881,富邦金,34,4,30,元大-四維,2023-03-10,9831
5608,四維航,42,13,29,元大-四維,2023-03-10,9831
2890,永豐金,32,5,27,元大-四維,2023-03-10,9831
2884,玉山金,26,0,26,元大-四維,2023-03-10,9831
00753L,中信中國50正2,54,30,24,元大-四維,2023-03-10,9831
2002,中鋼,28,6,22,元大-四維,2023-03-10,9831
2359,所羅門,51,29,22,元大-四維,2023-03-10,9831
3209,全科,23,1,22,元大-四維,2023-03-10,9831
6213,聯茂,32,10,22,元大-四維,2023-03-10,9831
3576,聯合再生,21,0,21,元大-四維,2023-03-10,9831
3264,欣銓,25,4,21,元大-四維,2023-03-10,9831
00923,群益台ESG低碳50,23,2,21,元大-四維,2023-03-10,9831
00632R,元大台灣50反1,382,55,327,元大-四維,2023-03-13,9831
00878,國泰永續高股息,214,13,201,元大-四維,2023-03-13,9831
2409,友達,206,7,199,元大-四維,2023-03-13,9831
00715L,期街口布蘭特正2,198,10,188,元大-四維,2023-03-13,9831
8222,寶一,105,4,101,元大-四維,2023-03-13,9831
2504,國產,85,4,81,元大-四維,2023-03-13,9831
2834,臺企銀,83,15,68,元大-四維,2023-03-13,9831
2618,長榮航,76,9,67,元大-四維,2023-03-13,9831
2609,陽明,129,68,61,元大-四維,2023-03-13,9831
2606,裕民,64,8,56,元大-四維,2023-03-13,9831
2801,彰銀,49,0,49,元大-四維,2023-03-13,9831
2891,中信金,57,10,47,元大-四維,2023-03-13,9831
2867,三商壽,47,1,46,元大-四維,2023-03-13,9831
2634,漢翔,53,7,46,元大-四維,2023-03-13,9831
0056,元大高股息,90,48,42,元大-四維,2023-03-13,9831
2208,台船,33,0,33,元大-四維,2023-03-13,9831
2312,金寶,31,4,27,元大-四維,2023-03-13,9831
6191,精成科,31,5,26,元大-四維,2023-03-13,9831
5258,虹堡,41,15,26,元大-四維,2023-03-13,9831
00648R,元大S＆P500反1,25,0,25,元大-四維,2023-03-13,9831
3703,欣陸,25,0,25,元大-四維,2023-03-13,9831
2884,玉山金,33,9,24,元大-四維,2023-03-13,9831
2405,輔信,23,0,23,元大-四維,2023-03-13,9831
2457,飛宏,43,21,22,元大-四維,2023-03-13,9831
2881,富邦金,24,2,22,元大-四維,2023-03-13,9831
4974,亞泰,20,0,20,元大-四維,2023-03-13,9831
1473,台南,25,5,20,元大-四維,2023-03-13,9831
1605,華新,66,46,20,元大-四維,2023-03-13,9831
6182,合晶,19,0,19,元大-四維,2023-03-13,9831
2882,國泰金,32,13,19,元大-四維,2023-03-13,9831
00713,元大台灣高息低波,15,0,15,元大-四維,2023-03-13,9831
1597,直得,16,1,15,元大-四維,2023-03-13,9831
9103,美德醫療-DR,15,0,15,元大-四維,2023-03-13,9831
00712,復華富時不動產,18,3,15,元大-四維,2023-03-13,9831
2359,所羅門,19,4,15,元大-四維,2023-03-13,9831
00751B,元大AAA至A公司債,14,0,14,元大-四維,2023-03-13,9831
2301,光寶科,15,2,13,元大-四維,2023-03-13,9831
3712,永崴投控,13,0,13,元大-四維,2023-03-13,9831
2340,台亞,13,0,13,元大-四維,2023-03-13,9831
5608,四維航,24,11,13,元大-四維,2023-03-13,9831
6125,廣運,20,7,13,元大-四維,2023-03-13,9831
2313,華通,17,4,13,元大-四維,2023-03-13,9831
1721,三晃,12,0,12,元大-四維,2023-03-13,9831
2615,萬海,16,4,12,元大-四維,2023-03-13,9831
2349,錸德,12,0,12,元大-四維,2023-03-13,9831
6163,華電網,53,41,12,元大-四維,2023-03-13,9831
1536,和大,14,2,12,元大-四維,2023-03-13,9831
8261,富鼎,11,0,11,元大-四維,2023-03-13,9831
2331,精英,11,0,11,元大-四維,2023-03-13,9831
2498,宏達電,17,6,11,元大-四維,2023-03-13,9831
00715L,期街口布蘭特正2,389,0,389,元大-四維,2023-03-14,9831
00878,國泰永續高股息,311,19,292,元大-四維,2023-03-14,9831
2618,長榮航,332,80,252,元大-四維,2023-03-14,9831
1605,華新,190,79,111,元大-四維,2023-03-14,9831
0056,元大高股息,86,4,82,元大-四維,2023-03-14,9831
2891,中信金,84,22,62,元大-四維,2023-03-14,9831
3703,欣陸,62,1,61,元大-四維,2023-03-14,9831
00882,中信中國高股息,50,0,50,元大-四維,2023-03-14,9831
4958,臻鼎-KY,50,0,50,元大-四維,2023-03-14,9831
2867,三商壽,46,0,46,元大-四維,2023-03-14,9831
00637L,元大滬深300正2,44,1,43,元大-四維,2023-03-14,9831
00712,復華富時不動產,44,3,41,元大-四維,2023-03-14,9831
5880,合庫金,43,3,40,元大-四維,2023-03-14,9831
00679B,元大美債20年,51,14,37,元大-四維,2023-03-14,9831
2303,聯電,42,5,37,元大-四維,2023-03-14,9831
2888,新光金,41,4,37,元大-四維,2023-03-14,9831
2610,華航,73,37,36,元大-四維,2023-03-14,9831
2008,高興昌,35,0,35,元大-四維,2023-03-14,9831
2645,長榮航太,36,1,35,元大-四維,2023-03-14,9831
2886,兆豐金,50,15,35,元大-四維,2023-03-14,9831
2890,永豐金,39,5,34,元大-四維,2023-03-14,9831
2609,陽明,110,77,33,元大-四維,2023-03-14,9831
2885,元大金,53,21,32,元大-四維,2023-03-14,9831
00642U,期元大S＆P石油,32,0,32,元大-四維,2023-03-14,9831
00713,元大台灣高息低波,30,1,29,元大-四維,2023-03-14,9831
3046,建��,38,9,29,元大-四維,2023-03-14,9831
2409,友達,28,0,28,元大-四維,2023-03-14,9831
2376,技嘉,30,2,28,元大-四維,2023-03-14,9831
00885,富邦越南,47,20,27,元大-四維,2023-03-14,9831
6770,力積電,29,4,25,元大-四維,2023-03-14,9831
00751B,元大AAA至A公司債,25,0,25,元大-四維,2023-03-14,9831
00893,國泰智能電動車,30,5,25,元大-四維,2023-03-14,9831
2882,國泰金,25,0,25,元大-四維,2023-03-14,9831
3481,群創,26,2,24,元大-四維,2023-03-14,9831
2641,正德,26,3,23,元大-四維,2023-03-14,9831
6233,旺玖,23,1,22,元大-四維,2023-03-14,9831
2883,凱基金,42,21,21,元大-四維,2023-03-14,9831
2344,華邦電,20,0,20,元大-四維,2023-03-14,9831
5483,中美晶,23,3,20,元大-四維,2023-03-14,9831
020028,元大特選電動車N,20,0,20,元大-四維,2023-03-14,9831
4976,佳凌,20,0,20,元大-四維,2023-03-14,9831
2834,臺企銀,85,66,19,元大-四維,2023-03-14,9831
00900,富邦特選高股息30,19,0,19,元大-四維,2023-03-14,9831
2615,萬海,45,27,18,元大-四維,2023-03-14,9831
2359,所羅門,18,1,17,元大-四維,2023-03-14,9831
2317,鴻海,19,3,16,元大-四維,2023-03-14,9831
8996,高力,16,0,16,元大-四維,2023-03-14,9831
3017,奇鋐,18,2,16,元大-四維,2023-03-14,9831
2892,第一金,15,0,15,元大-四維,2023-03-14,9831
2634,漢翔,22,7,15,元大-四維,2023-03-14,9831
00715L,期街口布蘭特正2,227,0,227,元大-四維,2023-03-15,9831
2888,新光金,115,3,112,元大-四維,2023-03-15,9831
00878,國泰永續高股息,113,8,105,元大-四維,2023-03-15,9831
2867,三商壽,102,0,102,元大-四維,2023-03-15,9831
2603,長榮,147,57,90,元大-四維,2023-03-15,9831
2031,新光鋼,80,1,79,元大-四維,2023-03-15,9831
2002,中鋼,93,16,77,元大-四維,2023-03-15,9831
2880,華南金,73,1,72,元大-四維,2023-03-15,9831
5608,四維航,88,28,60,元大-四維,2023-03-15,9831
8033,雷虎,60,1,59,元大-四維,2023-03-15,9831
2886,兆豐金,54,0,54,元大-四維,2023-03-15,9831
00642U,期元大S＆P石油,53,0,53,元大-四維,2023-03-15,9831
2027,大成鋼,59,10,49,元大-四維,2023-03-15,9831
00885,富邦越南,58,12,46,元大-四維,2023-03-15,9831
2883,凱基金,71,26,45,元大-四維,2023-03-15,9831
5880,合庫金,41,0,41,元大-四維,2023-03-15,9831
1301,台塑,38,1,37,元大-四維,2023-03-15,9831
4916,事欣科,36,0,36,元大-四維,2023-03-15,9831
2618,長榮航,56,25,31,元大-四維,2023-03-15,9831
00772B,中信高評級公司債,29,1,28,元大-四維,2023-03-15,9831
1475,業旺,35,7,28,元大-四維,2023-03-15,9831
3209,全科,30,4,26,元大-四維,2023-03-15,9831
3481,群創,37,12,25,元大-四維,2023-03-15,9831
2008,高興昌,25,0,25,元大-四維,2023-03-15,9831
8477,創業家,24,0,24,元大-四維,2023-03-15,9831
3624,光頡,33,10,23,元大-四維,2023-03-15,9831
1504,東元,38,15,23,元大-四維,2023-03-15,9831
2881,富邦金,23,0,23,元大-四維,2023-03-15,9831
2014,中鴻,23,0,23,元大-四維,2023-03-15,9831
6129,普誠,24,3,21,元大-四維,2023-03-15,9831
00679B,元大美債20年,30,10,20,元大-四維,2023-03-15,9831
3162,精確,26,6,20,元大-四維,2023-03-15,9831
00881,國泰台灣5G+,20,0,20,元大-四維,2023-03-15,9831
4915,致伸,30,11,19,元大-四維,2023-03-15,9831
3706,神達,19,1,18,元大-四維,2023-03-15,9831
2641,正德,36,18,18,元大-四維,2023-03-15,9831
5450,南良,22,4,18,元大-四維,2023-03-15,9831
00712,復華富時不動產,18,1,17,元大-四維,2023-03-15,9831
00713,元大台灣高息低波,42,25,17,元大-四維,2023-03-15,9831
9945,潤泰新,19,2,17,元大-四維,2023-03-15,9831
4958,臻鼎-KY,16,0,16,元大-四維,2023-03-15,9831
1409,新纖,15,0,15,元大-四維,2023-03-15,9831
3630,新鉅科,15,0,15,元大-四維,2023-03-15,9831
8936,國統,21,6,15,元大-四維,2023-03-15,9831
00751B,元大AAA至A公司債,15,0,15,元大-四維,2023-03-15,9831
2885,元大金,18,3,15,元大-四維,2023-03-15,9831
8227,巨有科技,18,4,14,元大-四維,2023-03-15,9831
4938,和碩,15,2,13,元大-四維,2023-03-15,9831
2208,台船,13,0,13,元大-四維,2023-03-15,9831
3264,欣銓,20,7,13,元大-四維,2023-03-15,9831
00632R,元大台灣50反1,1022,124,898,元大-四維,2023-03-16,9831
00715L,期街口布蘭特正2,548,206,342,元大-四維,2023-03-16,9831
2834,臺企銀,422,111,311,元大-四維,2023-03-16,9831
3481,群創,239,30,209,元大-四維,2023-03-16,9831
6443,元晶,151,16,135,元大-四維,2023-03-16,9831
3038,全台,123,0,123,元大-四維,2023-03-16,9831
00642U,期元大S＆P石油,86,0,86,元大-四維,2023-03-16,9831
00900,富邦特選高股息30,82,0,82,元大-四維,2023-03-16,9831
00637L,元大滬深300正2,86,7,79,元大-四維,2023-03-16,9831
0056,元大高股息,79,9,70,元大-四維,2023-03-16,9831
3056,富華新,77,13,64,元大-四維,2023-03-16,9831
2888,新光金,68,7,61,元大-四維,2023-03-16,9831
2603,長榮,77,27,50,元大-四維,2023-03-16,9831
8936,國統,66,17,49,元大-四維,2023-03-16,9831
2885,元大金,48,0,48,元大-四維,2023-03-16,9831
5009,榮剛,60,16,44,元大-四維,2023-03-16,9831
1220,台榮,40,0,40,元大-四維,2023-03-16,9831
2882,國泰金,40,4,36,元大-四維,2023-03-16,9831
2427,三商電,36,1,35,元大-四維,2023-03-16,9831
1605,華新,41,9,32,元大-四維,2023-03-16,9831
3264,欣銓,35,4,31,元大-四維,2023-03-16,9831
2610,華航,55,24,31,元大-四維,2023-03-16,9831
3037,欣興,36,5,31,元大-四維,2023-03-16,9831
2344,華邦電,43,13,30,元大-四維,2023-03-16,9831
2883,凱基金,39,9,30,元大-四維,2023-03-16,9831
00878,國泰永續高股息,137,107,30,元大-四維,2023-03-16,9831
2891,中信金,110,82,28,元大-四維,2023-03-16,9831
00673R,期元大S＆P原油反1,30,2,28,元大-四維,2023-03-16,9831
2498,宏達電,43,16,27,元大-四維,2023-03-16,9831
2880,華南金,28,2,26,元大-四維,2023-03-16,9831
2313,華通,26,0,26,元大-四維,2023-03-16,9831
6770,力積電,32,7,25,元大-四維,2023-03-16,9831
2206,三陽工業,22,0,22,元大-四維,2023-03-16,9831
3552,同致,22,0,22,元大-四維,2023-03-16,9831
00738U,期元大道瓊白銀,21,0,21,元大-四維,2023-03-16,9831
2615,萬海,25,5,20,元大-四維,2023-03-16,9831
2890,永豐金,23,3,20,元大-四維,2023-03-16,9831
2884,玉山金,41,21,20,元大-四維,2023-03-16,9831
1736,喬山,20,0,20,元大-四維,2023-03-16,9831
2838,聯邦銀,20,0,20,元大-四維,2023-03-16,9831
2027,大成鋼,46,26,20,元大-四維,2023-03-16,9831
3231,緯創,25,6,19,元大-四維,2023-03-16,9831
5519,隆大,20,1,19,元大-四維,2023-03-16,9831
1316,上曜,19,0,19,元大-四維,2023-03-16,9831
2887,台新金,18,0,18,元大-四維,2023-03-16,9831
6712,長聖,19,1,18,元大-四維,2023-03-16,9831
00773B,中信優先金融債,18,0,18,元大-四維,2023-03-16,9831
6129,普誠,21,3,18,元大-四維,2023-03-16,9831
2881,富邦金,23,5,18,元大-四維,2023-03-16,9831
8011,台通,17,0,17,元大-四維,2023-03-16,9831
00632R,元大台灣50反1,2011,10,2001,元大-四維,2023-03-17,9831
2891,中信金,120,18,102,元大-四維,2023-03-17,9831
2897,王道銀行,103,4,99,元大-四維,2023-03-17,9831
2455,全新,62,14,48,元大-四維,2023-03-17,9831
2890,永豐金,38,0,38,元大-四維,2023-03-17,9831
2881,富邦金,35,0,35,元大-四維,2023-03-17,9831
2609,陽明,41,7,34,元大-四維,2023-03-17,9831
2344,華邦電,40,6,34,元大-四維,2023-03-17,9831
00679B,元大美債20年,32,0,32,元大-四維,2023-03-17,9831
00671R,富邦NASDAQ反1,32,0,32,元大-四維,2023-03-17,9831
00715L,期街口布蘭特正2,48,17,31,元大-四維,2023-03-17,9831
2409,友達,36,5,31,元大-四維,2023-03-17,9831
1219,福壽,30,0,30,元大-四維,2023-03-17,9831
2885,元大金,35,6,29,元大-四維,2023-03-17,9831
1308,亞聚,31,3,28,元大-四維,2023-03-17,9831
1713,國化,28,0,28,元大-四維,2023-03-17,9831
2610,華航,28,0,28,元大-四維,2023-03-17,9831
5483,中美晶,27,2,25,元大-四維,2023-03-17,9831
2880,華南金,25,0,25,元大-四維,2023-03-17,9831
2883,凱基金,25,2,23,元大-四維,2023-03-17,9831
2888,新光金,21,0,21,元大-四維,2023-03-17,9831
9907,統一實,21,0,21,元大-四維,2023-03-17,9831
00655L,國泰中國A50正2,20,0,20,元大-四維,2023-03-17,9831
2618,長榮航,22,2,20,元大-四維,2023-03-17,9831
6573,虹揚-KY,20,0,20,元大-四維,2023-03-17,9831
00673R,期元大S＆P原油反1,20,0,20,元大-四維,2023-03-17,9831
2603,長榮,38,18,20,元大-四維,2023-03-17,9831
4915,致伸,19,1,18,元大-四維,2023-03-17,9831
2867,三商壽,18,0,18,元大-四維,2023-03-17,9831
2882,國泰金,20,2,18,元大-四維,2023-03-17,9831
3163,波若威,20,3,17,元大-四維,2023-03-17,9831
00900,富邦特選高股息30,40,23,17,元大-四維,2023-03-17,9831
3046,建��,16,0,16,元大-四維,2023-03-17,9831
00637L,元大滬深300正2,22,6,16,元大-四維,2023-03-17,9831
00713,元大台灣高息低波,36,20,16,元大-四維,2023-03-17,9831
2399,映泰,17,2,15,元大-四維,2023-03-17,9831
2427,三商電,15,0,15,元大-四維,2023-03-17,9831
8390,金益鼎,16,1,15,元大-四維,2023-03-17,9831
2834,臺企銀,45,30,15,元大-四維,2023-03-17,9831
00753L,中信中國50正2,15,1,14,元大-四維,2023-03-17,9831
2615,萬海,13,0,13,元大-四維,2023-03-17,9831
2014,中鴻,14,1,13,元大-四維,2023-03-17,9831
2233,宇隆,13,0,13,元大-四維,2023-03-17,9831
4958,臻鼎-KY,13,1,12,元大-四維,2023-03-17,9831
6449,鈺邦,12,0,12,元大-四維,2023-03-17,9831
2359,所羅門,18,6,12,元大-四維,2023-03-17,9831
6277,宏正,12,0,12,元大-四維,2023-03-17,9831
1101,台泥,13,1,12,元大-四維,2023-03-17,9831
2388,威盛,26,15,11,元大-四維,2023-03-17,9831
00885,富邦越南,11,0,11,元大-四維,2023-03-17,9831
00715L,期街口布蘭特正2,459,150,309,元大-四維,2023-03-20,9831
3481,群創,217,20,197,元大-四維,2023-03-20,9831
1605,華新,113,18,95,元大-四維,2023-03-20,9831
8936,國統,112,32,80,元大-四維,2023-03-20,9831
2882,國泰金,79,8,71,元大-四維,2023-03-20,9831
3017,奇鋐,83,22,61,元大-四維,2023-03-20,9831
00885,富邦越南,53,0,53,元大-四維,2023-03-20,9831
00637L,元大滬深300正2,83,40,43,元大-四維,2023-03-20,9831
00665L,富邦�琤肭磪囓�2,41,0,41,元大-四維,2023-03-20,9831
1219,福壽,40,0,40,元大-四維,2023-03-20,9831
1713,國化,39,0,39,元大-四維,2023-03-20,9831
2534,宏盛,35,0,35,元大-四維,2023-03-20,9831
00878,國泰永續高股息,54,19,35,元大-四維,2023-03-20,9831
4543,萬在,32,0,32,元大-四維,2023-03-20,9831
6244,茂迪,93,61,32,元大-四維,2023-03-20,9831
3703,欣陸,30,0,30,元大-四維,2023-03-20,9831
3056,富華新,30,3,27,元大-四維,2023-03-20,9831
2359,所羅門,32,5,27,元大-四維,2023-03-20,9831
2014,中鴻,26,3,23,元大-四維,2023-03-20,9831
6770,力積電,21,1,20,元大-四維,2023-03-20,9831
3047,訊舟,20,0,20,元大-四維,2023-03-20,9831
6282,康舒,28,10,18,元大-四維,2023-03-20,9831
2881,富邦金,17,0,17,元大-四維,2023-03-20,9831
4979,華星光,22,5,17,元大-四維,2023-03-20,9831
2884,玉山金,18,1,17,元大-四維,2023-03-20,9831
1108,幸福,21,4,17,元大-四維,2023-03-20,9831
2317,鴻海,23,8,15,元大-四維,2023-03-20,9831
5608,四維航,15,0,15,元大-四維,2023-03-20,9831
6148,驊宏資,15,0,15,元大-四維,2023-03-20,9831
1718,中纖,20,5,15,元大-四維,2023-03-20,9831
2883,凱基金,20,6,14,元大-四維,2023-03-20,9831
1475,業旺,14,0,14,元大-四維,2023-03-20,9831
00738U,期元大道瓊白銀,14,0,14,元大-四維,2023-03-20,9831
2462,良得電,16,3,13,元大-四維,2023-03-20,9831
9904,寶成,13,0,13,元大-四維,2023-03-20,9831
2387,精元,20,7,13,元大-四維,2023-03-20,9831
5465,富驊,14,2,12,元大-四維,2023-03-20,9831
4916,事欣科,12,0,12,元大-四維,2023-03-20,9831
6274,台燿,15,3,12,元大-四維,2023-03-20,9831
00642U,期元大S＆P石油,32,20,12,元大-四維,2023-03-20,9831
5880,合庫金,12,1,11,元大-四維,2023-03-20,9831
2885,元大金,16,5,11,元大-四維,2023-03-20,9831
3005,神基,11,0,11,元大-四維,2023-03-20,9831
1609,大亞,19,8,11,元大-四維,2023-03-20,9831
2845,遠東銀,11,0,11,元大-四維,2023-03-20,9831
2457,飛宏,49,38,11,元大-四維,2023-03-20,9831
2409,友達,11,0,11,元大-四維,2023-03-20,9831
2887,台新金,10,0,10,元大-四維,2023-03-20,9831
6190,萬泰科,18,8,10,元大-四維,2023-03-20,9831
8210,勤誠,10,0,10,元大-四維,2023-03-20,9831
6443,元晶,251,33,218,元大-四維,2023-03-21,9831
2891,中信金,199,44,155,元大-四維,2023-03-21,9831
00712,復華富時不動產,123,6,117,元大-四維,2023-03-21,9831
1440,南紡,61,1,60,元大-四維,2023-03-21,9831
3520,華盈,60,0,60,元大-四維,2023-03-21,9831
2409,友達,78,23,55,元大-四維,2023-03-21,9831
00679B,元大美債20年,52,2,50,元大-四維,2023-03-21,9831
2897,王道銀行,50,1,49,元大-四維,2023-03-21,9831
5371,中光電,62,14,48,元大-四維,2023-03-21,9831
2427,三商電,52,4,48,元大-四維,2023-03-21,9831
00632R,元大台灣50反1,51,7,44,元大-四維,2023-03-21,9831
3711,日月光投控,44,0,44,元大-四維,2023-03-21,9831
5469,瀚宇博,38,0,38,元大-四維,2023-03-21,9831
00885,富邦越南,52,15,37,元大-四維,2023-03-21,9831
2006,東和鋼鐵,30,0,30,元大-四維,2023-03-21,9831
6188,廣明,50,20,30,元大-四維,2023-03-21,9831
2388,威盛,37,8,29,元大-四維,2023-03-21,9831
8390,金益鼎,28,0,28,元大-四維,2023-03-21,9831
6770,力積電,31,4,27,元大-四維,2023-03-21,9831
2610,華航,26,1,25,元大-四維,2023-03-21,9831
2609,陽明,22,0,22,元大-四維,2023-03-21,9831
2888,新光金,25,3,22,元大-四維,2023-03-21,9831
2457,飛宏,81,59,22,元大-四維,2023-03-21,9831
3321,同泰,21,0,21,元大-四維,2023-03-21,9831
3441,聯一光,20,0,20,元大-四維,2023-03-21,9831
2884,玉山金,20,0,20,元大-四維,2023-03-21,9831
6257,矽格,19,0,19,元大-四維,2023-03-21,9831
6163,華電網,50,32,18,元大-四維,2023-03-21,9831
2387,精元,20,2,18,元大-四維,2023-03-21,9831
6670,復盛應用,18,2,16,元大-四維,2023-03-21,9831
6191,精成科,21,5,16,元大-四維,2023-03-21,9831
6753,龍德造船,15,0,15,元大-四維,2023-03-21,9831
5880,合庫金,16,2,14,元大-四維,2023-03-21,9831
3540,曜越,14,0,14,元大-四維,2023-03-21,9831
2645,長榮航太,14,0,14,元大-四維,2023-03-21,9831
3443,創意,15,1,14,元大-四維,2023-03-21,9831
8171,天宇,15,2,13,元大-四維,2023-03-21,9831
1101,台泥,13,1,12,元大-四維,2023-03-21,9831
3047,訊舟,12,0,12,元大-四維,2023-03-21,9831
2408,南亞科,12,0,12,元大-四維,2023-03-21,9831
6531,愛普*,23,12,11,元大-四維,2023-03-21,9831
5009,榮剛,20,9,11,元大-四維,2023-03-21,9831
3362,先進光,12,1,11,元大-四維,2023-03-21,9831
2515,中工,11,0,11,元大-四維,2023-03-21,9831
6509,聚和,11,0,11,元大-四維,2023-03-21,9831
2329,華泰,12,2,10,元大-四維,2023-03-21,9831
2401,凌陽,10,0,10,元大-四維,2023-03-21,9831
1473,台南,10,0,10,元大-四維,2023-03-21,9831
1701,中化,10,0,10,元大-四維,2023-03-21,9831
8234,新漢,10,0,10,元大-四維,2023-03-21,9831
00632R,元大台灣50反1,480,0,480,元大-四維,2023-03-22,9831
3481,群創,248,52,196,元大-四維,2023-03-22,9831
6443,元晶,209,42,167,元大-四維,2023-03-22,9831
2409,友達,152,6,146,元大-四維,2023-03-22,9831
00712,復華富時不動產,102,0,102,元大-四維,2023-03-22,9831
8114,振樺電,90,0,90,元大-四維,2023-03-22,9831
3047,訊舟,99,15,84,元大-四維,2023-03-22,9831
2618,長榮航,91,15,76,元大-四維,2023-03-22,9831
2457,飛宏,106,35,71,元大-四維,2023-03-22,9831
8112,至上,62,2,60,元大-四維,2023-03-22,9831
1810,和成,50,0,50,元大-四維,2023-03-22,9831
00882,中信中國高股息,50,0,50,元大-四維,2023-03-22,9831
2537,聯上發,49,0,49,元大-四維,2023-03-22,9831
2634,漢翔,53,8,45,元大-四維,2023-03-22,9831
00905,FT臺灣Smart,40,0,40,元大-四維,2023-03-22,9831
4129,聯合,40,2,38,元大-四維,2023-03-22,9831
00679B,元大美債20年,38,2,36,元大-四維,2023-03-22,9831
6425,易發,33,0,33,元大-四維,2023-03-22,9831
2605,新興,40,13,27,元大-四維,2023-03-22,9831
1584,精剛,27,1,26,元大-四維,2023-03-22,9831
1101,台泥,25,2,23,元大-四維,2023-03-22,9831
3059,華晶科,26,3,23,元大-四維,2023-03-22,9831
4167,松瑞藥,46,26,20,元大-四維,2023-03-22,9831
00637L,元大滬深300正2,30,10,20,元大-四維,2023-03-22,9831
2360,致茂,23,3,20,元大-四維,2023-03-22,9831
6116,彩晶,20,0,20,元大-四維,2023-03-22,9831
4128,中天,21,2,19,元大-四維,2023-03-22,9831
3715,定穎投控,19,0,19,元大-四維,2023-03-22,9831
6134,萬旭,19,0,19,元大-四維,2023-03-22,9831
1513,中興電,23,5,18,元大-四維,2023-03-22,9831
2881,富邦金,20,3,17,元大-四維,2023-03-22,9831
2482,連宇,75,59,16,元大-四維,2023-03-22,9831
2413,環科,18,2,16,元大-四維,2023-03-22,9831
00650L,復華香港正2,15,0,15,元大-四維,2023-03-22,9831
3441,聯一光,15,0,15,元大-四維,2023-03-22,9831
6770,力積電,37,22,15,元大-四維,2023-03-22,9831
2880,華南金,14,0,14,元大-四維,2023-03-22,9831
6127,九豪,14,0,14,元大-四維,2023-03-22,9831
2436,偉詮電,15,1,14,元大-四維,2023-03-22,9831
3038,全台,17,5,12,元大-四維,2023-03-22,9831
4909,新復興,12,0,12,元大-四維,2023-03-22,9831
1565,精華,12,0,12,元大-四維,2023-03-22,9831
2462,良得電,12,0,12,元大-四維,2023-03-22,9831
1611,中電,12,0,12,元大-四維,2023-03-22,9831
00885,富邦越南,12,0,12,元大-四維,2023-03-22,9831
2609,陽明,17,6,11,元大-四維,2023-03-22,9831
00772B,中信高評級公司債,11,0,11,元大-四維,2023-03-22,9831
1201,味全,11,0,11,元大-四維,2023-03-22,9831
5014,建錩,11,0,11,元大-四維,2023-03-22,9831
2338,光罩,12,2,10,元大-四維,2023-03-22,9831
00712,復華富時不動產,208,0,208,元大-四維,2023-03-23,9831
3081,聯亞,110,16,94,元大-四維,2023-03-23,9831
2634,漢翔,105,17,88,元大-四維,2023-03-23,9831
3481,群創,252,181,71,元大-四維,2023-03-23,9831
1219,福壽,70,0,70,元大-四維,2023-03-23,9831
3441,聯一光,71,2,69,元大-四維,2023-03-23,9831
1440,南紡,60,1,59,元大-四維,2023-03-23,9831
3338,泰碩,102,46,56,元大-四維,2023-03-23,9831
2453,凌群,69,15,54,元大-四維,2023-03-23,9831
00882,中信中國高股息,50,9,41,元大-四維,2023-03-23,9831
3432,台端,45,4,41,元大-四維,2023-03-23,9831
6163,華電網,67,29,38,元大-四維,2023-03-23,9831
3605,宏致,30,0,30,元大-四維,2023-03-23,9831
6190,萬泰科,30,0,30,元大-四維,2023-03-23,9831
2618,長榮航,36,8,28,元大-四維,2023-03-23,9831
2413,環科,31,4,27,元大-四維,2023-03-23,9831
3059,華晶科,36,9,27,元大-四維,2023-03-23,9831
5608,四維航,51,26,25,元大-四維,2023-03-23,9831
00885,富邦越南,23,0,23,元大-四維,2023-03-23,9831
6288,聯嘉,29,7,22,元大-四維,2023-03-23,9831
00897,富邦基因免疫生技,20,0,20,元大-四維,2023-03-23,9831
3027,盛達,24,4,20,元大-四維,2023-03-23,9831
1313,聯成,20,0,20,元大-四維,2023-03-23,9831
8927,北基,20,1,19,元大-四維,2023-03-23,9831
2481,強茂,21,3,18,元大-四維,2023-03-23,9831
2002,中鋼,22,4,18,元大-四維,2023-03-23,9831
2880,華南金,18,1,17,元大-四維,2023-03-23,9831
3038,全台,21,4,17,元大-四維,2023-03-23,9831
00680L,元大美債20正2,16,0,16,元大-四維,2023-03-23,9831
3652,精聯,39,23,16,元大-四維,2023-03-23,9831
4958,臻鼎-KY,16,1,15,元大-四維,2023-03-23,9831
2834,臺企銀,15,0,15,元大-四維,2023-03-23,9831
2883,凱基金,19,5,14,元大-四維,2023-03-23,9831
2388,威盛,16,2,14,元大-四維,2023-03-23,9831
00888,永豐台灣ESG,14,0,14,元大-四維,2023-03-23,9831
2609,陽明,33,20,13,元大-四維,2023-03-23,9831
2603,長榮,19,6,13,元大-四維,2023-03-23,9831
3322,建舜電,29,17,12,元大-四維,2023-03-23,9831
8201,無敵,12,0,12,元大-四維,2023-03-23,9831
2428,興勤,11,0,11,元大-四維,2023-03-23,9831
1216,統一,11,0,11,元大-四維,2023-03-23,9831
00893,國泰智能電動車,30,19,11,元大-四維,2023-03-23,9831
1102,亞泥,11,0,11,元大-四維,2023-03-23,9831
00901,永豐智能車供應鏈,10,0,10,元大-四維,2023-03-23,9831
1589,永冠-KY,13,3,10,元大-四維,2023-03-23,9831
3483,力致,14,4,10,元大-四維,2023-03-23,9831
6215,和椿,10,0,10,元大-四維,2023-03-23,9831
6127,九豪,10,0,10,元大-四維,2023-03-23,9831
3552,同致,11,1,10,元大-四維,2023-03-23,9831
5011,久陽,10,0,10,元大-四維,2023-03-23,9831
2332,友訊,174,5,169,元大-四維,2023-03-24,9831
3231,緯創,152,88,64,元大-四維,2023-03-24,9831
00892,富邦台灣半導體,63,0,63,元大-四維,2023-03-24,9831
2883,凱基金,62,0,62,元大-四維,2023-03-24,9831
2208,台船,90,32,58,元大-四維,2023-03-24,9831
00632R,元大台灣50反1,57,0,57,元大-四維,2023-03-24,9831
00905,FT臺灣Smart,50,0,50,元大-四維,2023-03-24,9831
2537,聯上發,50,0,50,元大-四維,2023-03-24,9831
00891,中信關鍵半導體,68,19,49,元大-四維,2023-03-24,9831
2453,凌群,76,27,49,元大-四維,2023-03-24,9831
8936,國統,61,15,46,元大-四維,2023-03-24,9831
2449,京元電子,47,2,45,元大-四維,2023-03-24,9831
00878,國泰永續高股息,87,46,41,元大-四維,2023-03-24,9831
2201,裕隆,47,6,41,元大-四維,2023-03-24,9831
2329,華泰,38,1,37,元大-四維,2023-03-24,9831
3499,環天科,47,11,36,元大-四維,2023-03-24,9831
2474,可成,36,0,36,元大-四維,2023-03-24,9831
6266,泰詠,33,0,33,元大-四維,2023-03-24,9831
2444,兆勁,29,0,29,元大-四維,2023-03-24,9831
2002,中鋼,32,3,29,元大-四維,2023-03-24,9831
6606,建德工業,29,1,28,元大-四維,2023-03-24,9831
2006,東和鋼鐵,28,0,28,元大-四維,2023-03-24,9831
8227,巨有科技,25,0,25,元大-四維,2023-03-24,9831
00725B,國泰投資級公司債,25,1,24,元大-四維,2023-03-24,9831
6233,旺玖,24,1,23,元大-四維,2023-03-24,9831
5258,虹堡,23,3,20,元大-四維,2023-03-24,9831
5443,均豪,20,0,20,元大-四維,2023-03-24,9831
2337,旺宏,21,1,20,元大-四維,2023-03-24,9831
2421,建準,25,5,20,元大-四維,2023-03-24,9831
00885,富邦越南,20,1,19,元大-四維,2023-03-24,9831
5469,瀚宇博,20,1,19,元大-四維,2023-03-24,9831
8024,佑華,22,3,19,元大-四維,2023-03-24,9831
5263,智崴,19,0,19,元大-四維,2023-03-24,9831
3059,華晶科,20,2,18,元大-四維,2023-03-24,9831
3664,安瑞-KY,15,0,15,元大-四維,2023-03-24,9831
00637L,元大滬深300正2,19,4,15,元大-四維,2023-03-24,9831
2891,中信金,14,0,14,元大-四維,2023-03-24,9831
3338,泰碩,18,4,14,元大-四維,2023-03-24,9831
8478,東哥遊艇,54,40,14,元大-四維,2023-03-24,9831
6443,元晶,31,17,14,元大-四維,2023-03-24,9831
00712,復華富時不動產,13,0,13,元大-四維,2023-03-24,9831
3501,維熹,13,0,13,元大-四維,2023-03-24,9831
1524,耿鼎,15,2,13,元大-四維,2023-03-24,9831
6425,易發,12,0,12,元大-四維,2023-03-24,9831
2065,世豐,12,0,12,元大-四維,2023-03-24,9831
00671R,富邦NASDAQ反1,12,0,12,元大-四維,2023-03-24,9831
00902,中信電池及儲能,12,0,12,元大-四維,2023-03-24,9831
6782,視陽,13,1,12,元大-四維,2023-03-24,9831
4903,聯光通,14,2,12,元大-四維,2023-03-24,9831
5009,榮剛,15,3,12,元大-四維,2023-03-24,9831
3481,群創,209,0,209,元大-四維,2023-03-27,9831
00882,中信中國高股息,152,3,149,元大-四維,2023-03-27,9831
2105,正新,139,15,124,元大-四維,2023-03-27,9831
1605,華新,127,13,114,元大-四維,2023-03-27,9831
2065,世豐,91,2,89,元大-四維,2023-03-27,9831
2006,東和鋼鐵,73,0,73,元大-四維,2023-03-27,9831
4906,正文,90,25,65,元大-四維,2023-03-27,9831
00712,復華富時不動產,58,1,57,元大-四維,2023-03-27,9831
6188,廣明,53,0,53,元大-四維,2023-03-27,9831
2317,鴻海,45,5,40,元大-四維,2023-03-27,9831
6156,松上,40,0,40,元大-四維,2023-03-27,9831
8255,朋程,39,1,38,元大-四維,2023-03-27,9831
2634,漢翔,76,38,38,元大-四維,2023-03-27,9831
00637L,元大滬深300正2,40,3,37,元大-四維,2023-03-27,9831
3714,富采,67,32,35,元大-四維,2023-03-27,9831
1609,大亞,55,21,34,元大-四維,2023-03-27,9831
00893,國泰智能電動車,32,1,31,元大-四維,2023-03-27,9831
00900,富邦特選高股息30,36,6,30,元大-四維,2023-03-27,9831
5284,jpp-KY,31,1,30,元大-四維,2023-03-27,9831
4950,牧東,30,0,30,元大-四維,2023-03-27,9831
3037,欣興,40,16,24,元大-四維,2023-03-27,9831
00878,國泰永續高股息,37,12,25,元大-四維,2023-03-27,9831
2603,長榮,37,12,25,元大-四維,2023-03-27,9831
2368,金像電,36,12,24,元大-四維,2023-03-27,9831
3552,同致,24,1,23,元大-四維,2023-03-27,9831
5210,寶碩,22,0,22,元大-四維,2023-03-27,9831
6244,茂迪,43,22,21,元大-四維,2023-03-27,9831
3011,今皓,20,0,20,元大-四維,2023-03-27,9831
00650L,復華香港正2,20,0,20,元大-四維,2023-03-27,9831
2393,億光,20,0,20,元大-四維,2023-03-27,9831
6133,金橋,23,3,20,元大-四維,2023-03-27,9831
1440,南紡,20,0,20,元大-四維,2023-03-27,9831
3715,定穎投控,26,7,19,元大-四維,2023-03-27,9831
2332,友訊,22,3,19,元大-四維,2023-03-27,9831
00922,國泰台灣領袖50,18,0,18,元大-四維,2023-03-27,9831
4979,華星光,21,3,18,元大-四維,2023-03-27,9831
2476,鉅祥,18,1,17,元大-四維,2023-03-27,9831
3035,智原,23,6,17,元大-四維,2023-03-27,9831
2002,中鋼,19,4,15,元大-四維,2023-03-27,9831
1504,東元,105,90,15,元大-四維,2023-03-27,9831
8227,巨有科技,15,0,15,元大-四維,2023-03-27,9831
00905,FT臺灣Smart,16,1,15,元大-四維,2023-03-27,9831
3356,奇偶,15,1,14,元大-四維,2023-03-27,9831
2344,華邦電,28,15,13,元大-四維,2023-03-27,9831
00679B,元大美債20年,13,0,13,元大-四維,2023-03-27,9831
3081,聯亞,23,10,13,元大-四維,2023-03-27,9831
8938,明安,13,1,12,元大-四維,2023-03-27,9831
00888,永豐台灣ESG,17,6,11,元大-四維,2023-03-27,9831
3046,建��,11,0,11,元大-四維,2023-03-27,9831
1319,東陽,15,4,11,元大-四維,2023-03-27,9831
3047,訊舟,106,4,102,元大-四維,2023-03-28,9831
00679B,元大美債20年,79,0,79,元大-四維,2023-03-28,9831
00900,富邦特選高股息30,62,0,62,元大-四維,2023-03-28,9831
3520,華盈,60,0,60,元大-四維,2023-03-28,9831
3706,神達,61,3,58,元大-四維,2023-03-28,9831
4128,中天,53,2,51,元大-四維,2023-03-28,9831
8112,至上,50,1,49,元大-四維,2023-03-28,9831
3714,富采,52,4,48,元大-四維,2023-03-28,9831
020029,元大ESG高股息N,45,0,45,元大-四維,2023-03-28,9831
00878,國泰永續高股息,55,12,43,元大-四維,2023-03-28,9831
8936,國統,42,2,40,元大-四維,2023-03-28,9831
2344,華邦電,44,6,38,元大-四維,2023-03-28,9831
00891,中信關鍵半導體,35,0,35,元大-四維,2023-03-28,9831
1605,華新,91,57,34,元大-四維,2023-03-28,9831
8227,巨有科技,33,0,33,元大-四維,2023-03-28,9831
3037,欣興,83,51,32,元大-四維,2023-03-28,9831
2303,聯電,36,4,32,元大-四維,2023-03-28,9831
6128,上福,31,0,31,元大-四維,2023-03-28,9831
6163,華電網,31,0,31,元大-四維,2023-03-28,9831
00882,中信中國高股息,40,10,30,元大-四維,2023-03-28,9831
2421,建準,34,5,29,元大-四維,2023-03-28,9831
2453,凌群,34,5,29,元大-四維,2023-03-28,9831
2498,宏達電,36,9,27,元大-四維,2023-03-28,9831
3441,聯一光,25,0,25,元大-四維,2023-03-28,9831
8046,南電,38,13,25,元大-四維,2023-03-28,9831
1101,台泥,35,10,25,元大-四維,2023-03-28,9831
00773B,中信優先金融債,24,0,24,元大-四維,2023-03-28,9831
9907,統一實,25,1,24,元大-四維,2023-03-28,9831
3035,智原,36,13,23,元大-四維,2023-03-28,9831
1584,精剛,28,5,23,元大-四維,2023-03-28,9831
1504,東元,49,27,22,元大-四維,2023-03-28,9831
1609,大亞,27,6,21,元大-四維,2023-03-28,9831
4958,臻鼎-KY,21,0,21,元大-四維,2023-03-28,9831
2537,聯上發,21,0,21,元大-四維,2023-03-28,9831
6443,元晶,48,28,20,元大-四維,2023-03-28,9831
1216,統一,22,2,20,元大-四維,2023-03-28,9831
8234,新漢,20,0,20,元大-四維,2023-03-28,9831
2731,雄獅,29,10,19,元大-四維,2023-03-28,9831
2342,茂矽,57,38,19,元大-四維,2023-03-28,9831
1524,耿鼎,20,2,18,元大-四維,2023-03-28,9831
6116,彩晶,18,0,18,元大-四維,2023-03-28,9831
2609,陽明,19,3,16,元大-四維,2023-03-28,9831
5450,南良,16,0,16,元大-四維,2023-03-28,9831
3290,東浦,20,4,16,元大-四維,2023-03-28,9831
4162,智擎,17,1,16,元大-四維,2023-03-28,9831
2340,台亞,25,9,16,元大-四維,2023-03-28,9831
4960,誠美材,16,0,16,元大-四維,2023-03-28,9831
3504,揚明光,15,0,15,元大-四維,2023-03-28,9831
8028,昇陽半導體,15,0,15,元大-四維,2023-03-28,9831
6127,九豪,15,0,15,元大-四維,2023-03-28,9831
00632R,元大台灣50反1,505,0,505,元大-四維,2023-03-29,9831
3221,台嘉碩,114,0,114,元大-四維,2023-03-29,9831
1522,堤維西,71,1,70,元大-四維,2023-03-29,9831
6191,精成科,70,0,70,元大-四維,2023-03-29,9831
00669R,國泰美國道瓊反1,60,0,60,元大-四維,2023-03-29,9831
3047,訊舟,58,2,56,元大-四維,2023-03-29,9831
2634,漢翔,51,1,50,元大-四維,2023-03-29,9831
3231,緯創,66,25,41,元大-四維,2023-03-29,9831
2609,陽明,43,9,34,元大-四維,2023-03-29,9831
00922,國泰台灣領袖50,27,0,27,元大-四維,2023-03-29,9831
2303,聯電,72,46,26,元大-四維,2023-03-29,9831
5243,乙盛-KY,40,14,26,元大-四維,2023-03-29,9831
5210,寶碩,26,0,26,元大-四維,2023-03-29,9831
2399,映泰,21,0,21,元大-四維,2023-03-29,9831
3430,奇鈦科,21,0,21,元大-四維,2023-03-29,9831
00679B,元大美債20年,22,2,20,元大-四維,2023-03-29,9831
00650L,復華香港正2,24,4,20,元大-四維,2023-03-29,9831
3714,富采,25,7,18,元大-四維,2023-03-29,9831
00900,富邦特選高股息30,17,0,17,元大-四維,2023-03-29,9831
5263,智崴,16,0,16,元大-四維,2023-03-29,9831
5315,光聯,16,0,16,元大-四維,2023-03-29,9831
00891,中信關鍵半導體,15,0,15,元大-四維,2023-03-29,9831
6127,九豪,15,0,15,元大-四維,2023-03-29,9831
3489,森寶,15,0,15,元大-四維,2023-03-29,9831
2408,南亞科,15,1,14,元大-四維,2023-03-29,9831
2641,正德,15,1,14,元大-四維,2023-03-29,9831
1314,中石化,13,0,13,元大-四維,2023-03-29,9831
2002,中鋼,13,1,12,元大-四維,2023-03-29,9831
3056,富華新,12,0,12,元大-四維,2023-03-29,9831
6139,亞翔,12,0,12,元大-四維,2023-03-29,9831
2453,凌群,21,9,12,元大-四維,2023-03-29,9831
6274,台燿,11,0,11,元大-四維,2023-03-29,9831
2344,華邦電,12,1,11,元大-四維,2023-03-29,9831
8046,南電,12,1,11,元大-四維,2023-03-29,9831
8069,元太,14,3,11,元大-四維,2023-03-29,9831
2482,連宇,12,1,11,元大-四維,2023-03-29,9831
2340,台亞,14,3,11,元大-四維,2023-03-29,9831
1460,宏遠,11,0,11,元大-四維,2023-03-29,9831
4919,新唐,11,1,10,元大-四維,2023-03-29,9831
2371,大同,23,13,10,元大-四維,2023-03-29,9831
6509,聚和,10,0,10,元大-四維,2023-03-29,9831
3362,先進光,11,1,10,元大-四維,2023-03-29,9831
911608,明輝-DR,10,0,10,元大-四維,2023-03-29,9831
2881,富邦金,13,3,10,元大-四維,2023-03-29,9831
9958,世紀鋼,10,1,9,元大-四維,2023-03-29,9831
2402,毅嘉,13,4,9,元大-四維,2023-03-29,9831
00772B,中信高評級公司債,8,0,8,元大-四維,2023-03-29,9831
2449,京元電子,11,3,8,元大-四維,2023-03-29,9831
3162,精確,9,1,8,元大-四維,2023-03-29,9831
1605,華新,27,19,8,元大-四維,2023-03-29,9831
6443,元晶,158,5,153,元大-四維,2023-03-30,9831
2534,宏盛,130,0,130,元大-四維,2023-03-30,9831
00664R,國泰臺灣加權反1,100,0,100,元大-四維,2023-03-30,9831
3037,欣興,117,38,79,元大-四維,2023-03-30,9831
3706,神達,71,0,71,元大-四維,2023-03-30,9831
2888,新光金,66,3,63,元大-四維,2023-03-30,9831
2889,國票金,52,0,52,元大-四維,2023-03-30,9831
1528,恩德,82,31,51,元大-四維,2023-03-30,9831
2453,凌群,37,2,35,元大-四維,2023-03-30,9831
2419,仲琦,31,1,30,元大-四維,2023-03-30,9831
2883,凱基金,38,10,28,元大-四維,2023-03-30,9831
00882,中信中國高股息,28,0,28,元大-四維,2023-03-30,9831
5475,德宏,27,0,27,元大-四維,2023-03-30,9831
1605,華新,27,3,24,元大-四維,2023-03-30,9831
2618,長榮航,20,0,20,元大-四維,2023-03-30,9831
2610,華航,19,1,18,元大-四維,2023-03-30,9831
3715,定穎投控,24,6,18,元大-四維,2023-03-30,9831
2881,富邦金,16,0,16,元大-四維,2023-03-30,9831
1339,昭輝,21,5,16,元大-四維,2023-03-30,9831
8110,華東,15,0,15,元大-四維,2023-03-30,9831
3038,全台,20,5,15,元大-四維,2023-03-30,9831
2609,陽明,17,3,14,元大-四維,2023-03-30,9831
2884,玉山金,16,2,14,元大-四維,2023-03-30,9831
2402,毅嘉,13,0,13,元大-四維,2023-03-30,9831
2891,中信金,12,0,12,元大-四維,2023-03-30,9831
5243,乙盛-KY,16,4,12,元大-四維,2023-03-30,9831
3312,弘憶股,12,0,12,元大-四維,2023-03-30,9831
6752,叡揚,12,0,12,元大-四維,2023-03-30,9831
4906,正文,30,18,12,元大-四維,2023-03-30,9831
1522,堤維西,13,1,12,元大-四維,2023-03-30,9831
6139,亞翔,12,0,12,元大-四維,2023-03-30,9831
3338,泰碩,17,6,11,元大-四維,2023-03-30,9831
4114,健喬,11,0,11,元大-四維,2023-03-30,9831
4979,華星光,18,7,11,元大-四維,2023-03-30,9831
2890,永豐金,11,0,11,元大-四維,2023-03-30,9831
8222,寶一,13,2,11,元大-四維,2023-03-30,9831
3402,漢科,10,0,10,元大-四維,2023-03-30,9831
3230,錦明,10,0,10,元大-四維,2023-03-30,9831
1609,大亞,31,21,10,元大-四維,2023-03-30,9831
1612,宏泰,10,0,10,元大-四維,2023-03-30,9831
2014,中鴻,11,1,10,元大-四維,2023-03-30,9831
6190,萬泰科,12,2,10,元大-四維,2023-03-30,9831
1220,台榮,10,0,10,元大-四維,2023-03-30,9831
4128,中天,12,2,10,元大-四維,2023-03-30,9831
00632R,元大台灣50反1,10,0,10,元大-四維,2023-03-30,9831
6589,台康生技,10,0,10,元大-四維,2023-03-30,9831
00915,凱基優選高股息30,10,0,10,元大-四維,2023-03-30,9831
6550,北極星藥業-KY,12,2,10,元大-四維,2023-03-30,9831
2504,國產,10,1,9,元大-四維,2023-03-30,9831
020022,元大電動車N,11,3,8,元大-四維,2023-03-30,9831
00632R,元大台灣50反1,622,0,622,元大-四維,2023-03-31,9831
5351,鈺創,320,30,290,元大-四維,2023-03-31,9831
2409,友達,141,0,141,元大-四維,2023-03-31,9831
2889,國票金,130,5,125,元大-四維,2023-03-31,9831
00720B,元大投資級公司債,112,0,112,元大-四維,2023-03-31,9831
6129,普誠,85,0,85,元大-四維,2023-03-31,9831
1506,正道,54,0,54,元大-四維,2023-03-31,9831
00712,復華富時不動產,54,2,52,元大-四維,2023-03-31,9831
1708,東鹼,51,0,51,元大-四維,2023-03-31,9831
2025,千興,50,0,50,元大-四維,2023-03-31,9831
1440,南紡,40,0,40,元大-四維,2023-03-31,9831
1795,美時,33,0,33,元大-四維,2023-03-31,9831
1776,展宇,27,0,27,元大-四維,2023-03-31,9831
2317,鴻海,27,2,25,元大-四維,2023-03-31,9831
00650L,復華香港正2,25,0,25,元大-四維,2023-03-31,9831
1513,中興電,42,18,24,元大-四維,2023-03-31,9831
5483,中美晶,22,0,22,元大-四維,2023-03-31,9831
3607,谷崧,19,0,19,元大-四維,2023-03-31,9831
2457,飛宏,77,59,18,元大-四維,2023-03-31,9831
3035,智原,26,8,18,元大-四維,2023-03-31,9831
3689,湧德,18,0,18,元大-四維,2023-03-31,9831
6133,金橋,23,5,18,元大-四維,2023-03-31,9831
3706,神達,15,0,15,元大-四維,2023-03-31,9831
3711,日月光投控,17,2,15,元大-四維,2023-03-31,9831
00901,永豐智能車供應鏈,14,0,14,元大-四維,2023-03-31,9831
00679B,元大美債20年,14,0,14,元大-四維,2023-03-31,9831
1603,華電,13,0,13,元大-四維,2023-03-31,9831
5465,富驊,27,14,13,元大-四維,2023-03-31,9831
5871,中租-KY,12,0,12,元大-四維,2023-03-31,9831
3081,聯亞,13,1,12,元大-四維,2023-03-31,9831
3664,安瑞-KY,13,1,12,元大-四維,2023-03-31,9831
6770,力積電,14,2,12,元大-四維,2023-03-31,9831
1524,耿鼎,12,0,12,元大-四維,2023-03-31,9831
3088,艾訊,14,3,11,元大-四維,2023-03-31,9831
6134,萬旭,14,3,11,元大-四維,2023-03-31,9831
8121,越峰,11,0,11,元大-四維,2023-03-31,9831
3005,神基,12,2,10,元大-四維,2023-03-31,9831
1313,聯成,10,0,10,元大-四維,2023-03-31,9831
1473,台南,10,0,10,元大-四維,2023-03-31,9831
8105,凌巨,11,1,10,元大-四維,2023-03-31,9831
3162,精確,12,2,10,元大-四維,2023-03-31,9831
4976,佳凌,21,11,10,元大-四維,2023-03-31,9831
2453,凌群,17,7,10,元大-四維,2023-03-31,9831
6111,大宇資,10,0,10,元大-四維,2023-03-31,9831
3625,西勝,10,0,10,元大-四維,2023-03-31,9831
5498,凱崴,10,0,10,元大-四維,2023-03-31,9831
8926,台汽電,11,2,9,元大-四維,2023-03-31,9831
5371,中光電,11,2,9,元大-四維,2023-03-31,9831
8916,光隆,10,1,9,元大-四維,2023-03-31,9831
6290,良維,13,4,9,元大-四維,2023-03-31,9831
00636,國泰中國A50,100,0,100,元大-四維,2023-04-06,9831
8069,元太,77,6,71,元大-四維,2023-04-06,9831
00712,復華富時不動產,62,0,62,元大-四維,2023-04-06,9831
006205,富邦上証,60,0,60,元大-四維,2023-04-06,9831
2344,華邦電,87,34,53,元大-四維,2023-04-06,9831
2031,新光鋼,50,0,50,元大-四維,2023-04-06,9831
5483,中美晶,47,2,45,元大-四維,2023-04-06,9831
7402,邑錡,32,0,32,元大-四維,2023-04-06,9831
00673R,期元大S＆P原油反1,31,0,31,元大-四維,2023-04-06,9831
5475,德宏,30,0,30,元大-四維,2023-04-06,9831
3664,安瑞-KY,29,1,28,元大-四維,2023-04-06,9831
8112,至上,30,4,26,元大-四維,2023-04-06,9831
2618,長榮航,31,6,25,元大-四維,2023-04-06,9831
1560,中砂,26,3,23,元大-四維,2023-04-06,9831
3056,富華新,26,4,22,元大-四維,2023-04-06,9831
3162,精確,22,0,22,元大-四維,2023-04-06,9831
2606,裕民,62,41,21,元大-四維,2023-04-06,9831
2436,偉詮電,37,17,20,元大-四維,2023-04-06,9831
3037,欣興,27,9,18,元大-四維,2023-04-06,9831
00893,國泰智能電動車,18,0,18,元大-四維,2023-04-06,9831
1809,中釉,18,0,18,元大-四維,2023-04-06,9831
6548,長科*,22,5,17,元大-四維,2023-04-06,9831
00891,中信關鍵半導體,15,0,15,元大-四維,2023-04-06,9831
00898,國泰基因免疫革命,15,0,15,元大-四維,2023-04-06,9831
1440,南紡,15,0,15,元大-四維,2023-04-06,9831
2891,中信金,14,0,14,元大-四維,2023-04-06,9831
2368,金像電,26,12,14,元大-四維,2023-04-06,9831
6290,良維,14,0,14,元大-四維,2023-04-06,9831
2317,鴻海,30,16,14,元大-四維,2023-04-06,9831
0056,元大高股息,15,2,13,元大-四維,2023-04-06,9831
2603,長榮,13,0,13,元大-四維,2023-04-06,9831
2454,聯發科,16,3,13,元大-四維,2023-04-06,9831
1783,和康生,13,0,13,元大-四維,2023-04-06,9831
4168,醣聯,13,0,13,元大-四維,2023-04-06,9831
4167,松瑞藥,33,20,13,元大-四維,2023-04-06,9831
3006,晶豪科,14,1,13,元大-四維,2023-04-06,9831
2027,大成鋼,14,2,12,元大-四維,2023-04-06,9831
3714,富采,12,0,12,元大-四維,2023-04-06,9831
3105,穩懋,13,1,12,元大-四維,2023-04-06,9831
2337,旺宏,23,12,11,元大-四維,2023-04-06,9831
2610,華航,11,0,11,元大-四維,2023-04-06,9831
6122,擎邦,13,2,11,元大-四維,2023-04-06,9831
00637L,元大滬深300正2,11,0,11,元大-四維,2023-04-06,9831
2890,永豐金,11,1,10,元大-四維,2023-04-06,9831
2332,友訊,20,10,10,元大-四維,2023-04-06,9831
1473,台南,10,0,10,元大-四維,2023-04-06,9831
4503,金雨,10,0,10,元大-四維,2023-04-06,9831
3518,柏騰,10,0,10,元大-四維,2023-04-06,9831
2611,志信,10,0,10,元大-四維,2023-04-06,9831
3625,西勝,10,0,10,元大-四維,2023-04-06,9831
2352,佳世達,221,4,217,元大-四維,2023-04-07,9831
2031,新光鋼,200,1,199,元大-四維,2023-04-07,9831
00637L,元大滬深300正2,108,34,74,元大-四維,2023-04-07,9831
00688L,國泰20年美債正2,64,0,64,元大-四維,2023-04-07,9831
2303,聯電,59,7,52,元大-四維,2023-04-07,9831
2812,台中銀,68,20,48,元大-四維,2023-04-07,9831
2436,偉詮電,46,1,45,元大-四維,2023-04-07,9831
00636,國泰中國A50,40,0,40,元大-四維,2023-04-07,9831
5531,鄉林,40,0,40,元大-四維,2023-04-07,9831
2208,台船,37,0,37,元大-四維,2023-04-07,9831
00753L,中信中國50正2,35,2,33,元大-四維,2023-04-07,9831
3664,安瑞-KY,32,1,31,元大-四維,2023-04-07,9831
2409,友達,31,0,31,元大-四維,2023-04-07,9831
2838,聯邦銀,30,0,30,元大-四維,2023-04-07,9831
00713,元大台灣高息低波,27,1,26,元大-四維,2023-04-07,9831
8072,陞泰,26,0,26,元大-四維,2023-04-07,9831
6477,安集,50,25,25,元大-四維,2023-04-07,9831
3046,建��,22,0,22,元大-四維,2023-04-07,9831
8440,綠電,21,0,21,元大-四維,2023-04-07,9831
8415,大國鋼,20,0,20,元大-四維,2023-04-07,9831
2867,三商壽,18,0,18,元大-四維,2023-04-07,9831
2457,飛宏,43,27,16,元大-四維,2023-04-07,9831
3430,奇鈦科,16,0,16,元大-四維,2023-04-07,9831
3056,富華新,17,1,16,元大-四維,2023-04-07,9831
2609,陽明,68,52,16,元大-四維,2023-04-07,9831
1717,長興,21,5,16,元大-四維,2023-04-07,9831
1605,華新,39,24,15,元大-四維,2023-04-07,9831
1783,和康生,17,2,15,元大-四維,2023-04-07,9831
6753,龍德造船,20,5,15,元大-四維,2023-04-07,9831
8383,千附,14,0,14,元大-四維,2023-04-07,9831
3711,日月光投控,22,8,14,元大-四維,2023-04-07,9831
1101,台泥,14,1,13,元大-四維,2023-04-07,9831
6127,九豪,13,0,13,元大-四維,2023-04-07,9831
2915,潤泰全,13,0,13,元大-四維,2023-04-07,9831
1513,中興電,42,29,13,元大-四維,2023-04-07,9831
00888,永豐台灣ESG,12,0,12,元大-四維,2023-04-07,9831
00885,富邦越南,22,10,12,元大-四維,2023-04-07,9831
6770,力積電,13,1,12,元大-四維,2023-04-07,9831
8112,至上,20,8,12,元大-四維,2023-04-07,9831
00902,中信電池及儲能,11,0,11,元大-四維,2023-04-07,9831
00712,復華富時不動產,10,0,10,元大-四維,2023-04-07,9831
6235,華孚,60,50,10,元大-四維,2023-04-07,9831
8916,光隆,10,0,10,元大-四維,2023-04-07,9831
1528,恩德,10,0,10,元大-四維,2023-04-07,9831
1584,精剛,10,0,10,元大-四維,2023-04-07,9831
3290,東浦,11,1,10,元大-四維,2023-04-07,9831
3189,景碩,11,1,10,元大-四維,2023-04-07,9831
912000,晨訊科-DR,10,0,10,元大-四維,2023-04-07,9831
00673R,期元大S＆P原油反1,10,0,10,元大-四維,2023-04-07,9831
5225,東科-KY,11,1,10,元大-四維,2023-04-07,9831
5531,鄉林,73,0,73,元大-四維,2023-04-10,9831
2376,技嘉,58,2,56,元大-四維,2023-04-10,9831
3481,群創,55,5,50,元大-四維,2023-04-10,9831
2002,中鋼,46,1,45,元大-四維,2023-04-10,9831
1314,中石化,48,5,43,元大-四維,2023-04-10,9831
00712,復華富時不動產,38,0,38,元大-四維,2023-04-10,9831
00679B,元大美債20年,40,4,36,元大-四維,2023-04-10,9831
3356,奇偶,34,0,34,元大-四維,2023-04-10,9831
2889,國票金,38,5,33,元大-四維,2023-04-10,9831
9907,統一實,32,0,32,元大-四維,2023-04-10,9831
00902,中信電池及儲能,30,0,30,元大-四維,2023-04-10,9831
3441,聯一光,39,9,30,元大-四維,2023-04-10,9831
2352,佳世達,29,0,29,元大-四維,2023-04-10,9831
8440,綠電,29,0,29,元大-四維,2023-04-10,9831
8163,達方,29,1,28,元大-四維,2023-04-10,9831
00633L,富邦上証正2,25,0,25,元大-四維,2023-04-10,9831
2539,櫻花建,24,0,24,元大-四維,2023-04-10,9831
2867,三商壽,21,0,21,元大-四維,2023-04-10,9831
3162,精確,22,1,21,元大-四維,2023-04-10,9831
1784,訊聯,23,3,20,元大-四維,2023-04-10,9831
3711,日月光投控,20,1,19,元大-四維,2023-04-10,9831
2537,聯上發,19,0,19,元大-四維,2023-04-10,9831
4538,大詠城,19,0,19,元大-四維,2023-04-10,9831
1605,華新,46,28,18,元大-四維,2023-04-10,9831
3362,先進光,24,7,17,元大-四維,2023-04-10,9831
00878,國泰永續高股息,31,14,17,元大-四維,2023-04-10,9831
1524,耿鼎,17,1,16,元大-四維,2023-04-10,9831
1440,南紡,16,0,16,元大-四維,2023-04-10,9831
2108,南帝,16,0,16,元大-四維,2023-04-10,9831
00907,永豐優息存股,16,0,16,元大-四維,2023-04-10,9831
2615,萬海,29,14,15,元大-四維,2023-04-10,9831
6139,亞翔,17,3,14,元大-四維,2023-04-10,9831
1514,亞力,14,0,14,元大-四維,2023-04-10,9831
4162,智擎,13,0,13,元大-四維,2023-04-10,9831
8110,華東,15,3,12,元大-四維,2023-04-10,9831
2609,陽明,33,22,11,元大-四維,2023-04-10,9831
6477,安集,11,0,11,元大-四維,2023-04-10,9831
2633,台灣高鐵,12,1,11,元大-四維,2023-04-10,9831
2603,長榮,13,3,10,元大-四維,2023-04-10,9831
00720B,元大投資級公司債,11,1,10,元大-四維,2023-04-10,9831
0056,元大高股息,30,20,10,元大-四維,2023-04-10,9831
2314,台揚,10,0,10,元大-四維,2023-04-10,9831
4931,新盛力,11,1,10,元大-四維,2023-04-10,9831
4147,中裕,14,4,10,元大-四維,2023-04-10,9831
1905,華紙,10,0,10,元大-四維,2023-04-10,9831
1475,業旺,10,0,10,元大-四維,2023-04-10,9831
2915,潤泰全,10,0,10,元大-四維,2023-04-10,9831
2610,華航,10,0,10,元大-四維,2023-04-10,9831
6589,台康生技,10,0,10,元大-四維,2023-04-10,9831
5498,凱崴,10,0,10,元大-四維,2023-04-10,9831
00632R,元大台灣50反1,730,20,710,元大-四維,2023-04-11,9831
2609,陽明,188,4,184,元大-四維,2023-04-11,9831
3481,群創,180,16,164,元大-四維,2023-04-11,9831
2352,佳世達,155,0,155,元大-四維,2023-04-11,9831
00665L,富邦�琤肭磪囓�2,95,30,65,元大-四維,2023-04-11,9831
1101,台泥,88,37,51,元大-四維,2023-04-11,9831
5512,力麒,42,2,40,元大-四維,2023-04-11,9831
4916,事欣科,45,6,39,元大-四維,2023-04-11,9831
5465,富驊,41,6,35,元大-四維,2023-04-11,9831
8234,新漢,34,0,34,元大-四維,2023-04-11,9831
2634,漢翔,49,18,31,元大-四維,2023-04-11,9831
2436,偉詮電,31,0,31,元大-四維,2023-04-11,9831
3441,聯一光,31,0,31,元大-四維,2023-04-11,9831
7402,邑錡,32,1,31,元大-四維,2023-04-11,9831
00680L,元大美債20正2,24,0,24,元大-四維,2023-04-11,9831
00679B,元大美債20年,23,1,22,元大-四維,2023-04-11,9831
6698,旭暉應材,22,0,22,元大-四維,2023-04-11,9831
2330,台積電,26,4,22,元大-四維,2023-04-11,9831
00772B,中信高評級公司債,21,0,21,元大-四維,2023-04-11,9831
2457,飛宏,43,23,20,元大-四維,2023-04-11,9831
00919,群益台灣精選高息,20,0,20,元大-四維,2023-04-11,9831
9945,潤泰新,20,0,20,元大-四維,2023-04-11,9831
2317,鴻海,20,1,19,元大-四維,2023-04-11,9831
1605,華新,39,21,18,元大-四維,2023-04-11,9831
2014,中鴻,19,1,18,元大-四維,2023-04-11,9831
00712,復華富時不動產,18,1,17,元大-四維,2023-04-11,9831
2883,凱基金,27,10,17,元大-四維,2023-04-11,9831
6770,力積電,20,3,17,元大-四維,2023-04-11,9831
2201,裕隆,17,1,16,元大-四維,2023-04-11,9831
5450,南良,16,0,16,元大-四維,2023-04-11,9831
6205,詮欣,15,0,15,元大-四維,2023-04-11,9831
00688L,國泰20年美債正2,15,0,15,元大-四維,2023-04-11,9831
1440,南紡,14,0,14,元大-四維,2023-04-11,9831
6152,百一,15,2,13,元大-四維,2023-04-11,9831
3056,富華新,16,3,13,元大-四維,2023-04-11,9831
3443,創意,14,2,12,元大-四維,2023-04-11,9831
3362,先進光,12,0,12,元大-四維,2023-04-11,9831
2890,永豐金,12,0,12,元大-四維,2023-04-11,9831
8088,品安,26,15,11,元大-四維,2023-04-11,9831
2838,聯邦銀,20,10,10,元大-四維,2023-04-11,9831
4989,榮科,10,0,10,元大-四維,2023-04-11,9831
3521,鴻翊,10,0,10,元大-四維,2023-04-11,9831
1524,耿鼎,22,12,10,元大-四維,2023-04-11,9831
1783,和康生,10,0,10,元大-四維,2023-04-11,9831
00923,群益台ESG低碳50,10,0,10,元大-四維,2023-04-11,9831
1909,榮成,11,1,10,元大-四維,2023-04-11,9831
3019,亞光,10,0,10,元大-四維,2023-04-11,9831
2332,友訊,10,0,10,元大-四維,2023-04-11,9831
2820,華票,10,0,10,元大-四維,2023-04-11,9831
6248,沛波,10,0,10,元大-四維,2023-04-11,9831
00673R,期元大S＆P原油反1,214,0,214,元大-四維,2023-04-12,9831
2352,佳世達,154,14,140,元大-四維,2023-04-12,9831
1513,中興電,602,532,70,元大-四維,2023-04-12,9831
6770,力積電,70,0,70,元大-四維,2023-04-12,9831
1504,東元,83,17,66,元大-四維,2023-04-12,9831
2610,華航,109,56,53,元大-四維,2023-04-12,9831
3093,港建*,50,0,50,元大-四維,2023-04-12,9831
00922,國泰台灣領袖50,42,0,42,元大-四維,2023-04-12,9831
2820,華票,40,0,40,元大-四維,2023-04-12,9831
1440,南紡,38,0,38,元大-四維,2023-04-12,9831
2402,毅嘉,43,5,38,元大-四維,2023-04-12,9831
00637L,元大滬深300正2,52,16,36,元大-四維,2023-04-12,9831
1609,大亞,63,32,31,元大-四維,2023-04-12,9831
1108,幸福,32,2,30,元大-四維,2023-04-12,9831
2492,華新科,37,10,27,元大-四維,2023-04-12,9831
3081,聯亞,29,4,25,元大-四維,2023-04-12,9831
00725B,國泰投資級公司債,25,0,25,元大-四維,2023-04-12,9831
6753,龍德造船,28,4,24,元大-四維,2023-04-12,9831
8390,金益鼎,32,10,22,元大-四維,2023-04-12,9831
2313,華通,24,3,21,元大-四維,2023-04-12,9831
2027,大成鋼,36,17,19,元大-四維,2023-04-12,9831
00712,復華富時不動產,19,0,19,元大-四維,2023-04-12,9831
8438,昶昕,17,0,17,元大-四維,2023-04-12,9831
4129,聯合,17,0,17,元大-四維,2023-04-12,9831
2014,中鴻,17,0,17,元大-四維,2023-04-12,9831
2633,台灣高鐵,17,0,17,元大-四維,2023-04-12,9831
1218,泰山,16,0,16,元大-四維,2023-04-12,9831
00679B,元大美債20年,16,0,16,元大-四維,2023-04-12,9831
4168,醣聯,17,1,16,元大-四維,2023-04-12,9831
1524,耿鼎,19,3,16,元大-四維,2023-04-12,9831
4541,晟田,20,4,16,元大-四維,2023-04-12,9831
2449,京元電子,16,0,16,元大-四維,2023-04-12,9831
6160,欣技,16,1,15,元大-四維,2023-04-12,9831
00772B,中信高評級公司債,15,0,15,元大-四維,2023-04-12,9831
00631L,元大台灣50正2,15,0,15,元大-四維,2023-04-12,9831
020022,元大電動車N,15,0,15,元大-四維,2023-04-12,9831
2630,亞航,15,0,15,元大-四維,2023-04-12,9831
8927,北基,14,0,14,元大-四維,2023-04-12,9831
3059,華晶科,18,4,14,元大-四維,2023-04-12,9831
2330,台積電,16,2,14,元大-四維,2023-04-12,9831
3707,漢磊,19,6,13,元大-四維,2023-04-12,9831
4961,天鈺,13,0,13,元大-四維,2023-04-12,9831
6248,沛波,18,6,12,元大-四維,2023-04-12,9831
6134,萬旭,12,0,12,元大-四維,2023-04-12,9831
2537,聯上發,12,0,12,元大-四維,2023-04-12,9831
2368,金像電,57,45,12,元大-四維,2023-04-12,9831
2915,潤泰全,12,1,11,元大-四維,2023-04-12,9831
3013,晟銘電,15,4,11,元大-四維,2023-04-12,9831
3322,建舜電,12,1,11,元大-四維,2023-04-12,9831
2430,燦坤,10,0,10,元大-四維,2023-04-12,9831
00712,復華富時不動產,180,0,180,元大-四維,2023-04-13,9831
2344,華邦電,161,16,145,元大-四維,2023-04-13,9831
2409,友達,140,27,113,元大-四維,2023-04-13,9831
1417,嘉裕,103,2,101,元大-四維,2023-04-13,9831
6234,高僑,128,30,98,元大-四維,2023-04-13,9831
3711,日月光投控,87,3,84,元大-四維,2023-04-13,9831
1513,中興電,255,181,74,元大-四維,2023-04-13,9831
3037,欣興,140,72,68,元大-四維,2023-04-13,9831
2330,台積電,59,2,57,元大-四維,2023-04-13,9831
3011,今皓,55,3,52,元大-四維,2023-04-13,9831
1609,大亞,83,33,50,元大-四維,2023-04-13,9831
1708,東鹼,44,0,44,元大-四維,2023-04-13,9831
5309,系統電,43,7,36,元大-四維,2023-04-13,9831
6129,普誠,36,0,36,元大-四維,2023-04-13,9831
6191,精成科,31,0,31,元大-四維,2023-04-13,9831
2897,王道銀行,40,11,29,元大-四維,2023-04-13,9831
00891,中信關鍵半導體,29,1,28,元大-四維,2023-04-13,9831
6861,睿生光電,30,2,28,元大-四維,2023-04-13,9831
00637L,元大滬深300正2,85,57,28,元大-四維,2023-04-13,9831
5009,榮剛,56,32,24,元大-四維,2023-04-13,9831
2303,聯電,28,5,23,元大-四維,2023-04-13,9831
2367,燿華,23,0,23,元大-四維,2023-04-13,9831
3715,定穎投控,24,1,23,元大-四維,2023-04-13,9831
2419,仲琦,22,0,22,元大-四維,2023-04-13,9831
3675,德微,25,3,22,元大-四維,2023-04-13,9831
2442,新美齊,22,0,22,元大-四維,2023-04-13,9831
1784,訊聯,25,4,21,元大-四維,2023-04-13,9831
9103,美德醫療-DR,20,0,20,元大-四維,2023-04-13,9831
3596,智易,20,0,20,元大-四維,2023-04-13,9831
8046,南電,33,14,19,元大-四維,2023-04-13,9831
4927,泰鼎-KY,19,0,19,元大-四維,2023-04-13,9831
3056,富華新,18,0,18,元大-四維,2023-04-13,9831
4580,捷流閥業,21,3,18,元大-四維,2023-04-13,9831
2313,華通,18,0,18,元大-四維,2023-04-13,9831
3664,安瑞-KY,18,0,18,元大-四維,2023-04-13,9831
6122,擎邦,26,8,18,元大-四維,2023-04-13,9831
00679B,元大美債20年,18,0,18,元大-四維,2023-04-13,9831
2615,萬海,30,13,17,元大-四維,2023-04-13,9831
5483,中美晶,20,3,17,元大-四維,2023-04-13,9831
4973,廣穎,19,2,17,元大-四維,2023-04-13,9831
00919,群益台灣精選高息,17,0,17,元大-四維,2023-04-13,9831
6163,華電網,54,37,17,元大-四維,2023-04-13,9831
2885,元大金,20,3,17,元大-四維,2023-04-13,9831
5465,富驊,30,14,16,元大-四維,2023-04-13,9831
3707,漢磊,18,2,16,元大-四維,2023-04-13,9831
00922,國泰台灣領袖50,16,0,16,元大-四維,2023-04-13,9831
6443,元晶,32,16,16,元大-四維,2023-04-13,9831
2206,三陽工業,47,31,16,元大-四維,2023-04-13,9831
2838,聯邦銀,20,4,16,元大-四維,2023-04-13,9831
3455,由田,15,0,15,元大-四維,2023-04-13,9831
00632R,元大台灣50反1,315,0,315,元大-四維,2023-04-14,9831
2609,陽明,199,55,144,元大-四維,2023-04-14,9831
6163,華電網,125,4,121,元大-四維,2023-04-14,9831
00878,國泰永續高股息,110,31,79,元大-四維,2023-04-14,9831
00907,永豐優息存股,67,0,67,元大-四維,2023-04-14,9831
00708L,期元大S＆P黃金正2,67,2,65,元大-四維,2023-04-14,9831
2634,漢翔,180,124,56,元大-四維,2023-04-14,9831
00888,永豐台灣ESG,53,0,53,元大-四維,2023-04-14,9831
2344,華邦電,44,0,44,元大-四維,2023-04-14,9831
2367,燿華,48,5,43,元大-四維,2023-04-14,9831
00679B,元大美債20年,41,0,41,元大-四維,2023-04-14,9831
2838,聯邦銀,40,0,40,元大-四維,2023-04-14,9831
00650L,復華香港正2,40,0,40,元大-四維,2023-04-14,9831
2382,廣達,41,2,39,元大-四維,2023-04-14,9831
3520,華盈,34,0,34,元大-四維,2023-04-14,9831
2867,三商壽,64,32,32,元大-四維,2023-04-14,9831
5309,系統電,31,1,30,元大-四維,2023-04-14,9831
6142,友勁,45,16,29,元大-四維,2023-04-14,9831
00772B,中信高評級公司債,33,6,27,元大-四維,2023-04-14,9831
6127,九豪,28,1,27,元大-四維,2023-04-14,9831
00712,復華富時不動產,29,3,26,元大-四維,2023-04-14,9831
8383,千附,24,1,23,元大-四維,2023-04-14,9831
00720B,元大投資級公司債,22,0,22,元大-四維,2023-04-14,9831
2618,長榮航,44,23,21,元大-四維,2023-04-14,9831
2413,環科,23,2,21,元大-四維,2023-04-14,9831
1314,中石化,22,2,20,元大-四維,2023-04-14,9831
4147,中裕,20,0,20,元大-四維,2023-04-14,9831
1584,精剛,52,32,20,元大-四維,2023-04-14,9831
5469,瀚宇博,20,2,18,元大-四維,2023-04-14,9831
3576,聯合再生,19,1,18,元大-四維,2023-04-14,9831
8222,寶一,27,9,18,元大-四維,2023-04-14,9831
8076,伍豐,17,0,17,元大-四維,2023-04-14,9831
2610,華航,19,3,16,元大-四維,2023-04-14,9831
6509,聚和,25,9,16,元大-四維,2023-04-14,9831
1108,幸福,16,0,16,元大-四維,2023-04-14,9831
3481,群創,80,64,16,元大-四維,2023-04-14,9831
4743,合一,21,6,15,元大-四維,2023-04-14,9831
3169,亞信,26,11,15,元大-四維,2023-04-14,9831
2027,大成鋼,17,3,14,元大-四維,2023-04-14,9831
6234,高僑,27,13,14,元大-四維,2023-04-14,9831
6446,藥華藥,14,0,14,元大-四維,2023-04-14,9831
8936,國統,38,25,13,元大-四維,2023-04-14,9831
8112,至上,15,2,13,元大-四維,2023-04-14,9831
2461,光群雷,14,1,13,元大-四維,2023-04-14,9831
2002,中鋼,26,13,13,元大-四維,2023-04-14,9831
2633,台灣高鐵,13,0,13,元大-四維,2023-04-14,9831
00751B,元大AAA至A公司債,12,0,12,元大-四維,2023-04-14,9831
1530,亞崴,12,0,12,元大-四維,2023-04-14,9831
9802,鈺齊-KY,11,0,11,元大-四維,2023-04-14,9831
1453,大將,11,0,11,元大-四維,2023-04-14,9831
2206,三陽工業,131,25,106,元大-四維,2023-04-17,9831
2313,華通,115,10,105,元大-四維,2023-04-17,9831
00912,中信臺灣智慧50,69,0,69,元大-四維,2023-04-17,9831
2442,新美齊,61,0,61,元大-四維,2023-04-17,9831
00720B,元大投資級公司債,40,0,40,元大-四維,2023-04-17,9831
1314,中石化,39,0,39,元大-四維,2023-04-17,9831
00679B,元大美債20年,36,0,36,元大-四維,2023-04-17,9831
2906,高林,42,7,35,元大-四維,2023-04-17,9831
3481,群創,38,5,33,元大-四維,2023-04-17,9831
4510,高鋒,33,0,33,元大-四維,2023-04-17,9831
3037,欣興,33,0,33,元大-四維,2023-04-17,9831
1605,華新,187,154,33,元大-四維,2023-04-17,9831
1717,長興,70,39,31,元大-四維,2023-04-17,9831
1618,合機,33,1,32,元大-四維,2023-04-17,9831
3163,波若威,33,2,31,元大-四維,2023-04-17,9831
2454,聯發科,43,12,31,元大-四維,2023-04-17,9831
6197,佳必琪,30,0,30,元大-四維,2023-04-17,9831
1907,永豐餘,30,0,30,元大-四維,2023-04-17,9831
8091,翔名,32,4,28,元大-四維,2023-04-17,9831
3675,德微,31,4,27,元大-四維,2023-04-17,9831
3703,欣陸,31,4,27,元大-四維,2023-04-17,9831
00680L,元大美債20正2,24,0,24,元大-四維,2023-04-17,9831
6285,啟��,40,17,23,元大-四維,2023-04-17,9831
2601,益航,28,6,22,元大-四維,2023-04-17,9831
5258,虹堡,35,13,22,元大-四維,2023-04-17,9831
2002,中鋼,36,14,22,元大-四維,2023-04-17,9831
00903,富邦元宇宙,21,0,21,元大-四維,2023-04-17,9831
00712,復華富時不動產,20,0,20,元大-四維,2023-04-17,9831
2515,中工,99,79,20,元大-四維,2023-04-17,9831
6191,精成科,20,1,19,元大-四維,2023-04-17,9831
3305,昇貿,48,29,19,元大-四維,2023-04-17,9831
3047,訊舟,19,0,19,元大-四維,2023-04-17,9831
00888,永豐台灣ESG,19,0,19,元大-四維,2023-04-17,9831
4934,太極,18,0,18,元大-四維,2023-04-17,9831
2390,云辰,20,2,18,元大-四維,2023-04-17,9831
3169,亞信,21,3,18,元大-四維,2023-04-17,9831
2308,台達電,19,2,17,元大-四維,2023-04-17,9831
6488,環球晶,16,0,16,元大-四維,2023-04-17,9831
4916,事欣科,47,31,16,元大-四維,2023-04-17,9831
2485,兆赫,16,0,16,元大-四維,2023-04-17,9831
6235,華孚,28,12,16,元大-四維,2023-04-17,9831
2014,中鴻,15,0,15,元大-四維,2023-04-17,9831
5475,德宏,17,2,15,元大-四維,2023-04-17,9831
2610,華航,18,4,14,元大-四維,2023-04-17,9831
6223,旺矽,13,0,13,元大-四維,2023-04-17,9831
6127,九豪,16,3,13,元大-四維,2023-04-17,9831
6753,龍德造船,15,2,13,元大-四維,2023-04-17,9831
3652,精聯,15,2,13,元大-四維,2023-04-17,9831
6719,力智,23,10,13,元大-四維,2023-04-17,9831
4113,聯上,15,3,12,元大-四維,2023-04-17,9831
2208,台船,143,61,82,元大-四維,2023-04-18,9831
3481,群創,74,9,65,元大-四維,2023-04-18,9831
8024,佑華,70,10,60,元大-四維,2023-04-18,9831
1540,喬福,50,0,50,元大-四維,2023-04-18,9831
5009,榮剛,54,4,50,元大-四維,2023-04-18,9831
00720B,元大投資級公司債,46,0,46,元大-四維,2023-04-18,9831
00679B,元大美債20年,45,2,43,元大-四維,2023-04-18,9831
2915,潤泰全,43,0,43,元大-四維,2023-04-18,9831
2537,聯上發,43,0,43,元大-四維,2023-04-18,9831
0056,元大高股息,52,14,38,元大-四維,2023-04-18,9831
6441,廣錠,39,1,38,元大-四維,2023-04-18,9831
2206,三陽工業,59,21,38,元大-四維,2023-04-18,9831
3546,宇峻,35,0,35,元大-四維,2023-04-18,9831
00751B,元大AAA至A公司債,34,0,34,元大-四維,2023-04-18,9831
6443,元晶,61,28,33,元大-四維,2023-04-18,9831
1301,台塑,32,0,32,元大-四維,2023-04-18,9831
4971,IET-KY,30,0,30,元大-四維,2023-04-18,9831
2838,聯邦銀,30,0,30,元大-四維,2023-04-18,9831
3025,星通,44,15,29,元大-四維,2023-04-18,9831
2454,聯發科,29,2,27,元大-四維,2023-04-18,9831
2002,中鋼,29,3,26,元大-四維,2023-04-18,9831
8033,雷虎,64,39,25,元大-四維,2023-04-18,9831
6547,高端疫苗,32,7,25,元大-四維,2023-04-18,9831
3037,欣興,29,5,24,元大-四維,2023-04-18,9831
4114,健喬,33,10,23,元大-四維,2023-04-18,9831
6190,萬泰科,32,9,23,元大-四維,2023-04-18,9831
00772B,中信高評級公司債,22,0,22,元大-四維,2023-04-18,9831
5258,虹堡,26,5,21,元大-四維,2023-04-18,9831
00680L,元大美債20正2,21,0,21,元大-四維,2023-04-18,9831
2883,凱基金,27,6,21,元大-四維,2023-04-18,9831
2929,淘帝-KY,20,0,20,元大-四維,2023-04-18,9831
3290,東浦,20,0,20,元大-四維,2023-04-18,9831
2360,致茂,21,2,19,元大-四維,2023-04-18,9831
2409,友達,158,140,18,元大-四維,2023-04-18,9831
3058,立德,21,3,18,元大-四維,2023-04-18,9831
2897,王道銀行,22,5,17,元大-四維,2023-04-18,9831
2453,凌群,31,14,17,元大-四維,2023-04-18,9831
2413,環科,83,66,17,元大-四維,2023-04-18,9831
5211,蒙恬,31,14,17,元大-四維,2023-04-18,9831
6719,力智,29,12,17,元大-四維,2023-04-18,9831
2344,華邦電,18,1,17,元大-四維,2023-04-18,9831
2606,裕民,22,6,16,元大-四維,2023-04-18,9831
1529,樂事綠能,20,4,16,元大-四維,2023-04-18,9831
6223,旺矽,16,0,16,元大-四維,2023-04-18,9831
3230,錦明,16,0,16,元大-四維,2023-04-18,9831
6153,嘉聯益,15,0,15,元大-四維,2023-04-18,9831
4513,福裕,15,0,15,元大-四維,2023-04-18,9831
2601,益航,20,5,15,元大-四維,2023-04-18,9831
3231,緯創,24,9,15,元大-四維,2023-04-18,9831
3374,精材,16,2,14,元大-四維,2023-04-18,9831
2409,友達,260,5,255,元大-四維,2023-04-19,9831
6443,元晶,241,92,149,元大-四維,2023-04-19,9831
6163,華電網,150,10,140,元大-四維,2023-04-19,9831
1471,首利,136,39,97,元大-四維,2023-04-19,9831
2867,三商壽,91,12,79,元大-四維,2023-04-19,9831
8927,北基,71,3,68,元大-四維,2023-04-19,9831
1444,力麗,51,0,51,元大-四維,2023-04-19,9831
3673,TPK-KY,78,32,46,元大-四維,2023-04-19,9831
3711,日月光投控,44,0,44,元大-四維,2023-04-19,9831
3702,大聯大,43,0,43,元大-四維,2023-04-19,9831
2633,台灣高鐵,42,0,42,元大-四維,2023-04-19,9831
00720B,元大投資級公司債,41,0,41,元大-四維,2023-04-19,9831
6770,力積電,43,3,40,元大-四維,2023-04-19,9831
2915,潤泰全,40,0,40,元大-四維,2023-04-19,9831
4958,臻鼎-KY,42,9,33,元大-四維,2023-04-19,9831
5608,四維航,36,3,33,元大-四維,2023-04-19,9831
2838,聯邦銀,52,20,32,元大-四維,2023-04-19,9831
3374,精材,31,1,30,元大-四維,2023-04-19,9831
00891,中信關鍵半導體,28,0,28,元大-四維,2023-04-19,9831
00712,復華富時不動產,27,0,27,元大-四維,2023-04-19,9831
2303,聯電,30,5,25,元大-四維,2023-04-19,9831
2402,毅嘉,56,34,22,元大-四維,2023-04-19,9831
2603,長榮,22,2,20,元大-四維,2023-04-19,9831
1815,富喬,20,0,20,元大-四維,2023-04-19,9831
2332,友訊,20,0,20,元大-四維,2023-04-19,9831
4971,IET-KY,21,1,20,元大-四維,2023-04-19,9831
00772B,中信高評級公司債,20,0,20,元大-四維,2023-04-19,9831
2102,泰豐,20,0,20,元大-四維,2023-04-19,9831
2515,中工,107,88,19,元大-四維,2023-04-19,9831
3006,晶豪科,25,7,18,元大-四維,2023-04-19,9831
2722,夏都,32,14,18,元大-四維,2023-04-19,9831
2002,中鋼,22,4,18,元大-四維,2023-04-19,9831
2313,華通,20,3,17,元大-四維,2023-04-19,9831
2498,宏達電,23,6,17,元大-四維,2023-04-19,9831
2492,華新科,25,8,17,元大-四維,2023-04-19,9831
6191,精成科,17,0,17,元大-四維,2023-04-19,9831
00885,富邦越南,17,0,17,元大-四維,2023-04-19,9831
6269,台郡,18,1,17,元大-四維,2023-04-19,9831
00679B,元大美債20年,16,0,16,元大-四維,2023-04-19,9831
5483,中美晶,16,0,16,元大-四維,2023-04-19,9831
2027,大成鋼,16,0,16,元大-四維,2023-04-19,9831
2609,陽明,20,4,16,元大-四維,2023-04-19,9831
3504,揚明光,15,0,15,元大-四維,2023-04-19,9831
5289,宜鼎,15,0,15,元大-四維,2023-04-19,9831
3675,德微,18,3,15,元大-四維,2023-04-19,9831
3481,群創,97,83,14,元大-四維,2023-04-19,9831
1711,永光,14,0,14,元大-四維,2023-04-19,9831
00631L,元大台灣50正2,14,0,14,元大-四維,2023-04-19,9831
3707,漢磊,13,0,13,元大-四維,2023-04-19,9831
6129,普誠,13,0,13,元大-四維,2023-04-19,9831
00888,永豐台灣ESG,203,0,203,元大-四維,2023-04-20,9831
00632R,元大台灣50反1,220,83,137,元大-四維,2023-04-20,9831
5371,中光電,93,6,87,元大-四維,2023-04-20,9831
2303,聯電,77,11,66,元大-四維,2023-04-20,9831
1708,東鹼,54,6,48,元大-四維,2023-04-20,9831
5009,榮剛,57,14,43,元大-四維,2023-04-20,9831
3576,聯合再生,40,0,40,元大-四維,2023-04-20,9831
2838,聯邦銀,40,0,40,元大-四維,2023-04-20,9831
2208,台船,54,16,38,元大-四維,2023-04-20,9831
00878,國泰永續高股息,61,25,36,元大-四維,2023-04-20,9831
2314,台揚,49,14,35,元大-四維,2023-04-20,9831
6129,普誠,38,4,34,元大-四維,2023-04-20,9831
2618,長榮航,70,37,33,元大-四維,2023-04-20,9831
6443,元晶,51,18,33,元大-四維,2023-04-20,9831
2329,華泰,43,10,33,元大-四維,2023-04-20,9831
1786,科妍,42,10,32,元大-四維,2023-04-20,9831
6441,廣錠,36,5,31,元大-四維,2023-04-20,9831
8070,長華*,30,0,30,元大-四維,2023-04-20,9831
6223,旺矽,30,0,30,元大-四維,2023-04-20,9831
2498,宏達電,31,2,29,元大-四維,2023-04-20,9831
4147,中裕,41,13,28,元大-四維,2023-04-20,9831
6770,力積電,35,8,27,元大-四維,2023-04-20,9831
6153,嘉聯益,32,5,27,元大-四維,2023-04-20,9831
1218,泰山,25,0,25,元大-四維,2023-04-20,9831
2009,第一銅,26,1,25,元大-四維,2023-04-20,9831
2342,茂矽,33,8,25,元大-四維,2023-04-20,9831
2002,中鋼,27,3,24,元大-四維,2023-04-20,9831
6190,萬泰科,27,3,24,元大-四維,2023-04-20,9831
4968,立積,30,7,23,元大-四維,2023-04-20,9831
8069,元太,24,2,22,元大-四維,2023-04-20,9831
3714,富采,22,0,22,元大-四維,2023-04-20,9831
4119,旭富,22,0,22,元大-四維,2023-04-20,9831
1444,力麗,20,0,20,元大-四維,2023-04-20,9831
2606,裕民,20,0,20,元大-四維,2023-04-20,9831
5880,合庫金,20,0,20,元大-四維,2023-04-20,9831
00720B,元大投資級公司債,20,0,20,元大-四維,2023-04-20,9831
00637L,元大滬深300正2,20,0,20,元大-四維,2023-04-20,9831
4167,松瑞藥,19,0,19,元大-四維,2023-04-20,9831
6290,良維,22,4,18,元大-四維,2023-04-20,9831
3078,僑威,46,29,17,元大-四維,2023-04-20,9831
8049,晶采,17,0,17,元大-四維,2023-04-20,9831
4130,健亞,17,0,17,元大-四維,2023-04-20,9831
4114,健喬,35,18,17,元大-四維,2023-04-20,9831
2610,華航,34,17,17,元大-四維,2023-04-20,9831
3707,漢磊,17,1,16,元大-四維,2023-04-20,9831
2457,飛宏,28,12,16,元大-四維,2023-04-20,9831
3047,訊舟,22,6,16,元大-四維,2023-04-20,9831
2340,台亞,16,0,16,元大-四維,2023-04-20,9831
2014,中鴻,23,7,16,元大-四維,2023-04-20,9831
1611,中電,23,7,16,元大-四維,2023-04-20,9831
5302,太欣,80,0,80,元大-四維,2023-04-21,9831
5009,榮剛,70,14,56,元大-四維,2023-04-21,9831
2495,普安,85,34,51,元大-四維,2023-04-21,9831
3380,明泰,47,4,43,元大-四維,2023-04-21,9831
2889,國票金,41,0,41,元大-四維,2023-04-21,9831
6163,華電網,64,23,41,元大-四維,2023-04-21,9831
00665L,富邦�琤肭磪囓�2,50,10,40,元大-四維,2023-04-21,9831
1907,永豐餘,75,36,39,元大-四維,2023-04-21,9831
2388,威盛,40,3,37,元大-四維,2023-04-21,9831
2892,第一金,37,2,35,元大-四維,2023-04-21,9831
3047,訊舟,33,0,33,元大-四維,2023-04-21,9831
2484,希華,35,2,33,元大-四維,2023-04-21,9831
2383,台光電,31,0,31,元大-四維,2023-04-21,9831
5608,四維航,31,0,31,元大-四維,2023-04-21,9831
2344,華邦電,35,4,31,元大-四維,2023-04-21,9831
3576,聯合再生,37,6,31,元大-四維,2023-04-21,9831
2915,潤泰全,30,0,30,元大-四維,2023-04-21,9831
6016,康和證,30,0,30,元大-四維,2023-04-21,9831
1909,榮成,51,21,30,元大-四維,2023-04-21,9831
1611,中電,97,68,29,元大-四維,2023-04-21,9831
6589,台康生技,41,13,28,元大-四維,2023-04-21,9831
00632R,元大台灣50反1,37,10,27,元大-四維,2023-04-21,9831
3711,日月光投控,27,0,27,元大-四維,2023-04-21,9831
3628,盈正,27,1,26,元大-四維,2023-04-21,9831
6123,上奇,25,0,25,元大-四維,2023-04-21,9831
2615,萬海,59,35,24,元大-四維,2023-04-21,9831
8210,勤誠,23,0,23,元大-四維,2023-04-21,9831
1605,華新,36,13,23,元大-四維,2023-04-21,9831
00891,中信關鍵半導體,23,0,23,元大-四維,2023-04-21,9831
4129,聯合,29,8,21,元大-四維,2023-04-21,9831
6223,旺矽,23,2,21,元大-四維,2023-04-21,9831
6290,良維,23,2,21,元大-四維,2023-04-21,9831
4971,IET-KY,20,0,20,元大-四維,2023-04-21,9831
2838,聯邦銀,20,0,20,元大-四維,2023-04-21,9831
00673R,期元大S＆P原油反1,20,0,20,元大-四維,2023-04-21,9831
2454,聯發科,20,0,20,元大-四維,2023-04-21,9831
2498,宏達電,24,5,19,元大-四維,2023-04-21,9831
8070,長華*,19,0,19,元大-四維,2023-04-21,9831
00720B,元大投資級公司債,18,0,18,元大-四維,2023-04-21,9831
00885,富邦越南,17,0,17,元大-四維,2023-04-21,9831
2820,華票,17,0,17,元大-四維,2023-04-21,9831
6244,茂迪,79,63,16,元大-四維,2023-04-21,9831
8112,至上,16,0,16,元大-四維,2023-04-21,9831
3443,創意,19,4,15,元大-四維,2023-04-21,9831
1795,美時,19,4,15,元大-四維,2023-04-21,9831
2314,台揚,19,4,15,元大-四維,2023-04-21,9831
5243,乙盛-KY,30,16,14,元大-四維,2023-04-21,9831
6790,永豐實,14,0,14,元大-四維,2023-04-21,9831
8038,長園科,14,0,14,元大-四維,2023-04-21,9831
00900,富邦特選高股息30,14,0,14,元大-四維,2023-04-21,9831
2495,普安,122,1,121,元大-四維,2023-04-24,9831
00637L,元大滬深300正2,130,21,109,元大-四維,2023-04-24,9831
8088,品安,72,21,51,元大-四維,2023-04-24,9831
9136,巨騰-DR,48,0,48,元大-四維,2023-04-24,9831
1904,正隆,48,8,40,元大-四維,2023-04-24,9831
1907,永豐餘,92,53,39,元大-四維,2023-04-24,9831
2002,中鋼,38,1,37,元大-四維,2023-04-24,9831
2834,臺企銀,36,0,36,元大-四維,2023-04-24,9831
5009,榮剛,42,8,34,元大-四維,2023-04-24,9831
2504,國產,38,7,31,元大-四維,2023-04-24,9831
5312,寶島科,30,0,30,元大-四維,2023-04-24,9831
1513,中興電,29,2,27,元大-四維,2023-04-24,9831
6282,康舒,33,11,22,元大-四維,2023-04-24,9831
2889,國票金,22,0,22,元大-四維,2023-04-24,9831
2313,華通,21,0,21,元大-四維,2023-04-24,9831
1453,大將,20,0,20,元大-四維,2023-04-24,9831
5608,四維航,20,0,20,元大-四維,2023-04-24,9831
00905,FT臺灣Smart,19,1,18,元大-四維,2023-04-24,9831
4971,IET-KY,18,0,18,元大-四維,2023-04-24,9831
1809,中釉,17,0,17,元大-四維,2023-04-24,9831
00725B,國泰投資級公司債,17,0,17,元大-四維,2023-04-24,9831
1108,幸福,17,0,17,元大-四維,2023-04-24,9831
00712,復華富時不動產,16,0,16,元大-四維,2023-04-24,9831
2633,台灣高鐵,18,2,16,元大-四維,2023-04-24,9831
1722,台肥,16,0,16,元大-四維,2023-04-24,9831
2515,中工,42,26,16,元大-四維,2023-04-24,9831
2303,聯電,22,8,14,元大-四維,2023-04-24,9831
00888,永豐台灣ESG,14,0,14,元大-四維,2023-04-24,9831
2402,毅嘉,16,2,14,元大-四維,2023-04-24,9831
3481,群創,15,1,14,元大-四維,2023-04-24,9831
2317,鴻海,16,2,14,元大-四維,2023-04-24,9831
0056,元大高股息,16,2,14,元大-四維,2023-04-24,9831
00902,中信電池及儲能,13,0,13,元大-四維,2023-04-24,9831
5425,台半,14,1,13,元大-四維,2023-04-24,9831
1310,台苯,17,4,13,元大-四維,2023-04-24,9831
6806,森崴能源,27,15,12,元大-四維,2023-04-24,9831
1514,亞力,11,0,11,元大-四維,2023-04-24,9831
2332,友訊,11,0,11,元大-四維,2023-04-24,9831
2820,華票,11,0,11,元大-四維,2023-04-24,9831
5371,中光電,24,13,11,元大-四維,2023-04-24,9831
3189,景碩,10,0,10,元大-四維,2023-04-24,9831
6118,建達,10,0,10,元大-四維,2023-04-24,9831
2885,元大金,10,0,10,元大-四維,2023-04-24,9831
1712,興農,10,0,10,元大-四維,2023-04-24,9831
2363,矽統,10,0,10,元大-四維,2023-04-24,9831
1104,環泥,10,0,10,元大-四維,2023-04-24,9831
2892,第一金,10,0,10,元大-四維,2023-04-24,9831
00891,中信關鍵半導體,10,0,10,元大-四維,2023-04-24,9831
2305,全友,10,0,10,元大-四維,2023-04-24,9831
2838,聯邦銀,10,0,10,元大-四維,2023-04-24,9831
3712,永崴投控,379,0,379,元大-四維,2023-04-25,9831
0056,元大高股息,110,5,105,元大-四維,2023-04-25,9831
5009,榮剛,116,20,96,元大-四維,2023-04-25,9831
1440,南紡,88,0,88,元大-四維,2023-04-25,9831
3481,群創,80,2,78,元大-四維,2023-04-25,9831
00665L,富邦�琤肭磪囓�2,95,21,74,元大-四維,2023-04-25,9831
00712,復華富時不動產,67,0,67,元大-四維,2023-04-25,9831
3035,智原,70,6,64,元大-四維,2023-04-25,9831
2303,聯電,127,65,62,元大-四維,2023-04-25,9831
00891,中信關鍵半導體,50,0,50,元大-四維,2023-04-25,9831
2883,凱基金,48,3,45,元大-四維,2023-04-25,9831
8383,千附,47,2,45,元大-四維,2023-04-25,9831
2834,臺企銀,47,2,45,元大-四維,2023-04-25,9831
2337,旺宏,46,2,44,元大-四維,2023-04-25,9831
2409,友達,44,0,44,元大-四維,2023-04-25,9831
8215,明基材,42,5,37,元大-四維,2023-04-25,9831
4968,立積,46,9,37,元大-四維,2023-04-25,9831
4121,優盛,39,3,36,元大-四維,2023-04-25,9831
2609,陽明,46,10,36,元大-四維,2023-04-25,9831
00878,國泰永續高股息,121,86,35,元大-四維,2023-04-25,9831
2206,三陽工業,77,44,33,元大-四維,2023-04-25,9831
1101,台泥,53,21,32,元大-四維,2023-04-25,9831
2376,技嘉,30,0,30,元大-四維,2023-04-25,9831
2482,連宇,37,10,27,元大-四維,2023-04-25,9831
3037,欣興,35,8,27,元大-四維,2023-04-25,9831
1310,台苯,91,65,26,元大-四維,2023-04-25,9831
0050,元大台灣50,32,6,26,元大-四維,2023-04-25,9831
3017,奇鋐,26,1,25,元大-四維,2023-04-25,9831
1711,永光,34,9,25,元大-四維,2023-04-25,9831
00905,FT臺灣Smart,22,0,22,元大-四維,2023-04-25,9831
2442,新美齊,21,0,21,元大-四維,2023-04-25,9831
00655L,國泰中國A50正2,20,0,20,元大-四維,2023-04-25,9831
2492,華新科,19,0,19,元大-四維,2023-04-25,9831
6531,愛普*,34,15,19,元大-四維,2023-04-25,9831
3231,緯創,59,40,19,元大-四維,2023-04-25,9831
1712,興農,18,0,18,元大-四維,2023-04-25,9831
2340,台亞,18,0,18,元大-四維,2023-04-25,9831
1907,永豐餘,43,25,18,元大-四維,2023-04-25,9831
2454,聯發科,18,0,18,元大-四維,2023-04-25,9831
00885,富邦越南,17,0,17,元大-四維,2023-04-25,9831
2383,台光電,20,4,16,元大-四維,2023-04-25,9831
8210,勤誠,16,0,16,元大-四維,2023-04-25,9831
00753L,中信中國50正2,18,2,16,元大-四維,2023-04-25,9831
2027,大成鋼,15,0,15,元大-四維,2023-04-25,9831
4960,誠美材,16,2,14,元大-四維,2023-04-25,9831
00713,元大台灣高息低波,20,6,14,元大-四維,2023-04-25,9831
2498,宏達電,17,3,14,元大-四維,2023-04-25,9831
1905,華紙,53,39,14,元大-四維,2023-04-25,9831
8038,長園科,14,0,14,元大-四維,2023-04-25,9831
3038,全台,16,2,14,元大-四維,2023-04-25,9831
1905,華紙,469,221,248,元大-四維,2023-04-26,9831
00680L,元大美債20正2,164,19,145,元大-四維,2023-04-26,9831
00712,復華富時不動產,80,0,80,元大-四維,2023-04-26,9831
00878,國泰永續高股息,70,4,66,元大-四維,2023-04-26,9831
0056,元大高股息,78,13,65,元大-四維,2023-04-26,9831
8222,寶一,83,19,64,元大-四維,2023-04-26,9831
4114,健喬,65,4,61,元大-四維,2023-04-26,9831
6234,高僑,68,8,60,元大-四維,2023-04-26,9831
2834,臺企銀,54,0,54,元大-四維,2023-04-26,9831
2609,陽明,61,7,54,元大-四維,2023-04-26,9831
2337,旺宏,45,4,41,元大-四維,2023-04-26,9831
2330,台積電,45,5,40,元大-四維,2023-04-26,9831
8215,明基材,40,8,32,元大-四維,2023-04-26,9831
2002,中鋼,45,15,30,元大-四維,2023-04-26,9831
2610,華航,30,1,29,元大-四維,2023-04-26,9831
1784,訊聯,26,1,25,元大-四維,2023-04-26,9831
2388,威盛,23,0,23,元大-四維,2023-04-26,9831
3047,訊舟,30,7,23,元大-四維,2023-04-26,9831
00907,永豐優息存股,22,0,22,元大-四維,2023-04-26,9831
0050,元大台灣50,21,0,21,元大-四維,2023-04-26,9831
3714,富采,21,0,21,元大-四維,2023-04-26,9831
6752,叡揚,21,0,21,元大-四維,2023-04-26,9831
2201,裕隆,24,4,20,元大-四維,2023-04-26,9831
4979,華星光,21,3,18,元大-四維,2023-04-26,9831
2606,裕民,31,13,18,元大-四維,2023-04-26,9831
1789,神隆,30,13,17,元大-四維,2023-04-26,9831
2027,大成鋼,15,0,15,元大-四維,2023-04-26,9831
2383,台光電,14,0,14,元大-四維,2023-04-26,9831
00881,國泰台灣5G+,14,0,14,元大-四維,2023-04-26,9831
2208,台船,23,9,14,元大-四維,2023-04-26,9831
8088,品安,17,3,14,元大-四維,2023-04-26,9831
00720B,元大投資級公司債,15,2,13,元大-四維,2023-04-26,9831
2633,台灣高鐵,14,1,13,元大-四維,2023-04-26,9831
3035,智原,44,32,12,元大-四維,2023-04-26,9831
2313,華通,28,16,12,元大-四維,2023-04-26,9831
2368,金像電,13,1,12,元大-四維,2023-04-26,9831
2314,台揚,14,2,12,元大-四維,2023-04-26,9831
3388,崇越電,12,0,12,元大-四維,2023-04-26,9831
00891,中信關鍵半導體,18,7,11,元大-四維,2023-04-26,9831
00893,國泰智能電動車,12,1,11,元大-四維,2023-04-26,9831
6788,華景電,11,0,11,元大-四維,2023-04-26,9831
3628,盈正,11,0,11,元大-四維,2023-04-26,9831
6829,千附精密,15,4,11,元大-四維,2023-04-26,9831
6188,廣明,11,0,11,元大-四維,2023-04-26,9831
3303,岱稜,10,0,10,元大-四維,2023-04-26,9831
4108,懷特,10,0,10,元大-四維,2023-04-26,9831
4950,牧東,10,0,10,元大-四維,2023-04-26,9831
00772B,中信高評級公司債,10,1,9,元大-四維,2023-04-26,9831
00900,富邦特選高股息30,13,4,9,元大-四維,2023-04-26,9831
1101,台泥,23,14,9,元大-四維,2023-04-26,9831
00715L,期街口布蘭特正2,331,0,331,元大-四維,2023-04-27,9831
2409,友達,115,0,115,元大-四維,2023-04-27,9831
2002,中鋼,96,9,87,元大-四維,2023-04-27,9831
5009,榮剛,99,15,84,元大-四維,2023-04-27,9831
3037,欣興,77,3,74,元大-四維,2023-04-27,9831
1108,幸福,61,1,60,元大-四維,2023-04-27,9831
6160,欣技,57,3,54,元大-四維,2023-04-27,9831
1905,華紙,78,25,53,元大-四維,2023-04-27,9831
1710,東聯,64,15,49,元大-四維,2023-04-27,9831
00878,國泰永續高股息,49,1,48,元大-四維,2023-04-27,9831
8936,國統,50,6,44,元大-四維,2023-04-27,9831
3481,群創,27,1,26,元大-四維,2023-04-27,9831
2313,華通,34,9,25,元大-四維,2023-04-27,9831
00642U,期元大S＆P石油,23,0,23,元大-四維,2023-04-27,9831
00665L,富邦�琤肭磪囓�2,20,0,20,元大-四維,2023-04-27,9831
3141,晶宏,20,0,20,元大-四維,2023-04-27,9831
4566,時碩工業,21,2,19,元大-四維,2023-04-27,9831
4968,立積,27,8,19,元大-四維,2023-04-27,9831
4108,懷特,24,5,19,元大-四維,2023-04-27,9831
3038,全台,20,2,18,元大-四維,2023-04-27,9831
00720B,元大投資級公司債,18,0,18,元大-四維,2023-04-27,9831
1605,華新,26,9,17,元大-四維,2023-04-27,9831
3596,智易,18,1,17,元大-四維,2023-04-27,9831
6443,元晶,16,0,16,元大-四維,2023-04-27,9831
2609,陽明,39,24,15,元大-四維,2023-04-27,9831
9904,寶成,20,5,15,元大-四維,2023-04-27,9831
8240,華宏,15,0,15,元大-四維,2023-04-27,9831
8222,寶一,27,13,14,元大-四維,2023-04-27,9831
2603,長榮,16,3,13,元大-四維,2023-04-27,9831
00713,元大台灣高息低波,13,0,13,元大-四維,2023-04-27,9831
1721,三晃,53,40,13,元大-四維,2023-04-27,9831
00753L,中信中國50正2,13,0,13,元大-四維,2023-04-27,9831
2344,華邦電,28,15,13,元大-四維,2023-04-27,9831
2884,玉山金,13,0,13,元大-四維,2023-04-27,9831
1316,上曜,16,4,12,元大-四維,2023-04-27,9831
00712,復華富時不動產,12,1,11,元大-四維,2023-04-27,9831
3576,聯合再生,11,0,11,元大-四維,2023-04-27,9831
2610,華航,38,27,11,元大-四維,2023-04-27,9831
00751B,元大AAA至A公司債,11,0,11,元大-四維,2023-04-27,9831
3047,訊舟,11,0,11,元大-四維,2023-04-27,9831
3272,東碩,10,0,10,元大-四維,2023-04-27,9831
5530,龍巖,10,0,10,元大-四維,2023-04-27,9831
2913,農林,14,4,10,元大-四維,2023-04-27,9831
4931,新盛力,11,1,10,元大-四維,2023-04-27,9831
3625,西勝,10,0,10,元大-四維,2023-04-27,9831
8050,廣積,10,0,10,元大-四維,2023-04-27,9831
2330,台積電,16,6,10,元大-四維,2023-04-27,9831
2889,國票金,9,0,9,元大-四維,2023-04-27,9831
2388,威盛,9,0,9,元大-四維,2023-04-27,9831
3071,協禧,12,3,9,元大-四維,2023-04-27,9831
2409,友達,442,161,281,元大-四維,2023-04-28,9831
00632R,元大台灣50反1,233,20,213,元大-四維,2023-04-28,9831
1701,中化,209,2,207,元大-四維,2023-04-28,9831
2352,佳世達,121,13,108,元大-四維,2023-04-28,9831
00878,國泰永續高股息,120,21,99,元大-四維,2023-04-28,9831
3481,群創,69,3,66,元大-四維,2023-04-28,9831
2880,華南金,74,11,63,元大-四維,2023-04-28,9831
00679B,元大美債20年,55,2,53,元大-四維,2023-04-28,9831
3289,宜特,51,2,49,元大-四維,2023-04-28,9831
2344,華邦電,61,17,44,元大-四維,2023-04-28,9831
4979,華星光,62,19,43,元大-四維,2023-04-28,9831
3715,定穎投控,43,2,41,元大-四維,2023-04-28,9831
1440,南紡,40,0,40,元大-四維,2023-04-28,9831
2634,漢翔,165,126,39,元大-四維,2023-04-28,9831
1711,永光,44,5,39,元大-四維,2023-04-28,9831
2206,三陽工業,42,9,33,元大-四維,2023-04-28,9831
1907,永豐餘,31,4,27,元大-四維,2023-04-28,9831
2368,金像電,29,4,25,元大-四維,2023-04-28,9831
1733,五鼎,25,0,25,元大-四維,2023-04-28,9831
00720B,元大投資級公司債,24,0,24,元大-四維,2023-04-28,9831
00680L,元大美債20正2,25,3,22,元大-四維,2023-04-28,9831
1101,台泥,25,4,21,元大-四維,2023-04-28,9831
00907,永豐優息存股,20,0,20,元大-四維,2023-04-28,9831
1444,力麗,20,1,19,元大-四維,2023-04-28,9831
00772B,中信高評級公司債,18,0,18,元大-四維,2023-04-28,9831
6209,今國光,17,0,17,元大-四維,2023-04-28,9831
8227,巨有科技,20,3,17,元大-四維,2023-04-28,9831
2748,雲品,16,0,16,元大-四維,2023-04-28,9831
3705,永信,18,2,16,元大-四維,2023-04-28,9831
8222,寶一,142,127,15,元大-四維,2023-04-28,9831
2428,興勤,16,2,14,元大-四維,2023-04-28,9831
6182,合晶,13,0,13,元大-四維,2023-04-28,9831
1586,和勤,13,0,13,元大-四維,2023-04-28,9831
3499,環天科,13,0,13,元大-四維,2023-04-28,9831
00673R,期元大S＆P原油反1,15,2,13,元大-四維,2023-04-28,9831
3081,聯亞,11,0,11,元大-四維,2023-04-28,9831
2633,台灣高鐵,12,1,11,元大-四維,2023-04-28,9831
3714,富采,11,0,11,元大-四維,2023-04-28,9831
5351,鈺創,15,5,10,元大-四維,2023-04-28,9831
3035,智原,10,0,10,元大-四維,2023-04-28,9831
8024,佑華,10,0,10,元大-四維,2023-04-28,9831
00715L,期街口布蘭特正2,19,9,10,元大-四維,2023-04-28,9831
5347,世界,13,3,10,元大-四維,2023-04-28,9831
1219,福壽,10,0,10,元大-四維,2023-04-28,9831
2515,中工,54,44,10,元大-四維,2023-04-28,9831
1339,昭輝,10,0,10,元大-四維,2023-04-28,9831
3686,達能,10,0,10,元大-四維,2023-04-28,9831
2383,台光電,10,0,10,元大-四維,2023-04-28,9831
3430,奇鈦科,10,0,10,元大-四維,2023-04-28,9831
1717,長興,10,1,9,元大-四維,2023-04-28,9831
3712,永崴投控,174,9,165,元大-四維,2023-05-02,9831
1605,華新,123,10,113,元大-四維,2023-05-02,9831
5009,榮剛,121,15,106,元大-四維,2023-05-02,9831
00891,中信關鍵半導體,102,8,94,元大-四維,2023-05-02,9831
2603,長榮,100,18,82,元大-四維,2023-05-02,9831
00878,國泰永續高股息,90,20,70,元大-四維,2023-05-02,9831
2412,中華電,61,0,61,元大-四維,2023-05-02,9831
1734,杏輝,46,3,43,元大-四維,2023-05-02,9831
2609,陽明,59,21,38,元大-四維,2023-05-02,9831
2495,普安,51,14,37,元大-四維,2023-05-02,9831
2913,農林,40,6,34,元大-四維,2023-05-02,9831
4108,懷特,30,0,30,元大-四維,2023-05-02,9831
00680L,元大美債20正2,29,0,29,元大-四維,2023-05-02,9831
00679B,元大美債20年,30,2,28,元大-四維,2023-05-02,9831
00632R,元大台灣50反1,27,0,27,元大-四維,2023-05-02,9831
00720B,元大投資級公司債,25,0,25,元大-四維,2023-05-02,9831
3058,立德,25,0,25,元大-四維,2023-05-02,9831
2344,華邦電,29,5,24,元大-四維,2023-05-02,9831
1314,中石化,33,10,23,元大-四維,2023-05-02,9831
2413,環科,23,1,22,元大-四維,2023-05-02,9831
2492,華新科,24,3,21,元大-四維,2023-05-02,9831
4967,十銓,28,8,20,元大-四維,2023-05-02,9831
00665L,富邦�琤肭磪囓�2,20,0,20,元大-四維,2023-05-02,9831
8121,越峰,23,3,20,元大-四維,2023-05-02,9831
6244,茂迪,28,8,20,元大-四維,2023-05-02,9831
1909,榮成,19,0,19,元大-四維,2023-05-02,9831
1310,台苯,24,5,19,元大-四維,2023-05-02,9831
4121,優盛,28,11,17,元大-四維,2023-05-02,9831
00713,元大台灣高息低波,22,5,17,元大-四維,2023-05-02,9831
2884,玉山金,18,2,16,元大-四維,2023-05-02,9831
00751B,元大AAA至A公司債,16,0,16,元大-四維,2023-05-02,9831
6185,幃翔,16,0,16,元大-四維,2023-05-02,9831
2331,精英,21,5,16,元大-四維,2023-05-02,9831
3011,今皓,15,0,15,元大-四維,2023-05-02,9831
2515,中工,52,37,15,元大-四維,2023-05-02,9831
8222,寶一,30,15,15,元大-四維,2023-05-02,9831
3706,神達,14,0,14,元大-四維,2023-05-02,9831
6689,伊雲谷,21,7,14,元大-四維,2023-05-02,9831
2462,良得電,18,5,13,元大-四維,2023-05-02,9831
3362,先進光,16,3,13,元大-四維,2023-05-02,9831
3189,景碩,13,1,12,元大-四維,2023-05-02,9831
0050,元大台灣50,12,1,11,元大-四維,2023-05-02,9831
2891,中信金,20,9,11,元大-四維,2023-05-02,9831
8105,凌巨,11,0,11,元大-四維,2023-05-02,9831
1809,中釉,12,1,11,元大-四維,2023-05-02,9831
2206,三陽工業,27,16,11,元大-四維,2023-05-02,9831
2002,中鋼,17,7,10,元大-四維,2023-05-02,9831
3056,富華新,11,1,10,元大-四維,2023-05-02,9831
6477,安集,20,10,10,元大-四維,2023-05-02,9831
00898,國泰基因免疫革命,10,0,10,元大-四維,2023-05-02,9831
00715L,期街口布蘭特正2,444,142,302,元大-四維,2023-05-03,9831
00878,國泰永續高股息,215,7,208,元大-四維,2023-05-03,9831
3481,群創,136,2,134,元大-四維,2023-05-03,9831
00712,復華富時不動產,63,0,63,元大-四維,2023-05-03,9831
6133,金橋,60,0,60,元大-四維,2023-05-03,9831
2609,陽明,87,28,59,元大-四維,2023-05-03,9831
2603,長榮,81,27,54,元大-四維,2023-05-03,9831
2834,臺企銀,73,25,48,元大-四維,2023-05-03,9831
00642U,期元大S＆P石油,48,0,48,元大-四維,2023-05-03,9831
1711,永光,47,0,47,元大-四維,2023-05-03,9831
1101,台泥,61,20,41,元大-四維,2023-05-03,9831
00637L,元大滬深300正2,60,20,40,元大-四維,2023-05-03,9831
00665L,富邦�琤肭磪囓�2,49,10,39,元大-四維,2023-05-03,9831
3419,譁裕,53,19,34,元大-四維,2023-05-03,9831
3231,緯創,41,12,29,元大-四維,2023-05-03,9831
2495,普安,41,15,26,元大-四維,2023-05-03,9831
2352,佳世達,28,3,25,元大-四維,2023-05-03,9831
00888,永豐台灣ESG,25,0,25,元大-四維,2023-05-03,9831
6770,力積電,23,0,23,元大-四維,2023-05-03,9831
6806,森崴能源,25,3,22,元大-四維,2023-05-03,9831
1905,華紙,121,99,22,元大-四維,2023-05-03,9831
3712,永崴投控,25,3,22,元大-四維,2023-05-03,9831
2636,台驊控股,21,0,21,元大-四維,2023-05-03,9831
6153,嘉聯益,20,0,20,元大-四維,2023-05-03,9831
4974,亞泰,20,0,20,元大-四維,2023-05-03,9831
1314,中石化,65,45,20,元大-四維,2023-05-03,9831
6191,精成科,20,0,20,元大-四維,2023-05-03,9831
2206,三陽工業,44,25,19,元大-四維,2023-05-03,9831
5465,富驊,32,13,19,元大-四維,2023-05-03,9831
2885,元大金,20,1,19,元大-四維,2023-05-03,9831
4968,立積,22,4,18,元大-四維,2023-05-03,9831
00650L,復華香港正2,52,35,17,元大-四維,2023-05-03,9831
2360,致茂,17,0,17,元大-四維,2023-05-03,9831
1795,美時,17,1,16,元大-四維,2023-05-03,9831
1504,東元,28,12,16,元大-四維,2023-05-03,9831
2359,所羅門,15,0,15,元大-四維,2023-05-03,9831
6550,北極星藥業-KY,17,2,15,元大-四維,2023-05-03,9831
3703,欣陸,14,0,14,元大-四維,2023-05-03,9831
00753L,中信中國50正2,24,10,14,元大-四維,2023-05-03,9831
2880,華南金,13,0,13,元大-四維,2023-05-03,9831
2904,匯僑,13,0,13,元大-四維,2023-05-03,9831
6244,茂迪,19,6,13,元大-四維,2023-05-03,9831
3029,零壹,21,8,13,元大-四維,2023-05-03,9831
2201,裕隆,15,2,13,元大-四維,2023-05-03,9831
2482,連宇,14,2,12,元大-四維,2023-05-03,9831
00690,兆豐藍籌30,12,0,12,元大-四維,2023-05-03,9831
1809,中釉,24,12,12,元大-四維,2023-05-03,9831
2605,新興,11,0,11,元大-四維,2023-05-03,9831
6282,康舒,12,1,11,元大-四維,2023-05-03,9831
2492,華新科,18,7,11,元大-四維,2023-05-03,9831
00715L,期街口布蘭特正2,721,12,709,元大-四維,2023-05-04,9831
2610,華航,240,14,226,元大-四維,2023-05-04,9831
00878,國泰永續高股息,116,21,95,元大-四維,2023-05-04,9831
2206,三陽工業,83,18,65,元大-四維,2023-05-04,9831
3209,全科,65,0,65,元大-四維,2023-05-04,9831
00642U,期元大S＆P石油,57,0,57,元大-四維,2023-05-04,9831
00712,復華富時不動產,51,0,51,元大-四維,2023-05-04,9831
4107,邦特,50,0,50,元大-四維,2023-05-04,9831
2031,新光鋼,50,1,49,元大-四維,2023-05-04,9831
2913,農林,48,5,43,元大-四維,2023-05-04,9831
2022,聚亨,41,2,39,元大-四維,2023-05-04,9831
5009,榮剛,51,13,38,元大-四維,2023-05-04,9831
00680L,元大美債20正2,32,1,31,元大-四維,2023-05-04,9831
00888,永豐台灣ESG,30,0,30,元大-四維,2023-05-04,9831
1303,南亞,30,0,30,元大-四維,2023-05-04,9831
6288,聯嘉,30,1,29,元大-四維,2023-05-04,9831
6167,久正,36,8,28,元大-四維,2023-05-04,9831
8046,南電,27,1,26,元大-四維,2023-05-04,9831
6806,森崴能源,34,8,26,元大-四維,2023-05-04,9831
4961,天鈺,25,0,25,元大-四維,2023-05-04,9831
6161,捷波,27,2,25,元大-四維,2023-05-04,9831
1514,亞力,32,8,24,元大-四維,2023-05-04,9831
4967,十銓,27,3,24,元大-四維,2023-05-04,9831
2104,國際中橡,22,1,21,元大-四維,2023-05-04,9831
00679B,元大美債20年,36,15,21,元大-四維,2023-05-04,9831
0050,元大台灣50,22,2,20,元大-四維,2023-05-04,9831
6148,驊宏資,28,8,20,元大-四維,2023-05-04,9831
4129,聯合,22,2,20,元大-四維,2023-05-04,9831
2633,台灣高鐵,20,0,20,元大-四維,2023-05-04,9831
5475,德宏,20,0,20,元大-四維,2023-05-04,9831
5469,瀚宇博,25,6,19,元大-四維,2023-05-04,9831
3712,永崴投控,41,22,19,元大-四維,2023-05-04,9831
2208,台船,23,5,18,元大-四維,2023-05-04,9831
2313,華通,20,3,17,元大-四維,2023-05-04,9831
1905,華紙,39,22,17,元大-四維,2023-05-04,9831
1110,東泥,17,0,17,元大-四維,2023-05-04,9831
2409,友達,17,0,17,元大-四維,2023-05-04,9831
1314,中石化,32,15,17,元大-四維,2023-05-04,9831
2634,漢翔,57,41,16,元大-四維,2023-05-04,9831
6531,愛普*,18,2,16,元大-四維,2023-05-04,9831
6218,豪勉,19,3,16,元大-四維,2023-05-04,9831
2324,仁寶,16,0,16,元大-四維,2023-05-04,9831
4968,立積,37,21,16,元大-四維,2023-05-04,9831
5222,全訊,15,1,14,元大-四維,2023-05-04,9831
3272,東碩,15,1,14,元大-四維,2023-05-04,9831
00772B,中信高評級公司債,15,1,14,元大-四維,2023-05-04,9831
6589,台康生技,25,11,14,元大-四維,2023-05-04,9831
2027,大成鋼,19,5,14,元大-四維,2023-05-04,9831
3046,建��,15,2,13,元大-四維,2023-05-04,9831
3005,神基,18,5,13,元大-四維,2023-05-04,9831
3712,永崴投控,364,7,357,元大-四維,2023-05-05,9831
00715L,期街口布蘭特正2,96,5,91,元大-四維,2023-05-05,9831
00878,國泰永續高股息,81,6,75,元大-四維,2023-05-05,9831
1314,中石化,80,10,70,元大-四維,2023-05-05,9831
3209,全科,66,1,65,元大-四維,2023-05-05,9831
2353,宏��,58,2,56,元大-四維,2023-05-05,9831
2233,宇隆,52,0,52,元大-四維,2023-05-05,9831
3481,群創,54,2,52,元大-四維,2023-05-05,9831
2208,台船,54,12,42,元大-四維,2023-05-05,9831
00900,富邦特選高股息30,53,12,41,元大-四維,2023-05-05,9831
2838,聯邦銀,40,0,40,元大-四維,2023-05-05,9831
00712,復華富時不動產,38,1,37,元大-四維,2023-05-05,9831
8215,明基材,51,14,37,元大-四維,2023-05-05,9831
00720B,元大投資級公司債,32,0,32,元大-四維,2023-05-05,9831
2633,台灣高鐵,44,12,32,元大-四維,2023-05-05,9831
4744,皇將,38,7,31,元大-四維,2023-05-05,9831
5243,乙盛-KY,30,0,30,元大-四維,2023-05-05,9831
8936,國統,30,0,30,元大-四維,2023-05-05,9831
2374,佳能,25,0,25,元大-四維,2023-05-05,9831
1609,大亞,167,142,25,元大-四維,2023-05-05,9831
2002,中鋼,31,7,24,元大-四維,2023-05-05,9831
6443,元晶,34,10,24,元大-四維,2023-05-05,9831
3362,先進光,25,3,22,元大-四維,2023-05-05,9831
6244,茂迪,41,19,22,元大-四維,2023-05-05,9831
2344,華邦電,23,2,21,元大-四維,2023-05-05,9831
8927,北基,21,0,21,元大-四維,2023-05-05,9831
00888,永豐台灣ESG,20,0,20,元大-四維,2023-05-05,9831
00772B,中信高評級公司債,20,0,20,元大-四維,2023-05-05,9831
2812,台中銀,24,5,19,元大-四維,2023-05-05,9831
4123,晟德,24,5,19,元大-四維,2023-05-05,9831
5009,榮剛,28,10,18,元大-四維,2023-05-05,9831
1514,亞力,19,1,18,元大-四維,2023-05-05,9831
00679B,元大美債20年,18,0,18,元大-四維,2023-05-05,9831
6592,和潤企業,51,33,18,元大-四維,2023-05-05,9831
1605,華新,49,32,17,元大-四維,2023-05-05,9831
6191,精成科,27,10,17,元大-四維,2023-05-05,9831
2480,敦陽科,17,2,15,元大-四維,2023-05-05,9831
3563,牧德,15,0,15,元大-四維,2023-05-05,9831
00751B,元大AAA至A公司債,14,0,14,元大-四維,2023-05-05,9831
2324,仁寶,15,1,14,元大-四維,2023-05-05,9831
3047,訊舟,14,0,14,元大-四維,2023-05-05,9831
2027,大成鋼,15,1,14,元大-四維,2023-05-05,9831
6161,捷波,13,0,13,元大-四維,2023-05-05,9831
6147,頎邦,12,0,12,元大-四維,2023-05-05,9831
4714,永捷,12,0,12,元大-四維,2023-05-05,9831
3711,日月光投控,11,0,11,元大-四維,2023-05-05,9831
1598,岱宇,11,0,11,元大-四維,2023-05-05,9831
1711,永光,11,0,11,元大-四維,2023-05-05,9831
00713,元大台灣高息低波,14,3,11,元大-四維,2023-05-05,9831
6274,台燿,17,6,11,元大-四維,2023-05-05,9831
2618,長榮航,151,5,146,元大-四維,2023-05-08,9831
1605,華新,117,22,95,元大-四維,2023-05-08,9831
2883,凱基金,155,83,72,元大-四維,2023-05-08,9831
3481,群創,72,2,70,元大-四維,2023-05-08,9831
9933,中鼎,50,0,50,元大-四維,2023-05-08,9831
1319,東陽,58,15,43,元大-四維,2023-05-08,9831
2031,新光鋼,41,0,41,元大-四維,2023-05-08,9831
8403,盛弘,33,1,32,元大-四維,2023-05-08,9831
2027,大成鋼,44,17,27,元大-四維,2023-05-08,9831
6133,金橋,27,0,27,元大-四維,2023-05-08,9831
8936,國統,33,7,26,元大-四維,2023-05-08,9831
2801,彰銀,40,15,25,元大-四維,2023-05-08,9831
4173,久裕,24,0,24,元大-四維,2023-05-08,9831
2838,聯邦銀,24,0,24,元大-四維,2023-05-08,9831
1218,泰山,61,38,23,元大-四維,2023-05-08,9831
00632R,元大台灣50反1,22,0,22,元大-四維,2023-05-08,9831
2633,台灣高鐵,21,0,21,元大-四維,2023-05-08,9831
2352,佳世達,19,1,18,元大-四維,2023-05-08,9831
4714,永捷,18,0,18,元大-四維,2023-05-08,9831
2812,台中銀,17,0,17,元大-四維,2023-05-08,9831
6443,元晶,19,1,18,元大-四維,2023-05-08,9831
2609,陽明,22,5,17,元大-四維,2023-05-08,9831
00713,元大台灣高息低波,19,2,17,元大-四維,2023-05-08,9831
4729,熒茂,17,0,17,元大-四維,2023-05-08,9831
1316,上曜,17,0,17,元大-四維,2023-05-08,9831
3338,泰碩,30,14,16,元大-四維,2023-05-08,9831
8171,天宇,18,2,16,元大-四維,2023-05-08,9831
00772B,中信高評級公司債,15,0,15,元大-四維,2023-05-08,9831
3005,神基,16,1,15,元大-四維,2023-05-08,9831
1598,岱宇,15,0,15,元大-四維,2023-05-08,9831
6245,立端,25,10,15,元大-四維,2023-05-08,9831
6690,安�硌穈T,16,2,14,元大-四維,2023-05-08,9831
1451,年興,15,1,14,元大-四維,2023-05-08,9831
2303,聯電,21,7,14,元大-四維,2023-05-08,9831
3714,富采,16,3,13,元大-四維,2023-05-08,9831
00857B,永豐20年美公債,13,0,13,元大-四維,2023-05-08,9831
5608,四維航,17,4,13,元大-四維,2023-05-08,9831
2376,技嘉,15,2,13,元大-四維,2023-05-08,9831
00773B,中信優先金融債,13,0,13,元大-四維,2023-05-08,9831
6446,藥華藥,13,1,12,元大-四維,2023-05-08,9831
2206,三陽工業,25,13,12,元大-四維,2023-05-08,9831
6290,良維,12,0,12,元大-四維,2023-05-08,9831
1612,宏泰,13,1,12,元大-四維,2023-05-08,9831
1529,樂事綠能,19,7,12,元大-四維,2023-05-08,9831
2615,萬海,26,14,12,元大-四維,2023-05-08,9831
2891,中信金,31,20,11,元大-四維,2023-05-08,9831
2834,臺企銀,11,0,11,元大-四維,2023-05-08,9831
1784,訊聯,11,0,11,元大-四維,2023-05-08,9831
4934,太極,11,0,11,元大-四維,2023-05-08,9831
3033,威健,11,0,11,元大-四維,2023-05-08,9831
2913,農林,105,13,92,元大-四維,2023-05-09,9831
2031,新光鋼,62,1,61,元大-四維,2023-05-09,9831
1708,東鹼,56,4,52,元大-四維,2023-05-09,9831
00720B,元大投資級公司債,51,0,51,元大-四維,2023-05-09,9831
2371,大同,52,8,44,元大-四維,2023-05-09,9831
2457,飛宏,59,16,43,元大-四維,2023-05-09,9831
2633,台灣高鐵,42,0,42,元大-四維,2023-05-09,9831
2618,長榮航,51,10,41,元大-四維,2023-05-09,9831
00878,國泰永續高股息,41,1,40,元大-四維,2023-05-09,9831
3628,盈正,35,0,35,元大-四維,2023-05-09,9831
2208,台船,45,10,35,元大-四維,2023-05-09,9831
6443,元晶,35,3,32,元大-四維,2023-05-09,9831
2634,漢翔,50,18,32,元大-四維,2023-05-09,9831
2801,彰銀,31,0,31,元大-四維,2023-05-09,9831
00888,永豐台灣ESG,29,0,29,元大-四維,2023-05-09,9831
2630,亞航,31,5,26,元大-四維,2023-05-09,9831
00751B,元大AAA至A公司債,26,0,26,元大-四維,2023-05-09,9831
2484,希華,26,0,26,元大-四維,2023-05-09,9831
00679B,元大美債20年,24,0,24,元大-四維,2023-05-09,9831
1513,中興電,50,26,24,元大-四維,2023-05-09,9831
00680L,元大美債20正2,23,0,23,元大-四維,2023-05-09,9831
2481,強茂,22,0,22,元大-四維,2023-05-09,9831
3011,今皓,21,0,21,元大-四維,2023-05-09,9831
3037,欣興,39,18,21,元大-四維,2023-05-09,9831
3025,星通,20,0,20,元大-四維,2023-05-09,9831
5398,慕康生醫,20,0,20,元大-四維,2023-05-09,9831
2442,新美齊,20,0,20,元大-四維,2023-05-09,9831
5309,系統電,21,1,20,元大-四維,2023-05-09,9831
1514,亞力,26,6,20,元大-四維,2023-05-09,9831
1218,泰山,23,3,20,元大-四維,2023-05-09,9831
1504,東元,42,23,19,元大-四維,2023-05-09,9831
6127,九豪,19,0,19,元大-四維,2023-05-09,9831
4728,雙美,18,0,18,元大-四維,2023-05-09,9831
4566,時碩工業,20,2,18,元大-四維,2023-05-09,9831
1905,華紙,69,51,18,元大-四維,2023-05-09,9831
00772B,中信高評級公司債,17,0,17,元大-四維,2023-05-09,9831
2359,所羅門,21,4,17,元大-四維,2023-05-09,9831
6531,愛普*,16,0,16,元大-四維,2023-05-09,9831
3708,上緯投控,17,1,16,元大-四維,2023-05-09,9831
1609,大亞,36,20,16,元大-四維,2023-05-09,9831
6282,康舒,21,5,16,元大-四維,2023-05-09,9831
00857B,永豐20年美公債,16,0,16,元大-四維,2023-05-09,9831
1786,科妍,21,5,16,元大-四維,2023-05-09,9831
1810,和成,15,0,15,元大-四維,2023-05-09,9831
6191,精成科,15,0,15,元大-四維,2023-05-09,9831
00885,富邦越南,15,0,15,元大-四維,2023-05-09,9831
6811,宏�硌穈T,15,0,15,元大-四維,2023-05-09,9831
2027,大成鋼,17,2,15,元大-四維,2023-05-09,9831
6180,橘子,16,1,15,元大-四維,2023-05-09,9831
3088,艾訊,15,0,15,元大-四維,2023-05-09,9831
2618,長榮航,288,174,114,元大-四維,2023-05-10,9831
00878,國泰永續高股息,125,12,113,元大-四維,2023-05-10,9831
2633,台灣高鐵,94,0,94,元大-四維,2023-05-10,9831
6116,彩晶,80,0,80,元大-四維,2023-05-10,9831
1609,大亞,130,52,78,元大-四維,2023-05-10,9831
00637L,元大滬深300正2,81,8,73,元大-四維,2023-05-10,9831
00665L,富邦�琤肭磪囓�2,70,0,70,元大-四維,2023-05-10,9831
00891,中信關鍵半導體,130,78,52,元大-四維,2023-05-10,9831
2376,技嘉,51,3,48,元大-四維,2023-05-10,9831
1314,中石化,43,0,43,元大-四維,2023-05-10,9831
8086,宏捷科,40,1,39,元大-四維,2023-05-10,9831
3711,日月光投控,28,0,28,元大-四維,2023-05-10,9831
9939,宏全,28,1,27,元大-四維,2023-05-10,9831
3231,緯創,42,15,27,元大-四維,2023-05-10,9831
1218,泰山,31,5,26,元大-四維,2023-05-10,9831
00713,元大台灣高息低波,31,6,25,元大-四維,2023-05-10,9831
1312,國喬,24,0,24,元大-四維,2023-05-10,9831
3209,全科,23,0,23,元大-四維,2023-05-10,9831
9904,寶成,23,0,23,元大-四維,2023-05-10,9831
2888,新光金,21,0,21,元大-四維,2023-05-10,9831
3207,耀勝,33,12,21,元大-四維,2023-05-10,9831
4960,誠美材,21,0,21,元大-四維,2023-05-10,9831
1220,台榮,20,0,20,元大-四維,2023-05-10,9831
5347,世界,21,1,20,元大-四維,2023-05-10,9831
2330,台積電,20,2,18,元大-四維,2023-05-10,9831
2504,國產,17,0,17,元大-四維,2023-05-10,9831
00679B,元大美債20年,17,1,16,元大-四維,2023-05-10,9831
2390,云辰,15,0,15,元大-四維,2023-05-10,9831
00888,永豐台灣ESG,15,0,15,元大-四維,2023-05-10,9831
6245,立端,22,7,15,元大-四維,2023-05-10,9831
4744,皇將,16,2,14,元大-四維,2023-05-10,9831
8390,金益鼎,19,5,14,元大-四維,2023-05-10,9831
00680L,元大美債20正2,14,0,14,元大-四維,2023-05-10,9831
6477,安集,14,0,14,元大-四維,2023-05-10,9831
8938,明安,14,2,12,元大-四維,2023-05-10,9831
3011,今皓,23,11,12,元大-四維,2023-05-10,9831
6274,台燿,11,0,11,元大-四維,2023-05-10,9831
4979,華星光,24,13,11,元大-四維,2023-05-10,9831
3576,聯合再生,11,0,11,元大-四維,2023-05-10,9831
1808,潤隆,11,0,11,元大-四維,2023-05-10,9831
6163,華電網,10,0,10,元大-四維,2023-05-10,9831
8069,元太,12,2,10,元大-四維,2023-05-10,9831
1440,南紡,11,1,10,元大-四維,2023-05-10,9831
2637,慧洋-KY,10,0,10,元大-四維,2023-05-10,9831
2492,華新科,13,3,10,元大-四維,2023-05-10,9831
4538,大詠城,10,0,10,元大-四維,2023-05-10,9831
3057,喬鼎,10,0,10,元大-四維,2023-05-10,9831
4974,亞泰,10,0,10,元大-四維,2023-05-10,9831
2406,國碩,10,0,10,元大-四維,2023-05-10,9831
3663,鑫科,10,0,10,元大-四維,2023-05-10,9831
3024,憶聲,120,0,120,元大-四維,2023-05-11,9831
3576,聯合再生,106,0,106,元大-四維,2023-05-11,9831
2888,新光金,110,5,105,元大-四維,2023-05-11,9831
00753L,中信中國50正2,101,3,98,元大-四維,2023-05-11,9831
6133,金橋,62,0,62,元大-四維,2023-05-11,9831
5009,榮剛,65,4,61,元大-四維,2023-05-11,9831
4916,事欣科,54,0,54,元大-四維,2023-05-11,9831
2453,凌群,66,14,52,元大-四維,2023-05-11,9831
00674R,期元大S＆P黃金反1,40,0,40,元大-四維,2023-05-11,9831
2409,友達,40,0,40,元大-四維,2023-05-11,9831
2618,長榮航,128,88,40,元大-四維,2023-05-11,9831
1609,大亞,67,28,39,元大-四維,2023-05-11,9831
2206,三陽工業,46,8,38,元大-四維,2023-05-11,9831
3221,台嘉碩,35,0,35,元大-四維,2023-05-11,9831
00751B,元大AAA至A公司債,32,0,32,元大-四維,2023-05-11,9831
2413,環科,34,3,31,元大-四維,2023-05-11,9831
2915,潤泰全,31,0,31,元大-四維,2023-05-11,9831
6215,和椿,30,0,30,元大-四維,2023-05-11,9831
3481,群創,32,2,30,元大-四維,2023-05-11,9831
8222,寶一,50,21,29,元大-四維,2023-05-11,9831
4958,臻鼎-KY,34,6,28,元大-四維,2023-05-11,9831
00878,國泰永續高股息,49,23,26,元大-四維,2023-05-11,9831
4744,皇將,41,17,24,元大-四維,2023-05-11,9831
3033,威健,24,0,24,元大-四維,2023-05-11,9831
3492,長盛,24,0,24,元大-四維,2023-05-11,9831
2201,裕隆,27,4,23,元大-四維,2023-05-11,9831
2359,所羅門,30,8,22,元大-四維,2023-05-11,9831
6275,元山,22,0,22,元大-四維,2023-05-11,9831
2633,台灣高鐵,20,0,20,元大-四維,2023-05-11,9831
2029,盛餘,20,0,20,元大-四維,2023-05-11,9831
2838,聯邦銀,20,0,20,元大-四維,2023-05-11,9831
2538,基泰,20,0,20,元大-四維,2023-05-11,9831
6160,欣技,27,7,20,元大-四維,2023-05-11,9831
3038,全台,23,4,19,元大-四維,2023-05-11,9831
6127,九豪,19,0,19,元大-四維,2023-05-11,9831
6122,擎邦,52,34,18,元大-四維,2023-05-11,9831
1101,台泥,26,8,18,元大-四維,2023-05-11,9831
2457,飛宏,32,15,17,元大-四維,2023-05-11,9831
2388,威盛,20,3,17,元大-四維,2023-05-11,9831
2317,鴻海,18,2,16,元大-四維,2023-05-11,9831
5519,隆大,31,15,16,元大-四維,2023-05-11,9831
4130,健亞,16,0,16,元大-四維,2023-05-11,9831
2705,六福,15,0,15,元大-四維,2023-05-11,9831
2421,建準,22,7,15,元大-四維,2023-05-11,9831
9933,中鼎,15,0,15,元大-四維,2023-05-11,9831
2329,華泰,15,0,15,元大-四維,2023-05-11,9831
1736,喬山,15,0,15,元大-四維,2023-05-11,9831
2634,漢翔,84,70,14,元大-四維,2023-05-11,9831
2610,華航,52,38,14,元大-四維,2023-05-11,9831
2603,長榮,28,14,14,元大-四維,2023-05-11,9831
00715L,期街口布蘭特正2,347,0,347,元大-四維,2023-05-12,9831
2317,鴻海,108,6,102,元大-四維,2023-05-12,9831
2027,大成鋼,98,0,98,元大-四維,2023-05-12,9831
1314,中石化,92,17,75,元大-四維,2023-05-12,9831
00878,國泰永續高股息,86,13,73,元大-四維,2023-05-12,9831
2882,國泰金,58,3,55,元大-四維,2023-05-12,9831
1101,台泥,57,5,52,元大-四維,2023-05-12,9831
2888,新光金,51,0,51,元大-四維,2023-05-12,9831
3576,聯合再生,54,10,44,元大-四維,2023-05-12,9831
1736,喬山,41,0,41,元大-四維,2023-05-12,9831
3545,敦泰,40,0,40,元大-四維,2023-05-12,9831
00888,永豐台灣ESG,40,0,40,元大-四維,2023-05-12,9831
00637L,元大滬深300正2,44,6,38,元大-四維,2023-05-12,9831
6285,啟��,38,2,36,元大-四維,2023-05-12,9831
4174,浩鼎,35,0,35,元大-四維,2023-05-12,9831
2331,精英,46,13,33,元大-四維,2023-05-12,9831
2014,中鴻,32,1,31,元大-四維,2023-05-12,9831
6282,康舒,37,9,28,元大-四維,2023-05-12,9831
4908,前鼎,30,3,27,元大-四維,2023-05-12,9831
6592,和潤企業,27,2,25,元大-四維,2023-05-12,9831
2890,永豐金,25,0,25,元大-四維,2023-05-12,9831
2889,國票金,24,0,24,元大-四維,2023-05-12,9831
00882,中信中國高股息,24,0,24,元大-四維,2023-05-12,9831
4721,美琪瑪,24,0,24,元大-四維,2023-05-12,9831
2885,元大金,23,0,23,元大-四維,2023-05-12,9831
2376,技嘉,25,2,23,元大-四維,2023-05-12,9831
2891,中信金,22,0,22,元大-四維,2023-05-12,9831
00674R,期元大S＆P黃金反1,21,0,21,元大-四維,2023-05-12,9831
2303,聯電,24,3,21,元大-四維,2023-05-12,9831
3264,欣銓,20,0,20,元大-四維,2023-05-12,9831
2538,基泰,20,0,20,元大-四維,2023-05-12,9831
00753L,中信中國50正2,22,2,20,元大-四維,2023-05-12,9831
1218,泰山,21,4,17,元大-四維,2023-05-12,9831
3481,群創,19,4,15,元大-四維,2023-05-12,9831
00907,永豐優息存股,15,0,15,元大-四維,2023-05-12,9831
4114,健喬,15,1,14,元大-四維,2023-05-12,9831
2633,台灣高鐵,14,0,14,元大-四維,2023-05-12,9831
2409,友達,14,0,14,元大-四維,2023-05-12,9831
2542,興富發,19,5,14,元大-四維,2023-05-12,9831
1528,恩德,22,11,11,元大-四維,2023-05-12,9831
5533,皇鼎,11,0,11,元大-四維,2023-05-12,9831
2915,潤泰全,11,0,11,元大-四維,2023-05-12,9831
2371,大同,104,93,11,元大-四維,2023-05-12,9831
4960,誠美材,10,0,10,元大-四維,2023-05-12,9831
3494,誠研,10,0,10,元大-四維,2023-05-12,9831
1569,濱川,10,0,10,元大-四維,2023-05-12,9831
8936,國統,10,0,10,元大-四維,2023-05-12,9831
4130,健亞,10,0,10,元大-四維,2023-05-12,9831
4952,凌通,10,0,10,元大-四維,2023-05-12,9831
3483,力致,11,1,10,元大-四維,2023-05-12,9831
00632R,元大台灣50反1,200,8,192,元大-四維,2023-05-15,9831
1314,中石化,156,0,156,元大-四維,2023-05-15,9831
9933,中鼎,124,2,122,元大-四維,2023-05-15,9831
0056,元大高股息,103,7,96,元大-四維,2023-05-15,9831
4931,新盛力,83,0,83,元大-四維,2023-05-15,9831
3037,欣興,81,17,64,元大-四維,2023-05-15,9831
4114,健喬,53,0,53,元大-四維,2023-05-15,9831
00878,國泰永續高股息,90,46,44,元大-四維,2023-05-15,9831
00637L,元大滬深300正2,70,28,42,元大-四維,2023-05-15,9831
2489,瑞軒,42,0,42,元大-四維,2023-05-15,9831
1101,台泥,47,6,41,元大-四維,2023-05-15,9831
5009,榮剛,44,5,39,元大-四維,2023-05-15,9831
6531,愛普*,38,7,31,元大-四維,2023-05-15,9831
4119,旭富,28,2,26,元大-四維,2023-05-15,9831
4123,晟德,35,10,25,元大-四維,2023-05-15,9831
2618,長榮航,47,26,21,元大-四維,2023-05-15,9831
4961,天鈺,20,0,20,元大-四維,2023-05-15,9831
2492,華新科,19,1,18,元大-四維,2023-05-15,9831
00888,永豐台灣ESG,22,5,17,元大-四維,2023-05-15,9831
2705,六福,17,1,16,元大-四維,2023-05-15,9831
1218,泰山,18,2,16,元大-四維,2023-05-15,9831
3046,建��,20,5,15,元大-四維,2023-05-15,9831
3105,穩懋,15,0,15,元大-四維,2023-05-15,9831
00753L,中信中國50正2,26,11,15,元大-四維,2023-05-15,9831
6127,九豪,15,0,15,元大-四維,2023-05-15,9831
00885,富邦越南,38,23,15,元大-四維,2023-05-15,9831
3231,緯創,80,66,14,元大-四維,2023-05-15,9831
2317,鴻海,22,9,13,元大-四維,2023-05-15,9831
00715L,期街口布蘭特正2,13,0,13,元大-四維,2023-05-15,9831
2349,錸德,15,2,13,元大-四維,2023-05-15,9831
8092,建暐,13,0,13,元大-四維,2023-05-15,9831
9934,成霖,13,0,13,元大-四維,2023-05-15,9831
4721,美琪瑪,12,0,12,元大-四維,2023-05-15,9831
1514,亞力,28,16,12,元大-四維,2023-05-15,9831
1584,精剛,12,0,12,元大-四維,2023-05-15,9831
1709,和益,12,0,12,元大-四維,2023-05-15,9831
3576,聯合再生,17,5,12,元大-四維,2023-05-15,9831
1784,訊聯,14,2,12,元大-四維,2023-05-15,9831
6147,頎邦,11,0,11,元大-四維,2023-05-15,9831
3033,威健,13,2,11,元大-四維,2023-05-15,9831
4746,台耀,11,0,11,元大-四維,2023-05-15,9831
00679B,元大美債20年,13,2,11,元大-四維,2023-05-15,9831
3481,群創,11,1,10,元大-四維,2023-05-15,9831
1718,中纖,10,0,10,元大-四維,2023-05-15,9831
00720B,元大投資級公司債,10,0,10,元大-四維,2023-05-15,9831
6472,保瑞,13,3,10,元大-四維,2023-05-15,9831
3189,景碩,10,0,10,元大-四維,2023-05-15,9831
3062,建漢,10,0,10,元大-四維,2023-05-15,9831
9944,新麗,10,0,10,元大-四維,2023-05-15,9831
2538,基泰,10,0,10,元大-四維,2023-05-15,9831
00632R,元大台灣50反1,360,0,360,元大-四維,2023-05-16,9831
2323,中環,155,40,115,元大-四維,2023-05-16,9831
00878,國泰永續高股息,134,40,94,元大-四維,2023-05-16,9831
6160,欣技,106,29,77,元大-四維,2023-05-16,9831
00679B,元大美債20年,67,2,65,元大-四維,2023-05-16,9831
6191,精成科,56,1,55,元大-四維,2023-05-16,9831
00751B,元大AAA至A公司債,48,0,48,元大-四維,2023-05-16,9831
1314,中石化,49,5,44,元大-四維,2023-05-16,9831
00720B,元大投資級公司債,34,0,34,元大-四維,2023-05-16,9831
2201,裕隆,48,16,32,元大-四維,2023-05-16,9831
2603,長榮,39,10,29,元大-四維,2023-05-16,9831
2317,鴻海,29,3,26,元大-四維,2023-05-16,9831
4173,久裕,25,0,25,元大-四維,2023-05-16,9831
1316,上曜,25,0,25,元大-四維,2023-05-16,9831
1337,再生-KY,28,4,24,元大-四維,2023-05-16,9831
1734,杏輝,25,2,23,元大-四維,2023-05-16,9831
00795B,中信美國公債20年,22,0,22,元大-四維,2023-05-16,9831
1598,岱宇,29,7,22,元大-四維,2023-05-16,9831
9103,美德醫療-DR,22,0,22,元大-四維,2023-05-16,9831
9933,中鼎,22,1,21,元大-四維,2023-05-16,9831
4533,協易機,22,1,21,元大-四維,2023-05-16,9831
1210,大成,20,0,20,元大-四維,2023-05-16,9831
6425,易發,20,0,20,元大-四維,2023-05-16,9831
6190,萬泰科,20,0,20,元大-四維,2023-05-16,9831
2359,所羅門,19,0,19,元大-四維,2023-05-16,9831
1504,東元,78,60,18,元大-四維,2023-05-16,9831
2337,旺宏,17,0,17,元大-四維,2023-05-16,9831
2014,中鴻,16,1,15,元大-四維,2023-05-16,9831
1713,國化,15,0,15,元大-四維,2023-05-16,9831
1301,台塑,16,1,15,元大-四維,2023-05-16,9831
5258,虹堡,36,22,14,元大-四維,2023-05-16,9831
00772B,中信高評級公司債,13,0,13,元大-四維,2023-05-16,9831
2482,連宇,18,5,13,元大-四維,2023-05-16,9831
6142,友勁,13,0,13,元大-四維,2023-05-16,9831
00857B,永豐20年美公債,12,0,12,元大-四維,2023-05-16,9831
2206,三陽工業,69,57,12,元大-四維,2023-05-16,9831
2495,普安,12,1,11,元大-四維,2023-05-16,9831
00888,永豐台灣ESG,21,10,11,元大-四維,2023-05-16,9831
6698,旭暉應材,14,3,11,元大-四維,2023-05-16,9831
2332,友訊,45,35,10,元大-四維,2023-05-16,9831
6112,邁達特,16,6,10,元大-四維,2023-05-16,9831
1907,永豐餘,10,0,10,元大-四維,2023-05-16,9831
6180,橘子,10,0,10,元大-四維,2023-05-16,9831
5706,鳳凰,15,5,10,元大-四維,2023-05-16,9831
6592,和潤企業,11,1,10,元大-四維,2023-05-16,9831
2883,凱基金,21,12,9,元大-四維,2023-05-16,9831
3231,緯創,37,28,9,元大-四維,2023-05-16,9831
2368,金像電,13,4,9,元大-四維,2023-05-16,9831
4967,十銓,12,3,9,元大-四維,2023-05-16,9831
1904,正隆,10,2,8,元大-四維,2023-05-16,9831
00632R,元大台灣50反1,1713,0,1713,元大-四維,2023-05-17,9831
4533,協易機,410,23,387,元大-四維,2023-05-17,9831
00878,國泰永續高股息,153,5,148,元大-四維,2023-05-17,9831
6285,啟��,83,1,82,元大-四維,2023-05-17,9831
2313,華通,81,0,81,元大-四維,2023-05-17,9831
9110,越南控-DR,72,0,72,元大-四維,2023-05-17,9831
5009,榮剛,61,9,52,元大-四維,2023-05-17,9831
1513,中興電,64,16,48,元大-四維,2023-05-17,9831
4707,磐亞,40,0,40,元大-四維,2023-05-17,9831
00637L,元大滬深300正2,41,6,35,元大-四維,2023-05-17,9831
3078,僑威,41,7,34,元大-四維,2023-05-17,9831
2736,富野,36,3,33,元大-四維,2023-05-17,9831
2352,佳世達,40,9,31,元大-四維,2023-05-17,9831
00679B,元大美債20年,30,0,30,元大-四維,2023-05-17,9831
00669R,國泰美國道瓊反1,30,0,30,元大-四維,2023-05-17,9831
4746,台耀,48,19,29,元大-四維,2023-05-17,9831
8171,天宇,28,0,28,元大-四維,2023-05-17,9831
2634,漢翔,80,53,27,元大-四維,2023-05-17,9831
6234,高僑,27,1,26,元大-四維,2023-05-17,9831
9933,中鼎,26,0,26,元大-四維,2023-05-17,9831
2618,長榮航,25,0,25,元大-四維,2023-05-17,9831
00882,中信中國高股息,22,0,22,元大-四維,2023-05-17,9831
00751B,元大AAA至A公司債,19,0,19,元大-四維,2023-05-17,9831
2402,毅嘉,49,31,18,元大-四維,2023-05-17,9831
2743,山富,24,7,17,元大-四維,2023-05-17,9831
6712,長聖,15,0,15,元大-四維,2023-05-17,9831
00670L,富邦NASDAQ正2,15,0,15,元大-四維,2023-05-17,9831
00720B,元大投資級公司債,19,5,14,元大-四維,2023-05-17,9831
3034,聯詠,13,1,12,元大-四維,2023-05-17,9831
00795B,中信美國公債20年,12,0,12,元大-四維,2023-05-17,9831
6269,台郡,11,0,11,元大-四維,2023-05-17,9831
2812,台中銀,11,0,11,元大-四維,2023-05-17,9831
00753L,中信中國50正2,11,0,11,元大-四維,2023-05-17,9831
3481,群創,16,6,10,元大-四維,2023-05-17,9831
4111,濟生,10,0,10,元大-四維,2023-05-17,9831
00673R,期元大S＆P原油反1,10,0,10,元大-四維,2023-05-17,9831
2515,中工,44,34,10,元大-四維,2023-05-17,9831
3058,立德,10,1,9,元大-四維,2023-05-17,9831
4908,前鼎,9,0,9,元大-四維,2023-05-17,9831
4162,智擎,10,1,9,元大-四維,2023-05-17,9831
5906,台南-KY,9,0,9,元大-四維,2023-05-17,9831
4979,華星光,13,4,9,元大-四維,2023-05-17,9831
3071,協禧,12,3,9,元大-四維,2023-05-17,9831
8940,新天地,9,0,9,元大-四維,2023-05-17,9831
00687B,國泰20年美債,8,0,8,元大-四維,2023-05-17,9831
2353,宏��,10,2,8,元大-四維,2023-05-17,9831
6185,幃翔,11,3,8,元大-四維,2023-05-17,9831
2457,飛宏,33,25,8,元大-四維,2023-05-17,9831
1101,台泥,10,3,7,元大-四維,2023-05-17,9831
1519,華城,8,1,7,元大-四維,2023-05-17,9831
00632R,元大台灣50反1,523,220,303,元大-四維,2023-05-18,9831
2337,旺宏,100,3,97,元大-四維,2023-05-18,9831
3380,明泰,75,0,75,元大-四維,2023-05-18,9831
4906,正文,71,1,70,元大-四維,2023-05-18,9831
8222,寶一,133,65,68,元大-四維,2023-05-18,9831
9933,中鼎,46,0,46,元大-四維,2023-05-18,9831
2402,毅嘉,39,6,33,元大-四維,2023-05-18,9831
2352,佳世達,47,15,32,元大-四維,2023-05-18,9831
2206,三陽工業,69,37,32,元大-四維,2023-05-18,9831
2887,台新金,30,0,30,元大-四維,2023-05-18,9831
4114,健喬,30,0,30,元大-四維,2023-05-18,9831
2492,華新科,30,4,26,元大-四維,2023-05-18,9831
6122,擎邦,36,11,25,元大-四維,2023-05-18,9831
4721,美琪瑪,27,3,24,元大-四維,2023-05-18,9831
00712,復華富時不動產,23,0,23,元大-四維,2023-05-18,9831
1451,年興,22,0,22,元大-四維,2023-05-18,9831
6806,森崴能源,21,0,21,元大-四維,2023-05-18,9831
00655L,國泰中國A50正2,20,0,20,元大-四維,2023-05-18,9831
00679B,元大美債20年,29,10,19,元大-四維,2023-05-18,9831
00720B,元大投資級公司債,19,0,19,元大-四維,2023-05-18,9831
6285,啟��,22,3,19,元大-四維,2023-05-18,9831
5371,中光電,20,1,19,元大-四維,2023-05-18,9831
00663L,國泰臺灣加權正2,17,0,17,元大-四維,2023-05-18,9831
00751B,元大AAA至A公司債,17,0,17,元大-四維,2023-05-18,9831
2633,台灣高鐵,22,5,17,元大-四維,2023-05-18,9831
3056,富華新,16,0,16,元大-四維,2023-05-18,9831
6266,泰詠,18,2,16,元大-四維,2023-05-18,9831
2355,敬鵬,16,0,16,元大-四維,2023-05-18,9831
2734,易飛網,18,2,16,元大-四維,2023-05-18,9831
00857B,永豐20年美公債,16,0,16,元大-四維,2023-05-18,9831
1905,華紙,24,9,15,元大-四維,2023-05-18,9831
00637L,元大滬深300正2,49,34,15,元大-四維,2023-05-18,9831
3046,建��,24,10,14,元大-四維,2023-05-18,9831
2421,建準,25,11,14,元大-四維,2023-05-18,9831
00687B,國泰20年美債,13,0,13,元大-四維,2023-05-18,9831
00795B,中信美國公債20年,13,0,13,元大-四維,2023-05-18,9831
00680L,元大美債20正2,13,0,13,元大-四維,2023-05-18,9831
1314,中石化,17,4,13,元大-四維,2023-05-18,9831
8928,鉅明,13,0,13,元大-四維,2023-05-18,9831
3362,先進光,52,40,12,元大-四維,2023-05-18,9831
00676R,富邦臺灣加權反1,15,3,12,元大-四維,2023-05-18,9831
3034,聯詠,11,0,11,元大-四維,2023-05-18,9831
6288,聯嘉,13,2,11,元大-四維,2023-05-18,9831
6443,元晶,11,1,10,元大-四維,2023-05-18,9831
3062,建漢,10,0,10,元大-四維,2023-05-18,9831
00664R,國泰臺灣加權反1,10,0,10,元大-四維,2023-05-18,9831
2538,基泰,10,0,10,元大-四維,2023-05-18,9831
3483,力致,10,0,10,元大-四維,2023-05-18,9831
5243,乙盛-KY,13,3,10,元大-四維,2023-05-18,9831
8011,台通,10,0,10,元大-四維,2023-05-18,9831
00632R,元大台灣50反1,546,41,505,元大-四維,2023-05-19,9831
2332,友訊,248,87,161,元大-四維,2023-05-19,9831
3038,全台,201,75,126,元大-四維,2023-05-19,9831
00753L,中信中國50正2,117,2,115,元大-四維,2023-05-19,9831
5009,榮剛,151,49,102,元大-四維,2023-05-19,9831
00665L,富邦�琤肭磪囓�2,121,40,81,元大-四維,2023-05-19,9831
00637L,元大滬深300正2,109,33,76,元大-四維,2023-05-19,9831
6288,聯嘉,79,35,44,元大-四維,2023-05-19,9831
3419,譁裕,43,0,43,元大-四維,2023-05-19,9831
2453,凌群,56,14,42,元大-四維,2023-05-19,9831
2888,新光金,61,23,38,元大-四維,2023-05-19,9831
3011,今皓,38,1,37,元大-四維,2023-05-19,9831
3003,健和興,39,4,35,元大-四維,2023-05-19,9831
3362,先進光,40,9,31,元大-四維,2023-05-19,9831
2457,飛宏,53,30,23,元大-四維,2023-05-19,9831
00642U,期元大S＆P石油,23,0,23,元大-四維,2023-05-19,9831
9934,成霖,22,0,22,元大-四維,2023-05-19,9831
1605,華新,44,22,22,元大-四維,2023-05-19,9831
4968,立積,21,0,21,元大-四維,2023-05-19,9831
00751B,元大AAA至A公司債,22,1,21,元大-四維,2023-05-19,9831
00772B,中信高評級公司債,24,4,20,元大-四維,2023-05-19,9831
1301,台塑,21,1,20,元大-四維,2023-05-19,9831
6160,欣技,22,2,20,元大-四維,2023-05-19,9831
6142,友勁,20,1,19,元大-四維,2023-05-19,9831
3029,零壹,63,44,19,元大-四維,2023-05-19,9831
6148,驊宏資,18,0,18,元大-四維,2023-05-19,9831
4114,健喬,18,0,18,元大-四維,2023-05-19,9831
00720B,元大投資級公司債,19,1,18,元大-四維,2023-05-19,9831
00795B,中信美國公債20年,21,3,18,元大-四維,2023-05-19,9831
1101,台泥,23,6,17,元大-四維,2023-05-19,9831
1598,岱宇,17,1,16,元大-四維,2023-05-19,9831
3058,立德,16,0,16,元大-四維,2023-05-19,9831
2471,資通,21,6,15,元大-四維,2023-05-19,9831
3447,展達,15,0,15,元大-四維,2023-05-19,9831
2845,遠東銀,15,0,15,元大-四維,2023-05-19,9831
00882,中信中國高股息,15,0,15,元大-四維,2023-05-19,9831
3591,艾笛森,16,1,15,元大-四維,2023-05-19,9831
2634,漢翔,31,17,14,元大-四維,2023-05-19,9831
00680L,元大美債20正2,14,0,14,元大-四維,2023-05-19,9831
4163,鐿鈦,17,3,14,元大-四維,2023-05-19,9831
3059,華晶科,18,4,14,元大-四維,2023-05-19,9831
2482,連宇,22,8,14,元大-四維,2023-05-19,9831
3046,建��,16,2,14,元大-四維,2023-05-19,9831
2323,中環,31,18,13,元大-四維,2023-05-19,9831
6689,伊雲谷,29,16,13,元大-四維,2023-05-19,9831
6589,台康生技,14,1,13,元大-四維,2023-05-19,9831
8171,天宇,18,5,13,元大-四維,2023-05-19,9831
2887,台新金,17,4,13,元大-四維,2023-05-19,9831
6112,邁達特,18,6,12,元大-四維,2023-05-19,9831
1904,正隆,15,3,12,元大-四維,2023-05-19,9831
2031,新光鋼,110,2,108,元大-四維,2023-05-22,9831
00715L,期街口布蘭特正2,68,0,68,元大-四維,2023-05-22,9831
3058,立德,73,9,64,元大-四維,2023-05-22,9831
2337,旺宏,62,0,62,元大-四維,2023-05-22,9831
3481,群創,103,42,61,元大-四維,2023-05-22,9831
1504,東元,73,24,49,元大-四維,2023-05-22,9831
00679B,元大美債20年,49,1,48,元大-四維,2023-05-22,9831
00878,國泰永續高股息,54,9,45,元大-四維,2023-05-22,9831
2888,新光金,40,0,40,元大-四維,2023-05-22,9831
1608,華榮,40,3,37,元大-四維,2023-05-22,9831
6191,精成科,41,5,36,元大-四維,2023-05-22,9831
2453,凌群,37,1,36,元大-四維,2023-05-22,9831
6188,廣明,39,4,35,元大-四維,2023-05-22,9831
2883B,凱基金乙特,34,0,34,元大-四維,2023-05-22,9831
2201,裕隆,53,21,32,元大-四維,2023-05-22,9831
2633,台灣高鐵,32,1,31,元大-四維,2023-05-22,9831
2303,聯電,92,63,29,元大-四維,2023-05-22,9831
1609,大亞,45,17,28,元大-四維,2023-05-22,9831
4173,久裕,52,24,28,元大-四維,2023-05-22,9831
2618,長榮航,250,223,27,元大-四維,2023-05-22,9831
3207,耀勝,40,13,27,元大-四維,2023-05-22,9831
6282,康舒,58,34,24,元大-四維,2023-05-22,9831
00680L,元大美債20正2,23,1,22,元大-四維,2023-05-22,9831
3037,欣興,43,21,22,元大-四維,2023-05-22,9831
2006,東和鋼鐵,21,0,21,元大-四維,2023-05-22,9831
6592,和潤企業,23,2,21,元大-四維,2023-05-22,9831
3017,奇鋐,27,6,21,元大-四維,2023-05-22,9831
00687B,國泰20年美債,20,0,20,元大-四維,2023-05-22,9831
4721,美琪瑪,20,0,20,元大-四維,2023-05-22,9831
00690,兆豐藍籌30,20,0,20,元大-四維,2023-05-22,9831
2402,毅嘉,20,1,19,元大-四維,2023-05-22,9831
9939,宏全,18,0,18,元大-四維,2023-05-22,9831
1784,訊聯,19,2,17,元大-四維,2023-05-22,9831
8046,南電,40,24,16,元大-四維,2023-05-22,9831
1218,泰山,16,0,16,元大-四維,2023-05-22,9831
00753L,中信中國50正2,28,13,15,元大-四維,2023-05-22,9831
4114,健喬,15,0,15,元大-四維,2023-05-22,9831
2409,友達,20,6,14,元大-四維,2023-05-22,9831
3362,先進光,14,0,14,元大-四維,2023-05-22,9831
2884,玉山金,15,1,14,元大-四維,2023-05-22,9831
3078,僑威,23,10,13,元大-四維,2023-05-22,9831
00882,中信中國高股息,13,0,13,元大-四維,2023-05-22,9831
3287,廣寰科,15,2,13,元大-四維,2023-05-22,9831
1312A,國喬特,13,0,13,元大-四維,2023-05-22,9831
00712,復華富時不動產,13,0,13,元大-四維,2023-05-22,9831
00795B,中信美國公債20年,12,0,12,元大-四維,2023-05-22,9831
4163,鐿鈦,14,2,12,元大-四維,2023-05-22,9831
2427,三商電,38,26,12,元大-四維,2023-05-22,9831
00761B,國泰A級公司債,11,0,11,元大-四維,2023-05-22,9831
2368,金像電,32,21,11,元大-四維,2023-05-22,9831
3325,旭品,201,3,198,元大-四維,2023-05-23,9831
2610,華航,213,55,158,元大-四維,2023-05-23,9831
3231,緯創,125,26,99,元大-四維,2023-05-23,9831
2885,元大金,86,15,71,元大-四維,2023-05-23,9831
2421,建準,70,21,49,元大-四維,2023-05-23,9831
00637L,元大滬深300正2,58,10,48,元大-四維,2023-05-23,9831
00679B,元大美債20年,46,1,45,元大-四維,2023-05-23,9831
1609,大亞,59,20,39,元大-四維,2023-05-23,9831
2332,友訊,49,12,37,元大-四維,2023-05-23,9831
00753L,中信中國50正2,40,3,37,元大-四維,2023-05-23,9831
00882,中信中國高股息,31,0,31,元大-四維,2023-05-23,9831
2313,華通,30,0,30,元大-四維,2023-05-23,9831
2702,華園,32,2,30,元大-四維,2023-05-23,9831
1218,泰山,27,0,27,元大-四維,2023-05-23,9831
2328,廣宇,27,2,25,元大-四維,2023-05-23,9831
3011,今皓,25,0,25,元大-四維,2023-05-23,9831
1513,中興電,36,11,25,元大-四維,2023-05-23,9831
2344,華邦電,28,5,23,元大-四維,2023-05-23,9831
00680L,元大美債20正2,23,0,23,元大-四維,2023-05-23,9831
8072,陞泰,22,0,22,元大-四維,2023-05-23,9831
1810,和成,20,0,20,元大-四維,2023-05-23,9831
1524,耿鼎,20,0,20,元大-四維,2023-05-23,9831
2329,華泰,20,1,19,元大-四維,2023-05-23,9831
00915,凱基優選高股息30,19,0,19,元大-四維,2023-05-23,9831
2002,中鋼,20,2,18,元大-四維,2023-05-23,9831
3363,上詮,22,4,18,元大-四維,2023-05-23,9831
00687B,國泰20年美債,16,0,16,元大-四維,2023-05-23,9831
00795B,中信美國公債20年,16,0,16,元大-四維,2023-05-23,9831
00888,永豐台灣ESG,20,5,15,元大-四維,2023-05-23,9831
3289,宜特,15,0,15,元大-四維,2023-05-23,9831
1101,台泥,16,2,14,元大-四維,2023-05-23,9831
00923,群益台ESG低碳50,15,1,14,元大-四維,2023-05-23,9831
00712,復華富時不動產,12,0,12,元大-四維,2023-05-23,9831
2634,漢翔,39,27,12,元大-四維,2023-05-23,9831
1784,訊聯,12,0,12,元大-四維,2023-05-23,9831
00885,富邦越南,21,9,12,元大-四維,2023-05-23,9831
2645,長榮航太,15,3,12,元大-四維,2023-05-23,9831
4979,華星光,12,1,11,元大-四維,2023-05-23,9831
6446,藥華藥,17,7,10,元大-四維,2023-05-23,9831
1904,正隆,16,6,10,元大-四維,2023-05-23,9831
2888,新光金,10,0,10,元大-四維,2023-05-23,9831
1789,神隆,10,0,10,元大-四維,2023-05-23,9831
3059,華晶科,10,0,10,元大-四維,2023-05-23,9831
5014,建錩,10,0,10,元大-四維,2023-05-23,9831
3675,德微,11,1,10,元大-四維,2023-05-23,9831
00674R,期元大S＆P黃金反1,10,0,10,元大-四維,2023-05-23,9831
5425,台半,19,9,10,元大-四維,2023-05-23,9831
6443,元晶,10,0,10,元大-四維,2023-05-23,9831
6197,佳必琪,10,0,10,元大-四維,2023-05-23,9831
00720B,元大投資級公司債,9,0,9,元大-四維,2023-05-23,9831
2409,友達,155,0,155,元大-四維,2023-05-24,9831
00665L,富邦�琤肭磪囓�2,146,0,146,元大-四維,2023-05-24,9831
00632R,元大台灣50反1,170,50,120,元大-四維,2023-05-24,9831
00637L,元大滬深300正2,107,1,106,元大-四維,2023-05-24,9831
1447,力鵬,100,0,100,元大-四維,2023-05-24,9831
00882,中信中國高股息,86,0,86,元大-四維,2023-05-24,9831
1905,華紙,113,33,80,元大-四維,2023-05-24,9831
4114,健喬,77,22,55,元大-四維,2023-05-24,9831
00679B,元大美債20年,64,16,48,元大-四維,2023-05-24,9831
1598,岱宇,45,0,45,元大-四維,2023-05-24,9831
8038,長園科,41,0,41,元大-四維,2023-05-24,9831
2457,飛宏,101,60,41,元大-四維,2023-05-24,9831
2885,元大金,41,0,41,元大-四維,2023-05-24,9831
2838,聯邦銀,40,0,40,元大-四維,2023-05-24,9831
9110,越南控-DR,40,0,40,元大-四維,2023-05-24,9831
3032,偉訓,40,0,40,元大-四維,2023-05-24,9831
3711,日月光投控,36,0,36,元大-四維,2023-05-24,9831
3025,星通,49,13,36,元大-四維,2023-05-24,9831
6233,旺玖,37,1,36,元大-四維,2023-05-24,9831
3419,譁裕,42,7,35,元大-四維,2023-05-24,9831
00753L,中信中國50正2,40,10,30,元大-四維,2023-05-24,9831
5222,全訊,30,2,28,元大-四維,2023-05-24,9831
5469,瀚宇博,35,8,27,元大-四維,2023-05-24,9831
2332,友訊,32,5,27,元大-四維,2023-05-24,9831
2883,凱基金,34,8,26,元大-四維,2023-05-24,9831
2887,台新金,25,1,24,元大-四維,2023-05-24,9831
2884,玉山金,30,6,24,元大-四維,2023-05-24,9831
2606,裕民,30,8,22,元大-四維,2023-05-24,9831
5009,榮剛,26,4,22,元大-四維,2023-05-24,9831
3498,陽程,21,0,21,元大-四維,2023-05-24,9831
00724B,群益投資級金融債,20,0,20,元大-四維,2023-05-24,9831
5498,凱崴,20,1,19,元大-四維,2023-05-24,9831
1101,台泥,24,5,19,元大-四維,2023-05-24,9831
2201,裕隆,23,5,18,元大-四維,2023-05-24,9831
00650L,復華香港正2,18,0,18,元大-四維,2023-05-24,9831
2633,台灣高鐵,18,0,18,元大-四維,2023-05-24,9831
00690,兆豐藍籌30,17,0,17,元大-四維,2023-05-24,9831
6446,藥華藥,18,2,16,元大-四維,2023-05-24,9831
2314,台揚,21,5,16,元大-四維,2023-05-24,9831
6290,良維,16,0,16,元大-四維,2023-05-24,9831
2634,漢翔,79,63,16,元大-四維,2023-05-24,9831
3587,閎康,16,1,15,元大-四維,2023-05-24,9831
00756B,群益投等新興公債,15,0,15,元大-四維,2023-05-24,9831
2352,佳世達,15,0,15,元大-四維,2023-05-24,9831
4167,松瑞藥,14,0,14,元大-四維,2023-05-24,9831
6226,光鼎,14,0,14,元大-四維,2023-05-24,9831
2645,長榮航太,33,19,14,元大-四維,2023-05-24,9831
3035,智原,16,3,13,元大-四維,2023-05-24,9831
1783,和康生,13,0,13,元大-四維,2023-05-24,9831
8076,伍豐,17,4,13,元大-四維,2023-05-24,9831
00882,中信中國高股息,226,0,226,元大-四維,2023-05-25,9831
00632R,元大台灣50反1,161,8,153,元大-四維,2023-05-25,9831
2332,友訊,90,0,90,元大-四維,2023-05-25,9831
2834,臺企銀,84,2,82,元大-四維,2023-05-25,9831
2323,中環,84,27,57,元大-四維,2023-05-25,9831
1608,華榮,67,17,50,元大-四維,2023-05-25,9831
00650L,復華香港正2,49,0,49,元大-四維,2023-05-25,9831
2606,裕民,44,2,42,元大-四維,2023-05-25,9831
2303,聯電,44,2,42,元大-四維,2023-05-25,9831
00637L,元大滬深300正2,109,68,41,元大-四維,2023-05-25,9831
2838,聯邦銀,40,0,40,元大-四維,2023-05-25,9831
2329,華泰,37,0,37,元大-四維,2023-05-25,9831
00679B,元大美債20年,35,1,34,元大-四維,2023-05-25,9831
2883,凱基金,36,3,33,元大-四維,2023-05-25,9831
5880,合庫金,33,0,33,元大-四維,2023-05-25,9831
00888,永豐台灣ESG,32,0,32,元大-四維,2023-05-25,9831
9110,越南控-DR,36,4,32,元大-四維,2023-05-25,9831
8069,元太,31,0,31,元大-四維,2023-05-25,9831
3481,群創,32,2,30,元大-四維,2023-05-25,9831
2915,潤泰全,30,0,30,元大-四維,2023-05-25,9831
6188,廣明,31,2,29,元大-四維,2023-05-25,9831
00751B,元大AAA至A公司債,28,0,28,元大-四維,2023-05-25,9831
8155,博智,27,0,27,元大-四維,2023-05-25,9831
2633,台灣高鐵,25,0,25,元大-四維,2023-05-25,9831
00665L,富邦�琤肭磪囓�2,25,0,25,元大-四維,2023-05-25,9831
4114,健喬,31,6,25,元大-四維,2023-05-25,9831
1609,大亞,41,17,24,元大-四維,2023-05-25,9831
3025,星通,39,16,23,元大-四維,2023-05-25,9831
2885,元大金,23,1,22,元大-四維,2023-05-25,9831
2630,亞航,91,69,22,元大-四維,2023-05-25,9831
2014,中鴻,22,0,22,元大-四維,2023-05-25,9831
8358,金居,31,9,22,元大-四維,2023-05-25,9831
2402,毅嘉,44,23,21,元大-四維,2023-05-25,9831
3014,聯陽,20,0,20,元大-四維,2023-05-25,9831
6506,雙邦,24,5,19,元大-四維,2023-05-25,9831
00712,復華富時不動產,19,0,19,元大-四維,2023-05-25,9831
2884,玉山金,19,1,18,元大-四維,2023-05-25,9831
4915,致伸,24,7,17,元大-四維,2023-05-25,9831
2201,裕隆,23,6,17,元大-四維,2023-05-25,9831
00752,中信中國50,17,0,17,元大-四維,2023-05-25,9831
1314,中石化,45,28,17,元大-四維,2023-05-25,9831
00725B,國泰投資級公司債,17,0,17,元大-四維,2023-05-25,9831
1101,台泥,20,3,17,元大-四維,2023-05-25,9831
2457,飛宏,48,32,16,元大-四維,2023-05-25,9831
2812,台中銀,16,0,16,元大-四維,2023-05-25,9831
00753L,中信中國50正2,26,10,16,元大-四維,2023-05-25,9831
1504,東元,34,19,15,元大-四維,2023-05-25,9831
2845,遠東銀,15,0,15,元大-四維,2023-05-25,9831
2368,金像電,62,47,15,元大-四維,2023-05-25,9831
1514,亞力,16,2,14,元大-四維,2023-05-25,9831
00632R,元大台灣50反1,610,21,589,元大-四維,2023-05-26,9831
00715L,期街口布蘭特正2,545,0,545,元大-四維,2023-05-26,9831
00882,中信中國高股息,237,2,235,元大-四維,2023-05-26,9831
3231,緯創,350,127,223,元大-四維,2023-05-26,9831
2610,華航,187,44,143,元大-四維,2023-05-26,9831
3481,群創,121,2,119,元大-四維,2023-05-26,9831
1314,中石化,139,22,117,元大-四維,2023-05-26,9831
2323,中環,161,58,103,元大-四維,2023-05-26,9831
00712,復華富時不動產,63,1,62,元大-四維,2023-05-26,9831
2208,台船,64,2,62,元大-四維,2023-05-26,9831
3037,欣興,85,30,55,元大-四維,2023-05-26,9831
6191,精成科,56,2,54,元大-四維,2023-05-26,9831
3264,欣銓,80,31,49,元大-四維,2023-05-26,9831
2337,旺宏,50,2,48,元大-四維,2023-05-26,9831
00637L,元大滬深300正2,71,24,47,元大-四維,2023-05-26,9831
2606,裕民,47,2,45,元大-四維,2023-05-26,9831
3042,晶技,50,6,44,元大-四維,2023-05-26,9831
2838,聯邦銀,41,0,41,元大-四維,2023-05-26,9831
1316,上曜,40,0,40,元大-四維,2023-05-26,9831
2442,新美齊,67,27,40,元大-四維,2023-05-26,9831
3029,零壹,65,32,33,元大-四維,2023-05-26,9831
6112,邁達特,30,3,27,元大-四維,2023-05-26,9831
2327,國巨,35,9,26,元大-四維,2023-05-26,9831
1301,台塑,27,1,26,元大-四維,2023-05-26,9831
1702,南僑,26,0,26,元大-四維,2023-05-26,9831
00687B,國泰20年美債,24,0,24,元大-四維,2023-05-26,9831
2324,仁寶,26,4,22,元大-四維,2023-05-26,9831
2633,台灣高鐵,24,2,22,元大-四維,2023-05-26,9831
8059,凱碩,38,17,21,元大-四維,2023-05-26,9831
2915,潤泰全,21,0,21,元大-四維,2023-05-26,9831
2409,友達,51,31,20,元大-四維,2023-05-26,9831
00655L,國泰中國A50正2,20,0,20,元大-四維,2023-05-26,9831
2006,東和鋼鐵,20,0,20,元大-四維,2023-05-26,9831
00679B,元大美債20年,31,12,19,元大-四維,2023-05-26,9831
2637,慧洋-KY,18,0,18,元大-四維,2023-05-26,9831
5880,合庫金,56,38,18,元大-四維,2023-05-26,9831
5228,鈺鎧,19,1,18,元大-四維,2023-05-26,9831
2382,廣達,24,7,17,元大-四維,2023-05-26,9831
1783,和康生,21,4,17,元大-四維,2023-05-26,9831
1514,亞力,22,5,17,元大-四維,2023-05-26,9831
00680L,元大美債20正2,19,3,16,元大-四維,2023-05-26,9831
2402,毅嘉,20,4,16,元大-四維,2023-05-26,9831
3041,揚智,17,1,16,元大-四維,2023-05-26,9831
8358,金居,17,1,16,元大-四維,2023-05-26,9831
6558,興能高,15,0,15,元大-四維,2023-05-26,9831
1609,大亞,37,23,14,元大-四維,2023-05-26,9831
1905,華紙,18,4,14,元大-四維,2023-05-26,9831
1460,宏遠,14,0,14,元大-四維,2023-05-26,9831
1597,直得,13,0,13,元大-四維,2023-05-26,9831
2634,漢翔,21,8,13,元大-四維,2023-05-26,9831
2888,新光金,359,40,319,元大-四維,2023-05-29,9831
0056,元大高股息,190,55,135,元大-四維,2023-05-29,9831
2332,友訊,126,9,117,元大-四維,2023-05-29,9831
00687B,國泰20年美債,78,0,78,元大-四維,2023-05-29,9831
1314,中石化,78,0,78,元大-四維,2023-05-29,9831
2303,聯電,116,39,77,元大-四維,2023-05-29,9831
8222,寶一,79,7,72,元大-四維,2023-05-29,9831
3006,晶豪科,68,17,51,元大-四維,2023-05-29,9831
00772B,中信高評級公司債,43,0,43,元大-四維,2023-05-29,9831
1905,華紙,71,29,42,元大-四維,2023-05-29,9831
00712,復華富時不動產,36,0,36,元大-四維,2023-05-29,9831
3265,台星科,59,24,35,元大-四維,2023-05-29,9831
2371,大同,57,22,35,元大-四維,2023-05-29,9831
00637L,元大滬深300正2,32,0,32,元大-四維,2023-05-29,9831
3044,健鼎,44,12,32,元大-四維,2023-05-29,9831
8215,明基材,30,0,30,元大-四維,2023-05-29,9831
3711,日月光投控,72,42,30,元大-四維,2023-05-29,9831
00680L,元大美債20正2,29,0,29,元大-四維,2023-05-29,9831
3169,亞信,36,8,28,元大-四維,2023-05-29,9831
00882,中信中國高股息,34,8,26,元大-四維,2023-05-29,9831
4960,誠美材,22,0,22,元大-四維,2023-05-29,9831
3037,欣興,41,19,22,元大-四維,2023-05-29,9831
2312,金寶,21,0,21,元大-四維,2023-05-29,9831
3499,環天科,23,3,20,元大-四維,2023-05-29,9831
00753L,中信中國50正2,20,0,20,元大-四維,2023-05-29,9831
2838,聯邦銀,20,0,20,元大-四維,2023-05-29,9831
2883,凱基金,31,14,17,元大-四維,2023-05-29,9831
5469,瀚宇博,20,3,17,元大-四維,2023-05-29,9831
2471,資通,20,4,16,元大-四維,2023-05-29,9831
8213,志超,21,6,15,元大-四維,2023-05-29,9831
5533,皇鼎,15,0,15,元大-四維,2023-05-29,9831
5243,乙盛-KY,15,0,15,元大-四維,2023-05-29,9831
2027,大成鋼,16,2,14,元大-四維,2023-05-29,9831
5864,致和證,15,1,14,元大-四維,2023-05-29,9831
2633,台灣高鐵,16,2,14,元大-四維,2023-05-29,9831
2915,潤泰全,20,7,13,元大-四維,2023-05-29,9831
2515,中工,53,40,13,元大-四維,2023-05-29,9831
00696B,富邦美債20年,13,0,13,元大-四維,2023-05-29,9831
2382,廣達,16,3,13,元大-四維,2023-05-29,9831
2369,菱生,12,0,12,元大-四維,2023-05-29,9831
4128,中天,11,0,11,元大-四維,2023-05-29,9831
8927,北基,12,1,11,元大-四維,2023-05-29,9831
2408,南亞科,11,0,11,元大-四維,2023-05-29,9831
6550,北極星藥業-KY,13,2,11,元大-四維,2023-05-29,9831
00725B,國泰投資級公司債,10,0,10,元大-四維,2023-05-29,9831
2031,新光鋼,10,0,10,元大-四維,2023-05-29,9831
6425,易發,10,0,10,元大-四維,2023-05-29,9831
3588,通嘉,10,0,10,元大-四維,2023-05-29,9831
2834,臺企銀,10,0,10,元大-四維,2023-05-29,9831
5328,華容,11,1,10,元大-四維,2023-05-29,9831
2031,新光鋼,176,0,176,元大-四維,2023-05-30,9831
00632R,元大台灣50反1,95,2,93,元大-四維,2023-05-30,9831
2356,英業達,121,29,92,元大-四維,2023-05-30,9831
00715L,期街口布蘭特正2,82,0,82,元大-四維,2023-05-30,9831
3481,群創,75,3,72,元大-四維,2023-05-30,9831
6125,廣運,75,5,70,元大-四維,2023-05-30,9831
6188,廣明,90,34,56,元大-四維,2023-05-30,9831
3706,神達,57,3,54,元大-四維,2023-05-30,9831
00772B,中信高評級公司債,52,0,52,元大-四維,2023-05-30,9831
4746,台耀,56,5,51,元大-四維,2023-05-30,9831
3033,威健,50,0,50,元大-四維,2023-05-30,9831
2201,裕隆,99,50,49,元大-四維,2023-05-30,9831
2208,台船,53,4,49,元大-四維,2023-05-30,9831
2888,新光金,51,3,48,元大-四維,2023-05-30,9831
00882,中信中國高股息,53,6,47,元大-四維,2023-05-30,9831
2883,凱基金,56,9,47,元大-四維,2023-05-30,9831
2382,廣達,68,22,46,元大-四維,2023-05-30,9831
00897,富邦基因免疫生技,40,0,40,元大-四維,2023-05-30,9831
2324,仁寶,38,1,37,元大-四維,2023-05-30,9831
2002,中鋼,37,0,37,元大-四維,2023-05-30,9831
3583,辛耘,37,2,35,元大-四維,2023-05-30,9831
2014,中鴻,30,0,30,元大-四維,2023-05-30,9831
2834,臺企銀,29,0,29,元大-四維,2023-05-30,9831
3231,緯創,108,80,28,元大-四維,2023-05-30,9831
8261,富鼎,28,1,27,元大-四維,2023-05-30,9831
6415,矽力*-KY,26,0,26,元大-四維,2023-05-30,9831
6190,萬泰科,26,1,25,元大-四維,2023-05-30,9831
00665L,富邦�琤肭磪囓�2,25,1,24,元大-四維,2023-05-30,9831
2327,國巨,38,16,22,元大-四維,2023-05-30,9831
00712,復華富時不動產,21,0,21,元大-四維,2023-05-30,9831
2331,精英,25,4,21,元大-四維,2023-05-30,9831
4564,元翎,26,5,21,元大-四維,2023-05-30,9831
4533,協易機,21,0,21,元大-四維,2023-05-30,9831
00706L,期元大S＆P日圓正2,21,1,20,元大-四維,2023-05-30,9831
8927,北基,20,0,20,元大-四維,2023-05-30,9831
3025,星通,49,29,20,元大-四維,2023-05-30,9831
4747,強生,20,1,19,元大-四維,2023-05-30,9831
3380,明泰,24,5,19,元大-四維,2023-05-30,9831
0056,元大高股息,90,72,18,元大-四維,2023-05-30,9831
2228,劍麟,21,3,18,元大-四維,2023-05-30,9831
1605,華新,21,5,16,元大-四維,2023-05-30,9831
1314,中石化,15,0,15,元大-四維,2023-05-30,9831
2845,遠東銀,15,0,15,元大-四維,2023-05-30,9831
3062,建漢,16,1,15,元大-四維,2023-05-30,9831
00713,元大台灣高息低波,19,5,14,元大-四維,2023-05-30,9831
2376,技嘉,21,7,14,元大-四維,2023-05-30,9831
3252,海灣,15,1,14,元大-四維,2023-05-30,9831
00688L,國泰20年美債正2,14,0,14,元大-四維,2023-05-30,9831
5269,祥碩,15,1,14,元大-四維,2023-05-30,9831
3032,偉訓,23,10,13,元大-四維,2023-05-30,9831
2888,新光金,1377,1,1376,元大-四維,2023-05-31,9831
00715L,期街口布蘭特正2,893,3,890,元大-四維,2023-05-31,9831
2332,友訊,122,22,100,元大-四維,2023-05-31,9831
2002,中鋼,107,12,95,元大-四維,2023-05-31,9831
00878,國泰永續高股息,63,7,56,元大-四維,2023-05-31,9831
6770,力積電,57,2,55,元大-四維,2023-05-31,9831
00687B,國泰20年美債,55,0,55,元大-四維,2023-05-31,9831
3703,欣陸,54,0,54,元大-四維,2023-05-31,9831
3006,晶豪科,121,70,51,元大-四維,2023-05-31,9831
00650L,復華香港正2,47,0,47,元大-四維,2023-05-31,9831
3231,緯創,118,80,38,元大-四維,2023-05-31,9831
2890,永豐金,37,3,34,元大-四維,2023-05-31,9831
00642U,期元大S＆P石油,33,0,33,元大-四維,2023-05-31,9831
00753L,中信中國50正2,35,4,31,元大-四維,2023-05-31,9831
6191,精成科,31,0,31,元大-四維,2023-05-31,9831
4552,力達-KY,30,0,30,元大-四維,2023-05-31,9831
2603,長榮,36,6,30,元大-四維,2023-05-31,9831
00712,復華富時不動產,31,1,30,元大-四維,2023-05-31,9831
00665L,富邦�琤肭磪囓�2,60,31,29,元大-四維,2023-05-31,9831
2329,華泰,34,6,28,元大-四維,2023-05-31,9831
2388,威盛,31,4,27,元大-四維,2023-05-31,9831
2530,華建,29,3,26,元大-四維,2023-05-31,9831
8210,勤誠,50,24,26,元大-四維,2023-05-31,9831
1905,華紙,46,23,23,元大-四維,2023-05-31,9831
00637L,元大滬深300正2,23,0,23,元大-四維,2023-05-31,9831
3711,日月光投控,24,1,23,元大-四維,2023-05-31,9831
8927,北基,22,0,22,元大-四維,2023-05-31,9831
2633,台灣高鐵,22,1,21,元大-四維,2023-05-31,9831
1326,台化,21,0,21,元大-四維,2023-05-31,9831
2845,遠東銀,20,0,20,元大-四維,2023-05-31,9831
6535,順藥,22,2,20,元大-四維,2023-05-31,9831
6161,捷波,23,3,20,元大-四維,2023-05-31,9831
1533,車王電,20,0,20,元大-四維,2023-05-31,9831
2356,英業達,78,58,20,元大-四維,2023-05-31,9831
2887,台新金,21,2,19,元大-四維,2023-05-31,9831
6233,旺玖,22,3,19,元大-四維,2023-05-31,9831
1514,亞力,53,34,19,元大-四維,2023-05-31,9831
3105,穩懋,21,2,19,元大-四維,2023-05-31,9831
5880,合庫金,29,11,18,元大-四維,2023-05-31,9831
2883,凱基金,18,0,18,元大-四維,2023-05-31,9831
8085,福華,20,2,18,元大-四維,2023-05-31,9831
1101,台泥,21,4,17,元大-四維,2023-05-31,9831
4906,正文,21,4,17,元大-四維,2023-05-31,9831
2382,廣達,41,24,17,元大-四維,2023-05-31,9831
2360,致茂,27,11,16,元大-四維,2023-05-31,9831
8088,品安,53,37,16,元大-四維,2023-05-31,9831
1504,東元,28,13,15,元大-四維,2023-05-31,9831
6538,倉和,15,0,15,元大-四維,2023-05-31,9831
2201,裕隆,51,36,15,元大-四維,2023-05-31,9831
2421,建準,37,22,15,元大-四維,2023-05-31,9831
2888,新光金,305,36,269,元大-四維,2023-06-01,9831
00882,中信中國高股息,213,1,212,元大-四維,2023-06-01,9831
2303,聯電,115,5,110,元大-四維,2023-06-01,9831
2630,亞航,134,34,100,元大-四維,2023-06-01,9831
3059,華晶科,116,23,93,元大-四維,2023-06-01,9831
1314,中石化,85,0,85,元大-四維,2023-06-01,9831
00715L,期街口布蘭特正2,67,0,67,元大-四維,2023-06-01,9831
1721,三晃,67,3,64,元大-四維,2023-06-01,9831
2610,華航,297,235,62,元大-四維,2023-06-01,9831
2489,瑞軒,64,7,57,元大-四維,2023-06-01,9831
1605,華新,48,0,48,元大-四維,2023-06-01,9831
2515,中工,54,7,47,元大-四維,2023-06-01,9831
2913,農林,50,4,46,元大-四維,2023-06-01,9831
1609,大亞,55,12,43,元大-四維,2023-06-01,9831
3706,神達,112,71,41,元大-四維,2023-06-01,9831
00893,國泰智能電動車,35,0,35,元大-四維,2023-06-01,9831
2331,精英,46,11,35,元大-四維,2023-06-01,9831
00637L,元大滬深300正2,77,42,35,元大-四維,2023-06-01,9831
2530,華建,32,0,32,元大-四維,2023-06-01,9831
5608,四維航,27,0,27,元大-四維,2023-06-01,9831
3481,群創,30,5,25,元大-四維,2023-06-01,9831
2483,百容,25,0,25,元大-四維,2023-06-01,9831
8422,可寧衛,24,1,23,元大-四維,2023-06-01,9831
00680L,元大美債20正2,24,1,23,元大-四維,2023-06-01,9831
3704,合勤控,27,5,22,元大-四維,2023-06-01,9831
2916,滿心,22,0,22,元大-四維,2023-06-01,9831
4564,元翎,39,17,22,元大-四維,2023-06-01,9831
00712,復華富時不動產,21,0,21,元大-四維,2023-06-01,9831
4974,亞泰,21,0,21,元大-四維,2023-06-01,9831
00795B,中信美國公債20年,21,0,21,元大-四維,2023-06-01,9831
2408,南亞科,20,0,20,元大-四維,2023-06-01,9831
4973,廣穎,22,2,20,元大-四維,2023-06-01,9831
6191,精成科,26,6,20,元大-四維,2023-06-01,9831
8059,凱碩,20,0,20,元大-四維,2023-06-01,9831
00878,國泰永續高股息,44,25,19,元大-四維,2023-06-01,9831
00919,群益台灣精選高息,24,5,19,元大-四維,2023-06-01,9831
00687B,國泰20年美債,18,0,18,元大-四維,2023-06-01,9831
2881,富邦金,18,1,17,元大-四維,2023-06-01,9831
1303,南亞,17,0,17,元大-四維,2023-06-01,9831
00642U,期元大S＆P石油,17,0,17,元大-四維,2023-06-01,9831
2103,台橡,17,0,17,元大-四維,2023-06-01,9831
3260,威剛,19,4,15,元大-四維,2023-06-01,9831
2634,漢翔,17,3,14,元大-四維,2023-06-01,9831
6187,萬潤,14,0,14,元大-四維,2023-06-01,9831
00679B,元大美債20年,14,0,14,元大-四維,2023-06-01,9831
2609,陽明,21,7,14,元大-四維,2023-06-01,9831
8271,宇瞻,23,10,13,元大-四維,2023-06-01,9831
2892,第一金,13,0,13,元大-四維,2023-06-01,9831
2206,三陽工業,20,8,12,元大-四維,2023-06-01,9831
3576,聯合再生,15,3,12,元大-四維,2023-06-01,9831
2610,華航,442,161,281,元大-四維,2023-06-02,9831
2332,友訊,213,22,191,元大-四維,2023-06-02,9831
00919,群益台灣精選高息,106,1,105,元大-四維,2023-06-02,9831
00753L,中信中國50正2,100,2,98,元大-四維,2023-06-02,9831
6160,欣技,83,7,76,元大-四維,2023-06-02,9831
00688L,國泰20年美債正2,74,0,74,元大-四維,2023-06-02,9831
4915,致伸,61,1,60,元大-四維,2023-06-02,9831
2328,廣宇,86,28,58,元大-四維,2023-06-02,9831
1504,東元,98,45,53,元大-四維,2023-06-02,9831
00712,復華富時不動產,53,0,53,元大-四維,2023-06-02,9831
2371,大同,55,5,50,元大-四維,2023-06-02,9831
8926,台汽電,53,3,50,元大-四維,2023-06-02,9831
3033,威健,50,3,47,元大-四維,2023-06-02,9831
6274,台燿,40,0,40,元大-四維,2023-06-02,9831
3052,夆典,40,0,40,元大-四維,2023-06-02,9831
5312,寶島科,40,0,40,元大-四維,2023-06-02,9831
3583,辛耘,44,7,37,元大-四維,2023-06-02,9831
2603,長榮,37,2,35,元大-四維,2023-06-02,9831
8028,昇陽半導體,38,4,34,元大-四維,2023-06-02,9831
3443,創意,32,2,30,元大-四維,2023-06-02,9831
3019,亞光,30,0,30,元大-四維,2023-06-02,9831
2838,聯邦銀,30,0,30,元大-四維,2023-06-02,9831
1710,東聯,25,1,24,元大-四維,2023-06-02,9831
2890,永豐金,23,0,23,元大-四維,2023-06-02,9831
2904,匯僑,23,0,23,元大-四維,2023-06-02,9831
4123,晟德,21,0,21,元大-四維,2023-06-02,9831
3260,威剛,23,2,21,元大-四維,2023-06-02,9831
4108,懷特,20,0,20,元大-四維,2023-06-02,9831
1533,車王電,20,0,20,元大-四維,2023-06-02,9831
4977,眾達-KY,19,0,19,元大-四維,2023-06-02,9831
2515,中工,22,4,18,元大-四維,2023-06-02,9831
4564,元翎,18,0,18,元大-四維,2023-06-02,9831
2323,中環,68,50,18,元大-四維,2023-06-02,9831
911608,明輝-DR,17,0,17,元大-四維,2023-06-02,9831
2329,華泰,19,2,17,元大-四維,2023-06-02,9831
020022,元大電動車N,17,0,17,元大-四維,2023-06-02,9831
2888,新光金,19,3,16,元大-四維,2023-06-02,9831
00900,富邦特選高股息30,22,7,15,元大-四維,2023-06-02,9831
1584,精剛,15,0,15,元大-四維,2023-06-02,9831
5498,凱崴,18,3,15,元大-四維,2023-06-02,9831
6191,精成科,15,0,15,元大-四維,2023-06-02,9831
4543,萬在,63,48,15,元大-四維,2023-06-02,9831
2892,第一金,14,0,14,元大-四維,2023-06-02,9831
3046,建��,15,1,14,元大-四維,2023-06-02,9831
3011,今皓,13,0,13,元大-四維,2023-06-02,9831
00888,永豐台灣ESG,12,0,12,元大-四維,2023-06-02,9831
2605,新興,15,3,12,元大-四維,2023-06-02,9831
8033,雷虎,13,1,12,元大-四維,2023-06-02,9831
6244,茂迪,13,1,12,元大-四維,2023-06-02,9831
2887,台新金,16,4,12,元大-四維,2023-06-02,9831
00673R,期元大S＆P原油反1,171,0,171,元大-四維,2023-06-05,9831
6005,群益證,151,1,150,元大-四維,2023-06-05,9831
1905,華紙,141,10,131,元大-四維,2023-06-05,9831
911608,明輝-DR,118,0,118,元大-四維,2023-06-05,9831
2610,華航,236,132,104,元大-四維,2023-06-05,9831
2332,友訊,98,26,72,元大-四維,2023-06-05,9831
8926,台汽電,70,0,70,元大-四維,2023-06-05,9831
00679B,元大美債20年,67,0,67,元大-四維,2023-06-05,9831
2618,長榮航,129,64,65,元大-四維,2023-06-05,9831
00720B,元大投資級公司債,62,0,62,元大-四維,2023-06-05,9831
1471,首利,53,0,53,元大-四維,2023-06-05,9831
3290,東浦,51,0,51,元大-四維,2023-06-05,9831
00878,國泰永續高股息,72,23,49,元大-四維,2023-06-05,9831
2867,三商壽,50,3,47,元大-四維,2023-06-05,9831
2328,廣宇,45,6,39,元大-四維,2023-06-05,9831
00712,復華富時不動產,38,0,38,元大-四維,2023-06-05,9831
00919,群益台灣精選高息,38,0,38,元大-四維,2023-06-05,9831
1513,中興電,40,6,34,元大-四維,2023-06-05,9831
6282,康舒,67,34,33,元大-四維,2023-06-05,9831
1305,華夏,33,0,33,元大-四維,2023-06-05,9831
1608,華榮,42,11,31,元大-四維,2023-06-05,9831
3663,鑫科,30,0,30,元大-四維,2023-06-05,9831
00885,富邦越南,32,5,27,元大-四維,2023-06-05,9831
00882,中信中國高股息,38,11,27,元大-四維,2023-06-05,9831
6167,久正,26,1,25,元大-四維,2023-06-05,9831
2337,旺宏,123,100,23,元大-四維,2023-06-05,9831
3706,神達,43,21,22,元大-四維,2023-06-05,9831
3630,新鉅科,26,4,22,元大-四維,2023-06-05,9831
1810,和成,23,2,21,元大-四維,2023-06-05,9831
1727,中華化,29,8,21,元大-四維,2023-06-05,9831
9933,中鼎,20,0,20,元大-四維,2023-06-05,9831
2324,仁寶,20,0,20,元大-四維,2023-06-05,9831
2888,新光金,377,357,20,元大-四維,2023-06-05,9831
7402,邑錡,20,0,20,元大-四維,2023-06-05,9831
3033,威健,58,39,19,元大-四維,2023-06-05,9831
6770,力積電,19,1,18,元大-四維,2023-06-05,9831
3231,緯創,125,108,17,元大-四維,2023-06-05,9831
3711,日月光投控,18,1,17,元大-四維,2023-06-05,9831
00680L,元大美債20正2,17,0,17,元大-四維,2023-06-05,9831
1721,三晃,17,1,16,元大-四維,2023-06-05,9831
6285,啟��,18,2,16,元大-四維,2023-06-05,9831
00753L,中信中國50正2,18,2,16,元大-四維,2023-06-05,9831
00772B,中信高評級公司債,15,0,15,元大-四維,2023-06-05,9831
6191,精成科,21,6,15,元大-四維,2023-06-05,9831
5203,訊連,15,1,14,元大-四維,2023-06-05,9831
2312,金寶,17,4,13,元大-四維,2023-06-05,9831
6160,欣技,13,0,13,元大-四維,2023-06-05,9831
00713,元大台灣高息低波,14,1,13,元大-四維,2023-06-05,9831
4916,事欣科,15,3,12,元大-四維,2023-06-05,9831
8046,南電,15,3,12,元大-四維,2023-06-05,9831
2888,新光金,393,109,284,元大-四維,2023-06-06,9831
1514,亞力,135,9,126,元大-四維,2023-06-06,9831
2610,華航,131,16,115,元大-四維,2023-06-06,9831
1905,華紙,142,43,99,元大-四維,2023-06-06,9831
00927,群益半導體收益,70,0,70,元大-四維,2023-06-06,9831
00679B,元大美債20年,63,0,63,元大-四維,2023-06-06,9831
2332,友訊,66,9,57,元大-四維,2023-06-06,9831
4533,協易機,57,3,54,元大-四維,2023-06-06,9831
8926,台汽電,53,0,53,元大-四維,2023-06-06,9831
3290,東浦,51,0,51,元大-四維,2023-06-06,9831
2376,技嘉,170,122,48,元大-四維,2023-06-06,9831
2457,飛宏,59,17,42,元大-四維,2023-06-06,9831
1609,大亞,260,219,41,元大-四維,2023-06-06,9831
3712,永崴投控,40,0,40,元大-四維,2023-06-06,9831
1104,環泥,36,0,36,元大-四維,2023-06-06,9831
6190,萬泰科,36,2,34,元大-四維,2023-06-06,9831
2427,三商電,39,9,30,元大-四維,2023-06-06,9831
3035,智原,35,6,29,元大-四維,2023-06-06,9831
8085,福華,29,0,29,元大-四維,2023-06-06,9831
2399,映泰,35,6,29,元大-四維,2023-06-06,9831
1711,永光,30,2,28,元大-四維,2023-06-06,9831
2603,長榮,35,7,28,元大-四維,2023-06-06,9831
1512,瑞利,26,0,26,元大-四維,2023-06-06,9831
1789,神隆,25,0,25,元大-四維,2023-06-06,9831
00713,元大台灣高息低波,24,0,24,元大-四維,2023-06-06,9831
00919,群益台灣精選高息,24,0,24,元大-四維,2023-06-06,9831
2634,漢翔,44,21,23,元大-四維,2023-06-06,9831
3033,威健,37,14,23,元大-四維,2023-06-06,9831
6245,立端,23,0,23,元大-四維,2023-06-06,9831
6214,精誠,24,2,22,元大-四維,2023-06-06,9831
1806,冠軍,60,38,22,元大-四維,2023-06-06,9831
8403,盛弘,23,1,22,元大-四維,2023-06-06,9831
2405,輔信,21,1,20,元大-四維,2023-06-06,9831
2498,宏達電,24,4,20,元大-四維,2023-06-06,9831
6223,旺矽,17,0,17,元大-四維,2023-06-06,9831
4130,健亞,16,0,16,元大-四維,2023-06-06,9831
6288,聯嘉,17,1,16,元大-四維,2023-06-06,9831
00712,復華富時不動產,16,0,16,元大-四維,2023-06-06,9831
00720B,元大投資級公司債,15,0,15,元大-四維,2023-06-06,9831
6191,精成科,30,15,15,元大-四維,2023-06-06,9831
3046,建��,16,1,15,元大-四維,2023-06-06,9831
2328,廣宇,14,0,14,元大-四維,2023-06-06,9831
1528,恩德,21,7,14,元大-四維,2023-06-06,9831
8097,常珵,14,1,13,元大-四維,2023-06-06,9831
6456,GIS-KY,15,2,13,元大-四維,2023-06-06,9831
2461,光群雷,27,14,13,元大-四維,2023-06-06,9831
8105,凌巨,27,14,13,元大-四維,2023-06-06,9831
3576,聯合再生,14,2,12,元大-四維,2023-06-06,9831
0056,元大高股息,17,5,12,元大-四維,2023-06-06,9831
00753L,中信中國50正2,67,55,12,元大-四維,2023-06-06,9831
00715L,期街口布蘭特正2,190,27,163,元大-四維,2023-06-07,9831
00882,中信中國高股息,126,7,119,元大-四維,2023-06-07,9831
00632R,元大台灣50反1,113,0,113,元大-四維,2023-06-07,9831
0056,元大高股息,114,17,97,元大-四維,2023-06-07,9831
00637L,元大滬深300正2,71,14,57,元大-四維,2023-06-07,9831
2312,金寶,51,3,48,元大-四維,2023-06-07,9831
2457,飛宏,64,17,47,元大-四維,2023-06-07,9831
4114,健喬,41,0,41,元大-四維,2023-06-07,9831
2428,興勤,41,1,40,元大-四維,2023-06-07,9831
6535,順藥,34,0,34,元大-四維,2023-06-07,9831
6125,廣運,106,74,32,元大-四維,2023-06-07,9831
2603,長榮,32,5,27,元大-四維,2023-06-07,9831
2402,毅嘉,35,8,27,元大-四維,2023-06-07,9831
2409,友達,47,21,26,元大-四維,2023-06-07,9831
3231,緯創,87,62,25,元大-四維,2023-06-07,9831
5533,皇鼎,25,0,25,元大-四維,2023-06-07,9831
2610,華航,28,3,25,元大-四維,2023-06-07,9831
00712,復華富時不動產,24,0,24,元大-四維,2023-06-07,9831
2882,國泰金,25,2,23,元大-四維,2023-06-07,9831
2609,陽明,22,1,21,元大-四維,2023-06-07,9831
2889,國票金,21,0,21,元大-四維,2023-06-07,9831
8930,青鋼,21,0,21,元大-四維,2023-06-07,9831
2427,三商電,27,6,21,元大-四維,2023-06-07,9831
3059,華晶科,20,0,20,元大-四維,2023-06-07,9831
00641R,富邦日本反1,20,0,20,元大-四維,2023-06-07,9831
3021,鴻名,20,0,20,元大-四維,2023-06-07,9831
00655L,國泰中國A50正2,20,0,20,元大-四維,2023-06-07,9831
2485,兆赫,20,0,20,元大-四維,2023-06-07,9831
2892,第一金,20,0,20,元大-四維,2023-06-07,9831
1605,華新,47,27,20,元大-四維,2023-06-07,9831
00927,群益半導體收益,19,0,19,元大-四維,2023-06-07,9831
2530,華建,80,61,19,元大-四維,2023-06-07,9831
4906,正文,21,3,18,元大-四維,2023-06-07,9831
1419,新紡,18,0,18,元大-四維,2023-06-07,9831
5531,鄉林,23,6,17,元大-四維,2023-06-07,9831
2425,承啟,22,5,17,元大-四維,2023-06-07,9831
3014,聯陽,20,3,17,元大-四維,2023-06-07,9831
5469,瀚宇博,16,0,16,元大-四維,2023-06-07,9831
2006,東和鋼鐵,15,0,15,元大-四維,2023-06-07,9831
3189,景碩,15,0,15,元大-四維,2023-06-07,9831
6244,茂迪,22,8,14,元大-四維,2023-06-07,9831
2492,華新科,14,1,13,元大-四維,2023-06-07,9831
2353,宏��,15,2,13,元大-四維,2023-06-07,9831
1785,光洋科,25,12,13,元大-四維,2023-06-07,9831
3044,健鼎,13,0,13,元大-四維,2023-06-07,9831
6219,富旺,16,3,13,元大-四維,2023-06-07,9831
3673,TPK-KY,15,2,13,元大-四維,2023-06-07,9831
3290,東浦,13,0,13,元大-四維,2023-06-07,9831
2881,富邦金,13,0,13,元大-四維,2023-06-07,9831
3027,盛達,32,20,12,元大-四維,2023-06-07,9831
2888,新光金,617,174,443,元大-四維,2023-06-08,9831
00679B,元大美債20年,125,0,125,元大-四維,2023-06-08,9831
00919,群益台灣精選高息,124,2,122,元大-四維,2023-06-08,9831
00632R,元大台灣50反1,101,23,78,元大-四維,2023-06-08,9831
00923,群益台ESG低碳50,72,1,71,元大-四維,2023-06-08,9831
3032,偉訓,60,0,60,元大-四維,2023-06-08,9831
2885,元大金,67,13,54,元大-四維,2023-06-08,9831
2409,友達,73,22,51,元大-四維,2023-06-08,9831
00878,國泰永續高股息,102,52,50,元大-四維,2023-06-08,9831
2352,佳世達,53,4,49,元大-四維,2023-06-08,9831
00680L,元大美債20正2,47,0,47,元大-四維,2023-06-08,9831
2457,飛宏,61,15,46,元大-四維,2023-06-08,9831
1618,合機,47,3,44,元大-四維,2023-06-08,9831
00720B,元大投資級公司債,41,0,41,元大-四維,2023-06-08,9831
2344,華邦電,55,14,41,元大-四維,2023-06-08,9831
4961,天鈺,40,0,40,元大-四維,2023-06-08,9831
3037,欣興,83,45,38,元大-四維,2023-06-08,9831
3481,群創,89,51,38,元大-四維,2023-06-08,9831
2337,旺宏,36,4,32,元大-四維,2023-06-08,9831
2618,長榮航,133,103,30,元大-四維,2023-06-08,9831
6016,康和證,35,6,29,元大-四維,2023-06-08,9831
0056,元大高股息,44,16,28,元大-四維,2023-06-08,9831
8046,南電,31,4,27,元大-四維,2023-06-08,9831
5498,凱崴,30,3,27,元大-四維,2023-06-08,9831
2317,鴻海,35,8,27,元大-四維,2023-06-08,9831
1904,正隆,26,0,26,元大-四維,2023-06-08,9831
2883,凱基金,26,2,24,元大-四維,2023-06-08,9831
2633,台灣高鐵,24,0,24,元大-四維,2023-06-08,9831
2492,華新科,24,0,24,元大-四維,2023-06-08,9831
00713,元大台灣高息低波,22,0,22,元大-四維,2023-06-08,9831
2889,國票金,22,0,22,元大-四維,2023-06-08,9831
00885,富邦越南,24,2,22,元大-四維,2023-06-08,9831
3576,聯合再生,23,1,22,元大-四維,2023-06-08,9831
4958,臻鼎-KY,22,0,22,元大-四維,2023-06-08,9831
00772B,中信高評級公司債,25,4,21,元大-四維,2023-06-08,9831
00882,中信中國高股息,21,0,21,元大-四維,2023-06-08,9831
2421,建準,46,26,20,元大-四維,2023-06-08,9831
2402,毅嘉,28,8,20,元大-四維,2023-06-08,9831
8070,長華*,20,0,20,元大-四維,2023-06-08,9831
8261,富鼎,20,0,20,元大-四維,2023-06-08,9831
2882,國泰金,21,1,20,元大-四維,2023-06-08,9831
4960,誠美材,24,5,19,元大-四維,2023-06-08,9831
6233,旺玖,19,0,19,元大-四維,2023-06-08,9831
2607,榮運,20,1,19,元大-四維,2023-06-08,9831
2881,富邦金,19,1,18,元大-四維,2023-06-08,9831
00751B,元大AAA至A公司債,18,0,18,元大-四維,2023-06-08,9831
3035,智原,19,2,17,元大-四維,2023-06-08,9831
3038,全台,17,0,17,元大-四維,2023-06-08,9831
3162,精確,17,0,17,元大-四維,2023-06-08,9831
1513,中興電,67,50,17,元大-四維,2023-06-08,9831
00715L,期街口布蘭特正2,252,25,227,元大-四維,2023-06-09,9831
2352,佳世達,163,22,141,元大-四維,2023-06-09,9831
00929,復華台灣科技優息,145,10,135,元大-四維,2023-06-09,9831
00632R,元大台灣50反1,140,10,130,元大-四維,2023-06-09,9831
2888,新光金,95,5,90,元大-四維,2023-06-09,9831
2913,農林,65,2,63,元大-四維,2023-06-09,9831
2634,漢翔,72,11,61,元大-四維,2023-06-09,9831
2421,建準,85,32,53,元大-四維,2023-06-09,9831
00919,群益台灣精選高息,53,0,53,元大-四維,2023-06-09,9831
00712,復華富時不動產,69,20,49,元大-四維,2023-06-09,9831
2885,元大金,40,0,40,元大-四維,2023-06-09,9831
6278,台表科,40,0,40,元大-四維,2023-06-09,9831
4106,雃博,35,0,35,元大-四維,2023-06-09,9831
1504,東元,44,12,32,元大-四維,2023-06-09,9831
6190,萬泰科,32,0,32,元大-四維,2023-06-09,9831
3022,威強電,32,2,30,元大-四維,2023-06-09,9831
2332,友訊,31,2,29,元大-四維,2023-06-09,9831
00679B,元大美債20年,31,3,28,元大-四維,2023-06-09,9831
8038,長園科,38,13,25,元大-四維,2023-06-09,9831
2323,中環,42,17,25,元大-四維,2023-06-09,9831
3481,群創,35,11,24,元大-四維,2023-06-09,9831
2601,益航,24,1,23,元大-四維,2023-06-09,9831
2377,微星,31,8,23,元大-四維,2023-06-09,9831
00713,元大台灣高息低波,23,1,22,元大-四維,2023-06-09,9831
2482,連宇,68,46,22,元大-四維,2023-06-09,9831
2337,旺宏,23,1,22,元大-四維,2023-06-09,9831
6122,擎邦,55,33,22,元大-四維,2023-06-09,9831
4533,協易機,24,4,20,元大-四維,2023-06-09,9831
1516,川飛,20,0,20,元大-四維,2023-06-09,9831
6215,和椿,20,0,20,元大-四維,2023-06-09,9831
2367,燿華,20,1,19,元大-四維,2023-06-09,9831
5871,中租-KY,21,2,19,元大-四維,2023-06-09,9831
1314,中石化,22,4,18,元大-四維,2023-06-09,9831
2610,華航,46,29,17,元大-四維,2023-06-09,9831
6191,精成科,66,49,17,元大-四維,2023-06-09,9831
1710,東聯,27,11,16,元大-四維,2023-06-09,9831
2204,中華,16,0,16,元大-四維,2023-06-09,9831
5483,中美晶,15,0,15,元大-四維,2023-06-09,9831
00720B,元大投資級公司債,14,0,14,元大-四維,2023-06-09,9831
2542,興富發,14,0,14,元大-四維,2023-06-09,9831
6799,來頡,15,1,14,元大-四維,2023-06-09,9831
1609,大亞,144,130,14,元大-四維,2023-06-09,9831
5880,合庫金,14,0,14,元大-四維,2023-06-09,9831
2882,國泰金,16,3,13,元大-四維,2023-06-09,9831
2025,千興,20,7,13,元大-四維,2023-06-09,9831
6285,啟��,12,0,12,元大-四維,2023-06-09,9831
1612,宏泰,12,0,12,元大-四維,2023-06-09,9831
1608,華榮,31,20,11,元大-四維,2023-06-09,9831
2312,金寶,22,11,11,元大-四維,2023-06-09,9831
2457,飛宏,28,18,10,元大-四維,2023-06-09,9831
2352,佳世達,443,5,438,元大-四維,2023-06-12,9831
00715L,期街口布蘭特正2,230,0,230,元大-四維,2023-06-12,9831
3576,聯合再生,146,9,137,元大-四維,2023-06-12,9831
2409,友達,130,13,117,元大-四維,2023-06-12,9831
2495,普安,109,6,103,元大-四維,2023-06-12,9831
00885,富邦越南,115,17,98,元大-四維,2023-06-12,9831
2838,聯邦銀,90,1,89,元大-四維,2023-06-12,9831
2421,建準,102,16,86,元大-四維,2023-06-12,9831
3628,盈正,82,0,82,元大-四維,2023-06-12,9831
00878,國泰永續高股息,116,48,68,元大-四維,2023-06-12,9831
00929,復華台灣科技優息,64,1,63,元大-四維,2023-06-12,9831
2882,國泰金,58,0,58,元大-四維,2023-06-12,9831
2883,凱基金,60,3,57,元大-四維,2023-06-12,9831
2801,彰銀,56,5,51,元大-四維,2023-06-12,9831
00923,群益台ESG低碳50,50,0,50,元大-四維,2023-06-12,9831
00857B,永豐20年美公債,50,0,50,元大-四維,2023-06-12,9831
8085,福華,60,12,48,元大-四維,2023-06-12,9831
3033,威健,61,15,46,元大-四維,2023-06-12,9831
2208,台船,52,7,45,元大-四維,2023-06-12,9831
2530,華建,41,0,41,元大-四維,2023-06-12,9831
00632R,元大台灣50反1,33,0,33,元大-四維,2023-06-12,9831
1609,大亞,87,55,32,元大-四維,2023-06-12,9831
8234,新漢,35,4,31,元大-四維,2023-06-12,9831
6278,台表科,31,0,31,元大-四維,2023-06-12,9831
2834,臺企銀,37,7,30,元大-四維,2023-06-12,9831
6443,元晶,30,0,30,元大-四維,2023-06-12,9831
5871,中租-KY,29,0,29,元大-四維,2023-06-12,9831
00919,群益台灣精選高息,29,1,28,元大-四維,2023-06-12,9831
8358,金居,33,5,28,元大-四維,2023-06-12,9831
00712,復華富時不動產,38,10,28,元大-四維,2023-06-12,9831
3481,群創,65,37,28,元大-四維,2023-06-12,9831
1314,中石化,28,0,28,元大-四維,2023-06-12,9831
6163,華電網,27,0,27,元大-四維,2023-06-12,9831
4931,新盛力,27,0,27,元大-四維,2023-06-12,9831
6160,欣技,30,3,27,元大-四維,2023-06-12,9831
2633,台灣高鐵,26,0,26,元大-四維,2023-06-12,9831
2312,金寶,95,69,26,元大-四維,2023-06-12,9831
00679B,元大美債20年,29,5,24,元大-四維,2023-06-12,9831
2347,聯強,24,0,24,元大-四維,2023-06-12,9831
1618,合機,25,1,24,元大-四維,2023-06-12,9831
2492,華新科,27,4,23,元大-四維,2023-06-12,9831
2885,元大金,24,1,23,元大-四維,2023-06-12,9831
2442,新美齊,22,0,22,元大-四維,2023-06-12,9831
4157,太景*-KY,26,4,22,元大-四維,2023-06-12,9831
1101,台泥,29,9,20,元大-四維,2023-06-12,9831
00751B,元大AAA至A公司債,22,2,20,元大-四維,2023-06-12,9831
2884,玉山金,21,1,20,元大-四維,2023-06-12,9831
3617,碩天,21,2,19,元大-四維,2023-06-12,9831
2022,聚亨,19,0,19,元大-四維,2023-06-12,9831
00720B,元大投資級公司債,19,0,19,元大-四維,2023-06-12,9831
00715L,期街口布蘭特正2,1031,0,1031,元大-四維,2023-06-13,9831
2014,中鴻,209,2,207,元大-四維,2023-06-13,9831
2382,廣達,209,41,168,元大-四維,2023-06-13,9831
00929,復華台灣科技優息,167,6,161,元大-四維,2023-06-13,9831
1314,中石化,152,2,150,元大-四維,2023-06-13,9831
4147,中裕,120,0,120,元大-四維,2023-06-13,9831
00919,群益台灣精選高息,134,30,104,元大-四維,2023-06-13,9831
2888,新光金,143,71,72,元大-四維,2023-06-13,9831
6026,福邦證,61,0,61,元大-四維,2023-06-13,9831
2705,六福,65,15,50,元大-四維,2023-06-13,9831
2610,華航,80,31,49,元大-四維,2023-06-13,9831
00642U,期元大S＆P石油,49,0,49,元大-四維,2023-06-13,9831
00885,富邦越南,57,14,43,元大-四維,2023-06-13,9831
2880,華南金,43,1,42,元大-四維,2023-06-13,9831
5351,鈺創,46,6,40,元大-四維,2023-06-13,9831
4533,協易機,109,69,40,元大-四維,2023-06-13,9831
1471,首利,40,0,40,元大-四維,2023-06-13,9831
00882,中信中國高股息,35,0,35,元大-四維,2023-06-13,9831
2328,廣宇,42,8,34,元大-四維,2023-06-13,9831
3406,玉晶光,33,0,33,元大-四維,2023-06-13,9831
00712,復華富時不動產,33,1,32,元大-四維,2023-06-13,9831
2516,新建,29,0,29,元大-四維,2023-06-13,9831
3046,建��,51,23,28,元大-四維,2023-06-13,9831
3576,聯合再生,35,8,27,元大-四維,2023-06-13,9831
1609,大亞,56,30,26,元大-四維,2023-06-13,9831
2027,大成鋼,26,0,26,元大-四維,2023-06-13,9831
1101,台泥,21,0,21,元大-四維,2023-06-13,9831
6271,同欣電,25,4,21,元大-四維,2023-06-13,9831
2881,富邦金,31,10,21,元大-四維,2023-06-13,9831
6288,聯嘉,46,26,20,元大-四維,2023-06-13,9831
1905,華紙,22,2,20,元大-四維,2023-06-13,9831
1316,上曜,20,0,20,元大-四維,2023-06-13,9831
6485,點序,21,2,19,元大-四維,2023-06-13,9831
6550,北極星藥業-KY,21,3,18,元大-四維,2023-06-13,9831
4114,健喬,23,5,18,元大-四維,2023-06-13,9831
9943,好樂迪,23,5,18,元大-四維,2023-06-13,9831
4968,立積,22,5,17,元大-四維,2023-06-13,9831
2611,志信,16,0,16,元大-四維,2023-06-13,9831
6664,群翊,17,1,16,元大-四維,2023-06-13,9831
2609,陽明,20,4,16,元大-四維,2023-06-13,9831
3052,夆典,20,5,15,元大-四維,2023-06-13,9831
2349,錸德,25,10,15,元大-四維,2023-06-13,9831
8936,國統,15,0,15,元大-四維,2023-06-13,9831
2317,鴻海,53,39,14,元大-四維,2023-06-13,9831
6456,GIS-KY,21,7,14,元大-四維,2023-06-13,9831
1504,東元,15,2,13,元大-四維,2023-06-13,9831
3178,公準,15,2,13,元大-四維,2023-06-13,9831
2353,宏��,16,3,13,元大-四維,2023-06-13,9831
2359,所羅門,18,6,12,元大-四維,2023-06-13,9831
8048,德勝,12,0,12,元大-四維,2023-06-13,9831
2618,長榮航,723,374,349,元大-四維,2023-06-14,9831
2888,新光金,179,20,159,元大-四維,2023-06-14,9831
00919,群益台灣精選高息,103,0,103,元大-四維,2023-06-14,9831
1102,亞泥,100,0,100,元大-四維,2023-06-14,9831
1611,中電,113,19,94,元大-四維,2023-06-14,9831
00885,富邦越南,74,3,71,元大-四維,2023-06-14,9831
00929,復華台灣科技優息,66,2,64,元大-四維,2023-06-14,9831
2838,聯邦銀,60,0,60,元大-四維,2023-06-14,9831
2356,英業達,251,193,58,元大-四維,2023-06-14,9831
2705,六福,70,17,53,元大-四維,2023-06-14,9831
00712,復華富時不動產,52,0,52,元大-四維,2023-06-14,9831
3675,德微,54,3,51,元大-四維,2023-06-14,9831
6026,福邦證,44,0,44,元大-四維,2023-06-14,9831
00895,富邦未來車,51,11,40,元大-四維,2023-06-14,9831
3711,日月光投控,39,1,38,元大-四維,2023-06-14,9831
8089,康全電訊,32,0,32,元大-四維,2023-06-14,9831
5258,虹堡,52,21,31,元大-四維,2023-06-14,9831
1319,東陽,34,3,31,元大-四維,2023-06-14,9831
2363,矽統,30,0,30,元大-四維,2023-06-14,9831
6182,合晶,37,8,29,元大-四維,2023-06-14,9831
1907,永豐餘,34,6,28,元大-四維,2023-06-14,9831
2371,大同,33,5,28,元大-四維,2023-06-14,9831
2436,偉詮電,28,0,28,元大-四維,2023-06-14,9831
3058,立德,52,26,26,元大-四維,2023-06-14,9831
00713,元大台灣高息低波,25,1,24,元大-四維,2023-06-14,9831
1609,大亞,46,25,21,元大-四維,2023-06-14,9831
00795B,中信美國公債20年,21,0,21,元大-四維,2023-06-14,9831
00927,群益半導體收益,21,0,21,元大-四維,2023-06-14,9831
6223,旺矽,31,10,21,元大-四維,2023-06-14,9831
00706L,期元大S＆P日圓正2,20,0,20,元大-四維,2023-06-14,9831
2605,新興,20,1,19,元大-四維,2023-06-14,9831
6167,久正,47,28,19,元大-四維,2023-06-14,9831
6129,普誠,20,1,19,元大-四維,2023-06-14,9831
6125,廣運,26,8,18,元大-四維,2023-06-14,9831
2891,中信金,22,4,18,元大-四維,2023-06-14,9831
6799,來頡,17,0,17,元大-四維,2023-06-14,9831
00679B,元大美債20年,17,0,17,元大-四維,2023-06-14,9831
6532,瑞耘,21,5,16,元大-四維,2023-06-14,9831
2002,中鋼,17,2,15,元大-四維,2023-06-14,9831
00882,中信中國高股息,15,0,15,元大-四維,2023-06-14,9831
00650L,復華香港正2,15,0,15,元大-四維,2023-06-14,9831
6244,茂迪,24,9,15,元大-四維,2023-06-14,9831
2353,宏��,20,5,15,元大-四維,2023-06-14,9831
3346,麗清,26,11,15,元大-四維,2023-06-14,9831
3022,威強電,40,27,13,元大-四維,2023-06-14,9831
6153,嘉聯益,13,0,13,元大-四維,2023-06-14,9831
2427,三商電,15,2,13,元大-四維,2023-06-14,9831
6288,聯嘉,16,3,13,元大-四維,2023-06-14,9831
3308,聯德,13,1,12,元大-四維,2023-06-14,9831
5388,中磊,15,3,12,元大-四維,2023-06-14,9831
2618,長榮航,1157,917,240,元大-四維,2023-06-15,9831
00919,群益台灣精選高息,174,24,150,元大-四維,2023-06-15,9831
2888,新光金,147,13,134,元大-四維,2023-06-15,9831
3481,群創,151,28,123,元大-四維,2023-06-15,9831
00632R,元大台灣50反1,114,1,113,元大-四維,2023-06-15,9831
1905,華紙,116,10,106,元大-四維,2023-06-15,9831
0056,元大高股息,122,16,106,元大-四維,2023-06-15,9831
00885,富邦越南,120,20,100,元大-四維,2023-06-15,9831
2332,友訊,174,89,85,元大-四維,2023-06-15,9831
00715L,期街口布蘭特正2,91,13,78,元大-四維,2023-06-15,9831
3346,麗清,75,6,69,元大-四維,2023-06-15,9831
2409,友達,82,21,61,元大-四維,2023-06-15,9831
1609,大亞,178,123,55,元大-四維,2023-06-15,9831
2457,飛宏,69,15,54,元大-四維,2023-06-15,9831
00712,復華富時不動產,70,23,47,元大-四維,2023-06-15,9831
2371,大同,201,160,41,元大-四維,2023-06-15,9831
2331,精英,60,24,36,元大-四維,2023-06-15,9831
3058,立德,36,0,36,元大-四維,2023-06-15,9831
6285,啟��,46,10,36,元大-四維,2023-06-15,9831
2399,映泰,48,12,36,元大-四維,2023-06-15,9831
3013,晟銘電,41,8,33,元大-四維,2023-06-15,9831
6205,詮欣,34,3,31,元大-四維,2023-06-15,9831
3576,聯合再生,27,0,27,元大-四維,2023-06-15,9831
00772B,中信高評級公司債,26,0,26,元大-四維,2023-06-15,9831
6770,力積電,32,7,25,元大-四維,2023-06-15,9831
6271,同欣電,27,2,25,元大-四維,2023-06-15,9831
2421,建準,25,0,25,元大-四維,2023-06-15,9831
2356,英業達,160,137,23,元大-四維,2023-06-15,9831
3022,威強電,34,11,23,元大-四維,2023-06-15,9831
8234,新漢,23,0,23,元大-四維,2023-06-15,9831
2337,旺宏,44,21,23,元大-四維,2023-06-15,9831
1524,耿鼎,23,1,22,元大-四維,2023-06-15,9831
6116,彩晶,25,4,21,元大-四維,2023-06-15,9831
3024,憶聲,20,0,20,元大-四維,2023-06-15,9831
2838,聯邦銀,20,0,20,元大-四維,2023-06-15,9831
2352,佳世達,20,0,20,元大-四維,2023-06-15,9831
6550,北極星藥業-KY,25,6,19,元大-四維,2023-06-15,9831
4958,臻鼎-KY,19,0,19,元大-四維,2023-06-15,9831
2458,義隆,20,1,19,元大-四維,2023-06-15,9831
1536,和大,18,0,18,元大-四維,2023-06-15,9831
00720B,元大投資級公司債,17,0,17,元大-四維,2023-06-15,9831
3033,威健,17,0,17,元大-四維,2023-06-15,9831
1802,台玻,17,0,17,元大-四維,2023-06-15,9831
3011,今皓,17,0,17,元大-四維,2023-06-15,9831
2369,菱生,30,14,16,元大-四維,2023-06-15,9831
00929,復華台灣科技優息,20,5,15,元大-四維,2023-06-15,9831
2344,華邦電,19,4,15,元大-四維,2023-06-15,9831
3019,亞光,30,15,15,元大-四維,2023-06-15,9831
2882,國泰金,15,0,15,元大-四維,2023-06-15,9831
2314,台揚,18,3,15,元大-四維,2023-06-15,9831
2610,華航,770,288,482,元大-四維,2023-06-16,9831
1504,東元,332,92,240,元大-四維,2023-06-16,9831
2888,新光金,225,19,206,元大-四維,2023-06-16,9831
2371,大同,215,54,161,元大-四維,2023-06-16,9831
3264,欣銓,109,2,107,元大-四維,2023-06-16,9831
00919,群益台灣精選高息,133,38,95,元大-四維,2023-06-16,9831
00772B,中信高評級公司債,93,0,93,元大-四維,2023-06-16,9831
3481,群創,114,41,73,元大-四維,2023-06-16,9831
2376,技嘉,84,28,56,元大-四維,2023-06-16,9831
4534,慶騰,56,0,56,元大-四維,2023-06-16,9831
2736,富野,62,8,54,元大-四維,2023-06-16,9831
00632R,元大台灣50反1,253,200,53,元大-四維,2023-06-16,9831
3706,神達,128,80,48,元大-四維,2023-06-16,9831
1905,華紙,58,13,45,元大-四維,2023-06-16,9831
1802,台玻,76,33,43,元大-四維,2023-06-16,9831
2882,國泰金,46,2,44,元大-四維,2023-06-16,9831
6282,康舒,77,34,43,元大-四維,2023-06-16,9831
1529,樂事綠能,49,9,40,元大-四維,2023-06-16,9831
6116,彩晶,51,12,39,元大-四維,2023-06-16,9831
1727,中華化,39,3,36,元大-四維,2023-06-16,9831
1514,亞力,43,10,33,元大-四維,2023-06-16,9831
2492,華新科,39,8,31,元大-四維,2023-06-16,9831
00751B,元大AAA至A公司債,30,0,30,元大-四維,2023-06-16,9831
2449,京元電子,36,6,30,元大-四維,2023-06-16,9831
2527,宏璟,30,0,30,元大-四維,2023-06-16,9831
2201,裕隆,30,0,30,元大-四維,2023-06-16,9831
2359,所羅門,97,69,28,元大-四維,2023-06-16,9831
4974,亞泰,26,0,26,元大-四維,2023-06-16,9831
6443,元晶,29,3,26,元大-四維,2023-06-16,9831
2323,中環,54,28,26,元大-四維,2023-06-16,9831
8092,建暐,25,0,25,元大-四維,2023-06-16,9831
6770,力積電,29,5,24,元大-四維,2023-06-16,9831
5880,合庫金,24,0,24,元大-四維,2023-06-16,9831
2382,廣達,45,21,24,元大-四維,2023-06-16,9831
2401,凌陽,35,12,23,元大-四維,2023-06-16,9831
3025,星通,27,5,22,元大-四維,2023-06-16,9831
8926,台汽電,23,2,21,元大-四維,2023-06-16,9831
2886,兆豐金,24,4,20,元大-四維,2023-06-16,9831
1220,台榮,20,0,20,元大-四維,2023-06-16,9831
5498,凱崴,20,0,20,元大-四維,2023-06-16,9831
2458,義隆,20,0,20,元大-四維,2023-06-16,9831
5426,振發,29,10,19,元大-四維,2023-06-16,9831
6187,萬潤,18,0,18,元大-四維,2023-06-16,9831
8234,新漢,30,12,18,元大-四維,2023-06-16,9831
6506,雙邦,18,0,18,元大-四維,2023-06-16,9831
00712,復華富時不動產,19,1,18,元大-四維,2023-06-16,9831
2377,微星,21,3,18,元大-四維,2023-06-16,9831
6214,精誠,21,4,17,元大-四維,2023-06-16,9831
2023,燁輝,16,0,16,元大-四維,2023-06-16,9831
00706L,期元大S＆P日圓正2,15,0,15,元大-四維,2023-06-16,9831
2312,金寶,480,26,454,元大-四維,2023-06-19,9831
6288,聯嘉,128,7,121,元大-四維,2023-06-19,9831
2421,建準,112,16,96,元大-四維,2023-06-19,9831
1905,華紙,103,20,83,元大-四維,2023-06-19,9831
00687B,國泰20年美債,80,0,80,元大-四維,2023-06-19,9831
1605,華新,86,26,60,元大-四維,2023-06-19,9831
5483,中美晶,61,6,55,元大-四維,2023-06-19,9831
8033,雷虎,58,4,54,元大-四維,2023-06-19,9831
8085,福華,88,35,53,元大-四維,2023-06-19,9831
2344,華邦電,53,1,52,元大-四維,2023-06-19,9831
2838,聯邦銀,50,0,50,元大-四維,2023-06-19,9831
00919,群益台灣精選高息,60,15,45,元大-四維,2023-06-19,9831
3231,緯創,75,31,44,元大-四維,2023-06-19,9831
3056,富華新,49,5,44,元大-四維,2023-06-19,9831
8038,長園科,42,2,40,元大-四維,2023-06-19,9831
1513,中興電,560,522,38,元大-四維,2023-06-19,9831
00715L,期街口布蘭特正2,45,7,38,元大-四維,2023-06-19,9831
2371,大同,89,52,37,元大-四維,2023-06-19,9831
2030,彰源,38,2,36,元大-四維,2023-06-19,9831
1734,杏輝,38,2,36,元大-四維,2023-06-19,9831
00637L,元大滬深300正2,58,25,33,元大-四維,2023-06-19,9831
00722B,群益投資級電信債,32,0,32,元大-四維,2023-06-19,9831
6120,達運,46,15,31,元大-四維,2023-06-19,9831
1525,江申,32,2,30,元大-四維,2023-06-19,9831
5608,四維航,26,1,25,元大-四維,2023-06-19,9831
2109,華豐,25,0,25,元大-四維,2023-06-19,9831
6274,台燿,31,6,25,元大-四維,2023-06-19,9831
3576,聯合再生,25,0,25,元大-四維,2023-06-19,9831
3011,今皓,56,32,24,元大-四維,2023-06-19,9831
2882,國泰金,23,0,23,元大-四維,2023-06-19,9831
2324,仁寶,46,23,23,元大-四維,2023-06-19,9831
4973,廣穎,23,0,23,元大-四維,2023-06-19,9831
6016,康和證,22,0,22,元大-四維,2023-06-19,9831
2442,新美齊,51,30,21,元大-四維,2023-06-19,9831
3564,其陽,20,0,20,元大-四維,2023-06-19,9831
2402,毅嘉,20,1,19,元大-四維,2023-06-19,9831
3033,威健,23,4,19,元大-四維,2023-06-19,9831
00795B,中信美國公債20年,19,0,19,元大-四維,2023-06-19,9831
00893,國泰智能電動車,22,3,19,元大-四維,2023-06-19,9831
5498,凱崴,16,0,16,元大-四維,2023-06-19,9831
5469,瀚宇博,17,1,16,元大-四維,2023-06-19,9831
2457,飛宏,45,30,15,元大-四維,2023-06-19,9831
3025,星通,34,20,14,元大-四維,2023-06-19,9831
8105,凌巨,23,9,14,元大-四維,2023-06-19,9831
6550,北極星藥業-KY,19,5,14,元大-四維,2023-06-19,9831
2332,友訊,18,4,14,元大-四維,2023-06-19,9831
4931,新盛力,13,0,13,元大-四維,2023-06-19,9831
2486,一詮,16,3,13,元大-四維,2023-06-19,9831
2204,中華,14,2,12,元大-四維,2023-06-19,9831
6190,萬泰科,12,0,12,元大-四維,2023-06-19,9831
2618,長榮航,466,132,334,元大-四維,2023-06-20,9831
1513,中興電,506,241,265,元大-四維,2023-06-20,9831
00673R,期元大S＆P原油反1,227,0,227,元大-四維,2023-06-20,9831
2610,華航,311,133,178,元大-四維,2023-06-20,9831
2356,英業達,200,41,159,元大-四維,2023-06-20,9831
2030,彰源,120,0,120,元大-四維,2023-06-20,9831
2368,金像電,111,9,102,元大-四維,2023-06-20,9831
2337,旺宏,68,0,68,元大-四維,2023-06-20,9831
3363,上詮,66,13,53,元大-四維,2023-06-20,9831
1605,華新,55,5,50,元大-四維,2023-06-20,9831
0056,元大高股息,85,38,47,元大-四維,2023-06-20,9831
3481,群創,84,39,45,元大-四維,2023-06-20,9831
1314,中石化,40,0,40,元大-四維,2023-06-20,9831
2527,宏璟,38,0,38,元大-四維,2023-06-20,9831
2454,聯發科,42,9,33,元大-四維,2023-06-20,9831
3025,星通,39,7,32,元大-四維,2023-06-20,9831
2634,漢翔,206,174,32,元大-四維,2023-06-20,9831
2838,聯邦銀,31,0,31,元大-四維,2023-06-20,9831
00637L,元大滬深300正2,52,21,31,元大-四維,2023-06-20,9831
5009,榮剛,36,5,31,元大-四維,2023-06-20,9831
2206,三陽工業,37,9,28,元大-四維,2023-06-20,9831
3024,憶聲,25,0,25,元大-四維,2023-06-20,9831
020028,元大特選電動車N,25,0,25,元大-四維,2023-06-20,9831
2382,廣達,38,16,22,元大-四維,2023-06-20,9831
00772B,中信高評級公司債,21,0,21,元大-四維,2023-06-20,9831
3056,富華新,24,3,21,元大-四維,2023-06-20,9831
6147,頎邦,20,0,20,元大-四維,2023-06-20,9831
00665L,富邦�琤肭磪囓�2,20,0,20,元大-四維,2023-06-20,9831
2855,統一證,20,0,20,元大-四維,2023-06-20,9831
1319,東陽,26,6,20,元大-四維,2023-06-20,9831
1528,恩德,26,8,18,元大-四維,2023-06-20,9831
4904,遠傳,17,0,17,元大-四維,2023-06-20,9831
2421,建準,20,4,16,元大-四維,2023-06-20,9831
3362,先進光,16,0,16,元大-四維,2023-06-20,9831
00795B,中信美國公債20年,16,0,16,元大-四維,2023-06-20,9831
5371,中光電,15,0,15,元大-四維,2023-06-20,9831
5469,瀚宇博,19,4,15,元大-四維,2023-06-20,9831
2504,國產,18,4,14,元大-四維,2023-06-20,9831
4968,立積,14,1,13,元大-四維,2023-06-20,9831
2431,聯昌,15,2,13,元大-四維,2023-06-20,9831
1529,樂事綠能,15,2,13,元大-四維,2023-06-20,9831
5905,南仁湖,24,11,13,元大-四維,2023-06-20,9831
3498,陽程,13,1,12,元大-四維,2023-06-20,9831
6550,北極星藥業-KY,17,5,12,元大-四維,2023-06-20,9831
2926,誠品生活,12,0,12,元大-四維,2023-06-20,9831
5533,皇鼎,12,0,12,元大-四維,2023-06-20,9831
1560,中砂,18,6,12,元大-四維,2023-06-20,9831
2404,漢唐,11,0,11,元大-四維,2023-06-20,9831
6531,愛普*,14,3,11,元大-四維,2023-06-20,9831
00679B,元大美債20年,26,15,11,元大-四維,2023-06-20,9831
2332,友訊,242,36,206,元大-四維,2023-06-21,9831
3264,欣銓,123,3,120,元大-四維,2023-06-21,9831
00712,復華富時不動產,112,24,88,元大-四維,2023-06-21,9831
1314,中石化,101,18,83,元大-四維,2023-06-21,9831
3037,欣興,76,0,76,元大-四維,2023-06-21,9831
00632R,元大台灣50反1,83,10,73,元大-四維,2023-06-21,9831
6164,華興,70,0,70,元大-四維,2023-06-21,9831
2888,新光金,78,11,67,元大-四維,2023-06-21,9831
2201,裕隆,65,0,65,元大-四維,2023-06-21,9831
4533,協易機,64,1,63,元大-四維,2023-06-21,9831
6142,友勁,57,0,57,元大-四維,2023-06-21,9831
1905,華紙,103,50,53,元大-四維,2023-06-21,9831
1605,華新,80,34,46,元大-四維,2023-06-21,9831
3055,蔚華科,47,2,45,元大-四維,2023-06-21,9831
2352,佳世達,41,1,40,元大-四維,2023-06-21,9831
2883,凱基金,38,3,35,元大-四維,2023-06-21,9831
00665L,富邦�琤肭磪囓�2,31,0,31,元大-四維,2023-06-21,9831
4108,懷特,31,0,31,元大-四維,2023-06-21,9831
4577,達航科技,30,0,30,元大-四維,2023-06-21,9831
3706,神達,35,6,29,元大-四維,2023-06-21,9831
2323,中環,50,25,25,元大-四維,2023-06-21,9831
3011,今皓,29,5,24,元大-四維,2023-06-21,9831
2337,旺宏,25,1,24,元大-四維,2023-06-21,9831
00882,中信中國高股息,23,1,22,元大-四維,2023-06-21,9831
4927,泰鼎-KY,20,0,20,元大-四維,2023-06-21,9831
2609,陽明,53,33,20,元大-四維,2023-06-21,9831
2101,南港,20,0,20,元大-四維,2023-06-21,9831
3714,富采,33,14,19,元大-四維,2023-06-21,9831
6531,愛普*,19,0,19,元大-四維,2023-06-21,9831
5483,中美晶,24,6,18,元大-四維,2023-06-21,9831
2736,富野,20,2,18,元大-四維,2023-06-21,9831
1783,和康生,18,0,18,元大-四維,2023-06-21,9831
2603,長榮,39,22,17,元大-四維,2023-06-21,9831
3675,德微,19,3,16,元大-四維,2023-06-21,9831
1504,東元,26,11,15,元大-四維,2023-06-21,9831
2926,誠品生活,15,0,15,元大-四維,2023-06-21,9831
2413,環科,14,0,14,元大-四維,2023-06-21,9831
9907,統一實,14,0,14,元大-四維,2023-06-21,9831
6120,達運,18,4,14,元大-四維,2023-06-21,9831
2399,映泰,15,1,14,元大-四維,2023-06-21,9831
3290,東浦,13,0,13,元大-四維,2023-06-21,9831
00751B,元大AAA至A公司債,13,0,13,元大-四維,2023-06-21,9831
1802,台玻,16,3,13,元大-四維,2023-06-21,9831
3006,晶豪科,18,5,13,元大-四維,2023-06-21,9831
2388,威盛,14,2,12,元大-四維,2023-06-21,9831
4126,太醫,12,0,12,元大-四維,2023-06-21,9831
6550,北極星藥業-KY,21,9,12,元大-四維,2023-06-21,9831
2489,瑞軒,12,0,12,元大-四維,2023-06-21,9831
00891,中信關鍵半導體,18,6,12,元大-四維,2023-06-21,9831
6187,萬潤,12,1,11,元大-四維,2023-06-21,9831
3481,群創,207,7,200,元大-四維,2023-06-26,9831
2890,永豐金,195,12,183,元大-四維,2023-06-26,9831
2903,遠百,121,0,121,元大-四維,2023-06-26,9831
1905,華紙,196,75,121,元大-四維,2023-06-26,9831
2838,聯邦銀,106,0,106,元大-四維,2023-06-26,9831
6116,彩晶,99,2,97,元大-四維,2023-06-26,9831
2332,友訊,120,24,96,元大-四維,2023-06-26,9831
2352,佳世達,96,2,94,元大-四維,2023-06-26,9831
00715L,期街口布蘭特正2,86,0,86,元大-四維,2023-06-26,9831
1802,台玻,92,7,85,元大-四維,2023-06-26,9831
00882,中信中國高股息,67,3,64,元大-四維,2023-06-26,9831
1605,華新,74,11,63,元大-四維,2023-06-26,9831
1514,亞力,81,19,62,元大-四維,2023-06-26,9831
00885,富邦越南,74,13,61,元大-四維,2023-06-26,9831
2344,華邦電,84,24,60,元大-四維,2023-06-26,9831
00712,復華富時不動產,72,17,55,元大-四維,2023-06-26,9831
00637L,元大滬深300正2,77,23,54,元大-四維,2023-06-26,9831
2634,漢翔,61,16,45,元大-四維,2023-06-26,9831
3049,精金,46,3,43,元大-四維,2023-06-26,9831
2442,新美齊,40,0,40,元大-四維,2023-06-26,9831
2382,廣達,48,11,37,元大-四維,2023-06-26,9831
1504,東元,48,14,34,元大-四維,2023-06-26,9831
8358,金居,37,3,34,元大-四維,2023-06-26,9831
8150,南茂,40,6,34,元大-四維,2023-06-26,9831
2368,金像電,43,9,34,元大-四維,2023-06-26,9831
3032,偉訓,38,5,33,元大-四維,2023-06-26,9831
2609,陽明,32,0,32,元大-四維,2023-06-26,9831
2867,三商壽,31,0,31,元大-四維,2023-06-26,9831
2102,泰豐,30,0,30,元大-四維,2023-06-26,9831
7402,邑錡,31,4,27,元大-四維,2023-06-26,9831
00893,國泰智能電動車,52,25,27,元大-四維,2023-06-26,9831
020028,元大特選電動車N,25,0,25,元大-四維,2023-06-26,9831
2340,台亞,118,93,25,元大-四維,2023-06-26,9831
4938,和碩,24,0,24,元大-四維,2023-06-26,9831
2889,國票金,24,0,24,元大-四維,2023-06-26,9831
2883,凱基金,29,5,24,元大-四維,2023-06-26,9831
2421,建準,26,3,23,元大-四維,2023-06-26,9831
3706,神達,64,41,23,元大-四維,2023-06-26,9831
4961,天鈺,22,0,22,元大-四維,2023-06-26,9831
5347,世界,24,2,22,元大-四維,2023-06-26,9831
5608,四維航,22,0,22,元大-四維,2023-06-26,9831
3675,德微,22,0,22,元大-四維,2023-06-26,9831
2303,聯電,32,11,21,元大-四維,2023-06-26,9831
6689,伊雲谷,21,0,21,元大-四維,2023-06-26,9831
2436,偉詮電,21,0,21,元大-四維,2023-06-26,9831
3576,聯合再生,21,0,21,元大-四維,2023-06-26,9831
3231,緯創,56,36,20,元大-四維,2023-06-26,9831
2347,聯強,20,0,20,元大-四維,2023-06-26,9831
2542,興富發,20,0,20,元大-四維,2023-06-26,9831
2323,中環,118,99,19,元大-四維,2023-06-26,9831
2409,友達,350,16,334,元大-四維,2023-06-27,9831
2618,長榮航,429,139,290,元大-四維,2023-06-27,9831
00632R,元大台灣50反1,115,0,115,元大-四維,2023-06-27,9831
2356,英業達,170,60,110,元大-四維,2023-06-27,9831
2890,永豐金,104,1,103,元大-四維,2023-06-27,9831
2303,聯電,147,53,94,元大-四維,2023-06-27,9831
2610,華航,386,306,80,元大-四維,2023-06-27,9831
2332,友訊,86,11,75,元大-四維,2023-06-27,9831
3481,群創,141,70,71,元大-四維,2023-06-27,9831
00878,國泰永續高股息,108,38,70,元大-四維,2023-06-27,9831
6116,彩晶,74,18,56,元大-四維,2023-06-27,9831
00753L,中信中國50正2,57,2,55,元大-四維,2023-06-27,9831
2340,台亞,128,80,48,元大-四維,2023-06-27,9831
2208,台船,59,12,47,元大-四維,2023-06-27,9831
2888,新光金,56,10,46,元大-四維,2023-06-27,9831
00929,復華台灣科技優息,45,0,45,元大-四維,2023-06-27,9831
2344,華邦電,45,2,43,元大-四維,2023-06-27,9831
3231,緯創,97,54,43,元大-四維,2023-06-27,9831
4564,元翎,42,0,42,元大-四維,2023-06-27,9831
3033,威健,42,1,41,元大-四維,2023-06-27,9831
1301,台塑,43,6,37,元大-四維,2023-06-27,9831
3715,定穎投控,35,0,35,元大-四維,2023-06-27,9831
2390,云辰,37,2,35,元大-四維,2023-06-27,9831
2838,聯邦銀,30,0,30,元大-四維,2023-06-27,9831
1104,環泥,31,2,29,元大-四維,2023-06-27,9831
00891,中信關鍵半導體,30,2,28,元大-四維,2023-06-27,9831
8358,金居,26,0,26,元大-四維,2023-06-27,9831
3051,力特,32,6,26,元大-四維,2023-06-27,9831
6188,廣明,27,3,24,元大-四維,2023-06-27,9831
3675,德微,24,0,24,元大-四維,2023-06-27,9831
8213,志超,24,0,24,元大-四維,2023-06-27,9831
2891,中信金,23,0,23,元大-四維,2023-06-27,9831
2312,金寶,36,13,23,元大-四維,2023-06-27,9831
3706,神達,45,22,23,元大-四維,2023-06-27,9831
2034,允強,22,0,22,元大-四維,2023-06-27,9831
8403,盛弘,49,27,22,元大-四維,2023-06-27,9831
00885,富邦越南,34,13,21,元大-四維,2023-06-27,9831
2101,南港,21,0,21,元大-四維,2023-06-27,9831
00687B,國泰20年美債,22,1,21,元大-四維,2023-06-27,9831
2436,偉詮電,21,0,21,元大-四維,2023-06-27,9831
2884,玉山金,20,0,20,元大-四維,2023-06-27,9831
2442,新美齊,40,20,20,元大-四維,2023-06-27,9831
2353,宏��,20,1,19,元大-四維,2023-06-27,9831
1609,大亞,45,26,19,元大-四維,2023-06-27,9831
3071,協禧,20,1,19,元大-四維,2023-06-27,9831
2534,宏盛,18,0,18,元大-四維,2023-06-27,9831
2492,華新科,19,2,17,元大-四維,2023-06-27,9831
6127,九豪,17,0,17,元大-四維,2023-06-27,9831
2801,彰銀,17,0,17,元大-四維,2023-06-27,9831
2317,鴻海,51,35,16,元大-四維,2023-06-27,9831
00715L,期街口布蘭特正2,1370,5,1365,元大-四維,2023-06-28,9831
2371,大同,404,22,382,元大-四維,2023-06-28,9831
2409,友達,273,21,252,元大-四維,2023-06-28,9831
3380,明泰,131,2,129,元大-四維,2023-06-28,9831
2014,中鴻,104,0,104,元大-四維,2023-06-28,9831
1417,嘉裕,100,0,100,元大-四維,2023-06-28,9831
3481,群創,104,6,98,元大-四維,2023-06-28,9831
1605,華新,127,31,96,元大-四維,2023-06-28,9831
2890,永豐金,60,0,60,元大-四維,2023-06-28,9831
2323,中環,68,10,58,元大-四維,2023-06-28,9831
00712,復華富時不動產,67,10,57,元大-四維,2023-06-28,9831
3042,晶技,59,3,56,元大-四維,2023-06-28,9831
00885,富邦越南,62,8,54,元大-四維,2023-06-28,9831
00706L,期元大S＆P日圓正2,53,0,53,元大-四維,2023-06-28,9831
2485,兆赫,53,1,52,元大-四維,2023-06-28,9831
3011,今皓,57,7,50,元大-四維,2023-06-28,9831
00795B,中信美國公債20年,45,0,45,元大-四維,2023-06-28,9831
00642U,期元大S＆P石油,46,2,44,元大-四維,2023-06-28,9831
6535,順藥,39,0,39,元大-四維,2023-06-28,9831
3037,欣興,41,3,38,元大-四維,2023-06-28,9831
2457,飛宏,50,14,36,元大-四維,2023-06-28,9831
2614,東森,35,0,35,元大-四維,2023-06-28,9831
1783,和康生,42,7,35,元大-四維,2023-06-28,9831
8046,南電,35,0,35,元大-四維,2023-06-28,9831
2882,國泰金,32,0,32,元大-四維,2023-06-28,9831
00751B,元大AAA至A公司債,31,0,31,元大-四維,2023-06-28,9831
2206,三陽工業,27,0,27,元大-四維,2023-06-28,9831
4916,事欣科,40,14,26,元大-四維,2023-06-28,9831
1301,台塑,26,0,26,元大-四維,2023-06-28,9831
6170,統振,25,0,25,元大-四維,2023-06-28,9831
4513,福裕,25,0,25,元大-四維,2023-06-28,9831
4564,元翎,34,10,24,元大-四維,2023-06-28,9831
6443,元晶,24,1,23,元大-四維,2023-06-28,9831
3447,展達,33,10,23,元大-四維,2023-06-28,9831
2883,凱基金,23,0,23,元大-四維,2023-06-28,9831
1303,南亞,21,0,21,元大-四維,2023-06-28,9831
2889,國票金,20,0,20,元大-四維,2023-06-28,9831
8092,建暐,20,0,20,元大-四維,2023-06-28,9831
1752,南光,23,3,20,元大-四維,2023-06-28,9831
1444,力麗,49,32,17,元大-四維,2023-06-28,9831
2633,台灣高鐵,17,0,17,元大-四維,2023-06-28,9831
3715,定穎投控,18,1,17,元大-四維,2023-06-28,9831
5347,世界,17,0,17,元大-四維,2023-06-28,9831
2337,旺宏,19,3,16,元大-四維,2023-06-28,9831
4157,太景*-KY,32,16,16,元大-四維,2023-06-28,9831
4746,台耀,36,20,16,元大-四維,2023-06-28,9831
5388,中磊,52,36,16,元大-四維,2023-06-28,9831
2609,陽明,52,36,16,元大-四維,2023-06-28,9831
6182,合晶,22,7,15,元大-四維,2023-06-28,9831
2801,彰銀,15,0,15,元大-四維,2023-06-28,9831
2618,長榮航,323,58,265,元大-四維,2023-06-29,9831
2885,元大金,233,5,228,元大-四維,2023-06-29,9831
3005,神基,109,5,104,元大-四維,2023-06-29,9831
2323,中環,88,4,84,元大-四維,2023-06-29,9831
1605,華新,104,20,84,元大-四維,2023-06-29,9831
2337,旺宏,89,7,82,元大-四維,2023-06-29,9831
5388,中磊,100,33,67,元大-四維,2023-06-29,9831
2303,聯電,66,1,65,元大-四維,2023-06-29,9831
2317,鴻海,72,10,62,元大-四維,2023-06-29,9831
2610,華航,66,10,56,元大-四維,2023-06-29,9831
00632R,元大台灣50反1,52,0,52,元大-四維,2023-06-29,9831
1460,宏遠,50,0,50,元大-四維,2023-06-29,9831
1314,中石化,73,23,50,元大-四維,2023-06-29,9831
2884,玉山金,39,0,39,元大-四維,2023-06-29,9831
2888,新光金,50,16,34,元大-四維,2023-06-29,9831
00753L,中信中國50正2,29,0,29,元大-四維,2023-06-29,9831
3481,群創,42,14,28,元大-四維,2023-06-29,9831
00772B,中信高評級公司債,26,3,23,元大-四維,2023-06-29,9831
4961,天鈺,21,1,20,元大-四維,2023-06-29,9831
6290,良維,20,0,20,元大-四維,2023-06-29,9831
4116,明基醫,20,0,20,元大-四維,2023-06-29,9831
00773B,中信優先金融債,20,0,20,元大-四維,2023-06-29,9831
4746,台耀,29,10,19,元大-四維,2023-06-29,9831
2548,華固,20,1,19,元大-四維,2023-06-29,9831
2449,京元電子,18,0,18,元大-四維,2023-06-29,9831
5608,四維航,24,6,18,元大-四維,2023-06-29,9831
2634,漢翔,19,2,17,元大-四維,2023-06-29,9831
6282,康舒,18,2,16,元大-四維,2023-06-29,9831
1104,環泥,16,0,16,元大-四維,2023-06-29,9831
2534,宏盛,16,0,16,元大-四維,2023-06-29,9831
8064,東捷,16,0,16,元大-四維,2023-06-29,9831
8932,智通*,18,3,15,元大-四維,2023-06-29,9831
2611,志信,16,1,15,元大-四維,2023-06-29,9831
4414,如興,16,1,15,元大-四維,2023-06-29,9831
1701,中化,15,1,14,元大-四維,2023-06-29,9831
5426,振發,19,5,14,元大-四維,2023-06-29,9831
2540,愛山林,14,0,14,元大-四維,2023-06-29,9831
8112,至上,13,0,13,元大-四維,2023-06-29,9831
3027,盛達,15,3,12,元大-四維,2023-06-29,9831
2340,台亞,22,10,12,元大-四維,2023-06-29,9831
2462,良得電,13,1,12,元大-四維,2023-06-29,9831
2330,台積電,11,0,11,元大-四維,2023-06-29,9831
2313,華通,14,3,11,元大-四維,2023-06-29,9831
2887,台新金,11,0,11,元大-四維,2023-06-29,9831
4130,健亞,15,4,11,元大-四維,2023-06-29,9831
4157,太景*-KY,34,23,11,元大-四維,2023-06-29,9831
5465,富驊,12,1,11,元大-四維,2023-06-29,9831
2615,萬海,17,7,10,元大-四維,2023-06-29,9831
00919,群益台灣精選高息,14,4,10,元大-四維,2023-06-29,9831
2015,豐興,10,0,10,元大-四維,2023-06-29,9831
2603,長榮,409,83,326,元大-四維,2023-06-30,9831
2332,友訊,159,11,148,元大-四維,2023-06-30,9831
2885,元大金,115,0,115,元大-四維,2023-06-30,9831
2344,華邦電,77,5,72,元大-四維,2023-06-30,9831
2618,長榮航,106,45,61,元大-四維,2023-06-30,9831
4927,泰鼎-KY,60,0,60,元大-四維,2023-06-30,9831
3011,今皓,60,3,57,元大-四維,2023-06-30,9831
00632R,元大台灣50反1,54,0,54,元大-四維,2023-06-30,9831
2419,仲琦,62,8,54,元大-四維,2023-06-30,9831
2425,承啟,35,0,35,元大-四維,2023-06-30,9831
2883,凱基金,38,5,33,元大-四維,2023-06-30,9831
1524,耿鼎,33,0,33,元大-四維,2023-06-30,9831
00679B,元大美債20年,32,0,32,元大-四維,2023-06-30,9831
2376,技嘉,38,8,30,元大-四維,2023-06-30,9831
3356,奇偶,35,5,30,元大-四維,2023-06-30,9831
00664R,國泰臺灣加權反1,30,0,30,元大-四維,2023-06-30,9831
3034,聯詠,30,1,29,元大-四維,2023-06-30,9831
2323,中環,48,20,28,元大-四維,2023-06-30,9831
2002,中鋼,31,3,28,元大-四維,2023-06-30,9831
3675,德微,26,0,26,元大-四維,2023-06-30,9831
2408,南亞科,27,2,25,元大-四維,2023-06-30,9831
2313,華通,25,0,25,元大-四維,2023-06-30,9831
6142,友勁,24,0,24,元大-四維,2023-06-30,9831
00795B,中信美國公債20年,24,0,24,元大-四維,2023-06-30,9831
2633,台灣高鐵,21,0,21,元大-四維,2023-06-30,9831
2409,友達,21,0,21,元大-四維,2023-06-30,9831
2882,國泰金,20,0,20,元大-四維,2023-06-30,9831
3052,夆典,20,0,20,元大-四維,2023-06-30,9831
6219,富旺,20,0,20,元大-四維,2023-06-30,9831
6282,康舒,53,34,19,元大-四維,2023-06-30,9831
2317,鴻海,48,29,19,元大-四維,2023-06-30,9831
4114,健喬,20,2,18,元大-四維,2023-06-30,9831
5531,鄉林,20,2,18,元大-四維,2023-06-30,9831
8110,華東,21,4,17,元大-四維,2023-06-30,9831
3305,昇貿,17,0,17,元大-四維,2023-06-30,9831
00687B,國泰20年美債,16,0,16,元大-四維,2023-06-30,9831
4102,永日,16,0,16,元大-四維,2023-06-30,9831
4121,優盛,20,4,16,元大-四維,2023-06-30,9831
2610,華航,34,19,15,元大-四維,2023-06-30,9831
9907,統一實,15,0,15,元大-四維,2023-06-30,9831
6290,良維,16,1,15,元大-四維,2023-06-30,9831
2390,云辰,15,0,15,元大-四維,2023-06-30,9831
5533,皇鼎,15,0,15,元大-四維,2023-06-30,9831
1605,華新,29,14,15,元大-四維,2023-06-30,9831
2412,中華電,14,0,14,元大-四維,2023-06-30,9831
00772B,中信高評級公司債,16,2,14,元大-四維,2023-06-30,9831
3078,僑威,20,6,14,元大-四維,2023-06-30,9831
2340,台亞,18,4,14,元大-四維,2023-06-30,9831
2615,萬海,24,11,13,元大-四維,2023-06-30,9831
4147,中裕,14,1,13,元大-四維,2023-06-30,9831
3221,台嘉碩,131,1,130,元大-四維,2023-07-03,9831
3231,緯創,169,45,124,元大-四維,2023-07-03,9831
2211,長榮鋼,67,2,65,元大-四維,2023-07-03,9831
6282,康舒,92,36,56,元大-四維,2023-07-03,9831
1314,中石化,44,3,41,元大-四維,2023-07-03,9831
5009,榮剛,45,4,41,元大-四維,2023-07-03,9831
2303,聯電,96,57,39,元大-四維,2023-07-03,9831
4157,太景*-KY,48,14,34,元大-四維,2023-07-03,9831
020038,元大ESG配息N,32,0,32,元大-四維,2023-07-03,9831
5426,振發,31,0,31,元大-四維,2023-07-03,9831
1907,永豐餘,33,3,30,元大-四維,2023-07-03,9831
2409,友達,28,0,28,元大-四維,2023-07-03,9831
2356,英業達,96,68,28,元大-四維,2023-07-03,9831
3481,群創,86,61,25,元大-四維,2023-07-03,9831
4912,聯德控股-KY,23,0,23,元大-四維,2023-07-03,9831
6122,擎邦,38,15,23,元大-四維,2023-07-03,9831
6142,友勁,32,10,22,元大-四維,2023-07-03,9831
4915,致伸,21,1,20,元大-四維,2023-07-03,9831
4533,協易機,20,1,19,元大-四維,2023-07-03,9831
2486,一詮,31,13,18,元大-四維,2023-07-03,9831
1301,台塑,39,22,17,元大-四維,2023-07-03,9831
2344,華邦電,40,23,17,元大-四維,2023-07-03,9831
6191,精成科,21,4,17,元大-四維,2023-07-03,9831
2883,凱基金,17,0,17,元大-四維,2023-07-03,9831
2888,新光金,19,2,17,元大-四維,2023-07-03,9831
6133,金橋,16,0,16,元大-四維,2023-07-03,9831
2610,華航,59,43,16,元大-四維,2023-07-03,9831
2324,仁寶,25,10,15,元大-四維,2023-07-03,9831
6274,台燿,22,6,16,元大-四維,2023-07-03,9831
2884,玉山金,20,5,15,元大-四維,2023-07-03,9831
2337,旺宏,19,4,15,元大-四維,2023-07-03,9831
2206,三陽工業,39,25,14,元大-四維,2023-07-03,9831
1795,美時,18,5,13,元大-四維,2023-07-03,9831
00795B,中信美國公債20年,13,0,13,元大-四維,2023-07-03,9831
3047,訊舟,14,2,12,元大-四維,2023-07-03,9831
00921,兆豐龍頭等權重,12,0,12,元大-四維,2023-07-03,9831
4162,智擎,15,3,12,元大-四維,2023-07-03,9831
3006,晶豪科,13,1,12,元大-四維,2023-07-03,9831
3017,奇鋐,20,8,12,元大-四維,2023-07-03,9831
2354,鴻準,11,0,11,元大-四維,2023-07-03,9831
1708,東鹼,15,5,10,元大-四維,2023-07-03,9831
1201,味全,10,0,10,元大-四維,2023-07-03,9831
00892,富邦台灣半導體,10,0,10,元大-四維,2023-07-03,9831
00650L,復華香港正2,30,20,10,元大-四維,2023-07-03,9831
00888,永豐台灣ESG,12,2,10,元大-四維,2023-07-03,9831
3033,威健,16,6,10,元大-四維,2023-07-03,9831
3712,永崴投控,10,0,10,元大-四維,2023-07-03,9831
2480,敦陽科,10,0,10,元大-四維,2023-07-03,9831
6548,長科*,10,0,10,元大-四維,2023-07-03,9831
3083,網龍,11,1,10,元大-四維,2023-07-03,9831
2603,長榮,1009,327,682,元大-四維,2023-07-04,9831
2618,長榮航,753,107,646,元大-四維,2023-07-04,9831
2883,凱基金,194,9,185,元大-四維,2023-07-04,9831
3712,永崴投控,202,19,183,元大-四維,2023-07-04,9831
2609,陽明,222,64,158,元大-四維,2023-07-04,9831
0056,元大高股息,156,27,129,元大-四維,2023-07-04,9831
2888,新光金,86,0,86,元大-四維,2023-07-04,9831
1314,中石化,90,8,82,元大-四維,2023-07-04,9831
2317,鴻海,104,33,71,元大-四維,2023-07-04,9831
3583,辛耘,81,13,68,元大-四維,2023-07-04,9831
2329,華泰,89,41,48,元大-四維,2023-07-04,9831
8358,金居,50,2,48,元大-四維,2023-07-04,9831
2885,元大金,51,5,46,元大-四維,2023-07-04,9831
1904,正隆,43,1,42,元大-四維,2023-07-04,9831
1301,台塑,40,0,40,元大-四維,2023-07-04,9831
4906,正文,47,8,39,元大-四維,2023-07-04,9831
8050,廣積,42,11,31,元大-四維,2023-07-04,9831
2405,輔信,33,3,30,元大-四維,2023-07-04,9831
2419,仲琦,43,15,28,元大-四維,2023-07-04,9831
6223,旺矽,36,8,28,元大-四維,2023-07-04,9831
4915,致伸,28,0,28,元大-四維,2023-07-04,9831
6112,邁達特,29,2,27,元大-四維,2023-07-04,9831
2515,中工,63,36,27,元大-四維,2023-07-04,9831
6127,九豪,25,0,25,元大-四維,2023-07-04,9831
3025,星通,64,39,25,元大-四維,2023-07-04,9831
00929,復華台灣科技優息,77,55,22,元大-四維,2023-07-04,9831
1513,中興電,31,9,22,元大-四維,2023-07-04,9831
9958,世紀鋼,21,0,21,元大-四維,2023-07-04,9831
00720B,元大投資級公司債,23,2,21,元大-四維,2023-07-04,9831
2734,易飛網,23,2,21,元大-四維,2023-07-04,9831
1303,南亞,21,1,20,元大-四維,2023-07-04,9831
6153,嘉聯益,22,2,20,元大-四維,2023-07-04,9831
1539,巨庭,20,1,19,元大-四維,2023-07-04,9831
1514,亞力,33,14,19,元大-四維,2023-07-04,9831
2449,京元電子,37,18,19,元大-四維,2023-07-04,9831
3078,僑威,28,12,16,元大-四維,2023-07-04,9831
2314,台揚,17,1,16,元大-四維,2023-07-04,9831
020038,元大ESG配息N,16,0,16,元大-四維,2023-07-04,9831
2633,台灣高鐵,15,0,15,元大-四維,2023-07-04,9831
2882,國泰金,15,0,15,元大-四維,2023-07-04,9831
3234,光環,15,0,15,元大-四維,2023-07-04,9831
2634,漢翔,34,20,14,元大-四維,2023-07-04,9831
1611,中電,14,0,14,元大-四維,2023-07-04,9831
3362,先進光,27,13,14,元大-四維,2023-07-04,9831
1618,合機,15,1,14,元大-四維,2023-07-04,9831
6116,彩晶,13,0,13,元大-四維,2023-07-04,9831
2834,臺企銀,13,0,13,元大-四維,2023-07-04,9831
1326,台化,12,0,12,元大-四維,2023-07-04,9831
1608,華榮,15,3,12,元大-四維,2023-07-04,9831
4114,健喬,12,0,12,元大-四維,2023-07-04,9831
2603,長榮,442,111,331,元大-四維,2023-07-05,9831
00673R,期元大S＆P原油反1,294,0,294,元大-四維,2023-07-05,9831
3231,緯創,367,89,278,元大-四維,2023-07-05,9831
2356,英業達,241,97,144,元大-四維,2023-07-05,9831
2409,友達,127,27,100,元大-四維,2023-07-05,9831
3706,神達,86,24,62,元大-四維,2023-07-05,9831
1539,巨庭,62,0,62,元大-四維,2023-07-05,9831
2883,凱基金,75,15,60,元大-四維,2023-07-05,9831
2609,陽明,239,179,60,元大-四維,2023-07-05,9831
0056,元大高股息,98,39,59,元大-四維,2023-07-05,9831
2312,金寶,64,6,58,元大-四維,2023-07-05,9831
2705,六福,64,13,51,元大-四維,2023-07-05,9831
1314,中石化,51,7,44,元大-四維,2023-07-05,9831
3701,大眾控,41,2,39,元大-四維,2023-07-05,9831
1301,台塑,39,1,38,元大-四維,2023-07-05,9831
2929,淘帝-KY,39,1,38,元大-四維,2023-07-05,9831
6168,宏齊,37,0,37,元大-四維,2023-07-05,9831
5243,乙盛-KY,46,11,35,元大-四維,2023-07-05,9831
2201,裕隆,32,3,29,元大-四維,2023-07-05,9831
00764B,群益25年美債,31,2,29,元大-四維,2023-07-05,9831
00665L,富邦�琤肭磪囓�2,29,0,29,元大-四維,2023-07-05,9831
4532,瑞智,30,2,28,元大-四維,2023-07-05,9831
4566,時碩工業,37,10,27,元大-四維,2023-07-05,9831
6443,元晶,33,7,26,元大-四維,2023-07-05,9831
8358,金居,25,0,25,元大-四維,2023-07-05,9831
2324,仁寶,25,1,24,元大-四維,2023-07-05,9831
00882,中信中國高股息,24,0,24,元大-四維,2023-07-05,9831
4961,天鈺,22,0,22,元大-四維,2023-07-05,9831
2889,國票金,22,0,22,元大-四維,2023-07-05,9831
1101,台泥,21,0,21,元大-四維,2023-07-05,9831
2206,三陽工業,32,11,21,元大-四維,2023-07-05,9831
4904,遠傳,24,4,20,元大-四維,2023-07-05,9831
1528,恩德,28,8,20,元大-四維,2023-07-05,9831
2462,良得電,20,1,19,元大-四維,2023-07-05,9831
00712,復華富時不動產,19,0,19,元大-四維,2023-07-05,9831
3583,辛耘,29,11,18,元大-四維,2023-07-05,9831
6188,廣明,29,10,19,元大-四維,2023-07-05,9831
2382,廣達,34,15,19,元大-四維,2023-07-05,9831
00927,群益半導體收益,17,0,17,元大-四維,2023-07-05,9831
2303,聯電,25,8,17,元大-四維,2023-07-05,9831
4414,如興,22,6,16,元大-四維,2023-07-05,9831
1609,大亞,39,23,16,元大-四維,2023-07-05,9831
3011,今皓,16,0,16,元大-四維,2023-07-05,9831
1326,台化,15,0,15,元大-四維,2023-07-05,9831
3260,威剛,37,22,15,元大-四維,2023-07-05,9831
6127,九豪,15,0,15,元大-四維,2023-07-05,9831
8110,華東,15,0,15,元大-四維,2023-07-05,9831
2317,鴻海,41,27,14,元大-四維,2023-07-05,9831
4916,事欣科,26,12,14,元大-四維,2023-07-05,9831
2520,冠德,15,1,14,元大-四維,2023-07-05,9831
00673R,期元大S＆P原油反1,340,0,340,元大-四維,2023-07-06,9831
2888,新光金,170,2,168,元大-四維,2023-07-06,9831
2603,長榮,173,9,164,元大-四維,2023-07-06,9831
9933,中鼎,140,0,140,元大-四維,2023-07-06,9831
8215,明基材,170,35,135,元大-四維,2023-07-06,9831
1904,正隆,130,2,128,元大-四維,2023-07-06,9831
2885,元大金,123,0,123,元大-四維,2023-07-06,9831
2609,陽明,168,47,121,元大-四維,2023-07-06,9831
1101,台泥,112,4,108,元大-四維,2023-07-06,9831
2014,中鴻,109,3,106,元大-四維,2023-07-06,9831
00878,國泰永續高股息,206,114,92,元大-四維,2023-07-06,9831
2618,長榮航,143,53,90,元大-四維,2023-07-06,9831
2883,凱基金,80,3,77,元大-四維,2023-07-06,9831
2610,華航,102,25,77,元大-四維,2023-07-06,9831
2002,中鋼,91,14,77,元大-四維,2023-07-06,9831
3037,欣興,75,4,71,元大-四維,2023-07-06,9831
2891,中信金,67,2,65,元大-四維,2023-07-06,9831
2867,三商壽,61,0,61,元大-四維,2023-07-06,9831
1513,中興電,64,7,57,元大-四維,2023-07-06,9831
020038,元大ESG配息N,52,0,52,元大-四維,2023-07-06,9831
1301,台塑,50,2,48,元大-四維,2023-07-06,9831
00650L,復華香港正2,51,5,46,元大-四維,2023-07-06,9831
2882,國泰金,45,0,45,元大-四維,2023-07-06,9831
2329,華泰,64,20,44,元大-四維,2023-07-06,9831
5009,榮剛,50,7,43,元大-四維,2023-07-06,9831
5880,合庫金,42,0,42,元大-四維,2023-07-06,9831
00665L,富邦�琤肭磪囓�2,41,0,41,元大-四維,2023-07-06,9831
2880,華南金,40,0,40,元大-四維,2023-07-06,9831
0050,元大台灣50,42,3,39,元大-四維,2023-07-06,9831
2834,臺企銀,39,0,39,元大-四維,2023-07-06,9831
00929,復華台灣科技優息,37,0,37,元大-四維,2023-07-06,9831
3356,奇偶,58,24,34,元大-四維,2023-07-06,9831
6152,百一,33,0,33,元大-四維,2023-07-06,9831
00680L,元大美債20正2,32,0,32,元大-四維,2023-07-06,9831
1303,南亞,32,0,32,元大-四維,2023-07-06,9831
6282,康舒,55,25,30,元大-四維,2023-07-06,9831
2838,聯邦銀,30,0,30,元大-四維,2023-07-06,9831
8183,精星,30,0,30,元大-四維,2023-07-06,9831
4979,華星光,44,15,29,元大-四維,2023-07-06,9831
3362,先進光,61,32,29,元大-四維,2023-07-06,9831
00882,中信中國高股息,29,0,29,元大-四維,2023-07-06,9831
2881,富邦金,28,0,28,元大-四維,2023-07-06,9831
1539,巨庭,46,18,28,元大-四維,2023-07-06,9831
2606,裕民,29,2,27,元大-四維,2023-07-06,9831
6443,元晶,28,2,26,元大-四維,2023-07-06,9831
2323,中環,55,29,26,元大-四維,2023-07-06,9831
6415,矽力*-KY,27,1,26,元大-四維,2023-07-06,9831
4533,協易機,50,26,24,元大-四維,2023-07-06,9831
2633,台灣高鐵,22,0,22,元大-四維,2023-07-06,9831
1618,合機,23,1,22,元大-四維,2023-07-06,9831
3481,群創,226,4,222,元大-四維,2023-07-07,9831
2014,中鴻,171,8,163,元大-四維,2023-07-07,9831
4510,高鋒,101,4,97,元大-四維,2023-07-07,9831
00878,國泰永續高股息,104,35,69,元大-四維,2023-07-07,9831
3231,緯創,185,118,67,元大-四維,2023-07-07,9831
6153,嘉聯益,66,0,66,元大-四維,2023-07-07,9831
00929,復華台灣科技優息,65,9,56,元大-四維,2023-07-07,9831
2883,凱基金,60,5,55,元大-四維,2023-07-07,9831
2881,富邦金,52,0,52,元大-四維,2023-07-07,9831
2497,怡利電,50,1,49,元大-四維,2023-07-07,9831
1905,華紙,52,4,48,元大-四維,2023-07-07,9831
5880,合庫金,48,0,48,元大-四維,2023-07-07,9831
2419,仲琦,153,106,47,元大-四維,2023-07-07,9831
2344,華邦電,46,0,46,元大-四維,2023-07-07,9831
2888,新光金,47,1,46,元大-四維,2023-07-07,9831
00679B,元大美債20年,46,1,45,元大-四維,2023-07-07,9831
1301,台塑,40,0,40,元大-四維,2023-07-07,9831
2314,台揚,40,0,40,元大-四維,2023-07-07,9831
1314,中石化,33,0,33,元大-四維,2023-07-07,9831
3005,神基,32,0,32,元大-四維,2023-07-07,9831
2890,永豐金,31,0,31,元大-四維,2023-07-07,9831
1809,中釉,60,29,31,元大-四維,2023-07-07,9831
1304,台聚,50,20,30,元大-四維,2023-07-07,9831
6126,信音,30,0,30,元大-四維,2023-07-07,9831
00893,國泰智能電動車,36,10,26,元大-四維,2023-07-07,9831
2401,凌陽,27,1,26,元大-四維,2023-07-07,9831
6191,精成科,28,3,25,元大-四維,2023-07-07,9831
2349,錸德,25,0,25,元大-四維,2023-07-07,9831
8046,南電,30,5,25,元大-四維,2023-07-07,9831
2340,台亞,51,27,24,元大-四維,2023-07-07,9831
6275,元山,24,0,24,元大-四維,2023-07-07,9831
00720B,元大投資級公司債,38,15,23,元大-四維,2023-07-07,9831
1904,正隆,27,4,23,元大-四維,2023-07-07,9831
2002,中鋼,24,1,23,元大-四維,2023-07-07,9831
8358,金居,24,1,23,元大-四維,2023-07-07,9831
9933,中鼎,22,0,22,元大-四維,2023-07-07,9831
3628,盈正,22,0,22,元大-四維,2023-07-07,9831
6226,光鼎,22,0,22,元大-四維,2023-07-07,9831
6282,康舒,48,26,22,元大-四維,2023-07-07,9831
2880,華南金,21,0,21,元大-四維,2023-07-07,9831
00751B,元大AAA至A公司債,25,4,21,元大-四維,2023-07-07,9831
0056,元大高股息,61,41,20,元大-四維,2023-07-07,9831
2412,中華電,20,0,20,元大-四維,2023-07-07,9831
6116,彩晶,23,3,20,元大-四維,2023-07-07,9831
9906,欣巴巴,20,0,20,元大-四維,2023-07-07,9831
6127,九豪,20,0,20,元大-四維,2023-07-07,9831
00882,中信中國高股息,19,0,19,元大-四維,2023-07-07,9831
3714,富采,24,5,19,元大-四維,2023-07-07,9831
3715,定穎投控,26,7,19,元大-四維,2023-07-07,9831
00795B,中信美國公債20年,19,1,18,元大-四維,2023-07-07,9831
2618,長榮航,380,48,332,元大-四維,2023-07-10,9831
3231,緯創,191,38,153,元大-四維,2023-07-10,9831
2201,裕隆,139,11,128,元大-四維,2023-07-10,9831
2382,廣達,115,17,98,元大-四維,2023-07-10,9831
2356,英業達,78,14,64,元大-四維,2023-07-10,9831
00679B,元大美債20年,58,0,58,元大-四維,2023-07-10,9831
3047,訊舟,57,1,56,元大-四維,2023-07-10,9831
2888,新光金,69,22,47,元大-四維,2023-07-10,9831
2457,飛宏,53,8,45,元大-四維,2023-07-10,9831
4503,金雨,41,0,41,元大-四維,2023-07-10,9831
3481,群創,66,26,40,元大-四維,2023-07-10,9831
4129,聯合,39,1,38,元大-四維,2023-07-10,9831
2883,凱基金,77,44,33,元大-四維,2023-07-10,9831
6127,九豪,33,0,33,元大-四維,2023-07-10,9831
5243,乙盛-KY,33,2,31,元大-四維,2023-07-10,9831
4533,協易機,33,2,31,元大-四維,2023-07-10,9831
2317,鴻海,31,0,31,元大-四維,2023-07-10,9831
2834,臺企銀,30,0,30,元大-四維,2023-07-10,9831
1101,台泥,30,1,29,元大-四維,2023-07-10,9831
00929,復華台灣科技優息,36,10,26,元大-四維,2023-07-10,9831
2884,玉山金,29,2,27,元大-四維,2023-07-10,9831
1234,黑松,25,0,25,元大-四維,2023-07-10,9831
2606,裕民,70,45,25,元大-四維,2023-07-10,9831
2603,長榮,96,72,24,元大-四維,2023-07-10,9831
2002,中鋼,25,0,25,元大-四維,2023-07-10,9831
2610,華航,57,33,24,元大-四維,2023-07-10,9831
2492,華新科,22,0,22,元大-四維,2023-07-10,9831
4168,醣聯,22,0,22,元大-四維,2023-07-10,9831
1513,中興電,38,16,22,元大-四維,2023-07-10,9831
2454,聯發科,23,2,21,元大-四維,2023-07-10,9831
00882,中信中國高股息,21,0,21,元大-四維,2023-07-10,9831
2323,中環,23,2,21,元大-四維,2023-07-10,9831
5347,世界,22,1,21,元大-四維,2023-07-10,9831
2314,台揚,20,0,20,元大-四維,2023-07-10,9831
2397,友通,22,2,20,元大-四維,2023-07-10,9831
8105,凌巨,23,4,19,元大-四維,2023-07-10,9831
8050,廣積,25,7,18,元大-四維,2023-07-10,9831
2303,聯電,73,55,18,元大-四維,2023-07-10,9831
00795B,中信美國公債20年,18,0,18,元大-四維,2023-07-10,9831
4126,太醫,17,0,17,元大-四維,2023-07-10,9831
00720B,元大投資級公司債,16,0,16,元大-四維,2023-07-10,9831
00687B,國泰20年美債,16,0,16,元大-四維,2023-07-10,9831
2511,太子,15,0,15,元大-四維,2023-07-10,9831
3437,榮創,15,0,15,元大-四維,2023-07-10,9831
5478,智冠,15,0,15,元大-四維,2023-07-10,9831
2330,台積電,17,2,15,元大-四維,2023-07-10,9831
3714,富采,14,0,14,元大-四維,2023-07-10,9831
3034,聯詠,17,3,14,元大-四維,2023-07-10,9831
8390,金益鼎,15,2,13,元大-四維,2023-07-10,9831
1815,富喬,13,0,13,元大-四維,2023-07-10,9831
2323,中環,251,50,201,元大-四維,2023-07-11,9831
2356,英業達,291,118,173,元大-四維,2023-07-11,9831
4526,東台,155,3,152,元大-四維,2023-07-11,9831
2457,飛宏,177,34,143,元大-四維,2023-07-11,9831
2382,廣達,220,131,89,元大-四維,2023-07-11,9831
2303,聯電,83,17,66,元大-四維,2023-07-11,9831
6274,台燿,70,9,61,元大-四維,2023-07-11,9831
4533,協易機,52,0,52,元大-四維,2023-07-11,9831
2312,金寶,52,2,50,元大-四維,2023-07-11,9831
1101,台泥,47,0,47,元大-四維,2023-07-11,9831
00673R,期元大S＆P原油反1,50,5,45,元大-四維,2023-07-11,9831
5864,致和證,43,0,43,元大-四維,2023-07-11,9831
4129,聯合,42,0,42,元大-四維,2023-07-11,9831
3047,訊舟,40,0,40,元大-四維,2023-07-11,9831
3025,星通,74,38,36,元大-四維,2023-07-11,9831
1304,台聚,31,0,31,元大-四維,2023-07-11,9831
8147,正淩,30,0,30,元大-四維,2023-07-11,9831
2883,凱基金,32,5,27,元大-四維,2023-07-11,9831
4106,雃博,24,2,22,元大-四維,2023-07-11,9831
00720B,元大投資級公司債,21,0,21,元大-四維,2023-07-11,9831
3122,笙泉,20,0,20,元大-四維,2023-07-11,9831
8930,青鋼,22,2,20,元大-四維,2023-07-11,9831
00927,群益半導體收益,25,5,20,元大-四維,2023-07-11,9831
8926,台汽電,19,0,19,元大-四維,2023-07-11,9831
1907,永豐餘,20,1,19,元大-四維,2023-07-11,9831
4916,事欣科,20,2,18,元大-四維,2023-07-11,9831
3324,雙鴻,22,4,18,元大-四維,2023-07-11,9831
1604,聲寶,19,2,17,元大-四維,2023-07-11,9831
4532,瑞智,27,11,16,元大-四維,2023-07-11,9831
3052,夆典,26,11,15,元大-四維,2023-07-11,9831
3363,上詮,24,9,15,元大-四維,2023-07-11,9831
3443,創意,17,3,14,元大-四維,2023-07-11,9831
2340,台亞,98,85,13,元大-四維,2023-07-11,9831
2442,新美齊,20,7,13,元大-四維,2023-07-11,9831
00885,富邦越南,13,0,13,元大-四維,2023-07-11,9831
1514,亞力,18,5,13,元大-四維,2023-07-11,9831
6282,康舒,55,42,13,元大-四維,2023-07-11,9831
3356,奇偶,37,25,12,元大-四維,2023-07-11,9831
2377,微星,16,4,12,元大-四維,2023-07-11,9831
6185,幃翔,12,0,12,元大-四維,2023-07-11,9831
6118,建達,12,0,12,元大-四維,2023-07-11,9831
3715,定穎投控,13,1,12,元大-四維,2023-07-11,9831
00679B,元大美債20年,11,0,11,元大-四維,2023-07-11,9831
5607,遠雄港,11,0,11,元大-四維,2023-07-11,9831
6170,統振,11,0,11,元大-四維,2023-07-11,9831
2352,佳世達,17,6,11,元大-四維,2023-07-11,9831
9907,統一實,11,0,11,元大-四維,2023-07-11,9831
3707,漢磊,40,30,10,元大-四維,2023-07-11,9831
8255,朋程,17,7,10,元大-四維,2023-07-11,9831
1786,科妍,10,0,10,元大-四維,2023-07-11,9831
2356,英業達,251,144,107,元大-四維,2023-07-12,9831
00632R,元大台灣50反1,132,30,102,元大-四維,2023-07-12,9831
2884,玉山金,88,3,85,元大-四維,2023-07-12,9831
1440,南紡,80,5,75,元大-四維,2023-07-12,9831
00905,FT臺灣Smart,63,0,63,元大-四維,2023-07-12,9831
00882,中信中國高股息,60,0,60,元大-四維,2023-07-12,9831
2409,友達,121,66,55,元大-四維,2023-07-12,9831
4533,協易機,97,45,52,元大-四維,2023-07-12,9831
2609,陽明,126,76,50,元大-四維,2023-07-12,9831
6275,元山,50,0,50,元大-四維,2023-07-12,9831
4155,訊映,50,1,49,元大-四維,2023-07-12,9831
3221,台嘉碩,51,2,49,元大-四維,2023-07-12,9831
1303,南亞,46,1,45,元大-四維,2023-07-12,9831
2603,長榮,63,20,43,元大-四維,2023-07-12,9831
2303,聯電,101,58,43,元大-四維,2023-07-12,9831
00673R,期元大S＆P原油反1,45,5,40,元大-四維,2023-07-12,9831
4934,太極,44,7,37,元大-四維,2023-07-12,9831
2457,飛宏,48,19,29,元大-四維,2023-07-12,9831
4976,佳凌,80,51,29,元大-四維,2023-07-12,9831
2421,建準,38,11,27,元大-四維,2023-07-12,9831
2498,宏達電,52,25,27,元大-四維,2023-07-12,9831
9906,欣巴巴,24,0,24,元大-四維,2023-07-12,9831
2481,強茂,45,23,22,元大-四維,2023-07-12,9831
2615,萬海,49,27,22,元大-四維,2023-07-12,9831
2838,聯邦銀,22,0,22,元大-四維,2023-07-12,9831
5608,四維航,32,10,22,元大-四維,2023-07-12,9831
2889,國票金,21,0,21,元大-四維,2023-07-12,9831
5469,瀚宇博,22,1,21,元大-四維,2023-07-12,9831
2442,新美齊,21,0,21,元大-四維,2023-07-12,9831
2888,新光金,103,82,21,元大-四維,2023-07-12,9831
8050,廣積,42,21,21,元大-四維,2023-07-12,9831
2323,中環,62,41,21,元大-四維,2023-07-12,9831
9105,泰金寶-DR,20,0,20,元大-四維,2023-07-12,9831
3645,達邁,22,2,20,元大-四維,2023-07-12,9831
8011,台通,20,0,20,元大-四維,2023-07-12,9831
6188,廣明,29,9,20,元大-四維,2023-07-12,9831
2340,台亞,26,7,19,元大-四維,2023-07-12,9831
2834,臺企銀,20,2,18,元大-四維,2023-07-12,9831
6548,長科*,18,0,18,元大-四維,2023-07-12,9831
6285,啟��,31,14,17,元大-四維,2023-07-12,9831
3305,昇貿,22,5,17,元大-四維,2023-07-12,9831
3628,盈正,17,0,17,元大-四維,2023-07-12,9831
8210,勤誠,53,36,17,元大-四維,2023-07-12,9831
4564,元翎,27,10,17,元大-四維,2023-07-12,9831
1301,台塑,18,2,16,元大-四維,2023-07-12,9831
00679B,元大美債20年,16,1,15,元大-四維,2023-07-12,9831
6811,宏�硌穈T,15,0,15,元大-四維,2023-07-12,9831
6218,豪勉,23,8,15,元大-四維,2023-07-12,9831
020038,元大ESG配息N,14,0,14,元大-四維,2023-07-12,9831
3189,景碩,15,1,14,元大-四維,2023-07-12,9831
00753L,中信中國50正2,227,2,225,元大-四維,2023-07-13,9831
2618,長榮航,312,122,190,元大-四維,2023-07-13,9831
2610,華航,282,143,139,元大-四維,2023-07-13,9831
3231,緯創,158,71,87,元大-四維,2023-07-13,9831
2352,佳世達,131,49,82,元大-四維,2023-07-13,9831
2353,宏��,135,54,81,元大-四維,2023-07-13,9831
2915,潤泰全,80,5,75,元大-四維,2023-07-13,9831
5864,致和證,69,0,69,元大-四維,2023-07-13,9831
00632R,元大台灣50反1,111,50,61,元大-四維,2023-07-13,9831
2340,台亞,62,7,55,元大-四維,2023-07-13,9831
00929,復華台灣科技優息,56,3,53,元大-四維,2023-07-13,9831
4533,協易機,63,10,53,元大-四維,2023-07-13,9831
8926,台汽電,52,1,51,元大-四維,2023-07-13,9831
00927,群益半導體收益,51,1,50,元大-四維,2023-07-13,9831
2614,東森,48,2,46,元大-四維,2023-07-13,9831
00930,永豐ESG低碳高息,45,0,45,元大-四維,2023-07-13,9831
1608,華榮,40,0,40,元大-四維,2023-07-13,9831
1101,台泥,46,6,40,元大-四維,2023-07-13,9831
2426,鼎元,40,2,38,元大-四維,2023-07-13,9831
2371,大同,47,12,35,元大-四維,2023-07-13,9831
2303,聯電,37,3,34,元大-四維,2023-07-13,9831
1584,精剛,34,0,34,元大-四維,2023-07-13,9831
2376,技嘉,49,21,28,元大-四維,2023-07-13,9831
2425,承啟,31,4,27,元大-四維,2023-07-13,9831
1326,台化,27,1,26,元大-四維,2023-07-13,9831
8936,國統,54,28,26,元大-四維,2023-07-13,9831
9906,欣巴巴,25,0,25,元大-四維,2023-07-13,9831
1513,中興電,39,16,23,元大-四維,2023-07-13,9831
1504,東元,32,9,23,元大-四維,2023-07-13,9831
2208,台船,27,5,22,元大-四維,2023-07-13,9831
6182,合晶,23,1,22,元大-四維,2023-07-13,9831
3016,嘉晶,22,0,22,元大-四維,2023-07-13,9831
2006,東和鋼鐵,21,0,21,元大-四維,2023-07-13,9831
1909,榮成,20,0,20,元大-四維,2023-07-13,9831
00772B,中信高評級公司債,22,2,20,元大-四維,2023-07-13,9831
3033,威健,21,2,19,元大-四維,2023-07-13,9831
1220,台榮,20,1,19,元大-四維,2023-07-13,9831
3707,漢磊,22,3,19,元大-四維,2023-07-13,9831
3576,聯合再生,24,6,18,元大-四維,2023-07-13,9831
2481,強茂,22,4,18,元大-四維,2023-07-13,9831
6592,和潤企業,25,7,18,元大-四維,2023-07-13,9831
2495,普安,22,4,18,元大-四維,2023-07-13,9831
5488,松普,20,2,18,元大-四維,2023-07-13,9831
6290,良維,17,1,16,元大-四維,2023-07-13,9831
1609,大亞,33,17,16,元大-四維,2023-07-13,9831
6443,元晶,14,0,14,元大-四維,2023-07-13,9831
3163,波若威,22,8,14,元大-四維,2023-07-13,9831
2337,旺宏,17,3,14,元大-四維,2023-07-13,9831
2926,誠品生活,14,0,14,元大-四維,2023-07-13,9831
2888,新光金,15,1,14,元大-四維,2023-07-13,9831
2618,長榮航,596,79,517,元大-四維,2023-07-14,9831
00632R,元大台灣50反1,227,0,227,元大-四維,2023-07-14,9831
1513,中興電,276,53,223,元大-四維,2023-07-14,9831
2323,中環,162,6,156,元大-四維,2023-07-14,9831
2610,華航,267,127,140,元大-四維,2023-07-14,9831
2208,台船,101,3,98,元大-四維,2023-07-14,9831
2888,新光金,107,9,98,元大-四維,2023-07-14,9831
3045,台灣大,73,1,72,元大-四維,2023-07-14,9831
00905,FT臺灣Smart,85,17,68,元大-四維,2023-07-14,9831
00882,中信中國高股息,62,5,57,元大-四維,2023-07-14,9831
2371,大同,109,55,54,元大-四維,2023-07-14,9831
00722B,群益投資級電信債,51,0,51,元大-四維,2023-07-14,9831
3032,偉訓,58,8,50,元大-四維,2023-07-14,9831
2347,聯強,50,0,50,元大-四維,2023-07-14,9831
3374,精材,48,2,46,元大-四維,2023-07-14,9831
00929,復華台灣科技優息,49,7,42,元大-四維,2023-07-14,9831
2344,華邦電,44,3,41,元大-四維,2023-07-14,9831
4533,協易機,164,124,40,元大-四維,2023-07-14,9831
6509,聚和,40,0,40,元大-四維,2023-07-14,9831
2353,宏��,46,10,36,元大-四維,2023-07-14,9831
00633L,富邦上証正2,35,0,35,元大-四維,2023-07-14,9831
1734,杏輝,28,0,28,元大-四維,2023-07-14,9831
2812,台中銀,28,0,28,元大-四維,2023-07-14,9831
2027,大成鋼,31,4,27,元大-四維,2023-07-14,9831
00673R,期元大S＆P原油反1,27,0,27,元大-四維,2023-07-14,9831
6592,和潤企業,29,2,27,元大-四維,2023-07-14,9831
3481,群創,64,38,26,元大-四維,2023-07-14,9831
5009,榮剛,34,10,24,元大-四維,2023-07-14,9831
2609,陽明,76,53,23,元大-四維,2023-07-14,9831
00725B,國泰投資級公司債,23,0,23,元大-四維,2023-07-14,9831
6120,達運,25,3,22,元大-四維,2023-07-14,9831
6150,撼訊,26,4,22,元大-四維,2023-07-14,9831
1102,亞泥,21,0,21,元大-四維,2023-07-14,9831
00715L,期街口布蘭特正2,21,0,21,元大-四維,2023-07-14,9831
00885,富邦越南,23,3,20,元大-四維,2023-07-14,9831
2412,中華電,20,0,20,元大-四維,2023-07-14,9831
2376,技嘉,38,18,20,元大-四維,2023-07-14,9831
6153,嘉聯益,20,1,19,元大-四維,2023-07-14,9831
6282,康舒,29,11,18,元大-四維,2023-07-14,9831
3287,廣寰科,19,1,18,元大-四維,2023-07-14,9831
3163,波若威,26,8,18,元大-四維,2023-07-14,9831
00712,復華富時不動產,21,3,18,元大-四維,2023-07-14,9831
6285,啟��,33,16,17,元大-四維,2023-07-14,9831
6116,彩晶,18,2,16,元大-四維,2023-07-14,9831
2520,冠德,15,0,15,元大-四維,2023-07-14,9831
6668,中揚光,15,0,15,元大-四維,2023-07-14,9831
4105,東洋,15,0,15,元大-四維,2023-07-14,9831
3308,聯德,15,0,15,元大-四維,2023-07-14,9831
00795B,中信美國公債20年,15,0,15,元大-四維,2023-07-14,9831
6806,森崴能源,15,1,14,元大-四維,2023-07-14,9831
00673R,期元大S＆P原油反1,380,40,340,元大-四維,2023-07-17,9831
00929,復華台灣科技優息,219,0,219,元大-四維,2023-07-17,9831
5608,四維航,118,5,113,元大-四維,2023-07-17,9831
2617,台航,108,0,108,元大-四維,2023-07-17,9831
2897,王道銀行,100,0,100,元大-四維,2023-07-17,9831
00632R,元大台灣50反1,100,1,99,元大-四維,2023-07-17,9831
8358,金居,90,7,83,元大-四維,2023-07-17,9831
2888,新光金,127,54,73,元大-四維,2023-07-17,9831
6116,彩晶,100,29,71,元大-四維,2023-07-17,9831
2371,大同,87,23,64,元大-四維,2023-07-17,9831
2328,廣宇,73,13,60,元大-四維,2023-07-17,9831
6139,亞翔,59,0,59,元大-四維,2023-07-17,9831
2882,國泰金,83,28,55,元大-四維,2023-07-17,9831
4414,如興,48,1,47,元大-四維,2023-07-17,9831
3058,立德,51,6,45,元大-四維,2023-07-17,9831
4934,太極,45,6,39,元大-四維,2023-07-17,9831
3078,僑威,85,47,38,元大-四維,2023-07-17,9831
3265,台星科,52,14,38,元大-四維,2023-07-17,9831
00905,FT臺灣Smart,36,0,36,元大-四維,2023-07-17,9831
3231,緯創,43,7,36,元大-四維,2023-07-17,9831
4746,台耀,37,3,34,元大-四維,2023-07-17,9831
5009,榮剛,56,24,32,元大-四維,2023-07-17,9831
1905,華紙,34,2,32,元大-四維,2023-07-17,9831
2382,廣達,71,39,32,元大-四維,2023-07-17,9831
3707,漢磊,40,10,30,元大-四維,2023-07-17,9831
2363,矽統,30,0,30,元大-四維,2023-07-17,9831
00720B,元大投資級公司債,29,0,29,元大-四維,2023-07-17,9831
1101,台泥,32,3,29,元大-四維,2023-07-17,9831
00915,凱基優選高股息30,28,0,28,元大-四維,2023-07-17,9831
8011,台通,27,0,27,元大-四維,2023-07-17,9831
00725B,國泰投資級公司債,26,0,26,元大-四維,2023-07-17,9831
2312,金寶,104,78,26,元大-四維,2023-07-17,9831
4915,致伸,25,0,25,元大-四維,2023-07-17,9831
2356,英業達,78,54,24,元大-四維,2023-07-17,9831
3037,欣興,38,14,24,元大-四維,2023-07-17,9831
2002,中鋼,26,2,24,元大-四維,2023-07-17,9831
2883,凱基金,39,16,23,元大-四維,2023-07-17,9831
6245,立端,34,11,23,元大-四維,2023-07-17,9831
2324,仁寶,83,61,22,元大-四維,2023-07-17,9831
6548,長科*,24,3,21,元大-四維,2023-07-17,9831
1301,台塑,23,2,21,元大-四維,2023-07-17,9831
6470,宇智,31,10,21,元大-四維,2023-07-17,9831
6584,南俊國際,20,0,20,元大-四維,2023-07-17,9831
1528,恩德,25,5,20,元大-四維,2023-07-17,9831
1314,中石化,20,0,20,元大-四維,2023-07-17,9831
1612,宏泰,22,2,20,元大-四維,2023-07-17,9831
00923,群益台ESG低碳50,18,0,18,元大-四維,2023-07-17,9831
2498,宏達電,20,3,17,元大-四維,2023-07-17,9831
5388,中磊,18,1,17,元大-四維,2023-07-17,9831
2442,新美齊,20,3,17,元大-四維,2023-07-17,9831
00882,中信中國高股息,308,2,306,元大-四維,2023-07-18,9831
00929,復華台灣科技優息,245,5,240,元大-四維,2023-07-18,9831
2329,華泰,367,189,178,元大-四維,2023-07-18,9831
2324,仁寶,228,92,136,元大-四維,2023-07-18,9831
0056,元大高股息,180,51,129,元大-四維,2023-07-18,9831
2312,金寶,201,90,111,元大-四維,2023-07-18,9831
4938,和碩,133,51,82,元大-四維,2023-07-18,9831
2890,永豐金,105,26,79,元大-四維,2023-07-18,9831
4906,正文,82,4,78,元大-四維,2023-07-18,9831
3149,正達,63,2,61,元大-四維,2023-07-18,9831
8936,國統,64,4,60,元大-四維,2023-07-18,9831
6285,啟��,96,38,58,元大-四維,2023-07-18,9831
3481,群創,79,22,57,元大-四維,2023-07-18,9831
2449,京元電子,152,101,51,元大-四維,2023-07-18,9831
00930,永豐ESG低碳高息,50,0,50,元大-四維,2023-07-18,9831
00720B,元大投資級公司債,50,2,48,元大-四維,2023-07-18,9831
2201,裕隆,56,9,47,元大-四維,2023-07-18,9831
2610,華航,150,107,43,元大-四維,2023-07-18,9831
1101,台泥,52,9,43,元大-四維,2023-07-18,9831
2208,台船,43,1,42,元大-四維,2023-07-18,9831
1513,中興電,58,22,36,元大-四維,2023-07-18,9831
2413,環科,35,0,35,元大-四維,2023-07-18,9831
3047,訊舟,35,2,33,元大-四維,2023-07-18,9831
1514,亞力,50,19,31,元大-四維,2023-07-18,9831
3356,奇偶,39,8,31,元大-四維,2023-07-18,9831
1609,大亞,61,30,31,元大-四維,2023-07-18,9831
5425,台半,34,4,30,元大-四維,2023-07-18,9831
3059,華晶科,30,0,30,元大-四維,2023-07-18,9831
2838,聯邦銀,40,10,30,元大-四維,2023-07-18,9831
6282,康舒,119,90,29,元大-四維,2023-07-18,9831
2425,承啟,57,28,29,元大-四維,2023-07-18,9831
4129,聯合,32,4,28,元大-四維,2023-07-18,9831
2344,華邦電,28,1,27,元大-四維,2023-07-18,9831
2614,東森,27,0,27,元大-四維,2023-07-18,9831
3338,泰碩,34,7,27,元大-四維,2023-07-18,9831
00900,富邦特選高股息30,28,3,25,元大-四維,2023-07-18,9831
1314,中石化,25,0,25,元大-四維,2023-07-18,9831
3058,立德,25,0,25,元大-四維,2023-07-18,9831
2888,新光金,112,88,24,元大-四維,2023-07-18,9831
00712,復華富時不動產,32,8,24,元大-四維,2023-07-18,9831
3346,麗清,29,6,23,元大-四維,2023-07-18,9831
4533,協易機,41,18,23,元大-四維,2023-07-18,9831
6191,精成科,36,14,22,元大-四維,2023-07-18,9831
6290,良維,33,12,21,元大-四維,2023-07-18,9831
2883,凱基金,51,30,21,元大-四維,2023-07-18,9831
6005,群益證,20,0,20,元大-四維,2023-07-18,9831
6486,互動,20,0,20,元大-四維,2023-07-18,9831
00722B,群益投資級電信債,20,0,20,元大-四維,2023-07-18,9831
1319,東陽,28,8,20,元大-四維,2023-07-18,9831
2323,中環,34,16,18,元大-四維,2023-07-18,9831
2618,長榮航,396,60,336,元大-四維,2023-07-19,9831
2002,中鋼,214,1,213,元大-四維,2023-07-19,9831
2890,永豐金,134,15,119,元大-四維,2023-07-19,9831
00632R,元大台灣50反1,114,0,114,元大-四維,2023-07-19,9831
2323,中環,121,8,113,元大-四維,2023-07-19,9831
2329,華泰,151,51,100,元大-四維,2023-07-19,9831
00929,復華台灣科技優息,109,11,98,元大-四維,2023-07-19,9831
2409,友達,223,127,96,元大-四維,2023-07-19,9831
2324,仁寶,142,65,77,元大-四維,2023-07-19,9831
2353,宏��,86,23,63,元大-四維,2023-07-19,9831
2027,大成鋼,65,4,61,元大-四維,2023-07-19,9831
2312,金寶,116,59,57,元大-四維,2023-07-19,9831
1513,中興電,55,2,53,元大-四維,2023-07-19,9831
2888,新光金,60,8,52,元大-四維,2023-07-19,9831
0056,元大高股息,99,49,50,元大-四維,2023-07-19,9831
2838,聯邦銀,50,0,50,元大-四維,2023-07-19,9831
00882,中信中國高股息,49,0,49,元大-四維,2023-07-19,9831
2610,華航,86,38,48,元大-四維,2023-07-19,9831
2354,鴻準,42,0,42,元大-四維,2023-07-19,9831
00712,復華富時不動產,85,44,41,元大-四維,2023-07-19,9831
1319,東陽,40,1,39,元大-四維,2023-07-19,9831
1455,集盛,53,15,38,元大-四維,2023-07-19,9831
2317,鴻海,41,5,36,元大-四維,2023-07-19,9831
00650L,復華香港正2,35,0,35,元大-四維,2023-07-19,9831
2603,長榮,74,39,35,元大-四維,2023-07-19,9831
1314,中石化,62,29,33,元大-四維,2023-07-19,9831
3189,景碩,39,7,32,元大-四維,2023-07-19,9831
2303,聯電,44,12,32,元大-四維,2023-07-19,9831
6550,北極星藥業-KY,34,3,31,元大-四維,2023-07-19,9831
00905,FT臺灣Smart,31,0,31,元大-四維,2023-07-19,9831
2006,東和鋼鐵,30,0,30,元大-四維,2023-07-19,9831
4533,協易機,42,12,30,元大-四維,2023-07-19,9831
1101,台泥,26,1,25,元大-四維,2023-07-19,9831
4123,晟德,44,19,25,元大-四維,2023-07-19,9831
4566,時碩工業,51,26,25,元大-四維,2023-07-19,9831
3032,偉訓,34,11,23,元大-四維,2023-07-19,9831
00637L,元大滬深300正2,21,0,21,元大-四維,2023-07-19,9831
6120,達運,30,9,21,元大-四維,2023-07-19,9831
2206,三陽工業,26,6,20,元大-四維,2023-07-19,9831
6180,橘子,20,0,20,元大-四維,2023-07-19,9831
1909,榮成,20,1,19,元大-四維,2023-07-19,9831
2882,國泰金,21,2,19,元大-四維,2023-07-19,9831
8234,新漢,22,3,19,元大-四維,2023-07-19,9831
3434,哲固,19,0,19,元大-四維,2023-07-19,9831
6443,元晶,25,6,19,元大-四維,2023-07-19,9831
6235,華孚,45,27,18,元大-四維,2023-07-19,9831
1907,永豐餘,21,3,18,元大-四維,2023-07-19,9831
3264,欣銓,44,26,18,元大-四維,2023-07-19,9831
2413,環科,32,15,17,元大-四維,2023-07-19,9831
8936,國統,19,3,16,元大-四維,2023-07-19,9831
2206,三陽工業,271,22,249,元大-四維,2023-07-20,9831
2002,中鋼,204,8,196,元大-四維,2023-07-20,9831
2405,輔信,151,28,123,元大-四維,2023-07-20,9831
2201,裕隆,120,5,115,元大-四維,2023-07-20,9831
2303,聯電,156,68,88,元大-四維,2023-07-20,9831
00929,復華台灣科技優息,83,13,70,元大-四維,2023-07-20,9831
2881,富邦金,56,7,49,元大-四維,2023-07-20,9831
8114,振樺電,50,1,49,元大-四維,2023-07-20,9831
2705,六福,51,4,47,元大-四維,2023-07-20,9831
2609,陽明,68,25,43,元大-四維,2023-07-20,9831
6592,和潤企業,42,0,42,元大-四維,2023-07-20,9831
00632R,元大台灣50反1,40,0,40,元大-四維,2023-07-20,9831
2317,鴻海,42,2,40,元大-四維,2023-07-20,9831
4114,健喬,39,0,39,元大-四維,2023-07-20,9831
8105,凌巨,31,1,30,元大-四維,2023-07-20,9831
6213,聯茂,34,6,28,元大-四維,2023-07-20,9831
1102,亞泥,28,1,27,元大-四維,2023-07-20,9831
8215,明基材,28,1,27,元大-四維,2023-07-20,9831
2458,義隆,26,1,25,元大-四維,2023-07-20,9831
2886,兆豐金,32,8,24,元大-四維,2023-07-20,9831
1101,台泥,30,7,23,元大-四維,2023-07-20,9831
2208,台船,23,1,22,元大-四維,2023-07-20,9831
8403,盛弘,22,0,22,元大-四維,2023-07-20,9831
3289,宜特,27,6,21,元大-四維,2023-07-20,9831
8415,大國鋼,21,0,21,元大-四維,2023-07-20,9831
5880,合庫金,25,5,20,元大-四維,2023-07-20,9831
3673,TPK-KY,20,0,20,元大-四維,2023-07-20,9831
4919,新唐,27,7,20,元大-四維,2023-07-20,9831
020030,統一智慧電動車N,20,0,20,元大-四維,2023-07-20,9831
3380,明泰,22,2,20,元大-四維,2023-07-20,9831
2614,東森,17,0,17,元大-四維,2023-07-20,9831
3264,欣銓,28,11,17,元大-四維,2023-07-20,9831
00927,群益半導體收益,15,0,15,元大-四維,2023-07-20,9831
2540,愛山林,15,0,15,元大-四維,2023-07-20,9831
00893,國泰智能電動車,19,4,15,元大-四維,2023-07-20,9831
3481,群創,18,3,15,元大-四維,2023-07-20,9831
3325,旭品,15,1,14,元大-四維,2023-07-20,9831
4157,太景*-KY,14,0,14,元大-四維,2023-07-20,9831
4747,強生,15,2,13,元大-四維,2023-07-20,9831
2419,仲琦,24,11,13,元大-四維,2023-07-20,9831
3715,定穎投控,13,0,13,元大-四維,2023-07-20,9831
8234,新漢,14,2,12,元大-四維,2023-07-20,9831
2515,中工,33,21,12,元大-四維,2023-07-20,9831
1227,佳格,12,0,12,元大-四維,2023-07-20,9831
3033,威健,14,2,12,元大-四維,2023-07-20,9831
2337,旺宏,12,1,11,元大-四維,2023-07-20,9831
2355,敬鵬,11,0,11,元大-四維,2023-07-20,9831
2347,聯強,11,0,11,元大-四維,2023-07-20,9831
2801,彰銀,11,0,11,元大-四維,2023-07-20,9831
020038,元大ESG配息N,11,0,11,元大-四維,2023-07-20,9831
2630,亞航,220,12,208,元大-四維,2023-07-21,9831
2382,廣達,305,150,155,元大-四維,2023-07-21,9831
1513,中興電,230,95,135,元大-四維,2023-07-21,9831
00929,復華台灣科技優息,132,8,124,元大-四維,2023-07-21,9831
2374,佳能,100,0,100,元大-四維,2023-07-21,9831
2881,富邦金,120,21,99,元大-四維,2023-07-21,9831
8222,寶一,71,2,69,元大-四維,2023-07-21,9831
00712,復華富時不動產,54,0,54,元大-四維,2023-07-21,9831
2303,聯電,61,12,49,元大-四維,2023-07-21,9831
3346,麗清,49,1,48,元大-四維,2023-07-21,9831
2454,聯發科,58,11,47,元大-四維,2023-07-21,9831
6282,康舒,61,14,47,元大-四維,2023-07-21,9831
2409,友達,55,9,46,元大-四維,2023-07-21,9831
4526,東台,46,0,46,元大-四維,2023-07-21,9831
2603,長榮,47,3,44,元大-四維,2023-07-21,9831
6155,鈞寶,40,0,40,元大-四維,2023-07-21,9831
2615,萬海,38,0,38,元大-四維,2023-07-21,9831
2618,長榮航,108,73,35,元大-四維,2023-07-21,9831
2834,臺企銀,39,4,35,元大-四維,2023-07-21,9831
2888,新光金,110,77,33,元大-四維,2023-07-21,9831
9103,美德醫療-DR,30,0,30,元大-四維,2023-07-21,9831
6411,晶焱,30,0,30,元大-四維,2023-07-21,9831
2206,三陽工業,35,8,27,元大-四維,2023-07-21,9831
2801,彰銀,28,1,27,元大-四維,2023-07-21,9831
0050,元大台灣50,26,1,25,元大-四維,2023-07-21,9831
2352,佳世達,241,217,24,元大-四維,2023-07-21,9831
2610,華航,63,40,23,元大-四維,2023-07-21,9831
3037,欣興,37,14,23,元大-四維,2023-07-21,9831
2012,春雨,22,0,22,元大-四維,2023-07-21,9831
2458,義隆,24,2,22,元大-四維,2023-07-21,9831
4916,事欣科,39,17,22,元大-四維,2023-07-21,9831
00891,中信關鍵半導體,24,2,22,元大-四維,2023-07-21,9831
2405,輔信,129,107,22,元大-四維,2023-07-21,9831
3703,欣陸,21,0,21,元大-四維,2023-07-21,9831
1783,和康生,26,5,21,元大-四維,2023-07-21,9831
3450,聯鈞,23,2,21,元大-四維,2023-07-21,9831
1605,華新,29,8,21,元大-四維,2023-07-21,9831
6235,華孚,29,9,20,元大-四維,2023-07-21,9831
6405,悅城,20,0,20,元大-四維,2023-07-21,9831
2634,漢翔,23,3,20,元大-四維,2023-07-21,9831
00927,群益半導體收益,20,0,20,元大-四維,2023-07-21,9831
2607,榮運,20,0,20,元大-四維,2023-07-21,9831
4931,新盛力,19,0,19,元大-四維,2023-07-21,9831
8926,台汽電,21,3,18,元大-四維,2023-07-21,9831
2515,中工,43,25,18,元大-四維,2023-07-21,9831
4126,太醫,18,0,18,元大-四維,2023-07-21,9831
2330,台積電,31,14,17,元大-四維,2023-07-21,9831
2887,台新金,18,1,17,元大-四維,2023-07-21,9831
2520,冠德,17,0,17,元大-四維,2023-07-21,9831
00923,群益台ESG低碳50,16,0,16,元大-四維,2023-07-21,9831
2352,佳世達,585,17,568,元大-四維,2023-07-24,9831
2891,中信金,97,0,97,元大-四維,2023-07-24,9831
2374,佳能,92,0,92,元大-四維,2023-07-24,9831
3481,群創,134,45,89,元大-四維,2023-07-24,9831
2023,燁輝,85,1,84,元大-四維,2023-07-24,9831
00929,復華台灣科技優息,79,1,78,元大-四維,2023-07-24,9831
3231,緯創,93,20,73,元大-四維,2023-07-24,9831
2888,新光金,81,13,68,元大-四維,2023-07-24,9831
1905,華紙,113,47,66,元大-四維,2023-07-24,9831
1313,聯成,48,0,48,元大-四維,2023-07-24,9831
2323,中環,64,19,45,元大-四維,2023-07-24,9831
2419,仲琦,61,19,42,元大-四維,2023-07-24,9831
1609,大亞,113,74,39,元大-四維,2023-07-24,9831
2303,聯電,44,6,38,元大-四維,2023-07-24,9831
2881,富邦金,42,5,37,元大-四維,2023-07-24,9831
00772B,中信高評級公司債,42,6,36,元大-四維,2023-07-24,9831
3704,合勤控,33,0,33,元大-四維,2023-07-24,9831
2349,錸德,32,0,32,元大-四維,2023-07-24,9831
2301,光寶科,62,31,31,元大-四維,2023-07-24,9831
1314,中石化,31,0,31,元大-四維,2023-07-24,9831
6125,廣運,45,14,31,元大-四維,2023-07-24,9831
2885,元大金,30,0,30,元大-四維,2023-07-24,9831
2492,華新科,34,4,30,元大-四維,2023-07-24,9831
00882,中信中國高股息,30,0,30,元大-四維,2023-07-24,9831
2838,聯邦銀,30,0,30,元大-四維,2023-07-24,9831
3013,晟銘電,40,13,27,元大-四維,2023-07-24,9831
3483,力致,28,1,27,元大-四維,2023-07-24,9831
5607,遠雄港,27,0,27,元大-四維,2023-07-24,9831
00650L,復華香港正2,35,10,25,元大-四維,2023-07-24,9831
3305,昇貿,41,16,25,元大-四維,2023-07-24,9831
6116,彩晶,24,0,24,元大-四維,2023-07-24,9831
3205,佰研,25,2,23,元大-四維,2023-07-24,9831
8201,無敵,22,0,22,元大-四維,2023-07-24,9831
6016,康和證,20,0,20,元大-四維,2023-07-24,9831
2607,榮運,20,0,20,元大-四維,2023-07-24,9831
2801,彰銀,20,0,20,元大-四維,2023-07-24,9831
2442,新美齊,20,0,20,元大-四維,2023-07-24,9831
3675,德微,21,2,19,元大-四維,2023-07-24,9831
1504,東元,36,17,19,元大-四維,2023-07-24,9831
6245,立端,29,10,19,元大-四維,2023-07-24,9831
1316,上曜,20,1,19,元大-四維,2023-07-24,9831
6134,萬旭,19,0,19,元大-四維,2023-07-24,9831
2618,長榮航,62,44,18,元大-四維,2023-07-24,9831
2609,陽明,30,12,18,元大-四維,2023-07-24,9831
6191,精成科,23,5,18,元大-四維,2023-07-24,9831
1402,遠東新,17,0,17,元大-四維,2023-07-24,9831
2706,第一店,20,3,17,元大-四維,2023-07-24,9831
2834,臺企銀,17,0,17,元大-四維,2023-07-24,9831
2603,長榮,28,11,17,元大-四維,2023-07-24,9831
3035,智原,35,19,16,元大-四維,2023-07-24,9831
1605,華新,442,18,424,元大-四維,2023-07-25,9831
2382,廣達,260,111,149,元大-四維,2023-07-25,9831
5469,瀚宇博,111,11,100,元大-四維,2023-07-25,9831
1815,富喬,116,18,98,元大-四維,2023-07-25,9831
9933,中鼎,73,0,73,元大-四維,2023-07-25,9831
1314,中石化,82,22,60,元大-四維,2023-07-25,9831
5452,佶優,65,7,58,元大-四維,2023-07-25,9831
00929,復華台灣科技優息,64,9,55,元大-四維,2023-07-25,9831
2303,聯電,57,2,55,元大-四維,2023-07-25,9831
4526,東台,55,0,55,元大-四維,2023-07-25,9831
3231,緯創,91,38,53,元大-四維,2023-07-25,9831
6166,凌華,60,8,52,元大-四維,2023-07-25,9831
4934,太極,53,1,52,元大-四維,2023-07-25,9831
2610,華航,65,19,46,元大-四維,2023-07-25,9831
3694,海華,49,3,46,元大-四維,2023-07-25,9831
2885,元大金,45,5,40,元大-四維,2023-07-25,9831
6124,業強,42,2,40,元大-四維,2023-07-25,9831
00679B,元大美債20年,35,1,34,元大-四維,2023-07-25,9831
3702,大聯大,30,0,30,元大-四維,2023-07-25,9831
3324,雙鴻,32,3,29,元大-四維,2023-07-25,9831
1708,東鹼,45,16,29,元大-四維,2023-07-25,9831
2201,裕隆,42,13,29,元大-四維,2023-07-25,9831
3706,神達,30,4,26,元大-四維,2023-07-25,9831
3356,奇偶,31,5,26,元大-四維,2023-07-25,9831
2301,光寶科,53,28,25,元大-四維,2023-07-25,9831
2002,中鋼,41,16,25,元大-四維,2023-07-25,9831
2609,陽明,34,10,24,元大-四維,2023-07-25,9831
1609,大亞,36,12,24,元大-四維,2023-07-25,9831
6217,中探針,24,0,24,元大-四維,2023-07-25,9831
2615,萬海,27,6,21,元大-四維,2023-07-25,9831
1316,上曜,21,0,21,元大-四維,2023-07-25,9831
3037,欣興,61,40,21,元大-四維,2023-07-25,9831
020030,統一智慧電動車N,20,0,20,元大-四維,2023-07-25,9831
2455,全新,24,6,18,元大-四維,2023-07-25,9831
1301,台塑,17,0,17,元大-四維,2023-07-25,9831
00673R,期元大S＆P原油反1,17,0,17,元大-四維,2023-07-25,9831
2888,新光金,44,27,17,元大-四維,2023-07-25,9831
5392,能率,19,2,17,元大-四維,2023-07-25,9831
00878,國泰永續高股息,162,145,17,元大-四維,2023-07-25,9831
3024,憶聲,16,0,16,元大-四維,2023-07-25,9831
2454,聯發科,16,1,15,元大-四維,2023-07-25,9831
3105,穩懋,19,4,15,元大-四維,2023-07-25,9831
6508,惠光,15,0,15,元大-四維,2023-07-25,9831
5386,青雲,17,3,14,元大-四維,2023-07-25,9831
5607,遠雄港,13,0,13,元大-四維,2023-07-25,9831
2312,金寶,34,21,13,元大-四維,2023-07-25,9831
1905,華紙,78,65,13,元大-四維,2023-07-25,9831
3056,富華新,16,3,13,元大-四維,2023-07-25,9831
8050,廣積,14,2,12,元大-四維,2023-07-25,9831
3710,連展投控,12,0,12,元大-四維,2023-07-25,9831
1605,華新,374,70,304,元大-四維,2023-07-26,9831
00632R,元大台灣50反1,200,20,180,元大-四維,2023-07-26,9831
2892,第一金,230,109,121,元大-四維,2023-07-26,9831
2359,所羅門,125,36,89,元大-四維,2023-07-26,9831
2340,台亞,95,12,83,元大-四維,2023-07-26,9831
5009,榮剛,79,10,69,元大-四維,2023-07-26,9831
3481,群創,92,30,62,元大-四維,2023-07-26,9831
1504,東元,132,71,61,元大-四維,2023-07-26,9831
00885,富邦越南,60,1,59,元大-四維,2023-07-26,9831
00929,復華台灣科技優息,159,101,58,元大-四維,2023-07-26,9831
2610,華航,89,35,54,元大-四維,2023-07-26,9831
6282,康舒,74,25,49,元大-四維,2023-07-26,9831
9907,統一實,50,1,49,元大-四維,2023-07-26,9831
8234,新漢,54,14,40,元大-四維,2023-07-26,9831
2458,義隆,43,8,35,元大-四維,2023-07-26,9831
2027,大成鋼,41,6,35,元大-四維,2023-07-26,9831
6213,聯茂,44,10,34,元大-四維,2023-07-26,9831
2371,大同,35,2,33,元大-四維,2023-07-26,9831
2405,輔信,118,88,30,元大-四維,2023-07-26,9831
2344,華邦電,30,1,29,元大-四維,2023-07-26,9831
2897,王道銀行,30,1,29,元大-四維,2023-07-26,9831
6155,鈞寶,26,0,26,元大-四維,2023-07-26,9831
6112,邁達特,63,39,24,元大-四維,2023-07-26,9831
6125,廣運,30,7,23,元大-四維,2023-07-26,9831
2421,建準,38,15,23,元大-四維,2023-07-26,9831
3264,欣銓,24,1,23,元大-四維,2023-07-26,9831
2838,聯邦銀,23,0,23,元大-四維,2023-07-26,9831
2002,中鋼,48,26,22,元大-四維,2023-07-26,9831
1104,環泥,21,0,21,元大-四維,2023-07-26,9831
2323,中環,36,15,21,元大-四維,2023-07-26,9831
3663,鑫科,22,1,21,元大-四維,2023-07-26,9831
6570,維田,21,0,21,元大-四維,2023-07-26,9831
5353,台林,31,10,21,元大-四維,2023-07-26,9831
1314,中石化,21,0,21,元大-四維,2023-07-26,9831
2887,台新金,22,2,20,元大-四維,2023-07-26,9831
4129,聯合,22,2,20,元大-四維,2023-07-26,9831
8255,朋程,20,0,20,元大-四維,2023-07-26,9831
2337,旺宏,25,5,20,元大-四維,2023-07-26,9831
2436,偉詮電,20,2,18,元大-四維,2023-07-26,9831
2413,環科,20,2,18,元大-四維,2023-07-26,9831
5392,能率,21,3,18,元大-四維,2023-07-26,9831
4188,安克,20,3,17,元大-四維,2023-07-26,9831
00637L,元大滬深300正2,24,7,17,元大-四維,2023-07-26,9831
3450,聯鈞,26,9,17,元大-四維,2023-07-26,9831
9906,欣巴巴,18,1,17,元大-四維,2023-07-26,9831
2206,三陽工業,17,0,17,元大-四維,2023-07-26,9831
6245,立端,26,10,16,元大-四維,2023-07-26,9831
1506,正道,16,0,16,元大-四維,2023-07-26,9831
3715,定穎投控,19,3,16,元大-四維,2023-07-26,9831
1101,台泥,15,0,15,元大-四維,2023-07-26,9831
2834,臺企銀,311,53,258,元大-四維,2023-07-27,9831
6116,彩晶,155,30,125,元大-四維,2023-07-27,9831
3231,緯創,94,10,84,元大-四維,2023-07-27,9831
6125,廣運,136,64,72,元大-四維,2023-07-27,9831
2515,中工,81,21,60,元大-四維,2023-07-27,9831
6015,宏遠證,65,7,58,元大-四維,2023-07-27,9831
2301,光寶科,65,13,52,元大-四維,2023-07-27,9831
00712,復華富時不動產,78,31,47,元大-四維,2023-07-27,9831
00929,復華台灣科技優息,72,35,37,元大-四維,2023-07-27,9831
2340,台亞,37,0,37,元大-四維,2023-07-27,9831
2303,聯電,55,20,35,元大-四維,2023-07-27,9831
00919,群益台灣精選高息,34,1,33,元大-四維,2023-07-27,9831
8255,朋程,33,0,33,元大-四維,2023-07-27,9831
1314,中石化,61,29,32,元大-四維,2023-07-27,9831
1101,台泥,31,4,27,元大-四維,2023-07-27,9831
2887,台新金,26,0,26,元大-四維,2023-07-27,9831
3037,欣興,66,41,25,元大-四維,2023-07-27,9831
2405,輔信,32,7,25,元大-四維,2023-07-27,9831
2353,宏��,30,6,24,元大-四維,2023-07-27,9831
2356,英業達,45,22,23,元大-四維,2023-07-27,9831
00679B,元大美債20年,23,0,23,元大-四維,2023-07-27,9831
2461,光群雷,26,3,23,元大-四維,2023-07-27,9831
2867,三商壽,25,2,23,元大-四維,2023-07-27,9831
2605,新興,23,1,22,元大-四維,2023-07-27,9831
8234,新漢,132,110,22,元大-四維,2023-07-27,9831
9906,欣巴巴,21,0,21,元大-四維,2023-07-27,9831
2382,廣達,75,55,20,元大-四維,2023-07-27,9831
8358,金居,46,26,20,元大-四維,2023-07-27,9831
1434,福懋,20,0,20,元大-四維,2023-07-27,9831
4714,永捷,18,0,18,元大-四維,2023-07-27,9831
2312,金寶,27,9,18,元大-四維,2023-07-27,9831
2345,智邦,20,2,18,元大-四維,2023-07-27,9831
3049,精金,23,6,17,元大-四維,2023-07-27,9831
6191,精成科,25,8,17,元大-四維,2023-07-27,9831
1110,東泥,17,0,17,元大-四維,2023-07-27,9831
3189,景碩,20,4,16,元大-四維,2023-07-27,9831
3450,聯鈞,16,0,16,元大-四維,2023-07-27,9831
1504,東元,52,36,16,元大-四維,2023-07-27,9831
5608,四維航,19,4,15,元大-四維,2023-07-27,9831
1605,華新,35,20,15,元大-四維,2023-07-27,9831
3056,富華新,35,21,14,元大-四維,2023-07-27,9831
2206,三陽工業,19,5,14,元大-四維,2023-07-27,9831
1560,中砂,18,5,13,元大-四維,2023-07-27,9831
6235,華孚,21,8,13,元大-四維,2023-07-27,9831
3035,智原,21,8,13,元大-四維,2023-07-27,9831
1102,亞泥,13,0,13,元大-四維,2023-07-27,9831
3481,群創,457,445,12,元大-四維,2023-07-27,9831
3025,星通,12,0,12,元大-四維,2023-07-27,9831
8201,無敵,12,1,11,元大-四維,2023-07-27,9831
3338,泰碩,16,5,11,元大-四維,2023-07-27,9831
00764B,群益25年美債,105,0,105,元大-四維,2023-07-28,9831
2883,凱基金,110,6,104,元大-四維,2023-07-28,9831
2409,友達,219,139,80,元大-四維,2023-07-28,9831
2610,華航,103,24,79,元大-四維,2023-07-28,9831
00679B,元大美債20年,76,0,76,元大-四維,2023-07-28,9831
00632R,元大台灣50反1,75,0,75,元大-四維,2023-07-28,9831
2329,華泰,194,119,75,元大-四維,2023-07-28,9831
2885,元大金,74,3,71,元大-四維,2023-07-28,9831
1905,華紙,224,159,65,元大-四維,2023-07-28,9831
1314,中石化,68,16,52,元大-四維,2023-07-28,9831
1101,台泥,56,4,52,元大-四維,2023-07-28,9831
00882,中信中國高股息,53,2,51,元大-四維,2023-07-28,9831
5512,力麒,50,0,50,元大-四維,2023-07-28,9831
8050,廣積,49,10,39,元大-四維,2023-07-28,9831
6411,晶焱,37,0,37,元大-四維,2023-07-28,9831
8044,網家,39,2,37,元大-四維,2023-07-28,9831
1522,堤維西,40,4,36,元大-四維,2023-07-28,9831
00773B,中信優先金融債,36,0,36,元大-四維,2023-07-28,9831
5009,榮剛,48,14,34,元大-四維,2023-07-28,9831
2014,中鴻,35,3,32,元大-四維,2023-07-28,9831
00720B,元大投資級公司債,31,0,31,元大-四維,2023-07-28,9831
2915,潤泰全,30,0,30,元大-四維,2023-07-28,9831
1569,濱川,29,0,29,元大-四維,2023-07-28,9831
1907,永豐餘,43,15,28,元大-四維,2023-07-28,9831
00772B,中信高評級公司債,28,0,28,元大-四維,2023-07-28,9831
2913,農林,101,73,28,元大-四維,2023-07-28,9831
2888,新光金,66,39,27,元大-四維,2023-07-28,9831
2405,輔信,32,5,27,元大-四維,2023-07-28,9831
2609,陽明,59,34,25,元大-四維,2023-07-28,9831
1513,中興電,54,29,25,元大-四維,2023-07-28,9831
3702,大聯大,24,0,24,元大-四維,2023-07-28,9831
1618,合機,23,0,23,元大-四維,2023-07-28,9831
3372,典範,23,0,23,元大-四維,2023-07-28,9831
00680L,元大美債20正2,22,0,22,元大-四維,2023-07-28,9831
3033,威健,22,0,22,元大-四維,2023-07-28,9831
4968,立積,21,0,21,元大-四維,2023-07-28,9831
6188,廣明,28,7,21,元大-四維,2023-07-28,9831
4961,天鈺,23,2,21,元大-四維,2023-07-28,9831
00752,中信中國50,25,5,20,元大-四維,2023-07-28,9831
3265,台星科,27,7,20,元大-四維,2023-07-28,9831
00905,FT臺灣Smart,20,0,20,元大-四維,2023-07-28,9831
9906,欣巴巴,20,0,20,元大-四維,2023-07-28,9831
2371,大同,21,2,19,元大-四維,2023-07-28,9831
4973,廣穎,20,1,19,元大-四維,2023-07-28,9831
2637,慧洋-KY,20,1,19,元大-四維,2023-07-28,9831
00795B,中信美國公債20年,19,0,19,元大-四維,2023-07-28,9831
2027,大成鋼,71,53,18,元大-四維,2023-07-28,9831
3231,緯創,95,77,18,元大-四維,2023-07-28,9831
3176,基亞,16,0,16,元大-四維,2023-07-28,9831
4129,聯合,21,5,16,元大-四維,2023-07-28,9831
2409,友達,177,10,167,元大-四維,2023-07-31,9831
2457,飛宏,168,2,166,元大-四維,2023-07-31,9831
3481,群創,187,27,160,元大-四維,2023-07-31,9831
2530,華建,133,10,123,元大-四維,2023-07-31,9831
6285,啟��,130,12,118,元大-四維,2023-07-31,9831
1815,富喬,102,11,91,元大-四維,2023-07-31,9831
1605,華新,68,3,65,元大-四維,2023-07-31,9831
3231,緯創,140,81,59,元大-四維,2023-07-31,9831
00929,復華台灣科技優息,121,70,51,元大-四維,2023-07-31,9831
020028,元大特選電動車N,50,0,50,元大-四維,2023-07-31,9831
2603,長榮,85,37,48,元大-四維,2023-07-31,9831
6411,晶焱,50,2,48,元大-四維,2023-07-31,9831
1326,台化,51,3,48,元大-四維,2023-07-31,9831
2027,大成鋼,43,2,41,元大-四維,2023-07-31,9831
3581,博磊,40,0,40,元大-四維,2023-07-31,9831
2419,仲琦,52,13,39,元大-四維,2023-07-31,9831
1513,中興電,52,14,38,元大-四維,2023-07-31,9831
9906,欣巴巴,38,0,38,元大-四維,2023-07-31,9831
3715,定穎投控,38,1,37,元大-四維,2023-07-31,9831
2382,廣達,103,66,37,元大-四維,2023-07-31,9831
2887,台新金,35,0,35,元大-四維,2023-07-31,9831
0050,元大台灣50,33,1,32,元大-四維,2023-07-31,9831
2002,中鋼,46,14,32,元大-四維,2023-07-31,9831
3535,晶彩科,31,0,31,元大-四維,2023-07-31,9831
2317,鴻海,39,8,31,元大-四維,2023-07-31,9831
2883,凱基金,44,14,30,元大-四維,2023-07-31,9831
6274,台燿,49,19,30,元大-四維,2023-07-31,9831
2371,大同,46,17,29,元大-四維,2023-07-31,9831
2606,裕民,29,0,29,元大-四維,2023-07-31,9831
3706,神達,48,20,28,元大-四維,2023-07-31,9831
00679B,元大美債20年,27,0,27,元大-四維,2023-07-31,9831
2356,英業達,78,52,26,元大-四維,2023-07-31,9831
3105,穩懋,28,3,25,元大-四維,2023-07-31,9831
3324,雙鴻,54,30,24,元大-四維,2023-07-31,9831
3711,日月光投控,29,5,24,元大-四維,2023-07-31,9831
2405,輔信,39,16,23,元大-四維,2023-07-31,9831
00885,富邦越南,23,1,22,元大-四維,2023-07-31,9831
3037,欣興,40,18,22,元大-四維,2023-07-31,9831
00712,復華富時不動產,48,27,21,元大-四維,2023-07-31,9831
3013,晟銘電,41,20,21,元大-四維,2023-07-31,9831
1504,東元,32,12,20,元大-四維,2023-07-31,9831
3532,台勝科,21,1,20,元大-四維,2023-07-31,9831
4123,晟德,21,1,20,元大-四維,2023-07-31,9831
00773B,中信優先金融債,20,0,20,元大-四維,2023-07-31,9831
2323,中環,51,31,20,元大-四維,2023-07-31,9831
00706L,期元大S＆P日圓正2,20,0,20,元大-四維,2023-07-31,9831
2376,技嘉,25,5,20,元大-四維,2023-07-31,9831
00919,群益台灣精選高息,19,1,18,元大-四維,2023-07-31,9831
9902,台火,18,0,18,元大-四維,2023-07-31,9831
6161,捷波,25,7,18,元大-四維,2023-07-31,9831
2352,佳世達,276,20,256,元大-四維,2023-08-01,9831
2312,金寶,194,22,172,元大-四維,2023-08-01,9831
00929,復華台灣科技優息,86,11,75,元大-四維,2023-08-01,9831
6449,鈺邦,55,0,55,元大-四維,2023-08-01,9831
1460,宏遠,62,12,50,元大-四維,2023-08-01,9831
1326,台化,45,2,43,元大-四維,2023-08-01,9831
6282,康舒,78,36,42,元大-四維,2023-08-01,9831
3706,神達,44,4,40,元大-四維,2023-08-01,9831
2915,潤泰全,40,1,39,元大-四維,2023-08-01,9831
5871,中租-KY,42,3,39,元大-四維,2023-08-01,9831
9906,欣巴巴,38,0,38,元大-四維,2023-08-01,9831
2801,彰銀,36,0,36,元大-四維,2023-08-01,9831
6271,同欣電,36,0,36,元大-四維,2023-08-01,9831
3105,穩懋,39,3,36,元大-四維,2023-08-01,9831
3051,力特,59,23,36,元大-四維,2023-08-01,9831
8222,寶一,34,1,33,元大-四維,2023-08-01,9831
1102,亞泥,32,0,32,元大-四維,2023-08-01,9831
1802,台玻,83,55,28,元大-四維,2023-08-01,9831
3163,波若威,66,41,25,元大-四維,2023-08-01,9831
3169,亞信,25,0,25,元大-四維,2023-08-01,9831
00773B,中信優先金融債,25,0,25,元大-四維,2023-08-01,9831
1905,華紙,37,12,25,元大-四維,2023-08-01,9831
2884,玉山金,25,0,25,元大-四維,2023-08-01,9831
6239,力成,24,0,24,元大-四維,2023-08-01,9831
1714,和桐,23,0,23,元大-四維,2023-08-01,9831
3443,創意,25,2,23,元大-四維,2023-08-01,9831
1734,杏輝,27,5,22,元大-四維,2023-08-01,9831
00673R,期元大S＆P原油反1,22,0,22,元大-四維,2023-08-01,9831
6214,精誠,24,3,21,元大-四維,2023-08-01,9831
3014,聯陽,33,13,20,元大-四維,2023-08-01,9831
6005,群益證,20,0,20,元大-四維,2023-08-01,9831
2329,華泰,38,19,19,元大-四維,2023-08-01,9831
3689,湧德,24,5,19,元大-四維,2023-08-01,9831
2419,仲琦,31,12,19,元大-四維,2023-08-01,9831
2344,華邦電,40,22,18,元大-四維,2023-08-01,9831
00885,富邦越南,39,21,18,元大-四維,2023-08-01,9831
3081,聯亞,19,2,17,元大-四維,2023-08-01,9831
6188,廣明,22,5,17,元大-四維,2023-08-01,9831
2356,英業達,29,13,16,元大-四維,2023-08-01,9831
3380,明泰,17,1,16,元大-四維,2023-08-01,9831
4961,天鈺,22,6,16,元大-四維,2023-08-01,9831
2405,輔信,18,2,16,元大-四維,2023-08-01,9831
6191,精成科,17,1,16,元大-四維,2023-08-01,9831
00919,群益台灣精選高息,18,3,15,元大-四維,2023-08-01,9831
2881,富邦金,19,4,15,元大-四維,2023-08-01,9831
6279,胡連,15,0,15,元大-四維,2023-08-01,9831
2610,華航,64,49,15,元大-四維,2023-08-01,9831
3583,辛耘,20,6,14,元大-四維,2023-08-01,9831
3596,智易,15,1,14,元大-四維,2023-08-01,9831
2006,東和鋼鐵,14,1,13,元大-四維,2023-08-01,9831
1605,華新,525,328,197,元大-四維,2023-08-02,9831
2881,富邦金,214,21,193,元大-四維,2023-08-02,9831
00878,國泰永續高股息,307,116,191,元大-四維,2023-08-02,9831
00900,富邦特選高股息30,183,3,180,元大-四維,2023-08-02,9831
00929,復華台灣科技優息,226,60,166,元大-四維,2023-08-02,9831
2457,飛宏,114,8,106,元大-四維,2023-08-02,9831
1718,中纖,100,1,99,元大-四維,2023-08-02,9831
2885,元大金,92,0,92,元大-四維,2023-08-02,9831
00923,群益台ESG低碳50,89,1,88,元大-四維,2023-08-02,9831
2610,華航,98,10,88,元大-四維,2023-08-02,9831
0056,元大高股息,174,89,85,元大-四維,2023-08-02,9831
3231,緯創,98,26,72,元大-四維,2023-08-02,9831
2801,彰銀,70,0,70,元大-四維,2023-08-02,9831
00680L,元大美債20正2,70,10,60,元大-四維,2023-08-02,9831
6125,廣運,71,12,59,元大-四維,2023-08-02,9831
2382,廣達,118,60,58,元大-四維,2023-08-02,9831
2888,新光金,157,101,56,元大-四維,2023-08-02,9831
00679B,元大美債20年,54,0,54,元大-四維,2023-08-02,9831
2884,玉山金,54,2,52,元大-四維,2023-08-02,9831
3481,群創,278,230,48,元大-四維,2023-08-02,9831
3711,日月光投控,48,1,47,元大-四維,2023-08-02,9831
6449,鈺邦,45,0,45,元大-四維,2023-08-02,9831
2359,所羅門,43,0,43,元大-四維,2023-08-02,9831
9906,欣巴巴,43,0,43,元大-四維,2023-08-02,9831
00919,群益台灣精選高息,69,27,42,元大-四維,2023-08-02,9831
00751B,元大AAA至A公司債,41,1,40,元大-四維,2023-08-02,9831
2614,東森,40,0,40,元大-四維,2023-08-02,9831
2891,中信金,38,1,37,元大-四維,2023-08-02,9831
00712,復華富時不動產,96,60,36,元大-四維,2023-08-02,9831
8183,精星,36,0,36,元大-四維,2023-08-02,9831
00891,中信關鍵半導體,35,1,34,元大-四維,2023-08-02,9831
00650L,復華香港正2,34,0,34,元大-四維,2023-08-02,9831
2402,毅嘉,144,112,32,元大-四維,2023-08-02,9831
8201,無敵,30,0,30,元大-四維,2023-08-02,9831
00720B,元大投資級公司債,28,0,28,元大-四維,2023-08-02,9831
3037,欣興,48,20,28,元大-四維,2023-08-02,9831
2002,中鋼,34,7,27,元大-四維,2023-08-02,9831
1734,杏輝,29,2,27,元大-四維,2023-08-02,9831
00687B,國泰20年美債,26,0,26,元大-四維,2023-08-02,9831
00637L,元大滬深300正2,28,2,26,元大-四維,2023-08-02,9831
00665L,富邦�琤肭磪囓�2,26,0,26,元大-四維,2023-08-02,9831
2301,光寶科,88,62,26,元大-四維,2023-08-02,9831
2618,長榮航,51,28,23,元大-四維,2023-08-02,9831
6282,康舒,90,67,23,元大-四維,2023-08-02,9831
2312,金寶,41,19,22,元大-四維,2023-08-02,9831
2329,華泰,62,40,22,元大-四維,2023-08-02,9831
5880,合庫金,21,0,21,元大-四維,2023-08-02,9831
2880,華南金,21,0,21,元大-四維,2023-08-02,9831
1609,大亞,160,140,20,元大-四維,2023-08-02,9831
6167,久正,20,0,20,元大-四維,2023-08-02,9831
1605,華新,253,53,200,元大-四維,2023-08-04,9831
00687B,國泰20年美債,194,0,194,元大-四維,2023-08-04,9831
00753L,中信中國50正2,165,2,163,元大-四維,2023-08-04,9831
00680L,元大美債20正2,169,10,159,元大-四維,2023-08-04,9831
00679B,元大美債20年,133,8,125,元大-四維,2023-08-04,9831
2344,華邦電,144,23,121,元大-四維,2023-08-04,9831
2891,中信金,202,99,103,元大-四維,2023-08-04,9831
2897,王道銀行,101,2,99,元大-四維,2023-08-04,9831
1609,大亞,110,22,88,元大-四維,2023-08-04,9831
00929,復華台灣科技優息,87,0,87,元大-四維,2023-08-04,9831
3481,群創,158,99,59,元大-四維,2023-08-04,9831
00923,群益台ESG低碳50,53,0,53,元大-四維,2023-08-04,9831
00720B,元大投資級公司債,49,4,45,元大-四維,2023-08-04,9831
1608,華榮,47,3,44,元大-四維,2023-08-04,9831
00764B,群益25年美債,41,0,41,元大-四維,2023-08-04,9831
6274,台燿,50,11,39,元大-四維,2023-08-04,9831
00751B,元大AAA至A公司債,38,0,38,元大-四維,2023-08-04,9831
2206,三陽工業,39,6,33,元大-四維,2023-08-04,9831
4746,台耀,38,6,32,元大-四維,2023-08-04,9831
00725B,國泰投資級公司債,31,0,31,元大-四維,2023-08-04,9831
00900,富邦特選高股息30,29,0,29,元大-四維,2023-08-04,9831
3013,晟銘電,43,15,28,元大-四維,2023-08-04,9831
2915,潤泰全,29,1,28,元大-四維,2023-08-04,9831
00795B,中信美國公債20年,32,5,27,元大-四維,2023-08-04,9831
6219,富旺,26,0,26,元大-四維,2023-08-04,9831
2201,裕隆,24,0,24,元大-四維,2023-08-04,9831
2419,仲琦,46,22,24,元大-四維,2023-08-04,9831
3047,訊舟,25,1,24,元大-四維,2023-08-04,9831
00891,中信關鍵半導體,23,0,23,元大-四維,2023-08-04,9831
3163,波若威,51,29,22,元大-四維,2023-08-04,9831
2618,長榮航,32,12,20,元大-四維,2023-08-04,9831
6166,凌華,20,0,20,元大-四維,2023-08-04,9831
2609,陽明,65,45,20,元大-四維,2023-08-04,9831
00919,群益台灣精選高息,19,0,19,元大-四維,2023-08-04,9831
00688L,國泰20年美債正2,19,0,19,元大-四維,2023-08-04,9831
00772B,中信高評級公司債,29,10,19,元大-四維,2023-08-04,9831
2881,富邦金,21,2,19,元大-四維,2023-08-04,9831
2356,英業達,71,54,17,元大-四維,2023-08-04,9831
2884,玉山金,17,0,17,元大-四維,2023-08-04,9831
6449,鈺邦,17,0,17,元大-四維,2023-08-04,9831
1905,華紙,35,19,16,元大-四維,2023-08-04,9831
1785,光洋科,18,3,15,元大-四維,2023-08-04,9831
00722B,群益投資級電信債,15,0,15,元大-四維,2023-08-04,9831
2645,長榮航太,16,1,15,元大-四維,2023-08-04,9831
3706,神達,48,33,15,元大-四維,2023-08-04,9831
2812,台中銀,14,0,14,元大-四維,2023-08-04,9831
00905,FT臺灣Smart,21,7,14,元大-四維,2023-08-04,9831
5469,瀚宇博,20,6,14,元大-四維,2023-08-04,9831
00893,國泰智能電動車,20,6,14,元大-四維,2023-08-04,9831
2330,台積電,15,1,14,元大-四維,2023-08-04,9831
6449,鈺邦,233,2,231,元大-四維,2023-08-07,9831
2618,長榮航,140,25,115,元大-四維,2023-08-07,9831
2301,光寶科,147,46,101,元大-四維,2023-08-07,9831
2030,彰源,100,0,100,元大-四維,2023-08-07,9831
2356,英業達,180,80,100,元大-四維,2023-08-07,9831
6016,康和證,103,16,87,元大-四維,2023-08-07,9831
00720B,元大投資級公司債,81,0,81,元大-四維,2023-08-07,9831
2352,佳世達,112,32,80,元大-四維,2023-08-07,9831
00929,復華台灣科技優息,121,43,78,元大-四維,2023-08-07,9831
00931B,統一美債20年,69,0,69,元大-四維,2023-08-07,9831
00900,富邦特選高股息30,68,0,68,元大-四維,2023-08-07,9831
2324,仁寶,106,44,62,元大-四維,2023-08-07,9831
2913,農林,72,14,58,元大-四維,2023-08-07,9831
3481,群創,83,25,58,元大-四維,2023-08-07,9831
9906,欣巴巴,55,0,55,元大-四維,2023-08-07,9831
2409,友達,58,4,54,元大-四維,2023-08-07,9831
4174,浩鼎,50,0,50,元大-四維,2023-08-07,9831
2457,飛宏,52,5,47,元大-四維,2023-08-07,9831
2382,廣達,104,62,42,元大-四維,2023-08-07,9831
2603,長榮,46,4,42,元大-四維,2023-08-07,9831
00882,中信中國高股息,41,0,41,元大-四維,2023-08-07,9831
2317,鴻海,58,18,40,元大-四維,2023-08-07,9831
2891,中信金,42,2,40,元大-四維,2023-08-07,9831
3706,神達,92,53,39,元大-四維,2023-08-07,9831
00773B,中信優先金融債,36,0,36,元大-四維,2023-08-07,9831
1409,新纖,32,0,32,元大-四維,2023-08-07,9831
9933,中鼎,32,0,32,元大-四維,2023-08-07,9831
2548,華固,30,0,30,元大-四維,2023-08-07,9831
00752,中信中國50,30,0,30,元大-四維,2023-08-07,9831
00637L,元大滬深300正2,32,2,30,元大-四維,2023-08-07,9831
00923,群益台ESG低碳50,29,0,29,元大-四維,2023-08-07,9831
2610,華航,55,29,26,元大-四維,2023-08-07,9831
00712,復華富時不動產,26,0,26,元大-四維,2023-08-07,9831
00669R,國泰美國道瓊反1,25,0,25,元大-四維,2023-08-07,9831
1308,亞聚,25,1,24,元大-四維,2023-08-07,9831
2801,彰銀,27,4,23,元大-四維,2023-08-07,9831
1584,精剛,27,5,22,元大-四維,2023-08-07,9831
2388,威盛,30,9,21,元大-四維,2023-08-07,9831
1609,大亞,22,2,20,元大-四維,2023-08-07,9831
2727,王品,20,0,20,元大-四維,2023-08-07,9831
2630,亞航,30,10,20,元大-四維,2023-08-07,9831
00795B,中信美國公債20年,18,0,18,元大-四維,2023-08-07,9831
6187,萬潤,23,7,16,元大-四維,2023-08-07,9831
00772B,中信高評級公司債,16,1,15,元大-四維,2023-08-07,9831
1528,恩德,14,0,14,元大-四維,2023-08-07,9831
2303,聯電,15,3,12,元大-四維,2023-08-07,9831
6515,穎崴,11,0,11,元大-四維,2023-08-07,9831
3325,旭品,16,5,11,元大-四維,2023-08-07,9831
6191,精成科,13,2,11,元大-四維,2023-08-07,9831
1905,華紙,66,55,11,元大-四維,2023-08-07,9831
2352,佳世達,430,9,421,元大-四維,2023-08-08,9831
00706L,期元大S＆P日圓正2,410,0,410,元大-四維,2023-08-08,9831
00929,復華台灣科技優息,279,36,243,元大-四維,2023-08-08,9831
2630,亞航,153,3,150,元大-四維,2023-08-08,9831
2801,彰銀,143,0,143,元大-四維,2023-08-08,9831
1609,大亞,114,1,113,元大-四維,2023-08-08,9831
6449,鈺邦,95,0,95,元大-四維,2023-08-08,9831
00900,富邦特選高股息30,88,0,88,元大-四維,2023-08-08,9831
4927,泰鼎-KY,80,0,80,元大-四維,2023-08-08,9831
2402,毅嘉,72,9,63,元大-四維,2023-08-08,9831
2838,聯邦銀,57,0,57,元大-四維,2023-08-08,9831
2913,農林,92,39,53,元大-四維,2023-08-08,9831
00881,國泰台灣5G+,51,0,51,元大-四維,2023-08-08,9831
1513,中興電,57,8,49,元大-四維,2023-08-08,9831
2211,長榮鋼,50,2,48,元大-四維,2023-08-08,9831
2405,輔信,48,0,48,元大-四維,2023-08-08,9831
2356,英業達,119,73,46,元大-四維,2023-08-08,9831
3231,緯創,155,112,43,元大-四維,2023-08-08,9831
4114,健喬,84,42,42,元大-四維,2023-08-08,9831
1905,華紙,48,7,41,元大-四維,2023-08-08,9831
6274,台燿,58,19,39,元大-四維,2023-08-08,9831
2897,王道銀行,38,0,38,元大-四維,2023-08-08,9831
2610,華航,94,56,38,元大-四維,2023-08-08,9831
00891,中信關鍵半導體,35,0,35,元大-四維,2023-08-08,9831
3362,先進光,35,0,35,元大-四維,2023-08-08,9831
00680L,元大美債20正2,32,0,32,元大-四維,2023-08-08,9831
5452,佶優,68,36,32,元大-四維,2023-08-08,9831
00923,群益台ESG低碳50,31,0,31,元大-四維,2023-08-08,9831
2890,永豐金,31,0,31,元大-四維,2023-08-08,9831
00915,凱基優選高股息30,30,0,30,元大-四維,2023-08-08,9831
0050,元大台灣50,29,1,28,元大-四維,2023-08-08,9831
1710,東聯,28,0,28,元大-四維,2023-08-08,9831
00679B,元大美債20年,28,2,26,元大-四維,2023-08-08,9831
00637L,元大滬深300正2,50,25,25,元大-四維,2023-08-08,9831
00752,中信中國50,25,1,24,元大-四維,2023-08-08,9831
2884,玉山金,24,0,24,元大-四維,2023-08-08,9831
2303,聯電,27,5,22,元大-四維,2023-08-08,9831
3481,群創,101,80,21,元大-四維,2023-08-08,9831
5483,中美晶,23,2,21,元大-四維,2023-08-08,9831
2301,光寶科,51,31,20,元大-四維,2023-08-08,9831
00931B,統一美債20年,50,30,20,元大-四維,2023-08-08,9831
00722B,群益投資級電信債,20,0,20,元大-四維,2023-08-08,9831
1101,台泥,23,3,20,元大-四維,2023-08-08,9831
3714,富采,18,0,18,元大-四維,2023-08-08,9831
6167,久正,18,0,18,元大-四維,2023-08-08,9831
0056,元大高股息,25,8,17,元大-四維,2023-08-08,9831
3443,創意,20,4,16,元大-四維,2023-08-08,9831
00720B,元大投資級公司債,16,0,16,元大-四維,2023-08-08,9831
2388,威盛,24,8,16,元大-四維,2023-08-08,9831
2891,中信金,15,0,15,元大-四維,2023-08-08,9831
2890,永豐金,214,24,190,元大-四維,2023-08-09,9831
00929,復華台灣科技優息,73,1,72,元大-四維,2023-08-09,9831
2867,三商壽,65,0,65,元大-四維,2023-08-09,9831
00900,富邦特選高股息30,59,1,58,元大-四維,2023-08-09,9831
3481,群創,172,115,57,元大-四維,2023-08-09,9831
3051,力特,57,5,52,元大-四維,2023-08-09,9831
2913,農林,60,8,52,元大-四維,2023-08-09,9831
8064,東捷,50,0,50,元大-四維,2023-08-09,9831
2801,彰銀,46,0,46,元大-四維,2023-08-09,9831
00923,群益台ESG低碳50,40,0,40,元大-四維,2023-08-09,9831
1605,華新,50,10,40,元大-四維,2023-08-09,9831
0056,元大高股息,44,5,39,元大-四維,2023-08-09,9831
2002,中鋼,38,0,38,元大-四維,2023-08-09,9831
9906,欣巴巴,35,0,35,元大-四維,2023-08-09,9831
1784,訊聯,35,1,34,元大-四維,2023-08-09,9831
1717,長興,32,0,32,元大-四維,2023-08-09,9831
2363,矽統,77,46,31,元大-四維,2023-08-09,9831
2883,凱基金,31,0,31,元大-四維,2023-08-09,9831
6016,康和證,29,0,29,元大-四維,2023-08-09,9831
2344,華邦電,32,9,23,元大-四維,2023-08-09,9831
2548,華固,23,0,23,元大-四維,2023-08-09,9831
6194,育富,25,2,23,元大-四維,2023-08-09,9831
2884,玉山金,22,0,22,元大-四維,2023-08-09,9831
2371,大同,34,13,21,元大-四維,2023-08-09,9831
1455,集盛,20,0,20,元大-四維,2023-08-09,9831
1308,亞聚,19,0,19,元大-四維,2023-08-09,9831
00772B,中信高評級公司債,19,0,19,元大-四維,2023-08-09,9831
00931B,統一美債20年,19,0,19,元大-四維,2023-08-09,9831
00878,國泰永續高股息,65,46,19,元大-四維,2023-08-09,9831
6112,邁達特,20,2,18,元大-四維,2023-08-09,9831
3581,博磊,26,9,17,元大-四維,2023-08-09,9831
2409,友達,28,12,16,元大-四維,2023-08-09,9831
2385,群光,16,0,16,元大-四維,2023-08-09,9831
2323,中環,21,5,16,元大-四維,2023-08-09,9831
3231,緯創,108,92,16,元大-四維,2023-08-09,9831
5425,台半,16,0,16,元大-四維,2023-08-09,9831
6152,百一,15,0,15,元大-四維,2023-08-09,9831
6271,同欣電,18,3,15,元大-四維,2023-08-09,9831
8277,商丞,15,0,15,元大-四維,2023-08-09,9831
5469,瀚宇博,36,22,14,元大-四維,2023-08-09,9831
3324,雙鴻,21,8,13,元大-四維,2023-08-09,9831
5302,太欣,13,0,13,元大-四維,2023-08-09,9831
8215,明基材,15,2,13,元大-四維,2023-08-09,9831
0050,元大台灣50,13,1,12,元大-四維,2023-08-09,9831
00919,群益台灣精選高息,12,0,12,元大-四維,2023-08-09,9831
1319,東陽,12,0,12,元大-四維,2023-08-09,9831
6509,聚和,12,0,12,元大-四維,2023-08-09,9831
3689,湧德,15,3,12,元大-四維,2023-08-09,9831
6806,森崴能源,12,0,12,元大-四維,2023-08-09,9831
4968,立積,12,0,12,元大-四維,2023-08-09,9831
00706L,期元大S＆P日圓正2,265,0,265,元大-四維,2023-08-10,9831
2888,新光金,240,32,208,元大-四維,2023-08-10,9831
00929,復華台灣科技優息,214,6,208,元大-四維,2023-08-10,9831
3682,亞太電,99,0,99,元大-四維,2023-08-10,9831
00900,富邦特選高股息30,102,5,97,元大-四維,2023-08-10,9831
00923,群益台ESG低碳50,88,0,88,元大-四維,2023-08-10,9831
2610,華航,109,36,73,元大-四維,2023-08-10,9831
8938,明安,67,2,65,元大-四維,2023-08-10,9831
2409,友達,107,47,60,元大-四維,2023-08-10,9831
6282,康舒,80,21,59,元大-四維,2023-08-10,9831
0056,元大高股息,85,26,59,元大-四維,2023-08-10,9831
2492,華新科,54,1,53,元大-四維,2023-08-10,9831
00919,群益台灣精選高息,55,4,51,元大-四維,2023-08-10,9831
00878,國泰永續高股息,185,135,50,元大-四維,2023-08-10,9831
1513,中興電,66,17,49,元大-四維,2023-08-10,9831
6449,鈺邦,47,1,46,元大-四維,2023-08-10,9831
6167,久正,92,49,43,元大-四維,2023-08-10,9831
2883,凱基金,44,1,43,元大-四維,2023-08-10,9831
3017,奇鋐,45,3,42,元大-四維,2023-08-10,9831
00891,中信關鍵半導體,40,0,40,元大-四維,2023-08-10,9831
2618,長榮航,63,23,40,元大-四維,2023-08-10,9831
2324,仁寶,40,0,40,元大-四維,2023-08-10,9831
1609,大亞,49,9,40,元大-四維,2023-08-10,9831
5353,台林,37,1,36,元大-四維,2023-08-10,9831
2516,新建,33,0,33,元大-四維,2023-08-10,9831
2915,潤泰全,30,0,30,元大-四維,2023-08-10,9831
8936,國統,33,4,29,元大-四維,2023-08-10,9831
1608,華榮,40,11,29,元大-四維,2023-08-10,9831
2838,聯邦銀,30,2,28,元大-四維,2023-08-10,9831
2913,農林,53,25,28,元大-四維,2023-08-10,9831
3037,欣興,31,4,27,元大-四維,2023-08-10,9831
1220,台榮,27,0,27,元大-四維,2023-08-10,9831
2884,玉山金,26,0,26,元大-四維,2023-08-10,9831
2376,技嘉,44,19,25,元大-四維,2023-08-10,9831
00772B,中信高評級公司債,25,0,25,元大-四維,2023-08-10,9831
020038,元大ESG配息N,25,0,25,元大-四維,2023-08-10,9831
3038,全台,29,5,24,元大-四維,2023-08-10,9831
2371,大同,25,1,24,元大-四維,2023-08-10,9831
2363,矽統,68,44,24,元大-四維,2023-08-10,9831
00882,中信中國高股息,24,0,24,元大-四維,2023-08-10,9831
0050,元大台灣50,24,1,23,元大-四維,2023-08-10,9831
1802,台玻,45,22,23,元大-四維,2023-08-10,9831
1904,正隆,25,2,23,元大-四維,2023-08-10,9831
3141,晶宏,20,0,20,元大-四維,2023-08-10,9831
3706,神達,124,104,20,元大-四維,2023-08-10,9831
5009,榮剛,25,5,20,元大-四維,2023-08-10,9831
2201,裕隆,35,16,19,元大-四維,2023-08-10,9831
2449,京元電子,20,1,19,元大-四維,2023-08-10,9831
2368,金像電,35,17,18,元大-四維,2023-08-10,9831
6275,元山,18,0,18,元大-四維,2023-08-10,9831
2014,中鴻,342,0,342,元大-四維,2023-08-11,9831
2882,國泰金,158,4,154,元大-四維,2023-08-11,9831
00878,國泰永續高股息,225,79,146,元大-四維,2023-08-11,9831
2881,富邦金,151,6,145,元大-四維,2023-08-11,9831
00900,富邦特選高股息30,134,3,131,元大-四維,2023-08-11,9831
00680L,元大美債20正2,104,0,104,元大-四維,2023-08-11,9831
2897,王道銀行,101,1,100,元大-四維,2023-08-11,9831
2888,新光金,97,4,93,元大-四維,2023-08-11,9831
00923,群益台ESG低碳50,80,0,80,元大-四維,2023-08-11,9831
00929,復華台灣科技優息,74,0,74,元大-四維,2023-08-11,9831
00712,復華富時不動產,63,0,63,元大-四維,2023-08-11,9831
1504,東元,64,7,57,元大-四維,2023-08-11,9831
2885,元大金,65,13,52,元大-四維,2023-08-11,9831
2618,長榮航,404,355,49,元大-四維,2023-08-11,9831
3037,欣興,77,33,44,元大-四維,2023-08-11,9831
00931B,統一美債20年,44,0,44,元大-四維,2023-08-11,9831
3481,群創,68,25,43,元大-四維,2023-08-11,9831
2883,凱基金,37,0,37,元大-四維,2023-08-11,9831
2892,第一金,47,13,34,元大-四維,2023-08-11,9831
1605,華新,55,22,33,元大-四維,2023-08-11,9831
00679B,元大美債20年,33,0,33,元大-四維,2023-08-11,9831
1609,大亞,47,16,31,元大-四維,2023-08-11,9831
00751B,元大AAA至A公司債,31,0,31,元大-四維,2023-08-11,9831
5521,工信,30,0,30,元大-四維,2023-08-11,9831
2838,聯邦銀,30,0,30,元大-四維,2023-08-11,9831
00882,中信中國高股息,27,2,25,元大-四維,2023-08-11,9831
6770,力積電,22,0,22,元大-四維,2023-08-11,9831
2409,友達,22,0,22,元大-四維,2023-08-11,9831
2002,中鋼,26,5,21,元大-四維,2023-08-11,9831
2606,裕民,42,21,21,元大-四維,2023-08-11,9831
3689,湧德,22,2,20,元大-四維,2023-08-11,9831
2027,大成鋼,22,2,20,元大-四維,2023-08-11,9831
1337,再生-KY,20,1,19,元大-四維,2023-08-11,9831
6282,康舒,28,9,19,元大-四維,2023-08-11,9831
8936,國統,28,11,17,元大-四維,2023-08-11,9831
00795B,中信美國公債20年,16,0,16,元大-四維,2023-08-11,9831
1305,華夏,25,9,16,元大-四維,2023-08-11,9831
0050,元大台灣50,22,6,16,元大-四維,2023-08-11,9831
2834,臺企銀,22,7,15,元大-四維,2023-08-11,9831
1802,台玻,19,4,15,元大-四維,2023-08-11,9831
2330,台積電,14,0,14,元大-四維,2023-08-11,9831
6116,彩晶,24,10,14,元大-四維,2023-08-11,9831
1220,台榮,13,0,13,元大-四維,2023-08-11,9831
2317,鴻海,23,10,13,元大-四維,2023-08-11,9831
2886,兆豐金,12,0,12,元大-四維,2023-08-11,9831
00772B,中信高評級公司債,12,0,12,元大-四維,2023-08-11,9831
8478,東哥遊艇,12,0,12,元大-四維,2023-08-11,9831
2344,華邦電,12,0,12,元大-四維,2023-08-11,9831
6016,康和證,12,0,12,元大-四維,2023-08-11,9831
00881,國泰台灣5G+,11,0,11,元大-四維,2023-08-11,9831
2014,中鴻,650,3,647,元大-四維,2023-08-14,9831
00929,復華台灣科技優息,544,0,544,元大-四維,2023-08-14,9831
00923,群益台ESG低碳50,287,0,287,元大-四維,2023-08-14,9831
2618,長榮航,357,128,229,元大-四維,2023-08-14,9831
00878,國泰永續高股息,209,13,196,元大-四維,2023-08-14,9831
2323,中環,163,14,149,元大-四維,2023-08-14,9831
2610,華航,185,45,140,元大-四維,2023-08-14,9831
2890,永豐金,118,0,118,元大-四維,2023-08-14,9831
00900,富邦特選高股息30,121,6,115,元大-四維,2023-08-14,9831
2897,王道銀行,113,0,113,元大-四維,2023-08-14,9831
2883,凱基金,121,20,101,元大-四維,2023-08-14,9831
2885,元大金,95,1,94,元大-四維,2023-08-14,9831
2547,日勝生,71,0,71,元大-四維,2023-08-14,9831
2838,聯邦銀,70,0,70,元大-四維,2023-08-14,9831
2891,中信金,70,2,68,元大-四維,2023-08-14,9831
2915,潤泰全,66,1,65,元大-四維,2023-08-14,9831
6016,康和證,65,0,65,元大-四維,2023-08-14,9831
1314,中石化,66,6,60,元大-四維,2023-08-14,9831
00772B,中信高評級公司債,69,10,59,元大-四維,2023-08-14,9831
2382,廣達,233,175,58,元大-四維,2023-08-14,9831
3231,緯創,538,482,56,元大-四維,2023-08-14,9831
2867,三商壽,51,0,51,元大-四維,2023-08-14,9831
00919,群益台灣精選高息,50,0,50,元大-四維,2023-08-14,9831
2913,農林,60,14,46,元大-四維,2023-08-14,9831
6005,群益證,53,10,43,元大-四維,2023-08-14,9831
2412,中華電,39,0,39,元大-四維,2023-08-14,9831
00679B,元大美債20年,38,3,35,元大-四維,2023-08-14,9831
3037,欣興,37,2,35,元大-四維,2023-08-14,9831
2206,三陽工業,37,3,34,元大-四維,2023-08-14,9831
2344,華邦電,42,8,34,元大-四維,2023-08-14,9831
1905,華紙,42,9,33,元大-四維,2023-08-14,9831
6770,力積電,37,4,33,元大-四維,2023-08-14,9831
00930,永豐ESG低碳高息,33,0,33,元大-四維,2023-08-14,9831
5483,中美晶,36,5,31,元大-四維,2023-08-14,9831
2845,遠東銀,30,0,30,元大-四維,2023-08-14,9831
00850,元大臺灣ESG永續,30,0,30,元大-四維,2023-08-14,9831
00712,復華富時不動產,30,1,29,元大-四維,2023-08-14,9831
3481,群創,64,35,29,元大-四維,2023-08-14,9831
2363,矽統,168,140,28,元大-四維,2023-08-14,9831
2371,大同,36,9,27,元大-四維,2023-08-14,9831
2520,冠德,25,0,25,元大-四維,2023-08-14,9831
020038,元大ESG配息N,25,0,25,元大-四維,2023-08-14,9831
2614,東森,25,0,25,元大-四維,2023-08-14,9831
00665L,富邦�琤肭磪囓�2,24,0,24,元大-四維,2023-08-14,9831
6282,康舒,87,63,24,元大-四維,2023-08-14,9831
0050,元大台灣50,24,0,24,元大-四維,2023-08-14,9831
00650L,復華香港正2,23,0,23,元大-四維,2023-08-14,9831
2609,陽明,30,8,22,元大-四維,2023-08-14,9831
00888,永豐台灣ESG,21,0,21,元大-四維,2023-08-14,9831
2881,富邦金,25,5,20,元大-四維,2023-08-14,9831
2618,長榮航,434,243,191,元大-四維,2023-08-15,9831
00923,群益台ESG低碳50,176,5,171,元大-四維,2023-08-15,9831
1101,台泥,114,0,114,元大-四維,2023-08-15,9831
2884,玉山金,118,10,108,元大-四維,2023-08-15,9831
2014,中鴻,104,0,104,元大-四維,2023-08-15,9831
00900,富邦特選高股息30,96,7,89,元大-四維,2023-08-15,9831
2883,凱基金,92,8,84,元大-四維,2023-08-15,9831
2002,中鋼,74,14,60,元大-四維,2023-08-15,9831
00882,中信中國高股息,59,0,59,元大-四維,2023-08-15,9831
2888,新光金,64,6,58,元大-四維,2023-08-15,9831
4950,牧東,55,0,55,元大-四維,2023-08-15,9831
00929,復華台灣科技優息,81,30,51,元大-四維,2023-08-15,9831
00632R,元大台灣50反1,80,40,40,元大-四維,2023-08-15,9831
1319,東陽,40,5,35,元大-四維,2023-08-15,9831
00907,永豐優息存股,33,1,32,元大-四維,2023-08-15,9831
1802,台玻,35,3,32,元大-四維,2023-08-15,9831
2317,鴻海,60,28,32,元大-四維,2023-08-15,9831
8086,宏捷科,31,0,31,元大-四維,2023-08-15,9831
2891,中信金,32,4,28,元大-四維,2023-08-15,9831
2547,日勝生,27,0,27,元大-四維,2023-08-15,9831
2609,陽明,27,1,26,元大-四維,2023-08-15,9831
2890,永豐金,26,0,26,元大-四維,2023-08-15,9831
0050,元大台灣50,27,2,25,元大-四維,2023-08-15,9831
2867,三商壽,24,0,24,元大-四維,2023-08-15,9831
2892,第一金,23,0,23,元大-四維,2023-08-15,9831
00772B,中信高評級公司債,31,10,21,元大-四維,2023-08-15,9831
00706L,期元大S＆P日圓正2,21,0,21,元大-四維,2023-08-15,9831
2458,義隆,21,1,20,元大-四維,2023-08-15,9831
1337,再生-KY,20,0,20,元大-四維,2023-08-15,9831
1905,華紙,25,6,19,元大-四維,2023-08-15,9831
3363,上詮,20,1,19,元大-四維,2023-08-15,9831
00712,復華富時不動產,23,5,18,元大-四維,2023-08-15,9831
2027,大成鋼,18,0,18,元大-四維,2023-08-15,9831
2897,王道銀行,18,1,17,元大-四維,2023-08-15,9831
2388,威盛,20,4,16,元大-四維,2023-08-15,9831
3583,辛耘,17,3,14,元大-四維,2023-08-15,9831
2405,輔信,16,2,14,元大-四維,2023-08-15,9831
2402,毅嘉,18,4,14,元大-四維,2023-08-15,9831
3163,波若威,32,19,13,元大-四維,2023-08-15,9831
00795B,中信美國公債20年,13,0,13,元大-四維,2023-08-15,9831
9906,欣巴巴,13,0,13,元大-四維,2023-08-15,9831
00687B,國泰20年美債,12,0,12,元大-四維,2023-08-15,9831
3706,神達,45,33,12,元大-四維,2023-08-15,9831
1301,台塑,13,1,12,元大-四維,2023-08-15,9831
2344,華邦電,18,7,11,元大-四維,2023-08-15,9831
3483,力致,15,4,11,元大-四維,2023-08-15,9831
4432,銘旺實,11,0,11,元大-四維,2023-08-15,9831
8027,鈦昇,14,3,11,元大-四維,2023-08-15,9831
2017,官田鋼,11,0,11,元大-四維,2023-08-15,9831
5483,中美晶,11,1,10,元大-四維,2023-08-15,9831
00929,復華台灣科技優息,271,10,261,元大-四維,2023-08-16,9831
2303,聯電,246,21,225,元大-四維,2023-08-16,9831
2892,第一金,121,5,116,元大-四維,2023-08-16,9831
1314,中石化,116,1,115,元大-四維,2023-08-16,9831
00665L,富邦�琤肭磪囓�2,110,0,110,元大-四維,2023-08-16,9831
2610,華航,157,47,110,元大-四維,2023-08-16,9831
00923,群益台ESG低碳50,100,3,97,元大-四維,2023-08-16,9831
2891,中信金,97,8,89,元大-四維,2023-08-16,9831
2409,友達,82,1,81,元大-四維,2023-08-16,9831
2618,長榮航,178,118,60,元大-四維,2023-08-16,9831
2317,鴻海,63,6,57,元大-四維,2023-08-16,9831
00878,國泰永續高股息,189,139,50,元大-四維,2023-08-16,9831
2890,永豐金,53,3,50,元大-四維,2023-08-16,9831
2312,金寶,51,2,49,元大-四維,2023-08-16,9831
1605,華新,70,24,46,元大-四維,2023-08-16,9831
00891,中信關鍵半導體,45,0,45,元大-四維,2023-08-16,9831
2323,中環,48,4,44,元大-四維,2023-08-16,9831
00650L,復華香港正2,44,0,44,元大-四維,2023-08-16,9831
2885,元大金,50,6,44,元大-四維,2023-08-16,9831
2029,盛餘,40,0,40,元大-四維,2023-08-16,9831
3037,欣興,51,11,40,元大-四維,2023-08-16,9831
00772B,中信高評級公司債,57,20,37,元大-四維,2023-08-16,9831
2887,台新金,42,7,35,元大-四維,2023-08-16,9831
2801,彰銀,35,0,35,元大-四維,2023-08-16,9831
00795B,中信美國公債20年,35,0,35,元大-四維,2023-08-16,9831
00722B,群益投資級電信債,32,0,32,元大-四維,2023-08-16,9831
2897,王道銀行,61,29,32,元大-四維,2023-08-16,9831
1301,台塑,33,1,32,元大-四維,2023-08-16,9831
0056,元大高股息,54,23,31,元大-四維,2023-08-16,9831
2603,長榮,39,8,31,元大-四維,2023-08-16,9831
2324,仁寶,121,90,31,元大-四維,2023-08-16,9831
2838,聯邦銀,30,0,30,元大-四維,2023-08-16,9831
2606,裕民,30,0,30,元大-四維,2023-08-16,9831
2880,華南金,32,3,29,元大-四維,2023-08-16,9831
2014,中鴻,28,1,27,元大-四維,2023-08-16,9831
00882,中信中國高股息,25,0,25,元大-四維,2023-08-16,9831
5880,合庫金,25,3,22,元大-四維,2023-08-16,9831
6282,康舒,29,7,22,元大-四維,2023-08-16,9831
1101,台泥,24,3,21,元大-四維,2023-08-16,9831
9934,成霖,20,0,20,元大-四維,2023-08-16,9831
8069,元太,31,12,19,元大-四維,2023-08-16,9831
1303,南亞,19,0,19,元大-四維,2023-08-16,9831
2002,中鋼,23,4,19,元大-四維,2023-08-16,9831
00881,國泰台灣5G+,20,1,19,元大-四維,2023-08-16,9831
2027,大成鋼,24,6,18,元大-四維,2023-08-16,9831
2913,農林,42,24,18,元大-四維,2023-08-16,9831
1102,亞泥,18,0,18,元大-四維,2023-08-16,9831
2206,三陽工業,18,1,17,元大-四維,2023-08-16,9831
00888,永豐台灣ESG,19,3,16,元大-四維,2023-08-16,9831
6274,台燿,28,12,16,元大-四維,2023-08-16,9831
3231,緯創,591,404,187,元大-四維,2023-08-17,9831
00929,復華台灣科技優息,151,3,148,元大-四維,2023-08-17,9831
2401,凌陽,128,19,109,元大-四維,2023-08-17,9831
2405,輔信,116,12,104,元大-四維,2023-08-17,9831
00665L,富邦�琤肭磪囓�2,110,13,97,元大-四維,2023-08-17,9831
3056,富華新,84,7,77,元大-四維,2023-08-17,9831
2409,友達,80,10,70,元大-四維,2023-08-17,9831
2888,新光金,66,1,65,元大-四維,2023-08-17,9831
1301,台塑,61,1,60,元大-四維,2023-08-17,9831
00680L,元大美債20正2,60,5,55,元大-四維,2023-08-17,9831
2002,中鋼,53,3,50,元大-四維,2023-08-17,9831
5607,遠雄港,50,0,50,元大-四維,2023-08-17,9831
2880,華南金,46,0,46,元大-四維,2023-08-17,9831
00878,國泰永續高股息,98,55,43,元大-四維,2023-08-17,9831
3455,由田,42,0,42,元大-四維,2023-08-17,9831
00882,中信中國高股息,44,2,42,元大-四維,2023-08-17,9831
00795B,中信美國公債20年,41,0,41,元大-四維,2023-08-17,9831
2637,慧洋-KY,36,0,36,元大-四維,2023-08-17,9831
2023,燁輝,35,0,35,元大-四維,2023-08-17,9831
1303,南亞,34,0,34,元大-四維,2023-08-17,9831
2303,聯電,38,4,34,元大-四維,2023-08-17,9831
00720B,元大投資級公司債,41,8,33,元大-四維,2023-08-17,9831
00722B,群益投資級電信債,33,0,33,元大-四維,2023-08-17,9831
2903,遠百,31,0,31,元大-四維,2023-08-17,9831
0050,元大台灣50,31,1,30,元大-四維,2023-08-17,9831
3105,穩懋,30,2,28,元大-四維,2023-08-17,9831
2328,廣宇,32,4,28,元大-四維,2023-08-17,9831
00650L,復華香港正2,27,0,27,元大-四維,2023-08-17,9831
00712,復華富時不動產,25,0,25,元大-四維,2023-08-17,9831
1101,台泥,31,7,24,元大-四維,2023-08-17,9831
00679B,元大美債20年,29,5,24,元大-四維,2023-08-17,9831
00751B,元大AAA至A公司債,23,0,23,元大-四維,2023-08-17,9831
2886,兆豐金,24,1,23,元大-四維,2023-08-17,9831
2618,長榮航,37,16,21,元大-四維,2023-08-17,9831
2462,良得電,21,0,21,元大-四維,2023-08-17,9831
2889,國票金,21,0,21,元大-四維,2023-08-17,9831
00923,群益台ESG低碳50,20,0,20,元大-四維,2023-08-17,9831
2605,新興,20,1,19,元大-四維,2023-08-17,9831
2014,中鴻,48,29,19,元大-四維,2023-08-17,9831
00772B,中信高評級公司債,41,23,18,元大-四維,2023-08-17,9831
2610,華航,29,12,17,元大-四維,2023-08-17,9831
00753L,中信中國50正2,22,6,16,元大-四維,2023-08-17,9831
00687B,國泰20年美債,15,0,15,元大-四維,2023-08-17,9831
2838,聯邦銀,39,24,15,元大-四維,2023-08-17,9831
9906,欣巴巴,20,5,15,元大-四維,2023-08-17,9831
2009,第一銅,17,2,15,元大-四維,2023-08-17,9831
00900,富邦特選高股息30,20,6,14,元大-四維,2023-08-17,9831
4414,如興,13,0,13,元大-四維,2023-08-17,9831
8050,廣積,20,7,13,元大-四維,2023-08-17,9831
1326,台化,13,1,12,元大-四維,2023-08-17,9831
2324,仁寶,244,68,176,元大-四維,2023-08-18,9831
2610,華航,176,11,165,元大-四維,2023-08-18,9831
3231,緯創,765,605,160,元大-四維,2023-08-18,9831
2409,友達,156,2,154,元大-四維,2023-08-18,9831
00929,復華台灣科技優息,172,51,121,元大-四維,2023-08-18,9831
2618,長榮航,119,7,112,元大-四維,2023-08-18,9831
00878,國泰永續高股息,244,138,106,元大-四維,2023-08-18,9831
1605,華新,94,6,88,元大-四維,2023-08-18,9831
3037,欣興,92,19,73,元大-四維,2023-08-18,9831
6244,茂迪,53,0,53,元大-四維,2023-08-18,9831
1504,東元,62,9,53,元大-四維,2023-08-18,9831
1513,中興電,69,18,51,元大-四維,2023-08-18,9831
6282,康舒,111,65,46,元大-四維,2023-08-18,9831
2329,華泰,107,61,46,元大-四維,2023-08-18,9831
0056,元大高股息,71,25,46,元大-四維,2023-08-18,9831
00673R,期元大S＆P原油反1,42,0,42,元大-四維,2023-08-18,9831
8936,國統,46,6,40,元大-四維,2023-08-18,9831
8069,元太,41,3,38,元大-四維,2023-08-18,9831
1101,台泥,43,10,33,元大-四維,2023-08-18,9831
2838,聯邦銀,30,0,30,元大-四維,2023-08-18,9831
00650L,復華香港正2,30,0,30,元大-四維,2023-08-18,9831
00712,復華富時不動產,34,4,30,元大-四維,2023-08-18,9831
2374,佳能,30,1,29,元大-四維,2023-08-18,9831
2880,華南金,29,0,29,元大-四維,2023-08-18,9831
2462,良得電,30,2,28,元大-四維,2023-08-18,9831
8050,廣積,33,5,28,元大-四維,2023-08-18,9831
5009,榮剛,27,1,26,元大-四維,2023-08-18,9831
8027,鈦昇,26,0,26,元大-四維,2023-08-18,9831
2363,矽統,175,150,25,元大-四維,2023-08-18,9831
00772B,中信高評級公司債,24,0,24,元大-四維,2023-08-18,9831
2913,農林,38,14,24,元大-四維,2023-08-18,9831
2356,英業達,76,53,23,元大-四維,2023-08-18,9831
00720B,元大投資級公司債,22,0,22,元大-四維,2023-08-18,9831
2371,大同,23,1,22,元大-四維,2023-08-18,9831
3324,雙鴻,27,5,22,元大-四維,2023-08-18,9831
6274,台燿,30,9,21,元大-四維,2023-08-18,9831
00655L,國泰中國A50正2,20,0,20,元大-四維,2023-08-18,9831
2402,毅嘉,36,16,20,元大-四維,2023-08-18,9831
5876,上海商銀,20,0,20,元大-四維,2023-08-18,9831
1337,再生-KY,20,0,20,元大-四維,2023-08-18,9831
3056,富華新,29,11,18,元大-四維,2023-08-18,9831
2382,廣達,110,92,18,元大-四維,2023-08-18,9831
9906,欣巴巴,17,0,17,元大-四維,2023-08-18,9831
2883,凱基金,28,11,17,元大-四維,2023-08-18,9831
006208,富邦台50,19,2,17,元大-四維,2023-08-18,9831
2401,凌陽,23,7,16,元大-四維,2023-08-18,9831
6669,緯穎,22,7,15,元大-四維,2023-08-18,9831
2206,三陽工業,17,2,15,元大-四維,2023-08-18,9831
2014,中鴻,16,1,15,元大-四維,2023-08-18,9831
1708,東鹼,15,0,15,元大-四維,2023-08-18,9831
2014,中鴻,147,3,144,元大-四維,2023-08-21,9831
00665L,富邦�琤肭磪囓�2,120,20,100,元大-四維,2023-08-21,9831
2323,中環,61,8,53,元大-四維,2023-08-21,9831
2516,新建,47,1,46,元大-四維,2023-08-21,9831
6592,和潤企業,41,1,40,元大-四維,2023-08-21,9831
2324,仁寶,53,15,38,元大-四維,2023-08-21,9831
00650L,復華香港正2,38,0,38,元大-四維,2023-08-21,9831
2606,裕民,68,35,33,元大-四維,2023-08-21,9831
2603,長榮,40,10,30,元大-四維,2023-08-21,9831
00878,國泰永續高股息,40,10,30,元大-四維,2023-08-21,9831
00882,中信中國高股息,33,4,29,元大-四維,2023-08-21,9831
3051,力特,33,4,29,元大-四維,2023-08-21,9831
5469,瀚宇博,31,7,24,元大-四維,2023-08-21,9831
2382,廣達,52,28,24,元大-四維,2023-08-21,9831
6139,亞翔,46,23,23,元大-四維,2023-08-21,9831
3706,神達,61,39,22,元大-四維,2023-08-21,9831
00795B,中信美國公債20年,21,0,21,元大-四維,2023-08-21,9831
5009,榮剛,21,0,21,元大-四維,2023-08-21,9831
2834,臺企銀,45,25,20,元大-四維,2023-08-21,9831
1308,亞聚,20,0,20,元大-四維,2023-08-21,9831
2303,聯電,29,11,18,元大-四維,2023-08-21,9831
00929,復華台灣科技優息,28,10,18,元大-四維,2023-08-21,9831
2610,華航,85,68,17,元大-四維,2023-08-21,9831
00751B,元大AAA至A公司債,18,1,17,元大-四維,2023-08-21,9831
00673R,期元大S＆P原油反1,17,0,17,元大-四維,2023-08-21,9831
6257,矽格,16,0,16,元大-四維,2023-08-21,9831
6770,力積電,21,5,16,元大-四維,2023-08-21,9831
2208,台船,17,2,15,元大-四維,2023-08-21,9831
2329,華泰,54,40,14,元大-四維,2023-08-21,9831
2301,光寶科,35,21,14,元大-四維,2023-08-21,9831
9907,統一實,20,6,14,元大-四維,2023-08-21,9831
0056,元大高股息,14,1,13,元大-四維,2023-08-21,9831
00919,群益台灣精選高息,14,0,14,元大-四維,2023-08-21,9831
3363,上詮,13,0,13,元大-四維,2023-08-21,9831
6176,瑞儀,13,0,13,元大-四維,2023-08-21,9831
1609,大亞,20,7,13,元大-四維,2023-08-21,9831
8027,鈦昇,12,0,12,元大-四維,2023-08-21,9831
5880,合庫金,11,0,11,元大-四維,2023-08-21,9831
3037,欣興,13,2,11,元大-四維,2023-08-21,9831
2002,中鋼,17,6,11,元大-四維,2023-08-21,9831
00720B,元大投資級公司債,12,1,11,元大-四維,2023-08-21,9831
1471,首利,17,6,11,元大-四維,2023-08-21,9831
6244,茂迪,11,0,11,元大-四維,2023-08-21,9831
2377,微星,11,0,11,元大-四維,2023-08-21,9831
00687B,國泰20年美債,10,0,10,元大-四維,2023-08-21,9831
2637,慧洋-KY,17,7,10,元大-四維,2023-08-21,9831
2344,華邦電,10,0,10,元大-四維,2023-08-21,9831
2945,三商家購,10,0,10,元大-四維,2023-08-21,9831
6411,晶焱,10,0,10,元大-四維,2023-08-21,9831
2012,春雨,10,0,10,元大-四維,2023-08-21,9831
00680L,元大美債20正2,118,0,118,元大-四維,2023-08-22,9831
6116,彩晶,118,1,117,元大-四維,2023-08-22,9831
2409,友達,110,5,105,元大-四維,2023-08-22,9831
6125,廣運,153,50,103,元大-四維,2023-08-22,9831
00929,復華台灣科技優息,108,5,103,元大-四維,2023-08-22,9831
2515,中工,120,45,75,元大-四維,2023-08-22,9831
2838,聯邦銀,65,0,65,元大-四維,2023-08-22,9831
2356,英業達,139,87,52,元大-四維,2023-08-22,9831
2884,玉山金,45,0,45,元大-四維,2023-08-22,9831
2324,仁寶,78,39,39,元大-四維,2023-08-22,9831
2002,中鋼,39,2,37,元大-四維,2023-08-22,9831
2371,大同,47,10,37,元大-四維,2023-08-22,9831
2312,金寶,36,4,32,元大-四維,2023-08-22,9831
00712,復華富時不動產,28,0,28,元大-四維,2023-08-22,9831
6282,康舒,81,54,27,元大-四維,2023-08-22,9831
8358,金居,25,0,25,元大-四維,2023-08-22,9831
00878,國泰永續高股息,74,52,22,元大-四維,2023-08-22,9831
2317,鴻海,22,0,22,元大-四維,2023-08-22,9831
2891,中信金,21,1,20,元大-四維,2023-08-22,9831
8069,元太,20,0,20,元大-四維,2023-08-22,9831
00679B,元大美債20年,20,1,19,元大-四維,2023-08-22,9831
00772B,中信高評級公司債,17,0,17,元大-四維,2023-08-22,9831
2886,兆豐金,17,0,17,元大-四維,2023-08-22,9831
8213,志超,20,3,17,元大-四維,2023-08-22,9831
00637L,元大滬深300正2,41,24,17,元大-四維,2023-08-22,9831
2610,華航,44,27,17,元大-四維,2023-08-22,9831
3380,明泰,16,0,16,元大-四維,2023-08-22,9831
3163,波若威,36,21,15,元大-四維,2023-08-22,9831
2314,台揚,14,0,14,元大-四維,2023-08-22,9831
1605,華新,46,32,14,元大-四維,2023-08-22,9831
4968,立積,15,1,14,元大-四維,2023-08-22,9831
3324,雙鴻,18,4,14,元大-四維,2023-08-22,9831
2031,新光鋼,14,0,14,元大-四維,2023-08-22,9831
2421,建準,37,24,13,元大-四維,2023-08-22,9831
1326,台化,13,0,13,元大-四維,2023-08-22,9831
3356,奇偶,14,1,13,元大-四維,2023-08-22,9831
3714,富采,15,2,13,元大-四維,2023-08-22,9831
4746,台耀,14,1,13,元大-四維,2023-08-22,9831
2387,精元,13,0,13,元大-四維,2023-08-22,9831
2897,王道銀行,43,30,13,元大-四維,2023-08-22,9831
2883,凱基金,14,1,13,元大-四維,2023-08-22,9831
3051,力特,33,21,12,元大-四維,2023-08-22,9831
5483,中美晶,12,0,12,元大-四維,2023-08-22,9831
2401,凌陽,15,3,12,元大-四維,2023-08-22,9831
2332,友訊,89,78,11,元大-四維,2023-08-22,9831
6799,來頡,11,0,11,元大-四維,2023-08-22,9831
3032,偉訓,14,3,11,元大-四維,2023-08-22,9831
00720B,元大投資級公司債,10,0,10,元大-四維,2023-08-22,9831
2419,仲琦,17,7,10,元大-四維,2023-08-22,9831
2727,王品,10,0,10,元大-四維,2023-08-22,9831
00632R,元大台灣50反1,100,0,100,元大-四維,2023-08-23,9831
2618,長榮航,207,128,79,元大-四維,2023-08-23,9831
3051,力特,77,8,69,元大-四維,2023-08-23,9831
2883,凱基金,61,0,61,元大-四維,2023-08-23,9831
2409,友達,57,0,57,元大-四維,2023-08-23,9831
6167,久正,73,20,53,元大-四維,2023-08-23,9831
00712,復華富時不動產,49,0,49,元大-四維,2023-08-23,9831
2023,燁輝,52,5,47,元大-四維,2023-08-23,9831
00929,復華台灣科技優息,70,34,36,元大-四維,2023-08-23,9831
2537,聯上發,35,0,35,元大-四維,2023-08-23,9831
2884,玉山金,27,0,27,元大-四維,2023-08-23,9831
2332,友訊,118,92,26,元大-四維,2023-08-23,9831
4526,東台,25,0,25,元大-四維,2023-08-23,9831
1314,中石化,23,0,23,元大-四維,2023-08-23,9831
5483,中美晶,22,1,21,元大-四維,2023-08-23,9831
9906,欣巴巴,21,0,21,元大-四維,2023-08-23,9831
3324,雙鴻,26,6,20,元大-四維,2023-08-23,9831
9907,統一實,20,0,20,元大-四維,2023-08-23,9831
2634,漢翔,44,24,20,元大-四維,2023-08-23,9831
6257,矽格,42,23,19,元大-四維,2023-08-23,9831
8358,金居,19,2,17,元大-四維,2023-08-23,9831
1303,南亞,17,0,17,元大-四維,2023-08-23,9831
2405,輔信,16,0,16,元大-四維,2023-08-23,9831
00882,中信中國高股息,14,0,14,元大-四維,2023-08-23,9831
2538,基泰,14,0,14,元大-四維,2023-08-23,9831
1504,東元,14,2,12,元大-四維,2023-08-23,9831
00878,國泰永續高股息,26,14,12,元大-四維,2023-08-23,9831
2645,長榮航太,20,8,12,元大-四維,2023-08-23,9831
2882,國泰金,12,0,12,元大-四維,2023-08-23,9831
5871,中租-KY,11,0,11,元大-四維,2023-08-23,9831
5880,合庫金,11,0,11,元大-四維,2023-08-23,9831
2329,華泰,60,49,11,元大-四維,2023-08-23,9831
3071,協禧,19,8,11,元大-四維,2023-08-23,9831
1471,首利,19,8,11,元大-四維,2023-08-23,9831
2812,台中銀,11,0,11,元大-四維,2023-08-23,9831
5289,宜鼎,10,0,10,元大-四維,2023-08-23,9831
1806,冠軍,10,0,10,元大-四維,2023-08-23,9831
6234,高僑,13,3,10,元大-四維,2023-08-23,9831
3483,力致,12,2,10,元大-四維,2023-08-23,9831
2374,佳能,10,0,10,元大-四維,2023-08-23,9831
5876,上海商銀,10,0,10,元大-四維,2023-08-23,9831
00923,群益台ESG低碳50,17,7,10,元大-四維,2023-08-23,9831
3021,鴻名,15,5,10,元大-四維,2023-08-23,9831
1514,亞力,11,1,10,元大-四維,2023-08-23,9831
1560,中砂,10,1,9,元大-四維,2023-08-23,9831
2312,金寶,16,7,9,元大-四維,2023-08-23,9831
6185,幃翔,10,1,9,元大-四維,2023-08-23,9831
2913,農林,13,5,8,元大-四維,2023-08-23,9831
1316,上曜,8,0,8,元大-四維,2023-08-23,9831
2630,亞航,12,4,8,元大-四維,2023-08-23,9831
2884,玉山金,118,0,118,元大-四維,2023-08-24,9831
3305,昇貿,101,3,98,元大-四維,2023-08-24,9831
2419,仲琦,122,32,90,元大-四維,2023-08-24,9831
1605,華新,101,15,86,元大-四維,2023-08-24,9831
3706,神達,150,77,73,元大-四維,2023-08-24,9831
00891,中信關鍵半導體,100,34,66,元大-四維,2023-08-24,9831
00919,群益台灣精選高息,60,4,56,元大-四維,2023-08-24,9831
00680L,元大美債20正2,55,4,51,元大-四維,2023-08-24,9831
3483,力致,56,6,50,元大-四維,2023-08-24,9831
2208,台船,60,17,43,元大-四維,2023-08-24,9831
2618,長榮航,68,28,40,元大-四維,2023-08-24,9831
2905,三商,38,0,38,元大-四維,2023-08-24,9831
2382,廣達,350,318,32,元大-四維,2023-08-24,9831
8358,金居,39,11,28,元大-四維,2023-08-24,9831
5371,中光電,27,0,27,元大-四維,2023-08-24,9831
2883,凱基金,27,0,27,元大-四維,2023-08-24,9831
00900,富邦特選高股息30,33,8,25,元大-四維,2023-08-24,9831
5410,國眾,31,6,25,元大-四維,2023-08-24,9831
2882,國泰金,24,2,22,元大-四維,2023-08-24,9831
8112,至上,26,5,21,元大-四維,2023-08-24,9831
2727,王品,21,0,21,元大-四維,2023-08-24,9831
6282,康舒,42,22,20,元大-四維,2023-08-24,9831
6125,廣運,44,24,20,元大-四維,2023-08-24,9831
2530,華建,20,0,20,元大-四維,2023-08-24,9831
8105,凌巨,21,2,19,元大-四維,2023-08-24,9831
2388,威盛,28,10,18,元大-四維,2023-08-24,9831
00632R,元大台灣50反1,38,20,18,元大-四維,2023-08-24,9831
6669,緯穎,25,8,17,元大-四維,2023-08-24,9831
2880,華南金,18,1,17,元大-四維,2023-08-24,9831
3013,晟銘電,59,42,17,元大-四維,2023-08-24,9831
1314,中石化,26,10,16,元大-四維,2023-08-24,9831
3163,波若威,38,22,16,元大-四維,2023-08-24,9831
2014,中鴻,15,0,15,元大-四維,2023-08-24,9831
1532,勤美,15,0,15,元大-四維,2023-08-24,9831
6469,大樹,14,0,14,元大-四維,2023-08-24,9831
6531,愛普*,20,6,14,元大-四維,2023-08-24,9831
2374,佳能,25,12,13,元大-四維,2023-08-24,9831
3567,逸昌,13,0,13,元大-四維,2023-08-24,9831
2845,遠東銀,25,12,13,元大-四維,2023-08-24,9831
5465,富驊,12,0,12,元大-四維,2023-08-24,9831
5508,永信建,12,0,12,元大-四維,2023-08-24,9831
8234,新漢,13,1,12,元大-四維,2023-08-24,9831
2356,英業達,115,103,12,元大-四維,2023-08-24,9831
6231,系微,13,2,11,元大-四維,2023-08-24,9831
4968,立積,11,0,11,元大-四維,2023-08-24,9831
1409,新纖,11,0,11,元大-四維,2023-08-24,9831
00923,群益台ESG低碳50,24,13,11,元大-四維,2023-08-24,9831
5381,合正,13,2,11,元大-四維,2023-08-24,9831
1101,台泥,12,2,10,元大-四維,2023-08-24,9831
8936,國統,10,0,10,元大-四維,2023-08-24,9831
00878,國泰永續高股息,305,13,292,元大-四維,2023-08-25,9831
3231,緯創,308,56,252,元大-四維,2023-08-25,9831
00929,復華台灣科技優息,241,17,224,元大-四維,2023-08-25,9831
00919,群益台灣精選高息,191,10,181,元大-四維,2023-08-25,9831
3037,欣興,77,4,73,元大-四維,2023-08-25,9831
2618,長榮航,82,17,65,元大-四維,2023-08-25,9831
2377,微星,60,0,60,元大-四維,2023-08-25,9831
2382,廣達,89,32,57,元大-四維,2023-08-25,9831
2303,聯電,61,13,48,元大-四維,2023-08-25,9831
3444,利機,49,1,48,元大-四維,2023-08-25,9831
2002,中鋼,44,1,43,元大-四維,2023-08-25,9831
2610,華航,62,20,42,元大-四維,2023-08-25,9831
00923,群益台ESG低碳50,41,0,41,元大-四維,2023-08-25,9831
2537,聯上發,40,0,40,元大-四維,2023-08-25,9831
2206,三陽工業,42,4,38,元大-四維,2023-08-25,9831
2356,英業達,47,11,36,元大-四維,2023-08-25,9831
2317,鴻海,36,4,32,元大-四維,2023-08-25,9831
00922,國泰台灣領袖50,31,0,31,元大-四維,2023-08-25,9831
9950,萬國通,28,0,28,元大-四維,2023-08-25,9831
2485,兆赫,106,79,27,元大-四維,2023-08-25,9831
2208,台船,30,3,27,元大-四維,2023-08-25,9831
00679B,元大美債20年,27,1,26,元大-四維,2023-08-25,9831
0056,元大高股息,34,9,25,元大-四維,2023-08-25,9831
2374,佳能,23,0,23,元大-四維,2023-08-25,9831
2884,玉山金,22,0,22,元大-四維,2023-08-25,9831
5403,中菲,20,0,20,元大-四維,2023-08-25,9831
2838,聯邦銀,20,0,20,元大-四維,2023-08-25,9831
3712,永崴投控,20,0,20,元大-四維,2023-08-25,9831
2363,矽統,134,114,20,元大-四維,2023-08-25,9831
4909,新復興,20,0,20,元大-四維,2023-08-25,9831
00915,凱基優選高股息30,19,0,19,元大-四維,2023-08-25,9831
6669,緯穎,20,2,18,元大-四維,2023-08-25,9831
2891,中信金,18,1,17,元大-四維,2023-08-25,9831
2329,華泰,63,46,17,元大-四維,2023-08-25,9831
4129,聯合,17,0,17,元大-四維,2023-08-25,9831
3017,奇鋐,20,3,17,元大-四維,2023-08-25,9831
3714,富采,16,0,16,元大-四維,2023-08-25,9831
6188,廣明,16,1,15,元大-四維,2023-08-25,9831
1301,台塑,15,0,15,元大-四維,2023-08-25,9831
00712,復華富時不動產,15,0,15,元大-四維,2023-08-25,9831
2905,三商,14,0,14,元大-四維,2023-08-25,9831
3051,力特,13,0,13,元大-四維,2023-08-25,9831
00881,國泰台灣5G+,14,1,13,元大-四維,2023-08-25,9831
2301,光寶科,19,7,12,元大-四維,2023-08-25,9831
2606,裕民,12,0,12,元大-四維,2023-08-25,9831
2834,臺企銀,19,7,12,元大-四維,2023-08-25,9831
3081,聯亞,12,0,12,元大-四維,2023-08-25,9831
3324,雙鴻,11,0,11,元大-四維,2023-08-25,9831
00892,富邦台灣半導體,10,0,10,元大-四維,2023-08-25,9831
2323,中環,12,2,10,元大-四維,2023-08-25,9831
00929,復華台灣科技優息,203,0,203,元大-四維,2023-08-28,9831
2618,長榮航,224,36,188,元大-四維,2023-08-28,9831
2610,華航,168,7,161,元大-四維,2023-08-28,9831
00878,國泰永續高股息,95,16,79,元大-四維,2023-08-28,9831
6443,元晶,56,1,55,元大-四維,2023-08-28,9831
4906,正文,142,88,54,元大-四維,2023-08-28,9831
00902,中信電池及儲能,50,0,50,元大-四維,2023-08-28,9831
1445,大宇,50,0,50,元大-四維,2023-08-28,9831
2331,精英,88,47,41,元大-四維,2023-08-28,9831
2727,王品,40,0,40,元大-四維,2023-08-28,9831
3231,緯創,268,228,40,元大-四維,2023-08-28,9831
2887,台新金,35,0,35,元大-四維,2023-08-28,9831
2633,台灣高鐵,33,0,33,元大-四維,2023-08-28,9831
2449,京元電子,84,52,32,元大-四維,2023-08-28,9831
2388,威盛,49,19,30,元大-四維,2023-08-28,9831
00752,中信中國50,30,0,30,元大-四維,2023-08-28,9831
2897,王道銀行,30,1,29,元大-四維,2023-08-28,9831
6223,旺矽,32,3,29,元大-四維,2023-08-28,9831
2371,大同,32,4,28,元大-四維,2023-08-28,9831
8150,南茂,35,7,28,元大-四維,2023-08-28,9831
2401,凌陽,28,1,27,元大-四維,2023-08-28,9831
3628,盈正,26,0,26,元大-四維,2023-08-28,9831
3714,富采,25,0,25,元大-四維,2023-08-28,9831
2329,華泰,75,51,24,元大-四維,2023-08-28,9831
3308,聯德,31,8,23,元大-四維,2023-08-28,9831
9907,統一實,22,0,22,元大-四維,2023-08-28,9831
3265,台星科,21,0,21,元大-四維,2023-08-28,9831
2516,新建,21,0,21,元大-四維,2023-08-28,9831
3324,雙鴻,21,0,21,元大-四維,2023-08-28,9831
00724B,群益投資級金融債,20,0,20,元大-四維,2023-08-28,9831
2355,敬鵬,23,3,20,元大-四維,2023-08-28,9831
8215,明基材,20,0,20,元大-四維,2023-08-28,9831
2006,東和鋼鐵,20,0,20,元大-四維,2023-08-28,9831
2606,裕民,31,11,20,元大-四維,2023-08-28,9831
5508,永信建,20,0,20,元大-四維,2023-08-28,9831
2353,宏��,54,35,19,元大-四維,2023-08-28,9831
2208,台船,24,5,19,元大-四維,2023-08-28,9831
00919,群益台灣精選高息,20,2,18,元大-四維,2023-08-28,9831
1737,臺鹽,28,11,17,元大-四維,2023-08-28,9831
1101,台泥,16,0,16,元大-四維,2023-08-28,9831
3444,利機,15,0,15,元大-四維,2023-08-28,9831
2382,廣達,64,49,15,元大-四維,2023-08-28,9831
3078,僑威,14,0,14,元大-四維,2023-08-28,9831
3481,群創,23,10,13,元大-四維,2023-08-28,9831
2352,佳世達,17,4,13,元大-四維,2023-08-28,9831
0056,元大高股息,14,2,12,元大-四維,2023-08-28,9831
3576,聯合再生,11,0,11,元大-四維,2023-08-28,9831
2312,金寶,14,3,11,元大-四維,2023-08-28,9831
2022,聚亨,15,4,11,元大-四維,2023-08-28,9831
2880,華南金,10,0,10,元大-四維,2023-08-28,9831
00929,復華台灣科技優息,520,10,510,元大-四維,2023-08-29,9831
2303,聯電,509,4,505,元大-四維,2023-08-29,9831
3481,群創,71,5,66,元大-四維,2023-08-29,9831
8927,北基,63,2,61,元大-四維,2023-08-29,9831
00885,富邦越南,56,3,53,元大-四維,2023-08-29,9831
1409,新纖,52,0,52,元大-四維,2023-08-29,9831
2363,矽統,326,283,43,元大-四維,2023-08-29,9831
2834,臺企銀,42,0,42,元大-四維,2023-08-29,9831
5880,合庫金,30,0,30,元大-四維,2023-08-29,9831
2405,輔信,31,1,30,元大-四維,2023-08-29,9831
2014,中鴻,29,0,29,元大-四維,2023-08-29,9831
2634,漢翔,49,21,28,元大-四維,2023-08-29,9831
2312,金寶,37,13,24,元大-四維,2023-08-29,9831
2002,中鋼,32,8,24,元大-四維,2023-08-29,9831
6223,旺矽,28,6,22,元大-四維,2023-08-29,9831
2890,永豐金,20,0,20,元大-四維,2023-08-29,9831
3444,利機,20,0,20,元大-四維,2023-08-29,9831
2356,英業達,48,28,20,元大-四維,2023-08-29,9831
2323,中環,23,3,20,元大-四維,2023-08-29,9831
2023,燁輝,19,0,19,元大-四維,2023-08-29,9831
3706,神達,20,3,17,元大-四維,2023-08-29,9831
2610,華航,25,9,16,元大-四維,2023-08-29,9831
2329,華泰,59,43,16,元大-四維,2023-08-29,9831
9906,欣巴巴,16,0,16,元大-四維,2023-08-29,9831
6191,精成科,17,2,15,元大-四維,2023-08-29,9831
8433,弘帆,12,0,12,元大-四維,2023-08-29,9831
3580,友威科,11,0,11,元大-四維,2023-08-29,9831
6274,台燿,19,8,11,元大-四維,2023-08-29,9831
2838,聯邦銀,10,0,10,元大-四維,2023-08-29,9831
2426,鼎元,10,0,10,元大-四維,2023-08-29,9831
1303,南亞,10,0,10,元大-四維,2023-08-29,9831
00671R,富邦NASDAQ反1,10,0,10,元大-四維,2023-08-29,9831
9921,巨大,11,1,10,元大-四維,2023-08-29,9831
1905,華紙,16,7,9,元大-四維,2023-08-29,9831
00632R,元大台灣50反1,9,0,9,元大-四維,2023-08-29,9831
00878,國泰永續高股息,22,13,9,元大-四維,2023-08-29,9831
2905,三商,8,0,8,元大-四維,2023-08-29,9831
3236,千如,8,0,8,元大-四維,2023-08-29,9831
3035,智原,18,10,8,元大-四維,2023-08-29,9831
2867,三商壽,10,3,7,元大-四維,2023-08-29,9831
2605,新興,10,4,6,元大-四維,2023-08-29,9831
00724B,群益投資級金融債,6,0,6,元大-四維,2023-08-29,9831
6443,元晶,17,11,6,元大-四維,2023-08-29,9831
3044,健鼎,7,1,6,元大-四維,2023-08-29,9831
2618,長榮航,30,24,6,元大-四維,2023-08-29,9831
6235,華孚,21,15,6,元大-四維,2023-08-29,9831
2368,金像電,16,10,6,元大-四維,2023-08-29,9831
9945,潤泰新,6,0,6,元大-四維,2023-08-29,9831
4130,健亞,5,0,5,元大-四維,2023-08-29,9831
4533,協易機,5,0,5,元大-四維,2023-08-29,9831
2891,中信金,180,1,179,元大-四維,2023-08-30,9831
2892,第一金,132,0,132,元大-四維,2023-08-30,9831
3481,群創,129,2,127,元大-四維,2023-08-30,9831
3715,定穎投控,136,39,97,元大-四維,2023-08-30,9831
2485,兆赫,119,32,87,元大-四維,2023-08-30,9831
2618,長榮航,90,27,63,元大-四維,2023-08-30,9831
6223,旺矽,64,3,61,元大-四維,2023-08-30,9831
2331,精英,70,21,49,元大-四維,2023-08-30,9831
1905,華紙,54,7,47,元大-四維,2023-08-30,9831
2834,臺企銀,62,20,42,元大-四維,2023-08-30,9831
3257,虹冠電,42,2,40,元大-四維,2023-08-30,9831
2838,聯邦銀,35,0,35,元大-四維,2023-08-30,9831
5009,榮剛,51,18,33,元大-四維,2023-08-30,9831
00637L,元大滬深300正2,40,11,29,元大-四維,2023-08-30,9831
0056,元大高股息,31,3,28,元大-四維,2023-08-30,9831
3380,明泰,27,0,27,元大-四維,2023-08-30,9831
5425,台半,36,12,24,元大-四維,2023-08-30,9831
00632R,元大台灣50反1,21,0,21,元大-四維,2023-08-30,9831
2101,南港,20,0,20,元大-四維,2023-08-30,9831
5225,東科-KY,23,3,20,元大-四維,2023-08-30,9831
2890,永豐金,20,1,19,元大-四維,2023-08-30,9831
3176,基亞,30,11,19,元大-四維,2023-08-30,9831
2352,佳世達,21,2,19,元大-四維,2023-08-30,9831
2609,陽明,28,10,18,元大-四維,2023-08-30,9831
5608,四維航,19,1,18,元大-四維,2023-08-30,9831
6282,康舒,19,1,18,元大-四維,2023-08-30,9831
3325,旭品,28,10,18,元大-四維,2023-08-30,9831
2301,光寶科,29,12,17,元大-四維,2023-08-30,9831
2801,彰銀,16,0,16,元大-四維,2023-08-30,9831
2610,華航,154,138,16,元大-四維,2023-08-30,9831
2002,中鋼,13,0,13,元大-四維,2023-08-30,9831
5347,世界,30,18,12,元大-四維,2023-08-30,9831
2419,仲琦,14,2,12,元大-四維,2023-08-30,9831
2538,基泰,12,0,12,元大-四維,2023-08-30,9831
4916,事欣科,12,0,12,元大-四維,2023-08-30,9831
3706,神達,15,4,11,元大-四維,2023-08-30,9831
1568,倉佑,14,3,11,元大-四維,2023-08-30,9831
1304,台聚,12,1,11,元大-四維,2023-08-30,9831
2882,國泰金,12,1,11,元大-四維,2023-08-30,9831
00671R,富邦NASDAQ反1,10,0,10,元大-四維,2023-08-30,9831
1101,台泥,12,2,10,元大-四維,2023-08-30,9831
3088,艾訊,10,0,10,元大-四維,2023-08-30,9831
00713,元大台灣高息低波,11,2,9,元大-四維,2023-08-30,9831
1605,華新,18,9,9,元大-四維,2023-08-30,9831
3444,利機,10,1,9,元大-四維,2023-08-30,9831
6469,大樹,10,1,9,元大-四維,2023-08-30,9831
2481,強茂,9,1,8,元大-四維,2023-08-30,9831
1802,台玻,39,31,8,元大-四維,2023-08-30,9831
3311,閎暉,8,0,8,元大-四維,2023-08-30,9831
3051,力特,12,4,8,元大-四維,2023-08-30,9831
00715L,期街口布蘭特正2,178,0,178,元大-四維,2023-08-31,9831
00680L,元大美債20正2,102,0,102,元大-四維,2023-08-31,9831
00885,富邦越南,100,6,94,元大-四維,2023-08-31,9831
6126,信音,78,0,78,元大-四維,2023-08-31,9831
2352,佳世達,77,0,77,元大-四維,2023-08-31,9831
4967,十銓,95,19,76,元大-四維,2023-08-31,9831
1802,台玻,98,30,68,元大-四維,2023-08-31,9831
9919,康那香,51,0,51,元大-四維,2023-08-31,9831
2367,燿華,63,13,50,元大-四維,2023-08-31,9831
2634,漢翔,68,18,50,元大-四維,2023-08-31,9831
2610,華航,57,11,46,元大-四維,2023-08-31,9831
1905,華紙,48,2,46,元大-四維,2023-08-31,9831
2618,長榮航,49,5,44,元大-四維,2023-08-31,9831
4915,致伸,51,10,41,元大-四維,2023-08-31,9831
5880,合庫金,36,0,36,元大-四維,2023-08-31,9831
2880,華南金,31,0,31,元大-四維,2023-08-31,9831
3006,晶豪科,32,1,31,元大-四維,2023-08-31,9831
00655L,國泰中國A50正2,30,0,30,元大-四維,2023-08-31,9831
2530,華建,30,0,30,元大-四維,2023-08-31,9831
00919,群益台灣精選高息,29,1,28,元大-四維,2023-08-31,9831
3481,群創,29,2,27,元大-四維,2023-08-31,9831
3325,旭品,29,4,25,元大-四維,2023-08-31,9831
2633,台灣高鐵,23,0,23,元大-四維,2023-08-31,9831
2303,聯電,42,19,23,元大-四維,2023-08-31,9831
6244,茂迪,23,0,23,元大-四維,2023-08-31,9831
3017,奇鋐,24,1,23,元大-四維,2023-08-31,9831
2834,臺企銀,26,3,23,元大-四維,2023-08-31,9831
5347,世界,26,5,21,元大-四維,2023-08-31,9831
2101,南港,21,0,21,元大-四維,2023-08-31,9831
00632R,元大台灣50反1,20,0,20,元大-四維,2023-08-31,9831
2838,聯邦銀,20,0,20,元大-四維,2023-08-31,9831
00637L,元大滬深300正2,19,0,19,元大-四維,2023-08-31,9831
2371,大同,20,2,18,元大-四維,2023-08-31,9831
2376,技嘉,28,11,17,元大-四維,2023-08-31,9831
00882,中信中國高股息,16,0,16,元大-四維,2023-08-31,9831
8358,金居,46,31,15,元大-四維,2023-08-31,9831
2886,兆豐金,15,0,15,元大-四維,2023-08-31,9831
2845,遠東銀,15,0,15,元大-四維,2023-08-31,9831
4147,中裕,37,22,15,元大-四維,2023-08-31,9831
6223,旺矽,15,0,15,元大-四維,2023-08-31,9831
1301,台塑,15,0,15,元大-四維,2023-08-31,9831
00888,永豐台灣ESG,14,0,14,元大-四維,2023-08-31,9831
2457,飛宏,32,18,14,元大-四維,2023-08-31,9831
00878,國泰永續高股息,30,16,14,元大-四維,2023-08-31,9831
4167,松瑞藥,42,29,13,元大-四維,2023-08-31,9831
2002,中鋼,20,7,13,元大-四維,2023-08-31,9831
2891,中信金,16,4,12,元大-四維,2023-08-31,9831
8926,台汽電,12,0,12,元大-四維,2023-08-31,9831
2867,三商壽,12,0,12,元大-四維,2023-08-31,9831
2892,第一金,11,0,11,元大-四維,2023-08-31,9831
00929,復華台灣科技優息,169,4,165,元大-四維,2023-09-01,9831
00919,群益台灣精選高息,157,0,157,元大-四維,2023-09-01,9831
2303,聯電,78,14,64,元大-四維,2023-09-01,9831
3231,緯創,690,629,61,元大-四維,2023-09-01,9831
00932,兆豐永續高息等權,56,0,56,元大-四維,2023-09-01,9831
1326,台化,52,2,50,元大-四維,2023-09-01,9831
2329,華泰,84,37,47,元大-四維,2023-09-01,9831
2382,廣達,59,12,47,元大-四維,2023-09-01,9831
1522,堤維西,63,17,46,元大-四維,2023-09-01,9831
2356,英業達,66,21,45,元大-四維,2023-09-01,9831
3037,欣興,52,8,44,元大-四維,2023-09-01,9831
1444,力麗,36,0,36,元大-四維,2023-09-01,9831
3380,明泰,33,0,33,元大-四維,2023-09-01,9831
2891,中信金,31,0,31,元大-四維,2023-09-01,9831
00878,國泰永續高股息,35,8,27,元大-四維,2023-09-01,9831
2392,正崴,26,0,26,元大-四維,2023-09-01,9831
2027,大成鋼,27,1,26,元大-四維,2023-09-01,9831
2376,技嘉,34,8,26,元大-四維,2023-09-01,9831
4909,新復興,30,8,22,元大-四維,2023-09-01,9831
2353,宏��,21,0,21,元大-四維,2023-09-01,9831
6205,詮欣,21,0,21,元大-四維,2023-09-01,9831
3308,聯德,53,33,20,元大-四維,2023-09-01,9831
2838,聯邦銀,20,0,20,元大-四維,2023-09-01,9831
2606,裕民,20,1,19,元大-四維,2023-09-01,9831
3444,利機,24,5,19,元大-四維,2023-09-01,9831
3706,神達,24,5,19,元大-四維,2023-09-01,9831
00915,凱基優選高股息30,17,0,17,元大-四維,2023-09-01,9831
2402,毅嘉,99,82,17,元大-四維,2023-09-01,9831
6191,精成科,16,0,16,元大-四維,2023-09-01,9831
6235,華孚,19,3,16,元大-四維,2023-09-01,9831
2457,飛宏,18,3,15,元大-四維,2023-09-01,9831
2485,兆赫,74,60,14,元大-四維,2023-09-01,9831
6592B,和潤企業乙特,15,1,14,元大-四維,2023-09-01,9831
5469,瀚宇博,16,2,14,元大-四維,2023-09-01,9831
2401,凌陽,13,0,13,元大-四維,2023-09-01,9831
2834,臺企銀,17,4,13,元大-四維,2023-09-01,9831
8358,金居,17,4,13,元大-四維,2023-09-01,9831
2615,萬海,12,0,12,元大-四維,2023-09-01,9831
00673R,期元大S＆P原油反1,42,30,12,元大-四維,2023-09-01,9831
2399,映泰,18,6,12,元大-四維,2023-09-01,9831
9921,巨大,12,0,12,元大-四維,2023-09-01,9831
2603,長榮,34,22,12,元大-四維,2023-09-01,9831
2618,長榮航,115,103,12,元大-四維,2023-09-01,9831
6531,愛普*,12,1,11,元大-四維,2023-09-01,9831
3324,雙鴻,24,13,11,元大-四維,2023-09-01,9831
2472,立隆電,11,0,11,元大-四維,2023-09-01,9831
1514,亞力,11,1,10,元大-四維,2023-09-01,9831
6112,邁達特,11,1,10,元大-四維,2023-09-01,9831
6125,廣運,13,3,10,元大-四維,2023-09-01,9831
2442,新美齊,10,0,10,元大-四維,2023-09-01,9831
00680L,元大美債20正2,105,0,105,元大-四維,2023-09-04,9831
00632R,元大台灣50反1,107,2,105,元大-四維,2023-09-04,9831
2363,矽統,141,49,92,元大-四維,2023-09-04,9831
1802,台玻,146,63,83,元大-四維,2023-09-04,9831
2324,仁寶,84,2,82,元大-四維,2023-09-04,9831
2027,大成鋼,62,2,60,元大-四維,2023-09-04,9831
3264,欣銓,53,0,53,元大-四維,2023-09-04,9831
5009,榮剛,57,16,41,元大-四維,2023-09-04,9831
2409,友達,44,4,40,元大-四維,2023-09-04,9831
2340,台亞,39,0,39,元大-四維,2023-09-04,9831
1809,中釉,38,0,38,元大-四維,2023-09-04,9831
6223,旺矽,39,1,38,元大-四維,2023-09-04,9831
00713,元大台灣高息低波,37,0,37,元大-四維,2023-09-04,9831
9906,欣巴巴,37,0,37,元大-四維,2023-09-04,9831
3481,群創,51,14,37,元大-四維,2023-09-04,9831
00919,群益台灣精選高息,36,1,35,元大-四維,2023-09-04,9831
1217,愛之味,35,0,35,元大-四維,2023-09-04,9831
1608,華榮,30,0,30,元大-四維,2023-09-04,9831
00921,兆豐龍頭等權重,30,0,30,元大-四維,2023-09-04,9831
2329,華泰,57,29,28,元大-四維,2023-09-04,9831
2006,東和鋼鐵,27,0,27,元大-四維,2023-09-04,9831
2458,義隆,30,3,27,元大-四維,2023-09-04,9831
3105,穩懋,43,17,26,元大-四維,2023-09-04,9831
2376,技嘉,26,3,23,元大-四維,2023-09-04,9831
2881,富邦金,24,1,23,元大-四維,2023-09-04,9831
00679B,元大美債20年,22,0,22,元大-四維,2023-09-04,9831
2371,大同,36,14,22,元大-四維,2023-09-04,9831
6173,信昌電,30,8,22,元大-四維,2023-09-04,9831
2611,志信,20,0,20,元大-四維,2023-09-04,9831
6191,精成科,20,0,20,元大-四維,2023-09-04,9831
2915,潤泰全,20,0,20,元大-四維,2023-09-04,9831
1312,國喬,20,0,20,元大-四維,2023-09-04,9831
2727,王品,20,1,19,元大-四維,2023-09-04,9831
9802,鈺齊-KY,20,1,19,元大-四維,2023-09-04,9831
00923,群益台ESG低碳50,22,3,19,元大-四維,2023-09-04,9831
2374,佳能,27,9,18,元大-四維,2023-09-04,9831
00720B,元大投資級公司債,17,1,16,元大-四維,2023-09-04,9831
8085,福華,20,4,16,元大-四維,2023-09-04,9831
2002,中鋼,25,9,16,元大-四維,2023-09-04,9831
00915,凱基優選高股息30,16,0,16,元大-四維,2023-09-04,9831
6185,幃翔,15,0,15,元大-四維,2023-09-04,9831
2201,裕隆,28,14,14,元大-四維,2023-09-04,9831
00715L,期街口布蘭特正2,15,1,14,元大-四維,2023-09-04,9831
00751B,元大AAA至A公司債,12,0,12,元大-四維,2023-09-04,9831
00773B,中信優先金融債,12,0,12,元大-四維,2023-09-04,9831
2633,台灣高鐵,12,0,12,元大-四維,2023-09-04,9831
00931B,統一美債20年,16,4,12,元大-四維,2023-09-04,9831
1444,力麗,16,4,12,元大-四維,2023-09-04,9831
1734,杏輝,11,0,11,元大-四維,2023-09-04,9831
5608,四維航,12,1,11,元大-四維,2023-09-04,9831
00929,復華台灣科技優息,291,143,148,元大-四維,2023-09-05,9831
00919,群益台灣精選高息,141,12,129,元大-四維,2023-09-05,9831
00878,國泰永續高股息,160,39,121,元大-四維,2023-09-05,9831
00680L,元大美債20正2,101,0,101,元大-四維,2023-09-05,9831
2610,華航,137,57,80,元大-四維,2023-09-05,9831
2537,聯上發,74,0,74,元大-四維,2023-09-05,9831
1609,大亞,75,5,70,元大-四維,2023-09-05,9831
3481,群創,69,0,69,元大-四維,2023-09-05,9831
2312,金寶,63,6,57,元大-四維,2023-09-05,9831
3715,定穎投控,76,27,49,元大-四維,2023-09-05,9831
3231,緯創,78,35,43,元大-四維,2023-09-05,9831
3484,崧騰,41,0,41,元大-四維,2023-09-05,9831
4174,浩鼎,40,0,40,元大-四維,2023-09-05,9831
6531,愛普*,55,19,36,元大-四維,2023-09-05,9831
2618,長榮航,37,2,35,元大-四維,2023-09-05,9831
1445,大宇,31,0,31,元大-四維,2023-09-05,9831
00900,富邦特選高股息30,31,0,31,元大-四維,2023-09-05,9831
9906,欣巴巴,35,7,28,元大-四維,2023-09-05,9831
3545,敦泰,52,24,28,元大-四維,2023-09-05,9831
1809,中釉,25,0,25,元大-四維,2023-09-05,9831
00715L,期街口布蘭特正2,30,5,25,元大-四維,2023-09-05,9831
00679B,元大美債20年,25,0,25,元大-四維,2023-09-05,9831
8085,福華,25,1,24,元大-四維,2023-09-05,9831
2402,毅嘉,67,46,21,元大-四維,2023-09-05,9831
2845,遠東銀,20,0,20,元大-四維,2023-09-05,9831
2838,聯邦銀,20,0,20,元大-四維,2023-09-05,9831
5608,四維航,21,2,19,元大-四維,2023-09-05,9831
8050,廣積,18,1,17,元大-四維,2023-09-05,9831
1471,首利,24,7,17,元大-四維,2023-09-05,9831
2727,王品,17,0,17,元大-四維,2023-09-05,9831
2881,富邦金,17,0,17,元大-四維,2023-09-05,9831
00795B,中信美國公債20年,16,0,16,元大-四維,2023-09-05,9831
00921,兆豐龍頭等權重,25,9,16,元大-四維,2023-09-05,9831
4102,永日,16,0,16,元大-四維,2023-09-05,9831
6235,華孚,35,20,15,元大-四維,2023-09-05,9831
3163,波若威,27,12,15,元大-四維,2023-09-05,9831
00918,大華優利高填息30,15,0,15,元大-四維,2023-09-05,9831
4167,松瑞藥,15,0,15,元大-四維,2023-09-05,9831
00650L,復華香港正2,15,0,15,元大-四維,2023-09-05,9831
2204,中華,32,18,14,元大-四維,2023-09-05,9831
2485,兆赫,30,16,14,元大-四維,2023-09-05,9831
2332,友訊,13,0,13,元大-四維,2023-09-05,9831
9802,鈺齊-KY,15,2,13,元大-四維,2023-09-05,9831
2436,偉詮電,38,25,13,元大-四維,2023-09-05,9831
1101,台泥,16,4,12,元大-四維,2023-09-05,9831
00751B,元大AAA至A公司債,12,0,12,元大-四維,2023-09-05,9831
6191,精成科,17,5,12,元大-四維,2023-09-05,9831
4155,訊映,12,0,12,元大-四維,2023-09-05,9831
6277,宏正,11,0,11,元大-四維,2023-09-05,9831
4147,中裕,11,0,11,元大-四維,2023-09-05,9831
00929,復華台灣科技優息,320,100,220,元大-四維,2023-09-06,9831
2323,中環,203,6,197,元大-四維,2023-09-06,9831
2409,友達,194,22,172,元大-四維,2023-09-06,9831
00919,群益台灣精選高息,174,11,163,元大-四維,2023-09-06,9831
00680L,元大美債20正2,112,0,112,元大-四維,2023-09-06,9831
00753L,中信中國50正2,107,0,107,元大-四維,2023-09-06,9831
3567,逸昌,81,3,78,元大-四維,2023-09-06,9831
2455,全新,81,3,78,元大-四維,2023-09-06,9831
1101,台泥,69,1,68,元大-四維,2023-09-06,9831
2881,富邦金,66,1,65,元大-四維,2023-09-06,9831
6274,台燿,96,41,55,元大-四維,2023-09-06,9831
00665L,富邦�琤肭磪囓�2,50,0,50,元大-四維,2023-09-06,9831
8210,勤誠,56,7,49,元大-四維,2023-09-06,9831
6443,元晶,52,5,47,元大-四維,2023-09-06,9831
2023,燁輝,45,0,45,元大-四維,2023-09-06,9831
2537,聯上發,43,0,43,元大-四維,2023-09-06,9831
5880,合庫金,49,7,42,元大-四維,2023-09-06,9831
2401,凌陽,53,16,37,元大-四維,2023-09-06,9831
2618,長榮航,46,9,37,元大-四維,2023-09-06,9831
1802,台玻,38,4,34,元大-四維,2023-09-06,9831
00712,復華富時不動產,42,11,31,元大-四維,2023-09-06,9831
6412,群電,29,0,29,元大-四維,2023-09-06,9831
00918,大華優利高填息30,29,0,29,元大-四維,2023-09-06,9831
2880,華南金,28,0,28,元大-四維,2023-09-06,9831
00932,兆豐永續高息等權,26,0,26,元大-四維,2023-09-06,9831
00679B,元大美債20年,24,1,23,元大-四維,2023-09-06,9831
2312,金寶,25,2,23,元大-四維,2023-09-06,9831
2363,矽統,153,130,23,元大-四維,2023-09-06,9831
2883,凱基金,26,4,22,元大-四維,2023-09-06,9831
2331,精英,29,7,22,元大-四維,2023-09-06,9831
3308,聯德,22,0,22,元大-四維,2023-09-06,9831
1217,愛之味,23,1,22,元大-四維,2023-09-06,9831
00650L,復華香港正2,20,0,20,元大-四維,2023-09-06,9831
2101,南港,20,0,20,元大-四維,2023-09-06,9831
1714,和桐,20,0,20,元大-四維,2023-09-06,9831
1337,再生-KY,20,0,20,元大-四維,2023-09-06,9831
2371,大同,32,12,20,元大-四維,2023-09-06,9831
2204,中華,25,6,19,元大-四維,2023-09-06,9831
2436,偉詮電,26,7,19,元大-四維,2023-09-06,9831
2838,聯邦銀,20,1,19,元大-四維,2023-09-06,9831
00915,凱基優選高股息30,19,0,19,元大-四維,2023-09-06,9831
2603,長榮,20,2,18,元大-四維,2023-09-06,9831
2344,華邦電,18,0,18,元大-四維,2023-09-06,9831
6167,久正,24,6,18,元大-四維,2023-09-06,9831
2888,新光金,37,19,18,元大-四維,2023-09-06,9831
5608,四維航,17,0,17,元大-四維,2023-09-06,9831
2886,兆豐金,16,0,16,元大-四維,2023-09-06,9831
2845,遠東銀,16,0,16,元大-四維,2023-09-06,9831
2904,匯僑,15,0,15,元大-四維,2023-09-06,9831
5457,宣德,18,3,15,元大-四維,2023-09-06,9831
00929,復華台灣科技優息,379,211,168,元大-四維,2023-09-07,9831
00915,凱基優選高股息30,143,0,143,元大-四維,2023-09-07,9831
00919,群益台灣精選高息,155,37,118,元大-四維,2023-09-07,9831
2838,聯邦銀,112,0,112,元大-四維,2023-09-07,9831
00932,兆豐永續高息等權,67,0,67,元大-四維,2023-09-07,9831
2460,建通,68,2,66,元大-四維,2023-09-07,9831
2313,華通,114,50,64,元大-四維,2023-09-07,9831
2618,長榮航,71,14,57,元大-四維,2023-09-07,9831
00921,兆豐龍頭等權重,52,0,52,元大-四維,2023-09-07,9831
1802,台玻,50,0,50,元大-四維,2023-09-07,9831
00918,大華優利高填息30,49,0,49,元大-四維,2023-09-07,9831
2485,兆赫,73,26,47,元大-四維,2023-09-07,9831
2606,裕民,44,0,44,元大-四維,2023-09-07,9831
2634,漢翔,45,3,42,元大-四維,2023-09-07,9831
8112,至上,59,24,35,元大-四維,2023-09-07,9831
6274,台燿,44,11,33,元大-四維,2023-09-07,9831
6205,詮欣,33,0,33,元大-四維,2023-09-07,9831
1568,倉佑,32,0,32,元大-四維,2023-09-07,9831
4906,正文,51,19,32,元大-四維,2023-09-07,9831
2458,義隆,44,12,32,元大-四維,2023-09-07,9831
2884,玉山金,53,23,30,元大-四維,2023-09-07,9831
4971,IET-KY,32,2,30,元大-四維,2023-09-07,9831
6799,來頡,27,0,27,元大-四維,2023-09-07,9831
00891,中信關鍵半導體,26,0,26,元大-四維,2023-09-07,9831
2504,國產,26,0,26,元大-四維,2023-09-07,9831
4167,松瑞藥,25,0,25,元大-四維,2023-09-07,9831
2330,台積電,27,4,23,元大-四維,2023-09-07,9831
2002,中鋼,32,8,24,元大-四維,2023-09-07,9831
2303,聯電,23,1,22,元大-四維,2023-09-07,9831
00900,富邦特選高股息30,22,1,21,元大-四維,2023-09-07,9831
2374,佳能,22,1,21,元大-四維,2023-09-07,9831
00715L,期街口布蘭特正2,21,0,21,元大-四維,2023-09-07,9831
6223,旺矽,23,2,21,元大-四維,2023-09-07,9831
020038,元大ESG配息N,20,0,20,元大-四維,2023-09-07,9831
3231,緯創,36,17,19,元大-四維,2023-09-07,9831
9933,中鼎,18,0,18,元大-四維,2023-09-07,9831
2891,中信金,16,0,16,元大-四維,2023-09-07,9831
5515,建國,16,0,16,元大-四維,2023-09-07,9831
6209,今國光,17,1,16,元大-四維,2023-09-07,9831
2352,佳世達,16,1,15,元大-四維,2023-09-07,9831
6719,力智,16,1,15,元大-四維,2023-09-07,9831
2340,台亞,16,2,14,元大-四維,2023-09-07,9831
8092,建暐,14,0,14,元大-四維,2023-09-07,9831
2332,友訊,21,7,14,元大-四維,2023-09-07,9831
6641,基士德-KY,14,0,14,元大-四維,2023-09-07,9831
8936,國統,14,0,14,元大-四維,2023-09-07,9831
1618,合機,18,5,13,元大-四維,2023-09-07,9831
2605,新興,13,0,13,元大-四維,2023-09-07,9831
3704,合勤控,40,27,13,元大-四維,2023-09-07,9831
1101,台泥,16,4,12,元大-四維,2023-09-07,9831
2409,友達,183,2,181,元大-四維,2023-09-08,9831
00715L,期街口布蘭特正2,159,2,157,元大-四維,2023-09-08,9831
00919,群益台灣精選高息,157,3,154,元大-四維,2023-09-08,9831
2618,長榮航,147,11,136,元大-四維,2023-09-08,9831
00929,復華台灣科技優息,189,103,86,元大-四維,2023-09-08,9831
2834,臺企銀,53,0,53,元大-四維,2023-09-08,9831
2329,華泰,50,3,47,元大-四維,2023-09-08,9831
2023,燁輝,44,0,44,元大-四維,2023-09-08,9831
9907,統一實,40,0,40,元大-四維,2023-09-08,9831
6274,台燿,59,24,35,元大-四維,2023-09-08,9831
00891,中信關鍵半導體,34,0,34,元大-四維,2023-09-08,9831
2363,矽統,84,53,31,元大-四維,2023-09-08,9831
2603,長榮,40,9,31,元大-四維,2023-09-08,9831
2323,中環,33,4,29,元大-四維,2023-09-08,9831
4958,臻鼎-KY,32,3,29,元大-四維,2023-09-08,9831
2330,台積電,30,3,27,元大-四維,2023-09-08,9831
4167,松瑞藥,29,2,27,元大-四維,2023-09-08,9831
2376,技嘉,38,12,26,元大-四維,2023-09-08,9831
2002,中鋼,26,0,26,元大-四維,2023-09-08,9831
2382,廣達,64,39,25,元大-四維,2023-09-08,9831
00918,大華優利高填息30,23,0,23,元大-四維,2023-09-08,9831
2402,毅嘉,47,24,23,元大-四維,2023-09-08,9831
4543,萬在,22,1,21,元大-四維,2023-09-08,9831
8070,長華*,21,0,21,元大-四維,2023-09-08,9831
8927,北基,20,0,20,元大-四維,2023-09-08,9831
00655L,國泰中國A50正2,20,0,20,元大-四維,2023-09-08,9831
2838,聯邦銀,20,0,20,元大-四維,2023-09-08,9831
3338,泰碩,25,7,18,元大-四維,2023-09-08,9831
2485,兆赫,24,6,18,元大-四維,2023-09-08,9831
00878,國泰永續高股息,18,1,17,元大-四維,2023-09-08,9831
1609,大亞,18,1,17,元大-四維,2023-09-08,9831
8112,至上,27,10,17,元大-四維,2023-09-08,9831
00881,國泰台灣5G+,16,0,16,元大-四維,2023-09-08,9831
6799,來頡,22,6,16,元大-四維,2023-09-08,9831
6147,頎邦,18,2,16,元大-四維,2023-09-08,9831
00712,復華富時不動產,20,5,15,元大-四維,2023-09-08,9831
6426,統新,17,2,15,元大-四維,2023-09-08,9831
00637L,元大滬深300正2,25,10,15,元大-四維,2023-09-08,9831
2538,基泰,15,0,15,元大-四維,2023-09-08,9831
6205,詮欣,14,0,14,元大-四維,2023-09-08,9831
00713,元大台灣高息低波,13,0,13,元大-四維,2023-09-08,9831
2419,仲琦,16,3,13,元大-四維,2023-09-08,9831
00751B,元大AAA至A公司債,12,0,12,元大-四維,2023-09-08,9831
00931B,統一美債20年,14,2,12,元大-四維,2023-09-08,9831
5880,合庫金,11,0,11,元大-四維,2023-09-08,9831
3707,漢磊,11,0,11,元大-四維,2023-09-08,9831
2442,新美齊,11,0,11,元大-四維,2023-09-08,9831
3704,合勤控,20,9,11,元大-四維,2023-09-08,9831
1339,昭輝,11,0,11,元大-四維,2023-09-08,9831
1220,台榮,10,0,10,元大-四維,2023-09-08,9831
00929,復華台灣科技優息,353,83,270,元大-四維,2023-09-11,9831
3715,定穎投控,166,14,152,元大-四維,2023-09-11,9831
00878,國泰永續高股息,281,157,124,元大-四維,2023-09-11,9831
00919,群益台灣精選高息,174,55,119,元大-四維,2023-09-11,9831
2409,友達,106,1,105,元大-四維,2023-09-11,9831
6116,彩晶,103,0,103,元大-四維,2023-09-11,9831
8033,雷虎,91,5,86,元大-四維,2023-09-11,9831
2363,矽統,137,65,72,元大-四維,2023-09-11,9831
2838,聯邦銀,60,0,60,元大-四維,2023-09-11,9831
3231,緯創,123,64,59,元大-四維,2023-09-11,9831
2834,臺企銀,52,0,52,元大-四維,2023-09-11,9831
2610,華航,54,5,49,元大-四維,2023-09-11,9831
2030,彰源,48,0,48,元大-四維,2023-09-11,9831
2634,漢翔,177,130,47,元大-四維,2023-09-11,9831
2888,新光金,47,1,46,元大-四維,2023-09-11,9831
2618,長榮航,83,38,45,元大-四維,2023-09-11,9831
00713,元大台灣高息低波,44,0,44,元大-四維,2023-09-11,9831
3481,群創,148,109,39,元大-四維,2023-09-11,9831
0056,元大高股息,45,9,36,元大-四維,2023-09-11,9831
2356,英業達,50,15,35,元大-四維,2023-09-11,9831
1339,昭輝,32,2,30,元大-四維,2023-09-11,9831
2812,台中銀,30,0,30,元大-四維,2023-09-11,9831
2301,光寶科,40,11,29,元大-四維,2023-09-11,9831
4174,浩鼎,30,1,29,元大-四維,2023-09-11,9831
2382,廣達,87,60,27,元大-四維,2023-09-11,9831
00712,復華富時不動產,25,0,25,元大-四維,2023-09-11,9831
1802,台玻,32,7,25,元大-四維,2023-09-11,9831
020038,元大ESG配息N,25,0,25,元大-四維,2023-09-11,9831
2405,輔信,85,60,25,元大-四維,2023-09-11,9831
2352,佳世達,29,5,24,元大-四維,2023-09-11,9831
00679B,元大美債20年,22,0,22,元大-四維,2023-09-11,9831
8215,明基材,21,0,21,元大-四維,2023-09-11,9831
2330,台積電,23,3,20,元大-四維,2023-09-11,9831
020028,元大特選電動車N,20,0,20,元大-四維,2023-09-11,9831
5210,寶碩,20,0,20,元大-四維,2023-09-11,9831
00932,兆豐永續高息等權,16,0,16,元大-四維,2023-09-11,9831
3260,威剛,20,4,16,元大-四維,2023-09-11,9831
2337,旺宏,93,78,15,元大-四維,2023-09-11,9831
3356,奇偶,15,0,15,元大-四維,2023-09-11,9831
6191,精成科,23,8,15,元大-四維,2023-09-11,9831
2915,潤泰全,15,0,15,元大-四維,2023-09-11,9831
6550,北極星藥業-KY,15,0,15,元大-四維,2023-09-11,9831
5483,中美晶,20,5,15,元大-四維,2023-09-11,9831
2376,技嘉,27,13,14,元大-四維,2023-09-11,9831
00900,富邦特選高股息30,14,0,14,元大-四維,2023-09-11,9831
1307,三芳,14,0,14,元大-四維,2023-09-11,9831
9906,欣巴巴,14,0,14,元大-四維,2023-09-11,9831
2002,中鋼,16,2,14,元大-四維,2023-09-11,9831
6669,緯穎,17,3,14,元大-四維,2023-09-11,9831
2884,玉山金,18,4,14,元大-四維,2023-09-11,9831
3481,群創,106,3,103,元大-四維,2023-09-12,9831
2324,仁寶,79,8,71,元大-四維,2023-09-12,9831
00919,群益台灣精選高息,84,23,61,元大-四維,2023-09-12,9831
5371,中光電,50,2,48,元大-四維,2023-09-12,9831
1316,上曜,41,0,41,元大-四維,2023-09-12,9831
1314,中石化,40,0,40,元大-四維,2023-09-12,9831
00929,復華台灣科技優息,157,118,39,元大-四維,2023-09-12,9831
2376,技嘉,43,7,36,元大-四維,2023-09-12,9831
00679B,元大美債20年,37,1,36,元大-四維,2023-09-12,9831
2409,友達,40,5,35,元大-四維,2023-09-12,9831
2913,農林,35,0,35,元大-四維,2023-09-12,9831
3545,敦泰,36,4,32,元大-四維,2023-09-12,9831
2363,矽統,98,67,31,元大-四維,2023-09-12,9831
2727,王品,31,0,31,元大-四維,2023-09-12,9831
2838,聯邦銀,30,0,30,元大-四維,2023-09-12,9831
0056,元大高股息,39,11,28,元大-四維,2023-09-12,9831
2208,台船,32,8,24,元大-四維,2023-09-12,9831
3231,緯創,52,29,23,元大-四維,2023-09-12,9831
2606,裕民,23,3,20,元大-四維,2023-09-12,9831
00655L,國泰中國A50正2,20,0,20,元大-四維,2023-09-12,9831
1609,大亞,19,0,19,元大-四維,2023-09-12,9831
00921,兆豐龍頭等權重,18,0,18,元大-四維,2023-09-12,9831
6223,旺矽,22,4,18,元大-四維,2023-09-12,9831
6282,康舒,33,16,17,元大-四維,2023-09-12,9831
3078,僑威,24,8,16,元大-四維,2023-09-12,9831
2405,輔信,48,33,15,元大-四維,2023-09-12,9831
2881,富邦金,18,3,15,元大-四維,2023-09-12,9831
6116,彩晶,15,0,15,元大-四維,2023-09-12,9831
00915,凱基優選高股息30,15,0,15,元大-四維,2023-09-12,9831
6127,九豪,15,0,15,元大-四維,2023-09-12,9831
2329,華泰,30,15,15,元大-四維,2023-09-12,9831
2915,潤泰全,14,0,14,元大-四維,2023-09-12,9831
3357,臺慶科,14,0,14,元大-四維,2023-09-12,9831
1471,首利,26,13,13,元大-四維,2023-09-12,9831
2615,萬海,12,0,12,元大-四維,2023-09-12,9831
2374,佳能,23,11,12,元大-四維,2023-09-12,9831
6188,廣明,12,0,12,元大-四維,2023-09-12,9831
00918,大華優利高填息30,12,0,12,元大-四維,2023-09-12,9831
6120,達運,30,18,12,元大-四維,2023-09-12,9831
6187,萬潤,12,0,12,元大-四維,2023-09-12,9831
2002,中鋼,11,0,11,元大-四維,2023-09-12,9831
2332,友訊,33,22,11,元大-四維,2023-09-12,9831
2308,台達電,10,0,10,元大-四維,2023-09-12,9831
00673R,期元大S＆P原油反1,10,0,10,元大-四維,2023-09-12,9831
1337,再生-KY,10,0,10,元大-四維,2023-09-12,9831
8403,盛弘,10,0,10,元大-四維,2023-09-12,9831
6770,力積電,10,0,10,元大-四維,2023-09-12,9831
8027,鈦昇,10,0,10,元大-四維,2023-09-12,9831
8222,寶一,11,1,10,元大-四維,2023-09-12,9831
3017,奇鋐,11,2,9,元大-四維,2023-09-12,9831
00715L,期街口布蘭特正2,206,22,184,元大-四維,2023-09-13,9831
00929,復華台灣科技優息,159,38,121,元大-四維,2023-09-13,9831
4915,致伸,113,10,103,元大-四維,2023-09-13,9831
2324,仁寶,88,0,88,元大-四維,2023-09-13,9831
00919,群益台灣精選高息,86,0,86,元大-四維,2023-09-13,9831
9802,鈺齊-KY,65,0,65,元大-四維,2023-09-13,9831
2838,聯邦銀,63,0,63,元大-四維,2023-09-13,9831
3481,群創,69,6,63,元大-四維,2023-09-13,9831
2618,長榮航,49,4,45,元大-四維,2023-09-13,9831
3711,日月光投控,47,7,40,元大-四維,2023-09-13,9831
00655L,國泰中國A50正2,40,0,40,元大-四維,2023-09-13,9831
2340,台亞,48,16,32,元大-四維,2023-09-13,9831
2634,漢翔,31,5,26,元大-四維,2023-09-13,9831
2606,裕民,25,1,24,元大-四維,2023-09-13,9831
2537,聯上發,23,0,23,元大-四維,2023-09-13,9831
8150,南茂,25,2,23,元大-四維,2023-09-13,9831
2897,王道銀行,20,0,20,元大-四維,2023-09-13,9831
2025,千興,20,0,20,元大-四維,2023-09-13,9831
6288,聯嘉,25,7,18,元大-四維,2023-09-13,9831
5347,世界,31,13,18,元大-四維,2023-09-13,9831
00932,兆豐永續高息等權,17,0,17,元大-四維,2023-09-13,9831
4119,旭富,16,0,16,元大-四維,2023-09-13,9831
00679B,元大美債20年,15,0,15,元大-四維,2023-09-13,9831
6116,彩晶,15,0,15,元大-四維,2023-09-13,9831
3032,偉訓,17,2,15,元大-四維,2023-09-13,9831
2374,佳能,19,4,15,元大-四維,2023-09-13,9831
3037,欣興,17,3,14,元大-四維,2023-09-13,9831
2603,長榮,22,8,14,元大-四維,2023-09-13,9831
2312,金寶,15,1,14,元大-四維,2023-09-13,9831
00712,復華富時不動產,14,0,14,元大-四維,2023-09-13,9831
2301,光寶科,17,4,13,元大-四維,2023-09-13,9831
2402,毅嘉,73,61,12,元大-四維,2023-09-13,9831
3706,神達,13,1,12,元大-四維,2023-09-13,9831
2801,彰銀,12,0,12,元大-四維,2023-09-13,9831
0056,元大高股息,13,2,11,元大-四維,2023-09-13,9831
2405,輔信,14,3,11,元大-四維,2023-09-13,9831
1217,愛之味,11,0,11,元大-四維,2023-09-13,9831
2323,中環,23,12,11,元大-四維,2023-09-13,9831
6187,萬潤,11,1,10,元大-四維,2023-09-13,9831
9921,巨大,10,0,10,元大-四維,2023-09-13,9831
1447,力鵬,10,0,10,元大-四維,2023-09-13,9831
2208,台船,20,10,10,元大-四維,2023-09-13,9831
1524,耿鼎,54,44,10,元大-四維,2023-09-13,9831
2845,遠東銀,10,0,10,元大-四維,2023-09-13,9831
2812,台中銀,10,0,10,元大-四維,2023-09-13,9831
2332,友訊,20,10,10,元大-四維,2023-09-13,9831
9906,欣巴巴,10,0,10,元大-四維,2023-09-13,9831
2314,台揚,10,0,10,元大-四維,2023-09-13,9831
2201,裕隆,11,1,10,元大-四維,2023-09-13,9831
3231,緯創,29,20,9,元大-四維,2023-09-13,9831
2891,中信金,360,24,336,元大-四維,2023-09-14,9831
00929,復華台灣科技優息,348,194,154,元大-四維,2023-09-14,9831
2618,長榮航,131,10,121,元大-四維,2023-09-14,9831
4979,華星光,89,20,69,元大-四維,2023-09-14,9831
2208,台船,62,7,55,元大-四維,2023-09-14,9831
2486,一詮,115,61,54,元大-四維,2023-09-14,9831
00900,富邦特選高股息30,52,4,48,元大-四維,2023-09-14,9831
2610,華航,45,7,38,元大-四維,2023-09-14,9831
3231,緯創,79,42,37,元大-四維,2023-09-14,9831
1314,中石化,60,25,35,元大-四維,2023-09-14,9831
3322,建舜電,32,0,32,元大-四維,2023-09-14,9831
00715L,期街口布蘭特正2,29,0,29,元大-四維,2023-09-14,9831
2332,友訊,56,32,24,元大-四維,2023-09-14,9831
2538,基泰,26,2,24,元大-四維,2023-09-14,9831
4147,中裕,24,1,23,元大-四維,2023-09-14,9831
1522,堤維西,106,85,21,元大-四維,2023-09-14,9831
2546,根基,20,0,20,元大-四維,2023-09-14,9831
9906,欣巴巴,20,0,20,元大-四維,2023-09-14,9831
2344,華邦電,33,13,20,元大-四維,2023-09-14,9831
5210,寶碩,19,0,19,元大-四維,2023-09-14,9831
00637L,元大滬深300正2,21,3,18,元大-四維,2023-09-14,9831
2323,中環,26,8,18,元大-四維,2023-09-14,9831
8112,至上,26,8,18,元大-四維,2023-09-14,9831
2356,英業達,43,25,18,元大-四維,2023-09-14,9831
8150,南茂,15,0,15,元大-四維,2023-09-14,9831
4906,正文,36,22,14,元大-四維,2023-09-14,9831
8908,欣雄,13,0,13,元大-四維,2023-09-14,9831
2485,兆赫,38,25,13,元大-四維,2023-09-14,9831
6125,廣運,15,3,12,元大-四維,2023-09-14,9831
2206,三陽工業,14,2,12,元大-四維,2023-09-14,9831
2340,台亞,47,35,12,元大-四維,2023-09-14,9831
00679B,元大美債20年,11,0,11,元大-四維,2023-09-14,9831
1301,台塑,21,10,11,元大-四維,2023-09-14,9831
2838,聯邦銀,11,0,11,元大-四維,2023-09-14,9831
3380,明泰,32,21,11,元大-四維,2023-09-14,9831
2641,正德,12,1,11,元大-四維,2023-09-14,9831
3260,威剛,26,16,10,元大-四維,2023-09-14,9831
00722B,群益投資級電信債,10,0,10,元大-四維,2023-09-14,9831
2023,燁輝,10,0,10,元大-四維,2023-09-14,9831
8092,建暐,10,0,10,元大-四維,2023-09-14,9831
6592,和潤企業,10,0,10,元大-四維,2023-09-14,9831
6790,永豐實,10,0,10,元大-四維,2023-09-14,9831
5439,高技,10,0,10,元大-四維,2023-09-14,9831
6288,聯嘉,10,1,9,元大-四維,2023-09-14,9831
1713,國化,9,0,9,元大-四維,2023-09-14,9831
4967,十銓,14,5,9,元大-四維,2023-09-14,9831
00931B,統一美債20年,11,2,9,元大-四維,2023-09-14,9831
00915,凱基優選高股息30,9,0,9,元大-四維,2023-09-14,9831
5426,振發,14,5,9,元大-四維,2023-09-14,9831
00650L,復華香港正2,10,2,8,元大-四維,2023-09-14,9831
00929,復華台灣科技優息,625,77,548,元大-四維,2023-09-15,9831
00632R,元大台灣50反1,150,5,145,元大-四維,2023-09-15,9831
2486,一詮,167,52,115,元大-四維,2023-09-15,9831
2838,聯邦銀,83,0,83,元大-四維,2023-09-15,9831
2387,精元,80,0,80,元大-四維,2023-09-15,9831
5371,中光電,102,24,78,元大-四維,2023-09-15,9831
2884,玉山金,66,0,66,元大-四維,2023-09-15,9831
1802,台玻,66,3,63,元大-四維,2023-09-15,9831
00655L,國泰中國A50正2,60,0,60,元大-四維,2023-09-15,9831
00919,群益台灣精選高息,140,85,55,元大-四維,2023-09-15,9831
6485,點序,50,0,50,元大-四維,2023-09-15,9831
3325,旭品,52,5,47,元大-四維,2023-09-15,9831
3419,譁裕,43,0,43,元大-四維,2023-09-15,9831
2610,華航,48,9,39,元大-四維,2023-09-15,9831
2002,中鋼,39,2,37,元大-四維,2023-09-15,9831
2891,中信金,39,2,37,元大-四維,2023-09-15,9831
1314,中石化,43,9,34,元大-四維,2023-09-15,9831
00931B,統一美債20年,30,0,30,元大-四維,2023-09-15,9831
3260,威剛,45,17,28,元大-四維,2023-09-15,9831
3209,全科,27,0,27,元大-四維,2023-09-15,9831
2492,華新科,29,2,27,元大-四維,2023-09-15,9831
2618,長榮航,30,3,27,元大-四維,2023-09-15,9831
8086,宏捷科,27,1,26,元大-四維,2023-09-15,9831
00680L,元大美債20正2,26,2,24,元大-四維,2023-09-15,9831
2727,王品,22,0,22,元大-四維,2023-09-15,9831
2208,台船,24,2,22,元大-四維,2023-09-15,9831
8034,榮群,41,19,22,元大-四維,2023-09-15,9831
1718,中纖,21,0,21,元大-四維,2023-09-15,9831
3712,永崴投控,20,0,20,元大-四維,2023-09-15,9831
00673R,期元大S＆P原油反1,20,0,20,元大-四維,2023-09-15,9831
3685,元創精密,20,0,20,元大-四維,2023-09-15,9831
2897,王道銀行,20,0,20,元大-四維,2023-09-15,9831
5009,榮剛,24,4,20,元大-四維,2023-09-15,9831
3363,上詮,33,14,19,元大-四維,2023-09-15,9831
00637L,元大滬深300正2,28,10,18,元大-四維,2023-09-15,9831
2324,仁寶,17,0,17,元大-四維,2023-09-15,9831
1319,東陽,24,7,17,元大-四維,2023-09-15,9831
8289,泰藝,17,0,17,元大-四維,2023-09-15,9831
4977,眾達-KY,19,2,17,元大-四維,2023-09-15,9831
1305,華夏,16,0,16,元大-四維,2023-09-15,9831
00713,元大台灣高息低波,15,0,15,元大-四維,2023-09-15,9831
00902,中信電池及儲能,20,5,15,元大-四維,2023-09-15,9831
1220,台榮,15,0,15,元大-四維,2023-09-15,9831
1337,再生-KY,14,0,14,元大-四維,2023-09-15,9831
6829,千附精密,30,16,14,元大-四維,2023-09-15,9831
6120,達運,16,2,14,元大-四維,2023-09-15,9831
00679B,元大美債20年,14,0,14,元大-四維,2023-09-15,9831
9906,欣巴巴,13,0,13,元大-四維,2023-09-15,9831
8048,德勝,25,12,13,元大-四維,2023-09-15,9831
6104,創惟,18,6,12,元大-四維,2023-09-15,9831
00919,群益台灣精選高息,575,62,513,元大-四維,2023-09-18,9831
00929,復華台灣科技優息,576,151,425,元大-四維,2023-09-18,9831
4915,致伸,287,2,285,元大-四維,2023-09-18,9831
00878,國泰永續高股息,129,33,96,元大-四維,2023-09-18,9831
2363,矽統,131,51,80,元大-四維,2023-09-18,9831
2337,旺宏,79,12,67,元大-四維,2023-09-18,9831
2330,台積電,59,2,57,元大-四維,2023-09-18,9831
6104,創惟,54,1,53,元大-四維,2023-09-18,9831
2838,聯邦銀,54,1,53,元大-四維,2023-09-18,9831
00680L,元大美債20正2,52,0,52,元大-四維,2023-09-18,9831
2409,友達,44,1,43,元大-四維,2023-09-18,9831
1714,和桐,42,0,42,元大-四維,2023-09-18,9831
3325,旭品,45,4,41,元大-四維,2023-09-18,9831
00931B,統一美債20年,37,0,37,元大-四維,2023-09-18,9831
00679B,元大美債20年,40,4,36,元大-四維,2023-09-18,9831
2208,台船,35,2,33,元大-四維,2023-09-18,9831
00921,兆豐龍頭等權重,32,0,32,元大-四維,2023-09-18,9831
2382,廣達,43,11,32,元大-四維,2023-09-18,9831
2618,長榮航,42,12,30,元大-四維,2023-09-18,9831
2605,新興,42,12,30,元大-四維,2023-09-18,9831
2002,中鋼,39,10,29,元大-四維,2023-09-18,9831
3037,欣興,32,4,28,元大-四維,2023-09-18,9831
3260,威剛,29,2,27,元大-四維,2023-09-18,9831
00720B,元大投資級公司債,28,2,26,元大-四維,2023-09-18,9831
1220,台榮,25,0,25,元大-四維,2023-09-18,9831
1568,倉佑,25,0,25,元大-四維,2023-09-18,9831
00882,中信中國高股息,25,0,25,元大-四維,2023-09-18,9831
1314,中石化,56,31,25,元大-四維,2023-09-18,9831
2603,長榮,39,15,24,元大-四維,2023-09-18,9831
3715,定穎投控,51,27,24,元大-四維,2023-09-18,9831
00915,凱基優選高股息30,24,1,23,元大-四維,2023-09-18,9831
00795B,中信美國公債20年,24,1,23,元大-四維,2023-09-18,9831
3481,群創,24,3,21,元大-四維,2023-09-18,9831
2301,光寶科,28,7,21,元大-四維,2023-09-18,9831
00713,元大台灣高息低波,20,0,20,元大-四維,2023-09-18,9831
00918,大華優利高填息30,25,5,20,元大-四維,2023-09-18,9831
2344,華邦電,21,1,20,元大-四維,2023-09-18,9831
020028,元大特選電動車N,20,0,20,元大-四維,2023-09-18,9831
00687B,國泰20年美債,19,0,19,元大-四維,2023-09-18,9831
00893,國泰智能電動車,29,10,19,元大-四維,2023-09-18,9831
5469,瀚宇博,20,1,19,元大-四維,2023-09-18,9831
1522,堤維西,20,1,19,元大-四維,2023-09-18,9831
3231,緯創,49,30,19,元大-四維,2023-09-18,9831
1815,富喬,22,4,18,元大-四維,2023-09-18,9831
00751B,元大AAA至A公司債,23,6,17,元大-四維,2023-09-18,9831
2634,漢翔,21,5,16,元大-四維,2023-09-18,9831
2449,京元電子,19,4,15,元大-四維,2023-09-18,9831
2324,仁寶,17,2,15,元大-四維,2023-09-18,9831
5210,寶碩,15,0,15,元大-四維,2023-09-18,9831
2484,希華,20,5,15,元大-四維,2023-09-18,9831
00929,復華台灣科技優息,308,120,188,元大-四維,2023-09-19,9831
00919,群益台灣精選高息,173,60,113,元大-四維,2023-09-19,9831
1609,大亞,107,0,107,元大-四維,2023-09-19,9831
2324,仁寶,84,6,78,元大-四維,2023-09-19,9831
00878,國泰永續高股息,68,28,40,元大-四維,2023-09-19,9831
2838,聯邦銀,38,0,38,元大-四維,2023-09-19,9831
00921,兆豐龍頭等權重,38,1,37,元大-四維,2023-09-19,9831
6205,詮欣,38,1,37,元大-四維,2023-09-19,9831
2618,長榮航,40,3,37,元大-四維,2023-09-19,9831
3231,緯創,96,61,35,元大-四維,2023-09-19,9831
5225,東科-KY,37,2,35,元大-四維,2023-09-19,9831
2606,裕民,48,14,34,元大-四維,2023-09-19,9831
6147,頎邦,33,1,32,元大-四維,2023-09-19,9831
8927,北基,33,1,32,元大-四維,2023-09-19,9831
5508,永信建,35,6,29,元大-四維,2023-09-19,9831
00679B,元大美債20年,29,5,24,元大-四維,2023-09-19,9831
2727,王品,24,0,24,元大-四維,2023-09-19,9831
2885,元大金,62,39,23,元大-四維,2023-09-19,9831
3163,波若威,32,9,23,元大-四維,2023-09-19,9831
1471,首利,26,5,21,元大-四維,2023-09-19,9831
2401,凌陽,24,4,20,元大-四維,2023-09-19,9831
1409,新纖,18,0,18,元大-四維,2023-09-19,9831
8092,建暐,17,0,17,元大-四維,2023-09-19,9831
2332,友訊,37,20,17,元大-四維,2023-09-19,9831
6108,競國,17,0,17,元大-四維,2023-09-19,9831
2356,英業達,30,13,17,元大-四維,2023-09-19,9831
2330,台積電,23,6,17,元大-四維,2023-09-19,9831
2603,長榮,22,7,15,元大-四維,2023-09-19,9831
2314,台揚,14,0,14,元大-四維,2023-09-19,9831
8996,高力,14,0,14,元大-四維,2023-09-19,9831
3078,僑威,14,0,14,元大-四維,2023-09-19,9831
3017,奇鋐,17,4,13,元大-四維,2023-09-19,9831
00712,復華富時不動產,13,0,13,元大-四維,2023-09-19,9831
5210,寶碩,15,2,13,元大-四維,2023-09-19,9831
3708,上緯投控,13,0,13,元大-四維,2023-09-19,9831
0056,元大高股息,12,0,12,元大-四維,2023-09-19,9831
5347,世界,21,9,12,元大-四維,2023-09-19,9831
2405,輔信,12,0,12,元大-四維,2023-09-19,9831
00715L,期街口布蘭特正2,12,0,12,元大-四維,2023-09-19,9831
3059,華晶科,12,0,12,元大-四維,2023-09-19,9831
4979,華星光,28,16,12,元大-四維,2023-09-19,9831
3035,智原,24,13,11,元大-四維,2023-09-19,9831
2605,新興,23,12,11,元大-四維,2023-09-19,9831
00918,大華優利高填息30,11,0,11,元大-四維,2023-09-19,9831
2344,華邦電,12,1,11,元大-四維,2023-09-19,9831
00881,國泰台灣5G+,11,0,11,元大-四維,2023-09-19,9831
3081,聯亞,12,1,11,元大-四維,2023-09-19,9831
5475,德宏,11,0,11,元大-四維,2023-09-19,9831
6672,騰輝電子-KY,10,0,10,元大-四維,2023-09-19,9831
3450,聯鈞,24,14,10,元大-四維,2023-09-19,9831
00929,復華台灣科技優息,388,114,274,元大-四維,2023-09-20,9831
00919,群益台灣精選高息,196,75,121,元大-四維,2023-09-20,9831
2888,新光金,95,0,95,元大-四維,2023-09-20,9831
3706,神達,113,45,68,元大-四維,2023-09-20,9831
00921,兆豐龍頭等權重,68,0,68,元大-四維,2023-09-20,9831
2867,三商壽,58,0,58,元大-四維,2023-09-20,9831
2883,凱基金,56,1,55,元大-四維,2023-09-20,9831
1609,大亞,56,6,50,元大-四維,2023-09-20,9831
2208,台船,124,79,45,元大-四維,2023-09-20,9831
2537,聯上發,39,0,39,元大-四維,2023-09-20,9831
3264,欣銓,41,3,38,元大-四維,2023-09-20,9831
2884,玉山金,38,1,37,元大-四維,2023-09-20,9831
2330,台積電,40,3,37,元大-四維,2023-09-20,9831
8088,品安,44,9,35,元大-四維,2023-09-20,9831
00891,中信關鍵半導體,40,5,35,元大-四維,2023-09-20,9831
2449,京元電子,51,19,32,元大-四維,2023-09-20,9831
2618,長榮航,56,24,32,元大-四維,2023-09-20,9831
3322,建舜電,30,0,30,元大-四維,2023-09-20,9831
1717,長興,30,1,29,元大-四維,2023-09-20,9831
5880,合庫金,34,9,25,元大-四維,2023-09-20,9831
1519,華城,32,7,25,元大-四維,2023-09-20,9831
00881,國泰台灣5G+,24,0,24,元大-四維,2023-09-20,9831
3037,欣興,27,4,23,元大-四維,2023-09-20,9831
2882,國泰金,23,0,23,元大-四維,2023-09-20,9831
2376,技嘉,71,48,23,元大-四維,2023-09-20,9831
1314,中石化,92,69,23,元大-四維,2023-09-20,9831
2363,矽統,105,82,23,元大-四維,2023-09-20,9831
8299,群聯,21,1,20,元大-四維,2023-09-20,9831
6598,ABC-KY,20,0,20,元大-四維,2023-09-20,9831
9103,美德醫療-DR,20,0,20,元大-四維,2023-09-20,9831
1445,大宇,20,0,20,元大-四維,2023-09-20,9831
2201,裕隆,31,12,19,元大-四維,2023-09-20,9831
2323,中環,20,1,19,元大-四維,2023-09-20,9831
2409,友達,21,2,19,元大-四維,2023-09-20,9831
2838,聯邦銀,21,3,18,元大-四維,2023-09-20,9831
00679B,元大美債20年,17,0,17,元大-四維,2023-09-20,9831
6901,鑽石投資,20,4,16,元大-四維,2023-09-20,9831
00932,兆豐永續高息等權,16,0,16,元大-四維,2023-09-20,9831
3481,群創,41,26,15,元大-四維,2023-09-20,9831
1524,耿鼎,15,0,15,元大-四維,2023-09-20,9831
2887,台新金,14,0,14,元大-四維,2023-09-20,9831
2303,聯電,14,0,14,元大-四維,2023-09-20,9831
2356,英業達,50,36,14,元大-四維,2023-09-20,9831
3163,波若威,21,8,13,元大-四維,2023-09-20,9831
00751B,元大AAA至A公司債,13,0,13,元大-四維,2023-09-20,9831
00713,元大台灣高息低波,14,1,13,元大-四維,2023-09-20,9831
2881,富邦金,14,1,13,元大-四維,2023-09-20,9831
8358,金居,13,0,13,元大-四維,2023-09-20,9831
8050,廣積,15,2,13,元大-四維,2023-09-20,9831
3338,泰碩,35,23,12,元大-四維,2023-09-20,9831
00919,群益台灣精選高息,164,24,140,元大-四維,2023-09-21,9831
2618,長榮航,163,32,131,元大-四維,2023-09-21,9831
2834,臺企銀,111,0,111,元大-四維,2023-09-21,9831
00878,國泰永續高股息,111,4,107,元大-四維,2023-09-21,9831
00665L,富邦�琤肭磪囓�2,104,0,104,元大-四維,2023-09-21,9831
00929,復華台灣科技優息,299,198,101,元大-四維,2023-09-21,9831
5880,合庫金,80,0,80,元大-四維,2023-09-21,9831
2002,中鋼,102,22,80,元大-四維,2023-09-21,9831
2208,台船,171,105,66,元大-四維,2023-09-21,9831
2371,大同,52,0,52,元大-四維,2023-09-21,9831
0056,元大高股息,62,14,48,元大-四維,2023-09-21,9831
2887,台新金,48,1,47,元大-四維,2023-09-21,9831
2317,鴻海,49,2,47,元大-四維,2023-09-21,9831
2883,凱基金,56,12,44,元大-四維,2023-09-21,9831
2330,台積電,48,5,43,元大-四維,2023-09-21,9831
00679B,元大美債20年,49,8,41,元大-四維,2023-09-21,9831
00922,國泰台灣領袖50,36,0,36,元大-四維,2023-09-21,9831
5371,中光電,36,1,35,元大-四維,2023-09-21,9831
1101,台泥,64,30,34,元大-四維,2023-09-21,9831
2605,新興,62,29,33,元大-四維,2023-09-21,9831
00921,兆豐龍頭等權重,33,0,33,元大-四維,2023-09-21,9831
2610,華航,46,18,28,元大-四維,2023-09-21,9831
00881,國泰台灣5G+,28,0,28,元大-四維,2023-09-21,9831
3711,日月光投控,41,13,28,元大-四維,2023-09-21,9831
0050,元大台灣50,28,2,26,元大-四維,2023-09-21,9831
2880,華南金,23,0,23,元大-四維,2023-09-21,9831
2337,旺宏,23,0,23,元大-四維,2023-09-21,9831
5483,中美晶,23,0,23,元大-四維,2023-09-21,9831
00891,中信關鍵半導體,23,0,23,元大-四維,2023-09-21,9831
006208,富邦台50,32,10,22,元大-四維,2023-09-21,9831
00932,兆豐永續高息等權,22,0,22,元大-四維,2023-09-21,9831
6285,啟��,28,7,21,元大-四維,2023-09-21,9831
3037,欣興,24,4,20,元大-四維,2023-09-21,9831
6598,ABC-KY,20,0,20,元大-四維,2023-09-21,9831
2838,聯邦銀,20,0,20,元大-四維,2023-09-21,9831
2329,華泰,25,7,18,元大-四維,2023-09-21,9831
00713,元大台灣高息低波,22,5,17,元大-四維,2023-09-21,9831
8050,廣積,18,1,17,元大-四維,2023-09-21,9831
2888,新光金,23,6,17,元大-四維,2023-09-21,9831
2882,國泰金,17,0,17,元大-四維,2023-09-21,9831
4958,臻鼎-KY,16,0,16,元大-四維,2023-09-21,9831
2104,國際中橡,16,0,16,元大-四維,2023-09-21,9831
1216,統一,16,0,16,元大-四維,2023-09-21,9831
00923,群益台ESG低碳50,15,0,15,元大-四維,2023-09-21,9831
2498,宏達電,16,1,15,元大-四維,2023-09-21,9831
3714,富采,16,1,15,元大-四維,2023-09-21,9831
00706L,期元大S＆P日圓正2,15,0,15,元大-四維,2023-09-21,9831
5704,老爺知,16,1,15,元大-四維,2023-09-21,9831
2892,第一金,15,0,15,元大-四維,2023-09-21,9831
3481,群創,17,2,15,元大-四維,2023-09-21,9831
2641,正德,156,13,143,元大-四維,2023-09-22,9831
00919,群益台灣精選高息,130,2,128,元大-四維,2023-09-22,9831
00679B,元大美債20年,119,5,114,元大-四維,2023-09-22,9831
00712,復華富時不動產,86,0,86,元大-四維,2023-09-22,9831
00772B,中信高評級公司債,75,0,75,元大-四維,2023-09-22,9831
3231,緯創,121,46,75,元大-四維,2023-09-22,9831
2457,飛宏,68,2,66,元大-四維,2023-09-22,9831
2468,華經,71,18,53,元大-四維,2023-09-22,9831
00720B,元大投資級公司債,47,0,47,元大-四維,2023-09-22,9831
1101,台泥,48,3,45,元大-四維,2023-09-22,9831
00751B,元大AAA至A公司債,43,0,43,元大-四維,2023-09-22,9831
1316,上曜,43,0,43,元大-四維,2023-09-22,9831
00931B,統一美債20年,41,0,41,元大-四維,2023-09-22,9831
00795B,中信美國公債20年,34,0,34,元大-四維,2023-09-22,9831
2618,長榮航,42,10,32,元大-四維,2023-09-22,9831
00885,富邦越南,30,0,30,元大-四維,2023-09-22,9831
2332,友訊,32,5,27,元大-四維,2023-09-22,9831
2344,華邦電,36,11,25,元大-四維,2023-09-22,9831
2330,台積電,27,2,25,元大-四維,2023-09-22,9831
3450,聯鈞,58,34,24,元大-四維,2023-09-22,9831
2603,長榮,39,17,22,元大-四維,2023-09-22,9831
2316,楠梓電,47,25,22,元大-四維,2023-09-22,9831
2891,中信金,22,1,21,元大-四維,2023-09-22,9831
2537,聯上發,21,0,21,元大-四維,2023-09-22,9831
2838,聯邦銀,20,0,20,元大-四維,2023-09-22,9831
6598,ABC-KY,20,0,20,元大-四維,2023-09-22,9831
1717,長興,20,0,20,元大-四維,2023-09-22,9831
911868,同方友友-DR,20,0,20,元大-四維,2023-09-22,9831
9906,欣巴巴,21,3,18,元大-四維,2023-09-22,9831
00900,富邦特選高股息30,18,1,17,元大-四維,2023-09-22,9831
2303,聯電,19,3,16,元大-四維,2023-09-22,9831
2881,富邦金,15,0,15,元大-四維,2023-09-22,9831
6285,啟��,19,4,15,元大-四維,2023-09-22,9831
8050,廣積,15,0,15,元大-四維,2023-09-22,9831
2409,友達,16,1,15,元大-四維,2023-09-22,9831
0056,元大高股息,29,14,15,元大-四維,2023-09-22,9831
00687B,國泰20年美債,14,0,14,元大-四維,2023-09-22,9831
2883,凱基金,20,7,13,元大-四維,2023-09-22,9831
3706,神達,47,34,13,元大-四維,2023-09-22,9831
3338,泰碩,17,4,13,元大-四維,2023-09-22,9831
3037,欣興,34,22,12,元大-四維,2023-09-22,9831
8046,南電,12,0,12,元大-四維,2023-09-22,9831
6712,長聖,13,1,12,元大-四維,2023-09-22,9831
2486,一詮,13,1,12,元大-四維,2023-09-22,9831
2834,臺企銀,11,0,11,元大-四維,2023-09-22,9831
3264,欣銓,11,0,11,元大-四維,2023-09-22,9831
2337,旺宏,13,2,11,元大-四維,2023-09-22,9831
3576,聯合再生,11,0,11,元大-四維,2023-09-22,9831
2353,宏��,13,2,11,元大-四維,2023-09-22,9831
3617,碩天,14,3,11,元大-四維,2023-09-22,9831
2363,矽統,148,41,107,元大-四維,2023-09-25,9831
00929,復華台灣科技優息,99,24,75,元大-四維,2023-09-25,9831
2838,聯邦銀,69,0,69,元大-四維,2023-09-25,9831
00679B,元大美債20年,45,1,44,元大-四維,2023-09-25,9831
1101,台泥,46,2,44,元大-四維,2023-09-25,9831
2344,華邦電,44,1,43,元大-四維,2023-09-25,9831
2883,凱基金,39,0,39,元大-四維,2023-09-25,9831
00900,富邦特選高股息30,31,1,30,元大-四維,2023-09-25,9831
2208,台船,37,8,29,元大-四維,2023-09-25,9831
2376,技嘉,41,15,26,元大-四維,2023-09-25,9831
4147,中裕,30,4,26,元大-四維,2023-09-25,9831
2014,中鴻,25,0,25,元大-四維,2023-09-25,9831
1524,耿鼎,44,19,25,元大-四維,2023-09-25,9831
8097,常珵,23,0,23,元大-四維,2023-09-25,9831
1727,中華化,23,0,23,元大-四維,2023-09-25,9831
2330,台積電,23,0,23,元大-四維,2023-09-25,9831
2367,燿華,34,12,22,元大-四維,2023-09-25,9831
3037,欣興,22,2,20,元大-四維,2023-09-25,9831
2618,長榮航,82,62,20,元大-四維,2023-09-25,9831
6598,ABC-KY,20,0,20,元大-四維,2023-09-25,9831
6153,嘉聯益,20,0,20,元大-四維,2023-09-25,9831
3714,富采,30,10,20,元大-四維,2023-09-25,9831
00712,復華富時不動產,18,0,18,元大-四維,2023-09-25,9831
2610,華航,73,55,18,元大-四維,2023-09-25,9831
00878,國泰永續高股息,21,4,17,元大-四維,2023-09-25,9831
2313,華通,25,8,17,元大-四維,2023-09-25,9831
3706,神達,72,55,17,元大-四維,2023-09-25,9831
8928,鉅明,17,0,17,元大-四維,2023-09-25,9831
6125,廣運,25,8,17,元大-四維,2023-09-25,9831
8112,至上,31,16,15,元大-四維,2023-09-25,9831
1718,中纖,15,0,15,元大-四維,2023-09-25,9831
00795B,中信美國公債20年,13,0,13,元大-四維,2023-09-25,9831
00922,國泰台灣領袖50,12,0,12,元大-四維,2023-09-25,9831
2891,中信金,13,2,11,元大-四維,2023-09-25,9831
3013,晟銘電,12,1,11,元大-四維,2023-09-25,9831
9960,邁達康,11,0,11,元大-四維,2023-09-25,9831
6126,信音,11,0,11,元大-四維,2023-09-25,9831
00895,富邦未來車,11,0,11,元大-四維,2023-09-25,9831
00882,中信中國高股息,11,0,11,元大-四維,2023-09-25,9831
2880,華南金,10,0,10,元大-四維,2023-09-25,9831
3622,洋華,10,0,10,元大-四維,2023-09-25,9831
3581,博磊,10,0,10,元大-四維,2023-09-25,9831
4113,聯上,10,0,10,元大-四維,2023-09-25,9831
00931B,統一美債20年,9,0,9,元大-四維,2023-09-25,9831
00680L,元大美債20正2,9,0,9,元大-四維,2023-09-25,9831
4942,嘉彰,9,0,9,元大-四維,2023-09-25,9831
6442,光聖,14,5,9,元大-四維,2023-09-25,9831
3338,泰碩,9,0,9,元大-四維,2023-09-25,9831
3105,穩懋,8,0,8,元大-四維,2023-09-25,9831
2457,飛宏,11,3,8,元大-四維,2023-09-25,9831
00929,復華台灣科技優息,277,44,233,元大-四維,2023-09-26,9831
00919,群益台灣精選高息,141,0,141,元大-四維,2023-09-26,9831
2303,聯電,121,4,117,元大-四維,2023-09-26,9831
00679B,元大美債20年,97,10,87,元大-四維,2023-09-26,9831
2883,凱基金,91,6,85,元大-四維,2023-09-26,9831
6120,達運,51,0,51,元大-四維,2023-09-26,9831
3715,定穎投控,117,74,43,元大-四維,2023-09-26,9831
1605,華新,60,24,36,元大-四維,2023-09-26,9831
2882,國泰金,37,1,36,元大-四維,2023-09-26,9831
3711,日月光投控,36,0,36,元大-四維,2023-09-26,9831
1815,富喬,138,104,34,元大-四維,2023-09-26,9831
00751B,元大AAA至A公司債,31,0,31,元大-四維,2023-09-26,9831
2023,燁輝,30,0,30,元大-四維,2023-09-26,9831
00772B,中信高評級公司債,29,0,29,元大-四維,2023-09-26,9831
2330,台積電,30,1,29,元大-四維,2023-09-26,9831
5880,合庫金,28,0,28,元大-四維,2023-09-26,9831
2363,矽統,58,30,28,元大-四維,2023-09-26,9831
8097,常珵,28,1,27,元大-四維,2023-09-26,9831
00885,富邦越南,32,5,27,元大-四維,2023-09-26,9831
2344,華邦電,26,0,26,元大-四維,2023-09-26,9831
6156,松上,26,0,26,元大-四維,2023-09-26,9831
2409,友達,30,4,26,元大-四維,2023-09-26,9831
1609,大亞,65,39,26,元大-四維,2023-09-26,9831
2102,泰豐,25,0,25,元大-四維,2023-09-26,9831
1314,中石化,45,23,22,元大-四維,2023-09-26,9831
00713,元大台灣高息低波,21,0,21,元大-四維,2023-09-26,9831
6901,鑽石投資,23,2,21,元大-四維,2023-09-26,9831
2002,中鋼,46,25,21,元大-四維,2023-09-26,9831
00782B,國泰A級公用債,20,0,20,元大-四維,2023-09-26,9831
020028,元大特選電動車N,20,0,20,元大-四維,2023-09-26,9831
6598,ABC-KY,20,0,20,元大-四維,2023-09-26,9831
00882,中信中國高股息,20,0,20,元大-四維,2023-09-26,9831
00881,國泰台灣5G+,20,0,20,元大-四維,2023-09-26,9831
00918,大華優利高填息30,19,0,19,元大-四維,2023-09-26,9831
00680L,元大美債20正2,18,0,18,元大-四維,2023-09-26,9831
3338,泰碩,41,23,18,元大-四維,2023-09-26,9831
00795B,中信美國公債20年,18,1,17,元大-四維,2023-09-26,9831
0050,元大台灣50,17,0,17,元大-四維,2023-09-26,9831
00931B,統一美債20年,16,0,16,元大-四維,2023-09-26,9831
2880,華南金,16,0,16,元大-四維,2023-09-26,9831
3625,西勝,16,0,16,元大-四維,2023-09-26,9831
2485,兆赫,21,7,14,元大-四維,2023-09-26,9831
2337,旺宏,23,9,14,元大-四維,2023-09-26,9831
1471,首利,18,4,14,元大-四維,2023-09-26,9831
3707,漢磊,13,0,13,元大-四維,2023-09-26,9831
3481,群創,15,2,13,元大-四維,2023-09-26,9831
2603,長榮,17,4,13,元大-四維,2023-09-26,9831
4958,臻鼎-KY,12,0,12,元大-四維,2023-09-26,9831
00922,國泰台灣領袖50,12,0,12,元大-四維,2023-09-26,9831
00878,國泰永續高股息,17,5,12,元大-四維,2023-09-26,9831
2610,華航,137,3,134,元大-四維,2023-09-27,9831
2002,中鋼,118,29,89,元大-四維,2023-09-27,9831
2618,長榮航,101,18,83,元大-四維,2023-09-27,9831
00929,復華台灣科技優息,90,22,68,元大-四維,2023-09-27,9831
8011,台通,62,0,62,元大-四維,2023-09-27,9831
2634,漢翔,59,1,58,元大-四維,2023-09-27,9831
1612,宏泰,37,2,35,元大-四維,2023-09-27,9831
8109,博大,30,0,30,元大-四維,2023-09-27,9831
2409,友達,30,1,29,元大-四維,2023-09-27,9831
2337,旺宏,36,8,28,元大-四維,2023-09-27,9831
3025,星通,25,0,25,元大-四維,2023-09-27,9831
2428,興勤,24,0,24,元大-四維,2023-09-27,9831
00713,元大台灣高息低波,23,0,23,元大-四維,2023-09-27,9831
00712,復華富時不動產,23,0,23,元大-四維,2023-09-27,9831
00655L,國泰中國A50正2,23,0,23,元大-四維,2023-09-27,9831
3006,晶豪科,26,3,23,元大-四維,2023-09-27,9831
2883,凱基金,22,0,22,元大-四維,2023-09-27,9831
8420,明揚,33,11,22,元大-四維,2023-09-27,9831
2392,正崴,20,0,20,元大-四維,2023-09-27,9831
4147,中裕,20,0,20,元大-四維,2023-09-27,9831
2838,聯邦銀,20,0,20,元大-四維,2023-09-27,9831
1304,台聚,20,0,20,元大-四維,2023-09-27,9831
5009,榮剛,21,1,20,元大-四維,2023-09-27,9831
00919,群益台灣精選高息,22,2,20,元大-四維,2023-09-27,9831
2344,華邦電,21,2,19,元大-四維,2023-09-27,9831
2542,興富發,19,0,19,元大-四維,2023-09-27,9831
00720B,元大投資級公司債,17,0,17,元大-四維,2023-09-27,9831
2006,東和鋼鐵,100,83,17,元大-四維,2023-09-27,9831
1326,台化,16,0,16,元大-四維,2023-09-27,9831
1101,台泥,16,1,15,元大-四維,2023-09-27,9831
2014,中鴻,16,1,15,元大-四維,2023-09-27,9831
4564,元翎,15,0,15,元大-四維,2023-09-27,9831
1605,華新,14,0,14,元大-四維,2023-09-27,9831
00679B,元大美債20年,16,3,13,元大-四維,2023-09-27,9831
00772B,中信高評級公司債,13,0,13,元大-四維,2023-09-27,9831
2867,三商壽,13,0,13,元大-四維,2023-09-27,9831
00671R,富邦NASDAQ反1,13,0,13,元大-四維,2023-09-27,9831
6288,聯嘉,15,2,13,元大-四維,2023-09-27,9831
3363,上詮,23,10,13,元大-四維,2023-09-27,9831
00923,群益台ESG低碳50,12,0,12,元大-四維,2023-09-27,9831
00751B,元大AAA至A公司債,12,0,12,元大-四維,2023-09-27,9831
2834,臺企銀,12,0,12,元大-四維,2023-09-27,9831
3264,欣銓,14,2,12,元大-四維,2023-09-27,9831
5880,合庫金,11,0,11,元大-四維,2023-09-27,9831
1301,台塑,11,0,11,元大-四維,2023-09-27,9831
1220,台榮,11,0,11,元大-四維,2023-09-27,9831
3545,敦泰,24,13,11,元大-四維,2023-09-27,9831
6156,松上,11,0,11,元大-四維,2023-09-27,9831
1717,長興,11,0,11,元大-四維,2023-09-27,9831
6217,中探針,10,0,10,元大-四維,2023-09-27,9831
00929,復華台灣科技優息,164,2,162,元大-四維,2023-09-28,9831
3231,緯創,199,53,146,元大-四維,2023-09-28,9831
00665L,富邦�琤肭磪囓�2,91,10,81,元大-四維,2023-09-28,9831
2313,華通,67,10,57,元大-四維,2023-09-28,9831
5452,佶優,66,11,55,元大-四維,2023-09-28,9831
2014,中鴻,54,1,53,元大-四維,2023-09-28,9831
2002,中鋼,74,31,43,元大-四維,2023-09-28,9831
8924,大田,43,0,43,元大-四維,2023-09-28,9831
6155,鈞寶,35,0,35,元大-四維,2023-09-28,9831
1217,愛之味,35,2,33,元大-四維,2023-09-28,9831
2409,友達,32,0,32,元大-四維,2023-09-28,9831
2838,聯邦銀,31,0,31,元大-四維,2023-09-28,9831
00641R,富邦日本反1,30,0,30,元大-四維,2023-09-28,9831
2344,華邦電,30,0,30,元大-四維,2023-09-28,9831
6271,同欣電,32,2,30,元大-四維,2023-09-28,9831
00712,復華富時不動產,29,0,29,元大-四維,2023-09-28,9831
00673R,期元大S＆P原油反1,29,1,28,元大-四維,2023-09-28,9831
2408,南亞科,28,1,27,元大-四維,2023-09-28,9831
00772B,中信高評級公司債,25,0,25,元大-四維,2023-09-28,9831
00751B,元大AAA至A公司債,25,0,25,元大-四維,2023-09-28,9831
4979,華星光,28,5,23,元大-四維,2023-09-28,9831
00655L,國泰中國A50正2,20,0,20,元大-四維,2023-09-28,9831
4147,中裕,20,0,20,元大-四維,2023-09-28,9831
2363,矽統,61,41,20,元大-四維,2023-09-28,9831
00720B,元大投資級公司債,29,10,19,元大-四維,2023-09-28,9831
00931B,統一美債20年,17,0,17,元大-四維,2023-09-28,9831
3322,建舜電,20,3,17,元大-四維,2023-09-28,9831
00687B,國泰20年美債,17,0,17,元大-四維,2023-09-28,9831
1713,國化,16,0,16,元大-四維,2023-09-28,9831
5508,永信建,16,0,16,元大-四維,2023-09-28,9831
00637L,元大滬深300正2,15,0,15,元大-四維,2023-09-28,9831
3321,同泰,15,0,15,元大-四維,2023-09-28,9831
2548,華固,15,0,15,元大-四維,2023-09-28,9831
00919,群益台灣精選高息,64,50,14,元大-四維,2023-09-28,9831
9904,寶成,14,0,14,元大-四維,2023-09-28,9831
3548,兆利,14,0,14,元大-四維,2023-09-28,9831
3006,晶豪科,14,1,13,元大-四維,2023-09-28,9831
1326,台化,12,0,12,元大-四維,2023-09-28,9831
2492,華新科,15,3,12,元大-四維,2023-09-28,9831
1524,耿鼎,53,41,12,元大-四維,2023-09-28,9831
4923,力士,12,0,12,元大-四維,2023-09-28,9831
3630,新鉅科,12,0,12,元大-四維,2023-09-28,9831
00753L,中信中國50正2,11,0,11,元大-四維,2023-09-28,9831
1339,昭輝,13,2,11,元大-四維,2023-09-28,9831
00795B,中信美國公債20年,11,1,10,元大-四維,2023-09-28,9831
00679B,元大美債20年,32,22,10,元大-四維,2023-09-28,9831
2301,光寶科,28,18,10,元大-四維,2023-09-28,9831
5381,合正,10,0,10,元大-四維,2023-09-28,9831
1313,聯成,10,0,10,元大-四維,2023-09-28,9831
1314,中石化,29,19,10,元大-四維,2023-09-28,9831
2014,中鴻,407,1,406,元大-四維,2023-10-02,9831
2363,矽統,151,55,96,元大-四維,2023-10-02,9831
2002,中鋼,90,16,74,元大-四維,2023-10-02,9831
3231,緯創,265,202,63,元大-四維,2023-10-02,9831
2603,長榮,82,23,59,元大-四維,2023-10-02,9831
2885,元大金,59,0,59,元大-四維,2023-10-02,9831
2883,凱基金,56,0,56,元大-四維,2023-10-02,9831
8926,台汽電,52,0,52,元大-四維,2023-10-02,9831
2355,敬鵬,67,16,51,元大-四維,2023-10-02,9831
2356,英業達,100,52,48,元大-四維,2023-10-02,9831
2303,聯電,57,10,47,元大-四維,2023-10-02,9831
6271,同欣電,35,0,35,元大-四維,2023-10-02,9831
2025,千興,40,5,35,元大-四維,2023-10-02,9831
00679B,元大美債20年,34,1,33,元大-四維,2023-10-02,9831
8027,鈦昇,31,0,31,元大-四維,2023-10-02,9831
00720B,元大投資級公司債,27,0,27,元大-四維,2023-10-02,9831
00751B,元大AAA至A公司債,28,2,26,元大-四維,2023-10-02,9831
1101,台泥,26,0,26,元大-四維,2023-10-02,9831
00929,復華台灣科技優息,106,81,25,元大-四維,2023-10-02,9831
2887,台新金,26,2,24,元大-四維,2023-10-02,9831
4979,華星光,26,3,23,元大-四維,2023-10-02,9831
00931B,統一美債20年,24,2,22,元大-四維,2023-10-02,9831
2606,裕民,21,0,21,元大-四維,2023-10-02,9831
2324,仁寶,27,6,21,元大-四維,2023-10-02,9831
2457,飛宏,28,7,21,元大-四維,2023-10-02,9831
2542,興富發,20,0,20,元大-四維,2023-10-02,9831
2537,聯上發,27,7,20,元大-四維,2023-10-02,9831
4942,嘉彰,20,0,20,元大-四維,2023-10-02,9831
2201,裕隆,24,5,19,元大-四維,2023-10-02,9831
00772B,中信高評級公司債,18,0,18,元大-四維,2023-10-02,9831
3321,同泰,17,0,17,元大-四維,2023-10-02,9831
00632R,元大台灣50反1,17,0,17,元大-四維,2023-10-02,9831
3481,群創,24,8,16,元大-四維,2023-10-02,9831
5608,四維航,19,3,16,元大-四維,2023-10-02,9831
2892,第一金,16,0,16,元大-四維,2023-10-02,9831
3704,合勤控,15,0,15,元大-四維,2023-10-02,9831
2458,義隆,15,0,15,元大-四維,2023-10-02,9831
2867,三商壽,15,0,15,元大-四維,2023-10-02,9831
1301,台塑,14,0,14,元大-四維,2023-10-02,9831
3715,定穎投控,64,51,13,元大-四維,2023-10-02,9831
1618,合機,32,20,12,元大-四維,2023-10-02,9831
00795B,中信美國公債20年,12,0,12,元大-四維,2023-10-02,9831
4174,浩鼎,37,25,12,元大-四維,2023-10-02,9831
2419,仲琦,15,3,12,元大-四維,2023-10-02,9831
00642U,期元大S＆P石油,12,0,12,元大-四維,2023-10-02,9831
1303,南亞,10,0,10,元大-四維,2023-10-02,9831
5469,瀚宇博,24,14,10,元大-四維,2023-10-02,9831
5009,榮剛,12,2,10,元大-四維,2023-10-02,9831
00725B,國泰投資級公司債,10,0,10,元大-四維,2023-10-02,9831
2903,遠百,10,0,10,元大-四維,2023-10-02,9831
2618,長榮航,366,26,340,元大-四維,2023-10-03,9831
2409,友達,221,21,200,元大-四維,2023-10-03,9831
1605,華新,149,0,149,元大-四維,2023-10-03,9831
2014,中鴻,141,1,140,元大-四維,2023-10-03,9831
3481,群創,118,5,113,元大-四維,2023-10-03,9831
00919,群益台灣精選高息,99,3,96,元大-四維,2023-10-03,9831
2885,元大金,95,0,95,元大-四維,2023-10-03,9831
00929,復華台灣科技優息,132,40,92,元大-四維,2023-10-03,9831
3231,緯創,137,47,90,元大-四維,2023-10-03,9831
3013,晟銘電,103,23,80,元大-四維,2023-10-03,9831
00720B,元大投資級公司債,71,0,71,元大-四維,2023-10-03,9831
6005,群益證,58,0,58,元大-四維,2023-10-03,9831
5452,佶優,51,1,50,元大-四維,2023-10-03,9831
2313,華通,69,21,48,元大-四維,2023-10-03,9831
00712,復華富時不動產,46,8,38,元大-四維,2023-10-03,9831
5880,合庫金,32,2,30,元大-四維,2023-10-03,9831
00751B,元大AAA至A公司債,29,0,29,元大-四維,2023-10-03,9831
2888,新光金,30,3,27,元大-四維,2023-10-03,9831
2606,裕民,35,12,23,元大-四維,2023-10-03,9831
2002,中鋼,60,38,22,元大-四維,2023-10-03,9831
00922,國泰台灣領袖50,22,0,22,元大-四維,2023-10-03,9831
00650L,復華香港正2,21,0,21,元大-四維,2023-10-03,9831
5508,永信建,26,5,21,元大-四維,2023-10-03,9831
00772B,中信高評級公司債,22,2,20,元大-四維,2023-10-03,9831
3712,永崴投控,20,0,20,元大-四維,2023-10-03,9831
3202,樺晟,20,0,20,元大-四維,2023-10-03,9831
9934,成霖,20,0,20,元大-四維,2023-10-03,9831
5210,寶碩,20,0,20,元大-四維,2023-10-03,9831
00642U,期元大S＆P石油,19,0,19,元大-四維,2023-10-03,9831
00882,中信中國高股息,19,0,19,元大-四維,2023-10-03,9831
2413,環科,19,0,19,元大-四維,2023-10-03,9831
2504,國產,19,0,19,元大-四維,2023-10-03,9831
00665L,富邦�琤肭磪囓�2,19,0,19,元大-四維,2023-10-03,9831
6235,華孚,26,9,17,元大-四維,2023-10-03,9831
00679B,元大美債20年,18,2,16,元大-四維,2023-10-03,9831
2882,國泰金,16,0,16,元大-四維,2023-10-03,9831
2834,臺企銀,16,0,16,元大-四維,2023-10-03,9831
2867,三商壽,15,0,15,元大-四維,2023-10-03,9831
2301,光寶科,16,2,14,元大-四維,2023-10-03,9831
0056,元大高股息,46,31,15,元大-四維,2023-10-03,9831
1802,台玻,19,5,14,元大-四維,2023-10-03,9831
2355,敬鵬,17,3,14,元大-四維,2023-10-03,9831
2371,大同,18,4,14,元大-四維,2023-10-03,9831
00637L,元大滬深300正2,14,0,14,元大-四維,2023-10-03,9831
3037,欣興,14,1,13,元大-四維,2023-10-03,9831
00795B,中信美國公債20年,13,0,13,元大-四維,2023-10-03,9831
3576,聯合再生,12,0,12,元大-四維,2023-10-03,9831
1402,遠東新,12,0,12,元大-四維,2023-10-03,9831
2367,燿華,15,3,12,元大-四維,2023-10-03,9831
4961,天鈺,12,0,12,元大-四維,2023-10-03,9831
00929,復華台灣科技優息,145,0,145,元大-四維,2023-10-04,9831
3231,緯創,177,39,138,元大-四維,2023-10-04,9831
2303,聯電,107,1,106,元大-四維,2023-10-04,9831
2834,臺企銀,103,1,102,元大-四維,2023-10-04,9831
00922,國泰台灣領袖50,93,0,93,元大-四維,2023-10-04,9831
00671R,富邦NASDAQ反1,91,0,91,元大-四維,2023-10-04,9831
00919,群益台灣精選高息,119,33,86,元大-四維,2023-10-04,9831
2002,中鋼,90,10,80,元大-四維,2023-10-04,9831
6288,聯嘉,99,20,79,元大-四維,2023-10-04,9831
1303,南亞,66,1,65,元大-四維,2023-10-04,9831
6901,鑽石投資,61,0,61,元大-四維,2023-10-04,9831
00712,復華富時不動產,67,9,58,元大-四維,2023-10-04,9831
00720B,元大投資級公司債,58,0,58,元大-四維,2023-10-04,9831
2618,長榮航,94,40,54,元大-四維,2023-10-04,9831
3481,群創,59,7,52,元大-四維,2023-10-04,9831
00751B,元大AAA至A公司債,50,0,50,元大-四維,2023-10-04,9831
2330,台積電,49,0,49,元大-四維,2023-10-04,9831
2888,新光金,60,12,48,元大-四維,2023-10-04,9831
2891,中信金,46,1,45,元大-四維,2023-10-04,9831
2884,玉山金,45,0,45,元大-四維,2023-10-04,9831
00679B,元大美債20年,73,33,40,元大-四維,2023-10-04,9831
00878,國泰永續高股息,54,15,39,元大-四維,2023-10-04,9831
2801,彰銀,36,0,36,元大-四維,2023-10-04,9831
1314,中石化,67,34,33,元大-四維,2023-10-04,9831
00632R,元大台灣50反1,36,3,33,元大-四維,2023-10-04,9831
2885,元大金,36,3,33,元大-四維,2023-10-04,9831
0056,元大高股息,49,16,33,元大-四維,2023-10-04,9831
2606,裕民,32,0,32,元大-四維,2023-10-04,9831
00795B,中信美國公債20年,31,0,31,元大-四維,2023-10-04,9831
2886,兆豐金,30,0,30,元大-四維,2023-10-04,9831
2838,聯邦銀,30,0,30,元大-四維,2023-10-04,9831
2023,燁輝,30,0,30,元大-四維,2023-10-04,9831
5880,合庫金,29,1,28,元大-四維,2023-10-04,9831
00713,元大台灣高息低波,38,10,28,元大-四維,2023-10-04,9831
1216,統一,27,0,27,元大-四維,2023-10-04,9831
1217,愛之味,26,0,26,元大-四維,2023-10-04,9831
00885,富邦越南,26,2,24,元大-四維,2023-10-04,9831
3006,晶豪科,46,22,24,元大-四維,2023-10-04,9831
2880,華南金,28,5,23,元大-四維,2023-10-04,9831
8215,明基材,25,2,23,元大-四維,2023-10-04,9831
00637L,元大滬深300正2,24,1,23,元大-四維,2023-10-04,9831
00772B,中信高評級公司債,26,4,22,元大-四維,2023-10-04,9831
2498,宏達電,22,0,22,元大-四維,2023-10-04,9831
1802,台玻,24,2,22,元大-四維,2023-10-04,9831
1609,大亞,25,3,22,元大-四維,2023-10-04,9831
1101,台泥,24,2,22,元大-四維,2023-10-04,9831
8936,國統,33,12,21,元大-四維,2023-10-04,9831
00673R,期元大S＆P原油反1,21,0,21,元大-四維,2023-10-04,9831
2392,正崴,22,1,21,元大-四維,2023-10-04,9831
6116,彩晶,24,4,20,元大-四維,2023-10-04,9831
00712,復華富時不動產,95,0,95,元大-四維,2023-10-05,9831
1524,耿鼎,53,0,53,元大-四維,2023-10-05,9831
3234,光環,51,1,50,元大-四維,2023-10-05,9831
2006,東和鋼鐵,45,0,45,元大-四維,2023-10-05,9831
2838,聯邦銀,31,0,31,元大-四維,2023-10-05,9831
9950,萬國通,30,2,28,元大-四維,2023-10-05,9831
2457,飛宏,35,8,27,元大-四維,2023-10-05,9831
2606,裕民,28,1,27,元大-四維,2023-10-05,9831
2409,友達,28,2,26,元大-四維,2023-10-05,9831
1101,台泥,28,2,26,元大-四維,2023-10-05,9831
00931B,統一美債20年,25,0,25,元大-四維,2023-10-05,9831
0056,元大高股息,30,6,24,元大-四維,2023-10-05,9831
2417,圓剛,30,7,23,元大-四維,2023-10-05,9831
3322,建舜電,23,0,23,元大-四維,2023-10-05,9831
2883,凱基金,22,2,20,元大-四維,2023-10-05,9831
00655L,國泰中國A50正2,20,0,20,元大-四維,2023-10-05,9831
00637L,元大滬深300正2,21,1,20,元大-四維,2023-10-05,9831
8088,品安,21,1,20,元大-四維,2023-10-05,9831
6288,聯嘉,20,3,17,元大-四維,2023-10-05,9831
00679B,元大美債20年,21,5,16,元大-四維,2023-10-05,9831
2201,裕隆,15,0,15,元大-四維,2023-10-05,9831
8936,國統,44,30,14,元大-四維,2023-10-05,9831
3231,緯創,34,21,13,元大-四維,2023-10-05,9831
3380,明泰,13,0,13,元大-四維,2023-10-05,9831
5272,笙科,18,5,13,元大-四維,2023-10-05,9831
2208,台船,18,6,12,元大-四維,2023-10-05,9831
2382,廣達,58,46,12,元大-四維,2023-10-05,9831
6491,晶碩,11,0,11,元大-四維,2023-10-05,9831
3006,晶豪科,14,3,11,元大-四維,2023-10-05,9831
2820,華票,10,0,10,元大-四維,2023-10-05,9831
1718,中纖,10,0,10,元大-四維,2023-10-05,9831
2867,三商壽,10,0,10,元大-四維,2023-10-05,9831
3515,華擎,11,1,10,元大-四維,2023-10-05,9831
1528,恩德,10,0,10,元大-四維,2023-10-05,9831
00642U,期元大S＆P石油,10,0,10,元大-四維,2023-10-05,9831
1711,永光,10,0,10,元大-四維,2023-10-05,9831
2355,敬鵬,10,1,9,元大-四維,2023-10-05,9831
1314,中石化,24,15,9,元大-四維,2023-10-05,9831
2014,中鴻,10,1,9,元大-四維,2023-10-05,9831
00715L,期街口布蘭特正2,10,1,9,元大-四維,2023-10-05,9831
2498,宏達電,26,17,9,元大-四維,2023-10-05,9831
6451,訊芯-KY,30,22,8,元大-四維,2023-10-05,9831
3044,健鼎,8,0,8,元大-四維,2023-10-05,9831
1514,亞力,13,5,8,元大-四維,2023-10-05,9831
9958,世紀鋼,9,1,8,元大-四維,2023-10-05,9831
1603,華電,8,0,8,元大-四維,2023-10-05,9831
1609,大亞,10,2,8,元大-四維,2023-10-05,9831
9906,欣巴巴,9,1,8,元大-四維,2023-10-05,9831
00772B,中信高評級公司債,8,0,8,元大-四維,2023-10-05,9831
6128,上福,8,0,8,元大-四維,2023-10-05,9831
00929,復華台灣科技優息,131,1,130,元大-四維,2023-10-06,9831
2610,華航,116,2,114,元大-四維,2023-10-06,9831
6205,詮欣,62,0,62,元大-四維,2023-10-06,9831
3081,聯亞,51,0,51,元大-四維,2023-10-06,9831
1504,東元,51,3,48,元大-四維,2023-10-06,9831
2363,矽統,80,38,42,元大-四維,2023-10-06,9831
2442,新美齊,41,1,40,元大-四維,2023-10-06,9831
2618,長榮航,49,11,38,元大-四維,2023-10-06,9831
2838,聯邦銀,40,2,38,元大-四維,2023-10-06,9831
2637,慧洋-KY,45,10,35,元大-四維,2023-10-06,9831
00919,群益台灣精選高息,42,8,34,元大-四維,2023-10-06,9831
8086,宏捷科,30,0,30,元大-四維,2023-10-06,9831
9906,欣巴巴,24,0,24,元大-四維,2023-10-06,9831
6191,精成科,27,3,24,元大-四維,2023-10-06,9831
00680L,元大美債20正2,23,0,23,元大-四維,2023-10-06,9831
2323,中環,22,0,22,元大-四維,2023-10-06,9831
2312,金寶,25,4,21,元大-四維,2023-10-06,9831
9105,泰金寶-DR,21,1,20,元大-四維,2023-10-06,9831
2530,華建,20,0,20,元大-四維,2023-10-06,9831
00712,復華富時不動產,20,2,18,元大-四維,2023-10-06,9831
6657,華安,18,0,18,元大-四維,2023-10-06,9831
1301,台塑,17,0,17,元大-四維,2023-10-06,9831
2002,中鋼,19,3,16,元大-四維,2023-10-06,9831
6139,亞翔,46,30,16,元大-四維,2023-10-06,9831
00922,國泰台灣領袖50,17,1,16,元大-四維,2023-10-06,9831
2542,興富發,16,0,16,元大-四維,2023-10-06,9831
00772B,中信高評級公司債,16,0,16,元大-四維,2023-10-06,9831
1319,東陽,16,1,15,元大-四維,2023-10-06,9831
00642U,期元大S＆P石油,15,0,15,元大-四維,2023-10-06,9831
00751B,元大AAA至A公司債,19,5,14,元大-四維,2023-10-06,9831
5351,鈺創,23,9,14,元大-四維,2023-10-06,9831
2603,長榮,25,11,14,元大-四維,2023-10-06,9831
3287,廣寰科,13,0,13,元大-四維,2023-10-06,9831
2317,鴻海,15,3,12,元大-四維,2023-10-06,9831
2884,玉山金,12,0,12,元大-四維,2023-10-06,9831
3711,日月光投控,14,2,12,元大-四維,2023-10-06,9831
2371,大同,14,2,12,元大-四維,2023-10-06,9831
2605,新興,31,19,12,元大-四維,2023-10-06,9831
1609,大亞,13,1,12,元大-四維,2023-10-06,9831
3051,力特,16,5,11,元大-四維,2023-10-06,9831
2486,一詮,45,34,11,元大-四維,2023-10-06,9831
1618,合機,11,0,11,元大-四維,2023-10-06,9831
2641,正德,20,9,11,元大-四維,2023-10-06,9831
0056,元大高股息,20,9,11,元大-四維,2023-10-06,9831
2903,遠百,10,0,10,元大-四維,2023-10-06,9831
3694,海華,11,1,10,元大-四維,2023-10-06,9831
3537,堡達,10,0,10,元大-四維,2023-10-06,9831
2365,昆盈,35,25,10,元大-四維,2023-10-06,9831
3376,新日興,10,0,10,元大-四維,2023-10-06,9831
2332,友訊,10,0,10,元大-四維,2023-10-06,9831
00919,群益台灣精選高息,236,4,232,元大-四維,2023-10-11,9831
3231,緯創,392,247,145,元大-四維,2023-10-11,9831
3363,上詮,89,2,87,元大-四維,2023-10-11,9831
6274,台燿,84,18,66,元大-四維,2023-10-11,9831
2382,廣達,71,18,53,元大-四維,2023-10-11,9831
01003T,兆豐新光R1,50,0,50,元大-四維,2023-10-11,9831
00900,富邦特選高股息30,58,9,49,元大-四維,2023-10-11,9831
2356,英業達,60,14,46,元大-四維,2023-10-11,9831
2603,長榮,61,19,42,元大-四維,2023-10-11,9831
6138,茂達,41,1,40,元大-四維,2023-10-11,9831
4714,永捷,89,52,37,元大-四維,2023-10-11,9831
9906,欣巴巴,36,0,36,元大-四維,2023-10-11,9831
3481,群創,36,5,31,元大-四維,2023-10-11,9831
2609,陽明,36,6,30,元大-四維,2023-10-11,9831
0056,元大高股息,58,28,30,元大-四維,2023-10-11,9831
00637L,元大滬深300正2,40,10,30,元大-四維,2023-10-11,9831
2618,長榮航,63,36,27,元大-四維,2023-10-11,9831
00679B,元大美債20年,27,0,27,元大-四維,2023-10-11,9831
00915,凱基優選高股息30,27,2,25,元大-四維,2023-10-11,9831
3596,智易,24,0,24,元大-四維,2023-10-11,9831
8476,台境*,24,0,24,元大-四維,2023-10-11,9831
2637,慧洋-KY,30,7,23,元大-四維,2023-10-11,9831
00673R,期元大S＆P原油反1,23,1,22,元大-四維,2023-10-11,9831
00687B,國泰20年美債,26,5,21,元大-四維,2023-10-11,9831
3617,碩天,21,0,21,元大-四維,2023-10-11,9831
2340,台亞,21,0,21,元大-四維,2023-10-11,9831
3013,晟銘電,37,16,21,元大-四維,2023-10-11,9831
1314,中石化,59,38,21,元大-四維,2023-10-11,9831
2427,三商電,22,2,20,元大-四維,2023-10-11,9831
020038,元大ESG配息N,20,0,20,元大-四維,2023-10-11,9831
2727,王品,20,0,20,元大-四維,2023-10-11,9831
8086,宏捷科,21,1,20,元大-四維,2023-10-11,9831
3325,旭品,81,61,20,元大-四維,2023-10-11,9831
3006,晶豪科,39,20,19,元大-四維,2023-10-11,9831
2002,中鋼,19,1,18,元大-四維,2023-10-11,9831
6170,統振,17,0,17,元大-四維,2023-10-11,9831
00712,復華富時不動產,18,1,17,元大-四維,2023-10-11,9831
1522,堤維西,17,1,16,元大-四維,2023-10-11,9831
1609,大亞,16,0,16,元大-四維,2023-10-11,9831
2421,建準,17,2,15,元大-四維,2023-10-11,9831
2369,菱生,22,7,15,元大-四維,2023-10-11,9831
2428,興勤,15,0,15,元大-四維,2023-10-11,9831
2641,正德,24,9,15,元大-四維,2023-10-11,9831
2014,中鴻,14,0,14,元大-四維,2023-10-11,9831
2353,宏��,17,3,14,元大-四維,2023-10-11,9831
2332,友訊,14,0,14,元大-四維,2023-10-11,9831
4939,亞電,14,0,14,元大-四維,2023-10-11,9831
1584,精剛,26,12,14,元大-四維,2023-10-11,9831
00922,國泰台灣領袖50,13,0,13,元大-四維,2023-10-11,9831
3005,神基,13,1,12,元大-四維,2023-10-11,9831
00673R,期元大S＆P原油反1,127,25,102,元大-四維,2023-10-12,9831
5009,榮剛,92,4,88,元大-四維,2023-10-12,9831
4167,松瑞藥,84,2,82,元大-四維,2023-10-12,9831
2313,華通,74,19,55,元大-四維,2023-10-12,9831
1409,新纖,52,2,50,元大-四維,2023-10-12,9831
00753L,中信中國50正2,50,1,49,元大-四維,2023-10-12,9831
2537,聯上發,45,0,45,元大-四維,2023-10-12,9831
00919,群益台灣精選高息,44,3,41,元大-四維,2023-10-12,9831
00893,國泰智能電動車,60,25,35,元大-四維,2023-10-12,9831
6148,驊宏資,39,7,32,元大-四維,2023-10-12,9831
2303,聯電,63,33,30,元大-四維,2023-10-12,9831
1568,倉佑,32,2,30,元大-四維,2023-10-12,9831
00712,復華富時不動產,27,0,27,元大-四維,2023-10-12,9831
00929,復華台灣科技優息,34,9,25,元大-四維,2023-10-12,9831
6285,啟��,28,7,21,元大-四維,2023-10-12,9831
2915,潤泰全,20,0,20,元大-四維,2023-10-12,9831
2412,中華電,21,1,20,元大-四維,2023-10-12,9831
2891,中信金,55,36,19,元大-四維,2023-10-12,9831
2538,基泰,29,10,19,元大-四維,2023-10-12,9831
00680L,元大美債20正2,19,0,19,元大-四維,2023-10-12,9831
5469,瀚宇博,16,0,16,元大-四維,2023-10-12,9831
2606,裕民,20,5,15,元大-四維,2023-10-12,9831
2382,廣達,26,12,14,元大-四維,2023-10-12,9831
00720B,元大投資級公司債,15,1,14,元大-四維,2023-10-12,9831
6274,台燿,19,6,13,元大-四維,2023-10-12,9831
2486,一詮,23,10,13,元大-四維,2023-10-12,9831
00632R,元大台灣50反1,14,2,12,元大-四維,2023-10-12,9831
3311,閎暉,15,3,12,元大-四維,2023-10-12,9831
8050,廣積,11,0,11,元大-四維,2023-10-12,9831
00725B,國泰投資級公司債,11,0,11,元大-四維,2023-10-12,9831
6152,百一,11,0,11,元大-四維,2023-10-12,9831
2892,第一金,10,0,10,元大-四維,2023-10-12,9831
3706,神達,20,10,10,元大-四維,2023-10-12,9831
2393,億光,10,0,10,元大-四維,2023-10-12,9831
4977,眾達-KY,10,0,10,元大-四維,2023-10-12,9831
00715L,期街口布蘭特正2,10,0,10,元大-四維,2023-10-12,9831
8476,台境*,10,0,10,元大-四維,2023-10-12,9831
6189,豐藝,14,4,10,元大-四維,2023-10-12,9831
4714,永捷,26,16,10,元大-四維,2023-10-12,9831
00795B,中信美國公債20年,10,0,10,元大-四維,2023-10-12,9831
3287,廣寰科,10,0,10,元大-四維,2023-10-12,9831
4173,久裕,10,0,10,元大-四維,2023-10-12,9831
2002,中鋼,12,3,9,元大-四維,2023-10-12,9831
3576,聯合再生,9,0,9,元大-四維,2023-10-12,9831
3234,光環,9,0,9,元大-四維,2023-10-12,9831
2641,正德,13,4,9,元大-四維,2023-10-12,9831
00679B,元大美債20年,11,3,8,元大-四維,2023-10-12,9831
8027,鈦昇,8,0,8,元大-四維,2023-10-12,9831
2352,佳世達,9,1,8,元大-四維,2023-10-12,9831
3057,喬鼎,8,0,8,元大-四維,2023-10-12,9831
00632R,元大台灣50反1,290,10,280,元大-四維,2023-10-13,9831
2409,友達,192,1,191,元大-四維,2023-10-13,9831
2382,廣達,162,44,118,元大-四維,2023-10-13,9831
2618,長榮航,117,9,108,元大-四維,2023-10-13,9831
0056,元大高股息,87,12,75,元大-四維,2023-10-13,9831
2301,光寶科,71,3,68,元大-四維,2023-10-13,9831
00919,群益台灣精選高息,67,6,61,元大-四維,2023-10-13,9831
2615,萬海,58,0,58,元大-四維,2023-10-13,9831
00637L,元大滬深300正2,56,0,56,元大-四維,2023-10-13,9831
1101,台泥,80,24,56,元大-四維,2023-10-13,9831
1905,華紙,112,58,54,元大-四維,2023-10-13,9831
2883,凱基金,67,15,52,元大-四維,2023-10-13,9831
00878,國泰永續高股息,56,6,50,元大-四維,2023-10-13,9831
4979,華星光,70,23,47,元大-四維,2023-10-13,9831
00655L,國泰中國A50正2,40,0,40,元大-四維,2023-10-13,9831
6485,點序,40,2,38,元大-四維,2023-10-13,9831
2913,農林,47,10,37,元大-四維,2023-10-13,9831
00929,復華台灣科技優息,68,32,36,元大-四維,2023-10-13,9831
00922,國泰台灣領袖50,46,12,34,元大-四維,2023-10-13,9831
00679B,元大美債20年,33,0,33,元大-四維,2023-10-13,9831
2376,技嘉,33,4,29,元大-四維,2023-10-13,9831
00720B,元大投資級公司債,27,0,27,元大-四維,2023-10-13,9831
2727,王品,27,0,27,元大-四維,2023-10-13,9831
2356,英業達,52,26,26,元大-四維,2023-10-13,9831
00772B,中信高評級公司債,25,0,25,元大-四維,2023-10-13,9831
2367,燿華,26,1,25,元大-四維,2023-10-13,9831
2101,南港,25,1,24,元大-四維,2023-10-13,9831
2537,聯上發,22,0,22,元大-四維,2023-10-13,9831
3231,緯創,222,200,22,元大-四維,2023-10-13,9831
8996,高力,22,1,21,元大-四維,2023-10-13,9831
8027,鈦昇,21,0,21,元大-四維,2023-10-13,9831
5608,四維航,22,1,21,元大-四維,2023-10-13,9831
00915,凱基優選高股息30,21,0,21,元大-四維,2023-10-13,9831
00751B,元大AAA至A公司債,20,0,20,元大-四維,2023-10-13,9831
6111,大宇資,20,0,20,元大-四維,2023-10-13,9831
3625,西勝,20,0,20,元大-四維,2023-10-13,9831
00931B,統一美債20年,20,0,20,元大-四維,2023-10-13,9831
3483,力致,33,15,18,元大-四維,2023-10-13,9831
00680L,元大美債20正2,18,0,18,元大-四維,2023-10-13,9831
4162,智擎,26,10,16,元大-四維,2023-10-13,9831
2344,華邦電,18,2,16,元大-四維,2023-10-13,9831
1609,大亞,17,1,16,元大-四維,2023-10-13,9831
2881,富邦金,17,1,16,元大-四維,2023-10-13,9831
6257,矽格,24,9,15,元大-四維,2023-10-13,9831
00650L,復華香港正2,15,0,15,元大-四維,2023-10-13,9831
00905,FT臺灣Smart,15,0,15,元大-四維,2023-10-13,9831
2402,毅嘉,14,0,14,元大-四維,2023-10-13,9831
2305,全友,15,2,13,元大-四維,2023-10-13,9831
2412,中華電,13,0,13,元大-四維,2023-10-13,9831
3037,欣興,13,0,13,元大-四維,2023-10-13,9831
2344,華邦電,445,25,420,元大-四維,2023-10-16,9831
2515,中工,253,57,196,元大-四維,2023-10-16,9831
0056,元大高股息,180,16,164,元大-四維,2023-10-16,9831
1314,中石化,269,110,159,元大-四維,2023-10-16,9831
00929,復華台灣科技優息,144,10,134,元大-四維,2023-10-16,9831
2618,長榮航,133,10,123,元大-四維,2023-10-16,9831
00632R,元大台灣50反1,161,100,61,元大-四維,2023-10-16,9831
2201,裕隆,72,12,60,元大-四維,2023-10-16,9831
6244,茂迪,63,5,58,元大-四維,2023-10-16,9831
8088,品安,57,0,57,元大-四維,2023-10-16,9831
2867,三商壽,55,0,55,元大-四維,2023-10-16,9831
2025,千興,53,0,53,元大-四維,2023-10-16,9831
2369,菱生,50,8,42,元大-四維,2023-10-16,9831
00919,群益台灣精選高息,40,0,40,元大-四維,2023-10-16,9831
2353,宏��,43,5,38,元大-四維,2023-10-16,9831
3231,緯創,82,46,36,元大-四維,2023-10-16,9831
00715L,期街口布蘭特正2,49,15,34,元大-四維,2023-10-16,9831
1605,華新,42,9,33,元大-四維,2023-10-16,9831
3706,神達,189,156,33,元大-四維,2023-10-16,9831
4967,十銓,33,2,31,元大-四維,2023-10-16,9831
2838,聯邦銀,30,0,30,元大-四維,2023-10-16,9831
2313,華通,37,8,29,元大-四維,2023-10-16,9831
5371,中光電,25,0,25,元大-四維,2023-10-16,9831
2615,萬海,26,1,25,元大-四維,2023-10-16,9831
6282,康舒,23,0,23,元大-四維,2023-10-16,9831
6806,森崴能源,21,0,21,元大-四維,2023-10-16,9831
00712,復華富時不動產,24,3,21,元大-四維,2023-10-16,9831
3013,晟銘電,23,3,20,元大-四維,2023-10-16,9831
8936,國統,61,41,20,元大-四維,2023-10-16,9831
1609,大亞,19,0,19,元大-四維,2023-10-16,9831
00878,國泰永續高股息,26,7,19,元大-四維,2023-10-16,9831
8996,高力,21,3,18,元大-四維,2023-10-16,9831
2305,全友,18,0,18,元大-四維,2023-10-16,9831
00637L,元大滬深300正2,17,0,17,元大-四維,2023-10-16,9831
6205,詮欣,17,0,17,元大-四維,2023-10-16,9831
6411,晶焱,17,0,17,元大-四維,2023-10-16,9831
00922,國泰台灣領袖50,16,0,16,元大-四維,2023-10-16,9831
8050,廣積,20,4,16,元大-四維,2023-10-16,9831
6120,達運,20,4,16,元大-四維,2023-10-16,9831
00641R,富邦日本反1,15,0,15,元大-四維,2023-10-16,9831
3532,台勝科,15,0,15,元大-四維,2023-10-16,9831
00648R,元大S＆P500反1,15,0,15,元大-四維,2023-10-16,9831
2338,光罩,15,0,15,元大-四維,2023-10-16,9831
1524,耿鼎,19,5,14,元大-四維,2023-10-16,9831
2329,華泰,33,19,14,元大-四維,2023-10-16,9831
5608,四維航,15,1,14,元大-四維,2023-10-16,9831
9906,欣巴巴,14,0,14,元大-四維,2023-10-16,9831
00679B,元大美債20年,13,1,12,元大-四維,2023-10-16,9831
1101,台泥,18,6,12,元大-四維,2023-10-16,9831
6690,安�硌穈T,12,0,12,元大-四維,2023-10-16,9831
0056,元大高股息,159,5,154,元大-四維,2023-10-17,9831
00929,復華台灣科技優息,118,5,113,元大-四維,2023-10-17,9831
3481,群創,110,0,110,元大-四維,2023-10-17,9831
2891,中信金,103,1,102,元大-四維,2023-10-17,9831
00922,國泰台灣領袖50,80,1,79,元大-四維,2023-10-17,9831
2313,華通,137,59,78,元大-四維,2023-10-17,9831
00878,國泰永續高股息,61,2,59,元大-四維,2023-10-17,9831
8027,鈦昇,50,0,50,元大-四維,2023-10-17,9831
00931B,統一美債20年,48,1,47,元大-四維,2023-10-17,9831
3376,新日興,47,3,44,元大-四維,2023-10-17,9831
2201,裕隆,53,14,39,元大-四維,2023-10-17,9831
1314,中石化,99,63,36,元大-四維,2023-10-17,9831
00679B,元大美債20年,34,0,34,元大-四維,2023-10-17,9831
1522,堤維西,44,11,33,元大-四維,2023-10-17,9831
6538,倉和,33,0,33,元大-四維,2023-10-17,9831
1612,宏泰,32,0,32,元大-四維,2023-10-17,9831
00687B,國泰20年美債,32,0,32,元大-四維,2023-10-17,9831
3268,海德威,30,0,30,元大-四維,2023-10-17,9831
2363,矽統,261,232,29,元大-四維,2023-10-17,9831
2439,美律,29,0,29,元大-四維,2023-10-17,9831
6669,緯穎,28,3,25,元大-四維,2023-10-17,9831
8054,安國,38,14,24,元大-四維,2023-10-17,9831
00720B,元大投資級公司債,35,11,24,元大-四維,2023-10-17,9831
1609,大亞,30,7,23,元大-四維,2023-10-17,9831
2838,聯邦銀,22,0,22,元大-四維,2023-10-17,9831
2367,燿華,22,0,22,元大-四維,2023-10-17,9831
2409,友達,20,0,20,元大-四維,2023-10-17,9831
00900,富邦特選高股息30,20,0,20,元大-四維,2023-10-17,9831
00655L,國泰中國A50正2,20,0,20,元大-四維,2023-10-17,9831
00918,大華優利高填息30,20,0,20,元大-四維,2023-10-17,9831
9103,美德醫療-DR,20,0,20,元大-四維,2023-10-17,9831
2029,盛餘,20,0,20,元大-四維,2023-10-17,9831
4137,麗豐-KY,20,0,20,元大-四維,2023-10-17,9831
2442,新美齊,20,0,20,元大-四維,2023-10-17,9831
1905,華紙,30,10,20,元大-四維,2023-10-17,9831
2301,光寶科,27,7,20,元大-四維,2023-10-17,9831
00772B,中信高評級公司債,19,0,19,元大-四維,2023-10-17,9831
020039,元大加權N,19,0,19,元大-四維,2023-10-17,9831
3483,力致,20,2,18,元大-四維,2023-10-17,9831
2382,廣達,35,17,18,元大-四維,2023-10-17,9831
00751B,元大AAA至A公司債,22,4,18,元大-四維,2023-10-17,9831
3234,光環,20,3,17,元大-四維,2023-10-17,9831
6530,創威,19,2,17,元大-四維,2023-10-17,9831
6274,台燿,25,9,16,元大-四維,2023-10-17,9831
2641,正德,16,0,16,元大-四維,2023-10-17,9831
3138,耀登,16,1,15,元大-四維,2023-10-17,9831
2352,佳世達,14,0,14,元大-四維,2023-10-17,9831
5880,合庫金,13,0,13,元大-四維,2023-10-17,9831
3078,僑威,38,25,13,元大-四維,2023-10-17,9831
6753,龍德造船,13,0,13,元大-四維,2023-10-17,9831
00929,復華台灣科技優息,270,47,223,元大-四維,2023-10-18,9831
1815,富喬,234,14,220,元大-四維,2023-10-18,9831
0056,元大高股息,211,5,206,元大-四維,2023-10-18,9831
2002,中鋼,113,5,108,元大-四維,2023-10-18,9831
00922,國泰台灣領袖50,109,1,108,元大-四維,2023-10-18,9831
00878,國泰永續高股息,137,34,103,元大-四維,2023-10-18,9831
1314,中石化,112,45,67,元大-四維,2023-10-18,9831
00919,群益台灣精選高息,88,25,63,元大-四維,2023-10-18,9831
2344,華邦電,62,2,60,元大-四維,2023-10-18,9831
00888,永豐台灣ESG,57,0,57,元大-四維,2023-10-18,9831
1101,台泥,56,5,51,元大-四維,2023-10-18,9831
2905,三商,50,0,50,元大-四維,2023-10-18,9831
2603,長榮,48,2,46,元大-四維,2023-10-18,9831
00713,元大台灣高息低波,44,0,44,元大-四維,2023-10-18,9831
00772B,中信高評級公司債,44,0,44,元大-四維,2023-10-18,9831
3231,緯創,637,598,39,元大-四維,2023-10-18,9831
3706,神達,151,117,34,元大-四維,2023-10-18,9831
6770,力積電,35,2,33,元大-四維,2023-10-18,9831
2382,廣達,68,35,33,元大-四維,2023-10-18,9831
8936,國統,41,10,31,元大-四維,2023-10-18,9831
8088,品安,30,0,30,元大-四維,2023-10-18,9831
2023,燁輝,38,8,30,元大-四維,2023-10-18,9831
9105,泰金寶-DR,30,1,29,元大-四維,2023-10-18,9831
5608,四維航,30,3,27,元大-四維,2023-10-18,9831
2201,裕隆,98,72,26,元大-四維,2023-10-18,9831
2883,凱基金,25,0,25,元大-四維,2023-10-18,9831
00751B,元大AAA至A公司債,24,0,24,元大-四維,2023-10-18,9831
3105,穩懋,29,5,24,元大-四維,2023-10-18,9831
00720B,元大投資級公司債,23,0,23,元大-四維,2023-10-18,9831
8050,廣積,23,1,22,元大-四維,2023-10-18,9831
2371,大同,28,6,22,元大-四維,2023-10-18,9831
2392,正崴,22,0,22,元大-四維,2023-10-18,9831
00722B,群益投資級電信債,22,0,22,元大-四維,2023-10-18,9831
020038,元大ESG配息N,21,0,21,元大-四維,2023-10-18,9831
9907,統一實,20,0,20,元大-四維,2023-10-18,9831
3325,旭品,20,0,20,元大-四維,2023-10-18,9831
2412,中華電,20,0,20,元大-四維,2023-10-18,9831
1303,南亞,20,1,19,元大-四維,2023-10-18,9831
00891,中信關鍵半導體,19,1,18,元大-四維,2023-10-18,9831
4967,十銓,22,4,18,元大-四維,2023-10-18,9831
3406,玉晶光,16,0,16,元大-四維,2023-10-18,9831
5225,東科-KY,18,2,16,元大-四維,2023-10-18,9831
6533,晶心科,17,1,16,元大-四維,2023-10-18,9831
00931B,統一美債20年,15,0,15,元大-四維,2023-10-18,9831
1609,大亞,16,1,15,元大-四維,2023-10-18,9831
00905,FT臺灣Smart,15,0,15,元大-四維,2023-10-18,9831
2520,冠德,15,0,15,元大-四維,2023-10-18,9831
2329,華泰,35,20,15,元大-四維,2023-10-18,9831
3003,健和興,15,0,15,元大-四維,2023-10-18,9831
6153,嘉聯益,15,0,15,元大-四維,2023-10-18,9831
0056,元大高股息,207,7,200,元大-四維,2023-10-19,9831
00929,復華台灣科技優息,90,4,86,元大-四維,2023-10-19,9831
2618,長榮航,112,29,83,元大-四維,2023-10-19,9831
1101,台泥,83,3,80,元大-四維,2023-10-19,9831
00933B,國泰10Y+金融債,77,1,76,元大-四維,2023-10-19,9831
00878,國泰永續高股息,71,5,66,元大-四維,2023-10-19,9831
1504,東元,62,1,61,元大-四維,2023-10-19,9831
2897,王道銀行,53,2,51,元大-四維,2023-10-19,9831
00632R,元大台灣50反1,50,0,50,元大-四維,2023-10-19,9831
00720B,元大投資級公司債,49,0,49,元大-四維,2023-10-19,9831
2002,中鋼,49,2,47,元大-四維,2023-10-19,9831
3037,欣興,49,2,47,元大-四維,2023-10-19,9831
00637L,元大滬深300正2,47,0,47,元大-四維,2023-10-19,9831
2885,元大金,60,14,46,元大-四維,2023-10-19,9831
00650L,復華香港正2,40,0,40,元大-四維,2023-10-19,9831
00687B,國泰20年美債,38,0,38,元大-四維,2023-10-19,9831
00751B,元大AAA至A公司債,46,10,36,元大-四維,2023-10-19,9831
1815,富喬,36,1,35,元大-四維,2023-10-19,9831
5009,榮剛,66,31,35,元大-四維,2023-10-19,9831
00712,復華富時不動產,34,0,34,元大-四維,2023-10-19,9831
2393,億光,30,1,29,元大-四維,2023-10-19,9831
1905,華紙,36,9,27,元大-四維,2023-10-19,9831
2883,凱基金,26,0,26,元大-四維,2023-10-19,9831
2409,友達,38,12,26,元大-四維,2023-10-19,9831
2353,宏��,28,2,26,元大-四維,2023-10-19,9831
00895,富邦未來車,26,0,26,元大-四維,2023-10-19,9831
2376,技嘉,27,3,24,元大-四維,2023-10-19,9831
2317,鴻海,24,0,24,元大-四維,2023-10-19,9831
0050,元大台灣50,22,0,22,元大-四維,2023-10-19,9831
5880,合庫金,23,2,21,元大-四維,2023-10-19,9831
00902,中信電池及儲能,21,0,21,元大-四維,2023-10-19,9831
2458,義隆,21,1,20,元大-四維,2023-10-19,9831
2820,華票,20,0,20,元大-四維,2023-10-19,9831
2332,友訊,20,0,20,元大-四維,2023-10-19,9831
6134,萬旭,20,0,20,元大-四維,2023-10-19,9831
00655L,國泰中國A50正2,20,0,20,元大-四維,2023-10-19,9831
00922,國泰台灣領袖50,21,2,19,元大-四維,2023-10-19,9831
00772B,中信高評級公司債,17,0,17,元大-四維,2023-10-19,9831
8044,網家,15,0,15,元大-四維,2023-10-19,9831
00885,富邦越南,15,0,15,元大-四維,2023-10-19,9831
00665L,富邦�琤肭磪囓�2,35,20,15,元大-四維,2023-10-19,9831
1319,東陽,15,1,14,元大-四維,2023-10-19,9831
3548,兆利,14,0,14,元大-四維,2023-10-19,9831
00795B,中信美國公債20年,14,0,14,元大-四維,2023-10-19,9831
00919,群益台灣精選高息,13,0,13,元大-四維,2023-10-19,9831
3231,緯創,54,41,13,元大-四維,2023-10-19,9831
2891,中信金,13,0,13,元大-四維,2023-10-19,9831
1220,台榮,13,0,13,元大-四維,2023-10-19,9831
4967,十銓,17,4,13,元大-四維,2023-10-19,9831
00931B,統一美債20年,13,0,13,元大-四維,2023-10-19,9831
00929,復華台灣科技優息,254,12,242,元大-四維,2023-10-20,9831
00712,復華富時不動產,208,0,208,元大-四維,2023-10-20,9831
2610,華航,130,6,124,元大-四維,2023-10-20,9831
00753L,中信中國50正2,106,1,105,元大-四維,2023-10-20,9831
00878,國泰永續高股息,102,8,94,元大-四維,2023-10-20,9831
2002,中鋼,116,36,80,元大-四維,2023-10-20,9831
2883,凱基金,75,10,65,元大-四維,2023-10-20,9831
0056,元大高股息,84,23,61,元大-四維,2023-10-20,9831
00772B,中信高評級公司債,60,0,60,元大-四維,2023-10-20,9831
2834,臺企銀,61,10,51,元大-四維,2023-10-20,9831
2905,三商,50,0,50,元大-四維,2023-10-20,9831
2201,裕隆,51,6,45,元大-四維,2023-10-20,9831
00919,群益台灣精選高息,44,0,44,元大-四維,2023-10-20,9831
1101,台泥,44,2,42,元大-四維,2023-10-20,9831
2838,聯邦銀,41,0,41,元大-四維,2023-10-20,9831
00687B,國泰20年美債,37,0,37,元大-四維,2023-10-20,9831
1314,中石化,92,55,37,元大-四維,2023-10-20,9831
1104,環泥,36,0,36,元大-四維,2023-10-20,9831
2382,廣達,62,32,30,元大-四維,2023-10-20,9831
2897,王道銀行,30,0,30,元大-四維,2023-10-20,9831
6167,久正,30,0,30,元大-四維,2023-10-20,9831
8390,金益鼎,31,1,30,元大-四維,2023-10-20,9831
6770,力積電,38,9,29,元大-四維,2023-10-20,9831
2606,裕民,34,6,28,元大-四維,2023-10-20,9831
00751B,元大AAA至A公司債,25,0,25,元大-四維,2023-10-20,9831
5425,台半,26,1,25,元大-四維,2023-10-20,9831
2344,華邦電,27,2,25,元大-四維,2023-10-20,9831
8358,金居,31,7,24,元大-四維,2023-10-20,9831
2892,第一金,24,0,24,元大-四維,2023-10-20,9831
2882,國泰金,26,3,23,元大-四維,2023-10-20,9831
5880,合庫金,43,20,23,元大-四維,2023-10-20,9831
00933B,國泰10Y+金融債,17,0,17,元大-四維,2023-10-20,9831
1303,南亞,16,0,16,元大-四維,2023-10-20,9831
00900,富邦特選高股息30,15,0,15,元大-四維,2023-10-20,9831
9958,世紀鋼,16,1,15,元大-四維,2023-10-20,9831
3325,旭品,22,7,15,元大-四維,2023-10-20,9831
2880,華南金,16,1,15,元大-四維,2023-10-20,9831
2340,台亞,14,0,14,元大-四維,2023-10-20,9831
00902,中信電池及儲能,13,0,13,元大-四維,2023-10-20,9831
1609,大亞,13,0,13,元大-四維,2023-10-20,9831
2867,三商壽,13,0,13,元大-四維,2023-10-20,9831
00637L,元大滬深300正2,16,3,13,元大-四維,2023-10-20,9831
5608,四維航,16,3,13,元大-四維,2023-10-20,9831
00713,元大台灣高息低波,24,11,13,元大-四維,2023-10-20,9831
00931B,統一美債20年,15,2,13,元大-四維,2023-10-20,9831
2618,長榮航,37,25,12,元大-四維,2023-10-20,9831
1217,愛之味,12,0,12,元大-四維,2023-10-20,9831
2887,台新金,18,6,12,元大-四維,2023-10-20,9831
1503,士電,12,1,11,元大-四維,2023-10-20,9831
4933,友輝,11,0,11,元大-四維,2023-10-20,9831
0056,元大高股息,372,3,369,元大-四維,2023-10-23,9831
00929,復華台灣科技優息,329,33,296,元大-四維,2023-10-23,9831
00878,國泰永續高股息,137,16,121,元大-四維,2023-10-23,9831
2002,中鋼,100,0,100,元大-四維,2023-10-23,9831
2888,新光金,102,2,100,元大-四維,2023-10-23,9831
3715,定穎投控,139,44,95,元大-四維,2023-10-23,9831
00712,復華富時不動產,80,1,79,元大-四維,2023-10-23,9831
2317,鴻海,94,16,78,元大-四維,2023-10-23,9831
2356,英業達,87,13,74,元大-四維,2023-10-23,9831
00919,群益台灣精選高息,125,52,73,元大-四維,2023-10-23,9831
1444,力麗,72,2,70,元大-四維,2023-10-23,9831
3006,晶豪科,63,0,63,元大-四維,2023-10-23,9831
00637L,元大滬深300正2,72,10,62,元大-四維,2023-10-23,9831
2801,彰銀,54,0,54,元大-四維,2023-10-23,9831
1101,台泥,46,6,40,元大-四維,2023-10-23,9831
2606,裕民,43,4,39,元大-四維,2023-10-23,9831
00679B,元大美債20年,36,0,36,元大-四維,2023-10-23,9831
3443,創意,41,13,28,元大-四維,2023-10-23,9831
2883,凱基金,27,0,27,元大-四維,2023-10-23,9831
00687B,國泰20年美債,25,0,25,元大-四維,2023-10-23,9831
4967,十銓,36,11,25,元大-四維,2023-10-23,9831
00772B,中信高評級公司債,24,0,24,元大-四維,2023-10-23,9831
2885,元大金,23,1,22,元大-四維,2023-10-23,9831
5880,合庫金,22,0,22,元大-四維,2023-10-23,9831
00751B,元大AAA至A公司債,21,0,21,元大-四維,2023-10-23,9831
2891,中信金,22,2,20,元大-四維,2023-10-23,9831
3481,群創,20,0,20,元大-四維,2023-10-23,9831
2344,華邦電,20,0,20,元大-四維,2023-10-23,9831
2605,新興,24,4,20,元大-四維,2023-10-23,9831
3706,神達,29,9,20,元大-四維,2023-10-23,9831
4714,永捷,22,3,19,元大-四維,2023-10-23,9831
00720B,元大投資級公司債,19,0,19,元大-四維,2023-10-23,9831
2201,裕隆,22,4,18,元大-四維,2023-10-23,9831
3325,旭品,19,1,18,元大-四維,2023-10-23,9831
4167,松瑞藥,22,5,17,元大-四維,2023-10-23,9831
2401,凌陽,21,4,17,元大-四維,2023-10-23,9831
00888,永豐台灣ESG,17,0,17,元大-四維,2023-10-23,9831
2881,富邦金,17,0,17,元大-四維,2023-10-23,9831
3260,威剛,26,10,16,元大-四維,2023-10-23,9831
2882,國泰金,15,0,15,元大-四維,2023-10-23,9831
00891,中信關鍵半導體,15,0,15,元大-四維,2023-10-23,9831
6156,松上,18,3,15,元大-四維,2023-10-23,9831
2409,友達,16,3,13,元大-四維,2023-10-23,9831
1303,南亞,13,0,13,元大-四維,2023-10-23,9831
2402,毅嘉,21,8,13,元大-四維,2023-10-23,9831
4401,東隆興,13,0,13,元大-四維,2023-10-23,9831
5608,四維航,13,0,13,元大-四維,2023-10-23,9831
00902,中信電池及儲能,12,0,12,元大-四維,2023-10-23,9831
3711,日月光投控,12,0,12,元大-四維,2023-10-23,9831
00680L,元大美債20正2,12,0,12,元大-四維,2023-10-23,9831
0056,元大高股息,134,7,127,元大-四維,2023-10-24,9831
2892,第一金,106,1,105,元大-四維,2023-10-24,9831
00650L,復華香港正2,119,22,97,元大-四維,2023-10-24,9831
00878,國泰永續高股息,74,3,71,元大-四維,2023-10-24,9831
00712,復華富時不動產,64,0,64,元大-四維,2023-10-24,9831
3481,群創,73,15,58,元大-四維,2023-10-24,9831
2002,中鋼,61,7,54,元大-四維,2023-10-24,9831
2317,鴻海,83,32,51,元大-四維,2023-10-24,9831
00919,群益台灣精選高息,58,15,43,元大-四維,2023-10-24,9831
4167,松瑞藥,56,14,42,元大-四維,2023-10-24,9831
2913,農林,41,0,41,元大-四維,2023-10-24,9831
2363,矽統,59,22,37,元大-四維,2023-10-24,9831
2883,凱基金,41,6,35,元大-四維,2023-10-24,9831
2457,飛宏,34,4,30,元大-四維,2023-10-24,9831
1101,台泥,29,0,29,元大-四維,2023-10-24,9831
6901,鑽石投資,25,1,24,元大-四維,2023-10-24,9831
2498,宏達電,23,1,22,元大-四維,2023-10-24,9831
3715,定穎投控,73,53,20,元大-四維,2023-10-24,9831
3576,聯合再生,28,8,20,元大-四維,2023-10-24,9831
5608,四維航,21,1,20,元大-四維,2023-10-24,9831
5398,慕康生醫,20,0,20,元大-四維,2023-10-24,9831
1444,力麗,20,0,20,元大-四維,2023-10-24,9831
8110,華東,27,8,19,元大-四維,2023-10-24,9831
2303,聯電,44,25,19,元大-四維,2023-10-24,9831
00637L,元大滬深300正2,27,10,17,元大-四維,2023-10-24,9831
1514,亞力,24,9,15,元大-四維,2023-10-24,9831
6547,高端疫苗,35,20,15,元大-四維,2023-10-24,9831
00915,凱基優選高股息30,15,0,15,元大-四維,2023-10-24,9831
2409,友達,17,3,14,元大-四維,2023-10-24,9831
2393,億光,14,0,14,元大-四維,2023-10-24,9831
3056,富華新,14,0,14,元大-四維,2023-10-24,9831
2329,華泰,28,14,14,元大-四維,2023-10-24,9831
2449,京元電子,30,16,14,元大-四維,2023-10-24,9831
3706,神達,119,106,13,元大-四維,2023-10-24,9831
1711,永光,23,10,13,元大-四維,2023-10-24,9831
00929,復華台灣科技優息,66,54,12,元大-四維,2023-10-24,9831
2344,華邦電,23,11,12,元大-四維,2023-10-24,9831
1815,富喬,14,3,11,元大-四維,2023-10-24,9831
1513,中興電,11,0,11,元大-四維,2023-10-24,9831
3704,合勤控,17,6,11,元大-四維,2023-10-24,9831
2208,台船,12,1,11,元大-四維,2023-10-24,9831
6550,北極星藥業-KY,11,0,11,元大-四維,2023-10-24,9831
00713,元大台灣高息低波,10,0,10,元大-四維,2023-10-24,9831
2388,威盛,27,17,10,元大-四維,2023-10-24,9831
00857B,永豐20年美公債,10,0,10,元大-四維,2023-10-24,9831
8092,建暐,10,0,10,元大-四維,2023-10-24,9831
3284,太普高,10,0,10,元大-四維,2023-10-24,9831
1301,台塑,9,0,9,元大-四維,2023-10-24,9831
9950,萬國通,9,0,9,元大-四維,2023-10-24,9831
3230,錦明,8,0,8,元大-四維,2023-10-24,9831
1605,華新,251,1,250,元大-四維,2023-10-25,9831
2486,一詮,154,2,152,元大-四維,2023-10-25,9831
6548,長科*,70,0,70,元大-四維,2023-10-25,9831
1609,大亞,70,3,67,元大-四維,2023-10-25,9831
2337,旺宏,55,8,47,元大-四維,2023-10-25,9831
3037,欣興,51,4,47,元大-四維,2023-10-25,9831
00712,復華富時不動產,41,1,40,元大-四維,2023-10-25,9831
2442,新美齊,40,0,40,元大-四維,2023-10-25,9831
3041,揚智,87,53,34,元大-四維,2023-10-25,9831
00650L,復華香港正2,30,0,30,元大-四維,2023-10-25,9831
3363,上詮,38,9,29,元大-四維,2023-10-25,9831
1220,台榮,26,0,26,元大-四維,2023-10-25,9831
4167,松瑞藥,22,0,22,元大-四維,2023-10-25,9831
3013,晟銘電,24,3,21,元大-四維,2023-10-25,9831
3006,晶豪科,25,5,20,元大-四維,2023-10-25,9831
5210,寶碩,20,0,20,元大-四維,2023-10-25,9831
2329,華泰,27,7,20,元大-四維,2023-10-25,9831
00772B,中信高評級公司債,18,0,18,元大-四維,2023-10-25,9831
2002,中鋼,55,37,18,元大-四維,2023-10-25,9831
00642U,期元大S＆P石油,17,0,17,元大-四維,2023-10-25,9831
2344,華邦電,17,1,16,元大-四維,2023-10-25,9831
1303,南亞,15,0,15,元大-四維,2023-10-25,9831
2353,宏��,16,1,15,元大-四維,2023-10-25,9831
6231,系微,16,2,14,元大-四維,2023-10-25,9831
0056,元大高股息,44,30,14,元大-四維,2023-10-25,9831
9958,世紀鋼,14,0,14,元大-四維,2023-10-25,9831
00902,中信電池及儲能,12,0,12,元大-四維,2023-10-25,9831
2421,建準,16,4,12,元大-四維,2023-10-25,9831
2488,漢平,12,0,12,元大-四維,2023-10-25,9831
2838,聯邦銀,11,0,11,元大-四維,2023-10-25,9831
1101,台泥,15,5,10,元大-四維,2023-10-25,9831
2406,國碩,10,0,10,元大-四維,2023-10-25,9831
2464,盟立,10,0,10,元大-四維,2023-10-25,9831
2836,高雄銀,10,0,10,元大-四維,2023-10-25,9831
4128,中天,16,6,10,元大-四維,2023-10-25,9831
1708,東鹼,10,0,10,元大-四維,2023-10-25,9831
3234,光環,10,0,10,元大-四維,2023-10-25,9831
00933B,國泰10Y+金融債,9,0,9,元大-四維,2023-10-25,9831
3176,基亞,11,2,9,元大-四維,2023-10-25,9831
2609,陽明,12,3,9,元大-四維,2023-10-25,9831
2409,友達,20,12,8,元大-四維,2023-10-25,9831
9955,佳龍,10,2,8,元大-四維,2023-10-25,9831
3287,廣寰科,8,0,8,元大-四維,2023-10-25,9831
2465,麗臺,12,4,8,元大-四維,2023-10-25,9831
00857B,永豐20年美公債,8,0,8,元大-四維,2023-10-25,9831
00679B,元大美債20年,8,1,7,元大-四維,2023-10-25,9831
2436,偉詮電,9,2,7,元大-四維,2023-10-25,9831
2884,玉山金,6,0,6,元大-四維,2023-10-25,9831
1301,台塑,6,0,6,元大-四維,2023-10-25,9831
2880,華南金,6,0,6,元大-四維,2023-10-25,9831
2323,中環,211,1,210,元大-四維,2023-10-26,9831
3491,昇達科,193,2,191,元大-四維,2023-10-26,9831
00929,復華台灣科技優息,193,7,186,元大-四維,2023-10-26,9831
00919,群益台灣精選高息,157,0,157,元大-四維,2023-10-26,9831
2801,彰銀,140,0,140,元大-四維,2023-10-26,9831
2303,聯電,123,16,107,元大-四維,2023-10-26,9831
2344,華邦電,109,8,101,元大-四維,2023-10-26,9831
2883,凱基金,95,1,94,元大-四維,2023-10-26,9831
2610,華航,112,20,92,元大-四維,2023-10-26,9831
1314,中石化,141,74,67,元大-四維,2023-10-26,9831
00878,國泰永續高股息,71,6,65,元大-四維,2023-10-26,9831
00712,復華富時不動產,74,10,64,元大-四維,2023-10-26,9831
0056,元大高股息,82,19,63,元大-四維,2023-10-26,9831
2606,裕民,72,22,50,元大-四維,2023-10-26,9831
00687B,國泰20年美債,46,5,41,元大-四維,2023-10-26,9831
2530,華建,40,0,40,元大-四維,2023-10-26,9831
6168,宏齊,42,2,40,元大-四維,2023-10-26,9831
00772B,中信高評級公司債,36,0,36,元大-四維,2023-10-26,9831
00713,元大台灣高息低波,35,0,35,元大-四維,2023-10-26,9831
2834,臺企銀,36,0,36,元大-四維,2023-10-26,9831
8358,金居,36,1,35,元大-四維,2023-10-26,9831
5880,合庫金,36,3,33,元大-四維,2023-10-26,9831
0050,元大台灣50,29,0,29,元大-四維,2023-10-26,9831
3450,聯鈞,38,11,27,元大-四維,2023-10-26,9831
5009,榮剛,29,3,26,元大-四維,2023-10-26,9831
00891,中信關鍵半導體,27,1,26,元大-四維,2023-10-26,9831
6243,迅杰,29,4,25,元大-四維,2023-10-26,9831
00885,富邦越南,25,0,25,元大-四維,2023-10-26,9831
2317,鴻海,26,2,24,元大-四維,2023-10-26,9831
2634,漢翔,25,1,24,元大-四維,2023-10-26,9831
2002,中鋼,36,13,23,元大-四維,2023-10-26,9831
1718,中纖,23,0,23,元大-四維,2023-10-26,9831
00751B,元大AAA至A公司債,23,0,23,元大-四維,2023-10-26,9831
3037,欣興,32,11,21,元大-四維,2023-10-26,9831
4552,力達-KY,21,0,21,元大-四維,2023-10-26,9831
4714,永捷,21,0,21,元大-四維,2023-10-26,9831
3576,聯合再生,21,0,21,元大-四維,2023-10-26,9831
00927,群益半導體收益,20,0,20,元大-四維,2023-10-26,9831
00795B,中信美國公債20年,20,0,20,元大-四維,2023-10-26,9831
2485,兆赫,30,10,20,元大-四維,2023-10-26,9831
3081,聯亞,20,2,18,元大-四維,2023-10-26,9831
2201,裕隆,20,2,18,元大-四維,2023-10-26,9831
6770,力積電,17,0,17,元大-四維,2023-10-26,9831
1210,大成,17,0,17,元大-四維,2023-10-26,9831
00720B,元大投資級公司債,16,0,16,元大-四維,2023-10-26,9831
1605,華新,21,5,16,元大-四維,2023-10-26,9831
2637,慧洋-KY,17,1,16,元大-四維,2023-10-26,9831
2020,美亞,16,0,16,元大-四維,2023-10-26,9831
00881,國泰台灣5G+,15,0,15,元大-四維,2023-10-26,9831
2409,友達,25,10,15,元大-四維,2023-10-26,9831
1815,富喬,220,0,220,元大-四維,2023-10-27,9831
00929,復華台灣科技優息,96,2,94,元大-四維,2023-10-27,9831
00712,復華富時不動產,64,0,64,元大-四維,2023-10-27,9831
2903,遠百,51,0,51,元大-四維,2023-10-27,9831
2905,三商,50,0,50,元大-四維,2023-10-27,9831
00637L,元大滬深300正2,51,6,45,元大-四維,2023-10-27,9831
00919,群益台灣精選高息,133,100,33,元大-四維,2023-10-27,9831
8358,金居,31,1,30,元大-四維,2023-10-27,9831
2607,榮運,28,1,27,元大-四維,2023-10-27,9831
2883,凱基金,26,0,26,元大-四維,2023-10-27,9831
2344,華邦電,23,1,22,元大-四維,2023-10-27,9831
2409,友達,20,0,20,元大-四維,2023-10-27,9831
2885,元大金,20,0,20,元大-四維,2023-10-27,9831
2002,中鋼,21,1,20,元大-四維,2023-10-27,9831
3105,穩懋,34,14,20,元大-四維,2023-10-27,9831
2489,瑞軒,20,0,20,元大-四維,2023-10-27,9831
3037,欣興,30,11,19,元大-四維,2023-10-27,9831
1721,三晃,40,23,17,元大-四維,2023-10-27,9831
2340,台亞,16,0,16,元大-四維,2023-10-27,9831
2412,中華電,15,0,15,元大-四維,2023-10-27,9831
5608,四維航,15,0,15,元大-四維,2023-10-27,9831
2303,聯電,25,11,14,元大-四維,2023-10-27,9831
3706,神達,22,9,13,元大-四維,2023-10-27,9831
3450,聯鈞,15,3,12,元大-四維,2023-10-27,9831
00891,中信關鍵半導體,12,0,12,元大-四維,2023-10-27,9831
2363,矽統,16,4,12,元大-四維,2023-10-27,9831
2449,京元電子,15,3,12,元大-四維,2023-10-27,9831
2454,聯發科,13,2,11,元大-四維,2023-10-27,9831
2324,仁寶,14,3,11,元大-四維,2023-10-27,9831
3707,漢磊,11,0,11,元大-四維,2023-10-27,9831
2329,華泰,23,12,11,元大-四維,2023-10-27,9831
6770,力積電,30,20,10,元大-四維,2023-10-27,9831
1220,台榮,10,0,10,元大-四維,2023-10-27,9831
2538,基泰,11,1,10,元大-四維,2023-10-27,9831
2305,全友,28,18,10,元大-四維,2023-10-27,9831
6418,詠昇,10,0,10,元大-四維,2023-10-27,9831
00671R,富邦NASDAQ反1,10,0,10,元大-四維,2023-10-27,9831
6223,旺矽,9,0,9,元大-四維,2023-10-27,9831
5426,振發,18,9,9,元大-四維,2023-10-27,9831
5009,榮剛,10,1,9,元大-四維,2023-10-27,9831
2353,宏��,9,1,8,元大-四維,2023-10-27,9831
00885,富邦越南,9,1,8,元大-四維,2023-10-27,9831
1736,喬山,8,0,8,元大-四維,2023-10-27,9831
1720,生達,8,0,8,元大-四維,2023-10-27,9831
2388,威盛,27,19,8,元大-四維,2023-10-27,9831
00632R,元大台灣50反1,8,0,8,元大-四維,2023-10-27,9831
5469,瀚宇博,15,7,8,元大-四維,2023-10-27,9831
2425,承啟,8,0,8,元大-四維,2023-10-27,9831
2317,鴻海,20,12,8,元大-四維,2023-10-27,9831
3714,富采,7,0,7,元大-四維,2023-10-27,9831
2002,中鋼,381,27,354,元大-四維,2023-10-30,9831
00637L,元大滬深300正2,63,6,57,元大-四維,2023-10-30,9831
2885,元大金,63,7,56,元大-四維,2023-10-30,9831
2485,兆赫,73,19,54,元大-四維,2023-10-30,9831
6213,聯茂,54,0,54,元大-四維,2023-10-30,9831
2317,鴻海,115,79,36,元大-四維,2023-10-30,9831
00687B,國泰20年美債,35,0,35,元大-四維,2023-10-30,9831
1314,中石化,39,4,35,元大-四維,2023-10-30,9831
00712,復華富時不動產,34,2,32,元大-四維,2023-10-30,9831
8110,華東,37,5,32,元大-四維,2023-10-30,9831
2330,台積電,29,2,27,元大-四維,2023-10-30,9831
3041,揚智,28,2,26,元大-四維,2023-10-30,9831
6244,茂迪,29,3,26,元大-四維,2023-10-30,9831
2618,長榮航,28,2,26,元大-四維,2023-10-30,9831
1471,首利,24,0,24,元大-四維,2023-10-30,9831
00885,富邦越南,24,0,24,元大-四維,2023-10-30,9831
00878,國泰永續高股息,26,4,22,元大-四維,2023-10-30,9831
4960,誠美材,28,8,20,元大-四維,2023-10-30,9831
2801,彰銀,20,0,20,元大-四維,2023-10-30,9831
1528,恩德,20,0,20,元大-四維,2023-10-30,9831
2890,永豐金,20,2,18,元大-四維,2023-10-30,9831
00679B,元大美債20年,36,19,17,元大-四維,2023-10-30,9831
2610,華航,17,0,17,元大-四維,2023-10-30,9831
2891,中信金,16,1,15,元大-四維,2023-10-30,9831
4532,瑞智,16,1,15,元大-四維,2023-10-30,9831
2337,旺宏,15,1,14,元大-四維,2023-10-30,9831
2353,宏��,21,8,13,元大-四維,2023-10-30,9831
00929,復華台灣科技優息,15,2,13,元大-四維,2023-10-30,9831
1303,南亞,16,4,12,元大-四維,2023-10-30,9831
2886,兆豐金,11,0,11,元大-四維,2023-10-30,9831
2303,聯電,23,12,11,元大-四維,2023-10-30,9831
6231,系微,13,2,11,元大-四維,2023-10-30,9831
6111,大宇資,11,0,11,元大-四維,2023-10-30,9831
6598,ABC-KY,11,0,11,元大-四維,2023-10-30,9831
6550,北極星藥業-KY,11,0,11,元大-四維,2023-10-30,9831
5234,達興材料,12,1,11,元大-四維,2023-10-30,9831
00902,中信電池及儲能,11,0,11,元大-四維,2023-10-30,9831
8176,智捷,10,0,10,元大-四維,2023-10-30,9831
3587,閎康,10,0,10,元大-四維,2023-10-30,9831
3701,大眾控,10,0,10,元大-四維,2023-10-30,9831
3022,威強電,10,0,10,元大-四維,2023-10-30,9831
4161,聿新科,10,0,10,元大-四維,2023-10-30,9831
6125,廣運,10,0,10,元大-四維,2023-10-30,9831
1711,永光,10,0,10,元大-四維,2023-10-30,9831
3209,全科,10,0,10,元大-四維,2023-10-30,9831
00720B,元大投資級公司債,19,10,9,元大-四維,2023-10-30,9831
0056,元大高股息,10,1,9,元大-四維,2023-10-30,9831
6024,群益期,9,0,9,元大-四維,2023-10-30,9831
8261,富鼎,9,0,9,元大-四維,2023-10-30,9831
3548,兆利,10,1,9,元大-四維,2023-10-30,9831
0056,元大高股息,269,88,181,元大-四維,2023-10-31,9831
00919,群益台灣精選高息,139,14,125,元大-四維,2023-10-31,9831
00929,復華台灣科技優息,113,24,89,元大-四維,2023-10-31,9831
00878,國泰永續高股息,95,21,74,元大-四維,2023-10-31,9831
2303,聯電,74,1,73,元大-四維,2023-10-31,9831
2442,新美齊,52,0,52,元大-四維,2023-10-31,9831
1711,永光,57,5,52,元大-四維,2023-10-31,9831
2027,大成鋼,52,1,51,元大-四維,2023-10-31,9831
2344,華邦電,74,24,50,元大-四維,2023-10-31,9831
2337,旺宏,49,0,49,元大-四維,2023-10-31,9831
2382,廣達,68,21,47,元大-四維,2023-10-31,9831
3715,定穎投控,133,87,46,元大-四維,2023-10-31,9831
1314,中石化,79,37,42,元大-四維,2023-10-31,9831
00712,復華富時不動產,38,1,37,元大-四維,2023-10-31,9831
5608,四維航,44,8,36,元大-四維,2023-10-31,9831
1444,力麗,34,0,34,元大-四維,2023-10-31,9831
2538,基泰,33,0,33,元大-四維,2023-10-31,9831
3372,典範,37,5,32,元大-四維,2023-10-31,9831
4105,東洋,30,0,30,元大-四維,2023-10-31,9831
8110,華東,33,3,30,元大-四維,2023-10-31,9831
00893,國泰智能電動車,26,1,25,元大-四維,2023-10-31,9831
0050,元大台灣50,26,1,25,元大-四維,2023-10-31,9831
6213,聯茂,24,0,24,元大-四維,2023-10-31,9831
3017,奇鋐,24,1,23,元大-四維,2023-10-31,9831
1605,華新,25,3,22,元大-四維,2023-10-31,9831
2883,凱基金,29,8,21,元大-四維,2023-10-31,9831
3704,合勤控,54,33,21,元大-四維,2023-10-31,9831
1760,寶齡富錦,23,3,20,元大-四維,2023-10-31,9831
4960,誠美材,29,9,20,元大-四維,2023-10-31,9831
9921,巨大,20,0,20,元大-四維,2023-10-31,9831
2530,華建,20,0,20,元大-四維,2023-10-31,9831
1708,東鹼,18,0,18,元大-四維,2023-10-31,9831
2308,台達電,17,0,17,元大-四維,2023-10-31,9831
2801,彰銀,17,0,17,元大-四維,2023-10-31,9831
1513,中興電,18,1,17,元大-四維,2023-10-31,9831
6243,迅杰,16,0,16,元大-四維,2023-10-31,9831
1815,富喬,18,3,15,元大-四維,2023-10-31,9831
5210,寶碩,15,0,15,元大-四維,2023-10-31,9831
6292,迅德,15,0,15,元大-四維,2023-10-31,9831
00665L,富邦�琤肭磪囓�2,15,1,14,元大-四維,2023-10-31,9831
2329,華泰,23,9,14,元大-四維,2023-10-31,9831
2301,光寶科,33,20,13,元大-四維,2023-10-31,9831
9958,世紀鋼,13,0,13,元大-四維,2023-10-31,9831
6235,華孚,18,5,13,元大-四維,2023-10-31,9831
5465,富驊,13,0,13,元大-四維,2023-10-31,9831
2353,宏��,24,11,13,元大-四維,2023-10-31,9831
00885,富邦越南,12,0,12,元大-四維,2023-10-31,9831
3041,揚智,28,16,12,元大-四維,2023-10-31,9831
1522,堤維西,13,1,12,元大-四維,2023-10-31,9831
3006,晶豪科,13,1,12,元大-四維,2023-10-31,9831
2027,大成鋼,204,2,202,元大-四維,2023-11-01,9831
00885,富邦越南,63,0,63,元大-四維,2023-11-01,9831
00878,國泰永續高股息,104,43,61,元大-四維,2023-11-01,9831
00929,復華台灣科技優息,64,10,54,元大-四維,2023-11-01,9831
1337,再生-KY,54,0,54,元大-四維,2023-11-01,9831
9919,康那香,60,10,50,元大-四維,2023-11-01,9831
2457,飛宏,49,6,43,元大-四維,2023-11-01,9831
00934,中信成長高股息,66,23,43,元大-四維,2023-11-01,9831
4915,致伸,41,2,39,元大-四維,2023-11-01,9831
00933B,國泰10Y+金融債,36,0,36,元大-四維,2023-11-01,9831
00679B,元大美債20年,35,0,35,元大-四維,2023-11-01,9831
2023,燁輝,34,0,34,元大-四維,2023-11-01,9831
2344,華邦電,32,0,32,元大-四維,2023-11-01,9831
2820,華票,30,0,30,元大-四維,2023-11-01,9831
1220,台榮,30,0,30,元大-四維,2023-11-01,9831
1314,中石化,83,53,30,元大-四維,2023-11-01,9831
00712,復華富時不動產,24,0,24,元大-四維,2023-11-01,9831
3481,群創,93,71,22,元大-四維,2023-11-01,9831
8110,華東,24,3,21,元大-四維,2023-11-01,9831
2530,華建,20,0,20,元大-四維,2023-11-01,9831
2442,新美齊,20,0,20,元大-四維,2023-11-01,9831
8088,品安,20,0,20,元大-四維,2023-11-01,9831
00935,野村臺灣新科技50,18,0,18,元大-四維,2023-11-01,9831
2409,友達,23,6,17,元大-四維,2023-11-01,9831
2353,宏��,21,4,17,元大-四維,2023-11-01,9831
5608,四維航,17,0,17,元大-四維,2023-11-01,9831
0056,元大高股息,23,6,17,元大-四維,2023-11-01,9831
5258,虹堡,30,14,16,元大-四維,2023-11-01,9831
2308,台達電,14,0,14,元大-四維,2023-11-01,9831
6284,佳邦,31,18,13,元大-四維,2023-11-01,9831
00642U,期元大S＆P石油,13,0,13,元大-四維,2023-11-01,9831
3037,欣興,192,180,12,元大-四維,2023-11-01,9831
2542,興富發,11,0,11,元大-四維,2023-11-01,9831
2915,潤泰全,11,0,11,元大-四維,2023-11-01,9831
5215,科嘉-KY,12,1,11,元大-四維,2023-11-01,9831
2317,鴻海,16,6,10,元大-四維,2023-11-01,9831
9921,巨大,10,0,10,元大-四維,2023-11-01,9831
3625,西勝,10,0,10,元大-四維,2023-11-01,9831
2903,遠百,10,0,10,元大-四維,2023-11-01,9831
6191,精成科,40,30,10,元大-四維,2023-11-01,9831
2430,燦坤,10,0,10,元大-四維,2023-11-01,9831
1721,三晃,20,11,9,元大-四維,2023-11-01,9831
3380,明泰,9,0,9,元大-四維,2023-11-01,9831
1524,耿鼎,11,2,9,元大-四維,2023-11-01,9831
00751B,元大AAA至A公司債,8,0,8,元大-四維,2023-11-01,9831
00922,國泰台灣領袖50,10,2,8,元大-四維,2023-11-01,9831
3264,欣銓,8,0,8,元大-四維,2023-11-01,9831
1708,東鹼,8,0,8,元大-四維,2023-11-01,9831
4934,太極,13,5,8,元大-四維,2023-11-01,9831
2454,聯發科,10,3,7,元大-四維,2023-11-01,9831
5521,工信,200,0,200,元大-四維,2023-11-02,9831
2618,長榮航,125,37,88,元大-四維,2023-11-02,9831
1609,大亞,77,0,77,元大-四維,2023-11-02,9831
00934,中信成長高股息,72,0,72,元大-四維,2023-11-02,9831
00935,野村臺灣新科技50,71,0,71,元大-四維,2023-11-02,9831
00900,富邦特選高股息30,60,14,46,元大-四維,2023-11-02,9831
00637L,元大滬深300正2,58,20,38,元大-四維,2023-11-02,9831
4915,致伸,35,5,30,元大-四維,2023-11-02,9831
00679B,元大美債20年,25,2,23,元大-四維,2023-11-02,9831
00631L,元大台灣50正2,22,0,22,元大-四維,2023-11-02,9831
2363,矽統,49,27,22,元大-四維,2023-11-02,9831
2845,遠東銀,20,0,20,元大-四維,2023-11-02,9831
9105,泰金寶-DR,20,0,20,元大-四維,2023-11-02,9831
6282,康舒,25,6,19,元大-四維,2023-11-02,9831
1444,力麗,20,2,18,元大-四維,2023-11-02,9831
2883,凱基金,20,4,16,元大-四維,2023-11-02,9831
00706L,期元大S＆P日圓正2,20,4,16,元大-四維,2023-11-02,9831
9906,欣巴巴,16,0,16,元大-四維,2023-11-02,9831
2609,陽明,16,1,15,元大-四維,2023-11-02,9831
6712,長聖,15,0,15,元大-四維,2023-11-02,9831
5347,世界,14,0,14,元大-四維,2023-11-02,9831
1514,亞力,14,0,14,元大-四維,2023-11-02,9831
6658,聯策,14,1,13,元大-四維,2023-11-02,9831
2367,燿華,52,40,12,元大-四維,2023-11-02,9831
6292,迅德,12,1,11,元大-四維,2023-11-02,9831
1560,中砂,11,0,11,元大-四維,2023-11-02,9831
5258,虹堡,17,7,10,元大-四維,2023-11-02,9831
2201,裕隆,12,2,10,元大-四維,2023-11-02,9831
2834,臺企銀,10,1,9,元大-四維,2023-11-02,9831
3706,神達,13,4,9,元大-四維,2023-11-02,9831
2743,山富,12,3,9,元大-四維,2023-11-02,9831
8044,網家,11,3,8,元大-四維,2023-11-02,9831
1785,光洋科,11,3,8,元大-四維,2023-11-02,9831
00878,國泰永續高股息,17,9,8,元大-四維,2023-11-02,9831
1605,華新,9,2,7,元大-四維,2023-11-02,9831
1788,杏昌,7,0,7,元大-四維,2023-11-02,9831
2476,鉅祥,8,1,7,元大-四維,2023-11-02,9831
3287,廣寰科,7,0,7,元大-四維,2023-11-02,9831
4909,新復興,10,3,7,元大-四維,2023-11-02,9831
1760,寶齡富錦,8,1,7,元大-四維,2023-11-02,9831
4162,智擎,15,9,6,元大-四維,2023-11-02,9831
8476,台境*,6,0,6,元大-四維,2023-11-02,9831
020039,元大加權N,8,2,6,元大-四維,2023-11-02,9831
1313,聯成,6,0,6,元大-四維,2023-11-02,9831
6901,鑽石投資,6,0,6,元大-四維,2023-11-02,9831
5388,中磊,6,0,6,元大-四維,2023-11-02,9831
6589,台康生技,6,0,6,元大-四維,2023-11-02,9831
2457,飛宏,19,13,6,元大-四維,2023-11-02,9831
3702,大聯大,14,9,5,元大-四維,2023-11-02,9831
9958,世紀鋼,7,2,5,元大-四維,2023-11-02,9831
2883,凱基金,174,6,168,元大-四維,2023-11-03,9831
00751B,元大AAA至A公司債,150,15,135,元大-四維,2023-11-03,9831
00933B,國泰10Y+金融債,155,25,130,元大-四維,2023-11-03,9831
2610,華航,143,57,86,元大-四維,2023-11-03,9831
1314,中石化,98,13,85,元大-四維,2023-11-03,9831
2363,矽統,264,201,63,元大-四維,2023-11-03,9831
00919,群益台灣精選高息,54,4,50,元大-四維,2023-11-03,9831
00679B,元大美債20年,50,0,50,元大-四維,2023-11-03,9831
1310,台苯,50,0,50,元大-四維,2023-11-03,9831
2801,彰銀,53,5,48,元大-四維,2023-11-03,9831
5508,永信建,53,7,46,元大-四維,2023-11-03,9831
00935,野村臺灣新科技50,45,0,45,元大-四維,2023-11-03,9831
3231,緯創,97,53,44,元大-四維,2023-11-03,9831
00878,國泰永續高股息,36,4,32,元大-四維,2023-11-03,9831
00900,富邦特選高股息30,51,20,31,元大-四維,2023-11-03,9831
00712,復華富時不動產,37,9,28,元大-四維,2023-11-03,9831
2317,鴻海,43,18,25,元大-四維,2023-11-03,9831
00931B,統一美債20年,22,1,21,元大-四維,2023-11-03,9831
2353,宏��,33,12,21,元大-四維,2023-11-03,9831
2014,中鴻,20,0,20,元大-四維,2023-11-03,9831
2838,聯邦銀,20,0,20,元大-四維,2023-11-03,9831
2458,義隆,30,13,17,元大-四維,2023-11-03,9831
5608,四維航,20,3,17,元大-四維,2023-11-03,9831
6472,保瑞,24,8,16,元大-四維,2023-11-03,9831
6789,采鈺,16,0,16,元大-四維,2023-11-03,9831
2023,燁輝,16,0,16,元大-四維,2023-11-03,9831
2498,宏達電,21,5,16,元大-四維,2023-11-03,9831
4167,松瑞藥,20,4,16,元大-四維,2023-11-03,9831
3056,富華新,15,0,15,元大-四維,2023-11-03,9831
4162,智擎,29,15,14,元大-四維,2023-11-03,9831
2367,燿華,19,5,14,元大-四維,2023-11-03,9831
00877,復華中國5G,13,0,13,元大-四維,2023-11-03,9831
1522,堤維西,13,0,13,元大-四維,2023-11-03,9831
4133,亞諾法,12,0,12,元大-四維,2023-11-03,9831
1586,和勤,12,0,12,元大-四維,2023-11-03,9831
2313,華通,63,51,12,元大-四維,2023-11-03,9831
2486,一詮,16,4,12,元大-四維,2023-11-03,9831
6901,鑽石投資,12,0,12,元大-四維,2023-11-03,9831
2454,聯發科,18,6,12,元大-四維,2023-11-03,9831
3017,奇鋐,11,0,11,元大-四維,2023-11-03,9831
2538,基泰,11,0,11,元大-四維,2023-11-03,9831
8150,南茂,29,18,11,元大-四維,2023-11-03,9831
8163,達方,16,5,11,元大-四維,2023-11-03,9831
2337,旺宏,11,1,10,元大-四維,2023-11-03,9831
2820,華票,10,0,10,元大-四維,2023-11-03,9831
2845,遠東銀,10,0,10,元大-四維,2023-11-03,9831
2393,億光,10,0,10,元大-四維,2023-11-03,9831
1104,環泥,10,0,10,元大-四維,2023-11-03,9831
5706,鳳凰,10,0,10,元大-四維,2023-11-03,9831
0056,元大高股息,15,6,9,元大-四維,2023-11-03,9831
2618,長榮航,203,21,182,元大-四維,2023-11-06,9831
00632R,元大台灣50反1,136,10,126,元大-四維,2023-11-06,9831
00929,復華台灣科技優息,185,90,95,元大-四維,2023-11-06,9831
00753L,中信中國50正2,101,8,93,元大-四維,2023-11-06,9831
00885,富邦越南,73,2,71,元大-四維,2023-11-06,9831
2883,凱基金,70,9,61,元大-四維,2023-11-06,9831
1504,東元,59,2,57,元大-四維,2023-11-06,9831
1802,台玻,57,1,56,元大-四維,2023-11-06,9831
00902,中信電池及儲能,54,0,54,元大-四維,2023-11-06,9831
3714,富采,45,0,45,元大-四維,2023-11-06,9831
2363,矽統,148,107,41,元大-四維,2023-11-06,9831
6657,華安,39,0,39,元大-四維,2023-11-06,9831
4961,天鈺,36,0,36,元大-四維,2023-11-06,9831
3545,敦泰,64,30,34,元大-四維,2023-11-06,9831
6770,力積電,36,3,33,元大-四維,2023-11-06,9831
3481,群創,38,7,31,元大-四維,2023-11-06,9831
2636,台驊控股,31,2,29,元大-四維,2023-11-06,9831
2603,長榮,32,3,29,元大-四維,2023-11-06,9831
2313,華通,41,14,27,元大-四維,2023-11-06,9831
00935,野村臺灣新科技50,26,0,26,元大-四維,2023-11-06,9831
2388,威盛,73,50,23,元大-四維,2023-11-06,9831
6257,矽格,24,1,23,元大-四維,2023-11-06,9831
00934,中信成長高股息,22,0,22,元大-四維,2023-11-06,9831
00751B,元大AAA至A公司債,25,3,22,元大-四維,2023-11-06,9831
2905,三商,20,0,20,元大-四維,2023-11-06,9831
00898,國泰基因免疫革命,20,0,20,元大-四維,2023-11-06,9831
1447,力鵬,20,0,20,元大-四維,2023-11-06,9831
4933,友輝,20,0,20,元大-四維,2023-11-06,9831
2030,彰源,19,0,19,元大-四維,2023-11-06,9831
00679B,元大美債20年,18,0,18,元大-四維,2023-11-06,9831
6133,金橋,18,0,18,元大-四維,2023-11-06,9831
00720B,元大投資級公司債,20,3,17,元大-四維,2023-11-06,9831
2356,英業達,84,67,17,元大-四維,2023-11-06,9831
9921,巨大,21,5,16,元大-四維,2023-11-06,9831
6147,頎邦,20,4,16,元大-四維,2023-11-06,9831
6244,茂迪,15,0,15,元大-四維,2023-11-06,9831
3037,欣興,33,19,14,元大-四維,2023-11-06,9831
3044,健鼎,15,1,14,元大-四維,2023-11-06,9831
4934,太極,15,1,14,元大-四維,2023-11-06,9831
2546,根基,13,0,13,元大-四維,2023-11-06,9831
3056,富華新,13,0,13,元大-四維,2023-11-06,9831
3338,泰碩,12,0,12,元大-四維,2023-11-06,9831
2538,基泰,12,0,12,元大-四維,2023-11-06,9831
3390,旭軟,12,0,12,元大-四維,2023-11-06,9831
00642U,期元大S＆P石油,12,0,12,元大-四維,2023-11-06,9831
6182,合晶,14,3,11,元大-四維,2023-11-06,9831
6104,創惟,11,0,11,元大-四維,2023-11-06,9831
2337,旺宏,13,2,11,元大-四維,2023-11-06,9831
2609,陽明,11,1,10,元大-四維,2023-11-06,9831
3653,健策,10,0,10,元大-四維,2023-11-06,9831
2515,中工,205,19,186,元大-四維,2023-11-07,9831
2636,台驊控股,62,0,62,元大-四維,2023-11-07,9831
00679B,元大美債20年,49,0,49,元大-四維,2023-11-07,9831
00878,國泰永續高股息,47,10,37,元大-四維,2023-11-07,9831
2634,漢翔,32,0,32,元大-四維,2023-11-07,9831
2453,凌群,33,7,26,元大-四維,2023-11-07,9831
2498,宏達電,20,0,20,元大-四維,2023-11-07,9831
5210,寶碩,20,0,20,元大-四維,2023-11-07,9831
9921,巨大,20,0,20,元大-四維,2023-11-07,9831
4161,聿新科,21,2,19,元大-四維,2023-11-07,9831
9105,泰金寶-DR,22,3,19,元大-四維,2023-11-07,9831
00900,富邦特選高股息30,18,2,16,元大-四維,2023-11-07,9831
4915,致伸,21,5,16,元大-四維,2023-11-07,9831
4746,台耀,16,0,16,元大-四維,2023-11-07,9831
8114,振樺電,15,0,15,元大-四維,2023-11-07,9831
1217,愛之味,15,0,15,元大-四維,2023-11-07,9831
6657,華安,15,0,15,元大-四維,2023-11-07,9831
8930,青鋼,15,0,15,元大-四維,2023-11-07,9831
6526,達發,16,2,14,元大-四維,2023-11-07,9831
1560,中砂,15,1,14,元大-四維,2023-11-07,9831
3029,零壹,15,1,14,元大-四維,2023-11-07,9831
8110,華東,19,5,14,元大-四維,2023-11-07,9831
4934,太極,15,2,13,元大-四維,2023-11-07,9831
00933B,國泰10Y+金融債,12,0,12,元大-四維,2023-11-07,9831
6472,保瑞,19,7,12,元大-四維,2023-11-07,9831
3374,精材,15,3,12,元大-四維,2023-11-07,9831
2482,連宇,11,0,11,元大-四維,2023-11-07,9831
3024,憶聲,11,0,11,元大-四維,2023-11-07,9831
2630,亞航,12,1,11,元大-四維,2023-11-07,9831
3035,智原,18,8,10,元大-四維,2023-11-07,9831
4714,永捷,10,0,10,元大-四維,2023-11-07,9831
6243,迅杰,12,2,10,元大-四維,2023-11-07,9831
00665L,富邦�琤肭磪囓�2,10,0,10,元大-四維,2023-11-07,9831
3234,光環,10,0,10,元大-四維,2023-11-07,9831
4532,瑞智,10,0,10,元大-四維,2023-11-07,9831
2485,兆赫,15,5,10,元大-四維,2023-11-07,9831
8069,元太,11,1,10,元大-四維,2023-11-07,9831
2883,凱基金,11,2,9,元大-四維,2023-11-07,9831
4967,十銓,10,1,9,元大-四維,2023-11-07,9831
2486,一詮,10,1,9,元大-四維,2023-11-07,9831
3481,群創,9,0,9,元大-四維,2023-11-07,9831
2344,華邦電,9,0,9,元大-四維,2023-11-07,9831
00934,中信成長高股息,9,0,9,元大-四維,2023-11-07,9831
2324,仁寶,10,1,9,元大-四維,2023-11-07,9831
2449,京元電子,9,1,8,元大-四維,2023-11-07,9831
3163,波若威,8,0,8,元大-四維,2023-11-07,9831
1795,美時,10,2,8,元大-四維,2023-11-07,9831
5508,永信建,10,3,7,元大-四維,2023-11-07,9831
2367,燿華,12,5,7,元大-四維,2023-11-07,9831
00922,國泰台灣領袖50,6,0,6,元大-四維,2023-11-07,9831
00632R,元大台灣50反1,305,2,303,元大-四維,2023-11-08,9831
1815,富喬,193,74,119,元大-四維,2023-11-08,9831
1609,大亞,112,6,106,元大-四維,2023-11-08,9831
00936,台新永續高息中小,125,20,105,元大-四維,2023-11-08,9831
2363,矽統,245,145,100,元大-四維,2023-11-08,9831
4167,松瑞藥,79,15,64,元大-四維,2023-11-08,9831
1314,中石化,121,64,57,元大-四維,2023-11-08,9831
2618,長榮航,99,42,57,元大-四維,2023-11-08,9831
1605,華新,55,0,55,元大-四維,2023-11-08,9831
6770,力積電,56,11,45,元大-四維,2023-11-08,9831
00642U,期元大S＆P石油,41,0,41,元大-四維,2023-11-08,9831
6111,大宇資,40,0,40,元大-四維,2023-11-08,9831
2883,凱基金,39,0,39,元大-四維,2023-11-08,9831
00900,富邦特選高股息30,37,3,34,元大-四維,2023-11-08,9831
5508,永信建,30,0,30,元大-四維,2023-11-08,9831
2376,技嘉,46,17,29,元大-四維,2023-11-08,9831
3576,聯合再生,26,1,25,元大-四維,2023-11-08,9831
2356,英業達,43,21,22,元大-四維,2023-11-08,9831
2344,華邦電,28,7,21,元大-四維,2023-11-08,9831
2488,漢平,25,4,21,元大-四維,2023-11-08,9831
4105,東洋,21,2,19,元大-四維,2023-11-08,9831
6603,富強鑫,20,1,19,元大-四維,2023-11-08,9831
3034,聯詠,18,1,17,元大-四維,2023-11-08,9831
00878,國泰永續高股息,30,14,16,元大-四維,2023-11-08,9831
2369,菱生,21,6,15,元大-四維,2023-11-08,9831
3706,神達,35,20,15,元大-四維,2023-11-08,9831
4563,百德,15,0,15,元大-四維,2023-11-08,9831
00679B,元大美債20年,24,10,14,元大-四維,2023-11-08,9831
2603,長榮,16,2,14,元大-四維,2023-11-08,9831
6182,合晶,15,1,14,元大-四維,2023-11-08,9831
4746,台耀,15,1,14,元大-四維,2023-11-08,9831
2495,普安,13,0,13,元大-四維,2023-11-08,9831
8163,達方,15,2,13,元大-四維,2023-11-08,9831
2327,國巨,15,2,13,元大-四維,2023-11-08,9831
8110,華東,14,1,13,元大-四維,2023-11-08,9831
8088,品安,15,2,13,元大-四維,2023-11-08,9831
00929,復華台灣科技優息,49,37,12,元大-四維,2023-11-08,9831
2530,華建,24,12,12,元大-四維,2023-11-08,9831
2337,旺宏,12,0,12,元大-四維,2023-11-08,9831
1713,國化,12,0,12,元大-四維,2023-11-08,9831
6526,達發,13,1,12,元大-四維,2023-11-08,9831
5469,瀚宇博,11,0,11,元大-四維,2023-11-08,9831
1789,神隆,20,9,11,元大-四維,2023-11-08,9831
3711,日月光投控,12,1,11,元大-四維,2023-11-08,9831
2201,裕隆,11,0,11,元大-四維,2023-11-08,9831
1514,亞力,14,3,11,元大-四維,2023-11-08,9831
2002,中鋼,12,2,10,元大-四維,2023-11-08,9831
2538,基泰,10,0,10,元大-四維,2023-11-08,9831
1809,中釉,10,0,10,元大-四維,2023-11-08,9831
5521,工信,10,0,10,元大-四維,2023-11-08,9831
00935,野村臺灣新科技50,162,0,162,元大-四維,2023-11-09,9831
1314,中石化,214,73,141,元大-四維,2023-11-09,9831
2329,華泰,248,111,137,元大-四維,2023-11-09,9831
00936,台新永續高息中小,96,0,96,元大-四維,2023-11-09,9831
3346,麗清,63,1,62,元大-四維,2023-11-09,9831
00931B,統一美債20年,53,7,46,元大-四維,2023-11-09,9831
00929,復華台灣科技優息,68,26,42,元大-四維,2023-11-09,9831
2023,燁輝,34,0,34,元大-四維,2023-11-09,9831
2506,太設,33,0,33,元大-四維,2023-11-09,9831
1513,中興電,33,1,32,元大-四維,2023-11-09,9831
00712,復華富時不動產,27,0,27,元大-四維,2023-11-09,9831
2498,宏達電,29,2,27,元大-四維,2023-11-09,9831
2331,精英,27,1,26,元大-四維,2023-11-09,9831
00857B,永豐20年美公債,26,0,26,元大-四維,2023-11-09,9831
2727,王品,31,5,26,元大-四維,2023-11-09,9831
3322,建舜電,32,6,26,元大-四維,2023-11-09,9831
2313,華通,36,13,23,元大-四維,2023-11-09,9831
2838,聯邦銀,20,0,20,元大-四維,2023-11-09,9831
00642U,期元大S＆P石油,22,2,20,元大-四維,2023-11-09,9831
2367,燿華,20,0,20,元大-四維,2023-11-09,9831
6143,振曜,18,1,17,元大-四維,2023-11-09,9831
1324,地球,21,4,17,元大-四維,2023-11-09,9831
6234,高僑,15,0,15,元大-四維,2023-11-09,9831
00878,國泰永續高股息,42,27,15,元大-四維,2023-11-09,9831
3715,定穎投控,19,5,14,元大-四維,2023-11-09,9831
3122,笙泉,33,19,14,元大-四維,2023-11-09,9831
2609,陽明,16,2,14,元大-四維,2023-11-09,9831
4161,聿新科,13,0,13,元大-四維,2023-11-09,9831
6292,迅德,13,0,13,元大-四維,2023-11-09,9831
6285,啟��,27,14,13,元大-四維,2023-11-09,9831
00919,群益台灣精選高息,12,0,12,元大-四維,2023-11-09,9831
2002,中鋼,15,4,11,元大-四維,2023-11-09,9831
5508,永信建,11,0,11,元大-四維,2023-11-09,9831
2449,京元電子,13,3,10,元大-四維,2023-11-09,9831
4746,台耀,10,0,10,元大-四維,2023-11-09,9831
1582,信錦,10,0,10,元大-四維,2023-11-09,9831
1473,台南,10,0,10,元大-四維,2023-11-09,9831
2427,三商電,10,0,10,元大-四維,2023-11-09,9831
00934,中信成長高股息,17,7,10,元大-四維,2023-11-09,9831
1532,勤美,10,0,10,元大-四維,2023-11-09,9831
4532,瑞智,10,0,10,元大-四維,2023-11-09,9831
6841,長佳智能,10,0,10,元大-四維,2023-11-09,9831
8112,至上,9,0,9,元大-四維,2023-11-09,9831
8936,國統,13,4,9,元大-四維,2023-11-09,9831
4168,醣聯,9,0,9,元大-四維,2023-11-09,9831
1608,華榮,9,0,9,元大-四維,2023-11-09,9831
00930,永豐ESG低碳高息,10,1,9,元大-四維,2023-11-09,9831
3227,原相,15,6,9,元大-四維,2023-11-09,9831
3653,健策,8,0,8,元大-四維,2023-11-09,9831
5284,jpp-KY,8,0,8,元大-四維,2023-11-09,9831
1440,南紡,110,0,110,元大-四維,2023-11-10,9831
3231,緯創,394,290,104,元大-四維,2023-11-10,9831
00936,台新永續高息中小,88,0,88,元大-四維,2023-11-10,9831
00679B,元大美債20年,83,5,78,元大-四維,2023-11-10,9831
00715L,期街口布蘭特正2,73,1,72,元大-四維,2023-11-10,9831
00878,國泰永續高股息,59,0,59,元大-四維,2023-11-10,9831
1316,上曜,50,0,50,元大-四維,2023-11-10,9831
2634,漢翔,50,1,49,元大-四維,2023-11-10,9831
2363,矽統,182,143,39,元大-四維,2023-11-10,9831
00632R,元大台灣50反1,34,0,34,元大-四維,2023-11-10,9831
2609,陽明,31,1,30,元大-四維,2023-11-10,9831
3715,定穎投控,28,1,27,元大-四維,2023-11-10,9831
9906,欣巴巴,39,12,27,元大-四維,2023-11-10,9831
2636,台驊控股,26,0,26,元大-四維,2023-11-10,9831
3037,欣興,31,6,25,元大-四維,2023-11-10,9831
6143,振曜,24,1,23,元大-四維,2023-11-10,9831
2208,台船,21,0,21,元大-四維,2023-11-10,9831
3176,基亞,23,2,21,元大-四維,2023-11-10,9831
5519,隆大,20,0,20,元大-四維,2023-11-10,9831
00687B,國泰20年美債,30,10,20,元大-四維,2023-11-10,9831
2905,三商,20,0,20,元大-四維,2023-11-10,9831
2530,華建,20,0,20,元大-四維,2023-11-10,9831
3450,聯鈞,20,0,20,元大-四維,2023-11-10,9831
3481,群創,22,3,19,元大-四維,2023-11-10,9831
2329,華泰,59,40,19,元大-四維,2023-11-10,9831
4552,力達-KY,18,0,18,元大-四維,2023-11-10,9831
1104,環泥,72,55,17,元大-四維,2023-11-10,9831
2727,王品,17,0,17,元大-四維,2023-11-10,9831
2421,建準,18,2,16,元大-四維,2023-11-10,9831
1522,堤維西,16,0,16,元大-四維,2023-11-10,9831
5455,昇益,16,0,16,元大-四維,2023-11-10,9831
4933,友輝,16,0,16,元大-四維,2023-11-10,9831
2014,中鴻,15,0,15,元大-四維,2023-11-10,9831
2610,華航,15,0,15,元大-四維,2023-11-10,9831
6698,旭暉應材,15,0,15,元大-四維,2023-11-10,9831
1815,富喬,24,9,15,元大-四維,2023-11-10,9831
3443,創意,25,11,14,元大-四維,2023-11-10,9831
4162,智擎,32,18,14,元大-四維,2023-11-10,9831
2352,佳世達,17,3,14,元大-四維,2023-11-10,9831
1319,東陽,15,1,14,元大-四維,2023-11-10,9831
5347,世界,17,4,13,元大-四維,2023-11-10,9831
5871,中租-KY,12,0,12,元大-四維,2023-11-10,9831
2885,元大金,22,10,12,元大-四維,2023-11-10,9831
00795B,中信美國公債20年,12,0,12,元大-四維,2023-11-10,9831
2314,台揚,12,0,12,元大-四維,2023-11-10,9831
6191,精成科,14,2,12,元大-四維,2023-11-10,9831
5471,松翰,12,0,12,元大-四維,2023-11-10,9831
1560,中砂,11,0,11,元大-四維,2023-11-10,9831
2027,大成鋼,12,1,11,元大-四維,2023-11-10,9831
1473,台南,10,0,10,元大-四維,2023-11-10,9831
00919,群益台灣精選高息,115,10,105,元大-四維,2023-11-13,9831
2618,長榮航,109,17,92,元大-四維,2023-11-13,9831
1440,南紡,62,2,60,元大-四維,2023-11-13,9831
6901,鑽石投資,59,1,58,元大-四維,2023-11-13,9831
2377,微星,47,0,47,元大-四維,2023-11-13,9831
6143,振曜,81,34,47,元大-四維,2023-11-13,9831
2382,廣達,62,16,46,元大-四維,2023-11-13,9831
2303,聯電,66,21,45,元大-四維,2023-11-13,9831
00878,國泰永續高股息,77,34,43,元大-四維,2023-11-13,9831
00935,野村臺灣新科技50,42,0,42,元大-四維,2023-11-13,9831
00650L,復華香港正2,40,0,40,元大-四維,2023-11-13,9831
6111,大宇資,36,0,36,元大-四維,2023-11-13,9831
5608,四維航,39,3,36,元大-四維,2023-11-13,9831
00679B,元大美債20年,34,0,34,元大-四維,2023-11-13,9831
00688L,國泰20年美債正2,28,0,28,元大-四維,2023-11-13,9831
3078,僑威,26,0,26,元大-四維,2023-11-13,9831
5388,中磊,27,1,26,元大-四維,2023-11-13,9831
4167,松瑞藥,43,19,24,元大-四維,2023-11-13,9831
6770,力積電,24,0,24,元大-四維,2023-11-13,9831
00929,復華台灣科技優息,77,54,23,元大-四維,2023-11-13,9831
3105,穩懋,29,6,23,元大-四維,2023-11-13,9831
2023,燁輝,28,5,23,元大-四維,2023-11-13,9831
2027,大成鋼,22,0,22,元大-四維,2023-11-13,9831
2208,台船,22,0,22,元大-四維,2023-11-13,9831
5225,東科-KY,21,0,21,元大-四維,2023-11-13,9831
2393,億光,20,0,20,元大-四維,2023-11-13,9831
5508,永信建,24,5,19,元大-四維,2023-11-13,9831
8110,華東,20,4,16,元大-四維,2023-11-13,9831
6292,迅德,15,0,15,元大-四維,2023-11-13,9831
020039,元大加權N,15,0,15,元大-四維,2023-11-13,9831
8358,金居,16,1,15,元大-四維,2023-11-13,9831
2376,技嘉,24,10,14,元大-四維,2023-11-13,9831
3483,力致,14,1,13,元大-四維,2023-11-13,9831
2352,佳世達,13,0,13,元大-四維,2023-11-13,9831
6139,亞翔,20,8,12,元大-四維,2023-11-13,9831
00687B,國泰20年美債,12,0,12,元大-四維,2023-11-13,9831
2353,宏��,38,26,12,元大-四維,2023-11-13,9831
2888,新光金,12,0,12,元大-四維,2023-11-13,9831
2606,裕民,11,0,11,元大-四維,2023-11-13,9831
1473,台南,10,0,10,元大-四維,2023-11-13,9831
3093,港建*,10,0,10,元大-四維,2023-11-13,9831
3694,海華,11,1,10,元大-四維,2023-11-13,9831
2462,良得電,10,0,10,元大-四維,2023-11-13,9831
2454,聯發科,15,5,10,元大-四維,2023-11-13,9831
2369,菱生,17,8,9,元大-四維,2023-11-13,9831
6152,百一,9,0,9,元大-四維,2023-11-13,9831
00680L,元大美債20正2,8,0,8,元大-四維,2023-11-13,9831
3036,文曄,8,0,8,元大-四維,2023-11-13,9831
9906,欣巴巴,8,0,8,元大-四維,2023-11-13,9831
3645,達邁,8,0,8,元大-四維,2023-11-13,9831
8114,振樺電,110,0,110,元大-四維,2023-11-14,9831
1440,南紡,101,2,99,元大-四維,2023-11-14,9831
6698,旭暉應材,75,0,75,元大-四維,2023-11-14,9831
1504,東元,71,0,71,元大-四維,2023-11-14,9831
6143,振曜,52,0,52,元大-四維,2023-11-14,9831
4174,浩鼎,50,0,50,元大-四維,2023-11-14,9831
3231,緯創,73,27,46,元大-四維,2023-11-14,9831
2417,圓剛,60,20,40,元大-四維,2023-11-14,9831
2369,菱生,56,16,40,元大-四維,2023-11-14,9831
00878,國泰永續高股息,60,22,38,元大-四維,2023-11-14,9831
5009,榮剛,27,3,24,元大-四維,2023-11-14,9831
00692,富邦公司治理,23,0,23,元大-四維,2023-11-14,9831
3481,群創,24,2,22,元大-四維,2023-11-14,9831
00632R,元大台灣50反1,22,0,22,元大-四維,2023-11-14,9831
00637L,元大滬深300正2,20,0,20,元大-四維,2023-11-14,9831
2838,聯邦銀,20,0,20,元大-四維,2023-11-14,9831
5464,霖宏,20,0,20,元大-四維,2023-11-14,9831
2208,台船,28,8,20,元大-四維,2023-11-14,9831
1305,華夏,21,2,19,元大-四維,2023-11-14,9831
00936,台新永續高息中小,18,0,18,元大-四維,2023-11-14,9831
4162,智擎,19,2,17,元大-四維,2023-11-14,9831
2023,燁輝,23,7,16,元大-四維,2023-11-14,9831
6130,上亞科技,16,0,16,元大-四維,2023-11-14,9831
2427,三商電,18,2,16,元大-四維,2023-11-14,9831
6111,大宇資,20,5,15,元大-四維,2023-11-14,9831
6841,長佳智能,14,0,14,元大-四維,2023-11-14,9831
00680L,元大美債20正2,15,1,14,元大-四維,2023-11-14,9831
3406,玉晶光,18,4,14,元大-四維,2023-11-14,9831
2355,敬鵬,17,4,13,元大-四維,2023-11-14,9831
2606,裕民,12,0,12,元大-四維,2023-11-14,9831
00934,中信成長高股息,12,0,12,元大-四維,2023-11-14,9831
1101,台泥,12,0,12,元大-四維,2023-11-14,9831
1102,亞泥,11,0,11,元大-四維,2023-11-14,9831
2634,漢翔,13,2,11,元大-四維,2023-11-14,9831
2201,裕隆,11,0,11,元大-四維,2023-11-14,9831
1609,大亞,11,0,11,元大-四維,2023-11-14,9831
3036,文曄,14,4,10,元大-四維,2023-11-14,9831
4532,瑞智,10,0,10,元大-四維,2023-11-14,9831
6269,台郡,10,0,10,元大-四維,2023-11-14,9831
8234,新漢,10,0,10,元大-四維,2023-11-14,9831
2020,美亞,10,0,10,元大-四維,2023-11-14,9831
2618,長榮航,17,8,9,元大-四維,2023-11-14,9831
2540,愛山林,9,0,9,元大-四維,2023-11-14,9831
3312,弘憶股,9,0,9,元大-四維,2023-11-14,9831
3037,欣興,13,5,8,元大-四維,2023-11-14,9831
3035,智原,10,2,8,元大-四維,2023-11-14,9831
3042,晶技,13,5,8,元大-四維,2023-11-14,9831
3017,奇鋐,20,13,7,元大-四維,2023-11-14,9831
4906,正文,7,0,7,元大-四維,2023-11-14,9831
2206,三陽工業,12,5,7,元大-四維,2023-11-14,9831
00878,國泰永續高股息,269,63,206,元大-四維,2023-11-15,9831
4909,新復興,63,3,60,元大-四維,2023-11-15,9831
2313,華通,70,14,56,元大-四維,2023-11-15,9831
2516,新建,52,0,52,元大-四維,2023-11-15,9831
020028,元大特選電動車N,50,0,50,元大-四維,2023-11-15,9831
2363,矽統,139,95,44,元大-四維,2023-11-15,9831
3450,聯鈞,40,2,38,元大-四維,2023-11-15,9831
00637L,元大滬深300正2,28,0,28,元大-四維,2023-11-15,9831
2485,兆赫,40,13,27,元大-四維,2023-11-15,9831
2449,京元電子,38,12,26,元大-四維,2023-11-15,9831
00671R,富邦NASDAQ反1,26,0,26,元大-四維,2023-11-15,9831
2337,旺宏,30,6,24,元大-四維,2023-11-15,9831
6026,福邦證,24,0,24,元大-四維,2023-11-15,9831
2332,友訊,23,0,23,元大-四維,2023-11-15,9831
3276,宇環,32,10,22,元大-四維,2023-11-15,9831
3035,智原,32,11,21,元大-四維,2023-11-15,9831
1560,中砂,25,5,20,元大-四維,2023-11-15,9831
3078,僑威,23,3,20,元大-四維,2023-11-15,9831
6143,振曜,22,2,20,元大-四維,2023-11-15,9831
4915,致伸,20,0,20,元大-四維,2023-11-15,9831
00706L,期元大S＆P日圓正2,20,0,20,元大-四維,2023-11-15,9831
3706,神達,191,174,17,元大-四維,2023-11-15,9831
6732,昇佳電子,17,1,16,元大-四維,2023-11-15,9831
5347,世界,17,2,15,元大-四維,2023-11-15,9831
3037,欣興,20,6,14,元大-四維,2023-11-15,9831
2376,技嘉,55,41,14,元大-四維,2023-11-15,9831
2317,鴻海,28,16,12,元大-四維,2023-11-15,9831
5483,中美晶,11,0,11,元大-四維,2023-11-15,9831
4939,亞電,11,0,11,元大-四維,2023-11-15,9831
6245,立端,11,0,11,元大-四維,2023-11-15,9831
00713,元大台灣高息低波,10,0,10,元大-四維,2023-11-15,9831
5381,合正,11,1,10,元大-四維,2023-11-15,9831
6168,宏齊,15,5,10,元大-四維,2023-11-15,9831
2359,所羅門,12,2,10,元大-四維,2023-11-15,9831
2031,新光鋼,12,2,10,元大-四維,2023-11-15,9831
00923,群益台ESG低碳50,10,1,9,元大-四維,2023-11-15,9831
3122,笙泉,11,2,9,元大-四維,2023-11-15,9831
3234,光環,11,2,9,元大-四維,2023-11-15,9831
3707,漢磊,10,1,9,元大-四維,2023-11-15,9831
3704,合勤控,10,1,9,元大-四維,2023-11-15,9831
006208,富邦台50,10,1,9,元大-四維,2023-11-15,9831
2834,臺企銀,31,23,8,元大-四維,2023-11-15,9831
2882,國泰金,12,4,8,元大-四維,2023-11-15,9831
4961,天鈺,11,3,8,元大-四維,2023-11-15,9831
4183,福永生技,8,0,8,元大-四維,2023-11-15,9831
6188,廣明,9,1,8,元大-四維,2023-11-15,9831
2206,三陽工業,16,8,8,元大-四維,2023-11-15,9831
5533,皇鼎,8,0,8,元大-四維,2023-11-15,9831
1536,和大,7,0,7,元大-四維,2023-11-15,9831
2913,農林,7,0,7,元大-四維,2023-11-15,9831
00632R,元大台灣50反1,365,1,364,元大-四維,2023-11-16,9831
00878,國泰永續高股息,202,28,174,元大-四維,2023-11-16,9831
00935,野村臺灣新科技50,156,2,154,元大-四維,2023-11-16,9831
1815,富喬,70,4,66,元大-四維,2023-11-16,9831
8926,台汽電,59,0,59,元大-四維,2023-11-16,9831
00679B,元大美債20年,46,1,45,元大-四維,2023-11-16,9831
5512,力麒,43,3,40,元大-四維,2023-11-16,9831
00637L,元大滬深300正2,47,10,37,元大-四維,2023-11-16,9831
2436,偉詮電,38,1,37,元大-四維,2023-11-16,9831
2382,廣達,40,4,36,元大-四維,2023-11-16,9831
2344,華邦電,122,87,35,元大-四維,2023-11-16,9831
2337,旺宏,32,1,31,元大-四維,2023-11-16,9831
2905,三商,30,0,30,元大-四維,2023-11-16,9831
3231,緯創,65,37,28,元大-四維,2023-11-16,9831
2329,華泰,145,120,25,元大-四維,2023-11-16,9831
00671R,富邦NASDAQ反1,25,0,25,元大-四維,2023-11-16,9831
00772B,中信高評級公司債,22,0,22,元大-四維,2023-11-16,9831
2723,美食-KY,22,0,22,元大-四維,2023-11-16,9831
00715L,期街口布蘭特正2,21,0,21,元大-四維,2023-11-16,9831
2453,凌群,22,3,19,元大-四維,2023-11-16,9831
6841,長佳智能,18,0,18,元大-四維,2023-11-16,9831
8088,品安,21,3,18,元大-四維,2023-11-16,9831
3211,順達,18,0,18,元大-四維,2023-11-16,9831
00900,富邦特選高股息30,17,0,17,元大-四維,2023-11-16,9831
2301,光寶科,17,1,16,元大-四維,2023-11-16,9831
00720B,元大投資級公司債,15,0,15,元大-四維,2023-11-16,9831
2007,燁興,20,5,15,元大-四維,2023-11-16,9831
5508,永信建,14,0,14,元大-四維,2023-11-16,9831
3450,聯鈞,36,22,14,元大-四維,2023-11-16,9831
2607,榮運,15,2,13,元大-四維,2023-11-16,9831
00795B,中信美國公債20年,12,0,12,元大-四維,2023-11-16,9831
6274,台燿,19,8,11,元大-四維,2023-11-16,9831
1101,台泥,12,1,11,元大-四維,2023-11-16,9831
2369,菱生,19,8,11,元大-四維,2023-11-16,9831
00864B,中信美國公債0-1,11,0,11,元大-四維,2023-11-16,9831
2734,易飛網,11,0,11,元大-四維,2023-11-16,9831
3025,星通,11,0,11,元大-四維,2023-11-16,9831
6143,振曜,13,2,11,元大-四維,2023-11-16,9831
3265,台星科,12,1,11,元大-四維,2023-11-16,9831
6531,愛普*,11,1,10,元大-四維,2023-11-16,9831
2838,聯邦銀,10,0,10,元大-四維,2023-11-16,9831
6508,惠光,10,0,10,元大-四維,2023-11-16,9831
00891,中信關鍵半導體,14,4,10,元大-四維,2023-11-16,9831
2356,英業達,70,60,10,元大-四維,2023-11-16,9831
2208,台船,10,0,10,元大-四維,2023-11-16,9831
8234,新漢,20,10,10,元大-四維,2023-11-16,9831
8403,盛弘,10,0,10,元大-四維,2023-11-16,9831
00706L,期元大S＆P日圓正2,10,0,10,元大-四維,2023-11-16,9831
2368,金像電,31,21,10,元大-四維,2023-11-16,9831
1504,東元,18,9,9,元大-四維,2023-11-16,9831
00715L,期街口布蘭特正2,525,11,514,元大-四維,2023-11-17,9831
2515,中工,142,16,126,元大-四維,2023-11-17,9831
00632R,元大台灣50反1,114,11,103,元大-四維,2023-11-17,9831
3481,群創,111,25,86,元大-四維,2023-11-17,9831
1210,大成,68,0,68,元大-四維,2023-11-17,9831
2206,三陽工業,53,2,51,元大-四維,2023-11-17,9831
3041,揚智,135,91,44,元大-四維,2023-11-17,9831
2344,華邦電,43,1,42,元大-四維,2023-11-17,9831
00687B,國泰20年美債,40,0,40,元大-四維,2023-11-17,9831
1440,南紡,40,0,40,元大-四維,2023-11-17,9831
3715,定穎投控,77,37,40,元大-四維,2023-11-17,9831
00679B,元大美債20年,54,15,39,元大-四維,2023-11-17,9831
2618,長榮航,128,89,39,元大-四維,2023-11-17,9831
00637L,元大滬深300正2,39,1,38,元大-四維,2023-11-17,9831
00642U,期元大S＆P石油,32,0,32,元大-四維,2023-11-17,9831
2905,三商,30,0,30,元大-四維,2023-11-17,9831
00929,復華台灣科技優息,131,103,28,元大-四維,2023-11-17,9831
2402,毅嘉,40,15,25,元大-四維,2023-11-17,9831
2610,華航,36,11,25,元大-四維,2023-11-17,9831
2027,大成鋼,25,0,25,元大-四維,2023-11-17,9831
1217,愛之味,23,0,23,元大-四維,2023-11-17,9831
6841,長佳智能,22,0,22,元大-四維,2023-11-17,9831
3257,虹冠電,22,0,22,元大-四維,2023-11-17,9831
2887,台新金,27,6,21,元大-四維,2023-11-17,9831
2838,聯邦銀,21,0,21,元大-四維,2023-11-17,9831
2308,台達電,24,4,20,元大-四維,2023-11-17,9831
2014,中鴻,20,0,20,元大-四維,2023-11-17,9831
6672,騰輝電子-KY,20,0,20,元大-四維,2023-11-17,9831
2208,台船,20,0,20,元大-四維,2023-11-17,9831
0056,元大高股息,29,9,20,元大-四維,2023-11-17,9831
2353,宏��,23,4,19,元大-四維,2023-11-17,9831
1319,東陽,19,1,18,元大-四維,2023-11-17,9831
6533,晶心科,19,1,18,元大-四維,2023-11-17,9831
00712,復華富時不動產,17,0,17,元大-四維,2023-11-17,9831
1515,力山,22,6,16,元大-四維,2023-11-17,9831
2609,陽明,19,3,16,元大-四維,2023-11-17,9831
1234,黑松,15,0,15,元大-四維,2023-11-17,9831
1409,新纖,15,0,15,元大-四維,2023-11-17,9831
5531,鄉林,15,0,15,元大-四維,2023-11-17,9831
2605,新興,16,3,13,元大-四維,2023-11-17,9831
2457,飛宏,29,17,12,元大-四維,2023-11-17,9831
3285,微端,12,0,12,元大-四維,2023-11-17,9831
8403,盛弘,12,0,12,元大-四維,2023-11-17,9831
2313,華通,57,45,12,元大-四維,2023-11-17,9831
4915,致伸,11,0,11,元大-四維,2023-11-17,9831
3669,圓展,11,0,11,元大-四維,2023-11-17,9831
2634,漢翔,13,2,11,元大-四維,2023-11-17,9831
00692,富邦公司治理,11,0,11,元大-四維,2023-11-17,9831
1605,華新,19,9,10,元大-四維,2023-11-17,9831
2356,英業達,15,5,10,元大-四維,2023-11-17,9831
3481,群創,114,4,110,元大-四維,2023-11-20,9831
2705,六福,70,0,70,元大-四維,2023-11-20,9831
2301,光寶科,70,3,67,元大-四維,2023-11-20,9831
2329,華泰,77,21,56,元大-四維,2023-11-20,9831
2356,英業達,64,9,55,元大-四維,2023-11-20,9831
2206,三陽工業,51,1,50,元大-四維,2023-11-20,9831
5508,永信建,64,22,42,元大-四維,2023-11-20,9831
1522,堤維西,46,8,38,元大-四維,2023-11-20,9831
2618,長榮航,74,37,37,元大-四維,2023-11-20,9831
0056,元大高股息,37,2,35,元大-四維,2023-11-20,9831
5512,力麒,50,19,31,元大-四維,2023-11-20,9831
1409,新纖,31,0,31,元大-四維,2023-11-20,9831
00934,中信成長高股息,30,0,30,元大-四維,2023-11-20,9831
2426,鼎元,30,0,30,元大-四維,2023-11-20,9831
2409,友達,30,1,29,元大-四維,2023-11-20,9831
8054,安國,28,1,27,元大-四維,2023-11-20,9831
3231,緯創,102,75,27,元大-四維,2023-11-20,9831
00679B,元大美債20年,26,1,25,元大-四維,2023-11-20,9831
2014,中鴻,22,0,22,元大-四維,2023-11-20,9831
3035,智原,59,38,21,元大-四維,2023-11-20,9831
2727,王品,21,1,20,元大-四維,2023-11-20,9831
2867,三商壽,20,0,20,元大-四維,2023-11-20,9831
5531,鄉林,21,1,20,元大-四維,2023-11-20,9831
6237,驊訊,34,15,19,元大-四維,2023-11-20,9831
2462,良得電,24,5,19,元大-四維,2023-11-20,9831
2883,凱基金,21,3,18,元大-四維,2023-11-20,9831
6443,元晶,21,3,18,元大-四維,2023-11-20,9831
00632R,元大台灣50反1,18,0,18,元大-四維,2023-11-20,9831
2891,中信金,17,0,17,元大-四維,2023-11-20,9831
2324,仁寶,21,4,17,元大-四維,2023-11-20,9831
2344,華邦電,20,3,17,元大-四維,2023-11-20,9831
2453,凌群,16,0,16,元大-四維,2023-11-20,9831
1314,中石化,32,16,16,元大-四維,2023-11-20,9831
6290,良維,16,0,16,元大-四維,2023-11-20,9831
2258,鴻華先進-創,14,0,14,元大-四維,2023-11-20,9831
2748,雲品,15,2,13,元大-四維,2023-11-20,9831
00795B,中信美國公債20年,13,0,13,元大-四維,2023-11-20,9831
6026,福邦證,20,7,13,元大-四維,2023-11-20,9831
6271,同欣電,13,1,12,元大-四維,2023-11-20,9831
2838,聯邦銀,12,0,12,元大-四維,2023-11-20,9831
6589,台康生技,11,0,11,元大-四維,2023-11-20,9831
2734,易飛網,11,0,11,元大-四維,2023-11-20,9831
3308,聯德,11,0,11,元大-四維,2023-11-20,9831
1608,華榮,11,0,11,元大-四維,2023-11-20,9831
2606,裕民,11,0,11,元大-四維,2023-11-20,9831
3163,波若威,17,6,11,元大-四維,2023-11-20,9831
00929,復華台灣科技優息,99,89,10,元大-四維,2023-11-20,9831
2458,義隆,10,0,10,元大-四維,2023-11-20,9831
2421,建準,12,2,10,元大-四維,2023-11-20,9831
6269,台郡,14,4,10,元大-四維,2023-11-20,9831
00632R,元大台灣50反1,232,18,214,元大-四維,2023-11-21,9831
2892,第一金,200,69,131,元大-四維,2023-11-21,9831
1409,新纖,104,0,104,元大-四維,2023-11-21,9831
5508,永信建,83,1,82,元大-四維,2023-11-21,9831
3363,上詮,86,8,78,元大-四維,2023-11-21,9831
2324,仁寶,102,26,76,元大-四維,2023-11-21,9831
2344,華邦電,66,7,59,元大-四維,2023-11-21,9831
2002,中鋼,102,44,58,元大-四維,2023-11-21,9831
00919,群益台灣精選高息,71,20,51,元大-四維,2023-11-21,9831
2356,英業達,98,51,47,元大-四維,2023-11-21,9831
2363,矽統,84,43,41,元大-四維,2023-11-21,9831
1312,國喬,40,1,39,元大-四維,2023-11-21,9831
6274,台燿,44,8,36,元大-四維,2023-11-21,9831
6187,萬潤,45,13,32,元大-四維,2023-11-21,9831
2303,聯電,32,7,25,元大-四維,2023-11-21,9831
1301,台塑,30,6,24,元大-四維,2023-11-21,9831
3257,虹冠電,23,1,22,元大-四維,2023-11-21,9831
3059,華晶科,52,30,22,元大-四維,2023-11-21,9831
3356,奇偶,22,1,21,元大-四維,2023-11-21,9831
3712,永崴投控,20,0,20,元大-四維,2023-11-21,9831
9105,泰金寶-DR,20,0,20,元大-四維,2023-11-21,9831
2838,聯邦銀,20,0,20,元大-四維,2023-11-21,9831
2337,旺宏,20,1,19,元大-四維,2023-11-21,9831
5907,大洋-KY,16,0,16,元大-四維,2023-11-21,9831
2206,三陽工業,42,26,16,元大-四維,2023-11-21,9831
2748,雲品,26,10,16,元大-四維,2023-11-21,9831
2367,燿華,105,90,15,元大-四維,2023-11-21,9831
3149,正達,15,0,15,元大-四維,2023-11-21,9831
1524,耿鼎,16,2,14,元大-四維,2023-11-21,9831
3707,漢磊,15,1,14,元大-四維,2023-11-21,9831
6158,禾昌,14,0,14,元大-四維,2023-11-21,9831
8996,高力,14,1,13,元大-四維,2023-11-21,9831
2401,凌陽,30,17,13,元大-四維,2023-11-21,9831
3715,定穎投控,24,11,13,元大-四維,2023-11-21,9831
3017,奇鋐,18,5,13,元大-四維,2023-11-21,9831
00679B,元大美債20年,20,8,12,元大-四維,2023-11-21,9831
1504,東元,12,0,12,元大-四維,2023-11-21,9831
3032,偉訓,12,0,12,元大-四維,2023-11-21,9831
2329,華泰,35,24,11,元大-四維,2023-11-21,9831
1305,華夏,11,0,11,元大-四維,2023-11-21,9831
3376,新日興,15,4,11,元大-四維,2023-11-21,9831
1609,大亞,13,2,11,元大-四維,2023-11-21,9831
1104,環泥,10,0,10,元大-四維,2023-11-21,9831
2516,新建,10,0,10,元大-四維,2023-11-21,9831
5009,榮剛,10,0,10,元大-四維,2023-11-21,9831
3680,家登,14,4,10,元大-四維,2023-11-21,9831
6123,上奇,10,0,10,元大-四維,2023-11-21,9831
2038,海光,10,0,10,元大-四維,2023-11-21,9831
1471,首利,10,0,10,元大-四維,2023-11-21,9831
2727,王品,10,1,9,元大-四維,2023-11-21,9831
2610,華航,159,18,141,元大-四維,2023-11-22,9831
3231,緯創,168,38,130,元大-四維,2023-11-22,9831
00651R,復華香港反1,127,0,127,元大-四維,2023-11-22,9831
3706,神達,271,152,119,元大-四維,2023-11-22,9831
2356,英業達,98,5,93,元大-四維,2023-11-22,9831
1802,台玻,55,0,55,元大-四維,2023-11-22,9831
0056,元大高股息,52,5,47,元大-四維,2023-11-22,9831
00919,群益台灣精選高息,47,1,46,元大-四維,2023-11-22,9831
2376,技嘉,54,14,40,元大-四維,2023-11-22,9831
2382,廣達,47,9,38,元大-四維,2023-11-22,9831
1432,大魯閣,40,2,38,元大-四維,2023-11-22,9831
00935,野村臺灣新科技50,37,0,37,元大-四維,2023-11-22,9831
5009,榮剛,39,4,35,元大-四維,2023-11-22,9831
00878,國泰永續高股息,33,3,30,元大-四維,2023-11-22,9831
00679B,元大美債20年,30,0,30,元大-四維,2023-11-22,9831
5880,合庫金,29,0,29,元大-四維,2023-11-22,9831
2353,宏��,43,15,28,元大-四維,2023-11-22,9831
2883,凱基金,35,8,27,元大-四維,2023-11-22,9831
2867,三商壽,26,0,26,元大-四維,2023-11-22,9831
2027,大成鋼,32,7,25,元大-四維,2023-11-22,9831
2201,裕隆,26,1,25,元大-四維,2023-11-22,9831
3041,揚智,78,55,23,元大-四維,2023-11-22,9831
00632R,元大台灣50反1,23,0,23,元大-四維,2023-11-22,9831
2301,光寶科,24,2,22,元大-四維,2023-11-22,9831
2344,華邦電,23,2,21,元大-四維,2023-11-22,9831
8234,新漢,31,11,20,元大-四維,2023-11-22,9831
3047,訊舟,33,13,20,元大-四維,2023-11-22,9831
4543,萬在,27,9,18,元大-四維,2023-11-22,9831
2609,陽明,20,2,18,元大-四維,2023-11-22,9831
1303,南亞,18,1,17,元大-四維,2023-11-22,9831
6125,廣運,19,2,17,元大-四維,2023-11-22,9831
2402,毅嘉,21,5,16,元大-四維,2023-11-22,9831
00637L,元大滬深300正2,15,0,15,元大-四維,2023-11-22,9831
5471,松翰,19,5,14,元大-四維,2023-11-22,9831
2206,三陽工業,31,17,14,元大-四維,2023-11-22,9831
6138,茂達,18,5,13,元大-四維,2023-11-22,9831
2701,萬企,13,0,13,元大-四維,2023-11-22,9831
2355,敬鵬,46,33,13,元大-四維,2023-11-22,9831
1409,新纖,13,1,12,元大-四維,2023-11-22,9831
2615,萬海,16,4,12,元大-四維,2023-11-22,9831
6579,研揚,14,2,12,元大-四維,2023-11-22,9831
2605,新興,11,0,11,元大-四維,2023-11-22,9831
2884,玉山金,12,1,11,元大-四維,2023-11-22,9831
5225,東科-KY,13,2,11,元大-四維,2023-11-22,9831
2727,王品,10,0,10,元大-四維,2023-11-22,9831
6233,旺玖,12,2,10,元大-四維,2023-11-22,9831
2515,中工,18,8,10,元大-四維,2023-11-22,9831
00888,永豐台灣ESG,10,0,10,元大-四維,2023-11-22,9831
00934,中信成長高股息,10,0,10,元大-四維,2023-11-22,9831
2380,虹光,9,0,9,元大-四維,2023-11-22,9831
2883,凱基金,269,2,267,元大-四維,2023-11-23,9831
00935,野村臺灣新科技50,168,0,168,元大-四維,2023-11-23,9831
2363,矽統,199,74,125,元大-四維,2023-11-23,9831
2892,第一金,103,0,103,元大-四維,2023-11-23,9831
00632R,元大台灣50反1,201,100,101,元大-四維,2023-11-23,9831
3706,神達,209,115,94,元大-四維,2023-11-23,9831
6143,振曜,80,1,79,元大-四維,2023-11-23,9831
3715,定穎投控,120,44,76,元大-四維,2023-11-23,9831
2449,京元電子,74,1,73,元大-四維,2023-11-23,9831
1440,南紡,53,0,53,元大-四維,2023-11-23,9831
00929,復華台灣科技優息,53,2,51,元大-四維,2023-11-23,9831
00637L,元大滬深300正2,70,20,50,元大-四維,2023-11-23,9831
00919,群益台灣精選高息,51,1,50,元大-四維,2023-11-23,9831
2867,三商壽,50,2,48,元大-四維,2023-11-23,9831
3231,緯創,83,36,47,元大-四維,2023-11-23,9831
00931B,統一美債20年,50,6,44,元大-四維,2023-11-23,9831
3178,公準,40,0,40,元大-四維,2023-11-23,9831
2329,華泰,43,4,39,元大-四維,2023-11-23,9831
2409,友達,35,0,35,元大-四維,2023-11-23,9831
8358,金居,47,13,34,元大-四維,2023-11-23,9831
6139,亞翔,50,16,34,元大-四維,2023-11-23,9831
4102,永日,35,2,33,元大-四維,2023-11-23,9831
6243,迅杰,54,22,32,元大-四維,2023-11-23,9831
6282,康舒,118,86,32,元大-四維,2023-11-23,9831
00878,國泰永續高股息,42,12,30,元大-四維,2023-11-23,9831
1314,中石化,113,83,30,元大-四維,2023-11-23,9831
6026,福邦證,30,0,30,元大-四維,2023-11-23,9831
4999,鑫禾,30,0,30,元大-四維,2023-11-23,9831
2344,華邦電,38,9,29,元大-四維,2023-11-23,9831
2886,兆豐金,27,1,26,元大-四維,2023-11-23,9831
5521,工信,57,32,25,元大-四維,2023-11-23,9831
2457,飛宏,55,31,24,元大-四維,2023-11-23,9831
2382,廣達,35,12,23,元大-四維,2023-11-23,9831
1802,台玻,22,1,21,元大-四維,2023-11-23,9831
00715L,期街口布蘭特正2,21,0,21,元大-四維,2023-11-23,9831
5880,合庫金,20,0,20,元大-四維,2023-11-23,9831
4526,東台,20,0,20,元大-四維,2023-11-23,9831
2401,凌陽,31,11,20,元大-四維,2023-11-23,9831
1718,中纖,20,0,20,元大-四維,2023-11-23,9831
00934,中信成長高股息,19,1,18,元大-四維,2023-11-23,9831
2482,連宇,20,2,18,元大-四維,2023-11-23,9831
3712,永崴投控,20,2,18,元大-四維,2023-11-23,9831
1734,杏輝,21,4,17,元大-四維,2023-11-23,9831
6284,佳邦,20,4,16,元大-四維,2023-11-23,9831
3149,正達,16,0,16,元大-四維,2023-11-23,9831
5519,隆大,20,5,15,元大-四維,2023-11-23,9831
6275,元山,16,1,15,元大-四維,2023-11-23,9831
3041,揚智,23,8,15,元大-四維,2023-11-23,9831
4908,前鼎,29,15,14,元大-四維,2023-11-23,9831
3049,精金,14,0,14,元大-四維,2023-11-23,9831
2801,彰銀,200,0,200,元大-四維,2023-11-24,9831
00679B,元大美債20年,169,0,169,元大-四維,2023-11-24,9831
2618,長榮航,194,64,130,元大-四維,2023-11-24,9831
1809,中釉,108,33,75,元大-四維,2023-11-24,9831
5351,鈺創,120,60,60,元大-四維,2023-11-24,9831
2324,仁寶,49,5,44,元大-四維,2023-11-24,9831
1802,台玻,44,0,44,元大-四維,2023-11-24,9831
2353,宏��,44,9,35,元大-四維,2023-11-24,9831
00933B,國泰10Y+金融債,33,0,33,元大-四維,2023-11-24,9831
00934,中信成長高股息,31,1,30,元大-四維,2023-11-24,9831
00885,富邦越南,30,0,30,元大-四維,2023-11-24,9831
2867,三商壽,30,0,30,元大-四維,2023-11-24,9831
8086,宏捷科,39,12,27,元大-四維,2023-11-24,9831
6155,鈞寶,30,4,26,元大-四維,2023-11-24,9831
00929,復華台灣科技優息,27,1,26,元大-四維,2023-11-24,9831
2610,華航,26,1,25,元大-四維,2023-11-24,9831
2834,臺企銀,25,1,24,元大-四維,2023-11-24,9831
00878,國泰永續高股息,30,7,23,元大-四維,2023-11-24,9831
2363,矽統,56,34,22,元大-四維,2023-11-24,9831
3701,大眾控,21,0,21,元大-四維,2023-11-24,9831
6117,迎廣,31,10,21,元大-四維,2023-11-24,9831
00671R,富邦NASDAQ反1,20,0,20,元大-四維,2023-11-24,9831
2323,中環,20,0,20,元大-四維,2023-11-24,9831
2498,宏達電,19,0,19,元大-四維,2023-11-24,9831
00715L,期街口布蘭特正2,20,1,19,元大-四維,2023-11-24,9831
5519,隆大,19,1,18,元大-四維,2023-11-24,9831
3231,緯創,28,11,17,元大-四維,2023-11-24,9831
00919,群益台灣精選高息,23,6,17,元大-四維,2023-11-24,9831
00687B,國泰20年美債,17,0,17,元大-四維,2023-11-24,9831
1314,中石化,65,48,17,元大-四維,2023-11-24,9831
2891,中信金,17,0,17,元大-四維,2023-11-24,9831
2408,南亞科,16,0,16,元大-四維,2023-11-24,9831
00795B,中信美國公債20年,15,0,15,元大-四維,2023-11-24,9831
3006,晶豪科,20,5,15,元大-四維,2023-11-24,9831
2382,廣達,24,10,14,元大-四維,2023-11-24,9831
1734,杏輝,14,0,14,元大-四維,2023-11-24,9831
4157,太景*-KY,24,11,13,元大-四維,2023-11-24,9831
3706,神達,164,151,13,元大-四維,2023-11-24,9831
2329,華泰,18,5,13,元大-四維,2023-11-24,9831
2492,華新科,30,18,12,元大-四維,2023-11-24,9831
6477,安集,12,0,12,元大-四維,2023-11-24,9831
3236,千如,12,0,12,元大-四維,2023-11-24,9831
6235,華孚,24,13,11,元大-四維,2023-11-24,9831
1608,華榮,11,0,11,元大-四維,2023-11-24,9831
3673,TPK-KY,14,3,11,元大-四維,2023-11-24,9831
6143,振曜,16,5,11,元大-四維,2023-11-24,9831
3704,合勤控,27,16,11,元大-四維,2023-11-24,9831
00720B,元大投資級公司債,11,0,11,元大-四維,2023-11-24,9831
2409,友達,10,0,10,元大-四維,2023-11-24,9831
3703,欣陸,10,0,10,元大-四維,2023-11-24,9831
00637L,元大滬深300正2,146,0,146,元大-四維,2023-11-27,9831
5210,寶碩,125,0,125,元大-四維,2023-11-27,9831
00655L,國泰中國A50正2,100,0,100,元大-四維,2023-11-27,9831
00929,復華台灣科技優息,87,17,70,元大-四維,2023-11-27,9831
3231,緯創,89,25,64,元大-四維,2023-11-27,9831
00878,國泰永續高股息,58,1,57,元大-四維,2023-11-27,9831
2476,鉅祥,70,18,52,元大-四維,2023-11-27,9831
2883,凱基金,56,8,48,元大-四維,2023-11-27,9831
00919,群益台灣精選高息,51,3,48,元大-四維,2023-11-27,9831
2382,廣達,64,19,45,元大-四維,2023-11-27,9831
3481,群創,44,5,39,元大-四維,2023-11-27,9831
2618,長榮航,59,21,38,元大-四維,2023-11-27,9831
3323,加百裕,33,0,33,元大-四維,2023-11-27,9831
2882,國泰金,40,7,33,元大-四維,2023-11-27,9831
00679B,元大美債20年,33,0,33,元大-四維,2023-11-27,9831
2838,聯邦銀,30,0,30,元大-四維,2023-11-27,9831
1471,首利,30,0,30,元大-四維,2023-11-27,9831
3105,穩懋,54,25,29,元大-四維,2023-11-27,9831
1514,亞力,66,37,29,元大-四維,2023-11-27,9831
3705,永信,53,27,26,元大-四維,2023-11-27,9831
3078,僑威,28,3,25,元大-四維,2023-11-27,9831
3017,奇鋐,25,2,23,元大-四維,2023-11-27,9831
00715L,期街口布蘭特正2,22,1,21,元大-四維,2023-11-27,9831
2748,雲品,20,0,20,元大-四維,2023-11-27,9831
2537,聯上發,21,1,20,元大-四維,2023-11-27,9831
2610,華航,22,2,20,元大-四維,2023-11-27,9831
00665L,富邦�琤肭磪囓�2,19,0,19,元大-四維,2023-11-27,9831
5880,合庫金,45,26,19,元大-四維,2023-11-27,9831
2356,英業達,21,3,18,元大-四維,2023-11-27,9831
00934,中信成長高股息,41,23,18,元大-四維,2023-11-27,9831
1314,中石化,17,0,17,元大-四維,2023-11-27,9831
6411,晶焱,16,0,16,元大-四維,2023-11-27,9831
5351,鈺創,26,10,16,元大-四維,2023-11-27,9831
6120,達運,17,1,16,元大-四維,2023-11-27,9831
6282,康舒,20,5,15,元大-四維,2023-11-27,9831
3622,洋華,15,0,15,元大-四維,2023-11-27,9831
2206,三陽工業,17,3,14,元大-四維,2023-11-27,9831
3443,創意,22,8,14,元大-四維,2023-11-27,9831
8926,台汽電,14,0,14,元大-四維,2023-11-27,9831
2634,漢翔,43,29,14,元大-四維,2023-11-27,9831
2630,亞航,16,2,14,元大-四維,2023-11-27,9831
6127,九豪,16,3,13,元大-四維,2023-11-27,9831
6667,信紘科,13,0,13,元大-四維,2023-11-27,9831
3450,聯鈞,13,0,13,元大-四維,2023-11-27,9831
00936,台新永續高息中小,12,0,12,元大-四維,2023-11-27,9831
4133,亞諾法,14,2,12,元大-四維,2023-11-27,9831
00753L,中信中國50正2,12,0,12,元大-四維,2023-11-27,9831
3041,揚智,13,1,12,元大-四維,2023-11-27,9831
4162,智擎,20,8,12,元大-四維,2023-11-27,9831
9955,佳龍,15,4,11,元大-四維,2023-11-27,9831
1101,台泥,248,23,225,元大-四維,2023-11-28,9831
00637L,元大滬深300正2,218,0,218,元大-四維,2023-11-28,9831
2515,中工,207,8,199,元大-四維,2023-11-28,9831
00632R,元大台灣50反1,140,0,140,元大-四維,2023-11-28,9831
5210,寶碩,100,0,100,元大-四維,2023-11-28,9831
1802,台玻,92,1,91,元大-四維,2023-11-28,9831
1701,中化,64,3,61,元大-四維,2023-11-28,9831
1905,華紙,88,30,58,元大-四維,2023-11-28,9831
00885,富邦越南,94,40,54,元大-四維,2023-11-28,9831
2618,長榮航,64,13,51,元大-四維,2023-11-28,9831
00650L,復華香港正2,50,0,50,元大-四維,2023-11-28,9831
8936,國統,80,33,47,元大-四維,2023-11-28,9831
4114,健喬,69,23,46,元大-四維,2023-11-28,9831
4167,松瑞藥,34,0,34,元大-四維,2023-11-28,9831
3376,新日興,35,4,31,元大-四維,2023-11-28,9831
2367,燿華,123,98,25,元大-四維,2023-11-28,9831
2382,廣達,30,6,24,元大-四維,2023-11-28,9831
1713,國化,24,0,24,元大-四維,2023-11-28,9831
3231,緯創,38,15,23,元大-四維,2023-11-28,9831
6901,鑽石投資,23,0,23,元大-四維,2023-11-28,9831
2303,聯電,25,4,21,元大-四維,2023-11-28,9831
1513,中興電,66,45,21,元大-四維,2023-11-28,9831
9938,百和,21,0,21,元大-四維,2023-11-28,9831
00753L,中信中國50正2,20,0,20,元大-四維,2023-11-28,9831
2630,亞航,18,0,18,元大-四維,2023-11-28,9831
00933B,國泰10Y+金融債,18,0,18,元大-四維,2023-11-28,9831
9103,美德醫療-DR,17,0,17,元大-四維,2023-11-28,9831
2353,宏��,17,1,16,元大-四維,2023-11-28,9831
3545,敦泰,68,52,16,元大-四維,2023-11-28,9831
1752,南光,16,0,16,元大-四維,2023-11-28,9831
00934,中信成長高股息,15,0,15,元大-四維,2023-11-28,9831
3005,神基,15,0,15,元大-四維,2023-11-28,9831
00936,台新永續高息中小,15,1,14,元大-四維,2023-11-28,9831
5344,立衛,14,0,14,元大-四維,2023-11-28,9831
1471,首利,15,1,14,元大-四維,2023-11-28,9831
5347,世界,19,6,13,元大-四維,2023-11-28,9831
00877,復華中國5G,13,0,13,元大-四維,2023-11-28,9831
00935,野村臺灣新科技50,13,0,13,元大-四維,2023-11-28,9831
2603,長榮,19,7,12,元大-四維,2023-11-28,9831
3346,麗清,11,0,11,元大-四維,2023-11-28,9831
4157,太景*-KY,15,4,11,元大-四維,2023-11-28,9831
1760,寶齡富錦,23,12,11,元大-四維,2023-11-28,9831
6274,台燿,24,14,10,元大-四維,2023-11-28,9831
3047,訊舟,10,0,10,元大-四維,2023-11-28,9831
1815,富喬,41,31,10,元大-四維,2023-11-28,9831
4174,浩鼎,10,0,10,元大-四維,2023-11-28,9831
2472,立隆電,11,1,10,元大-四維,2023-11-28,9831
9955,佳龍,10,0,10,元大-四維,2023-11-28,9831
5258,虹堡,15,5,10,元大-四維,2023-11-28,9831
2816,旺旺保,10,0,10,元大-四維,2023-11-28,9831
2401,凌陽,845,30,815,元大-四維,2023-11-29,9831
00632R,元大台灣50反1,215,5,210,元大-四維,2023-11-29,9831
00665L,富邦�琤肭磪囓�2,186,0,186,元大-四維,2023-11-29,9831
1605,華新,169,7,162,元大-四維,2023-11-29,9831
3027,盛達,128,0,128,元大-四維,2023-11-29,9831
2313,華通,186,68,118,元大-四維,2023-11-29,9831
00637L,元大滬深300正2,100,0,100,元大-四維,2023-11-29,9831
1319,東陽,92,13,79,元大-四維,2023-11-29,9831
00934,中信成長高股息,81,10,71,元大-四維,2023-11-29,9831
2303,聯電,57,3,54,元大-四維,2023-11-29,9831
00935,野村臺灣新科技50,52,0,52,元大-四維,2023-11-29,9831
00688L,國泰20年美債正2,50,0,50,元大-四維,2023-11-29,9831
6235,華孚,54,4,50,元大-四維,2023-11-29,9831
1514,亞力,56,9,47,元大-四維,2023-11-29,9831
1101,台泥,57,11,46,元大-四維,2023-11-29,9831
2023,燁輝,45,0,45,元大-四維,2023-11-29,9831
1513,中興電,56,13,43,元大-四維,2023-11-29,9831
1504,東元,44,3,41,元大-四維,2023-11-29,9831
2838,聯邦銀,40,0,40,元大-四維,2023-11-29,9831
2369,菱生,86,48,38,元大-四維,2023-11-29,9831
1314,中石化,38,0,38,元大-四維,2023-11-29,9831
00773B,中信優先金融債,35,0,35,元大-四維,2023-11-29,9831
00720B,元大投資級公司債,34,0,34,元大-四維,2023-11-29,9831
5608,四維航,127,96,31,元大-四維,2023-11-29,9831
1325,恆大,31,3,28,元大-四維,2023-11-29,9831
2618,長榮航,67,40,27,元大-四維,2023-11-29,9831
6213,聯茂,27,1,26,元大-四維,2023-11-29,9831
8028,昇陽半導體,29,4,25,元大-四維,2023-11-29,9831
2537,聯上發,24,0,24,元大-四維,2023-11-29,9831
2606,裕民,23,0,23,元大-四維,2023-11-29,9831
3481,群創,22,0,22,元大-四維,2023-11-29,9831
2610,華航,21,0,21,元大-四維,2023-11-29,9831
00882,中信中國高股息,21,0,21,元大-四維,2023-11-29,9831
2634,漢翔,22,1,21,元大-四維,2023-11-29,9831
00753L,中信中國50正2,22,1,21,元大-四維,2023-11-29,9831
2913,農林,20,0,20,元大-四維,2023-11-29,9831
8926,台汽電,20,0,20,元大-四維,2023-11-29,9831
00738U,期元大道瓊白銀,20,0,20,元大-四維,2023-11-29,9831
2887,台新金,18,0,18,元大-四維,2023-11-29,9831
2405,輔信,22,5,17,元大-四維,2023-11-29,9831
1524,耿鼎,18,1,17,元大-四維,2023-11-29,9831
2301,光寶科,30,13,17,元大-四維,2023-11-29,9831
2449,京元電子,17,1,16,元大-四維,2023-11-29,9831
2355,敬鵬,19,3,16,元大-四維,2023-11-29,9831
00673R,期元大S＆P原油反1,15,0,15,元大-四維,2023-11-29,9831
3231,緯創,51,36,15,元大-四維,2023-11-29,9831
2330,台積電,16,1,15,元大-四維,2023-11-29,9831
1609,大亞,16,2,14,元大-四維,2023-11-29,9831
1612,宏泰,13,0,13,元大-四維,2023-11-29,9831
00857B,永豐20年美公債,13,0,13,元大-四維,2023-11-29,9831
2618,長榮航,203,10,193,元大-四維,2023-11-30,9831
5347,世界,156,2,154,元大-四維,2023-11-30,9831
00919,群益台灣精選高息,120,14,106,元大-四維,2023-11-30,9831
3231,緯創,121,23,98,元大-四維,2023-11-30,9831
00772B,中信高評級公司債,101,6,95,元大-四維,2023-11-30,9831
1605,華新,117,30,87,元大-四維,2023-11-30,9831
3481,群創,61,4,57,元大-四維,2023-11-30,9831
2369,菱生,61,7,54,元大-四維,2023-11-30,9831
2023,燁輝,53,0,53,元大-四維,2023-11-30,9831
2838,聯邦銀,51,0,51,元大-四維,2023-11-30,9831
6155,鈞寶,50,0,50,元大-四維,2023-11-30,9831
2405,輔信,38,0,38,元大-四維,2023-11-30,9831
3024,憶聲,30,0,30,元大-四維,2023-11-30,9831
2332,友訊,45,17,28,元大-四維,2023-11-30,9831
0056,元大高股息,37,9,28,元大-四維,2023-11-30,9831
3027,盛達,28,1,27,元大-四維,2023-11-30,9831
00933B,國泰10Y+金融債,26,0,26,元大-四維,2023-11-30,9831
2617,台航,32,9,23,元大-四維,2023-11-30,9831
1409,新纖,22,0,22,元大-四維,2023-11-30,9831
9907,統一實,22,0,22,元大-四維,2023-11-30,9831
2492,華新科,31,9,22,元大-四維,2023-11-30,9831
2014,中鴻,23,2,21,元大-四維,2023-11-30,9831
00891,中信關鍵半導體,22,1,21,元大-四維,2023-11-30,9831
5469,瀚宇博,20,0,20,元大-四維,2023-11-30,9831
1314,中石化,35,16,19,元大-四維,2023-11-30,9831
8096,擎亞,21,3,18,元大-四維,2023-11-30,9831
1301,台塑,18,0,18,元大-四維,2023-11-30,9831
3055,蔚華科,22,4,18,元大-四維,2023-11-30,9831
2409,友達,18,0,18,元大-四維,2023-11-30,9831
1815,富喬,16,0,16,元大-四維,2023-11-30,9831
8028,昇陽半導體,15,0,15,元大-四維,2023-11-30,9831
3051,力特,16,1,15,元大-四維,2023-11-30,9831
2427,三商電,15,0,15,元大-四維,2023-11-30,9831
2867,三商壽,15,0,15,元大-四維,2023-11-30,9831
00673R,期元大S＆P原油反1,15,0,15,元大-四維,2023-11-30,9831
5608,四維航,18,3,15,元大-四維,2023-11-30,9831
4958,臻鼎-KY,28,13,15,元大-四維,2023-11-30,9831
2329,華泰,178,164,14,元大-四維,2023-11-30,9831
2883,凱基金,56,43,13,元大-四維,2023-11-30,9831
2457,飛宏,27,14,13,元大-四維,2023-11-30,9831
6901,鑽石投資,13,0,13,元大-四維,2023-11-30,9831
5009,榮剛,15,2,13,元大-四維,2023-11-30,9831
8112,至上,21,8,13,元大-四維,2023-11-30,9831
00915,凱基優選高股息30,12,0,12,元大-四維,2023-11-30,9831
2338,光罩,24,12,12,元大-四維,2023-11-30,9831
6111,大宇資,15,3,12,元大-四維,2023-11-30,9831
00878,國泰永續高股息,22,11,11,元大-四維,2023-11-30,9831
00929,復華台灣科技優息,33,22,11,元大-四維,2023-11-30,9831
6244,茂迪,11,0,11,元大-四維,2023-11-30,9831
3038,全台,11,0,11,元大-四維,2023-11-30,9831
1605,華新,389,45,344,元大-四維,2023-12-01,9831
00632R,元大台灣50反1,217,0,217,元大-四維,2023-12-01,9831
2405,輔信,139,12,127,元大-四維,2023-12-01,9831
2317,鴻海,133,6,127,元大-四維,2023-12-01,9831
2324,仁寶,109,1,108,元大-四維,2023-12-01,9831
2610,華航,103,8,95,元大-四維,2023-12-01,9831
3027,盛達,83,3,80,元大-四維,2023-12-01,9831
00715L,期街口布蘭特正2,72,0,72,元大-四維,2023-12-01,9831
2002,中鋼,90,19,71,元大-四維,2023-12-01,9831
3715,定穎投控,123,57,66,元大-四維,2023-12-01,9831
1582,信錦,80,15,65,元大-四維,2023-12-01,9831
3714,富采,62,0,62,元大-四維,2023-12-01,9831
5880,合庫金,56,0,56,元大-四維,2023-12-01,9831
00679B,元大美債20年,62,6,56,元大-四維,2023-12-01,9831
9921,巨大,53,0,53,元大-四維,2023-12-01,9831
00637L,元大滬深300正2,48,1,47,元大-四維,2023-12-01,9831
00919,群益台灣精選高息,94,47,47,元大-四維,2023-12-01,9831
2382,廣達,48,3,45,元大-四維,2023-12-01,9831
1101,台泥,62,22,40,元大-四維,2023-12-01,9831
2492,華新科,150,113,37,元大-四維,2023-12-01,9831
5426,振發,46,11,35,元大-四維,2023-12-01,9831
2332,友訊,33,0,33,元大-四維,2023-12-01,9831
2834,臺企銀,32,0,32,元大-四維,2023-12-01,9831
2618,長榮航,33,2,31,元大-四維,2023-12-01,9831
00933B,國泰10Y+金融債,30,0,30,元大-四維,2023-12-01,9831
3706,神達,47,17,30,元大-四維,2023-12-01,9831
2888,新光金,29,0,29,元大-四維,2023-12-01,9831
2353,宏��,30,3,27,元大-四維,2023-12-01,9831
00687B,國泰20年美債,25,0,25,元大-四維,2023-12-01,9831
5230,雷笛克光學,32,7,25,元大-四維,2023-12-01,9831
2027,大成鋼,34,9,25,元大-四維,2023-12-01,9831
00935,野村臺灣新科技50,21,0,21,元大-四維,2023-12-01,9831
00915,凱基優選高股息30,20,0,20,元大-四維,2023-12-01,9831
2520,冠德,20,0,20,元大-四維,2023-12-01,9831
3031,佰鴻,20,0,20,元大-四維,2023-12-01,9831
0056,元大高股息,27,7,20,元大-四維,2023-12-01,9831
00878,國泰永續高股息,20,0,20,元大-四維,2023-12-01,9831
2301,光寶科,21,2,19,元大-四維,2023-12-01,9831
2360,致茂,22,3,19,元大-四維,2023-12-01,9831
6485,點序,21,2,19,元大-四維,2023-12-01,9831
1905,華紙,24,5,19,元大-四維,2023-12-01,9831
2886,兆豐金,19,1,18,元大-四維,2023-12-01,9831
00751B,元大AAA至A公司債,18,0,18,元大-四維,2023-12-01,9831
5351,鈺創,34,16,18,元大-四維,2023-12-01,9831
5425,台半,17,0,17,元大-四維,2023-12-01,9831
2498,宏達電,16,0,16,元大-四維,2023-12-01,9831
2485,兆赫,16,1,15,元大-四維,2023-12-01,9831
3149,正達,15,0,15,元大-四維,2023-12-01,9831
3043,科風,14,0,14,元大-四維,2023-12-01,9831
2731,雄獅,22,8,14,元大-四維,2023-12-01,9831
00632R,元大台灣50反1,300,2,298,元大-四維,2023-12-04,9831
00715L,期街口布蘭特正2,165,0,165,元大-四維,2023-12-04,9831
3363,上詮,91,4,87,元大-四維,2023-12-04,9831
1605,華新,181,99,82,元大-四維,2023-12-04,9831
5009,榮剛,84,6,78,元大-四維,2023-12-04,9831
00919,群益台灣精選高息,110,48,62,元大-四維,2023-12-04,9831
6153,嘉聯益,60,0,60,元大-四維,2023-12-04,9831
00680L,元大美債20正2,66,12,54,元大-四維,2023-12-04,9831
2356,英業達,62,8,54,元大-四維,2023-12-04,9831
00878,國泰永續高股息,67,15,52,元大-四維,2023-12-04,9831
3701,大眾控,52,0,52,元大-四維,2023-12-04,9831
2030,彰源,50,1,49,元大-四維,2023-12-04,9831
1101,台泥,54,7,47,元大-四維,2023-12-04,9831
6143,振曜,69,26,43,元大-四維,2023-12-04,9831
4746,台耀,39,3,36,元大-四維,2023-12-04,9831
1733,五鼎,35,0,35,元大-四維,2023-12-04,9831
1504,東元,35,1,34,元大-四維,2023-12-04,9831
1503,士電,45,11,34,元大-四維,2023-12-04,9831
3231,緯創,57,25,32,元大-四維,2023-12-04,9831
6233,旺玖,32,2,30,元大-四維,2023-12-04,9831
3051,力特,30,0,30,元大-四維,2023-12-04,9831
6125,廣運,40,11,29,元大-四維,2023-12-04,9831
00642U,期元大S＆P石油,30,1,29,元大-四維,2023-12-04,9831
2369,菱生,29,0,29,元大-四維,2023-12-04,9831
3706,神達,86,58,28,元大-四維,2023-12-04,9831
00918,大華優利高填息30,27,0,27,元大-四維,2023-12-04,9831
3017,奇鋐,30,4,26,元大-四維,2023-12-04,9831
2615,萬海,36,10,26,元大-四維,2023-12-04,9831
3715,定穎投控,56,30,26,元大-四維,2023-12-04,9831
5351,鈺創,34,9,25,元大-四維,2023-12-04,9831
00650L,復華香港正2,25,0,25,元大-四維,2023-12-04,9831
00936,台新永續高息中小,33,9,24,元大-四維,2023-12-04,9831
2312,金寶,39,16,23,元大-四維,2023-12-04,9831
1524,耿鼎,22,0,22,元大-四維,2023-12-04,9831
4532,瑞智,26,4,22,元大-四維,2023-12-04,9831
2375,凱美,21,0,21,元大-四維,2023-12-04,9831
9919,康那香,45,24,21,元大-四維,2023-12-04,9831
3024,憶聲,20,0,20,元大-四維,2023-12-04,9831
8234,新漢,20,0,20,元大-四維,2023-12-04,9831
2538,基泰,20,0,20,元大-四維,2023-12-04,9831
6111,大宇資,21,2,19,元大-四維,2023-12-04,9831
00712,復華富時不動產,48,29,19,元大-四維,2023-12-04,9831
8390,金益鼎,21,2,19,元大-四維,2023-12-04,9831
6122,擎邦,18,0,18,元大-四維,2023-12-04,9831
00935,野村臺灣新科技50,18,1,17,元大-四維,2023-12-04,9831
2363,矽統,51,34,17,元大-四維,2023-12-04,9831
3005,神基,19,2,17,元大-四維,2023-12-04,9831
2313,華通,62,47,15,元大-四維,2023-12-04,9831
00933B,國泰10Y+金融債,16,1,15,元大-四維,2023-12-04,9831
00773B,中信優先金融債,16,1,15,元大-四維,2023-12-04,9831
2618,長榮航,519,16,503,元大-四維,2023-12-05,9831
00715L,期街口布蘭特正2,383,0,383,元大-四維,2023-12-05,9831
1605,華新,247,79,168,元大-四維,2023-12-05,9831
00935,野村臺灣新科技50,147,0,147,元大-四維,2023-12-05,9831
00919,群益台灣精選高息,187,69,118,元大-四維,2023-12-05,9831
00650L,復華香港正2,113,0,113,元大-四維,2023-12-05,9831
5347,世界,108,2,106,元大-四維,2023-12-05,9831
00929,復華台灣科技優息,218,113,105,元大-四維,2023-12-05,9831
2888,新光金,102,10,92,元大-四維,2023-12-05,9831
2324,仁寶,105,26,79,元大-四維,2023-12-05,9831
00937B,群益ESG投等債20,312,237,75,元大-四維,2023-12-05,9831
0056,元大高股息,77,7,70,元大-四維,2023-12-05,9831
3481,群創,75,5,70,元大-四維,2023-12-05,9831
2882,國泰金,58,0,58,元大-四維,2023-12-05,9831
00918,大華優利高填息30,58,0,58,元大-四維,2023-12-05,9831
1504,東元,56,2,54,元大-四維,2023-12-05,9831
2353,宏��,52,0,52,元大-四維,2023-12-05,9831
2485,兆赫,50,1,49,元大-四維,2023-12-05,9831
00878,國泰永續高股息,48,3,45,元大-四維,2023-12-05,9831
2727,王品,41,0,41,元大-四維,2023-12-05,9831
2511,太子,40,0,40,元大-四維,2023-12-05,9831
5210,寶碩,44,4,40,元大-四維,2023-12-05,9831
2355,敬鵬,53,16,37,元大-四維,2023-12-05,9831
8358,金居,48,13,35,元大-四維,2023-12-05,9831
5426,振發,31,0,31,元大-四維,2023-12-05,9831
3051,力特,32,1,31,元大-四維,2023-12-05,9831
2601,益航,88,57,31,元大-四維,2023-12-05,9831
00637L,元大滬深300正2,30,0,30,元大-四維,2023-12-05,9831
2377,微星,29,0,29,元大-四維,2023-12-05,9831
2890,永豐金,29,2,27,元大-四維,2023-12-05,9831
2606,裕民,166,142,24,元大-四維,2023-12-05,9831
2303,聯電,31,9,22,元大-四維,2023-12-05,9831
1312,國喬,22,0,22,元大-四維,2023-12-05,9831
5880,合庫金,22,0,22,元大-四維,2023-12-05,9831
2367,燿華,44,22,22,元大-四維,2023-12-05,9831
00712,復華富時不動產,22,1,21,元大-四維,2023-12-05,9831
1609,大亞,22,1,21,元大-四維,2023-12-05,9831
2349,錸德,20,0,20,元大-四維,2023-12-05,9831
6143,振曜,26,6,20,元大-四維,2023-12-05,9831
1733,五鼎,25,5,20,元大-四維,2023-12-05,9831
2308,台達電,21,1,20,元大-四維,2023-12-05,9831
2344,華邦電,21,2,19,元大-四維,2023-12-05,9831
2630,亞航,32,13,19,元大-四維,2023-12-05,9831
00882,中信中國高股息,19,0,19,元大-四維,2023-12-05,9831
00922,國泰台灣領袖50,18,0,18,元大-四維,2023-12-05,9831
00931B,統一美債20年,18,0,18,元大-四維,2023-12-05,9831
3017,奇鋐,29,12,17,元大-四維,2023-12-05,9831
5425,台半,16,0,16,元大-四維,2023-12-05,9831
00687B,國泰20年美債,21,5,16,元大-四維,2023-12-05,9831
1795,美時,19,4,15,元大-四維,2023-12-05,9831
00937B,群益ESG投等債20,256,24,232,元大-四維,2023-12-06,9831
1513,中興電,167,11,156,元大-四維,2023-12-06,9831
00929,復華台灣科技優息,168,16,152,元大-四維,2023-12-06,9831
00687B,國泰20年美債,117,0,117,元大-四維,2023-12-06,9831
00680L,元大美債20正2,119,15,104,元大-四維,2023-12-06,9831
3481,群創,93,2,91,元大-四維,2023-12-06,9831
00919,群益台灣精選高息,81,2,79,元大-四維,2023-12-06,9831
1605,華新,69,5,64,元大-四維,2023-12-06,9831
3050,鈺德,69,10,59,元大-四維,2023-12-06,9831
00933B,國泰10Y+金融債,44,0,44,元大-四維,2023-12-06,9831
3363,上詮,43,1,42,元大-四維,2023-12-06,9831
00679B,元大美債20年,43,1,42,元大-四維,2023-12-06,9831
00931B,統一美債20年,48,8,40,元大-四維,2023-12-06,9831
3701,大眾控,39,0,39,元大-四維,2023-12-06,9831
3325,旭品,40,2,38,元大-四維,2023-12-06,9831
2605,新興,56,19,37,元大-四維,2023-12-06,9831
6486,互動,37,0,37,元大-四維,2023-12-06,9831
00715L,期街口布蘭特正2,35,0,35,元大-四維,2023-12-06,9831
2425,承啟,41,8,33,元大-四維,2023-12-06,9831
5426,振發,41,8,33,元大-四維,2023-12-06,9831
2634,漢翔,35,3,32,元大-四維,2023-12-06,9831
3708,上緯投控,31,0,31,元大-四維,2023-12-06,9831
2601,益航,33,3,30,元大-四維,2023-12-06,9831
00905,FT臺灣Smart,30,0,30,元大-四維,2023-12-06,9831
3055,蔚華科,30,0,30,元大-四維,2023-12-06,9831
2547,日勝生,30,0,30,元大-四維,2023-12-06,9831
6770,力積電,29,0,29,元大-四維,2023-12-06,9831
5381,合正,29,0,29,元大-四維,2023-12-06,9831
2303,聯電,35,8,27,元大-四維,2023-12-06,9831
6143,振曜,60,34,26,元大-四維,2023-12-06,9831
2358,廷鑫,26,0,26,元大-四維,2023-12-06,9831
00720B,元大投資級公司債,25,1,24,元大-四維,2023-12-06,9831
4167,松瑞藥,33,9,24,元大-四維,2023-12-06,9831
9921,巨大,30,6,24,元大-四維,2023-12-06,9831
2344,華邦電,31,8,23,元大-四維,2023-12-06,9831
1409,新纖,23,0,23,元大-四維,2023-12-06,9831
3035,智原,29,7,22,元大-四維,2023-12-06,9831
2421,建準,35,13,22,元大-四維,2023-12-06,9831
2511,太子,22,0,22,元大-四維,2023-12-06,9831
1529,樂事綠能,39,17,22,元大-四維,2023-12-06,9831
2409,友達,21,0,21,元大-四維,2023-12-06,9831
2313,華通,59,38,21,元大-四維,2023-12-06,9831
2542,興富發,21,0,21,元大-四維,2023-12-06,9831
6026,福邦證,20,0,20,元大-四維,2023-12-06,9831
2606,裕民,65,46,19,元大-四維,2023-12-06,9831
2329,華泰,89,71,18,元大-四維,2023-12-06,9831
3027,盛達,20,3,17,元大-四維,2023-12-06,9831
2457,飛宏,38,21,17,元大-四維,2023-12-06,9831
3231,緯創,48,32,16,元大-四維,2023-12-06,9831
1514,亞力,90,74,16,元大-四維,2023-12-06,9831
00715L,期街口布蘭特正2,587,0,587,元大-四維,2023-12-07,9831
00919,群益台灣精選高息,219,12,207,元大-四維,2023-12-07,9831
2515,中工,208,2,206,元大-四維,2023-12-07,9831
00680L,元大美債20正2,203,37,166,元大-四維,2023-12-07,9831
00937B,群益ESG投等債20,168,37,131,元大-四維,2023-12-07,9831
00933B,國泰10Y+金融債,122,0,122,元大-四維,2023-12-07,9831
2511,太子,110,0,110,元大-四維,2023-12-07,9831
00688L,國泰20年美債正2,67,0,67,元大-四維,2023-12-07,9831
00931B,統一美債20年,64,0,64,元大-四維,2023-12-07,9831
1802,台玻,61,0,61,元大-四維,2023-12-07,9831
3701,大眾控,60,0,60,元大-四維,2023-12-07,9831
00665L,富邦�琤肭磪囓�2,55,0,55,元大-四維,2023-12-07,9831
9105,泰金寶-DR,53,0,53,元大-四維,2023-12-07,9831
1504,東元,90,39,51,元大-四維,2023-12-07,9831
2609,陽明,55,5,50,元大-四維,2023-12-07,9831
6233,旺玖,50,8,42,元大-四維,2023-12-07,9831
2886,兆豐金,42,4,38,元大-四維,2023-12-07,9831
00642U,期元大S＆P石油,41,3,38,元大-四維,2023-12-07,9831
2303,聯電,39,9,30,元大-四維,2023-12-07,9831
3481,群創,39,10,29,元大-四維,2023-12-07,9831
2371,大同,35,7,28,元大-四維,2023-12-07,9831
5351,鈺創,29,3,26,元大-四維,2023-12-07,9831
00915,凱基優選高股息30,26,0,26,元大-四維,2023-12-07,9831
3706,神達,77,51,26,元大-四維,2023-12-07,9831
00679B,元大美債20年,56,33,23,元大-四維,2023-12-07,9831
1314,中石化,23,0,23,元大-四維,2023-12-07,9831
2634,漢翔,41,18,23,元大-四維,2023-12-07,9831
5608,四維航,24,1,23,元大-四維,2023-12-07,9831
2881,富邦金,29,6,23,元大-四維,2023-12-07,9831
2330,台積電,23,0,23,元大-四維,2023-12-07,9831
3715,定穎投控,39,17,22,元大-四維,2023-12-07,9831
00878,國泰永續高股息,23,2,21,元大-四維,2023-12-07,9831
3260,威剛,23,2,21,元大-四維,2023-12-07,9831
00882,中信中國高股息,22,1,21,元大-四維,2023-12-07,9831
1503,士電,32,12,20,元大-四維,2023-12-07,9831
2838,聯邦銀,20,0,20,元大-四維,2023-12-07,9831
00888,永豐台灣ESG,20,0,20,元大-四維,2023-12-07,9831
1752,南光,20,0,20,元大-四維,2023-12-07,9831
1701,中化,20,0,20,元大-四維,2023-12-07,9831
1522,堤維西,114,94,20,元大-四維,2023-12-07,9831
2537,聯上發,19,0,19,元大-四維,2023-12-07,9831
1312,國喬,18,0,18,元大-四維,2023-12-07,9831
6695,芯鼎,20,2,18,元大-四維,2023-12-07,9831
2427,三商電,20,2,18,元大-四維,2023-12-07,9831
5347,世界,17,0,17,元大-四維,2023-12-07,9831
00918,大華優利高填息30,20,3,17,元大-四維,2023-12-07,9831
1513,中興電,134,117,17,元大-四維,2023-12-07,9831
00713,元大台灣高息低波,16,0,16,元大-四維,2023-12-07,9831
2355,敬鵬,35,19,16,元大-四維,2023-12-07,9831
1603,華電,16,0,16,元大-四維,2023-12-07,9831
00937B,群益ESG投等債20,170,21,149,元大-四維,2023-12-08,9831
00933B,國泰10Y+金融債,126,10,116,元大-四維,2023-12-08,9831
00632R,元大台灣50反1,101,0,101,元大-四維,2023-12-08,9831
2371,大同,113,19,94,元大-四維,2023-12-08,9831
2027,大成鋼,72,11,61,元大-四維,2023-12-08,9831
2405,輔信,87,29,58,元大-四維,2023-12-08,9831
2329,華泰,124,66,58,元大-四維,2023-12-08,9831
2303,聯電,58,1,57,元大-四維,2023-12-08,9831
4906,正文,71,14,57,元大-四維,2023-12-08,9831
00882,中信中國高股息,44,0,44,元大-四維,2023-12-08,9831
2834,臺企銀,41,1,40,元大-四維,2023-12-08,9831
2605,新興,99,62,37,元大-四維,2023-12-08,9831
00753L,中信中國50正2,36,0,36,元大-四維,2023-12-08,9831
3231,緯創,46,12,34,元大-四維,2023-12-08,9831
00679B,元大美債20年,38,6,32,元大-四維,2023-12-08,9831
2606,裕民,35,5,30,元大-四維,2023-12-08,9831
3489,森寶,30,0,30,元大-四維,2023-12-08,9831
6156,松上,28,0,28,元大-四維,2023-12-08,9831
2426,鼎元,27,0,27,元大-四維,2023-12-08,9831
8996,高力,28,2,26,元大-四維,2023-12-08,9831
2882,國泰金,24,0,24,元大-四維,2023-12-08,9831
00687B,國泰20年美債,44,21,23,元大-四維,2023-12-08,9831
8097,常珵,23,0,23,元大-四維,2023-12-08,9831
5608,四維航,29,6,23,元大-四維,2023-12-08,9831
1503,士電,29,6,23,元大-四維,2023-12-08,9831
2376,技嘉,102,81,21,元大-四維,2023-12-08,9831
2023,燁輝,20,0,20,元大-四維,2023-12-08,9831
3027,盛達,20,0,20,元大-四維,2023-12-08,9831
1524,耿鼎,78,58,20,元大-四維,2023-12-08,9831
1612,宏泰,40,21,19,元大-四維,2023-12-08,9831
2867,三商壽,18,0,18,元大-四維,2023-12-08,9831
2449,京元電子,21,4,17,元大-四維,2023-12-08,9831
2344,華邦電,26,9,17,元大-四維,2023-12-08,9831
2313,華通,35,19,16,元大-四維,2023-12-08,9831
4167,松瑞藥,26,10,16,元大-四維,2023-12-08,9831
2913,農林,16,0,16,元大-四維,2023-12-08,9831
2399,映泰,16,1,15,元大-四維,2023-12-08,9831
2314,台揚,15,0,15,元大-四維,2023-12-08,9831
3675,德微,14,0,14,元大-四維,2023-12-08,9831
2610,華航,25,13,12,元大-四維,2023-12-08,9831
2641,正德,28,16,12,元大-四維,2023-12-08,9831
1459,聯發,12,0,12,元大-四維,2023-12-08,9831
6274,台燿,13,1,12,元大-四維,2023-12-08,9831
4533,協易機,14,2,12,元大-四維,2023-12-08,9831
2377,微星,15,4,11,元大-四維,2023-12-08,9831
2633,台灣高鐵,11,0,11,元大-四維,2023-12-08,9831
3708,上緯投控,12,1,11,元大-四維,2023-12-08,9831
2014,中鴻,11,0,11,元大-四維,2023-12-08,9831
3372,典範,12,1,11,元大-四維,2023-12-08,9831
00936,台新永續高息中小,12,2,10,元大-四維,2023-12-08,9831
00922,國泰台灣領袖50,166,2,164,元大-四維,2023-12-11,9831
00919,群益台灣精選高息,183,39,144,元大-四維,2023-12-11,9831
00937B,群益ESG投等債20,153,12,141,元大-四維,2023-12-11,9831
2618,長榮航,152,16,136,元大-四維,2023-12-11,9831
00706L,期元大S＆P日圓正2,100,0,100,元大-四維,2023-12-11,9831
2371,大同,112,32,80,元大-四維,2023-12-11,9831
00687B,國泰20年美債,81,4,77,元大-四維,2023-12-11,9831
2002,中鋼,95,18,77,元大-四維,2023-12-11,9831
2208,台船,80,15,65,元大-四維,2023-12-11,9831
5608,四維航,60,4,56,元大-四維,2023-12-11,9831
00637L,元大滬深300正2,75,24,51,元大-四維,2023-12-11,9831
2405,輔信,58,8,50,元大-四維,2023-12-11,9831
3363,上詮,51,1,50,元大-四維,2023-12-11,9831
00936,台新永續高息中小,50,1,49,元大-四維,2023-12-11,9831
00882,中信中國高股息,64,21,43,元大-四維,2023-12-11,9831
00720B,元大投資級公司債,42,1,41,元大-四維,2023-12-11,9831
00688L,國泰20年美債正2,40,0,40,元大-四維,2023-12-11,9831
2838,聯邦銀,40,0,40,元大-四維,2023-12-11,9831
2376,技嘉,42,4,38,元大-四維,2023-12-11,9831
00751B,元大AAA至A公司債,30,0,30,元大-四維,2023-12-11,9831
2882,國泰金,30,0,30,元大-四維,2023-12-11,9831
4306,炎洲,31,1,30,元大-四維,2023-12-11,9831
2025,千興,30,0,30,元大-四維,2023-12-11,9831
00918,大華優利高填息30,29,0,29,元大-四維,2023-12-11,9831
1618,合機,93,65,28,元大-四維,2023-12-11,9831
2634,漢翔,30,3,27,元大-四維,2023-12-11,9831
1802,台玻,32,5,27,元大-四維,2023-12-11,9831
3078,僑威,27,2,25,元大-四維,2023-12-11,9831
5880,合庫金,27,3,24,元大-四維,2023-12-11,9831
1605,華新,25,2,23,元大-四維,2023-12-11,9831
6233,旺玖,33,10,23,元大-四維,2023-12-11,9831
2727,王品,23,0,23,元大-四維,2023-12-11,9831
6243,迅杰,24,1,23,元大-四維,2023-12-11,9831
6112,邁達特,21,0,21,元大-四維,2023-12-11,9831
00772B,中信高評級公司債,21,0,21,元大-四維,2023-12-11,9831
2605,新興,50,29,21,元大-四維,2023-12-11,9831
00650L,復華香港正2,20,0,20,元大-四維,2023-12-11,9831
3024,憶聲,20,0,20,元大-四維,2023-12-11,9831
3043,科風,19,0,19,元大-四維,2023-12-11,9831
9921,巨大,18,0,18,元大-四維,2023-12-11,9831
00753L,中信中國50正2,18,0,18,元大-四維,2023-12-11,9831
6806,森崴能源,18,0,18,元大-四維,2023-12-11,9831
2891,中信金,19,3,16,元大-四維,2023-12-11,9831
1101,台泥,16,0,16,元大-四維,2023-12-11,9831
2457,飛宏,16,1,15,元大-四維,2023-12-11,9831
2204,中華,20,5,15,元大-四維,2023-12-11,9831
2368,金像電,33,19,14,元大-四維,2023-12-11,9831
2358,廷鑫,17,3,14,元大-四維,2023-12-11,9831
3312,弘憶股,14,0,14,元大-四維,2023-12-11,9831
3515,華擎,15,1,14,元大-四維,2023-12-11,9831
3712,永崴投控,193,3,190,元大-四維,2023-12-12,9831
3481,群創,193,17,176,元大-四維,2023-12-12,9831
5521,工信,175,12,163,元大-四維,2023-12-12,9831
2882,國泰金,155,3,152,元大-四維,2023-12-12,9831
00935,野村臺灣新科技50,147,1,146,元大-四維,2023-12-12,9831
1312,國喬,144,6,138,元大-四維,2023-12-12,9831
2610,華航,115,0,115,元大-四維,2023-12-12,9831
00918,大華優利高填息30,109,7,102,元大-四維,2023-12-12,9831
1409,新纖,101,2,99,元大-四維,2023-12-12,9831
2356,英業達,81,9,72,元大-四維,2023-12-12,9831
00934,中信成長高股息,71,0,71,元大-四維,2023-12-12,9831
00919,群益台灣精選高息,190,121,69,元大-四維,2023-12-12,9831
2903,遠百,61,0,61,元大-四維,2023-12-12,9831
2027,大成鋼,58,0,58,元大-四維,2023-12-12,9831
3363,上詮,59,2,57,元大-四維,2023-12-12,9831
00720B,元大投資級公司債,65,10,55,元大-四維,2023-12-12,9831
4306,炎洲,51,1,50,元大-四維,2023-12-12,9831
00687B,國泰20年美債,66,17,49,元大-四維,2023-12-12,9831
1314,中石化,84,36,48,元大-四維,2023-12-12,9831
5533,皇鼎,45,0,45,元大-四維,2023-12-12,9831
2511,太子,50,15,35,元大-四維,2023-12-12,9831
00751B,元大AAA至A公司債,35,0,35,元大-四維,2023-12-12,9831
6538,倉和,43,12,31,元大-四維,2023-12-12,9831
3714,富采,31,0,31,元大-四維,2023-12-12,9831
2023,燁輝,33,3,30,元大-四維,2023-12-12,9831
00772B,中信高評級公司債,29,0,29,元大-四維,2023-12-12,9831
5425,台半,31,3,28,元大-四維,2023-12-12,9831
3027,盛達,33,5,28,元大-四維,2023-12-12,9831
00933B,國泰10Y+金融債,37,10,27,元大-四維,2023-12-12,9831
3231,緯創,68,42,26,元大-四維,2023-12-12,9831
2344,華邦電,29,4,25,元大-四維,2023-12-12,9831
2883,凱基金,28,5,23,元大-四維,2023-12-12,9831
2409,友達,43,20,23,元大-四維,2023-12-12,9831
2611,志信,21,1,20,元大-四維,2023-12-12,9831
2606,裕民,26,6,20,元大-四維,2023-12-12,9831
2308,台達電,21,2,19,元大-四維,2023-12-12,9831
1609,大亞,34,16,18,元大-四維,2023-12-12,9831
8112,至上,64,47,17,元大-四維,2023-12-12,9831
2313,華通,62,45,17,元大-四維,2023-12-12,9831
5324,士開,16,0,16,元大-四維,2023-12-12,9831
00688L,國泰20年美債正2,22,6,16,元大-四維,2023-12-12,9831
2641,正德,18,2,16,元大-四維,2023-12-12,9831
1440,南紡,15,0,15,元大-四維,2023-12-12,9831
3049,精金,15,0,15,元大-四維,2023-12-12,9831
3443,創意,19,5,14,元大-四維,2023-12-12,9831
9105,泰金寶-DR,14,0,14,元大-四維,2023-12-12,9831
6156,松上,14,0,14,元大-四維,2023-12-12,9831
8926,台汽電,13,0,13,元大-四維,2023-12-12,9831
1514,亞力,22,10,12,元大-四維,2023-12-12,9831
6138,茂達,14,2,12,元大-四維,2023-12-12,9831
00715L,期街口布蘭特正2,594,6,588,元大-四維,2023-12-13,9831
2002,中鋼,465,13,452,元大-四維,2023-12-13,9831
00919,群益台灣精選高息,226,29,197,元大-四維,2023-12-13,9831
00680L,元大美債20正2,108,0,108,元大-四維,2023-12-13,9831
00933B,國泰10Y+金融債,87,0,87,元大-四維,2023-12-13,9831
2618,長榮航,102,17,85,元大-四維,2023-12-13,9831
3390,旭軟,72,9,63,元大-四維,2023-12-13,9831
00687B,國泰20年美債,60,0,60,元大-四維,2023-12-13,9831
00720B,元大投資級公司債,53,0,53,元大-四維,2023-12-13,9831
6182,合晶,60,13,47,元大-四維,2023-12-13,9831
00918,大華優利高填息30,58,14,44,元大-四維,2023-12-13,9831
2636,台驊控股,40,0,40,元大-四維,2023-12-13,9831
3037,欣興,44,4,40,元大-四維,2023-12-13,9831
00679B,元大美債20年,40,1,39,元大-四維,2023-12-13,9831
2371,大同,56,18,38,元大-四維,2023-12-13,9831
00642U,期元大S＆P石油,46,9,37,元大-四維,2023-12-13,9831
00637L,元大滬深300正2,51,14,37,元大-四維,2023-12-13,9831
5880,合庫金,46,9,37,元大-四維,2023-12-13,9831
2634,漢翔,46,9,37,元大-四維,2023-12-13,9831
2633,台灣高鐵,34,0,34,元大-四維,2023-12-13,9831
6187,萬潤,36,2,34,元大-四維,2023-12-13,9831
2208,台船,42,9,33,元大-四維,2023-12-13,9831
6770,力積電,58,27,31,元大-四維,2023-12-13,9831
3481,群創,51,21,30,元大-四維,2023-12-13,9831
9907,統一實,30,0,30,元大-四維,2023-12-13,9831
3078,僑威,30,0,30,元大-四維,2023-12-13,9831
2516,新建,35,6,29,元大-四維,2023-12-13,9831
2332,友訊,32,6,26,元大-四維,2023-12-13,9831
2809,京城銀,24,0,24,元大-四維,2023-12-13,9831
5426,振發,30,7,23,元大-四維,2023-12-13,9831
1795,美時,24,2,22,元大-四維,2023-12-13,9831
2340,台亞,21,0,21,元大-四維,2023-12-13,9831
3308,聯德,21,1,20,元大-四維,2023-12-13,9831
1409,新纖,20,0,20,元大-四維,2023-12-13,9831
2838,聯邦銀,20,0,20,元大-四維,2023-12-13,9831
3231,緯創,88,69,19,元大-四維,2023-12-13,9831
3035,智原,26,7,19,元大-四維,2023-12-13,9831
3380,明泰,20,2,18,元大-四維,2023-12-13,9831
2867,三商壽,18,0,18,元大-四維,2023-12-13,9831
2892,第一金,20,2,18,元大-四維,2023-12-13,9831
00915,凱基優選高股息30,21,3,18,元大-四維,2023-12-13,9831
3437,榮創,17,0,17,元大-四維,2023-12-13,9831
5515,建國,23,6,17,元大-四維,2023-12-13,9831
2615,萬海,24,7,17,元大-四維,2023-12-13,9831
5871,中租-KY,17,1,16,元大-四維,2023-12-13,9831
00934,中信成長高股息,19,3,16,元大-四維,2023-12-13,9831
4306,炎洲,27,11,16,元大-四維,2023-12-13,9831
5225,東科-KY,17,1,16,元大-四維,2023-12-13,9831
1312,國喬,17,2,15,元大-四維,2023-12-13,9831
00882,中信中國高股息,15,0,15,元大-四維,2023-12-13,9831
00680L,元大美債20正2,258,10,248,元大-四維,2023-12-14,9831
00919,群益台灣精選高息,308,90,218,元大-四維,2023-12-14,9831
3231,緯創,194,26,168,元大-四維,2023-12-14,9831
00937B,群益ESG投等債20,139,5,134,元大-四維,2023-12-14,9831
3006,晶豪科,135,11,124,元大-四維,2023-12-14,9831
2888,新光金,106,2,104,元大-四維,2023-12-14,9831
00687B,國泰20年美債,109,15,94,元大-四維,2023-12-14,9831
00632R,元大台灣50反1,122,30,92,元大-四維,2023-12-14,9831
00933B,國泰10Y+金融債,91,0,91,元大-四維,2023-12-14,9831
2501,國建,91,1,90,元大-四維,2023-12-14,9831
2303,聯電,156,71,85,元大-四維,2023-12-14,9831
3704,合勤控,80,4,76,元大-四維,2023-12-14,9831
2324,仁寶,134,72,62,元大-四維,2023-12-14,9831
00679B,元大美債20年,78,20,58,元大-四維,2023-12-14,9831
6188,廣明,56,1,55,元大-四維,2023-12-14,9831
2365,昆盈,76,24,52,元大-四維,2023-12-14,9831
2027,大成鋼,50,1,49,元大-四維,2023-12-14,9831
6292,迅德,52,4,48,元大-四維,2023-12-14,9831
00934,中信成長高股息,44,0,44,元大-四維,2023-12-14,9831
3390,旭軟,45,5,40,元大-四維,2023-12-14,9831
00706L,期元大S＆P日圓正2,40,0,40,元大-四維,2023-12-14,9831
00637L,元大滬深300正2,53,14,39,元大-四維,2023-12-14,9831
2329,華泰,51,17,34,元大-四維,2023-12-14,9831
1503,士電,42,8,34,元大-四維,2023-12-14,9831
2387,精元,32,0,32,元大-四維,2023-12-14,9831
1310,台苯,30,0,30,元大-四維,2023-12-14,9831
3005,神基,56,27,29,元大-四維,2023-12-14,9831
00751B,元大AAA至A公司債,30,3,27,元大-四維,2023-12-14,9831
1524,耿鼎,48,22,26,元大-四維,2023-12-14,9831
2887,台新金,31,6,25,元大-四維,2023-12-14,9831
3362,先進光,31,7,24,元大-四維,2023-12-14,9831
2353,宏��,32,9,23,元大-四維,2023-12-14,9831
00882,中信中國高股息,24,1,23,元大-四維,2023-12-14,9831
8155,博智,23,0,23,元大-四維,2023-12-14,9831
3227,原相,23,0,23,元大-四維,2023-12-14,9831
00720B,元大投資級公司債,72,49,23,元大-四維,2023-12-14,9831
3702,大聯大,24,2,22,元大-四維,2023-12-14,9831
1409,新纖,21,0,21,元大-四維,2023-12-14,9831
2615,萬海,34,13,21,元大-四維,2023-12-14,9831
5210,寶碩,20,0,20,元大-四維,2023-12-14,9831
6668,中揚光,21,1,20,元大-四維,2023-12-14,9831
3625,西勝,20,0,20,元大-四維,2023-12-14,9831
5608,四維航,22,4,18,元大-四維,2023-12-14,9831
4976,佳凌,20,3,17,元大-四維,2023-12-14,9831
5328,華容,23,6,17,元大-四維,2023-12-14,9831
3706,神達,260,244,16,元大-四維,2023-12-14,9831
00665L,富邦�琤肭磪囓�2,15,0,15,元大-四維,2023-12-14,9831
1609,大亞,19,4,15,元大-四維,2023-12-14,9831
3094,聯傑,23,8,15,元大-四維,2023-12-14,9831
00891,中信關鍵半導體,19,4,15,元大-四維,2023-12-14,9831
00687B,國泰20年美債,708,8,700,元大-四維,2023-12-15,9831
00919,群益台灣精選高息,688,179,509,元大-四維,2023-12-15,9831
2324,仁寶,205,20,185,元大-四維,2023-12-15,9831
00935,野村臺灣新科技50,166,0,166,元大-四維,2023-12-15,9831
00753L,中信中國50正2,156,2,154,元大-四維,2023-12-15,9831
5388,中磊,134,6,128,元大-四維,2023-12-15,9831
00680L,元大美債20正2,125,1,124,元大-四維,2023-12-15,9831
2363,矽統,418,296,122,元大-四維,2023-12-15,9831
00918,大華優利高填息30,118,12,106,元大-四維,2023-12-15,9831
00688L,國泰20年美債正2,104,0,104,元大-四維,2023-12-15,9831
2331,精英,109,7,102,元大-四維,2023-12-15,9831
2356,英業達,496,400,96,元大-四維,2023-12-15,9831
0056,元大高股息,101,17,84,元大-四維,2023-12-15,9831
4707,磐亞,50,0,50,元大-四維,2023-12-15,9831
2511,太子,50,0,50,元大-四維,2023-12-15,9831
2880,華南金,50,1,49,元大-四維,2023-12-15,9831
00878,國泰永續高股息,120,73,47,元大-四維,2023-12-15,9831
00720B,元大投資級公司債,48,3,45,元大-四維,2023-12-15,9831
00937B,群益ESG投等債20,43,3,40,元大-四維,2023-12-15,9831
2618,長榮航,54,15,39,元大-四維,2023-12-15,9831
00715L,期街口布蘭特正2,45,8,37,元大-四維,2023-12-15,9831
2498,宏達電,37,1,36,元大-四維,2023-12-15,9831
2329,華泰,39,8,31,元大-四維,2023-12-15,9831
1449,佳和,40,10,30,元大-四維,2023-12-15,9831
3062,建漢,30,0,30,元大-四維,2023-12-15,9831
3346,麗清,36,11,25,元大-四維,2023-12-15,9831
00888,永豐台灣ESG,30,6,24,元大-四維,2023-12-15,9831
2606,裕民,29,5,24,元大-四維,2023-12-15,9831
6442,光聖,22,0,22,元大-四維,2023-12-15,9831
2641,正德,24,3,21,元大-四維,2023-12-15,9831
2838,聯邦銀,20,0,20,元大-四維,2023-12-15,9831
5608,四維航,20,0,20,元大-四維,2023-12-15,9831
00733,富邦臺灣中小,20,0,20,元大-四維,2023-12-15,9831
2820,華票,20,0,20,元大-四維,2023-12-15,9831
2882,國泰金,22,3,19,元大-四維,2023-12-15,9831
00931B,統一美債20年,26,7,19,元大-四維,2023-12-15,9831
3694,海華,20,3,17,元大-四維,2023-12-15,9831
6732,昇佳電子,17,0,17,元大-四維,2023-12-15,9831
2301,光寶科,16,0,16,元大-四維,2023-12-15,9831
2402,毅嘉,38,22,16,元大-四維,2023-12-15,9831
8112,至上,42,27,15,元大-四維,2023-12-15,9831
1101,台泥,18,3,15,元大-四維,2023-12-15,9831
2530,華建,16,1,15,元大-四維,2023-12-15,9831
3706,神達,61,46,15,元大-四維,2023-12-15,9831
2412,中華電,17,3,14,元大-四維,2023-12-15,9831
00722B,群益投資級電信債,17,3,14,元大-四維,2023-12-15,9831
6190,萬泰科,27,13,14,元大-四維,2023-12-15,9831
6187,萬潤,14,1,13,元大-四維,2023-12-15,9831
3305,昇貿,13,0,13,元大-四維,2023-12-15,9831
00915,凱基優選高股息30,13,0,13,元大-四維,2023-12-15,9831
00919,群益台灣精選高息,333,89,244,元大-四維,2023-12-18,9831
00680L,元大美債20正2,278,45,233,元大-四維,2023-12-18,9831
2515,中工,218,13,205,元大-四維,2023-12-18,9831
2303,聯電,248,65,183,元大-四維,2023-12-18,9831
00929,復華台灣科技優息,243,72,171,元大-四維,2023-12-18,9831
00688L,國泰20年美債正2,171,0,171,元大-四維,2023-12-18,9831
2618,長榮航,247,151,96,元大-四維,2023-12-18,9831
2337,旺宏,138,51,87,元大-四維,2023-12-18,9831
00687B,國泰20年美債,91,9,82,元大-四維,2023-12-18,9831
2356,英業達,119,39,80,元大-四維,2023-12-18,9831
00937B,群益ESG投等債20,71,2,69,元大-四維,2023-12-18,9831
2014,中鴻,247,187,60,元大-四維,2023-12-18,9831
2834,臺企銀,50,0,50,元大-四維,2023-12-18,9831
2615,萬海,90,42,48,元大-四維,2023-12-18,9831
1409,新纖,45,0,45,元大-四維,2023-12-18,9831
00933B,國泰10Y+金融債,45,1,44,元大-四維,2023-12-18,9831
00712,復華富時不動產,43,0,43,元大-四維,2023-12-18,9831
4167,松瑞藥,107,67,40,元大-四維,2023-12-18,9831
6127,九豪,43,6,37,元大-四維,2023-12-18,9831
3047,訊舟,57,20,37,元大-四維,2023-12-18,9831
2010,春源,40,4,36,元大-四維,2023-12-18,9831
00918,大華優利高填息30,36,2,34,元大-四維,2023-12-18,9831
6147,頎邦,69,36,33,元大-四維,2023-12-18,9831
00679B,元大美債20年,44,16,28,元大-四維,2023-12-18,9831
3211,順達,28,1,27,元大-四維,2023-12-18,9831
5880,合庫金,25,0,25,元大-四維,2023-12-18,9831
3663,鑫科,25,1,24,元大-四維,2023-12-18,9831
5608,四維航,29,6,23,元大-四維,2023-12-18,9831
00720B,元大投資級公司債,23,0,23,元大-四維,2023-12-18,9831
3437,榮創,24,2,22,元大-四維,2023-12-18,9831
3701,大眾控,22,1,21,元大-四維,2023-12-18,9831
2605,新興,32,12,20,元大-四維,2023-12-18,9831
5243,乙盛-KY,20,0,20,元大-四維,2023-12-18,9831
1608,華榮,20,0,20,元大-四維,2023-12-18,9831
6112,邁達特,20,1,19,元大-四維,2023-12-18,9831
6443,元晶,21,5,16,元大-四維,2023-12-18,9831
1733,五鼎,18,2,16,元大-四維,2023-12-18,9831
3037,欣興,18,2,16,元大-四維,2023-12-18,9831
2409,友達,17,2,15,元大-四維,2023-12-18,9831
2371,大同,15,0,15,元大-四維,2023-12-18,9831
3710,連展投控,15,0,15,元大-四維,2023-12-18,9831
4109,加捷生醫,15,0,15,元大-四維,2023-12-18,9831
00751B,元大AAA至A公司債,19,4,15,元大-四維,2023-12-18,9831
2498,宏達電,19,5,14,元大-四維,2023-12-18,9831
1319,東陽,30,16,14,元大-四維,2023-12-18,9831
2888,新光金,22,8,14,元大-四維,2023-12-18,9831
2028,威致,15,1,14,元大-四維,2023-12-18,9831
2838,聯邦銀,13,0,13,元大-四維,2023-12-18,9831
2221,大甲,13,0,13,元大-四維,2023-12-18,9831
3122,笙泉,13,0,13,元大-四維,2023-12-18,9831
00929,復華台灣科技優息,361,116,245,元大-四維,2023-12-19,9831
2801,彰銀,215,0,215,元大-四維,2023-12-19,9831
2324,仁寶,226,22,204,元大-四維,2023-12-19,9831
2609,陽明,478,330,148,元大-四維,2023-12-19,9831
2409,友達,114,2,112,元大-四維,2023-12-19,9831
2809,京城銀,72,1,71,元大-四維,2023-12-19,9831
5210,寶碩,71,0,71,元大-四維,2023-12-19,9831
2344,華邦電,120,53,67,元大-四維,2023-12-19,9831
00919,群益台灣精選高息,265,199,66,元大-四維,2023-12-19,9831
8150,南茂,59,3,56,元大-四維,2023-12-19,9831
00680L,元大美債20正2,93,39,54,元大-四維,2023-12-19,9831
3231,緯創,76,30,46,元大-四維,2023-12-19,9831
00933B,國泰10Y+金融債,52,10,42,元大-四維,2023-12-19,9831
2618,長榮航,178,137,41,元大-四維,2023-12-19,9831
2834,臺企銀,41,1,40,元大-四維,2023-12-19,9831
6112,邁達特,70,31,39,元大-四維,2023-12-19,9831
2838,聯邦銀,30,0,30,元大-四維,2023-12-19,9831
5347,世界,29,0,29,元大-四維,2023-12-19,9831
2885,元大金,37,11,26,元大-四維,2023-12-19,9831
3437,榮創,33,7,26,元大-四維,2023-12-19,9831
00900,富邦特選高股息30,25,0,25,元大-四維,2023-12-19,9831
1504,東元,27,2,25,元大-四維,2023-12-19,9831
2356,英業達,52,27,25,元大-四維,2023-12-19,9831
2882,國泰金,26,1,25,元大-四維,2023-12-19,9831
6147,頎邦,35,11,24,元大-四維,2023-12-19,9831
00888,永豐台灣ESG,24,0,24,元大-四維,2023-12-19,9831
1608,華榮,28,5,23,元大-四維,2023-12-19,9831
2606,裕民,25,2,23,元大-四維,2023-12-19,9831
5608,四維航,23,3,20,元大-四維,2023-12-19,9831
00882,中信中國高股息,20,0,20,元大-四維,2023-12-19,9831
2332,友訊,22,3,19,元大-四維,2023-12-19,9831
5880,合庫金,34,16,18,元大-四維,2023-12-19,9831
3481,群創,60,42,18,元大-四維,2023-12-19,9831
00687B,國泰20年美債,29,12,17,元大-四維,2023-12-19,9831
2881,富邦金,16,0,16,元大-四維,2023-12-19,9831
00937B,群益ESG投等債20,87,71,16,元大-四維,2023-12-19,9831
2892,第一金,15,0,15,元大-四維,2023-12-19,9831
1304,台聚,15,0,15,元大-四維,2023-12-19,9831
2913,農林,18,3,15,元大-四維,2023-12-19,9831
4106,雃博,15,0,15,元大-四維,2023-12-19,9831
2329,華泰,19,5,14,元大-四維,2023-12-19,9831
2465,麗臺,15,1,14,元大-四維,2023-12-19,9831
2883,凱基金,17,4,13,元大-四維,2023-12-19,9831
00918,大華優利高填息30,25,12,13,元大-四維,2023-12-19,9831
2374,佳能,15,2,13,元大-四維,2023-12-19,9831
3234,光環,13,0,13,元大-四維,2023-12-19,9831
1314,中石化,203,190,13,元大-四維,2023-12-19,9831
3625,西勝,12,0,12,元大-四維,2023-12-19,9831
2313,華通,55,43,12,元大-四維,2023-12-19,9831
9927,泰銘,11,0,11,元大-四維,2023-12-19,9831
2365,昆盈,650,5,645,元大-四維,2023-12-20,9831
2027,大成鋼,173,24,149,元大-四維,2023-12-20,9831
00632R,元大台灣50反1,130,0,130,元大-四維,2023-12-20,9831
00937B,群益ESG投等債20,120,5,115,元大-四維,2023-12-20,9831
00929,復華台灣科技優息,99,6,93,元大-四維,2023-12-20,9831
3706,神達,108,24,84,元大-四維,2023-12-20,9831
00680L,元大美債20正2,75,3,72,元大-四維,2023-12-20,9831
00712,復華富時不動產,102,35,67,元大-四維,2023-12-20,9831
00919,群益台灣精選高息,134,74,60,元大-四維,2023-12-20,9831
5210,寶碩,58,0,58,元大-四維,2023-12-20,9831
2356,英業達,225,174,51,元大-四維,2023-12-20,9831
5880,合庫金,54,5,49,元大-四維,2023-12-20,9831
2618,長榮航,55,11,44,元大-四維,2023-12-20,9831
2515,中工,117,74,43,元大-四維,2023-12-20,9831
5533,皇鼎,40,5,35,元大-四維,2023-12-20,9831
2883,凱基金,28,0,28,元大-四維,2023-12-20,9831
00687B,國泰20年美債,27,0,27,元大-四維,2023-12-20,9831
2603,長榮,43,18,25,元大-四維,2023-12-20,9831
6147,頎邦,28,3,25,元大-四維,2023-12-20,9831
1905,華紙,29,5,24,元大-四維,2023-12-20,9831
3694,海華,40,17,23,元大-四維,2023-12-20,9831
2031,新光鋼,24,2,22,元大-四維,2023-12-20,9831
2492,華新科,21,0,21,元大-四維,2023-12-20,9831
00679B,元大美債20年,47,27,20,元大-四維,2023-12-20,9831
3499,環天科,20,0,20,元大-四維,2023-12-20,9831
2838,聯邦銀,20,0,20,元大-四維,2023-12-20,9831
2890,永豐金,20,1,19,元大-四維,2023-12-20,9831
2727,王品,20,1,19,元大-四維,2023-12-20,9831
00936,台新永續高息中小,15,0,15,元大-四維,2023-12-20,9831
00720B,元大投資級公司債,15,0,15,元大-四維,2023-12-20,9831
3005,神基,14,0,14,元大-四維,2023-12-20,9831
2344,華邦電,17,3,14,元大-四維,2023-12-20,9831
2002,中鋼,27,13,14,元大-四維,2023-12-20,9831
2891,中信金,22,8,14,元大-四維,2023-12-20,9831
00934,中信成長高股息,24,11,13,元大-四維,2023-12-20,9831
00933B,國泰10Y+金融債,13,0,13,元大-四維,2023-12-20,9831
2009,第一銅,18,5,13,元大-四維,2023-12-20,9831
6442,光聖,13,0,13,元大-四維,2023-12-20,9831
4960,誠美材,17,5,12,元大-四維,2023-12-20,9831
00935,野村臺灣新科技50,12,0,12,元大-四維,2023-12-20,9831
4915,致伸,12,1,11,元大-四維,2023-12-20,9831
4526,東台,11,0,11,元大-四維,2023-12-20,9831
2362,藍天,11,0,11,元大-四維,2023-12-20,9831
2501,國建,12,1,11,元大-四維,2023-12-20,9831
3675,德微,10,0,10,元大-四維,2023-12-20,9831
8093,保銳,10,0,10,元大-四維,2023-12-20,9831
1314,中石化,152,142,10,元大-四維,2023-12-20,9831
3673,TPK-KY,10,0,10,元大-四維,2023-12-20,9831
00921,兆豐龍頭等權重,10,0,10,元大-四維,2023-12-20,9831
00931B,統一美債20年,20,10,10,元大-四維,2023-12-20,9831
2362,藍天,215,6,209,元大-四維,2023-12-21,9831
2610,華航,216,20,196,元大-四維,2023-12-21,9831
00919,群益台灣精選高息,164,3,161,元大-四維,2023-12-21,9831
2609,陽明,655,494,161,元大-四維,2023-12-21,9831
00632R,元大台灣50反1,140,20,120,元大-四維,2023-12-21,9831
2303,聯電,114,2,112,元大-四維,2023-12-21,9831
2883,凱基金,117,10,107,元大-四維,2023-12-21,9831
9919,康那香,102,15,87,元大-四維,2023-12-21,9831
00937B,群益ESG投等債20,86,8,78,元大-四維,2023-12-21,9831
00929,復華台灣科技優息,79,4,75,元大-四維,2023-12-21,9831
1733,五鼎,66,1,65,元大-四維,2023-12-21,9831
00933B,國泰10Y+金融債,62,0,62,元大-四維,2023-12-21,9831
1504,東元,61,3,58,元大-四維,2023-12-21,9831
2382,廣達,110,58,52,元大-四維,2023-12-21,9831
3264,欣銓,52,9,43,元大-四維,2023-12-21,9831
00712,復華富時不動產,42,0,42,元大-四維,2023-12-21,9831
1732,毛寶,62,27,35,元大-四維,2023-12-21,9831
2313,華通,61,26,35,元大-四維,2023-12-21,9831
4960,誠美材,34,1,33,元大-四維,2023-12-21,9831
6901,鑽石投資,31,0,31,元大-四維,2023-12-21,9831
2838,聯邦銀,30,0,30,元大-四維,2023-12-21,9831
2834,臺企銀,30,0,30,元大-四維,2023-12-21,9831
2641,正德,33,4,29,元大-四維,2023-12-21,9831
5880,合庫金,41,16,25,元大-四維,2023-12-21,9831
3701,大眾控,23,0,23,元大-四維,2023-12-21,9831
2331,精英,51,28,23,元大-四維,2023-12-21,9831
6127,九豪,22,0,22,元大-四維,2023-12-21,9831
00720B,元大投資級公司債,23,2,21,元大-四維,2023-12-21,9831
2457,飛宏,22,1,21,元大-四維,2023-12-21,9831
2882,國泰金,21,1,20,元大-四維,2023-12-21,9831
2393,億光,20,0,20,元大-四維,2023-12-21,9831
2371,大同,19,0,19,元大-四維,2023-12-21,9831
2312,金寶,35,17,18,元大-四維,2023-12-21,9831
2412,中華電,17,0,17,元大-四維,2023-12-21,9831
3041,揚智,18,1,17,元大-四維,2023-12-21,9831
2449,京元電子,17,1,16,元大-四維,2023-12-21,9831
0056,元大高股息,19,3,16,元大-四維,2023-12-21,9831
8110,華東,25,9,16,元大-四維,2023-12-21,9831
2886,兆豐金,15,0,15,元大-四維,2023-12-21,9831
2801,彰銀,15,0,15,元大-四維,2023-12-21,9831
3711,日月光投控,15,1,14,元大-四維,2023-12-21,9831
2033,佳大,14,0,14,元大-四維,2023-12-21,9831
5519,隆大,13,0,13,元大-四維,2023-12-21,9831
00878,國泰永續高股息,28,15,13,元大-四維,2023-12-21,9831
3622,洋華,14,1,13,元大-四維,2023-12-21,9831
00921,兆豐龍頭等權重,13,0,13,元大-四維,2023-12-21,9831
2324,仁寶,73,61,12,元大-四維,2023-12-21,9831
2002,中鋼,33,22,11,元大-四維,2023-12-21,9831
2913,農林,17,6,11,元大-四維,2023-12-21,9831
6509,聚和,11,0,11,元大-四維,2023-12-21,9831
1605,華新,212,6,206,元大-四維,2023-12-22,9831
2324,仁寶,167,17,150,元大-四維,2023-12-22,9831
2883,凱基金,126,1,125,元大-四維,2023-12-22,9831
2543,皇昌,83,1,82,元大-四維,2023-12-22,9831
2356,英業達,133,55,78,元大-四維,2023-12-22,9831
00720B,元大投資級公司債,71,1,70,元大-四維,2023-12-22,9831
00919,群益台灣精選高息,82,31,51,元大-四維,2023-12-22,9831
1314,中石化,192,145,47,元大-四維,2023-12-22,9831
2371,大同,46,0,46,元大-四維,2023-12-22,9831
2344,華邦電,92,49,43,元大-四維,2023-12-22,9831
3499,環天科,40,0,40,元大-四維,2023-12-22,9831
2838,聯邦銀,40,0,40,元大-四維,2023-12-22,9831
5512,力麒,36,0,36,元大-四維,2023-12-22,9831
00931B,統一美債20年,34,0,34,元大-四維,2023-12-22,9831
1733,五鼎,33,4,29,元大-四維,2023-12-22,9831
00687B,國泰20年美債,31,3,28,元大-四維,2023-12-22,9831
9105,泰金寶-DR,89,61,28,元大-四維,2023-12-22,9831
00688L,國泰20年美債正2,27,0,27,元大-四維,2023-12-22,9831
1216,統一,25,0,25,元大-四維,2023-12-22,9831
2323,中環,29,6,23,元大-四維,2023-12-22,9831
2355,敬鵬,31,9,22,元大-四維,2023-12-22,9831
00751B,元大AAA至A公司債,22,0,22,元大-四維,2023-12-22,9831
6292,迅德,21,0,21,元大-四維,2023-12-22,9831
00632R,元大台灣50反1,21,0,21,元大-四維,2023-12-22,9831
2880,華南金,20,0,20,元大-四維,2023-12-22,9831
2369,菱生,20,0,20,元大-四維,2023-12-22,9831
6443,元晶,24,6,18,元大-四維,2023-12-22,9831
3576,聯合再生,26,10,16,元大-四維,2023-12-22,9831
2882,國泰金,16,0,16,元大-四維,2023-12-22,9831
2014,中鴻,41,25,16,元大-四維,2023-12-22,9831
2363,矽統,16,2,14,元大-四維,2023-12-22,9831
3037,欣興,14,1,13,元大-四維,2023-12-22,9831
2913,農林,18,5,13,元大-四維,2023-12-22,9831
00752,中信中國50,13,0,13,元大-四維,2023-12-22,9831
5608,四維航,20,7,13,元大-四維,2023-12-22,9831
5508,永信建,13,0,13,元大-四維,2023-12-22,9831
2891,中信金,13,1,12,元大-四維,2023-12-22,9831
4906,正文,12,0,12,元大-四維,2023-12-22,9831
3694,海華,19,8,11,元大-四維,2023-12-22,9831
2312,金寶,11,0,11,元大-四維,2023-12-22,9831
2387,精元,12,1,11,元大-四維,2023-12-22,9831
2375,凱美,11,0,11,元大-四維,2023-12-22,9831
00713,元大台灣高息低波,11,0,11,元大-四維,2023-12-22,9831
00937B,群益ESG投等債20,30,20,10,元大-四維,2023-12-22,9831
2506,太設,10,0,10,元大-四維,2023-12-22,9831
1529,樂事綠能,11,1,10,元大-四維,2023-12-22,9831
1305,華夏,14,4,10,元大-四維,2023-12-22,9831
2393,億光,10,0,10,元大-四維,2023-12-22,9831
1220,台榮,10,0,10,元大-四維,2023-12-22,9831
2006,東和鋼鐵,10,0,10,元大-四維,2023-12-22,9831
1605,華新,315,22,293,元大-四維,2023-12-25,9831
2014,中鴻,203,46,157,元大-四維,2023-12-25,9831
00919,群益台灣精選高息,144,4,140,元大-四維,2023-12-25,9831
2610,華航,164,38,126,元大-四維,2023-12-25,9831
2883,凱基金,120,1,119,元大-四維,2023-12-25,9831
6112,邁達特,101,0,101,元大-四維,2023-12-25,9831
2303,聯電,100,23,77,元大-四維,2023-12-25,9831
3706,神達,81,5,76,元大-四維,2023-12-25,9831
1312,國喬,61,8,53,元大-四維,2023-12-25,9831
00679B,元大美債20年,50,0,50,元大-四維,2023-12-25,9831
5608,四維航,49,4,45,元大-四維,2023-12-25,9831
6120,達運,45,0,45,元大-四維,2023-12-25,9831
2606,裕民,57,12,45,元大-四維,2023-12-25,9831
2317,鴻海,48,6,42,元大-四維,2023-12-25,9831
2607,榮運,53,12,41,元大-四維,2023-12-25,9831
2421,建準,57,17,40,元大-四維,2023-12-25,9831
2023,燁輝,71,36,35,元大-四維,2023-12-25,9831
2363,矽統,39,6,33,元大-四維,2023-12-25,9831
2534,宏盛,30,0,30,元大-四維,2023-12-25,9831
1314,中石化,105,75,30,元大-四維,2023-12-25,9831
6104,創惟,35,5,30,元大-四維,2023-12-25,9831
5512,力麒,29,0,29,元大-四維,2023-12-25,9831
00720B,元大投資級公司債,31,2,29,元大-四維,2023-12-25,9831
2344,華邦電,34,6,28,元大-四維,2023-12-25,9831
9105,泰金寶-DR,49,23,26,元大-四維,2023-12-25,9831
6143,振曜,25,0,25,元大-四維,2023-12-25,9831
3005,神基,28,4,24,元大-四維,2023-12-25,9831
1440,南紡,24,0,24,元大-四維,2023-12-25,9831
00929,復華台灣科技優息,39,16,23,元大-四維,2023-12-25,9831
00687B,國泰20年美債,26,3,23,元大-四維,2023-12-25,9831
3264,欣銓,23,1,22,元大-四維,2023-12-25,9831
2603,長榮,60,39,21,元大-四維,2023-12-25,9831
5347,世界,21,0,21,元大-四維,2023-12-25,9831
1514,亞力,30,10,20,元大-四維,2023-12-25,9831
2477,美隆電,18,0,18,元大-四維,2023-12-25,9831
2069,運錩,16,0,16,元大-四維,2023-12-25,9831
2885,元大金,16,0,16,元大-四維,2023-12-25,9831
4906,正文,24,9,15,元大-四維,2023-12-25,9831
00907,永豐優息存股,15,0,15,元大-四維,2023-12-25,9831
00933B,國泰10Y+金融債,15,0,15,元大-四維,2023-12-25,9831
1609,大亞,15,0,15,元大-四維,2023-12-25,9831
8050,廣積,14,0,14,元大-四維,2023-12-25,9831
3587,閎康,15,1,14,元大-四維,2023-12-25,9831
00642U,期元大S＆P石油,14,0,14,元大-四維,2023-12-25,9831
3024,憶聲,21,7,14,元大-四維,2023-12-25,9831
2637,慧洋-KY,25,11,14,元大-四維,2023-12-25,9831
6550,北極星藥業-KY,46,33,13,元大-四維,2023-12-25,9831
5533,皇鼎,13,0,13,元大-四維,2023-12-25,9831
2641,正德,13,0,13,元大-四維,2023-12-25,9831
00772B,中信高評級公司債,12,0,12,元大-四維,2023-12-25,9831
3231,緯創,143,13,130,元大-四維,2023-12-26,9831
2344,華邦電,156,29,127,元大-四維,2023-12-26,9831
9105,泰金寶-DR,117,3,114,元大-四維,2023-12-26,9831
3481,群創,164,53,111,元大-四維,2023-12-26,9831
2014,中鴻,115,6,109,元大-四維,2023-12-26,9831
2365,昆盈,107,7,100,元大-四維,2023-12-26,9831
5521,工信,108,17,91,元大-四維,2023-12-26,9831
00632R,元大台灣50反1,90,0,90,元大-四維,2023-12-26,9831
00680L,元大美債20正2,58,0,58,元大-四維,2023-12-26,9831
00712,復華富時不動產,71,20,51,元大-四維,2023-12-26,9831
0056,元大高股息,95,53,42,元大-四維,2023-12-26,9831
00687B,國泰20年美債,39,0,39,元大-四維,2023-12-26,9831
2023,燁輝,43,7,36,元大-四維,2023-12-26,9831
00720B,元大投資級公司債,30,0,30,元大-四維,2023-12-26,9831
2356,英業達,133,105,28,元大-四維,2023-12-26,9831
2038,海光,35,7,28,元大-四維,2023-12-26,9831
2610,華航,39,12,27,元大-四維,2023-12-26,9831
3264,欣銓,27,1,26,元大-四維,2023-12-26,9831
2634,漢翔,27,3,24,元大-四維,2023-12-26,9831
00934,中信成長高股息,24,0,24,元大-四維,2023-12-26,9831
4108,懷特,22,0,22,元大-四維,2023-12-26,9831
6546,正基,22,1,21,元大-四維,2023-12-26,9831
1815,富喬,21,1,20,元大-四維,2023-12-26,9831
1560,中砂,26,6,20,元大-四維,2023-12-26,9831
00937B,群益ESG投等債20,19,0,19,元大-四維,2023-12-26,9831
2331,精英,33,15,18,元大-四維,2023-12-26,9831
2371,大同,20,2,18,元大-四維,2023-12-26,9831
6143,振曜,17,0,17,元大-四維,2023-12-26,9831
8096,擎亞,28,12,16,元大-四維,2023-12-26,9831
3014,聯陽,16,0,16,元大-四維,2023-12-26,9831
9906,欣巴巴,22,6,16,元大-四維,2023-12-26,9831
2618,長榮航,25,10,15,元大-四維,2023-12-26,9831
00751B,元大AAA至A公司債,14,0,14,元大-四維,2023-12-26,9831
8088,品安,14,0,14,元大-四維,2023-12-26,9831
1806,冠軍,21,8,13,元大-四維,2023-12-26,9831
2543,皇昌,14,1,13,元大-四維,2023-12-26,9831
1609,大亞,13,1,12,元大-四維,2023-12-26,9831
3062,建漢,12,0,12,元大-四維,2023-12-26,9831
8908,欣雄,12,0,12,元大-四維,2023-12-26,9831
1301,台塑,11,0,11,元大-四維,2023-12-26,9831
00919,群益台灣精選高息,34,23,11,元大-四維,2023-12-26,9831
00706L,期元大S＆P日圓正2,11,0,11,元大-四維,2023-12-26,9831
4906,正文,11,0,11,元大-四維,2023-12-26,9831
1708,東鹼,11,0,11,元大-四維,2023-12-26,9831
1513,中興電,12,1,11,元大-四維,2023-12-26,9831
6147,頎邦,14,3,11,元大-四維,2023-12-26,9831
2889,國票金,21,10,11,元大-四維,2023-12-26,9831
1417,嘉裕,10,0,10,元大-四維,2023-12-26,9831
00637L,元大滬深300正2,24,14,10,元大-四維,2023-12-26,9831
2838,聯邦銀,10,0,10,元大-四維,2023-12-26,9831
2014,中鴻,493,25,468,元大-四維,2023-12-27,9831
00937B,群益ESG投等債20,257,2,255,元大-四維,2023-12-27,9831
2515,中工,177,10,167,元大-四維,2023-12-27,9831
2353,宏��,253,109,144,元大-四維,2023-12-27,9831
1605,華新,141,34,107,元大-四維,2023-12-27,9831
5521,工信,113,13,100,元大-四維,2023-12-27,9831
2610,華航,118,21,97,元大-四維,2023-12-27,9831
3481,群創,117,21,96,元大-四維,2023-12-27,9831
3041,揚智,81,1,80,元大-四維,2023-12-27,9831
1733,五鼎,76,7,69,元大-四維,2023-12-27,9831
00933B,國泰10Y+金融債,57,0,57,元大-四維,2023-12-27,9831
2511,太子,52,0,52,元大-四維,2023-12-27,9831
00687B,國泰20年美債,69,18,51,元大-四維,2023-12-27,9831
2462,良得電,49,2,47,元大-四維,2023-12-27,9831
2618,長榮航,80,33,47,元大-四維,2023-12-27,9831
00632R,元大台灣50反1,46,0,46,元大-四維,2023-12-27,9831
2838,聯邦銀,40,0,40,元大-四維,2023-12-27,9831
2611,志信,42,2,40,元大-四維,2023-12-27,9831
2405,輔信,143,106,37,元大-四維,2023-12-27,9831
4906,正文,37,0,37,元大-四維,2023-12-27,9831
2845,遠東銀,30,0,30,元大-四維,2023-12-27,9831
2606,裕民,31,1,30,元大-四維,2023-12-27,9831
2324,仁寶,278,248,30,元大-四維,2023-12-27,9831
3231,緯創,35,5,30,元大-四維,2023-12-27,9831
00919,群益台灣精選高息,71,42,29,元大-四維,2023-12-27,9831
3694,海華,37,9,28,元大-四維,2023-12-27,9831
2615,萬海,29,4,25,元大-四維,2023-12-27,9831
2402,毅嘉,36,11,25,元大-四維,2023-12-27,9831
1582,信錦,27,5,22,元大-四維,2023-12-27,9831
2637,慧洋-KY,26,4,22,元大-四維,2023-12-27,9831
00936,台新永續高息中小,31,10,21,元大-四維,2023-12-27,9831
6116,彩晶,40,22,18,元大-四維,2023-12-27,9831
2421,建準,33,15,18,元大-四維,2023-12-27,9831
3437,榮創,24,7,17,元大-四維,2023-12-27,9831
3260,威剛,23,8,15,元大-四維,2023-12-27,9831
3661,世芯-KY,20,6,14,元大-四維,2023-12-27,9831
3024,憶聲,14,0,14,元大-四維,2023-12-27,9831
2006,東和鋼鐵,13,0,13,元大-四維,2023-12-27,9831
6533,晶心科,14,1,13,元大-四維,2023-12-27,9831
6288,聯嘉,22,9,13,元大-四維,2023-12-27,9831
6237,驊訊,13,0,13,元大-四維,2023-12-27,9831
3532,台勝科,13,1,12,元大-四維,2023-12-27,9831
00688L,國泰20年美債正2,20,8,12,元大-四維,2023-12-27,9831
00934,中信成長高股息,19,8,11,元大-四維,2023-12-27,9831
2889,國票金,19,8,11,元大-四維,2023-12-27,9831
6770,力積電,35,24,11,元大-四維,2023-12-27,9831
5469,瀚宇博,10,0,10,元大-四維,2023-12-27,9831
6811,宏�硌穈T,10,0,10,元大-四維,2023-12-27,9831
4979,華星光,12,2,10,元大-四維,2023-12-27,9831
2342,茂矽,10,0,10,元大-四維,2023-12-27,9831
2014,中鴻,326,4,322,元大-四維,2023-12-28,9831
2399,映泰,301,2,299,元大-四維,2023-12-28,9831
00937B,群益ESG投等債20,158,3,155,元大-四維,2023-12-28,9831
2023,燁輝,160,17,143,元大-四維,2023-12-28,9831
9105,泰金寶-DR,100,20,80,元大-四維,2023-12-28,9831
00637L,元大滬深300正2,99,22,77,元大-四維,2023-12-28,9831
2356,英業達,206,133,73,元大-四維,2023-12-28,9831
2603,長榮,77,7,70,元大-四維,2023-12-28,9831
4167,松瑞藥,77,8,69,元大-四維,2023-12-28,9831
4533,協易機,50,0,50,元大-四維,2023-12-28,9831
2405,輔信,81,38,43,元大-四維,2023-12-28,9831
2353,宏��,449,409,40,元大-四維,2023-12-28,9831
2609,陽明,101,62,39,元大-四維,2023-12-28,9831
6668,中揚光,41,2,39,元大-四維,2023-12-28,9831
2607,榮運,38,0,38,元大-四維,2023-12-28,9831
1514,亞力,60,24,36,元大-四維,2023-12-28,9831
00720B,元大投資級公司債,36,1,35,元大-四維,2023-12-28,9831
2324,仁寶,91,61,30,元大-四維,2023-12-28,9831
2331,精英,26,2,24,元大-四維,2023-12-28,9831
2369,菱生,40,20,20,元大-四維,2023-12-28,9831
4967,十銓,25,5,20,元大-四維,2023-12-28,9831
2838,聯邦銀,20,0,20,元大-四維,2023-12-28,9831
1608,華榮,19,0,19,元大-四維,2023-12-28,9831
2883,凱基金,43,27,16,元大-四維,2023-12-28,9831
0056,元大高股息,36,21,15,元大-四維,2023-12-28,9831
2836,高雄銀,20,5,15,元大-四維,2023-12-28,9831
2867,三商壽,15,0,15,元大-四維,2023-12-28,9831
00687B,國泰20年美債,14,0,14,元大-四維,2023-12-28,9831
6233,旺玖,25,11,14,元大-四維,2023-12-28,9831
2425,承啟,14,0,14,元大-四維,2023-12-28,9831
5009,榮剛,15,1,14,元大-四維,2023-12-28,9831
5512,力麒,14,0,14,元大-四維,2023-12-28,9831
6547,高端疫苗,24,10,14,元大-四維,2023-12-28,9831
00936,台新永續高息中小,15,2,13,元大-四維,2023-12-28,9831
5351,鈺創,26,14,12,元大-四維,2023-12-28,9831
00933B,國泰10Y+金融債,20,8,12,元大-四維,2023-12-28,9831
6139,亞翔,18,6,12,元大-四維,2023-12-28,9831
8089,康全電訊,31,20,11,元大-四維,2023-12-28,9831
3548,兆利,15,4,11,元大-四維,2023-12-28,9831
8096,擎亞,25,14,11,元大-四維,2023-12-28,9831
6276,安鈦克,11,0,11,元大-四維,2023-12-28,9831
00679B,元大美債20年,10,0,10,元大-四維,2023-12-28,9831
5608,四維航,11,1,10,元大-四維,2023-12-28,9831
6215,和椿,10,0,10,元大-四維,2023-12-28,9831
3499,環天科,10,0,10,元大-四維,2023-12-28,9831
1584,精剛,10,0,10,元大-四維,2023-12-28,9831
2615,萬海,12,2,10,元大-四維,2023-12-28,9831
00900,富邦特選高股息30,60,50,10,元大-四維,2023-12-28,9831
2543,皇昌,10,0,10,元大-四維,2023-12-28,9831
1582,信錦,9,0,9,元大-四維,2023-12-28,9831
2641,正德,986,0,986,元大-四維,2023-12-29,9831
1605,華新,250,1,249,元大-四維,2023-12-29,9831
00933B,國泰10Y+金融債,119,0,119,元大-四維,2023-12-29,9831
2344,華邦電,262,145,117,元大-四維,2023-12-29,9831
2891,中信金,111,5,106,元大-四維,2023-12-29,9831
00937B,群益ESG投等債20,107,2,105,元大-四維,2023-12-29,9831
1514,亞力,97,22,75,元大-四維,2023-12-29,9831
00712,復華富時不動產,74,9,65,元大-四維,2023-12-29,9831
2611,志信,54,0,54,元大-四維,2023-12-29,9831
00655L,國泰中國A50正2,50,0,50,元大-四維,2023-12-29,9831
2352,佳世達,86,39,47,元大-四維,2023-12-29,9831
6187,萬潤,45,5,40,元大-四維,2023-12-29,9831
2838,聯邦銀,40,0,40,元大-四維,2023-12-29,9831
00919,群益台灣精選高息,42,3,39,元大-四維,2023-12-29,9831
1609,大亞,38,1,37,元大-四維,2023-12-29,9831
5009,榮剛,45,14,31,元大-四維,2023-12-29,9831
6585,鼎基,32,1,31,元大-四維,2023-12-29,9831
9105,泰金寶-DR,51,21,30,元大-四維,2023-12-29,9831
3006,晶豪科,33,8,25,元大-四維,2023-12-29,9831
00642U,期元大S＆P石油,25,0,25,元大-四維,2023-12-29,9831
6770,力積電,26,2,24,元大-四維,2023-12-29,9831
2014,中鴻,31,10,21,元大-四維,2023-12-29,9831
5488,松普,22,1,21,元大-四維,2023-12-29,9831
2515,中工,51,33,18,元大-四維,2023-12-29,9831
1513,中興電,19,2,17,元大-四維,2023-12-29,9831
00929,復華台灣科技優息,39,23,16,元大-四維,2023-12-29,9831
00891,中信關鍵半導體,23,8,15,元大-四維,2023-12-29,9831
2369,菱生,16,1,15,元大-四維,2023-12-29,9831
1503,士電,27,12,15,元大-四維,2023-12-29,9831
8114,振樺電,15,0,15,元大-四維,2023-12-29,9831
2337,旺宏,14,0,14,元大-四維,2023-12-29,9831
4908,前鼎,19,5,14,元大-四維,2023-12-29,9831
00637L,元大滬深300正2,27,13,14,元大-四維,2023-12-29,9831
4960,誠美材,14,0,14,元大-四維,2023-12-29,9831
6233,旺玖,22,8,14,元大-四維,2023-12-29,9831
2603,長榮,16,2,14,元大-四維,2023-12-29,9831
1802,台玻,30,17,13,元大-四維,2023-12-29,9831
00688L,國泰20年美債正2,11,0,11,元大-四維,2023-12-29,9831
6163,華電網,11,0,11,元大-四維,2023-12-29,9831
8088,品安,20,9,11,元大-四維,2023-12-29,9831
00900,富邦特選高股息30,12,1,11,元大-四維,2023-12-29,9831
3036,文曄,14,4,10,元大-四維,2023-12-29,9831
9933,中鼎,10,0,10,元大-四維,2023-12-29,9831
3060,銘異,10,0,10,元大-四維,2023-12-29,9831
2023,燁輝,20,10,10,元大-四維,2023-12-29,9831
6550,北極星藥業-KY,10,0,10,元大-四維,2023-12-29,9831
00680L,元大美債20正2,12,2,10,元大-四維,2023-12-29,9831
3714,富采,10,0,10,元大-四維,2023-12-29,9831
2323,中環,10,0,10,元大-四維,2023-12-29,9831
9802,鈺齊-KY,10,0,10,元大-四維,2023-12-29,9831
00687B,國泰20年美債,441,11,430,元大-四維,2024-01-02,9831
3231,緯創,231,32,199,元大-四維,2024-01-02,9831
00929,復華台灣科技優息,187,18,169,元大-四維,2024-01-02,9831
00633L,富邦上証正2,123,1,122,元大-四維,2024-01-02,9831
2867,三商壽,100,0,100,元大-四維,2024-01-02,9831
00919,群益台灣精選高息,102,4,98,元大-四維,2024-01-02,9831
1618,合機,95,5,90,元大-四維,2024-01-02,9831
2356,英業達,150,61,89,元大-四維,2024-01-02,9831
00933B,國泰10Y+金融債,88,1,87,元大-四維,2024-01-02,9831
3038,全台,75,0,75,元大-四維,2024-01-02,9831
00637L,元大滬深300正2,144,71,73,元大-四維,2024-01-02,9831
2903,遠百,65,0,65,元大-四維,2024-01-02,9831
3712,永崴投控,60,0,60,元大-四維,2024-01-02,9831
3706,神達,62,6,56,元大-四維,2024-01-02,9831
00878,國泰永續高股息,57,5,52,元大-四維,2024-01-02,9831
00720B,元大投資級公司債,48,0,48,元大-四維,2024-01-02,9831
00937B,群益ESG投等債20,166,120,46,元大-四維,2024-01-02,9831
1504,東元,52,10,42,元大-四維,2024-01-02,9831
2890,永豐金,36,0,36,元大-四維,2024-01-02,9831
2609,陽明,204,169,35,元大-四維,2024-01-02,9831
4107,邦特,35,1,34,元大-四維,2024-01-02,9831
2208,台船,43,11,32,元大-四維,2024-01-02,9831
0056,元大高股息,54,23,31,元大-四維,2024-01-02,9831
2324,仁寶,48,17,31,元大-四維,2024-01-02,9831
2838,聯邦銀,30,0,30,元大-四維,2024-01-02,9831
00900,富邦特選高股息30,41,15,26,元大-四維,2024-01-02,9831
2382,廣達,33,8,25,元大-四維,2024-01-02,9831
6233,旺玖,24,0,24,元大-四維,2024-01-02,9831
00751B,元大AAA至A公司債,33,10,23,元大-四維,2024-01-02,9831
3702,大聯大,22,0,22,元大-四維,2024-01-02,9831
3264,欣銓,24,2,22,元大-四維,2024-01-02,9831
00688L,國泰20年美債正2,21,0,21,元大-四維,2024-01-02,9831
2367,燿華,20,0,20,元大-四維,2024-01-02,9831
00918,大華優利高填息30,22,2,20,元大-四維,2024-01-02,9831
1440,南紡,20,0,20,元大-四維,2024-01-02,9831
2883,凱基金,27,8,19,元大-四維,2024-01-02,9831
2353,宏��,358,339,19,元大-四維,2024-01-02,9831
00935,野村臺灣新科技50,17,0,17,元大-四維,2024-01-02,9831
9906,欣巴巴,25,8,17,元大-四維,2024-01-02,9831
2352,佳世達,27,11,16,元大-四維,2024-01-02,9831
1210,大成,17,1,16,元大-四維,2024-01-02,9831
6188,廣明,25,9,16,元大-四維,2024-01-02,9831
2515,中工,15,0,15,元大-四維,2024-01-02,9831
2636,台驊控股,18,3,15,元大-四維,2024-01-02,9831
00891,中信關鍵半導體,16,1,15,元大-四維,2024-01-02,9831
2454,聯發科,16,1,15,元大-四維,2024-01-02,9831
00931B,統一美債20年,14,0,14,元大-四維,2024-01-02,9831
00934,中信成長高股息,14,0,14,元大-四維,2024-01-02,9831
2331,精英,26,13,13,元大-四維,2024-01-02,9831
2303,聯電,31,18,13,元大-四維,2024-01-02,9831
3481,群創,575,19,556,元大-四維,2024-01-03,9831
00929,復華台灣科技優息,273,71,202,元大-四維,2024-01-03,9831
00919,群益台灣精選高息,158,27,131,元大-四維,2024-01-03,9831
00937B,群益ESG投等債20,102,0,102,元大-四維,2024-01-03,9831
00715L,期街口布蘭特正2,93,0,93,元大-四維,2024-01-03,9831
2610,華航,90,8,82,元大-四維,2024-01-03,9831
2324,仁寶,108,29,79,元大-四維,2024-01-03,9831
2303,聯電,105,29,76,元大-四維,2024-01-03,9831
8086,宏捷科,65,0,65,元大-四維,2024-01-03,9831
00632R,元大台灣50反1,63,0,63,元大-四維,2024-01-03,9831
0056,元大高股息,114,54,60,元大-四維,2024-01-03,9831
5880,合庫金,58,0,58,元大-四維,2024-01-03,9831
6112,邁達特,50,0,50,元大-四維,2024-01-03,9831
2031,新光鋼,54,5,49,元大-四維,2024-01-03,9831
4167,松瑞藥,69,25,44,元大-四維,2024-01-03,9831
00878,國泰永續高股息,73,30,43,元大-四維,2024-01-03,9831
2344,華邦電,60,18,42,元大-四維,2024-01-03,9831
2885,元大金,51,10,41,元大-四維,2024-01-03,9831
2356,英業達,79,39,40,元大-四維,2024-01-03,9831
2488,漢平,40,0,40,元大-四維,2024-01-03,9831
2617,台航,43,6,37,元大-四維,2024-01-03,9831
3390,旭軟,54,23,31,元大-四維,2024-01-03,9831
2838,聯邦銀,30,0,30,元大-四維,2024-01-03,9831
6743,安普新,28,0,28,元大-四維,2024-01-03,9831
2362,藍天,52,25,27,元大-四維,2024-01-03,9831
4133,亞諾法,31,4,27,元大-四維,2024-01-03,9831
00712,復華富時不動產,26,0,26,元大-四維,2024-01-03,9831
1440,南紡,26,0,26,元大-四維,2024-01-03,9831
1210,大成,27,1,26,元大-四維,2024-01-03,9831
2023,燁輝,35,10,25,元大-四維,2024-01-03,9831
2409,友達,29,4,25,元大-四維,2024-01-03,9831
2376,技嘉,36,12,24,元大-四維,2024-01-03,9831
2008,高興昌,24,0,24,元大-四維,2024-01-03,9831
00935,野村臺灣新科技50,23,0,23,元大-四維,2024-01-03,9831
2330,台積電,27,5,22,元大-四維,2024-01-03,9831
1733,五鼎,23,1,22,元大-四維,2024-01-03,9831
00642U,期元大S＆P石油,21,0,21,元大-四維,2024-01-03,9831
3712,永崴投控,20,0,20,元大-四維,2024-01-03,9831
6770,力積電,19,0,19,元大-四維,2024-01-03,9831
00934,中信成長高股息,29,11,18,元大-四維,2024-01-03,9831
2377,微星,18,0,18,元大-四維,2024-01-03,9831
2421,建準,20,2,18,元大-四維,2024-01-03,9831
2881,富邦金,19,2,17,元大-四維,2024-01-03,9831
2884,玉山金,16,0,16,元大-四維,2024-01-03,9831
9934,成霖,17,1,16,元大-四維,2024-01-03,9831
00918,大華優利高填息30,15,0,15,元大-四維,2024-01-03,9831
2492,華新科,16,1,15,元大-四維,2024-01-03,9831
6016,康和證,15,0,15,元大-四維,2024-01-03,9831
2883,凱基金,15,1,14,元大-四維,2024-01-03,9831
2890,永豐金,14,0,14,元大-四維,2024-01-03,9831
00929,復華台灣科技優息,237,5,232,元大-四維,2024-01-04,9831
00937B,群益ESG投等債20,135,2,133,元大-四維,2024-01-04,9831
2888,新光金,101,0,101,元大-四維,2024-01-04,9831
00632R,元大台灣50反1,120,20,100,元大-四維,2024-01-04,9831
00706L,期元大S＆P日圓正2,81,0,81,元大-四維,2024-01-04,9831
2303,聯電,85,6,79,元大-四維,2024-01-04,9831
00878,國泰永續高股息,70,16,54,元大-四維,2024-01-04,9831
00637L,元大滬深300正2,53,0,53,元大-四維,2024-01-04,9831
6117,迎廣,62,11,51,元大-四維,2024-01-04,9831
2352,佳世達,52,8,44,元大-四維,2024-01-04,9831
00680L,元大美債20正2,41,2,39,元大-四維,2024-01-04,9831
8086,宏捷科,54,17,37,元大-四維,2024-01-04,9831
00882,中信中國高股息,40,5,35,元大-四維,2024-01-04,9831
3231,緯創,63,29,34,元大-四維,2024-01-04,9831
00927,群益半導體收益,34,0,34,元大-四維,2024-01-04,9831
00921,兆豐龍頭等權重,33,0,33,元大-四維,2024-01-04,9831
2038,海光,32,0,32,元大-四維,2024-01-04,9831
2323,中環,32,1,31,元大-四維,2024-01-04,9831
3666,光耀,40,10,30,元大-四維,2024-01-04,9831
2356,英業達,59,30,29,元大-四維,2024-01-04,9831
2543,皇昌,28,0,28,元大-四維,2024-01-04,9831
3706,神達,31,5,26,元大-四維,2024-01-04,9831
00770,國泰北美科技,26,0,26,元大-四維,2024-01-04,9831
00720B,元大投資級公司債,27,1,26,元大-四維,2024-01-04,9831
0056,元大高股息,38,13,25,元大-四維,2024-01-04,9831
00679B,元大美債20年,62,40,22,元大-四維,2024-01-04,9831
3037,欣興,27,6,21,元大-四維,2024-01-04,9831
00655L,國泰中國A50正2,20,0,20,元大-四維,2024-01-04,9831
2617,台航,24,4,20,元大-四維,2024-01-04,9831
6140,訊達,26,8,18,元大-四維,2024-01-04,9831
2362,藍天,19,1,18,元大-四維,2024-01-04,9831
8039,台虹,18,1,17,元大-四維,2024-01-04,9831
4906,正文,16,0,16,元大-四維,2024-01-04,9831
00934,中信成長高股息,16,0,16,元大-四維,2024-01-04,9831
6741,91APP*-KY,15,0,15,元大-四維,2024-01-04,9831
3017,奇鋐,18,3,15,元大-四維,2024-01-04,9831
00830,國泰費城半導體,15,0,15,元大-四維,2024-01-04,9831
6108,競國,15,0,15,元大-四維,2024-01-04,9831
5521,工信,48,33,15,元大-四維,2024-01-04,9831
1301,台塑,15,0,15,元大-四維,2024-01-04,9831
00881,國泰台灣5G+,14,0,14,元大-四維,2024-01-04,9831
1605,華新,16,2,14,元大-四維,2024-01-04,9831
2610,華航,31,17,14,元大-四維,2024-01-04,9831
2505,國揚,14,0,14,元大-四維,2024-01-04,9831
1781,合世,14,0,14,元大-四維,2024-01-04,9831
2641,正德,36,22,14,元大-四維,2024-01-04,9831
3006,晶豪科,23,9,14,元大-四維,2024-01-04,9831
2408,南亞科,14,1,13,元大-四維,2024-01-04,9831
3545,敦泰,15,2,13,元大-四維,2024-01-04,9831
1565,精華,12,0,12,元大-四維,2024-01-04,9831
2409,友達,630,104,526,元大-四維,2024-01-05,9831
00937B,群益ESG投等債20,177,1,176,元大-四維,2024-01-05,9831
00929,復華台灣科技優息,143,8,135,元大-四維,2024-01-05,9831
00919,群益台灣精選高息,130,24,106,元大-四維,2024-01-05,9831
4906,正文,107,1,106,元大-四維,2024-01-05,9831
2312,金寶,100,8,92,元大-四維,2024-01-05,9831
4402,郡都開發,99,9,90,元大-四維,2024-01-05,9831
2609,陽明,332,245,87,元大-四維,2024-01-05,9831
5533,皇鼎,89,4,85,元大-四維,2024-01-05,9831
2610,華航,67,2,65,元大-四維,2024-01-05,9831
00931B,統一美債20年,51,0,51,元大-四維,2024-01-05,9831
00933B,國泰10Y+金融債,55,10,45,元大-四維,2024-01-05,9831
2352,佳世達,45,4,41,元大-四維,2024-01-05,9831
2885,元大金,40,1,39,元大-四維,2024-01-05,9831
2891,中信金,41,2,39,元大-四維,2024-01-05,9831
00679B,元大美債20年,29,1,28,元大-四維,2024-01-05,9831
2881,富邦金,27,0,27,元大-四維,2024-01-05,9831
2331,精英,29,2,27,元大-四維,2024-01-05,9831
00712,復華富時不動產,27,2,25,元大-四維,2024-01-05,9831
2534,宏盛,25,0,25,元大-四維,2024-01-05,9831
00687B,國泰20年美債,41,18,23,元大-四維,2024-01-05,9831
00720B,元大投資級公司債,25,2,23,元大-四維,2024-01-05,9831
00706L,期元大S＆P日圓正2,23,0,23,元大-四維,2024-01-05,9831
1733,五鼎,22,0,22,元大-四維,2024-01-05,9831
00923,群益台ESG低碳50,20,0,20,元大-四維,2024-01-05,9831
3232,昱捷,25,5,20,元大-四維,2024-01-05,9831
2014,中鴻,34,14,20,元大-四維,2024-01-05,9831
6108,競國,35,16,19,元大-四維,2024-01-05,9831
00918,大華優利高填息30,18,0,18,元大-四維,2024-01-05,9831
00751B,元大AAA至A公司債,37,20,17,元大-四維,2024-01-05,9831
2363,矽統,30,13,17,元大-四維,2024-01-05,9831
00715L,期街口布蘭特正2,16,0,16,元大-四維,2024-01-05,9831
2023,燁輝,16,0,16,元大-四維,2024-01-05,9831
00878,國泰永續高股息,29,13,16,元大-四維,2024-01-05,9831
2324,仁寶,23,8,15,元大-四維,2024-01-05,9831
2374,佳能,15,0,15,元大-四維,2024-01-05,9831
8096,擎亞,108,93,15,元大-四維,2024-01-05,9831
00882,中信中國高股息,23,8,15,元大-四維,2024-01-05,9831
2883,凱基金,16,1,15,元大-四維,2024-01-05,9831
2344,華邦電,29,14,15,元大-四維,2024-01-05,9831
3037,欣興,14,0,14,元大-四維,2024-01-05,9831
0050,元大台灣50,13,0,13,元大-四維,2024-01-05,9831
1815,富喬,14,1,13,元大-四維,2024-01-05,9831
9945,潤泰新,12,0,12,元大-四維,2024-01-05,9831
00927,群益半導體收益,12,0,12,元大-四維,2024-01-05,9831
6901,鑽石投資,12,0,12,元大-四維,2024-01-05,9831
3346,麗清,11,0,11,元大-四維,2024-01-05,9831
5521,工信,20,9,11,元大-四維,2024-01-05,9831
6282,康舒,11,0,11,元大-四維,2024-01-05,9831
3576,聯合再生,10,0,10,元大-四維,2024-01-05,9831
2489,瑞軒,362,1,361,元大-四維,2024-01-08,9831
00929,復華台灣科技優息,167,24,143,元大-四維,2024-01-08,9831
00933B,國泰10Y+金融債,107,5,102,元大-四維,2024-01-08,9831
00632R,元大台灣50反1,271,180,91,元大-四維,2024-01-08,9831
2610,華航,125,36,89,元大-四維,2024-01-08,9831
00753L,中信中國50正2,85,0,85,元大-四維,2024-01-08,9831
00937B,群益ESG投等債20,88,7,81,元大-四維,2024-01-08,9831
2609,陽明,194,127,67,元大-四維,2024-01-08,9831
5533,皇鼎,67,0,67,元大-四維,2024-01-08,9831
2353,宏��,190,125,65,元大-四維,2024-01-08,9831
00679B,元大美債20年,56,0,56,元大-四維,2024-01-08,9831
2317,鴻海,63,8,55,元大-四維,2024-01-08,9831
00919,群益台灣精選高息,63,9,54,元大-四維,2024-01-08,9831
00927,群益半導體收益,45,0,45,元大-四維,2024-01-08,9831
2303,聯電,45,3,42,元大-四維,2024-01-08,9831
00720B,元大投資級公司債,41,0,41,元大-四維,2024-01-08,9831
6147,頎邦,43,3,40,元大-四維,2024-01-08,9831
00665L,富邦�琤肭磪囓�2,38,0,38,元大-四維,2024-01-08,9831
3588,通嘉,59,27,32,元大-四維,2024-01-08,9831
8936,國統,32,0,32,元大-四維,2024-01-08,9831
0056,元大高股息,40,8,32,元大-四維,2024-01-08,9831
2007,燁興,31,0,31,元大-四維,2024-01-08,9831
2002,中鋼,41,11,30,元大-四維,2024-01-08,9831
00751B,元大AAA至A公司債,28,2,26,元大-四維,2024-01-08,9831
00680L,元大美債20正2,51,26,25,元大-四維,2024-01-08,9831
3017,奇鋐,26,2,24,元大-四維,2024-01-08,9831
00637L,元大滬深300正2,126,102,24,元大-四維,2024-01-08,9831
1733,五鼎,24,0,24,元大-四維,2024-01-08,9831
4116,明基醫,23,0,23,元大-四維,2024-01-08,9831
00650L,復華香港正2,22,0,22,元大-四維,2024-01-08,9831
9906,欣巴巴,188,166,22,元大-四維,2024-01-08,9831
2736,富野,28,7,21,元大-四維,2024-01-08,9831
00882,中信中國高股息,22,1,21,元大-四維,2024-01-08,9831
6118,建達,22,2,20,元大-四維,2024-01-08,9831
2838,聯邦銀,30,10,20,元大-四維,2024-01-08,9831
2014,中鴻,21,1,20,元大-四維,2024-01-08,9831
6122,擎邦,20,2,18,元大-四維,2024-01-08,9831
2455,全新,18,0,18,元大-四維,2024-01-08,9831
1504,東元,17,0,17,元大-四維,2024-01-08,9831
2363,矽統,20,3,17,元大-四維,2024-01-08,9831
9924,福興,15,0,15,元大-四維,2024-01-08,9831
1301,台塑,15,0,15,元大-四維,2024-01-08,9831
6770,力積電,47,32,15,元大-四維,2024-01-08,9831
3078,僑威,18,3,15,元大-四維,2024-01-08,9831
5347,世界,14,0,14,元大-四維,2024-01-08,9831
2454,聯發科,16,2,14,元大-四維,2024-01-08,9831
3390,旭軟,15,2,13,元大-四維,2024-01-08,9831
2885,元大金,47,35,12,元大-四維,2024-01-08,9831
2449,京元電子,17,5,12,元大-四維,2024-01-08,9831
1586,和勤,12,0,12,元大-四維,2024-01-08,9831
3481,群創,368,21,347,元大-四維,2024-01-09,9831
2353,宏��,275,63,212,元大-四維,2024-01-09,9831
00919,群益台灣精選高息,167,7,160,元大-四維,2024-01-09,9831
5533,皇鼎,128,0,128,元大-四維,2024-01-09,9831
2891,中信金,114,0,114,元大-四維,2024-01-09,9831
00715L,期街口布蘭特正2,108,1,107,元大-四維,2024-01-09,9831
2023,燁輝,101,18,83,元大-四維,2024-01-09,9831
00632R,元大台灣50反1,101,20,81,元大-四維,2024-01-09,9831
2356,英業達,140,66,74,元大-四維,2024-01-09,9831
8027,鈦昇,70,0,70,元大-四維,2024-01-09,9831
2324,仁寶,102,42,60,元大-四維,2024-01-09,9831
2208,台船,70,11,59,元大-四維,2024-01-09,9831
2883,凱基金,56,1,55,元大-四維,2024-01-09,9831
2323,中環,65,10,55,元大-四維,2024-01-09,9831
2884,玉山金,53,0,53,元大-四維,2024-01-09,9831
2014,中鴻,65,13,52,元大-四維,2024-01-09,9831
2606,裕民,60,9,51,元大-四維,2024-01-09,9831
00680L,元大美債20正2,45,1,44,元大-四維,2024-01-09,9831
6770,力積電,41,2,39,元大-四維,2024-01-09,9831
1733,五鼎,40,1,39,元大-四維,2024-01-09,9831
2603,長榮,66,28,38,元大-四維,2024-01-09,9831
2888,新光金,35,0,35,元大-四維,2024-01-09,9831
9105,泰金寶-DR,53,24,29,元大-四維,2024-01-09,9831
2337,旺宏,30,1,29,元大-四維,2024-01-09,9831
1314,中石化,415,387,28,元大-四維,2024-01-09,9831
00713,元大台灣高息低波,27,0,27,元大-四維,2024-01-09,9831
3056,富華新,25,0,25,元大-四維,2024-01-09,9831
2008,高興昌,25,0,25,元大-四維,2024-01-09,9831
00929,復華台灣科技優息,45,21,24,元大-四維,2024-01-09,9831
00937B,群益ESG投等債20,36,12,24,元大-四維,2024-01-09,9831
2308,台達電,23,0,23,元大-四維,2024-01-09,9831
2317,鴻海,21,0,21,元大-四維,2024-01-09,9831
00637L,元大滬深300正2,20,0,20,元大-四維,2024-01-09,9831
00898,國泰基因免疫革命,20,0,20,元大-四維,2024-01-09,9831
4958,臻鼎-KY,38,19,19,元大-四維,2024-01-09,9831
00891,中信關鍵半導體,19,0,19,元大-四維,2024-01-09,9831
5871,中租-KY,18,0,18,元大-四維,2024-01-09,9831
00751B,元大AAA至A公司債,18,0,18,元大-四維,2024-01-09,9831
2344,華邦電,19,1,18,元大-四維,2024-01-09,9831
5512,力麒,16,0,16,元大-四維,2024-01-09,9831
2007,燁興,16,1,15,元大-四維,2024-01-09,9831
6263,普萊德,15,0,15,元大-四維,2024-01-09,9831
2401,凌陽,15,0,15,元大-四維,2024-01-09,9831
1612,宏泰,20,5,15,元大-四維,2024-01-09,9831
2362,藍天,23,8,15,元大-四維,2024-01-09,9831
1301,台塑,14,0,14,元大-四維,2024-01-09,9831
6235,華孚,15,1,14,元大-四維,2024-01-09,9831
00878,國泰永續高股息,34,20,14,元大-四維,2024-01-09,9831
1101,台泥,14,1,13,元大-四維,2024-01-09,9831
00712,復華富時不動產,22,9,13,元大-四維,2024-01-09,9831
2609,陽明,232,108,124,元大-四維,2024-01-10,9831
00919,群益台灣精選高息,111,11,100,元大-四維,2024-01-10,9831
00929,復華台灣科技優息,130,32,98,元大-四維,2024-01-10,9831
00637L,元大滬深300正2,89,6,83,元大-四維,2024-01-10,9831
1314,中石化,237,178,59,元大-四維,2024-01-10,9831
2208,台船,60,2,58,元大-四維,2024-01-10,9831
00905,FT臺灣Smart,56,3,53,元大-四維,2024-01-10,9831
2618,長榮航,80,30,50,元大-四維,2024-01-10,9831
2312,金寶,52,3,49,元大-四維,2024-01-10,9831
2371,大同,115,69,46,元大-四維,2024-01-10,9831
1514,亞力,72,26,46,元大-四維,2024-01-10,9831
2362,藍天,54,10,44,元大-四維,2024-01-10,9831
2301,光寶科,45,1,44,元大-四維,2024-01-10,9831
3231,緯創,101,58,43,元大-四維,2024-01-10,9831
00878,國泰永續高股息,43,1,42,元大-四維,2024-01-10,9831
2498,宏達電,65,24,41,元大-四維,2024-01-10,9831
5533,皇鼎,40,0,40,元大-四維,2024-01-10,9831
2014,中鴻,73,34,39,元大-四維,2024-01-10,9831
00937B,群益ESG投等債20,85,52,33,元大-四維,2024-01-10,9831
6770,力積電,34,1,33,元大-四維,2024-01-10,9831
1802,台玻,33,0,33,元大-四維,2024-01-10,9831
00679B,元大美債20年,32,0,32,元大-四維,2024-01-10,9831
1312,國喬,33,1,32,元大-四維,2024-01-10,9831
9907,統一實,32,0,32,元大-四維,2024-01-10,9831
2885,元大金,34,3,31,元大-四維,2024-01-10,9831
5880,合庫金,29,0,29,元大-四維,2024-01-10,9831
00927,群益半導體收益,27,0,27,元大-四維,2024-01-10,9831
5425,台半,25,0,25,元大-四維,2024-01-10,9831
6191,精成科,35,10,25,元大-四維,2024-01-10,9831
2606,裕民,35,10,25,元大-四維,2024-01-10,9831
00632R,元大台灣50反1,57,34,23,元大-四維,2024-01-10,9831
4958,臻鼎-KY,22,0,22,元大-四維,2024-01-10,9831
5347,世界,22,0,22,元大-四維,2024-01-10,9831
3056,富華新,22,0,22,元大-四維,2024-01-10,9831
2317,鴻海,22,0,22,元大-四維,2024-01-10,9831
6112,邁達特,21,0,21,元大-四維,2024-01-10,9831
6243,迅杰,26,6,20,元大-四維,2024-01-10,9831
3481,群創,57,37,20,元大-四維,2024-01-10,9831
0056,元大高股息,29,11,18,元大-四維,2024-01-10,9831
9945,潤泰新,18,0,18,元大-四維,2024-01-10,9831
6113,亞矽,19,1,18,元大-四維,2024-01-10,9831
3450,聯鈞,15,0,15,元大-四維,2024-01-10,9831
2201,裕隆,15,0,15,元大-四維,2024-01-10,9831
2610,華航,20,5,15,元大-四維,2024-01-10,9831
1101,台泥,20,5,15,元大-四維,2024-01-10,9831
2543,皇昌,35,21,14,元大-四維,2024-01-10,9831
2603,長榮,42,29,13,元大-四維,2024-01-10,9831
2303,聯電,18,5,13,元大-四維,2024-01-10,9831
2023,燁輝,13,0,13,元大-四維,2024-01-10,9831
2308,台達電,14,1,13,元大-四維,2024-01-10,9831
2002,中鋼,418,1,417,元大-四維,2024-01-11,9831
00632R,元大台灣50反1,392,100,292,元大-四維,2024-01-11,9831
4402,郡都開發,187,0,187,元大-四維,2024-01-11,9831
00715L,期街口布蘭特正2,152,0,152,元大-四維,2024-01-11,9831
00929,復華台灣科技優息,141,4,137,元大-四維,2024-01-11,9831
2618,長榮航,262,129,133,元大-四維,2024-01-11,9831
0056,元大高股息,128,1,127,元大-四維,2024-01-11,9831
2897,王道銀行,100,1,99,元大-四維,2024-01-11,9831
2324,仁寶,102,7,95,元大-四維,2024-01-11,9831
00919,群益台灣精選高息,81,9,72,元大-四維,2024-01-11,9831
4960,誠美材,70,3,67,元大-四維,2024-01-11,9831
5521,工信,64,1,63,元大-四維,2024-01-11,9831
00937B,群益ESG投等債20,55,0,55,元大-四維,2024-01-11,9831
00927,群益半導體收益,50,0,50,元大-四維,2024-01-11,9831
00679B,元大美債20年,49,0,49,元大-四維,2024-01-11,9831
2606,裕民,44,3,41,元大-四維,2024-01-11,9831
2607,榮運,36,0,36,元大-四維,2024-01-11,9831
2365,昆盈,51,15,36,元大-四維,2024-01-11,9831
2883,凱基金,35,0,35,元大-四維,2024-01-11,9831
00687B,國泰20年美債,34,0,34,元大-四維,2024-01-11,9831
2303,聯電,34,3,31,元大-四維,2024-01-11,9831
2449,京元電子,39,8,31,元大-四維,2024-01-11,9831
3376,新日興,31,0,31,元大-四維,2024-01-11,9831
5880,合庫金,28,0,28,元大-四維,2024-01-11,9831
2498,宏達電,32,4,28,元大-四維,2024-01-11,9831
4533,協易機,28,0,28,元大-四維,2024-01-11,9831
3481,群創,36,8,28,元大-四維,2024-01-11,9831
4956,光鋐,51,25,26,元大-四維,2024-01-11,9831
2408,南亞科,26,1,25,元大-四維,2024-01-11,9831
6547,高端疫苗,28,4,24,元大-四維,2024-01-11,9831
2610,華航,32,9,23,元大-四維,2024-01-11,9831
1795,美時,28,6,22,元大-四維,2024-01-11,9831
2329,華泰,128,106,22,元大-四維,2024-01-11,9831
1802,台玻,22,1,21,元大-四維,2024-01-11,9831
3712,永崴投控,21,0,21,元大-四維,2024-01-11,9831
1440,南紡,20,0,20,元大-四維,2024-01-11,9831
2838,聯邦銀,20,0,20,元大-四維,2024-01-11,9831
00713,元大台灣高息低波,19,0,19,元大-四維,2024-01-11,9831
5439,高技,21,2,19,元大-四維,2024-01-11,9831
1314,中石化,222,204,18,元大-四維,2024-01-11,9831
3005,神基,19,2,17,元大-四維,2024-01-11,9831
9105,泰金寶-DR,18,2,16,元大-四維,2024-01-11,9831
2344,華邦電,17,2,15,元大-四維,2024-01-11,9831
6533,晶心科,27,12,15,元大-四維,2024-01-11,9831
4915,致伸,15,0,15,元大-四維,2024-01-11,9831
2611,志信,15,0,15,元大-四維,2024-01-11,9831
5234,達興材料,15,0,15,元大-四維,2024-01-11,9831
6026,福邦證,15,0,15,元大-四維,2024-01-11,9831
6139,亞翔,15,1,14,元大-四維,2024-01-11,9831
00720B,元大投資級公司債,17,3,14,元大-四維,2024-01-11,9831
2353,宏��,277,104,173,元大-四維,2024-01-12,9831
00929,復華台灣科技優息,183,31,152,元大-四維,2024-01-12,9831
00937B,群益ESG投等債20,119,10,109,元大-四維,2024-01-12,9831
00725B,國泰投資級公司債,100,2,98,元大-四維,2024-01-12,9831
00673R,期元大S＆P原油反1,93,0,93,元大-四維,2024-01-12,9831
2618,長榮航,114,45,69,元大-四維,2024-01-12,9831
0056,元大高股息,65,1,64,元大-四維,2024-01-12,9831
00919,群益台灣精選高息,65,2,63,元大-四維,2024-01-12,9831
2890,永豐金,54,1,53,元大-四維,2024-01-12,9831
00720B,元大投資級公司債,51,6,45,元大-四維,2024-01-12,9831
00882,中信中國高股息,34,0,34,元大-四維,2024-01-12,9831
00751B,元大AAA至A公司債,37,4,33,元大-四維,2024-01-12,9831
00891,中信關鍵半導體,32,0,32,元大-四維,2024-01-12,9831
2838,聯邦銀,30,0,30,元大-四維,2024-01-12,9831
00679B,元大美債20年,28,0,28,元大-四維,2024-01-12,9831
2349,錸德,23,0,23,元大-四維,2024-01-12,9831
5880,合庫金,21,0,21,元大-四維,2024-01-12,9831
2399,映泰,21,0,21,元大-四維,2024-01-12,9831
00927,群益半導體收益,21,0,21,元大-四維,2024-01-12,9831
2023,燁輝,21,0,21,元大-四維,2024-01-12,9831
00713,元大台灣高息低波,23,3,20,元大-四維,2024-01-12,9831
1711,永光,20,0,20,元大-四維,2024-01-12,9831
00676R,富邦臺灣加權反1,20,0,20,元大-四維,2024-01-12,9831
1301,台塑,19,0,19,元大-四維,2024-01-12,9831
2636,台驊控股,18,0,18,元大-四維,2024-01-12,9831
2634,漢翔,20,3,17,元大-四維,2024-01-12,9831
2727,王品,17,0,17,元大-四維,2024-01-12,9831
1528,恩德,23,7,16,元大-四維,2024-01-12,9831
6233,旺玖,16,0,16,元大-四維,2024-01-12,9831
2882,國泰金,17,1,16,元大-四維,2024-01-12,9831
5347,世界,16,1,15,元大-四維,2024-01-12,9831
00936,台新永續高息中小,15,0,15,元大-四維,2024-01-12,9831
3037,欣興,16,1,15,元大-四維,2024-01-12,9831
5426,振發,100,87,13,元大-四維,2024-01-12,9831
8034,榮群,22,10,12,元大-四維,2024-01-12,9831
8150,南茂,12,0,12,元大-四維,2024-01-12,9831
2449,京元電子,19,7,12,元大-四維,2024-01-12,9831
00877,復華中國5G,11,0,11,元大-四維,2024-01-12,9831
4908,前鼎,11,0,11,元大-四維,2024-01-12,9831
2008,高興昌,11,0,11,元大-四維,2024-01-12,9831
5425,台半,10,0,10,元大-四維,2024-01-12,9831
2887,台新金,10,0,10,元大-四維,2024-01-12,9831
2880,華南金,10,0,10,元大-四維,2024-01-12,9831
2905,三商,10,0,10,元大-四維,2024-01-12,9831
6213,聯茂,13,3,10,元大-四維,2024-01-12,9831
00931B,統一美債20年,40,30,10,元大-四維,2024-01-12,9831
1220,台榮,10,0,10,元大-四維,2024-01-12,9831
2607,榮運,65,55,10,元大-四維,2024-01-12,9831
4707,磐亞,10,0,10,元大-四維,2024-01-12,9831
2402,毅嘉,10,0,10,元大-四維,2024-01-12,9831
00687B,國泰20年美債,593,0,593,元大-四維,2024-01-15,9831
00632R,元大台灣50反1,390,60,330,元大-四維,2024-01-15,9831
0056,元大高股息,173,36,137,元大-四維,2024-01-15,9831
2429,銘旺科,130,0,130,元大-四維,2024-01-15,9831
00929,復華台灣科技優息,129,5,124,元大-四維,2024-01-15,9831
3481,群創,123,14,109,元大-四維,2024-01-15,9831
00688L,國泰20年美債正2,80,3,77,元大-四維,2024-01-15,9831
2356,英業達,102,27,75,元大-四維,2024-01-15,9831
1513,中興電,88,15,73,元大-四維,2024-01-15,9831
00715L,期街口布蘭特正2,71,9,62,元大-四維,2024-01-15,9831
2618,長榮航,81,30,51,元大-四維,2024-01-15,9831
2607,榮運,50,1,49,元大-四維,2024-01-15,9831
2353,宏��,181,132,49,元大-四維,2024-01-15,9831
2630,亞航,62,21,41,元大-四維,2024-01-15,9831
2634,漢翔,71,31,40,元大-四維,2024-01-15,9831
00706L,期元大S＆P日圓正2,40,0,40,元大-四維,2024-01-15,9831
00679B,元大美債20年,58,23,35,元大-四維,2024-01-15,9831
00919,群益台灣精選高息,37,3,34,元大-四維,2024-01-15,9831
2208,台船,192,159,33,元大-四維,2024-01-15,9831
2610,華航,36,4,32,元大-四維,2024-01-15,9831
00720B,元大投資級公司債,32,0,32,元大-四維,2024-01-15,9831
00937B,群益ESG投等債20,41,11,30,元大-四維,2024-01-15,9831
5439,高技,30,0,30,元大-四維,2024-01-15,9831
6223,旺矽,31,2,29,元大-四維,2024-01-15,9831
00931B,統一美債20年,27,0,27,元大-四維,2024-01-15,9831
2409,友達,42,16,26,元大-四維,2024-01-15,9831
2887,台新金,27,3,24,元大-四維,2024-01-15,9831
3017,奇鋐,30,7,23,元大-四維,2024-01-15,9831
2408,南亞科,40,17,23,元大-四維,2024-01-15,9831
2609,陽明,121,100,21,元大-四維,2024-01-15,9831
00795B,中信美國公債20年,20,0,20,元大-四維,2024-01-15,9831
9906,欣巴巴,46,26,20,元大-四維,2024-01-15,9831
00858,永豐美國500大,20,0,20,元大-四維,2024-01-15,9831
2317,鴻海,18,1,17,元大-四維,2024-01-15,9831
2890,永豐金,16,0,16,元大-四維,2024-01-15,9831
1101,台泥,19,4,15,元大-四維,2024-01-15,9831
3231,緯創,118,102,16,元大-四維,2024-01-15,9831
2892,第一金,15,0,15,元大-四維,2024-01-15,9831
1301,台塑,15,1,14,元大-四維,2024-01-15,9831
2888,新光金,15,1,14,元大-四維,2024-01-15,9831
00927,群益半導體收益,14,0,14,元大-四維,2024-01-15,9831
2883,凱基金,13,0,13,元大-四維,2024-01-15,9831
8936,國統,25,12,13,元大-四維,2024-01-15,9831
1432,大魯閣,13,0,13,元大-四維,2024-01-15,9831
1605,華新,12,0,12,元大-四維,2024-01-15,9831
8044,網家,12,0,12,元大-四維,2024-01-15,9831
5880,合庫金,12,0,12,元大-四維,2024-01-15,9831
2382,廣達,34,22,12,元大-四維,2024-01-15,9831
2882,國泰金,11,0,11,元大-四維,2024-01-15,9831
6668,中揚光,11,0,11,元大-四維,2024-01-15,9831
2208,台船,245,18,227,元大-四維,2024-01-16,9831
0056,元大高股息,161,3,158,元大-四維,2024-01-16,9831
3033,威健,139,24,115,元大-四維,2024-01-16,9831
00929,復華台灣科技優息,108,28,80,元大-四維,2024-01-16,9831
5880,合庫金,80,3,77,元大-四維,2024-01-16,9831
2356,英業達,103,32,71,元大-四維,2024-01-16,9831
2834,臺企銀,63,0,63,元大-四維,2024-01-16,9831
2511,太子,63,0,63,元大-四維,2024-01-16,9831
1101,台泥,64,1,63,元大-四維,2024-01-16,9831
2344,華邦電,112,53,59,元大-四維,2024-01-16,9831
2312,金寶,76,17,59,元大-四維,2024-01-16,9831
2885,元大金,59,2,57,元大-四維,2024-01-16,9831
2324,仁寶,69,18,51,元大-四維,2024-01-16,9831
3714,富采,41,0,41,元大-四維,2024-01-16,9831
2883,凱基金,41,1,40,元大-四維,2024-01-16,9831
2838,聯邦銀,40,0,40,元大-四維,2024-01-16,9831
3231,緯創,82,43,39,元大-四維,2024-01-16,9831
5533,皇鼎,39,0,39,元大-四維,2024-01-16,9831
4934,太極,41,2,39,元大-四維,2024-01-16,9831
2516,新建,38,0,38,元大-四維,2024-01-16,9831
2884,玉山金,40,2,38,元大-四維,2024-01-16,9831
00751B,元大AAA至A公司債,36,0,36,元大-四維,2024-01-16,9831
9945,潤泰新,37,1,36,元大-四維,2024-01-16,9831
2498,宏達電,36,1,35,元大-四維,2024-01-16,9831
2887,台新金,36,1,35,元大-四維,2024-01-16,9831
1314,中石化,93,59,34,元大-四維,2024-01-16,9831
00927,群益半導體收益,33,0,33,元大-四維,2024-01-16,9831
2801,彰銀,32,0,32,元大-四維,2024-01-16,9831
00931B,統一美債20年,32,0,32,元大-四維,2024-01-16,9831
00688L,國泰20年美債正2,32,0,32,元大-四維,2024-01-16,9831
00919,群益台灣精選高息,68,36,32,元大-四維,2024-01-16,9831
00713,元大台灣高息低波,31,0,31,元大-四維,2024-01-16,9831
3454,晶睿,31,0,31,元大-四維,2024-01-16,9831
2002,中鋼,37,6,31,元大-四維,2024-01-16,9831
2606,裕民,36,6,30,元大-四維,2024-01-16,9831
1301,台塑,39,9,30,元大-四維,2024-01-16,9831
2486,一詮,46,17,29,元大-四維,2024-01-16,9831
00720B,元大投資級公司債,28,0,28,元大-四維,2024-01-16,9831
1326,台化,31,3,28,元大-四維,2024-01-16,9831
2890,永豐金,37,9,28,元大-四維,2024-01-16,9831
00881,國泰台灣5G+,26,0,26,元大-四維,2024-01-16,9831
1733,五鼎,30,5,25,元大-四維,2024-01-16,9831
2371,大同,22,0,22,元大-四維,2024-01-16,9831
2008,高興昌,21,0,21,元大-四維,2024-01-16,9831
2607,榮運,25,4,21,元大-四維,2024-01-16,9831
00679B,元大美債20年,34,13,21,元大-四維,2024-01-16,9831
2012,春雨,20,0,20,元大-四維,2024-01-16,9831
8086,宏捷科,22,2,20,元大-四維,2024-01-16,9831
00715L,期街口布蘭特正2,20,0,20,元大-四維,2024-01-16,9831
00650L,復華香港正2,20,0,20,元大-四維,2024-01-16,9831
0056,元大高股息,426,13,413,元大-四維,2024-01-17,9831
00929,復華台灣科技優息,517,247,270,元大-四維,2024-01-17,9831
00919,群益台灣精選高息,271,38,233,元大-四維,2024-01-17,9831
1301,台塑,218,4,214,元大-四維,2024-01-17,9831
00665L,富邦�琤肭磪囓�2,200,0,200,元大-四維,2024-01-17,9831
2303,聯電,240,48,192,元大-四維,2024-01-17,9831
8358,金居,188,0,188,元大-四維,2024-01-17,9831
00882,中信中國高股息,144,0,144,元大-四維,2024-01-17,9831
2002,中鋼,91,0,91,元大-四維,2024-01-17,9831
3231,緯創,132,43,89,元大-四維,2024-01-17,9831
5880,合庫金,86,0,86,元大-四維,2024-01-17,9831
00878,國泰永續高股息,104,20,84,元大-四維,2024-01-17,9831
2344,華邦電,134,62,72,元大-四維,2024-01-17,9831
2834,臺企銀,72,0,72,元大-四維,2024-01-17,9831
2308,台達電,67,0,67,元大-四維,2024-01-17,9831
2457,飛宏,79,20,59,元大-四維,2024-01-17,9831
2885,元大金,58,1,57,元大-四維,2024-01-17,9831
1310,台苯,50,0,50,元大-四維,2024-01-17,9831
00679B,元大美債20年,67,18,49,元大-四維,2024-01-17,9831
2883,凱基金,85,37,48,元大-四維,2024-01-17,9831
00720B,元大投資級公司債,51,3,48,元大-四維,2024-01-17,9831
2882,國泰金,44,0,44,元大-四維,2024-01-17,9831
1303,南亞,47,3,44,元大-四維,2024-01-17,9831
2888,新光金,46,3,43,元大-四維,2024-01-17,9831
0050,元大台灣50,51,12,39,元大-四維,2024-01-17,9831
00650L,復華香港正2,38,0,38,元大-四維,2024-01-17,9831
00881,國泰台灣5G+,38,1,37,元大-四維,2024-01-17,9831
00927,群益半導體收益,36,0,36,元大-四維,2024-01-17,9831
1795,美時,40,4,36,元大-四維,2024-01-17,9831
8011,台通,34,0,34,元大-四維,2024-01-17,9831
2618,長榮航,56,23,33,元大-四維,2024-01-17,9831
6243,迅杰,49,16,33,元大-四維,2024-01-17,9831
2498,宏達電,33,0,33,元大-四維,2024-01-17,9831
00713,元大台灣高息低波,32,0,32,元大-四維,2024-01-17,9831
00937B,群益ESG投等債20,75,43,32,元大-四維,2024-01-17,9831
8112,至上,52,20,32,元大-四維,2024-01-17,9831
2634,漢翔,45,14,31,元大-四維,2024-01-17,9831
1101,台泥,45,15,30,元大-四維,2024-01-17,9831
6127,九豪,28,0,28,元大-四維,2024-01-17,9831
9945,潤泰新,30,5,25,元大-四維,2024-01-17,9831
3055,蔚華科,28,3,25,元大-四維,2024-01-17,9831
6143,振曜,25,0,25,元大-四維,2024-01-17,9831
6770,力積電,46,22,24,元大-四維,2024-01-17,9831
6796,晉弘,24,0,24,元大-四維,2024-01-17,9831
2801,彰銀,23,0,23,元大-四維,2024-01-17,9831
4162,智擎,22,0,22,元大-四維,2024-01-17,9831
00891,中信關鍵半導體,22,0,22,元大-四維,2024-01-17,9831
2887,台新金,26,5,21,元大-四維,2024-01-17,9831
5210,寶碩,22,1,21,元大-四維,2024-01-17,9831
2312,金寶,21,0,21,元大-四維,2024-01-17,9831
00929,復華台灣科技優息,257,9,248,元大-四維,2024-01-18,9831
2303,聯電,167,23,144,元大-四維,2024-01-18,9831
00919,群益台灣精選高息,134,4,130,元大-四維,2024-01-18,9831
2888,新光金,107,10,97,元大-四維,2024-01-18,9831
4960,誠美材,93,20,73,元大-四維,2024-01-18,9831
00751B,元大AAA至A公司債,84,13,71,元大-四維,2024-01-18,9831
2609,陽明,159,89,70,元大-四維,2024-01-18,9831
0056,元大高股息,76,14,62,元大-四維,2024-01-18,9831
00882,中信中國高股息,54,0,54,元大-四維,2024-01-18,9831
8027,鈦昇,62,16,46,元大-四維,2024-01-18,9831
5425,台半,46,2,44,元大-四維,2024-01-18,9831
8086,宏捷科,43,1,42,元大-四維,2024-01-18,9831
00713,元大台灣高息低波,38,1,37,元大-四維,2024-01-18,9831
2883,凱基金,42,6,36,元大-四維,2024-01-18,9831
2002,中鋼,48,15,33,元大-四維,2024-01-18,9831
00637L,元大滬深300正2,91,59,32,元大-四維,2024-01-18,9831
2890,永豐金,31,0,31,元大-四維,2024-01-18,9831
2891,中信金,31,1,30,元大-四維,2024-01-18,9831
00679B,元大美債20年,29,0,29,元大-四維,2024-01-18,9831
00632R,元大台灣50反1,106,80,26,元大-四維,2024-01-18,9831
3231,緯創,55,30,25,元大-四維,2024-01-18,9831
00878,國泰永續高股息,28,3,25,元大-四維,2024-01-18,9831
2634,漢翔,82,57,25,元大-四維,2024-01-18,9831
2885,元大金,46,22,24,元大-四維,2024-01-18,9831
1101,台泥,25,2,23,元大-四維,2024-01-18,9831
6770,力積電,24,1,23,元大-四維,2024-01-18,9831
2727,王品,22,0,22,元大-四維,2024-01-18,9831
00664R,國泰臺灣加權反1,20,0,20,元大-四維,2024-01-18,9831
00676R,富邦臺灣加權反1,20,0,20,元大-四維,2024-01-18,9831
6668,中揚光,23,3,20,元大-四維,2024-01-18,9831
8096,擎亞,36,16,20,元大-四維,2024-01-18,9831
2401,凌陽,22,3,19,元大-四維,2024-01-18,9831
6244,茂迪,21,2,19,元大-四維,2024-01-18,9831
1301,台塑,21,2,19,元大-四維,2024-01-18,9831
00712,復華富時不動產,23,5,18,元大-四維,2024-01-18,9831
00937B,群益ESG投等債20,18,0,18,元大-四維,2024-01-18,9831
00720B,元大投資級公司債,17,0,17,元大-四維,2024-01-18,9831
5880,合庫金,20,3,17,元大-四維,2024-01-18,9831
2887,台新金,16,0,16,元大-四維,2024-01-18,9831
4109,加捷生醫,16,0,16,元大-四維,2024-01-18,9831
4114,健喬,16,0,16,元大-四維,2024-01-18,9831
1609,大亞,17,2,15,元大-四維,2024-01-18,9831
00930,永豐ESG低碳高息,15,0,15,元大-四維,2024-01-18,9831
6005,群益證,15,0,15,元大-四維,2024-01-18,9831
6116,彩晶,21,7,14,元大-四維,2024-01-18,9831
3548,兆利,13,1,12,元大-四維,2024-01-18,9831
6278,台表科,13,1,12,元大-四維,2024-01-18,9831
00904,新光臺灣半導體30,12,0,12,元大-四維,2024-01-18,9831
1504,東元,16,4,12,元大-四維,2024-01-18,9831
2014,中鴻,15,4,11,元大-四維,2024-01-18,9831
00632R,元大台灣50反1,1083,33,1050,元大-四維,2024-01-19,9831
4960,誠美材,695,173,522,元大-四維,2024-01-19,9831
0056,元大高股息,455,119,336,元大-四維,2024-01-19,9831
2610,華航,325,1,324,元大-四維,2024-01-19,9831
2890,永豐金,310,12,298,元大-四維,2024-01-19,9831
2892,第一金,153,0,153,元大-四維,2024-01-19,9831
5521,工信,126,3,123,元大-四維,2024-01-19,9831
00929,復華台灣科技優息,128,30,98,元大-四維,2024-01-19,9831
1101,台泥,76,0,76,元大-四維,2024-01-19,9831
00679B,元大美債20年,76,1,75,元大-四維,2024-01-19,9831
6139,亞翔,82,9,73,元大-四維,2024-01-19,9831
4167,松瑞藥,81,10,71,元大-四維,2024-01-19,9831
00882,中信中國高股息,60,0,60,元大-四維,2024-01-19,9831
2883,凱基金,57,2,55,元大-四維,2024-01-19,9831
00720B,元大投資級公司債,54,0,54,元大-四維,2024-01-19,9831
8936,國統,59,5,54,元大-四維,2024-01-19,9831
2353,宏��,75,21,54,元大-四維,2024-01-19,9831
2891,中信金,51,0,51,元大-四維,2024-01-19,9831
2897,王道銀行,52,1,51,元大-四維,2024-01-19,9831
00919,群益台灣精選高息,60,9,51,元大-四維,2024-01-19,9831
00751B,元大AAA至A公司債,50,0,50,元大-四維,2024-01-19,9831
2027,大成鋼,46,1,45,元大-四維,2024-01-19,9831
2002,中鋼,44,1,43,元大-四維,2024-01-19,9831
2618,長榮航,50,10,40,元大-四維,2024-01-19,9831
2303,聯電,67,27,40,元大-四維,2024-01-19,9831
2607,榮運,40,0,40,元大-四維,2024-01-19,9831
00933B,國泰10Y+金融債,30,0,30,元大-四維,2024-01-19,9831
00937B,群益ESG投等債20,45,16,29,元大-四維,2024-01-19,9831
2617,台航,27,0,27,元大-四維,2024-01-19,9831
1303,南亞,27,0,27,元大-四維,2024-01-19,9831
2634,漢翔,36,11,25,元大-四維,2024-01-19,9831
00904,新光臺灣半導體30,25,1,24,元大-四維,2024-01-19,9831
3588,通嘉,28,5,23,元大-四維,2024-01-19,9831
2405,輔信,25,2,23,元大-四維,2024-01-19,9831
1802,台玻,21,0,21,元大-四維,2024-01-19,9831
00931B,統一美債20年,21,0,21,元大-四維,2024-01-19,9831
2838,聯邦銀,40,20,20,元大-四維,2024-01-19,9831
2636,台驊控股,20,0,20,元大-四維,2024-01-19,9831
2867,三商壽,20,1,19,元大-四維,2024-01-19,9831
6127,九豪,20,1,19,元大-四維,2024-01-19,9831
2486,一詮,22,4,18,元大-四維,2024-01-19,9831
1513,中興電,18,1,17,元大-四維,2024-01-19,9831
5210,寶碩,21,4,17,元大-四維,2024-01-19,9831
2884,玉山金,16,1,15,元大-四維,2024-01-19,9831
2369,菱生,15,0,15,元大-四維,2024-01-19,9831
00687B,國泰20年美債,14,0,14,元大-四維,2024-01-19,9831
2886,兆豐金,15,1,14,元大-四維,2024-01-19,9831
3576,聯合再生,13,0,13,元大-四維,2024-01-19,9831
2312,金寶,18,5,13,元大-四維,2024-01-19,9831
1609,大亞,14,2,12,元大-四維,2024-01-19,9831
2890,永豐金,402,0,402,元大-四維,2024-01-22,9831
00650L,復華香港正2,140,20,120,元大-四維,2024-01-22,9831
00882,中信中國高股息,119,4,115,元大-四維,2024-01-22,9831
2888,新光金,106,0,106,元大-四維,2024-01-22,9831
2609,陽明,135,47,88,元大-四維,2024-01-22,9831
2618,長榮航,142,71,71,元大-四維,2024-01-22,9831
2455,全新,53,3,50,元大-四維,2024-01-22,9831
00637L,元大滬深300正2,74,24,50,元大-四維,2024-01-22,9831
4960,誠美材,94,47,47,元大-四維,2024-01-22,9831
00632R,元大台灣50反1,551,508,43,元大-四維,2024-01-22,9831
2329,華泰,126,87,39,元大-四維,2024-01-22,9831
00919,群益台灣精選高息,47,12,35,元大-四維,2024-01-22,9831
3583,辛耘,49,16,33,元大-四維,2024-01-22,9831
2027,大成鋼,34,1,33,元大-四維,2024-01-22,9831
00715L,期街口布蘭特正2,33,0,33,元大-四維,2024-01-22,9831
2897,王道銀行,30,1,29,元大-四維,2024-01-22,9831
3376,新日興,31,3,28,元大-四維,2024-01-22,9831
00902,中信電池及儲能,28,0,28,元大-四維,2024-01-22,9831
2002,中鋼,28,1,27,元大-四維,2024-01-22,9831
5521,工信,31,4,27,元大-四維,2024-01-22,9831
2324,仁寶,72,45,27,元大-四維,2024-01-22,9831
00933B,國泰10Y+金融債,27,0,27,元大-四維,2024-01-22,9831
2316,楠梓電,42,16,26,元大-四維,2024-01-22,9831
00665L,富邦�琤肭磪囓�2,24,0,24,元大-四維,2024-01-22,9831
3520,華盈,25,1,24,元大-四維,2024-01-22,9831
2486,一詮,42,19,23,元大-四維,2024-01-22,9831
1101,台泥,24,1,23,元大-四維,2024-01-22,9831
2603,長榮,23,1,22,元大-四維,2024-01-22,9831
2727,王品,22,0,22,元大-四維,2024-01-22,9831
2353,宏��,126,106,20,元大-四維,2024-01-22,9831
2344,華邦電,25,6,19,元大-四維,2024-01-22,9831
5347,世界,20,2,18,元大-四維,2024-01-22,9831
00937B,群益ESG投等債20,17,0,17,元大-四維,2024-01-22,9831
1795,美時,16,0,16,元大-四維,2024-01-22,9831
6191,精成科,16,0,16,元大-四維,2024-01-22,9831
3032,偉訓,16,1,15,元大-四維,2024-01-22,9831
2530,華建,14,0,14,元大-四維,2024-01-22,9831
1528,恩德,13,0,13,元大-四維,2024-01-22,9831
6139,亞翔,15,2,13,元大-四維,2024-01-22,9831
2887,台新金,20,7,13,元大-四維,2024-01-22,9831
8112,至上,24,12,12,元大-四維,2024-01-22,9831
2838,聯邦銀,12,0,12,元大-四維,2024-01-22,9831
9904,寶成,12,0,12,元大-四維,2024-01-22,9831
2308,台達電,14,2,12,元大-四維,2024-01-22,9831
5880,合庫金,11,0,11,元大-四維,2024-01-22,9831
3013,晟銘電,19,8,11,元大-四維,2024-01-22,9831
4979,華星光,12,1,11,元大-四維,2024-01-22,9831
5533,皇鼎,11,0,11,元大-四維,2024-01-22,9831
2374,佳能,11,0,11,元大-四維,2024-01-22,9831
6147,頎邦,10,0,10,元大-四維,2024-01-22,9831
2884,玉山金,91,0,91,元大-四維,2024-01-23,9831
2511,太子,80,0,80,元大-四維,2024-01-23,9831
2891,中信金,60,0,60,元大-四維,2024-01-23,9831
2618,長榮航,56,11,45,元大-四維,2024-01-23,9831
00637L,元大滬深300正2,76,35,41,元大-四維,2024-01-23,9831
3059,華晶科,38,1,37,元大-四維,2024-01-23,9831
2834,臺企銀,34,0,34,元大-四維,2024-01-23,9831
2316,楠梓電,40,8,32,元大-四維,2024-01-23,9831
1514,亞力,68,38,30,元大-四維,2024-01-23,9831
00673R,期元大S＆P原油反1,30,0,30,元大-四維,2024-01-23,9831
2515,中工,30,0,30,元大-四維,2024-01-23,9831
2609,陽明,60,31,29,元大-四維,2024-01-23,9831
00937B,群益ESG投等債20,28,0,28,元大-四維,2024-01-23,9831
6120,達運,27,2,25,元大-四維,2024-01-23,9831
6233,旺玖,23,1,22,元大-四維,2024-01-23,9831
5215,科嘉-KY,21,0,21,元大-四維,2024-01-23,9831
00706L,期元大S＆P日圓正2,20,0,20,元大-四維,2024-01-23,9831
00919,群益台灣精選高息,25,6,19,元大-四維,2024-01-23,9831
1795,美時,22,4,18,元大-四維,2024-01-23,9831
2317,鴻海,22,4,18,元大-四維,2024-01-23,9831
2457,飛宏,17,1,16,元大-四維,2024-01-23,9831
00720B,元大投資級公司債,15,0,15,元大-四維,2024-01-23,9831
2465,麗臺,17,3,14,元大-四維,2024-01-23,9831
8096,擎亞,18,4,14,元大-四維,2024-01-23,9831
3029,零壹,16,2,14,元大-四維,2024-01-23,9831
4960,誠美材,16,3,13,元大-四維,2024-01-23,9831
3680,家登,17,4,13,元大-四維,2024-01-23,9831
2382,廣達,24,11,13,元大-四維,2024-01-23,9831
00753L,中信中國50正2,13,1,12,元大-四維,2024-01-23,9831
2887,台新金,26,15,11,元大-四維,2024-01-23,9831
2393,億光,11,0,11,元大-四維,2024-01-23,9831
3338,泰碩,13,2,11,元大-四維,2024-01-23,9831
00933B,國泰10Y+金融債,11,0,11,元大-四維,2024-01-23,9831
2855,統一證,10,0,10,元大-四維,2024-01-23,9831
6438,迅得,10,0,10,元大-四維,2024-01-23,9831
3607,谷崧,10,0,10,元大-四維,2024-01-23,9831
2727,王品,10,0,10,元大-四維,2024-01-23,9831
6546,正基,10,0,10,元大-四維,2024-01-23,9831
6285,啟��,17,7,10,元大-四維,2024-01-23,9831
5519,隆大,10,0,10,元大-四維,2024-01-23,9831
9906,欣巴巴,48,38,10,元大-四維,2024-01-23,9831
2324,仁寶,21,11,10,元大-四維,2024-01-23,9831
2610,華航,13,3,10,元大-四維,2024-01-23,9831
00680L,元大美債20正2,9,0,9,元大-四維,2024-01-23,9831
00751B,元大AAA至A公司債,12,3,9,元大-四維,2024-01-23,9831
8050,廣積,11,2,9,元大-四維,2024-01-23,9831
5880,合庫金,12,3,9,元大-四維,2024-01-23,9831
1301,台塑,9,0,9,元大-四維,2024-01-23,9831
2363,矽統,13,5,8,元大-四維,2024-01-23,9831
00687B,國泰20年美債,9,1,8,元大-四維,2024-01-23,9831
0056,元大高股息,449,22,427,元大-四維,2024-01-24,9831
2312,金寶,425,12,413,元大-四維,2024-01-24,9831
2890,永豐金,200,0,200,元大-四維,2024-01-24,9831
00937B,群益ESG投等債20,122,0,122,元大-四維,2024-01-24,9831
5009,榮剛,113,0,113,元大-四維,2024-01-24,9831
8064,東捷,100,14,86,元大-四維,2024-01-24,9831
00637L,元大滬深300正2,122,38,84,元大-四維,2024-01-24,9831
2891,中信金,78,0,78,元大-四維,2024-01-24,9831
00933B,國泰10Y+金融債,80,7,73,元大-四維,2024-01-24,9831
00688L,國泰20年美債正2,61,0,61,元大-四維,2024-01-24,9831
00751B,元大AAA至A公司債,51,0,51,元大-四維,2024-01-24,9831
3047,訊舟,63,20,43,元大-四維,2024-01-24,9831
3305,昇貿,42,0,42,元大-四維,2024-01-24,9831
00715L,期街口布蘭特正2,40,0,40,元大-四維,2024-01-24,9831
9105,泰金寶-DR,41,1,40,元大-四維,2024-01-24,9831
1101,台泥,37,2,35,元大-四維,2024-01-24,9831
4938,和碩,38,3,35,元大-四維,2024-01-24,9831
00679B,元大美債20年,34,0,34,元大-四維,2024-01-24,9831
2409,友達,43,10,33,元大-四維,2024-01-24,9831
00882,中信中國高股息,35,4,31,元大-四維,2024-01-24,9831
3545,敦泰,42,13,29,元大-四維,2024-01-24,9831
6109,亞元,72,44,28,元大-四維,2024-01-24,9831
3260,威剛,49,23,26,元大-四維,2024-01-24,9831
00687B,國泰20年美債,24,0,24,元大-四維,2024-01-24,9831
2723,美食-KY,23,0,23,元大-四維,2024-01-24,9831
3231,緯創,64,42,22,元大-四維,2024-01-24,9831
8936,國統,33,11,22,元大-四維,2024-01-24,9831
6116,彩晶,37,15,22,元大-四維,2024-01-24,9831
3030,德律,23,1,22,元大-四維,2024-01-24,9831
6152,百一,20,0,20,元大-四維,2024-01-24,9831
6547,高端疫苗,30,10,20,元大-四維,2024-01-24,9831
00733,富邦臺灣中小,20,0,20,元大-四維,2024-01-24,9831
00720B,元大投資級公司債,17,0,17,元大-四維,2024-01-24,9831
2455,全新,20,3,17,元大-四維,2024-01-24,9831
6167,久正,20,4,16,元大-四維,2024-01-24,9831
4915,致伸,16,1,15,元大-四維,2024-01-24,9831
2344,華邦電,78,63,15,元大-四維,2024-01-24,9831
00881,國泰台灣5G+,15,0,15,元大-四維,2024-01-24,9831
6584,南俊國際,17,2,15,元大-四維,2024-01-24,9831
1514,亞力,21,6,15,元大-四維,2024-01-24,9831
6205,詮欣,14,0,14,元大-四維,2024-01-24,9831
2014,中鴻,22,8,14,元大-四維,2024-01-24,9831
1785,光洋科,24,10,14,元大-四維,2024-01-24,9831
2421,建準,39,25,14,元大-四維,2024-01-24,9831
3437,榮創,13,0,13,元大-四維,2024-01-24,9831
2836,高雄銀,15,2,13,元大-四維,2024-01-24,9831
2329,華泰,16,4,12,元大-四維,2024-01-24,9831
8034,榮群,11,0,11,元大-四維,2024-01-24,9831
2610,華航,23,12,11,元大-四維,2024-01-24,9831
00931B,統一美債20年,11,0,11,元大-四維,2024-01-24,9831
00633L,富邦上証正2,218,1,217,元大-四維,2024-01-25,9831
2356,英業達,226,109,117,元大-四維,2024-01-25,9831
00706L,期元大S＆P日圓正2,105,0,105,元大-四維,2024-01-25,9831
00937B,群益ESG投等債20,89,0,89,元大-四維,2024-01-25,9831
8096,擎亞,173,87,86,元大-四維,2024-01-25,9831
00679B,元大美債20年,56,0,56,元大-四維,2024-01-25,9831
00687B,國泰20年美債,55,0,55,元大-四維,2024-01-25,9831
00929,復華台灣科技優息,56,5,51,元大-四維,2024-01-25,9831
4106,雃博,40,0,40,元大-四維,2024-01-25,9831
1444,力麗,44,5,39,元大-四維,2024-01-25,9831
8105,凌巨,37,0,37,元大-四維,2024-01-25,9831
2618,長榮航,44,9,35,元大-四維,2024-01-25,9831
2344,華邦電,93,59,34,元大-四維,2024-01-25,9831
00720B,元大投資級公司債,33,0,33,元大-四維,2024-01-25,9831
00751B,元大AAA至A公司債,31,0,31,元大-四維,2024-01-25,9831
2438,翔耀,30,0,30,元大-四維,2024-01-25,9831
3483,力致,32,4,28,元大-四維,2024-01-25,9831
8390,金益鼎,28,1,27,元大-四維,2024-01-25,9831
00795B,中信美國公債20年,26,0,26,元大-四維,2024-01-25,9831
6111,大宇資,28,2,26,元大-四維,2024-01-25,9831
3305,昇貿,23,0,23,元大-四維,2024-01-25,9831
6116,彩晶,23,0,23,元大-四維,2024-01-25,9831
3504,揚明光,24,2,22,元大-四維,2024-01-25,9831
5351,鈺創,24,3,21,元大-四維,2024-01-25,9831
5478,智冠,21,1,20,元大-四維,2024-01-25,9831
2467,志聖,27,7,20,元大-四維,2024-01-25,9831
2349,錸德,20,0,20,元大-四維,2024-01-25,9831
2023,燁輝,20,0,20,元大-四維,2024-01-25,9831
00885,富邦越南,21,1,20,元大-四維,2024-01-25,9831
3545,敦泰,26,7,19,元大-四維,2024-01-25,9831
2401,凌陽,19,0,19,元大-四維,2024-01-25,9831
3231,緯創,143,125,18,元大-四維,2024-01-25,9831
2313,華通,41,23,18,元大-四維,2024-01-25,9831
1514,亞力,24,6,18,元大-四維,2024-01-25,9831
2498,宏達電,16,0,16,元大-四維,2024-01-25,9831
6233,旺玖,23,7,16,元大-四維,2024-01-25,9831
3693,營邦,23,7,16,元大-四維,2024-01-25,9831
2002,中鋼,16,0,16,元大-四維,2024-01-25,9831
2913,農林,15,0,15,元大-四維,2024-01-25,9831
00680L,元大美債20正2,57,43,14,元大-四維,2024-01-25,9831
3706,神達,220,206,14,元大-四維,2024-01-25,9831
6698,旭暉應材,15,1,14,元大-四維,2024-01-25,9831
6695,芯鼎,16,2,14,元大-四維,2024-01-25,9831
2543,皇昌,14,0,14,元大-四維,2024-01-25,9831
3443,創意,23,10,13,元大-四維,2024-01-25,9831
4909,新復興,47,34,13,元大-四維,2024-01-25,9831
00722B,群益投資級電信債,13,0,13,元大-四維,2024-01-25,9831
2409,友達,18,5,13,元大-四維,2024-01-25,9831
4729,熒茂,14,1,13,元大-四維,2024-01-25,9831
3499,環天科,13,1,12,元大-四維,2024-01-25,9831
00687B,國泰20年美債,802,2,800,元大-四維,2024-01-26,9831
2303,聯電,294,27,267,元大-四維,2024-01-26,9831
00632R,元大台灣50反1,239,34,205,元大-四維,2024-01-26,9831
2353,宏��,164,19,145,元大-四維,2024-01-26,9831
2324,仁寶,128,14,114,元大-四維,2024-01-26,9831
8215,明基材,114,9,105,元大-四維,2024-01-26,9831
5426,振發,119,18,101,元大-四維,2024-01-26,9831
00919,群益台灣精選高息,98,3,95,元大-四維,2024-01-26,9831
00665L,富邦�琤肭磪囓�2,80,1,79,元大-四維,2024-01-26,9831
00720B,元大投資級公司債,67,0,67,元大-四維,2024-01-26,9831
00937B,群益ESG投等債20,58,0,58,元大-四維,2024-01-26,9831
00673R,期元大S＆P原油反1,55,0,55,元大-四維,2024-01-26,9831
3218,大學光,53,0,53,元大-四維,2024-01-26,9831
2498,宏達電,37,0,37,元大-四維,2024-01-26,9831
00929,復華台灣科技優息,41,4,37,元大-四維,2024-01-26,9831
00878,國泰永續高股息,38,3,35,元大-四維,2024-01-26,9831
6223,旺矽,36,1,35,元大-四維,2024-01-26,9831
2369,菱生,33,1,32,元大-四維,2024-01-26,9831
5905,南仁湖,30,0,30,元大-四維,2024-01-26,9831
00900,富邦特選高股息30,25,1,24,元大-四維,2024-01-26,9831
2379,瑞昱,23,0,23,元大-四維,2024-01-26,9831
00637L,元大滬深300正2,27,6,21,元大-四維,2024-01-26,9831
2301,光寶科,24,3,21,元大-四維,2024-01-26,9831
6901,鑽石投資,20,0,20,元大-四維,2024-01-26,9831
3047,訊舟,20,1,19,元大-四維,2024-01-26,9831
3520,華盈,40,21,19,元大-四維,2024-01-26,9831
2888,新光金,21,2,19,元大-四維,2024-01-26,9831
2344,華邦電,23,6,17,元大-四維,2024-01-26,9831
9906,欣巴巴,116,99,17,元大-四維,2024-01-26,9831
1312,國喬,19,2,17,元大-四維,2024-01-26,9831
4766,南寶,16,0,16,元大-四維,2024-01-26,9831
2337,旺宏,16,0,16,元大-四維,2024-01-26,9831
4123,晟德,15,0,15,元大-四維,2024-01-26,9831
2905,三商,15,0,15,元大-四維,2024-01-26,9831
00882,中信中國高股息,22,7,15,元大-四維,2024-01-26,9831
2329,華泰,23,9,14,元大-四維,2024-01-26,9831
3034,聯詠,14,0,14,元大-四維,2024-01-26,9831
3005,神基,17,3,14,元大-四維,2024-01-26,9831
5880,合庫金,30,17,13,元大-四維,2024-01-26,9831
2884,玉山金,14,1,13,元大-四維,2024-01-26,9831
00927,群益半導體收益,13,1,12,元大-四維,2024-01-26,9831
5215,科嘉-KY,12,0,12,元大-四維,2024-01-26,9831
2412,中華電,12,0,12,元大-四維,2024-01-26,9831
1309,台達化,10,0,10,元大-四維,2024-01-26,9831
1721,三晃,10,0,10,元大-四維,2024-01-26,9831
4413,飛寶企業,10,0,10,元大-四維,2024-01-26,9831
3518,柏騰,10,0,10,元大-四維,2024-01-26,9831
2401,凌陽,11,1,10,元大-四維,2024-01-26,9831
00633L,富邦上証正2,12,2,10,元大-四維,2024-01-26,9831
1304,台聚,10,0,10,元大-四維,2024-01-26,9831
00937B,群益ESG投等債20,118,0,118,元大-四維,2024-01-29,9831
6465,威潤,118,0,118,元大-四維,2024-01-29,9831
2603,長榮,109,8,101,元大-四維,2024-01-29,9831
2356,英業達,141,57,84,元大-四維,2024-01-29,9831
8215,明基材,75,8,67,元大-四維,2024-01-29,9831
00688L,國泰20年美債正2,62,0,62,元大-四維,2024-01-29,9831
00753L,中信中國50正2,61,0,61,元大-四維,2024-01-29,9831
00687B,國泰20年美債,69,10,59,元大-四維,2024-01-29,9831
2303,聯電,68,10,58,元大-四維,2024-01-29,9831
3049,精金,50,1,49,元大-四維,2024-01-29,9831
00933B,國泰10Y+金融債,45,0,45,元大-四維,2024-01-29,9831
00673R,期元大S＆P原油反1,44,1,43,元大-四維,2024-01-29,9831
00679B,元大美債20年,42,1,41,元大-四維,2024-01-29,9831
00637L,元大滬深300正2,87,47,40,元大-四維,2024-01-29,9831
00720B,元大投資級公司債,39,1,38,元大-四維,2024-01-29,9831
00650L,復華香港正2,50,12,38,元大-四維,2024-01-29,9831
2884,玉山金,41,5,36,元大-四維,2024-01-29,9831
00882,中信中國高股息,27,0,27,元大-四維,2024-01-29,9831
2610,華航,29,3,26,元大-四維,2024-01-29,9831
3218,大學光,26,1,25,元大-四維,2024-01-29,9831
00931B,統一美債20年,28,4,24,元大-四維,2024-01-29,9831
2409,友達,24,1,23,元大-四維,2024-01-29,9831
1101,台泥,23,2,21,元大-四維,2024-01-29,9831
3481,群創,185,166,19,元大-四維,2024-01-29,9831
4968,立積,25,6,19,元大-四維,2024-01-29,9831
6205,詮欣,18,0,18,元大-四維,2024-01-29,9831
1312,國喬,20,2,18,元大-四維,2024-01-29,9831
2337,旺宏,22,6,16,元大-四維,2024-01-29,9831
6233,旺玖,17,1,16,元大-四維,2024-01-29,9831
8096,擎亞,27,11,16,元大-四維,2024-01-29,9831
3687,歐買尬,23,8,15,元大-四維,2024-01-29,9831
3149,正達,15,0,15,元大-四維,2024-01-29,9831
3047,訊舟,23,8,15,元大-四維,2024-01-29,9831
2543,皇昌,20,6,14,元大-四維,2024-01-29,9831
00706L,期元大S＆P日圓正2,16,2,14,元大-四維,2024-01-29,9831
2369,菱生,14,1,13,元大-四維,2024-01-29,9831
2371,大同,15,2,13,元大-四維,2024-01-29,9831
3576,聯合再生,13,0,13,元大-四維,2024-01-29,9831
2367,燿華,18,5,13,元大-四維,2024-01-29,9831
5521,工信,13,1,12,元大-四維,2024-01-29,9831
00643,群益深証中小,12,0,12,元大-四維,2024-01-29,9831
2537,聯上發,11,0,11,元大-四維,2024-01-29,9831
1809,中釉,12,1,11,元大-四維,2024-01-29,9831
2327,國巨,11,0,11,元大-四維,2024-01-29,9831
3706,神達,13,3,10,元大-四維,2024-01-29,9831
2607,榮運,10,0,10,元大-四維,2024-01-29,9831
4167,松瑞藥,18,8,10,元大-四維,2024-01-29,9831
3059,華晶科,14,4,10,元大-四維,2024-01-29,9831
6237,驊訊,12,2,10,元大-四維,2024-01-29,9831
2511,太子,10,0,10,元大-四維,2024-01-29,9831
2890,永豐金,202,1,201,元大-四維,2024-01-30,9831
3622,洋華,202,1,201,元大-四維,2024-01-30,9831
2303,聯電,118,8,110,元大-四維,2024-01-30,9831
00637L,元大滬深300正2,136,42,94,元大-四維,2024-01-30,9831
00715L,期街口布蘭特正2,82,0,82,元大-四維,2024-01-30,9831
3712,永崴投控,73,0,73,元大-四維,2024-01-30,9831
00753L,中信中國50正2,64,1,63,元大-四維,2024-01-30,9831
2888,新光金,63,0,63,元大-四維,2024-01-30,9831
5880,合庫金,63,1,62,元大-四維,2024-01-30,9831
2421,建準,68,30,38,元大-四維,2024-01-30,9831
00937B,群益ESG投等債20,37,0,37,元大-四維,2024-01-30,9831
00882,中信中國高股息,35,1,34,元大-四維,2024-01-30,9831
6205,詮欣,32,3,29,元大-四維,2024-01-30,9831
2356,英業達,49,22,27,元大-四維,2024-01-30,9831
2017,官田鋼,25,0,25,元大-四維,2024-01-30,9831
2409,友達,28,3,25,元大-四維,2024-01-30,9831
8110,華東,25,1,24,元大-四維,2024-01-30,9831
00680L,元大美債20正2,26,3,23,元大-四維,2024-01-30,9831
2329,華泰,48,25,23,元大-四維,2024-01-30,9831
2498,宏達電,24,2,22,元大-四維,2024-01-30,9831
3230,錦明,22,0,22,元大-四維,2024-01-30,9831
2618,長榮航,69,47,22,元大-四維,2024-01-30,9831
1210,大成,21,0,21,元大-四維,2024-01-30,9831
2838,聯邦銀,30,10,20,元大-四維,2024-01-30,9831
2609,陽明,43,24,19,元大-四維,2024-01-30,9831
8046,南電,19,1,18,元大-四維,2024-01-30,9831
2727,王品,19,1,18,元大-四維,2024-01-30,9831
2610,華航,18,0,18,元大-四維,2024-01-30,9831
00679B,元大美債20年,24,8,16,元大-四維,2024-01-30,9831
3324,雙鴻,34,18,16,元大-四維,2024-01-30,9831
2882,國泰金,19,4,15,元大-四維,2024-01-30,9831
3597,映興,19,4,15,元大-四維,2024-01-30,9831
2883,凱基金,16,1,15,元大-四維,2024-01-30,9831
00643,群益深証中小,15,0,15,元大-四維,2024-01-30,9831
2885,元大金,14,0,14,元大-四維,2024-01-30,9831
6147,頎邦,14,0,14,元大-四維,2024-01-30,9831
2308,台達電,13,0,13,元大-四維,2024-01-30,9831
6770,力積電,18,5,13,元大-四維,2024-01-30,9831
1605,華新,14,2,12,元大-四維,2024-01-30,9831
2353,宏��,51,39,12,元大-四維,2024-01-30,9831
2886,兆豐金,13,1,12,元大-四維,2024-01-30,9831
4543,萬在,22,10,12,元大-四維,2024-01-30,9831
5871,中租-KY,13,1,12,元大-四維,2024-01-30,9831
2324,仁寶,23,11,12,元大-四維,2024-01-30,9831
2884,玉山金,14,2,12,元大-四維,2024-01-30,9831
00929,復華台灣科技優息,18,6,12,元大-四維,2024-01-30,9831
6589,台康生技,11,0,11,元大-四維,2024-01-30,9831
3232,昱捷,11,0,11,元大-四維,2024-01-30,9831
6237,驊訊,11,0,11,元大-四維,2024-01-30,9831
4164,承業醫,11,0,11,元大-四維,2024-01-30,9831
00673R,期元大S＆P原油反1,124,0,124,元大-四維,2024-01-31,9831
9105,泰金寶-DR,111,0,111,元大-四維,2024-01-31,9831
00751B,元大AAA至A公司債,79,0,79,元大-四維,2024-01-31,9831
3712,永崴投控,80,2,78,元大-四維,2024-01-31,9831
2890,永豐金,171,93,78,元大-四維,2024-01-31,9831
00720B,元大投資級公司債,77,0,77,元大-四維,2024-01-31,9831
2419,仲琦,52,0,52,元大-四維,2024-01-31,9831
00937B,群益ESG投等債20,51,2,49,元大-四維,2024-01-31,9831
2303,聯電,58,13,45,元大-四維,2024-01-31,9831
3694,海華,50,8,42,元大-四維,2024-01-31,9831
0056,元大高股息,41,2,39,元大-四維,2024-01-31,9831
2883,凱基金,33,0,33,元大-四維,2024-01-31,9831
00795B,中信美國公債20年,32,0,32,元大-四維,2024-01-31,9831
2313,華通,36,5,31,元大-四維,2024-01-31,9831
00882,中信中國高股息,31,0,31,元大-四維,2024-01-31,9831
1609,大亞,33,2,31,元大-四維,2024-01-31,9831
3596,智易,32,2,30,元大-四維,2024-01-31,9831
2891,中信金,32,4,28,元大-四維,2024-01-31,9831
00753L,中信中國50正2,28,0,28,元大-四維,2024-01-31,9831
00712,復華富時不動產,25,0,25,元大-四維,2024-01-31,9831
2369,菱生,48,23,25,元大-四維,2024-01-31,9831
2329,華泰,49,24,25,元大-四維,2024-01-31,9831
2889,國票金,25,0,25,元大-四維,2024-01-31,9831
3025,星通,27,2,25,元大-四維,2024-01-31,9831
00650L,復華香港正2,25,0,25,元大-四維,2024-01-31,9831
8936,國統,56,31,25,元大-四維,2024-01-31,9831
2353,宏��,34,10,24,元大-四維,2024-01-31,9831
3231,緯創,57,35,22,元大-四維,2024-01-31,9831
00679B,元大美債20年,37,15,22,元大-四維,2024-01-31,9831
2356,英業達,44,22,22,元大-四維,2024-01-31,9831
00933B,國泰10Y+金融債,21,0,21,元大-四維,2024-01-31,9831
00881,國泰台灣5G+,25,5,20,元大-四維,2024-01-31,9831
2421,建準,24,6,18,元大-四維,2024-01-31,9831
6143,振曜,18,0,18,元大-四維,2024-01-31,9831
2609,陽明,22,4,18,元大-四維,2024-01-31,9831
5521,工信,20,3,17,元大-四維,2024-01-31,9831
3035,智原,15,0,15,元大-四維,2024-01-31,9831
6205,詮欣,15,0,15,元大-四維,2024-01-31,9831
8096,擎亞,32,17,15,元大-四維,2024-01-31,9831
6187,萬潤,18,4,14,元大-四維,2024-01-31,9831
1309,台達化,13,0,13,元大-四維,2024-01-31,9831
00830,國泰費城半導體,13,0,13,元大-四維,2024-01-31,9831
2330,台積電,16,3,13,元大-四維,2024-01-31,9831
2308,台達電,12,0,12,元大-四維,2024-01-31,9831
6257,矽格,15,3,12,元大-四維,2024-01-31,9831
2344,華邦電,11,0,11,元大-四維,2024-01-31,9831
2382,廣達,23,12,11,元大-四維,2024-01-31,9831
2461,光群雷,11,0,11,元大-四維,2024-01-31,9831
8996,高力,11,0,11,元大-四維,2024-01-31,9831
6285,啟��,22,12,10,元大-四維,2024-01-31,9831
2618,長榮航,416,38,378,元大-四維,2024-02-01,9831
2812,台中銀,320,174,146,元大-四維,2024-02-01,9831
00715L,期街口布蘭特正2,134,0,134,元大-四維,2024-02-01,9831
00915,凱基優選高股息30,114,0,114,元大-四維,2024-02-01,9831
3231,緯創,97,13,84,元大-四維,2024-02-01,9831
00712,復華富時不動產,83,0,83,元大-四維,2024-02-01,9831
2409,友達,74,10,64,元大-四維,2024-02-01,9831
3530,晶相光,64,6,58,元大-四維,2024-02-01,9831
00937B,群益ESG投等債20,61,5,56,元大-四維,2024-02-01,9831
2303,聯電,55,11,44,元大-四維,2024-02-01,9831
4543,萬在,41,0,41,元大-四維,2024-02-01,9831
00720B,元大投資級公司債,40,1,39,元大-四維,2024-02-01,9831
00919,群益台灣精選高息,73,38,35,元大-四維,2024-02-01,9831
3481,群創,69,36,33,元大-四維,2024-02-01,9831
00878,國泰永續高股息,36,4,32,元大-四維,2024-02-01,9831
00929,復華台灣科技優息,35,4,31,元大-四維,2024-02-01,9831
5426,振發,37,7,30,元大-四維,2024-02-01,9831
1732,毛寶,29,0,29,元大-四維,2024-02-01,9831
3033,威健,56,29,27,元大-四維,2024-02-01,9831
9919,康那香,55,29,26,元大-四維,2024-02-01,9831
5234,達興材料,25,0,25,元大-四維,2024-02-01,9831
00927,群益半導體收益,22,0,22,元大-四維,2024-02-01,9831
3437,榮創,21,0,21,元大-四維,2024-02-01,9831
3543,州巧,20,0,20,元大-四維,2024-02-01,9831
2349,錸德,20,0,20,元大-四維,2024-02-01,9831
8072,陞泰,19,0,19,元大-四維,2024-02-01,9831
8112,至上,21,3,18,元大-四維,2024-02-01,9831
1316,上曜,16,0,16,元大-四維,2024-02-01,9831
8064,東捷,17,1,16,元大-四維,2024-02-01,9831
4968,立積,19,4,15,元大-四維,2024-02-01,9831
6205,詮欣,15,0,15,元大-四維,2024-02-01,9831
2330,台積電,19,5,14,元大-四維,2024-02-01,9831
4909,新復興,27,13,14,元大-四維,2024-02-01,9831
2382,廣達,22,9,13,元大-四維,2024-02-01,9831
00881,國泰台灣5G+,14,1,13,元大-四維,2024-02-01,9831
3712,永崴投控,14,2,12,元大-四維,2024-02-01,9831
2454,聯發科,18,6,12,元大-四維,2024-02-01,9831
2890,永豐金,13,1,12,元大-四維,2024-02-01,9831
6125,廣運,12,1,11,元大-四維,2024-02-01,9831
3694,海華,45,34,11,元大-四維,2024-02-01,9831
6143,振曜,11,0,11,元大-四維,2024-02-01,9831
3622,洋華,14,3,11,元大-四維,2024-02-01,9831
2476,鉅祥,12,1,11,元大-四維,2024-02-01,9831
8210,勤誠,22,11,11,元大-四維,2024-02-01,9831
2888,新光金,15,4,11,元大-四維,2024-02-01,9831
8936,國統,83,73,10,元大-四維,2024-02-01,9831
3673,TPK-KY,10,0,10,元大-四維,2024-02-01,9831
2014,中鴻,10,0,10,元大-四維,2024-02-01,9831
3260,威剛,11,1,10,元大-四維,2024-02-01,9831
6217,中探針,10,0,10,元大-四維,2024-02-01,9831
2618,長榮航,428,13,415,元大-四維,2024-02-02,9831
4906,正文,278,7,271,元大-四維,2024-02-02,9831
00687B,國泰20年美債,252,7,245,元大-四維,2024-02-02,9831
00715L,期街口布蘭特正2,190,12,178,元大-四維,2024-02-02,9831
00751B,元大AAA至A公司債,127,6,121,元大-四維,2024-02-02,9831
00637L,元大滬深300正2,122,25,97,元大-四維,2024-02-02,9831
2603,長榮,78,1,77,元大-四維,2024-02-02,9831
2313,華通,83,10,73,元大-四維,2024-02-02,9831
3481,群創,79,8,71,元大-四維,2024-02-02,9831
2303,聯電,75,6,69,元大-四維,2024-02-02,9831
2891,中信金,67,4,63,元大-四維,2024-02-02,9831
4303,信立,70,10,60,元大-四維,2024-02-02,9831
2002,中鋼,54,0,54,元大-四維,2024-02-02,9831
2379,瑞昱,52,2,50,元大-四維,2024-02-02,9831
2368,金像電,65,18,47,元大-四維,2024-02-02,9831
1616,億泰,45,0,45,元大-四維,2024-02-02,9831
00929,復華台灣科技優息,96,52,44,元大-四維,2024-02-02,9831
2609,陽明,49,7,42,元大-四維,2024-02-02,9831
00712,復華富時不動產,40,0,40,元大-四維,2024-02-02,9831
2363,矽統,52,12,40,元大-四維,2024-02-02,9831
2812,台中銀,61,21,40,元大-四維,2024-02-02,9831
00915,凱基優選高股息30,34,1,33,元大-四維,2024-02-02,9831
00937B,群益ESG投等債20,63,30,33,元大-四維,2024-02-02,9831
2353,宏��,81,48,33,元大-四維,2024-02-02,9831
2329,華泰,64,32,32,元大-四維,2024-02-02,9831
2442,新美齊,31,0,31,元大-四維,2024-02-02,9831
4908,前鼎,33,2,31,元大-四維,2024-02-02,9831
00933B,國泰10Y+金融債,24,0,24,元大-四維,2024-02-02,9831
1609,大亞,28,5,23,元大-四維,2024-02-02,9831
1795,美時,23,0,23,元大-四維,2024-02-02,9831
6147,頎邦,22,0,22,元大-四維,2024-02-02,9831
3711,日月光投控,21,0,21,元大-四維,2024-02-02,9831
00919,群益台灣精選高息,24,3,21,元大-四維,2024-02-02,9831
3545,敦泰,31,12,19,元大-四維,2024-02-02,9831
2615,萬海,21,3,18,元大-四維,2024-02-02,9831
2486,一詮,26,8,18,元大-四維,2024-02-02,9831
2367,燿華,23,5,18,元大-四維,2024-02-02,9831
6770,力積電,24,6,18,元大-四維,2024-02-02,9831
00642U,期元大S＆P石油,19,2,17,元大-四維,2024-02-02,9831
00720B,元大投資級公司債,18,1,17,元大-四維,2024-02-02,9831
2369,菱生,28,12,16,元大-四維,2024-02-02,9831
2324,仁寶,19,3,16,元大-四維,2024-02-02,9831
8096,擎亞,30,15,15,元大-四維,2024-02-02,9831
3019,亞光,15,0,15,元大-四維,2024-02-02,9831
6821,聯寶,15,0,15,元大-四維,2024-02-02,9831
1514,亞力,16,1,15,元大-四維,2024-02-02,9831
3576,聯合再生,15,0,15,元大-四維,2024-02-02,9831
2634,漢翔,74,59,15,元大-四維,2024-02-02,9831
8064,東捷,17,3,14,元大-四維,2024-02-02,9831
6645,金萬林-創,14,0,14,元大-四維,2024-02-02,9831
3622,洋華,321,5,316,元大-四維,2024-02-05,9831
6425,易發,205,7,198,元大-四維,2024-02-05,9831
00679B,元大美債20年,198,0,198,元大-四維,2024-02-05,9831
00929,復華台灣科技優息,159,12,147,元大-四維,2024-02-05,9831
2356,英業達,159,34,125,元大-四維,2024-02-05,9831
2890,永豐金,101,1,100,元大-四維,2024-02-05,9831
00720B,元大投資級公司債,92,3,89,元大-四維,2024-02-05,9831
1528,恩德,92,26,66,元大-四維,2024-02-05,9831
00712,復華富時不動產,67,3,64,元大-四維,2024-02-05,9831
2377,微星,52,0,52,元大-四維,2024-02-05,9831
00937B,群益ESG投等債20,70,20,50,元大-四維,2024-02-05,9831
00919,群益台灣精選高息,53,7,46,元大-四維,2024-02-05,9831
00687B,國泰20年美債,46,1,45,元大-四維,2024-02-05,9831
8040,九暘,41,1,40,元大-四維,2024-02-05,9831
2353,宏��,61,21,40,元大-四維,2024-02-05,9831
3437,榮創,41,2,39,元大-四維,2024-02-05,9831
5512,力麒,40,4,36,元大-四維,2024-02-05,9831
00857B,永豐20年美公債,40,5,35,元大-四維,2024-02-05,9831
3443,創意,39,5,34,元大-四維,2024-02-05,9831
00751B,元大AAA至A公司債,43,10,33,元大-四維,2024-02-05,9831
00927,群益半導體收益,30,0,30,元大-四維,2024-02-05,9831
2329,華泰,61,32,29,元大-四維,2024-02-05,9831
2208,台船,41,15,26,元大-四維,2024-02-05,9831
1101,台泥,26,0,26,元大-四維,2024-02-05,9831
2888,新光金,30,4,26,元大-四維,2024-02-05,9831
00688L,國泰20年美債正2,26,0,26,元大-四維,2024-02-05,9831
00772B,中信高評級公司債,37,15,22,元大-四維,2024-02-05,9831
8034,榮群,22,1,21,元大-四維,2024-02-05,9831
1616,億泰,41,20,21,元大-四維,2024-02-05,9831
2421,建準,59,39,20,元大-四維,2024-02-05,9831
2458,義隆,20,0,20,元大-四維,2024-02-05,9831
2002,中鋼,22,2,20,元大-四維,2024-02-05,9831
2303,聯電,38,19,19,元大-四維,2024-02-05,9831
3380,明泰,21,2,19,元大-四維,2024-02-05,9831
00715L,期街口布蘭特正2,100,81,19,元大-四維,2024-02-05,9831
3530,晶相光,21,2,19,元大-四維,2024-02-05,9831
2382,廣達,42,24,18,元大-四維,2024-02-05,9831
5880,合庫金,37,19,18,元大-四維,2024-02-05,9831
00680L,元大美債20正2,17,0,17,元大-四維,2024-02-05,9831
2498,宏達電,18,1,17,元大-四維,2024-02-05,9831
00882,中信中國高股息,17,0,17,元大-四維,2024-02-05,9831
2027,大成鋼,17,0,17,元大-四維,2024-02-05,9831
00706L,期元大S＆P日圓正2,16,0,16,元大-四維,2024-02-05,9831
00933B,國泰10Y+金融債,16,0,16,元大-四維,2024-02-05,9831
6179,亞通,16,0,16,元大-四維,2024-02-05,9831
00931B,統一美債20年,13,0,13,元大-四維,2024-02-05,9831
3665,貿聯-KY,12,0,12,元大-四維,2024-02-05,9831
4968,立積,17,5,12,元大-四維,2024-02-05,9831
1316,上曜,12,0,12,元大-四維,2024-02-05,9831
2390,云辰,13,1,12,元大-四維,2024-02-05,9831
00937B,群益ESG投等債20,426,0,426,元大-四維,2024-02-15,9831
00632R,元大台灣50反1,573,216,357,元大-四維,2024-02-15,9831
00679B,元大美債20年,293,31,262,元大-四維,2024-02-15,9831
2618,長榮航,247,5,242,元大-四維,2024-02-15,9831
3481,群創,236,43,193,元大-四維,2024-02-15,9831
00687B,國泰20年美債,174,1,173,元大-四維,2024-02-15,9831
6109,亞元,113,0,113,元大-四維,2024-02-15,9831
00720B,元大投資級公司債,99,0,99,元大-四維,2024-02-15,9831
00673R,期元大S＆P原油反1,96,0,96,元大-四維,2024-02-15,9831
00751B,元大AAA至A公司債,89,0,89,元大-四維,2024-02-15,9831
00712,復華富時不動產,89,6,83,元大-四維,2024-02-15,9831
6425,易發,80,3,77,元大-四維,2024-02-15,9831
00680L,元大美債20正2,71,0,71,元大-四維,2024-02-15,9831
2511,太子,72,4,68,元大-四維,2024-02-15,9831
2838,聯邦銀,65,0,65,元大-四維,2024-02-15,9831
2313,華通,114,55,59,元大-四維,2024-02-15,9831
2603,長榮,72,21,51,元大-四維,2024-02-15,9831
00933B,國泰10Y+金融債,49,0,49,元大-四維,2024-02-15,9831
00931B,統一美債20年,46,1,45,元大-四維,2024-02-15,9831
00882,中信中國高股息,68,29,39,元大-四維,2024-02-15,9831
6213,聯茂,41,2,39,元大-四維,2024-02-15,9831
2324,仁寶,61,23,38,元大-四維,2024-02-15,9831
5210,寶碩,41,3,38,元大-四維,2024-02-15,9831
2610,華航,36,3,33,元大-四維,2024-02-15,9831
3712,永崴投控,33,0,33,元大-四維,2024-02-15,9831
3167,大量,31,0,31,元大-四維,2024-02-15,9831
2006,東和鋼鐵,100,70,30,元大-四維,2024-02-15,9831
3234,光環,30,1,29,元大-四維,2024-02-15,9831
3622,洋華,31,2,29,元大-四維,2024-02-15,9831
2002,中鋼,41,12,29,元大-四維,2024-02-15,9831
8070,長華*,45,17,28,元大-四維,2024-02-15,9831
2301,光寶科,35,9,26,元大-四維,2024-02-15,9831
1904,正隆,22,0,22,元大-四維,2024-02-15,9831
3218,大學光,22,0,22,元大-四維,2024-02-15,9831
9945,潤泰新,22,0,22,元大-四維,2024-02-15,9831
6547,高端疫苗,31,9,22,元大-四維,2024-02-15,9831
6214,精誠,21,0,21,元大-四維,2024-02-15,9831
6187,萬潤,22,2,20,元大-四維,2024-02-15,9831
1909,榮成,20,0,20,元大-四維,2024-02-15,9831
2344,華邦電,20,2,18,元大-四維,2024-02-15,9831
2408,南亞科,19,1,18,元大-四維,2024-02-15,9831
3545,敦泰,18,1,17,元大-四維,2024-02-15,9831
5880,合庫金,21,6,15,元大-四維,2024-02-15,9831
00706L,期元大S＆P日圓正2,21,6,15,元大-四維,2024-02-15,9831
2367,燿華,15,0,15,元大-四維,2024-02-15,9831
3516,亞帝歐,15,0,15,元大-四維,2024-02-15,9831
00857B,永豐20年美公債,14,0,14,元大-四維,2024-02-15,9831
3230,錦明,14,0,14,元大-四維,2024-02-15,9831
5340,建榮,15,1,14,元大-四維,2024-02-15,9831
1504,東元,15,1,14,元大-四維,2024-02-15,9831
2888,新光金,177,4,173,元大-四維,2024-02-16,9831
6120,達運,175,4,171,元大-四維,2024-02-16,9831
00937B,群益ESG投等債20,163,12,151,元大-四維,2024-02-16,9831
4402,郡都開發,138,0,138,元大-四維,2024-02-16,9831
1514,亞力,109,23,86,元大-四維,2024-02-16,9831
00712,復華富時不動產,86,2,84,元大-四維,2024-02-16,9831
00679B,元大美債20年,82,2,80,元大-四維,2024-02-16,9831
00933B,國泰10Y+金融債,77,7,70,元大-四維,2024-02-16,9831
3231,緯創,106,42,64,元大-四維,2024-02-16,9831
00687B,國泰20年美債,66,3,63,元大-四維,2024-02-16,9831
2382,廣達,80,17,63,元大-四維,2024-02-16,9831
2417,圓剛,67,5,62,元大-四維,2024-02-16,9831
00919,群益台灣精選高息,122,61,61,元大-四維,2024-02-16,9831
6109,亞元,60,0,60,元大-四維,2024-02-16,9831
2303,聯電,63,9,54,元大-四維,2024-02-16,9831
00688L,國泰20年美債正2,56,3,53,元大-四維,2024-02-16,9831
1815,富喬,55,9,46,元大-四維,2024-02-16,9831
6425,易發,44,0,44,元大-四維,2024-02-16,9831
1536,和大,38,0,38,元大-四維,2024-02-16,9831
3376,新日興,41,4,37,元大-四維,2024-02-16,9831
00680L,元大美債20正2,35,0,35,元大-四維,2024-02-16,9831
00795B,中信美國公債20年,35,0,35,元大-四維,2024-02-16,9831
4162,智擎,34,1,33,元大-四維,2024-02-16,9831
00720B,元大投資級公司債,32,0,32,元大-四維,2024-02-16,9831
9906,欣巴巴,109,78,31,元大-四維,2024-02-16,9831
4532,瑞智,31,1,30,元大-四維,2024-02-16,9831
1101,台泥,31,2,29,元大-四維,2024-02-16,9831
2515,中工,29,0,29,元大-四維,2024-02-16,9831
00751B,元大AAA至A公司債,29,1,28,元大-四維,2024-02-16,9831
6530,創威,31,3,28,元大-四維,2024-02-16,9831
2106,建大,25,0,25,元大-四維,2024-02-16,9831
2408,南亞科,28,4,24,元大-四維,2024-02-16,9831
3038,全台,41,17,24,元大-四維,2024-02-16,9831
2327,國巨,25,1,24,元大-四維,2024-02-16,9831
00673R,期元大S＆P原油反1,63,40,23,元大-四維,2024-02-16,9831
3260,威剛,22,0,22,元大-四維,2024-02-16,9831
6139,亞翔,24,4,20,元大-四維,2024-02-16,9831
6143,振曜,20,0,20,元大-四維,2024-02-16,9831
00881,國泰台灣5G+,20,1,19,元大-四維,2024-02-16,9831
3027,盛達,21,2,19,元大-四維,2024-02-16,9831
2915,潤泰全,20,1,19,元大-四維,2024-02-16,9831
8210,勤誠,29,10,19,元大-四維,2024-02-16,9831
8215,明基材,19,1,18,元大-四維,2024-02-16,9831
2480,敦陽科,20,2,18,元大-四維,2024-02-16,9831
00931B,統一美債20年,17,0,17,元大-四維,2024-02-16,9831
2317,鴻海,20,4,16,元大-四維,2024-02-16,9831
2364,倫飛,16,0,16,元大-四維,2024-02-16,9831
6112,邁達特,18,2,16,元大-四維,2024-02-16,9831
6274,台燿,21,7,14,元大-四維,2024-02-16,9831
1521,大億,14,0,14,元大-四維,2024-02-16,9831
3049,精金,668,22,646,元大-四維,2024-02-19,9831
2353,宏��,568,113,455,元大-四維,2024-02-19,9831
00937B,群益ESG投等債20,218,1,217,元大-四維,2024-02-19,9831
00753L,中信中國50正2,161,0,161,元大-四維,2024-02-19,9831
00650L,復華香港正2,151,0,151,元大-四維,2024-02-19,9831
1513,中興電,123,15,108,元大-四維,2024-02-19,9831
1514,亞力,121,29,92,元大-四維,2024-02-19,9831
2356,英業達,103,12,91,元大-四維,2024-02-19,9831
8111,立��,80,0,80,元大-四維,2024-02-19,9831
00933B,國泰10Y+金融債,76,0,76,元大-四維,2024-02-19,9831
3363,上詮,86,15,71,元大-四維,2024-02-19,9831
00665L,富邦�琤肭磪囓�2,60,0,60,元大-四維,2024-02-19,9831
3231,緯創,76,17,59,元大-四維,2024-02-19,9831
00687B,國泰20年美債,54,0,54,元大-四維,2024-02-19,9831
00679B,元大美債20年,54,2,52,元大-四維,2024-02-19,9831
00637L,元大滬深300正2,74,27,47,元大-四維,2024-02-19,9831
8996,高力,47,2,45,元大-四維,2024-02-19,9831
2488,漢平,40,0,40,元大-四維,2024-02-19,9831
6275,元山,54,14,40,元大-四維,2024-02-19,9831
3010,華立,40,0,40,元大-四維,2024-02-19,9831
2409,友達,53,14,39,元大-四維,2024-02-19,9831
6191,精成科,41,3,38,元大-四維,2024-02-19,9831
2382,廣達,48,12,36,元大-四維,2024-02-19,9831
6213,聯茂,38,6,32,元大-四維,2024-02-19,9831
3027,盛達,30,0,30,元大-四維,2024-02-19,9831
2329,華泰,85,58,27,元大-四維,2024-02-19,9831
3014,聯陽,42,15,27,元大-四維,2024-02-19,9831
1815,富喬,37,10,27,元大-四維,2024-02-19,9831
00751B,元大AAA至A公司債,28,2,26,元大-四維,2024-02-19,9831
8358,金居,37,11,26,元大-四維,2024-02-19,9831
2888,新光金,26,0,26,元大-四維,2024-02-19,9831
6288,聯嘉,29,5,24,元大-四維,2024-02-19,9831
8064,東捷,44,21,23,元大-四維,2024-02-19,9831
3706,神達,238,216,22,元大-四維,2024-02-19,9831
6161,捷波,30,9,21,元大-四維,2024-02-19,9831
2515,中工,50,29,21,元大-四維,2024-02-19,9831
8435,鉅邁,23,3,20,元大-四維,2024-02-19,9831
4303,信立,27,7,20,元大-四維,2024-02-19,9831
6207,雷科,20,0,20,元大-四維,2024-02-19,9831
3265,台星科,21,2,19,元大-四維,2024-02-19,9831
9103,美德醫療-DR,20,1,19,元大-四維,2024-02-19,9831
2368,金像電,23,4,19,元大-四維,2024-02-19,9831
00680L,元大美債20正2,19,0,19,元大-四維,2024-02-19,9831
00720B,元大投資級公司債,18,0,18,元大-四維,2024-02-19,9831
2431,聯昌,21,3,18,元大-四維,2024-02-19,9831
00892,富邦台灣半導體,20,2,18,元大-四維,2024-02-19,9831
00878,國泰永續高股息,70,53,17,元大-四維,2024-02-19,9831
2365,昆盈,127,110,17,元大-四維,2024-02-19,9831
4909,新復興,33,17,16,元大-四維,2024-02-19,9831
2303,聯電,26,10,16,元大-四維,2024-02-19,9831
3049,精金,200,0,200,元大-四維,2024-02-20,9831
00680L,元大美債20正2,144,0,144,元大-四維,2024-02-20,9831
00937B,群益ESG投等債20,116,0,116,元大-四維,2024-02-20,9831
8110,華東,128,14,114,元大-四維,2024-02-20,9831
00679B,元大美債20年,88,6,82,元大-四維,2024-02-20,9831
3481,群創,81,5,76,元大-四維,2024-02-20,9831
2489,瑞軒,104,30,74,元大-四維,2024-02-20,9831
00933B,國泰10Y+金融債,70,0,70,元大-四維,2024-02-20,9831
4714,永捷,100,32,68,元大-四維,2024-02-20,9831
00687B,國泰20年美債,64,0,64,元大-四維,2024-02-20,9831
3231,緯創,106,45,61,元大-四維,2024-02-20,9831
5009,榮剛,56,1,55,元大-四維,2024-02-20,9831
3230,錦明,52,0,52,元大-四維,2024-02-20,9831
8435,鉅邁,50,1,49,元大-四維,2024-02-20,9831
6126,信音,57,12,45,元大-四維,2024-02-20,9831
00636,國泰中國A50,40,0,40,元大-四維,2024-02-20,9831
9105,泰金寶-DR,42,2,40,元大-四維,2024-02-20,9831
2367,燿華,48,13,35,元大-四維,2024-02-20,9831
00878,國泰永續高股息,73,38,35,元大-四維,2024-02-20,9831
1303,南亞,33,1,32,元大-四維,2024-02-20,9831
00637L,元大滬深300正2,39,9,30,元大-四維,2024-02-20,9831
6770,力積電,28,0,28,元大-四維,2024-02-20,9831
5521,工信,31,4,27,元大-四維,2024-02-20,9831
2329,華泰,61,35,26,元大-四維,2024-02-20,9831
1101,台泥,26,1,25,元大-四維,2024-02-20,9831
00665L,富邦�琤肭磪囓�2,25,0,25,元大-四維,2024-02-20,9831
3010,華立,24,0,24,元大-四維,2024-02-20,9831
8210,勤誠,34,10,24,元大-四維,2024-02-20,9831
6213,聯茂,22,0,22,元大-四維,2024-02-20,9831
2332,友訊,30,8,22,元大-四維,2024-02-20,9831
3607,谷崧,26,5,21,元大-四維,2024-02-20,9831
3362,先進光,25,4,21,元大-四維,2024-02-20,9831
2618,長榮航,24,3,21,元大-四維,2024-02-20,9831
3264,欣銓,22,2,20,元大-四維,2024-02-20,9831
1521,大億,20,0,20,元大-四維,2024-02-20,9831
6425,易發,25,6,19,元大-四維,2024-02-20,9831
9945,潤泰新,19,0,19,元大-四維,2024-02-20,9831
2867,三商壽,18,0,18,元大-四維,2024-02-20,9831
2405,輔信,64,46,18,元大-四維,2024-02-20,9831
2023,燁輝,21,4,17,元大-四維,2024-02-20,9831
2457,飛宏,24,7,17,元大-四維,2024-02-20,9831
2421,建準,33,17,16,元大-四維,2024-02-20,9831
6179,亞通,17,1,16,元大-四維,2024-02-20,9831
00712,復華富時不動產,15,0,15,元大-四維,2024-02-20,9831
4556,旭然,18,3,15,元大-四維,2024-02-20,9831
3715,定穎投控,14,0,14,元大-四維,2024-02-20,9831
1103,嘉泥,14,0,14,元大-四維,2024-02-20,9831
2208,台船,36,23,13,元大-四維,2024-02-20,9831
6435,大中,14,1,13,元大-四維,2024-02-20,9831
5443,均豪,17,4,13,元大-四維,2024-02-20,9831
00937B,群益ESG投等債20,217,0,217,元大-四維,2024-02-21,9831
00878,國泰永續高股息,186,16,170,元大-四維,2024-02-21,9831
2312,金寶,171,5,166,元大-四維,2024-02-21,9831
2353,宏��,141,24,117,元大-四維,2024-02-21,9831
00933B,國泰10Y+金融債,117,0,117,元大-四維,2024-02-21,9831
5347,世界,114,2,112,元大-四維,2024-02-21,9831
2885,元大金,104,1,103,元大-四維,2024-02-21,9831
3231,緯創,99,16,83,元大-四維,2024-02-21,9831
00712,復華富時不動產,69,0,69,元大-四維,2024-02-21,9831
00706L,期元大S＆P日圓正2,59,0,59,元大-四維,2024-02-21,9831
5533,皇鼎,55,0,55,元大-四維,2024-02-21,9831
00715L,期街口布蘭特正2,53,0,53,元大-四維,2024-02-21,9831
3481,群創,175,124,51,元大-四維,2024-02-21,9831
3006,晶豪科,51,3,48,元大-四維,2024-02-21,9831
00688L,國泰20年美債正2,47,1,46,元大-四維,2024-02-21,9831
2301,光寶科,45,0,45,元大-四維,2024-02-21,9831
2609,陽明,96,52,44,元大-四維,2024-02-21,9831
2303,聯電,39,2,37,元大-四維,2024-02-21,9831
1815,富喬,35,1,34,元大-四維,2024-02-21,9831
00679B,元大美債20年,34,0,34,元大-四維,2024-02-21,9831
6189,豐藝,40,8,32,元大-四維,2024-02-21,9831
3047,訊舟,552,525,27,元大-四維,2024-02-21,9831
4303,信立,25,0,25,元大-四維,2024-02-21,9831
6233,旺玖,57,33,24,元大-四維,2024-02-21,9831
3035,智原,30,8,22,元大-四維,2024-02-21,9831
2382,廣達,29,7,22,元大-四維,2024-02-21,9831
00885,富邦越南,22,1,21,元大-四維,2024-02-21,9831
00687B,國泰20年美債,21,0,21,元大-四維,2024-02-21,9831
3213,茂訊,20,0,20,元大-四維,2024-02-21,9831
8935,邦泰,20,0,20,元大-四維,2024-02-21,9831
3605,宏致,24,4,20,元大-四維,2024-02-21,9831
3443,創意,24,5,19,元大-四維,2024-02-21,9831
6578,達邦蛋白,20,1,19,元大-四維,2024-02-21,9831
3694,海華,33,15,18,元大-四維,2024-02-21,9831
3056,富華新,17,0,17,元大-四維,2024-02-21,9831
2612,中航,17,0,17,元大-四維,2024-02-21,9831
00877,復華中國5G,16,0,16,元大-四維,2024-02-21,9831
8059,凱碩,26,10,16,元大-四維,2024-02-21,9831
2014,中鴻,18,3,15,元大-四維,2024-02-21,9831
4953,緯軟,15,0,15,元大-四維,2024-02-21,9831
5381,合正,22,7,15,元大-四維,2024-02-21,9831
2838,聯邦銀,25,10,15,元大-四維,2024-02-21,9831
00661,元大日經225,15,0,15,元大-四維,2024-02-21,9831
6152,百一,20,6,14,元大-四維,2024-02-21,9831
6282,康舒,135,121,14,元大-四維,2024-02-21,9831
2401,凌陽,16,2,14,元大-四維,2024-02-21,9831
2617,台航,20,6,14,元大-四維,2024-02-21,9831
8936,國統,23,9,14,元大-四維,2024-02-21,9831
3437,榮創,15,1,14,元大-四維,2024-02-21,9831
2882,國泰金,13,0,13,元大-四維,2024-02-21,9831
00632R,元大台灣50反1,216,1,215,元大-四維,2024-02-22,9831
8936,國統,216,33,183,元大-四維,2024-02-22,9831
00637L,元大滬深300正2,179,29,150,元大-四維,2024-02-22,9831
2618,長榮航,143,8,135,元大-四維,2024-02-22,9831
3231,緯創,190,65,125,元大-四維,2024-02-22,9831
00937B,群益ESG投等債20,93,11,82,元大-四維,2024-02-22,9831
6205,詮欣,74,2,72,元大-四維,2024-02-22,9831
3481,群創,95,27,68,元大-四維,2024-02-22,9831
00679B,元大美債20年,68,0,68,元大-四維,2024-02-22,9831
6233,旺玖,143,76,67,元大-四維,2024-02-22,9831
9105,泰金寶-DR,66,4,62,元大-四維,2024-02-22,9831
2356,英業達,90,29,61,元大-四維,2024-02-22,9831
3031,佰鴻,53,0,53,元大-四維,2024-02-22,9831
00665L,富邦�琤肭磪囓�2,50,0,50,元大-四維,2024-02-22,9831
3479,安勤,55,6,49,元大-四維,2024-02-22,9831
3027,盛達,40,0,40,元大-四維,2024-02-22,9831
00639,富邦深100,40,0,40,元大-四維,2024-02-22,9831
2329,華泰,151,112,39,元大-四維,2024-02-22,9831
6126,信音,47,8,39,元大-四維,2024-02-22,9831
2489,瑞軒,63,26,37,元大-四維,2024-02-22,9831
1524,耿鼎,51,16,35,元大-四維,2024-02-22,9831
6770,力積電,34,1,33,元大-四維,2024-02-22,9831
00680L,元大美債20正2,33,0,33,元大-四維,2024-02-22,9831
3042,晶技,32,0,32,元大-四維,2024-02-22,9831
1773,勝一,31,0,31,元大-四維,2024-02-22,9831
00673R,期元大S＆P原油反1,31,0,31,元大-四維,2024-02-22,9831
3605,宏致,30,1,29,元大-四維,2024-02-22,9831
3041,揚智,66,38,28,元大-四維,2024-02-22,9831
5381,合正,34,6,28,元大-四維,2024-02-22,9831
2883,凱基金,38,12,26,元大-四維,2024-02-22,9831
8403,盛弘,25,0,25,元大-四維,2024-02-22,9831
8473,山林水,36,12,24,元大-四維,2024-02-22,9831
00933B,國泰10Y+金融債,23,0,23,元大-四維,2024-02-22,9831
3663,鑫科,32,9,23,元大-四維,2024-02-22,9831
4909,新復興,39,17,22,元大-四維,2024-02-22,9831
2405,輔信,34,12,22,元大-四維,2024-02-22,9831
00929,復華台灣科技優息,148,127,21,元大-四維,2024-02-22,9831
6538,倉和,20,0,20,元大-四維,2024-02-22,9831
2535,達欣工,20,0,20,元大-四維,2024-02-22,9831
2457,飛宏,21,1,20,元大-四維,2024-02-22,9831
5880,合庫金,22,3,19,元大-四維,2024-02-22,9831
6530,創威,24,5,19,元大-四維,2024-02-22,9831
4109,加捷生醫,18,0,18,元大-四維,2024-02-22,9831
2606,裕民,17,0,17,元大-四維,2024-02-22,9831
5426,振發,18,1,17,元大-四維,2024-02-22,9831
2515,中工,16,0,16,元大-四維,2024-02-22,9831
00931B,統一美債20年,16,0,16,元大-四維,2024-02-22,9831
1303,南亞,16,1,15,元大-四維,2024-02-22,9831
2353,宏��,66,51,15,元大-四維,2024-02-22,9831
1603,華電,15,0,15,元大-四維,2024-02-22,9831
2303,聯電,178,2,176,元大-四維,2024-02-23,9831
2329,華泰,306,135,171,元大-四維,2024-02-23,9831
2812,台中銀,150,0,150,元大-四維,2024-02-23,9831
00937B,群益ESG投等債20,162,32,130,元大-四維,2024-02-23,9831
1605,華新,102,0,102,元大-四維,2024-02-23,9831
3231,緯創,137,49,88,元大-四維,2024-02-23,9831
1513,中興電,117,56,61,元大-四維,2024-02-23,9831
2014,中鴻,62,3,59,元大-四維,2024-02-23,9831
2618,長榮航,85,27,58,元大-四維,2024-02-23,9831
5210,寶碩,51,0,51,元大-四維,2024-02-23,9831
00665L,富邦�琤肭磪囓�2,85,36,49,元大-四維,2024-02-23,9831
00878,國泰永續高股息,118,71,47,元大-四維,2024-02-23,9831
1536,和大,63,16,47,元大-四維,2024-02-23,9831
3363,上詮,73,31,42,元大-四維,2024-02-23,9831
1815,富喬,68,28,40,元大-四維,2024-02-23,9831
00885,富邦越南,40,0,40,元大-四維,2024-02-23,9831
2515,中工,40,1,39,元大-四維,2024-02-23,9831
2885,元大金,41,2,39,元大-四維,2024-02-23,9831
2382,廣達,64,26,38,元大-四維,2024-02-23,9831
2356,英業達,60,25,35,元大-四維,2024-02-23,9831
2882,國泰金,44,10,34,元大-四維,2024-02-23,9831
6282,康舒,37,4,33,元大-四維,2024-02-23,9831
9945,潤泰新,36,7,29,元大-四維,2024-02-23,9831
8096,擎亞,51,22,29,元大-四維,2024-02-23,9831
00933B,國泰10Y+金融債,44,15,29,元大-四維,2024-02-23,9831
5426,振發,43,14,29,元大-四維,2024-02-23,9831
00893,國泰智能電動車,50,22,28,元大-四維,2024-02-23,9831
1303,南亞,27,0,27,元大-四維,2024-02-23,9831
00712,復華富時不動產,25,0,25,元大-四維,2024-02-23,9831
6530,創威,47,22,25,元大-四維,2024-02-23,9831
1234,黑松,24,0,24,元大-四維,2024-02-23,9831
9103,美德醫療-DR,22,0,22,元大-四維,2024-02-23,9831
6233,旺玖,54,32,22,元大-四維,2024-02-23,9831
4402,郡都開發,28,7,21,元大-四維,2024-02-23,9831
5533,皇鼎,21,0,21,元大-四維,2024-02-23,9831
2609,陽明,47,27,20,元大-四維,2024-02-23,9831
00935,野村臺灣新科技50,21,1,20,元大-四維,2024-02-23,9831
00639,富邦深100,20,0,20,元大-四維,2024-02-23,9831
2349,錸德,20,0,20,元大-四維,2024-02-23,9831
3605,宏致,24,4,20,元大-四維,2024-02-23,9831
3376,新日興,21,1,20,元大-四維,2024-02-23,9831
1589,永冠-KY,19,0,19,元大-四維,2024-02-23,9831
2409,友達,21,2,19,元大-四維,2024-02-23,9831
00680L,元大美債20正2,18,0,18,元大-四維,2024-02-23,9831
8403,盛弘,18,0,18,元大-四維,2024-02-23,9831
6126,信音,42,24,18,元大-四維,2024-02-23,9831
00687B,國泰20年美債,19,1,18,元大-四維,2024-02-23,9831
3362,先進光,22,5,17,元大-四維,2024-02-23,9831
2489,瑞軒,32,15,17,元大-四維,2024-02-23,9831
1806,冠軍,20,3,17,元大-四維,2024-02-23,9831
00632R,元大台灣50反1,302,0,302,元大-四維,2024-02-26,9831
00878,國泰永續高股息,350,114,236,元大-四維,2024-02-26,9831
1605,華新,164,1,163,元大-四維,2024-02-26,9831
00937B,群益ESG投等債20,178,32,146,元大-四維,2024-02-26,9831
2303,聯電,153,10,143,元大-四維,2024-02-26,9831
1504,東元,151,23,128,元大-四維,2024-02-26,9831
00637L,元大滬深300正2,113,30,83,元大-四維,2024-02-26,9831
00715L,期街口布蘭特正2,61,0,61,元大-四維,2024-02-26,9831
2014,中鴻,61,4,57,元大-四維,2024-02-26,9831
8064,東捷,53,0,53,元大-四維,2024-02-26,9831
1536,和大,90,45,45,元大-四維,2024-02-26,9831
1568,倉佑,43,0,43,元大-四維,2024-02-26,9831
6592,和潤企業,42,0,42,元大-四維,2024-02-26,9831
6257,矽格,63,23,40,元大-四維,2024-02-26,9831
2883,凱基金,40,0,40,元大-四維,2024-02-26,9831
6271,同欣電,44,6,38,元大-四維,2024-02-26,9831
9105,泰金寶-DR,36,0,36,元大-四維,2024-02-26,9831
3689,湧德,61,27,34,元大-四維,2024-02-26,9831
2884,玉山金,33,0,33,元大-四維,2024-02-26,9831
2409,友達,32,0,32,元大-四維,2024-02-26,9831
00885,富邦越南,31,0,31,元大-四維,2024-02-26,9831
6147,頎邦,33,3,30,元大-四維,2024-02-26,9831
6411,晶焱,31,1,30,元大-四維,2024-02-26,9831
6530,創威,81,52,29,元大-四維,2024-02-26,9831
2371,大同,33,6,27,元大-四維,2024-02-26,9831
6104,創惟,33,9,24,元大-四維,2024-02-26,9831
8435,鉅邁,25,1,24,元大-四維,2024-02-26,9831
2609,陽明,35,11,24,元大-四維,2024-02-26,9831
4707,磐亞,24,0,24,元大-四維,2024-02-26,9831
2301,光寶科,21,0,21,元大-四維,2024-02-26,9831
4532,瑞智,20,0,20,元大-四維,2024-02-26,9831
2838,聯邦銀,20,0,20,元大-四維,2024-02-26,9831
6168,宏齊,24,4,20,元大-四維,2024-02-26,9831
6552,易華電,20,0,20,元大-四維,2024-02-26,9831
2353,宏��,31,11,20,元大-四維,2024-02-26,9831
2449,京元電子,26,7,19,元大-四維,2024-02-26,9831
3346,麗清,21,2,19,元大-四維,2024-02-26,9831
2489,瑞軒,33,14,19,元大-四維,2024-02-26,9831
4977,眾達-KY,22,3,19,元大-四維,2024-02-26,9831
3504,揚明光,24,6,18,元大-四維,2024-02-26,9831
3027,盛達,20,2,18,元大-四維,2024-02-26,9831
00795B,中信美國公債20年,32,14,18,元大-四維,2024-02-26,9831
3296,勝德,24,6,18,元大-四維,2024-02-26,9831
8050,廣積,24,7,17,元大-四維,2024-02-26,9831
00712,復華富時不動產,18,2,16,元大-四維,2024-02-26,9831
00753L,中信中國50正2,16,0,16,元大-四維,2024-02-26,9831
4556,旭然,16,0,16,元大-四維,2024-02-26,9831
3706,神達,25,10,15,元大-四維,2024-02-26,9831
8936,國統,44,29,15,元大-四維,2024-02-26,9831
00931B,統一美債20年,22,7,15,元大-四維,2024-02-26,9831
00878,國泰永續高股息,464,34,430,元大-四維,2024-02-27,9831
00937B,群益ESG投等債20,336,7,329,元大-四維,2024-02-27,9831
2417,圓剛,237,0,237,元大-四維,2024-02-27,9831
1568,倉佑,217,0,217,元大-四維,2024-02-27,9831
00929,復華台灣科技優息,280,107,173,元大-四維,2024-02-27,9831
00712,復華富時不動產,166,2,164,元大-四維,2024-02-27,9831
2363,矽統,224,111,113,元大-四維,2024-02-27,9831
00919,群益台灣精選高息,163,54,109,元大-四維,2024-02-27,9831
5607,遠雄港,88,0,88,元大-四維,2024-02-27,9831
6139,亞翔,95,17,78,元大-四維,2024-02-27,9831
00637L,元大滬深300正2,86,14,72,元大-四維,2024-02-27,9831
00933B,國泰10Y+金融債,70,0,70,元大-四維,2024-02-27,9831
2405,輔信,80,10,70,元大-四維,2024-02-27,9831
2301,光寶科,66,12,54,元大-四維,2024-02-27,9831
00679B,元大美債20年,51,5,46,元大-四維,2024-02-27,9831
1316,上曜,57,13,44,元大-四維,2024-02-27,9831
2014,中鴻,46,2,44,元大-四維,2024-02-27,9831
3037,欣興,88,45,43,元大-四維,2024-02-27,9831
2006,東和鋼鐵,202,164,38,元大-四維,2024-02-27,9831
2002,中鋼,43,7,36,元大-四維,2024-02-27,9831
00687B,國泰20年美債,36,1,35,元大-四維,2024-02-27,9831
2408,南亞科,38,6,32,元大-四維,2024-02-27,9831
3231,緯創,105,74,31,元大-四維,2024-02-27,9831
3483,力致,27,1,26,元大-四維,2024-02-27,9831
3047,訊舟,364,338,26,元大-四維,2024-02-27,9831
2409,友達,25,0,25,元大-四維,2024-02-27,9831
3481,群創,69,44,25,元大-四維,2024-02-27,9831
4108,懷特,25,0,25,元大-四維,2024-02-27,9831
5425,台半,25,0,25,元大-四維,2024-02-27,9831
2382,廣達,34,10,24,元大-四維,2024-02-27,9831
2537,聯上發,21,0,21,元大-四維,2024-02-27,9831
2891,中信金,28,7,21,元大-四維,2024-02-27,9831
2888,新光金,26,6,20,元大-四維,2024-02-27,9831
6237,驊訊,31,11,20,元大-四維,2024-02-27,9831
1514,亞力,50,30,20,元大-四維,2024-02-27,9831
2457,飛宏,24,4,20,元大-四維,2024-02-27,9831
2359,所羅門,25,5,20,元大-四維,2024-02-27,9831
00936,台新永續高息中小,21,1,20,元大-四維,2024-02-27,9831
1303,南亞,25,6,19,元大-四維,2024-02-27,9831
5608,四維航,22,3,19,元大-四維,2024-02-27,9831
4909,新復興,34,15,19,元大-四維,2024-02-27,9831
1711,永光,49,30,19,元大-四維,2024-02-27,9831
3163,波若威,43,24,19,元大-四維,2024-02-27,9831
3056,富華新,18,0,18,元大-四維,2024-02-27,9831
2303,聯電,25,8,17,元大-四維,2024-02-27,9831
2352,佳世達,18,1,17,元大-四維,2024-02-27,9831
1103,嘉泥,17,0,17,元大-四維,2024-02-27,9831
6456,GIS-KY,17,1,16,元大-四維,2024-02-27,9831
2355,敬鵬,16,0,16,元大-四維,2024-02-27,9831
3090,日電貿,16,0,16,元大-四維,2024-02-27,9831
00937B,群益ESG投等債20,304,0,304,元大-四維,2024-02-29,9831
00632R,元大台灣50反1,221,0,221,元大-四維,2024-02-29,9831
00929,復華台灣科技優息,119,20,99,元大-四維,2024-02-29,9831
3708,上緯投控,88,1,87,元大-四維,2024-02-29,9831
0056,元大高股息,116,35,81,元大-四維,2024-02-29,9831
00687B,國泰20年美債,88,13,75,元大-四維,2024-02-29,9831
00720B,元大投資級公司債,75,0,75,元大-四維,2024-02-29,9831
2367,燿華,74,6,68,元大-四維,2024-02-29,9831
3481,群創,86,35,51,元大-四維,2024-02-29,9831
2421,建準,50,3,47,元大-四維,2024-02-29,9831
00757,統一FANG+,42,2,40,元大-四維,2024-02-29,9831
00751B,元大AAA至A公司債,43,6,37,元大-四維,2024-02-29,9831
00878,國泰永續高股息,51,15,36,元大-四維,2024-02-29,9831
1522,堤維西,145,110,35,元大-四維,2024-02-29,9831
8936,國統,60,26,34,元大-四維,2024-02-29,9831
2014,中鴻,40,6,34,元大-四維,2024-02-29,9831
1618,合機,49,17,32,元大-四維,2024-02-29,9831
00902,中信電池及儲能,30,0,30,元大-四維,2024-02-29,9831
2412,中華電,31,2,29,元大-四維,2024-02-29,9831
00679B,元大美債20年,27,1,26,元大-四維,2024-02-29,9831
4108,懷特,25,0,25,元大-四維,2024-02-29,9831
9958,世紀鋼,26,1,25,元大-四維,2024-02-29,9831
5452,佶優,79,55,24,元大-四維,2024-02-29,9831
5512,力麒,21,0,21,元大-四維,2024-02-29,9831
1445,大宇,21,0,21,元大-四維,2024-02-29,9831
2867,三商壽,20,0,20,元大-四維,2024-02-29,9831
5210,寶碩,20,0,20,元大-四維,2024-02-29,9831
00931B,統一美債20年,20,0,20,元大-四維,2024-02-29,9831
4543,萬在,24,6,18,元大-四維,2024-02-29,9831
2605,新興,21,3,18,元大-四維,2024-02-29,9831
5508,永信建,20,3,17,元大-四維,2024-02-29,9831
4720,德淵,18,2,16,元大-四維,2024-02-29,9831
2312,金寶,19,3,16,元大-四維,2024-02-29,9831
00933B,國泰10Y+金融債,14,0,14,元大-四維,2024-02-29,9831
3037,欣興,50,36,14,元大-四維,2024-02-29,9831
2409,友達,21,8,13,元大-四維,2024-02-29,9831
2329,華泰,39,26,13,元大-四維,2024-02-29,9831
8064,東捷,23,10,13,元大-四維,2024-02-29,9831
6830,汎銓,13,0,13,元大-四維,2024-02-29,9831
3163,波若威,21,8,13,元大-四維,2024-02-29,9831
6150,撼訊,15,2,13,元大-四維,2024-02-29,9831
4977,眾達-KY,14,2,12,元大-四維,2024-02-29,9831
5443,均豪,13,1,12,元大-四維,2024-02-29,9831
3305,昇貿,12,0,12,元大-四維,2024-02-29,9831
1905,華紙,11,0,11,元大-四維,2024-02-29,9831
1309,台達化,11,0,11,元大-四維,2024-02-29,9831
2489,瑞軒,24,13,11,元大-四維,2024-02-29,9831
3264,欣銓,13,2,11,元大-四維,2024-02-29,9831
3272,東碩,11,0,11,元大-四維,2024-02-29,9831
2615,萬海,15,5,10,元大-四維,2024-02-29,9831
00919,群益台灣精選高息,294,108,186,元大-四維,2024-03-01,9831
00918,大華優利高填息30,188,4,184,元大-四維,2024-03-01,9831
2618,長榮航,130,11,119,元大-四維,2024-03-01,9831
00937B,群益ESG投等債20,143,24,119,元大-四維,2024-03-01,9831
2002,中鋼,121,22,99,元大-四維,2024-03-01,9831
00878,國泰永續高股息,100,10,90,元大-四維,2024-03-01,9831
6770,力積電,103,18,85,元大-四維,2024-03-01,9831
2495,普安,88,3,85,元大-四維,2024-03-01,9831
2329,華泰,91,18,73,元大-四維,2024-03-01,9831
1589,永冠-KY,52,2,50,元大-四維,2024-03-01,9831
3380,明泰,48,0,48,元大-四維,2024-03-01,9831
9105,泰金寶-DR,91,45,46,元大-四維,2024-03-01,9831
2606,裕民,38,0,38,元大-四維,2024-03-01,9831
2409,友達,41,4,37,元大-四維,2024-03-01,9831
9945,潤泰新,36,0,36,元大-四維,2024-03-01,9831
6233,旺玖,75,39,36,元大-四維,2024-03-01,9831
00933B,國泰10Y+金融債,32,0,32,元大-四維,2024-03-01,9831
00706L,期元大S＆P日圓正2,32,0,32,元大-四維,2024-03-01,9831
6112,邁達特,30,0,30,元大-四維,2024-03-01,9831
3169,亞信,50,21,29,元大-四維,2024-03-01,9831
3551,世禾,28,0,28,元大-四維,2024-03-01,9831
00929,復華台灣科技優息,74,47,27,元大-四維,2024-03-01,9831
2367,燿華,45,19,26,元大-四維,2024-03-01,9831
2369,菱生,42,17,25,元大-四維,2024-03-01,9831
3189,景碩,26,1,25,元大-四維,2024-03-01,9831
3294,英濟,25,0,25,元大-四維,2024-03-01,9831
3714,富采,24,0,24,元大-四維,2024-03-01,9831
00679B,元大美債20年,26,3,23,元大-四維,2024-03-01,9831
1815,富喬,25,2,23,元大-四維,2024-03-01,9831
3706,神達,34,12,22,元大-四維,2024-03-01,9831
6829,千附精密,24,2,22,元大-四維,2024-03-01,9831
6492,生華科,21,0,21,元大-四維,2024-03-01,9831
2890,永豐金,21,0,21,元大-四維,2024-03-01,9831
5512,力麒,20,0,20,元大-四維,2024-03-01,9831
3357,臺慶科,20,0,20,元大-四維,2024-03-01,9831
3338,泰碩,22,3,19,元大-四維,2024-03-01,9831
9103,美德醫療-DR,19,0,19,元大-四維,2024-03-01,9831
2355,敬鵬,19,2,17,元大-四維,2024-03-01,9831
3437,榮創,16,0,16,元大-四維,2024-03-01,9831
1529,樂事綠能,22,6,16,元大-四維,2024-03-01,9831
1101,台泥,20,5,15,元大-四維,2024-03-01,9831
2353,宏��,65,50,15,元大-四維,2024-03-01,9831
6275,元山,17,2,15,元大-四維,2024-03-01,9831
2408,南亞科,15,0,15,元大-四維,2024-03-01,9831
00720B,元大投資級公司債,14,0,14,元大-四維,2024-03-01,9831
6901,鑽石投資,15,1,14,元大-四維,2024-03-01,9831
6126,信音,18,4,14,元大-四維,2024-03-01,9831
2025,千興,14,0,14,元大-四維,2024-03-01,9831
3260,威剛,15,2,13,元大-四維,2024-03-01,9831
2330,台積電,14,1,13,元大-四維,2024-03-01,9831
00937B,群益ESG投等債20,405,46,359,元大-四維,2024-03-04,9831
00632R,元大台灣50反1,373,26,347,元大-四維,2024-03-04,9831
00919,群益台灣精選高息,276,57,219,元大-四維,2024-03-04,9831
8936,國統,224,8,216,元大-四維,2024-03-04,9831
00712,復華富時不動產,219,5,214,元大-四維,2024-03-04,9831
00687B,國泰20年美債,201,0,201,元大-四維,2024-03-04,9831
3450,聯鈞,157,40,117,元大-四維,2024-03-04,9831
00929,復華台灣科技優息,179,106,73,元大-四維,2024-03-04,9831
00665L,富邦�琤肭磪囓�2,95,25,70,元大-四維,2024-03-04,9831
2014,中鴻,68,0,68,元大-四維,2024-03-04,9831
00902,中信電池及儲能,53,1,52,元大-四維,2024-03-04,9831
4707,磐亞,49,0,49,元大-四維,2024-03-04,9831
00680L,元大美債20正2,65,17,48,元大-四維,2024-03-04,9831
9945,潤泰新,40,0,40,元大-四維,2024-03-04,9831
2501,國建,35,0,35,元大-四維,2024-03-04,9831
3057,喬鼎,35,0,35,元大-四維,2024-03-04,9831
6274,台燿,37,2,35,元大-四維,2024-03-04,9831
2356,英業達,56,22,34,元大-四維,2024-03-04,9831
00753L,中信中國50正2,33,0,33,元大-四維,2024-03-04,9831
1514,亞力,62,30,32,元大-四維,2024-03-04,9831
2913,農林,27,0,27,元大-四維,2024-03-04,9831
00688L,國泰20年美債正2,28,1,27,元大-四維,2024-03-04,9831
1101,台泥,47,21,26,元大-四維,2024-03-04,9831
2511,太子,26,0,26,元大-四維,2024-03-04,9831
6288,聯嘉,31,7,24,元大-四維,2024-03-04,9831
00892,富邦台灣半導體,25,2,23,元大-四維,2024-03-04,9831
2303,聯電,33,12,21,元大-四維,2024-03-04,9831
2369,菱生,34,13,21,元大-四維,2024-03-04,9831
2355,敬鵬,21,0,21,元大-四維,2024-03-04,9831
5512,力麒,24,3,21,元大-四維,2024-03-04,9831
3551,世禾,21,0,21,元大-四維,2024-03-04,9831
2010,春源,20,0,20,元大-四維,2024-03-04,9831
1605,華新,26,6,20,元大-四維,2024-03-04,9831
5210,寶碩,20,0,20,元大-四維,2024-03-04,9831
2618,長榮航,34,15,19,元大-四維,2024-03-04,9831
2838,聯邦銀,20,2,18,元大-四維,2024-03-04,9831
2401,凌陽,18,0,18,元大-四維,2024-03-04,9831
6257,矽格,19,2,17,元大-四維,2024-03-04,9831
6152,百一,17,0,17,元大-四維,2024-03-04,9831
3038,全台,17,1,16,元大-四維,2024-03-04,9831
1103,嘉泥,16,0,16,元大-四維,2024-03-04,9831
9105,泰金寶-DR,16,0,16,元大-四維,2024-03-04,9831
00637L,元大滬深300正2,27,11,16,元大-四維,2024-03-04,9831
5880,合庫金,17,2,15,元大-四維,2024-03-04,9831
1560,中砂,17,2,15,元大-四維,2024-03-04,9831
00795B,中信美國公債20年,21,6,15,元大-四維,2024-03-04,9831
3710,連展投控,15,0,15,元大-四維,2024-03-04,9831
1609,大亞,28,13,15,元大-四維,2024-03-04,9831
6695,芯鼎,21,6,15,元大-四維,2024-03-04,9831
2399,映泰,17,3,14,元大-四維,2024-03-04,9831
00937B,群益ESG投等債20,173,15,158,元大-四維,2024-03-05,9831
3481,群創,151,22,129,元大-四維,2024-03-05,9831
00919,群益台灣精選高息,174,52,122,元大-四維,2024-03-05,9831
8927,北基,107,0,107,元大-四維,2024-03-05,9831
1303,南亞,78,0,78,元大-四維,2024-03-05,9831
2486,一詮,74,7,67,元大-四維,2024-03-05,9831
8064,東捷,125,66,59,元大-四維,2024-03-05,9831
2409,友達,56,1,55,元大-四維,2024-03-05,9831
3540,曜越,55,1,54,元大-四維,2024-03-05,9831
2313,華通,62,10,52,元大-四維,2024-03-05,9831
1312,國喬,51,0,51,元大-四維,2024-03-05,9831
4934,太極,53,2,51,元大-四維,2024-03-05,9831
2332,友訊,51,1,50,元大-四維,2024-03-05,9831
2367,燿華,126,80,46,元大-四維,2024-03-05,9831
6134,萬旭,44,0,44,元大-四維,2024-03-05,9831
2303,聯電,47,3,44,元大-四維,2024-03-05,9831
2883,凱基金,45,8,37,元大-四維,2024-03-05,9831
3105,穩懋,39,3,36,元大-四維,2024-03-05,9831
00715L,期街口布蘭特正2,52,16,36,元大-四維,2024-03-05,9831
6547,高端疫苗,40,5,35,元大-四維,2024-03-05,9831
6125,廣運,64,29,35,元大-四維,2024-03-05,9831
3694,海華,48,14,34,元大-四維,2024-03-05,9831
1522,堤維西,40,7,33,元大-四維,2024-03-05,9831
4707,磐亞,32,1,31,元大-四維,2024-03-05,9831
00712,復華富時不動產,30,0,30,元大-四維,2024-03-05,9831
1905,華紙,27,1,26,元大-四維,2024-03-05,9831
1504,東元,30,5,25,元大-四維,2024-03-05,9831
2852,第一保,25,0,25,元大-四維,2024-03-05,9831
5603,陸海,25,0,25,元大-四維,2024-03-05,9831
2308,台達電,32,8,24,元大-四維,2024-03-05,9831
00891,中信關鍵半導體,26,2,24,元大-四維,2024-03-05,9831
3712,永崴投控,30,6,24,元大-四維,2024-03-05,9831
3564,其陽,24,0,24,元大-四維,2024-03-05,9831
5607,遠雄港,27,3,24,元大-四維,2024-03-05,9831
1717,長興,22,0,22,元大-四維,2024-03-05,9831
2610,華航,37,15,22,元大-四維,2024-03-05,9831
3669,圓展,27,5,22,元大-四維,2024-03-05,9831
00650L,復華香港正2,21,0,21,元大-四維,2024-03-05,9831
2421,建準,31,10,21,元大-四維,2024-03-05,9831
1444,力麗,21,0,21,元大-四維,2024-03-05,9831
1101,台泥,31,11,20,元大-四維,2024-03-05,9831
2376,技嘉,27,7,20,元大-四維,2024-03-05,9831
5443,均豪,34,16,18,元大-四維,2024-03-05,9831
00933B,國泰10Y+金融債,33,15,18,元大-四維,2024-03-05,9831
00915,凱基優選高股息30,18,0,18,元大-四維,2024-03-05,9831
3339,泰谷,18,0,18,元大-四維,2024-03-05,9831
6538,倉和,18,1,17,元大-四維,2024-03-05,9831
2727,王品,17,0,17,元大-四維,2024-03-05,9831
3057,喬鼎,22,5,17,元大-四維,2024-03-05,9831
2884,玉山金,19,3,16,元大-四維,2024-03-05,9831
00632R,元大台灣50反1,443,110,333,元大-四維,2024-03-06,9831
6163,華電網,243,20,223,元大-四維,2024-03-06,9831
00937B,群益ESG投等債20,157,10,147,元大-四維,2024-03-06,9831
1409,新纖,141,32,109,元大-四維,2024-03-06,9831
00637L,元大滬深300正2,171,70,101,元大-四維,2024-03-06,9831
2329,華泰,115,33,82,元大-四維,2024-03-06,9831
8064,東捷,73,4,69,元大-四維,2024-03-06,9831
3481,群創,96,32,64,元大-四維,2024-03-06,9831
3078,僑威,63,4,59,元大-四維,2024-03-06,9831
00918,大華優利高填息30,71,18,53,元大-四維,2024-03-06,9831
00715L,期街口布蘭特正2,53,0,53,元大-四維,2024-03-06,9831
3576,聯合再生,51,4,47,元大-四維,2024-03-06,9831
5521,工信,71,25,46,元大-四維,2024-03-06,9831
8011,台通,61,16,45,元大-四維,2024-03-06,9831
1514,亞力,66,21,45,元大-四維,2024-03-06,9831
3231,緯創,70,26,44,元大-四維,2024-03-06,9831
5498,凱崴,58,18,40,元大-四維,2024-03-06,9831
2352,佳世達,54,14,40,元大-四維,2024-03-06,9831
4533,協易機,56,17,39,元大-四維,2024-03-06,9831
2014,中鴻,42,5,37,元大-四維,2024-03-06,9831
00919,群益台灣精選高息,143,109,34,元大-四維,2024-03-06,9831
2002,中鋼,36,4,32,元大-四維,2024-03-06,9831
2845,遠東銀,34,3,31,元大-四維,2024-03-06,9831
3027,盛達,30,2,28,元大-四維,2024-03-06,9831
00915,凱基優選高股息30,29,1,28,元大-四維,2024-03-06,9831
2301,光寶科,28,1,27,元大-四維,2024-03-06,9831
2356,英業達,36,10,26,元大-四維,2024-03-06,9831
1609,大亞,85,61,24,元大-四維,2024-03-06,9831
2464,盟立,25,2,23,元大-四維,2024-03-06,9831
3037,欣興,24,2,22,元大-四維,2024-03-06,9831
6282,康舒,27,5,22,元大-四維,2024-03-06,9831
3149,正達,23,1,22,元大-四維,2024-03-06,9831
8163,達方,25,3,22,元大-四維,2024-03-06,9831
8927,北基,22,0,22,元大-四維,2024-03-06,9831
3257,虹冠電,20,0,20,元大-四維,2024-03-06,9831
6425,易發,19,1,18,元大-四維,2024-03-06,9831
6233,旺玖,59,41,18,元大-四維,2024-03-06,9831
6026,福邦證,25,8,17,元大-四維,2024-03-06,9831
4162,智擎,18,1,17,元大-四維,2024-03-06,9831
6127,九豪,19,2,17,元大-四維,2024-03-06,9831
2406,國碩,20,4,16,元大-四維,2024-03-06,9831
2610,華航,25,9,16,元大-四維,2024-03-06,9831
1101,台泥,22,6,16,元大-四維,2024-03-06,9831
3450,聯鈞,21,5,16,元大-四維,2024-03-06,9831
2511,太子,15,0,15,元大-四維,2024-03-06,9831
2062,橋椿,14,0,14,元大-四維,2024-03-06,9831
1314,中石化,66,52,14,元大-四維,2024-03-06,9831
1532,勤美,14,0,14,元大-四維,2024-03-06,9831
2340,台亞,13,0,13,元大-四維,2024-03-06,9831
2606,裕民,16,3,13,元大-四維,2024-03-06,9831
00680L,元大美債20正2,311,9,302,元大-四維,2024-03-07,9831
1815,富喬,286,106,180,元大-四維,2024-03-07,9831
00919,群益台灣精選高息,230,71,159,元大-四維,2024-03-07,9831
1316,上曜,195,48,147,元大-四維,2024-03-07,9831
3481,群創,147,20,127,元大-四維,2024-03-07,9831
6205,詮欣,111,2,109,元大-四維,2024-03-07,9831
2812,台中銀,101,12,89,元大-四維,2024-03-07,9831
5521,工信,97,17,80,元大-四維,2024-03-07,9831
3712,永崴投控,79,1,78,元大-四維,2024-03-07,9831
1409,新纖,78,2,76,元大-四維,2024-03-07,9831
00937B,群益ESG投等債20,88,14,74,元大-四維,2024-03-07,9831
3044,健鼎,84,13,71,元大-四維,2024-03-07,9831
1504,東元,69,1,68,元大-四維,2024-03-07,9831
00751B,元大AAA至A公司債,68,2,66,元大-四維,2024-03-07,9831
2618,長榮航,83,19,64,元大-四維,2024-03-07,9831
00720B,元大投資級公司債,74,13,61,元大-四維,2024-03-07,9831
8034,榮群,62,7,55,元大-四維,2024-03-07,9831
2888,新光金,58,7,51,元大-四維,2024-03-07,9831
3499,環天科,50,0,50,元大-四維,2024-03-07,9831
4906,正文,56,13,43,元大-四維,2024-03-07,9831
00885,富邦越南,42,1,41,元大-四維,2024-03-07,9831
2606,裕民,41,3,38,元大-四維,2024-03-07,9831
3289,宜特,39,2,37,元大-四維,2024-03-07,9831
1101,台泥,40,4,36,元大-四維,2024-03-07,9831
1785,光洋科,54,20,34,元大-四維,2024-03-07,9831
1589,永冠-KY,33,0,33,元大-四維,2024-03-07,9831
5443,均豪,53,21,32,元大-四維,2024-03-07,9831
00918,大華優利高填息30,39,8,31,元大-四維,2024-03-07,9831
1609,大亞,34,4,30,元大-四維,2024-03-07,9831
00632R,元大台灣50反1,242,213,29,元大-四維,2024-03-07,9831
6233,旺玖,63,35,28,元大-四維,2024-03-07,9831
2344,華邦電,57,29,28,元大-四維,2024-03-07,9831
00915,凱基優選高股息30,36,11,25,元大-四維,2024-03-07,9831
2002,中鋼,49,24,25,元大-四維,2024-03-07,9831
8390,金益鼎,25,1,24,元大-四維,2024-03-07,9831
00637L,元大滬深300正2,39,16,23,元大-四維,2024-03-07,9831
2376,技嘉,29,7,22,元大-四維,2024-03-07,9831
2884,玉山金,22,0,22,元大-四維,2024-03-07,9831
2611,志信,25,3,22,元大-四維,2024-03-07,9831
4113,聯上,22,0,22,元大-四維,2024-03-07,9831
3338,泰碩,43,21,22,元大-四維,2024-03-07,9831
3231,緯創,34,13,21,元大-四維,2024-03-07,9831
2201,裕隆,21,0,21,元大-四維,2024-03-07,9831
00902,中信電池及儲能,20,0,20,元大-四維,2024-03-07,9831
00893,國泰智能電動車,20,0,20,元大-四維,2024-03-07,9831
00664R,國泰臺灣加權反1,20,0,20,元大-四維,2024-03-07,9831
4534,慶騰,20,0,20,元大-四維,2024-03-07,9831
9902,台火,20,0,20,元大-四維,2024-03-07,9831
5488,松普,23,4,19,元大-四維,2024-03-07,9831
2014,中鴻,23,5,18,元大-四維,2024-03-07,9831
00919,群益台灣精選高息,443,241,202,元大-四維,2024-03-08,9831
00929,復華台灣科技優息,306,171,135,元大-四維,2024-03-08,9831
2367,燿華,211,79,132,元大-四維,2024-03-08,9831
3712,永崴投控,115,4,111,元大-四維,2024-03-08,9831
00632R,元大台灣50反1,262,155,107,元大-四維,2024-03-08,9831
00937B,群益ESG投等債20,112,17,95,元大-四維,2024-03-08,9831
2313,華通,144,50,94,元大-四維,2024-03-08,9831
00687B,國泰20年美債,114,21,93,元大-四維,2024-03-08,9831
3044,健鼎,89,0,89,元大-四維,2024-03-08,9831
00720B,元大投資級公司債,73,1,72,元大-四維,2024-03-08,9831
1815,富喬,115,43,72,元大-四維,2024-03-08,9831
5488,松普,60,1,59,元大-四維,2024-03-08,9831
2329,華泰,73,18,55,元大-四維,2024-03-08,9831
8926,台汽電,55,1,54,元大-四維,2024-03-08,9831
3714,富采,54,1,53,元大-四維,2024-03-08,9831
3701,大眾控,53,0,53,元大-四維,2024-03-08,9831
6127,九豪,53,1,52,元大-四維,2024-03-08,9831
00918,大華優利高填息30,97,49,48,元大-四維,2024-03-08,9831
3711,日月光投控,81,33,48,元大-四維,2024-03-08,9831
00915,凱基優選高股息30,56,10,46,元大-四維,2024-03-08,9831
1101,台泥,42,3,39,元大-四維,2024-03-08,9831
6182,合晶,52,15,37,元大-四維,2024-03-08,9831
2801,彰銀,46,10,36,元大-四維,2024-03-08,9831
6274,台燿,68,35,33,元大-四維,2024-03-08,9831
5347,世界,41,9,32,元大-四維,2024-03-08,9831
2609,陽明,78,50,28,元大-四維,2024-03-08,9831
2915,潤泰全,30,2,28,元大-四維,2024-03-08,9831
2109,華豐,54,27,27,元大-四維,2024-03-08,9831
6016,康和證,32,5,27,元大-四維,2024-03-08,9831
00712,復華富時不動產,37,11,26,元大-四維,2024-03-08,9831
2852,第一保,26,0,26,元大-四維,2024-03-08,9831
3094,聯傑,27,2,25,元大-四維,2024-03-08,9831
1802,台玻,30,5,25,元大-四維,2024-03-08,9831
2208,台船,51,27,24,元大-四維,2024-03-08,9831
8112,至上,35,11,24,元大-四維,2024-03-08,9831
2201,裕隆,25,1,24,元大-四維,2024-03-08,9831
1440,南紡,25,1,24,元大-四維,2024-03-08,9831
3437,榮創,30,6,24,元大-四維,2024-03-08,9831
4707,磐亞,24,0,24,元大-四維,2024-03-08,9831
1301,台塑,25,2,23,元大-四維,2024-03-08,9831
00679B,元大美債20年,40,17,23,元大-四維,2024-03-08,9831
00923,群益台ESG低碳50,29,6,23,元大-四維,2024-03-08,9831
00933B,國泰10Y+金融債,22,0,22,元大-四維,2024-03-08,9831
2388,威盛,26,4,22,元大-四維,2024-03-08,9831
5608,四維航,24,2,22,元大-四維,2024-03-08,9831
1303,南亞,21,0,21,元大-四維,2024-03-08,9831
2537,聯上發,21,0,21,元大-四維,2024-03-08,9831
1522,堤維西,24,3,21,元大-四維,2024-03-08,9831
2501,國建,21,0,21,元大-四維,2024-03-08,9831
6425,易發,20,0,20,元大-四維,2024-03-08,9831
00632R,元大台灣50反1,1109,1,1108,元大-四維,2024-03-11,9831
2367,燿華,649,27,622,元大-四維,2024-03-11,9831
00715L,期街口布蘭特正2,352,1,351,元大-四維,2024-03-11,9831
2883,凱基金,425,85,340,元大-四維,2024-03-11,9831
00687B,國泰20年美債,298,7,291,元大-四維,2024-03-11,9831
1609,大亞,238,0,238,元大-四維,2024-03-11,9831
00919,群益台灣精選高息,431,208,223,元大-四維,2024-03-11,9831
3231,緯創,678,534,144,元大-四維,2024-03-11,9831
2834,臺企銀,125,3,122,元大-四維,2024-03-11,9831
00937B,群益ESG投等債20,88,0,88,元大-四維,2024-03-11,9831
5498,凱崴,88,21,67,元大-四維,2024-03-11,9831
2344,華邦電,67,3,64,元大-四維,2024-03-11,9831
1608,華榮,69,8,61,元大-四維,2024-03-11,9831
2812,台中銀,61,1,60,元大-四維,2024-03-11,9831
1717,長興,66,8,58,元大-四維,2024-03-11,9831
6285,啟��,45,1,44,元大-四維,2024-03-11,9831
00931B,統一美債20年,40,0,40,元大-四維,2024-03-11,9831
00918,大華優利高填息30,48,10,38,元大-四維,2024-03-11,9831
2618,長榮航,55,19,36,元大-四維,2024-03-11,9831
00679B,元大美債20年,49,14,35,元大-四維,2024-03-11,9831
3712,永崴投控,32,0,32,元大-四維,2024-03-11,9831
2002,中鋼,48,20,28,元大-四維,2024-03-11,9831
2330,台積電,36,10,26,元大-四維,2024-03-11,9831
8933,愛地雅,27,2,25,元大-四維,2024-03-11,9831
00650L,復華香港正2,25,0,25,元大-四維,2024-03-11,9831
4961,天鈺,30,6,24,元大-四維,2024-03-11,9831
2332,友訊,25,2,23,元大-四維,2024-03-11,9831
6127,九豪,25,2,23,元大-四維,2024-03-11,9831
2301,光寶科,22,0,22,元大-四維,2024-03-11,9831
9105,泰金寶-DR,22,0,22,元大-四維,2024-03-11,9831
3346,麗清,22,0,22,元大-四維,2024-03-11,9831
2890,永豐金,22,0,22,元大-四維,2024-03-11,9831
00795B,中信美國公債20年,21,0,21,元大-四維,2024-03-11,9831
2845,遠東銀,21,0,21,元大-四維,2024-03-11,9831
1815,富喬,31,11,20,元大-四維,2024-03-11,9831
1905,華紙,20,0,20,元大-四維,2024-03-11,9831
2342,茂矽,28,9,19,元大-四維,2024-03-11,9831
2371,大同,35,17,18,元大-四維,2024-03-11,9831
00935,野村臺灣新科技50,18,0,18,元大-四維,2024-03-11,9831
00720B,元大投資級公司債,28,10,18,元大-四維,2024-03-11,9831
3689,湧德,20,4,16,元大-四維,2024-03-11,9831
2358,廷鑫,15,0,15,元大-四維,2024-03-11,9831
6120,達運,36,21,15,元大-四維,2024-03-11,9831
5347,世界,17,3,14,元大-四維,2024-03-11,9831
6284,佳邦,16,2,14,元大-四維,2024-03-11,9831
00923,群益台ESG低碳50,22,8,14,元大-四維,2024-03-11,9831
1503,士電,17,6,11,元大-四維,2024-03-11,9831
00661,元大日經225,11,0,11,元大-四維,2024-03-11,9831
3289,宜特,10,0,10,元大-四維,2024-03-11,9831
3294,英濟,19,9,10,元大-四維,2024-03-11,9831
00937B,群益ESG投等債20,255,15,240,元大-四維,2024-03-12,9831
2352,佳世達,229,13,216,元大-四維,2024-03-12,9831
00918,大華優利高填息30,222,31,191,元大-四維,2024-03-12,9831
00687B,國泰20年美債,143,2,141,元大-四維,2024-03-12,9831
00706L,期元大S＆P日圓正2,112,0,112,元大-四維,2024-03-12,9831
00733,富邦臺灣中小,96,0,96,元大-四維,2024-03-12,9831
00919,群益台灣精選高息,189,101,88,元大-四維,2024-03-12,9831
00929,復華台灣科技優息,132,49,83,元大-四維,2024-03-12,9831
00878,國泰永續高股息,105,37,68,元大-四維,2024-03-12,9831
2313,華通,278,212,66,元大-四維,2024-03-12,9831
4961,天鈺,65,4,61,元大-四維,2024-03-12,9831
5880,合庫金,55,2,53,元大-四維,2024-03-12,9831
6234,高僑,53,1,52,元大-四維,2024-03-12,9831
2371,大同,58,6,52,元大-四維,2024-03-12,9831
1815,富喬,71,22,49,元大-四維,2024-03-12,9831
00712,復華富時不動產,48,0,48,元大-四維,2024-03-12,9831
5243,乙盛-KY,53,6,47,元大-四維,2024-03-12,9831
3294,英濟,46,4,42,元大-四維,2024-03-12,9831
00915,凱基優選高股息30,45,3,42,元大-四維,2024-03-12,9831
3231,緯創,78,36,42,元大-四維,2024-03-12,9831
5439,高技,40,0,40,元大-四維,2024-03-12,9831
6026,福邦證,38,1,37,元大-四維,2024-03-12,9831
6120,達運,90,58,32,元大-四維,2024-03-12,9831
00679B,元大美債20年,37,6,31,元大-四維,2024-03-12,9831
3706,神達,75,45,30,元大-四維,2024-03-12,9831
1314,中石化,124,98,26,元大-四維,2024-03-12,9831
00753L,中信中國50正2,30,4,26,元大-四維,2024-03-12,9831
2897,王道銀行,30,4,26,元大-四維,2024-03-12,9831
6499,益安,24,0,24,元大-四維,2024-03-12,9831
1609,大亞,42,19,23,元大-四維,2024-03-12,9831
5469,瀚宇博,22,0,22,元大-四維,2024-03-12,9831
4167,松瑞藥,28,6,22,元大-四維,2024-03-12,9831
2367,燿華,174,153,21,元大-四維,2024-03-12,9831
00933B,國泰10Y+金融債,20,0,20,元大-四維,2024-03-12,9831
1447,力鵬,20,0,20,元大-四維,2024-03-12,9831
5328,華容,20,0,20,元大-四維,2024-03-12,9831
2412,中華電,21,2,19,元大-四維,2024-03-12,9831
2324,仁寶,26,7,19,元大-四維,2024-03-12,9831
4906,正文,23,5,18,元大-四維,2024-03-12,9831
6531,愛普*,21,3,18,元大-四維,2024-03-12,9831
2408,南亞科,19,1,18,元大-四維,2024-03-12,9831
2376,技嘉,29,12,17,元大-四維,2024-03-12,9831
2392,正崴,17,0,17,元大-四維,2024-03-12,9831
4532,瑞智,20,3,17,元大-四維,2024-03-12,9831
4577,達航科技,17,0,17,元大-四維,2024-03-12,9831
2344,華邦電,18,2,16,元大-四維,2024-03-12,9831
3564,其陽,18,2,16,元大-四維,2024-03-12,9831
2606,裕民,40,25,15,元大-四維,2024-03-12,9831
2359,所羅門,21,6,15,元大-四維,2024-03-12,9831
2383,台光電,15,1,14,元大-四維,2024-03-12,9831
00937B,群益ESG投等債20,343,0,343,元大-四維,2024-03-13,9831
00919,群益台灣精選高息,467,177,290,元大-四維,2024-03-13,9831
3231,緯創,194,27,167,元大-四維,2024-03-13,9831
00632R,元大台灣50反1,654,530,124,元大-四維,2024-03-13,9831
00687B,國泰20年美債,123,0,123,元大-四維,2024-03-13,9831
00933B,國泰10Y+金融債,78,3,75,元大-四維,2024-03-13,9831
00918,大華優利高填息30,88,18,70,元大-四維,2024-03-13,9831
1589,永冠-KY,67,5,62,元大-四維,2024-03-13,9831
2359,所羅門,66,5,61,元大-四維,2024-03-13,9831
6120,達運,57,0,57,元大-四維,2024-03-13,9831
6233,旺玖,122,65,57,元大-四維,2024-03-13,9831
9103,美德醫療-DR,56,0,56,元大-四維,2024-03-13,9831
5608,四維航,53,0,53,元大-四維,2024-03-13,9831
6425,易發,53,1,52,元大-四維,2024-03-13,9831
00679B,元大美債20年,63,12,51,元大-四維,2024-03-13,9831
1609,大亞,65,18,47,元大-四維,2024-03-13,9831
3532,台勝科,41,0,41,元大-四維,2024-03-13,9831
2464,盟立,41,1,40,元大-四維,2024-03-13,9831
1513,中興電,315,277,38,元大-四維,2024-03-13,9831
00712,復華富時不動產,45,7,38,元大-四維,2024-03-13,9831
6275,元山,51,13,38,元大-四維,2024-03-13,9831
1312,國喬,33,0,33,元大-四維,2024-03-13,9831
8011,台通,55,24,31,元大-四維,2024-03-13,9831
00688L,國泰20年美債正2,30,0,30,元大-四維,2024-03-13,9831
2401,凌陽,28,0,28,元大-四維,2024-03-13,9831
1524,耿鼎,39,13,26,元大-四維,2024-03-13,9831
2344,華邦電,29,4,25,元大-四維,2024-03-13,9831
00720B,元大投資級公司債,26,2,24,元大-四維,2024-03-13,9831
2408,南亞科,22,0,22,元大-四維,2024-03-13,9831
2323,中環,26,5,21,元大-四維,2024-03-13,9831
2376,技嘉,47,26,21,元大-四維,2024-03-13,9831
4714,永捷,23,3,20,元大-四維,2024-03-13,9831
4916,事欣科,20,0,20,元大-四維,2024-03-13,9831
2511,太子,20,0,20,元大-四維,2024-03-13,9831
8112,至上,22,3,19,元大-四維,2024-03-13,9831
3265,台星科,21,2,19,元大-四維,2024-03-13,9831
00751B,元大AAA至A公司債,19,0,19,元大-四維,2024-03-13,9831
4532,瑞智,19,0,19,元大-四維,2024-03-13,9831
2108,南帝,18,0,18,元大-四維,2024-03-13,9831
00637L,元大滬深300正2,46,28,18,元大-四維,2024-03-13,9831
6187,萬潤,19,1,18,元大-四維,2024-03-13,9831
2498,宏達電,18,1,17,元大-四維,2024-03-13,9831
2340,台亞,17,0,17,元大-四維,2024-03-13,9831
2421,建準,20,3,17,元大-四維,2024-03-13,9831
2365,昆盈,22,5,17,元大-四維,2024-03-13,9831
3443,創意,21,4,17,元大-四維,2024-03-13,9831
3163,波若威,38,21,17,元大-四維,2024-03-13,9831
2206,三陽工業,19,3,16,元大-四維,2024-03-13,9831
3094,聯傑,16,0,16,元大-四維,2024-03-13,9831
3062,建漢,26,10,16,元大-四維,2024-03-13,9831
00919,群益台灣精選高息,749,324,425,元大-四維,2024-03-14,9831
2603,長榮,331,34,297,元大-四維,2024-03-14,9831
00937B,群益ESG投等債20,280,1,279,元大-四維,2024-03-14,9831
2618,長榮航,367,118,249,元大-四維,2024-03-14,9831
00929,復華台灣科技優息,202,86,116,元大-四維,2024-03-14,9831
00918,大華優利高填息30,130,28,102,元大-四維,2024-03-14,9831
00632R,元大台灣50反1,250,150,100,元大-四維,2024-03-14,9831
00751B,元大AAA至A公司債,94,0,94,元大-四維,2024-03-14,9831
00687B,國泰20年美債,85,2,83,元大-四維,2024-03-14,9831
6206,飛捷,60,1,59,元大-四維,2024-03-14,9831
2609,陽明,57,2,55,元大-四維,2024-03-14,9831
2367,燿華,73,21,52,元大-四維,2024-03-14,9831
4174,浩鼎,51,0,51,元大-四維,2024-03-14,9831
1108,幸福,52,1,51,元大-四維,2024-03-14,9831
00931B,統一美債20年,52,2,50,元大-四維,2024-03-14,9831
00650L,復華香港正2,46,0,46,元大-四維,2024-03-14,9831
00679B,元大美債20年,41,0,41,元大-四維,2024-03-14,9831
6026,福邦證,39,1,38,元大-四維,2024-03-14,9831
6217,中探針,36,0,36,元大-四維,2024-03-14,9831
9945,潤泰新,33,3,30,元大-四維,2024-03-14,9831
1316,上曜,44,15,29,元大-四維,2024-03-14,9831
6005,群益證,72,47,25,元大-四維,2024-03-14,9831
00922,國泰台灣領袖50,30,6,24,元大-四維,2024-03-14,9831
4768,晶呈科技,25,2,23,元大-四維,2024-03-14,9831
00637L,元大滬深300正2,71,48,23,元大-四維,2024-03-14,9831
2020,美亞,36,15,21,元大-四維,2024-03-14,9831
6139,亞翔,25,4,21,元大-四維,2024-03-14,9831
00915,凱基優選高股息30,37,17,20,元大-四維,2024-03-14,9831
3231,緯創,73,53,20,元大-四維,2024-03-14,9831
00641R,富邦日本反1,20,0,20,元大-四維,2024-03-14,9831
2867,三商壽,20,0,20,元大-四維,2024-03-14,9831
00933B,國泰10Y+金融債,40,20,20,元大-四維,2024-03-14,9831
8054,安國,22,3,19,元大-四維,2024-03-14,9831
9934,成霖,17,0,17,元大-四維,2024-03-14,9831
1589,永冠-KY,15,0,15,元大-四維,2024-03-14,9831
2303,聯電,44,28,16,元大-四維,2024-03-14,9831
3017,奇鋐,17,2,15,元大-四維,2024-03-14,9831
6443,元晶,15,0,15,元大-四維,2024-03-14,9831
2356,英業達,32,17,15,元大-四維,2024-03-14,9831
2301,光寶科,22,8,14,元大-四維,2024-03-14,9831
4968,立積,18,4,14,元大-四維,2024-03-14,9831
2337,旺宏,21,7,14,元大-四維,2024-03-14,9831
2537,聯上發,14,0,14,元大-四維,2024-03-14,9831
2354,鴻準,24,11,13,元大-四維,2024-03-14,9831
6127,九豪,13,0,13,元大-四維,2024-03-14,9831
2606,裕民,14,2,12,元大-四維,2024-03-14,9831
3645,達邁,12,0,12,元大-四維,2024-03-14,9831
6526,達發,11,0,11,元大-四維,2024-03-14,9831
6176,瑞儀,12,1,11,元大-四維,2024-03-14,9831
2027,大成鋼,17,6,11,元大-四維,2024-03-14,9831
00919,群益台灣精選高息,561,54,507,元大-四維,2024-03-15,9831
2603,長榮,374,27,347,元大-四維,2024-03-15,9831
00941,中信上游半導體,279,18,261,元大-四維,2024-03-15,9831
2889,國票金,222,13,209,元大-四維,2024-03-15,9831
2809,京城銀,200,0,200,元大-四維,2024-03-15,9831
00650L,復華香港正2,181,10,171,元大-四維,2024-03-15,9831
2834,臺企銀,221,63,158,元大-四維,2024-03-15,9831
00929,復華台灣科技優息,209,92,117,元大-四維,2024-03-15,9831
2618,長榮航,134,29,105,元大-四維,2024-03-15,9831
5608,四維航,85,0,85,元大-四維,2024-03-15,9831
2352,佳世達,142,63,79,元大-四維,2024-03-15,9831
00680L,元大美債20正2,79,0,79,元大-四維,2024-03-15,9831
2838,聯邦銀,141,70,71,元大-四維,2024-03-15,9831
00937B,群益ESG投等債20,120,53,67,元大-四維,2024-03-15,9831
00751B,元大AAA至A公司債,64,0,64,元大-四維,2024-03-15,9831
5014,建錩,64,0,64,元大-四維,2024-03-15,9831
00679B,元大美債20年,64,0,64,元大-四維,2024-03-15,9831
00715L,期街口布蘭特正2,53,0,53,元大-四維,2024-03-15,9831
2405,輔信,50,0,50,元大-四維,2024-03-15,9831
1608,華榮,71,23,48,元大-四維,2024-03-15,9831
00918,大華優利高填息30,52,5,47,元大-四維,2024-03-15,9831
9945,潤泰新,45,1,44,元大-四維,2024-03-15,9831
2609,陽明,69,28,41,元大-四維,2024-03-15,9831
00915,凱基優選高股息30,39,2,37,元大-四維,2024-03-15,9831
2606,裕民,37,3,34,元大-四維,2024-03-15,9831
3413,京鼎,36,4,32,元大-四維,2024-03-15,9831
00687B,國泰20年美債,31,0,31,元大-四維,2024-03-15,9831
00665L,富邦�琤肭磪囓�2,41,10,31,元大-四維,2024-03-15,9831
00933B,國泰10Y+金融債,28,0,28,元大-四維,2024-03-15,9831
3714,富采,30,2,28,元大-四維,2024-03-15,9831
1312,國喬,23,0,23,元大-四維,2024-03-15,9831
2888,新光金,24,1,23,元大-四維,2024-03-15,9831
8163,達方,21,0,21,元大-四維,2024-03-15,9831
2408,南亞科,21,0,21,元大-四維,2024-03-15,9831
2029,盛餘,20,0,20,元大-四維,2024-03-15,9831
9904,寶成,34,14,20,元大-四維,2024-03-15,9831
2409,友達,33,14,19,元大-四維,2024-03-15,9831
6190,萬泰科,21,2,19,元大-四維,2024-03-15,9831
2206,三陽工業,19,0,19,元大-四維,2024-03-15,9831
3037,欣興,19,1,18,元大-四維,2024-03-15,9831
9906,欣巴巴,68,50,18,元大-四維,2024-03-15,9831
4714,永捷,51,34,17,元大-四維,2024-03-15,9831
00712,復華富時不動產,17,0,17,元大-四維,2024-03-15,9831
2356,英業達,44,28,16,元大-四維,2024-03-15,9831
2542,興富發,16,0,16,元大-四維,2024-03-15,9831
8996,高力,18,2,16,元大-四維,2024-03-15,9831
00673R,期元大S＆P原油反1,16,0,16,元大-四維,2024-03-15,9831
00927,群益半導體收益,16,0,16,元大-四維,2024-03-15,9831
6125,廣運,32,17,15,元大-四維,2024-03-15,9831
3715,定穎投控,16,1,15,元大-四維,2024-03-15,9831
00720B,元大投資級公司債,314,0,314,元大-四維,2024-03-18,9831
00919,群益台灣精選高息,290,48,242,元大-四維,2024-03-18,9831
00941,中信上游半導體,180,21,159,元大-四維,2024-03-18,9831
2885,元大金,146,8,138,元大-四維,2024-03-18,9831
2834,臺企銀,98,21,77,元大-四維,2024-03-18,9831
2303,聯電,75,5,70,元大-四維,2024-03-18,9831
00632R,元大台灣50反1,112,44,68,元大-四維,2024-03-18,9831
00679B,元大美債20年,62,7,55,元大-四維,2024-03-18,9831
2809,京城銀,50,0,50,元大-四維,2024-03-18,9831
3322,建舜電,52,4,48,元大-四維,2024-03-18,9831
00687B,國泰20年美債,46,0,46,元大-四維,2024-03-18,9831
1108,幸福,46,0,46,元大-四維,2024-03-18,9831
4532,瑞智,50,5,45,元大-四維,2024-03-18,9831
00918,大華優利高填息30,45,1,44,元大-四維,2024-03-18,9831
00857B,永豐20年美公債,43,0,43,元大-四維,2024-03-18,9831
2610,華航,41,0,41,元大-四維,2024-03-18,9831
3413,京鼎,42,1,41,元大-四維,2024-03-18,9831
2408,南亞科,35,0,35,元大-四維,2024-03-18,9831
8112,至上,58,26,32,元大-四維,2024-03-18,9831
2352,佳世達,36,4,32,元大-四維,2024-03-18,9831
00680L,元大美債20正2,57,25,32,元大-四維,2024-03-18,9831
8476,台境*,30,0,30,元大-四維,2024-03-18,9831
2882,國泰金,41,12,29,元大-四維,2024-03-18,9831
2382,廣達,48,19,29,元大-四維,2024-03-18,9831
2002,中鋼,54,26,28,元大-四維,2024-03-18,9831
00712,復華富時不動產,27,0,27,元大-四維,2024-03-18,9831
1802,台玻,33,6,27,元大-四維,2024-03-18,9831
00915,凱基優選高股息30,36,11,25,元大-四維,2024-03-18,9831
2301,光寶科,25,2,23,元大-四維,2024-03-18,9831
3481,群創,47,24,23,元大-四維,2024-03-18,9831
2603,長榮,152,129,23,元大-四維,2024-03-18,9831
1609,大亞,45,23,22,元大-四維,2024-03-18,9831
2349,錸德,23,2,21,元大-四維,2024-03-18,9831
00931B,統一美債20年,20,0,20,元大-四維,2024-03-18,9831
00751B,元大AAA至A公司債,18,0,18,元大-四維,2024-03-18,9831
2356,英業達,62,45,17,元大-四維,2024-03-18,9831
8011,台通,41,24,17,元大-四維,2024-03-18,9831
5014,建錩,15,0,15,元大-四維,2024-03-18,9831
8114,振樺電,15,0,15,元大-四維,2024-03-18,9831
1514,亞力,42,28,14,元大-四維,2024-03-18,9831
00688L,國泰20年美債正2,14,0,14,元大-四維,2024-03-18,9831
2357,華碩,16,2,14,元大-四維,2024-03-18,9831
2363,矽統,19,5,14,元大-四維,2024-03-18,9831
00933B,國泰10Y+金融債,14,0,14,元大-四維,2024-03-18,9831
6111,大宇資,13,0,13,元大-四維,2024-03-18,9831
2637,慧洋-KY,16,4,12,元大-四維,2024-03-18,9831
2451,創見,12,0,12,元大-四維,2024-03-18,9831
2889,國票金,14,2,12,元大-四維,2024-03-18,9831
6217,中探針,18,6,12,元大-四維,2024-03-18,9831
3715,定穎投控,13,2,11,元大-四維,2024-03-18,9831
00720B,元大投資級公司債,317,5,312,元大-四維,2024-03-19,9831
00632R,元大台灣50反1,140,0,140,元大-四維,2024-03-19,9831
2882,國泰金,109,12,97,元大-四維,2024-03-19,9831
00941,中信上游半導體,116,20,96,元大-四維,2024-03-19,9831
00687B,國泰20年美債,82,1,81,元大-四維,2024-03-19,9831
00937B,群益ESG投等債20,80,0,80,元大-四維,2024-03-19,9831
00679B,元大美債20年,79,3,76,元大-四維,2024-03-19,9831
6770,力積電,79,20,59,元大-四維,2024-03-19,9831
00857B,永豐20年美公債,54,0,54,元大-四維,2024-03-19,9831
2353,宏��,69,21,48,元大-四維,2024-03-19,9831
5014,建錩,46,0,46,元大-四維,2024-03-19,9831
2329,華泰,78,33,45,元大-四維,2024-03-19,9831
00706L,期元大S＆P日圓正2,45,0,45,元大-四維,2024-03-19,9831
2356,英業達,115,72,43,元大-四維,2024-03-19,9831
2809,京城銀,44,1,43,元大-四維,2024-03-19,9831
00680L,元大美債20正2,34,3,31,元大-四維,2024-03-19,9831
2885,元大金,35,4,31,元大-四維,2024-03-19,9831
9105,泰金寶-DR,30,2,28,元大-四維,2024-03-19,9831
2371,大同,35,8,27,元大-四維,2024-03-19,9831
2323,中環,39,12,27,元大-四維,2024-03-19,9831
2855,統一證,26,0,26,元大-四維,2024-03-19,9831
9945,潤泰新,27,2,25,元大-四維,2024-03-19,9831
2344,華邦電,23,0,23,元大-四維,2024-03-19,9831
00637L,元大滬深300正2,28,5,23,元大-四維,2024-03-19,9831
3017,奇鋐,31,10,21,元大-四維,2024-03-19,9831
2892,第一金,24,5,19,元大-四維,2024-03-19,9831
5880,合庫金,19,0,19,元大-四維,2024-03-19,9831
2633,台灣高鐵,18,0,18,元大-四維,2024-03-19,9831
2382,廣達,34,16,18,元大-四維,2024-03-19,9831
8064,東捷,28,11,17,元大-四維,2024-03-19,9831
3481,群創,21,5,16,元大-四維,2024-03-19,9831
2515,中工,23,7,16,元大-四維,2024-03-19,9831
6547,高端疫苗,29,13,16,元大-四維,2024-03-19,9831
1717,長興,17,1,16,元大-四維,2024-03-19,9831
4123,晟德,16,0,16,元大-四維,2024-03-19,9831
2317,鴻海,44,29,15,元大-四維,2024-03-19,9831
2618,長榮航,44,29,15,元大-四維,2024-03-19,9831
3702,大聯大,15,0,15,元大-四維,2024-03-19,9831
00915,凱基優選高股息30,17,2,15,元大-四維,2024-03-19,9831
2607,榮運,15,0,15,元大-四維,2024-03-19,9831
4503,金雨,20,6,14,元大-四維,2024-03-19,9831
1314,中石化,35,21,14,元大-四維,2024-03-19,9831
2908,特力,14,0,14,元大-四維,2024-03-19,9831
00712,復華富時不動產,37,23,14,元大-四維,2024-03-19,9831
2610,華航,18,5,13,元大-四維,2024-03-19,9831
3062,建漢,13,0,13,元大-四維,2024-03-19,9831
00753L,中信中國50正2,13,0,13,元大-四維,2024-03-19,9831
3088,艾訊,20,7,13,元大-四維,2024-03-19,9831
1513,中興電,162,149,13,元大-四維,2024-03-19,9831
6139,亞翔,16,3,13,元大-四維,2024-03-19,9831
00939,統一台灣高息動能,869,130,739,元大-四維,2024-03-20,9831
2809,京城銀,300,2,298,元大-四維,2024-03-20,9831
00720B,元大投資級公司債,300,50,250,元大-四維,2024-03-20,9831
00937B,群益ESG投等債20,204,3,201,元大-四維,2024-03-20,9831
2354,鴻準,205,32,173,元大-四維,2024-03-20,9831
2356,英業達,180,39,141,元大-四維,2024-03-20,9831
2834,臺企銀,143,14,129,元大-四維,2024-03-20,9831
2303,聯電,189,69,120,元大-四維,2024-03-20,9831
3481,群創,120,4,116,元大-四維,2024-03-20,9831
2457,飛宏,125,12,113,元大-四維,2024-03-20,9831
2515,中工,104,11,93,元大-四維,2024-03-20,9831
6596,寬宏藝術,80,0,80,元大-四維,2024-03-20,9831
00632R,元大台灣50反1,78,1,77,元大-四維,2024-03-20,9831
6275,元山,53,4,49,元大-四維,2024-03-20,9831
2002,中鋼,51,3,48,元大-四維,2024-03-20,9831
4532,瑞智,69,22,47,元大-四維,2024-03-20,9831
6949,沛爾生醫-創,47,0,47,元大-四維,2024-03-20,9831
1101,台泥,49,6,43,元大-四維,2024-03-20,9831
00637L,元大滬深300正2,58,15,43,元大-四維,2024-03-20,9831
5608,四維航,43,0,43,元大-四維,2024-03-20,9831
2618,長榮航,59,17,42,元大-四維,2024-03-20,9831
2430,燦坤,40,0,40,元大-四維,2024-03-20,9831
4938,和碩,74,36,38,元大-四維,2024-03-20,9831
00679B,元大美債20年,42,4,38,元大-四維,2024-03-20,9831
6901,鑽石投資,45,10,35,元大-四維,2024-03-20,9831
00687B,國泰20年美債,43,11,32,元大-四維,2024-03-20,9831
2885,元大金,33,3,30,元大-四維,2024-03-20,9831
2882,國泰金,31,1,30,元大-四維,2024-03-20,9831
00878,國泰永續高股息,90,60,30,元大-四維,2024-03-20,9831
2344,華邦電,31,2,29,元大-四維,2024-03-20,9831
5880,合庫金,29,0,29,元大-四維,2024-03-20,9831
00921,兆豐龍頭等權重,92,63,29,元大-四維,2024-03-20,9831
2014,中鴻,30,1,29,元大-四維,2024-03-20,9831
6005,群益證,25,0,25,元大-四維,2024-03-20,9831
00941,中信上游半導體,51,26,25,元大-四維,2024-03-20,9831
6016,康和證,24,0,24,元大-四維,2024-03-20,9831
3322,建舜電,24,1,23,元大-四維,2024-03-20,9831
2883,凱基金,53,30,23,元大-四維,2024-03-20,9831
00927,群益半導體收益,22,0,22,元大-四維,2024-03-20,9831
00930,永豐ESG低碳高息,23,2,21,元大-四維,2024-03-20,9831
2634,漢翔,23,2,21,元大-四維,2024-03-20,9831
4162,智擎,21,0,21,元大-四維,2024-03-20,9831
6164,華興,20,0,20,元大-四維,2024-03-20,9831
8926,台汽電,33,15,18,元大-四維,2024-03-20,9831
3231,緯創,72,53,19,元大-四維,2024-03-20,9831
00680L,元大美債20正2,19,2,17,元大-四維,2024-03-20,9831
1513,中興電,43,26,17,元大-四維,2024-03-20,9831
4919,新唐,17,0,17,元大-四維,2024-03-20,9831
9907,統一實,21,5,16,元大-四維,2024-03-20,9831
3033,威健,16,0,16,元大-四維,2024-03-20,9831
00939,統一台灣高息動能,452,78,374,元大-四維,2024-03-21,9831
00720B,元大投資級公司債,232,0,232,元大-四維,2024-03-21,9831
00919,群益台灣精選高息,263,105,158,元大-四維,2024-03-21,9831
00687B,國泰20年美債,153,1,152,元大-四維,2024-03-21,9831
2809,京城銀,130,0,130,元大-四維,2024-03-21,9831
3576,聯合再生,122,21,101,元大-四維,2024-03-21,9831
2515,中工,90,12,78,元大-四維,2024-03-21,9831
1608,華榮,86,9,77,元大-四維,2024-03-21,9831
00715L,期街口布蘭特正2,69,0,69,元大-四維,2024-03-21,9831
2329,華泰,60,4,56,元大-四維,2024-03-21,9831
00632R,元大台灣50反1,501,450,51,元大-四維,2024-03-21,9831
2812,台中銀,48,0,48,元大-四維,2024-03-21,9831
00937B,群益ESG投等債20,53,6,47,元大-四維,2024-03-21,9831
00679B,元大美債20年,48,1,47,元大-四維,2024-03-21,9831
2405,輔信,91,49,42,元大-四維,2024-03-21,9831
4532,瑞智,42,1,41,元大-四維,2024-03-21,9831
4960,誠美材,42,3,39,元大-四維,2024-03-21,9831
3714,富采,36,0,36,元大-四維,2024-03-21,9831
2618,長榮航,49,17,32,元大-四維,2024-03-21,9831
2376,技嘉,42,11,31,元大-四維,2024-03-21,9831
2915,潤泰全,30,1,29,元大-四維,2024-03-21,9831
00680L,元大美債20正2,51,23,28,元大-四維,2024-03-21,9831
3006,晶豪科,40,13,27,元大-四維,2024-03-21,9831
4919,新唐,27,0,27,元大-四維,2024-03-21,9831
2006,東和鋼鐵,35,12,23,元大-四維,2024-03-21,9831
2606,裕民,27,4,23,元大-四維,2024-03-21,9831
2049,上銀,29,7,22,元大-四維,2024-03-21,9831
2834,臺企銀,22,1,21,元大-四維,2024-03-21,9831
00936,台新永續高息中小,20,0,20,元大-四維,2024-03-21,9831
4967,十銓,35,15,20,元大-四維,2024-03-21,9831
4556,旭然,20,1,19,元大-四維,2024-03-21,9831
3023,信邦,21,3,18,元大-四維,2024-03-21,9831
4770,上品,20,3,17,元大-四維,2024-03-21,9831
2603,長榮,81,64,17,元大-四維,2024-03-21,9831
00900,富邦特選高股息30,20,3,17,元大-四維,2024-03-21,9831
00857B,永豐20年美公債,16,0,16,元大-四維,2024-03-21,9831
2353,宏��,33,20,13,元大-四維,2024-03-21,9831
6026,福邦證,15,2,13,元大-四維,2024-03-21,9831
2201,裕隆,13,0,13,元大-四維,2024-03-21,9831
9955,佳龍,13,0,13,元大-四維,2024-03-21,9831
6278,台表科,13,2,11,元大-四維,2024-03-21,9831
6191,精成科,20,9,11,元大-四維,2024-03-21,9831
00669R,國泰美國道瓊反1,11,0,11,元大-四維,2024-03-21,9831
00931B,統一美債20年,11,0,11,元大-四維,2024-03-21,9831
2511,太子,11,0,11,元大-四維,2024-03-21,9831
6282,康舒,15,4,11,元大-四維,2024-03-21,9831
5469,瀚宇博,26,16,10,元大-四維,2024-03-21,9831
3005,神基,59,49,10,元大-四維,2024-03-21,9831
3044,健鼎,11,1,10,元大-四維,2024-03-21,9831
3710,連展投控,10,0,10,元大-四維,2024-03-21,9831
00939,統一台灣高息動能,344,48,296,元大-四維,2024-03-22,9831
00650L,復華香港正2,216,0,216,元大-四維,2024-03-22,9831
00937B,群益ESG投等債20,185,27,158,元大-四維,2024-03-22,9831
00680L,元大美債20正2,155,4,151,元大-四維,2024-03-22,9831
00637L,元大滬深300正2,85,8,77,元大-四維,2024-03-22,9831
2353,宏��,165,102,63,元大-四維,2024-03-22,9831
2892,第一金,58,1,57,元大-四維,2024-03-22,9831
2344,華邦電,63,10,53,元大-四維,2024-03-22,9831
2301,光寶科,114,64,50,元大-四維,2024-03-22,9831
3322,建舜電,47,3,44,元大-四維,2024-03-22,9831
2006,東和鋼鐵,42,0,42,元大-四維,2024-03-22,9831
5243,乙盛-KY,45,3,42,元大-四維,2024-03-22,9831
2888,新光金,45,3,42,元大-四維,2024-03-22,9831
6016,康和證,40,0,40,元大-四維,2024-03-22,9831
2883,凱基金,56,16,40,元大-四維,2024-03-22,9831
8930,青鋼,39,0,39,元大-四維,2024-03-22,9831
00687B,國泰20年美債,41,3,38,元大-四維,2024-03-22,9831
00753L,中信中國50正2,38,2,36,元大-四維,2024-03-22,9831
4127,天良,49,14,35,元大-四維,2024-03-22,9831
00941,中信上游半導體,81,47,34,元大-四維,2024-03-22,9831
2406,國碩,73,41,32,元大-四維,2024-03-22,9831
3617,碩天,30,0,30,元大-四維,2024-03-22,9831
2332,友訊,25,0,25,元大-四維,2024-03-22,9831
9105,泰金寶-DR,26,1,25,元大-四維,2024-03-22,9831
2610,華航,23,0,23,元大-四維,2024-03-22,9831
5508,永信建,22,1,21,元大-四維,2024-03-22,9831
5478,智冠,21,0,21,元大-四維,2024-03-22,9831
2352,佳世達,38,18,20,元大-四維,2024-03-22,9831
1504,東元,62,41,21,元大-四維,2024-03-22,9831
00885,富邦越南,21,1,20,元大-四維,2024-03-22,9831
3033,威健,22,3,19,元大-四維,2024-03-22,9831
5608,四維航,20,2,18,元大-四維,2024-03-22,9831
6443,元晶,96,78,18,元大-四維,2024-03-22,9831
2634,漢翔,21,4,17,元大-四維,2024-03-22,9831
2303,聯電,50,32,18,元大-四維,2024-03-22,9831
4967,十銓,18,1,17,元大-四維,2024-03-22,9831
1723,中碳,17,0,17,元大-四維,2024-03-22,9831
6275,元山,17,1,16,元大-四維,2024-03-22,9831
6235,華孚,20,4,16,元大-四維,2024-03-22,9831
2324,仁寶,36,20,16,元大-四維,2024-03-22,9831
6477,安集,15,0,15,元大-四維,2024-03-22,9831
6026,福邦證,15,0,15,元大-四維,2024-03-22,9831
00927,群益半導體收益,17,2,15,元大-四維,2024-03-22,9831
6244,茂迪,24,9,15,元大-四維,2024-03-22,9831
9904,寶成,15,1,14,元大-四維,2024-03-22,9831
6684,安格,16,2,14,元大-四維,2024-03-22,9831
2603,長榮,130,116,14,元大-四維,2024-03-22,9831
3706,神達,191,178,13,元大-四維,2024-03-22,9831
2630,亞航,20,7,13,元大-四維,2024-03-22,9831
4533,協易機,12,0,12,元大-四維,2024-03-22,9831
00919,群益台灣精選高息,286,41,245,元大-四維,2024-03-25,9831
00941,中信上游半導體,172,21,151,元大-四維,2024-03-25,9831
3706,神達,197,57,140,元大-四維,2024-03-25,9831
8033,雷虎,122,5,117,元大-四維,2024-03-25,9831
00680L,元大美債20正2,156,44,112,元大-四維,2024-03-25,9831
2838,聯邦銀,120,12,108,元大-四維,2024-03-25,9831
4127,天良,106,1,105,元大-四維,2024-03-25,9831
4532,瑞智,102,0,102,元大-四維,2024-03-25,9831
4306,炎洲,101,10,91,元大-四維,2024-03-25,9831
2356,英業達,284,204,80,元大-四維,2024-03-25,9831
1618,合機,104,25,79,元大-四維,2024-03-25,9831
00937B,群益ESG投等債20,83,8,75,元大-四維,2024-03-25,9831
1609,大亞,239,167,72,元大-四維,2024-03-25,9831
2316,楠梓電,81,11,70,元大-四維,2024-03-25,9831
3059,華晶科,94,34,60,元大-四維,2024-03-25,9831
3294,英濟,74,18,56,元大-四維,2024-03-25,9831
2618,長榮航,45,0,45,元大-四維,2024-03-25,9831
00931B,統一美債20年,62,20,42,元大-四維,2024-03-25,9831
00665L,富邦�琤肭磪囓�2,37,0,37,元大-四維,2024-03-25,9831
00939,統一台灣高息動能,114,84,30,元大-四維,2024-03-25,9831
00830,國泰費城半導體,30,0,30,元大-四維,2024-03-25,9831
2301,光寶科,31,2,29,元大-四維,2024-03-25,9831
1714,和桐,28,2,26,元大-四維,2024-03-25,9831
00696B,富邦美債20年,26,0,26,元大-四維,2024-03-25,9831
2303,聯電,42,17,25,元大-四維,2024-03-25,9831
2889,國票金,26,2,24,元大-四維,2024-03-25,9831
2376,技嘉,35,11,24,元大-四維,2024-03-25,9831
5439,高技,36,12,24,元大-四維,2024-03-25,9831
5515,建國,22,0,22,元大-四維,2024-03-25,9831
3264,欣銓,24,2,22,元大-四維,2024-03-25,9831
2352,佳世達,74,53,21,元大-四維,2024-03-25,9831
2006,東和鋼鐵,20,0,20,元大-四維,2024-03-25,9831
00679B,元大美債20年,35,16,19,元大-四維,2024-03-25,9831
2633,台灣高鐵,20,1,19,元大-四維,2024-03-25,9831
2630,亞航,20,1,19,元大-四維,2024-03-25,9831
00712,復華富時不動產,25,6,19,元大-四維,2024-03-25,9831
6016,康和證,18,0,18,元大-四維,2024-03-25,9831
2498,宏達電,27,9,18,元大-四維,2024-03-25,9831
1806,冠軍,23,5,18,元大-四維,2024-03-25,9831
6188,廣明,28,12,16,元大-四維,2024-03-25,9831
3005,神基,22,6,16,元大-四維,2024-03-25,9831
2206,三陽工業,16,0,16,元大-四維,2024-03-25,9831
2884,玉山金,20,4,16,元大-四維,2024-03-25,9831
6668,中揚光,21,6,15,元大-四維,2024-03-25,9831
2464,盟立,23,8,15,元大-四維,2024-03-25,9831
2881,富邦金,14,0,14,元大-四維,2024-03-25,9831
3704,合勤控,18,4,14,元大-四維,2024-03-25,9831
00720B,元大投資級公司債,15,2,13,元大-四維,2024-03-25,9831
6770,力積電,30,17,13,元大-四維,2024-03-25,9831
6257,矽格,12,0,12,元大-四維,2024-03-25,9831
00919,群益台灣精選高息,523,267,256,元大-四維,2024-03-26,9831
00939,統一台灣高息動能,263,70,193,元大-四維,2024-03-26,9831
00929,復華台灣科技優息,230,102,128,元大-四維,2024-03-26,9831
2356,英業達,273,166,107,元大-四維,2024-03-26,9831
2809,京城銀,100,1,99,元大-四維,2024-03-26,9831
6188,廣明,100,7,93,元大-四維,2024-03-26,9831
3231,緯創,149,57,92,元大-四維,2024-03-26,9831
2014,中鴻,108,20,88,元大-四維,2024-03-26,9831
00751B,元大AAA至A公司債,74,0,74,元大-四維,2024-03-26,9831
2317,鴻海,125,54,71,元大-四維,2024-03-26,9831
3481,群創,69,6,63,元大-四維,2024-03-26,9831
00632R,元大台灣50反1,271,210,61,元大-四維,2024-03-26,9831
2838,聯邦銀,60,0,60,元大-四維,2024-03-26,9831
2486,一詮,68,11,57,元大-四維,2024-03-26,9831
2618,長榮航,98,42,56,元大-四維,2024-03-26,9831
3704,合勤控,56,0,56,元大-四維,2024-03-26,9831
4127,天良,60,6,54,元大-四維,2024-03-26,9831
2606,裕民,52,9,43,元大-四維,2024-03-26,9831
2609,陽明,50,14,36,元大-四維,2024-03-26,9831
9105,泰金寶-DR,67,33,34,元大-四維,2024-03-26,9831
00937B,群益ESG投等債20,41,10,31,元大-四維,2024-03-26,9831
00679B,元大美債20年,43,13,30,元大-四維,2024-03-26,9831
4938,和碩,33,7,26,元大-四維,2024-03-26,9831
2344,華邦電,41,16,25,元大-四維,2024-03-26,9831
1597,直得,29,5,24,元大-四維,2024-03-26,9831
5426,振發,44,20,24,元大-四維,2024-03-26,9831
2303,聯電,46,22,24,元大-四維,2024-03-26,9831
8936,國統,36,14,22,元大-四維,2024-03-26,9831
2812,台中銀,22,0,22,元大-四維,2024-03-26,9831
3714,富采,22,1,21,元大-四維,2024-03-26,9831
2365,昆盈,52,32,20,元大-四維,2024-03-26,9831
9902,台火,20,0,20,元大-四維,2024-03-26,9831
1609,大亞,282,263,19,元大-四維,2024-03-26,9831
3027,盛達,20,1,19,元大-四維,2024-03-26,9831
8064,東捷,21,2,19,元大-四維,2024-03-26,9831
3017,奇鋐,24,5,19,元大-四維,2024-03-26,9831
2382,廣達,51,33,18,元大-四維,2024-03-26,9831
4714,永捷,18,0,18,元大-四維,2024-03-26,9831
3265,台星科,25,7,18,元大-四維,2024-03-26,9831
2834,臺企銀,18,2,16,元大-四維,2024-03-26,9831
1514,亞力,85,69,16,元大-四維,2024-03-26,9831
2453,凌群,18,2,16,元大-四維,2024-03-26,9831
4162,智擎,15,0,15,元大-四維,2024-03-26,9831
5493,三聯,15,0,15,元大-四維,2024-03-26,9831
1727,中華化,16,1,15,元大-四維,2024-03-26,9831
6684,安格,14,0,14,元大-四維,2024-03-26,9831
5608,四維航,14,0,14,元大-四維,2024-03-26,9831
00878,國泰永續高股息,56,42,14,元大-四維,2024-03-26,9831
2323,中環,25,12,13,元大-四維,2024-03-26,9831
4908,前鼎,17,4,13,元大-四維,2024-03-26,9831
2515,中工,150,21,129,元大-四維,2024-03-27,9831
2537,聯上發,100,0,100,元大-四維,2024-03-27,9831
2838,聯邦銀,136,42,94,元大-四維,2024-03-27,9831
5880,合庫金,77,0,77,元大-四維,2024-03-27,9831
2301,光寶科,65,5,60,元大-四維,2024-03-27,9831
00939,統一台灣高息動能,103,44,59,元大-四維,2024-03-27,9831
3455,由田,59,2,57,元大-四維,2024-03-27,9831
00715L,期街口布蘭特正2,53,1,52,元大-四維,2024-03-27,9831
2352,佳世達,52,1,51,元大-四維,2024-03-27,9831
4127,天良,61,16,45,元大-四維,2024-03-27,9831
2834,臺企銀,45,0,45,元大-四維,2024-03-27,9831
2888,新光金,64,20,44,元大-四維,2024-03-27,9831
6770,力積電,64,26,38,元大-四維,2024-03-27,9831
2812,台中銀,40,2,38,元大-四維,2024-03-27,9831
2323,中環,43,6,37,元大-四維,2024-03-27,9831
9105,泰金寶-DR,51,16,35,元大-四維,2024-03-27,9831
2630,亞航,44,9,35,元大-四維,2024-03-27,9831
2371,大同,261,227,34,元大-四維,2024-03-27,9831
1605,華新,35,1,34,元大-四維,2024-03-27,9831
1513,中興電,140,107,33,元大-四維,2024-03-27,9831
00720B,元大投資級公司債,32,0,32,元大-四維,2024-03-27,9831
3483,力致,32,1,31,元大-四維,2024-03-27,9831
00919,群益台灣精選高息,214,185,29,元大-四維,2024-03-27,9831
2367,燿華,89,61,28,元大-四維,2024-03-27,9831
00937B,群益ESG投等債20,27,0,27,元大-四維,2024-03-27,9831
00751B,元大AAA至A公司債,26,0,26,元大-四維,2024-03-27,9831
1475,業旺,26,0,26,元大-四維,2024-03-27,9831
2365,昆盈,28,4,24,元大-四維,2024-03-27,9831
2303,聯電,33,10,23,元大-四維,2024-03-27,9831
00632R,元大台灣50反1,21,1,20,元大-四維,2024-03-27,9831
6550,北極星藥業-KY,20,0,20,元大-四維,2024-03-27,9831
00673R,期元大S＆P原油反1,20,0,20,元大-四維,2024-03-27,9831
6164,華興,20,0,20,元大-四維,2024-03-27,9831
00650L,復華香港正2,20,0,20,元大-四維,2024-03-27,9831
2884,玉山金,22,2,20,元大-四維,2024-03-27,9831
3376,新日興,19,1,18,元大-四維,2024-03-27,9831
00665L,富邦�琤肭磪囓�2,17,0,17,元大-四維,2024-03-27,9831
1808,潤隆,20,5,15,元大-四維,2024-03-27,9831
2889,國票金,15,2,13,元大-四維,2024-03-27,9831
3714,富采,25,12,13,元大-四維,2024-03-27,9831
3576,聯合再生,13,0,13,元大-四維,2024-03-27,9831
6191,精成科,16,3,13,元大-四維,2024-03-27,9831
1301,台塑,13,0,13,元大-四維,2024-03-27,9831
1101,台泥,21,8,13,元大-四維,2024-03-27,9831
2465,麗臺,12,0,12,元大-四維,2024-03-27,9831
6274,台燿,27,16,11,元大-四維,2024-03-27,9831
2464,盟立,34,24,10,元大-四維,2024-03-27,9831
8936,國統,15,5,10,元大-四維,2024-03-27,9831
3540,曜越,12,2,10,元大-四維,2024-03-27,9831
8085,福華,10,0,10,元大-四維,2024-03-27,9831
2883,凱基金,237,6,231,元大-四維,2024-03-28,9831
3706,神達,354,176,178,元大-四維,2024-03-28,9831
2002,中鋼,212,42,170,元大-四維,2024-03-28,9831
2634,漢翔,167,12,155,元大-四維,2024-03-28,9831
00632R,元大台灣50反1,140,0,140,元大-四維,2024-03-28,9831
2915,潤泰全,66,4,62,元大-四維,2024-03-28,9831
2344,華邦電,61,7,54,元大-四維,2024-03-28,9831
1314,中石化,104,54,50,元大-四維,2024-03-28,9831
2838,聯邦銀,80,30,50,元大-四維,2024-03-28,9831
2645,長榮航太,52,3,49,元大-四維,2024-03-28,9831
2328,廣宇,133,85,48,元大-四維,2024-03-28,9831
00941,中信上游半導體,55,7,48,元大-四維,2024-03-28,9831
2208,台船,58,12,46,元大-四維,2024-03-28,9831
2354,鴻準,235,192,43,元大-四維,2024-03-28,9831
3231,緯創,78,37,41,元大-四維,2024-03-28,9831
2301,光寶科,60,23,37,元大-四維,2024-03-28,9831
2515,中工,50,16,34,元大-四維,2024-03-28,9831
2816,旺旺保,34,0,34,元大-四維,2024-03-28,9831
1612,宏泰,31,0,31,元大-四維,2024-03-28,9831
2812,台中銀,30,1,29,元大-四維,2024-03-28,9831
00751B,元大AAA至A公司債,29,0,29,元大-四維,2024-03-28,9831
2618,長榮航,62,33,29,元大-四維,2024-03-28,9831
00939,統一台灣高息動能,142,113,29,元大-四維,2024-03-28,9831
2352,佳世達,35,6,29,元大-四維,2024-03-28,9831
2323,中環,36,9,27,元大-四維,2024-03-28,9831
3450,聯鈞,32,8,24,元大-四維,2024-03-28,9831
2406,國碩,27,4,23,元大-四維,2024-03-28,9831
2442,新美齊,22,0,22,元大-四維,2024-03-28,9831
3294,英濟,32,10,22,元大-四維,2024-03-28,9831
3260,威剛,35,13,22,元大-四維,2024-03-28,9831
00764B,群益25年美債,21,0,21,元大-四維,2024-03-28,9831
3005,神基,26,5,21,元大-四維,2024-03-28,9831
2109,華豐,20,0,20,元大-四維,2024-03-28,9831
5608,四維航,20,0,20,元大-四維,2024-03-28,9831
2014,中鴻,26,6,20,元大-四維,2024-03-28,9831
4771,望隼,19,0,19,元大-四維,2024-03-28,9831
5880,合庫金,19,0,19,元大-四維,2024-03-28,9831
2851,中再保,20,2,18,元大-四維,2024-03-28,9831
2408,南亞科,22,5,17,元大-四維,2024-03-28,9831
2356,英業達,39,22,17,元大-四維,2024-03-28,9831
2884,玉山金,43,26,17,元大-四維,2024-03-28,9831
6233,旺玖,16,0,16,元大-四維,2024-03-28,9831
4306,炎洲,27,11,16,元大-四維,2024-03-28,9831
6125,廣運,21,5,16,元大-四維,2024-03-28,9831
2885,元大金,19,4,15,元大-四維,2024-03-28,9831
4961,天鈺,18,4,14,元大-四維,2024-03-28,9831
8110,華東,19,5,14,元大-四維,2024-03-28,9831
1760,寶齡富錦,15,2,13,元大-四維,2024-03-28,9831
2883B,凱基金乙特,13,0,13,元大-四維,2024-03-28,9831
5243,乙盛-KY,24,11,13,元大-四維,2024-03-28,9831
2630,亞航,241,1,240,元大-四維,2024-03-29,9831
00937B,群益ESG投等債20,298,64,234,元大-四維,2024-03-29,9831
2317,鴻海,191,51,140,元大-四維,2024-03-29,9831
2371,大同,182,48,134,元大-四維,2024-03-29,9831
2603,長榮,167,35,132,元大-四維,2024-03-29,9831
2809,京城銀,100,0,100,元大-四維,2024-03-29,9831
1815,富喬,122,33,89,元大-四維,2024-03-29,9831
00939,統一台灣高息動能,143,65,78,元大-四維,2024-03-29,9831
2301,光寶科,90,19,71,元大-四維,2024-03-29,9831
2328,廣宇,76,12,64,元大-四維,2024-03-29,9831
00919,群益台灣精選高息,92,36,56,元大-四維,2024-03-29,9831
2888,新光金,43,0,43,元大-四維,2024-03-29,9831
5508,永信建,38,0,38,元大-四維,2024-03-29,9831
2324,仁寶,44,7,37,元大-四維,2024-03-29,9831
8040,九暘,54,20,34,元大-四維,2024-03-29,9831
8044,網家,33,0,33,元大-四維,2024-03-29,9831
2887,台新金,30,0,30,元大-四維,2024-03-29,9831
3049,精金,30,0,30,元大-四維,2024-03-29,9831
2915,潤泰全,30,0,30,元大-四維,2024-03-29,9831
6179,亞通,44,14,30,元大-四維,2024-03-29,9831
2354,鴻準,67,37,30,元大-四維,2024-03-29,9831
1524,耿鼎,29,0,29,元大-四維,2024-03-29,9831
2316,楠梓電,33,5,28,元大-四維,2024-03-29,9831
4532,瑞智,26,1,25,元大-四維,2024-03-29,9831
2610,華航,28,4,24,元大-四維,2024-03-29,9831
2641,正德,25,2,23,元大-四維,2024-03-29,9831
3706,神達,102,81,21,元大-四維,2024-03-29,9831
2606,裕民,21,0,21,元大-四維,2024-03-29,9831
00632R,元大台灣50反1,21,0,21,元大-四維,2024-03-29,9831
2820,華票,20,0,20,元大-四維,2024-03-29,9831
1714,和桐,20,0,20,元大-四維,2024-03-29,9831
2618,長榮航,72,53,19,元大-四維,2024-03-29,9831
8033,雷虎,23,5,18,元大-四維,2024-03-29,9831
3545,敦泰,17,0,17,元大-四維,2024-03-29,9831
2353,宏��,43,27,16,元大-四維,2024-03-29,9831
2206,三陽工業,18,2,16,元大-四維,2024-03-29,9831
6275,元山,18,2,16,元大-四維,2024-03-29,9831
00687B,國泰20年美債,16,1,15,元大-四維,2024-03-29,9831
3583,辛耘,17,2,15,元大-四維,2024-03-29,9831
9906,欣巴巴,71,56,15,元大-四維,2024-03-29,9831
6233,旺玖,15,0,15,元大-四維,2024-03-29,9831
7402,邑錡,16,1,15,元大-四維,2024-03-29,9831
6196,帆宣,19,5,14,元大-四維,2024-03-29,9831
00922,國泰台灣領袖50,14,0,14,元大-四維,2024-03-29,9831
2421,建準,44,30,14,元大-四維,2024-03-29,9831
4513,福裕,13,0,13,元大-四維,2024-03-29,9831
2812,台中銀,12,0,12,元大-四維,2024-03-29,9831
5222,全訊,11,0,11,元大-四維,2024-03-29,9831
5493,三聯,11,0,11,元大-四維,2024-03-29,9831
2376,技嘉,45,34,11,元大-四維,2024-03-29,9831
00940,元大台灣價值高息,2306,908,1398,元大-四維,2024-04-01,9831
2891,中信金,174,12,162,元大-四維,2024-04-01,9831
2888,新光金,115,6,109,元大-四維,2024-04-01,9831
3231,緯創,164,59,105,元大-四維,2024-04-01,9831
00919,群益台灣精選高息,121,20,101,元大-四維,2024-04-01,9831
00929,復華台灣科技優息,104,6,98,元大-四維,2024-04-01,9831
2356,英業達,131,52,79,元大-四維,2024-04-01,9831
4127,天良,75,0,75,元大-四維,2024-04-01,9831
2352,佳世達,84,13,71,元大-四維,2024-04-01,9831
8085,福華,62,8,54,元大-四維,2024-04-01,9831
0056,元大高股息,61,11,50,元大-四維,2024-04-01,9831
00939,統一台灣高息動能,100,57,43,元大-四維,2024-04-01,9831
00669R,國泰美國道瓊反1,40,0,40,元大-四維,2024-04-01,9831
00941,中信上游半導體,50,12,38,元大-四維,2024-04-01,9831
1582,信錦,38,3,35,元大-四維,2024-04-01,9831
00751B,元大AAA至A公司債,31,0,31,元大-四維,2024-04-01,9831
2609,陽明,31,0,31,元大-四維,2024-04-01,9831
00687B,國泰20年美債,31,0,31,元大-四維,2024-04-01,9831
3711,日月光投控,60,30,30,元大-四維,2024-04-01,9831
2301,光寶科,35,7,28,元大-四維,2024-04-01,9831
2603,長榮,45,19,26,元大-四維,2024-04-01,9831
2885,元大金,30,4,26,元大-四維,2024-04-01,9831
912000,晨訊科-DR,25,0,25,元大-四維,2024-04-01,9831
2506,太設,24,0,24,元大-四維,2024-04-01,9831
1609,大亞,36,13,23,元大-四維,2024-04-01,9831
00679B,元大美債20年,29,6,23,元大-四維,2024-04-01,9831
6244,茂迪,23,0,23,元大-四維,2024-04-01,9831
3481,群創,29,6,23,元大-四維,2024-04-01,9831
3313,斐成,24,2,22,元大-四維,2024-04-01,9831
3691,碩禾,22,0,22,元大-四維,2024-04-01,9831
6239,力成,23,1,22,元大-四維,2024-04-01,9831
3005,神基,25,4,21,元大-四維,2024-04-01,9831
2382,廣達,57,36,21,元大-四維,2024-04-01,9831
00712,復華富時不動產,25,4,21,元大-四維,2024-04-01,9831
6143,振曜,21,1,20,元大-四維,2024-04-01,9831
1504,東元,41,22,19,元大-四維,2024-04-01,9831
5508,永信建,20,2,18,元大-四維,2024-04-01,9831
5347,世界,21,4,17,元大-四維,2024-04-01,9831
3376,新日興,18,1,17,元大-四維,2024-04-01,9831
4938,和碩,20,4,16,元大-四維,2024-04-01,9831
8271,宇瞻,15,0,15,元大-四維,2024-04-01,9831
5880,合庫金,19,5,14,元大-四維,2024-04-01,9831
8074,鉅橡,15,1,14,元大-四維,2024-04-01,9831
6278,台表科,17,3,14,元大-四維,2024-04-01,9831
00632R,元大台灣50反1,23,10,13,元大-四維,2024-04-01,9831
3163,波若威,15,2,13,元大-四維,2024-04-01,9831
2486,一詮,67,54,13,元大-四維,2024-04-01,9831
2308,台達電,15,3,12,元大-四維,2024-04-01,9831
00645,富邦日本,11,0,11,元大-四維,2024-04-01,9831
00720B,元大投資級公司債,11,0,11,元大-四維,2024-04-01,9831
00929,復華台灣科技優息,681,48,633,元大-四維,2024-04-02,9831
00937B,群益ESG投等債20,279,3,276,元大-四維,2024-04-02,9831
00940,元大台灣價值高息,549,276,273,元大-四維,2024-04-02,9831
00632R,元大台灣50反1,343,151,192,元大-四維,2024-04-02,9831
00637L,元大滬深300正2,153,17,136,元大-四維,2024-04-02,9831
00751B,元大AAA至A公司債,135,0,135,元大-四維,2024-04-02,9831
2367,燿華,162,45,117,元大-四維,2024-04-02,9831
6026,福邦證,108,1,107,元大-四維,2024-04-02,9831
00680L,元大美債20正2,104,0,104,元大-四維,2024-04-02,9831
1314,中石化,185,87,98,元大-四維,2024-04-02,9831
2891,中信金,108,13,95,元大-四維,2024-04-02,9831
00679B,元大美債20年,100,10,90,元大-四維,2024-04-02,9831
3363,上詮,85,1,84,元大-四維,2024-04-02,9831
8085,福華,88,5,83,元大-四維,2024-04-02,9831
00941,中信上游半導體,79,0,79,元大-四維,2024-04-02,9831
00633L,富邦上証正2,80,5,75,元大-四維,2024-04-02,9831
2892,第一金,75,1,74,元大-四維,2024-04-02,9831
9105,泰金寶-DR,70,0,70,元大-四維,2024-04-02,9831
00687B,國泰20年美債,68,0,68,元大-四維,2024-04-02,9831
00857B,永豐20年美公債,64,0,64,元大-四維,2024-04-02,9831
2610,華航,61,0,61,元大-四維,2024-04-02,9831
00712,復華富時不動產,57,0,57,元大-四維,2024-04-02,9831
3706,神達,108,55,53,元大-四維,2024-04-02,9831
6770,力積電,56,14,42,元大-四維,2024-04-02,9831
6288,聯嘉,56,14,42,元大-四維,2024-04-02,9831
2838,聯邦銀,40,0,40,元大-四維,2024-04-02,9831
3715,定穎投控,57,24,33,元大-四維,2024-04-02,9831
00931B,統一美債20年,57,26,31,元大-四維,2024-04-02,9831
2888,新光金,38,9,29,元大-四維,2024-04-02,9831
6550,北極星藥業-KY,28,0,28,元大-四維,2024-04-02,9831
6207,雷科,33,9,24,元大-四維,2024-04-02,9831
2603,長榮,34,10,24,元大-四維,2024-04-02,9831
00733,富邦臺灣中小,25,2,23,元大-四維,2024-04-02,9831
2365,昆盈,24,2,22,元大-四維,2024-04-02,9831
1609,大亞,27,6,21,元大-四維,2024-04-02,9831
3540,曜越,25,4,21,元大-四維,2024-04-02,9831
2820,華票,20,0,20,元大-四維,2024-04-02,9831
6226,光鼎,20,0,20,元大-四維,2024-04-02,9831
2634,漢翔,24,5,19,元大-四維,2024-04-02,9831
2630,亞航,20,1,19,元大-四維,2024-04-02,9831
1514,亞力,23,4,19,元大-四維,2024-04-02,9831
00645,富邦日本,18,0,18,元大-四維,2024-04-02,9831
2421,建準,24,6,18,元大-四維,2024-04-02,9831
2352,佳世達,20,2,18,元大-四維,2024-04-02,9831
2324,仁寶,29,12,17,元大-四維,2024-04-02,9831
3016,嘉晶,19,3,16,元大-四維,2024-04-02,9831
8110,華東,16,1,15,元大-四維,2024-04-02,9831
6152,百一,15,0,15,元大-四維,2024-04-02,9831
6189,豐藝,22,7,15,元大-四維,2024-04-02,9831
2344,華邦電,18,4,14,元大-四維,2024-04-02,9831
00940,元大台灣價值高息,538,119,419,元大-四維,2024-04-03,9831
00929,復華台灣科技優息,364,5,359,元大-四維,2024-04-03,9831
2888,新光金,361,10,351,元大-四維,2024-04-03,9831
00720B,元大投資級公司債,241,0,241,元大-四維,2024-04-03,9831
00680L,元大美債20正2,162,0,162,元大-四維,2024-04-03,9831
5880,合庫金,167,11,156,元大-四維,2024-04-03,9831
00679B,元大美債20年,166,17,149,元大-四維,2024-04-03,9831
3481,群創,145,13,132,元大-四維,2024-04-03,9831
2515,中工,223,98,125,元大-四維,2024-04-03,9831
00937B,群益ESG投等債20,145,31,114,元大-四維,2024-04-03,9831
00651R,復華香港反1,111,0,111,元大-四維,2024-04-03,9831
2891,中信金,107,1,106,元大-四維,2024-04-03,9831
00751B,元大AAA至A公司債,80,0,80,元大-四維,2024-04-03,9831
1314,中石化,111,36,75,元大-四維,2024-04-03,9831
00931B,統一美債20年,121,50,71,元大-四維,2024-04-03,9831
8085,福華,67,3,64,元大-四維,2024-04-03,9831
00688L,國泰20年美債正2,54,0,54,元大-四維,2024-04-03,9831
6578,達邦蛋白,50,0,50,元大-四維,2024-04-03,9831
00669R,國泰美國道瓊反1,50,0,50,元大-四維,2024-04-03,9831
2885,元大金,58,12,46,元大-四維,2024-04-03,9831
1587,吉茂,46,2,44,元大-四維,2024-04-03,9831
00941,中信上游半導體,49,6,43,元大-四維,2024-04-03,9831
2884,玉山金,41,0,41,元大-四維,2024-04-03,9831
2618,長榮航,79,39,40,元大-四維,2024-04-03,9831
00933B,國泰10Y+金融債,39,1,38,元大-四維,2024-04-03,9831
00919,群益台灣精選高息,41,5,36,元大-四維,2024-04-03,9831
2323,中環,40,4,36,元大-四維,2024-04-03,9831
2316,楠梓電,35,1,34,元大-四維,2024-04-03,9831
2610,華航,36,3,33,元大-四維,2024-04-03,9831
2609,陽明,34,2,32,元大-四維,2024-04-03,9831
5521,工信,30,0,30,元大-四維,2024-04-03,9831
00687B,國泰20年美債,34,4,30,元大-四維,2024-04-03,9831
3013,晟銘電,40,11,29,元大-四維,2024-04-03,9831
3105,穩懋,26,0,26,元大-四維,2024-04-03,9831
2330,台積電,25,2,23,元大-四維,2024-04-03,9831
00878,國泰永續高股息,26,3,23,元大-四維,2024-04-03,9831
9945,潤泰新,23,0,23,元大-四維,2024-04-03,9831
3032,偉訓,31,8,23,元大-四維,2024-04-03,9831
2367,燿華,32,9,23,元大-四維,2024-04-03,9831
2344,華邦電,27,4,23,元大-四維,2024-04-03,9831
2317,鴻海,58,36,22,元大-四維,2024-04-03,9831
2838,聯邦銀,21,0,21,元大-四維,2024-04-03,9831
00795B,中信美國公債20年,25,5,20,元大-四維,2024-04-03,9831
9103,美德醫療-DR,20,0,20,元大-四維,2024-04-03,9831
1102,亞泥,22,2,20,元大-四維,2024-04-03,9831
2303,聯電,23,3,20,元大-四維,2024-04-03,9831
2354,鴻準,37,17,20,元大-四維,2024-04-03,9831
8936,國統,22,3,19,元大-四維,2024-04-03,9831
2892,第一金,43,24,19,元大-四維,2024-04-03,9831
00927,群益半導體收益,18,0,18,元大-四維,2024-04-03,9831
2888,新光金,326,18,308,元大-四維,2024-04-08,9831
00632R,元大台灣50反1,305,42,263,元大-四維,2024-04-08,9831
00937B,群益ESG投等債20,241,0,241,元大-四維,2024-04-08,9831
00929,復華台灣科技優息,192,14,178,元大-四維,2024-04-08,9831
00720B,元大投資級公司債,130,1,129,元大-四維,2024-04-08,9831
00679B,元大美債20年,145,29,116,元大-四維,2024-04-08,9831
4306,炎洲,110,0,110,元大-四維,2024-04-08,9831
00933B,國泰10Y+金融債,77,0,77,元大-四維,2024-04-08,9831
8033,雷虎,84,19,65,元大-四維,2024-04-08,9831
1609,大亞,100,35,65,元大-四維,2024-04-08,9831
2641,正德,61,0,61,元大-四維,2024-04-08,9831
2356,英業達,66,14,52,元大-四維,2024-04-08,9831
3010,華立,50,0,50,元大-四維,2024-04-08,9831
2360,致茂,47,1,46,元大-四維,2024-04-08,9831
2618,長榮航,71,34,37,元大-四維,2024-04-08,9831
00941,中信上游半導體,35,0,35,元大-四維,2024-04-08,9831
6189,豐藝,35,1,34,元大-四維,2024-04-08,9831
8085,福華,34,0,34,元大-四維,2024-04-08,9831
00931B,統一美債20年,34,0,34,元大-四維,2024-04-08,9831
00772B,中信高評級公司債,33,0,33,元大-四維,2024-04-08,9831
00680L,元大美債20正2,36,6,30,元大-四維,2024-04-08,9831
2324,仁寶,29,0,29,元大-四維,2024-04-08,9831
3105,穩懋,34,6,28,元大-四維,2024-04-08,9831
2615,萬海,30,4,26,元大-四維,2024-04-08,9831
00857B,永豐20年美公債,25,0,25,元大-四維,2024-04-08,9831
2883,凱基金,43,19,24,元大-四維,2024-04-08,9831
2449,京元電子,43,19,24,元大-四維,2024-04-08,9831
6233,旺玖,26,3,23,元大-四維,2024-04-08,9831
2838,聯邦銀,23,0,23,元大-四維,2024-04-08,9831
6761,穩得,21,0,21,元大-四維,2024-04-08,9831
3402,漢科,21,0,21,元大-四維,2024-04-08,9831
4906,正文,21,0,21,元大-四維,2024-04-08,9831
00687B,國泰20年美債,32,12,20,元大-四維,2024-04-08,9831
8926,台汽電,19,0,19,元大-四維,2024-04-08,9831
3605,宏致,19,0,19,元大-四維,2024-04-08,9831
1101,台泥,42,24,18,元大-四維,2024-04-08,9831
5347,世界,21,4,17,元大-四維,2024-04-08,9831
00795B,中信美國公債20年,22,5,17,元大-四維,2024-04-08,9831
1513,中興電,30,13,17,元大-四維,2024-04-08,9831
1475,業旺,16,0,16,元大-四維,2024-04-08,9831
4157,太景*-KY,15,0,15,元大-四維,2024-04-08,9831
7402,邑錡,15,0,15,元大-四維,2024-04-08,9831
2359,所羅門,19,4,15,元大-四維,2024-04-08,9831
2353,宏��,27,14,13,元大-四維,2024-04-08,9831
2809,京城銀,13,0,13,元大-四維,2024-04-08,9831
2371,大同,70,57,13,元大-四維,2024-04-08,9831
1760,寶齡富錦,13,0,13,元大-四維,2024-04-08,9831
3711,日月光投控,27,14,13,元大-四維,2024-04-08,9831
8086,宏捷科,13,0,13,元大-四維,2024-04-08,9831
2850,新產,13,0,13,元大-四維,2024-04-08,9831
2834,臺企銀,300,18,282,元大-四維,2024-04-09,9831
00937B,群益ESG投等債20,200,0,200,元大-四維,2024-04-09,9831
00929,復華台灣科技優息,199,1,198,元大-四維,2024-04-09,9831
2611,志信,129,0,129,元大-四維,2024-04-09,9831
3706,神達,135,9,126,元大-四維,2024-04-09,9831
3231,緯創,159,65,94,元大-四維,2024-04-09,9831
6189,豐藝,87,5,82,元大-四維,2024-04-09,9831
8936,國統,79,3,76,元大-四維,2024-04-09,9831
4138,曜亞,70,0,70,元大-四維,2024-04-09,9831
00940,元大台灣價值高息,216,159,57,元大-四維,2024-04-09,9831
1612,宏泰,100,44,56,元大-四維,2024-04-09,9831
00632R,元大台灣50反1,59,3,56,元大-四維,2024-04-09,9831
2010,春源,51,6,45,元大-四維,2024-04-09,9831
00637L,元大滬深300正2,54,10,44,元大-四維,2024-04-09,9831
1316,上曜,39,2,37,元大-四維,2024-04-09,9831
2329,華泰,38,6,32,元大-四維,2024-04-09,9831
2820,華票,31,0,31,元大-四維,2024-04-09,9831
2313,華通,86,55,31,元大-四維,2024-04-09,9831
2501,國建,37,8,29,元大-四維,2024-04-09,9831
2344,華邦電,34,5,29,元大-四維,2024-04-09,9831
6188,廣明,75,47,28,元大-四維,2024-04-09,9831
2349,錸德,30,2,28,元大-四維,2024-04-09,9831
1504,東元,37,12,25,元大-四維,2024-04-09,9831
00633L,富邦上証正2,25,0,25,元大-四維,2024-04-09,9831
6143,振曜,21,0,21,元大-四維,2024-04-09,9831
2356,英業達,40,20,20,元大-四維,2024-04-09,9831
4540,全球傳動,20,0,20,元大-四維,2024-04-09,9831
2323,中環,20,2,18,元大-四維,2024-04-09,9831
1312,國喬,19,1,18,元大-四維,2024-04-09,9831
1528,恩德,18,0,18,元大-四維,2024-04-09,9831
2069,運錩,17,0,17,元大-四維,2024-04-09,9831
6120,達運,18,2,16,元大-四維,2024-04-09,9831
3005,神基,21,5,16,元大-四維,2024-04-09,9831
00679B,元大美債20年,39,24,15,元大-四維,2024-04-09,9831
3037,欣興,16,1,15,元大-四維,2024-04-09,9831
1475,業旺,15,0,15,元大-四維,2024-04-09,9831
2332,友訊,15,0,15,元大-四維,2024-04-09,9831
2354,鴻準,29,15,14,元大-四維,2024-04-09,9831
2301,光寶科,15,1,14,元大-四維,2024-04-09,9831
6015,宏遠證,13,0,13,元大-四維,2024-04-09,9831
6179,亞通,15,2,13,元大-四維,2024-04-09,9831
3060,銘異,19,6,13,元大-四維,2024-04-09,9831
2352,佳世達,25,13,12,元大-四維,2024-04-09,9831
1513,中興電,36,24,12,元大-四維,2024-04-09,9831
3025,星通,15,3,12,元大-四維,2024-04-09,9831
1805,寶徠,12,0,12,元大-四維,2024-04-09,9831
6235,華孚,13,2,11,元大-四維,2024-04-09,9831
9945,潤泰新,11,0,11,元大-四維,2024-04-09,9831
3036,文曄,12,1,11,元大-四維,2024-04-09,9831
3360,尚立,18,7,11,元大-四維,2024-04-09,9831
2883,凱基金,316,12,304,元大-四維,2024-04-10,9831
2891,中信金,252,44,208,元大-四維,2024-04-10,9831
00937B,群益ESG投等債20,160,2,158,元大-四維,2024-04-10,9831
2014,中鴻,162,7,155,元大-四維,2024-04-10,9831
1314,中石化,139,15,124,元大-四維,2024-04-10,9831
2027,大成鋼,110,4,106,元大-四維,2024-04-10,9831
2618,長榮航,84,1,83,元大-四維,2024-04-10,9831
2367,燿華,126,46,80,元大-四維,2024-04-10,9831
2889,國票金,80,5,75,元大-四維,2024-04-10,9831
2317,鴻海,102,38,64,元大-四維,2024-04-10,9831
2888,新光金,74,11,63,元大-四維,2024-04-10,9831
1514,亞力,103,49,54,元大-四維,2024-04-10,9831
2885,元大金,59,10,49,元大-四維,2024-04-10,9831
2915,潤泰全,50,3,47,元大-四維,2024-04-10,9831
2002,中鋼,57,13,44,元大-四維,2024-04-10,9831
00919,群益台灣精選高息,48,4,44,元大-四維,2024-04-10,9831
6016,康和證,44,1,43,元大-四維,2024-04-10,9831
2812,台中銀,40,0,40,元大-四維,2024-04-10,9831
1513,中興電,48,16,32,元大-四維,2024-04-10,9831
3231,緯創,48,16,32,元大-四維,2024-04-10,9831
2537,聯上發,37,7,30,元大-四維,2024-04-10,9831
00733,富邦臺灣中小,30,1,29,元大-四維,2024-04-10,9831
1608,華榮,192,164,28,元大-四維,2024-04-10,9831
8096,擎亞,57,31,26,元大-四維,2024-04-10,9831
2369,菱生,36,10,26,元大-四維,2024-04-10,9831
2609,陽明,37,12,25,元大-四維,2024-04-10,9831
6026,福邦證,25,0,25,元大-四維,2024-04-10,9831
8936,國統,29,4,25,元大-四維,2024-04-10,9831
2520,冠德,25,0,25,元大-四維,2024-04-10,9831
5604,中連,24,0,24,元大-四維,2024-04-10,9831
5347,世界,25,2,23,元大-四維,2024-04-10,9831
2421,建準,24,3,21,元大-四維,2024-04-10,9831
6667,信紘科,21,0,21,元大-四維,2024-04-10,9831
00679B,元大美債20年,34,14,20,元大-四維,2024-04-10,9831
00715L,期街口布蘭特正2,20,0,20,元大-四維,2024-04-10,9831
2486,一詮,86,66,20,元大-四維,2024-04-10,9831
3059,華晶科,41,21,20,元大-四維,2024-04-10,9831
8358,金居,22,3,19,元大-四維,2024-04-10,9831
1503,士電,54,36,18,元大-四維,2024-04-10,9831
6284,佳邦,18,0,18,元大-四維,2024-04-10,9831
00637L,元大滬深300正2,18,0,18,元大-四維,2024-04-10,9831
5512,力麒,20,3,17,元大-四維,2024-04-10,9831
2038,海光,85,69,16,元大-四維,2024-04-10,9831
2376,技嘉,45,29,16,元大-四維,2024-04-10,9831
2634,漢翔,50,35,15,元大-四維,2024-04-10,9831
2504,國產,21,6,15,元大-四維,2024-04-10,9831
2201,裕隆,15,0,15,元大-四維,2024-04-10,9831
3710,連展投控,15,0,15,元大-四維,2024-04-10,9831
00652,富邦印度,15,0,15,元大-四維,2024-04-10,9831
1734,杏輝,15,0,15,元大-四維,2024-04-10,9831
3481,群創,365,19,346,元大-四維,2024-04-11,9831
00937B,群益ESG投等債20,302,13,289,元大-四維,2024-04-11,9831
00725B,國泰投資級公司債,200,0,200,元大-四維,2024-04-11,9831
00929,復華台灣科技優息,208,20,188,元大-四維,2024-04-11,9831
00679B,元大美債20年,162,9,153,元大-四維,2024-04-11,9831
2317,鴻海,158,68,90,元大-四維,2024-04-11,9831
2645,長榮航太,95,8,87,元大-四維,2024-04-11,9831
00712,復華富時不動產,85,0,85,元大-四維,2024-04-11,9831
00940,元大台灣價值高息,138,56,82,元大-四維,2024-04-11,9831
2882,國泰金,106,26,80,元大-四維,2024-04-11,9831
00687B,國泰20年美債,77,0,77,元大-四維,2024-04-11,9831
00720B,元大投資級公司債,75,2,73,元大-四維,2024-04-11,9831
2208,台船,96,23,73,元大-四維,2024-04-11,9831
00680L,元大美債20正2,72,3,69,元大-四維,2024-04-11,9831
0056,元大高股息,102,36,66,元大-四維,2024-04-11,9831
00632R,元大台灣50反1,65,0,65,元大-四維,2024-04-11,9831
3706,神達,70,8,62,元大-四維,2024-04-11,9831
2409,友達,63,2,61,元大-四維,2024-04-11,9831
2630,亞航,66,8,58,元大-四維,2024-04-11,9831
2344,華邦電,56,2,54,元大-四維,2024-04-11,9831
1314,中石化,74,20,54,元大-四維,2024-04-11,9831
1584,精剛,56,2,54,元大-四維,2024-04-11,9831
00751B,元大AAA至A公司債,52,0,52,元大-四維,2024-04-11,9831
2530,華建,51,0,51,元大-四維,2024-04-11,9831
2405,輔信,51,1,50,元大-四維,2024-04-11,9831
3363,上詮,50,1,49,元大-四維,2024-04-11,9831
1326,台化,41,0,41,元大-四維,2024-04-11,9831
00933B,國泰10Y+金融債,36,2,34,元大-四維,2024-04-11,9831
00772B,中信高評級公司債,33,0,33,元大-四維,2024-04-11,9831
2356,英業達,41,8,33,元大-四維,2024-04-11,9831
3231,緯創,64,32,32,元大-四維,2024-04-11,9831
2014,中鴻,38,6,32,元大-四維,2024-04-11,9831
2352,佳世達,31,0,31,元大-四維,2024-04-11,9831
8390,金益鼎,30,0,30,元大-四維,2024-04-11,9831
1337,再生-KY,29,0,29,元大-四維,2024-04-11,9831
00795B,中信美國公債20年,28,0,28,元大-四維,2024-04-11,9831
00764B,群益25年美債,27,0,27,元大-四維,2024-04-11,9831
00931B,統一美債20年,27,0,27,元大-四維,2024-04-11,9831
1605,華新,35,8,27,元大-四維,2024-04-11,9831
2354,鴻準,36,10,26,元大-四維,2024-04-11,9831
2382,廣達,63,38,25,元大-四維,2024-04-11,9831
1304,台聚,25,0,25,元大-四維,2024-04-11,9831
1513,中興電,105,81,24,元大-四維,2024-04-11,9831
2421,建準,25,2,23,元大-四維,2024-04-11,9831
5880,合庫金,27,5,22,元大-四維,2024-04-11,9831
2303,聯電,39,17,22,元大-四維,2024-04-11,9831
00900,富邦特選高股息30,21,0,21,元大-四維,2024-04-11,9831
2464,盟立,27,7,20,元大-四維,2024-04-11,9831
6257,矽格,24,4,20,元大-四維,2024-04-11,9831
2449,京元電子,25,5,20,元大-四維,2024-04-11,9831
2317,鴻海,568,74,494,元大-四維,2024-04-12,9831
00725B,國泰投資級公司債,202,0,202,元大-四維,2024-04-12,9831
00940,元大台灣價值高息,253,54,199,元大-四維,2024-04-12,9831
2405,輔信,196,4,192,元大-四維,2024-04-12,9831
2515,中工,171,5,166,元大-四維,2024-04-12,9831
2353,宏��,172,37,135,元大-四維,2024-04-12,9831
00918,大華優利高填息30,135,4,131,元大-四維,2024-04-12,9831
2329,華泰,121,7,114,元大-四維,2024-04-12,9831
00929,復華台灣科技優息,117,9,108,元大-四維,2024-04-12,9831
3481,群創,133,26,107,元大-四維,2024-04-12,9831
00680L,元大美債20正2,116,20,96,元大-四維,2024-04-12,9831
2891,中信金,110,23,87,元大-四維,2024-04-12,9831
2888,新光金,85,4,81,元大-四維,2024-04-12,9831
2610,華航,125,45,80,元大-四維,2024-04-12,9831
00687B,國泰20年美債,76,8,68,元大-四維,2024-04-12,9831
2905,三商,86,19,67,元大-四維,2024-04-12,9831
00937B,群益ESG投等債20,68,1,67,元大-四維,2024-04-12,9831
2609,陽明,94,32,62,元大-四維,2024-04-12,9831
1504,東元,142,86,56,元大-四維,2024-04-12,9831
00720B,元大投資級公司債,56,1,55,元大-四維,2024-04-12,9831
2344,華邦電,54,3,51,元大-四維,2024-04-12,9831
00679B,元大美債20年,59,8,51,元大-四維,2024-04-12,9831
2330,台積電,54,6,48,元大-四維,2024-04-12,9831
3673,TPK-KY,50,4,46,元大-四維,2024-04-12,9831
9105,泰金寶-DR,47,2,45,元大-四維,2024-04-12,9831
2537,聯上發,46,1,45,元大-四維,2024-04-12,9831
2885,元大金,55,10,45,元大-四維,2024-04-12,9831
2382,廣達,53,9,44,元大-四維,2024-04-12,9831
00941,中信上游半導體,44,0,44,元大-四維,2024-04-12,9831
2634,漢翔,42,1,41,元大-四維,2024-04-12,9831
00878,國泰永續高股息,39,0,39,元大-四維,2024-04-12,9831
2002,中鋼,58,24,34,元大-四維,2024-04-12,9831
2101,南港,40,7,33,元大-四維,2024-04-12,9831
00751B,元大AAA至A公司債,34,1,33,元大-四維,2024-04-12,9831
2363,矽統,707,677,30,元大-四維,2024-04-12,9831
00933B,國泰10Y+金融債,30,0,30,元大-四維,2024-04-12,9831
2611,志信,30,1,29,元大-四維,2024-04-12,9831
4938,和碩,26,0,26,元大-四維,2024-04-12,9831
00915,凱基優選高股息30,31,6,25,元大-四維,2024-04-12,9831
2014,中鴻,36,13,23,元大-四維,2024-04-12,9831
2618,長榮航,63,40,23,元大-四維,2024-04-12,9831
5880,合庫金,32,9,23,元大-四維,2024-04-12,9831
2356,英業達,67,45,22,元大-四維,2024-04-12,9831
3287,廣寰科,23,1,22,元大-四維,2024-04-12,9831
6116,彩晶,21,0,21,元大-四維,2024-04-12,9831
2449,京元電子,26,5,21,元大-四維,2024-04-12,9831
6112,邁達特,21,0,21,元大-四維,2024-04-12,9831
4113,聯上,25,4,21,元大-四維,2024-04-12,9831
2838,聯邦銀,20,0,20,元大-四維,2024-04-12,9831
1701,中化,20,0,20,元大-四維,2024-04-12,9831
00929,復華台灣科技優息,338,14,324,元大-四維,2024-04-15,9831
00937B,群益ESG投等債20,204,40,164,元大-四維,2024-04-15,9831
2867,三商壽,198,37,161,元大-四維,2024-04-15,9831
2405,輔信,155,13,142,元大-四維,2024-04-15,9831
0056,元大高股息,110,0,110,元大-四維,2024-04-15,9831
4127,天良,133,35,98,元大-四維,2024-04-15,9831
00933B,國泰10Y+金融債,96,5,91,元大-四維,2024-04-15,9831
2317,鴻海,152,62,90,元大-四維,2024-04-15,9831
1513,中興電,194,123,71,元大-四維,2024-04-15,9831
9945,潤泰新,71,1,70,元大-四維,2024-04-15,9831
00680L,元大美債20正2,69,0,69,元大-四維,2024-04-15,9831
00679B,元大美債20年,65,3,62,元大-四維,2024-04-15,9831
2101,南港,61,0,61,元大-四維,2024-04-15,9831
1314,中石化,68,7,61,元大-四維,2024-04-15,9831
00941,中信上游半導體,61,8,53,元大-四維,2024-04-15,9831
00720B,元大投資級公司債,52,2,50,元大-四維,2024-04-15,9831
9105,泰金寶-DR,50,0,50,元大-四維,2024-04-15,9831
1514,亞力,87,38,49,元大-四維,2024-04-15,9831
2332,友訊,48,0,48,元大-四維,2024-04-15,9831
2645,長榮航太,61,14,47,元大-四維,2024-04-15,9831
2344,華邦電,48,2,46,元大-四維,2024-04-15,9831
2489,瑞軒,46,4,42,元大-四維,2024-04-15,9831
2303,聯電,68,31,37,元大-四維,2024-04-15,9831
1785,光洋科,59,22,37,元大-四維,2024-04-15,9831
5880,合庫金,40,7,33,元大-四維,2024-04-15,9831
5425,台半,38,6,32,元大-四維,2024-04-15,9831
2820,華票,32,0,32,元大-四維,2024-04-15,9831
1609,大亞,110,79,31,元大-四維,2024-04-15,9831
9921,巨大,31,0,31,元大-四維,2024-04-15,9831
2888,新光金,35,4,31,元大-四維,2024-04-15,9831
2368,金像電,35,4,31,元大-四維,2024-04-15,9831
00878,國泰永續高股息,40,10,30,元大-四維,2024-04-15,9831
3105,穩懋,31,2,29,元大-四維,2024-04-15,9831
00725B,國泰投資級公司債,29,0,29,元大-四維,2024-04-15,9831
3037,欣興,30,2,28,元大-四維,2024-04-15,9831
2371,大同,660,631,29,元大-四維,2024-04-15,9831
2409,友達,33,5,28,元大-四維,2024-04-15,9831
2374,佳能,39,11,28,元大-四維,2024-04-15,9831
2340,台亞,26,0,26,元大-四維,2024-04-15,9831
2501,國建,35,9,26,元大-四維,2024-04-15,9831
2002,中鋼,28,2,26,元大-四維,2024-04-15,9831
00918,大華優利高填息30,47,22,25,元大-四維,2024-04-15,9831
00905,FT臺灣Smart,25,0,25,元大-四維,2024-04-15,9831
3060,銘異,36,14,22,元大-四維,2024-04-15,9831
8086,宏捷科,21,0,21,元大-四維,2024-04-15,9831
2010,春源,22,1,21,元大-四維,2024-04-15,9831
2330,台積電,26,6,20,元大-四維,2024-04-15,9831
1608,華榮,146,126,20,元大-四維,2024-04-15,9831
3499,環天科,20,0,20,元大-四維,2024-04-15,9831
2618,長榮航,60,40,20,元大-四維,2024-04-15,9831
00940,元大台灣價值高息,1529,117,1412,元大-四維,2024-04-16,9831
00919,群益台灣精選高息,593,191,402,元大-四維,2024-04-16,9831
00937B,群益ESG投等債20,379,25,354,元大-四維,2024-04-16,9831
00632R,元大台灣50反1,592,331,261,元大-四維,2024-04-16,9831
00929,復華台灣科技優息,372,144,228,元大-四維,2024-04-16,9831
2603,長榮,210,9,201,元大-四維,2024-04-16,9831
2838,聯邦銀,190,2,188,元大-四維,2024-04-16,9831
2880,華南金,168,0,168,元大-四維,2024-04-16,9831
2891,中信金,117,2,115,元大-四維,2024-04-16,9831
2618,長榮航,137,23,114,元大-四維,2024-04-16,9831
00939,統一台灣高息動能,121,12,109,元大-四維,2024-04-16,9831
2884,玉山金,123,20,103,元大-四維,2024-04-16,9831
3481,群創,126,23,103,元大-四維,2024-04-16,9831
2344,華邦電,123,27,96,元大-四維,2024-04-16,9831
0056,元大高股息,165,70,95,元大-四維,2024-04-16,9831
2885,元大金,86,1,85,元大-四維,2024-04-16,9831
2208,台船,113,31,82,元大-四維,2024-04-16,9831
8033,雷虎,87,9,78,元大-四維,2024-04-16,9831
9945,潤泰新,81,6,75,元大-四維,2024-04-16,9831
2353,宏��,94,24,70,元大-四維,2024-04-16,9831
2317,鴻海,92,23,69,元大-四維,2024-04-16,9831
00918,大華優利高填息30,73,10,63,元大-四維,2024-04-16,9831
1309,台達化,63,0,63,元大-四維,2024-04-16,9831
2371,大同,392,329,63,元大-四維,2024-04-16,9831
2883,凱基金,100,40,60,元大-四維,2024-04-16,9831
00687B,國泰20年美債,59,0,59,元大-四維,2024-04-16,9831
2867,三商壽,66,8,58,元大-四維,2024-04-16,9831
2506,太設,56,1,55,元大-四維,2024-04-16,9831
8064,東捷,54,0,54,元大-四維,2024-04-16,9831
00712,復華富時不動產,67,15,52,元大-四維,2024-04-16,9831
2308,台達電,50,1,49,元大-四維,2024-04-16,9831
00680L,元大美債20正2,52,4,48,元大-四維,2024-04-16,9831
2303,聯電,84,37,47,元大-四維,2024-04-16,9831
00933B,國泰10Y+金融債,56,10,46,元大-四維,2024-04-16,9831
1609,大亞,275,232,43,元大-四維,2024-04-16,9831
00885,富邦越南,51,9,42,元大-四維,2024-04-16,9831
5880,合庫金,61,21,40,元大-四維,2024-04-16,9831
3363,上詮,40,0,40,元大-四維,2024-04-16,9831
00878,國泰永續高股息,118,79,39,元大-四維,2024-04-16,9831
2449,京元電子,46,9,37,元大-四維,2024-04-16,9831
1314,中石化,77,40,37,元大-四維,2024-04-16,9831
00679B,元大美債20年,57,21,36,元大-四維,2024-04-16,9831
6257,矽格,33,1,32,元大-四維,2024-04-16,9831
2820,華票,30,0,30,元大-四維,2024-04-16,9831
1608,華榮,64,35,29,元大-四維,2024-04-16,9831
2465,麗臺,31,3,28,元大-四維,2024-04-16,9831
00927,群益半導體收益,35,7,28,元大-四維,2024-04-16,9831
00650L,復華香港正2,28,0,28,元大-四維,2024-04-16,9831
1312,國喬,28,1,27,元大-四維,2024-04-16,9831
2881,富邦金,28,2,26,元大-四維,2024-04-16,9831
00933B,國泰10Y+金融債,528,0,528,元大-四維,2024-04-17,9831
00937B,群益ESG投等債20,377,16,361,元大-四維,2024-04-17,9831
00725B,國泰投資級公司債,180,0,180,元大-四維,2024-04-17,9831
2353,宏��,202,60,142,元大-四維,2024-04-17,9831
3706,神達,144,4,140,元大-四維,2024-04-17,9831
3231,緯創,166,26,140,元大-四維,2024-04-17,9831
00679B,元大美債20年,135,0,135,元大-四維,2024-04-17,9831
00929,復華台灣科技優息,123,6,117,元大-四維,2024-04-17,9831
00919,群益台灣精選高息,122,20,102,元大-四維,2024-04-17,9831
0056,元大高股息,111,16,95,元大-四維,2024-04-17,9831
00720B,元大投資級公司債,75,0,75,元大-四維,2024-04-17,9831
1524,耿鼎,70,1,69,元大-四維,2024-04-17,9831
2618,長榮航,79,15,64,元大-四維,2024-04-17,9831
00712,復華富時不動產,50,1,49,元大-四維,2024-04-17,9831
00941,中信上游半導體,46,5,41,元大-四維,2024-04-17,9831
00632R,元大台灣50反1,113,76,37,元大-四維,2024-04-17,9831
00687B,國泰20年美債,35,1,34,元大-四維,2024-04-17,9831
00751B,元大AAA至A公司債,33,0,33,元大-四維,2024-04-17,9831
2368,金像電,34,1,33,元大-四維,2024-04-17,9831
2634,漢翔,35,4,31,元大-四維,2024-04-17,9831
5608,四維航,28,0,28,元大-四維,2024-04-17,9831
2606,裕民,27,0,27,元大-四維,2024-04-17,9831
00857B,永豐20年美公債,27,0,27,元大-四維,2024-04-17,9831
6770,力積電,48,23,25,元大-四維,2024-04-17,9831
6264,富裔,25,0,25,元大-四維,2024-04-17,9831
2610,華航,26,3,23,元大-四維,2024-04-17,9831
2303,聯電,38,16,22,元大-四維,2024-04-17,9831
2371,大同,341,321,20,元大-四維,2024-04-17,9831
1309,台達化,20,0,20,元大-四維,2024-04-17,9831
00795B,中信美國公債20年,20,0,20,元大-四維,2024-04-17,9831
8110,華東,36,16,20,元大-四維,2024-04-17,9831
00772B,中信高評級公司債,20,0,20,元大-四維,2024-04-17,9831
2399,映泰,20,1,19,元大-四維,2024-04-17,9831
9105,泰金寶-DR,25,6,19,元大-四維,2024-04-17,9831
2301,光寶科,24,6,18,元大-四維,2024-04-17,9831
2014,中鴻,20,2,18,元大-四維,2024-04-17,9831
00940,元大台灣價值高息,202,184,18,元大-四維,2024-04-17,9831
1905,華紙,18,0,18,元大-四維,2024-04-17,9831
2356,英業達,28,10,18,元大-四維,2024-04-17,9831
3481,群創,40,22,18,元大-四維,2024-04-17,9831
2317,鴻海,86,68,18,元大-四維,2024-04-17,9831
2867,三商壽,35,18,17,元大-四維,2024-04-17,9831
2363,矽統,46,30,16,元大-四維,2024-04-17,9831
00885,富邦越南,16,0,16,元大-四維,2024-04-17,9831
3025,星通,16,0,16,元大-四維,2024-04-17,9831
3062,建漢,15,0,15,元大-四維,2024-04-17,9831
8096,擎亞,17,2,15,元大-四維,2024-04-17,9831
2428,興勤,14,0,14,元大-四維,2024-04-17,9831
3030,德律,17,3,14,元大-四維,2024-04-17,9831
00724B,群益投資級金融債,13,0,13,元大-四維,2024-04-17,9831
00632R,元大台灣50反1,271,70,201,元大-四維,2024-04-18,9831
00937B,群益ESG投等債20,150,4,146,元大-四維,2024-04-18,9831
2303,聯電,127,26,101,元大-四維,2024-04-18,9831
00941,中信上游半導體,110,14,96,元大-四維,2024-04-18,9831
00929,復華台灣科技優息,99,7,92,元大-四維,2024-04-18,9831
0056,元大高股息,93,3,90,元大-四維,2024-04-18,9831
00940,元大台灣價值高息,161,87,74,元大-四維,2024-04-18,9831
5508,永信建,76,13,63,元大-四維,2024-04-18,9831
3413,京鼎,55,0,55,元大-四維,2024-04-18,9831
00715L,期街口布蘭特正2,53,0,53,元大-四維,2024-04-18,9831
2317,鴻海,60,13,47,元大-四維,2024-04-18,9831
00919,群益台灣精選高息,61,15,46,元大-四維,2024-04-18,9831
1504,東元,72,28,44,元大-四維,2024-04-18,9831
2897,王道銀行,41,0,41,元大-四維,2024-04-18,9831
2838,聯邦銀,70,30,40,元大-四維,2024-04-18,9831
2809,京城銀,43,3,40,元大-四維,2024-04-18,9831
2427,三商電,53,14,39,元大-四維,2024-04-18,9831
00733,富邦臺灣中小,37,0,37,元大-四維,2024-04-18,9831
3231,緯創,64,28,36,元大-四維,2024-04-18,9831
2371,大同,345,311,34,元大-四維,2024-04-18,9831
2504,國產,46,14,32,元大-四維,2024-04-18,9831
6770,力積電,38,7,31,元大-四維,2024-04-18,9831
2891,中信金,30,1,29,元大-四維,2024-04-18,9831
6147,頎邦,30,1,29,元大-四維,2024-04-18,9831
00720B,元大投資級公司債,28,0,28,元大-四維,2024-04-18,9831
5519,隆大,37,9,28,元大-四維,2024-04-18,9831
00931B,統一美債20年,27,0,27,元大-四維,2024-04-18,9831
3027,盛達,25,1,24,元大-四維,2024-04-18,9831
00878,國泰永續高股息,29,5,24,元大-四維,2024-04-18,9831
2329,華泰,37,14,23,元大-四維,2024-04-18,9831
3707,漢磊,27,4,23,元大-四維,2024-04-18,9831
3712,永崴投控,29,8,21,元大-四維,2024-04-18,9831
2330,台積電,46,25,21,元大-四維,2024-04-18,9831
00942B,台新美A公司債20+,20,0,20,元大-四維,2024-04-18,9831
8110,華東,20,0,20,元大-四維,2024-04-18,9831
2603,長榮,20,1,19,元大-四維,2024-04-18,9831
1101,台泥,25,7,18,元大-四維,2024-04-18,9831
3312,弘憶股,50,34,16,元大-四維,2024-04-18,9831
2408,南亞科,18,2,16,元大-四維,2024-04-18,9831
2023,燁輝,16,0,16,元大-四維,2024-04-18,9831
1616,億泰,15,0,15,元大-四維,2024-04-18,9831
3711,日月光投控,14,0,14,元大-四維,2024-04-18,9831
4956,光鋐,16,2,14,元大-四維,2024-04-18,9831
00830,國泰費城半導體,13,0,13,元大-四維,2024-04-18,9831
00687B,國泰20年美債,14,1,13,元大-四維,2024-04-18,9831
8390,金益鼎,14,1,13,元大-四維,2024-04-18,9831
1309,台達化,13,0,13,元大-四維,2024-04-18,9831
6217,中探針,15,2,13,元大-四維,2024-04-18,9831
00650L,復華香港正2,13,0,13,元大-四維,2024-04-18,9831
2610,華航,41,28,13,元大-四維,2024-04-18,9831
00940,元大台灣價值高息,994,217,777,元大-四維,2024-04-19,9831
2618,長榮航,412,21,391,元大-四維,2024-04-19,9831
00929,復華台灣科技優息,601,353,248,元大-四維,2024-04-19,9831
2303,聯電,236,14,222,元大-四維,2024-04-19,9831
1314,中石化,324,136,188,元大-四維,2024-04-19,9831
2885,元大金,178,6,172,元大-四維,2024-04-19,9831
00941,中信上游半導體,193,39,154,元大-四維,2024-04-19,9831
2330,台積電,156,15,141,元大-四維,2024-04-19,9831
00878,國泰永續高股息,177,37,140,元大-四維,2024-04-19,9831
00919,群益台灣精選高息,271,132,139,元大-四維,2024-04-19,9831
2208,台船,158,22,136,元大-四維,2024-04-19,9831
5880,合庫金,137,18,119,元大-四維,2024-04-19,9831
2353,宏��,156,44,112,元大-四維,2024-04-19,9831
3231,緯創,175,63,112,元大-四維,2024-04-19,9831
3481,群創,214,105,109,元大-四維,2024-04-19,9831
2834,臺企銀,113,4,109,元大-四維,2024-04-19,9831
2317,鴻海,154,66,88,元大-四維,2024-04-19,9831
0056,元大高股息,187,106,81,元大-四維,2024-04-19,9831
3037,欣興,76,0,76,元大-四維,2024-04-19,9831
1101,台泥,80,5,75,元大-四維,2024-04-19,9831
1309,台達化,71,0,71,元大-四維,2024-04-19,9831
2897,王道銀行,68,1,67,元大-四維,2024-04-19,9831
2329,華泰,87,24,63,元大-四維,2024-04-19,9831
6189,豐藝,62,1,61,元大-四維,2024-04-19,9831
4167,松瑞藥,69,10,59,元大-四維,2024-04-19,9831
2838,聯邦銀,50,0,50,元大-四維,2024-04-19,9831
5347,世界,52,3,49,元大-四維,2024-04-19,9831
00939,統一台灣高息動能,55,6,49,元大-四維,2024-04-19,9831
2363,矽統,62,18,44,元大-四維,2024-04-19,9831
2344,華邦電,48,7,41,元大-四維,2024-04-19,9831
2201,裕隆,36,0,36,元大-四維,2024-04-19,9831
3312,弘憶股,42,7,35,元大-四維,2024-04-19,9831
2504,國產,54,19,35,元大-四維,2024-04-19,9831
1609,大亞,543,511,32,元大-四維,2024-04-19,9831
3715,定穎投控,33,1,32,元大-四維,2024-04-19,9831
2371,大同,685,654,31,元大-四維,2024-04-19,9831
3707,漢磊,33,3,30,元大-四維,2024-04-19,9831
3714,富采,36,6,30,元大-四維,2024-04-19,9831
5512,力麒,84,55,29,元大-四維,2024-04-19,9831
2547,日勝生,47,19,28,元大-四維,2024-04-19,9831
1808,潤隆,27,0,27,元大-四維,2024-04-19,9831
1524,耿鼎,27,0,27,元大-四維,2024-04-19,9831
00712,復華富時不動產,38,11,27,元大-四維,2024-04-19,9831
00923,群益台ESG低碳50,27,0,27,元大-四維,2024-04-19,9831
2890,永豐金,26,0,26,元大-四維,2024-04-19,9831
00937B,群益ESG投等債20,39,14,25,元大-四維,2024-04-19,9831
3027,盛達,40,15,25,元大-四維,2024-04-19,9831
2634,漢翔,40,15,25,元大-四維,2024-04-19,9831
4157,太景*-KY,39,15,24,元大-四維,2024-04-19,9831
6782,視陽,33,9,24,元大-四維,2024-04-19,9831
2303,聯電,422,8,414,元大-四維,2024-04-22,9831
00929,復華台灣科技優息,353,47,306,元大-四維,2024-04-22,9831
1802,台玻,151,1,150,元大-四維,2024-04-22,9831
00919,群益台灣精選高息,181,34,147,元大-四維,2024-04-22,9831
5515,建國,120,19,101,元大-四維,2024-04-22,9831
00939,統一台灣高息動能,103,5,98,元大-四維,2024-04-22,9831
2371,大同,547,450,97,元大-四維,2024-04-22,9831
00715L,期街口布蘭特正2,100,5,95,元大-四維,2024-04-22,9831
2537,聯上發,98,7,91,元大-四維,2024-04-22,9831
2498,宏達電,101,11,90,元大-四維,2024-04-22,9831
1605,華新,119,33,86,元大-四維,2024-04-22,9831
3231,緯創,80,15,65,元大-四維,2024-04-22,9831
0056,元大高股息,84,21,63,元大-四維,2024-04-22,9831
3703,欣陸,101,38,63,元大-四維,2024-04-22,9831
2607,榮運,68,8,60,元大-四維,2024-04-22,9831
3481,群創,83,24,59,元大-四維,2024-04-22,9831
5512,力麒,95,41,54,元大-四維,2024-04-22,9831
1609,大亞,441,387,54,元大-四維,2024-04-22,9831
2913,農林,75,22,53,元大-四維,2024-04-22,9831
3711,日月光投控,55,4,51,元大-四維,2024-04-22,9831
00878,國泰永續高股息,52,5,47,元大-四維,2024-04-22,9831
00937B,群益ESG投等債20,105,64,41,元大-四維,2024-04-22,9831
2329,華泰,56,17,39,元大-四維,2024-04-22,9831
5508,永信建,57,18,39,元大-四維,2024-04-22,9831
2409,友達,75,36,39,元大-四維,2024-04-22,9831
6177,達麗,40,1,39,元大-四維,2024-04-22,9831
5533,皇鼎,41,2,39,元大-四維,2024-04-22,9831
6189,豐藝,41,3,38,元大-四維,2024-04-22,9831
5534,長虹,42,5,37,元大-四維,2024-04-22,9831
2014,中鴻,35,0,35,元大-四維,2024-04-22,9831
8936,國統,72,38,34,元大-四維,2024-04-22,9831
2547,日勝生,61,28,33,元大-四維,2024-04-22,9831
2509,全坤建,41,9,32,元大-四維,2024-04-22,9831
2408,南亞科,30,0,30,元大-四維,2024-04-22,9831
4532,瑞智,54,25,29,元大-四維,2024-04-22,9831
4588,玖鼎電力,29,0,29,元大-四維,2024-04-22,9831
1618,合機,69,41,28,元大-四維,2024-04-22,9831
6125,廣運,41,15,26,元大-四維,2024-04-22,9831
00941,中信上游半導體,27,2,25,元大-四維,2024-04-22,9831
1314,中石化,285,260,25,元大-四維,2024-04-22,9831
2382,廣達,33,9,24,元大-四維,2024-04-22,9831
2504,國產,35,11,24,元大-四維,2024-04-22,9831
1452,宏益,23,0,23,元大-四維,2024-04-22,9831
3490,單井,23,0,23,元大-四維,2024-04-22,9831
2317,鴻海,54,31,23,元大-四維,2024-04-22,9831
6505,台塑化,30,8,22,元大-四維,2024-04-22,9831
00720B,元大投資級公司債,21,0,21,元大-四維,2024-04-22,9831
2383,台光電,24,3,21,元大-四維,2024-04-22,9831
3052,夆典,23,2,21,元大-四維,2024-04-22,9831
6770,力積電,23,2,21,元大-四維,2024-04-22,9831
1605,華新,436,34,402,元大-四維,2024-04-23,9831
00940,元大台灣價值高息,232,71,161,元大-四維,2024-04-23,9831
2882,國泰金,169,12,157,元大-四維,2024-04-23,9831
00632R,元大台灣50反1,161,10,151,元大-四維,2024-04-23,9831
00929,復華台灣科技優息,156,30,126,元大-四維,2024-04-23,9831
3512,皇龍,92,0,92,元大-四維,2024-04-23,9831
2547,日勝生,107,18,89,元大-四維,2024-04-23,9831
2367,燿華,91,5,86,元大-四維,2024-04-23,9831
00933B,國泰10Y+金融債,44,1,43,元大-四維,2024-04-23,9831
5522,遠雄,43,1,42,元大-四維,2024-04-23,9831
4513,福裕,41,0,41,元大-四維,2024-04-23,9831
5533,皇鼎,50,11,39,元大-四維,2024-04-23,9831
1314,中石化,79,44,35,元大-四維,2024-04-23,9831
6005,群益證,35,1,34,元大-四維,2024-04-23,9831
00637L,元大滬深300正2,33,0,33,元大-四維,2024-04-23,9831
1617,榮星,36,3,33,元大-四維,2024-04-23,9831
3025,星通,32,0,32,元大-四維,2024-04-23,9831
3715,定穎投控,31,1,30,元大-四維,2024-04-23,9831
3576,聯合再生,57,28,29,元大-四維,2024-04-23,9831
5512,力麒,30,3,27,元大-四維,2024-04-23,9831
2885,元大金,26,0,26,元大-四維,2024-04-23,9831
00931B,統一美債20年,26,0,26,元大-四維,2024-04-23,9831
2634,漢翔,31,6,25,元大-四維,2024-04-23,9831
3059,華晶科,27,2,25,元大-四維,2024-04-23,9831
2888,新光金,40,18,22,元大-四維,2024-04-23,9831
6177,達麗,20,0,20,元大-四維,2024-04-23,9831
2317,鴻海,21,2,19,元大-四維,2024-04-23,9831
0056,元大高股息,26,8,18,元大-四維,2024-04-23,9831
1101,台泥,29,12,17,元大-四維,2024-04-23,9831
1612,宏泰,19,2,17,元大-四維,2024-04-23,9831
1584,精剛,15,0,15,元大-四維,2024-04-23,9831
4588,玖鼎電力,15,0,15,元大-四維,2024-04-23,9831
00680L,元大美債20正2,15,0,15,元大-四維,2024-04-23,9831
1301,台塑,15,1,14,元大-四維,2024-04-23,9831
1603,華電,25,12,13,元大-四維,2024-04-23,9831
2449,京元電子,20,7,13,元大-四維,2024-04-23,9831
9902,台火,15,3,12,元大-四維,2024-04-23,9831
2344,華邦電,12,0,12,元大-四維,2024-04-23,9831
2428,興勤,16,4,12,元大-四維,2024-04-23,9831
6101,寬魚國際,12,0,12,元大-四維,2024-04-23,9831
2382,廣達,16,4,12,元大-四維,2024-04-23,9831
1220,台榮,11,0,11,元大-四維,2024-04-23,9831
3312,弘憶股,11,0,11,元大-四維,2024-04-23,9831
1785,光洋科,12,1,11,元大-四維,2024-04-23,9831
00642U,期元大S＆P石油,10,0,10,元大-四維,2024-04-23,9831
6179,亞通,10,0,10,元大-四維,2024-04-23,9831
4420,光明,10,0,10,元大-四維,2024-04-23,9831
4909,新復興,15,5,10,元大-四維,2024-04-23,9831
3003,健和興,11,1,10,元大-四維,2024-04-23,9831
2303,聯電,20,10,10,元大-四維,2024-04-23,9831
2882,國泰金,831,23,808,元大-四維,2024-04-24,9831
00632R,元大台灣50反1,221,70,151,元大-四維,2024-04-24,9831
00929,復華台灣科技優息,139,24,115,元大-四維,2024-04-24,9831
3512,皇龍,86,0,86,元大-四維,2024-04-24,9831
00939,統一台灣高息動能,87,7,80,元大-四維,2024-04-24,9831
2547,日勝生,83,13,70,元大-四維,2024-04-24,9831
00933B,國泰10Y+金融債,61,0,61,元大-四維,2024-04-24,9831
2838,聯邦銀,70,11,59,元大-四維,2024-04-24,9831
5508,永信建,56,0,56,元大-四維,2024-04-24,9831
2101,南港,73,18,55,元大-四維,2024-04-24,9831
2610,華航,184,130,54,元大-四維,2024-04-24,9831
00919,群益台灣精選高息,55,6,49,元大-四維,2024-04-24,9831
1616,億泰,48,3,45,元大-四維,2024-04-24,9831
2883,凱基金,61,20,41,元大-四維,2024-04-24,9831
2027,大成鋼,41,0,41,元大-四維,2024-04-24,9831
2812,台中銀,40,0,40,元大-四維,2024-04-24,9831
2537,聯上發,42,4,38,元大-四維,2024-04-24,9831
2323,中環,38,0,38,元大-四維,2024-04-24,9831
2501,國建,64,26,38,元大-四維,2024-04-24,9831
1608,華榮,49,14,35,元大-四維,2024-04-24,9831
2890,永豐金,35,0,35,元大-四維,2024-04-24,9831
00679B,元大美債20年,59,25,34,元大-四維,2024-04-24,9831
00937B,群益ESG投等債20,32,0,32,元大-四維,2024-04-24,9831
1314,中石化,83,52,31,元大-四維,2024-04-24,9831
4306,炎洲,37,7,30,元大-四維,2024-04-24,9831
2009,第一銅,47,19,28,元大-四維,2024-04-24,9831
00637L,元大滬深300正2,31,4,27,元大-四維,2024-04-24,9831
5512,力麒,35,9,26,元大-四維,2024-04-24,9831
2891,中信金,27,1,26,元大-四維,2024-04-24,9831
1234,黑松,25,0,25,元大-四維,2024-04-24,9831
1609,大亞,326,301,25,元大-四維,2024-04-24,9831
00931B,統一美債20年,25,1,24,元大-四維,2024-04-24,9831
2520,冠德,54,30,24,元大-四維,2024-04-24,9831
2489,瑞軒,31,7,24,元大-四維,2024-04-24,9831
2374,佳能,25,2,23,元大-四維,2024-04-24,9831
2409,友達,28,5,23,元大-四維,2024-04-24,9831
0056,元大高股息,26,3,23,元大-四維,2024-04-24,9831
3708,上緯投控,36,15,21,元大-四維,2024-04-24,9831
2867,三商壽,22,1,21,元大-四維,2024-04-24,9831
3715,定穎投控,26,6,20,元大-四維,2024-04-24,9831
1409,新纖,20,0,20,元大-四維,2024-04-24,9831
6761,穩得,20,0,20,元大-四維,2024-04-24,9831
3499,環天科,20,0,20,元大-四維,2024-04-24,9831
2886,兆豐金,32,13,19,元大-四維,2024-04-24,9831
6005,群益證,19,0,19,元大-四維,2024-04-24,9831
2014,中鴻,20,1,19,元大-四維,2024-04-24,9831
2515,中工,48,30,18,元大-四維,2024-04-24,9831
9105,泰金寶-DR,20,2,18,元大-四維,2024-04-24,9831
3686,達能,19,2,17,元大-四維,2024-04-24,9831
00687B,國泰20年美債,17,0,17,元大-四維,2024-04-24,9831
2882,國泰金,1012,4,1008,元大-四維,2024-04-25,9831
00940,元大台灣價值高息,800,13,787,元大-四維,2024-04-25,9831
00882,中信中國高股息,303,19,284,元大-四維,2024-04-25,9831
3512,皇龍,148,1,147,元大-四維,2024-04-25,9831
2515,中工,215,76,139,元大-四維,2024-04-25,9831
1316,上曜,138,6,132,元大-四維,2024-04-25,9831
00935,野村臺灣新科技50,106,1,105,元大-四維,2024-04-25,9831
2891,中信金,101,6,95,元大-四維,2024-04-25,9831
2537,聯上發,101,17,84,元大-四維,2024-04-25,9831
2607,榮運,67,0,67,元大-四維,2024-04-25,9831
5880,合庫金,62,0,62,元大-四維,2024-04-25,9831
2885,元大金,57,3,54,元大-四維,2024-04-25,9831
2838,聯邦銀,50,0,50,元大-四維,2024-04-25,9831
00929,復華台灣科技優息,220,171,49,元大-四維,2024-04-25,9831
2317,鴻海,68,19,49,元大-四維,2024-04-25,9831
3081,聯亞,44,0,44,元大-四維,2024-04-25,9831
2542,興富發,46,2,44,元大-四維,2024-04-25,9831
00680L,元大美債20正2,43,1,42,元大-四維,2024-04-25,9831
9105,泰金寶-DR,42,0,42,元大-四維,2024-04-25,9831
1504,東元,46,7,39,元大-四維,2024-04-25,9831
00878,國泰永續高股息,40,2,38,元大-四維,2024-04-25,9831
3715,定穎投控,38,1,37,元大-四維,2024-04-25,9831
2504,國產,54,18,36,元大-四維,2024-04-25,9831
00687B,國泰20年美債,37,1,36,元大-四維,2024-04-25,9831
2892,第一金,35,0,35,元大-四維,2024-04-25,9831
2883,凱基金,33,0,33,元大-四維,2024-04-25,9831
8255,朋程,31,0,31,元大-四維,2024-04-25,9831
00933B,國泰10Y+金融債,30,0,30,元大-四維,2024-04-25,9831
6244,茂迪,31,1,30,元大-四維,2024-04-25,9831
2330,台積電,30,2,28,元大-四維,2024-04-25,9831
3338,泰碩,41,13,28,元大-四維,2024-04-25,9831
00720B,元大投資級公司債,22,0,22,元大-四維,2024-04-25,9831
2353,宏��,26,4,22,元大-四維,2024-04-25,9831
1101,台泥,21,0,21,元大-四維,2024-04-25,9831
8086,宏捷科,23,2,21,元大-四維,2024-04-25,9831
1612,宏泰,72,54,18,元大-四維,2024-04-25,9831
1617,榮星,19,1,18,元大-四維,2024-04-25,9831
6548,長科*,43,25,18,元大-四維,2024-04-25,9831
3013,晟銘電,43,25,18,元大-四維,2024-04-25,9831
2303,聯電,29,12,17,元大-四維,2024-04-25,9831
1560,中砂,28,11,17,元大-四維,2024-04-25,9831
2367,燿華,23,6,17,元大-四維,2024-04-25,9831
0056,元大高股息,38,22,16,元大-四維,2024-04-25,9831
2406,國碩,25,10,15,元大-四維,2024-04-25,9831
00751B,元大AAA至A公司債,15,0,15,元大-四維,2024-04-25,9831
1536,和大,15,0,15,元大-四維,2024-04-25,9831
00679B,元大美債20年,39,24,15,元大-四維,2024-04-25,9831
2359,所羅門,37,22,15,元大-四維,2024-04-25,9831
3661,世芯-KY,25,10,15,元大-四維,2024-04-25,9831
2913,農林,18,5,13,元大-四維,2024-04-25,9831
00680L,元大美債20正2,312,4,308,元大-四維,2024-04-26,9831
00937B,群益ESG投等債20,257,20,237,元大-四維,2024-04-26,9831
00651R,復華香港反1,123,0,123,元大-四維,2024-04-26,9831
2534,宏盛,105,0,105,元大-四維,2024-04-26,9831
3512,皇龍,105,0,105,元大-四維,2024-04-26,9831
2537,聯上發,94,11,83,元大-四維,2024-04-26,9831
00632R,元大台灣50反1,121,51,70,元大-四維,2024-04-26,9831
00679B,元大美債20年,78,9,69,元大-四維,2024-04-26,9831
1316,上曜,58,2,56,元大-四維,2024-04-26,9831
2408,南亞科,70,14,56,元大-四維,2024-04-26,9831
00725B,國泰投資級公司債,51,0,51,元大-四維,2024-04-26,9831
2363,矽統,54,13,41,元大-四維,2024-04-26,9831
00882,中信中國高股息,45,4,41,元大-四維,2024-04-26,9831
1504,東元,44,4,40,元大-四維,2024-04-26,9831
1440,南紡,66,28,38,元大-四維,2024-04-26,9831
00929,復華台灣科技優息,51,14,37,元大-四維,2024-04-26,9831
2634,漢翔,48,16,32,元大-四維,2024-04-26,9831
3483,力致,40,8,32,元大-四維,2024-04-26,9831
6177,達麗,32,1,31,元大-四維,2024-04-26,9831
00650L,復華香港正2,50,20,30,元大-四維,2024-04-26,9831
2014,中鴻,34,5,29,元大-四維,2024-04-26,9831
2406,國碩,30,1,29,元大-四維,2024-04-26,9831
3037,欣興,35,8,27,元大-四維,2024-04-26,9831
3213,茂訊,27,0,27,元大-四維,2024-04-26,9831
2867,三商壽,25,0,25,元大-四維,2024-04-26,9831
2883,凱基金,37,12,25,元大-四維,2024-04-26,9831
2009,第一銅,38,14,24,元大-四維,2024-04-26,9831
0056,元大高股息,23,0,23,元大-四維,2024-04-26,9831
00720B,元大投資級公司債,23,0,23,元大-四維,2024-04-26,9831
1301,台塑,22,0,22,元大-四維,2024-04-26,9831
00941,中信上游半導體,21,0,21,元大-四維,2024-04-26,9831
6451,訊芯-KY,23,2,21,元大-四維,2024-04-26,9831
1234,黑松,21,0,21,元大-四維,2024-04-26,9831
1436,華友聯,20,0,20,元大-四維,2024-04-26,9831
6282,康舒,22,2,20,元大-四維,2024-04-26,9831
3231,緯創,41,21,20,元大-四維,2024-04-26,9831
2371,大同,551,531,20,元大-四維,2024-04-26,9831
1409,新纖,20,0,20,元大-四維,2024-04-26,9831
00687B,國泰20年美債,19,0,19,元大-四維,2024-04-26,9831
6548,長科*,18,1,17,元大-四維,2024-04-26,9831
5880,合庫金,19,3,16,元大-四維,2024-04-26,9831
1584,精剛,16,0,16,元大-四維,2024-04-26,9831
3706,神達,23,7,16,元大-四維,2024-04-26,9831
8110,華東,18,2,16,元大-四維,2024-04-26,9831
9946,三發地產,16,1,15,元大-四維,2024-04-26,9831
3645,達邁,15,0,15,元大-四維,2024-04-26,9831
3481,群創,32,18,14,元大-四維,2024-04-26,9831
00878,國泰永續高股息,46,32,14,元大-四維,2024-04-26,9831
3338,泰碩,22,8,14,元大-四維,2024-04-26,9831
3715,定穎投控,15,1,14,元大-四維,2024-04-26,9831
2882,國泰金,911,59,852,元大-四維,2024-04-29,9831
2618,長榮航,503,282,221,元大-四維,2024-04-29,9831
8096,擎亞,239,25,214,元大-四維,2024-04-29,9831
00715L,期街口布蘭特正2,160,0,160,元大-四維,2024-04-29,9831
00650L,復華香港正2,124,0,124,元大-四維,2024-04-29,9831
00632R,元大台灣50反1,170,48,122,元大-四維,2024-04-29,9831
2363,矽統,233,112,121,元大-四維,2024-04-29,9831
1605,華新,109,6,103,元大-四維,2024-04-29,9831
00679B,元大美債20年,82,6,76,元大-四維,2024-04-29,9831
3234,光環,86,27,59,元大-四維,2024-04-29,9831
9945,潤泰新,101,45,56,元大-四維,2024-04-29,9831
2010,春源,53,3,50,元大-四維,2024-04-29,9831
2515,中工,214,167,47,元大-四維,2024-04-29,9831
4720,德淵,95,51,44,元大-四維,2024-04-29,9831
2836,高雄銀,40,0,40,元大-四維,2024-04-29,9831
2101,南港,46,9,37,元大-四維,2024-04-29,9831
2634,漢翔,36,3,33,元大-四維,2024-04-29,9831
1609,大亞,125,93,32,元大-四維,2024-04-29,9831
1109,信大,30,0,30,元大-四維,2024-04-29,9831
3027,盛達,29,0,29,元大-四維,2024-04-29,9831
2609,陽明,219,191,28,元大-四維,2024-04-29,9831
00753L,中信中國50正2,28,1,27,元大-四維,2024-04-29,9831
1617,榮星,27,1,26,元大-四維,2024-04-29,9831
00722B,群益投資級電信債,22,0,22,元大-四維,2024-04-29,9831
2610,華航,56,36,20,元大-四維,2024-04-29,9831
5534,長虹,22,3,19,元大-四維,2024-04-29,9831
4967,十銓,20,1,19,元大-四維,2024-04-29,9831
6143,振曜,20,4,16,元大-四維,2024-04-29,9831
00773B,中信優先金融債,15,0,15,元大-四維,2024-04-29,9831
1612,宏泰,16,1,15,元大-四維,2024-04-29,9831
6217,中探針,16,2,14,元大-四維,2024-04-29,9831
6016,康和證,17,3,14,元大-四維,2024-04-29,9831
1110,東泥,13,0,13,元大-四維,2024-04-29,9831
1513,中興電,19,6,13,元大-四維,2024-04-29,9831
2464,盟立,16,3,13,元大-四維,2024-04-29,9831
5512,力麒,14,2,12,元大-四維,2024-04-29,9831
2038,海光,19,7,12,元大-四維,2024-04-29,9831
6806,森崴能源,14,2,12,元大-四維,2024-04-29,9831
1608,華榮,25,14,11,元大-四維,2024-04-29,9831
00941,中信上游半導體,12,1,11,元大-四維,2024-04-29,9831
2406,國碩,10,0,10,元大-四維,2024-04-29,9831
2743,山富,15,5,10,元大-四維,2024-04-29,9831
8261,富鼎,10,0,10,元大-四維,2024-04-29,9831
1522,堤維西,20,10,10,元大-四維,2024-04-29,9831
1589,永冠-KY,10,0,10,元大-四維,2024-04-29,9831
6558,興能高,10,0,10,元大-四維,2024-04-29,9831
6141,柏承,10,0,10,元大-四維,2024-04-29,9831
3583,辛耘,18,8,10,元大-四維,2024-04-29,9831
2705,六福,10,0,10,元大-四維,2024-04-29,9831
1436,華友聯,10,0,10,元大-四維,2024-04-29,9831
2882,國泰金,900,5,895,元大-四維,2024-04-30,9831
1605,華新,813,2,811,元大-四維,2024-04-30,9831
1314,中石化,556,284,272,元大-四維,2024-04-30,9831
00878,國泰永續高股息,145,9,136,元大-四維,2024-04-30,9831
3234,光環,107,6,101,元大-四維,2024-04-30,9831
00937B,群益ESG投等債20,73,0,73,元大-四維,2024-04-30,9831
2501,國建,123,51,72,元大-四維,2024-04-30,9831
2891,中信金,77,22,55,元大-四維,2024-04-30,9831
2867,三商壽,54,0,54,元大-四維,2024-04-30,9831
2618,長榮航,133,80,53,元大-四維,2024-04-30,9831
00715L,期街口布蘭特正2,51,0,51,元大-四維,2024-04-30,9831
2607,榮運,50,2,48,元大-四維,2024-04-30,9831
2609,陽明,91,45,46,元大-四維,2024-04-30,9831
3163,波若威,58,13,45,元大-四維,2024-04-30,9831
2913,農林,51,7,44,元大-四維,2024-04-30,9831
2367,燿華,81,40,41,元大-四維,2024-04-30,9831
2547,日勝生,43,2,41,元大-四維,2024-04-30,9831
6245,立端,42,2,40,元大-四維,2024-04-30,9831
6112,邁達特,40,0,40,元大-四維,2024-04-30,9831
8096,擎亞,66,29,37,元大-四維,2024-04-30,9831
2537,聯上發,78,43,35,元大-四維,2024-04-30,9831
4402,郡都開發,28,0,28,元大-四維,2024-04-30,9831
1219,福壽,25,0,25,元大-四維,2024-04-30,9831
2611,志信,36,12,24,元大-四維,2024-04-30,9831
2880,華南金,56,33,23,元大-四維,2024-04-30,9831
2020,美亞,21,0,21,元大-四維,2024-04-30,9831
2303,聯電,82,62,20,元大-四維,2024-04-30,9831
1611,中電,20,0,20,元大-四維,2024-04-30,9831
1444,力麗,20,0,20,元大-四維,2024-04-30,9831
2845,遠東銀,20,0,20,元大-四維,2024-04-30,9831
3481,群創,44,24,20,元大-四維,2024-04-30,9831
00919,群益台灣精選高息,40,21,19,元大-四維,2024-04-30,9831
4414,如興,18,0,18,元大-四維,2024-04-30,9831
2484,希華,17,0,17,元大-四維,2024-04-30,9831
2353,宏��,18,2,16,元大-四維,2024-04-30,9831
1905,華紙,35,19,16,元大-四維,2024-04-30,9831
3033,威健,25,11,14,元大-四維,2024-04-30,9831
6233,旺玖,14,0,14,元大-四維,2024-04-30,9831
9924,福興,14,0,14,元大-四維,2024-04-30,9831
2634,漢翔,23,10,13,元大-四維,2024-04-30,9831
8473,山林水,28,15,13,元大-四維,2024-04-30,9831
2606,裕民,13,0,13,元大-四維,2024-04-30,9831
2317,鴻海,35,22,13,元大-四維,2024-04-30,9831
6120,達運,12,0,12,元大-四維,2024-04-30,9831
1313,聯成,12,0,12,元大-四維,2024-04-30,9831
1419,新紡,12,0,12,元大-四維,2024-04-30,9831
2374,佳能,12,0,12,元大-四維,2024-04-30,9831
8112,至上,19,7,12,元大-四維,2024-04-30,9831
2365,昆盈,13,2,11,元大-四維,2024-04-30,9831
2884,玉山金,15,4,11,元大-四維,2024-04-30,9831
1314,中石化,854,128,726,元大-四維,2024-05-02,9831
00715L,期街口布蘭特正2,390,15,375,元大-四維,2024-05-02,9831
00878,國泰永續高股息,327,11,316,元大-四維,2024-05-02,9831
8064,東捷,68,8,60,元大-四維,2024-05-02,9831
00929,復華台灣科技優息,73,14,59,元大-四維,2024-05-02,9831
3033,威健,79,22,57,元大-四維,2024-05-02,9831
2609,陽明,101,45,56,元大-四維,2024-05-02,9831
6239,力成,50,2,48,元大-四維,2024-05-02,9831
2501,國建,118,71,47,元大-四維,2024-05-02,9831
3481,群創,47,0,47,元大-四維,2024-05-02,9831
2401,凌陽,43,2,41,元大-四維,2024-05-02,9831
00937B,群益ESG投等債20,36,2,34,元大-四維,2024-05-02,9831
1609,大亞,113,81,32,元大-四維,2024-05-02,9831
00940,元大台灣價值高息,34,3,31,元大-四維,2024-05-02,9831
8110,華東,32,3,29,元大-四維,2024-05-02,9831
2303,聯電,40,11,29,元大-四維,2024-05-02,9831
2363,矽統,62,33,29,元大-四維,2024-05-02,9831
2330,台積電,34,6,28,元大-四維,2024-05-02,9831
2409,友達,37,12,25,元大-四維,2024-05-02,9831
8112,至上,43,19,24,元大-四維,2024-05-02,9831
2308,台達電,31,8,23,元大-四維,2024-05-02,9831
3715,定穎投控,38,15,23,元大-四維,2024-05-02,9831
2009,第一銅,38,16,22,元大-四維,2024-05-02,9831
00680L,元大美債20正2,21,0,21,元大-四維,2024-05-02,9831
2337,旺宏,21,0,21,元大-四維,2024-05-02,9831
1612,宏泰,21,0,21,元大-四維,2024-05-02,9831
2537,聯上發,30,9,21,元大-四維,2024-05-02,9831
00679B,元大美債20年,21,1,20,元大-四維,2024-05-02,9831
9924,福興,20,0,20,元大-四維,2024-05-02,9831
2353,宏��,31,11,20,元大-四維,2024-05-02,9831
1304,台聚,20,0,20,元大-四維,2024-05-02,9831
3363,上詮,28,8,20,元大-四維,2024-05-02,9831
1608,華榮,40,20,20,元大-四維,2024-05-02,9831
1436,華友聯,20,0,20,元大-四維,2024-05-02,9831
3037,欣興,28,9,19,元大-四維,2024-05-02,9831
1413,宏洲,19,0,19,元大-四維,2024-05-02,9831
5371,中光電,19,1,18,元大-四維,2024-05-02,9831
6552,易華電,20,2,18,元大-四維,2024-05-02,9831
3338,泰碩,19,1,18,元大-四維,2024-05-02,9831
3703,欣陸,34,18,16,元大-四維,2024-05-02,9831
3305,昇貿,22,6,16,元大-四維,2024-05-02,9831
6684,安格,15,0,15,元大-四維,2024-05-02,9831
2486,一詮,15,0,15,元大-四維,2024-05-02,9831
2101,南港,15,1,14,元大-四維,2024-05-02,9831
2885,元大金,20,6,14,元大-四維,2024-05-02,9831
2867,三商壽,15,1,14,元大-四維,2024-05-02,9831
1617,榮星,15,2,13,元大-四維,2024-05-02,9831
5607,遠雄港,14,1,13,元大-四維,2024-05-02,9831
00772B,中信高評級公司債,13,0,13,元大-四維,2024-05-02,9831
00642U,期元大S＆P石油,28,15,13,元大-四維,2024-05-02,9831
1905,華紙,300,0,300,元大-四維,2024-05-03,9831
9945,潤泰新,222,17,205,元大-四維,2024-05-03,9831
00937B,群益ESG投等債20,173,10,163,元大-四維,2024-05-03,9831
1605,華新,510,373,137,元大-四維,2024-05-03,9831
2888,新光金,123,7,116,元大-四維,2024-05-03,9831
2603,長榮,115,7,108,元大-四維,2024-05-03,9831
00936,台新永續高息中小,89,0,89,元大-四維,2024-05-03,9831
3231,緯創,103,35,68,元大-四維,2024-05-03,9831
2889,國票金,100,38,62,元大-四維,2024-05-03,9831
2489,瑞軒,59,0,59,元大-四維,2024-05-03,9831
8064,東捷,58,7,51,元大-四維,2024-05-03,9831
2891,中信金,94,43,51,元大-四維,2024-05-03,9831
2501,國建,123,72,51,元大-四維,2024-05-03,9831
00637L,元大滬深300正2,55,6,49,元大-四維,2024-05-03,9831
2520,冠德,73,26,47,元大-四維,2024-05-03,9831
00679B,元大美債20年,45,0,45,元大-四維,2024-05-03,9831
2609,陽明,62,21,41,元大-四維,2024-05-03,9831
00878,國泰永續高股息,45,5,40,元大-四維,2024-05-03,9831
2323,中環,40,1,39,元大-四維,2024-05-03,9831
00650L,復華香港正2,44,7,37,元大-四維,2024-05-03,9831
6186,新潤,37,1,36,元大-四維,2024-05-03,9831
2465,麗臺,36,2,34,元大-四維,2024-05-03,9831
00940,元大台灣價值高息,96,63,33,元大-四維,2024-05-03,9831
2537,聯上發,61,29,32,元大-四維,2024-05-03,9831
00941,中信上游半導體,37,6,31,元大-四維,2024-05-03,9831
1442,名軒,38,7,31,元大-四維,2024-05-03,9831
6770,力積電,96,66,30,元大-四維,2024-05-03,9831
3013,晟銘電,34,6,28,元大-四維,2024-05-03,9831
2329,華泰,28,1,27,元大-四維,2024-05-03,9831
6120,達運,32,5,27,元大-四維,2024-05-03,9831
2634,漢翔,29,3,26,元大-四維,2024-05-03,9831
00712,復華富時不動產,34,10,24,元大-四維,2024-05-03,9831
3715,定穎投控,27,3,24,元大-四維,2024-05-03,9831
1446,宏和,24,2,22,元大-四維,2024-05-03,9831
8473,山林水,33,12,21,元大-四維,2024-05-03,9831
2897,王道銀行,20,0,20,元大-四維,2024-05-03,9831
2504,國產,20,0,20,元大-四維,2024-05-03,9831
00680L,元大美債20正2,19,0,19,元大-四維,2024-05-03,9831
2392,正崴,21,3,18,元大-四維,2024-05-03,9831
3206,志豐,23,5,18,元大-四維,2024-05-03,9831
1617,榮星,18,1,17,元大-四維,2024-05-03,9831
5009,榮剛,31,14,17,元大-四維,2024-05-03,9831
1514,亞力,26,10,16,元大-四維,2024-05-03,9831
3363,上詮,26,10,16,元大-四維,2024-05-03,9831
00919,群益台灣精選高息,20,4,16,元大-四維,2024-05-03,9831
4402,郡都開發,15,0,15,元大-四維,2024-05-03,9831
2929,淘帝-KY,15,0,15,元大-四維,2024-05-03,9831
4513,福裕,17,2,15,元大-四維,2024-05-03,9831
3706,神達,19,4,15,元大-四維,2024-05-03,9831
2344,華邦電,27,12,15,元大-四維,2024-05-03,9831
00665L,富邦�琤肭磪囓�2,650,0,650,元大-四維,2024-05-06,9831
00650L,復華香港正2,499,28,471,元大-四維,2024-05-06,9831
1605,華新,408,5,403,元大-四維,2024-05-06,9831
9945,潤泰新,193,16,177,元大-四維,2024-05-06,9831
2506,太設,151,5,146,元大-四維,2024-05-06,9831
00929,復華台灣科技優息,142,65,77,元大-四維,2024-05-06,9831
9933,中鼎,79,4,75,元大-四維,2024-05-06,9831
5608,四維航,52,1,51,元大-四維,2024-05-06,9831
2888,新光金,102,52,50,元大-四維,2024-05-06,9831
2367,燿華,116,72,44,元大-四維,2024-05-06,9831
00933B,國泰10Y+金融債,41,0,41,元大-四維,2024-05-06,9831
5521,工信,41,2,39,元大-四維,2024-05-06,9831
1611,中電,39,0,39,元大-四維,2024-05-06,9831
2618,長榮航,112,79,33,元大-四維,2024-05-06,9831
2486,一詮,58,25,33,元大-四維,2024-05-06,9831
3483,力致,32,0,32,元大-四維,2024-05-06,9831
2014,中鴻,34,3,31,元大-四維,2024-05-06,9831
6189,豐藝,32,1,31,元大-四維,2024-05-06,9831
2834,臺企銀,33,2,31,元大-四維,2024-05-06,9831
00637L,元大滬深300正2,51,22,29,元大-四維,2024-05-06,9831
2542,興富發,34,6,28,元大-四維,2024-05-06,9831
1446,宏和,32,5,27,元大-四維,2024-05-06,9831
2601,益航,23,0,23,元大-四維,2024-05-06,9831
8936,國統,23,2,21,元大-四維,2024-05-06,9831
2543,皇昌,50,29,21,元大-四維,2024-05-06,9831
9955,佳龍,21,0,21,元大-四維,2024-05-06,9831
2501,國建,37,16,21,元大-四維,2024-05-06,9831
2897,王道銀行,41,21,20,元大-四維,2024-05-06,9831
8048,德勝,21,1,20,元大-四維,2024-05-06,9831
6806,森崴能源,20,0,20,元大-四維,2024-05-06,9831
3512,皇龍,20,0,20,元大-四維,2024-05-06,9831
2363,矽統,54,34,20,元大-四維,2024-05-06,9831
00937B,群益ESG投等債20,91,72,19,元大-四維,2024-05-06,9831
2371,大同,27,8,19,元大-四維,2024-05-06,9831
4109,加捷生醫,26,8,18,元大-四維,2024-05-06,9831
8110,華東,32,14,18,元大-四維,2024-05-06,9831
2449,京元電子,48,30,18,元大-四維,2024-05-06,9831
5534,長虹,20,3,17,元大-四維,2024-05-06,9831
6770,力積電,24,7,17,元大-四維,2024-05-06,9831
2537,聯上發,22,5,17,元大-四維,2024-05-06,9831
1316,上曜,42,26,16,元大-四維,2024-05-06,9831
00632R,元大台灣50反1,116,100,16,元大-四維,2024-05-06,9831
2344,華邦電,19,3,16,元大-四維,2024-05-06,9831
5009,榮剛,22,7,15,元大-四維,2024-05-06,9831
2520,冠德,44,30,14,元大-四維,2024-05-06,9831
1617,榮星,14,0,14,元大-四維,2024-05-06,9831
2409,友達,24,10,14,元大-四維,2024-05-06,9831
2890,永豐金,15,2,13,元大-四維,2024-05-06,9831
3576,聯合再生,13,0,13,元大-四維,2024-05-06,9831
2206,三陽工業,15,2,13,元大-四維,2024-05-06,9831
00650L,復華香港正2,780,32,748,元大-四維,2024-05-07,9831
00665L,富邦�琤肭磪囓�2,310,0,310,元大-四維,2024-05-07,9831
00679B,元大美債20年,313,17,296,元大-四維,2024-05-07,9831
1314,中石化,562,270,292,元大-四維,2024-05-07,9831
1605,華新,223,4,219,元大-四維,2024-05-07,9831
00937B,群益ESG投等債20,215,30,185,元大-四維,2024-05-07,9831
2547,日勝生,120,1,119,元大-四維,2024-05-07,9831
2882,國泰金,100,0,100,元大-四維,2024-05-07,9831
2885,元大金,103,11,92,元大-四維,2024-05-07,9831
1618,合機,142,56,86,元大-四維,2024-05-07,9831
2820,華票,80,0,80,元大-四維,2024-05-07,9831
2515,中工,80,3,77,元大-四維,2024-05-07,9831
00878,國泰永續高股息,57,5,52,元大-四維,2024-05-07,9831
2888,新光金,66,15,51,元大-四維,2024-05-07,9831
4513,福裕,48,0,48,元大-四維,2024-05-07,9831
2838,聯邦銀,40,0,40,元大-四維,2024-05-07,9831
2211,長榮鋼,40,0,40,元大-四維,2024-05-07,9831
00929,復華台灣科技優息,57,18,39,元大-四維,2024-05-07,9831
2883,凱基金,47,10,37,元大-四維,2024-05-07,9831
6233,旺玖,39,2,37,元大-四維,2024-05-07,9831
1612,宏泰,49,14,35,元大-四維,2024-05-07,9831
9906,欣巴巴,35,0,35,元大-四維,2024-05-07,9831
5880,合庫金,39,5,34,元大-四維,2024-05-07,9831
2371,大同,75,45,30,元大-四維,2024-05-07,9831
3033,威健,30,1,29,元大-四維,2024-05-07,9831
00632R,元大台灣50反1,31,3,28,元大-四維,2024-05-07,9831
4306,炎洲,29,1,28,元大-四維,2024-05-07,9831
1905,華紙,28,2,26,元大-四維,2024-05-07,9831
2206,三陽工業,28,3,25,元大-四維,2024-05-07,9831
6546,正基,25,0,25,元大-四維,2024-05-07,9831
1609,大亞,71,47,24,元大-四維,2024-05-07,9831
3481,群創,52,28,24,元大-四維,2024-05-07,9831
2317,鴻海,128,104,24,元大-四維,2024-05-07,9831
5512,力麒,30,7,23,元大-四維,2024-05-07,9831
3105,穩懋,23,1,22,元大-四維,2024-05-07,9831
5515,建國,23,2,21,元大-四維,2024-05-07,9831
6288,聯嘉,21,0,21,元大-四維,2024-05-07,9831
3049,精金,21,0,21,元大-四維,2024-05-07,9831
2312,金寶,21,0,21,元大-四維,2024-05-07,9831
00715L,期街口布蘭特正2,20,0,20,元大-四維,2024-05-07,9831
00753L,中信中國50正2,32,12,20,元大-四維,2024-05-07,9831
00664R,國泰臺灣加權反1,20,0,20,元大-四維,2024-05-07,9831
5225,東科-KY,20,0,20,元大-四維,2024-05-07,9831
1101,台泥,48,30,18,元大-四維,2024-05-07,9831
3260,威剛,60,43,17,元大-四維,2024-05-07,9831
6770,力積電,29,12,17,元大-四維,2024-05-07,9831
6213,聯茂,61,44,17,元大-四維,2024-05-07,9831
1326,台化,17,0,17,元大-四維,2024-05-07,9831
2241,艾姆勒,17,0,17,元大-四維,2024-05-07,9831
2374,佳能,36,20,16,元大-四維,2024-05-07,9831
00665L,富邦�琤肭磪囓�2,310,0,310,元大-四維,2024-05-08,9831
00715L,期街口布蘭特正2,200,2,198,元大-四維,2024-05-08,9831
9906,欣巴巴,148,35,113,元大-四維,2024-05-08,9831
00937B,群益ESG投等債20,113,2,111,元大-四維,2024-05-08,9831
1314,中石化,304,196,108,元大-四維,2024-05-08,9831
2611,志信,95,3,92,元大-四維,2024-05-08,9831
2409,友達,76,1,75,元大-四維,2024-05-08,9831
00632R,元大台灣50反1,70,0,70,元大-四維,2024-05-08,9831
8064,東捷,74,8,66,元大-四維,2024-05-08,9831
2101,南港,67,5,62,元大-四維,2024-05-08,9831
2002,中鋼,58,0,58,元大-四維,2024-05-08,9831
1618,合機,243,190,53,元大-四維,2024-05-08,9831
1905,華紙,51,0,51,元大-四維,2024-05-08,9831
6443,元晶,47,3,44,元大-四維,2024-05-08,9831
5388,中磊,41,0,41,元大-四維,2024-05-08,9831
1612,宏泰,60,20,40,元大-四維,2024-05-08,9831
2606,裕民,113,73,40,元大-四維,2024-05-08,9831
00687B,國泰20年美債,39,4,35,元大-四維,2024-05-08,9831
00929,復華台灣科技優息,36,2,34,元大-四維,2024-05-08,9831
6186,新潤,33,2,31,元大-四維,2024-05-08,9831
1455,集盛,31,0,31,元大-四維,2024-05-08,9831
2618,長榮航,95,65,30,元大-四維,2024-05-08,9831
5871,中租-KY,39,10,29,元大-四維,2024-05-08,9831
2352,佳世達,31,2,29,元大-四維,2024-05-08,9831
2014,中鴻,27,0,27,元大-四維,2024-05-08,9831
00680L,元大美債20正2,27,0,27,元大-四維,2024-05-08,9831
2855,統一證,27,3,24,元大-四維,2024-05-08,9831
1101,台泥,24,1,23,元大-四維,2024-05-08,9831
00919,群益台灣精選高息,26,3,23,元大-四維,2024-05-08,9831
3059,華晶科,33,11,22,元大-四維,2024-05-08,9831
8277,商丞,25,3,22,元大-四維,2024-05-08,9831
2312,金寶,23,2,21,元大-四維,2024-05-08,9831
2027,大成鋼,23,2,21,元大-四維,2024-05-08,9831
2888,新光金,24,4,20,元大-四維,2024-05-08,9831
00676R,富邦臺灣加權反1,20,0,20,元大-四維,2024-05-08,9831
00650L,復華香港正2,73,53,20,元大-四維,2024-05-08,9831
2538,基泰,24,5,19,元大-四維,2024-05-08,9831
2374,佳能,32,13,19,元大-四維,2024-05-08,9831
8089,康全電訊,20,1,19,元大-四維,2024-05-08,9831
4306,炎洲,19,0,19,元大-四維,2024-05-08,9831
2882,國泰金,20,2,18,元大-四維,2024-05-08,9831
8096,擎亞,52,34,18,元大-四維,2024-05-08,9831
3057,喬鼎,17,0,17,元大-四維,2024-05-08,9831
1451,年興,16,0,16,元大-四維,2024-05-08,9831
3033,威健,47,31,16,元大-四維,2024-05-08,9831
1597,直得,15,0,15,元大-四維,2024-05-08,9831
2353,宏��,26,11,15,元大-四維,2024-05-08,9831
6215,和椿,24,9,15,元大-四維,2024-05-08,9831
2884,玉山金,20,5,15,元大-四維,2024-05-08,9831
2520,冠德,19,5,14,元大-四維,2024-05-08,9831
2888,新光金,915,62,853,元大-四維,2024-05-09,9831
2885,元大金,522,9,513,元大-四維,2024-05-09,9831
00632R,元大台灣50反1,412,50,362,元大-四維,2024-05-09,9831
2610,華航,214,11,203,元大-四維,2024-05-09,9831
00946,群益科技高息成長,162,2,160,元大-四維,2024-05-09,9831
2618,長榮航,220,115,105,元大-四維,2024-05-09,9831
00929,復華台灣科技優息,303,203,100,元大-四維,2024-05-09,9831
2457,飛宏,100,0,100,元大-四維,2024-05-09,9831
00940,元大台灣價值高息,169,91,78,元大-四維,2024-05-09,9831
00937B,群益ESG投等債20,88,10,78,元大-四維,2024-05-09,9831
2367,燿華,140,69,71,元大-四維,2024-05-09,9831
5880,合庫金,78,11,67,元大-四維,2024-05-09,9831
00919,群益台灣精選高息,63,0,63,元大-四維,2024-05-09,9831
3231,緯創,53,2,51,元大-四維,2024-05-09,9831
00944,野村趨勢動能高息,56,5,51,元大-四維,2024-05-09,9831
2534,宏盛,51,1,50,元大-四維,2024-05-09,9831
8473,山林水,48,0,48,元大-四維,2024-05-09,9831
2834,臺企銀,53,6,47,元大-四維,2024-05-09,9831
2880,華南金,47,2,45,元大-四維,2024-05-09,9831
5381,合正,51,6,45,元大-四維,2024-05-09,9831
00679B,元大美債20年,44,0,44,元大-四維,2024-05-09,9831
2359,所羅門,55,15,40,元大-四維,2024-05-09,9831
2363,矽統,71,31,40,元大-四維,2024-05-09,9831
2884,玉山金,38,1,37,元大-四維,2024-05-09,9831
6292,迅德,36,0,36,元大-四維,2024-05-09,9831
8420,明揚,40,5,35,元大-四維,2024-05-09,9831
00939,統一台灣高息動能,42,8,34,元大-四維,2024-05-09,9831
1101,台泥,36,3,33,元大-四維,2024-05-09,9831
2329,華泰,33,1,32,元大-四維,2024-05-09,9831
00932,兆豐永續高息等權,30,0,30,元大-四維,2024-05-09,9831
2820,華票,50,20,30,元大-四維,2024-05-09,9831
9105,泰金寶-DR,30,0,30,元大-四維,2024-05-09,9831
2867,三商壽,30,0,30,元大-四維,2024-05-09,9831
6257,矽格,31,2,29,元大-四維,2024-05-09,9831
2838,聯邦銀,40,11,29,元大-四維,2024-05-09,9831
6121,新普,29,1,28,元大-四維,2024-05-09,9831
1714,和桐,27,0,27,元大-四維,2024-05-09,9831
1104,環泥,25,0,25,元大-四維,2024-05-09,9831
1582,信錦,32,8,24,元大-四維,2024-05-09,9831
5871,中租-KY,27,3,24,元大-四維,2024-05-09,9831
1301,台塑,22,0,22,元大-四維,2024-05-09,9831
0056,元大高股息,23,1,22,元大-四維,2024-05-09,9831
6005,群益證,21,0,21,元大-四維,2024-05-09,9831
6187,萬潤,36,15,21,元大-四維,2024-05-09,9831
2515,中工,25,4,21,元大-四維,2024-05-09,9831
1815,富喬,38,18,20,元大-四維,2024-05-09,9831
2739,寒舍,20,0,20,元大-四維,2024-05-09,9831
2408,南亞科,19,0,19,元大-四維,2024-05-09,9831
2605,新興,31,12,19,元大-四維,2024-05-09,9831
5519,隆大,20,1,19,元大-四維,2024-05-09,9831
00929,復華台灣科技優息,253,11,242,元大-四維,2024-05-10,9831
1314,中石化,185,37,148,元大-四維,2024-05-10,9831
00946,群益科技高息成長,143,2,141,元大-四維,2024-05-10,9831
2537,聯上發,100,21,79,元大-四維,2024-05-10,9831
2897,王道銀行,80,12,68,元大-四維,2024-05-10,9831
2547,日勝生,62,0,62,元大-四維,2024-05-10,9831
4967,十銓,74,16,58,元大-四維,2024-05-10,9831
6239,力成,50,5,45,元大-四維,2024-05-10,9831
8936,國統,69,24,45,元大-四維,2024-05-10,9831
2506,太設,46,2,44,元大-四維,2024-05-10,9831
2014,中鴻,43,1,42,元大-四維,2024-05-10,9831
1104,環泥,36,0,36,元大-四維,2024-05-10,9831
8112,至上,42,8,34,元大-四維,2024-05-10,9831
2536,宏普,32,0,32,元大-四維,2024-05-10,9831
00937B,群益ESG投等債20,54,23,31,元大-四維,2024-05-10,9831
2002,中鋼,33,2,31,元大-四維,2024-05-10,9831
3576,聯合再生,40,9,31,元大-四維,2024-05-10,9831
3583,辛耘,45,20,25,元大-四維,2024-05-10,9831
6288,聯嘉,25,0,25,元大-四維,2024-05-10,9831
8150,南茂,23,0,23,元大-四維,2024-05-10,9831
2371,大同,359,336,23,元大-四維,2024-05-10,9831
2882,國泰金,152,132,20,元大-四維,2024-05-10,9831
2515,中工,72,52,20,元大-四維,2024-05-10,9831
4157,太景*-KY,20,0,20,元大-四維,2024-05-10,9831
2340,台亞,20,0,20,元大-四維,2024-05-10,9831
6770,力積電,30,10,20,元大-四維,2024-05-10,9831
8072,陞泰,18,0,18,元大-四維,2024-05-10,9831
2313,華通,138,122,16,元大-四維,2024-05-10,9831
5515,建國,16,0,16,元大-四維,2024-05-10,9831
2323,中環,53,37,16,元大-四維,2024-05-10,9831
2317,鴻海,35,19,16,元大-四維,2024-05-10,9831
2486,一詮,19,5,14,元大-四維,2024-05-10,9831
3706,神達,44,30,14,元大-四維,2024-05-10,9831
3230,錦明,14,0,14,元大-四維,2024-05-10,9831
1618,合機,20,6,14,元大-四維,2024-05-10,9831
3324,雙鴻,18,5,13,元大-四維,2024-05-10,9831
8096,擎亞,14,1,13,元大-四維,2024-05-10,9831
6223,旺矽,17,4,13,元大-四維,2024-05-10,9831
00944,野村趨勢動能高息,17,5,12,元大-四維,2024-05-10,9831
2354,鴻準,20,8,12,元大-四維,2024-05-10,9831
2607,榮運,13,1,12,元大-四維,2024-05-10,9831
2465,麗臺,13,1,12,元大-四維,2024-05-10,9831
2374,佳能,14,3,11,元大-四維,2024-05-10,9831
6189,豐藝,12,1,11,元大-四維,2024-05-10,9831
6284,佳邦,11,0,11,元大-四維,2024-05-10,9831
3058,立德,12,1,11,元大-四維,2024-05-10,9831
6735,美達科技,12,1,11,元大-四維,2024-05-10,9831
5871,中租-KY,13,2,11,元大-四維,2024-05-10,9831
2382,廣達,12,2,10,元大-四維,2024-05-10,9831
3033,威健,18,8,10,元大-四維,2024-05-10,9831
00665L,富邦�琤肭磪囓�2,411,0,411,元大-四維,2024-05-13,9831
2883,凱基金,464,64,400,元大-四維,2024-05-13,9831
00715L,期街口布蘭特正2,330,0,330,元大-四維,2024-05-13,9831
00650L,復華香港正2,309,0,309,元大-四維,2024-05-13,9831
2882,國泰金,407,166,241,元大-四維,2024-05-13,9831
00632R,元大台灣50反1,309,71,238,元大-四維,2024-05-13,9831
2888,新光金,223,26,197,元大-四維,2024-05-13,9831
00878,國泰永續高股息,183,16,167,元大-四維,2024-05-13,9831
00637L,元大滬深300正2,111,4,107,元大-四維,2024-05-13,9831
2323,中環,100,13,87,元大-四維,2024-05-13,9831
2606,裕民,140,68,72,元大-四維,2024-05-13,9831
00937B,群益ESG投等債20,59,0,59,元大-四維,2024-05-13,9831
5533,皇鼎,50,0,50,元大-四維,2024-05-13,9831
2883B,凱基金乙特,50,0,50,元大-四維,2024-05-13,9831
2605,新興,113,66,47,元大-四維,2024-05-13,9831
5522,遠雄,46,1,45,元大-四維,2024-05-13,9831
3231,緯創,54,11,43,元大-四維,2024-05-13,9831
4967,十銓,49,8,41,元大-四維,2024-05-13,9831
2801,彰銀,40,7,33,元大-四維,2024-05-13,9831
3481,群創,34,4,30,元大-四維,2024-05-13,9831
2457,飛宏,34,5,29,元大-四維,2024-05-13,9831
00929,復華台灣科技優息,104,77,27,元大-四維,2024-05-13,9831
8011,台通,27,0,27,元大-四維,2024-05-13,9831
00882,中信中國高股息,47,21,26,元大-四維,2024-05-13,9831
5521,工信,23,0,23,元大-四維,2024-05-13,9831
2492,華新科,22,0,22,元大-四維,2024-05-13,9831
2312,金寶,28,6,22,元大-四維,2024-05-13,9831
2601,益航,25,4,21,元大-四維,2024-05-13,9831
00687B,國泰20年美債,21,1,20,元大-四維,2024-05-13,9831
2537,聯上發,27,7,20,元大-四維,2024-05-13,9831
2838,聯邦銀,20,0,20,元大-四維,2024-05-13,9831
2891,中信金,20,0,20,元大-四維,2024-05-13,9831
9933,中鼎,20,1,19,元大-四維,2024-05-13,9831
00939,統一台灣高息動能,18,0,18,元大-四維,2024-05-13,9831
6753,龍德造船,23,6,17,元大-四維,2024-05-13,9831
1504,東元,17,1,16,元大-四維,2024-05-13,9831
3167,大量,16,0,16,元大-四維,2024-05-13,9831
2344,華邦電,18,2,16,元大-四維,2024-05-13,9831
2486,一詮,36,20,16,元大-四維,2024-05-13,9831
1532,勤美,19,3,16,元大-四維,2024-05-13,9831
1513,中興電,121,107,14,元大-四維,2024-05-13,9831
2538,基泰,14,0,14,元大-四維,2024-05-13,9831
3037,欣興,16,3,13,元大-四維,2024-05-13,9831
2013,中鋼構,13,0,13,元大-四維,2024-05-13,9831
3260,威剛,24,11,13,元大-四維,2024-05-13,9831
2885,元大金,13,1,12,元大-四維,2024-05-13,9831
3062,建漢,23,11,12,元大-四維,2024-05-13,9831
00918,大華優利高填息30,12,0,12,元大-四維,2024-05-13,9831
4402,郡都開發,11,0,11,元大-四維,2024-05-13,9831
00936,台新永續高息中小,11,0,11,元大-四維,2024-05-13,9831
2883,凱基金,590,21,569,元大-四維,2024-05-14,9831
2882,國泰金,243,17,226,元大-四維,2024-05-14,9831
3706,神達,200,37,163,元大-四維,2024-05-14,9831
1713,國化,100,0,100,元大-四維,2024-05-14,9831
1314,中石化,199,125,74,元大-四維,2024-05-14,9831
1101,台泥,62,1,61,元大-四維,2024-05-14,9831
00946,群益科技高息成長,63,4,59,元大-四維,2024-05-14,9831
9906,欣巴巴,58,0,58,元大-四維,2024-05-14,9831
3231,緯創,56,3,53,元大-四維,2024-05-14,9831
2610,華航,264,211,53,元大-四維,2024-05-14,9831
00937B,群益ESG投等債20,56,5,51,元大-四維,2024-05-14,9831
2885,元大金,53,2,51,元大-四維,2024-05-14,9831
00725B,國泰投資級公司債,47,0,47,元大-四維,2024-05-14,9831
2884,玉山金,48,4,44,元大-四維,2024-05-14,9831
00650L,復華香港正2,58,15,43,元大-四維,2024-05-14,9831
00637L,元大滬深300正2,40,0,40,元大-四維,2024-05-14,9831
2027,大成鋼,53,13,40,元大-四維,2024-05-14,9831
2486,一詮,43,4,39,元大-四維,2024-05-14,9831
2515,中工,89,52,37,元大-四維,2024-05-14,9831
9945,潤泰新,43,9,34,元大-四維,2024-05-14,9831
2618,長榮航,144,111,33,元大-四維,2024-05-14,9831
2324,仁寶,60,31,29,元大-四維,2024-05-14,9831
5014,建錩,27,0,27,元大-四維,2024-05-14,9831
3037,欣興,27,2,25,元大-四維,2024-05-14,9831
2641,正德,30,5,25,元大-四維,2024-05-14,9831
1303,南亞,25,0,25,元大-四維,2024-05-14,9831
2345,智邦,28,6,22,元大-四維,2024-05-14,9831
00929,復華台灣科技優息,41,19,22,元大-四維,2024-05-14,9831
5880,合庫金,32,10,22,元大-四維,2024-05-14,9831
6451,訊芯-KY,32,11,21,元大-四維,2024-05-14,9831
3520,華盈,42,21,21,元大-四維,2024-05-14,9831
2344,華邦電,22,2,20,元大-四維,2024-05-14,9831
3498,陽程,20,0,20,元大-四維,2024-05-14,9831
1305,華夏,20,0,20,元大-四維,2024-05-14,9831
2323,中環,19,0,19,元大-四維,2024-05-14,9831
2881,富邦金,20,4,16,元大-四維,2024-05-14,9831
00665L,富邦�琤肭磪囓�2,16,1,15,元大-四維,2024-05-14,9831
5522,遠雄,15,0,15,元大-四維,2024-05-14,9831
1316,上曜,15,0,15,元大-四維,2024-05-14,9831
8072,陞泰,15,0,15,元大-四維,2024-05-14,9831
6163,華電網,15,0,15,元大-四維,2024-05-14,9831
2883B,凱基金乙特,15,0,15,元大-四維,2024-05-14,9831
2369,菱生,16,2,14,元大-四維,2024-05-14,9831
2520,冠德,17,3,14,元大-四維,2024-05-14,9831
6207,雷科,18,4,14,元大-四維,2024-05-14,9831
2537,聯上發,15,2,13,元大-四維,2024-05-14,9831
00679B,元大美債20年,15,2,13,元大-四維,2024-05-14,9831
00941,中信上游半導體,12,0,12,元大-四維,2024-05-14,9831
2913,農林,12,0,12,元大-四維,2024-05-14,9831
6202,盛群,12,0,12,元大-四維,2024-05-14,9831
1713,國化,638,0,638,元大-四維,2024-05-15,9831
00632R,元大台灣50反1,493,53,440,元大-四維,2024-05-15,9831
00715L,期街口布蘭特正2,330,0,330,元大-四維,2024-05-15,9831
00937B,群益ESG投等債20,196,2,194,元大-四維,2024-05-15,9831
00878,國泰永續高股息,188,68,120,元大-四維,2024-05-15,9831
00650L,復華香港正2,114,0,114,元大-四維,2024-05-15,9831
00665L,富邦�琤肭磪囓�2,107,0,107,元大-四維,2024-05-15,9831
2356,英業達,209,120,89,元大-四維,2024-05-15,9831
2836,高雄銀,87,5,82,元大-四維,2024-05-15,9831
4967,十銓,78,6,72,元大-四維,2024-05-15,9831
2317,鴻海,134,74,60,元大-四維,2024-05-15,9831
2838,聯邦銀,90,30,60,元大-四維,2024-05-15,9831
2606,裕民,55,4,51,元大-四維,2024-05-15,9831
1423,利華,50,0,50,元大-四維,2024-05-15,9831
1808,潤隆,41,0,41,元大-四維,2024-05-15,9831
2884,玉山金,45,4,41,元大-四維,2024-05-15,9831
00679B,元大美債20年,68,29,39,元大-四維,2024-05-15,9831
00919,群益台灣精選高息,55,16,39,元大-四維,2024-05-15,9831
2607,榮運,36,0,36,元大-四維,2024-05-15,9831
00929,復華台灣科技優息,72,38,34,元大-四維,2024-05-15,9831
2605,新興,60,27,33,元大-四維,2024-05-15,9831
2603,長榮,59,27,32,元大-四維,2024-05-15,9831
9955,佳龍,31,0,31,元大-四維,2024-05-15,9831
2353,宏��,92,62,30,元大-四維,2024-05-15,9831
3062,建漢,31,1,30,元大-四維,2024-05-15,9831
5347,世界,30,2,28,元大-四維,2024-05-15,9831
5515,建國,39,11,28,元大-四維,2024-05-15,9831
9906,欣巴巴,27,2,25,元大-四維,2024-05-15,9831
8011,台通,22,0,22,元大-四維,2024-05-15,9831
2405,輔信,42,20,22,元大-四維,2024-05-15,9831
5392,能率,30,8,22,元大-四維,2024-05-15,9831
00946,群益科技高息成長,25,4,21,元大-四維,2024-05-15,9831
3044,健鼎,25,4,21,元大-四維,2024-05-15,9831
2363,矽統,74,53,21,元大-四維,2024-05-15,9831
3037,欣興,22,2,20,元大-四維,2024-05-15,9831
2406,國碩,73,54,19,元大-四維,2024-05-15,9831
00687B,國泰20年美債,19,0,19,元大-四維,2024-05-15,9831
00939,統一台灣高息動能,22,3,19,元大-四維,2024-05-15,9831
1536,和大,17,0,17,元大-四維,2024-05-15,9831
6443,元晶,19,3,16,元大-四維,2024-05-15,9831
2371,大同,26,11,15,元大-四維,2024-05-15,9831
3284,太普高,15,1,14,元大-四維,2024-05-15,9831
2883B,凱基金乙特,13,0,13,元大-四維,2024-05-15,9831
5608,四維航,45,32,13,元大-四維,2024-05-15,9831
8074,鉅橡,13,0,13,元大-四維,2024-05-15,9831
2492,華新科,12,0,12,元大-四維,2024-05-15,9831
5269,祥碩,12,0,12,元大-四維,2024-05-15,9831
3265,台星科,13,1,12,元大-四維,2024-05-15,9831
00637L,元大滬深300正2,19,7,12,元大-四維,2024-05-15,9831
6189,豐藝,26,14,12,元大-四維,2024-05-15,9831
2882,國泰金,424,13,411,元大-四維,2024-05-16,9831
00680L,元大美債20正2,401,2,399,元大-四維,2024-05-16,9831
2836,高雄銀,163,0,163,元大-四維,2024-05-16,9831
00933B,國泰10Y+金融債,144,0,144,元大-四維,2024-05-16,9831
3231,緯創,153,10,143,元大-四維,2024-05-16,9831
1713,國化,142,0,142,元大-四維,2024-05-16,9831
2356,英業達,111,35,76,元大-四維,2024-05-16,9831
2382,廣達,87,23,64,元大-四維,2024-05-16,9831
6451,訊芯-KY,62,1,61,元大-四維,2024-05-16,9831
00929,復華台灣科技優息,94,40,54,元大-四維,2024-05-16,9831
2903,遠百,53,0,53,元大-四維,2024-05-16,9831
00725B,國泰投資級公司債,50,0,50,元大-四維,2024-05-16,9831
4720,德淵,50,2,48,元大-四維,2024-05-16,9831
1217,愛之味,45,0,45,元大-四維,2024-05-16,9831
2888,新光金,50,5,45,元大-四維,2024-05-16,9831
2897,王道銀行,51,8,43,元大-四維,2024-05-16,9831
2359,所羅門,113,77,36,元大-四維,2024-05-16,9831
5381,合正,34,2,32,元大-四維,2024-05-16,9831
00720B,元大投資級公司債,32,0,32,元大-四維,2024-05-16,9831
5498,凱崴,50,22,28,元大-四維,2024-05-16,9831
00919,群益台灣精選高息,80,53,27,元大-四維,2024-05-16,9831
1423,利華,27,0,27,元大-四維,2024-05-16,9831
00946,群益科技高息成長,25,1,24,元大-四維,2024-05-16,9831
00687B,國泰20年美債,40,17,23,元大-四維,2024-05-16,9831
3617,碩天,22,0,22,元大-四維,2024-05-16,9831
2353,宏��,42,20,22,元大-四維,2024-05-16,9831
3708,上緯投控,22,1,21,元大-四維,2024-05-16,9831
2301,光寶科,21,1,20,元大-四維,2024-05-16,9831
1453,大將,29,9,20,元大-四維,2024-05-16,9831
00940,元大台灣價值高息,87,67,20,元大-四維,2024-05-16,9831
2406,國碩,22,4,18,元大-四維,2024-05-16,9831
5512,力麒,22,4,18,元大-四維,2024-05-16,9831
2329,華泰,31,13,18,元大-四維,2024-05-16,9831
8358,金居,81,64,17,元大-四維,2024-05-16,9831
1474,弘裕,20,3,17,元大-四維,2024-05-16,9831
3284,太普高,17,0,17,元大-四維,2024-05-16,9831
2405,輔信,17,1,16,元大-四維,2024-05-16,9831
2393,億光,15,0,15,元大-四維,2024-05-16,9831
1612,宏泰,21,6,15,元大-四維,2024-05-16,9831
2371,大同,19,4,15,元大-四維,2024-05-16,9831
2363,矽統,61,46,15,元大-四維,2024-05-16,9831
6215,和椿,18,5,13,元大-四維,2024-05-16,9831
1455,集盛,15,2,13,元大-四維,2024-05-16,9831
4173,久裕,13,0,13,元大-四維,2024-05-16,9831
2369,菱生,12,0,12,元大-四維,2024-05-16,9831
4167,松瑞藥,16,4,12,元大-四維,2024-05-16,9831
1536,和大,11,0,11,元大-四維,2024-05-16,9831
1457,宜進,11,0,11,元大-四維,2024-05-16,9831
2486,一詮,16,5,11,元大-四維,2024-05-16,9831
3234,光環,11,0,11,元大-四維,2024-05-16,9831
1423,利華,251,0,251,元大-四維,2024-05-17,9831
00878,國泰永續高股息,257,58,199,元大-四維,2024-05-17,9831
3059,華晶科,234,62,172,元大-四維,2024-05-17,9831
2883,凱基金,196,32,164,元大-四維,2024-05-17,9831
00929,復華台灣科技優息,146,15,131,元大-四維,2024-05-17,9831
1713,國化,124,0,124,元大-四維,2024-05-17,9831
2537,聯上發,125,6,119,元大-四維,2024-05-17,9831
2409,友達,111,0,111,元大-四維,2024-05-17,9831
2489,瑞軒,125,21,104,元大-四維,2024-05-17,9831
00933B,國泰10Y+金融債,72,1,71,元大-四維,2024-05-17,9831
00650L,復華香港正2,73,2,71,元大-四維,2024-05-17,9831
1316,上曜,73,3,70,元大-四維,2024-05-17,9831
3481,群創,68,0,68,元大-四維,2024-05-17,9831
2867,三商壽,148,84,64,元大-四維,2024-05-17,9831
2352,佳世達,63,13,50,元大-四維,2024-05-17,9831
2888,新光金,56,6,50,元大-四維,2024-05-17,9831
3234,光環,46,2,44,元大-四維,2024-05-17,9831
00919,群益台灣精選高息,42,2,40,元大-四維,2024-05-17,9831
2929,淘帝-KY,40,0,40,元大-四維,2024-05-17,9831
3231,緯創,47,8,39,元大-四維,2024-05-17,9831
2605,新興,46,7,39,元大-四維,2024-05-17,9831
6264,富裔,41,4,37,元大-四維,2024-05-17,9831
2606,裕民,36,0,36,元大-四維,2024-05-17,9831
1314,中石化,52,17,35,元大-四維,2024-05-17,9831
00946,群益科技高息成長,33,2,31,元大-四維,2024-05-17,9831
00679B,元大美債20年,32,1,31,元大-四維,2024-05-17,9831
00937B,群益ESG投等債20,30,0,30,元大-四維,2024-05-17,9831
1417,嘉裕,28,0,28,元大-四維,2024-05-17,9831
2317,鴻海,63,35,28,元大-四維,2024-05-17,9831
1474,弘裕,26,0,26,元大-四維,2024-05-17,9831
3033,威健,49,24,25,元大-四維,2024-05-17,9831
2801,彰銀,27,2,25,元大-四維,2024-05-17,9831
5608,四維航,23,0,23,元大-四維,2024-05-17,9831
6477,安集,22,0,22,元大-四維,2024-05-17,9831
2356,英業達,49,27,22,元大-四維,2024-05-17,9831
2374,佳能,99,80,19,元大-四維,2024-05-17,9831
2882,國泰金,23,4,19,元大-四維,2024-05-17,9831
1616,億泰,19,0,19,元大-四維,2024-05-17,9831
2897,王道銀行,20,1,19,元大-四維,2024-05-17,9831
2812,台中銀,20,2,18,元大-四維,2024-05-17,9831
2204,中華,20,3,17,元大-四維,2024-05-17,9831
2312,金寶,42,26,16,元大-四維,2024-05-17,9831
1455,集盛,18,2,16,元大-四維,2024-05-17,9831
1303,南亞,16,0,16,元大-四維,2024-05-17,9831
00680L,元大美債20正2,17,1,16,元大-四維,2024-05-17,9831
2417,圓剛,16,1,15,元大-四維,2024-05-17,9831
00944,野村趨勢動能高息,15,0,15,元大-四維,2024-05-17,9831
2603,長榮,165,150,15,元大-四維,2024-05-17,9831
2903,遠百,16,1,15,元大-四維,2024-05-17,9831
2323,中環,31,17,14,元大-四維,2024-05-17,9831
1713,國化,475,0,475,元大-四維,2024-05-20,9831
2834,臺企銀,406,8,398,元大-四維,2024-05-20,9831
1423,利華,182,0,182,元大-四維,2024-05-20,9831
2618,長榮航,806,671,135,元大-四維,2024-05-20,9831
2882,國泰金,113,0,113,元大-四維,2024-05-20,9831
3033,威健,104,19,85,元大-四維,2024-05-20,9831
2867,三商壽,110,34,76,元大-四維,2024-05-20,9831
1453,大將,281,218,63,元大-四維,2024-05-20,9831
00679B,元大美債20年,57,0,57,元大-四維,2024-05-20,9831
3231,緯創,62,6,56,元大-四維,2024-05-20,9831
3481,群創,58,3,55,元大-四維,2024-05-20,9831
9945,潤泰新,80,32,48,元大-四維,2024-05-20,9831
4903,聯光通,48,0,48,元大-四維,2024-05-20,9831
2317,鴻海,62,16,46,元大-四維,2024-05-20,9831
2376,技嘉,56,10,46,元大-四維,2024-05-20,9831
3324,雙鴻,42,5,37,元大-四維,2024-05-20,9831
00650L,復華香港正2,100,64,36,元大-四維,2024-05-20,9831
00929,復華台灣科技優息,179,144,35,元大-四維,2024-05-20,9831
1216,統一,41,7,34,元大-四維,2024-05-20,9831
2515,中工,43,10,33,元大-四維,2024-05-20,9831
2367,燿華,159,128,31,元大-四維,2024-05-20,9831
2607,榮運,31,1,30,元大-四維,2024-05-20,9831
2010,春源,36,6,30,元大-四維,2024-05-20,9831
6790,永豐實,30,0,30,元大-四維,2024-05-20,9831
3037,欣興,29,2,27,元大-四維,2024-05-20,9831
00915,凱基優選高股息30,26,0,26,元大-四維,2024-05-20,9831
00687B,國泰20年美債,25,3,22,元大-四維,2024-05-20,9831
2363,矽統,95,75,20,元大-四維,2024-05-20,9831
9136,巨騰-DR,20,0,20,元大-四維,2024-05-20,9831
1417,嘉裕,20,0,20,元大-四維,2024-05-20,9831
6438,迅得,20,0,20,元大-四維,2024-05-20,9831
8071,能率網通,21,1,20,元大-四維,2024-05-20,9831
8028,昇陽半導體,23,3,20,元大-四維,2024-05-20,9831
5498,凱崴,20,1,19,元大-四維,2024-05-20,9831
6785,昱展新藥,19,0,19,元大-四維,2024-05-20,9831
2705,六福,31,13,18,元大-四維,2024-05-20,9831
5521,工信,18,1,17,元大-四維,2024-05-20,9831
2603,長榮,34,17,17,元大-四維,2024-05-20,9831
8936,國統,27,11,16,元大-四維,2024-05-20,9831
6207,雷科,17,1,16,元大-四維,2024-05-20,9831
2352,佳世達,30,15,15,元大-四維,2024-05-20,9831
2017,官田鋼,15,0,15,元大-四維,2024-05-20,9831
1455,集盛,14,0,14,元大-四維,2024-05-20,9831
9904,寶成,14,0,14,元大-四維,2024-05-20,9831
2353,宏��,26,13,13,元大-四維,2024-05-20,9831
5508,永信建,14,1,13,元大-四維,2024-05-20,9831
3059,華晶科,26,13,13,元大-四維,2024-05-20,9831
6684,安格,13,0,13,元大-四維,2024-05-20,9831
2547,日勝生,13,0,13,元大-四維,2024-05-20,9831
2449,京元電子,18,6,12,元大-四維,2024-05-20,9831
1713,國化,572,1,571,元大-四維,2024-05-21,9831
00665L,富邦�琤肭磪囓�2,466,0,466,元大-四維,2024-05-21,9831
00650L,復華香港正2,346,3,343,元大-四維,2024-05-21,9831
3033,威健,212,28,184,元大-四維,2024-05-21,9831
2890,永豐金,185,7,178,元大-四維,2024-05-21,9831
00937B,群益ESG投等債20,134,1,133,元大-四維,2024-05-21,9831
00940,元大台灣價值高息,138,33,105,元大-四維,2024-05-21,9831
1605,華新,187,83,104,元大-四維,2024-05-21,9831
2882,國泰金,115,15,100,元大-四維,2024-05-21,9831
5210,寶碩,102,4,98,元大-四維,2024-05-21,9831
2838,聯邦銀,100,10,90,元大-四維,2024-05-21,9831
00929,復華台灣科技優息,101,17,84,元大-四維,2024-05-21,9831
4111,濟生,82,0,82,元大-四維,2024-05-21,9831
00878,國泰永續高股息,81,4,77,元大-四維,2024-05-21,9831
5371,中光電,86,10,76,元大-四維,2024-05-21,9831
2610,華航,135,61,74,元大-四維,2024-05-21,9831
2883,凱基金,129,65,64,元大-四維,2024-05-21,9831
6147,頎邦,68,6,62,元大-四維,2024-05-21,9831
2312,金寶,75,17,58,元大-四維,2024-05-21,9831
00679B,元大美債20年,59,1,58,元大-四維,2024-05-21,9831
2618,長榮航,166,117,49,元大-四維,2024-05-21,9831
2884,玉山金,88,41,47,元大-四維,2024-05-21,9831
2363,矽統,58,20,38,元大-四維,2024-05-21,9831
1752,南光,51,13,38,元大-四維,2024-05-21,9831
2365,昆盈,63,26,37,元大-四維,2024-05-21,9831
6206,飛捷,40,4,36,元大-四維,2024-05-21,9831
00753L,中信中國50正2,37,3,34,元大-四維,2024-05-21,9831
2367,燿華,234,201,33,元大-四維,2024-05-21,9831
4903,聯光通,37,5,32,元大-四維,2024-05-21,9831
00712,復華富時不動產,32,0,32,元大-四維,2024-05-21,9831
1217,愛之味,31,0,31,元大-四維,2024-05-21,9831
2897,王道銀行,30,0,30,元大-四維,2024-05-21,9831
2645,長榮航太,35,6,29,元大-四維,2024-05-21,9831
1337,再生-KY,28,0,28,元大-四維,2024-05-21,9831
1314,中石化,55,27,28,元大-四維,2024-05-21,9831
2891,中信金,35,11,24,元大-四維,2024-05-21,9831
1101,台泥,21,0,21,元大-四維,2024-05-21,9831
2409,友達,28,7,21,元大-四維,2024-05-21,9831
2241,艾姆勒,25,4,21,元大-四維,2024-05-21,9831
00751B,元大AAA至A公司債,20,0,20,元大-四維,2024-05-21,9831
1313,聯成,20,0,20,元大-四維,2024-05-21,9831
1447,力鵬,20,0,20,元大-四維,2024-05-21,9831
2359,所羅門,83,63,20,元大-四維,2024-05-21,9831
2374,佳能,80,61,19,元大-四維,2024-05-21,9831
2888,新光金,24,5,19,元大-四維,2024-05-21,9831
6209,今國光,26,10,16,元大-四維,2024-05-21,9831
5608,四維航,21,5,16,元大-四維,2024-05-21,9831
2323,中環,16,0,16,元大-四維,2024-05-21,9831
1301,台塑,15,0,15,元大-四維,2024-05-21,9831
2317,鴻海,60,44,16,元大-四維,2024-05-21,9831
00632R,元大台灣50反1,507,91,416,元大-四維,2024-05-22,9831
3481,群創,606,231,375,元大-四維,2024-05-22,9831
00715L,期街口布蘭特正2,300,0,300,元大-四維,2024-05-22,9831
2618,長榮航,206,27,179,元大-四維,2024-05-22,9831
00650L,復華香港正2,92,0,92,元大-四維,2024-05-22,9831
2002,中鋼,89,3,86,元大-四維,2024-05-22,9831
2354,鴻準,89,8,81,元大-四維,2024-05-22,9831
2367,燿華,221,149,72,元大-四維,2024-05-22,9831
3047,訊舟,152,81,71,元大-四維,2024-05-22,9831
4111,濟生,64,2,62,元大-四維,2024-05-22,9831
3013,晟銘電,103,42,61,元大-四維,2024-05-22,9831
8110,華東,58,2,56,元大-四維,2024-05-22,9831
6770,力積電,67,16,51,元大-四維,2024-05-22,9831
2486,一詮,73,23,50,元大-四維,2024-05-22,9831
3596,智易,55,6,49,元大-四維,2024-05-22,9831
2867,三商壽,62,15,47,元大-四維,2024-05-22,9831
2504,國產,45,0,45,元大-四維,2024-05-22,9831
3515,華擎,41,1,40,元大-四維,2024-05-22,9831
00680L,元大美債20正2,36,0,36,元大-四維,2024-05-22,9831
2610,華航,148,117,31,元大-四維,2024-05-22,9831
8906,花王,30,0,30,元大-四維,2024-05-22,9831
1303,南亞,29,1,28,元大-四維,2024-05-22,9831
1451,年興,28,0,28,元大-四維,2024-05-22,9831
2489,瑞軒,49,22,27,元大-四維,2024-05-22,9831
2520,冠德,27,0,27,元大-四維,2024-05-22,9831
5356,協益,27,0,27,元大-四維,2024-05-22,9831
3036,文曄,26,1,25,元大-四維,2024-05-22,9831
00937B,群益ESG投等債20,49,25,24,元大-四維,2024-05-22,9831
3535,晶彩科,25,1,24,元大-四維,2024-05-22,9831
5347,世界,31,8,23,元大-四維,2024-05-22,9831
1752,南光,31,8,23,元大-四維,2024-05-22,9831
2812,台中銀,23,1,22,元大-四維,2024-05-22,9831
6785,昱展新藥,22,0,22,元大-四維,2024-05-22,9831
5009,榮剛,24,3,21,元大-四維,2024-05-22,9831
2542,興富發,20,0,20,元大-四維,2024-05-22,9831
1608,華榮,34,15,19,元大-四維,2024-05-22,9831
1504,東元,21,2,19,元大-四維,2024-05-22,9831
1536,和大,33,14,19,元大-四維,2024-05-22,9831
2009,第一銅,93,74,19,元大-四維,2024-05-22,9831
1217,愛之味,19,2,17,元大-四維,2024-05-22,9831
6274,台燿,19,2,17,元大-四維,2024-05-22,9831
3356,奇偶,19,3,16,元大-四維,2024-05-22,9831
00943,兆豐電子高息等權,16,0,16,元大-四維,2024-05-22,9831
6125,廣運,40,24,16,元大-四維,2024-05-22,9831
1605,華新,33,18,15,元大-四維,2024-05-22,9831
1337,再生-KY,15,0,15,元大-四維,2024-05-22,9831
4533,協易機,40,25,15,元大-四維,2024-05-22,9831
2834,臺企銀,14,0,14,元大-四維,2024-05-22,9831
1455,集盛,14,1,13,元大-四維,2024-05-22,9831
1301,台塑,22,9,13,元大-四維,2024-05-22,9831
00632R,元大台灣50反1,391,0,391,元大-四維,2024-05-23,9831
00751B,元大AAA至A公司債,253,0,253,元大-四維,2024-05-23,9831
2324,仁寶,268,31,237,元大-四維,2024-05-23,9831
00715L,期街口布蘭特正2,200,0,200,元大-四維,2024-05-23,9831
2002,中鋼,177,10,167,元大-四維,2024-05-23,9831
00650L,復華香港正2,257,91,166,元大-四維,2024-05-23,9831
2882,國泰金,119,13,106,元大-四維,2024-05-23,9831
2611,志信,80,1,79,元大-四維,2024-05-23,9831
2633,台灣高鐵,75,2,73,元大-四維,2024-05-23,9831
00946,群益科技高息成長,84,12,72,元大-四維,2024-05-23,9831
00937B,群益ESG投等債20,80,15,65,元大-四維,2024-05-23,9831
2356,英業達,79,16,63,元大-四維,2024-05-23,9831
5880,合庫金,59,2,57,元大-四維,2024-05-23,9831
2352,佳世達,53,0,53,元大-四維,2024-05-23,9831
3483,力致,63,16,47,元大-四維,2024-05-23,9831
1609,大亞,50,3,47,元大-四維,2024-05-23,9831
2405,輔信,56,11,45,元大-四維,2024-05-23,9831
00665L,富邦�琤肭磪囓�2,45,0,45,元大-四維,2024-05-23,9831
2883,凱基金,96,55,41,元大-四維,2024-05-23,9831
2838,聯邦銀,60,21,39,元大-四維,2024-05-23,9831
2618,長榮航,132,94,38,元大-四維,2024-05-23,9831
5498,凱崴,59,23,36,元大-四維,2024-05-23,9831
3481,群創,46,14,32,元大-四維,2024-05-23,9831
8936,國統,51,20,31,元大-四維,2024-05-23,9831
00936,台新永續高息中小,31,0,31,元大-四維,2024-05-23,9831
2834,臺企銀,30,0,30,元大-四維,2024-05-23,9831
6138,茂達,29,1,28,元大-四維,2024-05-23,9831
2377,微星,34,7,27,元大-四維,2024-05-23,9831
2331,精英,27,1,26,元大-四維,2024-05-23,9831
1314,中石化,48,22,26,元大-四維,2024-05-23,9831
2406,國碩,26,1,25,元大-四維,2024-05-23,9831
2501,國建,28,3,25,元大-四維,2024-05-23,9831
2371,大同,74,49,25,元大-四維,2024-05-23,9831
6443,元晶,26,1,25,元大-四維,2024-05-23,9831
2376,技嘉,28,6,22,元大-四維,2024-05-23,9831
2421,建準,22,0,22,元大-四維,2024-05-23,9831
2006,東和鋼鐵,22,0,22,元大-四維,2024-05-23,9831
4513,福裕,22,0,22,元大-四維,2024-05-23,9831
2603,長榮,26,4,22,元大-四維,2024-05-23,9831
2880,華南金,22,0,22,元大-四維,2024-05-23,9831
2458,義隆,25,4,21,元大-四維,2024-05-23,9831
5521,工信,21,0,21,元大-四維,2024-05-23,9831
00725B,國泰投資級公司債,20,0,20,元大-四維,2024-05-23,9831
2015,豐興,20,0,20,元大-四維,2024-05-23,9831
1617,榮星,20,1,19,元大-四維,2024-05-23,9831
5608,四維航,19,0,19,元大-四維,2024-05-23,9831
5324,士開,20,1,19,元大-四維,2024-05-23,9831
6274,台燿,20,2,18,元大-四維,2024-05-23,9831
00944,野村趨勢動能高息,18,0,18,元大-四維,2024-05-23,9831
9906,欣巴巴,63,45,18,元大-四維,2024-05-23,9831
00937B,群益ESG投等債20,245,0,245,元大-四維,2024-05-24,9831
00632R,元大台灣50反1,233,51,182,元大-四維,2024-05-24,9831
2882,國泰金,153,1,152,元大-四維,2024-05-24,9831
1713,國化,140,2,138,元大-四維,2024-05-24,9831
00665L,富邦�琤肭磪囓�2,108,0,108,元大-四維,2024-05-24,9831
2354,鴻準,124,32,92,元大-四維,2024-05-24,9831
2363,矽統,336,246,90,元大-四維,2024-05-24,9831
00712,復華富時不動產,64,0,64,元大-四維,2024-05-24,9831
00940,元大台灣價值高息,73,21,52,元大-四維,2024-05-24,9831
2888,新光金,52,2,50,元大-四維,2024-05-24,9831
5880,合庫金,49,0,49,元大-四維,2024-05-24,9831
2884,玉山金,50,1,49,元大-四維,2024-05-24,9831
2303,聯電,68,25,43,元大-四維,2024-05-24,9831
9105,泰金寶-DR,93,51,42,元大-四維,2024-05-24,9831
2002,中鋼,38,5,33,元大-四維,2024-05-24,9831
2392,正崴,58,27,31,元大-四維,2024-05-24,9831
00679B,元大美債20年,31,0,31,元大-四維,2024-05-24,9831
1423,利華,30,0,30,元大-四維,2024-05-24,9831
2891,中信金,28,1,27,元大-四維,2024-05-24,9831
00650L,復華香港正2,129,102,27,元大-四維,2024-05-24,9831
4916,事欣科,25,0,25,元大-四維,2024-05-24,9831
2313,華通,28,5,23,元大-四維,2024-05-24,9831
3605,宏致,68,45,23,元大-四維,2024-05-24,9831
2344,華邦電,34,12,22,元大-四維,2024-05-24,9831
2605,新興,22,1,21,元大-四維,2024-05-24,9831
2607,榮運,20,0,20,元大-四維,2024-05-24,9831
3576,聯合再生,20,0,20,元大-四維,2024-05-24,9831
2323,中環,21,1,20,元大-四維,2024-05-24,9831
5533,皇鼎,20,0,20,元大-四維,2024-05-24,9831
1217,愛之味,20,0,20,元大-四維,2024-05-24,9831
6274,台燿,45,26,19,元大-四維,2024-05-24,9831
00687B,國泰20年美債,19,0,19,元大-四維,2024-05-24,9831
1587,吉茂,22,3,19,元大-四維,2024-05-24,9831
1310,台苯,20,1,19,元大-四維,2024-05-24,9831
2301,光寶科,72,53,19,元大-四維,2024-05-24,9831
00753L,中信中國50正2,18,0,18,元大-四維,2024-05-24,9831
2885,元大金,17,0,17,元大-四維,2024-05-24,9831
2464,盟立,44,27,17,元大-四維,2024-05-24,9831
2206,三陽工業,19,2,17,元大-四維,2024-05-24,9831
00751B,元大AAA至A公司債,16,0,16,元大-四維,2024-05-24,9831
3665,貿聯-KY,16,0,16,元大-四維,2024-05-24,9831
00720B,元大投資級公司債,16,1,15,元大-四維,2024-05-24,9831
2892,第一金,15,1,14,元大-四維,2024-05-24,9831
3037,欣興,14,0,14,元大-四維,2024-05-24,9831
1409,新纖,14,0,14,元大-四維,2024-05-24,9831
2406,國碩,16,2,14,元大-四維,2024-05-24,9831
00944,野村趨勢動能高息,13,0,13,元大-四維,2024-05-24,9831
2007,燁興,18,5,13,元大-四維,2024-05-24,9831
2371,大同,22,10,12,元大-四維,2024-05-24,9831
3483,力致,18,6,12,元大-四維,2024-05-24,9831
00679B,元大美債20年,146,6,140,元大-四維,2024-05-27,9831
5443,均豪,155,19,136,元大-四維,2024-05-27,9831
2417,圓剛,158,22,136,元大-四維,2024-05-27,9831
2027,大成鋼,110,11,99,元大-四維,2024-05-27,9831
2002,中鋼,102,7,95,元大-四維,2024-05-27,9831
00650L,復華香港正2,86,0,86,元大-四維,2024-05-27,9831
00937B,群益ESG投等債20,87,9,78,元大-四維,2024-05-27,9831
6209,今國光,85,10,75,元大-四維,2024-05-27,9831
00878,國泰永續高股息,181,108,73,元大-四維,2024-05-27,9831
2353,宏��,174,109,65,元大-四維,2024-05-27,9831
00946,群益科技高息成長,65,5,60,元大-四維,2024-05-27,9831
2883,凱基金,69,15,54,元大-四維,2024-05-27,9831
8277,商丞,50,0,50,元大-四維,2024-05-27,9831
2367,燿華,138,91,47,元大-四維,2024-05-27,9831
8935,邦泰,45,0,45,元大-四維,2024-05-27,9831
8092,建暐,41,0,41,元大-四維,2024-05-27,9831
2609,陽明,88,48,40,元大-四維,2024-05-27,9831
6292,迅德,40,1,39,元大-四維,2024-05-27,9831
2615,萬海,50,18,32,元大-四維,2024-05-27,9831
912000,晨訊科-DR,70,38,32,元大-四維,2024-05-27,9831
1603,華電,32,1,31,元大-四維,2024-05-27,9831
3376,新日興,31,1,30,元大-四維,2024-05-27,9831
3321,同泰,30,0,30,元大-四維,2024-05-27,9831
2323,中環,29,1,28,元大-四維,2024-05-27,9831
00933B,國泰10Y+金融債,28,0,28,元大-四維,2024-05-27,9831
3583,辛耘,29,2,27,元大-四維,2024-05-27,9831
2618,長榮航,42,16,26,元大-四維,2024-05-27,9831
5880,合庫金,29,3,26,元大-四維,2024-05-27,9831
00720B,元大投資級公司債,26,0,26,元大-四維,2024-05-27,9831
00923,群益台ESG低碳50,25,0,25,元大-四維,2024-05-27,9831
3231,緯創,52,27,25,元大-四維,2024-05-27,9831
9906,欣巴巴,57,32,25,元大-四維,2024-05-27,9831
2340,台亞,60,36,24,元大-四維,2024-05-27,9831
9105,泰金寶-DR,225,202,23,元大-四維,2024-05-27,9831
5498,凱崴,47,25,22,元大-四維,2024-05-27,9831
2838,聯邦銀,42,20,22,元大-四維,2024-05-27,9831
1815,富喬,75,55,20,元大-四維,2024-05-27,9831
2611,志信,31,11,20,元大-四維,2024-05-27,9831
00935,野村臺灣新科技50,20,0,20,元大-四維,2024-05-27,9831
8906,花王,21,2,19,元大-四維,2024-05-27,9831
00712,復華富時不動產,28,10,18,元大-四維,2024-05-27,9831
1565,精華,17,0,17,元大-四維,2024-05-27,9831
2330,台積電,18,2,16,元大-四維,2024-05-27,9831
6147,頎邦,16,0,16,元大-四維,2024-05-27,9831
00882,中信中國高股息,16,0,16,元大-四維,2024-05-27,9831
1220,台榮,16,0,16,元大-四維,2024-05-27,9831
2603,長榮,65,50,15,元大-四維,2024-05-27,9831
3038,全台,15,0,15,元大-四維,2024-05-27,9831
3010,華立,15,0,15,元大-四維,2024-05-27,9831
1514,亞力,18,4,14,元大-四維,2024-05-27,9831
1713,國化,311,0,311,元大-四維,2024-05-28,9831
3372,典範,287,9,278,元大-四維,2024-05-28,9831
3689,湧德,146,4,142,元大-四維,2024-05-28,9831
2618,長榮航,310,202,108,元大-四維,2024-05-28,9831
00937B,群益ESG投等債20,107,8,99,元大-四維,2024-05-28,9831
00940,元大台灣價值高息,287,190,97,元大-四維,2024-05-28,9831
00665L,富邦�琤肭磪囓�2,100,14,86,元大-四維,2024-05-28,9831
2371,大同,73,4,69,元大-四維,2024-05-28,9831
5519,隆大,69,0,69,元大-四維,2024-05-28,9831
2883,凱基金,127,59,68,元大-四維,2024-05-28,9831
2301,光寶科,75,11,64,元大-四維,2024-05-28,9831
2353,宏��,147,86,61,元大-四維,2024-05-28,9831
2354,鴻準,365,305,60,元大-四維,2024-05-28,9831
2884,玉山金,57,2,55,元大-四維,2024-05-28,9831
2615,萬海,57,3,54,元大-四維,2024-05-28,9831
2352,佳世達,110,57,53,元大-四維,2024-05-28,9831
2834,臺企銀,51,0,51,元大-四維,2024-05-28,9831
6209,今國光,52,2,50,元大-四維,2024-05-28,9831
2606,裕民,84,37,47,元大-四維,2024-05-28,9831
2603,長榮,58,14,44,元大-四維,2024-05-28,9831
3481,群創,50,7,43,元大-四維,2024-05-28,9831
2314,台揚,39,1,38,元大-四維,2024-05-28,9831
8064,東捷,65,31,34,元大-四維,2024-05-28,9831
2633,台灣高鐵,34,1,33,元大-四維,2024-05-28,9831
5880,合庫金,35,6,29,元大-四維,2024-05-28,9831
3163,波若威,35,6,29,元大-四維,2024-05-28,9831
1513,中興電,46,17,29,元大-四維,2024-05-28,9831
2317,鴻海,62,33,29,元大-四維,2024-05-28,9831
00918,大華優利高填息30,28,0,28,元大-四維,2024-05-28,9831
8054,安國,38,10,28,元大-四維,2024-05-28,9831
1587,吉茂,33,6,27,元大-四維,2024-05-28,9831
1303,南亞,32,6,26,元大-四維,2024-05-28,9831
5426,振發,33,7,26,元大-四維,2024-05-28,9831
2609,陽明,87,64,23,元大-四維,2024-05-28,9831
2006,東和鋼鐵,23,0,23,元大-四維,2024-05-28,9831
2891,中信金,30,7,23,元大-四維,2024-05-28,9831
00919,群益台灣精選高息,50,29,21,元大-四維,2024-05-28,9831
00946,群益科技高息成長,20,0,20,元大-四維,2024-05-28,9831
3041,揚智,22,2,20,元大-四維,2024-05-28,9831
00931B,統一美債20年,20,0,20,元大-四維,2024-05-28,9831
6443,元晶,22,3,19,元大-四維,2024-05-28,9831
8081,致新,20,1,19,元大-四維,2024-05-28,9831
6140,訊達,24,5,19,元大-四維,2024-05-28,9831
00753L,中信中國50正2,22,4,18,元大-四維,2024-05-28,9831
2886,兆豐金,21,3,18,元大-四維,2024-05-28,9831
2303,聯電,29,12,17,元大-四維,2024-05-28,9831
2641,正德,62,45,17,元大-四維,2024-05-28,9831
5533,皇鼎,16,0,16,元大-四維,2024-05-28,9831
00933B,國泰10Y+金融債,15,0,15,元大-四維,2024-05-28,9831
2382,廣達,16,2,14,元大-四維,2024-05-28,9831
00937B,群益ESG投等債20,414,1,413,元大-四維,2024-05-29,9831
8096,擎亞,308,3,305,元大-四維,2024-05-29,9831
00665L,富邦�琤肭磪囓�2,260,0,260,元大-四維,2024-05-29,9831
00940,元大台灣價值高息,431,206,225,元大-四維,2024-05-29,9831
00679B,元大美債20年,148,0,148,元大-四維,2024-05-29,9831
00650L,復華香港正2,147,0,147,元大-四維,2024-05-29,9831
2537,聯上發,142,2,140,元大-四維,2024-05-29,9831
2610,華航,175,56,119,元大-四維,2024-05-29,9831
5880,合庫金,114,0,114,元大-四維,2024-05-29,9831
2884,玉山金,109,2,107,元大-四維,2024-05-29,9831
2867,三商壽,107,1,106,元大-四維,2024-05-29,9831
2882,國泰金,113,11,102,元大-四維,2024-05-29,9831
00933B,國泰10Y+金融債,98,0,98,元大-四維,2024-05-29,9831
2834,臺企銀,99,2,97,元大-四維,2024-05-29,9831
1314,中石化,94,12,82,元大-四維,2024-05-29,9831
2401,凌陽,163,86,77,元大-四維,2024-05-29,9831
00878,國泰永續高股息,75,6,69,元大-四維,2024-05-29,9831
1316,上曜,75,7,68,元大-四維,2024-05-29,9831
2002,中鋼,74,6,68,元大-四維,2024-05-29,9831
1101,台泥,65,7,58,元大-四維,2024-05-29,9831
00687B,國泰20年美債,60,3,57,元大-四維,2024-05-29,9831
2353,宏��,163,106,57,元大-四維,2024-05-29,9831
2301,光寶科,54,3,51,元大-四維,2024-05-29,9831
3048,益登,72,22,50,元大-四維,2024-05-29,9831
00751B,元大AAA至A公司債,49,0,49,元大-四維,2024-05-29,9831
2371,大同,57,9,48,元大-四維,2024-05-29,9831
2317,鴻海,90,43,47,元大-四維,2024-05-29,9831
00946,群益科技高息成長,47,0,47,元大-四維,2024-05-29,9831
2885,元大金,48,2,46,元大-四維,2024-05-29,9831
2609,陽明,98,53,45,元大-四維,2024-05-29,9831
2883B,凱基金乙特,40,0,40,元大-四維,2024-05-29,9831
3481,群創,52,14,38,元大-四維,2024-05-29,9831
1802,台玻,40,3,37,元大-四維,2024-05-29,9831
00720B,元大投資級公司債,37,0,37,元大-四維,2024-05-29,9831
2356,英業達,39,4,35,元大-四維,2024-05-29,9831
2607,榮運,35,0,35,元大-四維,2024-05-29,9831
2409,友達,34,0,34,元大-四維,2024-05-29,9831
00919,群益台灣精選高息,60,29,31,元大-四維,2024-05-29,9831
00712,復華富時不動產,31,0,31,元大-四維,2024-05-29,9831
3313,斐成,31,1,30,元大-四維,2024-05-29,9831
2801,彰銀,30,0,30,元大-四維,2024-05-29,9831
2890,永豐金,30,0,30,元大-四維,2024-05-29,9831
2886,兆豐金,38,9,29,元大-四維,2024-05-29,9831
3047,訊舟,211,184,27,元大-四維,2024-05-29,9831
1409,新纖,25,0,25,元大-四維,2024-05-29,9831
6505,台塑化,27,2,25,元大-四維,2024-05-29,9831
00753L,中信中國50正2,22,0,22,元大-四維,2024-05-29,9831
6215,和椿,27,5,22,元大-四維,2024-05-29,9831
2330,台積電,25,3,22,元大-四維,2024-05-29,9831
1301,台塑,21,0,21,元大-四維,2024-05-29,9831
00937B,群益ESG投等債20,445,7,438,元大-四維,2024-05-30,9831
2834,臺企銀,281,10,271,元大-四維,2024-05-30,9831
00940,元大台灣價值高息,110,11,99,元大-四維,2024-05-30,9831
2344,華邦電,99,1,98,元大-四維,2024-05-30,9831
5880,合庫金,93,0,93,元大-四維,2024-05-30,9831
6209,今國光,125,38,87,元大-四維,2024-05-30,9831
00878,國泰永續高股息,90,7,83,元大-四維,2024-05-30,9831
00946,群益科技高息成長,77,0,77,元大-四維,2024-05-30,9831
2354,鴻準,119,50,69,元大-四維,2024-05-30,9831
00665L,富邦�琤肭磪囓�2,82,15,67,元大-四維,2024-05-30,9831
00679B,元大美債20年,66,0,66,元大-四維,2024-05-30,9831
2888,新光金,80,15,65,元大-四維,2024-05-30,9831
2027,大成鋼,64,1,63,元大-四維,2024-05-30,9831
2002,中鋼,65,2,63,元大-四維,2024-05-30,9831
00680L,元大美債20正2,72,10,62,元大-四維,2024-05-30,9831
2838,聯邦銀,60,0,60,元大-四維,2024-05-30,9831
2356,英業達,60,6,54,元大-四維,2024-05-30,9831
9105,泰金寶-DR,81,26,55,元大-四維,2024-05-30,9831
00687B,國泰20年美債,57,3,54,元大-四維,2024-05-30,9831
2885,元大金,75,22,53,元大-四維,2024-05-30,9831
3338,泰碩,92,40,52,元大-四維,2024-05-30,9831
2371,大同,51,0,51,元大-四維,2024-05-30,9831
2884,玉山金,65,15,50,元大-四維,2024-05-30,9831
2314,台揚,50,1,49,元大-四維,2024-05-30,9831
2301,光寶科,51,2,49,元大-四維,2024-05-30,9831
3714,富采,48,0,48,元大-四維,2024-05-30,9831
00715L,期街口布蘭特正2,50,2,48,元大-四維,2024-05-30,9831
2317,鴻海,58,16,42,元大-四維,2024-05-30,9831
2408,南亞科,46,5,41,元大-四維,2024-05-30,9831
8935,邦泰,40,0,40,元大-四維,2024-05-30,9831
8110,華東,58,19,39,元大-四維,2024-05-30,9831
6770,力積電,53,16,37,元大-四維,2024-05-30,9831
2353,宏��,127,90,37,元大-四維,2024-05-30,9831
2489,瑞軒,54,17,37,元大-四維,2024-05-30,9831
6274,台燿,47,12,35,元大-四維,2024-05-30,9831
00929,復華台灣科技優息,107,72,35,元大-四維,2024-05-30,9831
00712,復華富時不動產,37,3,34,元大-四維,2024-05-30,9831
2889,國票金,34,0,34,元大-四維,2024-05-30,9831
2363,矽統,146,114,32,元大-四維,2024-05-30,9831
8054,安國,39,8,31,元大-四維,2024-05-30,9831
00944,野村趨勢動能高息,31,0,31,元大-四維,2024-05-30,9831
2605,新興,51,21,30,元大-四維,2024-05-30,9831
1612,宏泰,29,0,29,元大-四維,2024-05-30,9831
9904,寶成,29,0,29,元大-四維,2024-05-30,9831
00751B,元大AAA至A公司債,26,0,26,元大-四維,2024-05-30,9831
2607,榮運,26,0,26,元大-四維,2024-05-30,9831
1303,南亞,35,9,26,元大-四維,2024-05-30,9831
912000,晨訊科-DR,25,0,25,元大-四維,2024-05-30,9831
00933B,國泰10Y+金融債,30,5,25,元大-四維,2024-05-30,9831
2102,泰豐,25,0,25,元大-四維,2024-05-30,9831
00715L,期街口布蘭特正2,342,0,342,元大-四維,2024-05-31,9831
2515,中工,238,67,171,元大-四維,2024-05-31,9831
2352,佳世達,159,1,158,元大-四維,2024-05-31,9831
2609,陽明,451,303,148,元大-四維,2024-05-31,9831
2101,南港,144,32,112,元大-四維,2024-05-31,9831
9105,泰金寶-DR,109,0,109,元大-四維,2024-05-31,9831
2882,國泰金,108,3,105,元大-四維,2024-05-31,9831
00929,復華台灣科技優息,134,31,103,元大-四維,2024-05-31,9831
2614,東森,101,2,99,元大-四維,2024-05-31,9831
00940,元大台灣價值高息,108,33,75,元大-四維,2024-05-31,9831
2344,華邦電,73,1,72,元大-四維,2024-05-31,9831
3231,緯創,83,17,66,元大-四維,2024-05-31,9831
00878,國泰永續高股息,64,3,61,元大-四維,2024-05-31,9831
2002,中鋼,73,16,57,元大-四維,2024-05-31,9831
2317,鴻海,75,22,53,元大-四維,2024-05-31,9831
2486,一詮,67,17,50,元大-四維,2024-05-31,9831
2812,台中銀,47,2,45,元大-四維,2024-05-31,9831
3037,欣興,44,0,44,元大-四維,2024-05-31,9831
2401,凌陽,45,6,39,元大-四維,2024-05-31,9831
5880,合庫金,38,1,37,元大-四維,2024-05-31,9831
2331,精英,47,12,35,元大-四維,2024-05-31,9831
1409,新纖,34,0,34,元大-四維,2024-05-31,9831
00944,野村趨勢動能高息,33,0,33,元大-四維,2024-05-31,9831
3313,斐成,30,1,29,元大-四維,2024-05-31,9831
3036,文曄,26,0,26,元大-四維,2024-05-31,9831
3312,弘憶股,52,27,25,元大-四維,2024-05-31,9831
2889,國票金,28,3,25,元大-四維,2024-05-31,9831
2330,台積電,28,4,24,元大-四維,2024-05-31,9831
2382,廣達,25,2,23,元大-四維,2024-05-31,9831
3006,晶豪科,23,0,23,元大-四維,2024-05-31,9831
4903,聯光通,31,8,23,元大-四維,2024-05-31,9831
6005,群益證,42,20,22,元大-四維,2024-05-31,9831
2607,榮運,23,1,22,元大-四維,2024-05-31,9831
3714,富采,23,1,22,元大-四維,2024-05-31,9831
1815,富喬,112,90,22,元大-四維,2024-05-31,9831
2353,宏��,58,37,21,元大-四維,2024-05-31,9831
00946,群益科技高息成長,21,1,20,元大-四維,2024-05-31,9831
00939,統一台灣高息動能,18,0,18,元大-四維,2024-05-31,9831
3055,蔚華科,20,2,18,元大-四維,2024-05-31,9831
2891,中信金,39,22,17,元大-四維,2024-05-31,9831
2603,長榮,35,18,17,元大-四維,2024-05-31,9831
3689,湧德,18,1,17,元大-四維,2024-05-31,9831
1802,台玻,18,1,17,元大-四維,2024-05-31,9831
2208,台船,38,21,17,元大-四維,2024-05-31,9831
2301,光寶科,21,4,17,元大-四維,2024-05-31,9831
2356,英業達,20,3,17,元大-四維,2024-05-31,9831
6548,長科*,22,5,17,元大-四維,2024-05-31,9831
2409,友達,28,12,16,元大-四維,2024-05-31,9831
2324,仁寶,19,3,16,元大-四維,2024-05-31,9831
3324,雙鴻,27,11,16,元大-四維,2024-05-31,9831
2301,光寶科,222,11,211,元大-四維,2024-06-03,9831
2836,高雄銀,175,0,175,元大-四維,2024-06-03,9831
00919,群益台灣精選高息,167,8,159,元大-四維,2024-06-03,9831
00632R,元大台灣50反1,127,0,127,元大-四維,2024-06-03,9831
2618,長榮航,209,92,117,元大-四維,2024-06-03,9831
1316,上曜,104,1,103,元大-四維,2024-06-03,9831
00929,復華台灣科技優息,87,8,79,元大-四維,2024-06-03,9831
00946,群益科技高息成長,78,0,78,元大-四維,2024-06-03,9831
2353,宏��,81,11,70,元大-四維,2024-06-03,9831
2317,鴻海,98,32,66,元大-四維,2024-06-03,9831
3714,富采,57,0,57,元大-四維,2024-06-03,9831
00918,大華優利高填息30,59,3,56,元大-四維,2024-06-03,9831
6290,良維,62,8,54,元大-四維,2024-06-03,9831
2354,鴻準,85,35,50,元大-四維,2024-06-03,9831
5880,合庫金,51,3,48,元大-四維,2024-06-03,9831
2027,大成鋼,45,5,40,元大-四維,2024-06-03,9831
2101,南港,60,20,40,元大-四維,2024-06-03,9831
8935,邦泰,40,0,40,元大-四維,2024-06-03,9831
3059,華晶科,106,68,38,元大-四維,2024-06-03,9831
2615,萬海,135,99,36,元大-四維,2024-06-03,9831
8936,國統,39,4,35,元大-四維,2024-06-03,9831
1718,中纖,35,0,35,元大-四維,2024-06-03,9831
2812,台中銀,36,3,33,元大-四維,2024-06-03,9831
2363,矽統,65,35,30,元大-四維,2024-06-03,9831
2897,王道銀行,30,0,30,元大-四維,2024-06-03,9831
1303,南亞,32,6,26,元大-四維,2024-06-03,9831
2867,三商壽,46,20,26,元大-四維,2024-06-03,9831
3305,昇貿,35,9,26,元大-四維,2024-06-03,9831
2889,國票金,25,0,25,元大-四維,2024-06-03,9831
2883B,凱基金乙特,24,0,24,元大-四維,2024-06-03,9831
6167,久正,42,19,23,元大-四維,2024-06-03,9831
00940,元大台灣價值高息,97,76,21,元大-四維,2024-06-03,9831
00944,野村趨勢動能高息,21,0,21,元大-四維,2024-06-03,9831
2515,中工,46,26,20,元大-四維,2024-06-03,9831
6163,華電網,51,31,20,元大-四維,2024-06-03,9831
2608,嘉里大榮,27,8,19,元大-四維,2024-06-03,9831
1617,榮星,20,1,19,元大-四維,2024-06-03,9831
3287,廣寰科,21,3,18,元大-四維,2024-06-03,9831
4714,永捷,21,3,18,元大-四維,2024-06-03,9831
9906,欣巴巴,22,6,16,元大-四維,2024-06-03,9831
2610,華航,16,1,15,元大-四維,2024-06-03,9831
4533,協易機,66,51,15,元大-四維,2024-06-03,9831
2369,菱生,21,6,15,元大-四維,2024-06-03,9831
2542,興富發,14,0,14,元大-四維,2024-06-03,9831
3017,奇鋐,24,10,14,元大-四維,2024-06-03,9831
2880,華南金,15,2,13,元大-四維,2024-06-03,9831
3033,威健,13,0,13,元大-四維,2024-06-03,9831
6120,達運,13,0,13,元大-四維,2024-06-03,9831
2834,臺企銀,13,0,13,元大-四維,2024-06-03,9831
00923,群益台ESG低碳50,13,1,12,元大-四維,2024-06-03,9831
00715L,期街口布蘭特正2,306,0,306,元大-四維,2024-06-04,9831
2888,新光金,303,111,192,元大-四維,2024-06-04,9831
00919,群益台灣精選高息,151,22,129,元大-四維,2024-06-04,9831
00929,復華台灣科技優息,130,3,127,元大-四維,2024-06-04,9831
2324,仁寶,117,2,115,元大-四維,2024-06-04,9831
1314,中石化,124,11,113,元大-四維,2024-06-04,9831
00936,台新永續高息中小,176,64,112,元大-四維,2024-06-04,9831
2317,鴻海,134,30,104,元大-四維,2024-06-04,9831
2344,華邦電,100,5,95,元大-四維,2024-06-04,9831
2409,友達,91,1,90,元大-四維,2024-06-04,9831
3481,群創,79,2,77,元大-四維,2024-06-04,9831
2312,金寶,103,31,72,元大-四維,2024-06-04,9831
3714,富采,70,3,67,元大-四維,2024-06-04,9831
3231,緯創,66,1,65,元大-四維,2024-06-04,9831
2002,中鋼,88,24,64,元大-四維,2024-06-04,9831
00878,國泰永續高股息,63,4,59,元大-四維,2024-06-04,9831
2353,宏��,86,27,59,元大-四維,2024-06-04,9831
6125,廣運,436,380,56,元大-四維,2024-06-04,9831
00940,元大台灣價值高息,122,69,53,元大-四維,2024-06-04,9831
3708,上緯投控,57,5,52,元大-四維,2024-06-04,9831
00918,大華優利高填息30,50,0,50,元大-四維,2024-06-04,9831
00642U,期元大S＆P石油,40,0,40,元大-四維,2024-06-04,9831
2838,聯邦銀,39,0,39,元大-四維,2024-06-04,9831
2465,麗臺,52,16,36,元大-四維,2024-06-04,9831
5880,合庫金,42,9,33,元大-四維,2024-06-04,9831
2880,華南金,35,3,32,元大-四維,2024-06-04,9831
6789,采鈺,31,1,30,元大-四維,2024-06-04,9831
8358,金居,36,7,29,元大-四維,2024-06-04,9831
2301,光寶科,30,1,29,元大-四維,2024-06-04,9831
6188,廣明,34,6,28,元大-四維,2024-06-04,9831
8936,國統,41,14,27,元大-四維,2024-06-04,9831
2354,鴻準,85,59,26,元大-四維,2024-06-04,9831
2834,臺企銀,26,0,26,元大-四維,2024-06-04,9831
00713,元大台灣高息低波,28,2,26,元大-四維,2024-06-04,9831
3306,鼎天,26,2,24,元大-四維,2024-06-04,9831
2801,彰銀,24,0,24,元大-四維,2024-06-04,9831
2885,元大金,24,2,22,元大-四維,2024-06-04,9831
2408,南亞科,22,1,21,元大-四維,2024-06-04,9831
1301,台塑,40,20,20,元大-四維,2024-06-04,9831
00922,國泰台灣領袖50,20,0,20,元大-四維,2024-06-04,9831
3520,華盈,21,2,19,元大-四維,2024-06-04,9831
0056,元大高股息,24,6,18,元大-四維,2024-06-04,9831
5426,振發,19,1,18,元大-四維,2024-06-04,9831
2382,廣達,21,3,18,元大-四維,2024-06-04,9831
6456,GIS-KY,18,0,18,元大-四維,2024-06-04,9831
00907,永豐優息存股,18,0,18,元大-四維,2024-06-04,9831
3059,華晶科,25,7,18,元大-四維,2024-06-04,9831
1303,南亞,30,12,18,元大-四維,2024-06-04,9831
2464,盟立,26,8,18,元大-四維,2024-06-04,9831
00881,國泰台灣5G+,18,1,17,元大-四維,2024-06-04,9831
00936,台新永續高息中小,327,25,302,元大-四維,2024-06-05,9831
00929,復華台灣科技優息,285,48,237,元大-四維,2024-06-05,9831
2888,新光金,227,54,173,元大-四維,2024-06-05,9831
00878,國泰永續高股息,154,19,135,元大-四維,2024-06-05,9831
2867,三商壽,136,5,131,元大-四維,2024-06-05,9831
00918,大華優利高填息30,113,2,111,元大-四維,2024-06-05,9831
5880,合庫金,115,23,92,元大-四維,2024-06-05,9831
00712,復華富時不動產,88,0,88,元大-四維,2024-06-05,9831
00680L,元大美債20正2,95,18,77,元大-四維,2024-06-05,9831
2014,中鴻,76,0,76,元大-四維,2024-06-05,9831
8046,南電,74,0,74,元大-四維,2024-06-05,9831
00919,群益台灣精選高息,84,21,63,元大-四維,2024-06-05,9831
8064,東捷,63,8,55,元大-四維,2024-06-05,9831
2344,華邦電,58,4,54,元大-四維,2024-06-05,9831
3260,威剛,51,0,51,元大-四維,2024-06-05,9831
8054,安國,52,3,49,元大-四維,2024-06-05,9831
2101,南港,80,34,46,元大-四維,2024-06-05,9831
4967,十銓,49,8,41,元大-四維,2024-06-05,9831
2367,燿華,110,71,39,元大-四維,2024-06-05,9831
2324,仁寶,41,3,38,元大-四維,2024-06-05,9831
2486,一詮,53,15,38,元大-四維,2024-06-05,9831
1616,億泰,42,7,35,元大-四維,2024-06-05,9831
3689,湧德,38,4,34,元大-四維,2024-06-05,9831
00942B,台新美A公司債20+,32,0,32,元大-四維,2024-06-05,9831
2885,元大金,31,0,31,元大-四維,2024-06-05,9831
3710,連展投控,30,0,30,元大-四維,2024-06-05,9831
3714,富采,30,3,27,元大-四維,2024-06-05,9831
2002,中鋼,30,5,25,元大-四維,2024-06-05,9831
2417,圓剛,35,10,25,元大-四維,2024-06-05,9831
3324,雙鴻,33,8,25,元大-四維,2024-06-05,9831
2641,正德,40,15,25,元大-四維,2024-06-05,9831
3372,典範,41,17,24,元大-四維,2024-06-05,9831
6548,長科*,25,1,24,元大-四維,2024-06-05,9831
3059,華晶科,28,4,24,元大-四維,2024-06-05,9831
2636,台驊控股,26,2,24,元大-四維,2024-06-05,9831
2890,永豐金,28,4,24,元大-四維,2024-06-05,9831
3017,奇鋐,26,3,23,元大-四維,2024-06-05,9831
2303,聯電,29,6,23,元大-四維,2024-06-05,9831
3481,群創,24,3,21,元大-四維,2024-06-05,9831
6163,華電網,23,2,21,元大-四維,2024-06-05,9831
1217,愛之味,20,0,20,元大-四維,2024-06-05,9831
2409,友達,35,15,20,元大-四維,2024-06-05,9831
8906,花王,20,0,20,元大-四維,2024-06-05,9831
2537,聯上發,43,24,19,元大-四維,2024-06-05,9831
4157,太景*-KY,21,2,19,元大-四維,2024-06-05,9831
2105,正新,19,1,18,元大-四維,2024-06-05,9831
3013,晟銘電,41,23,18,元大-四維,2024-06-05,9831
2301,光寶科,17,0,17,元大-四維,2024-06-05,9831
2356,英業達,24,7,17,元大-四維,2024-06-05,9831
3088,艾訊,27,10,17,元大-四維,2024-06-05,9831
2838,聯邦銀,288,0,288,元大-四維,2024-06-06,9831
2312,金寶,419,172,247,元大-四維,2024-06-06,9831
2405,輔信,199,12,187,元大-四維,2024-06-06,9831
00632R,元大台灣50反1,124,0,124,元大-四維,2024-06-06,9831
00933B,國泰10Y+金融債,147,24,123,元大-四維,2024-06-06,9831
00712,復華富時不動產,111,1,110,元大-四維,2024-06-06,9831
1713,國化,99,0,99,元大-四維,2024-06-06,9831
2002,中鋼,128,36,92,元大-四維,2024-06-06,9831
5371,中光電,83,1,82,元大-四維,2024-06-06,9831
2609,陽明,636,555,81,元大-四維,2024-06-06,9831
2303,聯電,121,43,78,元大-四維,2024-06-06,9831
00918,大華優利高填息30,72,1,71,元大-四維,2024-06-06,9831
00936,台新永續高息中小,88,20,68,元大-四維,2024-06-06,9831
2101,南港,99,37,62,元大-四維,2024-06-06,9831
00687B,國泰20年美債,70,20,50,元大-四維,2024-06-06,9831
00942B,台新美A公司債20+,48,0,48,元大-四維,2024-06-06,9831
3714,富采,41,2,39,元大-四維,2024-06-06,9831
2014,中鴻,38,1,37,元大-四維,2024-06-06,9831
2610,華航,64,28,36,元大-四維,2024-06-06,9831
9103,美德醫療-DR,35,0,35,元大-四維,2024-06-06,9831
4167,松瑞藥,42,8,34,元大-四維,2024-06-06,9831
9906,欣巴巴,54,22,32,元大-四維,2024-06-06,9831
4128,中天,30,0,30,元大-四維,2024-06-06,9831
2353,宏��,47,17,30,元大-四維,2024-06-06,9831
3231,緯創,39,11,28,元大-四維,2024-06-06,9831
2313,華通,26,0,26,元大-四維,2024-06-06,9831
00665L,富邦�琤肭磪囓�2,33,7,26,元大-四維,2024-06-06,9831
1815,富喬,57,32,25,元大-四維,2024-06-06,9831
3712,永崴投控,24,0,24,元大-四維,2024-06-06,9831
1303,南亞,27,4,23,元大-四維,2024-06-06,9831
2323,中環,23,0,23,元大-四維,2024-06-06,9831
1455,集盛,37,15,22,元大-四維,2024-06-06,9831
5009,榮剛,22,2,20,元大-四維,2024-06-06,9831
911868,同方友友-DR,20,0,20,元大-四維,2024-06-06,9831
2023,燁輝,20,0,20,元大-四維,2024-06-06,9831
5608,四維航,71,52,19,元大-四維,2024-06-06,9831
3202,樺晟,27,8,19,元大-四維,2024-06-06,9831
2356,英業達,42,24,18,元大-四維,2024-06-06,9831
2328,廣宇,51,33,18,元大-四維,2024-06-06,9831
5289,宜鼎,19,2,17,元大-四維,2024-06-06,9831
2007,燁興,16,0,16,元大-四維,2024-06-06,9831
6125,廣運,77,62,15,元大-四維,2024-06-06,9831
1597,直得,15,0,15,元大-四維,2024-06-06,9831
8096,擎亞,24,10,14,元大-四維,2024-06-06,9831
2880,華南金,14,0,14,元大-四維,2024-06-06,9831
2402,毅嘉,15,2,13,元大-四維,2024-06-06,9831
6274,台燿,25,14,11,元大-四維,2024-06-06,9831
1734,杏輝,11,0,11,元大-四維,2024-06-06,9831
00706L,期元大S＆P日圓正2,11,0,11,元大-四維,2024-06-06,9831
3047,訊舟,31,20,11,元大-四維,2024-06-06,9831
00680L,元大美債20正2,289,25,264,元大-四維,2024-06-07,9831
00936,台新永續高息中小,216,2,214,元大-四維,2024-06-07,9831
9105,泰金寶-DR,213,50,163,元大-四維,2024-06-07,9831
00632R,元大台灣50反1,239,100,139,元大-四維,2024-06-07,9831
8926,台汽電,120,4,116,元大-四維,2024-06-07,9831
2353,宏��,101,8,93,元大-四維,2024-06-07,9831
3231,緯創,95,9,86,元大-四維,2024-06-07,9831
2610,華航,96,24,72,元大-四維,2024-06-07,9831
00878,國泰永續高股息,73,5,68,元大-四維,2024-06-07,9831
2489,瑞軒,70,2,68,元大-四維,2024-06-07,9831
00637L,元大滬深300正2,67,0,67,元大-四維,2024-06-07,9831
1522,堤維西,77,17,60,元大-四維,2024-06-07,9831
00712,復華富時不動產,65,7,58,元大-四維,2024-06-07,9831
1609,大亞,89,32,57,元大-四維,2024-06-07,9831
2615,萬海,151,96,55,元大-四維,2024-06-07,9831
2313,華通,218,165,53,元大-四維,2024-06-07,9831
2405,輔信,54,1,53,元大-四維,2024-06-07,9831
4157,太景*-KY,47,0,47,元大-四維,2024-06-07,9831
2891,中信金,52,7,45,元大-四維,2024-06-07,9831
1603,華電,50,6,44,元大-四維,2024-06-07,9831
2002,中鋼,42,3,39,元大-四維,2024-06-07,9831
2356,英業達,60,23,37,元大-四維,2024-06-07,9831
1314,中石化,46,12,34,元大-四維,2024-06-07,9831
00919,群益台灣精選高息,37,5,32,元大-四維,2024-06-07,9831
00918,大華優利高填息30,35,2,33,元大-四維,2024-06-07,9831
00882,中信中國高股息,32,1,31,元大-四維,2024-06-07,9831
00665L,富邦�琤肭磪囓�2,55,25,30,元大-四維,2024-06-07,9831
6274,台燿,39,12,27,元大-四維,2024-06-07,9831
6189,豐藝,26,0,26,元大-四維,2024-06-07,9831
2421,建準,25,0,25,元大-四維,2024-06-07,9831
00687B,國泰20年美債,39,15,24,元大-四維,2024-06-07,9831
6123,上奇,22,0,22,元大-四維,2024-06-07,9831
3037,欣興,22,1,21,元大-四維,2024-06-07,9831
2317,鴻海,35,14,21,元大-四維,2024-06-07,9831
3481,群創,23,2,21,元大-四維,2024-06-07,9831
00881,國泰台灣5G+,20,1,19,元大-四維,2024-06-07,9831
6442,光聖,34,15,19,元大-四維,2024-06-07,9831
2705,六福,18,0,18,元大-四維,2024-06-07,9831
00933B,國泰10Y+金融債,24,6,18,元大-四維,2024-06-07,9831
8906,花王,17,0,17,元大-四維,2024-06-07,9831
2101,南港,27,11,16,元大-四維,2024-06-07,9831
2365,昆盈,18,3,15,元大-四維,2024-06-07,9831
2613,中櫃,47,32,15,元大-四維,2024-06-07,9831
00942B,台新美A公司債20+,15,0,15,元大-四維,2024-06-07,9831
2458,義隆,15,0,15,元大-四維,2024-06-07,9831
1612,宏泰,28,13,15,元大-四維,2024-06-07,9831
3017,奇鋐,23,8,15,元大-四維,2024-06-07,9831
4906,正文,17,3,14,元大-四維,2024-06-07,9831
3266,昇陽,14,0,14,元大-四維,2024-06-07,9831
3062,建漢,14,0,14,元大-四維,2024-06-07,9831
00937B,群益ESG投等債20,783,75,708,元大-四維,2024-06-11,9831
00929,復華台灣科技優息,340,0,340,元大-四維,2024-06-11,9831
00680L,元大美債20正2,208,0,208,元大-四維,2024-06-11,9831
2328,廣宇,174,1,173,元大-四維,2024-06-11,9831
00940,元大台灣價值高息,263,105,158,元大-四維,2024-06-11,9831
00687B,國泰20年美債,157,1,156,元大-四維,2024-06-11,9831
2002,中鋼,167,13,154,元大-四維,2024-06-11,9831
00919,群益台灣精選高息,151,16,135,元大-四維,2024-06-11,9831
00933B,國泰10Y+金融債,139,5,134,元大-四維,2024-06-11,9831
1603,華電,137,9,128,元大-四維,2024-06-11,9831
2537,聯上發,150,42,108,元大-四維,2024-06-11,9831
00712,復華富時不動產,100,0,100,元大-四維,2024-06-11,9831
1210,大成,100,0,100,元大-四維,2024-06-11,9831
1905,華紙,100,0,100,元大-四維,2024-06-11,9831
1609,大亞,118,19,99,元大-四維,2024-06-11,9831
00936,台新永續高息中小,98,0,98,元大-四維,2024-06-11,9831
00679B,元大美債20年,89,0,89,元大-四維,2024-06-11,9831
9945,潤泰新,119,38,81,元大-四維,2024-06-11,9831
00942B,台新美A公司債20+,72,0,72,元大-四維,2024-06-11,9831
1453,大將,211,151,60,元大-四維,2024-06-11,9831
2603,長榮,84,32,52,元大-四維,2024-06-11,9831
2459,敦吉,51,0,51,元大-四維,2024-06-11,9831
2885,元大金,49,0,49,元大-四維,2024-06-11,9831
00918,大華優利高填息30,53,10,43,元大-四維,2024-06-11,9831
9906,欣巴巴,38,0,38,元大-四維,2024-06-11,9831
2501,國建,45,8,37,元大-四維,2024-06-11,9831
00878,國泰永續高股息,84,50,34,元大-四維,2024-06-11,9831
2641,正德,42,9,33,元大-四維,2024-06-11,9831
3481,群創,34,1,33,元大-四維,2024-06-11,9831
2376,技嘉,36,4,32,元大-四維,2024-06-11,9831
1815,富喬,44,13,31,元大-四維,2024-06-11,9831
2515,中工,43,15,28,元大-四維,2024-06-11,9831
6109,亞元,27,0,27,元大-四維,2024-06-11,9831
2354,鴻準,43,16,27,元大-四維,2024-06-11,9831
0056,元大高股息,28,1,27,元大-四維,2024-06-11,9831
1608,華榮,33,7,26,元大-四維,2024-06-11,9831
00931B,統一美債20年,26,0,26,元大-四維,2024-06-11,9831
2353,宏��,54,28,26,元大-四維,2024-06-11,9831
2101,南港,25,1,24,元大-四維,2024-06-11,9831
2882,國泰金,37,13,24,元大-四維,2024-06-11,9831
4552,力達-KY,22,0,22,元大-四維,2024-06-11,9831
2405,輔信,24,2,22,元大-四維,2024-06-11,9831
3576,聯合再生,22,0,22,元大-四維,2024-06-11,9831
2607,榮運,22,0,22,元大-四維,2024-06-11,9831
9946,三發地產,48,27,21,元大-四維,2024-06-11,9831
00882,中信中國高股息,30,10,20,元大-四維,2024-06-11,9831
2834,臺企銀,20,0,20,元大-四維,2024-06-11,9831
6005,群益證,23,3,20,元大-四維,2024-06-11,9831
8926,台汽電,20,0,20,元大-四維,2024-06-11,9831
3661,世芯-KY,26,7,19,元大-四維,2024-06-11,9831
00948B,中信優息投資級債,376,0,376,元大-四維,2024-06-12,9831
8155,博智,172,2,170,元大-四維,2024-06-12,9831
00919,群益台灣精選高息,165,8,157,元大-四維,2024-06-12,9831
00929,復華台灣科技優息,165,15,150,元大-四維,2024-06-12,9831
00712,復華富時不動產,149,0,149,元大-四維,2024-06-12,9831
1609,大亞,181,33,148,元大-四維,2024-06-12,9831
00665L,富邦�琤肭磪囓�2,101,0,101,元大-四維,2024-06-12,9831
4903,聯光通,80,0,80,元大-四維,2024-06-12,9831
2002,中鋼,99,24,75,元大-四維,2024-06-12,9831
9945,潤泰新,81,12,69,元大-四維,2024-06-12,9831
2303,聯電,76,25,51,元大-四維,2024-06-12,9831
6015,宏遠證,50,0,50,元大-四維,2024-06-12,9831
2607,榮運,50,0,50,元大-四維,2024-06-12,9831
2888,新光金,77,33,44,元大-四維,2024-06-12,9831
2618,長榮航,85,42,43,元大-四維,2024-06-12,9831
2867,三商壽,41,0,41,元大-四維,2024-06-12,9831
2838,聯邦銀,40,0,40,元大-四維,2024-06-12,9831
1316,上曜,54,15,39,元大-四維,2024-06-12,9831
2603,長榮,94,56,38,元大-四維,2024-06-12,9831
3481,群創,55,19,36,元大-四維,2024-06-12,9831
00918,大華優利高填息30,35,0,35,元大-四維,2024-06-12,9831
5608,四維航,60,25,35,元大-四維,2024-06-12,9831
2885,元大金,43,11,32,元大-四維,2024-06-12,9831
2353,宏��,71,40,31,元大-四維,2024-06-12,9831
2208,台船,34,4,30,元大-四維,2024-06-12,9831
3701,大眾控,30,0,30,元大-四維,2024-06-12,9831
3231,緯創,96,67,29,元大-四維,2024-06-12,9831
00687B,國泰20年美債,27,0,27,元大-四維,2024-06-12,9831
6695,芯鼎,27,0,27,元大-四維,2024-06-12,9831
00947,台新臺灣IC設計,25,0,25,元大-四維,2024-06-12,9831
00942B,台新美A公司債20+,24,0,24,元大-四維,2024-06-12,9831
2889,國票金,24,0,24,元大-四維,2024-06-12,9831
3048,益登,34,11,23,元大-四維,2024-06-12,9831
1608,華榮,51,28,23,元大-四維,2024-06-12,9831
5410,國眾,24,1,23,元大-四維,2024-06-12,9831
00632R,元大台灣50反1,37,14,23,元大-四維,2024-06-12,9831
8110,華東,24,1,23,元大-四維,2024-06-12,9831
00650L,復華香港正2,102,80,22,元大-四維,2024-06-12,9831
3520,華盈,25,3,22,元大-四維,2024-06-12,9831
2459,敦吉,21,0,21,元大-四維,2024-06-12,9831
912000,晨訊科-DR,21,0,21,元大-四維,2024-06-12,9831
0056,元大高股息,22,1,21,元大-四維,2024-06-12,9831
2641,正德,20,0,20,元大-四維,2024-06-12,9831
5515,建國,20,0,20,元大-四維,2024-06-12,9831
2897,王道銀行,20,0,20,元大-四維,2024-06-12,9831
2356,英業達,42,22,20,元大-四維,2024-06-12,9831
2520,冠德,24,5,19,元大-四維,2024-06-12,9831
1570,力肯,19,0,19,元大-四維,2024-06-12,9831
00933B,國泰10Y+金融債,36,17,19,元大-四維,2024-06-12,9831
2505,國揚,20,1,19,元大-四維,2024-06-12,9831
00632R,元大台灣50反1,454,20,434,元大-四維,2024-06-13,9831
00937B,群益ESG投等債20,172,48,124,元大-四維,2024-06-13,9831
1314,中石化,126,11,115,元大-四維,2024-06-13,9831
00936,台新永續高息中小,154,70,84,元大-四維,2024-06-13,9831
00687B,國泰20年美債,97,19,78,元大-四維,2024-06-13,9831
1316,上曜,50,0,50,元大-四維,2024-06-13,9831
2459,敦吉,48,0,48,元大-四維,2024-06-13,9831
3535,晶彩科,47,2,45,元大-四維,2024-06-13,9831
2609,陽明,218,173,45,元大-四維,2024-06-13,9831
3481,群創,40,1,39,元大-四維,2024-06-13,9831
00882,中信中國高股息,44,6,38,元大-四維,2024-06-13,9831
00918,大華優利高填息30,38,2,36,元大-四維,2024-06-13,9831
00720B,元大投資級公司債,35,4,31,元大-四維,2024-06-13,9831
6125,廣運,29,0,29,元大-四維,2024-06-13,9831
2367,燿華,90,62,28,元大-四維,2024-06-13,9831
2002,中鋼,52,24,28,元大-四維,2024-06-13,9831
6188,廣明,32,5,27,元大-四維,2024-06-13,9831
8358,金居,26,0,26,元大-四維,2024-06-13,9831
6270,倍微,25,0,25,元大-四維,2024-06-13,9831
2330,台積電,37,12,25,元大-四維,2024-06-13,9831
6207,雷科,44,20,24,元大-四維,2024-06-13,9831
2368,金像電,27,3,24,元大-四維,2024-06-13,9831
1618,合機,29,6,23,元大-四維,2024-06-13,9831
3706,神達,23,1,22,元大-四維,2024-06-13,9831
3260,威剛,27,7,20,元大-四維,2024-06-13,9831
1815,富喬,45,25,20,元大-四維,2024-06-13,9831
3266,昇陽,20,0,20,元大-四維,2024-06-13,9831
2427,三商電,36,17,19,元大-四維,2024-06-13,9831
5347,世界,46,27,19,元大-四維,2024-06-13,9831
2312,金寶,24,6,18,元大-四維,2024-06-13,9831
3055,蔚華科,20,2,18,元大-四維,2024-06-13,9831
8110,華東,58,41,17,元大-四維,2024-06-13,9831
2888,新光金,29,12,17,元大-四維,2024-06-13,9831
00712,復華富時不動產,23,6,17,元大-四維,2024-06-13,9831
9906,欣巴巴,20,3,17,元大-四維,2024-06-13,9831
6290,良維,18,1,17,元大-四維,2024-06-13,9831
2610,華航,25,9,16,元大-四維,2024-06-13,9831
2618,長榮航,38,22,16,元大-四維,2024-06-13,9831
2882,國泰金,24,8,16,元大-四維,2024-06-13,9831
2884,玉山金,16,1,15,元大-四維,2024-06-13,9831
1802,台玻,15,0,15,元大-四維,2024-06-13,9831
2607,榮運,15,0,15,元大-四維,2024-06-13,9831
2027,大成鋼,17,3,14,元大-四維,2024-06-13,9831
8112,至上,18,4,14,元大-四維,2024-06-13,9831
3432,台端,17,3,14,元大-四維,2024-06-13,9831
1337,再生-KY,14,0,14,元大-四維,2024-06-13,9831
6016,康和證,15,1,14,元大-四維,2024-06-13,9831
2365,昆盈,32,18,14,元大-四維,2024-06-13,9831
00751B,元大AAA至A公司債,14,0,14,元大-四維,2024-06-13,9831
2392,正崴,49,35,14,元大-四維,2024-06-13,9831
00948B,中信優息投資級債,299,0,299,元大-四維,2024-06-14,9831
00632R,元大台灣50反1,172,14,158,元大-四維,2024-06-14,9831
2867,三商壽,132,2,130,元大-四維,2024-06-14,9831
2609,陽明,322,234,88,元大-四維,2024-06-14,9831
2002,中鋼,100,12,88,元大-四維,2024-06-14,9831
00942B,台新美A公司債20+,88,1,87,元大-四維,2024-06-14,9831
2392,正崴,193,111,82,元大-四維,2024-06-14,9831
00918,大華優利高填息30,88,15,73,元大-四維,2024-06-14,9831
3037,欣興,61,6,55,元大-四維,2024-06-14,9831
8096,擎亞,80,25,55,元大-四維,2024-06-14,9831
2897,王道銀行,53,0,53,元大-四維,2024-06-14,9831
00878,國泰永續高股息,75,25,50,元大-四維,2024-06-14,9831
1718,中纖,47,0,47,元大-四維,2024-06-14,9831
3163,波若威,48,6,42,元大-四維,2024-06-14,9831
3048,益登,93,54,39,元大-四維,2024-06-14,9831
00929,復華台灣科技優息,87,48,39,元大-四維,2024-06-14,9831
2359,所羅門,51,14,37,元大-四維,2024-06-14,9831
6120,達運,35,0,35,元大-四維,2024-06-14,9831
6209,今國光,37,3,34,元大-四維,2024-06-14,9831
3706,神達,36,3,33,元大-四維,2024-06-14,9831
2455,全新,42,10,32,元大-四維,2024-06-14,9831
1605,華新,45,13,32,元大-四維,2024-06-14,9831
1524,耿鼎,33,3,30,元大-四維,2024-06-14,9831
4142,國光生,30,0,30,元大-四維,2024-06-14,9831
1714,和桐,27,0,27,元大-四維,2024-06-14,9831
2340,台亞,26,1,25,元大-四維,2024-06-14,9831
2884,玉山金,23,0,23,元大-四維,2024-06-14,9831
00935,野村臺灣新科技50,22,0,22,元大-四維,2024-06-14,9831
2836,高雄銀,21,0,21,元大-四維,2024-06-14,9831
00637L,元大滬深300正2,72,52,20,元大-四維,2024-06-14,9831
2363,矽統,33,13,20,元大-四維,2024-06-14,9831
1447,力鵬,41,21,20,元大-四維,2024-06-14,9831
8103,瀚荃,21,2,19,元大-四維,2024-06-14,9831
2501,國建,39,20,19,元大-四維,2024-06-14,9831
00688L,國泰20年美債正2,20,1,19,元大-四維,2024-06-14,9831
2027,大成鋼,19,1,18,元大-四維,2024-06-14,9831
2324,仁寶,18,0,18,元大-四維,2024-06-14,9831
2303,聯電,27,10,17,元大-四維,2024-06-14,9831
6161,捷波,58,41,17,元大-四維,2024-06-14,9831
6139,亞翔,31,15,16,元大-四維,2024-06-14,9831
5398,慕康生醫,16,0,16,元大-四維,2024-06-14,9831
1514,亞力,59,43,16,元大-四維,2024-06-14,9831
3266,昇陽,17,2,15,元大-四維,2024-06-14,9831
6015,宏遠證,17,2,15,元大-四維,2024-06-14,9831
1815,富喬,23,8,15,元大-四維,2024-06-14,9831
2605,新興,16,2,14,元大-四維,2024-06-14,9831
2426,鼎元,14,0,14,元大-四維,2024-06-14,9831
2538,基泰,15,1,14,元大-四維,2024-06-14,9831
6125,廣運,16,4,12,元大-四維,2024-06-14,9831
2608,嘉里大榮,14,2,12,元大-四維,2024-06-14,9831
1314,中石化,579,54,525,元大-四維,2024-06-17,9831
2515,中工,484,63,421,元大-四維,2024-06-17,9831
00918,大華優利高填息30,395,22,373,元大-四維,2024-06-17,9831
00933B,國泰10Y+金融債,174,0,174,元大-四維,2024-06-17,9831
2897,王道銀行,139,1,138,元大-四維,2024-06-17,9831
2615,萬海,583,455,128,元大-四維,2024-06-17,9831
00936,台新永續高息中小,236,132,104,元大-四維,2024-06-17,9831
2025,千興,92,6,86,元大-四維,2024-06-17,9831
00919,群益台灣精選高息,189,118,71,元大-四維,2024-06-17,9831
2867,三商壽,67,1,66,元大-四維,2024-06-17,9831
00937B,群益ESG投等債20,73,14,59,元大-四維,2024-06-17,9831
00942B,台新美A公司債20+,59,0,59,元大-四維,2024-06-17,9831
00882,中信中國高股息,65,7,58,元大-四維,2024-06-17,9831
1616,億泰,81,23,58,元大-四維,2024-06-17,9831
1608,華榮,70,21,49,元大-四維,2024-06-17,9831
1514,亞力,123,75,48,元大-四維,2024-06-17,9831
00948B,中信優息投資級債,55,11,44,元大-四維,2024-06-17,9831
00713,元大台灣高息低波,42,0,42,元大-四維,2024-06-17,9831
3305,昇貿,43,2,41,元大-四維,2024-06-17,9831
2520,冠德,42,2,40,元大-四維,2024-06-17,9831
3231,緯創,42,2,40,元大-四維,2024-06-17,9831
2888,新光金,67,27,40,元大-四維,2024-06-17,9831
4113,聯上,40,1,39,元大-四維,2024-06-17,9831
3373,熱映,39,0,39,元大-四維,2024-06-17,9831
1101,台泥,42,4,38,元大-四維,2024-06-17,9831
5519,隆大,32,0,32,元大-四維,2024-06-17,9831
00687B,國泰20年美債,37,5,32,元大-四維,2024-06-17,9831
2451,創見,31,1,30,元大-四維,2024-06-17,9831
00712,復華富時不動產,29,0,29,元大-四維,2024-06-17,9831
00650L,復華香港正2,28,0,28,元大-四維,2024-06-17,9831
2537,聯上發,36,8,28,元大-四維,2024-06-17,9831
2354,鴻準,31,3,28,元大-四維,2024-06-17,9831
2101,南港,28,1,27,元大-四維,2024-06-17,9831
3033,威健,27,0,27,元大-四維,2024-06-17,9831
00935,野村臺灣新科技50,26,2,24,元大-四維,2024-06-17,9831
1503,士電,39,15,24,元大-四維,2024-06-17,9831
6015,宏遠證,25,1,24,元大-四維,2024-06-17,9831
5443,均豪,39,16,23,元大-四維,2024-06-17,9831
2371,大同,225,202,23,元大-四維,2024-06-17,9831
6143,振曜,22,0,22,元大-四維,2024-06-17,9831
6290,良維,35,14,21,元大-四維,2024-06-17,9831
1617,榮星,22,1,21,元大-四維,2024-06-17,9831
3596,智易,21,0,21,元大-四維,2024-06-17,9831
2836,高雄銀,21,0,21,元大-四維,2024-06-17,9831
2459,敦吉,20,0,20,元大-四維,2024-06-17,9831
2312,金寶,40,21,19,元大-四維,2024-06-17,9831
2501,國建,24,5,19,元大-四維,2024-06-17,9831
2356,英業達,34,16,18,元大-四維,2024-06-17,9831
4167,松瑞藥,51,33,18,元大-四維,2024-06-17,9831
4513,福裕,18,0,18,元大-四維,2024-06-17,9831
1314,中石化,1148,65,1083,元大-四維,2024-06-18,9831
3481,群創,520,44,476,元大-四維,2024-06-18,9831
00918,大華優利高填息30,305,20,285,元大-四維,2024-06-18,9831
3372,典範,284,16,268,元大-四維,2024-06-18,9831
00937B,群益ESG投等債20,193,18,175,元大-四維,2024-06-18,9831
00936,台新永續高息中小,155,22,133,元大-四維,2024-06-18,9831
2371,大同,181,56,125,元大-四維,2024-06-18,9831
912000,晨訊科-DR,128,25,103,元大-四維,2024-06-18,9831
2353,宏��,94,3,91,元大-四維,2024-06-18,9831
00948B,中信優息投資級債,87,4,83,元大-四維,2024-06-18,9831
2313,華通,105,25,80,元大-四維,2024-06-18,9831
00680L,元大美債20正2,83,3,80,元大-四維,2024-06-18,9831
1718,中纖,50,0,50,元大-四維,2024-06-18,9831
00942B,台新美A公司債20+,38,0,38,元大-四維,2024-06-18,9831
6770,力積電,61,24,37,元大-四維,2024-06-18,9831
00896,中信綠能及電動車,37,1,36,元大-四維,2024-06-18,9831
1110,東泥,33,0,33,元大-四維,2024-06-18,9831
2363,矽統,40,8,32,元大-四維,2024-06-18,9831
9103,美德醫療-DR,80,48,32,元大-四維,2024-06-18,9831
3376,新日興,41,10,31,元大-四維,2024-06-18,9831
1504,東元,43,13,30,元大-四維,2024-06-18,9831
3591,艾笛森,30,1,29,元大-四維,2024-06-18,9831
00679B,元大美債20年,139,112,27,元大-四維,2024-06-18,9831
00687B,國泰20年美債,36,10,26,元大-四維,2024-06-18,9831
5243,乙盛-KY,25,0,25,元大-四維,2024-06-18,9831
8358,金居,30,5,25,元大-四維,2024-06-18,9831
2453,凌群,25,0,25,元大-四維,2024-06-18,9831
2301,光寶科,27,3,24,元大-四維,2024-06-18,9831
6282,康舒,39,14,25,元大-四維,2024-06-18,9831
2354,鴻準,30,6,24,元大-四維,2024-06-18,9831
4967,十銓,38,15,23,元大-四維,2024-06-18,9831
4566,時碩工業,32,10,22,元大-四維,2024-06-18,9831
1303,南亞,23,2,21,元大-四維,2024-06-18,9831
8040,九暘,24,3,21,元大-四維,2024-06-18,9831
1617,榮星,22,1,21,元大-四維,2024-06-18,9831
4906,正文,20,0,20,元大-四維,2024-06-18,9831
4976,佳凌,20,0,20,元大-四維,2024-06-18,9831
8110,華東,18,0,18,元大-四維,2024-06-18,9831
9919,康那香,35,17,18,元大-四維,2024-06-18,9831
8096,擎亞,129,112,17,元大-四維,2024-06-18,9831
00713,元大台灣高息低波,21,3,18,元大-四維,2024-06-18,9831
6116,彩晶,19,2,17,元大-四維,2024-06-18,9831
9906,欣巴巴,22,5,17,元大-四維,2024-06-18,9831
1301,台塑,24,7,17,元大-四維,2024-06-18,9831
00946,群益科技高息成長,20,4,16,元大-四維,2024-06-18,9831
00947,台新臺灣IC設計,16,0,16,元大-四維,2024-06-18,9831
3105,穩懋,19,3,16,元大-四維,2024-06-18,9831
1608,華榮,21,5,16,元大-四維,2024-06-18,9831
00637L,元大滬深300正2,15,0,15,元大-四維,2024-06-18,9831
2887,台新金,47,32,15,元大-四維,2024-06-18,9831
1314,中石化,1079,19,1060,元大-四維,2024-06-19,9831
00632R,元大台灣50反1,514,216,298,元大-四維,2024-06-19,9831
2312,金寶,247,46,201,元大-四維,2024-06-19,9831
6190,萬泰科,216,22,194,元大-四維,2024-06-19,9831
00919,群益台灣精選高息,386,219,167,元大-四維,2024-06-19,9831
00713,元大台灣高息低波,138,4,134,元大-四維,2024-06-19,9831
00936,台新永續高息中小,144,25,119,元大-四維,2024-06-19,9831
00918,大華優利高填息30,147,36,111,元大-四維,2024-06-19,9831
4967,十銓,95,9,86,元大-四維,2024-06-19,9831
8011,台通,88,11,77,元大-四維,2024-06-19,9831
00712,復華富時不動產,78,2,76,元大-四維,2024-06-19,9831
1909,榮成,67,1,66,元大-四維,2024-06-19,9831
2610,華航,95,33,62,元大-四維,2024-06-19,9831
00687B,國泰20年美債,61,4,57,元大-四維,2024-06-19,9831
3055,蔚華科,55,1,54,元大-四維,2024-06-19,9831
3041,揚智,58,5,53,元大-四維,2024-06-19,9831
1303,南亞,52,0,52,元大-四維,2024-06-19,9831
00946,群益科技高息成長,62,10,52,元大-四維,2024-06-19,9831
00937B,群益ESG投等債20,62,13,49,元大-四維,2024-06-19,9831
1617,榮星,41,0,41,元大-四維,2024-06-19,9831
2014,中鴻,63,23,40,元大-四維,2024-06-19,9831
2101,南港,42,2,40,元大-四維,2024-06-19,9831
1591,駿吉-KY,39,0,39,元大-四維,2024-06-19,9831
2009,第一銅,39,0,39,元大-四維,2024-06-19,9831
2515,中工,48,11,37,元大-四維,2024-06-19,9831
3374,精材,38,7,31,元大-四維,2024-06-19,9831
00664R,國泰臺灣加權反1,30,0,30,元大-四維,2024-06-19,9831
3665,貿聯-KY,49,21,28,元大-四維,2024-06-19,9831
3013,晟銘電,43,17,26,元大-四維,2024-06-19,9831
1301,台塑,29,3,26,元大-四維,2024-06-19,9831
3450,聯鈞,58,33,25,元大-四維,2024-06-19,9831
6770,力積電,55,30,25,元大-四維,2024-06-19,9831
3363,上詮,33,8,25,元大-四維,2024-06-19,9831
2609,陽明,275,251,24,元大-四維,2024-06-19,9831
5243,乙盛-KY,32,10,22,元大-四維,2024-06-19,9831
3062,建漢,128,106,22,元大-四維,2024-06-19,9831
4167,松瑞藥,23,1,22,元大-四維,2024-06-19,9831
6274,台燿,34,13,21,元大-四維,2024-06-19,9831
2323,中環,25,4,21,元大-四維,2024-06-19,9831
2301,光寶科,24,3,21,元大-四維,2024-06-19,9831
6841,長佳智能,25,4,21,元大-四維,2024-06-19,9831
2344,華邦電,59,39,20,元大-四維,2024-06-19,9831
2353,宏��,33,13,20,元大-四維,2024-06-19,9831
00676R,富邦臺灣加權反1,20,0,20,元大-四維,2024-06-19,9831
00935,野村臺灣新科技50,21,1,20,元大-四維,2024-06-19,9831
2406,國碩,19,0,19,元大-四維,2024-06-19,9831
1815,富喬,45,26,19,元大-四維,2024-06-19,9831
2545,皇翔,20,1,19,元大-四維,2024-06-19,9831
2376,技嘉,35,16,19,元大-四維,2024-06-19,9831
6112,邁達特,19,1,18,元大-四維,2024-06-19,9831
00940,元大台灣價值高息,649,194,455,元大-四維,2024-06-20,9831
00632R,元大台灣50反1,333,0,333,元大-四維,2024-06-20,9831
00679B,元大美債20年,322,5,317,元大-四維,2024-06-20,9831
2353,宏��,261,21,240,元大-四維,2024-06-20,9831
00937B,群益ESG投等債20,248,13,235,元大-四維,2024-06-20,9831
00929,復華台灣科技優息,181,14,167,元大-四維,2024-06-20,9831
00673R,期元大S＆P原油反1,150,0,150,元大-四維,2024-06-20,9831
2371,大同,133,31,102,元大-四維,2024-06-20,9831
2324,仁寶,86,4,82,元大-四維,2024-06-20,9831
00947,台新臺灣IC設計,81,1,80,元大-四維,2024-06-20,9831
2312,金寶,101,23,78,元大-四維,2024-06-20,9831
00907,永豐優息存股,76,0,76,元大-四維,2024-06-20,9831
1314,中石化,205,132,73,元大-四維,2024-06-20,9831
2101,南港,69,4,65,元大-四維,2024-06-20,9831
4526,東台,147,91,56,元大-四維,2024-06-20,9831
00902,中信電池及儲能,54,1,53,元大-四維,2024-06-20,9831
00713,元大台灣高息低波,52,1,51,元大-四維,2024-06-20,9831
00939,統一台灣高息動能,136,94,42,元大-四維,2024-06-20,9831
3508,位速,49,7,42,元大-四維,2024-06-20,9831
2888,新光金,97,59,38,元大-四維,2024-06-20,9831
2618,長榮航,58,22,36,元大-四維,2024-06-20,9831
2887,台新金,43,8,35,元大-四維,2024-06-20,9831
2352,佳世達,34,2,32,元大-四維,2024-06-20,9831
1605,華新,31,0,31,元大-四維,2024-06-20,9831
5608,四維航,32,1,31,元大-四維,2024-06-20,9831
00715L,期街口布蘭特正2,30,0,30,元大-四維,2024-06-20,9831
2838,聯邦銀,110,80,30,元大-四維,2024-06-20,9831
2481,強茂,30,1,29,元大-四維,2024-06-20,9831
00933B,國泰10Y+金融債,29,0,29,元大-四維,2024-06-20,9831
2330,台積電,33,5,28,元大-四維,2024-06-20,9831
1616,億泰,28,1,27,元大-四維,2024-06-20,9831
9105,泰金寶-DR,33,7,26,元大-四維,2024-06-20,9831
1609,大亞,46,21,25,元大-四維,2024-06-20,9831
00942B,台新美A公司債20+,24,0,24,元大-四維,2024-06-20,9831
00936,台新永續高息中小,117,94,23,元大-四維,2024-06-20,9831
00882,中信中國高股息,33,10,23,元大-四維,2024-06-20,9831
2834,臺企銀,27,4,23,元大-四維,2024-06-20,9831
00830,國泰費城半導體,23,1,22,元大-四維,2024-06-20,9831
2388,威盛,26,4,22,元大-四維,2024-06-20,9831
2102,泰豐,21,0,21,元大-四維,2024-06-20,9831
5388,中磊,21,1,20,元大-四維,2024-06-20,9831
5302,太欣,20,0,20,元大-四維,2024-06-20,9831
912000,晨訊科-DR,29,10,19,元大-四維,2024-06-20,9831
4909,新復興,36,18,18,元大-四維,2024-06-20,9831
00935,野村臺灣新科技50,17,1,16,元大-四維,2024-06-20,9831
8096,擎亞,39,23,16,元大-四維,2024-06-20,9831
2641,正德,19,3,16,元大-四維,2024-06-20,9831
3059,華晶科,15,0,15,元大-四維,2024-06-20,9831
3213,茂訊,16,1,15,元大-四維,2024-06-20,9831
911868,同方友友-DR,15,0,15,元大-四維,2024-06-20,9831
00937B,群益ESG投等債20,455,23,432,元大-四維,2024-06-21,9831
00919,群益台灣精選高息,505,119,386,元大-四維,2024-06-21,9831
00933B,國泰10Y+金融債,223,0,223,元大-四維,2024-06-21,9831
00680L,元大美債20正2,198,4,194,元大-四維,2024-06-21,9831
2891,中信金,155,5,150,元大-四維,2024-06-21,9831
00929,復華台灣科技優息,181,37,144,元大-四維,2024-06-21,9831
5490,同亨,117,1,116,元大-四維,2024-06-21,9831
2883,凱基金,158,68,90,元大-四維,2024-06-21,9831
00882,中信中國高股息,80,0,80,元大-四維,2024-06-21,9831
2317,鴻海,106,32,74,元大-四維,2024-06-21,9831
00946,群益科技高息成長,89,21,68,元大-四維,2024-06-21,9831
00712,復華富時不動產,73,5,68,元大-四維,2024-06-21,9831
1616,億泰,59,0,59,元大-四維,2024-06-21,9831
1609,大亞,66,16,50,元大-四維,2024-06-21,9831
00947,台新臺灣IC設計,57,7,50,元大-四維,2024-06-21,9831
3227,原相,52,5,47,元大-四維,2024-06-21,9831
1591,駿吉-KY,50,3,47,元大-四維,2024-06-21,9831
2739,寒舍,55,9,46,元大-四維,2024-06-21,9831
4956,光鋐,49,4,45,元大-四維,2024-06-21,9831
3508,位速,45,1,44,元大-四維,2024-06-21,9831
5880,合庫金,49,6,43,元大-四維,2024-06-21,9831
2459,敦吉,43,0,43,元大-四維,2024-06-21,9831
8096,擎亞,68,27,41,元大-四維,2024-06-21,9831
2609,陽明,314,274,40,元大-四維,2024-06-21,9831
2545,皇翔,40,0,40,元大-四維,2024-06-21,9831
9906,欣巴巴,39,0,39,元大-四維,2024-06-21,9831
4526,東台,136,97,39,元大-四維,2024-06-21,9831
2014,中鴻,37,0,37,元大-四維,2024-06-21,9831
00632R,元大台灣50反1,42,8,34,元大-四維,2024-06-21,9831
00687B,國泰20年美債,70,37,33,元大-四維,2024-06-21,9831
00936,台新永續高息中小,32,0,32,元大-四維,2024-06-21,9831
2313,華通,53,22,31,元大-四維,2024-06-21,9831
9105,泰金寶-DR,47,17,30,元大-四維,2024-06-21,9831
2409,友達,212,185,27,元大-四維,2024-06-21,9831
2330,台積電,32,6,26,元大-四維,2024-06-21,9831
2371,大同,34,8,26,元大-四維,2024-06-21,9831
6274,台燿,25,0,25,元大-四維,2024-06-21,9831
6901,鑽石投資,26,1,25,元大-四維,2024-06-21,9831
00878,國泰永續高股息,46,22,24,元大-四維,2024-06-21,9831
00948B,中信優息投資級債,24,2,22,元大-四維,2024-06-21,9831
3163,波若威,25,3,22,元大-四維,2024-06-21,9831
00885,富邦越南,21,0,21,元大-四維,2024-06-21,9831
00637L,元大滬深300正2,31,10,21,元大-四維,2024-06-21,9831
3715,定穎投控,21,0,21,元大-四維,2024-06-21,9831
2331,精英,20,0,20,元大-四維,2024-06-21,9831
2323,中環,46,26,20,元大-四維,2024-06-21,9831
00679B,元大美債20年,24,4,20,元大-四維,2024-06-21,9831
2515,中工,22,3,19,元大-四維,2024-06-21,9831
2392,正崴,79,60,19,元大-四維,2024-06-21,9831
2368,金像電,46,28,18,元大-四維,2024-06-21,9831
1314,中石化,545,86,459,元大-四維,2024-06-24,9831
00919,群益台灣精選高息,469,167,302,元大-四維,2024-06-24,9831
3481,群創,893,687,206,元大-四維,2024-06-24,9831
00937B,群益ESG投等債20,194,47,147,元大-四維,2024-06-24,9831
00940,元大台灣價值高息,353,214,139,元大-四維,2024-06-24,9831
00929,復華台灣科技優息,312,178,134,元大-四維,2024-06-24,9831
2409,友達,153,24,129,元大-四維,2024-06-24,9831
2459,敦吉,113,0,113,元大-四維,2024-06-24,9831
00687B,國泰20年美債,107,6,101,元大-四維,2024-06-24,9831
2313,華通,103,13,90,元大-四維,2024-06-24,9831
2353,宏��,115,26,89,元大-四維,2024-06-24,9831
3047,訊舟,311,222,89,元大-四維,2024-06-24,9831
2610,華航,94,5,89,元大-四維,2024-06-24,9831
00936,台新永續高息中小,86,5,81,元大-四維,2024-06-24,9831
3231,緯創,116,36,80,元大-四維,2024-06-24,9831
2836,高雄銀,70,0,70,元大-四維,2024-06-24,9831
2330,台積電,82,18,64,元大-四維,2024-06-24,9831
2801,彰銀,75,11,64,元大-四維,2024-06-24,9831
4726,永昕,62,1,61,元大-四維,2024-06-24,9831
2317,鴻海,96,36,60,元大-四維,2024-06-24,9831
00947,台新臺灣IC設計,51,0,51,元大-四維,2024-06-24,9831
00933B,國泰10Y+金融債,57,10,47,元大-四維,2024-06-24,9831
6770,力積電,57,11,46,元大-四維,2024-06-24,9831
2888,新光金,121,78,43,元大-四維,2024-06-24,9831
4526,東台,58,16,42,元大-四維,2024-06-24,9831
1609,大亞,53,15,38,元大-四維,2024-06-24,9831
2615,萬海,155,118,37,元大-四維,2024-06-24,9831
4909,新復興,50,13,37,元大-四維,2024-06-24,9831
00946,群益科技高息成長,57,21,36,元大-四維,2024-06-24,9831
00713,元大台灣高息低波,37,1,36,元大-四維,2024-06-24,9831
00935,野村臺灣新科技50,35,0,35,元大-四維,2024-06-24,9831
2603,長榮,32,1,31,元大-四維,2024-06-24,9831
00679B,元大美債20年,41,10,31,元大-四維,2024-06-24,9831
6152,百一,33,5,28,元大-四維,2024-06-24,9831
00881,國泰台灣5G+,27,0,27,元大-四維,2024-06-24,9831
2347,聯強,26,2,24,元大-四維,2024-06-24,9831
6125,廣運,23,0,23,元大-四維,2024-06-24,9831
5498,凱崴,22,0,22,元大-四維,2024-06-24,9831
00720B,元大投資級公司債,21,0,21,元大-四維,2024-06-24,9831
0056,元大高股息,23,3,20,元大-四維,2024-06-24,9831
3163,波若威,25,5,20,元大-四維,2024-06-24,9831
2303,聯電,33,13,20,元大-四維,2024-06-24,9831
6284,佳邦,21,1,20,元大-四維,2024-06-24,9831
00830,國泰費城半導體,20,1,19,元大-四維,2024-06-24,9831
3062,建漢,217,198,19,元大-四維,2024-06-24,9831
8112,至上,22,3,19,元大-四維,2024-06-24,9831
2014,中鴻,19,0,19,元大-四維,2024-06-24,9831
1616,億泰,25,6,19,元大-四維,2024-06-24,9831
6244,茂迪,19,0,19,元大-四維,2024-06-24,9831
1303,南亞,18,0,18,元大-四維,2024-06-24,9831
00632R,元大台灣50反1,214,34,180,元大-四維,2024-06-25,9831
3481,群創,793,618,175,元大-四維,2024-06-25,9831
00942B,台新美A公司債20+,159,0,159,元大-四維,2024-06-25,9831
2409,友達,161,9,152,元大-四維,2024-06-25,9831
2014,中鴻,126,11,115,元大-四維,2024-06-25,9831
3231,緯創,115,5,110,元大-四維,2024-06-25,9831
2002,中鋼,115,12,103,元大-四維,2024-06-25,9831
2882,國泰金,153,55,98,元大-四維,2024-06-25,9831
4903,聯光通,83,0,83,元大-四維,2024-06-25,9831
3037,欣興,70,0,70,元大-四維,2024-06-25,9831
00919,群益台灣精選高息,166,104,62,元大-四維,2024-06-25,9831
00937B,群益ESG投等債20,63,10,53,元大-四維,2024-06-25,9831
2312,金寶,52,0,52,元大-四維,2024-06-25,9831
00936,台新永續高息中小,53,4,49,元大-四維,2024-06-25,9831
2356,英業達,57,9,48,元大-四維,2024-06-25,9831
9105,泰金寶-DR,84,38,46,元大-四維,2024-06-25,9831
6016,康和證,50,5,45,元大-四維,2024-06-25,9831
00947,台新臺灣IC設計,43,0,43,元大-四維,2024-06-25,9831
4919,新唐,45,5,40,元大-四維,2024-06-25,9831
00946,群益科技高息成長,40,0,40,元大-四維,2024-06-25,9831
2801,彰銀,38,1,37,元大-四維,2024-06-25,9831
2472,立隆電,40,3,37,元大-四維,2024-06-25,9831
00918,大華優利高填息30,39,5,34,元大-四維,2024-06-25,9831
2459,敦吉,33,1,32,元大-四維,2024-06-25,9831
2340,台亞,31,0,31,元大-四維,2024-06-25,9831
3712,永崴投控,31,1,30,元大-四維,2024-06-25,9831
2838,聯邦銀,80,50,30,元大-四維,2024-06-25,9831
6274,台燿,32,5,27,元大-四維,2024-06-25,9831
2377,微星,27,0,27,元大-四維,2024-06-25,9831
00830,國泰費城半導體,25,0,25,元大-四維,2024-06-25,9831
6770,力積電,31,7,24,元大-四維,2024-06-25,9831
912000,晨訊科-DR,47,23,24,元大-四維,2024-06-25,9831
0056,元大高股息,36,14,22,元大-四維,2024-06-25,9831
00687B,國泰20年美債,71,51,20,元大-四維,2024-06-25,9831
6271,同欣電,20,0,20,元大-四維,2024-06-25,9831
00669R,國泰美國道瓊反1,20,0,20,元大-四維,2024-06-25,9831
2883,凱基金,27,7,20,元大-四維,2024-06-25,9831
2317,鴻海,117,98,19,元大-四維,2024-06-25,9831
1586,和勤,19,0,19,元大-四維,2024-06-25,9831
1301,台塑,20,1,19,元大-四維,2024-06-25,9831
2885,元大金,43,25,18,元大-四維,2024-06-25,9831
2867,三商壽,21,3,18,元大-四維,2024-06-25,9831
6173,信昌電,23,5,18,元大-四維,2024-06-25,9831
00933B,國泰10Y+金融債,25,8,17,元大-四維,2024-06-25,9831
8234,新漢,20,3,17,元大-四維,2024-06-25,9831
1611,中電,25,9,16,元大-四維,2024-06-25,9831
2537,聯上發,21,5,16,元大-四維,2024-06-25,9831
2376,技嘉,16,0,16,元大-四維,2024-06-25,9831
2542,興富發,18,3,15,元大-四維,2024-06-25,9831
4958,臻鼎-KY,20,5,15,元大-四維,2024-06-25,9831
1314,中石化,2660,158,2502,元大-四維,2024-06-26,9831
00937B,群益ESG投等債20,1555,2,1553,元大-四維,2024-06-26,9831
2353,宏��,202,20,182,元大-四維,2024-06-26,9831
00936,台新永續高息中小,155,0,155,元大-四維,2024-06-26,9831
00919,群益台灣精選高息,174,35,139,元大-四維,2024-06-26,9831
00940,元大台灣價值高息,194,58,136,元大-四維,2024-06-26,9831
2014,中鴻,117,0,117,元大-四維,2024-06-26,9831
00632R,元大台灣50反1,113,3,110,元大-四維,2024-06-26,9831
00665L,富邦�琤肭磪囓�2,122,20,102,元大-四維,2024-06-26,9831
00650L,復華香港正2,100,0,100,元大-四維,2024-06-26,9831
2834,臺企銀,111,12,99,元大-四維,2024-06-26,9831
2409,友達,119,21,98,元大-四維,2024-06-26,9831
5328,華容,118,21,97,元大-四維,2024-06-26,9831
2371,大同,152,63,89,元大-四維,2024-06-26,9831
1609,大亞,95,15,80,元大-四維,2024-06-26,9831
00946,群益科技高息成長,77,0,77,元大-四維,2024-06-26,9831
3481,群創,651,580,71,元大-四維,2024-06-26,9831
3163,波若威,71,5,66,元大-四維,2024-06-26,9831
2610,華航,66,2,64,元大-四維,2024-06-26,9831
9945,潤泰新,67,6,61,元大-四維,2024-06-26,9831
2884,玉山金,56,2,54,元大-四維,2024-06-26,9831
00715L,期街口布蘭特正2,50,1,49,元大-四維,2024-06-26,9831
2312,金寶,54,6,48,元大-四維,2024-06-26,9831
2885,元大金,50,4,46,元大-四維,2024-06-26,9831
2609,陽明,145,101,44,元大-四維,2024-06-26,9831
5880,合庫金,42,0,42,元大-四維,2024-06-26,9831
4532,瑞智,43,2,41,元大-四維,2024-06-26,9831
2002,中鋼,54,14,40,元大-四維,2024-06-26,9831
00929,復華台灣科技優息,70,35,35,元大-四維,2024-06-26,9831
3402,漢科,36,3,33,元大-四維,2024-06-26,9831
8110,華東,45,13,32,元大-四維,2024-06-26,9831
4123,晟德,31,1,30,元大-四維,2024-06-26,9831
00947,台新臺灣IC設計,30,0,30,元大-四維,2024-06-26,9831
1101,台泥,35,6,29,元大-四維,2024-06-26,9831
2449,京元電子,59,32,27,元大-四維,2024-06-26,9831
00713,元大台灣高息低波,57,30,27,元大-四維,2024-06-26,9831
9934,成霖,26,0,26,元大-四維,2024-06-26,9831
00944,野村趨勢動能高息,26,0,26,元大-四維,2024-06-26,9831
2887,台新金,25,0,25,元大-四維,2024-06-26,9831
2615,萬海,160,135,25,元大-四維,2024-06-26,9831
1795,美時,50,26,24,元大-四維,2024-06-26,9831
6695,芯鼎,31,7,24,元大-四維,2024-06-26,9831
00939,統一台灣高息動能,22,0,22,元大-四維,2024-06-26,9831
4142,國光生,22,0,22,元大-四維,2024-06-26,9831
3708,上緯投控,21,0,21,元大-四維,2024-06-26,9831
1717,長興,20,0,20,元大-四維,2024-06-26,9831
2892,第一金,20,0,20,元大-四維,2024-06-26,9831
3062,建漢,78,58,20,元大-四維,2024-06-26,9831
9907,統一實,20,0,20,元大-四維,2024-06-26,9831
6190,萬泰科,26,6,20,元大-四維,2024-06-26,9831
2885,元大金,784,7,777,元大-四維,2024-06-27,9831
00937B,群益ESG投等債20,322,24,298,元大-四維,2024-06-27,9831
3481,群創,251,60,191,元大-四維,2024-06-27,9831
00929,復華台灣科技優息,159,8,151,元大-四維,2024-06-27,9831
2883,凱基金,163,14,149,元大-四維,2024-06-27,9831
00665L,富邦�琤肭磪囓�2,147,11,136,元大-四維,2024-06-27,9831
2838,聯邦銀,139,20,119,元大-四維,2024-06-27,9831
00650L,復華香港正2,103,1,102,元大-四維,2024-06-27,9831
00687B,國泰20年美債,130,32,98,元大-四維,2024-06-27,9831
6120,達運,87,2,85,元大-四維,2024-06-27,9831
00679B,元大美債20年,88,5,83,元大-四維,2024-06-27,9831
3047,訊舟,429,346,83,元大-四維,2024-06-27,9831
3576,聯合再生,165,91,74,元大-四維,2024-06-27,9831
00936,台新永續高息中小,70,0,70,元大-四維,2024-06-27,9831
1312,國喬,60,0,60,元大-四維,2024-06-27,9831
00632R,元大台灣50反1,50,0,50,元大-四維,2024-06-27,9831
2892,第一金,52,5,47,元大-四維,2024-06-27,9831
5443,均豪,74,27,47,元大-四維,2024-06-27,9831
2888,新光金,61,16,45,元大-四維,2024-06-27,9831
00919,群益台灣精選高息,80,36,44,元大-四維,2024-06-27,9831
2344,華邦電,49,6,43,元大-四維,2024-06-27,9831
2371,大同,55,14,41,元大-四維,2024-06-27,9831
00713,元大台灣高息低波,40,0,40,元大-四維,2024-06-27,9831
8358,金居,40,2,38,元大-四維,2024-06-27,9831
6223,旺矽,39,1,38,元大-四維,2024-06-27,9831
2472,立隆電,40,4,36,元大-四維,2024-06-27,9831
00942B,台新美A公司債20+,35,1,34,元大-四維,2024-06-27,9831
1303,南亞,34,1,33,元大-四維,2024-06-27,9831
1786,科妍,36,3,33,元大-四維,2024-06-27,9831
4938,和碩,38,7,31,元大-四維,2024-06-27,9831
2606,裕民,46,16,30,元大-四維,2024-06-27,9831
8076,伍豐,38,9,29,元大-四維,2024-06-27,9831
2884,玉山金,39,11,28,元大-四維,2024-06-27,9831
2637,慧洋-KY,29,2,27,元大-四維,2024-06-27,9831
00878,國泰永續高股息,27,1,26,元大-四維,2024-06-27,9831
5347,世界,27,1,26,元大-四維,2024-06-27,9831
2459,敦吉,26,0,26,元大-四維,2024-06-27,9831
2603,長榮,31,5,26,元大-四維,2024-06-27,9831
5880,合庫金,45,20,25,元大-四維,2024-06-27,9831
1447,力鵬,25,0,25,元大-四維,2024-06-27,9831
00939,統一台灣高息動能,23,0,23,元大-四維,2024-06-27,9831
9945,潤泰新,27,5,22,元大-四維,2024-06-27,9831
3712,永崴投控,55,33,22,元大-四維,2024-06-27,9831
3663,鑫科,47,26,21,元大-四維,2024-06-27,9831
2515,中工,31,11,20,元大-四維,2024-06-27,9831
6456,GIS-KY,20,0,20,元大-四維,2024-06-27,9831
9904,寶成,25,5,20,元大-四維,2024-06-27,9831
2312,金寶,23,3,20,元大-四維,2024-06-27,9831
00933B,國泰10Y+金融債,19,0,19,元大-四維,2024-06-27,9831
00947,台新臺灣IC設計,20,1,19,元大-四維,2024-06-27,9831
2610,華航,174,14,160,元大-四維,2024-06-28,9831
00937B,群益ESG投等債20,158,0,158,元大-四維,2024-06-28,9831
2891,中信金,153,4,149,元大-四維,2024-06-28,9831
2618,長榮航,170,36,134,元大-四維,2024-06-28,9831
2401,凌陽,106,5,101,元大-四維,2024-06-28,9831
00712,復華富時不動產,97,10,87,元大-四維,2024-06-28,9831
00919,群益台灣精選高息,106,20,86,元大-四維,2024-06-28,9831
2371,大同,97,13,84,元大-四維,2024-06-28,9831
2603,長榮,108,30,78,元大-四維,2024-06-28,9831
2406,國碩,156,93,63,元大-四維,2024-06-28,9831
2836,高雄銀,61,0,61,元大-四維,2024-06-28,9831
3576,聯合再生,147,87,60,元大-四維,2024-06-28,9831
3305,昇貿,61,4,57,元大-四維,2024-06-28,9831
1314,中石化,72,17,55,元大-四維,2024-06-28,9831
00680L,元大美債20正2,54,0,54,元大-四維,2024-06-28,9831
00882,中信中國高股息,101,50,51,元大-四維,2024-06-28,9831
1316,上曜,51,1,50,元大-四維,2024-06-28,9831
6901,鑽石投資,48,3,45,元大-四維,2024-06-28,9831
00905,FT臺灣Smart,42,0,42,元大-四維,2024-06-28,9831
912000,晨訊科-DR,50,10,40,元大-四維,2024-06-28,9831
2883B,凱基金乙特,40,0,40,元大-四維,2024-06-28,9831
00936,台新永續高息中小,36,0,36,元大-四維,2024-06-28,9831
8234,新漢,36,1,35,元大-四維,2024-06-28,9831
00687B,國泰20年美債,38,3,35,元大-四維,2024-06-28,9831
2323,中環,119,85,34,元大-四維,2024-06-28,9831
00713,元大台灣高息低波,32,1,31,元大-四維,2024-06-28,9831
3481,群創,36,7,29,元大-四維,2024-06-28,9831
4726,永昕,44,16,28,元大-四維,2024-06-28,9831
2377,微星,31,4,27,元大-四維,2024-06-28,9831
2301,光寶科,26,0,26,元大-四維,2024-06-28,9831
00941,中信上游半導體,30,5,25,元大-四維,2024-06-28,9831
2002,中鋼,30,6,24,元大-四維,2024-06-28,9831
9906,欣巴巴,27,3,24,元大-四維,2024-06-28,9831
4167,松瑞藥,27,4,23,元大-四維,2024-06-28,9831
4160,訊聯基因,21,0,21,元大-四維,2024-06-28,9831
6226,光鼎,20,0,20,元大-四維,2024-06-28,9831
8358,金居,20,0,20,元大-四維,2024-06-28,9831
8423,保綠-KY,20,0,20,元大-四維,2024-06-28,9831
2884,玉山金,40,21,19,元大-四維,2024-06-28,9831
2392,正崴,26,7,19,元大-四維,2024-06-28,9831
2354,鴻準,36,18,18,元大-四維,2024-06-28,9831
6951,青新-創,18,0,18,元大-四維,2024-06-28,9831
1504,東元,23,6,17,元大-四維,2024-06-28,9831
00679B,元大美債20年,54,38,16,元大-四維,2024-06-28,9831
2313,華通,24,8,16,元大-四維,2024-06-28,9831
00931B,統一美債20年,17,1,16,元大-四維,2024-06-28,9831
3402,漢科,15,0,15,元大-四維,2024-06-28,9831
1453,大將,15,0,15,元大-四維,2024-06-28,9831
2349,錸德,50,35,15,元大-四維,2024-06-28,9831
1605,華新,14,0,14,元大-四維,2024-06-28,9831
00937B,群益ESG投等債20,412,18,394,元大-四維,2024-07-01,9831
00680L,元大美債20正2,264,3,261,元大-四維,2024-07-01,9831
2313,華通,198,7,191,元大-四維,2024-07-01,9831
00946,群益科技高息成長,181,3,178,元大-四維,2024-07-01,9831
2371,大同,165,12,153,元大-四維,2024-07-01,9831
00936,台新永續高息中小,140,2,138,元大-四維,2024-07-01,9831
00687B,國泰20年美債,119,3,116,元大-四維,2024-07-01,9831
00934,中信成長高股息,102,0,102,元大-四維,2024-07-01,9831
00679B,元大美債20年,129,30,99,元大-四維,2024-07-01,9831
00632R,元大台灣50反1,102,4,98,元大-四維,2024-07-01,9831
00713,元大台灣高息低波,85,1,84,元大-四維,2024-07-01,9831
0056,元大高股息,132,49,83,元大-四維,2024-07-01,9831
00931B,統一美債20年,79,0,79,元大-四維,2024-07-01,9831
00948B,中信優息投資級債,77,0,77,元大-四維,2024-07-01,9831
2537,聯上發,110,33,77,元大-四維,2024-07-01,9831
2201,裕隆,82,5,77,元大-四維,2024-07-01,9831
00715L,期街口布蘭特正2,60,1,59,元大-四維,2024-07-01,9831
00753L,中信中國50正2,53,1,52,元大-四維,2024-07-01,9831
2845,遠東銀,50,0,50,元大-四維,2024-07-01,9831
1316,上曜,51,2,49,元大-四維,2024-07-01,9831
2352,佳世達,43,3,40,元大-四維,2024-07-01,9831
1314,中石化,65,29,36,元大-四維,2024-07-01,9831
9105,泰金寶-DR,44,9,35,元大-四維,2024-07-01,9831
2329,華泰,37,2,35,元大-四維,2024-07-01,9831
00933B,國泰10Y+金融債,49,15,34,元大-四維,2024-07-01,9831
1101,台泥,36,3,33,元大-四維,2024-07-01,9831
4534,慶騰,33,1,32,元大-四維,2024-07-01,9831
00878,國泰永續高股息,32,2,30,元大-四維,2024-07-01,9831
2367,燿華,40,12,28,元大-四維,2024-07-01,9831
00949,復華日本龍頭,28,0,28,元大-四維,2024-07-01,9831
2609,陽明,169,142,27,元大-四維,2024-07-01,9831
3481,群創,59,33,26,元大-四維,2024-07-01,9831
2885,元大金,26,0,26,元大-四維,2024-07-01,9831
2002,中鋼,42,17,25,元大-四維,2024-07-01,9831
00637L,元大滬深300正2,27,2,25,元大-四維,2024-07-01,9831
6285,啟��,36,11,25,元大-四維,2024-07-01,9831
3338,泰碩,28,4,24,元大-四維,2024-07-01,9831
6456,GIS-KY,23,0,23,元大-四維,2024-07-01,9831
00720B,元大投資級公司債,23,1,22,元大-四維,2024-07-01,9831
00751B,元大AAA至A公司債,272,250,22,元大-四維,2024-07-01,9831
00665L,富邦�琤肭磪囓�2,22,0,22,元大-四維,2024-07-01,9831
9958,世紀鋼,29,8,21,元大-四維,2024-07-01,9831
1617,榮星,20,0,20,元大-四維,2024-07-01,9831
00675L,富邦臺灣加權正2,20,0,20,元大-四維,2024-07-01,9831
6188,廣明,46,28,18,元大-四維,2024-07-01,9831
00942B,台新美A公司債20+,19,1,18,元大-四維,2024-07-01,9831
2312,金寶,18,0,18,元大-四維,2024-07-01,9831
00885,富邦越南,18,0,18,元大-四維,2024-07-01,9831
4919,新唐,21,4,17,元大-四維,2024-07-01,9831
2365,昆盈,211,194,17,元大-四維,2024-07-01,9831
00929,復華台灣科技優息,660,13,647,元大-四維,2024-07-02,9831
00934,中信成長高股息,470,2,468,元大-四維,2024-07-02,9831
2303,聯電,319,13,306,元大-四維,2024-07-02,9831
00948B,中信優息投資級債,217,0,217,元大-四維,2024-07-02,9831
2317,鴻海,289,80,209,元大-四維,2024-07-02,9831
00632R,元大台灣50反1,293,140,153,元大-四維,2024-07-02,9831
6477,安集,169,43,126,元大-四維,2024-07-02,9831
0056,元大高股息,126,6,120,元大-四維,2024-07-02,9831
00937B,群益ESG投等債20,106,10,96,元大-四維,2024-07-02,9831
00918,大華優利高填息30,92,1,91,元大-四維,2024-07-02,9831
00940,元大台灣價值高息,170,80,90,元大-四維,2024-07-02,9831
2020,美亞,88,0,88,元大-四維,2024-07-02,9831
2371,大同,114,28,86,元大-四維,2024-07-02,9831
9105,泰金寶-DR,150,74,76,元大-四維,2024-07-02,9831
00942B,台新美A公司債20+,74,1,73,元大-四維,2024-07-02,9831
00680L,元大美債20正2,73,0,73,元大-四維,2024-07-02,9831
2356,英業達,63,3,60,元大-四維,2024-07-02,9831
00946,群益科技高息成長,94,36,58,元大-四維,2024-07-02,9831
2353,宏��,62,5,57,元大-四維,2024-07-02,9831
3211,順達,59,4,55,元大-四維,2024-07-02,9831
2323,中環,57,2,55,元大-四維,2024-07-02,9831
00936,台新永續高息中小,56,5,51,元大-四維,2024-07-02,9831
00795B,中信美國公債20年,51,0,51,元大-四維,2024-07-02,9831
2845,遠東銀,50,0,50,元大-四維,2024-07-02,9831
9906,欣巴巴,50,1,49,元大-四維,2024-07-02,9831
00679B,元大美債20年,51,2,49,元大-四維,2024-07-02,9831
00720B,元大投資級公司債,46,2,44,元大-四維,2024-07-02,9831
5880,合庫金,44,0,44,元大-四維,2024-07-02,9831
2404,漢唐,45,2,43,元大-四維,2024-07-02,9831
2834,臺企銀,42,0,42,元大-四維,2024-07-02,9831
00687B,國泰20年美債,39,0,39,元大-四維,2024-07-02,9831
6285,啟��,40,4,36,元大-四維,2024-07-02,9831
2820,華票,34,0,34,元大-四維,2024-07-02,9831
2889,國票金,35,2,33,元大-四維,2024-07-02,9831
2459,敦吉,32,0,32,元大-四維,2024-07-02,9831
00927,群益半導體收益,31,0,31,元大-四維,2024-07-02,9831
9945,潤泰新,33,2,31,元大-四維,2024-07-02,9831
8011,台通,31,0,31,元大-四維,2024-07-02,9831
3027,盛達,35,4,31,元大-四維,2024-07-02,9831
1905,華紙,30,0,30,元大-四維,2024-07-02,9831
2002,中鋼,63,34,29,元大-四維,2024-07-02,9831
2884,玉山金,37,10,27,元大-四維,2024-07-02,9831
00712,復華富時不動產,27,0,27,元大-四維,2024-07-02,9831
00688L,國泰20年美債正2,27,0,27,元大-四維,2024-07-02,9831
6152,百一,27,0,27,元大-四維,2024-07-02,9831
2498,宏達電,26,0,26,元大-四維,2024-07-02,9831
00949,復華日本龍頭,25,0,25,元大-四維,2024-07-02,9831
8112,至上,29,5,24,元大-四維,2024-07-02,9831
2867,三商壽,24,1,23,元大-四維,2024-07-02,9831
2344,華邦電,27,4,23,元大-四維,2024-07-02,9831
1713,國化,1550,1068,482,元大-四維,2024-07-03,9831
2515,中工,378,1,377,元大-四維,2024-07-03,9831
2002,中鋼,411,60,351,元大-四維,2024-07-03,9831
00929,復華台灣科技優息,280,38,242,元大-四維,2024-07-03,9831
00632R,元大台灣50反1,412,210,202,元大-四維,2024-07-03,9831
00934,中信成長高股息,177,1,176,元大-四維,2024-07-03,9831
00937B,群益ESG投等債20,145,21,124,元大-四維,2024-07-03,9831
1314,中石化,119,0,119,元大-四維,2024-07-03,9831
2845,遠東銀,107,2,105,元大-四維,2024-07-03,9831
3576,聯合再生,626,536,90,元大-四維,2024-07-03,9831
5328,華容,90,1,89,元大-四維,2024-07-03,9831
2459,敦吉,82,0,82,元大-四維,2024-07-03,9831
9105,泰金寶-DR,175,103,72,元大-四維,2024-07-03,9831
8926,台汽電,61,0,61,元大-四維,2024-07-03,9831
3663,鑫科,67,8,59,元大-四維,2024-07-03,9831
2610,華航,117,64,53,元大-四維,2024-07-03,9831
00936,台新永續高息中小,50,0,50,元大-四維,2024-07-03,9831
1611,中電,50,1,49,元大-四維,2024-07-03,9831
1802,台玻,49,1,48,元大-四維,2024-07-03,9831
2367,燿華,91,45,46,元大-四維,2024-07-03,9831
2317,鴻海,60,16,44,元大-四維,2024-07-03,9831
3027,盛達,77,33,44,元大-四維,2024-07-03,9831
2356,英業達,69,27,42,元大-四維,2024-07-03,9831
3005,神基,56,18,38,元大-四維,2024-07-03,9831
1303,南亞,37,2,35,元大-四維,2024-07-03,9831
3376,新日興,36,1,35,元大-四維,2024-07-03,9831
00687B,國泰20年美債,34,0,34,元大-四維,2024-07-03,9831
2820,華票,30,0,30,元大-四維,2024-07-03,9831
2312,金寶,55,26,29,元大-四維,2024-07-03,9831
00942B,台新美A公司債20+,28,0,28,元大-四維,2024-07-03,9831
2605,新興,41,14,27,元大-四維,2024-07-03,9831
3062,建漢,46,19,27,元大-四維,2024-07-03,9831
2618,長榮航,75,52,23,元大-四維,2024-07-03,9831
5371,中光電,24,1,23,元大-四維,2024-07-03,9831
3050,鈺德,28,6,22,元大-四維,2024-07-03,9831
00949,復華日本龍頭,21,0,21,元大-四維,2024-07-03,9831
3535,晶彩科,23,2,21,元大-四維,2024-07-03,9831
1714,和桐,24,3,21,元大-四維,2024-07-03,9831
0056,元大高股息,41,21,20,元大-四維,2024-07-03,9831
3189,景碩,24,3,21,元大-四維,2024-07-03,9831
4906,正文,59,38,21,元大-四維,2024-07-03,9831
3402,漢科,20,0,20,元大-四維,2024-07-03,9831
8076,伍豐,22,2,20,元大-四維,2024-07-03,9831
4707,磐亞,21,1,20,元大-四維,2024-07-03,9831
2489,瑞軒,35,15,20,元大-四維,2024-07-03,9831
8277,商丞,26,6,20,元大-四維,2024-07-03,9831
1905,華紙,52,32,20,元大-四維,2024-07-03,9831
4167,松瑞藥,29,10,19,元大-四維,2024-07-03,9831
3057,喬鼎,20,1,19,元大-四維,2024-07-03,9831
00919,群益台灣精選高息,35,18,17,元大-四維,2024-07-03,9831
00632R,元大台灣50反1,743,23,720,元大-四維,2024-07-04,9831
2371,大同,338,102,236,元大-四維,2024-07-04,9831
3372,典範,207,14,193,元大-四維,2024-07-04,9831
2312,金寶,306,146,160,元大-四維,2024-07-04,9831
2412,中華電,134,2,132,元大-四維,2024-07-04,9831
1785,光洋科,248,121,127,元大-四維,2024-07-04,9831
2405,輔信,136,21,115,元大-四維,2024-07-04,9831
2883,凱基金,188,88,100,元大-四維,2024-07-04,9831
00934,中信成長高股息,102,13,89,元大-四維,2024-07-04,9831
2618,長榮航,114,29,85,元大-四維,2024-07-04,9831
1713,國化,896,822,74,元大-四維,2024-07-04,9831
2349,錸德,79,18,61,元大-四維,2024-07-04,9831
2597,潤弘,56,0,56,元大-四維,2024-07-04,9831
2610,華航,65,10,55,元大-四維,2024-07-04,9831
5009,榮剛,51,0,51,元大-四維,2024-07-04,9831
8110,華東,56,6,50,元大-四維,2024-07-04,9831
6244,茂迪,61,11,50,元大-四維,2024-07-04,9831
2615,萬海,129,79,50,元大-四維,2024-07-04,9831
2459,敦吉,44,0,44,元大-四維,2024-07-04,9831
2637,慧洋-KY,51,9,42,元大-四維,2024-07-04,9831
00949,復華日本龍頭,50,10,40,元大-四維,2024-07-04,9831
00937B,群益ESG投等債20,85,47,38,元大-四維,2024-07-04,9831
1806,冠軍,99,65,34,元大-四維,2024-07-04,9831
2409,友達,71,38,33,元大-四維,2024-07-04,9831
6282,康舒,49,17,32,元大-四維,2024-07-04,9831
6532,瑞耘,35,3,32,元大-四維,2024-07-04,9831
6552,易華電,34,3,31,元大-四維,2024-07-04,9831
2344,華邦電,31,0,31,元大-四維,2024-07-04,9831
2537,聯上發,30,1,29,元大-四維,2024-07-04,9831
1815,富喬,38,9,29,元大-四維,2024-07-04,9831
2889,國票金,46,18,28,元大-四維,2024-07-04,9831
2897,王道銀行,30,2,28,元大-四維,2024-07-04,9831
2882,國泰金,33,7,26,元大-四維,2024-07-04,9831
2609,陽明,95,70,25,元大-四維,2024-07-04,9831
6188,廣明,41,16,25,元大-四維,2024-07-04,9831
9105,泰金寶-DR,125,102,23,元大-四維,2024-07-04,9831
3062,建漢,38,15,23,元大-四維,2024-07-04,9831
00680L,元大美債20正2,74,52,22,元大-四維,2024-07-04,9831
8163,達方,22,1,21,元大-四維,2024-07-04,9831
00687B,國泰20年美債,26,6,20,元大-四維,2024-07-04,9831
2421,建準,22,1,21,元大-四維,2024-07-04,9831
2481,強茂,34,14,20,元大-四維,2024-07-04,9831
4949,有成精密,20,0,20,元大-四維,2024-07-04,9831
4123,晟德,21,1,20,元大-四維,2024-07-04,9831
2834,臺企銀,28,8,20,元大-四維,2024-07-04,9831
2606,裕民,45,25,20,元大-四維,2024-07-04,9831
4919,新唐,20,1,19,元大-四維,2024-07-04,9831
2324,仁寶,20,2,18,元大-四維,2024-07-04,9831
3037,欣興,27,10,17,元大-四維,2024-07-04,9831
4129,聯合,17,0,17,元大-四維,2024-07-04,9831
1314,中石化,522,240,282,元大-四維,2024-07-05,9831
2867,三商壽,189,8,181,元大-四維,2024-07-05,9831
8104,錸寶,189,27,162,元大-四維,2024-07-05,9831
00934,中信成長高股息,147,1,146,元大-四維,2024-07-05,9831
8092,建暐,161,24,137,元大-四維,2024-07-05,9831
2610,華航,126,15,111,元大-四維,2024-07-05,9831
2885,元大金,103,0,103,元大-四維,2024-07-05,9831
00637L,元大滬深300正2,99,0,99,元大-四維,2024-07-05,9831
3481,群創,123,28,95,元大-四維,2024-07-05,9831
4534,慶騰,92,1,91,元大-四維,2024-07-05,9831
2838,聯邦銀,130,40,90,元大-四維,2024-07-05,9831
1308,亞聚,90,2,88,元大-四維,2024-07-05,9831
2882,國泰金,90,2,88,元大-四維,2024-07-05,9831
0056,元大高股息,84,6,78,元大-四維,2024-07-05,9831
2371,大同,73,5,68,元大-四維,2024-07-05,9831
6658,聯策,64,0,64,元大-四維,2024-07-05,9831
2603,長榮,65,6,59,元大-四維,2024-07-05,9831
00687B,國泰20年美債,53,0,53,元大-四維,2024-07-05,9831
3580,友威科,95,48,47,元大-四維,2024-07-05,9831
6698,旭暉應材,49,4,45,元大-四維,2024-07-05,9831
5347,世界,61,16,45,元大-四維,2024-07-05,9831
2459,敦吉,43,0,43,元大-四維,2024-07-05,9831
4934,太極,40,0,40,元大-四維,2024-07-05,9831
2014,中鴻,40,1,39,元大-四維,2024-07-05,9831
00937B,群益ESG投等債20,39,0,39,元大-四維,2024-07-05,9831
2812,台中銀,40,3,37,元大-四維,2024-07-05,9831
2481,強茂,35,1,34,元大-四維,2024-07-05,9831
1785,光洋科,162,129,33,元大-四維,2024-07-05,9831
00679B,元大美債20年,36,4,32,元大-四維,2024-07-05,9831
1514,亞力,67,35,32,元大-四維,2024-07-05,9831
5392,能率,46,16,30,元大-四維,2024-07-05,9831
2359,所羅門,37,9,28,元大-四維,2024-07-05,9831
2331,精英,33,6,27,元大-四維,2024-07-05,9831
6443,元晶,68,41,27,元大-四維,2024-07-05,9831
2349,錸德,83,58,25,元大-四維,2024-07-05,9831
912000,晨訊科-DR,41,16,25,元大-四維,2024-07-05,9831
6215,和椿,34,11,23,元大-四維,2024-07-05,9831
2845,遠東銀,24,1,23,元大-四維,2024-07-05,9831
00936,台新永續高息中小,32,10,22,元大-四維,2024-07-05,9831
3231,緯創,27,6,21,元大-四維,2024-07-05,9831
6192,巨路,21,0,21,元大-四維,2024-07-05,9831
2365,昆盈,54,33,21,元大-四維,2024-07-05,9831
00948B,中信優息投資級債,20,0,20,元大-四維,2024-07-05,9831
9921,巨大,20,0,20,元大-四維,2024-07-05,9831
2884,玉山金,20,1,19,元大-四維,2024-07-05,9831
1453,大將,18,0,18,元大-四維,2024-07-05,9831
4588,玖鼎電力,20,2,18,元大-四維,2024-07-05,9831
3265,台星科,18,0,18,元大-四維,2024-07-05,9831
2618,長榮航,119,102,17,元大-四維,2024-07-05,9831
2615,萬海,44,28,16,元大-四維,2024-07-05,9831
2885,元大金,399,28,371,元大-四維,2024-07-08,9831
2331,精英,328,10,318,元大-四維,2024-07-08,9831
2618,長榮航,213,27,186,元大-四維,2024-07-08,9831
2459,敦吉,109,0,109,元大-四維,2024-07-08,9831
1310,台苯,104,0,104,元大-四維,2024-07-08,9831
3481,群創,186,96,90,元大-四維,2024-07-08,9831
00934,中信成長高股息,101,12,89,元大-四維,2024-07-08,9831
1528,恩德,106,26,80,元大-四維,2024-07-08,9831
00919,群益台灣精選高息,145,65,80,元大-四維,2024-07-08,9831
2401,凌陽,78,1,77,元大-四維,2024-07-08,9831
2354,鴻準,115,41,74,元大-四維,2024-07-08,9831
8092,建暐,75,1,74,元大-四維,2024-07-08,9831
00937B,群益ESG投等債20,83,10,73,元大-四維,2024-07-08,9831
2515,中工,82,11,71,元大-四維,2024-07-08,9831
00632R,元大台灣50反1,111,42,69,元大-四維,2024-07-08,9831
1785,光洋科,171,105,66,元大-四維,2024-07-08,9831
2489,瑞軒,59,3,56,元大-四維,2024-07-08,9831
8110,華東,56,3,53,元大-四維,2024-07-08,9831
2464,盟立,98,52,46,元大-四維,2024-07-08,9831
5347,世界,53,7,46,元大-四維,2024-07-08,9831
2353,宏��,53,8,45,元大-四維,2024-07-08,9831
3535,晶彩科,97,52,45,元大-四維,2024-07-08,9831
5608,四維航,87,43,44,元大-四維,2024-07-08,9831
00929,復華台灣科技優息,181,142,39,元大-四維,2024-07-08,9831
5498,凱崴,38,0,38,元大-四維,2024-07-08,9831
2609,陽明,125,87,38,元大-四維,2024-07-08,9831
1101,台泥,42,5,37,元大-四維,2024-07-08,9831
1514,亞力,46,12,34,元大-四維,2024-07-08,9831
2603,長榮,81,47,34,元大-四維,2024-07-08,9831
6189,豐藝,43,10,33,元大-四維,2024-07-08,9831
6207,雷科,63,30,33,元大-四維,2024-07-08,9831
3556,禾瑞亞,35,2,33,元大-四維,2024-07-08,9831
8354,冠好,33,0,33,元大-四維,2024-07-08,9831
1616,億泰,32,0,32,元大-四維,2024-07-08,9831
9945,潤泰新,32,0,32,元大-四維,2024-07-08,9831
6217,中探針,34,3,31,元大-四維,2024-07-08,9831
9907,統一實,30,0,30,元大-四維,2024-07-08,9831
8210,勤誠,30,0,30,元大-四維,2024-07-08,9831
4919,新唐,30,0,30,元大-四維,2024-07-08,9831
2605,新興,36,7,29,元大-四維,2024-07-08,9831
2417,圓剛,32,4,28,元大-四維,2024-07-08,9831
2538,基泰,28,0,28,元大-四維,2024-07-08,9831
1504,東元,30,2,28,元大-四維,2024-07-08,9831
2344,華邦電,28,0,28,元大-四維,2024-07-08,9831
2606,裕民,46,18,28,元大-四維,2024-07-08,9831
2363,矽統,97,69,28,元大-四維,2024-07-08,9831
2427,三商電,51,24,27,元大-四維,2024-07-08,9831
5371,中光電,28,2,26,元大-四維,2024-07-08,9831
3508,位速,27,1,26,元大-四維,2024-07-08,9831
4966,譜瑞-KY,25,0,25,元大-四維,2024-07-08,9831
2888,新光金,883,514,369,元大-四維,2024-07-09,9831
00934,中信成長高股息,223,11,212,元大-四維,2024-07-09,9831
2887,台新金,206,1,205,元大-四維,2024-07-09,9831
2618,長榮航,185,23,162,元大-四維,2024-07-09,9831
00936,台新永續高息中小,141,1,140,元大-四維,2024-07-09,9831
1314,中石化,159,28,131,元大-四維,2024-07-09,9831
2834,臺企銀,127,3,124,元大-四維,2024-07-09,9831
00632R,元大台灣50反1,137,14,123,元大-四維,2024-07-09,9831
9105,泰金寶-DR,306,201,105,元大-四維,2024-07-09,9831
2885,元大金,112,22,90,元大-四維,2024-07-09,9831
2610,華航,105,19,86,元大-四維,2024-07-09,9831
2353,宏��,96,10,86,元大-四維,2024-07-09,9831
00687B,國泰20年美債,104,22,82,元大-四維,2024-07-09,9831
5880,合庫金,81,0,81,元大-四維,2024-07-09,9831
00751B,元大AAA至A公司債,78,0,78,元大-四維,2024-07-09,9831
3673,TPK-KY,129,54,75,元大-四維,2024-07-09,9831
3481,群創,108,35,73,元大-四維,2024-07-09,9831
1528,恩德,77,9,68,元大-四維,2024-07-09,9831
1101,台泥,64,0,64,元大-四維,2024-07-09,9831
3047,訊舟,219,163,56,元大-四維,2024-07-09,9831
5202,力新,60,6,54,元大-四維,2024-07-09,9831
3231,緯創,82,29,53,元大-四維,2024-07-09,9831
00949,復華日本龍頭,53,1,52,元大-四維,2024-07-09,9831
8105,凌巨,91,39,52,元大-四維,2024-07-09,9831
2331,精英,51,1,50,元大-四維,2024-07-09,9831
1536,和大,86,37,49,元大-四維,2024-07-09,9831
5608,四維航,47,0,47,元大-四維,2024-07-09,9831
00715L,期街口布蘭特正2,50,4,46,元大-四維,2024-07-09,9831
2838,聯邦銀,60,16,44,元大-四維,2024-07-09,9831
2323,中環,56,14,42,元大-四維,2024-07-09,9831
00850,元大臺灣ESG永續,40,0,40,元大-四維,2024-07-09,9831
4976,佳凌,39,0,39,元大-四維,2024-07-09,9831
2427,三商電,41,2,39,元大-四維,2024-07-09,9831
2317,鴻海,212,174,38,元大-四維,2024-07-09,9831
2367,燿華,282,244,38,元大-四維,2024-07-09,9831
2915,潤泰全,35,0,35,元大-四維,2024-07-09,9831
00929,復華台灣科技優息,171,138,33,元大-四維,2024-07-09,9831
00931B,統一美債20年,46,13,33,元大-四維,2024-07-09,9831
2405,輔信,97,64,33,元大-四維,2024-07-09,9831
1612,宏泰,47,17,30,元大-四維,2024-07-09,9831
2882,國泰金,30,0,30,元大-四維,2024-07-09,9831
5371,中光電,33,4,29,元大-四維,2024-07-09,9831
00881,國泰台灣5G+,43,15,28,元大-四維,2024-07-09,9831
4906,正文,74,46,28,元大-四維,2024-07-09,9831
3163,波若威,39,12,27,元大-四維,2024-07-09,9831
0056,元大高股息,51,25,26,元大-四維,2024-07-09,9831
2449,京元電子,61,35,26,元大-四維,2024-07-09,9831
2515,中工,37,12,25,元大-四維,2024-07-09,9831
2603,長榮,46,22,24,元大-四維,2024-07-09,9831
1815,富喬,32,8,24,元大-四維,2024-07-09,9831
3673,TPK-KY,182,10,172,元大-四維,2024-07-10,9831
00929,復華台灣科技優息,183,26,157,元大-四維,2024-07-10,9831
2405,輔信,175,23,152,元大-四維,2024-07-10,9831
00688L,國泰20年美債正2,120,0,120,元大-四維,2024-07-10,9831
2883,凱基金,214,100,114,元大-四維,2024-07-10,9831
00937B,群益ESG投等債20,112,15,97,元大-四維,2024-07-10,9831
00950B,凱基A級公司債,91,0,91,元大-四維,2024-07-10,9831
2392,正崴,183,108,75,元大-四維,2024-07-10,9831
2867,三商壽,86,13,73,元大-四維,2024-07-10,9831
2845,遠東銀,71,10,61,元大-四維,2024-07-10,9831
00934,中信成長高股息,62,2,60,元大-四維,2024-07-10,9831
00919,群益台灣精選高息,83,25,58,元大-四維,2024-07-10,9831
2002,中鋼,119,62,57,元大-四維,2024-07-10,9831
3037,欣興,54,2,52,元大-四維,2024-07-10,9831
2303,聯電,57,7,50,元大-四維,2024-07-10,9831
1528,恩德,52,2,50,元大-四維,2024-07-10,9831
1522,堤維西,49,0,49,元大-四維,2024-07-10,9831
3481,群創,86,39,47,元大-四維,2024-07-10,9831
00725B,國泰投資級公司債,39,0,39,元大-四維,2024-07-10,9831
00679B,元大美債20年,339,301,38,元大-四維,2024-07-10,9831
9105,泰金寶-DR,83,46,37,元大-四維,2024-07-10,9831
5608,四維航,36,0,36,元大-四維,2024-07-10,9831
00633L,富邦上証正2,40,6,34,元大-四維,2024-07-10,9831
3450,聯鈞,54,20,34,元大-四維,2024-07-10,9831
8937,合騏,33,1,32,元大-四維,2024-07-10,9831
5521,工信,30,0,30,元大-四維,2024-07-10,9831
2317,鴻海,76,47,29,元大-四維,2024-07-10,9831
00927,群益半導體收益,29,0,29,元大-四維,2024-07-10,9831
2323,中環,28,0,28,元大-四維,2024-07-10,9831
00713,元大台灣高息低波,39,11,28,元大-四維,2024-07-10,9831
6451,訊芯-KY,30,3,27,元大-四維,2024-07-10,9831
4909,新復興,46,19,27,元大-四維,2024-07-10,9831
5443,均豪,43,17,26,元大-四維,2024-07-10,9831
2367,燿華,60,33,27,元大-四維,2024-07-10,9831
00878,國泰永續高股息,102,76,26,元大-四維,2024-07-10,9831
6532,瑞耘,35,11,24,元大-四維,2024-07-10,9831
2355,敬鵬,26,2,24,元大-四維,2024-07-10,9831
2615,萬海,126,103,23,元大-四維,2024-07-10,9831
2363,矽統,54,32,22,元大-四維,2024-07-10,9831
2543,皇昌,39,19,20,元大-四維,2024-07-10,9831
3050,鈺德,42,22,20,元大-四維,2024-07-10,9831
00936,台新永續高息中小,34,14,20,元大-四維,2024-07-10,9831
00850,元大臺灣ESG永續,19,0,19,元大-四維,2024-07-10,9831
6152,百一,21,2,19,元大-四維,2024-07-10,9831
4167,松瑞藥,19,0,19,元大-四維,2024-07-10,9831
3013,晟銘電,43,25,18,元大-四維,2024-07-10,9831
5426,振發,24,6,18,元大-四維,2024-07-10,9831
1608,華榮,24,7,17,元大-四維,2024-07-10,9831
2344,華邦電,17,0,17,元大-四維,2024-07-10,9831
1789,神隆,17,0,17,元大-四維,2024-07-10,9831
1314,中石化,3100,81,3019,元大-四維,2024-07-11,9831
00632R,元大台灣50反1,577,137,440,元大-四維,2024-07-11,9831
2867,三商壽,162,38,124,元大-四維,2024-07-11,9831
3481,群創,160,49,111,元大-四維,2024-07-11,9831
00945B,凱基美國非投等債,103,0,103,元大-四維,2024-07-11,9831
2882,國泰金,112,26,86,元大-四維,2024-07-11,9831
3050,鈺德,126,52,74,元大-四維,2024-07-11,9831
00946,群益科技高息成長,72,6,66,元大-四維,2024-07-11,9831
6163,華電網,87,23,64,元大-四維,2024-07-11,9831
00934,中信成長高股息,99,35,64,元大-四維,2024-07-11,9831
9906,欣巴巴,51,0,51,元大-四維,2024-07-11,9831
1319,東陽,50,0,50,元大-四維,2024-07-11,9831
00937B,群益ESG投等債20,66,18,48,元大-四維,2024-07-11,9831
00650L,復華香港正2,50,8,42,元大-四維,2024-07-11,9831
1714,和桐,85,44,41,元大-四維,2024-07-11,9831
00751B,元大AAA至A公司債,46,8,38,元大-四維,2024-07-11,9831
2888,新光金,181,144,37,元大-四維,2024-07-11,9831
2014,中鴻,38,2,36,元大-四維,2024-07-11,9831
2365,昆盈,94,58,36,元大-四維,2024-07-11,9831
2645,長榮航太,35,0,35,元大-四維,2024-07-11,9831
2886,兆豐金,37,3,34,元大-四維,2024-07-11,9831
2002,中鋼,44,12,32,元大-四維,2024-07-11,9831
2332,友訊,32,0,32,元大-四維,2024-07-11,9831
8926,台汽電,32,0,32,元大-四維,2024-07-11,9831
912000,晨訊科-DR,38,7,31,元大-四維,2024-07-11,9831
3686,達能,32,2,30,元大-四維,2024-07-11,9831
8210,勤誠,31,2,29,元大-四維,2024-07-11,9831
8097,常珵,28,0,28,元大-四維,2024-07-11,9831
00929,復華台灣科技優息,56,30,26,元大-四維,2024-07-11,9831
1504,東元,31,5,26,元大-四維,2024-07-11,9831
4157,太景*-KY,30,4,26,元大-四維,2024-07-11,9831
8092,建暐,26,0,26,元大-四維,2024-07-11,9831
2520,冠德,51,25,26,元大-四維,2024-07-11,9831
1101,台泥,44,19,25,元大-四維,2024-07-11,9831
2618,長榮航,63,39,24,元大-四維,2024-07-11,9831
8473,山林水,30,6,24,元大-四維,2024-07-11,9831
1795,美時,27,4,23,元大-四維,2024-07-11,9831
00936,台新永續高息中小,24,2,22,元大-四維,2024-07-11,9831
8011,台通,95,73,22,元大-四維,2024-07-11,9831
6179,亞通,23,1,22,元大-四維,2024-07-11,9831
1785,光洋科,55,34,21,元大-四維,2024-07-11,9831
3265,台星科,24,3,21,元大-四維,2024-07-11,9831
8040,九暘,20,0,20,元大-四維,2024-07-11,9831
2344,華邦電,30,10,20,元大-四維,2024-07-11,9831
6418,詠昇,20,0,20,元大-四維,2024-07-11,9831
5351,鈺創,21,2,19,元大-四維,2024-07-11,9831
3701,大眾控,20,1,19,元大-四維,2024-07-11,9831
2834,臺企銀,20,1,19,元大-四維,2024-07-11,9831
006208,富邦台50,21,3,18,元大-四維,2024-07-11,9831
2382,廣達,20,2,18,元大-四維,2024-07-11,9831
00929,復華台灣科技優息,439,128,311,元大-四維,2024-07-12,9831
00919,群益台灣精選高息,411,122,289,元大-四維,2024-07-12,9831
00934,中信成長高股息,156,2,154,元大-四維,2024-07-12,9831
2317,鴻海,278,130,148,元大-四維,2024-07-12,9831
2312,金寶,511,373,138,元大-四維,2024-07-12,9831
00936,台新永續高息中小,132,0,132,元大-四維,2024-07-12,9831
2353,宏��,122,11,111,元大-四維,2024-07-12,9831
1536,和大,130,44,86,元大-四維,2024-07-12,9831
3673,TPK-KY,148,69,79,元大-四維,2024-07-12,9831
00905,FT臺灣Smart,73,0,73,元大-四維,2024-07-12,9831
2303,聯電,129,58,71,元大-四維,2024-07-12,9831
6264,富裔,71,3,68,元大-四維,2024-07-12,9831
1723,中碳,68,0,68,元大-四維,2024-07-12,9831
00933B,國泰10Y+金融債,60,5,55,元大-四維,2024-07-12,9831
00935,野村臺灣新科技50,59,8,51,元大-四維,2024-07-12,9831
00878,國泰永續高股息,139,89,50,元大-四維,2024-07-12,9831
4906,正文,59,9,50,元大-四維,2024-07-12,9831
1314,中石化,86,36,50,元大-四維,2024-07-12,9831
2337,旺宏,52,3,49,元大-四維,2024-07-12,9831
1513,中興電,151,103,48,元大-四維,2024-07-12,9831
5608,四維航,46,0,46,元大-四維,2024-07-12,9831
1303,南亞,63,17,46,元大-四維,2024-07-12,9831
2392,正崴,118,76,42,元大-四維,2024-07-12,9831
0056,元大高股息,70,30,40,元大-四維,2024-07-12,9831
00927,群益半導體收益,39,0,39,元大-四維,2024-07-12,9831
00881,國泰台灣5G+,46,7,39,元大-四維,2024-07-12,9831
2515,中工,48,10,38,元大-四維,2024-07-12,9831
2897,王道銀行,41,4,37,元大-四維,2024-07-12,9831
1316,上曜,51,14,37,元大-四維,2024-07-12,9831
1529,樂事綠能,41,7,34,元大-四維,2024-07-12,9831
3711,日月光投控,39,6,33,元大-四維,2024-07-12,9831
2891,中信金,87,54,33,元大-四維,2024-07-12,9831
2376,技嘉,35,4,31,元大-四維,2024-07-12,9831
00740B,富邦全球投等債,31,0,31,元大-四維,2024-07-12,9831
3019,亞光,43,14,29,元大-四維,2024-07-12,9831
1618,合機,51,23,28,元大-四維,2024-07-12,9831
6547,高端疫苗,27,0,27,元大-四維,2024-07-12,9831
3686,達能,27,3,24,元大-四維,2024-07-12,9831
2892,第一金,40,16,24,元大-四維,2024-07-12,9831
00850,元大臺灣ESG永續,28,5,23,元大-四維,2024-07-12,9831
00687B,國泰20年美債,32,10,22,元大-四維,2024-07-12,9831
4961,天鈺,21,0,21,元大-四維,2024-07-12,9831
00650L,復華香港正2,31,10,21,元大-四維,2024-07-12,9831
00946,群益科技高息成長,20,0,20,元大-四維,2024-07-12,9831
3587,閎康,20,0,20,元大-四維,2024-07-12,9831
2501,國建,20,0,20,元大-四維,2024-07-12,9831
020028,元大特選電動車N,20,0,20,元大-四維,2024-07-12,9831
00693U,期街口S＆P黃豆,20,0,20,元大-四維,2024-07-12,9831
9906,欣巴巴,21,1,20,元大-四維,2024-07-12,9831
00939,統一台灣高息動能,20,1,19,元大-四維,2024-07-12,9831
2884,玉山金,364,21,343,元大-四維,2024-07-15,9831
00934,中信成長高股息,285,10,275,元大-四維,2024-07-15,9831
2885,元大金,240,0,240,元大-四維,2024-07-15,9831
00945B,凱基美國非投等債,185,0,185,元大-四維,2024-07-15,9831
1608,華榮,206,42,164,元大-四維,2024-07-15,9831
2618,長榮航,191,37,154,元大-四維,2024-07-15,9831
00918,大華優利高填息30,141,0,141,元大-四維,2024-07-15,9831
2409,友達,172,32,140,元大-四維,2024-07-15,9831
2610,華航,143,6,137,元大-四維,2024-07-15,9831
00929,復華台灣科技優息,176,45,131,元大-四維,2024-07-15,9831
0056,元大高股息,148,27,121,元大-四維,2024-07-15,9831
1316,上曜,144,37,107,元大-四維,2024-07-15,9831
3481,群創,121,30,91,元大-四維,2024-07-15,9831
2353,宏��,99,11,88,元大-四維,2024-07-15,9831
2891,中信金,98,26,72,元大-四維,2024-07-15,9831
00680L,元大美債20正2,64,0,64,元大-四維,2024-07-15,9831
1301,台塑,60,1,59,元大-四維,2024-07-15,9831
9105,泰金寶-DR,88,32,56,元大-四維,2024-07-15,9831
6213,聯茂,53,0,53,元大-四維,2024-07-15,9831
00712,復華富時不動產,107,56,51,元大-四維,2024-07-15,9831
2392,正崴,60,9,51,元大-四維,2024-07-15,9831
00942B,台新美A公司債20+,50,0,50,元大-四維,2024-07-15,9831
00919,群益台灣精選高息,77,34,43,元大-四維,2024-07-15,9831
5328,華容,68,25,43,元大-四維,2024-07-15,9831
1568,倉佑,44,2,42,元大-四維,2024-07-15,9831
00928,中信上櫃ESG30,41,0,41,元大-四維,2024-07-15,9831
2356,英業達,151,111,40,元大-四維,2024-07-15,9831
1312,國喬,40,0,40,元大-四維,2024-07-15,9831
3363,上詮,46,8,38,元大-四維,2024-07-15,9831
4906,正文,40,3,37,元大-四維,2024-07-15,9831
1314,中石化,196,161,35,元大-四維,2024-07-15,9831
00650L,復華香港正2,35,2,33,元大-四維,2024-07-15,9831
4153,鈺緯,33,0,33,元大-四維,2024-07-15,9831
2332,友訊,38,6,32,元大-四維,2024-07-15,9831
2481,強茂,43,11,32,元大-四維,2024-07-15,9831
1101,台泥,60,30,30,元大-四維,2024-07-15,9831
5202,力新,37,7,30,元大-四維,2024-07-15,9831
00935,野村臺灣新科技50,33,3,30,元大-四維,2024-07-15,9831
5474,聰泰,30,0,30,元大-四維,2024-07-15,9831
2892,第一金,38,8,30,元大-四維,2024-07-15,9831
00679B,元大美債20年,44,15,29,元大-四維,2024-07-15,9831
1718,中纖,29,0,29,元大-四維,2024-07-15,9831
00878,國泰永續高股息,38,10,28,元大-四維,2024-07-15,9831
2401,凌陽,59,31,28,元大-四維,2024-07-15,9831
5443,均豪,38,10,28,元大-四維,2024-07-15,9831
2897,王道銀行,26,0,26,元大-四維,2024-07-15,9831
2888,新光金,71,47,24,元大-四維,2024-07-15,9831
1586,和勤,27,3,24,元大-四維,2024-07-15,9831
1110,東泥,30,6,24,元大-四維,2024-07-15,9831
00927,群益半導體收益,23,0,23,元大-四維,2024-07-15,9831
2891,中信金,260,10,250,元大-四維,2024-07-16,9831
00934,中信成長高股息,161,0,161,元大-四維,2024-07-16,9831
0056,元大高股息,141,10,131,元大-四維,2024-07-16,9831
2027,大成鋼,100,1,99,元大-四維,2024-07-16,9831
00882,中信中國高股息,92,6,86,元大-四維,2024-07-16,9831
00905,FT臺灣Smart,135,51,84,元大-四維,2024-07-16,9831
00948B,中信優息投資級債,69,0,69,元大-四維,2024-07-16,9831
00929,復華台灣科技優息,128,60,68,元大-四維,2024-07-16,9831
2317,鴻海,158,102,56,元大-四維,2024-07-16,9831
2353,宏��,65,17,48,元大-四維,2024-07-16,9831
1608,華榮,71,24,47,元大-四維,2024-07-16,9831
8210,勤誠,57,13,44,元大-四維,2024-07-16,9831
2489,瑞軒,96,54,42,元大-四維,2024-07-16,9831
2312,金寶,99,58,41,元大-四維,2024-07-16,9831
3712,永崴投控,41,1,40,元大-四維,2024-07-16,9831
3260,威剛,40,1,39,元大-四維,2024-07-16,9831
00852L,國泰美國道瓊正2,39,0,39,元大-四維,2024-07-16,9831
6592,和潤企業,40,2,38,元大-四維,2024-07-16,9831
2501,國建,39,4,35,元大-四維,2024-07-16,9831
2449,京元電子,59,27,32,元大-四維,2024-07-16,9831
2365,昆盈,63,31,32,元大-四維,2024-07-16,9831
00950B,凱基A級公司債,31,0,31,元大-四維,2024-07-16,9831
2498,宏達電,30,1,29,元大-四維,2024-07-16,9831
00878,國泰永續高股息,44,15,29,元大-四維,2024-07-16,9831
00936,台新永續高息中小,29,0,29,元大-四維,2024-07-16,9831
3481,群創,58,29,29,元大-四維,2024-07-16,9831
1513,中興電,97,69,28,元大-四維,2024-07-16,9831
2356,英業達,88,60,28,元大-四維,2024-07-16,9831
1785,光洋科,53,26,27,元大-四維,2024-07-16,9831
00650L,復華香港正2,30,3,27,元大-四維,2024-07-16,9831
4526,東台,28,2,26,元大-四維,2024-07-16,9831
2606,裕民,26,0,26,元大-四維,2024-07-16,9831
00680L,元大美債20正2,26,0,26,元大-四維,2024-07-16,9831
4909,新復興,53,29,24,元大-四維,2024-07-16,9831
2610,華航,39,16,23,元大-四維,2024-07-16,9831
1815,富喬,26,3,23,元大-四維,2024-07-16,9831
2897,王道銀行,23,0,23,元大-四維,2024-07-16,9831
2367,燿華,28,6,22,元大-四維,2024-07-16,9831
8054,安國,55,33,22,元大-四維,2024-07-16,9831
1301,台塑,22,0,22,元大-四維,2024-07-16,9831
1314,中石化,60,38,22,元大-四維,2024-07-16,9831
2392,正崴,30,9,21,元大-四維,2024-07-16,9831
2820,華票,21,0,21,元大-四維,2024-07-16,9831
5347,世界,42,21,21,元大-四維,2024-07-16,9831
1905,華紙,22,1,21,元大-四維,2024-07-16,9831
2515,中工,39,18,21,元大-四維,2024-07-16,9831
2641,正德,21,1,20,元大-四維,2024-07-16,9831
00752,中信中國50,20,0,20,元大-四維,2024-07-16,9831
2618,長榮航,35,16,19,元大-四維,2024-07-16,9831
1540,喬福,31,12,19,元大-四維,2024-07-16,9831
00937B,群益ESG投等債20,363,43,320,元大-四維,2024-07-17,9831
00929,復華台灣科技優息,305,1,304,元大-四維,2024-07-17,9831
2027,大成鋼,177,23,154,元大-四維,2024-07-17,9831
2313,華通,145,0,145,元大-四維,2024-07-17,9831
00919,群益台灣精選高息,139,27,112,元大-四維,2024-07-17,9831
00680L,元大美債20正2,108,1,107,元大-四維,2024-07-17,9831
3231,緯創,145,40,105,元大-四維,2024-07-17,9831
1442,名軒,100,1,99,元大-四維,2024-07-17,9831
0056,元大高股息,106,16,90,元大-四維,2024-07-17,9831
00905,FT臺灣Smart,94,10,84,元大-四維,2024-07-17,9831
2353,宏��,81,2,79,元大-四維,2024-07-17,9831
9945,潤泰新,171,104,67,元大-四維,2024-07-17,9831
00934,中信成長高股息,65,0,65,元大-四維,2024-07-17,9831
00878,國泰永續高股息,61,3,58,元大-四維,2024-07-17,9831
1409,新纖,66,12,54,元大-四維,2024-07-17,9831
2408,南亞科,53,1,52,元大-四維,2024-07-17,9831
2915,潤泰全,56,5,51,元大-四維,2024-07-17,9831
2838,聯邦銀,80,30,50,元大-四維,2024-07-17,9831
3580,友威科,48,1,47,元大-四維,2024-07-17,9831
2330,台積電,60,15,45,元大-四維,2024-07-17,9831
8028,昇陽半導體,55,10,45,元大-四維,2024-07-17,9831
00918,大華優利高填息30,41,0,41,元大-四維,2024-07-17,9831
4906,正文,65,24,41,元大-四維,2024-07-17,9831
00882,中信中國高股息,43,3,40,元大-四維,2024-07-17,9831
00687B,國泰20年美債,44,4,40,元大-四維,2024-07-17,9831
3050,鈺德,41,4,37,元大-四維,2024-07-17,9831
912000,晨訊科-DR,37,0,37,元大-四維,2024-07-17,9831
00936,台新永續高息中小,39,3,36,元大-四維,2024-07-17,9831
6770,力積電,49,15,34,元大-四維,2024-07-17,9831
6116,彩晶,34,2,32,元大-四維,2024-07-17,9831
2449,京元電子,43,11,32,元大-四維,2024-07-17,9831
3294,英濟,49,19,30,元大-四維,2024-07-17,9831
2376,技嘉,33,3,30,元大-四維,2024-07-17,9831
2301,光寶科,39,10,29,元大-四維,2024-07-17,9831
2538,基泰,39,11,28,元大-四維,2024-07-17,9831
2887,台新金,40,12,28,元大-四維,2024-07-17,9831
2892,第一金,30,3,27,元大-四維,2024-07-17,9831
2431,聯昌,31,5,26,元大-四維,2024-07-17,9831
2501,國建,56,30,26,元大-四維,2024-07-17,9831
2891,中信金,42,17,25,元大-四維,2024-07-17,9831
2405,輔信,25,1,24,元大-四維,2024-07-17,9831
8390,金益鼎,31,8,23,元大-四維,2024-07-17,9831
00881,國泰台灣5G+,23,0,23,元大-四維,2024-07-17,9831
1806,冠軍,95,73,22,元大-四維,2024-07-17,9831
2610,華航,44,22,22,元大-四維,2024-07-17,9831
2834,臺企銀,22,0,22,元大-四維,2024-07-17,9831
00949,復華日本龍頭,23,1,22,元大-四維,2024-07-17,9831
8089,康全電訊,20,0,20,元大-四維,2024-07-17,9831
5222,全訊,23,3,20,元大-四維,2024-07-17,9831
2323,中環,118,100,18,元大-四維,2024-07-17,9831
00929,復華台灣科技優息,492,18,474,元大-四維,2024-07-18,9831
2002,中鋼,362,32,330,元大-四維,2024-07-18,9831
2356,英業達,214,13,201,元大-四維,2024-07-18,9831
00919,群益台灣精選高息,208,14,194,元大-四維,2024-07-18,9831
00946,群益科技高息成長,181,13,168,元大-四維,2024-07-18,9831
2317,鴻海,202,48,154,元大-四維,2024-07-18,9831
3380,明泰,148,7,141,元大-四維,2024-07-18,9831
00934,中信成長高股息,111,5,106,元大-四維,2024-07-18,9831
2883,凱基金,108,15,93,元大-四維,2024-07-18,9831
00918,大華優利高填息30,111,27,84,元大-四維,2024-07-18,9831
00878,國泰永續高股息,106,31,75,元大-四維,2024-07-18,9831
3231,緯創,85,12,73,元大-四維,2024-07-18,9831
0056,元大高股息,104,37,67,元大-四維,2024-07-18,9831
00937B,群益ESG投等債20,86,19,67,元大-四維,2024-07-18,9831
00881,國泰台灣5G+,72,15,57,元大-四維,2024-07-18,9831
2609,陽明,59,6,53,元大-四維,2024-07-18,9831
00949,復華日本龍頭,52,0,52,元大-四維,2024-07-18,9831
2382,廣達,45,4,41,元大-四維,2024-07-18,9831
2449,京元電子,44,6,38,元大-四維,2024-07-18,9831
2330,台積電,77,41,36,元大-四維,2024-07-18,9831
2444,兆勁,33,0,33,元大-四維,2024-07-18,9831
00725B,國泰投資級公司債,33,0,33,元大-四維,2024-07-18,9831
3481,群創,165,133,32,元大-四維,2024-07-18,9831
5608,四維航,34,2,32,元大-四維,2024-07-18,9831
2887,台新金,100,68,32,元大-四維,2024-07-18,9831
00936,台新永續高息中小,32,0,32,元大-四維,2024-07-18,9831
00715L,期街口布蘭特正2,30,0,30,元大-四維,2024-07-18,9831
4306,炎洲,33,3,30,元大-四維,2024-07-18,9831
3294,英濟,52,25,27,元大-四維,2024-07-18,9831
2820,華票,47,20,27,元大-四維,2024-07-18,9831
4912,聯德控股-KY,24,0,24,元大-四維,2024-07-18,9831
8054,安國,29,5,24,元大-四維,2024-07-18,9831
00927,群益半導體收益,29,5,24,元大-四維,2024-07-18,9831
2867,三商壽,22,0,22,元大-四維,2024-07-18,9831
3715,定穎投控,22,0,22,元大-四維,2024-07-18,9831
00830,國泰費城半導體,28,7,21,元大-四維,2024-07-18,9831
6486,互動,21,0,21,元大-四維,2024-07-18,9831
00712,復華富時不動產,37,16,21,元大-四維,2024-07-18,9831
2312,金寶,24,4,20,元大-四維,2024-07-18,9831
3189,景碩,50,30,20,元大-四維,2024-07-18,9831
1402,遠東新,20,0,20,元大-四維,2024-07-18,9831
9105,泰金寶-DR,57,37,20,元大-四維,2024-07-18,9831
1617,榮星,20,0,20,元大-四維,2024-07-18,9831
00935,野村臺灣新科技50,20,0,20,元大-四維,2024-07-18,9831
2427,三商電,25,6,19,元大-四維,2024-07-18,9831
6770,力積電,35,16,19,元大-四維,2024-07-18,9831
3037,欣興,239,221,18,元大-四維,2024-07-18,9831
3167,大量,18,0,18,元大-四維,2024-07-18,9831
1312,國喬,18,1,17,元大-四維,2024-07-18,9831
2610,華航,26,10,16,元大-四維,2024-07-18,9831
00940,元大台灣價值高息,464,135,329,元大-四維,2024-07-19,9831
2883,凱基金,305,24,281,元大-四維,2024-07-19,9831
00929,復華台灣科技優息,368,90,278,元大-四維,2024-07-19,9831
00919,群益台灣精選高息,282,12,270,元大-四維,2024-07-19,9831
2882,國泰金,226,9,217,元大-四維,2024-07-19,9831
2838,聯邦銀,210,0,210,元大-四維,2024-07-19,9831
2887,台新金,211,15,196,元大-四維,2024-07-19,9831
1301,台塑,181,8,173,元大-四維,2024-07-19,9831
2888,新光金,180,20,160,元大-四維,2024-07-19,9831
6505,台塑化,136,1,135,元大-四維,2024-07-19,9831
2881,富邦金,146,19,127,元大-四維,2024-07-19,9831
2845,遠東銀,111,3,108,元大-四維,2024-07-19,9831
0056,元大高股息,126,22,104,元大-四維,2024-07-19,9831
1611,中電,115,12,103,元大-四維,2024-07-19,9831
2891,中信金,125,25,100,元大-四維,2024-07-19,9831
2371,大同,108,9,99,元大-四維,2024-07-19,9831
3058,立德,90,0,90,元大-四維,2024-07-19,9831
1314,中石化,162,82,80,元大-四維,2024-07-19,9831
2312,金寶,99,20,79,元大-四維,2024-07-19,9831
00937B,群益ESG投等債20,110,35,75,元大-四維,2024-07-19,9831
2330,台積電,110,40,70,元大-四維,2024-07-19,9831
8936,國統,102,32,70,元大-四維,2024-07-19,9831
00918,大華優利高填息30,84,15,69,元大-四維,2024-07-19,9831
00934,中信成長高股息,74,6,68,元大-四維,2024-07-19,9831
00945B,凱基美國非投等債,65,0,65,元大-四維,2024-07-19,9831
3037,欣興,102,46,56,元大-四維,2024-07-19,9831
3380,明泰,70,16,54,元大-四維,2024-07-19,9831
00665L,富邦�琤肭磪囓�2,73,21,52,元大-四維,2024-07-19,9831
4306,炎洲,53,4,49,元大-四維,2024-07-19,9831
2337,旺宏,43,0,43,元大-四維,2024-07-19,9831
3149,正達,43,0,43,元大-四維,2024-07-19,9831
1303,南亞,45,2,43,元大-四維,2024-07-19,9831
1101,台泥,66,24,42,元大-四維,2024-07-19,9831
3231,緯創,55,14,41,元大-四維,2024-07-19,9831
2353,宏��,54,13,41,元大-四維,2024-07-19,9831
5515,建國,40,0,40,元大-四維,2024-07-19,9831
1447,力鵬,61,24,37,元大-四維,2024-07-19,9831
00650L,復華香港正2,37,0,37,元大-四維,2024-07-19,9831
00878,國泰永續高股息,84,48,36,元大-四維,2024-07-19,9831
1785,光洋科,68,32,36,元大-四維,2024-07-19,9831
1815,富喬,53,18,35,元大-四維,2024-07-19,9831
00936,台新永續高息中小,43,9,34,元大-四維,2024-07-19,9831
2014,中鴻,35,1,34,元大-四維,2024-07-19,9831
1905,華紙,34,0,34,元大-四維,2024-07-19,9831
3714,富采,38,5,33,元大-四維,2024-07-19,9831
2606,裕民,32,1,31,元大-四維,2024-07-19,9831
2365,昆盈,121,90,31,元大-四維,2024-07-19,9831
5608,四維航,33,2,31,元大-四維,2024-07-19,9831
2376,技嘉,36,6,30,元大-四維,2024-07-19,9831
2603,長榮,41,11,30,元大-四維,2024-07-19,9831
00929,復華台灣科技優息,687,168,519,元大-四維,2024-07-22,9831
3481,群創,444,116,328,元大-四維,2024-07-22,9831
2603,長榮,336,8,328,元大-四維,2024-07-22,9831
00919,群益台灣精選高息,348,70,278,元大-四維,2024-07-22,9831
1584,精剛,258,10,248,元大-四維,2024-07-22,9831
2409,友達,230,11,219,元大-四維,2024-07-22,9831
00918,大華優利高填息30,195,0,195,元大-四維,2024-07-22,9831
2303,聯電,154,35,119,元大-四維,2024-07-22,9831
00687B,國泰20年美債,117,6,111,元大-四維,2024-07-22,9831
2317,鴻海,218,116,102,元大-四維,2024-07-22,9831
00946,群益科技高息成長,96,0,96,元大-四維,2024-07-22,9831
00947,台新臺灣IC設計,80,0,80,元大-四維,2024-07-22,9831
2356,英業達,95,24,71,元大-四維,2024-07-22,9831
00934,中信成長高股息,128,65,63,元大-四維,2024-07-22,9831
8473,山林水,115,57,58,元大-四維,2024-07-22,9831
5880,合庫金,53,9,44,元大-四維,2024-07-22,9831
00725B,國泰投資級公司債,56,12,44,元大-四維,2024-07-22,9831
8064,東捷,49,6,43,元大-四維,2024-07-22,9831
1301,台塑,49,8,41,元大-四維,2024-07-22,9831
5515,建國,40,0,40,元大-四維,2024-07-22,9831
00935,野村臺灣新科技50,39,0,39,元大-四維,2024-07-22,9831
0056,元大高股息,90,50,40,元大-四維,2024-07-22,9831
2014,中鴻,72,35,37,元大-四維,2024-07-22,9831
2352,佳世達,39,2,37,元大-四維,2024-07-22,9831
9904,寶成,35,0,35,元大-四維,2024-07-22,9831
1905,華紙,35,0,35,元大-四維,2024-07-22,9831
3714,富采,33,0,33,元大-四維,2024-07-22,9831
00878,國泰永續高股息,87,55,32,元大-四維,2024-07-22,9831
2891,中信金,51,19,32,元大-四維,2024-07-22,9831
2330,台積電,87,55,32,元大-四維,2024-07-22,9831
1609,大亞,63,33,30,元大-四維,2024-07-22,9831
2892,第一金,41,13,28,元大-四維,2024-07-22,9831
2367,燿華,52,25,27,元大-四維,2024-07-22,9831
00720B,元大投資級公司債,36,10,26,元大-四維,2024-07-22,9831
00939,統一台灣高息動能,36,10,26,元大-四維,2024-07-22,9831
00881,國泰台灣5G+,58,33,25,元大-四維,2024-07-22,9831
00936,台新永續高息中小,34,9,25,元大-四維,2024-07-22,9831
5009,榮剛,23,0,23,元大-四維,2024-07-22,9831
2885,元大金,24,2,22,元大-四維,2024-07-22,9831
2349,錸德,23,1,22,元大-四維,2024-07-22,9831
3706,神達,29,7,22,元大-四維,2024-07-22,9831
3149,正達,22,0,22,元大-四維,2024-07-22,9831
1611,中電,36,14,22,元大-四維,2024-07-22,9831
00927,群益半導體收益,22,0,22,元大-四維,2024-07-22,9831
6288,聯嘉,21,0,21,元大-四維,2024-07-22,9831
6189,豐藝,22,2,20,元大-四維,2024-07-22,9831
00857B,永豐20年美公債,20,0,20,元大-四維,2024-07-22,9831
2820,華票,20,0,20,元大-四維,2024-07-22,9831
3019,亞光,21,1,20,元大-四維,2024-07-22,9831
3338,泰碩,30,11,19,元大-四維,2024-07-22,9831
2312,金寶,317,47,270,元大-四維,2024-07-23,9831
2409,友達,235,8,227,元大-四維,2024-07-23,9831
00937B,群益ESG投等債20,225,1,224,元大-四維,2024-07-23,9831
2888,新光金,225,5,220,元大-四維,2024-07-23,9831
00929,復華台灣科技優息,198,30,168,元大-四維,2024-07-23,9831
00919,群益台灣精選高息,129,3,126,元大-四維,2024-07-23,9831
3481,群創,195,70,125,元大-四維,2024-07-23,9831
00725B,國泰投資級公司債,105,0,105,元大-四維,2024-07-23,9831
2367,燿華,114,13,101,元大-四維,2024-07-23,9831
8064,東捷,106,5,101,元大-四維,2024-07-23,9831
2867,三商壽,84,1,83,元大-四維,2024-07-23,9831
00878,國泰永續高股息,88,8,80,元大-四維,2024-07-23,9831
4903,聯光通,79,0,79,元大-四維,2024-07-23,9831
2353,宏��,84,17,67,元大-四維,2024-07-23,9831
2014,中鴻,57,1,56,元大-四維,2024-07-23,9831
1301,台塑,51,0,51,元大-四維,2024-07-23,9831
3163,波若威,58,8,50,元大-四維,2024-07-23,9831
2408,南亞科,54,5,49,元大-四維,2024-07-23,9831
00918,大華優利高填息30,55,9,46,元大-四維,2024-07-23,9831
1608,華榮,50,10,40,元大-四維,2024-07-23,9831
00934,中信成長高股息,40,1,39,元大-四維,2024-07-23,9831
00948B,中信優息投資級債,38,1,37,元大-四維,2024-07-23,9831
00679B,元大美債20年,39,3,36,元大-四維,2024-07-23,9831
0056,元大高股息,37,2,35,元大-四維,2024-07-23,9831
00946,群益科技高息成長,31,0,31,元大-四維,2024-07-23,9831
3363,上詮,30,0,30,元大-四維,2024-07-23,9831
1513,中興電,46,17,29,元大-四維,2024-07-23,9831
2801,彰銀,34,6,28,元大-四維,2024-07-23,9831
3706,神達,29,1,28,元大-四維,2024-07-23,9831
2543,皇昌,42,15,27,元大-四維,2024-07-23,9831
2414,精技,25,0,25,元大-四維,2024-07-23,9831
2349,錸德,34,10,24,元大-四維,2024-07-23,9831
2107,厚生,24,0,24,元大-四維,2024-07-23,9831
1314,中石化,50,27,23,元大-四維,2024-07-23,9831
3617,碩天,22,0,22,元大-四維,2024-07-23,9831
5508,永信建,39,18,21,元大-四維,2024-07-23,9831
1708,東鹼,27,6,21,元大-四維,2024-07-23,9831
6449,鈺邦,51,30,21,元大-四維,2024-07-23,9831
4909,新復興,22,2,20,元大-四維,2024-07-23,9831
00881,國泰台灣5G+,31,12,19,元大-四維,2024-07-23,9831
4961,天鈺,20,1,19,元大-四維,2024-07-23,9831
2359,所羅門,29,11,18,元大-四維,2024-07-23,9831
6770,力積電,18,0,18,元大-四維,2024-07-23,9831
2812,台中銀,17,0,17,元大-四維,2024-07-23,9831
00933B,國泰10Y+金融債,17,0,17,元大-四維,2024-07-23,9831
2891,中信金,28,11,17,元大-四維,2024-07-23,9831
5534,長虹,17,1,16,元大-四維,2024-07-23,9831
2609,陽明,45,29,16,元大-四維,2024-07-23,9831
6890,來億-KY,16,0,16,元大-四維,2024-07-23,9831
1609,大亞,30,15,15,元大-四維,2024-07-23,9831
2838,聯邦銀,352,0,352,元大-四維,2024-07-26,9831
00929,復華台灣科技優息,346,20,326,元大-四維,2024-07-26,9831
00937B,群益ESG投等債20,182,0,182,元大-四維,2024-07-26,9831
00919,群益台灣精選高息,213,37,176,元大-四維,2024-07-26,9831
2002,中鋼,176,1,175,元大-四維,2024-07-26,9831
2884,玉山金,161,0,161,元大-四維,2024-07-26,9831
2891,中信金,171,14,157,元大-四維,2024-07-26,9831
9105,泰金寶-DR,175,37,138,元大-四維,2024-07-26,9831
00878,國泰永續高股息,127,4,123,元大-四維,2024-07-26,9831
00946,群益科技高息成長,123,6,117,元大-四維,2024-07-26,9831
00934,中信成長高股息,142,43,99,元大-四維,2024-07-26,9831
2330,台積電,121,30,91,元大-四維,2024-07-26,9831
2317,鴻海,157,67,90,元大-四維,2024-07-26,9831
3013,晟銘電,108,20,88,元大-四維,2024-07-26,9831
0056,元大高股息,87,1,86,元大-四維,2024-07-26,9831
2888,新光金,119,40,79,元大-四維,2024-07-26,9831
1314,中石化,259,197,62,元大-四維,2024-07-26,9831
2524,京城,70,13,57,元大-四維,2024-07-26,9831
00948B,中信優息投資級債,55,0,55,元大-四維,2024-07-26,9831
2915,潤泰全,56,3,53,元大-四維,2024-07-26,9831
2014,中鴻,51,0,51,元大-四維,2024-07-26,9831
3711,日月光投控,48,1,47,元大-四維,2024-07-26,9831
1110,東泥,49,3,46,元大-四維,2024-07-26,9831
5880,合庫金,64,19,45,元大-四維,2024-07-26,9831
00918,大華優利高填息30,44,0,44,元大-四維,2024-07-26,9831
2885,元大金,43,0,43,元大-四維,2024-07-26,9831
2356,英業達,43,2,41,元大-四維,2024-07-26,9831
00637L,元大滬深300正2,45,5,40,元大-四維,2024-07-26,9831
2408,南亞科,40,1,39,元大-四維,2024-07-26,9831
6288,聯嘉,37,0,37,元大-四維,2024-07-26,9831
1312,國喬,56,20,36,元大-四維,2024-07-26,9831
3663,鑫科,55,19,36,元大-四維,2024-07-26,9831
3701,大眾控,30,0,30,元大-四維,2024-07-26,9831
00665L,富邦�琤肭磪囓�2,30,0,30,元大-四維,2024-07-26,9831
2834,臺企銀,29,0,29,元大-四維,2024-07-26,9831
2801,彰銀,28,0,28,元大-四維,2024-07-26,9831
2382,廣達,33,5,28,元大-四維,2024-07-26,9831
00936,台新永續高息中小,27,0,27,元大-四維,2024-07-26,9831
5608,四維航,27,0,27,元大-四維,2024-07-26,9831
6505,台塑化,27,0,27,元大-四維,2024-07-26,9831
8937,合騏,28,1,27,元大-四維,2024-07-26,9831
1101,台泥,45,18,27,元大-四維,2024-07-26,9831
00881,國泰台灣5G+,28,2,26,元大-四維,2024-07-26,9831
2537,聯上發,27,1,26,元大-四維,2024-07-26,9831
00712,復華富時不動產,28,3,25,元大-四維,2024-07-26,9831
2352,佳世達,25,0,25,元大-四維,2024-07-26,9831
00753L,中信中國50正2,31,6,25,元大-四維,2024-07-26,9831
6126,信音,25,1,24,元大-四維,2024-07-26,9831
1584,精剛,23,0,23,元大-四維,2024-07-26,9831
2362,藍天,21,0,21,元大-四維,2024-07-26,9831
00929,復華台灣科技優息,312,42,270,元大-四維,2024-07-29,9831
00940,元大台灣價值高息,468,210,258,元大-四維,2024-07-29,9831
00688L,國泰20年美債正2,201,1,200,元大-四維,2024-07-29,9831
00919,群益台灣精選高息,179,20,159,元大-四維,2024-07-29,9831
3481,群創,146,13,133,元大-四維,2024-07-29,9831
2884,玉山金,106,0,106,元大-四維,2024-07-29,9831
6288,聯嘉,105,0,105,元大-四維,2024-07-29,9831
1618,合機,102,0,102,元大-四維,2024-07-29,9831
2101,南港,104,7,97,元大-四維,2024-07-29,9831
2881,富邦金,92,11,81,元大-四維,2024-07-29,9831
00878,國泰永續高股息,77,3,74,元大-四維,2024-07-29,9831
8358,金居,67,0,67,元大-四維,2024-07-29,9831
2845,遠東銀,60,0,60,元大-四維,2024-07-29,9831
8054,安國,93,33,60,元大-四維,2024-07-29,9831
2838,聯邦銀,60,0,60,元大-四維,2024-07-29,9831
3037,欣興,79,20,59,元大-四維,2024-07-29,9831
2356,英業達,73,15,58,元大-四維,2024-07-29,9831
6451,訊芯-KY,52,1,51,元大-四維,2024-07-29,9831
2537,聯上發,115,64,51,元大-四維,2024-07-29,9831
020028,元大特選電動車N,40,0,40,元大-四維,2024-07-29,9831
0056,元大高股息,65,26,39,元大-四維,2024-07-29,9831
00891,中信關鍵半導體,35,0,35,元大-四維,2024-07-29,9831
9945,潤泰新,109,78,31,元大-四維,2024-07-29,9831
9105,泰金寶-DR,43,14,29,元大-四維,2024-07-29,9831
00934,中信成長高股息,30,1,29,元大-四維,2024-07-29,9831
2609,陽明,53,25,28,元大-四維,2024-07-29,9831
3209,全科,27,0,27,元大-四維,2024-07-29,9831
2834,臺企銀,36,10,26,元大-四維,2024-07-29,9831
00946,群益科技高息成長,27,2,25,元大-四維,2024-07-29,9831
00951,台新日本半導體,35,10,25,元大-四維,2024-07-29,9831
5608,四維航,25,0,25,元大-四維,2024-07-29,9831
6770,力積電,25,1,24,元大-四維,2024-07-29,9831
00632R,元大台灣50反1,75,51,24,元大-四維,2024-07-29,9831
1609,大亞,40,16,24,元大-四維,2024-07-29,9831
1513,中興電,33,11,22,元大-四維,2024-07-29,9831
5519,隆大,24,3,21,元大-四維,2024-07-29,9831
2025,千興,20,0,20,元大-四維,2024-07-29,9831
2376,技嘉,32,13,19,元大-四維,2024-07-29,9831
4128,中天,23,5,18,元大-四維,2024-07-29,9831
1608,華榮,41,23,18,元大-四維,2024-07-29,9831
2002,中鋼,38,21,17,元大-四維,2024-07-29,9831
2739,寒舍,17,0,17,元大-四維,2024-07-29,9831
2324,仁寶,21,4,17,元大-四維,2024-07-29,9831
2353,宏��,34,18,16,元大-四維,2024-07-29,9831
6841,長佳智能,18,2,16,元大-四維,2024-07-29,9831
3057,喬鼎,14,0,14,元大-四維,2024-07-29,9831
2543,皇昌,22,8,14,元大-四維,2024-07-29,9831
2812,台中銀,15,1,14,元大-四維,2024-07-29,9831
3522,御嵿,14,1,13,元大-四維,2024-07-29,9831
912000,晨訊科-DR,13,0,13,元大-四維,2024-07-29,9831
00940,元大台灣價值高息,582,75,507,元大-四維,2024-07-30,9831
00715L,期街口布蘭特正2,320,0,320,元大-四維,2024-07-30,9831
00929,復華台灣科技優息,279,94,185,元大-四維,2024-07-30,9831
1785,光洋科,111,7,104,元大-四維,2024-07-30,9831
00937B,群益ESG投等債20,95,2,93,元大-四維,2024-07-30,9831
00878,國泰永續高股息,94,11,83,元大-四維,2024-07-30,9831
00919,群益台灣精選高息,85,17,68,元大-四維,2024-07-30,9831
3189,景碩,77,16,61,元大-四維,2024-07-30,9831
2838,聯邦銀,60,0,60,元大-四維,2024-07-30,9831
0056,元大高股息,63,4,59,元大-四維,2024-07-30,9831
00680L,元大美債20正2,52,0,52,元大-四維,2024-07-30,9831
2344,華邦電,53,2,51,元大-四維,2024-07-30,9831
00946,群益科技高息成長,76,25,51,元大-四維,2024-07-30,9831
2897A,王道銀甲特,48,0,48,元大-四維,2024-07-30,9831
1806,冠軍,48,0,48,元大-四維,2024-07-30,9831
2891,中信金,83,37,46,元大-四維,2024-07-30,9831
2881,富邦金,40,1,39,元大-四維,2024-07-30,9831
00934,中信成長高股息,76,39,37,元大-四維,2024-07-30,9831
3019,亞光,38,3,35,元大-四維,2024-07-30,9831
1471,首利,30,0,30,元大-四維,2024-07-30,9831
1714,和桐,30,0,30,元大-四維,2024-07-30,9831
6505,台塑化,30,1,29,元大-四維,2024-07-30,9831
2354,鴻準,28,0,28,元大-四維,2024-07-30,9831
2303,聯電,40,13,27,元大-四維,2024-07-30,9831
6288,聯嘉,27,0,27,元大-四維,2024-07-30,9831
00706L,期元大S＆P日圓正2,30,3,27,元大-四維,2024-07-30,9831
2884,玉山金,30,3,27,元大-四維,2024-07-30,9831
3481,群創,69,43,26,元大-四維,2024-07-30,9831
00637L,元大滬深300正2,42,17,25,元大-四維,2024-07-30,9831
1905,華紙,25,0,25,元大-四維,2024-07-30,9831
00892,富邦台灣半導體,25,2,23,元大-四維,2024-07-30,9831
00931B,統一美債20年,24,2,22,元大-四維,2024-07-30,9831
00936,台新永續高息中小,24,3,21,元大-四維,2024-07-30,9831
2836,高雄銀,26,5,21,元大-四維,2024-07-30,9831
3022,威強電,21,0,21,元大-四維,2024-07-30,9831
2609,陽明,47,27,20,元大-四維,2024-07-30,9831
3211,順達,23,3,20,元大-四維,2024-07-30,9831
00650L,復華香港正2,20,0,20,元大-四維,2024-07-30,9831
2364,倫飛,20,0,20,元大-四維,2024-07-30,9831
00933B,國泰10Y+金融債,18,0,18,元大-四維,2024-07-30,9831
1314,中石化,123,107,16,元大-四維,2024-07-30,9831
2610,華航,16,0,16,元大-四維,2024-07-30,9831
2442,新美齊,26,12,14,元大-四維,2024-07-30,9831
00918,大華優利高填息30,24,10,14,元大-四維,2024-07-30,9831
4919,新唐,13,0,13,元大-四維,2024-07-30,9831
2405,輔信,13,0,13,元大-四維,2024-07-30,9831
00665L,富邦�琤肭磪囓�2,13,0,13,元大-四維,2024-07-30,9831
4903,聯光通,14,1,13,元大-四維,2024-07-30,9831
00753L,中信中國50正2,13,0,13,元大-四維,2024-07-30,9831
00945B,凱基美國非投等債,13,0,13,元大-四維,2024-07-30,9831
2312,金寶,468,109,359,元大-四維,2024-07-31,9831
00937B,群益ESG投等債20,263,10,253,元大-四維,2024-07-31,9831
00632R,元大台灣50反1,140,0,140,元大-四維,2024-07-31,9831
2524,京城,134,10,124,元大-四維,2024-07-31,9831
2609,陽明,167,48,119,元大-四維,2024-07-31,9831
00929,復華台灣科技優息,150,46,104,元大-四維,2024-07-31,9831
00940,元大台灣價值高息,143,41,102,元大-四維,2024-07-31,9831
00688L,國泰20年美債正2,100,0,100,元大-四維,2024-07-31,9831
00919,群益台灣精選高息,66,0,66,元大-四維,2024-07-31,9831
3037,欣興,72,11,61,元大-四維,2024-07-31,9831
3105,穩懋,44,4,40,元大-四維,2024-07-31,9831
0056,元大高股息,39,0,39,元大-四維,2024-07-31,9831
00680L,元大美債20正2,44,6,38,元大-四維,2024-07-31,9831
00712,復華富時不動產,44,6,38,元大-四維,2024-07-31,9831
5508,永信建,45,9,36,元大-四維,2024-07-31,9831
00878,國泰永續高股息,36,2,34,元大-四維,2024-07-31,9831
6126,信音,42,8,34,元大-四維,2024-07-31,9831
912000,晨訊科-DR,36,5,31,元大-四維,2024-07-31,9831
2838,聯邦銀,40,10,30,元大-四維,2024-07-31,9831
2031,新光鋼,30,1,29,元大-四維,2024-07-31,9831
3455,由田,27,1,26,元大-四維,2024-07-31,9831
2836,高雄銀,25,0,25,元大-四維,2024-07-31,9831
2537,聯上發,30,5,25,元大-四維,2024-07-31,9831
00927,群益半導體收益,24,0,24,元大-四維,2024-07-31,9831
2834,臺企銀,26,3,23,元大-四維,2024-07-31,9831
00939,統一台灣高息動能,24,1,23,元大-四維,2024-07-31,9831
3047,訊舟,97,75,22,元大-四維,2024-07-31,9831
5608,四維航,22,0,22,元大-四維,2024-07-31,9831
2330,台積電,43,22,21,元大-四維,2024-07-31,9831
3189,景碩,24,4,20,元大-四維,2024-07-31,9831
2820,華票,20,0,20,元大-四維,2024-07-31,9831
00795B,中信美國公債20年,22,2,20,元大-四維,2024-07-31,9831
00679B,元大美債20年,27,10,17,元大-四維,2024-07-31,9831
3035,智原,22,6,16,元大-四維,2024-07-31,9831
5347,世界,17,2,15,元大-四維,2024-07-31,9831
2520,冠德,19,4,15,元大-四維,2024-07-31,9831
00946,群益科技高息成長,17,2,15,元大-四維,2024-07-31,9831
6219,富旺,14,0,14,元大-四維,2024-07-31,9831
6693,廣閎科,14,0,14,元大-四維,2024-07-31,9831
2409,友達,36,22,14,元大-四維,2024-07-31,9831
2393,億光,13,0,13,元大-四維,2024-07-31,9831
6712,長聖,13,0,13,元大-四維,2024-07-31,9831
6239,力成,12,0,12,元大-四維,2024-07-31,9831
2501,國建,12,0,12,元大-四維,2024-07-31,9831
2344,華邦電,17,5,12,元大-四維,2024-07-31,9831
3710,連展投控,12,0,12,元大-四維,2024-07-31,9831
1513,中興電,17,5,12,元大-四維,2024-07-31,9831
00934,中信成長高股息,11,0,11,元大-四維,2024-07-31,9831
3022,威強電,11,0,11,元大-四維,2024-07-31,9831
2867,三商壽,11,0,11,元大-四維,2024-07-31,9831
00937B,群益ESG投等債20,527,17,510,元大-四維,2024-08-01,9831
2515,中工,358,32,326,元大-四維,2024-08-01,9831
00680L,元大美債20正2,369,51,318,元大-四維,2024-08-01,9831
2505,國揚,152,0,152,元大-四維,2024-08-01,9831
2362,藍天,148,12,136,元大-四維,2024-08-01,9831
2312,金寶,382,259,123,元大-四維,2024-08-01,9831
00725B,國泰投資級公司債,100,0,100,元大-四維,2024-08-01,9831
2337,旺宏,414,324,90,元大-四維,2024-08-01,9831
00878,國泰永續高股息,84,14,70,元大-四維,2024-08-01,9831
4174,浩鼎,64,0,64,元大-四維,2024-08-01,9831
2883,凱基金,75,12,63,元大-四維,2024-08-01,9831
2002,中鋼,64,2,62,元大-四維,2024-08-01,9831
00637L,元大滬深300正2,50,0,50,元大-四維,2024-08-01,9831
3481,群創,84,40,44,元大-四維,2024-08-01,9831
00919,群益台灣精選高息,66,23,43,元大-四維,2024-08-01,9831
2357,華碩,53,11,42,元大-四維,2024-08-01,9831
00951,台新日本半導體,47,5,42,元大-四維,2024-08-01,9831
3663,鑫科,67,26,41,元大-四維,2024-08-01,9831
00948B,中信優息投資級債,38,0,38,元大-四維,2024-08-01,9831
0056,元大高股息,50,15,35,元大-四維,2024-08-01,9831
2845,遠東銀,30,0,30,元大-四維,2024-08-01,9831
6189,豐藝,40,10,30,元大-四維,2024-08-01,9831
2884,玉山金,37,9,28,元大-四維,2024-08-01,9831
3712,永崴投控,30,5,25,元大-四維,2024-08-01,9831
3051,力特,23,0,23,元大-四維,2024-08-01,9831
5515,建國,41,18,23,元大-四維,2024-08-01,9831
2349,錸德,164,142,22,元大-四維,2024-08-01,9831
6239,力成,21,0,21,元大-四維,2024-08-01,9831
2409,友達,43,26,17,元大-四維,2024-08-01,9831
1101,台泥,27,10,17,元大-四維,2024-08-01,9831
00881,國泰台灣5G+,19,2,17,元大-四維,2024-08-01,9831
1216,統一,19,3,16,元大-四維,2024-08-01,9831
3535,晶彩科,56,40,16,元大-四維,2024-08-01,9831
00934,中信成長高股息,24,8,16,元大-四維,2024-08-01,9831
3455,由田,17,2,15,元大-四維,2024-08-01,9831
2547,日勝生,16,1,15,元大-四維,2024-08-01,9831
8927,北基,19,5,14,元大-四維,2024-08-01,9831
3047,訊舟,32,18,14,元大-四維,2024-08-01,9831
2405,輔信,14,1,13,元大-四維,2024-08-01,9831
2363,矽統,60,47,13,元大-四維,2024-08-01,9831
2344,華邦電,33,21,12,元大-四維,2024-08-01,9831
6257,矽格,12,0,12,元大-四維,2024-08-01,9831
2809,京城銀,12,0,12,元大-四維,2024-08-01,9831
2867,三商壽,12,0,12,元大-四維,2024-08-01,9831
8432,東生華,12,0,12,元大-四維,2024-08-01,9831
1540,喬福,23,11,12,元大-四維,2024-08-01,9831
4960,誠美材,12,0,12,元大-四維,2024-08-01,9831
00949,復華日本龍頭,12,0,12,元大-四維,2024-08-01,9831
2383,台光電,14,3,11,元大-四維,2024-08-01,9831
2812,台中銀,13,2,11,元大-四維,2024-08-01,9831
00940,元大台灣價值高息,1213,77,1136,元大-四維,2024-08-02,9831
00929,復華台灣科技優息,373,27,346,元大-四維,2024-08-02,9831
00878,國泰永續高股息,235,19,216,元大-四維,2024-08-02,9831
00688L,國泰20年美債正2,404,200,204,元大-四維,2024-08-02,9831
00919,群益台灣精選高息,220,16,204,元大-四維,2024-08-02,9831
2317,鴻海,278,77,201,元大-四維,2024-08-02,9831
00679B,元大美債20年,198,35,163,元大-四維,2024-08-02,9831
3037,欣興,132,6,126,元大-四維,2024-08-02,9831
2838,聯邦銀,111,0,111,元大-四維,2024-08-02,9831
00937B,群益ESG投等債20,167,60,107,元大-四維,2024-08-02,9831
4174,浩鼎,106,0,106,元大-四維,2024-08-02,9831
2330,台積電,127,24,103,元大-四維,2024-08-02,9831
3481,群創,185,82,103,元大-四維,2024-08-02,9831
2014,中鴻,88,0,88,元大-四維,2024-08-02,9831
00712,復華富時不動產,84,0,84,元大-四維,2024-08-02,9831
00881,國泰台灣5G+,75,0,75,元大-四維,2024-08-02,9831
1316,上曜,120,49,71,元大-四維,2024-08-02,9831
2365,昆盈,136,67,69,元大-四維,2024-08-02,9831
2891,中信金,112,48,64,元大-四維,2024-08-02,9831
0056,元大高股息,78,14,64,元大-四維,2024-08-02,9831
4526,東台,66,4,62,元大-四維,2024-08-02,9831
00936,台新永續高息中小,60,2,58,元大-四維,2024-08-02,9831
00946,群益科技高息成長,54,0,54,元大-四維,2024-08-02,9831
2382,廣達,58,6,52,元大-四維,2024-08-02,9831
2349,錸德,154,102,52,元大-四維,2024-08-02,9831
00948B,中信優息投資級債,58,7,51,元大-四維,2024-08-02,9831
2524,京城,124,74,50,元大-四維,2024-08-02,9831
00715L,期街口布蘭特正2,50,0,50,元大-四維,2024-08-02,9831
00664R,國泰臺灣加權反1,50,0,50,元大-四維,2024-08-02,9831
00772B,中信高評級公司債,54,5,49,元大-四維,2024-08-02,9831
00891,中信關鍵半導體,48,0,48,元大-四維,2024-08-02,9831
6122,擎邦,45,1,44,元大-四維,2024-08-02,9831
00949,復華日本龍頭,54,10,44,元大-四維,2024-08-02,9831
3189,景碩,43,2,41,元大-四維,2024-08-02,9831
5515,建國,44,3,41,元大-四維,2024-08-02,9831
6143,振曜,40,0,40,元大-四維,2024-08-02,9831
2834,臺企銀,39,0,39,元大-四維,2024-08-02,9831
00687B,國泰20年美債,56,18,38,元大-四維,2024-08-02,9831
2501,國建,42,5,37,元大-四維,2024-08-02,9831
00680L,元大美債20正2,45,9,36,元大-四維,2024-08-02,9831
00857B,永豐20年美公債,37,1,36,元大-四維,2024-08-02,9831
2886,兆豐金,38,2,36,元大-四維,2024-08-02,9831
2409,友達,36,2,34,元大-四維,2024-08-02,9831
0050,元大台灣50,34,1,33,元大-四維,2024-08-02,9831
3324,雙鴻,39,7,32,元大-四維,2024-08-02,9831
5880,合庫金,50,19,31,元大-四維,2024-08-02,9831
4563,百德,30,0,30,元大-四維,2024-08-02,9831
8064,東捷,108,79,29,元大-四維,2024-08-02,9831
2885,元大金,29,1,28,元大-四維,2024-08-02,9831
00905,FT臺灣Smart,27,0,27,元大-四維,2024-08-02,9831
00940,元大台灣價值高息,1646,335,1311,元大-四維,2024-08-05,9831
00929,復華台灣科技優息,777,364,413,元大-四維,2024-08-05,9831
00878,國泰永續高股息,474,109,365,元大-四維,2024-08-05,9831
1314,中石化,405,103,302,元大-四維,2024-08-05,9831
2409,友達,311,23,288,元大-四維,2024-08-05,9831
00919,群益台灣精選高息,421,200,221,元大-四維,2024-08-05,9831
2838,聯邦銀,210,0,210,元大-四維,2024-08-05,9831
00679B,元大美債20年,237,30,207,元大-四維,2024-08-05,9831
2317,鴻海,373,214,159,元大-四維,2024-08-05,9831
00715L,期街口布蘭特正2,152,4,148,元大-四維,2024-08-05,9831
00936,台新永續高息中小,178,38,140,元大-四維,2024-08-05,9831
2330,台積電,186,52,134,元大-四維,2024-08-05,9831
5880,合庫金,160,28,132,元大-四維,2024-08-05,9831
2801,彰銀,138,20,118,元大-四維,2024-08-05,9831
00680L,元大美債20正2,230,117,113,元大-四維,2024-08-05,9831
2834,臺企銀,111,16,95,元大-四維,2024-08-05,9831
2609,陽明,125,37,88,元大-四維,2024-08-05,9831
3481,群創,319,231,88,元大-四維,2024-08-05,9831
0056,元大高股息,201,116,85,元大-四維,2024-08-05,9831
2014,中鴻,113,31,82,元大-四維,2024-08-05,9831
2897,王道銀行,79,4,75,元大-四維,2024-08-05,9831
00946,群益科技高息成長,77,4,73,元大-四維,2024-08-05,9831
2880,華南金,67,2,65,元大-四維,2024-08-05,9831
00900,富邦特選高股息30,67,4,63,元大-四維,2024-08-05,9831
00706L,期元大S＆P日圓正2,101,39,62,元大-四維,2024-08-05,9831
00712,復華富時不動產,72,12,60,元大-四維,2024-08-05,9831
4903,聯光通,58,0,58,元大-四維,2024-08-05,9831
00881,國泰台灣5G+,73,16,57,元大-四維,2024-08-05,9831
2887,台新金,67,13,54,元大-四維,2024-08-05,9831
1310,台苯,50,0,50,元大-四維,2024-08-05,9831
00764B,群益25年美債,50,0,50,元大-四維,2024-08-05,9831
1785,光洋科,68,23,45,元大-四維,2024-08-05,9831
2303,聯電,110,66,44,元大-四維,2024-08-05,9831
2820,華票,43,0,43,元大-四維,2024-08-05,9831
2344,華邦電,43,2,41,元大-四維,2024-08-05,9831
00951,台新日本半導體,55,14,41,元大-四維,2024-08-05,9831
3037,欣興,54,13,41,元大-四維,2024-08-05,9831
1528,恩德,41,1,40,元大-四維,2024-08-05,9831
1618,合機,41,1,40,元大-四維,2024-08-05,9831
6288,聯嘉,39,0,39,元大-四維,2024-08-05,9831
9945,潤泰新,61,23,38,元大-四維,2024-08-05,9831
2884,玉山金,59,21,38,元大-四維,2024-08-05,9831
9906,欣巴巴,46,10,36,元大-四維,2024-08-05,9831
00923,群益台ESG低碳50,37,1,36,元大-四維,2024-08-05,9831
4402,郡都開發,35,0,35,元大-四維,2024-08-05,9831
2515,中工,33,1,32,元大-四維,2024-08-05,9831
2399,映泰,31,0,31,元大-四維,2024-08-05,9831
9904,寶成,31,0,31,元大-四維,2024-08-05,9831
00950B,凱基A級公司債,30,0,30,元大-四維,2024-08-05,9831
3701,大眾控,30,0,30,元大-四維,2024-08-05,9831
00940,元大台灣價值高息,572,164,408,元大-四維,2024-08-06,9831
2312,金寶,323,73,250,元大-四維,2024-08-06,9831
00632R,元大台灣50反1,379,141,238,元大-四維,2024-08-06,9831
1815,富喬,271,35,236,元大-四維,2024-08-06,9831
2887,台新金,218,0,218,元大-四維,2024-08-06,9831
00680L,元大美債20正2,295,102,193,元大-四維,2024-08-06,9831
00936,台新永續高息中小,146,3,143,元大-四維,2024-08-06,9831
2353,宏��,147,40,107,元大-四維,2024-08-06,9831
00679B,元大美債20年,102,19,83,元大-四維,2024-08-06,9831
00929,復華台灣科技優息,155,81,74,元大-四維,2024-08-06,9831
00637L,元大滬深300正2,80,10,70,元大-四維,2024-08-06,9831
5880,合庫金,147,81,66,元大-四維,2024-08-06,9831
1608,華榮,154,92,62,元大-四維,2024-08-06,9831
2349,錸德,87,28,59,元大-四維,2024-08-06,9831
00664R,國泰臺灣加權反1,80,30,50,元大-四維,2024-08-06,9831
9105,泰金寶-DR,70,21,49,元大-四維,2024-08-06,9831
6288,聯嘉,48,0,48,元大-四維,2024-08-06,9831
00919,群益台灣精選高息,73,27,46,元大-四維,2024-08-06,9831
2409,友達,54,10,44,元大-四維,2024-08-06,9831
2890,永豐金,62,19,43,元大-四維,2024-08-06,9831
3189,景碩,48,6,42,元大-四維,2024-08-06,9831
00945B,凱基美國非投等債,138,96,42,元大-四維,2024-08-06,9831
3019,亞光,50,10,40,元大-四維,2024-08-06,9831
3037,欣興,82,44,38,元大-四維,2024-08-06,9831
2337,旺宏,39,4,35,元大-四維,2024-08-06,9831
3047,訊舟,45,13,32,元大-四維,2024-08-06,9831
2834,臺企銀,60,29,31,元大-四維,2024-08-06,9831
2331,精英,33,2,31,元大-四維,2024-08-06,9831
5508,永信建,41,11,30,元大-四維,2024-08-06,9831
1802,台玻,31,1,30,元大-四維,2024-08-06,9831
2884,玉山金,35,5,30,元大-四維,2024-08-06,9831
0050,元大台灣50,45,16,29,元大-四維,2024-08-06,9831
6127,九豪,29,0,29,元大-四維,2024-08-06,9831
2323,中環,42,14,28,元大-四維,2024-08-06,9831
3481,群創,172,144,28,元大-四維,2024-08-06,9831
6125,廣運,41,13,28,元大-四維,2024-08-06,9831
3701,大眾控,30,2,28,元大-四維,2024-08-06,9831
2838,聯邦銀,80,52,28,元大-四維,2024-08-06,9831
2537,聯上發,33,7,26,元大-四維,2024-08-06,9831
00712,復華富時不動產,37,14,23,元大-四維,2024-08-06,9831
0056,元大高股息,71,48,23,元大-四維,2024-08-06,9831
6770,力積電,32,10,22,元大-四維,2024-08-06,9831
3163,波若威,27,5,22,元大-四維,2024-08-06,9831
6869,雲豹能源,23,3,20,元大-四維,2024-08-06,9831
2547,日勝生,20,0,20,元大-四維,2024-08-06,9831
00715L,期街口布蘭特正2,20,0,20,元大-四維,2024-08-06,9831
2542,興富發,36,17,19,元大-四維,2024-08-06,9831
2520,冠德,19,0,19,元大-四維,2024-08-06,9831
00946,群益科技高息成長,27,9,18,元大-四維,2024-08-06,9831
1536,和大,24,6,18,元大-四維,2024-08-06,9831
00940,元大台灣價值高息,535,338,197,元大-四維,2024-08-07,9831
2603,長榮,210,30,180,元大-四維,2024-08-07,9831
00687B,國泰20年美債,171,12,159,元大-四維,2024-08-07,9831
00715L,期街口布蘭特正2,153,0,153,元大-四維,2024-08-07,9831
2409,友達,166,18,148,元大-四維,2024-08-07,9831
00918,大華優利高填息30,137,21,116,元大-四維,2024-08-07,9831
00632R,元大台灣50反1,242,130,112,元大-四維,2024-08-07,9831
00937B,群益ESG投等債20,157,48,109,元大-四維,2024-08-07,9831
00929,復華台灣科技優息,223,120,103,元大-四維,2024-08-07,9831
2610,華航,107,8,99,元大-四維,2024-08-07,9831
00878,國泰永續高股息,131,41,90,元大-四維,2024-08-07,9831
00679B,元大美債20年,99,27,72,元大-四維,2024-08-07,9831
6213,聯茂,64,3,61,元大-四維,2024-08-07,9831
2834,臺企銀,81,28,53,元大-四維,2024-08-07,9831
2356,英業達,69,17,52,元大-四維,2024-08-07,9831
2515,中工,51,2,49,元大-四維,2024-08-07,9831
6005,群益證,50,2,48,元大-四維,2024-08-07,9831
1101,台泥,48,0,48,元大-四維,2024-08-07,9831
00891,中信關鍵半導體,49,2,47,元大-四維,2024-08-07,9831
00948B,中信優息投資級債,47,0,47,元大-四維,2024-08-07,9831
2331,精英,43,0,43,元大-四維,2024-08-07,9831
3035,智原,51,9,42,元大-四維,2024-08-07,9831
1785,光洋科,69,30,39,元大-四維,2024-08-07,9831
00712,復華富時不動產,43,5,38,元大-四維,2024-08-07,9831
2609,陽明,59,26,33,元大-四維,2024-08-07,9831
2892,第一金,33,0,33,元大-四維,2024-08-07,9831
00951,台新日本半導體,31,0,31,元大-四維,2024-08-07,9831
2382,廣達,45,16,29,元大-四維,2024-08-07,9831
3050,鈺德,27,0,27,元大-四維,2024-08-07,9831
2801,彰銀,36,9,27,元大-四維,2024-08-07,9831
9934,成霖,26,0,26,元大-四維,2024-08-07,9831
2486,一詮,33,8,25,元大-四維,2024-08-07,9831
2915,潤泰全,22,0,22,元大-四維,2024-08-07,9831
00830,國泰費城半導體,22,0,22,元大-四維,2024-08-07,9831
2889,國票金,53,32,21,元大-四維,2024-08-07,9831
2014,中鴻,21,0,21,元大-四維,2024-08-07,9831
2405,輔信,21,1,20,元大-四維,2024-08-07,9831
2421,建準,20,1,19,元大-四維,2024-08-07,9831
00919,群益台灣精選高息,170,152,18,元大-四維,2024-08-07,9831
2618,長榮航,28,10,18,元大-四維,2024-08-07,9831
2888,新光金,25,7,18,元大-四維,2024-08-07,9831
2444,兆勁,17,0,17,元大-四維,2024-08-07,9831
00680L,元大美債20正2,64,48,16,元大-四維,2024-08-07,9831
1220,台榮,16,0,16,元大-四維,2024-08-07,9831
2408,南亞科,22,7,15,元大-四維,2024-08-07,9831
6275,元山,15,0,15,元大-四維,2024-08-07,9831
2454,聯發科,16,1,15,元大-四維,2024-08-07,9831
00933B,國泰10Y+金融債,16,2,14,元大-四維,2024-08-07,9831
00923,群益台ESG低碳50,13,0,13,元大-四維,2024-08-07,9831
2527,宏璟,99,87,12,元大-四維,2024-08-07,9831
00929,復華台灣科技優息,255,1,254,元大-四維,2024-08-08,9831
2888,新光金,155,12,143,元大-四維,2024-08-08,9831
00878,國泰永續高股息,126,5,121,元大-四維,2024-08-08,9831
2892,第一金,112,0,112,元大-四維,2024-08-08,9831
00940,元大台灣價值高息,174,66,108,元大-四維,2024-08-08,9831
00937B,群益ESG投等債20,268,166,102,元大-四維,2024-08-08,9831
3047,訊舟,116,26,90,元大-四維,2024-08-08,9831
00946,群益科技高息成長,102,13,89,元大-四維,2024-08-08,9831
2886,兆豐金,88,1,87,元大-四維,2024-08-08,9831
00679B,元大美債20年,105,19,86,元大-四維,2024-08-08,9831
00632R,元大台灣50反1,97,18,79,元大-四維,2024-08-08,9831
6213,聯茂,83,7,76,元大-四維,2024-08-08,9831
2014,中鴻,71,0,71,元大-四維,2024-08-08,9831
2317,鴻海,222,151,71,元大-四維,2024-08-08,9831
00919,群益台灣精選高息,76,10,66,元大-四維,2024-08-08,9831
2834,臺企銀,75,10,65,元大-四維,2024-08-08,9831
8064,東捷,96,35,61,元大-四維,2024-08-08,9831
00948B,中信優息投資級債,59,0,59,元大-四維,2024-08-08,9831
2884,玉山金,62,10,52,元大-四維,2024-08-08,9831
00881,國泰台灣5G+,63,12,51,元大-四維,2024-08-08,9831
00725B,國泰投資級公司債,50,0,50,元大-四維,2024-08-08,9831
5880,合庫金,63,25,38,元大-四維,2024-08-08,9831
2603,長榮,39,2,37,元大-四維,2024-08-08,9831
1314,中石化,197,160,37,元大-四維,2024-08-08,9831
6770,力積電,42,6,36,元大-四維,2024-08-08,9831
1301,台塑,47,12,35,元大-四維,2024-08-08,9831
0056,元大高股息,38,4,34,元大-四維,2024-08-08,9831
9904,寶成,33,1,32,元大-四維,2024-08-08,9831
2615,萬海,95,66,29,元大-四維,2024-08-08,9831
6282,康舒,35,6,29,元大-四維,2024-08-08,9831
2845,遠東銀,25,0,25,元大-四維,2024-08-08,9831
3481,群創,31,6,25,元大-四維,2024-08-08,9831
4958,臻鼎-KY,23,1,22,元大-四維,2024-08-08,9831
4564,元翎,26,4,22,元大-四維,2024-08-08,9831
00857B,永豐20年美公債,22,0,22,元大-四維,2024-08-08,9831
1806,冠軍,44,22,22,元大-四維,2024-08-08,9831
00935,野村臺灣新科技50,20,0,20,元大-四維,2024-08-08,9831
2547,日勝生,20,0,20,元大-四維,2024-08-08,9831
1436,華友聯,26,6,20,元大-四維,2024-08-08,9831
3663,鑫科,60,41,19,元大-四維,2024-08-08,9831
6806,森崴能源,21,2,19,元大-四維,2024-08-08,9831
1905,華紙,18,0,18,元大-四維,2024-08-08,9831
8028,昇陽半導體,26,8,18,元大-四維,2024-08-08,9831
1540,喬福,42,25,17,元大-四維,2024-08-08,9831
2537,聯上發,22,5,17,元大-四維,2024-08-08,9831
4123,晟德,16,0,16,元大-四維,2024-08-08,9831
2890,永豐金,26,10,16,元大-四維,2024-08-08,9831
00936,台新永續高息中小,25,10,15,元大-四維,2024-08-08,9831
00934,中信成長高股息,22,8,14,元大-四維,2024-08-08,9831
3037,欣興,17,3,14,元大-四維,2024-08-08,9831
00632R,元大台灣50反1,1159,41,1118,元大-四維,2024-08-09,9831
00937B,群益ESG投等債20,430,8,422,元大-四維,2024-08-09,9831
2312,金寶,449,53,396,元大-四維,2024-08-09,9831
2603,長榮,418,49,369,元大-四維,2024-08-09,9831
00929,復華台灣科技優息,100,15,85,元大-四維,2024-08-09,9831
2317,鴻海,233,152,81,元大-四維,2024-08-09,9831
3231,緯創,151,87,64,元大-四維,2024-08-09,9831
00933B,國泰10Y+金融債,59,0,59,元大-四維,2024-08-09,9831
2353,宏��,64,7,57,元大-四維,2024-08-09,9831
2368,金像電,74,20,54,元大-四維,2024-08-09,9831
00712,復華富時不動產,53,1,52,元大-四維,2024-08-09,9831
00919,群益台灣精選高息,183,132,51,元大-四維,2024-08-09,9831
00948B,中信優息投資級債,46,0,46,元大-四維,2024-08-09,9831
00951,台新日本半導體,49,3,46,元大-四維,2024-08-09,9831
6189,豐藝,50,4,46,元大-四維,2024-08-09,9831
1714,和桐,45,0,45,元大-四維,2024-08-09,9831
3711,日月光投控,65,22,43,元大-四維,2024-08-09,9831
00923,群益台ESG低碳50,43,7,36,元大-四維,2024-08-09,9831
2489,瑞軒,72,38,34,元大-四維,2024-08-09,9831
3450,聯鈞,45,12,33,元大-四維,2024-08-09,9831
00950B,凱基A級公司債,32,0,32,元大-四維,2024-08-09,9831
00720B,元大投資級公司債,31,0,31,元大-四維,2024-08-09,9831
00918,大華優利高填息30,33,2,31,元大-四維,2024-08-09,9831
0056,元大高股息,47,18,29,元大-四維,2024-08-09,9831
3044,健鼎,28,0,28,元大-四維,2024-08-09,9831
6603,富強鑫,39,12,27,元大-四維,2024-08-09,9831
2609,陽明,48,23,25,元大-四維,2024-08-09,9831
2313,華通,72,49,23,元大-四維,2024-08-09,9831
00878,國泰永續高股息,32,11,21,元大-四維,2024-08-09,9831
00936,台新永續高息中小,173,152,21,元大-四維,2024-08-09,9831
00935,野村臺灣新科技50,21,0,21,元大-四維,2024-08-09,9831
00715L,期街口布蘭特正2,26,6,20,元大-四維,2024-08-09,9831
00877,復華中國5G,20,0,20,元大-四維,2024-08-09,9831
8432,東生華,20,0,20,元大-四維,2024-08-09,9831
4113,聯上,23,3,20,元大-四維,2024-08-09,9831
1560,中砂,36,16,20,元大-四維,2024-08-09,9831
2834,臺企銀,24,6,18,元大-四維,2024-08-09,9831
2349,錸德,46,29,17,元大-四維,2024-08-09,9831
2645,長榮航太,21,5,16,元大-四維,2024-08-09,9831
2520,冠德,20,4,16,元大-四維,2024-08-09,9831
2421,建準,16,1,15,元大-四維,2024-08-09,9831
3047,訊舟,79,64,15,元大-四維,2024-08-09,9831
3010,華立,16,1,15,元大-四維,2024-08-09,9831
6841,長佳智能,15,1,14,元大-四維,2024-08-09,9831
00857B,永豐20年美公債,14,0,14,元大-四維,2024-08-09,9831
00713,元大台灣高息低波,16,3,13,元大-四維,2024-08-09,9831
1536,和大,22,8,14,元大-四維,2024-08-09,9831
00945B,凱基美國非投等債,13,0,13,元大-四維,2024-08-09,9831
5443,均豪,31,18,13,元大-四維,2024-08-09,9831
2243,宏旭-KY,13,1,12,元大-四維,2024-08-09,9831
2882,國泰金,724,102,622,元大-四維,2024-08-12,9831
00632R,元大台灣50反1,947,577,370,元大-四維,2024-08-12,9831
2312,金寶,354,55,299,元大-四維,2024-08-12,9831
00929,復華台灣科技優息,314,66,248,元大-四維,2024-08-12,9831
00679B,元大美債20年,233,9,224,元大-四維,2024-08-12,9831
00664R,國泰臺灣加權反1,190,0,190,元大-四維,2024-08-12,9831
00687B,國泰20年美債,135,6,129,元大-四維,2024-08-12,9831
00878,國泰永續高股息,95,8,87,元大-四維,2024-08-12,9831
3035,智原,66,1,65,元大-四維,2024-08-12,9831
00937B,群益ESG投等債20,68,3,65,元大-四維,2024-08-12,9831
5905,南仁湖,58,1,57,元大-四維,2024-08-12,9831
2888,新光金,578,523,55,元大-四維,2024-08-12,9831
00680L,元大美債20正2,104,52,52,元大-四維,2024-08-12,9831
2359,所羅門,59,8,51,元大-四維,2024-08-12,9831
1101,台泥,48,0,48,元大-四維,2024-08-12,9831
1513,中興電,202,162,40,元大-四維,2024-08-12,9831
1714,和桐,40,0,40,元大-四維,2024-08-12,9831
2883,凱基金,52,13,39,元大-四維,2024-08-12,9831
4564,元翎,47,10,37,元大-四維,2024-08-12,9831
3167,大量,39,6,33,元大-四維,2024-08-12,9831
2356,英業達,44,15,29,元大-四維,2024-08-12,9831
5608,四維航,25,0,25,元大-四維,2024-08-12,9831
0056,元大高股息,40,16,24,元大-四維,2024-08-12,9831
1313,聯成,24,0,24,元大-四維,2024-08-12,9831
6189,豐藝,38,15,23,元大-四維,2024-08-12,9831
00900,富邦特選高股息30,49,26,23,元大-四維,2024-08-12,9831
00907,永豐優息存股,22,0,22,元大-四維,2024-08-12,9831
2002,中鋼,24,3,21,元大-四維,2024-08-12,9831
4167,松瑞藥,20,0,20,元大-四維,2024-08-12,9831
2030,彰源,20,0,20,元大-四維,2024-08-12,9831
4562,穎漢,39,21,18,元大-四維,2024-08-12,9831
2891,中信金,37,20,17,元大-四維,2024-08-12,9831
00936,台新永續高息中小,17,0,17,元大-四維,2024-08-12,9831
1522,堤維西,17,0,17,元大-四維,2024-08-12,9831
00712,復華富時不動產,46,30,16,元大-四維,2024-08-12,9831
1734,杏輝,29,13,16,元大-四維,2024-08-12,9831
1303,南亞,15,0,15,元大-四維,2024-08-12,9831
00931B,統一美債20年,20,5,15,元大-四維,2024-08-12,9831
4513,福裕,22,8,14,元大-四維,2024-08-12,9831
2317,鴻海,169,155,14,元大-四維,2024-08-12,9831
3714,富采,14,1,13,元大-四維,2024-08-12,9831
2880,華南金,13,0,13,元大-四維,2024-08-12,9831
2537,聯上發,21,8,13,元大-四維,2024-08-12,9831
3374,精材,16,4,12,元大-四維,2024-08-12,9831
1597,直得,19,7,12,元大-四維,2024-08-12,9831
4540,全球傳動,17,5,12,元大-四維,2024-08-12,9831
2641,正德,12,0,12,元大-四維,2024-08-12,9831
1305,華夏,12,0,12,元大-四維,2024-08-12,9831
00882,中信中國高股息,11,0,11,元大-四維,2024-08-12,9831
5880,合庫金,50,39,11,元大-四維,2024-08-12,9831
00632R,元大台灣50反1,972,100,872,元大-四維,2024-08-13,9831
00680L,元大美債20正2,167,12,155,元大-四維,2024-08-13,9831
00687B,國泰20年美債,152,0,152,元大-四維,2024-08-13,9831
2801,彰銀,82,0,82,元大-四維,2024-08-13,9831
2880,華南金,96,30,66,元大-四維,2024-08-13,9831
00679B,元大美債20年,70,6,64,元大-四維,2024-08-13,9831
00712,復華富時不動產,64,1,63,元大-四維,2024-08-13,9831
00929,復華台灣科技優息,167,105,62,元大-四維,2024-08-13,9831
3481,群創,122,64,58,元大-四維,2024-08-13,9831
2312,金寶,64,11,53,元大-四維,2024-08-13,9831
2883,凱基金,72,22,50,元大-四維,2024-08-13,9831
00878,國泰永續高股息,51,7,44,元大-四維,2024-08-13,9831
2615,萬海,61,19,42,元大-四維,2024-08-13,9831
1101,台泥,50,8,42,元大-四維,2024-08-13,9831
2838,聯邦銀,40,0,40,元大-四維,2024-08-13,9831
2915,潤泰全,42,2,40,元大-四維,2024-08-13,9831
5512,力麒,40,1,39,元大-四維,2024-08-13,9831
3706,神達,37,0,37,元大-四維,2024-08-13,9831
2002,中鋼,37,5,32,元大-四維,2024-08-13,9831
9914,美利達,31,0,31,元大-四維,2024-08-13,9831
4167,松瑞藥,41,10,31,元大-四維,2024-08-13,9831
00919,群益台灣精選高息,36,6,30,元大-四維,2024-08-13,9831
00945B,凱基美國非投等債,29,0,29,元大-四維,2024-08-13,9831
3691,碩禾,28,0,28,元大-四維,2024-08-13,9831
1301,台塑,30,2,28,元大-四維,2024-08-13,9831
00940,元大台灣價值高息,51,26,25,元大-四維,2024-08-13,9831
9955,佳龍,38,16,22,元大-四維,2024-08-13,9831
2353,宏��,23,2,21,元大-四維,2024-08-13,9831
2834,臺企銀,22,2,20,元大-四維,2024-08-13,9831
3284,太普高,21,1,20,元大-四維,2024-08-13,9831
2337,旺宏,20,0,20,元大-四維,2024-08-13,9831
2609,陽明,66,47,19,元大-四維,2024-08-13,9831
00900,富邦特選高股息30,18,0,18,元大-四維,2024-08-13,9831
1303,南亞,18,0,18,元大-四維,2024-08-13,9831
6269,台郡,16,0,16,元大-四維,2024-08-13,9831
6127,九豪,16,0,16,元大-四維,2024-08-13,9831
6806,森崴能源,22,6,16,元大-四維,2024-08-13,9831
00923,群益台ESG低碳50,16,0,16,元大-四維,2024-08-13,9831
00892,富邦台灣半導體,16,0,16,元大-四維,2024-08-13,9831
00907,永豐優息存股,20,5,15,元大-四維,2024-08-13,9831
2886,兆豐金,18,3,15,元大-四維,2024-08-13,9831
6244,茂迪,15,0,15,元大-四維,2024-08-13,9831
1597,直得,36,22,14,元大-四維,2024-08-13,9831
1815,富喬,35,21,14,元大-四維,2024-08-13,9831
00675L,富邦臺灣加權正2,13,0,13,元大-四維,2024-08-13,9831
3013,晟銘電,154,141,13,元大-四維,2024-08-13,9831
6669,緯穎,13,0,13,元大-四維,2024-08-13,9831
1702,南僑,13,0,13,元大-四維,2024-08-13,9831
1314,中石化,321,309,12,元大-四維,2024-08-13,9831
2515,中工,12,0,12,元大-四維,2024-08-13,9831
2801,彰銀,455,22,433,元大-四維,2024-08-14,9831
00632R,元大台灣50反1,496,151,345,元大-四維,2024-08-14,9831
3711,日月光投控,151,15,136,元大-四維,2024-08-14,9831
00680L,元大美債20正2,182,52,130,元大-四維,2024-08-14,9831
2317,鴻海,214,95,119,元大-四維,2024-08-14,9831
00900,富邦特選高股息30,120,13,107,元大-四維,2024-08-14,9831
00878,國泰永續高股息,133,30,103,元大-四維,2024-08-14,9831
2401,凌陽,90,1,89,元大-四維,2024-08-14,9831
00688L,國泰20年美債正2,101,16,85,元大-四維,2024-08-14,9831
00945B,凱基美國非投等債,82,0,82,元大-四維,2024-08-14,9831
3498,陽程,83,3,80,元大-四維,2024-08-14,9831
00940,元大台灣價值高息,208,131,77,元大-四維,2024-08-14,9831
00929,復華台灣科技優息,136,71,65,元大-四維,2024-08-14,9831
00679B,元大美債20年,83,25,58,元大-四維,2024-08-14,9831
00937B,群益ESG投等債20,160,117,43,元大-四維,2024-08-14,9831
2449,京元電子,116,79,37,元大-四維,2024-08-14,9831
00933B,國泰10Y+金融債,35,0,35,元大-四維,2024-08-14,9831
00932,兆豐永續高息等權,34,0,34,元大-四維,2024-08-14,9831
00687B,國泰20年美債,35,2,33,元大-四維,2024-08-14,9831
6244,茂迪,29,3,26,元大-四維,2024-08-14,9831
1536,和大,52,27,25,元大-四維,2024-08-14,9831
5608,四維航,25,0,25,元大-四維,2024-08-14,9831
9958,世紀鋼,23,0,23,元大-四維,2024-08-14,9831
00795B,中信美國公債20年,22,0,22,元大-四維,2024-08-14,9831
00637L,元大滬深300正2,22,0,22,元大-四維,2024-08-14,9831
2464,盟立,39,18,21,元大-四維,2024-08-14,9831
2836,高雄銀,21,0,21,元大-四維,2024-08-14,9831
2501,國建,21,0,21,元大-四維,2024-08-14,9831
3673,TPK-KY,21,0,21,元大-四維,2024-08-14,9831
00923,群益台ESG低碳50,21,0,21,元大-四維,2024-08-14,9831
8040,九暘,20,0,20,元大-四維,2024-08-14,9831
2547,日勝生,22,2,20,元大-四維,2024-08-14,9831
5450,南良,21,1,20,元大-四維,2024-08-14,9831
2890,永豐金,25,5,20,元大-四維,2024-08-14,9831
2365,昆盈,85,66,19,元大-四維,2024-08-14,9831
00947,台新臺灣IC設計,22,4,18,元大-四維,2024-08-14,9831
3037,欣興,23,5,18,元大-四維,2024-08-14,9831
2618,長榮航,40,23,17,元大-四維,2024-08-14,9831
1565,精華,20,3,17,元大-四維,2024-08-14,9831
6753,龍德造船,21,4,17,元大-四維,2024-08-14,9831
00919,群益台灣精選高息,23,7,16,元大-四維,2024-08-14,9831
3060,銘異,16,1,15,元大-四維,2024-08-14,9831
3062,建漢,20,6,14,元大-四維,2024-08-14,9831
00935,野村臺灣新科技50,17,3,14,元大-四維,2024-08-14,9831
2364,倫飛,15,1,14,元大-四維,2024-08-14,9831
2323,中環,83,70,13,元大-四維,2024-08-14,9831
2367,燿華,63,50,13,元大-四維,2024-08-14,9831
3481,群創,97,85,12,元大-四維,2024-08-14,9831
3047,訊舟,33,21,12,元大-四維,2024-08-14,9831
4576,大銀微系統,32,20,12,元大-四維,2024-08-14,9831
00687B,國泰20年美債,861,0,861,元大-四維,2024-08-15,9831
00900,富邦特選高股息30,351,27,324,元大-四維,2024-08-15,9831
00680L,元大美債20正2,243,0,243,元大-四維,2024-08-15,9831
00945B,凱基美國非投等債,176,0,176,元大-四維,2024-08-15,9831
2892,第一金,142,1,141,元大-四維,2024-08-15,9831
00679B,元大美債20年,159,38,121,元大-四維,2024-08-15,9831
00929,復華台灣科技優息,186,85,101,元大-四維,2024-08-15,9831
2890,永豐金,83,0,83,元大-四維,2024-08-15,9831
2838,聯邦銀,90,10,80,元大-四維,2024-08-15,9831
3711,日月光投控,78,0,78,元大-四維,2024-08-15,9831
00878,國泰永續高股息,127,55,72,元大-四維,2024-08-15,9831
1101,台泥,120,49,71,元大-四維,2024-08-15,9831
2897,王道銀行,67,0,67,元大-四維,2024-08-15,9831
1536,和大,126,62,64,元大-四維,2024-08-15,9831
00881,國泰台灣5G+,62,4,58,元大-四維,2024-08-15,9831
1618,合機,61,3,58,元大-四維,2024-08-15,9831
2002,中鋼,60,3,57,元大-四維,2024-08-15,9831
2836,高雄銀,50,0,50,元大-四維,2024-08-15,9831
00946,群益科技高息成長,48,0,48,元大-四維,2024-08-15,9831
2886,兆豐金,48,0,48,元大-四維,2024-08-15,9831
3013,晟銘電,72,25,47,元大-四維,2024-08-15,9831
2352,佳世達,51,5,46,元大-四維,2024-08-15,9831
1513,中興電,105,61,44,元大-四維,2024-08-15,9831
2887,台新金,51,10,41,元大-四維,2024-08-15,9831
00936,台新永續高息中小,41,0,41,元大-四維,2024-08-15,9831
9105,泰金寶-DR,55,16,39,元大-四維,2024-08-15,9831
9945,潤泰新,31,1,30,元大-四維,2024-08-15,9831
2023,燁輝,29,0,29,元大-四維,2024-08-15,9831
00948B,中信優息投資級債,28,0,28,元大-四維,2024-08-15,9831
2208,台船,42,17,25,元大-四維,2024-08-15,9831
5880,合庫金,70,45,25,元大-四維,2024-08-15,9831
9904,寶成,27,4,23,元大-四維,2024-08-15,9831
1785,光洋科,62,40,22,元大-四維,2024-08-15,9831
3663,鑫科,100,79,21,元大-四維,2024-08-15,9831
8390,金益鼎,21,1,20,元大-四維,2024-08-15,9831
00671R,富邦NASDAQ反1,20,0,20,元大-四維,2024-08-15,9831
00664R,國泰臺灣加權反1,20,0,20,元大-四維,2024-08-15,9831
1227,佳格,20,0,20,元大-四維,2024-08-15,9831
00795B,中信美國公債20年,28,10,18,元大-四維,2024-08-15,9831
2915,潤泰全,18,1,17,元大-四維,2024-08-15,9831
2409,友達,20,4,16,元大-四維,2024-08-15,9831
8040,九暘,16,0,16,元大-四維,2024-08-15,9831
4540,全球傳動,28,12,16,元大-四維,2024-08-15,9831
3374,精材,33,17,16,元大-四維,2024-08-15,9831
2891,中信金,31,16,15,元大-四維,2024-08-15,9831
3498,陽程,15,0,15,元大-四維,2024-08-15,9831
3048,益登,22,7,15,元大-四維,2024-08-15,9831
2489,瑞軒,97,82,15,元大-四維,2024-08-15,9831
4562,穎漢,32,17,15,元大-四維,2024-08-15,9831
4561,健椿,27,13,14,元大-四維,2024-08-15,9831
00632R,元大台灣50反1,359,73,286,元大-四維,2024-08-16,9831
00940,元大台灣價值高息,267,46,221,元大-四維,2024-08-16,9831
00688L,國泰20年美債正2,102,0,102,元大-四維,2024-08-16,9831
00679B,元大美債20年,106,5,101,元大-四維,2024-08-16,9831
00687B,國泰20年美債,103,14,89,元大-四維,2024-08-16,9831
2603,長榮,135,48,87,元大-四維,2024-08-16,9831
2313,華通,112,28,84,元大-四維,2024-08-16,9831
2317,鴻海,142,60,82,元大-四維,2024-08-16,9831
3663,鑫科,149,77,72,元大-四維,2024-08-16,9831
00937B,群益ESG投等債20,80,13,67,元大-四維,2024-08-16,9831
8040,九暘,65,0,65,元大-四維,2024-08-16,9831
00881,國泰台灣5G+,55,1,54,元大-四維,2024-08-16,9831
00680L,元大美債20正2,58,7,51,元大-四維,2024-08-16,9831
1316,上曜,62,15,47,元大-四維,2024-08-16,9831
00878,國泰永續高股息,78,38,40,元大-四維,2024-08-16,9831
2601,益航,42,5,37,元大-四維,2024-08-16,9831
2449,京元電子,72,36,36,元大-四維,2024-08-16,9831
2609,陽明,60,25,35,元大-四維,2024-08-16,9831
00795B,中信美國公債20年,36,3,33,元大-四維,2024-08-16,9831
8096,擎亞,93,62,31,元大-四維,2024-08-16,9831
2610,華航,32,3,29,元大-四維,2024-08-16,9831
1785,光洋科,47,21,26,元大-四維,2024-08-16,9831
00900,富邦特選高股息30,26,0,26,元大-四維,2024-08-16,9831
00945B,凱基美國非投等債,32,7,25,元大-四維,2024-08-16,9831
2331,精英,27,3,24,元大-四維,2024-08-16,9831
2615,萬海,49,27,22,元大-四維,2024-08-16,9831
5443,均豪,65,45,20,元大-四維,2024-08-16,9831
2838,聯邦銀,50,30,20,元大-四維,2024-08-16,9831
8064,東捷,26,7,19,元大-四維,2024-08-16,9831
1806,冠軍,28,10,18,元大-四維,2024-08-16,9831
00948B,中信優息投資級債,17,1,16,元大-四維,2024-08-16,9831
2915,潤泰全,20,4,16,元大-四維,2024-08-16,9831
00923,群益台ESG低碳50,17,1,16,元大-四維,2024-08-16,9831
1453,大將,15,0,15,元大-四維,2024-08-16,9831
2739,寒舍,15,0,15,元大-四維,2024-08-16,9831
2867,三商壽,15,1,14,元大-四維,2024-08-16,9831
3322,建舜電,15,1,14,元大-四維,2024-08-16,9831
2323,中環,88,74,14,元大-四維,2024-08-16,9831
6841,長佳智能,15,2,13,元大-四維,2024-08-16,9831
2365,昆盈,51,39,12,元大-四維,2024-08-16,9831
2006,東和鋼鐵,102,90,12,元大-四維,2024-08-16,9831
1455,集盛,13,1,12,元大-四維,2024-08-16,9831
2371,大同,14,2,12,元大-四維,2024-08-16,9831
2834,臺企銀,15,3,12,元大-四維,2024-08-16,9831
2637,慧洋-KY,11,0,11,元大-四維,2024-08-16,9831
2002,中鋼,13,2,11,元大-四維,2024-08-16,9831
2636,台驊控股,11,0,11,元大-四維,2024-08-16,9831
00933B,國泰10Y+金融債,20,10,10,元大-四維,2024-08-16,9831
9906,欣巴巴,25,15,10,元大-四維,2024-08-16,9831
2453,凌群,10,0,10,元大-四維,2024-08-16,9831
00687B,國泰20年美債,185,11,174,元大-四維,2024-08-19,9831
2883,凱基金,175,7,168,元大-四維,2024-08-19,9831
5347,世界,105,4,101,元大-四維,2024-08-19,9831
00632R,元大台灣50反1,132,38,94,元大-四維,2024-08-19,9831
00945B,凱基美國非投等債,86,0,86,元大-四維,2024-08-19,9831
00679B,元大美債20年,103,18,85,元大-四維,2024-08-19,9831
00937B,群益ESG投等債20,100,17,83,元大-四維,2024-08-19,9831
9904,寶成,77,1,76,元大-四維,2024-08-19,9831
00929,復華台灣科技優息,185,122,63,元大-四維,2024-08-19,9831
2062,橋椿,67,14,53,元大-四維,2024-08-19,9831
00878,國泰永續高股息,62,12,50,元大-四維,2024-08-19,9831
6213,聯茂,50,1,49,元大-四維,2024-08-19,9831
00706L,期元大S＆P日圓正2,45,0,45,元大-四維,2024-08-19,9831
1314,中石化,83,41,42,元大-四維,2024-08-19,9831
3047,訊舟,80,40,40,元大-四維,2024-08-19,9831
1785,光洋科,65,26,39,元大-四維,2024-08-19,9831
00882,中信中國高股息,35,0,35,元大-四維,2024-08-19,9831
1560,中砂,34,0,34,元大-四維,2024-08-19,9831
00650L,復華香港正2,33,0,33,元大-四維,2024-08-19,9831
2887,台新金,30,1,29,元大-四維,2024-08-19,9831
00795B,中信美國公債20年,30,1,29,元大-四維,2024-08-19,9831
2537,聯上發,79,50,29,元大-四維,2024-08-19,9831
8040,九暘,28,0,28,元大-四維,2024-08-19,9831
3048,益登,40,12,28,元大-四維,2024-08-19,9831
2002,中鋼,52,24,28,元大-四維,2024-08-19,9831
00712,復華富時不動產,27,0,27,元大-四維,2024-08-19,9831
2354,鴻準,35,10,25,元大-四維,2024-08-19,9831
4167,松瑞藥,25,0,25,元大-四維,2024-08-19,9831
2323,中環,70,45,25,元大-四維,2024-08-19,9831
00919,群益台灣精選高息,42,18,24,元大-四維,2024-08-19,9831
00933B,國泰10Y+金融債,21,0,21,元大-四維,2024-08-19,9831
9902,台火,23,3,20,元大-四維,2024-08-19,9831
2838,聯邦銀,50,30,20,元大-四維,2024-08-19,9831
00688L,國泰20年美債正2,20,0,20,元大-四維,2024-08-19,9831
8028,昇陽半導體,47,28,19,元大-四維,2024-08-19,9831
5484,慧友,20,1,19,元大-四維,2024-08-19,9831
1536,和大,21,2,19,元大-四維,2024-08-19,9831
5534,長虹,22,3,19,元大-四維,2024-08-19,9831
6841,長佳智能,18,0,18,元大-四維,2024-08-19,9831
5905,南仁湖,23,5,18,元大-四維,2024-08-19,9831
8011,台通,20,3,17,元大-四維,2024-08-19,9831
2464,盟立,53,37,16,元大-四維,2024-08-19,9831
4564,元翎,15,1,14,元大-四維,2024-08-19,9831
00720B,元大投資級公司債,14,0,14,元大-四維,2024-08-19,9831
3231,緯創,20,7,13,元大-四維,2024-08-19,9831
00918,大華優利高填息30,17,5,12,元大-四維,2024-08-19,9831
1609,大亞,20,8,12,元大-四維,2024-08-19,9831
1806,冠軍,33,21,12,元大-四維,2024-08-19,9831
6245,立端,12,0,12,元大-四維,2024-08-19,9831
2882,國泰金,18,6,12,元大-四維,2024-08-19,9831
00715L,期街口布蘭特正2,226,0,226,元大-四維,2024-08-20,9831
5519,隆大,194,0,194,元大-四維,2024-08-20,9831
00923,群益台ESG低碳50,136,2,134,元大-四維,2024-08-20,9831
00687B,國泰20年美債,151,17,134,元大-四維,2024-08-20,9831
00882,中信中國高股息,135,2,133,元大-四維,2024-08-20,9831
00937B,群益ESG投等債20,139,14,125,元大-四維,2024-08-20,9831
00632R,元大台灣50反1,164,50,114,元大-四維,2024-08-20,9831
00680L,元大美債20正2,96,0,96,元大-四維,2024-08-20,9831
2449,京元電子,122,36,86,元大-四維,2024-08-20,9831
00929,復華台灣科技優息,151,74,77,元大-四維,2024-08-20,9831
9907,統一實,70,0,70,元大-四維,2024-08-20,9831
2356,英業達,99,33,66,元大-四維,2024-08-20,9831
00919,群益台灣精選高息,92,37,55,元大-四維,2024-08-20,9831
3663,鑫科,255,207,48,元大-四維,2024-08-20,9831
00642U,期元大S＆P石油,47,0,47,元大-四維,2024-08-20,9831
2317,鴻海,135,89,46,元大-四維,2024-08-20,9831
00633L,富邦上証正2,40,0,40,元大-四維,2024-08-20,9831
2609,陽明,66,26,40,元大-四維,2024-08-20,9831
00679B,元大美債20年,53,20,33,元大-四維,2024-08-20,9831
00688L,國泰20年美債正2,31,0,31,元大-四維,2024-08-20,9831
00665L,富邦�琤肭磪囓�2,31,0,31,元大-四維,2024-08-20,9831
2890,永豐金,30,0,30,元大-四維,2024-08-20,9831
4402,郡都開發,30,0,30,元大-四維,2024-08-20,9831
2408,南亞科,36,6,30,元大-四維,2024-08-20,9831
9103,美德醫療-DR,30,1,29,元大-四維,2024-08-20,9831
2520,冠德,28,2,26,元大-四維,2024-08-20,9831
5202,力新,40,16,24,元大-四維,2024-08-20,9831
8028,昇陽半導體,53,30,23,元大-四維,2024-08-20,9831
00945B,凱基美國非投等債,23,0,23,元大-四維,2024-08-20,9831
2883,凱基金,81,58,23,元大-四維,2024-08-20,9831
00712,復華富時不動產,22,0,22,元大-四維,2024-08-20,9831
00795B,中信美國公債20年,23,2,21,元大-四維,2024-08-20,9831
1313,聯成,20,0,20,元大-四維,2024-08-20,9831
5371,中光電,21,2,19,元大-四維,2024-08-20,9831
1102,亞泥,21,2,19,元大-四維,2024-08-20,9831
2405,輔信,24,6,18,元大-四維,2024-08-20,9831
00935,野村臺灣新科技50,19,2,17,元大-四維,2024-08-20,9831
00933B,國泰10Y+金融債,17,0,17,元大-四維,2024-08-20,9831
1312,國喬,17,0,17,元大-四維,2024-08-20,9831
2243,宏旭-KY,18,1,17,元大-四維,2024-08-20,9831
00894,中信小資高價30,17,0,17,元大-四維,2024-08-20,9831
00713,元大台灣高息低波,17,1,16,元大-四維,2024-08-20,9831
2489,瑞軒,39,23,16,元大-四維,2024-08-20,9831
3707,漢磊,21,5,16,元大-四維,2024-08-20,9831
2885,元大金,20,5,15,元大-四維,2024-08-20,9831
2834,臺企銀,15,0,15,元大-四維,2024-08-20,9831
9958,世紀鋼,17,3,14,元大-四維,2024-08-20,9831
4167,松瑞藥,46,33,13,元大-四維,2024-08-20,9831
4909,新復興,18,5,13,元大-四維,2024-08-20,9831
00878,國泰永續高股息,39,27,12,元大-四維,2024-08-20,9831
2891,中信金,394,5,389,元大-四維,2024-08-21,9831
00940,元大台灣價值高息,325,38,287,元大-四維,2024-08-21,9831
00680L,元大美債20正2,230,11,219,元大-四維,2024-08-21,9831
2610,華航,136,0,136,元大-四維,2024-08-21,9831
00669R,國泰美國道瓊反1,117,0,117,元大-四維,2024-08-21,9831
00929,復華台灣科技優息,134,25,109,元大-四維,2024-08-21,9831
1785,光洋科,111,18,93,元大-四維,2024-08-21,9831
00919,群益台灣精選高息,113,25,88,元大-四維,2024-08-21,9831
00687B,國泰20年美債,96,13,83,元大-四維,2024-08-21,9831
00632R,元大台灣50反1,105,30,75,元大-四維,2024-08-21,9831
2603,長榮,57,1,56,元大-四維,2024-08-21,9831
5905,南仁湖,76,22,54,元大-四維,2024-08-21,9831
00937B,群益ESG投等債20,53,0,53,元大-四維,2024-08-21,9831
2888,新光金,458,421,37,元大-四維,2024-08-21,9831
3037,欣興,85,51,34,元大-四維,2024-08-21,9831
6442,光聖,41,11,30,元大-四維,2024-08-21,9831
8096,擎亞,67,37,30,元大-四維,2024-08-21,9831
00715L,期街口布蘭特正2,29,0,29,元大-四維,2024-08-21,9831
00665L,富邦�琤肭磪囓�2,46,20,26,元大-四維,2024-08-21,9831
6156,松上,23,2,21,元大-四維,2024-08-21,9831
3163,波若威,27,6,21,元大-四維,2024-08-21,9831
00712,復華富時不動產,23,3,20,元大-四維,2024-08-21,9831
2867,三商壽,35,15,20,元大-四維,2024-08-21,9831
9907,統一實,22,2,20,元大-四維,2024-08-21,9831
00679B,元大美債20年,64,44,20,元大-四維,2024-08-21,9831
00720B,元大投資級公司債,19,0,19,元大-四維,2024-08-21,9831
6806,森崴能源,34,15,19,元大-四維,2024-08-21,9831
2421,建準,18,0,18,元大-四維,2024-08-21,9831
4555,氣立,28,10,18,元大-四維,2024-08-21,9831
9955,佳龍,43,26,17,元大-四維,2024-08-21,9831
1584,精剛,47,30,17,元大-四維,2024-08-21,9831
2606,裕民,20,3,17,元大-四維,2024-08-21,9831
6284,佳邦,19,3,16,元大-四維,2024-08-21,9831
00706L,期元大S＆P日圓正2,20,5,15,元大-四維,2024-08-21,9831
5534,長虹,14,0,14,元大-四維,2024-08-21,9831
2356,英業達,84,70,14,元大-四維,2024-08-21,9831
2367,燿華,22,9,13,元大-四維,2024-08-21,9831
00953B,群益優選非投等債,13,0,13,元大-四維,2024-08-21,9831
2317,鴻海,78,65,13,元大-四維,2024-08-21,9831
2392,正崴,15,3,12,元大-四維,2024-08-21,9831
00881,國泰台灣5G+,14,2,12,元大-四維,2024-08-21,9831
3189,景碩,12,0,12,元大-四維,2024-08-21,9831
00753L,中信中國50正2,13,1,12,元大-四維,2024-08-21,9831
0056,元大高股息,26,14,12,元大-四維,2024-08-21,9831
00935,野村臺灣新科技50,11,0,11,元大-四維,2024-08-21,9831
2323,中環,86,75,11,元大-四維,2024-08-21,9831
4526,東台,12,1,11,元大-四維,2024-08-21,9831
8422,可寧衛,11,0,11,元大-四維,2024-08-21,9831
00878,國泰永續高股息,36,25,11,元大-四維,2024-08-21,9831
6869,雲豹能源,19,9,10,元大-四維,2024-08-21,9831
00632R,元大台灣50反1,151,0,151,元大-四維,2024-08-22,9831
00680L,元大美債20正2,148,2,146,元大-四維,2024-08-22,9831
2349,錸德,377,237,140,元大-四維,2024-08-22,9831
00715L,期街口布蘭特正2,117,0,117,元大-四維,2024-08-22,9831
00878,國泰永續高股息,118,9,109,元大-四維,2024-08-22,9831
1785,光洋科,171,62,109,元大-四維,2024-08-22,9831
2890,永豐金,98,5,93,元大-四維,2024-08-22,9831
2801,彰銀,100,11,89,元大-四維,2024-08-22,9831
3032,偉訓,63,1,62,元大-四維,2024-08-22,9831
00929,復華台灣科技優息,90,28,62,元大-四維,2024-08-22,9831
00937B,群益ESG投等債20,59,6,53,元大-四維,2024-08-22,9831
2027,大成鋼,60,18,42,元大-四維,2024-08-22,9831
6156,松上,37,1,36,元大-四維,2024-08-22,9831
2317,鴻海,216,181,35,元大-四維,2024-08-22,9831
00679B,元大美債20年,56,21,35,元大-四維,2024-08-22,9831
00642U,期元大S＆P石油,33,0,33,元大-四維,2024-08-22,9831
5371,中光電,52,19,33,元大-四維,2024-08-22,9831
2609,陽明,41,8,33,元大-四維,2024-08-22,9831
4167,松瑞藥,33,1,32,元大-四維,2024-08-22,9831
2838,聯邦銀,30,0,30,元大-四維,2024-08-22,9831
00948B,中信優息投資級債,30,1,29,元大-四維,2024-08-22,9831
00881,國泰台灣5G+,30,1,29,元大-四維,2024-08-22,9831
2323,中環,38,10,28,元大-四維,2024-08-22,9831
2367,燿華,33,9,24,元大-四維,2024-08-22,9831
4402,郡都開發,23,0,23,元大-四維,2024-08-22,9831
8390,金益鼎,24,1,23,元大-四維,2024-08-22,9831
9906,欣巴巴,24,1,23,元大-四維,2024-08-22,9831
4919,新唐,23,1,22,元大-四維,2024-08-22,9831
00907,永豐優息存股,22,0,22,元大-四維,2024-08-22,9831
2885,元大金,25,4,21,元大-四維,2024-08-22,9831
00891,中信關鍵半導體,21,0,21,元大-四維,2024-08-22,9831
2883,凱基金,30,9,21,元大-四維,2024-08-22,9831
5515,建國,20,0,20,元大-四維,2024-08-22,9831
3047,訊舟,63,44,19,元大-四維,2024-08-22,9831
6806,森崴能源,21,2,19,元大-四維,2024-08-22,9831
00918,大華優利高填息30,18,0,18,元大-四維,2024-08-22,9831
00751B,元大AAA至A公司債,18,0,18,元大-四維,2024-08-22,9831
00946,群益科技高息成長,41,25,16,元大-四維,2024-08-22,9831
5534,長虹,18,2,16,元大-四維,2024-08-22,9831
00720B,元大投資級公司債,18,3,15,元大-四維,2024-08-22,9831
4533,協易機,15,0,15,元大-四維,2024-08-22,9831
00712,復華富時不動產,15,1,14,元大-四維,2024-08-22,9831
2208,台船,40,26,14,元大-四維,2024-08-22,9831
1514,亞力,73,59,14,元大-四維,2024-08-22,9831
1609,大亞,17,4,13,元大-四維,2024-08-22,9831
2329,華泰,13,0,13,元大-四維,2024-08-22,9831
4306,炎洲,13,0,13,元大-四維,2024-08-22,9831
8096,擎亞,62,50,12,元大-四維,2024-08-22,9831
1536,和大,27,15,12,元大-四維,2024-08-22,9831
2301,光寶科,13,1,12,元大-四維,2024-08-22,9831
00632R,元大台灣50反1,186,3,183,元大-四維,2024-08-23,9831
00940,元大台灣價值高息,186,31,155,元大-四維,2024-08-23,9831
00937B,群益ESG投等債20,141,2,139,元大-四維,2024-08-23,9831
00687B,國泰20年美債,108,5,103,元大-四維,2024-08-23,9831
00919,群益台灣精選高息,88,7,81,元大-四維,2024-08-23,9831
2609,陽明,87,7,80,元大-四維,2024-08-23,9831
00679B,元大美債20年,68,1,67,元大-四維,2024-08-23,9831
2891,中信金,86,27,59,元大-四維,2024-08-23,9831
2845,遠東銀,58,0,58,元大-四維,2024-08-23,9831
00773B,中信優先金融債,40,0,40,元大-四維,2024-08-23,9831
2892,第一金,35,0,35,元大-四維,2024-08-23,9831
2317,鴻海,286,252,34,元大-四維,2024-08-23,9831
1409,新纖,34,1,33,元大-四維,2024-08-23,9831
00933B,國泰10Y+金融債,33,0,33,元大-四維,2024-08-23,9831
1711,永光,157,130,27,元大-四維,2024-08-23,9831
4167,松瑞藥,26,0,26,元大-四維,2024-08-23,9831
4919,新唐,25,0,25,元大-四維,2024-08-23,9831
2834,臺企銀,24,0,24,元大-四維,2024-08-23,9831
3189,景碩,37,13,24,元大-四維,2024-08-23,9831
00878,國泰永續高股息,25,2,23,元大-四維,2024-08-23,9831
1708,東鹼,66,45,21,元大-四維,2024-08-23,9831
3665,貿聯-KY,27,6,21,元大-四維,2024-08-23,9831
2885,元大金,31,10,21,元大-四維,2024-08-23,9831
00720B,元大投資級公司債,22,3,19,元大-四維,2024-08-23,9831
0056,元大高股息,20,2,18,元大-四維,2024-08-23,9831
00650L,復華香港正2,15,0,15,元大-四維,2024-08-23,9831
2337,旺宏,19,4,15,元大-四維,2024-08-23,9831
00945B,凱基美國非投等債,15,0,15,元大-四維,2024-08-23,9831
6806,森崴能源,24,9,15,元大-四維,2024-08-23,9831
1326,台化,14,0,14,元大-四維,2024-08-23,9831
5309,系統電,14,0,14,元大-四維,2024-08-23,9831
6156,松上,14,0,14,元大-四維,2024-08-23,9831
1584,精剛,17,4,13,元大-四維,2024-08-23,9831
1303,南亞,12,0,12,元大-四維,2024-08-23,9831
2421,建準,16,4,12,元大-四維,2024-08-23,9831
4533,協易機,13,1,12,元大-四維,2024-08-23,9831
1721,三晃,41,29,12,元大-四維,2024-08-23,9831
6505,台塑化,13,2,11,元大-四維,2024-08-23,9831
3663,鑫科,115,104,11,元大-四維,2024-08-23,9831
4513,福裕,28,18,10,元大-四維,2024-08-23,9831
1312,國喬,11,1,10,元大-四維,2024-08-23,9831
5452,佶優,12,2,10,元大-四維,2024-08-23,9831
2838,聯邦銀,30,20,10,元大-四維,2024-08-23,9831
3535,晶彩科,13,3,10,元大-四維,2024-08-23,9831
8150,南茂,11,1,10,元大-四維,2024-08-23,9831
2883B,凱基金乙特,10,0,10,元大-四維,2024-08-23,9831
4952,凌通,10,0,10,元大-四維,2024-08-23,9831
00907,永豐優息存股,10,0,10,元大-四維,2024-08-23,9831
00706L,期元大S＆P日圓正2,10,0,10,元大-四維,2024-08-23,9831
2897,王道銀行,10,0,10,元大-四維,2024-08-23,9831
2891,中信金,255,10,245,元大-四維,2024-08-26,9831
00687B,國泰20年美債,162,5,157,元大-四維,2024-08-26,9831
2349,錸德,193,51,142,元大-四維,2024-08-26,9831
5519,隆大,89,0,89,元大-四維,2024-08-26,9831
00935,野村臺灣新科技50,89,5,84,元大-四維,2024-08-26,9831
2409,友達,127,44,83,元大-四維,2024-08-26,9831
2331,精英,89,14,75,元大-四維,2024-08-26,9831
1711,永光,126,69,57,元大-四維,2024-08-26,9831
00937B,群益ESG投等債20,53,0,53,元大-四維,2024-08-26,9831
00688L,國泰20年美債正2,50,0,50,元大-四維,2024-08-26,9831
3663,鑫科,122,75,47,元大-四維,2024-08-26,9831
00669R,國泰美國道瓊反1,45,0,45,元大-四維,2024-08-26,9831
00929,復華台灣科技優息,68,23,45,元大-四維,2024-08-26,9831
00679B,元大美債20年,49,4,45,元大-四維,2024-08-26,9831
00632R,元大台灣50反1,70,27,43,元大-四維,2024-08-26,9831
2449,京元電子,43,1,42,元大-四維,2024-08-26,9831
00948B,中信優息投資級債,40,0,40,元大-四維,2024-08-26,9831
00919,群益台灣精選高息,50,20,30,元大-四維,2024-08-26,9831
9931,欣高,27,0,27,元大-四維,2024-08-26,9831
2362,藍天,27,1,26,元大-四維,2024-08-26,9831
1102,亞泥,31,6,25,元大-四維,2024-08-26,9831
1785,光洋科,56,31,25,元大-四維,2024-08-26,9831
2374,佳能,25,2,23,元大-四維,2024-08-26,9831
2359,所羅門,40,18,22,元大-四維,2024-08-26,9831
1522,堤維西,22,0,22,元大-四維,2024-08-26,9831
1584,精剛,26,5,21,元大-四維,2024-08-26,9831
6838,台新藥,20,0,20,元大-四維,2024-08-26,9831
6806,森崴能源,20,2,18,元大-四維,2024-08-26,9831
5452,佶優,30,12,18,元大-四維,2024-08-26,9831
3515,華擎,19,3,16,元大-四維,2024-08-26,9831
00918,大華優利高填息30,25,11,14,元大-四維,2024-08-26,9831
9105,泰金寶-DR,23,9,14,元大-四維,2024-08-26,9831
9945,潤泰新,13,1,12,元大-四維,2024-08-26,9831
4109,加捷生醫,13,1,12,元大-四維,2024-08-26,9831
00945B,凱基美國非投等債,12,0,12,元大-四維,2024-08-26,9831
3673,TPK-KY,12,0,12,元大-四維,2024-08-26,9831
00878,國泰永續高股息,17,5,12,元大-四維,2024-08-26,9831
2313,華通,21,10,11,元大-四維,2024-08-26,9831
1582,信錦,12,1,11,元大-四維,2024-08-26,9831
00931B,統一美債20年,11,0,11,元大-四維,2024-08-26,9831
4976,佳凌,11,0,11,元大-四維,2024-08-26,9831
8028,昇陽半導體,62,52,10,元大-四維,2024-08-26,9831
2444,兆勁,10,0,10,元大-四維,2024-08-26,9831
2102,泰豐,10,0,10,元大-四維,2024-08-26,9831
6189,豐藝,10,0,10,元大-四維,2024-08-26,9831
2351,順德,10,0,10,元大-四維,2024-08-26,9831
00946,群益科技高息成長,10,1,9,元大-四維,2024-08-26,9831
2486,一詮,11,2,9,元大-四維,2024-08-26,9831
1309,台達化,9,0,9,元大-四維,2024-08-26,9831
3583,辛耘,20,11,9,元大-四維,2024-08-26,9831
2603,長榮,248,3,245,元大-四維,2024-08-27,9831
00937B,群益ESG投等債20,186,1,185,元大-四維,2024-08-27,9831
8027,鈦昇,89,8,81,元大-四維,2024-08-27,9831
2801,彰銀,85,5,80,元大-四維,2024-08-27,9831
2891,中信金,269,189,80,元大-四維,2024-08-27,9831
2887,台新金,81,3,78,元大-四維,2024-08-27,9831
2353,宏��,76,7,69,元大-四維,2024-08-27,9831
8354,冠好,69,0,69,元大-四維,2024-08-27,9831
2883,凱基金,67,6,61,元大-四維,2024-08-27,9831
2323,中環,53,1,52,元大-四維,2024-08-27,9831
2609,陽明,49,13,36,元大-四維,2024-08-27,9831
00795B,中信美國公債20年,50,15,35,元大-四維,2024-08-27,9831
00753L,中信中國50正2,31,0,31,元大-四維,2024-08-27,9831
2606,裕民,31,2,29,元大-四維,2024-08-27,9831
00945B,凱基美國非投等債,29,0,29,元大-四維,2024-08-27,9831
00933B,國泰10Y+金融債,28,0,28,元大-四維,2024-08-27,9831
8086,宏捷科,31,3,28,元大-四維,2024-08-27,9831
4726,永昕,26,0,26,元大-四維,2024-08-27,9831
4510,高鋒,43,18,25,元大-四維,2024-08-27,9831
00772B,中信高評級公司債,25,0,25,元大-四維,2024-08-27,9831
00680L,元大美債20正2,24,0,24,元大-四維,2024-08-27,9831
2356,英業達,26,3,23,元大-四維,2024-08-27,9831
00948B,中信優息投資級債,21,0,21,元大-四維,2024-08-27,9831
3550,聯穎,24,3,21,元大-四維,2024-08-27,9831
1608,華榮,20,0,20,元大-四維,2024-08-27,9831
2838,聯邦銀,30,10,20,元大-四維,2024-08-27,9831
1587,吉茂,19,0,19,元大-四維,2024-08-27,9831
2349,錸德,32,14,18,元大-四維,2024-08-27,9831
2337,旺宏,19,1,18,元大-四維,2024-08-27,9831
2331,精英,20,2,18,元大-四維,2024-08-27,9831
2610,華航,18,0,18,元大-四維,2024-08-27,9831
00881,國泰台灣5G+,17,0,17,元大-四維,2024-08-27,9831
1101,台泥,17,0,17,元大-四維,2024-08-27,9831
2409,友達,43,26,17,元大-四維,2024-08-27,9831
00655L,國泰中國A50正2,16,0,16,元大-四維,2024-08-27,9831
8064,東捷,36,20,16,元大-四維,2024-08-27,9831
2201,裕隆,16,0,16,元大-四維,2024-08-27,9831
5880,合庫金,22,7,15,元大-四維,2024-08-27,9831
3028,增你強,15,0,15,元大-四維,2024-08-27,9831
00953B,群益優選非投等債,15,0,15,元大-四維,2024-08-27,9831
3673,TPK-KY,20,5,15,元大-四維,2024-08-27,9831
2317,鴻海,31,16,15,元大-四維,2024-08-27,9831
3711,日月光投控,15,1,14,元大-四維,2024-08-27,9831
00720B,元大投資級公司債,14,0,14,元大-四維,2024-08-27,9831
3339,泰谷,14,0,14,元大-四維,2024-08-27,9831
4564,元翎,16,2,14,元大-四維,2024-08-27,9831
6838,台新藥,14,0,14,元大-四維,2024-08-27,9831
2615,萬海,24,11,13,元大-四維,2024-08-27,9831
2880,華南金,15,2,13,元大-四維,2024-08-27,9831
3033,威健,23,10,13,元大-四維,2024-08-27,9831
00632R,元大台灣50反1,181,5,176,元大-四維,2024-08-28,9831
3149,正達,243,78,165,元大-四維,2024-08-28,9831
00655L,國泰中國A50正2,100,0,100,元大-四維,2024-08-28,9831
2887,台新金,84,7,77,元大-四維,2024-08-28,9831
00937B,群益ESG投等債20,72,0,72,元大-四維,2024-08-28,9831
00637L,元大滬深300正2,71,7,64,元大-四維,2024-08-28,9831
2891,中信金,70,9,61,元大-四維,2024-08-28,9831
00929,復華台灣科技優息,61,2,59,元大-四維,2024-08-28,9831
2537,聯上發,49,0,49,元大-四維,2024-08-28,9831
2313,華通,64,21,43,元大-四維,2024-08-28,9831
2890,永豐金,76,36,40,元大-四維,2024-08-28,9831
8121,越峰,41,1,40,元大-四維,2024-08-28,9831
00919,群益台灣精選高息,41,3,38,元大-四維,2024-08-28,9831
8028,昇陽半導體,48,11,37,元大-四維,2024-08-28,9831
00720B,元大投資級公司債,35,0,35,元大-四維,2024-08-28,9831
3059,華晶科,32,0,32,元大-四維,2024-08-28,9831
1314,中石化,92,61,31,元大-四維,2024-08-28,9831
00665L,富邦�琤肭磪囓�2,30,0,30,元大-四維,2024-08-28,9831
2002,中鋼,43,13,30,元大-四維,2024-08-28,9831
00948B,中信優息投資級債,29,0,29,元大-四維,2024-08-28,9831
00687B,國泰20年美債,28,0,28,元大-四維,2024-08-28,9831
6877,鏵友益,31,3,28,元大-四維,2024-08-28,9831
8039,台虹,47,20,27,元大-四維,2024-08-28,9831
00679B,元大美債20年,41,15,26,元大-四維,2024-08-28,9831
2464,盟立,41,15,26,元大-四維,2024-08-28,9831
2365,昆盈,35,11,24,元大-四維,2024-08-28,9831
2610,華航,30,6,24,元大-四維,2024-08-28,9831
00878,國泰永續高股息,27,4,23,元大-四維,2024-08-28,9831
00673R,期元大S＆P原油反1,23,0,23,元大-四維,2024-08-28,9831
00688L,國泰20年美債正2,22,0,22,元大-四維,2024-08-28,9831
8064,東捷,87,66,21,元大-四維,2024-08-28,9831
6244,茂迪,24,3,21,元大-四維,2024-08-28,9831
3005,神基,20,0,20,元大-四維,2024-08-28,9831
6753,龍德造船,26,6,20,元大-四維,2024-08-28,9831
2409,友達,51,31,20,元大-四維,2024-08-28,9831
00959B,大華投等美債15Y+,19,0,19,元大-四維,2024-08-28,9831
9105,泰金寶-DR,25,6,19,元大-四維,2024-08-28,9831
1584,精剛,20,1,19,元大-四維,2024-08-28,9831
3033,威健,16,0,16,元大-四維,2024-08-28,9831
5871,中租-KY,17,2,15,元大-四維,2024-08-28,9831
4534,慶騰,17,2,15,元大-四維,2024-08-28,9831
3402,漢科,16,1,15,元大-四維,2024-08-28,9831
5484,慧友,14,0,14,元大-四維,2024-08-28,9831
6164,華興,14,0,14,元大-四維,2024-08-28,9831
2392,正崴,33,20,13,元大-四維,2024-08-28,9831
5443,均豪,95,82,13,元大-四維,2024-08-28,9831
00881,國泰台灣5G+,14,1,13,元大-四維,2024-08-28,9831
3580,友威科,123,110,13,元大-四維,2024-08-28,9831
2402,毅嘉,27,14,13,元大-四維,2024-08-28,9831
2331,精英,13,1,12,元大-四維,2024-08-28,9831
00937B,群益ESG投等債20,329,17,312,元大-四維,2024-08-29,9831
00687B,國泰20年美債,214,2,212,元大-四維,2024-08-29,9831
2891,中信金,135,13,122,元大-四維,2024-08-29,9831
2867,三商壽,107,3,104,元大-四維,2024-08-29,9831
2887,台新金,73,2,71,元大-四維,2024-08-29,9831
00878,國泰永續高股息,72,4,68,元大-四維,2024-08-29,9831
00940,元大台灣價值高息,115,50,65,元大-四維,2024-08-29,9831
00679B,元大美債20年,75,11,64,元大-四維,2024-08-29,9831
3047,訊舟,71,8,63,元大-四維,2024-08-29,9831
00720B,元大投資級公司債,56,0,56,元大-四維,2024-08-29,9831
00929,復華台灣科技優息,52,4,48,元大-四維,2024-08-29,9831
00919,群益台灣精選高息,58,14,44,元大-四維,2024-08-29,9831
00680L,元大美債20正2,32,3,29,元大-四維,2024-08-29,9831
2317,鴻海,51,22,29,元大-四維,2024-08-29,9831
3481,群創,94,66,28,元大-四維,2024-08-29,9831
3149,正達,60,32,28,元大-四維,2024-08-29,9831
4726,永昕,27,0,27,元大-四維,2024-08-29,9831
00959B,大華投等美債15Y+,25,0,25,元大-四維,2024-08-29,9831
00948B,中信優息投資級債,24,0,24,元大-四維,2024-08-29,9831
6806,森崴能源,25,1,24,元大-四維,2024-08-29,9831
00907,永豐優息存股,24,2,22,元大-四維,2024-08-29,9831
1609,大亞,24,2,22,元大-四維,2024-08-29,9831
2362,藍天,23,1,22,元大-四維,2024-08-29,9831
2353,宏��,24,3,21,元大-四維,2024-08-29,9831
2890,永豐金,49,28,21,元大-四維,2024-08-29,9831
5876,上海商銀,20,0,20,元大-四維,2024-08-29,9831
2838,聯邦銀,20,0,20,元大-四維,2024-08-29,9831
2392,正崴,26,6,20,元大-四維,2024-08-29,9831
2610,華航,22,2,20,元大-四維,2024-08-29,9831
1101,台泥,20,1,19,元大-四維,2024-08-29,9831
4510,高鋒,50,31,19,元大-四維,2024-08-29,9831
00923,群益台ESG低碳50,18,0,18,元大-四維,2024-08-29,9831
00918,大華優利高填息30,18,0,18,元大-四維,2024-08-29,9831
3450,聯鈞,46,29,17,元大-四維,2024-08-29,9831
6125,廣運,19,3,16,元大-四維,2024-08-29,9831
00936,台新永續高息中小,16,0,16,元大-四維,2024-08-29,9831
8086,宏捷科,25,9,16,元大-四維,2024-08-29,9831
4555,氣立,29,13,16,元大-四維,2024-08-29,9831
2409,友達,30,14,16,元大-四維,2024-08-29,9831
2515,中工,16,1,15,元大-四維,2024-08-29,9831
3550,聯穎,24,9,15,元大-四維,2024-08-29,9831
8096,擎亞,24,9,15,元大-四維,2024-08-29,9831
8996,高力,16,2,14,元大-四維,2024-08-29,9831
5439,高技,18,4,14,元大-四維,2024-08-29,9831
2421,建準,16,2,14,元大-四維,2024-08-29,9831
2484,希華,14,0,14,元大-四維,2024-08-29,9831
8011,台通,15,1,14,元大-四維,2024-08-29,9831
00947,台新臺灣IC設計,13,0,13,元大-四維,2024-08-29,9831
00665L,富邦�琤肭磪囓�2,14,1,13,元大-四維,2024-08-29,9831
3265,台星科,13,0,13,元大-四維,2024-08-29,9831
1314,中石化,409,126,283,元大-四維,2024-08-30,9831
1711,永光,233,55,178,元大-四維,2024-08-30,9831
00680L,元大美債20正2,173,0,173,元大-四維,2024-08-30,9831
00937B,群益ESG投等債20,130,4,126,元大-四維,2024-08-30,9831
3481,群創,198,75,123,元大-四維,2024-08-30,9831
00687B,國泰20年美債,88,0,88,元大-四維,2024-08-30,9831
2367,燿華,252,182,70,元大-四維,2024-08-30,9831
00688L,國泰20年美債正2,64,5,59,元大-四維,2024-08-30,9831
4564,元翎,54,0,54,元大-四維,2024-08-30,9831
2891,中信金,78,25,53,元大-四維,2024-08-30,9831
2801,彰銀,50,0,50,元大-四維,2024-08-30,9831
2323,中環,51,6,45,元大-四維,2024-08-30,9831
2317,鴻海,53,14,39,元大-四維,2024-08-30,9831
4958,臻鼎-KY,42,4,38,元大-四維,2024-08-30,9831
00650L,復華香港正2,41,4,37,元大-四維,2024-08-30,9831
3047,訊舟,40,4,36,元大-四維,2024-08-30,9831
6179,亞通,36,0,36,元大-四維,2024-08-30,9831
1718,中纖,35,0,35,元大-四維,2024-08-30,9831
00679B,元大美債20年,42,12,30,元大-四維,2024-08-30,9831
4526,東台,86,57,29,元大-四維,2024-08-30,9831
6213,聯茂,38,12,26,元大-四維,2024-08-30,9831
00878,國泰永續高股息,26,2,24,元大-四維,2024-08-30,9831
3062,建漢,29,5,24,元大-四維,2024-08-30,9831
2425,承啟,45,22,23,元大-四維,2024-08-30,9831
00946,群益科技高息成長,21,0,21,元大-四維,2024-08-30,9831
2495,普安,21,0,21,元大-四維,2024-08-30,9831
1905,華紙,30,9,21,元大-四維,2024-08-30,9831
3015,全漢,21,1,20,元大-四維,2024-08-30,9831
00895,富邦未來車,19,0,19,元大-四維,2024-08-30,9831
3013,晟銘電,28,12,16,元大-四維,2024-08-30,9831
1303,南亞,16,0,16,元大-四維,2024-08-30,9831
2426,鼎元,38,22,16,元大-四維,2024-08-30,9831
4906,正文,25,10,15,元大-四維,2024-08-30,9831
1608,華榮,15,0,15,元大-四維,2024-08-30,9831
1584,精剛,18,4,14,元大-四維,2024-08-30,9831
6215,和椿,30,17,13,元大-四維,2024-08-30,9831
00720B,元大投資級公司債,13,0,13,元大-四維,2024-08-30,9831
6177,達麗,20,7,13,元大-四維,2024-08-30,9831
1721,三晃,21,8,13,元大-四維,2024-08-30,9831
1609,大亞,13,0,13,元大-四維,2024-08-30,9831
3037,欣興,48,36,12,元大-四維,2024-08-30,9831
1301,台塑,13,1,12,元大-四維,2024-08-30,9831
6153,嘉聯益,12,0,12,元大-四維,2024-08-30,9831
2618,長榮航,17,6,11,元大-四維,2024-08-30,9831
2376,技嘉,13,2,11,元大-四維,2024-08-30,9831
2314,台揚,14,3,11,元大-四維,2024-08-30,9831
1717,長興,11,0,11,元大-四維,2024-08-30,9831
3312,弘憶股,14,3,11,元大-四維,2024-08-30,9831
6698,旭暉應材,13,2,11,元大-四維,2024-08-30,9831
1101,台泥,11,0,11,元大-四維,2024-08-30,9831
2495,普安,334,6,328,元大-四維,2024-09-02,9831
00940,元大台灣價值高息,211,23,188,元大-四維,2024-09-02,9831
00715L,期街口布蘭特正2,172,0,172,元大-四維,2024-09-02,9831
00655L,國泰中國A50正2,100,0,100,元大-四維,2024-09-02,9831
00937B,群益ESG投等債20,111,20,91,元大-四維,2024-09-02,9831
00632R,元大台灣50反1,83,0,83,元大-四維,2024-09-02,9831
2609,陽明,83,2,81,元大-四維,2024-09-02,9831
2313,華通,184,117,67,元大-四維,2024-09-02,9831
00946,群益科技高息成長,66,0,66,元大-四維,2024-09-02,9831
00915,凱基優選高股息30,66,1,65,元大-四維,2024-09-02,9831
00637L,元大滬深300正2,63,0,63,元大-四維,2024-09-02,9831
3447,展達,55,0,55,元大-四維,2024-09-02,9831
00642U,期元大S＆P石油,54,0,54,元大-四維,2024-09-02,9831
00919,群益台灣精選高息,60,6,54,元大-四維,2024-09-02,9831
6290,良維,52,1,51,元大-四維,2024-09-02,9831
00665L,富邦�琤肭磪囓�2,44,0,44,元大-四維,2024-09-02,9831
1314,中石化,245,202,43,元大-四維,2024-09-02,9831
00934,中信成長高股息,43,0,43,元大-四維,2024-09-02,9831
00936,台新永續高息中小,43,1,42,元大-四維,2024-09-02,9831
00764B,群益25年美債,40,0,40,元大-四維,2024-09-02,9831
2838,聯邦銀,50,10,40,元大-四維,2024-09-02,9831
00929,復華台灣科技優息,50,11,39,元大-四維,2024-09-02,9831
1718,中纖,38,0,38,元大-四維,2024-09-02,9831
3481,群創,79,42,37,元大-四維,2024-09-02,9831
00687B,國泰20年美債,48,11,37,元大-四維,2024-09-02,9831
8043,蜜望實,39,2,37,元大-四維,2024-09-02,9831
00918,大華優利高填息30,38,1,37,元大-四維,2024-09-02,9831
4977,眾達-KY,35,0,35,元大-四維,2024-09-02,9831
00679B,元大美債20年,56,25,31,元大-四維,2024-09-02,9831
3715,定穎投控,39,9,30,元大-四維,2024-09-02,9831
4513,福裕,31,3,28,元大-四維,2024-09-02,9831
1301,台塑,36,10,26,元大-四維,2024-09-02,9831
00795B,中信美國公債20年,26,0,26,元大-四維,2024-09-02,9831
2891,中信金,31,6,25,元大-四維,2024-09-02,9831
00959B,大華投等美債15Y+,23,0,23,元大-四維,2024-09-02,9831
1447,力鵬,20,0,20,元大-四維,2024-09-02,9831
2426,鼎元,42,22,20,元大-四維,2024-09-02,9831
6538,倉和,20,0,20,元大-四維,2024-09-02,9831
5508,永信建,24,4,20,元大-四維,2024-09-02,9831
6609,瀧澤科,20,1,19,元大-四維,2024-09-02,9831
6770,力積電,20,1,19,元大-四維,2024-09-02,9831
2317,鴻海,28,10,18,元大-四維,2024-09-02,9831
3149,正達,41,24,17,元大-四維,2024-09-02,9831
6151,晉倫,18,1,17,元大-四維,2024-09-02,9831
2405,輔信,17,0,17,元大-四維,2024-09-02,9831
6505,台塑化,17,1,16,元大-四維,2024-09-02,9831
00688L,國泰20年美債正2,16,0,16,元大-四維,2024-09-02,9831
3260,威剛,17,1,16,元大-四維,2024-09-02,9831
2537,聯上發,16,0,16,元大-四維,2024-09-02,9831
1303,南亞,16,0,16,元大-四維,2024-09-02,9831
00940,元大台灣價值高息,620,61,559,元大-四維,2024-09-03,9831
00919,群益台灣精選高息,368,70,298,元大-四維,2024-09-03,9831
2367,燿華,158,10,148,元大-四維,2024-09-03,9831
2323,中環,98,7,91,元大-四維,2024-09-03,9831
3231,緯創,86,5,81,元大-四維,2024-09-03,9831
2891,中信金,76,4,72,元大-四維,2024-09-03,9831
00637L,元大滬深300正2,72,4,68,元大-四維,2024-09-03,9831
00929,復華台灣科技優息,105,44,61,元大-四維,2024-09-03,9831
6151,晉倫,121,60,61,元大-四維,2024-09-03,9831
00878,國泰永續高股息,63,6,57,元大-四維,2024-09-03,9831
00918,大華優利高填息30,75,21,54,元大-四維,2024-09-03,9831
00915,凱基優選高股息30,53,0,53,元大-四維,2024-09-03,9831
2838,聯邦銀,50,0,50,元大-四維,2024-09-03,9831
3047,訊舟,107,59,48,元大-四維,2024-09-03,9831
00687B,國泰20年美債,83,41,42,元大-四維,2024-09-03,9831
2887,台新金,41,1,40,元大-四維,2024-09-03,9831
00937B,群益ESG投等債20,46,8,38,元大-四維,2024-09-03,9831
3037,欣興,35,2,33,元大-四維,2024-09-03,9831
2002,中鋼,50,19,31,元大-四維,2024-09-03,9831
00888,永豐台灣ESG,30,0,30,元大-四維,2024-09-03,9831
1785,光洋科,45,15,30,元大-四維,2024-09-03,9831
8027,鈦昇,98,69,29,元大-四維,2024-09-03,9831
2312,金寶,28,0,28,元大-四維,2024-09-03,9831
1815,富喬,41,13,28,元大-四維,2024-09-03,9831
5880,合庫金,27,0,27,元大-四維,2024-09-03,9831
00933B,國泰10Y+金融債,28,1,27,元大-四維,2024-09-03,9831
2606,裕民,26,0,26,元大-四維,2024-09-03,9831
8096,擎亞,31,7,24,元大-四維,2024-09-03,9831
3577,泓格,27,3,24,元大-四維,2024-09-03,9831
2890,永豐金,24,0,24,元大-四維,2024-09-03,9831
6442,光聖,29,5,24,元大-四維,2024-09-03,9831
3189,景碩,28,5,23,元大-四維,2024-09-03,9831
1101,台泥,23,0,23,元大-四維,2024-09-03,9831
00907,永豐優息存股,22,0,22,元大-四維,2024-09-03,9831
3707,漢磊,23,1,22,元大-四維,2024-09-03,9831
8070,長華*,26,5,21,元大-四維,2024-09-03,9831
2515,中工,18,0,18,元大-四維,2024-09-03,9831
2486,一詮,26,8,18,元大-四維,2024-09-03,9831
4919,新唐,18,0,18,元大-四維,2024-09-03,9831
00921,兆豐龍頭等權重,18,0,18,元大-四維,2024-09-03,9831
2409,友達,24,6,18,元大-四維,2024-09-03,9831
1905,華紙,17,1,16,元大-四維,2024-09-03,9831
2359,所羅門,27,12,15,元大-四維,2024-09-03,9831
3518,柏騰,15,0,15,元大-四維,2024-09-03,9831
6179,亞通,16,2,14,元大-四維,2024-09-03,9831
5452,佶優,16,2,14,元大-四維,2024-09-03,9831
6538,倉和,13,0,13,元大-四維,2024-09-03,9831
00772B,中信高評級公司債,13,0,13,元大-四維,2024-09-03,9831
1605,華新,12,0,12,元大-四維,2024-09-03,9831
00900,富邦特選高股息30,12,0,12,元大-四維,2024-09-03,9831
00919,群益台灣精選高息,398,32,366,元大-四維,2024-09-04,9831
00929,復華台灣科技優息,343,39,304,元大-四維,2024-09-04,9831
00940,元大台灣價值高息,312,50,262,元大-四維,2024-09-04,9831
00715L,期街口布蘭特正2,260,0,260,元大-四維,2024-09-04,9831
00688L,國泰20年美債正2,201,6,195,元大-四維,2024-09-04,9831
2838,聯邦銀,190,0,190,元大-四維,2024-09-04,9831
0056,元大高股息,192,8,184,元大-四維,2024-09-04,9831
2014,中鴻,171,0,171,元大-四維,2024-09-04,9831
2891,中信金,177,6,171,元大-四維,2024-09-04,9831
00878,國泰永續高股息,205,39,166,元大-四維,2024-09-04,9831
6606,建德工業,151,11,140,元大-四維,2024-09-04,9831
2330,台積電,114,13,101,元大-四維,2024-09-04,9831
00918,大華優利高填息30,94,0,94,元大-四維,2024-09-04,9831
0050,元大台灣50,87,2,85,元大-四維,2024-09-04,9831
00680L,元大美債20正2,143,62,81,元大-四維,2024-09-04,9831
2609,陽明,115,35,80,元大-四維,2024-09-04,9831
2834,臺企銀,77,0,77,元大-四維,2024-09-04,9831
00642U,期元大S＆P石油,71,0,71,元大-四維,2024-09-04,9831
3481,群創,74,8,66,元大-四維,2024-09-04,9831
4958,臻鼎-KY,64,2,62,元大-四維,2024-09-04,9831
2002,中鋼,69,8,61,元大-四維,2024-09-04,9831
00946,群益科技高息成長,58,0,58,元大-四維,2024-09-04,9831
1536,和大,61,5,56,元大-四維,2024-09-04,9831
1326,台化,56,0,56,元大-四維,2024-09-04,9831
5880,合庫金,79,24,55,元大-四維,2024-09-04,9831
1301,台塑,58,3,55,元大-四維,2024-09-04,9831
1722,台肥,52,0,52,元大-四維,2024-09-04,9831
2382,廣達,74,22,52,元大-四維,2024-09-04,9831
00943,兆豐電子高息等權,45,0,45,元大-四維,2024-09-04,9831
3037,欣興,45,2,43,元大-四維,2024-09-04,9831
2208,台船,49,7,42,元大-四維,2024-09-04,9831
00881,國泰台灣5G+,40,0,40,元大-四維,2024-09-04,9831
6125,廣運,50,11,39,元大-四維,2024-09-04,9831
3289,宜特,36,0,36,元大-四維,2024-09-04,9831
00915,凱基優選高股息30,36,0,36,元大-四維,2024-09-04,9831
6770,力積電,37,5,32,元大-四維,2024-09-04,9831
2836,高雄銀,33,2,31,元大-四維,2024-09-04,9831
00665L,富邦�琤肭磪囓�2,30,0,30,元大-四維,2024-09-04,9831
2426,鼎元,32,2,30,元大-四維,2024-09-04,9831
2317,鴻海,96,68,28,元大-四維,2024-09-04,9831
1815,富喬,33,6,27,元大-四維,2024-09-04,9831
2886,兆豐金,36,10,26,元大-四維,2024-09-04,9831
2887,台新金,32,7,25,元大-四維,2024-09-04,9831
2801,彰銀,27,3,24,元大-四維,2024-09-04,9831
00930,永豐ESG低碳高息,24,0,24,元大-四維,2024-09-04,9831
00923,群益台ESG低碳50,24,0,24,元大-四維,2024-09-04,9831
2610,華航,23,0,23,元大-四維,2024-09-04,9831
4510,高鋒,140,117,23,元大-四維,2024-09-04,9831
006208,富邦台50,23,0,23,元大-四維,2024-09-04,9831
00713,元大台灣高息低波,30,8,22,元大-四維,2024-09-04,9831
00943,兆豐電子高息等權,291,0,291,元大-四維,2024-09-05,9831
00919,群益台灣精選高息,207,2,205,元大-四維,2024-09-05,9831
2353,宏��,163,13,150,元大-四維,2024-09-05,9831
00918,大華優利高填息30,152,11,141,元大-四維,2024-09-05,9831
00878,國泰永續高股息,130,10,120,元大-四維,2024-09-05,9831
2313,華通,134,19,115,元大-四維,2024-09-05,9831
00952,凱基台灣AI50,81,0,81,元大-四維,2024-09-05,9831
2317,鴻海,104,23,81,元大-四維,2024-09-05,9831
00929,復華台灣科技優息,111,30,81,元大-四維,2024-09-05,9831
00632R,元大台灣50反1,129,63,66,元大-四維,2024-09-05,9831
1711,永光,129,66,63,元大-四維,2024-09-05,9831
2867,三商壽,75,16,59,元大-四維,2024-09-05,9831
00946,群益科技高息成長,100,43,57,元大-四維,2024-09-05,9831
00715L,期街口布蘭特正2,47,0,47,元大-四維,2024-09-05,9831
00915,凱基優選高股息30,50,6,44,元大-四維,2024-09-05,9831
2882,國泰金,61,18,43,元大-四維,2024-09-05,9831
1314,中石化,340,301,39,元大-四維,2024-09-05,9831
2610,華航,46,8,38,元大-四維,2024-09-05,9831
00945B,凱基美國非投等債,37,0,37,元大-四維,2024-09-05,9831
00642U,期元大S＆P石油,33,0,33,元大-四維,2024-09-05,9831
1504,東元,34,4,30,元大-四維,2024-09-05,9831
6217,中探針,41,11,30,元大-四維,2024-09-05,9831
3580,友威科,49,20,29,元大-四維,2024-09-05,9831
00951,台新日本半導體,28,0,28,元大-四維,2024-09-05,9831
2002,中鋼,27,2,25,元大-四維,2024-09-05,9831
8091,翔名,31,10,21,元大-四維,2024-09-05,9831
00739,元大MSCI A股,20,0,20,元大-四維,2024-09-05,9831
2331,精英,23,6,17,元大-四維,2024-09-05,9831
00712,復華富時不動產,22,5,17,元大-四維,2024-09-05,9831
5880,合庫金,39,22,17,元大-四維,2024-09-05,9831
4906,正文,24,8,16,元大-四維,2024-09-05,9831
3189,景碩,19,4,15,元大-四維,2024-09-05,9831
3380,明泰,15,0,15,元大-四維,2024-09-05,9831
2887,台新金,17,3,14,元大-四維,2024-09-05,9831
6538,倉和,15,1,14,元大-四維,2024-09-05,9831
3013,晟銘電,28,15,13,元大-四維,2024-09-05,9831
3498,陽程,13,0,13,元大-四維,2024-09-05,9831
00665L,富邦�琤肭磪囓�2,13,0,13,元大-四維,2024-09-05,9831
00713,元大台灣高息低波,13,1,12,元大-四維,2024-09-05,9831
6770,力積電,15,3,12,元大-四維,2024-09-05,9831
0056,元大高股息,21,9,12,元大-四維,2024-09-05,9831
00933B,國泰10Y+金融債,11,0,11,元大-四維,2024-09-05,9831
8096,擎亞,14,3,11,元大-四維,2024-09-05,9831
1303,南亞,21,10,11,元大-四維,2024-09-05,9831
6269,台郡,11,0,11,元大-四維,2024-09-05,9831
1101,台泥,10,0,10,元大-四維,2024-09-05,9831
2486,一詮,28,18,10,元大-四維,2024-09-05,9831
8404,百和興業-KY,10,0,10,元大-四維,2024-09-05,9831
2520,冠德,14,4,10,元大-四維,2024-09-05,9831
00671R,富邦NASDAQ反1,10,0,10,元大-四維,2024-09-05,9831
00929,復華台灣科技優息,126,14,112,元大-四維,2024-09-06,9831
00632R,元大台灣50反1,84,0,84,元大-四維,2024-09-06,9831
00918,大華優利高填息30,80,4,76,元大-四維,2024-09-06,9831
2313,華通,208,139,69,元大-四維,2024-09-06,9831
00940,元大台灣價值高息,101,32,69,元大-四維,2024-09-06,9831
00688L,國泰20年美債正2,56,10,46,元大-四維,2024-09-06,9831
2838,聯邦銀,68,30,38,元大-四維,2024-09-06,9831
2420,新巨,35,0,35,元大-四維,2024-09-06,9831
00919,群益台灣精選高息,50,16,34,元大-四維,2024-09-06,9831
00945B,凱基美國非投等債,40,11,29,元大-四維,2024-09-06,9831
3481,群創,28,1,27,元大-四維,2024-09-06,9831
00679B,元大美債20年,40,16,24,元大-四維,2024-09-06,9831
2882,國泰金,25,2,23,元大-四維,2024-09-06,9831
2888,新光金,33,10,23,元大-四維,2024-09-06,9831
2867,三商壽,29,7,22,元大-四維,2024-09-06,9831
2409,友達,42,21,21,元大-四維,2024-09-06,9831
6770,力積電,20,0,20,元大-四維,2024-09-06,9831
00878,國泰永續高股息,35,15,20,元大-四維,2024-09-06,9831
00948B,中信優息投資級債,20,2,18,元大-四維,2024-09-06,9831
0056,元大高股息,18,0,18,元大-四維,2024-09-06,9831
2317,鴻海,27,9,18,元大-四維,2024-09-06,9831
1815,富喬,22,6,16,元大-四維,2024-09-06,9831
6217,中探針,17,1,16,元大-四維,2024-09-06,9831
2618,長榮航,32,16,16,元大-四維,2024-09-06,9831
2337,旺宏,16,0,16,元大-四維,2024-09-06,9831
00642U,期元大S＆P石油,15,0,15,元大-四維,2024-09-06,9831
1303,南亞,19,5,14,元大-四維,2024-09-06,9831
00715L,期街口布蘭特正2,14,0,14,元大-四維,2024-09-06,9831
3019,亞光,16,2,14,元大-四維,2024-09-06,9831
2344,華邦電,15,1,14,元大-四維,2024-09-06,9831
2464,盟立,21,8,13,元大-四維,2024-09-06,9831
2489,瑞軒,45,32,13,元大-四維,2024-09-06,9831
6405,悅城,27,15,12,元大-四維,2024-09-06,9831
8070,長華*,16,4,12,元大-四維,2024-09-06,9831
4974,亞泰,13,1,12,元大-四維,2024-09-06,9831
2243,宏旭-KY,12,0,12,元大-四維,2024-09-06,9831
00952,凱基台灣AI50,12,0,12,元大-四維,2024-09-06,9831
1301,台塑,16,5,11,元大-四維,2024-09-06,9831
2367,燿華,14,3,11,元大-四維,2024-09-06,9831
6274,台燿,14,3,11,元大-四維,2024-09-06,9831
00935,野村臺灣新科技50,11,0,11,元大-四維,2024-09-06,9831
2383,台光電,16,5,11,元大-四維,2024-09-06,9831
8121,越峰,11,0,11,元大-四維,2024-09-06,9831
00934,中信成長高股息,11,1,10,元大-四維,2024-09-06,9831
8104,錸寶,10,0,10,元大-四維,2024-09-06,9831
2472,立隆電,11,1,10,元大-四維,2024-09-06,9831
6133,金橋,10,0,10,元大-四維,2024-09-06,9831
2607,榮運,10,0,10,元大-四維,2024-09-06,9831
3711,日月光投控,10,0,10,元大-四維,2024-09-06,9831
1711,永光,23,14,9,元大-四維,2024-09-06,9831
00919,群益台灣精選高息,280,35,245,元大-四維,2024-09-09,9831
00948B,中信優息投資級債,175,0,175,元大-四維,2024-09-09,9831
00929,復華台灣科技優息,192,26,166,元大-四維,2024-09-09,9831
2836,高雄銀,130,0,130,元大-四維,2024-09-09,9831
00687B,國泰20年美債,143,21,122,元大-四維,2024-09-09,9831
00918,大華優利高填息30,113,1,112,元大-四維,2024-09-09,9831
2609,陽明,110,9,101,元大-四維,2024-09-09,9831
00878,國泰永續高股息,112,13,99,元大-四維,2024-09-09,9831
2891,中信金,95,7,88,元大-四維,2024-09-09,9831
2002,中鋼,83,14,69,元大-四維,2024-09-09,9831
2317,鴻海,83,31,52,元大-四維,2024-09-09,9831
3715,定穎投控,71,26,45,元大-四維,2024-09-09,9831
00882,中信中國高股息,44,1,43,元大-四維,2024-09-09,9831
2885,元大金,47,4,43,元大-四維,2024-09-09,9831
2330,台積電,43,1,42,元大-四維,2024-09-09,9831
0056,元大高股息,38,3,35,元大-四維,2024-09-09,9831
3013,晟銘電,38,5,33,元大-四維,2024-09-09,9831
2329,華泰,36,3,33,元大-四維,2024-09-09,9831
2615,萬海,41,8,33,元大-四維,2024-09-09,9831
1301,台塑,39,8,31,元大-四維,2024-09-09,9831
2208,台船,48,20,28,元大-四維,2024-09-09,9831
00934,中信成長高股息,27,0,27,元大-四維,2024-09-09,9831
0050,元大台灣50,25,0,25,元大-四維,2024-09-09,9831
8249,菱光,56,33,23,元大-四維,2024-09-09,9831
00665L,富邦�琤肭磪囓�2,23,0,23,元大-四維,2024-09-09,9831
00881,國泰台灣5G+,26,3,23,元大-四維,2024-09-09,9831
6505,台塑化,22,0,22,元大-四維,2024-09-09,9831
2382,廣達,23,1,22,元大-四維,2024-09-09,9831
2881,富邦金,23,2,21,元大-四維,2024-09-09,9831
6114,久威,21,0,21,元大-四維,2024-09-09,9831
2867,三商壽,24,3,21,元大-四維,2024-09-09,9831
5483,中美晶,21,1,20,元大-四維,2024-09-09,9831
2323,中環,20,0,20,元大-四維,2024-09-09,9831
1618,合機,20,0,20,元大-四維,2024-09-09,9831
2313,華通,41,23,18,元大-四維,2024-09-09,9831
00952,凱基台灣AI50,18,0,18,元大-四維,2024-09-09,9831
2405,輔信,17,0,17,元大-四維,2024-09-09,9831
5880,合庫金,51,35,16,元大-四維,2024-09-09,9831
00951,台新日本半導體,18,2,16,元大-四維,2024-09-09,9831
2303,聯電,21,6,15,元大-四維,2024-09-09,9831
5469,瀚宇博,15,0,15,元大-四維,2024-09-09,9831
2892,第一金,15,0,15,元大-四維,2024-09-09,9831
2027,大成鋼,15,0,15,元大-四維,2024-09-09,9831
3481,群創,40,26,14,元大-四維,2024-09-09,9831
8064,東捷,17,3,14,元大-四維,2024-09-09,9831
4513,福裕,21,7,14,元大-四維,2024-09-09,9831
4958,臻鼎-KY,14,1,13,元大-四維,2024-09-09,9831
2420,新巨,14,1,13,元大-四維,2024-09-09,9831
6005,群益證,14,1,13,元大-四維,2024-09-09,9831
8027,鈦昇,13,0,13,元大-四維,2024-09-09,9831
00679B,元大美債20年,338,87,251,元大-四維,2024-09-10,9831
00687B,國泰20年美債,231,29,202,元大-四維,2024-09-10,9831
00688L,國泰20年美債正2,140,14,126,元大-四維,2024-09-10,9831
00919,群益台灣精選高息,183,65,118,元大-四維,2024-09-10,9831
00915,凱基優選高股息30,82,0,82,元大-四維,2024-09-10,9831
00929,復華台灣科技優息,139,60,79,元大-四維,2024-09-10,9831
2891,中信金,80,3,77,元大-四維,2024-09-10,9831
2497,怡利電,91,17,74,元大-四維,2024-09-10,9831
00878,國泰永續高股息,76,2,74,元大-四維,2024-09-10,9831
3481,群創,72,13,59,元大-四維,2024-09-10,9831
2014,中鴻,58,0,58,元大-四維,2024-09-10,9831
2002,中鋼,60,10,50,元大-四維,2024-09-10,9831
8064,東捷,57,7,50,元大-四維,2024-09-10,9831
3711,日月光投控,50,1,49,元大-四維,2024-09-10,9831
2409,友達,58,12,46,元大-四維,2024-09-10,9831
2426,鼎元,49,3,46,元大-四維,2024-09-10,9831
00940,元大台灣價值高息,98,54,44,元大-四維,2024-09-10,9831
2367,燿華,46,4,42,元大-四維,2024-09-10,9831
2382,廣達,50,8,42,元大-四維,2024-09-10,9831
5871,中租-KY,41,0,41,元大-四維,2024-09-10,9831
2838,聯邦銀,40,0,40,元大-四維,2024-09-10,9831
6838,台新藥,37,0,37,元大-四維,2024-09-10,9831
9945,潤泰新,36,0,36,元大-四維,2024-09-10,9831
00715L,期街口布蘭特正2,37,2,35,元大-四維,2024-09-10,9831
2313,華通,57,22,35,元大-四維,2024-09-10,9831
4510,高鋒,66,32,34,元大-四維,2024-09-10,9831
1806,冠軍,43,12,31,元大-四維,2024-09-10,9831
2337,旺宏,32,1,31,元大-四維,2024-09-10,9831
1307,三芳,35,4,31,元大-四維,2024-09-10,9831
5460,同協,41,10,31,元大-四維,2024-09-10,9831
1785,光洋科,34,4,30,元大-四維,2024-09-10,9831
00918,大華優利高填息30,32,5,27,元大-四維,2024-09-10,9831
2317,鴻海,50,23,27,元大-四維,2024-09-10,9831
2420,新巨,23,0,23,元大-四維,2024-09-10,9831
2006,東和鋼鐵,50,27,23,元大-四維,2024-09-10,9831
1314,中石化,130,109,21,元大-四維,2024-09-10,9831
00764B,群益25年美債,20,0,20,元大-四維,2024-09-10,9831
2402,毅嘉,29,9,20,元大-四維,2024-09-10,9831
2344,華邦電,20,0,20,元大-四維,2024-09-10,9831
4420,光明,27,7,20,元大-四維,2024-09-10,9831
00733,富邦臺灣中小,20,0,20,元大-四維,2024-09-10,9831
4909,新復興,34,14,20,元大-四維,2024-09-10,9831
3030,德律,20,0,20,元大-四維,2024-09-10,9831
1717,長興,18,0,18,元大-四維,2024-09-10,9831
2356,英業達,33,18,15,元大-四維,2024-09-10,9831
00713,元大台灣高息低波,18,3,15,元大-四維,2024-09-10,9831
3149,正達,23,8,15,元大-四維,2024-09-10,9831
1536,和大,19,4,15,元大-四維,2024-09-10,9831
6651,全宇昕,14,1,13,元大-四維,2024-09-10,9831
4513,福裕,20,7,13,元大-四維,2024-09-10,9831
2883,凱基金,488,10,478,元大-四維,2024-09-11,9831
00632R,元大台灣50反1,292,20,272,元大-四維,2024-09-11,9831
00679B,元大美債20年,385,184,201,元大-四維,2024-09-11,9831
00715L,期街口布蘭特正2,198,0,198,元大-四維,2024-09-11,9831
2891,中信金,189,25,164,元大-四維,2024-09-11,9831
00680L,元大美債20正2,170,19,151,元大-四維,2024-09-11,9831
00687B,國泰20年美債,175,55,120,元大-四維,2024-09-11,9831
4935,茂林-KY,84,2,82,元大-四維,2024-09-11,9831
00919,群益台灣精選高息,82,3,79,元大-四維,2024-09-11,9831
8114,振樺電,78,0,78,元大-四維,2024-09-11,9831
2887,台新金,112,35,77,元大-四維,2024-09-11,9831
00900,富邦特選高股息30,63,0,63,元大-四維,2024-09-11,9831
00688L,國泰20年美債正2,57,1,56,元大-四維,2024-09-11,9831
00878,國泰永續高股息,64,16,48,元大-四維,2024-09-11,9831
00642U,期元大S＆P石油,42,1,41,元大-四維,2024-09-11,9831
00936,台新永續高息中小,39,3,36,元大-四維,2024-09-11,9831
4714,永捷,32,0,32,元大-四維,2024-09-11,9831
00706L,期元大S＆P日圓正2,30,1,29,元大-四維,2024-09-11,9831
00918,大華優利高填息30,29,0,29,元大-四維,2024-09-11,9831
3580,友威科,30,3,27,元大-四維,2024-09-11,9831
00882,中信中國高股息,27,0,27,元大-四維,2024-09-11,9831
1522,堤維西,38,11,27,元大-四維,2024-09-11,9831
00937B,群益ESG投等債20,55,29,26,元大-四維,2024-09-11,9831
5483,中美晶,25,0,25,元大-四維,2024-09-11,9831
2002,中鋼,110,85,25,元大-四維,2024-09-11,9831
00713,元大台灣高息低波,25,0,25,元大-四維,2024-09-11,9831
00929,復華台灣科技優息,46,24,22,元大-四維,2024-09-11,9831
2867,三商壽,48,26,22,元大-四維,2024-09-11,9831
3057,喬鼎,20,0,20,元大-四維,2024-09-11,9831
9904,寶成,20,0,20,元大-四維,2024-09-11,9831
2426,鼎元,21,1,20,元大-四維,2024-09-11,9831
6134,萬旭,20,0,20,元大-四維,2024-09-11,9831
3715,定穎投控,27,8,19,元大-四維,2024-09-11,9831
2243,宏旭-KY,18,0,18,元大-四維,2024-09-11,9831
8070,長華*,24,6,18,元大-四維,2024-09-11,9831
00915,凱基優選高股息30,16,0,16,元大-四維,2024-09-11,9831
3047,訊舟,28,12,16,元大-四維,2024-09-11,9831
5608,四維航,16,0,16,元大-四維,2024-09-11,9831
00945B,凱基美國非投等債,16,0,16,元大-四維,2024-09-11,9831
3707,漢磊,19,4,15,元大-四維,2024-09-11,9831
00934,中信成長高股息,15,0,15,元大-四維,2024-09-11,9831
00952,凱基台灣AI50,15,0,15,元大-四維,2024-09-11,9831
4513,福裕,17,3,14,元大-四維,2024-09-11,9831
5880,合庫金,20,6,14,元大-四維,2024-09-11,9831
2495,普安,18,4,14,元大-四維,2024-09-11,9831
00665L,富邦�琤肭磪囓�2,12,0,12,元大-四維,2024-09-11,9831
2006,東和鋼鐵,11,0,11,元大-四維,2024-09-11,9831
00943,兆豐電子高息等權,11,0,11,元大-四維,2024-09-11,9831
0056,元大高股息,22,11,11,元大-四維,2024-09-11,9831
2408,南亞科,11,1,10,元大-四維,2024-09-11,9831
00632R,元大台灣50反1,279,101,178,元大-四維,2024-09-12,9831
2891,中信金,145,43,102,元大-四維,2024-09-12,9831
2504,國產,100,0,100,元大-四維,2024-09-12,9831
2362,藍天,70,3,67,元大-四維,2024-09-12,9831
6274,台燿,61,8,53,元大-四維,2024-09-12,9831
00900,富邦特選高股息30,54,2,52,元大-四維,2024-09-12,9831
6216,居易,52,3,49,元大-四維,2024-09-12,9831
3149,正達,58,12,46,元大-四維,2024-09-12,9831
4123,晟德,40,0,40,元大-四維,2024-09-12,9831
5608,四維航,37,0,37,元大-四維,2024-09-12,9831
00919,群益台灣精選高息,55,19,36,元大-四維,2024-09-12,9831
2070,精湛,36,7,29,元大-四維,2024-09-12,9831
3057,喬鼎,29,0,29,元大-四維,2024-09-12,9831
5522,遠雄,28,0,28,元大-四維,2024-09-12,9831
00915,凱基優選高股息30,27,0,27,元大-四維,2024-09-12,9831
3481,群創,42,16,26,元大-四維,2024-09-12,9831
4958,臻鼎-KY,25,2,23,元大-四維,2024-09-12,9831
5347,世界,25,5,20,元大-四維,2024-09-12,9831
6191,精成科,20,0,20,元大-四維,2024-09-12,9831
00676R,富邦臺灣加權反1,20,0,20,元大-四維,2024-09-12,9831
00671R,富邦NASDAQ反1,20,0,20,元大-四維,2024-09-12,9831
3017,奇鋐,32,13,19,元大-四維,2024-09-12,9831
00637L,元大滬深300正2,20,1,19,元大-四維,2024-09-12,9831
6505,台塑化,23,4,19,元大-四維,2024-09-12,9831
3163,波若威,32,14,18,元大-四維,2024-09-12,9831
5443,均豪,61,43,18,元大-四維,2024-09-12,9831
00641R,富邦日本反1,17,0,17,元大-四維,2024-09-12,9831
3264,欣銓,16,0,16,元大-四維,2024-09-12,9831
5876,上海商銀,16,0,16,元大-四維,2024-09-12,9831
1591,駿吉-KY,15,0,15,元大-四維,2024-09-12,9831
00881,國泰台灣5G+,26,12,14,元大-四維,2024-09-12,9831
00664R,國泰臺灣加權反1,20,6,14,元大-四維,2024-09-12,9831
2420,新巨,13,1,12,元大-四維,2024-09-12,9831
3019,亞光,14,2,12,元大-四維,2024-09-12,9831
2887,台新金,66,54,12,元大-四維,2024-09-12,9831
4513,福裕,17,6,11,元大-四維,2024-09-12,9831
00948B,中信優息投資級債,14,3,11,元大-四維,2024-09-12,9831
6111,大宇資,16,5,11,元大-四維,2024-09-12,9831
2208,台船,11,0,11,元大-四維,2024-09-12,9831
00918,大華優利高填息30,23,12,11,元大-四維,2024-09-12,9831
2520,冠德,10,0,10,元大-四維,2024-09-12,9831
3362,先進光,11,1,10,元大-四維,2024-09-12,9831
2030,彰源,10,0,10,元大-四維,2024-09-12,9831
4956,光鋐,12,2,10,元大-四維,2024-09-12,9831
3577,泓格,10,0,10,元大-四維,2024-09-12,9831
2340,台亞,10,0,10,元大-四維,2024-09-12,9831
2838,聯邦銀,40,30,10,元大-四維,2024-09-12,9831
3707,漢磊,12,2,10,元大-四維,2024-09-12,9831
00952,凱基台灣AI50,10,0,10,元大-四維,2024-09-12,9831
00937B,群益ESG投等債20,15,6,9,元大-四維,2024-09-12,9831
2883,凱基金,631,2,629,元大-四維,2024-09-13,9831
00688L,國泰20年美債正2,100,0,100,元大-四維,2024-09-13,9831
00929,復華台灣科技優息,110,25,85,元大-四維,2024-09-13,9831
2888,新光金,89,10,79,元大-四維,2024-09-13,9831
00919,群益台灣精選高息,62,6,56,元大-四維,2024-09-13,9831
3149,正達,79,31,48,元大-四維,2024-09-13,9831
00931B,統一美債20年,43,1,42,元大-四維,2024-09-13,9831
00715L,期街口布蘭特正2,41,0,41,元大-四維,2024-09-13,9831
00946,群益科技高息成長,42,2,40,元大-四維,2024-09-13,9831
3019,亞光,58,22,36,元大-四維,2024-09-13,9831
3264,欣銓,30,0,30,元大-四維,2024-09-13,9831
8114,振樺電,33,3,30,元大-四維,2024-09-13,9831
00918,大華優利高填息30,28,1,27,元大-四維,2024-09-13,9831
00933B,國泰10Y+金融債,25,0,25,元大-四維,2024-09-13,9831
2489,瑞軒,25,0,25,元大-四維,2024-09-13,9831
00713,元大台灣高息低波,24,1,23,元大-四維,2024-09-13,9831
8039,台虹,31,9,22,元大-四維,2024-09-13,9831
1815,富喬,25,3,22,元大-四維,2024-09-13,9831
6405,悅城,26,5,21,元大-四維,2024-09-13,9831
6134,萬旭,20,0,20,元大-四維,2024-09-13,9831
4979,華星光,61,42,19,元大-四維,2024-09-13,9831
6133,金橋,46,27,19,元大-四維,2024-09-13,9831
00878,國泰永續高股息,23,4,19,元大-四維,2024-09-13,9831
6152,百一,27,9,18,元大-四維,2024-09-13,9831
9958,世紀鋼,20,2,18,元大-四維,2024-09-13,9831
8105,凌巨,20,4,16,元大-四維,2024-09-13,9831
2357,華碩,20,4,16,元大-四維,2024-09-13,9831
00940,元大台灣價值高息,54,39,15,元大-四維,2024-09-13,9831
2402,毅嘉,20,5,15,元大-四維,2024-09-13,9831
00676R,富邦臺灣加權反1,20,5,15,元大-四維,2024-09-13,9831
00637L,元大滬深300正2,14,0,14,元大-四維,2024-09-13,9831
8011,台通,20,6,14,元大-四維,2024-09-13,9831
2610,華航,13,0,13,元大-四維,2024-09-13,9831
5608,四維航,13,0,13,元大-四維,2024-09-13,9831
4540,全球傳動,12,0,12,元大-四維,2024-09-13,9831
1540,喬福,45,33,12,元大-四維,2024-09-13,9831
1591,駿吉-KY,12,0,12,元大-四維,2024-09-13,9831
2314,台揚,14,2,12,元大-四維,2024-09-13,9831
00948B,中信優息投資級債,31,20,11,元大-四維,2024-09-13,9831
4510,高鋒,32,22,10,元大-四維,2024-09-13,9831
3265,台星科,11,1,10,元大-四維,2024-09-13,9831
3625,西勝,10,0,10,元大-四維,2024-09-13,9831
2030,彰源,10,0,10,元大-四維,2024-09-13,9831
2488,漢平,12,2,10,元大-四維,2024-09-13,9831
00751B,元大AAA至A公司債,10,0,10,元大-四維,2024-09-13,9831
2614,東森,10,0,10,元大-四維,2024-09-13,9831
4167,松瑞藥,10,0,10,元大-四維,2024-09-13,9831
5907,大洋-KY,10,0,10,元大-四維,2024-09-13,9831
00923,群益台ESG低碳50,10,0,10,元大-四維,2024-09-13,9831
2317,鴻海,11,2,9,元大-四維,2024-09-13,9831
2888,新光金,945,16,929,元大-四維,2024-09-16,9831
00918,大華優利高填息30,403,1,402,元大-四維,2024-09-16,9831
1314,中石化,390,49,341,元大-四維,2024-09-16,9831
1326,台化,209,3,206,元大-四維,2024-09-16,9831
00919,群益台灣精選高息,195,12,183,元大-四維,2024-09-16,9831
2317,鴻海,164,24,140,元大-四維,2024-09-16,9831
00687B,國泰20年美債,252,149,103,元大-四維,2024-09-16,9831
3033,威健,102,0,102,元大-四維,2024-09-16,9831
3360,尚立,102,11,91,元大-四維,2024-09-16,9831
6405,悅城,97,12,85,元大-四維,2024-09-16,9831
2867,三商壽,97,26,71,元大-四維,2024-09-16,9831
00915,凱基優選高股息30,54,0,54,元大-四維,2024-09-16,9831
00680L,元大美債20正2,49,0,49,元大-四維,2024-09-16,9831
2603,長榮,50,2,48,元大-四維,2024-09-16,9831
00948B,中信優息投資級債,45,0,45,元大-四維,2024-09-16,9831
2349,錸德,94,49,45,元大-四維,2024-09-16,9831
00946,群益科技高息成長,40,0,40,元大-四維,2024-09-16,9831
00937B,群益ESG投等債20,48,13,35,元大-四維,2024-09-16,9831
00773B,中信優先金融債,35,0,35,元大-四維,2024-09-16,9831
3289,宜特,39,7,32,元大-四維,2024-09-16,9831
00929,復華台灣科技優息,79,48,31,元大-四維,2024-09-16,9831
00713,元大台灣高息低波,28,0,28,元大-四維,2024-09-16,9831
00715L,期街口布蘭特正2,27,0,27,元大-四維,2024-09-16,9831
6456,GIS-KY,33,6,27,元大-四維,2024-09-16,9831
2801,彰銀,30,5,25,元大-四維,2024-09-16,9831
6191,精成科,25,0,25,元大-四維,2024-09-16,9831
6179,亞通,33,10,23,元大-四維,2024-09-16,9831
1307,三芳,25,2,23,元大-四維,2024-09-16,9831
00764B,群益25年美債,22,0,22,元大-四維,2024-09-16,9831
1711,永光,47,26,21,元大-四維,2024-09-16,9831
5347,世界,22,2,20,元大-四維,2024-09-16,9831
3231,緯創,29,10,19,元大-四維,2024-09-16,9831
4909,新復興,38,19,19,元大-四維,2024-09-16,9831
2313,華通,31,12,19,元大-四維,2024-09-16,9831
1569,濱川,23,5,18,元大-四維,2024-09-16,9831
00878,國泰永續高股息,27,11,16,元大-四維,2024-09-16,9831
00921,兆豐龍頭等權重,15,0,15,元大-四維,2024-09-16,9831
5309,系統電,15,0,15,元大-四維,2024-09-16,9831
00642U,期元大S＆P石油,14,0,14,元大-四維,2024-09-16,9831
00933B,國泰10Y+金融債,14,0,14,元大-四維,2024-09-16,9831
2609,陽明,16,3,13,元大-四維,2024-09-16,9831
00882,中信中國高股息,13,0,13,元大-四維,2024-09-16,9831
9935,慶豐富,33,20,13,元大-四維,2024-09-16,9831
3577,泓格,15,2,13,元大-四維,2024-09-16,9831
4566,時碩工業,18,6,12,元大-四維,2024-09-16,9831
2332,友訊,17,5,12,元大-四維,2024-09-16,9831
00945B,凱基美國非投等債,17,5,12,元大-四維,2024-09-16,9831
2420,新巨,14,2,12,元大-四維,2024-09-16,9831
3037,欣興,16,4,12,元大-四維,2024-09-16,9831
2881,富邦金,11,0,11,元大-四維,2024-09-16,9831
00687B,國泰20年美債,885,4,881,元大-四維,2024-09-18,9831
00929,復華台灣科技優息,272,1,271,元大-四維,2024-09-18,9831
00937B,群益ESG投等債20,222,13,209,元大-四維,2024-09-18,9831
2425,承啟,204,4,200,元大-四維,2024-09-18,9831
5347,世界,182,11,171,元大-四維,2024-09-18,9831
00919,群益台灣精選高息,131,20,111,元大-四維,2024-09-18,9831
2317,鴻海,149,45,104,元大-四維,2024-09-18,9831
2801,彰銀,105,6,99,元大-四維,2024-09-18,9831
2881,富邦金,102,4,98,元大-四維,2024-09-18,9831
00679B,元大美債20年,127,37,90,元大-四維,2024-09-18,9831
00918,大華優利高填息30,78,0,78,元大-四維,2024-09-18,9831
8937,合騏,78,8,70,元大-四維,2024-09-18,9831
00706L,期元大S＆P日圓正2,70,5,65,元大-四維,2024-09-18,9831
00915,凱基優選高股息30,54,1,53,元大-四維,2024-09-18,9831
1314,中石化,167,117,50,元大-四維,2024-09-18,9831
4979,華星光,65,16,49,元大-四維,2024-09-18,9831
00680L,元大美債20正2,39,0,39,元大-四維,2024-09-18,9831
1806,冠軍,42,11,31,元大-四維,2024-09-18,9831
5880,合庫金,31,1,30,元大-四維,2024-09-18,9831
00713,元大台灣高息低波,31,2,29,元大-四維,2024-09-18,9831
3550,聯穎,75,48,27,元大-四維,2024-09-18,9831
8039,台虹,29,3,26,元大-四維,2024-09-18,9831
00881,國泰台灣5G+,27,2,25,元大-四維,2024-09-18,9831
2356,英業達,37,12,25,元大-四維,2024-09-18,9831
2887,台新金,24,2,22,元大-四維,2024-09-18,9831
4958,臻鼎-KY,20,1,19,元大-四維,2024-09-18,9831
3019,亞光,22,3,19,元大-四維,2024-09-18,9831
1326,台化,19,0,19,元大-四維,2024-09-18,9831
3049,精金,34,16,18,元大-四維,2024-09-18,9831
2449,京元電子,29,12,17,元大-四維,2024-09-18,9831
2845,遠東銀,17,0,17,元大-四維,2024-09-18,9831
00946,群益科技高息成長,17,0,17,元大-四維,2024-09-18,9831
2303,聯電,19,4,15,元大-四維,2024-09-18,9831
1522,堤維西,16,1,15,元大-四維,2024-09-18,9831
2103,台橡,15,0,15,元大-四維,2024-09-18,9831
00671R,富邦NASDAQ反1,15,0,15,元大-四維,2024-09-18,9831
9105,泰金寶-DR,16,1,15,元大-四維,2024-09-18,9831
8033,雷虎,16,1,15,元大-四維,2024-09-18,9831
00935,野村臺灣新科技50,14,0,14,元大-四維,2024-09-18,9831
2489,瑞軒,22,8,14,元大-四維,2024-09-18,9831
6005,群益證,14,0,14,元大-四維,2024-09-18,9831
5443,均豪,48,35,13,元大-四維,2024-09-18,9831
2327,國巨,15,2,13,元大-四維,2024-09-18,9831
00958B,永豐ESG銀行債15,13,0,13,元大-四維,2024-09-18,9831
1101,台泥,25,13,12,元大-四維,2024-09-18,9831
8112,至上,14,3,11,元大-四維,2024-09-18,9831
3714,富采,28,17,11,元大-四維,2024-09-18,9831
1301,台塑,24,13,11,元大-四維,2024-09-18,9831
3189,景碩,11,1,10,元大-四維,2024-09-18,9831
2880,華南金,10,0,10,元大-四維,2024-09-18,9831
00929,復華台灣科技優息,149,15,134,元大-四維,2024-09-19,9831
00919,群益台灣精選高息,140,18,122,元大-四維,2024-09-19,9831
3715,定穎投控,102,8,94,元大-四維,2024-09-19,9831
3019,亞光,102,11,91,元大-四維,2024-09-19,9831
00687B,國泰20年美債,156,66,90,元大-四維,2024-09-19,9831
1785,光洋科,167,80,87,元大-四維,2024-09-19,9831
00930,永豐ESG低碳高息,84,0,84,元大-四維,2024-09-19,9831
2399,映泰,205,126,79,元大-四維,2024-09-19,9831
00679B,元大美債20年,206,137,69,元大-四維,2024-09-19,9831
3049,精金,107,57,50,元大-四維,2024-09-19,9831
00637L,元大滬深300正2,60,11,49,元大-四維,2024-09-19,9831
2888,新光金,61,14,47,元大-四維,2024-09-19,9831
00958B,永豐ESG銀行債15,47,0,47,元大-四維,2024-09-19,9831
2524,京城,47,3,44,元大-四維,2024-09-19,9831
00753L,中信中國50正2,70,35,35,元大-四維,2024-09-19,9831
1711,永光,68,37,31,元大-四維,2024-09-19,9831
2891,中信金,44,16,28,元大-四維,2024-09-19,9831
2002,中鋼,29,2,27,元大-四維,2024-09-19,9831
00688L,國泰20年美債正2,32,11,21,元大-四維,2024-09-19,9831
1582,信錦,24,3,21,元大-四維,2024-09-19,9831
1229,聯華,20,0,20,元大-四維,2024-09-19,9831
00680L,元大美債20正2,85,65,20,元大-四維,2024-09-19,9831
4401,東隆興,20,0,20,元大-四維,2024-09-19,9831
3714,富采,24,4,20,元大-四維,2024-09-19,9831
6859,伯特光,18,0,18,元大-四維,2024-09-19,9831
2243,宏旭-KY,34,16,18,元大-四維,2024-09-19,9831
4526,東台,24,7,17,元大-四維,2024-09-19,9831
00937B,群益ESG投等債20,81,65,16,元大-四維,2024-09-19,9831
00795B,中信美國公債20年,15,0,15,元大-四維,2024-09-19,9831
00655L,國泰中國A50正2,15,0,15,元大-四維,2024-09-19,9831
6179,亞通,14,0,14,元大-四維,2024-09-19,9831
5469,瀚宇博,13,0,13,元大-四維,2024-09-19,9831
6570,維田,13,0,13,元大-四維,2024-09-19,9831
4510,高鋒,21,9,12,元大-四維,2024-09-19,9831
1727,中華化,31,19,12,元大-四維,2024-09-19,9831
3413,京鼎,15,4,11,元大-四維,2024-09-19,9831
3711,日月光投控,21,10,11,元大-四維,2024-09-19,9831
2441,超豐,12,1,11,元大-四維,2024-09-19,9831
1721,三晃,12,1,11,元大-四維,2024-09-19,9831
2890,永豐金,16,6,10,元大-四維,2024-09-19,9831
6207,雷科,12,2,10,元大-四維,2024-09-19,9831
3499,環天科,10,0,10,元大-四維,2024-09-19,9831
6213,聯茂,10,0,10,元大-四維,2024-09-19,9831
2323,中環,10,0,10,元大-四維,2024-09-19,9831
1423,利華,10,0,10,元大-四維,2024-09-19,9831
6288,聯嘉,15,6,9,元大-四維,2024-09-19,9831
2022,聚亨,11,2,9,元大-四維,2024-09-19,9831
2365,昆盈,14,5,9,元大-四維,2024-09-19,9831
3149,正達,17,8,9,元大-四維,2024-09-19,9831
8027,鈦昇,12,3,9,元大-四維,2024-09-19,9831
00919,群益台灣精選高息,1101,34,1067,元大-四維,2024-09-20,9831
00680L,元大美債20正2,521,30,491,元大-四維,2024-09-20,9831
2891,中信金,420,50,370,元大-四維,2024-09-20,9831
3047,訊舟,200,35,165,元大-四維,2024-09-20,9831
2399,映泰,323,204,119,元大-四維,2024-09-20,9831
00632R,元大台灣50反1,111,10,101,元大-四維,2024-09-20,9831
3062,建漢,165,71,94,元大-四維,2024-09-20,9831
00637L,元大滬深300正2,83,0,83,元大-四維,2024-09-20,9831
2887,台新金,71,1,70,元大-四維,2024-09-20,9831
00929,復華台灣科技優息,96,37,59,元大-四維,2024-09-20,9831
2323,中環,51,0,51,元大-四維,2024-09-20,9831
2610,華航,50,2,48,元大-四維,2024-09-20,9831
00878,國泰永續高股息,58,12,46,元大-四維,2024-09-20,9831
2312,金寶,57,11,46,元大-四維,2024-09-20,9831
2002,中鋼,53,8,45,元大-四維,2024-09-20,9831
00934,中信成長高股息,44,1,43,元大-四維,2024-09-20,9831
00687B,國泰20年美債,95,52,43,元大-四維,2024-09-20,9831
00891,中信關鍵半導體,40,0,40,元大-四維,2024-09-20,9831
2888,新光金,74,35,39,元大-四維,2024-09-20,9831
1785,光洋科,105,67,38,元大-四維,2024-09-20,9831
1721,三晃,45,7,38,元大-四維,2024-09-20,9831
2542,興富發,34,2,32,元大-四維,2024-09-20,9831
8070,長華*,83,52,31,元大-四維,2024-09-20,9831
00713,元大台灣高息低波,43,13,30,元大-四維,2024-09-20,9831
1773,勝一,31,2,29,元大-四維,2024-09-20,9831
4772,台特化,29,2,27,元大-四維,2024-09-20,9831
00945B,凱基美國非投等債,26,0,26,元大-四維,2024-09-20,9831
3049,精金,48,23,25,元大-四維,2024-09-20,9831
3189,景碩,31,6,25,元大-四維,2024-09-20,9831
2365,昆盈,39,15,24,元大-四維,2024-09-20,9831
2520,冠德,26,3,23,元大-四維,2024-09-20,9831
00915,凱基優選高股息30,26,3,23,元大-四維,2024-09-20,9831
8039,台虹,22,0,22,元大-四維,2024-09-20,9831
6179,亞通,22,0,22,元大-四維,2024-09-20,9831
5522,遠雄,21,0,21,元大-四維,2024-09-20,9831
5460,同協,36,15,21,元大-四維,2024-09-20,9831
3231,緯創,24,3,21,元大-四維,2024-09-20,9831
6177,達麗,18,0,18,元大-四維,2024-09-20,9831
5533,皇鼎,18,0,18,元大-四維,2024-09-20,9831
9945,潤泰新,42,25,17,元大-四維,2024-09-20,9831
4714,永捷,34,17,17,元大-四維,2024-09-20,9831
5519,隆大,18,1,17,元大-四維,2024-09-20,9831
2498,宏達電,19,3,16,元大-四維,2024-09-20,9831
2836,高雄銀,16,0,16,元大-四維,2024-09-20,9831
3498,陽程,20,4,16,元大-四維,2024-09-20,9831
5515,建國,15,0,15,元大-四維,2024-09-20,9831
2545,皇翔,22,7,15,元大-四維,2024-09-20,9831
3149,正達,52,37,15,元大-四維,2024-09-20,9831
2344,華邦電,19,4,15,元大-四維,2024-09-20,9831
00949,復華日本龍頭,15,0,15,元大-四維,2024-09-20,9831
00919,群益台灣精選高息,314,39,275,元大-四維,2024-09-23,9831
3481,群創,211,16,195,元大-四維,2024-09-23,9831
2062,橋椿,155,14,141,元大-四維,2024-09-23,9831
00687B,國泰20年美債,148,36,112,元大-四維,2024-09-23,9831
9906,欣巴巴,100,1,99,元大-四維,2024-09-23,9831
00946,群益科技高息成長,67,0,67,元大-四維,2024-09-23,9831
5469,瀚宇博,52,0,52,元大-四維,2024-09-23,9831
00679B,元大美債20年,66,21,45,元大-四維,2024-09-23,9831
6869,雲豹能源,47,11,36,元大-四維,2024-09-23,9831
1721,三晃,195,160,35,元大-四維,2024-09-23,9831
2399,映泰,77,45,32,元大-四維,2024-09-23,9831
2615,萬海,46,14,32,元大-四維,2024-09-23,9831
4906,正文,31,0,31,元大-四維,2024-09-23,9831
1711,永光,101,71,30,元大-四維,2024-09-23,9831
8027,鈦昇,37,7,30,元大-四維,2024-09-23,9831
00934,中信成長高股息,26,0,26,元大-四維,2024-09-23,9831
00680L,元大美債20正2,68,42,26,元大-四維,2024-09-23,9831
00878,國泰永續高股息,30,5,25,元大-四維,2024-09-23,9831
2426,鼎元,42,17,25,元大-四維,2024-09-23,9831
2464,盟立,29,4,25,元大-四維,2024-09-23,9831
00929,復華台灣科技優息,35,11,24,元大-四維,2024-09-23,9831
00688L,國泰20年美債正2,23,0,23,元大-四維,2024-09-23,9831
2425,承啟,40,17,23,元大-四維,2024-09-23,9831
3260,威剛,20,0,20,元大-四維,2024-09-23,9831
3363,上詮,22,2,20,元大-四維,2024-09-23,9831
1536,和大,20,0,20,元大-四維,2024-09-23,9831
5488,松普,20,0,20,元大-四維,2024-09-23,9831
3264,欣銓,22,2,20,元大-四維,2024-09-23,9831
2201,裕隆,20,0,20,元大-四維,2024-09-23,9831
3289,宜特,20,0,20,元大-四維,2024-09-23,9831
6405,悅城,20,2,18,元大-四維,2024-09-23,9831
8039,台虹,21,4,17,元大-四維,2024-09-23,9831
8064,東捷,18,1,17,元大-四維,2024-09-23,9831
00706L,期元大S＆P日圓正2,21,5,16,元大-四維,2024-09-23,9831
1806,冠軍,65,49,16,元大-四維,2024-09-23,9831
2836,高雄銀,16,0,16,元大-四維,2024-09-23,9831
00940,元大台灣價值高息,55,40,15,元大-四維,2024-09-23,9831
1713,國化,15,0,15,元大-四維,2024-09-23,9831
6147,頎邦,15,0,15,元大-四維,2024-09-23,9831
6274,台燿,17,3,14,元大-四維,2024-09-23,9831
2890,永豐金,16,2,14,元大-四維,2024-09-23,9831
1785,光洋科,54,40,14,元大-四維,2024-09-23,9831
8081,致新,12,0,12,元大-四維,2024-09-23,9831
4729,熒茂,24,12,12,元大-四維,2024-09-23,9831
2609,陽明,35,23,12,元大-四維,2024-09-23,9831
0056,元大高股息,26,15,11,元大-四維,2024-09-23,9831
2527,宏璟,11,0,11,元大-四維,2024-09-23,9831
00915,凱基優選高股息30,14,3,11,元大-四維,2024-09-23,9831
2891,中信金,87,77,10,元大-四維,2024-09-23,9831
00933B,國泰10Y+金融債,10,0,10,元大-四維,2024-09-23,9831
1423,利華,544,0,544,元大-四維,2024-09-24,9831
2883,凱基金,242,3,239,元大-四維,2024-09-24,9831
00687B,國泰20年美債,238,15,223,元大-四維,2024-09-24,9831
00637L,元大滬深300正2,280,65,215,元大-四維,2024-09-24,9831
00933B,國泰10Y+金融債,154,1,153,元大-四維,2024-09-24,9831
00960,野村全球航運龍頭,119,0,119,元大-四維,2024-09-24,9831
3481,群創,107,3,104,元大-四維,2024-09-24,9831
2303,聯電,107,7,100,元大-四維,2024-09-24,9831
6901,鑽石投資,80,0,80,元大-四維,2024-09-24,9831
2809,京城銀,67,0,67,元大-四維,2024-09-24,9831
00680L,元大美債20正2,66,0,66,元大-四維,2024-09-24,9831
00919,群益台灣精選高息,68,2,66,元大-四維,2024-09-24,9831
2356,英業達,71,14,57,元大-四維,2024-09-24,9831
9931,欣高,50,0,50,元大-四維,2024-09-24,9831
2641,正德,56,8,48,元大-四維,2024-09-24,9831
2610,華航,54,7,47,元大-四維,2024-09-24,9831
00651R,復華香港反1,44,0,44,元大-四維,2024-09-24,9831
6179,亞通,38,0,38,元大-四維,2024-09-24,9831
0056,元大高股息,40,4,36,元大-四維,2024-09-24,9831
3714,富采,30,0,30,元大-四維,2024-09-24,9831
00887,永豐中國科技50大,25,0,25,元大-四維,2024-09-24,9831
2002,中鋼,31,7,24,元大-四維,2024-09-24,9831
00929,復華台灣科技優息,39,16,23,元大-四維,2024-09-24,9831
3013,晟銘電,70,49,21,元大-四維,2024-09-24,9831
00918,大華優利高填息30,22,1,21,元大-四維,2024-09-24,9831
1453,大將,20,0,20,元大-四維,2024-09-24,9831
2820,華票,20,0,20,元大-四維,2024-09-24,9831
1316,上曜,20,0,20,元大-四維,2024-09-24,9831
00688L,國泰20年美債正2,20,0,20,元大-四維,2024-09-24,9831
00706L,期元大S＆P日圓正2,20,0,20,元大-四維,2024-09-24,9831
3605,宏致,20,1,19,元大-四維,2024-09-24,9831
6830,汎銓,22,3,19,元大-四維,2024-09-24,9831
6405,悅城,20,2,18,元大-四維,2024-09-24,9831
2313,華通,26,8,18,元大-四維,2024-09-24,9831
6152,百一,17,0,17,元大-四維,2024-09-24,9831
4909,新復興,23,8,15,元大-四維,2024-09-24,9831
6191,精成科,15,1,14,元大-四維,2024-09-24,9831
2349,錸德,17,3,14,元大-四維,2024-09-24,9831
2501,國建,14,0,14,元大-四維,2024-09-24,9831
2891,中信金,66,52,14,元大-四維,2024-09-24,9831
3362,先進光,16,3,13,元大-四維,2024-09-24,9831
00752,中信中國50,17,4,13,元大-四維,2024-09-24,9831
8222,寶一,13,0,13,元大-四維,2024-09-24,9831
1785,光洋科,26,14,12,元大-四維,2024-09-24,9831
3047,訊舟,13,1,12,元大-四維,2024-09-24,9831
3037,欣興,15,3,12,元大-四維,2024-09-24,9831
3580,友威科,23,12,11,元大-四維,2024-09-24,9831
2425,承啟,35,24,11,元大-四維,2024-09-24,9831
2420,新巨,11,0,11,元大-四維,2024-09-24,9831
3581,博磊,19,8,11,元大-四維,2024-09-24,9831
00679B,元大美債20年,144,30,114,元大-四維,2024-09-25,9831
2009,第一銅,109,6,103,元大-四維,2024-09-25,9831
00632R,元大台灣50反1,152,57,95,元大-四維,2024-09-25,9831
8064,東捷,59,2,57,元大-四維,2024-09-25,9831
2524,京城,54,1,53,元大-四維,2024-09-25,9831
1708,東鹼,55,3,52,元大-四維,2024-09-25,9831
1540,喬福,78,32,46,元大-四維,2024-09-25,9831
2399,映泰,79,35,44,元大-四維,2024-09-25,9831
9906,欣巴巴,50,9,41,元大-四維,2024-09-25,9831
00713,元大台灣高息低波,50,12,38,元大-四維,2024-09-25,9831
3481,群創,64,26,38,元大-四維,2024-09-25,9831
3714,富采,51,15,36,元大-四維,2024-09-25,9831
00687B,國泰20年美債,87,52,35,元大-四維,2024-09-25,9831
1539,巨庭,38,3,35,元大-四維,2024-09-25,9831
1711,永光,56,22,34,元大-四維,2024-09-25,9831
2890,永豐金,38,7,31,元大-四維,2024-09-25,9831
3550,聯穎,45,17,28,元大-四維,2024-09-25,9831
6548,長科*,32,5,27,元大-四維,2024-09-25,9831
00688L,國泰20年美債正2,30,5,25,元大-四維,2024-09-25,9831
00937B,群益ESG投等債20,56,32,24,元大-四維,2024-09-25,9831
2357,華碩,21,0,21,元大-四維,2024-09-25,9831
3047,訊舟,45,24,21,元大-四維,2024-09-25,9831
4958,臻鼎-KY,24,3,21,元大-四維,2024-09-25,9831
2883,凱基金,20,0,20,元大-四維,2024-09-25,9831
00943,兆豐電子高息等權,20,0,20,元大-四維,2024-09-25,9831
1609,大亞,21,2,19,元大-四維,2024-09-25,9831
8040,九暘,20,1,19,元大-四維,2024-09-25,9831
4903,聯光通,70,54,16,元大-四維,2024-09-25,9831
00887,永豐中國科技50大,16,0,16,元大-四維,2024-09-25,9831
1808,潤隆,17,2,15,元大-四維,2024-09-25,9831
6179,亞通,15,0,15,元大-四維,2024-09-25,9831
6191,精成科,15,0,15,元大-四維,2024-09-25,9831
6114,久威,15,0,15,元大-四維,2024-09-25,9831
1785,光洋科,20,6,14,元大-四維,2024-09-25,9831
4989,榮科,15,1,14,元大-四維,2024-09-25,9831
00945B,凱基美國非投等債,14,0,14,元大-四維,2024-09-25,9831
3450,聯鈞,15,1,14,元大-四維,2024-09-25,9831
3149,正達,20,7,13,元大-四維,2024-09-25,9831
00696B,富邦美債20年,13,0,13,元大-四維,2024-09-25,9831
3673,TPK-KY,16,3,13,元大-四維,2024-09-25,9831
00933B,國泰10Y+金融債,13,0,13,元大-四維,2024-09-25,9831
1905,華紙,13,1,12,元大-四維,2024-09-25,9831
00919,群益台灣精選高息,44,32,12,元大-四維,2024-09-25,9831
8038,長園科,11,0,11,元大-四維,2024-09-25,9831
3260,威剛,11,0,11,元大-四維,2024-09-25,9831
00753L,中信中國50正2,11,0,11,元大-四維,2024-09-25,9831
4167,松瑞藥,12,1,11,元大-四維,2024-09-25,9831
2605,新興,15,4,11,元大-四維,2024-09-25,9831
3708,上緯投控,11,1,10,元大-四維,2024-09-25,9831
4306,炎洲,10,0,10,元大-四維,2024-09-25,9831
2891,中信金,489,14,475,元大-四維,2024-09-26,9831
3149,正達,250,56,194,元大-四維,2024-09-26,9831
00960,野村全球航運龍頭,198,53,145,元大-四維,2024-09-26,9831
00937B,群益ESG投等債20,196,78,118,元大-四維,2024-09-26,9831
2367,燿華,205,92,113,元大-四維,2024-09-26,9831
00687B,國泰20年美債,197,95,102,元大-四維,2024-09-26,9831
00679B,元大美債20年,93,1,92,元大-四維,2024-09-26,9831
3094,聯傑,101,13,88,元大-四維,2024-09-26,9831
1336,台翰,56,0,56,元大-四維,2024-09-26,9831
00919,群益台灣精選高息,60,7,53,元大-四維,2024-09-26,9831
2609,陽明,296,245,51,元大-四維,2024-09-26,9831
3019,亞光,68,18,50,元大-四維,2024-09-26,9831
2344,華邦電,59,9,50,元大-四維,2024-09-26,9831
2312,金寶,71,24,47,元大-四維,2024-09-26,9831
4903,聯光通,50,5,45,元大-四維,2024-09-26,9831
00887,永豐中國科技50大,44,0,44,元大-四維,2024-09-26,9831
00713,元大台灣高息低波,51,8,43,元大-四維,2024-09-26,9831
2809,京城銀,40,0,40,元大-四維,2024-09-26,9831
3711,日月光投控,53,21,32,元大-四維,2024-09-26,9831
2426,鼎元,47,15,32,元大-四維,2024-09-26,9831
2317,鴻海,60,30,30,元大-四維,2024-09-26,9831
3714,富采,29,0,29,元大-四維,2024-09-26,9831
1808,潤隆,41,14,27,元大-四維,2024-09-26,9831
00948B,中信優息投資級債,52,25,27,元大-四維,2024-09-26,9831
2636,台驊控股,27,0,27,元大-四維,2024-09-26,9831
00720B,元大投資級公司債,29,2,27,元大-四維,2024-09-26,9831
00943,兆豐電子高息等權,26,0,26,元大-四維,2024-09-26,9831
5880,合庫金,40,15,25,元大-四維,2024-09-26,9831
3037,欣興,36,11,25,元大-四維,2024-09-26,9831
1423,利華,25,0,25,元大-四維,2024-09-26,9831
2374,佳能,24,2,22,元大-四維,2024-09-26,9831
2408,南亞科,25,3,22,元大-四維,2024-09-26,9831
9906,欣巴巴,37,15,22,元大-四維,2024-09-26,9831
2801,彰銀,21,1,20,元大-四維,2024-09-26,9831
00632R,元大台灣50反1,20,0,20,元大-四維,2024-09-26,9831
00922,國泰台灣領袖50,21,2,19,元大-四維,2024-09-26,9831
2495,普安,25,8,17,元大-四維,2024-09-26,9831
6188,廣明,28,12,16,元大-四維,2024-09-26,9831
3296,勝德,16,0,16,元大-四維,2024-09-26,9831
2537,聯上發,25,9,16,元大-四維,2024-09-26,9831
00706L,期元大S＆P日圓正2,16,0,16,元大-四維,2024-09-26,9831
3013,晟銘電,45,29,16,元大-四維,2024-09-26,9831
00918,大華優利高填息30,15,0,15,元大-四維,2024-09-26,9831
00642U,期元大S＆P石油,15,0,15,元大-四維,2024-09-26,9831
8163,達方,15,0,15,元大-四維,2024-09-26,9831
8112,至上,17,2,15,元大-四維,2024-09-26,9831
6603,富強鑫,16,1,15,元大-四維,2024-09-26,9831
2208,台船,14,0,14,元大-四維,2024-09-26,9831
2415,錩新,14,0,14,元大-四維,2024-09-26,9831
3708,上緯投控,14,1,13,元大-四維,2024-09-26,9831
00687B,國泰20年美債,403,24,379,元大-四維,2024-09-27,9831
00633L,富邦上証正2,301,8,293,元大-四維,2024-09-27,9831
00637L,元大滬深300正2,278,150,128,元大-四維,2024-09-27,9831
2603,長榮,153,29,124,元大-四維,2024-09-27,9831
00655L,國泰中國A50正2,100,0,100,元大-四維,2024-09-27,9831
2882,國泰金,105,6,99,元大-四維,2024-09-27,9831
1423,利華,90,0,90,元大-四維,2024-09-27,9831
00933B,國泰10Y+金融債,118,31,87,元大-四維,2024-09-27,9831
2303,聯電,90,7,83,元大-四維,2024-09-27,9831
00680L,元大美債20正2,79,3,76,元大-四維,2024-09-27,9831
4979,華星光,113,42,71,元大-四維,2024-09-27,9831
00679B,元大美債20年,69,7,62,元大-四維,2024-09-27,9831
00937B,群益ESG投等債20,81,20,61,元大-四維,2024-09-27,9831
5880,合庫金,63,8,55,元大-四維,2024-09-27,9831
2609,陽明,256,201,55,元大-四維,2024-09-27,9831
3363,上詮,65,14,51,元大-四維,2024-09-27,9831
6505,台塑化,52,5,47,元大-四維,2024-09-27,9831
00878,國泰永續高股息,49,6,43,元大-四維,2024-09-27,9831
00929,復華台灣科技優息,61,22,39,元大-四維,2024-09-27,9831
1708,東鹼,63,24,39,元大-四維,2024-09-27,9831
1718,中纖,49,11,38,元大-四維,2024-09-27,9831
2891,中信金,82,46,36,元大-四維,2024-09-27,9831
2838,聯邦銀,55,21,34,元大-四維,2024-09-27,9831
00948B,中信優息投資級債,32,0,32,元大-四維,2024-09-27,9831
00642U,期元大S＆P石油,31,0,31,元大-四維,2024-09-27,9831
00706L,期元大S＆P日圓正2,36,5,31,元大-四維,2024-09-27,9831
8064,東捷,31,3,28,元大-四維,2024-09-27,9831
2365,昆盈,69,41,28,元大-四維,2024-09-27,9831
2601,益航,31,3,28,元大-四維,2024-09-27,9831
2449,京元電子,80,55,25,元大-四維,2024-09-27,9831
3605,宏致,25,2,23,元大-四維,2024-09-27,9831
2327,國巨,24,3,21,元大-四維,2024-09-27,9831
8040,九暘,25,5,20,元大-四維,2024-09-27,9831
1713,國化,20,0,20,元大-四維,2024-09-27,9831
2388,威盛,33,14,19,元大-四維,2024-09-27,9831
00953B,群益優選非投等債,18,0,18,元大-四維,2024-09-27,9831
6213,聯茂,23,6,17,元大-四維,2024-09-27,9831
6233,旺玖,23,6,17,元大-四維,2024-09-27,9831
3149,正達,29,12,17,元大-四維,2024-09-27,9831
2634,漢翔,16,0,16,元大-四維,2024-09-27,9831
2038,海光,23,7,16,元大-四維,2024-09-27,9831
1308,亞聚,26,10,16,元大-四維,2024-09-27,9831
00712,復華富時不動產,16,0,16,元大-四維,2024-09-27,9831
3062,建漢,20,6,14,元大-四維,2024-09-27,9831
00958B,永豐ESG銀行債15,14,0,14,元大-四維,2024-09-27,9831
00795B,中信美國公債20年,12,0,12,元大-四維,2024-09-27,9831
3289,宜特,13,1,12,元大-四維,2024-09-27,9831
00688L,國泰20年美債正2,12,0,12,元大-四維,2024-09-27,9831
6175,立敦,12,0,12,元大-四維,2024-09-27,9831
00960,野村全球航運龍頭,51,39,12,元大-四維,2024-09-27,9831
00919,群益台灣精選高息,327,40,287,元大-四維,2024-09-30,9831
2353,宏��,212,1,211,元大-四維,2024-09-30,9831
3062,建漢,176,1,175,元大-四維,2024-09-30,9831
00637L,元大滬深300正2,854,685,169,元大-四維,2024-09-30,9831
2609,陽明,318,158,160,元大-四維,2024-09-30,9831
2009,第一銅,135,3,132,元大-四維,2024-09-30,9831
00929,復華台灣科技優息,248,119,129,元大-四維,2024-09-30,9831
00687B,國泰20年美債,131,16,115,元大-四維,2024-09-30,9831
00680L,元大美債20正2,102,3,99,元大-四維,2024-09-30,9831
00878,國泰永續高股息,78,8,70,元大-四維,2024-09-30,9831
00960,野村全球航運龍頭,68,0,68,元大-四維,2024-09-30,9831
00679B,元大美債20年,67,10,57,元大-四維,2024-09-30,9831
9904,寶成,61,9,52,元大-四維,2024-09-30,9831
00937B,群益ESG投等債20,50,0,50,元大-四維,2024-09-30,9831
8104,錸寶,55,7,48,元大-四維,2024-09-30,9831
1718,中纖,45,1,44,元大-四維,2024-09-30,9831
00881,國泰台灣5G+,46,6,40,元大-四維,2024-09-30,9831
00927,群益半導體收益,39,3,36,元大-四維,2024-09-30,9831
4906,正文,39,4,35,元大-四維,2024-09-30,9831
2027,大成鋼,32,0,32,元大-四維,2024-09-30,9831
00669R,國泰美國道瓊反1,30,0,30,元大-四維,2024-09-30,9831
0056,元大高股息,32,3,29,元大-四維,2024-09-30,9831
2838,聯邦銀,40,11,29,元大-四維,2024-09-30,9831
2344,華邦電,28,0,28,元大-四維,2024-09-30,9831
2313,華通,39,13,26,元大-四維,2024-09-30,9831
00720B,元大投資級公司債,24,0,24,元大-四維,2024-09-30,9831
00948B,中信優息投資級債,23,0,23,元大-四維,2024-09-30,9831
1314,中石化,85,62,23,元大-四維,2024-09-30,9831
2611,志信,20,0,20,元大-四維,2024-09-30,9831
00892,富邦台灣半導體,25,5,20,元大-四維,2024-09-30,9831
2038,海光,30,10,20,元大-四維,2024-09-30,9831
00935,野村臺灣新科技50,20,0,20,元大-四維,2024-09-30,9831
5871,中租-KY,21,2,19,元大-四維,2024-09-30,9831
1802,台玻,35,17,18,元大-四維,2024-09-30,9831
3149,正達,21,3,18,元大-四維,2024-09-30,9831
6770,力積電,22,5,17,元大-四維,2024-09-30,9831
3030,德律,17,0,17,元大-四維,2024-09-30,9831
00931B,統一美債20年,17,0,17,元大-四維,2024-09-30,9831
3037,欣興,19,3,16,元大-四維,2024-09-30,9831
2610,華航,16,0,16,元大-四維,2024-09-30,9831
00953B,群益優選非投等債,16,0,16,元大-四維,2024-09-30,9831
00639,富邦深100,16,0,16,元大-四維,2024-09-30,9831
3041,揚智,25,9,16,元大-四維,2024-09-30,9831
00933B,國泰10Y+金融債,15,0,15,元大-四維,2024-09-30,9831
00945B,凱基美國非投等債,15,0,15,元大-四維,2024-09-30,9831
4741,泓瀚,14,0,14,元大-四維,2024-09-30,9831
2312,金寶,20,6,14,元大-四維,2024-09-30,9831
2356,英業達,18,5,13,元大-四維,2024-09-30,9831
2303,聯電,107,94,13,元大-四維,2024-09-30,9831
6901,鑽石投資,13,0,13,元大-四維,2024-09-30,9831
00637L,元大滬深300正2,1116,154,962,元大-四維,2024-10-01,9831
2014,中鴻,573,84,489,元大-四維,2024-10-01,9831
00633L,富邦上証正2,304,2,302,元大-四維,2024-10-01,9831
00679B,元大美債20年,183,32,151,元大-四維,2024-10-01,9831
00687B,國泰20年美債,157,8,149,元大-四維,2024-10-01,9831
00937B,群益ESG投等債20,151,3,148,元大-四維,2024-10-01,9831
0056,元大高股息,133,3,130,元大-四維,2024-10-01,9831
00929,復華台灣科技優息,121,2,119,元大-四維,2024-10-01,9831
2362,藍天,111,9,102,元大-四維,2024-10-01,9831
00650L,復華香港正2,98,3,95,元大-四維,2024-10-01,9831
1717,長興,88,3,85,元大-四維,2024-10-01,9831
4979,華星光,114,35,79,元大-四維,2024-10-01,9831
1718,中纖,75,0,75,元大-四維,2024-10-01,9831
00940,元大台灣價值高息,143,73,70,元大-四維,2024-10-01,9831
8111,立��,92,27,65,元大-四維,2024-10-01,9831
4908,前鼎,55,1,54,元大-四維,2024-10-01,9831
2838,聯邦銀,51,0,51,元大-四維,2024-10-01,9831
00888,永豐台灣ESG,50,0,50,元大-四維,2024-10-01,9831
00960,野村全球航運龍頭,50,0,50,元大-四維,2024-10-01,9831
3481,群創,53,6,47,元大-四維,2024-10-01,9831
3511,矽瑪,55,9,46,元大-四維,2024-10-01,9831
00927,群益半導體收益,43,0,43,元大-四維,2024-10-01,9831
2330,台積電,45,3,42,元大-四維,2024-10-01,9831
9904,寶成,53,12,41,元大-四維,2024-10-01,9831
2892,第一金,37,0,37,元大-四維,2024-10-01,9831
00665L,富邦�琤肭磪囓�2,45,11,34,元大-四維,2024-10-01,9831
2208,台船,89,55,34,元大-四維,2024-10-01,9831
00922,國泰台灣領袖50,32,0,32,元大-四維,2024-10-01,9831
5880,合庫金,33,1,32,元大-四維,2024-10-01,9831
9934,成霖,32,0,32,元大-四維,2024-10-01,9831
3707,漢磊,32,0,32,元大-四維,2024-10-01,9831
1314,中石化,123,94,29,元大-四維,2024-10-01,9831
2641,正德,31,2,29,元大-四維,2024-10-01,9831
00943,兆豐電子高息等權,25,0,25,元大-四維,2024-10-01,9831
2455,全新,34,10,24,元大-四維,2024-10-01,9831
2888,新光金,32,9,23,元大-四維,2024-10-01,9831
00706L,期元大S＆P日圓正2,23,0,23,元大-四維,2024-10-01,9831
2881,富邦金,23,1,22,元大-四維,2024-10-01,9831
8070,長華*,22,1,21,元大-四維,2024-10-01,9831
3013,晟銘電,31,11,20,元大-四維,2024-10-01,9831
2887,台新金,20,1,19,元大-四維,2024-10-01,9831
00946,群益科技高息成長,19,0,19,元大-四維,2024-10-01,9831
4971,IET-KY,41,22,19,元大-四維,2024-10-01,9831
2344,華邦電,20,2,18,元大-四維,2024-10-01,9831
1101,台泥,41,23,18,元大-四維,2024-10-01,9831
4174,浩鼎,21,3,18,元大-四維,2024-10-01,9831
2243,宏旭-KY,24,7,17,元大-四維,2024-10-01,9831
00713,元大台灣高息低波,17,1,16,元大-四維,2024-10-01,9831
3702,大聯大,15,0,15,元大-四維,2024-10-01,9831
2393,億光,15,1,14,元大-四維,2024-10-01,9831
2610,華航,266,0,266,元大-四維,2024-10-04,9831
2603,長榮,285,23,262,元大-四維,2024-10-04,9831
00948B,中信優息投資級債,255,0,255,元大-四維,2024-10-04,9831
2353,宏��,251,4,247,元大-四維,2024-10-04,9831
00919,群益台灣精選高息,232,4,228,元大-四維,2024-10-04,9831
00940,元大台灣價值高息,205,52,153,元大-四維,2024-10-04,9831
2609,陽明,155,54,101,元大-四維,2024-10-04,9831
3711,日月光投控,102,3,99,元大-四維,2024-10-04,9831
00633L,富邦上証正2,104,11,93,元大-四維,2024-10-04,9831
2362,藍天,92,3,89,元大-四維,2024-10-04,9831
2618,長榮航,122,42,80,元大-四維,2024-10-04,9831
0056,元大高股息,88,9,79,元大-四維,2024-10-04,9831
00915,凱基優選高股息30,79,0,79,元大-四維,2024-10-04,9831
3094,聯傑,74,1,73,元大-四維,2024-10-04,9831
00740B,富邦全球投等債,60,0,60,元大-四維,2024-10-04,9831
2838,聯邦銀,60,0,60,元大-四維,2024-10-04,9831
2303,聯電,59,2,57,元大-四維,2024-10-04,9831
5880,合庫金,61,6,55,元大-四維,2024-10-04,9831
00680L,元大美債20正2,85,33,52,元大-四維,2024-10-04,9831
00687B,國泰20年美債,44,0,44,元大-四維,2024-10-04,9831
00922,國泰台灣領袖50,42,0,42,元大-四維,2024-10-04,9831
4908,前鼎,51,10,41,元大-四維,2024-10-04,9831
9907,統一實,43,3,40,元大-四維,2024-10-04,9831
1713,國化,35,0,35,元大-四維,2024-10-04,9831
00960,野村全球航運龍頭,61,29,32,元大-四維,2024-10-04,9831
00878,國泰永續高股息,38,7,31,元大-四維,2024-10-04,9831
2201,裕隆,31,0,31,元大-四維,2024-10-04,9831
1909,榮成,35,4,31,元大-四維,2024-10-04,9831
9904,寶成,28,0,28,元大-四維,2024-10-04,9831
00943,兆豐電子高息等權,28,0,28,元大-四維,2024-10-04,9831
8070,長華*,37,10,27,元大-四維,2024-10-04,9831
5608,四維航,26,0,26,元大-四維,2024-10-04,9831
2883,凱基金,23,0,23,元大-四維,2024-10-04,9831
00946,群益科技高息成長,22,0,22,元大-四維,2024-10-04,9831
3511,矽瑪,28,6,22,元大-四維,2024-10-04,9831
9914,美利達,21,0,21,元大-四維,2024-10-04,9831
2836,高雄銀,21,0,21,元大-四維,2024-10-04,9831
00905,FT臺灣Smart,22,1,21,元大-四維,2024-10-04,9831
00712,復華富時不動產,21,0,21,元大-四維,2024-10-04,9831
00638R,元大滬深300反1,20,0,20,元大-四維,2024-10-04,9831
1305,華夏,20,0,20,元大-四維,2024-10-04,9831
2891,中信金,25,6,19,元大-四維,2024-10-04,9831
2884,玉山金,29,10,19,元大-四維,2024-10-04,9831
2022,聚亨,20,2,18,元大-四維,2024-10-04,9831
2382,廣達,19,2,17,元大-四維,2024-10-04,9831
1536,和大,18,1,17,元大-四維,2024-10-04,9831
9906,欣巴巴,61,44,17,元大-四維,2024-10-04,9831
3037,欣興,17,0,17,元大-四維,2024-10-04,9831
6806,森崴能源,19,3,16,元大-四維,2024-10-04,9831
1522,堤維西,16,0,16,元大-四維,2024-10-04,9831
00637L,元大滬深300正2,941,363,578,元大-四維,2024-10-07,9831
00633L,富邦上証正2,301,3,298,元大-四維,2024-10-07,9831
00940,元大台灣價值高息,174,21,153,元大-四維,2024-10-07,9831
00632R,元大台灣50反1,138,30,108,元大-四維,2024-10-07,9831
6290,良維,101,2,99,元大-四維,2024-10-07,9831
1702,南僑,103,8,95,元大-四維,2024-10-07,9831
00948B,中信優息投資級債,91,0,91,元大-四維,2024-10-07,9831
00882,中信中國高股息,322,244,78,元大-四維,2024-10-07,9831
2316,楠梓電,123,46,77,元大-四維,2024-10-07,9831
2887,台新金,68,5,63,元大-四維,2024-10-07,9831
2313,華通,59,5,54,元大-四維,2024-10-07,9831
00918,大華優利高填息30,42,0,42,元大-四維,2024-10-07,9831
9906,欣巴巴,228,188,40,元大-四維,2024-10-07,9831
2603,長榮,53,13,40,元大-四維,2024-10-07,9831
0056,元大高股息,39,0,39,元大-四維,2024-10-07,9831
1101,台泥,37,0,37,元大-四維,2024-10-07,9831
00639,富邦深100,37,0,37,元大-四維,2024-10-07,9831
3234,光環,48,14,34,元大-四維,2024-10-07,9831
00679B,元大美債20年,47,14,33,元大-四維,2024-10-07,9831
00706L,期元大S＆P日圓正2,43,10,33,元大-四維,2024-10-07,9831
00915,凱基優選高股息30,30,0,30,元大-四維,2024-10-07,9831
00752,中信中國50,38,9,29,元大-四維,2024-10-07,9831
1802,台玻,32,3,29,元大-四維,2024-10-07,9831
3025,星通,41,13,28,元大-四維,2024-10-07,9831
00665L,富邦�琤肭磪囓�2,48,20,28,元大-四維,2024-10-07,9831
1727,中華化,32,5,27,元大-四維,2024-10-07,9831
00929,復華台灣科技優息,67,42,25,元大-四維,2024-10-07,9831
00902,中信電池及儲能,26,1,25,元大-四維,2024-10-07,9831
1717,長興,28,4,24,元大-四維,2024-10-07,9831
2915,潤泰全,23,0,23,元大-四維,2024-10-07,9831
00878,國泰永續高股息,24,1,23,元大-四維,2024-10-07,9831
4513,福裕,22,0,22,元大-四維,2024-10-07,9831
2014,中鴻,32,10,22,元大-四維,2024-10-07,9831
8027,鈦昇,22,0,22,元大-四維,2024-10-07,9831
2419,仲琦,22,0,22,元大-四維,2024-10-07,9831
1301,台塑,29,8,21,元大-四維,2024-10-07,9831
2049,上銀,23,2,21,元大-四維,2024-10-07,9831
6753,龍德造船,22,1,21,元大-四維,2024-10-07,9831
9914,美利達,21,0,21,元大-四維,2024-10-07,9831
9921,巨大,20,0,20,元大-四維,2024-10-07,9831
8049,晶采,20,0,20,元大-四維,2024-10-07,9831
2851,中再保,20,0,20,元大-四維,2024-10-07,9831
4716,大立,21,1,20,元大-四維,2024-10-07,9831
5014,建錩,29,9,20,元大-四維,2024-10-07,9831
1560,中砂,22,4,18,元大-四維,2024-10-07,9831
5508,永信建,20,2,18,元大-四維,2024-10-07,9831
2609,陽明,89,72,17,元大-四維,2024-10-07,9831
1742,台蠟,17,0,17,元大-四維,2024-10-07,9831
00795B,中信美國公債20年,17,1,16,元大-四維,2024-10-07,9831
00740B,富邦全球投等債,15,0,15,元大-四維,2024-10-07,9831
00753L,中信中國50正2,502,248,254,元大-四維,2024-10-08,9831
5880,合庫金,155,6,149,元大-四維,2024-10-08,9831
00940,元大台灣價值高息,173,25,148,元大-四維,2024-10-08,9831
2317,鴻海,192,48,144,元大-四維,2024-10-08,9831
1314,中石化,219,94,125,元大-四維,2024-10-08,9831
00922,國泰台灣領袖50,127,6,121,元大-四維,2024-10-08,9831
2101,南港,123,5,118,元大-四維,2024-10-08,9831
00665L,富邦�琤肭磪囓�2,188,75,113,元大-四維,2024-10-08,9831
00919,群益台灣精選高息,112,0,112,元大-四維,2024-10-08,9831
1702,南僑,104,0,104,元大-四維,2024-10-08,9831
0056,元大高股息,94,2,92,元大-四維,2024-10-08,9831
00887,永豐中國科技50大,131,42,89,元大-四維,2024-10-08,9831
00929,復華台灣科技優息,102,16,86,元大-四維,2024-10-08,9831
00687B,國泰20年美債,91,13,78,元大-四維,2024-10-08,9831
00948B,中信優息投資級債,78,1,77,元大-四維,2024-10-08,9831
00937B,群益ESG投等債20,68,0,68,元大-四維,2024-10-08,9831
2838,聯邦銀,70,2,68,元大-四維,2024-10-08,9831
00679B,元大美債20年,75,10,65,元大-四維,2024-10-08,9831
00712,復華富時不動產,61,0,61,元大-四維,2024-10-08,9831
2014,中鴻,75,17,58,元大-四維,2024-10-08,9831
00939,統一台灣高息動能,53,0,53,元大-四維,2024-10-08,9831
00943,兆豐電子高息等權,50,0,50,元大-四維,2024-10-08,9831
2353,宏��,123,79,44,元大-四維,2024-10-08,9831
2836,高雄銀,41,0,41,元大-四維,2024-10-08,9831
00918,大華優利高填息30,43,2,41,元大-四維,2024-10-08,9831
8028,昇陽半導體,65,26,39,元大-四維,2024-10-08,9831
4956,光鋐,46,9,37,元大-四維,2024-10-08,9831
00680L,元大美債20正2,42,7,35,元大-四維,2024-10-08,9831
00878,國泰永續高股息,46,14,32,元大-四維,2024-10-08,9831
3234,光環,34,2,32,元大-四維,2024-10-08,9831
1905,華紙,32,1,31,元大-四維,2024-10-08,9831
1806,冠軍,42,13,29,元大-四維,2024-10-08,9831
2888,新光金,52,25,27,元大-四維,2024-10-08,9831
5608,四維航,26,0,26,元大-四維,2024-10-08,9831
1447,力鵬,26,0,26,元大-四維,2024-10-08,9831
2029,盛餘,25,0,25,元大-四維,2024-10-08,9831
4979,華星光,40,18,22,元大-四維,2024-10-08,9831
00673R,期元大S＆P原油反1,22,0,22,元大-四維,2024-10-08,9831
1717,長興,23,2,21,元大-四維,2024-10-08,9831
00935,野村臺灣新科技50,21,0,21,元大-四維,2024-10-08,9831
2887,台新金,31,10,21,元大-四維,2024-10-08,9831
2911,麗嬰房,20,0,20,元大-四維,2024-10-08,9831
2498,宏達電,24,4,20,元大-四維,2024-10-08,9831
2610,華航,34,16,18,元大-四維,2024-10-08,9831
3265,台星科,22,4,18,元大-四維,2024-10-08,9831
8261,富鼎,22,5,17,元大-四維,2024-10-08,9831
4555,氣立,20,3,17,元大-四維,2024-10-08,9831
1727,中華化,25,8,17,元大-四維,2024-10-08,9831
2615,萬海,41,25,16,元大-四維,2024-10-08,9831
1309,台達化,43,27,16,元大-四維,2024-10-08,9831
00940,元大台灣價值高息,321,4,317,元大-四維,2024-10-09,9831
00643,群益深証中小,251,0,251,元大-四維,2024-10-09,9831
00637L,元大滬深300正2,405,178,227,元大-四維,2024-10-09,9831
00882,中信中國高股息,270,44,226,元大-四維,2024-10-09,9831
00665L,富邦�琤肭磪囓�2,236,20,216,元大-四維,2024-10-09,9831
00639,富邦深100,234,20,214,元大-四維,2024-10-09,9831
00937B,群益ESG投等債20,211,3,208,元大-四維,2024-10-09,9831
00687B,國泰20年美債,198,1,197,元大-四維,2024-10-09,9831
00919,群益台灣精選高息,202,10,192,元大-四維,2024-10-09,9831
2888,新光金,245,63,182,元大-四維,2024-10-09,9831
2836,高雄銀,139,0,139,元大-四維,2024-10-09,9831
1314,中石化,197,68,129,元大-四維,2024-10-09,9831
00753L,中信中國50正2,363,247,116,元大-四維,2024-10-09,9831
0056,元大高股息,82,4,78,元大-四維,2024-10-09,9831
5880,合庫金,75,0,75,元大-四維,2024-10-09,9831
00633L,富邦上証正2,64,2,62,元大-四維,2024-10-09,9831
00948B,中信優息投資級債,89,30,59,元大-四維,2024-10-09,9831
2014,中鴻,68,9,59,元大-四維,2024-10-09,9831
00679B,元大美債20年,57,1,56,元大-四維,2024-10-09,9831
2009,第一銅,52,0,52,元大-四維,2024-10-09,9831
2603,長榮,52,6,46,元大-四維,2024-10-09,9831
00943,兆豐電子高息等權,41,0,41,元大-四維,2024-10-09,9831
00725B,國泰投資級公司債,52,12,40,元大-四維,2024-10-09,9831
4513,福裕,41,3,38,元大-四維,2024-10-09,9831
3025,星通,63,26,37,元大-四維,2024-10-09,9831
3481,群創,86,50,36,元大-四維,2024-10-09,9831
3048,益登,46,11,35,元大-四維,2024-10-09,9831
00922,國泰台灣領袖50,46,12,34,元大-四維,2024-10-09,9831
00929,復華台灣科技優息,65,34,31,元大-四維,2024-10-09,9831
5443,均豪,89,58,31,元大-四維,2024-10-09,9831
2371,大同,34,5,29,元大-四維,2024-10-09,9831
2838,聯邦銀,30,2,28,元大-四維,2024-10-09,9831
4977,眾達-KY,62,35,27,元大-四維,2024-10-09,9831
2486,一詮,49,21,28,元大-四維,2024-10-09,9831
00680L,元大美債20正2,54,29,25,元大-四維,2024-10-09,9831
00650L,復華香港正2,35,10,25,元大-四維,2024-10-09,9831
00688L,國泰20年美債正2,22,0,22,元大-四維,2024-10-09,9831
5347,世界,24,2,22,元大-四維,2024-10-09,9831
3062,建漢,22,1,21,元大-四維,2024-10-09,9831
3049,精金,38,17,21,元大-四維,2024-10-09,9831
2353,宏��,74,53,21,元大-四維,2024-10-09,9831
2344,華邦電,23,3,20,元大-四維,2024-10-09,9831
2316,楠梓電,43,23,20,元大-四維,2024-10-09,9831
6442,光聖,28,9,19,元大-四維,2024-10-09,9831
00712,復華富時不動產,19,0,19,元大-四維,2024-10-09,9831
2426,鼎元,26,9,17,元大-四維,2024-10-09,9831
1785,光洋科,22,6,16,元大-四維,2024-10-09,9831
2883,凱基金,25,10,15,元大-四維,2024-10-09,9831
00673R,期元大S＆P原油反1,15,0,15,元大-四維,2024-10-09,9831
00740B,富邦全球投等債,15,0,15,元大-四維,2024-10-09,9831
00637L,元大滬深300正2,726,71,655,元大-四維,2024-10-11,9831
00632R,元大台灣50反1,365,17,348,元大-四維,2024-10-11,9831
00948B,中信優息投資級債,262,0,262,元大-四維,2024-10-11,9831
00633L,富邦上証正2,206,10,196,元大-四維,2024-10-11,9831
3710,連展投控,200,4,196,元大-四維,2024-10-11,9831
00679B,元大美債20年,167,19,148,元大-四維,2024-10-11,9831
00687B,國泰20年美債,68,9,59,元大-四維,2024-10-11,9831
4729,熒茂,60,1,59,元大-四維,2024-10-11,9831
5880,合庫金,93,40,53,元大-四維,2024-10-11,9831
2388,威盛,66,14,52,元大-四維,2024-10-11,9831
3049,精金,94,42,52,元大-四維,2024-10-11,9831
3031,佰鴻,52,2,50,元大-四維,2024-10-11,9831
00937B,群益ESG投等債20,62,12,50,元大-四維,2024-10-11,9831
2836,高雄銀,50,4,46,元大-四維,2024-10-11,9831
3615,安可,43,3,40,元大-四維,2024-10-11,9831
1447,力鵬,40,0,40,元大-四維,2024-10-11,9831
1713,國化,40,0,40,元大-四維,2024-10-11,9831
2890,永豐金,40,1,39,元大-四維,2024-10-11,9831
00680L,元大美債20正2,45,9,36,元大-四維,2024-10-11,9831
5347,世界,35,1,34,元大-四維,2024-10-11,9831
9914,美利達,32,0,32,元大-四維,2024-10-11,9831
00725B,國泰投資級公司債,41,10,31,元大-四維,2024-10-11,9831
2887,台新金,46,16,30,元大-四維,2024-10-11,9831
00639,富邦深100,33,4,29,元大-四維,2024-10-11,9831
00650L,復華香港正2,30,4,26,元大-四維,2024-10-11,9831
00673R,期元大S＆P原油反1,25,0,25,元大-四維,2024-10-11,9831
0056,元大高股息,27,3,24,元大-四維,2024-10-11,9831
2888,新光金,43,20,23,元大-四維,2024-10-11,9831
00931B,統一美債20年,23,0,23,元大-四維,2024-10-11,9831
2316,楠梓電,53,32,21,元大-四維,2024-10-11,9831
2014,中鴻,21,0,21,元大-四維,2024-10-11,9831
2845,遠東銀,21,0,21,元大-四維,2024-10-11,9831
6589,台康生技,20,0,20,元大-四維,2024-10-11,9831
9946,三發地產,20,0,20,元大-四維,2024-10-11,9831
2486,一詮,52,32,20,元大-四維,2024-10-11,9831
2354,鴻準,22,3,19,元大-四維,2024-10-11,9831
2425,承啟,23,4,19,元大-四維,2024-10-11,9831
2609,陽明,27,9,18,元大-四維,2024-10-11,9831
2464,盟立,25,7,18,元大-四維,2024-10-11,9831
8070,長華*,50,32,18,元大-四維,2024-10-11,9831
1597,直得,17,0,17,元大-四維,2024-10-11,9831
3550,聯穎,29,12,17,元大-四維,2024-10-11,9831
2009,第一銅,17,0,17,元大-四維,2024-10-11,9831
00753L,中信中國50正2,128,112,16,元大-四維,2024-10-11,9831
2495,普安,18,2,16,元大-四維,2024-10-11,9831
6937,天虹,18,2,16,元大-四維,2024-10-11,9831
2834,臺企銀,16,1,15,元大-四維,2024-10-11,9831
1307,三芳,15,0,15,元大-四維,2024-10-11,9831
1536,和大,31,16,15,元大-四維,2024-10-11,9831
00688L,國泰20年美債正2,15,0,15,元大-四維,2024-10-11,9831
00637L,元大滬深300正2,396,65,331,元大-四維,2024-10-14,9831
0056,元大高股息,205,0,205,元大-四維,2024-10-14,9831
2887,台新金,130,2,128,元大-四維,2024-10-14,9831
00753L,中信中國50正2,308,188,120,元大-四維,2024-10-14,9831
00679B,元大美債20年,157,58,99,元大-四維,2024-10-14,9831
2353,宏��,129,32,97,元大-四維,2024-10-14,9831
00633L,富邦上証正2,106,11,95,元大-四維,2024-10-14,9831
9105,泰金寶-DR,107,15,92,元大-四維,2024-10-14,9831
00887,永豐中國科技50大,91,2,89,元大-四維,2024-10-14,9831
1713,國化,80,0,80,元大-四維,2024-10-14,9831
8111,立��,115,47,68,元大-四維,2024-10-14,9831
00937B,群益ESG投等債20,51,7,44,元大-四維,2024-10-14,9831
2883,凱基金,41,7,34,元大-四維,2024-10-14,9831
2208,台船,37,4,33,元大-四維,2024-10-14,9831
6290,良維,31,0,31,元大-四維,2024-10-14,9831
2002,中鋼,35,5,30,元大-四維,2024-10-14,9831
00725B,國泰投資級公司債,29,0,29,元大-四維,2024-10-14,9831
00687B,國泰20年美債,171,144,27,元大-四維,2024-10-14,9831
3715,定穎投控,41,15,26,元大-四維,2024-10-14,9831
00680L,元大美債20正2,29,4,25,元大-四維,2024-10-14,9831
2312,金寶,87,63,24,元大-四維,2024-10-14,9831
2421,建準,40,17,23,元大-四維,2024-10-14,9831
3437,榮創,23,1,22,元大-四維,2024-10-14,9831
00795B,中信美國公債20年,22,1,21,元大-四維,2024-10-14,9831
3265,台星科,26,8,18,元大-四維,2024-10-14,9831
00730,富邦臺灣優質高息,18,0,18,元大-四維,2024-10-14,9831
00922,國泰台灣領袖50,29,12,17,元大-四維,2024-10-14,9831
2317,鴻海,44,27,17,元大-四維,2024-10-14,9831
3499,環天科,17,0,17,元大-四維,2024-10-14,9831
2489,瑞軒,18,3,15,元大-四維,2024-10-14,9831
00713,元大台灣高息低波,15,0,15,元大-四維,2024-10-14,9831
4956,光鋐,87,73,14,元大-四維,2024-10-14,9831
00943,兆豐電子高息等權,15,1,14,元大-四維,2024-10-14,9831
9945,潤泰新,13,0,13,元大-四維,2024-10-14,9831
6589,台康生技,12,0,12,元大-四維,2024-10-14,9831
6133,金橋,17,5,12,元大-四維,2024-10-14,9831
1314,中石化,16,5,11,元大-四維,2024-10-14,9831
4967,十銓,17,6,11,元大-四維,2024-10-14,9831
00907,永豐優息存股,11,0,11,元大-四維,2024-10-14,9831
5876,上海商銀,11,0,11,元大-四維,2024-10-14,9831
5438,東友,12,1,11,元大-四維,2024-10-14,9831
4563,百德,13,2,11,元大-四維,2024-10-14,9831
4934,太極,11,0,11,元大-四維,2024-10-14,9831
2206,三陽工業,11,0,11,元大-四維,2024-10-14,9831
2356,英業達,25,15,10,元大-四維,2024-10-14,9831
1536,和大,19,9,10,元大-四維,2024-10-14,9831
6128,上福,10,0,10,元大-四維,2024-10-14,9831
6449,鈺邦,10,0,10,元大-四維,2024-10-14,9831
2354,鴻準,13,4,9,元大-四維,2024-10-14,9831
6546,正基,13,4,9,元大-四維,2024-10-14,9831
00655L,國泰中國A50正2,150,0,150,元大-四維,2024-10-15,9831
00633L,富邦上証正2,104,4,100,元大-四維,2024-10-15,9831
3481,群創,110,15,95,元大-四維,2024-10-15,9831
00725B,國泰投資級公司債,75,0,75,元大-四維,2024-10-15,9831
00919,群益台灣精選高息,104,40,64,元大-四維,2024-10-15,9831
00945B,凱基美國非投等債,63,0,63,元大-四維,2024-10-15,9831
2426,鼎元,72,21,51,元大-四維,2024-10-15,9831
5014,建錩,51,0,51,元大-四維,2024-10-15,9831
00946,群益科技高息成長,50,1,49,元大-四維,2024-10-15,9831
00680L,元大美債20正2,50,1,49,元大-四維,2024-10-15,9831
00730,富邦臺灣優質高息,44,0,44,元大-四維,2024-10-15,9831
2888,新光金,68,26,42,元大-四維,2024-10-15,9831
1447,力鵬,50,10,40,元大-四維,2024-10-15,9831
00642U,期元大S＆P石油,38,0,38,元大-四維,2024-10-15,9831
4956,光鋐,78,41,37,元大-四維,2024-10-15,9831
00679B,元大美債20年,37,3,34,元大-四維,2024-10-15,9831
8028,昇陽半導體,48,16,32,元大-四維,2024-10-15,9831
00720B,元大投資級公司債,52,20,32,元大-四維,2024-10-15,9831
00960,野村全球航運龍頭,31,0,31,元大-四維,2024-10-15,9831
1802,台玻,34,3,31,元大-四維,2024-10-15,9831
2498,宏達電,39,9,30,元大-四維,2024-10-15,9831
1713,國化,30,0,30,元大-四維,2024-10-15,9831
2399,映泰,67,38,29,元大-四維,2024-10-15,9831
00632R,元大台灣50反1,74,47,27,元大-四維,2024-10-15,9831
00687B,國泰20年美債,105,80,25,元大-四維,2024-10-15,9831
2002,中鋼,29,6,23,元大-四維,2024-10-15,9831
1717,長興,23,0,23,元大-四維,2024-10-15,9831
2316,楠梓電,24,2,22,元大-四維,2024-10-15,9831
6768,志強-KY,24,3,21,元大-四維,2024-10-15,9831
1301,台塑,23,2,21,元大-四維,2024-10-15,9831
00895,富邦未來車,20,0,20,元大-四維,2024-10-15,9831
6112,邁達特,20,0,20,元大-四維,2024-10-15,9831
9914,美利達,20,0,20,元大-四維,2024-10-15,9831
3017,奇鋐,33,14,19,元大-四維,2024-10-15,9831
6282,康舒,27,8,19,元大-四維,2024-10-15,9831
2365,昆盈,22,4,18,元大-四維,2024-10-15,9831
00665L,富邦�琤肭磪囓�2,20,2,18,元大-四維,2024-10-15,9831
00753L,中信中國50正2,123,105,18,元大-四維,2024-10-15,9831
0056,元大高股息,61,43,18,元大-四維,2024-10-15,9831
3715,定穎投控,21,4,17,元大-四維,2024-10-15,9831
2486,一詮,74,57,17,元大-四維,2024-10-15,9831
9906,欣巴巴,67,50,17,元大-四維,2024-10-15,9831
3615,安可,20,3,17,元大-四維,2024-10-15,9831
3550,聯穎,27,11,16,元大-四維,2024-10-15,9831
2363,矽統,81,66,15,元大-四維,2024-10-15,9831
2601,益航,15,0,15,元大-四維,2024-10-15,9831
00650L,復華香港正2,15,0,15,元大-四維,2024-10-15,9831
3013,晟銘電,51,37,14,元大-四維,2024-10-15,9831
00915,凱基優選高股息30,14,0,14,元大-四維,2024-10-15,9831
1608,華榮,14,0,14,元大-四維,2024-10-15,9831
00882,中信中國高股息,779,37,742,元大-四維,2024-10-16,9831
00637L,元大滬深300正2,391,30,361,元大-四維,2024-10-16,9831
2313,華通,358,107,251,元大-四維,2024-10-16,9831
0061,元大寶滬深,250,0,250,元大-四維,2024-10-16,9831
00887,永豐中國科技50大,212,1,211,元大-四維,2024-10-16,9831
1528,恩德,202,16,186,元大-四維,2024-10-16,9831
3209,全科,183,8,175,元大-四維,2024-10-16,9831
0056,元大高股息,166,38,128,元大-四維,2024-10-16,9831
00912,中信臺灣智慧50,120,1,119,元大-四維,2024-10-16,9831
00753L,中信中國50正2,163,60,103,元大-四維,2024-10-16,9831
00922,國泰台灣領袖50,98,2,96,元大-四維,2024-10-16,9831
00715L,期街口布蘭特正2,102,11,91,元大-四維,2024-10-16,9831
5880,合庫金,73,6,67,元大-四維,2024-10-16,9831
00687B,國泰20年美債,75,8,67,元大-四維,2024-10-16,9831
3714,富采,113,48,65,元大-四維,2024-10-16,9831
1713,國化,62,0,62,元大-四維,2024-10-16,9831
00680L,元大美債20正2,74,15,59,元大-四維,2024-10-16,9831
3062,建漢,88,29,59,元大-四維,2024-10-16,9831
00655L,國泰中國A50正2,60,10,50,元大-四維,2024-10-16,9831
00905,FT臺灣Smart,51,7,44,元大-四維,2024-10-16,9831
2838,聯邦銀,40,0,40,元大-四維,2024-10-16,9831
3710,連展投控,80,41,39,元大-四維,2024-10-16,9831
1785,光洋科,62,24,38,元大-四維,2024-10-16,9831
2883,凱基金,76,41,35,元大-四維,2024-10-16,9831
3450,聯鈞,53,27,26,元大-四維,2024-10-16,9831
6770,力積電,39,12,27,元大-四維,2024-10-16,9831
00730,富邦臺灣優質高息,26,0,26,元大-四維,2024-10-16,9831
3189,景碩,25,0,25,元大-四維,2024-10-16,9831
5452,佶優,59,35,24,元大-四維,2024-10-16,9831
3149,正達,181,157,24,元大-四維,2024-10-16,9831
3711,日月光投控,25,2,23,元大-四維,2024-10-16,9831
2374,佳能,22,0,22,元大-四維,2024-10-16,9831
00878,國泰永續高股息,27,5,22,元大-四維,2024-10-16,9831
2887,台新金,30,9,21,元大-四維,2024-10-16,9831
2009,第一銅,21,1,20,元大-四維,2024-10-16,9831
00927,群益半導體收益,19,0,19,元大-四維,2024-10-16,9831
2633,台灣高鐵,22,4,18,元大-四維,2024-10-16,9831
6763,綠界科技*,22,5,17,元大-四維,2024-10-16,9831
00713,元大台灣高息低波,26,9,17,元大-四維,2024-10-16,9831
2103,台橡,16,0,16,元大-四維,2024-10-16,9831
2303,聯電,17,1,16,元大-四維,2024-10-16,9831
00945B,凱基美國非投等債,16,0,16,元大-四維,2024-10-16,9831
6589,台康生技,22,6,16,元大-四維,2024-10-16,9831
00665L,富邦�琤肭磪囓�2,16,0,16,元大-四維,2024-10-16,9831
9906,欣巴巴,19,3,16,元大-四維,2024-10-16,9831
1605,華新,15,0,15,元大-四維,2024-10-16,9831
5608,四維航,15,0,15,元大-四維,2024-10-16,9831
2344,華邦電,14,0,14,元大-四維,2024-10-16,9831
4979,華星光,19,5,14,元大-四維,2024-10-16,9831
00712,復華富時不動產,34,20,14,元大-四維,2024-10-16,9831
0056,元大高股息,229,7,222,元大-四維,2024-10-17,9831
00905,FT臺灣Smart,124,0,124,元大-四維,2024-10-17,9831
00655L,國泰中國A50正2,115,0,115,元大-四維,2024-10-17,9831
00919,群益台灣精選高息,127,20,107,元大-四維,2024-10-17,9831
00937B,群益ESG投等債20,111,14,97,元大-四維,2024-10-17,9831
00927,群益半導體收益,93,0,93,元大-四維,2024-10-17,9831
2382,廣達,107,17,90,元大-四維,2024-10-17,9831
00922,國泰台灣領袖50,92,3,89,元大-四維,2024-10-17,9831
00632R,元大台灣50反1,93,30,63,元大-四維,2024-10-17,9831
00725B,國泰投資級公司債,62,0,62,元大-四維,2024-10-17,9831
00887,永豐中國科技50大,91,31,60,元大-四維,2024-10-17,9831
00945B,凱基美國非投等債,61,1,60,元大-四維,2024-10-17,9831
3710,連展投控,77,20,57,元大-四維,2024-10-17,9831
2029,盛餘,58,5,53,元大-四維,2024-10-17,9831
5452,佶優,63,13,50,元大-四維,2024-10-17,9831
8111,立��,51,6,45,元大-四維,2024-10-17,9831
2399,映泰,60,18,42,元大-四維,2024-10-17,9831
6443,元晶,40,0,40,元大-四維,2024-10-17,9831
00637L,元大滬深300正2,58,20,38,元大-四維,2024-10-17,9831
2845,遠東銀,38,0,38,元大-四維,2024-10-17,9831
9906,欣巴巴,93,57,36,元大-四維,2024-10-17,9831
3615,安可,41,10,31,元大-四維,2024-10-17,9831
2489,瑞軒,30,2,28,元大-四維,2024-10-17,9831
6147,頎邦,26,0,26,元大-四維,2024-10-17,9831
3714,富采,29,3,26,元大-四維,2024-10-17,9831
00882,中信中國高股息,26,0,26,元大-四維,2024-10-17,9831
00950B,凱基A級公司債,25,0,25,元大-四維,2024-10-17,9831
00687B,國泰20年美債,72,48,24,元大-四維,2024-10-17,9831
2312,金寶,278,257,21,元大-四維,2024-10-17,9831
00939,統一台灣高息動能,20,0,20,元大-四維,2024-10-17,9831
5243,乙盛-KY,20,0,20,元大-四維,2024-10-17,9831
2303,聯電,20,1,19,元大-四維,2024-10-17,9831
2355,敬鵬,20,2,18,元大-四維,2024-10-17,9831
2476,鉅祥,20,2,18,元大-四維,2024-10-17,9831
00912,中信臺灣智慧50,17,0,17,元大-四維,2024-10-17,9831
6695,芯鼎,15,0,15,元大-四維,2024-10-17,9831
00900,富邦特選高股息30,18,3,15,元大-四維,2024-10-17,9831
3062,建漢,35,21,14,元大-四維,2024-10-17,9831
00712,復華富時不動產,21,8,13,元大-四維,2024-10-17,9831
2421,建準,14,1,13,元大-四維,2024-10-17,9831
00753L,中信中國50正2,114,101,13,元大-四維,2024-10-17,9831
1609,大亞,16,3,13,元大-四維,2024-10-17,9831
6651,全宇昕,12,0,12,元大-四維,2024-10-17,9831
00960,野村全球航運龍頭,14,2,12,元大-四維,2024-10-17,9831
6456,GIS-KY,15,3,12,元大-四維,2024-10-17,9831
1718,中纖,20,8,12,元大-四維,2024-10-17,9831
00665L,富邦�琤肭磪囓�2,17,5,12,元大-四維,2024-10-17,9831
5876,上海商銀,11,0,11,元大-四維,2024-10-17,9831
2543,皇昌,15,4,11,元大-四維,2024-10-17,9831
3060,銘異,12,1,11,元大-四維,2024-10-17,9831
2888,新光金,203,4,199,元大-四維,2024-10-18,9831
2495,普安,182,55,127,元大-四維,2024-10-18,9831
3714,富采,142,22,120,元大-四維,2024-10-18,9831
00687B,國泰20年美債,156,39,117,元大-四維,2024-10-18,9831
00887,永豐中國科技50大,105,0,105,元大-四維,2024-10-18,9831
00945B,凱基美國非投等債,97,0,97,元大-四維,2024-10-18,9831
0056,元大高股息,106,11,95,元大-四維,2024-10-18,9831
2029,盛餘,89,2,87,元大-四維,2024-10-18,9831
00907,永豐優息存股,83,0,83,元大-四維,2024-10-18,9831
00679B,元大美債20年,99,17,82,元大-四維,2024-10-18,9831
2374,佳能,94,13,81,元大-四維,2024-10-18,9831
00937B,群益ESG投等債20,88,20,68,元大-四維,2024-10-18,9831
6234,高僑,61,0,61,元大-四維,2024-10-18,9831
2303,聯電,59,0,59,元大-四維,2024-10-18,9831
2449,京元電子,81,28,53,元大-四維,2024-10-18,9831
00929,復華台灣科技優息,174,123,51,元大-四維,2024-10-18,9831
00753L,中信中國50正2,47,2,45,元大-四維,2024-10-18,9831
2308,台達電,52,8,44,元大-四維,2024-10-18,9831
00632R,元大台灣50反1,173,129,44,元大-四維,2024-10-18,9831
00680L,元大美債20正2,43,0,43,元大-四維,2024-10-18,9831
6770,力積電,43,0,43,元大-四維,2024-10-18,9831
00948B,中信優息投資級債,42,0,42,元大-四維,2024-10-18,9831
2009,第一銅,43,1,42,元大-四維,2024-10-18,9831
2515,中工,41,1,40,元大-四維,2024-10-18,9831
2603,長榮,39,5,34,元大-四維,2024-10-18,9831
00665L,富邦�琤肭磪囓�2,43,10,33,元大-四維,2024-10-18,9831
00725B,國泰投資級公司債,32,0,32,元大-四維,2024-10-18,9831
4976,佳凌,31,0,31,元大-四維,2024-10-18,9831
00919,群益台灣精選高息,38,10,28,元大-四維,2024-10-18,9831
3588,通嘉,28,0,28,元大-四維,2024-10-18,9831
2426,鼎元,29,1,28,元大-四維,2024-10-18,9831
1301,台塑,27,0,27,元大-四維,2024-10-18,9831
2867,三商壽,31,4,27,元大-四維,2024-10-18,9831
3312,弘憶股,36,12,24,元大-四維,2024-10-18,9831
3149,正達,40,17,23,元大-四維,2024-10-18,9831
2356,英業達,48,25,23,元大-四維,2024-10-18,9831
3037,欣興,30,8,22,元大-四維,2024-10-18,9831
00927,群益半導體收益,23,1,22,元大-四維,2024-10-18,9831
8069,元太,22,0,22,元大-四維,2024-10-18,9831
00946,群益科技高息成長,21,1,20,元大-四維,2024-10-18,9831
2367,燿華,23,3,20,元大-四維,2024-10-18,9831
00712,復華富時不動產,20,0,20,元大-四維,2024-10-18,9831
4513,福裕,26,6,20,元大-四維,2024-10-18,9831
4908,前鼎,19,0,19,元大-四維,2024-10-18,9831
2615,萬海,24,6,18,元大-四維,2024-10-18,9831
00637L,元大滬深300正2,82,64,18,元大-四維,2024-10-18,9831
2038,海光,21,5,16,元大-四維,2024-10-18,9831
6133,金橋,28,12,16,元大-四維,2024-10-18,9831
2402,毅嘉,31,16,15,元大-四維,2024-10-18,9831
6190,萬泰科,14,0,14,元大-四維,2024-10-18,9831
2882,國泰金,428,13,415,元大-四維,2024-10-21,9831
2353,宏��,261,2,259,元大-四維,2024-10-21,9831
00887,永豐中國科技50大,242,12,230,元大-四維,2024-10-21,9831
00637L,元大滬深300正2,207,55,152,元大-四維,2024-10-21,9831
00679B,元大美債20年,131,7,124,元大-四維,2024-10-21,9831
00905,FT臺灣Smart,117,5,112,元大-四維,2024-10-21,9831
00655L,國泰中國A50正2,106,20,86,元大-四維,2024-10-21,9831
4526,東台,94,34,60,元大-四維,2024-10-21,9831
3615,安可,62,4,58,元大-四維,2024-10-21,9831
00687B,國泰20年美債,52,0,52,元大-四維,2024-10-21,9831
2883,凱基金,74,23,51,元大-四維,2024-10-21,9831
5880,合庫金,62,13,49,元大-四維,2024-10-21,9831
00753L,中信中國50正2,51,3,48,元大-四維,2024-10-21,9831
00948B,中信優息投資級債,48,1,47,元大-四維,2024-10-21,9831
2316,楠梓電,48,2,46,元大-四維,2024-10-21,9831
2105,正新,40,0,40,元大-四維,2024-10-21,9831
2303,聯電,52,12,40,元大-四維,2024-10-21,9831
1605,華新,34,0,34,元大-四維,2024-10-21,9831
2374,佳能,44,12,32,元大-四維,2024-10-21,9831
00720B,元大投資級公司債,39,10,29,元大-四維,2024-10-21,9831
6609,瀧澤科,29,2,27,元大-四維,2024-10-21,9831
00919,群益台灣精選高息,69,42,27,元大-四維,2024-10-21,9831
2308,台達電,26,0,26,元大-四維,2024-10-21,9831
1711,永光,57,31,26,元大-四維,2024-10-21,9831
6695,芯鼎,32,6,26,元大-四維,2024-10-21,9831
00946,群益科技高息成長,24,0,24,元大-四維,2024-10-21,9831
2363,矽統,116,94,22,元大-四維,2024-10-21,9831
3413,京鼎,24,3,21,元大-四維,2024-10-21,9831
0056,元大高股息,30,9,21,元大-四維,2024-10-21,9831
2838,聯邦銀,30,10,20,元大-四維,2024-10-21,9831
00953B,群益優選非投等債,20,0,20,元大-四維,2024-10-21,9831
00725B,國泰投資級公司債,20,1,19,元大-四維,2024-10-21,9831
5328,華容,20,1,19,元大-四維,2024-10-21,9831
2312,金寶,36,18,18,元大-四維,2024-10-21,9831
00715L,期街口布蘭特正2,19,1,18,元大-四維,2024-10-21,9831
2360,致茂,19,2,17,元大-四維,2024-10-21,9831
00960,野村全球航運龍頭,20,3,17,元大-四維,2024-10-21,9831
2801,彰銀,27,10,17,元大-四維,2024-10-21,9831
00922,國泰台灣領袖50,16,0,16,元大-四維,2024-10-21,9831
6194,育富,16,0,16,元大-四維,2024-10-21,9831
00642U,期元大S＆P石油,16,0,16,元大-四維,2024-10-21,9831
00665L,富邦�琤肭磪囓�2,21,5,16,元大-四維,2024-10-21,9831
8070,長華*,17,2,15,元大-四維,2024-10-21,9831
2545,皇翔,15,0,15,元大-四維,2024-10-21,9831
2884,玉山金,16,2,14,元大-四維,2024-10-21,9831
9945,潤泰新,15,0,15,元大-四維,2024-10-21,9831
2421,建準,15,2,13,元大-四維,2024-10-21,9831
8028,昇陽半導體,15,2,13,元大-四維,2024-10-21,9831
5609,中菲行,13,0,13,元大-四維,2024-10-21,9831
2409,友達,13,0,13,元大-四維,2024-10-21,9831
00948B,中信優息投資級債,146,2,144,元大-四維,2024-10-22,9831
3481,群創,218,75,143,元大-四維,2024-10-22,9831
00679B,元大美債20年,153,16,137,元大-四維,2024-10-22,9831
00687B,國泰20年美債,146,13,133,元大-四維,2024-10-22,9831
00725B,國泰投資級公司債,88,1,87,元大-四維,2024-10-22,9831
00959B,大華投等美債15Y+,85,0,85,元大-四維,2024-10-22,9831
00637L,元大滬深300正2,86,13,73,元大-四維,2024-10-22,9831
4729,熒茂,109,39,70,元大-四維,2024-10-22,9831
9105,泰金寶-DR,93,35,58,元大-四維,2024-10-22,9831
00720B,元大投資級公司債,55,0,55,元大-四維,2024-10-22,9831
00688L,國泰20年美債正2,53,0,53,元大-四維,2024-10-22,9831
2888,新光金,55,5,50,元大-四維,2024-10-22,9831
00680L,元大美債20正2,117,70,47,元大-四維,2024-10-22,9831
6215,和椿,50,3,47,元大-四維,2024-10-22,9831
00905,FT臺灣Smart,46,3,43,元大-四維,2024-10-22,9831
2363,矽統,98,56,42,元大-四維,2024-10-22,9831
00950B,凱基A級公司債,41,0,41,元大-四維,2024-10-22,9831
2002,中鋼,43,6,37,元大-四維,2024-10-22,9831
00931B,統一美債20年,37,0,37,元大-四維,2024-10-22,9831
2883,凱基金,61,28,33,元大-四維,2024-10-22,9831
00937B,群益ESG投等債20,285,252,33,元大-四維,2024-10-22,9831
00958B,永豐ESG銀行債15,32,0,32,元大-四維,2024-10-22,9831
6763,綠界科技*,33,1,32,元大-四維,2024-10-22,9831
6695,芯鼎,34,3,31,元大-四維,2024-10-22,9831
00665L,富邦�琤肭磪囓�2,31,0,31,元大-四維,2024-10-22,9831
00919,群益台灣精選高息,41,10,31,元大-四維,2024-10-22,9831
00900,富邦特選高股息30,30,0,30,元大-四維,2024-10-22,9831
2303,聯電,31,2,29,元大-四維,2024-10-22,9831
2308,台達電,26,1,25,元大-四維,2024-10-22,9831
5880,合庫金,42,17,25,元大-四維,2024-10-22,9831
6609,瀧澤科,34,10,24,元大-四維,2024-10-22,9831
2330,台積電,26,2,24,元大-四維,2024-10-22,9831
00887,永豐中國科技50大,30,7,23,元大-四維,2024-10-22,9831
00712,復華富時不動產,22,0,22,元大-四維,2024-10-22,9831
2014,中鴻,25,3,22,元大-四維,2024-10-22,9831
1301,台塑,28,7,21,元大-四維,2024-10-22,9831
2838,聯邦銀,20,0,20,元大-四維,2024-10-22,9831
00945B,凱基美國非投等債,20,0,20,元大-四維,2024-10-22,9831
5452,佶優,27,7,20,元大-四維,2024-10-22,9831
00751B,元大AAA至A公司債,19,0,19,元大-四維,2024-10-22,9831
3189,景碩,69,50,19,元大-四維,2024-10-22,9831
2489,瑞軒,35,16,19,元大-四維,2024-10-22,9831
2615,萬海,31,13,18,元大-四維,2024-10-22,9831
2312,金寶,34,17,17,元大-四維,2024-10-22,9831
2464,盟立,23,6,17,元大-四維,2024-10-22,9831
4958,臻鼎-KY,23,6,17,元大-四維,2024-10-22,9831
4909,新復興,16,0,16,元大-四維,2024-10-22,9831
3714,富采,19,3,16,元大-四維,2024-10-22,9831
3550,聯穎,15,0,15,元大-四維,2024-10-22,9831
1718,中纖,15,0,15,元大-四維,2024-10-22,9831
1609,大亞,207,3,204,元大-四維,2024-10-23,9831
00937B,群益ESG投等債20,151,0,151,元大-四維,2024-10-23,9831
6405,悅城,174,67,107,元大-四維,2024-10-23,9831
2312,金寶,108,6,102,元大-四維,2024-10-23,9831
00679B,元大美債20年,86,1,85,元大-四維,2024-10-23,9831
2601,益航,116,35,81,元大-四維,2024-10-23,9831
9906,欣巴巴,347,273,74,元大-四維,2024-10-23,9831
5880,合庫金,65,0,65,元大-四維,2024-10-23,9831
00887,永豐中國科技50大,67,3,64,元大-四維,2024-10-23,9831
3481,群創,150,88,62,元大-四維,2024-10-23,9831
1713,國化,58,0,58,元大-四維,2024-10-23,9831
00712,復華富時不動產,57,0,57,元大-四維,2024-10-23,9831
9105,泰金寶-DR,76,24,52,元大-四維,2024-10-23,9831
1217,愛之味,50,0,50,元大-四維,2024-10-23,9831
2329,華泰,139,90,49,元大-四維,2024-10-23,9831
2208,台船,67,19,48,元大-四維,2024-10-23,9831
00929,復華台灣科技優息,79,32,47,元大-四維,2024-10-23,9831
2545,皇翔,45,1,44,元大-四維,2024-10-23,9831
1786,科妍,40,0,40,元大-四維,2024-10-23,9831
3219,倚強科,41,1,40,元大-四維,2024-10-23,9831
2838,聯邦銀,60,20,40,元大-四維,2024-10-23,9831
00680L,元大美債20正2,60,20,40,元大-四維,2024-10-23,9831
2618,長榮航,83,46,37,元大-四維,2024-10-23,9831
2607,榮運,29,0,29,元大-四維,2024-10-23,9831
00948B,中信優息投資級債,28,0,28,元大-四維,2024-10-23,9831
2426,鼎元,33,5,28,元大-四維,2024-10-23,9831
00878,國泰永續高股息,32,5,27,元大-四維,2024-10-23,9831
3535,晶彩科,53,27,26,元大-四維,2024-10-23,9831
2884,玉山金,24,0,24,元大-四維,2024-10-23,9831
00945B,凱基美國非投等債,24,0,24,元大-四維,2024-10-23,9831
2887,台新金,24,1,23,元大-四維,2024-10-23,9831
2412,中華電,23,0,23,元大-四維,2024-10-23,9831
8249,菱光,24,2,22,元大-四維,2024-10-23,9831
2820,華票,21,0,21,元大-四維,2024-10-23,9831
2913,農林,20,0,20,元大-四維,2024-10-23,9831
1735,日勝化,22,2,20,元大-四維,2024-10-23,9831
1524,耿鼎,20,0,20,元大-四維,2024-10-23,9831
2374,佳能,22,4,18,元大-四維,2024-10-23,9831
0056,元大高股息,29,12,17,元大-四維,2024-10-23,9831
1101,台泥,18,2,16,元大-四維,2024-10-23,9831
2606,裕民,16,0,16,元大-四維,2024-10-23,9831
5386,青雲,17,1,16,元大-四維,2024-10-23,9831
3413,京鼎,15,0,15,元大-四維,2024-10-23,9831
2886,兆豐金,15,0,15,元大-四維,2024-10-23,9831
3062,建漢,14,0,14,元大-四維,2024-10-23,9831
5508,永信建,14,0,14,元大-四維,2024-10-23,9831
3520,華盈,15,1,14,元大-四維,2024-10-23,9831
00927,群益半導體收益,16,2,14,元大-四維,2024-10-23,9831
2303,聯電,15,1,14,元大-四維,2024-10-23,9831
1711,永光,28,14,14,元大-四維,2024-10-23,9831
2489,瑞軒,212,70,142,元大-四維,2024-10-24,9831
0056,元大高股息,174,34,140,元大-四維,2024-10-24,9831
2883,凱基金,102,11,91,元大-四維,2024-10-24,9831
3615,安可,117,28,89,元大-四維,2024-10-24,9831
2029,盛餘,68,0,68,元大-四維,2024-10-24,9831
3580,友威科,91,27,64,元大-四維,2024-10-24,9831
00929,復華台灣科技優息,72,8,64,元大-四維,2024-10-24,9831
1609,大亞,59,0,59,元大-四維,2024-10-24,9831
2431,聯昌,57,6,51,元大-四維,2024-10-24,9831
5880,合庫金,53,6,47,元大-四維,2024-10-24,9831
00937B,群益ESG投等債20,47,0,47,元大-四維,2024-10-24,9831
00637L,元大滬深300正2,46,0,46,元大-四維,2024-10-24,9831
1721,三晃,77,31,46,元大-四維,2024-10-24,9831
00712,復華富時不動產,44,0,44,元大-四維,2024-10-24,9831
1528,恩德,107,64,43,元大-四維,2024-10-24,9831
00878,國泰永續高股息,62,20,42,元大-四維,2024-10-24,9831
00946,群益科技高息成長,42,1,41,元大-四維,2024-10-24,9831
00753L,中信中國50正2,63,23,40,元大-四維,2024-10-24,9831
4540,全球傳動,44,5,39,元大-四維,2024-10-24,9831
6104,創惟,39,1,38,元大-四維,2024-10-24,9831
2399,映泰,94,61,33,元大-四維,2024-10-24,9831
1608,華榮,46,15,31,元大-四維,2024-10-24,9831
5284,jpp-KY,32,1,31,元大-四維,2024-10-24,9831
2388,威盛,40,13,27,元大-四維,2024-10-24,9831
00918,大華優利高填息30,26,0,26,元大-四維,2024-10-24,9831
6869,雲豹能源,26,2,24,元大-四維,2024-10-24,9831
00938,凱基優選30,24,0,24,元大-四維,2024-10-24,9831
6125,廣運,23,2,21,元大-四維,2024-10-24,9831
4513,福裕,21,0,21,元大-四維,2024-10-24,9831
2838,聯邦銀,50,30,20,元大-四維,2024-10-24,9831
2007,燁興,20,0,20,元大-四維,2024-10-24,9831
00957B,兆豐US優選投等債,20,0,20,元大-四維,2024-10-24,9831
2855,統一證,20,0,20,元大-四維,2024-10-24,9831
2426,鼎元,23,3,20,元大-四維,2024-10-24,9831
8240,華宏,20,0,20,元大-四維,2024-10-24,9831
1309,台達化,21,2,19,元大-四維,2024-10-24,9831
00922,國泰台灣領袖50,32,12,20,元大-四維,2024-10-24,9831
2382,廣達,33,14,19,元大-四維,2024-10-24,9831
2105,正新,19,0,19,元大-四維,2024-10-24,9831
3037,欣興,31,13,18,元大-四維,2024-10-24,9831
1806,冠軍,62,44,18,元大-四維,2024-10-24,9831
00948B,中信優息投資級債,17,0,17,元大-四維,2024-10-24,9831
6257,矽格,21,4,17,元大-四維,2024-10-24,9831
00960,野村全球航運龍頭,17,0,17,元大-四維,2024-10-24,9831
00905,FT臺灣Smart,17,0,17,元大-四維,2024-10-24,9831
00887,永豐中國科技50大,23,6,17,元大-四維,2024-10-24,9831
00882,中信中國高股息,16,0,16,元大-四維,2024-10-24,9831
1727,中華化,16,0,16,元大-四維,2024-10-24,9831
2027,大成鋼,17,1,16,元大-四維,2024-10-24,9831
3714,富采,18,2,16,元大-四維,2024-10-24,9831
2431,聯昌,354,59,295,元大-四維,2024-10-25,9831
00905,FT臺灣Smart,150,0,150,元大-四維,2024-10-25,9831
2029,盛餘,100,0,100,元大-四維,2024-10-25,9831
00919,群益台灣精選高息,93,1,92,元大-四維,2024-10-25,9831
00922,國泰台灣領袖50,110,18,92,元大-四維,2024-10-25,9831
9935,慶豐富,50,1,49,元大-四維,2024-10-25,9831
6405,悅城,58,13,45,元大-四維,2024-10-25,9831
5880,合庫金,43,6,37,元大-四維,2024-10-25,9831
2303,聯電,34,0,34,元大-四維,2024-10-25,9831
2344,華邦電,82,53,29,元大-四維,2024-10-25,9831
2105,正新,32,4,28,元大-四維,2024-10-25,9831
9105,泰金寶-DR,44,16,28,元大-四維,2024-10-25,9831
2362,藍天,26,0,26,元大-四維,2024-10-25,9831
2603,長榮,28,5,23,元大-四維,2024-10-25,9831
2883,凱基金,24,2,22,元大-四維,2024-10-25,9831
6770,力積電,27,6,21,元大-四維,2024-10-25,9831
2838,聯邦銀,20,0,20,元大-四維,2024-10-25,9831
1314,中石化,40,20,20,元大-四維,2024-10-25,9831
2208,台船,26,6,20,元大-四維,2024-10-25,9831
6733,博晟生醫,20,0,20,元大-四維,2024-10-25,9831
5876,上海商銀,20,0,20,元大-四維,2024-10-25,9831
2308,台達電,20,0,20,元大-四維,2024-10-25,9831
2884,玉山金,21,2,19,元大-四維,2024-10-25,9831
3481,群創,25,6,19,元大-四維,2024-10-25,9831
00679B,元大美債20年,36,19,17,元大-四維,2024-10-25,9831
00937B,群益ESG投等債20,36,21,15,元大-四維,2024-10-25,9831
00945B,凱基美國非投等債,15,0,15,元大-四維,2024-10-25,9831
00878,國泰永續高股息,16,2,14,元大-四維,2024-10-25,9831
2356,英業達,18,4,14,元大-四維,2024-10-25,9831
6179,亞通,16,2,14,元大-四維,2024-10-25,9831
1721,三晃,14,0,14,元大-四維,2024-10-25,9831
1605,華新,14,1,13,元大-四維,2024-10-25,9831
1608,華榮,13,0,13,元大-四維,2024-10-25,9831
2489,瑞軒,43,31,12,元大-四維,2024-10-25,9831
2006,東和鋼鐵,100,88,12,元大-四維,2024-10-25,9831
3290,東浦,23,11,12,元大-四維,2024-10-25,9831
2455,全新,16,5,11,元大-四維,2024-10-25,9831
00936,台新永續高息中小,11,0,11,元大-四維,2024-10-25,9831
1711,永光,18,7,11,元大-四維,2024-10-25,9831
2352,佳世達,11,0,11,元大-四維,2024-10-25,9831
0056,元大高股息,13,2,11,元大-四維,2024-10-25,9831
2351,順德,10,0,10,元大-四維,2024-10-25,9831
5521,工信,14,4,10,元大-四維,2024-10-25,9831
6244,茂迪,10,0,10,元大-四維,2024-10-25,9831
3029,零壹,15,5,10,元大-四維,2024-10-25,9831
3011,今皓,15,5,10,元大-四維,2024-10-25,9831
00720B,元大投資級公司債,10,0,10,元大-四維,2024-10-25,9831
2027,大成鋼,12,3,9,元大-四維,2024-10-25,9831
2329,華泰,13,5,8,元大-四維,2024-10-25,9831
6214,精誠,8,0,8,元大-四維,2024-10-25,9831
2495,普安,278,26,252,元大-四維,2024-10-28,9831
1312,國喬,126,1,125,元大-四維,2024-10-28,9831
2891,中信金,122,1,121,元大-四維,2024-10-28,9831
00679B,元大美債20年,122,2,120,元大-四維,2024-10-28,9831
00937B,群益ESG投等債20,106,0,106,元大-四維,2024-10-28,9831
3481,群創,113,14,99,元大-四維,2024-10-28,9831
2382,廣達,103,4,99,元大-四維,2024-10-28,9831
6609,瀧澤科,102,4,98,元大-四維,2024-10-28,9831
2618,長榮航,111,16,95,元大-四維,2024-10-28,9831
00680L,元大美債20正2,82,8,74,元大-四維,2024-10-28,9831
1713,國化,73,0,73,元大-四維,2024-10-28,9831
6288,聯嘉,286,216,70,元大-四維,2024-10-28,9831
00948B,中信優息投資級債,67,1,66,元大-四維,2024-10-28,9831
00688L,國泰20年美債正2,60,0,60,元大-四維,2024-10-28,9831
00753L,中信中國50正2,66,11,55,元大-四維,2024-10-28,9831
00919,群益台灣精選高息,54,4,50,元大-四維,2024-10-28,9831
6213,聯茂,54,4,50,元大-四維,2024-10-28,9831
00632R,元大台灣50反1,180,138,42,元大-四維,2024-10-28,9831
00715L,期街口布蘭特正2,41,0,41,元大-四維,2024-10-28,9831
2354,鴻準,88,47,41,元大-四維,2024-10-28,9831
00929,復華台灣科技優息,61,22,39,元大-四維,2024-10-28,9831
2515,中工,36,0,36,元大-四維,2024-10-28,9831
5880,合庫金,49,13,36,元大-四維,2024-10-28,9831
2331,精英,35,0,35,元大-四維,2024-10-28,9831
00637L,元大滬深300正2,57,23,34,元大-四維,2024-10-28,9831
2303,聯電,44,10,34,元大-四維,2024-10-28,9831
3615,安可,46,13,33,元大-四維,2024-10-28,9831
00720B,元大投資級公司債,33,0,33,元大-四維,2024-10-28,9831
6126,信音,33,1,32,元大-四維,2024-10-28,9831
00950B,凱基A級公司債,31,0,31,元大-四維,2024-10-28,9831
2603,長榮,51,27,24,元大-四維,2024-10-28,9831
6176,瑞儀,31,8,23,元大-四維,2024-10-28,9831
00642U,期元大S＆P石油,23,0,23,元大-四維,2024-10-28,9831
1528,恩德,40,18,22,元大-四維,2024-10-28,9831
2399,映泰,41,19,22,元大-四維,2024-10-28,9831
3088,艾訊,20,0,20,元大-四維,2024-10-28,9831
1815,富喬,21,1,20,元大-四維,2024-10-28,9831
2609,陽明,33,13,20,元大-四維,2024-10-28,9831
2883,凱基金,20,1,19,元大-四維,2024-10-28,9831
00933B,國泰10Y+金融債,19,0,19,元大-四維,2024-10-28,9831
00922,國泰台灣領袖50,19,0,19,元大-四維,2024-10-28,9831
00887,永豐中國科技50大,24,5,19,元大-四維,2024-10-28,9831
006208,富邦台50,19,0,19,元大-四維,2024-10-28,9831
8358,金居,17,0,17,元大-四維,2024-10-28,9831
6216,居易,20,4,16,元大-四維,2024-10-28,9831
6235,華孚,47,31,16,元大-四維,2024-10-28,9831
00712,復華富時不動產,15,0,15,元大-四維,2024-10-28,9831
8933,愛地雅,15,0,15,元大-四維,2024-10-28,9831
2484,希華,17,2,15,元大-四維,2024-10-28,9831
00772B,中信高評級公司債,13,0,13,元大-四維,2024-10-28,9831
00632R,元大台灣50反1,330,119,211,元大-四維,2024-10-29,9831
00940,元大台灣價值高息,297,104,193,元大-四維,2024-10-29,9831
3481,群創,193,7,186,元大-四維,2024-10-29,9831
00919,群益台灣精選高息,216,50,166,元大-四維,2024-10-29,9831
00929,復華台灣科技優息,175,18,157,元大-四維,2024-10-29,9831
2882,國泰金,102,0,102,元大-四維,2024-10-29,9831
5880,合庫金,101,0,101,元大-四維,2024-10-29,9831
2303,聯電,95,1,94,元大-四維,2024-10-29,9831
1713,國化,91,0,91,元大-四維,2024-10-29,9831
0056,元大高股息,125,42,83,元大-四維,2024-10-29,9831
00934,中信成長高股息,82,3,79,元大-四維,2024-10-29,9831
2029,盛餘,77,0,77,元大-四維,2024-10-29,9831
00900,富邦特選高股息30,73,1,72,元大-四維,2024-10-29,9831
00922,國泰台灣領袖50,57,0,57,元大-四維,2024-10-29,9831
00878,國泰永續高股息,80,26,54,元大-四維,2024-10-29,9831
2836,高雄銀,53,0,53,元大-四維,2024-10-29,9831
2838,聯邦銀,90,41,49,元大-四維,2024-10-29,9831
2208,台船,55,11,44,元大-四維,2024-10-29,9831
00943,兆豐電子高息等權,43,0,43,元大-四維,2024-10-29,9831
2609,陽明,52,13,39,元大-四維,2024-10-29,9831
9945,潤泰新,39,0,39,元大-四維,2024-10-29,9831
6133,金橋,98,59,39,元大-四維,2024-10-29,9831
00642U,期元大S＆P石油,37,0,37,元大-四維,2024-10-29,9831
00712,復華富時不動產,40,4,36,元大-四維,2024-10-29,9831
00930,永豐ESG低碳高息,35,0,35,元大-四維,2024-10-29,9831
6235,華孚,42,8,34,元大-四維,2024-10-29,9831
3037,欣興,37,5,32,元大-四維,2024-10-29,9831
6257,矽格,32,0,32,元大-四維,2024-10-29,9831
00715L,期街口布蘭特正2,32,1,31,元大-四維,2024-10-29,9831
6156,松上,34,4,30,元大-四維,2024-10-29,9831
3714,富采,29,0,29,元大-四維,2024-10-29,9831
0050,元大台灣50,27,0,27,元大-四維,2024-10-29,9831
1312,國喬,26,0,26,元大-四維,2024-10-29,9831
8249,菱光,50,25,25,元大-四維,2024-10-29,9831
006208,富邦台50,24,0,24,元大-四維,2024-10-29,9831
1609,大亞,25,2,23,元大-四維,2024-10-29,9831
1802,台玻,40,18,22,元大-四維,2024-10-29,9831
2515,中工,22,0,22,元大-四維,2024-10-29,9831
2409,友達,21,0,21,元大-四維,2024-10-29,9831
2312,金寶,63,42,21,元大-四維,2024-10-29,9831
00918,大華優利高填息30,20,0,20,元大-四維,2024-10-29,9831
2006,東和鋼鐵,105,85,20,元大-四維,2024-10-29,9831
2607,榮運,20,0,20,元大-四維,2024-10-29,9831
00713,元大台灣高息低波,20,0,20,元大-四維,2024-10-29,9831
3035,智原,19,1,18,元大-四維,2024-10-29,9831
00945B,凱基美國非投等債,18,0,18,元大-四維,2024-10-29,9831
5608,四維航,18,0,18,元大-四維,2024-10-29,9831
1301,台塑,19,1,18,元大-四維,2024-10-29,9831
4414,如興,17,0,17,元大-四維,2024-10-29,9831
1806,冠軍,34,17,17,元大-四維,2024-10-29,9831
3615,安可,182,2,180,元大-四維,2024-10-30,9831
2888,新光金,109,1,108,元大-四維,2024-10-30,9831
00919,群益台灣精選高息,109,19,90,元大-四維,2024-10-30,9831
00632R,元大台灣50反1,165,80,85,元大-四維,2024-10-30,9831
2337,旺宏,83,0,83,元大-四維,2024-10-30,9831
00712,復華富時不動產,63,0,63,元大-四維,2024-10-30,9831
8044,網家,83,22,61,元大-四維,2024-10-30,9831
2392,正崴,71,12,59,元大-四維,2024-10-30,9831
3481,群創,71,17,54,元大-四維,2024-10-30,9831
2367,燿華,54,2,52,元大-四維,2024-10-30,9831
1609,大亞,51,1,50,元大-四維,2024-10-30,9831
0056,元大高股息,56,7,49,元大-四維,2024-10-30,9831
2431,聯昌,57,13,44,元大-四維,2024-10-30,9831
2303,聯電,39,1,38,元大-四維,2024-10-30,9831
00948B,中信優息投資級債,37,0,37,元大-四維,2024-10-30,9831
00882,中信中國高股息,36,0,36,元大-四維,2024-10-30,9831
00937B,群益ESG投等債20,56,20,36,元大-四維,2024-10-30,9831
00753L,中信中國50正2,30,0,30,元大-四維,2024-10-30,9831
3687,歐買尬,67,37,30,元大-四維,2024-10-30,9831
00665L,富邦�琤肭磪囓�2,40,10,30,元大-四維,2024-10-30,9831
00934,中信成長高股息,34,5,29,元大-四維,2024-10-30,9831
1301,台塑,37,8,29,元大-四維,2024-10-30,9831
2208,台船,28,0,28,元大-四維,2024-10-30,9831
1605,華新,28,0,28,元大-四維,2024-10-30,9831
2413,環科,31,5,26,元大-四維,2024-10-30,9831
4167,松瑞藥,30,4,26,元大-四維,2024-10-30,9831
2610,華航,44,19,25,元大-四維,2024-10-30,9831
2409,友達,24,2,22,元大-四維,2024-10-30,9831
3490,單井,26,4,22,元大-四維,2024-10-30,9831
5880,合庫金,28,7,21,元大-四維,2024-10-30,9831
9914,美利達,21,0,21,元大-四維,2024-10-30,9831
2607,榮運,22,1,21,元大-四維,2024-10-30,9831
2885,元大金,23,3,20,元大-四維,2024-10-30,9831
00953B,群益優選非投等債,20,0,20,元大-四維,2024-10-30,9831
2845,遠東銀,20,0,20,元大-四維,2024-10-30,9831
3049,精金,20,0,20,元大-四維,2024-10-30,9831
00943,兆豐電子高息等權,19,0,19,元大-四維,2024-10-30,9831
2891,中信金,18,0,18,元大-四維,2024-10-30,9831
4919,新唐,35,17,18,元大-四維,2024-10-30,9831
00679B,元大美債20年,17,0,17,元大-四維,2024-10-30,9831
2836,高雄銀,17,0,17,元大-四維,2024-10-30,9831
00930,永豐ESG低碳高息,17,0,17,元大-四維,2024-10-30,9831
00887,永豐中國科技50大,24,7,17,元大-四維,2024-10-30,9831
4915,致伸,16,0,16,元大-四維,2024-10-30,9831
6418,詠昇,16,0,16,元大-四維,2024-10-30,9831
6770,力積電,24,8,16,元大-四維,2024-10-30,9831
2369,菱生,20,5,15,元大-四維,2024-10-30,9831
2313,華通,17,3,14,元大-四維,2024-10-30,9831
1309,台達化,15,2,13,元大-四維,2024-10-30,9831
2646,星宇航空,42,29,13,元大-四維,2024-10-30,9831
00953B,群益優選非投等債,311,0,311,元大-四維,2024-11-01,9831
00632R,元大台灣50反1,170,0,170,元大-四維,2024-11-01,9831
00948B,中信優息投資級債,169,1,168,元大-四維,2024-11-01,9831
6288,聯嘉,152,1,151,元大-四維,2024-11-01,9831
2431,聯昌,199,49,150,元大-四維,2024-11-01,9831
00940,元大台灣價值高息,160,15,145,元大-四維,2024-11-01,9831
2303,聯電,138,5,133,元大-四維,2024-11-01,9831
00919,群益台灣精選高息,150,20,130,元大-四維,2024-11-01,9831
2607,榮運,128,1,127,元大-四維,2024-11-01,9831
6216,居易,167,64,103,元大-四維,2024-11-01,9831
00712,復華富時不動產,100,0,100,元大-四維,2024-11-01,9831
00929,復華台灣科技優息,142,60,82,元大-四維,2024-11-01,9831
00878,國泰永續高股息,79,7,72,元大-四維,2024-11-01,9831
5880,合庫金,80,8,72,元大-四維,2024-11-01,9831
2887,台新金,69,0,69,元大-四維,2024-11-01,9831
00918,大華優利高填息30,78,11,67,元大-四維,2024-11-01,9831
00937B,群益ESG投等債20,48,5,43,元大-四維,2024-11-01,9831
0056,元大高股息,46,4,42,元大-四維,2024-11-01,9831
2354,鴻準,195,156,39,元大-四維,2024-11-01,9831
2317,鴻海,73,35,38,元大-四維,2024-11-01,9831
2365,昆盈,35,0,35,元大-四維,2024-11-01,9831
00945B,凱基美國非投等債,34,0,34,元大-四維,2024-11-01,9831
2885,元大金,38,6,32,元大-四維,2024-11-01,9831
3714,富采,32,0,32,元大-四維,2024-11-01,9831
2836,高雄銀,30,0,30,元大-四維,2024-11-01,9831
0050,元大台灣50,32,2,30,元大-四維,2024-11-01,9831
2892,第一金,30,3,27,元大-四維,2024-11-01,9831
00905,FT臺灣Smart,26,0,26,元大-四維,2024-11-01,9831
00881,國泰台灣5G+,24,0,24,元大-四維,2024-11-01,9831
2353,宏��,27,4,23,元大-四維,2024-11-01,9831
00753L,中信中國50正2,35,13,22,元大-四維,2024-11-01,9831
3324,雙鴻,23,2,21,元大-四維,2024-11-01,9831
2886,兆豐金,23,2,21,元大-四維,2024-11-01,9831
1449,佳和,26,5,21,元大-四維,2024-11-01,9831
00950B,凱基A級公司債,19,0,19,元大-四維,2024-11-01,9831
2890,永豐金,30,11,19,元大-四維,2024-11-01,9831
3047,訊舟,24,5,19,元大-四維,2024-11-01,9831
2646,星宇航空,21,3,18,元大-四維,2024-11-01,9831
00915,凱基優選高股息30,18,1,17,元大-四維,2024-11-01,9831
00830,國泰費城半導體,17,0,17,元大-四維,2024-11-01,9831
1301,台塑,29,13,16,元大-四維,2024-11-01,9831
2399,映泰,18,2,16,元大-四維,2024-11-01,9831
2618,長榮航,23,7,16,元大-四維,2024-11-01,9831
6589,台康生技,18,2,16,元大-四維,2024-11-01,9831
00912,中信臺灣智慧50,15,0,15,元大-四維,2024-11-01,9831
4540,全球傳動,15,0,15,元大-四維,2024-11-01,9831
00911,兆豐洲際半導體,14,0,14,元大-四維,2024-11-01,9831
2880,華南金,13,0,13,元大-四維,2024-11-01,9831
00949,復華日本龍頭,13,0,13,元大-四維,2024-11-01,9831
2610,華航,19,6,13,元大-四維,2024-11-01,9831
00687B,國泰20年美債,250,0,250,元大-四維,2024-11-04,9831
00878,國泰永續高股息,232,24,208,元大-四維,2024-11-04,9831
00919,群益台灣精選高息,197,18,179,元大-四維,2024-11-04,9831
00937B,群益ESG投等債20,160,0,160,元大-四維,2024-11-04,9831
8111,立��,138,10,128,元大-四維,2024-11-04,9831
00948B,中信優息投資級債,112,1,111,元大-四維,2024-11-04,9831
2607,榮運,100,0,100,元大-四維,2024-11-04,9831
00712,復華富時不動產,92,0,92,元大-四維,2024-11-04,9831
00679B,元大美債20年,96,10,86,元大-四維,2024-11-04,9831
00943,兆豐電子高息等權,74,0,74,元大-四維,2024-11-04,9831
2369,菱生,62,2,60,元大-四維,2024-11-04,9831
8011,台通,90,32,58,元大-四維,2024-11-04,9831
2029,盛餘,57,0,57,元大-四維,2024-11-04,9831
2303,聯電,60,5,55,元大-四維,2024-11-04,9831
1605,華新,50,0,50,元大-四維,2024-11-04,9831
2442,新美齊,50,0,50,元大-四維,2024-11-04,9831
00751B,元大AAA至A公司債,47,0,47,元大-四維,2024-11-04,9831
2405,輔信,46,0,46,元大-四維,2024-11-04,9831
00720B,元大投資級公司債,35,0,35,元大-四維,2024-11-04,9831
1314,中石化,64,31,33,元大-四維,2024-11-04,9831
4961,天鈺,31,0,31,元大-四維,2024-11-04,9831
2328,廣宇,39,8,31,元大-四維,2024-11-04,9831
2646,星宇航空,52,22,30,元大-四維,2024-11-04,9831
2615,萬海,126,99,27,元大-四維,2024-11-04,9831
00887,永豐中國科技50大,25,0,25,元大-四維,2024-11-04,9831
00933B,國泰10Y+金融債,24,0,24,元大-四維,2024-11-04,9831
4927,泰鼎-KY,25,1,24,元大-四維,2024-11-04,9831
3105,穩懋,22,0,22,元大-四維,2024-11-04,9831
00680L,元大美債20正2,21,0,21,元大-四維,2024-11-04,9831
2402,毅嘉,22,1,21,元大-四維,2024-11-04,9831
2603,長榮,41,20,21,元大-四維,2024-11-04,9831
00935,野村臺灣新科技50,20,0,20,元大-四維,2024-11-04,9831
00959B,大華投等美債15Y+,20,0,20,元大-四維,2024-11-04,9831
2440,太空梭,20,0,20,元大-四維,2024-11-04,9831
1736,喬山,20,0,20,元大-四維,2024-11-04,9831
00674R,期元大S＆P黃金反1,20,0,20,元大-四維,2024-11-04,9831
2609,陽明,47,27,20,元大-四維,2024-11-04,9831
5508,永信建,21,2,19,元大-四維,2024-11-04,9831
2613,中櫃,38,20,18,元大-四維,2024-11-04,9831
3037,欣興,22,5,17,元大-四維,2024-11-04,9831
1307,三芳,30,13,17,元大-四維,2024-11-04,9831
00950B,凱基A級公司債,17,0,17,元大-四維,2024-11-04,9831
3508,位速,17,0,17,元大-四維,2024-11-04,9831
2887,台新金,20,4,16,元大-四維,2024-11-04,9831
2409,友達,17,1,16,元大-四維,2024-11-04,9831
6134,萬旭,17,2,15,元大-四維,2024-11-04,9831
5347,世界,15,0,15,元大-四維,2024-11-04,9831
3715,定穎投控,15,1,14,元大-四維,2024-11-04,9831
3047,訊舟,16,2,14,元大-四維,2024-11-04,9831
2329,華泰,20,9,11,元大-四維,2024-11-04,9831
3049,精金,138,22,116,元大-四維,2024-11-05,9831
00665L,富邦�琤肭磪囓�2,113,10,103,元大-四維,2024-11-05,9831
00753L,中信中國50正2,98,3,95,元大-四維,2024-11-05,9831
3481,群創,103,14,89,元大-四維,2024-11-05,9831
00932,兆豐永續高息等權,89,0,89,元大-四維,2024-11-05,9831
00891,中信關鍵半導體,89,5,84,元大-四維,2024-11-05,9831
00650L,復華香港正2,80,0,80,元大-四維,2024-11-05,9831
00639,富邦深100,75,0,75,元大-四維,2024-11-05,9831
2888,新光金,75,1,74,元大-四維,2024-11-05,9831
00919,群益台灣精選高息,94,21,73,元大-四維,2024-11-05,9831
2354,鴻準,252,184,68,元大-四維,2024-11-05,9831
00937B,群益ESG投等債20,67,0,67,元大-四維,2024-11-05,9831
2883,凱基金,84,17,67,元大-四維,2024-11-05,9831
3149,正達,62,0,62,元大-四維,2024-11-05,9831
00940,元大台灣價值高息,89,36,53,元大-四維,2024-11-05,9831
00712,復華富時不動產,51,0,51,元大-四維,2024-11-05,9831
2838,聯邦銀,51,0,51,元大-四維,2024-11-05,9831
2328,廣宇,58,11,47,元大-四維,2024-11-05,9831
2317,鴻海,75,33,42,元大-四維,2024-11-05,9831
1713,國化,40,0,40,元大-四維,2024-11-05,9831
4903,聯光通,46,11,35,元大-四維,2024-11-05,9831
2607,榮運,30,0,30,元大-四維,2024-11-05,9831
2303,聯電,62,33,29,元大-四維,2024-11-05,9831
00902,中信電池及儲能,28,0,28,元大-四維,2024-11-05,9831
5243,乙盛-KY,27,0,27,元大-四維,2024-11-05,9831
00882,中信中國高股息,40,14,26,元大-四維,2024-11-05,9831
2344,華邦電,22,0,22,元大-四維,2024-11-05,9831
3645,達邁,20,0,20,元大-四維,2024-11-05,9831
4968,立積,20,0,20,元大-四維,2024-11-05,9831
4950,牧東,19,2,17,元大-四維,2024-11-05,9831
3289,宜特,22,5,17,元大-四維,2024-11-05,9831
9906,欣巴巴,49,33,16,元大-四維,2024-11-05,9831
8111,立��,98,82,16,元大-四維,2024-11-05,9831
00915,凱基優選高股息30,15,0,15,元大-四維,2024-11-05,9831
00725B,國泰投資級公司債,15,0,15,元大-四維,2024-11-05,9831
00946,群益科技高息成長,18,4,14,元大-四維,2024-11-05,9831
00945B,凱基美國非投等債,13,0,13,元大-四維,2024-11-05,9831
3062,建漢,17,5,12,元大-四維,2024-11-05,9831
00894,中信小資高價30,12,0,12,元大-四維,2024-11-05,9831
3591,艾笛森,12,0,12,元大-四維,2024-11-05,9831
5508,永信建,12,0,12,元大-四維,2024-11-05,9831
6147,頎邦,12,1,11,元大-四維,2024-11-05,9831
3665,貿聯-KY,12,1,11,元大-四維,2024-11-05,9831
1314,中石化,21,10,11,元大-四維,2024-11-05,9831
8044,網家,12,1,11,元大-四維,2024-11-05,9831
2486,一詮,26,16,10,元大-四維,2024-11-05,9831
1436,華友聯,11,1,10,元大-四維,2024-11-05,9831
00688L,國泰20年美債正2,10,0,10,元大-四維,2024-11-05,9831
4545,銘鈺,16,6,10,元大-四維,2024-11-05,9831
00892,富邦台灣半導體,10,0,10,元大-四維,2024-11-05,9831
00679B,元大美債20年,363,71,292,元大-四維,2024-11-06,9831
00905,FT臺灣Smart,210,20,190,元大-四維,2024-11-06,9831
00687B,國泰20年美債,147,51,96,元大-四維,2024-11-06,9831
2356,英業達,196,102,94,元大-四維,2024-11-06,9831
2303,聯電,145,54,91,元大-四維,2024-11-06,9831
4174,浩鼎,87,0,87,元大-四維,2024-11-06,9831
00639,富邦深100,85,10,75,元大-四維,2024-11-06,9831
00680L,元大美債20正2,102,30,72,元大-四維,2024-11-06,9831
2312,金寶,227,167,60,元大-四維,2024-11-06,9831
00655L,國泰中國A50正2,50,0,50,元大-四維,2024-11-06,9831
9105,泰金寶-DR,86,37,49,元大-四維,2024-11-06,9831
00665L,富邦�琤肭磪囓�2,51,4,47,元大-四維,2024-11-06,9831
00878,國泰永續高股息,100,54,46,元大-四維,2024-11-06,9831
00937B,群益ESG投等債20,66,23,43,元大-四維,2024-11-06,9831
00650L,復華香港正2,42,0,42,元大-四維,2024-11-06,9831
5880,合庫金,38,0,38,元大-四維,2024-11-06,9831
2009,第一銅,34,1,33,元大-四維,2024-11-06,9831
00919,群益台灣精選高息,98,65,33,元大-四維,2024-11-06,9831
00688L,國泰20年美債正2,30,0,30,元大-四維,2024-11-06,9831
00720B,元大投資級公司債,31,4,27,元大-四維,2024-11-06,9831
00706L,期元大S＆P日圓正2,27,0,27,元大-四維,2024-11-06,9831
2812,台中銀,25,0,25,元大-四維,2024-11-06,9831
00948B,中信優息投資級債,21,0,21,元大-四維,2024-11-06,9831
4968,立積,21,0,21,元大-四維,2024-11-06,9831
4729,熒茂,32,12,20,元大-四維,2024-11-06,9831
6134,萬旭,21,1,20,元大-四維,2024-11-06,9831
3014,聯陽,21,2,19,元大-四維,2024-11-06,9831
00945B,凱基美國非投等債,18,0,18,元大-四維,2024-11-06,9831
1101,台泥,16,0,16,元大-四維,2024-11-06,9831
3219,倚強科,19,3,16,元大-四維,2024-11-06,9831
8011,台通,15,0,15,元大-四維,2024-11-06,9831
6288,聯嘉,20,5,15,元大-四維,2024-11-06,9831
2324,仁寶,19,4,15,元大-四維,2024-11-06,9831
2327,國巨,15,1,14,元大-四維,2024-11-06,9831
2329,華泰,15,1,14,元大-四維,2024-11-06,9831
5347,世界,15,1,14,元大-四維,2024-11-06,9831
00637L,元大滬深300正2,27,13,14,元大-四維,2024-11-06,9831
6488,環球晶,16,2,14,元大-四維,2024-11-06,9831
2351,順德,19,6,13,元大-四維,2024-11-06,9831
6492,生華科,13,0,13,元大-四維,2024-11-06,9831
00882,中信中國高股息,28,15,13,元大-四維,2024-11-06,9831
00713,元大台灣高息低波,13,0,13,元大-四維,2024-11-06,9831
6164,華興,12,0,12,元大-四維,2024-11-06,9831
8070,長華*,22,10,12,元大-四維,2024-11-06,9831
2885,元大金,12,1,11,元大-四維,2024-11-06,9831
4919,新唐,15,4,11,元大-四維,2024-11-06,9831
2405,輔信,14,3,11,元大-四維,2024-11-06,9831
2634,漢翔,17,6,11,元大-四維,2024-11-06,9831
5388,中磊,10,0,10,元大-四維,2024-11-06,9831
2413,環科,10,0,10,元大-四維,2024-11-06,9831
6288,聯嘉,169,34,135,元大-四維,2024-11-07,9831
2303,聯電,207,76,131,元大-四維,2024-11-07,9831
00905,FT臺灣Smart,128,0,128,元大-四維,2024-11-07,9831
00887,永豐中國科技50大,105,1,104,元大-四維,2024-11-07,9831
2392,正崴,219,126,93,元大-四維,2024-11-07,9831
2399,映泰,116,42,74,元大-四維,2024-11-07,9831
00680L,元大美債20正2,96,40,56,元大-四維,2024-11-07,9831
00632R,元大台灣50反1,54,11,43,元大-四維,2024-11-07,9831
2431,聯昌,42,1,41,元大-四維,2024-11-07,9831
00919,群益台灣精選高息,65,25,40,元大-四維,2024-11-07,9831
2605,新興,39,0,39,元大-四維,2024-11-07,9831
4716,大立,38,0,38,元大-四維,2024-11-07,9831
1711,永光,37,2,35,元大-四維,2024-11-07,9831
2344,華邦電,64,29,35,元大-四維,2024-11-07,9831
00679B,元大美債20年,42,14,28,元大-四維,2024-11-07,9831
3231,緯創,52,28,24,元大-四維,2024-11-07,9831
3092,鴻碩,24,0,24,元大-四維,2024-11-07,9831
00878,國泰永續高股息,57,34,23,元大-四維,2024-11-07,9831
2812,台中銀,20,0,20,元大-四維,2024-11-07,9831
2330,台積電,33,13,20,元大-四維,2024-11-07,9831
00687B,國泰20年美債,19,1,18,元大-四維,2024-11-07,9831
00946,群益科技高息成長,20,2,18,元大-四維,2024-11-07,9831
2365,昆盈,22,4,18,元大-四維,2024-11-07,9831
00753L,中信中國50正2,17,0,17,元大-四維,2024-11-07,9831
2312,金寶,113,97,16,元大-四維,2024-11-07,9831
2609,陽明,98,82,16,元大-四維,2024-11-07,9831
2929,淘帝-KY,20,4,16,元大-四維,2024-11-07,9831
6589,台康生技,15,0,15,元大-四維,2024-11-07,9831
6821,聯寶,19,4,15,元大-四維,2024-11-07,9831
3535,晶彩科,15,1,14,元大-四維,2024-11-07,9831
1307,三芳,14,1,13,元大-四維,2024-11-07,9831
2027,大成鋼,40,28,12,元大-四維,2024-11-07,9831
8046,南電,14,2,12,元大-四維,2024-11-07,9831
006208,富邦台50,12,0,12,元大-四維,2024-11-07,9831
2892,第一金,12,0,12,元大-四維,2024-11-07,9831
3049,精金,13,1,12,元大-四維,2024-11-07,9831
2492,華新科,14,2,12,元大-四維,2024-11-07,9831
6235,華孚,25,14,11,元大-四維,2024-11-07,9831
8112,至上,12,1,11,元大-四維,2024-11-07,9831
3014,聯陽,12,1,11,元大-四維,2024-11-07,9831
1721,三晃,14,3,11,元大-四維,2024-11-07,9831
2102,泰豐,10,0,10,元大-四維,2024-11-07,9831
8070,長華*,17,7,10,元大-四維,2024-11-07,9831
4927,泰鼎-KY,10,0,10,元大-四維,2024-11-07,9831
2607,榮運,10,0,10,元大-四維,2024-11-07,9831
2885,元大金,10,1,9,元大-四維,2024-11-07,9831
4909,新復興,10,1,9,元大-四維,2024-11-07,9831
2886,兆豐金,9,0,9,元大-四維,2024-11-07,9831
2603,長榮,24,15,9,元大-四維,2024-11-07,9831
6124,業強,9,0,9,元大-四維,2024-11-07,9831
00937B,群益ESG投等債20,180,9,171,元大-四維,2024-11-08,9831
1713,國化,133,0,133,元大-四維,2024-11-08,9831
2312,金寶,212,91,121,元大-四維,2024-11-08,9831
3714,富采,117,5,112,元大-四維,2024-11-08,9831
2845,遠東銀,99,2,97,元大-四維,2024-11-08,9831
00940,元大台灣價值高息,123,31,92,元大-四維,2024-11-08,9831
00929,復華台灣科技優息,178,95,83,元大-四維,2024-11-08,9831
00679B,元大美債20年,78,3,75,元大-四維,2024-11-08,9831
3062,建漢,112,38,74,元大-四維,2024-11-08,9831
2354,鴻準,185,126,59,元大-四維,2024-11-08,9831
2353,宏��,59,6,53,元大-四維,2024-11-08,9831
3481,群創,50,4,46,元大-四維,2024-11-08,9831
3689,湧德,47,2,45,元大-四維,2024-11-08,9831
2382,廣達,58,15,43,元大-四維,2024-11-08,9831
4716,大立,57,14,43,元大-四維,2024-11-08,9831
1815,富喬,43,3,40,元大-四維,2024-11-08,9831
4513,福裕,40,0,40,元大-四維,2024-11-08,9831
1609,大亞,39,0,39,元大-四維,2024-11-08,9831
2317,鴻海,80,43,37,元大-四維,2024-11-08,9831
8044,網家,38,1,37,元大-四維,2024-11-08,9831
912000,晨訊科-DR,45,10,35,元大-四維,2024-11-08,9831
6505,台塑化,34,0,34,元大-四維,2024-11-08,9831
2356,英業達,132,99,33,元大-四維,2024-11-08,9831
1524,耿鼎,29,0,29,元大-四維,2024-11-08,9831
1711,永光,28,0,28,元大-四維,2024-11-08,9831
1605,華新,26,0,26,元大-四維,2024-11-08,9831
2610,華航,42,16,26,元大-四維,2024-11-08,9831
00669R,國泰美國道瓊反1,25,0,25,元大-四維,2024-11-08,9831
00915,凱基優選高股息30,24,0,24,元大-四維,2024-11-08,9831
4174,浩鼎,22,0,22,元大-四維,2024-11-08,9831
3625,西勝,22,0,22,元大-四維,2024-11-08,9831
3551,世禾,23,2,21,元大-四維,2024-11-08,9831
6235,華孚,21,0,21,元大-四維,2024-11-08,9831
5471,松翰,21,0,21,元大-四維,2024-11-08,9831
6190,萬泰科,21,1,20,元大-四維,2024-11-08,9831
00878,國泰永續高股息,20,2,18,元大-四維,2024-11-08,9831
5880,合庫金,27,9,18,元大-四維,2024-11-08,9831
2014,中鴻,19,2,17,元大-四維,2024-11-08,9831
2376,技嘉,23,7,16,元大-四維,2024-11-08,9831
2332,友訊,26,10,16,元大-四維,2024-11-08,9831
2431,聯昌,25,9,16,元大-四維,2024-11-08,9831
6134,萬旭,16,0,16,元大-四維,2024-11-08,9831
00894,中信小資高價30,16,0,16,元大-四維,2024-11-08,9831
6782,視陽,15,0,15,元大-四維,2024-11-08,9831
2105,正新,15,0,15,元大-四維,2024-11-08,9831
5457,宣德,16,1,15,元大-四維,2024-11-08,9831
00932,兆豐永續高息等權,14,0,14,元大-四維,2024-11-08,9831
2388,威盛,23,10,13,元大-四維,2024-11-08,9831
2369,菱生,13,0,13,元大-四維,2024-11-08,9831
2453,凌群,13,0,13,元大-四維,2024-11-08,9831
2882,國泰金,141,7,134,元大-四維,2024-11-11,9831
2369,菱生,117,9,108,元大-四維,2024-11-11,9831
00878,國泰永續高股息,109,6,103,元大-四維,2024-11-11,9831
00881,國泰台灣5G+,97,5,92,元大-四維,2024-11-11,9831
00637L,元大滬深300正2,145,56,89,元大-四維,2024-11-11,9831
00952,凱基台灣AI50,85,0,85,元大-四維,2024-11-11,9831
00915,凱基優選高股息30,84,0,84,元大-四維,2024-11-11,9831
2834,臺企銀,83,1,82,元大-四維,2024-11-11,9831
2101,南港,77,3,74,元大-四維,2024-11-11,9831
2609,陽明,167,99,68,元大-四維,2024-11-11,9831
9105,泰金寶-DR,70,10,60,元大-四維,2024-11-11,9831
0056,元大高股息,62,10,52,元大-四維,2024-11-11,9831
3231,緯創,67,16,51,元大-四維,2024-11-11,9831
2836,高雄銀,50,0,50,元大-四維,2024-11-11,9831
4716,大立,48,0,48,元大-四維,2024-11-11,9831
00887,永豐中國科技50大,48,2,46,元大-四維,2024-11-11,9831
3714,富采,48,2,46,元大-四維,2024-11-11,9831
00948B,中信優息投資級債,42,0,42,元大-四維,2024-11-11,9831
2353,宏��,53,12,41,元大-四維,2024-11-11,9831
1536,和大,44,3,41,元大-四維,2024-11-11,9831
00919,群益台灣精選高息,58,19,39,元大-四維,2024-11-11,9831
00753L,中信中國50正2,39,3,36,元大-四維,2024-11-11,9831
1301,台塑,34,1,33,元大-四維,2024-11-11,9831
8070,長華*,33,1,32,元大-四維,2024-11-11,9831
3013,晟銘電,57,25,32,元大-四維,2024-11-11,9831
3037,欣興,40,8,32,元大-四維,2024-11-11,9831
1713,國化,31,0,31,元大-四維,2024-11-11,9831
2618,長榮航,160,130,30,元大-四維,2024-11-11,9831
1314,中石化,30,0,30,元大-四維,2024-11-11,9831
00932,兆豐永續高息等權,29,0,29,元大-四維,2024-11-11,9831
6606,建德工業,27,0,27,元大-四維,2024-11-11,9831
00725B,國泰投資級公司債,25,0,25,元大-四維,2024-11-11,9831
00679B,元大美債20年,39,16,23,元大-四維,2024-11-11,9831
3024,憶聲,23,0,23,元大-四維,2024-11-11,9831
6290,良維,24,2,22,元大-四維,2024-11-11,9831
00946,群益科技高息成長,24,2,22,元大-四維,2024-11-11,9831
1785,光洋科,24,2,22,元大-四維,2024-11-11,9831
00922,國泰台灣領袖50,22,0,22,元大-四維,2024-11-11,9831
2303,聯電,28,8,20,元大-四維,2024-11-11,9831
2890,永豐金,22,2,20,元大-四維,2024-11-11,9831
00894,中信小資高價30,20,0,20,元大-四維,2024-11-11,9831
8404,百和興業-KY,20,0,20,元大-四維,2024-11-11,9831
2885,元大金,23,4,19,元大-四維,2024-11-11,9831
2607,榮運,19,0,19,元大-四維,2024-11-11,9831
2615,萬海,29,10,19,元大-四維,2024-11-11,9831
00933B,國泰10Y+金融債,20,2,18,元大-四維,2024-11-11,9831
2374,佳能,21,3,18,元大-四維,2024-11-11,9831
3481,群創,24,6,18,元大-四維,2024-11-11,9831
2887,台新金,21,4,17,元大-四維,2024-11-11,9831
2453,凌群,17,0,17,元大-四維,2024-11-11,9831
00878,國泰永續高股息,252,2,250,元大-四維,2024-11-12,9831
2356,英業達,199,30,169,元大-四維,2024-11-12,9831
5608,四維航,205,38,167,元大-四維,2024-11-12,9831
2891,中信金,153,7,146,元大-四維,2024-11-12,9831
8028,昇陽半導體,156,11,145,元大-四維,2024-11-12,9831
00715L,期街口布蘭特正2,122,0,122,元大-四維,2024-11-12,9831
00940,元大台灣價值高息,141,28,113,元大-四維,2024-11-12,9831
3481,群創,106,0,106,元大-四維,2024-11-12,9831
2607,榮運,105,0,105,元大-四維,2024-11-12,9831
00881,國泰台灣5G+,103,1,102,元大-四維,2024-11-12,9831
00929,復華台灣科技優息,154,60,94,元大-四維,2024-11-12,9831
5871,中租-KY,85,4,81,元大-四維,2024-11-12,9831
00915,凱基優選高股息30,79,0,79,元大-四維,2024-11-12,9831
0056,元大高股息,72,2,70,元大-四維,2024-11-12,9831
2838,聯邦銀,70,3,67,元大-四維,2024-11-12,9831
2882,國泰金,83,18,65,元大-四維,2024-11-12,9831
3024,憶聲,60,0,60,元大-四維,2024-11-12,9831
2204,中華,60,1,59,元大-四維,2024-11-12,9831
2615,萬海,128,69,59,元大-四維,2024-11-12,9831
2002,中鋼,57,0,57,元大-四維,2024-11-12,9831
2317,鴻海,101,47,54,元大-四維,2024-11-12,9831
2888,新光金,125,72,53,元大-四維,2024-11-12,9831
00665L,富邦�琤肭磪囓�2,57,5,52,元大-四維,2024-11-12,9831
00918,大華優利高填息30,50,1,49,元大-四維,2024-11-12,9831
00687B,國泰20年美債,235,190,45,元大-四維,2024-11-12,9831
5880,合庫金,49,4,45,元大-四維,2024-11-12,9831
2887,台新金,43,0,43,元大-四維,2024-11-12,9831
2354,鴻準,101,59,42,元大-四維,2024-11-12,9831
1301,台塑,40,0,40,元大-四維,2024-11-12,9831
00891,中信關鍵半導體,38,0,38,元大-四維,2024-11-12,9831
1101,台泥,72,34,38,元大-四維,2024-11-12,9831
1713,國化,37,0,37,元大-四維,2024-11-12,9831
2892,第一金,37,0,37,元大-四維,2024-11-12,9831
2330,台積電,39,4,35,元大-四維,2024-11-12,9831
2328,廣宇,88,53,35,元大-四維,2024-11-12,9831
4513,福裕,35,1,34,元大-四維,2024-11-12,9831
8341,日友,32,0,32,元大-四維,2024-11-12,9831
8070,長華*,32,1,31,元大-四維,2024-11-12,9831
00930,永豐ESG低碳高息,31,2,29,元大-四維,2024-11-12,9831
00642U,期元大S＆P石油,27,0,27,元大-四維,2024-11-12,9831
2353,宏��,34,9,25,元大-四維,2024-11-12,9831
00650L,復華香港正2,25,0,25,元大-四維,2024-11-12,9831
2834,臺企銀,26,1,25,元大-四維,2024-11-12,9831
00753L,中信中國50正2,37,13,24,元大-四維,2024-11-12,9831
2382,廣達,25,2,23,元大-四維,2024-11-12,9831
2884,玉山金,23,0,23,元大-四維,2024-11-12,9831
6125,廣運,24,2,22,元大-四維,2024-11-12,9831
006208,富邦台50,26,6,20,元大-四維,2024-11-12,9831
4306,炎洲,20,0,20,元大-四維,2024-11-12,9831
2820,華票,20,0,20,元大-四維,2024-11-12,9831
00878,國泰永續高股息,359,27,332,元大-四維,2024-11-13,9831
1524,耿鼎,213,14,199,元大-四維,2024-11-13,9831
00882,中信中國高股息,116,0,116,元大-四維,2024-11-13,9831
2891,中信金,115,13,102,元大-四維,2024-11-13,9831
00637L,元大滬深300正2,118,24,94,元大-四維,2024-11-13,9831
00680L,元大美債20正2,86,0,86,元大-四維,2024-11-13,9831
00894,中信小資高價30,85,0,85,元大-四維,2024-11-13,9831
00915,凱基優選高股息30,88,12,76,元大-四維,2024-11-13,9831
00679B,元大美債20年,85,15,70,元大-四維,2024-11-13,9831
3047,訊舟,77,9,68,元大-四維,2024-11-13,9831
2609,陽明,177,118,59,元大-四維,2024-11-13,9831
2882,國泰金,69,11,58,元大-四維,2024-11-13,9831
3162,精確,60,3,57,元大-四維,2024-11-13,9831
00948B,中信優息投資級債,57,1,56,元大-四維,2024-11-13,9831
1713,國化,52,3,49,元大-四維,2024-11-13,9831
2356,英業達,49,5,44,元大-四維,2024-11-13,9831
8011,台通,92,48,44,元大-四維,2024-11-13,9831
2883,凱基金,46,3,43,元大-四維,2024-11-13,9831
3037,欣興,56,17,39,元大-四維,2024-11-13,9831
2892,第一金,39,0,39,元大-四維,2024-11-13,9831
4977,眾達-KY,62,26,36,元大-四維,2024-11-13,9831
00945B,凱基美國非投等債,34,0,34,元大-四維,2024-11-13,9831
2208,台船,34,0,34,元大-四維,2024-11-13,9831
2002,中鋼,40,7,33,元大-四維,2024-11-13,9831
5880,合庫金,52,21,31,元大-四維,2024-11-13,9831
5014,建錩,32,2,30,元大-四維,2024-11-13,9831
4414,如興,30,0,30,元大-四維,2024-11-13,9831
2330,台積電,35,6,29,元大-四維,2024-11-13,9831
2204,中華,32,3,29,元大-四維,2024-11-13,9831
00751B,元大AAA至A公司債,29,2,27,元大-四維,2024-11-13,9831
3419,譁裕,27,0,27,元大-四維,2024-11-13,9831
2834,臺企銀,29,2,27,元大-四維,2024-11-13,9831
3024,憶聲,27,1,26,元大-四維,2024-11-13,9831
0056,元大高股息,42,17,25,元大-四維,2024-11-13,9831
1301,台塑,35,11,24,元大-四維,2024-11-13,9831
00725B,國泰投資級公司債,23,0,23,元大-四維,2024-11-13,9831
8150,南茂,22,0,22,元大-四維,2024-11-13,9831
00933B,國泰10Y+金融債,31,10,21,元大-四維,2024-11-13,9831
00795B,中信美國公債20年,21,0,21,元大-四維,2024-11-13,9831
00930,永豐ESG低碳高息,21,1,20,元大-四維,2024-11-13,9831
5315,光聯,20,0,20,元大-四維,2024-11-13,9831
2353,宏��,26,7,19,元大-四維,2024-11-13,9831
2363,矽統,21,2,19,元大-四維,2024-11-13,9831
00720B,元大投資級公司債,28,9,19,元大-四維,2024-11-13,9831
3450,聯鈞,46,28,18,元大-四維,2024-11-13,9831
5871,中租-KY,29,11,18,元大-四維,2024-11-13,9831
1802,台玻,17,0,17,元大-四維,2024-11-13,9831
9934,成霖,17,0,17,元大-四維,2024-11-13,9831
9945,潤泰新,17,1,16,元大-四維,2024-11-13,9831
6290,良維,16,0,16,元大-四維,2024-11-13,9831
00878,國泰永續高股息,569,7,562,元大-四維,2024-11-14,9831
2603,長榮,236,32,204,元大-四維,2024-11-14,9831
2887,台新金,150,0,150,元大-四維,2024-11-14,9831
00929,復華台灣科技優息,177,38,139,元大-四維,2024-11-14,9831
0056,元大高股息,113,2,111,元大-四維,2024-11-14,9831
1713,國化,110,0,110,元大-四維,2024-11-14,9831
1101,台泥,111,10,101,元大-四維,2024-11-14,9831
00894,中信小資高價30,95,0,95,元大-四維,2024-11-14,9831
3481,群創,85,1,84,元大-四維,2024-11-14,9831
2303,聯電,121,39,82,元大-四維,2024-11-14,9831
00881,國泰台灣5G+,82,1,81,元大-四維,2024-11-14,9831
2208,台船,97,20,77,元大-四維,2024-11-14,9831
00632R,元大台灣50反1,231,162,69,元大-四維,2024-11-14,9831
6282,康舒,73,7,66,元大-四維,2024-11-14,9831
2409,友達,72,10,62,元大-四維,2024-11-14,9831
2356,英業達,73,14,59,元大-四維,2024-11-14,9831
8069,元太,57,0,57,元大-四維,2024-11-14,9831
00937B,群益ESG投等債20,74,25,49,元大-四維,2024-11-14,9831
1301,台塑,52,3,49,元大-四維,2024-11-14,9831
2317,鴻海,90,41,49,元大-四維,2024-11-14,9831
00919,群益台灣精選高息,41,1,40,元大-四維,2024-11-14,9831
2014,中鴻,41,2,39,元大-四維,2024-11-14,9831
00915,凱基優選高股息30,35,0,35,元大-四維,2024-11-14,9831
2838,聯邦銀,46,12,34,元大-四維,2024-11-14,9831
00882,中信中國高股息,36,2,34,元大-四維,2024-11-14,9831
2344,華邦電,31,1,30,元大-四維,2024-11-14,9831
00948B,中信優息投資級債,31,1,30,元大-四維,2024-11-14,9831
2354,鴻準,97,68,29,元大-四維,2024-11-14,9831
1532,勤美,34,5,29,元大-四維,2024-11-14,9831
2892,第一金,28,0,28,元大-四維,2024-11-14,9831
4414,如興,28,0,28,元大-四維,2024-11-14,9831
2382,廣達,28,0,28,元大-四維,2024-11-14,9831
4417,金洲,26,1,25,元大-四維,2024-11-14,9831
00680L,元大美債20正2,28,4,24,元大-四維,2024-11-14,9831
3003,健和興,25,1,24,元大-四維,2024-11-14,9831
00715L,期街口布蘭特正2,22,0,22,元大-四維,2024-11-14,9831
3024,憶聲,22,0,22,元大-四維,2024-11-14,9831
6290,良維,23,1,22,元大-四維,2024-11-14,9831
3037,欣興,26,4,22,元大-四維,2024-11-14,9831
2449,京元電子,24,3,21,元大-四維,2024-11-14,9831
2883,凱基金,33,12,21,元大-四維,2024-11-14,9831
5880,合庫金,43,22,21,元大-四維,2024-11-14,9831
4961,天鈺,20,0,20,元大-四維,2024-11-14,9831
2820,華票,20,0,20,元大-四維,2024-11-14,9831
2392,正崴,53,33,20,元大-四維,2024-11-14,9831
00930,永豐ESG低碳高息,19,0,19,元大-四維,2024-11-14,9831
2330,台積電,20,1,19,元大-四維,2024-11-14,9831
9927,泰銘,27,9,18,元大-四維,2024-11-14,9831
00713,元大台灣高息低波,17,0,17,元大-四維,2024-11-14,9831
00927,群益半導體收益,17,0,17,元大-四維,2024-11-14,9831
00878,國泰永續高股息,452,34,418,元大-四維,2024-11-15,9831
00894,中信小資高價30,352,0,352,元大-四維,2024-11-15,9831
00945B,凱基美國非投等債,344,65,279,元大-四維,2024-11-15,9831
1713,國化,82,0,82,元大-四維,2024-11-15,9831
00915,凱基優選高股息30,83,16,67,元大-四維,2024-11-15,9831
3024,憶聲,62,1,61,元大-四維,2024-11-15,9831
2882,國泰金,76,16,60,元大-四維,2024-11-15,9831
2382,廣達,65,10,55,元大-四維,2024-11-15,9831
00948B,中信優息投資級債,51,0,51,元大-四維,2024-11-15,9831
3003,健和興,50,0,50,元大-四維,2024-11-15,9831
2317,鴻海,91,53,38,元大-四維,2024-11-15,9831
912000,晨訊科-DR,35,5,30,元大-四維,2024-11-15,9831
00887,永豐中國科技50大,33,5,28,元大-四維,2024-11-15,9831
5531,鄉林,25,0,25,元大-四維,2024-11-15,9831
2615,萬海,68,44,24,元大-四維,2024-11-15,9831
2356,英業達,40,16,24,元大-四維,2024-11-15,9831
00943,兆豐電子高息等權,24,0,24,元大-四維,2024-11-15,9831
0056,元大高股息,24,2,22,元大-四維,2024-11-15,9831
2301,光寶科,21,1,20,元大-四維,2024-11-15,9831
1447,力鵬,20,0,20,元大-四維,2024-11-15,9831
00752,中信中國50,19,0,19,元大-四維,2024-11-15,9831
2612,中航,20,1,19,元大-四維,2024-11-15,9831
3231,緯創,32,14,18,元大-四維,2024-11-15,9831
2324,仁寶,20,3,17,元大-四維,2024-11-15,9831
00753L,中信中國50正2,18,1,17,元大-四維,2024-11-15,9831
00830,國泰費城半導體,17,0,17,元大-四維,2024-11-15,9831
00637L,元大滬深300正2,38,22,16,元大-四維,2024-11-15,9831
2002,中鋼,17,1,16,元大-四維,2024-11-15,9831
3017,奇鋐,19,5,14,元大-四維,2024-11-15,9831
1446,宏和,11,0,11,元大-四維,2024-11-15,9831
2836,高雄銀,11,0,11,元大-四維,2024-11-15,9831
2374,佳能,11,0,11,元大-四維,2024-11-15,9831
3013,晟銘電,17,7,10,元大-四維,2024-11-15,9831
4961,天鈺,10,0,10,元大-四維,2024-11-15,9831
6606,建德工業,10,0,10,元大-四維,2024-11-15,9831
6190,萬泰科,10,0,10,元大-四維,2024-11-15,9831
2885,元大金,27,17,10,元大-四維,2024-11-15,9831
1702,南僑,9,0,9,元大-四維,2024-11-15,9831
2364,倫飛,9,0,9,元大-四維,2024-11-15,9831
5493,三聯,9,0,9,元大-四維,2024-11-15,9831
6505,台塑化,9,0,9,元大-四維,2024-11-15,9831
3202,樺晟,12,3,9,元大-四維,2024-11-15,9831
2704,國賓,8,0,8,元大-四維,2024-11-15,9831
4105,東洋,8,0,8,元大-四維,2024-11-15,9831
2884,玉山金,8,0,8,元大-四維,2024-11-15,9831
3149,正達,7,0,7,元大-四維,2024-11-15,9831
1442,名軒,14,7,7,元大-四維,2024-11-15,9831
00950B,凱基A級公司債,7,0,7,元大-四維,2024-11-15,9831
4903,聯光通,11,4,7,元大-四維,2024-11-15,9831
1605,華新,10,3,7,元大-四維,2024-11-15,9831
00878,國泰永續高股息,251,36,215,元大-四維,2024-11-18,9831
00715L,期街口布蘭特正2,213,10,203,元大-四維,2024-11-18,9831
00929,復華台灣科技優息,157,37,120,元大-四維,2024-11-18,9831
00887,永豐中國科技50大,76,0,76,元大-四維,2024-11-18,9831
00937B,群益ESG投等債20,86,14,72,元大-四維,2024-11-18,9831
2354,鴻準,112,47,65,元大-四維,2024-11-18,9831
6901,鑽石投資,53,0,53,元大-四維,2024-11-18,9831
2312,金寶,125,72,53,元大-四維,2024-11-18,9831
2317,鴻海,97,44,53,元大-四維,2024-11-18,9831
00687B,國泰20年美債,66,16,50,元大-四維,2024-11-18,9831
0056,元大高股息,49,5,44,元大-四維,2024-11-18,9831
00930,永豐ESG低碳高息,43,1,42,元大-四維,2024-11-18,9831
00943,兆豐電子高息等權,37,0,37,元大-四維,2024-11-18,9831
00948B,中信優息投資級債,35,0,35,元大-四維,2024-11-18,9831
3050,鈺德,47,13,34,元大-四維,2024-11-18,9831
4729,熒茂,37,6,31,元大-四維,2024-11-18,9831
4142,國光生,30,0,30,元大-四維,2024-11-18,9831
2610,華航,27,1,26,元大-四維,2024-11-18,9831
00753L,中信中國50正2,41,16,25,元大-四維,2024-11-18,9831
00830,國泰費城半導體,26,2,24,元大-四維,2024-11-18,9831
8044,網家,73,50,23,元大-四維,2024-11-18,9831
4513,福裕,21,0,21,元大-四維,2024-11-18,9831
5880,合庫金,21,2,19,元大-四維,2024-11-18,9831
1471,首利,21,2,19,元大-四維,2024-11-18,9831
00891,中信關鍵半導體,20,2,18,元大-四維,2024-11-18,9831
3711,日月光投控,22,4,18,元大-四維,2024-11-18,9831
3032,偉訓,19,1,18,元大-四維,2024-11-18,9831
8404,百和興業-KY,18,1,17,元大-四維,2024-11-18,9831
3374,精材,18,2,16,元大-四維,2024-11-18,9831
3511,矽瑪,18,2,16,元大-四維,2024-11-18,9831
2014,中鴻,15,0,15,元大-四維,2024-11-18,9831
00631L,元大台灣50正2,16,1,15,元大-四維,2024-11-18,9831
3227,原相,16,2,14,元大-四維,2024-11-18,9831
00945B,凱基美國非投等債,14,0,14,元大-四維,2024-11-18,9831
2204,中華,15,2,13,元大-四維,2024-11-18,9831
00922,國泰台灣領袖50,13,0,13,元大-四維,2024-11-18,9831
2367,燿華,15,2,13,元大-四維,2024-11-18,9831
2405,輔信,13,0,13,元大-四維,2024-11-18,9831
3231,緯創,25,12,13,元大-四維,2024-11-18,9831
2383,台光電,13,1,12,元大-四維,2024-11-18,9831
00642U,期元大S＆P石油,12,0,12,元大-四維,2024-11-18,9831
5225,東科-KY,12,0,12,元大-四維,2024-11-18,9831
00795B,中信美國公債20年,11,0,11,元大-四維,2024-11-18,9831
2881,富邦金,12,1,11,元大-四維,2024-11-18,9831
3013,晟銘電,22,11,11,元大-四維,2024-11-18,9831
1905,華紙,11,0,11,元大-四維,2024-11-18,9831
3665,貿聯-KY,12,1,11,元大-四維,2024-11-18,9831
8420,明揚,11,0,11,元大-四維,2024-11-18,9831
2890,永豐金,11,0,11,元大-四維,2024-11-18,9831
2603,長榮,12,2,10,元大-四維,2024-11-18,9831
00637L,元大滬深300正2,173,16,157,元大-四維,2024-11-19,9831
2349,錸德,106,33,73,元大-四維,2024-11-19,9831
00929,復華台灣科技優息,60,11,49,元大-四維,2024-11-19,9831
00680L,元大美債20正2,42,2,40,元大-四維,2024-11-19,9831
3481,群創,39,1,38,元大-四維,2024-11-19,9831
00887,永豐中國科技50大,38,0,38,元大-四維,2024-11-19,9831
1301,台塑,38,3,35,元大-四維,2024-11-19,9831
5457,宣德,44,12,32,元大-四維,2024-11-19,9831
0056,元大高股息,49,18,31,元大-四維,2024-11-19,9831
2348,海悅,31,3,28,元大-四維,2024-11-19,9831
2324,仁寶,46,19,27,元大-四維,2024-11-19,9831
2317,鴻海,49,24,25,元大-四維,2024-11-19,9831
00905,FT臺灣Smart,25,0,25,元大-四維,2024-11-19,9831
5347,世界,23,0,23,元大-四維,2024-11-19,9831
00937B,群益ESG投等債20,21,0,21,元大-四維,2024-11-19,9831
2027,大成鋼,22,1,21,元大-四維,2024-11-19,9831
00948B,中信優息投資級債,21,0,21,元大-四維,2024-11-19,9831
00954,中信日本半導體,20,0,20,元大-四維,2024-11-19,9831
00951,台新日本半導體,20,0,20,元大-四維,2024-11-19,9831
1806,冠軍,42,24,18,元大-四維,2024-11-19,9831
6182,合晶,16,0,16,元大-四維,2024-11-19,9831
4540,全球傳動,15,0,15,元大-四維,2024-11-19,9831
2303,聯電,17,3,14,元大-四維,2024-11-19,9831
1711,永光,14,0,14,元大-四維,2024-11-19,9831
00919,群益台灣精選高息,24,11,13,元大-四維,2024-11-19,9831
2382,廣達,15,3,12,元大-四維,2024-11-19,9831
1102,亞泥,12,0,12,元大-四維,2024-11-19,9831
4510,高鋒,12,1,11,元大-四維,2024-11-19,9831
00753L,中信中國50正2,11,0,11,元大-四維,2024-11-19,9831
00655L,國泰中國A50正2,11,0,11,元大-四維,2024-11-19,9831
00936,台新永續高息中小,11,0,11,元大-四維,2024-11-19,9831
00932,兆豐永續高息等權,15,5,10,元大-四維,2024-11-19,9831
00739,元大MSCI A股,10,0,10,元大-四維,2024-11-19,9831
3356,奇偶,10,0,10,元大-四維,2024-11-19,9831
2031,新光鋼,10,0,10,元大-四維,2024-11-19,9831
2897,王道銀行,9,0,9,元大-四維,2024-11-19,9831
2365,昆盈,10,1,9,元大-四維,2024-11-19,9831
00713,元大台灣高息低波,9,0,9,元大-四維,2024-11-19,9831
1777,生泰,8,0,8,元大-四維,2024-11-19,9831
2367,燿華,8,0,8,元大-四維,2024-11-19,9831
5243,乙盛-KY,14,6,8,元大-四維,2024-11-19,9831
3231,緯創,16,8,8,元大-四維,2024-11-19,9831
6763,綠界科技*,9,2,7,元大-四維,2024-11-19,9831
2883,凱基金,21,14,7,元大-四維,2024-11-19,9831
3024,憶聲,12,5,7,元大-四維,2024-11-19,9831
00946,群益科技高息成長,9,2,7,元大-四維,2024-11-19,9831
3050,鈺德,7,0,7,元大-四維,2024-11-19,9831
1216,統一,9,2,7,元大-四維,2024-11-19,9831
5508,永信建,7,1,6,元大-四維,2024-11-19,9831
00830,國泰費城半導體,6,0,6,元大-四維,2024-11-19,9831
2354,鴻準,217,25,192,元大-四維,2024-11-20,9831
00937B,群益ESG投等債20,225,39,186,元大-四維,2024-11-20,9831
1815,富喬,158,15,143,元大-四維,2024-11-20,9831
2349,錸德,195,64,131,元大-四維,2024-11-20,9831
5398,慕康生醫,97,1,96,元大-四維,2024-11-20,9831
00905,FT臺灣Smart,85,0,85,元大-四維,2024-11-20,9831
00929,復華台灣科技優息,76,14,62,元大-四維,2024-11-20,9831
5880,合庫金,52,0,52,元大-四維,2024-11-20,9831
006208,富邦台50,49,1,48,元大-四維,2024-11-20,9831
0056,元大高股息,44,1,43,元大-四維,2024-11-20,9831
3481,群創,42,0,42,元大-四維,2024-11-20,9831
00943,兆豐電子高息等權,41,0,41,元大-四維,2024-11-20,9831
00632R,元大台灣50反1,60,21,39,元大-四維,2024-11-20,9831
4109,加捷生醫,39,1,38,元大-四維,2024-11-20,9831
6558,興能高,46,8,38,元大-四維,2024-11-20,9831
00878,國泰永續高股息,47,9,38,元大-四維,2024-11-20,9831
2356,英業達,40,9,31,元大-四維,2024-11-20,9831
2888,新光金,30,0,30,元大-四維,2024-11-20,9831
2915,潤泰全,30,0,30,元大-四維,2024-11-20,9831
4577,達航科技,30,1,29,元大-四維,2024-11-20,9831
2312,金寶,35,6,29,元大-四維,2024-11-20,9831
2605,新興,32,5,27,元大-四維,2024-11-20,9831
1802,台玻,26,0,26,元大-四維,2024-11-20,9831
2330,台積電,27,2,25,元大-四維,2024-11-20,9831
1301,台塑,26,0,26,元大-四維,2024-11-20,9831
3706,神達,217,192,25,元大-四維,2024-11-20,9831
1605,華新,24,0,24,元大-四維,2024-11-20,9831
2610,華航,52,30,22,元大-四維,2024-11-20,9831
2204,中華,35,14,21,元大-四維,2024-11-20,9831
5512,力麒,21,0,21,元大-四維,2024-11-20,9831
3338,泰碩,23,2,21,元大-四維,2024-11-20,9831
3015,全漢,36,16,20,元大-四維,2024-11-20,9831
6290,良維,20,0,20,元大-四維,2024-11-20,9831
1587,吉茂,20,1,19,元大-四維,2024-11-20,9831
3032,偉訓,32,14,18,元大-四維,2024-11-20,9831
9934,成霖,18,1,17,元大-四維,2024-11-20,9831
2903,遠百,17,0,17,元大-四維,2024-11-20,9831
2009,第一銅,16,0,16,元大-四維,2024-11-20,9831
3323,加百裕,27,11,16,元大-四維,2024-11-20,9831
6142,友勁,15,0,15,元大-四維,2024-11-20,9831
2834,臺企銀,12,0,12,元大-四維,2024-11-20,9831
00881,國泰台灣5G+,12,0,12,元大-四維,2024-11-20,9831
5347,世界,13,1,12,元大-四維,2024-11-20,9831
3021,鴻名,12,0,12,元大-四維,2024-11-20,9831
3447,展達,15,3,12,元大-四維,2024-11-20,9831
2376,技嘉,12,1,11,元大-四維,2024-11-20,9831
6770,力積電,11,0,11,元大-四維,2024-11-20,9831
9927,泰銘,12,1,11,元大-四維,2024-11-20,9831
3048,益登,10,0,10,元大-四維,2024-11-20,9831
00671R,富邦NASDAQ反1,20,10,10,元大-四維,2024-11-20,9831
00950B,凱基A級公司債,200,0,200,元大-四維,2024-11-21,9831
00953B,群益優選非投等債,179,0,179,元大-四維,2024-11-21,9831
00940,元大台灣價值高息,127,2,125,元大-四維,2024-11-21,9831
2882,國泰金,116,0,116,元大-四維,2024-11-21,9831
1301,台塑,79,2,77,元大-四維,2024-11-21,9831
00878,國泰永續高股息,97,21,76,元大-四維,2024-11-21,9831
00671R,富邦NASDAQ反1,60,0,60,元大-四維,2024-11-21,9831
00929,復華台灣科技優息,73,18,55,元大-四維,2024-11-21,9831
2890,永豐金,49,2,47,元大-四維,2024-11-21,9831
2002,中鋼,57,12,45,元大-四維,2024-11-21,9831
2330,台積電,43,0,43,元大-四維,2024-11-21,9831
2618,長榮航,65,27,38,元大-四維,2024-11-21,9831
6191,精成科,35,0,35,元大-四維,2024-11-21,9831
00930,永豐ESG低碳高息,34,0,34,元大-四維,2024-11-21,9831
3032,偉訓,50,16,34,元大-四維,2024-11-21,9831
1312,國喬,30,0,30,元大-四維,2024-11-21,9831
00905,FT臺灣Smart,30,0,30,元大-四維,2024-11-21,9831
2201,裕隆,34,4,30,元大-四維,2024-11-21,9831
2353,宏��,32,3,29,元大-四維,2024-11-21,9831
2317,鴻海,48,19,29,元大-四維,2024-11-21,9831
2027,大成鋼,43,16,27,元大-四維,2024-11-21,9831
2610,華航,32,6,26,元大-四維,2024-11-21,9831
2303,聯電,58,34,24,元大-四維,2024-11-21,9831
2208,台船,41,16,25,元大-四維,2024-11-21,9831
00934,中信成長高股息,23,1,22,元大-四維,2024-11-21,9831
6456,GIS-KY,22,0,22,元大-四維,2024-11-21,9831
8240,華宏,23,1,22,元大-四維,2024-11-21,9831
2891,中信金,52,30,22,元大-四維,2024-11-21,9831
9934,成霖,21,0,21,元大-四維,2024-11-21,9831
00959B,大華投等美債15Y+,20,0,20,元大-四維,2024-11-21,9831
2881,富邦金,19,0,19,元大-四維,2024-11-21,9831
2354,鴻準,117,99,18,元大-四維,2024-11-21,9831
006208,富邦台50,18,0,18,元大-四維,2024-11-21,9831
5880,合庫金,16,0,16,元大-四維,2024-11-21,9831
0056,元大高股息,16,1,15,元大-四維,2024-11-21,9831
4726,永昕,15,0,15,元大-四維,2024-11-21,9831
2834,臺企銀,14,0,14,元大-四維,2024-11-21,9831
6152,百一,14,0,14,元大-四維,2024-11-21,9831
2413,環科,31,17,14,元大-四維,2024-11-21,9831
2493,揚博,15,2,13,元大-四維,2024-11-21,9831
2884,玉山金,12,0,12,元大-四維,2024-11-21,9831
00881,國泰台灣5G+,22,10,12,元大-四維,2024-11-21,9831
3013,晟銘電,12,0,12,元大-四維,2024-11-21,9831
00637L,元大滬深300正2,12,0,12,元大-四維,2024-11-21,9831
4903,聯光通,13,2,11,元大-四維,2024-11-21,9831
00830,國泰費城半導體,11,0,11,元大-四維,2024-11-21,9831
00960,野村全球航運龍頭,11,0,11,元大-四維,2024-11-21,9831
8908,欣雄,10,0,10,元大-四維,2024-11-21,9831
00882,中信中國高股息,11,1,10,元大-四維,2024-11-21,9831
5381,合正,10,0,10,元大-四維,2024-11-21,9831
00950B,凱基A級公司債,1124,0,1124,元大-四維,2024-11-22,9831
2515,中工,120,6,114,元大-四維,2024-11-22,9831
00882,中信中國高股息,106,5,101,元大-四維,2024-11-22,9831
00637L,元大滬深300正2,90,30,60,元大-四維,2024-11-22,9831
1587,吉茂,44,1,43,元大-四維,2024-11-22,9831
00753L,中信中國50正2,47,5,42,元大-四維,2024-11-22,9831
00885,富邦越南,41,0,41,元大-四維,2024-11-22,9831
00930,永豐ESG低碳高息,40,0,40,元大-四維,2024-11-22,9831
2610,華航,71,38,33,元大-四維,2024-11-22,9831
6558,興能高,40,8,32,元大-四維,2024-11-22,9831
2903,遠百,30,0,30,元大-四維,2024-11-22,9831
00752,中信中國50,28,0,28,元大-四維,2024-11-22,9831
3231,緯創,98,72,26,元大-四維,2024-11-22,9831
00687B,國泰20年美債,27,1,26,元大-四維,2024-11-22,9831
2605,新興,27,1,26,元大-四維,2024-11-22,9831
00878,國泰永續高股息,27,2,25,元大-四維,2024-11-22,9831
2609,陽明,101,76,25,元大-四維,2024-11-22,9831
3047,訊舟,31,6,25,元大-四維,2024-11-22,9831
3665,貿聯-KY,25,1,24,元大-四維,2024-11-22,9831
8240,華宏,26,5,21,元大-四維,2024-11-22,9831
3481,群創,36,16,20,元大-四維,2024-11-22,9831
5880,合庫金,31,12,19,元大-四維,2024-11-22,9831
5011,久陽,19,0,19,元大-四維,2024-11-22,9831
2891,中信金,23,4,19,元大-四維,2024-11-22,9831
2607,榮運,15,0,15,元大-四維,2024-11-22,9831
4513,福裕,22,7,15,元大-四維,2024-11-22,9831
8163,達方,16,1,15,元大-四維,2024-11-22,9831
1605,華新,25,11,14,元大-四維,2024-11-22,9831
5315,光聯,18,4,14,元大-四維,2024-11-22,9831
00909,國泰數位支付服務,13,0,13,元大-四維,2024-11-22,9831
00945B,凱基美國非投等債,13,0,13,元大-四維,2024-11-22,9831
9105,泰金寶-DR,356,343,13,元大-四維,2024-11-22,9831
1449,佳和,17,5,12,元大-四維,2024-11-22,9831
1781,合世,11,0,11,元大-四維,2024-11-22,9831
2431,聯昌,11,0,11,元大-四維,2024-11-22,9831
2103,台橡,10,0,10,元大-四維,2024-11-22,9831
2363,矽統,11,1,10,元大-四維,2024-11-22,9831
2303,聯電,17,7,10,元大-四維,2024-11-22,9831
2314,台揚,10,0,10,元大-四維,2024-11-22,9831
6282,康舒,28,18,10,元大-四維,2024-11-22,9831
00632R,元大台灣50反1,140,130,10,元大-四維,2024-11-22,9831
00959B,大華投等美債15Y+,10,0,10,元大-四維,2024-11-22,9831
3050,鈺德,10,0,10,元大-四維,2024-11-22,9831
4162,智擎,10,0,10,元大-四維,2024-11-22,9831
6770,力積電,12,2,10,元大-四維,2024-11-22,9831
4916,事欣科,11,1,10,元大-四維,2024-11-22,9831
1718,中纖,10,0,10,元大-四維,2024-11-22,9831
1101,台泥,11,2,9,元大-四維,2024-11-22,9831
6141,柏承,9,0,9,元大-四維,2024-11-22,9831
2353,宏��,17,8,9,元大-四維,2024-11-22,9831
9105,泰金寶-DR,526,376,150,元大-四維,2024-11-25,9831
00687B,國泰20年美債,113,13,100,元大-四維,2024-11-25,9831
2834,臺企銀,83,5,78,元大-四維,2024-11-25,9831
2618,長榮航,100,35,65,元大-四維,2024-11-25,9831
3625,西勝,60,0,60,元大-四維,2024-11-25,9831
2603,長榮,77,26,51,元大-四維,2024-11-25,9831
006208,富邦台50,52,1,51,元大-四維,2024-11-25,9831
2801,彰銀,50,0,50,元大-四維,2024-11-25,9831
5465,富驊,62,17,45,元大-四維,2024-11-25,9831
00887,永豐中國科技50大,39,0,39,元大-四維,2024-11-25,9831
2312,金寶,295,256,39,元大-四維,2024-11-25,9831
00878,國泰永續高股息,43,7,36,元大-四維,2024-11-25,9831
2610,華航,40,8,32,元大-四維,2024-11-25,9831
2915,潤泰全,31,0,31,元大-四維,2024-11-25,9831
8104,錸寶,40,13,27,元大-四維,2024-11-25,9831
2371,大同,45,21,24,元大-四維,2024-11-25,9831
00919,群益台灣精選高息,37,14,23,元大-四維,2024-11-25,9831
00945B,凱基美國非投等債,23,0,23,元大-四維,2024-11-25,9831
3027,盛達,26,5,21,元大-四維,2024-11-25,9831
6456,GIS-KY,20,0,20,元大-四維,2024-11-25,9831
3037,欣興,24,4,20,元大-四維,2024-11-25,9831
5347,世界,20,0,20,元大-四維,2024-11-25,9831
1905,華紙,20,1,19,元大-四維,2024-11-25,9831
00930,永豐ESG低碳高息,18,0,18,元大-四維,2024-11-25,9831
5243,乙盛-KY,39,21,18,元大-四維,2024-11-25,9831
1802,台玻,28,11,17,元大-四維,2024-11-25,9831
2615,萬海,38,22,16,元大-四維,2024-11-25,9831
2440,太空梭,15,0,15,元大-四維,2024-11-25,9831
4130,健亞,15,0,15,元大-四維,2024-11-25,9831
3706,神達,376,362,14,元大-四維,2024-11-25,9831
3015,全漢,13,0,13,元大-四維,2024-11-25,9831
1809,中釉,20,7,13,元大-四維,2024-11-25,9831
2885,元大金,14,1,13,元大-四維,2024-11-25,9831
1569,濱川,19,7,12,元大-四維,2024-11-25,9831
2646,星宇航空,13,1,12,元大-四維,2024-11-25,9831
2413,環科,12,0,12,元大-四維,2024-11-25,9831
3047,訊舟,15,3,12,元大-四維,2024-11-25,9831
2449,京元電子,16,4,12,元大-四維,2024-11-25,9831
2641,正德,11,0,11,元大-四維,2024-11-25,9831
6214,精誠,11,0,11,元大-四維,2024-11-25,9831
00937B,群益ESG投等債20,12,1,11,元大-四維,2024-11-25,9831
2330,台積電,11,0,11,元大-四維,2024-11-25,9831
3019,亞光,10,0,10,元大-四維,2024-11-25,9831
2883,凱基金,31,20,11,元大-四維,2024-11-25,9831
5871,中租-KY,10,0,10,元大-四維,2024-11-25,9831
3714,富采,11,1,10,元大-四維,2024-11-25,9831
00909,國泰數位支付服務,10,0,10,元大-四維,2024-11-25,9831
4909,新復興,45,35,10,元大-四維,2024-11-25,9831
3219,倚強科,10,0,10,元大-四維,2024-11-25,9831
2887,台新金,20,10,10,元大-四維,2024-11-25,9831
2317,鴻海,90,16,74,元大-四維,2024-11-26,9831
00919,群益台灣精選高息,93,20,73,元大-四維,2024-11-26,9831
2312,金寶,228,173,55,元大-四維,2024-11-26,9831
00878,國泰永續高股息,57,15,42,元大-四維,2024-11-26,9831
00887,永豐中國科技50大,35,0,35,元大-四維,2024-11-26,9831
6456,GIS-KY,33,1,32,元大-四維,2024-11-26,9831
3231,緯創,51,19,32,元大-四維,2024-11-26,9831
1513,中興電,32,1,31,元大-四維,2024-11-26,9831
2002,中鋼,31,2,29,元大-四維,2024-11-26,9831
2426,鼎元,42,16,26,元大-四維,2024-11-26,9831
2888,新光金,27,2,25,元大-四維,2024-11-26,9831
3323,加百裕,104,80,24,元大-四維,2024-11-26,9831
0056,元大高股息,25,3,22,元大-四維,2024-11-26,9831
3037,欣興,27,6,21,元大-四維,2024-11-26,9831
00934,中信成長高股息,21,0,21,元大-四維,2024-11-26,9831
00929,復華台灣科技優息,36,16,20,元大-四維,2024-11-26,9831
2615,萬海,39,19,20,元大-四維,2024-11-26,9831
00930,永豐ESG低碳高息,23,3,20,元大-四維,2024-11-26,9831
2349,錸德,45,25,20,元大-四維,2024-11-26,9831
6438,迅得,22,2,20,元大-四維,2024-11-26,9831
6191,精成科,21,3,18,元大-四維,2024-11-26,9831
00665L,富邦�琤肭磪囓�2,21,3,18,元大-四維,2024-11-26,9831
2332,友訊,27,10,17,元大-四維,2024-11-26,9831
4526,東台,19,2,17,元大-四維,2024-11-26,9831
2392,正崴,35,18,17,元大-四維,2024-11-26,9831
2365,昆盈,19,3,16,元大-四維,2024-11-26,9831
2330,台積電,21,5,16,元大-四維,2024-11-26,9831
2344,華邦電,19,5,14,元大-四維,2024-11-26,9831
2887,台新金,14,0,14,元大-四維,2024-11-26,9831
00895,富邦未來車,14,0,14,元大-四維,2024-11-26,9831
00945B,凱基美國非投等債,14,0,14,元大-四維,2024-11-26,9831
2352,佳世達,25,11,14,元大-四維,2024-11-26,9831
5309,系統電,286,273,13,元大-四維,2024-11-26,9831
0050,元大台灣50,13,0,13,元大-四維,2024-11-26,9831
9904,寶成,16,3,13,元大-四維,2024-11-26,9831
3625,西勝,13,0,13,元大-四維,2024-11-26,9831
00915,凱基優選高股息30,13,0,13,元大-四維,2024-11-26,9831
006208,富邦台50,13,0,13,元大-四維,2024-11-26,9831
1815,富喬,135,123,12,元大-四維,2024-11-26,9831
2515,中工,20,8,12,元大-四維,2024-11-26,9831
00912,中信臺灣智慧50,12,0,12,元大-四維,2024-11-26,9831
9105,泰金寶-DR,177,165,12,元大-四維,2024-11-26,9831
8070,長華*,12,0,12,元大-四維,2024-11-26,9831
2409,友達,13,2,11,元大-四維,2024-11-26,9831
00922,國泰台灣領袖50,11,0,11,元大-四維,2024-11-26,9831
2371,大同,21,10,11,元大-四維,2024-11-26,9831
1713,國化,11,0,11,元大-四維,2024-11-26,9831
6190,萬泰科,11,0,11,元大-四維,2024-11-26,9831
8033,雷虎,13,2,11,元大-四維,2024-11-26,9831
2820,華票,10,0,10,元大-四維,2024-11-26,9831
2603,長榮,208,15,193,元大-四維,2024-11-27,9831
00878,國泰永續高股息,151,3,148,元大-四維,2024-11-27,9831
00919,群益台灣精選高息,133,20,113,元大-四維,2024-11-27,9831
0056,元大高股息,102,5,97,元大-四維,2024-11-27,9831
2834,臺企銀,93,1,92,元大-四維,2024-11-27,9831
2303,聯電,95,11,84,元大-四維,2024-11-27,9831
6770,力積電,72,0,72,元大-四維,2024-11-27,9831
1605,華新,63,0,63,元大-四維,2024-11-27,9831
2208,台船,61,4,57,元大-四維,2024-11-27,9831
3037,欣興,55,5,50,元大-四維,2024-11-27,9831
1536,和大,129,79,50,元大-四維,2024-11-27,9831
3022,威強電,44,1,43,元大-四維,2024-11-27,9831
2392,正崴,134,91,43,元大-四維,2024-11-27,9831
2482,連宇,40,0,40,元大-四維,2024-11-27,9831
00940,元大台灣價值高息,119,80,39,元大-四維,2024-11-27,9831
6456,GIS-KY,36,0,36,元大-四維,2024-11-27,9831
00922,國泰台灣領袖50,35,0,35,元大-四維,2024-11-27,9831
00929,復華台灣科技優息,76,44,32,元大-四維,2024-11-27,9831
3057,喬鼎,31,0,31,元大-四維,2024-11-27,9831
00930,永豐ESG低碳高息,31,1,30,元大-四維,2024-11-27,9831
2330,台積電,32,4,28,元大-四維,2024-11-27,9831
8163,達方,65,38,27,元大-四維,2024-11-27,9831
00905,FT臺灣Smart,27,0,27,元大-四維,2024-11-27,9831
2881,富邦金,25,0,25,元大-四維,2024-11-27,9831
00935,野村臺灣新科技50,25,0,25,元大-四維,2024-11-27,9831
3625,西勝,23,0,23,元大-四維,2024-11-27,9831
2002,中鋼,22,0,22,元大-四維,2024-11-27,9831
3047,訊舟,23,2,21,元大-四維,2024-11-27,9831
4961,天鈺,21,0,21,元大-四維,2024-11-27,9831
2498,宏達電,23,2,21,元大-四維,2024-11-27,9831
006208,富邦台50,21,1,20,元大-四維,2024-11-27,9831
3050,鈺德,20,0,20,元大-四維,2024-11-27,9831
8938,明安,20,0,20,元大-四維,2024-11-27,9831
4513,福裕,20,0,20,元大-四維,2024-11-27,9831
9906,欣巴巴,68,48,20,元大-四維,2024-11-27,9831
2328,廣宇,19,0,19,元大-四維,2024-11-27,9831
00943,兆豐電子高息等權,20,1,19,元大-四維,2024-11-27,9831
00915,凱基優選高股息30,18,0,18,元大-四維,2024-11-27,9831
6257,矽格,20,2,18,元大-四維,2024-11-27,9831
5522,遠雄,17,0,17,元大-四維,2024-11-27,9831
00881,國泰台灣5G+,21,5,16,元大-四維,2024-11-27,9831
5880,合庫金,40,24,16,元大-四維,2024-11-27,9831
2323,中環,18,2,16,元大-四維,2024-11-27,9831
4977,眾達-KY,44,28,16,元大-四維,2024-11-27,9831
6290,良維,16,0,16,元大-四維,2024-11-27,9831
6438,迅得,17,1,16,元大-四維,2024-11-27,9831
2354,鴻準,34,18,16,元大-四維,2024-11-27,9831
9945,潤泰新,16,1,15,元大-四維,2024-11-27,9831
3406,玉晶光,15,0,15,元大-四維,2024-11-27,9831
4540,全球傳動,16,1,15,元大-四維,2024-11-27,9831
00632R,元大台灣50反1,310,111,199,元大-四維,2024-11-28,9831
2371,大同,211,13,198,元大-四維,2024-11-28,9831
00878,國泰永續高股息,302,155,147,元大-四維,2024-11-28,9831
2312,金寶,202,73,129,元大-四維,2024-11-28,9831
6770,力積電,116,3,113,元大-四維,2024-11-28,9831
00919,群益台灣精選高息,141,37,104,元大-四維,2024-11-28,9831
2332,友訊,210,111,99,元大-四維,2024-11-28,9831
0056,元大高股息,94,7,87,元大-四維,2024-11-28,9831
1713,國化,80,0,80,元大-四維,2024-11-28,9831
6901,鑽石投資,68,3,65,元大-四維,2024-11-28,9831
00943,兆豐電子高息等權,72,8,64,元大-四維,2024-11-28,9831
00915,凱基優選高股息30,53,0,53,元大-四維,2024-11-28,9831
5608,四維航,53,2,51,元大-四維,2024-11-28,9831
3711,日月光投控,48,4,44,元大-四維,2024-11-28,9831
3037,欣興,73,30,43,元大-四維,2024-11-28,9831
6456,GIS-KY,40,0,40,元大-四維,2024-11-28,9831
00940,元大台灣價值高息,122,85,37,元大-四維,2024-11-28,9831
00894,中信小資高價30,37,0,37,元大-四維,2024-11-28,9831
2610,華航,66,29,37,元大-四維,2024-11-28,9831
5223,安力-KY,34,0,34,元大-四維,2024-11-28,9831
6706,惠特,27,0,27,元大-四維,2024-11-28,9831
5880,合庫金,31,4,27,元大-四維,2024-11-28,9831
2646,星宇航空,30,5,25,元大-四維,2024-11-28,9831
1536,和大,48,24,24,元大-四維,2024-11-28,9831
1802,台玻,25,2,23,元大-四維,2024-11-28,9831
1605,華新,33,10,23,元大-四維,2024-11-28,9831
2317,鴻海,54,31,23,元大-四維,2024-11-28,9831
2344,華邦電,22,1,21,元大-四維,2024-11-28,9831
6176,瑞儀,21,0,21,元大-四維,2024-11-28,9831
00753L,中信中國50正2,28,8,20,元大-四維,2024-11-28,9831
00965,元大航太防衛科技,20,0,20,元大-四維,2024-11-28,9831
4109,加捷生醫,21,2,19,元大-四維,2024-11-28,9831
2354,鴻準,29,10,19,元大-四維,2024-11-28,9831
2014,中鴻,18,0,18,元大-四維,2024-11-28,9831
8121,越峰,15,0,15,元大-四維,2024-11-28,9831
4510,高鋒,276,261,15,元大-四維,2024-11-28,9831
00960,野村全球航運龍頭,15,0,15,元大-四維,2024-11-28,9831
2887,台新金,15,1,14,元大-四維,2024-11-28,9831
2881,富邦金,17,3,14,元大-四維,2024-11-28,9831
8104,錸寶,16,2,14,元大-四維,2024-11-28,9831
4931,新盛力,19,5,14,元大-四維,2024-11-28,9831
1513,中興電,14,0,14,元大-四維,2024-11-28,9831
4958,臻鼎-KY,14,1,13,元大-四維,2024-11-28,9831
2330,台積電,21,8,13,元大-四維,2024-11-28,9831
3013,晟銘電,21,9,12,元大-四維,2024-11-28,9831
3548,兆利,14,2,12,元大-四維,2024-11-28,9831
00918,大華優利高填息30,22,10,12,元大-四維,2024-11-28,9831
6789,采鈺,11,0,11,元大-四維,2024-11-28,9831
00830,國泰費城半導體,11,0,11,元大-四維,2024-11-28,9831
2352,佳世達,12,1,11,元大-四維,2024-11-28,9831
00950B,凱基A級公司債,200,5,195,元大-四維,2024-11-29,9831
00878,國泰永續高股息,105,26,79,元大-四維,2024-11-29,9831
2312,金寶,145,67,78,元大-四維,2024-11-29,9831
00919,群益台灣精選高息,84,16,68,元大-四維,2024-11-29,9831
00887,永豐中國科技50大,51,0,51,元大-四維,2024-11-29,9831
00959B,大華投等美債15Y+,50,0,50,元大-四維,2024-11-29,9831
1301,台塑,51,2,49,元大-四維,2024-11-29,9831
2002,中鋼,59,12,47,元大-四維,2024-11-29,9831
2367,燿華,46,0,46,元大-四維,2024-11-29,9831
5880,合庫金,48,10,38,元大-四維,2024-11-29,9831
6757,台灣虎航,38,2,36,元大-四維,2024-11-29,9831
1326,台化,36,0,36,元大-四維,2024-11-29,9831
2330,台積電,40,6,34,元大-四維,2024-11-29,9831
00915,凱基優選高股息30,34,0,34,元大-四維,2024-11-29,9831
3625,西勝,33,0,33,元大-四維,2024-11-29,9831
0056,元大高股息,50,21,29,元大-四維,2024-11-29,9831
00918,大華優利高填息30,26,0,26,元大-四維,2024-11-29,9831
3419,譁裕,28,4,24,元大-四維,2024-11-29,9831
2887,台新金,24,3,21,元大-四維,2024-11-29,9831
2014,中鴻,21,0,21,元大-四維,2024-11-29,9831
6116,彩晶,21,0,21,元大-四維,2024-11-29,9831
5439,高技,19,1,18,元大-四維,2024-11-29,9831
8171,天宇,24,6,18,元大-四維,2024-11-29,9831
3481,群創,19,1,18,元大-四維,2024-11-29,9831
2303,聯電,43,26,17,元大-四維,2024-11-29,9831
2208,台船,21,4,17,元大-四維,2024-11-29,9831
1605,華新,17,1,16,元大-四維,2024-11-29,9831
2615,萬海,69,53,16,元大-四維,2024-11-29,9831
6770,力積電,15,0,15,元大-四維,2024-11-29,9831
8092,建暐,15,0,15,元大-四維,2024-11-29,9831
00929,復華台灣科技優息,33,20,13,元大-四維,2024-11-29,9831
3447,展達,15,2,13,元大-四維,2024-11-29,9831
1721,三晃,13,0,13,元大-四維,2024-11-29,9831
9945,潤泰新,13,1,12,元大-四維,2024-11-29,9831
6505,台塑化,13,1,12,元大-四維,2024-11-29,9831
00921,兆豐龍頭等權重,12,0,12,元大-四維,2024-11-29,9831
3047,訊舟,14,2,12,元大-四維,2024-11-29,9831
8042,金山電,28,16,12,元大-四維,2024-11-29,9831
8070,長華*,13,1,12,元大-四維,2024-11-29,9831
2891,中信金,12,1,11,元大-四維,2024-11-29,9831
6257,矽格,11,0,11,元大-四維,2024-11-29,9831
4958,臻鼎-KY,16,5,11,元大-四維,2024-11-29,9831
5309,系統電,31,20,11,元大-四維,2024-11-29,9831
4540,全球傳動,10,0,10,元大-四維,2024-11-29,9831
4916,事欣科,10,0,10,元大-四維,2024-11-29,9831
6405,悅城,11,1,10,元大-四維,2024-11-29,9831
6191,精成科,10,0,10,元大-四維,2024-11-29,9831
3712,永崴投控,11,1,10,元大-四維,2024-11-29,9831
00939,統一台灣高息動能,10,0,10,元大-四維,2024-11-29,9831
00713,元大台灣高息低波,10,0,10,元大-四維,2024-11-29,9831
3625,西勝,177,1,176,元大-四維,2024-12-02,9831
00632R,元大台灣50反1,265,102,163,元大-四維,2024-12-02,9831
1609,大亞,100,0,100,元大-四維,2024-12-02,9831
2352,佳世達,91,0,91,元大-四維,2024-12-02,9831
2009,第一銅,70,0,70,元大-四維,2024-12-02,9831
4726,永昕,62,2,60,元大-四維,2024-12-02,9831
2915,潤泰全,50,0,50,元大-四維,2024-12-02,9831
00918,大華優利高填息30,77,28,49,元大-四維,2024-12-02,9831
00713,元大台灣高息低波,53,4,49,元大-四維,2024-12-02,9831
5608,四維航,48,0,48,元大-四維,2024-12-02,9831
4123,晟德,59,17,42,元大-四維,2024-12-02,9831
3450,聯鈞,66,24,42,元大-四維,2024-12-02,9831
4510,高鋒,70,29,41,元大-四維,2024-12-02,9831
2615,萬海,50,12,38,元大-四維,2024-12-02,9831
2002,中鋼,38,1,37,元大-四維,2024-12-02,9831
1815,富喬,186,151,35,元大-四維,2024-12-02,9831
3013,晟銘電,37,3,34,元大-四維,2024-12-02,9831
5512,力麒,28,0,28,元大-四維,2024-12-02,9831
00921,兆豐龍頭等權重,28,0,28,元大-四維,2024-12-02,9831
4991,環宇-KY,32,11,21,元大-四維,2024-12-02,9831
5481,新華,21,0,21,元大-四維,2024-12-02,9831
1312,國喬,21,0,21,元大-四維,2024-12-02,9831
00664R,國泰臺灣加權反1,20,0,20,元大-四維,2024-12-02,9831
1591,駿吉-KY,20,0,20,元大-四維,2024-12-02,9831
2312,金寶,63,44,19,元大-四維,2024-12-02,9831
1531,高林股,19,0,19,元大-四維,2024-12-02,9831
5371,中光電,51,33,18,元大-四維,2024-12-02,9831
2426,鼎元,23,5,18,元大-四維,2024-12-02,9831
3211,順達,37,20,17,元大-四維,2024-12-02,9831
5328,華容,130,113,17,元大-四維,2024-12-02,9831
2354,鴻準,33,17,16,元大-四維,2024-12-02,9831
1785,光洋科,15,0,15,元大-四維,2024-12-02,9831
6190,萬泰科,15,0,15,元大-四維,2024-12-02,9831
2431,聯昌,15,1,14,元大-四維,2024-12-02,9831
6706,惠特,14,0,14,元大-四維,2024-12-02,9831
00637L,元大滬深300正2,16,3,13,元大-四維,2024-12-02,9831
00953B,群益優選非投等債,13,0,13,元大-四維,2024-12-02,9831
1314,中石化,13,0,13,元大-四維,2024-12-02,9831
6901,鑽石投資,13,0,13,元大-四維,2024-12-02,9831
2399,映泰,12,0,12,元大-四維,2024-12-02,9831
2834,臺企銀,12,0,12,元大-四維,2024-12-02,9831
6558,興能高,105,94,11,元大-四維,2024-12-02,9831
2367,燿華,13,2,11,元大-四維,2024-12-02,9831
2006,東和鋼鐵,11,0,11,元大-四維,2024-12-02,9831
6505,台塑化,11,0,11,元大-四維,2024-12-02,9831
3231,緯創,16,5,11,元大-四維,2024-12-02,9831
00922,國泰台灣領袖50,11,0,11,元大-四維,2024-12-02,9831
2362,藍天,11,0,11,元大-四維,2024-12-02,9831
2027,大成鋼,11,0,11,元大-四維,2024-12-02,9831
8163,達方,15,5,10,元大-四維,2024-12-02,9831
00953B,群益優選非投等債,286,0,286,元大-四維,2024-12-03,9831
00715L,期街口布蘭特正2,203,0,203,元大-四維,2024-12-03,9831
00919,群益台灣精選高息,150,39,111,元大-四維,2024-12-03,9831
2353,宏��,104,5,99,元大-四維,2024-12-03,9831
4991,環宇-KY,88,12,76,元大-四維,2024-12-03,9831
5347,世界,70,0,70,元大-四維,2024-12-03,9831
2317,鴻海,72,14,58,元大-四維,2024-12-03,9831
00918,大華優利高填息30,67,10,57,元大-四維,2024-12-03,9831
1785,光洋科,69,12,57,元大-四維,2024-12-03,9831
00878,國泰永續高股息,91,37,54,元大-四維,2024-12-03,9831
00713,元大台灣高息低波,39,1,38,元大-四維,2024-12-03,9831
0056,元大高股息,53,21,32,元大-四維,2024-12-03,9831
3447,展達,34,2,32,元大-四維,2024-12-03,9831
1536,和大,38,10,28,元大-四維,2024-12-03,9831
00943,兆豐電子高息等權,103,77,26,元大-四維,2024-12-03,9831
2014,中鴻,25,0,25,元大-四維,2024-12-03,9831
6877,鏵友益,25,0,25,元大-四維,2024-12-03,9831
9933,中鼎,24,0,24,元大-四維,2024-12-03,9831
2444,兆勁,24,1,23,元大-四維,2024-12-03,9831
6274,台燿,29,6,23,元大-四維,2024-12-03,9831
3090,日電貿,22,0,22,元大-四維,2024-12-03,9831
6538,倉和,21,0,21,元大-四維,2024-12-03,9831
4526,東台,21,0,21,元大-四維,2024-12-03,9831
5243,乙盛-KY,24,3,21,元大-四維,2024-12-03,9831
8028,昇陽半導體,30,10,20,元大-四維,2024-12-03,9831
1312,國喬,20,0,20,元大-四維,2024-12-03,9831
2603,長榮,54,37,17,元大-四維,2024-12-03,9831
5608,四維航,16,0,16,元大-四維,2024-12-03,9831
4977,眾達-KY,23,8,15,元大-四維,2024-12-03,9831
8054,安國,15,0,15,元大-四維,2024-12-03,9831
2344,華邦電,16,2,14,元大-四維,2024-12-03,9831
4968,立積,16,3,13,元大-四維,2024-12-03,9831
5508,永信建,12,0,12,元大-四維,2024-12-03,9831
4303,信立,37,25,12,元大-四維,2024-12-03,9831
5388,中磊,11,0,11,元大-四維,2024-12-03,9831
00946,群益科技高息成長,11,0,11,元大-四維,2024-12-03,9831
4938,和碩,11,0,11,元大-四維,2024-12-03,9831
2329,華泰,35,25,10,元大-四維,2024-12-03,9831
2303,聯電,128,118,10,元大-四維,2024-12-03,9831
3276,宇環,10,0,10,元大-四維,2024-12-03,9831
8070,長華*,12,2,10,元大-四維,2024-12-03,9831
2801,彰銀,10,0,10,元大-四維,2024-12-03,9831
00795B,中信美國公債20年,10,0,10,元大-四維,2024-12-03,9831
3032,偉訓,16,6,10,元大-四維,2024-12-03,9831
00915,凱基優選高股息30,9,0,9,元大-四維,2024-12-03,9831
00687B,國泰20年美債,28,19,9,元大-四維,2024-12-03,9831
3231,緯創,14,5,9,元大-四維,2024-12-03,9831
3043,科風,11,2,9,元大-四維,2024-12-03,9831
2426,鼎元,10,1,9,元大-四維,2024-12-03,9831
4931,新盛力,10,2,8,元大-四維,2024-12-03,9831
00918,大華優利高填息30,214,1,213,元大-四維,2024-12-04,9831
00953B,群益優選非投等債,147,0,147,元大-四維,2024-12-04,9831
00680L,元大美債20正2,100,11,89,元大-四維,2024-12-04,9831
00915,凱基優選高股息30,78,0,78,元大-四維,2024-12-04,9831
5608,四維航,65,0,65,元大-四維,2024-12-04,9831
00959B,大華投等美債15Y+,68,5,63,元大-四維,2024-12-04,9831
6449,鈺邦,62,1,61,元大-四維,2024-12-04,9831
00919,群益台灣精選高息,75,22,53,元大-四維,2024-12-04,9831
00725B,國泰投資級公司債,51,0,51,元大-四維,2024-12-04,9831
00882,中信中國高股息,50,1,49,元大-四維,2024-12-04,9831
00905,FT臺灣Smart,50,5,45,元大-四維,2024-12-04,9831
00712,復華富時不動產,47,4,43,元大-四維,2024-12-04,9831
2317,鴻海,57,18,39,元大-四維,2024-12-04,9831
00921,兆豐龍頭等權重,38,0,38,元大-四維,2024-12-04,9831
00639,富邦深100,35,0,35,元大-四維,2024-12-04,9831
2633,台灣高鐵,31,0,31,元大-四維,2024-12-04,9831
2915,潤泰全,30,0,30,元大-四維,2024-12-04,9831
1312,國喬,30,0,30,元大-四維,2024-12-04,9831
4174,浩鼎,30,0,30,元大-四維,2024-12-04,9831
3706,神達,148,121,27,元大-四維,2024-12-04,9831
4142,國光生,27,2,25,元大-四維,2024-12-04,9831
2887,台新金,23,0,23,元大-四維,2024-12-04,9831
2062,橋椿,33,10,23,元大-四維,2024-12-04,9831
3227,原相,25,4,21,元大-四維,2024-12-04,9831
00907,永豐優息存股,20,0,20,元大-四維,2024-12-04,9831
00950B,凱基A級公司債,19,0,19,元大-四維,2024-12-04,9831
8358,金居,33,14,19,元大-四維,2024-12-04,9831
1605,華新,26,7,19,元大-四維,2024-12-04,9831
1536,和大,23,5,18,元大-四維,2024-12-04,9831
2606,裕民,25,8,17,元大-四維,2024-12-04,9831
2375,凱美,32,15,17,元大-四維,2024-12-04,9831
1785,光洋科,25,8,17,元大-四維,2024-12-04,9831
2419,仲琦,19,5,14,元大-四維,2024-12-04,9831
2303,聯電,21,7,14,元大-四維,2024-12-04,9831
2838,聯邦銀,30,16,14,元大-四維,2024-12-04,9831
2354,鴻準,19,6,13,元大-四維,2024-12-04,9831
2444,兆勁,14,1,13,元大-四維,2024-12-04,9831
2301,光寶科,13,0,13,元大-四維,2024-12-04,9831
1314,中石化,21,8,13,元大-四維,2024-12-04,9831
6179,亞通,13,0,13,元大-四維,2024-12-04,9831
3625,西勝,18,5,13,元大-四維,2024-12-04,9831
00751B,元大AAA至A公司債,18,5,13,元大-四維,2024-12-04,9831
6505,台塑化,15,2,13,元大-四維,2024-12-04,9831
2344,華邦電,17,4,13,元大-四維,2024-12-04,9831
8111,立��,17,4,13,元大-四維,2024-12-04,9831
2405,輔信,22,10,12,元大-四維,2024-12-04,9831
5515,建國,12,0,12,元大-四維,2024-12-04,9831
3710,連展投控,12,0,12,元大-四維,2024-12-04,9831
3450,聯鈞,32,20,12,元大-四維,2024-12-04,9831
2417,圓剛,11,0,11,元大-四維,2024-12-04,9831
00715L,期街口布蘭特正2,195,0,195,元大-四維,2024-12-05,9831
00953B,群益優選非投等債,166,0,166,元大-四維,2024-12-05,9831
00945B,凱基美國非投等債,112,0,112,元大-四維,2024-12-05,9831
00687B,國泰20年美債,102,1,101,元大-四維,2024-12-05,9831
00712,復華富時不動產,107,7,100,元大-四維,2024-12-05,9831
00918,大華優利高填息30,70,0,70,元大-四維,2024-12-05,9831
1815,富喬,217,153,64,元大-四維,2024-12-05,9831
00938,凱基優選30,58,0,58,元大-四維,2024-12-05,9831
2312,金寶,81,31,50,元大-四維,2024-12-05,9831
00960,野村全球航運龍頭,50,0,50,元大-四維,2024-12-05,9831
00680L,元大美債20正2,55,9,46,元大-四維,2024-12-05,9831
00905,FT臺灣Smart,45,0,45,元大-四維,2024-12-05,9831
2301,光寶科,44,1,43,元大-四維,2024-12-05,9831
2344,華邦電,42,0,42,元大-四維,2024-12-05,9831
4991,環宇-KY,53,12,41,元大-四維,2024-12-05,9831
3481,群創,42,2,40,元大-四維,2024-12-05,9831
2485,兆赫,40,0,40,元大-四維,2024-12-05,9831
2515,中工,40,0,40,元大-四維,2024-12-05,9831
5371,中光電,47,10,37,元大-四維,2024-12-05,9831
2002,中鋼,43,6,37,元大-四維,2024-12-05,9831
1802,台玻,44,13,31,元大-四維,2024-12-05,9831
8070,長華*,49,20,29,元大-四維,2024-12-05,9831
2405,輔信,29,1,28,元大-四維,2024-12-05,9831
00637L,元大滬深300正2,27,0,27,元大-四維,2024-12-05,9831
2607,榮運,26,0,26,元大-四維,2024-12-05,9831
6505,台塑化,25,0,25,元大-四維,2024-12-05,9831
5328,華容,73,48,25,元大-四維,2024-12-05,9831
3003,健和興,32,7,25,元大-四維,2024-12-05,9831
2317,鴻海,27,4,23,元大-四維,2024-12-05,9831
6558,興能高,46,23,23,元大-四維,2024-12-05,9831
2603,長榮,24,2,22,元大-四維,2024-12-05,9831
1303,南亞,22,0,22,元大-四維,2024-12-05,9831
1231,聯華食,21,0,21,元大-四維,2024-12-05,9831
2615,萬海,60,40,20,元大-四維,2024-12-05,9831
1809,中釉,20,0,20,元大-四維,2024-12-05,9831
2065,世豐,20,0,20,元大-四維,2024-12-05,9831
3712,永崴投控,20,0,20,元大-四維,2024-12-05,9831
2542,興富發,19,0,19,元大-四維,2024-12-05,9831
4931,新盛力,50,33,17,元大-四維,2024-12-05,9831
8163,達方,18,1,17,元大-四維,2024-12-05,9831
2327,國巨,19,2,17,元大-四維,2024-12-05,9831
3323,加百裕,57,41,16,元大-四維,2024-12-05,9831
2303,聯電,29,14,15,元大-四維,2024-12-05,9831
5309,系統電,38,23,15,元大-四維,2024-12-05,9831
8042,金山電,30,15,15,元大-四維,2024-12-05,9831
3710,連展投控,14,0,14,元大-四維,2024-12-05,9831
2492,華新科,14,0,14,元大-四維,2024-12-05,9831
5880,合庫金,14,0,14,元大-四維,2024-12-05,9831
2646,星宇航空,17,4,13,元大-四維,2024-12-05,9831
3211,順達,31,18,13,元大-四維,2024-12-05,9831
8111,立��,228,20,208,元大-四維,2024-12-06,9831
00650L,復華香港正2,200,12,188,元大-四維,2024-12-06,9831
3706,神達,326,175,151,元大-四維,2024-12-06,9831
00952,凱基台灣AI50,150,0,150,元大-四維,2024-12-06,9831
00953B,群益優選非投等債,102,0,102,元大-四維,2024-12-06,9831
00882,中信中國高股息,95,5,90,元大-四維,2024-12-06,9831
00715L,期街口布蘭特正2,86,0,86,元大-四維,2024-12-06,9831
3041,揚智,84,0,84,元大-四維,2024-12-06,9831
00950B,凱基A級公司債,60,0,60,元大-四維,2024-12-06,9831
00946,群益科技高息成長,52,0,52,元大-四維,2024-12-06,9831
00918,大華優利高填息30,53,1,52,元大-四維,2024-12-06,9831
00962,台新AI優息動能,48,0,48,元大-四維,2024-12-06,9831
2312,金寶,58,14,44,元大-四維,2024-12-06,9831
00919,群益台灣精選高息,69,28,41,元大-四維,2024-12-06,9831
00938,凱基優選30,38,0,38,元大-四維,2024-12-06,9831
2845,遠東銀,32,0,32,元大-四維,2024-12-06,9831
1605,華新,61,30,31,元大-四維,2024-12-06,9831
8069,元太,31,2,29,元大-四維,2024-12-06,9831
5608,四維航,25,0,25,元大-四維,2024-12-06,9831
3162,精確,25,0,25,元大-四維,2024-12-06,9831
2002,中鋼,24,0,24,元大-四維,2024-12-06,9831
00922,國泰台灣領袖50,23,0,23,元大-四維,2024-12-06,9831
00941,中信上游半導體,23,0,23,元大-四維,2024-12-06,9831
5880,合庫金,23,1,22,元大-四維,2024-12-06,9831
2031,新光鋼,22,0,22,元大-四維,2024-12-06,9831
1514,亞力,24,4,20,元大-四維,2024-12-06,9831
2344,華邦電,39,19,20,元大-四維,2024-12-06,9831
2610,華航,50,30,20,元大-四維,2024-12-06,9831
2354,鴻準,167,147,20,元大-四維,2024-12-06,9831
6141,柏承,20,1,19,元大-四維,2024-12-06,9831
5457,宣德,30,11,19,元大-四維,2024-12-06,9831
8028,昇陽半導體,28,10,18,元大-四維,2024-12-06,9831
1815,富喬,68,50,18,元大-四維,2024-12-06,9831
2062,橋椿,28,12,16,元大-四維,2024-12-06,9831
00905,FT臺灣Smart,16,0,16,元大-四維,2024-12-06,9831
3037,欣興,27,11,16,元大-四維,2024-12-06,9831
00639,富邦深100,15,0,15,元大-四維,2024-12-06,9831
2498,宏達電,40,25,15,元大-四維,2024-12-06,9831
3317,尼克森,15,0,15,元大-四維,2024-12-06,9831
3466,德晉,15,0,15,元大-四維,2024-12-06,9831
1536,和大,19,5,14,元大-四維,2024-12-06,9831
3447,展達,17,3,14,元大-四維,2024-12-06,9831
3665,貿聯-KY,14,0,14,元大-四維,2024-12-06,9831
3003,健和興,17,3,14,元大-四維,2024-12-06,9831
1477,聚陽,14,0,14,元大-四維,2024-12-06,9831
5284,jpp-KY,14,0,14,元大-四維,2024-12-06,9831
2317,鴻海,63,49,14,元大-四維,2024-12-06,9831
5309,系統電,18,5,13,元大-四維,2024-12-06,9831
1595,川寶,18,5,13,元大-四維,2024-12-06,9831
2316,楠梓電,13,0,13,元大-四維,2024-12-06,9831
0056,元大高股息,150,28,122,元大-四維,2024-12-09,9831
00937B,群益ESG投等債20,101,7,94,元大-四維,2024-12-09,9831
00637L,元大滬深300正2,114,36,78,元大-四維,2024-12-09,9831
2882,國泰金,75,3,72,元大-四維,2024-12-09,9831
00953B,群益優選非投等債,68,0,68,元大-四維,2024-12-09,9831
6757,台灣虎航,66,2,64,元大-四維,2024-12-09,9831
3625,西勝,65,2,63,元大-四維,2024-12-09,9831
00950B,凱基A級公司債,60,0,60,元大-四維,2024-12-09,9831
00915,凱基優選高股息30,69,10,59,元大-四維,2024-12-09,9831
1708,東鹼,56,1,55,元大-四維,2024-12-09,9831
00945B,凱基美國非投等債,52,0,52,元大-四維,2024-12-09,9831
6462,神盾,51,4,47,元大-四維,2024-12-09,9831
00639,富邦深100,45,0,45,元大-四維,2024-12-09,9831
2399,映泰,85,40,45,元大-四維,2024-12-09,9831
2354,鴻準,79,36,43,元大-四維,2024-12-09,9831
00687B,國泰20年美債,61,22,39,元大-四維,2024-12-09,9831
2449,京元電子,39,4,35,元大-四維,2024-12-09,9831
2349,錸德,35,2,33,元大-四維,2024-12-09,9831
3041,揚智,31,0,31,元大-四維,2024-12-09,9831
2888,新光金,30,0,30,元大-四維,2024-12-09,9831
2352,佳世達,38,9,29,元大-四維,2024-12-09,9831
3576,聯合再生,29,0,29,元大-四維,2024-12-09,9831
2374,佳能,30,2,28,元大-四維,2024-12-09,9831
2610,華航,181,154,27,元大-四維,2024-12-09,9831
4744,皇將,26,0,26,元大-四維,2024-12-09,9831
3714,富采,26,0,26,元大-四維,2024-12-09,9831
6962,ITH-KY,33,7,26,元大-四維,2024-12-09,9831
00715L,期街口布蘭特正2,104,81,23,元大-四維,2024-12-09,9831
00930,永豐ESG低碳高息,22,0,22,元大-四維,2024-12-09,9831
00907,永豐優息存股,40,18,22,元大-四維,2024-12-09,9831
2317,鴻海,58,36,22,元大-四維,2024-12-09,9831
8121,越峰,20,0,20,元大-四維,2024-12-09,9831
00918,大華優利高填息30,30,11,19,元大-四維,2024-12-09,9831
1301,台塑,28,10,18,元大-四維,2024-12-09,9831
6505,台塑化,19,1,18,元大-四維,2024-12-09,9831
2337,旺宏,21,3,18,元大-四維,2024-12-09,9831
4908,前鼎,24,6,18,元大-四維,2024-12-09,9831
3037,欣興,21,4,17,元大-四維,2024-12-09,9831
9904,寶成,22,5,17,元大-四維,2024-12-09,9831
6191,精成科,16,0,16,元大-四維,2024-12-09,9831
2332,友訊,17,1,16,元大-四維,2024-12-09,9831
8096,擎亞,31,15,16,元大-四維,2024-12-09,9831
00919,群益台灣精選高息,67,52,15,元大-四維,2024-12-09,9831
9105,泰金寶-DR,29,15,14,元大-四維,2024-12-09,9831
2468,華經,17,3,14,元大-四維,2024-12-09,9831
2890,永豐金,20,6,14,元大-四維,2024-12-09,9831
00962,台新AI優息動能,13,0,13,元大-四維,2024-12-09,9831
3024,憶聲,13,0,13,元大-四維,2024-12-09,9831
3090,日電貿,13,1,12,元大-四維,2024-12-09,9831
2834,臺企銀,12,0,12,元大-四維,2024-12-09,9831
8032,光菱,145,2,143,元大-四維,2024-12-10,9831
00918,大華優利高填息30,122,0,122,元大-四維,2024-12-10,9831
00919,群益台灣精選高息,105,4,101,元大-四維,2024-12-10,9831
3625,西勝,85,3,82,元大-四維,2024-12-10,9831
0056,元大高股息,77,1,76,元大-四維,2024-12-10,9831
00915,凱基優選高股息30,65,4,61,元大-四維,2024-12-10,9831
2801,彰銀,60,1,59,元大-四維,2024-12-10,9831
2618,長榮航,121,65,56,元大-四維,2024-12-10,9831
00639,富邦深100,55,0,55,元大-四維,2024-12-10,9831
2002,中鋼,47,0,47,元大-四維,2024-12-10,9831
00713,元大台灣高息低波,47,2,45,元大-四維,2024-12-10,9831
3706,神達,532,488,44,元大-四維,2024-12-10,9831
6191,精成科,40,0,40,元大-四維,2024-12-10,9831
00937B,群益ESG投等債20,45,9,36,元大-四維,2024-12-10,9831
6257,矽格,35,0,35,元大-四維,2024-12-10,9831
1815,富喬,233,200,33,元大-四維,2024-12-10,9831
6757,台灣虎航,32,0,32,元大-四維,2024-12-10,9831
00679B,元大美債20年,35,10,25,元大-四維,2024-12-10,9831
00665L,富邦�琤肭磪囓�2,52,27,25,元大-四維,2024-12-10,9831
3024,憶聲,27,4,23,元大-四維,2024-12-10,9831
3231,緯創,29,6,23,元大-四維,2024-12-10,9831
1449,佳和,36,15,21,元大-四維,2024-12-10,9831
00687B,國泰20年美債,36,16,20,元大-四維,2024-12-10,9831
2495,普安,20,0,20,元大-四維,2024-12-10,9831
00948B,中信優息投資級債,20,0,20,元大-四維,2024-12-10,9831
00887,永豐中國科技50大,20,0,20,元大-四維,2024-12-10,9831
2449,京元電子,22,2,20,元大-四維,2024-12-10,9831
2405,輔信,19,0,19,元大-四維,2024-12-10,9831
2313,華通,142,125,17,元大-四維,2024-12-10,9831
1234,黑松,16,0,16,元大-四維,2024-12-10,9831
3450,聯鈞,25,10,15,元大-四維,2024-12-10,9831
8249,菱光,20,5,15,元大-四維,2024-12-10,9831
3714,富采,15,0,15,元大-四維,2024-12-10,9831
1220,台榮,17,2,15,元大-四維,2024-12-10,9831
4109,加捷生醫,13,0,13,元大-四維,2024-12-10,9831
5907,大洋-KY,13,0,13,元大-四維,2024-12-10,9831
1312,國喬,13,0,13,元大-四維,2024-12-10,9831
2330,台積電,14,1,13,元大-四維,2024-12-10,9831
00795B,中信美國公債20年,13,0,13,元大-四維,2024-12-10,9831
2453,凌群,12,0,12,元大-四維,2024-12-10,9831
5880,合庫金,15,3,12,元大-四維,2024-12-10,9831
00753L,中信中國50正2,28,16,12,元大-四維,2024-12-10,9831
1514,亞力,11,0,11,元大-四維,2024-12-10,9831
2332,友訊,11,0,11,元大-四維,2024-12-10,9831
1802,台玻,15,4,11,元大-四維,2024-12-10,9831
2645,長榮航太,11,0,11,元大-四維,2024-12-10,9831
5328,華容,11,0,11,元大-四維,2024-12-10,9831
6829,千附精密,11,0,11,元大-四維,2024-12-10,9831
2312,金寶,20,9,11,元大-四維,2024-12-10,9831
00936,台新永續高息中小,10,0,10,元大-四維,2024-12-10,9831
00929,復華台灣科技優息,241,23,218,元大-四維,2024-12-11,9831
00918,大華優利高填息30,158,2,156,元大-四維,2024-12-11,9831
2609,陽明,177,45,132,元大-四維,2024-12-11,9831
00919,群益台灣精選高息,134,5,129,元大-四維,2024-12-11,9831
2545,皇翔,100,0,100,元大-四維,2024-12-11,9831
2317,鴻海,111,15,96,元大-四維,2024-12-11,9831
2618,長榮航,119,57,62,元大-四維,2024-12-11,9831
00959B,大華投等美債15Y+,60,0,60,元大-四維,2024-12-11,9831
1326,台化,54,0,54,元大-四維,2024-12-11,9831
00915,凱基優選高股息30,43,3,40,元大-四維,2024-12-11,9831
2610,華航,58,21,37,元大-四維,2024-12-11,9831
1314,中石化,35,0,35,元大-四維,2024-12-11,9831
6756,威鋒電子,31,0,31,元大-四維,2024-12-11,9831
00953B,群益優選非投等債,29,0,29,元大-四維,2024-12-11,9831
2330,台積電,30,4,26,元大-四維,2024-12-11,9831
2002,中鋼,23,1,22,元大-四維,2024-12-11,9831
5371,中光電,60,38,22,元大-四維,2024-12-11,9831
00878,國泰永續高股息,21,0,21,元大-四維,2024-12-11,9831
2303,聯電,22,1,21,元大-四維,2024-12-11,9831
6770,力積電,25,5,20,元大-四維,2024-12-11,9831
2354,鴻準,28,8,20,元大-四維,2024-12-11,9831
00739,元大MSCI A股,20,0,20,元大-四維,2024-12-11,9831
2903,遠百,20,0,20,元大-四維,2024-12-11,9831
3231,緯創,19,0,19,元大-四維,2024-12-11,9831
6139,亞翔,19,0,19,元大-四維,2024-12-11,9831
00679B,元大美債20年,41,22,19,元大-四維,2024-12-11,9831
2382,廣達,22,3,19,元大-四維,2024-12-11,9831
2201,裕隆,19,0,19,元大-四維,2024-12-11,9831
00937B,群益ESG投等債20,18,0,18,元大-四維,2024-12-11,9831
2886,兆豐金,17,0,17,元大-四維,2024-12-11,9831
4566,時碩工業,17,0,17,元大-四維,2024-12-11,9831
2836,高雄銀,17,0,17,元大-四維,2024-12-11,9831
00922,國泰台灣領袖50,17,1,16,元大-四維,2024-12-11,9831
1303,南亞,15,0,15,元大-四維,2024-12-11,9831
3580,友威科,15,0,15,元大-四維,2024-12-11,9831
3714,富采,15,0,15,元大-四維,2024-12-11,9831
6456,GIS-KY,15,0,15,元大-四維,2024-12-11,9831
2208,台船,15,1,14,元大-四維,2024-12-11,9831
3268,海德威,12,0,12,元大-四維,2024-12-11,9831
00637L,元大滬深300正2,113,101,12,元大-四維,2024-12-11,9831
9907,統一實,12,0,12,元大-四維,2024-12-11,9831
00830,國泰費城半導體,12,0,12,元大-四維,2024-12-11,9831
00882,中信中國高股息,19,8,11,元大-四維,2024-12-11,9831
6589,台康生技,13,2,11,元大-四維,2024-12-11,9831
3037,欣興,14,4,10,元大-四維,2024-12-11,9831
3703,欣陸,10,0,10,元大-四維,2024-12-11,9831
2705,六福,10,0,10,元大-四維,2024-12-11,9831
2227,裕日車,10,0,10,元大-四維,2024-12-11,9831
00887,永豐中國科技50大,10,0,10,元大-四維,2024-12-11,9831
4956,光鋐,10,0,10,元大-四維,2024-12-11,9831
2881,富邦金,252,35,217,元大-四維,2024-12-12,9831
2618,長榮航,204,57,147,元大-四維,2024-12-12,9831
8040,九暘,108,7,101,元大-四維,2024-12-12,9831
00687B,國泰20年美債,105,5,100,元大-四維,2024-12-12,9831
00915,凱基優選高股息30,100,3,97,元大-四維,2024-12-12,9831
00918,大華優利高填息30,95,10,85,元大-四維,2024-12-12,9831
2610,華航,104,27,77,元大-四維,2024-12-12,9831
00679B,元大美債20年,62,1,61,元大-四維,2024-12-12,9831
00680L,元大美債20正2,59,4,55,元大-四維,2024-12-12,9831
3625,西勝,45,0,45,元大-四維,2024-12-12,9831
00712,復華富時不動產,45,1,44,元大-四維,2024-12-12,9831
8069,元太,44,0,44,元大-四維,2024-12-12,9831
1301,台塑,46,3,43,元大-四維,2024-12-12,9831
3447,展達,44,5,39,元大-四維,2024-12-12,9831
1326,台化,38,2,36,元大-四維,2024-12-12,9831
00713,元大台灣高息低波,30,0,30,元大-四維,2024-12-12,9831
2887,台新金,30,2,28,元大-四維,2024-12-12,9831
1303,南亞,31,3,28,元大-四維,2024-12-12,9831
1806,冠軍,29,3,26,元大-四維,2024-12-12,9831
00953B,群益優選非投等債,25,0,25,元大-四維,2024-12-12,9831
00948B,中信優息投資級債,23,0,23,元大-四維,2024-12-12,9831
2453,凌群,24,1,23,元大-四維,2024-12-12,9831
6589,台康生技,23,0,23,元大-四維,2024-12-12,9831
2312,金寶,53,32,21,元大-四維,2024-12-12,9831
00795B,中信美國公債20年,21,0,21,元大-四維,2024-12-12,9831
00753L,中信中國50正2,55,35,20,元大-四維,2024-12-12,9831
1314,中石化,37,17,20,元大-四維,2024-12-12,9831
4908,前鼎,25,5,20,元大-四維,2024-12-12,9831
2886,兆豐金,21,1,20,元大-四維,2024-12-12,9831
1815,富喬,78,59,19,元大-四維,2024-12-12,9831
6127,九豪,19,1,18,元大-四維,2024-12-12,9831
3029,零壹,49,32,17,元大-四維,2024-12-12,9831
3714,富采,16,0,16,元大-四維,2024-12-12,9831
2354,鴻準,31,16,15,元大-四維,2024-12-12,9831
1446,宏和,17,2,15,元大-四維,2024-12-12,9831
2609,陽明,22,8,14,元大-四維,2024-12-12,9831
4576,大銀微系統,28,14,14,元大-四維,2024-12-12,9831
2317,鴻海,39,26,13,元大-四維,2024-12-12,9831
00936,台新永續高息中小,15,2,13,元大-四維,2024-12-12,9831
6505,台塑化,12,0,12,元大-四維,2024-12-12,9831
2539,櫻花建,12,0,12,元大-四維,2024-12-12,9831
2615,萬海,16,4,12,元大-四維,2024-12-12,9831
2368,金像電,57,45,12,元大-四維,2024-12-12,9831
00688L,國泰20年美債正2,12,0,12,元大-四維,2024-12-12,9831
1531,高林股,14,2,12,元大-四維,2024-12-12,9831
3013,晟銘電,58,47,11,元大-四維,2024-12-12,9831
2405,輔信,11,0,11,元大-四維,2024-12-12,9831
8070,長華*,15,4,11,元大-四維,2024-12-12,9831
1514,亞力,11,0,11,元大-四維,2024-12-12,9831
2367,燿華,12,1,11,元大-四維,2024-12-12,9831
00687B,國泰20年美債,185,2,183,元大-四維,2024-12-13,9831
1301,台塑,166,24,142,元大-四維,2024-12-13,9831
2891,中信金,156,14,142,元大-四維,2024-12-13,9831
00915,凱基優選高股息30,132,0,132,元大-四維,2024-12-13,9831
2303,聯電,214,109,105,元大-四維,2024-12-13,9831
2317,鴻海,110,13,97,元大-四維,2024-12-13,9831
00918,大華優利高填息30,97,3,94,元大-四維,2024-12-13,9831
00919,群益台灣精選高息,99,14,85,元大-四維,2024-12-13,9831
8054,安國,86,10,76,元大-四維,2024-12-13,9831
3041,揚智,61,4,57,元大-四維,2024-12-13,9831
0056,元大高股息,56,2,54,元大-四維,2024-12-13,9831
00959B,大華投等美債15Y+,53,0,53,元大-四維,2024-12-13,9831
3481,群創,53,2,51,元大-四維,2024-12-13,9831
00931B,統一美債20年,55,14,41,元大-四維,2024-12-13,9831
00680L,元大美債20正2,41,1,40,元大-四維,2024-12-13,9831
3625,西勝,40,0,40,元大-四維,2024-12-13,9831
00679B,元大美債20年,48,10,38,元大-四維,2024-12-13,9831
1326,台化,39,3,36,元大-四維,2024-12-13,9831
3694,海華,35,0,35,元大-四維,2024-12-13,9831
00948B,中信優息投資級債,31,0,31,元大-四維,2024-12-13,9831
3689,湧德,35,4,31,元大-四維,2024-12-13,9831
1303,南亞,43,15,28,元大-四維,2024-12-13,9831
00713,元大台灣高息低波,28,0,28,元大-四維,2024-12-13,9831
9906,欣巴巴,26,0,26,元大-四維,2024-12-13,9831
2332,友訊,46,21,25,元大-四維,2024-12-13,9831
00945B,凱基美國非投等債,25,0,25,元大-四維,2024-12-13,9831
2353,宏��,34,10,24,元大-四維,2024-12-13,9831
2887,台新金,23,0,23,元大-四維,2024-12-13,9831
2067,嘉鋼,22,0,22,元大-四維,2024-12-13,9831
6456,GIS-KY,22,0,22,元大-四維,2024-12-13,9831
2820,華票,21,0,21,元大-四維,2024-12-13,9831
2233,宇隆,21,0,21,元大-四維,2024-12-13,9831
2371,大同,26,5,21,元大-四維,2024-12-13,9831
9802,鈺齊-KY,33,12,21,元大-四維,2024-12-13,9831
00878,國泰永續高股息,27,6,21,元大-四維,2024-12-13,9831
6153,嘉聯益,20,0,20,元大-四維,2024-12-13,9831
4503,金雨,20,0,20,元大-四維,2024-12-13,9831
2356,英業達,30,10,20,元大-四維,2024-12-13,9831
9927,泰銘,20,0,20,元大-四維,2024-12-13,9831
3675,德微,20,0,20,元大-四維,2024-12-13,9831
2618,長榮航,59,39,20,元大-四維,2024-12-13,9831
00712,復華富時不動產,19,0,19,元大-四維,2024-12-13,9831
00753L,中信中國50正2,20,2,18,元大-四維,2024-12-13,9831
2610,華航,28,11,17,元大-四維,2024-12-13,9831
00950B,凱基A級公司債,17,1,16,元大-四維,2024-12-13,9831
2897,王道銀行,16,0,16,元大-四維,2024-12-13,9831
00887,永豐中國科技50大,16,0,16,元大-四維,2024-12-13,9831
6770,力積電,17,1,16,元大-四維,2024-12-13,9831
2883,凱基金,15,0,15,元大-四維,2024-12-13,9831
3141,晶宏,22,7,15,元大-四維,2024-12-13,9831
2609,陽明,310,141,169,元大-四維,2024-12-16,9831
00918,大華優利高填息30,150,2,148,元大-四維,2024-12-16,9831
00637L,元大滬深300正2,105,0,105,元大-四維,2024-12-16,9831
00937B,群益ESG投等債20,95,4,91,元大-四維,2024-12-16,9831
00919,群益台灣精選高息,158,68,90,元大-四維,2024-12-16,9831
00915,凱基優選高股息30,88,0,88,元大-四維,2024-12-16,9831
00679B,元大美債20年,112,27,85,元大-四維,2024-12-16,9831
00687B,國泰20年美債,86,2,84,元大-四維,2024-12-16,9831
1301,台塑,104,39,65,元大-四維,2024-12-16,9831
00952,凱基台灣AI50,65,0,65,元大-四維,2024-12-16,9831
0056,元大高股息,61,0,61,元大-四維,2024-12-16,9831
2312,金寶,44,0,44,元大-四維,2024-12-16,9831
2317,鴻海,90,46,44,元大-四維,2024-12-16,9831
2002,中鋼,53,16,37,元大-四維,2024-12-16,9831
3625,西勝,36,2,34,元大-四維,2024-12-16,9831
8069,元太,32,0,32,元大-四維,2024-12-16,9831
00680L,元大美債20正2,39,8,31,元大-四維,2024-12-16,9831
00751B,元大AAA至A公司債,27,0,27,元大-四維,2024-12-16,9831
2382,廣達,31,4,27,元大-四維,2024-12-16,9831
2355,敬鵬,30,4,26,元大-四維,2024-12-16,9831
00896,中信綠能及電動車,25,0,25,元大-四維,2024-12-16,9831
2610,華航,38,13,25,元大-四維,2024-12-16,9831
00931B,統一美債20年,25,1,24,元大-四維,2024-12-16,9831
00713,元大台灣高息低波,23,0,23,元大-四維,2024-12-16,9831
3037,欣興,24,2,22,元大-四維,2024-12-16,9831
00933B,國泰10Y+金融債,21,0,21,元大-四維,2024-12-16,9831
2014,中鴻,21,0,21,元大-四維,2024-12-16,9831
2332,友訊,21,2,19,元大-四維,2024-12-16,9831
00950B,凱基A級公司債,19,0,19,元大-四維,2024-12-16,9831
1802,台玻,19,1,18,元大-四維,2024-12-16,9831
00948B,中信優息投資級債,18,0,18,元大-四維,2024-12-16,9831
5871,中租-KY,18,0,18,元大-四維,2024-12-16,9831
3264,欣銓,16,0,16,元大-四維,2024-12-16,9831
2409,友達,17,1,16,元大-四維,2024-12-16,9831
00936,台新永續高息中小,15,0,15,元大-四維,2024-12-16,9831
2486,一詮,31,17,14,元大-四維,2024-12-16,9831
00909,國泰數位支付服務,14,0,14,元大-四維,2024-12-16,9831
9802,鈺齊-KY,14,0,14,元大-四維,2024-12-16,9831
3484,崧騰,15,1,14,元大-四維,2024-12-16,9831
1815,富喬,30,17,13,元大-四維,2024-12-16,9831
3447,展達,15,2,13,元大-四維,2024-12-16,9831
3665,貿聯-KY,15,2,13,元大-四維,2024-12-16,9831
2618,長榮航,42,30,12,元大-四維,2024-12-16,9831
2421,建準,13,0,13,元大-四維,2024-12-16,9831
00953B,群益優選非投等債,12,0,12,元大-四維,2024-12-16,9831
2324,仁寶,12,0,12,元大-四維,2024-12-16,9831
6191,精成科,12,0,12,元大-四維,2024-12-16,9831
2834,臺企銀,12,0,12,元大-四維,2024-12-16,9831
5309,系統電,12,1,11,元大-四維,2024-12-16,9831
6757,台灣虎航,11,0,11,元大-四維,2024-12-16,9831
2834,臺企銀,328,0,328,元大-四維,2024-12-17,9831
2317,鴻海,154,21,133,元大-四維,2024-12-17,9831
00918,大華優利高填息30,136,5,131,元大-四維,2024-12-17,9831
00937B,群益ESG投等債20,88,0,88,元大-四維,2024-12-17,9831
9105,泰金寶-DR,161,84,77,元大-四維,2024-12-17,9831
00751B,元大AAA至A公司債,58,0,58,元大-四維,2024-12-17,9831
3032,偉訓,51,0,51,元大-四維,2024-12-17,9831
00650L,復華香港正2,50,0,50,元大-四維,2024-12-17,9831
3041,揚智,160,112,48,元大-四維,2024-12-17,9831
00713,元大台灣高息低波,45,0,45,元大-四維,2024-12-17,9831
00687B,國泰20年美債,44,3,41,元大-四維,2024-12-17,9831
0056,元大高股息,42,2,40,元大-四維,2024-12-17,9831
00632R,元大台灣50反1,35,0,35,元大-四維,2024-12-17,9831
2062,橋椿,55,20,35,元大-四維,2024-12-17,9831
00915,凱基優選高股息30,38,5,33,元大-四維,2024-12-17,9831
2409,友達,38,6,32,元大-四維,2024-12-17,9831
00916,國泰全球品牌50,32,0,32,元大-四維,2024-12-17,9831
00935,野村臺灣新科技50,52,21,31,元大-四維,2024-12-17,9831
4561,健椿,34,4,30,元大-四維,2024-12-17,9831
00931B,統一美債20年,30,0,30,元大-四維,2024-12-17,9831
3706,神達,93,65,28,元大-四維,2024-12-17,9831
2374,佳能,93,66,27,元大-四維,2024-12-17,9831
00679B,元大美債20年,28,2,26,元大-四維,2024-12-17,9831
6770,力積電,25,0,25,元大-四維,2024-12-17,9831
5880,合庫金,45,20,25,元大-四維,2024-12-17,9831
2408,南亞科,40,16,24,元大-四維,2024-12-17,9831
2027,大成鋼,23,0,23,元大-四維,2024-12-17,9831
00926,凱基全球菁英55,21,0,21,元大-四維,2024-12-17,9831
2883,凱基金,32,12,20,元大-四維,2024-12-17,9831
6505,台塑化,22,2,20,元大-四維,2024-12-17,9831
2516,新建,20,0,20,元大-四維,2024-12-17,9831
00688L,國泰20年美債正2,20,0,20,元大-四維,2024-12-17,9831
2609,陽明,52,32,20,元大-四維,2024-12-17,9831
9945,潤泰新,30,11,19,元大-四維,2024-12-17,9831
5309,系統電,19,0,19,元大-四維,2024-12-17,9831
3481,群創,18,1,17,元大-四維,2024-12-17,9831
6274,台燿,18,1,17,元大-四維,2024-12-17,9831
4510,高鋒,41,25,16,元大-四維,2024-12-17,9831
3265,台星科,16,1,15,元大-四維,2024-12-17,9831
00948B,中信優息投資級債,15,0,15,元大-四維,2024-12-17,9831
4744,皇將,19,4,15,元大-四維,2024-12-17,9831
2886,兆豐金,14,1,13,元大-四維,2024-12-17,9831
00953B,群益優選非投等債,13,0,13,元大-四維,2024-12-17,9831
2885,元大金,13,0,13,元大-四維,2024-12-17,9831
3029,零壹,35,22,13,元大-四維,2024-12-17,9831
2820,華票,13,0,13,元大-四維,2024-12-17,9831
1326,台化,19,6,13,元大-四維,2024-12-17,9831
2382,廣達,28,15,13,元大-四維,2024-12-17,9831
1301,台塑,13,1,12,元大-四維,2024-12-17,9831
2449,京元電子,22,10,12,元大-四維,2024-12-17,9831
2603,長榮,277,3,274,元大-四維,2024-12-18,9831
00937B,群益ESG投等債20,126,1,125,元大-四維,2024-12-18,9831
00945B,凱基美國非投等債,107,0,107,元大-四維,2024-12-18,9831
00639,富邦深100,90,0,90,元大-四維,2024-12-18,9831
6962,ITH-KY,99,11,88,元大-四維,2024-12-18,9831
3711,日月光投控,100,20,80,元大-四維,2024-12-18,9831
6147,頎邦,111,44,67,元大-四維,2024-12-18,9831
00953B,群益優選非投等債,58,0,58,元大-四維,2024-12-18,9831
6695,芯鼎,56,1,55,元大-四維,2024-12-18,9831
00878,國泰永續高股息,53,4,49,元大-四維,2024-12-18,9831
2303,聯電,93,44,49,元大-四維,2024-12-18,9831
00712,復華富時不動產,49,2,47,元大-四維,2024-12-18,9831
00918,大華優利高填息30,50,7,43,元大-四維,2024-12-18,9831
2883,凱基金,42,2,40,元大-四維,2024-12-18,9831
2705,六福,40,1,39,元大-四維,2024-12-18,9831
5371,中光電,53,16,37,元大-四維,2024-12-18,9831
2409,友達,37,0,37,元大-四維,2024-12-18,9831
5347,世界,52,16,36,元大-四維,2024-12-18,9831
2312,金寶,35,1,34,元大-四維,2024-12-18,9831
2880,華南金,30,2,28,元大-四維,2024-12-18,9831
00966B,統一ESG投等債15,26,0,26,元大-四維,2024-12-18,9831
00713,元大台灣高息低波,22,0,22,元大-四維,2024-12-18,9831
1569,濱川,19,0,19,元大-四維,2024-12-18,9831
00909,國泰數位支付服務,19,0,19,元大-四維,2024-12-18,9831
3231,緯創,18,1,17,元大-四維,2024-12-18,9831
2354,鴻準,20,4,16,元大-四維,2024-12-18,9831
1314,中石化,18,2,16,元大-四維,2024-12-18,9831
00948B,中信優息投資級債,16,0,16,元大-四維,2024-12-18,9831
8933,愛地雅,15,0,15,元大-四維,2024-12-18,9831
2891,中信金,22,7,15,元大-四維,2024-12-18,9831
00720B,元大投資級公司債,15,0,15,元大-四維,2024-12-18,9831
1605,華新,24,9,15,元大-四維,2024-12-18,9831
1597,直得,24,9,15,元大-四維,2024-12-18,9831
9802,鈺齊-KY,17,2,15,元大-四維,2024-12-18,9831
8104,錸寶,15,1,14,元大-四維,2024-12-18,9831
8249,菱光,102,89,13,元大-四維,2024-12-18,9831
2609,陽明,60,47,13,元大-四維,2024-12-18,9831
2449,京元電子,25,13,12,元大-四維,2024-12-18,9831
1444,力麗,32,20,12,元大-四維,2024-12-18,9831
2332,友訊,33,21,12,元大-四維,2024-12-18,9831
00706L,期元大S＆P日圓正2,12,0,12,元大-四維,2024-12-18,9831
6596,寬宏藝術,12,0,12,元大-四維,2024-12-18,9831
2812,台中銀,12,0,12,元大-四維,2024-12-18,9831
2002,中鋼,31,19,12,元大-四維,2024-12-18,9831
00679B,元大美債20年,22,11,11,元大-四維,2024-12-18,9831
1303,南亞,15,4,11,元大-四維,2024-12-18,9831
2606,裕民,15,4,11,元大-四維,2024-12-18,9831
5880,合庫金,12,1,11,元大-四維,2024-12-18,9831
1802,台玻,12,1,11,元大-四維,2024-12-18,9831
1213,大飲,11,0,11,元大-四維,2024-12-18,9831
00918,大華優利高填息30,202,4,198,元大-四維,2024-12-19,9831
00715L,期街口布蘭特正2,188,0,188,元大-四維,2024-12-19,9831
00687B,國泰20年美債,173,0,173,元大-四維,2024-12-19,9831
00937B,群益ESG投等債20,161,0,161,元大-四維,2024-12-19,9831
00919,群益台灣精選高息,176,19,157,元大-四維,2024-12-19,9831
8111,立��,109,44,65,元大-四維,2024-12-19,9831
5880,合庫金,64,0,64,元大-四維,2024-12-19,9831
00648R,元大S＆P500反1,60,0,60,元大-四維,2024-12-19,9831
2303,聯電,75,16,59,元大-四維,2024-12-19,9831
00712,復華富時不動產,59,0,59,元大-四維,2024-12-19,9831
2409,友達,69,11,58,元大-四維,2024-12-19,9831
3481,群創,67,13,54,元大-四維,2024-12-19,9831
2317,鴻海,66,19,47,元大-四維,2024-12-19,9831
00680L,元大美債20正2,87,40,47,元大-四維,2024-12-19,9831
2880,華南金,50,6,44,元大-四維,2024-12-19,9831
2609,陽明,103,63,40,元大-四維,2024-12-19,9831
6188,廣明,66,27,39,元大-四維,2024-12-19,9831
2618,長榮航,36,2,34,元大-四維,2024-12-19,9831
00688L,國泰20年美債正2,36,2,34,元大-四維,2024-12-19,9831
8908,欣雄,33,0,33,元大-四維,2024-12-19,9831
00751B,元大AAA至A公司債,30,0,30,元大-四維,2024-12-19,9831
00671R,富邦NASDAQ反1,30,0,30,元大-四維,2024-12-19,9831
2884,玉山金,33,4,29,元大-四維,2024-12-19,9831
2834,臺企銀,36,8,28,元大-四維,2024-12-19,9831
00878,國泰永續高股息,38,12,26,元大-四維,2024-12-19,9831
2883,凱基金,44,18,26,元大-四維,2024-12-19,9831
4729,熒茂,26,1,25,元大-四維,2024-12-19,9831
6770,力積電,27,2,25,元大-四維,2024-12-19,9831
3041,揚智,61,36,25,元大-四維,2024-12-19,9831
00915,凱基優選高股息30,24,0,24,元大-四維,2024-12-19,9831
4979,華星光,36,12,24,元大-四維,2024-12-19,9831
1513,中興電,22,1,21,元大-四維,2024-12-19,9831
00933B,國泰10Y+金融債,21,0,21,元大-四維,2024-12-19,9831
1618,合機,21,0,21,元大-四維,2024-12-19,9831
00679B,元大美債20年,52,31,21,元大-四維,2024-12-19,9831
00830,國泰費城半導體,20,0,20,元大-四維,2024-12-19,9831
2838,聯邦銀,20,0,20,元大-四維,2024-12-19,9831
8059,凱碩,20,0,20,元大-四維,2024-12-19,9831
2820,華票,20,0,20,元大-四維,2024-12-19,9831
8938,明安,20,0,20,元大-四維,2024-12-19,9831
0056,元大高股息,22,2,20,元大-四維,2024-12-19,9831
1815,富喬,68,49,19,元大-四維,2024-12-19,9831
6558,興能高,35,17,18,元大-四維,2024-12-19,9831
3617,碩天,18,0,18,元大-四維,2024-12-19,9831
00922,國泰台灣領袖50,18,0,18,元大-四維,2024-12-19,9831
6182,合晶,19,2,17,元大-四維,2024-12-19,9831
0050,元大台灣50,17,1,16,元大-四維,2024-12-19,9831
6133,金橋,16,0,16,元大-四維,2024-12-19,9831
2330,台積電,20,4,16,元大-四維,2024-12-19,9831
2881,富邦金,18,3,15,元大-四維,2024-12-19,9831
