Ticker,Name,buy,sell,diff,Branch,Date,Branch_Code
00676R,富邦臺灣加權反1,200,0,200,元大-南京,2023-01-03,9862
00671R,富邦NASDAQ反1,150,31,119,元大-南京,2023-01-03,9862
1605,華新,138,27,111,元大-南京,2023-01-03,9862
2812,台中銀,100,0,100,元大-南京,2023-01-03,9862
2201,裕隆,64,5,59,元大-南京,2023-01-03,9862
1795,美時,53,7,46,元大-南京,2023-01-03,9862
3703,欣陸,45,0,45,元大-南京,2023-01-03,9862
1466,聚隆,40,0,40,元大-南京,2023-01-03,9862
00637L,元大滬深300正2,37,2,35,元大-南京,2023-01-03,9862
00878,國泰永續高股息,37,2,35,元大-南京,2023-01-03,9862
1513,中興電,132,99,33,元大-南京,2023-01-03,9862
6274,台燿,32,1,31,元大-南京,2023-01-03,9862
00673R,期元大S＆P原油反1,31,0,31,元大-南京,2023-01-03,9862
2317,鴻海,33,5,28,元大-南京,2023-01-03,9862
2913,農林,20,0,20,元大-南京,2023-01-03,9862
2379,瑞昱,21,1,20,元大-南京,2023-01-03,9862
2609,陽明,22,4,18,元大-南京,2023-01-03,9862
3466,德晉,16,0,16,元大-南京,2023-01-03,9862
2882,國泰金,24,8,16,元大-南京,2023-01-03,9862
00670L,富邦NASDAQ正2,14,0,14,元大-南京,2023-01-03,9862
2338,光罩,14,0,14,元大-南京,2023-01-03,9862
6443,元晶,24,10,14,元大-南京,2023-01-03,9862
6613,朋億*,13,0,13,元大-南京,2023-01-03,9862
2027,大成鋼,13,0,13,元大-南京,2023-01-03,9862
8933,愛地雅,15,2,13,元大-南京,2023-01-03,9862
3661,世芯-KY,18,6,12,元大-南京,2023-01-03,9862
4961,天鈺,15,4,11,元大-南京,2023-01-03,9862
1301,台塑,11,0,11,元大-南京,2023-01-03,9862
4123,晟德,10,0,10,元大-南京,2023-01-03,9862
2867,三商壽,10,0,10,元大-南京,2023-01-03,9862
2903,遠百,10,0,10,元大-南京,2023-01-03,9862
6488,環球晶,10,0,10,元大-南京,2023-01-03,9862
2006,東和鋼鐵,10,0,10,元大-南京,2023-01-03,9862
1310,台苯,10,0,10,元大-南京,2023-01-03,9862
2243,宏旭-KY,10,0,10,元大-南京,2023-01-03,9862
2890,永豐金,10,0,10,元大-南京,2023-01-03,9862
9945,潤泰新,10,0,10,元大-南京,2023-01-03,9862
1309,台達化,10,0,10,元大-南京,2023-01-03,9862
0056,元大高股息,11,2,9,元大-南京,2023-01-03,9862
00751B,元大AAA至A公司債,9,0,9,元大-南京,2023-01-03,9862
2313,華通,10,1,9,元大-南京,2023-01-03,9862
2425,承啟,25,16,9,元大-南京,2023-01-03,9862
3708,上緯投控,13,4,9,元大-南京,2023-01-03,9862
8028,昇陽半導體,9,0,9,元大-南京,2023-01-03,9862
00725B,國泰投資級公司債,9,0,9,元大-南京,2023-01-03,9862
8299,群聯,11,2,9,元大-南京,2023-01-03,9862
00679B,元大美債20年,8,0,8,元大-南京,2023-01-03,9862
4426,利勤,9,1,8,元大-南京,2023-01-03,9862
6220,岳豐,8,0,8,元大-南京,2023-01-03,9862
1229,聯華,7,0,7,元大-南京,2023-01-03,9862
4763,材料-KY,111,51,60,元大-南京,2023-01-04,9862
2610,華航,57,0,57,元大-南京,2023-01-04,9862
3047,訊舟,50,0,50,元大-南京,2023-01-04,9862
6142,友勁,45,0,45,元大-南京,2023-01-04,9862
6180,橘子,39,1,38,元大-南京,2023-01-04,9862
1326,台化,31,0,31,元大-南京,2023-01-04,9862
6443,元晶,35,9,26,元大-南京,2023-01-04,9862
2312,金寶,25,0,25,元大-南京,2023-01-04,9862
6282,康舒,28,5,23,元大-南京,2023-01-04,9862
6573,虹揚-KY,22,0,22,元大-南京,2023-01-04,9862
00878,國泰永續高股息,26,5,21,元大-南京,2023-01-04,9862
00632R,元大台灣50反1,20,0,20,元大-南京,2023-01-04,9862
4931,新盛力,23,3,20,元大-南京,2023-01-04,9862
4961,天鈺,21,3,18,元大-南京,2023-01-04,9862
2882,國泰金,24,7,17,元大-南京,2023-01-04,9862
3703,欣陸,17,0,17,元大-南京,2023-01-04,9862
2317,鴻海,18,1,17,元大-南京,2023-01-04,9862
2884,玉山金,17,0,17,元大-南京,2023-01-04,9862
5009,榮剛,16,0,16,元大-南京,2023-01-04,9862
6689,伊雲谷,16,0,16,元大-南京,2023-01-04,9862
6806,森崴能源,36,21,15,元大-南京,2023-01-04,9862
2328,廣宇,31,16,15,元大-南京,2023-01-04,9862
2425,承啟,21,6,15,元大-南京,2023-01-04,9862
4114,健喬,22,7,15,元大-南京,2023-01-04,9862
2609,陽明,19,5,14,元大-南京,2023-01-04,9862
8046,南電,22,8,14,元大-南京,2023-01-04,9862
1314,中石化,14,0,14,元大-南京,2023-01-04,9862
2615,萬海,11,0,11,元大-南京,2023-01-04,9862
1720,生達,13,2,11,元大-南京,2023-01-04,9862
2641,正德,11,0,11,元大-南京,2023-01-04,9862
6754,匯僑設計,11,0,11,元大-南京,2023-01-04,9862
2442,新美齊,10,0,10,元大-南京,2023-01-04,9862
3027,盛達,46,36,10,元大-南京,2023-01-04,9862
1444,力麗,17,7,10,元大-南京,2023-01-04,9862
1434,福懋,10,0,10,元大-南京,2023-01-04,9862
2547,日勝生,10,0,10,元大-南京,2023-01-04,9862
00786B,元大10年IG銀行債,10,0,10,元大-南京,2023-01-04,9862
00643,群益深証中小,10,0,10,元大-南京,2023-01-04,9862
00673R,期元大S＆P原油反1,10,0,10,元大-南京,2023-01-04,9862
00679B,元大美債20年,9,0,9,元大-南京,2023-01-04,9862
1736,喬山,10,1,9,元大-南京,2023-01-04,9862
3209,全科,8,0,8,元大-南京,2023-01-04,9862
2603,長榮,14,6,8,元大-南京,2023-01-04,9862
00902,中信電池及儲能,12,5,7,元大-南京,2023-01-04,9862
3558,神準,11,4,7,元大-南京,2023-01-04,9862
3272,東碩,10,3,7,元大-南京,2023-01-04,9862
6741,91APP*-KY,14,7,7,元大-南京,2023-01-04,9862
00751B,元大AAA至A公司債,6,0,6,元大-南京,2023-01-04,9862
1101,台泥,6,0,6,元大-南京,2023-01-04,9862
3034,聯詠,7,1,6,元大-南京,2023-01-04,9862
00632R,元大台灣50反1,213,3,210,元大-南京,2023-01-05,9862
00676R,富邦臺灣加權反1,170,0,170,元大-南京,2023-01-05,9862
2618,長榮航,90,8,82,元大-南京,2023-01-05,9862
6180,橘子,83,9,74,元大-南京,2023-01-05,9862
1513,中興電,87,15,72,元大-南京,2023-01-05,9862
2380,虹光,67,1,66,元大-南京,2023-01-05,9862
3004,豐達科,73,12,61,元大-南京,2023-01-05,9862
1442,名軒,45,0,45,元大-南京,2023-01-05,9862
6274,台燿,33,1,32,元大-南京,2023-01-05,9862
6133,金橋,30,0,30,元大-南京,2023-01-05,9862
4968,立積,42,13,29,元大-南京,2023-01-05,9862
00715L,期街口布蘭特正2,20,0,20,元大-南京,2023-01-05,9862
00753L,中信中國50正2,17,0,17,元大-南京,2023-01-05,9862
2317,鴻海,22,5,17,元大-南京,2023-01-05,9862
5905,南仁湖,21,5,16,元大-南京,2023-01-05,9862
3704,合勤控,21,6,15,元大-南京,2023-01-05,9862
4164,承業醫,15,0,15,元大-南京,2023-01-05,9862
6806,森崴能源,17,5,12,元大-南京,2023-01-05,9862
3006,晶豪科,13,1,12,元大-南京,2023-01-05,9862
3708,上緯投控,31,19,12,元大-南京,2023-01-05,9862
1707,葡萄王,17,5,12,元大-南京,2023-01-05,9862
6160,欣技,11,0,11,元大-南京,2023-01-05,9862
2368,金像電,10,0,10,元大-南京,2023-01-05,9862
1736,喬山,12,2,10,元大-南京,2023-01-05,9862
00641R,富邦日本反1,10,0,10,元大-南京,2023-01-05,9862
6244,茂迪,12,2,10,元大-南京,2023-01-05,9862
2312,金寶,10,0,10,元大-南京,2023-01-05,9862
3034,聯詠,11,1,10,元大-南京,2023-01-05,9862
2610,華航,12,3,9,元大-南京,2023-01-05,9862
3083,網龍,10,1,9,元大-南京,2023-01-05,9862
2359,所羅門,10,2,8,元大-南京,2023-01-05,9862
2337,旺宏,8,0,8,元大-南京,2023-01-05,9862
0056,元大高股息,11,3,8,元大-南京,2023-01-05,9862
5347,世界,27,20,7,元大-南京,2023-01-05,9862
2313,華通,7,0,7,元大-南京,2023-01-05,9862
00720B,元大投資級公司債,7,0,7,元大-南京,2023-01-05,9862
3035,智原,6,0,6,元大-南京,2023-01-05,9862
00881,國泰台灣5G+,8,2,6,元大-南京,2023-01-05,9862
8234,新漢,6,0,6,元大-南京,2023-01-05,9862
2542,興富發,6,0,6,元大-南京,2023-01-05,9862
2107,厚生,6,0,6,元大-南京,2023-01-05,9862
8215,明基材,6,0,6,元大-南京,2023-01-05,9862
6669,緯穎,5,0,5,元大-南京,2023-01-05,9862
00888,永豐台灣ESG,5,0,5,元大-南京,2023-01-05,9862
5871,中租-KY,8,3,5,元大-南京,2023-01-05,9862
3128,昇銳,6,1,5,元大-南京,2023-01-05,9862
3013,晟銘電,5,0,5,元大-南京,2023-01-05,9862
1504,東元,5,0,5,元大-南京,2023-01-05,9862
8121,越峰,5,0,5,元大-南京,2023-01-05,9862
8054,安國,5,0,5,元大-南京,2023-01-05,9862
1417,嘉裕,191,0,191,元大-南京,2023-01-06,9862
00885,富邦越南,85,3,82,元大-南京,2023-01-06,9862
6139,亞翔,72,5,67,元大-南京,2023-01-06,9862
00632R,元大台灣50反1,58,1,57,元大-南京,2023-01-06,9862
1519,華城,58,9,49,元大-南京,2023-01-06,9862
2380,虹光,42,0,42,元大-南京,2023-01-06,9862
2359,所羅門,50,10,40,元大-南京,2023-01-06,9862
2329,華泰,46,6,40,元大-南京,2023-01-06,9862
6274,台燿,40,0,40,元大-南京,2023-01-06,9862
1752,南光,147,114,33,元大-南京,2023-01-06,9862
6109,亞元,32,2,30,元大-南京,2023-01-06,9862
4164,承業醫,28,0,28,元大-南京,2023-01-06,9862
4968,立積,27,1,26,元大-南京,2023-01-06,9862
00720B,元大投資級公司債,26,0,26,元大-南京,2023-01-06,9862
6446,藥華藥,25,0,25,元大-南京,2023-01-06,9862
1442,名軒,26,1,25,元大-南京,2023-01-06,9862
5483,中美晶,31,6,25,元大-南京,2023-01-06,9862
2308,台達電,24,0,24,元大-南京,2023-01-06,9862
4114,健喬,43,22,21,元大-南京,2023-01-06,9862
2028,威致,20,0,20,元大-南京,2023-01-06,9862
3162,精確,17,0,17,元大-南京,2023-01-06,9862
2458,義隆,21,4,17,元大-南京,2023-01-06,9862
2637,慧洋-KY,20,4,16,元大-南京,2023-01-06,9862
2317,鴻海,18,3,15,元大-南京,2023-01-06,9862
00679B,元大美債20年,12,0,12,元大-南京,2023-01-06,9862
8171,天宇,31,20,11,元大-南京,2023-01-06,9862
2492,華新科,10,0,10,元大-南京,2023-01-06,9862
00706L,期元大S＆P日圓正2,10,0,10,元大-南京,2023-01-06,9862
2010,春源,10,0,10,元大-南京,2023-01-06,9862
2867,三商壽,10,0,10,元大-南京,2023-01-06,9862
00751B,元大AAA至A公司債,9,0,9,元大-南京,2023-01-06,9862
3006,晶豪科,11,2,9,元大-南京,2023-01-06,9862
2748,雲品,20,11,9,元大-南京,2023-01-06,9862
6176,瑞儀,11,2,9,元大-南京,2023-01-06,9862
1611,中電,10,2,8,元大-南京,2023-01-06,9862
2701,萬企,8,0,8,元大-南京,2023-01-06,9862
00882,中信中國高股息,10,3,7,元大-南京,2023-01-06,9862
2706,第一店,7,0,7,元大-南京,2023-01-06,9862
3687,歐買尬,8,1,7,元大-南京,2023-01-06,9862
00878,國泰永續高股息,7,1,6,元大-南京,2023-01-06,9862
6235,華孚,6,0,6,元大-南京,2023-01-06,9862
00719B,元大美債1-3,6,0,6,元大-南京,2023-01-06,9862
3011,今皓,6,0,6,元大-南京,2023-01-06,9862
4977,眾達-KY,11,5,6,元大-南京,2023-01-06,9862
1467,南緯,6,0,6,元大-南京,2023-01-06,9862
2312,金寶,6,0,6,元大-南京,2023-01-06,9862
5269,祥碩,6,0,6,元大-南京,2023-01-06,9862
8358,金居,11,6,5,元大-南京,2023-01-06,9862
1522,堤維西,5,0,5,元大-南京,2023-01-06,9862
00715L,期街口布蘭特正2,8,3,5,元大-南京,2023-01-06,9862
6274,台燿,105,3,102,元大-南京,2023-01-09,9862
6182,合晶,102,6,96,元大-南京,2023-01-09,9862
2609,陽明,94,22,72,元大-南京,2023-01-09,9862
00632R,元大台灣50反1,101,30,71,元大-南京,2023-01-09,9862
5483,中美晶,70,2,68,元大-南京,2023-01-09,9862
00892,富邦台灣半導體,50,1,49,元大-南京,2023-01-09,9862
00637L,元大滬深300正2,48,20,28,元大-南京,2023-01-09,9862
2634,漢翔,26,1,25,元大-南京,2023-01-09,9862
6180,橘子,42,21,21,元大-南京,2023-01-09,9862
6689,伊雲谷,20,0,20,元大-南京,2023-01-09,9862
1618,合機,21,3,18,元大-南京,2023-01-09,9862
2610,華航,30,12,18,元大-南京,2023-01-09,9862
2603,長榮,24,7,17,元大-南京,2023-01-09,9862
2313,華通,26,10,16,元大-南京,2023-01-09,9862
6781,AES-KY,17,1,16,元大-南京,2023-01-09,9862
00665L,富邦�琤肭磪囓�2,15,0,15,元大-南京,2023-01-09,9862
1512,瑞利,15,0,15,元大-南京,2023-01-09,9862
6139,亞翔,21,6,15,元大-南京,2023-01-09,9862
8069,元太,271,257,14,元大-南京,2023-01-09,9862
4979,華星光,17,3,14,元大-南京,2023-01-09,9862
4977,眾達-KY,20,7,13,元大-南京,2023-01-09,9862
6719,力智,16,3,13,元大-南京,2023-01-09,9862
1736,喬山,13,0,13,元大-南京,2023-01-09,9862
6488,環球晶,12,0,12,元大-南京,2023-01-09,9862
00715L,期街口布蘭特正2,13,1,12,元大-南京,2023-01-09,9862
4167,松瑞藥,19,8,11,元大-南京,2023-01-09,9862
2317,鴻海,22,12,10,元大-南京,2023-01-09,9862
8299,群聯,24,14,10,元大-南京,2023-01-09,9862
6412,群電,10,0,10,元大-南京,2023-01-09,9862
00674R,期元大S＆P黃金反1,10,0,10,元大-南京,2023-01-09,9862
1813,寶利徠,10,0,10,元大-南京,2023-01-09,9862
6215,和椿,32,22,10,元大-南京,2023-01-09,9862
2354,鴻準,20,11,9,元大-南京,2023-01-09,9862
00885,富邦越南,9,0,9,元大-南京,2023-01-09,9862
3011,今皓,8,0,8,元大-南京,2023-01-09,9862
3443,創意,9,1,8,元大-南京,2023-01-09,9862
2380,虹光,7,0,7,元大-南京,2023-01-09,9862
00893,國泰智能電動車,10,3,7,元大-南京,2023-01-09,9862
2345,智邦,12,5,7,元大-南京,2023-01-09,9862
4919,新唐,13,6,7,元大-南京,2023-01-09,9862
8171,天宇,10,3,7,元大-南京,2023-01-09,9862
3707,漢磊,7,1,6,元大-南京,2023-01-09,9862
00679B,元大美債20年,6,0,6,元大-南京,2023-01-09,9862
00770,國泰北美科技,6,0,6,元大-南京,2023-01-09,9862
00683L,期元大美元指正2,6,0,6,元大-南京,2023-01-09,9862
2883,凱基金,13,7,6,元大-南京,2023-01-09,9862
3686,達能,6,0,6,元大-南京,2023-01-09,9862
8409,商之器,6,0,6,元大-南京,2023-01-09,9862
6176,瑞儀,7,1,6,元大-南京,2023-01-09,9862
4961,天鈺,21,15,6,元大-南京,2023-01-09,9862
4977,眾達-KY,156,3,153,元大-南京,2023-01-10,9862
1417,嘉裕,112,0,112,元大-南京,2023-01-10,9862
5351,鈺創,62,4,58,元大-南京,2023-01-10,9862
3011,今皓,25,0,25,元大-南京,2023-01-10,9862
00637L,元大滬深300正2,26,1,25,元大-南京,2023-01-10,9862
2884,玉山金,30,6,24,元大-南京,2023-01-10,9862
00878,國泰永續高股息,31,8,23,元大-南京,2023-01-10,9862
1752,南光,23,1,22,元大-南京,2023-01-10,9862
2888,新光金,30,10,20,元大-南京,2023-01-10,9862
00888,永豐台灣ESG,20,0,20,元大-南京,2023-01-10,9862
6160,欣技,18,0,18,元大-南京,2023-01-10,9862
8358,金居,34,19,15,元大-南京,2023-01-10,9862
2501,國建,13,0,13,元大-南京,2023-01-10,9862
2618,長榮航,15,2,13,元大-南京,2023-01-10,9862
0056,元大高股息,39,26,13,元大-南京,2023-01-10,9862
00643,群益深証中小,11,0,11,元大-南京,2023-01-10,9862
1736,喬山,13,2,11,元大-南京,2023-01-10,9862
00885,富邦越南,12,1,11,元大-南京,2023-01-10,9862
6235,華孚,15,4,11,元大-南京,2023-01-10,9862
4961,天鈺,23,13,10,元大-南京,2023-01-10,9862
2748,雲品,14,4,10,元大-南京,2023-01-10,9862
3046,建��,10,0,10,元大-南京,2023-01-10,9862
3592,瑞鼎,10,0,10,元大-南京,2023-01-10,9862
2236,百達-KY,10,0,10,元大-南京,2023-01-10,9862
4123,晟德,10,0,10,元大-南京,2023-01-10,9862
2889,國票金,9,0,9,元大-南京,2023-01-10,9862
6719,力智,15,6,9,元大-南京,2023-01-10,9862
3044,健鼎,11,2,9,元大-南京,2023-01-10,9862
3545,敦泰,14,5,9,元大-南京,2023-01-10,9862
3034,聯詠,14,6,8,元大-南京,2023-01-10,9862
6180,橘子,10,2,8,元大-南京,2023-01-10,9862
2892,第一金,10,2,8,元大-南京,2023-01-10,9862
8028,昇陽半導體,18,10,8,元大-南京,2023-01-10,9862
2883,凱基金,17,10,7,元大-南京,2023-01-10,9862
4931,新盛力,8,1,7,元大-南京,2023-01-10,9862
6781,AES-KY,7,0,7,元大-南京,2023-01-10,9862
3454,晶睿,17,11,6,元大-南京,2023-01-10,9862
1524,耿鼎,12,6,6,元大-南京,2023-01-10,9862
6217,中探針,6,0,6,元大-南京,2023-01-10,9862
1612,宏泰,10,4,6,元大-南京,2023-01-10,9862
2449,京元電子,6,0,6,元大-南京,2023-01-10,9862
9912,偉聯,6,0,6,元大-南京,2023-01-10,9862
00683L,期元大美元指正2,6,0,6,元大-南京,2023-01-10,9862
6182,合晶,7,1,6,元大-南京,2023-01-10,9862
00633L,富邦上証正2,10,4,6,元大-南京,2023-01-10,9862
2609,陽明,10,5,5,元大-南京,2023-01-10,9862
5347,世界,26,21,5,元大-南京,2023-01-10,9862
5425,台半,31,26,5,元大-南京,2023-01-10,9862
1514,亞力,5,0,5,元大-南京,2023-01-10,9862
5321,美而快,5,0,5,元大-南京,2023-01-10,9862
1442,名軒,133,1,132,元大-南京,2023-01-11,9862
1752,南光,130,0,130,元大-南京,2023-01-11,9862
1417,嘉裕,83,0,83,元大-南京,2023-01-11,9862
2897,王道銀行,83,5,78,元大-南京,2023-01-11,9862
8358,金居,40,0,40,元大-南京,2023-01-11,9862
4904,遠傳,38,2,36,元大-南京,2023-01-11,9862
5483,中美晶,30,1,29,元大-南京,2023-01-11,9862
00679B,元大美債20年,24,0,24,元大-南京,2023-01-11,9862
6781,AES-KY,21,1,20,元大-南京,2023-01-11,9862
3706,神達,20,0,20,元大-南京,2023-01-11,9862
2038,海光,19,0,19,元大-南京,2023-01-11,9862
3704,合勤控,21,3,18,元大-南京,2023-01-11,9862
2609,陽明,25,8,17,元大-南京,2023-01-11,9862
4919,新唐,30,13,17,元大-南京,2023-01-11,9862
1605,華新,34,17,17,元大-南京,2023-01-11,9862
00720B,元大投資級公司債,17,0,17,元大-南京,2023-01-11,9862
6754,匯僑設計,17,0,17,元大-南京,2023-01-11,9862
1795,美時,32,16,16,元大-南京,2023-01-11,9862
6274,台燿,25,9,16,元大-南京,2023-01-11,9862
2884,玉山金,15,0,15,元大-南京,2023-01-11,9862
2886,兆豐金,13,0,13,元大-南京,2023-01-11,9862
2404,漢唐,13,0,13,元大-南京,2023-01-11,9862
2359,所羅門,11,0,11,元大-南京,2023-01-11,9862
1519,華城,14,3,11,元大-南京,2023-01-11,9862
00902,中信電池及儲能,12,2,10,元大-南京,2023-01-11,9862
4432,銘旺實,10,0,10,元大-南京,2023-01-11,9862
6182,合晶,14,4,10,元大-南京,2023-01-11,9862
00676R,富邦臺灣加權反1,10,0,10,元大-南京,2023-01-11,9862
1512,瑞利,10,0,10,元大-南京,2023-01-11,9862
8069,元太,11,1,10,元大-南京,2023-01-11,9862
1536,和大,10,0,10,元大-南京,2023-01-11,9862
8046,南電,10,1,9,元大-南京,2023-01-11,9862
3141,晶宏,15,6,9,元大-南京,2023-01-11,9862
2344,華邦電,9,0,9,元大-南京,2023-01-11,9862
1560,中砂,12,4,8,元大-南京,2023-01-11,9862
6180,橘子,12,4,8,元大-南京,2023-01-11,9862
2881,富邦金,8,0,8,元大-南京,2023-01-11,9862
4977,眾達-KY,20,13,7,元大-南京,2023-01-11,9862
3587,閎康,10,3,7,元大-南京,2023-01-11,9862
4931,新盛力,9,2,7,元大-南京,2023-01-11,9862
2606,裕民,7,0,7,元大-南京,2023-01-11,9862
8038,長園科,7,0,7,元大-南京,2023-01-11,9862
3030,德律,7,0,7,元大-南京,2023-01-11,9862
6589,台康生技,7,0,7,元大-南京,2023-01-11,9862
5009,榮剛,8,1,7,元大-南京,2023-01-11,9862
2892,第一金,8,2,6,元大-南京,2023-01-11,9862
2360,致茂,6,0,6,元大-南京,2023-01-11,9862
8916,光隆,6,0,6,元大-南京,2023-01-11,9862
5704,老爺知,6,0,6,元大-南京,2023-01-11,9862
1701,中化,8,2,6,元大-南京,2023-01-11,9862
2312,金寶,125,0,125,元大-南京,2023-01-12,9862
2609,陽明,126,3,123,元大-南京,2023-01-12,9862
1312,國喬,100,0,100,元大-南京,2023-01-12,9862
2356,英業達,95,4,91,元大-南京,2023-01-12,9862
1417,嘉裕,83,0,83,元大-南京,2023-01-12,9862
2892,第一金,44,2,42,元大-南京,2023-01-12,9862
4167,松瑞藥,37,1,36,元大-南京,2023-01-12,9862
1442,名軒,34,0,34,元大-南京,2023-01-12,9862
4904,遠傳,31,0,31,元大-南京,2023-01-12,9862
00637L,元大滬深300正2,38,14,24,元大-南京,2023-01-12,9862
5425,台半,41,17,24,元大-南京,2023-01-12,9862
2634,漢翔,20,0,20,元大-南京,2023-01-12,9862
1512,瑞利,20,0,20,元大-南京,2023-01-12,9862
8933,愛地雅,19,0,19,元大-南京,2023-01-12,9862
2603,長榮,22,4,18,元大-南京,2023-01-12,9862
1215,卜蜂,18,0,18,元大-南京,2023-01-12,9862
6781,AES-KY,16,1,15,元大-南京,2023-01-12,9862
2498,宏達電,16,2,14,元大-南京,2023-01-12,9862
1313,聯成,15,2,13,元大-南京,2023-01-12,9862
5009,榮剛,13,0,13,元大-南京,2023-01-12,9862
2748,雲品,16,4,12,元大-南京,2023-01-12,9862
00752,中信中國50,11,0,11,元大-南京,2023-01-12,9862
2324,仁寶,13,2,11,元大-南京,2023-01-12,9862
2023,燁輝,11,0,11,元大-南京,2023-01-12,9862
8299,群聯,14,3,11,元大-南京,2023-01-12,9862
00679B,元大美債20年,10,0,10,元大-南京,2023-01-12,9862
00633L,富邦上証正2,10,0,10,元大-南京,2023-01-12,9862
5014,建錩,10,0,10,元大-南京,2023-01-12,9862
6689,伊雲谷,10,0,10,元大-南京,2023-01-12,9862
2428,興勤,10,0,10,元大-南京,2023-01-12,9862
8261,富鼎,10,0,10,元大-南京,2023-01-12,9862
00642U,期元大S＆P石油,11,1,10,元大-南京,2023-01-12,9862
8996,高力,13,3,10,元大-南京,2023-01-12,9862
1519,華城,10,1,9,元大-南京,2023-01-12,9862
9958,世紀鋼,8,0,8,元大-南京,2023-01-12,9862
00770,國泰北美科技,8,0,8,元大-南京,2023-01-12,9862
00639,富邦深100,8,0,8,元大-南京,2023-01-12,9862
2392,正崴,7,0,7,元大-南京,2023-01-12,9862
2637,慧洋-KY,10,3,7,元大-南京,2023-01-12,9862
2739,寒舍,7,0,7,元大-南京,2023-01-12,9862
2338,光罩,32,26,6,元大-南京,2023-01-12,9862
00753L,中信中國50正2,6,0,6,元大-南京,2023-01-12,9862
2359,所羅門,6,0,6,元大-南京,2023-01-12,9862
3202,樺晟,6,0,6,元大-南京,2023-01-12,9862
00675L,富邦臺灣加權正2,10,4,6,元大-南京,2023-01-12,9862
2534,宏盛,6,0,6,元大-南京,2023-01-12,9862
1795,美時,16,11,5,元大-南京,2023-01-12,9862
2615,萬海,6,1,5,元大-南京,2023-01-12,9862
1503,士電,6,1,5,元大-南京,2023-01-12,9862
1449,佳和,5,0,5,元大-南京,2023-01-12,9862
00632R,元大台灣50反1,228,8,220,元大-南京,2023-01-13,9862
00669R,國泰美國道瓊反1,100,0,100,元大-南京,2023-01-13,9862
1442,名軒,60,0,60,元大-南京,2023-01-13,9862
2465,麗臺,65,9,56,元大-南京,2023-01-13,9862
2033,佳大,51,1,50,元大-南京,2023-01-13,9862
2888,新光金,30,0,30,元大-南京,2023-01-13,9862
00770,國泰北美科技,24,0,24,元大-南京,2023-01-13,9862
00751B,元大AAA至A公司債,22,0,22,元大-南京,2023-01-13,9862
2312,金寶,22,0,22,元大-南京,2023-01-13,9862
2449,京元電子,21,0,21,元大-南京,2023-01-13,9862
1813,寶利徠,20,0,20,元大-南京,2023-01-13,9862
1417,嘉裕,20,0,20,元大-南京,2023-01-13,9862
00891,中信關鍵半導體,19,0,19,元大-南京,2023-01-13,9862
1513,中興電,15,0,15,元大-南京,2023-01-13,9862
2748,雲品,19,4,15,元大-南京,2023-01-13,9862
2637,慧洋-KY,15,2,13,元大-南京,2023-01-13,9862
00673R,期元大S＆P原油反1,12,0,12,元大-南京,2023-01-13,9862
2023,燁輝,12,0,12,元大-南京,2023-01-13,9862
6274,台燿,11,0,11,元大-南京,2023-01-13,9862
5347,世界,17,6,11,元大-南京,2023-01-13,9862
5258,虹堡,11,0,11,元大-南京,2023-01-13,9862
6118,建達,17,6,11,元大-南京,2023-01-13,9862
3036,文曄,11,0,11,元大-南京,2023-01-13,9862
1707,葡萄王,11,0,11,元大-南京,2023-01-13,9862
6139,亞翔,10,0,10,元大-南京,2023-01-13,9862
1313,聯成,12,2,10,元大-南京,2023-01-13,9862
00674R,期元大S＆P黃金反1,10,0,10,元大-南京,2023-01-13,9862
1805,寶徠,10,0,10,元大-南京,2023-01-13,9862
00720B,元大投資級公司債,9,0,9,元大-南京,2023-01-13,9862
2409,友達,11,2,9,元大-南京,2023-01-13,9862
5425,台半,16,7,9,元大-南京,2023-01-13,9862
1519,華城,8,0,8,元大-南京,2023-01-13,9862
6207,雷科,8,0,8,元大-南京,2023-01-13,9862
6443,元晶,40,32,8,元大-南京,2023-01-13,9862
8299,群聯,12,5,7,元大-南京,2023-01-13,9862
8046,南電,19,12,7,元大-南京,2023-01-13,9862
4155,訊映,7,0,7,元大-南京,2023-01-13,9862
3680,家登,17,10,7,元大-南京,2023-01-13,9862
00753L,中信中國50正2,7,0,7,元大-南京,2023-01-13,9862
1605,華新,11,4,7,元大-南京,2023-01-13,9862
4966,譜瑞-KY,7,1,6,元大-南京,2023-01-13,9862
4707,磐亞,6,0,6,元大-南京,2023-01-13,9862
2498,宏達電,8,2,6,元大-南京,2023-01-13,9862
5227,立凱-KY,6,0,6,元大-南京,2023-01-13,9862
1215,卜蜂,6,0,6,元大-南京,2023-01-13,9862
00878,國泰永續高股息,6,1,5,元大-南京,2023-01-13,9862
6245,立端,6,1,5,元大-南京,2023-01-13,9862
6414,樺漢,5,0,5,元大-南京,2023-01-13,9862
2906,高林,5,0,5,元大-南京,2023-01-13,9862
2385,群光,5,0,5,元大-南京,2023-01-13,9862
00632R,元大台灣50反1,690,105,585,元大-南京,2023-01-16,9862
6188,廣明,150,2,148,元大-南京,2023-01-16,9862
6180,橘子,75,0,75,元大-南京,2023-01-16,9862
4164,承業醫,57,0,57,元大-南京,2023-01-16,9862
00637L,元大滬深300正2,65,12,53,元大-南京,2023-01-16,9862
3552,同致,51,1,50,元大-南京,2023-01-16,9862
00753L,中信中國50正2,44,1,43,元大-南京,2023-01-16,9862
00882,中信中國高股息,43,3,40,元大-南京,2023-01-16,9862
00706L,期元大S＆P日圓正2,36,0,36,元大-南京,2023-01-16,9862
00665L,富邦�琤肭磪囓�2,22,0,22,元大-南京,2023-01-16,9862
0056,元大高股息,24,2,22,元大-南京,2023-01-16,9862
2634,漢翔,24,3,21,元大-南京,2023-01-16,9862
2618,長榮航,26,5,21,元大-南京,2023-01-16,9862
3264,欣銓,21,1,20,元大-南京,2023-01-16,9862
2317,鴻海,20,0,20,元大-南京,2023-01-16,9862
2887,台新金,21,2,19,元大-南京,2023-01-16,9862
2883,凱基金,23,6,17,元大-南京,2023-01-16,9862
2303,聯電,50,37,13,元大-南京,2023-01-16,9862
2889,國票金,18,5,13,元大-南京,2023-01-16,9862
2014,中鴻,13,1,12,元大-南京,2023-01-16,9862
2323,中環,11,0,11,元大-南京,2023-01-16,9862
2468,華經,16,5,11,元大-南京,2023-01-16,9862
00674R,期元大S＆P黃金反1,11,0,11,元大-南京,2023-01-16,9862
2616,山隆,10,0,10,元大-南京,2023-01-16,9862
4167,松瑞藥,10,0,10,元大-南京,2023-01-16,9862
6160,欣技,10,0,10,元大-南京,2023-01-16,9862
00676R,富邦臺灣加權反1,10,0,10,元大-南京,2023-01-16,9862
1762,中化生,10,0,10,元大-南京,2023-01-16,9862
4155,訊映,25,15,10,元大-南京,2023-01-16,9862
6412,群電,10,0,10,元大-南京,2023-01-16,9862
6121,新普,10,0,10,元大-南京,2023-01-16,9862
00712,復華富時不動產,10,0,10,元大-南京,2023-01-16,9862
1605,華新,12,2,10,元大-南京,2023-01-16,9862
3515,華擎,10,2,8,元大-南京,2023-01-16,9862
9912,偉聯,8,0,8,元大-南京,2023-01-16,9862
4979,華星光,14,7,7,元大-南京,2023-01-16,9862
1513,中興電,13,6,7,元大-南京,2023-01-16,9862
00770,國泰北美科技,7,0,7,元大-南京,2023-01-16,9862
00683L,期元大美元指正2,7,0,7,元大-南京,2023-01-16,9862
6205,詮欣,7,0,7,元大-南京,2023-01-16,9862
1584,精剛,7,0,7,元大-南京,2023-01-16,9862
00673R,期元大S＆P原油反1,6,0,6,元大-南京,2023-01-16,9862
2609,陽明,14,8,6,元大-南京,2023-01-16,9862
2890,永豐金,52,46,6,元大-南京,2023-01-16,9862
2603,長榮,10,5,5,元大-南京,2023-01-16,9862
2409,友達,5,0,5,元大-南京,2023-01-16,9862
6770,力積電,15,10,5,元大-南京,2023-01-16,9862
2331,精英,5,0,5,元大-南京,2023-01-16,9862
00720B,元大投資級公司債,5,0,5,元大-南京,2023-01-16,9862
3521,鴻翊,5,0,5,元大-南京,2023-01-16,9862
6188,廣明,104,0,104,元大-南京,2023-01-17,9862
1752,南光,101,0,101,元大-南京,2023-01-17,9862
2312,金寶,100,0,100,元大-南京,2023-01-17,9862
2881,富邦金,71,4,67,元大-南京,2023-01-17,9862
1417,嘉裕,61,0,61,元大-南京,2023-01-17,9862
2801,彰銀,61,0,61,元大-南京,2023-01-17,9862
00632R,元大台灣50反1,60,7,53,元大-南京,2023-01-17,9862
3037,欣興,61,9,52,元大-南京,2023-01-17,9862
2880,華南金,53,1,52,元大-南京,2023-01-17,9862
2610,華航,48,3,45,元大-南京,2023-01-17,9862
6613,朋億*,38,0,38,元大-南京,2023-01-17,9862
2033,佳大,35,0,35,元大-南京,2023-01-17,9862
6274,台燿,34,0,34,元大-南京,2023-01-17,9862
2618,長榮航,35,4,31,元大-南京,2023-01-17,9862
3062,建漢,33,7,26,元大-南京,2023-01-17,9862
1336,台翰,25,0,25,元大-南京,2023-01-17,9862
00878,國泰永續高股息,29,6,23,元大-南京,2023-01-17,9862
3481,群創,22,1,21,元大-南京,2023-01-17,9862
00753L,中信中國50正2,20,0,20,元大-南京,2023-01-17,9862
00673R,期元大S＆P原油反1,20,0,20,元大-南京,2023-01-17,9862
2468,華經,22,2,20,元大-南京,2023-01-17,9862
2885,元大金,19,3,16,元大-南京,2023-01-17,9862
00720B,元大投資級公司債,15,0,15,元大-南京,2023-01-17,9862
4155,訊映,15,0,15,元大-南京,2023-01-17,9862
4114,健喬,15,0,15,元大-南京,2023-01-17,9862
2884,玉山金,13,0,13,元大-南京,2023-01-17,9862
6160,欣技,12,0,12,元大-南京,2023-01-17,9862
2317,鴻海,18,6,12,元大-南京,2023-01-17,9862
2388,威盛,12,1,11,元大-南京,2023-01-17,9862
5347,世界,11,1,10,元大-南京,2023-01-17,9862
6180,橘子,17,7,10,元大-南京,2023-01-17,9862
00643,群益深証中小,10,0,10,元大-南京,2023-01-17,9862
00701,國泰股利精選30,10,0,10,元大-南京,2023-01-17,9862
2010,春源,10,0,10,元大-南京,2023-01-17,9862
00639,富邦深100,10,0,10,元大-南京,2023-01-17,9862
6443,元晶,21,11,10,元大-南京,2023-01-17,9862
8261,富鼎,11,1,10,元大-南京,2023-01-17,9862
1101,台泥,15,6,9,元大-南京,2023-01-17,9862
3264,欣銓,10,1,9,元大-南京,2023-01-17,9862
2616,山隆,10,1,9,元大-南京,2023-01-17,9862
2606,裕民,10,1,9,元大-南京,2023-01-17,9862
00637L,元大滬深300正2,50,41,9,元大-南京,2023-01-17,9862
5425,台半,10,1,9,元大-南京,2023-01-17,9862
1442,名軒,8,0,8,元大-南京,2023-01-17,9862
6770,力積電,7,0,7,元大-南京,2023-01-17,9862
8171,天宇,14,7,7,元大-南京,2023-01-17,9862
5291,邑昇,7,0,7,元大-南京,2023-01-17,9862
00751B,元大AAA至A公司債,6,0,6,元大-南京,2023-01-17,9862
1519,華城,16,10,6,元大-南京,2023-01-17,9862
4979,華星光,10,4,6,元大-南京,2023-01-17,9862
00632R,元大台灣50反1,177,5,172,元大-南京,2023-01-30,9862
1336,台翰,146,1,145,元大-南京,2023-01-30,9862
00671R,富邦NASDAQ反1,70,0,70,元大-南京,2023-01-30,9862
2609,陽明,74,15,59,元大-南京,2023-01-30,9862
2204,中華,55,9,46,元大-南京,2023-01-30,9862
1909,榮成,40,1,39,元大-南京,2023-01-30,9862
2380,虹光,37,0,37,元大-南京,2023-01-30,9862
2891,中信金,37,4,33,元大-南京,2023-01-30,9862
1513,中興電,40,8,32,元大-南京,2023-01-30,9862
00637L,元大滬深300正2,45,14,31,元大-南京,2023-01-30,9862
00664R,國泰臺灣加權反1,24,0,24,元大-南京,2023-01-30,9862
00715L,期街口布蘭特正2,29,7,22,元大-南京,2023-01-30,9862
3207,耀勝,57,35,22,元大-南京,2023-01-30,9862
00713,元大台灣高息低波,21,0,21,元大-南京,2023-01-30,9862
1762,中化生,22,1,21,元大-南京,2023-01-30,9862
8105,凌巨,20,0,20,元大-南京,2023-01-30,9862
6719,力智,22,2,20,元大-南京,2023-01-30,9862
9941,裕融,21,1,20,元大-南京,2023-01-30,9862
2892,第一金,23,4,19,元大-南京,2023-01-30,9862
00720B,元大投資級公司債,18,0,18,元大-南京,2023-01-30,9862
2615,萬海,24,7,17,元大-南京,2023-01-30,9862
3707,漢磊,21,4,17,元大-南京,2023-01-30,9862
4977,眾達-KY,22,7,15,元大-南京,2023-01-30,9862
5258,虹堡,18,3,15,元大-南京,2023-01-30,9862
00885,富邦越南,29,14,15,元大-南京,2023-01-30,9862
5536,聖暉*,15,0,15,元大-南京,2023-01-30,9862
1810,和成,15,0,15,元大-南京,2023-01-30,9862
3037,欣興,33,18,15,元大-南京,2023-01-30,9862
1591,駿吉-KY,23,9,14,元大-南京,2023-01-30,9862
8069,元太,63,49,14,元大-南京,2023-01-30,9862
8210,勤誠,13,1,12,元大-南京,2023-01-30,9862
8261,富鼎,14,2,12,元大-南京,2023-01-30,9862
00733,富邦臺灣中小,12,0,12,元大-南京,2023-01-30,9862
1802,台玻,12,0,12,元大-南京,2023-01-30,9862
2603,長榮,12,0,12,元大-南京,2023-01-30,9862
00878,國泰永續高股息,48,36,12,元大-南京,2023-01-30,9862
6223,旺矽,12,1,11,元大-南京,2023-01-30,9862
9945,潤泰新,16,5,11,元大-南京,2023-01-30,9862
2867,三商壽,10,0,10,元大-南京,2023-01-30,9862
5284,jpp-KY,10,0,10,元大-南京,2023-01-30,9862
4102,永日,10,0,10,元大-南京,2023-01-30,9862
00676R,富邦臺灣加權反1,10,0,10,元大-南京,2023-01-30,9862
3592,瑞鼎,10,0,10,元大-南京,2023-01-30,9862
8289,泰藝,10,0,10,元大-南京,2023-01-30,9862
5608,四維航,9,0,9,元大-南京,2023-01-30,9862
2009,第一銅,12,3,9,元大-南京,2023-01-30,9862
6788,華景電,10,2,8,元大-南京,2023-01-30,9862
2637,慧洋-KY,8,0,8,元大-南京,2023-01-30,9862
4123,晟德,13,5,8,元大-南京,2023-01-30,9862
8110,華東,9,1,8,元大-南京,2023-01-30,9862
5483,中美晶,202,3,199,元大-南京,2023-01-31,9862
1336,台翰,190,3,187,元大-南京,2023-01-31,9862
00905,FT臺灣Smart,151,7,144,元大-南京,2023-01-31,9862
2303,聯電,261,124,137,元大-南京,2023-01-31,9862
00904,新光臺灣半導體30,100,0,100,元大-南京,2023-01-31,9862
1909,榮成,110,11,99,元大-南京,2023-01-31,9862
1442,名軒,91,15,76,元大-南京,2023-01-31,9862
2010,春源,70,0,70,元大-南京,2023-01-31,9862
8033,雷虎,68,0,68,元大-南京,2023-01-31,9862
6139,亞翔,74,6,68,元大-南京,2023-01-31,9862
00878,國泰永續高股息,60,2,58,元大-南京,2023-01-31,9862
4977,眾達-KY,52,1,51,元大-南京,2023-01-31,9862
2014,中鴻,55,4,51,元大-南京,2023-01-31,9862
00637L,元大滬深300正2,52,1,51,元大-南京,2023-01-31,9862
00720B,元大投資級公司債,45,0,45,元大-南京,2023-01-31,9862
2892,第一金,41,2,39,元大-南京,2023-01-31,9862
4128,中天,38,3,35,元大-南京,2023-01-31,9862
1417,嘉裕,34,0,34,元大-南京,2023-01-31,9862
6282,康舒,138,107,31,元大-南京,2023-01-31,9862
00633L,富邦上証正2,33,5,28,元大-南京,2023-01-31,9862
6443,元晶,52,25,27,元大-南京,2023-01-31,9862
3027,盛達,36,9,27,元大-南京,2023-01-31,9862
2308,台達電,25,0,25,元大-南京,2023-01-31,9862
4904,遠傳,24,0,24,元大-南京,2023-01-31,9862
2884,玉山金,24,0,24,元大-南京,2023-01-31,9862
4979,華星光,31,11,20,元大-南京,2023-01-31,9862
1526,日馳,20,0,20,元大-南京,2023-01-31,9862
2204,中華,21,1,20,元大-南京,2023-01-31,9862
1760,寶齡富錦,20,0,20,元大-南京,2023-01-31,9862
00673R,期元大S＆P原油反1,20,0,20,元大-南京,2023-01-31,9862
0050,元大台灣50,21,2,19,元大-南京,2023-01-31,9862
00895,富邦未來車,20,1,19,元大-南京,2023-01-31,9862
2353,宏��,22,3,19,元大-南京,2023-01-31,9862
5425,台半,37,18,19,元大-南京,2023-01-31,9862
2885,元大金,17,0,17,元大-南京,2023-01-31,9862
1514,亞力,20,3,17,元大-南京,2023-01-31,9862
2330,台積電,42,26,16,元大-南京,2023-01-31,9862
2887,台新金,17,2,15,元大-南京,2023-01-31,9862
2886,兆豐金,15,2,13,元大-南京,2023-01-31,9862
3045,台灣大,12,0,12,元大-南京,2023-01-31,9862
2890,永豐金,16,5,11,元大-南京,2023-01-31,9862
00891,中信關鍵半導體,14,3,11,元大-南京,2023-01-31,9862
3447,展達,11,0,11,元大-南京,2023-01-31,9862
4167,松瑞藥,11,0,11,元大-南京,2023-01-31,9862
1609,大亞,31,20,11,元大-南京,2023-01-31,9862
4155,訊映,11,0,11,元大-南京,2023-01-31,9862
1440,南紡,10,0,10,元大-南京,2023-01-31,9862
5439,高技,10,0,10,元大-南京,2023-01-31,9862
00713,元大台灣高息低波,10,0,10,元大-南京,2023-01-31,9862
1524,耿鼎,10,0,10,元大-南京,2023-01-31,9862
00885,富邦越南,300,5,295,元大-南京,2023-02-01,9862
00878,國泰永續高股息,129,12,117,元大-南京,2023-02-01,9862
2312,金寶,101,0,101,元大-南京,2023-02-01,9862
3162,精確,97,16,81,元大-南京,2023-02-01,9862
2634,漢翔,83,4,79,元大-南京,2023-02-01,9862
2727,王品,80,4,76,元大-南京,2023-02-01,9862
6104,創惟,64,3,61,元大-南京,2023-02-01,9862
1336,台翰,62,6,56,元大-南京,2023-02-01,9862
00676R,富邦臺灣加權反1,50,0,50,元大-南京,2023-02-01,9862
2332,友訊,50,0,50,元大-南京,2023-02-01,9862
00637L,元大滬深300正2,47,1,46,元大-南京,2023-02-01,9862
3037,欣興,58,20,38,元大-南京,2023-02-01,9862
2906,高林,39,6,33,元大-南京,2023-02-01,9862
3019,亞光,31,2,29,元大-南京,2023-02-01,9862
00633L,富邦上証正2,34,5,29,元大-南京,2023-02-01,9862
1813,寶利徠,28,0,28,元大-南京,2023-02-01,9862
2883,凱基金,23,0,23,元大-南京,2023-02-01,9862
00671R,富邦NASDAQ反1,22,0,22,元大-南京,2023-02-01,9862
2610,華航,31,10,21,元大-南京,2023-02-01,9862
5351,鈺創,23,3,20,元大-南京,2023-02-01,9862
2204,中華,20,0,20,元大-南京,2023-02-01,9862
2380,虹光,20,0,20,元大-南京,2023-02-01,9862
1215,卜蜂,17,0,17,元大-南京,2023-02-01,9862
00665L,富邦�琤肭磪囓�2,17,0,17,元大-南京,2023-02-01,9862
2412,中華電,16,0,16,元大-南京,2023-02-01,9862
3105,穩懋,21,5,16,元大-南京,2023-02-01,9862
8289,泰藝,30,14,16,元大-南京,2023-02-01,9862
6550,北極星藥業-KY,18,2,16,元大-南京,2023-02-01,9862
3533,嘉澤,21,6,15,元大-南京,2023-02-01,9862
8038,長園科,16,1,15,元大-南京,2023-02-01,9862
2892,第一金,15,0,15,元大-南京,2023-02-01,9862
2002,中鋼,16,1,15,元大-南京,2023-02-01,9862
2317,鴻海,43,28,15,元大-南京,2023-02-01,9862
1301,台塑,14,0,14,元大-南京,2023-02-01,9862
2536,宏普,14,0,14,元大-南京,2023-02-01,9862
4919,新唐,29,17,12,元大-南京,2023-02-01,9862
8299,群聯,14,2,12,元大-南京,2023-02-01,9862
4906,正文,12,0,12,元大-南京,2023-02-01,9862
6197,佳必琪,11,0,11,元大-南京,2023-02-01,9862
00655L,國泰中國A50正2,11,0,11,元大-南京,2023-02-01,9862
2449,京元電子,21,10,11,元大-南京,2023-02-01,9862
2890,永豐金,11,0,11,元大-南京,2023-02-01,9862
2009,第一銅,32,22,10,元大-南京,2023-02-01,9862
6244,茂迪,16,6,10,元大-南京,2023-02-01,9862
2388,威盛,14,4,10,元大-南京,2023-02-01,9862
3016,嘉晶,10,0,10,元大-南京,2023-02-01,9862
00701,國泰股利精選30,10,0,10,元大-南京,2023-02-01,9862
2515,中工,10,0,10,元大-南京,2023-02-01,9862
00905,FT臺灣Smart,10,0,10,元大-南京,2023-02-01,9862
2230,泰茂,14,4,10,元大-南京,2023-02-01,9862
00878,國泰永續高股息,507,13,494,元大-南京,2023-02-02,9862
2610,華航,668,330,338,元大-南京,2023-02-02,9862
2618,長榮航,555,262,293,元大-南京,2023-02-02,9862
2603,長榮,397,210,187,元大-南京,2023-02-02,9862
3006,晶豪科,183,10,173,元大-南京,2023-02-02,9862
00680L,元大美債20正2,111,9,102,元大-南京,2023-02-02,9862
3207,耀勝,102,1,101,元大-南京,2023-02-02,9862
6443,元晶,141,49,92,元大-南京,2023-02-02,9862
3141,晶宏,73,2,71,元大-南京,2023-02-02,9862
1442,名軒,69,0,69,元大-南京,2023-02-02,9862
3704,合勤控,84,21,63,元大-南京,2023-02-02,9862
3665,貿聯-KY,59,6,53,元大-南京,2023-02-02,9862
3019,亞光,103,51,52,元大-南京,2023-02-02,9862
6282,康舒,175,127,48,元大-南京,2023-02-02,9862
6284,佳邦,49,3,46,元大-南京,2023-02-02,9862
3162,精確,67,22,45,元大-南京,2023-02-02,9862
00679B,元大美債20年,172,130,42,元大-南京,2023-02-02,9862
2891,中信金,37,2,35,元大-南京,2023-02-02,9862
00637L,元大滬深300正2,34,0,34,元大-南京,2023-02-02,9862
5351,鈺創,44,15,29,元大-南京,2023-02-02,9862
3312,弘憶股,28,0,28,元大-南京,2023-02-02,9862
00772B,中信高評級公司債,27,0,27,元大-南京,2023-02-02,9862
3081,聯亞,26,0,26,元大-南京,2023-02-02,9862
00885,富邦越南,28,3,25,元大-南京,2023-02-02,9862
2888,新光金,26,1,25,元大-南京,2023-02-02,9862
3444,利機,25,0,25,元大-南京,2023-02-02,9862
00633L,富邦上証正2,42,18,24,元大-南京,2023-02-02,9862
2455,全新,23,0,23,元大-南京,2023-02-02,9862
2201,裕隆,62,40,22,元大-南京,2023-02-02,9862
6442,光聖,22,0,22,元大-南京,2023-02-02,9862
4919,新唐,45,23,22,元大-南京,2023-02-02,9862
2884,玉山金,33,12,21,元大-南京,2023-02-02,9862
2369,菱生,21,0,21,元大-南京,2023-02-02,9862
2402,毅嘉,20,0,20,元大-南京,2023-02-02,9862
5469,瀚宇博,20,0,20,元大-南京,2023-02-02,9862
6546,正基,19,0,19,元大-南京,2023-02-02,9862
2368,金像電,23,5,18,元大-南京,2023-02-02,9862
4167,松瑞藥,18,1,17,元大-南京,2023-02-02,9862
1514,亞力,20,3,17,元大-南京,2023-02-02,9862
6109,亞元,24,7,17,元大-南京,2023-02-02,9862
2885,元大金,20,4,16,元大-南京,2023-02-02,9862
1336,台翰,20,4,16,元大-南京,2023-02-02,9862
2317,鴻海,17,2,15,元大-南京,2023-02-02,9862
6116,彩晶,17,2,15,元大-南京,2023-02-02,9862
4743,合一,23,8,15,元大-南京,2023-02-02,9862
00720B,元大投資級公司債,14,0,14,元大-南京,2023-02-02,9862
6859,伯特光,15,1,14,元大-南京,2023-02-02,9862
00751B,元大AAA至A公司債,13,0,13,元大-南京,2023-02-02,9862
6104,創惟,15,2,13,元大-南京,2023-02-02,9862
00683L,期元大美元指正2,13,0,13,元大-南京,2023-02-02,9862
2610,華航,425,1,424,元大-南京,2023-02-03,9862
00676R,富邦臺灣加權反1,350,10,340,元大-南京,2023-02-03,9862
00680L,元大美債20正2,215,0,215,元大-南京,2023-02-03,9862
00632R,元大台灣50反1,193,1,192,元大-南京,2023-02-03,9862
1591,駿吉-KY,106,0,106,元大-南京,2023-02-03,9862
2881,富邦金,133,29,104,元大-南京,2023-02-03,9862
00633L,富邦上証正2,103,5,98,元大-南京,2023-02-03,9862
1524,耿鼎,98,6,92,元大-南京,2023-02-03,9862
6443,元晶,71,4,67,元大-南京,2023-02-03,9862
2482,連宇,127,70,57,元大-南京,2023-02-03,9862
5285,界霖,50,0,50,元大-南京,2023-02-03,9862
00674R,期元大S＆P黃金反1,50,0,50,元大-南京,2023-02-03,9862
00753L,中信中國50正2,68,20,48,元大-南京,2023-02-03,9862
00679B,元大美債20年,46,0,46,元大-南京,2023-02-03,9862
00637L,元大滬深300正2,75,30,45,元大-南京,2023-02-03,9862
4919,新唐,48,3,45,元大-南京,2023-02-03,9862
3444,利機,40,1,39,元大-南京,2023-02-03,9862
00671R,富邦NASDAQ反1,38,0,38,元大-南京,2023-02-03,9862
5425,台半,45,7,38,元大-南京,2023-02-03,9862
6691,洋基工程,31,0,31,元大-南京,2023-02-03,9862
1218,泰山,31,0,31,元大-南京,2023-02-03,9862
2603,長榮,146,117,29,元大-南京,2023-02-03,9862
2317,鴻海,29,1,28,元大-南京,2023-02-03,9862
2882,國泰金,37,10,27,元大-南京,2023-02-03,9862
00918,大華優利高填息30,28,1,27,元大-南京,2023-02-03,9862
2888,新光金,26,0,26,元大-南京,2023-02-03,9862
6282,康舒,145,119,26,元大-南京,2023-02-03,9862
2303,聯電,102,77,25,元大-南京,2023-02-03,9862
3128,昇銳,47,25,22,元大-南京,2023-02-03,9862
1326,台化,21,0,21,元大-南京,2023-02-03,9862
3380,明泰,20,0,20,元大-南京,2023-02-03,9862
1402,遠東新,20,0,20,元大-南京,2023-02-03,9862
6535,順藥,20,0,20,元大-南京,2023-02-03,9862
2441,超豐,20,2,18,元大-南京,2023-02-03,9862
3036,文曄,18,1,17,元大-南京,2023-02-03,9862
2204,中華,16,0,16,元大-南京,2023-02-03,9862
6806,森崴能源,21,6,15,元大-南京,2023-02-03,9862
4433,興采,14,0,14,元大-南京,2023-02-03,9862
6109,亞元,13,0,13,元大-南京,2023-02-03,9862
6104,創惟,37,25,12,元大-南京,2023-02-03,9862
5439,高技,12,0,12,元大-南京,2023-02-03,9862
2230,泰茂,16,4,12,元大-南京,2023-02-03,9862
1560,中砂,14,2,12,元大-南京,2023-02-03,9862
4142,國光生,12,0,12,元大-南京,2023-02-03,9862
2231,為升,11,0,11,元大-南京,2023-02-03,9862
4968,立積,11,0,11,元大-南京,2023-02-03,9862
2201,裕隆,21,11,10,元大-南京,2023-02-03,9862
00642U,期元大S＆P石油,10,0,10,元大-南京,2023-02-03,9862
2801,彰銀,10,0,10,元大-南京,2023-02-03,9862
2404,漢唐,10,0,10,元大-南京,2023-02-03,9862
5285,界霖,100,0,100,元大-南京,2023-02-06,9862
2603,長榮,185,111,74,元大-南京,2023-02-06,9862
00637L,元大滬深300正2,72,3,69,元大-南京,2023-02-06,9862
00878,國泰永續高股息,66,5,61,元大-南京,2023-02-06,9862
2903,遠百,60,0,60,元大-南京,2023-02-06,9862
3710,連展投控,60,0,60,元大-南京,2023-02-06,9862
2609,陽明,54,11,43,元大-南京,2023-02-06,9862
9958,世紀鋼,42,0,42,元大-南京,2023-02-06,9862
3444,利機,51,11,40,元大-南京,2023-02-06,9862
2204,中華,35,0,35,元大-南京,2023-02-06,9862
2884,玉山金,36,3,33,元大-南京,2023-02-06,9862
00918,大華優利高填息30,31,0,31,元大-南京,2023-02-06,9862
2886,兆豐金,32,1,31,元大-南京,2023-02-06,9862
3047,訊舟,30,0,30,元大-南京,2023-02-06,9862
2482,連宇,114,84,30,元大-南京,2023-02-06,9862
3006,晶豪科,31,4,27,元大-南京,2023-02-06,9862
00715L,期街口布蘭特正2,26,0,26,元大-南京,2023-02-06,9862
4763,材料-KY,46,20,26,元大-南京,2023-02-06,9862
3264,欣銓,29,4,25,元大-南京,2023-02-06,9862
00882,中信中國高股息,25,1,24,元大-南京,2023-02-06,9862
5351,鈺創,65,41,24,元大-南京,2023-02-06,9862
0056,元大高股息,25,4,21,元大-南京,2023-02-06,9862
00720B,元大投資級公司債,21,0,21,元大-南京,2023-02-06,9862
6550,北極星藥業-KY,22,1,21,元大-南京,2023-02-06,9862
4123,晟德,27,6,21,元大-南京,2023-02-06,9862
2324,仁寶,36,15,21,元大-南京,2023-02-06,9862
1326,台化,21,0,21,元大-南京,2023-02-06,9862
2845,遠東銀,20,1,19,元大-南京,2023-02-06,9862
1783,和康生,43,25,18,元大-南京,2023-02-06,9862
1402,遠東新,20,3,17,元大-南京,2023-02-06,9862
1718,中纖,17,0,17,元大-南京,2023-02-06,9862
1336,台翰,71,54,17,元大-南京,2023-02-06,9862
4167,松瑞藥,18,3,15,元大-南京,2023-02-06,9862
2014,中鴻,15,0,15,元大-南京,2023-02-06,9862
2748,雲品,29,14,15,元大-南京,2023-02-06,9862
00632R,元大台灣50反1,28,14,14,元大-南京,2023-02-06,9862
6546,正基,21,7,14,元大-南京,2023-02-06,9862
2329,華泰,14,0,14,元大-南京,2023-02-06,9862
00642U,期元大S＆P石油,14,0,14,元大-南京,2023-02-06,9862
8054,安國,14,0,14,元大-南京,2023-02-06,9862
1513,中興電,14,1,13,元大-南京,2023-02-06,9862
00653L,富邦印度正2,25,12,13,元大-南京,2023-02-06,9862
3027,盛達,13,0,13,元大-南京,2023-02-06,9862
6235,華孚,123,111,12,元大-南京,2023-02-06,9862
4102,永日,13,1,12,元大-南京,2023-02-06,9862
6541,泰福-KY,12,0,12,元大-南京,2023-02-06,9862
00891,中信關鍵半導體,11,0,11,元大-南京,2023-02-06,9862
00905,FT臺灣Smart,11,0,11,元大-南京,2023-02-06,9862
1434,福懋,11,0,11,元大-南京,2023-02-06,9862
3162,精確,11,0,11,元大-南京,2023-02-06,9862
2330,台積電,136,6,130,元大-南京,2023-02-07,9862
00671R,富邦NASDAQ反1,100,15,85,元大-南京,2023-02-07,9862
3047,訊舟,71,0,71,元大-南京,2023-02-07,9862
1455,集盛,50,0,50,元大-南京,2023-02-07,9862
00642U,期元大S＆P石油,55,11,44,元大-南京,2023-02-07,9862
2317,鴻海,56,13,43,元大-南京,2023-02-07,9862
4763,材料-KY,65,23,42,元大-南京,2023-02-07,9862
2610,華航,115,74,41,元大-南京,2023-02-07,9862
6109,亞元,43,2,41,元大-南京,2023-02-07,9862
6217,中探針,39,1,38,元大-南京,2023-02-07,9862
6129,普誠,27,0,27,元大-南京,2023-02-07,9862
2880,華南金,27,0,27,元大-南京,2023-02-07,9862
1760,寶齡富錦,43,17,26,元大-南京,2023-02-07,9862
2887,台新金,24,0,24,元大-南京,2023-02-07,9862
3006,晶豪科,23,0,23,元大-南京,2023-02-07,9862
00780B,國泰A級金融債,23,0,23,元大-南京,2023-02-07,9862
2344,華邦電,19,0,19,元大-南京,2023-02-07,9862
00715L,期街口布蘭特正2,23,4,19,元大-南京,2023-02-07,9862
6546,正基,20,2,18,元大-南京,2023-02-07,9862
2498,宏達電,26,9,17,元大-南京,2023-02-07,9862
6116,彩晶,17,0,17,元大-南京,2023-02-07,9862
00720B,元大投資級公司債,17,0,17,元大-南京,2023-02-07,9862
6282,康舒,43,26,17,元大-南京,2023-02-07,9862
3088,艾訊,15,0,15,元大-南京,2023-02-07,9862
2402,毅嘉,15,0,15,元大-南京,2023-02-07,9862
2884,玉山金,18,4,14,元大-南京,2023-02-07,9862
2201,裕隆,28,14,14,元大-南京,2023-02-07,9862
6770,力積電,14,0,14,元大-南京,2023-02-07,9862
4746,台耀,15,1,14,元大-南京,2023-02-07,9862
0056,元大高股息,19,6,13,元大-南京,2023-02-07,9862
3356,奇偶,32,19,13,元大-南京,2023-02-07,9862
2906,高林,13,0,13,元大-南京,2023-02-07,9862
6005,群益證,13,0,13,元大-南京,2023-02-07,9862
5388,中磊,13,0,13,元大-南京,2023-02-07,9862
2388,威盛,14,2,12,元大-南京,2023-02-07,9862
1586,和勤,12,0,12,元大-南京,2023-02-07,9862
5464,霖宏,12,0,12,元大-南京,2023-02-07,9862
3466,德晉,12,0,12,元大-南京,2023-02-07,9862
2891,中信金,12,1,11,元大-南京,2023-02-07,9862
5536,聖暉*,11,0,11,元大-南京,2023-02-07,9862
1795,美時,31,21,10,元大-南京,2023-02-07,9862
6603,富強鑫,10,0,10,元大-南京,2023-02-07,9862
2105,正新,10,0,10,元大-南京,2023-02-07,9862
6535,順藥,10,0,10,元大-南京,2023-02-07,9862
1434,福懋,10,0,10,元大-南京,2023-02-07,9862
2634,漢翔,10,0,10,元大-南京,2023-02-07,9862
00725B,國泰投資級公司債,10,0,10,元大-南京,2023-02-07,9862
4513,福裕,10,0,10,元大-南京,2023-02-07,9862
1526,日馳,10,0,10,元大-南京,2023-02-07,9862
6279,胡連,10,0,10,元大-南京,2023-02-07,9862
00632R,元大台灣50反1,140,5,135,元大-南京,2023-02-08,9862
3047,訊舟,100,0,100,元大-南京,2023-02-08,9862
3037,欣興,81,6,75,元大-南京,2023-02-08,9862
00633L,富邦上証正2,71,5,66,元大-南京,2023-02-08,9862
00885,富邦越南,67,5,62,元大-南京,2023-02-08,9862
2201,裕隆,63,4,59,元大-南京,2023-02-08,9862
3207,耀勝,57,3,54,元大-南京,2023-02-08,9862
3162,精確,81,28,53,元大-南京,2023-02-08,9862
2903,遠百,50,0,50,元大-南京,2023-02-08,9862
1591,駿吉-KY,40,0,40,元大-南京,2023-02-08,9862
3046,建��,105,65,40,元大-南京,2023-02-08,9862
2888,新光金,39,0,39,元大-南京,2023-02-08,9862
2367,燿華,44,5,39,元大-南京,2023-02-08,9862
6129,普誠,41,5,36,元大-南京,2023-02-08,9862
00642U,期元大S＆P石油,40,7,33,元大-南京,2023-02-08,9862
6589,台康生技,59,27,32,元大-南京,2023-02-08,9862
1442,名軒,31,0,31,元大-南京,2023-02-08,9862
3310,佳穎,30,0,30,元大-南京,2023-02-08,9862
1605,華新,52,22,30,元大-南京,2023-02-08,9862
2317,鴻海,46,17,29,元大-南京,2023-02-08,9862
4979,華星光,47,19,28,元大-南京,2023-02-08,9862
5425,台半,31,7,24,元大-南京,2023-02-08,9862
1402,遠東新,24,0,24,元大-南京,2023-02-08,9862
2748,雲品,34,11,23,元大-南京,2023-02-08,9862
6443,元晶,24,1,23,元大-南京,2023-02-08,9862
4114,健喬,81,59,22,元大-南京,2023-02-08,9862
00665L,富邦�琤肭磪囓�2,21,0,21,元大-南京,2023-02-08,9862
5483,中美晶,21,0,21,元大-南京,2023-02-08,9862
9934,成霖,20,1,19,元大-南京,2023-02-08,9862
6510,精測,18,0,18,元大-南京,2023-02-08,9862
3035,智原,42,24,18,元大-南京,2023-02-08,9862
2615,萬海,19,2,17,元大-南京,2023-02-08,9862
3356,奇偶,34,17,17,元大-南京,2023-02-08,9862
1752,南光,17,0,17,元大-南京,2023-02-08,9862
4960,誠美材,16,0,16,元大-南京,2023-02-08,9862
00715L,期街口布蘭特正2,18,2,16,元大-南京,2023-02-08,9862
8069,元太,21,5,16,元大-南京,2023-02-08,9862
5351,鈺創,45,30,15,元大-南京,2023-02-08,9862
2312,金寶,15,0,15,元大-南京,2023-02-08,9862
00637L,元大滬深300正2,26,11,15,元大-南京,2023-02-08,9862
6138,茂達,17,2,15,元大-南京,2023-02-08,9862
2344,華邦電,75,61,14,元大-南京,2023-02-08,9862
2884,玉山金,14,0,14,元大-南京,2023-02-08,9862
2892,第一金,13,0,13,元大-南京,2023-02-08,9862
1909,榮成,15,2,13,元大-南京,2023-02-08,9862
00720B,元大投資級公司債,13,0,13,元大-南京,2023-02-08,9862
00882,中信中國高股息,12,0,12,元大-南京,2023-02-08,9862
8420,明揚,12,0,12,元大-南京,2023-02-08,9862
2610,華航,13,2,11,元大-南京,2023-02-08,9862
8171,天宇,30,19,11,元大-南京,2023-02-08,9862
00632R,元大台灣50反1,146,0,146,元大-南京,2023-02-09,9862
3162,精確,94,1,93,元大-南京,2023-02-09,9862
2603,長榮,187,102,85,元大-南京,2023-02-09,9862
1402,遠東新,78,0,78,元大-南京,2023-02-09,9862
2897,王道銀行,60,0,60,元大-南京,2023-02-09,9862
2748,雲品,50,2,48,元大-南京,2023-02-09,9862
3706,神達,47,0,47,元大-南京,2023-02-09,9862
5425,台半,84,43,41,元大-南京,2023-02-09,9862
4167,松瑞藥,40,0,40,元大-南京,2023-02-09,9862
8261,富鼎,40,3,37,元大-南京,2023-02-09,9862
00720B,元大投資級公司債,35,0,35,元大-南京,2023-02-09,9862
5439,高技,35,0,35,元大-南京,2023-02-09,9862
3207,耀勝,39,4,35,元大-南京,2023-02-09,9862
5351,鈺創,60,25,35,元大-南京,2023-02-09,9862
3444,利機,33,1,32,元大-南京,2023-02-09,9862
2028,威致,30,0,30,元大-南京,2023-02-09,9862
1810,和成,32,2,30,元大-南京,2023-02-09,9862
00878,國泰永續高股息,24,0,24,元大-南京,2023-02-09,9862
3017,奇鋐,27,3,24,元大-南京,2023-02-09,9862
2883,凱基金,23,0,23,元大-南京,2023-02-09,9862
2009,第一銅,23,1,22,元大-南京,2023-02-09,9862
2344,華邦電,30,8,22,元大-南京,2023-02-09,9862
5469,瀚宇博,20,0,20,元大-南京,2023-02-09,9862
00753L,中信中國50正2,20,0,20,元大-南京,2023-02-09,9862
2801,彰銀,20,0,20,元大-南京,2023-02-09,9862
2727,王品,24,4,20,元大-南京,2023-02-09,9862
6109,亞元,20,0,20,元大-南京,2023-02-09,9862
6235,華孚,258,238,20,元大-南京,2023-02-09,9862
3231,緯創,26,7,19,元大-南京,2023-02-09,9862
8227,巨有科技,19,2,17,元大-南京,2023-02-09,9862
2425,承啟,21,4,17,元大-南京,2023-02-09,9862
6531,愛普*,32,15,17,元大-南京,2023-02-09,9862
3088,艾訊,16,0,16,元大-南京,2023-02-09,9862
1519,華城,17,1,16,元大-南京,2023-02-09,9862
4966,譜瑞-KY,18,3,15,元大-南京,2023-02-09,9862
6550,北極星藥業-KY,21,6,15,元大-南京,2023-02-09,9862
2834,臺企銀,15,1,14,元大-南京,2023-02-09,9862
1795,美時,26,12,14,元大-南京,2023-02-09,9862
0056,元大高股息,18,6,12,元大-南京,2023-02-09,9862
5309,系統電,18,5,13,元大-南京,2023-02-09,9862
2359,所羅門,22,10,12,元大-南京,2023-02-09,9862
4967,十銓,12,0,12,元大-南京,2023-02-09,9862
2610,華航,15,3,12,元大-南京,2023-02-09,9862
3037,欣興,17,6,11,元大-南京,2023-02-09,9862
00918,大華優利高填息30,11,0,11,元大-南京,2023-02-09,9862
3708,上緯投控,11,0,11,元大-南京,2023-02-09,9862
1513,中興電,31,21,10,元大-南京,2023-02-09,9862
6589,台康生技,15,5,10,元大-南京,2023-02-09,9862
2369,菱生,10,0,10,元大-南京,2023-02-09,9862
9917,中保科,10,0,10,元大-南京,2023-02-09,9862
00878,國泰永續高股息,201,0,201,元大-南京,2023-02-10,9862
2409,友達,135,4,131,元大-南京,2023-02-10,9862
4167,松瑞藥,128,17,111,元大-南京,2023-02-10,9862
3481,群創,107,22,85,元大-南京,2023-02-10,9862
00637L,元大滬深300正2,50,0,50,元大-南京,2023-02-10,9862
4533,協易機,50,0,50,元大-南京,2023-02-10,9862
2603,長榮,56,6,50,元大-南京,2023-02-10,9862
1760,寶齡富錦,60,14,46,元大-南京,2023-02-10,9862
00671R,富邦NASDAQ反1,38,0,38,元大-南京,2023-02-10,9862
8289,泰藝,37,0,37,元大-南京,2023-02-10,9862
3356,奇偶,38,4,34,元大-南京,2023-02-10,9862
1342,八貫,52,19,33,元大-南京,2023-02-10,9862
5351,鈺創,63,31,32,元大-南京,2023-02-10,9862
2357,華碩,31,0,31,元大-南京,2023-02-10,9862
2888,新光金,31,2,29,元大-南京,2023-02-10,9862
1336,台翰,27,0,27,元大-南京,2023-02-10,9862
3037,欣興,29,4,25,元大-南京,2023-02-10,9862
00893,國泰智能電動車,34,9,25,元大-南京,2023-02-10,9862
6282,康舒,119,95,24,元大-南京,2023-02-10,9862
3027,盛達,25,2,23,元大-南京,2023-02-10,9862
3624,光頡,47,25,22,元大-南京,2023-02-10,9862
6231,系微,21,0,21,元大-南京,2023-02-10,9862
3444,利機,21,0,21,元大-南京,2023-02-10,9862
3479,安勤,22,1,21,元大-南京,2023-02-10,9862
8227,巨有科技,26,7,19,元大-南京,2023-02-10,9862
00891,中信關鍵半導體,19,0,19,元大-南京,2023-02-10,9862
2748,雲品,22,4,18,元大-南京,2023-02-10,9862
00679B,元大美債20年,19,2,17,元大-南京,2023-02-10,9862
2002,中鋼,18,1,17,元大-南京,2023-02-10,9862
6269,台郡,17,0,17,元大-南京,2023-02-10,9862
2344,華邦電,18,3,15,元大-南京,2023-02-10,9862
00882,中信中國高股息,14,0,14,元大-南京,2023-02-10,9862
2498,宏達電,19,5,14,元大-南京,2023-02-10,9862
2392,正崴,21,7,14,元大-南京,2023-02-10,9862
00680L,元大美債20正2,14,0,14,元大-南京,2023-02-10,9862
9945,潤泰新,13,0,13,元大-南京,2023-02-10,9862
4915,致伸,17,4,13,元大-南京,2023-02-10,9862
00720B,元大投資級公司債,12,0,12,元大-南京,2023-02-10,9862
3447,展達,12,0,12,元大-南京,2023-02-10,9862
5227,立凱-KY,11,0,11,元大-南京,2023-02-10,9862
6547,高端疫苗,18,7,11,元大-南京,2023-02-10,9862
1326,台化,12,1,11,元大-南京,2023-02-10,9862
00885,富邦越南,11,0,11,元大-南京,2023-02-10,9862
3046,建��,17,6,11,元大-南京,2023-02-10,9862
6415,矽力*-KY,10,0,10,元大-南京,2023-02-10,9862
6576,逸達,10,0,10,元大-南京,2023-02-10,9862
00673R,期元大S＆P原油反1,10,0,10,元大-南京,2023-02-10,9862
6605,帝寶,10,0,10,元大-南京,2023-02-10,9862
2029,盛餘,10,0,10,元大-南京,2023-02-10,9862
2109,華豐,10,0,10,元大-南京,2023-02-10,9862
2330,台積電,123,8,115,元大-南京,2023-02-13,9862
3481,群創,105,2,103,元大-南京,2023-02-13,9862
2603,長榮,125,24,101,元大-南京,2023-02-13,9862
6235,華孚,90,12,78,元大-南京,2023-02-13,9862
00637L,元大滬深300正2,103,42,61,元大-南京,2023-02-13,9862
00772B,中信高評級公司債,55,0,55,元大-南京,2023-02-13,9862
2409,友達,56,3,53,元大-南京,2023-02-13,9862
1314,中石化,50,0,50,元大-南京,2023-02-13,9862
2801,彰銀,40,0,40,元大-南京,2023-02-13,9862
4763,材料-KY,47,11,36,元大-南京,2023-02-13,9862
4915,致伸,32,4,28,元大-南京,2023-02-13,9862
4114,健喬,83,57,26,元大-南京,2023-02-13,9862
1336,台翰,30,4,26,元大-南京,2023-02-13,9862
1513,中興電,29,3,26,元大-南京,2023-02-13,9862
2618,長榮航,29,3,26,元大-南京,2023-02-13,9862
2888,新光金,32,10,22,元大-南京,2023-02-13,9862
00780B,國泰A級金融債,22,0,22,元大-南京,2023-02-13,9862
3310,佳穎,21,0,21,元大-南京,2023-02-13,9862
2748,雲品,22,4,18,元大-南京,2023-02-13,9862
3624,光頡,22,4,18,元大-南京,2023-02-13,9862
8349,�矬�,20,2,18,元大-南京,2023-02-13,9862
3704,合勤控,26,10,16,元大-南京,2023-02-13,9862
00720B,元大投資級公司債,25,9,16,元大-南京,2023-02-13,9862
00878,國泰永續高股息,64,48,16,元大-南京,2023-02-13,9862
00679B,元大美債20年,15,0,15,元大-南京,2023-02-13,9862
00885,富邦越南,15,0,15,元大-南京,2023-02-13,9862
5347,世界,15,0,15,元大-南京,2023-02-13,9862
6806,森崴能源,47,32,15,元大-南京,2023-02-13,9862
4967,十銓,27,12,15,元大-南京,2023-02-13,9862
6282,康舒,24,10,14,元大-南京,2023-02-13,9862
00680L,元大美債20正2,14,0,14,元大-南京,2023-02-13,9862
1447,力鵬,13,0,13,元大-南京,2023-02-13,9862
6288,聯嘉,28,15,13,元大-南京,2023-02-13,9862
3515,華擎,19,7,12,元大-南京,2023-02-13,9862
2634,漢翔,23,11,12,元大-南京,2023-02-13,9862
1342,八貫,12,1,11,元大-南京,2023-02-13,9862
00673R,期元大S＆P原油反1,11,0,11,元大-南京,2023-02-13,9862
2641,正德,11,0,11,元大-南京,2023-02-13,9862
1519,華城,15,4,11,元大-南京,2023-02-13,9862
5439,高技,11,0,11,元大-南京,2023-02-13,9862
00713,元大台灣高息低波,13,3,10,元大-南京,2023-02-13,9862
2359,所羅門,10,0,10,元大-南京,2023-02-13,9862
3438,類比科,10,0,10,元大-南京,2023-02-13,9862
2393,億光,10,0,10,元大-南京,2023-02-13,9862
4167,松瑞藥,10,0,10,元大-南京,2023-02-13,9862
9934,成霖,10,0,10,元大-南京,2023-02-13,9862
00650L,復華香港正2,10,0,10,元大-南京,2023-02-13,9862
2485,兆赫,10,0,10,元大-南京,2023-02-13,9862
3035,智原,12,2,10,元大-南京,2023-02-13,9862
2882,國泰金,14,4,10,元大-南京,2023-02-13,9862
2801,彰銀,240,0,240,元大-南京,2023-02-14,9862
1605,華新,149,25,124,元大-南京,2023-02-14,9862
00632R,元大台灣50反1,120,8,112,元大-南京,2023-02-14,9862
1513,中興電,67,9,58,元大-南京,2023-02-14,9862
2880,華南金,58,1,57,元大-南京,2023-02-14,9862
00878,國泰永續高股息,100,43,57,元大-南京,2023-02-14,9862
4114,健喬,69,17,52,元大-南京,2023-02-14,9862
2701,萬企,51,0,51,元大-南京,2023-02-14,9862
2401,凌陽,50,0,50,元大-南京,2023-02-14,9862
2314,台揚,51,2,49,元大-南京,2023-02-14,9862
2885,元大金,38,0,38,元大-南京,2023-02-14,9862
2009,第一銅,59,22,37,元大-南京,2023-02-14,9862
9927,泰銘,33,0,33,元大-南京,2023-02-14,9862
4503,金雨,34,2,32,元大-南京,2023-02-14,9862
2884,玉山金,35,4,31,元大-南京,2023-02-14,9862
2834,臺企銀,31,3,28,元大-南京,2023-02-14,9862
2883,凱基金,25,0,25,元大-南京,2023-02-14,9862
2453,凌群,178,155,23,元大-南京,2023-02-14,9862
2891,中信金,21,0,21,元大-南京,2023-02-14,9862
2367,燿華,20,0,20,元大-南京,2023-02-14,9862
1810,和成,20,2,18,元大-南京,2023-02-14,9862
00665L,富邦�琤肭磪囓�2,18,0,18,元大-南京,2023-02-14,9862
2706,第一店,17,0,17,元大-南京,2023-02-14,9862
1447,力鵬,16,0,16,元大-南京,2023-02-14,9862
6443,元晶,16,0,16,元大-南京,2023-02-14,9862
1586,和勤,15,0,15,元大-南京,2023-02-14,9862
4123,晟德,15,0,15,元大-南京,2023-02-14,9862
2889,國票金,15,1,14,元大-南京,2023-02-14,9862
00680L,元大美債20正2,14,0,14,元大-南京,2023-02-14,9862
8069,元太,21,7,14,元大-南京,2023-02-14,9862
6412,群電,11,0,11,元大-南京,2023-02-14,9862
00882,中信中國高股息,10,0,10,元大-南京,2023-02-14,9862
8222,寶一,25,15,10,元大-南京,2023-02-14,9862
00885,富邦越南,10,0,10,元大-南京,2023-02-14,9862
2867,三商壽,10,0,10,元大-南京,2023-02-14,9862
4438,廣越,10,0,10,元大-南京,2023-02-14,9862
5439,高技,10,0,10,元大-南京,2023-02-14,9862
1584,精剛,10,0,10,元大-南京,2023-02-14,9862
5011,久陽,10,0,10,元大-南京,2023-02-14,9862
2481,強茂,10,0,10,元大-南京,2023-02-14,9862
2312,金寶,10,0,10,元大-南京,2023-02-14,9862
8050,廣積,9,0,9,元大-南京,2023-02-14,9862
8349,�矬�,10,1,9,元大-南京,2023-02-14,9862
6605,帝寶,13,4,9,元大-南京,2023-02-14,9862
6806,森崴能源,26,17,9,元大-南京,2023-02-14,9862
2727,王品,11,2,9,元大-南京,2023-02-14,9862
8299,群聯,11,2,9,元大-南京,2023-02-14,9862
2353,宏��,12,4,8,元大-南京,2023-02-14,9862
6643,M31,16,8,8,元大-南京,2023-02-14,9862
2375,凱美,10,2,8,元大-南京,2023-02-14,9862
00878,國泰永續高股息,126,29,97,元大-南京,2023-02-15,9862
00673R,期元大S＆P原油反1,95,0,95,元大-南京,2023-02-15,9862
1605,華新,210,115,95,元大-南京,2023-02-15,9862
1301,台塑,83,0,83,元大-南京,2023-02-15,9862
4967,十銓,64,0,64,元大-南京,2023-02-15,9862
2748,雲品,113,50,63,元大-南京,2023-02-15,9862
3703,欣陸,52,0,52,元大-南京,2023-02-15,9862
6148,驊宏資,37,0,37,元大-南京,2023-02-15,9862
1513,中興電,153,118,35,元大-南京,2023-02-15,9862
3078,僑威,32,0,32,元大-南京,2023-02-15,9862
3540,曜越,31,0,31,元大-南京,2023-02-15,9862
2701,萬企,30,0,30,元大-南京,2023-02-15,9862
0050,元大台灣50,31,3,28,元大-南京,2023-02-15,9862
2883,凱基金,26,0,26,元大-南京,2023-02-15,9862
1519,華城,42,17,25,元大-南京,2023-02-15,9862
2376,技嘉,25,3,22,元大-南京,2023-02-15,9862
00680L,元大美債20正2,21,0,21,元大-南京,2023-02-15,9862
6235,華孚,64,44,20,元大-南京,2023-02-15,9862
3710,連展投控,20,0,20,元大-南京,2023-02-15,9862
2029,盛餘,20,0,20,元大-南京,2023-02-15,9862
1584,精剛,20,1,19,元大-南京,2023-02-15,9862
00751B,元大AAA至A公司債,18,0,18,元大-南京,2023-02-15,9862
6180,橘子,22,4,18,元大-南京,2023-02-15,9862
1718,中纖,18,0,18,元大-南京,2023-02-15,9862
6278,台表科,17,1,16,元大-南京,2023-02-15,9862
1442,名軒,16,0,16,元大-南京,2023-02-15,9862
5347,世界,25,9,16,元大-南京,2023-02-15,9862
2885,元大金,15,0,15,元大-南京,2023-02-15,9862
2610,華航,17,2,15,元大-南京,2023-02-15,9862
2330,台積電,67,54,13,元大-南京,2023-02-15,9862
00633L,富邦上証正2,12,0,12,元大-南京,2023-02-15,9862
2634,漢翔,38,26,12,元大-南京,2023-02-15,9862
2344,華邦電,12,1,11,元大-南京,2023-02-15,9862
00900,富邦特選高股息30,11,0,11,元大-南京,2023-02-15,9862
3479,安勤,21,10,11,元大-南京,2023-02-15,9862
8050,廣積,12,1,11,元大-南京,2023-02-15,9862
8940,新天地,11,0,11,元大-南京,2023-02-15,9862
3138,耀登,11,0,11,元大-南京,2023-02-15,9862
2888,新光金,10,0,10,元大-南京,2023-02-15,9862
3088,艾訊,10,0,10,元大-南京,2023-02-15,9862
1813,寶利徠,10,0,10,元大-南京,2023-02-15,9862
1810,和成,10,0,10,元大-南京,2023-02-15,9862
5011,久陽,10,0,10,元大-南京,2023-02-15,9862
00671R,富邦NASDAQ反1,10,0,10,元大-南京,2023-02-15,9862
2359,所羅門,10,0,10,元大-南京,2023-02-15,9862
6285,啟��,10,0,10,元大-南京,2023-02-15,9862
6592,和潤企業,10,0,10,元大-南京,2023-02-15,9862
2882,國泰金,10,0,10,元大-南京,2023-02-15,9862
2884,玉山金,11,2,9,元大-南京,2023-02-15,9862
2754,亞洲藏壽司,18,9,9,元大-南京,2023-02-15,9862
00632R,元大台灣50反1,222,0,222,元大-南京,2023-02-16,9862
00676R,富邦臺灣加權反1,180,0,180,元大-南京,2023-02-16,9862
4977,眾達-KY,152,5,147,元大-南京,2023-02-16,9862
00878,國泰永續高股息,151,6,145,元大-南京,2023-02-16,9862
3017,奇鋐,112,3,109,元大-南京,2023-02-16,9862
2368,金像電,101,1,100,元大-南京,2023-02-16,9862
2332,友訊,106,11,95,元大-南京,2023-02-16,9862
2330,台積電,101,9,92,元大-南京,2023-02-16,9862
4967,十銓,63,1,62,元大-南京,2023-02-16,9862
5315,光聯,50,1,49,元大-南京,2023-02-16,9862
6173,信昌電,54,8,46,元大-南京,2023-02-16,9862
00673R,期元大S＆P原油反1,70,32,38,元大-南京,2023-02-16,9862
00679B,元大美債20年,37,0,37,元大-南京,2023-02-16,9862
4915,致伸,41,5,36,元大-南京,2023-02-16,9862
00753L,中信中國50正2,38,3,35,元大-南京,2023-02-16,9862
2014,中鴻,42,8,34,元大-南京,2023-02-16,9862
2371,大同,30,0,30,元大-南京,2023-02-16,9862
3653,健策,30,2,28,元大-南京,2023-02-16,9862
2404,漢唐,27,1,26,元大-南京,2023-02-16,9862
00680L,元大美債20正2,25,0,25,元大-南京,2023-02-16,9862
3624,光頡,32,10,22,元大-南京,2023-02-16,9862
2201,裕隆,58,37,21,元大-南京,2023-02-16,9862
1605,華新,98,80,18,元大-南京,2023-02-16,9862
8105,凌巨,18,0,18,元大-南京,2023-02-16,9862
8046,南電,25,8,17,元大-南京,2023-02-16,9862
00665L,富邦�琤肭磪囓�2,17,0,17,元大-南京,2023-02-16,9862
1301,台塑,16,0,16,元大-南京,2023-02-16,9862
2002,中鋼,18,3,15,元大-南京,2023-02-16,9862
5347,世界,15,1,14,元大-南京,2023-02-16,9862
00670L,富邦NASDAQ正2,14,0,14,元大-南京,2023-02-16,9862
00715L,期街口布蘭特正2,13,0,13,元大-南京,2023-02-16,9862
6231,系微,13,0,13,元大-南京,2023-02-16,9862
1514,亞力,24,11,13,元大-南京,2023-02-16,9862
8050,廣積,14,1,13,元大-南京,2023-02-16,9862
3027,盛達,21,9,12,元大-南京,2023-02-16,9862
2884,玉山金,17,5,12,元大-南京,2023-02-16,9862
6005,群益證,11,0,11,元大-南京,2023-02-16,9862
5009,榮剛,12,2,10,元大-南京,2023-02-16,9862
1316,上曜,10,0,10,元大-南京,2023-02-16,9862
3711,日月光投控,10,0,10,元大-南京,2023-02-16,9862
3494,誠研,10,0,10,元大-南京,2023-02-16,9862
3224,三顧,10,0,10,元大-南京,2023-02-16,9862
3128,昇銳,14,4,10,元大-南京,2023-02-16,9862
9919,康那香,10,0,10,元大-南京,2023-02-16,9862
4123,晟德,10,0,10,元大-南京,2023-02-16,9862
2601,益航,11,1,10,元大-南京,2023-02-16,9862
1101,台泥,23,13,10,元大-南京,2023-02-16,9862
6182,合晶,14,5,9,元大-南京,2023-02-16,9862
3264,欣銓,9,0,9,元大-南京,2023-02-16,9862
3138,耀登,10,1,9,元大-南京,2023-02-16,9862
2312,金寶,100,0,100,元大-南京,2023-02-17,9862
1605,華新,266,170,96,元大-南京,2023-02-17,9862
2801,彰銀,60,0,60,元大-南京,2023-02-17,9862
8358,金居,54,1,53,元大-南京,2023-02-17,9862
00878,國泰永續高股息,63,12,51,元大-南京,2023-02-17,9862
2471,資通,96,54,42,元大-南京,2023-02-17,9862
2618,長榮航,68,31,37,元大-南京,2023-02-17,9862
00637L,元大滬深300正2,35,1,34,元大-南京,2023-02-17,9862
2330,台積電,42,9,33,元大-南京,2023-02-17,9862
4967,十銓,33,1,32,元大-南京,2023-02-17,9862
6443,元晶,37,6,31,元大-南京,2023-02-17,9862
2701,萬企,32,2,30,元大-南京,2023-02-17,9862
2705,六福,30,1,29,元大-南京,2023-02-17,9862
3037,欣興,27,1,26,元大-南京,2023-02-17,9862
2027,大成鋼,29,5,24,元大-南京,2023-02-17,9862
3022,威強電,25,2,23,元大-南京,2023-02-17,9862
00902,中信電池及儲能,22,0,22,元大-南京,2023-02-17,9862
2401,凌陽,22,0,22,元大-南京,2023-02-17,9862
00772B,中信高評級公司債,21,0,21,元大-南京,2023-02-17,9862
00679B,元大美債20年,21,1,20,元大-南京,2023-02-17,9862
2892,第一金,20,0,20,元大-南京,2023-02-17,9862
1810,和成,20,0,20,元大-南京,2023-02-17,9862
2727,王品,28,8,20,元大-南京,2023-02-17,9862
4961,天鈺,28,10,18,元大-南京,2023-02-17,9862
6224,聚鼎,19,2,17,元大-南京,2023-02-17,9862
8215,明基材,16,0,16,元大-南京,2023-02-17,9862
2882A,國泰特,15,0,15,元大-南京,2023-02-17,9862
2538,基泰,15,0,15,元大-南京,2023-02-17,9862
00680L,元大美債20正2,22,7,15,元大-南京,2023-02-17,9862
0056,元大高股息,14,0,14,元大-南京,2023-02-17,9862
00881,國泰台灣5G+,14,0,14,元大-南京,2023-02-17,9862
8050,廣積,17,3,14,元大-南京,2023-02-17,9862
3558,神準,47,33,14,元大-南京,2023-02-17,9862
1513,中興電,138,125,13,元大-南京,2023-02-17,9862
5388,中磊,21,8,13,元大-南京,2023-02-17,9862
00720B,元大投資級公司債,12,0,12,元大-南京,2023-02-17,9862
3189,景碩,13,1,12,元大-南京,2023-02-17,9862
00673R,期元大S＆P原油反1,12,0,12,元大-南京,2023-02-17,9862
3042,晶技,12,0,12,元大-南京,2023-02-17,9862
00893,國泰智能電動車,13,1,12,元大-南京,2023-02-17,9862
8069,元太,18,7,11,元大-南京,2023-02-17,9862
2885,元大金,12,1,11,元大-南京,2023-02-17,9862
2317,鴻海,31,21,10,元大-南京,2023-02-17,9862
2603,長榮,15,4,11,元大-南京,2023-02-17,9862
8222,寶一,86,76,10,元大-南京,2023-02-17,9862
0050,元大台灣50,11,1,10,元大-南京,2023-02-17,9862
2367,燿華,10,0,10,元大-南京,2023-02-17,9862
3673,TPK-KY,10,0,10,元大-南京,2023-02-17,9862
00633L,富邦上証正2,15,5,10,元大-南京,2023-02-17,9862
5490,同亨,10,0,10,元大-南京,2023-02-17,9862
2344,華邦電,307,14,293,元大-南京,2023-02-20,9862
5258,虹堡,169,25,144,元大-南京,2023-02-20,9862
6290,良維,127,16,111,元大-南京,2023-02-20,9862
00902,中信電池及儲能,55,0,55,元大-南京,2023-02-20,9862
00878,國泰永續高股息,59,9,50,元大-南京,2023-02-20,9862
00632R,元大台灣50反1,36,0,36,元大-南京,2023-02-20,9862
4979,華星光,45,11,34,元大-南京,2023-02-20,9862
8069,元太,32,2,30,元大-南京,2023-02-20,9862
4927,泰鼎-KY,30,2,28,元大-南京,2023-02-20,9862
2352,佳世達,28,3,25,元大-南京,2023-02-20,9862
2208,台船,32,7,25,元大-南京,2023-02-20,9862
6613,朋億*,21,0,21,元大-南京,2023-02-20,9862
4123,晟德,20,0,20,元大-南京,2023-02-20,9862
2812,台中銀,20,0,20,元大-南京,2023-02-20,9862
6109,亞元,62,42,20,元大-南京,2023-02-20,9862
6605,帝寶,20,0,20,元大-南京,2023-02-20,9862
2707,晶華,22,2,20,元大-南京,2023-02-20,9862
2884,玉山金,25,6,19,元大-南京,2023-02-20,9862
2603,長榮,21,3,18,元大-南京,2023-02-20,9862
00665L,富邦�琤肭磪囓�2,18,0,18,元大-南京,2023-02-20,9862
2371,大同,20,2,18,元大-南京,2023-02-20,9862
1752,南光,17,0,17,元大-南京,2023-02-20,9862
4566,時碩工業,20,3,17,元大-南京,2023-02-20,9862
2834,臺企銀,31,14,17,元大-南京,2023-02-20,9862
2610,華航,206,190,16,元大-南京,2023-02-20,9862
3444,利機,18,1,17,元大-南京,2023-02-20,9862
6541,泰福-KY,18,2,16,元大-南京,2023-02-20,9862
2030,彰源,15,0,15,元大-南京,2023-02-20,9862
5225,東科-KY,15,0,15,元大-南京,2023-02-20,9862
6282,康舒,18,3,15,元大-南京,2023-02-20,9862
4743,合一,16,2,14,元大-南京,2023-02-20,9862
00637L,元大滬深300正2,21,9,12,元大-南京,2023-02-20,9862
3576,聯合再生,15,3,12,元大-南京,2023-02-20,9862
6589,台康生技,12,0,12,元大-南京,2023-02-20,9862
00753L,中信中國50正2,12,0,12,元大-南京,2023-02-20,9862
1519,華城,22,10,12,元大-南京,2023-02-20,9862
9904,寶成,12,0,12,元大-南京,2023-02-20,9862
6143,振曜,12,0,12,元大-南京,2023-02-20,9862
00679B,元大美債20年,11,0,11,元大-南京,2023-02-20,9862
1795,美時,17,6,11,元大-南京,2023-02-20,9862
3189,景碩,12,1,11,元大-南京,2023-02-20,9862
8046,南電,12,1,11,元大-南京,2023-02-20,9862
4167,松瑞藥,11,0,11,元大-南京,2023-02-20,9862
1722,台肥,10,0,10,元大-南京,2023-02-20,9862
2705,六福,10,0,10,元大-南京,2023-02-20,9862
00881,國泰台灣5G+,10,0,10,元大-南京,2023-02-20,9862
6176,瑞儀,10,0,10,元大-南京,2023-02-20,9862
2706,第一店,10,0,10,元大-南京,2023-02-20,9862
5439,高技,10,0,10,元大-南京,2023-02-20,9862
6284,佳邦,14,4,10,元大-南京,2023-02-20,9862
00882,中信中國高股息,156,0,156,元大-南京,2023-02-21,9862
2884,玉山金,133,8,125,元大-南京,2023-02-21,9862
1101,台泥,95,0,95,元大-南京,2023-02-21,9862
2457,飛宏,109,28,81,元大-南京,2023-02-21,9862
2618,長榮航,111,31,80,元大-南京,2023-02-21,9862
5258,虹堡,78,7,71,元大-南京,2023-02-21,9862
1342,八貫,79,15,64,元大-南京,2023-02-21,9862
8289,泰藝,60,0,60,元大-南京,2023-02-21,9862
1513,中興電,175,118,57,元大-南京,2023-02-21,9862
6715,嘉基,52,0,52,元大-南京,2023-02-21,9862
2634,漢翔,57,6,51,元大-南京,2023-02-21,9862
6235,華孚,127,81,46,元大-南京,2023-02-21,9862
2882,國泰金,39,0,39,元大-南京,2023-02-21,9862
4167,松瑞藥,37,0,37,元大-南京,2023-02-21,9862
1752,南光,35,0,35,元大-南京,2023-02-21,9862
00878,國泰永續高股息,54,22,32,元大-南京,2023-02-21,9862
3209,全科,28,0,28,元大-南京,2023-02-21,9862
00753L,中信中國50正2,28,0,28,元大-南京,2023-02-21,9862
00725B,國泰投資級公司債,28,0,28,元大-南京,2023-02-21,9862
1314,中石化,30,3,27,元大-南京,2023-02-21,9862
2409,友達,541,516,25,元大-南京,2023-02-21,9862
9939,宏全,20,0,20,元大-南京,2023-02-21,9862
6517,保勝光學,24,6,18,元大-南京,2023-02-21,9862
2476,鉅祥,18,0,18,元大-南京,2023-02-21,9862
1442,名軒,18,0,18,元大-南京,2023-02-21,9862
3224,三顧,18,1,17,元大-南京,2023-02-21,9862
3380,明泰,18,1,17,元大-南京,2023-02-21,9862
5608,四維航,16,1,15,元大-南京,2023-02-21,9862
6589,台康生技,18,3,15,元大-南京,2023-02-21,9862
2906,高林,32,17,15,元大-南京,2023-02-21,9862
6531,愛普*,48,33,15,元大-南京,2023-02-21,9862
8227,巨有科技,21,7,14,元大-南京,2023-02-21,9862
8936,國統,15,2,13,元大-南京,2023-02-21,9862
5452,佶優,33,20,13,元大-南京,2023-02-21,9862
2883,凱基金,14,1,13,元大-南京,2023-02-21,9862
6140,訊達,13,0,13,元大-南京,2023-02-21,9862
2610,華航,49,36,13,元大-南京,2023-02-21,9862
6116,彩晶,18,5,13,元大-南京,2023-02-21,9862
8046,南電,13,1,12,元大-南京,2023-02-21,9862
00680L,元大美債20正2,12,0,12,元大-南京,2023-02-21,9862
2303,聯電,15,4,11,元大-南京,2023-02-21,9862
4566,時碩工業,11,0,11,元大-南京,2023-02-21,9862
6605,帝寶,11,0,11,元大-南京,2023-02-21,9862
8105,凌巨,17,6,11,元大-南京,2023-02-21,9862
2208,台船,16,6,10,元大-南京,2023-02-21,9862
3707,漢磊,10,0,10,元大-南京,2023-02-21,9862
00900,富邦特選高股息30,10,0,10,元大-南京,2023-02-21,9862
3297,杭特,10,1,9,元大-南京,2023-02-21,9862
5225,東科-KY,10,1,9,元大-南京,2023-02-21,9862
6290,良維,19,10,9,元大-南京,2023-02-21,9862
6282,康舒,349,45,304,元大-南京,2023-02-22,9862
6290,良維,155,3,152,元大-南京,2023-02-22,9862
2388,威盛,107,13,94,元大-南京,2023-02-22,9862
2701,萬企,61,3,58,元大-南京,2023-02-22,9862
2312,金寶,60,10,50,元大-南京,2023-02-22,9862
2618,長榮航,55,12,43,元大-南京,2023-02-22,9862
00632R,元大台灣50反1,57,16,41,元大-南京,2023-02-22,9862
4167,松瑞藥,38,0,38,元大-南京,2023-02-22,9862
00713,元大台灣高息低波,39,3,36,元大-南京,2023-02-22,9862
2421,建準,35,0,35,元大-南京,2023-02-22,9862
3162,精確,32,1,31,元大-南京,2023-02-22,9862
00673R,期元大S＆P原油反1,30,0,30,元大-南京,2023-02-22,9862
2812,台中銀,30,0,30,元大-南京,2023-02-22,9862
00725B,國泰投資級公司債,31,1,30,元大-南京,2023-02-22,9862
2303,聯電,43,14,29,元大-南京,2023-02-22,9862
6570,維田,79,52,27,元大-南京,2023-02-22,9862
3356,奇偶,26,0,26,元大-南京,2023-02-22,9862
00878,國泰永續高股息,143,119,24,元大-南京,2023-02-22,9862
6116,彩晶,23,0,23,元大-南京,2023-02-22,9862
2707,晶華,35,12,23,元大-南京,2023-02-22,9862
8069,元太,51,29,22,元大-南京,2023-02-22,9862
0056,元大高股息,21,0,21,元大-南京,2023-02-22,9862
3094,聯傑,21,0,21,元大-南京,2023-02-22,9862
00715L,期街口布蘭特正2,21,0,21,元大-南京,2023-02-22,9862
00893,國泰智能電動車,30,10,20,元大-南京,2023-02-22,9862
4744,皇將,20,0,20,元大-南京,2023-02-22,9862
1442,名軒,20,0,20,元大-南京,2023-02-22,9862
2468,華經,18,1,17,元大-南京,2023-02-22,9862
3362,先進光,25,8,17,元大-南京,2023-02-22,9862
4104,佳醫,17,1,16,元大-南京,2023-02-22,9862
3035,智原,19,3,16,元大-南京,2023-02-22,9862
3558,神準,23,7,16,元大-南京,2023-02-22,9862
6689,伊雲谷,15,0,15,元大-南京,2023-02-22,9862
8349,�矬�,19,4,15,元大-南京,2023-02-22,9862
1473,台南,15,0,15,元大-南京,2023-02-22,9862
8016,矽創,15,1,14,元大-南京,2023-02-22,9862
3419,譁裕,34,20,14,元大-南京,2023-02-22,9862
2834,臺企銀,27,13,14,元大-南京,2023-02-22,9862
2603,長榮,26,13,13,元大-南京,2023-02-22,9862
5347,世界,16,3,13,元大-南京,2023-02-22,9862
2888,新光金,13,0,13,元大-南京,2023-02-22,9862
00679B,元大美債20年,12,0,12,元大-南京,2023-02-22,9862
00891,中信關鍵半導體,12,0,12,元大-南京,2023-02-22,9862
3017,奇鋐,12,0,12,元大-南京,2023-02-22,9862
3037,欣興,25,14,11,元大-南京,2023-02-22,9862
3693,營邦,13,2,11,元大-南京,2023-02-22,9862
00753L,中信中國50正2,11,0,11,元大-南京,2023-02-22,9862
3673,TPK-KY,11,0,11,元大-南京,2023-02-22,9862
1760,寶齡富錦,15,4,11,元大-南京,2023-02-22,9862
6266,泰詠,11,0,11,元大-南京,2023-02-22,9862
3481,群創,493,38,455,元大-南京,2023-02-23,9862
6116,彩晶,380,0,380,元大-南京,2023-02-23,9862
00632R,元大台灣50反1,422,150,272,元大-南京,2023-02-23,9862
2888,新光金,253,1,252,元大-南京,2023-02-23,9862
1442,名軒,202,0,202,元大-南京,2023-02-23,9862
00676R,富邦臺灣加權反1,193,0,193,元大-南京,2023-02-23,9862
6235,華孚,212,36,176,元大-南京,2023-02-23,9862
1532,勤美,92,1,91,元大-南京,2023-02-23,9862
2401,凌陽,86,5,81,元大-南京,2023-02-23,9862
2701,萬企,80,0,80,元大-南京,2023-02-23,9862
2834,臺企銀,90,13,77,元大-南京,2023-02-23,9862
2707,晶華,94,18,76,元大-南京,2023-02-23,9862
8420,明揚,70,2,68,元大-南京,2023-02-23,9862
2409,友達,79,23,56,元大-南京,2023-02-23,9862
2889,國票金,51,0,51,元大-南京,2023-02-23,9862
00637L,元大滬深300正2,51,0,51,元大-南京,2023-02-23,9862
00885,富邦越南,50,0,50,元大-南京,2023-02-23,9862
1444,力麗,50,2,48,元大-南京,2023-02-23,9862
6282,康舒,147,103,44,元大-南京,2023-02-23,9862
1504,東元,48,7,41,元大-南京,2023-02-23,9862
2498,宏達電,59,20,39,元大-南京,2023-02-23,9862
2610,華航,69,36,33,元大-南京,2023-02-23,9862
00720B,元大投資級公司債,34,1,33,元大-南京,2023-02-23,9862
6156,松上,31,0,31,元大-南京,2023-02-23,9862
6248,沛波,30,0,30,元大-南京,2023-02-23,9862
2634,漢翔,28,0,28,元大-南京,2023-02-23,9862
00713,元大台灣高息低波,28,0,28,元大-南京,2023-02-23,9862
3027,盛達,44,16,28,元大-南京,2023-02-23,9862
2618,長榮航,30,3,27,元大-南京,2023-02-23,9862
2603,長榮,54,29,25,元大-南京,2023-02-23,9862
3037,欣興,26,1,25,元大-南京,2023-02-23,9862
1605,華新,53,30,23,元大-南京,2023-02-23,9862
8924,大田,26,3,23,元大-南京,2023-02-23,9862
2706,第一店,23,0,23,元大-南京,2023-02-23,9862
2330,台積電,33,12,21,元大-南京,2023-02-23,9862
2010,春源,20,0,20,元大-南京,2023-02-23,9862
6109,亞元,20,0,20,元大-南京,2023-02-23,9862
6570,維田,20,1,19,元大-南京,2023-02-23,9862
5009,榮剛,19,1,18,元大-南京,2023-02-23,9862
00715L,期街口布蘭特正2,17,0,17,元大-南京,2023-02-23,9862
8349,�矬�,17,0,17,元大-南京,2023-02-23,9862
2303,聯電,72,55,17,元大-南京,2023-02-23,9862
2882,國泰金,18,2,16,元大-南京,2023-02-23,9862
6224,聚鼎,16,0,16,元大-南京,2023-02-23,9862
1773,勝一,16,0,16,元大-南京,2023-02-23,9862
2347,聯強,16,1,15,元大-南京,2023-02-23,9862
2903,遠百,15,0,15,元大-南京,2023-02-23,9862
3209,全科,15,0,15,元大-南京,2023-02-23,9862
5701,劍湖山,15,0,15,元大-南京,2023-02-23,9862
5452,佶優,14,0,14,元大-南京,2023-02-23,9862
8289,泰藝,174,34,140,元大-南京,2023-02-24,9862
00632R,元大台灣50反1,144,6,138,元大-南京,2023-02-24,9862
4967,十銓,100,0,100,元大-南京,2023-02-24,9862
2388,威盛,135,35,100,元大-南京,2023-02-24,9862
6116,彩晶,105,6,99,元大-南京,2023-02-24,9862
1104,環泥,100,2,98,元大-南京,2023-02-24,9862
00878,國泰永續高股息,88,0,88,元大-南京,2023-02-24,9862
3088,艾訊,89,1,88,元大-南京,2023-02-24,9862
2107,厚生,77,0,77,元大-南京,2023-02-24,9862
00637L,元大滬深300正2,76,0,76,元大-南京,2023-02-24,9862
2399,映泰,65,4,61,元大-南京,2023-02-24,9862
2303,聯電,73,17,56,元大-南京,2023-02-24,9862
2498,宏達電,66,12,54,元大-南京,2023-02-24,9862
2368,金像電,56,7,49,元大-南京,2023-02-24,9862
2615,萬海,74,26,48,元大-南京,2023-02-24,9862
2884,玉山金,52,5,47,元大-南京,2023-02-24,9862
2419,仲琦,50,10,40,元大-南京,2023-02-24,9862
4968,立積,41,2,39,元大-南京,2023-02-24,9862
2618,長榮航,39,2,37,元大-南京,2023-02-24,9862
2867,三商壽,34,0,34,元大-南京,2023-02-24,9862
5258,虹堡,65,32,33,元大-南京,2023-02-24,9862
8069,元太,180,150,30,元大-南京,2023-02-24,9862
4513,福裕,30,0,30,元大-南京,2023-02-24,9862
8420,明揚,31,1,30,元大-南京,2023-02-24,9862
5009,榮剛,33,7,26,元大-南京,2023-02-24,9862
3535,晶彩科,25,0,25,元大-南京,2023-02-24,9862
00882,中信中國高股息,26,1,25,元大-南京,2023-02-24,9862
3558,神準,26,2,24,元大-南京,2023-02-24,9862
1514,亞力,43,20,23,元大-南京,2023-02-24,9862
2014,中鴻,22,0,22,元大-南京,2023-02-24,9862
3356,奇偶,22,0,22,元大-南京,2023-02-24,9862
1301,台塑,21,0,21,元大-南京,2023-02-24,9862
6109,亞元,25,5,20,元大-南京,2023-02-24,9862
2317,鴻海,26,8,18,元大-南京,2023-02-24,9862
4167,松瑞藥,20,2,18,元大-南京,2023-02-24,9862
00715L,期街口布蘭特正2,28,11,17,元大-南京,2023-02-24,9862
2360,致茂,17,0,17,元大-南京,2023-02-24,9862
3163,波若威,18,2,16,元大-南京,2023-02-24,9862
6799,來頡,19,3,16,元大-南京,2023-02-24,9862
2892,第一金,15,0,15,元大-南京,2023-02-24,9862
5452,佶優,16,1,15,元大-南京,2023-02-24,9862
6147,頎邦,15,0,15,元大-南京,2023-02-24,9862
1519,華城,18,3,15,元大-南京,2023-02-24,9862
2610,華航,31,17,14,元大-南京,2023-02-24,9862
3006,晶豪科,14,0,14,元大-南京,2023-02-24,9862
3264,欣銓,14,1,13,元大-南京,2023-02-24,9862
6697,東捷資訊,13,0,13,元大-南京,2023-02-24,9862
2002,中鋼,16,4,12,元大-南京,2023-02-24,9862
8033,雷虎,15,3,12,元大-南京,2023-02-24,9862
2634,漢翔,14,2,12,元大-南京,2023-02-24,9862
00632R,元大台灣50反1,170,27,143,元大-南京,2023-03-01,9862
00891,中信關鍵半導體,150,17,133,元大-南京,2023-03-01,9862
00878,國泰永續高股息,117,7,110,元大-南京,2023-03-01,9862
4967,十銓,104,3,101,元大-南京,2023-03-01,9862
2605,新興,125,49,76,元大-南京,2023-03-01,9862
2344,華邦電,77,4,73,元大-南京,2023-03-01,9862
2023,燁輝,76,9,67,元大-南京,2023-03-01,9862
5608,四維航,100,44,56,元大-南京,2023-03-01,9862
00642U,期元大S＆P石油,56,0,56,元大-南京,2023-03-01,9862
2312,金寶,55,0,55,元大-南京,2023-03-01,9862
2892,第一金,50,0,50,元大-南京,2023-03-01,9862
4167,松瑞藥,49,0,49,元大-南京,2023-03-01,9862
1101,台泥,42,0,42,元大-南京,2023-03-01,9862
2882,國泰金,43,2,41,元大-南京,2023-03-01,9862
1104,環泥,40,0,40,元大-南京,2023-03-01,9862
2409,友達,53,14,39,元大-南京,2023-03-01,9862
2002,中鋼,45,10,35,元大-南京,2023-03-01,9862
2030,彰源,35,0,35,元大-南京,2023-03-01,9862
2885,元大金,38,3,35,元大-南京,2023-03-01,9862
2634,漢翔,32,2,30,元大-南京,2023-03-01,9862
8420,明揚,30,1,29,元大-南京,2023-03-01,9862
2812,台中銀,44,18,26,元大-南京,2023-03-01,9862
3481,群創,32,7,25,元大-南京,2023-03-01,9862
00772B,中信高評級公司債,24,0,24,元大-南京,2023-03-01,9862
2834,臺企銀,31,8,23,元大-南京,2023-03-01,9862
2031,新光鋼,21,0,21,元大-南京,2023-03-01,9862
911868,同方友友-DR,20,0,20,元大-南京,2023-03-01,9862
4513,福裕,20,0,20,元大-南京,2023-03-01,9862
5009,榮剛,28,9,19,元大-南京,2023-03-01,9862
8924,大田,23,4,19,元大-南京,2023-03-01,9862
2884,玉山金,21,3,18,元大-南京,2023-03-01,9862
2408,南亞科,18,1,17,元大-南京,2023-03-01,9862
5512,力麒,26,9,17,元大-南京,2023-03-01,9862
3231,緯創,25,8,17,元大-南京,2023-03-01,9862
9945,潤泰新,17,0,17,元大-南京,2023-03-01,9862
6443,元晶,17,1,16,元大-南京,2023-03-01,9862
3706,神達,20,4,16,元大-南京,2023-03-01,9862
1605,華新,91,75,16,元大-南京,2023-03-01,9862
1442,名軒,15,0,15,元大-南京,2023-03-01,9862
2748,雲品,53,38,15,元大-南京,2023-03-01,9862
4137,麗豐-KY,15,0,15,元大-南京,2023-03-01,9862
2609,陽明,23,9,14,元大-南京,2023-03-01,9862
2371,大同,25,12,13,元大-南京,2023-03-01,9862
2701,萬企,12,0,12,元大-南京,2023-03-01,9862
2637,慧洋-KY,15,3,12,元大-南京,2023-03-01,9862
3622,洋華,12,0,12,元大-南京,2023-03-01,9862
5203,訊連,12,0,12,元大-南京,2023-03-01,9862
3545,敦泰,18,6,12,元大-南京,2023-03-01,9862
3162,精確,14,2,12,元大-南京,2023-03-01,9862
3006,晶豪科,11,0,11,元大-南京,2023-03-01,9862
00891,中信關鍵半導體,180,1,179,元大-南京,2023-03-02,9862
4155,訊映,166,0,166,元大-南京,2023-03-02,9862
6282,康舒,128,9,119,元大-南京,2023-03-02,9862
00633L,富邦上証正2,79,1,78,元大-南京,2023-03-02,9862
00713,元大台灣高息低波,69,1,68,元大-南京,2023-03-02,9862
3005,神基,66,0,66,元大-南京,2023-03-02,9862
00637L,元大滬深300正2,65,4,61,元大-南京,2023-03-02,9862
2002,中鋼,70,17,53,元大-南京,2023-03-02,9862
2303,聯電,58,6,52,元大-南京,2023-03-02,9862
2419,仲琦,69,27,42,元大-南京,2023-03-02,9862
2010,春源,40,0,40,元大-南京,2023-03-02,9862
2409,友達,39,4,35,元大-南京,2023-03-02,9862
00679B,元大美債20年,35,0,35,元大-南京,2023-03-02,9862
3481,群創,46,14,32,元大-南京,2023-03-02,9862
3037,欣興,41,9,32,元大-南京,2023-03-02,9862
2107,厚生,30,0,30,元大-南京,2023-03-02,9862
2031,新光鋼,47,20,27,元大-南京,2023-03-02,9862
6116,彩晶,30,5,25,元大-南京,2023-03-02,9862
2014,中鴻,26,3,23,元大-南京,2023-03-02,9862
8289,泰藝,34,12,22,元大-南京,2023-03-02,9862
4967,十銓,23,1,22,元大-南京,2023-03-02,9862
1326,台化,20,0,20,元大-南京,2023-03-02,9862
1701,中化,20,1,19,元大-南京,2023-03-02,9862
6531,愛普*,21,2,19,元大-南京,2023-03-02,9862
00753L,中信中國50正2,19,0,19,元大-南京,2023-03-02,9862
1605,華新,97,78,19,元大-南京,2023-03-02,9862
2884,玉山金,21,3,18,元大-南京,2023-03-02,9862
2892,第一金,17,0,17,元大-南京,2023-03-02,9862
6139,亞翔,27,10,17,元大-南京,2023-03-02,9862
2605,新興,43,26,17,元大-南京,2023-03-02,9862
4167,松瑞藥,23,6,17,元大-南京,2023-03-02,9862
5258,虹堡,53,37,16,元大-南京,2023-03-02,9862
2834,臺企銀,16,0,16,元大-南京,2023-03-02,9862
2634,漢翔,16,0,16,元大-南京,2023-03-02,9862
2359,所羅門,18,2,16,元大-南京,2023-03-02,9862
1434,福懋,15,0,15,元大-南京,2023-03-02,9862
6841,長佳智能,14,1,13,元大-南京,2023-03-02,9862
8924,大田,13,0,13,元大-南京,2023-03-02,9862
00673R,期元大S＆P原油反1,12,0,12,元大-南京,2023-03-02,9862
1304,台聚,12,0,12,元大-南京,2023-03-02,9862
2454,聯發科,17,6,11,元大-南京,2023-03-02,9862
2392,正崴,11,0,11,元大-南京,2023-03-02,9862
3260,威剛,12,1,11,元大-南京,2023-03-02,9862
3034,聯詠,10,0,10,元大-南京,2023-03-02,9862
3714,富采,11,1,10,元大-南京,2023-03-02,9862
1760,寶齡富錦,20,10,10,元大-南京,2023-03-02,9862
2405,輔信,10,0,10,元大-南京,2023-03-02,9862
00725B,國泰投資級公司債,10,0,10,元大-南京,2023-03-02,9862
2867,三商壽,10,0,10,元大-南京,2023-03-02,9862
00653L,富邦印度正2,11,1,10,元大-南京,2023-03-02,9862
6235,華孚,570,44,526,元大-南京,2023-03-03,9862
00632R,元大台灣50反1,458,5,453,元大-南京,2023-03-03,9862
6188,廣明,175,14,161,元大-南京,2023-03-03,9862
8112,至上,171,54,117,元大-南京,2023-03-03,9862
2419,仲琦,105,3,102,元大-南京,2023-03-03,9862
2609,陽明,133,46,87,元大-南京,2023-03-03,9862
1605,華新,82,26,56,元大-南京,2023-03-03,9862
2890,永豐金,48,1,47,元大-南京,2023-03-03,9862
2328,廣宇,34,0,34,元大-南京,2023-03-03,9862
2845,遠東銀,42,10,32,元大-南京,2023-03-03,9862
00881,國泰台灣5G+,33,1,32,元大-南京,2023-03-03,9862
00680L,元大美債20正2,30,0,30,元大-南京,2023-03-03,9862
2834,臺企銀,34,4,30,元大-南京,2023-03-03,9862
00679B,元大美債20年,34,5,29,元大-南京,2023-03-03,9862
2618,長榮航,27,1,26,元大-南京,2023-03-03,9862
5512,力麒,25,1,24,元大-南京,2023-03-03,9862
8289,泰藝,32,8,24,元大-南京,2023-03-03,9862
2637,慧洋-KY,23,0,23,元大-南京,2023-03-03,9862
00878,國泰永續高股息,27,5,22,元大-南京,2023-03-03,9862
4960,誠美材,22,0,22,元大-南京,2023-03-03,9862
3707,漢磊,25,4,21,元大-南京,2023-03-03,9862
2891,中信金,22,1,21,元大-南京,2023-03-03,9862
2601,益航,22,2,20,元大-南京,2023-03-03,9862
020034,元大IC設計N,20,0,20,元大-南京,2023-03-03,9862
6282,康舒,63,44,19,元大-南京,2023-03-03,9862
3264,欣銓,28,10,18,元大-南京,2023-03-03,9862
2867,三商壽,17,0,17,元大-南京,2023-03-03,9862
1402,遠東新,16,0,16,元大-南京,2023-03-03,9862
5258,虹堡,38,22,16,元大-南京,2023-03-03,9862
2413,環科,15,0,15,元大-南京,2023-03-03,9862
6147,頎邦,15,0,15,元大-南京,2023-03-03,9862
00720B,元大投資級公司債,14,0,14,元大-南京,2023-03-03,9862
1709,和益,15,1,14,元大-南京,2023-03-03,9862
00637L,元大滬深300正2,50,36,14,元大-南京,2023-03-03,9862
3380,明泰,13,0,13,元大-南京,2023-03-03,9862
6799,來頡,30,17,13,元大-南京,2023-03-03,9862
3558,神準,24,12,12,元大-南京,2023-03-03,9862
2812,台中銀,12,0,12,元大-南京,2023-03-03,9862
5609,中菲行,12,0,12,元大-南京,2023-03-03,9862
2454,聯發科,12,1,11,元大-南京,2023-03-03,9862
00670L,富邦NASDAQ正2,13,2,11,元大-南京,2023-03-03,9862
00706L,期元大S＆P日圓正2,11,0,11,元大-南京,2023-03-03,9862
8401,白紗科,11,0,11,元大-南京,2023-03-03,9862
00673R,期元大S＆P原油反1,11,0,11,元大-南京,2023-03-03,9862
00665L,富邦�琤肭磪囓�2,13,2,11,元大-南京,2023-03-03,9862
1210,大成,11,0,11,元大-南京,2023-03-03,9862
2748,雲品,13,2,11,元大-南京,2023-03-03,9862
2615,萬海,16,5,11,元大-南京,2023-03-03,9862
2884,玉山金,12,2,10,元大-南京,2023-03-03,9862
3033,威健,15,5,10,元大-南京,2023-03-03,9862
3005,神基,160,1,159,元大-南京,2023-03-06,9862
2867,三商壽,90,0,90,元大-南京,2023-03-06,9862
1605,華新,98,12,86,元大-南京,2023-03-06,9862
00680L,元大美債20正2,55,1,54,元大-南京,2023-03-06,9862
00637L,元大滬深300正2,85,32,53,元大-南京,2023-03-06,9862
2344,華邦電,85,32,53,元大-南京,2023-03-06,9862
6188,廣明,61,10,51,元大-南京,2023-03-06,9862
8924,大田,50,2,48,元大-南京,2023-03-06,9862
8112,至上,47,3,44,元大-南京,2023-03-06,9862
5608,四維航,47,6,41,元大-南京,2023-03-06,9862
8213,志超,40,0,40,元大-南京,2023-03-06,9862
4763,材料-KY,50,16,34,元大-南京,2023-03-06,9862
6139,亞翔,33,0,33,元大-南京,2023-03-06,9862
3062,建漢,30,1,29,元大-南京,2023-03-06,9862
4164,承業醫,66,40,26,元大-南京,2023-03-06,9862
2457,飛宏,43,19,24,元大-南京,2023-03-06,9862
1101,台泥,25,1,24,元大-南京,2023-03-06,9862
1701,中化,25,1,24,元大-南京,2023-03-06,9862
3591,艾笛森,31,8,23,元大-南京,2023-03-06,9862
3356,奇偶,44,22,22,元大-南京,2023-03-06,9862
00673R,期元大S＆P原油反1,29,8,21,元大-南京,2023-03-06,9862
2748,雲品,26,5,21,元大-南京,2023-03-06,9862
2607,榮運,24,3,21,元大-南京,2023-03-06,9862
1540,喬福,20,0,20,元大-南京,2023-03-06,9862
911868,同方友友-DR,20,0,20,元大-南京,2023-03-06,9862
2603,長榮,33,13,20,元大-南京,2023-03-06,9862
4960,誠美材,18,0,18,元大-南京,2023-03-06,9862
6770,力積電,63,47,16,元大-南京,2023-03-06,9862
1708,東鹼,22,6,16,元大-南京,2023-03-06,9862
3050,鈺德,16,0,16,元大-南京,2023-03-06,9862
2637,慧洋-KY,34,18,16,元大-南京,2023-03-06,9862
3147,大綜,16,0,16,元大-南京,2023-03-06,9862
00665L,富邦�琤肭磪囓�2,16,0,16,元大-南京,2023-03-06,9862
2486,一詮,29,14,15,元大-南京,2023-03-06,9862
1532,勤美,15,0,15,元大-南京,2023-03-06,9862
4503,金雨,15,0,15,元大-南京,2023-03-06,9862
8436,大江,23,10,13,元大-南京,2023-03-06,9862
6182,合晶,14,1,13,元大-南京,2023-03-06,9862
3438,類比科,12,0,12,元大-南京,2023-03-06,9862
2618,長榮航,23,11,12,元大-南京,2023-03-06,9862
4967,十銓,17,5,12,元大-南京,2023-03-06,9862
00633L,富邦上証正2,12,1,11,元大-南京,2023-03-06,9862
2329,華泰,13,2,11,元大-南京,2023-03-06,9862
3224,三顧,11,0,11,元大-南京,2023-03-06,9862
6605,帝寶,14,3,11,元大-南京,2023-03-06,9862
3033,威健,11,0,11,元大-南京,2023-03-06,9862
2371,大同,29,19,10,元大-南京,2023-03-06,9862
3297,杭特,10,0,10,元大-南京,2023-03-06,9862
3207,耀勝,12,2,10,元大-南京,2023-03-06,9862
6585,鼎基,10,0,10,元大-南京,2023-03-06,9862
1532,勤美,196,3,193,元大-南京,2023-03-07,9862
1605,華新,287,99,188,元大-南京,2023-03-07,9862
6188,廣明,104,5,99,元大-南京,2023-03-07,9862
6116,彩晶,104,15,89,元大-南京,2023-03-07,9862
3481,群創,146,63,83,元大-南京,2023-03-07,9862
2618,長榮航,102,21,81,元大-南京,2023-03-07,9862
2867,三商壽,76,0,76,元大-南京,2023-03-07,9862
4164,承業醫,78,9,69,元大-南京,2023-03-07,9862
00637L,元大滬深300正2,90,25,65,元大-南京,2023-03-07,9862
3162,精確,69,8,61,元大-南京,2023-03-07,9862
4572,駐龍,61,0,61,元大-南京,2023-03-07,9862
00673R,期元大S＆P原油反1,54,0,54,元大-南京,2023-03-07,9862
2404,漢唐,53,3,50,元大-南京,2023-03-07,9862
1609,大亞,62,19,43,元大-南京,2023-03-07,9862
3019,亞光,47,6,41,元大-南京,2023-03-07,9862
2454,聯發科,31,3,28,元大-南京,2023-03-07,9862
2206,三陽工業,28,0,28,元大-南京,2023-03-07,9862
2476,鉅祥,29,1,28,元大-南京,2023-03-07,9862
2492,華新科,31,3,28,元大-南京,2023-03-07,9862
2884,玉山金,28,3,25,元大-南京,2023-03-07,9862
2534,宏盛,25,0,25,元大-南京,2023-03-07,9862
1503,士電,47,23,24,元大-南京,2023-03-07,9862
3264,欣銓,48,25,23,元大-南京,2023-03-07,9862
3088,艾訊,22,0,22,元大-南京,2023-03-07,9862
1710,東聯,28,6,22,元大-南京,2023-03-07,9862
9928,中視,22,0,22,元大-南京,2023-03-07,9862
00752,中信中國50,21,0,21,元大-南京,2023-03-07,9862
00633L,富邦上証正2,21,1,20,元大-南京,2023-03-07,9862
8924,大田,21,1,20,元大-南京,2023-03-07,9862
2880,華南金,20,0,20,元大-南京,2023-03-07,9862
0061,元大寶滬深,20,0,20,元大-南京,2023-03-07,9862
2409,友達,56,36,20,元大-南京,2023-03-07,9862
2471,資通,25,6,19,元大-南京,2023-03-07,9862
4114,健喬,20,2,18,元大-南京,2023-03-07,9862
6015,宏遠證,20,2,18,元大-南京,2023-03-07,9862
3437,榮創,16,0,16,元大-南京,2023-03-07,9862
3231,緯創,21,5,16,元大-南京,2023-03-07,9862
2748,雲品,19,3,16,元大-南京,2023-03-07,9862
4967,十銓,15,0,15,元大-南京,2023-03-07,9862
1760,寶齡富錦,23,8,15,元大-南京,2023-03-07,9862
00712,復華富時不動產,15,0,15,元大-南京,2023-03-07,9862
6548,長科*,17,3,14,元大-南京,2023-03-07,9862
3491,昇達科,15,1,14,元大-南京,2023-03-07,9862
00751B,元大AAA至A公司債,12,0,12,元大-南京,2023-03-07,9862
2881,富邦金,13,1,12,元大-南京,2023-03-07,9862
3147,大綜,12,1,11,元大-南京,2023-03-07,9862
8112,至上,12,1,11,元大-南京,2023-03-07,9862
1434,福懋,11,0,11,元大-南京,2023-03-07,9862
2504,國產,10,0,10,元大-南京,2023-03-07,9862
2420,新巨,10,0,10,元大-南京,2023-03-07,9862
1609,大亞,614,60,554,元大-南京,2023-03-08,9862
911868,同方友友-DR,360,0,360,元大-南京,2023-03-08,9862
2618,長榮航,304,5,299,元大-南京,2023-03-08,9862
4967,十銓,275,5,270,元大-南京,2023-03-08,9862
2457,飛宏,286,53,233,元大-南京,2023-03-08,9862
3029,零壹,83,11,72,元大-南京,2023-03-08,9862
00637L,元大滬深300正2,60,2,58,元大-南京,2023-03-08,9862
2615,萬海,53,0,53,元大-南京,2023-03-08,9862
2472,立隆電,56,3,53,元大-南京,2023-03-08,9862
00673R,期元大S＆P原油反1,50,0,50,元大-南京,2023-03-08,9862
2354,鴻準,50,2,48,元大-南京,2023-03-08,9862
00706L,期元大S＆P日圓正2,45,0,45,元大-南京,2023-03-08,9862
00878,國泰永續高股息,55,13,42,元大-南京,2023-03-08,9862
2476,鉅祥,60,18,42,元大-南京,2023-03-08,9862
2867,三商壽,41,0,41,元大-南京,2023-03-08,9862
3290,東浦,43,2,41,元大-南京,2023-03-08,9862
1442,名軒,39,0,39,元大-南京,2023-03-08,9862
2603,長榮,40,4,36,元大-南京,2023-03-08,9862
00752,中信中國50,33,0,33,元大-南京,2023-03-08,9862
6282,康舒,312,280,32,元大-南京,2023-03-08,9862
9105,泰金寶-DR,30,0,30,元大-南京,2023-03-08,9862
00753L,中信中國50正2,48,18,30,元大-南京,2023-03-08,9862
00751B,元大AAA至A公司債,28,0,28,元大-南京,2023-03-08,9862
2897,王道銀行,27,0,27,元大-南京,2023-03-08,9862
2606,裕民,26,0,26,元大-南京,2023-03-08,9862
911608,明輝-DR,25,0,25,元大-南京,2023-03-08,9862
2482,連宇,29,5,24,元大-南京,2023-03-08,9862
3444,利機,25,2,23,元大-南京,2023-03-08,9862
4572,駐龍,23,0,23,元大-南京,2023-03-08,9862
1513,中興電,77,54,23,元大-南京,2023-03-08,9862
3088,艾訊,28,6,22,元大-南京,2023-03-08,9862
9945,潤泰新,22,0,22,元大-南京,2023-03-08,9862
6180,橘子,21,1,20,元大-南京,2023-03-08,9862
2504,國產,20,0,20,元大-南京,2023-03-08,9862
9136,巨騰-DR,20,0,20,元大-南京,2023-03-08,9862
5009,榮剛,45,26,19,元大-南京,2023-03-08,9862
00713,元大台灣高息低波,19,0,19,元大-南京,2023-03-08,9862
3362,先進光,37,20,17,元大-南京,2023-03-08,9862
4155,訊映,17,0,17,元大-南京,2023-03-08,9862
2303,聯電,28,11,17,元大-南京,2023-03-08,9862
5203,訊連,25,8,17,元大-南京,2023-03-08,9862
2371,大同,22,7,15,元大-南京,2023-03-08,9862
2388,威盛,25,10,15,元大-南京,2023-03-08,9862
00923,群益台ESG低碳50,16,1,15,元大-南京,2023-03-08,9862
4746,台耀,16,1,15,元大-南京,2023-03-08,9862
1102,亞泥,16,2,14,元大-南京,2023-03-08,9862
8163,達方,18,5,13,元大-南京,2023-03-08,9862
6285,啟��,14,1,13,元大-南京,2023-03-08,9862
4543,萬在,33,20,13,元大-南京,2023-03-08,9862
3162,精確,16,4,12,元大-南京,2023-03-08,9862
00676R,富邦臺灣加權反1,300,0,300,元大-南京,2023-03-09,9862
3481,群創,341,79,262,元大-南京,2023-03-09,9862
00673R,期元大S＆P原油反1,80,1,79,元大-南京,2023-03-09,9862
1301,台塑,72,0,72,元大-南京,2023-03-09,9862
2409,友達,69,5,64,元大-南京,2023-03-09,9862
00878,國泰永續高股息,60,2,58,元大-南京,2023-03-09,9862
2867,三商壽,57,0,57,元大-南京,2023-03-09,9862
3046,建��,99,44,55,元大-南京,2023-03-09,9862
3209,全科,41,0,41,元大-南京,2023-03-09,9862
1303,南亞,37,1,36,元大-南京,2023-03-09,9862
9110,越南控-DR,35,0,35,元大-南京,2023-03-09,9862
2476,鉅祥,40,7,33,元大-南京,2023-03-09,9862
2371,大同,32,0,32,元大-南京,2023-03-09,9862
2388,威盛,50,18,32,元大-南京,2023-03-09,9862
8222,寶一,47,15,32,元大-南京,2023-03-09,9862
1101,台泥,34,2,32,元大-南京,2023-03-09,9862
8105,凌巨,30,2,28,元大-南京,2023-03-09,9862
2618,長榮航,37,10,27,元大-南京,2023-03-09,9862
00923,群益台ESG低碳50,27,0,27,元大-南京,2023-03-09,9862
1609,大亞,61,36,25,元大-南京,2023-03-09,9862
2317,鴻海,29,6,23,元大-南京,2023-03-09,9862
8112,至上,28,6,22,元大-南京,2023-03-09,9862
2436,偉詮電,20,0,20,元大-南京,2023-03-09,9862
2312,金寶,20,0,20,元大-南京,2023-03-09,9862
3003,健和興,25,5,20,元大-南京,2023-03-09,9862
4967,十銓,20,0,20,元大-南京,2023-03-09,9862
5371,中光電,20,0,20,元大-南京,2023-03-09,9862
1760,寶齡富錦,22,3,19,元大-南京,2023-03-09,9862
2891,中信金,18,0,18,元大-南京,2023-03-09,9862
2610,華航,48,31,17,元大-南京,2023-03-09,9862
6274,台燿,38,21,17,元大-南京,2023-03-09,9862
3708,上緯投控,20,3,17,元大-南京,2023-03-09,9862
2359,所羅門,80,65,15,元大-南京,2023-03-09,9862
2468,華經,25,10,15,元大-南京,2023-03-09,9862
3059,華晶科,21,6,15,元大-南京,2023-03-09,9862
8227,巨有科技,28,13,15,元大-南京,2023-03-09,9862
6799,來頡,14,0,14,元大-南京,2023-03-09,9862
2486,一詮,40,26,14,元大-南京,2023-03-09,9862
00751B,元大AAA至A公司債,13,0,13,元大-南京,2023-03-09,9862
2884,玉山金,14,1,13,元大-南京,2023-03-09,9862
2883,凱基金,12,0,12,元大-南京,2023-03-09,9862
2748,雲品,12,0,12,元大-南京,2023-03-09,9862
4915,致伸,15,3,12,元大-南京,2023-03-09,9862
3413,京鼎,12,0,12,元大-南京,2023-03-09,9862
5351,鈺創,13,1,12,元大-南京,2023-03-09,9862
00679B,元大美債20年,11,0,11,元大-南京,2023-03-09,9862
6841,長佳智能,11,0,11,元大-南京,2023-03-09,9862
6233,旺玖,16,5,11,元大-南京,2023-03-09,9862
2484,希華,14,3,11,元大-南京,2023-03-09,9862
6235,華孚,29,19,10,元大-南京,2023-03-09,9862
00878,國泰永續高股息,177,57,120,元大-南京,2023-03-10,9862
2609,陽明,373,256,117,元大-南京,2023-03-10,9862
2023,燁輝,108,0,108,元大-南京,2023-03-10,9862
1417,嘉裕,100,0,100,元大-南京,2023-03-10,9862
2890,永豐金,91,4,87,元大-南京,2023-03-10,9862
2303,聯電,108,25,83,元大-南京,2023-03-10,9862
2618,長榮航,76,13,63,元大-南京,2023-03-10,9862
8069,元太,62,2,60,元大-南京,2023-03-10,9862
00637L,元大滬深300正2,60,2,58,元大-南京,2023-03-10,9862
2885,元大金,52,2,50,元大-南京,2023-03-10,9862
8358,金居,52,2,50,元大-南京,2023-03-10,9862
6578,達邦蛋白,51,3,48,元大-南京,2023-03-10,9862
6235,華孚,87,39,48,元大-南京,2023-03-10,9862
2371,大同,49,3,46,元大-南京,2023-03-10,9862
2610,華航,85,42,43,元大-南京,2023-03-10,9862
2891,中信金,43,0,43,元大-南京,2023-03-10,9862
6548,長科*,40,0,40,元大-南京,2023-03-10,9862
2888,新光金,36,0,36,元大-南京,2023-03-10,9862
0056,元大高股息,42,10,32,元大-南京,2023-03-10,9862
3481,群創,51,20,31,元大-南京,2023-03-10,9862
6535,順藥,30,0,30,元大-南京,2023-03-10,9862
2388,威盛,97,68,29,元大-南京,2023-03-10,9862
3162,精確,36,7,29,元大-南京,2023-03-10,9862
00923,群益台ESG低碳50,29,0,29,元大-南京,2023-03-10,9862
6173,信昌電,28,0,28,元大-南京,2023-03-10,9862
00665L,富邦�琤肭磪囓�2,28,0,28,元大-南京,2023-03-10,9862
2534,宏盛,31,3,28,元大-南京,2023-03-10,9862
2313,華通,27,0,27,元大-南京,2023-03-10,9862
3017,奇鋐,28,1,27,元大-南京,2023-03-10,9862
4572,駐龍,26,0,26,元大-南京,2023-03-10,9862
2471,資通,28,3,25,元大-南京,2023-03-10,9862
2701,萬企,27,2,25,元大-南京,2023-03-10,9862
1326,台化,23,0,23,元大-南京,2023-03-10,9862
4977,眾達-KY,42,19,23,元大-南京,2023-03-10,9862
2929,淘帝-KY,24,2,22,元大-南京,2023-03-10,9862
4164,承業醫,41,20,21,元大-南京,2023-03-10,9862
2498,宏達電,22,2,20,元大-南京,2023-03-10,9862
4123,晟德,20,0,20,元大-南京,2023-03-10,9862
00713,元大台灣高息低波,22,3,19,元大-南京,2023-03-10,9862
2330,台積電,20,1,19,元大-南京,2023-03-10,9862
2617,台航,19,1,18,元大-南京,2023-03-10,9862
2882,國泰金,39,22,17,元大-南京,2023-03-10,9862
1101,台泥,17,0,17,元大-南京,2023-03-10,9862
00882,中信中國高股息,17,0,17,元大-南京,2023-03-10,9862
3479,安勤,22,5,17,元大-南京,2023-03-10,9862
0050,元大台灣50,21,4,17,元大-南京,2023-03-10,9862
2344,華邦電,25,8,17,元大-南京,2023-03-10,9862
3322,建舜電,24,8,16,元大-南京,2023-03-10,9862
3128,昇銳,19,3,16,元大-南京,2023-03-10,9862
1504,東元,42,26,16,元大-南京,2023-03-10,9862
00878,國泰永續高股息,191,38,153,元大-南京,2023-03-13,9862
4977,眾達-KY,100,3,97,元大-南京,2023-03-13,9862
00632R,元大台灣50反1,251,168,83,元大-南京,2023-03-13,9862
9105,泰金寶-DR,60,0,60,元大-南京,2023-03-13,9862
2888,新光金,52,1,51,元大-南京,2023-03-13,9862
00919,群益台灣精選高息,51,0,51,元大-南京,2023-03-13,9862
3046,建��,152,104,48,元大-南京,2023-03-13,9862
2313,華通,47,0,47,元大-南京,2023-03-13,9862
1605,華新,135,89,46,元大-南京,2023-03-13,9862
2618,長榮航,51,5,46,元大-南京,2023-03-13,9862
2427,三商電,52,13,39,元大-南京,2023-03-13,9862
2457,飛宏,252,220,32,元大-南京,2023-03-13,9862
1909,榮成,30,0,30,元大-南京,2023-03-13,9862
00715L,期街口布蘭特正2,38,11,27,元大-南京,2023-03-13,9862
2609,陽明,74,47,27,元大-南京,2023-03-13,9862
00751B,元大AAA至A公司債,26,0,26,元大-南京,2023-03-13,9862
4164,承業醫,32,7,25,元大-南京,2023-03-13,9862
00713,元大台灣高息低波,24,0,24,元大-南京,2023-03-13,9862
00753L,中信中國50正2,55,31,24,元大-南京,2023-03-13,9862
2331,精英,24,2,22,元大-南京,2023-03-13,9862
00891,中信關鍵半導體,22,0,22,元大-南京,2023-03-13,9862
2748,雲品,25,4,21,元大-南京,2023-03-13,9862
00680L,元大美債20正2,72,51,21,元大-南京,2023-03-13,9862
00830,國泰費城半導體,20,0,20,元大-南京,2023-03-13,9862
2010,春源,20,0,20,元大-南京,2023-03-13,9862
00772B,中信高評級公司債,21,1,20,元大-南京,2023-03-13,9862
00892,富邦台灣半導體,19,0,19,元大-南京,2023-03-13,9862
1442,名軒,17,0,17,元大-南京,2023-03-13,9862
3234,光環,23,7,16,元大-南京,2023-03-13,9862
2880,華南金,15,0,15,元大-南京,2023-03-13,9862
4142,國光生,14,0,14,元大-南京,2023-03-13,9862
0056,元大高股息,18,5,13,元大-南京,2023-03-13,9862
9921,巨大,13,0,13,元大-南京,2023-03-13,9862
00881,國泰台灣5G+,13,0,13,元大-南京,2023-03-13,9862
4167,松瑞藥,16,3,13,元大-南京,2023-03-13,9862
00720B,元大投資級公司債,13,0,13,元大-南京,2023-03-13,9862
3380,明泰,14,1,13,元大-南京,2023-03-13,9862
2884,玉山金,16,4,12,元大-南京,2023-03-13,9862
2359,所羅門,15,3,12,元大-南京,2023-03-13,9862
2701,萬企,12,0,12,元大-南京,2023-03-13,9862
6689,伊雲谷,15,3,12,元大-南京,2023-03-13,9862
5880,合庫金,12,0,12,元大-南京,2023-03-13,9862
00633L,富邦上証正2,36,25,11,元大-南京,2023-03-13,9862
2801,彰銀,11,0,11,元大-南京,2023-03-13,9862
2615,萬海,14,3,11,元大-南京,2023-03-13,9862
8401,白紗科,11,0,11,元大-南京,2023-03-13,9862
00712,復華富時不動產,11,0,11,元大-南京,2023-03-13,9862
2606,裕民,10,0,10,元大-南京,2023-03-13,9862
2371,大同,10,0,10,元大-南京,2023-03-13,9862
2468,華經,10,0,10,元大-南京,2023-03-13,9862
2603,長榮,5697,33,5664,元大-南京,2023-03-14,9862
00680L,元大美債20正2,243,8,235,元大-南京,2023-03-14,9862
00878,國泰永續高股息,211,1,210,元大-南京,2023-03-14,9862
00679B,元大美債20年,152,0,152,元大-南京,2023-03-14,9862
2618,長榮航,155,5,150,元大-南京,2023-03-14,9862
2610,華航,122,1,121,元大-南京,2023-03-14,9862
2388,威盛,132,34,98,元大-南京,2023-03-14,9862
2476,鉅祥,80,0,80,元大-南京,2023-03-14,9862
2303,聯電,79,2,77,元大-南京,2023-03-14,9862
4977,眾達-KY,67,2,65,元大-南京,2023-03-14,9862
00642U,期元大S＆P石油,57,0,57,元大-南京,2023-03-14,9862
2891,中信金,52,0,52,元大-南京,2023-03-14,9862
2889,國票金,42,1,41,元大-南京,2023-03-14,9862
2888,新光金,39,1,38,元大-南京,2023-03-14,9862
2344,華邦電,45,7,38,元大-南京,2023-03-14,9862
00637L,元大滬深300正2,35,0,35,元大-南京,2023-03-14,9862
2027,大成鋼,66,32,34,元大-南京,2023-03-14,9862
6147,頎邦,33,0,33,元大-南京,2023-03-14,9862
5258,虹堡,45,13,32,元大-南京,2023-03-14,9862
2882,國泰金,30,0,30,元大-南京,2023-03-14,9862
00902,中信電池及儲能,30,0,30,元大-南京,2023-03-14,9862
1909,榮成,30,0,30,元大-南京,2023-03-14,9862
2615,萬海,54,25,29,元大-南京,2023-03-14,9862
2409,友達,29,1,28,元大-南京,2023-03-14,9862
00713,元大台灣高息低波,34,6,28,元大-南京,2023-03-14,9862
2454,聯發科,27,1,26,元大-南京,2023-03-14,9862
6869,雲豹能源,26,1,25,元大-南京,2023-03-14,9862
2609,陽明,61,36,25,元大-南京,2023-03-14,9862
2892,第一金,23,0,23,元大-南京,2023-03-14,9862
2881,富邦金,24,2,22,元大-南京,2023-03-14,9862
020034,元大IC設計N,22,0,22,元大-南京,2023-03-14,9862
2834,臺企銀,22,0,22,元大-南京,2023-03-14,9862
9907,統一實,22,0,22,元大-南京,2023-03-14,9862
0050,元大台灣50,19,1,18,元大-南京,2023-03-14,9862
00893,國泰智能電動車,23,5,18,元大-南京,2023-03-14,9862
00715L,期街口布蘭特正2,20,2,18,元大-南京,2023-03-14,9862
00892,富邦台灣半導體,19,1,18,元大-南京,2023-03-14,9862
4763,材料-KY,32,15,17,元大-南京,2023-03-14,9862
00830,國泰費城半導體,17,0,17,元大-南京,2023-03-14,9862
3033,威健,16,0,16,元大-南京,2023-03-14,9862
3189,景碩,16,0,16,元大-南京,2023-03-14,9862
4927,泰鼎-KY,16,0,16,元大-南京,2023-03-14,9862
00751B,元大AAA至A公司債,15,0,15,元大-南京,2023-03-14,9862
5607,遠雄港,15,0,15,元大-南京,2023-03-14,9862
2637,慧洋-KY,21,6,15,元大-南京,2023-03-14,9862
3491,昇達科,20,6,14,元大-南京,2023-03-14,9862
8289,泰藝,14,0,14,元大-南京,2023-03-14,9862
3673,TPK-KY,19,5,14,元大-南京,2023-03-14,9862
1442,名軒,20,6,14,元大-南京,2023-03-14,9862
2887,台新金,15,1,14,元大-南京,2023-03-14,9862
6235,華孚,293,85,208,元大-南京,2023-03-15,9862
2313,華通,205,6,199,元大-南京,2023-03-15,9862
2891,中信金,116,3,113,元大-南京,2023-03-15,9862
1589,永冠-KY,106,0,106,元大-南京,2023-03-15,9862
00632R,元大台灣50反1,143,40,103,元大-南京,2023-03-15,9862
2913,農林,100,0,100,元大-南京,2023-03-15,9862
00878,國泰永續高股息,94,14,80,元大-南京,2023-03-15,9862
2888,新光金,64,0,64,元大-南京,2023-03-15,9862
4967,十銓,101,38,63,元大-南京,2023-03-15,9862
3162,精確,75,20,55,元大-南京,2023-03-15,9862
00679B,元大美債20年,54,4,50,元大-南京,2023-03-15,9862
020034,元大IC設計N,48,0,48,元大-南京,2023-03-15,9862
8358,金居,43,2,41,元大-南京,2023-03-15,9862
6147,頎邦,33,0,33,元大-南京,2023-03-15,9862
1301,台塑,31,0,31,元大-南京,2023-03-15,9862
2607,榮運,30,1,29,元大-南京,2023-03-15,9862
2312,金寶,27,0,27,元大-南京,2023-03-15,9862
2887,台新金,30,3,27,元大-南京,2023-03-15,9862
00713,元大台灣高息低波,25,0,25,元大-南京,2023-03-15,9862
2883,凱基金,31,7,24,元大-南京,2023-03-15,9862
6109,亞元,23,0,23,元大-南京,2023-03-15,9862
2542,興富發,21,0,21,元大-南京,2023-03-15,9862
00642U,期元大S＆P石油,23,2,21,元大-南京,2023-03-15,9862
2534,宏盛,22,1,21,元大-南京,2023-03-15,9862
2609,陽明,54,33,21,元大-南京,2023-03-15,9862
00715L,期街口布蘭特正2,20,0,20,元大-南京,2023-03-15,9862
3558,神準,39,20,19,元大-南京,2023-03-15,9862
3141,晶宏,18,0,18,元大-南京,2023-03-15,9862
2881,富邦金,18,1,17,元大-南京,2023-03-15,9862
2301,光寶科,23,7,16,元大-南京,2023-03-15,9862
2414,精技,16,0,16,元大-南京,2023-03-15,9862
2453,凌群,42,26,16,元大-南京,2023-03-15,9862
2457,飛宏,58,43,15,元大-南京,2023-03-15,9862
4938,和碩,17,2,15,元大-南京,2023-03-15,9862
6248,沛波,15,0,15,元大-南京,2023-03-15,9862
6005,群益證,14,0,14,元大-南京,2023-03-15,9862
1417,嘉裕,14,0,14,元大-南京,2023-03-15,9862
4934,太極,19,5,14,元大-南京,2023-03-15,9862
4968,立積,13,0,13,元大-南京,2023-03-15,9862
6122,擎邦,23,10,13,元大-南京,2023-03-15,9862
2388,威盛,28,15,13,元大-南京,2023-03-15,9862
2409,友達,17,5,12,元大-南京,2023-03-15,9862
00720B,元大投資級公司債,12,0,12,元大-南京,2023-03-15,9862
1101,台泥,12,0,12,元大-南京,2023-03-15,9862
1701,中化,11,0,11,元大-南京,2023-03-15,9862
2201,裕隆,14,3,11,元大-南京,2023-03-15,9862
1810,和成,10,0,10,元大-南京,2023-03-15,9862
4974,亞泰,10,0,10,元大-南京,2023-03-15,9862
8097,常珵,10,0,10,元大-南京,2023-03-15,9862
6167,久正,10,0,10,元大-南京,2023-03-15,9862
6116,彩晶,501,8,493,元大-南京,2023-03-16,9862
00680L,元大美債20正2,163,1,162,元大-南京,2023-03-16,9862
00878,國泰永續高股息,167,9,158,元大-南京,2023-03-16,9862
1417,嘉裕,86,0,86,元大-南京,2023-03-16,9862
2618,長榮航,90,4,86,元大-南京,2023-03-16,9862
2888,新光金,93,10,83,元大-南京,2023-03-16,9862
2388,威盛,120,45,75,元大-南京,2023-03-16,9862
1532,勤美,68,0,68,元大-南京,2023-03-16,9862
00642U,期元大S＆P石油,59,0,59,元大-南京,2023-03-16,9862
2891,中信金,55,0,55,元大-南京,2023-03-16,9862
2359,所羅門,57,2,55,元大-南京,2023-03-16,9862
2834,臺企銀,122,78,44,元大-南京,2023-03-16,9862
4919,新唐,45,3,42,元大-南京,2023-03-16,9862
2634,漢翔,51,9,42,元大-南京,2023-03-16,9862
2882,國泰金,44,7,37,元大-南京,2023-03-16,9862
1611,中電,52,16,36,元大-南京,2023-03-16,9862
00713,元大台灣高息低波,36,1,35,元大-南京,2023-03-16,9862
2609,陽明,90,55,35,元大-南京,2023-03-16,9862
4164,承業醫,52,21,31,元大-南京,2023-03-16,9862
0056,元大高股息,48,18,30,元大-南京,2023-03-16,9862
2603,長榮,62,36,26,元大-南京,2023-03-16,9862
00665L,富邦�琤肭磪囓�2,21,0,21,元大-南京,2023-03-16,9862
3209,全科,20,0,20,元大-南京,2023-03-16,9862
2331,精英,20,0,20,元大-南京,2023-03-16,9862
1589,永冠-KY,20,0,20,元大-南京,2023-03-16,9862
2010,春源,20,0,20,元大-南京,2023-03-16,9862
00751B,元大AAA至A公司債,20,0,20,元大-南京,2023-03-16,9862
5351,鈺創,20,2,18,元大-南京,2023-03-16,9862
3322,建舜電,18,0,18,元大-南京,2023-03-16,9862
2890,永豐金,18,1,17,元大-南京,2023-03-16,9862
00712,復華富時不動產,17,0,17,元大-南京,2023-03-16,9862
2915,潤泰全,18,3,15,元大-南京,2023-03-16,9862
6788,華景電,15,0,15,元大-南京,2023-03-16,9862
3630,新鉅科,17,2,15,元大-南京,2023-03-16,9862
8087,麗升能源,15,0,15,元大-南京,2023-03-16,9862
4157,太景*-KY,15,0,15,元大-南京,2023-03-16,9862
2897,王道銀行,15,0,15,元大-南京,2023-03-16,9862
5603,陸海,14,0,14,元大-南京,2023-03-16,9862
6173,信昌電,14,0,14,元大-南京,2023-03-16,9862
2887,台新金,16,2,14,元大-南京,2023-03-16,9862
8358,金居,18,5,13,元大-南京,2023-03-16,9862
2327,國巨,13,0,13,元大-南京,2023-03-16,9862
3037,欣興,16,3,13,元大-南京,2023-03-16,9862
3624,光頡,22,9,13,元大-南京,2023-03-16,9862
4934,太極,24,11,13,元大-南京,2023-03-16,9862
2885,元大金,14,2,12,元大-南京,2023-03-16,9862
3162,精確,25,13,12,元大-南京,2023-03-16,9862
0050,元大台灣50,20,8,12,元大-南京,2023-03-16,9862
2419,仲琦,12,0,12,元大-南京,2023-03-16,9862
2312,金寶,12,0,12,元大-南京,2023-03-16,9862
00893,國泰智能電動車,300,11,289,元大-南京,2023-03-17,9862
6116,彩晶,261,0,261,元大-南京,2023-03-17,9862
00632R,元大台灣50反1,468,288,180,元大-南京,2023-03-17,9862
3033,威健,137,0,137,元大-南京,2023-03-17,9862
1532,勤美,75,2,73,元大-南京,2023-03-17,9862
00830,國泰費城半導體,72,1,71,元大-南京,2023-03-17,9862
2330,台積電,80,18,62,元大-南京,2023-03-17,9862
9945,潤泰新,62,2,60,元大-南京,2023-03-17,9862
2891,中信金,57,14,43,元大-南京,2023-03-17,9862
1589,永冠-KY,38,0,38,元大-南京,2023-03-17,9862
4967,十銓,52,16,36,元大-南京,2023-03-17,9862
00713,元大台灣高息低波,33,1,32,元大-南京,2023-03-17,9862
1402,遠東新,32,0,32,元大-南京,2023-03-17,9862
2883,凱基金,31,1,30,元大-南京,2023-03-17,9862
2107,厚生,30,0,30,元大-南京,2023-03-17,9862
00642U,期元大S＆P石油,28,1,27,元大-南京,2023-03-17,9862
6244,茂迪,53,27,26,元大-南京,2023-03-17,9862
4763,材料-KY,35,12,23,元大-南京,2023-03-17,9862
6180,橘子,21,0,21,元大-南京,2023-03-17,9862
2442,新美齊,20,0,20,元大-南京,2023-03-17,9862
6799,來頡,20,0,20,元大-南京,2023-03-17,9862
00753L,中信中國50正2,20,1,19,元大-南京,2023-03-17,9862
9904,寶成,21,2,19,元大-南京,2023-03-17,9862
00680L,元大美債20正2,16,0,16,元大-南京,2023-03-17,9862
4934,太極,17,1,16,元大-南京,2023-03-17,9862
2401,凌陽,15,0,15,元大-南京,2023-03-17,9862
6274,台燿,14,0,14,元大-南京,2023-03-17,9862
2471,資通,24,10,14,元大-南京,2023-03-17,9862
2388,威盛,28,15,13,元大-南京,2023-03-17,9862
5483,中美晶,14,1,13,元大-南京,2023-03-17,9862
2727,王品,15,2,13,元大-南京,2023-03-17,9862
2892,第一金,16,3,13,元大-南京,2023-03-17,9862
1609,大亞,12,0,12,元大-南京,2023-03-17,9862
3532,台勝科,12,0,12,元大-南京,2023-03-17,9862
2801,彰銀,12,0,12,元大-南京,2023-03-17,9862
2534,宏盛,12,0,12,元大-南京,2023-03-17,9862
4155,訊映,11,0,11,元大-南京,2023-03-17,9862
1326,台化,11,0,11,元大-南京,2023-03-17,9862
1722,台肥,11,0,11,元大-南京,2023-03-17,9862
2406,國碩,16,6,10,元大-南京,2023-03-17,9862
2641,正德,10,0,10,元大-南京,2023-03-17,9862
2882A,國泰特,10,0,10,元大-南京,2023-03-17,9862
3481,群創,20,10,10,元大-南京,2023-03-17,9862
2010,春源,10,0,10,元大-南京,2023-03-17,9862
2356,英業達,11,1,10,元大-南京,2023-03-17,9862
2243,宏旭-KY,21,11,10,元大-南京,2023-03-17,9862
4953,緯軟,10,0,10,元大-南京,2023-03-17,9862
2881,富邦金,12,2,10,元大-南京,2023-03-17,9862
2890,永豐金,12,3,9,元大-南京,2023-03-17,9862
00715L,期街口布蘭特正2,13,4,9,元大-南京,2023-03-17,9862
1532,勤美,122,5,117,元大-南京,2023-03-20,9862
8401,白紗科,110,0,110,元大-南京,2023-03-20,9862
1589,永冠-KY,101,1,100,元大-南京,2023-03-20,9862
00632R,元大台灣50反1,115,25,90,元大-南京,2023-03-20,9862
4977,眾達-KY,75,5,70,元大-南京,2023-03-20,9862
8936,國統,75,10,65,元大-南京,2023-03-20,9862
00878,國泰永續高股息,61,0,61,元大-南京,2023-03-20,9862
2303,聯電,68,10,58,元大-南京,2023-03-20,9862
2030,彰源,50,0,50,元大-南京,2023-03-20,9862
00715L,期街口布蘭特正2,36,0,36,元大-南京,2023-03-20,9862
2882,國泰金,37,2,35,元大-南京,2023-03-20,9862
1218,泰山,33,0,33,元大-南京,2023-03-20,9862
00673R,期元大S＆P原油反1,30,0,30,元大-南京,2023-03-20,9862
1605,華新,35,5,30,元大-南京,2023-03-20,9862
00637L,元大滬深300正2,30,2,28,元大-南京,2023-03-20,9862
2108,南帝,25,0,25,元大-南京,2023-03-20,9862
2891,中信金,32,11,21,元大-南京,2023-03-20,9862
00642U,期元大S＆P石油,51,30,21,元大-南京,2023-03-20,9862
2353,宏��,24,3,21,元大-南京,2023-03-20,9862
5351,鈺創,20,1,19,元大-南京,2023-03-20,9862
2834,臺企銀,33,15,18,元大-南京,2023-03-20,9862
2342,茂矽,33,16,17,元大-南京,2023-03-20,9862
00885,富邦越南,17,0,17,元大-南京,2023-03-20,9862
6788,華景電,17,1,16,元大-南京,2023-03-20,9862
3533,嘉澤,18,2,16,元大-南京,2023-03-20,9862
2732,六角,14,0,14,元大-南京,2023-03-20,9862
2609,陽明,32,19,13,元大-南京,2023-03-20,9862
6116,彩晶,13,0,13,元大-南京,2023-03-20,9862
2801,彰銀,13,0,13,元大-南京,2023-03-20,9862
2243,宏旭-KY,13,0,13,元大-南京,2023-03-20,9862
1519,華城,17,5,12,元大-南京,2023-03-20,9862
3576,聯合再生,18,6,12,元大-南京,2023-03-20,9862
6274,台燿,31,19,12,元大-南京,2023-03-20,9862
00751B,元大AAA至A公司債,11,0,11,元大-南京,2023-03-20,9862
3702,大聯大,11,0,11,元大-南京,2023-03-20,9862
3048,益登,11,0,11,元大-南京,2023-03-20,9862
2888,新光金,10,0,10,元大-南京,2023-03-20,9862
6770,力積電,10,0,10,元大-南京,2023-03-20,9862
2476,鉅祥,10,0,10,元大-南京,2023-03-20,9862
2362,藍天,10,0,10,元大-南京,2023-03-20,9862
2331,精英,10,0,10,元大-南京,2023-03-20,9862
3035,智原,12,2,10,元大-南京,2023-03-20,9862
2867,三商壽,10,0,10,元大-南京,2023-03-20,9862
6753,龍德造船,12,3,9,元大-南京,2023-03-20,9862
1708,東鹼,10,1,9,元大-南京,2023-03-20,9862
6231,系微,29,20,9,元大-南京,2023-03-20,9862
2892,第一金,8,0,8,元大-南京,2023-03-20,9862
5876,上海商銀,8,0,8,元大-南京,2023-03-20,9862
3289,宜特,10,2,8,元大-南京,2023-03-20,9862
6294,智基,8,0,8,元大-南京,2023-03-20,9862
1326,台化,100,0,100,元大-南京,2023-03-21,9862
911868,同方友友-DR,100,30,70,元大-南京,2023-03-21,9862
00885,富邦越南,66,0,66,元大-南京,2023-03-21,9862
2462,良得電,49,0,49,元大-南京,2023-03-21,9862
912000,晨訊科-DR,45,0,45,元大-南京,2023-03-21,9862
2471,資通,67,34,33,元大-南京,2023-03-21,9862
2880,華南金,32,0,32,元大-南京,2023-03-21,9862
2888,新光金,31,0,31,元大-南京,2023-03-21,9862
4934,太極,35,4,31,元大-南京,2023-03-21,9862
020034,元大IC設計N,30,0,30,元大-南京,2023-03-21,9862
1532,勤美,37,10,27,元大-南京,2023-03-21,9862
2359,所羅門,32,6,26,元大-南京,2023-03-21,9862
5009,榮剛,54,29,25,元大-南京,2023-03-21,9862
3011,今皓,25,0,25,元大-南京,2023-03-21,9862
2883,凱基金,29,5,24,元大-南京,2023-03-21,9862
00715L,期街口布蘭特正2,23,1,22,元大-南京,2023-03-21,9862
2634,漢翔,29,7,22,元大-南京,2023-03-21,9862
2371,大同,24,2,22,元大-南京,2023-03-21,9862
6443,元晶,32,10,22,元大-南京,2023-03-21,9862
1589,永冠-KY,30,9,21,元大-南京,2023-03-21,9862
1603,華電,41,21,20,元大-南京,2023-03-21,9862
4967,十銓,40,21,19,元大-南京,2023-03-21,9862
00680L,元大美債20正2,29,11,18,元大-南京,2023-03-21,9862
3711,日月光投控,16,0,16,元大-南京,2023-03-21,9862
8289,泰藝,31,16,15,元大-南京,2023-03-21,9862
1210,大成,14,0,14,元大-南京,2023-03-21,9862
2882,國泰金,17,3,14,元大-南京,2023-03-21,9862
6244,茂迪,43,30,13,元大-南京,2023-03-21,9862
2614,東森,15,2,13,元大-南京,2023-03-21,9862
6213,聯茂,12,0,12,元大-南京,2023-03-21,9862
6116,彩晶,17,5,12,元大-南京,2023-03-21,9862
1215,卜蜂,12,0,12,元大-南京,2023-03-21,9862
6191,精成科,22,10,12,元大-南京,2023-03-21,9862
6859,伯特光,12,0,12,元大-南京,2023-03-21,9862
2449,京元電子,15,3,12,元大-南京,2023-03-21,9862
2303,聯電,27,16,11,元大-南京,2023-03-21,9862
6288,聯嘉,13,2,11,元大-南京,2023-03-21,9862
6417,韋僑,14,3,11,元大-南京,2023-03-21,9862
2609,陽明,13,2,11,元大-南京,2023-03-21,9862
5258,虹堡,25,14,11,元大-南京,2023-03-21,9862
1810,和成,10,0,10,元大-南京,2023-03-21,9862
8021,尖點,10,0,10,元大-南京,2023-03-21,9862
9918,欣天然,10,0,10,元大-南京,2023-03-21,9862
1611,中電,26,16,10,元大-南京,2023-03-21,9862
2534,宏盛,10,0,10,元大-南京,2023-03-21,9862
6806,森崴能源,15,5,10,元大-南京,2023-03-21,9862
3034,聯詠,10,0,10,元大-南京,2023-03-21,9862
1524,耿鼎,15,6,9,元大-南京,2023-03-21,9862
3356,奇偶,13,4,9,元大-南京,2023-03-21,9862
2243,宏旭-KY,9,0,9,元大-南京,2023-03-21,9862
3481,群創,527,5,522,元大-南京,2023-03-22,9862
1504,東元,190,63,127,元大-南京,2023-03-22,9862
2344,華邦電,105,0,105,元大-南京,2023-03-22,9862
4707,磐亞,100,0,100,元大-南京,2023-03-22,9862
2834,臺企銀,90,0,90,元大-南京,2023-03-22,9862
1589,永冠-KY,92,4,88,元大-南京,2023-03-22,9862
3491,昇達科,74,4,70,元大-南京,2023-03-22,9862
2457,飛宏,115,54,61,元大-南京,2023-03-22,9862
2606,裕民,62,1,61,元大-南京,2023-03-22,9862
6244,茂迪,56,8,48,元大-南京,2023-03-22,9862
3356,奇偶,38,0,38,元大-南京,2023-03-22,9862
2449,京元電子,30,1,29,元大-南京,2023-03-22,9862
00643,群益深証中小,29,0,29,元大-南京,2023-03-22,9862
00772B,中信高評級公司債,28,0,28,元大-南京,2023-03-22,9862
2881,富邦金,31,6,25,元大-南京,2023-03-22,9862
00679B,元大美債20年,24,0,24,元大-南京,2023-03-22,9862
3058,立德,31,9,22,元大-南京,2023-03-22,9862
3260,威剛,33,11,22,元大-南京,2023-03-22,9862
3209,全科,20,0,20,元大-南京,2023-03-22,9862
2880,華南金,20,0,20,元大-南京,2023-03-22,9862
2331,精英,20,0,20,元大-南京,2023-03-22,9862
4306,炎洲,26,7,19,元大-南京,2023-03-22,9862
5353,台林,25,6,19,元大-南京,2023-03-22,9862
2317,鴻海,18,2,16,元大-南京,2023-03-22,9862
2027,大成鋼,16,0,16,元大-南京,2023-03-22,9862
3664,安瑞-KY,17,1,16,元大-南京,2023-03-22,9862
2607,榮運,15,0,15,元大-南京,2023-03-22,9862
9103,美德醫療-DR,15,0,15,元大-南京,2023-03-22,9862
6235,華孚,19,4,15,元大-南京,2023-03-22,9862
5210,寶碩,14,0,14,元大-南京,2023-03-22,9862
2890,永豐金,19,6,13,元大-南京,2023-03-22,9862
1584,精剛,18,5,13,元大-南京,2023-03-22,9862
6182,合晶,14,1,13,元大-南京,2023-03-22,9862
6125,廣運,12,0,12,元大-南京,2023-03-22,9862
2371,大同,11,0,11,元大-南京,2023-03-22,9862
4967,十銓,20,9,11,元大-南京,2023-03-22,9862
6715,嘉基,18,7,11,元大-南京,2023-03-22,9862
2354,鴻準,11,0,11,元大-南京,2023-03-22,9862
6245,立端,11,1,10,元大-南京,2023-03-22,9862
1453,大將,10,0,10,元大-南京,2023-03-22,9862
2612,中航,10,0,10,元大-南京,2023-03-22,9862
2314,台揚,10,0,10,元大-南京,2023-03-22,9862
00642U,期元大S＆P石油,20,10,10,元大-南京,2023-03-22,9862
4804,大略-KY,10,0,10,元大-南京,2023-03-22,9862
2376,技嘉,11,2,9,元大-南京,2023-03-22,9862
2609,陽明,13,4,9,元大-南京,2023-03-22,9862
00715L,期街口布蘭特正2,25,16,9,元大-南京,2023-03-22,9862
4426,利勤,23,14,9,元大-南京,2023-03-22,9862
2610,華航,10,1,9,元大-南京,2023-03-22,9862
6275,元山,13,4,9,元大-南京,2023-03-22,9862
2368,金像電,120,2,118,元大-南京,2023-03-23,9862
2603,長榮,113,4,109,元大-南京,2023-03-23,9862
1773,勝一,80,10,70,元大-南京,2023-03-23,9862
8936,國統,62,1,61,元大-南京,2023-03-23,9862
5425,台半,76,18,58,元大-南京,2023-03-23,9862
2457,飛宏,119,66,53,元大-南京,2023-03-23,9862
5222,全訊,53,1,52,元大-南京,2023-03-23,9862
2402,毅嘉,134,82,52,元大-南京,2023-03-23,9862
3481,群創,45,0,45,元大-南京,2023-03-23,9862
2834,臺企銀,46,1,45,元大-南京,2023-03-23,9862
3701,大眾控,41,0,41,元大-南京,2023-03-23,9862
3653,健策,34,1,33,元大-南京,2023-03-23,9862
2481,強茂,32,3,29,元大-南京,2023-03-23,9862
2442,新美齊,28,0,28,元大-南京,2023-03-23,9862
00632R,元大台灣50反1,28,0,28,元大-南京,2023-03-23,9862
1104,環泥,23,0,23,元大-南京,2023-03-23,9862
5475,德宏,26,5,21,元大-南京,2023-03-23,9862
8926,台汽電,25,4,21,元大-南京,2023-03-23,9862
3035,智原,25,5,20,元大-南京,2023-03-23,9862
1524,耿鼎,24,4,20,元大-南京,2023-03-23,9862
3710,連展投控,24,4,20,元大-南京,2023-03-23,9862
6578,達邦蛋白,20,0,20,元大-南京,2023-03-23,9862
3260,威剛,59,41,18,元大-南京,2023-03-23,9862
00881,國泰台灣5G+,22,4,18,元大-南京,2023-03-23,9862
8112,至上,19,1,18,元大-南京,2023-03-23,9862
4746,台耀,22,6,16,元大-南京,2023-03-23,9862
00751B,元大AAA至A公司債,15,0,15,元大-南京,2023-03-23,9862
2375,凱美,16,1,15,元大-南京,2023-03-23,9862
6609,瀧澤科,13,0,13,元大-南京,2023-03-23,9862
8033,雷虎,13,1,12,元大-南京,2023-03-23,9862
2313,華通,12,0,12,元大-南京,2023-03-23,9862
2606,裕民,11,0,11,元大-南京,2023-03-23,9862
3038,全台,14,3,11,元大-南京,2023-03-23,9862
5474,聰泰,11,0,11,元大-南京,2023-03-23,9862
00665L,富邦�琤肭磪囓�2,17,6,11,元大-南京,2023-03-23,9862
6231,系微,13,2,11,元大-南京,2023-03-23,9862
1514,亞力,20,10,10,元大-南京,2023-03-23,9862
00772B,中信高評級公司債,10,0,10,元大-南京,2023-03-23,9862
00717,富邦美國特別股,10,0,10,元大-南京,2023-03-23,9862
5230,雷笛克光學,10,0,10,元大-南京,2023-03-23,9862
2915,潤泰全,10,0,10,元大-南京,2023-03-23,9862
3265,台星科,11,1,10,元大-南京,2023-03-23,9862
2303,聯電,25,16,9,元大-南京,2023-03-23,9862
2305,全友,9,0,9,元大-南京,2023-03-23,9862
2360,致茂,11,2,9,元大-南京,2023-03-23,9862
6122,擎邦,11,2,9,元大-南京,2023-03-23,9862
5351,鈺創,12,3,9,元大-南京,2023-03-23,9862
4919,新唐,28,19,9,元大-南京,2023-03-23,9862
5608,四維航,10,2,8,元大-南京,2023-03-23,9862
2641,正德,8,0,8,元大-南京,2023-03-23,9862
3033,威健,75,0,75,元大-南京,2023-03-24,9862
00902,中信電池及儲能,74,0,74,元大-南京,2023-03-24,9862
00632R,元大台灣50反1,59,5,54,元大-南京,2023-03-24,9862
1301,台塑,50,0,50,元大-南京,2023-03-24,9862
6191,精成科,50,0,50,元大-南京,2023-03-24,9862
4973,廣穎,50,6,44,元大-南京,2023-03-24,9862
4934,太極,42,0,42,元大-南京,2023-03-24,9862
6546,正基,40,1,39,元大-南京,2023-03-24,9862
4967,十銓,75,38,37,元大-南京,2023-03-24,9862
3038,全台,41,4,37,元大-南京,2023-03-24,9862
00753L,中信中國50正2,38,4,34,元大-南京,2023-03-24,9862
2324,仁寶,34,1,33,元大-南京,2023-03-24,9862
5475,德宏,30,0,30,元大-南京,2023-03-24,9862
2457,飛宏,56,28,28,元大-南京,2023-03-24,9862
5222,全訊,45,18,27,元大-南京,2023-03-24,9862
2883,凱基金,28,2,26,元大-南京,2023-03-24,9862
2388,威盛,51,28,23,元大-南京,2023-03-24,9862
6244,茂迪,25,4,21,元大-南京,2023-03-24,9862
3011,今皓,25,4,21,元大-南京,2023-03-24,9862
4426,利勤,20,0,20,元大-南京,2023-03-24,9862
020034,元大IC設計N,20,0,20,元大-南京,2023-03-24,9862
2449,京元電子,22,2,20,元大-南京,2023-03-24,9862
3025,星通,25,6,19,元大-南京,2023-03-24,9862
1609,大亞,72,53,19,元大-南京,2023-03-24,9862
2618,長榮航,21,5,16,元大-南京,2023-03-24,9862
4763,材料-KY,53,37,16,元大-南京,2023-03-24,9862
3034,聯詠,18,2,16,元大-南京,2023-03-24,9862
00751B,元大AAA至A公司債,15,0,15,元大-南京,2023-03-24,9862
2883B,凱基金乙特,15,0,15,元大-南京,2023-03-24,9862
1104,環泥,16,1,15,元大-南京,2023-03-24,9862
4960,誠美材,15,0,15,元大-南京,2023-03-24,9862
1102,亞泥,15,0,15,元大-南京,2023-03-24,9862
00720B,元大投資級公司債,14,0,14,元大-南京,2023-03-24,9862
6806,森崴能源,14,1,13,元大-南京,2023-03-24,9862
3162,精確,16,3,13,元大-南京,2023-03-24,9862
9945,潤泰新,13,0,13,元大-南京,2023-03-24,9862
3035,智原,51,38,13,元大-南京,2023-03-24,9862
3231,緯創,37,25,12,元大-南京,2023-03-24,9862
8171,天宇,12,0,12,元大-南京,2023-03-24,9862
2412,中華電,12,0,12,元大-南京,2023-03-24,9862
00885,富邦越南,11,0,11,元大-南京,2023-03-24,9862
3441,聯一光,13,2,11,元大-南京,2023-03-24,9862
6290,良維,11,0,11,元大-南京,2023-03-24,9862
0056,元大高股息,12,2,10,元大-南京,2023-03-24,9862
5388,中磊,10,0,10,元大-南京,2023-03-24,9862
1736,喬山,10,0,10,元大-南京,2023-03-24,9862
6509,聚和,10,0,10,元大-南京,2023-03-24,9862
5203,訊連,16,6,10,元大-南京,2023-03-24,9862
6443,元晶,11,1,10,元大-南京,2023-03-24,9862
9907,統一實,10,0,10,元大-南京,2023-03-24,9862
8996,高力,227,8,219,元大-南京,2023-03-27,9862
2645,長榮航太,61,3,58,元大-南京,2023-03-27,9862
3169,亞信,53,0,53,元大-南京,2023-03-27,9862
1605,華新,57,5,52,元大-南京,2023-03-27,9862
8038,長園科,45,0,45,元大-南京,2023-03-27,9862
8121,越峰,44,0,44,元大-南京,2023-03-27,9862
8076,伍豐,40,0,40,元大-南京,2023-03-27,9862
3715,定穎投控,39,0,39,元大-南京,2023-03-27,9862
2883,凱基金,52,13,39,元大-南京,2023-03-27,9862
1101,台泥,37,1,36,元大-南京,2023-03-27,9862
3033,威健,34,0,34,元大-南京,2023-03-27,9862
3653,健策,39,7,32,元大-南京,2023-03-27,9862
6548,長科*,28,0,28,元大-南京,2023-03-27,9862
00713,元大台灣高息低波,31,4,27,元大-南京,2023-03-27,9862
5009,榮剛,42,17,25,元大-南京,2023-03-27,9862
4306,炎洲,28,5,23,元大-南京,2023-03-27,9862
00882,中信中國高股息,22,0,22,元大-南京,2023-03-27,9862
2603,長榮,25,3,22,元大-南京,2023-03-27,9862
1584,精剛,49,29,20,元大-南京,2023-03-27,9862
2442,新美齊,20,0,20,元大-南京,2023-03-27,9862
020034,元大IC設計N,20,0,20,元大-南京,2023-03-27,9862
5351,鈺創,20,1,19,元大-南京,2023-03-27,9862
00637L,元大滬深300正2,29,10,19,元大-南京,2023-03-27,9862
5465,富驊,19,0,19,元大-南京,2023-03-27,9862
2368,金像電,25,7,18,元大-南京,2023-03-27,9862
2884,玉山金,25,8,17,元大-南京,2023-03-27,9862
6754,匯僑設計,20,4,16,元大-南京,2023-03-27,9862
3081,聯亞,26,11,15,元大-南京,2023-03-27,9862
3710,連展投控,16,1,15,元大-南京,2023-03-27,9862
3447,展達,15,0,15,元大-南京,2023-03-27,9862
1442,名軒,15,0,15,元大-南京,2023-03-27,9862
2482,連宇,17,2,15,元大-南京,2023-03-27,9862
1701,中化,16,2,14,元大-南京,2023-03-27,9862
2732,六角,12,0,12,元大-南京,2023-03-27,9862
2455,全新,14,2,12,元大-南京,2023-03-27,9862
2002,中鋼,12,0,12,元大-南京,2023-03-27,9862
3022,威強電,12,0,12,元大-南京,2023-03-27,9862
6274,台燿,12,0,12,元大-南京,2023-03-27,9862
2201,裕隆,12,1,11,元大-南京,2023-03-27,9862
00720B,元大投資級公司債,11,0,11,元大-南京,2023-03-27,9862
6226,光鼎,11,0,11,元大-南京,2023-03-27,9862
5490,同亨,10,0,10,元大-南京,2023-03-27,9862
3032,偉訓,10,0,10,元大-南京,2023-03-27,9862
2324,仁寶,10,0,10,元大-南京,2023-03-27,9862
4953,緯軟,12,2,10,元大-南京,2023-03-27,9862
00715L,期街口布蘭特正2,10,0,10,元大-南京,2023-03-27,9862
4513,福裕,10,0,10,元大-南京,2023-03-27,9862
2891,中信金,9,0,9,元大-南京,2023-03-27,9862
2609,陽明,11,2,9,元大-南京,2023-03-27,9862
4966,譜瑞-KY,14,5,9,元大-南京,2023-03-27,9862
3231,緯創,100,24,76,元大-南京,2023-03-28,9862
8222,寶一,101,32,69,元大-南京,2023-03-28,9862
2883,凱基金,65,0,65,元大-南京,2023-03-28,9862
00882,中信中國高股息,60,0,60,元大-南京,2023-03-28,9862
1442,名軒,45,0,45,元大-南京,2023-03-28,9862
00679B,元大美債20年,41,0,41,元大-南京,2023-03-28,9862
00878,國泰永續高股息,40,1,39,元大-南京,2023-03-28,9862
1101,台泥,40,2,38,元大-南京,2023-03-28,9862
1504,東元,43,12,31,元大-南京,2023-03-28,9862
1313,聯成,30,0,30,元大-南京,2023-03-28,9862
1314,中石化,30,0,30,元大-南京,2023-03-28,9862
8016,矽創,27,1,26,元大-南京,2023-03-28,9862
3033,威健,29,3,26,元大-南京,2023-03-28,9862
6548,長科*,24,0,24,元大-南京,2023-03-28,9862
1708,東鹼,26,5,21,元大-南京,2023-03-28,9862
2313,華通,20,0,20,元大-南京,2023-03-28,9862
2468,華經,20,0,20,元大-南京,2023-03-28,9862
00751B,元大AAA至A公司債,18,0,18,元大-南京,2023-03-28,9862
4915,致伸,18,0,18,元大-南京,2023-03-28,9862
6233,旺玖,20,2,18,元大-南京,2023-03-28,9862
4763,材料-KY,27,9,18,元大-南京,2023-03-28,9862
5258,虹堡,20,2,18,元大-南京,2023-03-28,9862
4979,華星光,44,27,17,元大-南京,2023-03-28,9862
3272,東碩,24,8,16,元大-南京,2023-03-28,9862
2359,所羅門,21,5,16,元大-南京,2023-03-28,9862
00713,元大台灣高息低波,28,13,15,元大-南京,2023-03-28,9862
2476,鉅祥,15,0,15,元大-南京,2023-03-28,9862
4976,佳凌,16,1,15,元大-南京,2023-03-28,9862
4968,立積,16,1,15,元大-南京,2023-03-28,9862
3038,全台,20,5,15,元大-南京,2023-03-28,9862
2641,正德,13,0,13,元大-南京,2023-03-28,9862
3447,展達,18,5,13,元大-南京,2023-03-28,9862
3380,明泰,13,0,13,元大-南京,2023-03-28,9862
00720B,元大投資級公司債,12,0,12,元大-南京,2023-03-28,9862
3362,先進光,13,1,12,元大-南京,2023-03-28,9862
3013,晟銘電,12,1,11,元大-南京,2023-03-28,9862
1506,正道,12,1,11,元大-南京,2023-03-28,9862
2705,六福,10,0,10,元大-南京,2023-03-28,9862
911868,同方友友-DR,10,0,10,元大-南京,2023-03-28,9862
2614,東森,10,0,10,元大-南京,2023-03-28,9862
2633,台灣高鐵,10,0,10,元大-南京,2023-03-28,9862
00915,凱基優選高股息30,10,0,10,元大-南京,2023-03-28,9862
00673R,期元大S＆P原油反1,10,0,10,元大-南京,2023-03-28,9862
6120,達運,10,0,10,元大-南京,2023-03-28,9862
2897,王道銀行,10,0,10,元大-南京,2023-03-28,9862
00680L,元大美債20正2,10,0,10,元大-南京,2023-03-28,9862
1605,華新,31,21,10,元大-南京,2023-03-28,9862
6235,華孚,13,4,9,元大-南京,2023-03-28,9862
5353,台林,22,13,9,元大-南京,2023-03-28,9862
00772B,中信高評級公司債,9,0,9,元大-南京,2023-03-28,9862
3715,定穎投控,208,63,145,元大-南京,2023-03-29,9862
6485,點序,138,7,131,元大-南京,2023-03-29,9862
2603,長榮,63,0,63,元大-南京,2023-03-29,9862
1217,愛之味,45,0,45,元大-南京,2023-03-29,9862
2303,聯電,59,14,45,元大-南京,2023-03-29,9862
00772B,中信高評級公司債,42,0,42,元大-南京,2023-03-29,9862
5258,虹堡,57,20,37,元大-南京,2023-03-29,9862
00632R,元大台灣50反1,36,2,34,元大-南京,2023-03-29,9862
6698,旭暉應材,29,0,29,元大-南京,2023-03-29,9862
00679B,元大美債20年,27,0,27,元大-南京,2023-03-29,9862
1532,勤美,25,0,25,元大-南京,2023-03-29,9862
2618,長榮航,79,56,23,元大-南京,2023-03-29,9862
4979,華星光,66,43,23,元大-南京,2023-03-29,9862
3714,富采,23,1,22,元大-南京,2023-03-29,9862
3033,威健,20,0,20,元大-南京,2023-03-29,9862
3653,健策,20,2,18,元大-南京,2023-03-29,9862
1708,東鹼,23,6,17,元大-南京,2023-03-29,9862
00713,元大台灣高息低波,16,0,16,元大-南京,2023-03-29,9862
3025,星通,29,13,16,元大-南京,2023-03-29,9862
1101,台泥,15,0,15,元大-南京,2023-03-29,9862
2455,全新,32,17,15,元大-南京,2023-03-29,9862
3022,威強電,15,0,15,元大-南京,2023-03-29,9862
8121,越峰,15,0,15,元大-南京,2023-03-29,9862
5347,世界,15,0,15,元大-南京,2023-03-29,9862
00673R,期元大S＆P原油反1,15,1,14,元大-南京,2023-03-29,9862
3105,穩懋,13,0,13,元大-南京,2023-03-29,9862
2408,南亞科,12,0,12,元大-南京,2023-03-29,9862
6517,保勝光學,12,1,11,元大-南京,2023-03-29,9862
2337,旺宏,11,1,10,元大-南京,2023-03-29,9862
020034,元大IC設計N,10,0,10,元大-南京,2023-03-29,9862
3049,精金,10,0,10,元大-南京,2023-03-29,9862
00896,中信綠能及電動車,10,0,10,元大-南京,2023-03-29,9862
4119,旭富,9,0,9,元大-南京,2023-03-29,9862
8171,天宇,10,1,9,元大-南京,2023-03-29,9862
00680L,元大美債20正2,9,0,9,元大-南京,2023-03-29,9862
1103,嘉泥,9,0,9,元大-南京,2023-03-29,9862
1605,華新,33,24,9,元大-南京,2023-03-29,9862
3005,神基,9,0,9,元大-南京,2023-03-29,9862
6220,岳豐,8,0,8,元大-南京,2023-03-29,9862
00720B,元大投資級公司債,9,1,8,元大-南京,2023-03-29,9862
2468,華經,7,0,7,元大-南京,2023-03-29,9862
2371,大同,10,3,7,元大-南京,2023-03-29,9862
3217,優群,7,0,7,元大-南京,2023-03-29,9862
6116,彩晶,7,0,7,元大-南京,2023-03-29,9862
2331,精英,7,0,7,元大-南京,2023-03-29,9862
2317,鴻海,7,0,7,元大-南京,2023-03-29,9862
00922,國泰台灣領袖50,6,0,6,元大-南京,2023-03-29,9862
00830,國泰費城半導體,6,0,6,元大-南京,2023-03-29,9862
6274,台燿,12,6,6,元大-南京,2023-03-29,9862
4804,大略-KY,6,0,6,元大-南京,2023-03-29,9862
2329,華泰,100,0,100,元大-南京,2023-03-30,9862
1104,環泥,100,1,99,元大-南京,2023-03-30,9862
3037,欣興,130,38,92,元大-南京,2023-03-30,9862
1712,興農,50,0,50,元大-南京,2023-03-30,9862
2883,凱基金,56,10,46,元大-南京,2023-03-30,9862
1442,名軒,43,0,43,元大-南京,2023-03-30,9862
2342,茂矽,57,23,34,元大-南京,2023-03-30,9862
2331,精英,50,18,32,元大-南京,2023-03-30,9862
2337,旺宏,35,3,32,元大-南京,2023-03-30,9862
5243,乙盛-KY,34,3,31,元大-南京,2023-03-30,9862
1609,大亞,29,5,24,元大-南京,2023-03-30,9862
2609,陽明,26,4,22,元大-南京,2023-03-30,9862
2634,漢翔,37,15,22,元大-南京,2023-03-30,9862
020034,元大IC設計N,20,0,20,元大-南京,2023-03-30,9862
00680L,元大美債20正2,20,0,20,元大-南京,2023-03-30,9862
2889,國票金,43,25,18,元大-南京,2023-03-30,9862
5880,合庫金,16,0,16,元大-南京,2023-03-30,9862
6485,點序,79,63,16,元大-南京,2023-03-30,9862
8289,泰藝,17,2,15,元大-南京,2023-03-30,9862
2618,長榮航,18,4,14,元大-南京,2023-03-30,9862
2891,中信金,14,0,14,元大-南京,2023-03-30,9862
3481,群創,17,4,13,元大-南京,2023-03-30,9862
1605,華新,20,8,12,元大-南京,2023-03-30,9862
00882,中信中國高股息,12,0,12,元大-南京,2023-03-30,9862
6134,萬旭,13,1,12,元大-南京,2023-03-30,9862
2732,六角,14,2,12,元大-南京,2023-03-30,9862
00679B,元大美債20年,12,0,12,元大-南京,2023-03-30,9862
2882,國泰金,13,2,11,元大-南京,2023-03-30,9862
2345,智邦,13,2,11,元大-南京,2023-03-30,9862
1319,東陽,11,0,11,元大-南京,2023-03-30,9862
5475,德宏,10,0,10,元大-南京,2023-03-30,9862
5284,jpp-KY,14,4,10,元大-南京,2023-03-30,9862
8271,宇瞻,20,10,10,元大-南京,2023-03-30,9862
5609,中菲行,10,0,10,元大-南京,2023-03-30,9862
2739,寒舍,10,0,10,元大-南京,2023-03-30,9862
2442,新美齊,10,0,10,元大-南京,2023-03-30,9862
2392,正崴,10,0,10,元大-南京,2023-03-30,9862
00706L,期元大S＆P日圓正2,10,0,10,元大-南京,2023-03-30,9862
2880,華南金,9,0,9,元大-南京,2023-03-30,9862
2603,長榮,9,0,9,元大-南京,2023-03-30,9862
3022,威強電,17,9,8,元大-南京,2023-03-30,9862
2731,雄獅,17,9,8,元大-南京,2023-03-30,9862
9958,世紀鋼,9,1,8,元大-南京,2023-03-30,9862
6770,力積電,13,6,7,元大-南京,2023-03-30,9862
2002,中鋼,7,0,7,元大-南京,2023-03-30,9862
3682,亞太電,7,0,7,元大-南京,2023-03-30,9862
1326,台化,7,0,7,元大-南京,2023-03-30,9862
1301,台塑,6,0,6,元大-南京,2023-03-30,9862
2457,飛宏,9,3,6,元大-南京,2023-03-30,9862
6753,龍德造船,13,7,6,元大-南京,2023-03-30,9862
3260,威剛,134,16,118,元大-南京,2023-03-31,9862
2382,廣達,114,1,113,元大-南京,2023-03-31,9862
00632R,元大台灣50反1,57,4,53,元大-南京,2023-03-31,9862
9919,康那香,65,15,50,元大-南京,2023-03-31,9862
3006,晶豪科,73,25,48,元大-南京,2023-03-31,9862
6841,長佳智能,47,1,46,元大-南京,2023-03-31,9862
5258,虹堡,54,12,42,元大-南京,2023-03-31,9862
1301,台塑,45,3,42,元大-南京,2023-03-31,9862
00679B,元大美債20年,33,0,33,元大-南京,2023-03-31,9862
8390,金益鼎,32,0,32,元大-南京,2023-03-31,9862
2408,南亞科,71,40,31,元大-南京,2023-03-31,9862
1609,大亞,42,12,30,元大-南京,2023-03-31,9862
2359,所羅門,30,0,30,元大-南京,2023-03-31,9862
00676R,富邦臺灣加權反1,30,0,30,元大-南京,2023-03-31,9862
3046,建��,66,37,29,元大-南京,2023-03-31,9862
00673R,期元大S＆P原油反1,28,0,28,元大-南京,2023-03-31,9862
2352,佳世達,27,0,27,元大-南京,2023-03-31,9862
2603,長榮,29,2,27,元大-南京,2023-03-31,9862
00881,國泰台灣5G+,26,0,26,元大-南京,2023-03-31,9862
3081,聯亞,24,1,23,元大-南京,2023-03-31,9862
00885,富邦越南,22,1,21,元大-南京,2023-03-31,9862
2105,正新,24,3,21,元大-南京,2023-03-31,9862
2034,允強,20,0,20,元大-南京,2023-03-31,9862
00664R,國泰臺灣加權反1,20,0,20,元大-南京,2023-03-31,9862
020034,元大IC設計N,20,0,20,元大-南京,2023-03-31,9862
2337,旺宏,35,15,20,元大-南京,2023-03-31,9862
1524,耿鼎,16,0,16,元大-南京,2023-03-31,9862
4763,材料-KY,25,10,15,元大-南京,2023-03-31,9862
2731,雄獅,17,2,15,元大-南京,2023-03-31,9862
1760,寶齡富錦,17,4,13,元大-南京,2023-03-31,9862
2454,聯發科,20,7,13,元大-南京,2023-03-31,9862
1514,亞力,12,0,12,元大-南京,2023-03-31,9862
6122,擎邦,11,0,11,元大-南京,2023-03-31,9862
2609,陽明,28,18,10,元大-南京,2023-03-31,9862
1813,寶利徠,10,0,10,元大-南京,2023-03-31,9862
6859,伯特光,10,0,10,元大-南京,2023-03-31,9862
00706L,期元大S＆P日圓正2,10,0,10,元大-南京,2023-03-31,9862
3682,亞太電,10,0,10,元大-南京,2023-03-31,9862
3056,富華新,10,1,9,元大-南京,2023-03-31,9862
2610,華航,10,1,9,元大-南京,2023-03-31,9862
2527,宏璟,10,1,9,元大-南京,2023-03-31,9862
00712,復華富時不動產,8,0,8,元大-南京,2023-03-31,9862
4953,緯軟,9,1,8,元大-南京,2023-03-31,9862
2755,揚秦,7,0,7,元大-南京,2023-03-31,9862
2891,中信金,8,1,7,元大-南京,2023-03-31,9862
6733,博晟生醫,7,0,7,元大-南京,2023-03-31,9862
3338,泰碩,11,4,7,元大-南京,2023-03-31,9862
00895,富邦未來車,10,4,6,元大-南京,2023-03-31,9862
2428,興勤,6,0,6,元大-南京,2023-03-31,9862
1615,大山,6,0,6,元大-南京,2023-03-31,9862
00673R,期元大S＆P原油反1,155,0,155,元大-南京,2023-04-06,9862
4967,十銓,134,1,133,元大-南京,2023-04-06,9862
6548,長科*,58,5,53,元大-南京,2023-04-06,9862
00674R,期元大S＆P黃金反1,51,0,51,元大-南京,2023-04-06,9862
2609,陽明,53,4,49,元大-南京,2023-04-06,9862
2834,臺企銀,55,6,49,元大-南京,2023-04-06,9862
2344,華邦電,60,14,46,元大-南京,2023-04-06,9862
2457,飛宏,50,6,44,元大-南京,2023-04-06,9862
3664,安瑞-KY,40,5,35,元大-南京,2023-04-06,9862
2603,長榮,34,1,33,元大-南京,2023-04-06,9862
3231,緯創,37,6,31,元大-南京,2023-04-06,9862
9945,潤泰新,30,0,30,元大-南京,2023-04-06,9862
6266,泰詠,30,6,24,元大-南京,2023-04-06,9862
00878,國泰永續高股息,91,67,24,元大-南京,2023-04-06,9862
00893,國泰智能電動車,30,7,23,元大-南京,2023-04-06,9862
4123,晟德,21,0,21,元大-南京,2023-04-06,9862
2359,所羅門,22,1,21,元大-南京,2023-04-06,9862
1618,合機,22,2,20,元大-南京,2023-04-06,9862
00706L,期元大S＆P日圓正2,20,0,20,元大-南京,2023-04-06,9862
2027,大成鋼,18,0,18,元大-南京,2023-04-06,9862
1229,聯華,22,5,17,元大-南京,2023-04-06,9862
2436,偉詮電,28,12,16,元大-南京,2023-04-06,9862
5351,鈺創,20,4,16,元大-南京,2023-04-06,9862
00637L,元大滬深300正2,15,0,15,元大-南京,2023-04-06,9862
5347,世界,15,0,15,元大-南京,2023-04-06,9862
3673,TPK-KY,16,2,14,元大-南京,2023-04-06,9862
6235,華孚,74,61,13,元大-南京,2023-04-06,9862
5381,合正,13,0,13,元大-南京,2023-04-06,9862
3490,單井,12,0,12,元大-南京,2023-04-06,9862
2482,連宇,14,2,12,元大-南京,2023-04-06,9862
3207,耀勝,11,0,11,元大-南京,2023-04-06,9862
2468,華經,10,0,10,元大-南京,2023-04-06,9862
1708,東鹼,10,0,10,元大-南京,2023-04-06,9862
6223,旺矽,11,1,10,元大-南京,2023-04-06,9862
6605,帝寶,10,0,10,元大-南京,2023-04-06,9862
6470,宇智,10,0,10,元大-南京,2023-04-06,9862
6770,力積電,12,3,9,元大-南京,2023-04-06,9862
6712,長聖,10,1,9,元大-南京,2023-04-06,9862
3430,奇鈦科,10,1,9,元大-南京,2023-04-06,9862
00665L,富邦�琤肭磪囓�2,9,0,9,元大-南京,2023-04-06,9862
3293,鈊象,8,0,8,元大-南京,2023-04-06,9862
3056,富華新,9,1,8,元大-南京,2023-04-06,9862
2476,鉅祥,8,0,8,元大-南京,2023-04-06,9862
1210,大成,10,2,8,元大-南京,2023-04-06,9862
2498,宏達電,9,1,8,元大-南京,2023-04-06,9862
2484,希華,13,5,8,元大-南京,2023-04-06,9862
6148,驊宏資,11,3,8,元大-南京,2023-04-06,9862
4566,時碩工業,9,1,8,元大-南京,2023-04-06,9862
6185,幃翔,8,0,8,元大-南京,2023-04-06,9862
00895,富邦未來車,7,0,7,元大-南京,2023-04-06,9862
3032,偉訓,186,1,185,元大-南京,2023-04-07,9862
5009,榮剛,152,30,122,元大-南京,2023-04-07,9862
1104,環泥,63,0,63,元大-南京,2023-04-07,9862
00674R,期元大S＆P黃金反1,50,0,50,元大-南京,2023-04-07,9862
6156,松上,46,1,45,元大-南京,2023-04-07,9862
6235,華孚,72,32,40,元大-南京,2023-04-07,9862
5243,乙盛-KY,40,1,39,元大-南京,2023-04-07,9862
9945,潤泰新,42,5,37,元大-南京,2023-04-07,9862
00679B,元大美債20年,110,80,30,元大-南京,2023-04-07,9862
3228,金麗科,24,0,24,元大-南京,2023-04-07,9862
4904,遠傳,22,0,22,元大-南京,2023-04-07,9862
2618,長榮航,33,11,22,元大-南京,2023-04-07,9862
6799,來頡,20,0,20,元大-南京,2023-04-07,9862
020034,元大IC設計N,20,0,20,元大-南京,2023-04-07,9862
5351,鈺創,20,1,19,元大-南京,2023-04-07,9862
8222,寶一,22,4,18,元大-南京,2023-04-07,9862
6477,安集,28,12,16,元大-南京,2023-04-07,9862
2356,英業達,19,5,14,元大-南京,2023-04-07,9862
3664,安瑞-KY,23,9,14,元大-南京,2023-04-07,9862
2002A,中鋼特,14,0,14,元大-南京,2023-04-07,9862
6185,幃翔,18,4,14,元大-南京,2023-04-07,9862
6605,帝寶,17,4,13,元大-南京,2023-04-07,9862
6125,廣運,15,2,13,元大-南京,2023-04-07,9862
8121,越峰,14,1,13,元大-南京,2023-04-07,9862
8069,元太,25,13,12,元大-南京,2023-04-07,9862
1451,年興,12,0,12,元大-南京,2023-04-07,9862
9802,鈺齊-KY,12,0,12,元大-南京,2023-04-07,9862
4979,華星光,23,12,11,元大-南京,2023-04-07,9862
2605,新興,12,1,11,元大-南京,2023-04-07,9862
2486,一詮,151,140,11,元大-南京,2023-04-07,9862
2332,友訊,11,0,11,元大-南京,2023-04-07,9862
2364,倫飛,11,1,10,元大-南京,2023-04-07,9862
2380,虹光,10,0,10,元大-南京,2023-04-07,9862
1210,大成,10,0,10,元大-南京,2023-04-07,9862
8936,國統,10,0,10,元大-南京,2023-04-07,9862
2850,新產,10,0,10,元大-南京,2023-04-07,9862
5328,華容,10,0,10,元大-南京,2023-04-07,9862
3006,晶豪科,22,12,10,元大-南京,2023-04-07,9862
00885,富邦越南,9,0,9,元大-南京,2023-04-07,9862
00713,元大台灣高息低波,16,7,9,元大-南京,2023-04-07,9862
2327,國巨,8,0,8,元大-南京,2023-04-07,9862
1442,名軒,18,10,8,元大-南京,2023-04-07,9862
8112,至上,8,0,8,元大-南京,2023-04-07,9862
00772B,中信高評級公司債,8,0,8,元大-南京,2023-04-07,9862
3231,緯創,19,12,7,元大-南京,2023-04-07,9862
2634,漢翔,14,7,7,元大-南京,2023-04-07,9862
1503,士電,9,2,7,元大-南京,2023-04-07,9862
5227,立凱-KY,7,0,7,元大-南京,2023-04-07,9862
2832,台產,7,0,7,元大-南京,2023-04-07,9862
8289,泰藝,7,0,7,元大-南京,2023-04-07,9862
9942,茂順,125,5,120,元大-南京,2023-04-10,9862
00706L,期元大S＆P日圓正2,100,5,95,元大-南京,2023-04-10,9862
1104,環泥,88,0,88,元大-南京,2023-04-10,9862
2753,八方雲集,88,1,87,元大-南京,2023-04-10,9862
2344,華邦電,90,7,83,元大-南京,2023-04-10,9862
6235,華孚,104,34,70,元大-南京,2023-04-10,9862
3257,虹冠電,49,1,48,元大-南京,2023-04-10,9862
5009,榮剛,54,16,38,元大-南京,2023-04-10,9862
4967,十銓,51,14,37,元大-南京,2023-04-10,9862
2889,國票金,37,0,37,元大-南京,2023-04-10,9862
2603,長榮,40,7,33,元大-南京,2023-04-10,9862
1701,中化,40,10,30,元大-南京,2023-04-10,9862
3025,星通,62,32,30,元大-南京,2023-04-10,9862
00679B,元大美債20年,30,1,29,元大-南京,2023-04-10,9862
6147,頎邦,29,1,28,元大-南京,2023-04-10,9862
3432,台端,25,0,25,元大-南京,2023-04-10,9862
00637L,元大滬深300正2,48,24,24,元大-南京,2023-04-10,9862
6829,千附精密,27,4,23,元大-南京,2023-04-10,9862
2029,盛餘,23,0,23,元大-南京,2023-04-10,9862
8183,精星,20,0,20,元大-南京,2023-04-10,9862
2359,所羅門,20,0,20,元大-南京,2023-04-10,9862
1609,大亞,29,9,20,元大-南京,2023-04-10,9862
4968,立積,26,10,16,元大-南京,2023-04-10,9862
00680L,元大美債20正2,16,0,16,元大-南京,2023-04-10,9862
5469,瀚宇博,15,1,14,元大-南京,2023-04-10,9862
2701,萬企,14,0,14,元大-南京,2023-04-10,9862
6770,力積電,13,0,13,元大-南京,2023-04-10,9862
00919,群益台灣精選高息,13,0,13,元大-南京,2023-04-10,9862
6486,互動,13,0,13,元大-南京,2023-04-10,9862
2615,萬海,13,1,12,元大-南京,2023-04-10,9862
6213,聯茂,12,0,12,元大-南京,2023-04-10,9862
6282,康舒,12,0,12,元大-南京,2023-04-10,9862
3217,優群,12,0,12,元大-南京,2023-04-10,9862
2612,中航,12,0,12,元大-南京,2023-04-10,9862
4439,冠星-KY,14,3,11,元大-南京,2023-04-10,9862
1708,東鹼,11,0,11,元大-南京,2023-04-10,9862
9962,有益,11,0,11,元大-南京,2023-04-10,9862
3624,光頡,32,21,11,元大-南京,2023-04-10,9862
6290,良維,11,0,11,元大-南京,2023-04-10,9862
9945,潤泰新,10,0,10,元大-南京,2023-04-10,9862
2645,長榮航太,11,1,10,元大-南京,2023-04-10,9862
1725,元禎,10,0,10,元大-南京,2023-04-10,9862
8916,光隆,10,0,10,元大-南京,2023-04-10,9862
6830,汎銓,10,0,10,元大-南京,2023-04-10,9862
2468,華經,10,0,10,元大-南京,2023-04-10,9862
00696B,富邦美債20年,10,0,10,元大-南京,2023-04-10,9862
2492,華新科,22,12,10,元大-南京,2023-04-10,9862
2317,鴻海,12,2,10,元大-南京,2023-04-10,9862
2454,聯發科,9,0,9,元大-南京,2023-04-10,9862
3035,智原,10,1,9,元大-南京,2023-04-10,9862
00637L,元大滬深300正2,130,1,129,元大-南京,2023-04-11,9862
00648R,元大S＆P500反1,100,0,100,元大-南京,2023-04-11,9862
6235,華孚,85,25,60,元大-南京,2023-04-11,9862
5469,瀚宇博,57,4,53,元大-南京,2023-04-11,9862
020034,元大IC設計N,50,0,50,元大-南京,2023-04-11,9862
4439,冠星-KY,43,1,42,元大-南京,2023-04-11,9862
00673R,期元大S＆P原油反1,40,0,40,元大-南京,2023-04-11,9862
3257,虹冠電,37,0,37,元大-南京,2023-04-11,9862
6806,森崴能源,71,34,37,元大-南京,2023-04-11,9862
1609,大亞,89,53,36,元大-南京,2023-04-11,9862
2640,大車隊,40,5,35,元大-南京,2023-04-11,9862
1532,勤美,30,0,30,元大-南京,2023-04-11,9862
2515,中工,30,1,29,元大-南京,2023-04-11,9862
8088,品安,42,14,28,元大-南京,2023-04-11,9862
2332,友訊,30,3,27,元大-南京,2023-04-11,9862
6285,啟��,27,1,26,元大-南京,2023-04-11,9862
9945,潤泰新,25,0,25,元大-南京,2023-04-11,9862
00885,富邦越南,25,0,25,元大-南京,2023-04-11,9862
9802,鈺齊-KY,24,0,24,元大-南京,2023-04-11,9862
4541,晟田,22,0,22,元大-南京,2023-04-11,9862
2457,飛宏,45,23,22,元大-南京,2023-04-11,9862
00674R,期元大S＆P黃金反1,21,0,21,元大-南京,2023-04-11,9862
3162,精確,40,19,21,元大-南京,2023-04-11,9862
3042,晶技,21,0,21,元大-南京,2023-04-11,9862
4979,華星光,41,21,20,元大-南京,2023-04-11,9862
2603,長榮,20,0,20,元大-南京,2023-04-11,9862
2753,八方雲集,19,1,18,元大-南京,2023-04-11,9862
6245,立端,19,1,18,元大-南京,2023-04-11,9862
4973,廣穎,18,0,18,元大-南京,2023-04-11,9862
9958,世紀鋼,22,6,16,元大-南京,2023-04-11,9862
3380,明泰,16,0,16,元大-南京,2023-04-11,9862
1308,亞聚,15,0,15,元大-南京,2023-04-11,9862
3006,晶豪科,48,35,13,元大-南京,2023-04-11,9862
6160,欣技,13,0,13,元大-南京,2023-04-11,9862
6290,良維,14,1,13,元大-南京,2023-04-11,9862
5351,鈺創,18,6,12,元大-南京,2023-04-11,9862
2208,台船,17,5,12,元大-南京,2023-04-11,9862
00772B,中信高評級公司債,11,0,11,元大-南京,2023-04-11,9862
2929,淘帝-KY,11,0,11,元大-南京,2023-04-11,9862
2359,所羅門,11,0,11,元大-南京,2023-04-11,9862
5607,遠雄港,11,0,11,元大-南京,2023-04-11,9862
6237,驊訊,11,0,11,元大-南京,2023-04-11,9862
8087,麗升能源,10,0,10,元大-南京,2023-04-11,9862
1102,亞泥,12,2,10,元大-南京,2023-04-11,9862
1444,力麗,10,0,10,元大-南京,2023-04-11,9862
1319,東陽,10,0,10,元大-南京,2023-04-11,9862
00708L,期元大S＆P黃金正2,10,0,10,元大-南京,2023-04-11,9862
2302,麗正,10,0,10,元大-南京,2023-04-11,9862
3708,上緯投控,11,1,10,元大-南京,2023-04-11,9862
00888,永豐台灣ESG,10,0,10,元大-南京,2023-04-11,9862
00637L,元大滬深300正2,92,2,90,元大-南京,2023-04-12,9862
3481,群創,91,17,74,元大-南京,2023-04-12,9862
8088,品安,72,12,60,元大-南京,2023-04-12,9862
8046,南電,56,2,54,元大-南京,2023-04-12,9862
00632R,元大台灣50反1,50,0,50,元大-南京,2023-04-12,9862
2344,華邦電,57,12,45,元大-南京,2023-04-12,9862
00673R,期元大S＆P原油反1,56,11,45,元大-南京,2023-04-12,9862
3032,偉訓,154,113,41,元大-南京,2023-04-12,9862
2528,皇普,40,0,40,元大-南京,2023-04-12,9862
9945,潤泰新,38,0,38,元大-南京,2023-04-12,9862
1218,泰山,33,0,33,元大-南京,2023-04-12,9862
4114,健喬,41,11,30,元大-南京,2023-04-12,9862
6104,創惟,34,4,30,元大-南京,2023-04-12,9862
3363,上詮,33,4,29,元大-南京,2023-04-12,9862
2497,怡利電,28,1,27,元大-南京,2023-04-12,9862
00674R,期元大S＆P黃金反1,22,0,22,元大-南京,2023-04-12,9862
2916,滿心,20,0,20,元大-南京,2023-04-12,9862
3264,欣銓,21,1,20,元大-南京,2023-04-12,9862
3081,聯亞,21,2,19,元大-南京,2023-04-12,9862
2481,強茂,20,2,18,元大-南京,2023-04-12,9862
3257,虹冠電,19,1,18,元大-南京,2023-04-12,9862
6443,元晶,23,5,18,元大-南京,2023-04-12,9862
00715L,期街口布蘭特正2,26,8,18,元大-南京,2023-04-12,9862
2405,輔信,15,0,15,元大-南京,2023-04-12,9862
2867,三商壽,15,0,15,元大-南京,2023-04-12,9862
5488,松普,15,0,15,元大-南京,2023-04-12,9862
00679B,元大美債20年,14,0,14,元大-南京,2023-04-12,9862
5519,隆大,15,1,14,元大-南京,2023-04-12,9862
6446,藥華藥,13,0,13,元大-南京,2023-04-12,9862
1514,亞力,53,40,13,元大-南京,2023-04-12,9862
6550,北極星藥業-KY,13,0,13,元大-南京,2023-04-12,9862
6223,旺矽,18,5,13,元大-南京,2023-04-12,9862
2027,大成鋼,14,1,13,元大-南京,2023-04-12,9862
6244,茂迪,67,55,12,元大-南京,2023-04-12,9862
2375,凱美,15,3,12,元大-南京,2023-04-12,9862
2038,海光,12,0,12,元大-南京,2023-04-12,9862
2105,正新,13,1,12,元大-南京,2023-04-12,9862
3037,欣興,21,10,11,元大-南京,2023-04-12,9862
00733,富邦臺灣中小,11,0,11,元大-南京,2023-04-12,9862
8926,台汽電,16,5,11,元大-南京,2023-04-12,9862
1504,東元,42,31,11,元大-南京,2023-04-12,9862
9910,豐泰,10,0,10,元大-南京,2023-04-12,9862
1316,上曜,10,0,10,元大-南京,2023-04-12,9862
5607,遠雄港,10,0,10,元大-南京,2023-04-12,9862
8183,精星,17,7,10,元大-南京,2023-04-12,9862
3029,零壹,15,5,10,元大-南京,2023-04-12,9862
1447,力鵬,20,10,10,元大-南京,2023-04-12,9862
6191,精成科,11,1,10,元大-南京,2023-04-12,9862
00706L,期元大S＆P日圓正2,10,0,10,元大-南京,2023-04-12,9862
6576,逸達,10,0,10,元大-南京,2023-04-12,9862
3363,上詮,232,17,215,元大-南京,2023-04-13,9862
2515,中工,208,86,122,元大-南京,2023-04-13,9862
6233,旺玖,115,0,115,元大-南京,2023-04-13,9862
5607,遠雄港,111,0,111,元大-南京,2023-04-13,9862
2382,廣達,108,1,107,元大-南京,2023-04-13,9862
00671R,富邦NASDAQ反1,100,0,100,元大-南京,2023-04-13,9862
8046,南電,66,4,62,元大-南京,2023-04-13,9862
5009,榮剛,259,198,61,元大-南京,2023-04-13,9862
00888,永豐台灣ESG,61,0,61,元大-南京,2023-04-13,9862
2344,華邦電,67,9,58,元大-南京,2023-04-13,9862
3231,緯創,87,32,55,元大-南京,2023-04-13,9862
5905,南仁湖,55,0,55,元大-南京,2023-04-13,9862
9958,世紀鋼,55,2,53,元大-南京,2023-04-13,9862
00632R,元大台灣50反1,52,0,52,元大-南京,2023-04-13,9862
1301,台塑,45,0,45,元大-南京,2023-04-13,9862
6446,藥華藥,44,0,44,元大-南京,2023-04-13,9862
00772B,中信高評級公司債,36,0,36,元大-南京,2023-04-13,9862
2867,三商壽,33,2,31,元大-南京,2023-04-13,9862
6294,智基,31,1,30,元大-南京,2023-04-13,9862
2616,山隆,30,0,30,元大-南京,2023-04-13,9862
00751B,元大AAA至A公司債,27,0,27,元大-南京,2023-04-13,9862
1513,中興電,43,16,27,元大-南京,2023-04-13,9862
00893,國泰智能電動車,26,0,26,元大-南京,2023-04-13,9862
00673R,期元大S＆P原油反1,26,0,26,元大-南京,2023-04-13,9862
2402,毅嘉,41,15,26,元大-南京,2023-04-13,9862
3711,日月光投控,24,1,23,元大-南京,2023-04-13,9862
3625,西勝,23,0,23,元大-南京,2023-04-13,9862
3257,虹冠電,23,0,23,元大-南京,2023-04-13,9862
6104,創惟,23,0,23,元大-南京,2023-04-13,9862
6116,彩晶,23,0,23,元大-南京,2023-04-13,9862
00830,國泰費城半導體,22,0,22,元大-南京,2023-04-13,9862
3032,偉訓,122,101,21,元大-南京,2023-04-13,9862
3038,全台,20,0,20,元大-南京,2023-04-13,9862
5309,系統電,37,17,20,元大-南京,2023-04-13,9862
00679B,元大美債20年,19,0,19,元大-南京,2023-04-13,9862
2481,強茂,22,3,19,元大-南京,2023-04-13,9862
00753L,中信中國50正2,20,1,19,元大-南京,2023-04-13,9862
3141,晶宏,20,2,18,元大-南京,2023-04-13,9862
00712,復華富時不動產,18,0,18,元大-南京,2023-04-13,9862
2206,三陽工業,19,2,17,元大-南京,2023-04-13,9862
1532,勤美,17,0,17,元大-南京,2023-04-13,9862
00923,群益台ESG低碳50,16,0,16,元大-南京,2023-04-13,9862
3006,晶豪科,23,8,15,元大-南京,2023-04-13,9862
4564,元翎,15,0,15,元大-南京,2023-04-13,9862
5011,久陽,16,1,15,元大-南京,2023-04-13,9862
1519,華城,37,23,14,元大-南京,2023-04-13,9862
8299,群聯,15,1,14,元大-南京,2023-04-13,9862
2330,台積電,20,6,14,元大-南京,2023-04-13,9862
2313,華通,15,2,13,元大-南京,2023-04-13,9862
6156,松上,13,0,13,元大-南京,2023-04-13,9862
00632R,元大台灣50反1,165,2,163,元大-南京,2023-04-14,9862
2753,八方雲集,156,11,145,元大-南京,2023-04-14,9862
3481,群創,173,65,108,元大-南京,2023-04-14,9862
2457,飛宏,111,33,78,元大-南京,2023-04-14,9862
5009,榮剛,227,149,78,元大-南京,2023-04-14,9862
9934,成霖,60,0,60,元大-南京,2023-04-14,9862
2634,漢翔,226,167,59,元大-南京,2023-04-14,9862
2359,所羅門,65,14,51,元大-南京,2023-04-14,9862
2208,台船,67,18,49,元大-南京,2023-04-14,9862
1810,和成,50,6,44,元大-南京,2023-04-14,9862
2867,三商壽,36,0,36,元大-南京,2023-04-14,9862
3032,偉訓,35,2,33,元大-南京,2023-04-14,9862
4934,太極,31,0,31,元大-南京,2023-04-14,9862
00673R,期元大S＆P原油反1,30,0,30,元大-南京,2023-04-14,9862
00679B,元大美債20年,29,1,28,元大-南京,2023-04-14,9862
6264,富裔,26,0,26,元大-南京,2023-04-14,9862
00712,復華富時不動產,25,0,25,元大-南京,2023-04-14,9862
2382,廣達,24,0,24,元大-南京,2023-04-14,9862
6485,點序,21,0,21,元大-南京,2023-04-14,9862
00680L,元大美債20正2,22,1,21,元大-南京,2023-04-14,9862
2017,官田鋼,20,0,20,元大-南京,2023-04-14,9862
3576,聯合再生,24,4,20,元大-南京,2023-04-14,9862
6016,康和證,20,0,20,元大-南京,2023-04-14,9862
8183,精星,20,0,20,元大-南京,2023-04-14,9862
3025,星通,21,2,19,元大-南京,2023-04-14,9862
3178,公準,21,3,18,元大-南京,2023-04-14,9862
2332,友訊,18,0,18,元大-南京,2023-04-14,9862
00772B,中信高評級公司債,19,2,17,元大-南京,2023-04-14,9862
2413,環科,27,10,17,元大-南京,2023-04-14,9862
3653,健策,17,0,17,元大-南京,2023-04-14,9862
1102,亞泥,16,0,16,元大-南京,2023-04-14,9862
2312,金寶,16,0,16,元大-南京,2023-04-14,9862
2481,強茂,15,0,15,元大-南京,2023-04-14,9862
2029,盛餘,15,0,15,元大-南京,2023-04-14,9862
1402,遠東新,15,0,15,元大-南京,2023-04-14,9862
1513,中興電,20,6,14,元大-南京,2023-04-14,9862
2344,華邦電,20,6,14,元大-南京,2023-04-14,9862
1760,寶齡富錦,15,1,14,元大-南京,2023-04-14,9862
2609,陽明,29,15,14,元大-南京,2023-04-14,9862
6176,瑞儀,16,2,14,元大-南京,2023-04-14,9862
0056,元大高股息,14,0,14,元大-南京,2023-04-14,9862
9802,鈺齊-KY,13,0,13,元大-南京,2023-04-14,9862
2883,凱基金,17,4,13,元大-南京,2023-04-14,9862
3363,上詮,31,18,13,元大-南京,2023-04-14,9862
6285,啟��,18,5,13,元大-南京,2023-04-14,9862
2303,聯電,15,3,12,元大-南京,2023-04-14,9862
3218,大學光,12,0,12,元大-南京,2023-04-14,9862
5607,遠雄港,13,1,12,元大-南京,2023-04-14,9862
3625,西勝,12,0,12,元大-南京,2023-04-14,9862
6129,普誠,13,1,12,元大-南京,2023-04-14,9862
2352,佳世達,82,0,82,元大-南京,2023-04-17,9862
2317,鴻海,86,20,66,元大-南京,2023-04-17,9862
6116,彩晶,62,1,61,元大-南京,2023-04-17,9862
3712,永崴投控,95,40,55,元大-南京,2023-04-17,9862
2515,中工,65,18,47,元大-南京,2023-04-17,9862
1605,華新,57,13,44,元大-南京,2023-04-17,9862
3032,偉訓,73,30,43,元大-南京,2023-04-17,9862
2392,正崴,42,0,42,元大-南京,2023-04-17,9862
6223,旺矽,39,3,36,元大-南京,2023-04-17,9862
3147,大綜,32,0,32,元大-南京,2023-04-17,9862
2739,寒舍,32,0,32,元大-南京,2023-04-17,9862
8088,品安,35,5,30,元大-南京,2023-04-17,9862
4927,泰鼎-KY,30,0,30,元大-南京,2023-04-17,9862
3011,今皓,30,0,30,元大-南京,2023-04-17,9862
4728,雙美,30,1,29,元大-南京,2023-04-17,9862
00830,國泰費城半導體,25,0,25,元大-南京,2023-04-17,9862
00712,復華富時不動產,24,0,24,元大-南京,2023-04-17,9862
2359,所羅門,29,5,24,元大-南京,2023-04-17,9862
3363,上詮,26,2,24,元大-南京,2023-04-17,9862
1102,亞泥,22,0,22,元大-南京,2023-04-17,9862
8033,雷虎,40,18,22,元大-南京,2023-04-17,9862
2017,官田鋼,21,0,21,元大-南京,2023-04-17,9862
2028,威致,20,0,20,元大-南京,2023-04-17,9862
00680L,元大美債20正2,20,0,20,元大-南京,2023-04-17,9862
6578,達邦蛋白,20,0,20,元大-南京,2023-04-17,9862
2881,富邦金,22,3,19,元大-南京,2023-04-17,9862
2891,中信金,20,1,19,元大-南京,2023-04-17,9862
00679B,元大美債20年,24,6,18,元大-南京,2023-04-17,9862
3481,群創,19,2,17,元大-南京,2023-04-17,9862
1809,中釉,18,1,17,元大-南京,2023-04-17,9862
2454,聯發科,19,2,17,元大-南京,2023-04-17,9862
2867,三商壽,49,34,15,元大-南京,2023-04-17,9862
6782,視陽,15,0,15,元大-南京,2023-04-17,9862
2601,益航,14,0,14,元大-南京,2023-04-17,9862
3013,晟銘電,26,12,14,元大-南京,2023-04-17,9862
2723,美食-KY,15,1,14,元大-南京,2023-04-17,9862
4979,華星光,16,2,14,元大-南京,2023-04-17,9862
3005,神基,14,0,14,元大-南京,2023-04-17,9862
4572,駐龍,22,8,14,元大-南京,2023-04-17,9862
00878,國泰永續高股息,19,6,13,元大-南京,2023-04-17,9862
2610,華航,14,1,13,元大-南京,2023-04-17,9862
1437,勤益控,15,2,13,元大-南京,2023-04-17,9862
2887,台新金,13,0,13,元大-南京,2023-04-17,9862
3673,TPK-KY,12,0,12,元大-南京,2023-04-17,9862
6179,亞通,13,1,12,元大-南京,2023-04-17,9862
2630,亞航,28,16,12,元大-南京,2023-04-17,9862
2530,華建,12,0,12,元大-南京,2023-04-17,9862
4934,太極,11,0,11,元大-南京,2023-04-17,9862
6220,岳豐,11,0,11,元大-南京,2023-04-17,9862
6605,帝寶,11,0,11,元大-南京,2023-04-17,9862
5009,榮剛,317,16,301,元大-南京,2023-04-18,9862
2356,英業達,148,4,144,元大-南京,2023-04-18,9862
8086,宏捷科,118,0,118,元大-南京,2023-04-18,9862
6235,華孚,122,7,115,元大-南京,2023-04-18,9862
6026,福邦證,117,6,111,元大-南京,2023-04-18,9862
2603,長榮,114,19,95,元大-南京,2023-04-18,9862
1402,遠東新,121,30,91,元大-南京,2023-04-18,9862
3032,偉訓,118,33,85,元大-南京,2023-04-18,9862
4728,雙美,83,0,83,元大-南京,2023-04-18,9862
2457,飛宏,119,37,82,元大-南京,2023-04-18,9862
3046,建��,76,10,66,元大-南京,2023-04-18,9862
1503,士電,65,3,62,元大-南京,2023-04-18,9862
3017,奇鋐,60,2,58,元大-南京,2023-04-18,9862
8383,千附,56,0,56,元大-南京,2023-04-18,9862
00772B,中信高評級公司債,55,0,55,元大-南京,2023-04-18,9862
8069,元太,53,0,53,元大-南京,2023-04-18,9862
2701,萬企,52,0,52,元大-南京,2023-04-18,9862
3004,豐達科,43,0,43,元大-南京,2023-04-18,9862
00679B,元大美債20年,49,6,43,元大-南京,2023-04-18,9862
1752,南光,45,3,42,元大-南京,2023-04-18,9862
2634,漢翔,167,126,41,元大-南京,2023-04-18,9862
2476,鉅祥,41,0,41,元大-南京,2023-04-18,9862
1301,台塑,41,0,41,元大-南京,2023-04-18,9862
8105,凌巨,43,5,38,元大-南京,2023-04-18,9862
00878,國泰永續高股息,42,5,37,元大-南京,2023-04-18,9862
1605,華新,39,4,35,元大-南京,2023-04-18,9862
2880,華南金,33,0,33,元大-南京,2023-04-18,9862
3712,永崴投控,36,5,31,元大-南京,2023-04-18,9862
00680L,元大美債20正2,30,0,30,元大-南京,2023-04-18,9862
2867,三商壽,24,0,24,元大-南京,2023-04-18,9862
3025,星通,67,43,24,元大-南京,2023-04-18,9862
6477,安集,26,3,23,元大-南京,2023-04-18,9862
1514,亞力,27,6,21,元大-南京,2023-04-18,9862
2609,陽明,33,12,21,元大-南京,2023-04-18,9862
00751B,元大AAA至A公司債,20,0,20,元大-南京,2023-04-18,9862
00713,元大台灣高息低波,42,22,20,元大-南京,2023-04-18,9862
3419,譁裕,21,1,20,元大-南京,2023-04-18,9862
5531,鄉林,20,0,20,元大-南京,2023-04-18,9862
2380,虹光,20,0,20,元大-南京,2023-04-18,9862
1810,和成,38,18,20,元大-南京,2023-04-18,9862
3037,欣興,20,0,20,元大-南京,2023-04-18,9862
5607,遠雄港,19,0,19,元大-南京,2023-04-18,9862
00922,國泰台灣領袖50,19,0,19,元大-南京,2023-04-18,9862
0056,元大高股息,18,1,17,元大-南京,2023-04-18,9862
4123,晟德,16,0,16,元大-南京,2023-04-18,9862
2618,長榮航,17,1,16,元大-南京,2023-04-18,9862
2739,寒舍,18,2,16,元大-南京,2023-04-18,9862
3062,建漢,22,6,16,元大-南京,2023-04-18,9862
3078,僑威,18,2,16,元大-南京,2023-04-18,9862
1529,樂事綠能,32,16,16,元大-南京,2023-04-18,9862
6026,福邦證,306,3,303,元大-南京,2023-04-19,9862
3092,鴻碩,270,5,265,元大-南京,2023-04-19,9862
00679B,元大美債20年,110,6,104,元大-南京,2023-04-19,9862
2352,佳世達,102,4,98,元大-南京,2023-04-19,9862
6790,永豐實,86,0,86,元大-南京,2023-04-19,9862
6806,森崴能源,94,16,78,元大-南京,2023-04-19,9862
2314,台揚,107,34,73,元大-南京,2023-04-19,9862
00632R,元大台灣50反1,70,5,65,元大-南京,2023-04-19,9862
3576,聯合再生,75,11,64,元大-南京,2023-04-19,9862
3479,安勤,51,6,45,元大-南京,2023-04-19,9862
2303,聯電,46,7,39,元大-南京,2023-04-19,9862
3046,建��,40,3,37,元大-南京,2023-04-19,9862
2457,飛宏,70,35,35,元大-南京,2023-04-19,9862
3038,全台,40,5,35,元大-南京,2023-04-19,9862
3032,偉訓,361,326,35,元大-南京,2023-04-19,9862
00888,永豐台灣ESG,67,35,32,元大-南京,2023-04-19,9862
1504,東元,77,51,26,元大-南京,2023-04-19,9862
6160,欣技,31,6,25,元大-南京,2023-04-19,9862
6672,騰輝電子-KY,24,0,24,元大-南京,2023-04-19,9862
3004,豐達科,36,12,24,元大-南京,2023-04-19,9862
1325,恆大,23,0,23,元大-南京,2023-04-19,9862
6470,宇智,46,26,20,元大-南京,2023-04-19,9862
2029,盛餘,20,0,20,元大-南京,2023-04-19,9862
2701,萬企,20,0,20,元大-南京,2023-04-19,9862
9945,潤泰新,19,0,19,元大-南京,2023-04-19,9862
8299,群聯,21,2,19,元大-南京,2023-04-19,9862
2359,所羅門,32,13,19,元大-南京,2023-04-19,9862
6873,泓德能源,20,1,19,元大-南京,2023-04-19,9862
00878,國泰永續高股息,28,9,19,元大-南京,2023-04-19,9862
00720B,元大投資級公司債,18,0,18,元大-南京,2023-04-19,9862
2313,華通,18,0,18,元大-南京,2023-04-19,9862
3481,群創,57,40,17,元大-南京,2023-04-19,9862
00713,元大台灣高息低波,22,5,17,元大-南京,2023-04-19,9862
00923,群益台ESG低碳50,17,0,17,元大-南京,2023-04-19,9862
2002,中鋼,15,0,15,元大-南京,2023-04-19,9862
2534,宏盛,15,0,15,元大-南京,2023-04-19,9862
6869,雲豹能源,15,0,15,元大-南京,2023-04-19,9862
6751,智聯服務,16,2,14,元大-南京,2023-04-19,9862
6782,視陽,15,1,14,元大-南京,2023-04-19,9862
8033,雷虎,31,17,14,元大-南京,2023-04-19,9862
00891,中信關鍵半導體,13,0,13,元大-南京,2023-04-19,9862
2409,友達,22,9,13,元大-南京,2023-04-19,9862
0050,元大台灣50,13,1,12,元大-南京,2023-04-19,9862
1101,台泥,12,0,12,元大-南京,2023-04-19,9862
1611,中電,14,2,12,元大-南京,2023-04-19,9862
3363,上詮,24,12,12,元大-南京,2023-04-19,9862
6191,精成科,14,2,12,元大-南京,2023-04-19,9862
2897,王道銀行,13,1,12,元大-南京,2023-04-19,9862
6173,信昌電,12,0,12,元大-南京,2023-04-19,9862
3704,合勤控,72,60,12,元大-南京,2023-04-19,9862
5009,榮剛,239,43,196,元大-南京,2023-04-20,9862
2457,飛宏,149,46,103,元大-南京,2023-04-20,9862
2812,台中銀,100,0,100,元大-南京,2023-04-20,9862
1409,新纖,102,10,92,元大-南京,2023-04-20,9862
4934,太極,89,4,85,元大-南京,2023-04-20,9862
5607,遠雄港,82,0,82,元大-南京,2023-04-20,9862
1795,美時,69,9,60,元大-南京,2023-04-20,9862
1909,榮成,80,21,59,元大-南京,2023-04-20,9862
2027,大成鋼,53,0,53,元大-南京,2023-04-20,9862
2359,所羅門,56,8,48,元大-南京,2023-04-20,9862
00637L,元大滬深300正2,44,1,43,元大-南京,2023-04-20,9862
2303,聯電,49,7,42,元大-南京,2023-04-20,9862
6282,康舒,97,57,40,元大-南京,2023-04-20,9862
00893,國泰智能電動車,37,1,36,元大-南京,2023-04-20,9862
3078,僑威,95,59,36,元大-南京,2023-04-20,9862
3576,聯合再生,36,0,36,元大-南京,2023-04-20,9862
3046,建��,37,1,36,元大-南京,2023-04-20,9862
3025,星通,40,4,36,元大-南京,2023-04-20,9862
6776,展�眥篕�,32,0,32,元大-南京,2023-04-20,9862
6672,騰輝電子-KY,32,1,31,元大-南京,2023-04-20,9862
3231,緯創,52,22,30,元大-南京,2023-04-20,9862
6470,宇智,54,25,29,元大-南京,2023-04-20,9862
2371,大同,30,2,28,元大-南京,2023-04-20,9862
3704,合勤控,28,0,28,元大-南京,2023-04-20,9862
3481,群創,50,24,26,元大-南京,2023-04-20,9862
1810,和成,36,12,24,元大-南京,2023-04-20,9862
1532,勤美,40,16,24,元大-南京,2023-04-20,9862
2701,萬企,23,0,23,元大-南京,2023-04-20,9862
8436,大江,29,7,22,元大-南京,2023-04-20,9862
5347,世界,21,0,21,元大-南京,2023-04-20,9862
4931,新盛力,21,0,21,元大-南京,2023-04-20,9862
2468,華經,22,2,20,元大-南京,2023-04-20,9862
00706L,期元大S＆P日圓正2,20,0,20,元大-南京,2023-04-20,9862
2029,盛餘,20,0,20,元大-南京,2023-04-20,9862
6294,智基,19,0,19,元大-南京,2023-04-20,9862
1442,名軒,19,0,19,元大-南京,2023-04-20,9862
3092,鴻碩,19,0,19,元大-南京,2023-04-20,9862
00900,富邦特選高股息30,18,0,18,元大-南京,2023-04-20,9862
3444,利機,18,0,18,元大-南京,2023-04-20,9862
2301,光寶科,20,2,18,元大-南京,2023-04-20,9862
1313,聯成,20,2,18,元大-南京,2023-04-20,9862
6457,紘康,18,0,18,元大-南京,2023-04-20,9862
2739,寒舍,17,0,17,元大-南京,2023-04-20,9862
3363,上詮,20,3,17,元大-南京,2023-04-20,9862
6234,高僑,17,0,17,元大-南京,2023-04-20,9862
2342,茂矽,16,0,16,元大-南京,2023-04-20,9862
4114,健喬,25,9,16,元大-南京,2023-04-20,9862
3257,虹冠電,15,0,15,元大-南京,2023-04-20,9862
00895,富邦未來車,16,1,15,元大-南京,2023-04-20,9862
2324,仁寶,16,2,14,元大-南京,2023-04-20,9862
2603,長榮,138,6,132,元大-南京,2023-04-21,9862
6282,康舒,136,55,81,元大-南京,2023-04-21,9862
6188,廣明,92,12,80,元大-南京,2023-04-21,9862
2201,裕隆,77,4,73,元大-南京,2023-04-21,9862
3032,偉訓,70,8,62,元大-南京,2023-04-21,9862
00751B,元大AAA至A公司債,52,0,52,元大-南京,2023-04-21,9862
2317,鴻海,53,8,45,元大-南京,2023-04-21,9862
2457,飛宏,81,37,44,元大-南京,2023-04-21,9862
1313,聯成,44,2,42,元大-南京,2023-04-21,9862
1532,勤美,41,0,41,元大-南京,2023-04-21,9862
3479,安勤,43,2,41,元大-南京,2023-04-21,9862
1711,永光,44,7,37,元大-南京,2023-04-21,9862
2030,彰源,40,3,37,元大-南京,2023-04-21,9862
6470,宇智,39,4,35,元大-南京,2023-04-21,9862
1760,寶齡富錦,34,3,31,元大-南京,2023-04-21,9862
2327,國巨,33,2,31,元大-南京,2023-04-21,9862
3704,合勤控,34,3,31,元大-南京,2023-04-21,9862
1611,中電,57,28,29,元大-南京,2023-04-21,9862
5607,遠雄港,27,2,25,元大-南京,2023-04-21,9862
6026,福邦證,25,0,25,元大-南京,2023-04-21,9862
2303,聯電,44,19,25,元大-南京,2023-04-21,9862
00830,國泰費城半導體,24,0,24,元大-南京,2023-04-21,9862
00637L,元大滬深300正2,23,0,23,元大-南京,2023-04-21,9862
6776,展�眥篕�,23,0,23,元大-南京,2023-04-21,9862
2206,三陽工業,49,28,21,元大-南京,2023-04-21,9862
3708,上緯投控,21,0,21,元大-南京,2023-04-21,9862
6672,騰輝電子-KY,20,0,20,元大-南京,2023-04-21,9862
2029,盛餘,20,0,20,元大-南京,2023-04-21,9862
020034,元大IC設計N,20,0,20,元大-南京,2023-04-21,9862
2722,夏都,20,0,20,元大-南京,2023-04-21,9862
4746,台耀,20,0,20,元大-南京,2023-04-21,9862
4147,中裕,30,10,20,元大-南京,2023-04-21,9862
9945,潤泰新,19,0,19,元大-南京,2023-04-21,9862
2344,華邦電,20,1,19,元大-南京,2023-04-21,9862
9958,世紀鋼,24,5,19,元大-南京,2023-04-21,9862
3025,星通,38,20,18,元大-南京,2023-04-21,9862
00753L,中信中國50正2,18,0,18,元大-南京,2023-04-21,9862
2867,三商壽,17,0,17,元大-南京,2023-04-21,9862
2515,中工,29,12,17,元大-南京,2023-04-21,9862
2359,所羅門,20,3,17,元大-南京,2023-04-21,9862
5009,榮剛,74,58,16,元大-南京,2023-04-21,9862
6233,旺玖,16,0,16,元大-南京,2023-04-21,9862
2301,光寶科,23,7,16,元大-南京,2023-04-21,9862
6770,力積電,18,2,16,元大-南京,2023-04-21,9862
3653,健策,15,0,15,元大-南京,2023-04-21,9862
6182,合晶,15,0,15,元大-南京,2023-04-21,9862
5388,中磊,17,3,14,元大-南京,2023-04-21,9862
2609,陽明,23,9,14,元大-南京,2023-04-21,9862
1802,台玻,15,1,14,元大-南京,2023-04-21,9862
2705,六福,17,3,14,元大-南京,2023-04-21,9862
6271,同欣電,176,0,176,元大-南京,2023-04-24,9862
3481,群創,175,2,173,元大-南京,2023-04-24,9862
6116,彩晶,151,0,151,元大-南京,2023-04-24,9862
6188,廣明,135,2,133,元大-南京,2023-04-24,9862
00902,中信電池及儲能,118,0,118,元大-南京,2023-04-24,9862
00669R,國泰美國道瓊反1,100,0,100,元大-南京,2023-04-24,9862
2303,聯電,63,3,60,元大-南京,2023-04-24,9862
00751B,元大AAA至A公司債,55,0,55,元大-南京,2023-04-24,9862
00637L,元大滬深300正2,59,4,55,元大-南京,2023-04-24,9862
3017,奇鋐,52,1,51,元大-南京,2023-04-24,9862
3032,偉訓,50,0,50,元大-南京,2023-04-24,9862
2324,仁寶,37,0,37,元大-南京,2023-04-24,9862
4967,十銓,41,13,28,元大-南京,2023-04-24,9862
5907,大洋-KY,24,0,24,元大-南京,2023-04-24,9862
1802,台玻,29,5,24,元大-南京,2023-04-24,9862
2031,新光鋼,54,33,21,元大-南京,2023-04-24,9862
4123,晟德,47,27,20,元大-南京,2023-04-24,9862
00706L,期元大S＆P日圓正2,20,0,20,元大-南京,2023-04-24,9862
2353,宏��,20,1,19,元大-南京,2023-04-24,9862
2313,華通,25,6,19,元大-南京,2023-04-24,9862
1314,中石化,20,1,19,元大-南京,2023-04-24,9862
00725B,國泰投資級公司債,18,0,18,元大-南京,2023-04-24,9862
2603,長榮,25,8,17,元大-南京,2023-04-24,9862
6285,啟��,20,3,17,元大-南京,2023-04-24,9862
1513,中興電,24,8,16,元大-南京,2023-04-24,9862
5227,立凱-KY,16,0,16,元大-南京,2023-04-24,9862
1907,永豐餘,27,11,16,元大-南京,2023-04-24,9862
6104,創惟,16,0,16,元大-南京,2023-04-24,9862
2002,中鋼,20,4,16,元大-南京,2023-04-24,9862
1905,華紙,47,32,15,元大-南京,2023-04-24,9862
00679B,元大美債20年,14,0,14,元大-南京,2023-04-24,9862
00633L,富邦上証正2,17,3,14,元大-南京,2023-04-24,9862
6264,富裔,13,0,13,元大-南京,2023-04-24,9862
2402,毅嘉,14,1,13,元大-南京,2023-04-24,9862
2903,遠百,12,0,12,元大-南京,2023-04-24,9862
2609,陽明,13,2,11,元大-南京,2023-04-24,9862
1514,亞力,13,2,11,元大-南京,2023-04-24,9862
00753L,中信中國50正2,11,0,11,元大-南京,2023-04-24,9862
00720B,元大投資級公司債,10,0,10,元大-南京,2023-04-24,9862
2705,六福,10,0,10,元大-南京,2023-04-24,9862
4968,立積,14,4,10,元大-南京,2023-04-24,9862
3147,大綜,13,3,10,元大-南京,2023-04-24,9862
6477,安集,10,0,10,元大-南京,2023-04-24,9862
00680L,元大美債20正2,10,0,10,元大-南京,2023-04-24,9862
2342,茂矽,10,0,10,元大-南京,2023-04-24,9862
2023,燁輝,10,0,10,元大-南京,2023-04-24,9862
2337,旺宏,12,2,10,元大-南京,2023-04-24,9862
4743,合一,17,7,10,元大-南京,2023-04-24,9862
6244,茂迪,18,8,10,元大-南京,2023-04-24,9862
5371,中光電,12,3,9,元大-南京,2023-04-24,9862
6188,廣明,210,4,206,元大-南京,2023-04-25,9862
2603,長榮,114,4,110,元大-南京,2023-04-25,9862
00878,國泰永續高股息,101,2,99,元大-南京,2023-04-25,9862
2002,中鋼,87,3,84,元大-南京,2023-04-25,9862
4167,松瑞藥,82,4,78,元大-南京,2023-04-25,9862
00888,永豐台灣ESG,68,0,68,元大-南京,2023-04-25,9862
0056,元大高股息,68,5,63,元大-南京,2023-04-25,9862
2201,裕隆,57,3,54,元大-南京,2023-04-25,9862
2888,新光金,50,0,50,元大-南京,2023-04-25,9862
2401,凌陽,50,0,50,元大-南京,2023-04-25,9862
1805,寶徠,47,0,47,元大-南京,2023-04-25,9862
2701,萬企,38,0,38,元大-南京,2023-04-25,9862
2610,華航,36,0,36,元大-南京,2023-04-25,9862
1310,台苯,52,18,34,元大-南京,2023-04-25,9862
0050,元大台灣50,33,0,33,元大-南京,2023-04-25,9862
8049,晶采,31,1,30,元大-南京,2023-04-25,9862
1905,華紙,72,42,30,元大-南京,2023-04-25,9862
3257,虹冠電,29,0,29,元大-南京,2023-04-25,9862
3032,偉訓,29,2,27,元大-南京,2023-04-25,9862
2330,台積電,37,11,26,元大-南京,2023-04-25,9862
4123,晟德,31,5,26,元大-南京,2023-04-25,9862
2317,鴻海,30,4,26,元大-南京,2023-04-25,9862
1605,華新,33,7,26,元大-南京,2023-04-25,9862
4108,懷特,25,0,25,元大-南京,2023-04-25,9862
2354,鴻準,31,6,25,元大-南京,2023-04-25,9862
2457,飛宏,100,75,25,元大-南京,2023-04-25,9862
1532,勤美,22,0,22,元大-南京,2023-04-25,9862
3231,緯創,60,38,22,元大-南京,2023-04-25,9862
2359,所羅門,28,8,20,元大-南京,2023-04-25,9862
00637L,元大滬深300正2,21,3,18,元大-南京,2023-04-25,9862
6751,智聯服務,21,3,18,元大-南京,2023-04-25,9862
2353,宏��,22,5,17,元大-南京,2023-04-25,9862
8926,台汽電,18,1,17,元大-南京,2023-04-25,9862
4967,十銓,24,7,17,元大-南京,2023-04-25,9862
2371,大同,22,6,16,元大-南京,2023-04-25,9862
8358,金居,20,4,16,元大-南京,2023-04-25,9862
6799,來頡,17,1,16,元大-南京,2023-04-25,9862
4927,泰鼎-KY,16,0,16,元大-南京,2023-04-25,9862
00905,FT臺灣Smart,15,0,15,元大-南京,2023-04-25,9862
8936,國統,15,0,15,元大-南京,2023-04-25,9862
3209,全科,15,0,15,元大-南京,2023-04-25,9862
9945,潤泰新,14,0,14,元大-南京,2023-04-25,9862
00902,中信電池及儲能,14,0,14,元大-南京,2023-04-25,9862
6173,信昌電,14,0,14,元大-南京,2023-04-25,9862
00713,元大台灣高息低波,16,3,13,元大-南京,2023-04-25,9862
1503,士電,21,8,13,元大-南京,2023-04-25,9862
4966,譜瑞-KY,13,0,13,元大-南京,2023-04-25,9862
3380,明泰,17,4,13,元大-南京,2023-04-25,9862
6776,展�眥篕�,15,2,13,元大-南京,2023-04-25,9862
1504,東元,28,15,13,元大-南京,2023-04-25,9862
6271,同欣電,126,0,126,元大-南京,2023-04-26,9862
6188,廣明,103,4,99,元大-南京,2023-04-26,9862
00632R,元大台灣50反1,105,27,78,元大-南京,2023-04-26,9862
8358,金居,44,0,44,元大-南京,2023-04-26,9862
4167,松瑞藥,41,0,41,元大-南京,2023-04-26,9862
00673R,期元大S＆P原油反1,40,0,40,元大-南京,2023-04-26,9862
00830,國泰費城半導體,39,0,39,元大-南京,2023-04-26,9862
00924,復華S＆P500成長,37,0,37,元大-南京,2023-04-26,9862
0056,元大高股息,35,0,35,元大-南京,2023-04-26,9862
00888,永豐台灣ESG,30,2,28,元大-南京,2023-04-26,9862
2002,中鋼,25,0,25,元大-南京,2023-04-26,9862
6023,元大期,24,0,24,元大-南京,2023-04-26,9862
00712,復華富時不動產,21,0,21,元大-南京,2023-04-26,9862
4123,晟德,29,11,18,元大-南京,2023-04-26,9862
1605,華新,35,18,17,元大-南京,2023-04-26,9862
2618,長榮航,19,2,17,元大-南京,2023-04-26,9862
2609,陽明,26,10,16,元大-南京,2023-04-26,9862
2317,鴻海,29,13,16,元大-南京,2023-04-26,9862
6197,佳必琪,15,0,15,元大-南京,2023-04-26,9862
1442,名軒,20,6,14,元大-南京,2023-04-26,9862
2897,王道銀行,13,0,13,元大-南京,2023-04-26,9862
9945,潤泰新,14,1,13,元大-南京,2023-04-26,9862
3707,漢磊,14,2,12,元大-南京,2023-04-26,9862
3131,弘塑,12,0,12,元大-南京,2023-04-26,9862
0050,元大台灣50,12,1,11,元大-南京,2023-04-26,9862
2610,華航,17,6,11,元大-南京,2023-04-26,9862
00679B,元大美債20年,11,0,11,元大-南京,2023-04-26,9862
3025,星通,15,4,11,元大-南京,2023-04-26,9862
1722,台肥,10,0,10,元大-南京,2023-04-26,9862
5347,世界,13,3,10,元大-南京,2023-04-26,9862
2359,所羅門,10,0,10,元大-南京,2023-04-26,9862
2701,萬企,10,0,10,元大-南京,2023-04-26,9862
00892,富邦台灣半導體,10,0,10,元大-南京,2023-04-26,9862
4927,泰鼎-KY,10,0,10,元大-南京,2023-04-26,9862
1536,和大,9,0,9,元大-南京,2023-04-26,9862
2454,聯發科,9,0,9,元大-南京,2023-04-26,9862
3711,日月光投控,9,1,8,元大-南京,2023-04-26,9862
8222,寶一,82,74,8,元大-南京,2023-04-26,9862
1503,士電,26,18,8,元大-南京,2023-04-26,9862
2314,台揚,8,0,8,元大-南京,2023-04-26,9862
6752,叡揚,17,9,8,元大-南京,2023-04-26,9862
006208,富邦台50,9,1,8,元大-南京,2023-04-26,9862
2330,台積電,18,11,7,元大-南京,2023-04-26,9862
00878,國泰永續高股息,20,13,7,元大-南京,2023-04-26,9862
2206,三陽工業,12,5,7,元大-南京,2023-04-26,9862
1513,中興電,19,12,7,元大-南京,2023-04-26,9862
6477,安集,8,1,7,元大-南京,2023-04-26,9862
6457,紘康,7,0,7,元大-南京,2023-04-26,9862
00715L,期街口布蘭特正2,7,0,7,元大-南京,2023-04-26,9862
2727,王品,9,2,7,元大-南京,2023-04-26,9862
6438,迅得,132,0,132,元大-南京,2023-04-27,9862
6282,康舒,127,3,124,元大-南京,2023-04-27,9862
3162,精確,101,3,98,元大-南京,2023-04-27,9862
4967,十銓,80,18,62,元大-南京,2023-04-27,9862
1605,華新,89,34,55,元大-南京,2023-04-27,9862
4123,晟德,52,0,52,元大-南京,2023-04-27,9862
6160,欣技,40,1,39,元大-南京,2023-04-27,9862
0056,元大高股息,39,6,33,元大-南京,2023-04-27,9862
00680L,元大美債20正2,32,0,32,元大-南京,2023-04-27,9862
6446,藥華藥,29,1,28,元大-南京,2023-04-27,9862
2489,瑞軒,30,2,28,元大-南京,2023-04-27,9862
5009,榮剛,42,15,27,元大-南京,2023-04-27,9862
2640,大車隊,29,2,27,元大-南京,2023-04-27,9862
00772B,中信高評級公司債,26,0,26,元大-南京,2023-04-27,9862
00830,國泰費城半導體,25,0,25,元大-南京,2023-04-27,9862
00712,復華富時不動產,26,2,24,元大-南京,2023-04-27,9862
3444,利機,23,0,23,元大-南京,2023-04-27,9862
2610,華航,25,3,22,元大-南京,2023-04-27,9862
00706L,期元大S＆P日圓正2,20,0,20,元大-南京,2023-04-27,9862
1907,永豐餘,19,1,18,元大-南京,2023-04-27,9862
2834,臺企銀,22,5,17,元大-南京,2023-04-27,9862
2801,彰銀,37,20,17,元大-南京,2023-04-27,9862
1216,統一,19,2,17,元大-南京,2023-04-27,9862
00642U,期元大S＆P石油,17,0,17,元大-南京,2023-04-27,9862
1326,台化,17,0,17,元大-南京,2023-04-27,9862
2330,台積電,18,1,17,元大-南京,2023-04-27,9862
00751B,元大AAA至A公司債,16,0,16,元大-南京,2023-04-27,9862
3037,欣興,217,201,16,元大-南京,2023-04-27,9862
1584,精剛,16,1,15,元大-南京,2023-04-27,9862
2207,和泰車,15,0,15,元大-南京,2023-04-27,9862
00753L,中信中國50正2,16,1,15,元大-南京,2023-04-27,9862
2603,長榮,17,2,15,元大-南京,2023-04-27,9862
1101,台泥,16,2,14,元大-南京,2023-04-27,9862
3324,雙鴻,14,1,13,元大-南京,2023-04-27,9862
00715L,期街口布蘭特正2,13,0,13,元大-南京,2023-04-27,9862
0050,元大台灣50,13,1,12,元大-南京,2023-04-27,9862
6770,力積電,12,0,12,元大-南京,2023-04-27,9862
2891,中信金,11,0,11,元大-南京,2023-04-27,9862
00878,國泰永續高股息,27,16,11,元大-南京,2023-04-27,9862
00679B,元大美債20年,10,0,10,元大-南京,2023-04-27,9862
3715,定穎投控,15,5,10,元大-南京,2023-04-27,9862
6516,勤崴國際,10,0,10,元大-南京,2023-04-27,9862
2371,大同,10,0,10,元大-南京,2023-04-27,9862
2409,友達,12,2,10,元大-南京,2023-04-27,9862
6558,興能高,10,0,10,元大-南京,2023-04-27,9862
6592,和潤企業,9,0,9,元大-南京,2023-04-27,9862
3044,健鼎,9,0,9,元大-南京,2023-04-27,9862
00720B,元大投資級公司債,9,0,9,元大-南京,2023-04-27,9862
1802,台玻,9,0,9,元大-南京,2023-04-27,9862
2031,新光鋼,18,9,9,元大-南京,2023-04-27,9862
2409,友達,94,14,80,元大-南京,2023-04-28,9862
3481,群創,80,0,80,元大-南京,2023-04-28,9862
2344,華邦電,75,23,52,元大-南京,2023-04-28,9862
2603,長榮,47,3,44,元大-南京,2023-04-28,9862
3162,精確,43,0,43,元大-南京,2023-04-28,9862
6741,91APP*-KY,53,14,39,元大-南京,2023-04-28,9862
6782,視陽,33,0,33,元大-南京,2023-04-28,9862
8222,寶一,110,80,30,元大-南京,2023-04-28,9862
1471,首利,30,0,30,元大-南京,2023-04-28,9862
6438,迅得,30,0,30,元大-南京,2023-04-28,9862
3078,僑威,40,14,26,元大-南京,2023-04-28,9862
1734,杏輝,26,1,25,元大-南京,2023-04-28,9862
2748,雲品,24,1,23,元大-南京,2023-04-28,9862
6197,佳必琪,21,0,21,元大-南京,2023-04-28,9862
00679B,元大美債20年,20,0,20,元大-南京,2023-04-28,9862
6689,伊雲谷,21,1,20,元大-南京,2023-04-28,9862
00680L,元大美債20正2,17,0,17,元大-南京,2023-04-28,9862
5009,榮剛,64,49,15,元大-南京,2023-04-28,9862
2515,中工,21,6,15,元大-南京,2023-04-28,9862
6547,高端疫苗,15,0,15,元大-南京,2023-04-28,9862
3715,定穎投控,18,4,14,元大-南京,2023-04-28,9862
4979,華星光,21,7,14,元大-南京,2023-04-28,9862
2880,華南金,13,0,13,元大-南京,2023-04-28,9862
8478,東哥遊艇,26,14,12,元大-南京,2023-04-28,9862
2208,台船,16,4,12,元大-南京,2023-04-28,9862
3081,聯亞,11,0,11,元大-南京,2023-04-28,9862
3071,協禧,12,1,11,元大-南京,2023-04-28,9862
6806,森崴能源,15,4,11,元大-南京,2023-04-28,9862
4746,台耀,11,1,10,元大-南京,2023-04-28,9862
6863,永道-KY,11,1,10,元大-南京,2023-04-28,9862
3296,勝德,10,0,10,元大-南京,2023-04-28,9862
2474,可成,10,0,10,元大-南京,2023-04-28,9862
3706,神達,10,0,10,元大-南京,2023-04-28,9862
3430,奇鈦科,10,0,10,元大-南京,2023-04-28,9862
2705,六福,10,0,10,元大-南京,2023-04-28,9862
00706L,期元大S＆P日圓正2,10,0,10,元大-南京,2023-04-28,9862
4927,泰鼎-KY,10,0,10,元大-南京,2023-04-28,9862
00738U,期元大道瓊白銀,10,0,10,元大-南京,2023-04-28,9862
1536,和大,10,0,10,元大-南京,2023-04-28,9862
6160,欣技,10,0,10,元大-南京,2023-04-28,9862
00688L,國泰20年美債正2,9,0,9,元大-南京,2023-04-28,9862
1504,東元,20,11,9,元大-南京,2023-04-28,9862
2002,中鋼,13,5,8,元大-南京,2023-04-28,9862
4911,德英,8,0,8,元大-南京,2023-04-28,9862
6248,沛波,8,0,8,元大-南京,2023-04-28,9862
2308,台達電,8,0,8,元大-南京,2023-04-28,9862
2317,鴻海,10,2,8,元大-南京,2023-04-28,9862
5284,jpp-KY,7,0,7,元大-南京,2023-04-28,9862
2618,長榮航,13,6,7,元大-南京,2023-04-28,9862
3322,建舜電,7,0,7,元大-南京,2023-04-28,9862
2603,長榮,160,4,156,元大-南京,2023-05-02,9862
8069,元太,119,29,90,元大-南京,2023-05-02,9862
00772B,中信高評級公司債,85,0,85,元大-南京,2023-05-02,9862
2201,裕隆,80,0,80,元大-南京,2023-05-02,9862
6438,迅得,76,1,75,元大-南京,2023-05-02,9862
3363,上詮,77,4,73,元大-南京,2023-05-02,9862
6112,邁達特,93,25,68,元大-南京,2023-05-02,9862
4979,華星光,49,2,47,元大-南京,2023-05-02,9862
2913,農林,61,18,43,元大-南京,2023-05-02,9862
00706L,期元大S＆P日圓正2,40,0,40,元大-南京,2023-05-02,9862
2504,國產,41,7,34,元大-南京,2023-05-02,9862
2881,富邦金,30,0,30,元大-南京,2023-05-02,9862
00751B,元大AAA至A公司債,29,0,29,元大-南京,2023-05-02,9862
3162,精確,50,21,29,元大-南京,2023-05-02,9862
6741,91APP*-KY,39,11,28,元大-南京,2023-05-02,9862
6244,茂迪,40,14,26,元大-南京,2023-05-02,9862
2457,飛宏,39,14,25,元大-南京,2023-05-02,9862
6005,群益證,24,0,24,元大-南京,2023-05-02,9862
1310,台苯,30,8,22,元大-南京,2023-05-02,9862
3029,零壹,40,20,20,元大-南京,2023-05-02,9862
2520,冠德,20,0,20,元大-南京,2023-05-02,9862
4121,優盛,33,13,20,元大-南京,2023-05-02,9862
3711,日月光投控,61,41,20,元大-南京,2023-05-02,9862
2883B,凱基金乙特,30,10,20,元大-南京,2023-05-02,9862
4105,東洋,20,0,20,元大-南京,2023-05-02,9862
2206,三陽工業,39,19,20,元大-南京,2023-05-02,9862
1802,台玻,25,6,19,元大-南京,2023-05-02,9862
1513,中興電,53,35,18,元大-南京,2023-05-02,9862
00679B,元大美債20年,171,155,16,元大-南京,2023-05-02,9862
00720B,元大投資級公司債,15,0,15,元大-南京,2023-05-02,9862
6576,逸達,15,0,15,元大-南京,2023-05-02,9862
9958,世紀鋼,13,0,13,元大-南京,2023-05-02,9862
00665L,富邦�琤肭磪囓�2,16,3,13,元大-南京,2023-05-02,9862
5009,榮剛,25,13,12,元大-南京,2023-05-02,9862
3071,協禧,12,0,12,元大-南京,2023-05-02,9862
2609,陽明,23,12,11,元大-南京,2023-05-02,9862
3207,耀勝,11,0,11,元大-南京,2023-05-02,9862
1215,卜蜂,11,0,11,元大-南京,2023-05-02,9862
3025,星通,19,8,11,元大-南京,2023-05-02,9862
6829,千附精密,13,2,11,元大-南京,2023-05-02,9862
4566,時碩工業,17,6,11,元大-南京,2023-05-02,9862
3006,晶豪科,15,4,11,元大-南京,2023-05-02,9862
00923,群益台ESG低碳50,10,0,10,元大-南京,2023-05-02,9862
6446,藥華藥,11,1,10,元大-南京,2023-05-02,9862
4908,前鼎,10,0,10,元大-南京,2023-05-02,9862
3704,合勤控,11,1,10,元大-南京,2023-05-02,9862
020034,元大IC設計N,10,0,10,元大-南京,2023-05-02,9862
6218,豪勉,10,0,10,元大-南京,2023-05-02,9862
2634,漢翔,57,47,10,元大-南京,2023-05-02,9862
4927,泰鼎-KY,9,0,9,元大-南京,2023-05-02,9862
2344,華邦電,413,5,408,元大-南京,2023-05-03,9862
2603,長榮,264,11,253,元大-南京,2023-05-03,9862
00715L,期街口布蘭特正2,203,0,203,元大-南京,2023-05-03,9862
00632R,元大台灣50反1,100,3,97,元大-南京,2023-05-03,9862
6589,台康生技,109,25,84,元大-南京,2023-05-03,9862
2913,農林,93,35,58,元大-南京,2023-05-03,9862
2356,英業達,55,1,54,元大-南京,2023-05-03,9862
8069,元太,64,24,40,元大-南京,2023-05-03,9862
00878,國泰永續高股息,42,3,39,元大-南京,2023-05-03,9862
2609,陽明,31,0,31,元大-南京,2023-05-03,9862
4510,高鋒,30,0,30,元大-南京,2023-05-03,9862
2634,漢翔,145,116,29,元大-南京,2023-05-03,9862
00712,復華富時不動產,30,1,29,元大-南京,2023-05-03,9862
00637L,元大滬深300正2,33,5,28,元大-南京,2023-05-03,9862
3231,緯創,43,17,26,元大-南京,2023-05-03,9862
2881,富邦金,29,4,25,元大-南京,2023-05-03,9862
00885,富邦越南,25,5,20,元大-南京,2023-05-03,9862
1711,永光,21,1,20,元大-南京,2023-05-03,9862
5607,遠雄港,20,0,20,元大-南京,2023-05-03,9862
2359,所羅門,20,0,20,元大-南京,2023-05-03,9862
00642U,期元大S＆P石油,19,0,19,元大-南京,2023-05-03,9862
4916,事欣科,15,0,15,元大-南京,2023-05-03,9862
1503,士電,44,30,14,元大-南京,2023-05-03,9862
3029,零壹,13,0,13,元大-南京,2023-05-03,9862
3006,晶豪科,15,2,13,元大-南京,2023-05-03,9862
6741,91APP*-KY,26,13,13,元大-南京,2023-05-03,9862
2360,致茂,19,6,13,元大-南京,2023-05-03,9862
2520,冠德,13,0,13,元大-南京,2023-05-03,9862
4105,東洋,13,0,13,元大-南京,2023-05-03,9862
2892,第一金,12,0,12,元大-南京,2023-05-03,9862
2504,國產,16,4,12,元大-南京,2023-05-03,9862
00688L,國泰20年美債正2,20,9,11,元大-南京,2023-05-03,9862
6218,豪勉,11,0,11,元大-南京,2023-05-03,9862
3380,明泰,11,0,11,元大-南京,2023-05-03,9862
3147,大綜,43,32,11,元大-南京,2023-05-03,9862
6547,高端疫苗,11,0,11,元大-南京,2023-05-03,9862
2066,世德,10,0,10,元大-南京,2023-05-03,9862
3388,崇越電,10,0,10,元大-南京,2023-05-03,9862
2323,中環,10,0,10,元大-南京,2023-05-03,9862
1570,力肯,10,0,10,元大-南京,2023-05-03,9862
2481,強茂,10,0,10,元大-南京,2023-05-03,9862
1313,聯成,10,0,10,元大-南京,2023-05-03,9862
6215,和椿,10,0,10,元大-南京,2023-05-03,9862
2916,滿心,10,0,10,元大-南京,2023-05-03,9862
2887,台新金,10,0,10,元大-南京,2023-05-03,9862
8131,福懋科,10,0,10,元大-南京,2023-05-03,9862
2376,技嘉,10,0,10,元大-南京,2023-05-03,9862
6806,森崴能源,14,4,10,元大-南京,2023-05-03,9862
5465,富驊,9,0,9,元大-南京,2023-05-03,9862
3479,安勤,9,0,9,元大-南京,2023-05-03,9862
9934,成霖,400,36,364,元大-南京,2023-05-04,9862
5009,榮剛,280,37,243,元大-南京,2023-05-04,9862
00715L,期街口布蘭特正2,162,0,162,元大-南京,2023-05-04,9862
00632R,元大台灣50反1,150,5,145,元大-南京,2023-05-04,9862
00679B,元大美債20年,127,1,126,元大-南京,2023-05-04,9862
00878,國泰永續高股息,110,1,109,元大-南京,2023-05-04,9862
1905,華紙,141,64,77,元大-南京,2023-05-04,9862
3037,欣興,123,47,76,元大-南京,2023-05-04,9862
1904,正隆,61,7,54,元大-南京,2023-05-04,9862
1701,中化,50,1,49,元大-南京,2023-05-04,9862
00642U,期元大S＆P石油,46,0,46,元大-南京,2023-05-04,9862
2344,華邦電,40,5,35,元大-南京,2023-05-04,9862
1310,台苯,70,40,30,元大-南京,2023-05-04,9862
3027,盛達,27,0,27,元大-南京,2023-05-04,9862
4572,駐龍,31,7,24,元大-南京,2023-05-04,9862
8403,盛弘,28,5,23,元大-南京,2023-05-04,9862
00688L,國泰20年美債正2,22,0,22,元大-南京,2023-05-04,9862
2609,陽明,22,0,22,元大-南京,2023-05-04,9862
2356,英業達,26,5,21,元大-南京,2023-05-04,9862
8131,福懋科,20,0,20,元大-南京,2023-05-04,9862
3711,日月光投控,60,40,20,元大-南京,2023-05-04,9862
3036,文曄,20,0,20,元大-南京,2023-05-04,9862
5876,上海商銀,20,0,20,元大-南京,2023-05-04,9862
00762,元大全球AI,20,0,20,元大-南京,2023-05-04,9862
2812,台中銀,20,0,20,元大-南京,2023-05-04,9862
2480,敦陽科,43,23,20,元大-南京,2023-05-04,9862
5283,禾聯碩,19,0,19,元大-南京,2023-05-04,9862
6005,群益證,19,0,19,元大-南京,2023-05-04,9862
4167,松瑞藥,18,0,18,元大-南京,2023-05-04,9862
3231,緯創,35,17,18,元大-南京,2023-05-04,9862
3078,僑威,22,6,16,元大-南京,2023-05-04,9862
1514,亞力,44,29,15,元大-南京,2023-05-04,9862
1101,台泥,21,7,14,元大-南京,2023-05-04,9862
2105,正新,13,0,13,元大-南京,2023-05-04,9862
1813,寶利徠,13,0,13,元大-南京,2023-05-04,9862
8478,東哥遊艇,20,8,12,元大-南京,2023-05-04,9862
6167,久正,17,5,12,元大-南京,2023-05-04,9862
2453,凌群,13,1,12,元大-南京,2023-05-04,9862
1319,東陽,12,0,12,元大-南京,2023-05-04,9862
2603,長榮,120,109,11,元大-南京,2023-05-04,9862
00885,富邦越南,21,10,11,元大-南京,2023-05-04,9862
8112,至上,11,0,11,元大-南京,2023-05-04,9862
2645,長榮航太,15,5,10,元大-南京,2023-05-04,9862
8099,大世科,16,6,10,元大-南京,2023-05-04,9862
2409,友達,24,14,10,元大-南京,2023-05-04,9862
2359,所羅門,10,0,10,元大-南京,2023-05-04,9862
2449,京元電子,10,0,10,元大-南京,2023-05-04,9862
2303,聯電,11,1,10,元大-南京,2023-05-04,9862
00712,復華富時不動產,10,0,10,元大-南京,2023-05-04,9862
2353,宏��,17,8,9,元大-南京,2023-05-04,9862
5009,榮剛,225,75,150,元大-南京,2023-05-05,9862
6191,精成科,143,7,136,元大-南京,2023-05-05,9862
6112,邁達特,155,30,125,元大-南京,2023-05-05,9862
3664,安瑞-KY,75,1,74,元大-南京,2023-05-05,9862
00878,國泰永續高股息,68,1,67,元大-南京,2023-05-05,9862
3037,欣興,83,21,62,元大-南京,2023-05-05,9862
3363,上詮,57,5,52,元大-南京,2023-05-05,9862
3162,精確,53,2,51,元大-南京,2023-05-05,9862
6438,迅得,45,0,45,元大-南京,2023-05-05,9862
1609,大亞,121,79,42,元大-南京,2023-05-05,9862
9934,成霖,41,0,41,元大-南京,2023-05-05,9862
00679B,元大美債20年,39,0,39,元大-南京,2023-05-05,9862
6245,立端,55,18,37,元大-南京,2023-05-05,9862
9945,潤泰新,38,2,36,元大-南京,2023-05-05,9862
2609,陽明,36,2,34,元大-南京,2023-05-05,9862
8121,越峰,30,0,30,元大-南京,2023-05-05,9862
4114,健喬,31,2,29,元大-南京,2023-05-05,9862
4967,十銓,30,2,28,元大-南京,2023-05-05,9862
4142,國光生,30,4,26,元大-南京,2023-05-05,9862
3231,緯創,55,30,25,元大-南京,2023-05-05,9862
4123,晟德,29,4,25,元大-南京,2023-05-05,9862
4167,松瑞藥,25,2,23,元大-南京,2023-05-05,9862
00751B,元大AAA至A公司債,22,0,22,元大-南京,2023-05-05,9862
1101,台泥,37,15,22,元大-南京,2023-05-05,9862
1710,東聯,24,2,22,元大-南京,2023-05-05,9862
6235,華孚,22,0,22,元大-南京,2023-05-05,9862
6443,元晶,23,2,21,元大-南京,2023-05-05,9862
2886,兆豐金,20,0,20,元大-南京,2023-05-05,9862
2881,富邦金,20,1,19,元大-南京,2023-05-05,9862
2065,世豐,19,0,19,元大-南京,2023-05-05,9862
1442,名軒,18,0,18,元大-南京,2023-05-05,9862
3017,奇鋐,50,32,18,元大-南京,2023-05-05,9862
3715,定穎投控,116,99,17,元大-南京,2023-05-05,9862
1605,華新,27,10,17,元大-南京,2023-05-05,9862
4513,福裕,16,0,16,元大-南京,2023-05-05,9862
00712,復華富時不動產,15,0,15,元大-南京,2023-05-05,9862
8927,北基,15,0,15,元大-南京,2023-05-05,9862
2457,飛宏,24,10,14,元大-南京,2023-05-05,9862
3025,星通,24,10,14,元大-南京,2023-05-05,9862
8215,明基材,16,3,13,元大-南京,2023-05-05,9862
9958,世紀鋼,13,0,13,元大-南京,2023-05-05,9862
3006,晶豪科,14,2,12,元大-南京,2023-05-05,9862
5289,宜鼎,13,1,12,元大-南京,2023-05-05,9862
4916,事欣科,12,0,12,元大-南京,2023-05-05,9862
8426,紅木-KY,13,1,12,元大-南京,2023-05-05,9862
6244,茂迪,16,5,11,元大-南京,2023-05-05,9862
00687B,國泰20年美債,11,0,11,元大-南京,2023-05-05,9862
3131,弘塑,12,1,11,元大-南京,2023-05-05,9862
9802,鈺齊-KY,11,1,10,元大-南京,2023-05-05,9862
2367,燿華,10,0,10,元大-南京,2023-05-05,9862
00632R,元大台灣50反1,394,200,194,元大-南京,2023-05-08,9862
2883,凱基金,221,55,166,元大-南京,2023-05-08,9862
3202,樺晟,129,4,125,元大-南京,2023-05-08,9862
2421,建準,215,100,115,元大-南京,2023-05-08,9862
00642U,期元大S＆P石油,60,2,58,元大-南京,2023-05-08,9862
9933,中鼎,58,3,55,元大-南京,2023-05-08,9862
2313,華通,53,6,47,元大-南京,2023-05-08,9862
1104,環泥,52,6,46,元大-南京,2023-05-08,9862
1605,華新,83,38,45,元大-南京,2023-05-08,9862
3363,上詮,65,20,45,元大-南京,2023-05-08,9862
3664,安瑞-KY,45,0,45,元大-南京,2023-05-08,9862
00680L,元大美債20正2,42,0,42,元大-南京,2023-05-08,9862
1314,中石化,40,0,40,元大-南京,2023-05-08,9862
2014,中鴻,48,8,40,元大-南京,2023-05-08,9862
00712,復華富時不動產,31,0,31,元大-南京,2023-05-08,9862
2504,國產,30,0,30,元大-南京,2023-05-08,9862
4967,十銓,62,33,29,元大-南京,2023-05-08,9862
6790,永豐實,30,2,28,元大-南京,2023-05-08,9862
1434,福懋,26,0,26,元大-南京,2023-05-08,9862
3481,群創,35,10,25,元大-南京,2023-05-08,9862
1215,卜蜂,23,1,22,元大-南京,2023-05-08,9862
00751B,元大AAA至A公司債,22,0,22,元大-南京,2023-05-08,9862
3703,欣陸,23,1,22,元大-南京,2023-05-08,9862
6443,元晶,25,4,21,元大-南京,2023-05-08,9862
1319,東陽,25,4,21,元大-南京,2023-05-08,9862
3131,弘塑,21,0,21,元大-南京,2023-05-08,9862
00720B,元大投資級公司債,20,0,20,元大-南京,2023-05-08,9862
00878,國泰永續高股息,20,0,20,元大-南京,2023-05-08,9862
4915,致伸,25,6,19,元大-南京,2023-05-08,9862
1101,台泥,32,13,19,元大-南京,2023-05-08,9862
4763,材料-KY,39,21,18,元大-南京,2023-05-08,9862
3037,欣興,52,33,19,元大-南京,2023-05-08,9862
00679B,元大美債20年,18,0,18,元大-南京,2023-05-08,9862
3078,僑威,18,1,17,元大-南京,2023-05-08,9862
4173,久裕,19,2,17,元大-南京,2023-05-08,9862
3673,TPK-KY,19,3,16,元大-南京,2023-05-08,9862
3162,精確,16,1,15,元大-南京,2023-05-08,9862
6741,91APP*-KY,18,5,13,元大-南京,2023-05-08,9862
2913,農林,14,2,12,元大-南京,2023-05-08,9862
2731,雄獅,13,1,12,元大-南京,2023-05-08,9862
6531,愛普*,16,4,12,元大-南京,2023-05-08,9862
2520,冠德,11,0,11,元大-南京,2023-05-08,9862
5211,蒙恬,14,3,11,元大-南京,2023-05-08,9862
6576,逸達,11,0,11,元大-南京,2023-05-08,9862
9962,有益,11,0,11,元大-南京,2023-05-08,9862
6547,高端疫苗,15,5,10,元大-南京,2023-05-08,9862
1731,美吾華,10,0,10,元大-南京,2023-05-08,9862
3454,晶睿,11,1,10,元大-南京,2023-05-08,9862
2029,盛餘,10,0,10,元大-南京,2023-05-08,9862
4707,磐亞,10,0,10,元大-南京,2023-05-08,9862
2887,台新金,202,15,187,元大-南京,2023-05-09,9862
00671R,富邦NASDAQ反1,103,0,103,元大-南京,2023-05-09,9862
6546,正基,79,0,79,元大-南京,2023-05-09,9862
2421,建準,117,59,58,元大-南京,2023-05-09,9862
00885,富邦越南,50,1,49,元大-南京,2023-05-09,9862
5609,中菲行,42,1,41,元大-南京,2023-05-09,9862
3363,上詮,52,12,40,元大-南京,2023-05-09,9862
3147,大綜,40,2,38,元大-南京,2023-05-09,9862
6112,邁達特,129,96,33,元大-南京,2023-05-09,9862
1314,中石化,32,0,32,元大-南京,2023-05-09,9862
00679B,元大美債20年,31,0,31,元大-南京,2023-05-09,9862
3711,日月光投控,31,0,31,元大-南京,2023-05-09,9862
1313,聯成,32,2,30,元大-南京,2023-05-09,9862
2359,所羅門,30,0,30,元大-南京,2023-05-09,9862
00878,國泰永續高股息,43,13,30,元大-南京,2023-05-09,9862
1905,華紙,578,553,25,元大-南京,2023-05-09,9862
6235,華孚,28,3,25,元大-南京,2023-05-09,9862
00751B,元大AAA至A公司債,23,0,23,元大-南京,2023-05-09,9862
3715,定穎投控,85,62,23,元大-南京,2023-05-09,9862
1513,中興電,40,17,23,元大-南京,2023-05-09,9862
00772B,中信高評級公司債,22,0,22,元大-南京,2023-05-09,9862
4123,晟德,22,0,22,元大-南京,2023-05-09,9862
2884,玉山金,22,1,21,元大-南京,2023-05-09,9862
4129,聯合,21,0,21,元大-南京,2023-05-09,9862
1904,正隆,34,13,21,元大-南京,2023-05-09,9862
6275,元山,34,13,21,元大-南京,2023-05-09,9862
6443,元晶,44,23,21,元大-南京,2023-05-09,9862
00795B,中信美國公債20年,20,0,20,元大-南京,2023-05-09,9862
1434,福懋,20,0,20,元大-南京,2023-05-09,9862
1504,東元,52,32,20,元大-南京,2023-05-09,9862
6142,友勁,20,0,20,元大-南京,2023-05-09,9862
020034,元大IC設計N,20,0,20,元大-南京,2023-05-09,9862
5907,大洋-KY,20,0,20,元大-南京,2023-05-09,9862
3017,奇鋐,21,1,20,元大-南京,2023-05-09,9862
2303,聯電,23,4,19,元大-南京,2023-05-09,9862
00680L,元大美債20正2,19,0,19,元大-南京,2023-05-09,9862
2344,華邦電,25,6,19,元大-南京,2023-05-09,9862
6446,藥華藥,19,2,17,元大-南京,2023-05-09,9862
3071,協禧,22,5,17,元大-南京,2023-05-09,9862
6005,群益證,16,0,16,元大-南京,2023-05-09,9862
6288,聯嘉,19,3,16,元大-南京,2023-05-09,9862
1218,泰山,17,2,15,元大-南京,2023-05-09,9862
5258,虹堡,16,1,15,元大-南京,2023-05-09,9862
2484,希華,15,0,15,元大-南京,2023-05-09,9862
2634,漢翔,44,30,14,元大-南京,2023-05-09,9862
1442,名軒,13,0,13,元大-南京,2023-05-09,9862
3038,全台,13,0,13,元大-南京,2023-05-09,9862
1609,大亞,35,22,13,元大-南京,2023-05-09,9862
2023,燁輝,12,0,12,元大-南京,2023-05-09,9862
4147,中裕,12,0,12,元大-南京,2023-05-09,9862
2330,台積電,148,1,147,元大-南京,2023-05-10,9862
2618,長榮航,177,42,135,元大-南京,2023-05-10,9862
2313,華通,68,0,68,元大-南京,2023-05-10,9862
2504,國產,61,0,61,元大-南京,2023-05-10,9862
6235,華孚,64,10,54,元大-南京,2023-05-10,9862
00878,國泰永續高股息,52,0,52,元大-南京,2023-05-10,9862
9933,中鼎,50,0,50,元大-南京,2023-05-10,9862
00680L,元大美債20正2,45,0,45,元大-南京,2023-05-10,9862
00637L,元大滬深300正2,51,12,39,元大-南京,2023-05-10,9862
3231,緯創,61,25,36,元大-南京,2023-05-10,9862
00665L,富邦�琤肭磪囓�2,35,0,35,元大-南京,2023-05-10,9862
6167,久正,32,0,32,元大-南京,2023-05-10,9862
1104,環泥,42,12,30,元大-南京,2023-05-10,9862
8076,伍豐,29,0,29,元大-南京,2023-05-10,9862
5258,虹堡,39,11,28,元大-南京,2023-05-10,9862
2303,聯電,35,10,25,元大-南京,2023-05-10,9862
3711,日月光投控,23,0,23,元大-南京,2023-05-10,9862
00673R,期元大S＆P原油反1,27,5,22,元大-南京,2023-05-10,9862
2701,萬企,22,0,22,元大-南京,2023-05-10,9862
5439,高技,22,2,20,元大-南京,2023-05-10,9862
2610,華航,36,17,19,元大-南京,2023-05-10,9862
2882,國泰金,27,8,19,元大-南京,2023-05-10,9862
00633L,富邦上証正2,18,0,18,元大-南京,2023-05-10,9862
00687B,國泰20年美債,17,0,17,元大-南京,2023-05-10,9862
2387,精元,17,0,17,元大-南京,2023-05-10,9862
2605,新興,23,6,17,元大-南京,2023-05-10,9862
6770,力積電,15,0,15,元大-南京,2023-05-10,9862
2352,佳世達,16,1,15,元大-南京,2023-05-10,9862
2801,彰銀,15,0,15,元大-南京,2023-05-10,9862
2421,建準,41,27,14,元大-南京,2023-05-10,9862
1442,名軒,14,0,14,元大-南京,2023-05-10,9862
00751B,元大AAA至A公司債,13,0,13,元大-南京,2023-05-10,9862
5284,jpp-KY,15,2,13,元大-南京,2023-05-10,9862
8436,大江,14,2,12,元大-南京,2023-05-10,9862
3004,豐達科,12,0,12,元大-南京,2023-05-10,9862
00713,元大台灣高息低波,34,22,12,元大-南京,2023-05-10,9862
00720B,元大投資級公司債,11,0,11,元大-南京,2023-05-10,9862
6790,永豐實,12,1,11,元大-南京,2023-05-10,9862
8926,台汽電,11,0,11,元大-南京,2023-05-10,9862
2889,國票金,10,0,10,元大-南京,2023-05-10,9862
3324,雙鴻,12,2,10,元大-南京,2023-05-10,9862
6263,普萊德,10,0,10,元大-南京,2023-05-10,9862
2883B,凱基金乙特,10,0,10,元大-南京,2023-05-10,9862
8426,紅木-KY,10,0,10,元大-南京,2023-05-10,9862
2520,冠德,10,0,10,元大-南京,2023-05-10,9862
5227,立凱-KY,10,0,10,元大-南京,2023-05-10,9862
9939,宏全,11,2,9,元大-南京,2023-05-10,9862
5902,德記,9,0,9,元大-南京,2023-05-10,9862
2881,富邦金,9,0,9,元大-南京,2023-05-10,9862
2409,友達,11,2,9,元大-南京,2023-05-10,9862
00632R,元大台灣50反1,250,10,240,元大-南京,2023-05-11,9862
1742,台蠟,101,0,101,元大-南京,2023-05-11,9862
2887,台新金,101,16,85,元大-南京,2023-05-11,9862
6285,啟��,74,2,72,元大-南京,2023-05-11,9862
00878,國泰永續高股息,85,13,72,元大-南京,2023-05-11,9862
3363,上詮,65,4,61,元大-南京,2023-05-11,9862
2867,三商壽,52,0,52,元大-南京,2023-05-11,9862
2027,大成鋼,50,1,49,元大-南京,2023-05-11,9862
4123,晟德,45,6,39,元大-南京,2023-05-11,9862
00715L,期街口布蘭特正2,36,0,36,元大-南京,2023-05-11,9862
6546,正基,30,0,30,元大-南京,2023-05-11,9862
2520,冠德,26,0,26,元大-南京,2023-05-11,9862
6271,同欣電,31,5,26,元大-南京,2023-05-11,9862
2701,萬企,25,0,25,元大-南京,2023-05-11,9862
2618,長榮航,52,28,24,元大-南京,2023-05-11,9862
2409,友達,25,4,21,元大-南京,2023-05-11,9862
8033,雷虎,27,6,21,元大-南京,2023-05-11,9862
1442,名軒,21,0,21,元大-南京,2023-05-11,9862
3388,崇越電,20,0,20,元大-南京,2023-05-11,9862
6191,精成科,30,10,20,元大-南京,2023-05-11,9862
1609,大亞,46,27,19,元大-南京,2023-05-11,9862
1731,美吾華,19,0,19,元大-南京,2023-05-11,9862
3380,明泰,19,0,19,元大-南京,2023-05-11,9862
6116,彩晶,19,0,19,元大-南京,2023-05-11,9862
2609,陽明,22,4,18,元大-南京,2023-05-11,9862
6589,台康生技,19,1,18,元大-南京,2023-05-11,9862
1301,台塑,17,1,16,元大-南京,2023-05-11,9862
2634,漢翔,22,6,16,元大-南京,2023-05-11,9862
2371,大同,34,18,16,元大-南京,2023-05-11,9862
9907,統一實,14,0,14,元大-南京,2023-05-11,9862
2312,金寶,14,0,14,元大-南京,2023-05-11,9862
1522,堤維西,13,0,13,元大-南京,2023-05-11,9862
2610,華航,37,24,13,元大-南京,2023-05-11,9862
1313,聯成,14,2,12,元大-南京,2023-05-11,9862
6173,信昌電,12,0,12,元大-南京,2023-05-11,9862
6605,帝寶,12,0,12,元大-南京,2023-05-11,9862
3032,偉訓,12,0,12,元大-南京,2023-05-11,9862
4109,加捷生醫,11,0,11,元大-南京,2023-05-11,9862
00753L,中信中國50正2,11,0,11,元大-南京,2023-05-11,9862
00637L,元大滬深300正2,13,2,11,元大-南京,2023-05-11,9862
8038,長園科,11,0,11,元大-南京,2023-05-11,9862
0056,元大高股息,10,0,10,元大-南京,2023-05-11,9862
3596,智易,10,0,10,元大-南京,2023-05-11,9862
2029,盛餘,10,0,10,元大-南京,2023-05-11,9862
3402,漢科,10,0,10,元大-南京,2023-05-11,9862
00738U,期元大道瓊白銀,10,0,10,元大-南京,2023-05-11,9862
3033,威健,10,0,10,元大-南京,2023-05-11,9862
4142,國光生,10,0,10,元大-南京,2023-05-11,9862
2317,鴻海,12,3,9,元大-南京,2023-05-11,9862
6245,立端,11,2,9,元大-南京,2023-05-11,9862
2317,鴻海,134,10,124,元大-南京,2023-05-12,9862
00632R,元大台灣50反1,100,0,100,元大-南京,2023-05-12,9862
00878,國泰永續高股息,55,2,53,元大-南京,2023-05-12,9862
4147,中裕,38,8,30,元大-南京,2023-05-12,9862
2705,六福,30,0,30,元大-南京,2023-05-12,9862
1442,名軒,24,1,23,元大-南京,2023-05-12,9862
00885,富邦越南,25,2,23,元大-南京,2023-05-12,9862
6234,高僑,25,3,22,元大-南京,2023-05-12,9862
2049,上銀,20,0,20,元大-南京,2023-05-12,9862
0056,元大高股息,26,7,19,元大-南京,2023-05-12,9862
3013,晟銘電,18,0,18,元大-南京,2023-05-12,9862
1514,亞力,22,4,18,元大-南京,2023-05-12,9862
6167,久正,18,0,18,元大-南京,2023-05-12,9862
3481,群創,19,2,17,元大-南京,2023-05-12,9862
5531,鄉林,17,0,17,元大-南京,2023-05-12,9862
00888,永豐台灣ESG,15,0,15,元大-南京,2023-05-12,9862
6112,邁達特,25,9,16,元大-南京,2023-05-12,9862
2897,王道銀行,15,0,15,元大-南京,2023-05-12,9862
6005,群益證,14,0,14,元大-南京,2023-05-12,9862
2888,新光金,12,0,12,元大-南京,2023-05-12,9862
6550,北極星藥業-KY,20,8,12,元大-南京,2023-05-12,9862
2330,台積電,13,1,12,元大-南京,2023-05-12,9862
1215,卜蜂,12,0,12,元大-南京,2023-05-12,9862
6191,精成科,11,0,11,元大-南京,2023-05-12,9862
8222,寶一,23,12,11,元大-南京,2023-05-12,9862
1434,福懋,10,0,10,元大-南京,2023-05-12,9862
3372,典範,10,0,10,元大-南京,2023-05-12,9862
3094,聯傑,10,0,10,元大-南京,2023-05-12,9862
1108,幸福,10,0,10,元大-南京,2023-05-12,9862
8234,新漢,23,13,10,元大-南京,2023-05-12,9862
2882,國泰金,9,0,9,元大-南京,2023-05-12,9862
2880,華南金,10,1,9,元大-南京,2023-05-12,9862
2423,固緯,9,0,9,元大-南京,2023-05-12,9862
1231,聯華食,8,0,8,元大-南京,2023-05-12,9862
1409,新纖,11,3,8,元大-南京,2023-05-12,9862
2883B,凱基金乙特,8,0,8,元大-南京,2023-05-12,9862
6231,系微,8,0,8,元大-南京,2023-05-12,9862
00903,富邦元宇宙,8,0,8,元大-南京,2023-05-12,9862
2889,國票金,8,0,8,元大-南京,2023-05-12,9862
2701,萬企,8,0,8,元大-南京,2023-05-12,9862
2027,大成鋼,8,0,8,元大-南京,2023-05-12,9862
8048,德勝,9,1,8,元大-南京,2023-05-12,9862
1101,台泥,8,0,8,元大-南京,2023-05-12,9862
6294,智基,8,0,8,元大-南京,2023-05-12,9862
2308,台達電,7,0,7,元大-南京,2023-05-12,9862
4123,晟德,23,16,7,元大-南京,2023-05-12,9862
2303,聯電,6,0,6,元大-南京,2023-05-12,9862
2731,雄獅,10,4,6,元大-南京,2023-05-12,9862
1736,喬山,6,0,6,元大-南京,2023-05-12,9862
3252,海灣,6,0,6,元大-南京,2023-05-12,9862
00878,國泰永續高股息,150,33,117,元大-南京,2023-05-15,9862
00706L,期元大S＆P日圓正2,110,0,110,元大-南京,2023-05-15,9862
5009,榮剛,105,0,105,元大-南京,2023-05-15,9862
00632R,元大台灣50反1,100,0,100,元大-南京,2023-05-15,9862
00679B,元大美債20年,62,5,57,元大-南京,2023-05-15,9862
1417,嘉裕,50,0,50,元大-南京,2023-05-15,9862
2332,友訊,55,5,50,元大-南京,2023-05-15,9862
3231,緯創,115,67,48,元大-南京,2023-05-15,9862
2331,精英,51,3,48,元大-南京,2023-05-15,9862
1215,卜蜂,40,0,40,元大-南京,2023-05-15,9862
5511,德昌,35,0,35,元大-南京,2023-05-15,9862
3715,定穎投控,50,16,34,元大-南京,2023-05-15,9862
2352,佳世達,43,9,34,元大-南京,2023-05-15,9862
8426,紅木-KY,33,0,33,元大-南京,2023-05-15,9862
6523,達爾膚,30,0,30,元大-南京,2023-05-15,9862
9933,中鼎,30,1,29,元大-南京,2023-05-15,9862
4123,晟德,43,16,27,元大-南京,2023-05-15,9862
00664R,國泰臺灣加權反1,25,0,25,元大-南京,2023-05-15,9862
1504,東元,53,28,25,元大-南京,2023-05-15,9862
2736,富野,29,5,24,元大-南京,2023-05-15,9862
6214,精誠,25,2,23,元大-南京,2023-05-15,9862
3481,群創,24,4,20,元大-南京,2023-05-15,9862
5907,大洋-KY,20,0,20,元大-南京,2023-05-15,9862
3032,偉訓,20,0,20,元大-南京,2023-05-15,9862
1795,美時,31,11,20,元大-南京,2023-05-15,9862
2705,六福,20,0,20,元大-南京,2023-05-15,9862
3611,鼎翰,19,0,19,元大-南京,2023-05-15,9862
00795B,中信美國公債20年,18,0,18,元大-南京,2023-05-15,9862
1608,華榮,20,2,18,元大-南京,2023-05-15,9862
3548,兆利,17,0,17,元大-南京,2023-05-15,9862
00720B,元大投資級公司債,27,11,16,元大-南京,2023-05-15,9862
3625,西勝,16,0,16,元大-南京,2023-05-15,9862
3006,晶豪科,18,2,16,元大-南京,2023-05-15,9862
6235,華孚,50,36,14,元大-南京,2023-05-15,9862
00680L,元大美債20正2,13,0,13,元大-南京,2023-05-15,9862
2344,華邦電,13,1,12,元大-南京,2023-05-15,9862
1316,上曜,12,0,12,元大-南京,2023-05-15,9862
2701,萬企,12,0,12,元大-南京,2023-05-15,9862
3034,聯詠,13,2,11,元大-南京,2023-05-15,9862
2317,鴻海,11,0,11,元大-南京,2023-05-15,9862
3479,安勤,17,6,11,元大-南京,2023-05-15,9862
2423,固緯,11,0,11,元大-南京,2023-05-15,9862
6288,聯嘉,21,10,11,元大-南京,2023-05-15,9862
0056,元大高股息,14,3,11,元大-南京,2023-05-15,9862
2491,吉祥全,10,0,10,元大-南京,2023-05-15,9862
2359,所羅門,10,0,10,元大-南京,2023-05-15,9862
8038,長園科,10,0,10,元大-南京,2023-05-15,9862
00888,永豐台灣ESG,10,0,10,元大-南京,2023-05-15,9862
6546,正基,10,0,10,元大-南京,2023-05-15,9862
1612,宏泰,10,0,10,元大-南京,2023-05-15,9862
2376,技嘉,180,15,165,元大-南京,2023-05-16,9862
2421,建準,90,14,76,元大-南京,2023-05-16,9862
3011,今皓,77,2,75,元大-南京,2023-05-16,9862
3005,神基,66,7,59,元大-南京,2023-05-16,9862
8105,凌巨,53,0,53,元大-南京,2023-05-16,9862
00680L,元大美債20正2,44,1,43,元大-南京,2023-05-16,9862
2891,中信金,50,9,41,元大-南京,2023-05-16,9862
00772B,中信高評級公司債,35,0,35,元大-南京,2023-05-16,9862
00751B,元大AAA至A公司債,32,0,32,元大-南京,2023-05-16,9862
00720B,元大投資級公司債,29,0,29,元大-南京,2023-05-16,9862
6576,逸達,25,0,25,元大-南京,2023-05-16,9862
2633,台灣高鐵,38,15,23,元大-南京,2023-05-16,9862
2313,華通,23,0,23,元大-南京,2023-05-16,9862
2489,瑞軒,22,0,22,元大-南京,2023-05-16,9862
2371,大同,36,14,22,元大-南京,2023-05-16,9862
00679B,元大美債20年,21,0,21,元大-南京,2023-05-16,9862
1402,遠東新,21,0,21,元大-南京,2023-05-16,9862
2515,中工,21,1,20,元大-南京,2023-05-16,9862
9907,統一實,21,2,19,元大-南京,2023-05-16,9862
8048,德勝,19,0,19,元大-南京,2023-05-16,9862
6160,欣技,33,14,19,元大-南京,2023-05-16,9862
00885,富邦越南,20,2,18,元大-南京,2023-05-16,9862
6548,長科*,17,0,17,元大-南京,2023-05-16,9862
4164,承業醫,15,0,15,元大-南京,2023-05-16,9862
1104,環泥,17,3,14,元大-南京,2023-05-16,9862
2609,陽明,13,0,13,元大-南京,2023-05-16,9862
3231,緯創,27,14,13,元大-南京,2023-05-16,9862
2388,威盛,12,1,11,元大-南京,2023-05-16,9862
2845,遠東銀,11,0,11,元大-南京,2023-05-16,9862
2405,輔信,10,0,10,元大-南京,2023-05-16,9862
4167,松瑞藥,10,0,10,元大-南京,2023-05-16,9862
00900,富邦特選高股息30,10,0,10,元大-南京,2023-05-16,9862
00673R,期元大S＆P原油反1,10,0,10,元大-南京,2023-05-16,9862
3548,兆利,10,0,10,元大-南京,2023-05-16,9862
2880,華南金,10,0,10,元大-南京,2023-05-16,9862
2801,彰銀,10,0,10,元大-南京,2023-05-16,9862
2301,光寶科,16,6,10,元大-南京,2023-05-16,9862
6712,長聖,14,5,9,元大-南京,2023-05-16,9862
1709,和益,15,6,9,元大-南京,2023-05-16,9862
2542,興富發,10,1,9,元大-南京,2023-05-16,9862
3006,晶豪科,28,19,9,元大-南京,2023-05-16,9862
6264,富裔,11,2,9,元大-南京,2023-05-16,9862
00662,富邦NASDAQ,9,0,9,元大-南京,2023-05-16,9862
2743,山富,13,4,9,元大-南京,2023-05-16,9862
6763,綠界科技*,8,0,8,元大-南京,2023-05-16,9862
3265,台星科,8,0,8,元大-南京,2023-05-16,9862
4581,光隆精密-KY,10,2,8,元大-南京,2023-05-16,9862
3052,夆典,8,0,8,元大-南京,2023-05-16,9862
6191,精成科,10,2,8,元大-南京,2023-05-16,9862
2409,友達,7,0,7,元大-南京,2023-05-16,9862
00632R,元大台灣50反1,489,0,489,元大-南京,2023-05-17,9862
00882,中信中國高股息,152,0,152,元大-南京,2023-05-17,9862
2421,建準,143,12,131,元大-南京,2023-05-17,9862
00688L,國泰20年美債正2,103,0,103,元大-南京,2023-05-17,9862
3037,欣興,122,26,96,元大-南京,2023-05-17,9862
5351,鈺創,57,0,57,元大-南京,2023-05-17,9862
00751B,元大AAA至A公司債,53,0,53,元大-南京,2023-05-17,9862
00881,國泰台灣5G+,39,0,39,元大-南京,2023-05-17,9862
5258,虹堡,39,4,35,元大-南京,2023-05-17,9862
3704,合勤控,43,9,34,元大-南京,2023-05-17,9862
6234,高僑,57,24,33,元大-南京,2023-05-17,9862
00772B,中信高評級公司債,32,0,32,元大-南京,2023-05-17,9862
00720B,元大投資級公司債,26,0,26,元大-南京,2023-05-17,9862
00665L,富邦�琤肭磪囓�2,25,0,25,元大-南京,2023-05-17,9862
00680L,元大美債20正2,22,0,22,元大-南京,2023-05-17,9862
3207,耀勝,25,4,21,元大-南京,2023-05-17,9862
00687B,國泰20年美債,20,0,20,元大-南京,2023-05-17,9862
3715,定穎投控,65,46,19,元大-南京,2023-05-17,9862
6214,精誠,21,2,19,元大-南京,2023-05-17,9862
00713,元大台灣高息低波,21,2,19,元大-南京,2023-05-17,9862
2206,三陽工業,43,25,18,元大-南京,2023-05-17,9862
2731,雄獅,19,1,18,元大-南京,2023-05-17,9862
5511,德昌,31,15,16,元大-南京,2023-05-17,9862
6282,康舒,18,2,16,元大-南京,2023-05-17,9862
5009,榮剛,67,52,15,元大-南京,2023-05-17,9862
3546,宇峻,15,0,15,元大-南京,2023-05-17,9862
00679B,元大美債20年,15,1,14,元大-南京,2023-05-17,9862
1612,宏泰,18,5,13,元大-南京,2023-05-17,9862
6116,彩晶,13,0,13,元大-南京,2023-05-17,9862
1609,大亞,25,13,12,元大-南京,2023-05-17,9862
00646,元大S＆P500,12,0,12,元大-南京,2023-05-17,9862
2402,毅嘉,27,15,12,元大-南京,2023-05-17,9862
2801,彰銀,11,0,11,元大-南京,2023-05-17,9862
8289,泰藝,11,0,11,元大-南京,2023-05-17,9862
6112,邁達特,21,11,10,元大-南京,2023-05-17,9862
2371,大同,23,13,10,元大-南京,2023-05-17,9862
3504,揚明光,14,4,10,元大-南京,2023-05-17,9862
2548,華固,10,0,10,元大-南京,2023-05-17,9862
5512,力麒,10,0,10,元大-南京,2023-05-17,9862
00892,富邦台灣半導體,10,0,10,元大-南京,2023-05-17,9862
4104,佳醫,10,0,10,元大-南京,2023-05-17,9862
6550,北極星藥業-KY,10,0,10,元大-南京,2023-05-17,9862
6874,倍力,10,0,10,元大-南京,2023-05-17,9862
1903,士紙,10,0,10,元大-南京,2023-05-17,9862
2603,長榮,10,1,9,元大-南京,2023-05-17,9862
3034,聯詠,9,0,9,元大-南京,2023-05-17,9862
6285,啟��,14,5,9,元大-南京,2023-05-17,9862
2867,三商壽,9,0,9,元大-南京,2023-05-17,9862
6477,安集,11,2,9,元大-南京,2023-05-17,9862
3046,建��,32,24,8,元大-南京,2023-05-17,9862
2903,遠百,234,10,224,元大-南京,2023-05-18,9862
6282,康舒,199,15,184,元大-南京,2023-05-18,9862
1609,大亞,144,37,107,元大-南京,2023-05-18,9862
00688L,國泰20年美債正2,102,1,101,元大-南京,2023-05-18,9862
00706L,期元大S＆P日圓正2,100,0,100,元大-南京,2023-05-18,9862
2489,瑞軒,114,24,90,元大-南京,2023-05-18,9862
00680L,元大美債20正2,71,0,71,元大-南京,2023-05-18,9862
3363,上詮,158,94,64,元大-南京,2023-05-18,9862
8271,宇瞻,64,1,63,元大-南京,2023-05-18,9862
8358,金居,81,21,60,元大-南京,2023-05-18,9862
3032,偉訓,50,0,50,元大-南京,2023-05-18,9862
2886,兆豐金,63,13,50,元大-南京,2023-05-18,9862
2845,遠東銀,41,0,41,元大-南京,2023-05-18,9862
6112,邁達特,107,70,37,元大-南京,2023-05-18,9862
1905,華紙,38,4,34,元大-南京,2023-05-18,9862
2913,農林,32,0,32,元大-南京,2023-05-18,9862
3711,日月光投控,109,83,26,元大-南京,2023-05-18,9862
2618,長榮航,57,33,24,元大-南京,2023-05-18,9862
00751B,元大AAA至A公司債,22,0,22,元大-南京,2023-05-18,9862
9958,世紀鋼,22,0,22,元大-南京,2023-05-18,9862
6214,精誠,48,26,22,元大-南京,2023-05-18,9862
1785,光洋科,21,0,21,元大-南京,2023-05-18,9862
8222,寶一,47,27,20,元大-南京,2023-05-18,9862
8289,泰藝,19,0,19,元大-南京,2023-05-18,9862
2308,台達電,23,4,19,元大-南京,2023-05-18,9862
3362,先進光,23,4,19,元大-南京,2023-05-18,9862
00673R,期元大S＆P原油反1,17,0,17,元大-南京,2023-05-18,9862
3207,耀勝,29,13,16,元大-南京,2023-05-18,9862
3704,合勤控,29,13,16,元大-南京,2023-05-18,9862
2634,漢翔,23,8,15,元大-南京,2023-05-18,9862
5289,宜鼎,16,1,15,元大-南京,2023-05-18,9862
8069,元太,28,13,15,元大-南京,2023-05-18,9862
3546,宇峻,16,1,15,元大-南京,2023-05-18,9862
2867,三商壽,14,0,14,元大-南京,2023-05-18,9862
6244,茂迪,18,4,14,元大-南京,2023-05-18,9862
2734,易飛網,14,0,14,元大-南京,2023-05-18,9862
3260,威剛,17,4,13,元大-南京,2023-05-18,9862
00687B,國泰20年美債,12,0,12,元大-南京,2023-05-18,9862
2356,英業達,16,4,12,元大-南京,2023-05-18,9862
2615,萬海,12,0,12,元大-南京,2023-05-18,9862
2388,威盛,14,2,12,元大-南京,2023-05-18,9862
5258,虹堡,21,9,12,元大-南京,2023-05-18,9862
00752,中信中國50,11,0,11,元大-南京,2023-05-18,9862
3037,欣興,48,37,11,元大-南京,2023-05-18,9862
00738U,期元大道瓊白銀,10,0,10,元大-南京,2023-05-18,9862
3217,優群,10,0,10,元大-南京,2023-05-18,9862
5011,久陽,10,0,10,元大-南京,2023-05-18,9862
9946,三發地產,10,0,10,元大-南京,2023-05-18,9862
4566,時碩工業,11,1,10,元大-南京,2023-05-18,9862
6477,安集,11,1,10,元大-南京,2023-05-18,9862
6282,康舒,230,85,145,元大-南京,2023-05-19,9862
3363,上詮,311,173,138,元大-南京,2023-05-19,9862
2903,遠百,108,5,103,元大-南京,2023-05-19,9862
00632R,元大台灣50反1,327,225,102,元大-南京,2023-05-19,9862
00772B,中信高評級公司債,98,0,98,元大-南京,2023-05-19,9862
1609,大亞,115,36,79,元大-南京,2023-05-19,9862
3706,神達,123,48,75,元大-南京,2023-05-19,9862
2331,精英,75,10,65,元大-南京,2023-05-19,9862
2481,強茂,54,1,53,元大-南京,2023-05-19,9862
2442,新美齊,51,0,51,元大-南京,2023-05-19,9862
2538,基泰,50,0,50,元大-南京,2023-05-19,9862
5009,榮剛,154,106,48,元大-南京,2023-05-19,9862
00679B,元大美債20年,53,15,38,元大-南京,2023-05-19,9862
00680L,元大美債20正2,38,1,37,元大-南京,2023-05-19,9862
00637L,元大滬深300正2,52,16,36,元大-南京,2023-05-19,9862
8358,金居,27,0,27,元大-南京,2023-05-19,9862
00665L,富邦�琤肭磪囓�2,30,3,27,元大-南京,2023-05-19,9862
3131,弘塑,26,0,26,元大-南京,2023-05-19,9862
3664,安瑞-KY,25,0,25,元大-南京,2023-05-19,9862
3444,利機,33,11,22,元大-南京,2023-05-19,9862
2206,三陽工業,42,20,22,元大-南京,2023-05-19,9862
5347,世界,20,0,20,元大-南京,2023-05-19,9862
3546,宇峻,20,0,20,元大-南京,2023-05-19,9862
00751B,元大AAA至A公司債,20,0,20,元大-南京,2023-05-19,9862
9946,三發地產,19,0,19,元大-南京,2023-05-19,9862
00900,富邦特選高股息30,20,2,18,元大-南京,2023-05-19,9862
00720B,元大投資級公司債,24,6,18,元大-南京,2023-05-19,9862
6160,欣技,40,23,17,元大-南京,2023-05-19,9862
3003,健和興,18,1,17,元大-南京,2023-05-19,9862
2313,華通,23,7,16,元大-南京,2023-05-19,9862
6191,精成科,16,1,15,元大-南京,2023-05-19,9862
1504,東元,92,77,15,元大-南京,2023-05-19,9862
00633L,富邦上証正2,20,6,14,元大-南京,2023-05-19,9862
6288,聯嘉,20,6,14,元大-南京,2023-05-19,9862
00687B,國泰20年美債,14,0,14,元大-南京,2023-05-19,9862
2317,鴻海,13,0,13,元大-南京,2023-05-19,9862
6214,精誠,14,1,13,元大-南京,2023-05-19,9862
1605,華新,26,14,12,元大-南京,2023-05-19,9862
6147,頎邦,12,0,12,元大-南京,2023-05-19,9862
1589,永冠-KY,12,0,12,元大-南京,2023-05-19,9862
00646,元大S＆P500,12,0,12,元大-南京,2023-05-19,9862
6509,聚和,14,2,12,元大-南京,2023-05-19,9862
00795B,中信美國公債20年,11,0,11,元大-南京,2023-05-19,9862
6112,邁達特,35,24,11,元大-南京,2023-05-19,9862
2748,雲品,16,5,11,元大-南京,2023-05-19,9862
00753L,中信中國50正2,11,0,11,元大-南京,2023-05-19,9862
2332,友訊,11,0,11,元大-南京,2023-05-19,9862
2029,盛餘,10,0,10,元大-南京,2023-05-19,9862
3014,聯陽,10,0,10,元大-南京,2023-05-19,9862
4572,駐龍,12,2,10,元大-南京,2023-05-19,9862
1702,南僑,260,0,260,元大-南京,2023-05-22,9862
2382,廣達,264,31,233,元大-南京,2023-05-22,9862
00680L,元大美債20正2,227,0,227,元大-南京,2023-05-22,9862
3491,昇達科,125,7,118,元大-南京,2023-05-22,9862
2618,長榮航,195,84,111,元大-南京,2023-05-22,9862
6005,群益證,100,0,100,元大-南京,2023-05-22,9862
3363,上詮,179,92,87,元大-南京,2023-05-22,9862
00687B,國泰20年美債,62,0,62,元大-南京,2023-05-22,9862
2753,八方雲集,60,0,60,元大-南京,2023-05-22,9862
00688L,國泰20年美債正2,52,0,52,元大-南京,2023-05-22,9862
2538,基泰,50,0,50,元大-南京,2023-05-22,9862
1442,名軒,42,0,42,元大-南京,2023-05-22,9862
3025,星通,90,49,41,元大-南京,2023-05-22,9862
00772B,中信高評級公司債,31,0,31,元大-南京,2023-05-22,9862
1314,中石化,30,0,30,元大-南京,2023-05-22,9862
00751B,元大AAA至A公司債,27,0,27,元大-南京,2023-05-22,9862
2303,聯電,30,5,25,元大-南京,2023-05-22,9862
1101,台泥,30,5,25,元大-南京,2023-05-22,9862
3706,神達,30,6,24,元大-南京,2023-05-22,9862
1608,華榮,25,2,23,元大-南京,2023-05-22,9862
1504,東元,78,56,22,元大-南京,2023-05-22,9862
8011,台通,22,1,21,元大-南京,2023-05-22,9862
5464,霖宏,21,0,21,元大-南京,2023-05-22,9862
00712,復華富時不動產,21,0,21,元大-南京,2023-05-22,9862
00795B,中信美國公債20年,20,0,20,元大-南京,2023-05-22,9862
3499,環天科,16,0,16,元大-南京,2023-05-22,9862
2530,華建,15,0,15,元大-南京,2023-05-22,9862
5225,東科-KY,15,0,15,元大-南京,2023-05-22,9862
1809,中釉,32,17,15,元大-南京,2023-05-22,9862
9939,宏全,15,0,15,元大-南京,2023-05-22,9862
00725B,國泰投資級公司債,14,0,14,元大-南京,2023-05-22,9862
2376,技嘉,15,2,13,元大-南京,2023-05-22,9862
3037,欣興,30,17,13,元大-南京,2023-05-22,9862
6274,台燿,19,7,12,元大-南京,2023-05-22,9862
00632R,元大台灣50反1,12,0,12,元大-南京,2023-05-22,9862
3231,緯創,35,23,12,元大-南京,2023-05-22,9862
2609,陽明,15,4,11,元大-南京,2023-05-22,9862
8112,至上,11,0,11,元大-南京,2023-05-22,9862
3041,揚智,13,2,11,元大-南京,2023-05-22,9862
3078,僑威,19,8,11,元大-南京,2023-05-22,9862
3583,辛耘,11,1,10,元大-南京,2023-05-22,9862
5531,鄉林,10,0,10,元大-南京,2023-05-22,9862
1313,聯成,10,0,10,元大-南京,2023-05-22,9862
2371,大同,13,3,10,元大-南京,2023-05-22,9862
3014,聯陽,10,1,9,元大-南京,2023-05-22,9862
3444,利機,37,28,9,元大-南京,2023-05-22,9862
3035,智原,10,1,9,元大-南京,2023-05-22,9862
9958,世紀鋼,10,1,9,元大-南京,2023-05-22,9862
2413,環科,10,1,9,元大-南京,2023-05-22,9862
6806,森崴能源,14,5,9,元大-南京,2023-05-22,9862
2538,基泰,100,0,100,元大-南京,2023-05-23,9862
2867,三商壽,86,0,86,元大-南京,2023-05-23,9862
00665L,富邦�琤肭磪囓�2,52,1,51,元大-南京,2023-05-23,9862
6005,群益證,50,0,50,元大-南京,2023-05-23,9862
5464,霖宏,51,1,50,元大-南京,2023-05-23,9862
2884,玉山金,50,1,49,元大-南京,2023-05-23,9862
00687B,國泰20年美債,49,1,48,元大-南京,2023-05-23,9862
1609,大亞,41,4,37,元大-南京,2023-05-23,9862
2331,精英,36,0,36,元大-南京,2023-05-23,9862
2368,金像電,38,3,35,元大-南京,2023-05-23,9862
00680L,元大美債20正2,34,0,34,元大-南京,2023-05-23,9862
00753L,中信中國50正2,34,0,34,元大-南京,2023-05-23,9862
3005,神基,29,0,29,元大-南京,2023-05-23,9862
6274,台燿,36,7,29,元大-南京,2023-05-23,9862
6546,正基,29,0,29,元大-南京,2023-05-23,9862
1513,中興電,38,10,28,元大-南京,2023-05-23,9862
4979,華星光,29,3,26,元大-南京,2023-05-23,9862
3664,安瑞-KY,26,0,26,元大-南京,2023-05-23,9862
6288,聯嘉,35,11,24,元大-南京,2023-05-23,9862
2734,易飛網,28,6,22,元大-南京,2023-05-23,9862
00637L,元大滬深300正2,22,2,20,元大-南京,2023-05-23,9862
1522,堤維西,24,4,20,元大-南京,2023-05-23,9862
00888,永豐台灣ESG,20,1,19,元大-南京,2023-05-23,9862
4121,優盛,19,1,18,元大-南京,2023-05-23,9862
3324,雙鴻,18,1,17,元大-南京,2023-05-23,9862
2409,友達,24,7,17,元大-南京,2023-05-23,9862
6446,藥華藥,30,14,16,元大-南京,2023-05-23,9862
6689,伊雲谷,22,6,16,元大-南京,2023-05-23,9862
2603,長榮,18,4,14,元大-南京,2023-05-23,9862
3029,零壹,20,6,14,元大-南京,2023-05-23,9862
4916,事欣科,14,0,14,元大-南京,2023-05-23,9862
00882,中信中國高股息,13,0,13,元大-南京,2023-05-23,9862
2303,聯電,25,13,12,元大-南京,2023-05-23,9862
2427,三商電,13,1,12,元大-南京,2023-05-23,9862
3014,聯陽,12,0,12,元大-南京,2023-05-23,9862
8213,志超,12,0,12,元大-南京,2023-05-23,9862
6294,智基,12,0,12,元大-南京,2023-05-23,9862
3264,欣銓,12,0,12,元大-南京,2023-05-23,9862
1104,環泥,12,0,12,元大-南京,2023-05-23,9862
5243,乙盛-KY,21,9,12,元大-南京,2023-05-23,9862
00751B,元大AAA至A公司債,11,0,11,元大-南京,2023-05-23,9862
00688L,國泰20年美債正2,11,0,11,元大-南京,2023-05-23,9862
2515,中工,11,0,11,元大-南京,2023-05-23,9862
1442,名軒,11,0,11,元大-南京,2023-05-23,9862
4552,力達-KY,11,0,11,元大-南京,2023-05-23,9862
1514,亞力,30,19,11,元大-南京,2023-05-23,9862
2897,王道銀行,11,1,10,元大-南京,2023-05-23,9862
4564,元翎,13,3,10,元大-南京,2023-05-23,9862
1722,台肥,10,0,10,元大-南京,2023-05-23,9862
2707,晶華,12,2,10,元大-南京,2023-05-23,9862
6441,廣錠,151,1,150,元大-南京,2023-05-24,9862
2701,萬企,123,7,116,元大-南京,2023-05-24,9862
3363,上詮,345,234,111,元大-南京,2023-05-24,9862
2867,三商壽,89,0,89,元大-南京,2023-05-24,9862
2409,友達,87,4,83,元大-南京,2023-05-24,9862
00687B,國泰20年美債,82,0,82,元大-南京,2023-05-24,9862
2538,基泰,79,0,79,元大-南京,2023-05-24,9862
2376,技嘉,86,23,63,元大-南京,2023-05-24,9862
00882,中信中國高股息,54,0,54,元大-南京,2023-05-24,9862
00632R,元大台灣50反1,52,0,52,元大-南京,2023-05-24,9862
3711,日月光投控,91,40,51,元大-南京,2023-05-24,9862
00637L,元大滬深300正2,52,3,49,元大-南京,2023-05-24,9862
00679B,元大美債20年,68,19,49,元大-南京,2023-05-24,9862
2891,中信金,50,3,47,元大-南京,2023-05-24,9862
3078,僑威,68,26,42,元大-南京,2023-05-24,9862
00885,富邦越南,41,0,41,元大-南京,2023-05-24,9862
00772B,中信高評級公司債,39,0,39,元大-南京,2023-05-24,9862
5009,榮剛,80,42,38,元大-南京,2023-05-24,9862
2618,長榮航,88,54,34,元大-南京,2023-05-24,9862
2027,大成鋼,30,0,30,元大-南京,2023-05-24,9862
3014,聯陽,31,2,29,元大-南京,2023-05-24,9862
5905,南仁湖,31,3,28,元大-南京,2023-05-24,9862
8271,宇瞻,22,0,22,元大-南京,2023-05-24,9862
2399,映泰,22,0,22,元大-南京,2023-05-24,9862
2607,榮運,20,0,20,元大-南京,2023-05-24,9862
1905,華紙,71,52,19,元大-南京,2023-05-24,9862
2634,漢翔,65,47,18,元大-南京,2023-05-24,9862
1101,台泥,19,2,17,元大-南京,2023-05-24,9862
6234,高僑,17,0,17,元大-南京,2023-05-24,9862
6112,邁達特,21,4,17,元大-南京,2023-05-24,9862
3591,艾笛森,27,10,17,元大-南京,2023-05-24,9862
8011,台通,25,10,15,元大-南京,2023-05-24,9862
00633L,富邦上証正2,15,0,15,元大-南京,2023-05-24,9862
3005,神基,23,10,13,元大-南京,2023-05-24,9862
3484,崧騰,13,0,13,元大-南京,2023-05-24,9862
4953,緯軟,16,3,13,元大-南京,2023-05-24,9862
00753L,中信中國50正2,35,22,13,元大-南京,2023-05-24,9862
3617,碩天,25,13,12,元大-南京,2023-05-24,9862
1504,東元,34,22,12,元大-南京,2023-05-24,9862
3207,耀勝,17,5,12,元大-南京,2023-05-24,9862
3013,晟銘電,31,19,12,元大-南京,2023-05-24,9862
1473,台南,12,0,12,元大-南京,2023-05-24,9862
00665L,富邦�琤肭磪囓�2,12,0,12,元大-南京,2023-05-24,9862
6205,詮欣,12,0,12,元大-南京,2023-05-24,9862
4916,事欣科,12,0,12,元大-南京,2023-05-24,9862
00662,富邦NASDAQ,11,0,11,元大-南京,2023-05-24,9862
00751B,元大AAA至A公司債,11,0,11,元大-南京,2023-05-24,9862
3044,健鼎,11,0,11,元大-南京,2023-05-24,9862
2332,友訊,11,0,11,元大-南京,2023-05-24,9862
1513,中興電,16,5,11,元大-南京,2023-05-24,9862
1504,東元,350,13,337,元大-南京,2023-05-25,9862
00632R,元大台灣50反1,209,0,209,元大-南京,2023-05-25,9862
2538,基泰,111,0,111,元大-南京,2023-05-25,9862
2701,萬企,88,5,83,元大-南京,2023-05-25,9862
3032,偉訓,80,8,72,元大-南京,2023-05-25,9862
00637L,元大滬深300正2,62,0,62,元大-南京,2023-05-25,9862
2317,鴻海,68,17,51,元大-南京,2023-05-25,9862
00882,中信中國高股息,51,0,51,元大-南京,2023-05-25,9862
00676R,富邦臺灣加權反1,50,0,50,元大-南京,2023-05-25,9862
00687B,國泰20年美債,42,3,39,元大-南京,2023-05-25,9862
2618,長榮航,254,219,35,元大-南京,2023-05-25,9862
2748,雲品,37,6,31,元大-南京,2023-05-25,9862
1101,台泥,29,0,29,元大-南京,2023-05-25,9862
5464,霖宏,30,2,28,元大-南京,2023-05-25,9862
3363,上詮,54,26,28,元大-南京,2023-05-25,9862
2883,凱基金,28,2,26,元大-南京,2023-05-25,9862
2887,台新金,27,3,24,元大-南京,2023-05-25,9862
2630,亞航,40,16,24,元大-南京,2023-05-25,9862
2344,華邦電,36,13,23,元大-南京,2023-05-25,9862
2736,富野,32,10,22,元大-南京,2023-05-25,9862
8028,昇陽半導體,22,0,22,元大-南京,2023-05-25,9862
6125,廣運,33,11,22,元大-南京,2023-05-25,9862
00713,元大台灣高息低波,30,8,22,元大-南京,2023-05-25,9862
1591,駿吉-KY,21,0,21,元大-南京,2023-05-25,9862
2457,飛宏,27,6,21,元大-南京,2023-05-25,9862
00876,元大全球5G,20,0,20,元大-南京,2023-05-25,9862
00751B,元大AAA至A公司債,18,0,18,元大-南京,2023-05-25,9862
00772B,中信高評級公司債,18,0,18,元大-南京,2023-05-25,9862
1442,名軒,18,0,18,元大-南京,2023-05-25,9862
1813,寶利徠,18,0,18,元大-南京,2023-05-25,9862
3005,神基,27,10,17,元大-南京,2023-05-25,9862
00720B,元大投資級公司債,17,0,17,元大-南京,2023-05-25,9862
1513,中興電,25,10,15,元大-南京,2023-05-25,9862
2610,華航,48,33,15,元大-南京,2023-05-25,9862
3163,波若威,23,8,15,元大-南京,2023-05-25,9862
2897,王道銀行,15,0,15,元大-南京,2023-05-25,9862
2388,威盛,21,6,15,元大-南京,2023-05-25,9862
5706,鳳凰,44,29,15,元大-南京,2023-05-25,9862
6274,台燿,26,12,14,元大-南京,2023-05-25,9862
3014,聯陽,14,0,14,元大-南京,2023-05-25,9862
2881,富邦金,13,0,13,元大-南京,2023-05-25,9862
00752,中信中國50,13,0,13,元大-南京,2023-05-25,9862
2867,三商壽,13,0,13,元大-南京,2023-05-25,9862
3338,泰碩,15,2,13,元大-南京,2023-05-25,9862
1402,遠東新,13,0,13,元大-南京,2023-05-25,9862
3624,光頡,13,0,13,元大-南京,2023-05-25,9862
1503,士電,20,8,12,元大-南京,2023-05-25,9862
00712,復華富時不動產,11,0,11,元大-南京,2023-05-25,9862
2548,華固,18,7,11,元大-南京,2023-05-25,9862
6112,邁達特,17,6,11,元大-南京,2023-05-25,9862
2618,長榮航,397,175,222,元大-南京,2023-05-26,9862
00680L,元大美債20正2,211,4,207,元大-南京,2023-05-26,9862
8069,元太,172,38,134,元大-南京,2023-05-26,9862
2538,基泰,120,0,120,元大-南京,2023-05-26,9862
3481,群創,85,0,85,元大-南京,2023-05-26,9862
9958,世紀鋼,69,0,69,元大-南京,2023-05-26,9862
2331,精英,91,25,66,元大-南京,2023-05-26,9862
3711,日月光投控,160,101,59,元大-南京,2023-05-26,9862
3032,偉訓,55,1,54,元大-南京,2023-05-26,9862
00679B,元大美債20年,53,0,53,元大-南京,2023-05-26,9862
2376,技嘉,201,149,52,元大-南京,2023-05-26,9862
2383,台光電,80,29,51,元大-南京,2023-05-26,9862
00712,復華富時不動產,46,0,46,元大-南京,2023-05-26,9862
00882,中信中國高股息,43,0,43,元大-南京,2023-05-26,9862
6160,欣技,43,0,43,元大-南京,2023-05-26,9862
1417,嘉裕,40,0,40,元大-南京,2023-05-26,9862
1612,宏泰,36,0,36,元大-南京,2023-05-26,9862
00878,國泰永續高股息,51,16,35,元大-南京,2023-05-26,9862
2002,中鋼,29,2,27,元大-南京,2023-05-26,9862
6269,台郡,26,0,26,元大-南京,2023-05-26,9862
3704,合勤控,36,11,25,元大-南京,2023-05-26,9862
2382,廣達,88,63,25,元大-南京,2023-05-26,9862
00713,元大台灣高息低波,27,3,24,元大-南京,2023-05-26,9862
3664,安瑞-KY,22,1,21,元大-南京,2023-05-26,9862
2801,彰銀,20,0,20,元大-南京,2023-05-26,9862
5465,富驊,25,5,20,元大-南京,2023-05-26,9862
2845,遠東銀,20,0,20,元大-南京,2023-05-26,9862
1434,福懋,20,0,20,元大-南京,2023-05-26,9862
2882,國泰金,19,0,19,元大-南京,2023-05-26,9862
9939,宏全,18,0,18,元大-南京,2023-05-26,9862
3715,定穎投控,26,9,17,元大-南京,2023-05-26,9862
2606,裕民,14,0,14,元大-南京,2023-05-26,9862
2883,凱基金,16,2,14,元大-南京,2023-05-26,9862
00715L,期街口布蘭特正2,30,16,14,元大-南京,2023-05-26,9862
5498,凱崴,13,0,13,元大-南京,2023-05-26,9862
00646,元大S＆P500,12,0,12,元大-南京,2023-05-26,9862
2891,中信金,13,1,12,元大-南京,2023-05-26,9862
2739,寒舍,13,1,12,元大-南京,2023-05-26,9862
8926,台汽電,13,1,12,元大-南京,2023-05-26,9862
00670L,富邦NASDAQ正2,13,2,11,元大-南京,2023-05-26,9862
1785,光洋科,12,1,11,元大-南京,2023-05-26,9862
6179,亞通,12,1,11,元大-南京,2023-05-26,9862
2637,慧洋-KY,12,1,11,元大-南京,2023-05-26,9862
4746,台耀,12,2,10,元大-南京,2023-05-26,9862
6142,友勁,10,0,10,元大-南京,2023-05-26,9862
1813,寶利徠,10,0,10,元大-南京,2023-05-26,9862
3264,欣銓,19,9,10,元大-南京,2023-05-26,9862
2482,連宇,11,1,10,元大-南京,2023-05-26,9862
2734,易飛網,10,0,10,元大-南京,2023-05-26,9862
1402,遠東新,10,0,10,元大-南京,2023-05-26,9862
2313,華通,250,6,244,元大-南京,2023-05-29,9862
00633L,富邦上証正2,105,0,105,元大-南京,2023-05-29,9862
2883,凱基金,105,4,101,元大-南京,2023-05-29,9862
3231,緯創,246,166,80,元大-南京,2023-05-29,9862
3551,世禾,80,0,80,元大-南京,2023-05-29,9862
00637L,元大滬深300正2,93,26,67,元大-南京,2023-05-29,9862
2610,華航,225,165,60,元大-南京,2023-05-29,9862
2399,映泰,76,21,55,元大-南京,2023-05-29,9862
00680L,元大美債20正2,55,1,54,元大-南京,2023-05-29,9862
1904,正隆,55,3,52,元大-南京,2023-05-29,9862
2371,大同,73,21,52,元大-南京,2023-05-29,9862
1712,興農,51,0,51,元大-南京,2023-05-29,9862
2383,台光電,60,10,50,元大-南京,2023-05-29,9862
2303,聯電,70,28,42,元大-南京,2023-05-29,9862
1314,中石化,40,0,40,元大-南京,2023-05-29,9862
5284,jpp-KY,39,2,37,元大-南京,2023-05-29,9862
3576,聯合再生,35,0,35,元大-南京,2023-05-29,9862
6231,系微,30,0,30,元大-南京,2023-05-29,9862
2748,雲品,27,0,27,元大-南京,2023-05-29,9862
4967,十銓,30,3,27,元大-南京,2023-05-29,9862
2382,廣達,48,22,26,元大-南京,2023-05-29,9862
00772B,中信高評級公司債,26,0,26,元大-南京,2023-05-29,9862
4114,健喬,26,0,26,元大-南京,2023-05-29,9862
6515,穎崴,26,0,26,元大-南京,2023-05-29,9862
1101,台泥,30,6,24,元大-南京,2023-05-29,9862
00687B,國泰20年美債,27,3,24,元大-南京,2023-05-29,9862
2882,國泰金,50,27,23,元大-南京,2023-05-29,9862
2408,南亞科,22,0,22,元大-南京,2023-05-29,9862
3044,健鼎,23,1,22,元大-南京,2023-05-29,9862
00706L,期元大S＆P日圓正2,22,0,22,元大-南京,2023-05-29,9862
2002,中鋼,27,5,22,元大-南京,2023-05-29,9862
4746,台耀,23,2,21,元大-南京,2023-05-29,9862
2345,智邦,24,3,21,元大-南京,2023-05-29,9862
00751B,元大AAA至A公司債,20,0,20,元大-南京,2023-05-29,9862
2845,遠東銀,21,1,20,元大-南京,2023-05-29,9862
1102,亞泥,22,2,20,元大-南京,2023-05-29,9862
3711,日月光投控,171,153,18,元大-南京,2023-05-29,9862
5465,富驊,20,4,16,元大-南京,2023-05-29,9862
8046,南電,27,13,14,元大-南京,2023-05-29,9862
00679B,元大美債20年,17,2,15,元大-南京,2023-05-29,9862
00882,中信中國高股息,12,0,12,元大-南京,2023-05-29,9862
3265,台星科,23,11,12,元大-南京,2023-05-29,9862
5289,宜鼎,15,3,12,元大-南京,2023-05-29,9862
8147,正淩,12,0,12,元大-南京,2023-05-29,9862
00670L,富邦NASDAQ正2,13,1,12,元大-南京,2023-05-29,9862
2402,毅嘉,11,0,11,元大-南京,2023-05-29,9862
1905,華紙,29,18,11,元大-南京,2023-05-29,9862
5425,台半,18,7,11,元大-南京,2023-05-29,9862
4977,眾達-KY,16,6,10,元大-南京,2023-05-29,9862
00636,國泰中國A50,10,0,10,元大-南京,2023-05-29,9862
00632R,元大台灣50反1,218,5,213,元大-南京,2023-05-30,9862
3363,上詮,187,36,151,元大-南京,2023-05-30,9862
6223,旺矽,109,3,106,元大-南京,2023-05-30,9862
00671R,富邦NASDAQ反1,105,0,105,元大-南京,2023-05-30,9862
00882,中信中國高股息,85,0,85,元大-南京,2023-05-30,9862
00878,國泰永續高股息,148,67,81,元大-南京,2023-05-30,9862
6203,海韻電,86,10,76,元大-南京,2023-05-30,9862
2883,凱基金,72,0,72,元大-南京,2023-05-30,9862
6451,訊芯-KY,67,0,67,元大-南京,2023-05-30,9862
2313,華通,80,15,65,元大-南京,2023-05-30,9862
00680L,元大美債20正2,64,3,61,元大-南京,2023-05-30,9862
8299,群聯,71,14,57,元大-南京,2023-05-30,9862
2882,國泰金,53,0,53,元大-南京,2023-05-30,9862
2382,廣達,69,21,48,元大-南京,2023-05-30,9862
3711,日月光投控,205,162,43,元大-南京,2023-05-30,9862
3025,星通,84,57,27,元大-南京,2023-05-30,9862
2425,承啟,29,5,24,元大-南京,2023-05-30,9862
6188,廣明,61,38,23,元大-南京,2023-05-30,9862
2615,萬海,23,0,23,元大-南京,2023-05-30,9862
3704,合勤控,32,9,23,元大-南京,2023-05-30,9862
5498,凱崴,76,54,22,元大-南京,2023-05-30,9862
00706L,期元大S＆P日圓正2,20,0,20,元大-南京,2023-05-30,9862
1314,中石化,20,0,20,元大-南京,2023-05-30,9862
4960,誠美材,20,0,20,元大-南京,2023-05-30,9862
3491,昇達科,24,5,19,元大-南京,2023-05-30,9862
2308,台達電,30,11,19,元大-南京,2023-05-30,9862
4979,華星光,49,31,18,元大-南京,2023-05-30,9862
3576,聯合再生,15,0,15,元大-南京,2023-05-30,9862
3202,樺晟,15,0,15,元大-南京,2023-05-30,9862
2845,遠東銀,15,0,15,元大-南京,2023-05-30,9862
5243,乙盛-KY,19,4,15,元大-南京,2023-05-30,9862
6679,鈺太,15,0,15,元大-南京,2023-05-30,9862
2002,中鋼,16,2,14,元大-南京,2023-05-30,9862
2301,光寶科,17,3,14,元大-南京,2023-05-30,9862
6231,系微,14,0,14,元大-南京,2023-05-30,9862
1584,精剛,14,0,14,元大-南京,2023-05-30,9862
2421,建準,19,5,14,元大-南京,2023-05-30,9862
00713,元大台灣高息低波,14,0,14,元大-南京,2023-05-30,9862
2457,飛宏,30,18,12,元大-南京,2023-05-30,9862
2609,陽明,14,2,12,元大-南京,2023-05-30,9862
8926,台汽電,12,0,12,元大-南京,2023-05-30,9862
3138,耀登,12,0,12,元大-南京,2023-05-30,9862
3701,大眾控,18,6,12,元大-南京,2023-05-30,9862
8088,品安,12,0,12,元大-南京,2023-05-30,9862
8069,元太,15,3,12,元大-南京,2023-05-30,9862
2412,中華電,11,0,11,元大-南京,2023-05-30,9862
1586,和勤,10,0,10,元大-南京,2023-05-30,9862
3444,利機,17,7,10,元大-南京,2023-05-30,9862
4513,福裕,10,0,10,元大-南京,2023-05-30,9862
2324,仁寶,15,5,10,元大-南京,2023-05-30,9862
00715L,期街口布蘭特正2,105,8,97,元大-南京,2023-05-31,9862
6223,旺矽,133,41,92,元大-南京,2023-05-31,9862
2330,台積電,102,13,89,元大-南京,2023-05-31,9862
2489,瑞軒,75,14,61,元大-南京,2023-05-31,9862
2897,王道銀行,53,0,53,元大-南京,2023-05-31,9862
2204,中華,50,0,50,元大-南京,2023-05-31,9862
2356,英業達,63,18,45,元大-南京,2023-05-31,9862
6451,訊芯-KY,40,0,40,元大-南京,2023-05-31,9862
8210,勤誠,59,22,37,元大-南京,2023-05-31,9862
00882,中信中國高股息,36,0,36,元大-南京,2023-05-31,9862
3363,上詮,69,34,35,元大-南京,2023-05-31,9862
00637L,元大滬深300正2,43,9,34,元大-南京,2023-05-31,9862
2801,彰銀,43,10,33,元大-南京,2023-05-31,9862
3321,同泰,29,0,29,元大-南京,2023-05-31,9862
2449,京元電子,33,4,29,元大-南京,2023-05-31,9862
2637,慧洋-KY,31,3,28,元大-南京,2023-05-31,9862
4543,萬在,34,6,28,元大-南京,2023-05-31,9862
2609,陽明,26,0,26,元大-南京,2023-05-31,9862
00720B,元大投資級公司債,25,0,25,元大-南京,2023-05-31,9862
3031,佰鴻,30,7,23,元大-南京,2023-05-31,9862
1909,榮成,22,0,22,元大-南京,2023-05-31,9862
2739,寒舍,23,2,21,元大-南京,2023-05-31,9862
5531,鄉林,21,0,21,元大-南京,2023-05-31,9862
4513,福裕,20,0,20,元大-南京,2023-05-31,9862
6767,台微醫,20,0,20,元大-南京,2023-05-31,9862
00633L,富邦上証正2,20,0,20,元大-南京,2023-05-31,9862
3006,晶豪科,27,8,19,元大-南京,2023-05-31,9862
2371,大同,56,39,17,元大-南京,2023-05-31,9862
6438,迅得,17,0,17,元大-南京,2023-05-31,9862
2383,台光電,19,3,16,元大-南京,2023-05-31,9862
2913,農林,15,0,15,元大-南京,2023-05-31,9862
5351,鈺創,17,3,14,元大-南京,2023-05-31,9862
8085,福華,14,0,14,元大-南京,2023-05-31,9862
00642U,期元大S＆P石油,14,0,14,元大-南京,2023-05-31,9862
6156,松上,14,0,14,元大-南京,2023-05-31,9862
6161,捷波,29,15,14,元大-南京,2023-05-31,9862
8086,宏捷科,15,1,14,元大-南京,2023-05-31,9862
2368,金像電,15,1,14,元大-南京,2023-05-31,9862
2492,華新科,13,0,13,元大-南京,2023-05-31,9862
00679B,元大美債20年,17,5,12,元大-南京,2023-05-31,9862
6861,睿生光電,12,0,12,元大-南京,2023-05-31,9862
2332,友訊,12,0,12,元大-南京,2023-05-31,9862
2606,裕民,12,1,11,元大-南京,2023-05-31,9862
2520,冠德,11,0,11,元大-南京,2023-05-31,9862
2845,遠東銀,11,0,11,元大-南京,2023-05-31,9862
2382,廣達,35,25,10,元大-南京,2023-05-31,9862
00651R,復華香港反1,10,0,10,元大-南京,2023-05-31,9862
4804,大略-KY,10,0,10,元大-南京,2023-05-31,9862
3481,群創,13,3,10,元大-南京,2023-05-31,9862
8033,雷虎,9,0,9,元大-南京,2023-05-31,9862
2323,中環,251,19,232,元大-南京,2023-06-01,9862
5009,榮剛,136,7,129,元大-南京,2023-06-01,9862
2455,全新,120,8,112,元大-南京,2023-06-01,9862
2801,彰銀,100,0,100,元大-南京,2023-06-01,9862
2897,王道銀行,81,0,81,元大-南京,2023-06-01,9862
2371,大同,106,26,80,元大-南京,2023-06-01,9862
3701,大眾控,63,2,61,元大-南京,2023-06-01,9862
3706,神達,173,117,56,元大-南京,2023-06-01,9862
2882,國泰金,58,3,55,元大-南京,2023-06-01,9862
2301,光寶科,53,3,50,元大-南京,2023-06-01,9862
4979,華星光,64,21,43,元大-南京,2023-06-01,9862
4967,十銓,42,2,40,元大-南京,2023-06-01,9862
2520,冠德,38,0,38,元大-南京,2023-06-01,9862
00642U,期元大S＆P石油,37,0,37,元大-南京,2023-06-01,9862
3704,合勤控,39,5,34,元大-南京,2023-06-01,9862
00919,群益台灣精選高息,33,0,33,元大-南京,2023-06-01,9862
2637,慧洋-KY,32,0,32,元大-南京,2023-06-01,9862
00715L,期街口布蘭特正2,32,0,32,元大-南京,2023-06-01,9862
2885,元大金,32,3,29,元大-南京,2023-06-01,9862
00713,元大台灣高息低波,28,2,26,元大-南京,2023-06-01,9862
8048,德勝,31,5,26,元大-南京,2023-06-01,9862
8271,宇瞻,31,5,26,元大-南京,2023-06-01,9862
2352,佳世達,27,3,24,元大-南京,2023-06-01,9862
2888,新光金,22,0,22,元大-南京,2023-06-01,9862
2408,南亞科,22,1,21,元大-南京,2023-06-01,9862
00720B,元大投資級公司債,21,0,21,元大-南京,2023-06-01,9862
2313,華通,21,0,21,元大-南京,2023-06-01,9862
2412,中華電,20,0,20,元大-南京,2023-06-01,9862
4564,元翎,59,39,20,元大-南京,2023-06-01,9862
2376,技嘉,33,14,19,元大-南京,2023-06-01,9862
2303,聯電,22,3,19,元大-南京,2023-06-01,9862
6679,鈺太,21,4,17,元大-南京,2023-06-01,9862
2427,三商電,21,5,16,元大-南京,2023-06-01,9862
8299,群聯,21,5,16,元大-南京,2023-06-01,9862
2356,英業達,27,13,14,元大-南京,2023-06-01,9862
2892,第一金,14,0,14,元大-南京,2023-06-01,9862
2344,華邦電,28,14,14,元大-南京,2023-06-01,9862
8088,品安,22,8,14,元大-南京,2023-06-01,9862
5706,鳳凰,29,15,14,元大-南京,2023-06-01,9862
2330,台積電,14,0,14,元大-南京,2023-06-01,9862
3363,上詮,32,19,13,元大-南京,2023-06-01,9862
1101,台泥,13,0,13,元大-南京,2023-06-01,9862
2609,陽明,22,9,13,元大-南京,2023-06-01,9862
2241,艾姆勒,13,0,13,元大-南京,2023-06-01,9862
00882,中信中國高股息,21,9,12,元大-南京,2023-06-01,9862
4804,大略-KY,15,3,12,元大-南京,2023-06-01,9862
6505,台塑化,12,0,12,元大-南京,2023-06-01,9862
4973,廣穎,11,0,11,元大-南京,2023-06-01,9862
2329,華泰,11,0,11,元大-南京,2023-06-01,9862
2049,上銀,11,1,10,元大-南京,2023-06-01,9862
1717,長興,470,4,466,元大-南京,2023-06-02,9862
2610,華航,255,131,124,元大-南京,2023-06-02,9862
3363,上詮,169,52,117,元大-南京,2023-06-02,9862
4979,華星光,125,19,106,元大-南京,2023-06-02,9862
2455,全新,114,13,101,元大-南京,2023-06-02,9862
00713,元大台灣高息低波,74,1,73,元大-南京,2023-06-02,9862
2888,新光金,65,2,63,元大-南京,2023-06-02,9862
9958,世紀鋼,61,0,61,元大-南京,2023-06-02,9862
5530,龍巖,60,0,60,元大-南京,2023-06-02,9862
4128,中天,58,1,57,元大-南京,2023-06-02,9862
6168,宏齊,57,0,57,元大-南京,2023-06-02,9862
1905,華紙,207,153,54,元大-南京,2023-06-02,9862
2706,第一店,88,40,48,元大-南京,2023-06-02,9862
6104,創惟,48,0,48,元大-南京,2023-06-02,9862
00632R,元大台灣50反1,43,0,43,元大-南京,2023-06-02,9862
4121,優盛,42,0,42,元大-南京,2023-06-02,9862
00919,群益台灣精選高息,42,0,42,元大-南京,2023-06-02,9862
1313,聯成,40,0,40,元大-南京,2023-06-02,9862
00772B,中信高評級公司債,41,1,40,元大-南京,2023-06-02,9862
2204,中華,50,17,33,元大-南京,2023-06-02,9862
2359,所羅門,53,21,32,元大-南京,2023-06-02,9862
2399,映泰,30,3,27,元大-南京,2023-06-02,9862
2489,瑞軒,121,95,26,元大-南京,2023-06-02,9862
1504,東元,90,64,26,元大-南京,2023-06-02,9862
3673,TPK-KY,25,0,25,元大-南京,2023-06-02,9862
2801,彰銀,25,0,25,元大-南京,2023-06-02,9862
1733,五鼎,36,11,25,元大-南京,2023-06-02,9862
6679,鈺太,26,1,25,元大-南京,2023-06-02,9862
3704,合勤控,27,3,24,元大-南京,2023-06-02,9862
2344,華邦電,142,118,24,元大-南京,2023-06-02,9862
3444,利機,23,0,23,元大-南京,2023-06-02,9862
6869,雲豹能源,22,0,22,元大-南京,2023-06-02,9862
3236,千如,21,0,21,元大-南京,2023-06-02,9862
5876,上海商銀,20,0,20,元大-南京,2023-06-02,9862
00680L,元大美債20正2,20,0,20,元大-南京,2023-06-02,9862
6578,達邦蛋白,20,0,20,元大-南京,2023-06-02,9862
4967,十銓,22,3,19,元大-南京,2023-06-02,9862
8085,福華,21,2,19,元大-南京,2023-06-02,9862
1785,光洋科,20,2,18,元大-南京,2023-06-02,9862
00679B,元大美債20年,18,0,18,元大-南京,2023-06-02,9862
2368,金像電,33,16,17,元大-南京,2023-06-02,9862
3005,神基,19,2,17,元大-南京,2023-06-02,9862
3591,艾笛森,17,0,17,元大-南京,2023-06-02,9862
00720B,元大投資級公司債,16,0,16,元大-南京,2023-06-02,9862
2421,建準,37,22,15,元大-南京,2023-06-02,9862
2897,王道銀行,15,0,15,元大-南京,2023-06-02,9862
1725,元禎,15,0,15,元大-南京,2023-06-02,9862
6271,同欣電,14,0,14,元大-南京,2023-06-02,9862
6122,擎邦,14,0,14,元大-南京,2023-06-02,9862
6189,豐藝,14,0,14,元大-南京,2023-06-02,9862
2515,中工,444,7,437,元大-南京,2023-06-05,9862
1717,長興,119,0,119,元大-南京,2023-06-05,9862
4979,華星光,131,18,113,元大-南京,2023-06-05,9862
3551,世禾,103,0,103,元大-南京,2023-06-05,9862
2610,華航,176,76,100,元大-南京,2023-06-05,9862
4121,優盛,76,0,76,元大-南京,2023-06-05,9862
2455,全新,74,2,72,元大-南京,2023-06-05,9862
2204,中華,70,1,69,元大-南京,2023-06-05,9862
6223,旺矽,64,8,56,元大-南京,2023-06-05,9862
6282,康舒,119,64,55,元大-南京,2023-06-05,9862
6160,欣技,56,2,54,元大-南京,2023-06-05,9862
2888,新光金,137,85,52,元大-南京,2023-06-05,9862
6115,鎰勝,49,0,49,元大-南京,2023-06-05,9862
4916,事欣科,139,95,44,元大-南京,2023-06-05,9862
00673R,期元大S＆P原油反1,43,0,43,元大-南京,2023-06-05,9862
1442,名軒,42,0,42,元大-南京,2023-06-05,9862
1584,精剛,45,3,42,元大-南京,2023-06-05,9862
3044,健鼎,41,0,41,元大-南京,2023-06-05,9862
3558,神準,40,0,40,元大-南京,2023-06-05,9862
4564,元翎,44,4,40,元大-南京,2023-06-05,9862
4726,永昕,56,16,40,元大-南京,2023-06-05,9862
6005,群益證,40,0,40,元大-南京,2023-06-05,9862
00680L,元大美債20正2,40,2,38,元大-南京,2023-06-05,9862
3481,群創,208,171,37,元大-南京,2023-06-05,9862
2330,台積電,35,0,35,元大-南京,2023-06-05,9862
00720B,元大投資級公司債,34,1,33,元大-南京,2023-06-05,9862
3711,日月光投控,30,0,30,元大-南京,2023-06-05,9862
1514,亞力,58,29,29,元大-南京,2023-06-05,9862
1907,永豐餘,66,37,29,元大-南京,2023-06-05,9862
2449,京元電子,29,1,28,元大-南京,2023-06-05,9862
3033,威健,35,8,27,元大-南京,2023-06-05,9862
3041,揚智,24,0,24,元大-南京,2023-06-05,9862
6770,力積電,21,0,21,元大-南京,2023-06-05,9862
00919,群益台灣精選高息,20,0,20,元大-南京,2023-06-05,9862
2897,王道銀行,20,0,20,元大-南京,2023-06-05,9862
3005,神基,20,0,20,元大-南京,2023-06-05,9862
6189,豐藝,20,0,20,元大-南京,2023-06-05,9862
2359,所羅門,21,2,19,元大-南京,2023-06-05,9862
9958,世紀鋼,26,8,18,元大-南京,2023-06-05,9862
6679,鈺太,19,1,18,元大-南京,2023-06-05,9862
1519,華城,31,14,17,元大-南京,2023-06-05,9862
2601,益航,17,0,17,元大-南京,2023-06-05,9862
2457,飛宏,43,26,17,元大-南京,2023-06-05,9862
00679B,元大美債20年,17,0,17,元大-南京,2023-06-05,9862
1711,永光,27,11,16,元大-南京,2023-06-05,9862
4967,十銓,17,1,16,元大-南京,2023-06-05,9862
2360,致茂,17,1,16,元大-南京,2023-06-05,9862
00637L,元大滬深300正2,18,2,16,元大-南京,2023-06-05,9862
2382,廣達,20,5,15,元大-南京,2023-06-05,9862
2406,國碩,15,0,15,元大-南京,2023-06-05,9862
2515,中工,460,10,450,元大-南京,2023-06-06,9862
2888,新光金,133,33,100,元大-南京,2023-06-06,9862
8403,盛弘,100,4,96,元大-南京,2023-06-06,9862
3715,定穎投控,92,0,92,元大-南京,2023-06-06,9862
00679B,元大美債20年,87,1,86,元大-南京,2023-06-06,9862
5530,龍巖,80,0,80,元大-南京,2023-06-06,9862
00896,中信綠能及電動車,76,0,76,元大-南京,2023-06-06,9862
3078,僑威,68,10,58,元大-南京,2023-06-06,9862
00632R,元大台灣50反1,57,1,56,元大-南京,2023-06-06,9862
00927,群益半導體收益,38,0,38,元大-南京,2023-06-06,9862
4726,永昕,47,11,36,元大-南京,2023-06-06,9862
1609,大亞,105,69,36,元大-南京,2023-06-06,9862
3081,聯亞,34,0,34,元大-南京,2023-06-06,9862
2630,亞航,51,19,32,元大-南京,2023-06-06,9862
00712,復華富時不動產,31,1,30,元大-南京,2023-06-06,9862
6187,萬潤,30,1,29,元大-南京,2023-06-06,9862
2376,技嘉,41,12,29,元大-南京,2023-06-06,9862
6282,康舒,84,59,25,元大-南京,2023-06-06,9862
4804,大略-KY,24,0,24,元大-南京,2023-06-06,9862
2388,威盛,31,10,21,元大-南京,2023-06-06,9862
2063,世鎧,20,0,20,元大-南京,2023-06-06,9862
3044,健鼎,32,12,20,元大-南京,2023-06-06,9862
1605,華新,137,117,20,元大-南京,2023-06-06,9862
5531,鄉林,20,0,20,元大-南京,2023-06-06,9862
3260,威剛,24,5,19,元大-南京,2023-06-06,9862
4906,正文,19,3,16,元大-南京,2023-06-06,9862
00888,永豐台灣ESG,21,5,16,元大-南京,2023-06-06,9862
00713,元大台灣高息低波,16,0,16,元大-南京,2023-06-06,9862
8105,凌巨,20,5,15,元大-南京,2023-06-06,9862
2353,宏��,21,6,15,元大-南京,2023-06-06,9862
2520,冠德,15,0,15,元大-南京,2023-06-06,9862
3419,譁裕,15,0,15,元大-南京,2023-06-06,9862
2402,毅嘉,26,11,15,元大-南京,2023-06-06,9862
3037,欣興,15,1,14,元大-南京,2023-06-06,9862
3038,全台,18,4,14,元大-南京,2023-06-06,9862
2530,華建,15,1,14,元大-南京,2023-06-06,9862
2356,英業達,20,7,13,元大-南京,2023-06-06,9862
8155,博智,13,0,13,元大-南京,2023-06-06,9862
3630,新鉅科,12,0,12,元大-南京,2023-06-06,9862
3564,其陽,13,1,12,元大-南京,2023-06-06,9862
2484,希華,12,0,12,元大-南京,2023-06-06,9862
2352,佳世達,12,0,12,元大-南京,2023-06-06,9862
00687B,國泰20年美債,12,0,12,元大-南京,2023-06-06,9862
2889,國票金,16,5,11,元大-南京,2023-06-06,9862
6205,詮欣,11,0,11,元大-南京,2023-06-06,9862
8222,寶一,14,3,11,元大-南京,2023-06-06,9862
1907,永豐餘,27,16,11,元大-南京,2023-06-06,9862
5347,世界,11,1,10,元大-南京,2023-06-06,9862
00882,中信中國高股息,10,0,10,元大-南京,2023-06-06,9862
00720B,元大投資級公司債,10,0,10,元大-南京,2023-06-06,9862
3078,僑威,225,32,193,元大-南京,2023-06-07,9862
9105,泰金寶-DR,124,0,124,元大-南京,2023-06-07,9862
6223,旺矽,119,8,111,元大-南京,2023-06-07,9862
2801,彰銀,80,0,80,元大-南京,2023-06-07,9862
6282,康舒,88,20,68,元大-南京,2023-06-07,9862
2753,八方雲集,62,2,60,元大-南京,2023-06-07,9862
3260,威剛,75,21,54,元大-南京,2023-06-07,9862
1907,永豐餘,61,9,52,元大-南京,2023-06-07,9862
3711,日月光投控,80,28,52,元大-南京,2023-06-07,9862
00888,永豐台灣ESG,49,0,49,元大-南京,2023-06-07,9862
6125,廣運,61,17,44,元大-南京,2023-06-07,9862
00637L,元大滬深300正2,38,0,38,元大-南京,2023-06-07,9862
1815,富喬,40,5,35,元大-南京,2023-06-07,9862
3017,奇鋐,38,6,32,元大-南京,2023-06-07,9862
2855,統一證,31,0,31,元大-南京,2023-06-07,9862
2702,華園,31,0,31,元大-南京,2023-06-07,9862
2402,毅嘉,55,24,31,元大-南京,2023-06-07,9862
5530,龍巖,30,0,30,元大-南京,2023-06-07,9862
00882,中信中國高股息,29,0,29,元大-南京,2023-06-07,9862
1710,東聯,37,9,28,元大-南京,2023-06-07,9862
2301,光寶科,34,8,26,元大-南京,2023-06-07,9862
1605,華新,26,0,26,元大-南京,2023-06-07,9862
3005,神基,37,12,25,元大-南京,2023-06-07,9862
00665L,富邦�琤肭磪囓�2,30,5,25,元大-南京,2023-06-07,9862
8046,南電,30,5,25,元大-南京,2023-06-07,9862
00896,中信綠能及電動車,24,0,24,元大-南京,2023-06-07,9862
2706,第一店,27,4,23,元大-南京,2023-06-07,9862
2323,中環,95,72,23,元大-南京,2023-06-07,9862
0056,元大高股息,35,13,22,元大-南京,2023-06-07,9862
4909,新復興,21,0,21,元大-南京,2023-06-07,9862
00632R,元大台灣50反1,44,23,21,元大-南京,2023-06-07,9862
1909,榮成,20,0,20,元大-南京,2023-06-07,9862
2376,技嘉,43,24,19,元大-南京,2023-06-07,9862
8027,鈦昇,19,0,19,元大-南京,2023-06-07,9862
4906,正文,18,0,18,元大-南京,2023-06-07,9862
00919,群益台灣精選高息,23,7,16,元大-南京,2023-06-07,9862
6191,精成科,22,7,15,元大-南京,2023-06-07,9862
6547,高端疫苗,15,0,15,元大-南京,2023-06-07,9862
3037,欣興,121,106,15,元大-南京,2023-06-07,9862
2634,漢翔,28,14,14,元大-南京,2023-06-07,9862
2748,雲品,19,5,14,元大-南京,2023-06-07,9862
8076,伍豐,16,2,14,元大-南京,2023-06-07,9862
2328,廣宇,14,0,14,元大-南京,2023-06-07,9862
3551,世禾,13,0,13,元大-南京,2023-06-07,9862
8446,華研,13,0,13,元大-南京,2023-06-07,9862
1101,台泥,13,0,13,元大-南京,2023-06-07,9862
00679B,元大美債20年,12,0,12,元大-南京,2023-06-07,9862
3702,大聯大,12,0,12,元大-南京,2023-06-07,9862
5324,士開,12,0,12,元大-南京,2023-06-07,9862
9904,寶成,12,0,12,元大-南京,2023-06-07,9862
2888,新光金,454,84,370,元大-南京,2023-06-08,9862
00919,群益台灣精選高息,288,1,287,元大-南京,2023-06-08,9862
00893,國泰智能電動車,120,1,119,元大-南京,2023-06-08,9862
00679B,元大美債20年,117,12,105,元大-南京,2023-06-08,9862
2882,國泰金,130,28,102,元大-南京,2023-06-08,9862
2380,虹光,100,0,100,元大-南京,2023-06-08,9862
3231,緯創,116,26,90,元大-南京,2023-06-08,9862
00720B,元大投資級公司債,73,0,73,元大-南京,2023-06-08,9862
2344,華邦電,77,10,67,元大-南京,2023-06-08,9862
4960,誠美材,88,30,58,元大-南京,2023-06-08,9862
1605,華新,60,7,53,元大-南京,2023-06-08,9862
9958,世紀鋼,60,10,50,元大-南京,2023-06-08,9862
6116,彩晶,47,0,47,元大-南京,2023-06-08,9862
1907,永豐餘,51,6,45,元大-南京,2023-06-08,9862
00687B,國泰20年美債,45,0,45,元大-南京,2023-06-08,9862
3078,僑威,76,37,39,元大-南京,2023-06-08,9862
6274,台燿,56,22,34,元大-南京,2023-06-08,9862
6679,鈺太,39,5,34,元大-南京,2023-06-08,9862
1591,駿吉-KY,62,30,32,元大-南京,2023-06-08,9862
0056,元大高股息,46,14,32,元大-南京,2023-06-08,9862
3037,欣興,153,122,31,元大-南京,2023-06-08,9862
2382,廣達,36,6,30,元大-南京,2023-06-08,9862
2801,彰銀,30,0,30,元大-南京,2023-06-08,9862
3260,威剛,40,10,30,元大-南京,2023-06-08,9862
00878,國泰永續高股息,55,25,30,元大-南京,2023-06-08,9862
4906,正文,30,1,29,元大-南京,2023-06-08,9862
1608,華榮,27,1,26,元大-南京,2023-06-08,9862
3027,盛達,63,37,26,元大-南京,2023-06-08,9862
4726,永昕,28,2,26,元大-南京,2023-06-08,9862
5512,力麒,33,10,23,元大-南京,2023-06-08,9862
00751B,元大AAA至A公司債,22,0,22,元大-南京,2023-06-08,9862
5475,德宏,21,0,21,元大-南京,2023-06-08,9862
00772B,中信高評級公司債,24,3,21,元大-南京,2023-06-08,9862
2065,世豐,21,0,21,元大-南京,2023-06-08,9862
5530,龍巖,20,0,20,元大-南京,2023-06-08,9862
2736,富野,21,1,20,元大-南京,2023-06-08,9862
6160,欣技,21,1,20,元大-南京,2023-06-08,9862
2409,友達,22,3,19,元大-南京,2023-06-08,9862
00885,富邦越南,20,1,19,元大-南京,2023-06-08,9862
2706,第一店,28,10,18,元大-南京,2023-06-08,9862
00725B,國泰投資級公司債,18,0,18,元大-南京,2023-06-08,9862
1722,台肥,17,0,17,元大-南京,2023-06-08,9862
2408,南亞科,17,0,17,元大-南京,2023-06-08,9862
8926,台汽電,16,0,16,元大-南京,2023-06-08,9862
3419,譁裕,16,0,16,元大-南京,2023-06-08,9862
2401,凌陽,18,2,16,元大-南京,2023-06-08,9862
3055,蔚華科,18,2,16,元大-南京,2023-06-08,9862
2634,漢翔,37,21,16,元大-南京,2023-06-08,9862
00882,中信中國高股息,15,0,15,元大-南京,2023-06-08,9862
2317,鴻海,15,0,15,元大-南京,2023-06-08,9862
2801,彰銀,252,7,245,元大-南京,2023-06-09,9862
00929,復華台灣科技優息,151,2,149,元大-南京,2023-06-09,9862
4123,晟德,164,16,148,元大-南京,2023-06-09,9862
00712,復華富時不動產,145,17,128,元大-南京,2023-06-09,9862
2376,技嘉,125,43,82,元大-南京,2023-06-09,9862
2382,廣達,128,68,60,元大-南京,2023-06-09,9862
00927,群益半導體收益,51,0,51,元大-南京,2023-06-09,9862
2812,台中銀,50,0,50,元大-南京,2023-06-09,9862
3363,上詮,73,28,45,元大-南京,2023-06-09,9862
1504,東元,52,11,41,元大-南京,2023-06-09,9862
6789,采鈺,48,10,38,元大-南京,2023-06-09,9862
2888,新光金,85,48,37,元大-南京,2023-06-09,9862
2027,大成鋼,39,3,36,元大-南京,2023-06-09,9862
1605,華新,42,6,36,元大-南京,2023-06-09,9862
8234,新漢,41,7,34,元大-南京,2023-06-09,9862
1609,大亞,76,42,34,元大-南京,2023-06-09,9862
2482,連宇,76,44,32,元大-南京,2023-06-09,9862
3673,TPK-KY,41,10,31,元大-南京,2023-06-09,9862
00715L,期街口布蘭特正2,31,0,31,元大-南京,2023-06-09,9862
2371,大同,43,12,31,元大-南京,2023-06-09,9862
6191,精成科,37,7,30,元大-南京,2023-06-09,9862
4976,佳凌,30,0,30,元大-南京,2023-06-09,9862
2615,萬海,40,10,30,元大-南京,2023-06-09,9862
00919,群益台灣精選高息,29,0,29,元大-南京,2023-06-09,9862
2630,亞航,45,19,26,元大-南京,2023-06-09,9862
3481,群創,24,2,22,元大-南京,2023-06-09,9862
3033,威健,27,5,22,元大-南京,2023-06-09,9862
2885,元大金,23,1,22,元大-南京,2023-06-09,9862
2610,華航,23,3,20,元大-南京,2023-06-09,9862
5009,榮剛,36,16,20,元大-南京,2023-06-09,9862
1909,榮成,20,0,20,元大-南京,2023-06-09,9862
2401,凌陽,28,10,18,元大-南京,2023-06-09,9862
6285,啟��,21,3,18,元大-南京,2023-06-09,9862
2606,裕民,20,2,18,元大-南京,2023-06-09,9862
3444,利機,18,0,18,元大-南京,2023-06-09,9862
1905,華紙,21,4,17,元大-南京,2023-06-09,9862
1307,三芳,15,0,15,元大-南京,2023-06-09,9862
6274,台燿,18,4,14,元大-南京,2023-06-09,9862
2497,怡利電,17,4,13,元大-南京,2023-06-09,9862
2706,第一店,17,5,12,元大-南京,2023-06-09,9862
5531,鄉林,12,0,12,元大-南京,2023-06-09,9862
3362,先進光,14,3,11,元大-南京,2023-06-09,9862
3583,辛耘,21,10,11,元大-南京,2023-06-09,9862
4726,永昕,14,3,11,元大-南京,2023-06-09,9862
8069,元太,32,21,11,元大-南京,2023-06-09,9862
4129,聯合,14,4,10,元大-南京,2023-06-09,9862
1437,勤益控,10,0,10,元大-南京,2023-06-09,9862
4114,健喬,11,1,10,元大-南京,2023-06-09,9862
3265,台星科,10,0,10,元大-南京,2023-06-09,9862
3234,光環,10,0,10,元大-南京,2023-06-09,9862
2888,新光金,442,26,416,元大-南京,2023-06-12,9862
00919,群益台灣精選高息,125,3,122,元大-南京,2023-06-12,9862
4979,華星光,159,44,115,元大-南京,2023-06-12,9862
2312,金寶,172,71,101,元大-南京,2023-06-12,9862
3231,緯創,338,259,79,元大-南京,2023-06-12,9862
2356,英業達,75,10,65,元大-南京,2023-06-12,9862
1313,聯成,64,2,62,元大-南京,2023-06-12,9862
4967,十銓,64,5,59,元大-南京,2023-06-12,9862
2104,國際中橡,57,0,57,元大-南京,2023-06-12,9862
00929,復華台灣科技優息,56,0,56,元大-南京,2023-06-12,9862
9958,世紀鋼,61,10,51,元大-南京,2023-06-12,9862
2308,台達電,57,6,51,元大-南京,2023-06-12,9862
5530,龍巖,50,0,50,元大-南京,2023-06-12,9862
3704,合勤控,50,2,48,元大-南京,2023-06-12,9862
0056,元大高股息,59,12,47,元大-南京,2023-06-12,9862
4167,松瑞藥,40,0,40,元大-南京,2023-06-12,9862
3046,建��,42,8,34,元大-南京,2023-06-12,9862
2402,毅嘉,31,0,31,元大-南京,2023-06-12,9862
1909,榮成,23,0,23,元大-南京,2023-06-12,9862
6187,萬潤,27,5,22,元大-南京,2023-06-12,9862
1609,大亞,150,128,22,元大-南京,2023-06-12,9862
1605,華新,28,7,21,元大-南京,2023-06-12,9862
2353,宏��,25,4,21,元大-南京,2023-06-12,9862
8038,長園科,21,0,21,元大-南京,2023-06-12,9862
9105,泰金寶-DR,20,0,20,元大-南京,2023-06-12,9862
1308,亞聚,22,2,20,元大-南京,2023-06-12,9862
2029,盛餘,20,0,20,元大-南京,2023-06-12,9862
3444,利機,18,0,18,元大-南京,2023-06-12,9862
2351,順德,16,0,16,元大-南京,2023-06-12,9862
00715L,期街口布蘭特正2,16,0,16,元大-南京,2023-06-12,9862
6223,旺矽,17,1,16,元大-南京,2023-06-12,9862
8114,振樺電,16,0,16,元大-南京,2023-06-12,9862
00713,元大台灣高息低波,16,0,16,元大-南京,2023-06-12,9862
2359,所羅門,15,0,15,元大-南京,2023-06-12,9862
1307,三芳,15,0,15,元大-南京,2023-06-12,9862
2383,台光電,27,12,15,元大-南京,2023-06-12,9862
5009,榮剛,25,10,15,元大-南京,2023-06-12,9862
3481,群創,26,11,15,元大-南京,2023-06-12,9862
6282,康舒,25,10,15,元大-南京,2023-06-12,9862
4726,永昕,14,0,14,元大-南京,2023-06-12,9862
4770,上品,19,5,14,元大-南京,2023-06-12,9862
1326,台化,14,0,14,元大-南京,2023-06-12,9862
6173,信昌電,14,0,14,元大-南京,2023-06-12,9862
6546,正基,14,0,14,元大-南京,2023-06-12,9862
1513,中興電,16,3,13,元大-南京,2023-06-12,9862
4916,事欣科,13,0,13,元大-南京,2023-06-12,9862
3380,明泰,13,0,13,元大-南京,2023-06-12,9862
6679,鈺太,20,8,12,元大-南京,2023-06-12,9862
2425,承啟,48,36,12,元大-南京,2023-06-12,9862
00751B,元大AAA至A公司債,12,1,11,元大-南京,2023-06-12,9862
2303,聯電,221,19,202,元大-南京,2023-06-13,9862
00715L,期街口布蘭特正2,105,10,95,元大-南京,2023-06-13,9862
00642U,期元大S＆P石油,90,0,90,元大-南京,2023-06-13,9862
2354,鴻準,102,13,89,元大-南京,2023-06-13,9862
00919,群益台灣精選高息,78,3,75,元大-南京,2023-06-13,9862
00893,國泰智能電動車,72,13,59,元大-南京,2023-06-13,9862
4979,華星光,159,105,54,元大-南京,2023-06-13,9862
2312,金寶,52,0,52,元大-南京,2023-06-13,9862
5324,士開,51,0,51,元大-南京,2023-06-13,9862
3558,神準,51,3,48,元大-南京,2023-06-13,9862
00665L,富邦�琤肭磪囓�2,52,5,47,元大-南京,2023-06-13,9862
2449,京元電子,89,45,44,元大-南京,2023-06-13,9862
9958,世紀鋼,42,0,42,元大-南京,2023-06-13,9862
3078,僑威,75,35,40,元大-南京,2023-06-13,9862
1434,福懋,40,0,40,元大-南京,2023-06-13,9862
2029,盛餘,40,0,40,元大-南京,2023-06-13,9862
2882,國泰金,39,2,37,元大-南京,2023-06-13,9862
5340,建榮,35,0,35,元大-南京,2023-06-13,9862
6282,康舒,39,5,34,元大-南京,2023-06-13,9862
2753,八方雲集,30,0,30,元大-南京,2023-06-13,9862
8027,鈦昇,42,12,30,元大-南京,2023-06-13,9862
1326,台化,36,9,27,元大-南京,2023-06-13,9862
2383,台光電,33,6,27,元大-南京,2023-06-13,9862
3481,群創,27,1,26,元大-南京,2023-06-13,9862
00706L,期元大S＆P日圓正2,25,0,25,元大-南京,2023-06-13,9862
00751B,元大AAA至A公司債,24,0,24,元大-南京,2023-06-13,9862
00929,復華台灣科技優息,22,0,22,元大-南京,2023-06-13,9862
00641R,富邦日本反1,21,0,21,元大-南京,2023-06-13,9862
5464,霖宏,23,3,20,元大-南京,2023-06-13,9862
2104,國際中橡,20,0,20,元大-南京,2023-06-13,9862
2706,第一店,19,0,19,元大-南京,2023-06-13,9862
6218,豪勉,16,0,16,元大-南京,2023-06-13,9862
6235,華孚,43,27,16,元大-南京,2023-06-13,9862
4123,晟德,23,8,15,元大-南京,2023-06-13,9862
00885,富邦越南,18,4,14,元大-南京,2023-06-13,9862
5347,世界,20,6,14,元大-南京,2023-06-13,9862
00637L,元大滬深300正2,25,12,13,元大-南京,2023-06-13,9862
2313,華通,23,10,13,元大-南京,2023-06-13,9862
2615,萬海,13,0,13,元大-南京,2023-06-13,9862
00712,復華富時不動產,13,0,13,元大-南京,2023-06-13,9862
3711,日月光投控,56,44,12,元大-南京,2023-06-13,9862
2402,毅嘉,17,5,12,元大-南京,2023-06-13,9862
2353,宏��,30,18,12,元大-南京,2023-06-13,9862
8446,華研,22,11,11,元大-南京,2023-06-13,9862
2885,元大金,13,2,11,元大-南京,2023-06-13,9862
3017,奇鋐,84,73,11,元大-南京,2023-06-13,9862
1533,車王電,14,3,11,元大-南京,2023-06-13,9862
2609,陽明,17,6,11,元大-南京,2023-06-13,9862
4543,萬在,11,0,11,元大-南京,2023-06-13,9862
4726,永昕,20,9,11,元大-南京,2023-06-13,9862
3481,群創,166,6,160,元大-南京,2023-06-14,9862
00712,復華富時不動產,73,0,73,元大-南京,2023-06-14,9862
3704,合勤控,71,4,67,元大-南京,2023-06-14,9862
2312,金寶,64,0,64,元大-南京,2023-06-14,9862
6139,亞翔,57,1,56,元大-南京,2023-06-14,9862
4533,協易機,176,120,56,元大-南京,2023-06-14,9862
00642U,期元大S＆P石油,53,0,53,元大-南京,2023-06-14,9862
2542,興富發,50,0,50,元大-南京,2023-06-14,9862
00919,群益台灣精選高息,49,0,49,元大-南京,2023-06-14,9862
4726,永昕,49,0,49,元大-南京,2023-06-14,9862
5324,士開,49,0,49,元大-南京,2023-06-14,9862
8147,正淩,47,2,45,元大-南京,2023-06-14,9862
2356,英業達,143,99,44,元大-南京,2023-06-14,9862
5258,虹堡,58,14,44,元大-南京,2023-06-14,9862
8112,至上,42,1,41,元大-南京,2023-06-14,9862
00753L,中信中國50正2,40,1,39,元大-南京,2023-06-14,9862
6167,久正,39,4,35,元大-南京,2023-06-14,9862
2383,台光電,40,9,31,元大-南京,2023-06-14,9862
2301,光寶科,36,7,29,元大-南京,2023-06-14,9862
3711,日月光投控,26,0,26,元大-南京,2023-06-14,9862
2436,偉詮電,32,6,26,元大-南京,2023-06-14,9862
00706L,期元大S＆P日圓正2,26,0,26,元大-南京,2023-06-14,9862
3479,安勤,25,0,25,元大-南京,2023-06-14,9862
3046,建��,30,5,25,元大-南京,2023-06-14,9862
1504,東元,41,20,21,元大-南京,2023-06-14,9862
2371,大同,31,10,21,元大-南京,2023-06-14,9862
6282,康舒,27,6,21,元大-南京,2023-06-14,9862
3231,緯創,199,178,21,元大-南京,2023-06-14,9862
2382,廣達,87,67,20,元大-南京,2023-06-14,9862
1313,聯成,20,1,19,元大-南京,2023-06-14,9862
6182,合晶,25,6,19,元大-南京,2023-06-14,9862
4979,華星光,63,45,18,元大-南京,2023-06-14,9862
00679B,元大美債20年,17,0,17,元大-南京,2023-06-14,9862
2324,仁寶,17,1,16,元大-南京,2023-06-14,9862
3163,波若威,50,34,16,元大-南京,2023-06-14,9862
2736,富野,20,4,16,元大-南京,2023-06-14,9862
00892,富邦台灣半導體,21,5,16,元大-南京,2023-06-14,9862
2881A,富邦特,15,0,15,元大-南京,2023-06-14,9862
8150,南茂,13,0,13,元大-南京,2023-06-14,9862
6147,頎邦,15,2,13,元大-南京,2023-06-14,9862
2845,遠東銀,13,0,13,元大-南京,2023-06-14,9862
4919,新唐,14,2,12,元大-南京,2023-06-14,9862
3033,威健,26,14,12,元大-南京,2023-06-14,9862
2731,雄獅,14,2,12,元大-南京,2023-06-14,9862
2206,三陽工業,21,9,12,元大-南京,2023-06-14,9862
2609,陽明,27,16,11,元大-南京,2023-06-14,9862
00929,復華台灣科技優息,16,5,11,元大-南京,2023-06-14,9862
00671R,富邦NASDAQ反1,11,0,11,元大-南京,2023-06-14,9862
4572,駐龍,15,4,11,元大-南京,2023-06-14,9862
2743,山富,20,9,11,元大-南京,2023-06-14,9862
2489,瑞軒,266,14,252,元大-南京,2023-06-15,9862
6223,旺矽,126,6,120,元大-南京,2023-06-15,9862
00706L,期元大S＆P日圓正2,113,0,113,元大-南京,2023-06-15,9862
00712,復華富時不動產,96,0,96,元大-南京,2023-06-15,9862
6016,康和證,90,2,88,元大-南京,2023-06-15,9862
3704,合勤控,83,0,83,元大-南京,2023-06-15,9862
00671R,富邦NASDAQ反1,80,0,80,元大-南京,2023-06-15,9862
8069,元太,82,7,75,元大-南京,2023-06-15,9862
00715L,期街口布蘭特正2,77,2,75,元大-南京,2023-06-15,9862
5009,榮剛,72,9,63,元大-南京,2023-06-15,9862
00919,群益台灣精選高息,63,0,63,元大-南京,2023-06-15,9862
1104,環泥,65,7,58,元大-南京,2023-06-15,9862
1785,光洋科,52,2,50,元大-南京,2023-06-15,9862
2330,台積電,54,10,44,元大-南京,2023-06-15,9862
6213,聯茂,42,0,42,元大-南京,2023-06-15,9862
6285,啟��,40,2,38,元大-南京,2023-06-15,9862
2609,陽明,47,10,37,元大-南京,2023-06-15,9862
3022,威強電,51,15,36,元大-南京,2023-06-15,9862
00929,復華台灣科技優息,48,13,35,元大-南京,2023-06-15,9862
00632R,元大台灣50反1,33,0,33,元大-南京,2023-06-15,9862
2892,第一金,32,0,32,元大-南京,2023-06-15,9862
3163,波若威,63,32,31,元大-南京,2023-06-15,9862
00893,國泰智能電動車,32,2,30,元大-南京,2023-06-15,9862
3264,欣銓,56,26,30,元大-南京,2023-06-15,9862
2455,全新,30,1,29,元大-南京,2023-06-15,9862
8112,至上,25,0,25,元大-南京,2023-06-15,9862
6235,華孚,89,64,25,元大-南京,2023-06-15,9862
2356,英業達,131,106,25,元大-南京,2023-06-15,9862
5011,久陽,23,0,23,元大-南京,2023-06-15,9862
9105,泰金寶-DR,20,0,20,元大-南京,2023-06-15,9862
1722,台肥,20,0,20,元大-南京,2023-06-15,9862
00713,元大台灣高息低波,28,9,19,元大-南京,2023-06-15,9862
2066,世德,18,0,18,元大-南京,2023-06-15,9862
2409,友達,19,2,17,元大-南京,2023-06-15,9862
3617,碩天,16,0,16,元大-南京,2023-06-15,9862
4533,協易機,36,21,15,元大-南京,2023-06-15,9862
2441,超豐,15,0,15,元大-南京,2023-06-15,9862
4973,廣穎,14,0,14,元大-南京,2023-06-15,9862
2376,技嘉,39,25,14,元大-南京,2023-06-15,9862
2206,三陽工業,14,1,13,元大-南京,2023-06-15,9862
3034,聯詠,21,8,13,元大-南京,2023-06-15,9862
00878,國泰永續高股息,30,18,12,元大-南京,2023-06-15,9862
00751B,元大AAA至A公司債,17,5,12,元大-南京,2023-06-15,9862
6140,訊達,12,0,12,元大-南京,2023-06-15,9862
5324,士開,12,0,12,元大-南京,2023-06-15,9862
2601,益航,12,0,12,元大-南京,2023-06-15,9862
6288,聯嘉,12,0,12,元大-南京,2023-06-15,9862
8050,廣積,18,6,12,元大-南京,2023-06-15,9862
3707,漢磊,12,0,12,元大-南京,2023-06-15,9862
2421,建準,13,1,12,元大-南京,2023-06-15,9862
2610,華航,621,488,133,元大-南京,2023-06-16,9862
3058,立德,104,3,101,元大-南京,2023-06-16,9862
3363,上詮,99,15,84,元大-南京,2023-06-16,9862
1314,中石化,81,1,80,元大-南京,2023-06-16,9862
2382,廣達,93,20,73,元大-南京,2023-06-16,9862
2753,八方雲集,61,0,61,元大-南京,2023-06-16,9862
4129,聯合,61,0,61,元大-南京,2023-06-16,9862
3231,緯創,192,132,60,元大-南京,2023-06-16,9862
00671R,富邦NASDAQ反1,59,0,59,元大-南京,2023-06-16,9862
1301,台塑,56,0,56,元大-南京,2023-06-16,9862
00687B,國泰20年美債,60,15,45,元大-南京,2023-06-16,9862
5328,華容,42,0,42,元大-南京,2023-06-16,9862
2332,友訊,42,0,42,元大-南京,2023-06-16,9862
1434,福懋,43,2,41,元大-南京,2023-06-16,9862
3673,TPK-KY,42,1,41,元大-南京,2023-06-16,9862
3704,合勤控,40,0,40,元大-南京,2023-06-16,9862
00919,群益台灣精選高息,95,58,37,元大-南京,2023-06-16,9862
2359,所羅門,54,21,33,元大-南京,2023-06-16,9862
2301,光寶科,36,3,33,元大-南京,2023-06-16,9862
3702A,大聯大甲特,33,0,33,元大-南京,2023-06-16,9862
3022,威強電,39,7,32,元大-南京,2023-06-16,9862
2888,新光金,43,11,32,元大-南京,2023-06-16,9862
00929,復華台灣科技優息,43,13,30,元大-南京,2023-06-16,9862
8234,新漢,31,1,30,元大-南京,2023-06-16,9862
1313,聯成,32,4,28,元大-南京,2023-06-16,9862
1609,大亞,153,126,27,元大-南京,2023-06-16,9862
2066,世德,27,2,25,元大-南京,2023-06-16,9862
8028,昇陽半導體,26,1,25,元大-南京,2023-06-16,9862
2892,第一金,24,1,23,元大-南京,2023-06-16,9862
2105,正新,25,2,23,元大-南京,2023-06-16,9862
5258,虹堡,52,29,23,元大-南京,2023-06-16,9862
2385,群光,21,0,21,元大-南京,2023-06-16,9862
2845,遠東銀,21,0,21,元大-南京,2023-06-16,9862
00713,元大台灣高息低波,21,1,20,元大-南京,2023-06-16,9862
2607,榮運,20,0,20,元大-南京,2023-06-16,9862
1785,光洋科,20,0,20,元大-南京,2023-06-16,9862
5460,同協,20,0,20,元大-南京,2023-06-16,9862
2455,全新,19,0,19,元大-南京,2023-06-16,9862
6189,豐藝,18,0,18,元大-南京,2023-06-16,9862
4906,正文,18,1,17,元大-南京,2023-06-16,9862
3017,奇鋐,25,9,16,元大-南京,2023-06-16,9862
2303,聯電,32,16,16,元大-南京,2023-06-16,9862
2801,彰銀,15,0,15,元大-南京,2023-06-16,9862
2883,凱基金,27,12,15,元大-南京,2023-06-16,9862
2376,技嘉,58,44,14,元大-南京,2023-06-16,9862
00878,國泰永續高股息,29,15,14,元大-南京,2023-06-16,9862
4128,中天,14,0,14,元大-南京,2023-06-16,9862
2352,佳世達,15,1,14,元大-南京,2023-06-16,9862
2882,國泰金,13,0,13,元大-南京,2023-06-16,9862
6016,康和證,13,0,13,元大-南京,2023-06-16,9862
3481,群創,1123,427,696,元大-南京,2023-06-19,9862
00640L,富邦日本正2,381,0,381,元大-南京,2023-06-19,9862
1609,大亞,265,6,259,元大-南京,2023-06-19,9862
2489,瑞軒,114,2,112,元大-南京,2023-06-19,9862
8069,元太,107,1,106,元大-南京,2023-06-19,9862
4979,華星光,90,4,86,元大-南京,2023-06-19,9862
00753L,中信中國50正2,74,0,74,元大-南京,2023-06-19,9862
6116,彩晶,92,31,61,元大-南京,2023-06-19,9862
00665L,富邦�琤肭磪囓�2,49,0,49,元大-南京,2023-06-19,9862
2324,仁寶,58,14,44,元大-南京,2023-06-19,9862
4533,協易機,40,0,40,元大-南京,2023-06-19,9862
2478,大毅,40,0,40,元大-南京,2023-06-19,9862
2301,光寶科,41,3,38,元大-南京,2023-06-19,9862
1218,泰山,37,0,37,元大-南京,2023-06-19,9862
2385,群光,37,0,37,元大-南京,2023-06-19,9862
2609,陽明,44,7,37,元大-南京,2023-06-19,9862
2405,輔信,36,0,36,元大-南京,2023-06-19,9862
4726,永昕,46,10,36,元大-南京,2023-06-19,9862
2882,國泰金,35,1,34,元大-南京,2023-06-19,9862
00637L,元大滬深300正2,84,52,32,元大-南京,2023-06-19,9862
00919,群益台灣精選高息,41,10,31,元大-南京,2023-06-19,9862
8446,華研,30,0,30,元大-南京,2023-06-19,9862
3548,兆利,30,0,30,元大-南京,2023-06-19,9862
3706,神達,41,17,24,元大-南京,2023-06-19,9862
2887,台新金,22,0,22,元大-南京,2023-06-19,9862
1402,遠東新,22,0,22,元大-南京,2023-06-19,9862
2356,英業達,42,21,21,元大-南京,2023-06-19,9862
1605,華新,62,41,21,元大-南京,2023-06-19,9862
3704,合勤控,20,0,20,元大-南京,2023-06-19,9862
1760,寶齡富錦,20,0,20,元大-南京,2023-06-19,9862
5328,華容,20,0,20,元大-南京,2023-06-19,9862
00664R,國泰臺灣加權反1,20,0,20,元大-南京,2023-06-19,9862
1308,亞聚,19,0,19,元大-南京,2023-06-19,9862
3374,精材,21,2,19,元大-南京,2023-06-19,9862
4967,十銓,68,50,18,元大-南京,2023-06-19,9862
1810,和成,32,14,18,元大-南京,2023-06-19,9862
6477,安集,18,0,18,元大-南京,2023-06-19,9862
00712,復華富時不動產,18,0,18,元大-南京,2023-06-19,9862
2376,技嘉,27,10,17,元大-南京,2023-06-19,9862
2421,建準,30,14,16,元大-南京,2023-06-19,9862
4906,正文,20,4,16,元大-南京,2023-06-19,9862
1905,華紙,17,1,16,元大-南京,2023-06-19,9862
1313,聯成,16,0,16,元大-南京,2023-06-19,9862
6235,華孚,37,21,16,元大-南京,2023-06-19,9862
3479,安勤,15,0,15,元大-南京,2023-06-19,9862
00929,復華台灣科技優息,15,0,15,元大-南京,2023-06-19,9862
1301,台塑,14,0,14,元大-南京,2023-06-19,9862
6285,啟��,21,7,14,元大-南京,2023-06-19,9862
4541,晟田,25,11,14,元大-南京,2023-06-19,9862
4804,大略-KY,14,0,14,元大-南京,2023-06-19,9862
2371,大同,391,141,250,元大-南京,2023-06-20,9862
00632R,元大台灣50反1,255,8,247,元大-南京,2023-06-20,9862
2312,金寶,178,11,167,元大-南京,2023-06-20,9862
3035,智原,211,52,159,元大-南京,2023-06-20,9862
2382,廣達,168,17,151,元大-南京,2023-06-20,9862
3481,群創,154,29,125,元大-南京,2023-06-20,9862
2610,華航,224,121,103,元大-南京,2023-06-20,9862
1609,大亞,108,6,102,元大-南京,2023-06-20,9862
00637L,元大滬深300正2,90,9,81,元大-南京,2023-06-20,9862
00680L,元大美債20正2,77,0,77,元大-南京,2023-06-20,9862
6116,彩晶,76,1,75,元大-南京,2023-06-20,9862
1313,聯成,54,0,54,元大-南京,2023-06-20,9862
4967,十銓,71,29,42,元大-南京,2023-06-20,9862
3014,聯陽,41,0,41,元大-南京,2023-06-20,9862
00929,復華台灣科技優息,42,3,39,元大-南京,2023-06-20,9862
3693,營邦,41,7,34,元大-南京,2023-06-20,9862
00715L,期街口布蘭特正2,50,17,33,元大-南京,2023-06-20,9862
2331,精英,30,0,30,元大-南京,2023-06-20,9862
1532,勤美,30,0,30,元大-南京,2023-06-20,9862
3704,合勤控,30,1,29,元大-南京,2023-06-20,9862
2468,華經,52,23,29,元大-南京,2023-06-20,9862
5465,富驊,34,6,28,元大-南京,2023-06-20,9862
2332,友訊,25,0,25,元大-南京,2023-06-20,9862
0056,元大高股息,127,103,24,元大-南京,2023-06-20,9862
00881,國泰台灣5G+,27,4,23,元大-南京,2023-06-20,9862
2409,友達,54,31,23,元大-南京,2023-06-20,9862
2485,兆赫,23,0,23,元大-南京,2023-06-20,9862
8222,寶一,36,14,22,元大-南京,2023-06-20,9862
2356,英業達,34,13,21,元大-南京,2023-06-20,9862
6147,頎邦,21,0,21,元大-南京,2023-06-20,9862
2352,佳世達,24,3,21,元大-南京,2023-06-20,9862
6217,中探針,20,0,20,元大-南京,2023-06-20,9862
5328,華容,20,0,20,元大-南京,2023-06-20,9862
3217,優群,24,4,20,元大-南京,2023-06-20,9862
1442,名軒,18,0,18,元大-南京,2023-06-20,9862
5009,榮剛,28,11,17,元大-南京,2023-06-20,9862
3356,奇偶,16,0,16,元大-南京,2023-06-20,9862
3003,健和興,15,0,15,元大-南京,2023-06-20,9862
2739,寒舍,19,4,15,元大-南京,2023-06-20,9862
2630,亞航,21,6,15,元大-南京,2023-06-20,9862
4566,時碩工業,14,0,14,元大-南京,2023-06-20,9862
5425,台半,17,4,13,元大-南京,2023-06-20,9862
6109,亞元,13,0,13,元大-南京,2023-06-20,9862
2889,國票金,13,0,13,元大-南京,2023-06-20,9862
1783,和康生,14,1,13,元大-南京,2023-06-20,9862
2454,聯發科,25,12,13,元大-南京,2023-06-20,9862
6282,康舒,14,2,12,元大-南京,2023-06-20,9862
1584,精剛,12,0,12,元大-南京,2023-06-20,9862
8069,元太,16,5,11,元大-南京,2023-06-20,9862
2104,國際中橡,12,0,12,元大-南京,2023-06-20,9862
2468,華經,192,14,178,元大-南京,2023-06-21,9862
1471,首利,106,5,101,元大-南京,2023-06-21,9862
2314,台揚,100,0,100,元大-南京,2023-06-21,9862
2340,台亞,114,28,86,元大-南京,2023-06-21,9862
1589,永冠-KY,85,2,83,元大-南京,2023-06-21,9862
3036,文曄,67,0,67,元大-南京,2023-06-21,9862
3665,貿聯-KY,106,39,67,元大-南京,2023-06-21,9862
00753L,中信中國50正2,52,0,52,元大-南京,2023-06-21,9862
2634,漢翔,71,34,37,元大-南京,2023-06-21,9862
3702,大聯大,35,0,35,元大-南京,2023-06-21,9862
3363,上詮,50,17,33,元大-南京,2023-06-21,9862
8064,東捷,30,0,30,元大-南京,2023-06-21,9862
4916,事欣科,75,45,30,元大-南京,2023-06-21,9862
6243,迅杰,25,0,25,元大-南京,2023-06-21,9862
2337,旺宏,24,0,24,元大-南京,2023-06-21,9862
6235,華孚,31,7,24,元大-南京,2023-06-21,9862
5328,華容,24,0,24,元大-南京,2023-06-21,9862
00878,國泰永續高股息,44,21,23,元大-南京,2023-06-21,9862
3014,聯陽,24,1,23,元大-南京,2023-06-21,9862
1314,中石化,22,0,22,元大-南京,2023-06-21,9862
1605,華新,29,7,22,元大-南京,2023-06-21,9862
2609,陽明,48,28,20,元大-南京,2023-06-21,9862
2888,新光金,79,60,19,元大-南京,2023-06-21,9862
1101,台泥,20,1,19,元大-南京,2023-06-21,9862
2330,台積電,19,1,18,元大-南京,2023-06-21,9862
2303,聯電,49,32,17,元大-南京,2023-06-21,9862
3013,晟銘電,38,21,17,元大-南京,2023-06-21,9862
2385,群光,17,0,17,元大-南京,2023-06-21,9862
1217,愛之味,20,3,17,元大-南京,2023-06-21,9862
2454,聯發科,29,14,15,元大-南京,2023-06-21,9862
2485,兆赫,15,0,15,元大-南京,2023-06-21,9862
8210,勤誠,25,10,15,元大-南京,2023-06-21,9862
6282,康舒,22,8,14,元大-南京,2023-06-21,9862
3093,港建*,14,0,14,元大-南京,2023-06-21,9862
1727,中華化,15,1,14,元大-南京,2023-06-21,9862
5905,南仁湖,20,6,14,元大-南京,2023-06-21,9862
8076,伍豐,28,14,14,元大-南京,2023-06-21,9862
2413,環科,13,1,12,元大-南京,2023-06-21,9862
2230,泰茂,13,1,12,元大-南京,2023-06-21,9862
5871,中租-KY,12,0,12,元大-南京,2023-06-21,9862
2743,山富,11,0,11,元大-南京,2023-06-21,9862
00673R,期元大S＆P原油反1,11,0,11,元大-南京,2023-06-21,9862
4108,懷特,11,0,11,元大-南京,2023-06-21,9862
2801,彰銀,11,0,11,元大-南京,2023-06-21,9862
2498,宏達電,10,0,10,元大-南京,2023-06-21,9862
2739,寒舍,31,21,10,元大-南京,2023-06-21,9862
2033,佳大,10,0,10,元大-南京,2023-06-21,9862
00637L,元大滬深300正2,45,35,10,元大-南京,2023-06-21,9862
2367,燿華,10,0,10,元大-南京,2023-06-21,9862
8358,金居,25,16,9,元大-南京,2023-06-21,9862
00885,富邦越南,203,1,202,元大-南京,2023-06-26,9862
2340,台亞,176,17,159,元大-南京,2023-06-26,9862
2371,大同,162,57,105,元大-南京,2023-06-26,9862
4916,事欣科,102,12,90,元大-南京,2023-06-26,9862
00687B,國泰20年美債,82,0,82,元大-南京,2023-06-26,9862
00637L,元大滬深300正2,84,8,76,元大-南京,2023-06-26,9862
1605,華新,63,3,60,元大-南京,2023-06-26,9862
8936,國統,51,3,48,元大-南京,2023-06-26,9862
1101,台泥,42,1,41,元大-南京,2023-06-26,9862
2059,川湖,42,2,40,元大-南京,2023-06-26,9862
1504,東元,49,15,34,元大-南京,2023-06-26,9862
2409,友達,36,3,33,元大-南京,2023-06-26,9862
6282,康舒,40,7,33,元大-南京,2023-06-26,9862
00772B,中信高評級公司債,33,3,30,元大-南京,2023-06-26,9862
8064,東捷,30,0,30,元大-南京,2023-06-26,9862
1532,勤美,25,0,25,元大-南京,2023-06-26,9862
3693,營邦,29,6,23,元大-南京,2023-06-26,9862
8011,台通,23,0,23,元大-南京,2023-06-26,9862
2330,台積電,23,1,22,元大-南京,2023-06-26,9862
2405,輔信,23,1,22,元大-南京,2023-06-26,9862
2331,精英,26,5,21,元大-南京,2023-06-26,9862
4543,萬在,48,27,21,元大-南京,2023-06-26,9862
3231,緯創,308,287,21,元大-南京,2023-06-26,9862
2884,玉山金,20,0,20,元大-南京,2023-06-26,9862
4931,新盛力,22,2,20,元大-南京,2023-06-26,9862
00632R,元大台灣50反1,20,0,20,元大-南京,2023-06-26,9862
00929,復華台灣科技優息,19,0,19,元大-南京,2023-06-26,9862
00715L,期街口布蘭特正2,28,10,18,元大-南京,2023-06-26,9862
1337,再生-KY,23,5,18,元大-南京,2023-06-26,9862
2354,鴻準,22,4,18,元大-南京,2023-06-26,9862
2457,飛宏,23,6,17,元大-南京,2023-06-26,9862
2352,佳世達,18,1,17,元大-南京,2023-06-26,9862
3363,上詮,101,84,17,元大-南京,2023-06-26,9862
1533,車王電,32,15,17,元大-南京,2023-06-26,9862
2308,台達電,41,24,17,元大-南京,2023-06-26,9862
00661,元大日經225,15,0,15,元大-南京,2023-06-26,9862
00712,復華富時不動產,14,0,14,元大-南京,2023-06-26,9862
4938,和碩,17,4,13,元大-南京,2023-06-26,9862
3380,明泰,13,0,13,元大-南京,2023-06-26,9862
1802,台玻,25,12,13,元大-南京,2023-06-26,9862
2485,兆赫,13,0,13,元大-南京,2023-06-26,9862
2442,新美齊,15,2,13,元大-南京,2023-06-26,9862
6116,彩晶,14,2,12,元大-南京,2023-06-26,9862
3706,神達,49,37,12,元大-南京,2023-06-26,9862
1301,台塑,15,4,11,元大-南京,2023-06-26,9862
2385,群光,11,0,11,元大-南京,2023-06-26,9862
3234,光環,18,7,11,元大-南京,2023-06-26,9862
8446,華研,11,0,11,元大-南京,2023-06-26,9862
2528,皇普,11,0,11,元大-南京,2023-06-26,9862
4123,晟德,10,0,10,元大-南京,2023-06-26,9862
2312,金寶,220,0,220,元大-南京,2023-06-27,9862
3711,日月光投控,114,6,108,元大-南京,2023-06-27,9862
2408,南亞科,101,3,98,元大-南京,2023-06-27,9862
8936,國統,93,1,92,元大-南京,2023-06-27,9862
1471,首利,110,20,90,元大-南京,2023-06-27,9862
9921,巨大,80,5,75,元大-南京,2023-06-27,9862
2303,聯電,78,6,72,元大-南京,2023-06-27,9862
2323,中環,83,22,61,元大-南京,2023-06-27,9862
3297,杭特,59,0,59,元大-南京,2023-06-27,9862
1907,永豐餘,67,10,57,元大-南京,2023-06-27,9862
2409,友達,61,6,55,元大-南京,2023-06-27,9862
1710,東聯,56,2,54,元大-南京,2023-06-27,9862
1314,中石化,52,0,52,元大-南京,2023-06-27,9862
00706L,期元大S＆P日圓正2,50,0,50,元大-南京,2023-06-27,9862
8213,志超,39,0,39,元大-南京,2023-06-27,9862
6188,廣明,84,49,35,元大-南京,2023-06-27,9862
1301,台塑,36,1,35,元大-南京,2023-06-27,9862
2457,飛宏,43,11,32,元大-南京,2023-06-27,9862
3481,群創,56,26,30,元大-南京,2023-06-27,9862
2359,所羅門,30,0,30,元大-南京,2023-06-27,9862
3231,緯創,309,280,29,元大-南京,2023-06-27,9862
00929,復華台灣科技優息,29,0,29,元大-南京,2023-06-27,9862
3702A,大聯大甲特,30,1,29,元大-南京,2023-06-27,9862
2888,新光金,34,6,28,元大-南京,2023-06-27,9862
6741,91APP*-KY,26,1,25,元大-南京,2023-06-27,9862
4108,懷特,25,0,25,元大-南京,2023-06-27,9862
2344,華邦電,31,8,23,元大-南京,2023-06-27,9862
2059,川湖,24,2,22,元大-南京,2023-06-27,9862
2890,永豐金,22,0,22,元大-南京,2023-06-27,9862
2607,榮運,20,0,20,元大-南京,2023-06-27,9862
4931,新盛力,40,20,20,元大-南京,2023-06-27,9862
6116,彩晶,24,4,20,元大-南京,2023-06-27,9862
1605,華新,27,10,17,元大-南京,2023-06-27,9862
8072,陞泰,28,11,17,元大-南京,2023-06-27,9862
2353,宏��,18,2,16,元大-南京,2023-06-27,9862
3022,威強電,18,2,16,元大-南京,2023-06-27,9862
6217,中探針,16,0,16,元大-南京,2023-06-27,9862
1760,寶齡富錦,23,8,15,元大-南京,2023-06-27,9862
3356,奇偶,84,71,13,元大-南京,2023-06-27,9862
2885,元大金,13,0,13,元大-南京,2023-06-27,9862
1785,光洋科,17,4,13,元大-南京,2023-06-27,9862
2352,佳世達,30,17,13,元大-南京,2023-06-27,9862
5230,雷笛克光學,13,0,13,元大-南京,2023-06-27,9862
9105,泰金寶-DR,15,2,13,元大-南京,2023-06-27,9862
3033,威健,12,0,12,元大-南京,2023-06-27,9862
3707,漢磊,25,13,12,元大-南京,2023-06-27,9862
8926,台汽電,12,0,12,元大-南京,2023-06-27,9862
1905,華紙,26,15,11,元大-南京,2023-06-27,9862
8068,全達,11,0,11,元大-南京,2023-06-27,9862
3038,全台,90,79,11,元大-南京,2023-06-27,9862
00706L,期元大S＆P日圓正2,1004,0,1004,元大-南京,2023-06-28,9862
6116,彩晶,426,34,392,元大-南京,2023-06-28,9862
00632R,元大台灣50反1,300,0,300,元大-南京,2023-06-28,9862
00715L,期街口布蘭特正2,221,0,221,元大-南京,2023-06-28,9862
6111,大宇資,207,17,190,元大-南京,2023-06-28,9862
1605,華新,183,18,165,元大-南京,2023-06-28,9862
2371,大同,195,83,112,元大-南京,2023-06-28,9862
3035,智原,111,11,100,元大-南京,2023-06-28,9862
1533,車王電,96,2,94,元大-南京,2023-06-28,9862
3481,群創,121,37,84,元大-南京,2023-06-28,9862
4533,協易機,75,5,70,元大-南京,2023-06-28,9862
1101,台泥,66,4,62,元大-南京,2023-06-28,9862
00665L,富邦�琤肭磪囓�2,66,5,61,元大-南京,2023-06-28,9862
2405,輔信,71,16,55,元大-南京,2023-06-28,9862
2888,新光金,57,3,54,元大-南京,2023-06-28,9862
8936,國統,50,0,50,元大-南京,2023-06-28,9862
2489,瑞軒,50,2,48,元大-南京,2023-06-28,9862
6125,廣運,42,1,41,元大-南京,2023-06-28,9862
2603,長榮,47,8,39,元大-南京,2023-06-28,9862
9105,泰金寶-DR,50,15,35,元大-南京,2023-06-28,9862
3702A,大聯大甲特,31,0,31,元大-南京,2023-06-28,9862
5009,榮剛,37,7,30,元大-南京,2023-06-28,9862
2409,友達,30,4,26,元大-南京,2023-06-28,9862
1513,中興電,35,10,25,元大-南京,2023-06-28,9862
3044,健鼎,26,2,24,元大-南京,2023-06-28,9862
2353,宏��,51,29,22,元大-南京,2023-06-28,9862
1301,台塑,28,7,21,元大-南京,2023-06-28,9862
1303,南亞,23,2,21,元大-南京,2023-06-28,9862
00751B,元大AAA至A公司債,22,1,21,元大-南京,2023-06-28,9862
00674R,期元大S＆P黃金反1,21,0,21,元大-南京,2023-06-28,9862
1799,易威,21,0,21,元大-南京,2023-06-28,9862
2883,凱基金,20,0,20,元大-南京,2023-06-28,9862
1504,東元,30,14,16,元大-南京,2023-06-28,9862
00893,國泰智能電動車,21,6,15,元大-南京,2023-06-28,9862
2328,廣宇,25,10,15,元大-南京,2023-06-28,9862
8150,南茂,16,1,15,元大-南京,2023-06-28,9862
2428,興勤,15,0,15,元大-南京,2023-06-28,9862
5425,台半,39,25,14,元大-南京,2023-06-28,9862
4726,永昕,14,0,14,元大-南京,2023-06-28,9862
00679B,元大美債20年,12,0,12,元大-南京,2023-06-28,9862
2885,元大金,12,1,11,元大-南京,2023-06-28,9862
6180,橘子,11,0,11,元大-南京,2023-06-28,9862
00919,群益台灣精選高息,11,0,11,元大-南京,2023-06-28,9862
3217,優群,11,0,11,元大-南京,2023-06-28,9862
2303,聯電,18,7,11,元大-南京,2023-06-28,9862
00670L,富邦NASDAQ正2,14,4,10,元大-南京,2023-06-28,9862
0056,元大高股息,10,0,10,元大-南京,2023-06-28,9862
00676R,富邦臺灣加權反1,10,0,10,元大-南京,2023-06-28,9862
3444,利機,10,0,10,元大-南京,2023-06-28,9862
2344,華邦電,16,6,10,元大-南京,2023-06-28,9862
3481,群創,402,35,367,元大-南京,2023-06-29,9862
3207,耀勝,225,62,163,元大-南京,2023-06-29,9862
4979,華星光,161,37,124,元大-南京,2023-06-29,9862
2610,華航,115,18,97,元大-南京,2023-06-29,9862
2382,廣達,114,26,88,元大-南京,2023-06-29,9862
2890,永豐金,105,25,80,元大-南京,2023-06-29,9862
5607,遠雄港,70,0,70,元大-南京,2023-06-29,9862
1533,車王電,87,18,69,元大-南京,2023-06-29,9862
2353,宏��,61,2,59,元大-南京,2023-06-29,9862
2888,新光金,57,0,57,元大-南京,2023-06-29,9862
4414,如興,52,1,51,元大-南京,2023-06-29,9862
4746,台耀,54,4,50,元大-南京,2023-06-29,9862
2736,富野,47,2,45,元大-南京,2023-06-29,9862
4121,優盛,53,12,41,元大-南京,2023-06-29,9862
4763,材料-KY,73,38,35,元大-南京,2023-06-29,9862
00706L,期元大S＆P日圓正2,34,0,34,元大-南京,2023-06-29,9862
2885,元大金,35,1,34,元大-南京,2023-06-29,9862
2419,仲琦,69,36,33,元大-南京,2023-06-29,9862
3005,神基,43,14,29,元大-南京,2023-06-29,9862
00712,復華富時不動產,28,0,28,元大-南京,2023-06-29,9862
3706,神達,41,13,28,元大-南京,2023-06-29,9862
2331,精英,35,10,25,元大-南京,2023-06-29,9862
3035,智原,63,42,21,元大-南京,2023-06-29,9862
00676R,富邦臺灣加權反1,20,0,20,元大-南京,2023-06-29,9862
00788B,元大10年IG電能債,20,0,20,元大-南京,2023-06-29,9862
6578,達邦蛋白,20,0,20,元大-南京,2023-06-29,9862
8446,華研,20,0,20,元大-南京,2023-06-29,9862
8936,國統,20,0,20,元大-南京,2023-06-29,9862
9105,泰金寶-DR,20,0,20,元大-南京,2023-06-29,9862
2303,聯電,21,1,20,元大-南京,2023-06-29,9862
4155,訊映,22,3,19,元大-南京,2023-06-29,9862
4120,友華,43,24,19,元大-南京,2023-06-29,9862
6741,91APP*-KY,32,13,19,元大-南京,2023-06-29,9862
1605,華新,68,51,17,元大-南京,2023-06-29,9862
6153,嘉聯益,27,11,16,元大-南京,2023-06-29,9862
4142,國光生,15,0,15,元大-南京,2023-06-29,9862
2883,凱基金,17,3,14,元大-南京,2023-06-29,9862
6841,長佳智能,15,1,14,元大-南京,2023-06-29,9862
2332,友訊,15,3,12,元大-南京,2023-06-29,9862
2906,高林,12,0,12,元大-南京,2023-06-29,9862
2882,國泰金,12,0,12,元大-南京,2023-06-29,9862
2454,聯發科,11,0,11,元大-南京,2023-06-29,9862
3013,晟銘電,14,3,11,元大-南京,2023-06-29,9862
4931,新盛力,23,12,11,元大-南京,2023-06-29,9862
4148,全宇生技-KY,11,0,11,元大-南京,2023-06-29,9862
2312,金寶,22,11,11,元大-南京,2023-06-29,9862
2609,陽明,37,27,10,元大-南京,2023-06-29,9862
1709,和益,10,0,10,元大-南京,2023-06-29,9862
8110,華東,10,0,10,元大-南京,2023-06-29,9862
00673R,期元大S＆P原油反1,10,0,10,元大-南京,2023-06-29,9862
3207,耀勝,336,30,306,元大-南京,2023-06-30,9862
3481,群創,154,2,152,元大-南京,2023-06-30,9862
2603,長榮,209,83,126,元大-南京,2023-06-30,9862
2408,南亞科,105,0,105,元大-南京,2023-06-30,9862
6142,友勁,100,0,100,元大-南京,2023-06-30,9862
4967,十銓,71,2,69,元大-南京,2023-06-30,9862
2882,國泰金,68,0,68,元大-南京,2023-06-30,9862
2344,華邦電,85,18,67,元大-南京,2023-06-30,9862
2353,宏��,58,2,56,元大-南京,2023-06-30,9862
4533,協易機,66,10,56,元大-南京,2023-06-30,9862
4979,華星光,78,31,47,元大-南京,2023-06-30,9862
2609,陽明,90,46,44,元大-南京,2023-06-30,9862
1605,華新,63,25,38,元大-南京,2023-06-30,9862
6585,鼎基,46,9,37,元大-南京,2023-06-30,9862
2883,凱基金,45,10,35,元大-南京,2023-06-30,9862
3231,緯創,145,120,25,元大-南京,2023-06-30,9862
00712,復華富時不動產,25,0,25,元大-南京,2023-06-30,9862
3356,奇偶,41,16,25,元大-南京,2023-06-30,9862
2885,元大金,25,2,23,元大-南京,2023-06-30,9862
4744,皇將,23,0,23,元大-南京,2023-06-30,9862
1301,台塑,23,0,23,元大-南京,2023-06-30,9862
00878,國泰永續高股息,38,16,22,元大-南京,2023-06-30,9862
2610,華航,72,50,22,元大-南京,2023-06-30,9862
4148,全宇生技-KY,21,0,21,元大-南京,2023-06-30,9862
1460,宏遠,20,0,20,元大-南京,2023-06-30,9862
2887,台新金,18,0,18,元大-南京,2023-06-30,9862
00680L,元大美債20正2,98,80,18,元大-南京,2023-06-30,9862
6282,康舒,29,13,16,元大-南京,2023-06-30,9862
00679B,元大美債20年,16,0,16,元大-南京,2023-06-30,9862
2455,全新,15,0,15,元大-南京,2023-06-30,9862
1477,聚陽,24,9,15,元大-南京,2023-06-30,9862
00885,富邦越南,16,1,15,元大-南京,2023-06-30,9862
2880,華南金,15,0,15,元大-南京,2023-06-30,9862
8105,凌巨,20,5,15,元大-南京,2023-06-30,9862
2536,宏普,15,1,14,元大-南京,2023-06-30,9862
8086,宏捷科,14,1,13,元大-南京,2023-06-30,9862
1455,集盛,15,2,13,元大-南京,2023-06-30,9862
2845,遠東銀,13,0,13,元大-南京,2023-06-30,9862
2208,台船,21,8,13,元大-南京,2023-06-30,9862
6217,中探針,13,0,13,元大-南京,2023-06-30,9862
3011,今皓,13,1,12,元大-南京,2023-06-30,9862
3045,台灣大,12,0,12,元大-南京,2023-06-30,9862
3260,威剛,14,3,11,元大-南京,2023-06-30,9862
00640L,富邦日本正2,11,0,11,元大-南京,2023-06-30,9862
1215,卜蜂,12,1,11,元大-南京,2023-06-30,9862
2409,友達,37,27,10,元大-南京,2023-06-30,9862
2485,兆赫,10,0,10,元大-南京,2023-06-30,9862
3583,辛耘,11,1,10,元大-南京,2023-06-30,9862
5530,龍巖,10,0,10,元大-南京,2023-06-30,9862
5531,鄉林,12,2,10,元大-南京,2023-06-30,9862
2834,臺企銀,200,0,200,元大-南京,2023-07-03,9862
2408,南亞科,101,0,101,元大-南京,2023-07-03,9862
3576,聯合再生,101,0,101,元大-南京,2023-07-03,9862
6235,華孚,82,1,81,元大-南京,2023-07-03,9862
1304,台聚,80,8,72,元大-南京,2023-07-03,9862
2308,台達電,107,38,69,元大-南京,2023-07-03,9862
00929,復華台灣科技優息,62,1,61,元大-南京,2023-07-03,9862
2409,友達,62,9,53,元大-南京,2023-07-03,9862
6005,群益證,50,0,50,元大-南京,2023-07-03,9862
3231,緯創,139,90,49,元大-南京,2023-07-03,9862
3481,群創,52,4,48,元大-南京,2023-07-03,9862
2382,廣達,140,95,45,元大-南京,2023-07-03,9862
4979,華星光,54,9,45,元大-南京,2023-07-03,9862
00632R,元大台灣50反1,365,320,45,元大-南京,2023-07-03,9862
5258,虹堡,44,2,42,元大-南京,2023-07-03,9862
5907,大洋-KY,40,0,40,元大-南京,2023-07-03,9862
3207,耀勝,126,86,40,元大-南京,2023-07-03,9862
00676R,富邦臺灣加權反1,40,0,40,元大-南京,2023-07-03,9862
4157,太景*-KY,35,0,35,元大-南京,2023-07-03,9862
2303,聯電,36,1,35,元大-南京,2023-07-03,9862
1477,聚陽,34,7,27,元大-南京,2023-07-03,9862
2340,台亞,26,0,26,元大-南京,2023-07-03,9862
8422,可寧衛,25,0,25,元大-南京,2023-07-03,9862
3693,營邦,28,5,23,元大-南京,2023-07-03,9862
3044,健鼎,25,2,23,元大-南京,2023-07-03,9862
1795,美時,25,4,21,元大-南京,2023-07-03,9862
2323,中環,20,0,20,元大-南京,2023-07-03,9862
2882,國泰金,19,0,19,元大-南京,2023-07-03,9862
4973,廣穎,21,2,19,元大-南京,2023-07-03,9862
00654R,富邦印度反1,18,0,18,元大-南京,2023-07-03,9862
4532,瑞智,51,33,18,元大-南京,2023-07-03,9862
8240,華宏,20,3,17,元大-南京,2023-07-03,9862
4743,合一,23,7,16,元大-南京,2023-07-03,9862
6206,飛捷,15,0,15,元大-南京,2023-07-03,9862
1471,首利,20,5,15,元大-南京,2023-07-03,9862
3515,華擎,18,4,14,元大-南京,2023-07-03,9862
00712,復華富時不動產,17,4,13,元大-南京,2023-07-03,9862
020022,元大電動車N,13,0,13,元大-南京,2023-07-03,9862
00893,國泰智能電動車,21,8,13,元大-南京,2023-07-03,9862
6243,迅杰,16,3,13,元大-南京,2023-07-03,9862
0056,元大高股息,56,44,12,元大-南京,2023-07-03,9862
3128,昇銳,12,0,12,元大-南京,2023-07-03,9862
020038,元大ESG配息N,12,0,12,元大-南京,2023-07-03,9862
2702,華園,12,0,12,元大-南京,2023-07-03,9862
6679,鈺太,14,2,12,元大-南京,2023-07-03,9862
4906,正文,41,30,11,元大-南京,2023-07-03,9862
4908,前鼎,11,0,11,元大-南京,2023-07-03,9862
00753L,中信中國50正2,11,0,11,元大-南京,2023-07-03,9862
00927,群益半導體收益,10,0,10,元大-南京,2023-07-03,9862
5434,崇越,10,0,10,元大-南京,2023-07-03,9862
2603,長榮,622,193,429,元大-南京,2023-07-04,9862
2382,廣達,260,87,173,元大-南京,2023-07-04,9862
00929,復華台灣科技優息,127,0,127,元大-南京,2023-07-04,9862
2330,台積電,95,3,92,元大-南京,2023-07-04,9862
0056,元大高股息,128,40,88,元大-南京,2023-07-04,9862
2301,光寶科,99,13,86,元大-南京,2023-07-04,9862
3051,力特,70,0,70,元大-南京,2023-07-04,9862
00673R,期元大S＆P原油反1,60,0,60,元大-南京,2023-07-04,9862
6235,華孚,54,0,54,元大-南京,2023-07-04,9862
2834,臺企銀,101,50,51,元大-南京,2023-07-04,9862
2317,鴻海,55,11,44,元大-南京,2023-07-04,9862
9958,世紀鋼,93,52,41,元大-南京,2023-07-04,9862
6112,邁達特,81,42,39,元大-南京,2023-07-04,9862
4726,永昕,33,0,33,元大-南京,2023-07-04,9862
2344,華邦電,38,6,32,元大-南京,2023-07-04,9862
00676R,富邦臺灣加權反1,30,0,30,元大-南京,2023-07-04,9862
2332,友訊,30,0,30,元大-南京,2023-07-04,9862
4763,材料-KY,52,23,29,元大-南京,2023-07-04,9862
8271,宇瞻,29,0,29,元大-南京,2023-07-04,9862
3207,耀勝,26,0,26,元大-南京,2023-07-04,9862
3711,日月光投控,50,25,25,元大-南京,2023-07-04,9862
1504,東元,27,4,23,元大-南京,2023-07-04,9862
2376,技嘉,58,36,22,元大-南京,2023-07-04,9862
1301,台塑,23,1,22,元大-南京,2023-07-04,9862
8028,昇陽半導體,21,0,21,元大-南京,2023-07-04,9862
00888,永豐台灣ESG,21,0,21,元大-南京,2023-07-04,9862
4979,華星光,39,19,20,元大-南京,2023-07-04,9862
1314,中石化,20,0,20,元大-南京,2023-07-04,9862
2889,國票金,20,0,20,元大-南京,2023-07-04,9862
2474,可成,20,0,20,元大-南京,2023-07-04,9862
00632R,元大台灣50反1,20,0,20,元大-南京,2023-07-04,9862
5426,振發,23,3,20,元大-南京,2023-07-04,9862
5530,龍巖,20,0,20,元大-南京,2023-07-04,9862
2615,萬海,72,53,19,元大-南京,2023-07-04,9862
8422,可寧衛,20,1,19,元大-南京,2023-07-04,9862
4157,太景*-KY,19,0,19,元大-南京,2023-07-04,9862
2885,元大金,18,0,18,元大-南京,2023-07-04,9862
1905,華紙,54,38,16,元大-南京,2023-07-04,9862
2323,中環,36,20,16,元大-南京,2023-07-04,9862
3715,定穎投控,26,12,14,元大-南京,2023-07-04,9862
6689,伊雲谷,15,1,14,元大-南京,2023-07-04,9862
2356,英業達,149,136,13,元大-南京,2023-07-04,9862
6719,力智,13,0,13,元大-南京,2023-07-04,9862
00753L,中信中國50正2,13,0,13,元大-南京,2023-07-04,9862
3163,波若威,23,10,13,元大-南京,2023-07-04,9862
3025,星通,50,37,13,元大-南京,2023-07-04,9862
3707,漢磊,13,1,12,元大-南京,2023-07-04,9862
1589,永冠-KY,12,0,12,元大-南京,2023-07-04,9862
1477,聚陽,14,2,12,元大-南京,2023-07-04,9862
2027,大成鋼,12,0,12,元大-南京,2023-07-04,9862
3481,群創,209,18,191,元大-南京,2023-07-05,9862
2603,長榮,195,23,172,元大-南京,2023-07-05,9862
4155,訊映,121,26,95,元大-南京,2023-07-05,9862
2356,英業達,123,34,89,元大-南京,2023-07-05,9862
3017,奇鋐,76,7,69,元大-南京,2023-07-05,9862
3231,緯創,150,84,66,元大-南京,2023-07-05,9862
2331,精英,66,2,64,元大-南京,2023-07-05,9862
2376,技嘉,83,25,58,元大-南京,2023-07-05,9862
1795,美時,56,6,50,元大-南京,2023-07-05,9862
4927,泰鼎-KY,51,3,48,元大-南京,2023-07-05,9862
00927,群益半導體收益,46,0,46,元大-南京,2023-07-05,9862
2609,陽明,112,67,45,元大-南京,2023-07-05,9862
2812,台中銀,38,0,38,元大-南京,2023-07-05,9862
2427,三商電,103,67,36,元大-南京,2023-07-05,9862
1101,台泥,40,12,28,元大-南京,2023-07-05,9862
00637L,元大滬深300正2,28,0,28,元大-南京,2023-07-05,9862
6203,海韻電,29,2,27,元大-南京,2023-07-05,9862
2736,富野,32,7,25,元大-南京,2023-07-05,9862
2369,菱生,25,1,24,元大-南京,2023-07-05,9862
3025,星通,38,14,24,元大-南京,2023-07-05,9862
6235,華孚,24,1,23,元大-南京,2023-07-05,9862
3162,精確,25,2,23,元大-南京,2023-07-05,9862
00725B,國泰投資級公司債,21,0,21,元大-南京,2023-07-05,9862
6274,台燿,25,5,20,元大-南京,2023-07-05,9862
8422,可寧衛,20,0,20,元大-南京,2023-07-05,9862
6125,廣運,22,3,19,元大-南京,2023-07-05,9862
00878,國泰永續高股息,19,0,19,元大-南京,2023-07-05,9862
1513,中興電,25,6,19,元大-南京,2023-07-05,9862
2206,三陽工業,18,1,17,元大-南京,2023-07-05,9862
1522,堤維西,21,4,17,元大-南京,2023-07-05,9862
2399,映泰,18,1,17,元大-南京,2023-07-05,9862
1605,華新,24,7,17,元大-南京,2023-07-05,9862
4763,材料-KY,36,19,17,元大-南京,2023-07-05,9862
1609,大亞,31,14,17,元大-南京,2023-07-05,9862
4979,華星光,32,16,16,元大-南京,2023-07-05,9862
2892,第一金,16,0,16,元大-南京,2023-07-05,9862
2317,鴻海,39,24,15,元大-南京,2023-07-05,9862
2883,凱基金,16,1,15,元大-南京,2023-07-05,9862
4919,新唐,25,10,15,元大-南京,2023-07-05,9862
6799,來頡,16,1,15,元大-南京,2023-07-05,9862
2010,春源,16,1,15,元大-南京,2023-07-05,9862
2393,億光,15,0,15,元大-南京,2023-07-05,9862
00673R,期元大S＆P原油反1,15,0,15,元大-南京,2023-07-05,9862
1504,東元,18,3,15,元大-南京,2023-07-05,9862
2402,毅嘉,71,57,14,元大-南京,2023-07-05,9862
8049,晶采,14,0,14,元大-南京,2023-07-05,9862
2330,台積電,14,1,13,元大-南京,2023-07-05,9862
1708,東鹼,13,0,13,元大-南京,2023-07-05,9862
1308,亞聚,13,0,13,元大-南京,2023-07-05,9862
3413,京鼎,13,0,13,元大-南京,2023-07-05,9862
2301,光寶科,248,3,245,元大-南京,2023-07-06,9862
2882,國泰金,222,9,213,元大-南京,2023-07-06,9862
8215,明基材,97,11,86,元大-南京,2023-07-06,9862
1314,中石化,78,0,78,元大-南京,2023-07-06,9862
00632R,元大台灣50反1,160,84,76,元大-南京,2023-07-06,9862
0056,元大高股息,76,2,74,元大-南京,2023-07-06,9862
00680L,元大美債20正2,79,10,69,元大-南京,2023-07-06,9862
5607,遠雄港,61,0,61,元大-南京,2023-07-06,9862
1303,南亞,61,4,57,元大-南京,2023-07-06,9862
6223,旺矽,58,1,57,元大-南京,2023-07-06,9862
4904,遠傳,55,0,55,元大-南京,2023-07-06,9862
2887,台新金,70,18,52,元大-南京,2023-07-06,9862
2618,長榮航,113,62,51,元大-南京,2023-07-06,9862
2331,精英,61,10,51,元大-南京,2023-07-06,9862
2317,鴻海,76,25,51,元大-南京,2023-07-06,9862
2885,元大金,58,10,48,元大-南京,2023-07-06,9862
2330,台積電,49,1,48,元大-南京,2023-07-06,9862
00673R,期元大S＆P原油反1,48,0,48,元大-南京,2023-07-06,9862
1442,名軒,50,3,47,元大-南京,2023-07-06,9862
3162,精確,45,5,40,元大-南京,2023-07-06,9862
2382,廣達,183,145,38,元大-南京,2023-07-06,9862
9904,寶成,36,0,36,元大-南京,2023-07-06,9862
3013,晟銘電,68,34,34,元大-南京,2023-07-06,9862
2891,中信金,67,33,34,元大-南京,2023-07-06,9862
00878,國泰永續高股息,42,8,34,元大-南京,2023-07-06,9862
2388,威盛,41,10,31,元大-南京,2023-07-06,9862
3051,力特,30,0,30,元大-南京,2023-07-06,9862
2883,凱基金,28,0,28,元大-南京,2023-07-06,9862
6111,大宇資,40,14,26,元大-南京,2023-07-06,9862
2201,裕隆,31,5,26,元大-南京,2023-07-06,9862
4960,誠美材,26,0,26,元大-南京,2023-07-06,9862
1301,台塑,26,1,25,元大-南京,2023-07-06,9862
00679B,元大美債20年,28,3,25,元大-南京,2023-07-06,9862
2340,台亞,240,216,24,元大-南京,2023-07-06,9862
2002,中鋼,26,2,24,元大-南京,2023-07-06,9862
2886,兆豐金,23,0,23,元大-南京,2023-07-06,9862
4927,泰鼎-KY,22,1,21,元大-南京,2023-07-06,9862
2352,佳世達,20,1,19,元大-南京,2023-07-06,9862
6235,華孚,20,1,19,元大-南京,2023-07-06,9862
9907,統一實,18,0,18,元大-南京,2023-07-06,9862
8048,德勝,31,13,18,元大-南京,2023-07-06,9862
3037,欣興,25,7,18,元大-南京,2023-07-06,9862
2880,華南金,17,0,17,元大-南京,2023-07-06,9862
4566,時碩工業,26,10,16,元大-南京,2023-07-06,9862
1591,駿吉-KY,18,2,16,元大-南京,2023-07-06,9862
6443,元晶,16,0,16,元大-南京,2023-07-06,9862
2881,富邦金,15,0,15,元大-南京,2023-07-06,9862
2323,中環,29,14,15,元大-南京,2023-07-06,9862
00751B,元大AAA至A公司債,15,1,14,元大-南京,2023-07-06,9862
3576,聯合再生,14,0,14,元大-南京,2023-07-06,9862
3481,群創,442,3,439,元大-南京,2023-07-07,9862
2888,新光金,239,0,239,元大-南京,2023-07-07,9862
6116,彩晶,205,0,205,元大-南京,2023-07-07,9862
1605,華新,144,18,126,元大-南京,2023-07-07,9862
2201,裕隆,130,7,123,元大-南京,2023-07-07,9862
00929,復華台灣科技優息,108,0,108,元大-南京,2023-07-07,9862
6546,正基,105,1,104,元大-南京,2023-07-07,9862
2312,金寶,207,105,102,元大-南京,2023-07-07,9862
6274,台燿,101,13,88,元大-南京,2023-07-07,9862
3231,緯創,177,114,63,元大-南京,2023-07-07,9862
2359,所羅門,62,2,60,元大-南京,2023-07-07,9862
00680L,元大美債20正2,53,0,53,元大-南京,2023-07-07,9862
00722B,群益投資級電信債,52,0,52,元大-南京,2023-07-07,9862
3005,神基,52,1,51,元大-南京,2023-07-07,9862
3689,湧德,51,1,50,元大-南京,2023-07-07,9862
1734,杏輝,50,0,50,元大-南京,2023-07-07,9862
4979,華星光,56,13,43,元大-南京,2023-07-07,9862
1304,台聚,49,9,40,元大-南京,2023-07-07,9862
00679B,元大美債20年,37,0,37,元大-南京,2023-07-07,9862
1314,中石化,36,0,36,元大-南京,2023-07-07,9862
2409,友達,41,7,34,元大-南京,2023-07-07,9862
4167,松瑞藥,30,1,29,元大-南京,2023-07-07,9862
00751B,元大AAA至A公司債,28,0,28,元大-南京,2023-07-07,9862
00772B,中信高評級公司債,28,0,28,元大-南京,2023-07-07,9862
0056,元大高股息,48,21,27,元大-南京,2023-07-07,9862
2353,宏��,26,0,26,元大-南京,2023-07-07,9862
1504,東元,36,11,25,元大-南京,2023-07-07,9862
3027,盛達,25,0,25,元大-南京,2023-07-07,9862
6138,茂達,24,0,24,元大-南京,2023-07-07,9862
00878,國泰永續高股息,34,12,22,元大-南京,2023-07-07,9862
5434,崇越,22,0,22,元大-南京,2023-07-07,9862
2340,台亞,105,84,21,元大-南京,2023-07-07,9862
4510,高鋒,22,1,21,元大-南京,2023-07-07,9862
1618,合機,20,0,20,元大-南京,2023-07-07,9862
8105,凌巨,30,10,20,元大-南京,2023-07-07,9862
2880,華南金,21,1,20,元大-南京,2023-07-07,9862
2887,台新金,21,2,19,元大-南京,2023-07-07,9862
00773B,中信優先金融債,19,0,19,元大-南京,2023-07-07,9862
5289,宜鼎,18,0,18,元大-南京,2023-07-07,9862
3030,德律,18,0,18,元大-南京,2023-07-07,9862
00673R,期元大S＆P原油反1,27,10,17,元大-南京,2023-07-07,9862
2891,中信金,19,2,17,元大-南京,2023-07-07,9862
2423,固緯,16,0,16,元大-南京,2023-07-07,9862
2002,中鋼,20,4,16,元大-南京,2023-07-07,9862
4934,太極,57,42,15,元大-南京,2023-07-07,9862
2317,鴻海,16,2,14,元大-南京,2023-07-07,9862
2344,華邦電,28,14,14,元大-南京,2023-07-07,9862
5439,高技,16,2,14,元大-南京,2023-07-07,9862
1301,台塑,14,1,13,元大-南京,2023-07-07,9862
4763,材料-KY,22,9,13,元大-南京,2023-07-07,9862
2603,長榮,475,21,454,元大-南京,2023-07-10,9862
00632R,元大台灣50反1,272,30,242,元大-南京,2023-07-10,9862
2201,裕隆,167,0,167,元大-南京,2023-07-10,9862
00645,富邦日本,103,0,103,元大-南京,2023-07-10,9862
00673R,期元大S＆P原油反1,95,0,95,元大-南京,2023-07-10,9862
00687B,國泰20年美債,81,0,81,元大-南京,2023-07-10,9862
6120,達運,92,17,75,元大-南京,2023-07-10,9862
2329,華泰,69,5,64,元大-南京,2023-07-10,9862
6016,康和證,84,21,63,元大-南京,2023-07-10,9862
3380,明泰,59,2,57,元大-南京,2023-07-10,9862
00679B,元大美債20年,63,9,54,元大-南京,2023-07-10,9862
00919,群益台灣精選高息,55,1,54,元大-南京,2023-07-10,9862
3711,日月光投控,53,0,53,元大-南京,2023-07-10,9862
2382,廣達,71,23,48,元大-南京,2023-07-10,9862
2610,華航,44,8,36,元大-南京,2023-07-10,9862
3162,精確,36,0,36,元大-南京,2023-07-10,9862
2359,所羅門,31,1,30,元大-南京,2023-07-10,9862
1711,永光,31,1,30,元大-南京,2023-07-10,9862
1532,勤美,29,0,29,元大-南京,2023-07-10,9862
00751B,元大AAA至A公司債,28,0,28,元大-南京,2023-07-10,9862
8210,勤誠,37,12,25,元大-南京,2023-07-10,9862
00664R,國泰臺灣加權反1,25,0,25,元大-南京,2023-07-10,9862
6679,鈺太,25,1,24,元大-南京,2023-07-10,9862
2303,聯電,23,1,22,元大-南京,2023-07-10,9862
1314,中石化,22,0,22,元大-南京,2023-07-10,9862
5258,虹堡,23,2,21,元大-南京,2023-07-10,9862
4726,永昕,20,0,20,元大-南京,2023-07-10,9862
1313,聯成,20,0,20,元大-南京,2023-07-10,9862
00661,元大日經225,20,0,20,元大-南京,2023-07-10,9862
3027,盛達,24,5,19,元大-南京,2023-07-10,9862
4532,瑞智,60,41,19,元大-南京,2023-07-10,9862
8121,越峰,20,1,19,元大-南京,2023-07-10,9862
2427,三商電,45,26,19,元大-南京,2023-07-10,9862
1304,台聚,20,1,19,元大-南京,2023-07-10,9862
3289,宜特,20,1,19,元大-南京,2023-07-10,9862
1101,台泥,19,0,19,元大-南京,2023-07-10,9862
1442,名軒,18,0,18,元大-南京,2023-07-10,9862
2884,玉山金,19,2,17,元大-南京,2023-07-10,9862
3231,緯創,170,154,16,元大-南京,2023-07-10,9862
1301,台塑,16,1,15,元大-南京,2023-07-10,9862
8462,柏文,15,0,15,元大-南京,2023-07-10,9862
3022,威強電,17,2,15,元大-南京,2023-07-10,9862
00929,復華台灣科技優息,55,40,15,元大-南京,2023-07-10,9862
2607,榮運,15,0,15,元大-南京,2023-07-10,9862
2885,元大金,21,6,15,元大-南京,2023-07-10,9862
6546,正基,14,0,14,元大-南京,2023-07-10,9862
2423,固緯,14,0,14,元大-南京,2023-07-10,9862
0056,元大高股息,39,26,13,元大-南京,2023-07-10,9862
00830,國泰費城半導體,14,1,13,元大-南京,2023-07-10,9862
2331,精英,13,0,13,元大-南京,2023-07-10,9862
2486,一詮,568,79,489,元大-南京,2023-07-11,9862
4414,如興,160,32,128,元大-南京,2023-07-11,9862
00673R,期元大S＆P原油反1,110,0,110,元大-南京,2023-07-11,9862
3622,洋華,66,5,61,元大-南京,2023-07-11,9862
1609,大亞,57,10,47,元大-南京,2023-07-11,9862
2340,台亞,157,114,43,元大-南京,2023-07-11,9862
2882,國泰金,45,2,43,元大-南京,2023-07-11,9862
2888,新光金,50,8,42,元大-南京,2023-07-11,9862
2201,裕隆,62,21,41,元大-南京,2023-07-11,9862
4931,新盛力,53,13,40,元大-南京,2023-07-11,9862
4527,方土霖,36,0,36,元大-南京,2023-07-11,9862
2359,所羅門,31,0,31,元大-南京,2023-07-11,9862
00680L,元大美債20正2,30,1,29,元大-南京,2023-07-11,9862
2301,光寶科,70,42,28,元大-南京,2023-07-11,9862
3035,智原,56,28,28,元大-南京,2023-07-11,9862
8210,勤誠,45,17,28,元大-南京,2023-07-11,9862
2356,英業達,106,79,27,元大-南京,2023-07-11,9862
2603,長榮,44,17,27,元大-南京,2023-07-11,9862
00679B,元大美債20年,25,0,25,元大-南京,2023-07-11,9862
4532,瑞智,37,12,25,元大-南京,2023-07-11,9862
5371,中光電,27,2,25,元大-南京,2023-07-11,9862
5225,東科-KY,21,0,21,元大-南京,2023-07-11,9862
2014,中鴻,21,1,20,元大-南京,2023-07-11,9862
2609,陽明,49,30,19,元大-南京,2023-07-11,9862
6235,華孚,50,32,18,元大-南京,2023-07-11,9862
2331,精英,22,6,16,元大-南京,2023-07-11,9862
4123,晟德,16,0,16,元大-南京,2023-07-11,9862
1304,台聚,16,0,16,元大-南京,2023-07-11,9862
00715L,期街口布蘭特正2,20,5,15,元大-南京,2023-07-11,9862
1529,樂事綠能,16,1,15,元大-南京,2023-07-11,9862
2376,技嘉,43,29,14,元大-南京,2023-07-11,9862
3479,安勤,14,0,14,元大-南京,2023-07-11,9862
6282,康舒,32,18,14,元大-南京,2023-07-11,9862
2317,鴻海,22,9,13,元大-南京,2023-07-11,9862
2423,固緯,14,1,13,元大-南京,2023-07-11,9862
4510,高鋒,13,0,13,元大-南京,2023-07-11,9862
6140,訊達,13,0,13,元大-南京,2023-07-11,9862
2881,富邦金,17,4,13,元大-南京,2023-07-11,9862
6234,高僑,14,2,12,元大-南京,2023-07-11,9862
1603,華電,14,2,12,元大-南京,2023-07-11,9862
3016,嘉晶,17,5,12,元大-南京,2023-07-11,9862
4549,桓達,11,0,11,元大-南京,2023-07-11,9862
00751B,元大AAA至A公司債,10,0,10,元大-南京,2023-07-11,9862
2723,美食-KY,10,0,10,元大-南京,2023-07-11,9862
3027,盛達,15,5,10,元大-南京,2023-07-11,9862
2380,虹光,10,0,10,元大-南京,2023-07-11,9862
8093,保銳,10,0,10,元大-南京,2023-07-11,9862
8916,光隆,10,0,10,元大-南京,2023-07-11,9862
1101,台泥,10,0,10,元大-南京,2023-07-11,9862
2455,全新,11,2,9,元大-南京,2023-07-11,9862
2603,長榮,158,24,134,元大-南京,2023-07-12,9862
2337,旺宏,105,5,100,元大-南京,2023-07-12,9862
00673R,期元大S＆P原油反1,87,0,87,元大-南京,2023-07-12,9862
3645,達邁,85,0,85,元大-南京,2023-07-12,9862
3622,洋華,72,5,67,元大-南京,2023-07-12,9862
00878,國泰永續高股息,121,56,65,元大-南京,2023-07-12,9862
8070,長華*,58,0,58,元大-南京,2023-07-12,9862
00687B,國泰20年美債,58,0,58,元大-南京,2023-07-12,9862
4533,協易機,93,39,54,元大-南京,2023-07-12,9862
8028,昇陽半導體,61,7,54,元大-南京,2023-07-12,9862
1519,華城,64,15,49,元大-南京,2023-07-12,9862
00751B,元大AAA至A公司債,50,1,49,元大-南京,2023-07-12,9862
3707,漢磊,42,1,41,元大-南京,2023-07-12,9862
0056,元大高股息,120,82,38,元大-南京,2023-07-12,9862
2419,仲琦,33,0,33,元大-南京,2023-07-12,9862
1314,中石化,35,3,32,元大-南京,2023-07-12,9862
2303,聯電,38,6,32,元大-南京,2023-07-12,9862
1442,名軒,30,0,30,元大-南京,2023-07-12,9862
4532,瑞智,46,17,29,元大-南京,2023-07-12,9862
2382,廣達,122,94,28,元大-南京,2023-07-12,9862
00929,復華台灣科技優息,28,0,28,元大-南京,2023-07-12,9862
6274,台燿,37,12,25,元大-南京,2023-07-12,9862
5483,中美晶,31,9,22,元大-南京,2023-07-12,9862
2610,華航,182,162,20,元大-南京,2023-07-12,9862
2474,可成,23,3,20,元大-南京,2023-07-12,9862
00664R,國泰臺灣加權反1,20,0,20,元大-南京,2023-07-12,9862
3701,大眾控,21,1,20,元大-南京,2023-07-12,9862
3324,雙鴻,29,10,19,元大-南京,2023-07-12,9862
2607,榮運,20,1,19,元大-南京,2023-07-12,9862
8105,凌巨,20,1,19,元大-南京,2023-07-12,9862
2609,陽明,62,43,19,元大-南京,2023-07-12,9862
2701,萬企,40,22,18,元大-南京,2023-07-12,9862
2323,中環,39,22,17,元大-南京,2023-07-12,9862
3653,健策,19,3,16,元大-南京,2023-07-12,9862
2352,佳世達,24,8,16,元大-南京,2023-07-12,9862
1301,台塑,15,0,15,元大-南京,2023-07-12,9862
1522,堤維西,15,0,15,元大-南京,2023-07-12,9862
3257,虹冠電,15,0,15,元大-南京,2023-07-12,9862
1736,喬山,15,0,15,元大-南京,2023-07-12,9862
2891,中信金,35,20,15,元大-南京,2023-07-12,9862
6282,康舒,42,28,14,元大-南京,2023-07-12,9862
2330,台積電,15,1,14,元大-南京,2023-07-12,9862
2356,英業達,217,203,14,元大-南京,2023-07-12,9862
2383,台光電,19,6,13,元大-南京,2023-07-12,9862
3481,群創,47,34,13,元大-南京,2023-07-12,9862
020028,元大特選電動車N,13,0,13,元大-南京,2023-07-12,9862
6191,精成科,13,0,13,元大-南京,2023-07-12,9862
8069,元太,13,0,13,元大-南京,2023-07-12,9862
6285,啟��,23,10,13,元大-南京,2023-07-12,9862
2449,京元電子,20,7,13,元大-南京,2023-07-12,9862
9958,世紀鋼,418,9,409,元大-南京,2023-07-13,9862
5474,聰泰,163,0,163,元大-南京,2023-07-13,9862
1442,名軒,103,0,103,元大-南京,2023-07-13,9862
2610,華航,220,126,94,元大-南京,2023-07-13,9862
00673R,期元大S＆P原油反1,89,8,81,元大-南京,2023-07-13,9862
00878,國泰永續高股息,132,55,77,元大-南京,2023-07-13,9862
8028,昇陽半導體,76,4,72,元大-南京,2023-07-13,9862
00676R,富邦臺灣加權反1,55,0,55,元大-南京,2023-07-13,9862
2609,陽明,71,23,48,元大-南京,2023-07-13,9862
2324,仁寶,93,48,45,元大-南京,2023-07-13,9862
2603,長榮,68,27,41,元大-南京,2023-07-13,9862
2376,技嘉,65,32,33,元大-南京,2023-07-13,9862
1314,中石化,32,0,32,元大-南京,2023-07-13,9862
8070,長華*,30,0,30,元大-南京,2023-07-13,9862
00751B,元大AAA至A公司債,35,7,28,元大-南京,2023-07-13,9862
6274,台燿,33,5,28,元大-南京,2023-07-13,9862
5009,榮剛,32,5,27,元大-南京,2023-07-13,9862
0056,元大高股息,138,112,26,元大-南京,2023-07-13,9862
1605,華新,82,57,25,元大-南京,2023-07-13,9862
00715L,期街口布蘭特正2,25,0,25,元大-南京,2023-07-13,9862
3209,全科,23,0,23,元大-南京,2023-07-13,9862
5439,高技,32,10,22,元大-南京,2023-07-13,9862
2482,連宇,25,3,22,元大-南京,2023-07-13,9862
3037,欣興,66,45,21,元大-南京,2023-07-13,9862
2888,新光金,20,0,20,元大-南京,2023-07-13,9862
6282,康舒,45,25,20,元大-南京,2023-07-13,9862
8064,東捷,20,0,20,元大-南京,2023-07-13,9862
00930,永豐ESG低碳高息,18,0,18,元大-南京,2023-07-13,9862
00929,復華台灣科技優息,18,0,18,元大-南京,2023-07-13,9862
1529,樂事綠能,24,6,18,元大-南京,2023-07-13,9862
3035,智原,26,8,18,元大-南京,2023-07-13,9862
2889,國票金,17,0,17,元大-南京,2023-07-13,9862
3046,建��,18,1,17,元大-南京,2023-07-13,9862
2367,燿華,18,1,17,元大-南京,2023-07-13,9862
00893,國泰智能電動車,23,9,14,元大-南京,2023-07-13,9862
6234,高僑,15,1,14,元大-南京,2023-07-13,9862
6443,元晶,14,0,14,元大-南京,2023-07-13,9862
4979,華星光,15,1,14,元大-南京,2023-07-13,9862
4533,協易機,95,82,13,元大-南京,2023-07-13,9862
3005,神基,16,4,12,元大-南京,2023-07-13,9862
2481,強茂,19,7,12,元大-南京,2023-07-13,9862
8227,巨有科技,13,1,12,元大-南京,2023-07-13,9862
3702,大聯大,14,2,12,元大-南京,2023-07-13,9862
00679B,元大美債20年,16,5,11,元大-南京,2023-07-13,9862
1609,大亞,26,15,11,元大-南京,2023-07-13,9862
4763,材料-KY,27,16,11,元大-南京,2023-07-13,9862
3217,優群,13,2,11,元大-南京,2023-07-13,9862
1513,中興電,21,10,11,元大-南京,2023-07-13,9862
2409,友達,21,11,10,元大-南京,2023-07-13,9862
3224,三顧,10,0,10,元大-南京,2023-07-13,9862
2618,長榮航,306,85,221,元大-南京,2023-07-14,9862
3481,群創,150,10,140,元大-南京,2023-07-14,9862
3711,日月光投控,103,8,95,元大-南京,2023-07-14,9862
2610,華航,139,45,94,元大-南京,2023-07-14,9862
2340,台亞,200,120,80,元大-南京,2023-07-14,9862
6841,長佳智能,61,0,61,元大-南京,2023-07-14,9862
2382,廣達,196,147,49,元大-南京,2023-07-14,9862
00757,統一FANG+,49,1,48,元大-南京,2023-07-14,9862
2442,新美齊,45,0,45,元大-南京,2023-07-14,9862
5607,遠雄港,82,39,43,元大-南京,2023-07-14,9862
00882,中信中國高股息,45,5,40,元大-南京,2023-07-14,9862
2409,友達,41,4,37,元大-南京,2023-07-14,9862
2329,華泰,52,17,35,元大-南京,2023-07-14,9862
2882,國泰金,50,16,34,元大-南京,2023-07-14,9862
2331,精英,34,1,33,元大-南京,2023-07-14,9862
3563,牧德,33,0,33,元大-南京,2023-07-14,9862
2481,強茂,46,13,33,元大-南京,2023-07-14,9862
3035,智原,54,24,30,元大-南京,2023-07-14,9862
3706,神達,65,35,30,元大-南京,2023-07-14,9862
2330,台積電,43,14,29,元大-南京,2023-07-14,9862
00633L,富邦上証正2,32,3,29,元大-南京,2023-07-14,9862
00655L,國泰中國A50正2,30,1,29,元大-南京,2023-07-14,9862
1477,聚陽,42,15,27,元大-南京,2023-07-14,9862
2603,長榮,53,29,24,元大-南京,2023-07-14,9862
1513,中興電,44,21,23,元大-南京,2023-07-14,9862
8210,勤誠,31,10,21,元大-南京,2023-07-14,9862
3652,精聯,20,0,20,元大-南京,2023-07-14,9862
1417,嘉裕,20,0,20,元大-南京,2023-07-14,9862
4108,懷特,20,0,20,元大-南京,2023-07-14,9862
00753L,中信中國50正2,20,0,20,元大-南京,2023-07-14,9862
00706L,期元大S＆P日圓正2,20,0,20,元大-南京,2023-07-14,9862
00679B,元大美債20年,19,0,19,元大-南京,2023-07-14,9862
2419,仲琦,96,78,18,元大-南京,2023-07-14,9862
4927,泰鼎-KY,21,3,18,元大-南京,2023-07-14,9862
6197,佳必琪,18,0,18,元大-南京,2023-07-14,9862
6190,萬泰科,55,37,18,元大-南京,2023-07-14,9862
00888,永豐台灣ESG,18,1,17,元大-南京,2023-07-14,9862
3017,奇鋐,25,9,16,元大-南京,2023-07-14,9862
2301,光寶科,100,84,16,元大-南京,2023-07-14,9862
00673R,期元大S＆P原油反1,16,0,16,元大-南京,2023-07-14,9862
5483,中美晶,19,4,15,元大-南京,2023-07-14,9862
6679,鈺太,15,0,15,元大-南京,2023-07-14,9862
1342,八貫,15,0,15,元大-南京,2023-07-14,9862
2201,裕隆,110,95,15,元大-南京,2023-07-14,9862
2801,彰銀,20,6,14,元大-南京,2023-07-14,9862
5258,虹堡,46,32,14,元大-南京,2023-07-14,9862
00676R,富邦臺灣加權反1,13,0,13,元大-南京,2023-07-14,9862
00720B,元大投資級公司債,19,7,12,元大-南京,2023-07-14,9862
8027,鈦昇,12,0,12,元大-南京,2023-07-14,9862
2449,京元電子,20,9,11,元大-南京,2023-07-14,9862
00673R,期元大S＆P原油反1,109,0,109,元大-南京,2023-07-17,9862
00637L,元大滬深300正2,108,0,108,元大-南京,2023-07-17,9862
2201,裕隆,126,18,108,元大-南京,2023-07-17,9862
1308,亞聚,92,0,92,元大-南京,2023-07-17,9862
2610,華航,96,16,80,元大-南京,2023-07-17,9862
4938,和碩,106,29,77,元大-南京,2023-07-17,9862
2331,精英,81,25,56,元大-南京,2023-07-17,9862
1402,遠東新,55,2,53,元大-南京,2023-07-17,9862
2328,廣宇,48,0,48,元大-南京,2023-07-17,9862
6546,正基,52,4,48,元大-南京,2023-07-17,9862
2388,威盛,99,59,40,元大-南京,2023-07-17,9862
2618,長榮航,108,70,38,元大-南京,2023-07-17,9862
2427,三商電,37,3,34,元大-南京,2023-07-17,9862
3035,智原,60,26,34,元大-南京,2023-07-17,9862
3128,昇銳,30,0,30,元大-南京,2023-07-17,9862
6218,豪勉,45,16,29,元大-南京,2023-07-17,9862
00720B,元大投資級公司債,27,0,27,元大-南京,2023-07-17,9862
3071,協禧,27,0,27,元大-南京,2023-07-17,9862
0061,元大寶滬深,26,0,26,元大-南京,2023-07-17,9862
00712,復華富時不動產,26,1,25,元大-南京,2023-07-17,9862
2481,強茂,37,12,25,元大-南京,2023-07-17,9862
0050,元大台灣50,45,20,25,元大-南京,2023-07-17,9862
8210,勤誠,43,19,24,元大-南京,2023-07-17,9862
4533,協易機,32,8,24,元大-南京,2023-07-17,9862
3052,夆典,30,7,23,元大-南京,2023-07-17,9862
3707,漢磊,25,2,23,元大-南京,2023-07-17,9862
00930,永豐ESG低碳高息,22,0,22,元大-南京,2023-07-17,9862
4129,聯合,24,2,22,元大-南京,2023-07-17,9862
2382,廣達,63,41,22,元大-南京,2023-07-17,9862
3231,緯創,46,25,21,元大-南京,2023-07-17,9862
5530,龍巖,20,0,20,元大-南京,2023-07-17,9862
6120,達運,34,14,20,元大-南京,2023-07-17,9862
8916,光隆,20,0,20,元大-南京,2023-07-17,9862
1736,喬山,21,1,20,元大-南京,2023-07-17,9862
2436,偉詮電,20,0,20,元大-南京,2023-07-17,9862
1417,嘉裕,20,0,20,元大-南京,2023-07-17,9862
2701,萬企,20,0,20,元大-南京,2023-07-17,9862
2206,三陽工業,32,12,20,元大-南京,2023-07-17,9862
2313,華通,33,14,19,元大-南京,2023-07-17,9862
4123,晟德,22,3,19,元大-南京,2023-07-17,9862
4961,天鈺,20,1,19,元大-南京,2023-07-17,9862
6548,長科*,18,0,18,元大-南京,2023-07-17,9862
2402,毅嘉,21,3,18,元大-南京,2023-07-17,9862
00679B,元大美債20年,17,0,17,元大-南京,2023-07-17,9862
6446,藥華藥,25,8,17,元大-南京,2023-07-17,9862
1519,華城,31,15,16,元大-南京,2023-07-17,9862
3037,欣興,47,31,16,元大-南京,2023-07-17,9862
2607,榮運,16,1,15,元大-南京,2023-07-17,9862
2352,佳世達,38,23,15,元大-南京,2023-07-17,9862
2317,鴻海,22,7,15,元大-南京,2023-07-17,9862
1605,華新,399,12,387,元大-南京,2023-07-18,9862
6213,聯茂,280,1,279,元大-南京,2023-07-18,9862
00882,中信中國高股息,235,1,234,元大-南京,2023-07-18,9862
2408,南亞科,203,0,203,元大-南京,2023-07-18,9862
4414,如興,160,0,160,元大-南京,2023-07-18,9862
2324,仁寶,243,135,108,元大-南京,2023-07-18,9862
6546,正基,110,7,103,元大-南京,2023-07-18,9862
6770,力積電,105,9,96,元大-南京,2023-07-18,9862
00929,復華台灣科技優息,93,5,88,元大-南京,2023-07-18,9862
2449,京元電子,99,28,71,元大-南京,2023-07-18,9862
2356,英業達,301,232,69,元大-南京,2023-07-18,9862
3041,揚智,68,0,68,元大-南京,2023-07-18,9862
0056,元大高股息,125,59,66,元大-南京,2023-07-18,9862
6282,康舒,210,150,60,元大-南京,2023-07-18,9862
6190,萬泰科,60,0,60,元大-南京,2023-07-18,9862
3033,威健,60,5,55,元大-南京,2023-07-18,9862
6443,元晶,56,1,55,元大-南京,2023-07-18,9862
2330,台積電,54,1,53,元大-南京,2023-07-18,9862
2515,中工,53,0,53,元大-南京,2023-07-18,9862
3481,群創,81,35,46,元大-南京,2023-07-18,9862
2331,精英,69,23,46,元大-南京,2023-07-18,9862
8046,南電,46,5,41,元大-南京,2023-07-18,9862
2409,友達,63,23,40,元大-南京,2023-07-18,9862
1101,台泥,45,7,38,元大-南京,2023-07-18,9862
3706,神達,291,256,35,元大-南京,2023-07-18,9862
2301,光寶科,61,26,35,元大-南京,2023-07-18,9862
00751B,元大AAA至A公司債,34,0,34,元大-南京,2023-07-18,9862
2481,強茂,60,27,33,元大-南京,2023-07-18,9862
3694,海華,42,10,32,元大-南京,2023-07-18,9862
1618,合機,37,5,32,元大-南京,2023-07-18,9862
1471,首利,32,1,31,元大-南京,2023-07-18,9862
00773B,中信優先金融債,30,0,30,元大-南京,2023-07-18,9862
1402,遠東新,30,1,29,元大-南京,2023-07-18,9862
2812,台中銀,50,22,28,元大-南京,2023-07-18,9862
1609,大亞,82,57,25,元大-南京,2023-07-18,9862
1503,士電,29,5,24,元大-南京,2023-07-18,9862
2701,萬企,24,0,24,元大-南京,2023-07-18,9862
3189,景碩,32,9,23,元大-南京,2023-07-18,9862
3483,力致,48,25,23,元大-南京,2023-07-18,9862
2845,遠東銀,29,7,22,元大-南京,2023-07-18,9862
3049,精金,22,0,22,元大-南京,2023-07-18,9862
1907,永豐餘,22,0,22,元大-南京,2023-07-18,9862
6126,信音,22,0,22,元大-南京,2023-07-18,9862
2618,長榮航,94,73,21,元大-南京,2023-07-18,9862
1710,東聯,22,2,20,元大-南京,2023-07-18,9862
00637L,元大滬深300正2,20,0,20,元大-南京,2023-07-18,9862
1417,嘉裕,20,0,20,元大-南京,2023-07-18,9862
00715L,期街口布蘭特正2,20,0,20,元大-南京,2023-07-18,9862
3047,訊舟,20,0,20,元大-南京,2023-07-18,9862
8936,國統,20,0,20,元大-南京,2023-07-18,9862
2312,金寶,444,60,384,元大-南京,2023-07-19,9862
6116,彩晶,333,4,329,元大-南京,2023-07-19,9862
00882,中信中國高股息,177,0,177,元大-南京,2023-07-19,9862
2324,仁寶,200,87,113,元大-南京,2023-07-19,9862
2834,臺企銀,101,0,101,元大-南京,2023-07-19,9862
3037,欣興,266,169,97,元大-南京,2023-07-19,9862
2353,宏��,136,52,84,元大-南京,2023-07-19,9862
2618,長榮航,117,51,66,元大-南京,2023-07-19,9862
6451,訊芯-KY,62,0,62,元大-南京,2023-07-19,9862
3481,群創,71,9,62,元大-南京,2023-07-19,9862
6546,正基,70,11,59,元大-南京,2023-07-19,9862
00673R,期元大S＆P原油反1,55,0,55,元大-南京,2023-07-19,9862
2801,彰銀,56,2,54,元大-南京,2023-07-19,9862
4938,和碩,59,6,53,元大-南京,2023-07-19,9862
2515,中工,62,10,52,元大-南京,2023-07-19,9862
00753L,中信中國50正2,51,0,51,元大-南京,2023-07-19,9862
2382,廣達,117,67,50,元大-南京,2023-07-19,9862
00751B,元大AAA至A公司債,50,4,46,元大-南京,2023-07-19,9862
2883,凱基金,51,6,45,元大-南京,2023-07-19,9862
1402,遠東新,38,0,38,元大-南京,2023-07-19,9862
2409,友達,42,5,37,元大-南京,2023-07-19,9862
3033,威健,42,5,37,元大-南京,2023-07-19,9862
2376,技嘉,85,50,35,元大-南京,2023-07-19,9862
3380,明泰,37,2,35,元大-南京,2023-07-19,9862
1736,喬山,37,2,35,元大-南京,2023-07-19,9862
1504,東元,47,12,35,元大-南京,2023-07-19,9862
1802,台玻,30,0,30,元大-南京,2023-07-19,9862
6288,聯嘉,32,2,30,元大-南京,2023-07-19,9862
00713,元大台灣高息低波,31,2,29,元大-南京,2023-07-19,9862
00632R,元大台灣50反1,30,2,28,元大-南京,2023-07-19,9862
3715,定穎投控,31,5,26,元大-南京,2023-07-19,9862
2882,國泰金,26,2,24,元大-南京,2023-07-19,9862
2454,聯發科,27,5,22,元大-南京,2023-07-19,9862
2303,聯電,31,10,21,元大-南京,2023-07-19,9862
6222,上揚,19,0,19,元大-南京,2023-07-19,9862
6197,佳必琪,19,0,19,元大-南京,2023-07-19,9862
1503,士電,21,3,18,元大-南京,2023-07-19,9862
3141,晶宏,20,2,18,元大-南京,2023-07-19,9862
00929,復華台灣科技優息,32,14,18,元大-南京,2023-07-19,9862
2359,所羅門,26,8,18,元大-南京,2023-07-19,9862
8403,盛弘,20,3,17,元大-南京,2023-07-19,9862
00752,中信中國50,15,0,15,元大-南京,2023-07-19,9862
5009,榮剛,16,1,15,元大-南京,2023-07-19,9862
2327,國巨,15,0,15,元大-南京,2023-07-19,9862
2617,台航,15,0,15,元大-南京,2023-07-19,9862
6235,華孚,85,71,14,元大-南京,2023-07-19,9862
3363,上詮,64,50,14,元大-南京,2023-07-19,9862
0061,元大寶滬深,14,0,14,元大-南京,2023-07-19,9862
2330,台積電,18,4,14,元大-南京,2023-07-19,9862
2201,裕隆,60,47,13,元大-南京,2023-07-19,9862
4123,晟德,208,84,124,元大-南京,2023-07-20,9862
00673R,期元大S＆P原油反1,100,0,100,元大-南京,2023-07-20,9862
00648R,元大S＆P500反1,100,0,100,元大-南京,2023-07-20,9862
2303,聯電,93,12,81,元大-南京,2023-07-20,9862
3037,欣興,85,27,58,元大-南京,2023-07-20,9862
2834,臺企銀,50,2,48,元大-南京,2023-07-20,9862
00902,中信電池及儲能,50,3,47,元大-南京,2023-07-20,9862
1102,亞泥,39,0,39,元大-南京,2023-07-20,9862
3481,群創,445,410,35,元大-南京,2023-07-20,9862
6116,彩晶,32,0,32,元大-南京,2023-07-20,9862
2352,佳世達,55,25,30,元大-南京,2023-07-20,9862
6670,復盛應用,30,0,30,元大-南京,2023-07-20,9862
2442,新美齊,30,0,30,元大-南京,2023-07-20,9862
00929,復華台灣科技優息,35,6,29,元大-南京,2023-07-20,9862
2353,宏��,68,41,27,元大-南京,2023-07-20,9862
2382,廣達,111,85,26,元大-南京,2023-07-20,9862
6282,康舒,60,35,25,元大-南京,2023-07-20,9862
6120,達運,34,10,24,元大-南京,2023-07-20,9862
1319,東陽,20,0,20,元大-南京,2023-07-20,9862
2465,麗臺,20,1,19,元大-南京,2023-07-20,9862
4726,永昕,21,5,16,元大-南京,2023-07-20,9862
2317,鴻海,25,10,15,元大-南京,2023-07-20,9862
00895,富邦未來車,16,1,15,元大-南京,2023-07-20,9862
3035,智原,39,24,15,元大-南京,2023-07-20,9862
2603,長榮,21,7,14,元大-南京,2023-07-20,9862
00679B,元大美債20年,16,2,14,元大-南京,2023-07-20,9862
2634,漢翔,21,7,14,元大-南京,2023-07-20,9862
6166,凌華,16,2,14,元大-南京,2023-07-20,9862
1529,樂事綠能,18,5,13,元大-南京,2023-07-20,9862
6197,佳必琪,15,2,13,元大-南京,2023-07-20,9862
2324,仁寶,72,60,12,元大-南京,2023-07-20,9862
3105,穩懋,18,6,12,元大-南京,2023-07-20,9862
6173,信昌電,12,0,12,元大-南京,2023-07-20,9862
1210,大成,21,9,12,元大-南京,2023-07-20,9862
2419,仲琦,25,14,11,元大-南京,2023-07-20,9862
3209,全科,11,0,11,元大-南京,2023-07-20,9862
4153,鈺緯,11,1,10,元大-南京,2023-07-20,9862
1815,富喬,10,0,10,元大-南京,2023-07-20,9862
2491,吉祥全,10,0,10,元大-南京,2023-07-20,9862
6657,華安,10,0,10,元大-南京,2023-07-20,9862
3715,定穎投控,20,10,10,元大-南京,2023-07-20,9862
2337,旺宏,16,6,10,元大-南京,2023-07-20,9862
8086,宏捷科,10,0,10,元大-南京,2023-07-20,9862
2906,高林,10,0,10,元大-南京,2023-07-20,9862
00757,統一FANG+,10,1,9,元大-南京,2023-07-20,9862
6290,良維,9,0,9,元大-南京,2023-07-20,9862
4566,時碩工業,12,3,9,元大-南京,2023-07-20,9862
3710,連展投控,11,2,9,元大-南京,2023-07-20,9862
4968,立積,9,0,9,元大-南京,2023-07-20,9862
4931,新盛力,9,0,9,元大-南京,2023-07-20,9862
6116,彩晶,216,0,216,元大-南京,2023-07-21,9862
1702,南僑,170,0,170,元大-南京,2023-07-21,9862
4526,東台,160,0,160,元大-南京,2023-07-21,9862
00632R,元大台灣50反1,200,79,121,元大-南京,2023-07-21,9862
1605,華新,109,1,108,元大-南京,2023-07-21,9862
00882,中信中國高股息,114,10,104,元大-南京,2023-07-21,9862
3338,泰碩,132,37,95,元大-南京,2023-07-21,9862
2882,國泰金,73,2,71,元大-南京,2023-07-21,9862
6231,系微,70,0,70,元大-南京,2023-07-21,9862
00680L,元大美債20正2,70,0,70,元大-南京,2023-07-21,9862
00665L,富邦�琤肭磪囓�2,65,0,65,元大-南京,2023-07-21,9862
2330,台積電,65,15,50,元大-南京,2023-07-21,9862
1799,易威,50,0,50,元大-南京,2023-07-21,9862
1104,環泥,45,0,45,元大-南京,2023-07-21,9862
2382,廣達,153,110,43,元大-南京,2023-07-21,9862
3044,健鼎,87,55,32,元大-南京,2023-07-21,9862
8936,國統,25,0,25,元大-南京,2023-07-21,9862
2303,聯電,47,22,25,元大-南京,2023-07-21,9862
4979,華星光,33,9,24,元大-南京,2023-07-21,9862
6282,康舒,39,15,24,元大-南京,2023-07-21,9862
3264,欣銓,72,48,24,元大-南京,2023-07-21,9862
2324,仁寶,48,25,23,元大-南京,2023-07-21,9862
3035,智原,72,49,23,元大-南京,2023-07-21,9862
2449,京元電子,30,7,23,元大-南京,2023-07-21,9862
4123,晟德,50,28,22,元大-南京,2023-07-21,9862
4532,瑞智,74,52,22,元大-南京,2023-07-21,9862
2610,華航,71,50,21,元大-南京,2023-07-21,9862
5474,聰泰,25,4,21,元大-南京,2023-07-21,9862
1101,台泥,34,13,21,元大-南京,2023-07-21,9862
2892,第一金,22,1,21,元大-南京,2023-07-21,9862
3711,日月光投控,191,171,20,元大-南京,2023-07-21,9862
3564,其陽,20,0,20,元大-南京,2023-07-21,9862
3518,柏騰,20,0,20,元大-南京,2023-07-21,9862
1532,勤美,20,0,20,元大-南京,2023-07-21,9862
5530,龍巖,20,0,20,元大-南京,2023-07-21,9862
4927,泰鼎-KY,20,0,20,元大-南京,2023-07-21,9862
2353,宏��,76,57,19,元大-南京,2023-07-21,9862
2882A,國泰特,19,0,19,元大-南京,2023-07-21,9862
5009,榮剛,18,0,18,元大-南京,2023-07-21,9862
3032,偉訓,136,118,18,元大-南京,2023-07-21,9862
1513,中興電,68,50,18,元大-南京,2023-07-21,9862
3305,昇貿,23,5,18,元大-南京,2023-07-21,9862
1102,亞泥,15,0,15,元大-南京,2023-07-21,9862
00888,永豐台灣ESG,15,0,15,元大-南京,2023-07-21,9862
2105,正新,15,0,15,元大-南京,2023-07-21,9862
6235,華孚,19,4,15,元大-南京,2023-07-21,9862
5425,台半,17,3,14,元大-南京,2023-07-21,9862
2615,萬海,16,2,14,元大-南京,2023-07-21,9862
1471,首利,14,0,14,元大-南京,2023-07-21,9862
2337,旺宏,13,0,13,元大-南京,2023-07-21,9862
6116,彩晶,205,0,205,元大-南京,2023-07-24,9862
00830,國泰費城半導體,145,1,144,元大-南京,2023-07-24,9862
00882,中信中國高股息,112,0,112,元大-南京,2023-07-24,9862
00929,復華台灣科技優息,113,4,109,元大-南京,2023-07-24,9862
3338,泰碩,103,12,91,元大-南京,2023-07-24,9862
2201,裕隆,78,1,77,元大-南京,2023-07-24,9862
1102,亞泥,69,4,65,元大-南京,2023-07-24,9862
9105,泰金寶-DR,60,1,59,元大-南京,2023-07-24,9862
2405,輔信,63,9,54,元大-南京,2023-07-24,9862
6451,訊芯-KY,50,0,50,元大-南京,2023-07-24,9862
2515,中工,41,0,41,元大-南京,2023-07-24,9862
3483,力致,41,1,40,元大-南京,2023-07-24,9862
1532,勤美,53,15,38,元大-南京,2023-07-24,9862
2834,臺企銀,51,15,36,元大-南京,2023-07-24,9862
3013,晟銘電,100,65,35,元大-南京,2023-07-24,9862
3706,神達,45,12,33,元大-南京,2023-07-24,9862
1104,環泥,33,0,33,元大-南京,2023-07-24,9862
4979,華星光,36,3,33,元大-南京,2023-07-24,9862
3191,雲嘉南,30,0,30,元大-南京,2023-07-24,9862
1513,中興電,48,20,28,元大-南京,2023-07-24,9862
2327,國巨,27,0,27,元大-南京,2023-07-24,9862
3035,智原,73,45,28,元大-南京,2023-07-24,9862
2329,華泰,85,57,28,元大-南京,2023-07-24,9862
8048,德勝,29,4,25,元大-南京,2023-07-24,9862
8234,新漢,25,0,25,元大-南京,2023-07-24,9862
4123,晟德,24,0,24,元大-南京,2023-07-24,9862
3481,群創,25,2,23,元大-南京,2023-07-24,9862
2303,聯電,51,30,21,元大-南京,2023-07-24,9862
4977,眾達-KY,21,0,21,元大-南京,2023-07-24,9862
00673R,期元大S＆P原油反1,20,0,20,元大-南京,2023-07-24,9862
2883,凱基金,32,12,20,元大-南京,2023-07-24,9862
6180,橘子,19,0,19,元大-南京,2023-07-24,9862
2461,光群雷,22,4,18,元大-南京,2023-07-24,9862
2421,建準,59,41,18,元大-南京,2023-07-24,9862
2206,三陽工業,21,4,17,元大-南京,2023-07-24,9862
2603,長榮,26,9,17,元大-南京,2023-07-24,9862
2425,承啟,23,7,16,元大-南京,2023-07-24,9862
1319,東陽,20,4,16,元大-南京,2023-07-24,9862
2312,金寶,17,2,15,元大-南京,2023-07-24,9862
6173,信昌電,15,0,15,元大-南京,2023-07-24,9862
1417,嘉裕,15,0,15,元大-南京,2023-07-24,9862
00927,群益半導體收益,15,0,15,元大-南京,2023-07-24,9862
2340,台亞,17,2,15,元大-南京,2023-07-24,9862
2356,英業達,47,33,14,元大-南京,2023-07-24,9862
5439,高技,23,8,15,元大-南京,2023-07-24,9862
2634,漢翔,15,1,14,元大-南京,2023-07-24,9862
1609,大亞,48,34,14,元大-南京,2023-07-24,9862
6657,華安,21,8,13,元大-南京,2023-07-24,9862
4533,協易機,13,0,13,元大-南京,2023-07-24,9862
2886,兆豐金,13,0,13,元大-南京,2023-07-24,9862
6116,彩晶,105,2,103,元大-南京,2023-07-25,9862
1314,中石化,75,0,75,元大-南京,2023-07-25,9862
00878,國泰永續高股息,208,140,68,元大-南京,2023-07-25,9862
4513,福裕,73,5,68,元大-南京,2023-07-25,9862
2382,廣達,174,109,65,元大-南京,2023-07-25,9862
2356,英業達,83,22,61,元大-南京,2023-07-25,9862
2383,台光電,63,3,60,元大-南京,2023-07-25,9862
2610,華航,46,4,42,元大-南京,2023-07-25,9862
2357,華碩,59,17,42,元大-南京,2023-07-25,9862
3363,上詮,42,0,42,元大-南京,2023-07-25,9862
4533,協易機,80,39,41,元大-南京,2023-07-25,9862
3694,海華,46,5,41,元大-南京,2023-07-25,9862
6282,康舒,47,8,39,元大-南京,2023-07-25,9862
2201,裕隆,48,12,36,元大-南京,2023-07-25,9862
6271,同欣電,35,0,35,元大-南京,2023-07-25,9862
3706,神達,45,10,35,元大-南京,2023-07-25,9862
5443,均豪,42,8,34,元大-南京,2023-07-25,9862
8926,台汽電,46,14,32,元大-南京,2023-07-25,9862
3711,日月光投控,102,72,30,元大-南京,2023-07-25,9862
2465,麗臺,30,0,30,元大-南京,2023-07-25,9862
6546,正基,31,1,30,元大-南京,2023-07-25,9862
1101,台泥,49,20,29,元大-南京,2023-07-25,9862
2328,廣宇,58,30,28,元大-南京,2023-07-25,9862
2376,技嘉,137,110,27,元大-南京,2023-07-25,9862
3645,達邁,26,0,26,元大-南京,2023-07-25,9862
6196,帆宣,25,1,24,元大-南京,2023-07-25,9862
3163,波若威,36,12,24,元大-南京,2023-07-25,9862
2340,台亞,25,2,23,元大-南京,2023-07-25,9862
4157,太景*-KY,23,1,22,元大-南京,2023-07-25,9862
2883,凱基金,21,0,21,元大-南京,2023-07-25,9862
2425,承啟,123,103,20,元大-南京,2023-07-25,9862
8933,愛地雅,20,0,20,元大-南京,2023-07-25,9862
1313,聯成,22,2,20,元大-南京,2023-07-25,9862
00679B,元大美債20年,20,0,20,元大-南京,2023-07-25,9862
2455,全新,24,5,19,元大-南京,2023-07-25,9862
1905,華紙,59,41,18,元大-南京,2023-07-25,9862
6125,廣運,37,19,18,元大-南京,2023-07-25,9862
00929,復華台灣科技優息,19,1,18,元大-南京,2023-07-25,9862
2515,中工,17,0,17,元大-南京,2023-07-25,9862
2337,旺宏,16,0,16,元大-南京,2023-07-25,9862
00680L,元大美債20正2,16,0,16,元大-南京,2023-07-25,9862
3483,力致,16,1,15,元大-南京,2023-07-25,9862
3702,大聯大,20,6,14,元大-南京,2023-07-25,9862
8048,德勝,20,6,14,元大-南京,2023-07-25,9862
6477,安集,14,0,14,元大-南京,2023-07-25,9862
6274,台燿,39,26,13,元大-南京,2023-07-25,9862
2421,建準,18,5,13,元大-南京,2023-07-25,9862
2360,致茂,15,2,13,元大-南京,2023-07-25,9862
1903,士紙,15,2,13,元大-南京,2023-07-25,9862
2520,冠德,12,0,12,元大-南京,2023-07-25,9862
2882,國泰金,220,23,197,元大-南京,2023-07-26,9862
1101,台泥,210,17,193,元大-南京,2023-07-26,9862
6116,彩晶,186,15,171,元大-南京,2023-07-26,9862
5880,合庫金,102,0,102,元大-南京,2023-07-26,9862
9105,泰金寶-DR,100,0,100,元大-南京,2023-07-26,9862
2312,金寶,105,6,99,元大-南京,2023-07-26,9862
4533,協易機,106,32,74,元大-南京,2023-07-26,9862
1504,東元,159,91,68,元大-南京,2023-07-26,9862
3032,偉訓,84,17,67,元大-南京,2023-07-26,9862
6188,廣明,78,25,53,元大-南京,2023-07-26,9862
6213,聯茂,79,27,52,元大-南京,2023-07-26,9862
4931,新盛力,51,0,51,元大-南京,2023-07-26,9862
4746,台耀,47,1,46,元大-南京,2023-07-26,9862
4188,安克,59,13,46,元大-南京,2023-07-26,9862
1229,聯華,43,2,41,元大-南京,2023-07-26,9862
4123,晟德,48,8,40,元大-南京,2023-07-26,9862
2610,華航,45,11,34,元大-南京,2023-07-26,9862
2354,鴻準,42,10,32,元大-南京,2023-07-26,9862
3694,海華,31,2,29,元大-南京,2023-07-26,9862
6411,晶焱,32,3,29,元大-南京,2023-07-26,9862
2442,新美齊,25,0,25,元大-南京,2023-07-26,9862
8064,東捷,25,0,25,元大-南京,2023-07-26,9862
3163,波若威,42,17,25,元大-南京,2023-07-26,9862
2359,所羅門,113,90,23,元大-南京,2023-07-26,9862
9958,世紀鋼,32,9,23,元大-南京,2023-07-26,9862
3035,智原,24,3,21,元大-南京,2023-07-26,9862
2891,中信金,22,1,21,元大-南京,2023-07-26,9862
2352,佳世達,27,7,20,元大-南京,2023-07-26,9862
6263,普萊德,20,0,20,元大-南京,2023-07-26,9862
5383,金利,20,0,20,元大-南京,2023-07-26,9862
1701,中化,20,0,20,元大-南京,2023-07-26,9862
2211,長榮鋼,21,2,19,元大-南京,2023-07-26,9862
00679B,元大美債20年,18,0,18,元大-南京,2023-07-26,9862
8936,國統,21,3,18,元大-南京,2023-07-26,9862
2382,廣達,113,96,17,元大-南京,2023-07-26,9862
4979,華星光,17,0,17,元大-南京,2023-07-26,9862
00900,富邦特選高股息30,16,0,16,元大-南京,2023-07-26,9862
00878,國泰永續高股息,59,44,15,元大-南京,2023-07-26,9862
8358,金居,43,28,15,元大-南京,2023-07-26,9862
8093,保銳,15,0,15,元大-南京,2023-07-26,9862
00712,復華富時不動產,15,0,15,元大-南京,2023-07-26,9862
1608,華榮,15,0,15,元大-南京,2023-07-26,9862
2405,輔信,43,28,15,元大-南京,2023-07-26,9862
2303,聯電,28,13,15,元大-南京,2023-07-26,9862
6290,良維,15,1,14,元大-南京,2023-07-26,9862
2337,旺宏,16,2,14,元大-南京,2023-07-26,9862
3702,大聯大,13,0,13,元大-南京,2023-07-26,9862
2408,南亞科,14,1,13,元大-南京,2023-07-26,9862
5474,聰泰,14,2,12,元大-南京,2023-07-26,9862
5351,鈺創,16,4,12,元大-南京,2023-07-26,9862
00878,國泰永續高股息,239,21,218,元大-南京,2023-07-27,9862
00893,國泰智能電動車,162,12,150,元大-南京,2023-07-27,9862
2330,台積電,111,0,111,元大-南京,2023-07-27,9862
3481,群創,184,108,76,元大-南京,2023-07-27,9862
1736,喬山,65,1,64,元大-南京,2023-07-27,9862
00772B,中信高評級公司債,60,0,60,元大-南京,2023-07-27,9862
5351,鈺創,70,16,54,元大-南京,2023-07-27,9862
00882,中信中國高股息,52,0,52,元大-南京,2023-07-27,9862
2449,京元電子,50,1,49,元大-南京,2023-07-27,9862
2882,國泰金,59,15,44,元大-南京,2023-07-27,9862
2884,玉山金,44,1,43,元大-南京,2023-07-27,9862
2010,春源,40,0,40,元大-南京,2023-07-27,9862
3217,優群,38,1,37,元大-南京,2023-07-27,9862
6015,宏遠證,34,0,34,元大-南京,2023-07-27,9862
3059,華晶科,35,1,34,元大-南京,2023-07-27,9862
5531,鄉林,30,0,30,元大-南京,2023-07-27,9862
2486,一詮,30,0,30,元大-南京,2023-07-27,9862
6120,達運,31,2,29,元大-南京,2023-07-27,9862
1710,東聯,30,3,27,元大-南京,2023-07-27,9862
6672,騰輝電子-KY,30,4,26,元大-南京,2023-07-27,9862
2301,光寶科,46,21,25,元大-南京,2023-07-27,9862
00751B,元大AAA至A公司債,24,0,24,元大-南京,2023-07-27,9862
2356,英業達,44,20,24,元大-南京,2023-07-27,9862
2353,宏��,37,13,24,元大-南京,2023-07-27,9862
2382,廣達,65,42,23,元大-南京,2023-07-27,9862
00679B,元大美債20年,23,0,23,元大-南京,2023-07-27,9862
5425,台半,25,3,22,元大-南京,2023-07-27,9862
2328,廣宇,20,0,20,元大-南京,2023-07-27,9862
3017,奇鋐,51,33,18,元大-南京,2023-07-27,9862
2002,中鋼,27,10,17,元大-南京,2023-07-27,9862
1532,勤美,20,3,17,元大-南京,2023-07-27,9862
2405,輔信,34,17,17,元大-南京,2023-07-27,9862
2887,台新金,19,3,16,元大-南京,2023-07-27,9862
6190,萬泰科,16,0,16,元大-南京,2023-07-27,9862
2324,仁寶,23,8,15,元大-南京,2023-07-27,9862
1313,聯成,30,16,14,元大-南京,2023-07-27,9862
3231,緯創,29,16,13,元大-南京,2023-07-27,9862
00680L,元大美債20正2,13,0,13,元大-南京,2023-07-27,9862
1504,東元,38,26,12,元大-南京,2023-07-27,9862
2359,所羅門,64,52,12,元大-南京,2023-07-27,9862
3689,湧德,13,1,12,元大-南京,2023-07-27,9862
6657,華安,12,0,12,元大-南京,2023-07-27,9862
5608,四維航,12,0,12,元大-南京,2023-07-27,9862
00725B,國泰投資級公司債,11,0,11,元大-南京,2023-07-27,9862
00929,復華台灣科技優息,11,0,11,元大-南京,2023-07-27,9862
3362,先進光,10,0,10,元大-南京,2023-07-27,9862
2385,群光,20,10,10,元大-南京,2023-07-27,9862
2442,新美齊,10,0,10,元大-南京,2023-07-27,9862
1522,堤維西,16,6,10,元大-南京,2023-07-27,9862
8064,東捷,10,0,10,元大-南京,2023-07-27,9862
00680L,元大美債20正2,159,8,151,元大-南京,2023-07-28,9862
2409,友達,148,56,92,元大-南京,2023-07-28,9862
00679B,元大美債20年,90,0,90,元大-南京,2023-07-28,9862
1802,台玻,82,7,75,元大-南京,2023-07-28,9862
1905,華紙,263,196,67,元大-南京,2023-07-28,9862
00751B,元大AAA至A公司債,65,0,65,元大-南京,2023-07-28,9862
00772B,中信高評級公司債,62,0,62,元大-南京,2023-07-28,9862
1532,勤美,62,4,58,元大-南京,2023-07-28,9862
4979,華星光,65,14,51,元大-南京,2023-07-28,9862
4533,協易機,63,12,51,元大-南京,2023-07-28,9862
1612,宏泰,50,1,49,元大-南京,2023-07-28,9862
9105,泰金寶-DR,45,0,45,元大-南京,2023-07-28,9862
6535,順藥,62,19,43,元大-南京,2023-07-28,9862
2610,華航,43,3,40,元大-南京,2023-07-28,9862
00720B,元大投資級公司債,39,0,39,元大-南京,2023-07-28,9862
00662,富邦NASDAQ,38,0,38,元大-南京,2023-07-28,9862
2002,中鋼,40,2,38,元大-南京,2023-07-28,9862
2356,英業達,62,27,35,元大-南京,2023-07-28,9862
2317,鴻海,43,9,34,元大-南京,2023-07-28,9862
3231,緯創,301,267,34,元大-南京,2023-07-28,9862
00712,復華富時不動產,32,0,32,元大-南京,2023-07-28,9862
2408,南亞科,57,29,28,元大-南京,2023-07-28,9862
2401,凌陽,29,1,28,元大-南京,2023-07-28,9862
6446,藥華藥,29,3,26,元大-南京,2023-07-28,9862
00687B,國泰20年美債,25,0,25,元大-南京,2023-07-28,9862
2352,佳世達,26,2,24,元大-南京,2023-07-28,9862
9904,寶成,24,0,24,元大-南京,2023-07-28,9862
2359,所羅門,43,23,20,元大-南京,2023-07-28,9862
2442,新美齊,20,0,20,元大-南京,2023-07-28,9862
3257,虹冠電,22,2,20,元大-南京,2023-07-28,9862
00650L,復華香港正2,20,0,20,元大-南京,2023-07-28,9862
2027,大成鋼,29,9,20,元大-南京,2023-07-28,9862
2605,新興,24,6,18,元大-南京,2023-07-28,9862
5876,上海商銀,17,0,17,元大-南京,2023-07-28,9862
3042,晶技,17,0,17,元大-南京,2023-07-28,9862
2303,聯電,57,41,16,元大-南京,2023-07-28,9862
2748,雲品,40,24,16,元大-南京,2023-07-28,9862
2376,技嘉,36,21,15,元大-南京,2023-07-28,9862
6223,旺矽,34,19,15,元大-南京,2023-07-28,9862
2609,陽明,27,13,14,元大-南京,2023-07-28,9862
5386,青雲,21,7,14,元大-南京,2023-07-28,9862
4968,立積,15,1,14,元大-南京,2023-07-28,9862
00665L,富邦�琤肭磪囓�2,23,9,14,元大-南京,2023-07-28,9862
3029,零壹,41,28,13,元大-南京,2023-07-28,9862
3217,優群,12,0,12,元大-南京,2023-07-28,9862
1907,永豐餘,22,10,12,元大-南京,2023-07-28,9862
6166,凌華,12,1,11,元大-南京,2023-07-28,9862
00773B,中信優先金融債,11,0,11,元大-南京,2023-07-28,9862
6016,康和證,10,0,10,元大-南京,2023-07-28,9862
2331,精英,10,0,10,元大-南京,2023-07-28,9862
2301,光寶科,345,160,185,元大-南京,2023-07-31,9862
00679B,元大美債20年,122,1,121,元大-南京,2023-07-31,9862
00893,國泰智能電動車,127,17,110,元大-南京,2023-07-31,9862
3711,日月光投控,110,2,108,元大-南京,2023-07-31,9862
9958,世紀鋼,115,13,102,元大-南京,2023-07-31,9862
2313,華通,104,3,101,元大-南京,2023-07-31,9862
3325,旭品,116,27,89,元大-南京,2023-07-31,9862
00929,復華台灣科技優息,78,4,74,元大-南京,2023-07-31,9862
00878,國泰永續高股息,151,81,70,元大-南京,2023-07-31,9862
2892,第一金,58,3,55,元大-南京,2023-07-31,9862
1736,喬山,55,0,55,元大-南京,2023-07-31,9862
5474,聰泰,51,0,51,元大-南京,2023-07-31,9862
2610,華航,58,8,50,元大-南京,2023-07-31,9862
9933,中鼎,50,0,50,元大-南京,2023-07-31,9862
3444,利機,43,0,43,元大-南京,2023-07-31,9862
00919,群益台灣精選高息,42,0,42,元大-南京,2023-07-31,9862
2354,鴻準,41,0,41,元大-南京,2023-07-31,9862
00665L,富邦�琤肭磪囓�2,40,0,40,元大-南京,2023-07-31,9862
3231,緯創,242,203,39,元大-南京,2023-07-31,9862
2474,可成,39,0,39,元大-南京,2023-07-31,9862
3025,星通,88,49,39,元大-南京,2023-07-31,9862
2409,友達,71,34,37,元大-南京,2023-07-31,9862
8048,德勝,34,1,33,元大-南京,2023-07-31,9862
2851,中再保,33,0,33,元大-南京,2023-07-31,9862
1605,華新,35,5,30,元大-南京,2023-07-31,9862
3702A,大聯大甲特,30,0,30,元大-南京,2023-07-31,9862
3591,艾笛森,32,2,30,元大-南京,2023-07-31,9862
2382,廣達,130,100,30,元大-南京,2023-07-31,9862
3163,波若威,34,5,29,元大-南京,2023-07-31,9862
2349,錸德,30,2,28,元大-南京,2023-07-31,9862
2371,大同,63,36,27,元大-南京,2023-07-31,9862
00673R,期元大S＆P原油反1,25,0,25,元大-南京,2023-07-31,9862
4967,十銓,25,0,25,元大-南京,2023-07-31,9862
2890,永豐金,27,2,25,元大-南京,2023-07-31,9862
3033,威健,26,2,24,元大-南京,2023-07-31,9862
2419,仲琦,32,8,24,元大-南京,2023-07-31,9862
3234,光環,23,0,23,元大-南京,2023-07-31,9862
6223,旺矽,42,20,22,元大-南京,2023-07-31,9862
5284,jpp-KY,22,0,22,元大-南京,2023-07-31,9862
4906,正文,21,0,21,元大-南京,2023-07-31,9862
00650L,復華香港正2,20,0,20,元大-南京,2023-07-31,9862
9927,泰銘,23,3,20,元大-南京,2023-07-31,9862
00655L,國泰中國A50正2,20,0,20,元大-南京,2023-07-31,9862
2332,友訊,20,0,20,元大-南京,2023-07-31,9862
6188,廣明,26,6,20,元大-南京,2023-07-31,9862
3029,零壹,66,47,19,元大-南京,2023-07-31,9862
3706,神達,41,23,18,元大-南京,2023-07-31,9862
2027,大成鋼,25,7,18,元大-南京,2023-07-31,9862
2634,漢翔,30,12,18,元大-南京,2023-07-31,9862
1477,聚陽,22,4,18,元大-南京,2023-07-31,9862
2312,金寶,447,40,407,元大-南京,2023-08-01,9862
00878,國泰永續高股息,321,66,255,元大-南京,2023-08-01,9862
1802,台玻,115,41,74,元大-南京,2023-08-01,9862
00632R,元大台灣50反1,110,50,60,元大-南京,2023-08-01,9862
2455,全新,59,7,52,元大-南京,2023-08-01,9862
1615,大山,50,0,50,元大-南京,2023-08-01,9862
00687B,國泰20年美債,51,3,48,元大-南京,2023-08-01,9862
3005,神基,43,1,42,元大-南京,2023-08-01,9862
3062,建漢,39,1,38,元大-南京,2023-08-01,9862
2603,長榮,42,5,37,元大-南京,2023-08-01,9862
00772B,中信高評級公司債,52,18,34,元大-南京,2023-08-01,9862
2633,台灣高鐵,34,0,34,元大-南京,2023-08-01,9862
1532,勤美,33,0,33,元大-南京,2023-08-01,9862
3689,湧德,35,3,32,元大-南京,2023-08-01,9862
1504,東元,36,5,31,元大-南京,2023-08-01,9862
2464,盟立,30,0,30,元大-南京,2023-08-01,9862
1104,環泥,30,0,30,元大-南京,2023-08-01,9862
5607,遠雄港,30,0,30,元大-南京,2023-08-01,9862
4114,健喬,29,1,28,元大-南京,2023-08-01,9862
2401,凌陽,28,2,26,元大-南京,2023-08-01,9862
6231,系微,32,6,26,元大-南京,2023-08-01,9862
2607,榮運,25,0,25,元大-南京,2023-08-01,9862
2329,華泰,30,6,24,元大-南京,2023-08-01,9862
2356,英業達,41,17,24,元大-南京,2023-08-01,9862
00753L,中信中國50正2,23,0,23,元大-南京,2023-08-01,9862
6234,高僑,31,10,21,元大-南京,2023-08-01,9862
4532,瑞智,21,1,20,元大-南京,2023-08-01,9862
5340,建榮,28,8,20,元大-南京,2023-08-01,9862
00706L,期元大S＆P日圓正2,20,0,20,元大-南京,2023-08-01,9862
4960,誠美材,20,0,20,元大-南京,2023-08-01,9862
00929,復華台灣科技優息,20,0,20,元大-南京,2023-08-01,9862
3081,聯亞,22,3,19,元大-南京,2023-08-01,9862
0056,元大高股息,27,7,20,元大-南京,2023-08-01,9862
1326,台化,19,0,19,元大-南京,2023-08-01,9862
3033,威健,54,36,18,元大-南京,2023-08-01,9862
2344,華邦電,25,8,17,元大-南京,2023-08-01,9862
2634,漢翔,31,14,17,元大-南京,2023-08-01,9862
2892,第一金,18,1,17,元大-南京,2023-08-01,9862
3444,利機,17,0,17,元大-南京,2023-08-01,9862
2851,中再保,20,3,17,元大-南京,2023-08-01,9862
3092,鴻碩,15,0,15,元大-南京,2023-08-01,9862
2425,承啟,32,17,15,元大-南京,2023-08-01,9862
3706,神達,20,6,14,元大-南京,2023-08-01,9862
1477,聚陽,15,1,14,元大-南京,2023-08-01,9862
3479,安勤,15,1,14,元大-南京,2023-08-01,9862
1519,華城,15,1,14,元大-南京,2023-08-01,9862
3105,穩懋,17,3,14,元大-南京,2023-08-01,9862
3036,文曄,13,0,13,元大-南京,2023-08-01,9862
6125,廣運,20,7,13,元大-南京,2023-08-01,9862
6282,康舒,117,105,12,元大-南京,2023-08-01,9862
6116,彩晶,506,0,506,元大-南京,2023-08-02,9862
3325,旭品,309,28,281,元大-南京,2023-08-02,9862
2312,金寶,298,20,278,元大-南京,2023-08-02,9862
00900,富邦特選高股息30,190,0,190,元大-南京,2023-08-02,9862
00679B,元大美債20年,164,0,164,元大-南京,2023-08-02,9862
00687B,國泰20年美債,129,0,129,元大-南京,2023-08-02,9862
6188,廣明,128,17,111,元大-南京,2023-08-02,9862
00929,復華台灣科技優息,110,0,110,元大-南京,2023-08-02,9862
3481,群創,118,14,104,元大-南京,2023-08-02,9862
2408,南亞科,103,0,103,元大-南京,2023-08-02,9862
00680L,元大美債20正2,102,0,102,元大-南京,2023-08-02,9862
00902,中信電池及儲能,81,0,81,元大-南京,2023-08-02,9862
0056,元大高股息,99,33,66,元大-南京,2023-08-02,9862
3231,緯創,125,62,63,元大-南京,2023-08-02,9862
1532,勤美,61,0,61,元大-南京,2023-08-02,9862
6770,力積電,62,4,58,元大-南京,2023-08-02,9862
2332,友訊,52,0,52,元大-南京,2023-08-02,9862
3711,日月光投控,66,15,51,元大-南京,2023-08-02,9862
5351,鈺創,41,0,41,元大-南京,2023-08-02,9862
3444,利機,41,1,40,元大-南京,2023-08-02,9862
2356,英業達,90,52,38,元大-南京,2023-08-02,9862
2401,凌陽,39,1,38,元大-南京,2023-08-02,9862
8016,矽創,49,11,38,元大-南京,2023-08-02,9862
00923,群益台ESG低碳50,42,5,37,元大-南京,2023-08-02,9862
2884,玉山金,36,0,36,元大-南京,2023-08-02,9862
2888,新光金,38,2,36,元大-南京,2023-08-02,9862
2610,華航,66,33,33,元大-南京,2023-08-02,9862
00665L,富邦�琤肭磪囓�2,32,0,32,元大-南京,2023-08-02,9862
4726,永昕,32,1,31,元大-南京,2023-08-02,9862
2607,榮運,30,0,30,元大-南京,2023-08-02,9862
1442,名軒,31,1,30,元大-南京,2023-08-02,9862
4164,承業醫,30,1,29,元大-南京,2023-08-02,9862
6282,康舒,47,18,29,元大-南京,2023-08-02,9862
00878,國泰永續高股息,369,341,28,元大-南京,2023-08-02,9862
3380,明泰,32,5,27,元大-南京,2023-08-02,9862
3209,全科,25,0,25,元大-南京,2023-08-02,9862
2344,華邦電,26,1,25,元大-南京,2023-08-02,9862
2882,國泰金,27,3,24,元大-南京,2023-08-02,9862
2885,元大金,27,3,24,元大-南京,2023-08-02,9862
3189,景碩,23,1,22,元大-南京,2023-08-02,9862
2317,鴻海,27,6,21,元大-南京,2023-08-02,9862
2887,台新金,24,3,21,元大-南京,2023-08-02,9862
5258,虹堡,22,1,21,元大-南京,2023-08-02,9862
2886,兆豐金,20,0,20,元大-南京,2023-08-02,9862
2891,中信金,21,1,20,元大-南京,2023-08-02,9862
2634,漢翔,24,4,20,元大-南京,2023-08-02,9862
3042,晶技,20,1,19,元大-南京,2023-08-02,9862
8215,明基材,33,14,19,元大-南京,2023-08-02,9862
3037,欣興,177,158,19,元大-南京,2023-08-02,9862
6753,龍德造船,21,3,18,元大-南京,2023-08-02,9862
00680L,元大美債20正2,702,68,634,元大-南京,2023-08-04,9862
00830,國泰費城半導體,302,0,302,元大-南京,2023-08-04,9862
00919,群益台灣精選高息,205,5,200,元大-南京,2023-08-04,9862
00878,國泰永續高股息,222,58,164,元大-南京,2023-08-04,9862
6188,廣明,109,11,98,元大-南京,2023-08-04,9862
00900,富邦特選高股息30,93,4,89,元大-南京,2023-08-04,9862
00772B,中信高評級公司債,78,0,78,元大-南京,2023-08-04,9862
00679B,元大美債20年,93,21,72,元大-南京,2023-08-04,9862
00687B,國泰20年美債,68,1,67,元大-南京,2023-08-04,9862
2382,廣達,120,54,66,元大-南京,2023-08-04,9862
2618,長榮航,66,5,61,元大-南京,2023-08-04,9862
2371,大同,62,2,60,元大-南京,2023-08-04,9862
1605,華新,73,16,57,元大-南京,2023-08-04,9862
00923,群益台ESG低碳50,56,0,56,元大-南京,2023-08-04,9862
00688L,國泰20年美債正2,51,1,50,元大-南京,2023-08-04,9862
00655L,國泰中國A50正2,45,0,45,元大-南京,2023-08-04,9862
00751B,元大AAA至A公司債,53,9,44,元大-南京,2023-08-04,9862
1210,大成,66,25,41,元大-南京,2023-08-04,9862
1615,大山,40,1,39,元大-南京,2023-08-04,9862
3231,緯創,318,280,38,元大-南京,2023-08-04,9862
00720B,元大投資級公司債,35,0,35,元大-南京,2023-08-04,9862
2344,華邦電,49,17,32,元大-南京,2023-08-04,9862
00671R,富邦NASDAQ反1,122,90,32,元大-南京,2023-08-04,9862
3715,定穎投控,31,0,31,元大-南京,2023-08-04,9862
6592,和潤企業,31,0,31,元大-南京,2023-08-04,9862
5607,遠雄港,30,0,30,元大-南京,2023-08-04,9862
4746,台耀,29,4,25,元大-南京,2023-08-04,9862
00795B,中信美國公債20年,24,0,24,元大-南京,2023-08-04,9862
2420,新巨,25,1,24,元大-南京,2023-08-04,9862
0056,元大高股息,55,31,24,元大-南京,2023-08-04,9862
3444,利機,28,5,23,元大-南京,2023-08-04,9862
4164,承業醫,23,0,23,元大-南京,2023-08-04,9862
00696B,富邦美債20年,22,0,22,元大-南京,2023-08-04,9862
3587,閎康,22,0,22,元大-南京,2023-08-04,9862
2891,中信金,23,1,22,元大-南京,2023-08-04,9862
00893,國泰智能電動車,21,0,21,元大-南京,2023-08-04,9862
3042,晶技,21,0,21,元大-南京,2023-08-04,9862
1445,大宇,20,0,20,元大-南京,2023-08-04,9862
1608,華榮,25,5,20,元大-南京,2023-08-04,9862
3013,晟銘電,48,28,20,元大-南京,2023-08-04,9862
1216,統一,18,0,18,元大-南京,2023-08-04,9862
6282,康舒,32,13,19,元大-南京,2023-08-04,9862
2049,上銀,20,3,17,元大-南京,2023-08-04,9862
2897,王道銀行,17,0,17,元大-南京,2023-08-04,9862
1609,大亞,34,17,17,元大-南京,2023-08-04,9862
2801,彰銀,18,1,17,元大-南京,2023-08-04,9862
2352,佳世達,25,8,17,元大-南京,2023-08-04,9862
00929,復華台灣科技優息,17,1,16,元大-南京,2023-08-04,9862
2887,台新金,16,0,16,元大-南京,2023-08-04,9862
00712,復華富時不動產,15,0,15,元大-南京,2023-08-04,9862
6116,彩晶,572,0,572,元大-南京,2023-08-07,9862
2882,國泰金,206,3,203,元大-南京,2023-08-07,9862
00929,復華台灣科技優息,139,0,139,元大-南京,2023-08-07,9862
00893,國泰智能電動車,126,0,126,元大-南京,2023-08-07,9862
00632R,元大台灣50反1,240,140,100,元大-南京,2023-08-07,9862
2913,農林,100,13,87,元大-南京,2023-08-07,9862
00757,統一FANG+,76,0,76,元大-南京,2023-08-07,9862
2618,長榮航,95,20,75,元大-南京,2023-08-07,9862
00676R,富邦臺灣加權反1,66,0,66,元大-南京,2023-08-07,9862
00772B,中信高評級公司債,50,1,49,元大-南京,2023-08-07,9862
00931B,統一美債20年,41,0,41,元大-南京,2023-08-07,9862
5009,榮剛,48,8,40,元大-南京,2023-08-07,9862
3706,神達,159,120,39,元大-南京,2023-08-07,9862
3042,晶技,43,7,36,元大-南京,2023-08-07,9862
8049,晶采,31,0,31,元大-南京,2023-08-07,9862
2301,光寶科,190,160,30,元大-南京,2023-08-07,9862
2603,長榮,43,15,28,元大-南京,2023-08-07,9862
00673R,期元大S＆P原油反1,28,0,28,元大-南京,2023-08-07,9862
2607,榮運,26,0,26,元大-南京,2023-08-07,9862
6282,康舒,40,14,26,元大-南京,2023-08-07,9862
00795B,中信美國公債20年,23,1,22,元大-南京,2023-08-07,9862
4105,東洋,20,0,20,元大-南京,2023-08-07,9862
2347,聯強,22,2,20,元大-南京,2023-08-07,9862
2891,中信金,18,0,18,元大-南京,2023-08-07,9862
6139,亞翔,17,0,17,元大-南京,2023-08-07,9862
1609,大亞,15,0,15,元大-南京,2023-08-07,9862
00637L,元大滬深300正2,15,0,15,元大-南京,2023-08-07,9862
1905,華紙,55,41,14,元大-南京,2023-08-07,9862
3037,欣興,18,5,13,元大-南京,2023-08-07,9862
8215,明基材,14,1,13,元大-南京,2023-08-07,9862
2027,大成鋼,13,0,13,元大-南京,2023-08-07,9862
1313,聯成,13,0,13,元大-南京,2023-08-07,9862
4906,正文,15,2,13,元大-南京,2023-08-07,9862
6269,台郡,13,0,13,元大-南京,2023-08-07,9862
6274,台燿,50,37,13,元大-南京,2023-08-07,9862
6830,汎銓,30,18,12,元大-南京,2023-08-07,9862
6125,廣運,38,27,11,元大-南京,2023-08-07,9862
5347,世界,12,1,11,元大-南京,2023-08-07,9862
5371,中光電,24,13,11,元大-南京,2023-08-07,9862
3689,湧德,16,6,10,元大-南京,2023-08-07,9862
6207,雷科,10,0,10,元大-南京,2023-08-07,9862
1503,士電,15,6,9,元大-南京,2023-08-07,9862
6112,邁達特,13,4,9,元大-南京,2023-08-07,9862
6609,瀧澤科,10,1,9,元大-南京,2023-08-07,9862
3693,營邦,19,10,9,元大-南京,2023-08-07,9862
3483,力致,8,0,8,元大-南京,2023-08-07,9862
5880,合庫金,13,5,8,元大-南京,2023-08-07,9862
8210,勤誠,10,2,8,元大-南京,2023-08-07,9862
00687B,國泰20年美債,8,0,8,元大-南京,2023-08-07,9862
00720B,元大投資級公司債,7,0,7,元大-南京,2023-08-07,9862
00919,群益台灣精選高息,279,6,273,元大-南京,2023-08-08,9862
00900,富邦特選高股息30,122,1,121,元大-南京,2023-08-08,9862
6116,彩晶,122,15,107,元大-南京,2023-08-08,9862
2882,國泰金,120,28,92,元大-南京,2023-08-08,9862
2356,英業達,133,47,86,元大-南京,2023-08-08,9862
9904,寶成,81,0,81,元大-南京,2023-08-08,9862
2382,廣達,227,155,72,元大-南京,2023-08-08,9862
00929,復華台灣科技優息,69,0,69,元大-南京,2023-08-08,9862
5425,台半,55,0,55,元大-南京,2023-08-08,9862
00878,國泰永續高股息,95,48,47,元大-南京,2023-08-08,9862
5880,合庫金,46,1,45,元大-南京,2023-08-08,9862
3702,大聯大,44,0,44,元大-南京,2023-08-08,9862
6412,群電,41,2,39,元大-南京,2023-08-08,9862
6770,力積電,40,2,38,元大-南京,2023-08-08,9862
00923,群益台ESG低碳50,36,0,36,元大-南京,2023-08-08,9862
3231,緯創,245,213,32,元大-南京,2023-08-08,9862
3051,力特,32,0,32,元大-南京,2023-08-08,9862
8433,弘帆,32,1,31,元大-南京,2023-08-08,9862
1326,台化,30,0,30,元大-南京,2023-08-08,9862
3042,晶技,34,5,29,元大-南京,2023-08-08,9862
2890,永豐金,28,0,28,元大-南京,2023-08-08,9862
2344,華邦電,33,5,28,元大-南京,2023-08-08,9862
6414,樺漢,28,2,26,元大-南京,2023-08-08,9862
6285,啟��,47,23,24,元大-南京,2023-08-08,9862
00679B,元大美債20年,24,1,23,元大-南京,2023-08-08,9862
00706L,期元大S＆P日圓正2,22,0,22,元大-南京,2023-08-08,9862
1532,勤美,23,1,22,元大-南京,2023-08-08,9862
00673R,期元大S＆P原油反1,20,0,20,元大-南京,2023-08-08,9862
6592,和潤企業,16,0,16,元大-南京,2023-08-08,9862
00881,國泰台灣5G+,15,0,15,元大-南京,2023-08-08,9862
3380,明泰,16,1,15,元大-南京,2023-08-08,9862
2380,虹光,15,0,15,元大-南京,2023-08-08,9862
00882,中信中國高股息,14,0,14,元大-南京,2023-08-08,9862
1103,嘉泥,15,1,14,元大-南京,2023-08-08,9862
2515,中工,20,6,14,元大-南京,2023-08-08,9862
6830,汎銓,17,3,14,元大-南京,2023-08-08,9862
2303,聯電,15,2,13,元大-南京,2023-08-08,9862
1609,大亞,14,1,13,元大-南京,2023-08-08,9862
00931B,統一美債20年,12,0,12,元大-南京,2023-08-08,9862
8027,鈦昇,13,1,12,元大-南京,2023-08-08,9862
1529,樂事綠能,13,2,11,元大-南京,2023-08-08,9862
2881,富邦金,13,2,11,元大-南京,2023-08-08,9862
6188,廣明,23,12,11,元大-南京,2023-08-08,9862
6609,瀧澤科,11,0,11,元大-南京,2023-08-08,9862
2885,元大金,41,30,11,元大-南京,2023-08-08,9862
2884,玉山金,11,0,11,元大-南京,2023-08-08,9862
2409,友達,11,0,11,元大-南京,2023-08-08,9862
2607,榮運,10,0,10,元大-南京,2023-08-08,9862
00930,永豐ESG低碳高息,10,0,10,元大-南京,2023-08-08,9862
1736,喬山,10,0,10,元大-南京,2023-08-08,9862
00878,國泰永續高股息,203,50,153,元大-南京,2023-08-09,9862
1101,台泥,112,2,110,元大-南京,2023-08-09,9862
6116,彩晶,83,0,83,元大-南京,2023-08-09,9862
4906,正文,142,62,80,元大-南京,2023-08-09,9862
00632R,元大台灣50反1,70,0,70,元大-南京,2023-08-09,9862
5425,台半,62,6,56,元大-南京,2023-08-09,9862
3231,緯創,209,157,52,元大-南京,2023-08-09,9862
00671R,富邦NASDAQ反1,50,0,50,元大-南京,2023-08-09,9862
6189,豐藝,49,0,49,元大-南京,2023-08-09,9862
00687B,國泰20年美債,50,1,49,元大-南京,2023-08-09,9862
2892,第一金,59,12,47,元大-南京,2023-08-09,9862
00751B,元大AAA至A公司債,42,0,42,元大-南京,2023-08-09,9862
3483,力致,60,18,42,元大-南京,2023-08-09,9862
1605,華新,48,14,34,元大-南京,2023-08-09,9862
6282,康舒,34,0,34,元大-南京,2023-08-09,9862
6188,廣明,47,16,31,元大-南京,2023-08-09,9862
00900,富邦特選高股息30,38,9,29,元大-南京,2023-08-09,9862
00929,復華台灣科技優息,24,0,24,元大-南京,2023-08-09,9862
00680L,元大美債20正2,28,4,24,元大-南京,2023-08-09,9862
2027,大成鋼,27,5,22,元大-南京,2023-08-09,9862
00679B,元大美債20年,50,29,21,元大-南京,2023-08-09,9862
00688L,國泰20年美債正2,20,0,20,元大-南京,2023-08-09,9862
6185,幃翔,20,0,20,元大-南京,2023-08-09,9862
8049,晶采,20,0,20,元大-南京,2023-08-09,9862
6129,普誠,22,2,20,元大-南京,2023-08-09,9862
2890,永豐金,19,0,19,元大-南京,2023-08-09,9862
2356,英業達,88,70,18,元大-南京,2023-08-09,9862
8086,宏捷科,18,0,18,元大-南京,2023-08-09,9862
1103,嘉泥,18,0,18,元大-南京,2023-08-09,9862
3710,連展投控,16,0,16,元大-南京,2023-08-09,9862
00923,群益台ESG低碳50,15,0,15,元大-南京,2023-08-09,9862
1313,聯成,19,4,15,元大-南京,2023-08-09,9862
8050,廣積,17,3,14,元大-南京,2023-08-09,9862
8069,元太,15,1,14,元大-南京,2023-08-09,9862
3481,群創,14,1,13,元大-南京,2023-08-09,9862
2458,義隆,16,3,13,元大-南京,2023-08-09,9862
2002,中鋼,15,2,13,元大-南京,2023-08-09,9862
00673R,期元大S＆P原油反1,12,0,12,元大-南京,2023-08-09,9862
1210,大成,50,38,12,元大-南京,2023-08-09,9862
2891,中信金,12,1,11,元大-南京,2023-08-09,9862
6609,瀧澤科,11,0,11,元大-南京,2023-08-09,9862
00907,永豐優息存股,11,0,11,元大-南京,2023-08-09,9862
2834,臺企銀,10,0,10,元大-南京,2023-08-09,9862
2380,虹光,10,0,10,元大-南京,2023-08-09,9862
00896,中信綠能及電動車,10,0,10,元大-南京,2023-08-09,9862
4533,協易機,10,0,10,元大-南京,2023-08-09,9862
1722,台肥,10,0,10,元大-南京,2023-08-09,9862
2369,菱生,10,0,10,元大-南京,2023-08-09,9862
2029,盛餘,10,0,10,元大-南京,2023-08-09,9862
1442,名軒,10,0,10,元大-南京,2023-08-09,9862
2382,廣達,426,88,338,元大-南京,2023-08-10,9862
1605,華新,323,5,318,元大-南京,2023-08-10,9862
2888,新光金,276,25,251,元大-南京,2023-08-10,9862
2312,金寶,237,15,222,元大-南京,2023-08-10,9862
3481,群創,116,8,108,元大-南京,2023-08-10,9862
00878,國泰永續高股息,166,62,104,元大-南京,2023-08-10,9862
2408,南亞科,102,0,102,元大-南京,2023-08-10,9862
00900,富邦特選高股息30,101,1,100,元大-南京,2023-08-10,9862
2610,華航,132,58,74,元大-南京,2023-08-10,9862
2409,友達,64,11,53,元大-南京,2023-08-10,9862
2834,臺企銀,54,2,52,元大-南京,2023-08-10,9862
00706L,期元大S＆P日圓正2,50,0,50,元大-南京,2023-08-10,9862
6153,嘉聯益,46,0,46,元大-南京,2023-08-10,9862
2886,兆豐金,42,1,41,元大-南京,2023-08-10,9862
2317,鴻海,44,3,41,元大-南京,2023-08-10,9862
2412,中華電,42,1,41,元大-南京,2023-08-10,9862
00857B,永豐20年美公債,40,0,40,元大-南京,2023-08-10,9862
8215,明基材,39,2,37,元大-南京,2023-08-10,9862
00680L,元大美債20正2,30,0,30,元大-南京,2023-08-10,9862
3038,全台,30,0,30,元大-南京,2023-08-10,9862
3483,力致,71,41,30,元大-南京,2023-08-10,9862
8112,至上,44,16,28,元大-南京,2023-08-10,9862
2376,技嘉,43,15,28,元大-南京,2023-08-10,9862
00665L,富邦�琤肭磪囓�2,111,84,27,元大-南京,2023-08-10,9862
0050,元大台灣50,27,0,27,元大-南京,2023-08-10,9862
2353,宏��,33,7,26,元大-南京,2023-08-10,9862
8049,晶采,28,2,26,元大-南京,2023-08-10,9862
2303,聯電,31,7,24,元大-南京,2023-08-10,9862
0056,元大高股息,45,22,23,元大-南京,2023-08-10,9862
6414,樺漢,26,3,23,元大-南京,2023-08-10,9862
6116,彩晶,23,0,23,元大-南京,2023-08-10,9862
4906,正文,25,4,21,元大-南京,2023-08-10,9862
8027,鈦昇,24,4,20,元大-南京,2023-08-10,9862
2104,國際中橡,20,0,20,元大-南京,2023-08-10,9862
4973,廣穎,20,0,20,元大-南京,2023-08-10,9862
4104,佳醫,20,0,20,元大-南京,2023-08-10,9862
00688L,國泰20年美債正2,20,0,20,元大-南京,2023-08-10,9862
2383,台光電,27,8,19,元大-南京,2023-08-10,9862
4121,優盛,21,2,19,元大-南京,2023-08-10,9862
1711,永光,20,1,19,元大-南京,2023-08-10,9862
1513,中興電,46,28,18,元大-南京,2023-08-10,9862
3339,泰谷,18,0,18,元大-南京,2023-08-10,9862
6188,廣明,26,9,17,元大-南京,2023-08-10,9862
3231,緯創,253,236,17,元大-南京,2023-08-10,9862
1409,新纖,17,0,17,元大-南京,2023-08-10,9862
00923,群益台ESG低碳50,17,0,17,元大-南京,2023-08-10,9862
2515,中工,17,0,17,元大-南京,2023-08-10,9862
6609,瀧澤科,17,0,17,元大-南京,2023-08-10,9862
3356,奇偶,17,1,16,元大-南京,2023-08-10,9862
3257,虹冠電,16,0,16,元大-南京,2023-08-10,9862
2363,矽統,1089,15,1074,元大-南京,2023-08-11,9862
00632R,元大台灣50反1,160,0,160,元大-南京,2023-08-11,9862
00900,富邦特選高股息30,159,10,149,元大-南京,2023-08-11,9862
3481,群創,116,36,80,元大-南京,2023-08-11,9862
00931B,統一美債20年,62,0,62,元大-南京,2023-08-11,9862
6188,廣明,64,9,55,元大-南京,2023-08-11,9862
3231,緯創,202,150,52,元大-南京,2023-08-11,9862
00715L,期街口布蘭特正2,52,0,52,元大-南京,2023-08-11,9862
2882,國泰金,48,1,47,元大-南京,2023-08-11,9862
00751B,元大AAA至A公司債,43,0,43,元大-南京,2023-08-11,9862
2354,鴻準,40,0,40,元大-南京,2023-08-11,9862
3706,神達,64,30,34,元大-南京,2023-08-11,9862
2409,友達,35,4,31,元大-南京,2023-08-11,9862
1309,台達化,30,0,30,元大-南京,2023-08-11,9862
2329,華泰,35,7,28,元大-南京,2023-08-11,9862
2301,光寶科,37,9,28,元大-南京,2023-08-11,9862
2317,鴻海,27,0,27,元大-南京,2023-08-11,9862
00878,國泰永續高股息,31,5,26,元大-南京,2023-08-11,9862
00795B,中信美國公債20年,24,0,24,元大-南京,2023-08-11,9862
00670L,富邦NASDAQ正2,23,0,23,元大-南京,2023-08-11,9862
8446,華研,24,1,23,元大-南京,2023-08-11,9862
00679B,元大美債20年,25,3,22,元大-南京,2023-08-11,9862
00929,復華台灣科技優息,21,0,21,元大-南京,2023-08-11,9862
00882,中信中國高股息,20,0,20,元大-南京,2023-08-11,9862
4105,東洋,20,0,20,元大-南京,2023-08-11,9862
3306,鼎天,19,0,19,元大-南京,2023-08-11,9862
2412,中華電,18,0,18,元大-南京,2023-08-11,9862
1711,永光,21,3,18,元大-南京,2023-08-11,9862
2002,中鋼,20,3,17,元大-南京,2023-08-11,9862
6605,帝寶,16,0,16,元大-南京,2023-08-11,9862
1722,台肥,20,4,16,元大-南京,2023-08-11,9862
2328,廣宇,15,0,15,元大-南京,2023-08-11,9862
1905,華紙,21,7,14,元大-南京,2023-08-11,9862
2352,佳世達,14,0,14,元大-南京,2023-08-11,9862
00680L,元大美債20正2,26,12,14,元大-南京,2023-08-11,9862
2801,彰銀,24,10,14,元大-南京,2023-08-11,9862
5871,中租-KY,13,0,13,元大-南京,2023-08-11,9862
5009,榮剛,13,0,13,元大-南京,2023-08-11,9862
5607,遠雄港,15,2,13,元大-南京,2023-08-11,9862
3583,辛耘,18,6,12,元大-南京,2023-08-11,9862
6274,台燿,13,1,12,元大-南京,2023-08-11,9862
00753L,中信中國50正2,12,0,12,元大-南京,2023-08-11,9862
00637L,元大滬深300正2,13,2,11,元大-南京,2023-08-11,9862
1522,堤維西,11,0,11,元大-南京,2023-08-11,9862
3682,亞太電,11,0,11,元大-南京,2023-08-11,9862
5425,台半,11,0,11,元大-南京,2023-08-11,9862
2885,元大金,14,4,10,元大-南京,2023-08-11,9862
2480,敦陽科,10,0,10,元大-南京,2023-08-11,9862
6770,力積電,11,1,10,元大-南京,2023-08-11,9862
00687B,國泰20年美債,10,0,10,元大-南京,2023-08-11,9862
2355,敬鵬,175,2,173,元大-南京,2023-08-14,9862
00706L,期元大S＆P日圓正2,300,130,170,元大-南京,2023-08-14,9862
00929,復華台灣科技優息,145,0,145,元大-南京,2023-08-14,9862
2409,友達,134,5,129,元大-南京,2023-08-14,9862
00878,國泰永續高股息,133,11,122,元大-南京,2023-08-14,9862
00680L,元大美債20正2,175,60,115,元大-南京,2023-08-14,9862
2408,南亞科,108,1,107,元大-南京,2023-08-14,9862
2801,彰銀,114,12,102,元大-南京,2023-08-14,9862
00882,中信中國高股息,97,0,97,元大-南京,2023-08-14,9862
9105,泰金寶-DR,90,0,90,元大-南京,2023-08-14,9862
1301,台塑,89,1,88,元大-南京,2023-08-14,9862
3035,智原,93,20,73,元大-南京,2023-08-14,9862
00751B,元大AAA至A公司債,79,21,58,元大-南京,2023-08-14,9862
6005,群益證,52,0,52,元大-南京,2023-08-14,9862
2618,長榮航,64,12,52,元大-南京,2023-08-14,9862
6026,福邦證,45,0,45,元大-南京,2023-08-14,9862
2610,華航,74,31,43,元大-南京,2023-08-14,9862
2356,英業達,80,40,40,元大-南京,2023-08-14,9862
3483,力致,85,46,39,元大-南京,2023-08-14,9862
00772B,中信高評級公司債,40,2,38,元大-南京,2023-08-14,9862
2834,臺企銀,57,20,37,元大-南京,2023-08-14,9862
0050,元大台灣50,39,2,37,元大-南京,2023-08-14,9862
00900,富邦特選高股息30,86,50,36,元大-南京,2023-08-14,9862
2344,華邦電,42,7,35,元大-南京,2023-08-14,9862
00712,復華富時不動產,41,8,33,元大-南京,2023-08-14,9862
2104,國際中橡,30,0,30,元大-南京,2023-08-14,9862
1309,台達化,30,0,30,元大-南京,2023-08-14,9862
1532,勤美,34,10,24,元大-南京,2023-08-14,9862
00655L,國泰中國A50正2,23,0,23,元大-南京,2023-08-14,9862
2606,裕民,25,4,21,元大-南京,2023-08-14,9862
2359,所羅門,22,1,21,元大-南京,2023-08-14,9862
2303,聯電,39,19,20,元大-南京,2023-08-14,9862
00688L,國泰20年美債正2,20,0,20,元大-南京,2023-08-14,9862
2106,建大,20,0,20,元大-南京,2023-08-14,9862
0061,元大寶滬深,19,1,18,元大-南京,2023-08-14,9862
6609,瀧澤科,28,10,18,元大-南京,2023-08-14,9862
00679B,元大美債20年,18,0,18,元大-南京,2023-08-14,9862
00923,群益台ESG低碳50,16,0,16,元大-南京,2023-08-14,9862
4306,炎洲,20,4,16,元大-南京,2023-08-14,9862
9907,統一實,17,2,15,元大-南京,2023-08-14,9862
2337,旺宏,16,1,15,元大-南京,2023-08-14,9862
6235,華孚,24,9,15,元大-南京,2023-08-14,9862
00830,國泰費城半導體,14,0,14,元大-南京,2023-08-14,9862
6625,必應,27,14,13,元大-南京,2023-08-14,9862
6679,鈺太,13,0,13,元大-南京,2023-08-14,9862
00633L,富邦上証正2,20,7,13,元大-南京,2023-08-14,9862
2634,漢翔,15,2,13,元大-南京,2023-08-14,9862
2393,億光,15,2,13,元大-南京,2023-08-14,9862
5258,虹堡,18,6,12,元大-南京,2023-08-14,9862
2888,新光金,18,6,12,元大-南京,2023-08-14,9862
4414,如興,150,0,150,元大-南京,2023-08-15,9862
6609,瀧澤科,123,2,121,元大-南京,2023-08-15,9862
00923,群益台ESG低碳50,117,0,117,元大-南京,2023-08-15,9862
2355,敬鵬,107,3,104,元大-南京,2023-08-15,9862
00671R,富邦NASDAQ反1,79,0,79,元大-南京,2023-08-15,9862
3622,洋華,81,3,78,元大-南京,2023-08-15,9862
00929,復華台灣科技優息,64,0,64,元大-南京,2023-08-15,9862
00720B,元大投資級公司債,51,0,51,元大-南京,2023-08-15,9862
1722,台肥,50,0,50,元大-南京,2023-08-15,9862
2014,中鴻,47,1,46,元大-南京,2023-08-15,9862
00882,中信中國高股息,47,2,45,元大-南京,2023-08-15,9862
2317,鴻海,55,17,38,元大-南京,2023-08-15,9862
3231,緯創,126,91,35,元大-南京,2023-08-15,9862
3035,智原,58,24,34,元大-南京,2023-08-15,9862
00679B,元大美債20年,29,0,29,元大-南京,2023-08-15,9862
00772B,中信高評級公司債,26,0,26,元大-南京,2023-08-15,9862
2027,大成鋼,24,0,24,元大-南京,2023-08-15,9862
2002,中鋼,29,6,23,元大-南京,2023-08-15,9862
6274,台燿,29,6,23,元大-南京,2023-08-15,9862
2883,凱基金,37,15,22,元大-南京,2023-08-15,9862
2801,彰銀,21,0,21,元大-南京,2023-08-15,9862
2442,新美齊,20,0,20,元大-南京,2023-08-15,9862
3444,利機,26,7,19,元大-南京,2023-08-15,9862
2542,興富發,29,10,19,元大-南京,2023-08-15,9862
00670L,富邦NASDAQ正2,19,1,18,元大-南京,2023-08-15,9862
5871,中租-KY,17,0,17,元大-南京,2023-08-15,9862
5210,寶碩,17,0,17,元大-南京,2023-08-15,9862
2618,長榮航,25,9,16,元大-南京,2023-08-15,9862
00907,永豐優息存股,15,0,15,元大-南京,2023-08-15,9862
00931B,統一美債20年,15,0,15,元大-南京,2023-08-15,9862
2887,台新金,14,0,14,元大-南京,2023-08-15,9862
3481,群創,15,1,14,元大-南京,2023-08-15,9862
1303,南亞,15,2,13,元大-南京,2023-08-15,9862
2363,矽統,102,89,13,元大-南京,2023-08-15,9862
00632R,元大台灣50反1,13,1,12,元大-南京,2023-08-15,9862
1529,樂事綠能,12,0,12,元大-南京,2023-08-15,9862
2605,新興,12,0,12,元大-南京,2023-08-15,9862
6669,緯穎,16,5,11,元大-南京,2023-08-15,9862
00687B,國泰20年美債,11,0,11,元大-南京,2023-08-15,9862
2897,王道銀行,11,0,11,元大-南京,2023-08-15,9862
9927,泰銘,11,0,11,元大-南京,2023-08-15,9862
00635U,期元大S＆P黃金,10,0,10,元大-南京,2023-08-15,9862
2425,承啟,11,1,10,元大-南京,2023-08-15,9862
3036,文曄,10,0,10,元大-南京,2023-08-15,9862
0061,元大寶滬深,10,0,10,元大-南京,2023-08-15,9862
6426,統新,10,0,10,元大-南京,2023-08-15,9862
00655L,國泰中國A50正2,12,2,10,元大-南京,2023-08-15,9862
1802,台玻,11,2,9,元大-南京,2023-08-15,9862
8112,至上,15,6,9,元大-南京,2023-08-15,9862
1532,勤美,9,0,9,元大-南京,2023-08-15,9862
00929,復華台灣科技優息,92,0,92,元大-南京,2023-08-16,9862
9105,泰金寶-DR,80,0,80,元大-南京,2023-08-16,9862
2303,聯電,83,9,74,元大-南京,2023-08-16,9862
00680L,元大美債20正2,79,16,63,元大-南京,2023-08-16,9862
2610,華航,63,3,60,元大-南京,2023-08-16,9862
00706L,期元大S＆P日圓正2,100,40,60,元大-南京,2023-08-16,9862
3036A,文曄甲特,52,0,52,元大-南京,2023-08-16,9862
2324,仁寶,100,57,43,元大-南京,2023-08-16,9862
2883,凱基金,45,7,38,元大-南京,2023-08-16,9862
00772B,中信高評級公司債,38,0,38,元大-南京,2023-08-16,9862
1326,台化,36,0,36,元大-南京,2023-08-16,9862
2618,長榮航,51,20,31,元大-南京,2023-08-16,9862
00795B,中信美國公債20年,31,0,31,元大-南京,2023-08-16,9862
2897,王道銀行,28,0,28,元大-南京,2023-08-16,9862
2363,矽統,47,19,28,元大-南京,2023-08-16,9862
00923,群益台ESG低碳50,28,0,28,元大-南京,2023-08-16,9862
8210,勤誠,43,16,27,元大-南京,2023-08-16,9862
00687B,國泰20年美債,27,0,27,元大-南京,2023-08-16,9862
1301,台塑,27,2,25,元大-南京,2023-08-16,9862
5210,寶碩,25,0,25,元大-南京,2023-08-16,9862
0050,元大台灣50,25,0,25,元大-南京,2023-08-16,9862
2891,中信金,41,16,25,元大-南京,2023-08-16,9862
2002,中鋼,23,2,21,元大-南京,2023-08-16,9862
4105,東洋,20,0,20,元大-南京,2023-08-16,9862
2442,新美齊,20,0,20,元大-南京,2023-08-16,9862
3481,群創,32,12,20,元大-南京,2023-08-16,9862
00725B,國泰投資級公司債,19,0,19,元大-南京,2023-08-16,9862
2359,所羅門,20,1,19,元大-南京,2023-08-16,9862
2014,中鴻,19,0,19,元大-南京,2023-08-16,9862
2419,仲琦,20,1,19,元大-南京,2023-08-16,9862
00931B,統一美債20年,19,0,19,元大-南京,2023-08-16,9862
2609,陽明,28,10,18,元大-南京,2023-08-16,9862
3035,智原,44,29,15,元大-南京,2023-08-16,9862
00782B,國泰A級公用債,15,0,15,元大-南京,2023-08-16,9862
6188,廣明,32,17,15,元大-南京,2023-08-16,9862
1313,聯成,17,2,15,元大-南京,2023-08-16,9862
3036,文曄,15,0,15,元大-南京,2023-08-16,9862
2603,長榮,14,0,14,元大-南京,2023-08-16,9862
6235,華孚,28,14,14,元大-南京,2023-08-16,9862
00679B,元大美債20年,23,10,13,元大-南京,2023-08-16,9862
1101,台泥,19,6,13,元大-南京,2023-08-16,9862
1513,中興電,19,6,13,元大-南京,2023-08-16,9862
2460,建通,25,12,13,元大-南京,2023-08-16,9862
00632R,元大台灣50反1,56,43,13,元大-南京,2023-08-16,9862
3163,波若威,19,7,12,元大-南京,2023-08-16,9862
6426,統新,12,0,12,元大-南京,2023-08-16,9862
00878,國泰永續高股息,64,52,12,元大-南京,2023-08-16,9862
6438,迅得,14,3,11,元大-南京,2023-08-16,9862
4139,馬光-KY,10,0,10,元大-南京,2023-08-16,9862
1517,利奇,10,0,10,元大-南京,2023-08-16,9862
00929,復華台灣科技優息,292,106,186,元大-南京,2023-08-17,9862
3231,緯創,228,159,69,元大-南京,2023-08-17,9862
3338,泰碩,69,11,58,元大-南京,2023-08-17,9862
2891,中信金,63,7,56,元大-南京,2023-08-17,9862
9105,泰金寶-DR,95,40,55,元大-南京,2023-08-17,9862
00931B,統一美債20年,58,5,53,元大-南京,2023-08-17,9862
00687B,國泰20年美債,43,0,43,元大-南京,2023-08-17,9862
2303,聯電,72,29,43,元大-南京,2023-08-17,9862
00881,國泰台灣5G+,42,0,42,元大-南京,2023-08-17,9862
2355,敬鵬,45,8,37,元大-南京,2023-08-17,9862
1326,台化,36,0,36,元大-南京,2023-08-17,9862
00923,群益台ESG低碳50,40,5,35,元大-南京,2023-08-17,9862
00772B,中信高評級公司債,36,2,34,元大-南京,2023-08-17,9862
00679B,元大美債20年,34,1,33,元大-南京,2023-08-17,9862
2618,長榮航,38,7,31,元大-南京,2023-08-17,9862
00795B,中信美國公債20年,31,1,30,元大-南京,2023-08-17,9862
2885,元大金,34,5,29,元大-南京,2023-08-17,9862
00830,國泰費城半導體,28,0,28,元大-南京,2023-08-17,9862
2324,仁寶,146,118,28,元大-南京,2023-08-17,9862
2884,玉山金,28,2,26,元大-南京,2023-08-17,9862
6414,樺漢,49,25,24,元大-南京,2023-08-17,9862
2382,廣達,155,131,24,元大-南京,2023-08-17,9862
00850,元大臺灣ESG永續,22,0,22,元大-南京,2023-08-17,9862
00720B,元大投資級公司債,22,0,22,元大-南京,2023-08-17,9862
3051,力特,26,4,22,元大-南京,2023-08-17,9862
00930,永豐ESG低碳高息,21,0,21,元大-南京,2023-08-17,9862
00680L,元大美債20正2,22,1,21,元大-南京,2023-08-17,9862
2880,華南金,19,0,19,元大-南京,2023-08-17,9862
2886,兆豐金,26,7,19,元大-南京,2023-08-17,9862
020032,元大綠能N,18,0,18,元大-南京,2023-08-17,9862
2301,光寶科,36,19,17,元大-南京,2023-08-17,9862
00919,群益台灣精選高息,19,2,17,元大-南京,2023-08-17,9862
6282,康舒,26,9,17,元大-南京,2023-08-17,9862
1210,大成,16,0,16,元大-南京,2023-08-17,9862
2801,彰銀,15,0,15,元大-南京,2023-08-17,9862
1303,南亞,17,2,15,元大-南京,2023-08-17,9862
1444,力麗,15,0,15,元大-南京,2023-08-17,9862
3047,訊舟,15,0,15,元大-南京,2023-08-17,9862
0056,元大高股息,57,43,14,元大-南京,2023-08-17,9862
1301,台塑,18,4,14,元大-南京,2023-08-17,9862
2887,台新金,18,4,14,元大-南京,2023-08-17,9862
2609,陽明,20,7,13,元大-南京,2023-08-17,9862
2883,凱基金,14,1,13,元大-南京,2023-08-17,9862
2834,臺企銀,11,0,11,元大-南京,2023-08-17,9862
1504,東元,13,2,11,元大-南京,2023-08-17,9862
00878,國泰永續高股息,66,55,11,元大-南京,2023-08-17,9862
00757,統一FANG+,10,0,10,元大-南京,2023-08-17,9862
8299,群聯,10,0,10,元大-南京,2023-08-17,9862
00673R,期元大S＆P原油反1,10,0,10,元大-南京,2023-08-17,9862
020029,元大ESG高股息N,10,0,10,元大-南京,2023-08-17,9862
00878,國泰永續高股息,147,29,118,元大-南京,2023-08-18,9862
00929,復華台灣科技優息,91,5,86,元大-南京,2023-08-18,9862
2312,金寶,87,6,81,元大-南京,2023-08-18,9862
2409,友達,101,35,66,元大-南京,2023-08-18,9862
00900,富邦特選高股息30,59,0,59,元大-南京,2023-08-18,9862
6285,啟��,78,25,53,元大-南京,2023-08-18,9862
2324,仁寶,71,22,49,元大-南京,2023-08-18,9862
00706L,期元大S＆P日圓正2,127,80,47,元大-南京,2023-08-18,9862
2891,中信金,44,0,44,元大-南京,2023-08-18,9862
9103,美德醫療-DR,40,0,40,元大-南京,2023-08-18,9862
2363,矽統,151,113,38,元大-南京,2023-08-18,9862
00923,群益台ESG低碳50,34,0,34,元大-南京,2023-08-18,9862
00720B,元大投資級公司債,34,1,33,元大-南京,2023-08-18,9862
3715,定穎投控,102,69,33,元大-南京,2023-08-18,9862
1605,華新,33,1,32,元大-南京,2023-08-18,9862
1907,永豐餘,32,0,32,元大-南京,2023-08-18,9862
00885,富邦越南,31,0,31,元大-南京,2023-08-18,9862
00680L,元大美債20正2,53,23,30,元大-南京,2023-08-18,9862
2610,華航,46,17,29,元大-南京,2023-08-18,9862
2329,華泰,80,53,27,元大-南京,2023-08-18,9862
3231,緯創,348,321,27,元大-南京,2023-08-18,9862
2355,敬鵬,35,9,26,元大-南京,2023-08-18,9862
2618,長榮航,30,7,23,元大-南京,2023-08-18,9862
1513,中興電,53,32,21,元大-南京,2023-08-18,9862
2419,仲琦,21,1,20,元大-南京,2023-08-18,9862
2010,春源,20,0,20,元大-南京,2023-08-18,9862
6799,來頡,23,3,20,元大-南京,2023-08-18,9862
0056,元大高股息,50,30,20,元大-南京,2023-08-18,9862
2356,英業達,74,56,18,元大-南京,2023-08-18,9862
1101,台泥,33,15,18,元大-南京,2023-08-18,9862
2457,飛宏,22,5,17,元大-南京,2023-08-18,9862
2027,大成鋼,17,1,16,元大-南京,2023-08-18,9862
2421,建準,43,27,16,元大-南京,2023-08-18,9862
3013,晟銘電,17,1,16,元大-南京,2023-08-18,9862
2353,宏��,28,13,15,元大-南京,2023-08-18,9862
00888,永豐台灣ESG,15,0,15,元大-南京,2023-08-18,9862
00931B,統一美債20年,15,0,15,元大-南京,2023-08-18,9862
2609,陽明,40,26,14,元大-南京,2023-08-18,9862
00712,復華富時不動產,15,1,14,元大-南京,2023-08-18,9862
2206,三陽工業,14,1,13,元大-南京,2023-08-18,9862
8358,金居,19,6,13,元大-南京,2023-08-18,9862
2748,雲品,13,0,13,元大-南京,2023-08-18,9862
00850,元大臺灣ESG永續,12,0,12,元大-南京,2023-08-18,9862
3362,先進光,35,23,12,元大-南京,2023-08-18,9862
3680,家登,16,4,12,元大-南京,2023-08-18,9862
2425,承啟,14,2,12,元大-南京,2023-08-18,9862
3325,旭品,12,0,12,元大-南京,2023-08-18,9862
00882,中信中國高股息,16,5,11,元大-南京,2023-08-18,9862
912000,晨訊科-DR,11,0,11,元大-南京,2023-08-18,9862
9945,潤泰新,15,4,11,元大-南京,2023-08-18,9862
3711,日月光投控,100,1,99,元大-南京,2023-08-21,9862
00687B,國泰20年美債,90,0,90,元大-南京,2023-08-21,9862
00680L,元大美債20正2,61,0,61,元大-南京,2023-08-21,9862
00669R,國泰美國道瓊反1,60,2,58,元大-南京,2023-08-21,9862
5340,建榮,58,2,56,元大-南京,2023-08-21,9862
2605,新興,70,19,51,元大-南京,2023-08-21,9862
00632R,元大台灣50反1,50,4,46,元大-南京,2023-08-21,9862
00679B,元大美債20年,49,5,44,元大-南京,2023-08-21,9862
1326,台化,41,1,40,元大-南京,2023-08-21,9862
3017,奇鋐,44,6,38,元大-南京,2023-08-21,9862
0050,元大台灣50,32,0,32,元大-南京,2023-08-21,9862
2332,友訊,71,41,30,元大-南京,2023-08-21,9862
2301,光寶科,43,14,29,元大-南京,2023-08-21,9862
3706,神達,35,7,28,元大-南京,2023-08-21,9862
2425,承啟,24,1,23,元大-南京,2023-08-21,9862
2419,仲琦,24,2,22,元大-南京,2023-08-21,9862
4906,正文,41,19,22,元大-南京,2023-08-21,9862
8033,雷虎,21,0,21,元大-南京,2023-08-21,9862
3051,力特,22,2,20,元大-南京,2023-08-21,9862
8112,至上,20,0,20,元大-南京,2023-08-21,9862
1301,台塑,18,1,17,元大-南京,2023-08-21,9862
1303,南亞,23,6,17,元大-南京,2023-08-21,9862
00751B,元大AAA至A公司債,20,3,17,元大-南京,2023-08-21,9862
1503,士電,20,3,17,元大-南京,2023-08-21,9862
2516,新建,17,0,17,元大-南京,2023-08-21,9862
3231,緯創,95,79,16,元大-南京,2023-08-21,9862
3587,閎康,18,2,16,元大-南京,2023-08-21,9862
3044,健鼎,16,1,15,元大-南京,2023-08-21,9862
3689,湧德,23,8,15,元大-南京,2023-08-21,9862
1504,東元,18,4,14,元大-南京,2023-08-21,9862
4167,松瑞藥,14,0,14,元大-南京,2023-08-21,9862
4113,聯上,19,5,14,元大-南京,2023-08-21,9862
2330,台積電,17,3,14,元大-南京,2023-08-21,9862
2328,廣宇,13,0,13,元大-南京,2023-08-21,9862
3042,晶技,14,1,13,元大-南京,2023-08-21,9862
1802,台玻,12,0,12,元大-南京,2023-08-21,9862
00650L,復華香港正2,12,0,12,元大-南京,2023-08-21,9862
00882,中信中國高股息,12,0,12,元大-南京,2023-08-21,9862
6585,鼎基,17,6,11,元大-南京,2023-08-21,9862
2886,兆豐金,12,2,10,元大-南京,2023-08-21,9862
00931B,統一美債20年,10,0,10,元大-南京,2023-08-21,9862
2104,國際中橡,10,0,10,元大-南京,2023-08-21,9862
6770,力積電,10,0,10,元大-南京,2023-08-21,9862
9103,美德醫療-DR,10,0,10,元大-南京,2023-08-21,9862
3028,增你強,10,0,10,元大-南京,2023-08-21,9862
0061,元大寶滬深,10,0,10,元大-南京,2023-08-21,9862
1218,泰山,10,0,10,元大-南京,2023-08-21,9862
6244,茂迪,10,0,10,元大-南京,2023-08-21,9862
2882,國泰金,11,1,10,元大-南京,2023-08-21,9862
1727,中華化,10,0,10,元大-南京,2023-08-21,9862
00669R,國泰美國道瓊反1,70,0,70,元大-南京,2023-08-22,9862
1313,聯成,60,0,60,元大-南京,2023-08-22,9862
6285,啟��,134,76,58,元大-南京,2023-08-22,9862
00929,復華台灣科技優息,51,1,50,元大-南京,2023-08-22,9862
00931B,統一美債20年,43,0,43,元大-南京,2023-08-22,9862
00712,復華富時不動產,43,0,43,元大-南京,2023-08-22,9862
2356,英業達,75,39,36,元大-南京,2023-08-22,9862
2882,國泰金,35,1,34,元大-南京,2023-08-22,9862
00878,國泰永續高股息,63,31,32,元大-南京,2023-08-22,9862
2421,建準,40,14,26,元大-南京,2023-08-22,9862
00720B,元大投資級公司債,33,8,25,元大-南京,2023-08-22,9862
4147,中裕,28,3,25,元大-南京,2023-08-22,9862
3231,緯創,135,111,24,元大-南京,2023-08-22,9862
2363,矽統,169,145,24,元大-南京,2023-08-22,9862
00706L,期元大S＆P日圓正2,33,10,23,元大-南京,2023-08-22,9862
2371,大同,27,4,23,元大-南京,2023-08-22,9862
2883,凱基金,22,0,22,元大-南京,2023-08-22,9862
4167,松瑞藥,26,4,22,元大-南京,2023-08-22,9862
00679B,元大美債20年,26,6,20,元大-南京,2023-08-22,9862
2641,正德,20,0,20,元大-南京,2023-08-22,9862
3338,泰碩,20,0,20,元大-南京,2023-08-22,9862
3051,力特,50,31,19,元大-南京,2023-08-22,9862
3163,波若威,47,29,18,元大-南京,2023-08-22,9862
5452,佶優,20,2,18,元大-南京,2023-08-22,9862
1513,中興電,26,9,17,元大-南京,2023-08-22,9862
1303,南亞,18,2,16,元大-南京,2023-08-22,9862
3293,鈊象,15,0,15,元大-南京,2023-08-22,9862
4510,高鋒,20,5,15,元大-南京,2023-08-22,9862
2617,台航,15,0,15,元大-南京,2023-08-22,9862
2886,兆豐金,26,11,15,元大-南京,2023-08-22,9862
1605,華新,22,8,14,元大-南京,2023-08-22,9862
2345,智邦,23,9,14,元大-南京,2023-08-22,9862
1504,東元,16,2,14,元大-南京,2023-08-22,9862
2516,新建,12,0,12,元大-南京,2023-08-22,9862
1709,和益,12,0,12,元大-南京,2023-08-22,9862
00719B,元大美債1-3,12,0,12,元大-南京,2023-08-22,9862
8932,智通*,11,0,11,元大-南京,2023-08-22,9862
2891,中信金,11,0,11,元大-南京,2023-08-22,9862
2353,宏��,13,2,11,元大-南京,2023-08-22,9862
00885,富邦越南,16,5,11,元大-南京,2023-08-22,9862
0061,元大寶滬深,13,2,11,元大-南京,2023-08-22,9862
6125,廣運,24,13,11,元大-南京,2023-08-22,9862
2607,榮運,10,0,10,元大-南京,2023-08-22,9862
00650L,復華香港正2,10,0,10,元大-南京,2023-08-22,9862
1108,幸福,10,0,10,元大-南京,2023-08-22,9862
00641R,富邦日本反1,10,0,10,元大-南京,2023-08-22,9862
6282,康舒,12,2,10,元大-南京,2023-08-22,9862
00673R,期元大S＆P原油反1,10,0,10,元大-南京,2023-08-22,9862
8070,長華*,10,0,10,元大-南京,2023-08-22,9862
2352,佳世達,11,1,10,元大-南京,2023-08-22,9862
2618,長榮航,101,6,95,元大-南京,2023-08-23,9862
00929,復華台灣科技優息,65,10,55,元大-南京,2023-08-23,9862
00764B,群益25年美債,52,0,52,元大-南京,2023-08-23,9862
2486,一詮,85,34,51,元大-南京,2023-08-23,9862
00795B,中信美國公債20年,64,13,51,元大-南京,2023-08-23,9862
2634,漢翔,123,73,50,元大-南京,2023-08-23,9862
00680L,元大美債20正2,79,38,41,元大-南京,2023-08-23,9862
6117,迎廣,73,39,34,元大-南京,2023-08-23,9862
00902,中信電池及儲能,32,0,32,元大-南京,2023-08-23,9862
00687B,國泰20年美債,31,0,31,元大-南京,2023-08-23,9862
3324,雙鴻,52,22,30,元大-南京,2023-08-23,9862
00706L,期元大S＆P日圓正2,50,20,30,元大-南京,2023-08-23,9862
3689,湧德,26,4,22,元大-南京,2023-08-23,9862
5469,瀚宇博,22,0,22,元大-南京,2023-08-23,9862
2401,凌陽,27,5,22,元大-南京,2023-08-23,9862
2607,榮運,20,0,20,元大-南京,2023-08-23,9862
2409,友達,20,0,20,元大-南京,2023-08-23,9862
2329,華泰,26,6,20,元大-南京,2023-08-23,9862
9945,潤泰新,20,0,20,元大-南京,2023-08-23,9862
2610,華航,35,16,19,元大-南京,2023-08-23,9862
2630,亞航,16,0,16,元大-南京,2023-08-23,9862
3017,奇鋐,16,1,15,元大-南京,2023-08-23,9862
2882,國泰金,27,15,12,元大-南京,2023-08-23,9862
1477,聚陽,18,6,12,元大-南京,2023-08-23,9862
2834,臺企銀,12,0,12,元大-南京,2023-08-23,9862
5880,合庫金,12,0,12,元大-南京,2023-08-23,9862
00712,復華富時不動產,11,0,11,元大-南京,2023-08-23,9862
2105,正新,11,0,11,元大-南京,2023-08-23,9862
00631L,元大台灣50正2,10,0,10,元大-南京,2023-08-23,9862
8926,台汽電,10,0,10,元大-南京,2023-08-23,9862
2838A,聯邦銀甲特,10,0,10,元大-南京,2023-08-23,9862
6414,樺漢,10,0,10,元大-南京,2023-08-23,9862
2637,慧洋-KY,10,0,10,元大-南京,2023-08-23,9862
2440,太空梭,10,0,10,元大-南京,2023-08-23,9862
8234,新漢,10,0,10,元大-南京,2023-08-23,9862
5210,寶碩,10,0,10,元大-南京,2023-08-23,9862
2382,廣達,54,44,10,元大-南京,2023-08-23,9862
2324,仁寶,22,13,9,元大-南京,2023-08-23,9862
3693,營邦,13,5,8,元大-南京,2023-08-23,9862
2303,聯電,18,10,8,元大-南京,2023-08-23,9862
2887,台新金,9,1,8,元大-南京,2023-08-23,9862
3567,逸昌,14,6,8,元大-南京,2023-08-23,9862
2027,大成鋼,8,0,8,元大-南京,2023-08-23,9862
4147,中裕,10,2,8,元大-南京,2023-08-23,9862
2606,裕民,20,12,8,元大-南京,2023-08-23,9862
3094,聯傑,10,3,7,元大-南京,2023-08-23,9862
00907,永豐優息存股,7,0,7,元大-南京,2023-08-23,9862
1442,名軒,7,0,7,元大-南京,2023-08-23,9862
2301,光寶科,39,32,7,元大-南京,2023-08-23,9862
4979,華星光,20,14,6,元大-南京,2023-08-23,9862
4961,天鈺,151,10,141,元大-南京,2023-08-24,9862
00688L,國泰20年美債正2,100,1,99,元大-南京,2023-08-24,9862
00706L,期元大S＆P日圓正2,104,41,63,元大-南京,2023-08-24,9862
2356,英業達,118,64,54,元大-南京,2023-08-24,9862
2324,仁寶,77,35,42,元大-南京,2023-08-24,9862
6285,啟��,67,28,39,元大-南京,2023-08-24,9862
00929,復華台灣科技優息,52,14,38,元大-南京,2023-08-24,9862
2442,新美齊,35,0,35,元大-南京,2023-08-24,9862
4906,正文,95,63,32,元大-南京,2023-08-24,9862
2882,國泰金,43,11,32,元大-南京,2023-08-24,9862
4164,承業醫,30,0,30,元大-南京,2023-08-24,9862
2337,旺宏,30,0,30,元大-南京,2023-08-24,9862
00676R,富邦臺灣加權反1,30,0,30,元大-南京,2023-08-24,9862
5009,榮剛,30,0,30,元大-南京,2023-08-24,9862
8033,雷虎,34,6,28,元大-南京,2023-08-24,9862
00720B,元大投資級公司債,31,4,27,元大-南京,2023-08-24,9862
2409,友達,29,5,24,元大-南京,2023-08-24,9862
3035,智原,45,25,20,元大-南京,2023-08-24,9862
6235,華孚,27,8,19,元大-南京,2023-08-24,9862
8358,金居,19,2,17,元大-南京,2023-08-24,9862
3051,力特,17,0,17,元大-南京,2023-08-24,9862
3715,定穎投控,67,51,16,元大-南京,2023-08-24,9862
1709,和益,16,0,16,元大-南京,2023-08-24,9862
2516,新建,20,5,15,元大-南京,2023-08-24,9862
2428,興勤,15,0,15,元大-南京,2023-08-24,9862
1471,首利,15,0,15,元大-南京,2023-08-24,9862
5347,世界,15,1,14,元大-南京,2023-08-24,9862
2002,中鋼,14,1,13,元大-南京,2023-08-24,9862
3622,洋華,23,10,13,元大-南京,2023-08-24,9862
2363,矽統,229,216,13,元大-南京,2023-08-24,9862
00882,中信中國高股息,12,0,12,元大-南京,2023-08-24,9862
2399,映泰,15,3,12,元大-南京,2023-08-24,9862
6115,鎰勝,12,0,12,元大-南京,2023-08-24,9862
2464,盟立,13,1,12,元大-南京,2023-08-24,9862
3706,神達,20,8,12,元大-南京,2023-08-24,9862
2539,櫻花建,11,0,11,元大-南京,2023-08-24,9862
2618,長榮航,48,37,11,元大-南京,2023-08-24,9862
2383,台光電,20,9,11,元大-南京,2023-08-24,9862
2317,鴻海,30,19,11,元大-南京,2023-08-24,9862
2382,廣達,209,199,10,元大-南京,2023-08-24,9862
00752,中信中國50,10,0,10,元大-南京,2023-08-24,9862
2607,榮運,10,0,10,元大-南京,2023-08-24,9862
00641R,富邦日本反1,10,0,10,元大-南京,2023-08-24,9862
1532,勤美,10,0,10,元大-南京,2023-08-24,9862
6505,台塑化,10,0,10,元大-南京,2023-08-24,9862
3665,貿聯-KY,10,0,10,元大-南京,2023-08-24,9862
2368,金像電,31,22,9,元大-南京,2023-08-24,9862
4114,健喬,9,0,9,元大-南京,2023-08-24,9862
6531,愛普*,13,4,9,元大-南京,2023-08-24,9862
3680,家登,10,1,9,元大-南京,2023-08-24,9862
00878,國泰永續高股息,232,9,223,元大-南京,2023-08-25,9862
2382,廣達,167,70,97,元大-南京,2023-08-25,9862
2913,農林,100,4,96,元大-南京,2023-08-25,9862
1527,鑽全,93,0,93,元大-南京,2023-08-25,9862
2610,華航,97,14,83,元大-南京,2023-08-25,9862
2376,技嘉,186,112,74,元大-南京,2023-08-25,9862
2356,英業達,68,14,54,元大-南京,2023-08-25,9862
0056,元大高股息,56,6,50,元大-南京,2023-08-25,9862
2538,基泰,50,2,48,元大-南京,2023-08-25,9862
2002,中鋼,40,4,36,元大-南京,2023-08-25,9862
2887,台新金,35,0,35,元大-南京,2023-08-25,9862
3017,奇鋐,42,7,35,元大-南京,2023-08-25,9862
2303,聯電,50,16,34,元大-南京,2023-08-25,9862
2330,台積電,36,2,34,元大-南京,2023-08-25,9862
8033,雷虎,50,17,33,元大-南京,2023-08-25,9862
2344,華邦電,32,1,31,元大-南京,2023-08-25,9862
2634,漢翔,44,14,30,元大-南京,2023-08-25,9862
00706L,期元大S＆P日圓正2,50,20,30,元大-南京,2023-08-25,9862
2605,新興,34,6,28,元大-南京,2023-08-25,9862
6538,倉和,30,3,27,元大-南京,2023-08-25,9862
00919,群益台灣精選高息,26,0,26,元大-南京,2023-08-25,9862
3715,定穎投控,41,19,22,元大-南京,2023-08-25,9862
1471,首利,26,5,21,元大-南京,2023-08-25,9862
2324,仁寶,34,13,21,元大-南京,2023-08-25,9862
1477,聚陽,28,8,20,元大-南京,2023-08-25,9862
4164,承業醫,21,1,20,元大-南京,2023-08-25,9862
2618,長榮航,21,1,20,元大-南京,2023-08-25,9862
1217,愛之味,20,1,19,元大-南京,2023-08-25,9862
2705,六福,17,0,17,元大-南京,2023-08-25,9862
2353,宏��,16,0,16,元大-南京,2023-08-25,9862
2891,中信金,15,0,15,元大-南京,2023-08-25,9862
3035,智原,73,58,15,元大-南京,2023-08-25,9862
2301,光寶科,34,20,14,元大-南京,2023-08-25,9862
2363,矽統,172,158,14,元大-南京,2023-08-25,9862
3051,力特,23,9,14,元大-南京,2023-08-25,9862
00830,國泰費城半導體,13,0,13,元大-南京,2023-08-25,9862
1504,東元,14,2,12,元大-南京,2023-08-25,9862
00892,富邦台灣半導體,12,0,12,元大-南京,2023-08-25,9862
5347,世界,12,0,12,元大-南京,2023-08-25,9862
2399,映泰,12,0,12,元大-南京,2023-08-25,9862
8027,鈦昇,19,7,12,元大-南京,2023-08-25,9862
1101,台泥,14,2,12,元大-南京,2023-08-25,9862
1722,台肥,11,0,11,元大-南京,2023-08-25,9862
6170,統振,19,8,11,元大-南京,2023-08-25,9862
00929,復華台灣科技優息,41,30,11,元大-南京,2023-08-25,9862
00679B,元大美債20年,11,0,11,元大-南京,2023-08-25,9862
2485,兆赫,31,20,11,元大-南京,2023-08-25,9862
6282,康舒,12,1,11,元大-南京,2023-08-25,9862
9945,潤泰新,11,0,11,元大-南京,2023-08-25,9862
3094,聯傑,82,71,11,元大-南京,2023-08-25,9862
3481,群創,71,11,60,元大-南京,2023-08-28,9862
00878,國泰永續高股息,77,18,59,元大-南京,2023-08-28,9862
9945,潤泰新,60,8,52,元大-南京,2023-08-28,9862
2312,金寶,51,0,51,元大-南京,2023-08-28,9862
2618,長榮航,52,2,50,元大-南京,2023-08-28,9862
3231,緯創,130,87,43,元大-南京,2023-08-28,9862
2002,中鋼,52,10,42,元大-南京,2023-08-28,9862
0056,元大高股息,42,3,39,元大-南京,2023-08-28,9862
4934,太極,43,6,37,元大-南京,2023-08-28,9862
8033,雷虎,58,25,33,元大-南京,2023-08-28,9862
00706L,期元大S＆P日圓正2,53,20,33,元大-南京,2023-08-28,9862
2303,聯電,72,43,29,元大-南京,2023-08-28,9862
6282,康舒,27,1,26,元大-南京,2023-08-28,9862
1710,東聯,24,2,22,元大-南京,2023-08-28,9862
3706,神達,22,0,22,元大-南京,2023-08-28,9862
2610,華航,44,22,22,元大-南京,2023-08-28,9862
3090,日電貿,20,0,20,元大-南京,2023-08-28,9862
00680L,元大美債20正2,19,1,18,元大-南京,2023-08-28,9862
00720B,元大投資級公司債,30,12,18,元大-南京,2023-08-28,9862
2356,英業達,58,41,17,元大-南京,2023-08-28,9862
00929,復華台灣科技優息,46,30,16,元大-南京,2023-08-28,9862
2363,矽統,99,84,15,元大-南京,2023-08-28,9862
2388,威盛,38,24,14,元大-南京,2023-08-28,9862
3033,威健,16,2,14,元大-南京,2023-08-28,9862
4916,事欣科,20,6,14,元大-南京,2023-08-28,9862
6173,信昌電,16,2,14,元大-南京,2023-08-28,9862
00713,元大台灣高息低波,13,0,13,元大-南京,2023-08-28,9862
2382,廣達,117,104,13,元大-南京,2023-08-28,9862
2409,友達,17,5,12,元大-南京,2023-08-28,9862
8420,明揚,12,0,12,元大-南京,2023-08-28,9862
3710,連展投控,12,0,12,元大-南京,2023-08-28,9862
2634,漢翔,67,56,11,元大-南京,2023-08-28,9862
2421,建準,27,16,11,元大-南京,2023-08-28,9862
6414,樺漢,11,0,11,元大-南京,2023-08-28,9862
3038,全台,13,2,11,元大-南京,2023-08-28,9862
4123,晟德,11,0,11,元大-南京,2023-08-28,9862
2359,所羅門,12,2,10,元大-南京,2023-08-28,9862
00651R,復華香港反1,10,0,10,元大-南京,2023-08-28,9862
1815,富喬,11,1,10,元大-南京,2023-08-28,9862
00641R,富邦日本反1,10,0,10,元大-南京,2023-08-28,9862
1813,寶利徠,10,0,10,元大-南京,2023-08-28,9862
5347,世界,11,1,10,元大-南京,2023-08-28,9862
2316,楠梓電,10,0,10,元大-南京,2023-08-28,9862
6869,雲豹能源,10,0,10,元大-南京,2023-08-28,9862
1326,台化,10,0,10,元大-南京,2023-08-28,9862
6532,瑞耘,10,0,10,元大-南京,2023-08-28,9862
2301,光寶科,38,28,10,元大-南京,2023-08-28,9862
3035,智原,32,22,10,元大-南京,2023-08-28,9862
2352,佳世達,13,4,9,元大-南京,2023-08-28,9862
1609,大亞,9,0,9,元大-南京,2023-08-28,9862
00632R,元大台灣50反1,200,0,200,元大-南京,2023-08-29,9862
3551,世禾,120,3,117,元大-南京,2023-08-29,9862
8033,雷虎,82,1,81,元大-南京,2023-08-29,9862
2312,金寶,61,0,61,元大-南京,2023-08-29,9862
2607,榮運,34,0,34,元大-南京,2023-08-29,9862
00878,國泰永續高股息,36,4,32,元大-南京,2023-08-29,9862
8261,富鼎,30,0,30,元大-南京,2023-08-29,9862
6235,華孚,51,22,29,元大-南京,2023-08-29,9862
2363,矽統,288,259,29,元大-南京,2023-08-29,9862
3231,緯創,123,97,26,元大-南京,2023-08-29,9862
2317,鴻海,32,10,22,元大-南京,2023-08-29,9862
8150,南茂,22,0,22,元大-南京,2023-08-29,9862
2634,漢翔,35,15,20,元大-南京,2023-08-29,9862
1810,和成,20,0,20,元大-南京,2023-08-29,9862
2867,三商壽,20,0,20,元大-南京,2023-08-29,9862
00676R,富邦臺灣加權反1,20,0,20,元大-南京,2023-08-29,9862
1313,聯成,20,0,20,元大-南京,2023-08-29,9862
3044,健鼎,21,2,19,元大-南京,2023-08-29,9862
4707,磐亞,18,0,18,元大-南京,2023-08-29,9862
1527,鑽全,18,0,18,元大-南京,2023-08-29,9862
2832,台產,15,0,15,元大-南京,2023-08-29,9862
00670L,富邦NASDAQ正2,15,0,15,元大-南京,2023-08-29,9862
6443,元晶,36,21,15,元大-南京,2023-08-29,9862
8050,廣積,16,2,14,元大-南京,2023-08-29,9862
00929,復華台灣科技優息,15,1,14,元大-南京,2023-08-29,9862
00919,群益台灣精選高息,15,1,14,元大-南京,2023-08-29,9862
2457,飛宏,19,8,11,元大-南京,2023-08-29,9862
00662,富邦NASDAQ,11,0,11,元大-南京,2023-08-29,9862
6168,宏齊,12,1,11,元大-南京,2023-08-29,9862
1722,台肥,10,0,10,元大-南京,2023-08-29,9862
2010,春源,10,0,10,元大-南京,2023-08-29,9862
00688L,國泰20年美債正2,10,0,10,元大-南京,2023-08-29,9862
3596,智易,12,2,10,元大-南京,2023-08-29,9862
2516,新建,10,0,10,元大-南京,2023-08-29,9862
2328,廣宇,10,0,10,元大-南京,2023-08-29,9862
2890,永豐金,10,0,10,元大-南京,2023-08-29,9862
2618,長榮航,18,9,9,元大-南京,2023-08-29,9862
2002,中鋼,9,0,9,元大-南京,2023-08-29,9862
2603,長榮,10,1,9,元大-南京,2023-08-29,9862
4113,聯上,10,1,9,元大-南京,2023-08-29,9862
2851,中再保,15,6,9,元大-南京,2023-08-29,9862
2303,聯電,24,15,9,元大-南京,2023-08-29,9862
3693,營邦,9,1,8,元大-南京,2023-08-29,9862
3324,雙鴻,9,1,8,元大-南京,2023-08-29,9862
4532,瑞智,8,0,8,元大-南京,2023-08-29,9862
00679B,元大美債20年,7,0,7,元大-南京,2023-08-29,9862
2388,威盛,25,18,7,元大-南京,2023-08-29,9862
2481,強茂,7,0,7,元大-南京,2023-08-29,9862
2816,旺旺保,15,8,7,元大-南京,2023-08-29,9862
1504,東元,11,4,7,元大-南京,2023-08-29,9862
2303,聯電,1441,57,1384,元大-南京,2023-08-30,9862
3033,威健,150,5,145,元大-南京,2023-08-30,9862
8033,雷虎,62,2,60,元大-南京,2023-08-30,9862
5340,建榮,68,10,58,元大-南京,2023-08-30,9862
8088,品安,44,1,43,元大-南京,2023-08-30,9862
2748,雲品,45,3,42,元大-南京,2023-08-30,9862
3481,群創,41,2,39,元大-南京,2023-08-30,9862
2301,光寶科,50,15,35,元大-南京,2023-08-30,9862
00706L,期元大S＆P日圓正2,50,20,30,元大-南京,2023-08-30,9862
00637L,元大滬深300正2,33,3,30,元大-南京,2023-08-30,9862
00633L,富邦上証正2,28,0,28,元大-南京,2023-08-30,9862
00720B,元大投資級公司債,28,0,28,元大-南京,2023-08-30,9862
8936,國統,25,0,25,元大-南京,2023-08-30,9862
4532,瑞智,25,0,25,元大-南京,2023-08-30,9862
00680L,元大美債20正2,51,27,24,元大-南京,2023-08-30,9862
2425,承啟,22,0,22,元大-南京,2023-08-30,9862
2409,友達,26,4,22,元大-南京,2023-08-30,9862
2331,精英,43,22,21,元大-南京,2023-08-30,9862
00929,復華台灣科技優息,20,0,20,元大-南京,2023-08-30,9862
2903,遠百,20,0,20,元大-南京,2023-08-30,9862
4167,松瑞藥,20,0,20,元大-南京,2023-08-30,9862
2010,春源,20,0,20,元大-南京,2023-08-30,9862
3024,憶聲,19,0,19,元大-南京,2023-08-30,9862
2618,長榮航,34,16,18,元大-南京,2023-08-30,9862
2356,英業達,41,25,16,元大-南京,2023-08-30,9862
2383,台光電,14,0,14,元大-南京,2023-08-30,9862
5009,榮剛,15,1,14,元大-南京,2023-08-30,9862
2610,華航,17,3,14,元大-南京,2023-08-30,9862
3011,今皓,13,0,13,元大-南京,2023-08-30,9862
6235,華孚,39,27,12,元大-南京,2023-08-30,9862
9945,潤泰新,11,0,11,元大-南京,2023-08-30,9862
5347,世界,11,0,11,元大-南京,2023-08-30,9862
4967,十銓,11,0,11,元大-南京,2023-08-30,9862
9950,萬國通,11,0,11,元大-南京,2023-08-30,9862
4707,磐亞,10,0,10,元大-南京,2023-08-30,9862
3623,富晶通,10,0,10,元大-南京,2023-08-30,9862
00687B,國泰20年美債,33,23,10,元大-南京,2023-08-30,9862
020038,元大ESG配息N,10,0,10,元大-南京,2023-08-30,9862
00676R,富邦臺灣加權反1,10,0,10,元大-南京,2023-08-30,9862
2392,正崴,11,2,9,元大-南京,2023-08-30,9862
2609,陽明,11,2,9,元大-南京,2023-08-30,9862
3044,健鼎,11,2,9,元大-南京,2023-08-30,9862
00878,國泰永續高股息,27,19,8,元大-南京,2023-08-30,9862
2882,國泰金,9,1,8,元大-南京,2023-08-30,9862
2495,普安,13,5,8,元大-南京,2023-08-30,9862
2897,王道銀行,8,0,8,元大-南京,2023-08-30,9862
1215,卜蜂,8,0,8,元大-南京,2023-08-30,9862
2376,技嘉,23,16,7,元大-南京,2023-08-30,9862
8069,元太,10,3,7,元大-南京,2023-08-30,9862
6643,M31,7,0,7,元大-南京,2023-08-30,9862
4906,正文,304,77,227,元大-南京,2023-08-31,9862
2882,國泰金,123,10,113,元大-南京,2023-08-31,9862
2457,飛宏,89,4,85,元大-南京,2023-08-31,9862
1802,台玻,128,44,84,元大-南京,2023-08-31,9862
8358,金居,89,32,57,元大-南京,2023-08-31,9862
2303,聯電,65,16,49,元大-南京,2023-08-31,9862
3715,定穎投控,88,42,46,元大-南京,2023-08-31,9862
6147,頎邦,54,18,36,元大-南京,2023-08-31,9862
3011,今皓,40,4,36,元大-南京,2023-08-31,9862
00751B,元大AAA至A公司債,36,0,36,元大-南京,2023-08-31,9862
9945,潤泰新,35,0,35,元大-南京,2023-08-31,9862
4167,松瑞藥,35,0,35,元大-南京,2023-08-31,9862
2892,第一金,33,0,33,元大-南京,2023-08-31,9862
3551,世禾,32,0,32,元大-南京,2023-08-31,9862
2884,玉山金,47,16,31,元大-南京,2023-08-31,9862
3444,利機,31,0,31,元大-南京,2023-08-31,9862
1736,喬山,30,0,30,元大-南京,2023-08-31,9862
00772B,中信高評級公司債,24,0,24,元大-南京,2023-08-31,9862
3081,聯亞,22,0,22,元大-南京,2023-08-31,9862
2376,技嘉,33,11,22,元大-南京,2023-08-31,9862
2887,台新金,20,0,20,元大-南京,2023-08-31,9862
4155,訊映,20,0,20,元大-南京,2023-08-31,9862
2605,新興,22,2,20,元大-南京,2023-08-31,9862
2402,毅嘉,89,69,20,元大-南京,2023-08-31,9862
00641R,富邦日本反1,19,0,19,元大-南京,2023-08-31,9862
00929,復華台灣科技優息,19,2,17,元大-南京,2023-08-31,9862
2313,華通,22,5,17,元大-南京,2023-08-31,9862
2340,台亞,16,0,16,元大-南京,2023-08-31,9862
00900,富邦特選高股息30,21,5,16,元大-南京,2023-08-31,9862
00878,國泰永續高股息,35,20,15,元大-南京,2023-08-31,9862
2337,旺宏,54,39,15,元大-南京,2023-08-31,9862
6138,茂達,19,5,14,元大-南京,2023-08-31,9862
3693,營邦,15,2,13,元大-南京,2023-08-31,9862
2883,凱基金,13,0,13,元大-南京,2023-08-31,9862
2834,臺企銀,15,2,13,元大-南京,2023-08-31,9862
2885,元大金,15,3,12,元大-南京,2023-08-31,9862
00637L,元大滬深300正2,12,1,11,元大-南京,2023-08-31,9862
1471,首利,12,1,11,元大-南京,2023-08-31,9862
2344,華邦電,11,0,11,元大-南京,2023-08-31,9862
2464,盟立,11,0,11,元大-南京,2023-08-31,9862
3481,群創,11,1,10,元大-南京,2023-08-31,9862
2330,台積電,11,1,10,元大-南京,2023-08-31,9862
1101,台泥,10,0,10,元大-南京,2023-08-31,9862
2017,官田鋼,10,0,10,元大-南京,2023-08-31,9862
2359,所羅門,10,0,10,元大-南京,2023-08-31,9862
1903,士紙,10,0,10,元大-南京,2023-08-31,9862
6282,康舒,10,0,10,元大-南京,2023-08-31,9862
4414,如興,10,0,10,元大-南京,2023-08-31,9862
4933,友輝,11,1,10,元大-南京,2023-08-31,9862
8088,品安,18,8,10,元大-南京,2023-08-31,9862
00919,群益台灣精選高息,226,0,226,元大-南京,2023-09-01,9862
1709,和益,100,0,100,元大-南京,2023-09-01,9862
2363,矽統,291,216,75,元大-南京,2023-09-01,9862
3231,緯創,115,45,70,元大-南京,2023-09-01,9862
00932,兆豐永續高息等權,70,0,70,元大-南京,2023-09-01,9862
3033,威健,100,35,65,元大-南京,2023-09-01,9862
4934,太極,57,0,57,元大-南京,2023-09-01,9862
2382,廣達,93,45,48,元大-南京,2023-09-01,9862
4906,正文,70,23,47,元大-南京,2023-09-01,9862
1434,福懋,40,0,40,元大-南京,2023-09-01,9862
6235,華孚,61,22,39,元大-南京,2023-09-01,9862
1513,中興電,37,2,35,元大-南京,2023-09-01,9862
2328,廣宇,35,0,35,元大-南京,2023-09-01,9862
2356,英業達,38,7,31,元大-南京,2023-09-01,9862
2485,兆赫,70,41,29,元大-南京,2023-09-01,9862
0056,元大高股息,27,0,27,元大-南京,2023-09-01,9862
2329,華泰,32,6,26,元大-南京,2023-09-01,9862
3024,憶聲,25,0,25,元大-南京,2023-09-01,9862
6147,頎邦,21,0,21,元大-南京,2023-09-01,9862
5347,世界,32,11,21,元大-南京,2023-09-01,9862
00687B,國泰20年美債,32,12,20,元大-南京,2023-09-01,9862
2331,精英,47,27,20,元大-南京,2023-09-01,9862
5439,高技,21,2,19,元大-南京,2023-09-01,9862
6443,元晶,20,2,18,元大-南京,2023-09-01,9862
00878,國泰永續高股息,36,19,17,元大-南京,2023-09-01,9862
00882,中信中國高股息,17,0,17,元大-南京,2023-09-01,9862
3042,晶技,16,0,16,元大-南京,2023-09-01,9862
6446,藥華藥,19,3,16,元大-南京,2023-09-01,9862
6592B,和潤企業乙特,16,0,16,元大-南京,2023-09-01,9862
2516,新建,16,0,16,元大-南京,2023-09-01,9862
2399,映泰,15,0,15,元大-南京,2023-09-01,9862
2609,陽明,17,2,15,元大-南京,2023-09-01,9862
1605,華新,18,3,15,元大-南京,2023-09-01,9862
2538,基泰,14,0,14,元大-南京,2023-09-01,9862
1532,勤美,14,0,14,元大-南京,2023-09-01,9862
3265,台星科,14,0,14,元大-南京,2023-09-01,9862
6213,聯茂,19,6,13,元大-南京,2023-09-01,9862
3706,神達,14,1,13,元大-南京,2023-09-01,9862
1102,亞泥,18,5,13,元大-南京,2023-09-01,9862
3163,波若威,21,8,13,元大-南京,2023-09-01,9862
00673R,期元大S＆P原油反1,32,20,12,元大-南京,2023-09-01,9862
6275,元山,12,1,11,元大-南京,2023-09-01,9862
2883,凱基金,10,0,10,元大-南京,2023-09-01,9862
2359,所羅門,20,10,10,元大-南京,2023-09-01,9862
2017,官田鋼,10,0,10,元大-南京,2023-09-01,9862
00662,富邦NASDAQ,10,0,10,元大-南京,2023-09-01,9862
00772B,中信高評級公司債,10,0,10,元大-南京,2023-09-01,9862
4414,如興,10,0,10,元大-南京,2023-09-01,9862
9958,世紀鋼,12,2,10,元大-南京,2023-09-01,9862
3257,虹冠電,12,2,10,元大-南京,2023-09-01,9862
2337,旺宏,108,2,106,元大-南京,2023-09-04,9862
2408,南亞科,94,1,93,元大-南京,2023-09-04,9862
00687B,國泰20年美債,71,0,71,元大-南京,2023-09-04,9862
3548,兆利,73,3,70,元大-南京,2023-09-04,9862
1773,勝一,67,0,67,元大-南京,2023-09-04,9862
2303,聯電,66,1,65,元大-南京,2023-09-04,9862
3217,優群,60,1,59,元大-南京,2023-09-04,9862
1709,和益,50,0,50,元大-南京,2023-09-04,9862
00751B,元大AAA至A公司債,49,0,49,元大-南京,2023-09-04,9862
00720B,元大投資級公司債,46,0,46,元大-南京,2023-09-04,9862
3693,營邦,51,6,45,元大-南京,2023-09-04,9862
3715,定穎投控,55,14,41,元大-南京,2023-09-04,9862
2363,矽統,130,91,39,元大-南京,2023-09-04,9862
00632R,元大台灣50反1,38,0,38,元大-南京,2023-09-04,9862
00919,群益台灣精選高息,42,4,38,元大-南京,2023-09-04,9862
6235,華孚,55,19,36,元大-南京,2023-09-04,9862
2371,大同,91,56,35,元大-南京,2023-09-04,9862
2027,大成鋼,40,9,31,元大-南京,2023-09-04,9862
00715L,期街口布蘭特正2,31,0,31,元大-南京,2023-09-04,9862
2882,國泰金,30,2,28,元大-南京,2023-09-04,9862
00673R,期元大S＆P原油反1,25,0,25,元大-南京,2023-09-04,9862
2409,友達,25,3,22,元大-南京,2023-09-04,9862
1802,台玻,246,224,22,元大-南京,2023-09-04,9862
1609,大亞,22,0,22,元大-南京,2023-09-04,9862
3481,群創,22,0,22,元大-南京,2023-09-04,9862
2002,中鋼,36,15,21,元大-南京,2023-09-04,9862
1326,台化,21,0,21,元大-南京,2023-09-04,9862
1102,亞泥,20,0,20,元大-南京,2023-09-04,9862
00641R,富邦日本反1,20,0,20,元大-南京,2023-09-04,9862
1434,福懋,20,0,20,元大-南京,2023-09-04,9862
6592B,和潤企業乙特,20,1,19,元大-南京,2023-09-04,9862
2634,漢翔,24,5,19,元大-南京,2023-09-04,9862
2312,金寶,57,40,17,元大-南京,2023-09-04,9862
5381,合正,50,33,17,元大-南京,2023-09-04,9862
2331,精英,30,14,16,元大-南京,2023-09-04,9862
00929,復華台灣科技優息,39,24,15,元大-南京,2023-09-04,9862
00772B,中信高評級公司債,15,0,15,元大-南京,2023-09-04,9862
1513,中興電,15,0,15,元大-南京,2023-09-04,9862
5009,榮剛,23,9,14,元大-南京,2023-09-04,9862
00893,國泰智能電動車,13,1,12,元大-南京,2023-09-04,9862
1568,倉佑,13,1,12,元大-南京,2023-09-04,9862
2301,光寶科,20,9,11,元大-南京,2023-09-04,9862
2516,新建,11,0,11,元大-南京,2023-09-04,9862
00680L,元大美債20正2,11,0,11,元大-南京,2023-09-04,9862
00932,兆豐永續高息等權,11,0,11,元大-南京,2023-09-04,9862
2618,長榮航,21,11,10,元大-南京,2023-09-04,9862
6194,育富,10,0,10,元大-南京,2023-09-04,9862
3207,耀勝,14,4,10,元大-南京,2023-09-04,9862
4438,廣越,10,0,10,元大-南京,2023-09-04,9862
1417,嘉裕,10,0,10,元大-南京,2023-09-04,9862
8358,金居,351,95,256,元大-南京,2023-09-05,9862
00919,群益台灣精選高息,171,1,170,元大-南京,2023-09-05,9862
00915,凱基優選高股息30,112,0,112,元大-南京,2023-09-05,9862
5328,華容,64,0,64,元大-南京,2023-09-05,9862
00637L,元大滬深300正2,57,0,57,元大-南京,2023-09-05,9862
3231,緯創,81,40,41,元大-南京,2023-09-05,9862
6592B,和潤企業乙特,40,0,40,元大-南京,2023-09-05,9862
2618,長榮航,35,4,31,元大-南京,2023-09-05,9862
3481,群創,36,6,30,元大-南京,2023-09-05,9862
5521,工信,30,0,30,元大-南京,2023-09-05,9862
3257,虹冠電,37,7,30,元大-南京,2023-09-05,9862
2376,技嘉,43,13,30,元大-南京,2023-09-05,9862
2436,偉詮電,77,48,29,元大-南京,2023-09-05,9862
1605,華新,28,0,28,元大-南京,2023-09-05,9862
00929,復華台灣科技優息,62,36,26,元大-南京,2023-09-05,9862
3217,優群,26,0,26,元大-南京,2023-09-05,9862
00687B,國泰20年美債,22,0,22,元大-南京,2023-09-05,9862
2408,南亞科,22,1,21,元大-南京,2023-09-05,9862
3027,盛達,25,5,20,元大-南京,2023-09-05,9862
4164,承業醫,20,0,20,元大-南京,2023-09-05,9862
5258,虹堡,22,2,20,元大-南京,2023-09-05,9862
00679B,元大美債20年,19,0,19,元大-南京,2023-09-05,9862
6282,康舒,64,45,19,元大-南京,2023-09-05,9862
2363,矽統,111,94,17,元大-南京,2023-09-05,9862
5488,松普,17,0,17,元大-南京,2023-09-05,9862
5351,鈺創,58,42,16,元大-南京,2023-09-05,9862
5381,合正,26,10,16,元大-南京,2023-09-05,9862
6213,聯茂,38,23,15,元大-南京,2023-09-05,9862
00633L,富邦上証正2,15,0,15,元大-南京,2023-09-05,9862
2891,中信金,15,0,15,元大-南京,2023-09-05,9862
2515,中工,15,0,15,元大-南京,2023-09-05,9862
00878,國泰永續高股息,28,14,14,元大-南京,2023-09-05,9862
4915,致伸,15,1,14,元大-南京,2023-09-05,9862
3702A,大聯大甲特,14,0,14,元大-南京,2023-09-05,9862
2409,友達,20,7,13,元大-南京,2023-09-05,9862
3163,波若威,13,1,12,元大-南京,2023-09-05,9862
2610,華航,26,15,11,元大-南京,2023-09-05,9862
2457,飛宏,11,1,10,元大-南京,2023-09-05,9862
6194,育富,10,0,10,元大-南京,2023-09-05,9862
3504,揚明光,10,0,10,元大-南京,2023-09-05,9862
1618,合機,12,2,10,元大-南京,2023-09-05,9862
2516,新建,10,0,10,元大-南京,2023-09-05,9862
1417,嘉裕,10,0,10,元大-南京,2023-09-05,9862
1514,亞力,11,1,10,元大-南京,2023-09-05,9862
3264,欣銓,23,13,10,元大-南京,2023-09-05,9862
4572,駐龍,10,0,10,元大-南京,2023-09-05,9862
2903,遠百,10,0,10,元大-南京,2023-09-05,9862
00918,大華優利高填息30,10,0,10,元大-南京,2023-09-05,9862
6535,順藥,10,0,10,元大-南京,2023-09-05,9862
3483,力致,11,2,9,元大-南京,2023-09-05,9862
00929,復華台灣科技優息,245,56,189,元大-南京,2023-09-06,9862
3035,智原,176,41,135,元大-南京,2023-09-06,9862
1560,中砂,91,2,89,元大-南京,2023-09-06,9862
1101,台泥,102,19,83,元大-南京,2023-09-06,9862
2485,兆赫,81,2,79,元大-南京,2023-09-06,9862
2201,裕隆,62,1,61,元大-南京,2023-09-06,9862
3481,群創,70,10,60,元大-南京,2023-09-06,9862
2886,兆豐金,58,0,58,元大-南京,2023-09-06,9862
2312,金寶,53,1,52,元大-南京,2023-09-06,9862
2538,基泰,50,0,50,元大-南京,2023-09-06,9862
2409,友達,50,4,46,元大-南京,2023-09-06,9862
2317,鴻海,44,1,43,元大-南京,2023-09-06,9862
00915,凱基優選高股息30,42,0,42,元大-南京,2023-09-06,9862
2401,凌陽,78,39,39,元大-南京,2023-09-06,9862
3006,晶豪科,36,1,35,元大-南京,2023-09-06,9862
3548,兆利,61,26,35,元大-南京,2023-09-06,9862
1736,喬山,38,5,33,元大-南京,2023-09-06,9862
6160,欣技,32,0,32,元大-南京,2023-09-06,9862
00751B,元大AAA至A公司債,31,0,31,元大-南京,2023-09-06,9862
6213,聯茂,53,22,31,元大-南京,2023-09-06,9862
8936,國統,30,0,30,元大-南京,2023-09-06,9862
2388,威盛,40,12,28,元大-南京,2023-09-06,9862
00918,大華優利高填息30,27,0,27,元大-南京,2023-09-06,9862
00688L,國泰20年美債正2,26,0,26,元大-南京,2023-09-06,9862
9945,潤泰新,30,5,25,元大-南京,2023-09-06,9862
1504,東元,29,4,25,元大-南京,2023-09-06,9862
00772B,中信高評級公司債,24,0,24,元大-南京,2023-09-06,9862
00720B,元大投資級公司債,23,0,23,元大-南京,2023-09-06,9862
00932,兆豐永續高息等權,23,0,23,元大-南京,2023-09-06,9862
2383,台光電,25,2,23,元大-南京,2023-09-06,9862
00679B,元大美債20年,22,0,22,元大-南京,2023-09-06,9862
3715,定穎投控,80,59,21,元大-南京,2023-09-06,9862
6167,久正,21,0,21,元大-南京,2023-09-06,9862
4927,泰鼎-KY,20,0,20,元大-南京,2023-09-06,9862
2329,華泰,42,23,19,元大-南京,2023-09-06,9862
1802,台玻,35,18,17,元大-南京,2023-09-06,9862
00715L,期街口布蘭特正2,17,0,17,元大-南京,2023-09-06,9862
6443,元晶,16,0,16,元大-南京,2023-09-06,9862
1529,樂事綠能,16,0,16,元大-南京,2023-09-06,9862
3206,志豐,15,0,15,元大-南京,2023-09-06,9862
5381,合正,64,50,14,元大-南京,2023-09-06,9862
3693,營邦,39,25,14,元大-南京,2023-09-06,9862
00931B,統一美債20年,13,0,13,元大-南京,2023-09-06,9862
2382,廣達,64,51,13,元大-南京,2023-09-06,9862
6282,康舒,19,7,12,元大-南京,2023-09-06,9862
2303,聯電,19,7,12,元大-南京,2023-09-06,9862
00687B,國泰20年美債,12,0,12,元大-南京,2023-09-06,9862
1103,嘉泥,12,0,12,元大-南京,2023-09-06,9862
2882,國泰金,12,1,11,元大-南京,2023-09-06,9862
2359,所羅門,26,15,11,元大-南京,2023-09-06,9862
2618,長榮航,173,7,166,元大-南京,2023-09-07,9862
00929,復華台灣科技優息,169,11,158,元大-南京,2023-09-07,9862
00919,群益台灣精選高息,74,2,72,元大-南京,2023-09-07,9862
3006,晶豪科,77,6,71,元大-南京,2023-09-07,9862
2323,中環,60,0,60,元大-南京,2023-09-07,9862
2515,中工,51,0,51,元大-南京,2023-09-07,9862
2367,燿華,51,0,51,元大-南京,2023-09-07,9862
3035,智原,79,30,49,元大-南京,2023-09-07,9862
2610,華航,54,8,46,元大-南京,2023-09-07,9862
9945,潤泰新,46,0,46,元大-南京,2023-09-07,9862
6182,合晶,44,0,44,元大-南京,2023-09-07,9862
3231,緯創,55,13,42,元大-南京,2023-09-07,9862
3037,欣興,103,62,41,元大-南京,2023-09-07,9862
2409,友達,43,5,38,元大-南京,2023-09-07,9862
00915,凱基優選高股息30,41,3,38,元大-南京,2023-09-07,9862
00857B,永豐20年美公債,38,0,38,元大-南京,2023-09-07,9862
2630,亞航,39,7,32,元大-南京,2023-09-07,9862
3531,先益,30,0,30,元大-南京,2023-09-07,9862
2485,兆赫,81,51,30,元大-南京,2023-09-07,9862
2359,所羅門,30,0,30,元大-南京,2023-09-07,9862
2605,新興,31,2,29,元大-南京,2023-09-07,9862
00878,國泰永續高股息,36,8,28,元大-南京,2023-09-07,9862
2330,台積電,29,1,28,元大-南京,2023-09-07,9862
00687B,國泰20年美債,26,0,26,元大-南京,2023-09-07,9862
00715L,期街口布蘭特正2,23,0,23,元大-南京,2023-09-07,9862
1560,中砂,23,0,23,元大-南京,2023-09-07,9862
3481,群創,27,5,22,元大-南京,2023-09-07,9862
0056,元大高股息,21,0,21,元大-南京,2023-09-07,9862
2888A,新光金甲特,20,0,20,元大-南京,2023-09-07,9862
1103,嘉泥,20,0,20,元大-南京,2023-09-07,9862
00637L,元大滬深300正2,22,2,20,元大-南京,2023-09-07,9862
3704,合勤控,55,35,20,元大-南京,2023-09-07,9862
00932,兆豐永續高息等權,17,0,17,元大-南京,2023-09-07,9862
2382,廣達,55,39,16,元大-南京,2023-09-07,9862
2356,英業達,22,6,16,元大-南京,2023-09-07,9862
2520,冠德,16,0,16,元大-南京,2023-09-07,9862
3042,晶技,15,0,15,元大-南京,2023-09-07,9862
2436,偉詮電,40,25,15,元大-南京,2023-09-07,9862
5381,合正,21,6,15,元大-南京,2023-09-07,9862
2337,旺宏,32,18,14,元大-南京,2023-09-07,9862
2897,王道銀行,14,0,14,元大-南京,2023-09-07,9862
1313,聯成,15,2,13,元大-南京,2023-09-07,9862
2888,新光金,13,0,13,元大-南京,2023-09-07,9862
00679B,元大美債20年,13,0,13,元大-南京,2023-09-07,9862
2313,華通,50,37,13,元大-南京,2023-09-07,9862
6271,同欣電,13,1,12,元大-南京,2023-09-07,9862
6167,久正,16,5,11,元大-南京,2023-09-07,9862
1101,台泥,14,3,11,元大-南京,2023-09-07,9862
2884,玉山金,13,2,11,元大-南京,2023-09-07,9862
2401,凌陽,16,5,11,元大-南京,2023-09-07,9862
00919,群益台灣精選高息,232,1,231,元大-南京,2023-09-08,9862
9958,世紀鋼,90,3,87,元大-南京,2023-09-08,9862
8068,全達,86,4,82,元大-南京,2023-09-08,9862
1560,中砂,81,1,80,元大-南京,2023-09-08,9862
2382,廣達,110,33,77,元大-南京,2023-09-08,9862
00929,復華台灣科技優息,65,12,53,元大-南京,2023-09-08,9862
00680L,元大美債20正2,52,3,49,元大-南京,2023-09-08,9862
2383,台光電,41,4,37,元大-南京,2023-09-08,9862
2884,玉山金,37,0,37,元大-南京,2023-09-08,9862
1618,合機,41,5,36,元大-南京,2023-09-08,9862
2618,長榮航,43,12,31,元大-南京,2023-09-08,9862
2201,裕隆,28,1,27,元大-南京,2023-09-08,9862
1101,台泥,32,5,27,元大-南京,2023-09-08,9862
6592B,和潤企業乙特,24,0,24,元大-南京,2023-09-08,9862
8033,雷虎,31,7,24,元大-南京,2023-09-08,9862
2301,光寶科,38,15,23,元大-南京,2023-09-08,9862
8936,國統,22,0,22,元大-南京,2023-09-08,9862
2330,台積電,22,1,21,元大-南京,2023-09-08,9862
8112,至上,34,14,20,元大-南京,2023-09-08,9862
00637L,元大滬深300正2,19,0,19,元大-南京,2023-09-08,9862
00679B,元大美債20年,18,0,18,元大-南京,2023-09-08,9862
2313,華通,56,38,18,元大-南京,2023-09-08,9862
5381,合正,20,2,18,元大-南京,2023-09-08,9862
00687B,國泰20年美債,20,3,17,元大-南京,2023-09-08,9862
2409,友達,19,2,17,元大-南京,2023-09-08,9862
1442,名軒,17,0,17,元大-南京,2023-09-08,9862
2888,新光金,20,3,17,元大-南京,2023-09-08,9862
2376,技嘉,32,15,17,元大-南京,2023-09-08,9862
3006,晶豪科,18,2,16,元大-南京,2023-09-08,9862
2312,金寶,45,29,16,元大-南京,2023-09-08,9862
3704,合勤控,19,3,16,元大-南京,2023-09-08,9862
8222,寶一,23,7,16,元大-南京,2023-09-08,9862
2485,兆赫,26,11,15,元大-南京,2023-09-08,9862
2344,華邦電,14,0,14,元大-南京,2023-09-08,9862
6191,精成科,15,1,14,元大-南京,2023-09-08,9862
3483,力致,49,36,13,元大-南京,2023-09-08,9862
3306,鼎天,16,3,13,元大-南京,2023-09-08,9862
2634,漢翔,17,5,12,元大-南京,2023-09-08,9862
8069,元太,14,2,12,元大-南京,2023-09-08,9862
2359,所羅門,12,0,12,元大-南京,2023-09-08,9862
3706,神達,11,0,11,元大-南京,2023-09-08,9862
5469,瀚宇博,15,4,11,元大-南京,2023-09-08,9862
00918,大華優利高填息30,11,0,11,元大-南京,2023-09-08,9862
4123,晟德,11,0,11,元大-南京,2023-09-08,9862
2492,華新科,10,0,10,元大-南京,2023-09-08,9862
6770,力積電,10,0,10,元大-南京,2023-09-08,9862
1752,南光,10,0,10,元大-南京,2023-09-08,9862
2739,寒舍,10,0,10,元大-南京,2023-09-08,9862
4414,如興,10,0,10,元大-南京,2023-09-08,9862
2454,聯發科,10,0,10,元大-南京,2023-09-08,9862
00878,國泰永續高股息,261,5,256,元大-南京,2023-09-11,9862
2312,金寶,191,5,186,元大-南京,2023-09-11,9862
00919,群益台灣精選高息,170,1,169,元大-南京,2023-09-11,9862
0056,元大高股息,114,4,110,元大-南京,2023-09-11,9862
2408,南亞科,100,0,100,元大-南京,2023-09-11,9862
2382,廣達,144,75,69,元大-南京,2023-09-11,9862
6703,軒郁,65,0,65,元大-南京,2023-09-11,9862
2027,大成鋼,53,0,53,元大-南京,2023-09-11,9862
2409,友達,67,16,51,元大-南京,2023-09-11,9862
6426,統新,50,0,50,元大-南京,2023-09-11,9862
00929,復華台灣科技優息,54,4,50,元大-南京,2023-09-11,9862
3481,群創,50,3,47,元大-南京,2023-09-11,9862
8299,群聯,42,2,40,元大-南京,2023-09-11,9862
00915,凱基優選高股息30,38,0,38,元大-南京,2023-09-11,9862
1522,堤維西,40,3,37,元大-南京,2023-09-11,9862
3363,上詮,72,36,36,元大-南京,2023-09-11,9862
3706,神達,36,0,36,元大-南京,2023-09-11,9862
2888,新光金,40,6,34,元大-南京,2023-09-11,9862
1313,聯成,34,2,32,元大-南京,2023-09-11,9862
1809,中釉,33,1,32,元大-南京,2023-09-11,9862
2356,英業達,46,14,32,元大-南京,2023-09-11,9862
2331,精英,33,3,30,元大-南京,2023-09-11,9862
2352,佳世達,26,0,26,元大-南京,2023-09-11,9862
3264,欣銓,28,2,26,元大-南京,2023-09-11,9862
8033,雷虎,27,2,25,元大-南京,2023-09-11,9862
1584,精剛,37,13,24,元大-南京,2023-09-11,9862
2330,台積電,25,1,24,元大-南京,2023-09-11,9862
3006,晶豪科,23,0,23,元大-南京,2023-09-11,9862
6185,幃翔,20,0,20,元大-南京,2023-09-11,9862
2308,台達電,20,0,20,元大-南京,2023-09-11,9862
00687B,國泰20年美債,19,0,19,元大-南京,2023-09-11,9862
2301,光寶科,32,13,19,元大-南京,2023-09-11,9862
8358,金居,20,2,18,元大-南京,2023-09-11,9862
6283,淳安,18,0,18,元大-南京,2023-09-11,9862
2359,所羅門,20,2,18,元大-南京,2023-09-11,9862
00713,元大台灣高息低波,18,0,18,元大-南京,2023-09-11,9862
2884,玉山金,18,1,17,元大-南京,2023-09-11,9862
1304,台聚,19,2,17,元大-南京,2023-09-11,9862
1560,中砂,17,0,17,元大-南京,2023-09-11,9862
3689,湧德,17,0,17,元大-南京,2023-09-11,9862
00931B,統一美債20年,16,0,16,元大-南京,2023-09-11,9862
00679B,元大美債20年,16,0,16,元大-南京,2023-09-11,9862
1342,八貫,15,0,15,元大-南京,2023-09-11,9862
2605,新興,19,4,15,元大-南京,2023-09-11,9862
00688L,國泰20年美債正2,15,0,15,元大-南京,2023-09-11,9862
3380,明泰,14,0,14,元大-南京,2023-09-11,9862
00918,大華優利高填息30,14,0,14,元大-南京,2023-09-11,9862
3545,敦泰,20,7,13,元大-南京,2023-09-11,9862
6712,長聖,12,0,12,元大-南京,2023-09-11,9862
2363,矽統,129,117,12,元大-南京,2023-09-11,9862
3037,欣興,355,156,199,元大-南京,2023-09-12,9862
1584,精剛,178,4,174,元大-南京,2023-09-12,9862
3704,合勤控,180,35,145,元大-南京,2023-09-12,9862
00878,國泰永續高股息,145,11,134,元大-南京,2023-09-12,9862
00919,群益台灣精選高息,86,1,85,元大-南京,2023-09-12,9862
00632R,元大台灣50反1,130,54,76,元大-南京,2023-09-12,9862
2332,友訊,54,3,51,元大-南京,2023-09-12,9862
00929,復華台灣科技優息,53,10,43,元大-南京,2023-09-12,9862
8069,元太,42,0,42,元大-南京,2023-09-12,9862
00715L,期街口布蘭特正2,40,0,40,元大-南京,2023-09-12,9862
00670L,富邦NASDAQ正2,38,0,38,元大-南京,2023-09-12,9862
3481,群創,35,0,35,元大-南京,2023-09-12,9862
3380,明泰,36,2,34,元大-南京,2023-09-12,9862
2356,英業達,39,5,34,元大-南京,2023-09-12,9862
00751B,元大AAA至A公司債,21,0,21,元大-南京,2023-09-12,9862
2419,仲琦,22,1,21,元大-南京,2023-09-12,9862
1560,中砂,25,4,21,元大-南京,2023-09-12,9862
3711,日月光投控,20,0,20,元大-南京,2023-09-12,9862
3078,僑威,20,1,19,元大-南京,2023-09-12,9862
2002,中鋼,26,7,19,元大-南京,2023-09-12,9862
2412,中華電,19,0,19,元大-南京,2023-09-12,9862
6243,迅杰,17,0,17,元大-南京,2023-09-12,9862
1304,台聚,17,0,17,元大-南京,2023-09-12,9862
0056,元大高股息,18,2,16,元大-南京,2023-09-12,9862
2427,三商電,18,2,16,元大-南京,2023-09-12,9862
00679B,元大美債20年,15,0,15,元大-南京,2023-09-12,9862
2606,裕民,15,0,15,元大-南京,2023-09-12,9862
00687B,國泰20年美債,12,0,12,元大-南京,2023-09-12,9862
2401,凌陽,14,2,12,元大-南京,2023-09-12,9862
1471,首利,16,5,11,元大-南京,2023-09-12,9862
00931B,統一美債20年,19,8,11,元大-南京,2023-09-12,9862
2603,長榮,12,1,11,元大-南京,2023-09-12,9862
3260,威剛,34,23,11,元大-南京,2023-09-12,9862
2204,中華,11,0,11,元大-南京,2023-09-12,9862
6282,康舒,27,16,11,元大-南京,2023-09-12,9862
5483,中美晶,14,3,11,元大-南京,2023-09-12,9862
6120,達運,25,15,10,元大-南京,2023-09-12,9862
6235,華孚,38,28,10,元大-南京,2023-09-12,9862
2358,廷鑫,10,0,10,元大-南京,2023-09-12,9862
2442,新美齊,10,0,10,元大-南京,2023-09-12,9862
00927,群益半導體收益,10,0,10,元大-南京,2023-09-12,9862
3680,家登,12,3,9,元大-南京,2023-09-12,9862
8358,金居,16,7,9,元大-南京,2023-09-12,9862
2887,台新金,9,0,9,元大-南京,2023-09-12,9862
2731,雄獅,11,2,9,元大-南京,2023-09-12,9862
4906,正文,17,8,9,元大-南京,2023-09-12,9862
6770,力積電,10,2,8,元大-南京,2023-09-12,9862
1104,環泥,8,0,8,元大-南京,2023-09-12,9862
1514,亞力,10,2,8,元大-南京,2023-09-12,9862
2351,順德,8,0,8,元大-南京,2023-09-12,9862
00919,群益台灣精選高息,139,0,139,元大-南京,2023-09-13,9862
00878,國泰永續高股息,124,21,103,元大-南京,2023-09-13,9862
6176,瑞儀,100,2,98,元大-南京,2023-09-13,9862
3006,晶豪科,71,9,62,元大-南京,2023-09-13,9862
6284,佳邦,56,0,56,元大-南京,2023-09-13,9862
00680L,元大美債20正2,56,0,56,元大-南京,2023-09-13,9862
3704,合勤控,52,5,47,元大-南京,2023-09-13,9862
00929,復華台灣科技優息,52,11,41,元大-南京,2023-09-13,9862
2618,長榮航,47,16,31,元大-南京,2023-09-13,9862
2383,台光電,32,4,28,元大-南京,2023-09-13,9862
00773B,中信優先金融債,28,0,28,元大-南京,2023-09-13,9862
2312,金寶,31,5,26,元大-南京,2023-09-13,9862
1529,樂事綠能,25,2,23,元大-南京,2023-09-13,9862
9938,百和,31,8,23,元大-南京,2023-09-13,9862
1524,耿鼎,165,144,21,元大-南京,2023-09-13,9862
00637L,元大滬深300正2,26,5,21,元大-南京,2023-09-13,9862
00915,凱基優選高股息30,20,0,20,元大-南京,2023-09-13,9862
6288,聯嘉,22,2,20,元大-南京,2023-09-13,9862
4414,如興,20,0,20,元大-南京,2023-09-13,9862
2010,春源,30,10,20,元大-南京,2023-09-13,9862
2891,中信金,20,1,19,元大-南京,2023-09-13,9862
2355,敬鵬,33,15,18,元大-南京,2023-09-13,9862
6291,沛亨,18,0,18,元大-南京,2023-09-13,9862
00902,中信電池及儲能,17,0,17,元大-南京,2023-09-13,9862
2301,光寶科,25,12,13,元大-南京,2023-09-13,9862
2352,佳世達,17,4,13,元大-南京,2023-09-13,9862
6592B,和潤企業乙特,13,1,12,元大-南京,2023-09-13,9862
2332,友訊,15,3,12,元大-南京,2023-09-13,9862
00751B,元大AAA至A公司債,12,0,12,元大-南京,2023-09-13,9862
2405,輔信,12,1,11,元大-南京,2023-09-13,9862
2340,台亞,14,3,11,元大-南京,2023-09-13,9862
1519,華城,15,4,11,元大-南京,2023-09-13,9862
6715,嘉基,45,34,11,元大-南京,2023-09-13,9862
3231,緯創,44,34,10,元大-南京,2023-09-13,9862
3711,日月光投控,14,4,10,元大-南京,2023-09-13,9862
2368,金像電,13,3,10,元大-南京,2023-09-13,9862
7402,邑錡,10,0,10,元大-南京,2023-09-13,9862
5871A,中租-KY甲特,10,0,10,元大-南京,2023-09-13,9862
2834,臺企銀,10,0,10,元大-南京,2023-09-13,9862
4572,駐龍,10,0,10,元大-南京,2023-09-13,9862
5876,上海商銀,10,0,10,元大-南京,2023-09-13,9862
8068,全達,10,1,9,元大-南京,2023-09-13,9862
6282,康舒,10,1,9,元大-南京,2023-09-13,9862
00715L,期街口布蘭特正2,9,0,9,元大-南京,2023-09-13,9862
3035,智原,27,19,8,元大-南京,2023-09-13,9862
2801,彰銀,8,0,8,元大-南京,2023-09-13,9862
3017,奇鋐,9,1,8,元大-南京,2023-09-13,9862
3324,雙鴻,15,7,8,元大-南京,2023-09-13,9862
4968,立積,8,0,8,元大-南京,2023-09-13,9862
6417,韋僑,8,0,8,元大-南京,2023-09-13,9862
00929,復華台灣科技優息,164,0,164,元大-南京,2023-09-14,9862
2882,國泰金,159,10,149,元大-南京,2023-09-14,9862
00632R,元大台灣50反1,171,51,120,元大-南京,2023-09-14,9862
00676R,富邦臺灣加權反1,74,0,74,元大-南京,2023-09-14,9862
2618,長榮航,94,36,58,元大-南京,2023-09-14,9862
2382,廣達,82,29,53,元大-南京,2023-09-14,9862
00687B,國泰20年美債,52,5,47,元大-南京,2023-09-14,9862
2337,旺宏,42,0,42,元大-南京,2023-09-14,9862
2204,中華,40,10,30,元大-南京,2023-09-14,9862
3006,晶豪科,50,21,29,元大-南京,2023-09-14,9862
4979,華星光,43,16,27,元大-南京,2023-09-14,9862
00918,大華優利高填息30,24,0,24,元大-南京,2023-09-14,9862
5351,鈺創,26,2,24,元大-南京,2023-09-14,9862
8048,德勝,29,7,22,元大-南京,2023-09-14,9862
1515,力山,20,0,20,元大-南京,2023-09-14,9862
2010,春源,20,0,20,元大-南京,2023-09-14,9862
2316,楠梓電,20,0,20,元大-南京,2023-09-14,9862
3622,洋華,20,0,20,元大-南京,2023-09-14,9862
2442,新美齊,20,0,20,元大-南京,2023-09-14,9862
2630,亞航,34,14,20,元大-南京,2023-09-14,9862
2332,友訊,23,4,19,元大-南京,2023-09-14,9862
3217,優群,27,9,18,元大-南京,2023-09-14,9862
00637L,元大滬深300正2,36,19,17,元大-南京,2023-09-14,9862
6288,聯嘉,15,0,15,元大-南京,2023-09-14,9862
2371,大同,23,8,15,元大-南京,2023-09-14,9862
6291,沛亨,15,0,15,元大-南京,2023-09-14,9862
3363,上詮,65,51,14,元大-南京,2023-09-14,9862
8112,至上,29,15,14,元大-南京,2023-09-14,9862
3088,艾訊,16,2,14,元大-南京,2023-09-14,9862
4121,優盛,12,0,12,元大-南京,2023-09-14,9862
3444,利機,12,0,12,元大-南京,2023-09-14,9862
6703,軒郁,20,8,12,元大-南京,2023-09-14,9862
3450,聯鈞,34,22,12,元大-南京,2023-09-14,9862
2303,聯電,17,5,12,元大-南京,2023-09-14,9862
6274,台燿,13,2,11,元大-南京,2023-09-14,9862
6245,立端,11,0,11,元大-南京,2023-09-14,9862
3715,定穎投控,33,22,11,元大-南京,2023-09-14,9862
5426,振發,16,5,11,元大-南京,2023-09-14,9862
2548,華固,11,0,11,元大-南京,2023-09-14,9862
00932,兆豐永續高息等權,10,0,10,元大-南京,2023-09-14,9862
3504,揚明光,10,0,10,元大-南京,2023-09-14,9862
3030,德律,10,0,10,元大-南京,2023-09-14,9862
2402,毅嘉,14,4,10,元大-南京,2023-09-14,9862
4137,麗豐-KY,10,0,10,元大-南京,2023-09-14,9862
00670L,富邦NASDAQ正2,10,0,10,元大-南京,2023-09-14,9862
5388,中磊,13,3,10,元大-南京,2023-09-14,9862
3162,精確,10,1,9,元大-南京,2023-09-14,9862
2340,台亞,14,5,9,元大-南京,2023-09-14,9862
4572,駐龍,9,1,8,元大-南京,2023-09-14,9862
2230,泰茂,8,0,8,元大-南京,2023-09-14,9862
3006,晶豪科,202,13,189,元大-南京,2023-09-15,9862
00929,復華台灣科技優息,144,15,129,元大-南京,2023-09-15,9862
2027,大成鋼,116,12,104,元大-南京,2023-09-15,9862
00919,群益台灣精選高息,138,54,84,元大-南京,2023-09-15,9862
2609,陽明,155,85,70,元大-南京,2023-09-15,9862
3481,群創,58,0,58,元大-南京,2023-09-15,9862
2002,中鋼,57,2,55,元大-南京,2023-09-15,9862
2892,第一金,51,0,51,元大-南京,2023-09-15,9862
00687B,國泰20年美債,53,3,50,元大-南京,2023-09-15,9862
3363,上詮,117,72,45,元大-南京,2023-09-15,9862
2618,長榮航,50,8,42,元大-南京,2023-09-15,9862
00713,元大台灣高息低波,39,1,38,元大-南京,2023-09-15,9862
9802,鈺齊-KY,33,0,33,元大-南京,2023-09-15,9862
2610,華航,38,7,31,元大-南京,2023-09-15,9862
3325,旭品,30,0,30,元大-南京,2023-09-15,9862
2891,中信金,31,1,30,元大-南京,2023-09-15,9862
2607,榮運,26,0,26,元大-南京,2023-09-15,9862
3032,偉訓,26,1,25,元大-南京,2023-09-15,9862
2204,中華,25,0,25,元大-南京,2023-09-15,9862
00751B,元大AAA至A公司債,20,0,20,元大-南京,2023-09-15,9862
00927,群益半導體收益,20,0,20,元大-南京,2023-09-15,9862
1522,堤維西,32,12,20,元大-南京,2023-09-15,9862
2023,燁輝,19,0,19,元大-南京,2023-09-15,9862
2634,漢翔,30,11,19,元大-南京,2023-09-15,9862
2408,南亞科,32,14,18,元大-南京,2023-09-15,9862
1710,東聯,20,2,18,元大-南京,2023-09-15,9862
8033,雷虎,34,17,17,元大-南京,2023-09-15,9862
4977,眾達-KY,22,5,17,元大-南京,2023-09-15,9862
2884,玉山金,19,3,16,元大-南京,2023-09-15,9862
2314,台揚,17,2,15,元大-南京,2023-09-15,9862
3035,智原,38,23,15,元大-南京,2023-09-15,9862
00772B,中信高評級公司債,14,0,14,元大-南京,2023-09-15,9862
00932,兆豐永續高息等權,25,12,13,元大-南京,2023-09-15,9862
2014,中鴻,20,7,13,元大-南京,2023-09-15,9862
6283,淳安,13,0,13,元大-南京,2023-09-15,9862
3163,波若威,80,67,13,元大-南京,2023-09-15,9862
2303,聯電,17,5,12,元大-南京,2023-09-15,9862
00637L,元大滬深300正2,20,8,12,元大-南京,2023-09-15,9862
00882,中信中國高股息,13,2,11,元大-南京,2023-09-15,9862
2329,華泰,25,14,11,元大-南京,2023-09-15,9862
1471,首利,11,0,11,元大-南京,2023-09-15,9862
3708,上緯投控,11,0,11,元大-南京,2023-09-15,9862
2449,京元電子,26,15,11,元大-南京,2023-09-15,9862
3588,通嘉,11,0,11,元大-南京,2023-09-15,9862
4906,正文,12,1,11,元大-南京,2023-09-15,9862
4121,優盛,10,0,10,元大-南京,2023-09-15,9862
00795B,中信美國公債20年,10,0,10,元大-南京,2023-09-15,9862
00641R,富邦日本反1,10,0,10,元大-南京,2023-09-15,9862
5351,鈺創,14,4,10,元大-南京,2023-09-15,9862
2105,正新,14,4,10,元大-南京,2023-09-15,9862
00919,群益台灣精選高息,435,10,425,元大-南京,2023-09-18,9862
00878,國泰永續高股息,353,3,350,元大-南京,2023-09-18,9862
00929,復華台灣科技優息,293,61,232,元大-南京,2023-09-18,9862
2330,台積電,164,0,164,元大-南京,2023-09-18,9862
2382,廣達,122,21,101,元大-南京,2023-09-18,9862
2885,元大金,91,23,68,元大-南京,2023-09-18,9862
00679B,元大美債20年,53,1,52,元大-南京,2023-09-18,9862
8054,安國,51,10,41,元大-南京,2023-09-18,9862
4513,福裕,40,0,40,元大-南京,2023-09-18,9862
00751B,元大AAA至A公司債,40,1,39,元大-南京,2023-09-18,9862
2027,大成鋼,57,19,38,元大-南京,2023-09-18,9862
3231,緯創,57,25,32,元大-南京,2023-09-18,9862
6585,鼎基,38,7,31,元大-南京,2023-09-18,9862
2363,矽統,106,76,30,元大-南京,2023-09-18,9862
6669,緯穎,30,1,29,元大-南京,2023-09-18,9862
2618,長榮航,29,0,29,元大-南京,2023-09-18,9862
00720B,元大投資級公司債,28,0,28,元大-南京,2023-09-18,9862
00687B,國泰20年美債,28,0,28,元大-南京,2023-09-18,9862
00931B,統一美債20年,26,0,26,元大-南京,2023-09-18,9862
2301,光寶科,52,27,25,元大-南京,2023-09-18,9862
00900,富邦特選高股息30,25,0,25,元大-南京,2023-09-18,9862
00688L,國泰20年美債正2,21,0,21,元大-南京,2023-09-18,9862
00713,元大台灣高息低波,41,20,21,元大-南京,2023-09-18,9862
00772B,中信高評級公司債,20,0,20,元大-南京,2023-09-18,9862
00927,群益半導體收益,20,0,20,元大-南京,2023-09-18,9862
2633,台灣高鐵,20,0,20,元大-南京,2023-09-18,9862
8110,華東,20,0,20,元大-南京,2023-09-18,9862
2392,正崴,20,0,20,元大-南京,2023-09-18,9862
9105,泰金寶-DR,20,0,20,元大-南京,2023-09-18,9862
2303,聯電,47,28,19,元大-南京,2023-09-18,9862
00680L,元大美債20正2,19,0,19,元大-南京,2023-09-18,9862
2408,南亞科,21,2,19,元大-南京,2023-09-18,9862
3324,雙鴻,28,9,19,元大-南京,2023-09-18,9862
8299,群聯,21,3,18,元大-南京,2023-09-18,9862
2324,仁寶,18,1,17,元大-南京,2023-09-18,9862
5880,合庫金,16,0,16,元大-南京,2023-09-18,9862
3701,大眾控,15,0,15,元大-南京,2023-09-18,9862
8096,擎亞,15,0,15,元大-南京,2023-09-18,9862
3037,欣興,20,5,15,元大-南京,2023-09-18,9862
1101,台泥,15,2,13,元大-南京,2023-09-18,9862
2609,陽明,27,14,13,元大-南京,2023-09-18,9862
0056,元大高股息,12,0,12,元大-南京,2023-09-18,9862
4977,眾達-KY,14,2,12,元大-南京,2023-09-18,9862
00885,富邦越南,12,0,12,元大-南京,2023-09-18,9862
3017,奇鋐,12,0,12,元大-南京,2023-09-18,9862
2359,所羅門,11,0,11,元大-南京,2023-09-18,9862
1304,台聚,13,2,11,元大-南京,2023-09-18,9862
6703,軒郁,11,0,11,元大-南京,2023-09-18,9862
4147,中裕,10,0,10,元大-南京,2023-09-18,9862
2516,新建,10,0,10,元大-南京,2023-09-18,9862
00929,復華台灣科技優息,224,4,220,元大-南京,2023-09-19,9862
3036,文曄,206,63,143,元大-南京,2023-09-19,9862
00878,國泰永續高股息,150,21,129,元大-南京,2023-09-19,9862
00919,群益台灣精選高息,168,60,108,元大-南京,2023-09-19,9862
00632R,元大台灣50反1,100,0,100,元大-南京,2023-09-19,9862
1314,中石化,80,0,80,元大-南京,2023-09-19,9862
2417,圓剛,70,2,68,元大-南京,2023-09-19,9862
3231,緯創,88,25,63,元大-南京,2023-09-19,9862
2618,長榮航,68,15,53,元大-南京,2023-09-19,9862
00915,凱基優選高股息30,51,0,51,元大-南京,2023-09-19,9862
4167,松瑞藥,50,3,47,元大-南京,2023-09-19,9862
6257,矽格,52,16,36,元大-南京,2023-09-19,9862
00902,中信電池及儲能,33,0,33,元大-南京,2023-09-19,9862
2409,友達,32,1,31,元大-南京,2023-09-19,9862
2010,春源,50,20,30,元大-南京,2023-09-19,9862
2605,新興,35,5,30,元大-南京,2023-09-19,9862
00921,兆豐龍頭等權重,27,0,27,元大-南京,2023-09-19,9862
5225,東科-KY,26,0,26,元大-南京,2023-09-19,9862
1101,台泥,26,1,25,元大-南京,2023-09-19,9862
6120,達運,23,0,23,元大-南京,2023-09-19,9862
1103,嘉泥,23,0,23,元大-南京,2023-09-19,9862
00932,兆豐永續高息等權,22,0,22,元大-南京,2023-09-19,9862
00900,富邦特選高股息30,21,0,21,元大-南京,2023-09-19,9862
3450,聯鈞,36,15,21,元大-南京,2023-09-19,9862
2330,台積電,22,2,20,元大-南京,2023-09-19,9862
2634,漢翔,29,9,20,元大-南京,2023-09-19,9862
00751B,元大AAA至A公司債,22,2,20,元大-南京,2023-09-19,9862
2881,富邦金,20,0,20,元大-南京,2023-09-19,9862
3058,立德,20,0,20,元大-南京,2023-09-19,9862
00715L,期街口布蘭特正2,20,0,20,元大-南京,2023-09-19,9862
2382,廣達,41,22,19,元大-南京,2023-09-19,9862
3481,群創,18,0,18,元大-南京,2023-09-19,9862
6147,頎邦,17,0,17,元大-南京,2023-09-19,9862
2331,精英,18,1,17,元大-南京,2023-09-19,9862
2312,金寶,16,0,16,元大-南京,2023-09-19,9862
1722,台肥,15,0,15,元大-南京,2023-09-19,9862
2201,裕隆,18,3,15,元大-南京,2023-09-19,9862
6213,聯茂,16,1,15,元大-南京,2023-09-19,9862
8261,富鼎,15,1,14,元大-南京,2023-09-19,9862
6806,森崴能源,15,1,14,元大-南京,2023-09-19,9862
2641,正德,18,5,13,元大-南京,2023-09-19,9862
4968,立積,14,1,13,元大-南京,2023-09-19,9862
3033,威健,14,2,12,元大-南京,2023-09-19,9862
2537,聯上發,12,0,12,元大-南京,2023-09-19,9862
1710,東聯,12,0,12,元大-南京,2023-09-19,9862
2476,鉅祥,12,0,12,元大-南京,2023-09-19,9862
8048,德勝,12,0,12,元大-南京,2023-09-19,9862
3693,營邦,18,7,11,元大-南京,2023-09-19,9862
2633,台灣高鐵,10,0,10,元大-南京,2023-09-19,9862
2610,華航,19,9,10,元大-南京,2023-09-19,9862
2201,裕隆,123,44,79,元大-南京,2023-09-20,9862
6147,頎邦,83,5,78,元大-南京,2023-09-20,9862
2367,燿華,123,57,66,元大-南京,2023-09-20,9862
00919,群益台灣精選高息,177,111,66,元大-南京,2023-09-20,9862
2881,富邦金,57,2,55,元大-南京,2023-09-20,9862
00671R,富邦NASDAQ反1,50,0,50,元大-南京,2023-09-20,9862
2610,華航,55,10,45,元大-南京,2023-09-20,9862
00932,兆豐永續高息等權,44,0,44,元大-南京,2023-09-20,9862
2417,圓剛,48,9,39,元大-南京,2023-09-20,9862
2330,台積電,39,2,37,元大-南京,2023-09-20,9862
3715,定穎投控,93,58,35,元大-南京,2023-09-20,9862
00673R,期元大S＆P原油反1,41,8,33,元大-南京,2023-09-20,9862
00921,兆豐龍頭等權重,32,0,32,元大-南京,2023-09-20,9862
2605,新興,92,62,30,元大-南京,2023-09-20,9862
1314,中石化,30,0,30,元大-南京,2023-09-20,9862
2363,矽統,93,66,27,元大-南京,2023-09-20,9862
1101,台泥,27,0,27,元大-南京,2023-09-20,9862
2303,聯電,35,11,24,元大-南京,2023-09-20,9862
2888,新光金,24,1,23,元大-南京,2023-09-20,9862
3037,欣興,129,106,23,元大-南京,2023-09-20,9862
00773B,中信優先金融債,22,0,22,元大-南京,2023-09-20,9862
3260,威剛,27,6,21,元大-南京,2023-09-20,9862
2344,華邦電,19,1,18,元大-南京,2023-09-20,9862
0050,元大台灣50,17,0,17,元大-南京,2023-09-20,9862
2332,友訊,19,3,16,元大-南京,2023-09-20,9862
00679B,元大美債20年,15,0,15,元大-南京,2023-09-20,9862
3339,泰谷,20,5,15,元大-南京,2023-09-20,9862
2882,國泰金,16,1,15,元大-南京,2023-09-20,9862
6770,力積電,15,0,15,元大-南京,2023-09-20,9862
00751B,元大AAA至A公司債,14,0,14,元大-南京,2023-09-20,9862
1103,嘉泥,15,2,13,元大-南京,2023-09-20,9862
6235,華孚,25,12,13,元大-南京,2023-09-20,9862
2884,玉山金,16,3,13,元大-南京,2023-09-20,9862
6213,聯茂,13,0,13,元大-南京,2023-09-20,9862
2449,京元電子,28,15,13,元大-南京,2023-09-20,9862
00878,國泰永續高股息,19,7,12,元大-南京,2023-09-20,9862
5483,中美晶,12,0,12,元大-南京,2023-09-20,9862
2641,正德,21,9,12,元大-南京,2023-09-20,9862
2408,南亞科,12,1,11,元大-南京,2023-09-20,9862
00688L,國泰20年美債正2,11,0,11,元大-南京,2023-09-20,9862
8112,至上,19,8,11,元大-南京,2023-09-20,9862
4966,譜瑞-KY,17,7,10,元大-南京,2023-09-20,9862
2634,漢翔,13,3,10,元大-南京,2023-09-20,9862
6757,台灣虎航,12,2,10,元大-南京,2023-09-20,9862
00772B,中信高評級公司債,10,0,10,元大-南京,2023-09-20,9862
3033,威健,12,2,10,元大-南京,2023-09-20,9862
4167,松瑞藥,10,0,10,元大-南京,2023-09-20,9862
2883,凱基金,9,0,9,元大-南京,2023-09-20,9862
3265,台星科,49,40,9,元大-南京,2023-09-20,9862
6806,森崴能源,9,0,9,元大-南京,2023-09-20,9862
00878,國泰永續高股息,263,25,238,元大-南京,2023-09-21,9862
3006,晶豪科,132,0,132,元大-南京,2023-09-21,9862
00929,復華台灣科技優息,160,32,128,元大-南京,2023-09-21,9862
00919,群益台灣精選高息,120,16,104,元大-南京,2023-09-21,9862
00665L,富邦�琤肭磪囓�2,100,0,100,元大-南京,2023-09-21,9862
3622,洋華,90,10,80,元大-南京,2023-09-21,9862
2882,國泰金,53,3,50,元大-南京,2023-09-21,9862
5425,台半,48,0,48,元大-南京,2023-09-21,9862
2330,台積電,41,1,40,元大-南京,2023-09-21,9862
1314,中石化,40,0,40,元大-南京,2023-09-21,9862
2367,燿華,64,26,38,元大-南京,2023-09-21,9862
0050,元大台灣50,38,1,37,元大-南京,2023-09-21,9862
1101,台泥,32,1,31,元大-南京,2023-09-21,9862
2610,華航,60,30,30,元大-南京,2023-09-21,9862
00673R,期元大S＆P原油反1,30,0,30,元大-南京,2023-09-21,9862
2892,第一金,30,0,30,元大-南京,2023-09-21,9862
2363,矽統,101,72,29,元大-南京,2023-09-21,9862
00924,復華S＆P500成長,25,0,25,元大-南京,2023-09-21,9862
8150,南茂,26,1,25,元大-南京,2023-09-21,9862
2641,正德,40,15,25,元大-南京,2023-09-21,9862
5880,合庫金,25,0,25,元大-南京,2023-09-21,9862
6770,力積電,25,1,24,元大-南京,2023-09-21,9862
00900,富邦特選高股息30,23,0,23,元大-南京,2023-09-21,9862
3481,群創,23,0,23,元大-南京,2023-09-21,9862
00687B,國泰20年美債,22,0,22,元大-南京,2023-09-21,9862
0056,元大高股息,35,13,22,元大-南京,2023-09-21,9862
2618,長榮航,63,42,21,元大-南京,2023-09-21,9862
3023,信邦,20,0,20,元大-南京,2023-09-21,9862
00772B,中信高評級公司債,20,0,20,元大-南京,2023-09-21,9862
5483,中美晶,18,0,18,元大-南京,2023-09-21,9862
00923,群益台ESG低碳50,18,0,18,元大-南京,2023-09-21,9862
2891,中信金,19,2,17,元大-南京,2023-09-21,9862
00932,兆豐永續高息等權,17,0,17,元大-南京,2023-09-21,9862
00751B,元大AAA至A公司債,16,0,16,元大-南京,2023-09-21,9862
6182,合晶,16,0,16,元大-南京,2023-09-21,9862
8358,金居,25,9,16,元大-南京,2023-09-21,9862
2010,春源,15,0,15,元大-南京,2023-09-21,9862
5871A,中租-KY甲特,15,0,15,元大-南京,2023-09-21,9862
3706,神達,23,8,15,元大-南京,2023-09-21,9862
00679B,元大美債20年,15,1,14,元大-南京,2023-09-21,9862
2409,友達,20,6,14,元大-南京,2023-09-21,9862
2603,長榮,19,6,13,元大-南京,2023-09-21,9862
3122,笙泉,16,3,13,元大-南京,2023-09-21,9862
2633,台灣高鐵,13,0,13,元大-南京,2023-09-21,9862
00930,永豐ESG低碳高息,12,0,12,元大-南京,2023-09-21,9862
6189,豐藝,16,4,12,元大-南京,2023-09-21,9862
6609,瀧澤科,12,0,12,元大-南京,2023-09-21,9862
2881,富邦金,14,2,12,元大-南京,2023-09-21,9862
00921,兆豐龍頭等權重,11,0,11,元大-南京,2023-09-21,9862
6757,台灣虎航,11,0,11,元大-南京,2023-09-21,9862
00878,國泰永續高股息,214,15,199,元大-南京,2023-09-22,9862
00687B,國泰20年美債,140,2,138,元大-南京,2023-09-22,9862
1444,力麗,131,3,128,元大-南京,2023-09-22,9862
2313,華通,140,45,95,元大-南京,2023-09-22,9862
00929,復華台灣科技優息,100,12,88,元大-南京,2023-09-22,9862
8068,全達,88,0,88,元大-南京,2023-09-22,9862
00679B,元大美債20年,73,1,72,元大-南京,2023-09-22,9862
3006,晶豪科,74,3,71,元大-南京,2023-09-22,9862
00632R,元大台灣50反1,108,38,70,元大-南京,2023-09-22,9862
2641,正德,55,2,53,元大-南京,2023-09-22,9862
2543,皇昌,55,3,52,元大-南京,2023-09-22,9862
00919,群益台灣精選高息,59,9,50,元大-南京,2023-09-22,9862
2014,中鴻,50,3,47,元大-南京,2023-09-22,9862
6869,雲豹能源,34,0,34,元大-南京,2023-09-22,9862
1609,大亞,32,2,30,元大-南京,2023-09-22,9862
2330,台積電,37,8,29,元大-南京,2023-09-22,9862
00720B,元大投資級公司債,28,0,28,元大-南京,2023-09-22,9862
00751B,元大AAA至A公司債,29,2,27,元大-南京,2023-09-22,9862
00900,富邦特選高股息30,28,3,25,元大-南京,2023-09-22,9862
00931B,統一美債20年,25,0,25,元大-南京,2023-09-22,9862
2419,仲琦,20,0,20,元大-南京,2023-09-22,9862
00915,凱基優選高股息30,20,0,20,元大-南京,2023-09-22,9862
2383,台光電,20,0,20,元大-南京,2023-09-22,9862
2881,富邦金,19,0,19,元大-南京,2023-09-22,9862
4916,事欣科,18,0,18,元大-南京,2023-09-22,9862
2408,南亞科,26,11,15,元大-南京,2023-09-22,9862
00772B,中信高評級公司債,14,0,14,元大-南京,2023-09-22,9862
3450,聯鈞,39,25,14,元大-南京,2023-09-22,9862
1101,台泥,13,0,13,元大-南京,2023-09-22,9862
2303,聯電,23,10,13,元大-南京,2023-09-22,9862
00885,富邦越南,13,0,13,元大-南京,2023-09-22,9862
0050,元大台灣50,13,0,13,元大-南京,2023-09-22,9862
00773B,中信優先金融債,12,0,12,元大-南京,2023-09-22,9862
3014,聯陽,13,1,12,元大-南京,2023-09-22,9862
2605,新興,14,2,12,元大-南京,2023-09-22,9862
4979,華星光,15,5,10,元大-南京,2023-09-22,9862
00712,復華富時不動產,10,0,10,元大-南京,2023-09-22,9862
1314,中石化,10,0,10,元大-南京,2023-09-22,9862
2867,三商壽,10,0,10,元大-南京,2023-09-22,9862
3325,旭品,10,0,10,元大-南京,2023-09-22,9862
8110,華東,10,0,10,元大-南京,2023-09-22,9862
00921,兆豐龍頭等權重,10,0,10,元大-南京,2023-09-22,9862
6213,聯茂,11,2,9,元大-南京,2023-09-22,9862
5880,合庫金,9,0,9,元大-南京,2023-09-22,9862
4906,正文,9,0,9,元大-南京,2023-09-22,9862
00688L,國泰20年美債正2,9,0,9,元大-南京,2023-09-22,9862
6190,萬泰科,11,2,9,元大-南京,2023-09-22,9862
6770,力積電,12,3,9,元大-南京,2023-09-22,9862
00713,元大台灣高息低波,8,0,8,元大-南京,2023-09-22,9862
8222,寶一,11,3,8,元大-南京,2023-09-22,9862
00878,國泰永續高股息,210,15,195,元大-南京,2023-09-25,9862
9945,潤泰新,133,0,133,元大-南京,2023-09-25,9862
00929,復華台灣科技優息,116,14,102,元大-南京,2023-09-25,9862
2883,凱基金,100,0,100,元大-南京,2023-09-25,9862
00919,群益台灣精選高息,103,4,99,元大-南京,2023-09-25,9862
6244,茂迪,90,1,89,元大-南京,2023-09-25,9862
2236,百達-KY,68,0,68,元大-南京,2023-09-25,9862
5258,虹堡,72,8,64,元大-南京,2023-09-25,9862
00902,中信電池及儲能,61,0,61,元大-南京,2023-09-25,9862
2408,南亞科,59,0,59,元大-南京,2023-09-25,9862
2313,華通,52,7,45,元大-南京,2023-09-25,9862
4909,新復興,38,0,38,元大-南京,2023-09-25,9862
1101,台泥,36,9,27,元大-南京,2023-09-25,9862
00772B,中信高評級公司債,26,0,26,元大-南京,2023-09-25,9862
3231,緯創,42,18,24,元大-南京,2023-09-25,9862
2892,第一金,31,7,24,元大-南京,2023-09-25,9862
6139,亞翔,34,13,21,元大-南京,2023-09-25,9862
2633,台灣高鐵,21,0,21,元大-南京,2023-09-25,9862
2330,台積電,29,8,21,元大-南京,2023-09-25,9862
1301,台塑,20,0,20,元大-南京,2023-09-25,9862
3710,連展投控,20,0,20,元大-南京,2023-09-25,9862
5371,中光電,20,0,20,元大-南京,2023-09-25,9862
4916,事欣科,19,0,19,元大-南京,2023-09-25,9862
00751B,元大AAA至A公司債,19,0,19,元大-南京,2023-09-25,9862
2383,台光電,25,6,19,元大-南京,2023-09-25,9862
2355,敬鵬,36,17,19,元大-南京,2023-09-25,9862
6143,振曜,20,1,19,元大-南京,2023-09-25,9862
1444,力麗,20,2,18,元大-南京,2023-09-25,9862
2303,聯電,25,7,18,元大-南京,2023-09-25,9862
2609,陽明,24,7,17,元大-南京,2023-09-25,9862
2371,大同,17,1,16,元大-南京,2023-09-25,9862
00719B,元大美債1-3,16,0,16,元大-南京,2023-09-25,9862
2421,建準,15,0,15,元大-南京,2023-09-25,9862
6120,達運,20,6,14,元大-南京,2023-09-25,9862
4147,中裕,13,0,13,元大-南京,2023-09-25,9862
2317,鴻海,15,2,13,元大-南京,2023-09-25,9862
6869,雲豹能源,12,0,12,元大-南京,2023-09-25,9862
3264,欣銓,12,0,12,元大-南京,2023-09-25,9862
2201,裕隆,162,151,11,元大-南京,2023-09-25,9862
5469,瀚宇博,12,1,11,元大-南京,2023-09-25,9862
2891,中信金,12,1,11,元大-南京,2023-09-25,9862
6485,點序,10,0,10,元大-南京,2023-09-25,9862
2358,廷鑫,12,2,10,元大-南京,2023-09-25,9862
9927,泰銘,10,0,10,元大-南京,2023-09-25,9862
6668,中揚光,10,0,10,元大-南京,2023-09-25,9862
3006,晶豪科,13,4,9,元大-南京,2023-09-25,9862
3037,欣興,13,4,9,元大-南京,2023-09-25,9862
00637L,元大滬深300正2,60,52,8,元大-南京,2023-09-25,9862
2401,凌陽,8,0,8,元大-南京,2023-09-25,9862
5388,中磊,8,0,8,元大-南京,2023-09-25,9862
00878,國泰永續高股息,315,22,293,元大-南京,2023-09-26,9862
00929,復華台灣科技優息,167,39,128,元大-南京,2023-09-26,9862
6442,光聖,115,2,113,元大-南京,2023-09-26,9862
4909,新復興,101,0,101,元大-南京,2023-09-26,9862
00679B,元大美債20年,71,0,71,元大-南京,2023-09-26,9862
00919,群益台灣精選高息,80,13,67,元大-南京,2023-09-26,9862
2330,台積電,68,1,67,元大-南京,2023-09-26,9862
00751B,元大AAA至A公司債,52,2,50,元大-南京,2023-09-26,9862
2337,旺宏,43,5,38,元大-南京,2023-09-26,9862
2618,長榮航,39,7,32,元大-南京,2023-09-26,9862
3450,聯鈞,43,15,28,元大-南京,2023-09-26,9862
1524,耿鼎,111,84,27,元大-南京,2023-09-26,9862
00687B,國泰20年美債,33,10,23,元大-南京,2023-09-26,9862
1101,台泥,22,1,21,元大-南京,2023-09-26,9862
1103,嘉泥,20,0,20,元大-南京,2023-09-26,9862
00720B,元大投資級公司債,18,0,18,元大-南京,2023-09-26,9862
2634,漢翔,19,2,17,元大-南京,2023-09-26,9862
3231,緯創,29,12,17,元大-南京,2023-09-26,9862
2368,金像電,19,4,15,元大-南京,2023-09-26,9862
00773B,中信優先金融債,15,0,15,元大-南京,2023-09-26,9862
00888,永豐台灣ESG,15,0,15,元大-南京,2023-09-26,9862
2881,富邦金,16,2,14,元大-南京,2023-09-26,9862
6122,擎邦,15,1,14,元大-南京,2023-09-26,9862
3481,群創,19,6,13,元大-南京,2023-09-26,9862
1301,台塑,14,1,13,元大-南京,2023-09-26,9862
3260,威剛,14,1,13,元大-南京,2023-09-26,9862
00915,凱基優選高股息30,13,0,13,元大-南京,2023-09-26,9862
0050,元大台灣50,12,0,12,元大-南京,2023-09-26,9862
5009,榮剛,12,0,12,元大-南京,2023-09-26,9862
6139,亞翔,35,23,12,元大-南京,2023-09-26,9862
1504,東元,24,12,12,元大-南京,2023-09-26,9862
2206,三陽工業,25,14,11,元大-南京,2023-09-26,9862
2352,佳世達,11,0,11,元大-南京,2023-09-26,9862
2888,新光金,11,0,11,元大-南京,2023-09-26,9862
3339,泰谷,11,0,11,元大-南京,2023-09-26,9862
00688L,國泰20年美債正2,31,20,11,元大-南京,2023-09-26,9862
3363,上詮,11,0,11,元大-南京,2023-09-26,9862
00931B,統一美債20年,11,0,11,元大-南京,2023-09-26,9862
1734,杏輝,10,0,10,元大-南京,2023-09-26,9862
3207,耀勝,10,0,10,元大-南京,2023-09-26,9862
2852,第一保,10,0,10,元大-南京,2023-09-26,9862
4414,如興,10,0,10,元大-南京,2023-09-26,9862
00712,復華富時不動產,10,0,10,元大-南京,2023-09-26,9862
6609,瀧澤科,10,0,10,元大-南京,2023-09-26,9862
00772B,中信高評級公司債,9,0,9,元大-南京,2023-09-26,9862
2002,中鋼,17,8,9,元大-南京,2023-09-26,9862
4906,正文,14,5,9,元大-南京,2023-09-26,9862
5388,中磊,10,1,9,元大-南京,2023-09-26,9862
1522,堤維西,37,28,9,元大-南京,2023-09-26,9862
00665L,富邦�琤肭磪囓�2,8,0,8,元大-南京,2023-09-26,9862
00878,國泰永續高股息,312,19,293,元大-南京,2023-09-27,9862
00929,復華台灣科技優息,103,6,97,元大-南京,2023-09-27,9862
1314,中石化,91,0,91,元大-南京,2023-09-27,9862
6146,耕興,70,1,69,元大-南京,2023-09-27,9862
00664R,國泰臺灣加權反1,60,0,60,元大-南京,2023-09-27,9862
1101,台泥,58,0,58,元大-南京,2023-09-27,9862
00687B,國泰20年美債,56,0,56,元大-南京,2023-09-27,9862
2014,中鴻,51,0,51,元大-南京,2023-09-27,9862
00715L,期街口布蘭特正2,50,0,50,元大-南京,2023-09-27,9862
2891,中信金,48,0,48,元大-南京,2023-09-27,9862
2303,聯電,45,1,44,元大-南京,2023-09-27,9862
2412,中華電,40,0,40,元大-南京,2023-09-27,9862
1815,富喬,41,2,39,元大-南京,2023-09-27,9862
9904,寶成,43,4,39,元大-南京,2023-09-27,9862
2367,燿華,35,0,35,元大-南京,2023-09-27,9862
2355,敬鵬,34,1,33,元大-南京,2023-09-27,9862
00751B,元大AAA至A公司債,30,0,30,元大-南京,2023-09-27,9862
1605,華新,28,1,27,元大-南京,2023-09-27,9862
6442,光聖,34,8,26,元大-南京,2023-09-27,9862
00713,元大台灣高息低波,29,5,24,元大-南京,2023-09-27,9862
6284,佳邦,24,0,24,元大-南京,2023-09-27,9862
6116,彩晶,22,0,22,元大-南京,2023-09-27,9862
1734,杏輝,21,0,21,元大-南京,2023-09-27,9862
2845,遠東銀,25,5,20,元大-南京,2023-09-27,9862
00919,群益台灣精選高息,19,0,19,元大-南京,2023-09-27,9862
00915,凱基優選高股息30,18,0,18,元大-南京,2023-09-27,9862
00679B,元大美債20年,16,0,16,元大-南京,2023-09-27,9862
3037,欣興,19,4,15,元大-南京,2023-09-27,9862
6147,頎邦,15,0,15,元大-南京,2023-09-27,9862
4908,前鼎,20,5,15,元大-南京,2023-09-27,9862
3715,定穎投控,72,58,14,元大-南京,2023-09-27,9862
3006,晶豪科,14,0,14,元大-南京,2023-09-27,9862
4909,新復興,12,0,12,元大-南京,2023-09-27,9862
00637L,元大滬深300正2,13,2,11,元大-南京,2023-09-27,9862
1303,南亞,11,0,11,元大-南京,2023-09-27,9862
2468,華經,16,5,11,元大-南京,2023-09-27,9862
6167,久正,11,0,11,元大-南京,2023-09-27,9862
2881,富邦金,11,1,10,元大-南京,2023-09-27,9862
1519,華城,26,16,10,元大-南京,2023-09-27,9862
6139,亞翔,34,24,10,元大-南京,2023-09-27,9862
5488,松普,10,0,10,元大-南京,2023-09-27,9862
00923,群益台ESG低碳50,13,3,10,元大-南京,2023-09-27,9862
912000,晨訊科-DR,10,0,10,元大-南京,2023-09-27,9862
6806,森崴能源,12,2,10,元大-南京,2023-09-27,9862
2308,台達電,11,2,9,元大-南京,2023-09-27,9862
9927,泰銘,10,1,9,元大-南京,2023-09-27,9862
2371,大同,13,4,9,元大-南京,2023-09-27,9862
3162,精確,9,0,9,元大-南京,2023-09-27,9862
2330,台積電,12,3,9,元大-南京,2023-09-27,9862
00720B,元大投資級公司債,11,3,8,元大-南京,2023-09-27,9862
2888,新光金,100,0,100,元大-南京,2023-09-28,9862
2408,南亞科,123,28,95,元大-南京,2023-09-28,9862
2610,華航,89,19,70,元大-南京,2023-09-28,9862
2344,華邦電,67,1,66,元大-南京,2023-09-28,9862
00679B,元大美債20年,54,0,54,元大-南京,2023-09-28,9862
1584,精剛,62,10,52,元大-南京,2023-09-28,9862
2363,矽統,80,29,51,元大-南京,2023-09-28,9862
2201,裕隆,56,6,50,元大-南京,2023-09-28,9862
2204,中華,50,1,49,元大-南京,2023-09-28,9862
1560,中砂,71,23,48,元大-南京,2023-09-28,9862
00929,復華台灣科技優息,51,4,47,元大-南京,2023-09-28,9862
3231,緯創,77,31,46,元大-南京,2023-09-28,9862
00687B,國泰20年美債,42,3,39,元大-南京,2023-09-28,9862
2891,中信金,38,1,37,元大-南京,2023-09-28,9862
00751B,元大AAA至A公司債,36,0,36,元大-南京,2023-09-28,9862
1815,富喬,44,8,36,元大-南京,2023-09-28,9862
00680L,元大美債20正2,49,20,29,元大-南京,2023-09-28,9862
2618,長榮航,30,1,29,元大-南京,2023-09-28,9862
3035,智原,30,5,25,元大-南京,2023-09-28,9862
6442,光聖,46,24,22,元大-南京,2023-09-28,9862
00712,復華富時不動產,21,0,21,元大-南京,2023-09-28,9862
00720B,元大投資級公司債,25,5,20,元大-南京,2023-09-28,9862
5258,虹堡,20,1,19,元大-南京,2023-09-28,9862
00688L,國泰20年美債正2,17,0,17,元大-南京,2023-09-28,9862
00878,國泰永續高股息,27,11,16,元大-南京,2023-09-28,9862
1722,台肥,15,0,15,元大-南京,2023-09-28,9862
2801,彰銀,15,0,15,元大-南京,2023-09-28,9862
00633L,富邦上証正2,14,0,14,元大-南京,2023-09-28,9862
2324,仁寶,13,0,13,元大-南京,2023-09-28,9862
00885,富邦越南,13,0,13,元大-南京,2023-09-28,9862
00772B,中信高評級公司債,12,0,12,元大-南京,2023-09-28,9862
2313,華通,34,24,10,元大-南京,2023-09-28,9862
8210,勤誠,10,0,10,元大-南京,2023-09-28,9862
3615,安可,10,0,10,元大-南京,2023-09-28,9862
8068,全達,11,1,10,元大-南京,2023-09-28,9862
00931B,統一美債20年,10,0,10,元大-南京,2023-09-28,9862
00893,國泰智能電動車,10,0,10,元大-南京,2023-09-28,9862
2376,技嘉,39,29,10,元大-南京,2023-09-28,9862
2208,台船,9,0,9,元大-南京,2023-09-28,9862
00888,永豐台灣ESG,9,0,9,元大-南京,2023-09-28,9862
3710,連展投控,10,1,9,元大-南京,2023-09-28,9862
2316,楠梓電,17,8,9,元大-南京,2023-09-28,9862
2353,宏��,12,3,9,元大-南京,2023-09-28,9862
00891,中信關鍵半導體,8,0,8,元大-南京,2023-09-28,9862
6788,華景電,8,0,8,元大-南京,2023-09-28,9862
3090,日電貿,8,0,8,元大-南京,2023-09-28,9862
6806,森崴能源,12,4,8,元大-南京,2023-09-28,9862
2317,鴻海,9,1,8,元大-南京,2023-09-28,9862
2368,金像電,20,12,8,元大-南京,2023-09-28,9862
2337,旺宏,8,0,8,元大-南京,2023-09-28,9862
6244,茂迪,278,67,211,元大-南京,2023-10-02,9862
00673R,期元大S＆P原油反1,100,0,100,元大-南京,2023-10-02,9862
00706L,期元大S＆P日圓正2,53,0,53,元大-南京,2023-10-02,9862
00929,復華台灣科技優息,53,1,52,元大-南京,2023-10-02,9862
1591,駿吉-KY,50,0,50,元大-南京,2023-10-02,9862
2355,敬鵬,78,32,46,元大-南京,2023-10-02,9862
1815,富喬,62,19,43,元大-南京,2023-10-02,9862
1702,南僑,51,12,39,元大-南京,2023-10-02,9862
00679B,元大美債20年,31,2,29,元大-南京,2023-10-02,9862
8936,國統,38,10,28,元大-南京,2023-10-02,9862
00751B,元大AAA至A公司債,26,0,26,元大-南京,2023-10-02,9862
00680L,元大美債20正2,24,0,24,元大-南京,2023-10-02,9862
2892,第一金,23,0,23,元大-南京,2023-10-02,9862
00888,永豐台灣ESG,23,0,23,元大-南京,2023-10-02,9862
1314,中石化,20,0,20,元大-南京,2023-10-02,9862
00878,國泰永續高股息,52,33,19,元大-南京,2023-10-02,9862
2884,玉山金,18,0,18,元大-南京,2023-10-02,9862
2317,鴻海,19,2,17,元大-南京,2023-10-02,9862
1101,台泥,18,2,16,元大-南京,2023-10-02,9862
2371,大同,15,0,15,元大-南京,2023-10-02,9862
3325,旭品,18,4,14,元大-南京,2023-10-02,9862
2457,飛宏,22,8,14,元大-南京,2023-10-02,9862
3006,晶豪科,31,17,14,元大-南京,2023-10-02,9862
1609,大亞,33,19,14,元大-南京,2023-10-02,9862
5324,士開,13,0,13,元大-南京,2023-10-02,9862
2610,華航,16,3,13,元大-南京,2023-10-02,9862
2891,中信金,13,1,12,元大-南京,2023-10-02,9862
6271,同欣電,13,1,12,元大-南京,2023-10-02,9862
2363,矽統,65,53,12,元大-南京,2023-10-02,9862
1519,華城,26,15,11,元大-南京,2023-10-02,9862
2402,毅嘉,21,10,11,元大-南京,2023-10-02,9862
6188,廣明,23,12,11,元大-南京,2023-10-02,9862
2401,凌陽,11,0,11,元大-南京,2023-10-02,9862
2882,國泰金,11,0,11,元大-南京,2023-10-02,9862
6585,鼎基,11,0,11,元大-南京,2023-10-02,9862
00772B,中信高評級公司債,11,0,11,元大-南京,2023-10-02,9862
00632R,元大台灣50反1,11,0,11,元大-南京,2023-10-02,9862
1618,合機,12,2,10,元大-南京,2023-10-02,9862
2455,全新,10,0,10,元大-南京,2023-10-02,9862
1444,力麗,10,0,10,元大-南京,2023-10-02,9862
2468,華經,10,0,10,元大-南京,2023-10-02,9862
3708,上緯投控,10,0,10,元大-南京,2023-10-02,9862
3548,兆利,14,4,10,元大-南京,2023-10-02,9862
8110,華東,10,0,10,元大-南京,2023-10-02,9862
00646,元大S＆P500,10,0,10,元大-南京,2023-10-02,9862
2412,中華電,10,0,10,元大-南京,2023-10-02,9862
00931B,統一美債20年,10,1,9,元大-南京,2023-10-02,9862
6582,申豐,9,0,9,元大-南京,2023-10-02,9862
6182,合晶,9,0,9,元大-南京,2023-10-02,9862
00687B,國泰20年美債,8,0,8,元大-南京,2023-10-02,9862
00922,國泰台灣領袖50,96,0,96,元大-南京,2023-10-03,9862
00712,復華富時不動產,85,0,85,元大-南京,2023-10-03,9862
0056,元大高股息,104,27,77,元大-南京,2023-10-03,9862
2891,中信金,72,0,72,元大-南京,2023-10-03,9862
2409,友達,82,21,61,元大-南京,2023-10-03,9862
1815,富喬,122,68,54,元大-南京,2023-10-03,9862
00882,中信中國高股息,46,0,46,元大-南京,2023-10-03,9862
1605,華新,36,5,31,元大-南京,2023-10-03,9862
6274,台燿,44,13,31,元大-南京,2023-10-03,9862
00751B,元大AAA至A公司債,30,0,30,元大-南京,2023-10-03,9862
00720B,元大投資級公司債,30,0,30,元大-南京,2023-10-03,9862
00929,復華台灣科技優息,32,3,29,元大-南京,2023-10-03,9862
2618,長榮航,34,5,29,元大-南京,2023-10-03,9862
00915,凱基優選高股息30,28,0,28,元大-南京,2023-10-03,9862
6282,康舒,32,6,26,元大-南京,2023-10-03,9862
1802,台玻,28,2,26,元大-南京,2023-10-03,9862
4967,十銓,34,8,26,元大-南京,2023-10-03,9862
3078,僑威,37,14,23,元大-南京,2023-10-03,9862
3702,大聯大,28,5,23,元大-南京,2023-10-03,9862
00633L,富邦上証正2,22,0,22,元大-南京,2023-10-03,9862
4916,事欣科,21,0,21,元大-南京,2023-10-03,9862
00673R,期元大S＆P原油反1,20,0,20,元大-南京,2023-10-03,9862
8011,台通,23,3,20,元大-南京,2023-10-03,9862
2106,建大,20,0,20,元大-南京,2023-10-03,9862
2363,矽統,71,52,19,元大-南京,2023-10-03,9862
2329,華泰,28,9,19,元大-南京,2023-10-03,9862
2882,國泰金,19,2,17,元大-南京,2023-10-03,9862
1303,南亞,17,1,16,元大-南京,2023-10-03,9862
2607,榮運,15,0,15,元大-南京,2023-10-03,9862
2486,一詮,28,13,15,元大-南京,2023-10-03,9862
2881,富邦金,14,0,14,元大-南京,2023-10-03,9862
2603,長榮,16,2,14,元大-南京,2023-10-03,9862
5465,富驊,14,0,14,元大-南京,2023-10-03,9862
00713,元大台灣高息低波,13,0,13,元大-南京,2023-10-03,9862
2002,中鋼,19,6,13,元大-南京,2023-10-03,9862
00637L,元大滬深300正2,13,0,13,元大-南京,2023-10-03,9862
3037,欣興,14,1,13,元大-南京,2023-10-03,9862
1409,新纖,17,5,12,元大-南京,2023-10-03,9862
00687B,國泰20年美債,14,2,12,元大-南京,2023-10-03,9862
9924,福興,12,0,12,元大-南京,2023-10-03,9862
3481,群創,43,32,11,元大-南京,2023-10-03,9862
3044,健鼎,18,7,11,元大-南京,2023-10-03,9862
3617,碩天,15,4,11,元大-南京,2023-10-03,9862
2421,建準,12,1,11,元大-南京,2023-10-03,9862
3548,兆利,20,9,11,元大-南京,2023-10-03,9862
2412,中華電,11,0,11,元大-南京,2023-10-03,9862
3122,笙泉,16,5,11,元大-南京,2023-10-03,9862
1210,大成,11,0,11,元大-南京,2023-10-03,9862
00665L,富邦�琤肭磪囓�2,57,46,11,元大-南京,2023-10-03,9862
00931B,統一美債20年,11,0,11,元大-南京,2023-10-03,9862
00671R,富邦NASDAQ反1,258,0,258,元大-南京,2023-10-04,9862
00632R,元大台灣50反1,200,16,184,元大-南京,2023-10-04,9862
00922,國泰台灣領袖50,144,0,144,元大-南京,2023-10-04,9862
00878,國泰永續高股息,146,3,143,元大-南京,2023-10-04,9862
00688L,國泰20年美債正2,103,0,103,元大-南京,2023-10-04,9862
2303,聯電,102,6,96,元大-南京,2023-10-04,9862
2201,裕隆,112,26,86,元大-南京,2023-10-04,9862
0056,元大高股息,122,43,79,元大-南京,2023-10-04,9862
2891,中信金,69,0,69,元大-南京,2023-10-04,9862
00720B,元大投資級公司債,67,0,67,元大-南京,2023-10-04,9862
00687B,國泰20年美債,60,0,60,元大-南京,2023-10-04,9862
00680L,元大美債20正2,58,2,56,元大-南京,2023-10-04,9862
00751B,元大AAA至A公司債,62,26,36,元大-南京,2023-10-04,9862
00713,元大台灣高息低波,35,1,34,元大-南京,2023-10-04,9862
1303,南亞,36,2,34,元大-南京,2023-10-04,9862
4909,新復興,30,0,30,元大-南京,2023-10-04,9862
2409,友達,36,7,29,元大-南京,2023-10-04,9862
2356,英業達,44,16,28,元大-南京,2023-10-04,9862
2884,玉山金,30,2,28,元大-南京,2023-10-04,9862
2881,富邦金,27,0,27,元大-南京,2023-10-04,9862
2885,元大金,28,1,27,元大-南京,2023-10-04,9862
2888,新光金,27,0,27,元大-南京,2023-10-04,9862
1722,台肥,26,1,25,元大-南京,2023-10-04,9862
2892,第一金,25,1,24,元大-南京,2023-10-04,9862
1605,華新,27,4,23,元大-南京,2023-10-04,9862
6116,彩晶,23,0,23,元大-南京,2023-10-04,9862
00719B,元大美債1-3,21,0,21,元大-南京,2023-10-04,9862
2637,慧洋-KY,21,0,21,元大-南京,2023-10-04,9862
00929,復華台灣科技優息,22,1,21,元大-南京,2023-10-04,9862
00931B,統一美債20年,20,0,20,元大-南京,2023-10-04,9862
2010,春源,20,0,20,元大-南京,2023-10-04,9862
1314,中石化,20,0,20,元大-南京,2023-10-04,9862
2882,國泰金,20,2,18,元大-南京,2023-10-04,9862
00633L,富邦上証正2,17,0,17,元大-南京,2023-10-04,9862
00919,群益台灣精選高息,17,1,16,元大-南京,2023-10-04,9862
9938,百和,16,0,16,元大-南京,2023-10-04,9862
1612,宏泰,16,1,15,元大-南京,2023-10-04,9862
1524,耿鼎,19,4,15,元大-南京,2023-10-04,9862
00712,復華富時不動產,56,41,15,元大-南京,2023-10-04,9862
1584,精剛,14,0,14,元大-南京,2023-10-04,9862
1101,台泥,15,1,14,元大-南京,2023-10-04,9862
3231,緯創,33,20,13,元大-南京,2023-10-04,9862
1514,亞力,23,10,13,元大-南京,2023-10-04,9862
00725B,國泰投資級公司債,13,0,13,元大-南京,2023-10-04,9862
6770,力積電,16,3,13,元大-南京,2023-10-04,9862
2330,台積電,13,0,13,元大-南京,2023-10-04,9862
3715,定穎投控,42,30,12,元大-南京,2023-10-04,9862
3481,群創,37,25,12,元大-南京,2023-10-04,9862
1304,台聚,12,0,12,元大-南京,2023-10-04,9862
00907,永豐優息存股,12,0,12,元大-南京,2023-10-04,9862
3711,日月光投控,120,0,120,元大-南京,2023-10-05,9862
1815,富喬,85,33,52,元大-南京,2023-10-05,9862
2888,新光金,52,0,52,元大-南京,2023-10-05,9862
1591,駿吉-KY,33,0,33,元大-南京,2023-10-05,9862
2610,華航,62,30,32,元大-南京,2023-10-05,9862
2002,中鋼,44,13,31,元大-南京,2023-10-05,9862
4123,晟德,30,0,30,元大-南京,2023-10-05,9862
00673R,期元大S＆P原油反1,30,0,30,元大-南京,2023-10-05,9862
3363,上詮,59,32,27,元大-南京,2023-10-05,9862
8086,宏捷科,27,0,27,元大-南京,2023-10-05,9862
3481,群創,43,16,27,元大-南京,2023-10-05,9862
2382,廣達,39,12,27,元大-南京,2023-10-05,9862
6288,聯嘉,31,5,26,元大-南京,2023-10-05,9862
3669,圓展,26,0,26,元大-南京,2023-10-05,9862
3006,晶豪科,25,2,23,元大-南京,2023-10-05,9862
2891,中信金,22,0,22,元大-南京,2023-10-05,9862
3105,穩懋,22,0,22,元大-南京,2023-10-05,9862
1101,台泥,22,0,22,元大-南京,2023-10-05,9862
00712,復華富時不動產,21,0,21,元大-南京,2023-10-05,9862
2834,臺企銀,20,0,20,元大-南京,2023-10-05,9862
00637L,元大滬深300正2,20,0,20,元大-南京,2023-10-05,9862
2383,台光電,30,10,20,元大-南京,2023-10-05,9862
00751B,元大AAA至A公司債,21,3,18,元大-南京,2023-10-05,9862
4714,永捷,17,0,17,元大-南京,2023-10-05,9862
6461,益得,16,0,16,元大-南京,2023-10-05,9862
2881,富邦金,16,3,13,元大-南京,2023-10-05,9862
9904,寶成,13,0,13,元大-南京,2023-10-05,9862
1314,中石化,14,1,13,元大-南京,2023-10-05,9862
3530,晶相光,17,4,13,元大-南京,2023-10-05,9862
6191,精成科,12,0,12,元大-南京,2023-10-05,9862
3548,兆利,23,11,12,元大-南京,2023-10-05,9862
1524,耿鼎,32,20,12,元大-南京,2023-10-05,9862
2498,宏達電,13,2,11,元大-南京,2023-10-05,9862
1342,八貫,11,0,11,元大-南京,2023-10-05,9862
4967,十銓,11,0,11,元大-南京,2023-10-05,9862
8271,宇瞻,12,1,11,元大-南京,2023-10-05,9862
2883,凱基金,11,1,10,元大-南京,2023-10-05,9862
2892,第一金,10,0,10,元大-南京,2023-10-05,9862
2548,華固,10,0,10,元大-南京,2023-10-05,9862
2887,台新金,10,0,10,元大-南京,2023-10-05,9862
3679,新至陞,10,0,10,元大-南京,2023-10-05,9862
1722,台肥,10,0,10,元大-南京,2023-10-05,9862
00664R,國泰臺灣加權反1,10,0,10,元大-南京,2023-10-05,9862
2867,三商壽,10,0,10,元大-南京,2023-10-05,9862
3234,光環,10,0,10,元大-南京,2023-10-05,9862
4513,福裕,10,0,10,元大-南京,2023-10-05,9862
1612,宏泰,10,0,10,元大-南京,2023-10-05,9862
00888,永豐台灣ESG,10,0,10,元大-南京,2023-10-05,9862
2356,英業達,19,9,10,元大-南京,2023-10-05,9862
2603,長榮,12,2,10,元大-南京,2023-10-05,9862
3346,麗清,130,0,130,元大-南京,2023-10-06,9862
3006,晶豪科,150,90,60,元大-南京,2023-10-06,9862
2618,長榮航,61,4,57,元大-南京,2023-10-06,9862
2486,一詮,76,28,48,元大-南京,2023-10-06,9862
1815,富喬,54,11,43,元大-南京,2023-10-06,9862
2409,友達,43,2,41,元大-南京,2023-10-06,9862
00931B,統一美債20年,40,0,40,元大-南京,2023-10-06,9862
3217,優群,46,7,39,元大-南京,2023-10-06,9862
1471,首利,32,1,31,元大-南京,2023-10-06,9862
5258,虹堡,64,34,30,元大-南京,2023-10-06,9862
6290,良維,37,9,28,元大-南京,2023-10-06,9862
2520,冠德,28,2,26,元大-南京,2023-10-06,9862
2419,仲琦,23,0,23,元大-南京,2023-10-06,9862
3035,智原,72,51,21,元大-南京,2023-10-06,9862
00929,復華台灣科技優息,113,92,21,元大-南京,2023-10-06,9862
00738U,期元大道瓊白銀,20,0,20,元大-南京,2023-10-06,9862
00720B,元大投資級公司債,19,0,19,元大-南京,2023-10-06,9862
3231,緯創,49,30,19,元大-南京,2023-10-06,9862
00715L,期街口布蘭特正2,17,0,17,元大-南京,2023-10-06,9862
3481,群創,37,21,16,元大-南京,2023-10-06,9862
00687B,國泰20年美債,17,1,16,元大-南京,2023-10-06,9862
2408,南亞科,17,1,16,元大-南京,2023-10-06,9862
00922,國泰台灣領袖50,16,0,16,元大-南京,2023-10-06,9862
1326,台化,15,0,15,元大-南京,2023-10-06,9862
00751B,元大AAA至A公司債,34,20,14,元大-南京,2023-10-06,9862
1524,耿鼎,44,31,13,元大-南京,2023-10-06,9862
3689,湧德,12,0,12,元大-南京,2023-10-06,9862
3325,旭品,28,17,11,元大-南京,2023-10-06,9862
2891,中信金,11,0,11,元大-南京,2023-10-06,9862
8027,鈦昇,11,0,11,元大-南京,2023-10-06,9862
2371,大同,12,2,10,元大-南京,2023-10-06,9862
2603,長榮,13,3,10,元大-南京,2023-10-06,9862
6142,友勁,10,0,10,元大-南京,2023-10-06,9862
2548,華固,10,0,10,元大-南京,2023-10-06,9862
00632R,元大台灣50反1,10,0,10,元大-南京,2023-10-06,9862
1444,力麗,10,0,10,元大-南京,2023-10-06,9862
4967,十銓,11,1,10,元大-南京,2023-10-06,9862
3704,合勤控,22,13,9,元大-南京,2023-10-06,9862
2317,鴻海,12,4,8,元大-南京,2023-10-06,9862
2427,三商電,9,1,8,元大-南京,2023-10-06,9862
2368,金像電,9,1,8,元大-南京,2023-10-06,9862
2834,臺企銀,8,0,8,元大-南京,2023-10-06,9862
00712,復華富時不動產,7,0,7,元大-南京,2023-10-06,9862
8942,森鉅,7,0,7,元大-南京,2023-10-06,9862
4747,強生,7,0,7,元大-南京,2023-10-06,9862
3444,利機,9,2,7,元大-南京,2023-10-06,9862
2637,慧洋-KY,10,3,7,元大-南京,2023-10-06,9862
3090,日電貿,7,0,7,元大-南京,2023-10-06,9862
2606,裕民,11,4,7,元大-南京,2023-10-06,9862
6732,昇佳電子,7,0,7,元大-南京,2023-10-06,9862
2382,廣達,147,52,95,元大-南京,2023-10-11,9862
3231,緯創,135,41,94,元大-南京,2023-10-11,9862
6282,康舒,51,0,51,元大-南京,2023-10-11,9862
1591,駿吉-KY,46,0,46,元大-南京,2023-10-11,9862
2356,英業達,58,16,42,元大-南京,2023-10-11,9862
2408,南亞科,49,8,41,元大-南京,2023-10-11,9862
2618,長榮航,44,9,35,元大-南京,2023-10-11,9862
00891,中信關鍵半導體,51,19,32,元大-南京,2023-10-11,9862
00632R,元大台灣50反1,30,0,30,元大-南京,2023-10-11,9862
2486,一詮,43,15,28,元大-南京,2023-10-11,9862
2465,麗臺,31,3,28,元大-南京,2023-10-11,9862
4743,合一,25,0,25,元大-南京,2023-10-11,9862
3006,晶豪科,115,90,25,元大-南京,2023-10-11,9862
6120,達運,25,0,25,元大-南京,2023-10-11,9862
00931B,統一美債20年,23,0,23,元大-南京,2023-10-11,9862
00878,國泰永續高股息,26,3,23,元大-南京,2023-10-11,9862
00922,國泰台灣領袖50,129,108,21,元大-南京,2023-10-11,9862
1101,台泥,22,2,20,元大-南京,2023-10-11,9862
6185,幃翔,20,0,20,元大-南京,2023-10-11,9862
2359,所羅門,21,1,20,元大-南京,2023-10-11,9862
00786B,元大10年IG銀行債,20,0,20,元大-南京,2023-10-11,9862
00664R,國泰臺灣加權反1,20,0,20,元大-南京,2023-10-11,9862
6426,統新,20,0,20,元大-南京,2023-10-11,9862
4906,正文,24,5,19,元大-南京,2023-10-11,9862
2548,華固,19,0,19,元大-南京,2023-10-11,9862
6799,來頡,20,2,18,元大-南京,2023-10-11,9862
1609,大亞,23,6,17,元大-南京,2023-10-11,9862
6189,豐藝,24,7,17,元大-南京,2023-10-11,9862
2538,基泰,19,2,17,元大-南京,2023-10-11,9862
6703,軒郁,17,0,17,元大-南京,2023-10-11,9862
00885,富邦越南,16,0,16,元大-南京,2023-10-11,9862
3450,聯鈞,21,5,16,元大-南京,2023-10-11,9862
2204,中華,15,0,15,元大-南京,2023-10-11,9862
1722,台肥,27,12,15,元大-南京,2023-10-11,9862
0056,元大高股息,41,27,14,元大-南京,2023-10-11,9862
00633L,富邦上証正2,13,0,13,元大-南京,2023-10-11,9862
3014,聯陽,30,17,13,元大-南京,2023-10-11,9862
2610,華航,23,11,12,元大-南京,2023-10-11,9862
6275,元山,12,0,12,元大-南京,2023-10-11,9862
1720,生達,12,0,12,元大-南京,2023-10-11,9862
2417,圓剛,13,1,12,元大-南京,2023-10-11,9862
00919,群益台灣精選高息,15,3,12,元大-南京,2023-10-11,9862
3715,定穎投控,44,33,11,元大-南京,2023-10-11,9862
1612,宏泰,19,8,11,元大-南京,2023-10-11,9862
6550,北極星藥業-KY,11,0,11,元大-南京,2023-10-11,9862
00679B,元大美債20年,12,1,11,元大-南京,2023-10-11,9862
6757,台灣虎航,13,2,11,元大-南京,2023-10-11,9862
8105,凌巨,11,0,11,元大-南京,2023-10-11,9862
3078,僑威,21,10,11,元大-南京,2023-10-11,9862
1504,東元,14,4,10,元大-南京,2023-10-11,9862
1584,精剛,201,1,200,元大-南京,2023-10-12,9862
2363,矽統,176,129,47,元大-南京,2023-10-12,9862
2891,中信金,64,26,38,元大-南京,2023-10-12,9862
2312,金寶,34,0,34,元大-南京,2023-10-12,9862
6290,良維,32,0,32,元大-南京,2023-10-12,9862
8433,弘帆,30,0,30,元大-南京,2023-10-12,9862
3706,神達,45,16,29,元大-南京,2023-10-12,9862
00915,凱基優選高股息30,28,1,27,元大-南京,2023-10-12,9862
6870,騰雲,23,0,23,元大-南京,2023-10-12,9862
2382,廣達,56,35,21,元大-南京,2023-10-12,9862
00720B,元大投資級公司債,20,0,20,元大-南京,2023-10-12,9862
4714,永捷,20,0,20,元大-南京,2023-10-12,9862
2408,南亞科,22,3,19,元大-南京,2023-10-12,9862
6187,萬潤,19,0,19,元大-南京,2023-10-12,9862
3036,文曄,40,23,17,元大-南京,2023-10-12,9862
3013,晟銘電,21,5,16,元大-南京,2023-10-12,9862
4951,精拓科,16,0,16,元大-南京,2023-10-12,9862
2605,新興,17,2,15,元大-南京,2023-10-12,9862
2356,英業達,17,3,14,元大-南京,2023-10-12,9862
6026,福邦證,15,1,14,元大-南京,2023-10-12,9862
1215,卜蜂,14,0,14,元大-南京,2023-10-12,9862
2486,一詮,20,7,13,元大-南京,2023-10-12,9862
0056,元大高股息,31,20,11,元大-南京,2023-10-12,9862
1591,駿吉-KY,11,0,11,元大-南京,2023-10-12,9862
3062,建漢,11,0,11,元大-南京,2023-10-12,9862
00655L,國泰中國A50正2,11,0,11,元大-南京,2023-10-12,9862
1319,東陽,29,19,10,元大-南京,2023-10-12,9862
1609,大亞,10,0,10,元大-南京,2023-10-12,9862
2610,華航,20,10,10,元大-南京,2023-10-12,9862
2010,春源,10,0,10,元大-南京,2023-10-12,9862
8033,雷虎,10,0,10,元大-南京,2023-10-12,9862
1449,佳和,10,0,10,元大-南京,2023-10-12,9862
6156,松上,10,0,10,元大-南京,2023-10-12,9862
00751B,元大AAA至A公司債,10,0,10,元大-南京,2023-10-12,9862
1815,富喬,19,10,9,元大-南京,2023-10-12,9862
2884,玉山金,13,4,9,元大-南京,2023-10-12,9862
2538,基泰,10,1,9,元大-南京,2023-10-12,9862
8942,森鉅,9,0,9,元大-南京,2023-10-12,9862
2303,聯電,25,16,9,元大-南京,2023-10-12,9862
2383,台光電,21,13,8,元大-南京,2023-10-12,9862
00662,富邦NASDAQ,8,0,8,元大-南京,2023-10-12,9862
2606,裕民,10,2,8,元大-南京,2023-10-12,9862
6472,保瑞,8,0,8,元大-南京,2023-10-12,9862
4306,炎洲,7,0,7,元大-南京,2023-10-12,9862
1324,地球,7,0,7,元大-南京,2023-10-12,9862
2455,全新,15,8,7,元大-南京,2023-10-12,9862
2301,光寶科,12,6,6,元大-南京,2023-10-12,9862
00679B,元大美債20年,11,5,6,元大-南京,2023-10-12,9862
00642U,期元大S＆P石油,6,0,6,元大-南京,2023-10-12,9862
00712,復華富時不動產,6,0,6,元大-南京,2023-10-12,9862
2913,農林,401,1,400,元大-南京,2023-10-13,9862
00688L,國泰20年美債正2,104,0,104,元大-南京,2023-10-13,9862
2351,順德,90,0,90,元大-南京,2023-10-13,9862
2363,矽統,288,215,73,元大-南京,2023-10-13,9862
0056,元大高股息,80,8,72,元大-南京,2023-10-13,9862
00885,富邦越南,55,1,54,元大-南京,2023-10-13,9862
2344,華邦電,53,5,48,元大-南京,2023-10-13,9862
4503,金雨,52,12,40,元大-南京,2023-10-13,9862
3006,晶豪科,44,12,32,元大-南京,2023-10-13,9862
6609,瀧澤科,32,0,32,元大-南京,2023-10-13,9862
3481,群創,32,0,32,元大-南京,2023-10-13,9862
2331,精英,35,4,31,元大-南京,2023-10-13,9862
00878,國泰永續高股息,31,0,31,元大-南京,2023-10-13,9862
00929,復華台灣科技優息,41,10,31,元大-南京,2023-10-13,9862
6189,豐藝,34,4,30,元大-南京,2023-10-13,9862
2618,長榮航,37,9,28,元大-南京,2023-10-13,9862
3231,緯創,62,35,27,元大-南京,2023-10-13,9862
3443,創意,30,6,24,元大-南京,2023-10-13,9862
00751B,元大AAA至A公司債,24,1,23,元大-南京,2023-10-13,9862
2375,凱美,23,0,23,元大-南京,2023-10-13,9862
2106,建大,22,0,22,元大-南京,2023-10-13,9862
2408,南亞科,37,15,22,元大-南京,2023-10-13,9862
2605,新興,28,6,22,元大-南京,2023-10-13,9862
2301,光寶科,26,5,21,元大-南京,2023-10-13,9862
00679B,元大美債20年,21,0,21,元大-南京,2023-10-13,9862
2328,廣宇,21,0,21,元大-南京,2023-10-13,9862
4104,佳醫,21,0,21,元大-南京,2023-10-13,9862
3324,雙鴻,20,0,20,元大-南京,2023-10-13,9862
2356,英業達,27,7,20,元大-南京,2023-10-13,9862
00720B,元大投資級公司債,19,0,19,元大-南京,2023-10-13,9862
3025,星通,62,43,19,元大-南京,2023-10-13,9862
00637L,元大滬深300正2,19,0,19,元大-南京,2023-10-13,9862
00633L,富邦上証正2,19,0,19,元大-南京,2023-10-13,9862
2891,中信金,21,3,18,元大-南京,2023-10-13,9862
2376,技嘉,23,5,18,元大-南京,2023-10-13,9862
9105,泰金寶-DR,17,0,17,元大-南京,2023-10-13,9862
4967,十銓,18,2,16,元大-南京,2023-10-13,9862
2312,金寶,16,0,16,元大-南京,2023-10-13,9862
00712,復華富時不動產,15,0,15,元大-南京,2023-10-13,9862
1338,廣華-KY,21,6,15,元大-南京,2023-10-13,9862
1522,堤維西,16,2,14,元大-南京,2023-10-13,9862
1101,台泥,48,34,14,元大-南京,2023-10-13,9862
00687B,國泰20年美債,13,0,13,元大-南京,2023-10-13,9862
3363,上詮,89,76,13,元大-南京,2023-10-13,9862
1905,華紙,16,3,13,元大-南京,2023-10-13,9862
2610,華航,18,6,12,元大-南京,2023-10-13,9862
00922,國泰台灣領袖50,13,1,12,元大-南京,2023-10-13,9862
2892,第一金,12,1,11,元大-南京,2023-10-13,9862
1721,三晃,11,0,11,元大-南京,2023-10-13,9862
8105,凌巨,11,0,11,元大-南京,2023-10-13,9862
0056,元大高股息,432,8,424,元大-南京,2023-10-16,9862
1584,精剛,206,0,206,元大-南京,2023-10-16,9862
2542,興富發,175,7,168,元大-南京,2023-10-16,9862
2363,矽統,253,128,125,元大-南京,2023-10-16,9862
00929,復華台灣科技優息,121,0,121,元大-南京,2023-10-16,9862
00922,國泰台灣領袖50,112,0,112,元大-南京,2023-10-16,9862
2618,長榮航,111,10,101,元大-南京,2023-10-16,9862
2344,華邦電,102,4,98,元大-南京,2023-10-16,9862
00679B,元大美債20年,81,1,80,元大-南京,2023-10-16,9862
2440,太空梭,72,0,72,元大-南京,2023-10-16,9862
2409,友達,62,2,60,元大-南京,2023-10-16,9862
3260,威剛,55,1,54,元大-南京,2023-10-16,9862
00720B,元大投資級公司債,51,0,51,元大-南京,2023-10-16,9862
6176,瑞儀,50,0,50,元大-南京,2023-10-16,9862
2312,金寶,47,0,47,元大-南京,2023-10-16,9862
2607,榮運,58,11,47,元大-南京,2023-10-16,9862
3706,神達,51,15,36,元大-南京,2023-10-16,9862
2367,燿華,39,5,34,元大-南京,2023-10-16,9862
00751B,元大AAA至A公司債,32,1,31,元大-南京,2023-10-16,9862
1605,華新,35,5,30,元大-南京,2023-10-16,9862
1904,正隆,31,2,29,元大-南京,2023-10-16,9862
4967,十銓,29,1,28,元大-南京,2023-10-16,9862
00680L,元大美債20正2,28,0,28,元大-南京,2023-10-16,9862
00885,富邦越南,25,0,25,元大-南京,2023-10-16,9862
00919,群益台灣精選高息,24,0,24,元大-南京,2023-10-16,9862
2233,宇隆,29,5,24,元大-南京,2023-10-16,9862
00773B,中信優先金融債,20,0,20,元大-南京,2023-10-16,9862
2330,台積電,20,1,19,元大-南京,2023-10-16,9862
3376,新日興,20,1,19,元大-南京,2023-10-16,9862
6235,華孚,16,0,16,元大-南京,2023-10-16,9862
6770,力積電,17,1,16,元大-南京,2023-10-16,9862
2515,中工,60,45,15,元大-南京,2023-10-16,9862
3363,上詮,69,54,15,元大-南京,2023-10-16,9862
00633L,富邦上証正2,16,1,15,元大-南京,2023-10-16,9862
9950,萬國通,27,12,15,元大-南京,2023-10-16,9862
2308,台達電,15,1,14,元大-南京,2023-10-16,9862
00712,復華富時不動產,14,0,14,元大-南京,2023-10-16,9862
1304,台聚,18,4,14,元大-南京,2023-10-16,9862
00715L,期街口布蘭特正2,34,20,14,元大-南京,2023-10-16,9862
3380,明泰,14,0,14,元大-南京,2023-10-16,9862
6213,聯茂,14,0,14,元大-南京,2023-10-16,9862
00878,國泰永續高股息,20,7,13,元大-南京,2023-10-16,9862
8942,森鉅,12,0,12,元大-南京,2023-10-16,9862
2834,臺企銀,12,0,12,元大-南京,2023-10-16,9862
4966,譜瑞-KY,13,2,11,元大-南京,2023-10-16,9862
2645,長榮航太,11,0,11,元大-南京,2023-10-16,9862
2882,國泰金,11,0,11,元大-南京,2023-10-16,9862
00772B,中信高評級公司債,11,0,11,元大-南京,2023-10-16,9862
00902,中信電池及儲能,10,0,10,元大-南京,2023-10-16,9862
6170,統振,10,0,10,元大-南京,2023-10-16,9862
0056,元大高股息,382,20,362,元大-南京,2023-10-17,9862
00688L,國泰20年美債正2,121,0,121,元大-南京,2023-10-17,9862
2542,興富發,105,0,105,元大-南京,2023-10-17,9862
1584,精剛,100,2,98,元大-南京,2023-10-17,9862
2618,長榮航,93,6,87,元大-南京,2023-10-17,9862
6284,佳邦,85,0,85,元大-南京,2023-10-17,9862
2351,順德,71,0,71,元大-南京,2023-10-17,9862
2363,矽統,307,241,66,元大-南京,2023-10-17,9862
3231,緯創,95,39,56,元大-南京,2023-10-17,9862
8210,勤誠,50,0,50,元大-南京,2023-10-17,9862
2867,三商壽,50,0,50,元大-南京,2023-10-17,9862
2911,麗嬰房,50,0,50,元大-南京,2023-10-17,9862
4908,前鼎,52,8,44,元大-南京,2023-10-17,9862
2382,廣達,61,18,43,元大-南京,2023-10-17,9862
00720B,元大投資級公司債,42,0,42,元大-南京,2023-10-17,9862
00929,復華台灣科技優息,68,28,40,元大-南京,2023-10-17,9862
00687B,國泰20年美債,47,10,37,元大-南京,2023-10-17,9862
00751B,元大AAA至A公司債,37,0,37,元大-南京,2023-10-17,9862
2356,英業達,67,34,33,元大-南京,2023-10-17,9862
2401,凌陽,34,1,33,元大-南京,2023-10-17,9862
1591,駿吉-KY,31,4,27,元大-南京,2023-10-17,9862
2884,玉山金,30,3,27,元大-南京,2023-10-17,9862
2634,漢翔,27,0,27,元大-南京,2023-10-17,9862
1815,富喬,39,13,26,元大-南京,2023-10-17,9862
2834,臺企銀,25,0,25,元大-南京,2023-10-17,9862
6770,力積電,24,0,24,元大-南京,2023-10-17,9862
3628,盈正,23,0,23,元大-南京,2023-10-17,9862
00878,國泰永續高股息,46,24,22,元大-南京,2023-10-17,9862
00919,群益台灣精選高息,22,0,22,元大-南京,2023-10-17,9862
00922,國泰台灣領袖50,22,1,21,元大-南京,2023-10-17,9862
00679B,元大美債20年,20,0,20,元大-南京,2023-10-17,9862
3363,上詮,37,17,20,元大-南京,2023-10-17,9862
2312,金寶,20,0,20,元大-南京,2023-10-17,9862
2425,承啟,25,5,20,元大-南京,2023-10-17,9862
00673R,期元大S＆P原油反1,20,0,20,元大-南京,2023-10-17,9862
3715,定穎投控,54,34,20,元大-南京,2023-10-17,9862
4979,華星光,95,76,19,元大-南京,2023-10-17,9862
2002,中鋼,24,7,17,元大-南京,2023-10-17,9862
2605,新興,17,0,17,元大-南京,2023-10-17,9862
6158,禾昌,16,0,16,元大-南京,2023-10-17,9862
2328,廣宇,15,0,15,元大-南京,2023-10-17,9862
00722B,群益投資級電信債,14,0,14,元大-南京,2023-10-17,9862
00670L,富邦NASDAQ正2,14,0,14,元大-南京,2023-10-17,9862
020039,元大加權N,14,0,14,元大-南京,2023-10-17,9862
3481,群創,20,6,14,元大-南京,2023-10-17,9862
2359,所羅門,23,10,13,元大-南京,2023-10-17,9862
1722,台肥,13,0,13,元大-南京,2023-10-17,9862
1524,耿鼎,17,4,13,元大-南京,2023-10-17,9862
6168,宏齊,26,14,12,元大-南京,2023-10-17,9862
00642U,期元大S＆P石油,11,0,11,元大-南京,2023-10-17,9862
0056,元大高股息,448,13,435,元大-南京,2023-10-18,9862
00929,復華台灣科技優息,172,40,132,元大-南京,2023-10-18,9862
2883,凱基金,102,1,101,元大-南京,2023-10-18,9862
2382,廣達,142,44,98,元大-南京,2023-10-18,9862
00922,國泰台灣領袖50,94,2,92,元大-南京,2023-10-18,9862
00688L,國泰20年美債正2,62,0,62,元大-南京,2023-10-18,9862
00878,國泰永續高股息,128,67,61,元大-南京,2023-10-18,9862
00751B,元大AAA至A公司債,61,0,61,元大-南京,2023-10-18,9862
2542,興富發,86,32,54,元大-南京,2023-10-18,9862
2363,矽統,69,19,50,元大-南京,2023-10-18,9862
3037,欣興,46,1,45,元大-南京,2023-10-18,9862
1815,富喬,47,4,43,元大-南京,2023-10-18,9862
00919,群益台灣精選高息,71,30,41,元大-南京,2023-10-18,9862
2344,華邦電,33,1,32,元大-南京,2023-10-18,9862
3234,光環,31,0,31,元大-南京,2023-10-18,9862
2332,友訊,35,4,31,元大-南京,2023-10-18,9862
2002,中鋼,34,4,30,元大-南京,2023-10-18,9862
6533,晶心科,29,0,29,元大-南京,2023-10-18,9862
2886,兆豐金,31,3,28,元大-南京,2023-10-18,9862
00720B,元大投資級公司債,30,3,27,元大-南京,2023-10-18,9862
2376,技嘉,41,17,24,元大-南京,2023-10-18,9862
2312,金寶,25,2,23,元大-南京,2023-10-18,9862
1314,中石化,22,0,22,元大-南京,2023-10-18,9862
00637L,元大滬深300正2,22,2,20,元大-南京,2023-10-18,9862
00713,元大台灣高息低波,19,0,19,元大-南京,2023-10-18,9862
2540,愛山林,19,1,18,元大-南京,2023-10-18,9862
2308,台達電,17,0,17,元大-南京,2023-10-18,9862
2359,所羅門,23,6,17,元大-南京,2023-10-18,9862
00715L,期街口布蘭特正2,32,15,17,元大-南京,2023-10-18,9862
2606,裕民,26,10,16,元大-南京,2023-10-18,9862
3094,聯傑,21,6,15,元大-南京,2023-10-18,9862
3693,營邦,22,8,14,元大-南京,2023-10-18,9862
3122,笙泉,35,21,14,元大-南京,2023-10-18,9862
2634,漢翔,17,3,14,元大-南京,2023-10-18,9862
6223,旺矽,15,2,13,元大-南京,2023-10-18,9862
2618,長榮航,74,61,13,元大-南京,2023-10-18,9862
1101,台泥,13,0,13,元大-南京,2023-10-18,9862
1102,亞泥,12,0,12,元大-南京,2023-10-18,9862
4123,晟德,12,0,12,元大-南京,2023-10-18,9862
2388,威盛,56,44,12,元大-南京,2023-10-18,9862
8299,群聯,23,12,11,元大-南京,2023-10-18,9862
5880,合庫金,11,0,11,元大-南京,2023-10-18,9862
00885,富邦越南,21,10,11,元大-南京,2023-10-18,9862
3260,威剛,31,20,11,元大-南京,2023-10-18,9862
00679B,元大美債20年,12,1,11,元大-南京,2023-10-18,9862
4967,十銓,11,1,10,元大-南京,2023-10-18,9862
1909,榮成,10,0,10,元大-南京,2023-10-18,9862
00740B,富邦全球投等債,10,0,10,元大-南京,2023-10-18,9862
3305,昇貿,10,0,10,元大-南京,2023-10-18,9862
00725B,國泰投資級公司債,10,0,10,元大-南京,2023-10-18,9862
2408,南亞科,340,12,328,元大-南京,2023-10-19,9862
0056,元大高股息,342,23,319,元大-南京,2023-10-19,9862
00671R,富邦NASDAQ反1,201,0,201,元大-南京,2023-10-19,9862
3017,奇鋐,135,9,126,元大-南京,2023-10-19,9862
00688L,國泰20年美債正2,110,0,110,元大-南京,2023-10-19,9862
00680L,元大美債20正2,102,0,102,元大-南京,2023-10-19,9862
00933B,國泰10Y+金融債,91,0,91,元大-南京,2023-10-19,9862
00720B,元大投資級公司債,112,30,82,元大-南京,2023-10-19,9862
6282,康舒,86,5,81,元大-南京,2023-10-19,9862
00687B,國泰20年美債,69,15,54,元大-南京,2023-10-19,9862
00885,富邦越南,49,0,49,元大-南京,2023-10-19,9862
4967,十銓,86,39,47,元大-南京,2023-10-19,9862
00751B,元大AAA至A公司債,41,0,41,元大-南京,2023-10-19,9862
00878,國泰永續高股息,51,11,40,元大-南京,2023-10-19,9862
1314,中石化,42,3,39,元大-南京,2023-10-19,9862
1101,台泥,47,12,35,元大-南京,2023-10-19,9862
00637L,元大滬深300正2,47,15,32,元大-南京,2023-10-19,9862
00891,中信關鍵半導體,32,1,31,元大-南京,2023-10-19,9862
2356,英業達,42,13,29,元大-南京,2023-10-19,9862
2317,鴻海,30,2,28,元大-南京,2023-10-19,9862
2409,友達,30,2,28,元大-南京,2023-10-19,9862
00633L,富邦上証正2,30,5,25,元大-南京,2023-10-19,9862
00679B,元大美債20年,23,0,23,元大-南京,2023-10-19,9862
6271,同欣電,24,1,23,元大-南京,2023-10-19,9862
5258,虹堡,24,1,23,元大-南京,2023-10-19,9862
00929,復華台灣科技優息,22,1,21,元大-南京,2023-10-19,9862
00719B,元大美債1-3,21,0,21,元大-南京,2023-10-19,9862
4908,前鼎,67,47,20,元大-南京,2023-10-19,9862
3481,群創,29,11,18,元大-南京,2023-10-19,9862
1522,堤維西,21,4,17,元大-南京,2023-10-19,9862
1442,名軒,15,0,15,元大-南京,2023-10-19,9862
3708,上緯投控,15,0,15,元大-南京,2023-10-19,9862
1722,台肥,15,0,15,元大-南京,2023-10-19,9862
6757,台灣虎航,15,0,15,元大-南京,2023-10-19,9862
00902,中信電池及儲能,14,0,14,元大-南京,2023-10-19,9862
6168,宏齊,34,20,14,元大-南京,2023-10-19,9862
1303,南亞,16,2,14,元大-南京,2023-10-19,9862
00919,群益台灣精選高息,14,0,14,元大-南京,2023-10-19,9862
2313,華通,22,9,13,元大-南京,2023-10-19,9862
3260,威剛,37,24,13,元大-南京,2023-10-19,9862
00713,元大台灣高息低波,12,0,12,元大-南京,2023-10-19,9862
3703,欣陸,14,2,12,元大-南京,2023-10-19,9862
00773B,中信優先金融債,12,0,12,元大-南京,2023-10-19,9862
8433,弘帆,12,0,12,元大-南京,2023-10-19,9862
2892,第一金,31,20,11,元大-南京,2023-10-19,9862
1419,新紡,11,0,11,元大-南京,2023-10-19,9862
2355,敬鵬,11,0,11,元大-南京,2023-10-19,9862
00757,統一FANG+,10,0,10,元大-南京,2023-10-19,9862
1789,神隆,10,0,10,元大-南京,2023-10-19,9862
3010,華立,10,0,10,元大-南京,2023-10-19,9862
4967,十銓,218,35,183,元大-南京,2023-10-20,9862
0056,元大高股息,118,5,113,元大-南京,2023-10-20,9862
2888,新光金,110,0,110,元大-南京,2023-10-20,9862
6235,華孚,129,26,103,元大-南京,2023-10-20,9862
3032,偉訓,64,0,64,元大-南京,2023-10-20,9862
6282,康舒,54,1,53,元大-南京,2023-10-20,9862
1612,宏泰,50,0,50,元大-南京,2023-10-20,9862
2002,中鋼,49,1,48,元大-南京,2023-10-20,9862
00878,國泰永續高股息,61,13,48,元大-南京,2023-10-20,9862
00712,復華富時不動產,47,0,47,元大-南京,2023-10-20,9862
2303,聯電,108,64,44,元大-南京,2023-10-20,9862
00929,復華台灣科技優息,50,14,36,元大-南京,2023-10-20,9862
1605,華新,35,6,29,元大-南京,2023-10-20,9862
3450,聯鈞,34,5,29,元大-南京,2023-10-20,9862
2892,第一金,40,11,29,元大-南京,2023-10-20,9862
2618,長榮航,43,16,27,元大-南京,2023-10-20,9862
2308,台達電,24,0,24,元大-南京,2023-10-20,9862
2409,友達,66,43,23,元大-南京,2023-10-20,9862
00919,群益台灣精選高息,54,32,22,元大-南京,2023-10-20,9862
00637L,元大滬深300正2,21,0,21,元大-南京,2023-10-20,9862
3548,兆利,20,0,20,元大-南京,2023-10-20,9862
6152,百一,20,0,20,元大-南京,2023-10-20,9862
6170,統振,20,0,20,元大-南京,2023-10-20,9862
2440,太空梭,50,31,19,元大-南京,2023-10-20,9862
00720B,元大投資級公司債,21,3,18,元大-南京,2023-10-20,9862
00679B,元大美債20年,18,0,18,元大-南京,2023-10-20,9862
2883,凱基金,20,3,17,元大-南京,2023-10-20,9862
00687B,國泰20年美債,16,0,16,元大-南京,2023-10-20,9862
1722,台肥,16,0,16,元大-南京,2023-10-20,9862
1101,台泥,19,3,16,元大-南京,2023-10-20,9862
00900,富邦特選高股息30,16,0,16,元大-南京,2023-10-20,9862
00713,元大台灣高息低波,15,0,15,元大-南京,2023-10-20,9862
00885,富邦越南,15,0,15,元大-南京,2023-10-20,9862
00715L,期街口布蘭特正2,20,5,15,元大-南京,2023-10-20,9862
2332,友訊,15,0,15,元大-南京,2023-10-20,9862
2885,元大金,22,8,14,元大-南京,2023-10-20,9862
6593,台灣銘板,14,0,14,元大-南京,2023-10-20,9862
2834,臺企銀,14,0,14,元大-南京,2023-10-20,9862
2886,兆豐金,14,1,13,元大-南京,2023-10-20,9862
00933B,國泰10Y+金融債,18,6,12,元大-南京,2023-10-20,9862
2606,裕民,16,4,12,元大-南京,2023-10-20,9862
4142,國光生,13,1,12,元大-南京,2023-10-20,9862
2355,敬鵬,11,0,11,元大-南京,2023-10-20,9862
00751B,元大AAA至A公司債,11,0,11,元大-南京,2023-10-20,9862
8150,南茂,12,1,11,元大-南京,2023-10-20,9862
1303,南亞,15,4,11,元大-南京,2023-10-20,9862
1609,大亞,11,0,11,元大-南京,2023-10-20,9862
6530,創威,32,21,11,元大-南京,2023-10-20,9862
3481,群創,23,12,11,元大-南京,2023-10-20,9862
00882,中信中國高股息,10,0,10,元大-南京,2023-10-20,9862
2911,麗嬰房,247,0,247,元大-南京,2023-10-23,9862
00929,復華台灣科技優息,171,12,159,元大-南京,2023-10-23,9862
00688L,國泰20年美債正2,132,0,132,元大-南京,2023-10-23,9862
2382,廣達,131,20,111,元大-南京,2023-10-23,9862
2888,新光金,106,0,106,元大-南京,2023-10-23,9862
2388,威盛,102,23,79,元大-南京,2023-10-23,9862
00751B,元大AAA至A公司債,56,0,56,元大-南京,2023-10-23,9862
0056,元大高股息,83,37,46,元大-南京,2023-10-23,9862
00687B,國泰20年美債,46,2,44,元大-南京,2023-10-23,9862
2606,裕民,60,17,43,元大-南京,2023-10-23,9862
1605,華新,40,2,38,元大-南京,2023-10-23,9862
00919,群益台灣精選高息,34,0,34,元大-南京,2023-10-23,9862
2605,新興,34,1,33,元大-南京,2023-10-23,9862
1303,南亞,27,0,27,元大-南京,2023-10-23,9862
2201,裕隆,34,8,26,元大-南京,2023-10-23,9862
00878,國泰永續高股息,56,31,25,元大-南京,2023-10-23,9862
1101,台泥,22,0,22,元大-南京,2023-10-23,9862
1324,地球,44,22,22,元大-南京,2023-10-23,9862
2344,華邦電,21,0,21,元大-南京,2023-10-23,9862
6187,萬潤,23,2,21,元大-南京,2023-10-23,9862
4967,十銓,21,1,20,元大-南京,2023-10-23,9862
3346,麗清,20,0,20,元大-南京,2023-10-23,9862
00712,復華富時不動產,19,0,19,元大-南京,2023-10-23,9862
3481,群創,30,12,18,元大-南京,2023-10-23,9862
8176,智捷,20,2,18,元大-南京,2023-10-23,9862
2401,凌陽,37,20,17,元大-南京,2023-10-23,9862
6129,普誠,17,0,17,元大-南京,2023-10-23,9862
3576,聯合再生,25,10,15,元大-南京,2023-10-23,9862
2317,鴻海,52,37,15,元大-南京,2023-10-23,9862
4966,譜瑞-KY,16,2,14,元大-南京,2023-10-23,9862
1612,宏泰,14,0,14,元大-南京,2023-10-23,9862
2002,中鋼,15,1,14,元大-南京,2023-10-23,9862
00720B,元大投資級公司債,15,1,14,元大-南京,2023-10-23,9862
2885,元大金,13,0,13,元大-南京,2023-10-23,9862
2409,友達,14,1,13,元大-南京,2023-10-23,9862
6426,統新,13,0,13,元大-南京,2023-10-23,9862
00713,元大台灣高息低波,12,0,12,元大-南京,2023-10-23,9862
2887,台新金,12,0,12,元大-南京,2023-10-23,9862
3324,雙鴻,12,1,11,元大-南京,2023-10-23,9862
2892,第一金,11,0,11,元大-南京,2023-10-23,9862
0050,元大台灣50,11,0,11,元大-南京,2023-10-23,9862
2881,富邦金,10,0,10,元大-南京,2023-10-23,9862
00931B,統一美債20年,10,0,10,元大-南京,2023-10-23,9862
00679B,元大美債20年,11,1,10,元大-南京,2023-10-23,9862
2548,華固,10,0,10,元大-南京,2023-10-23,9862
2882,國泰金,12,2,10,元大-南京,2023-10-23,9862
00655L,國泰中國A50正2,12,2,10,元大-南京,2023-10-23,9862
1301,台塑,10,0,10,元大-南京,2023-10-23,9862
5258,虹堡,10,0,10,元大-南京,2023-10-23,9862
00725B,國泰投資級公司債,10,0,10,元大-南京,2023-10-23,9862
00676R,富邦臺灣加權反1,100,0,100,元大-南京,2023-10-24,9862
2382,廣達,116,19,97,元大-南京,2023-10-24,9862
2010,春源,60,0,60,元大-南京,2023-10-24,9862
2317,鴻海,115,56,59,元大-南京,2023-10-24,9862
1101,台泥,48,1,47,元大-南京,2023-10-24,9862
1314,中石化,31,0,31,元大-南京,2023-10-24,9862
3450,聯鈞,32,1,31,元大-南京,2023-10-24,9862
2834,臺企銀,31,0,31,元大-南京,2023-10-24,9862
00878,國泰永續高股息,45,15,30,元大-南京,2023-10-24,9862
3032,偉訓,30,1,29,元大-南京,2023-10-24,9862
6113,亞矽,28,0,28,元大-南京,2023-10-24,9862
2369,菱生,173,146,27,元大-南京,2023-10-24,9862
2027,大成鋼,26,0,26,元大-南京,2023-10-24,9862
00929,復華台灣科技優息,40,14,26,元大-南京,2023-10-24,9862
3231,緯創,153,128,25,元大-南京,2023-10-24,9862
00679B,元大美債20年,55,30,25,元大-南京,2023-10-24,9862
1303,南亞,21,0,21,元大-南京,2023-10-24,9862
2606,裕民,22,1,21,元大-南京,2023-10-24,9862
6191,精成科,21,1,20,元大-南京,2023-10-24,9862
3041,揚智,44,24,20,元大-南京,2023-10-24,9862
00712,復華富時不動產,19,0,19,元大-南京,2023-10-24,9862
3260,威剛,43,24,19,元大-南京,2023-10-24,9862
1618,合機,25,7,18,元大-南京,2023-10-24,9862
1514,亞力,19,2,17,元大-南京,2023-10-24,9862
00919,群益台灣精選高息,21,4,17,元大-南京,2023-10-24,9862
0050,元大台灣50,17,1,16,元大-南京,2023-10-24,9862
2887,台新金,14,0,14,元大-南京,2023-10-24,9862
2540,愛山林,14,0,14,元大-南京,2023-10-24,9862
2303,聯電,21,8,13,元大-南京,2023-10-24,9862
2891,中信金,13,0,13,元大-南京,2023-10-24,9862
2405,輔信,27,14,13,元大-南京,2023-10-24,9862
0056,元大高股息,22,9,13,元大-南京,2023-10-24,9862
3481,群創,22,10,12,元大-南京,2023-10-24,9862
2363,矽統,30,18,12,元大-南京,2023-10-24,9862
2883,凱基金,12,0,12,元大-南京,2023-10-24,9862
00885,富邦越南,12,0,12,元大-南京,2023-10-24,9862
2801,彰銀,12,0,12,元大-南京,2023-10-24,9862
6168,宏齊,78,66,12,元大-南京,2023-10-24,9862
5258,虹堡,15,3,12,元大-南京,2023-10-24,9862
5347,世界,13,2,11,元大-南京,2023-10-24,9862
00715L,期街口布蘭特正2,10,0,10,元大-南京,2023-10-24,9862
2468,華經,10,0,10,元大-南京,2023-10-24,9862
9105,泰金寶-DR,10,0,10,元大-南京,2023-10-24,9862
6118,建達,8,0,8,元大-南京,2023-10-24,9862
1402,遠東新,10,2,8,元大-南京,2023-10-24,9862
4979,華星光,43,35,8,元大-南京,2023-10-24,9862
3037,欣興,11,4,7,元大-南京,2023-10-24,9862
3715,定穎投控,23,16,7,元大-南京,2023-10-24,9862
2892,第一金,7,0,7,元大-南京,2023-10-24,9862
2201,裕隆,10,3,7,元大-南京,2023-10-24,9862
00680L,元大美債20正2,105,7,98,元大-南京,2023-10-25,9862
8936,國統,130,36,94,元大-南京,2023-10-25,9862
9105,泰金寶-DR,61,0,61,元大-南京,2023-10-25,9862
00922,國泰台灣領袖50,60,0,60,元大-南京,2023-10-25,9862
3207,耀勝,56,4,52,元大-南京,2023-10-25,9862
2382,廣達,60,14,46,元大-南京,2023-10-25,9862
00751B,元大AAA至A公司債,37,1,36,元大-南京,2023-10-25,9862
4967,十銓,47,13,34,元大-南京,2023-10-25,9862
4908,前鼎,75,43,32,元大-南京,2023-10-25,9862
1314,中石化,28,0,28,元大-南京,2023-10-25,9862
5258,虹堡,36,11,25,元大-南京,2023-10-25,9862
00892,富邦台灣半導體,25,0,25,元大-南京,2023-10-25,9862
00687B,國泰20年美債,99,75,24,元大-南京,2023-10-25,9862
3013,晟銘電,47,24,23,元大-南京,2023-10-25,9862
2892,第一金,20,0,20,元大-南京,2023-10-25,9862
2498,宏達電,20,0,20,元大-南京,2023-10-25,9862
2317,鴻海,35,16,19,元大-南京,2023-10-25,9862
0056,元大高股息,19,0,19,元大-南京,2023-10-25,9862
1710,東聯,18,0,18,元大-南京,2023-10-25,9862
6213,聯茂,17,1,16,元大-南京,2023-10-25,9862
00679B,元大美債20年,87,71,16,元大-南京,2023-10-25,9862
1101,台泥,23,7,16,元大-南京,2023-10-25,9862
2363,矽統,29,14,15,元大-南京,2023-10-25,9862
00712,復華富時不動產,14,0,14,元大-南京,2023-10-25,9862
00719B,元大美債1-3,14,0,14,元大-南京,2023-10-25,9862
5880,合庫金,14,0,14,元大-南京,2023-10-25,9862
2883,凱基金,13,0,13,元大-南京,2023-10-25,9862
3704,合勤控,27,14,13,元大-南京,2023-10-25,9862
2337,旺宏,12,0,12,元大-南京,2023-10-25,9862
1102,亞泥,12,0,12,元大-南京,2023-10-25,9862
2376,技嘉,18,6,12,元大-南京,2023-10-25,9862
3025,星通,16,4,12,元大-南京,2023-10-25,9862
00715L,期街口布蘭特正2,12,0,12,元大-南京,2023-10-25,9862
00753L,中信中國50正2,11,0,11,元大-南京,2023-10-25,9862
2543,皇昌,14,3,11,元大-南京,2023-10-25,9862
2610,華航,13,2,11,元大-南京,2023-10-25,9862
2801,彰銀,11,0,11,元大-南京,2023-10-25,9862
00720B,元大投資級公司債,25,15,10,元大-南京,2023-10-25,9862
6592B,和潤企業乙特,10,0,10,元大-南京,2023-10-25,9862
4979,華星光,20,10,10,元大-南京,2023-10-25,9862
00637L,元大滬深300正2,19,9,10,元大-南京,2023-10-25,9862
3481,群創,16,7,9,元大-南京,2023-10-25,9862
4960,誠美材,10,1,9,元大-南京,2023-10-25,9862
2371,大同,10,1,9,元大-南京,2023-10-25,9862
3231,緯創,43,34,9,元大-南京,2023-10-25,9862
2816,旺旺保,10,1,9,元大-南京,2023-10-25,9862
8176,智捷,9,0,9,元大-南京,2023-10-25,9862
2383,台光電,8,0,8,元大-南京,2023-10-25,9862
00919,群益台灣精選高息,8,0,8,元大-南京,2023-10-25,9862
2329,華泰,11,3,8,元大-南京,2023-10-25,9862
4414,如興,160,0,160,元大-南京,2023-10-26,9862
00885,富邦越南,105,0,105,元大-南京,2023-10-26,9862
00929,復華台灣科技優息,87,0,87,元大-南京,2023-10-26,9862
00919,群益台灣精選高息,83,0,83,元大-南京,2023-10-26,9862
00922,國泰台灣領袖50,78,0,78,元大-南京,2023-10-26,9862
2618,長榮航,105,36,69,元大-南京,2023-10-26,9862
0056,元大高股息,76,7,69,元大-南京,2023-10-26,9862
2303,聯電,94,25,69,元大-南京,2023-10-26,9862
3363,上詮,121,63,58,元大-南京,2023-10-26,9862
2344,華邦電,55,0,55,元大-南京,2023-10-26,9862
2337,旺宏,54,0,54,元大-南京,2023-10-26,9862
3037,欣興,55,5,50,元大-南京,2023-10-26,9862
5521,工信,50,0,50,元大-南京,2023-10-26,9862
00680L,元大美債20正2,50,0,50,元大-南京,2023-10-26,9862
2888,新光金,51,2,49,元大-南京,2023-10-26,9862
00687B,國泰20年美債,52,3,49,元大-南京,2023-10-26,9862
9105,泰金寶-DR,50,3,47,元大-南京,2023-10-26,9862
2610,華航,53,6,47,元大-南京,2023-10-26,9862
6770,力積電,45,2,43,元大-南京,2023-10-26,9862
00878,國泰永續高股息,38,4,34,元大-南京,2023-10-26,9862
3481,群創,54,20,34,元大-南京,2023-10-26,9862
0050,元大台灣50,34,1,33,元大-南京,2023-10-26,9862
00712,復華富時不動產,32,0,32,元大-南京,2023-10-26,9862
2330,台積電,29,4,25,元大-南京,2023-10-26,9862
1101,台泥,26,2,24,元大-南京,2023-10-26,9862
6189,豐藝,23,0,23,元大-南京,2023-10-26,9862
2882,國泰金,23,1,22,元大-南京,2023-10-26,9862
6191,精成科,22,0,22,元大-南京,2023-10-26,9862
00713,元大台灣高息低波,21,0,21,元大-南京,2023-10-26,9862
2383,台光電,37,17,20,元大-南京,2023-10-26,9862
5608,四維航,20,0,20,元大-南京,2023-10-26,9862
2834,臺企銀,19,0,19,元大-南京,2023-10-26,9862
2816,旺旺保,42,23,19,元大-南京,2023-10-26,9862
4503,金雨,19,0,19,元大-南京,2023-10-26,9862
1303,南亞,18,1,17,元大-南京,2023-10-26,9862
5439,高技,27,11,16,元大-南京,2023-10-26,9862
2606,裕民,16,1,15,元大-南京,2023-10-26,9862
2401,凌陽,30,15,15,元大-南京,2023-10-26,9862
2883,凱基金,16,2,14,元大-南京,2023-10-26,9862
4162,智擎,33,19,14,元大-南京,2023-10-26,9862
1605,華新,15,2,13,元大-南京,2023-10-26,9862
6139,亞翔,21,8,13,元大-南京,2023-10-26,9862
2352,佳世達,13,0,13,元大-南京,2023-10-26,9862
5347,世界,14,1,13,元大-南京,2023-10-26,9862
00751B,元大AAA至A公司債,12,0,12,元大-南京,2023-10-26,9862
2103,台橡,13,1,12,元大-南京,2023-10-26,9862
6231,系微,13,1,12,元大-南京,2023-10-26,9862
1721,三晃,18,6,12,元大-南京,2023-10-26,9862
2382,廣達,26,15,11,元大-南京,2023-10-26,9862
4966,譜瑞-KY,11,0,11,元大-南京,2023-10-26,9862
4967,十銓,149,3,146,元大-南京,2023-10-27,9862
00680L,元大美債20正2,167,63,104,元大-南京,2023-10-27,9862
9105,泰金寶-DR,80,0,80,元大-南京,2023-10-27,9862
00885,富邦越南,77,0,77,元大-南京,2023-10-27,9862
6443,元晶,68,1,67,元大-南京,2023-10-27,9862
00679B,元大美債20年,203,151,52,元大-南京,2023-10-27,9862
5425,台半,52,0,52,元大-南京,2023-10-27,9862
2371,大同,50,0,50,元大-南京,2023-10-27,9862
5258,虹堡,53,7,46,元大-南京,2023-10-27,9862
8054,安國,59,21,38,元大-南京,2023-10-27,9862
2233,宇隆,38,1,37,元大-南京,2023-10-27,9862
3548,兆利,39,3,36,元大-南京,2023-10-27,9862
3059,華晶科,37,3,34,元大-南京,2023-10-27,9862
00706L,期元大S＆P日圓正2,30,0,30,元大-南京,2023-10-27,9862
6282,康舒,50,21,29,元大-南京,2023-10-27,9862
4746,台耀,24,1,23,元大-南京,2023-10-27,9862
8016,矽創,23,1,22,元大-南京,2023-10-27,9862
8110,華東,33,11,22,元大-南京,2023-10-27,9862
3094,聯傑,34,12,22,元大-南京,2023-10-27,9862
2201,裕隆,57,35,22,元大-南京,2023-10-27,9862
00712,復華富時不動產,21,0,21,元大-南京,2023-10-27,9862
3363,上詮,30,11,19,元大-南京,2023-10-27,9862
00878,國泰永續高股息,30,11,19,元大-南京,2023-10-27,9862
3207,耀勝,23,5,18,元大-南京,2023-10-27,9862
2383,台光電,23,6,17,元大-南京,2023-10-27,9862
2303,聯電,23,7,16,元大-南京,2023-10-27,9862
3324,雙鴻,26,10,16,元大-南京,2023-10-27,9862
8048,德勝,20,4,16,元大-南京,2023-10-27,9862
6741,91APP*-KY,16,0,16,元大-南京,2023-10-27,9862
2330,台積電,16,0,16,元大-南京,2023-10-27,9862
2610,華航,22,7,15,元大-南京,2023-10-27,9862
2605,新興,17,2,15,元大-南京,2023-10-27,9862
3264,欣銓,18,3,15,元大-南京,2023-10-27,9862
6442,光聖,48,33,15,元大-南京,2023-10-27,9862
00933B,國泰10Y+金融債,16,2,14,元大-南京,2023-10-27,9862
3078,僑威,17,4,13,元大-南京,2023-10-27,9862
3339,泰谷,14,1,13,元大-南京,2023-10-27,9862
3287,廣寰科,15,2,13,元大-南京,2023-10-27,9862
2390,云辰,18,5,13,元大-南京,2023-10-27,9862
6143,振曜,12,0,12,元大-南京,2023-10-27,9862
2317,鴻海,14,3,11,元大-南京,2023-10-27,9862
00929,復華台灣科技優息,28,17,11,元大-南京,2023-10-27,9862
6231,系微,11,0,11,元大-南京,2023-10-27,9862
6593,台灣銘板,12,1,11,元大-南京,2023-10-27,9862
2337,旺宏,10,0,10,元大-南京,2023-10-27,9862
3037,欣興,12,2,10,元大-南京,2023-10-27,9862
3675,德微,10,0,10,元大-南京,2023-10-27,9862
2204,中華,10,0,10,元大-南京,2023-10-27,9862
00897,富邦基因免疫生技,10,0,10,元大-南京,2023-10-27,9862
1609,大亞,10,0,10,元大-南京,2023-10-27,9862
00632R,元大台灣50反1,200,11,189,元大-南京,2023-10-30,9862
6443,元晶,150,13,137,元大-南京,2023-10-30,9862
8054,安國,124,25,99,元大-南京,2023-10-30,9862
00720B,元大投資級公司債,87,0,87,元大-南京,2023-10-30,9862
9105,泰金寶-DR,70,0,70,元大-南京,2023-10-30,9862
2317,鴻海,111,66,45,元大-南京,2023-10-30,9862
3450,聯鈞,40,1,39,元大-南京,2023-10-30,9862
5258,虹堡,37,1,36,元大-南京,2023-10-30,9862
00687B,國泰20年美債,31,0,31,元大-南京,2023-10-30,9862
00712,復華富時不動產,31,0,31,元大-南京,2023-10-30,9862
3548,兆利,31,1,30,元大-南京,2023-10-30,9862
4162,智擎,58,30,28,元大-南京,2023-10-30,9862
4960,誠美材,25,0,25,元大-南京,2023-10-30,9862
3715,定穎投控,60,36,24,元大-南京,2023-10-30,9862
3032,偉訓,24,1,23,元大-南京,2023-10-30,9862
2337,旺宏,24,3,21,元大-南京,2023-10-30,9862
1785,光洋科,21,0,21,元大-南京,2023-10-30,9862
1591,駿吉-KY,21,0,21,元大-南京,2023-10-30,9862
6271,同欣電,21,0,21,元大-南京,2023-10-30,9862
00679B,元大美債20年,18,0,18,元大-南京,2023-10-30,9862
2419,仲琦,21,3,18,元大-南京,2023-10-30,9862
2618,長榮航,43,26,17,元大-南京,2023-10-30,9862
2887,台新金,19,2,17,元大-南京,2023-10-30,9862
8088,品安,19,3,16,元大-南京,2023-10-30,9862
00922,國泰台灣領袖50,16,0,16,元大-南京,2023-10-30,9862
2882,國泰金,15,0,15,元大-南京,2023-10-30,9862
2816,旺旺保,15,0,15,元大-南京,2023-10-30,9862
6231,系微,15,0,15,元大-南京,2023-10-30,9862
3704,合勤控,36,22,14,元大-南京,2023-10-30,9862
2885,元大金,17,3,14,元大-南京,2023-10-30,9862
4967,十銓,16,4,12,元大-南京,2023-10-30,9862
00751B,元大AAA至A公司債,11,0,11,元大-南京,2023-10-30,9862
2105,正新,11,0,11,元大-南京,2023-10-30,9862
8936,國統,11,0,11,元大-南京,2023-10-30,9862
00900,富邦特選高股息30,10,0,10,元大-南京,2023-10-30,9862
2369,菱生,12,2,10,元大-南京,2023-10-30,9862
1101,台泥,12,2,10,元大-南京,2023-10-30,9862
2891,中信金,9,0,9,元大-南京,2023-10-30,9862
2485,兆赫,77,68,9,元大-南京,2023-10-30,9862
6593,台灣銘板,9,0,9,元大-南京,2023-10-30,9862
2883,凱基金,10,1,9,元大-南京,2023-10-30,9862
2888,新光金,8,0,8,元大-南京,2023-10-30,9862
3088,艾訊,8,0,8,元大-南京,2023-10-30,9862
8110,華東,8,0,8,元大-南京,2023-10-30,9862
6197,佳必琪,15,7,8,元大-南京,2023-10-30,9862
00933B,國泰10Y+金融債,7,0,7,元大-南京,2023-10-30,9862
6492,生華科,8,1,7,元大-南京,2023-10-30,9862
1303,南亞,7,0,7,元大-南京,2023-10-30,9862
2330,台積電,9,3,6,元大-南京,2023-10-30,9862
00795B,中信美國公債20年,6,0,6,元大-南京,2023-10-30,9862
00885,富邦越南,172,0,172,元大-南京,2023-10-31,9862
00632R,元大台灣50反1,207,72,135,元大-南京,2023-10-31,9862
1609,大亞,100,0,100,元大-南京,2023-10-31,9862
00878,國泰永續高股息,102,7,95,元大-南京,2023-10-31,9862
0056,元大高股息,108,17,91,元大-南京,2023-10-31,9862
00680L,元大美債20正2,71,0,71,元大-南京,2023-10-31,9862
00919,群益台灣精選高息,73,13,60,元大-南京,2023-10-31,9862
5258,虹堡,54,4,50,元大-南京,2023-10-31,9862
9105,泰金寶-DR,50,0,50,元大-南京,2023-10-31,9862
6282,康舒,51,5,46,元大-南京,2023-10-31,9862
00929,復華台灣科技優息,55,13,42,元大-南京,2023-10-31,9862
1785,光洋科,65,25,40,元大-南京,2023-10-31,9862
00922,國泰台灣領袖50,40,0,40,元大-南京,2023-10-31,9862
4960,誠美材,42,4,38,元大-南京,2023-10-31,9862
4979,華星光,43,10,33,元大-南京,2023-10-31,9862
5425,台半,31,0,31,元大-南京,2023-10-31,9862
2888,新光金,50,20,30,元大-南京,2023-10-31,9862
3380,明泰,32,3,29,元大-南京,2023-10-31,9862
3450,聯鈞,105,78,27,元大-南京,2023-10-31,9862
6235,華孚,32,7,25,元大-南京,2023-10-31,9862
0050,元大台灣50,25,0,25,元大-南京,2023-10-31,9862
3122,笙泉,33,11,22,元大-南京,2023-10-31,9862
00635U,期元大S＆P黃金,21,0,21,元大-南京,2023-10-31,9862
6197,佳必琪,20,0,20,元大-南京,2023-10-31,9862
2383,台光電,29,9,20,元大-南京,2023-10-31,9862
2201,裕隆,35,16,19,元大-南京,2023-10-31,9862
3715,定穎投控,88,70,18,元大-南京,2023-10-31,9862
2312,金寶,17,0,17,元大-南京,2023-10-31,9862
2330,台積電,19,3,16,元大-南京,2023-10-31,9862
1301,台塑,15,0,15,元大-南京,2023-10-31,9862
4503,金雨,15,0,15,元大-南京,2023-10-31,9862
2607,榮運,26,11,15,元大-南京,2023-10-31,9862
3231,緯創,57,42,15,元大-南京,2023-10-31,9862
2363,矽統,17,3,14,元大-南京,2023-10-31,9862
4162,智擎,29,15,14,元大-南京,2023-10-31,9862
00924,復華S＆P500成長,14,0,14,元大-南京,2023-10-31,9862
4529,淳紳,13,0,13,元大-南京,2023-10-31,9862
3587,閎康,15,2,13,元大-南京,2023-10-31,9862
3189,景碩,14,2,12,元大-南京,2023-10-31,9862
5521,工信,12,0,12,元大-南京,2023-10-31,9862
5493,三聯,12,0,12,元大-南京,2023-10-31,9862
1721,三晃,15,3,12,元大-南京,2023-10-31,9862
00713,元大台灣高息低波,12,1,11,元大-南京,2023-10-31,9862
3376,新日興,11,0,11,元大-南京,2023-10-31,9862
4966,譜瑞-KY,14,4,10,元大-南京,2023-10-31,9862
1789,神隆,10,0,10,元大-南京,2023-10-31,9862
8040,九暘,24,14,10,元大-南京,2023-10-31,9862
00933B,國泰10Y+金融債,10,0,10,元大-南京,2023-10-31,9862
3162,精確,10,0,10,元大-南京,2023-10-31,9862
9904,寶成,10,0,10,元大-南京,2023-10-31,9862
00929,復華台灣科技優息,128,1,127,元大-南京,2023-11-01,9862
00885,富邦越南,88,0,88,元大-南京,2023-11-01,9862
00934,中信成長高股息,81,16,65,元大-南京,2023-11-01,9862
00878,國泰永續高股息,106,45,61,元大-南京,2023-11-01,9862
00919,群益台灣精選高息,51,0,51,元大-南京,2023-11-01,9862
2408,南亞科,51,0,51,元大-南京,2023-11-01,9862
3035,智原,59,14,45,元大-南京,2023-11-01,9862
4915,致伸,54,11,43,元大-南京,2023-11-01,9862
00687B,國泰20年美債,39,0,39,元大-南京,2023-11-01,9862
0056,元大高股息,36,4,32,元大-南京,2023-11-01,9862
3669,圓展,30,0,30,元大-南京,2023-11-01,9862
1101,台泥,29,2,27,元大-南京,2023-11-01,9862
1471,首利,27,0,27,元大-南京,2023-11-01,9862
00679B,元大美債20年,36,10,26,元大-南京,2023-11-01,9862
4967,十銓,27,4,23,元大-南京,2023-11-01,9862
2605,新興,23,1,22,元大-南京,2023-11-01,9862
2382,廣達,43,24,19,元大-南京,2023-11-01,9862
00881,國泰台灣5G+,18,0,18,元大-南京,2023-11-01,9862
3702,大聯大,50,32,18,元大-南京,2023-11-01,9862
00922,國泰台灣領袖50,17,0,17,元大-南京,2023-11-01,9862
00935,野村臺灣新科技50,19,2,17,元大-南京,2023-11-01,9862
2317,鴻海,22,5,17,元大-南京,2023-11-01,9862
00665L,富邦�琤肭磪囓�2,16,0,16,元大-南京,2023-11-01,9862
3548,兆利,46,30,16,元大-南京,2023-11-01,9862
2353,宏��,16,2,14,元大-南京,2023-11-01,9862
1504,東元,17,3,14,元大-南京,2023-11-01,9862
3450,聯鈞,65,53,12,元大-南京,2023-11-01,9862
2409,友達,12,0,12,元大-南京,2023-11-01,9862
4306,炎洲,10,0,10,元大-南京,2023-11-01,9862
1419,新紡,10,0,10,元大-南京,2023-11-01,9862
2301,光寶科,19,9,10,元大-南京,2023-11-01,9862
00688L,國泰20年美債正2,10,0,10,元大-南京,2023-11-01,9862
6269,台郡,10,0,10,元大-南京,2023-11-01,9862
2816,旺旺保,10,0,10,元大-南京,2023-11-01,9862
2606,裕民,10,0,10,元大-南京,2023-11-01,9862
8048,德勝,10,0,10,元大-南京,2023-11-01,9862
00753L,中信中國50正2,10,0,10,元大-南京,2023-11-01,9862
3260,威剛,11,2,9,元大-南京,2023-11-01,9862
5288,豐祥-KY,9,0,9,元大-南京,2023-11-01,9862
2455,全新,11,2,9,元大-南京,2023-11-01,9862
4105,東洋,11,2,9,元大-南京,2023-11-01,9862
2308,台達電,9,0,9,元大-南京,2023-11-01,9862
3122,笙泉,8,0,8,元大-南京,2023-11-01,9862
00901,永豐智能車供應鏈,8,0,8,元大-南京,2023-11-01,9862
3346,麗清,10,2,8,元大-南京,2023-11-01,9862
2610,華航,33,25,8,元大-南京,2023-11-01,9862
00715L,期街口布蘭特正2,8,0,8,元大-南京,2023-11-01,9862
2337,旺宏,7,0,7,元大-南京,2023-11-01,9862
3338,泰碩,19,12,7,元大-南京,2023-11-01,9862
2722,夏都,7,0,7,元大-南京,2023-11-01,9862
2351,順德,110,0,110,元大-南京,2023-11-02,9862
00679B,元大美債20年,107,0,107,元大-南京,2023-11-02,9862
00878,國泰永續高股息,150,51,99,元大-南京,2023-11-02,9862
00934,中信成長高股息,91,15,76,元大-南京,2023-11-02,9862
6139,亞翔,96,23,73,元大-南京,2023-11-02,9862
00687B,國泰20年美債,68,7,61,元大-南京,2023-11-02,9862
2376,技嘉,122,64,58,元大-南京,2023-11-02,9862
6146,耕興,45,0,45,元大-南京,2023-11-02,9862
00632R,元大台灣50反1,41,5,36,元大-南京,2023-11-02,9862
00665L,富邦�琤肭磪囓�2,50,16,34,元大-南京,2023-11-02,9862
2356,英業達,62,32,30,元大-南京,2023-11-02,9862
00929,復華台灣科技優息,92,64,28,元大-南京,2023-11-02,9862
2382,廣達,69,43,26,元大-南京,2023-11-02,9862
00664R,國泰臺灣加權反1,25,0,25,元大-南京,2023-11-02,9862
00919,群益台灣精選高息,64,44,20,元大-南京,2023-11-02,9862
3715,定穎投控,78,61,17,元大-南京,2023-11-02,9862
1722,台肥,17,0,17,元大-南京,2023-11-02,9862
2313,華通,64,47,17,元大-南京,2023-11-02,9862
2636,台驊控股,15,0,15,元大-南京,2023-11-02,9862
2883,凱基金,14,0,14,元大-南京,2023-11-02,9862
6770,力積電,15,1,14,元大-南京,2023-11-02,9862
2457,飛宏,18,5,13,元大-南京,2023-11-02,9862
6593,台灣銘板,14,1,13,元大-南京,2023-11-02,9862
8110,華東,13,0,13,元大-南京,2023-11-02,9862
2337,旺宏,12,0,12,元大-南京,2023-11-02,9862
4167,松瑞藥,11,0,11,元大-南京,2023-11-02,9862
2368,金像電,13,3,10,元大-南京,2023-11-02,9862
2834,臺企銀,11,1,10,元大-南京,2023-11-02,9862
2618,長榮航,48,38,10,元大-南京,2023-11-02,9862
4915,致伸,11,1,10,元大-南京,2023-11-02,9862
00633L,富邦上証正2,20,10,10,元大-南京,2023-11-02,9862
2233,宇隆,10,0,10,元大-南京,2023-11-02,9862
8054,安國,62,52,10,元大-南京,2023-11-02,9862
2006,東和鋼鐵,11,2,9,元大-南京,2023-11-02,9862
2364,倫飛,10,1,9,元大-南京,2023-11-02,9862
3680,家登,13,4,9,元大-南京,2023-11-02,9862
5439,高技,10,1,9,元大-南京,2023-11-02,9862
2027,大成鋼,10,1,9,元大-南京,2023-11-02,9862
2344,華邦電,20,11,9,元大-南京,2023-11-02,9862
2885,元大金,8,0,8,元大-南京,2023-11-02,9862
3032,偉訓,10,2,8,元大-南京,2023-11-02,9862
8936,國統,19,11,8,元大-南京,2023-11-02,9862
3231,緯創,26,19,7,元大-南京,2023-11-02,9862
6264,富裔,7,0,7,元大-南京,2023-11-02,9862
3213,茂訊,7,0,7,元大-南京,2023-11-02,9862
00712,復華富時不動產,7,0,7,元大-南京,2023-11-02,9862
2889,國票金,6,0,6,元大-南京,2023-11-02,9862
3094,聯傑,31,25,6,元大-南京,2023-11-02,9862
3339,泰谷,6,0,6,元大-南京,2023-11-02,9862
1319,東陽,7,2,5,元大-南京,2023-11-02,9862
2610,華航,1222,81,1141,元大-南京,2023-11-03,9862
1815,富喬,740,55,685,元大-南京,2023-11-03,9862
2363,矽統,301,193,108,元大-南京,2023-11-03,9862
5258,虹堡,111,11,100,元大-南京,2023-11-03,9862
00680L,元大美債20正2,105,26,79,元大-南京,2023-11-03,9862
2382,廣達,84,11,73,元大-南京,2023-11-03,9862
00934,中信成長高股息,65,0,65,元大-南京,2023-11-03,9862
3231,緯創,74,18,56,元大-南京,2023-11-03,9862
00919,群益台灣精選高息,137,82,55,元大-南京,2023-11-03,9862
4967,十銓,83,31,52,元大-南京,2023-11-03,9862
5439,高技,55,6,49,元大-南京,2023-11-03,9862
00720B,元大投資級公司債,41,0,41,元大-南京,2023-11-03,9862
2351,順德,40,0,40,元大-南京,2023-11-03,9862
00664R,國泰臺灣加權反1,40,0,40,元大-南京,2023-11-03,9862
3481,群創,39,2,37,元大-南京,2023-11-03,9862
00712,復華富時不動產,31,0,31,元大-南京,2023-11-03,9862
2317,鴻海,35,6,29,元大-南京,2023-11-03,9862
6139,亞翔,52,26,26,元大-南京,2023-11-03,9862
6703,軒郁,25,0,25,元大-南京,2023-11-03,9862
00687B,國泰20年美債,78,55,23,元大-南京,2023-11-03,9862
3715,定穎投控,24,3,21,元大-南京,2023-11-03,9862
3260,威剛,26,5,21,元大-南京,2023-11-03,9862
2353,宏��,24,4,20,元大-南京,2023-11-03,9862
5483,中美晶,20,0,20,元大-南京,2023-11-03,9862
6170,統振,20,0,20,元大-南京,2023-11-03,9862
1504,東元,21,3,18,元大-南京,2023-11-03,9862
00632R,元大台灣50反1,31,13,18,元大-南京,2023-11-03,9862
6197,佳必琪,17,0,17,元大-南京,2023-11-03,9862
00935,野村臺灣新科技50,16,0,16,元大-南京,2023-11-03,9862
2492,華新科,33,17,16,元大-南京,2023-11-03,9862
3346,麗清,15,0,15,元大-南京,2023-11-03,9862
8016,矽創,18,3,15,元大-南京,2023-11-03,9862
6285,啟��,16,2,14,元大-南京,2023-11-03,9862
5288,豐祥-KY,14,0,14,元大-南京,2023-11-03,9862
6442,光聖,20,6,14,元大-南京,2023-11-03,9862
6187,萬潤,15,1,14,元大-南京,2023-11-03,9862
2543,皇昌,14,0,14,元大-南京,2023-11-03,9862
00893,國泰智能電動車,15,1,14,元大-南京,2023-11-03,9862
8112,至上,15,2,13,元大-南京,2023-11-03,9862
9958,世紀鋼,14,2,12,元大-南京,2023-11-03,9862
6257,矽格,14,2,12,元大-南京,2023-11-03,9862
6526,達發,12,0,12,元大-南京,2023-11-03,9862
4162,智擎,37,26,11,元大-南京,2023-11-03,9862
8086,宏捷科,17,6,11,元大-南京,2023-11-03,9862
00719B,元大美債1-3,11,0,11,元大-南京,2023-11-03,9862
3081,聯亞,10,0,10,元大-南京,2023-11-03,9862
2312,金寶,10,0,10,元大-南京,2023-11-03,9862
2061,風青,10,0,10,元大-南京,2023-11-03,9862
1789,神隆,10,0,10,元大-南京,2023-11-03,9862
4147,中裕,10,0,10,元大-南京,2023-11-03,9862
1815,富喬,418,180,238,元大-南京,2023-11-06,9862
00679B,元大美債20年,115,5,110,元大-南京,2023-11-06,9862
00934,中信成長高股息,103,0,103,元大-南京,2023-11-06,9862
6770,力積電,118,20,98,元大-南京,2023-11-06,9862
00929,復華台灣科技優息,92,6,86,元大-南京,2023-11-06,9862
00935,野村臺灣新科技50,81,14,67,元大-南京,2023-11-06,9862
6156,松上,60,0,60,元大-南京,2023-11-06,9862
1504,東元,70,11,59,元大-南京,2023-11-06,9862
00664R,國泰臺灣加權反1,50,0,50,元大-南京,2023-11-06,9862
3376,新日興,51,2,49,元大-南京,2023-11-06,9862
00687B,國泰20年美債,54,7,47,元大-南京,2023-11-06,9862
00680L,元大美債20正2,129,83,46,元大-南京,2023-11-06,9862
3231,緯創,54,9,45,元大-南京,2023-11-06,9862
2891,中信金,53,10,43,元大-南京,2023-11-06,9862
00919,群益台灣精選高息,44,5,39,元大-南京,2023-11-06,9862
00720B,元大投資級公司債,34,0,34,元大-南京,2023-11-06,9862
8936,國統,43,11,32,元大-南京,2023-11-06,9862
3207,耀勝,32,4,28,元大-南京,2023-11-06,9862
2421,建準,31,4,27,元大-南京,2023-11-06,9862
00933B,國泰10Y+金融債,26,0,26,元大-南京,2023-11-06,9862
6257,矽格,29,4,25,元大-南京,2023-11-06,9862
2605,新興,29,4,25,元大-南京,2023-11-06,9862
00878,國泰永續高股息,61,40,21,元大-南京,2023-11-06,9862
9924,福興,22,1,21,元大-南京,2023-11-06,9862
2376,技嘉,35,14,21,元大-南京,2023-11-06,9862
5258,虹堡,67,47,20,元大-南京,2023-11-06,9862
3669,圓展,20,0,20,元大-南京,2023-11-06,9862
2476,鉅祥,50,30,20,元大-南京,2023-11-06,9862
2618,長榮航,28,10,18,元大-南京,2023-11-06,9862
6118,建達,20,2,18,元大-南京,2023-11-06,9862
1809,中釉,19,1,18,元大-南京,2023-11-06,9862
00916,國泰全球品牌50,17,0,17,元大-南京,2023-11-06,9862
8432,東生華,17,0,17,元大-南京,2023-11-06,9862
00902,中信電池及儲能,31,15,16,元大-南京,2023-11-06,9862
2313,華通,55,39,16,元大-南京,2023-11-06,9862
2736,富野,30,15,15,元大-南京,2023-11-06,9862
00631L,元大台灣50正2,15,1,14,元大-南京,2023-11-06,9862
00751B,元大AAA至A公司債,14,0,14,元大-南京,2023-11-06,9862
1471,首利,14,0,14,元大-南京,2023-11-06,9862
9958,世紀鋼,16,2,14,元大-南京,2023-11-06,9862
3693,營邦,28,16,12,元大-南京,2023-11-06,9862
9933,中鼎,14,2,12,元大-南京,2023-11-06,9862
2636,台驊控股,12,0,12,元大-南京,2023-11-06,9862
00642U,期元大S＆P石油,12,0,12,元大-南京,2023-11-06,9862
3704,合勤控,27,16,11,元大-南京,2023-11-06,9862
2743,山富,18,7,11,元大-南京,2023-11-06,9862
2731,雄獅,13,2,11,元大-南京,2023-11-06,9862
2002,中鋼,14,3,11,元大-南京,2023-11-06,9862
2363,矽統,98,87,11,元大-南京,2023-11-06,9862
2603,長榮,12,2,10,元大-南京,2023-11-06,9862
00720B,元大投資級公司債,139,0,139,元大-南京,2023-11-07,9862
9105,泰金寶-DR,145,17,128,元大-南京,2023-11-07,9862
3376,新日興,147,60,87,元大-南京,2023-11-07,9862
1449,佳和,85,3,82,元大-南京,2023-11-07,9862
2476,鉅祥,96,20,76,元大-南京,2023-11-07,9862
6284,佳邦,75,3,72,元大-南京,2023-11-07,9862
2834,臺企銀,65,0,65,元大-南京,2023-11-07,9862
00687B,國泰20年美債,61,5,56,元大-南京,2023-11-07,9862
6143,振曜,55,0,55,元大-南京,2023-11-07,9862
3217,優群,53,9,44,元大-南京,2023-11-07,9862
8110,華東,48,5,43,元大-南京,2023-11-07,9862
2618,長榮航,38,1,37,元大-南京,2023-11-07,9862
4121,優盛,37,1,36,元大-南京,2023-11-07,9862
4967,十銓,102,67,35,元大-南京,2023-11-07,9862
00929,復華台灣科技優息,87,56,31,元大-南京,2023-11-07,9862
00632R,元大台灣50反1,26,0,26,元大-南京,2023-11-07,9862
4167,松瑞藥,35,11,24,元大-南京,2023-11-07,9862
1504,東元,26,3,23,元大-南京,2023-11-07,9862
3005,神基,26,4,22,元大-南京,2023-11-07,9862
00679B,元大美債20年,22,0,22,元大-南京,2023-11-07,9862
6185,幃翔,21,0,21,元大-南京,2023-11-07,9862
2002,中鋼,27,6,21,元大-南京,2023-11-07,9862
00650L,復華香港正2,20,0,20,元大-南京,2023-11-07,9862
2883B,凱基金乙特,20,0,20,元大-南京,2023-11-07,9862
5608,四維航,20,0,20,元大-南京,2023-11-07,9862
4746,台耀,20,1,19,元大-南京,2023-11-07,9862
6235,華孚,17,1,16,元大-南京,2023-11-07,9862
2409,友達,21,6,15,元大-南京,2023-11-07,9862
00751B,元大AAA至A公司債,14,0,14,元大-南京,2023-11-07,9862
3078,僑威,23,9,14,元大-南京,2023-11-07,9862
2312,金寶,14,0,14,元大-南京,2023-11-07,9862
2359,所羅門,30,16,14,元大-南京,2023-11-07,9862
00706L,期元大S＆P日圓正2,14,0,14,元大-南京,2023-11-07,9862
4973,廣穎,14,0,14,元大-南京,2023-11-07,9862
3105,穩懋,15,2,13,元大-南京,2023-11-07,9862
6770,力積電,13,0,13,元大-南京,2023-11-07,9862
2367,燿華,12,0,12,元大-南京,2023-11-07,9862
00916,國泰全球品牌50,12,0,12,元大-南京,2023-11-07,9862
2634,漢翔,22,10,12,元大-南京,2023-11-07,9862
2317,鴻海,14,3,11,元大-南京,2023-11-07,9862
2401,凌陽,42,31,11,元大-南京,2023-11-07,9862
8358,金居,11,0,11,元大-南京,2023-11-07,9862
3037,欣興,11,1,10,元大-南京,2023-11-07,9862
6698,旭暉應材,10,0,10,元大-南京,2023-11-07,9862
1907,永豐餘,10,0,10,元大-南京,2023-11-07,9862
00633L,富邦上証正2,10,0,10,元大-南京,2023-11-07,9862
1795,美時,16,6,10,元大-南京,2023-11-07,9862
8089,康全電訊,10,0,10,元大-南京,2023-11-07,9862
2605,新興,12,2,10,元大-南京,2023-11-07,9862
6288,聯嘉,12,2,10,元大-南京,2023-11-07,9862
4128,中天,168,36,132,元大-南京,2023-11-08,9862
00936,台新永續高息中小,114,0,114,元大-南京,2023-11-08,9862
00715L,期街口布蘭特正2,83,0,83,元大-南京,2023-11-08,9862
00665L,富邦�琤肭磪囓�2,60,0,60,元大-南京,2023-11-08,9862
3548,兆利,76,17,59,元大-南京,2023-11-08,9862
00676R,富邦臺灣加權反1,55,0,55,元大-南京,2023-11-08,9862
5905,南仁湖,50,0,50,元大-南京,2023-11-08,9862
1304,台聚,48,0,48,元大-南京,2023-11-08,9862
6691,洋基工程,43,0,43,元大-南京,2023-11-08,9862
6284,佳邦,41,0,41,元大-南京,2023-11-08,9862
2371,大同,40,2,38,元大-南京,2023-11-08,9862
2382,廣達,132,96,36,元大-南京,2023-11-08,9862
3715,定穎投控,35,1,34,元大-南京,2023-11-08,9862
2605,新興,30,0,30,元大-南京,2023-11-08,9862
2617,台航,30,0,30,元大-南京,2023-11-08,9862
5289,宜鼎,53,24,29,元大-南京,2023-11-08,9862
4967,十銓,151,123,28,元大-南京,2023-11-08,9862
2204,中華,33,5,28,元大-南京,2023-11-08,9862
3324,雙鴻,38,11,27,元大-南京,2023-11-08,9862
2834,臺企銀,25,0,25,元大-南京,2023-11-08,9862
5521,工信,25,0,25,元大-南京,2023-11-08,9862
00916,國泰全球品牌50,24,0,24,元大-南京,2023-11-08,9862
00687B,國泰20年美債,44,21,23,元大-南京,2023-11-08,9862
1909,榮成,22,0,22,元大-南京,2023-11-08,9862
3032,偉訓,22,0,22,元大-南京,2023-11-08,9862
3484,崧騰,21,0,21,元大-南京,2023-11-08,9862
00751B,元大AAA至A公司債,23,2,21,元大-南京,2023-11-08,9862
1802,台玻,22,1,21,元大-南京,2023-11-08,9862
1721,三晃,20,0,20,元大-南京,2023-11-08,9862
5347,世界,20,0,20,元大-南京,2023-11-08,9862
6546,正基,19,0,19,元大-南京,2023-11-08,9862
1314,中石化,20,1,19,元大-南京,2023-11-08,9862
4121,優盛,18,0,18,元大-南京,2023-11-08,9862
2301,光寶科,26,8,18,元大-南京,2023-11-08,9862
1301,台塑,17,0,17,元大-南京,2023-11-08,9862
00642U,期元大S＆P石油,21,4,17,元大-南京,2023-11-08,9862
6122,擎邦,17,1,16,元大-南京,2023-11-08,9862
00885,富邦越南,15,0,15,元大-南京,2023-11-08,9862
6603,富強鑫,15,0,15,元大-南京,2023-11-08,9862
4119,旭富,15,0,15,元大-南京,2023-11-08,9862
8046,南電,16,2,14,元大-南京,2023-11-08,9862
2359,所羅門,13,0,13,元大-南京,2023-11-08,9862
3260,威剛,13,0,13,元大-南京,2023-11-08,9862
6770,力積電,14,2,12,元大-南京,2023-11-08,9862
00679B,元大美債20年,21,9,12,元大-南京,2023-11-08,9862
1722,台肥,12,0,12,元大-南京,2023-11-08,9862
1504,東元,12,0,12,元大-南京,2023-11-08,9862
5452,佶優,15,3,12,元大-南京,2023-11-08,9862
3221,台嘉碩,14,3,11,元大-南京,2023-11-08,9862
2882,國泰金,10,0,10,元大-南京,2023-11-08,9862
3260,威剛,236,3,233,元大-南京,2023-11-09,9862
6284,佳邦,203,3,200,元大-南京,2023-11-09,9862
00680L,元大美債20正2,128,38,90,元大-南京,2023-11-09,9862
3231,緯創,160,78,82,元大-南京,2023-11-09,9862
1101,台泥,72,0,72,元大-南京,2023-11-09,9862
3062,建漢,60,1,59,元大-南京,2023-11-09,9862
1909,榮成,58,0,58,元大-南京,2023-11-09,9862
5521,工信,63,7,56,元大-南京,2023-11-09,9862
2376,技嘉,134,81,53,元大-南京,2023-11-09,9862
2606,裕民,53,0,53,元大-南京,2023-11-09,9862
2329,華泰,93,42,51,元大-南京,2023-11-09,9862
00751B,元大AAA至A公司債,69,27,42,元大-南京,2023-11-09,9862
1522,堤維西,46,4,42,元大-南京,2023-11-09,9862
2888,新光金,40,0,40,元大-南京,2023-11-09,9862
00929,復華台灣科技優息,120,81,39,元大-南京,2023-11-09,9862
00936,台新永續高息中小,33,0,33,元大-南京,2023-11-09,9862
2352,佳世達,32,4,28,元大-南京,2023-11-09,9862
2356,英業達,39,12,27,元大-南京,2023-11-09,9862
6691,洋基工程,27,0,27,元大-南京,2023-11-09,9862
2317,鴻海,31,5,26,元大-南京,2023-11-09,9862
1301,台塑,25,1,24,元大-南京,2023-11-09,9862
6546,正基,25,1,24,元大-南京,2023-11-09,9862
1314,中石化,23,0,23,元大-南京,2023-11-09,9862
3481,群創,24,2,22,元大-南京,2023-11-09,9862
2338,光罩,21,0,21,元大-南京,2023-11-09,9862
2885,元大金,22,2,20,元大-南京,2023-11-09,9862
2636,台驊控股,20,0,20,元大-南京,2023-11-09,9862
00642U,期元大S＆P石油,22,3,19,元大-南京,2023-11-09,9862
2313,華通,61,43,18,元大-南京,2023-11-09,9862
5347,世界,17,0,17,元大-南京,2023-11-09,9862
4128,中天,35,19,16,元大-南京,2023-11-09,9862
3380,明泰,17,1,16,元大-南京,2023-11-09,9862
2385,群光,19,3,16,元大-南京,2023-11-09,9862
2303,聯電,20,5,15,元大-南京,2023-11-09,9862
4167,松瑞藥,20,5,15,元大-南京,2023-11-09,9862
00687B,國泰20年美債,91,78,13,元大-南京,2023-11-09,9862
1519,華城,14,2,12,元大-南京,2023-11-09,9862
2605,新興,15,3,12,元大-南京,2023-11-09,9862
00720B,元大投資級公司債,33,21,12,元大-南京,2023-11-09,9862
2324,仁寶,15,4,11,元大-南京,2023-11-09,9862
1591,駿吉-KY,11,0,11,元大-南京,2023-11-09,9862
00934,中信成長高股息,12,1,11,元大-南京,2023-11-09,9862
4933,友輝,11,0,11,元大-南京,2023-11-09,9862
4533,協易機,10,0,10,元大-南京,2023-11-09,9862
2634,漢翔,10,0,10,元大-南京,2023-11-09,9862
2354,鴻準,10,0,10,元大-南京,2023-11-09,9862
4162,智擎,11,1,10,元大-南京,2023-11-09,9862
1752,南光,10,0,10,元大-南京,2023-11-09,9862
8070,長華*,10,0,10,元大-南京,2023-11-09,9862
00632R,元大台灣50反1,10,0,10,元大-南京,2023-11-09,9862
00720B,元大投資級公司債,112,4,108,元大-南京,2023-11-10,9862
00637L,元大滬深300正2,108,4,104,元大-南京,2023-11-10,9862
2408,南亞科,105,6,99,元大-南京,2023-11-10,9862
3260,威剛,93,4,89,元大-南京,2023-11-10,9862
6546,正基,73,0,73,元大-南京,2023-11-10,9862
3231,緯創,108,46,62,元大-南京,2023-11-10,9862
00878,國泰永續高股息,64,6,58,元大-南京,2023-11-10,9862
2888,新光金,50,0,50,元大-南京,2023-11-10,9862
3036,文曄,54,5,49,元大-南京,2023-11-10,9862
6284,佳邦,49,4,45,元大-南京,2023-11-10,9862
00751B,元大AAA至A公司債,38,2,36,元大-南京,2023-11-10,9862
5483,中美晶,31,0,31,元大-南京,2023-11-10,9862
4532,瑞智,30,0,30,元大-南京,2023-11-10,9862
00632R,元大台灣50反1,30,0,30,元大-南京,2023-11-10,9862
4128,中天,65,37,28,元大-南京,2023-11-10,9862
8089,康全電訊,25,0,25,元大-南京,2023-11-10,9862
00679B,元大美債20年,25,1,24,元大-南京,2023-11-10,9862
00936,台新永續高息中小,23,0,23,元大-南京,2023-11-10,9862
2352,佳世達,27,5,22,元大-南京,2023-11-10,9862
3217,優群,21,0,21,元大-南京,2023-11-10,9862
00688L,國泰20年美債正2,21,0,21,元大-南京,2023-11-10,9862
8034,榮群,26,6,20,元大-南京,2023-11-10,9862
2736,富野,24,4,20,元大-南京,2023-11-10,9862
3024,憶聲,20,0,20,元大-南京,2023-11-10,9862
2618,長榮航,31,11,20,元大-南京,2023-11-10,9862
2353,宏��,17,1,16,元大-南京,2023-11-10,9862
6129,普誠,16,0,16,元大-南京,2023-11-10,9862
2891,中信金,22,7,15,元大-南京,2023-11-10,9862
00934,中信成長高股息,15,0,15,元大-南京,2023-11-10,9862
00687B,國泰20年美債,15,0,15,元大-南京,2023-11-10,9862
1504,東元,15,0,15,元大-南京,2023-11-10,9862
00706L,期元大S＆P日圓正2,14,0,14,元大-南京,2023-11-10,9862
3312,弘憶股,13,0,13,元大-南京,2023-11-10,9862
3545,敦泰,14,1,13,元大-南京,2023-11-10,9862
3037,欣興,19,6,13,元大-南京,2023-11-10,9862
3483,力致,22,10,12,元大-南京,2023-11-10,9862
1582,信錦,15,3,12,元大-南京,2023-11-10,9862
1314,中石化,22,10,12,元大-南京,2023-11-10,9862
6189,豐藝,12,0,12,元大-南京,2023-11-10,9862
2338,光罩,12,0,12,元大-南京,2023-11-10,9862
2609,陽明,12,1,11,元大-南京,2023-11-10,9862
6243,迅杰,11,0,11,元大-南京,2023-11-10,9862
5289,宜鼎,16,5,11,元大-南京,2023-11-10,9862
6446,藥華藥,27,16,11,元大-南京,2023-11-10,9862
4552,力達-KY,10,0,10,元大-南京,2023-11-10,9862
6523,達爾膚,12,2,10,元大-南京,2023-11-10,9862
4726,永昕,10,0,10,元大-南京,2023-11-10,9862
4915,致伸,10,0,10,元大-南京,2023-11-10,9862
2455,全新,13,3,10,元大-南京,2023-11-10,9862
00633L,富邦上証正2,40,30,10,元大-南京,2023-11-10,9862
2409,友達,204,2,202,元大-南京,2023-11-13,9862
00919,群益台灣精選高息,95,7,88,元大-南京,2023-11-13,9862
00923,群益台ESG低碳50,87,4,83,元大-南京,2023-11-13,9862
00688L,國泰20年美債正2,76,0,76,元大-南京,2023-11-13,9862
00878,國泰永續高股息,231,162,69,元大-南京,2023-11-13,9862
00687B,國泰20年美債,68,1,67,元大-南京,2023-11-13,9862
00679B,元大美債20年,57,0,57,元大-南京,2023-11-13,9862
2888,新光金,51,0,51,元大-南京,2023-11-13,9862
3217,優群,57,7,50,元大-南京,2023-11-13,9862
2303,聯電,69,20,49,元大-南京,2023-11-13,9862
2618,長榮航,45,1,44,元大-南京,2023-11-13,9862
00637L,元大滬深300正2,44,2,42,元大-南京,2023-11-13,9862
00706L,期元大S＆P日圓正2,41,0,41,元大-南京,2023-11-13,9862
1710,東聯,46,6,40,元大-南京,2023-11-13,9862
3260,威剛,58,21,37,元大-南京,2023-11-13,9862
6412,群電,33,0,33,元大-南京,2023-11-13,9862
4123,晟德,38,7,31,元大-南京,2023-11-13,9862
6284,佳邦,36,6,30,元大-南京,2023-11-13,9862
6770,力積電,30,1,29,元大-南京,2023-11-13,9862
2610,華航,36,9,27,元大-南京,2023-11-13,9862
3036,文曄,36,9,27,元大-南京,2023-11-13,9862
8054,安國,29,4,25,元大-南京,2023-11-13,9862
00929,復華台灣科技優息,146,122,24,元大-南京,2023-11-13,9862
00720B,元大投資級公司債,24,0,24,元大-南京,2023-11-13,9862
00795B,中信美國公債20年,23,0,23,元大-南京,2023-11-13,9862
2801,彰銀,21,0,21,元大-南京,2023-11-13,9862
00900,富邦特選高股息30,21,0,21,元大-南京,2023-11-13,9862
00751B,元大AAA至A公司債,20,0,20,元大-南京,2023-11-13,9862
6438,迅得,20,0,20,元大-南京,2023-11-13,9862
4763,材料-KY,29,12,17,元大-南京,2023-11-13,9862
2329,華泰,33,16,17,元大-南京,2023-11-13,9862
00670L,富邦NASDAQ正2,16,0,16,元大-南京,2023-11-13,9862
3706,神達,20,4,16,元大-南京,2023-11-13,9862
6187,萬潤,18,3,15,元大-南京,2023-11-13,9862
5871,中租-KY,15,0,15,元大-南京,2023-11-13,9862
2454,聯發科,15,2,13,元大-南京,2023-11-13,9862
2371,大同,15,3,12,元大-南京,2023-11-13,9862
3041,揚智,14,2,12,元大-南京,2023-11-13,9862
2606,裕民,11,0,11,元大-南京,2023-11-13,9862
2376,技嘉,18,8,10,元大-南京,2023-11-13,9862
1752,南光,10,0,10,元大-南京,2023-11-13,9862
4121,優盛,10,0,10,元大-南京,2023-11-13,9862
2605,新興,12,2,10,元大-南京,2023-11-13,9862
4933,友輝,10,0,10,元大-南京,2023-11-13,9862
2312,金寶,10,0,10,元大-南京,2023-11-13,9862
3294,英濟,10,0,10,元大-南京,2023-11-13,9862
4552,力達-KY,10,0,10,元大-南京,2023-11-13,9862
3708,上緯投控,11,1,10,元大-南京,2023-11-13,9862
8027,鈦昇,10,0,10,元大-南京,2023-11-13,9862
1709,和益,9,0,9,元大-南京,2023-11-13,9862
6282,康舒,105,3,102,元大-南京,2023-11-14,9862
2801,彰銀,100,0,100,元大-南京,2023-11-14,9862
6284,佳邦,83,6,77,元大-南京,2023-11-14,9862
00923,群益台ESG低碳50,73,1,72,元大-南京,2023-11-14,9862
2753,八方雲集,56,0,56,元大-南京,2023-11-14,9862
00878,國泰永續高股息,91,45,46,元大-南京,2023-11-14,9862
00720B,元大投資級公司債,52,14,38,元大-南京,2023-11-14,9862
1504,東元,45,8,37,元大-南京,2023-11-14,9862
1227,佳格,35,0,35,元大-南京,2023-11-14,9862
1308,亞聚,32,0,32,元大-南京,2023-11-14,9862
3231,緯創,64,35,29,元大-南京,2023-11-14,9862
6805,富世達,28,1,27,元大-南京,2023-11-14,9862
00664R,國泰臺灣加權反1,25,0,25,元大-南京,2023-11-14,9862
6206,飛捷,23,0,23,元大-南京,2023-11-14,9862
1909,榮成,20,0,20,元大-南京,2023-11-14,9862
3324,雙鴻,27,7,20,元大-南京,2023-11-14,9862
00632R,元大台灣50反1,19,0,19,元大-南京,2023-11-14,9862
1815,富喬,21,2,19,元大-南京,2023-11-14,9862
6799,來頡,24,6,18,元大-南京,2023-11-14,9862
00929,復華台灣科技優息,25,8,17,元大-南京,2023-11-14,9862
8011,台通,20,3,17,元大-南京,2023-11-14,9862
3217,優群,17,0,17,元大-南京,2023-11-14,9862
6901,鑽石投資,20,4,16,元大-南京,2023-11-14,9862
4513,福裕,15,0,15,元大-南京,2023-11-14,9862
6275,元山,15,0,15,元大-南京,2023-11-14,9862
2454,聯發科,15,0,15,元大-南京,2023-11-14,9862
4979,華星光,16,2,14,元大-南京,2023-11-14,9862
2383,台光電,16,2,14,元大-南京,2023-11-14,9862
5258,虹堡,16,2,14,元大-南京,2023-11-14,9862
8109,博大,13,0,13,元大-南京,2023-11-14,9862
6117,迎廣,17,4,13,元大-南京,2023-11-14,9862
4967,十銓,25,12,13,元大-南京,2023-11-14,9862
6274,台燿,14,1,13,元大-南京,2023-11-14,9862
6526,達發,12,0,12,元大-南京,2023-11-14,9862
1568,倉佑,13,1,12,元大-南京,2023-11-14,9862
2359,所羅門,26,15,11,元大-南京,2023-11-14,9862
2313,華通,30,19,11,元大-南京,2023-11-14,9862
2324,仁寶,12,1,11,元大-南京,2023-11-14,9862
3260,威剛,16,5,11,元大-南京,2023-11-14,9862
1701,中化,10,0,10,元大-南京,2023-11-14,9862
1752,南光,10,0,10,元大-南京,2023-11-14,9862
4119,旭富,10,0,10,元大-南京,2023-11-14,9862
1338,廣華-KY,10,0,10,元大-南京,2023-11-14,9862
00680L,元大美債20正2,10,0,10,元大-南京,2023-11-14,9862
3060,銘異,10,0,10,元大-南京,2023-11-14,9862
8034,榮群,12,2,10,元大-南京,2023-11-14,9862
00688L,國泰20年美債正2,10,0,10,元大-南京,2023-11-14,9862
00650L,復華香港正2,10,0,10,元大-南京,2023-11-14,9862
2617,台航,10,0,10,元大-南京,2023-11-14,9862
9904,寶成,10,0,10,元大-南京,2023-11-14,9862
00878,國泰永續高股息,356,6,350,元大-南京,2023-11-15,9862
00919,群益台灣精選高息,131,3,128,元大-南京,2023-11-15,9862
00673R,期元大S＆P原油反1,92,0,92,元大-南京,2023-11-15,9862
00632R,元大台灣50反1,97,10,87,元大-南京,2023-11-15,9862
2201,裕隆,83,1,82,元大-南京,2023-11-15,9862
00929,復華台灣科技優息,83,6,77,元大-南京,2023-11-15,9862
2368,金像電,68,2,66,元大-南京,2023-11-15,9862
2607,榮運,90,34,56,元大-南京,2023-11-15,9862
6274,台燿,92,38,54,元大-南京,2023-11-15,9862
00687B,國泰20年美債,53,3,50,元大-南京,2023-11-15,9862
2883,凱基金,61,13,48,元大-南京,2023-11-15,9862
6138,茂達,53,6,47,元大-南京,2023-11-15,9862
3548,兆利,54,12,42,元大-南京,2023-11-15,9862
6026,福邦證,41,0,41,元大-南京,2023-11-15,9862
2337,旺宏,34,0,34,元大-南京,2023-11-15,9862
8089,康全電訊,34,0,34,元大-南京,2023-11-15,9862
2323,中環,31,0,31,元大-南京,2023-11-15,9862
2449,京元電子,38,9,29,元大-南京,2023-11-15,9862
1417,嘉裕,30,1,29,元大-南京,2023-11-15,9862
00720B,元大投資級公司債,32,4,28,元大-南京,2023-11-15,9862
6732,昇佳電子,30,2,28,元大-南京,2023-11-15,9862
00772B,中信高評級公司債,26,1,25,元大-南京,2023-11-15,9862
2485,兆赫,24,2,22,元大-南京,2023-11-15,9862
2356,英業達,26,4,22,元大-南京,2023-11-15,9862
8121,越峰,21,0,21,元大-南京,2023-11-15,9862
3363,上詮,29,9,20,元大-南京,2023-11-15,9862
3324,雙鴻,27,7,20,元大-南京,2023-11-15,9862
8110,華東,33,13,20,元大-南京,2023-11-15,9862
2027,大成鋼,23,4,19,元大-南京,2023-11-15,9862
1795,美時,24,7,17,元大-南京,2023-11-15,9862
3362,先進光,17,1,16,元大-南京,2023-11-15,9862
2606,裕民,16,1,15,元大-南京,2023-11-15,9862
4572,駐龍,15,0,15,元大-南京,2023-11-15,9862
6125,廣運,17,2,15,元大-南京,2023-11-15,9862
1722,台肥,16,2,14,元大-南京,2023-11-15,9862
2369,菱生,26,12,14,元大-南京,2023-11-15,9862
6509,聚和,14,0,14,元大-南京,2023-11-15,9862
1773,勝一,13,0,13,元大-南京,2023-11-15,9862
6122,擎邦,36,24,12,元大-南京,2023-11-15,9862
4967,十銓,29,17,12,元大-南京,2023-11-15,9862
3276,宇環,22,10,12,元大-南京,2023-11-15,9862
2419,仲琦,11,0,11,元大-南京,2023-11-15,9862
1582,信錦,13,2,11,元大-南京,2023-11-15,9862
4128,中天,41,31,10,元大-南京,2023-11-15,9862
3056,富華新,10,0,10,元大-南京,2023-11-15,9862
6757,台灣虎航,184,174,10,元大-南京,2023-11-15,9862
6202,盛群,12,2,10,元大-南京,2023-11-15,9862
2353,宏��,21,11,10,元大-南京,2023-11-15,9862
3042,晶技,12,3,9,元大-南京,2023-11-15,9862
8028,昇陽半導體,9,0,9,元大-南京,2023-11-15,9862
00929,復華台灣科技優息,272,154,118,元大-南京,2023-11-16,9862
00680L,元大美債20正2,110,0,110,元大-南京,2023-11-16,9862
1815,富喬,117,16,101,元大-南京,2023-11-16,9862
00671R,富邦NASDAQ反1,110,10,100,元大-南京,2023-11-16,9862
00688L,國泰20年美債正2,80,0,80,元大-南京,2023-11-16,9862
5512,力麒,68,7,61,元大-南京,2023-11-16,9862
00679B,元大美債20年,55,0,55,元大-南京,2023-11-16,9862
2753,八方雲集,55,1,54,元大-南京,2023-11-16,9862
2368,金像電,66,24,42,元大-南京,2023-11-16,9862
1503,士電,40,0,40,元大-南京,2023-11-16,9862
2417,圓剛,187,148,39,元大-南京,2023-11-16,9862
6691,洋基工程,39,1,38,元大-南京,2023-11-16,9862
00632R,元大台灣50反1,33,0,33,元大-南京,2023-11-16,9862
4128,中天,33,4,29,元大-南京,2023-11-16,9862
8089,康全電訊,23,0,23,元大-南京,2023-11-16,9862
2344,華邦電,55,34,21,元大-南京,2023-11-16,9862
1101,台泥,23,2,21,元大-南京,2023-11-16,9862
2308,台達電,20,0,20,元大-南京,2023-11-16,9862
9914,美利達,20,0,20,元大-南京,2023-11-16,9862
1338,廣華-KY,19,0,19,元大-南京,2023-11-16,9862
00687B,國泰20年美債,21,3,18,元大-南京,2023-11-16,9862
2371,大同,33,16,17,元大-南京,2023-11-16,9862
2329,華泰,132,115,17,元大-南京,2023-11-16,9862
3362,先進光,18,2,16,元大-南京,2023-11-16,9862
1710,東聯,16,2,14,元大-南京,2023-11-16,9862
6509,聚和,16,2,14,元大-南京,2023-11-16,9862
8996,高力,18,5,13,元大-南京,2023-11-16,9862
00934,中信成長高股息,12,0,12,元大-南京,2023-11-16,9862
00751B,元大AAA至A公司債,14,3,11,元大-南京,2023-11-16,9862
6274,台燿,23,12,11,元大-南京,2023-11-16,9862
2816,旺旺保,11,0,11,元大-南京,2023-11-16,9862
6282,康舒,13,2,11,元大-南京,2023-11-16,9862
00637L,元大滬深300正2,23,12,11,元大-南京,2023-11-16,9862
2465,麗臺,13,2,11,元大-南京,2023-11-16,9862
2382,廣達,32,22,10,元大-南京,2023-11-16,9862
00885,富邦越南,15,5,10,元大-南京,2023-11-16,9862
00922,國泰台灣領袖50,10,0,10,元大-南京,2023-11-16,9862
1417,嘉裕,10,0,10,元大-南京,2023-11-16,9862
1708,東鹼,10,0,10,元大-南京,2023-11-16,9862
00895,富邦未來車,10,0,10,元大-南京,2023-11-16,9862
9904,寶成,10,0,10,元大-南京,2023-11-16,9862
6901,鑽石投資,23,13,10,元大-南京,2023-11-16,9862
3231,緯創,35,25,10,元大-南京,2023-11-16,9862
6669,緯穎,11,2,9,元大-南京,2023-11-16,9862
2385,群光,11,3,8,元大-南京,2023-11-16,9862
00715L,期街口布蘭特正2,8,0,8,元大-南京,2023-11-16,9862
6290,良維,9,1,8,元大-南京,2023-11-16,9862
2327,國巨,8,1,7,元大-南京,2023-11-16,9862
4164,承業醫,8,1,7,元大-南京,2023-11-16,9862
3035,智原,10,3,7,元大-南京,2023-11-16,9862
00923,群益台ESG低碳50,153,3,150,元大-南京,2023-11-17,9862
00929,復華台灣科技優息,213,64,149,元大-南京,2023-11-17,9862
2610,華航,141,11,130,元大-南京,2023-11-17,9862
00665L,富邦�琤肭磪囓�2,106,0,106,元大-南京,2023-11-17,9862
2312,金寶,129,36,93,元大-南京,2023-11-17,9862
00715L,期街口布蘭特正2,71,0,71,元大-南京,2023-11-17,9862
3701,大眾控,122,52,70,元大-南京,2023-11-17,9862
00720B,元大投資級公司債,72,5,67,元大-南京,2023-11-17,9862
1532,勤美,61,1,60,元大-南京,2023-11-17,9862
00687B,國泰20年美債,54,0,54,元大-南京,2023-11-17,9862
4938,和碩,51,1,50,元大-南京,2023-11-17,9862
00637L,元大滬深300正2,48,2,46,元大-南京,2023-11-17,9862
2409,友達,50,5,45,元大-南京,2023-11-17,9862
3376,新日興,97,53,44,元大-南京,2023-11-17,9862
00632R,元大台灣50反1,50,10,40,元大-南京,2023-11-17,9862
3041,揚智,252,217,35,元大-南京,2023-11-17,9862
00679B,元大美債20年,26,0,26,元大-南京,2023-11-17,9862
1582,信錦,28,2,26,元大-南京,2023-11-17,9862
1568,倉佑,26,2,24,元大-南京,2023-11-17,9862
3260,威剛,25,1,24,元大-南京,2023-11-17,9862
2736,富野,37,13,24,元大-南京,2023-11-17,9862
3189,景碩,22,0,22,元大-南京,2023-11-17,9862
2344,華邦電,22,1,21,元大-南京,2023-11-17,9862
4128,中天,25,5,20,元大-南京,2023-11-17,9862
5531,鄉林,22,2,20,元大-南京,2023-11-17,9862
1515,力山,32,13,19,元大-南京,2023-11-17,9862
2731,雄獅,31,12,19,元大-南京,2023-11-17,9862
6185,幃翔,20,1,19,元大-南京,2023-11-17,9862
2603,長榮,19,0,19,元大-南京,2023-11-17,9862
2607,榮運,21,3,18,元大-南京,2023-11-17,9862
5272,笙科,19,1,18,元大-南京,2023-11-17,9862
5519,隆大,18,0,18,元大-南京,2023-11-17,9862
00676R,富邦臺灣加權反1,18,0,18,元大-南京,2023-11-17,9862
2891,中信金,23,5,18,元大-南京,2023-11-17,9862
6231,系微,16,0,16,元大-南京,2023-11-17,9862
6901,鑽石投資,17,1,16,元大-南京,2023-11-17,9862
9950,萬國通,17,1,16,元大-南京,2023-11-17,9862
2618,長榮航,76,61,15,元大-南京,2023-11-17,9862
2301,光寶科,20,5,15,元大-南京,2023-11-17,9862
2371,大同,18,3,15,元大-南京,2023-11-17,9862
6143,振曜,14,0,14,元大-南京,2023-11-17,9862
00642U,期元大S＆P石油,14,0,14,元大-南京,2023-11-17,9862
3036,文曄,13,0,13,元大-南京,2023-11-17,9862
4979,華星光,17,4,13,元大-南京,2023-11-17,9862
2313,華通,29,18,11,元大-南京,2023-11-17,9862
6805,富世達,12,1,11,元大-南京,2023-11-17,9862
2388,威盛,44,33,11,元大-南京,2023-11-17,9862
00882,中信中國高股息,10,0,10,元大-南京,2023-11-17,9862
2230,泰茂,15,5,10,元大-南京,2023-11-17,9862
2637,慧洋-KY,10,0,10,元大-南京,2023-11-17,9862
2705,六福,100,1,99,元大-南京,2023-11-20,9862
2201,裕隆,103,7,96,元大-南京,2023-11-20,9862
2258,鴻華先進-創,90,0,90,元大-南京,2023-11-20,9862
2401,凌陽,84,31,53,元大-南京,2023-11-20,9862
00673R,期元大S＆P原油反1,50,0,50,元大-南京,2023-11-20,9862
00632R,元大台灣50反1,50,0,50,元大-南京,2023-11-20,9862
00751B,元大AAA至A公司債,49,0,49,元大-南京,2023-11-20,9862
00885,富邦越南,64,15,49,元大-南京,2023-11-20,9862
00679B,元大美債20年,49,1,48,元大-南京,2023-11-20,9862
8936,國統,51,4,47,元大-南京,2023-11-20,9862
4960,誠美材,50,8,42,元大-南京,2023-11-20,9862
2610,華航,39,10,29,元大-南京,2023-11-20,9862
4945,陞達科技,28,1,27,元大-南京,2023-11-20,9862
2344,華邦電,28,4,24,元大-南京,2023-11-20,9862
9914,美利達,23,0,23,元大-南京,2023-11-20,9862
2014,中鴻,33,10,23,元大-南京,2023-11-20,9862
6187,萬潤,21,0,21,元大-南京,2023-11-20,9862
2520,冠德,21,0,21,元大-南京,2023-11-20,9862
00878,國泰永續高股息,29,9,20,元大-南京,2023-11-20,9862
3615,安可,20,0,20,元大-南京,2023-11-20,9862
1710,東聯,20,0,20,元大-南京,2023-11-20,9862
3035,智原,41,23,18,元大-南京,2023-11-20,9862
2606,裕民,18,0,18,元大-南京,2023-11-20,9862
3231,緯創,30,14,16,元大-南京,2023-11-20,9862
2748,雲品,26,10,16,元大-南京,2023-11-20,9862
1722,台肥,16,0,16,元大-南京,2023-11-20,9862
3545,敦泰,30,16,14,元大-南京,2023-11-20,9862
3138,耀登,14,1,13,元大-南京,2023-11-20,9862
8442,威宏-KY,13,0,13,元大-南京,2023-11-20,9862
6530,創威,13,0,13,元大-南京,2023-11-20,9862
2368,金像電,12,0,12,元大-南京,2023-11-20,9862
6593,台灣銘板,14,2,12,元大-南京,2023-11-20,9862
8028,昇陽半導體,12,1,11,元大-南京,2023-11-20,9862
1227,佳格,11,0,11,元大-南京,2023-11-20,9862
00891,中信關鍵半導體,17,6,11,元大-南京,2023-11-20,9862
2462,良得電,16,6,10,元大-南京,2023-11-20,9862
3693,營邦,13,3,10,元大-南京,2023-11-20,9862
8358,金居,10,0,10,元大-南京,2023-11-20,9862
6156,松上,10,0,10,元大-南京,2023-11-20,9862
2607,榮運,10,0,10,元大-南京,2023-11-20,9862
5905,南仁湖,10,0,10,元大-南京,2023-11-20,9862
1598,岱宇,13,4,9,元大-南京,2023-11-20,9862
1471,首利,9,0,9,元大-南京,2023-11-20,9862
6411,晶焱,10,1,9,元大-南京,2023-11-20,9862
6108,競國,10,1,9,元大-南京,2023-11-20,9862
1342,八貫,9,0,9,元大-南京,2023-11-20,9862
6546,正基,10,1,9,元大-南京,2023-11-20,9862
00931B,統一美債20年,8,0,8,元大-南京,2023-11-20,9862
6235,華孚,11,3,8,元大-南京,2023-11-20,9862
3276,宇環,11,3,8,元大-南京,2023-11-20,9862
00935,野村臺灣新科技50,308,6,302,元大-南京,2023-11-21,9862
3376,新日興,118,15,103,元大-南京,2023-11-21,9862
6805,富世達,102,7,95,元大-南京,2023-11-21,9862
2705,六福,75,0,75,元大-南京,2023-11-21,9862
5439,高技,76,1,75,元大-南京,2023-11-21,9862
3041,揚智,185,115,70,元大-南京,2023-11-21,9862
2376,技嘉,124,57,67,元大-南京,2023-11-21,9862
00680L,元大美債20正2,65,0,65,元大-南京,2023-11-21,9862
00632R,元大台灣50反1,65,0,65,元大-南京,2023-11-21,9862
6861,睿生光電,50,0,50,元大-南京,2023-11-21,9862
00687B,國泰20年美債,41,3,38,元大-南京,2023-11-21,9862
00923,群益台ESG低碳50,40,3,37,元大-南京,2023-11-21,9862
2489,瑞軒,32,0,32,元大-南京,2023-11-21,9862
2371,大同,36,5,31,元大-南京,2023-11-21,9862
8054,安國,39,10,29,元大-南京,2023-11-21,9862
3217,優群,25,0,25,元大-南京,2023-11-21,9862
3515,華擎,30,6,24,元大-南京,2023-11-21,9862
2408,南亞科,23,1,22,元大-南京,2023-11-21,9862
2010,春源,40,20,20,元大-南京,2023-11-21,9862
00892,富邦台灣半導體,20,0,20,元大-南京,2023-11-21,9862
1733,五鼎,20,0,20,元大-南京,2023-11-21,9862
3268,海德威,20,0,20,元大-南京,2023-11-21,9862
3062,建漢,90,70,20,元大-南京,2023-11-21,9862
2363,矽統,93,74,19,元大-南京,2023-11-21,9862
00919,群益台灣精選高息,29,11,18,元大-南京,2023-11-21,9862
6274,台燿,21,4,17,元大-南京,2023-11-21,9862
00720B,元大投資級公司債,17,0,17,元大-南京,2023-11-21,9862
5425,台半,16,0,16,元大-南京,2023-11-21,9862
6257,矽格,16,0,16,元大-南京,2023-11-21,9862
2401,凌陽,22,7,15,元大-南京,2023-11-21,9862
2359,所羅門,20,5,15,元大-南京,2023-11-21,9862
3710,連展投控,15,0,15,元大-南京,2023-11-21,9862
3576,聯合再生,14,0,14,元大-南京,2023-11-21,9862
2344,華邦電,15,1,14,元大-南京,2023-11-21,9862
8936,國統,23,9,14,元大-南京,2023-11-21,9862
2375,凱美,13,0,13,元大-南京,2023-11-21,9862
2382,廣達,38,25,13,元大-南京,2023-11-21,9862
3047,訊舟,18,6,12,元大-南京,2023-11-21,9862
00712,復華富時不動產,12,0,12,元大-南京,2023-11-21,9862
8261,富鼎,12,0,12,元大-南京,2023-11-21,9862
3231,緯創,75,64,11,元大-南京,2023-11-21,9862
1513,中興電,11,0,11,元大-南京,2023-11-21,9862
2303,聯電,39,28,11,元大-南京,2023-11-21,9862
3257,虹冠電,15,4,11,元大-南京,2023-11-21,9862
6584,南俊國際,13,2,11,元大-南京,2023-11-21,9862
3035,智原,27,16,11,元大-南京,2023-11-21,9862
1319,東陽,12,2,10,元大-南京,2023-11-21,9862
3276,宇環,10,0,10,元大-南京,2023-11-21,9862
3006,晶豪科,12,2,10,元大-南京,2023-11-21,9862
2440,太空梭,10,0,10,元大-南京,2023-11-21,9862
00680L,元大美債20正2,120,11,109,元大-南京,2023-11-22,9862
2014,中鴻,103,2,101,元大-南京,2023-11-22,9862
3231,緯創,171,80,91,元大-南京,2023-11-22,9862
00878,國泰永續高股息,90,15,75,元大-南京,2023-11-22,9862
2356,英業達,93,19,74,元大-南京,2023-11-22,9862
2476,鉅祥,76,6,70,元大-南京,2023-11-22,9862
00688L,國泰20年美債正2,60,0,60,元大-南京,2023-11-22,9862
4167,松瑞藥,60,3,57,元大-南京,2023-11-22,9862
2534,宏盛,50,0,50,元大-南京,2023-11-22,9862
00923,群益台ESG低碳50,49,0,49,元大-南京,2023-11-22,9862
6770,力積電,51,5,46,元大-南京,2023-11-22,9862
2607,榮運,45,0,45,元大-南京,2023-11-22,9862
00919,群益台灣精選高息,44,0,44,元大-南京,2023-11-22,9862
8089,康全電訊,38,0,38,元大-南京,2023-11-22,9862
1734,杏輝,38,0,38,元大-南京,2023-11-22,9862
6274,台燿,33,1,32,元大-南京,2023-11-22,9862
2382,廣達,42,12,30,元大-南京,2023-11-22,9862
00915,凱基優選高股息30,30,0,30,元大-南京,2023-11-22,9862
5351,鈺創,49,19,30,元大-南京,2023-11-22,9862
2201,裕隆,30,1,29,元大-南京,2023-11-22,9862
2405,輔信,32,6,26,元大-南京,2023-11-22,9862
00929,復華台灣科技優息,23,0,23,元大-南京,2023-11-22,9862
8054,安國,34,11,23,元大-南京,2023-11-22,9862
3035,智原,28,6,22,元大-南京,2023-11-22,9862
3363,上詮,32,11,21,元大-南京,2023-11-22,9862
1451,年興,24,4,20,元大-南京,2023-11-22,9862
1815,富喬,35,15,20,元大-南京,2023-11-22,9862
00830,國泰費城半導體,20,0,20,元大-南京,2023-11-22,9862
1229,聯華,20,1,19,元大-南京,2023-11-22,9862
2891,中信金,22,3,19,元大-南京,2023-11-22,9862
2388,威盛,34,16,18,元大-南京,2023-11-22,9862
2230,泰茂,21,4,17,元大-南京,2023-11-22,9862
2353,宏��,19,2,17,元大-南京,2023-11-22,9862
2330,台積電,22,6,16,元大-南京,2023-11-22,9862
00637L,元大滬深300正2,19,4,15,元大-南京,2023-11-22,9862
2498,宏達電,15,0,15,元大-南京,2023-11-22,9862
00892,富邦台灣半導體,17,2,15,元大-南京,2023-11-22,9862
00864B,中信美國公債0-1,14,0,14,元大-南京,2023-11-22,9862
00751B,元大AAA至A公司債,13,0,13,元大-南京,2023-11-22,9862
3189,景碩,18,5,13,元大-南京,2023-11-22,9862
4953,緯軟,13,0,13,元大-南京,2023-11-22,9862
2002,中鋼,25,13,12,元大-南京,2023-11-22,9862
00885,富邦越南,12,0,12,元大-南京,2023-11-22,9862
4908,前鼎,19,8,11,元大-南京,2023-11-22,9862
2409,友達,13,2,11,元大-南京,2023-11-22,9862
00679B,元大美債20年,11,0,11,元大-南京,2023-11-22,9862
00692,富邦公司治理,11,0,11,元大-南京,2023-11-22,9862
3481,群創,14,4,10,元大-南京,2023-11-22,9862
5871,中租-KY,10,0,10,元大-南京,2023-11-22,9862
1568,倉佑,10,0,10,元大-南京,2023-11-22,9862
2457,飛宏,477,14,463,元大-南京,2023-11-23,9862
00923,群益台ESG低碳50,70,0,70,元大-南京,2023-11-23,9862
6237,驊訊,123,56,67,元大-南京,2023-11-23,9862
00891,中信關鍵半導體,63,2,61,元大-南京,2023-11-23,9862
00665L,富邦�琤肭磪囓�2,60,0,60,元大-南京,2023-11-23,9862
00904,新光臺灣半導體30,60,0,60,元大-南京,2023-11-23,9862
2543,皇昌,63,4,59,元大-南京,2023-11-23,9862
00919,群益台灣精選高息,53,0,53,元大-南京,2023-11-23,9862
2363,矽統,109,61,48,元大-南京,2023-11-23,9862
6243,迅杰,77,31,46,元大-南京,2023-11-23,9862
6679,鈺太,44,1,43,元大-南京,2023-11-23,9862
6282,康舒,115,84,31,元大-南京,2023-11-23,9862
6146,耕興,31,0,31,元大-南京,2023-11-23,9862
2801,彰銀,30,0,30,元大-南京,2023-11-23,9862
00929,復華台灣科技優息,37,8,29,元大-南京,2023-11-23,9862
4967,十銓,35,7,28,元大-南京,2023-11-23,9862
2359,所羅門,30,2,28,元大-南京,2023-11-23,9862
1773,勝一,26,1,25,元大-南京,2023-11-23,9862
00637L,元大滬深300正2,25,0,25,元大-南京,2023-11-23,9862
3483,力致,33,11,22,元大-南京,2023-11-23,9862
3035,智原,39,17,22,元大-南京,2023-11-23,9862
3522,御嵿,22,0,22,元大-南京,2023-11-23,9862
1815,富喬,28,6,22,元大-南京,2023-11-23,9862
5009,榮剛,26,4,22,元大-南京,2023-11-23,9862
00934,中信成長高股息,22,0,22,元大-南京,2023-11-23,9862
3231,緯創,53,31,22,元大-南京,2023-11-23,9862
3078,僑威,39,18,21,元大-南京,2023-11-23,9862
2454,聯發科,22,2,20,元大-南京,2023-11-23,9862
00864B,中信美國公債0-1,19,0,19,元大-南京,2023-11-23,9862
3715,定穎投控,54,38,16,元大-南京,2023-11-23,9862
2883,凱基金,16,0,16,元大-南京,2023-11-23,9862
00687B,國泰20年美債,16,0,16,元大-南京,2023-11-23,9862
6188,廣明,15,0,15,元大-南京,2023-11-23,9862
2458,義隆,16,1,15,元大-南京,2023-11-23,9862
2913,農林,15,0,15,元大-南京,2023-11-23,9862
0056,元大高股息,14,0,14,元大-南京,2023-11-23,9862
6799,來頡,20,6,14,元大-南京,2023-11-23,9862
2405,輔信,15,1,14,元大-南京,2023-11-23,9862
6901,鑽石投資,34,20,14,元大-南京,2023-11-23,9862
00632R,元大台灣50反1,20,8,12,元大-南京,2023-11-23,9862
2313,華通,27,15,12,元大-南京,2023-11-23,9862
2369,菱生,38,26,12,元大-南京,2023-11-23,9862
00679B,元大美債20年,14,2,12,元大-南京,2023-11-23,9862
00878,國泰永續高股息,17,5,12,元大-南京,2023-11-23,9862
6139,亞翔,24,13,11,元大-南京,2023-11-23,9862
4979,華星光,11,0,11,元大-南京,2023-11-23,9862
3062,建漢,11,0,11,元大-南京,2023-11-23,9862
3217,優群,11,0,11,元大-南京,2023-11-23,9862
2375,凱美,11,0,11,元大-南京,2023-11-23,9862
8040,九暘,11,0,11,元大-南京,2023-11-23,9862
2371,大同,151,20,131,元大-南京,2023-11-24,9862
00885,富邦越南,93,0,93,元大-南京,2023-11-24,9862
00680L,元大美債20正2,86,10,76,元大-南京,2023-11-24,9862
2705,六福,59,0,59,元大-南京,2023-11-24,9862
2618,長榮航,64,9,55,元大-南京,2023-11-24,9862
2610,華航,55,2,53,元大-南京,2023-11-24,9862
00933B,國泰10Y+金融債,46,0,46,元大-南京,2023-11-24,9862
1773,勝一,45,1,44,元大-南京,2023-11-24,9862
00751B,元大AAA至A公司債,40,0,40,元大-南京,2023-11-24,9862
1338,廣華-KY,36,0,36,元大-南京,2023-11-24,9862
00919,群益台灣精選高息,36,2,34,元大-南京,2023-11-24,9862
00687B,國泰20年美債,34,0,34,元大-南京,2023-11-24,9862
2888,新光金,44,13,31,元大-南京,2023-11-24,9862
2457,飛宏,245,215,30,元大-南京,2023-11-24,9862
6104,創惟,39,9,30,元大-南京,2023-11-24,9862
00720B,元大投資級公司債,31,1,30,元大-南京,2023-11-24,9862
6284,佳邦,42,12,30,元大-南京,2023-11-24,9862
8442,威宏-KY,32,2,30,元大-南京,2023-11-24,9862
00679B,元大美債20年,29,0,29,元大-南京,2023-11-24,9862
1815,富喬,31,7,24,元大-南京,2023-11-24,9862
5439,高技,30,7,23,元大-南京,2023-11-24,9862
8299,群聯,20,0,20,元大-南京,2023-11-24,9862
2753,八方雲集,17,0,17,元大-南京,2023-11-24,9862
3032,偉訓,17,1,16,元大-南京,2023-11-24,9862
3006,晶豪科,16,1,15,元大-南京,2023-11-24,9862
6173,信昌電,22,7,15,元大-南京,2023-11-24,9862
2392,正崴,14,0,14,元大-南京,2023-11-24,9862
2883,凱基金,58,44,14,元大-南京,2023-11-24,9862
4128,中天,15,2,13,元大-南京,2023-11-24,9862
8068,全達,28,16,12,元大-南京,2023-11-24,9862
2369,菱生,42,30,12,元大-南京,2023-11-24,9862
6126,信音,11,0,11,元大-南京,2023-11-24,9862
2344,華邦電,11,1,10,元大-南京,2023-11-24,9862
3022,威強電,10,0,10,元大-南京,2023-11-24,9862
3014,聯陽,10,0,10,元大-南京,2023-11-24,9862
6901,鑽石投資,25,15,10,元大-南京,2023-11-24,9862
00892,富邦台灣半導體,10,0,10,元大-南京,2023-11-24,9862
2505,國揚,10,0,10,元大-南京,2023-11-24,9862
1417,嘉裕,10,0,10,元大-南京,2023-11-24,9862
2812,台中銀,10,0,10,元大-南京,2023-11-24,9862
8446,華研,10,0,10,元大-南京,2023-11-24,9862
6294,智基,10,0,10,元大-南京,2023-11-24,9862
6573,虹揚-KY,10,0,10,元大-南京,2023-11-24,9862
00936,台新永續高息中小,10,1,9,元大-南京,2023-11-24,9862
6741,91APP*-KY,9,0,9,元大-南京,2023-11-24,9862
1444,力麗,9,0,9,元大-南京,2023-11-24,9862
3583,辛耘,8,0,8,元大-南京,2023-11-24,9862
2356,英業達,13,5,8,元大-南京,2023-11-24,9862
00706L,期元大S＆P日圓正2,7,0,7,元大-南京,2023-11-24,9862
2328,廣宇,7,0,7,元大-南京,2023-11-24,9862
00688L,國泰20年美債正2,130,0,130,元大-南京,2023-11-27,9862
1503,士電,122,10,112,元大-南京,2023-11-27,9862
00892,富邦台灣半導體,108,0,108,元大-南京,2023-11-27,9862
2705,六福,100,0,100,元大-南京,2023-11-27,9862
00934,中信成長高股息,91,0,91,元大-南京,2023-11-27,9862
4945,陞達科技,79,1,78,元大-南京,2023-11-27,9862
2882,國泰金,65,5,60,元大-南京,2023-11-27,9862
3548,兆利,67,7,60,元大-南京,2023-11-27,9862
2303,聯電,66,6,60,元大-南京,2023-11-27,9862
1529,樂事綠能,54,1,53,元大-南京,2023-11-27,9862
2324,仁寶,51,0,51,元大-南京,2023-11-27,9862
00637L,元大滬深300正2,53,3,50,元大-南京,2023-11-27,9862
00919,群益台灣精選高息,49,0,49,元大-南京,2023-11-27,9862
00751B,元大AAA至A公司債,36,0,36,元大-南京,2023-11-27,9862
00930,永豐ESG低碳高息,44,10,34,元大-南京,2023-11-27,9862
00878,國泰永續高股息,37,5,32,元大-南京,2023-11-27,9862
9103,美德醫療-DR,32,0,32,元大-南京,2023-11-27,9862
6416,瑞祺電通,31,0,31,元大-南京,2023-11-27,9862
2323,中環,30,0,30,元大-南京,2023-11-27,9862
00929,復華台灣科技優息,39,10,29,元大-南京,2023-11-27,9862
00665L,富邦�琤肭磪囓�2,26,0,26,元大-南京,2023-11-27,9862
5483,中美晶,30,5,25,元大-南京,2023-11-27,9862
2201,裕隆,30,5,25,元大-南京,2023-11-27,9862
2382,廣達,33,9,24,元大-南京,2023-11-27,9862
5236,凌陽創新,23,0,23,元大-南京,2023-11-27,9862
6284,佳邦,24,1,23,元大-南京,2023-11-27,9862
00923,群益台ESG低碳50,23,0,23,元大-南京,2023-11-27,9862
2881,富邦金,22,0,22,元大-南京,2023-11-27,9862
2607,榮運,22,0,22,元大-南京,2023-11-27,9862
2515,中工,20,0,20,元大-南京,2023-11-27,9862
1444,力麗,20,0,20,元大-南京,2023-11-27,9862
1316,上曜,20,0,20,元大-南京,2023-11-27,9862
3171,炎洲流通,20,0,20,元大-南京,2023-11-27,9862
2352,佳世達,20,1,19,元大-南京,2023-11-27,9862
8086,宏捷科,45,27,18,元大-南京,2023-11-27,9862
5351,鈺創,42,23,19,元大-南京,2023-11-27,9862
2610,華航,26,8,18,元大-南京,2023-11-27,9862
3051,力特,26,8,18,元大-南京,2023-11-27,9862
00687B,國泰20年美債,17,0,17,元大-南京,2023-11-27,9862
1609,大亞,19,2,17,元大-南京,2023-11-27,9862
2634,漢翔,46,29,17,元大-南京,2023-11-27,9862
5347,世界,23,7,16,元大-南京,2023-11-27,9862
00679B,元大美債20年,16,0,16,元大-南京,2023-11-27,9862
3701,大眾控,24,8,16,元大-南京,2023-11-27,9862
6235,華孚,21,6,15,元大-南京,2023-11-27,9862
00725B,國泰投資級公司債,15,0,15,元大-南京,2023-11-27,9862
1338,廣華-KY,15,0,15,元大-南京,2023-11-27,9862
0056,元大高股息,15,1,14,元大-南京,2023-11-27,9862
6492,生華科,15,1,14,元大-南京,2023-11-27,9862
2496,卓越,14,0,14,元大-南京,2023-11-27,9862
2605,新興,171,26,145,元大-南京,2023-11-28,9862
2606,裕民,141,60,81,元大-南京,2023-11-28,9862
1101,台泥,70,22,48,元大-南京,2023-11-28,9862
5351,鈺創,59,18,41,元大-南京,2023-11-28,9862
4128,中天,40,0,40,元大-南京,2023-11-28,9862
1102,亞泥,42,3,39,元大-南京,2023-11-28,9862
6805,富世達,37,0,37,元大-南京,2023-11-28,9862
00665L,富邦�琤肭磪囓�2,33,0,33,元大-南京,2023-11-28,9862
2442,新美齊,35,2,33,元大-南京,2023-11-28,9862
6485,點序,32,0,32,元大-南京,2023-11-28,9862
1701,中化,56,26,30,元大-南京,2023-11-28,9862
6146,耕興,30,0,30,元大-南京,2023-11-28,9862
3231,緯創,35,9,26,元大-南京,2023-11-28,9862
00919,群益台灣精選高息,30,4,26,元大-南京,2023-11-28,9862
4979,華星光,26,0,26,元大-南京,2023-11-28,9862
2891,中信金,44,18,26,元大-南京,2023-11-28,9862
4114,健喬,38,13,25,元大-南京,2023-11-28,9862
3548,兆利,44,20,24,元大-南京,2023-11-28,9862
9914,美利達,25,2,23,元大-南京,2023-11-28,9862
00929,復華台灣科技優息,27,5,22,元大-南京,2023-11-28,9862
5236,凌陽創新,31,10,21,元大-南京,2023-11-28,9862
9919,康那香,39,18,21,元大-南京,2023-11-28,9862
8112,至上,18,0,18,元大-南京,2023-11-28,9862
4945,陞達科技,32,15,17,元大-南京,2023-11-28,9862
6901,鑽石投資,26,9,17,元大-南京,2023-11-28,9862
2303,聯電,27,11,16,元大-南京,2023-11-28,9862
00679B,元大美債20年,15,0,15,元大-南京,2023-11-28,9862
2429,銘旺科,15,0,15,元大-南京,2023-11-28,9862
4933,友輝,15,0,15,元大-南京,2023-11-28,9862
6284,佳邦,16,1,15,元大-南京,2023-11-28,9862
3623,富晶通,18,4,14,元大-南京,2023-11-28,9862
4513,福裕,14,0,14,元大-南京,2023-11-28,9862
1605,華新,19,6,13,元大-南京,2023-11-28,9862
2618,長榮航,25,12,13,元大-南京,2023-11-28,9862
3006,晶豪科,16,4,12,元大-南京,2023-11-28,9862
00687B,國泰20年美債,22,10,12,元大-南京,2023-11-28,9862
2641,正德,30,18,12,元大-南京,2023-11-28,9862
00632R,元大台灣50反1,22,10,12,元大-南京,2023-11-28,9862
1529,樂事綠能,12,1,11,元大-南京,2023-11-28,9862
1560,中砂,11,0,11,元大-南京,2023-11-28,9862
00706L,期元大S＆P日圓正2,11,0,11,元大-南京,2023-11-28,9862
6274,台燿,11,1,10,元大-南京,2023-11-28,9862
4167,松瑞藥,10,0,10,元大-南京,2023-11-28,9862
6015,宏遠證,10,0,10,元大-南京,2023-11-28,9862
1417,嘉裕,10,0,10,元大-南京,2023-11-28,9862
2897,王道銀行,10,0,10,元大-南京,2023-11-28,9862
6741,91APP*-KY,10,0,10,元大-南京,2023-11-28,9862
4561,健椿,10,0,10,元大-南京,2023-11-28,9862
2610,華航,14,4,10,元大-南京,2023-11-28,9862
5388,中磊,10,0,10,元大-南京,2023-11-28,9862
2382,廣達,213,9,204,元大-南京,2023-11-29,9862
6485,點序,96,13,83,元大-南京,2023-11-29,9862
5236,凌陽創新,76,3,73,元大-南京,2023-11-29,9862
1444,力麗,57,0,57,元大-南京,2023-11-29,9862
8054,安國,125,68,57,元大-南京,2023-11-29,9862
2301,光寶科,77,24,53,元大-南京,2023-11-29,9862
00882,中信中國高股息,47,0,47,元大-南京,2023-11-29,9862
00665L,富邦�琤肭磪囓�2,42,0,42,元大-南京,2023-11-29,9862
00641R,富邦日本反1,40,0,40,元大-南京,2023-11-29,9862
00934,中信成長高股息,37,0,37,元大-南京,2023-11-29,9862
3548,兆利,88,52,36,元大-南京,2023-11-29,9862
00632R,元大台灣50反1,52,17,35,元大-南京,2023-11-29,9862
00687B,國泰20年美債,35,0,35,元大-南京,2023-11-29,9862
3372,典範,36,5,31,元大-南京,2023-11-29,9862
2201,裕隆,30,0,30,元大-南京,2023-11-29,9862
5351,鈺創,43,14,29,元大-南京,2023-11-29,9862
1522,堤維西,28,0,28,元大-南京,2023-11-29,9862
1605,華新,36,9,27,元大-南京,2023-11-29,9862
1449,佳和,33,9,24,元大-南京,2023-11-29,9862
6901,鑽石投資,23,0,23,元大-南京,2023-11-29,9862
2363,矽統,30,8,22,元大-南京,2023-11-29,9862
2303,聯電,28,7,21,元大-南京,2023-11-29,9862
2472,立隆電,35,14,21,元大-南京,2023-11-29,9862
9914,美利達,21,0,21,元大-南京,2023-11-29,9862
3217,優群,24,3,21,元大-南京,2023-11-29,9862
2359,所羅門,20,0,20,元大-南京,2023-11-29,9862
6416,瑞祺電通,20,0,20,元大-南京,2023-11-29,9862
6462,神盾,31,12,19,元大-南京,2023-11-29,9862
4919,新唐,28,9,19,元大-南京,2023-11-29,9862
1799,易威,18,0,18,元大-南京,2023-11-29,9862
2383,台光電,19,2,17,元大-南京,2023-11-29,9862
1514,亞力,23,6,17,元大-南京,2023-11-29,9862
2312,金寶,22,5,17,元大-南京,2023-11-29,9862
00679B,元大美債20年,22,5,17,元大-南京,2023-11-29,9862
4909,新復興,17,0,17,元大-南京,2023-11-29,9862
2883,凱基金,55,38,17,元大-南京,2023-11-29,9862
3122,笙泉,18,2,16,元大-南京,2023-11-29,9862
8089,康全電訊,17,2,15,元大-南京,2023-11-29,9862
1515,力山,12,0,12,元大-南京,2023-11-29,9862
1451,年興,12,0,12,元大-南京,2023-11-29,9862
3545,敦泰,37,25,12,元大-南京,2023-11-29,9862
2408,南亞科,16,4,12,元大-南京,2023-11-29,9862
2405,輔信,13,2,11,元大-南京,2023-11-29,9862
2401,凌陽,14,3,11,元大-南京,2023-11-29,9862
6139,亞翔,13,2,11,元大-南京,2023-11-29,9862
4133,亞諾法,11,0,11,元大-南京,2023-11-29,9862
2606,裕民,12,1,11,元大-南京,2023-11-29,9862
3025,星通,16,5,11,元大-南京,2023-11-29,9862
2324,仁寶,11,0,11,元大-南京,2023-11-29,9862
3231,緯創,30,19,11,元大-南京,2023-11-29,9862
00687B,國泰20年美債,174,35,139,元大-南京,2023-11-30,9862
00688L,國泰20年美債正2,100,0,100,元大-南京,2023-11-30,9862
3033,威健,100,7,93,元大-南京,2023-11-30,9862
2329,華泰,181,111,70,元大-南京,2023-11-30,9862
0061,元大寶滬深,64,0,64,元大-南京,2023-11-30,9862
00637L,元大滬深300正2,51,4,47,元大-南京,2023-11-30,9862
2481,強茂,57,15,42,元大-南京,2023-11-30,9862
2607,榮運,40,0,40,元大-南京,2023-11-30,9862
3615,安可,41,1,40,元大-南京,2023-11-30,9862
00882,中信中國高股息,39,4,35,元大-南京,2023-11-30,9862
2705,六福,35,0,35,元大-南京,2023-11-30,9862
2303,聯電,40,7,33,元大-南京,2023-11-30,9862
2408,南亞科,39,8,31,元大-南京,2023-11-30,9862
6284,佳邦,29,0,29,元大-南京,2023-11-30,9862
2312,金寶,35,7,28,元大-南京,2023-11-30,9862
2332,友訊,32,6,26,元大-南京,2023-11-30,9862
1324,地球,25,0,25,元大-南京,2023-11-30,9862
3689,湧德,23,0,23,元大-南京,2023-11-30,9862
5439,高技,47,25,22,元大-南京,2023-11-30,9862
8442,威宏-KY,21,0,21,元大-南京,2023-11-30,9862
5347,世界,23,3,20,元大-南京,2023-11-30,9862
00720B,元大投資級公司債,22,2,20,元大-南京,2023-11-30,9862
1417,嘉裕,20,0,20,元大-南京,2023-11-30,9862
00932,兆豐永續高息等權,20,0,20,元大-南京,2023-11-30,9862
00786B,元大10年IG銀行債,20,0,20,元大-南京,2023-11-30,9862
2383,台光電,22,2,20,元大-南京,2023-11-30,9862
2369,菱生,86,67,19,元大-南京,2023-11-30,9862
8183,精星,20,1,19,元大-南京,2023-11-30,9862
3260,威剛,42,23,19,元大-南京,2023-11-30,9862
2419,仲琦,18,0,18,元大-南京,2023-11-30,9862
4533,協易機,20,2,18,元大-南京,2023-11-30,9862
3231,緯創,37,19,18,元大-南京,2023-11-30,9862
3289,宜特,20,3,17,元大-南京,2023-11-30,9862
2388,威盛,28,11,17,元大-南京,2023-11-30,9862
6257,矽格,45,28,17,元大-南京,2023-11-30,9862
3324,雙鴻,17,1,16,元大-南京,2023-11-30,9862
2412,中華電,16,0,16,元大-南京,2023-11-30,9862
6799,來頡,18,3,15,元大-南京,2023-11-30,9862
2006,東和鋼鐵,15,0,15,元大-南京,2023-11-30,9862
2618,長榮航,15,0,15,元大-南京,2023-11-30,9862
6285,啟��,27,13,14,元大-南京,2023-11-30,9862
3035,智原,35,21,14,元大-南京,2023-11-30,9862
5425,台半,48,35,13,元大-南京,2023-11-30,9862
4128,中天,13,0,13,元大-南京,2023-11-30,9862
4440,宜新實業,13,0,13,元大-南京,2023-11-30,9862
00679B,元大美債20年,39,28,11,元大-南京,2023-11-30,9862
8155,博智,16,5,11,元大-南京,2023-11-30,9862
00915,凱基優選高股息30,20,9,11,元大-南京,2023-11-30,9862
2313,華通,42,31,11,元大-南京,2023-11-30,9862
1605,華新,15,5,10,元大-南京,2023-11-30,9862
00680L,元大美債20正2,860,1,859,元大-南京,2023-12-01,9862
00688L,國泰20年美債正2,600,0,600,元大-南京,2023-12-01,9862
2606,裕民,580,114,466,元大-南京,2023-12-01,9862
2609,陽明,232,21,211,元大-南京,2023-12-01,9862
00637L,元大滬深300正2,115,0,115,元大-南京,2023-12-01,9862
00919,群益台灣精選高息,63,0,63,元大-南京,2023-12-01,9862
00679B,元大美債20年,60,0,60,元大-南京,2023-12-01,9862
00930,永豐ESG低碳高息,55,0,55,元大-南京,2023-12-01,9862
00885,富邦越南,51,0,51,元大-南京,2023-12-01,9862
00929,復華台灣科技優息,54,12,42,元大-南京,2023-12-01,9862
00751B,元大AAA至A公司債,42,0,42,元大-南京,2023-12-01,9862
2301,光寶科,41,1,40,元大-南京,2023-12-01,9862
2006,東和鋼鐵,35,0,35,元大-南京,2023-12-01,9862
3231,緯創,43,11,32,元大-南京,2023-12-01,9862
2313,華通,54,23,31,元大-南京,2023-12-01,9862
2382,廣達,37,7,30,元大-南京,2023-12-01,9862
1582,信錦,116,86,30,元大-南京,2023-12-01,9862
4971,IET-KY,29,0,29,元大-南京,2023-12-01,9862
2891,中信金,30,2,28,元大-南京,2023-12-01,9862
2883,凱基金,31,3,28,元大-南京,2023-12-01,9862
00878,國泰永續高股息,27,0,27,元大-南京,2023-12-01,9862
4763,材料-KY,40,14,26,元大-南京,2023-12-01,9862
3706,神達,29,5,24,元大-南京,2023-12-01,9862
1799,易威,24,0,24,元大-南京,2023-12-01,9862
4967,十銓,27,4,23,元大-南京,2023-12-01,9862
00632R,元大台灣50反1,32,10,22,元大-南京,2023-12-01,9862
4114,健喬,33,12,21,元大-南京,2023-12-01,9862
5328,華容,46,25,21,元大-南京,2023-12-01,9862
1529,樂事綠能,21,0,21,元大-南京,2023-12-01,9862
2408,南亞科,31,11,20,元大-南京,2023-12-01,9862
2904,匯僑,20,0,20,元大-南京,2023-12-01,9862
00915,凱基優選高股息30,20,0,20,元大-南京,2023-12-01,9862
6492,生華科,20,0,20,元大-南京,2023-12-01,9862
8110,華東,20,0,20,元大-南京,2023-12-01,9862
4561,健椿,29,10,19,元大-南京,2023-12-01,9862
1229,聯華,21,4,17,元大-南京,2023-12-01,9862
3059,華晶科,20,3,17,元大-南京,2023-12-01,9862
00706L,期元大S＆P日圓正2,17,0,17,元大-南京,2023-12-01,9862
00933B,國泰10Y+金融債,16,0,16,元大-南京,2023-12-01,9862
2892,第一金,16,0,16,元大-南京,2023-12-01,9862
1338,廣華-KY,15,0,15,元大-南京,2023-12-01,9862
00665L,富邦�琤肭磪囓�2,15,0,15,元大-南京,2023-12-01,9862
0056,元大高股息,18,4,14,元大-南京,2023-12-01,9862
1101,台泥,13,0,13,元大-南京,2023-12-01,9862
3260,威剛,13,0,13,元大-南京,2023-12-01,9862
9941A,裕融甲特,13,0,13,元大-南京,2023-12-01,9862
3376,新日興,23,10,13,元大-南京,2023-12-01,9862
2888,新光金,12,0,12,元大-南京,2023-12-01,9862
4934,太極,12,0,12,元大-南京,2023-12-01,9862
1316,上曜,13,2,11,元大-南京,2023-12-01,9862
3481,群創,1594,22,1572,元大-南京,2023-12-04,9862
1314,中石化,150,0,150,元大-南京,2023-12-04,9862
00892,富邦台灣半導體,150,0,150,元大-南京,2023-12-04,9862
4128,中天,110,0,110,元大-南京,2023-12-04,9862
00720B,元大投資級公司債,111,1,110,元大-南京,2023-12-04,9862
2332,友訊,90,2,88,元大-南京,2023-12-04,9862
2609,陽明,116,41,75,元大-南京,2023-12-04,9862
2201,裕隆,68,1,67,元大-南京,2023-12-04,9862
8436,大江,80,21,59,元大-南京,2023-12-04,9862
4953,緯軟,52,2,50,元大-南京,2023-12-04,9862
2353,宏��,57,7,50,元大-南京,2023-12-04,9862
00637L,元大滬深300正2,47,1,46,元大-南京,2023-12-04,9862
6288,聯嘉,50,6,44,元大-南京,2023-12-04,9862
00795B,中信美國公債20年,44,0,44,元大-南京,2023-12-04,9862
00934,中信成長高股息,43,0,43,元大-南京,2023-12-04,9862
2520,冠德,43,1,42,元大-南京,2023-12-04,9862
2892,第一金,40,0,40,元大-南京,2023-12-04,9862
00680L,元大美債20正2,62,25,37,元大-南京,2023-12-04,9862
00918,大華優利高填息30,36,0,36,元大-南京,2023-12-04,9862
2367,燿華,72,36,36,元大-南京,2023-12-04,9862
4763,材料-KY,39,5,34,元大-南京,2023-12-04,9862
00915,凱基優選高股息30,33,0,33,元大-南京,2023-12-04,9862
00715L,期街口布蘭特正2,32,0,32,元大-南京,2023-12-04,9862
4958,臻鼎-KY,29,0,29,元大-南京,2023-12-04,9862
6438,迅得,26,0,26,元大-南京,2023-12-04,9862
00878,國泰永續高股息,32,7,25,元大-南京,2023-12-04,9862
9919,康那香,157,132,25,元大-南京,2023-12-04,9862
6222,上揚,25,0,25,元大-南京,2023-12-04,9862
2105,正新,30,6,24,元大-南京,2023-12-04,9862
3231,緯創,47,25,22,元大-南京,2023-12-04,9862
3260,威剛,30,8,22,元大-南京,2023-12-04,9862
00665L,富邦�琤肭磪囓�2,22,0,22,元大-南京,2023-12-04,9862
6117,迎廣,32,11,21,元大-南京,2023-12-04,9862
4967,十銓,24,3,21,元大-南京,2023-12-04,9862
2801,彰銀,30,10,20,元大-南京,2023-12-04,9862
00719B,元大美債1-3,20,0,20,元大-南京,2023-12-04,9862
2104,國際中橡,20,0,20,元大-南京,2023-12-04,9862
00670L,富邦NASDAQ正2,20,1,19,元大-南京,2023-12-04,9862
3540,曜越,18,0,18,元大-南京,2023-12-04,9862
2611,志信,17,0,17,元大-南京,2023-12-04,9862
1529,樂事綠能,17,0,17,元大-南京,2023-12-04,9862
6244,茂迪,57,40,17,元大-南京,2023-12-04,9862
6538,倉和,18,1,17,元大-南京,2023-12-04,9862
00752,中信中國50,16,0,16,元大-南京,2023-12-04,9862
3483,力致,19,3,16,元大-南京,2023-12-04,9862
1504,東元,28,13,15,元大-南京,2023-12-04,9862
3265,台星科,18,3,15,元大-南京,2023-12-04,9862
8183,精星,15,0,15,元大-南京,2023-12-04,9862
1701,中化,20,6,14,元大-南京,2023-12-04,9862
6233,旺玖,13,0,13,元大-南京,2023-12-04,9862
00918,大華優利高填息30,428,0,428,元大-南京,2023-12-05,9862
00937B,群益ESG投等債20,325,0,325,元大-南京,2023-12-05,9862
6538,倉和,168,2,166,元大-南京,2023-12-05,9862
1503,士電,162,38,124,元大-南京,2023-12-05,9862
0056,元大高股息,130,9,121,元大-南京,2023-12-05,9862
2888,新光金,100,0,100,元大-南京,2023-12-05,9862
2845,遠東銀,90,0,90,元大-南京,2023-12-05,9862
1314,中石化,92,12,80,元大-南京,2023-12-05,9862
8436,大江,79,10,69,元大-南京,2023-12-05,9862
2882,國泰金,59,1,58,元大-南京,2023-12-05,9862
4414,如興,55,0,55,元大-南京,2023-12-05,9862
4128,中天,53,0,53,元大-南京,2023-12-05,9862
00892,富邦台灣半導體,50,0,50,元大-南京,2023-12-05,9862
2308,台達電,49,1,48,元大-南京,2023-12-05,9862
3231,緯創,55,8,47,元大-南京,2023-12-05,9862
2303,聯電,46,2,44,元大-南京,2023-12-05,9862
00637L,元大滬深300正2,54,10,44,元大-南京,2023-12-05,9862
1515,力山,41,1,40,元大-南京,2023-12-05,9862
2312,金寶,35,1,34,元大-南京,2023-12-05,9862
4967,十銓,40,7,33,元大-南京,2023-12-05,9862
1305,華夏,35,2,33,元大-南京,2023-12-05,9862
4114,健喬,56,24,32,元大-南京,2023-12-05,9862
6005,群益證,32,0,32,元大-南京,2023-12-05,9862
2606,裕民,136,104,32,元大-南京,2023-12-05,9862
2103,台橡,30,0,30,元大-南京,2023-12-05,9862
6451,訊芯-KY,30,0,30,元大-南京,2023-12-05,9862
6526,達發,28,0,28,元大-南京,2023-12-05,9862
2348,海悅,28,0,28,元大-南京,2023-12-05,9862
00687B,國泰20年美債,29,3,26,元大-南京,2023-12-05,9862
8261,富鼎,30,6,24,元大-南京,2023-12-05,9862
00751B,元大AAA至A公司債,25,1,24,元大-南京,2023-12-05,9862
3540,曜越,29,5,24,元大-南京,2023-12-05,9862
00929,復華台灣科技優息,49,26,23,元大-南京,2023-12-05,9862
6288,聯嘉,21,0,21,元大-南京,2023-12-05,9862
8215,明基材,21,0,21,元大-南京,2023-12-05,9862
00715L,期街口布蘭特正2,20,0,20,元大-南京,2023-12-05,9862
4133,亞諾法,20,0,20,元大-南京,2023-12-05,9862
00934,中信成長高股息,20,1,19,元大-南京,2023-12-05,9862
2371,大同,127,109,18,元大-南京,2023-12-05,9862
2891,中信金,19,1,18,元大-南京,2023-12-05,9862
2419,仲琦,22,4,18,元大-南京,2023-12-05,9862
1605,華新,27,10,17,元大-南京,2023-12-05,9862
6811,宏�硌穈T,21,4,17,元大-南京,2023-12-05,9862
00882,中信中國高股息,27,10,17,元大-南京,2023-12-05,9862
3029,零壹,20,3,17,元大-南京,2023-12-05,9862
1504,東元,21,5,16,元大-南京,2023-12-05,9862
8088,品安,15,0,15,元大-南京,2023-12-05,9862
2543,皇昌,14,0,14,元大-南京,2023-12-05,9862
6770,力積電,19,5,14,元大-南京,2023-12-05,9862
00665L,富邦�琤肭磪囓�2,13,0,13,元大-南京,2023-12-05,9862
2606,裕民,226,12,214,元大-南京,2023-12-06,9862
6116,彩晶,154,0,154,元大-南京,2023-12-06,9862
1314,中石化,150,0,150,元大-南京,2023-12-06,9862
2313,華通,136,8,128,元大-南京,2023-12-06,9862
00937B,群益ESG投等債20,332,205,127,元大-南京,2023-12-06,9862
3479,安勤,116,21,95,元大-南京,2023-12-06,9862
1503,士電,139,62,77,元大-南京,2023-12-06,9862
00720B,元大投資級公司債,66,0,66,元大-南京,2023-12-06,9862
3563,牧德,61,0,61,元大-南京,2023-12-06,9862
2605,新興,198,140,58,元大-南京,2023-12-06,9862
2371,大同,75,18,57,元大-南京,2023-12-06,9862
00679B,元大美債20年,54,9,45,元大-南京,2023-12-06,9862
00919,群益台灣精選高息,116,73,43,元大-南京,2023-12-06,9862
2367,燿華,49,12,37,元大-南京,2023-12-06,9862
1305,華夏,34,0,34,元大-南京,2023-12-06,9862
00632R,元大台灣50反1,34,0,34,元大-南京,2023-12-06,9862
00637L,元大滬深300正2,38,6,32,元大-南京,2023-12-06,9862
2468,華經,30,0,30,元大-南京,2023-12-06,9862
2103,台橡,30,0,30,元大-南京,2023-12-06,9862
1582,信錦,74,45,29,元大-南京,2023-12-06,9862
1616,億泰,33,4,29,元大-南京,2023-12-06,9862
00715L,期街口布蘭特正2,27,0,27,元大-南京,2023-12-06,9862
6743,安普新,27,0,27,元大-南京,2023-12-06,9862
00680L,元大美債20正2,90,66,24,元大-南京,2023-12-06,9862
2344,華邦電,23,0,23,元大-南京,2023-12-06,9862
1338,廣華-KY,26,3,23,元大-南京,2023-12-06,9862
3706,神達,32,9,23,元大-南京,2023-12-06,9862
6189,豐藝,23,0,23,元大-南京,2023-12-06,9862
2409,友達,24,1,23,元大-南京,2023-12-06,9862
2006,東和鋼鐵,21,0,21,元大-南京,2023-12-06,9862
4958,臻鼎-KY,21,0,21,元大-南京,2023-12-06,9862
5864,致和證,20,0,20,元大-南京,2023-12-06,9862
00932,兆豐永續高息等權,20,0,20,元大-南京,2023-12-06,9862
00929,復華台灣科技優息,51,32,19,元大-南京,2023-12-06,9862
00795B,中信美國公債20年,19,0,19,元大-南京,2023-12-06,9862
2801,彰銀,20,2,18,元大-南京,2023-12-06,9862
2419,仲琦,90,73,17,元大-南京,2023-12-06,9862
6213,聯茂,23,7,16,元大-南京,2023-12-06,9862
2329,華泰,46,30,16,元大-南京,2023-12-06,9862
2425,承啟,43,28,15,元大-南京,2023-12-06,9862
1442,名軒,16,1,15,元大-南京,2023-12-06,9862
1417,嘉裕,15,0,15,元大-南京,2023-12-06,9862
8255,朋程,15,0,15,元大-南京,2023-12-06,9862
1591,駿吉-KY,39,24,15,元大-南京,2023-12-06,9862
6806,森崴能源,17,3,14,元大-南京,2023-12-06,9862
2314,台揚,13,0,13,元大-南京,2023-12-06,9862
1513,中興電,32,20,12,元大-南京,2023-12-06,9862
2303,聯電,16,4,12,元大-南京,2023-12-06,9862
1529,樂事綠能,18,6,12,元大-南京,2023-12-06,9862
1605,華新,13,1,12,元大-南京,2023-12-06,9862
00937B,群益ESG投等債20,415,37,378,元大-南京,2023-12-07,9862
00919,群益台灣精選高息,365,14,351,元大-南京,2023-12-07,9862
2606,裕民,732,418,314,元大-南京,2023-12-07,9862
00680L,元大美債20正2,240,59,181,元大-南京,2023-12-07,9862
2382,廣達,293,128,165,元大-南京,2023-12-07,9862
00892,富邦台灣半導體,111,0,111,元大-南京,2023-12-07,9862
1314,中石化,78,0,78,元大-南京,2023-12-07,9862
8155,博智,86,14,72,元大-南京,2023-12-07,9862
00720B,元大投資級公司債,68,2,66,元大-南京,2023-12-07,9862
3479,安勤,74,10,64,元大-南京,2023-12-07,9862
8930,青鋼,54,0,54,元大-南京,2023-12-07,9862
00715L,期街口布蘭特正2,54,0,54,元大-南京,2023-12-07,9862
6126,信音,52,3,49,元大-南京,2023-12-07,9862
2881,富邦金,54,7,47,元大-南京,2023-12-07,9862
00751B,元大AAA至A公司債,56,10,46,元大-南京,2023-12-07,9862
3376,新日興,44,0,44,元大-南京,2023-12-07,9862
00679B,元大美債20年,87,44,43,元大-南京,2023-12-07,9862
2376,技嘉,67,24,43,元大-南京,2023-12-07,9862
3041,揚智,221,179,42,元大-南京,2023-12-07,9862
6180,橘子,39,0,39,元大-南京,2023-12-07,9862
1611,中電,38,0,38,元大-南京,2023-12-07,9862
00933B,國泰10Y+金融債,35,0,35,元大-南京,2023-12-07,9862
2344,華邦電,35,1,34,元大-南京,2023-12-07,9862
4128,中天,32,3,29,元大-南京,2023-12-07,9862
5512,力麒,28,0,28,元大-南京,2023-12-07,9862
00642U,期元大S＆P石油,31,3,28,元大-南京,2023-12-07,9862
3715,定穎投控,30,3,27,元大-南京,2023-12-07,9862
2331,精英,27,0,27,元大-南京,2023-12-07,9862
1605,華新,35,9,26,元大-南京,2023-12-07,9862
1612,宏泰,31,6,25,元大-南京,2023-12-07,9862
5608,四維航,31,7,24,元大-南京,2023-12-07,9862
3062,建漢,23,0,23,元大-南京,2023-12-07,9862
00665L,富邦�琤肭磪囓�2,22,0,22,元大-南京,2023-12-07,9862
6538,倉和,25,3,22,元大-南京,2023-12-07,9862
6462,神盾,44,23,21,元大-南京,2023-12-07,9862
1513,中興電,62,41,21,元大-南京,2023-12-07,9862
1101,台泥,23,3,20,元大-南京,2023-12-07,9862
2303,聯電,39,19,20,元大-南京,2023-12-07,9862
6108,競國,20,0,20,元大-南京,2023-12-07,9862
2025,千興,20,0,20,元大-南京,2023-12-07,9862
5328,華容,28,8,20,元大-南京,2023-12-07,9862
6244,茂迪,20,1,19,元大-南京,2023-12-07,9862
00687B,國泰20年美債,70,52,18,元大-南京,2023-12-07,9862
00929,復華台灣科技優息,19,1,18,元大-南京,2023-12-07,9862
1616,億泰,20,3,17,元大-南京,2023-12-07,9862
3563,牧德,18,1,17,元大-南京,2023-12-07,9862
3515,華擎,36,20,16,元大-南京,2023-12-07,9862
5439,高技,20,4,16,元大-南京,2023-12-07,9862
5519,隆大,17,1,16,元大-南京,2023-12-07,9862
1417,嘉裕,15,0,15,元大-南京,2023-12-07,9862
6140,訊達,361,14,347,元大-南京,2023-12-08,9862
00688L,國泰20年美債正2,201,0,201,元大-南京,2023-12-08,9862
4532,瑞智,201,0,201,元大-南京,2023-12-08,9862
00715L,期街口布蘭特正2,117,4,113,元大-南京,2023-12-08,9862
1609,大亞,77,7,70,元大-南京,2023-12-08,9862
6116,彩晶,60,7,53,元大-南京,2023-12-08,9862
6180,橘子,54,1,53,元大-南京,2023-12-08,9862
2376,技嘉,63,15,48,元大-南京,2023-12-08,9862
00929,復華台灣科技優息,60,14,46,元大-南京,2023-12-08,9862
3231,緯創,63,21,42,元大-南京,2023-12-08,9862
6136,富爾特,40,0,40,元大-南京,2023-12-08,9862
00712,復華富時不動產,39,0,39,元大-南京,2023-12-08,9862
3515,華擎,54,16,38,元大-南京,2023-12-08,9862
8942,森鉅,36,0,36,元大-南京,2023-12-08,9862
00919,群益台灣精選高息,49,16,33,元大-南京,2023-12-08,9862
00882,中信中國高股息,41,10,31,元大-南京,2023-12-08,9862
2489,瑞軒,30,0,30,元大-南京,2023-12-08,9862
2103,台橡,30,0,30,元大-南京,2023-12-08,9862
00679B,元大美債20年,31,3,28,元大-南京,2023-12-08,9862
2359,所羅門,30,4,26,元大-南京,2023-12-08,9862
00933B,國泰10Y+金融債,25,0,25,元大-南京,2023-12-08,9862
00632R,元大台灣50反1,23,0,23,元大-南京,2023-12-08,9862
2476,鉅祥,34,11,23,元大-南京,2023-12-08,9862
00720B,元大投資級公司債,22,0,22,元大-南京,2023-12-08,9862
2331,精英,33,11,22,元大-南京,2023-12-08,9862
5351,鈺創,128,107,21,元大-南京,2023-12-08,9862
2884,玉山金,20,0,20,元大-南京,2023-12-08,9862
6233,旺玖,26,6,20,元大-南京,2023-12-08,9862
00665L,富邦�琤肭磪囓�2,20,0,20,元大-南京,2023-12-08,9862
4109,加捷生醫,20,0,20,元大-南京,2023-12-08,9862
2419,仲琦,25,5,20,元大-南京,2023-12-08,9862
2344,華邦電,27,8,19,元大-南京,2023-12-08,9862
4906,正文,23,4,19,元大-南京,2023-12-08,9862
2027,大成鋼,24,5,19,元大-南京,2023-12-08,9862
00687B,國泰20年美債,35,17,18,元大-南京,2023-12-08,9862
1524,耿鼎,120,103,17,元大-南京,2023-12-08,9862
3715,定穎投控,20,3,17,元大-南京,2023-12-08,9862
6139,亞翔,42,26,16,元大-南京,2023-12-08,9862
2303,聯電,19,3,16,元大-南京,2023-12-08,9862
2312,金寶,20,5,15,元大-南京,2023-12-08,9862
1417,嘉裕,15,0,15,元大-南京,2023-12-08,9862
4953,緯軟,20,5,15,元大-南京,2023-12-08,9862
00637L,元大滬深300正2,23,9,14,元大-南京,2023-12-08,9862
00713,元大台灣高息低波,14,1,13,元大-南京,2023-12-08,9862
2402,毅嘉,18,5,13,元大-南京,2023-12-08,9862
8150,南茂,14,1,13,元大-南京,2023-12-08,9862
2314,台揚,13,1,12,元大-南京,2023-12-08,9862
1308,亞聚,12,0,12,元大-南京,2023-12-08,9862
1514,亞力,53,42,11,元大-南京,2023-12-08,9862
1513,中興電,17,6,11,元大-南京,2023-12-08,9862
00688L,國泰20年美債正2,500,0,500,元大-南京,2023-12-11,9862
8936,國統,351,0,351,元大-南京,2023-12-11,9862
6140,訊達,307,1,306,元大-南京,2023-12-11,9862
00680L,元大美債20正2,263,3,260,元大-南京,2023-12-11,9862
00918,大華優利高填息30,269,15,254,元大-南京,2023-12-11,9862
00919,群益台灣精選高息,236,5,231,元大-南京,2023-12-11,9862
00882,中信中國高股息,133,0,133,元大-南京,2023-12-11,9862
2476,鉅祥,136,20,116,元大-南京,2023-12-11,9862
3325,旭品,143,35,108,元大-南京,2023-12-11,9862
00936,台新永續高息中小,100,0,100,元大-南京,2023-12-11,9862
00929,復華台灣科技優息,94,5,89,元大-南京,2023-12-11,9862
00751B,元大AAA至A公司債,63,0,63,元大-南京,2023-12-11,9862
2607,榮運,62,0,62,元大-南京,2023-12-11,9862
00665L,富邦�琤肭磪囓�2,97,36,61,元大-南京,2023-12-11,9862
3481,群創,55,2,53,元大-南京,2023-12-11,9862
00637L,元大滬深300正2,53,4,49,元大-南京,2023-12-11,9862
2605,新興,93,45,48,元大-南京,2023-12-11,9862
8261,富鼎,50,2,48,元大-南京,2023-12-11,9862
6546,正基,48,0,48,元大-南京,2023-12-11,9862
2002,中鋼,51,4,47,元大-南京,2023-12-11,9862
8096,擎亞,47,5,42,元大-南京,2023-12-11,9862
2388,威盛,54,13,41,元大-南京,2023-12-11,9862
00937B,群益ESG投等債20,41,0,41,元大-南京,2023-12-11,9862
00679B,元大美債20年,44,4,40,元大-南京,2023-12-11,9862
1529,樂事綠能,36,0,36,元大-南京,2023-12-11,9862
4414,如興,35,0,35,元大-南京,2023-12-11,9862
6180,橘子,32,0,32,元大-南京,2023-12-11,9862
4906,正文,41,11,30,元大-南京,2023-12-11,9862
6244,茂迪,28,0,28,元大-南京,2023-12-11,9862
3231,緯創,50,25,25,元大-南京,2023-12-11,9862
9939,宏全,24,0,24,元大-南京,2023-12-11,9862
1815,富喬,52,28,24,元大-南京,2023-12-11,9862
8054,安國,28,5,23,元大-南京,2023-12-11,9862
2359,所羅門,24,3,21,元大-南京,2023-12-11,9862
4109,加捷生醫,20,0,20,元大-南京,2023-12-11,9862
1308,亞聚,20,0,20,元大-南京,2023-12-11,9862
1314,中石化,20,0,20,元大-南京,2023-12-11,9862
5443,均豪,20,0,20,元大-南京,2023-12-11,9862
6138,茂達,20,0,20,元大-南京,2023-12-11,9862
1324,地球,20,1,19,元大-南京,2023-12-11,9862
5425,台半,19,0,19,元大-南京,2023-12-11,9862
2303,聯電,23,4,19,元大-南京,2023-12-11,9862
9940,信義,18,0,18,元大-南京,2023-12-11,9862
2371,大同,41,24,17,元大-南京,2023-12-11,9862
8227,巨有科技,26,9,17,元大-南京,2023-12-11,9862
00687B,國泰20年美債,17,0,17,元大-南京,2023-12-11,9862
8089,康全電訊,20,3,17,元大-南京,2023-12-11,9862
1522,堤維西,37,20,17,元大-南京,2023-12-11,9862
1524,耿鼎,54,38,16,元大-南京,2023-12-11,9862
1805,寶徠,15,0,15,元大-南京,2023-12-11,9862
00919,群益台灣精選高息,338,6,332,元大-南京,2023-12-12,9862
3035,智原,187,43,144,元大-南京,2023-12-12,9862
6546,正基,153,48,105,元大-南京,2023-12-12,9862
8936,國統,122,21,101,元大-南京,2023-12-12,9862
6156,松上,90,0,90,元大-南京,2023-12-12,9862
2002,中鋼,81,2,79,元大-南京,2023-12-12,9862
00915,凱基優選高股息30,64,2,62,元大-南京,2023-12-12,9862
6284,佳邦,65,5,60,元大-南京,2023-12-12,9862
2443,昶虹,62,2,60,元大-南京,2023-12-12,9862
00929,復華台灣科技優息,189,132,57,元大-南京,2023-12-12,9862
8034,榮群,58,5,53,元大-南京,2023-12-12,9862
1527,鑽全,52,0,52,元大-南京,2023-12-12,9862
4503,金雨,50,0,50,元大-南京,2023-12-12,9862
2611,志信,50,0,50,元大-南京,2023-12-12,9862
4967,十銓,55,6,49,元大-南京,2023-12-12,9862
00885,富邦越南,52,5,47,元大-南京,2023-12-12,9862
2408,南亞科,44,4,40,元大-南京,2023-12-12,9862
1618,合機,72,32,40,元大-南京,2023-12-12,9862
2605,新興,41,6,35,元大-南京,2023-12-12,9862
00751B,元大AAA至A公司債,33,0,33,元大-南京,2023-12-12,9862
2476,鉅祥,37,5,32,元大-南京,2023-12-12,9862
9938,百和,30,0,30,元大-南京,2023-12-12,9862
2312,金寶,28,0,28,元大-南京,2023-12-12,9862
2904,匯僑,20,0,20,元大-南京,2023-12-12,9862
1722,台肥,20,0,20,元大-南京,2023-12-12,9862
2610,華航,27,9,18,元大-南京,2023-12-12,9862
3624,光頡,19,1,18,元大-南京,2023-12-12,9862
2363,矽統,30,13,17,元大-南京,2023-12-12,9862
2883,凱基金,17,0,17,元大-南京,2023-12-12,9862
2201,裕隆,22,5,17,元大-南京,2023-12-12,9862
2371,大同,37,20,17,元大-南京,2023-12-12,9862
00680L,元大美債20正2,16,0,16,元大-南京,2023-12-12,9862
3363,上詮,16,0,16,元大-南京,2023-12-12,9862
6799,來頡,16,0,16,元大-南京,2023-12-12,9862
00641R,富邦日本反1,15,0,15,元大-南京,2023-12-12,9862
6584,南俊國際,15,0,15,元大-南京,2023-12-12,9862
00753L,中信中國50正2,15,0,15,元大-南京,2023-12-12,9862
6182,合晶,23,9,14,元大-南京,2023-12-12,9862
3231,緯創,38,24,14,元大-南京,2023-12-12,9862
2486,一詮,15,1,14,元大-南京,2023-12-12,9862
8436,大江,14,0,14,元大-南京,2023-12-12,9862
8112,至上,41,28,13,元大-南京,2023-12-12,9862
2425,承啟,28,15,13,元大-南京,2023-12-12,9862
2637,慧洋-KY,14,1,13,元大-南京,2023-12-12,9862
00936,台新永續高息中小,13,0,13,元大-南京,2023-12-12,9862
6275,元山,13,1,12,元大-南京,2023-12-12,9862
4908,前鼎,13,1,12,元大-南京,2023-12-12,9862
6189,豐藝,18,6,12,元大-南京,2023-12-12,9862
5324,士開,18,6,12,元大-南京,2023-12-12,9862
8011,台通,30,18,12,元大-南京,2023-12-12,9862
00919,群益台灣精選高息,320,6,314,元大-南京,2023-12-13,9862
1503,士電,200,1,199,元大-南京,2023-12-13,9862
2476,鉅祥,86,4,82,元大-南京,2023-12-13,9862
00680L,元大美債20正2,77,5,72,元大-南京,2023-12-13,9862
1308,亞聚,64,3,61,元大-南京,2023-12-13,9862
2201,裕隆,57,0,57,元大-南京,2023-12-13,9862
00918,大華優利高填息30,53,0,53,元大-南京,2023-12-13,9862
2408,南亞科,56,3,53,元大-南京,2023-12-13,9862
3035,智原,60,8,52,元大-南京,2023-12-13,9862
1303,南亞,55,4,51,元大-南京,2023-12-13,9862
2636,台驊控股,50,4,46,元大-南京,2023-12-13,9862
00933B,國泰10Y+金融債,43,0,43,元大-南京,2023-12-13,9862
00642U,期元大S＆P石油,43,0,43,元大-南京,2023-12-13,9862
00715L,期街口布蘭特正2,39,0,39,元大-南京,2023-12-13,9862
2399,映泰,45,7,38,元大-南京,2023-12-13,9862
2891,中信金,50,13,37,元大-南京,2023-12-13,9862
2002,中鋼,40,4,36,元大-南京,2023-12-13,9862
3055,蔚華科,35,0,35,元大-南京,2023-12-13,9862
00751B,元大AAA至A公司債,36,2,34,元大-南京,2023-12-13,9862
3548,兆利,34,5,29,元大-南京,2023-12-13,9862
6271,同欣電,31,2,29,元大-南京,2023-12-13,9862
3706,神達,99,71,28,元大-南京,2023-12-13,9862
4979,華星光,29,2,27,元大-南京,2023-12-13,9862
2371,大同,41,15,26,元大-南京,2023-12-13,9862
6153,嘉聯益,26,0,26,元大-南京,2023-12-13,9862
2409,友達,40,15,25,元大-南京,2023-12-13,9862
00915,凱基優選高股息30,25,0,25,元大-南京,2023-12-13,9862
2105,正新,31,6,25,元大-南京,2023-12-13,9862
1529,樂事綠能,24,0,24,元大-南京,2023-12-13,9862
2515,中工,45,22,23,元大-南京,2023-12-13,9862
2615,萬海,21,0,21,元大-南京,2023-12-13,9862
3704,合勤控,24,4,20,元大-南京,2023-12-13,9862
00937B,群益ESG投等債20,20,0,20,元大-南京,2023-12-13,9862
3325,旭品,23,4,19,元大-南京,2023-12-13,9862
3287,廣寰科,28,10,18,元大-南京,2023-12-13,9862
00720B,元大投資級公司債,21,3,18,元大-南京,2023-12-13,9862
00934,中信成長高股息,18,0,18,元大-南京,2023-12-13,9862
2427,三商電,16,0,16,元大-南京,2023-12-13,9862
3024,憶聲,16,0,16,元大-南京,2023-12-13,9862
8163,達方,15,0,15,元大-南京,2023-12-13,9862
3545,敦泰,14,0,14,元大-南京,2023-12-13,9862
2634,漢翔,32,18,14,元大-南京,2023-12-13,9862
4915,致伸,14,0,14,元大-南京,2023-12-13,9862
1584,精剛,31,18,13,元大-南京,2023-12-13,9862
2610,華航,12,0,12,元大-南京,2023-12-13,9862
3622,洋華,20,8,12,元大-南京,2023-12-13,9862
3380,明泰,18,6,12,元大-南京,2023-12-13,9862
00679B,元大美債20年,12,1,11,元大-南京,2023-12-13,9862
00882,中信中國高股息,13,2,11,元大-南京,2023-12-13,9862
2419,仲琦,88,77,11,元大-南京,2023-12-13,9862
00936,台新永續高息中小,318,12,306,元大-南京,2023-12-14,9862
2408,南亞科,316,33,283,元大-南京,2023-12-14,9862
1815,富喬,234,31,203,元大-南京,2023-12-14,9862
6140,訊達,164,0,164,元大-南京,2023-12-14,9862
00680L,元大美債20正2,159,7,152,元大-南京,2023-12-14,9862
2855,統一證,101,0,101,元大-南京,2023-12-14,9862
2312,金寶,102,2,100,元大-南京,2023-12-14,9862
00919,群益台灣精選高息,127,49,78,元大-南京,2023-12-14,9862
2884,玉山金,68,8,60,元大-南京,2023-12-14,9862
2515,中工,80,21,59,元大-南京,2023-12-14,9862
2476,鉅祥,57,2,55,元大-南京,2023-12-14,9862
5521,工信,82,28,54,元大-南京,2023-12-14,9862
00885,富邦越南,52,0,52,元大-南京,2023-12-14,9862
6894,衛司特,51,0,51,元大-南京,2023-12-14,9862
00679B,元大美債20年,99,56,43,元大-南京,2023-12-14,9862
00929,復華台灣科技優息,176,135,41,元大-南京,2023-12-14,9862
00637L,元大滬深300正2,45,5,40,元大-南京,2023-12-14,9862
8096,擎亞,40,0,40,元大-南京,2023-12-14,9862
1591,駿吉-KY,61,32,29,元大-南京,2023-12-14,9862
6170,統振,33,4,29,元大-南京,2023-12-14,9862
00918,大華優利高填息30,25,0,25,元大-南京,2023-12-14,9862
2889,國票金,25,0,25,元大-南京,2023-12-14,9862
3622,洋華,24,0,24,元大-南京,2023-12-14,9862
3005,神基,61,40,21,元大-南京,2023-12-14,9862
1101,台泥,23,2,21,元大-南京,2023-12-14,9862
2313,華通,111,90,21,元大-南京,2023-12-14,9862
00753L,中信中國50正2,20,0,20,元大-南京,2023-12-14,9862
1529,樂事綠能,20,0,20,元大-南京,2023-12-14,9862
00756B,群益投等新興公債,20,0,20,元大-南京,2023-12-14,9862
2485,兆赫,16,0,16,元大-南京,2023-12-14,9862
1605,華新,18,3,15,元大-南京,2023-12-14,9862
00882,中信中國高股息,33,18,15,元大-南京,2023-12-14,9862
3714,富采,15,0,15,元大-南京,2023-12-14,9862
2505,國揚,15,0,15,元大-南京,2023-12-14,9862
3325,旭品,15,0,15,元大-南京,2023-12-14,9862
6189,豐藝,19,4,15,元大-南京,2023-12-14,9862
2365,昆盈,94,80,14,元大-南京,2023-12-14,9862
00892,富邦台灣半導體,30,16,14,元大-南京,2023-12-14,9862
1229,聯華,17,3,14,元大-南京,2023-12-14,9862
4503,金雨,13,0,13,元大-南京,2023-12-14,9862
3051,力特,28,15,13,元大-南京,2023-12-14,9862
00933B,國泰10Y+金融債,18,5,13,元大-南京,2023-12-14,9862
6205,詮欣,13,0,13,元大-南京,2023-12-14,9862
3006,晶豪科,20,8,12,元大-南京,2023-12-14,9862
5009,榮剛,15,3,12,元大-南京,2023-12-14,9862
2329,華泰,20,8,12,元大-南京,2023-12-14,9862
00632R,元大台灣50反1,89,77,12,元大-南京,2023-12-14,9862
1515,力山,13,1,12,元大-南京,2023-12-14,9862
2606,裕民,12,0,12,元大-南京,2023-12-14,9862
3704,合勤控,13,2,11,元大-南京,2023-12-14,9862
2002,中鋼,426,77,349,元大-南京,2023-12-15,9862
1605,華新,823,482,341,元大-南京,2023-12-15,9862
00919,群益台灣精選高息,277,38,239,元大-南京,2023-12-15,9862
2014,中鴻,307,71,236,元大-南京,2023-12-15,9862
00680L,元大美債20正2,160,0,160,元大-南京,2023-12-15,9862
2363,矽統,240,118,122,元大-南京,2023-12-15,9862
00720B,元大投資級公司債,140,19,121,元大-南京,2023-12-15,9862
2408,南亞科,237,118,119,元大-南京,2023-12-15,9862
00918,大華優利高填息30,118,12,106,元大-南京,2023-12-15,9862
00795B,中信美國公債20年,112,8,104,元大-南京,2023-12-15,9862
00929,復華台灣科技優息,147,82,65,元大-南京,2023-12-15,9862
2892,第一金,61,3,58,元大-南京,2023-12-15,9862
3324,雙鴻,52,0,52,元大-南京,2023-12-15,9862
1529,樂事綠能,67,17,50,元大-南京,2023-12-15,9862
3044,健鼎,56,12,44,元大-南京,2023-12-15,9862
6223,旺矽,43,0,43,元大-南京,2023-12-15,9862
00933B,國泰10Y+金融債,40,0,40,元大-南京,2023-12-15,9862
2505,國揚,40,0,40,元大-南京,2023-12-15,9862
00937B,群益ESG投等債20,71,32,39,元大-南京,2023-12-15,9862
6205,詮欣,34,0,34,元大-南京,2023-12-15,9862
6284,佳邦,43,10,33,元大-南京,2023-12-15,9862
6147,頎邦,33,2,31,元大-南京,2023-12-15,9862
00679B,元大美債20年,85,55,30,元大-南京,2023-12-15,9862
8096,擎亞,51,21,30,元大-南京,2023-12-15,9862
1591,駿吉-KY,30,0,30,元大-南京,2023-12-15,9862
00687B,國泰20年美債,48,19,29,元大-南京,2023-12-15,9862
2476,鉅祥,30,2,28,元大-南京,2023-12-15,9862
2312,金寶,30,3,27,元大-南京,2023-12-15,9862
2412,中華電,22,0,22,元大-南京,2023-12-15,9862
6189,豐藝,27,5,22,元大-南京,2023-12-15,9862
2888,新光金,30,9,21,元大-南京,2023-12-15,9862
00713,元大台灣高息低波,34,13,21,元大-南京,2023-12-15,9862
3715,定穎投控,20,0,20,元大-南京,2023-12-15,9862
5426,振發,32,12,20,元大-南京,2023-12-15,9862
4503,金雨,19,0,19,元大-南京,2023-12-15,9862
6182,合晶,31,12,19,元大-南京,2023-12-15,9862
00751B,元大AAA至A公司債,33,15,18,元大-南京,2023-12-15,9862
2201,裕隆,17,0,17,元大-南京,2023-12-15,9862
2520,冠德,17,0,17,元大-南京,2023-12-15,9862
00877,復華中國5G,16,0,16,元大-南京,2023-12-15,9862
2356,英業達,371,357,14,元大-南京,2023-12-15,9862
00631L,元大台灣50正2,14,0,14,元大-南京,2023-12-15,9862
00904,新光臺灣半導體30,14,0,14,元大-南京,2023-12-15,9862
2331,精英,20,7,13,元大-南京,2023-12-15,9862
3017,奇鋐,17,4,13,元大-南京,2023-12-15,9862
1532,勤美,12,0,12,元大-南京,2023-12-15,9862
2351,順德,16,5,11,元大-南京,2023-12-15,9862
2367,燿華,11,0,11,元大-南京,2023-12-15,9862
00936,台新永續高息中小,11,0,11,元大-南京,2023-12-15,9862
4909,新復興,14,3,11,元大-南京,2023-12-15,9862
00795B,中信美國公債20年,271,1,270,元大-南京,2023-12-18,9862
2014,中鴻,382,119,263,元大-南京,2023-12-18,9862
00929,復華台灣科技優息,415,226,189,元大-南京,2023-12-18,9862
00712,復華富時不動產,108,3,105,元大-南京,2023-12-18,9862
00665L,富邦�琤肭磪囓�2,100,0,100,元大-南京,2023-12-18,9862
00687B,國泰20年美債,108,21,87,元大-南京,2023-12-18,9862
00688L,國泰20年美債正2,89,2,87,元大-南京,2023-12-18,9862
2645,長榮航太,84,5,79,元大-南京,2023-12-18,9862
2356,英業達,149,72,77,元大-南京,2023-12-18,9862
00720B,元大投資級公司債,57,3,54,元大-南京,2023-12-18,9862
4414,如興,50,0,50,元大-南京,2023-12-18,9862
00902,中信電池及儲能,35,0,35,元大-南京,2023-12-18,9862
1529,樂事綠能,41,6,35,元大-南京,2023-12-18,9862
6271,同欣電,64,32,32,元大-南京,2023-12-18,9862
00632R,元大台灣50反1,32,0,32,元大-南京,2023-12-18,9862
2610,華航,34,3,31,元大-南京,2023-12-18,9862
2618,長榮航,120,91,29,元大-南京,2023-12-18,9862
2408,南亞科,30,1,29,元大-南京,2023-12-18,9862
2801,彰銀,25,0,25,元大-南京,2023-12-18,9862
00650L,復華香港正2,25,0,25,元大-南京,2023-12-18,9862
2889,國票金,25,0,25,元大-南京,2023-12-18,9862
5871,中租-KY,24,0,24,元大-南京,2023-12-18,9862
2888,新光金,23,0,23,元大-南京,2023-12-18,9862
00713,元大台灣高息低波,24,2,22,元大-南京,2023-12-18,9862
2882,國泰金,22,0,22,元大-南京,2023-12-18,9862
3231,緯創,30,9,21,元大-南京,2023-12-18,9862
00753L,中信中國50正2,20,0,20,元大-南京,2023-12-18,9862
2312,金寶,90,70,20,元大-南京,2023-12-18,9862
00673R,期元大S＆P原油反1,20,0,20,元大-南京,2023-12-18,9862
6179,亞通,20,0,20,元大-南京,2023-12-18,9862
6275,元山,22,3,19,元大-南京,2023-12-18,9862
2449,京元電子,22,4,18,元大-南京,2023-12-18,9862
00751B,元大AAA至A公司債,18,0,18,元大-南京,2023-12-18,9862
1907,永豐餘,18,0,18,元大-南京,2023-12-18,9862
3105,穩懋,17,0,17,元大-南京,2023-12-18,9862
4167,松瑞藥,24,7,17,元大-南京,2023-12-18,9862
00679B,元大美債20年,92,75,17,元大-南京,2023-12-18,9862
2388,威盛,23,7,16,元大-南京,2023-12-18,9862
2023,燁輝,23,8,15,元大-南京,2023-12-18,9862
00891,中信關鍵半導體,13,0,13,元大-南京,2023-12-18,9862
1722,台肥,16,3,13,元大-南京,2023-12-18,9862
2371,大同,13,0,13,元大-南京,2023-12-18,9862
2337,旺宏,16,5,11,元大-南京,2023-12-18,9862
2006,東和鋼鐵,18,7,11,元大-南京,2023-12-18,9862
2201,裕隆,13,2,11,元大-南京,2023-12-18,9862
2489,瑞軒,11,0,11,元大-南京,2023-12-18,9862
9921,巨大,12,1,11,元大-南京,2023-12-18,9862
3532,台勝科,21,10,11,元大-南京,2023-12-18,9862
6244,茂迪,10,0,10,元大-南京,2023-12-18,9862
4133,亞諾法,10,0,10,元大-南京,2023-12-18,9862
00688L,國泰20年美債正2,500,50,450,元大-南京,2023-12-19,9862
3231,緯創,261,31,230,元大-南京,2023-12-19,9862
00680L,元大美債20正2,346,121,225,元大-南京,2023-12-19,9862
1605,華新,568,437,131,元大-南京,2023-12-19,9862
0056,元大高股息,145,20,125,元大-南京,2023-12-19,9862
00937B,群益ESG投等債20,122,20,102,元大-南京,2023-12-19,9862
2312,金寶,112,13,99,元大-南京,2023-12-19,9862
2356,英業達,121,35,86,元大-南京,2023-12-19,9862
00929,復華台灣科技優息,145,65,80,元大-南京,2023-12-19,9862
3622,洋華,70,0,70,元大-南京,2023-12-19,9862
6140,訊達,126,75,51,元大-南京,2023-12-19,9862
4128,中天,36,0,36,元大-南京,2023-12-19,9862
5609,中菲行,33,1,32,元大-南京,2023-12-19,9862
6603,富強鑫,31,0,31,元大-南京,2023-12-19,9862
00919,群益台灣精選高息,120,90,30,元大-南京,2023-12-19,9862
6205,詮欣,30,0,30,元大-南京,2023-12-19,9862
2344,華邦電,31,1,30,元大-南京,2023-12-19,9862
00679B,元大美債20年,39,10,29,元大-南京,2023-12-19,9862
00687B,國泰20年美債,30,1,29,元大-南京,2023-12-19,9862
2402,毅嘉,28,0,28,元大-南京,2023-12-19,9862
00918,大華優利高填息30,26,1,25,元大-南京,2023-12-19,9862
00751B,元大AAA至A公司債,25,0,25,元大-南京,2023-12-19,9862
1612,宏泰,27,2,25,元大-南京,2023-12-19,9862
00933B,國泰10Y+金融債,24,0,24,元大-南京,2023-12-19,9862
2022,聚亨,32,9,23,元大-南京,2023-12-19,9862
6191,精成科,24,1,23,元大-南京,2023-12-19,9862
9105,泰金寶-DR,21,0,21,元大-南京,2023-12-19,9862
00878,國泰永續高股息,34,13,21,元大-南京,2023-12-19,9862
6147,頎邦,23,3,20,元大-南京,2023-12-19,9862
2615,萬海,32,12,20,元大-南京,2023-12-19,9862
2892,第一金,20,1,19,元大-南京,2023-12-19,9862
2409,友達,21,3,18,元大-南京,2023-12-19,9862
6805,富世達,17,0,17,元大-南京,2023-12-19,9862
00795B,中信美國公債20年,18,1,17,元大-南京,2023-12-19,9862
3041,揚智,28,11,17,元大-南京,2023-12-19,9862
2882,國泰金,17,1,16,元大-南京,2023-12-19,9862
2324,仁寶,20,5,15,元大-南京,2023-12-19,9862
2645,長榮航太,15,0,15,元大-南京,2023-12-19,9862
8112,至上,18,3,15,元大-南京,2023-12-19,9862
3105,穩懋,14,0,14,元大-南京,2023-12-19,9862
4502,健信,15,1,14,元大-南京,2023-12-19,9862
2419,仲琦,19,5,14,元大-南京,2023-12-19,9862
3437,榮創,13,0,13,元大-南京,2023-12-19,9862
1529,樂事綠能,18,5,13,元大-南京,2023-12-19,9862
00923,群益台ESG低碳50,13,0,13,元大-南京,2023-12-19,9862
2023,燁輝,16,4,12,元大-南京,2023-12-19,9862
6116,彩晶,20,8,12,元大-南京,2023-12-19,9862
9940,信義,12,0,12,元大-南京,2023-12-19,9862
00935,野村臺灣新科技50,20,9,11,元大-南京,2023-12-19,9862
6789,采鈺,12,1,11,元大-南京,2023-12-19,9862
2903,遠百,366,1,365,元大-南京,2023-12-20,9862
00687B,國泰20年美債,224,6,218,元大-南京,2023-12-20,9862
00878,國泰永續高股息,119,18,101,元大-南京,2023-12-20,9862
2382,廣達,114,51,63,元大-南京,2023-12-20,9862
2892,第一金,60,0,60,元大-南京,2023-12-20,9862
00632R,元大台灣50反1,63,4,59,元大-南京,2023-12-20,9862
6187,萬潤,60,1,59,元大-南京,2023-12-20,9862
4128,中天,57,1,56,元大-南京,2023-12-20,9862
2881,富邦金,53,0,53,元大-南京,2023-12-20,9862
00919,群益台灣精選高息,224,172,52,元大-南京,2023-12-20,9862
8096,擎亞,40,0,40,元大-南京,2023-12-20,9862
2443,昶虹,38,0,38,元大-南京,2023-12-20,9862
2376,技嘉,39,6,33,元大-南京,2023-12-20,9862
2882,國泰金,38,5,33,元大-南京,2023-12-20,9862
2365,昆盈,38,6,32,元大-南京,2023-12-20,9862
2355,敬鵬,30,2,28,元大-南京,2023-12-20,9862
2753,八方雲集,28,0,28,元大-南京,2023-12-20,9862
2427,三商電,29,2,27,元大-南京,2023-12-20,9862
6205,詮欣,27,0,27,元大-南京,2023-12-20,9862
00929,復華台灣科技優息,25,0,25,元大-南京,2023-12-20,9862
2645,長榮航太,30,7,23,元大-南京,2023-12-20,9862
2888,新光金,22,0,22,元大-南京,2023-12-20,9862
00882,中信中國高股息,20,0,20,元大-南京,2023-12-20,9862
3211,順達,20,0,20,元大-南京,2023-12-20,9862
00937B,群益ESG投等債20,45,25,20,元大-南京,2023-12-20,9862
00896,中信綠能及電動車,20,0,20,元大-南京,2023-12-20,9862
2505,國揚,18,0,18,元大-南京,2023-12-20,9862
00877,復華中國5G,18,0,18,元大-南京,2023-12-20,9862
5609,中菲行,17,0,17,元大-南京,2023-12-20,9862
00934,中信成長高股息,16,0,16,元大-南京,2023-12-20,9862
00936,台新永續高息中小,16,0,16,元大-南京,2023-12-20,9862
9958,世紀鋼,16,0,16,元大-南京,2023-12-20,9862
2031,新光鋼,16,1,15,元大-南京,2023-12-20,9862
3005,神基,15,1,14,元大-南京,2023-12-20,9862
2801,彰銀,14,0,14,元大-南京,2023-12-20,9862
2303,聯電,17,3,14,元大-南京,2023-12-20,9862
3532,台勝科,27,14,13,元大-南京,2023-12-20,9862
2504,國產,15,2,13,元大-南京,2023-12-20,9862
5351,鈺創,12,0,12,元大-南京,2023-12-20,9862
2618,長榮航,13,2,11,元大-南京,2023-12-20,9862
00751B,元大AAA至A公司債,11,0,11,元大-南京,2023-12-20,9862
2383,台光電,12,1,11,元大-南京,2023-12-20,9862
1618,合機,11,0,11,元大-南京,2023-12-20,9862
5521,工信,11,1,10,元大-南京,2023-12-20,9862
3260,威剛,11,1,10,元大-南京,2023-12-20,9862
00915,凱基優選高股息30,10,0,10,元大-南京,2023-12-20,9862
1733,五鼎,10,0,10,元大-南京,2023-12-20,9862
3710,連展投控,10,0,10,元大-南京,2023-12-20,9862
00653L,富邦印度正2,10,0,10,元大-南京,2023-12-20,9862
00932,兆豐永續高息等權,10,0,10,元大-南京,2023-12-20,9862
2023,燁輝,562,80,482,元大-南京,2023-12-21,9862
00664R,國泰臺灣加權反1,250,0,250,元大-南京,2023-12-21,9862
9105,泰金寶-DR,214,9,205,元大-南京,2023-12-21,9862
2014,中鴻,207,4,203,元大-南京,2023-12-21,9862
2331,精英,243,99,144,元大-南京,2023-12-21,9862
00929,復華台灣科技優息,144,3,141,元大-南京,2023-12-21,9862
00919,群益台灣精選高息,120,2,118,元大-南京,2023-12-21,9862
2371,大同,125,9,116,元大-南京,2023-12-21,9862
2301,光寶科,108,1,107,元大-南京,2023-12-21,9862
2409,友達,102,9,93,元大-南京,2023-12-21,9862
1591,駿吉-KY,90,10,80,元大-南京,2023-12-21,9862
2324,仁寶,206,129,77,元大-南京,2023-12-21,9862
2312,金寶,85,10,75,元大-南京,2023-12-21,9862
0056,元大高股息,81,7,74,元大-南京,2023-12-21,9862
00937B,群益ESG投等債20,76,3,73,元大-南京,2023-12-21,9862
8110,華東,64,0,64,元大-南京,2023-12-21,9862
00687B,國泰20年美債,58,7,51,元大-南京,2023-12-21,9862
00632R,元大台灣50反1,51,0,51,元大-南京,2023-12-21,9862
2206,三陽工業,50,0,50,元大-南京,2023-12-21,9862
2505,國揚,62,15,47,元大-南京,2023-12-21,9862
2201,裕隆,54,15,39,元大-南京,2023-12-21,9862
6140,訊達,60,22,38,元大-南京,2023-12-21,9862
2382,廣達,88,50,38,元大-南京,2023-12-21,9862
2365,昆盈,34,1,33,元大-南京,2023-12-21,9862
2330,台積電,35,3,32,元大-南京,2023-12-21,9862
5515,建國,29,0,29,元大-南京,2023-12-21,9862
00795B,中信美國公債20年,60,32,28,元大-南京,2023-12-21,9862
1303,南亞,30,4,26,元大-南京,2023-12-21,9862
00665L,富邦�琤肭磪囓�2,25,0,25,元大-南京,2023-12-21,9862
2885,元大金,23,0,23,元大-南京,2023-12-21,9862
2303,聯電,45,24,21,元大-南京,2023-12-21,9862
2313,華通,37,16,21,元大-南京,2023-12-21,9862
00688L,國泰20年美債正2,20,0,20,元大-南京,2023-12-21,9862
8477,創業家,20,0,20,元大-南京,2023-12-21,9862
00715L,期街口布蘭特正2,21,1,20,元大-南京,2023-12-21,9862
6244,茂迪,20,0,20,元大-南京,2023-12-21,9862
8403,盛弘,20,0,20,元大-南京,2023-12-21,9862
2323,中環,19,0,19,元大-南京,2023-12-21,9862
00877,復華中國5G,16,0,16,元大-南京,2023-12-21,9862
5425,台半,22,6,16,元大-南京,2023-12-21,9862
6179,亞通,16,1,15,元大-南京,2023-12-21,9862
2606,裕民,25,11,14,元大-南京,2023-12-21,9862
1722,台肥,14,1,13,元大-南京,2023-12-21,9862
6770,力積電,13,0,13,元大-南京,2023-12-21,9862
2610,華航,13,1,12,元大-南京,2023-12-21,9862
2923,鼎固-KY,12,0,12,元大-南京,2023-12-21,9862
6534,正瀚-創,14,2,12,元大-南京,2023-12-21,9862
9958,世紀鋼,11,0,11,元大-南京,2023-12-21,9862
4915,致伸,11,0,11,元大-南京,2023-12-21,9862
2834,臺企銀,11,0,11,元大-南京,2023-12-21,9862
00680L,元大美債20正2,300,33,267,元大-南京,2023-12-22,9862
2023,燁輝,106,0,106,元大-南京,2023-12-22,9862
00688L,國泰20年美債正2,102,1,101,元大-南京,2023-12-22,9862
3706,神達,101,0,101,元大-南京,2023-12-22,9862
00919,群益台灣精選高息,97,2,95,元大-南京,2023-12-22,9862
6140,訊達,92,5,87,元大-南京,2023-12-22,9862
2201,裕隆,123,40,83,元大-南京,2023-12-22,9862
3346,麗清,98,30,68,元大-南京,2023-12-22,9862
6205,詮欣,56,0,56,元大-南京,2023-12-22,9862
3231,緯創,63,9,54,元大-南京,2023-12-22,9862
00751B,元大AAA至A公司債,58,7,51,元大-南京,2023-12-22,9862
4960,誠美材,50,0,50,元大-南京,2023-12-22,9862
2344,華邦電,146,99,47,元大-南京,2023-12-22,9862
00929,復華台灣科技優息,54,8,46,元大-南京,2023-12-22,9862
1605,華新,43,3,40,元大-南京,2023-12-22,9862
9105,泰金寶-DR,45,9,36,元大-南京,2023-12-22,9862
2382,廣達,62,27,35,元大-南京,2023-12-22,9862
9910,豐泰,31,0,31,元大-南京,2023-12-22,9862
00877,復華中國5G,30,0,30,元大-南京,2023-12-22,9862
4979,華星光,33,5,28,元大-南京,2023-12-22,9862
00670L,富邦NASDAQ正2,25,0,25,元大-南京,2023-12-22,9862
6153,嘉聯益,25,0,25,元大-南京,2023-12-22,9862
1609,大亞,24,0,24,元大-南京,2023-12-22,9862
2476,鉅祥,22,1,21,元大-南京,2023-12-22,9862
2884,玉山金,21,0,21,元大-南京,2023-12-22,9862
5478,智冠,21,0,21,元大-南京,2023-12-22,9862
2355,敬鵬,21,0,21,元大-南京,2023-12-22,9862
2359,所羅門,20,0,20,元大-南京,2023-12-22,9862
2105,正新,24,4,20,元大-南京,2023-12-22,9862
2323,中環,20,0,20,元大-南京,2023-12-22,9862
6461,益得,20,0,20,元大-南京,2023-12-22,9862
2337,旺宏,20,0,20,元大-南京,2023-12-22,9862
2882,國泰金,20,1,19,元大-南京,2023-12-22,9862
6138,茂達,23,4,19,元大-南京,2023-12-22,9862
00882,中信中國高股息,30,12,18,元大-南京,2023-12-22,9862
0056,元大高股息,24,7,17,元大-南京,2023-12-22,9862
3051,力特,27,10,17,元大-南京,2023-12-22,9862
2313,華通,29,13,16,元大-南京,2023-12-22,9862
2606,裕民,16,1,15,元大-南京,2023-12-22,9862
5351,鈺創,16,1,15,元大-南京,2023-12-22,9862
2030,彰源,15,0,15,元大-南京,2023-12-22,9862
2605,新興,18,3,15,元大-南京,2023-12-22,9862
8210,勤誠,24,11,13,元大-南京,2023-12-22,9862
1603,華電,12,0,12,元大-南京,2023-12-22,9862
9941,裕融,11,0,11,元大-南京,2023-12-22,9862
8996,高力,16,5,11,元大-南京,2023-12-22,9862
4967,十銓,16,5,11,元大-南京,2023-12-22,9862
1584,精剛,17,6,11,元大-南京,2023-12-22,9862
1815,富喬,11,0,11,元大-南京,2023-12-22,9862
6451,訊芯-KY,11,0,11,元大-南京,2023-12-22,9862
2355,敬鵬,301,1,300,元大-南京,2023-12-25,9862
6140,訊達,282,0,282,元大-南京,2023-12-25,9862
2515,中工,221,6,215,元大-南京,2023-12-25,9862
00715L,期街口布蘭特正2,171,3,168,元大-南京,2023-12-25,9862
00919,群益台灣精選高息,158,0,158,元大-南京,2023-12-25,9862
2609,陽明,322,175,147,元大-南京,2023-12-25,9862
2330,台積電,150,20,130,元大-南京,2023-12-25,9862
6205,詮欣,120,0,120,元大-南京,2023-12-25,9862
2887E,台新戊特,70,0,70,元大-南京,2023-12-25,9862
6244,茂迪,65,2,63,元大-南京,2023-12-25,9862
1305,華夏,62,0,62,元大-南京,2023-12-25,9862
6116,彩晶,60,0,60,元大-南京,2023-12-25,9862
2038,海光,73,15,58,元大-南京,2023-12-25,9862
6248,沛波,42,0,42,元大-南京,2023-12-25,9862
00937B,群益ESG投等債20,39,0,39,元大-南京,2023-12-25,9862
00680L,元大美債20正2,74,41,33,元大-南京,2023-12-25,9862
00936,台新永續高息中小,31,0,31,元大-南京,2023-12-25,9862
3005,神基,33,2,31,元大-南京,2023-12-25,9862
1314,中石化,30,0,30,元大-南京,2023-12-25,9862
6578,達邦蛋白,28,0,28,元大-南京,2023-12-25,9862
4973,廣穎,34,6,28,元大-南京,2023-12-25,9862
8088,品安,33,8,25,元大-南京,2023-12-25,9862
6546,正基,24,1,23,元大-南京,2023-12-25,9862
1752,南光,22,0,22,元大-南京,2023-12-25,9862
1210,大成,22,0,22,元大-南京,2023-12-25,9862
9941A,裕融甲特,20,0,20,元大-南京,2023-12-25,9862
2610,華航,59,40,19,元大-南京,2023-12-25,9862
00933B,國泰10Y+金融債,18,0,18,元大-南京,2023-12-25,9862
3704,合勤控,19,1,18,元大-南京,2023-12-25,9862
2362,藍天,24,6,18,元大-南京,2023-12-25,9862
2476,鉅祥,19,2,17,元大-南京,2023-12-25,9862
1442,名軒,17,0,17,元大-南京,2023-12-25,9862
6683,雍智科技,17,0,17,元大-南京,2023-12-25,9862
1532,勤美,21,5,16,元大-南京,2023-12-25,9862
00665L,富邦�琤肭磪囓�2,15,0,15,元大-南京,2023-12-25,9862
2324,仁寶,154,139,15,元大-南京,2023-12-25,9862
2017,官田鋼,15,0,15,元大-南京,2023-12-25,9862
6270,倍微,15,0,15,元大-南京,2023-12-25,9862
4133,亞諾法,15,0,15,元大-南京,2023-12-25,9862
3701,大眾控,15,0,15,元大-南京,2023-12-25,9862
2031,新光鋼,13,0,13,元大-南京,2023-12-25,9862
1514,亞力,20,7,13,元大-南京,2023-12-25,9862
3006,晶豪科,15,2,13,元大-南京,2023-12-25,9862
2603,長榮,42,30,12,元大-南京,2023-12-25,9862
9941,裕融,13,1,12,元大-南京,2023-12-25,9862
00931B,統一美債20年,12,0,12,元大-南京,2023-12-25,9862
2425,承啟,12,0,12,元大-南京,2023-12-25,9862
8089,康全電訊,13,1,12,元大-南京,2023-12-25,9862
00688L,國泰20年美債正2,12,0,12,元大-南京,2023-12-25,9862
2317,鴻海,12,0,12,元大-南京,2023-12-25,9862
8936,國統,389,42,347,元大-南京,2023-12-26,9862
00687B,國泰20年美債,103,6,97,元大-南京,2023-12-26,9862
00632R,元大台灣50反1,75,5,70,元大-南京,2023-12-26,9862
6461,益得,65,0,65,元大-南京,2023-12-26,9862
00680L,元大美債20正2,63,2,61,元大-南京,2023-12-26,9862
3035,智原,65,8,57,元大-南京,2023-12-26,9862
2476,鉅祥,57,6,51,元大-南京,2023-12-26,9862
00878,國泰永續高股息,114,72,42,元大-南京,2023-12-26,9862
3653,健策,41,0,41,元大-南京,2023-12-26,9862
00919,群益台灣精選高息,49,16,33,元大-南京,2023-12-26,9862
8114,振樺電,30,0,30,元大-南京,2023-12-26,9862
8443,阿瘦,30,0,30,元大-南京,2023-12-26,9862
5905,南仁湖,30,0,30,元大-南京,2023-12-26,9862
3264,欣銓,43,16,27,元大-南京,2023-12-26,9862
6270,倍微,25,1,24,元大-南京,2023-12-26,9862
00929,復華台灣科技優息,34,11,23,元大-南京,2023-12-26,9862
00662,富邦NASDAQ,21,0,21,元大-南京,2023-12-26,9862
6462,神盾,21,1,20,元大-南京,2023-12-26,9862
00892,富邦台灣半導體,20,0,20,元大-南京,2023-12-26,9862
2356,英業達,70,50,20,元大-南京,2023-12-26,9862
2106,建大,17,0,17,元大-南京,2023-12-26,9862
2038,海光,16,0,16,元大-南京,2023-12-26,9862
2201,裕隆,16,0,16,元大-南京,2023-12-26,9862
2101,南港,15,1,14,元大-南京,2023-12-26,9862
00882,中信中國高股息,13,0,13,元大-南京,2023-12-26,9862
4128,中天,14,2,12,元大-南京,2023-12-26,9862
3548,兆利,16,4,12,元大-南京,2023-12-26,9862
4915,致伸,12,0,12,元大-南京,2023-12-26,9862
6117,迎廣,41,29,12,元大-南京,2023-12-26,9862
6285,啟��,12,1,11,元大-南京,2023-12-26,9862
2442,新美齊,11,0,11,元大-南京,2023-12-26,9862
00679B,元大美債20年,11,0,11,元大-南京,2023-12-26,9862
00935,野村臺灣新科技50,10,0,10,元大-南京,2023-12-26,9862
00877,復華中國5G,10,0,10,元大-南京,2023-12-26,9862
6213,聯茂,10,0,10,元大-南京,2023-12-26,9862
8112,至上,10,0,10,元大-南京,2023-12-26,9862
6534,正瀚-創,10,0,10,元大-南京,2023-12-26,9862
3545,敦泰,10,0,10,元大-南京,2023-12-26,9862
2377,微星,26,16,10,元大-南京,2023-12-26,9862
2801,彰銀,16,6,10,元大-南京,2023-12-26,9862
2484,希華,9,0,9,元大-南京,2023-12-26,9862
1513,中興電,11,3,8,元大-南京,2023-12-26,9862
2354,鴻準,11,2,9,元大-南京,2023-12-26,9862
2382,廣達,10,2,8,元大-南京,2023-12-26,9862
3231,緯創,29,22,7,元大-南京,2023-12-26,9862
2455,全新,7,0,7,元大-南京,2023-12-26,9862
6799,來頡,10,4,6,元大-南京,2023-12-26,9862
6683,雍智科技,6,0,6,元大-南京,2023-12-26,9862
8444,綠河-KY,8,2,6,元大-南京,2023-12-26,9862
020038,元大ESG配息N,6,0,6,元大-南京,2023-12-26,9862
2801,彰銀,349,0,349,元大-南京,2023-12-27,9862
00937B,群益ESG投等債20,299,0,299,元大-南京,2023-12-27,9862
5478,智冠,202,4,198,元大-南京,2023-12-27,9862
3024,憶聲,149,2,147,元大-南京,2023-12-27,9862
00632R,元大台灣50反1,153,50,103,元大-南京,2023-12-27,9862
3049,精金,101,6,95,元大-南京,2023-12-27,9862
00680L,元大美債20正2,80,1,79,元大-南京,2023-12-27,9862
6140,訊達,75,0,75,元大-南京,2023-12-27,9862
00688L,國泰20年美債正2,84,20,64,元大-南京,2023-12-27,9862
2101,南港,57,1,56,元大-南京,2023-12-27,9862
2369,菱生,59,7,52,元大-南京,2023-12-27,9862
5609,中菲行,50,0,50,元大-南京,2023-12-27,9862
00919,群益台灣精選高息,53,7,46,元大-南京,2023-12-27,9862
2476,鉅祥,48,3,45,元大-南京,2023-12-27,9862
5351,鈺創,43,4,39,元大-南京,2023-12-27,9862
6191,精成科,31,1,30,元大-南京,2023-12-27,9862
2897,王道銀行,30,0,30,元大-南京,2023-12-27,9862
00882,中信中國高股息,30,2,28,元大-南京,2023-12-27,9862
2405,輔信,68,41,27,元大-南京,2023-12-27,9862
3078,僑威,27,0,27,元大-南京,2023-12-27,9862
6116,彩晶,25,0,25,元大-南京,2023-12-27,9862
6233,旺玖,29,5,24,元大-南京,2023-12-27,9862
2505,國揚,24,1,23,元大-南京,2023-12-27,9862
8069,元太,31,9,22,元大-南京,2023-12-27,9862
3017,奇鋐,33,11,22,元大-南京,2023-12-27,9862
3532,台勝科,22,1,21,元大-南京,2023-12-27,9862
6248,沛波,21,0,21,元大-南京,2023-12-27,9862
8081,致新,20,0,20,元大-南京,2023-12-27,9862
6205,詮欣,20,0,20,元大-南京,2023-12-27,9862
2038,海光,21,1,20,元大-南京,2023-12-27,9862
1560,中砂,22,3,19,元大-南京,2023-12-27,9862
2882,國泰金,21,2,19,元大-南京,2023-12-27,9862
2520,冠德,23,4,19,元大-南京,2023-12-27,9862
00878,國泰永續高股息,61,43,18,元大-南京,2023-12-27,9862
6189,豐藝,23,5,18,元大-南京,2023-12-27,9862
3653,健策,19,1,18,元大-南京,2023-12-27,9862
2890,永豐金,20,3,17,元大-南京,2023-12-27,9862
2301,光寶科,21,4,17,元大-南京,2023-12-27,9862
4908,前鼎,16,0,16,元大-南京,2023-12-27,9862
8112,至上,14,0,14,元大-南京,2023-12-27,9862
5439,高技,14,1,13,元大-南京,2023-12-27,9862
6546,正基,13,0,13,元大-南京,2023-12-27,9862
6679,鈺太,13,0,13,元大-南京,2023-12-27,9862
2618,長榮航,32,20,12,元大-南京,2023-12-27,9862
2421,建準,114,102,12,元大-南京,2023-12-27,9862
6182,合晶,11,0,11,元大-南京,2023-12-27,9862
5347,世界,13,3,10,元大-南京,2023-12-27,9862
3231,緯創,26,16,10,元大-南京,2023-12-27,9862
5210,寶碩,11,1,10,元大-南京,2023-12-27,9862
6180,橘子,10,0,10,元大-南京,2023-12-27,9862
00937B,群益ESG投等債20,211,0,211,元大-南京,2023-12-28,9862
2492,華新科,189,2,187,元大-南京,2023-12-28,9862
3211,順達,121,0,121,元大-南京,2023-12-28,9862
2303,聯電,183,88,95,元大-南京,2023-12-28,9862
00919,群益台灣精選高息,125,32,93,元大-南京,2023-12-28,9862
6270,倍微,73,0,73,元大-南京,2023-12-28,9862
00882,中信中國高股息,70,11,59,元大-南京,2023-12-28,9862
3024,憶聲,57,0,57,元大-南京,2023-12-28,9862
2368,金像電,57,5,52,元大-南京,2023-12-28,9862
2038,海光,52,0,52,元大-南京,2023-12-28,9862
2607,榮運,47,0,47,元大-南京,2023-12-28,9862
2106,建大,43,0,43,元大-南京,2023-12-28,9862
3231,緯創,72,29,43,元大-南京,2023-12-28,9862
2891,中信金,53,13,40,元大-南京,2023-12-28,9862
2344,華邦電,136,96,40,元大-南京,2023-12-28,9862
8081,致新,36,2,34,元大-南京,2023-12-28,9862
2408,南亞科,41,8,33,元大-南京,2023-12-28,9862
6189,豐藝,40,9,31,元大-南京,2023-12-28,9862
00900,富邦特選高股息30,30,0,30,元大-南京,2023-12-28,9862
3325,旭品,30,1,29,元大-南京,2023-12-28,9862
5351,鈺創,43,19,24,元大-南京,2023-12-28,9862
6205,詮欣,25,2,23,元大-南京,2023-12-28,9862
00720B,元大投資級公司債,29,6,23,元大-南京,2023-12-28,9862
00679B,元大美債20年,69,47,22,元大-南京,2023-12-28,9862
2603,長榮,27,7,20,元大-南京,2023-12-28,9862
8163,達方,20,0,20,元大-南京,2023-12-28,9862
1805,寶徠,20,0,20,元大-南京,2023-12-28,9862
8096,擎亞,251,232,19,元大-南京,2023-12-28,9862
6233,旺玖,20,2,18,元大-南京,2023-12-28,9862
00929,復華台灣科技優息,23,6,17,元大-南京,2023-12-28,9862
6719,力智,30,13,17,元大-南京,2023-12-28,9862
00753L,中信中國50正2,15,0,15,元大-南京,2023-12-28,9862
2881A,富邦特,15,0,15,元大-南京,2023-12-28,9862
1514,亞力,40,25,15,元大-南京,2023-12-28,9862
00934,中信成長高股息,14,0,14,元大-南京,2023-12-28,9862
6203,海韻電,15,2,13,元大-南京,2023-12-28,9862
00751B,元大AAA至A公司債,13,0,13,元大-南京,2023-12-28,9862
3481,群創,24,11,13,元大-南京,2023-12-28,9862
3338,泰碩,34,21,13,元大-南京,2023-12-28,9862
2331,精英,13,0,13,元大-南京,2023-12-28,9862
1513,中興電,16,4,12,元大-南京,2023-12-28,9862
6415,矽力*-KY,14,2,12,元大-南京,2023-12-28,9862
2897,王道銀行,12,0,12,元大-南京,2023-12-28,9862
2889,國票金,12,0,12,元大-南京,2023-12-28,9862
1618,合機,17,5,12,元大-南京,2023-12-28,9862
3515,華擎,12,0,12,元大-南京,2023-12-28,9862
3622,洋華,13,2,11,元大-南京,2023-12-28,9862
2363,矽統,19,8,11,元大-南京,2023-12-28,9862
3545,敦泰,16,5,11,元大-南京,2023-12-28,9862
00676R,富邦臺灣加權反1,11,0,11,元大-南京,2023-12-28,9862
00680L,元大美債20正2,716,0,716,元大-南京,2023-12-29,9862
00688L,國泰20年美債正2,510,0,510,元大-南京,2023-12-29,9862
2486,一詮,171,17,154,元大-南京,2023-12-29,9862
8039,台虹,141,16,125,元大-南京,2023-12-29,9862
2337,旺宏,122,1,121,元大-南京,2023-12-29,9862
2382,廣達,124,35,89,元大-南京,2023-12-29,9862
00937B,群益ESG投等債20,68,3,65,元大-南京,2023-12-29,9862
00633L,富邦上証正2,57,2,55,元大-南京,2023-12-29,9862
4906,正文,50,0,50,元大-南京,2023-12-29,9862
2891,中信金,51,1,50,元大-南京,2023-12-29,9862
2312,金寶,54,5,49,元大-南京,2023-12-29,9862
1305,華夏,47,0,47,元大-南京,2023-12-29,9862
1615,大山,45,0,45,元大-南京,2023-12-29,9862
00919,群益台灣精選高息,52,11,41,元大-南京,2023-12-29,9862
1504,東元,43,6,37,元大-南京,2023-12-29,9862
1308,亞聚,34,0,34,元大-南京,2023-12-29,9862
00923,群益台ESG低碳50,32,0,32,元大-南京,2023-12-29,9862
00882,中信中國高股息,31,0,31,元大-南京,2023-12-29,9862
5521,工信,103,73,30,元大-南京,2023-12-29,9862
00753L,中信中國50正2,25,0,25,元大-南京,2023-12-29,9862
2353,宏��,95,70,25,元大-南京,2023-12-29,9862
3706,神達,29,5,24,元大-南京,2023-12-29,9862
2739,寒舍,29,6,23,元大-南京,2023-12-29,9862
00878,國泰永續高股息,34,12,22,元大-南京,2023-12-29,9862
2889,國票金,23,1,22,元大-南京,2023-12-29,9862
00934,中信成長高股息,22,0,22,元大-南京,2023-12-29,9862
2736,富野,25,4,21,元大-南京,2023-12-29,9862
006205,富邦上証,21,0,21,元大-南京,2023-12-29,9862
5609,中菲行,20,0,20,元大-南京,2023-12-29,9862
2801,彰銀,20,0,20,元大-南京,2023-12-29,9862
2355,敬鵬,25,5,20,元大-南京,2023-12-29,9862
3548,兆利,39,19,20,元大-南京,2023-12-29,9862
00752,中信中國50,19,0,19,元大-南京,2023-12-29,9862
2101,南港,21,2,19,元大-南京,2023-12-29,9862
00676R,富邦臺灣加權反1,19,0,19,元大-南京,2023-12-29,9862
00697B,元大美債7-10,19,0,19,元大-南京,2023-12-29,9862
8068,全達,20,1,19,元大-南京,2023-12-29,9862
00720B,元大投資級公司債,23,5,18,元大-南京,2023-12-29,9862
9950,萬國通,18,0,18,元大-南京,2023-12-29,9862
3006,晶豪科,51,33,18,元大-南京,2023-12-29,9862
00929,復華台灣科技優息,20,3,17,元大-南京,2023-12-29,9862
2881A,富邦特,16,0,16,元大-南京,2023-12-29,9862
3044,健鼎,18,2,16,元大-南京,2023-12-29,9862
1432,大魯閣,17,1,16,元大-南京,2023-12-29,9862
1519,華城,25,11,14,元大-南京,2023-12-29,9862
00936,台新永續高息中小,20,6,14,元大-南京,2023-12-29,9862
00679B,元大美債20年,19,6,13,元大-南京,2023-12-29,9862
6248,沛波,13,0,13,元大-南京,2023-12-29,9862
2303,聯電,80,68,12,元大-南京,2023-12-29,9862
2106,建大,12,0,12,元大-南京,2023-12-29,9862
00680L,元大美債20正2,1031,0,1031,元大-南京,2024-01-02,9862
00688L,國泰20年美債正2,850,1,849,元大-南京,2024-01-02,9862
8089,康全電訊,203,3,200,元大-南京,2024-01-02,9862
00937B,群益ESG投等債20,163,16,147,元大-南京,2024-01-02,9862
00929,復華台灣科技優息,126,0,126,元大-南京,2024-01-02,9862
2014,中鴻,125,0,125,元大-南京,2024-01-02,9862
3231,緯創,127,28,99,元大-南京,2024-01-02,9862
2609,陽明,214,120,94,元大-南京,2024-01-02,9862
3481,群創,100,27,73,元大-南京,2024-01-02,9862
1314,中石化,60,0,60,元大-南京,2024-01-02,9862
3211,順達,60,0,60,元大-南京,2024-01-02,9862
2303,聯電,62,8,54,元大-南京,2024-01-02,9862
2356,英業達,69,27,42,元大-南京,2024-01-02,9862
00650L,復華香港正2,40,0,40,元大-南京,2024-01-02,9862
00679B,元大美債20年,54,17,37,元大-南京,2024-01-02,9862
2486,一詮,81,45,36,元大-南京,2024-01-02,9862
2615,萬海,67,32,35,元大-南京,2024-01-02,9862
00751B,元大AAA至A公司債,43,9,34,元大-南京,2024-01-02,9862
6271,同欣電,30,0,30,元大-南京,2024-01-02,9862
3712,永崴投控,30,0,30,元大-南京,2024-01-02,9862
2103,台橡,30,0,30,元大-南京,2024-01-02,9862
2520,冠德,32,4,28,元大-南京,2024-01-02,9862
1605,華新,27,0,27,元大-南京,2024-01-02,9862
6116,彩晶,25,0,25,元大-南京,2024-01-02,9862
00687B,國泰20年美債,25,1,24,元大-南京,2024-01-02,9862
00720B,元大投資級公司債,23,0,23,元大-南京,2024-01-02,9862
00637L,元大滬深300正2,23,0,23,元大-南京,2024-01-02,9862
00923,群益台ESG低碳50,23,0,23,元大-南京,2024-01-02,9862
00715L,期街口布蘭特正2,21,0,21,元大-南京,2024-01-02,9862
2408,南亞科,22,1,21,元大-南京,2024-01-02,9862
2337,旺宏,20,0,20,元大-南京,2024-01-02,9862
00695B,富邦美債7-10,20,0,20,元大-南京,2024-01-02,9862
6153,嘉聯益,20,0,20,元大-南京,2024-01-02,9862
8477,創業家,20,0,20,元大-南京,2024-01-02,9862
2454,聯發科,23,4,19,元大-南京,2024-01-02,9862
5425,台半,18,1,17,元大-南京,2024-01-02,9862
2409,友達,18,2,16,元大-南京,2024-01-02,9862
2357,華碩,16,1,15,元大-南京,2024-01-02,9862
1515,力山,15,0,15,元大-南京,2024-01-02,9862
8210,勤誠,25,10,15,元大-南京,2024-01-02,9862
2353,宏��,43,29,14,元大-南京,2024-01-02,9862
2607,榮運,14,0,14,元大-南京,2024-01-02,9862
2382,廣達,58,45,13,元大-南京,2024-01-02,9862
00882,中信中國高股息,13,0,13,元大-南京,2024-01-02,9862
4915,致伸,15,2,13,元大-南京,2024-01-02,9862
9934,成霖,14,1,13,元大-南京,2024-01-02,9862
8926,台汽電,13,0,13,元大-南京,2024-01-02,9862
2605,新興,23,10,13,元大-南京,2024-01-02,9862
1532,勤美,27,16,11,元大-南京,2024-01-02,9862
5388,中磊,13,2,11,元大-南京,2024-01-02,9862
00688L,國泰20年美債正2,252,2,250,元大-南京,2024-01-03,9862
00937B,群益ESG投等債20,197,6,191,元大-南京,2024-01-03,9862
6180,橘子,134,2,132,元大-南京,2024-01-03,9862
0056,元大高股息,146,16,130,元大-南京,2024-01-03,9862
00751B,元大AAA至A公司債,84,0,84,元大-南京,2024-01-03,9862
2885,元大金,85,3,82,元大-南京,2024-01-03,9862
8089,康全電訊,81,1,80,元大-南京,2024-01-03,9862
4906,正文,53,0,53,元大-南京,2024-01-03,9862
00919,群益台灣精選高息,87,38,49,元大-南京,2024-01-03,9862
00929,復華台灣科技優息,132,88,44,元大-南京,2024-01-03,9862
2303,聯電,46,3,43,元大-南京,2024-01-03,9862
2324,仁寶,65,23,42,元大-南京,2024-01-03,9862
00680L,元大美債20正2,52,10,42,元大-南京,2024-01-03,9862
2353,宏��,59,21,38,元大-南京,2024-01-03,9862
2610,華航,56,18,38,元大-南京,2024-01-03,9862
6244,茂迪,40,2,38,元大-南京,2024-01-03,9862
00679B,元大美債20年,39,2,37,元大-南京,2024-01-03,9862
00715L,期街口布蘭特正2,39,3,36,元大-南京,2024-01-03,9862
6205,詮欣,46,10,36,元大-南京,2024-01-03,9862
2609,陽明,166,130,36,元大-南京,2024-01-03,9862
2801,彰銀,33,0,33,元大-南京,2024-01-03,9862
2476,鉅祥,35,2,33,元大-南京,2024-01-03,9862
00687B,國泰20年美債,30,0,30,元大-南京,2024-01-03,9862
2845,遠東銀,30,2,28,元大-南京,2024-01-03,9862
3231,緯創,46,20,26,元大-南京,2024-01-03,9862
2356,英業達,46,21,25,元大-南京,2024-01-03,9862
2362,藍天,102,77,25,元大-南京,2024-01-03,9862
3653,健策,25,0,25,元大-南京,2024-01-03,9862
00878,國泰永續高股息,35,10,25,元大-南京,2024-01-03,9862
0050,元大台灣50,28,7,21,元大-南京,2024-01-03,9862
00918,大華優利高填息30,26,5,21,元大-南京,2024-01-03,9862
2605,新興,35,14,21,元大-南京,2024-01-03,9862
6153,嘉聯益,21,0,21,元大-南京,2024-01-03,9862
1781,合世,20,0,20,元大-南京,2024-01-03,9862
2615,萬海,27,7,20,元大-南京,2024-01-03,9862
6246,臺龍,20,0,20,元大-南京,2024-01-03,9862
00935,野村臺灣新科技50,19,0,19,元大-南京,2024-01-03,9862
3105,穩懋,19,1,18,元大-南京,2024-01-03,9862
4939,亞電,18,0,18,元大-南京,2024-01-03,9862
00720B,元大投資級公司債,29,11,18,元大-南京,2024-01-03,9862
4167,松瑞藥,30,13,17,元大-南京,2024-01-03,9862
2330,台積電,20,4,16,元大-南京,2024-01-03,9862
00923,群益台ESG低碳50,16,0,16,元大-南京,2024-01-03,9862
3481,群創,27,12,15,元大-南京,2024-01-03,9862
3362,先進光,15,0,15,元大-南京,2024-01-03,9862
2103,台橡,15,0,15,元大-南京,2024-01-03,9862
6770,力積電,14,0,14,元大-南京,2024-01-03,9862
6679,鈺太,14,0,14,元大-南京,2024-01-03,9862
2736,富野,28,14,14,元大-南京,2024-01-03,9862
3260,威剛,17,4,13,元大-南京,2024-01-03,9862
00680L,元大美債20正2,358,15,343,元大-南京,2024-01-04,9862
00688L,國泰20年美債正2,155,0,155,元大-南京,2024-01-04,9862
00929,復華台灣科技優息,184,51,133,元大-南京,2024-01-04,9862
3706,神達,126,17,109,元大-南京,2024-01-04,9862
8089,康全電訊,116,8,108,元大-南京,2024-01-04,9862
6113,亞矽,91,3,88,元大-南京,2024-01-04,9862
1314,中石化,91,4,87,元大-南京,2024-01-04,9862
6140,訊達,335,259,76,元大-南京,2024-01-04,9862
3288,點晶,64,0,64,元大-南京,2024-01-04,9862
00637L,元大滬深300正2,69,10,59,元大-南京,2024-01-04,9862
2312,金寶,56,0,56,元大-南京,2024-01-04,9862
2331,精英,63,10,53,元大-南京,2024-01-04,9862
00937B,群益ESG投等債20,50,11,39,元大-南京,2024-01-04,9862
00927,群益半導體收益,38,0,38,元大-南京,2024-01-04,9862
00751B,元大AAA至A公司債,32,0,32,元大-南京,2024-01-04,9862
1503,士電,31,0,31,元大-南京,2024-01-04,9862
2352,佳世達,45,14,31,元大-南京,2024-01-04,9862
00935,野村臺灣新科技50,32,1,31,元大-南京,2024-01-04,9862
2359,所羅門,30,0,30,元大-南京,2024-01-04,9862
2832,台產,26,0,26,元大-南京,2024-01-04,9862
6153,嘉聯益,26,0,26,元大-南京,2024-01-04,9862
2324,仁寶,51,26,25,元大-南京,2024-01-04,9862
8086,宏捷科,33,9,24,元大-南京,2024-01-04,9862
6205,詮欣,23,0,23,元大-南京,2024-01-04,9862
00881,國泰台灣5G+,22,0,22,元大-南京,2024-01-04,9862
6770,力積電,22,0,22,元大-南京,2024-01-04,9862
2356,英業達,43,22,21,元大-南京,2024-01-04,9862
00882,中信中國高股息,26,5,21,元大-南京,2024-01-04,9862
2038,海光,22,1,21,元大-南京,2024-01-04,9862
6275,元山,22,2,20,元大-南京,2024-01-04,9862
2476,鉅祥,21,1,20,元大-南京,2024-01-04,9862
00673R,期元大S＆P原油反1,20,0,20,元大-南京,2024-01-04,9862
1591,駿吉-KY,32,12,20,元大-南京,2024-01-04,9862
00915,凱基優選高股息30,22,4,18,元大-南京,2024-01-04,9862
8255,朋程,18,0,18,元大-南京,2024-01-04,9862
2106,建大,30,12,18,元大-南京,2024-01-04,9862
00720B,元大投資級公司債,24,8,16,元大-南京,2024-01-04,9862
2101,南港,24,8,16,元大-南京,2024-01-04,9862
6233,旺玖,30,15,15,元大-南京,2024-01-04,9862
2362,藍天,16,1,15,元大-南京,2024-01-04,9862
2801,彰銀,15,0,15,元大-南京,2024-01-04,9862
2641,正德,72,57,15,元大-南京,2024-01-04,9862
2103,台橡,15,0,15,元大-南京,2024-01-04,9862
3032,偉訓,129,115,14,元大-南京,2024-01-04,9862
2834,臺企銀,15,1,14,元大-南京,2024-01-04,9862
2323,中環,15,1,14,元大-南京,2024-01-04,9862
6223,旺矽,13,0,13,元大-南京,2024-01-04,9862
3105,穩懋,14,1,13,元大-南京,2024-01-04,9862
2337,旺宏,13,0,13,元大-南京,2024-01-04,9862
006205,富邦上証,12,0,12,元大-南京,2024-01-04,9862
00680L,元大美債20正2,234,0,234,元大-南京,2024-01-05,9862
00688L,國泰20年美債正2,201,0,201,元大-南京,2024-01-05,9862
00919,群益台灣精選高息,135,1,134,元大-南京,2024-01-05,9862
00679B,元大美債20年,70,12,58,元大-南京,2024-01-05,9862
00751B,元大AAA至A公司債,64,9,55,元大-南京,2024-01-05,9862
5425,台半,56,1,55,元大-南京,2024-01-05,9862
2356,英業達,96,46,50,元大-南京,2024-01-05,9862
00929,復華台灣科技優息,75,32,43,元大-南京,2024-01-05,9862
6187,萬潤,45,4,41,元大-南京,2024-01-05,9862
2603,長榮,55,16,39,元大-南京,2024-01-05,9862
2885,元大金,32,0,32,元大-南京,2024-01-05,9862
6695,芯鼎,68,37,31,元大-南京,2024-01-05,9862
2353,宏��,54,24,30,元大-南京,2024-01-05,9862
00931B,統一美債20年,31,2,29,元大-南京,2024-01-05,9862
2610,華航,29,0,29,元大-南京,2024-01-05,9862
0056,元大高股息,29,0,29,元大-南京,2024-01-05,9862
00937B,群益ESG投等債20,58,29,29,元大-南京,2024-01-05,9862
8096,擎亞,120,92,28,元大-南京,2024-01-05,9862
2476,鉅祥,27,0,27,元大-南京,2024-01-05,9862
6116,彩晶,35,10,25,元大-南京,2024-01-05,9862
2101,南港,24,3,21,元大-南京,2024-01-05,9862
00878,國泰永續高股息,23,3,20,元大-南京,2024-01-05,9862
6573,虹揚-KY,20,0,20,元大-南京,2024-01-05,9862
1605,華新,23,5,18,元大-南京,2024-01-05,9862
2344,華邦電,18,0,18,元大-南京,2024-01-05,9862
00715L,期街口布蘭特正2,21,4,17,元大-南京,2024-01-05,9862
00934,中信成長高股息,16,0,16,元大-南京,2024-01-05,9862
1532,勤美,16,0,16,元大-南京,2024-01-05,9862
3390,旭軟,22,6,16,元大-南京,2024-01-05,9862
00753L,中信中國50正2,15,0,15,元大-南京,2024-01-05,9862
00639,富邦深100,15,0,15,元大-南京,2024-01-05,9862
00643,群益深証中小,15,0,15,元大-南京,2024-01-05,9862
2382,廣達,29,15,14,元大-南京,2024-01-05,9862
3032,偉訓,47,33,14,元大-南京,2024-01-05,9862
00923,群益台ESG低碳50,14,0,14,元大-南京,2024-01-05,9862
6805,富世達,15,1,14,元大-南京,2024-01-05,9862
1504,東元,15,2,13,元大-南京,2024-01-05,9862
4584,君帆,13,0,13,元大-南京,2024-01-05,9862
8112,至上,14,1,13,元大-南京,2024-01-05,9862
4906,正文,12,0,12,元大-南京,2024-01-05,9862
2883,凱基金,13,1,12,元大-南京,2024-01-05,9862
3037,欣興,17,5,12,元大-南京,2024-01-05,9862
1325,恆大,12,1,11,元大-南京,2024-01-05,9862
6243,迅杰,15,4,11,元大-南京,2024-01-05,9862
2301,光寶科,11,0,11,元大-南京,2024-01-05,9862
2330,台積電,16,5,11,元大-南京,2024-01-05,9862
2881,富邦金,18,8,10,元大-南京,2024-01-05,9862
3042,晶技,10,0,10,元大-南京,2024-01-05,9862
1722,台肥,10,0,10,元大-南京,2024-01-05,9862
2889,國票金,10,0,10,元大-南京,2024-01-05,9862
2303,聯電,1395,40,1355,元大-南京,2024-01-08,9862
00680L,元大美債20正2,155,5,150,元大-南京,2024-01-08,9862
00688L,國泰20年美債正2,168,20,148,元大-南京,2024-01-08,9862
00929,復華台灣科技優息,106,0,106,元大-南京,2024-01-08,9862
2409,友達,166,65,101,元大-南京,2024-01-08,9862
00687B,國泰20年美債,105,6,99,元大-南京,2024-01-08,9862
00665L,富邦�琤肭磪囓�2,68,0,68,元大-南京,2024-01-08,9862
00679B,元大美債20年,81,19,62,元大-南京,2024-01-08,9862
3346,麗清,68,10,58,元大-南京,2024-01-08,9862
00877,復華中國5G,50,0,50,元大-南京,2024-01-08,9862
00937B,群益ESG投等債20,47,0,47,元大-南京,2024-01-08,9862
0056,元大高股息,44,2,42,元大-南京,2024-01-08,9862
00882,中信中國高股息,36,0,36,元大-南京,2024-01-08,9862
6271,同欣電,32,0,32,元大-南京,2024-01-08,9862
1591,駿吉-KY,36,5,31,元大-南京,2024-01-08,9862
1612,宏泰,31,0,31,元大-南京,2024-01-08,9862
3036,文曄,31,1,30,元大-南京,2024-01-08,9862
00881,國泰台灣5G+,30,3,27,元大-南京,2024-01-08,9862
00753L,中信中國50正2,41,15,26,元大-南京,2024-01-08,9862
00637L,元大滬深300正2,79,55,24,元大-南京,2024-01-08,9862
2354,鴻準,21,0,21,元大-南京,2024-01-08,9862
6187,萬潤,21,0,21,元大-南京,2024-01-08,9862
2331,精英,128,107,21,元大-南京,2024-01-08,9862
2476,鉅祥,22,1,21,元大-南京,2024-01-08,9862
2489,瑞軒,26,6,20,元大-南京,2024-01-08,9862
2317,鴻海,20,0,20,元大-南京,2024-01-08,9862
8011,台通,24,6,18,元大-南京,2024-01-08,9862
00919,群益台灣精選高息,20,2,18,元大-南京,2024-01-08,9862
4967,十銓,21,3,18,元大-南京,2024-01-08,9862
2353,宏��,88,70,18,元大-南京,2024-01-08,9862
3014,聯陽,16,0,16,元大-南京,2024-01-08,9862
006205,富邦上証,16,0,16,元大-南京,2024-01-08,9862
1721,三晃,21,6,15,元大-南京,2024-01-08,9862
2301,光寶科,15,0,15,元大-南京,2024-01-08,9862
1536,和大,15,0,15,元大-南京,2024-01-08,9862
2106,建大,15,0,15,元大-南京,2024-01-08,9862
00676R,富邦臺灣加權反1,15,0,15,元大-南京,2024-01-08,9862
2834,臺企銀,15,1,14,元大-南京,2024-01-08,9862
1711,永光,13,0,13,元大-南京,2024-01-08,9862
8068,全達,20,8,12,元大-南京,2024-01-08,9862
00927,群益半導體收益,11,0,11,元大-南京,2024-01-08,9862
1513,中興電,15,4,11,元大-南京,2024-01-08,9862
2606,裕民,15,4,11,元大-南京,2024-01-08,9862
00643,群益深証中小,11,0,11,元大-南京,2024-01-08,9862
00934,中信成長高股息,10,0,10,元大-南京,2024-01-08,9862
2344,華邦電,14,4,10,元大-南京,2024-01-08,9862
2832,台產,10,0,10,元大-南京,2024-01-08,9862
00632R,元大台灣50反1,11,1,10,元大-南京,2024-01-08,9862
9912,偉聯,10,0,10,元大-南京,2024-01-08,9862
6194,育富,10,0,10,元大-南京,2024-01-08,9862
00830,國泰費城半導體,686,1,685,元大-南京,2024-01-09,9862
00927,群益半導體收益,131,0,131,元大-南京,2024-01-09,9862
00919,群益台灣精選高息,132,1,131,元大-南京,2024-01-09,9862
2409,友達,131,19,112,元大-南京,2024-01-09,9862
00795B,中信美國公債20年,101,3,98,元大-南京,2024-01-09,9862
2891,中信金,60,0,60,元大-南京,2024-01-09,9862
2201,裕隆,64,7,57,元大-南京,2024-01-09,9862
00720B,元大投資級公司債,57,0,57,元大-南京,2024-01-09,9862
2609,陽明,133,78,55,元大-南京,2024-01-09,9862
8088,品安,60,8,52,元大-南京,2024-01-09,9862
00877,復華中國5G,50,0,50,元大-南京,2024-01-09,9862
00687B,國泰20年美債,44,2,42,元大-南京,2024-01-09,9862
00857B,永豐20年美公債,40,0,40,元大-南京,2024-01-09,9862
2603,長榮,74,35,39,元大-南京,2024-01-09,9862
2002,中鋼,39,5,34,元大-南京,2024-01-09,9862
2308,台達電,39,6,33,元大-南京,2024-01-09,9862
00670L,富邦NASDAQ正2,32,0,32,元大-南京,2024-01-09,9862
00715L,期街口布蘭特正2,32,0,32,元大-南京,2024-01-09,9862
00935,野村臺灣新科技50,31,0,31,元大-南京,2024-01-09,9862
2467,志聖,32,2,30,元大-南京,2024-01-09,9862
00671R,富邦NASDAQ反1,30,0,30,元大-南京,2024-01-09,9862
3051,力特,31,2,29,元大-南京,2024-01-09,9862
2312,金寶,51,23,28,元大-南京,2024-01-09,9862
2832,台產,29,1,28,元大-南京,2024-01-09,9862
2344,華邦電,31,5,26,元大-南京,2024-01-09,9862
00933B,國泰10Y+金融債,26,0,26,元大-南京,2024-01-09,9862
2301,光寶科,32,7,25,元大-南京,2024-01-09,9862
2331,精英,96,72,24,元大-南京,2024-01-09,9862
00725B,國泰投資級公司債,21,0,21,元大-南京,2024-01-09,9862
1326,台化,21,0,21,元大-南京,2024-01-09,9862
8049,晶采,23,2,21,元大-南京,2024-01-09,9862
2356,英業達,82,64,18,元大-南京,2024-01-09,9862
00650L,復華香港正2,17,0,17,元大-南京,2024-01-09,9862
2362,藍天,32,16,16,元大-南京,2024-01-09,9862
2634,漢翔,16,0,16,元大-南京,2024-01-09,9862
8087,麗升能源,15,0,15,元大-南京,2024-01-09,9862
1314,中石化,15,0,15,元大-南京,2024-01-09,9862
2329,華泰,23,9,14,元大-南京,2024-01-09,9862
1603,華電,14,0,14,元大-南京,2024-01-09,9862
6235,華孚,14,1,13,元大-南京,2024-01-09,9862
2498,宏達電,68,57,11,元大-南京,2024-01-09,9862
8112,至上,11,0,11,元大-南京,2024-01-09,9862
1605,華新,11,0,11,元大-南京,2024-01-09,9862
2882,國泰金,11,0,11,元大-南京,2024-01-09,9862
6233,旺玖,11,0,11,元大-南京,2024-01-09,9862
6446,藥華藥,11,1,10,元大-南京,2024-01-09,9862
2324,仁寶,43,33,10,元大-南京,2024-01-09,9862
6834,天二科技,10,0,10,元大-南京,2024-01-09,9862
4130,健亞,10,0,10,元大-南京,2024-01-09,9862
2436,偉詮電,10,0,10,元大-南京,2024-01-09,9862
3036,文曄,252,14,238,元大-南京,2024-01-10,9862
2312,金寶,111,7,104,元大-南京,2024-01-10,9862
3706,神達,129,29,100,元大-南京,2024-01-10,9862
6140,訊達,339,245,94,元大-南京,2024-01-10,9862
2609,陽明,107,59,48,元大-南京,2024-01-10,9862
00919,群益台灣精選高息,59,15,44,元大-南京,2024-01-10,9862
00751B,元大AAA至A公司債,45,3,42,元大-南京,2024-01-10,9862
2409,友達,41,2,39,元大-南京,2024-01-10,9862
0056,元大高股息,49,14,35,元大-南京,2024-01-10,9862
2324,仁寶,49,15,34,元大-南京,2024-01-10,9862
2308,台達電,39,5,34,元大-南京,2024-01-10,9862
2890,永豐金,29,0,29,元大-南京,2024-01-10,9862
00671R,富邦NASDAQ反1,30,1,29,元大-南京,2024-01-10,9862
00904,新光臺灣半導體30,29,0,29,元大-南京,2024-01-10,9862
2301,光寶科,31,4,27,元大-南京,2024-01-10,9862
00687B,國泰20年美債,27,0,27,元大-南京,2024-01-10,9862
5425,台半,26,0,26,元大-南京,2024-01-10,9862
6219,富旺,27,2,25,元大-南京,2024-01-10,9862
2885,元大金,27,3,24,元大-南京,2024-01-10,9862
00933B,國泰10Y+金融債,24,0,24,元大-南京,2024-01-10,9862
00665L,富邦�琤肭磪囓�2,23,0,23,元大-南京,2024-01-10,9862
2362,藍天,51,29,22,元大-南京,2024-01-10,9862
5516,雙喜,22,0,22,元大-南京,2024-01-10,9862
2353,宏��,50,28,22,元大-南京,2024-01-10,9862
00720B,元大投資級公司債,22,0,22,元大-南京,2024-01-10,9862
2892,第一金,23,2,21,元大-南京,2024-01-10,9862
1314,中石化,20,0,20,元大-南京,2024-01-10,9862
2845,遠東銀,20,0,20,元大-南京,2024-01-10,9862
3265,台星科,20,0,20,元大-南京,2024-01-10,9862
6205,詮欣,20,0,20,元大-南京,2024-01-10,9862
2618,長榮航,31,12,19,元大-南京,2024-01-10,9862
2834,臺企銀,19,0,19,元大-南京,2024-01-10,9862
00679B,元大美債20年,19,0,19,元大-南京,2024-01-10,9862
2610,華航,24,5,19,元大-南京,2024-01-10,9862
2356,英業達,63,45,18,元大-南京,2024-01-10,9862
2355,敬鵬,17,0,17,元大-南京,2024-01-10,9862
2371,大同,53,37,16,元大-南京,2024-01-10,9862
3162,精確,20,5,15,元大-南京,2024-01-10,9862
1532,勤美,14,2,12,元大-南京,2024-01-10,9862
8049,晶采,12,0,12,元大-南京,2024-01-10,9862
1591,駿吉-KY,12,0,12,元大-南京,2024-01-10,9862
00927,群益半導體收益,12,1,11,元大-南京,2024-01-10,9862
2520,冠德,12,1,11,元大-南京,2024-01-10,9862
2387,精元,10,0,10,元大-南京,2024-01-10,9862
3016,嘉晶,10,0,10,元大-南京,2024-01-10,9862
1615,大山,10,0,10,元大-南京,2024-01-10,9862
6117,迎廣,12,2,10,元大-南京,2024-01-10,9862
2867,三商壽,10,0,10,元大-南京,2024-01-10,9862
6164,華興,10,0,10,元大-南京,2024-01-10,9862
2317,鴻海,9,0,9,元大-南京,2024-01-10,9862
3036,文曄,214,37,177,元大-南京,2024-01-11,9862
2371,大同,191,15,176,元大-南京,2024-01-11,9862
00676R,富邦臺灣加權反1,100,0,100,元大-南京,2024-01-11,9862
00929,復華台灣科技優息,80,4,76,元大-南京,2024-01-11,9862
00858,永豐美國500大,74,0,74,元大-南京,2024-01-11,9862
00688L,國泰20年美債正2,65,4,61,元大-南京,2024-01-11,9862
00680L,元大美債20正2,63,5,58,元大-南京,2024-01-11,9862
2208,台船,50,0,50,元大-南京,2024-01-11,9862
3362,先進光,51,2,49,元大-南京,2024-01-11,9862
00720B,元大投資級公司債,46,0,46,元大-南京,2024-01-11,9862
00919,群益台灣精選高息,51,12,39,元大-南京,2024-01-11,9862
0056,元大高股息,37,2,35,元大-南京,2024-01-11,9862
2845,遠東銀,37,2,35,元大-南京,2024-01-11,9862
6695,芯鼎,65,35,30,元大-南京,2024-01-11,9862
2610,華航,29,1,28,元大-南京,2024-01-11,9862
00715L,期街口布蘭特正2,26,0,26,元大-南京,2024-01-11,9862
00679B,元大美債20年,28,2,26,元大-南京,2024-01-11,9862
8089,康全電訊,32,7,25,元大-南京,2024-01-11,9862
6205,詮欣,25,0,25,元大-南京,2024-01-11,9862
2409,友達,30,5,25,元大-南京,2024-01-11,9862
6684,安格,32,9,23,元大-南京,2024-01-11,9862
00882,中信中國高股息,22,0,22,元大-南京,2024-01-11,9862
2515,中工,22,0,22,元大-南京,2024-01-11,9862
00632R,元大台灣50反1,20,0,20,元大-南京,2024-01-11,9862
2344,華邦電,19,0,19,元大-南京,2024-01-11,9862
1519,華城,72,55,17,元大-南京,2024-01-11,9862
1442,名軒,19,2,17,元大-南京,2024-01-11,9862
8076,伍豐,17,0,17,元大-南京,2024-01-11,9862
2399,映泰,19,3,16,元大-南京,2024-01-11,9862
2882,國泰金,15,0,15,元大-南京,2024-01-11,9862
00753L,中信中國50正2,15,0,15,元大-南京,2024-01-11,9862
00937B,群益ESG投等債20,15,0,15,元大-南京,2024-01-11,9862
00637L,元大滬深300正2,15,0,15,元大-南京,2024-01-11,9862
8110,華東,15,0,15,元大-南京,2024-01-11,9862
2303,聯電,19,5,14,元大-南京,2024-01-11,9862
3481,群創,49,35,14,元大-南京,2024-01-11,9862
00933B,國泰10Y+金融債,12,0,12,元大-南京,2024-01-11,9862
3025,星通,17,5,12,元大-南京,2024-01-11,9862
1522,堤維西,13,1,12,元大-南京,2024-01-11,9862
2883,凱基金,20,8,12,元大-南京,2024-01-11,9862
3289,宜特,11,0,11,元大-南京,2024-01-11,9862
2442,新美齊,11,0,11,元大-南京,2024-01-11,9862
2101,南港,11,0,11,元大-南京,2024-01-11,9862
2362,藍天,15,4,11,元大-南京,2024-01-11,9862
3162,精確,21,10,11,元大-南京,2024-01-11,9862
2609,陽明,50,39,11,元大-南京,2024-01-11,9862
1326,台化,12,1,11,元大-南京,2024-01-11,9862
1301,台塑,13,3,10,元大-南京,2024-01-11,9862
00932,兆豐永續高息等權,10,0,10,元大-南京,2024-01-11,9862
2421,建準,15,5,10,元大-南京,2024-01-11,9862
2409,友達,359,2,357,元大-南京,2024-01-12,9862
00929,復華台灣科技優息,123,21,102,元大-南京,2024-01-12,9862
00830,國泰費城半導體,80,0,80,元大-南京,2024-01-12,9862
00937B,群益ESG投等債20,68,0,68,元大-南京,2024-01-12,9862
00679B,元大美債20年,55,0,55,元大-南京,2024-01-12,9862
2891,中信金,50,2,48,元大-南京,2024-01-12,9862
2362,藍天,42,9,33,元大-南京,2024-01-12,9862
2359,所羅門,44,12,32,元大-南京,2024-01-12,9862
1528,恩德,43,12,31,元大-南京,2024-01-12,9862
3035,智原,47,20,27,元大-南京,2024-01-12,9862
2208,台船,30,3,27,元大-南京,2024-01-12,9862
6695,芯鼎,66,39,27,元大-南京,2024-01-12,9862
6684,安格,41,15,26,元大-南京,2024-01-12,9862
2515,中工,40,15,25,元大-南京,2024-01-12,9862
00751B,元大AAA至A公司債,27,3,24,元大-南京,2024-01-12,9862
8033,雷虎,24,1,23,元大-南京,2024-01-12,9862
00885,富邦越南,22,0,22,元大-南京,2024-01-12,9862
1802,台玻,21,0,21,元大-南京,2024-01-12,9862
00892,富邦台灣半導體,20,0,20,元大-南京,2024-01-12,9862
0056,元大高股息,20,0,20,元大-南京,2024-01-12,9862
2423,固緯,18,0,18,元大-南京,2024-01-12,9862
8112,至上,21,3,18,元大-南京,2024-01-12,9862
2353,宏��,65,48,17,元大-南京,2024-01-12,9862
00919,群益台灣精選高息,20,3,17,元大-南京,2024-01-12,9862
6770,力積電,16,0,16,元大-南京,2024-01-12,9862
4536,拓凱,16,0,16,元大-南京,2024-01-12,9862
2329,華泰,44,28,16,元大-南京,2024-01-12,9862
2883,凱基金,15,0,15,元大-南京,2024-01-12,9862
2457,飛宏,25,10,15,元大-南京,2024-01-12,9862
2365,昆盈,15,0,15,元大-南京,2024-01-12,9862
4979,華星光,21,7,14,元大-南京,2024-01-12,9862
2890,永豐金,24,10,14,元大-南京,2024-01-12,9862
00725B,國泰投資級公司債,24,10,14,元大-南京,2024-01-12,9862
4967,十銓,34,21,13,元大-南京,2024-01-12,9862
9105,泰金寶-DR,13,0,13,元大-南京,2024-01-12,9862
2371,大同,19,7,12,元大-南京,2024-01-12,9862
8096,擎亞,125,113,12,元大-南京,2024-01-12,9862
00772B,中信高評級公司債,12,0,12,元大-南京,2024-01-12,9862
2324,仁寶,25,13,12,元大-南京,2024-01-12,9862
6219,富旺,14,2,12,元大-南京,2024-01-12,9862
00927,群益半導體收益,11,0,11,元大-南京,2024-01-12,9862
4909,新復興,66,55,11,元大-南京,2024-01-12,9862
5426,振發,28,17,11,元大-南京,2024-01-12,9862
8105,凌巨,10,0,10,元大-南京,2024-01-12,9862
6005,群益證,10,0,10,元大-南京,2024-01-12,9862
00882,中信中國高股息,13,3,10,元大-南京,2024-01-12,9862
00922,國泰台灣領袖50,10,0,10,元大-南京,2024-01-12,9862
00850,元大臺灣ESG永續,10,0,10,元大-南京,2024-01-12,9862
3325,旭品,10,0,10,元大-南京,2024-01-12,9862
3058,立德,10,0,10,元大-南京,2024-01-12,9862
00632R,元大台灣50反1,590,0,590,元大-南京,2024-01-15,9862
00881,國泰台灣5G+,101,3,98,元大-南京,2024-01-15,9862
00878,國泰永續高股息,85,6,79,元大-南京,2024-01-15,9862
00937B,群益ESG投等債20,79,1,78,元大-南京,2024-01-15,9862
00927,群益半導體收益,72,0,72,元大-南京,2024-01-15,9862
00725B,國泰投資級公司債,71,1,70,元大-南京,2024-01-15,9862
2382,廣達,95,28,67,元大-南京,2024-01-15,9862
00795B,中信美國公債20年,67,0,67,元大-南京,2024-01-15,9862
8027,鈦昇,66,7,59,元大-南京,2024-01-15,9862
6205,詮欣,50,2,48,元大-南京,2024-01-15,9862
2356,英業達,53,7,46,元大-南京,2024-01-15,9862
0056,元大高股息,46,1,45,元大-南京,2024-01-15,9862
00720B,元大投資級公司債,106,65,41,元大-南京,2024-01-15,9862
3032,偉訓,47,6,41,元大-南京,2024-01-15,9862
3362,先進光,51,11,40,元大-南京,2024-01-15,9862
6531,愛普*,50,10,40,元大-南京,2024-01-15,9862
2882,國泰金,59,20,39,元大-南京,2024-01-15,9862
00751B,元大AAA至A公司債,39,1,38,元大-南京,2024-01-15,9862
2408,南亞科,38,3,35,元大-南京,2024-01-15,9862
6125,廣運,39,10,29,元大-南京,2024-01-15,9862
2634,漢翔,33,5,28,元大-南京,2024-01-15,9862
2883,凱基金,27,1,26,元大-南京,2024-01-15,9862
3035,智原,31,8,23,元大-南京,2024-01-15,9862
8087,麗升能源,22,0,22,元大-南京,2024-01-15,9862
1101,台泥,21,0,21,元大-南京,2024-01-15,9862
2892,第一金,20,0,20,元大-南京,2024-01-15,9862
2845,遠東銀,20,0,20,元大-南京,2024-01-15,9862
2633,台灣高鐵,20,1,19,元大-南京,2024-01-15,9862
2317,鴻海,18,0,18,元大-南京,2024-01-15,9862
2890,永豐金,15,0,15,元大-南京,2024-01-15,9862
00781B,國泰A級科技債,15,0,15,元大-南京,2024-01-15,9862
00934,中信成長高股息,15,0,15,元大-南京,2024-01-15,9862
00680L,元大美債20正2,15,0,15,元大-南京,2024-01-15,9862
00723B,群益投資級科技債,14,0,14,元大-南京,2024-01-15,9862
00713,元大台灣高息低波,14,1,13,元大-南京,2024-01-15,9862
6684,安格,23,10,13,元大-南京,2024-01-15,9862
3481,群創,23,10,13,元大-南京,2024-01-15,9862
3017,奇鋐,15,3,12,元大-南京,2024-01-15,9862
8213,志超,12,0,12,元大-南京,2024-01-15,9862
00687B,國泰20年美債,12,0,12,元大-南京,2024-01-15,9862
3576,聯合再生,87,75,12,元大-南京,2024-01-15,9862
2834,臺企銀,11,0,11,元大-南京,2024-01-15,9862
3380,明泰,11,0,11,元大-南京,2024-01-15,9862
00877,復華中國5G,11,0,11,元大-南京,2024-01-15,9862
2605,新興,17,6,11,元大-南京,2024-01-15,9862
6187,萬潤,11,1,10,元大-南京,2024-01-15,9862
6719,力智,10,0,10,元大-南京,2024-01-15,9862
8089,康全電訊,12,2,10,元大-南京,2024-01-15,9862
00643,群益深証中小,10,0,10,元大-南京,2024-01-15,9862
2442,新美齊,10,0,10,元大-南京,2024-01-15,9862
6140,訊達,551,2,549,元大-南京,2024-01-16,9862
0056,元大高股息,233,3,230,元大-南京,2024-01-16,9862
6462,神盾,120,0,120,元大-南京,2024-01-16,9862
00881,國泰台灣5G+,120,12,108,元大-南京,2024-01-16,9862
00665L,富邦�琤肭磪囓�2,108,0,108,元大-南京,2024-01-16,9862
6205,詮欣,93,7,86,元大-南京,2024-01-16,9862
00878,國泰永續高股息,90,9,81,元大-南京,2024-01-16,9862
2888,新光金,75,0,75,元大-南京,2024-01-16,9862
6187,萬潤,72,2,70,元大-南京,2024-01-16,9862
00680L,元大美債20正2,78,11,67,元大-南京,2024-01-16,9862
00720B,元大投資級公司債,56,1,55,元大-南京,2024-01-16,9862
00927,群益半導體收益,54,0,54,元大-南京,2024-01-16,9862
2885,元大金,58,4,54,元大-南京,2024-01-16,9862
1605,華新,55,5,50,元大-南京,2024-01-16,9862
2515,中工,54,4,50,元大-南京,2024-01-16,9862
2836,高雄銀,49,0,49,元大-南京,2024-01-16,9862
00688L,國泰20年美債正2,45,0,45,元大-南京,2024-01-16,9862
0050,元大台灣50,48,4,44,元大-南京,2024-01-16,9862
6695,芯鼎,152,109,43,元大-南京,2024-01-16,9862
1301,台塑,46,12,34,元大-南京,2024-01-16,9862
2002,中鋼,38,6,32,元大-南京,2024-01-16,9862
00919,群益台灣精選高息,41,10,31,元大-南京,2024-01-16,9862
2603,長榮,45,14,31,元大-南京,2024-01-16,9862
2834,臺企銀,31,0,31,元大-南京,2024-01-16,9862
00751B,元大AAA至A公司債,29,0,29,元大-南京,2024-01-16,9862
2801,彰銀,28,0,28,元大-南京,2024-01-16,9862
3714,富采,28,1,27,元大-南京,2024-01-16,9862
00725B,國泰投資級公司債,27,1,26,元大-南京,2024-01-16,9862
2371,大同,36,10,26,元大-南京,2024-01-16,9862
2882,國泰金,30,4,26,元大-南京,2024-01-16,9862
2881,富邦金,31,6,25,元大-南京,2024-01-16,9862
1438,三地開發,25,0,25,元大-南京,2024-01-16,9862
1612,宏泰,25,0,25,元大-南京,2024-01-16,9862
2890,永豐金,23,0,23,元大-南京,2024-01-16,9862
2201,裕隆,63,40,23,元大-南京,2024-01-16,9862
1101,台泥,24,2,22,元大-南京,2024-01-16,9862
2308,台達電,23,1,22,元大-南京,2024-01-16,9862
3032,偉訓,25,4,21,元大-南京,2024-01-16,9862
1314,中石化,21,0,21,元大-南京,2024-01-16,9862
2883,凱基金,22,2,20,元大-南京,2024-01-16,9862
2486,一詮,67,48,19,元大-南京,2024-01-16,9862
1714,和桐,19,0,19,元大-南京,2024-01-16,9862
2892,第一金,21,2,19,元大-南京,2024-01-16,9862
5880,合庫金,18,0,18,元大-南京,2024-01-16,9862
2845,遠東銀,17,0,17,元大-南京,2024-01-16,9862
00770,國泰北美科技,34,17,17,元大-南京,2024-01-16,9862
2887,台新金,17,2,15,元大-南京,2024-01-16,9862
1513,中興電,15,0,15,元大-南京,2024-01-16,9862
2405,輔信,35,20,15,元大-南京,2024-01-16,9862
6237,驊訊,20,5,15,元大-南京,2024-01-16,9862
3481,群創,705,49,656,元大-南京,2024-01-17,9862
0056,元大高股息,331,28,303,元大-南京,2024-01-17,9862
00929,復華台灣科技優息,205,13,192,元大-南京,2024-01-17,9862
6205,詮欣,145,2,143,元大-南京,2024-01-17,9862
00882,中信中國高股息,126,0,126,元大-南京,2024-01-17,9862
00919,群益台灣精選高息,134,13,121,元大-南京,2024-01-17,9862
2882,國泰金,101,2,99,元大-南京,2024-01-17,9862
2476,鉅祥,85,0,85,元大-南京,2024-01-17,9862
2303,聯電,98,18,80,元大-南京,2024-01-17,9862
00679B,元大美債20年,75,0,75,元大-南京,2024-01-17,9862
00881,國泰台灣5G+,75,0,75,元大-南京,2024-01-17,9862
00680L,元大美債20正2,73,4,69,元大-南京,2024-01-17,9862
2371,大同,76,16,60,元大-南京,2024-01-17,9862
2355,敬鵬,52,1,51,元大-南京,2024-01-17,9862
2356,英業達,81,30,51,元大-南京,2024-01-17,9862
2201,裕隆,51,0,51,元大-南京,2024-01-17,9862
2312,金寶,50,0,50,元大-南京,2024-01-17,9862
00770,國泰北美科技,50,0,50,元大-南京,2024-01-17,9862
00933B,國泰10Y+金融債,50,4,46,元大-南京,2024-01-17,9862
2344,華邦電,46,3,43,元大-南京,2024-01-17,9862
2885,元大金,41,1,40,元大-南京,2024-01-17,9862
1605,華新,46,6,40,元大-南京,2024-01-17,9862
2308,台達電,41,3,38,元大-南京,2024-01-17,9862
6243,迅杰,65,28,37,元大-南京,2024-01-17,9862
0050,元大台灣50,53,16,37,元大-南京,2024-01-17,9862
2887,台新金,34,0,34,元大-南京,2024-01-17,9862
2486,一詮,47,16,31,元大-南京,2024-01-17,9862
2618,長榮航,40,9,31,元大-南京,2024-01-17,9862
2881,富邦金,33,3,30,元大-南京,2024-01-17,9862
2359,所羅門,30,1,29,元大-南京,2024-01-17,9862
00688L,國泰20年美債正2,29,0,29,元大-南京,2024-01-17,9862
2002,中鋼,30,2,28,元大-南京,2024-01-17,9862
1305,華夏,32,4,28,元大-南京,2024-01-17,9862
00720B,元大投資級公司債,27,0,27,元大-南京,2024-01-17,9862
2801,彰銀,26,0,26,元大-南京,2024-01-17,9862
2609,陽明,42,16,26,元大-南京,2024-01-17,9862
3231,緯創,71,45,26,元大-南京,2024-01-17,9862
1308,亞聚,27,4,23,元大-南京,2024-01-17,9862
1304,台聚,31,8,23,元大-南京,2024-01-17,9862
1532,勤美,23,0,23,元大-南京,2024-01-17,9862
1303,南亞,30,8,22,元大-南京,2024-01-17,9862
00706L,期元大S＆P日圓正2,21,0,21,元大-南京,2024-01-17,9862
1504,東元,27,7,20,元大-南京,2024-01-17,9862
00715L,期街口布蘭特正2,20,0,20,元大-南京,2024-01-17,9862
00931B,統一美債20年,20,0,20,元大-南京,2024-01-17,9862
4109,加捷生醫,20,0,20,元大-南京,2024-01-17,9862
2337,旺宏,19,0,19,元大-南京,2024-01-17,9862
2886,兆豐金,19,0,19,元大-南京,2024-01-17,9862
2610,華航,20,2,18,元大-南京,2024-01-17,9862
2317,鴻海,22,4,18,元大-南京,2024-01-17,9862
3481,群創,794,153,641,元大-南京,2024-01-18,9862
00671R,富邦NASDAQ反1,550,0,550,元大-南京,2024-01-18,9862
00632R,元大台灣50反1,231,14,217,元大-南京,2024-01-18,9862
00882,中信中國高股息,123,15,108,元大-南京,2024-01-18,9862
00923,群益台ESG低碳50,100,6,94,元大-南京,2024-01-18,9862
6116,彩晶,74,10,64,元大-南京,2024-01-18,9862
0056,元大高股息,76,18,58,元大-南京,2024-01-18,9862
4967,十銓,55,1,54,元大-南京,2024-01-18,9862
00919,群益台灣精選高息,57,13,44,元大-南京,2024-01-18,9862
6205,詮欣,76,34,42,元大-南京,2024-01-18,9862
2324,仁寶,77,40,37,元大-南京,2024-01-18,9862
6270,倍微,33,0,33,元大-南京,2024-01-18,9862
00680L,元大美債20正2,33,0,33,元大-南京,2024-01-18,9862
9945,潤泰新,41,10,31,元大-南京,2024-01-18,9862
00878,國泰永續高股息,40,12,28,元大-南京,2024-01-18,9862
4906,正文,27,1,26,元大-南京,2024-01-18,9862
2476,鉅祥,25,0,25,元大-南京,2024-01-18,9862
2505,國揚,25,0,25,元大-南京,2024-01-18,9862
00877,復華中國5G,24,0,24,元大-南京,2024-01-18,9862
1612,宏泰,23,0,23,元大-南京,2024-01-18,9862
2303,聯電,49,27,22,元大-南京,2024-01-18,9862
2520,冠德,22,0,22,元大-南京,2024-01-18,9862
2634,漢翔,22,0,22,元大-南京,2024-01-18,9862
1101,台泥,22,1,21,元大-南京,2024-01-18,9862
2888,新光金,23,3,20,元大-南京,2024-01-18,9862
2882,國泰金,20,0,20,元大-南京,2024-01-18,9862
00900,富邦特選高股息30,20,0,20,元大-南京,2024-01-18,9862
00633L,富邦上証正2,44,25,19,元大-南京,2024-01-18,9862
2329,華泰,31,12,19,元大-南京,2024-01-18,9862
2881,富邦金,21,2,19,元大-南京,2024-01-18,9862
4979,華星光,29,11,18,元大-南京,2024-01-18,9862
2884,玉山金,16,0,16,元大-南京,2024-01-18,9862
5880,合庫金,16,0,16,元大-南京,2024-01-18,9862
6139,亞翔,59,44,15,元大-南京,2024-01-18,9862
00639,富邦深100,15,0,15,元大-南京,2024-01-18,9862
1785,光洋科,15,0,15,元大-南京,2024-01-18,9862
1815,富喬,15,0,15,元大-南京,2024-01-18,9862
00643,群益深証中小,15,0,15,元大-南京,2024-01-18,9862
6207,雷科,15,0,15,元大-南京,2024-01-18,9862
5356,協益,14,0,14,元大-南京,2024-01-18,9862
3715,定穎投控,15,1,14,元大-南京,2024-01-18,9862
3231,緯創,44,31,13,元大-南京,2024-01-18,9862
00915,凱基優選高股息30,13,0,13,元大-南京,2024-01-18,9862
00665L,富邦�琤肭磪囓�2,13,0,13,元大-南京,2024-01-18,9862
4188,安克,13,0,13,元大-南京,2024-01-18,9862
00712,復華富時不動產,12,0,12,元大-南京,2024-01-18,9862
00753L,中信中國50正2,12,0,12,元大-南京,2024-01-18,9862
00934,中信成長高股息,12,0,12,元大-南京,2024-01-18,9862
2409,友達,44,32,12,元大-南京,2024-01-18,9862
2885,元大金,39,28,11,元大-南京,2024-01-18,9862
2303,聯電,532,42,490,元大-南京,2024-01-19,9862
00632R,元大台灣50反1,582,205,377,元大-南京,2024-01-19,9862
00687B,國泰20年美債,216,0,216,元大-南京,2024-01-19,9862
00680L,元大美債20正2,159,0,159,元大-南京,2024-01-19,9862
00751B,元大AAA至A公司債,154,0,154,元大-南京,2024-01-19,9862
2405,輔信,153,0,153,元大-南京,2024-01-19,9862
00720B,元大投資級公司債,122,0,122,元大-南京,2024-01-19,9862
00891,中信關鍵半導體,102,0,102,元大-南京,2024-01-19,9862
00882,中信中國高股息,143,51,92,元大-南京,2024-01-19,9862
2882,國泰金,100,12,88,元大-南京,2024-01-19,9862
00753L,中信中國50正2,73,0,73,元大-南京,2024-01-19,9862
6205,詮欣,73,8,65,元大-南京,2024-01-19,9862
00679B,元大美債20年,74,9,65,元大-南京,2024-01-19,9862
00936,台新永續高息中小,51,0,51,元大-南京,2024-01-19,9862
2312,金寶,51,1,50,元大-南京,2024-01-19,9862
00688L,國泰20年美債正2,51,10,41,元大-南京,2024-01-19,9862
3044,健鼎,38,1,37,元大-南京,2024-01-19,9862
2892,第一金,55,19,36,元大-南京,2024-01-19,9862
6462,神盾,41,6,35,元大-南京,2024-01-19,9862
3036,文曄,50,17,33,元大-南京,2024-01-19,9862
2618,長榮航,35,4,31,元大-南京,2024-01-19,9862
00676R,富邦臺灣加權反1,30,0,30,元大-南京,2024-01-19,9862
6116,彩晶,30,0,30,元大-南京,2024-01-19,9862
00670L,富邦NASDAQ正2,29,0,29,元大-南京,2024-01-19,9862
1514,亞力,25,1,24,元大-南京,2024-01-19,9862
6285,啟��,26,4,22,元大-南京,2024-01-19,9862
00929,復華台灣科技優息,49,28,21,元大-南京,2024-01-19,9862
4956,光鋐,259,238,21,元大-南京,2024-01-19,9862
00643,群益深証中小,22,1,21,元大-南京,2024-01-19,9862
00931B,統一美債20年,21,0,21,元大-南京,2024-01-19,9862
8096,擎亞,31,10,21,元大-南京,2024-01-19,9862
00665L,富邦�琤肭磪囓�2,20,0,20,元大-南京,2024-01-19,9862
9914,美利達,20,0,20,元大-南京,2024-01-19,9862
00664R,國泰臺灣加權反1,20,0,20,元大-南京,2024-01-19,9862
3035,智原,38,18,20,元大-南京,2024-01-19,9862
00919,群益台灣精選高息,25,6,19,元大-南京,2024-01-19,9862
00639,富邦深100,20,1,19,元大-南京,2024-01-19,9862
00937B,群益ESG投等債20,19,0,19,元大-南京,2024-01-19,9862
3217,優群,23,5,18,元大-南京,2024-01-19,9862
2486,一詮,25,8,17,元大-南京,2024-01-19,9862
8213,志超,17,0,17,元大-南京,2024-01-19,9862
3264,欣銓,17,0,17,元大-南京,2024-01-19,9862
8085,福華,16,0,16,元大-南京,2024-01-19,9862
2884,玉山金,19,4,15,元大-南京,2024-01-19,9862
2408,南亞科,15,0,15,元大-南京,2024-01-19,9862
2454,聯發科,19,5,14,元大-南京,2024-01-19,9862
2606,裕民,15,1,14,元大-南京,2024-01-19,9862
00830,國泰費城半導體,15,2,13,元大-南京,2024-01-19,9862
2520,冠德,17,4,13,元大-南京,2024-01-19,9862
3060,銘異,13,0,13,元大-南京,2024-01-19,9862
00937B,群益ESG投等債20,171,0,171,元大-南京,2024-01-22,9862
2882,國泰金,134,15,119,元大-南京,2024-01-22,9862
00632R,元大台灣50反1,133,24,109,元大-南京,2024-01-22,9862
00882,中信中國高股息,108,0,108,元大-南京,2024-01-22,9862
3706,神達,169,84,85,元大-南京,2024-01-22,9862
6270,倍微,80,0,80,元大-南京,2024-01-22,9862
2618,長榮航,88,19,69,元大-南京,2024-01-22,9862
2610,華航,65,4,61,元大-南京,2024-01-22,9862
00643,群益深証中小,50,0,50,元大-南京,2024-01-22,9862
00639,富邦深100,50,0,50,元大-南京,2024-01-22,9862
00665L,富邦�琤肭磪囓�2,48,0,48,元大-南京,2024-01-22,9862
00878,國泰永續高股息,86,40,46,元大-南京,2024-01-22,9862
00679B,元大美債20年,44,4,40,元大-南京,2024-01-22,9862
3481,群創,52,15,37,元大-南京,2024-01-22,9862
00753L,中信中國50正2,37,0,37,元大-南京,2024-01-22,9862
2887,台新金,35,2,33,元大-南京,2024-01-22,9862
8085,福華,30,1,29,元大-南京,2024-01-22,9862
4979,華星光,34,7,27,元大-南京,2024-01-22,9862
00929,復華台灣科技優息,28,2,26,元大-南京,2024-01-22,9862
3032,偉訓,34,8,26,元大-南京,2024-01-22,9862
8027,鈦昇,38,13,25,元大-南京,2024-01-22,9862
2368,金像電,26,4,22,元大-南京,2024-01-22,9862
6205,詮欣,25,5,20,元大-南京,2024-01-22,9862
6770,力積電,23,3,20,元大-南京,2024-01-22,9862
5347,世界,21,3,18,元大-南京,2024-01-22,9862
1605,華新,17,1,16,元大-南京,2024-01-22,9862
1532,勤美,15,0,15,元大-南京,2024-01-22,9862
00751B,元大AAA至A公司債,14,0,14,元大-南京,2024-01-22,9862
1304,台聚,17,3,14,元大-南京,2024-01-22,9862
00772B,中信高評級公司債,13,0,13,元大-南京,2024-01-22,9862
4743,合一,13,0,13,元大-南京,2024-01-22,9862
4956,光鋐,19,6,13,元大-南京,2024-01-22,9862
5210,寶碩,13,0,13,元大-南京,2024-01-22,9862
6285,啟��,24,12,12,元大-南京,2024-01-22,9862
1216,統一,12,0,12,元大-南京,2024-01-22,9862
3380,明泰,11,0,11,元大-南京,2024-01-22,9862
2408,南亞科,14,3,11,元大-南京,2024-01-22,9862
3306,鼎天,21,10,11,元大-南京,2024-01-22,9862
2892,第一金,12,1,11,元大-南京,2024-01-22,9862
2023,燁輝,11,0,11,元大-南京,2024-01-22,9862
00715L,期街口布蘭特正2,10,0,10,元大-南京,2024-01-22,9862
9945,潤泰新,10,0,10,元大-南京,2024-01-22,9862
1721,三晃,10,0,10,元大-南京,2024-01-22,9862
2409,友達,15,5,10,元大-南京,2024-01-22,9862
9919,康那香,10,0,10,元大-南京,2024-01-22,9862
2465,麗臺,12,2,10,元大-南京,2024-01-22,9862
2906,高林,10,1,9,元大-南京,2024-01-22,9862
3339,泰谷,20,11,9,元大-南京,2024-01-22,9862
5351,鈺創,12,3,9,元大-南京,2024-01-22,9862
00680L,元大美債20正2,41,32,9,元大-南京,2024-01-22,9862
6205,詮欣,281,12,269,元大-南京,2024-01-23,9862
2834,臺企銀,100,6,94,元大-南京,2024-01-23,9862
00632R,元大台灣50反1,87,10,77,元大-南京,2024-01-23,9862
00878,國泰永續高股息,73,4,69,元大-南京,2024-01-23,9862
00937B,群益ESG投等債20,69,1,68,元大-南京,2024-01-23,9862
1101,台泥,70,4,66,元大-南京,2024-01-23,9862
3234,光環,60,0,60,元大-南京,2024-01-23,9862
3346,麗清,60,1,59,元大-南京,2024-01-23,9862
00929,復華台灣科技優息,56,4,52,元大-南京,2024-01-23,9862
6290,良維,40,0,40,元大-南京,2024-01-23,9862
00679B,元大美債20年,41,4,37,元大-南京,2024-01-23,9862
00687B,國泰20年美債,36,0,36,元大-南京,2024-01-23,9862
2356,英業達,190,156,34,元大-南京,2024-01-23,9862
6140,訊達,810,779,31,元大-南京,2024-01-23,9862
6585,鼎基,27,1,26,元大-南京,2024-01-23,9862
2329,華泰,52,28,24,元大-南京,2024-01-23,9862
2610,華航,25,1,24,元大-南京,2024-01-23,9862
3005,神基,23,1,22,元大-南京,2024-01-23,9862
00669R,國泰美國道瓊反1,20,0,20,元大-南京,2024-01-23,9862
2363,矽統,36,17,19,元大-南京,2024-01-23,9862
3306,鼎天,20,1,19,元大-南京,2024-01-23,9862
2609,陽明,24,5,19,元大-南京,2024-01-23,9862
3035,智原,22,5,17,元大-南京,2024-01-23,9862
2486,一詮,21,4,17,元大-南京,2024-01-23,9862
00877,復華中國5G,15,0,15,元大-南京,2024-01-23,9862
8213,志超,15,0,15,元大-南京,2024-01-23,9862
2352,佳世達,16,2,14,元大-南京,2024-01-23,9862
2511,太子,13,0,13,元大-南京,2024-01-23,9862
2324,仁寶,21,9,12,元大-南京,2024-01-23,9862
1319,東陽,18,6,12,元大-南京,2024-01-23,9862
6276,安鈦克,23,11,12,元大-南京,2024-01-23,9862
6933,AMAX-KY,12,0,12,元大-南京,2024-01-23,9862
1326,台化,11,0,11,元大-南京,2024-01-23,9862
2344,華邦電,17,6,11,元大-南京,2024-01-23,9862
5236,凌陽創新,10,0,10,元大-南京,2024-01-23,9862
3437,榮創,11,1,10,元大-南京,2024-01-23,9862
00639,富邦深100,10,0,10,元大-南京,2024-01-23,9862
6270,倍微,10,0,10,元大-南京,2024-01-23,9862
00643,群益深証中小,10,0,10,元大-南京,2024-01-23,9862
00650L,復華香港正2,10,0,10,元大-南京,2024-01-23,9862
6799,來頡,12,3,9,元大-南京,2024-01-23,9862
6124,業強,22,13,9,元大-南京,2024-01-23,9862
8054,安國,12,3,9,元大-南京,2024-01-23,9862
2230,泰茂,8,0,8,元大-南京,2024-01-23,9862
3714,富采,9,1,8,元大-南京,2024-01-23,9862
6841,長佳智能,8,0,8,元大-南京,2024-01-23,9862
2505,國揚,8,0,8,元大-南京,2024-01-23,9862
1725,元禎,8,0,8,元大-南京,2024-01-23,9862
1446,宏和,8,0,8,元大-南京,2024-01-23,9862
2890,永豐金,7,0,7,元大-南京,2024-01-23,9862
6205,詮欣,192,32,160,元大-南京,2024-01-24,9862
2014,中鴻,105,0,105,元大-南京,2024-01-24,9862
2409,友達,98,13,85,元大-南京,2024-01-24,9862
2369,菱生,135,68,67,元大-南京,2024-01-24,9862
00937B,群益ESG投等債20,63,0,63,元大-南京,2024-01-24,9862
6785,昱展新藥,60,0,60,元大-南京,2024-01-24,9862
6140,訊達,722,663,59,元大-南京,2024-01-24,9862
00687B,國泰20年美債,65,7,58,元大-南京,2024-01-24,9862
2607,榮運,58,0,58,元大-南京,2024-01-24,9862
6116,彩晶,55,7,48,元大-南京,2024-01-24,9862
00632R,元大台灣50反1,56,10,46,元大-南京,2024-01-24,9862
1445,大宇,46,0,46,元大-南京,2024-01-24,9862
00679B,元大美債20年,44,2,42,元大-南京,2024-01-24,9862
00665L,富邦�琤肭磪囓�2,100,60,40,元大-南京,2024-01-24,9862
00680L,元大美債20正2,37,2,35,元大-南京,2024-01-24,9862
3036,文曄,35,4,31,元大-南京,2024-01-24,9862
2882,國泰金,30,0,30,元大-南京,2024-01-24,9862
1805,寶徠,30,0,30,元大-南京,2024-01-24,9862
2359,所羅門,33,3,30,元大-南京,2024-01-24,9862
00676R,富邦臺灣加權反1,30,0,30,元大-南京,2024-01-24,9862
3019,亞光,28,0,28,元大-南京,2024-01-24,9862
1314,中石化,25,0,25,元大-南京,2024-01-24,9862
2353,宏��,62,38,24,元大-南京,2024-01-24,9862
2618,長榮航,35,14,21,元大-南京,2024-01-24,9862
3306,鼎天,22,2,20,元大-南京,2024-01-24,9862
00637L,元大滬深300正2,27,7,20,元大-南京,2024-01-24,9862
2405,輔信,20,0,20,元大-南京,2024-01-24,9862
2476,鉅祥,20,1,19,元大-南京,2024-01-24,9862
00639,富邦深100,19,0,19,元大-南京,2024-01-24,9862
1773,勝一,19,0,19,元大-南京,2024-01-24,9862
006205,富邦上証,20,1,19,元大-南京,2024-01-24,9862
5469,瀚宇博,22,5,17,元大-南京,2024-01-24,9862
1514,亞力,16,0,16,元大-南京,2024-01-24,9862
1795,美時,16,0,16,元大-南京,2024-01-24,9862
3047,訊舟,20,4,16,元大-南京,2024-01-24,9862
2344,華邦電,32,16,16,元大-南京,2024-01-24,9862
3035,智原,26,11,15,元大-南京,2024-01-24,9862
6290,良維,15,0,15,元大-南京,2024-01-24,9862
00877,復華中國5G,35,20,15,元大-南京,2024-01-24,9862
2356,英業達,98,84,14,元大-南京,2024-01-24,9862
4967,十銓,43,29,14,元大-南京,2024-01-24,9862
1449,佳和,13,0,13,元大-南京,2024-01-24,9862
2501,國建,15,2,13,元大-南京,2024-01-24,9862
00751B,元大AAA至A公司債,18,6,12,元大-南京,2024-01-24,9862
00633L,富邦上証正2,13,1,12,元大-南京,2024-01-24,9862
2609,陽明,25,13,12,元大-南京,2024-01-24,9862
3623,富晶通,27,16,11,元大-南京,2024-01-24,9862
5426,振發,20,9,11,元大-南京,2024-01-24,9862
2374,佳能,11,0,11,元大-南京,2024-01-24,9862
00720B,元大投資級公司債,12,1,11,元大-南京,2024-01-24,9862
00637L,元大滬深300正2,179,30,149,元大-南京,2024-01-25,9862
00687B,國泰20年美債,153,5,148,元大-南京,2024-01-25,9862
2476,鉅祥,146,1,145,元大-南京,2024-01-25,9862
2014,中鴻,106,0,106,元大-南京,2024-01-25,9862
00929,復華台灣科技優息,88,9,79,元大-南京,2024-01-25,9862
00632R,元大台灣50反1,182,115,67,元大-南京,2024-01-25,9862
00751B,元大AAA至A公司債,48,0,48,元大-南京,2024-01-25,9862
2312,金寶,45,0,45,元大-南京,2024-01-25,9862
00679B,元大美債20年,243,203,40,元大-南京,2024-01-25,9862
2356,英業達,128,89,39,元大-南京,2024-01-25,9862
00919,群益台灣精選高息,41,10,31,元大-南京,2024-01-25,9862
6248,沛波,30,0,30,元大-南京,2024-01-25,9862
00937B,群益ESG投等債20,34,5,29,元大-南京,2024-01-25,9862
00688L,國泰20年美債正2,29,1,28,元大-南京,2024-01-25,9862
5426,振發,78,52,26,元大-南京,2024-01-25,9862
00680L,元大美債20正2,41,16,25,元大-南京,2024-01-25,9862
6205,詮欣,23,0,23,元大-南京,2024-01-25,9862
2486,一詮,22,0,22,元大-南京,2024-01-25,9862
2801,彰銀,22,0,22,元大-南京,2024-01-25,9862
1445,大宇,22,0,22,元大-南京,2024-01-25,9862
3588,通嘉,21,0,21,元大-南京,2024-01-25,9862
00676R,富邦臺灣加權反1,21,0,21,元大-南京,2024-01-25,9862
2601,益航,21,0,21,元大-南京,2024-01-25,9862
4550,長佳,30,11,19,元大-南京,2024-01-25,9862
2409,友達,21,3,18,元大-南京,2024-01-25,9862
8096,擎亞,80,62,18,元大-南京,2024-01-25,9862
2443,昶虹,20,2,18,元大-南京,2024-01-25,9862
2883,凱基金,20,2,18,元大-南京,2024-01-25,9862
00720B,元大投資級公司債,16,0,16,元大-南京,2024-01-25,9862
2101,南港,16,0,16,元大-南京,2024-01-25,9862
2308,台達電,15,0,15,元大-南京,2024-01-25,9862
2405,輔信,16,2,14,元大-南京,2024-01-25,9862
3711,日月光投控,21,8,13,元大-南京,2024-01-25,9862
6274,台燿,15,2,13,元大-南京,2024-01-25,9862
8936,國統,20,7,13,元大-南京,2024-01-25,9862
2002,中鋼,13,0,13,元大-南京,2024-01-25,9862
3380,明泰,14,1,13,元大-南京,2024-01-25,9862
2603,長榮,12,0,12,元大-南京,2024-01-25,9862
2441,超豐,12,0,12,元大-南京,2024-01-25,9862
2363,矽統,13,1,12,元大-南京,2024-01-25,9862
3306,鼎天,14,2,12,元大-南京,2024-01-25,9862
00933B,國泰10Y+金融債,12,0,12,元大-南京,2024-01-25,9862
6785,昱展新藥,11,0,11,元大-南京,2024-01-25,9862
3264,欣銓,12,1,11,元大-南京,2024-01-25,9862
2618,長榮航,11,1,10,元大-南京,2024-01-25,9862
6873,泓德能源,10,0,10,元大-南京,2024-01-25,9862
5876,上海商銀,10,0,10,元大-南京,2024-01-25,9862
2355,敬鵬,10,0,10,元大-南京,2024-01-25,9862
1514,亞力,11,1,10,元大-南京,2024-01-25,9862
5236,凌陽創新,10,0,10,元大-南京,2024-01-25,9862
3231,緯創,430,48,382,元大-南京,2024-01-26,9862
2303,聯電,315,119,196,元大-南京,2024-01-26,9862
00929,復華台灣科技優息,155,9,146,元大-南京,2024-01-26,9862
2882,國泰金,106,1,105,元大-南京,2024-01-26,9862
5426,振發,119,30,89,元大-南京,2024-01-26,9862
00687B,國泰20年美債,88,0,88,元大-南京,2024-01-26,9862
3481,群創,124,40,84,元大-南京,2024-01-26,9862
00937B,群益ESG投等債20,87,4,83,元大-南京,2024-01-26,9862
6462,神盾,69,7,62,元大-南京,2024-01-26,9862
6205,詮欣,91,31,60,元大-南京,2024-01-26,9862
00637L,元大滬深300正2,55,9,46,元大-南京,2024-01-26,9862
9105,泰金寶-DR,100,57,43,元大-南京,2024-01-26,9862
8089,康全電訊,54,12,42,元大-南京,2024-01-26,9862
00665L,富邦�琤肭磪囓�2,62,20,42,元大-南京,2024-01-26,9862
3605,宏致,45,3,42,元大-南京,2024-01-26,9862
00882,中信中國高股息,129,91,38,元大-南京,2024-01-26,9862
3036,文曄,45,9,36,元大-南京,2024-01-26,9862
3346,麗清,35,0,35,元大-南京,2024-01-26,9862
2324,仁寶,54,22,32,元大-南京,2024-01-26,9862
6546,正基,30,0,30,元大-南京,2024-01-26,9862
3380,明泰,30,3,27,元大-南京,2024-01-26,9862
3694,海華,57,31,26,元大-南京,2024-01-26,9862
2353,宏��,47,21,26,元大-南京,2024-01-26,9862
00679B,元大美債20年,30,6,24,元大-南京,2024-01-26,9862
1101,台泥,26,2,24,元大-南京,2024-01-26,9862
2312,金寶,67,44,23,元大-南京,2024-01-26,9862
2329,華泰,32,9,23,元大-南京,2024-01-26,9862
3483,力致,31,10,21,元大-南京,2024-01-26,9862
8064,東捷,20,0,20,元大-南京,2024-01-26,9862
8163,達方,20,0,20,元大-南京,2024-01-26,9862
8111,立��,22,2,20,元大-南京,2024-01-26,9862
00919,群益台灣精選高息,32,13,19,元大-南京,2024-01-26,9862
2405,輔信,19,0,19,元大-南京,2024-01-26,9862
00933B,國泰10Y+金融債,19,0,19,元大-南京,2024-01-26,9862
2371,大同,25,8,17,元大-南京,2024-01-26,9862
00713,元大台灣高息低波,20,3,17,元大-南京,2024-01-26,9862
00632R,元大台灣50反1,116,100,16,元大-南京,2024-01-26,9862
4938,和碩,15,1,14,元大-南京,2024-01-26,9862
0061,元大寶滬深,14,0,14,元大-南京,2024-01-26,9862
3322,建舜電,14,0,14,元大-南京,2024-01-26,9862
2486,一詮,15,1,14,元大-南京,2024-01-26,9862
2884,玉山金,15,2,13,元大-南京,2024-01-26,9862
2505,國揚,13,0,13,元大-南京,2024-01-26,9862
3354,律勝,33,21,12,元大-南京,2024-01-26,9862
3276,宇環,15,3,12,元大-南京,2024-01-26,9862
4529,淳紳,11,0,11,元大-南京,2024-01-26,9862
2722,夏都,12,1,11,元大-南京,2024-01-26,9862
5347,世界,10,0,10,元大-南京,2024-01-26,9862
4123,晟德,10,0,10,元大-南京,2024-01-26,9862
2903,遠百,10,0,10,元大-南京,2024-01-26,9862
00632R,元大台灣50反1,212,0,212,元大-南京,2024-01-29,9862
00933B,國泰10Y+金融債,141,0,141,元大-南京,2024-01-29,9862
00679B,元大美債20年,141,18,123,元大-南京,2024-01-29,9862
00937B,群益ESG投等債20,102,5,97,元大-南京,2024-01-29,9862
00687B,國泰20年美債,92,0,92,元大-南京,2024-01-29,9862
2845,遠東銀,92,0,92,元大-南京,2024-01-29,9862
6270,倍微,91,0,91,元大-南京,2024-01-29,9862
00637L,元大滬深300正2,95,8,87,元大-南京,2024-01-29,9862
3231,緯創,161,75,86,元大-南京,2024-01-29,9862
2356,英業達,92,9,83,元大-南京,2024-01-29,9862
00929,復華台灣科技優息,72,8,64,元大-南京,2024-01-29,9862
6546,正基,95,36,59,元大-南京,2024-01-29,9862
00753L,中信中國50正2,53,0,53,元大-南京,2024-01-29,9862
2882,國泰金,53,2,51,元大-南京,2024-01-29,9862
2301,光寶科,50,5,45,元大-南京,2024-01-29,9862
00934,中信成長高股息,45,0,45,元大-南京,2024-01-29,9862
2303,聯電,54,15,39,元大-南京,2024-01-29,9862
8069,元太,41,6,35,元大-南京,2024-01-29,9862
3535,晶彩科,39,6,33,元大-南京,2024-01-29,9862
00724B,群益投資級金融債,30,0,30,元大-南京,2024-01-29,9862
5521,工信,30,0,30,元大-南京,2024-01-29,9862
00882,中信中國高股息,26,0,26,元大-南京,2024-01-29,9862
6770,力積電,18,1,17,元大-南京,2024-01-29,9862
00751B,元大AAA至A公司債,16,0,16,元大-南京,2024-01-29,9862
00919,群益台灣精選高息,17,2,15,元大-南京,2024-01-29,9862
2344,華邦電,20,5,15,元大-南京,2024-01-29,9862
8089,康全電訊,17,2,15,元大-南京,2024-01-29,9862
0061,元大寶滬深,14,0,14,元大-南京,2024-01-29,9862
2739,寒舍,21,7,14,元大-南京,2024-01-29,9862
2449,京元電子,14,0,14,元大-南京,2024-01-29,9862
2454,聯發科,22,10,12,元大-南京,2024-01-29,9862
2736,富野,13,1,12,元大-南京,2024-01-29,9862
00643,群益深証中小,12,0,12,元大-南京,2024-01-29,9862
2337,旺宏,12,0,12,元大-南京,2024-01-29,9862
8096,擎亞,50,39,11,元大-南京,2024-01-29,9862
4113,聯上,11,0,11,元大-南京,2024-01-29,9862
6417,韋僑,11,0,11,元大-南京,2024-01-29,9862
5483,中美晶,11,1,10,元大-南京,2024-01-29,9862
00720B,元大投資級公司債,10,0,10,元大-南京,2024-01-29,9862
00680L,元大美債20正2,10,0,10,元大-南京,2024-01-29,9862
3162,精確,10,0,10,元大-南京,2024-01-29,9862
6640,均華,10,0,10,元大-南京,2024-01-29,9862
5533,皇鼎,10,0,10,元大-南京,2024-01-29,9862
3434,哲固,11,1,10,元大-南京,2024-01-29,9862
00636,國泰中國A50,10,0,10,元大-南京,2024-01-29,9862
6741,91APP*-KY,10,0,10,元大-南京,2024-01-29,9862
3623,富晶通,12,3,9,元大-南京,2024-01-29,9862
3128,昇銳,14,5,9,元大-南京,2024-01-29,9862
6901,鑽石投資,9,0,9,元大-南京,2024-01-29,9862
3615,安可,14,6,8,元大-南京,2024-01-29,9862
00919,群益台灣精選高息,137,29,108,元大-南京,2024-01-30,9862
6205,詮欣,85,8,77,元大-南京,2024-01-30,9862
3622,洋華,75,3,72,元大-南京,2024-01-30,9862
00934,中信成長高股息,66,0,66,元大-南京,2024-01-30,9862
2409,友達,75,15,60,元大-南京,2024-01-30,9862
3231,緯創,120,62,58,元大-南京,2024-01-30,9862
00929,復華台灣科技優息,76,24,52,元大-南京,2024-01-30,9862
2337,旺宏,45,0,45,元大-南京,2024-01-30,9862
2312,金寶,44,0,44,元大-南京,2024-01-30,9862
00637L,元大滬深300正2,52,15,37,元大-南京,2024-01-30,9862
00900,富邦特選高股息30,35,0,35,元大-南京,2024-01-30,9862
2882,國泰金,35,1,34,元大-南京,2024-01-30,9862
00830,國泰費城半導體,30,0,30,元大-南京,2024-01-30,9862
00688L,國泰20年美債正2,30,1,29,元大-南京,2024-01-30,9862
8054,安國,88,60,28,元大-南京,2024-01-30,9862
8011,台通,31,4,27,元大-南京,2024-01-30,9862
8089,康全電訊,26,3,23,元大-南京,2024-01-30,9862
00882,中信中國高股息,67,46,21,元大-南京,2024-01-30,9862
3264,欣銓,23,2,21,元大-南京,2024-01-30,9862
00935,野村臺灣新科技50,21,0,21,元大-南京,2024-01-30,9862
2355,敬鵬,27,6,21,元大-南京,2024-01-30,9862
5347,世界,21,0,21,元大-南京,2024-01-30,9862
00687B,國泰20年美債,21,1,20,元大-南京,2024-01-30,9862
1722,台肥,25,5,20,元大-南京,2024-01-30,9862
2887,台新金,19,1,18,元大-南京,2024-01-30,9862
2408,南亞科,19,1,18,元大-南京,2024-01-30,9862
6235,華孚,17,0,17,元大-南京,2024-01-30,9862
2610,華航,16,0,16,元大-南京,2024-01-30,9862
3715,定穎投控,40,24,16,元大-南京,2024-01-30,9862
2014,中鴻,20,4,16,元大-南京,2024-01-30,9862
1301,台塑,17,2,15,元大-南京,2024-01-30,9862
3346,麗清,15,0,15,元大-南京,2024-01-30,9862
4960,誠美材,15,0,15,元大-南京,2024-01-30,9862
00936,台新永續高息中小,20,5,15,元大-南京,2024-01-30,9862
8085,福華,15,0,15,元大-南京,2024-01-30,9862
00670L,富邦NASDAQ正2,15,0,15,元大-南京,2024-01-30,9862
3047,訊舟,15,0,15,元大-南京,2024-01-30,9862
6785,昱展新藥,17,4,13,元大-南京,2024-01-30,9862
00751B,元大AAA至A公司債,13,0,13,元大-南京,2024-01-30,9862
00885,富邦越南,15,2,13,元大-南京,2024-01-30,9862
5210,寶碩,13,0,13,元大-南京,2024-01-30,9862
3694,海華,18,6,12,元大-南京,2024-01-30,9862
2739,寒舍,12,0,12,元大-南京,2024-01-30,9862
2618,長榮航,24,12,12,元大-南京,2024-01-30,9862
6026,福邦證,12,0,12,元大-南京,2024-01-30,9862
6770,力積電,17,5,12,元大-南京,2024-01-30,9862
00937B,群益ESG投等債20,14,2,12,元大-南京,2024-01-30,9862
2892,第一金,13,1,12,元大-南京,2024-01-30,9862
6270,倍微,11,0,11,元大-南京,2024-01-30,9862
00680L,元大美債20正2,11,0,11,元大-南京,2024-01-30,9862
2845,遠東銀,150,0,150,元大-南京,2024-01-31,9862
6270,倍微,170,43,127,元大-南京,2024-01-31,9862
00680L,元大美債20正2,112,6,106,元大-南京,2024-01-31,9862
1101,台泥,102,5,97,元大-南京,2024-01-31,9862
2301,光寶科,83,4,79,元大-南京,2024-01-31,9862
00937B,群益ESG投等債20,64,1,63,元大-南京,2024-01-31,9862
00933B,國泰10Y+金融債,62,1,61,元大-南京,2024-01-31,9862
00929,復華台灣科技優息,60,6,54,元大-南京,2024-01-31,9862
1301,台塑,47,0,47,元大-南京,2024-01-31,9862
6205,詮欣,48,9,39,元大-南京,2024-01-31,9862
00924,復華S＆P500成長,38,0,38,元大-南京,2024-01-31,9862
2312,金寶,37,0,37,元大-南京,2024-01-31,9862
3481,群創,44,8,36,元大-南京,2024-01-31,9862
2308,台達電,36,1,35,元大-南京,2024-01-31,9862
8210,勤誠,34,1,33,元大-南京,2024-01-31,9862
3622,洋華,61,30,31,元大-南京,2024-01-31,9862
00688L,國泰20年美債正2,33,2,31,元大-南京,2024-01-31,9862
2303,聯電,45,14,31,元大-南京,2024-01-31,9862
8996,高力,30,0,30,元大-南京,2024-01-31,9862
00919,群益台灣精選高息,30,2,28,元大-南京,2024-01-31,9862
2888,新光金,25,1,24,元大-南京,2024-01-31,9862
2618,長榮航,27,4,23,元大-南京,2024-01-31,9862
3231,緯創,104,81,23,元大-南京,2024-01-31,9862
00720B,元大投資級公司債,25,3,22,元大-南京,2024-01-31,9862
2542,興富發,20,0,20,元大-南京,2024-01-31,9862
2882,國泰金,20,0,20,元大-南京,2024-01-31,9862
2382,廣達,27,7,20,元大-南京,2024-01-31,9862
3706,神達,20,1,19,元大-南京,2024-01-31,9862
6462,神盾,40,21,19,元大-南京,2024-01-31,9862
8086,宏捷科,20,5,15,元大-南京,2024-01-31,9862
9105,泰金寶-DR,15,0,15,元大-南京,2024-01-31,9862
8059,凱碩,25,10,15,元大-南京,2024-01-31,9862
2330,台積電,22,8,14,元大-南京,2024-01-31,9862
3017,奇鋐,24,10,14,元大-南京,2024-01-31,9862
2356,英業達,50,36,14,元大-南京,2024-01-31,9862
2609,陽明,17,3,14,元大-南京,2024-01-31,9862
3055,蔚華科,75,61,14,元大-南京,2024-01-31,9862
00665L,富邦�琤肭磪囓�2,21,7,14,元大-南京,2024-01-31,9862
2376,技嘉,37,24,13,元大-南京,2024-01-31,9862
3545,敦泰,13,0,13,元大-南京,2024-01-31,9862
3581,博磊,14,1,13,元大-南京,2024-01-31,9862
3036,文曄,17,4,13,元大-南京,2024-01-31,9862
00712,復華富時不動產,12,0,12,元大-南京,2024-01-31,9862
3664,安瑞-KY,13,1,12,元大-南京,2024-01-31,9862
2362,藍天,12,0,12,元大-南京,2024-01-31,9862
00878,國泰永續高股息,18,6,12,元大-南京,2024-01-31,9862
8089,康全電訊,13,2,11,元大-南京,2024-01-31,9862
2880,華南金,11,0,11,元大-南京,2024-01-31,9862
2603,長榮,16,6,10,元大-南京,2024-01-31,9862
6741,91APP*-KY,10,0,10,元大-南京,2024-01-31,9862
00632R,元大台灣50反1,235,16,219,元大-南京,2024-02-01,9862
3622,洋華,253,44,209,元大-南京,2024-02-01,9862
00933B,國泰10Y+金融債,140,0,140,元大-南京,2024-02-01,9862
3017,奇鋐,111,13,98,元大-南京,2024-02-01,9862
00878,國泰永續高股息,76,10,66,元大-南京,2024-02-01,9862
00712,復華富時不動產,59,0,59,元大-南京,2024-02-01,9862
6546,正基,55,0,55,元大-南京,2024-02-01,9862
2014,中鴻,50,3,47,元大-南京,2024-02-01,9862
00929,復華台灣科技優息,62,19,43,元大-南京,2024-02-01,9862
8936,國統,50,13,37,元大-南京,2024-02-01,9862
00687B,國泰20年美債,41,10,31,元大-南京,2024-02-01,9862
1722,台肥,31,0,31,元大-南京,2024-02-01,9862
00882,中信中國高股息,30,0,30,元大-南京,2024-02-01,9862
2409,友達,38,10,28,元大-南京,2024-02-01,9862
00919,群益台灣精選高息,36,11,25,元大-南京,2024-02-01,9862
2812,台中銀,50,25,25,元大-南京,2024-02-01,9862
2610,華航,27,2,25,元大-南京,2024-02-01,9862
2330,台積電,28,4,24,元大-南京,2024-02-01,9862
00637L,元大滬深300正2,36,13,23,元大-南京,2024-02-01,9862
6270,倍微,21,0,21,元大-南京,2024-02-01,9862
2834,臺企銀,21,0,21,元大-南京,2024-02-01,9862
00770,國泰北美科技,22,2,20,元大-南京,2024-02-01,9862
2332,友訊,18,0,18,元大-南京,2024-02-01,9862
8089,康全電訊,23,5,18,元大-南京,2024-02-01,9862
6282,康舒,25,9,16,元大-南京,2024-02-01,9862
00665L,富邦�琤肭磪囓�2,27,11,16,元大-南京,2024-02-01,9862
8111,立��,20,4,16,元大-南京,2024-02-01,9862
6179,亞通,14,0,14,元大-南京,2024-02-01,9862
8064,東捷,14,1,13,元大-南京,2024-02-01,9862
3481,群創,27,14,13,元大-南京,2024-02-01,9862
6741,91APP*-KY,12,0,12,元大-南京,2024-02-01,9862
5272,笙科,24,12,12,元大-南京,2024-02-01,9862
6770,力積電,11,0,11,元大-南京,2024-02-01,9862
3297,杭特,14,3,11,元大-南京,2024-02-01,9862
1304,台聚,15,4,11,元大-南京,2024-02-01,9862
2359,所羅門,11,0,11,元大-南京,2024-02-01,9862
6239,力成,10,0,10,元大-南京,2024-02-01,9862
3325,旭品,20,10,10,元大-南京,2024-02-01,9862
3346,麗清,10,0,10,元大-南京,2024-02-01,9862
9945,潤泰新,10,0,10,元大-南京,2024-02-01,9862
4164,承業醫,10,0,10,元大-南京,2024-02-01,9862
3265,台星科,11,1,10,元大-南京,2024-02-01,9862
6205,詮欣,27,17,10,元大-南京,2024-02-01,9862
2476,鉅祥,9,0,9,元大-南京,2024-02-01,9862
4968,立積,19,11,8,元大-南京,2024-02-01,9862
2230,泰茂,8,0,8,元大-南京,2024-02-01,9862
4167,松瑞藥,8,0,8,元大-南京,2024-02-01,9862
8087,麗升能源,8,0,8,元大-南京,2024-02-01,9862
2801,彰銀,10,2,8,元大-南京,2024-02-01,9862
6585,鼎基,8,0,8,元大-南京,2024-02-01,9862
2537,聯上發,1173,295,878,元大-南京,2024-02-02,9862
3481,群創,135,26,109,元大-南京,2024-02-02,9862
00933B,國泰10Y+金融債,98,0,98,元大-南京,2024-02-02,9862
00637L,元大滬深300正2,70,0,70,元大-南京,2024-02-02,9862
00632R,元大台灣50反1,69,5,64,元大-南京,2024-02-02,9862
4906,正文,60,4,56,元大-南京,2024-02-02,9862
00919,群益台灣精選高息,50,2,48,元大-南京,2024-02-02,9862
8210,勤誠,49,1,48,元大-南京,2024-02-02,9862
3615,安可,62,17,45,元大-南京,2024-02-02,9862
00715L,期街口布蘭特正2,43,0,43,元大-南京,2024-02-02,9862
00937B,群益ESG投等債20,71,30,41,元大-南京,2024-02-02,9862
2408,南亞科,37,0,37,元大-南京,2024-02-02,9862
2834,臺企銀,35,0,35,元大-南京,2024-02-02,9862
00929,復華台灣科技優息,35,0,35,元大-南京,2024-02-02,9862
8086,宏捷科,33,6,27,元大-南京,2024-02-02,9862
00643,群益深証中小,24,0,24,元大-南京,2024-02-02,9862
4536,拓凱,23,0,23,元大-南京,2024-02-02,9862
2603,長榮,25,2,23,元大-南京,2024-02-02,9862
6742,澤米,21,0,21,元大-南京,2024-02-02,9862
3313,斐成,20,0,20,元大-南京,2024-02-02,9862
00713,元大台灣高息低波,20,1,19,元大-南京,2024-02-02,9862
00878,國泰永續高股息,39,20,19,元大-南京,2024-02-02,9862
4529,淳紳,16,0,16,元大-南京,2024-02-02,9862
1314,中石化,15,0,15,元大-南京,2024-02-02,9862
3032,偉訓,16,1,15,元大-南京,2024-02-02,9862
2377,微星,16,2,14,元大-南京,2024-02-02,9862
2609,陽明,21,7,14,元大-南京,2024-02-02,9862
6578,達邦蛋白,14,0,14,元大-南京,2024-02-02,9862
2365,昆盈,15,1,14,元大-南京,2024-02-02,9862
3376,新日興,74,60,14,元大-南京,2024-02-02,9862
8936,國統,16,3,13,元大-南京,2024-02-02,9862
00712,復華富時不動產,13,0,13,元大-南京,2024-02-02,9862
00882,中信中國高股息,18,5,13,元大-南京,2024-02-02,9862
6684,安格,15,2,13,元大-南京,2024-02-02,9862
2891,中信金,12,0,12,元大-南京,2024-02-02,9862
2465,麗臺,12,0,12,元大-南京,2024-02-02,9862
6147,頎邦,12,0,12,元大-南京,2024-02-02,9862
1504,東元,12,0,12,元大-南京,2024-02-02,9862
3504,揚明光,14,2,12,元大-南京,2024-02-02,9862
3530,晶相光,20,8,12,元大-南京,2024-02-02,9862
1514,亞力,16,4,12,元大-南京,2024-02-02,9862
1319,東陽,12,0,12,元大-南京,2024-02-02,9862
3081,聯亞,32,21,11,元大-南京,2024-02-02,9862
3483,力致,22,11,11,元大-南京,2024-02-02,9862
2748,雲品,11,0,11,元大-南京,2024-02-02,9862
2317,鴻海,11,0,11,元大-南京,2024-02-02,9862
5880,合庫金,10,0,10,元大-南京,2024-02-02,9862
2303,聯電,23,13,10,元大-南京,2024-02-02,9862
3587,閎康,14,4,10,元大-南京,2024-02-02,9862
0061,元大寶滬深,10,0,10,元大-南京,2024-02-02,9862
00720B,元大投資級公司債,307,2,305,元大-南京,2024-02-05,9862
3231,緯創,370,115,255,元大-南京,2024-02-05,9862
00680L,元大美債20正2,162,2,160,元大-南京,2024-02-05,9862
2330,台積電,137,23,114,元大-南京,2024-02-05,9862
00687B,國泰20年美債,110,1,109,元大-南京,2024-02-05,9862
00937B,群益ESG投等債20,116,14,102,元大-南京,2024-02-05,9862
1313,聯成,95,0,95,元大-南京,2024-02-05,9862
2376,技嘉,106,11,95,元大-南京,2024-02-05,9862
00878,國泰永續高股息,94,8,86,元大-南京,2024-02-05,9862
00688L,國泰20年美債正2,107,35,72,元大-南京,2024-02-05,9862
2002,中鋼,62,1,61,元大-南京,2024-02-05,9862
3306,鼎天,61,0,61,元大-南京,2024-02-05,9862
1539,巨庭,60,0,60,元大-南京,2024-02-05,9862
00919,群益台灣精選高息,70,10,60,元大-南京,2024-02-05,9862
3036,文曄,68,17,51,元大-南京,2024-02-05,9862
3211,順達,51,0,51,元大-南京,2024-02-05,9862
6005,群益證,51,0,51,元大-南京,2024-02-05,9862
6462,神盾,59,12,47,元大-南京,2024-02-05,9862
00929,復華台灣科技優息,62,21,41,元大-南京,2024-02-05,9862
6546,正基,39,1,38,元大-南京,2024-02-05,9862
00679B,元大美債20年,35,1,34,元大-南京,2024-02-05,9862
00715L,期街口布蘭特正2,38,9,29,元大-南京,2024-02-05,9862
2329,華泰,67,38,29,元大-南京,2024-02-05,9862
2884,玉山金,26,2,24,元大-南京,2024-02-05,9862
2801,彰銀,21,0,21,元大-南京,2024-02-05,9862
00751B,元大AAA至A公司債,30,10,20,元大-南京,2024-02-05,9862
5236,凌陽創新,20,0,20,元大-南京,2024-02-05,9862
4927,泰鼎-KY,20,1,19,元大-南京,2024-02-05,9862
4414,如興,15,0,15,元大-南京,2024-02-05,9862
00643,群益深証中小,15,0,15,元大-南京,2024-02-05,9862
3380,明泰,26,11,15,元大-南京,2024-02-05,9862
3363,上詮,53,39,14,元大-南京,2024-02-05,9862
00665L,富邦�琤肭磪囓�2,14,0,14,元大-南京,2024-02-05,9862
3443,創意,14,0,14,元大-南京,2024-02-05,9862
2421,建準,41,27,14,元大-南京,2024-02-05,9862
6425,易發,19,6,13,元大-南京,2024-02-05,9862
6906,現觀科,14,1,13,元大-南京,2024-02-05,9862
6805,富世達,14,1,13,元大-南京,2024-02-05,9862
2882,國泰金,13,0,13,元大-南京,2024-02-05,9862
2724,藝舍-KY,12,0,12,元大-南京,2024-02-05,9862
3481,群創,27,16,11,元大-南京,2024-02-05,9862
00904,新光臺灣半導體30,11,0,11,元大-南京,2024-02-05,9862
3234,光環,11,0,11,元大-南京,2024-02-05,9862
00932,兆豐永續高息等權,11,0,11,元大-南京,2024-02-05,9862
6684,安格,21,10,11,元大-南京,2024-02-05,9862
2303,聯電,27,16,11,元大-南京,2024-02-05,9862
00933B,國泰10Y+金融債,11,0,11,元大-南京,2024-02-05,9862
00877,復華中國5G,10,0,10,元大-南京,2024-02-05,9862
1409,新纖,12,2,10,元大-南京,2024-02-05,9862
6180,橘子,14,4,10,元大-南京,2024-02-05,9862
00687B,國泰20年美債,454,5,449,元大-南京,2024-02-15,9862
00680L,元大美債20正2,271,16,255,元大-南京,2024-02-15,9862
6462,神盾,243,8,235,元大-南京,2024-02-15,9862
00688L,國泰20年美債正2,200,0,200,元大-南京,2024-02-15,9862
00937B,群益ESG投等債20,207,8,199,元大-南京,2024-02-15,9862
00632R,元大台灣50反1,165,8,157,元大-南京,2024-02-15,9862
2618,長榮航,152,12,140,元大-南京,2024-02-15,9862
00679B,元大美債20年,107,3,104,元大-南京,2024-02-15,9862
00720B,元大投資級公司債,80,0,80,元大-南京,2024-02-15,9862
00751B,元大AAA至A公司債,76,0,76,元大-南京,2024-02-15,9862
1314,中石化,76,1,75,元大-南京,2024-02-15,9862
00712,復華富時不動產,71,1,70,元大-南京,2024-02-15,9862
3294,英濟,55,0,55,元大-南京,2024-02-15,9862
00795B,中信美國公債20年,91,40,51,元大-南京,2024-02-15,9862
5443,均豪,50,1,49,元大-南京,2024-02-15,9862
00933B,國泰10Y+金融債,48,0,48,元大-南京,2024-02-15,9862
1101,台泥,47,3,44,元大-南京,2024-02-15,9862
00676R,富邦臺灣加權反1,38,0,38,元大-南京,2024-02-15,9862
2371,大同,59,22,37,元大-南京,2024-02-15,9862
1313,聯成,40,4,36,元大-南京,2024-02-15,9862
5222,全訊,36,0,36,元大-南京,2024-02-15,9862
3306,鼎天,32,0,32,元大-南京,2024-02-15,9862
8054,安國,53,22,31,元大-南京,2024-02-15,9862
00696B,富邦美債20年,30,0,30,元大-南京,2024-02-15,9862
3548,兆利,43,16,27,元大-南京,2024-02-15,9862
2449,京元電子,27,0,27,元大-南京,2024-02-15,9862
6125,廣運,44,18,26,元大-南京,2024-02-15,9862
00772B,中信高評級公司債,22,0,22,元大-南京,2024-02-15,9862
2633,台灣高鐵,22,0,22,元大-南京,2024-02-15,9862
2399,映泰,32,11,21,元大-南京,2024-02-15,9862
00713,元大台灣高息低波,21,1,20,元大-南京,2024-02-15,9862
1326,台化,21,2,19,元大-南京,2024-02-15,9862
2838,聯邦銀,19,0,19,元大-南京,2024-02-15,9862
6191,精成科,19,1,18,元大-南京,2024-02-15,9862
6026,福邦證,17,0,17,元大-南京,2024-02-15,9862
2344,華邦電,23,7,16,元大-南京,2024-02-15,9862
00655L,國泰中國A50正2,15,0,15,元大-南京,2024-02-15,9862
00923,群益台ESG低碳50,19,4,15,元大-南京,2024-02-15,9862
00725B,國泰投資級公司債,14,0,14,元大-南京,2024-02-15,9862
2464,盟立,35,21,14,元大-南京,2024-02-15,9862
3530,晶相光,14,1,13,元大-南京,2024-02-15,9862
8085,福華,13,0,13,元大-南京,2024-02-15,9862
2904,匯僑,13,0,13,元大-南京,2024-02-15,9862
9904,寶成,13,0,13,元大-南京,2024-02-15,9862
4915,致伸,14,1,13,元大-南京,2024-02-15,9862
3293,鈊象,14,1,13,元大-南京,2024-02-15,9862
6205,詮欣,16,4,12,元大-南京,2024-02-15,9862
9912,偉聯,12,0,12,元大-南京,2024-02-15,9862
2313,華通,28,16,12,元大-南京,2024-02-15,9862
3324,雙鴻,13,2,11,元大-南京,2024-02-15,9862
00937B,群益ESG投等債20,217,0,217,元大-南京,2024-02-16,9862
6462,神盾,175,12,163,元大-南京,2024-02-16,9862
00688L,國泰20年美債正2,157,0,157,元大-南京,2024-02-16,9862
00679B,元大美債20年,141,0,141,元大-南京,2024-02-16,9862
1815,富喬,144,15,129,元大-南京,2024-02-16,9862
00929,復華台灣科技優息,160,39,121,元大-南京,2024-02-16,9862
00680L,元大美債20正2,118,0,118,元大-南京,2024-02-16,9862
00795B,中信美國公債20年,109,0,109,元大-南京,2024-02-16,9862
00687B,國泰20年美債,109,3,106,元大-南京,2024-02-16,9862
00706L,期元大S＆P日圓正2,105,0,105,元大-南京,2024-02-16,9862
8054,安國,103,12,91,元大-南京,2024-02-16,9862
4968,立積,86,10,76,元大-南京,2024-02-16,9862
2303,聯電,69,0,69,元大-南京,2024-02-16,9862
1799,易威,45,0,45,元大-南京,2024-02-16,9862
9904,寶成,45,0,45,元大-南京,2024-02-16,9862
2330,台積電,57,14,43,元大-南京,2024-02-16,9862
5222,全訊,43,0,43,元大-南京,2024-02-16,9862
6164,華興,44,4,40,元大-南京,2024-02-16,9862
6546,正基,39,0,39,元大-南京,2024-02-16,9862
8936,國統,48,10,38,元大-南京,2024-02-16,9862
00919,群益台灣精選高息,52,16,36,元大-南京,2024-02-16,9862
3052,夆典,35,0,35,元大-南京,2024-02-16,9862
00751B,元大AAA至A公司債,48,15,33,元大-南京,2024-02-16,9862
5546,永固-KY,34,2,32,元大-南京,2024-02-16,9862
3294,英濟,33,1,32,元大-南京,2024-02-16,9862
2429,銘旺科,32,1,31,元大-南京,2024-02-16,9862
6799,來頡,33,3,30,元大-南京,2024-02-16,9862
3615,安可,30,1,29,元大-南京,2024-02-16,9862
2371,大同,93,64,29,元大-南京,2024-02-16,9862
00878,國泰永續高股息,65,37,28,元大-南京,2024-02-16,9862
00857B,永豐20年美公債,27,0,27,元大-南京,2024-02-16,9862
1591,駿吉-KY,29,2,27,元大-南京,2024-02-16,9862
3551,世禾,25,3,22,元大-南京,2024-02-16,9862
00931B,統一美債20年,21,0,21,元大-南京,2024-02-16,9862
1806,冠軍,20,0,20,元大-南京,2024-02-16,9862
2801,彰銀,19,0,19,元大-南京,2024-02-16,9862
3035,智原,31,13,18,元大-南京,2024-02-16,9862
4536,拓凱,18,0,18,元大-南京,2024-02-16,9862
6196,帆宣,21,5,16,元大-南京,2024-02-16,9862
2603,長榮,17,2,15,元大-南京,2024-02-16,9862
2812,台中銀,15,0,15,元大-南京,2024-02-16,9862
5388,中磊,16,1,15,元大-南京,2024-02-16,9862
3025,星通,20,5,15,元大-南京,2024-02-16,9862
0056,元大高股息,31,17,14,元大-南京,2024-02-16,9862
6417,韋僑,14,0,14,元大-南京,2024-02-16,9862
6205,詮欣,17,4,13,元大-南京,2024-02-16,9862
3287,廣寰科,16,3,13,元大-南京,2024-02-16,9862
6695,芯鼎,31,18,13,元大-南京,2024-02-16,9862
2376,技嘉,48,35,13,元大-南京,2024-02-16,9862
2208,台船,13,1,12,元大-南京,2024-02-16,9862
1316,上曜,384,6,378,元大-南京,2024-02-19,9862
3231,緯創,419,233,186,元大-南京,2024-02-19,9862
3450,聯鈞,153,21,132,元大-南京,2024-02-19,9862
00878,國泰永續高股息,129,5,124,元大-南京,2024-02-19,9862
2313,華通,124,2,122,元大-南京,2024-02-19,9862
00937B,群益ESG投等債20,115,0,115,元大-南京,2024-02-19,9862
1513,中興電,130,20,110,元大-南京,2024-02-19,9862
3264,欣銓,101,0,101,元大-南京,2024-02-19,9862
00688L,國泰20年美債正2,86,0,86,元大-南京,2024-02-19,9862
6275,元山,104,19,85,元大-南京,2024-02-19,9862
00679B,元大美債20年,70,1,69,元大-南京,2024-02-19,9862
00687B,國泰20年美債,64,1,63,元大-南京,2024-02-19,9862
7402,邑錡,59,1,58,元大-南京,2024-02-19,9862
5443,均豪,84,31,53,元大-南京,2024-02-19,9862
6205,詮欣,93,40,53,元大-南京,2024-02-19,9862
2358,廷鑫,50,0,50,元大-南京,2024-02-19,9862
2352,佳世達,51,3,48,元大-南京,2024-02-19,9862
9904,寶成,46,0,46,元大-南京,2024-02-19,9862
00751B,元大AAA至A公司債,54,10,44,元大-南京,2024-02-19,9862
2382,廣達,47,6,41,元大-南京,2024-02-19,9862
00690,兆豐藍籌30,40,0,40,元大-南京,2024-02-19,9862
00929,復華台灣科技優息,47,8,39,元大-南京,2024-02-19,9862
6770,力積電,41,3,38,元大-南京,2024-02-19,9862
8936,國統,115,78,37,元大-南京,2024-02-19,9862
3052,夆典,37,0,37,元大-南京,2024-02-19,9862
8011,台通,40,4,36,元大-南京,2024-02-19,9862
4164,承業醫,53,20,33,元大-南京,2024-02-19,9862
00900,富邦特選高股息30,40,7,33,元大-南京,2024-02-19,9862
1503,士電,64,32,32,元大-南京,2024-02-19,9862
2383,台光電,34,2,32,元大-南京,2024-02-19,9862
8054,安國,40,9,31,元大-南京,2024-02-19,9862
00933B,國泰10Y+金融債,30,0,30,元大-南京,2024-02-19,9862
2376,技嘉,41,12,29,元大-南京,2024-02-19,9862
6806,森崴能源,41,13,28,元大-南京,2024-02-19,9862
2365,昆盈,45,17,28,元大-南京,2024-02-19,9862
2329,華泰,60,33,27,元大-南京,2024-02-19,9862
00857B,永豐20年美公債,27,0,27,元大-南京,2024-02-19,9862
2353,宏��,46,20,26,元大-南京,2024-02-19,9862
00712,復華富時不動產,25,0,25,元大-南京,2024-02-19,9862
3305,昇貿,26,3,23,元大-南京,2024-02-19,9862
8096,擎亞,38,15,23,元大-南京,2024-02-19,9862
00882,中信中國高股息,29,7,22,元大-南京,2024-02-19,9862
6285,啟��,31,9,22,元大-南京,2024-02-19,9862
2330,台積電,24,2,22,元大-南京,2024-02-19,9862
3036,文曄,28,7,21,元大-南京,2024-02-19,9862
4973,廣穎,20,0,20,元大-南京,2024-02-19,9862
2363,矽統,28,8,20,元大-南京,2024-02-19,9862
2023,燁輝,20,0,20,元大-南京,2024-02-19,9862
00680L,元大美債20正2,52,35,17,元大-南京,2024-02-19,9862
2377,微星,20,3,17,元大-南京,2024-02-19,9862
2537,聯上發,788,0,788,元大-南京,2024-02-20,9862
00680L,元大美債20正2,342,1,341,元大-南京,2024-02-20,9862
1316,上曜,280,18,262,元大-南京,2024-02-20,9862
00878,國泰永續高股息,344,104,240,元大-南京,2024-02-20,9862
00720B,元大投資級公司債,198,0,198,元大-南京,2024-02-20,9862
00751B,元大AAA至A公司債,119,0,119,元大-南京,2024-02-20,9862
6205,詮欣,94,0,94,元大-南京,2024-02-20,9862
1809,中釉,87,2,85,元大-南京,2024-02-20,9862
00688L,國泰20年美債正2,84,0,84,元大-南京,2024-02-20,9862
3450,聯鈞,94,13,81,元大-南京,2024-02-20,9862
3005,神基,92,20,72,元大-南京,2024-02-20,9862
4164,承業醫,66,2,64,元大-南京,2024-02-20,9862
2845,遠東銀,60,0,60,元大-南京,2024-02-20,9862
00637L,元大滬深300正2,64,5,59,元大-南京,2024-02-20,9862
00679B,元大美債20年,57,0,57,元大-南京,2024-02-20,9862
00687B,國泰20年美債,57,1,56,元大-南京,2024-02-20,9862
8054,安國,51,0,51,元大-南京,2024-02-20,9862
1455,集盛,45,0,45,元大-南京,2024-02-20,9862
3312,弘憶股,52,8,44,元大-南京,2024-02-20,9862
6770,力積電,41,0,41,元大-南京,2024-02-20,9862
3052,夆典,42,1,41,元大-南京,2024-02-20,9862
00876,元大全球5G,40,1,39,元大-南京,2024-02-20,9862
9105,泰金寶-DR,43,5,38,元大-南京,2024-02-20,9862
00937B,群益ESG投等債20,38,0,38,元大-南京,2024-02-20,9862
6811,宏�硌穈T,40,5,35,元大-南京,2024-02-20,9862
4129,聯合,30,0,30,元大-南京,2024-02-20,9862
2618,長榮航,29,2,27,元大-南京,2024-02-20,9862
2363,矽統,30,3,27,元大-南京,2024-02-20,9862
8112,至上,43,17,26,元大-南京,2024-02-20,9862
00706L,期元大S＆P日圓正2,26,0,26,元大-南京,2024-02-20,9862
2382,廣達,35,10,25,元大-南京,2024-02-20,9862
3363,上詮,116,91,25,元大-南京,2024-02-20,9862
6282,康舒,37,12,25,元大-南京,2024-02-20,9862
2369,菱生,27,3,24,元大-南京,2024-02-20,9862
8110,華東,32,9,23,元大-南京,2024-02-20,9862
3035,智原,45,23,22,元大-南京,2024-02-20,9862
00891,中信關鍵半導體,23,1,22,元大-南京,2024-02-20,9862
3289,宜特,22,0,22,元大-南京,2024-02-20,9862
4960,誠美材,31,10,21,元大-南京,2024-02-20,9862
3051,力特,18,0,18,元大-南京,2024-02-20,9862
3481,群創,27,9,18,元大-南京,2024-02-20,9862
2610,華航,18,1,17,元大-南京,2024-02-20,9862
2476,鉅祥,25,9,16,元大-南京,2024-02-20,9862
00673R,期元大S＆P原油反1,16,0,16,元大-南京,2024-02-20,9862
2312,金寶,16,0,16,元大-南京,2024-02-20,9862
8105,凌巨,15,0,15,元大-南京,2024-02-20,9862
00713,元大台灣高息低波,21,6,15,元大-南京,2024-02-20,9862
006205,富邦上証,14,0,14,元大-南京,2024-02-20,9862
2891,中信金,30,16,14,元大-南京,2024-02-20,9862
00733,富邦臺灣中小,13,0,13,元大-南京,2024-02-20,9862
00878,國泰永續高股息,337,11,326,元大-南京,2024-02-21,9862
00637L,元大滬深300正2,235,66,169,元大-南京,2024-02-21,9862
2312,金寶,172,13,159,元大-南京,2024-02-21,9862
9105,泰金寶-DR,165,30,135,元大-南京,2024-02-21,9862
00937B,群益ESG投等債20,137,4,133,元大-南京,2024-02-21,9862
00919,群益台灣精選高息,100,18,82,元大-南京,2024-02-21,9862
1314,中石化,72,0,72,元大-南京,2024-02-21,9862
3231,緯創,433,364,69,元大-南京,2024-02-21,9862
00687B,國泰20年美債,63,0,63,元大-南京,2024-02-21,9862
00679B,元大美債20年,77,20,57,元大-南京,2024-02-21,9862
1313,聯成,56,1,55,元大-南京,2024-02-21,9862
2880,華南金,50,0,50,元大-南京,2024-02-21,9862
6282,康舒,50,11,39,元大-南京,2024-02-21,9862
2609,陽明,42,6,36,元大-南京,2024-02-21,9862
00751B,元大AAA至A公司債,31,0,31,元大-南京,2024-02-21,9862
1305,華夏,30,0,30,元大-南京,2024-02-21,9862
2383,台光電,30,1,29,元大-南京,2024-02-21,9862
1785,光洋科,28,1,27,元大-南京,2024-02-21,9862
00652,富邦印度,25,0,25,元大-南京,2024-02-21,9862
2885,元大金,38,13,25,元大-南京,2024-02-21,9862
2303,聯電,31,8,23,元大-南京,2024-02-21,9862
00712,復華富時不動產,22,0,22,元大-南京,2024-02-21,9862
4909,新復興,22,0,22,元大-南京,2024-02-21,9862
3545,敦泰,30,9,21,元大-南京,2024-02-21,9862
8054,安國,31,10,21,元大-南京,2024-02-21,9862
3374,精材,19,0,19,元大-南京,2024-02-21,9862
5519,隆大,22,4,18,元大-南京,2024-02-21,9862
8930,青鋼,29,11,18,元大-南京,2024-02-21,9862
3324,雙鴻,18,1,17,元大-南京,2024-02-21,9862
3051,力特,17,0,17,元大-南京,2024-02-21,9862
6126,信音,18,1,17,元大-南京,2024-02-21,9862
2882,國泰金,16,0,16,元大-南京,2024-02-21,9862
3055,蔚華科,66,50,16,元大-南京,2024-02-21,9862
2505,國揚,15,0,15,元大-南京,2024-02-21,9862
6715,嘉基,15,0,15,元大-南京,2024-02-21,9862
00680L,元大美債20正2,15,0,15,元大-南京,2024-02-21,9862
00786B,元大10年IG銀行債,15,0,15,元大-南京,2024-02-21,9862
4164,承業醫,14,0,14,元大-南京,2024-02-21,9862
6113,亞矽,14,0,14,元大-南京,2024-02-21,9862
2881,富邦金,20,6,14,元大-南京,2024-02-21,9862
3047,訊舟,42,29,13,元大-南京,2024-02-21,9862
3052,夆典,13,0,13,元大-南京,2024-02-21,9862
2382,廣達,19,6,13,元大-南京,2024-02-21,9862
2611,志信,12,0,12,元大-南京,2024-02-21,9862
6770,力積電,11,0,11,元大-南京,2024-02-21,9862
2610,華航,26,15,11,元大-南京,2024-02-21,9862
2367,燿華,20,9,11,元大-南京,2024-02-21,9862
006206,元大上證50,11,0,11,元大-南京,2024-02-21,9862
00645,富邦日本,11,0,11,元大-南京,2024-02-21,9862
1799,易威,11,0,11,元大-南京,2024-02-21,9862
4303,信立,231,0,231,元大-南京,2024-02-22,9862
00919,群益台灣精選高息,210,43,167,元大-南京,2024-02-22,9862
2617,台航,167,12,155,元大-南京,2024-02-22,9862
00937B,群益ESG投等債20,119,1,118,元大-南京,2024-02-22,9862
2449,京元電子,148,37,111,元大-南京,2024-02-22,9862
00687B,國泰20年美債,72,0,72,元大-南京,2024-02-22,9862
00679B,元大美債20年,76,5,71,元大-南京,2024-02-22,9862
00632R,元大台灣50反1,102,37,65,元大-南京,2024-02-22,9862
00720B,元大投資級公司債,66,11,55,元大-南京,2024-02-22,9862
8054,安國,50,1,49,元大-南京,2024-02-22,9862
6462,神盾,54,7,47,元大-南京,2024-02-22,9862
1809,中釉,59,16,43,元大-南京,2024-02-22,9862
00688L,國泰20年美債正2,41,0,41,元大-南京,2024-02-22,9862
2476,鉅祥,51,13,38,元大-南京,2024-02-22,9862
1513,中興電,53,18,35,元大-南京,2024-02-22,9862
1313,聯成,33,0,33,元大-南京,2024-02-22,9862
6189,豐藝,38,6,32,元大-南京,2024-02-22,9862
00918,大華優利高填息30,30,0,30,元大-南京,2024-02-22,9862
00882,中信中國高股息,33,5,28,元大-南京,2024-02-22,9862
00933B,國泰10Y+金融債,38,10,28,元大-南京,2024-02-22,9862
8089,康全電訊,28,1,27,元大-南京,2024-02-22,9862
6205,詮欣,41,14,27,元大-南京,2024-02-22,9862
00637L,元大滬深300正2,36,9,27,元大-南京,2024-02-22,9862
3013,晟銘電,33,7,26,元大-南京,2024-02-22,9862
6770,力積電,37,13,24,元大-南京,2024-02-22,9862
6116,彩晶,24,0,24,元大-南京,2024-02-22,9862
00650L,復華香港正2,23,0,23,元大-南京,2024-02-22,9862
2356,英業達,49,29,20,元大-南京,2024-02-22,9862
00753L,中信中國50正2,20,0,20,元大-南京,2024-02-22,9862
5344,立衛,20,0,20,元大-南京,2024-02-22,9862
4729,熒茂,20,0,20,元大-南京,2024-02-22,9862
3234,光環,22,2,20,元大-南京,2024-02-22,9862
2405,輔信,30,10,20,元大-南京,2024-02-22,9862
1524,耿鼎,31,11,20,元大-南京,2024-02-22,9862
2329,華泰,118,98,20,元大-南京,2024-02-22,9862
3548,兆利,26,8,18,元大-南京,2024-02-22,9862
6164,華興,20,2,18,元大-南京,2024-02-22,9862
3437,榮創,19,1,18,元大-南京,2024-02-22,9862
8996,高力,21,3,18,元大-南京,2024-02-22,9862
9912,偉聯,18,0,18,元大-南京,2024-02-22,9862
2330,台積電,32,16,16,元大-南京,2024-02-22,9862
6789,采鈺,41,25,16,元大-南京,2024-02-22,9862
00680L,元大美債20正2,28,12,16,元大-南京,2024-02-22,9862
3221,台嘉碩,19,4,15,元大-南京,2024-02-22,9862
1515,力山,20,5,15,元大-南京,2024-02-22,9862
5519,隆大,15,0,15,元大-南京,2024-02-22,9862
3265,台星科,23,9,14,元大-南京,2024-02-22,9862
2313,華通,160,147,13,元大-南京,2024-02-22,9862
8111,立��,13,0,13,元大-南京,2024-02-22,9862
4746,台耀,13,0,13,元大-南京,2024-02-22,9862
00878,國泰永續高股息,219,50,169,元大-南京,2024-02-23,9862
4303,信立,160,1,159,元大-南京,2024-02-23,9862
1605,華新,143,0,143,元大-南京,2024-02-23,9862
00919,群益台灣精選高息,264,130,134,元大-南京,2024-02-23,9862
1717,長興,110,4,106,元大-南京,2024-02-23,9862
00933B,國泰10Y+金融債,91,10,81,元大-南京,2024-02-23,9862
00679B,元大美債20年,87,8,79,元大-南京,2024-02-23,9862
00929,復華台灣科技優息,220,147,73,元大-南京,2024-02-23,9862
5483,中美晶,71,1,70,元大-南京,2024-02-23,9862
2449,京元電子,95,33,62,元大-南京,2024-02-23,9862
00632R,元大台灣50反1,66,5,61,元大-南京,2024-02-23,9862
00671R,富邦NASDAQ反1,60,0,60,元大-南京,2024-02-23,9862
00937B,群益ESG投等債20,81,25,56,元大-南京,2024-02-23,9862
2537,聯上發,52,0,52,元大-南京,2024-02-23,9862
8039,台虹,50,0,50,元大-南京,2024-02-23,9862
00795B,中信美國公債20年,48,0,48,元大-南京,2024-02-23,9862
00687B,國泰20年美債,47,0,47,元大-南京,2024-02-23,9862
2610,華航,49,8,41,元大-南京,2024-02-23,9862
6546,正基,40,0,40,元大-南京,2024-02-23,9862
00830,國泰費城半導體,39,1,38,元大-南京,2024-02-23,9862
2489,瑞軒,41,4,37,元大-南京,2024-02-23,9862
6205,詮欣,40,4,36,元大-南京,2024-02-23,9862
8096,擎亞,42,7,35,元大-南京,2024-02-23,9862
00772B,中信高評級公司債,35,1,34,元大-南京,2024-02-23,9862
2313,華通,107,74,33,元大-南京,2024-02-23,9862
3264,欣銓,38,5,33,元大-南京,2024-02-23,9862
3380,明泰,32,0,32,元大-南京,2024-02-23,9862
3005,神基,34,2,32,元大-南京,2024-02-23,9862
2617,台航,31,0,31,元大-南京,2024-02-23,9862
1313,聯成,30,0,30,元大-南京,2024-02-23,9862
6781,AES-KY,30,0,30,元大-南京,2024-02-23,9862
1305,華夏,30,0,30,元大-南京,2024-02-23,9862
00680L,元大美債20正2,27,0,27,元大-南京,2024-02-23,9862
2356,英業達,62,35,27,元大-南京,2024-02-23,9862
6217,中探針,26,1,25,元大-南京,2024-02-23,9862
6153,嘉聯益,28,3,25,元大-南京,2024-02-23,9862
2484,希華,33,8,25,元大-南京,2024-02-23,9862
2891,中信金,26,1,25,元大-南京,2024-02-23,9862
0056,元大高股息,35,11,24,元大-南京,2024-02-23,9862
8028,昇陽半導體,24,0,24,元大-南京,2024-02-23,9862
6257,矽格,60,37,23,元大-南京,2024-02-23,9862
1618,合機,22,1,21,元大-南京,2024-02-23,9862
6719,力智,35,14,21,元大-南京,2024-02-23,9862
2885,元大金,29,9,20,元大-南京,2024-02-23,9862
3551,世禾,22,4,18,元大-南京,2024-02-23,9862
9904,寶成,18,0,18,元大-南京,2024-02-23,9862
2365,昆盈,17,0,17,元大-南京,2024-02-23,9862
3260,威剛,24,7,17,元大-南京,2024-02-23,9862
8059,凱碩,24,7,17,元大-南京,2024-02-23,9862
3322,建舜電,21,5,16,元大-南京,2024-02-23,9862
00878,國泰永續高股息,900,2,898,元大-南京,2024-02-26,9862
00919,群益台灣精選高息,341,51,290,元大-南京,2024-02-26,9862
00918,大華優利高填息30,250,0,250,元大-南京,2024-02-26,9862
4303,信立,162,0,162,元大-南京,2024-02-26,9862
6271,同欣電,112,10,102,元大-南京,2024-02-26,9862
7402,邑錡,99,1,98,元大-南京,2024-02-26,9862
00937B,群益ESG投等債20,176,93,83,元大-南京,2024-02-26,9862
2312,金寶,70,0,70,元大-南京,2024-02-26,9862
00933B,國泰10Y+金融債,77,15,62,元大-南京,2024-02-26,9862
2002,中鋼,61,0,61,元大-南京,2024-02-26,9862
2387,精元,62,2,60,元大-南京,2024-02-26,9862
1618,合機,60,2,58,元大-南京,2024-02-26,9862
1513,中興電,183,131,52,元大-南京,2024-02-26,9862
2371,大同,94,43,51,元大-南京,2024-02-26,9862
3234,光環,51,0,51,元大-南京,2024-02-26,9862
00637L,元大滬深300正2,69,21,48,元大-南京,2024-02-26,9862
6217,中探針,41,0,41,元大-南京,2024-02-26,9862
2030,彰源,40,0,40,元大-南京,2024-02-26,9862
3033,威健,40,1,39,元大-南京,2024-02-26,9862
6719,力智,48,12,36,元大-南京,2024-02-26,9862
00725B,國泰投資級公司債,35,0,35,元大-南京,2024-02-26,9862
2329,華泰,65,32,33,元大-南京,2024-02-26,9862
6275,元山,38,5,33,元大-南京,2024-02-26,9862
1809,中釉,36,5,31,元大-南京,2024-02-26,9862
00722B,群益投資級電信債,30,0,30,元大-南京,2024-02-26,9862
1304,台聚,30,0,30,元大-南京,2024-02-26,9862
4908,前鼎,49,19,30,元大-南京,2024-02-26,9862
6113,亞矽,29,1,28,元大-南京,2024-02-26,9862
2449,京元電子,33,5,28,元大-南京,2024-02-26,9862
2353,宏��,36,9,27,元大-南京,2024-02-26,9862
00687B,國泰20年美債,35,11,24,元大-南京,2024-02-26,9862
1710,東聯,23,0,23,元大-南京,2024-02-26,9862
3047,訊舟,26,3,23,元大-南京,2024-02-26,9862
2360,致茂,43,20,23,元大-南京,2024-02-26,9862
3038,全台,23,1,22,元大-南京,2024-02-26,9862
2313,華通,29,7,22,元大-南京,2024-02-26,9862
3036,文曄,35,14,21,元大-南京,2024-02-26,9862
6227,茂綸,23,2,21,元大-南京,2024-02-26,9862
2409,友達,25,5,20,元大-南京,2024-02-26,9862
1815,富喬,53,33,20,元大-南京,2024-02-26,9862
1799,易威,20,0,20,元大-南京,2024-02-26,9862
6189,豐藝,29,9,20,元大-南京,2024-02-26,9862
00665L,富邦�琤肭磪囓�2,40,20,20,元大-南京,2024-02-26,9862
8047,星雲,20,1,19,元大-南京,2024-02-26,9862
6585,鼎基,20,3,17,元大-南京,2024-02-26,9862
2892,第一金,33,16,17,元大-南京,2024-02-26,9862
2615,萬海,16,0,16,元大-南京,2024-02-26,9862
5309,系統電,16,0,16,元大-南京,2024-02-26,9862
3437,榮創,14,0,14,元大-南京,2024-02-26,9862
3264,欣銓,15,1,14,元大-南京,2024-02-26,9862
00878,國泰永續高股息,1646,260,1386,元大-南京,2024-02-27,9862
00680L,元大美債20正2,620,0,620,元大-南京,2024-02-27,9862
00919,群益台灣精選高息,269,31,238,元大-南京,2024-02-27,9862
00937B,群益ESG投等債20,241,5,236,元大-南京,2024-02-27,9862
4147,中裕,206,7,199,元大-南京,2024-02-27,9862
4303,信立,264,74,190,元大-南京,2024-02-27,9862
2618,長榮航,171,3,168,元大-南京,2024-02-27,9862
4532,瑞智,107,0,107,元大-南京,2024-02-27,9862
00929,復華台灣科技優息,230,143,87,元大-南京,2024-02-27,9862
7402,邑錡,76,0,76,元大-南京,2024-02-27,9862
1513,中興電,238,172,66,元大-南京,2024-02-27,9862
2883,凱基金,71,7,64,元大-南京,2024-02-27,9862
00687B,國泰20年美債,70,10,60,元大-南京,2024-02-27,9862
2324,仁寶,81,26,55,元大-南京,2024-02-27,9862
00933B,國泰10Y+金融債,51,0,51,元大-南京,2024-02-27,9862
00679B,元大美債20年,59,12,47,元大-南京,2024-02-27,9862
00650L,復華香港正2,50,3,47,元大-南京,2024-02-27,9862
1303,南亞,50,4,46,元大-南京,2024-02-27,9862
2201,裕隆,41,0,41,元大-南京,2024-02-27,9862
2610,華航,40,1,39,元大-南京,2024-02-27,9862
3324,雙鴻,47,8,39,元大-南京,2024-02-27,9862
3037,欣興,275,240,35,元大-南京,2024-02-27,9862
4542,科嶠,38,4,34,元大-南京,2024-02-27,9862
8111,立��,33,0,33,元大-南京,2024-02-27,9862
2360,致茂,32,0,32,元大-南京,2024-02-27,9862
2313,華通,64,32,32,元大-南京,2024-02-27,9862
2329,華泰,53,21,32,元大-南京,2024-02-27,9862
8092,建暐,30,0,30,元大-南京,2024-02-27,9862
1809,中釉,35,6,29,元大-南京,2024-02-27,9862
2880,華南金,30,2,28,元大-南京,2024-02-27,9862
2409,友達,39,11,28,元大-南京,2024-02-27,9862
2617,台航,31,5,26,元大-南京,2024-02-27,9862
00662,富邦NASDAQ,25,0,25,元大-南京,2024-02-27,9862
3047,訊舟,25,0,25,元大-南京,2024-02-27,9862
3380,明泰,25,0,25,元大-南京,2024-02-27,9862
1514,亞力,52,28,24,元大-南京,2024-02-27,9862
00795B,中信美國公債20年,23,0,23,元大-南京,2024-02-27,9862
9105,泰金寶-DR,23,0,23,元大-南京,2024-02-27,9862
3322,建舜電,23,0,23,元大-南京,2024-02-27,9862
6806,森崴能源,40,17,23,元大-南京,2024-02-27,9862
3030,德律,31,8,23,元大-南京,2024-02-27,9862
6113,亞矽,33,12,21,元大-南京,2024-02-27,9862
2405,輔信,33,13,20,元大-南京,2024-02-27,9862
1304,台聚,21,1,20,元大-南京,2024-02-27,9862
2348,海悅,20,0,20,元大-南京,2024-02-27,9862
2028,威致,20,0,20,元大-南京,2024-02-27,9862
00712,復華富時不動產,19,0,19,元大-南京,2024-02-27,9862
6146,耕興,26,7,19,元大-南京,2024-02-27,9862
8096,擎亞,21,4,17,元大-南京,2024-02-27,9862
2891,中信金,19,2,17,元大-南京,2024-02-27,9862
6116,彩晶,450,3,447,元大-南京,2024-02-29,9862
00680L,元大美債20正2,171,0,171,元大-南京,2024-02-29,9862
1503,士電,136,36,100,元大-南京,2024-02-29,9862
00937B,群益ESG投等債20,140,53,87,元大-南京,2024-02-29,9862
6806,森崴能源,102,19,83,元大-南京,2024-02-29,9862
2301,光寶科,83,4,79,元大-南京,2024-02-29,9862
6684,安格,102,28,74,元大-南京,2024-02-29,9862
7402,邑錡,83,10,73,元大-南京,2024-02-29,9862
00687B,國泰20年美債,70,5,65,元大-南京,2024-02-29,9862
8092,建暐,55,0,55,元大-南京,2024-02-29,9862
3030,德律,52,1,51,元大-南京,2024-02-29,9862
00662,富邦NASDAQ,50,1,49,元大-南京,2024-02-29,9862
6770,力積電,44,0,44,元大-南京,2024-02-29,9862
00878,國泰永續高股息,79,36,43,元大-南京,2024-02-29,9862
2489,瑞軒,45,2,43,元大-南京,2024-02-29,9862
2834,臺企銀,50,9,41,元大-南京,2024-02-29,9862
2211,長榮鋼,40,0,40,元大-南京,2024-02-29,9862
00919,群益台灣精選高息,50,13,37,元大-南京,2024-02-29,9862
4927,泰鼎-KY,34,0,34,元大-南京,2024-02-29,9862
1727,中華化,72,40,32,元大-南京,2024-02-29,9862
00933B,國泰10Y+金融債,32,0,32,元大-南京,2024-02-29,9862
2538,基泰,30,0,30,元大-南京,2024-02-29,9862
2303,聯電,37,9,28,元大-南京,2024-02-29,9862
1711,永光,33,6,27,元大-南京,2024-02-29,9862
3479,安勤,25,0,25,元大-南京,2024-02-29,9862
4720,德淵,36,11,25,元大-南京,2024-02-29,9862
2605,新興,30,6,24,元大-南京,2024-02-29,9862
9958,世紀鋼,28,5,23,元大-南京,2024-02-29,9862
00706L,期元大S＆P日圓正2,22,0,22,元大-南京,2024-02-29,9862
2329,華泰,34,12,22,元大-南京,2024-02-29,9862
2353,宏��,27,6,21,元大-南京,2024-02-29,9862
1809,中釉,22,1,21,元大-南京,2024-02-29,9862
6190,萬泰科,21,0,21,元大-南京,2024-02-29,9862
4968,立積,27,6,21,元大-南京,2024-02-29,9862
00679B,元大美債20年,20,0,20,元大-南京,2024-02-29,9862
2312,金寶,20,0,20,元大-南京,2024-02-29,9862
8936,國統,25,5,20,元大-南京,2024-02-29,9862
2025,千興,20,1,19,元大-南京,2024-02-29,9862
2883,凱基金,19,1,18,元大-南京,2024-02-29,9862
6668,中揚光,82,65,17,元大-南京,2024-02-29,9862
6167,久正,20,3,17,元大-南京,2024-02-29,9862
2606,裕民,26,9,17,元大-南京,2024-02-29,9862
2618,長榮航,22,5,17,元大-南京,2024-02-29,9862
00751B,元大AAA至A公司債,16,0,16,元大-南京,2024-02-29,9862
1504,東元,31,15,16,元大-南京,2024-02-29,9862
6274,台燿,17,1,16,元大-南京,2024-02-29,9862
2753,八方雲集,16,0,16,元大-南京,2024-02-29,9862
3265,台星科,18,2,16,元大-南京,2024-02-29,9862
3380,明泰,18,2,16,元大-南京,2024-02-29,9862
2324,仁寶,22,7,15,元大-南京,2024-02-29,9862
00937B,群益ESG投等債20,236,7,229,元大-南京,2024-03-01,9862
8926,台汽電,216,3,213,元大-南京,2024-03-01,9862
00919,群益台灣精選高息,236,48,188,元大-南京,2024-03-01,9862
6806,森崴能源,160,26,134,元大-南京,2024-03-01,9862
00918,大華優利高填息30,136,5,131,元大-南京,2024-03-01,9862
6143,振曜,121,20,101,元大-南京,2024-03-01,9862
7402,邑錡,101,2,99,元大-南京,2024-03-01,9862
00706L,期元大S＆P日圓正2,57,0,57,元大-南京,2024-03-01,9862
3036,文曄,83,27,56,元大-南京,2024-03-01,9862
2615,萬海,62,8,54,元大-南京,2024-03-01,9862
2014,中鴻,50,0,50,元大-南京,2024-03-01,9862
1503,士電,63,13,50,元大-南京,2024-03-01,9862
00662,富邦NASDAQ,49,0,49,元大-南京,2024-03-01,9862
2753,八方雲集,44,0,44,元大-南京,2024-03-01,9862
2476,鉅祥,41,0,41,元大-南京,2024-03-01,9862
2208,台船,41,0,41,元大-南京,2024-03-01,9862
5234,達興材料,40,0,40,元大-南京,2024-03-01,9862
00927,群益半導體收益,33,0,33,元大-南京,2024-03-01,9862
3052,夆典,31,0,31,元大-南京,2024-03-01,9862
00795B,中信美國公債20年,30,0,30,元大-南京,2024-03-01,9862
3055,蔚華科,32,4,28,元大-南京,2024-03-01,9862
00687B,國泰20年美債,29,2,27,元大-南京,2024-03-01,9862
6125,廣運,67,43,24,元大-南京,2024-03-01,9862
2409,友達,44,20,24,元大-南京,2024-03-01,9862
2486,一詮,86,63,23,元大-南京,2024-03-01,9862
2313,華通,39,17,22,元大-南京,2024-03-01,9862
2801,彰銀,31,10,21,元大-南京,2024-03-01,9862
6275,元山,26,5,21,元大-南京,2024-03-01,9862
3706,神達,64,43,21,元大-南京,2024-03-01,9862
4162,智擎,21,0,21,元大-南京,2024-03-01,9862
6116,彩晶,21,0,21,元大-南京,2024-03-01,9862
3363,上詮,35,14,21,元大-南京,2024-03-01,9862
2505,國揚,20,0,20,元大-南京,2024-03-01,9862
00712,復華富時不動產,20,0,20,元大-南京,2024-03-01,9862
2101,南港,18,0,18,元大-南京,2024-03-01,9862
2206,三陽工業,31,14,17,元大-南京,2024-03-01,9862
2317,鴻海,17,1,16,元大-南京,2024-03-01,9862
3050,鈺德,16,0,16,元大-南京,2024-03-01,9862
8473,山林水,20,5,15,元大-南京,2024-03-01,9862
2489,瑞軒,15,0,15,元大-南京,2024-03-01,9862
2891,中信金,35,20,15,元大-南京,2024-03-01,9862
00878,國泰永續高股息,62,48,14,元大-南京,2024-03-01,9862
3708,上緯投控,36,22,14,元大-南京,2024-03-01,9862
4128,中天,14,0,14,元大-南京,2024-03-01,9862
3044,健鼎,14,1,13,元大-南京,2024-03-01,9862
3324,雙鴻,25,12,13,元大-南京,2024-03-01,9862
8054,安國,12,0,12,元大-南京,2024-03-01,9862
6257,矽格,23,11,12,元大-南京,2024-03-01,9862
6205,詮欣,12,0,12,元大-南京,2024-03-01,9862
4513,福裕,20,8,12,元大-南京,2024-03-01,9862
6143,振曜,236,40,196,元大-南京,2024-03-04,9862
00918,大華優利高填息30,156,3,153,元大-南京,2024-03-04,9862
00919,群益台灣精選高息,137,26,111,元大-南京,2024-03-04,9862
2458,義隆,104,6,98,元大-南京,2024-03-04,9862
1773,勝一,101,5,96,元大-南京,2024-03-04,9862
2371,大同,160,67,93,元大-南京,2024-03-04,9862
6015,宏遠證,82,6,76,元大-南京,2024-03-04,9862
00632R,元大台灣50反1,68,5,63,元大-南京,2024-03-04,9862
2476,鉅祥,62,1,61,元大-南京,2024-03-04,9862
00937B,群益ESG投等債20,124,63,61,元大-南京,2024-03-04,9862
00915,凱基優選高股息30,55,1,54,元大-南京,2024-03-04,9862
1301,台塑,53,1,52,元大-南京,2024-03-04,9862
2367,燿華,200,149,51,元大-南京,2024-03-04,9862
2387,精元,50,0,50,元大-南京,2024-03-04,9862
2845,遠東銀,50,0,50,元大-南京,2024-03-04,9862
3005,神基,50,1,49,元大-南京,2024-03-04,9862
7402,邑錡,52,5,47,元大-南京,2024-03-04,9862
00679B,元大美債20年,44,2,42,元大-南京,2024-03-04,9862
5314,世紀,40,0,40,元大-南京,2024-03-04,9862
2618,長榮航,50,12,38,元大-南京,2024-03-04,9862
1513,中興電,65,27,38,元大-南京,2024-03-04,9862
1314,中石化,40,3,37,元大-南京,2024-03-04,9862
5519,隆大,32,1,31,元大-南京,2024-03-04,9862
3234,光環,31,0,31,元大-南京,2024-03-04,9862
2006,東和鋼鐵,31,1,30,元大-南京,2024-03-04,9862
8011,台通,32,3,29,元大-南京,2024-03-04,9862
8085,福華,29,4,25,元大-南京,2024-03-04,9862
2002,中鋼,26,1,25,元大-南京,2024-03-04,9862
2892,第一金,34,10,24,元大-南京,2024-03-04,9862
00933B,國泰10Y+金融債,30,6,24,元大-南京,2024-03-04,9862
6799,來頡,34,11,23,元大-南京,2024-03-04,9862
4726,永昕,26,3,23,元大-南京,2024-03-04,9862
2101,南港,23,1,22,元大-南京,2024-03-04,9862
2515,中工,22,1,21,元大-南京,2024-03-04,9862
2008,高興昌,21,0,21,元大-南京,2024-03-04,9862
6189,豐藝,22,1,21,元大-南京,2024-03-04,9862
4927,泰鼎-KY,22,2,20,元大-南京,2024-03-04,9862
2348,海悅,21,0,21,元大-南京,2024-03-04,9862
2882,國泰金,21,1,20,元大-南京,2024-03-04,9862
1809,中釉,30,10,20,元大-南京,2024-03-04,9862
00795B,中信美國公債20年,20,0,20,元大-南京,2024-03-04,9862
00909,國泰數位支付服務,19,0,19,元大-南京,2024-03-04,9862
1308,亞聚,23,4,19,元大-南京,2024-03-04,9862
00687B,國泰20年美債,35,18,17,元大-南京,2024-03-04,9862
6770,力積電,23,6,17,元大-南京,2024-03-04,9862
00673R,期元大S＆P原油反1,16,0,16,元大-南京,2024-03-04,9862
1589,永冠-KY,19,3,16,元大-南京,2024-03-04,9862
5483,中美晶,16,1,15,元大-南京,2024-03-04,9862
2610,華航,15,1,14,元大-南京,2024-03-04,9862
3588,通嘉,15,1,14,元大-南京,2024-03-04,9862
3689,湧德,200,34,166,元大-南京,2024-03-05,9862
1303,南亞,141,8,133,元大-南京,2024-03-05,9862
1316,上曜,447,323,124,元大-南京,2024-03-05,9862
00915,凱基優選高股息30,117,10,107,元大-南京,2024-03-05,9862
2801,彰銀,108,1,107,元大-南京,2024-03-05,9862
3047,訊舟,103,0,103,元大-南京,2024-03-05,9862
00929,復華台灣科技優息,144,49,95,元大-南京,2024-03-05,9862
00688L,國泰20年美債正2,90,5,85,元大-南京,2024-03-05,9862
2371,大同,103,20,83,元大-南京,2024-03-05,9862
2880,華南金,71,1,70,元大-南京,2024-03-05,9862
00937B,群益ESG投等債20,73,5,68,元大-南京,2024-03-05,9862
00753L,中信中國50正2,62,0,62,元大-南京,2024-03-05,9862
3234,光環,53,0,53,元大-南京,2024-03-05,9862
8039,台虹,50,0,50,元大-南京,2024-03-05,9862
5234,達興材料,52,2,50,元大-南京,2024-03-05,9862
6015,宏遠證,49,0,49,元大-南京,2024-03-05,9862
2476,鉅祥,45,0,45,元大-南京,2024-03-05,9862
3669,圓展,40,3,37,元大-南京,2024-03-05,9862
3105,穩懋,41,6,35,元大-南京,2024-03-05,9862
6116,彩晶,35,2,33,元大-南京,2024-03-05,9862
5519,隆大,31,0,31,元大-南京,2024-03-05,9862
00926,凱基全球菁英55,27,0,27,元大-南京,2024-03-05,9862
2888,新光金,38,11,27,元大-南京,2024-03-05,9862
1409,新纖,40,13,27,元大-南京,2024-03-05,9862
2329,華泰,61,35,26,元大-南京,2024-03-05,9862
4927,泰鼎-KY,24,0,24,元大-南京,2024-03-05,9862
1773,勝一,28,5,23,元大-南京,2024-03-05,9862
3645,達邁,29,7,22,元大-南京,2024-03-05,9862
00680L,元大美債20正2,26,5,21,元大-南京,2024-03-05,9862
8054,安國,38,17,21,元大-南京,2024-03-05,9862
6442,光聖,20,0,20,元大-南京,2024-03-05,9862
00662,富邦NASDAQ,20,0,20,元大-南京,2024-03-05,9862
3265,台星科,25,6,19,元大-南京,2024-03-05,9862
2316,楠梓電,22,3,19,元大-南京,2024-03-05,9862
2409,友達,22,3,19,元大-南京,2024-03-05,9862
3036,文曄,21,2,19,元大-南京,2024-03-05,9862
6126,信音,20,1,19,元大-南京,2024-03-05,9862
3450,聯鈞,21,3,18,元大-南京,2024-03-05,9862
00751B,元大AAA至A公司債,18,0,18,元大-南京,2024-03-05,9862
2885,元大金,17,0,17,元大-南京,2024-03-05,9862
2354,鴻準,15,0,15,元大-南京,2024-03-05,9862
6223,旺矽,15,0,15,元大-南京,2024-03-05,9862
2313,華通,21,7,14,元大-南京,2024-03-05,9862
2327,國巨,14,0,14,元大-南京,2024-03-05,9862
2365,昆盈,16,2,14,元大-南京,2024-03-05,9862
3312,弘憶股,16,2,14,元大-南京,2024-03-05,9862
1455,集盛,15,1,14,元大-南京,2024-03-05,9862
1513,中興電,51,37,14,元大-南京,2024-03-05,9862
2421,建準,15,1,14,元大-南京,2024-03-05,9862
2337,旺宏,15,2,13,元大-南京,2024-03-05,9862
00918,大華優利高填息30,234,2,232,元大-南京,2024-03-06,9862
6275,元山,147,3,144,元大-南京,2024-03-06,9862
2313,華通,124,21,103,元大-南京,2024-03-06,9862
3689,湧德,371,276,95,元大-南京,2024-03-06,9862
00919,群益台灣精選高息,188,104,84,元大-南京,2024-03-06,9862
00632R,元大台灣50反1,82,0,82,元大-南京,2024-03-06,9862
3325,旭品,104,40,64,元大-南京,2024-03-06,9862
2362,藍天,60,0,60,元大-南京,2024-03-06,9862
2382,廣達,70,10,60,元大-南京,2024-03-06,9862
00830,國泰費城半導體,56,0,56,元大-南京,2024-03-06,9862
00687B,國泰20年美債,53,1,52,元大-南京,2024-03-06,9862
1725,元禎,51,0,51,元大-南京,2024-03-06,9862
6113,亞矽,51,1,50,元大-南京,2024-03-06,9862
2405,輔信,50,1,49,元大-南京,2024-03-06,9862
2360,致茂,51,5,46,元大-南京,2024-03-06,9862
3013,晟銘電,139,101,38,元大-南京,2024-03-06,9862
3036,文曄,45,8,37,元大-南京,2024-03-06,9862
8072,陞泰,37,0,37,元大-南京,2024-03-06,9862
1773,勝一,42,6,36,元大-南京,2024-03-06,9862
4414,如興,35,0,35,元大-南京,2024-03-06,9862
3005,神基,69,36,33,元大-南京,2024-03-06,9862
9904,寶成,31,0,31,元大-南京,2024-03-06,9862
00929,復華台灣科技優息,102,75,27,元大-南京,2024-03-06,9862
3231,緯創,44,17,27,元大-南京,2024-03-06,9862
2464,盟立,32,6,26,元大-南京,2024-03-06,9862
3450,聯鈞,31,7,24,元大-南京,2024-03-06,9862
2367,燿華,116,92,24,元大-南京,2024-03-06,9862
00927,群益半導體收益,24,0,24,元大-南京,2024-03-06,9862
00795B,中信美國公債20年,36,12,24,元大-南京,2024-03-06,9862
1102,亞泥,24,4,20,元大-南京,2024-03-06,9862
2489,瑞軒,20,0,20,元大-南京,2024-03-06,9862
00712,復華富時不動產,20,0,20,元大-南京,2024-03-06,9862
00933B,國泰10Y+金融債,24,4,20,元大-南京,2024-03-06,9862
2543,皇昌,42,23,19,元大-南京,2024-03-06,9862
3042,晶技,22,3,19,元大-南京,2024-03-06,9862
1514,亞力,41,22,19,元大-南京,2024-03-06,9862
2355,敬鵬,19,1,18,元大-南京,2024-03-06,9862
5488,松普,25,7,18,元大-南京,2024-03-06,9862
5533,皇鼎,17,0,17,元大-南京,2024-03-06,9862
2916,滿心,17,0,17,元大-南京,2024-03-06,9862
5388,中磊,24,8,16,元大-南京,2024-03-06,9862
5310,天剛,22,6,16,元大-南京,2024-03-06,9862
2474,可成,16,0,16,元大-南京,2024-03-06,9862
1799,易威,16,0,16,元大-南京,2024-03-06,9862
8050,廣積,22,6,16,元大-南京,2024-03-06,9862
2356,英業達,37,22,15,元大-南京,2024-03-06,9862
1809,中釉,17,2,15,元大-南京,2024-03-06,9862
5328,華容,15,0,15,元大-南京,2024-03-06,9862
2101,南港,15,0,15,元大-南京,2024-03-06,9862
3669,圓展,15,1,14,元大-南京,2024-03-06,9862
1815,富喬,1817,164,1653,元大-南京,2024-03-07,9862
00632R,元大台灣50反1,288,40,248,元大-南京,2024-03-07,9862
00885,富邦越南,204,8,196,元大-南京,2024-03-07,9862
00937B,群益ESG投等債20,160,17,143,元大-南京,2024-03-07,9862
2885,元大金,178,55,123,元大-南京,2024-03-07,9862
2352,佳世達,99,13,86,元大-南京,2024-03-07,9862
1314,中石化,85,1,84,元大-南京,2024-03-07,9862
00929,復華台灣科技優息,175,91,84,元大-南京,2024-03-07,9862
00915,凱基優選高股息30,56,3,53,元大-南京,2024-03-07,9862
1326,台化,50,0,50,元大-南京,2024-03-07,9862
00892,富邦台灣半導體,70,22,48,元大-南京,2024-03-07,9862
00830,國泰費城半導體,58,11,47,元大-南京,2024-03-07,9862
2201,裕隆,48,2,46,元大-南京,2024-03-07,9862
1301,台塑,57,12,45,元大-南京,2024-03-07,9862
6125,廣運,83,38,45,元大-南京,2024-03-07,9862
2504,國產,55,10,45,元大-南京,2024-03-07,9862
2344,華邦電,68,25,43,元大-南京,2024-03-07,9862
3380,明泰,42,1,41,元大-南京,2024-03-07,9862
2313,華通,132,94,38,元大-南京,2024-03-07,9862
6591,動力-KY,39,2,37,元大-南京,2024-03-07,9862
1711,永光,42,7,35,元大-南京,2024-03-07,9862
4414,如興,35,0,35,元大-南京,2024-03-07,9862
5474,聰泰,36,1,35,元大-南京,2024-03-07,9862
00933B,國泰10Y+金融債,35,5,30,元大-南京,2024-03-07,9862
1455,集盛,49,21,28,元大-南京,2024-03-07,9862
6274,台燿,44,16,28,元大-南京,2024-03-07,9862
5521,工信,27,1,26,元大-南京,2024-03-07,9862
3005,神基,42,17,25,元大-南京,2024-03-07,9862
3376,新日興,45,21,24,元大-南京,2024-03-07,9862
2101,南港,29,5,24,元大-南京,2024-03-07,9862
2323,中環,24,0,24,元大-南京,2024-03-07,9862
3013,晟銘電,46,22,24,元大-南京,2024-03-07,9862
3481,群創,40,17,23,元大-南京,2024-03-07,9862
00687B,國泰20年美債,24,3,21,元大-南京,2024-03-07,9862
3687,歐買尬,21,0,21,元大-南京,2024-03-07,9862
2365,昆盈,22,2,20,元大-南京,2024-03-07,9862
1805,寶徠,20,0,20,元大-南京,2024-03-07,9862
6189,豐藝,22,2,20,元大-南京,2024-03-07,9862
6578,達邦蛋白,20,0,20,元大-南京,2024-03-07,9862
2317,鴻海,52,33,19,元大-南京,2024-03-07,9862
2316,楠梓電,18,0,18,元大-南京,2024-03-07,9862
2355,敬鵬,18,0,18,元大-南京,2024-03-07,9862
1785,光洋科,19,2,17,元大-南京,2024-03-07,9862
2409,友達,26,9,17,元大-南京,2024-03-07,9862
6257,矽格,21,4,17,元大-南京,2024-03-07,9862
3540,曜越,97,81,16,元大-南京,2024-03-07,9862
6667,信紘科,22,6,16,元大-南京,2024-03-07,9862
2425,承啟,17,1,16,元大-南京,2024-03-07,9862
00712,復華富時不動產,15,0,15,元大-南京,2024-03-07,9862
2328,廣宇,15,0,15,元大-南京,2024-03-07,9862
00680L,元大美債20正2,561,20,541,元大-南京,2024-03-08,9862
00919,群益台灣精選高息,594,194,400,元大-南京,2024-03-08,9862
1815,富喬,476,231,245,元大-南京,2024-03-08,9862
4414,如興,220,0,220,元大-南京,2024-03-08,9862
4746,台耀,162,12,150,元大-南京,2024-03-08,9862
2382,廣達,212,64,148,元大-南京,2024-03-08,9862
5234,達興材料,130,3,127,元大-南京,2024-03-08,9862
6143,振曜,125,2,123,元大-南京,2024-03-08,9862
2888,新光金,112,0,112,元大-南京,2024-03-08,9862
00673R,期元大S＆P原油反1,90,0,90,元大-南京,2024-03-08,9862
00915,凱基優選高股息30,97,11,86,元大-南京,2024-03-08,9862
00751B,元大AAA至A公司債,81,1,80,元大-南京,2024-03-08,9862
3481,群創,103,23,80,元大-南京,2024-03-08,9862
2201,裕隆,75,0,75,元大-南京,2024-03-08,9862
00891,中信關鍵半導體,72,13,59,元大-南京,2024-03-08,9862
2603,長榮,93,35,58,元大-南京,2024-03-08,9862
00933B,國泰10Y+金融債,57,1,56,元大-南京,2024-03-08,9862
2897,王道銀行,51,0,51,元大-南京,2024-03-08,9862
2633,台灣高鐵,50,2,48,元大-南京,2024-03-08,9862
00937B,群益ESG投等債20,61,14,47,元大-南京,2024-03-08,9862
00918,大華優利高填息30,156,111,45,元大-南京,2024-03-08,9862
00687B,國泰20年美債,50,8,42,元大-南京,2024-03-08,9862
5905,南仁湖,40,0,40,元大-南京,2024-03-08,9862
2476,鉅祥,38,1,37,元大-南京,2024-03-08,9862
6770,力積電,38,2,36,元大-南京,2024-03-08,9862
2880,華南金,45,11,34,元大-南京,2024-03-08,9862
2312,金寶,57,23,34,元大-南京,2024-03-08,9862
00679B,元大美債20年,35,3,32,元大-南京,2024-03-08,9862
00857B,永豐20年美公債,32,0,32,元大-南京,2024-03-08,9862
6205,詮欣,36,4,32,元大-南京,2024-03-08,9862
3711,日月光投控,66,38,28,元大-南京,2024-03-08,9862
2484,希華,36,9,27,元大-南京,2024-03-08,9862
6116,彩晶,27,0,27,元大-南京,2024-03-08,9862
6257,矽格,31,6,25,元大-南京,2024-03-08,9862
00935,野村臺灣新科技50,32,7,25,元大-南京,2024-03-08,9862
2101,南港,25,0,25,元大-南京,2024-03-08,9862
1809,中釉,24,0,24,元大-南京,2024-03-08,9862
3548,兆利,32,9,23,元大-南京,2024-03-08,9862
2353,宏��,26,3,23,元大-南京,2024-03-08,9862
006208,富邦台50,24,2,22,元大-南京,2024-03-08,9862
3006,晶豪科,24,2,22,元大-南京,2024-03-08,9862
3033,威健,24,2,22,元大-南京,2024-03-08,9862
6197,佳必琪,26,4,22,元大-南京,2024-03-08,9862
00720B,元大投資級公司債,25,4,21,元大-南京,2024-03-08,9862
6125,廣運,42,21,21,元大-南京,2024-03-08,9862
2025,千興,20,0,20,元大-南京,2024-03-08,9862
3339,泰谷,20,0,20,元大-南京,2024-03-08,9862
3380,明泰,22,3,19,元大-南京,2024-03-08,9862
00926,凱基全球菁英55,19,0,19,元大-南京,2024-03-08,9862
8069,元太,57,39,18,元大-南京,2024-03-08,9862
00680L,元大美債20正2,510,13,497,元大-南京,2024-03-11,9862
1535,中宇,169,0,169,元大-南京,2024-03-11,9862
2801,彰銀,160,10,150,元大-南京,2024-03-11,9862
6275,元山,138,3,135,元大-南京,2024-03-11,9862
3163,波若威,131,13,118,元大-南京,2024-03-11,9862
2888,新光金,100,0,100,元大-南京,2024-03-11,9862
6016,康和證,78,3,75,元大-南京,2024-03-11,9862
00929,復華台灣科技優息,124,56,68,元大-南京,2024-03-11,9862
2303,聯電,92,33,59,元大-南京,2024-03-11,9862
00933B,國泰10Y+金融債,55,0,55,元大-南京,2024-03-11,9862
6205,詮欣,51,0,51,元大-南京,2024-03-11,9862
00690,兆豐藍籌30,50,0,50,元大-南京,2024-03-11,9862
6546,正基,41,0,41,元大-南京,2024-03-11,9862
2330,台積電,46,12,34,元大-南京,2024-03-11,9862
00687B,國泰20年美債,105,72,33,元大-南京,2024-03-11,9862
00715L,期街口布蘭特正2,31,0,31,元大-南京,2024-03-11,9862
2610,華航,33,2,31,元大-南京,2024-03-11,9862
3484,崧騰,29,0,29,元大-南京,2024-03-11,9862
6668,中揚光,27,0,27,元大-南京,2024-03-11,9862
00650L,復華香港正2,25,0,25,元大-南京,2024-03-11,9862
00937B,群益ESG投等債20,35,11,24,元大-南京,2024-03-11,9862
6414,樺漢,22,1,21,元大-南京,2024-03-11,9862
00632R,元大台灣50反1,26,5,21,元大-南京,2024-03-11,9862
8271,宇瞻,20,0,20,元大-南京,2024-03-11,9862
00922,國泰台灣領袖50,50,30,20,元大-南京,2024-03-11,9862
2834,臺企銀,24,4,20,元大-南京,2024-03-11,9862
00885,富邦越南,25,7,18,元大-南京,2024-03-11,9862
6703,軒郁,19,1,18,元大-南京,2024-03-11,9862
2206,三陽工業,18,1,17,元大-南京,2024-03-11,9862
2387,精元,20,3,17,元大-南京,2024-03-11,9862
2371,大同,29,12,17,元大-南京,2024-03-11,9862
2308,台達電,77,61,16,元大-南京,2024-03-11,9862
0055,元大MSCI金融,29,14,15,元大-南京,2024-03-11,9862
8933,愛地雅,15,0,15,元大-南京,2024-03-11,9862
3234,光環,14,0,14,元大-南京,2024-03-11,9862
6113,亞矽,14,0,14,元大-南京,2024-03-11,9862
00795B,中信美國公債20年,14,0,14,元大-南京,2024-03-11,9862
2597,潤弘,15,1,14,元大-南京,2024-03-11,9862
00751B,元大AAA至A公司債,24,11,13,元大-南京,2024-03-11,9862
6189,豐藝,14,1,13,元大-南京,2024-03-11,9862
2362,藍天,13,0,13,元大-南京,2024-03-11,9862
1717,長興,13,0,13,元大-南京,2024-03-11,9862
3293,鈊象,14,2,12,元大-南京,2024-03-11,9862
00857B,永豐20年美公債,12,0,12,元大-南京,2024-03-11,9862
2441,超豐,16,4,12,元大-南京,2024-03-11,9862
2603,長榮,23,11,12,元大-南京,2024-03-11,9862
1799,易威,11,0,11,元大-南京,2024-03-11,9862
00927,群益半導體收益,10,0,10,元大-南京,2024-03-11,9862
1527,鑽全,10,0,10,元大-南京,2024-03-11,9862
6128,上福,10,0,10,元大-南京,2024-03-11,9862
3231,緯創,589,37,552,元大-南京,2024-03-12,9862
6275,元山,458,106,352,元大-南京,2024-03-12,9862
2617,台航,155,11,144,元大-南京,2024-03-12,9862
00919,群益台灣精選高息,211,80,131,元大-南京,2024-03-12,9862
1535,中宇,103,0,103,元大-南京,2024-03-12,9862
2352,佳世達,77,1,76,元大-南京,2024-03-12,9862
1445,大宇,68,0,68,元大-南京,2024-03-12,9862
2354,鴻準,78,27,51,元大-南京,2024-03-12,9862
00680L,元大美債20正2,70,19,51,元大-南京,2024-03-12,9862
1103,嘉泥,50,0,50,元大-南京,2024-03-12,9862
2204,中華,47,0,47,元大-南京,2024-03-12,9862
00687B,國泰20年美債,45,0,45,元大-南京,2024-03-12,9862
00902,中信電池及儲能,46,1,45,元大-南京,2024-03-12,9862
00857B,永豐20年美公債,44,0,44,元大-南京,2024-03-12,9862
2888,新光金,43,0,43,元大-南京,2024-03-12,9862
3047,訊舟,43,1,42,元大-南京,2024-03-12,9862
00632R,元大台灣50反1,51,12,39,元大-南京,2024-03-12,9862
6799,來頡,36,1,35,元大-南京,2024-03-12,9862
6005,群益證,34,0,34,元大-南京,2024-03-12,9862
6285,啟��,34,0,34,元大-南京,2024-03-12,9862
00713,元大台灣高息低波,40,8,32,元大-南京,2024-03-12,9862
00795B,中信美國公債20年,30,1,29,元大-南京,2024-03-12,9862
3036,文曄,32,5,27,元大-南京,2024-03-12,9862
3548,兆利,34,8,26,元大-南京,2024-03-12,9862
00650L,復華香港正2,25,0,25,元大-南京,2024-03-12,9862
2883B,凱基金乙特,24,0,24,元大-南京,2024-03-12,9862
8996,高力,37,14,23,元大-南京,2024-03-12,9862
2885,元大金,36,14,22,元大-南京,2024-03-12,9862
6806,森崴能源,26,4,22,元大-南京,2024-03-12,9862
2376,技嘉,38,16,22,元大-南京,2024-03-12,9862
2371,大同,43,22,21,元大-南京,2024-03-12,9862
2903,遠百,21,0,21,元大-南京,2024-03-12,9862
00918,大華優利高填息30,30,10,20,元大-南京,2024-03-12,9862
8926,台汽電,22,2,20,元大-南京,2024-03-12,9862
00927,群益半導體收益,20,0,20,元大-南京,2024-03-12,9862
9910,豐泰,20,0,20,元大-南京,2024-03-12,9862
2330,台積電,28,8,20,元大-南京,2024-03-12,9862
2367,燿華,80,62,18,元大-南京,2024-03-12,9862
6582,申豐,18,0,18,元大-南京,2024-03-12,9862
2467,志聖,19,1,18,元大-南京,2024-03-12,9862
1618,合機,21,4,17,元大-南京,2024-03-12,9862
00712,復華富時不動產,20,3,17,元大-南京,2024-03-12,9862
2206,三陽工業,16,0,16,元大-南京,2024-03-12,9862
00937B,群益ESG投等債20,27,11,16,元大-南京,2024-03-12,9862
3325,旭品,62,46,16,元大-南京,2024-03-12,9862
2465,麗臺,17,1,16,元大-南京,2024-03-12,9862
8112,至上,40,25,15,元大-南京,2024-03-12,9862
6205,詮欣,18,3,15,元大-南京,2024-03-12,9862
2449,京元電子,24,10,14,元大-南京,2024-03-12,9862
1455,集盛,16,2,14,元大-南京,2024-03-12,9862
00919,群益台灣精選高息,522,84,438,元大-南京,2024-03-13,9862
1513,中興電,309,81,228,元大-南京,2024-03-13,9862
00680L,元大美債20正2,143,0,143,元大-南京,2024-03-13,9862
2002,中鋼,127,3,124,元大-南京,2024-03-13,9862
00687B,國泰20年美債,121,0,121,元大-南京,2024-03-13,9862
00751B,元大AAA至A公司債,97,1,96,元大-南京,2024-03-13,9862
6285,啟��,149,60,89,元大-南京,2024-03-13,9862
00933B,國泰10Y+金融債,90,2,88,元大-南京,2024-03-13,9862
00857B,永豐20年美公債,86,0,86,元大-南京,2024-03-13,9862
00688L,國泰20年美債正2,80,0,80,元大-南京,2024-03-13,9862
2377,微星,80,3,77,元大-南京,2024-03-13,9862
00937B,群益ESG投等債20,98,27,71,元大-南京,2024-03-13,9862
00918,大華優利高填息30,74,6,68,元大-南京,2024-03-13,9862
3346,麗清,55,0,55,元大-南京,2024-03-13,9862
8011,台通,184,129,55,元大-南京,2024-03-13,9862
2356,英業達,81,28,53,元大-南京,2024-03-13,9862
2506,太設,52,0,52,元大-南京,2024-03-13,9862
2312,金寶,67,15,52,元大-南京,2024-03-13,9862
00669R,國泰美國道瓊反1,51,0,51,元大-南京,2024-03-13,9862
5234,達興材料,52,3,49,元大-南京,2024-03-13,9862
2201,裕隆,46,0,46,元大-南京,2024-03-13,9862
00929,復華台灣科技優息,164,120,44,元大-南京,2024-03-13,9862
2838,聯邦銀,40,0,40,元大-南京,2024-03-13,9862
00830,國泰費城半導體,55,15,40,元大-南京,2024-03-13,9862
00665L,富邦�琤肭磪囓�2,40,1,39,元大-南京,2024-03-13,9862
6026,福邦證,31,0,31,元大-南京,2024-03-13,9862
6206,飛捷,31,0,31,元大-南京,2024-03-13,9862
00885,富邦越南,37,7,30,元大-南京,2024-03-13,9862
00679B,元大美債20年,77,48,29,元大-南京,2024-03-13,9862
2376,技嘉,48,19,29,元大-南京,2024-03-13,9862
00902,中信電池及儲能,30,2,28,元大-南京,2024-03-13,9862
6125,廣運,52,24,28,元大-南京,2024-03-13,9862
3512,皇龍,43,16,27,元大-南京,2024-03-13,9862
00795B,中信美國公債20年,41,14,27,元大-南京,2024-03-13,9862
1618,合機,29,5,24,元大-南京,2024-03-13,9862
6873,泓德能源,30,6,24,元大-南京,2024-03-13,9862
5009,榮剛,23,0,23,元大-南京,2024-03-13,9862
2371,大同,44,22,22,元大-南京,2024-03-13,9862
8926,台汽電,33,12,21,元大-南京,2024-03-13,9862
1524,耿鼎,43,23,20,元大-南京,2024-03-13,9862
00650L,復華香港正2,40,20,20,元大-南京,2024-03-13,9862
5439,高技,21,1,20,元大-南京,2024-03-13,9862
00637L,元大滬深300正2,29,9,20,元大-南京,2024-03-13,9862
2359,所羅門,19,0,19,元大-南京,2024-03-13,9862
1582,信錦,22,3,19,元大-南京,2024-03-13,9862
4938,和碩,25,7,18,元大-南京,2024-03-13,9862
4128,中天,20,2,18,元大-南京,2024-03-13,9862
2465,麗臺,18,1,17,元大-南京,2024-03-13,9862
2101,南港,17,0,17,元大-南京,2024-03-13,9862
6205,詮欣,17,0,17,元大-南京,2024-03-13,9862
2241,艾姆勒,318,2,316,元大-南京,2024-03-14,9862
3704,合勤控,324,10,314,元大-南京,2024-03-14,9862
9934,成霖,205,0,205,元大-南京,2024-03-14,9862
00919,群益台灣精選高息,525,326,199,元大-南京,2024-03-14,9862
00918,大華優利高填息30,219,25,194,元大-南京,2024-03-14,9862
00680L,元大美債20正2,168,0,168,元大-南京,2024-03-14,9862
00751B,元大AAA至A公司債,166,20,146,元大-南京,2024-03-14,9862
2506,太設,145,0,145,元大-南京,2024-03-14,9862
2883,凱基金,233,95,138,元大-南京,2024-03-14,9862
00688L,國泰20年美債正2,118,0,118,元大-南京,2024-03-14,9862
00929,復華台灣科技優息,158,50,108,元大-南京,2024-03-14,9862
6005,群益證,106,10,96,元大-南京,2024-03-14,9862
2603,長榮,111,15,96,元大-南京,2024-03-14,9862
2408,南亞科,95,1,94,元大-南京,2024-03-14,9862
2897,王道銀行,100,15,85,元大-南京,2024-03-14,9862
2330,台積電,109,28,81,元大-南京,2024-03-14,9862
00915,凱基優選高股息30,83,9,74,元大-南京,2024-03-14,9862
6146,耕興,74,4,70,元大-南京,2024-03-14,9862
1313,聯成,64,4,60,元大-南京,2024-03-14,9862
00795B,中信美國公債20年,59,2,57,元大-南京,2024-03-14,9862
1314,中石化,63,8,55,元大-南京,2024-03-14,9862
00931B,統一美債20年,50,1,49,元大-南京,2024-03-14,9862
3163,波若威,48,6,42,元大-南京,2024-03-14,9862
2880,華南金,59,19,40,元大-南京,2024-03-14,9862
00933B,國泰10Y+金融債,45,11,34,元大-南京,2024-03-14,9862
6582,申豐,33,0,33,元大-南京,2024-03-14,9862
2505,國揚,31,0,31,元大-南京,2024-03-14,9862
1455,集盛,38,9,29,元大-南京,2024-03-14,9862
2891,中信金,37,8,29,元大-南京,2024-03-14,9862
9924,福興,29,0,29,元大-南京,2024-03-14,9862
3231,緯創,61,32,29,元大-南京,2024-03-14,9862
6189,豐藝,38,10,28,元大-南京,2024-03-14,9862
00857B,永豐20年美公債,37,10,27,元大-南京,2024-03-14,9862
2211,長榮鋼,31,4,27,元大-南京,2024-03-14,9862
5347,世界,37,10,27,元大-南京,2024-03-14,9862
1513,中興電,97,70,27,元大-南京,2024-03-14,9862
6190,萬泰科,26,1,25,元大-南京,2024-03-14,9862
5009,榮剛,25,0,25,元大-南京,2024-03-14,9862
6770,力積電,24,0,24,元大-南京,2024-03-14,9862
2020,美亞,23,0,23,元大-南京,2024-03-14,9862
0056,元大高股息,32,9,23,元大-南京,2024-03-14,9862
3708,上緯投控,23,2,21,元大-南京,2024-03-14,9862
00665L,富邦�琤肭磪囓�2,21,0,21,元大-南京,2024-03-14,9862
00673R,期元大S＆P原油反1,20,0,20,元大-南京,2024-03-14,9862
3017,奇鋐,27,7,20,元大-南京,2024-03-14,9862
00937B,群益ESG投等債20,75,56,19,元大-南京,2024-03-14,9862
00882,中信中國高股息,30,11,19,元大-南京,2024-03-14,9862
2353,宏��,22,3,19,元大-南京,2024-03-14,9862
1616,億泰,21,2,19,元大-南京,2024-03-14,9862
1316,上曜,30,12,18,元大-南京,2024-03-14,9862
00919,群益台灣精選高息,374,74,300,元大-南京,2024-03-15,9862
2105,正新,278,4,274,元大-南京,2024-03-15,9862
2382,廣達,302,39,263,元大-南京,2024-03-15,9862
00918,大華優利高填息30,231,18,213,元大-南京,2024-03-15,9862
4938,和碩,179,3,176,元大-南京,2024-03-15,9862
00941,中信上游半導體,213,46,167,元大-南京,2024-03-15,9862
00751B,元大AAA至A公司債,164,0,164,元大-南京,2024-03-15,9862
1314,中石化,183,20,163,元大-南京,2024-03-15,9862
00680L,元大美債20正2,156,0,156,元大-南京,2024-03-15,9862
2603,長榮,152,18,134,元大-南京,2024-03-15,9862
1809,中釉,192,73,119,元大-南京,2024-03-15,9862
3036,文曄,159,44,115,元大-南京,2024-03-15,9862
00679B,元大美債20年,137,24,113,元大-南京,2024-03-15,9862
00937B,群益ESG投等債20,187,76,111,元大-南京,2024-03-15,9862
1103,嘉泥,83,0,83,元大-南京,2024-03-15,9862
00885,富邦越南,82,2,80,元大-南京,2024-03-15,9862
2330,台積電,73,6,67,元大-南京,2024-03-15,9862
6116,彩晶,68,5,63,元大-南京,2024-03-15,9862
2506,太設,61,0,61,元大-南京,2024-03-15,9862
2880,華南金,57,1,56,元大-南京,2024-03-15,9862
00673R,期元大S＆P原油反1,55,0,55,元大-南京,2024-03-15,9862
2834,臺企銀,171,116,55,元大-南京,2024-03-15,9862
2887,台新金,57,3,54,元大-南京,2024-03-15,9862
2303,聯電,90,37,53,元大-南京,2024-03-15,9862
00641R,富邦日本反1,45,0,45,元大-南京,2024-03-15,9862
00795B,中信美國公債20年,43,0,43,元大-南京,2024-03-15,9862
1608,華榮,44,7,37,元大-南京,2024-03-15,9862
00688L,國泰20年美債正2,35,0,35,元大-南京,2024-03-15,9862
1473,台南,31,0,31,元大-南京,2024-03-15,9862
00712,復華富時不動產,29,0,29,元大-南京,2024-03-15,9862
00857B,永豐20年美公債,26,0,26,元大-南京,2024-03-15,9862
00715L,期街口布蘭特正2,28,2,26,元大-南京,2024-03-15,9862
00882,中信中國高股息,25,0,25,元大-南京,2024-03-15,9862
2010,春源,41,16,25,元大-南京,2024-03-15,9862
00720B,元大投資級公司債,25,0,25,元大-南京,2024-03-15,9862
2889,國票金,41,17,24,元大-南京,2024-03-15,9862
00830,國泰費城半導體,27,4,23,元大-南京,2024-03-15,9862
9924,福興,21,0,21,元大-南京,2024-03-15,9862
8089,康全電訊,21,0,21,元大-南京,2024-03-15,9862
00915,凱基優選高股息30,21,1,20,元大-南京,2024-03-15,9862
4927,泰鼎-KY,20,0,20,元大-南京,2024-03-15,9862
6668,中揚光,25,5,20,元大-南京,2024-03-15,9862
2387,精元,20,0,20,元大-南京,2024-03-15,9862
6205,詮欣,19,0,19,元大-南京,2024-03-15,9862
3592,瑞鼎,20,2,18,元大-南京,2024-03-15,9862
3481,群創,46,29,17,元大-南京,2024-03-15,9862
8105,凌巨,17,0,17,元大-南京,2024-03-15,9862
6139,亞翔,22,5,17,元大-南京,2024-03-15,9862
3363,上詮,16,0,16,元大-南京,2024-03-15,9862
6582,申豐,16,0,16,元大-南京,2024-03-15,9862
00885,富邦越南,220,7,213,元大-南京,2024-03-18,9862
2888,新光金,200,2,198,元大-南京,2024-03-18,9862
6125,廣運,202,12,190,元大-南京,2024-03-18,9862
1314,中石化,121,0,121,元大-南京,2024-03-18,9862
00679B,元大美債20年,83,0,83,元大-南京,2024-03-18,9862
00688L,國泰20年美債正2,80,0,80,元大-南京,2024-03-18,9862
00680L,元大美債20正2,80,0,80,元大-南京,2024-03-18,9862
2408,南亞科,68,0,68,元大-南京,2024-03-18,9862
9927,泰銘,99,33,66,元大-南京,2024-03-18,9862
00751B,元大AAA至A公司債,65,0,65,元大-南京,2024-03-18,9862
6290,良維,66,2,64,元大-南京,2024-03-18,9862
6582,申豐,63,0,63,元大-南京,2024-03-18,9862
1101,台泥,56,0,56,元大-南京,2024-03-18,9862
5234,達興材料,50,0,50,元大-南京,2024-03-18,9862
00937B,群益ESG投等債20,50,2,48,元大-南京,2024-03-18,9862
1313,聯成,48,6,42,元大-南京,2024-03-18,9862
00857B,永豐20年美公債,40,0,40,元大-南京,2024-03-18,9862
1608,華榮,39,1,38,元大-南京,2024-03-18,9862
5347,世界,65,27,38,元大-南京,2024-03-18,9862
00687B,國泰20年美債,36,0,36,元大-南京,2024-03-18,9862
00795B,中信美國公債20年,34,0,34,元大-南京,2024-03-18,9862
2371,大同,68,38,30,元大-南京,2024-03-18,9862
2362,藍天,30,0,30,元大-南京,2024-03-18,9862
1514,亞力,37,11,26,元大-南京,2024-03-18,9862
2884,玉山金,94,69,25,元大-南京,2024-03-18,9862
1104,環泥,31,7,24,元大-南京,2024-03-18,9862
6526,達發,25,1,24,元大-南京,2024-03-18,9862
2885,元大金,23,0,23,元大-南京,2024-03-18,9862
3481,群創,29,7,22,元大-南京,2024-03-18,9862
2542,興富發,24,2,22,元大-南京,2024-03-18,9862
8011,台通,22,1,21,元大-南京,2024-03-18,9862
00918,大華優利高填息30,71,50,21,元大-南京,2024-03-18,9862
6577,勁豐,20,0,20,元大-南京,2024-03-18,9862
1103,嘉泥,20,0,20,元大-南京,2024-03-18,9862
8089,康全電訊,26,6,20,元大-南京,2024-03-18,9862
8096,擎亞,20,0,20,元大-南京,2024-03-18,9862
2376,技嘉,25,6,19,元大-南京,2024-03-18,9862
00706L,期元大S＆P日圓正2,19,0,19,元大-南京,2024-03-18,9862
3231,緯創,27,9,18,元大-南京,2024-03-18,9862
1455,集盛,20,3,17,元大-南京,2024-03-18,9862
00933B,國泰10Y+金融債,22,5,17,元大-南京,2024-03-18,9862
2609,陽明,28,12,16,元大-南京,2024-03-18,9862
00720B,元大投資級公司債,16,0,16,元大-南京,2024-03-18,9862
2303,聯電,66,51,15,元大-南京,2024-03-18,9862
1108,幸福,16,2,14,元大-南京,2024-03-18,9862
2409,友達,23,10,13,元大-南京,2024-03-18,9862
2356,英業達,30,17,13,元大-南京,2024-03-18,9862
9951,皇田,13,0,13,元大-南京,2024-03-18,9862
2812,台中銀,16,4,12,元大-南京,2024-03-18,9862
1709,和益,12,0,12,元大-南京,2024-03-18,9862
00919,群益台灣精選高息,362,84,278,元大-南京,2024-03-19,9862
00929,復華台灣科技優息,249,38,211,元大-南京,2024-03-19,9862
00680L,元大美債20正2,152,6,146,元大-南京,2024-03-19,9862
2888,新光金,232,110,122,元大-南京,2024-03-19,9862
00687B,國泰20年美債,118,0,118,元大-南京,2024-03-19,9862
00857B,永豐20年美公債,103,0,103,元大-南京,2024-03-19,9862
2486,一詮,152,51,101,元大-南京,2024-03-19,9862
2323,中環,104,8,96,元大-南京,2024-03-19,9862
00662,富邦NASDAQ,77,0,77,元大-南京,2024-03-19,9862
3596,智易,62,2,60,元大-南京,2024-03-19,9862
1304,台聚,61,4,57,元大-南京,2024-03-19,9862
2208,台船,59,3,56,元大-南京,2024-03-19,9862
00706L,期元大S＆P日圓正2,67,14,53,元大-南京,2024-03-19,9862
00679B,元大美債20年,67,16,51,元大-南京,2024-03-19,9862
00688L,國泰20年美債正2,46,0,46,元大-南京,2024-03-19,9862
8936,國統,45,3,42,元大-南京,2024-03-19,9862
00902,中信電池及儲能,40,0,40,元大-南京,2024-03-19,9862
2897,王道銀行,40,0,40,元大-南京,2024-03-19,9862
1102,亞泥,39,0,39,元大-南京,2024-03-19,9862
00918,大華優利高填息30,47,10,37,元大-南京,2024-03-19,9862
00941,中信上游半導體,35,0,35,元大-南京,2024-03-19,9862
2316,楠梓電,40,5,35,元大-南京,2024-03-19,9862
1101,台泥,53,19,34,元大-南京,2024-03-19,9862
2201,裕隆,29,0,29,元大-南京,2024-03-19,9862
00934,中信成長高股息,27,0,27,元大-南京,2024-03-19,9862
2801,彰銀,27,0,27,元大-南京,2024-03-19,9862
2515,中工,49,23,26,元大-南京,2024-03-19,9862
1103,嘉泥,25,0,25,元大-南京,2024-03-19,9862
1316,上曜,29,6,23,元大-南京,2024-03-19,9862
2354,鴻準,41,20,21,元大-南京,2024-03-19,9862
2301,光寶科,30,10,20,元大-南京,2024-03-19,9862
8091,翔名,25,5,20,元大-南京,2024-03-19,9862
00673R,期元大S＆P原油反1,20,0,20,元大-南京,2024-03-19,9862
5609,中菲行,20,0,20,元大-南京,2024-03-19,9862
1605,華新,35,17,18,元大-南京,2024-03-19,9862
00937B,群益ESG投等債20,22,5,17,元大-南京,2024-03-19,9862
8942,森鉅,17,0,17,元大-南京,2024-03-19,9862
3050,鈺德,17,0,17,元大-南京,2024-03-19,9862
2887,台新金,17,0,17,元大-南京,2024-03-19,9862
4938,和碩,73,57,16,元大-南京,2024-03-19,9862
2520,冠德,16,0,16,元大-南京,2024-03-19,9862
2891,中信金,21,6,15,元大-南京,2024-03-19,9862
6190,萬泰科,14,0,14,元大-南京,2024-03-19,9862
6933,AMAX-KY,15,2,13,元大-南京,2024-03-19,9862
6290,良維,16,3,13,元大-南京,2024-03-19,9862
6278,台表科,16,3,13,元大-南京,2024-03-19,9862
1609,大亞,22,9,13,元大-南京,2024-03-19,9862
1524,耿鼎,16,3,13,元大-南京,2024-03-19,9862
00935,野村臺灣新科技50,12,0,12,元大-南京,2024-03-19,9862
9945,潤泰新,12,0,12,元大-南京,2024-03-19,9862
00919,群益台灣精選高息,542,269,273,元大-南京,2024-03-20,9862
00939,統一台灣高息動能,534,288,246,元大-南京,2024-03-20,9862
4127,天良,256,11,245,元大-南京,2024-03-20,9862
00918,大華優利高填息30,174,68,106,元大-南京,2024-03-20,9862
00857B,永豐20年美公債,105,0,105,元大-南京,2024-03-20,9862
2603,長榮,165,82,83,元大-南京,2024-03-20,9862
2880,華南金,83,3,80,元大-南京,2024-03-20,9862
4526,東台,76,1,75,元大-南京,2024-03-20,9862
00665L,富邦�琤肭磪囓�2,66,0,66,元大-南京,2024-03-20,9862
00687B,國泰20年美債,90,30,60,元大-南京,2024-03-20,9862
00937B,群益ESG投等債20,67,7,60,元大-南京,2024-03-20,9862
3005,神基,95,35,60,元大-南京,2024-03-20,9862
2801,彰銀,59,4,55,元大-南京,2024-03-20,9862
00878,國泰永續高股息,72,18,54,元大-南京,2024-03-20,9862
2301,光寶科,107,53,54,元大-南京,2024-03-20,9862
2367,燿華,92,40,52,元大-南京,2024-03-20,9862
2323,中環,58,10,48,元大-南京,2024-03-20,9862
5234,達興材料,49,2,47,元大-南京,2024-03-20,9862
00679B,元大美債20年,46,0,46,元大-南京,2024-03-20,9862
2834,臺企銀,57,11,46,元大-南京,2024-03-20,9862
3207,耀勝,99,55,44,元大-南京,2024-03-20,9862
2303,聯電,208,165,43,元大-南京,2024-03-20,9862
6582,申豐,42,0,42,元大-南京,2024-03-20,9862
00941,中信上游半導體,44,6,38,元大-南京,2024-03-20,9862
2408,南亞科,52,17,35,元大-南京,2024-03-20,9862
2356,英業達,70,37,33,元大-南京,2024-03-20,9862
2313,華通,35,2,33,元大-南京,2024-03-20,9862
2520,冠德,38,5,33,元大-南京,2024-03-20,9862
1308,亞聚,32,0,32,元大-南京,2024-03-20,9862
1301,台塑,32,1,31,元大-南京,2024-03-20,9862
1101,台泥,40,8,32,元大-南京,2024-03-20,9862
3081,聯亞,29,0,29,元大-南京,2024-03-20,9862
3704,合勤控,36,9,27,元大-南京,2024-03-20,9862
00712,復華富時不動產,30,3,27,元大-南京,2024-03-20,9862
1304,台聚,28,2,26,元大-南京,2024-03-20,9862
2317,鴻海,109,84,25,元大-南京,2024-03-20,9862
6668,中揚光,25,1,24,元大-南京,2024-03-20,9862
2883B,凱基金乙特,24,1,23,元大-南京,2024-03-20,9862
3050,鈺德,23,2,21,元大-南京,2024-03-20,9862
2615,萬海,22,1,21,元大-南京,2024-03-20,9862
8213,志超,22,2,20,元大-南京,2024-03-20,9862
6499,益安,20,0,20,元大-南京,2024-03-20,9862
3234,光環,20,0,20,元大-南京,2024-03-20,9862
00632R,元大台灣50反1,20,1,19,元大-南京,2024-03-20,9862
00680L,元大美債20正2,18,0,18,元大-南京,2024-03-20,9862
6239,力成,28,10,18,元大-南京,2024-03-20,9862
3036,文曄,26,9,17,元大-南京,2024-03-20,9862
1313,聯成,26,9,17,元大-南京,2024-03-20,9862
00641R,富邦日本反1,17,0,17,元大-南京,2024-03-20,9862
6176,瑞儀,19,2,17,元大-南京,2024-03-20,9862
00632R,元大台灣50反1,306,0,306,元大-南京,2024-03-21,9862
00680L,元大美債20正2,316,29,287,元大-南京,2024-03-21,9862
00939,統一台灣高息動能,242,21,221,元大-南京,2024-03-21,9862
3450,聯鈞,210,2,208,元大-南京,2024-03-21,9862
2897,王道銀行,200,0,200,元大-南京,2024-03-21,9862
3289,宜特,164,1,163,元大-南京,2024-03-21,9862
2486,一詮,223,70,153,元大-南京,2024-03-21,9862
00937B,群益ESG投等債20,118,1,117,元大-南京,2024-03-21,9862
5519,隆大,103,6,97,元大-南京,2024-03-21,9862
00687B,國泰20年美債,91,1,90,元大-南京,2024-03-21,9862
00679B,元大美債20年,79,1,78,元大-南京,2024-03-21,9862
00919,群益台灣精選高息,125,51,74,元大-南京,2024-03-21,9862
4127,天良,79,9,70,元大-南京,2024-03-21,9862
2382,廣達,66,13,53,元大-南京,2024-03-21,9862
4714,永捷,50,0,50,元大-南京,2024-03-21,9862
2603,長榮,62,13,49,元大-南京,2024-03-21,9862
00664R,國泰臺灣加權反1,45,0,45,元大-南京,2024-03-21,9862
3005,神基,101,57,44,元大-南京,2024-03-21,9862
2201,裕隆,41,0,41,元大-南京,2024-03-21,9862
2889,國票金,41,0,41,元大-南京,2024-03-21,9862
00864B,中信美國公債0-1,40,0,40,元大-南京,2024-03-21,9862
5521,工信,40,2,38,元大-南京,2024-03-21,9862
9927,泰銘,49,13,36,元大-南京,2024-03-21,9862
2880,華南金,40,7,33,元大-南京,2024-03-21,9862
1734,杏輝,32,0,32,元大-南京,2024-03-21,9862
2101,南港,31,0,31,元大-南京,2024-03-21,9862
00852L,國泰美國道瓊正2,30,0,30,元大-南京,2024-03-21,9862
00933B,國泰10Y+金融債,29,0,29,元大-南京,2024-03-21,9862
3704,合勤控,69,43,26,元大-南京,2024-03-21,9862
6165,浪凡,26,0,26,元大-南京,2024-03-21,9862
1504,東元,42,20,22,元大-南京,2024-03-21,9862
00772B,中信高評級公司債,23,2,21,元大-南京,2024-03-21,9862
6443,元晶,27,6,21,元大-南京,2024-03-21,9862
00688L,國泰20年美債正2,21,0,21,元大-南京,2024-03-21,9862
4123,晟德,21,0,21,元大-南京,2024-03-21,9862
00670L,富邦NASDAQ正2,21,0,21,元大-南京,2024-03-21,9862
5498,凱崴,20,0,20,元大-南京,2024-03-21,9862
8011,台通,26,6,20,元大-南京,2024-03-21,9862
2611,志信,20,1,19,元大-南京,2024-03-21,9862
00830,國泰費城半導體,19,0,19,元大-南京,2024-03-21,9862
00941,中信上游半導體,21,4,17,元大-南京,2024-03-21,9862
2903,遠百,31,14,17,元大-南京,2024-03-21,9862
2329,華泰,20,4,16,元大-南京,2024-03-21,9862
2368,金像電,16,0,16,元大-南京,2024-03-21,9862
3013,晟銘電,22,6,16,元大-南京,2024-03-21,9862
5234,達興材料,16,1,15,元大-南京,2024-03-21,9862
2605,新興,15,0,15,元大-南京,2024-03-21,9862
2405,輔信,36,21,15,元大-南京,2024-03-21,9862
00720B,元大投資級公司債,15,0,15,元大-南京,2024-03-21,9862
2376,技嘉,25,10,15,元大-南京,2024-03-21,9862
1605,華新,567,9,558,元大-南京,2024-03-22,9862
00720B,元大投資級公司債,268,2,266,元大-南京,2024-03-22,9862
2387,精元,179,2,177,元大-南京,2024-03-22,9862
00687B,國泰20年美債,110,0,110,元大-南京,2024-03-22,9862
00939,統一台灣高息動能,114,7,107,元大-南京,2024-03-22,9862
2371,大同,115,23,92,元大-南京,2024-03-22,9862
00885,富邦越南,103,21,82,元大-南京,2024-03-22,9862
2303,聯電,122,48,74,元大-南京,2024-03-22,9862
2903,遠百,60,0,60,元大-南京,2024-03-22,9862
5309,系統電,54,0,54,元大-南京,2024-03-22,9862
6165,浪凡,54,0,54,元大-南京,2024-03-22,9862
3622,洋華,55,1,54,元大-南京,2024-03-22,9862
00706L,期元大S＆P日圓正2,52,0,52,元大-南京,2024-03-22,9862
2323,中環,61,9,52,元大-南京,2024-03-22,9862
00937B,群益ESG投等債20,46,2,44,元大-南京,2024-03-22,9862
3706,神達,202,158,44,元大-南京,2024-03-22,9862
6806,森崴能源,49,7,42,元大-南京,2024-03-22,9862
3207,耀勝,50,8,42,元大-南京,2024-03-22,9862
2006,東和鋼鐵,44,2,42,元大-南京,2024-03-22,9862
00632R,元大台灣50反1,41,0,41,元大-南京,2024-03-22,9862
1314,中石化,33,0,33,元大-南京,2024-03-22,9862
1513,中興電,63,30,33,元大-南京,2024-03-22,9862
6235,華孚,37,5,32,元大-南京,2024-03-22,9862
2353,宏��,100,68,32,元大-南京,2024-03-22,9862
8271,宇瞻,33,2,31,元大-南京,2024-03-22,9862
00933B,國泰10Y+金融債,53,22,31,元大-南京,2024-03-22,9862
5347,世界,34,4,30,元大-南京,2024-03-22,9862
2344,華邦電,41,12,29,元大-南京,2024-03-22,9862
2317,鴻海,196,169,27,元大-南京,2024-03-22,9862
5519,隆大,30,3,27,元大-南京,2024-03-22,9862
8163,達方,27,0,27,元大-南京,2024-03-22,9862
00680L,元大美債20正2,28,3,25,元大-南京,2024-03-22,9862
9927,泰銘,24,0,24,元大-南京,2024-03-22,9862
3481,群創,170,147,23,元大-南京,2024-03-22,9862
6147,頎邦,24,2,22,元大-南京,2024-03-22,9862
2002,中鋼,25,4,21,元大-南京,2024-03-22,9862
00891,中信關鍵半導體,21,0,21,元大-南京,2024-03-22,9862
6257,矽格,23,2,21,元大-南京,2024-03-22,9862
5469,瀚宇博,25,4,21,元大-南京,2024-03-22,9862
2312,金寶,40,20,20,元大-南京,2024-03-22,9862
3058,立德,20,0,20,元大-南京,2024-03-22,9862
6443,元晶,49,31,18,元大-南京,2024-03-22,9862
1618,合機,22,4,18,元大-南京,2024-03-22,9862
8110,華東,27,9,18,元大-南京,2024-03-22,9862
6189,豐藝,34,17,17,元大-南京,2024-03-22,9862
2324,仁寶,35,18,17,元大-南京,2024-03-22,9862
3708,上緯投控,32,16,16,元大-南京,2024-03-22,9862
4771,望隼,16,0,16,元大-南京,2024-03-22,9862
5483,中美晶,23,7,16,元大-南京,2024-03-22,9862
1103,嘉泥,15,0,15,元大-南京,2024-03-22,9862
6227,茂綸,159,1,158,元大-南京,2024-03-25,9862
2371,大同,259,102,157,元大-南京,2024-03-25,9862
2356,英業達,206,56,150,元大-南京,2024-03-25,9862
00939,統一台灣高息動能,171,41,130,元大-南京,2024-03-25,9862
00687B,國泰20年美債,110,0,110,元大-南京,2024-03-25,9862
1605,華新,123,24,99,元大-南京,2024-03-25,9862
6753,龍德造船,102,14,88,元大-南京,2024-03-25,9862
00919,群益台灣精選高息,131,43,88,元大-南京,2024-03-25,9862
1609,大亞,180,124,56,元大-南京,2024-03-25,9862
2486,一詮,237,184,53,元大-南京,2024-03-25,9862
5009,榮剛,54,2,52,元大-南京,2024-03-25,9862
00937B,群益ESG投等債20,105,53,52,元大-南京,2024-03-25,9862
1815,富喬,55,4,51,元大-南京,2024-03-25,9862
3483,力致,52,1,51,元大-南京,2024-03-25,9862
2303,聯電,58,9,49,元大-南京,2024-03-25,9862
00679B,元大美債20年,51,5,46,元大-南京,2024-03-25,9862
2308,台達電,59,14,45,元大-南京,2024-03-25,9862
00878,國泰永續高股息,40,0,40,元大-南京,2024-03-25,9862
1597,直得,40,0,40,元大-南京,2024-03-25,9862
00941,中信上游半導體,84,46,38,元大-南京,2024-03-25,9862
2301,光寶科,60,28,32,元大-南京,2024-03-25,9862
2884,玉山金,33,1,32,元大-南京,2024-03-25,9862
3231,緯創,72,40,32,元大-南京,2024-03-25,9862
8027,鈦昇,30,0,30,元大-南京,2024-03-25,9862
2505,國揚,30,0,30,元大-南京,2024-03-25,9862
3010,華立,30,1,29,元大-南京,2024-03-25,9862
2027,大成鋼,28,1,27,元大-南京,2024-03-25,9862
6112,邁達特,24,0,24,元大-南京,2024-03-25,9862
00712,復華富時不動產,30,6,24,元大-南京,2024-03-25,9862
912000,晨訊科-DR,22,0,22,元大-南京,2024-03-25,9862
2359,所羅門,62,41,21,元大-南京,2024-03-25,9862
1432,大魯閣,20,0,20,元大-南京,2024-03-25,9862
3545,敦泰,23,3,20,元大-南京,2024-03-25,9862
00918,大華優利高填息30,21,1,20,元大-南京,2024-03-25,9862
2880,華南金,23,3,20,元大-南京,2024-03-25,9862
00751B,元大AAA至A公司債,19,0,19,元大-南京,2024-03-25,9862
4306,炎洲,20,1,19,元大-南京,2024-03-25,9862
3580,友威科,19,0,19,元大-南京,2024-03-25,9862
8147,正淩,25,7,18,元大-南京,2024-03-25,9862
6016,康和證,17,0,17,元大-南京,2024-03-25,9862
2406,國碩,17,1,16,元大-南京,2024-03-25,9862
6189,豐藝,16,1,15,元大-南京,2024-03-25,9862
1103,嘉泥,15,0,15,元大-南京,2024-03-25,9862
2317,鴻海,71,56,15,元大-南京,2024-03-25,9862
6770,力積電,16,2,14,元大-南京,2024-03-25,9862
2387,精元,14,0,14,元大-南京,2024-03-25,9862
3006,晶豪科,13,0,13,元大-南京,2024-03-25,9862
6550,北極星藥業-KY,13,0,13,元大-南京,2024-03-25,9862
00929,復華台灣科技優息,49,36,13,元大-南京,2024-03-25,9862
2382,廣達,22,9,13,元大-南京,2024-03-25,9862
1455,集盛,210,40,170,元大-南京,2024-03-26,9862
00939,統一台灣高息動能,189,21,168,元大-南京,2024-03-26,9862
2618,長榮航,101,0,101,元大-南京,2024-03-26,9862
3231,緯創,131,39,92,元大-南京,2024-03-26,9862
2303,聯電,96,12,84,元大-南京,2024-03-26,9862
2371,大同,408,334,74,元大-南京,2024-03-26,9862
00632R,元大台灣50反1,100,29,71,元大-南京,2024-03-26,9862
1609,大亞,177,108,69,元大-南京,2024-03-26,9862
00941,中信上游半導體,115,48,67,元大-南京,2024-03-26,9862
3450,聯鈞,61,1,60,元大-南京,2024-03-26,9862
2359,所羅門,89,37,52,元大-南京,2024-03-26,9862
00922,國泰台灣領袖50,50,0,50,元大-南京,2024-03-26,9862
2705,六福,50,0,50,元大-南京,2024-03-26,9862
6770,力積電,50,1,49,元大-南京,2024-03-26,9862
00937B,群益ESG投等債20,49,7,42,元大-南京,2024-03-26,9862
6205,詮欣,42,1,41,元大-南京,2024-03-26,9862
8088,品安,42,1,41,元大-南京,2024-03-26,9862
2888,新光金,70,32,38,元大-南京,2024-03-26,9862
1514,亞力,53,15,38,元大-南京,2024-03-26,9862
2201,裕隆,40,5,35,元大-南京,2024-03-26,9862
4533,協易機,35,1,34,元大-南京,2024-03-26,9862
2609,陽明,32,1,31,元大-南京,2024-03-26,9862
3055,蔚華科,79,49,30,元大-南京,2024-03-26,9862
00641R,富邦日本反1,30,0,30,元大-南京,2024-03-26,9862
5519,隆大,31,2,29,元大-南京,2024-03-26,9862
4927,泰鼎-KY,29,0,29,元大-南京,2024-03-26,9862
1795,美時,31,3,28,元大-南京,2024-03-26,9862
1314,中石化,31,3,28,元大-南京,2024-03-26,9862
1809,中釉,66,38,28,元大-南京,2024-03-26,9862
4532,瑞智,28,0,28,元大-南京,2024-03-26,9862
4714,永捷,28,0,28,元大-南京,2024-03-26,9862
2344,華邦電,42,17,25,元大-南京,2024-03-26,9862
5439,高技,28,3,25,元大-南京,2024-03-26,9862
2704,國賓,25,0,25,元大-南京,2024-03-26,9862
8936,國統,30,7,23,元大-南京,2024-03-26,9862
2504,國產,23,0,23,元大-南京,2024-03-26,9862
2323,中環,30,8,22,元大-南京,2024-03-26,9862
3265,台星科,23,1,22,元大-南京,2024-03-26,9862
2634,漢翔,24,2,22,元大-南京,2024-03-26,9862
8213,志超,22,0,22,元大-南京,2024-03-26,9862
2027,大成鋼,31,10,21,元大-南京,2024-03-26,9862
6163,華電網,27,6,21,元大-南京,2024-03-26,9862
2417,圓剛,211,191,20,元大-南京,2024-03-26,9862
3372,典範,20,0,20,元大-南京,2024-03-26,9862
2527,宏璟,20,0,20,元大-南京,2024-03-26,9862
00688L,國泰20年美債正2,20,0,20,元大-南京,2024-03-26,9862
2312,金寶,20,0,20,元大-南京,2024-03-26,9862
00891,中信關鍵半導體,21,1,20,元大-南京,2024-03-26,9862
2353,宏��,27,8,19,元大-南京,2024-03-26,9862
00680L,元大美債20正2,24,5,19,元大-南京,2024-03-26,9862
8926,台汽電,531,2,529,元大-南京,2024-03-27,9862
1455,集盛,305,0,305,元大-南京,2024-03-27,9862
2888,新光金,245,6,239,元大-南京,2024-03-27,9862
2101,南港,130,1,129,元大-南京,2024-03-27,9862
3030,德律,70,1,69,元大-南京,2024-03-27,9862
4743,合一,70,2,68,元大-南京,2024-03-27,9862
2486,一詮,70,8,62,元大-南京,2024-03-27,9862
00918,大華優利高填息30,59,1,58,元大-南京,2024-03-27,9862
2884,玉山金,64,11,53,元大-南京,2024-03-27,9862
00632R,元大台灣50反1,50,0,50,元大-南京,2024-03-27,9862
9933,中鼎,56,7,49,元大-南京,2024-03-27,9862
3481,群創,55,8,47,元大-南京,2024-03-27,9862
3231,緯創,54,13,41,元大-南京,2024-03-27,9862
3704,合勤控,42,2,40,元大-南京,2024-03-27,9862
00937B,群益ESG投等債20,42,4,38,元大-南京,2024-03-27,9862
2880,華南金,37,0,37,元大-南京,2024-03-27,9862
2303,聯電,49,16,33,元大-南京,2024-03-27,9862
0050,元大台灣50,33,0,33,元大-南京,2024-03-27,9862
3450,聯鈞,30,1,29,元大-南京,2024-03-27,9862
3036,文曄,30,1,29,元大-南京,2024-03-27,9862
00919,群益台灣精選高息,77,51,26,元大-南京,2024-03-27,9862
2383,台光電,35,9,26,元大-南京,2024-03-27,9862
1808,潤隆,28,2,26,元大-南京,2024-03-27,9862
2359,所羅門,33,7,26,元大-南京,2024-03-27,9862
5310,天剛,34,10,24,元大-南京,2024-03-27,9862
00679B,元大美債20年,20,0,20,元大-南京,2024-03-27,9862
6770,力積電,21,1,20,元大-南京,2024-03-27,9862
2527,宏璟,22,2,20,元大-南京,2024-03-27,9862
3705,永信,20,0,20,元大-南京,2024-03-27,9862
6577,勁豐,20,0,20,元大-南京,2024-03-27,9862
5324,士開,20,0,20,元大-南京,2024-03-27,9862
2317,鴻海,108,89,19,元大-南京,2024-03-27,9862
1514,亞力,35,16,19,元大-南京,2024-03-27,9862
8027,鈦昇,38,19,19,元大-南京,2024-03-27,9862
2308,台達電,19,1,18,元大-南京,2024-03-27,9862
2301,光寶科,18,1,17,元大-南京,2024-03-27,9862
5534,長虹,17,0,17,元大-南京,2024-03-27,9862
2704,國賓,18,2,16,元大-南京,2024-03-27,9862
6188,廣明,19,4,15,元大-南京,2024-03-27,9862
00941,中信上游半導體,47,32,15,元大-南京,2024-03-27,9862
2367,燿華,34,20,14,元大-南京,2024-03-27,9862
4532,瑞智,14,0,14,元大-南京,2024-03-27,9862
2536,宏普,14,0,14,元大-南京,2024-03-27,9862
2316,楠梓電,23,9,14,元大-南京,2024-03-27,9862
6789,采鈺,15,1,14,元大-南京,2024-03-27,9862
6147,頎邦,14,0,14,元大-南京,2024-03-27,9862
1513,中興電,51,38,13,元大-南京,2024-03-27,9862
2002,中鋼,21,8,13,元大-南京,2024-03-27,9862
2464,盟立,26,14,12,元大-南京,2024-03-27,9862
3017,奇鋐,13,1,12,元大-南京,2024-03-27,9862
8926,台汽電,250,3,247,元大-南京,2024-03-28,9862
00919,群益台灣精選高息,345,133,212,元大-南京,2024-03-28,9862
00632R,元大台灣50反1,145,30,115,元大-南京,2024-03-28,9862
1605,華新,123,16,107,元大-南京,2024-03-28,9862
6213,聯茂,94,0,94,元大-南京,2024-03-28,9862
2883,凱基金,181,105,76,元大-南京,2024-03-28,9862
2888,新光金,99,30,69,元大-南京,2024-03-28,9862
2328,廣宇,269,201,68,元大-南京,2024-03-28,9862
4743,合一,68,2,66,元大-南京,2024-03-28,9862
6205,詮欣,65,0,65,元大-南京,2024-03-28,9862
6770,力積電,57,1,56,元大-南京,2024-03-28,9862
6901,鑽石投資,53,0,53,元大-南京,2024-03-28,9862
2301,光寶科,50,0,50,元大-南京,2024-03-28,9862
00687B,國泰20年美債,62,13,49,元大-南京,2024-03-28,9862
2324,仁寶,55,11,44,元大-南京,2024-03-28,9862
3264,欣銓,44,1,43,元大-南京,2024-03-28,9862
00937B,群益ESG投等債20,42,1,41,元大-南京,2024-03-28,9862
1709,和益,44,5,39,元大-南京,2024-03-28,9862
3036,文曄,39,1,38,元大-南京,2024-03-28,9862
1101,台泥,54,21,33,元大-南京,2024-03-28,9862
2354,鴻準,168,136,32,元大-南京,2024-03-28,9862
3706,神達,44,12,32,元大-南京,2024-03-28,9862
1455,集盛,31,0,31,元大-南京,2024-03-28,9862
3450,聯鈞,33,3,30,元大-南京,2024-03-28,9862
2331,精英,25,0,25,元大-南京,2024-03-28,9862
5310,天剛,24,0,24,元大-南京,2024-03-28,9862
2891,中信金,24,0,24,元大-南京,2024-03-28,9862
4927,泰鼎-KY,21,0,21,元大-南京,2024-03-28,9862
2880,華南金,21,0,21,元大-南京,2024-03-28,9862
00673R,期元大S＆P原油反1,20,0,20,元大-南京,2024-03-28,9862
00882,中信中國高股息,18,0,18,元大-南京,2024-03-28,9862
2049,上銀,26,8,18,元大-南京,2024-03-28,9862
4526,東台,19,2,17,元大-南京,2024-03-28,9862
3025,星通,16,0,16,元大-南京,2024-03-28,9862
2247,汎德永業,16,0,16,元大-南京,2024-03-28,9862
8936,國統,16,2,14,元大-南京,2024-03-28,9862
8112,至上,23,10,13,元大-南京,2024-03-28,9862
00941,中信上游半導體,25,12,13,元大-南京,2024-03-28,9862
00680L,元大美債20正2,19,6,13,元大-南京,2024-03-28,9862
8150,南茂,20,7,13,元大-南京,2024-03-28,9862
00786B,元大10年IG銀行債,13,0,13,元大-南京,2024-03-28,9862
00929,復華台灣科技優息,117,104,13,元大-南京,2024-03-28,9862
3294,英濟,14,2,12,元大-南京,2024-03-28,9862
3005,神基,29,18,11,元大-南京,2024-03-28,9862
4105,東洋,11,0,11,元大-南京,2024-03-28,9862
2002,中鋼,22,11,11,元大-南京,2024-03-28,9862
2515,中工,15,4,11,元大-南京,2024-03-28,9862
4532,瑞智,11,0,11,元大-南京,2024-03-28,9862
6234,高僑,12,1,11,元大-南京,2024-03-28,9862
3056,富華新,10,0,10,元大-南京,2024-03-28,9862
3013,晟銘電,228,102,126,元大-南京,2024-03-29,9862
1815,富喬,104,3,101,元大-南京,2024-03-29,9862
4743,合一,88,0,88,元大-南京,2024-03-29,9862
00679B,元大美債20年,95,12,83,元大-南京,2024-03-29,9862
00937B,群益ESG投等債20,96,22,74,元大-南京,2024-03-29,9862
00919,群益台灣精選高息,83,17,66,元大-南京,2024-03-29,9862
2103,台橡,50,0,50,元大-南京,2024-03-29,9862
2371,大同,193,143,50,元大-南京,2024-03-29,9862
2324,仁寶,52,5,47,元大-南京,2024-03-29,9862
00687B,國泰20年美債,53,5,48,元大-南京,2024-03-29,9862
00939,統一台灣高息動能,51,6,45,元大-南京,2024-03-29,9862
3622,洋華,43,0,43,元大-南京,2024-03-29,9862
00637L,元大滬深300正2,45,8,37,元大-南京,2024-03-29,9862
2486,一詮,117,80,37,元大-南京,2024-03-29,9862
2317,鴻海,136,103,33,元大-南京,2024-03-29,9862
2505,國揚,33,0,33,元大-南京,2024-03-29,9862
3325,旭品,33,4,29,元大-南京,2024-03-29,9862
2454,聯發科,49,21,28,元大-南京,2024-03-29,9862
5515,建國,25,0,25,元大-南京,2024-03-29,9862
2359,所羅門,30,5,25,元大-南京,2024-03-29,9862
2392,正崴,28,6,22,元大-南京,2024-03-29,9862
2301,光寶科,33,13,20,元大-南京,2024-03-29,9862
00772B,中信高評級公司債,20,0,20,元大-南京,2024-03-29,9862
00673R,期元大S＆P原油反1,20,0,20,元大-南京,2024-03-29,9862
2354,鴻準,44,25,19,元大-南京,2024-03-29,9862
1809,中釉,23,5,18,元大-南京,2024-03-29,9862
6443,元晶,24,6,18,元大-南京,2024-03-29,9862
2308,台達電,22,5,17,元大-南京,2024-03-29,9862
00885,富邦越南,18,1,17,元大-南京,2024-03-29,9862
6582,申豐,17,0,17,元大-南京,2024-03-29,9862
8150,南茂,33,16,17,元大-南京,2024-03-29,9862
00632R,元大台灣50反1,16,0,16,元大-南京,2024-03-29,9862
4306,炎洲,15,0,15,元大-南京,2024-03-29,9862
3005,神基,20,5,15,元大-南京,2024-03-29,9862
4533,協易機,15,0,15,元大-南京,2024-03-29,9862
8054,安國,46,31,15,元大-南京,2024-03-29,9862
1529,樂事綠能,14,0,14,元大-南京,2024-03-29,9862
8112,至上,39,26,13,元大-南京,2024-03-29,9862
00891,中信關鍵半導體,17,4,13,元大-南京,2024-03-29,9862
3704,合勤控,14,1,13,元大-南京,2024-03-29,9862
1304,台聚,13,0,13,元大-南京,2024-03-29,9862
4532,瑞智,13,0,13,元大-南京,2024-03-29,9862
6120,達運,13,0,13,元大-南京,2024-03-29,9862
2421,建準,45,33,12,元大-南京,2024-03-29,9862
3264,欣銓,14,2,12,元大-南京,2024-03-29,9862
3294,英濟,62,50,12,元大-南京,2024-03-29,9862
2402,毅嘉,12,0,12,元大-南京,2024-03-29,9862
6668,中揚光,13,1,12,元大-南京,2024-03-29,9862
00941,中信上游半導體,28,17,11,元大-南京,2024-03-29,9862
2419,仲琦,11,0,11,元大-南京,2024-03-29,9862
00940,元大台灣價值高息,1838,444,1394,元大-南京,2024-04-01,9862
2801,彰銀,176,0,176,元大-南京,2024-04-01,9862
2303,聯電,134,14,120,元大-南京,2024-04-01,9862
00941,中信上游半導體,127,20,107,元大-南京,2024-04-01,9862
00919,群益台灣精選高息,84,16,68,元大-南京,2024-04-01,9862
00937B,群益ESG投等債20,79,15,64,元大-南京,2024-04-01,9862
2317,鴻海,94,43,51,元大-南京,2024-04-01,9862
3231,緯創,63,22,41,元大-南京,2024-04-01,9862
1604,聲寶,40,0,40,元大-南京,2024-04-01,9862
3711,日月光投控,44,5,39,元大-南京,2024-04-01,9862
00939,統一台灣高息動能,64,26,38,元大-南京,2024-04-01,9862
2486,一詮,199,164,35,元大-南京,2024-04-01,9862
3450,聯鈞,44,10,34,元大-南京,2024-04-01,9862
2891,中信金,42,10,32,元大-南京,2024-04-01,9862
1504,東元,34,3,31,元大-南京,2024-04-01,9862
00632R,元大台灣50反1,85,55,30,元大-南京,2024-04-01,9862
2301,光寶科,33,4,29,元大-南京,2024-04-01,9862
2527,宏璟,33,4,29,元大-南京,2024-04-01,9862
2505,國揚,29,0,29,元大-南京,2024-04-01,9862
6257,矽格,37,8,29,元大-南京,2024-04-01,9862
2603,長榮,39,11,28,元大-南京,2024-04-01,9862
2356,英業達,53,26,27,元大-南京,2024-04-01,9862
2002,中鋼,35,9,26,元大-南京,2024-04-01,9862
0050,元大台灣50,31,6,25,元大-南京,2024-04-01,9862
3163,波若威,26,1,25,元大-南京,2024-04-01,9862
2439,美律,25,0,25,元大-南京,2024-04-01,9862
00885,富邦越南,24,1,23,元大-南京,2024-04-01,9862
6550,北極星藥業-KY,28,7,21,元大-南京,2024-04-01,9862
2464,盟立,28,8,20,元大-南京,2024-04-01,9862
5225,東科-KY,20,0,20,元大-南京,2024-04-01,9862
1314,中石化,22,2,20,元大-南京,2024-04-01,9862
4401,東隆興,20,0,20,元大-南京,2024-04-01,9862
2101,南港,19,1,18,元大-南京,2024-04-01,9862
6205,詮欣,18,0,18,元大-南京,2024-04-01,9862
2330,台積電,18,0,18,元大-南京,2024-04-01,9862
2344,華邦電,19,2,17,元大-南京,2024-04-01,9862
2009,第一銅,21,4,17,元大-南京,2024-04-01,9862
4938,和碩,20,4,16,元大-南京,2024-04-01,9862
2417,圓剛,16,0,16,元大-南京,2024-04-01,9862
4763,材料-KY,21,6,15,元大-南京,2024-04-01,9862
00687B,國泰20年美債,13,0,13,元大-南京,2024-04-01,9862
6188,廣明,20,7,13,元大-南京,2024-04-01,9862
6274,台燿,20,7,13,元大-南京,2024-04-01,9862
3264,欣銓,12,0,12,元大-南京,2024-04-01,9862
5351,鈺創,18,6,12,元大-南京,2024-04-01,9862
5876,上海商銀,12,0,12,元大-南京,2024-04-01,9862
3189,景碩,13,1,12,元大-南京,2024-04-01,9862
3042,晶技,11,0,11,元大-南京,2024-04-01,9862
9958,世紀鋼,32,21,11,元大-南京,2024-04-01,9862
2882,國泰金,23,12,11,元大-南京,2024-04-01,9862
2317,鴻海,586,93,493,元大-南京,2024-04-02,9862
1815,富喬,443,103,340,元大-南京,2024-04-02,9862
00929,復華台灣科技優息,250,45,205,元大-南京,2024-04-02,9862
2888,新光金,179,9,170,元大-南京,2024-04-02,9862
00687B,國泰20年美債,113,5,108,元大-南京,2024-04-02,9862
00632R,元大台灣50反1,123,18,105,元大-南京,2024-04-02,9862
00937B,群益ESG投等債20,108,8,100,元大-南京,2024-04-02,9862
00680L,元大美債20正2,87,0,87,元大-南京,2024-04-02,9862
00940,元大台灣價值高息,519,435,84,元大-南京,2024-04-02,9862
00679B,元大美債20年,81,1,80,元大-南京,2024-04-02,9862
1560,中砂,81,10,71,元大-南京,2024-04-02,9862
6425,易發,71,2,69,元大-南京,2024-04-02,9862
00751B,元大AAA至A公司債,61,0,61,元大-南京,2024-04-02,9862
00706L,期元大S＆P日圓正2,51,3,48,元大-南京,2024-04-02,9862
1809,中釉,45,2,43,元大-南京,2024-04-02,9862
6244,茂迪,41,0,41,元大-南京,2024-04-02,9862
2324,仁寶,66,26,40,元大-南京,2024-04-02,9862
2634,漢翔,46,6,40,元大-南京,2024-04-02,9862
00941,中信上游半導體,47,9,38,元大-南京,2024-04-02,9862
1773,勝一,36,0,36,元大-南京,2024-04-02,9862
5534,長虹,31,0,31,元大-南京,2024-04-02,9862
6278,台表科,31,1,30,元大-南京,2024-04-02,9862
2537,聯上發,29,1,28,元大-南京,2024-04-02,9862
00795B,中信美國公債20年,28,0,28,元大-南京,2024-04-02,9862
00885,富邦越南,26,0,26,元大-南京,2024-04-02,9862
6414,樺漢,35,10,25,元大-南京,2024-04-02,9862
00637L,元大滬深300正2,37,12,25,元大-南京,2024-04-02,9862
3030,德律,25,0,25,元大-南京,2024-04-02,9862
00720B,元大投資級公司債,37,16,21,元大-南京,2024-04-02,9862
6188,廣明,30,9,21,元大-南京,2024-04-02,9862
0056,元大高股息,25,5,20,元大-南京,2024-04-02,9862
00902,中信電池及儲能,20,0,20,元大-南京,2024-04-02,9862
00673R,期元大S＆P原油反1,20,0,20,元大-南京,2024-04-02,9862
00688L,國泰20年美債正2,20,0,20,元大-南京,2024-04-02,9862
4402,郡都開發,20,0,20,元大-南京,2024-04-02,9862
00923,群益台ESG低碳50,20,0,20,元大-南京,2024-04-02,9862
00919,群益台灣精選高息,42,22,20,元大-南京,2024-04-02,9862
3058,立德,19,0,19,元大-南京,2024-04-02,9862
3035,智原,20,2,18,元大-南京,2024-04-02,9862
6205,詮欣,19,1,18,元大-南京,2024-04-02,9862
2027,大成鋼,18,0,18,元大-南京,2024-04-02,9862
6125,廣運,21,4,17,元大-南京,2024-04-02,9862
5324,士開,20,4,16,元大-南京,2024-04-02,9862
2312,金寶,15,0,15,元大-南京,2024-04-02,9862
4912,聯德控股-KY,25,10,15,元大-南京,2024-04-02,9862
2492,華新科,20,5,15,元大-南京,2024-04-02,9862
1504,東元,20,5,15,元大-南京,2024-04-02,9862
3380,明泰,15,0,15,元大-南京,2024-04-02,9862
3707,漢磊,21,7,14,元大-南京,2024-04-02,9862
3036,文曄,15,1,14,元大-南京,2024-04-02,9862
2382,廣達,272,13,259,元大-南京,2024-04-03,9862
00680L,元大美債20正2,137,0,137,元大-南京,2024-04-03,9862
00937B,群益ESG投等債20,113,0,113,元大-南京,2024-04-03,9862
2801,彰銀,109,0,109,元大-南京,2024-04-03,9862
2301,光寶科,90,7,83,元大-南京,2024-04-03,9862
00751B,元大AAA至A公司債,83,0,83,元大-南京,2024-04-03,9862
00679B,元大美債20年,75,0,75,元大-南京,2024-04-03,9862
00940,元大台灣價值高息,331,268,63,元大-南京,2024-04-03,9862
3207,耀勝,60,0,60,元大-南京,2024-04-03,9862
2427,三商電,60,0,60,元大-南京,2024-04-03,9862
00929,復華台灣科技優息,79,23,56,元大-南京,2024-04-03,9862
00941,中信上游半導體,53,5,48,元大-南京,2024-04-03,9862
00927,群益半導體收益,47,0,47,元大-南京,2024-04-03,9862
8088,品安,47,3,44,元大-南京,2024-04-03,9862
0050,元大台灣50,45,2,43,元大-南京,2024-04-03,9862
3036,文曄,48,7,41,元大-南京,2024-04-03,9862
00688L,國泰20年美債正2,41,0,41,元大-南京,2024-04-03,9862
6244,茂迪,40,0,40,元大-南京,2024-04-03,9862
1604,聲寶,40,0,40,元大-南京,2024-04-03,9862
2892,第一金,40,1,39,元大-南京,2024-04-03,9862
2885,元大金,39,5,34,元大-南京,2024-04-03,9862
6189,豐藝,68,35,33,元大-南京,2024-04-03,9862
2880,華南金,33,0,33,元大-南京,2024-04-03,9862
00720B,元大投資級公司債,36,4,32,元大-南京,2024-04-03,9862
00687B,國泰20年美債,41,10,31,元大-南京,2024-04-03,9862
00919,群益台灣精選高息,31,0,31,元大-南京,2024-04-03,9862
1815,富喬,34,3,31,元大-南京,2024-04-03,9862
4912,聯德控股-KY,30,0,30,元大-南京,2024-04-03,9862
00686R,群益臺灣加權反1,30,0,30,元大-南京,2024-04-03,9862
6596,寬宏藝術,31,1,30,元大-南京,2024-04-03,9862
3481,群創,41,11,30,元大-南京,2024-04-03,9862
1609,大亞,35,6,29,元大-南京,2024-04-03,9862
2317,鴻海,110,84,26,元大-南京,2024-04-03,9862
1605,華新,30,5,25,元大-南京,2024-04-03,9862
00795B,中信美國公債20年,35,10,25,元大-南京,2024-04-03,9862
2884,玉山金,25,0,25,元大-南京,2024-04-03,9862
2618,長榮航,44,19,25,元大-南京,2024-04-03,9862
2002,中鋼,74,50,24,元大-南京,2024-04-03,9862
2303,聯電,29,5,24,元大-南京,2024-04-03,9862
3013,晟銘電,62,38,24,元大-南京,2024-04-03,9862
6005,群益證,21,0,21,元大-南京,2024-04-03,9862
3491,昇達科,21,0,21,元大-南京,2024-04-03,9862
00673R,期元大S＆P原油反1,20,0,20,元大-南京,2024-04-03,9862
6426,統新,20,0,20,元大-南京,2024-04-03,9862
00933B,國泰10Y+金融債,19,0,19,元大-南京,2024-04-03,9862
2881,富邦金,19,0,19,元大-南京,2024-04-03,9862
00715L,期街口布蘭特正2,21,2,19,元大-南京,2024-04-03,9862
3030,德律,18,0,18,元大-南京,2024-04-03,9862
2505,國揚,17,0,17,元大-南京,2024-04-03,9862
2886,兆豐金,17,0,17,元大-南京,2024-04-03,9862
2317,鴻海,398,35,363,元大-南京,2024-04-08,9862
00940,元大台灣價值高息,428,96,332,元大-南京,2024-04-08,9862
2504,國產,307,16,291,元大-南京,2024-04-08,9862
1312,國喬,200,0,200,元大-南京,2024-04-08,9862
00720B,元大投資級公司債,171,0,171,元大-南京,2024-04-08,9862
4303,信立,135,0,135,元大-南京,2024-04-08,9862
00929,復華台灣科技優息,136,9,127,元大-南京,2024-04-08,9862
2371,大同,130,24,106,元大-南京,2024-04-08,9862
1815,富喬,204,100,104,元大-南京,2024-04-08,9862
2486,一詮,210,107,103,元大-南京,2024-04-08,9862
00679B,元大美債20年,100,1,99,元大-南京,2024-04-08,9862
3481,群創,107,10,97,元大-南京,2024-04-08,9862
00751B,元大AAA至A公司債,88,3,85,元大-南京,2024-04-08,9862
5434,崇越,79,1,78,元大-南京,2024-04-08,9862
3715,定穎投控,71,2,69,元大-南京,2024-04-08,9862
00687B,國泰20年美債,62,0,62,元大-南京,2024-04-08,9862
6290,良維,61,0,61,元大-南京,2024-04-08,9862
2367,燿華,63,3,60,元大-南京,2024-04-08,9862
2348,海悅,58,0,58,元大-南京,2024-04-08,9862
2634,漢翔,52,1,51,元大-南京,2024-04-08,9862
1101,台泥,54,7,47,元大-南京,2024-04-08,9862
1609,大亞,60,13,47,元大-南京,2024-04-08,9862
2515,中工,103,59,44,元大-南京,2024-04-08,9862
00632R,元大台灣50反1,48,5,43,元大-南京,2024-04-08,9862
00885,富邦越南,51,9,42,元大-南京,2024-04-08,9862
00688L,國泰20年美債正2,41,0,41,元大-南京,2024-04-08,9862
00919,群益台灣精選高息,49,9,40,元大-南京,2024-04-08,9862
2890,永豐金,42,6,36,元大-南京,2024-04-08,9862
2359,所羅門,40,7,33,元大-南京,2024-04-08,9862
1709,和益,31,0,31,元大-南京,2024-04-08,9862
3207,耀勝,31,0,31,元大-南京,2024-04-08,9862
2324,仁寶,43,13,30,元大-南京,2024-04-08,9862
4966,譜瑞-KY,29,0,29,元大-南京,2024-04-08,9862
2353,宏��,37,9,28,元大-南京,2024-04-08,9862
6548,長科*,33,5,28,元大-南京,2024-04-08,9862
2374,佳能,72,45,27,元大-南京,2024-04-08,9862
3231,緯創,97,70,27,元大-南京,2024-04-08,9862
00927,群益半導體收益,24,0,24,元大-南京,2024-04-08,9862
2352,佳世達,23,0,23,元大-南京,2024-04-08,9862
1582,信錦,34,11,23,元大-南京,2024-04-08,9862
1513,中興電,46,26,20,元大-南京,2024-04-08,9862
2356,英業達,29,9,20,元大-南京,2024-04-08,9862
00733,富邦臺灣中小,20,1,19,元大-南京,2024-04-08,9862
3673,TPK-KY,18,0,18,元大-南京,2024-04-08,9862
2903,遠百,32,14,18,元大-南京,2024-04-08,9862
00830,國泰費城半導體,20,2,18,元大-南京,2024-04-08,9862
00795B,中信美國公債20年,22,5,17,元大-南京,2024-04-08,9862
2421,建準,24,7,17,元大-南京,2024-04-08,9862
2535,達欣工,15,0,15,元大-南京,2024-04-08,9862
00673R,期元大S＆P原油反1,15,0,15,元大-南京,2024-04-08,9862
00632R,元大台灣50反1,249,79,170,元大-南京,2024-04-09,9862
2303,聯電,172,28,144,元大-南京,2024-04-09,9862
00679B,元大美債20年,140,16,124,元大-南京,2024-04-09,9862
2634,漢翔,190,77,113,元大-南京,2024-04-09,9862
00929,復華台灣科技優息,78,1,77,元大-南京,2024-04-09,9862
00937B,群益ESG投等債20,76,0,76,元大-南京,2024-04-09,9862
00719B,元大美債1-3,65,0,65,元大-南京,2024-04-09,9862
2023,燁輝,83,25,58,元大-南京,2024-04-09,9862
3715,定穎投控,107,53,54,元大-南京,2024-04-09,9862
2014,中鴻,60,8,52,元大-南京,2024-04-09,9862
00637L,元大滬深300正2,112,60,52,元大-南京,2024-04-09,9862
2027,大成鋼,55,6,49,元大-南京,2024-04-09,9862
1440,南紡,53,5,48,元大-南京,2024-04-09,9862
3051,力特,47,0,47,元大-南京,2024-04-09,9862
2515,中工,112,68,44,元大-南京,2024-04-09,9862
5009,榮剛,61,17,44,元大-南京,2024-04-09,9862
2505,國揚,43,0,43,元大-南京,2024-04-09,9862
2486,一詮,183,146,37,元大-南京,2024-04-09,9862
2329,華泰,37,1,36,元大-南京,2024-04-09,9862
1809,中釉,60,25,35,元大-南京,2024-04-09,9862
00940,元大台灣價值高息,154,122,32,元大-南京,2024-04-09,9862
2371,大同,80,51,29,元大-南京,2024-04-09,9862
00939,統一台灣高息動能,27,0,27,元大-南京,2024-04-09,9862
2344,華邦電,32,6,26,元大-南京,2024-04-09,9862
2313,華通,32,6,26,元大-南京,2024-04-09,9862
4720,德淵,24,0,24,元大-南京,2024-04-09,9862
2383,台光電,25,2,23,元大-南京,2024-04-09,9862
4303,信立,34,11,23,元大-南京,2024-04-09,9862
6205,詮欣,27,5,22,元大-南京,2024-04-09,9862
2476,鉅祥,22,1,21,元大-南京,2024-04-09,9862
00688L,國泰20年美債正2,22,1,21,元大-南京,2024-04-09,9862
2365,昆盈,22,2,20,元大-南京,2024-04-09,9862
2412,中華電,20,0,20,元大-南京,2024-04-09,9862
2356,英業達,33,14,19,元大-南京,2024-04-09,9862
4147,中裕,23,4,19,元大-南京,2024-04-09,9862
1587,吉茂,21,2,19,元大-南京,2024-04-09,9862
4550,長佳,16,0,16,元大-南京,2024-04-09,9862
3587,閎康,26,11,15,元大-南京,2024-04-09,9862
00687B,國泰20年美債,20,5,15,元大-南京,2024-04-09,9862
3546,宇峻,15,0,15,元大-南京,2024-04-09,9862
3360,尚立,14,0,14,元大-南京,2024-04-09,9862
1582,信錦,25,12,13,元大-南京,2024-04-09,9862
2354,鴻準,32,19,13,元大-南京,2024-04-09,9862
3551,世禾,13,1,12,元大-南京,2024-04-09,9862
00751B,元大AAA至A公司債,12,0,12,元大-南京,2024-04-09,9862
6425,易發,14,2,12,元大-南京,2024-04-09,9862
2348,海悅,13,1,12,元大-南京,2024-04-09,9862
5310,天剛,12,0,12,元大-南京,2024-04-09,9862
00941,中信上游半導體,12,0,12,元大-南京,2024-04-09,9862
3362,先進光,13,2,11,元大-南京,2024-04-09,9862
9105,泰金寶-DR,100,0,100,元大-南京,2024-04-10,9862
3481,群創,115,16,99,元大-南京,2024-04-10,9862
00937B,群益ESG投等債20,90,1,89,元大-南京,2024-04-10,9862
1609,大亞,172,85,87,元大-南京,2024-04-10,9862
6116,彩晶,80,0,80,元大-南京,2024-04-10,9862
2002,中鋼,66,3,63,元大-南京,2024-04-10,9862
2885,元大金,59,1,58,元大-南京,2024-04-10,9862
2616,山隆,57,0,57,元大-南京,2024-04-10,9862
00941,中信上游半導體,56,4,52,元大-南京,2024-04-10,9862
6153,嘉聯益,50,0,50,元大-南京,2024-04-10,9862
2101,南港,46,0,46,元大-南京,2024-04-10,9862
00692,富邦公司治理,43,0,43,元大-南京,2024-04-10,9862
5009,榮剛,64,24,40,元大-南京,2024-04-10,9862
2515,中工,88,48,40,元大-南京,2024-04-10,9862
1795,美時,43,6,37,元大-南京,2024-04-10,9862
2382,廣達,43,8,35,元大-南京,2024-04-10,9862
6016,康和證,34,0,34,元大-南京,2024-04-10,9862
1513,中興電,76,44,32,元大-南京,2024-04-10,9862
2376,技嘉,43,12,31,元大-南京,2024-04-10,9862
2618,長榮航,33,3,30,元大-南京,2024-04-10,9862
2489,瑞軒,30,2,28,元大-南京,2024-04-10,9862
3715,定穎投控,52,25,27,元大-南京,2024-04-10,9862
4303,信立,31,5,26,元大-南京,2024-04-10,9862
2888,新光金,50,25,25,元大-南京,2024-04-10,9862
6190,萬泰科,26,1,25,元大-南京,2024-04-10,9862
00907,永豐優息存股,25,0,25,元大-南京,2024-04-10,9862
2201,裕隆,25,1,24,元大-南京,2024-04-10,9862
2427,三商電,30,6,24,元大-南京,2024-04-10,9862
2383,台光電,24,2,22,元大-南京,2024-04-10,9862
2027,大成鋼,26,4,22,元大-南京,2024-04-10,9862
8112,至上,37,16,21,元大-南京,2024-04-10,9862
2537,聯上發,21,0,21,元大-南京,2024-04-10,9862
1608,華榮,37,16,21,元大-南京,2024-04-10,9862
2880,華南金,20,0,20,元大-南京,2024-04-10,9862
2615,萬海,20,0,20,元大-南京,2024-04-10,9862
2371,大同,61,41,20,元大-南京,2024-04-10,9862
3037,欣興,22,3,19,元大-南京,2024-04-10,9862
6121,新普,19,0,19,元大-南京,2024-04-10,9862
8088,品安,26,8,18,元大-南京,2024-04-10,9862
2882,國泰金,39,21,18,元大-南京,2024-04-10,9862
6189,豐藝,25,8,17,元大-南京,2024-04-10,9862
1504,東元,17,1,16,元大-南京,2024-04-10,9862
6125,廣運,16,0,16,元大-南京,2024-04-10,9862
1503,士電,27,11,16,元大-南京,2024-04-10,9862
2731,雄獅,15,0,15,元大-南京,2024-04-10,9862
4164,承業醫,16,1,15,元大-南京,2024-04-10,9862
9958,世紀鋼,18,3,15,元大-南京,2024-04-10,9862
2025,千興,18,4,14,元大-南京,2024-04-10,9862
2527,宏璟,25,11,14,元大-南京,2024-04-10,9862
00631L,元大台灣50正2,13,0,13,元大-南京,2024-04-10,9862
2303,聯電,444,43,401,元大-南京,2024-04-11,9862
1312,國喬,401,0,401,元大-南京,2024-04-11,9862
9934,成霖,301,0,301,元大-南京,2024-04-11,9862
00671R,富邦NASDAQ反1,275,0,275,元大-南京,2024-04-11,9862
3481,群創,304,63,241,元大-南京,2024-04-11,9862
00940,元大台灣價值高息,385,162,223,元大-南京,2024-04-11,9862
00937B,群益ESG投等債20,155,1,154,元大-南京,2024-04-11,9862
00648R,元大S＆P500反1,150,0,150,元大-南京,2024-04-11,9862
00669R,國泰美國道瓊反1,130,0,130,元大-南京,2024-04-11,9862
00687B,國泰20年美債,117,0,117,元大-南京,2024-04-11,9862
00679B,元大美債20年,112,2,110,元大-南京,2024-04-11,9862
00751B,元大AAA至A公司債,105,0,105,元大-南京,2024-04-11,9862
2915,潤泰全,100,0,100,元大-南京,2024-04-11,9862
1314,中石化,85,0,85,元大-南京,2024-04-11,9862
3231,緯創,112,28,84,元大-南京,2024-04-11,9862
2610,華航,105,31,74,元大-南京,2024-04-11,9862
00712,復華富時不動產,74,5,69,元大-南京,2024-04-11,9862
00719B,元大美債1-3,63,0,63,元大-南京,2024-04-11,9862
2486,一詮,60,5,55,元大-南京,2024-04-11,9862
00720B,元大投資級公司債,54,0,54,元大-南京,2024-04-11,9862
1103,嘉泥,50,0,50,元大-南京,2024-04-11,9862
2501,國建,91,41,50,元大-南京,2024-04-11,9862
00929,復華台灣科技優息,48,0,48,元大-南京,2024-04-11,9862
2409,友達,53,9,44,元大-南京,2024-04-11,9862
2616,山隆,41,0,41,元大-南京,2024-04-11,9862
6271,同欣電,41,0,41,元大-南京,2024-04-11,9862
1605,華新,49,8,41,元大-南京,2024-04-11,9862
1504,東元,57,17,40,元大-南京,2024-04-11,9862
3546,宇峻,36,0,36,元大-南京,2024-04-11,9862
3013,晟銘電,97,66,31,元大-南京,2024-04-11,9862
6153,嘉聯益,30,0,30,元大-南京,2024-04-11,9862
2645,長榮航太,31,1,30,元大-南京,2024-04-11,9862
2371,大同,99,70,29,元大-南京,2024-04-11,9862
00918,大華優利高填息30,34,6,28,元大-南京,2024-04-11,9862
1795,美時,34,6,28,元大-南京,2024-04-11,9862
1101,台泥,35,7,28,元大-南京,2024-04-11,9862
00695B,富邦美債7-10,28,0,28,元大-南京,2024-04-11,9862
00697B,元大美債7-10,28,0,28,元大-南京,2024-04-11,9862
00878,國泰永續高股息,26,0,26,元大-南京,2024-04-11,9862
1313,聯成,26,0,26,元大-南京,2024-04-11,9862
2515,中工,27,2,25,元大-南京,2024-04-11,9862
00933B,國泰10Y+金融債,23,0,23,元大-南京,2024-04-11,9862
6278,台表科,22,0,22,元大-南京,2024-04-11,9862
2535,達欣工,21,0,21,元大-南京,2024-04-11,9862
4726,永昕,21,0,21,元大-南京,2024-04-11,9862
6125,廣運,31,11,20,元大-南京,2024-04-11,9862
3325,旭品,20,0,20,元大-南京,2024-04-11,9862
6873,泓德能源,21,1,20,元大-南京,2024-04-11,9862
2329,華泰,31,11,20,元大-南京,2024-04-11,9862
6117,迎廣,37,18,19,元大-南京,2024-04-11,9862
9934,成霖,343,0,343,元大-南京,2024-04-12,9862
8936,國統,201,24,177,元大-南京,2024-04-12,9862
1103,嘉泥,120,0,120,元大-南京,2024-04-12,9862
00688L,國泰20年美債正2,94,0,94,元大-南京,2024-04-12,9862
00679B,元大美債20年,98,18,80,元大-南京,2024-04-12,9862
2610,華航,100,23,77,元大-南京,2024-04-12,9862
00940,元大台灣價值高息,129,55,74,元大-南京,2024-04-12,9862
1809,中釉,89,16,73,元大-南京,2024-04-12,9862
00933B,國泰10Y+金融債,72,0,72,元大-南京,2024-04-12,9862
2739,寒舍,60,0,60,元大-南京,2024-04-12,9862
0056,元大高股息,60,3,57,元大-南京,2024-04-12,9862
2382,廣達,69,13,56,元大-南京,2024-04-12,9862
00937B,群益ESG投等債20,51,0,51,元大-南京,2024-04-12,9862
2340,台亞,50,0,50,元大-南京,2024-04-12,9862
1101,台泥,50,4,46,元大-南京,2024-04-12,9862
2353,宏��,94,50,44,元大-南京,2024-04-12,9862
2486,一詮,94,57,37,元大-南京,2024-04-12,9862
2736,富野,49,13,36,元大-南京,2024-04-12,9862
2405,輔信,35,0,35,元大-南京,2024-04-12,9862
1434,福懋,33,2,31,元大-南京,2024-04-12,9862
00726B,國泰新興投等債,29,0,29,元大-南京,2024-04-12,9862
3234,光環,28,0,28,元大-南京,2024-04-12,9862
6219,富旺,27,0,27,元大-南京,2024-04-12,9862
3490,單井,27,1,26,元大-南京,2024-04-12,9862
00740B,富邦全球投等債,25,0,25,元大-南京,2024-04-12,9862
3231,緯創,43,19,24,元大-南京,2024-04-12,9862
4938,和碩,26,2,24,元大-南京,2024-04-12,9862
2881,富邦金,24,0,24,元大-南京,2024-04-12,9862
00655L,國泰中國A50正2,24,0,24,元大-南京,2024-04-12,9862
5310,天剛,23,0,23,元大-南京,2024-04-12,9862
2329,華泰,33,11,22,元大-南京,2024-04-12,9862
3615,安可,22,0,22,元大-南京,2024-04-12,9862
00720B,元大投資級公司債,22,0,22,元大-南京,2024-04-12,9862
2367,燿華,91,70,21,元大-南京,2024-04-12,9862
5371,中光電,22,1,21,元大-南京,2024-04-12,9862
00751B,元大AAA至A公司債,24,3,21,元大-南京,2024-04-12,9862
3207,耀勝,20,0,20,元大-南京,2024-04-12,9862
2816,旺旺保,20,0,20,元大-南京,2024-04-12,9862
2374,佳能,67,48,19,元大-南京,2024-04-12,9862
2867,三商壽,20,1,19,元大-南京,2024-04-12,9862
00885,富邦越南,20,1,19,元大-南京,2024-04-12,9862
1314,中石化,18,0,18,元大-南京,2024-04-12,9862
5351,鈺創,51,33,18,元大-南京,2024-04-12,9862
00795B,中信美國公債20年,17,0,17,元大-南京,2024-04-12,9862
2464,盟立,18,1,17,元大-南京,2024-04-12,9862
2363,矽統,379,362,17,元大-南京,2024-04-12,9862
3583,辛耘,23,7,16,元大-南京,2024-04-12,9862
00941,中信上游半導體,16,0,16,元大-南京,2024-04-12,9862
3673,TPK-KY,15,0,15,元大-南京,2024-04-12,9862
4526,東台,21,6,15,元大-南京,2024-04-12,9862
2208,台船,722,2,720,元大-南京,2024-04-15,9862
2371,大同,767,443,324,元大-南京,2024-04-15,9862
2634,漢翔,266,102,164,元大-南京,2024-04-15,9862
9934,成霖,160,0,160,元大-南京,2024-04-15,9862
2753,八方雲集,156,1,155,元大-南京,2024-04-15,9862
2317,鴻海,140,14,126,元大-南京,2024-04-15,9862
3706,神達,115,8,107,元大-南京,2024-04-15,9862
1314,中石化,200,104,96,元大-南京,2024-04-15,9862
00929,復華台灣科技優息,96,4,92,元大-南京,2024-04-15,9862
0056,元大高股息,110,19,91,元大-南京,2024-04-15,9862
2303,聯電,98,14,84,元大-南京,2024-04-15,9862
2201,裕隆,80,0,80,元大-南京,2024-04-15,9862
4533,協易機,129,65,64,元大-南京,2024-04-15,9862
6290,良維,64,3,61,元大-南京,2024-04-15,9862
2374,佳能,87,27,60,元大-南京,2024-04-15,9862
00878,國泰永續高股息,73,16,57,元大-南京,2024-04-15,9862
2367,燿華,61,11,50,元大-南京,2024-04-15,9862
8085,福華,50,1,49,元大-南京,2024-04-15,9862
00632R,元大台灣50反1,52,9,43,元大-南京,2024-04-15,9862
00733,富邦臺灣中小,54,13,41,元大-南京,2024-04-15,9862
5512,力麒,44,5,39,元大-南京,2024-04-15,9862
1714,和桐,33,0,33,元大-南京,2024-04-15,9862
1785,光洋科,50,19,31,元大-南京,2024-04-15,9862
00919,群益台灣精選高息,40,11,29,元大-南京,2024-04-15,9862
1504,東元,75,50,25,元大-南京,2024-04-15,9862
00751B,元大AAA至A公司債,25,0,25,元大-南京,2024-04-15,9862
2421,建準,25,0,25,元大-南京,2024-04-15,9862
2501,國建,25,2,23,元大-南京,2024-04-15,9862
00939,統一台灣高息動能,23,0,23,元大-南京,2024-04-15,9862
00918,大華優利高填息30,21,0,21,元大-南京,2024-04-15,9862
00720B,元大投資級公司債,21,0,21,元大-南京,2024-04-15,9862
2402,毅嘉,21,0,21,元大-南京,2024-04-15,9862
2382,廣達,38,17,21,元大-南京,2024-04-15,9862
00687B,國泰20年美債,35,14,21,元大-南京,2024-04-15,9862
00937B,群益ESG投等債20,34,14,20,元大-南京,2024-04-15,9862
2345,智邦,22,2,20,元大-南京,2024-04-15,9862
6113,亞矽,20,0,20,元大-南京,2024-04-15,9862
4747,強生,20,0,20,元大-南京,2024-04-15,9862
2637,慧洋-KY,20,0,20,元大-南京,2024-04-15,9862
5234,達興材料,36,16,20,元大-南京,2024-04-15,9862
1608,華榮,77,58,19,元大-南京,2024-04-15,9862
6207,雷科,19,0,19,元大-南京,2024-04-15,9862
2344,華邦電,28,9,19,元大-南京,2024-04-15,9862
2867,三商壽,43,24,19,元大-南京,2024-04-15,9862
2356,英業達,22,4,18,元大-南京,2024-04-15,9862
00933B,國泰10Y+金融債,20,2,18,元大-南京,2024-04-15,9862
2308,台達電,19,1,18,元大-南京,2024-04-15,9862
2616,山隆,17,0,17,元大-南京,2024-04-15,9862
2353,宏��,40,23,17,元大-南京,2024-04-15,9862
1503,士電,27,11,16,元大-南京,2024-04-15,9862
00940,元大台灣價值高息,711,56,655,元大-南京,2024-04-16,9862
00929,復華台灣科技優息,258,7,251,元大-南京,2024-04-16,9862
2618,長榮航,748,511,237,元大-南京,2024-04-16,9862
00937B,群益ESG投等債20,266,34,232,元大-南京,2024-04-16,9862
2412,中華電,231,7,224,元大-南京,2024-04-16,9862
1605,華新,192,35,157,元大-南京,2024-04-16,9862
00878,國泰永續高股息,209,69,140,元大-南京,2024-04-16,9862
2303,聯電,144,4,140,元大-南京,2024-04-16,9862
0056,元大高股息,161,32,129,元大-南京,2024-04-16,9862
3481,群創,126,4,122,元大-南京,2024-04-16,9862
00687B,國泰20年美債,123,5,118,元大-南京,2024-04-16,9862
1301,台塑,116,2,114,元大-南京,2024-04-16,9862
00688L,國泰20年美債正2,107,0,107,元大-南京,2024-04-16,9862
00680L,元大美債20正2,162,61,101,元大-南京,2024-04-16,9862
2867,三商壽,129,30,99,元大-南京,2024-04-16,9862
1529,樂事綠能,86,5,81,元大-南京,2024-04-16,9862
00939,統一台灣高息動能,85,5,80,元大-南京,2024-04-16,9862
00919,群益台灣精選高息,159,82,77,元大-南京,2024-04-16,9862
1714,和桐,69,0,69,元大-南京,2024-04-16,9862
00679B,元大美債20年,61,0,61,元大-南京,2024-04-16,9862
2603,長榮,71,12,59,元大-南京,2024-04-16,9862
3231,緯創,88,31,57,元大-南京,2024-04-16,9862
2888,新光金,69,13,56,元大-南京,2024-04-16,9862
3260,威剛,69,14,55,元大-南京,2024-04-16,9862
2201,裕隆,102,47,55,元大-南京,2024-04-16,9862
00918,大華優利高填息30,52,0,52,元大-南京,2024-04-16,9862
00751B,元大AAA至A公司債,51,1,50,元大-南京,2024-04-16,9862
1104,環泥,52,2,50,元大-南京,2024-04-16,9862
6153,嘉聯益,50,0,50,元大-南京,2024-04-16,9862
2344,華邦電,59,10,49,元大-南京,2024-04-16,9862
2880,華南金,45,3,42,元大-南京,2024-04-16,9862
00941,中信上游半導體,43,3,40,元大-南京,2024-04-16,9862
2897,王道銀行,37,0,37,元大-南京,2024-04-16,9862
2002,中鋼,42,6,36,元大-南京,2024-04-16,9862
2330,台積電,56,19,37,元大-南京,2024-04-16,9862
2616,山隆,36,0,36,元大-南京,2024-04-16,9862
1314,中石化,36,0,36,元大-南京,2024-04-16,9862
00927,群益半導體收益,35,0,35,元大-南京,2024-04-16,9862
1609,大亞,152,117,35,元大-南京,2024-04-16,9862
2883,凱基金,33,0,33,元大-南京,2024-04-16,9862
6026,福邦證,36,4,32,元大-南京,2024-04-16,9862
2630,亞航,101,70,31,元大-南京,2024-04-16,9862
6257,矽格,35,4,31,元大-南京,2024-04-16,9862
3710,連展投控,30,0,30,元大-南京,2024-04-16,9862
2855,統一證,30,0,30,元大-南京,2024-04-16,9862
1434,福懋,33,4,29,元大-南京,2024-04-16,9862
1103,嘉泥,28,0,28,元大-南京,2024-04-16,9862
1305,華夏,34,6,28,元大-南京,2024-04-16,9862
8213,志超,27,0,27,元大-南京,2024-04-16,9862
2356,英業達,53,27,26,元大-南京,2024-04-16,9862
00937B,群益ESG投等債20,322,0,322,元大-南京,2024-04-17,9862
00927,群益半導體收益,174,0,174,元大-南京,2024-04-17,9862
2317,鴻海,191,36,155,元大-南京,2024-04-17,9862
0056,元大高股息,163,20,143,元大-南京,2024-04-17,9862
2543,皇昌,136,5,131,元大-南京,2024-04-17,9862
00720B,元大投資級公司債,118,1,117,元大-南京,2024-04-17,9862
00687B,國泰20年美債,93,5,88,元大-南京,2024-04-17,9862
00632R,元大台灣50反1,91,18,73,元大-南京,2024-04-17,9862
3491,昇達科,75,4,71,元大-南京,2024-04-17,9862
00679B,元大美債20年,69,0,69,元大-南京,2024-04-17,9862
00929,復華台灣科技優息,68,0,68,元大-南京,2024-04-17,9862
3481,群創,81,17,64,元大-南京,2024-04-17,9862
2634,漢翔,76,12,64,元大-南京,2024-04-17,9862
4306,炎洲,60,0,60,元大-南京,2024-04-17,9862
1808,潤隆,55,0,55,元大-南京,2024-04-17,9862
2101,南港,55,3,52,元大-南京,2024-04-17,9862
1504,東元,122,71,51,元大-南京,2024-04-17,9862
00878,國泰永續高股息,46,0,46,元大-南京,2024-04-17,9862
00941,中信上游半導體,47,2,45,元大-南京,2024-04-17,9862
1609,大亞,230,188,42,元大-南京,2024-04-17,9862
2303,聯電,57,16,41,元大-南京,2024-04-17,9862
2356,英業達,49,9,40,元大-南京,2024-04-17,9862
2387,精元,40,0,40,元大-南京,2024-04-17,9862
1582,信錦,39,1,38,元大-南京,2024-04-17,9862
2501,國建,43,7,36,元大-南京,2024-04-17,9862
2903,遠百,36,0,36,元大-南京,2024-04-17,9862
3231,緯創,55,19,36,元大-南京,2024-04-17,9862
2376,技嘉,43,8,35,元大-南京,2024-04-17,9862
00918,大華優利高填息30,35,0,35,元大-南京,2024-04-17,9862
2880,華南金,31,0,31,元大-南京,2024-04-17,9862
2408,南亞科,32,1,31,元大-南京,2024-04-17,9862
2348,海悅,31,1,30,元大-南京,2024-04-17,9862
2353,宏��,35,8,27,元大-南京,2024-04-17,9862
1604,聲寶,25,0,25,元大-南京,2024-04-17,9862
00940,元大台灣價值高息,63,38,25,元大-南京,2024-04-17,9862
00939,統一台灣高息動能,24,0,24,元大-南京,2024-04-17,9862
6546,正基,24,0,24,元大-南京,2024-04-17,9862
8069,元太,27,5,22,元大-南京,2024-04-17,9862
3234,光環,22,0,22,元大-南京,2024-04-17,9862
2363,矽統,40,19,21,元大-南京,2024-04-17,9862
00905,FT臺灣Smart,21,0,21,元大-南京,2024-04-17,9862
6290,良維,23,2,21,元大-南京,2024-04-17,9862
2537,聯上發,21,0,21,元大-南京,2024-04-17,9862
2412,中華電,21,1,20,元大-南京,2024-04-17,9862
1314,中石化,20,0,20,元大-南京,2024-04-17,9862
00712,復華富時不動產,19,0,19,元大-南京,2024-04-17,9862
2885,元大金,42,23,19,元大-南京,2024-04-17,9862
2382,廣達,27,9,18,元大-南京,2024-04-17,9862
2618,長榮航,22,5,17,元大-南京,2024-04-17,9862
2002,中鋼,18,1,17,元大-南京,2024-04-17,9862
2330,台積電,1508,27,1481,元大-南京,2024-04-18,9862
2634,漢翔,437,67,370,元大-南京,2024-04-18,9862
2014,中鴻,356,6,350,元大-南京,2024-04-18,9862
00632R,元大台灣50反1,258,10,248,元大-南京,2024-04-18,9862
00940,元大台灣價值高息,201,12,189,元大-南京,2024-04-18,9862
00937B,群益ESG投等債20,169,0,169,元大-南京,2024-04-18,9862
0056,元大高股息,114,13,101,元大-南京,2024-04-18,9862
2530,華建,100,1,99,元大-南京,2024-04-18,9862
00941,中信上游半導體,94,0,94,元大-南京,2024-04-18,9862
2374,佳能,99,10,89,元大-南京,2024-04-18,9862
1815,富喬,81,1,80,元大-南京,2024-04-18,9862
9955,佳龍,72,4,68,元大-南京,2024-04-18,9862
2371,大同,451,392,59,元大-南京,2024-04-18,9862
5515,建國,69,12,57,元大-南京,2024-04-18,9862
8085,福華,45,0,45,元大-南京,2024-04-18,9862
1714,和桐,50,9,41,元大-南京,2024-04-18,9862
8096,擎亞,40,0,40,元大-南京,2024-04-18,9862
3675,德微,39,1,38,元大-南京,2024-04-18,9862
00929,復華台灣科技優息,36,0,36,元大-南京,2024-04-18,9862
3666,光耀,35,0,35,元大-南京,2024-04-18,9862
3481,群創,51,17,34,元大-南京,2024-04-18,9862
3296,勝德,35,2,33,元大-南京,2024-04-18,9862
00720B,元大投資級公司債,36,3,33,元大-南京,2024-04-18,9862
2387,精元,30,0,30,元大-南京,2024-04-18,9862
1513,中興電,304,275,29,元大-南京,2024-04-18,9862
00712,復華富時不動產,25,0,25,元大-南京,2024-04-18,9862
3711,日月光投控,25,0,25,元大-南京,2024-04-18,9862
00939,統一台灣高息動能,25,0,25,元大-南京,2024-04-18,9862
5009,榮剛,44,19,25,元大-南京,2024-04-18,9862
2501,國建,57,33,24,元大-南京,2024-04-18,9862
2301,光寶科,28,8,20,元大-南京,2024-04-18,9862
00650L,復華香港正2,20,0,20,元大-南京,2024-04-18,9862
2363,矽統,44,25,19,元大-南京,2024-04-18,9862
6239,力成,18,0,18,元大-南京,2024-04-18,9862
2303,聯電,18,0,18,元大-南京,2024-04-18,9862
6782,視陽,20,2,18,元大-南京,2024-04-18,9862
2603,長榮,23,5,18,元大-南京,2024-04-18,9862
2605,新興,17,0,17,元大-南京,2024-04-18,9862
00679B,元大美債20年,16,0,16,元大-南京,2024-04-18,9862
2610,華航,32,16,16,元大-南京,2024-04-18,9862
00751B,元大AAA至A公司債,19,4,15,元大-南京,2024-04-18,9862
2515,中工,132,118,14,元大-南京,2024-04-18,9862
1453,大將,14,0,14,元大-南京,2024-04-18,9862
6223,旺矽,17,4,13,元大-南京,2024-04-18,9862
6534,正瀚-創,13,0,13,元大-南京,2024-04-18,9862
2201,裕隆,14,1,13,元大-南京,2024-04-18,9862
1808,潤隆,13,0,13,元大-南京,2024-04-18,9862
4979,華星光,137,124,13,元大-南京,2024-04-18,9862
00733,富邦臺灣中小,44,32,12,元大-南京,2024-04-18,9862
1605,華新,198,186,12,元大-南京,2024-04-18,9862
00940,元大台灣價值高息,514,100,414,元大-南京,2024-04-19,9862
2634,漢翔,433,128,305,元大-南京,2024-04-19,9862
00929,復華台灣科技優息,448,157,291,元大-南京,2024-04-19,9862
0050,元大台灣50,276,12,264,元大-南京,2024-04-19,9862
0056,元大高股息,378,138,240,元大-南京,2024-04-19,9862
2303,聯電,180,15,165,元大-南京,2024-04-19,9862
1608,華榮,150,38,112,元大-南京,2024-04-19,9862
00919,群益台灣精選高息,149,43,106,元大-南京,2024-04-19,9862
1326,台化,106,0,106,元大-南京,2024-04-19,9862
2534,宏盛,100,1,99,元大-南京,2024-04-19,9862
1504,東元,142,46,96,元大-南京,2024-04-19,9862
2885,元大金,145,71,74,元大-南京,2024-04-19,9862
2888,新光金,74,1,73,元大-南京,2024-04-19,9862
00941,中信上游半導體,76,3,73,元大-南京,2024-04-19,9862
2530,華建,68,0,68,元大-南京,2024-04-19,9862
6753,龍德造船,80,13,67,元大-南京,2024-04-19,9862
3666,光耀,67,0,67,元大-南京,2024-04-19,9862
2880,華南金,66,2,64,元大-南京,2024-04-19,9862
00878,國泰永續高股息,148,85,63,元大-南京,2024-04-19,9862
1101,台泥,64,6,58,元大-南京,2024-04-19,9862
4306,炎洲,69,12,57,元大-南京,2024-04-19,9862
1609,大亞,449,392,57,元大-南京,2024-04-19,9862
00939,統一台灣高息動能,56,2,54,元大-南京,2024-04-19,9862
2515,中工,321,269,52,元大-南京,2024-04-19,9862
1513,中興電,200,149,51,元大-南京,2024-04-19,9862
1529,樂事綠能,60,10,50,元大-南京,2024-04-19,9862
6005,群益證,58,8,50,元大-南京,2024-04-19,9862
00637L,元大滬深300正2,50,1,49,元大-南京,2024-04-19,9862
1314,中石化,56,8,48,元大-南京,2024-04-19,9862
2317,鴻海,82,34,48,元大-南京,2024-04-19,9862
3491,昇達科,59,13,46,元大-南京,2024-04-19,9862
8222,寶一,46,0,46,元大-南京,2024-04-19,9862
3374,精材,40,2,38,元大-南京,2024-04-19,9862
3260,威剛,42,5,37,元大-南京,2024-04-19,9862
2409,友達,44,9,35,元大-南京,2024-04-19,9862
2520,冠德,95,61,34,元大-南京,2024-04-19,9862
6271,同欣電,32,0,32,元大-南京,2024-04-19,9862
2887,台新金,38,6,32,元大-南京,2024-04-19,9862
6492,生華科,31,0,31,元大-南京,2024-04-19,9862
4157,太景*-KY,42,13,29,元大-南京,2024-04-19,9862
3703,欣陸,61,33,28,元大-南京,2024-04-19,9862
2408,南亞科,33,5,28,元大-南京,2024-04-19,9862
00885,富邦越南,31,4,27,元大-南京,2024-04-19,9862
00922,國泰台灣領袖50,28,2,26,元大-南京,2024-04-19,9862
8383,千附,31,5,26,元大-南京,2024-04-19,9862
00898,國泰基因免疫革命,26,0,26,元大-南京,2024-04-19,9862
006208,富邦台50,26,0,26,元大-南京,2024-04-19,9862
2633,台灣高鐵,23,0,23,元大-南京,2024-04-19,9862
3605,宏致,23,0,23,元大-南京,2024-04-19,9862
2353,宏��,45,22,23,元大-南京,2024-04-19,9862
2534,宏盛,401,1,400,元大-南京,2024-04-22,9862
2371,大同,442,256,186,元大-南京,2024-04-22,9862
5512,力麒,191,51,140,元大-南京,2024-04-22,9862
1605,華新,163,24,139,元大-南京,2024-04-22,9862
00940,元大台灣價值高息,276,143,133,元大-南京,2024-04-22,9862
3481,群創,151,19,132,元大-南京,2024-04-22,9862
00680L,元大美債20正2,128,0,128,元大-南京,2024-04-22,9862
0056,元大高股息,152,45,107,元大-南京,2024-04-22,9862
1709,和益,95,0,95,元大-南京,2024-04-22,9862
00937B,群益ESG投等債20,98,8,90,元大-南京,2024-04-22,9862
00929,復華台灣科技優息,151,67,84,元大-南京,2024-04-22,9862
00688L,國泰20年美債正2,82,0,82,元大-南京,2024-04-22,9862
00919,群益台灣精選高息,88,11,77,元大-南京,2024-04-22,9862
6449,鈺邦,60,4,56,元大-南京,2024-04-22,9862
2515,中工,722,666,56,元大-南京,2024-04-22,9862
2303,聯電,88,35,53,元大-南京,2024-04-22,9862
00878,國泰永續高股息,51,3,48,元大-南京,2024-04-22,9862
00679B,元大美債20年,46,2,44,元大-南京,2024-04-22,9862
3703,欣陸,112,71,41,元大-南京,2024-04-22,9862
00751B,元大AAA至A公司債,41,0,41,元大-南京,2024-04-22,9862
00939,統一台灣高息動能,55,17,38,元大-南京,2024-04-22,9862
5533,皇鼎,37,0,37,元大-南京,2024-04-22,9862
00941,中信上游半導體,37,4,33,元大-南京,2024-04-22,9862
3266,昇陽,34,1,33,元大-南京,2024-04-22,9862
8936,國統,61,29,32,元大-南京,2024-04-22,9862
1618,合機,104,73,31,元大-南京,2024-04-22,9862
1617,榮星,31,2,29,元大-南京,2024-04-22,9862
2527,宏璟,38,9,29,元大-南京,2024-04-22,9862
00720B,元大投資級公司債,27,1,26,元大-南京,2024-04-22,9862
00687B,國泰20年美債,27,1,26,元大-南京,2024-04-22,9862
2317,鴻海,44,20,24,元大-南京,2024-04-22,9862
3036,文曄,30,8,22,元大-南京,2024-04-22,9862
2547,日勝生,31,9,22,元大-南京,2024-04-22,9862
2356,英業達,42,21,21,元大-南京,2024-04-22,9862
2897,王道銀行,21,0,21,元大-南京,2024-04-22,9862
1608,華榮,82,62,20,元大-南京,2024-04-22,9862
6668,中揚光,20,0,20,元大-南京,2024-04-22,9862
3265,台星科,20,1,19,元大-南京,2024-04-22,9862
1504,東元,49,30,19,元大-南京,2024-04-22,9862
1795,美時,21,2,19,元大-南京,2024-04-22,9862
1513,中興電,189,172,17,元大-南京,2024-04-22,9862
6274,台燿,17,0,17,元大-南京,2024-04-22,9862
3546,宇峻,17,0,17,元大-南京,2024-04-22,9862
1455,集盛,17,0,17,元大-南京,2024-04-22,9862
5521,工信,55,38,17,元大-南京,2024-04-22,9862
5508,永信建,18,2,16,元大-南京,2024-04-22,9862
3666,光耀,16,0,16,元大-南京,2024-04-22,9862
1101,台泥,37,21,16,元大-南京,2024-04-22,9862
3017,奇鋐,26,11,15,元大-南京,2024-04-22,9862
2362,藍天,15,0,15,元大-南京,2024-04-22,9862
2534,宏盛,260,1,259,元大-南京,2024-04-23,9862
00632R,元大台灣50反1,230,41,189,元大-南京,2024-04-23,9862
2515,中工,166,48,118,元大-南京,2024-04-23,9862
00929,復華台灣科技優息,115,9,106,元大-南京,2024-04-23,9862
00940,元大台灣價值高息,183,124,59,元大-南京,2024-04-23,9862
2371,大同,193,137,56,元大-南京,2024-04-23,9862
00679B,元大美債20年,56,3,53,元大-南京,2024-04-23,9862
00687B,國泰20年美債,52,0,52,元大-南京,2024-04-23,9862
00706L,期元大S＆P日圓正2,51,0,51,元大-南京,2024-04-23,9862
2409,友達,85,35,50,元大-南京,2024-04-23,9862
00939,統一台灣高息動能,46,1,45,元大-南京,2024-04-23,9862
00919,群益台灣精選高息,44,2,42,元大-南京,2024-04-23,9862
2362,藍天,40,0,40,元大-南京,2024-04-23,9862
4906,正文,40,0,40,元大-南京,2024-04-23,9862
6449,鈺邦,41,2,39,元大-南京,2024-04-23,9862
1504,東元,44,8,36,元大-南京,2024-04-23,9862
2891,中信金,40,5,35,元大-南京,2024-04-23,9862
2303,聯電,53,18,35,元大-南京,2024-04-23,9862
4726,永昕,42,12,30,元大-南京,2024-04-23,9862
8936,國統,76,52,24,元大-南京,2024-04-23,9862
00712,復華富時不動產,20,0,20,元大-南京,2024-04-23,9862
8438,昶昕,20,0,20,元大-南京,2024-04-23,9862
5512,力麒,105,87,18,元大-南京,2024-04-23,9862
2049,上銀,24,7,17,元大-南京,2024-04-23,9862
3297,杭特,18,1,17,元大-南京,2024-04-23,9862
2489,瑞軒,29,13,16,元大-南京,2024-04-23,9862
6177,達麗,16,0,16,元大-南京,2024-04-23,9862
8046,南電,16,1,15,元大-南京,2024-04-23,9862
2427,三商電,21,6,15,元大-南京,2024-04-23,9862
2610,華航,33,18,15,元大-南京,2024-04-23,9862
00918,大華優利高填息30,15,0,15,元大-南京,2024-04-23,9862
2603,長榮,29,14,15,元大-南京,2024-04-23,9862
1612,宏泰,14,1,13,元大-南京,2024-04-23,9862
2387,精元,13,0,13,元大-南京,2024-04-23,9862
5009,榮剛,15,3,12,元大-南京,2024-04-23,9862
1616,億泰,12,0,12,元大-南京,2024-04-23,9862
2887,台新金,13,2,11,元大-南京,2024-04-23,9862
2882,國泰金,21,10,11,元大-南京,2024-04-23,9862
2388,威盛,13,2,11,元大-南京,2024-04-23,9862
8050,廣積,10,0,10,元大-南京,2024-04-23,9862
00650L,復華香港正2,10,0,10,元大-南京,2024-04-23,9862
8996,高力,10,0,10,元大-南京,2024-04-23,9862
3710,連展投控,10,0,10,元大-南京,2024-04-23,9862
1417,嘉裕,10,0,10,元大-南京,2024-04-23,9862
6244,茂迪,40,30,10,元大-南京,2024-04-23,9862
2301,光寶科,9,0,9,元大-南京,2024-04-23,9862
4562,穎漢,9,0,9,元大-南京,2024-04-23,9862
2705,六福,9,0,9,元大-南京,2024-04-23,9862
1316,上曜,10,1,9,元大-南京,2024-04-23,9862
2753,八方雲集,9,0,9,元大-南京,2024-04-23,9862
00632R,元大台灣50反1,553,5,548,元大-南京,2024-04-24,9862
2303,聯電,235,17,218,元大-南京,2024-04-24,9862
1101,台泥,181,0,181,元大-南京,2024-04-24,9862
2634,漢翔,158,67,91,元大-南京,2024-04-24,9862
2501,國建,136,84,52,元大-南京,2024-04-24,9862
00891,中信關鍵半導體,52,1,51,元大-南京,2024-04-24,9862
00929,復華台灣科技優息,50,3,47,元大-南京,2024-04-24,9862
1605,華新,99,54,45,元大-南京,2024-04-24,9862
2204,中華,43,0,43,元大-南京,2024-04-24,9862
00664R,國泰臺灣加權反1,40,0,40,元大-南京,2024-04-24,9862
2891,中信金,45,7,38,元大-南京,2024-04-24,9862
6177,達麗,36,1,35,元大-南京,2024-04-24,9862
6753,龍德造船,45,12,33,元大-南京,2024-04-24,9862
2368,金像電,35,2,33,元大-南京,2024-04-24,9862
2887,台新金,33,0,33,元大-南京,2024-04-24,9862
00931B,統一美債20年,33,0,33,元大-南京,2024-04-24,9862
1529,樂事綠能,29,0,29,元大-南京,2024-04-24,9862
6190,萬泰科,69,41,28,元大-南京,2024-04-24,9862
5512,力麒,42,18,24,元大-南京,2024-04-24,9862
00919,群益台灣精選高息,32,8,24,元大-南京,2024-04-24,9862
00640L,富邦日本正2,23,0,23,元大-南京,2024-04-24,9862
3703,欣陸,47,24,23,元大-南京,2024-04-24,9862
2801,彰銀,24,2,22,元大-南京,2024-04-24,9862
2535,達欣工,22,0,22,元大-南京,2024-04-24,9862
00679B,元大美債20年,43,23,20,元大-南京,2024-04-24,9862
2514,龍邦,20,0,20,元大-南京,2024-04-24,9862
8103,瀚荃,20,0,20,元大-南京,2024-04-24,9862
00687B,國泰20年美債,19,0,19,元大-南京,2024-04-24,9862
6235,華孚,19,1,18,元大-南京,2024-04-24,9862
3035,智原,121,104,17,元大-南京,2024-04-24,9862
3322,建舜電,17,0,17,元大-南京,2024-04-24,9862
2105,正新,19,3,16,元大-南京,2024-04-24,9862
6592,和潤企業,22,6,16,元大-南京,2024-04-24,9862
6873,泓德能源,17,1,16,元大-南京,2024-04-24,9862
2520,冠德,27,12,15,元大-南京,2024-04-24,9862
00647L,元大S＆P500正2,15,0,15,元大-南京,2024-04-24,9862
00937B,群益ESG投等債20,14,0,14,元大-南京,2024-04-24,9862
3481,群創,20,7,13,元大-南京,2024-04-24,9862
3689,湧德,15,3,12,元大-南京,2024-04-24,9862
8011,台通,13,1,12,元大-南京,2024-04-24,9862
00751B,元大AAA至A公司債,14,2,12,元大-南京,2024-04-24,9862
8054,安國,27,16,11,元大-南京,2024-04-24,9862
00885,富邦越南,11,0,11,元大-南京,2024-04-24,9862
00706L,期元大S＆P日圓正2,11,0,11,元大-南京,2024-04-24,9862
00941,中信上游半導體,10,0,10,元大-南京,2024-04-24,9862
3230,錦明,10,0,10,元大-南京,2024-04-24,9862
2006,東和鋼鐵,11,1,10,元大-南京,2024-04-24,9862
2637,慧洋-KY,17,7,10,元大-南京,2024-04-24,9862
00650L,復華香港正2,10,0,10,元大-南京,2024-04-24,9862
6499,益安,10,0,10,元大-南京,2024-04-24,9862
2610,華航,491,58,433,元大-南京,2024-04-25,9862
2611,志信,258,2,256,元大-南京,2024-04-25,9862
1909,榮成,239,3,236,元大-南京,2024-04-25,9862
00664R,國泰臺灣加權反1,200,0,200,元大-南京,2024-04-25,9862
00918,大華優利高填息30,153,0,153,元大-南京,2024-04-25,9862
00940,元大台灣價值高息,112,12,100,元大-南京,2024-04-25,9862
00688L,國泰20年美債正2,78,0,78,元大-南京,2024-04-25,9862
00919,群益台灣精選高息,75,0,75,元大-南京,2024-04-25,9862
00680L,元大美債20正2,71,0,71,元大-南京,2024-04-25,9862
00937B,群益ESG投等債20,66,0,66,元大-南京,2024-04-25,9862
00878,國泰永續高股息,72,8,64,元大-南京,2024-04-25,9862
3231,緯創,70,13,57,元大-南京,2024-04-25,9862
3006,晶豪科,79,24,55,元大-南京,2024-04-25,9862
1440,南紡,115,63,52,元大-南京,2024-04-25,9862
2362,藍天,53,2,51,元大-南京,2024-04-25,9862
2409,友達,76,28,48,元大-南京,2024-04-25,9862
1301,台塑,46,0,46,元大-南京,2024-04-25,9862
1529,樂事綠能,44,0,44,元大-南京,2024-04-25,9862
2851,中再保,44,2,42,元大-南京,2024-04-25,9862
2753,八方雲集,38,0,38,元大-南京,2024-04-25,9862
2515,中工,249,213,36,元大-南京,2024-04-25,9862
0056,元大高股息,37,2,35,元大-南京,2024-04-25,9862
2880,華南金,35,1,34,元大-南京,2024-04-25,9862
2317,鴻海,93,59,34,元大-南京,2024-04-25,9862
00706L,期元大S＆P日圓正2,32,0,32,元大-南京,2024-04-25,9862
00929,復華台灣科技優息,31,0,31,元大-南京,2024-04-25,9862
2013,中鋼構,30,0,30,元大-南京,2024-04-25,9862
4157,太景*-KY,30,0,30,元大-南京,2024-04-25,9862
5519,隆大,31,1,30,元大-南京,2024-04-25,9862
5512,力麒,102,74,28,元大-南京,2024-04-25,9862
3481,群創,38,10,28,元大-南京,2024-04-25,9862
3466,德晉,26,0,26,元大-南京,2024-04-25,9862
2706,第一店,25,0,25,元大-南京,2024-04-25,9862
6248,沛波,25,0,25,元大-南京,2024-04-25,9862
6190,萬泰科,25,0,25,元大-南京,2024-04-25,9862
00671R,富邦NASDAQ反1,25,0,25,元大-南京,2024-04-25,9862
1736,喬山,38,13,25,元大-南京,2024-04-25,9862
2887,台新金,28,3,25,元大-南京,2024-04-25,9862
2891,中信金,25,0,25,元大-南京,2024-04-25,9862
6449,鈺邦,27,3,24,元大-南京,2024-04-25,9862
2885,元大金,24,0,24,元大-南京,2024-04-25,9862
2731,雄獅,32,9,23,元大-南京,2024-04-25,9862
2892,第一金,23,1,22,元大-南京,2024-04-25,9862
2801,彰銀,20,0,20,元大-南京,2024-04-25,9862
2014,中鴻,20,0,20,元大-南京,2024-04-25,9862
00641R,富邦日本反1,20,0,20,元大-南京,2024-04-25,9862
2201,裕隆,22,2,20,元大-南京,2024-04-25,9862
9933,中鼎,29,9,20,元大-南京,2024-04-25,9862
3548,兆利,28,9,19,元大-南京,2024-04-25,9862
1609,大亞,84,65,19,元大-南京,2024-04-25,9862
00632R,元大台灣50反1,561,0,561,元大-南京,2024-04-26,9862
6449,鈺邦,180,10,170,元大-南京,2024-04-26,9862
1605,華新,117,3,114,元大-南京,2024-04-26,9862
00669R,國泰美國道瓊反1,100,0,100,元大-南京,2024-04-26,9862
6505,台塑化,100,1,99,元大-南京,2024-04-26,9862
6244,茂迪,100,4,96,元大-南京,2024-04-26,9862
2610,華航,186,113,73,元大-南京,2024-04-26,9862
00937B,群益ESG投等債20,66,0,66,元大-南京,2024-04-26,9862
00688L,國泰20年美債正2,63,0,63,元大-南京,2024-04-26,9862
1529,樂事綠能,50,0,50,元大-南京,2024-04-26,9862
5512,力麒,63,16,47,元大-南京,2024-04-26,9862
2542,興富發,52,6,46,元大-南京,2024-04-26,9862
2888,新光金,47,2,45,元大-南京,2024-04-26,9862
3006,晶豪科,45,0,45,元大-南京,2024-04-26,9862
2368,金像電,46,5,41,元大-南京,2024-04-26,9862
2371,大同,128,89,39,元大-南京,2024-04-26,9862
2611,志信,61,24,37,元大-南京,2024-04-26,9862
00720B,元大投資級公司債,35,0,35,元大-南京,2024-04-26,9862
00679B,元大美債20年,38,4,34,元大-南京,2024-04-26,9862
2887,台新金,32,0,32,元大-南京,2024-04-26,9862
2753,八方雲集,32,0,32,元大-南京,2024-04-26,9862
00929,復華台灣科技優息,32,1,31,元大-南京,2024-04-26,9862
2441,超豐,29,0,29,元大-南京,2024-04-26,9862
2363,矽統,32,3,29,元大-南京,2024-04-26,9862
00680L,元大美債20正2,28,0,28,元大-南京,2024-04-26,9862
00687B,國泰20年美債,26,0,26,元大-南京,2024-04-26,9862
8936,國統,30,5,25,元大-南京,2024-04-26,9862
3706,神達,51,27,24,元大-南京,2024-04-26,9862
1314,中石化,26,3,23,元大-南京,2024-04-26,9862
2834,臺企銀,27,4,23,元大-南京,2024-04-26,9862
2009,第一銅,23,0,23,元大-南京,2024-04-26,9862
3703,欣陸,44,22,22,元大-南京,2024-04-26,9862
3675,德微,21,0,21,元大-南京,2024-04-26,9862
2442,新美齊,22,1,21,元大-南京,2024-04-26,9862
1307,三芳,20,0,20,元大-南京,2024-04-26,9862
2520,冠德,43,24,19,元大-南京,2024-04-26,9862
2731,雄獅,18,0,18,元大-南京,2024-04-26,9862
3708,上緯投控,23,5,18,元大-南京,2024-04-26,9862
4426,利勤,17,0,17,元大-南京,2024-04-26,9862
006206,元大上證50,17,0,17,元大-南京,2024-04-26,9862
3030,德律,33,17,16,元大-南京,2024-04-26,9862
6538,倉和,17,1,16,元大-南京,2024-04-26,9862
3322,建舜電,15,0,15,元大-南京,2024-04-26,9862
8089,康全電訊,17,2,15,元大-南京,2024-04-26,9862
6275,元山,21,7,14,元大-南京,2024-04-26,9862
8044,網家,13,0,13,元大-南京,2024-04-26,9862
2102,泰豐,12,0,12,元大-南京,2024-04-26,9862
00941,中信上游半導體,11,0,11,元大-南京,2024-04-26,9862
3363,上詮,45,35,10,元大-南京,2024-04-26,9862
3576,聯合再生,10,0,10,元大-南京,2024-04-26,9862
2610,華航,292,36,256,元大-南京,2024-04-29,9862
2323,中環,252,11,241,元大-南京,2024-04-29,9862
1714,和桐,200,0,200,元大-南京,2024-04-29,9862
2883,凱基金,211,20,191,元大-南京,2024-04-29,9862
2731,雄獅,185,2,183,元大-南京,2024-04-29,9862
00632R,元大台灣50反1,115,5,110,元大-南京,2024-04-29,9862
2360,致茂,71,0,71,元大-南京,2024-04-29,9862
00929,復華台灣科技優息,74,12,62,元大-南京,2024-04-29,9862
6449,鈺邦,76,15,61,元大-南京,2024-04-29,9862
6274,台燿,70,12,58,元大-南京,2024-04-29,9862
2616,山隆,51,0,51,元大-南京,2024-04-29,9862
2354,鴻準,62,13,49,元大-南京,2024-04-29,9862
2534,宏盛,42,6,36,元大-南京,2024-04-29,9862
6415,矽力*-KY,31,2,29,元大-南京,2024-04-29,9862
1101,台泥,29,3,26,元大-南京,2024-04-29,9862
2542,興富發,35,9,26,元大-南京,2024-04-29,9862
1440,南紡,56,33,23,元大-南京,2024-04-29,9862
2505,國揚,30,9,21,元大-南京,2024-04-29,9862
3207,耀勝,20,0,20,元大-南京,2024-04-29,9862
6244,茂迪,20,0,20,元大-南京,2024-04-29,9862
4583,台灣精銳,23,3,20,元大-南京,2024-04-29,9862
00650L,復華香港正2,30,10,20,元大-南京,2024-04-29,9862
00679B,元大美債20年,20,2,18,元大-南京,2024-04-29,9862
2344,華邦電,23,5,18,元大-南京,2024-04-29,9862
5213,亞昕,22,4,18,元大-南京,2024-04-29,9862
8210,勤誠,19,1,18,元大-南京,2024-04-29,9862
2383,台光電,18,1,17,元大-南京,2024-04-29,9862
8473,山林水,18,1,17,元大-南京,2024-04-29,9862
00637L,元大滬深300正2,50,33,17,元大-南京,2024-04-29,9862
00878,國泰永續高股息,18,2,16,元大-南京,2024-04-29,9862
00752,中信中國50,20,4,16,元大-南京,2024-04-29,9862
5521,工信,16,0,16,元大-南京,2024-04-29,9862
00751B,元大AAA至A公司債,15,0,15,元大-南京,2024-04-29,9862
3019,亞光,15,0,15,元大-南京,2024-04-29,9862
5457,宣德,15,0,15,元大-南京,2024-04-29,9862
6546,正基,12,0,12,元大-南京,2024-04-29,9862
2486,一詮,122,110,12,元大-南京,2024-04-29,9862
6668,中揚光,11,0,11,元大-南京,2024-04-29,9862
3402,漢科,11,0,11,元大-南京,2024-04-29,9862
2066,世德,12,1,11,元大-南京,2024-04-29,9862
2017,官田鋼,11,0,11,元大-南京,2024-04-29,9862
00919,群益台灣精選高息,41,30,11,元大-南京,2024-04-29,9862
1612,宏泰,10,0,10,元大-南京,2024-04-29,9862
3491,昇達科,10,0,10,元大-南京,2024-04-29,9862
5439,高技,10,0,10,元大-南京,2024-04-29,9862
00933B,國泰10Y+金融債,12,2,10,元大-南京,2024-04-29,9862
1529,樂事綠能,10,0,10,元大-南京,2024-04-29,9862
1718,中纖,10,0,10,元大-南京,2024-04-29,9862
0055,元大MSCI金融,10,0,10,元大-南京,2024-04-29,9862
1532,勤美,17,7,10,元大-南京,2024-04-29,9862
2367,燿華,102,3,99,元大-南京,2024-04-30,9862
2330,台積電,118,29,89,元大-南京,2024-04-30,9862
5512,力麒,70,4,66,元大-南京,2024-04-30,9862
3376,新日興,73,8,65,元大-南京,2024-04-30,9862
1313,聯成,68,3,65,元大-南京,2024-04-30,9862
2603,長榮,92,28,64,元大-南京,2024-04-30,9862
2371,大同,125,68,57,元大-南京,2024-04-30,9862
1101,台泥,97,41,56,元大-南京,2024-04-30,9862
1442,名軒,43,2,41,元大-南京,2024-04-30,9862
1504,東元,42,3,39,元大-南京,2024-04-30,9862
2913,農林,41,4,37,元大-南京,2024-04-30,9862
2882,國泰金,43,11,32,元大-南京,2024-04-30,9862
00637L,元大滬深300正2,31,0,31,元大-南京,2024-04-30,9862
3703,欣陸,35,4,31,元大-南京,2024-04-30,9862
00929,復華台灣科技優息,37,7,30,元大-南京,2024-04-30,9862
2645,長榮航太,30,1,29,元大-南京,2024-04-30,9862
2834,臺企銀,59,30,29,元大-南京,2024-04-30,9862
00687B,國泰20年美債,52,24,28,元大-南京,2024-04-30,9862
1316,上曜,72,47,25,元大-南京,2024-04-30,9862
6213,聯茂,21,0,21,元大-南京,2024-04-30,9862
0061,元大寶滬深,21,0,21,元大-南京,2024-04-30,9862
2449,京元電子,21,2,19,元大-南京,2024-04-30,9862
1560,中砂,27,8,19,元大-南京,2024-04-30,9862
6869,雲豹能源,20,1,19,元大-南京,2024-04-30,9862
3272,東碩,19,0,19,元大-南京,2024-04-30,9862
2344,華邦電,20,2,18,元大-南京,2024-04-30,9862
6197,佳必琪,18,0,18,元大-南京,2024-04-30,9862
6223,旺矽,21,4,17,元大-南京,2024-04-30,9862
2317,鴻海,93,76,17,元大-南京,2024-04-30,9862
9945,潤泰新,30,14,16,元大-南京,2024-04-30,9862
5210,寶碩,16,0,16,元大-南京,2024-04-30,9862
00878,國泰永續高股息,30,14,16,元大-南京,2024-04-30,9862
5009,榮剛,33,17,16,元大-南京,2024-04-30,9862
1903,士紙,16,0,16,元大-南京,2024-04-30,9862
5301,寶得利,15,0,15,元大-南京,2024-04-30,9862
2609,陽明,50,35,15,元大-南京,2024-04-30,9862
6125,廣運,36,22,14,元大-南京,2024-04-30,9862
5392,能率,15,1,14,元大-南京,2024-04-30,9862
00751B,元大AAA至A公司債,14,0,14,元大-南京,2024-04-30,9862
6526,達發,15,3,12,元大-南京,2024-04-30,9862
1310,台苯,12,0,12,元大-南京,2024-04-30,9862
3231,緯創,22,10,12,元大-南京,2024-04-30,9862
2323,中環,14,2,12,元大-南京,2024-04-30,9862
1587,吉茂,16,6,10,元大-南京,2024-04-30,9862
2331,精英,10,0,10,元大-南京,2024-04-30,9862
1103,嘉泥,12,2,10,元大-南京,2024-04-30,9862
2884,玉山金,10,0,10,元大-南京,2024-04-30,9862
3207,耀勝,10,0,10,元大-南京,2024-04-30,9862
00885,富邦越南,10,0,10,元大-南京,2024-04-30,9862
1529,樂事綠能,10,0,10,元大-南京,2024-04-30,9862
00878,國泰永續高股息,292,4,288,元大-南京,2024-05-02,9862
2809,京城銀,238,1,237,元大-南京,2024-05-02,9862
1102,亞泥,227,1,226,元大-南京,2024-05-02,9862
00671R,富邦NASDAQ反1,200,0,200,元大-南京,2024-05-02,9862
2515,中工,255,100,155,元大-南京,2024-05-02,9862
00648R,元大S＆P500反1,150,0,150,元大-南京,2024-05-02,9862
2542,興富發,158,11,147,元大-南京,2024-05-02,9862
2882,國泰金,174,30,144,元大-南京,2024-05-02,9862
2915,潤泰全,164,21,143,元大-南京,2024-05-02,9862
3481,群創,123,0,123,元大-南京,2024-05-02,9862
1314,中石化,158,36,122,元大-南京,2024-05-02,9862
9958,世紀鋼,120,4,116,元大-南京,2024-05-02,9862
6244,茂迪,111,0,111,元大-南京,2024-05-02,9862
2451,創見,83,1,82,元大-南京,2024-05-02,9862
2615,萬海,84,4,80,元大-南京,2024-05-02,9862
2383,台光電,86,7,79,元大-南京,2024-05-02,9862
5371,中光電,80,1,79,元大-南京,2024-05-02,9862
6449,鈺邦,73,0,73,元大-南京,2024-05-02,9862
00940,元大台灣價值高息,115,54,61,元大-南京,2024-05-02,9862
2891,中信金,67,8,59,元大-南京,2024-05-02,9862
00937B,群益ESG投等債20,57,0,57,元大-南京,2024-05-02,9862
1440,南紡,63,8,55,元大-南京,2024-05-02,9862
8112,至上,89,34,55,元大-南京,2024-05-02,9862
2501,國建,133,82,51,元大-南京,2024-05-02,9862
6113,亞矽,52,1,51,元大-南京,2024-05-02,9862
2543,皇昌,72,23,49,元大-南京,2024-05-02,9862
00650L,復華香港正2,110,62,48,元大-南京,2024-05-02,9862
2330,台積電,67,19,48,元大-南京,2024-05-02,9862
00929,復華台灣科技優息,55,11,44,元大-南京,2024-05-02,9862
2211,長榮鋼,43,0,43,元大-南京,2024-05-02,9862
5533,皇鼎,42,0,42,元大-南京,2024-05-02,9862
4532,瑞智,43,1,42,元大-南京,2024-05-02,9862
1609,大亞,91,52,39,元大-南京,2024-05-02,9862
3055,蔚華科,40,3,37,元大-南京,2024-05-02,9862
2371,大同,315,279,36,元大-南京,2024-05-02,9862
8096,擎亞,41,5,36,元大-南京,2024-05-02,9862
2834,臺企銀,61,28,33,元大-南京,2024-05-02,9862
00719B,元大美債1-3,31,0,31,元大-南京,2024-05-02,9862
1308,亞聚,30,0,30,元大-南京,2024-05-02,9862
3617,碩天,30,0,30,元大-南京,2024-05-02,9862
2609,陽明,46,17,29,元大-南京,2024-05-02,9862
1305,華夏,34,5,29,元大-南京,2024-05-02,9862
2616,山隆,28,0,28,元大-南京,2024-05-02,9862
2505,國揚,57,33,24,元大-南京,2024-05-02,9862
2031,新光鋼,25,1,24,元大-南京,2024-05-02,9862
3338,泰碩,36,12,24,元大-南京,2024-05-02,9862
2317,鴻海,62,39,23,元大-南京,2024-05-02,9862
8996,高力,33,11,22,元大-南京,2024-05-02,9862
2504,國產,32,10,22,元大-南京,2024-05-02,9862
1504,東元,41,19,22,元大-南京,2024-05-02,9862
2615,萬海,883,0,883,元大-南京,2024-05-03,9862
8096,擎亞,418,52,366,元大-南京,2024-05-03,9862
00937B,群益ESG投等債20,368,200,168,元大-南京,2024-05-03,9862
9933,中鼎,158,5,153,元大-南京,2024-05-03,9862
2883,凱基金,125,0,125,元大-南京,2024-05-03,9862
2542,興富發,136,15,121,元大-南京,2024-05-03,9862
6770,力積電,205,87,118,元大-南京,2024-05-03,9862
6451,訊芯-KY,115,9,106,元大-南京,2024-05-03,9862
3617,碩天,102,6,96,元大-南京,2024-05-03,9862
5512,力麒,235,142,93,元大-南京,2024-05-03,9862
6449,鈺邦,100,7,93,元大-南京,2024-05-03,9862
00915,凱基優選高股息30,102,40,62,元大-南京,2024-05-03,9862
2371,大同,135,73,62,元大-南京,2024-05-03,9862
2331,精英,48,0,48,元大-南京,2024-05-03,9862
1615,大山,48,1,47,元大-南京,2024-05-03,9862
00878,國泰永續高股息,68,22,46,元大-南京,2024-05-03,9862
5328,華容,60,15,45,元大-南京,2024-05-03,9862
2748,雲品,45,0,45,元大-南京,2024-05-03,9862
2603,長榮,51,9,42,元大-南京,2024-05-03,9862
2101,南港,100,63,37,元大-南京,2024-05-03,9862
00941,中信上游半導體,35,0,35,元大-南京,2024-05-03,9862
1440,南紡,40,5,35,元大-南京,2024-05-03,9862
1316,上曜,91,59,32,元大-南京,2024-05-03,9862
1304,台聚,30,0,30,元大-南京,2024-05-03,9862
2486,一詮,48,18,30,元大-南京,2024-05-03,9862
1605,華新,33,3,30,元大-南京,2024-05-03,9862
00679B,元大美債20年,27,0,27,元大-南京,2024-05-03,9862
00933B,國泰10Y+金融債,27,1,26,元大-南京,2024-05-03,9862
3703,欣陸,43,17,26,元大-南京,2024-05-03,9862
2882,國泰金,43,18,25,元大-南京,2024-05-03,9862
00929,復華台灣科技優息,42,17,25,元大-南京,2024-05-03,9862
2354,鴻準,29,4,25,元大-南京,2024-05-03,9862
3715,定穎投控,23,0,23,元大-南京,2024-05-03,9862
4714,永捷,59,36,23,元大-南京,2024-05-03,9862
6546,正基,23,0,23,元大-南京,2024-05-03,9862
1808,潤隆,21,0,21,元大-南京,2024-05-03,9862
1532,勤美,30,11,19,元大-南京,2024-05-03,9862
00932,兆豐永續高息等權,20,1,19,元大-南京,2024-05-03,9862
3037,欣興,18,0,18,元大-南京,2024-05-03,9862
2886,兆豐金,20,2,18,元大-南京,2024-05-03,9862
5230,雷笛克光學,26,8,18,元大-南京,2024-05-03,9862
00919,群益台灣精選高息,51,34,17,元大-南京,2024-05-03,9862
1608,華榮,21,5,16,元大-南京,2024-05-03,9862
3013,晟銘電,42,26,16,元大-南京,2024-05-03,9862
00898,國泰基因免疫革命,16,0,16,元大-南京,2024-05-03,9862
3231,緯創,42,26,16,元大-南京,2024-05-03,9862
2609,陽明,28,13,15,元大-南京,2024-05-03,9862
6192,巨路,17,2,15,元大-南京,2024-05-03,9862
2344,華邦電,14,0,14,元大-南京,2024-05-03,9862
2913,農林,18,4,14,元大-南京,2024-05-03,9862
8096,擎亞,209,69,140,元大-南京,2024-05-06,9862
2739,寒舍,88,7,81,元大-南京,2024-05-06,9862
6449,鈺邦,81,1,80,元大-南京,2024-05-06,9862
4532,瑞智,105,30,75,元大-南京,2024-05-06,9862
00679B,元大美債20年,74,0,74,元大-南京,2024-05-06,9862
00929,復華台灣科技優息,79,10,69,元大-南京,2024-05-06,9862
5512,力麒,63,2,61,元大-南京,2024-05-06,9862
3006,晶豪科,60,4,56,元大-南京,2024-05-06,9862
1615,大山,50,0,50,元大-南京,2024-05-06,9862
4973,廣穎,50,0,50,元大-南京,2024-05-06,9862
00937B,群益ESG投等債20,546,499,47,元大-南京,2024-05-06,9862
00918,大華優利高填息30,50,9,41,元大-南京,2024-05-06,9862
3466,德晉,41,4,37,元大-南京,2024-05-06,9862
6770,力積電,40,4,36,元大-南京,2024-05-06,9862
2542,興富發,47,12,35,元大-南京,2024-05-06,9862
00919,群益台灣精選高息,43,9,34,元大-南京,2024-05-06,9862
2834,臺企銀,88,57,31,元大-南京,2024-05-06,9862
1305,華夏,30,0,30,元大-南京,2024-05-06,9862
00885,富邦越南,29,0,29,元大-南京,2024-05-06,9862
3443,創意,44,17,27,元大-南京,2024-05-06,9862
6596,寬宏藝術,25,0,25,元大-南京,2024-05-06,9862
6668,中揚光,26,1,25,元大-南京,2024-05-06,9862
2501,國建,47,24,23,元大-南京,2024-05-06,9862
2812,台中銀,38,15,23,元大-南京,2024-05-06,9862
1605,華新,23,1,22,元大-南京,2024-05-06,9862
4167,松瑞藥,26,4,22,元大-南京,2024-05-06,9862
00795B,中信美國公債20年,21,0,21,元大-南京,2024-05-06,9862
2204,中華,21,0,21,元大-南京,2024-05-06,9862
1321,大洋,23,2,21,元大-南京,2024-05-06,9862
00680L,元大美債20正2,22,1,21,元大-南京,2024-05-06,9862
2538,基泰,32,12,20,元大-南京,2024-05-06,9862
6219,富旺,20,0,20,元大-南京,2024-05-06,9862
2486,一詮,120,103,17,元大-南京,2024-05-06,9862
2344,華邦電,18,2,16,元大-南京,2024-05-06,9862
2543,皇昌,85,69,16,元大-南京,2024-05-06,9862
00632R,元大台灣50反1,16,0,16,元大-南京,2024-05-06,9862
6757,台灣虎航,96,80,16,元大-南京,2024-05-06,9862
00933B,國泰10Y+金融債,16,0,16,元大-南京,2024-05-06,9862
9907,統一實,16,0,16,元大-南京,2024-05-06,9862
2442,新美齊,16,0,16,元大-南京,2024-05-06,9862
2536,宏普,16,1,15,元大-南京,2024-05-06,9862
4303,信立,30,15,15,元大-南京,2024-05-06,9862
6578,達邦蛋白,15,0,15,元大-南京,2024-05-06,9862
8112,至上,73,58,15,元大-南京,2024-05-06,9862
1446,宏和,54,39,15,元大-南京,2024-05-06,9862
3058,立德,15,0,15,元大-南京,2024-05-06,9862
2409,友達,19,5,14,元大-南京,2024-05-06,9862
00637L,元大滬深300正2,23,10,13,元大-南京,2024-05-06,9862
2547,日勝生,13,1,12,元大-南京,2024-05-06,9862
8936,國統,13,2,11,元大-南京,2024-05-06,9862
00632R,元大台灣50反1,531,0,531,元大-南京,2024-05-07,9862
2609,陽明,311,50,261,元大-南京,2024-05-07,9862
1312,國喬,200,0,200,元大-南京,2024-05-07,9862
1103,嘉泥,172,0,172,元大-南京,2024-05-07,9862
00918,大華優利高填息30,160,0,160,元大-南京,2024-05-07,9862
00931B,統一美債20年,138,0,138,元大-南京,2024-05-07,9862
6244,茂迪,90,0,90,元大-南京,2024-05-07,9862
00929,復華台灣科技優息,72,3,69,元大-南京,2024-05-07,9862
2501,國建,133,77,56,元大-南京,2024-05-07,9862
1308,亞聚,60,4,56,元大-南京,2024-05-07,9862
1101,台泥,62,7,55,元大-南京,2024-05-07,9862
1603,華電,51,0,51,元大-南京,2024-05-07,9862
6668,中揚光,46,0,46,元大-南京,2024-05-07,9862
2542,興富發,77,34,43,元大-南京,2024-05-07,9862
3033,威健,67,28,39,元大-南京,2024-05-07,9862
2515,中工,53,17,36,元大-南京,2024-05-07,9862
1313,聯成,34,0,34,元大-南京,2024-05-07,9862
1532,勤美,56,22,34,元大-南京,2024-05-07,9862
00719B,元大美債1-3,31,0,31,元大-南京,2024-05-07,9862
00679B,元大美債20年,35,5,30,元大-南京,2024-05-07,9862
3363,上詮,49,19,30,元大-南京,2024-05-07,9862
6449,鈺邦,157,128,29,元大-南京,2024-05-07,9862
1605,華新,48,21,27,元大-南京,2024-05-07,9862
5386,青雲,27,0,27,元大-南京,2024-05-07,9862
00878,國泰永續高股息,52,25,27,元大-南京,2024-05-07,9862
6177,達麗,64,37,27,元大-南京,2024-05-07,9862
2887,台新金,33,7,26,元大-南京,2024-05-07,9862
3708,上緯投控,27,1,26,元大-南京,2024-05-07,9862
00665L,富邦�琤肭磪囓�2,26,2,24,元大-南京,2024-05-07,9862
3706,神達,28,5,23,元大-南京,2024-05-07,9862
6451,訊芯-KY,21,0,21,元大-南京,2024-05-07,9862
2344,華邦電,29,9,20,元大-南京,2024-05-07,9862
1709,和益,20,0,20,元大-南京,2024-05-07,9862
5434,崇越,22,2,20,元大-南京,2024-05-07,9862
6546,正基,32,12,20,元大-南京,2024-05-07,9862
5009,榮剛,20,1,19,元大-南京,2024-05-07,9862
2505,國揚,20,1,19,元大-南京,2024-05-07,9862
2363,矽統,25,7,18,元大-南京,2024-05-07,9862
2337,旺宏,22,4,18,元大-南京,2024-05-07,9862
4167,松瑞藥,18,0,18,元大-南京,2024-05-07,9862
00919,群益台灣精選高息,24,7,17,元大-南京,2024-05-07,9862
2367,燿華,18,1,17,元大-南京,2024-05-07,9862
2890,永豐金,48,31,17,元大-南京,2024-05-07,9862
2101,南港,55,39,16,元大-南京,2024-05-07,9862
6585,鼎基,17,1,16,元大-南京,2024-05-07,9862
2855,統一證,16,0,16,元大-南京,2024-05-07,9862
00933B,國泰10Y+金融債,16,1,15,元大-南京,2024-05-07,9862
3055,蔚華科,21,6,15,元大-南京,2024-05-07,9862
5512,力麒,52,37,15,元大-南京,2024-05-07,9862
3047,訊舟,15,0,15,元大-南京,2024-05-07,9862
2610,華航,282,10,272,元大-南京,2024-05-08,9862
2371,大同,422,206,216,元大-南京,2024-05-08,9862
4532,瑞智,179,5,174,元大-南京,2024-05-08,9862
1314,中石化,189,18,171,元大-南京,2024-05-08,9862
2542,興富發,93,10,83,元大-南京,2024-05-08,9862
4968,立積,81,1,80,元大-南京,2024-05-08,9862
2834,臺企銀,75,1,74,元大-南京,2024-05-08,9862
00795B,中信美國公債20年,60,1,59,元大-南京,2024-05-08,9862
00746B,富邦A級公司債,54,0,54,元大-南京,2024-05-08,9862
2374,佳能,91,40,51,元大-南京,2024-05-08,9862
2880,華南金,50,0,50,元大-南京,2024-05-08,9862
1612,宏泰,62,15,47,元大-南京,2024-05-08,9862
00712,復華富時不動產,45,0,45,元大-南京,2024-05-08,9862
1453,大將,50,6,44,元大-南京,2024-05-08,9862
1309,台達化,40,0,40,元大-南京,2024-05-08,9862
6005,群益證,48,9,39,元大-南京,2024-05-08,9862
1326,台化,38,0,38,元大-南京,2024-05-08,9862
8085,福華,38,0,38,元大-南京,2024-05-08,9862
6197,佳必琪,36,1,35,元大-南京,2024-05-08,9862
00679B,元大美債20年,63,29,34,元大-南京,2024-05-08,9862
3033,威健,60,26,34,元大-南京,2024-05-08,9862
1608,華榮,86,53,33,元大-南京,2024-05-08,9862
00937B,群益ESG投等債20,56,23,33,元大-南京,2024-05-08,9862
00878,國泰永續高股息,104,74,30,元大-南京,2024-05-08,9862
2014,中鴻,29,0,29,元大-南京,2024-05-08,9862
1785,光洋科,28,0,28,元大-南京,2024-05-08,9862
3036,文曄,46,20,26,元大-南京,2024-05-08,9862
1103,嘉泥,26,0,26,元大-南京,2024-05-08,9862
00725B,國泰投資級公司債,26,0,26,元大-南京,2024-05-08,9862
1504,東元,29,4,25,元大-南京,2024-05-08,9862
2887,台新金,26,1,25,元大-南京,2024-05-08,9862
00727B,國泰優選非投等債,24,0,24,元大-南京,2024-05-08,9862
2330,台積電,32,9,23,元大-南京,2024-05-08,9862
5871,中租-KY,26,2,24,元大-南京,2024-05-08,9862
00687B,國泰20年美債,27,4,23,元大-南京,2024-05-08,9862
2890,永豐金,22,0,22,元大-南京,2024-05-08,9862
2338,光罩,28,7,21,元大-南京,2024-05-08,9862
2634,漢翔,22,1,21,元大-南京,2024-05-08,9862
00751B,元大AAA至A公司債,20,0,20,元大-南京,2024-05-08,9862
5388,中磊,22,2,20,元大-南京,2024-05-08,9862
2643,捷迅,20,0,20,元大-南京,2024-05-08,9862
2603,長榮,62,42,20,元大-南京,2024-05-08,9862
2454,聯發科,24,5,19,元大-南京,2024-05-08,9862
00934,中信成長高股息,19,0,19,元大-南京,2024-05-08,9862
2605,新興,43,25,18,元大-南京,2024-05-08,9862
1304,台聚,25,7,18,元大-南京,2024-05-08,9862
6640,均華,20,2,18,元大-南京,2024-05-08,9862
1440,南紡,20,2,18,元大-南京,2024-05-08,9862
2889,國票金,19,1,18,元大-南京,2024-05-08,9862
2520,冠德,35,18,17,元大-南京,2024-05-08,9862
1815,富喬,288,118,170,元大-南京,2024-05-09,9862
00937B,群益ESG投等債20,168,0,168,元大-南京,2024-05-09,9862
00944,野村趨勢動能高息,134,0,134,元大-南京,2024-05-09,9862
6121,新普,135,1,134,元大-南京,2024-05-09,9862
3036,文曄,136,8,128,元大-南京,2024-05-09,9862
00946,群益科技高息成長,124,3,121,元大-南京,2024-05-09,9862
00679B,元大美債20年,108,4,104,元大-南京,2024-05-09,9862
00940,元大台灣價值高息,92,33,59,元大-南京,2024-05-09,9862
00929,復華台灣科技優息,87,33,54,元大-南京,2024-05-09,9862
00710B,復華彭博非投等債,51,0,51,元大-南京,2024-05-09,9862
00650L,復華香港正2,50,4,46,元大-南京,2024-05-09,9862
6187,萬潤,47,3,44,元大-南京,2024-05-09,9862
00878,國泰永續高股息,213,171,42,元大-南京,2024-05-09,9862
1605,華新,52,12,40,元大-南京,2024-05-09,9862
2363,矽統,55,18,37,元大-南京,2024-05-09,9862
2888,新光金,52,15,37,元大-南京,2024-05-09,9862
1101,台泥,43,7,36,元大-南京,2024-05-09,9862
3207,耀勝,35,0,35,元大-南京,2024-05-09,9862
3231,緯創,48,14,34,元大-南京,2024-05-09,9862
00719B,元大美債1-3,31,0,31,元大-南京,2024-05-09,9862
1612,宏泰,30,1,29,元大-南京,2024-05-09,9862
5508,永信建,35,7,28,元大-南京,2024-05-09,9862
2371,大同,232,205,27,元大-南京,2024-05-09,9862
1609,大亞,43,18,25,元大-南京,2024-05-09,9862
2887,台新金,24,0,24,元大-南京,2024-05-09,9862
3030,德律,24,0,24,元大-南京,2024-05-09,9862
3363,上詮,26,2,24,元大-南京,2024-05-09,9862
2101,南港,27,3,24,元大-南京,2024-05-09,9862
6005,群益證,26,3,23,元大-南京,2024-05-09,9862
2801,彰銀,22,0,22,元大-南京,2024-05-09,9862
8112,至上,27,6,21,元大-南京,2024-05-09,9862
2351,順德,21,0,21,元大-南京,2024-05-09,9862
2515,中工,46,25,21,元大-南京,2024-05-09,9862
00688L,國泰20年美債正2,20,0,20,元大-南京,2024-05-09,9862
9944,新麗,20,0,20,元大-南京,2024-05-09,9862
5457,宣德,20,0,20,元大-南京,2024-05-09,9862
3024,憶聲,20,0,20,元大-南京,2024-05-09,9862
00751B,元大AAA至A公司債,19,0,19,元大-南京,2024-05-09,9862
00712,復華富時不動產,37,20,17,元大-南京,2024-05-09,9862
8271,宇瞻,16,0,16,元大-南京,2024-05-09,9862
4123,晟德,16,0,16,元大-南京,2024-05-09,9862
2324,仁寶,18,3,15,元大-南京,2024-05-09,9862
1707,葡萄王,15,0,15,元大-南京,2024-05-09,9862
9928,中視,15,0,15,元大-南京,2024-05-09,9862
2344,華邦電,16,2,14,元大-南京,2024-05-09,9862
2885,元大金,20,6,14,元大-南京,2024-05-09,9862
00720B,元大投資級公司債,13,0,13,元大-南京,2024-05-09,9862
1504,東元,18,5,13,元大-南京,2024-05-09,9862
00706L,期元大S＆P日圓正2,13,0,13,元大-南京,2024-05-09,9862
1524,耿鼎,15,2,13,元大-南京,2024-05-09,9862
9934,成霖,500,1,499,元大-南京,2024-05-10,9862
00929,復華台灣科技優息,215,1,214,元大-南京,2024-05-10,9862
00637L,元大滬深300正2,162,10,152,元大-南京,2024-05-10,9862
2313,華通,76,7,69,元大-南京,2024-05-10,9862
1815,富喬,63,6,57,元大-南京,2024-05-10,9862
6274,台燿,59,3,56,元大-南京,2024-05-10,9862
6449,鈺邦,50,0,50,元大-南京,2024-05-10,9862
1442,名軒,49,2,47,元大-南京,2024-05-10,9862
00946,群益科技高息成長,44,0,44,元大-南京,2024-05-10,9862
3706,神達,86,46,40,元大-南京,2024-05-10,9862
6863,永道-KY,40,2,38,元大-南京,2024-05-10,9862
8358,金居,35,0,35,元大-南京,2024-05-10,9862
4167,松瑞藥,40,6,34,元大-南京,2024-05-10,9862
4562,穎漢,41,7,34,元大-南京,2024-05-10,9862
8048,德勝,32,0,32,元大-南京,2024-05-10,9862
00697B,元大美債7-10,28,0,28,元大-南京,2024-05-10,9862
00944,野村趨勢動能高息,27,0,27,元大-南京,2024-05-10,9862
6269,台郡,29,2,27,元大-南京,2024-05-10,9862
2367,燿華,112,85,27,元大-南京,2024-05-10,9862
00687B,國泰20年美債,28,2,26,元大-南京,2024-05-10,9862
2515,中工,43,20,23,元大-南京,2024-05-10,9862
00878,國泰永續高股息,23,1,22,元大-南京,2024-05-10,9862
2501,國建,39,18,21,元大-南京,2024-05-10,9862
6668,中揚光,20,0,20,元大-南京,2024-05-10,9862
2892,第一金,21,2,19,元大-南京,2024-05-10,9862
6213,聯茂,22,4,18,元大-南京,2024-05-10,9862
6235,華孚,19,2,17,元大-南京,2024-05-10,9862
2527,宏璟,23,7,16,元大-南京,2024-05-10,9862
1799,易威,16,0,16,元大-南京,2024-05-10,9862
00937B,群益ESG投等債20,16,1,15,元大-南京,2024-05-10,9862
00632R,元大台灣50反1,15,0,15,元大-南京,2024-05-10,9862
6026,福邦證,19,4,15,元大-南京,2024-05-10,9862
3017,奇鋐,15,1,14,元大-南京,2024-05-10,9862
00642U,期元大S＆P石油,15,1,14,元大-南京,2024-05-10,9862
00665L,富邦�琤肭磪囓�2,15,2,13,元大-南京,2024-05-10,9862
1307,三芳,13,0,13,元大-南京,2024-05-10,9862
2351,順德,13,0,13,元大-南京,2024-05-10,9862
2317,鴻海,67,54,13,元大-南京,2024-05-10,9862
3033,威健,14,1,13,元大-南京,2024-05-10,9862
1808,潤隆,13,1,12,元大-南京,2024-05-10,9862
5522,遠雄,13,1,12,元大-南京,2024-05-10,9862
8938,明安,13,1,12,元大-南京,2024-05-10,9862
6173,信昌電,12,0,12,元大-南京,2024-05-10,9862
9945,潤泰新,22,11,11,元大-南京,2024-05-10,9862
9958,世紀鋼,16,5,11,元大-南京,2024-05-10,9862
4934,太極,11,0,11,元大-南京,2024-05-10,9862
5512,力麒,13,2,11,元大-南京,2024-05-10,9862
3708,上緯投控,12,1,11,元大-南京,2024-05-10,9862
2327,國巨,12,1,11,元大-南京,2024-05-10,9862
2353,宏��,40,29,11,元大-南京,2024-05-10,9862
00650L,復華香港正2,321,20,301,元大-南京,2024-05-13,9862
00878,國泰永續高股息,190,5,185,元大-南京,2024-05-13,9862
2105,正新,163,9,154,元大-南京,2024-05-13,9862
00632R,元大台灣50反1,151,13,138,元大-南京,2024-05-13,9862
1102,亞泥,109,10,99,元大-南京,2024-05-13,9862
00937B,群益ESG投等債20,93,12,81,元大-南京,2024-05-13,9862
2477,美隆電,73,0,73,元大-南京,2024-05-13,9862
00931B,統一美債20年,76,7,69,元大-南京,2024-05-13,9862
3260,威剛,73,15,58,元大-南京,2024-05-13,9862
2618,長榮航,693,640,53,元大-南京,2024-05-13,9862
1504,東元,50,2,48,元大-南京,2024-05-13,9862
00882,中信中國高股息,59,13,46,元大-南京,2024-05-13,9862
00944,野村趨勢動能高息,44,0,44,元大-南京,2024-05-13,9862
3231,緯創,50,10,40,元大-南京,2024-05-13,9862
8936,國統,70,31,39,元大-南京,2024-05-13,9862
2616,山隆,38,0,38,元大-南京,2024-05-13,9862
00637L,元大滬深300正2,111,81,30,元大-南京,2024-05-13,9862
2892,第一金,31,2,29,元大-南京,2024-05-13,9862
00787B,元大10年IG醫療債,29,0,29,元大-南京,2024-05-13,9862
00679B,元大美債20年,346,322,24,元大-南京,2024-05-13,9862
3036,文曄,33,9,24,元大-南京,2024-05-13,9862
00932,兆豐永續高息等權,24,0,24,元大-南京,2024-05-13,9862
3207,耀勝,23,0,23,元大-南京,2024-05-13,9862
2605,新興,97,74,23,元大-南京,2024-05-13,9862
00687B,國泰20年美債,26,5,21,元大-南京,2024-05-13,9862
2520,冠德,36,15,21,元大-南京,2024-05-13,9862
3162,精確,20,0,20,元大-南京,2024-05-13,9862
8401,白紗科,20,0,20,元大-南京,2024-05-13,9862
2062,橋椿,20,0,20,元大-南京,2024-05-13,9862
1799,易威,19,0,19,元大-南京,2024-05-13,9862
00919,群益台灣精選高息,26,7,19,元大-南京,2024-05-13,9862
00891,中信關鍵半導體,18,0,18,元大-南京,2024-05-13,9862
2641,正德,44,28,16,元大-南京,2024-05-13,9862
3303,岱稜,15,0,15,元大-南京,2024-05-13,9862
2359,所羅門,17,3,14,元大-南京,2024-05-13,9862
5512,力麒,20,6,14,元大-南京,2024-05-13,9862
5371,中光電,14,0,14,元大-南京,2024-05-13,9862
3005,神基,24,10,14,元大-南京,2024-05-13,9862
2317,鴻海,70,56,14,元大-南京,2024-05-13,9862
1714,和桐,14,1,13,元大-南京,2024-05-13,9862
2515,中工,19,6,13,元大-南京,2024-05-13,9862
2008,高興昌,13,0,13,元大-南京,2024-05-13,9862
6590,普鴻,13,0,13,元大-南京,2024-05-13,9862
6953,家碩,13,0,13,元大-南京,2024-05-13,9862
3491,昇達科,13,1,12,元大-南京,2024-05-13,9862
1815,富喬,14,2,12,元大-南京,2024-05-13,9862
2739,寒舍,13,1,12,元大-南京,2024-05-13,9862
2486,一詮,51,39,12,元大-南京,2024-05-13,9862
2617,台航,26,15,11,元大-南京,2024-05-13,9862
1440,南紡,16,5,11,元大-南京,2024-05-13,9862
1102,亞泥,237,0,237,元大-南京,2024-05-14,9862
1101,台泥,94,13,81,元大-南京,2024-05-14,9862
2371,大同,104,43,61,元大-南京,2024-05-14,9862
2618,長榮航,71,15,56,元大-南京,2024-05-14,9862
2382,廣達,108,56,52,元大-南京,2024-05-14,9862
1810,和成,50,0,50,元大-南京,2024-05-14,9862
1773,勝一,45,0,45,元大-南京,2024-05-14,9862
1326,台化,43,0,43,元大-南京,2024-05-14,9862
2884,玉山金,48,6,42,元大-南京,2024-05-14,9862
2892,第一金,41,0,41,元大-南京,2024-05-14,9862
00919,群益台灣精選高息,80,41,39,元大-南京,2024-05-14,9862
00665L,富邦�琤肭磪囓�2,40,3,37,元大-南京,2024-05-14,9862
00937B,群益ESG投等債20,49,16,33,元大-南京,2024-05-14,9862
2882,國泰金,42,11,31,元大-南京,2024-05-14,9862
9934,成霖,31,1,30,元大-南京,2024-05-14,9862
9945,潤泰新,46,18,28,元大-南京,2024-05-14,9862
2351,順德,30,2,28,元大-南京,2024-05-14,9862
2317,鴻海,91,63,28,元大-南京,2024-05-14,9862
2890,永豐金,27,0,27,元大-南京,2024-05-14,9862
1459,聯發,25,0,25,元大-南京,2024-05-14,9862
3706,神達,56,31,25,元大-南京,2024-05-14,9862
1522,堤維西,44,23,21,元大-南京,2024-05-14,9862
3030,德律,21,0,21,元大-南京,2024-05-14,9862
1605,華新,21,0,21,元大-南京,2024-05-14,9862
5475,德宏,20,0,20,元大-南京,2024-05-14,9862
8011,台通,30,10,20,元大-南京,2024-05-14,9862
5014,建錩,20,0,20,元大-南京,2024-05-14,9862
00633L,富邦上証正2,20,0,20,元大-南京,2024-05-14,9862
2101,南港,34,15,19,元大-南京,2024-05-14,9862
3605,宏致,33,16,17,元大-南京,2024-05-14,9862
2501,國建,25,9,16,元大-南京,2024-05-14,9862
00679B,元大美債20年,38,22,16,元大-南京,2024-05-14,9862
6807,峰源-KY,15,0,15,元大-南京,2024-05-14,9862
2406,國碩,14,0,14,元大-南京,2024-05-14,9862
2636,台驊控股,30,17,13,元大-南京,2024-05-14,9862
3703,欣陸,15,2,13,元大-南京,2024-05-14,9862
3162,精確,14,1,13,元大-南京,2024-05-14,9862
3163,波若威,14,1,13,元大-南京,2024-05-14,9862
00885,富邦越南,25,12,13,元大-南京,2024-05-14,9862
00929,復華台灣科技優息,23,11,12,元大-南京,2024-05-14,9862
8086,宏捷科,12,0,12,元大-南京,2024-05-14,9862
00687B,國泰20年美債,12,0,12,元大-南京,2024-05-14,9862
00712,復華富時不動產,12,0,12,元大-南京,2024-05-14,9862
6126,信音,15,3,12,元大-南京,2024-05-14,9862
00941,中信上游半導體,11,0,11,元大-南京,2024-05-14,9862
8227,巨有科技,12,1,11,元大-南京,2024-05-14,9862
2486,一詮,11,0,11,元大-南京,2024-05-14,9862
2520,冠德,31,20,11,元大-南京,2024-05-14,9862
00751B,元大AAA至A公司債,10,0,10,元大-南京,2024-05-14,9862
6294,智基,33,23,10,元大-南京,2024-05-14,9862
2002,中鋼,209,0,209,元大-南京,2024-05-15,9862
4533,協易機,262,56,206,元大-南京,2024-05-15,9862
8096,擎亞,198,13,185,元大-南京,2024-05-15,9862
2356,英業達,152,38,114,元大-南京,2024-05-15,9862
2405,輔信,81,6,75,元大-南京,2024-05-15,9862
6667,信紘科,73,1,72,元大-南京,2024-05-15,9862
2374,佳能,110,42,68,元大-南京,2024-05-15,9862
1314,中石化,75,7,68,元大-南京,2024-05-15,9862
00632R,元大台灣50反1,204,137,67,元大-南京,2024-05-15,9862
2353,宏��,135,78,57,元大-南京,2024-05-15,9862
00937B,群益ESG投等債20,57,1,56,元大-南京,2024-05-15,9862
1326,台化,56,1,55,元大-南京,2024-05-15,9862
00665L,富邦�琤肭磪囓�2,54,0,54,元大-南京,2024-05-15,9862
2616,山隆,54,0,54,元大-南京,2024-05-15,9862
6274,台燿,113,62,51,元大-南京,2024-05-15,9862
00929,復華台灣科技優息,65,15,50,元大-南京,2024-05-15,9862
1810,和成,50,0,50,元大-南京,2024-05-15,9862
00664R,國泰臺灣加權反1,50,0,50,元大-南京,2024-05-15,9862
6546,正基,49,0,49,元大-南京,2024-05-15,9862
8033,雷虎,51,4,47,元大-南京,2024-05-15,9862
5512,力麒,44,0,44,元大-南京,2024-05-15,9862
2401,凌陽,59,17,42,元大-南京,2024-05-15,9862
00687B,國泰20年美債,42,1,41,元大-南京,2024-05-15,9862
3376,新日興,48,9,39,元大-南京,2024-05-15,9862
4958,臻鼎-KY,39,0,39,元大-南京,2024-05-15,9862
2880,華南金,40,3,37,元大-南京,2024-05-15,9862
00637L,元大滬深300正2,35,1,34,元大-南京,2024-05-15,9862
1785,光洋科,43,10,33,元大-南京,2024-05-15,9862
00679B,元大美債20年,36,4,32,元大-南京,2024-05-15,9862
2542,興富發,40,9,31,元大-南京,2024-05-15,9862
1773,勝一,29,0,29,元大-南京,2024-05-15,9862
2324,仁寶,38,11,27,元大-南京,2024-05-15,9862
4743,合一,27,1,26,元大-南京,2024-05-15,9862
00882,中信中國高股息,42,16,26,元大-南京,2024-05-15,9862
1103,嘉泥,25,0,25,元大-南京,2024-05-15,9862
2609,陽明,223,199,24,元大-南京,2024-05-15,9862
2363,矽統,41,18,23,元大-南京,2024-05-15,9862
6451,訊芯-KY,34,11,23,元大-南京,2024-05-15,9862
00940,元大台灣價值高息,100,78,22,元大-南京,2024-05-15,9862
2449,京元電子,21,0,21,元大-南京,2024-05-15,9862
3363,上詮,36,16,20,元大-南京,2024-05-15,9862
1532,勤美,22,2,20,元大-南京,2024-05-15,9862
9945,潤泰新,63,45,18,元大-南京,2024-05-15,9862
1449,佳和,17,0,17,元大-南京,2024-05-15,9862
6753,龍德造船,31,15,16,元大-南京,2024-05-15,9862
1101,台泥,26,10,16,元大-南京,2024-05-15,9862
00919,群益台灣精選高息,61,46,15,元大-南京,2024-05-15,9862
00770,國泰北美科技,14,0,14,元大-南京,2024-05-15,9862
2062,橋椿,32,18,14,元大-南京,2024-05-15,9862
1591,駿吉-KY,19,5,14,元大-南京,2024-05-15,9862
8096,擎亞,317,38,279,元大-南京,2024-05-16,9862
9904,寶成,109,10,99,元大-南京,2024-05-16,9862
00632R,元大台灣50反1,98,5,93,元大-南京,2024-05-16,9862
6140,訊達,90,0,90,元大-南京,2024-05-16,9862
00937B,群益ESG投等債20,92,16,76,元大-南京,2024-05-16,9862
2609,陽明,288,213,75,元大-南京,2024-05-16,9862
2382,廣達,93,20,73,元大-南京,2024-05-16,9862
3231,緯創,104,33,71,元大-南京,2024-05-16,9862
6177,達麗,72,3,69,元大-南京,2024-05-16,9862
00878,國泰永續高股息,259,197,62,元大-南京,2024-05-16,9862
3050,鈺德,51,0,51,元大-南京,2024-05-16,9862
00679B,元大美債20年,89,49,40,元大-南京,2024-05-16,9862
2356,英業達,52,12,40,元大-南京,2024-05-16,9862
4746,台耀,40,0,40,元大-南京,2024-05-16,9862
4306,炎洲,40,0,40,元大-南京,2024-05-16,9862
8299,群聯,40,2,38,元大-南京,2024-05-16,9862
9945,潤泰新,108,72,36,元大-南京,2024-05-16,9862
2882,國泰金,82,47,35,元大-南京,2024-05-16,9862
2374,佳能,84,53,31,元大-南京,2024-05-16,9862
00688L,國泰20年美債正2,30,0,30,元大-南京,2024-05-16,9862
1608,華榮,73,43,30,元大-南京,2024-05-16,9862
2501,國建,47,19,28,元大-南京,2024-05-16,9862
2441,超豐,28,1,27,元大-南京,2024-05-16,9862
1326,台化,27,0,27,元大-南京,2024-05-16,9862
2359,所羅門,68,43,25,元大-南京,2024-05-16,9862
8070,長華*,29,6,23,元大-南京,2024-05-16,9862
00687B,國泰20年美債,29,7,22,元大-南京,2024-05-16,9862
4128,中天,22,1,21,元大-南京,2024-05-16,9862
9958,世紀鋼,32,12,20,元大-南京,2024-05-16,9862
8110,華東,30,11,19,元大-南京,2024-05-16,9862
5340,建榮,19,0,19,元大-南京,2024-05-16,9862
2367,燿華,99,80,19,元大-南京,2024-05-16,9862
6573,虹揚-KY,18,0,18,元大-南京,2024-05-16,9862
2515,中工,18,2,16,元大-南京,2024-05-16,9862
2514,龍邦,17,1,16,元大-南京,2024-05-16,9862
2739,寒舍,39,24,15,元大-南京,2024-05-16,9862
2618,長榮航,157,143,14,元大-南京,2024-05-16,9862
4533,協易機,27,13,14,元大-南京,2024-05-16,9862
2464,盟立,57,43,14,元大-南京,2024-05-16,9862
2363,矽統,36,23,13,元大-南京,2024-05-16,9862
8033,雷虎,15,2,13,元大-南京,2024-05-16,9862
3234,光環,13,1,12,元大-南京,2024-05-16,9862
3490,單井,12,0,12,元大-南京,2024-05-16,9862
1447,力鵬,13,1,12,元大-南京,2024-05-16,9862
4960,誠美材,13,1,12,元大-南京,2024-05-16,9862
2329,華泰,26,14,12,元大-南京,2024-05-16,9862
8210,勤誠,13,2,11,元大-南京,2024-05-16,9862
8171,天宇,11,0,11,元大-南京,2024-05-16,9862
2505,國揚,11,0,11,元大-南京,2024-05-16,9862
1524,耿鼎,15,4,11,元大-南京,2024-05-16,9862
00706L,期元大S＆P日圓正2,212,0,212,元大-南京,2024-05-17,9862
00878,國泰永續高股息,220,55,165,元大-南京,2024-05-17,9862
00929,復華台灣科技優息,156,25,131,元大-南京,2024-05-17,9862
2618,長榮航,214,100,114,元大-南京,2024-05-17,9862
00937B,群益ESG投等債20,76,8,68,元大-南京,2024-05-17,9862
9945,潤泰新,84,23,61,元大-南京,2024-05-17,9862
2489,瑞軒,111,56,55,元大-南京,2024-05-17,9862
1810,和成,53,0,53,元大-南京,2024-05-17,9862
1460,宏遠,50,0,50,元大-南京,2024-05-17,9862
2317,鴻海,86,37,49,元大-南京,2024-05-17,9862
00650L,復華香港正2,50,1,49,元大-南京,2024-05-17,9862
2888,新光金,48,0,48,元大-南京,2024-05-17,9862
4306,炎洲,55,7,48,元大-南京,2024-05-17,9862
2610,華航,208,161,47,元大-南京,2024-05-17,9862
2609,陽明,51,13,38,元大-南京,2024-05-17,9862
3033,威健,107,70,37,元大-南京,2024-05-17,9862
2527,宏璟,48,11,37,元大-南京,2024-05-17,9862
2897,王道銀行,40,5,35,元大-南京,2024-05-17,9862
2323,中環,35,1,34,元大-南京,2024-05-17,9862
2834,臺企銀,33,0,33,元大-南京,2024-05-17,9862
3047,訊舟,61,28,33,元大-南京,2024-05-17,9862
2367,燿華,151,118,33,元大-南京,2024-05-17,9862
5236,凌陽創新,32,0,32,元大-南京,2024-05-17,9862
9904,寶成,32,0,32,元大-南京,2024-05-17,9862
2312,金寶,34,3,31,元大-南京,2024-05-17,9862
00688L,國泰20年美債正2,30,0,30,元大-南京,2024-05-17,9862
3705,永信,30,0,30,元大-南京,2024-05-17,9862
2882,國泰金,44,14,30,元大-南京,2024-05-17,9862
00753L,中信中國50正2,29,1,28,元大-南京,2024-05-17,9862
00919,群益台灣精選高息,30,3,27,元大-南京,2024-05-17,9862
2616,山隆,26,0,26,元大-南京,2024-05-17,9862
2363,矽統,69,43,26,元大-南京,2024-05-17,9862
00722B,群益投資級電信債,25,0,25,元大-南京,2024-05-17,9862
1473,台南,25,3,22,元大-南京,2024-05-17,9862
4977,眾達-KY,24,2,22,元大-南京,2024-05-17,9862
5508,永信建,27,6,21,元大-南京,2024-05-17,9862
2101,南港,38,18,20,元大-南京,2024-05-17,9862
2603,長榮,50,31,19,元大-南京,2024-05-17,9862
2605,新興,24,7,17,元大-南京,2024-05-17,9862
3141,晶宏,19,3,16,元大-南京,2024-05-17,9862
4746,台耀,17,1,16,元大-南京,2024-05-17,9862
6139,亞翔,18,3,15,元大-南京,2024-05-17,9862
00946,群益科技高息成長,14,0,14,元大-南京,2024-05-17,9862
2743,山富,32,18,14,元大-南京,2024-05-17,9862
4128,中天,28,14,14,元大-南京,2024-05-17,9862
2543,皇昌,38,24,14,元大-南京,2024-05-17,9862
2409,友達,24,10,14,元大-南京,2024-05-17,9862
00944,野村趨勢動能高息,15,1,14,元大-南京,2024-05-17,9862
3450,聯鈞,21,7,14,元大-南京,2024-05-17,9862
3231,緯創,35,22,13,元大-南京,2024-05-17,9862
00929,復華台灣科技優息,170,32,138,元大-南京,2024-05-20,9862
3010,華立,102,8,94,元大-南京,2024-05-20,9862
00937B,群益ESG投等債20,107,21,86,元大-南京,2024-05-20,9862
5534,長虹,76,2,74,元大-南京,2024-05-20,9862
00943,兆豐電子高息等權,60,0,60,元大-南京,2024-05-20,9862
6278,台表科,58,0,58,元大-南京,2024-05-20,9862
1440,南紡,43,1,42,元大-南京,2024-05-20,9862
00712,復華富時不動產,40,0,40,元大-南京,2024-05-20,9862
6244,茂迪,67,27,40,元大-南京,2024-05-20,9862
00679B,元大美債20年,40,2,38,元大-南京,2024-05-20,9862
3033,威健,48,12,36,元大-南京,2024-05-20,9862
8936,國統,36,2,34,元大-南京,2024-05-20,9862
3047,訊舟,44,12,32,元大-南京,2024-05-20,9862
4128,中天,30,0,30,元大-南京,2024-05-20,9862
2317,鴻海,68,39,29,元大-南京,2024-05-20,9862
2313,華通,35,6,29,元大-南京,2024-05-20,9862
00713,元大台灣高息低波,28,0,28,元大-南京,2024-05-20,9862
2402,毅嘉,27,0,27,元大-南京,2024-05-20,9862
1799,易威,45,18,27,元大-南京,2024-05-20,9862
2344,華邦電,37,10,27,元大-南京,2024-05-20,9862
2520,冠德,55,30,25,元大-南京,2024-05-20,9862
2834,臺企銀,25,0,25,元大-南京,2024-05-20,9862
9904,寶成,35,11,24,元大-南京,2024-05-20,9862
5371,中光電,29,5,24,元大-南京,2024-05-20,9862
3231,緯創,36,13,23,元大-南京,2024-05-20,9862
3450,聯鈞,38,16,22,元大-南京,2024-05-20,9862
00882,中信中國高股息,50,29,21,元大-南京,2024-05-20,9862
2388,威盛,25,4,21,元大-南京,2024-05-20,9862
5236,凌陽創新,21,0,21,元大-南京,2024-05-20,9862
1101,台泥,20,0,20,元大-南京,2024-05-20,9862
4164,承業醫,20,0,20,元大-南京,2024-05-20,9862
8033,雷虎,20,0,20,元大-南京,2024-05-20,9862
00688L,國泰20年美債正2,20,0,20,元大-南京,2024-05-20,9862
2743,山富,39,20,19,元大-南京,2024-05-20,9862
3673,TPK-KY,19,0,19,元大-南京,2024-05-20,9862
2903,遠百,21,2,19,元大-南京,2024-05-20,9862
1460,宏遠,18,0,18,元大-南京,2024-05-20,9862
1608,華榮,105,88,17,元大-南京,2024-05-20,9862
2867,三商壽,32,16,16,元大-南京,2024-05-20,9862
4766,南寶,16,0,16,元大-南京,2024-05-20,9862
9912,偉聯,16,0,16,元大-南京,2024-05-20,9862
2515,中工,16,0,16,元大-南京,2024-05-20,9862
1314,中石化,15,0,15,元大-南京,2024-05-20,9862
2505,國揚,20,5,15,元大-南京,2024-05-20,9862
00751B,元大AAA至A公司債,17,2,15,元大-南京,2024-05-20,9862
8070,長華*,38,25,13,元大-南京,2024-05-20,9862
2630,亞航,15,2,13,元大-南京,2024-05-20,9862
00687B,國泰20年美債,13,0,13,元大-南京,2024-05-20,9862
00915,凱基優選高股息30,12,0,12,元大-南京,2024-05-20,9862
00674R,期元大S＆P黃金反1,12,0,12,元大-南京,2024-05-20,9862
2367,燿華,1031,101,930,元大-南京,2024-05-21,9862
6505,台塑化,401,0,401,元大-南京,2024-05-21,9862
00940,元大台灣價值高息,346,79,267,元大-南京,2024-05-21,9862
00929,復華台灣科技優息,196,54,142,元大-南京,2024-05-21,9862
8096,擎亞,108,21,87,元大-南京,2024-05-21,9862
4128,中天,86,0,86,元大-南京,2024-05-21,9862
1314,中石化,70,4,66,元大-南京,2024-05-21,9862
00878,國泰永續高股息,70,4,66,元大-南京,2024-05-21,9862
2890,永豐金,71,13,58,元大-南京,2024-05-21,9862
2892,第一金,61,3,58,元大-南京,2024-05-21,9862
2331,精英,49,1,48,元大-南京,2024-05-21,9862
6244,茂迪,46,6,40,元大-南京,2024-05-21,9862
2324,仁寶,34,4,30,元大-南京,2024-05-21,9862
2511,太子,37,7,30,元大-南京,2024-05-21,9862
2903,遠百,31,2,29,元大-南京,2024-05-21,9862
5521,工信,29,0,29,元大-南京,2024-05-21,9862
2486,一詮,115,87,28,元大-南京,2024-05-21,9862
2027,大成鋼,39,12,27,元大-南京,2024-05-21,9862
1445,大宇,27,0,27,元大-南京,2024-05-21,9862
1316,上曜,31,4,27,元大-南京,2024-05-21,9862
9945,潤泰新,30,4,26,元大-南京,2024-05-21,9862
8299,群聯,23,0,23,元大-南京,2024-05-21,9862
2542,興富發,24,2,22,元大-南京,2024-05-21,9862
1799,易威,38,17,21,元大-南京,2024-05-21,9862
2610,華航,35,15,20,元大-南京,2024-05-21,9862
1810,和成,20,0,20,元大-南京,2024-05-21,9862
6425,易發,33,13,20,元大-南京,2024-05-21,9862
1303,南亞,25,7,18,元大-南京,2024-05-21,9862
2609,陽明,19,1,18,元大-南京,2024-05-21,9862
2351,順德,17,0,17,元大-南京,2024-05-21,9862
2409,友達,28,11,17,元大-南京,2024-05-21,9862
00926,凱基全球菁英55,17,0,17,元大-南京,2024-05-21,9862
00665L,富邦�琤肭磪囓�2,17,1,16,元大-南京,2024-05-21,9862
2476,鉅祥,22,7,15,元大-南京,2024-05-21,9862
2363,矽統,22,7,15,元大-南京,2024-05-21,9862
00632R,元大台灣50反1,15,0,15,元大-南京,2024-05-21,9862
3024,憶聲,16,1,15,元大-南京,2024-05-21,9862
3297,杭特,15,0,15,元大-南京,2024-05-21,9862
00937B,群益ESG投等債20,33,19,14,元大-南京,2024-05-21,9862
6206,飛捷,14,0,14,元大-南京,2024-05-21,9862
2317,鴻海,27,14,13,元大-南京,2024-05-21,9862
3702,大聯大,12,0,12,元大-南京,2024-05-21,9862
2884,玉山金,23,11,12,元大-南京,2024-05-21,9862
00946,群益科技高息成長,20,8,12,元大-南京,2024-05-21,9862
5512,力麒,12,0,12,元大-南京,2024-05-21,9862
2504,國產,22,10,12,元大-南京,2024-05-21,9862
2451,創見,13,1,12,元大-南京,2024-05-21,9862
00885,富邦越南,12,0,12,元大-南京,2024-05-21,9862
3059,華晶科,21,10,11,元大-南京,2024-05-21,9862
1785,光洋科,18,7,11,元大-南京,2024-05-21,9862
2610,華航,406,33,373,元大-南京,2024-05-22,9862
2303,聯電,462,190,272,元大-南京,2024-05-22,9862
00676R,富邦臺灣加權反1,200,0,200,元大-南京,2024-05-22,9862
3047,訊舟,204,47,157,元大-南京,2024-05-22,9862
8110,華東,130,3,127,元大-南京,2024-05-22,9862
3605,宏致,120,2,118,元大-南京,2024-05-22,9862
5426,振發,119,3,116,元大-南京,2024-05-22,9862
2367,燿華,350,254,96,元大-南京,2024-05-22,9862
2616,山隆,75,0,75,元大-南京,2024-05-22,9862
2903,遠百,76,1,75,元大-南京,2024-05-22,9862
00937B,群益ESG投等債20,58,1,57,元大-南京,2024-05-22,9862
1608,華榮,68,11,57,元大-南京,2024-05-22,9862
3706,神達,105,58,47,元大-南京,2024-05-22,9862
5522,遠雄,44,0,44,元大-南京,2024-05-22,9862
1785,光洋科,56,14,42,元大-南京,2024-05-22,9862
2002,中鋼,46,5,41,元大-南京,2024-05-22,9862
2371,大同,46,6,40,元大-南京,2024-05-22,9862
3694,海華,42,5,37,元大-南京,2024-05-22,9862
6116,彩晶,32,1,31,元大-南京,2024-05-22,9862
6187,萬潤,30,1,29,元大-南京,2024-05-22,9862
2101,南港,35,6,29,元大-南京,2024-05-22,9862
2489,瑞軒,52,24,28,元大-南京,2024-05-22,9862
3483,力致,47,20,27,元大-南京,2024-05-22,9862
4111,濟生,26,1,25,元大-南京,2024-05-22,9862
2354,鴻準,30,5,25,元大-南京,2024-05-22,9862
8096,擎亞,60,37,23,元大-南京,2024-05-22,9862
2250,IKKA-KY,23,0,23,元大-南京,2024-05-22,9862
00941,中信上游半導體,22,0,22,元大-南京,2024-05-22,9862
3617,碩天,28,7,21,元大-南京,2024-05-22,9862
2355,敬鵬,21,0,21,元大-南京,2024-05-22,9862
6125,廣運,57,37,20,元大-南京,2024-05-22,9862
5225,東科-KY,20,0,20,元大-南京,2024-05-22,9862
1417,嘉裕,20,0,20,元大-南京,2024-05-22,9862
00898,國泰基因免疫革命,20,0,20,元大-南京,2024-05-22,9862
2630,亞航,19,0,19,元大-南京,2024-05-22,9862
2314,台揚,21,2,19,元大-南京,2024-05-22,9862
2451,創見,20,2,18,元大-南京,2024-05-22,9862
2504,國產,39,22,17,元大-南京,2024-05-22,9862
2374,佳能,82,65,17,元大-南京,2024-05-22,9862
9945,潤泰新,19,2,17,元大-南京,2024-05-22,9862
4533,協易機,46,29,17,元大-南京,2024-05-22,9862
2464,盟立,73,57,16,元大-南京,2024-05-22,9862
1605,華新,18,2,16,元大-南京,2024-05-22,9862
00772B,中信高評級公司債,16,0,16,元大-南京,2024-05-22,9862
5210,寶碩,17,1,16,元大-南京,2024-05-22,9862
2884,玉山金,18,2,16,元大-南京,2024-05-22,9862
3163,波若威,24,8,16,元大-南京,2024-05-22,9862
00885,富邦越南,15,0,15,元大-南京,2024-05-22,9862
3703,欣陸,18,3,15,元大-南京,2024-05-22,9862
00933B,國泰10Y+金融債,15,0,15,元大-南京,2024-05-22,9862
2634,漢翔,519,43,476,元大-南京,2024-05-23,9862
2301,光寶科,462,74,388,元大-南京,2024-05-23,9862
2101,南港,310,25,285,元大-南京,2024-05-23,9862
2888,新光金,240,0,240,元大-南京,2024-05-23,9862
3005,神基,223,5,218,元大-南京,2024-05-23,9862
2353,宏��,839,640,199,元大-南京,2024-05-23,9862
2915,潤泰全,162,0,162,元大-南京,2024-05-23,9862
2324,仁寶,156,46,110,元大-南京,2024-05-23,9862
2616,山隆,87,0,87,元大-南京,2024-05-23,9862
0061,元大寶滬深,73,0,73,元大-南京,2024-05-23,9862
6188,廣明,98,35,63,元大-南京,2024-05-23,9862
00706L,期元大S＆P日圓正2,55,0,55,元大-南京,2024-05-23,9862
00664R,國泰臺灣加權反1,50,0,50,元大-南京,2024-05-23,9862
00929,復華台灣科技優息,87,41,46,元大-南京,2024-05-23,9862
3481,群創,56,14,42,元大-南京,2024-05-23,9862
6244,茂迪,40,0,40,元大-南京,2024-05-23,9862
00637L,元大滬深300正2,43,3,40,元大-南京,2024-05-23,9862
2331,精英,47,8,39,元大-南京,2024-05-23,9862
2356,英業達,71,37,34,元大-南京,2024-05-23,9862
00885,富邦越南,33,0,33,元大-南京,2024-05-23,9862
1314,中石化,33,2,31,元大-南京,2024-05-23,9862
8150,南茂,31,0,31,元大-南京,2024-05-23,9862
8096,擎亞,53,22,31,元大-南京,2024-05-23,9862
5371,中光電,49,19,30,元大-南京,2024-05-23,9862
2392,正崴,108,78,30,元大-南京,2024-05-23,9862
3060,銘異,41,11,30,元大-南京,2024-05-23,9862
5443,均豪,35,5,30,元大-南京,2024-05-23,9862
2882,國泰金,54,26,28,元大-南京,2024-05-23,9862
3024,憶聲,30,2,28,元大-南京,2024-05-23,9862
2884,玉山金,32,4,28,元大-南京,2024-05-23,9862
00946,群益科技高息成長,33,6,27,元大-南京,2024-05-23,9862
00679B,元大美債20年,32,6,26,元大-南京,2024-05-23,9862
6492,生華科,26,0,26,元大-南京,2024-05-23,9862
3312,弘憶股,29,5,24,元大-南京,2024-05-23,9862
1103,嘉泥,24,0,24,元大-南京,2024-05-23,9862
2609,陽明,41,17,24,元大-南京,2024-05-23,9862
2420,新巨,23,1,22,元大-南京,2024-05-23,9862
00751B,元大AAA至A公司債,21,0,21,元大-南京,2024-05-23,9862
2354,鴻準,109,89,20,元大-南京,2024-05-23,9862
6147,頎邦,25,5,20,元大-南京,2024-05-23,9862
6706,惠特,20,0,20,元大-南京,2024-05-23,9862
00918,大華優利高填息30,22,2,20,元大-南京,2024-05-23,9862
3707,漢磊,20,0,20,元大-南京,2024-05-23,9862
00720B,元大投資級公司債,20,0,20,元大-南京,2024-05-23,9862
2464,盟立,125,105,20,元大-南京,2024-05-23,9862
3030,德律,21,3,18,元大-南京,2024-05-23,9862
3260,威剛,19,1,18,元大-南京,2024-05-23,9862
2409,友達,28,11,17,元大-南京,2024-05-23,9862
2886,兆豐金,16,0,16,元大-南京,2024-05-23,9862
5475,德宏,16,0,16,元大-南京,2024-05-23,9862
2610,華航,425,20,405,元大-南京,2024-05-24,9862
2365,昆盈,230,104,126,元大-南京,2024-05-24,9862
3605,宏致,105,20,85,元大-南京,2024-05-24,9862
5426,振發,95,10,85,元大-南京,2024-05-24,9862
00919,群益台灣精選高息,103,26,77,元大-南京,2024-05-24,9862
00650L,復華香港正2,50,0,50,元大-南京,2024-05-24,9862
00679B,元大美債20年,50,2,48,元大-南京,2024-05-24,9862
6125,廣運,74,26,48,元大-南京,2024-05-24,9862
2464,盟立,123,76,47,元大-南京,2024-05-24,9862
00637L,元大滬深300正2,44,0,44,元大-南京,2024-05-24,9862
6244,茂迪,71,31,40,元大-南京,2024-05-24,9862
3005,神基,39,0,39,元大-南京,2024-05-24,9862
1721,三晃,32,0,32,元大-南京,2024-05-24,9862
1304,台聚,31,1,30,元大-南京,2024-05-24,9862
00929,復華台灣科技優息,42,12,30,元大-南京,2024-05-24,9862
2884,玉山金,39,10,29,元大-南京,2024-05-24,9862
2313,華通,45,16,29,元大-南京,2024-05-24,9862
2303,聯電,63,35,28,元大-南京,2024-05-24,9862
00751B,元大AAA至A公司債,27,0,27,元大-南京,2024-05-24,9862
2392,正崴,59,32,27,元大-南京,2024-05-24,9862
5522,遠雄,26,0,26,元大-南京,2024-05-24,9862
0061,元大寶滬深,25,0,25,元大-南京,2024-05-24,9862
2634,漢翔,27,2,25,元大-南京,2024-05-24,9862
4979,華星光,35,14,21,元大-南京,2024-05-24,9862
2891,中信金,21,0,21,元大-南京,2024-05-24,9862
6288,聯嘉,24,3,21,元大-南京,2024-05-24,9862
2505,國揚,20,0,20,元大-南京,2024-05-24,9862
3450,聯鈞,22,2,20,元大-南京,2024-05-24,9862
3689,湧德,20,0,20,元大-南京,2024-05-24,9862
3363,上詮,34,15,19,元大-南京,2024-05-24,9862
2892,第一金,21,2,19,元大-南京,2024-05-24,9862
00712,復華富時不動產,19,0,19,元大-南京,2024-05-24,9862
6282,康舒,24,5,19,元大-南京,2024-05-24,9862
3652,精聯,23,5,18,元大-南京,2024-05-24,9862
2834,臺企銀,20,3,17,元大-南京,2024-05-24,9862
00669R,國泰美國道瓊反1,15,0,15,元大-南京,2024-05-24,9862
2882,國泰金,22,7,15,元大-南京,2024-05-24,9862
5880,合庫金,14,0,14,元大-南京,2024-05-24,9862
2641,正德,15,1,14,元大-南京,2024-05-24,9862
2885,元大金,16,2,14,元大-南京,2024-05-24,9862
6147,頎邦,14,1,13,元大-南京,2024-05-24,9862
00632R,元大台灣50反1,13,0,13,元大-南京,2024-05-24,9862
3060,銘異,20,7,13,元大-南京,2024-05-24,9862
2887,台新金,14,2,12,元大-南京,2024-05-24,9862
2883B,凱基金乙特,12,0,12,元大-南京,2024-05-24,9862
2354,鴻準,14,3,11,元大-南京,2024-05-24,9862
3032,偉訓,11,0,11,元大-南京,2024-05-24,9862
1605,華新,15,4,11,元大-南京,2024-05-24,9862
00878,國泰永續高股息,16,6,10,元大-南京,2024-05-24,9862
00664R,國泰臺灣加權反1,10,0,10,元大-南京,2024-05-24,9862
2353,宏��,268,121,147,元大-南京,2024-05-27,9862
2002,中鋼,121,30,91,元大-南京,2024-05-27,9862
00946,群益科技高息成長,114,25,89,元大-南京,2024-05-27,9862
1303,南亞,84,14,70,元大-南京,2024-05-27,9862
00918,大華優利高填息30,69,1,68,元大-南京,2024-05-27,9862
2303,聯電,317,259,58,元大-南京,2024-05-27,9862
2034,允強,55,0,55,元大-南京,2024-05-27,9862
00632R,元大台灣50反1,59,6,53,元大-南京,2024-05-27,9862
1810,和成,107,56,51,元大-南京,2024-05-27,9862
2038,海光,50,0,50,元大-南京,2024-05-27,9862
2486,一詮,148,100,48,元大-南京,2024-05-27,9862
5474,聰泰,58,12,46,元大-南京,2024-05-27,9862
5521,工信,41,0,41,元大-南京,2024-05-27,9862
2317,鴻海,106,68,38,元大-南京,2024-05-27,9862
2392,正崴,64,33,31,元大-南京,2024-05-27,9862
1326,台化,31,0,31,元大-南京,2024-05-27,9862
9105,泰金寶-DR,143,113,30,元大-南京,2024-05-27,9862
00679B,元大美債20年,28,3,25,元大-南京,2024-05-27,9862
2355,敬鵬,26,1,25,元大-南京,2024-05-27,9862
3290,東浦,24,0,24,元大-南京,2024-05-27,9862
4945,陞達科技,24,0,24,元大-南京,2024-05-27,9862
2454,聯發科,31,7,24,元大-南京,2024-05-27,9862
00642U,期元大S＆P石油,27,4,23,元大-南京,2024-05-27,9862
5512,力麒,23,0,23,元大-南京,2024-05-27,9862
3013,晟銘電,53,31,22,元大-南京,2024-05-27,9862
6548,長科*,22,0,22,元大-南京,2024-05-27,9862
3033,威健,24,3,21,元大-南京,2024-05-27,9862
6770,力積電,21,0,21,元大-南京,2024-05-27,9862
2883,凱基金,22,1,21,元大-南京,2024-05-27,9862
4966,譜瑞-KY,25,5,20,元大-南京,2024-05-27,9862
4927,泰鼎-KY,20,0,20,元大-南京,2024-05-27,9862
4994,傳奇,20,0,20,元大-南京,2024-05-27,9862
2478,大毅,20,0,20,元大-南京,2024-05-27,9862
00664R,國泰臺灣加權反1,20,0,20,元大-南京,2024-05-27,9862
3234,光環,20,1,19,元大-南京,2024-05-27,9862
3047,訊舟,44,26,18,元大-南京,2024-05-27,9862
3339,泰谷,19,1,18,元大-南京,2024-05-27,9862
1531,高林股,42,25,17,元大-南京,2024-05-27,9862
2420,新巨,16,0,16,元大-南京,2024-05-27,9862
2615,萬海,31,16,15,元大-南京,2024-05-27,9862
2610,華航,52,36,16,元大-南京,2024-05-27,9862
00751B,元大AAA至A公司債,19,4,15,元大-南京,2024-05-27,9862
00894,中信小資高價30,15,0,15,元大-南京,2024-05-27,9862
6005,群益證,17,2,15,元大-南京,2024-05-27,9862
4908,前鼎,17,3,14,元大-南京,2024-05-27,9862
2352,佳世達,30,16,14,元大-南京,2024-05-27,9862
2867,三商壽,25,11,14,元大-南京,2024-05-27,9862
5210,寶碩,15,1,14,元大-南京,2024-05-27,9862
6213,聯茂,17,4,13,元大-南京,2024-05-27,9862
1103,嘉泥,13,0,13,元大-南京,2024-05-27,9862
00937B,群益ESG投等債20,144,4,140,元大-南京,2024-05-28,9862
3030,德律,139,3,136,元大-南京,2024-05-28,9862
2455,全新,118,1,117,元大-南京,2024-05-28,9862
2014,中鴻,100,4,96,元大-南京,2024-05-28,9862
1785,光洋科,151,63,88,元大-南京,2024-05-28,9862
2353,宏��,146,62,84,元大-南京,2024-05-28,9862
2363,矽統,113,40,73,元大-南京,2024-05-28,9862
8299,群聯,70,2,68,元大-南京,2024-05-28,9862
00679B,元大美債20年,64,3,61,元大-南京,2024-05-28,9862
00946,群益科技高息成長,70,10,60,元大-南京,2024-05-28,9862
00929,復華台灣科技優息,63,7,56,元大-南京,2024-05-28,9862
2436,偉詮電,50,2,48,元大-南京,2024-05-28,9862
2349,錸德,51,3,48,元大-南京,2024-05-28,9862
3202,樺晟,76,30,46,元大-南京,2024-05-28,9862
2317,鴻海,73,28,45,元大-南京,2024-05-28,9862
3209,全科,44,0,44,元大-南京,2024-05-28,9862
2888,新光金,50,7,43,元大-南京,2024-05-28,9862
2464,盟立,80,43,37,元大-南京,2024-05-28,9862
4945,陞達科技,47,10,37,元大-南京,2024-05-28,9862
2301,光寶科,38,2,36,元大-南京,2024-05-28,9862
8011,台通,36,0,36,元大-南京,2024-05-28,9862
2324,仁寶,39,3,36,元大-南京,2024-05-28,9862
2603,長榮,78,43,35,元大-南京,2024-05-28,9862
2891,中信金,36,2,34,元大-南京,2024-05-28,9862
1773,勝一,35,1,34,元大-南京,2024-05-28,9862
00751B,元大AAA至A公司債,32,0,32,元大-南京,2024-05-28,9862
2382,廣達,37,6,31,元大-南京,2024-05-28,9862
2385,群光,31,0,31,元大-南京,2024-05-28,9862
2641,正德,77,49,28,元大-南京,2024-05-28,9862
4533,協易機,32,4,28,元大-南京,2024-05-28,9862
2357,華碩,28,1,27,元大-南京,2024-05-28,9862
9105,泰金寶-DR,26,1,25,元大-南京,2024-05-28,9862
2356,英業達,50,29,21,元大-南京,2024-05-28,9862
8996,高力,22,2,20,元大-南京,2024-05-28,9862
2884,玉山金,20,0,20,元大-南京,2024-05-28,9862
8261,富鼎,20,0,20,元大-南京,2024-05-28,9862
2023,燁輝,20,0,20,元大-南京,2024-05-28,9862
00706L,期元大S＆P日圓正2,20,0,20,元大-南京,2024-05-28,9862
00936,台新永續高息中小,20,0,20,元大-南京,2024-05-28,9862
8048,德勝,23,4,19,元大-南京,2024-05-28,9862
2409,友達,23,6,17,元大-南京,2024-05-28,9862
2377,微星,125,109,16,元大-南京,2024-05-28,9862
3044,健鼎,21,5,16,元大-南京,2024-05-28,9862
2601,益航,16,0,16,元大-南京,2024-05-28,9862
4927,泰鼎-KY,15,0,15,元大-南京,2024-05-28,9862
2201,裕隆,16,1,15,元大-南京,2024-05-28,9862
006208,富邦台50,16,2,14,元大-南京,2024-05-28,9862
3689,湧德,19,5,14,元大-南京,2024-05-28,9862
9919,康那香,15,1,14,元大-南京,2024-05-28,9862
3035,智原,27,14,13,元大-南京,2024-05-28,9862
2412,中華電,225,0,225,元大-南京,2024-05-29,9862
00937B,群益ESG投等債20,294,70,224,元大-南京,2024-05-29,9862
00918,大華優利高填息30,259,55,204,元大-南京,2024-05-29,9862
2027,大成鋼,204,8,196,元大-南京,2024-05-29,9862
3030,德律,153,28,125,元大-南京,2024-05-29,9862
5469,瀚宇博,205,98,107,元大-南京,2024-05-29,9862
00650L,復華香港正2,100,0,100,元大-南京,2024-05-29,9862
2489,瑞軒,194,98,96,元大-南京,2024-05-29,9862
00687B,國泰20年美債,96,0,96,元大-南京,2024-05-29,9862
00679B,元大美債20年,109,19,90,元大-南京,2024-05-29,9862
2014,中鴻,104,28,76,元大-南京,2024-05-29,9862
2458,義隆,70,2,68,元大-南京,2024-05-29,9862
2377,微星,62,7,55,元大-南京,2024-05-29,9862
2409,友達,54,0,54,元大-南京,2024-05-29,9862
1102,亞泥,54,1,53,元大-南京,2024-05-29,9862
2890,永豐金,53,2,51,元大-南京,2024-05-29,9862
1810,和成,50,0,50,元大-南京,2024-05-29,9862
00706L,期元大S＆P日圓正2,50,0,50,元大-南京,2024-05-29,9862
2886,兆豐金,48,0,48,元大-南京,2024-05-29,9862
00751B,元大AAA至A公司債,62,20,42,元大-南京,2024-05-29,9862
2915,潤泰全,42,0,42,元大-南京,2024-05-29,9862
2351,順德,56,15,41,元大-南京,2024-05-29,9862
2317,鴻海,104,65,39,元大-南京,2024-05-29,9862
8374,羅昇,38,0,38,元大-南京,2024-05-29,9862
00720B,元大投資級公司債,37,2,35,元大-南京,2024-05-29,9862
6189,豐藝,57,22,35,元大-南京,2024-05-29,9862
3047,訊舟,97,63,34,元大-南京,2024-05-29,9862
00933B,國泰10Y+金融債,37,3,34,元大-南京,2024-05-29,9862
2363,矽統,57,24,33,元大-南京,2024-05-29,9862
2888,新光金,35,2,33,元大-南京,2024-05-29,9862
1773,勝一,30,0,30,元大-南京,2024-05-29,9862
2609,陽明,42,14,28,元大-南京,2024-05-29,9862
00929,復華台灣科技優息,45,17,28,元大-南京,2024-05-29,9862
6227,茂綸,51,25,26,元大-南京,2024-05-29,9862
5512,力麒,32,6,26,元大-南京,2024-05-29,9862
2884,玉山金,27,2,25,元大-南京,2024-05-29,9862
2401,凌陽,65,41,24,元大-南京,2024-05-29,9862
00688L,國泰20年美債正2,24,0,24,元大-南京,2024-05-29,9862
3231,緯創,55,31,24,元大-南京,2024-05-29,9862
2615,萬海,30,7,23,元大-南京,2024-05-29,9862
2330,台積電,25,2,23,元大-南京,2024-05-29,9862
2376,技嘉,51,28,23,元大-南京,2024-05-29,9862
2834,臺企銀,23,0,23,元大-南京,2024-05-29,9862
2323,中環,22,0,22,元大-南京,2024-05-29,9862
00795B,中信美國公債20年,22,0,22,元大-南京,2024-05-29,9862
2610,華航,432,410,22,元大-南京,2024-05-29,9862
2476,鉅祥,22,1,21,元大-南京,2024-05-29,9862
00725B,國泰投資級公司債,21,0,21,元大-南京,2024-05-29,9862
3032,偉訓,21,1,20,元大-南京,2024-05-29,9862
6461,益得,20,0,20,元大-南京,2024-05-29,9862
2603,長榮,318,14,304,元大-南京,2024-05-30,9862
00937B,群益ESG投等債20,247,2,245,元大-南京,2024-05-30,9862
2610,華航,161,7,154,元大-南京,2024-05-30,9862
4562,穎漢,164,17,147,元大-南京,2024-05-30,9862
2101,南港,147,5,142,元大-南京,2024-05-30,9862
00664R,國泰臺灣加權反1,170,50,120,元大-南京,2024-05-30,9862
3706,神達,96,5,91,元大-南京,2024-05-30,9862
8096,擎亞,95,7,88,元大-南京,2024-05-30,9862
1102,亞泥,77,0,77,元大-南京,2024-05-30,9862
4532,瑞智,75,0,75,元大-南京,2024-05-30,9862
2352,佳世達,71,2,69,元大-南京,2024-05-30,9862
2330,台積電,73,6,67,元大-南京,2024-05-30,9862
00679B,元大美債20年,77,11,66,元大-南京,2024-05-30,9862
2324,仁寶,60,3,57,元大-南京,2024-05-30,9862
3231,緯創,63,12,51,元大-南京,2024-05-30,9862
4533,協易機,67,19,48,元大-南京,2024-05-30,9862
6269,台郡,47,0,47,元大-南京,2024-05-30,9862
00929,復華台灣科技優息,93,47,46,元大-南京,2024-05-30,9862
1473,台南,88,42,46,元大-南京,2024-05-30,9862
1815,富喬,186,142,44,元大-南京,2024-05-30,9862
00751B,元大AAA至A公司債,41,0,41,元大-南京,2024-05-30,9862
2903,遠百,45,4,41,元大-南京,2024-05-30,9862
6244,茂迪,40,0,40,元大-南京,2024-05-30,9862
3030,德律,53,14,39,元大-南京,2024-05-30,9862
2489,瑞軒,117,78,39,元大-南京,2024-05-30,9862
00712,復華富時不動產,36,0,36,元大-南京,2024-05-30,9862
3033,威健,156,121,35,元大-南京,2024-05-30,9862
6274,台燿,39,5,34,元大-南京,2024-05-30,9862
2371,大同,36,2,34,元大-南京,2024-05-30,9862
6117,迎廣,66,34,32,元大-南京,2024-05-30,9862
00878,國泰永續高股息,37,6,31,元大-南京,2024-05-30,9862
2891,中信金,35,4,31,元大-南京,2024-05-30,9862
00725B,國泰投資級公司債,30,0,30,元大-南京,2024-05-30,9862
1536,和大,45,16,29,元大-南京,2024-05-30,9862
2353,宏��,52,24,28,元大-南京,2024-05-30,9862
2354,鴻準,81,53,28,元大-南京,2024-05-30,9862
00918,大華優利高填息30,28,0,28,元大-南京,2024-05-30,9862
6126,信音,28,0,28,元大-南京,2024-05-30,9862
00946,群益科技高息成長,30,2,28,元大-南京,2024-05-30,9862
6271,同欣電,31,5,26,元大-南京,2024-05-30,9862
2344,華邦電,45,20,25,元大-南京,2024-05-30,9862
2834,臺企銀,25,0,25,元大-南京,2024-05-30,9862
2356,英業達,33,8,25,元大-南京,2024-05-30,9862
2328,廣宇,48,24,24,元大-南京,2024-05-30,9862
2888,新光金,23,0,23,元大-南京,2024-05-30,9862
2731,雄獅,26,4,22,元大-南京,2024-05-30,9862
00944,野村趨勢動能高息,22,0,22,元大-南京,2024-05-30,9862
00935,野村臺灣新科技50,22,0,22,元大-南京,2024-05-30,9862
5522,遠雄,21,0,21,元大-南京,2024-05-30,9862
00687B,國泰20年美債,22,1,21,元大-南京,2024-05-30,9862
2527,宏璟,346,3,343,元大-南京,2024-05-31,9862
2301,光寶科,334,3,331,元大-南京,2024-05-31,9862
2609,陽明,350,119,231,元大-南京,2024-05-31,9862
2317,鴻海,106,19,87,元大-南京,2024-05-31,9862
1725,元禎,82,2,80,元大-南京,2024-05-31,9862
6244,茂迪,100,40,60,元大-南京,2024-05-31,9862
3059,華晶科,69,15,54,元大-南京,2024-05-31,9862
2109,華豐,56,5,51,元大-南京,2024-05-31,9862
1612,宏泰,50,0,50,元大-南京,2024-05-31,9862
00662,富邦NASDAQ,46,0,46,元大-南京,2024-05-31,9862
2880,華南金,49,3,46,元大-南京,2024-05-31,9862
1321,大洋,40,0,40,元大-南京,2024-05-31,9862
00946,群益科技高息成長,39,0,39,元大-南京,2024-05-31,9862
00929,復華台灣科技優息,86,48,38,元大-南京,2024-05-31,9862
2002,中鋼,39,2,37,元大-南京,2024-05-31,9862
00940,元大台灣價值高息,72,38,34,元大-南京,2024-05-31,9862
1440,南紡,45,12,33,元大-南京,2024-05-31,9862
2903,遠百,31,0,31,元大-南京,2024-05-31,9862
5522,遠雄,41,13,28,元大-南京,2024-05-31,9862
00919,群益台灣精選高息,44,16,28,元大-南京,2024-05-31,9862
2330,台積電,37,10,27,元大-南京,2024-05-31,9862
00687B,國泰20年美債,25,0,25,元大-南京,2024-05-31,9862
1802,台玻,144,119,25,元大-南京,2024-05-31,9862
1785,光洋科,35,10,25,元大-南京,2024-05-31,9862
3231,緯創,36,13,23,元大-南京,2024-05-31,9862
5880,合庫金,24,1,23,元大-南京,2024-05-31,9862
1560,中砂,22,0,22,元大-南京,2024-05-31,9862
2405,輔信,25,4,21,元大-南京,2024-05-31,9862
8438,昶昕,24,3,21,元大-南京,2024-05-31,9862
1301,台塑,23,3,20,元大-南京,2024-05-31,9862
4958,臻鼎-KY,21,1,20,元大-南京,2024-05-31,9862
2365,昆盈,27,8,19,元大-南京,2024-05-31,9862
2376,技嘉,20,2,18,元大-南京,2024-05-31,9862
1102,亞泥,18,0,18,元大-南京,2024-05-31,9862
2603,長榮,39,21,18,元大-南京,2024-05-31,9862
0056,元大高股息,19,2,17,元大-南京,2024-05-31,9862
2324,仁寶,21,4,17,元大-南京,2024-05-31,9862
2353,宏��,59,42,17,元大-南京,2024-05-31,9862
3380,明泰,17,0,17,元大-南京,2024-05-31,9862
6197,佳必琪,17,0,17,元大-南京,2024-05-31,9862
2515,中工,26,9,17,元大-南京,2024-05-31,9862
00878,國泰永續高股息,21,5,16,元大-南京,2024-05-31,9862
6761,穩得,17,2,15,元大-南京,2024-05-31,9862
6005,群益證,15,1,14,元大-南京,2024-05-31,9862
1473,台南,15,1,14,元大-南京,2024-05-31,9862
00927,群益半導體收益,14,1,13,元大-南京,2024-05-31,9862
2401,凌陽,30,17,13,元大-南京,2024-05-31,9862
006208,富邦台50,15,2,13,元大-南京,2024-05-31,9862
8096,擎亞,20,7,13,元大-南京,2024-05-31,9862
2451,創見,20,7,13,元大-南京,2024-05-31,9862
1312,國喬,400,0,400,元大-南京,2024-06-03,9862
00918,大華優利高填息30,202,0,202,元大-南京,2024-06-03,9862
2353,宏��,211,37,174,元大-南京,2024-06-03,9862
3708,上緯投控,143,1,142,元大-南京,2024-06-03,9862
2101,南港,124,11,113,元大-南京,2024-06-03,9862
00919,群益台灣精選高息,108,10,98,元大-南京,2024-06-03,9862
00687B,國泰20年美債,105,16,89,元大-南京,2024-06-03,9862
2354,鴻準,66,9,57,元大-南京,2024-06-03,9862
2486,一詮,121,68,53,元大-南京,2024-06-03,9862
1802,台玻,107,54,53,元大-南京,2024-06-03,9862
00632R,元大台灣50反1,68,15,53,元大-南京,2024-06-03,9862
00937B,群益ESG投等債20,63,16,47,元大-南京,2024-06-03,9862
2903,遠百,51,13,38,元大-南京,2024-06-03,9862
00946,群益科技高息成長,38,2,36,元大-南京,2024-06-03,9862
2328,廣宇,59,24,35,元大-南京,2024-06-03,9862
1440,南紡,46,12,34,元大-南京,2024-06-03,9862
00679B,元大美債20年,36,3,33,元大-南京,2024-06-03,9862
2303,聯電,39,8,31,元大-南京,2024-06-03,9862
2401,凌陽,41,12,29,元大-南京,2024-06-03,9862
5522,遠雄,39,11,28,元大-南京,2024-06-03,9862
2324,仁寶,42,17,25,元大-南京,2024-06-03,9862
1303,南亞,25,1,24,元大-南京,2024-06-03,9862
9924,福興,23,0,23,元大-南京,2024-06-03,9862
3231,緯創,50,27,23,元大-南京,2024-06-03,9862
5426,振發,26,5,21,元大-南京,2024-06-03,9862
00637L,元大滬深300正2,20,0,20,元大-南京,2024-06-03,9862
0061,元大寶滬深,20,0,20,元大-南京,2024-06-03,9862
00706L,期元大S＆P日圓正2,20,0,20,元大-南京,2024-06-03,9862
6552,易華電,22,3,19,元大-南京,2024-06-03,9862
6578,達邦蛋白,19,0,19,元大-南京,2024-06-03,9862
3006,晶豪科,21,2,19,元大-南京,2024-06-03,9862
6282,康舒,20,1,19,元大-南京,2024-06-03,9862
3017,奇鋐,25,7,18,元大-南京,2024-06-03,9862
8046,南電,18,1,17,元大-南京,2024-06-03,9862
00830,國泰費城半導體,17,0,17,元大-南京,2024-06-03,9862
00738U,期元大道瓊白銀,17,0,17,元大-南京,2024-06-03,9862
9912,偉聯,17,0,17,元大-南京,2024-06-03,9862
1473,台南,16,0,16,元大-南京,2024-06-03,9862
1582,信錦,53,38,15,元大-南京,2024-06-03,9862
2348,海悅,15,0,15,元大-南京,2024-06-03,9862
2506,太設,14,0,14,元大-南京,2024-06-03,9862
2641,正德,19,5,14,元大-南京,2024-06-03,9862
1310,台苯,26,12,14,元大-南京,2024-06-03,9862
1815,富喬,50,36,14,元大-南京,2024-06-03,9862
6166,凌華,26,13,13,元大-南京,2024-06-03,9862
1102,亞泥,13,0,13,元大-南京,2024-06-03,9862
00892,富邦台灣半導體,13,0,13,元大-南京,2024-06-03,9862
2313,華通,14,2,12,元大-南京,2024-06-03,9862
2317,鴻海,60,49,11,元大-南京,2024-06-03,9862
6712,長聖,18,7,11,元大-南京,2024-06-03,9862
00662,富邦NASDAQ,276,0,276,元大-南京,2024-06-04,9862
00936,台新永續高息中小,134,2,132,元大-南京,2024-06-04,9862
2888,新光金,117,3,114,元大-南京,2024-06-04,9862
00919,群益台灣精選高息,113,8,105,元大-南京,2024-06-04,9862
2312,金寶,172,83,89,元大-南京,2024-06-04,9862
5425,台半,81,1,80,元大-南京,2024-06-04,9862
3030,德律,169,102,67,元大-南京,2024-06-04,9862
00918,大華優利高填息30,65,0,65,元大-南京,2024-06-04,9862
6863,永道-KY,61,0,61,元大-南京,2024-06-04,9862
3048,益登,63,4,59,元大-南京,2024-06-04,9862
2354,鴻準,78,22,56,元大-南京,2024-06-04,9862
2331,精英,134,81,53,元大-南京,2024-06-04,9862
00907,永豐優息存股,52,0,52,元大-南京,2024-06-04,9862
2645,長榮航太,52,0,52,元大-南京,2024-06-04,9862
2317,鴻海,91,39,52,元大-南京,2024-06-04,9862
1513,中興電,51,1,50,元大-南京,2024-06-04,9862
2427,三商電,51,1,50,元大-南京,2024-06-04,9862
6125,廣運,138,90,48,元大-南京,2024-06-04,9862
2344,華邦電,53,7,46,元大-南京,2024-06-04,9862
6546,正基,48,2,46,元大-南京,2024-06-04,9862
00929,復華台灣科技優息,95,59,36,元大-南京,2024-06-04,9862
2002,中鋼,34,0,34,元大-南京,2024-06-04,9862
3260,威剛,35,1,34,元大-南京,2024-06-04,9862
00642U,期元大S＆P石油,31,0,31,元大-南京,2024-06-04,9862
00932,兆豐永續高息等權,30,0,30,元大-南京,2024-06-04,9862
4927,泰鼎-KY,30,0,30,元大-南京,2024-06-04,9862
2371,大同,42,12,30,元大-南京,2024-06-04,9862
5512,力麒,36,7,29,元大-南京,2024-06-04,9862
00632R,元大台灣50反1,30,2,28,元大-南京,2024-06-04,9862
2324,仁寶,72,45,27,元大-南京,2024-06-04,9862
3481,群創,66,40,26,元大-南京,2024-06-04,9862
2367,燿華,308,282,26,元大-南京,2024-06-04,9862
6538,倉和,36,11,25,元大-南京,2024-06-04,9862
2351,順德,31,8,23,元大-南京,2024-06-04,9862
2465,麗臺,52,29,23,元大-南京,2024-06-04,9862
8147,正淩,21,0,21,元大-南京,2024-06-04,9862
00715L,期街口布蘭特正2,21,0,21,元大-南京,2024-06-04,9862
2834,臺企銀,28,7,21,元大-南京,2024-06-04,9862
00680L,元大美債20正2,20,0,20,元大-南京,2024-06-04,9862
8374,羅昇,19,0,19,元大-南京,2024-06-04,9862
2880,華南金,18,0,18,元大-南京,2024-06-04,9862
1815,富喬,77,59,18,元大-南京,2024-06-04,9862
3231,緯創,23,5,18,元大-南京,2024-06-04,9862
4533,協易機,41,24,17,元大-南京,2024-06-04,9862
2506,太設,17,0,17,元大-南京,2024-06-04,9862
1453,大將,18,1,17,元大-南京,2024-06-04,9862
8011,台通,17,0,17,元大-南京,2024-06-04,9862
2417,圓剛,18,1,17,元大-南京,2024-06-04,9862
2409,友達,23,7,16,元大-南京,2024-06-04,9862
00944,野村趨勢動能高息,16,0,16,元大-南京,2024-06-04,9862
00712,復華富時不動產,400,0,400,元大-南京,2024-06-05,9862
00936,台新永續高息中小,207,15,192,元大-南京,2024-06-05,9862
00662,富邦NASDAQ,121,0,121,元大-南京,2024-06-05,9862
00878,國泰永續高股息,101,0,101,元大-南京,2024-06-05,9862
3048,益登,85,7,78,元大-南京,2024-06-05,9862
3013,晟銘電,83,21,62,元大-南京,2024-06-05,9862
2641,正德,87,28,59,元大-南京,2024-06-05,9862
00632R,元大台灣50反1,85,30,55,元大-南京,2024-06-05,9862
8070,長華*,53,0,53,元大-南京,2024-06-05,9862
2105,正新,57,7,50,元大-南京,2024-06-05,9862
3706,神達,48,2,46,元大-南京,2024-06-05,9862
00715L,期街口布蘭特正2,31,0,31,元大-南京,2024-06-05,9862
2331,精英,32,3,29,元大-南京,2024-06-05,9862
3356,奇偶,35,6,29,元大-南京,2024-06-05,9862
1301,台塑,34,6,28,元大-南京,2024-06-05,9862
00939,統一台灣高息動能,27,1,26,元大-南京,2024-06-05,9862
00830,國泰費城半導體,26,0,26,元大-南京,2024-06-05,9862
2303,聯電,33,8,25,元大-南京,2024-06-05,9862
2465,麗臺,28,4,24,元大-南京,2024-06-05,9862
2607,榮運,23,0,23,元大-南京,2024-06-05,9862
6227,茂綸,31,8,23,元大-南京,2024-06-05,9862
3715,定穎投控,24,1,23,元大-南京,2024-06-05,9862
00918,大華優利高填息30,25,3,22,元大-南京,2024-06-05,9862
6449,鈺邦,23,1,22,元大-南京,2024-06-05,9862
5512,力麒,22,0,22,元大-南京,2024-06-05,9862
3234,光環,22,0,22,元大-南京,2024-06-05,9862
6770,力積電,20,0,20,元大-南京,2024-06-05,9862
00642U,期元大S＆P石油,20,0,20,元大-南京,2024-06-05,9862
2356,英業達,46,26,20,元大-南京,2024-06-05,9862
2371,大同,30,11,19,元大-南京,2024-06-05,9862
5213,亞昕,19,0,19,元大-南京,2024-06-05,9862
3481,群創,24,6,18,元大-南京,2024-06-05,9862
0056,元大高股息,23,6,17,元大-南京,2024-06-05,9862
8099,大世科,17,0,17,元大-南京,2024-06-05,9862
5009,榮剛,17,0,17,元大-南京,2024-06-05,9862
6190,萬泰科,16,0,16,元大-南京,2024-06-05,9862
4979,華星光,21,5,16,元大-南京,2024-06-05,9862
2002,中鋼,23,8,15,元大-南京,2024-06-05,9862
0061,元大寶滬深,15,0,15,元大-南京,2024-06-05,9862
1304,台聚,20,5,15,元大-南京,2024-06-05,9862
4743,合一,15,1,14,元大-南京,2024-06-05,9862
3540,曜越,15,1,14,元大-南京,2024-06-05,9862
1618,合機,16,2,14,元大-南京,2024-06-05,9862
3591,艾笛森,18,4,14,元大-南京,2024-06-05,9862
4571,鈞興-KY,17,3,14,元大-南京,2024-06-05,9862
2353,宏��,37,24,13,元大-南京,2024-06-05,9862
2324,仁寶,29,16,13,元大-南京,2024-06-05,9862
3483,力致,20,8,12,元大-南京,2024-06-05,9862
2357,華碩,12,0,12,元大-南京,2024-06-05,9862
4128,中天,13,1,12,元大-南京,2024-06-05,9862
00918,大華優利高填息30,199,17,182,元大-南京,2024-06-06,9862
3374,精材,175,5,170,元大-南京,2024-06-06,9862
00919,群益台灣精選高息,179,17,162,元大-南京,2024-06-06,9862
00632R,元大台灣50反1,136,5,131,元大-南京,2024-06-06,9862
2351,順德,67,0,67,元大-南京,2024-06-06,9862
1102,亞泥,66,12,54,元大-南京,2024-06-06,9862
8121,越峰,50,0,50,元大-南京,2024-06-06,9862
4906,正文,52,5,47,元大-南京,2024-06-06,9862
4927,泰鼎-KY,45,0,45,元大-南京,2024-06-06,9862
2888,新光金,60,16,44,元大-南京,2024-06-06,9862
2731,雄獅,39,0,39,元大-南京,2024-06-06,9862
00946,群益科技高息成長,38,0,38,元大-南京,2024-06-06,9862
3297,杭特,36,3,33,元大-南京,2024-06-06,9862
00706L,期元大S＆P日圓正2,30,0,30,元大-南京,2024-06-06,9862
5490,同亨,31,1,30,元大-南京,2024-06-06,9862
6125,廣運,69,40,29,元大-南京,2024-06-06,9862
3481,群創,31,6,25,元大-南京,2024-06-06,9862
2425,承啟,25,0,25,元大-南京,2024-06-06,9862
6442,光聖,31,7,24,元大-南京,2024-06-06,9862
2838,聯邦銀,23,0,23,元大-南京,2024-06-06,9862
2542,興富發,35,12,23,元大-南京,2024-06-06,9862
1210,大成,22,0,22,元大-南京,2024-06-06,9862
2353,宏��,47,25,22,元大-南京,2024-06-06,9862
00673R,期元大S＆P原油反1,20,0,20,元大-南京,2024-06-06,9862
4534,慶騰,20,0,20,元大-南京,2024-06-06,9862
1810,和成,20,0,20,元大-南京,2024-06-06,9862
2208,台船,20,0,20,元大-南京,2024-06-06,9862
8070,長華*,20,1,19,元大-南京,2024-06-06,9862
00830,國泰費城半導體,20,1,19,元大-南京,2024-06-06,9862
2330,台積電,84,65,19,元大-南京,2024-06-06,9862
3231,緯創,28,10,18,元大-南京,2024-06-06,9862
9958,世紀鋼,20,3,17,元大-南京,2024-06-06,9862
00679B,元大美債20年,46,29,17,元大-南京,2024-06-06,9862
00642U,期元大S＆P石油,18,2,16,元大-南京,2024-06-06,9862
6274,台燿,16,1,15,元大-南京,2024-06-06,9862
2516,新建,15,0,15,元大-南京,2024-06-06,9862
3062,建漢,16,1,15,元大-南京,2024-06-06,9862
3591,艾笛森,13,0,13,元大-南京,2024-06-06,9862
4113,聯上,13,0,13,元大-南京,2024-06-06,9862
1303,南亞,15,2,13,元大-南京,2024-06-06,9862
2328,廣宇,24,12,12,元大-南京,2024-06-06,9862
2409,友達,24,12,12,元大-南京,2024-06-06,9862
4714,永捷,18,6,12,元大-南京,2024-06-06,9862
4958,臻鼎-KY,12,0,12,元大-南京,2024-06-06,9862
2454,聯發科,16,5,11,元大-南京,2024-06-06,9862
8096,擎亞,19,8,11,元大-南京,2024-06-06,9862
2049,上銀,13,2,11,元大-南京,2024-06-06,9862
6122,擎邦,11,0,11,元大-南京,2024-06-06,9862
4123,晟德,20,9,11,元大-南京,2024-06-06,9862
2027,大成鋼,11,0,11,元大-南京,2024-06-06,9862
2312,金寶,571,250,321,元大-南京,2024-06-07,9862
00937B,群益ESG投等債20,269,2,267,元大-南京,2024-06-07,9862
2888,新光金,237,138,99,元大-南京,2024-06-07,9862
00929,復華台灣科技優息,87,10,77,元大-南京,2024-06-07,9862
5519,隆大,74,9,65,元大-南京,2024-06-07,9862
00936,台新永續高息中小,65,6,59,元大-南京,2024-06-07,9862
2330,台積電,64,8,56,元大-南京,2024-06-07,9862
00918,大華優利高填息30,63,9,54,元大-南京,2024-06-07,9862
2609,陽明,255,212,43,元大-南京,2024-06-07,9862
1808,潤隆,43,1,42,元大-南京,2024-06-07,9862
2486,一詮,136,102,34,元大-南京,2024-06-07,9862
00633L,富邦上証正2,34,0,34,元大-南京,2024-06-07,9862
00919,群益台灣精選高息,65,35,30,元大-南京,2024-06-07,9862
2353,宏��,38,10,28,元大-南京,2024-06-07,9862
2101,南港,35,8,27,元大-南京,2024-06-07,9862
2603,長榮,36,12,24,元大-南京,2024-06-07,9862
6579,研揚,22,1,21,元大-南京,2024-06-07,9862
1473,台南,20,0,20,元大-南京,2024-06-07,9862
3508,位速,20,0,20,元大-南京,2024-06-07,9862
3231,緯創,76,57,19,元大-南京,2024-06-07,9862
2615,萬海,135,116,19,元大-南京,2024-06-07,9862
2383,台光電,22,3,19,元大-南京,2024-06-07,9862
00946,群益科技高息成長,24,5,19,元大-南京,2024-06-07,9862
5302,太欣,17,0,17,元大-南京,2024-06-07,9862
00687B,國泰20年美債,23,6,17,元大-南京,2024-06-07,9862
2705,六福,20,3,17,元大-南京,2024-06-07,9862
0061,元大寶滬深,17,0,17,元大-南京,2024-06-07,9862
1605,華新,21,5,16,元大-南京,2024-06-07,9862
2354,鴻準,18,2,16,元大-南京,2024-06-07,9862
00857B,永豐20年美公債,16,0,16,元大-南京,2024-06-07,9862
2505,國揚,26,11,15,元大-南京,2024-06-07,9862
3017,奇鋐,21,7,14,元大-南京,2024-06-07,9862
6188,廣明,14,0,14,元大-南京,2024-06-07,9862
8112,至上,21,7,14,元大-南京,2024-06-07,9862
00915,凱基優選高股息30,13,0,13,元大-南京,2024-06-07,9862
2324,仁寶,13,1,12,元大-南京,2024-06-07,9862
6125,廣運,16,4,12,元大-南京,2024-06-07,9862
2105,正新,13,1,12,元大-南京,2024-06-07,9862
3481,群創,21,9,12,元大-南京,2024-06-07,9862
2331,精英,12,0,12,元大-南京,2024-06-07,9862
2883,凱基金,36,24,12,元大-南京,2024-06-07,9862
2360,致茂,11,0,11,元大-南京,2024-06-07,9862
3491,昇達科,13,3,10,元大-南京,2024-06-07,9862
6449,鈺邦,10,0,10,元大-南京,2024-06-07,9862
3024,憶聲,10,0,10,元大-南京,2024-06-07,9862
2485,兆赫,10,0,10,元大-南京,2024-06-07,9862
6016,康和證,10,0,10,元大-南京,2024-06-07,9862
7402,邑錡,10,0,10,元大-南京,2024-06-07,9862
8050,廣積,10,0,10,元大-南京,2024-06-07,9862
8121,越峰,10,0,10,元大-南京,2024-06-07,9862
2888,新光金,835,13,822,元大-南京,2024-06-11,9862
2882,國泰金,266,28,238,元大-南京,2024-06-11,9862
2609,陽明,511,288,223,元大-南京,2024-06-11,9862
00679B,元大美債20年,151,0,151,元大-南京,2024-06-11,9862
00937B,群益ESG投等債20,154,4,150,元大-南京,2024-06-11,9862
00687B,國泰20年美債,137,6,131,元大-南京,2024-06-11,9862
00936,台新永續高息中小,111,0,111,元大-南京,2024-06-11,9862
2812,台中銀,100,0,100,元大-南京,2024-06-11,9862
00919,群益台灣精選高息,137,48,89,元大-南京,2024-06-11,9862
1815,富喬,92,16,76,元大-南京,2024-06-11,9862
00772B,中信高評級公司債,71,0,71,元大-南京,2024-06-11,9862
00918,大華優利高填息30,64,5,59,元大-南京,2024-06-11,9862
00751B,元大AAA至A公司債,59,0,59,元大-南京,2024-06-11,9862
3455,由田,56,0,56,元大-南京,2024-06-11,9862
00712,復華富時不動產,50,0,50,元大-南京,2024-06-11,9862
1810,和成,50,0,50,元大-南京,2024-06-11,9862
1522,堤維西,57,8,49,元大-南京,2024-06-11,9862
2603,長榮,71,23,48,元大-南京,2024-06-11,9862
00933B,國泰10Y+金融債,45,0,45,元大-南京,2024-06-11,9862
3231,緯創,52,9,43,元大-南京,2024-06-11,9862
00929,復華台灣科技優息,57,16,41,元大-南京,2024-06-11,9862
6770,力積電,41,2,39,元大-南京,2024-06-11,9862
4113,聯上,38,0,38,元大-南京,2024-06-11,9862
0061,元大寶滬深,35,0,35,元大-南京,2024-06-11,9862
3481,群創,44,11,33,元大-南京,2024-06-11,9862
00878,國泰永續高股息,38,5,33,元大-南京,2024-06-11,9862
2331,精英,32,1,31,元大-南京,2024-06-11,9862
6271,同欣電,30,0,30,元大-南京,2024-06-11,9862
9945,潤泰新,42,13,29,元大-南京,2024-06-11,9862
1618,合機,62,34,28,元大-南京,2024-06-11,9862
3483,力致,28,1,27,元大-南京,2024-06-11,9862
1609,大亞,54,28,26,元大-南京,2024-06-11,9862
00720B,元大投資級公司債,33,7,26,元大-南京,2024-06-11,9862
2607,榮運,25,0,25,元大-南京,2024-06-11,9862
4571,鈞興-KY,24,1,23,元大-南京,2024-06-11,9862
1301,台塑,27,4,23,元大-南京,2024-06-11,9862
8096,擎亞,27,4,23,元大-南京,2024-06-11,9862
00939,統一台灣高息動能,22,0,22,元大-南京,2024-06-11,9862
00696B,富邦美債20年,21,0,21,元大-南京,2024-06-11,9862
00921,兆豐龍頭等權重,22,1,21,元大-南京,2024-06-11,9862
1524,耿鼎,23,2,21,元大-南京,2024-06-11,9862
00673R,期元大S＆P原油反1,20,0,20,元大-南京,2024-06-11,9862
4303,信立,21,1,20,元大-南京,2024-06-11,9862
5512,力麒,20,0,20,元大-南京,2024-06-11,9862
1314,中石化,30,10,20,元大-南京,2024-06-11,9862
6155,鈞寶,20,0,20,元大-南京,2024-06-11,9862
2368,金像電,20,1,19,元大-南京,2024-06-11,9862
2371,大同,22,3,19,元大-南京,2024-06-11,9862
5519,隆大,19,0,19,元大-南京,2024-06-11,9862
3024,憶聲,20,1,19,元大-南京,2024-06-11,9862
00948B,中信優息投資級債,367,15,352,元大-南京,2024-06-12,9862
00940,元大台灣價值高息,439,110,329,元大-南京,2024-06-12,9862
00936,台新永續高息中小,139,8,131,元大-南京,2024-06-12,9862
2883,凱基金,127,56,71,元大-南京,2024-06-12,9862
5871,中租-KY,67,2,65,元大-南京,2024-06-12,9862
00918,大華優利高填息30,62,1,61,元大-南京,2024-06-12,9862
3481,群創,61,0,61,元大-南京,2024-06-12,9862
2332,友訊,57,0,57,元大-南京,2024-06-12,9862
1314,中石化,87,31,56,元大-南京,2024-06-12,9862
6890,來億-KY,63,8,55,元大-南京,2024-06-12,9862
5905,南仁湖,45,1,44,元大-南京,2024-06-12,9862
2905,三商,43,0,43,元大-南京,2024-06-12,9862
2353,宏��,44,4,40,元大-南京,2024-06-12,9862
00650L,復華香港正2,40,0,40,元大-南京,2024-06-12,9862
3455,由田,38,2,36,元大-南京,2024-06-12,9862
2888,新光金,146,112,34,元大-南京,2024-06-12,9862
2882,國泰金,48,14,34,元大-南京,2024-06-12,9862
6546,正基,60,30,30,元大-南京,2024-06-12,9862
5512,力麒,30,2,28,元大-南京,2024-06-12,9862
3563,牧德,25,0,25,元大-南京,2024-06-12,9862
00687B,國泰20年美債,51,26,25,元大-南京,2024-06-12,9862
2603,長榮,52,28,24,元大-南京,2024-06-12,9862
2606,裕民,27,3,24,元大-南京,2024-06-12,9862
1605,華新,23,0,23,元大-南京,2024-06-12,9862
2401,凌陽,26,3,23,元大-南京,2024-06-12,9862
1514,亞力,24,2,22,元大-南京,2024-06-12,9862
3374,精材,104,82,22,元大-南京,2024-06-12,9862
2344,華邦電,25,3,22,元大-南京,2024-06-12,9862
1101,台泥,24,2,22,元大-南京,2024-06-12,9862
4977,眾達-KY,23,2,21,元大-南京,2024-06-12,9862
2809,京城銀,20,0,20,元大-南京,2024-06-12,9862
1522,堤維西,48,29,19,元大-南京,2024-06-12,9862
2617,台航,19,0,19,元大-南京,2024-06-12,9862
1802,台玻,22,3,19,元大-南京,2024-06-12,9862
6177,達麗,19,1,18,元大-南京,2024-06-12,9862
3297,杭特,18,0,18,元大-南京,2024-06-12,9862
2101,南港,17,0,17,元大-南京,2024-06-12,9862
2731,雄獅,17,0,17,元大-南京,2024-06-12,9862
2913,農林,17,0,17,元大-南京,2024-06-12,9862
2605,新興,32,15,17,元大-南京,2024-06-12,9862
3379,彬台,17,0,17,元大-南京,2024-06-12,9862
6244,茂迪,50,34,16,元大-南京,2024-06-12,9862
2356,英業達,36,21,15,元大-南京,2024-06-12,9862
6269,台郡,15,0,15,元大-南京,2024-06-12,9862
2409,友達,37,23,14,元大-南京,2024-06-12,9862
4927,泰鼎-KY,14,0,14,元大-南京,2024-06-12,9862
2881,富邦金,14,1,13,元大-南京,2024-06-12,9862
8103,瀚荃,14,1,13,元大-南京,2024-06-12,9862
2634,漢翔,13,0,13,元大-南京,2024-06-12,9862
1618,合機,41,29,12,元大-南京,2024-06-12,9862
00713,元大台灣高息低波,488,0,488,元大-南京,2024-06-13,9862
2888,新光金,304,20,284,元大-南京,2024-06-13,9862
00942B,台新美A公司債20+,158,0,158,元大-南京,2024-06-13,9862
00632R,元大台灣50反1,383,255,128,元大-南京,2024-06-13,9862
00753L,中信中國50正2,120,0,120,元大-南京,2024-06-13,9862
00688L,國泰20年美債正2,120,0,120,元大-南京,2024-06-13,9862
00947,台新臺灣IC設計,135,21,114,元大-南京,2024-06-13,9862
00936,台新永續高息中小,105,15,90,元大-南京,2024-06-13,9862
6207,雷科,100,27,73,元大-南京,2024-06-13,9862
5871,中租-KY,69,1,68,元大-南京,2024-06-13,9862
00948B,中信優息投資級債,51,2,49,元大-南京,2024-06-13,9862
6143,振曜,54,5,49,元大-南京,2024-06-13,9862
4977,眾達-KY,47,0,47,元大-南京,2024-06-13,9862
00687B,國泰20年美債,51,8,43,元大-南京,2024-06-13,9862
00712,復華富時不動產,42,0,42,元大-南京,2024-06-13,9862
3563,牧德,41,0,41,元大-南京,2024-06-13,9862
3088,艾訊,42,2,40,元大-南京,2024-06-13,9862
3374,精材,81,47,34,元大-南京,2024-06-13,9862
2476,鉅祥,37,5,32,元大-南京,2024-06-13,9862
1773,勝一,28,0,28,元大-南京,2024-06-13,9862
8096,擎亞,35,7,28,元大-南京,2024-06-13,9862
00918,大華優利高填息30,48,23,25,元大-南京,2024-06-13,9862
2603,長榮,36,11,25,元大-南京,2024-06-13,9862
9105,泰金寶-DR,48,24,24,元大-南京,2024-06-13,9862
2464,盟立,62,39,23,元大-南京,2024-06-13,9862
2002,中鋼,27,6,21,元大-南京,2024-06-13,9862
2382,廣達,31,11,20,元大-南京,2024-06-13,9862
2362,藍天,21,1,20,元大-南京,2024-06-13,9862
2342,茂矽,25,5,20,元大-南京,2024-06-13,9862
3293,鈊象,22,3,19,元大-南京,2024-06-13,9862
00934,中信成長高股息,20,1,19,元大-南京,2024-06-13,9862
00891,中信關鍵半導體,30,12,18,元大-南京,2024-06-13,9862
1711,永光,17,0,17,元大-南京,2024-06-13,9862
3202,樺晟,18,1,17,元大-南京,2024-06-13,9862
6789,采鈺,30,13,17,元大-南京,2024-06-13,9862
2855,統一證,16,0,16,元大-南京,2024-06-13,9862
3380,明泰,16,0,16,元大-南京,2024-06-13,9862
1785,光洋科,41,25,16,元大-南京,2024-06-13,9862
8436,大江,15,0,15,元大-南京,2024-06-13,9862
2606,裕民,17,3,14,元大-南京,2024-06-13,9862
3535,晶彩科,24,10,14,元大-南京,2024-06-13,9862
1513,中興電,41,27,14,元大-南京,2024-06-13,9862
2317,鴻海,80,67,13,元大-南京,2024-06-13,9862
2903,遠百,14,1,13,元大-南京,2024-06-13,9862
2618,長榮航,22,9,13,元大-南京,2024-06-13,9862
1802,台玻,12,0,12,元大-南京,2024-06-13,9862
2615,萬海,72,60,12,元大-南京,2024-06-13,9862
5512,力麒,12,0,12,元大-南京,2024-06-13,9862
3591,艾笛森,12,0,12,元大-南京,2024-06-13,9862
00915,凱基優選高股息30,12,0,12,元大-南京,2024-06-13,9862
2392,正崴,433,227,206,元大-南京,2024-06-14,9862
2883,凱基金,180,29,151,元大-南京,2024-06-14,9862
00918,大華優利高填息30,169,20,149,元大-南京,2024-06-14,9862
2382,廣達,157,34,123,元大-南京,2024-06-14,9862
2356,英業達,123,10,113,元大-南京,2024-06-14,9862
2371,大同,175,70,105,元大-南京,2024-06-14,9862
00936,台新永續高息中小,96,0,96,元大-南京,2024-06-14,9862
1609,大亞,149,55,94,元大-南京,2024-06-14,9862
00687B,國泰20年美債,87,17,70,元大-南京,2024-06-14,9862
00688L,國泰20年美債正2,160,92,68,元大-南京,2024-06-14,9862
2605,新興,68,6,62,元大-南京,2024-06-14,9862
00706L,期元大S＆P日圓正2,60,2,58,元大-南京,2024-06-14,9862
5871,中租-KY,75,21,54,元大-南京,2024-06-14,9862
2363,矽統,62,9,53,元大-南京,2024-06-14,9862
1608,華榮,79,29,50,元大-南京,2024-06-14,9862
1815,富喬,60,10,50,元大-南京,2024-06-14,9862
00919,群益台灣精選高息,45,3,42,元大-南京,2024-06-14,9862
6190,萬泰科,53,12,41,元大-南京,2024-06-14,9862
00942B,台新美A公司債20+,41,0,41,元大-南京,2024-06-14,9862
6689,伊雲谷,42,2,40,元大-南京,2024-06-14,9862
2867,三商壽,40,0,40,元大-南京,2024-06-14,9862
1605,華新,40,3,37,元大-南京,2024-06-14,9862
1309,台達化,40,4,36,元大-南京,2024-06-14,9862
2486,一詮,41,11,30,元大-南京,2024-06-14,9862
8096,擎亞,75,46,29,元大-南京,2024-06-14,9862
8099,大世科,34,5,29,元大-南京,2024-06-14,9862
6770,力積電,33,4,29,元大-南京,2024-06-14,9862
5522,遠雄,27,1,26,元大-南京,2024-06-14,9862
2342,茂矽,25,0,25,元大-南京,2024-06-14,9862
6270,倍微,24,1,23,元大-南京,2024-06-14,9862
1522,堤維西,27,4,23,元大-南京,2024-06-14,9862
3481,群創,32,11,21,元大-南京,2024-06-14,9862
2367,燿華,23,3,20,元大-南京,2024-06-14,9862
9802,鈺齊-KY,20,0,20,元大-南京,2024-06-14,9862
1789,神隆,20,1,19,元大-南京,2024-06-14,9862
2489,瑞軒,30,12,18,元大-南京,2024-06-14,9862
3324,雙鴻,18,0,18,元大-南京,2024-06-14,9862
2402,毅嘉,17,0,17,元大-南京,2024-06-14,9862
2492,華新科,21,4,17,元大-南京,2024-06-14,9862
6863,永道-KY,18,1,17,元大-南京,2024-06-14,9862
8996,高力,22,5,17,元大-南京,2024-06-14,9862
00946,群益科技高息成長,17,1,16,元大-南京,2024-06-14,9862
00894,中信小資高價30,16,0,16,元大-南京,2024-06-14,9862
5371,中光電,15,0,15,元大-南京,2024-06-14,9862
2362,藍天,17,2,15,元大-南京,2024-06-14,9862
6026,福邦證,15,0,15,元大-南京,2024-06-14,9862
2641,正德,15,0,15,元大-南京,2024-06-14,9862
2344,華邦電,13,0,13,元大-南京,2024-06-14,9862
4303,信立,13,0,13,元大-南京,2024-06-14,9862
5347,世界,18,5,13,元大-南京,2024-06-14,9862
2610,華航,534,11,523,元大-南京,2024-06-17,9862
6770,力積電,431,35,396,元大-南京,2024-06-17,9862
00929,復華台灣科技優息,374,15,359,元大-南京,2024-06-17,9862
00712,復華富時不動產,311,0,311,元大-南京,2024-06-17,9862
00936,台新永續高息中小,250,70,180,元大-南京,2024-06-17,9862
2888,新光金,176,0,176,元大-南京,2024-06-17,9862
00948B,中信優息投資級債,232,60,172,元大-南京,2024-06-17,9862
4714,永捷,105,13,92,元大-南京,2024-06-17,9862
1460,宏遠,76,0,76,元大-南京,2024-06-17,9862
1785,光洋科,81,11,70,元大-南京,2024-06-17,9862
2449,京元電子,91,22,69,元大-南京,2024-06-17,9862
00715L,期街口布蘭特正2,60,0,60,元大-南京,2024-06-17,9862
2025,千興,59,0,59,元大-南京,2024-06-17,9862
2312,金寶,78,23,55,元大-南京,2024-06-17,9862
00944,野村趨勢動能高息,50,0,50,元大-南京,2024-06-17,9862
2515,中工,49,0,49,元大-南京,2024-06-17,9862
00713,元大台灣高息低波,39,0,39,元大-南京,2024-06-17,9862
6290,良維,45,8,37,元大-南京,2024-06-17,9862
1503,士電,50,14,36,元大-南京,2024-06-17,9862
3481,群創,206,171,35,元大-南京,2024-06-17,9862
3419,譁裕,34,0,34,元大-南京,2024-06-17,9862
1103,嘉泥,33,0,33,元大-南京,2024-06-17,9862
2476,鉅祥,34,2,32,元大-南京,2024-06-17,9862
2103,台橡,32,0,32,元大-南京,2024-06-17,9862
1513,中興電,37,8,29,元大-南京,2024-06-17,9862
00878,國泰永續高股息,31,3,28,元大-南京,2024-06-17,9862
2615,萬海,35,9,26,元大-南京,2024-06-17,9862
6187,萬潤,56,30,26,元大-南京,2024-06-17,9862
6706,惠特,30,5,25,元大-南京,2024-06-17,9862
2882,國泰金,23,2,21,元大-南京,2024-06-17,9862
8085,福華,22,1,21,元大-南京,2024-06-17,9862
6125,廣運,23,2,21,元大-南京,2024-06-17,9862
8084,巨虹,20,0,20,元大-南京,2024-06-17,9862
6672,騰輝電子-KY,20,0,20,元大-南京,2024-06-17,9862
8039,台虹,25,5,20,元大-南京,2024-06-17,9862
6164,華興,19,0,19,元大-南京,2024-06-17,9862
6294,智基,19,0,19,元大-南京,2024-06-17,9862
2542,興富發,41,22,19,元大-南京,2024-06-17,9862
5512,力麒,20,1,19,元大-南京,2024-06-17,9862
00830,國泰費城半導體,27,8,19,元大-南京,2024-06-17,9862
3665,貿聯-KY,22,4,18,元大-南京,2024-06-17,9862
2405,輔信,18,0,18,元大-南京,2024-06-17,9862
4123,晟德,32,14,18,元大-南京,2024-06-17,9862
00679B,元大美債20年,65,48,17,元大-南京,2024-06-17,9862
4171,瑞基,17,0,17,元大-南京,2024-06-17,9862
2317,鴻海,71,55,16,元大-南京,2024-06-17,9862
00941,中信上游半導體,16,0,16,元大-南京,2024-06-17,9862
2883,凱基金,18,2,16,元大-南京,2024-06-17,9862
3379,彬台,18,2,16,元大-南京,2024-06-17,9862
1618,合機,37,22,15,元大-南京,2024-06-17,9862
9934,成霖,390,0,390,元大-南京,2024-06-18,9862
00632R,元大台灣50反1,300,7,293,元大-南京,2024-06-18,9862
00919,群益台灣精選高息,352,113,239,元大-南京,2024-06-18,9862
00918,大華優利高填息30,280,54,226,元大-南京,2024-06-18,9862
1785,光洋科,139,13,126,元大-南京,2024-06-18,9862
00712,復華富時不動產,112,1,111,元大-南京,2024-06-18,9862
1103,嘉泥,103,0,103,元大-南京,2024-06-18,9862
1709,和益,100,0,100,元大-南京,2024-06-18,9862
2103,台橡,100,0,100,元大-南京,2024-06-18,9862
3483,力致,94,3,91,元大-南京,2024-06-18,9862
1504,東元,79,5,74,元大-南京,2024-06-18,9862
2363,矽統,91,19,72,元大-南京,2024-06-18,9862
5519,隆大,72,1,71,元大-南京,2024-06-18,9862
00679B,元大美債20年,80,13,67,元大-南京,2024-06-18,9862
00929,復華台灣科技優息,70,9,61,元大-南京,2024-06-18,9862
2888,新光金,67,7,60,元大-南京,2024-06-18,9862
00687B,國泰20年美債,141,82,59,元大-南京,2024-06-18,9862
2317,鴻海,80,22,58,元大-南京,2024-06-18,9862
8096,擎亞,82,24,58,元大-南京,2024-06-18,9862
5871,中租-KY,51,1,50,元大-南京,2024-06-18,9862
911608,明輝-DR,50,0,50,元大-南京,2024-06-18,9862
00673R,期元大S＆P原油反1,50,0,50,元大-南京,2024-06-18,9862
2705,六福,50,0,50,元大-南京,2024-06-18,9862
3481,群創,68,23,45,元大-南京,2024-06-18,9862
6672,騰輝電子-KY,40,0,40,元大-南京,2024-06-18,9862
3376,新日興,40,5,35,元大-南京,2024-06-18,9862
00933B,國泰10Y+金融債,34,0,34,元大-南京,2024-06-18,9862
6282,康舒,38,6,32,元大-南京,2024-06-18,9862
5522,遠雄,32,0,32,元大-南京,2024-06-18,9862
6770,力積電,36,4,32,元大-南京,2024-06-18,9862
3234,光環,33,2,31,元大-南京,2024-06-18,9862
2388,威盛,34,3,31,元大-南京,2024-06-18,9862
2353,宏��,33,3,30,元大-南京,2024-06-18,9862
00948B,中信優息投資級債,27,0,27,元大-南京,2024-06-18,9862
6890,來億-KY,31,5,26,元大-南京,2024-06-18,9862
2605,新興,27,2,25,元大-南京,2024-06-18,9862
00882,中信中國高股息,25,0,25,元大-南京,2024-06-18,9862
3455,由田,25,0,25,元大-南京,2024-06-18,9862
2603,長榮,27,4,23,元大-南京,2024-06-18,9862
6442,光聖,22,0,22,元大-南京,2024-06-18,9862
1795,美時,28,6,22,元大-南京,2024-06-18,9862
00946,群益科技高息成長,23,1,22,元大-南京,2024-06-18,9862
6244,茂迪,20,0,20,元大-南京,2024-06-18,9862
1587,吉茂,21,1,20,元大-南京,2024-06-18,9862
1810,和成,20,0,20,元大-南京,2024-06-18,9862
2476,鉅祥,90,70,20,元大-南京,2024-06-18,9862
2328,廣宇,19,1,18,元大-南京,2024-06-18,9862
00713,元大台灣高息低波,64,46,18,元大-南京,2024-06-18,9862
3527,聚積,17,0,17,元大-南京,2024-06-18,9862
5009,榮剛,25,8,17,元大-南京,2024-06-18,9862
00919,群益台灣精選高息,356,111,245,元大-南京,2024-06-19,9862
00942B,台新美A公司債20+,120,0,120,元大-南京,2024-06-19,9862
2408,南亞科,124,19,105,元大-南京,2024-06-19,9862
00713,元大台灣高息低波,103,4,99,元大-南京,2024-06-19,9862
2014,中鴻,100,13,87,元大-南京,2024-06-19,9862
1103,嘉泥,78,0,78,元大-南京,2024-06-19,9862
2353,宏��,98,24,74,元大-南京,2024-06-19,9862
2348,海悅,81,11,70,元大-南京,2024-06-19,9862
8085,福華,93,28,65,元大-南京,2024-06-19,9862
9105,泰金寶-DR,63,4,59,元大-南京,2024-06-19,9862
3481,群創,81,25,56,元大-南京,2024-06-19,9862
00936,台新永續高息中小,81,30,51,元大-南京,2024-06-19,9862
2610,華航,100,53,47,元大-南京,2024-06-19,9862
2363,矽統,91,44,47,元大-南京,2024-06-19,9862
00946,群益科技高息成長,46,1,45,元大-南京,2024-06-19,9862
2337,旺宏,51,7,44,元大-南京,2024-06-19,9862
1314,中石化,40,0,40,元大-南京,2024-06-19,9862
2886,兆豐金,51,11,40,元大-南京,2024-06-19,9862
00891,中信關鍵半導體,50,11,39,元大-南京,2024-06-19,9862
2371,大同,97,58,39,元大-南京,2024-06-19,9862
1460,宏遠,38,0,38,元大-南京,2024-06-19,9862
2327,國巨,37,1,36,元大-南京,2024-06-19,9862
6449,鈺邦,38,4,34,元大-南京,2024-06-19,9862
2344,華邦電,78,44,34,元大-南京,2024-06-19,9862
6282,康舒,43,11,32,元大-南京,2024-06-19,9862
2605,新興,31,3,28,元大-南京,2024-06-19,9862
1303,南亞,30,2,28,元大-南京,2024-06-19,9862
2323,中環,30,3,27,元大-南京,2024-06-19,9862
2324,仁寶,41,14,27,元大-南京,2024-06-19,9862
00915,凱基優選高股息30,26,0,26,元大-南京,2024-06-19,9862
5519,隆大,26,0,26,元大-南京,2024-06-19,9862
4958,臻鼎-KY,79,53,26,元大-南京,2024-06-19,9862
3081,聯亞,42,17,25,元大-南京,2024-06-19,9862
00935,野村臺灣新科技50,27,2,25,元大-南京,2024-06-19,9862
3312,弘憶股,25,1,24,元大-南京,2024-06-19,9862
5530,龍巖,36,14,22,元大-南京,2024-06-19,9862
3450,聯鈞,65,42,23,元大-南京,2024-06-19,9862
6585,鼎基,21,0,21,元大-南京,2024-06-19,9862
4414,如興,20,0,20,元大-南京,2024-06-19,9862
6015,宏遠證,20,0,20,元大-南京,2024-06-19,9862
00692,富邦公司治理,20,0,20,元大-南京,2024-06-19,9862
00929,復華台灣科技優息,159,141,18,元大-南京,2024-06-19,9862
6890,來億-KY,34,16,18,元大-南京,2024-06-19,9862
2303,聯電,38,21,17,元大-南京,2024-06-19,9862
4114,健喬,17,0,17,元大-南京,2024-06-19,9862
3363,上詮,19,2,17,元大-南京,2024-06-19,9862
00937B,群益ESG投等債20,30,14,16,元大-南京,2024-06-19,9862
3665,貿聯-KY,16,0,16,元大-南京,2024-06-19,9862
5443,均豪,30,14,16,元大-南京,2024-06-19,9862
8112,至上,15,0,15,元大-南京,2024-06-19,9862
00632R,元大台灣50反1,322,10,312,元大-南京,2024-06-20,9862
00947,台新臺灣IC設計,306,1,305,元大-南京,2024-06-20,9862
00688L,國泰20年美債正2,201,10,191,元大-南京,2024-06-20,9862
00662,富邦NASDAQ,170,1,169,元大-南京,2024-06-20,9862
2610,華航,179,11,168,元大-南京,2024-06-20,9862
00919,群益台灣精選高息,595,443,152,元大-南京,2024-06-20,9862
2449,京元電子,166,16,150,元大-南京,2024-06-20,9862
00936,台新永續高息中小,147,0,147,元大-南京,2024-06-20,9862
2408,南亞科,117,32,85,元大-南京,2024-06-20,9862
6244,茂迪,72,1,71,元大-南京,2024-06-20,9862
1785,光洋科,116,46,70,元大-南京,2024-06-20,9862
00687B,國泰20年美債,81,17,64,元大-南京,2024-06-20,9862
2353,宏��,81,18,63,元大-南京,2024-06-20,9862
1605,華新,52,1,51,元大-南京,2024-06-20,9862
00696B,富邦美債20年,50,0,50,元大-南京,2024-06-20,9862
2705,六福,50,0,50,元大-南京,2024-06-20,9862
8358,金居,48,1,47,元大-南京,2024-06-20,9862
00918,大華優利高填息30,46,2,44,元大-南京,2024-06-20,9862
00948B,中信優息投資級債,59,15,44,元大-南京,2024-06-20,9862
4526,東台,82,38,44,元大-南京,2024-06-20,9862
2363,矽統,53,11,42,元大-南京,2024-06-20,9862
00679B,元大美債20年,46,6,40,元大-南京,2024-06-20,9862
00673R,期元大S＆P原油反1,40,0,40,元大-南京,2024-06-20,9862
2388,威盛,49,10,39,元大-南京,2024-06-20,9862
6125,廣運,42,4,38,元大-南京,2024-06-20,9862
3481,群創,48,10,38,元大-南京,2024-06-20,9862
00933B,國泰10Y+金融債,33,0,33,元大-南京,2024-06-20,9862
00937B,群益ESG投等債20,43,13,30,元大-南京,2024-06-20,9862
5522,遠雄,30,0,30,元大-南京,2024-06-20,9862
2883,凱基金,74,45,29,元大-南京,2024-06-20,9862
00905,FT臺灣Smart,30,4,26,元大-南京,2024-06-20,9862
2376,技嘉,24,0,24,元大-南京,2024-06-20,9862
00720B,元大投資級公司債,25,1,24,元大-南京,2024-06-20,9862
4945,陞達科技,24,1,23,元大-南京,2024-06-20,9862
6126,信音,22,0,22,元大-南京,2024-06-20,9862
5530,龍巖,27,5,22,元大-南京,2024-06-20,9862
3055,蔚華科,28,6,22,元大-南京,2024-06-20,9862
00895,富邦未來車,22,1,21,元大-南京,2024-06-20,9862
2330,台積電,24,3,21,元大-南京,2024-06-20,9862
00830,國泰費城半導體,20,0,20,元大-南京,2024-06-20,9862
5864,致和證,20,0,20,元大-南京,2024-06-20,9862
006208,富邦台50,24,5,19,元大-南京,2024-06-20,9862
9946,三發地產,19,0,19,元大-南京,2024-06-20,9862
00946,群益科技高息成長,23,5,18,元大-南京,2024-06-20,9862
6770,力積電,23,5,18,元大-南京,2024-06-20,9862
1103,嘉泥,18,0,18,元大-南京,2024-06-20,9862
2501,國建,19,3,16,元大-南京,2024-06-20,9862
6585,鼎基,20,5,15,元大-南京,2024-06-20,9862
4747,強生,15,0,15,元大-南京,2024-06-20,9862
2845,遠東銀,18,3,15,元大-南京,2024-06-20,9862
00919,群益台灣精選高息,540,242,298,元大-南京,2024-06-21,9862
5234,達興材料,140,0,140,元大-南京,2024-06-21,9862
00687B,國泰20年美債,114,5,109,元大-南京,2024-06-21,9862
1309,台達化,157,48,109,元大-南京,2024-06-21,9862
00929,復華台灣科技優息,114,13,101,元大-南京,2024-06-21,9862
00937B,群益ESG投等債20,143,55,88,元大-南京,2024-06-21,9862
2506,太設,82,0,82,元大-南京,2024-06-21,9862
2317,鴻海,129,51,78,元大-南京,2024-06-21,9862
00688L,國泰20年美債正2,73,0,73,元大-南京,2024-06-21,9862
8358,金居,67,1,66,元大-南京,2024-06-21,9862
00679B,元大美債20年,67,7,60,元大-南京,2024-06-21,9862
3455,由田,55,2,53,元大-南京,2024-06-21,9862
2801,彰銀,53,0,53,元大-南京,2024-06-21,9862
1453,大將,50,0,50,元大-南京,2024-06-21,9862
5530,龍巖,50,2,48,元大-南京,2024-06-21,9862
6120,達運,68,23,45,元大-南京,2024-06-21,9862
00936,台新永續高息中小,45,0,45,元大-南京,2024-06-21,9862
2101,南港,44,0,44,元大-南京,2024-06-21,9862
2355,敬鵬,45,1,44,元大-南京,2024-06-21,9862
6706,惠特,41,1,40,元大-南京,2024-06-21,9862
1314,中石化,50,11,39,元大-南京,2024-06-21,9862
2329,華泰,47,8,39,元大-南京,2024-06-21,9862
1785,光洋科,61,23,38,元大-南京,2024-06-21,9862
6546,正基,36,0,36,元大-南京,2024-06-21,9862
00895,富邦未來車,36,0,36,元大-南京,2024-06-21,9862
00918,大華優利高填息30,45,10,35,元大-南京,2024-06-21,9862
8105,凌巨,43,9,34,元大-南京,2024-06-21,9862
00948B,中信優息投資級債,33,0,33,元大-南京,2024-06-21,9862
6284,佳邦,35,2,33,元大-南京,2024-06-21,9862
00680L,元大美債20正2,33,0,33,元大-南京,2024-06-21,9862
00632R,元大台灣50反1,40,8,32,元大-南京,2024-06-21,9862
2356,英業達,47,16,31,元大-南京,2024-06-21,9862
6449,鈺邦,40,11,29,元大-南京,2024-06-21,9862
2103,台橡,28,0,28,元大-南京,2024-06-21,9862
6770,力積電,38,11,27,元大-南京,2024-06-21,9862
00673R,期元大S＆P原油反1,25,0,25,元大-南京,2024-06-21,9862
6506,雙邦,25,0,25,元大-南京,2024-06-21,9862
2609,陽明,148,123,25,元大-南京,2024-06-21,9862
3163,波若威,35,11,24,元大-南京,2024-06-21,9862
4562,穎漢,36,12,24,元大-南京,2024-06-21,9862
00933B,國泰10Y+金融債,33,10,23,元大-南京,2024-06-21,9862
00830,國泰費城半導體,39,16,23,元大-南京,2024-06-21,9862
1802,台玻,26,4,22,元大-南京,2024-06-21,9862
4956,光鋐,47,27,20,元大-南京,2024-06-21,9862
2637,慧洋-KY,22,2,20,元大-南京,2024-06-21,9862
00696B,富邦美債20年,20,0,20,元大-南京,2024-06-21,9862
00942B,台新美A公司債20+,20,0,20,元大-南京,2024-06-21,9862
00892,富邦台灣半導體,20,0,20,元大-南京,2024-06-21,9862
00947,台新臺灣IC設計,19,1,18,元大-南京,2024-06-21,9862
2515,中工,17,0,17,元大-南京,2024-06-21,9862
1802,台玻,330,1,329,元大-南京,2024-06-24,9862
3481,群創,423,115,308,元大-南京,2024-06-24,9862
00919,群益台灣精選高息,307,30,277,元大-南京,2024-06-24,9862
00680L,元大美債20正2,235,0,235,元大-南京,2024-06-24,9862
00929,復華台灣科技優息,220,22,198,元大-南京,2024-06-24,9862
00936,台新永續高息中小,174,0,174,元大-南京,2024-06-24,9862
00937B,群益ESG投等債20,198,49,149,元大-南京,2024-06-24,9862
4526,東台,136,6,130,元大-南京,2024-06-24,9862
00665L,富邦�琤肭磪囓�2,81,0,81,元大-南京,2024-06-24,9862
2888,新光金,76,2,74,元大-南京,2024-06-24,9862
00918,大華優利高填息30,64,1,63,元大-南京,2024-06-24,9862
1785,光洋科,101,48,53,元大-南京,2024-06-24,9862
00679B,元大美債20年,53,0,53,元大-南京,2024-06-24,9862
00933B,國泰10Y+金融債,47,0,47,元大-南京,2024-06-24,9862
00940,元大台灣價值高息,158,113,45,元大-南京,2024-06-24,9862
00687B,國泰20年美債,45,0,45,元大-南京,2024-06-24,9862
2330,台積電,90,46,44,元大-南京,2024-06-24,9862
6187,萬潤,40,1,39,元大-南京,2024-06-24,9862
1103,嘉泥,40,3,37,元大-南京,2024-06-24,9862
8085,福華,55,22,33,元大-南京,2024-06-24,9862
6578,達邦蛋白,41,8,33,元大-南京,2024-06-24,9862
6116,彩晶,32,1,31,元大-南京,2024-06-24,9862
3231,緯創,72,42,30,元大-南京,2024-06-24,9862
2424,隴華,30,0,30,元大-南京,2024-06-24,9862
00895,富邦未來車,30,0,30,元大-南京,2024-06-24,9862
2332,友訊,30,0,30,元大-南京,2024-06-24,9862
0050,元大台灣50,32,2,30,元大-南京,2024-06-24,9862
3047,訊舟,56,27,29,元大-南京,2024-06-24,9862
6683,雍智科技,28,0,28,元大-南京,2024-06-24,9862
2308,台達電,39,13,26,元大-南京,2024-06-24,9862
00944,野村趨勢動能高息,25,0,25,元大-南京,2024-06-24,9862
00947,台新臺灣IC設計,24,0,24,元大-南京,2024-06-24,9862
2324,仁寶,28,5,23,元大-南京,2024-06-24,9862
2201,裕隆,24,1,23,元大-南京,2024-06-24,9862
5009,榮剛,27,4,23,元大-南京,2024-06-24,9862
00946,群益科技高息成長,63,41,22,元大-南京,2024-06-24,9862
2603,長榮,35,13,22,元大-南京,2024-06-24,9862
2462,良得電,21,0,21,元大-南京,2024-06-24,9862
3025,星通,47,27,20,元大-南京,2024-06-24,9862
0056,元大高股息,28,8,20,元大-南京,2024-06-24,9862
3596,智易,20,0,20,元大-南京,2024-06-24,9862
00706L,期元大S＆P日圓正2,20,0,20,元大-南京,2024-06-24,9862
6284,佳邦,20,0,20,元大-南京,2024-06-24,9862
3038,全台,20,0,20,元大-南京,2024-06-24,9862
6506,雙邦,20,0,20,元大-南京,2024-06-24,9862
3324,雙鴻,22,3,19,元大-南京,2024-06-24,9862
6120,達運,19,0,19,元大-南京,2024-06-24,9862
2382,廣達,35,16,19,元大-南京,2024-06-24,9862
2615,萬海,60,42,18,元大-南京,2024-06-24,9862
0061,元大寶滬深,18,0,18,元大-南京,2024-06-24,9862
00948B,中信優息投資級債,150,2,148,元大-南京,2024-06-25,9862
00936,台新永續高息中小,128,20,108,元大-南京,2024-06-25,9862
00937B,群益ESG投等債20,144,38,106,元大-南京,2024-06-25,9862
6753,龍德造船,109,4,105,元大-南京,2024-06-25,9862
2409,友達,109,6,103,元大-南京,2024-06-25,9862
1326,台化,102,0,102,元大-南京,2024-06-25,9862
1802,台玻,101,9,92,元大-南京,2024-06-25,9862
00679B,元大美債20年,98,9,89,元大-南京,2024-06-25,9862
00944,野村趨勢動能高息,75,1,74,元大-南京,2024-06-25,9862
3535,晶彩科,89,27,62,元大-南京,2024-06-25,9862
2867,三商壽,60,0,60,元大-南京,2024-06-25,9862
00687B,國泰20年美債,56,2,54,元大-南京,2024-06-25,9862
1103,嘉泥,53,0,53,元大-南京,2024-06-25,9862
912000,晨訊科-DR,50,9,41,元大-南京,2024-06-25,9862
3481,群創,212,174,38,元大-南京,2024-06-25,9862
4173,久裕,37,0,37,元大-南京,2024-06-25,9862
2002,中鋼,38,1,37,元大-南京,2024-06-25,9862
2406,國碩,53,19,34,元大-南京,2024-06-25,9862
00919,群益台灣精選高息,81,48,33,元大-南京,2024-06-25,9862
2344,華邦電,33,3,30,元大-南京,2024-06-25,9862
6111,大宇資,34,4,30,元大-南京,2024-06-25,9862
3665,貿聯-KY,28,2,26,元大-南京,2024-06-25,9862
8028,昇陽半導體,28,3,25,元大-南京,2024-06-25,9862
00632R,元大台灣50反1,32,8,24,元大-南京,2024-06-25,9862
8110,華東,27,3,24,元大-南京,2024-06-25,9862
1460,宏遠,21,0,21,元大-南京,2024-06-25,9862
00935,野村臺灣新科技50,21,1,20,元大-南京,2024-06-25,9862
1301,台塑,23,3,20,元大-南京,2024-06-25,9862
1109,信大,20,0,20,元大-南京,2024-06-25,9862
00696B,富邦美債20年,20,0,20,元大-南京,2024-06-25,9862
6449,鈺邦,31,12,19,元大-南京,2024-06-25,9862
2855,統一證,25,6,19,元大-南京,2024-06-25,9862
8096,擎亞,22,4,18,元大-南京,2024-06-25,9862
3591,艾笛森,23,5,18,元大-南京,2024-06-25,9862
5530,龍巖,53,35,18,元大-南京,2024-06-25,9862
9912,偉聯,17,0,17,元大-南京,2024-06-25,9862
00933B,國泰10Y+金融債,17,0,17,元大-南京,2024-06-25,9862
2356,英業達,33,18,15,元大-南京,2024-06-25,9862
2891,中信金,16,1,15,元大-南京,2024-06-25,9862
00671R,富邦NASDAQ反1,15,0,15,元大-南京,2024-06-25,9862
5512,力麒,15,0,15,元大-南京,2024-06-25,9862
2303,聯電,56,43,13,元大-南京,2024-06-25,9862
6667,信紘科,14,1,13,元大-南京,2024-06-25,9862
2424,隴華,13,0,13,元大-南京,2024-06-25,9862
3231,緯創,27,15,12,元大-南京,2024-06-25,9862
1815,富喬,29,17,12,元大-南京,2024-06-25,9862
00692,富邦公司治理,12,1,11,元大-南京,2024-06-25,9862
6834,天二科技,24,13,11,元大-南京,2024-06-25,9862
1449,佳和,11,0,11,元大-南京,2024-06-25,9862
00753L,中信中國50正2,13,2,11,元大-南京,2024-06-25,9862
1305,華夏,304,0,304,元大-南京,2024-06-26,9862
2610,華航,204,20,184,元大-南京,2024-06-26,9862
2312,金寶,121,1,120,元大-南京,2024-06-26,9862
1802,台玻,110,1,109,元大-南京,2024-06-26,9862
00936,台新永續高息中小,95,1,94,元大-南京,2024-06-26,9862
3481,群創,162,68,94,元大-南京,2024-06-26,9862
1809,中釉,101,15,86,元大-南京,2024-06-26,9862
00687B,國泰20年美債,87,4,83,元大-南京,2024-06-26,9862
2409,友達,97,14,83,元大-南京,2024-06-26,9862
5905,南仁湖,70,0,70,元大-南京,2024-06-26,9862
2317,鴻海,83,21,62,元大-南京,2024-06-26,9862
00878,國泰永續高股息,61,2,59,元大-南京,2024-06-26,9862
00679B,元大美債20年,64,7,57,元大-南京,2024-06-26,9862
1815,富喬,78,21,57,元大-南京,2024-06-26,9862
8110,華東,75,20,55,元大-南京,2024-06-26,9862
00692,富邦公司治理,50,0,50,元大-南京,2024-06-26,9862
00919,群益台灣精選高息,52,6,46,元大-南京,2024-06-26,9862
00680L,元大美債20正2,46,0,46,元大-南京,2024-06-26,9862
00944,野村趨勢動能高息,55,10,45,元大-南京,2024-06-26,9862
2002,中鋼,50,5,45,元大-南京,2024-06-26,9862
2867,三商壽,50,10,40,元大-南京,2024-06-26,9862
2506,太設,40,0,40,元大-南京,2024-06-26,9862
2344,華邦電,38,5,33,元大-南京,2024-06-26,9862
00830,國泰費城半導體,32,0,32,元大-南京,2024-06-26,9862
00795B,中信美國公債20年,32,1,31,元大-南京,2024-06-26,9862
00713,元大台灣高息低波,30,0,30,元大-南京,2024-06-26,9862
1785,光洋科,75,46,29,元大-南京,2024-06-26,9862
5452,佶優,35,6,29,元大-南京,2024-06-26,9862
2486,一詮,55,27,28,元大-南京,2024-06-26,9862
1301,台塑,37,9,28,元大-南京,2024-06-26,9862
2402,毅嘉,29,2,27,元大-南京,2024-06-26,9862
00673R,期元大S＆P原油反1,25,0,25,元大-南京,2024-06-26,9862
5512,力麒,25,0,25,元大-南京,2024-06-26,9862
3374,精材,31,8,23,元大-南京,2024-06-26,9862
2353,宏��,59,37,22,元大-南京,2024-06-26,9862
6873,泓德能源,27,6,21,元大-南京,2024-06-26,9862
3062,建漢,49,28,21,元大-南京,2024-06-26,9862
4123,晟德,22,2,20,元大-南京,2024-06-26,9862
00751B,元大AAA至A公司債,19,0,19,元大-南京,2024-06-26,9862
2498,宏達電,20,2,18,元大-南京,2024-06-26,9862
2603,長榮,24,7,17,元大-南京,2024-06-26,9862
4545,銘鈺,17,0,17,元大-南京,2024-06-26,9862
1303,南亞,18,2,16,元大-南京,2024-06-26,9862
2884,玉山金,17,1,16,元大-南京,2024-06-26,9862
2365,昆盈,19,3,16,元大-南京,2024-06-26,9862
4532,瑞智,16,0,16,元大-南京,2024-06-26,9862
6806,森崴能源,52,37,15,元大-南京,2024-06-26,9862
5530,龍巖,50,35,15,元大-南京,2024-06-26,9862
1402,遠東新,17,2,15,元大-南京,2024-06-26,9862
8072,陞泰,16,1,15,元大-南京,2024-06-26,9862
2885,元大金,183,8,175,元大-南京,2024-06-27,9862
1802,台玻,241,110,131,元大-南京,2024-06-27,9862
00937B,群益ESG投等債20,137,12,125,元大-南京,2024-06-27,9862
2301,光寶科,179,60,119,元大-南京,2024-06-27,9862
3481,群創,116,45,71,元大-南京,2024-06-27,9862
1785,光洋科,96,30,66,元大-南京,2024-06-27,9862
00680L,元大美債20正2,66,0,66,元大-南京,2024-06-27,9862
00929,復華台灣科技優息,67,4,63,元大-南京,2024-06-27,9862
00687B,國泰20年美債,106,43,63,元大-南京,2024-06-27,9862
00948B,中信優息投資級債,60,0,60,元大-南京,2024-06-27,9862
2467,志聖,65,8,57,元大-南京,2024-06-27,9862
00665L,富邦�琤肭磪囓�2,57,0,57,元大-南京,2024-06-27,9862
1103,嘉泥,55,0,55,元大-南京,2024-06-27,9862
00936,台新永續高息中小,53,0,53,元大-南京,2024-06-27,9862
00751B,元大AAA至A公司債,51,0,51,元大-南京,2024-06-27,9862
2101,南港,49,0,49,元大-南京,2024-06-27,9862
3535,晶彩科,84,37,47,元大-南京,2024-06-27,9862
00878,國泰永續高股息,43,0,43,元大-南京,2024-06-27,9862
3622,洋華,46,4,42,元大-南京,2024-06-27,9862
4938,和碩,44,2,42,元大-南京,2024-06-27,9862
2867,三商壽,51,10,41,元大-南京,2024-06-27,9862
00919,群益台灣精選高息,55,15,40,元大-南京,2024-06-27,9862
3036,文曄,40,4,36,元大-南京,2024-06-27,9862
3038,全台,36,0,36,元大-南京,2024-06-27,9862
2331,精英,35,0,35,元大-南京,2024-06-27,9862
00720B,元大投資級公司債,31,0,31,元大-南京,2024-06-27,9862
3047,訊舟,177,146,31,元大-南京,2024-06-27,9862
1301,台塑,42,11,31,元大-南京,2024-06-27,9862
00882,中信中國高股息,31,1,30,元大-南京,2024-06-27,9862
1795,美時,42,12,30,元大-南京,2024-06-27,9862
2506,太設,30,0,30,元大-南京,2024-06-27,9862
3576,聯合再生,58,30,28,元大-南京,2024-06-27,9862
00933B,國泰10Y+金融債,28,0,28,元大-南京,2024-06-27,9862
00713,元大台灣高息低波,27,0,27,元大-南京,2024-06-27,9862
5243,乙盛-KY,32,6,26,元大-南京,2024-06-27,9862
00650L,復華香港正2,25,0,25,元大-南京,2024-06-27,9862
1809,中釉,29,5,24,元大-南京,2024-06-27,9862
00830,國泰費城半導體,25,2,23,元大-南京,2024-06-27,9862
6546,正基,23,1,22,元大-南京,2024-06-27,9862
8104,錸寶,31,10,21,元大-南京,2024-06-27,9862
2254,巨鎧精密-創,28,8,20,元大-南京,2024-06-27,9862
4951,精拓科,20,0,20,元大-南京,2024-06-27,9862
00696B,富邦美債20年,20,0,20,元大-南京,2024-06-27,9862
3030,德律,20,0,20,元大-南京,2024-06-27,9862
2812,台中銀,19,0,19,元大-南京,2024-06-27,9862
3055,蔚華科,28,11,17,元大-南京,2024-06-27,9862
8064,東捷,28,11,17,元大-南京,2024-06-27,9862
8110,華東,31,14,17,元大-南京,2024-06-27,9862
3312,弘憶股,70,54,16,元大-南京,2024-06-27,9862
3708,上緯投控,17,1,16,元大-南京,2024-06-27,9862
1785,光洋科,110,25,85,元大-南京,2024-06-28,9862
2401,凌陽,101,20,81,元大-南京,2024-06-28,9862
00937B,群益ESG投等債20,82,8,74,元大-南京,2024-06-28,9862
00929,復華台灣科技優息,82,10,72,元大-南京,2024-06-28,9862
00687B,國泰20年美債,74,2,72,元大-南京,2024-06-28,9862
00919,群益台灣精選高息,62,2,60,元大-南京,2024-06-28,9862
2618,長榮航,84,28,56,元大-南京,2024-06-28,9862
6190,萬泰科,55,0,55,元大-南京,2024-06-28,9862
00882,中信中國高股息,50,0,50,元大-南京,2024-06-28,9862
6125,廣運,58,11,47,元大-南京,2024-06-28,9862
5371,中光電,59,14,45,元大-南京,2024-06-28,9862
3481,群創,49,13,36,元大-南京,2024-06-28,9862
00665L,富邦�琤肭磪囓�2,31,0,31,元大-南京,2024-06-28,9862
2254,巨鎧精密-創,34,4,30,元大-南京,2024-06-28,9862
00673R,期元大S＆P原油反1,30,0,30,元大-南京,2024-06-28,9862
2303,聯電,35,6,29,元大-南京,2024-06-28,9862
2867,三商壽,50,21,29,元大-南京,2024-06-28,9862
2367,燿華,32,4,28,元大-南京,2024-06-28,9862
8942,森鉅,27,0,27,元大-南京,2024-06-28,9862
00934,中信成長高股息,24,0,24,元大-南京,2024-06-28,9862
00948B,中信優息投資級債,24,0,24,元大-南京,2024-06-28,9862
00713,元大台灣高息低波,26,2,24,元大-南京,2024-06-28,9862
3576,聯合再生,126,104,22,元大-南京,2024-06-28,9862
2406,國碩,128,106,22,元大-南京,2024-06-28,9862
00921,兆豐龍頭等權重,21,0,21,元大-南京,2024-06-28,9862
00688L,國泰20年美債正2,20,0,20,元大-南京,2024-06-28,9862
00720B,元大投資級公司債,19,0,19,元大-南京,2024-06-28,9862
00772B,中信高評級公司債,19,0,19,元大-南京,2024-06-28,9862
6706,惠特,21,2,19,元大-南京,2024-06-28,9862
00725B,國泰投資級公司債,18,0,18,元大-南京,2024-06-28,9862
2354,鴻準,32,15,17,元大-南京,2024-06-28,9862
2439,美律,16,0,16,元大-南京,2024-06-28,9862
2352,佳世達,16,0,16,元大-南京,2024-06-28,9862
5009,榮剛,15,0,15,元大-南京,2024-06-28,9862
3038,全台,16,1,15,元大-南京,2024-06-28,9862
1611,中電,15,0,15,元大-南京,2024-06-28,9862
00751B,元大AAA至A公司債,15,0,15,元大-南京,2024-06-28,9862
2371,大同,22,8,14,元大-南京,2024-06-28,9862
3583,辛耘,46,32,14,元大-南京,2024-06-28,9862
3615,安可,29,15,14,元大-南京,2024-06-28,9862
00632R,元大台灣50反1,14,0,14,元大-南京,2024-06-28,9862
3312,弘憶股,74,60,14,元大-南京,2024-06-28,9862
1609,大亞,20,7,13,元大-南京,2024-06-28,9862
3149,正達,13,0,13,元大-南京,2024-06-28,9862
6414,樺漢,14,1,13,元大-南京,2024-06-28,9862
2615,萬海,39,26,13,元大-南京,2024-06-28,9862
4726,永昕,27,15,12,元大-南京,2024-06-28,9862
00740B,富邦全球投等債,12,0,12,元大-南京,2024-06-28,9862
2892,第一金,12,0,12,元大-南京,2024-06-28,9862
8104,錸寶,15,4,11,元大-南京,2024-06-28,9862
3481,群創,416,8,408,元大-南京,2024-07-01,9862
00720B,元大投資級公司債,392,0,392,元大-南京,2024-07-01,9862
00937B,群益ESG投等債20,273,4,269,元大-南京,2024-07-01,9862
0056,元大高股息,232,7,225,元大-南京,2024-07-01,9862
00687B,國泰20年美債,213,0,213,元大-南京,2024-07-01,9862
1305,華夏,212,0,212,元大-南京,2024-07-01,9862
1312,國喬,200,0,200,元大-南京,2024-07-01,9862
00949,復華日本龍頭,147,0,147,元大-南京,2024-07-01,9862
1802,台玻,189,51,138,元大-南京,2024-07-01,9862
00948B,中信優息投資級債,115,0,115,元大-南京,2024-07-01,9862
00942B,台新美A公司債20+,106,0,106,元大-南京,2024-07-01,9862
00680L,元大美債20正2,91,0,91,元大-南京,2024-07-01,9862
2609,陽明,108,20,88,元大-南京,2024-07-01,9862
00933B,國泰10Y+金融債,88,0,88,元大-南京,2024-07-01,9862
00936,台新永續高息中小,85,2,83,元大-南京,2024-07-01,9862
00679B,元大美債20年,131,51,80,元大-南京,2024-07-01,9862
2101,南港,65,1,64,元大-南京,2024-07-01,9862
3024,憶聲,105,50,55,元大-南京,2024-07-01,9862
6190,萬泰科,57,3,54,元大-南京,2024-07-01,9862
00772B,中信高評級公司債,64,10,54,元大-南京,2024-07-01,9862
00751B,元大AAA至A公司債,53,0,53,元大-南京,2024-07-01,9862
4534,慶騰,52,2,50,元大-南京,2024-07-01,9862
6698,旭暉應材,54,5,49,元大-南京,2024-07-01,9862
3450,聯鈞,51,10,41,元大-南京,2024-07-01,9862
2880,華南金,39,0,39,元大-南京,2024-07-01,9862
5522,遠雄,39,0,39,元大-南京,2024-07-01,9862
00725B,國泰投資級公司債,34,0,34,元大-南京,2024-07-01,9862
00902,中信電池及儲能,30,0,30,元大-南京,2024-07-01,9862
2605,新興,31,2,29,元大-南京,2024-07-01,9862
2467,志聖,28,3,25,元大-南京,2024-07-01,9862
2374,佳能,33,10,23,元大-南京,2024-07-01,9862
00931B,統一美債20年,23,0,23,元大-南京,2024-07-01,9862
00921,兆豐龍頭等權重,22,0,22,元大-南京,2024-07-01,9862
00632R,元大台灣50反1,22,0,22,元大-南京,2024-07-01,9862
6257,矽格,22,0,22,元大-南京,2024-07-01,9862
2328,廣宇,23,1,22,元大-南京,2024-07-01,9862
6160,欣技,22,1,21,元大-南京,2024-07-01,9862
4951,精拓科,21,0,21,元大-南京,2024-07-01,9862
00706L,期元大S＆P日圓正2,21,0,21,元大-南京,2024-07-01,9862
6890,來億-KY,22,2,20,元大-南京,2024-07-01,9862
00688L,國泰20年美債正2,20,0,20,元大-南京,2024-07-01,9862
00674R,期元大S＆P黃金反1,20,0,20,元大-南京,2024-07-01,9862
00897,富邦基因免疫生技,20,0,20,元大-南京,2024-07-01,9862
2313,華通,40,20,20,元大-南京,2024-07-01,9862
2317,鴻海,48,28,20,元大-南京,2024-07-01,9862
2705,六福,19,0,19,元大-南京,2024-07-01,9862
6120,達運,20,2,18,元大-南京,2024-07-01,9862
3036,文曄,22,4,18,元大-南京,2024-07-01,9862
3048,益登,45,28,17,元大-南京,2024-07-01,9862
2406,國碩,31,14,17,元大-南京,2024-07-01,9862
3481,群創,249,15,234,元大-南京,2024-07-02,9862
2303,聯電,292,58,234,元大-南京,2024-07-02,9862
00720B,元大投資級公司債,159,0,159,元大-南京,2024-07-02,9862
00680L,元大美債20正2,153,3,150,元大-南京,2024-07-02,9862
2317,鴻海,161,22,139,元大-南京,2024-07-02,9862
00929,復華台灣科技優息,192,60,132,元大-南京,2024-07-02,9862
00687B,國泰20年美債,120,1,119,元大-南京,2024-07-02,9862
00934,中信成長高股息,102,1,101,元大-南京,2024-07-02,9862
0056,元大高股息,84,4,80,元大-南京,2024-07-02,9862
8114,振樺電,75,1,74,元大-南京,2024-07-02,9862
00933B,國泰10Y+金融債,74,15,59,元大-南京,2024-07-02,9862
00919,群益台灣精選高息,85,28,57,元大-南京,2024-07-02,9862
00921,兆豐龍頭等權重,52,0,52,元大-南京,2024-07-02,9862
4167,松瑞藥,52,0,52,元大-南京,2024-07-02,9862
9105,泰金寶-DR,52,1,51,元大-南京,2024-07-02,9862
00936,台新永續高息中小,48,2,46,元大-南京,2024-07-02,9862
00751B,元大AAA至A公司債,43,0,43,元大-南京,2024-07-02,9862
00679B,元大美債20年,203,165,38,元大-南京,2024-07-02,9862
00633L,富邦上証正2,41,3,38,元大-南京,2024-07-02,9862
2002,中鋼,35,0,35,元大-南京,2024-07-02,9862
00937B,群益ESG投等債20,86,54,32,元大-南京,2024-07-02,9862
00948B,中信優息投資級債,29,0,29,元大-南京,2024-07-02,9862
6770,力積電,32,3,29,元大-南京,2024-07-02,9862
3583,辛耘,35,7,28,元大-南京,2024-07-02,9862
5519,隆大,26,0,26,元大-南京,2024-07-02,9862
1101,台泥,28,3,25,元大-南京,2024-07-02,9862
1301,台塑,26,2,24,元大-南京,2024-07-02,9862
00674R,期元大S＆P黃金反1,22,0,22,元大-南京,2024-07-02,9862
00923,群益台ESG低碳50,21,0,21,元大-南京,2024-07-02,9862
2467,志聖,67,47,20,元大-南京,2024-07-02,9862
6552,易華電,20,0,20,元大-南京,2024-07-02,9862
0050,元大台灣50,22,2,20,元大-南京,2024-07-02,9862
00927,群益半導體收益,20,1,19,元大-南京,2024-07-02,9862
2354,鴻準,21,3,18,元大-南京,2024-07-02,9862
6640,均華,17,0,17,元大-南京,2024-07-02,9862
00712,復華富時不動產,17,0,17,元大-南京,2024-07-02,9862
6187,萬潤,18,1,17,元大-南京,2024-07-02,9862
2365,昆盈,132,115,17,元大-南京,2024-07-02,9862
2614,東森,17,1,16,元大-南京,2024-07-02,9862
4123,晟德,53,37,16,元大-南京,2024-07-02,9862
00706L,期元大S＆P日圓正2,16,0,16,元大-南京,2024-07-02,9862
1217,愛之味,16,0,16,元大-南京,2024-07-02,9862
00949,復華日本龍頭,15,0,15,元大-南京,2024-07-02,9862
00632R,元大台灣50反1,15,0,15,元大-南京,2024-07-02,9862
6446,藥華藥,22,8,14,元大-南京,2024-07-02,9862
1605,華新,14,0,14,元大-南京,2024-07-02,9862
00930,永豐ESG低碳高息,13,0,13,元大-南京,2024-07-02,9862
2353,宏��,18,5,13,元大-南京,2024-07-02,9862
8081,致新,13,1,12,元大-南京,2024-07-02,9862
6190,萬泰科,14,2,12,元大-南京,2024-07-02,9862
6770,力積電,174,4,170,元大-南京,2024-07-03,9862
00934,中信成長高股息,101,1,100,元大-南京,2024-07-03,9862
3583,辛耘,100,8,92,元大-南京,2024-07-03,9862
3673,TPK-KY,117,26,91,元大-南京,2024-07-03,9862
2408,南亞科,112,32,80,元大-南京,2024-07-03,9862
1305,華夏,79,0,79,元大-南京,2024-07-03,9862
00936,台新永續高息中小,72,18,54,元大-南京,2024-07-03,9862
2486,一詮,52,2,50,元大-南京,2024-07-03,9862
2355,敬鵬,53,5,48,元大-南京,2024-07-03,9862
3450,聯鈞,53,6,47,元大-南京,2024-07-03,9862
1795,美時,47,2,45,元大-南京,2024-07-03,9862
00680L,元大美債20正2,40,0,40,元大-南京,2024-07-03,9862
00929,復華台灣科技優息,50,12,38,元大-南京,2024-07-03,9862
00946,群益科技高息成長,42,5,37,元大-南京,2024-07-03,9862
5243,乙盛-KY,57,22,35,元大-南京,2024-07-03,9862
3443,創意,35,1,34,元大-南京,2024-07-03,9862
5493,三聯,32,0,32,元大-南京,2024-07-03,9862
6706,惠特,33,1,32,元大-南京,2024-07-03,9862
00937B,群益ESG投等債20,31,0,31,元大-南京,2024-07-03,9862
2405,輔信,53,22,31,元大-南京,2024-07-03,9862
4526,東台,30,0,30,元大-南京,2024-07-03,9862
4142,國光生,30,0,30,元大-南京,2024-07-03,9862
2317,鴻海,47,19,28,元大-南京,2024-07-03,9862
3576,聯合再生,74,47,27,元大-南京,2024-07-03,9862
3234,光環,25,0,25,元大-南京,2024-07-03,9862
2481,強茂,34,9,25,元大-南京,2024-07-03,9862
1304,台聚,29,4,25,元大-南京,2024-07-03,9862
3047,訊舟,79,55,24,元大-南京,2024-07-03,9862
00945B,凱基美國非投等債,22,0,22,元大-南京,2024-07-03,9862
00757,統一FANG+,24,2,22,元大-南京,2024-07-03,9862
4566,時碩工業,21,0,21,元大-南京,2024-07-03,9862
3227,原相,29,8,21,元大-南京,2024-07-03,9862
3163,波若威,24,3,21,元大-南京,2024-07-03,9862
4746,台耀,21,0,21,元大-南京,2024-07-03,9862
3055,蔚華科,25,4,21,元大-南京,2024-07-03,9862
6282,康舒,32,11,21,元大-南京,2024-07-03,9862
00753L,中信中國50正2,30,10,20,元大-南京,2024-07-03,9862
6279,胡連,20,0,20,元大-南京,2024-07-03,9862
2438,翔耀,20,0,20,元大-南京,2024-07-03,9862
2615,萬海,50,31,19,元大-南京,2024-07-03,9862
4720,德淵,18,0,18,元大-南京,2024-07-03,9862
4906,正文,35,17,18,元大-南京,2024-07-03,9862
00687B,國泰20年美債,18,0,18,元大-南京,2024-07-03,9862
2906,高林,37,20,17,元大-南京,2024-07-03,9862
6179,亞通,17,0,17,元大-南京,2024-07-03,9862
3059,華晶科,19,2,17,元大-南京,2024-07-03,9862
2883,凱基金,128,112,16,元大-南京,2024-07-03,9862
2548,華固,16,0,16,元大-南京,2024-07-03,9862
00897,富邦基因免疫生技,16,0,16,元大-南京,2024-07-03,9862
8064,東捷,29,14,15,元大-南京,2024-07-03,9862
00632R,元大台灣50反1,429,0,429,元大-南京,2024-07-04,9862
2481,強茂,476,113,363,元大-南京,2024-07-04,9862
5443,均豪,156,26,130,元大-南京,2024-07-04,9862
5530,龍巖,122,0,122,元大-南京,2024-07-04,9862
00687B,國泰20年美債,121,5,116,元大-南京,2024-07-04,9862
00933B,國泰10Y+金融債,107,5,102,元大-南京,2024-07-04,9862
00937B,群益ESG投等債20,107,28,79,元大-南京,2024-07-04,9862
2412,中華電,75,0,75,元大-南京,2024-07-04,9862
00878,國泰永續高股息,83,15,68,元大-南京,2024-07-04,9862
00882,中信中國高股息,50,0,50,元大-南京,2024-07-04,9862
3047,訊舟,70,24,46,元大-南京,2024-07-04,9862
00934,中信成長高股息,45,0,45,元大-南京,2024-07-04,9862
1409,新纖,61,18,43,元大-南京,2024-07-04,9862
00757,統一FANG+,42,0,42,元大-南京,2024-07-04,9862
2254,巨鎧精密-創,40,0,40,元大-南京,2024-07-04,9862
3673,TPK-KY,45,5,40,元大-南京,2024-07-04,9862
2405,輔信,109,71,38,元大-南京,2024-07-04,9862
00680L,元大美債20正2,43,7,36,元大-南京,2024-07-04,9862
3234,光環,36,0,36,元大-南京,2024-07-04,9862
00637L,元大滬深300正2,42,8,34,元大-南京,2024-07-04,9862
1815,富喬,40,6,34,元大-南京,2024-07-04,9862
00679B,元大美債20年,39,5,34,元大-南京,2024-07-04,9862
00942B,台新美A公司債20+,33,0,33,元大-南京,2024-07-04,9862
1515,力山,30,0,30,元大-南京,2024-07-04,9862
6136,富爾特,30,0,30,元大-南京,2024-07-04,9862
2812,台中銀,29,0,29,元大-南京,2024-07-04,9862
2486,一詮,61,32,29,元大-南京,2024-07-04,9862
3450,聯鈞,80,53,27,元大-南京,2024-07-04,9862
9105,泰金寶-DR,50,23,27,元大-南京,2024-07-04,9862
2891,中信金,82,56,26,元大-南京,2024-07-04,9862
00706L,期元大S＆P日圓正2,25,0,25,元大-南京,2024-07-04,9862
3055,蔚華科,32,10,22,元大-南京,2024-07-04,9862
2603,長榮,40,19,21,元大-南京,2024-07-04,9862
2324,仁寶,27,8,19,元大-南京,2024-07-04,9862
2886,兆豐金,30,10,20,元大-南京,2024-07-04,9862
6505,台塑化,20,1,19,元大-南京,2024-07-04,9862
4173,久裕,19,0,19,元大-南京,2024-07-04,9862
00720B,元大投資級公司債,19,0,19,元大-南京,2024-07-04,9862
00896,中信綠能及電動車,19,0,19,元大-南京,2024-07-04,9862
3419,譁裕,20,1,19,元大-南京,2024-07-04,9862
3406,玉晶光,20,1,19,元大-南京,2024-07-04,9862
1536,和大,38,20,18,元大-南京,2024-07-04,9862
2883,凱基金,57,41,16,元大-南京,2024-07-04,9862
3122,笙泉,16,0,16,元大-南京,2024-07-04,9862
5371,中光電,16,0,16,元大-南京,2024-07-04,9862
3035,智原,34,19,15,元大-南京,2024-07-04,9862
6901,鑽石投資,20,5,15,元大-南京,2024-07-04,9862
2605,新興,23,8,15,元大-南京,2024-07-04,9862
3062,建漢,19,4,15,元大-南京,2024-07-04,9862
2495,普安,30,15,15,元大-南京,2024-07-04,9862
00632R,元大台灣50反1,1259,162,1097,元大-南京,2024-07-05,9862
00940,元大台灣價值高息,556,66,490,元大-南京,2024-07-05,9862
2888,新光金,187,7,180,元大-南京,2024-07-05,9862
2610,華航,150,9,141,元大-南京,2024-07-05,9862
2481,強茂,99,14,85,元大-南京,2024-07-05,9862
2889,國票金,84,1,83,元大-南京,2024-07-05,9862
00934,中信成長高股息,73,0,73,元大-南京,2024-07-05,9862
9105,泰金寶-DR,81,17,64,元大-南京,2024-07-05,9862
3450,聯鈞,84,31,53,元大-南京,2024-07-05,9862
6957,裕慶-KY,52,0,52,元大-南京,2024-07-05,9862
00664R,國泰臺灣加權反1,50,0,50,元大-南京,2024-07-05,9862
00671R,富邦NASDAQ反1,50,0,50,元大-南京,2024-07-05,9862
00757,統一FANG+,50,0,50,元大-南京,2024-07-05,9862
6015,宏遠證,47,3,44,元大-南京,2024-07-05,9862
2354,鴻準,67,23,44,元大-南京,2024-07-05,9862
1718,中纖,48,10,38,元大-南京,2024-07-05,9862
2891,中信金,72,35,37,元大-南京,2024-07-05,9862
00637L,元大滬深300正2,71,36,35,元大-南京,2024-07-05,9862
00687B,國泰20年美債,38,5,33,元大-南京,2024-07-05,9862
1504,東元,43,11,32,元大-南京,2024-07-05,9862
00942B,台新美A公司債20+,32,0,32,元大-南京,2024-07-05,9862
2008,高興昌,32,0,32,元大-南京,2024-07-05,9862
5328,華容,32,0,32,元大-南京,2024-07-05,9862
4534,慶騰,27,0,27,元大-南京,2024-07-05,9862
1609,大亞,31,5,26,元大-南京,2024-07-05,9862
00669R,國泰美國道瓊反1,25,0,25,元大-南京,2024-07-05,9862
2603,長榮,49,24,25,元大-南京,2024-07-05,9862
6026,福邦證,24,0,24,元大-南京,2024-07-05,9862
6546,正基,24,2,22,元大-南京,2024-07-05,9862
00679B,元大美債20年,33,11,22,元大-南京,2024-07-05,9862
00948B,中信優息投資級債,21,0,21,元大-南京,2024-07-05,9862
00752,中信中國50,20,0,20,元大-南京,2024-07-05,9862
9136,巨騰-DR,20,0,20,元大-南京,2024-07-05,9862
00949,復華日本龍頭,19,0,19,元大-南京,2024-07-05,9862
1515,力山,20,1,19,元大-南京,2024-07-05,9862
2313,華通,25,7,18,元大-南京,2024-07-05,9862
3289,宜特,18,0,18,元大-南京,2024-07-05,9862
2534,宏盛,17,0,17,元大-南京,2024-07-05,9862
00929,復華台灣科技優息,19,2,17,元大-南京,2024-07-05,9862
1103,嘉泥,17,1,16,元大-南京,2024-07-05,9862
00751B,元大AAA至A公司債,16,0,16,元大-南京,2024-07-05,9862
5283,禾聯碩,16,0,16,元大-南京,2024-07-05,9862
2356,英業達,99,84,15,元大-南京,2024-07-05,9862
2344,華邦電,15,0,15,元大-南京,2024-07-05,9862
8358,金居,16,1,15,元大-南京,2024-07-05,9862
6024,群益期,15,0,15,元大-南京,2024-07-05,9862
6552,易華電,15,0,15,元大-南京,2024-07-05,9862
6217,中探針,27,12,15,元大-南京,2024-07-05,9862
2467,志聖,106,91,15,元大-南京,2024-07-05,9862
3057,喬鼎,14,0,14,元大-南京,2024-07-05,9862
00692,富邦公司治理,582,0,582,元大-南京,2024-07-08,9862
2618,長榮航,379,29,350,元大-南京,2024-07-08,9862
2344,華邦電,296,5,291,元大-南京,2024-07-08,9862
00632R,元大台灣50反1,249,1,248,元大-南京,2024-07-08,9862
00934,中信成長高股息,168,0,168,元大-南京,2024-07-08,9862
2382,廣達,126,35,91,元大-南京,2024-07-08,9862
2101,南港,110,22,88,元大-南京,2024-07-08,9862
6189,豐藝,82,5,77,元大-南京,2024-07-08,9862
1802,台玻,126,53,73,元大-南京,2024-07-08,9862
00937B,群益ESG投等債20,69,8,61,元大-南京,2024-07-08,9862
3481,群創,95,41,54,元大-南京,2024-07-08,9862
00665L,富邦�琤肭磪囓�2,54,0,54,元大-南京,2024-07-08,9862
00944,野村趨勢動能高息,151,100,51,元大-南京,2024-07-08,9862
1731,美吾華,50,0,50,元大-南京,2024-07-08,9862
00687B,國泰20年美債,46,1,45,元大-南京,2024-07-08,9862
9946,三發地產,48,4,44,元大-南京,2024-07-08,9862
9105,泰金寶-DR,63,23,40,元大-南京,2024-07-08,9862
8358,金居,49,14,35,元大-南京,2024-07-08,9862
3024,憶聲,34,0,34,元大-南京,2024-07-08,9862
1815,富喬,42,9,33,元大-南京,2024-07-08,9862
00927,群益半導體收益,32,0,32,元大-南京,2024-07-08,9862
6120,達運,32,0,32,元大-南京,2024-07-08,9862
6213,聯茂,35,4,31,元大-南京,2024-07-08,9862
6546,正基,33,2,31,元大-南京,2024-07-08,9862
9928,中視,32,1,31,元大-南京,2024-07-08,9862
2605,新興,38,7,31,元大-南京,2024-07-08,9862
00878,國泰永續高股息,34,4,30,元大-南京,2024-07-08,9862
2352,佳世達,42,13,29,元大-南京,2024-07-08,9862
8103,瀚荃,30,1,29,元大-南京,2024-07-08,9862
3217,優群,29,1,28,元大-南京,2024-07-08,9862
00735,國泰臺韓科技,27,0,27,元大-南京,2024-07-08,9862
2105,正新,32,5,27,元大-南京,2024-07-08,9862
6757,台灣虎航,30,3,27,元大-南京,2024-07-08,9862
2520,冠德,27,0,27,元大-南京,2024-07-08,9862
2392,正崴,51,26,25,元大-南京,2024-07-08,9862
3234,光環,24,0,24,元大-南京,2024-07-08,9862
2328,廣宇,48,24,24,元大-南京,2024-07-08,9862
2337,旺宏,31,7,24,元大-南京,2024-07-08,9862
8064,東捷,54,31,23,元大-南京,2024-07-08,9862
2108,南帝,23,0,23,元大-南京,2024-07-08,9862
2374,佳能,67,44,23,元大-南京,2024-07-08,9862
2609,陽明,105,82,23,元大-南京,2024-07-08,9862
00923,群益台ESG低碳50,26,4,22,元大-南京,2024-07-08,9862
2889,國票金,27,5,22,元大-南京,2024-07-08,9862
00712,復華富時不動產,21,0,21,元大-南京,2024-07-08,9862
1785,光洋科,146,125,21,元大-南京,2024-07-08,9862
2464,盟立,202,181,21,元大-南京,2024-07-08,9862
2417,圓剛,35,15,20,元大-南京,2024-07-08,9862
1101,台泥,27,7,20,元大-南京,2024-07-08,9862
4167,松瑞藥,20,0,20,元大-南京,2024-07-08,9862
1785,光洋科,163,35,128,元大-南京,2024-07-09,9862
2506,太設,107,0,107,元大-南京,2024-07-09,9862
00936,台新永續高息中小,126,20,106,元大-南京,2024-07-09,9862
2603,長榮,108,8,100,元大-南京,2024-07-09,9862
2101,南港,116,20,96,元大-南京,2024-07-09,9862
2618,長榮航,148,72,76,元大-南京,2024-07-09,9862
00905,FT臺灣Smart,89,15,74,元大-南京,2024-07-09,9862
00665L,富邦�琤肭磪囓�2,66,0,66,元大-南京,2024-07-09,9862
6811,宏�硌穈T,66,3,63,元大-南京,2024-07-09,9862
1102,亞泥,62,2,60,元大-南京,2024-07-09,9862
3481,群創,85,27,58,元大-南京,2024-07-09,9862
4927,泰鼎-KY,61,3,58,元大-南京,2024-07-09,9862
00929,復華台灣科技優息,70,17,53,元大-南京,2024-07-09,9862
1731,美吾華,50,0,50,元大-南京,2024-07-09,9862
3047,訊舟,111,63,48,元大-南京,2024-07-09,9862
1103,嘉泥,48,0,48,元大-南京,2024-07-09,9862
1802,台玻,47,0,47,元大-南京,2024-07-09,9862
00632R,元大台灣50反1,77,30,47,元大-南京,2024-07-09,9862
2317,鴻海,88,43,45,元大-南京,2024-07-09,9862
00687B,國泰20年美債,59,14,45,元大-南京,2024-07-09,9862
9907,統一實,44,0,44,元大-南京,2024-07-09,9862
1515,力山,42,0,42,元大-南京,2024-07-09,9862
2520,冠德,41,0,41,元大-南京,2024-07-09,9862
2834,臺企銀,49,11,38,元大-南京,2024-07-09,9862
2609,陽明,70,33,37,元大-南京,2024-07-09,9862
2387,精元,36,0,36,元大-南京,2024-07-09,9862
2349,錸德,53,17,36,元大-南京,2024-07-09,9862
3231,緯創,50,14,36,元大-南京,2024-07-09,9862
00713,元大台灣高息低波,33,0,33,元大-南京,2024-07-09,9862
2888,新光金,221,189,32,元大-南京,2024-07-09,9862
1815,富喬,32,2,30,元大-南京,2024-07-09,9862
6189,豐藝,29,0,29,元大-南京,2024-07-09,9862
1305,華夏,29,0,29,元大-南京,2024-07-09,9862
00679B,元大美債20年,56,28,28,元大-南京,2024-07-09,9862
2374,佳能,74,48,26,元大-南京,2024-07-09,9862
4951,精拓科,26,0,26,元大-南京,2024-07-09,9862
2353,宏��,33,8,25,元大-南京,2024-07-09,9862
8096,擎亞,24,0,24,元大-南京,2024-07-09,9862
6213,聯茂,23,3,20,元大-南京,2024-07-09,9862
2886,兆豐金,20,0,20,元大-南京,2024-07-09,9862
2254,巨鎧精密-創,20,0,20,元大-南京,2024-07-09,9862
1460,宏遠,20,0,20,元大-南京,2024-07-09,9862
1229,聯華,20,0,20,元大-南京,2024-07-09,9862
3050,鈺德,26,6,20,元大-南京,2024-07-09,9862
6456,GIS-KY,22,2,20,元大-南京,2024-07-09,9862
2884,玉山金,23,4,19,元大-南京,2024-07-09,9862
1536,和大,45,26,19,元大-南京,2024-07-09,9862
2610,華航,32,14,18,元大-南京,2024-07-09,9862
6506,雙邦,18,0,18,元大-南京,2024-07-09,9862
2323,中環,21,3,18,元大-南京,2024-07-09,9862
0056,元大高股息,301,21,280,元大-南京,2024-07-10,9862
6603,富強鑫,237,0,237,元大-南京,2024-07-10,9862
8936,國統,205,1,204,元大-南京,2024-07-10,9862
00692,富邦公司治理,136,1,135,元大-南京,2024-07-10,9862
00937B,群益ESG投等債20,137,4,133,元大-南京,2024-07-10,9862
00934,中信成長高股息,86,5,81,元大-南京,2024-07-10,9862
2618,長榮航,97,19,78,元大-南京,2024-07-10,9862
00946,群益科技高息成長,70,0,70,元大-南京,2024-07-10,9862
2481,強茂,67,3,64,元大-南京,2024-07-10,9862
2108,南帝,64,0,64,元大-南京,2024-07-10,9862
3122,笙泉,56,0,56,元大-南京,2024-07-10,9862
9958,世紀鋼,54,2,52,元大-南京,2024-07-10,9862
6113,亞矽,50,0,50,元大-南京,2024-07-10,9862
4904,遠傳,50,3,47,元大-南京,2024-07-10,9862
1608,華榮,74,29,45,元大-南京,2024-07-10,9862
2392,正崴,137,94,43,元大-南京,2024-07-10,9862
8105,凌巨,45,3,42,元大-南京,2024-07-10,9862
5475,德宏,41,1,40,元大-南京,2024-07-10,9862
2353,宏��,77,40,37,元大-南京,2024-07-10,9862
6213,聯茂,43,6,37,元大-南京,2024-07-10,9862
2505,國揚,35,0,35,元大-南京,2024-07-10,9862
00942B,台新美A公司債20+,32,0,32,元大-南京,2024-07-10,9862
5309,系統電,39,8,31,元大-南京,2024-07-10,9862
00950B,凱基A級公司債,30,0,30,元大-南京,2024-07-10,9862
2489,瑞軒,90,62,28,元大-南京,2024-07-10,9862
00680L,元大美債20正2,27,0,27,元大-南京,2024-07-10,9862
2405,輔信,44,18,26,元大-南京,2024-07-10,9862
6442,光聖,25,0,25,元大-南京,2024-07-10,9862
2323,中環,25,0,25,元大-南京,2024-07-10,9862
1304,台聚,25,0,25,元大-南京,2024-07-10,9862
6811,宏�硌穈T,24,1,23,元大-南京,2024-07-10,9862
00679B,元大美債20年,31,8,23,元大-南京,2024-07-10,9862
8234,新漢,32,10,22,元大-南京,2024-07-10,9862
00725B,國泰投資級公司債,21,0,21,元大-南京,2024-07-10,9862
6785,昱展新藥,21,0,21,元大-南京,2024-07-10,9862
2543,皇昌,25,5,20,元大-南京,2024-07-10,9862
5324,士開,20,0,20,元大-南京,2024-07-10,9862
00706L,期元大S＆P日圓正2,20,0,20,元大-南京,2024-07-10,9862
00735,國泰臺韓科技,20,0,20,元大-南京,2024-07-10,9862
00712,復華富時不動產,20,0,20,元大-南京,2024-07-10,9862
2441,超豐,20,0,20,元大-南京,2024-07-10,9862
2705,六福,20,0,20,元大-南京,2024-07-10,9862
3013,晟銘電,83,65,18,元大-南京,2024-07-10,9862
00936,台新永續高息中小,18,0,18,元大-南京,2024-07-10,9862
4952,凌通,17,0,17,元大-南京,2024-07-10,9862
4909,新復興,23,7,16,元大-南京,2024-07-10,9862
2892,第一金,16,0,16,元大-南京,2024-07-10,9862
4906,正文,21,5,16,元大-南京,2024-07-10,9862
1301,台塑,18,2,16,元大-南京,2024-07-10,9862
2049,上銀,22,7,15,元大-南京,2024-07-10,9862
2888,新光金,590,292,298,元大-南京,2024-07-11,9862
4414,如興,180,0,180,元大-南京,2024-07-11,9862
3711,日月光投控,166,9,157,元大-南京,2024-07-11,9862
2312,金寶,174,60,114,元大-南京,2024-07-11,9862
00687B,國泰20年美債,133,46,87,元大-南京,2024-07-11,9862
1710,東聯,84,0,84,元大-南京,2024-07-11,9862
8064,東捷,96,20,76,元大-南京,2024-07-11,9862
6603,富強鑫,73,0,73,元大-南京,2024-07-11,9862
00692,富邦公司治理,70,0,70,元大-南京,2024-07-11,9862
2609,陽明,86,24,62,元大-南京,2024-07-11,9862
8021,尖點,65,3,62,元大-南京,2024-07-11,9862
00882,中信中國高股息,57,0,57,元大-南京,2024-07-11,9862
00950B,凱基A級公司債,55,0,55,元大-南京,2024-07-11,9862
00669R,國泰美國道瓊反1,50,0,50,元大-南京,2024-07-11,9862
4304,勝昱,50,0,50,元大-南京,2024-07-11,9862
2882,國泰金,94,47,47,元大-南京,2024-07-11,9862
00680L,元大美債20正2,41,0,41,元大-南京,2024-07-11,9862
2382,廣達,44,5,39,元大-南京,2024-07-11,9862
00929,復華台灣科技優息,74,38,36,元大-南京,2024-07-11,9862
2316,楠梓電,35,0,35,元大-南京,2024-07-11,9862
2885,元大金,43,7,36,元大-南京,2024-07-11,9862
6706,惠特,41,6,35,元大-南京,2024-07-11,9862
00706L,期元大S＆P日圓正2,31,0,31,元大-南京,2024-07-11,9862
00725B,國泰投資級公司債,30,0,30,元大-南京,2024-07-11,9862
00795B,中信美國公債20年,30,0,30,元大-南京,2024-07-11,9862
00671R,富邦NASDAQ反1,30,0,30,元大-南京,2024-07-11,9862
00852L,國泰美國道瓊正2,30,1,29,元大-南京,2024-07-11,9862
6811,宏�硌穈T,32,3,29,元大-南京,2024-07-11,9862
3048,益登,49,21,28,元大-南京,2024-07-11,9862
2610,華航,69,42,27,元大-南京,2024-07-11,9862
6548,長科*,27,0,27,元大-南京,2024-07-11,9862
9933,中鼎,26,0,26,元大-南京,2024-07-11,9862
6282,康舒,40,14,26,元大-南京,2024-07-11,9862
6219,富旺,30,4,26,元大-南京,2024-07-11,9862
3707,漢磊,49,24,25,元大-南京,2024-07-11,9862
00926,凱基全球菁英55,25,0,25,元大-南京,2024-07-11,9862
00650L,復華香港正2,50,25,25,元大-南京,2024-07-11,9862
00934,中信成長高股息,48,24,24,元大-南京,2024-07-11,9862
2365,昆盈,133,109,24,元大-南京,2024-07-11,9862
1504,東元,30,6,24,元大-南京,2024-07-11,9862
8433,弘帆,24,0,24,元大-南京,2024-07-11,9862
4906,正文,31,7,24,元大-南京,2024-07-11,9862
3016,嘉晶,23,0,23,元大-南京,2024-07-11,9862
1569,濱川,57,34,23,元大-南京,2024-07-11,9862
4958,臻鼎-KY,40,17,23,元大-南京,2024-07-11,9862
00919,群益台灣精選高息,45,23,22,元大-南京,2024-07-11,9862
2537,聯上發,30,8,22,元大-南京,2024-07-11,9862
6841,長佳智能,22,0,22,元大-南京,2024-07-11,9862
1536,和大,29,7,22,元大-南京,2024-07-11,9862
3374,精材,45,24,21,元大-南京,2024-07-11,9862
00929,復華台灣科技優息,387,29,358,元大-南京,2024-07-12,9862
00937B,群益ESG投等債20,230,11,219,元大-南京,2024-07-12,9862
00688L,國泰20年美債正2,202,4,198,元大-南京,2024-07-12,9862
0056,元大高股息,180,14,166,元大-南京,2024-07-12,9862
00934,中信成長高股息,140,0,140,元大-南京,2024-07-12,9862
00927,群益半導體收益,138,0,138,元大-南京,2024-07-12,9862
6449,鈺邦,431,294,137,元大-南京,2024-07-12,9862
00933B,國泰10Y+金融債,125,1,124,元大-南京,2024-07-12,9862
00882,中信中國高股息,163,42,121,元大-南京,2024-07-12,9862
2303,聯電,123,5,118,元大-南京,2024-07-12,9862
2317,鴻海,159,55,104,元大-南京,2024-07-12,9862
00905,FT臺灣Smart,109,6,103,元大-南京,2024-07-12,9862
2312,金寶,329,231,98,元大-南京,2024-07-12,9862
8064,東捷,95,2,93,元大-南京,2024-07-12,9862
00632R,元大台灣50反1,420,343,77,元大-南京,2024-07-12,9862
00919,群益台灣精選高息,118,42,76,元大-南京,2024-07-12,9862
00680L,元大美債20正2,171,100,71,元大-南京,2024-07-12,9862
00662,富邦NASDAQ,65,0,65,元大-南京,2024-07-12,9862
3711,日月光投控,63,8,55,元大-南京,2024-07-12,9862
00692,富邦公司治理,55,0,55,元大-南京,2024-07-12,9862
6592B,和潤企業乙特,50,0,50,元大-南京,2024-07-12,9862
2891,中信金,49,2,47,元大-南京,2024-07-12,9862
00936,台新永續高息中小,44,3,41,元大-南京,2024-07-12,9862
2505,國揚,40,0,40,元大-南京,2024-07-12,9862
00673R,期元大S＆P原油反1,40,0,40,元大-南京,2024-07-12,9862
2867,三商壽,77,40,37,元大-南京,2024-07-12,9862
2330,台積電,61,24,37,元大-南京,2024-07-12,9862
00881,國泰台灣5G+,35,0,35,元大-南京,2024-07-12,9862
3047,訊舟,46,11,35,元大-南京,2024-07-12,9862
006208,富邦台50,35,1,34,元大-南京,2024-07-12,9862
00735,國泰臺韓科技,33,0,33,元大-南京,2024-07-12,9862
0050,元大台灣50,41,9,32,元大-南京,2024-07-12,9862
00950B,凱基A級公司債,30,0,30,元大-南京,2024-07-12,9862
00895,富邦未來車,32,2,30,元大-南京,2024-07-12,9862
4542,科嶠,30,0,30,元大-南京,2024-07-12,9862
2855,統一證,27,0,27,元大-南京,2024-07-12,9862
00641R,富邦日本反1,25,0,25,元大-南京,2024-07-12,9862
00664R,國泰臺灣加權反1,25,0,25,元大-南京,2024-07-12,9862
4958,臻鼎-KY,37,13,24,元大-南京,2024-07-12,9862
00946,群益科技高息成長,59,36,23,元大-南京,2024-07-12,9862
00679B,元大美債20年,23,0,23,元大-南京,2024-07-12,9862
6126,信音,36,13,23,元大-南京,2024-07-12,9862
3037,欣興,67,45,22,元大-南京,2024-07-12,9862
4714,永捷,33,12,21,元大-南京,2024-07-12,9862
2106,建大,20,0,20,元大-南京,2024-07-12,9862
00949,復華日本龍頭,17,0,17,元大-南京,2024-07-12,9862
3706,神達,29,12,17,元大-南京,2024-07-12,9862
2356,英業達,79,62,17,元大-南京,2024-07-12,9862
9105,泰金寶-DR,38,22,16,元大-南京,2024-07-12,9862
00725B,國泰投資級公司債,16,0,16,元大-南京,2024-07-12,9862
2888,新光金,366,17,349,元大-南京,2024-07-15,9862
00680L,元大美債20正2,180,3,177,元大-南京,2024-07-15,9862
00687B,國泰20年美債,146,20,126,元大-南京,2024-07-15,9862
2332,友訊,115,5,110,元大-南京,2024-07-15,9862
00679B,元大美債20年,121,28,93,元大-南京,2024-07-15,9862
00725B,國泰投資級公司債,94,6,88,元大-南京,2024-07-15,9862
00934,中信成長高股息,90,4,86,元大-南京,2024-07-15,9862
2891,中信金,99,14,85,元大-南京,2024-07-15,9862
2884,玉山金,87,6,81,元大-南京,2024-07-15,9862
00688L,國泰20年美債正2,81,0,81,元大-南京,2024-07-15,9862
00946,群益科技高息成長,72,1,71,元大-南京,2024-07-15,9862
1303,南亞,72,5,67,元大-南京,2024-07-15,9862
2489,瑞軒,221,157,64,元大-南京,2024-07-15,9862
1460,宏遠,60,0,60,元大-南京,2024-07-15,9862
3189,景碩,56,7,49,元大-南京,2024-07-15,9862
3163,波若威,64,19,45,元大-南京,2024-07-15,9862
9904,寶成,42,1,41,元大-南京,2024-07-15,9862
2356,英業達,103,64,39,元大-南京,2024-07-15,9862
2618,長榮航,52,18,34,元大-南京,2024-07-15,9862
3037,欣興,44,12,32,元大-南京,2024-07-15,9862
2731,雄獅,36,5,31,元大-南京,2024-07-15,9862
1609,大亞,76,46,30,元大-南京,2024-07-15,9862
00919,群益台灣精選高息,38,8,30,元大-南京,2024-07-15,9862
00929,復華台灣科技優息,76,47,29,元大-南京,2024-07-15,9862
1608,華榮,121,93,28,元大-南京,2024-07-15,9862
5519,隆大,37,10,27,元大-南京,2024-07-15,9862
2316,楠梓電,25,0,25,元大-南京,2024-07-15,9862
2855,統一證,23,0,23,元大-南京,2024-07-15,9862
2382,廣達,25,2,23,元大-南京,2024-07-15,9862
2610,華航,44,22,22,元大-南京,2024-07-15,9862
2344,華邦電,23,2,21,元大-南京,2024-07-15,9862
1104,環泥,21,0,21,元大-南京,2024-07-15,9862
2607,榮運,20,0,20,元大-南京,2024-07-15,9862
1305,華夏,23,4,19,元大-南京,2024-07-15,9862
2409,友達,27,9,18,元大-南京,2024-07-15,9862
2317,鴻海,33,16,17,元大-南京,2024-07-15,9862
2438,翔耀,16,0,16,元大-南京,2024-07-15,9862
1536,和大,36,21,15,元大-南京,2024-07-15,9862
3596,智易,27,12,15,元大-南京,2024-07-15,9862
00664R,國泰臺灣加權反1,15,0,15,元大-南京,2024-07-15,9862
00641R,富邦日本反1,15,0,15,元大-南京,2024-07-15,9862
00713,元大台灣高息低波,14,0,14,元大-南京,2024-07-15,9862
8996,高力,14,0,14,元大-南京,2024-07-15,9862
2353,宏��,20,6,14,元大-南京,2024-07-15,9862
2464,盟立,72,58,14,元大-南京,2024-07-15,9862
5236,凌陽創新,14,0,14,元大-南京,2024-07-15,9862
5309,系統電,17,3,14,元大-南京,2024-07-15,9862
2349,錸德,15,1,14,元大-南京,2024-07-15,9862
5328,華容,14,0,14,元大-南京,2024-07-15,9862
9946,三發地產,14,0,14,元大-南京,2024-07-15,9862
2888,新光金,1244,66,1178,元大-南京,2024-07-16,9862
0056,元大高股息,150,9,141,元大-南京,2024-07-16,9862
8936,國統,144,25,119,元大-南京,2024-07-16,9862
00905,FT臺灣Smart,98,0,98,元大-南京,2024-07-16,9862
1785,光洋科,86,6,80,元大-南京,2024-07-16,9862
00919,群益台灣精選高息,85,14,71,元大-南京,2024-07-16,9862
00664R,國泰臺灣加權反1,60,0,60,元大-南京,2024-07-16,9862
00946,群益科技高息成長,55,0,55,元大-南京,2024-07-16,9862
6603,富強鑫,51,0,51,元大-南京,2024-07-16,9862
00713,元大台灣高息低波,50,0,50,元大-南京,2024-07-16,9862
5310,天剛,50,0,50,元大-南京,2024-07-16,9862
1513,中興電,66,17,49,元大-南京,2024-07-16,9862
2851,中再保,42,0,42,元大-南京,2024-07-16,9862
00669R,國泰美國道瓊反1,40,0,40,元大-南京,2024-07-16,9862
00641R,富邦日本反1,40,0,40,元大-南京,2024-07-16,9862
00671R,富邦NASDAQ反1,40,0,40,元大-南京,2024-07-16,9862
2489,瑞軒,238,200,38,元大-南京,2024-07-16,9862
00937B,群益ESG投等債20,36,0,36,元大-南京,2024-07-16,9862
00940,元大台灣價值高息,77,42,35,元大-南京,2024-07-16,9862
3706,神達,46,11,35,元大-南京,2024-07-16,9862
3234,光環,31,0,31,元大-南京,2024-07-16,9862
2743,山富,32,1,31,元大-南京,2024-07-16,9862
00852L,國泰美國道瓊正2,30,0,30,元大-南京,2024-07-16,9862
00878,國泰永續高股息,31,2,29,元大-南京,2024-07-16,9862
2610,華航,34,5,29,元大-南京,2024-07-16,9862
5009,榮剛,30,1,29,元大-南京,2024-07-16,9862
1303,南亞,33,6,27,元大-南京,2024-07-16,9862
2303,聯電,35,9,26,元大-南京,2024-07-16,9862
00632R,元大台灣50反1,26,0,26,元大-南京,2024-07-16,9862
1582,信錦,36,11,25,元大-南京,2024-07-16,9862
3481,群創,37,13,24,元大-南京,2024-07-16,9862
5905,南仁湖,24,0,24,元大-南京,2024-07-16,9862
8114,振樺電,24,0,24,元大-南京,2024-07-16,9862
2317,鴻海,49,26,23,元大-南京,2024-07-16,9862
2101,南港,31,8,23,元大-南京,2024-07-16,9862
2228,劍麟,23,0,23,元大-南京,2024-07-16,9862
6112,邁達特,26,4,22,元大-南京,2024-07-16,9862
00896,中信綠能及電動車,22,0,22,元大-南京,2024-07-16,9862
3163,波若威,28,6,22,元大-南京,2024-07-16,9862
2889,國票金,21,0,21,元大-南京,2024-07-16,9862
2367,燿華,24,3,21,元大-南京,2024-07-16,9862
00929,復華台灣科技優息,39,19,20,元大-南京,2024-07-16,9862
00715L,期街口布蘭特正2,20,0,20,元大-南京,2024-07-16,9862
1721,三晃,20,0,20,元大-南京,2024-07-16,9862
2905,三商,20,0,20,元大-南京,2024-07-16,9862
2356,英業達,30,11,19,元大-南京,2024-07-16,9862
1540,喬福,33,14,19,元大-南京,2024-07-16,9862
3035,智原,33,14,19,元大-南京,2024-07-16,9862
2382,廣達,21,3,18,元大-南京,2024-07-16,9862
9105,泰金寶-DR,19,1,18,元大-南京,2024-07-16,9862
00929,復華台灣科技優息,298,1,297,元大-南京,2024-07-17,9862
0056,元大高股息,199,3,196,元大-南京,2024-07-17,9862
2888,新光金,206,18,188,元大-南京,2024-07-17,9862
2705,六福,100,0,100,元大-南京,2024-07-17,9862
00919,群益台灣精選高息,95,12,83,元大-南京,2024-07-17,9862
3231,緯創,107,24,83,元大-南京,2024-07-17,9862
00936,台新永續高息中小,66,0,66,元大-南京,2024-07-17,9862
00937B,群益ESG投等債20,66,0,66,元大-南京,2024-07-17,9862
2442,新美齊,67,10,57,元大-南京,2024-07-17,9862
00713,元大台灣高息低波,56,0,56,元大-南京,2024-07-17,9862
2505,國揚,55,0,55,元大-南京,2024-07-17,9862
2537,聯上發,91,37,54,元大-南京,2024-07-17,9862
1409,新纖,91,39,52,元大-南京,2024-07-17,9862
00724B,群益投資級金融債,50,0,50,元大-南京,2024-07-17,9862
00632R,元大台灣50反1,133,87,46,元大-南京,2024-07-17,9862
6592B,和潤企業乙特,45,0,45,元大-南京,2024-07-17,9862
00934,中信成長高股息,42,0,42,元大-南京,2024-07-17,9862
2845,遠東銀,42,0,42,元大-南京,2024-07-17,9862
5876,上海商銀,41,0,41,元大-南京,2024-07-17,9862
6449,鈺邦,73,33,40,元大-南京,2024-07-17,9862
2356,英業達,52,16,36,元大-南京,2024-07-17,9862
5213,亞昕,45,11,34,元大-南京,2024-07-17,9862
00905,FT臺灣Smart,34,0,34,元大-南京,2024-07-17,9862
2515,中工,37,4,33,元大-南京,2024-07-17,9862
2228,劍麟,33,0,33,元大-南京,2024-07-17,9862
00715L,期街口布蘭特正2,32,0,32,元大-南京,2024-07-17,9862
6415,矽力*-KY,31,0,31,元大-南京,2024-07-17,9862
2330,台積電,44,14,30,元大-南京,2024-07-17,9862
2002,中鋼,33,3,30,元大-南京,2024-07-17,9862
0050,元大台灣50,31,2,29,元大-南京,2024-07-17,9862
6187,萬潤,27,0,27,元大-南京,2024-07-17,9862
00650L,復華香港正2,85,58,27,元大-南京,2024-07-17,9862
2543,皇昌,51,24,27,元大-南京,2024-07-17,9862
2449,京元電子,32,6,26,元大-南京,2024-07-17,9862
1612,宏泰,37,11,26,元大-南京,2024-07-17,9862
3055,蔚華科,26,0,26,元大-南京,2024-07-17,9862
2542,興富發,58,32,26,元大-南京,2024-07-17,9862
1460,宏遠,25,0,25,元大-南京,2024-07-17,9862
2834,臺企銀,26,2,24,元大-南京,2024-07-17,9862
9946,三發地產,23,0,23,元大-南京,2024-07-17,9862
8436,大江,23,0,23,元大-南京,2024-07-17,9862
00948B,中信優息投資級債,23,0,23,元大-南京,2024-07-17,9862
00933B,國泰10Y+金融債,23,0,23,元大-南京,2024-07-17,9862
00720B,元大投資級公司債,28,5,23,元大-南京,2024-07-17,9862
00878,國泰永續高股息,37,14,23,元大-南京,2024-07-17,9862
3035,智原,27,5,22,元大-南京,2024-07-17,9862
2889,國票金,22,0,22,元大-南京,2024-07-17,9862
006208,富邦台50,22,1,21,元大-南京,2024-07-17,9862
5289,宜鼎,22,1,21,元大-南京,2024-07-17,9862
00830,國泰費城半導體,20,0,20,元大-南京,2024-07-17,9862
2330,台積電,901,29,872,元大-南京,2024-07-18,9862
9907,統一實,200,4,196,元大-南京,2024-07-18,9862
2884,玉山金,139,22,117,元大-南京,2024-07-18,9862
00919,群益台灣精選高息,109,12,97,元大-南京,2024-07-18,9862
00878,國泰永續高股息,108,15,93,元大-南京,2024-07-18,9862
00891,中信關鍵半導體,88,7,81,元大-南京,2024-07-18,9862
0056,元大高股息,108,36,72,元大-南京,2024-07-18,9862
1402,遠東新,69,2,67,元大-南京,2024-07-18,9862
00946,群益科技高息成長,97,30,67,元大-南京,2024-07-18,9862
5213,亞昕,73,7,66,元大-南京,2024-07-18,9862
3189,景碩,80,18,62,元大-南京,2024-07-18,9862
2387,精元,60,2,58,元大-南京,2024-07-18,9862
00937B,群益ESG投等債20,61,7,54,元大-南京,2024-07-18,9862
00687B,國泰20年美債,59,7,52,元大-南京,2024-07-18,9862
00713,元大台灣高息低波,53,2,51,元大-南京,2024-07-18,9862
2355,敬鵬,51,0,51,元大-南京,2024-07-18,9862
00664R,國泰臺灣加權反1,60,10,50,元大-南京,2024-07-18,9862
2371,大同,51,6,45,元大-南京,2024-07-18,9862
1584,精剛,56,18,38,元大-南京,2024-07-18,9862
3035,智原,48,11,37,元大-南京,2024-07-18,9862
00927,群益半導體收益,45,10,35,元大-南京,2024-07-18,9862
2891,中信金,42,7,35,元大-南京,2024-07-18,9862
9946,三發地產,34,0,34,元大-南京,2024-07-18,9862
00923,群益台ESG低碳50,32,0,32,元大-南京,2024-07-18,9862
00881,國泰台灣5G+,32,2,30,元大-南京,2024-07-18,9862
2382,廣達,42,12,30,元大-南京,2024-07-18,9862
1310,台苯,30,0,30,元大-南京,2024-07-18,9862
006208,富邦台50,29,0,29,元大-南京,2024-07-18,9862
2356,英業達,46,17,29,元大-南京,2024-07-18,9862
3163,波若威,82,53,29,元大-南京,2024-07-18,9862
2610,華航,42,15,27,元大-南京,2024-07-18,9862
3406,玉晶光,27,1,26,元大-南京,2024-07-18,9862
2489,瑞軒,64,38,26,元大-南京,2024-07-18,9862
1612,宏泰,26,0,26,元大-南京,2024-07-18,9862
00692,富邦公司治理,32,6,26,元大-南京,2024-07-18,9862
1609,大亞,38,13,25,元大-南京,2024-07-18,9862
8433,弘帆,25,0,25,元大-南京,2024-07-18,9862
0050,元大台灣50,29,5,24,元大-南京,2024-07-18,9862
2633,台灣高鐵,27,3,24,元大-南京,2024-07-18,9862
3037,欣興,103,79,24,元大-南京,2024-07-18,9862
00669R,國泰美國道瓊反1,23,0,23,元大-南京,2024-07-18,9862
2399,映泰,22,0,22,元大-南京,2024-07-18,9862
00673R,期元大S＆P原油反1,20,0,20,元大-南京,2024-07-18,9862
6546,正基,20,0,20,元大-南京,2024-07-18,9862
3234,光環,20,0,20,元大-南京,2024-07-18,9862
00830,國泰費城半導體,61,41,20,元大-南京,2024-07-18,9862
00936,台新永續高息中小,20,1,19,元大-南京,2024-07-18,9862
3689,湧德,34,16,18,元大-南京,2024-07-18,9862
4952,凌通,22,4,18,元大-南京,2024-07-18,9862
3583,辛耘,20,3,17,元大-南京,2024-07-18,9862
00632R,元大台灣50反1,667,62,605,元大-南京,2024-07-19,9862
2534,宏盛,440,2,438,元大-南京,2024-07-19,9862
00688L,國泰20年美債正2,206,0,206,元大-南京,2024-07-19,9862
00680L,元大美債20正2,200,0,200,元大-南京,2024-07-19,9862
00929,復華台灣科技優息,136,18,118,元大-南京,2024-07-19,9862
0056,元大高股息,145,27,118,元大-南京,2024-07-19,9862
2603,長榮,120,2,118,元大-南京,2024-07-19,9862
4906,正文,129,22,107,元大-南京,2024-07-19,9862
8089,康全電訊,107,0,107,元大-南京,2024-07-19,9862
00919,群益台灣精選高息,138,32,106,元大-南京,2024-07-19,9862
2014,中鴻,102,0,102,元大-南京,2024-07-19,9862
2801,彰銀,100,1,99,元大-南京,2024-07-19,9862
3339,泰谷,108,18,90,元大-南京,2024-07-19,9862
00878,國泰永續高股息,80,10,70,元大-南京,2024-07-19,9862
00724B,群益投資級金融債,60,0,60,元大-南京,2024-07-19,9862
2834,臺企銀,57,0,57,元大-南京,2024-07-19,9862
2332,友訊,50,0,50,元大-南京,2024-07-19,9862
2891,中信金,60,18,42,元大-南京,2024-07-19,9862
00830,國泰費城半導體,58,18,40,元大-南京,2024-07-19,9862
2387,精元,40,0,40,元大-南京,2024-07-19,9862
2850,新產,40,0,40,元大-南京,2024-07-19,9862
1785,光洋科,81,41,40,元大-南京,2024-07-19,9862
2474,可成,40,2,38,元大-南京,2024-07-19,9862
00918,大華優利高填息30,41,4,37,元大-南京,2024-07-19,9862
3576,聯合再生,35,0,35,元大-南京,2024-07-19,9862
3689,湧德,41,9,32,元大-南京,2024-07-19,9862
1314,中石化,32,0,32,元大-南京,2024-07-19,9862
2365,昆盈,144,112,32,元大-南京,2024-07-19,9862
4916,事欣科,54,23,31,元大-南京,2024-07-19,9862
006208,富邦台50,32,1,31,元大-南京,2024-07-19,9862
00946,群益科技高息成長,71,41,30,元大-南京,2024-07-19,9862
00713,元大台灣高息低波,29,1,28,元大-南京,2024-07-19,9862
00665L,富邦�琤肭磪囓�2,47,20,27,元大-南京,2024-07-19,9862
4952,凌通,26,0,26,元大-南京,2024-07-19,9862
00936,台新永續高息中小,25,0,25,元大-南京,2024-07-19,9862
3491,昇達科,31,6,25,元大-南京,2024-07-19,9862
1709,和益,50,25,25,元大-南京,2024-07-19,9862
3711,日月光投控,25,1,24,元大-南京,2024-07-19,9862
1310,台苯,32,8,24,元大-南京,2024-07-19,9862
1304,台聚,40,17,23,元大-南京,2024-07-19,9862
00934,中信成長高股息,30,8,22,元大-南京,2024-07-19,9862
2489,瑞軒,32,11,21,元大-南京,2024-07-19,9862
2388,威盛,23,2,21,元大-南京,2024-07-19,9862
2356,英業達,36,15,21,元大-南京,2024-07-19,9862
1731,美吾華,20,0,20,元大-南京,2024-07-19,9862
00715L,期街口布蘭特正2,20,0,20,元大-南京,2024-07-19,9862
1102,亞泥,23,4,19,元大-南京,2024-07-19,9862
3052,夆典,20,1,19,元大-南京,2024-07-19,9862
1802,台玻,19,0,19,元大-南京,2024-07-19,9862
00650L,復華香港正2,19,0,19,元大-南京,2024-07-19,9862
00929,復華台灣科技優息,321,30,291,元大-南京,2024-07-22,9862
00664R,國泰臺灣加權反1,210,5,205,元大-南京,2024-07-22,9862
4414,如興,180,0,180,元大-南京,2024-07-22,9862
00878,國泰永續高股息,144,18,126,元大-南京,2024-07-22,9862
00940,元大台灣價值高息,240,123,117,元大-南京,2024-07-22,9862
00919,群益台灣精選高息,186,74,112,元大-南京,2024-07-22,9862
2603,長榮,119,15,104,元大-南京,2024-07-22,9862
0056,元大高股息,193,91,102,元大-南京,2024-07-22,9862
2801,彰銀,105,4,101,元大-南京,2024-07-22,9862
9105,泰金寶-DR,98,10,88,元大-南京,2024-07-22,9862
8936,國統,123,36,87,元大-南京,2024-07-22,9862
2303,聯電,80,17,63,元大-南京,2024-07-22,9862
2610,華航,68,8,60,元大-南京,2024-07-22,9862
1711,永光,53,0,53,元大-南京,2024-07-22,9862
1815,富喬,50,0,50,元大-南京,2024-07-22,9862
00715L,期街口布蘭特正2,41,0,41,元大-南京,2024-07-22,9862
00946,群益科技高息成長,47,10,37,元大-南京,2024-07-22,9862
00918,大華優利高填息30,46,10,36,元大-南京,2024-07-22,9862
5512,力麒,39,4,35,元大-南京,2024-07-22,9862
00795B,中信美國公債20年,30,0,30,元大-南京,2024-07-22,9862
2606,裕民,30,0,30,元大-南京,2024-07-22,9862
2414,精技,30,0,30,元大-南京,2024-07-22,9862
006208,富邦台50,29,1,28,元大-南京,2024-07-22,9862
2344,華邦電,29,1,28,元大-南京,2024-07-22,9862
3715,定穎投控,31,6,25,元大-南京,2024-07-22,9862
00631L,元大台灣50正2,30,6,24,元大-南京,2024-07-22,9862
2323,中環,23,0,23,元大-南京,2024-07-22,9862
00722B,群益投資級電信債,22,0,22,元大-南京,2024-07-22,9862
2534,宏盛,22,0,22,元大-南京,2024-07-22,9862
00936,台新永續高息中小,22,0,22,元大-南京,2024-07-22,9862
4105,東洋,21,0,21,元大-南京,2024-07-22,9862
2352,佳世達,21,0,21,元大-南京,2024-07-22,9862
2254,巨鎧精密-創,20,0,20,元大-南京,2024-07-22,9862
2505,國揚,20,0,20,元大-南京,2024-07-22,9862
6190,萬泰科,20,0,20,元大-南京,2024-07-22,9862
2382,廣達,26,6,20,元大-南京,2024-07-22,9862
1513,中興電,42,23,19,元大-南京,2024-07-22,9862
00934,中信成長高股息,50,31,19,元大-南京,2024-07-22,9862
8433,弘帆,19,0,19,元大-南京,2024-07-22,9862
1503,士電,23,6,17,元大-南京,2024-07-22,9862
4123,晟德,18,1,17,元大-南京,2024-07-22,9862
2609,陽明,31,14,17,元大-南京,2024-07-22,9862
6282,康舒,16,0,16,元大-南京,2024-07-22,9862
5345,天揚,16,0,16,元大-南京,2024-07-22,9862
2405,輔信,19,3,16,元大-南京,2024-07-22,9862
2317,鴻海,117,102,15,元大-南京,2024-07-22,9862
3380,明泰,15,0,15,元大-南京,2024-07-22,9862
2308,台達電,20,6,14,元大-南京,2024-07-22,9862
00947,台新臺灣IC設計,15,0,15,元大-南京,2024-07-22,9862
8473,山林水,156,142,14,元大-南京,2024-07-22,9862
00937B,群益ESG投等債20,499,2,497,元大-南京,2024-07-23,9862
00720B,元大投資級公司債,235,0,235,元大-南京,2024-07-23,9862
3211,順達,222,9,213,元大-南京,2024-07-23,9862
00918,大華優利高填息30,137,3,134,元大-南京,2024-07-23,9862
00679B,元大美債20年,409,278,131,元大-南京,2024-07-23,9862
00948B,中信優息投資級債,100,0,100,元大-南京,2024-07-23,9862
00664R,國泰臺灣加權反1,110,20,90,元大-南京,2024-07-23,9862
3481,群創,117,36,81,元大-南京,2024-07-23,9862
00830,國泰費城半導體,83,5,78,元大-南京,2024-07-23,9862
00929,復華台灣科技優息,106,34,72,元大-南京,2024-07-23,9862
3189,景碩,82,20,62,元大-南京,2024-07-23,9862
00946,群益科技高息成長,59,0,59,元大-南京,2024-07-23,9862
2408,南亞科,54,0,54,元大-南京,2024-07-23,9862
00927,群益半導體收益,54,1,53,元大-南京,2024-07-23,9862
00751B,元大AAA至A公司債,61,12,49,元大-南京,2024-07-23,9862
0056,元大高股息,54,10,44,元大-南京,2024-07-23,9862
2476,鉅祥,45,2,43,元大-南京,2024-07-23,9862
2303,聯電,57,15,42,元大-南京,2024-07-23,9862
3339,泰谷,40,0,40,元大-南京,2024-07-23,9862
5519,隆大,54,15,39,元大-南京,2024-07-23,9862
6901,鑽石投資,55,17,38,元大-南京,2024-07-23,9862
1785,光洋科,74,36,38,元大-南京,2024-07-23,9862
00687B,國泰20年美債,39,4,35,元大-南京,2024-07-23,9862
00715L,期街口布蘭特正2,31,0,31,元大-南京,2024-07-23,9862
2867,三商壽,30,0,30,元大-南京,2024-07-23,9862
2356,英業達,37,7,30,元大-南京,2024-07-23,9862
3712,永崴投控,31,1,30,元大-南京,2024-07-23,9862
2409,友達,44,14,30,元大-南京,2024-07-23,9862
8936,國統,31,2,29,元大-南京,2024-07-23,9862
2812,台中銀,34,5,29,元大-南京,2024-07-23,9862
5512,力麒,83,56,27,元大-南京,2024-07-23,9862
00878,國泰永續高股息,29,6,23,元大-南京,2024-07-23,9862
4128,中天,48,25,23,元大-南京,2024-07-23,9862
5213,亞昕,52,29,23,元大-南京,2024-07-23,9862
00891,中信關鍵半導體,24,2,22,元大-南京,2024-07-23,9862
2897,王道銀行,22,0,22,元大-南京,2024-07-23,9862
1722,台肥,32,10,22,元大-南京,2024-07-23,9862
6603,富強鑫,20,0,20,元大-南京,2024-07-23,9862
3038,全台,20,0,20,元大-南京,2024-07-23,9862
00795B,中信美國公債20年,20,0,20,元大-南京,2024-07-23,9862
00919,群益台灣精選高息,71,51,20,元大-南京,2024-07-23,9862
1449,佳和,20,1,19,元大-南京,2024-07-23,9862
1102,亞泥,20,2,18,元大-南京,2024-07-23,9862
3231,緯創,24,7,17,元大-南京,2024-07-23,9862
1304,台聚,29,12,17,元大-南京,2024-07-23,9862
5522,遠雄,17,0,17,元大-南京,2024-07-23,9862
3711,日月光投控,30,14,16,元大-南京,2024-07-23,9862
2489,瑞軒,35,19,16,元大-南京,2024-07-23,9862
9928,中視,15,0,15,元大-南京,2024-07-23,9862
1708,東鹼,14,0,14,元大-南京,2024-07-23,9862
2344,華邦電,512,0,512,元大-南京,2024-07-26,9862
00664R,國泰臺灣加權反1,300,10,290,元大-南京,2024-07-26,9862
00632R,元大台灣50反1,405,175,230,元大-南京,2024-07-26,9862
00948B,中信優息投資級債,222,0,222,元大-南京,2024-07-26,9862
2888,新光金,201,12,189,元大-南京,2024-07-26,9862
00940,元大台灣價值高息,212,40,172,元大-南京,2024-07-26,9862
0056,元大高股息,172,15,157,元大-南京,2024-07-26,9862
2330,台積電,188,35,153,元大-南京,2024-07-26,9862
00919,群益台灣精選高息,149,1,148,元大-南京,2024-07-26,9862
00680L,元大美債20正2,124,0,124,元大-南京,2024-07-26,9862
2301,光寶科,116,9,107,元大-南京,2024-07-26,9862
00946,群益科技高息成長,111,10,101,元大-南京,2024-07-26,9862
00929,復華台灣科技優息,139,52,87,元大-南京,2024-07-26,9862
00751B,元大AAA至A公司債,89,3,86,元大-南京,2024-07-26,9862
2618,長榮航,110,24,86,元大-南京,2024-07-26,9862
00688L,國泰20年美債正2,83,0,83,元大-南京,2024-07-26,9862
2884,玉山金,92,26,66,元大-南京,2024-07-26,9862
00665L,富邦�琤肭磪囓�2,63,0,63,元大-南京,2024-07-26,9862
2303,聯電,71,17,54,元大-南京,2024-07-26,9862
1712,興農,60,6,54,元大-南京,2024-07-26,9862
00725B,國泰投資級公司債,53,0,53,元大-南京,2024-07-26,9862
006208,富邦台50,57,6,51,元大-南京,2024-07-26,9862
2834,臺企銀,58,8,50,元大-南京,2024-07-26,9862
00795B,中信美國公債20年,50,0,50,元大-南京,2024-07-26,9862
1313,聯成,50,2,48,元大-南京,2024-07-26,9862
00878,國泰永續高股息,116,71,45,元大-南京,2024-07-26,9862
2317,鴻海,86,41,45,元大-南京,2024-07-26,9862
3211,順達,54,10,44,元大-南京,2024-07-26,9862
0050,元大台灣50,46,4,42,元大-南京,2024-07-26,9862
00650L,復華香港正2,42,1,41,元大-南京,2024-07-26,9862
1460,宏遠,40,0,40,元大-南京,2024-07-26,9862
3036,文曄,41,2,39,元大-南京,2024-07-26,9862
1540,喬福,58,22,36,元大-南京,2024-07-26,9862
5519,隆大,37,2,35,元大-南京,2024-07-26,9862
6901,鑽石投資,36,4,32,元大-南京,2024-07-26,9862
2254,巨鎧精密-創,30,0,30,元大-南京,2024-07-26,9862
00937B,群益ESG投等債20,59,30,29,元大-南京,2024-07-26,9862
3702A,大聯大甲特,30,1,29,元大-南京,2024-07-26,9862
2486,一詮,30,3,27,元大-南京,2024-07-26,9862
8433,弘帆,25,0,25,元大-南京,2024-07-26,9862
3013,晟銘電,35,11,24,元大-南京,2024-07-26,9862
00949,復華日本龍頭,24,0,24,元大-南京,2024-07-26,9862
00687B,國泰20年美債,51,28,23,元大-南京,2024-07-26,9862
00939,統一台灣高息動能,23,0,23,元大-南京,2024-07-26,9862
1229,聯華,25,2,23,元大-南京,2024-07-26,9862
9105,泰金寶-DR,38,15,23,元大-南京,2024-07-26,9862
3711,日月光投控,23,0,23,元大-南京,2024-07-26,9862
2204,中華,22,0,22,元大-南京,2024-07-26,9862
00633L,富邦上証正2,22,0,22,元大-南京,2024-07-26,9862
00951,台新日本半導體,22,0,22,元大-南京,2024-07-26,9862
2534,宏盛,353,15,338,元大-南京,2024-07-29,9862
00664R,國泰臺灣加權反1,225,10,215,元大-南京,2024-07-29,9862
00679B,元大美債20年,144,11,133,元大-南京,2024-07-29,9862
0056,元大高股息,123,9,114,元大-南京,2024-07-29,9862
9105,泰金寶-DR,111,6,105,元大-南京,2024-07-29,9862
00940,元大台灣價值高息,152,51,101,元大-南京,2024-07-29,9862
00946,群益科技高息成長,80,0,80,元大-南京,2024-07-29,9862
00929,復華台灣科技優息,114,45,69,元大-南京,2024-07-29,9862
2481,強茂,73,7,66,元大-南京,2024-07-29,9862
00720B,元大投資級公司債,67,5,62,元大-南京,2024-07-29,9862
2891,中信金,60,4,56,元大-南京,2024-07-29,9862
6603,富強鑫,50,0,50,元大-南京,2024-07-29,9862
8110,華東,47,0,47,元大-南京,2024-07-29,9862
00919,群益台灣精選高息,49,7,42,元大-南京,2024-07-29,9862
3673,TPK-KY,46,4,42,元大-南京,2024-07-29,9862
2486,一詮,43,3,40,元大-南京,2024-07-29,9862
2356,英業達,55,17,38,元大-南京,2024-07-29,9862
2489,瑞軒,41,5,36,元大-南京,2024-07-29,9862
2888,新光金,68,33,35,元大-南京,2024-07-29,9862
00918,大華優利高填息30,34,0,34,元大-南京,2024-07-29,9862
00715L,期街口布蘭特正2,31,0,31,元大-南京,2024-07-29,9862
5880,合庫金,39,9,30,元大-南京,2024-07-29,9862
9907,統一實,30,0,30,元大-南京,2024-07-29,9862
2371,大同,37,9,28,元大-南京,2024-07-29,9862
2365,昆盈,38,14,24,元大-南京,2024-07-29,9862
1513,中興電,36,14,22,元大-南京,2024-07-29,9862
2409,友達,25,4,21,元大-南京,2024-07-29,9862
5519,隆大,24,4,20,元大-南京,2024-07-29,9862
3036,文曄,22,2,20,元大-南京,2024-07-29,9862
3038,全台,20,0,20,元大-南京,2024-07-29,9862
2254,巨鎧精密-創,20,0,20,元大-南京,2024-07-29,9862
2884,玉山金,20,0,20,元大-南京,2024-07-29,9862
3211,順達,36,17,19,元大-南京,2024-07-29,9862
2615,萬海,22,4,18,元大-南京,2024-07-29,9862
2399,映泰,25,7,18,元大-南京,2024-07-29,9862
3481,群創,47,31,16,元大-南京,2024-07-29,9862
0050,元大台灣50,21,6,15,元大-南京,2024-07-29,9862
2467,志聖,21,6,15,元大-南京,2024-07-29,9862
8916,光隆,15,0,15,元大-南京,2024-07-29,9862
4510,高鋒,15,0,15,元大-南京,2024-07-29,9862
6922,宸曜,15,0,15,元大-南京,2024-07-29,9862
6173,信昌電,14,0,14,元大-南京,2024-07-29,9862
1449,佳和,141,127,14,元大-南京,2024-07-29,9862
2367,燿華,15,1,14,元大-南京,2024-07-29,9862
8054,安國,29,16,13,元大-南京,2024-07-29,9862
2414,精技,13,0,13,元大-南京,2024-07-29,9862
2382,廣達,16,4,12,元大-南京,2024-07-29,9862
4114,健喬,12,0,12,元大-南京,2024-07-29,9862
2363,矽統,23,11,12,元大-南京,2024-07-29,9862
5009,榮剛,11,0,11,元大-南京,2024-07-29,9862
00664R,國泰臺灣加權反1,615,0,615,元大-南京,2024-07-30,9862
00940,元大台灣價值高息,239,41,198,元大-南京,2024-07-30,9862
2303,聯電,147,19,128,元大-南京,2024-07-30,9862
2101,南港,90,1,89,元大-南京,2024-07-30,9862
0056,元大高股息,89,19,70,元大-南京,2024-07-30,9862
2884,玉山金,65,2,63,元大-南京,2024-07-30,9862
2308,台達電,61,0,61,元大-南京,2024-07-30,9862
1712,興農,60,0,60,元大-南京,2024-07-30,9862
9906,欣巴巴,59,13,46,元大-南京,2024-07-30,9862
00715L,期街口布蘭特正2,43,0,43,元大-南京,2024-07-30,9862
1102,亞泥,40,0,40,元大-南京,2024-07-30,9862
2344,華邦電,41,4,37,元大-南京,2024-07-30,9862
2536,宏普,34,0,34,元大-南京,2024-07-30,9862
2486,一詮,49,15,34,元大-南京,2024-07-30,9862
2891,中信金,36,4,32,元大-南京,2024-07-30,9862
4526,東台,32,0,32,元大-南京,2024-07-30,9862
2409,友達,41,10,31,元大-南京,2024-07-30,9862
3702A,大聯大甲特,30,0,30,元大-南京,2024-07-30,9862
00673R,期元大S＆P原油反1,30,0,30,元大-南京,2024-07-30,9862
2801,彰銀,28,0,28,元大-南京,2024-07-30,9862
00946,群益科技高息成長,28,0,28,元大-南京,2024-07-30,9862
3481,群創,59,31,28,元大-南京,2024-07-30,9862
8916,光隆,27,0,27,元大-南京,2024-07-30,9862
2610,華航,30,4,26,元大-南京,2024-07-30,9862
00648R,元大S＆P500反1,25,0,25,元大-南京,2024-07-30,9862
2330,台積電,34,10,24,元大-南京,2024-07-30,9862
00882,中信中國高股息,24,0,24,元大-南京,2024-07-30,9862
2317,鴻海,48,24,24,元大-南京,2024-07-30,9862
00936,台新永續高息中小,22,0,22,元大-南京,2024-07-30,9862
3081,聯亞,21,0,21,元大-南京,2024-07-30,9862
3038,全台,20,0,20,元大-南京,2024-07-30,9862
2254,巨鎧精密-創,35,15,20,元大-南京,2024-07-30,9862
2363,矽統,28,8,20,元大-南京,2024-07-30,9862
00937B,群益ESG投等債20,29,10,19,元大-南京,2024-07-30,9862
3689,湧德,23,4,19,元大-南京,2024-07-30,9862
3231,緯創,26,8,18,元大-南京,2024-07-30,9862
00923,群益台ESG低碳50,24,6,18,元大-南京,2024-07-30,9862
3036,文曄,22,5,17,元大-南京,2024-07-30,9862
00929,復華台灣科技優息,187,171,16,元大-南京,2024-07-30,9862
8110,華東,15,0,15,元大-南京,2024-07-30,9862
3189,景碩,17,2,15,元大-南京,2024-07-30,9862
2020,美亞,13,0,13,元大-南京,2024-07-30,9862
2365,昆盈,26,13,13,元大-南京,2024-07-30,9862
2542,興富發,17,4,13,元大-南京,2024-07-30,9862
00725B,國泰投資級公司債,13,0,13,元大-南京,2024-07-30,9862
2338,光罩,15,3,12,元大-南京,2024-07-30,9862
2379,瑞昱,25,13,12,元大-南京,2024-07-30,9862
2408,南亞科,12,0,12,元大-南京,2024-07-30,9862
0050,元大台灣50,13,1,12,元大-南京,2024-07-30,9862
5871,中租-KY,12,1,11,元大-南京,2024-07-30,9862
3481,群創,215,73,142,元大-南京,2024-07-31,9862
00937B,群益ESG投等債20,129,10,119,元大-南京,2024-07-31,9862
2534,宏盛,326,215,111,元大-南京,2024-07-31,9862
00891,中信關鍵半導體,102,0,102,元大-南京,2024-07-31,9862
00687B,國泰20年美債,114,25,89,元大-南京,2024-07-31,9862
00632R,元大台灣50反1,624,567,57,元大-南京,2024-07-31,9862
2385,群光,50,0,50,元大-南京,2024-07-31,9862
6133,金橋,50,0,50,元大-南京,2024-07-31,9862
00929,復華台灣科技優息,55,8,47,元大-南京,2024-07-31,9862
00878,國泰永續高股息,51,4,47,元大-南京,2024-07-31,9862
6187,萬潤,55,11,44,元大-南京,2024-07-31,9862
2330,台積電,46,6,40,元大-南京,2024-07-31,9862
4909,新復興,33,1,32,元大-南京,2024-07-31,9862
2317,鴻海,63,32,31,元大-南京,2024-07-31,9862
00922,國泰台灣領袖50,30,0,30,元大-南京,2024-07-31,9862
2530,華建,41,11,30,元大-南京,2024-07-31,9862
00795B,中信美國公債20年,40,10,30,元大-南京,2024-07-31,9862
2409,友達,32,3,29,元大-南京,2024-07-31,9862
6177,達麗,37,11,26,元大-南京,2024-07-31,9862
00888,永豐台灣ESG,25,0,25,元大-南京,2024-07-31,9862
9906,欣巴巴,32,8,24,元大-南京,2024-07-31,9862
00751B,元大AAA至A公司債,21,0,21,元大-南京,2024-07-31,9862
00830,國泰費城半導體,25,4,21,元大-南京,2024-07-31,9862
00946,群益科技高息成長,21,0,21,元大-南京,2024-07-31,9862
00857B,永豐20年美公債,20,0,20,元大-南京,2024-07-31,9862
2867,三商壽,20,0,20,元大-南京,2024-07-31,9862
4563,百德,20,0,20,元大-南京,2024-07-31,9862
00680L,元大美債20正2,24,4,20,元大-南京,2024-07-31,9862
3231,緯創,34,15,19,元大-南京,2024-07-31,9862
00951,台新日本半導體,18,0,18,元大-南京,2024-07-31,9862
2254,巨鎧精密-創,18,0,18,元大-南京,2024-07-31,9862
3105,穩懋,18,1,17,元大-南京,2024-07-31,9862
3535,晶彩科,18,1,17,元大-南京,2024-07-31,9862
2891,中信金,19,4,15,元大-南京,2024-07-31,9862
00671R,富邦NASDAQ反1,15,0,15,元大-南京,2024-07-31,9862
8996,高力,15,0,15,元大-南京,2024-07-31,9862
4526,東台,22,8,14,元大-南京,2024-07-31,9862
00773B,中信優先金融債,14,0,14,元大-南京,2024-07-31,9862
0050,元大台灣50,15,1,14,元大-南京,2024-07-31,9862
2884,玉山金,17,4,13,元大-南京,2024-07-31,9862
3037,欣興,19,6,13,元大-南京,2024-07-31,9862
2883,凱基金,20,7,13,元大-南京,2024-07-31,9862
2382,廣達,17,4,13,元大-南京,2024-07-31,9862
2489,瑞軒,18,6,12,元大-南京,2024-07-31,9862
3234,光環,12,0,12,元大-南京,2024-07-31,9862
5512,力麒,18,6,12,元大-南京,2024-07-31,9862
00712,復華富時不動產,12,0,12,元大-南京,2024-07-31,9862
6873,泓德能源,12,0,12,元大-南京,2024-07-31,9862
3188,鑫龍騰,13,2,11,元大-南京,2024-07-31,9862
3211,順達,11,0,11,元大-南京,2024-07-31,9862
00679B,元大美債20年,446,259,187,元大-南京,2024-08-01,9862
00878,國泰永續高股息,174,0,174,元大-南京,2024-08-01,9862
00929,復華台灣科技優息,157,37,120,元大-南京,2024-08-01,9862
00650L,復華香港正2,140,20,120,元大-南京,2024-08-01,9862
00680L,元大美債20正2,104,1,103,元大-南京,2024-08-01,9862
00927,群益半導體收益,103,5,98,元大-南京,2024-08-01,9862
00934,中信成長高股息,66,2,64,元大-南京,2024-08-01,9862
00688L,國泰20年美債正2,60,0,60,元大-南京,2024-08-01,9862
3231,緯創,121,69,52,元大-南京,2024-08-01,9862
2609,陽明,88,48,40,元大-南京,2024-08-01,9862
3047,訊舟,51,16,35,元大-南京,2024-08-01,9862
1806,冠軍,45,14,31,元大-南京,2024-08-01,9862
2527,宏璟,39,12,27,元大-南京,2024-08-01,9862
00946,群益科技高息成長,24,0,24,元大-南京,2024-08-01,9862
00795B,中信美國公債20年,26,3,23,元大-南京,2024-08-01,9862
2308,台達電,52,30,22,元大-南京,2024-08-01,9862
2897,王道銀行,22,0,22,元大-南京,2024-08-01,9862
00937B,群益ESG投等債20,24,4,20,元大-南京,2024-08-01,9862
00685L,群益臺灣加權正2,23,3,20,元大-南京,2024-08-01,9862
2498,宏達電,21,1,20,元大-南京,2024-08-01,9862
2393,億光,26,6,20,元大-南京,2024-08-01,9862
00751B,元大AAA至A公司債,19,0,19,元大-南京,2024-08-01,9862
00949,復華日本龍頭,18,0,18,元大-南京,2024-08-01,9862
1216,統一,29,11,18,元大-南京,2024-08-01,9862
6160,欣技,21,3,18,元大-南京,2024-08-01,9862
00693U,期街口S＆P黃豆,17,0,17,元大-南京,2024-08-01,9862
2363,矽統,45,29,16,元大-南京,2024-08-01,9862
2882,國泰金,21,6,15,元大-南京,2024-08-01,9862
1503,士電,17,2,15,元大-南京,2024-08-01,9862
00670L,富邦NASDAQ正2,13,0,13,元大-南京,2024-08-01,9862
3491,昇達科,14,1,13,元大-南京,2024-08-01,9862
6197,佳必琪,25,12,13,元大-南京,2024-08-01,9862
00687B,國泰20年美債,46,33,13,元大-南京,2024-08-01,9862
2317,鴻海,37,24,13,元大-南京,2024-08-01,9862
2881,富邦金,12,0,12,元大-南京,2024-08-01,9862
00904,新光臺灣半導體30,12,0,12,元大-南京,2024-08-01,9862
6546,正基,19,7,12,元大-南京,2024-08-01,9862
2344,華邦電,14,2,12,元大-南京,2024-08-01,9862
00881,國泰台灣5G+,11,0,11,元大-南京,2024-08-01,9862
2408,南亞科,13,2,11,元大-南京,2024-08-01,9862
6133,金橋,11,0,11,元大-南京,2024-08-01,9862
2515,中工,15,4,11,元大-南京,2024-08-01,9862
4188,安克,10,0,10,元大-南京,2024-08-01,9862
1506,正道,10,0,10,元大-南京,2024-08-01,9862
00671R,富邦NASDAQ反1,10,0,10,元大-南京,2024-08-01,9862
00665L,富邦�琤肭磪囓�2,10,0,10,元大-南京,2024-08-01,9862
2323,中環,10,0,10,元大-南京,2024-08-01,9862
2431,聯昌,10,0,10,元大-南京,2024-08-01,9862
1454,台富,10,0,10,元大-南京,2024-08-01,9862
2486,一詮,24,14,10,元大-南京,2024-08-01,9862
00671R,富邦NASDAQ反1,450,50,400,元大-南京,2024-08-02,9862
00940,元大台灣價值高息,342,51,291,元大-南京,2024-08-02,9862
006208,富邦台50,297,15,282,元大-南京,2024-08-02,9862
00795B,中信美國公債20年,241,1,240,元大-南京,2024-08-02,9862
2534,宏盛,180,6,174,元大-南京,2024-08-02,9862
00929,復華台灣科技優息,184,19,165,元大-南京,2024-08-02,9862
2317,鴻海,192,55,137,元大-南京,2024-08-02,9862
0056,元大高股息,140,10,130,元大-南京,2024-08-02,9862
2330,台積電,136,15,121,元大-南京,2024-08-02,9862
00919,群益台灣精選高息,128,11,117,元大-南京,2024-08-02,9862
00937B,群益ESG投等債20,171,56,115,元大-南京,2024-08-02,9862
00878,國泰永續高股息,251,147,104,元大-南京,2024-08-02,9862
00679B,元大美債20年,181,104,77,元大-南京,2024-08-02,9862
3037,欣興,77,1,76,元大-南京,2024-08-02,9862
1528,恩德,57,2,55,元大-南京,2024-08-02,9862
00932,兆豐永續高息等權,54,0,54,元大-南京,2024-08-02,9862
2891,中信金,67,18,49,元大-南京,2024-08-02,9862
0050,元大台灣50,60,14,46,元大-南京,2024-08-02,9862
2351,順德,45,0,45,元大-南京,2024-08-02,9862
3526,凡甲,45,1,44,元大-南京,2024-08-02,9862
3689,湧德,43,0,43,元大-南京,2024-08-02,9862
00881,國泰台灣5G+,45,3,42,元大-南京,2024-08-02,9862
2885,元大金,50,10,40,元大-南京,2024-08-02,9862
2888,新光金,87,48,39,元大-南京,2024-08-02,9862
00949,復華日本龍頭,39,2,37,元大-南京,2024-08-02,9862
2492,華新科,51,19,32,元大-南京,2024-08-02,9862
2634,漢翔,29,0,29,元大-南京,2024-08-02,9862
3702A,大聯大甲特,30,1,29,元大-南京,2024-08-02,9862
00631L,元大台灣50正2,42,15,27,元大-南京,2024-08-02,9862
2892,第一金,24,0,24,元大-南京,2024-08-02,9862
6546,正基,24,0,24,元大-南京,2024-08-02,9862
00637L,元大滬深300正2,24,0,24,元大-南京,2024-08-02,9862
6770,力積電,24,1,23,元大-南京,2024-08-02,9862
3017,奇鋐,31,9,22,元大-南京,2024-08-02,9862
2884,玉山金,22,0,22,元大-南京,2024-08-02,9862
2867,三商壽,22,0,22,元大-南京,2024-08-02,9862
3481,群創,46,25,21,元大-南京,2024-08-02,9862
2337,旺宏,27,6,21,元大-南京,2024-08-02,9862
00885,富邦越南,21,0,21,元大-南京,2024-08-02,9862
00941,中信上游半導體,23,3,20,元大-南京,2024-08-02,9862
00892,富邦台灣半導體,20,0,20,元大-南京,2024-08-02,9862
00731,復華富時高息低波,21,1,20,元大-南京,2024-08-02,9862
00915,凱基優選高股息30,21,1,20,元大-南京,2024-08-02,9862
00665L,富邦�琤肭磪囓�2,19,0,19,元大-南京,2024-08-02,9862
5871,中租-KY,19,0,19,元大-南京,2024-08-02,9862
9945,潤泰新,22,3,19,元大-南京,2024-08-02,9862
00751B,元大AAA至A公司債,39,20,19,元大-南京,2024-08-02,9862
00951,台新日本半導體,19,0,19,元大-南京,2024-08-02,9862
2501,國建,26,8,18,元大-南京,2024-08-02,9862
00753L,中信中國50正2,18,0,18,元大-南京,2024-08-02,9862
00940,元大台灣價值高息,1511,176,1335,元大-南京,2024-08-05,9862
00929,復華台灣科技優息,972,41,931,元大-南京,2024-08-05,9862
00679B,元大美債20年,885,76,809,元大-南京,2024-08-05,9862
2888,新光金,668,90,578,元大-南京,2024-08-05,9862
00664R,國泰臺灣加權反1,1200,750,450,元大-南京,2024-08-05,9862
00878,國泰永續高股息,331,25,306,元大-南京,2024-08-05,9862
00946,群益科技高息成長,233,0,233,元大-南京,2024-08-05,9862
00919,群益台灣精選高息,267,89,178,元大-南京,2024-08-05,9862
2201,裕隆,142,2,140,元大-南京,2024-08-05,9862
2330,台積電,186,59,127,元大-南京,2024-08-05,9862
0056,元大高股息,194,73,121,元大-南京,2024-08-05,9862
2303,聯電,176,92,84,元大-南京,2024-08-05,9862
3005,神基,69,1,68,元大-南京,2024-08-05,9862
00936,台新永續高息中小,68,0,68,元大-南京,2024-08-05,9862
00891,中信關鍵半導體,70,3,67,元大-南京,2024-08-05,9862
2409,友達,90,24,66,元大-南京,2024-08-05,9862
0050,元大台灣50,88,27,61,元大-南京,2024-08-05,9862
2834,臺企銀,78,18,60,元大-南京,2024-08-05,9862
2317,鴻海,146,87,59,元大-南京,2024-08-05,9862
1314,中石化,85,31,54,元大-南京,2024-08-05,9862
9105,泰金寶-DR,51,0,51,元大-南京,2024-08-05,9862
2520,冠德,64,16,48,元大-南京,2024-08-05,9862
8916,光隆,46,0,46,元大-南京,2024-08-05,9862
006208,富邦台50,77,31,46,元大-南京,2024-08-05,9862
00680L,元大美債20正2,278,233,45,元大-南京,2024-08-05,9862
2885,元大金,73,32,41,元大-南京,2024-08-05,9862
3036,文曄,42,1,41,元大-南京,2024-08-05,9862
3481,群創,75,35,40,元大-南京,2024-08-05,9862
2609,陽明,76,36,40,元大-南京,2024-08-05,9862
6271,同欣電,40,0,40,元大-南京,2024-08-05,9862
00949,復華日本龍頭,49,10,39,元大-南京,2024-08-05,9862
3037,欣興,71,32,39,元大-南京,2024-08-05,9862
1513,中興電,41,4,37,元大-南京,2024-08-05,9862
00918,大華優利高填息30,36,1,35,元大-南京,2024-08-05,9862
2337,旺宏,86,51,35,元大-南京,2024-08-05,9862
00675L,富邦臺灣加權正2,39,4,35,元大-南京,2024-08-05,9862
2313,華通,44,10,34,元大-南京,2024-08-05,9862
00631L,元大台灣50正2,50,17,33,元大-南京,2024-08-05,9862
8433,弘帆,33,0,33,元大-南京,2024-08-05,9862
2610,華航,37,6,31,元大-南京,2024-08-05,9862
2891,中信金,84,52,32,元大-南京,2024-08-05,9862
00881,國泰台灣5G+,45,14,31,元大-南京,2024-08-05,9862
00713,元大台灣高息低波,33,5,28,元大-南京,2024-08-05,9862
2354,鴻準,32,4,28,元大-南京,2024-08-05,9862
1711,永光,30,2,28,元大-南京,2024-08-05,9862
6741,91APP*-KY,28,0,28,元大-南京,2024-08-05,9862
2634,漢翔,32,6,26,元大-南京,2024-08-05,9862
2363,矽統,29,4,25,元大-南京,2024-08-05,9862
4123,晟德,25,0,25,元大-南京,2024-08-05,9862
00715L,期街口布蘭特正2,25,0,25,元大-南京,2024-08-05,9862
00940,元大台灣價值高息,428,143,285,元大-南京,2024-08-06,9862
9907,統一實,173,3,170,元大-南京,2024-08-06,9862
4927,泰鼎-KY,171,25,146,元大-南京,2024-08-06,9862
3029,零壹,129,4,125,元大-南京,2024-08-06,9862
3450,聯鈞,125,8,117,元大-南京,2024-08-06,9862
2317,鴻海,252,167,85,元大-南京,2024-08-06,9862
00936,台新永續高息中小,110,43,67,元大-南京,2024-08-06,9862
0056,元大高股息,91,31,60,元大-南京,2024-08-06,9862
00878,國泰永續高股息,142,89,53,元大-南京,2024-08-06,9862
2834,臺企銀,59,10,49,元大-南京,2024-08-06,9862
00631L,元大台灣50正2,63,20,43,元大-南京,2024-08-06,9862
8070,長華*,44,1,43,元大-南京,2024-08-06,9862
00751B,元大AAA至A公司債,67,24,43,元大-南京,2024-08-06,9862
00733,富邦臺灣中小,48,6,42,元大-南京,2024-08-06,9862
4127,天良,40,0,40,元大-南京,2024-08-06,9862
006208,富邦台50,64,27,37,元大-南京,2024-08-06,9862
2534,宏盛,37,0,37,元大-南京,2024-08-06,9862
00929,復華台灣科技優息,133,97,36,元大-南京,2024-08-06,9862
00830,國泰費城半導體,53,19,34,元大-南京,2024-08-06,9862
2882,國泰金,41,7,34,元大-南京,2024-08-06,9862
00942B,台新美A公司債20+,32,0,32,元大-南京,2024-08-06,9862
1304,台聚,33,2,31,元大-南京,2024-08-06,9862
5236,凌陽創新,31,0,31,元大-南京,2024-08-06,9862
2486,一詮,86,55,31,元大-南京,2024-08-06,9862
6207,雷科,31,0,31,元大-南京,2024-08-06,9862
2603,長榮,51,21,30,元大-南京,2024-08-06,9862
2520,冠德,34,4,30,元大-南京,2024-08-06,9862
1314,中石化,35,6,29,元大-南京,2024-08-06,9862
2809,京城銀,30,1,29,元大-南京,2024-08-06,9862
4933,友輝,25,0,25,元大-南京,2024-08-06,9862
1305,華夏,25,0,25,元大-南京,2024-08-06,9862
2409,友達,39,14,25,元大-南京,2024-08-06,9862
3715,定穎投控,28,6,22,元大-南京,2024-08-06,9862
3047,訊舟,24,2,22,元大-南京,2024-08-06,9862
00712,復華富時不動產,21,0,21,元大-南京,2024-08-06,9862
00948B,中信優息投資級債,21,0,21,元大-南京,2024-08-06,9862
00715L,期街口布蘭特正2,28,7,21,元大-南京,2024-08-06,9862
6016,康和證,35,14,21,元大-南京,2024-08-06,9862
2323,中環,21,0,21,元大-南京,2024-08-06,9862
2356,英業達,47,27,20,元大-南京,2024-08-06,9862
2506,太設,20,0,20,元大-南京,2024-08-06,9862
1711,永光,20,0,20,元大-南京,2024-08-06,9862
4510,高鋒,81,61,20,元大-南京,2024-08-06,9862
3689,湧德,20,0,20,元大-南京,2024-08-06,9862
8433,弘帆,17,0,17,元大-南京,2024-08-06,9862
2014,中鴻,16,0,16,元大-南京,2024-08-06,9862
00900,富邦特選高股息30,17,1,16,元大-南京,2024-08-06,9862
2542,興富發,27,12,15,元大-南京,2024-08-06,9862
4909,新復興,18,3,15,元大-南京,2024-08-06,9862
2634,漢翔,16,1,15,元大-南京,2024-08-06,9862
00632R,元大台灣50反1,322,85,237,元大-南京,2024-08-07,9862
00679B,元大美債20年,219,27,192,元大-南京,2024-08-07,9862
1513,中興電,187,11,176,元大-南京,2024-08-07,9862
00878,國泰永續高股息,157,29,128,元大-南京,2024-08-07,9862
00929,復華台灣科技優息,152,31,121,元大-南京,2024-08-07,9862
8936,國統,103,4,99,元大-南京,2024-08-07,9862
2317,鴻海,134,38,96,元大-南京,2024-08-07,9862
9934,成霖,82,0,82,元大-南京,2024-08-07,9862
00795B,中信美國公債20年,85,4,81,元大-南京,2024-08-07,9862
6116,彩晶,70,0,70,元大-南京,2024-08-07,9862
00688L,國泰20年美債正2,64,0,64,元大-南京,2024-08-07,9862
00830,國泰費城半導體,63,0,63,元大-南京,2024-08-07,9862
3711,日月光投控,68,11,57,元大-南京,2024-08-07,9862
4532,瑞智,58,2,56,元大-南京,2024-08-07,9862
2881,富邦金,52,3,49,元大-南京,2024-08-07,9862
00900,富邦特選高股息30,45,3,42,元大-南京,2024-08-07,9862
00882,中信中國高股息,41,0,41,元大-南京,2024-08-07,9862
0056,元大高股息,85,44,41,元大-南京,2024-08-07,9862
3450,聯鈞,35,1,34,元大-南京,2024-08-07,9862
2312,金寶,43,11,32,元大-南京,2024-08-07,9862
5880,合庫金,31,0,31,元大-南京,2024-08-07,9862
2362,藍天,33,2,31,元大-南京,2024-08-07,9862
3481,群創,43,13,30,元大-南京,2024-08-07,9862
6213,聯茂,46,17,29,元大-南京,2024-08-07,9862
00687B,國泰20年美債,155,129,26,元大-南京,2024-08-07,9862
3675,德微,26,0,26,元大-南京,2024-08-07,9862
00712,復華富時不動產,30,5,25,元大-南京,2024-08-07,9862
00919,群益台灣精選高息,53,29,24,元大-南京,2024-08-07,9862
2880,華南金,28,4,24,元大-南京,2024-08-07,9862
2409,友達,25,3,22,元大-南京,2024-08-07,9862
9105,泰金寶-DR,25,4,21,元大-南京,2024-08-07,9862
0050,元大台灣50,85,64,21,元大-南京,2024-08-07,9862
5512,力麒,20,0,20,元大-南京,2024-08-07,9862
5521,工信,20,0,20,元大-南京,2024-08-07,9862
2059,川湖,20,1,19,元大-南京,2024-08-07,9862
00637L,元大滬深300正2,20,1,19,元大-南京,2024-08-07,9862
2887,台新金,20,2,18,元大-南京,2024-08-07,9862
3545,敦泰,18,1,17,元大-南京,2024-08-07,9862
00947,台新臺灣IC設計,16,0,16,元大-南京,2024-08-07,9862
2328,廣宇,22,6,16,元大-南京,2024-08-07,9862
1532,勤美,15,0,15,元大-南京,2024-08-07,9862
2344,華邦電,24,9,15,元大-南京,2024-08-07,9862
00905,FT臺灣Smart,14,0,14,元大-南京,2024-08-07,9862
2387,精元,24,10,14,元大-南京,2024-08-07,9862
00918,大華優利高填息30,14,1,13,元大-南京,2024-08-07,9862
2355,敬鵬,13,0,13,元大-南京,2024-08-07,9862
00715L,期街口布蘭特正2,12,0,12,元大-南京,2024-08-07,9862
5902,德記,12,0,12,元大-南京,2024-08-07,9862
00881,國泰台灣5G+,14,3,11,元大-南京,2024-08-07,9862
2476,鉅祥,11,0,11,元大-南京,2024-08-07,9862
2883,凱基金,424,7,417,元大-南京,2024-08-08,9862
00937B,群益ESG投等債20,257,27,230,元大-南京,2024-08-08,9862
9934,成霖,228,0,228,元大-南京,2024-08-08,9862
00929,復華台灣科技優息,185,27,158,元大-南京,2024-08-08,9862
00680L,元大美債20正2,99,0,99,元大-南京,2024-08-08,9862
2031,新光鋼,110,11,99,元大-南京,2024-08-08,9862
00679B,元大美債20年,102,5,97,元大-南京,2024-08-08,9862
2892,第一金,135,48,87,元大-南京,2024-08-08,9862
3535,晶彩科,119,36,83,元大-南京,2024-08-08,9862
00751B,元大AAA至A公司債,75,5,70,元大-南京,2024-08-08,9862
2317,鴻海,135,65,70,元大-南京,2024-08-08,9862
00830,國泰費城半導體,68,1,67,元大-南京,2024-08-08,9862
00720B,元大投資級公司債,63,0,63,元大-南京,2024-08-08,9862
2385,群光,62,0,62,元大-南京,2024-08-08,9862
2888,新光金,65,8,57,元大-南京,2024-08-08,9862
3231,緯創,65,10,55,元大-南京,2024-08-08,9862
2610,華航,51,0,51,元大-南京,2024-08-08,9862
2254,巨鎧精密-創,50,0,50,元大-南京,2024-08-08,9862
00918,大華優利高填息30,59,10,49,元大-南京,2024-08-08,9862
2886,兆豐金,48,2,46,元大-南京,2024-08-08,9862
00948B,中信優息投資級債,41,0,41,元大-南京,2024-08-08,9862
3673,TPK-KY,41,0,41,元大-南京,2024-08-08,9862
2615,萬海,51,11,40,元大-南京,2024-08-08,9862
00795B,中信美國公債20年,35,0,35,元大-南京,2024-08-08,9862
2609,陽明,39,5,34,元大-南京,2024-08-08,9862
00688L,國泰20年美債正2,30,0,30,元大-南京,2024-08-08,9862
3379,彬台,30,0,30,元大-南京,2024-08-08,9862
2891,中信金,32,4,28,元大-南京,2024-08-08,9862
0050,元大台灣50,63,35,28,元大-南京,2024-08-08,9862
00900,富邦特選高股息30,27,0,27,元大-南京,2024-08-08,9862
00687B,國泰20年美債,42,16,26,元大-南京,2024-08-08,9862
00946,群益科技高息成長,25,0,25,元大-南京,2024-08-08,9862
2382,廣達,26,6,20,元大-南京,2024-08-08,9862
00933B,國泰10Y+金融債,19,0,19,元大-南京,2024-08-08,9862
00935,野村臺灣新科技50,19,1,18,元大-南京,2024-08-08,9862
00878,國泰永續高股息,103,85,18,元大-南京,2024-08-08,9862
00923,群益台ESG低碳50,17,0,17,元大-南京,2024-08-08,9862
1597,直得,31,14,17,元大-南京,2024-08-08,9862
2356,英業達,22,6,16,元大-南京,2024-08-08,9862
2603,長榮,21,6,15,元大-南京,2024-08-08,9862
3038,全台,15,0,15,元大-南京,2024-08-08,9862
5443,均豪,27,14,13,元大-南京,2024-08-08,9862
3189,景碩,15,2,13,元大-南京,2024-08-08,9862
4583,台灣精銳,12,0,12,元大-南京,2024-08-08,9862
2363,矽統,18,6,12,元大-南京,2024-08-08,9862
2455,全新,13,1,12,元大-南京,2024-08-08,9862
2464,盟立,42,31,11,元大-南京,2024-08-08,9862
1608,華榮,12,1,11,元大-南京,2024-08-08,9862
6223,旺矽,20,9,11,元大-南京,2024-08-08,9862
2885,元大金,14,4,10,元大-南京,2024-08-08,9862
00937B,群益ESG投等債20,465,2,463,元大-南京,2024-08-09,9862
00687B,國泰20年美債,324,9,315,元大-南京,2024-08-09,9862
6284,佳邦,222,0,222,元大-南京,2024-08-09,9862
00696B,富邦美債20年,201,0,201,元大-南京,2024-08-09,9862
00679B,元大美債20年,201,24,177,元大-南京,2024-08-09,9862
00857B,永豐20年美公債,100,0,100,元大-南京,2024-08-09,9862
2455,全新,110,18,92,元大-南京,2024-08-09,9862
00878,國泰永續高股息,144,92,52,元大-南京,2024-08-09,9862
2312,金寶,89,38,51,元大-南京,2024-08-09,9862
3450,聯鈞,64,16,48,元大-南京,2024-08-09,9862
3711,日月光投控,56,11,45,元大-南京,2024-08-09,9862
00751B,元大AAA至A公司債,55,13,42,元大-南京,2024-08-09,9862
00795B,中信美國公債20年,41,0,41,元大-南京,2024-08-09,9862
3234,光環,40,0,40,元大-南京,2024-08-09,9862
2355,敬鵬,38,0,38,元大-南京,2024-08-09,9862
2313,華通,41,5,36,元大-南京,2024-08-09,9862
2387,精元,35,0,35,元大-南京,2024-08-09,9862
8096,擎亞,39,4,35,元大-南京,2024-08-09,9862
00948B,中信優息投資級債,36,2,34,元大-南京,2024-08-09,9862
2887,台新金,39,8,31,元大-南京,2024-08-09,9862
2603,長榮,57,26,31,元大-南京,2024-08-09,9862
5443,均豪,83,53,30,元大-南京,2024-08-09,9862
00942B,台新美A公司債20+,30,0,30,元大-南京,2024-08-09,9862
3522,御嵿,29,4,25,元大-南京,2024-08-09,9862
6873,泓德能源,23,0,23,元大-南京,2024-08-09,9862
4534,慶騰,22,1,21,元大-南京,2024-08-09,9862
3044,健鼎,20,0,20,元大-南京,2024-08-09,9862
00881,國泰台灣5G+,21,1,20,元大-南京,2024-08-09,9862
2010,春源,20,0,20,元大-南京,2024-08-09,9862
3615,安可,20,0,20,元大-南京,2024-08-09,9862
00932,兆豐永續高息等權,20,0,20,元大-南京,2024-08-09,9862
00931B,統一美債20年,21,2,19,元大-南京,2024-08-09,9862
2254,巨鎧精密-創,18,0,18,元大-南京,2024-08-09,9862
9904,寶成,22,4,18,元大-南京,2024-08-09,9862
2809,京城銀,19,1,18,元大-南京,2024-08-09,9862
2511,太子,17,0,17,元大-南京,2024-08-09,9862
4123,晟德,17,0,17,元大-南京,2024-08-09,9862
8210,勤誠,22,5,17,元大-南京,2024-08-09,9862
3715,定穎投控,79,63,16,元大-南京,2024-08-09,9862
1304,台聚,16,0,16,元大-南京,2024-08-09,9862
8213,志超,15,0,15,元大-南京,2024-08-09,9862
00951,台新日本半導體,15,0,15,元大-南京,2024-08-09,9862
00882,中信中國高股息,14,0,14,元大-南京,2024-08-09,9862
8039,台虹,14,0,14,元大-南京,2024-08-09,9862
00713,元大台灣高息低波,13,0,13,元大-南京,2024-08-09,9862
2049,上銀,13,0,13,元大-南京,2024-08-09,9862
6806,森崴能源,16,3,13,元大-南京,2024-08-09,9862
5876,上海商銀,15,2,13,元大-南京,2024-08-09,9862
6449,鈺邦,43,30,13,元大-南京,2024-08-09,9862
3231,緯創,37,24,13,元大-南京,2024-08-09,9862
00632R,元大台灣50反1,352,0,352,元大-南京,2024-08-12,9862
00795B,中信美國公債20年,122,0,122,元大-南京,2024-08-12,9862
00687B,國泰20年美債,116,5,111,元大-南京,2024-08-12,9862
6284,佳邦,78,0,78,元大-南京,2024-08-12,9862
2610,華航,70,3,67,元大-南京,2024-08-12,9862
00830,國泰費城半導體,48,0,48,元大-南京,2024-08-12,9862
00896,中信綠能及電動車,40,0,40,元大-南京,2024-08-12,9862
6603,富強鑫,37,0,37,元大-南京,2024-08-12,9862
00679B,元大美債20年,57,21,36,元大-南京,2024-08-12,9862
2506,太設,39,9,30,元大-南京,2024-08-12,9862
00900,富邦特選高股息30,30,2,28,元大-南京,2024-08-12,9862
2359,所羅門,38,14,24,元大-南京,2024-08-12,9862
2388,威盛,24,0,24,元大-南京,2024-08-12,9862
2880,華南金,23,0,23,元大-南京,2024-08-12,9862
00878,國泰永續高股息,38,15,23,元大-南京,2024-08-12,9862
2474,可成,20,0,20,元大-南京,2024-08-12,9862
00857B,永豐20年美公債,20,0,20,元大-南京,2024-08-12,9862
3379,彬台,20,0,20,元大-南京,2024-08-12,9862
1326,台化,20,0,20,元大-南京,2024-08-12,9862
2254,巨鎧精密-創,20,0,20,元大-南京,2024-08-12,9862
00942B,台新美A公司債20+,19,0,19,元大-南京,2024-08-12,9862
00919,群益台灣精選高息,35,16,19,元大-南京,2024-08-12,9862
2365,昆盈,46,28,18,元大-南京,2024-08-12,9862
3013,晟銘電,36,18,18,元大-南京,2024-08-12,9862
2891,中信金,18,0,18,元大-南京,2024-08-12,9862
00881,國泰台灣5G+,22,5,17,元大-南京,2024-08-12,9862
2062,橋椿,21,5,16,元大-南京,2024-08-12,9862
1722,台肥,16,0,16,元大-南京,2024-08-12,9862
00936,台新永續高息中小,15,0,15,元大-南京,2024-08-12,9862
4303,信立,15,0,15,元大-南京,2024-08-12,9862
2505,國揚,15,0,15,元大-南京,2024-08-12,9862
3615,安可,15,0,15,元大-南京,2024-08-12,9862
4583,台灣精銳,15,0,15,元大-南京,2024-08-12,9862
1711,永光,19,4,15,元大-南京,2024-08-12,9862
8069,元太,15,1,14,元大-南京,2024-08-12,9862
2409,友達,31,17,14,元大-南京,2024-08-12,9862
3706,神達,15,1,14,元大-南京,2024-08-12,9862
00751B,元大AAA至A公司債,31,18,13,元大-南京,2024-08-12,9862
3047,訊舟,41,28,13,元大-南京,2024-08-12,9862
0056,元大高股息,22,10,12,元大-南京,2024-08-12,9862
8374,羅昇,28,16,12,元大-南京,2024-08-12,9862
3535,晶彩科,24,12,12,元大-南京,2024-08-12,9862
2892,第一金,12,0,12,元大-南京,2024-08-12,9862
3545,敦泰,12,0,12,元大-南京,2024-08-12,9862
5876,上海商銀,14,2,12,元大-南京,2024-08-12,9862
1301,台塑,15,4,11,元大-南京,2024-08-12,9862
2601,益航,11,0,11,元大-南京,2024-08-12,9862
2883,凱基金,20,9,11,元大-南京,2024-08-12,9862
4562,穎漢,47,36,11,元大-南京,2024-08-12,9862
00945B,凱基美國非投等債,11,0,11,元大-南京,2024-08-12,9862
6838,台新藥,229,3,226,元大-南京,2024-08-13,9862
00632R,元大台灣50反1,214,1,213,元大-南京,2024-08-13,9862
00878,國泰永續高股息,212,12,200,元大-南京,2024-08-13,9862
00679B,元大美債20年,152,9,143,元大-南京,2024-08-13,9862
2880,華南金,91,0,91,元大-南京,2024-08-13,9862
2481,強茂,88,1,87,元大-南京,2024-08-13,9862
00680L,元大美債20正2,77,0,77,元大-南京,2024-08-13,9862
00795B,中信美國公債20年,185,110,75,元大-南京,2024-08-13,9862
6284,佳邦,70,0,70,元大-南京,2024-08-13,9862
00687B,國泰20年美債,90,21,69,元大-南京,2024-08-13,9862
00937B,群益ESG投等債20,80,33,47,元大-南京,2024-08-13,9862
1314,中石化,41,1,40,元大-南京,2024-08-13,9862
2609,陽明,57,18,39,元大-南京,2024-08-13,9862
2429,銘旺科,40,1,39,元大-南京,2024-08-13,9862
00948B,中信優息投資級債,39,0,39,元大-南京,2024-08-13,9862
00900,富邦特選高股息30,41,5,36,元大-南京,2024-08-13,9862
1513,中興電,48,14,34,元大-南京,2024-08-13,9862
2615,萬海,57,23,34,元大-南京,2024-08-13,9862
00946,群益科技高息成長,43,10,33,元大-南京,2024-08-13,9862
3324,雙鴻,38,5,33,元大-南京,2024-08-13,9862
00929,復華台灣科技優息,38,6,32,元大-南京,2024-08-13,9862
2809,京城銀,30,0,30,元大-南京,2024-08-13,9862
1540,喬福,37,9,28,元大-南京,2024-08-13,9862
2801,彰銀,28,0,28,元大-南京,2024-08-13,9862
1104,環泥,24,2,22,元大-南京,2024-08-13,9862
2886,兆豐金,26,4,22,元大-南京,2024-08-13,9862
2505,國揚,20,0,20,元大-南京,2024-08-13,9862
2399,映泰,20,0,20,元大-南京,2024-08-13,9862
00673R,期元大S＆P原油反1,20,0,20,元大-南京,2024-08-13,9862
00637L,元大滬深300正2,23,3,20,元大-南京,2024-08-13,9862
3522,御嵿,20,0,20,元大-南京,2024-08-13,9862
2881,富邦金,28,8,20,元大-南京,2024-08-13,9862
2885,元大金,21,2,19,元大-南京,2024-08-13,9862
00751B,元大AAA至A公司債,18,0,18,元大-南京,2024-08-13,9862
1301,台塑,38,20,18,元大-南京,2024-08-13,9862
3481,群創,39,22,17,元大-南京,2024-08-13,9862
1815,富喬,24,7,17,元大-南京,2024-08-13,9862
5880,合庫金,24,8,16,元大-南京,2024-08-13,9862
1440,南紡,16,0,16,元大-南京,2024-08-13,9862
00936,台新永續高息中小,16,0,16,元大-南京,2024-08-13,9862
6269,台郡,17,1,16,元大-南京,2024-08-13,9862
2312,金寶,30,14,16,元大-南京,2024-08-13,9862
1786,科妍,16,1,15,元大-南京,2024-08-13,9862
1309,台達化,15,0,15,元大-南京,2024-08-13,9862
2850,新產,15,0,15,元大-南京,2024-08-13,9862
2867,三商壽,15,0,15,元大-南京,2024-08-13,9862
00881,國泰台灣5G+,32,17,15,元大-南京,2024-08-13,9862
1785,光洋科,16,3,13,元大-南京,2024-08-13,9862
3062,建漢,59,47,12,元大-南京,2024-08-13,9862
00918,大華優利高填息30,12,0,12,元大-南京,2024-08-13,9862
00680L,元大美債20正2,585,8,577,元大-南京,2024-08-14,9862
00632R,元大台灣50反1,334,45,289,元大-南京,2024-08-14,9862
00687B,國泰20年美債,221,10,211,元大-南京,2024-08-14,9862
00857B,永豐20年美公債,150,5,145,元大-南京,2024-08-14,9862
2888,新光金,92,12,80,元大-南京,2024-08-14,9862
2887,台新金,91,10,81,元大-南京,2024-08-14,9862
1101,台泥,69,6,63,元大-南京,2024-08-14,9862
2476,鉅祥,61,1,60,元大-南京,2024-08-14,9862
00900,富邦特選高股息30,70,20,50,元大-南京,2024-08-14,9862
2884,玉山金,53,7,46,元大-南京,2024-08-14,9862
2402,毅嘉,36,0,36,元大-南京,2024-08-14,9862
3689,湧德,30,0,30,元大-南京,2024-08-14,9862
00715L,期街口布蘭特正2,30,0,30,元大-南京,2024-08-14,9862
00795B,中信美國公債20年,29,0,29,元大-南京,2024-08-14,9862
3038,全台,29,0,29,元大-南京,2024-08-14,9862
8054,安國,35,8,27,元大-南京,2024-08-14,9862
00896,中信綠能及電動車,23,0,23,元大-南京,2024-08-14,9862
4569,六方科-KY,22,0,22,元大-南京,2024-08-14,9862
1815,富喬,27,6,21,元大-南京,2024-08-14,9862
3047,訊舟,24,3,21,元大-南京,2024-08-14,9862
9938,百和,22,2,20,元大-南京,2024-08-14,9862
2534,宏盛,20,0,20,元大-南京,2024-08-14,9862
2801,彰銀,54,35,19,元大-南京,2024-08-14,9862
2062,橋椿,20,1,19,元大-南京,2024-08-14,9862
2891,中信金,31,12,19,元大-南京,2024-08-14,9862
2615,萬海,46,28,18,元大-南京,2024-08-14,9862
2610,華航,21,3,18,元大-南京,2024-08-14,9862
2515,中工,21,5,16,元大-南京,2024-08-14,9862
1522,堤維西,22,7,15,元大-南京,2024-08-14,9862
2641,正德,15,0,15,元大-南京,2024-08-14,9862
00923,群益台ESG低碳50,17,2,15,元大-南京,2024-08-14,9862
2618,長榮航,17,3,14,元大-南京,2024-08-14,9862
6215,和椿,78,64,14,元大-南京,2024-08-14,9862
6506,雙邦,13,0,13,元大-南京,2024-08-14,9862
6269,台郡,13,0,13,元大-南京,2024-08-14,9862
00637L,元大滬深300正2,12,0,12,元大-南京,2024-08-14,9862
1536,和大,48,37,11,元大-南京,2024-08-14,9862
00830,國泰費城半導體,16,5,11,元大-南京,2024-08-14,9862
3450,聯鈞,50,39,11,元大-南京,2024-08-14,9862
2427,三商電,13,2,11,元大-南京,2024-08-14,9862
6244,茂迪,11,0,11,元大-南京,2024-08-14,9862
5443,均豪,22,12,10,元大-南京,2024-08-14,9862
2406,國碩,15,5,10,元大-南京,2024-08-14,9862
2516,新建,10,0,10,元大-南京,2024-08-14,9862
3264,欣銓,10,0,10,元大-南京,2024-08-14,9862
6968,萬達寵物,10,0,10,元大-南京,2024-08-14,9862
00949,復華日本龍頭,10,0,10,元大-南京,2024-08-14,9862
00665L,富邦�琤肭磪囓�2,10,0,10,元大-南京,2024-08-14,9862
00932,兆豐永續高息等權,10,0,10,元大-南京,2024-08-14,9862
6219,富旺,10,0,10,元大-南京,2024-08-14,9862
00878,國泰永續高股息,720,90,630,元大-南京,2024-08-15,9862
00632R,元大台灣50反1,622,70,552,元大-南京,2024-08-15,9862
00900,富邦特選高股息30,278,0,278,元大-南京,2024-08-15,9862
00687B,國泰20年美債,173,31,142,元大-南京,2024-08-15,9862
6506,雙邦,127,0,127,元大-南京,2024-08-15,9862
00948B,中信優息投資級債,122,0,122,元大-南京,2024-08-15,9862
00679B,元大美債20年,162,47,115,元大-南京,2024-08-15,9862
00795B,中信美國公債20年,93,0,93,元大-南京,2024-08-15,9862
00680L,元大美債20正2,95,30,65,元大-南京,2024-08-15,9862
1307,三芳,50,3,47,元大-南京,2024-08-15,9862
2845,遠東銀,43,2,41,元大-南京,2024-08-15,9862
00936,台新永續高息中小,39,1,38,元大-南京,2024-08-15,9862
5011,久陽,43,7,36,元大-南京,2024-08-15,9862
00937B,群益ESG投等債20,37,4,33,元大-南京,2024-08-15,9862
2363,矽統,31,0,31,元大-南京,2024-08-15,9862
2201,裕隆,30,0,30,元大-南京,2024-08-15,9862
3028,增你強,30,0,30,元大-南京,2024-08-15,9862
8374,羅昇,60,33,27,元大-南京,2024-08-15,9862
2489,瑞軒,76,50,26,元大-南京,2024-08-15,9862
3024,憶聲,25,1,24,元大-南京,2024-08-15,9862
2891,中信金,21,1,20,元大-南京,2024-08-15,9862
6122,擎邦,20,0,20,元大-南京,2024-08-15,9862
2809,京城銀,30,10,20,元大-南京,2024-08-15,9862
00919,群益台灣精選高息,33,14,19,元大-南京,2024-08-15,9862
2329,華泰,20,1,19,元大-南京,2024-08-15,9862
1504,東元,19,0,19,元大-南京,2024-08-15,9862
1101,台泥,20,2,18,元大-南京,2024-08-15,9862
2883,凱基金,20,2,18,元大-南京,2024-08-15,9862
8064,東捷,17,0,17,元大-南京,2024-08-15,9862
4566,時碩工業,21,5,16,元大-南京,2024-08-15,9862
4562,穎漢,42,26,16,元大-南京,2024-08-15,9862
3048,益登,17,2,15,元大-南京,2024-08-15,9862
00881,國泰台灣5G+,16,1,15,元大-南京,2024-08-15,9862
2376,技嘉,29,14,15,元大-南京,2024-08-15,9862
2801,彰銀,15,0,15,元大-南京,2024-08-15,9862
2911,麗嬰房,14,0,14,元大-南京,2024-08-15,9862
2520,冠德,18,5,13,元大-南京,2024-08-15,9862
3324,雙鴻,17,4,13,元大-南京,2024-08-15,9862
2887,台新金,13,0,13,元大-南京,2024-08-15,9862
1611,中電,13,0,13,元大-南京,2024-08-15,9862
2397,友通,14,1,13,元大-南京,2024-08-15,9862
6142,友勁,13,0,13,元大-南京,2024-08-15,9862
6213,聯茂,23,10,13,元大-南京,2024-08-15,9862
1301,台塑,12,0,12,元大-南京,2024-08-15,9862
6461,益得,13,1,12,元大-南京,2024-08-15,9862
2002,中鋼,17,5,12,元大-南京,2024-08-15,9862
2303,聯電,18,6,12,元大-南京,2024-08-15,9862
2886,兆豐金,11,0,11,元大-南京,2024-08-15,9862
1815,富喬,12,1,11,元大-南京,2024-08-15,9862
6239,力成,12,1,11,元大-南京,2024-08-15,9862
00632R,元大台灣50反1,596,10,586,元大-南京,2024-08-16,9862
00679B,元大美債20年,210,55,155,元大-南京,2024-08-16,9862
00680L,元大美債20正2,136,5,131,元大-南京,2024-08-16,9862
6449,鈺邦,138,12,126,元大-南京,2024-08-16,9862
00795B,中信美國公債20年,116,0,116,元大-南京,2024-08-16,9862
00687B,國泰20年美債,124,28,96,元大-南京,2024-08-16,9862
6188,廣明,109,13,96,元大-南京,2024-08-16,9862
6584,南俊國際,62,1,61,元大-南京,2024-08-16,9862
4569,六方科-KY,58,0,58,元大-南京,2024-08-16,9862
2455,全新,62,4,58,元大-南京,2024-08-16,9862
2618,長榮航,55,7,48,元大-南京,2024-08-16,9862
6133,金橋,47,0,47,元大-南京,2024-08-16,9862
3028,增你強,45,0,45,元大-南京,2024-08-16,9862
2505,國揚,45,0,45,元大-南京,2024-08-16,9862
1314,中石化,40,0,40,元大-南京,2024-08-16,9862
5519,隆大,46,7,39,元大-南京,2024-08-16,9862
2442,新美齊,35,0,35,元大-南京,2024-08-16,9862
00664R,國泰臺灣加權反1,30,0,30,元大-南京,2024-08-16,9862
6239,力成,30,3,27,元大-南京,2024-08-16,9862
2002,中鋼,36,11,25,元大-南京,2024-08-16,9862
3406,玉晶光,24,0,24,元大-南京,2024-08-16,9862
00631L,元大台灣50正2,25,1,24,元大-南京,2024-08-16,9862
5289,宜鼎,24,3,21,元大-南京,2024-08-16,9862
2890,永豐金,28,7,21,元大-南京,2024-08-16,9862
2542,興富發,31,10,21,元大-南京,2024-08-16,9862
00696B,富邦美債20年,20,0,20,元大-南京,2024-08-16,9862
9933,中鼎,20,0,20,元大-南京,2024-08-16,9862
3593,力銘,20,0,20,元大-南京,2024-08-16,9862
2911,麗嬰房,19,0,19,元大-南京,2024-08-16,9862
2501,國建,21,3,18,元大-南京,2024-08-16,9862
3032,偉訓,17,0,17,元大-南京,2024-08-16,9862
2371,大同,19,4,15,元大-南京,2024-08-16,9862
8048,德勝,15,0,15,元大-南京,2024-08-16,9862
8070,長華*,16,1,15,元大-南京,2024-08-16,9862
00882,中信中國高股息,23,10,13,元大-南京,2024-08-16,9862
5522,遠雄,12,0,12,元大-南京,2024-08-16,9862
1438,三地開發,13,1,12,元大-南京,2024-08-16,9862
00947,台新臺灣IC設計,12,0,12,元大-南京,2024-08-16,9862
2845,遠東銀,18,6,12,元大-南京,2024-08-16,9862
3706,神達,12,1,11,元大-南京,2024-08-16,9862
6757,台灣虎航,16,5,11,元大-南京,2024-08-16,9862
1513,中興電,17,6,11,元大-南京,2024-08-16,9862
9938,百和,10,0,10,元大-南京,2024-08-16,9862
8096,擎亞,34,24,10,元大-南京,2024-08-16,9862
1305,華夏,12,2,10,元大-南京,2024-08-16,9862
2402,毅嘉,10,0,10,元大-南京,2024-08-16,9862
6147,頎邦,10,0,10,元大-南京,2024-08-16,9862
8050,廣積,10,0,10,元大-南京,2024-08-16,9862
1609,大亞,17,8,9,元大-南京,2024-08-16,9862
6419,京晨科,9,0,9,元大-南京,2024-08-16,9862
00940,元大台灣價值高息,309,32,277,元大-南京,2024-08-19,9862
00679B,元大美債20年,180,26,154,元大-南京,2024-08-19,9862
00632R,元大台灣50反1,150,20,130,元大-南京,2024-08-19,9862
00929,復華台灣科技優息,91,17,74,元大-南京,2024-08-19,9862
4536,拓凱,75,6,69,元大-南京,2024-08-19,9862
2062,橋椿,74,14,60,元大-南京,2024-08-19,9862
2002,中鋼,68,11,57,元大-南京,2024-08-19,9862
1701,中化,52,0,52,元大-南京,2024-08-19,9862
9945,潤泰新,54,3,51,元大-南京,2024-08-19,9862
2809,京城銀,50,0,50,元大-南京,2024-08-19,9862
00937B,群益ESG投等債20,57,13,44,元大-南京,2024-08-19,9862
2313,華通,43,3,40,元大-南京,2024-08-19,9862
00919,群益台灣精選高息,85,46,39,元大-南京,2024-08-19,9862
3706,神達,38,1,37,元大-南京,2024-08-19,9862
1785,光洋科,41,5,36,元大-南京,2024-08-19,9862
3047,訊舟,117,83,34,元大-南京,2024-08-19,9862
6757,台灣虎航,47,15,32,元大-南京,2024-08-19,9862
2376,技嘉,39,9,30,元大-南京,2024-08-19,9862
00900,富邦特選高股息30,25,0,25,元大-南京,2024-08-19,9862
2504,國產,25,0,25,元大-南京,2024-08-19,9862
00664R,國泰臺灣加權反1,25,0,25,元大-南京,2024-08-19,9862
6461,益得,24,0,24,元大-南京,2024-08-19,9862
2354,鴻準,32,11,21,元大-南京,2024-08-19,9862
00680L,元大美債20正2,20,0,20,元大-南京,2024-08-19,9862
00725B,國泰投資級公司債,20,0,20,元大-南京,2024-08-19,9862
2501,國建,20,0,20,元大-南京,2024-08-19,9862
2359,所羅門,92,72,20,元大-南京,2024-08-19,9862
00948B,中信優息投資級債,21,2,19,元大-南京,2024-08-19,9862
2409,友達,24,5,19,元大-南京,2024-08-19,9862
2881,富邦金,21,3,18,元大-南京,2024-08-19,9862
6863,永道-KY,18,0,18,元大-南京,2024-08-19,9862
1301,台塑,22,4,18,元大-南京,2024-08-19,9862
2059,川湖,19,1,18,元大-南京,2024-08-19,9862
0050,元大台灣50,25,8,17,元大-南京,2024-08-19,9862
00712,復華富時不動產,17,0,17,元大-南京,2024-08-19,9862
5371,中光電,27,11,16,元大-南京,2024-08-19,9862
1786,科妍,13,0,13,元大-南京,2024-08-19,9862
8054,安國,17,4,13,元大-南京,2024-08-19,9862
2363,矽統,15,3,12,元大-南京,2024-08-19,9862
00949,復華日本龍頭,12,0,12,元大-南京,2024-08-19,9862
2362,藍天,16,4,12,元大-南京,2024-08-19,9862
5434,崇越,11,0,11,元大-南京,2024-08-19,9862
8234,新漢,12,1,11,元大-南京,2024-08-19,9862
6838,台新藥,11,0,11,元大-南京,2024-08-19,9862
2349,錸德,12,1,11,元大-南京,2024-08-19,9862
3545,敦泰,14,3,11,元大-南京,2024-08-19,9862
3017,奇鋐,12,2,10,元大-南京,2024-08-19,9862
8028,昇陽半導體,34,24,10,元大-南京,2024-08-19,9862
2371,大同,18,8,10,元大-南京,2024-08-19,9862
6271,同欣電,10,0,10,元大-南京,2024-08-19,9862
00632R,元大台灣50反1,831,200,631,元大-南京,2024-08-20,9862
1584,精剛,439,16,423,元大-南京,2024-08-20,9862
00680L,元大美債20正2,338,15,323,元大-南京,2024-08-20,9862
00940,元大台灣價值高息,334,54,280,元大-南京,2024-08-20,9862
2888,新光金,350,207,143,元大-南京,2024-08-20,9862
00919,群益台灣精選高息,95,7,88,元大-南京,2024-08-20,9862
00687B,國泰20年美債,98,14,84,元大-南京,2024-08-20,9862
00720B,元大投資級公司債,59,2,57,元大-南京,2024-08-20,9862
2317,鴻海,71,18,53,元大-南京,2024-08-20,9862
2609,陽明,92,40,52,元大-南京,2024-08-20,9862
00712,復華富時不動產,51,0,51,元大-南京,2024-08-20,9862
2501,國建,54,4,50,元大-南京,2024-08-20,9862
2365,昆盈,83,38,45,元大-南京,2024-08-20,9862
9945,潤泰新,46,3,43,元大-南京,2024-08-20,9862
1103,嘉泥,44,1,43,元大-南京,2024-08-20,9862
2891,中信金,63,20,43,元大-南京,2024-08-20,9862
00715L,期街口布蘭特正2,41,0,41,元大-南京,2024-08-20,9862
8996,高力,42,2,40,元大-南京,2024-08-20,9862
2476,鉅祥,43,10,33,元大-南京,2024-08-20,9862
2363,矽統,43,12,31,元大-南京,2024-08-20,9862
2103,台橡,30,0,30,元大-南京,2024-08-20,9862
2850,新產,30,0,30,元大-南京,2024-08-20,9862
5443,均豪,137,110,27,元大-南京,2024-08-20,9862
1532,勤美,22,0,22,元大-南京,2024-08-20,9862
2356,英業達,35,14,21,元大-南京,2024-08-20,9862
6790,永豐實,21,0,21,元大-南京,2024-08-20,9862
2867,三商壽,20,0,20,元大-南京,2024-08-20,9862
00650L,復華香港正2,20,0,20,元大-南京,2024-08-20,9862
2332,友訊,20,0,20,元大-南京,2024-08-20,9862
2504,國產,24,4,20,元大-南京,2024-08-20,9862
1434,福懋,20,0,20,元大-南京,2024-08-20,9862
00725B,國泰投資級公司債,20,0,20,元大-南京,2024-08-20,9862
00948B,中信優息投資級債,20,0,20,元大-南京,2024-08-20,9862
8096,擎亞,30,10,20,元大-南京,2024-08-20,9862
8028,昇陽半導體,34,15,19,元大-南京,2024-08-20,9862
3715,定穎投控,20,1,19,元大-南京,2024-08-20,9862
2402,毅嘉,19,1,18,元大-南京,2024-08-20,9862
2002,中鋼,18,0,18,元大-南京,2024-08-20,9862
3048,益登,17,0,17,元大-南京,2024-08-20,9862
00679B,元大美債20年,97,81,16,元大-南京,2024-08-20,9862
2359,所羅門,101,85,16,元大-南京,2024-08-20,9862
3710,連展投控,15,0,15,元大-南京,2024-08-20,9862
4526,東台,14,0,14,元大-南京,2024-08-20,9862
5234,達興材料,14,1,13,元大-南京,2024-08-20,9862
2506,太設,13,0,13,元大-南京,2024-08-20,9862
00878,國泰永續高股息,21,8,13,元大-南京,2024-08-20,9862
4529,淳紳,12,0,12,元大-南京,2024-08-20,9862
2605,新興,12,0,12,元大-南京,2024-08-20,9862
6122,擎邦,12,0,12,元大-南京,2024-08-20,9862
2520,冠德,24,12,12,元大-南京,2024-08-20,9862
2888,新光金,631,346,285,元大-南京,2024-08-21,9862
2891,中信金,186,4,182,元大-南京,2024-08-21,9862
00940,元大台灣價值高息,203,112,91,元大-南京,2024-08-21,9862
6603,富強鑫,75,0,75,元大-南京,2024-08-21,9862
00919,群益台灣精選高息,85,10,75,元大-南京,2024-08-21,9862
00720B,元大投資級公司債,70,2,68,元大-南京,2024-08-21,9862
2882,國泰金,52,4,48,元大-南京,2024-08-21,9862
2476,鉅祥,48,0,48,元大-南京,2024-08-21,9862
00712,復華富時不動產,46,0,46,元大-南京,2024-08-21,9862
2371,大同,42,0,42,元大-南京,2024-08-21,9862
2103,台橡,40,0,40,元大-南京,2024-08-21,9862
00878,國泰永續高股息,36,1,35,元大-南京,2024-08-21,9862
9945,潤泰新,36,1,35,元大-南京,2024-08-21,9862
2505,國揚,30,0,30,元大-南京,2024-08-21,9862
2506,太設,30,0,30,元大-南京,2024-08-21,9862
5347,世界,27,1,26,元大-南京,2024-08-21,9862
5009,榮剛,25,0,25,元大-南京,2024-08-21,9862
2886,兆豐金,26,2,24,元大-南京,2024-08-21,9862
2317,鴻海,72,49,23,元大-南京,2024-08-21,9862
6757,台灣虎航,26,3,23,元大-南京,2024-08-21,9862
00946,群益科技高息成長,23,0,23,元大-南京,2024-08-21,9862
00795B,中信美國公債20年,21,0,21,元大-南京,2024-08-21,9862
6505,台塑化,20,0,20,元大-南京,2024-08-21,9862
2387,精元,20,0,20,元大-南京,2024-08-21,9862
2504,國產,24,4,20,元大-南京,2024-08-21,9862
2534,宏盛,20,0,20,元大-南京,2024-08-21,9862
00882,中信中國高股息,19,0,19,元大-南京,2024-08-21,9862
3032,偉訓,19,0,19,元大-南京,2024-08-21,9862
5905,南仁湖,182,164,18,元大-南京,2024-08-21,9862
3689,湧德,22,4,18,元大-南京,2024-08-21,9862
3380,明泰,24,7,17,元大-南京,2024-08-21,9862
00907,永豐優息存股,16,0,16,元大-南京,2024-08-21,9862
00751B,元大AAA至A公司債,17,2,15,元大-南京,2024-08-21,9862
6589,台康生技,15,0,15,元大-南京,2024-08-21,9862
00679B,元大美債20年,34,20,14,元大-南京,2024-08-21,9862
4109,加捷生醫,17,3,14,元大-南京,2024-08-21,9862
4909,新復興,17,3,14,元大-南京,2024-08-21,9862
00688L,國泰20年美債正2,100,86,14,元大-南京,2024-08-21,9862
00923,群益台ESG低碳50,18,5,13,元大-南京,2024-08-21,9862
00633L,富邦上証正2,13,0,13,元大-南京,2024-08-21,9862
8089,康全電訊,38,25,13,元大-南京,2024-08-21,9862
00915,凱基優選高股息30,13,0,13,元大-南京,2024-08-21,9862
6679,鈺太,12,0,12,元大-南京,2024-08-21,9862
00953B,群益優選非投等債,12,0,12,元大-南京,2024-08-21,9862
6585,鼎基,13,1,12,元大-南京,2024-08-21,9862
2429,銘旺科,12,0,12,元大-南京,2024-08-21,9862
4903,聯光通,12,0,12,元大-南京,2024-08-21,9862
3017,奇鋐,16,5,11,元大-南京,2024-08-21,9862
00934,中信成長高股息,11,0,11,元大-南京,2024-08-21,9862
1786,科妍,12,1,11,元大-南京,2024-08-21,9862
6449,鈺邦,120,16,104,元大-南京,2024-08-22,9862
8096,擎亞,159,66,93,元大-南京,2024-08-22,9862
4513,福裕,93,2,91,元大-南京,2024-08-22,9862
2349,錸德,181,97,84,元大-南京,2024-08-22,9862
00680L,元大美債20正2,96,14,82,元大-南京,2024-08-22,9862
5283,禾聯碩,70,0,70,元大-南京,2024-08-22,9862
2882,國泰金,70,3,67,元大-南京,2024-08-22,9862
2891,中信金,91,36,55,元大-南京,2024-08-22,9862
00679B,元大美債20年,53,2,51,元大-南京,2024-08-22,9862
2506,太設,51,0,51,元大-南京,2024-08-22,9862
4414,如興,50,0,50,元大-南京,2024-08-22,9862
2890,永豐金,50,0,50,元大-南京,2024-08-22,9862
00929,復華台灣科技優息,47,0,47,元大-南京,2024-08-22,9862
2867,三商壽,45,0,45,元大-南京,2024-08-22,9862
00715L,期街口布蘭特正2,45,0,45,元大-南京,2024-08-22,9862
6133,金橋,40,5,35,元大-南京,2024-08-22,9862
00632R,元大台灣50反1,95,68,27,元大-南京,2024-08-22,9862
00878,國泰永續高股息,31,5,26,元大-南京,2024-08-22,9862
3037,欣興,33,9,24,元大-南京,2024-08-22,9862
2504,國產,32,8,24,元大-南京,2024-08-22,9862
2317,鴻海,92,69,23,元大-南京,2024-08-22,9862
2850,新產,20,0,20,元大-南京,2024-08-22,9862
2505,國揚,20,0,20,元大-南京,2024-08-22,9862
2852,第一保,20,0,20,元大-南京,2024-08-22,9862
00940,元大台灣價值高息,76,56,20,元大-南京,2024-08-22,9862
5469,瀚宇博,21,2,19,元大-南京,2024-08-22,9862
2880,華南金,21,2,19,元大-南京,2024-08-22,9862
9945,潤泰新,20,2,18,元大-南京,2024-08-22,9862
00642U,期元大S＆P石油,18,0,18,元大-南京,2024-08-22,9862
8103,瀚荃,41,23,18,元大-南京,2024-08-22,9862
8255,朋程,21,3,18,元大-南京,2024-08-22,9862
2330,台積電,29,12,17,元大-南京,2024-08-22,9862
3047,訊舟,49,33,16,元大-南京,2024-08-22,9862
4543,萬在,15,0,15,元大-南京,2024-08-22,9862
2010,春源,15,0,15,元大-南京,2024-08-22,9862
2641,正德,15,0,15,元大-南京,2024-08-22,9862
1710,東聯,19,5,14,元大-南京,2024-08-22,9862
3689,湧德,15,1,14,元大-南京,2024-08-22,9862
1513,中興電,20,7,13,元大-南京,2024-08-22,9862
2885,元大金,15,2,13,元大-南京,2024-08-22,9862
2382,廣達,13,2,11,元大-南京,2024-08-22,9862
8033,雷虎,15,4,11,元大-南京,2024-08-22,9862
00730,富邦臺灣優質高息,11,0,11,元大-南京,2024-08-22,9862
2429,銘旺科,12,1,11,元大-南京,2024-08-22,9862
3374,精材,21,10,11,元大-南京,2024-08-22,9862
1522,堤維西,10,0,10,元大-南京,2024-08-22,9862
3363,上詮,13,3,10,元大-南京,2024-08-22,9862
6153,嘉聯益,10,0,10,元大-南京,2024-08-22,9862
2534,宏盛,10,0,10,元大-南京,2024-08-22,9862
3230,錦明,10,0,10,元大-南京,2024-08-22,9862
8064,東捷,414,128,286,元大-南京,2024-08-23,9862
2888B,新光金乙特,130,0,130,元大-南京,2024-08-23,9862
00680L,元大美債20正2,126,3,123,元大-南京,2024-08-23,9862
2888A,新光金甲特,120,0,120,元大-南京,2024-08-23,9862
00679B,元大美債20年,91,0,91,元大-南京,2024-08-23,9862
00687B,國泰20年美債,76,3,73,元大-南京,2024-08-23,9862
00795B,中信美國公債20年,67,0,67,元大-南京,2024-08-23,9862
8021,尖點,70,7,63,元大-南京,2024-08-23,9862
2354,鴻準,67,5,62,元大-南京,2024-08-23,9862
2506,太設,60,0,60,元大-南京,2024-08-23,9862
00948B,中信優息投資級債,59,0,59,元大-南京,2024-08-23,9862
3357,臺慶科,55,0,55,元大-南京,2024-08-23,9862
6284,佳邦,55,0,55,元大-南京,2024-08-23,9862
2887,台新金,145,96,49,元大-南京,2024-08-23,9862
4979,華星光,48,1,47,元大-南京,2024-08-23,9862
00953B,群益優選非投等債,38,0,38,元大-南京,2024-08-23,9862
1314,中石化,141,107,34,元大-南京,2024-08-23,9862
8043,蜜望實,49,16,33,元大-南京,2024-08-23,9862
2891,中信金,40,12,28,元大-南京,2024-08-23,9862
6133,金橋,28,4,24,元大-南京,2024-08-23,9862
00919,群益台灣精選高息,44,20,24,元大-南京,2024-08-23,9862
3047,訊舟,38,16,22,元大-南京,2024-08-23,9862
8039,台虹,38,16,22,元大-南京,2024-08-23,9862
00688L,國泰20年美債正2,20,0,20,元大-南京,2024-08-23,9862
00646,元大S＆P500,20,0,20,元大-南京,2024-08-23,9862
2387,精元,20,0,20,元大-南京,2024-08-23,9862
00940,元大台灣價值高息,43,23,20,元大-南京,2024-08-23,9862
8089,康全電訊,24,6,18,元大-南京,2024-08-23,9862
3189,景碩,38,20,18,元大-南京,2024-08-23,9862
6274,台燿,22,5,17,元大-南京,2024-08-23,9862
2543,皇昌,16,0,16,元大-南京,2024-08-23,9862
3380,明泰,16,0,16,元大-南京,2024-08-23,9862
1309,台達化,16,1,15,元大-南京,2024-08-23,9862
1717,長興,19,5,14,元大-南京,2024-08-23,9862
1449,佳和,14,0,14,元大-南京,2024-08-23,9862
3042,晶技,14,0,14,元大-南京,2024-08-23,9862
00929,復華台灣科技優息,32,19,13,元大-南京,2024-08-23,9862
1708,東鹼,63,50,13,元大-南京,2024-08-23,9862
00951,台新日本半導體,13,0,13,元大-南京,2024-08-23,9862
2883,凱基金,15,2,13,元大-南京,2024-08-23,9862
2885,元大金,15,3,12,元大-南京,2024-08-23,9862
2363,矽統,31,20,11,元大-南京,2024-08-23,9862
4906,正文,23,13,10,元大-南京,2024-08-23,9862
2241,艾姆勒,10,0,10,元大-南京,2024-08-23,9862
00927,群益半導體收益,10,0,10,元大-南京,2024-08-23,9862
00647L,元大S＆P500正2,10,0,10,元大-南京,2024-08-23,9862
2534,宏盛,10,0,10,元大-南京,2024-08-23,9862
1569,濱川,10,0,10,元大-南京,2024-08-23,9862
00946,群益科技高息成長,30,20,10,元大-南京,2024-08-23,9862
4927,泰鼎-KY,11,1,10,元大-南京,2024-08-23,9862
2888,新光金,558,366,192,元大-南京,2024-08-26,9862
00919,群益台灣精選高息,195,8,187,元大-南京,2024-08-26,9862
4414,如興,110,0,110,元大-南京,2024-08-26,9862
1460,宏遠,100,0,100,元大-南京,2024-08-26,9862
00933B,國泰10Y+金融債,96,2,94,元大-南京,2024-08-26,9862
2891,中信金,97,15,82,元大-南京,2024-08-26,9862
8121,越峰,80,10,70,元大-南京,2024-08-26,9862
00680L,元大美債20正2,108,44,64,元大-南京,2024-08-26,9862
00929,復華台灣科技優息,64,13,51,元大-南京,2024-08-26,9862
00673R,期元大S＆P原油反1,51,0,51,元大-南京,2024-08-26,9862
1442,名軒,50,0,50,元大-南京,2024-08-26,9862
2889,國票金,50,0,50,元大-南京,2024-08-26,9862
00696B,富邦美債20年,48,0,48,元大-南京,2024-08-26,9862
6284,佳邦,46,1,45,元大-南京,2024-08-26,9862
3357,臺慶科,45,0,45,元大-南京,2024-08-26,9862
2409,友達,60,16,44,元大-南京,2024-08-26,9862
3189,景碩,67,23,44,元大-南京,2024-08-26,9862
2887,台新金,82,44,38,元大-南京,2024-08-26,9862
2610,華航,35,6,29,元大-南京,2024-08-26,9862
2402,毅嘉,120,91,29,元大-南京,2024-08-26,9862
8028,昇陽半導體,51,24,27,元大-南京,2024-08-26,9862
00830,國泰費城半導體,28,2,26,元大-南京,2024-08-26,9862
00687B,國泰20年美債,63,40,23,元大-南京,2024-08-26,9862
2883,凱基金,40,18,22,元大-南京,2024-08-26,9862
2505,國揚,21,0,21,元大-南京,2024-08-26,9862
00715L,期街口布蘭特正2,27,6,21,元大-南京,2024-08-26,9862
00878,國泰永續高股息,31,10,21,元大-南京,2024-08-26,9862
3078,僑威,20,0,20,元大-南京,2024-08-26,9862
2506,太設,20,0,20,元大-南京,2024-08-26,9862
00637L,元大滬深300正2,20,0,20,元大-南京,2024-08-26,9862
2385,群光,20,0,20,元大-南京,2024-08-26,9862
2850,新產,20,0,20,元大-南京,2024-08-26,9862
00948B,中信優息投資級債,20,0,20,元大-南京,2024-08-26,9862
3702A,大聯大甲特,20,0,20,元大-南京,2024-08-26,9862
8069,元太,20,2,18,元大-南京,2024-08-26,9862
00918,大華優利高填息30,32,14,18,元大-南京,2024-08-26,9862
8213,志超,18,0,18,元大-南京,2024-08-26,9862
6191,精成科,20,2,18,元大-南京,2024-08-26,9862
6863,永道-KY,21,4,17,元大-南京,2024-08-26,9862
4979,華星光,17,1,16,元大-南京,2024-08-26,9862
2365,昆盈,22,6,16,元大-南京,2024-08-26,9862
8021,尖點,21,5,16,元大-南京,2024-08-26,9862
6753,龍德造船,26,11,15,元大-南京,2024-08-26,9862
00712,復華富時不動產,14,0,14,元大-南京,2024-08-26,9862
3032,偉訓,21,7,14,元大-南京,2024-08-26,9862
1717,長興,23,10,13,元大-南京,2024-08-26,9862
3379,彬台,13,0,13,元大-南京,2024-08-26,9862
2543,皇昌,53,40,13,元大-南京,2024-08-26,9862
8089,康全電訊,13,0,13,元大-南京,2024-08-26,9862
6606,建德工業,12,0,12,元大-南京,2024-08-26,9862
2887,台新金,118,3,115,元大-南京,2024-08-27,9862
3550,聯穎,108,1,107,元大-南京,2024-08-27,9862
4414,如興,100,0,100,元大-南京,2024-08-27,9862
00680L,元大美債20正2,116,30,86,元大-南京,2024-08-27,9862
2801,彰銀,71,0,71,元大-南京,2024-08-27,9862
2891,中信金,77,14,63,元大-南京,2024-08-27,9862
1314,中石化,58,0,58,元大-南京,2024-08-27,9862
3481,群創,68,24,44,元大-南京,2024-08-27,9862
00679B,元大美債20年,38,3,35,元大-南京,2024-08-27,9862
00687B,國泰20年美債,36,2,34,元大-南京,2024-08-27,9862
6706,惠特,38,5,33,元大-南京,2024-08-27,9862
00673R,期元大S＆P原油反1,30,0,30,元大-南京,2024-08-27,9862
2603,長榮,34,5,29,元大-南京,2024-08-27,9862
2882,國泰金,34,6,28,元大-南京,2024-08-27,9862
2610,華航,37,11,26,元大-南京,2024-08-27,9862
3576,聯合再生,31,5,26,元大-南京,2024-08-27,9862
00751B,元大AAA至A公司債,25,1,24,元大-南京,2024-08-27,9862
5469,瀚宇博,41,17,24,元大-南京,2024-08-27,9862
2880,華南金,22,0,22,元大-南京,2024-08-27,9862
6873,泓德能源,22,0,22,元大-南京,2024-08-27,9862
2609,陽明,33,12,21,元大-南京,2024-08-27,9862
1711,永光,45,24,21,元大-南京,2024-08-27,9862
6290,良維,21,0,21,元大-南京,2024-08-27,9862
2515,中工,22,1,21,元大-南京,2024-08-27,9862
2850,新產,20,0,20,元大-南京,2024-08-27,9862
2506,太設,20,0,20,元大-南京,2024-08-27,9862
00937B,群益ESG投等債20,25,5,20,元大-南京,2024-08-27,9862
8089,康全電訊,20,1,19,元大-南京,2024-08-27,9862
2303,聯電,18,2,16,元大-南京,2024-08-27,9862
2367,燿華,16,0,16,元大-南京,2024-08-27,9862
00918,大華優利高填息30,16,0,16,元大-南京,2024-08-27,9862
0056,元大高股息,16,1,15,元大-南京,2024-08-27,9862
00688L,國泰20年美債正2,15,0,15,元大-南京,2024-08-27,9862
3605,宏致,14,0,14,元大-南京,2024-08-27,9862
2548,華固,13,0,13,元大-南京,2024-08-27,9862
1722,台肥,13,0,13,元大-南京,2024-08-27,9862
4767,誠泰科技,13,0,13,元大-南京,2024-08-27,9862
00947,台新臺灣IC設計,12,0,12,元大-南京,2024-08-27,9862
00878,國泰永續高股息,15,3,12,元大-南京,2024-08-27,9862
2376,技嘉,14,3,11,元大-南京,2024-08-27,9862
00951,台新日本半導體,11,0,11,元大-南京,2024-08-27,9862
8163,達方,11,0,11,元大-南京,2024-08-27,9862
3339,泰谷,10,0,10,元大-南京,2024-08-27,9862
00633L,富邦上証正2,10,0,10,元大-南京,2024-08-27,9862
5398,慕康生醫,10,0,10,元大-南京,2024-08-27,9862
2534,宏盛,10,0,10,元大-南京,2024-08-27,9862
3379,彬台,10,0,10,元大-南京,2024-08-27,9862
6591,動力-KY,10,0,10,元大-南京,2024-08-27,9862
9902,台火,10,0,10,元大-南京,2024-08-27,9862
5443,均豪,103,93,10,元大-南京,2024-08-27,9862
00959B,大華投等美債15Y+,155,0,155,元大-南京,2024-08-28,9862
00933B,國泰10Y+金融債,150,4,146,元大-南京,2024-08-28,9862
2891,中信金,143,12,131,元大-南京,2024-08-28,9862
00751B,元大AAA至A公司債,115,2,113,元大-南京,2024-08-28,9862
00679B,元大美債20年,103,1,102,元大-南京,2024-08-28,9862
3078,僑威,101,1,100,元大-南京,2024-08-28,9862
00688L,國泰20年美債正2,100,0,100,元大-南京,2024-08-28,9862
00680L,元大美債20正2,118,25,93,元大-南京,2024-08-28,9862
8121,越峰,81,15,66,元大-南京,2024-08-28,9862
6451,訊芯-KY,66,5,61,元大-南京,2024-08-28,9862
2890,永豐金,61,0,61,元大-南京,2024-08-28,9862
3051,力特,49,1,48,元大-南京,2024-08-28,9862
3481,群創,149,106,43,元大-南京,2024-08-28,9862
2607,榮運,40,0,40,元大-南京,2024-08-28,9862
2905,三商,38,0,38,元大-南京,2024-08-28,9862
00940,元大台灣價值高息,46,10,36,元大-南京,2024-08-28,9862
8064,東捷,40,10,30,元大-南京,2024-08-28,9862
4542,科嶠,30,0,30,元大-南京,2024-08-28,9862
5880,合庫金,30,0,30,元大-南京,2024-08-28,9862
6957,裕慶-KY,25,0,25,元大-南京,2024-08-28,9862
00637L,元大滬深300正2,24,0,24,元大-南京,2024-08-28,9862
2362,藍天,28,6,22,元大-南京,2024-08-28,9862
2402,毅嘉,30,9,21,元大-南京,2024-08-28,9862
3498,陽程,36,15,21,元大-南京,2024-08-28,9862
2535,達欣工,21,0,21,元大-南京,2024-08-28,9862
00687B,國泰20年美債,22,2,20,元大-南京,2024-08-28,9862
00923,群益台ESG低碳50,20,0,20,元大-南京,2024-08-28,9862
2605,新興,20,0,20,元大-南京,2024-08-28,9862
2534,宏盛,20,0,20,元大-南京,2024-08-28,9862
2506,太設,20,0,20,元大-南京,2024-08-28,9862
8103,瀚荃,21,1,20,元大-南京,2024-08-28,9862
1101,台泥,21,2,19,元大-南京,2024-08-28,9862
00919,群益台灣精選高息,24,6,18,元大-南京,2024-08-28,9862
6143,振曜,36,18,18,元大-南京,2024-08-28,9862
2405,輔信,18,0,18,元大-南京,2024-08-28,9862
8028,昇陽半導體,22,4,18,元大-南京,2024-08-28,9862
3715,定穎投控,27,10,17,元大-南京,2024-08-28,9862
6706,惠特,23,6,17,元大-南京,2024-08-28,9862
8996,高力,16,0,16,元大-南京,2024-08-28,9862
2201,裕隆,16,0,16,元大-南京,2024-08-28,9862
3062,建漢,26,10,16,元大-南京,2024-08-28,9862
8043,蜜望實,31,15,16,元大-南京,2024-08-28,9862
3047,訊舟,31,15,16,元大-南京,2024-08-28,9862
2645,長榮航太,13,0,13,元大-南京,2024-08-28,9862
00753L,中信中國50正2,13,0,13,元大-南京,2024-08-28,9862
3374,精材,19,6,13,元大-南京,2024-08-28,9862
5234,達興材料,12,0,12,元大-南京,2024-08-28,9862
3581,博磊,13,1,12,元大-南京,2024-08-28,9862
1711,永光,34,22,12,元大-南京,2024-08-28,9862
1609,大亞,12,0,12,元大-南京,2024-08-28,9862
00664R,國泰臺灣加權反1,500,0,500,元大-南京,2024-08-29,9862
00671R,富邦NASDAQ反1,500,0,500,元大-南京,2024-08-29,9862
00679B,元大美債20年,267,36,231,元大-南京,2024-08-29,9862
3550,聯穎,251,91,160,元大-南京,2024-08-29,9862
2891,中信金,177,22,155,元大-南京,2024-08-29,9862
00857B,永豐20年美公債,150,2,148,元大-南京,2024-08-29,9862
2426,鼎元,173,32,141,元大-南京,2024-08-29,9862
00959B,大華投等美債15Y+,116,0,116,元大-南京,2024-08-29,9862
00937B,群益ESG投等債20,99,12,87,元大-南京,2024-08-29,9862
00712,復華富時不動產,55,0,55,元大-南京,2024-08-29,9862
00929,復華台灣科技優息,60,6,54,元大-南京,2024-08-29,9862
4303,信立,54,2,52,元大-南京,2024-08-29,9862
6863,永道-KY,51,4,47,元大-南京,2024-08-29,9862
1440,南紡,42,0,42,元大-南京,2024-08-29,9862
00688L,國泰20年美債正2,40,0,40,元大-南京,2024-08-29,9862
2888,新光金,94,57,37,元大-南京,2024-08-29,9862
00933B,國泰10Y+金融債,35,0,35,元大-南京,2024-08-29,9862
00878,國泰永續高股息,35,1,34,元大-南京,2024-08-29,9862
1101,台泥,48,15,33,元大-南京,2024-08-29,9862
00637L,元大滬深300正2,31,0,31,元大-南京,2024-08-29,9862
00915,凱基優選高股息30,31,0,31,元大-南京,2024-08-29,9862
00687B,國泰20年美債,42,12,30,元大-南京,2024-08-29,9862
3149,正達,34,4,30,元大-南京,2024-08-29,9862
9945,潤泰新,25,0,25,元大-南京,2024-08-29,9862
00932,兆豐永續高息等權,22,0,22,元大-南京,2024-08-29,9862
4979,華星光,22,0,22,元大-南京,2024-08-29,9862
00751B,元大AAA至A公司債,22,0,22,元大-南京,2024-08-29,9862
2905,三商,23,1,22,元大-南京,2024-08-29,9862
3032,偉訓,21,0,21,元大-南京,2024-08-29,9862
2330,台積電,41,20,21,元大-南京,2024-08-29,9862
2449,京元電子,20,1,19,元大-南京,2024-08-29,9862
3450,聯鈞,60,44,16,元大-南京,2024-08-29,9862
2317,鴻海,41,25,16,元大-南京,2024-08-29,9862
4510,高鋒,71,55,16,元大-南京,2024-08-29,9862
3673,TPK-KY,15,0,15,元大-南京,2024-08-29,9862
1314,中石化,97,82,15,元大-南京,2024-08-29,9862
5234,達興材料,17,4,13,元大-南京,2024-08-29,9862
4563,百德,16,3,13,元大-南京,2024-08-29,9862
8096,擎亞,13,0,13,元大-南京,2024-08-29,9862
2367,燿華,39,27,12,元大-南京,2024-08-29,9862
3289,宜特,15,4,11,元大-南京,2024-08-29,9862
2303,聯電,15,4,11,元大-南京,2024-08-29,9862
1540,喬福,98,87,11,元大-南京,2024-08-29,9862
2385,群光,11,0,11,元大-南京,2024-08-29,9862
6790,永豐實,11,0,11,元大-南京,2024-08-29,9862
2313,華通,54,44,10,元大-南京,2024-08-29,9862
2809,京城銀,10,0,10,元大-南京,2024-08-29,9862
6603,富強鑫,43,33,10,元大-南京,2024-08-29,9862
4123,晟德,10,0,10,元大-南京,2024-08-29,9862
00954,中信日本半導體,10,0,10,元大-南京,2024-08-29,9862
00940,元大台灣價值高息,578,188,390,元大-南京,2024-08-30,9862
2888,新光金,227,37,190,元大-南京,2024-08-30,9862
00680L,元大美債20正2,115,0,115,元大-南京,2024-08-30,9862
00919,群益台灣精選高息,116,14,102,元大-南京,2024-08-30,9862
00936,台新永續高息中小,100,0,100,元大-南京,2024-08-30,9862
2891,中信金,97,22,75,元大-南京,2024-08-30,9862
00679B,元大美債20年,82,10,72,元大-南京,2024-08-30,9862
4510,高鋒,98,26,72,元大-南京,2024-08-30,9862
1314,中石化,65,0,65,元大-南京,2024-08-30,9862
00959B,大華投等美債15Y+,57,0,57,元大-南京,2024-08-30,9862
00688L,國泰20年美債正2,55,0,55,元大-南京,2024-08-30,9862
3689,湧德,51,1,50,元大-南京,2024-08-30,9862
8121,越峰,69,26,43,元大-南京,2024-08-30,9862
8085,福華,42,2,40,元大-南京,2024-08-30,9862
1785,光洋科,110,76,34,元大-南京,2024-08-30,9862
2409,友達,37,3,34,元大-南京,2024-08-30,9862
00725B,國泰投資級公司債,33,0,33,元大-南京,2024-08-30,9862
6863,永道-KY,34,2,32,元大-南京,2024-08-30,9862
2809,京城銀,30,0,30,元大-南京,2024-08-30,9862
2834,臺企銀,27,0,27,元大-南京,2024-08-30,9862
2455,全新,47,20,27,元大-南京,2024-08-30,9862
2801,彰銀,24,0,24,元大-南京,2024-08-30,9862
4906,正文,33,10,23,元大-南京,2024-08-30,9862
2464,盟立,27,6,21,元大-南京,2024-08-30,9862
8064,東捷,24,4,20,元大-南京,2024-08-30,9862
00937B,群益ESG投等債20,23,3,20,元大-南京,2024-08-30,9862
6546,正基,46,26,20,元大-南京,2024-08-30,9862
2548,華固,20,0,20,元大-南京,2024-08-30,9862
6215,和椿,47,28,19,元大-南京,2024-08-30,9862
00632R,元大台灣50反1,30,11,19,元大-南京,2024-08-30,9862
3710,連展投控,20,1,19,元大-南京,2024-08-30,9862
2520,冠德,31,12,19,元大-南京,2024-08-30,9862
2254,巨鎧精密-創,18,0,18,元大-南京,2024-08-30,9862
2317,鴻海,33,16,17,元大-南京,2024-08-30,9862
2367,燿華,153,136,17,元大-南京,2024-08-30,9862
6901,鑽石投資,20,4,16,元大-南京,2024-08-30,9862
2355,敬鵬,16,0,16,元大-南京,2024-08-30,9862
00830,國泰費城半導體,20,5,15,元大-南京,2024-08-30,9862
4566,時碩工業,16,1,15,元大-南京,2024-08-30,9862
00918,大華優利高填息30,22,8,14,元大-南京,2024-08-30,9862
6143,振曜,16,2,14,元大-南京,2024-08-30,9862
00946,群益科技高息成長,18,5,13,元大-南京,2024-08-30,9862
1540,喬福,22,9,13,元大-南京,2024-08-30,9862
2402,毅嘉,35,22,13,元大-南京,2024-08-30,9862
2426,鼎元,43,31,12,元大-南京,2024-08-30,9862
2408,南亞科,12,0,12,元大-南京,2024-08-30,9862
3545,敦泰,12,0,12,元大-南京,2024-08-30,9862
6269,台郡,18,7,11,元大-南京,2024-08-30,9862
4534,慶騰,11,0,11,元大-南京,2024-08-30,9862
2392,正崴,22,11,11,元大-南京,2024-08-30,9862
00959B,大華投等美債15Y+,186,10,176,元大-南京,2024-09-02,9862
00680L,元大美債20正2,202,40,162,元大-南京,2024-09-02,9862
8147,正淩,133,7,126,元大-南京,2024-09-02,9862
00940,元大台灣價值高息,141,37,104,元大-南京,2024-09-02,9862
2330,台積電,98,4,94,元大-南京,2024-09-02,9862
00688L,國泰20年美債正2,87,0,87,元大-南京,2024-09-02,9862
00679B,元大美債20年,336,278,58,元大-南京,2024-09-02,9862
2455,全新,68,13,55,元大-南京,2024-09-02,9862
00642U,期元大S＆P石油,52,0,52,元大-南京,2024-09-02,9862
00751B,元大AAA至A公司債,54,3,51,元大-南京,2024-09-02,9862
00919,群益台灣精選高息,300,255,45,元大-南京,2024-09-02,9862
00687B,國泰20年美債,41,0,41,元大-南京,2024-09-02,9862
2101,南港,40,0,40,元大-南京,2024-09-02,9862
3689,湧德,34,0,34,元大-南京,2024-09-02,9862
00637L,元大滬深300正2,28,3,25,元大-南京,2024-09-02,9862
2605,新興,27,2,25,元大-南京,2024-09-02,9862
00715L,期街口布蘭特正2,26,3,23,元大-南京,2024-09-02,9862
3062,建漢,40,17,23,元大-南京,2024-09-02,9862
00939,統一台灣高息動能,23,2,21,元大-南京,2024-09-02,9862
00632R,元大台灣50反1,20,0,20,元大-南京,2024-09-02,9862
6603,富強鑫,20,0,20,元大-南京,2024-09-02,9862
1513,中興電,22,4,18,元大-南京,2024-09-02,9862
8105,凌巨,24,6,18,元大-南京,2024-09-02,9862
1301,台塑,21,4,17,元大-南京,2024-09-02,9862
1718,中纖,17,0,17,元大-南京,2024-09-02,9862
6213,聯茂,20,4,16,元大-南京,2024-09-02,9862
00665L,富邦�琤肭磪囓�2,16,0,16,元大-南京,2024-09-02,9862
2603,長榮,20,5,15,元大-南京,2024-09-02,9862
00753L,中信中國50正2,15,0,15,元大-南京,2024-09-02,9862
2313,華通,32,18,14,元大-南京,2024-09-02,9862
00650L,復華香港正2,14,0,14,元大-南京,2024-09-02,9862
2609,陽明,13,0,13,元大-南京,2024-09-02,9862
3149,正達,24,12,12,元大-南京,2024-09-02,9862
1584,精剛,12,0,12,元大-南京,2024-09-02,9862
8150,南茂,12,0,12,元大-南京,2024-09-02,9862
00713,元大台灣高息低波,13,2,11,元大-南京,2024-09-02,9862
2317,鴻海,19,8,11,元大-南京,2024-09-02,9862
2408,南亞科,11,0,11,元大-南京,2024-09-02,9862
2476,鉅祥,13,2,11,元大-南京,2024-09-02,9862
3673,TPK-KY,28,18,10,元大-南京,2024-09-02,9862
00857B,永豐20年美公債,10,0,10,元大-南京,2024-09-02,9862
2913,農林,10,0,10,元大-南京,2024-09-02,9862
1530,亞崴,10,0,10,元大-南京,2024-09-02,9862
1736,喬山,10,0,10,元大-南京,2024-09-02,9862
6163,華電網,10,0,10,元大-南京,2024-09-02,9862
2534,宏盛,10,0,10,元大-南京,2024-09-02,9862
4714,永捷,20,10,10,元大-南京,2024-09-02,9862
1101,台泥,10,0,10,元大-南京,2024-09-02,9862
00946,群益科技高息成長,10,0,10,元大-南京,2024-09-02,9862
6680,鑫創電子,10,0,10,元大-南京,2024-09-02,9862
00919,群益台灣精選高息,270,60,210,元大-南京,2024-09-03,9862
2506,太設,139,0,139,元大-南京,2024-09-03,9862
00680L,元大美債20正2,132,0,132,元大-南京,2024-09-03,9862
00918,大華優利高填息30,81,0,81,元大-南京,2024-09-03,9862
00687B,國泰20年美債,91,10,81,元大-南京,2024-09-03,9862
00943,兆豐電子高息等權,80,0,80,元大-南京,2024-09-03,9862
00915,凱基優選高股息30,78,0,78,元大-南京,2024-09-03,9862
9945,潤泰新,59,0,59,元大-南京,2024-09-03,9862
00679B,元大美債20年,311,253,58,元大-南京,2024-09-03,9862
2520,冠德,54,0,54,元大-南京,2024-09-03,9862
1314,中石化,53,0,53,元大-南京,2024-09-03,9862
8070,長華*,135,83,52,元大-南京,2024-09-03,9862
0056,元大高股息,44,1,43,元大-南京,2024-09-03,9862
00878,國泰永續高股息,53,11,42,元大-南京,2024-09-03,9862
2888,新光金,93,51,42,元大-南京,2024-09-03,9862
5009,榮剛,39,0,39,元大-南京,2024-09-03,9862
00637L,元大滬深300正2,39,0,39,元大-南京,2024-09-03,9862
8089,康全電訊,38,2,36,元大-南京,2024-09-03,9862
2891,中信金,58,23,35,元大-南京,2024-09-03,9862
00633L,富邦上証正2,32,0,32,元大-南京,2024-09-03,9862
00882,中信中國高股息,29,0,29,元大-南京,2024-09-03,9862
1303,南亞,41,14,27,元大-南京,2024-09-03,9862
2449,京元電子,27,0,27,元大-南京,2024-09-03,9862
5443,均豪,81,56,25,元大-南京,2024-09-03,9862
2402,毅嘉,30,6,24,元大-南京,2024-09-03,9862
2476,鉅祥,29,6,23,元大-南京,2024-09-03,9862
1101,台泥,25,2,23,元大-南京,2024-09-03,9862
2486,一詮,66,44,22,元大-南京,2024-09-03,9862
00959B,大華投等美債15Y+,21,0,21,元大-南京,2024-09-03,9862
6163,華電網,20,0,20,元大-南京,2024-09-03,9862
3019,亞光,23,3,20,元大-南京,2024-09-03,9862
2897A,王道銀甲特,20,0,20,元大-南京,2024-09-03,9862
8021,尖點,29,10,19,元大-南京,2024-09-03,9862
2385,群光,19,2,17,元大-南京,2024-09-03,9862
3550,聯穎,16,0,16,元大-南京,2024-09-03,9862
00954,中信日本半導體,14,0,14,元大-南京,2024-09-03,9862
4960,誠美材,14,0,14,元大-南京,2024-09-03,9862
2330,台積電,15,2,13,元大-南京,2024-09-03,9862
3037,欣興,20,8,12,元大-南京,2024-09-03,9862
3035,智原,13,1,12,元大-南京,2024-09-03,9862
00948B,中信優息投資級債,12,0,12,元大-南京,2024-09-03,9862
2002,中鋼,18,7,11,元大-南京,2024-09-03,9862
8096,擎亞,19,8,11,元大-南京,2024-09-03,9862
2241,艾姆勒,12,1,11,元大-南京,2024-09-03,9862
00931B,統一美債20年,11,0,11,元大-南京,2024-09-03,9862
00953B,群益優選非投等債,11,0,11,元大-南京,2024-09-03,9862
1611,中電,10,0,10,元大-南京,2024-09-03,9862
2941,米斯特,10,0,10,元大-南京,2024-09-03,9862
3437,榮創,10,0,10,元大-南京,2024-09-03,9862
3645,達邁,10,0,10,元大-南京,2024-09-03,9862
00919,群益台灣精選高息,445,12,433,元大-南京,2024-09-04,9862
1217,愛之味,410,0,410,元大-南京,2024-09-04,9862
00940,元大台灣價值高息,395,22,373,元大-南京,2024-09-04,9862
00687B,國泰20年美債,372,87,285,元大-南京,2024-09-04,9862
00929,復華台灣科技優息,294,11,283,元大-南京,2024-09-04,9862
00878,國泰永續高股息,241,10,231,元大-南京,2024-09-04,9862
2330,台積電,202,30,172,元大-南京,2024-09-04,9862
2497,怡利電,174,15,159,元大-南京,2024-09-04,9862
00915,凱基優選高股息30,138,3,135,元大-南京,2024-09-04,9862
0056,元大高股息,141,22,119,元大-南京,2024-09-04,9862
2891,中信金,132,18,114,元大-南京,2024-09-04,9862
00918,大華優利高填息30,123,15,108,元大-南京,2024-09-04,9862
00946,群益科技高息成長,89,0,89,元大-南京,2024-09-04,9862
2382,廣達,76,7,69,元大-南京,2024-09-04,9862
00642U,期元大S＆P石油,64,0,64,元大-南京,2024-09-04,9862
1314,中石化,140,76,64,元大-南京,2024-09-04,9862
1785,光洋科,72,17,55,元大-南京,2024-09-04,9862
5880,合庫金,53,0,53,元大-南京,2024-09-04,9862
00713,元大台灣高息低波,67,14,53,元大-南京,2024-09-04,9862
2312,金寶,55,4,51,元大-南京,2024-09-04,9862
2506,太設,41,0,41,元大-南京,2024-09-04,9862
2535,達欣工,41,0,41,元大-南京,2024-09-04,9862
2850,新產,40,0,40,元大-南京,2024-09-04,9862
3481,群創,48,9,39,元大-南京,2024-09-04,9862
2356,英業達,39,0,39,元大-南京,2024-09-04,9862
006208,富邦台50,39,0,39,元大-南京,2024-09-04,9862
1303,南亞,48,10,38,元大-南京,2024-09-04,9862
00631L,元大台灣50正2,51,16,35,元大-南京,2024-09-04,9862
1301,台塑,46,11,35,元大-南京,2024-09-04,9862
3231,緯創,38,3,35,元大-南京,2024-09-04,9862
2354,鴻準,32,0,32,元大-南京,2024-09-04,9862
00715L,期街口布蘭特正2,31,0,31,元大-南京,2024-09-04,9862
00943,兆豐電子高息等權,30,0,30,元大-南京,2024-09-04,9862
2534,宏盛,30,0,30,元大-南京,2024-09-04,9862
00882,中信中國高股息,38,10,28,元大-南京,2024-09-04,9862
2101,南港,29,3,26,元大-南京,2024-09-04,9862
2633,台灣高鐵,25,0,25,元大-南京,2024-09-04,9862
6546,正基,26,1,25,元大-南京,2024-09-04,9862
8064,東捷,28,3,25,元大-南京,2024-09-04,9862
00951,台新日本半導體,25,0,25,元大-南京,2024-09-04,9862
3037,欣興,29,5,24,元大-南京,2024-09-04,9862
1711,永光,34,10,24,元大-南京,2024-09-04,9862
2317,鴻海,60,38,22,元大-南京,2024-09-04,9862
6757,台灣虎航,28,6,22,元大-南京,2024-09-04,9862
8110,華東,21,0,21,元大-南京,2024-09-04,9862
2610,華航,29,8,21,元大-南京,2024-09-04,9862
6603,富強鑫,22,1,21,元大-南京,2024-09-04,9862
0050,元大台灣50,55,34,21,元大-南京,2024-09-04,9862
2303,聯電,36,16,20,元大-南京,2024-09-04,9862
2505,國揚,20,0,20,元大-南京,2024-09-04,9862
1217,愛之味,561,0,561,元大-南京,2024-09-05,9862
00679B,元大美債20年,403,57,346,元大-南京,2024-09-05,9862
00632R,元大台灣50反1,593,292,301,元大-南京,2024-09-05,9862
1303,南亞,265,3,262,元大-南京,2024-09-05,9862
00919,群益台灣精選高息,212,19,193,元大-南京,2024-09-05,9862
0056,元大高股息,82,3,79,元大-南京,2024-09-05,9862
2344,華邦電,74,2,72,元大-南京,2024-09-05,9862
00878,國泰永續高股息,73,6,67,元大-南京,2024-09-05,9862
00929,復華台灣科技優息,57,1,56,元大-南京,2024-09-05,9862
2317,鴻海,67,15,52,元大-南京,2024-09-05,9862
6168,宏齊,50,0,50,元大-南京,2024-09-05,9862
8064,東捷,49,3,46,元大-南京,2024-09-05,9862
00918,大華優利高填息30,50,7,43,元大-南京,2024-09-05,9862
00713,元大台灣高息低波,58,17,41,元大-南京,2024-09-05,9862
3339,泰谷,40,4,36,元大-南京,2024-09-05,9862
00715L,期街口布蘭特正2,33,1,32,元大-南京,2024-09-05,9862
2464,盟立,96,65,31,元大-南京,2024-09-05,9862
00951,台新日本半導體,26,0,26,元大-南京,2024-09-05,9862
3615,安可,24,0,24,元大-南京,2024-09-05,9862
1314,中石化,23,0,23,元大-南京,2024-09-05,9862
00881,國泰台灣5G+,23,2,21,元大-南京,2024-09-05,9862
5512,力麒,21,0,21,元大-南京,2024-09-05,9862
1513,中興電,23,2,21,元大-南京,2024-09-05,9862
2371,大同,28,8,20,元大-南京,2024-09-05,9862
2201,裕隆,20,0,20,元大-南京,2024-09-05,9862
00946,群益科技高息成長,19,0,19,元大-南京,2024-09-05,9862
2382,廣達,26,7,19,元大-南京,2024-09-05,9862
00882,中信中國高股息,18,0,18,元大-南京,2024-09-05,9862
00642U,期元大S＆P石油,17,0,17,元大-南京,2024-09-05,9862
00952,凱基台灣AI50,17,0,17,元大-南京,2024-09-05,9862
4743,合一,16,0,16,元大-南京,2024-09-05,9862
2845,遠東銀,16,0,16,元大-南京,2024-09-05,9862
6213,聯茂,22,7,15,元大-南京,2024-09-05,9862
4538,大詠城,15,0,15,元大-南京,2024-09-05,9862
00945B,凱基美國非投等債,15,0,15,元大-南京,2024-09-05,9862
2022,聚亨,15,0,15,元大-南京,2024-09-05,9862
3689,湧德,18,3,15,元大-南京,2024-09-05,9862
00937B,群益ESG投等債20,20,5,15,元大-南京,2024-09-05,9862
2367,燿華,15,1,14,元大-南京,2024-09-05,9862
6753,龍德造船,14,0,14,元大-南京,2024-09-05,9862
3047,訊舟,28,14,14,元大-南京,2024-09-05,9862
00936,台新永續高息中小,13,0,13,元大-南京,2024-09-05,9862
2454,聯發科,34,21,13,元大-南京,2024-09-05,9862
2374,佳能,15,3,12,元大-南京,2024-09-05,9862
2408,南亞科,13,1,12,元大-南京,2024-09-05,9862
4714,永捷,20,8,12,元大-南京,2024-09-05,9862
3374,精材,19,7,12,元大-南京,2024-09-05,9862
00639,富邦深100,12,0,12,元大-南京,2024-09-05,9862
4951,精拓科,12,0,12,元大-南京,2024-09-05,9862
5876,上海商銀,11,0,11,元大-南京,2024-09-05,9862
00679B,元大美債20年,219,43,176,元大-南京,2024-09-06,9862
00687B,國泰20年美債,191,29,162,元大-南京,2024-09-06,9862
00680L,元大美債20正2,176,32,144,元大-南京,2024-09-06,9862
4414,如興,100,0,100,元大-南京,2024-09-06,9862
00795B,中信美國公債20年,60,2,58,元大-南京,2024-09-06,9862
9945,潤泰新,54,0,54,元大-南京,2024-09-06,9862
00676R,富邦臺灣加權反1,50,0,50,元大-南京,2024-09-06,9862
00720B,元大投資級公司債,56,10,46,元大-南京,2024-09-06,9862
3707,漢磊,76,34,42,元大-南京,2024-09-06,9862
00918,大華優利高填息30,47,10,37,元大-南京,2024-09-06,9862
00632R,元大台灣50反1,119,84,35,元大-南京,2024-09-06,9862
5234,達興材料,37,3,34,元大-南京,2024-09-06,9862
2501,國建,32,0,32,元大-南京,2024-09-06,9862
2354,鴻準,31,0,31,元大-南京,2024-09-06,9862
00715L,期街口布蘭特正2,27,0,27,元大-南京,2024-09-06,9862
6449,鈺邦,76,49,27,元大-南京,2024-09-06,9862
4510,高鋒,48,22,26,元大-南京,2024-09-06,9862
2476,鉅祥,26,1,25,元大-南京,2024-09-06,9862
00929,復華台灣科技優息,37,12,25,元大-南京,2024-09-06,9862
3037,欣興,25,2,23,元大-南京,2024-09-06,9862
3437,榮創,29,8,21,元大-南京,2024-09-06,9862
2505,國揚,20,0,20,元大-南京,2024-09-06,9862
6770,力積電,20,0,20,元大-南京,2024-09-06,9862
2506,太設,20,0,20,元大-南京,2024-09-06,9862
3710,連展投控,20,2,18,元大-南京,2024-09-06,9862
1309,台達化,17,0,17,元大-南京,2024-09-06,9862
2344,華邦電,21,5,16,元大-南京,2024-09-06,9862
5443,均豪,36,20,16,元大-南京,2024-09-06,9862
00919,群益台灣精選高息,41,26,15,元大-南京,2024-09-06,9862
6104,創惟,15,0,15,元大-南京,2024-09-06,9862
3675,德微,15,0,15,元大-南京,2024-09-06,9862
2408,南亞科,14,0,14,元大-南京,2024-09-06,9862
00878,國泰永續高股息,17,3,14,元大-南京,2024-09-06,9862
00946,群益科技高息成長,13,0,13,元大-南京,2024-09-06,9862
2402,毅嘉,12,0,12,元大-南京,2024-09-06,9862
3576,聯合再生,11,0,11,元大-南京,2024-09-06,9862
2349,錸德,11,0,11,元大-南京,2024-09-06,9862
0056,元大高股息,14,3,11,元大-南京,2024-09-06,9862
3406,玉晶光,10,0,10,元大-南京,2024-09-06,9862
00941,中信上游半導體,10,0,10,元大-南京,2024-09-06,9862
00952,凱基台灣AI50,20,10,10,元大-南京,2024-09-06,9862
2520,冠德,12,2,10,元大-南京,2024-09-06,9862
00923,群益台ESG低碳50,10,0,10,元大-南京,2024-09-06,9862
3088,艾訊,10,0,10,元大-南京,2024-09-06,9862
0061,元大寶滬深,10,0,10,元大-南京,2024-09-06,9862
2367,燿華,9,0,9,元大-南京,2024-09-06,9862
00642U,期元大S＆P石油,9,0,9,元大-南京,2024-09-06,9862
2883,凱基金,10,2,8,元大-南京,2024-09-06,9862
2464,盟立,41,33,8,元大-南京,2024-09-06,9862
3374,精材,10,2,8,元大-南京,2024-09-06,9862
00680L,元大美債20正2,127,0,127,元大-南京,2024-09-09,9862
00919,群益台灣精選高息,106,7,99,元大-南京,2024-09-09,9862
00918,大華優利高填息30,108,11,97,元大-南京,2024-09-09,9862
00687B,國泰20年美債,107,31,76,元大-南京,2024-09-09,9862
2317,鴻海,99,31,68,元大-南京,2024-09-09,9862
2520,冠德,63,2,61,元大-南京,2024-09-09,9862
00795B,中信美國公債20年,59,0,59,元大-南京,2024-09-09,9862
00940,元大台灣價值高息,93,43,50,元大-南京,2024-09-09,9862
00664R,國泰臺灣加權反1,50,0,50,元大-南京,2024-09-09,9862
00915,凱基優選高股息30,47,0,47,元大-南京,2024-09-09,9862
2885,元大金,54,7,47,元大-南京,2024-09-09,9862
00679B,元大美債20年,84,43,41,元大-南京,2024-09-09,9862
6603,富強鑫,40,0,40,元大-南京,2024-09-09,9862
2506,太設,40,0,40,元大-南京,2024-09-09,9862
00878,國泰永續高股息,91,51,40,元大-南京,2024-09-09,9862
6969,成信實業*-創,39,0,39,元大-南京,2024-09-09,9862
00882,中信中國高股息,38,0,38,元大-南京,2024-09-09,9862
2303,聯電,41,6,35,元大-南京,2024-09-09,9862
00642U,期元大S＆P石油,34,0,34,元大-南京,2024-09-09,9862
6706,惠特,40,6,34,元大-南京,2024-09-09,9862
9945,潤泰新,34,0,34,元大-南京,2024-09-09,9862
6274,台燿,62,30,32,元大-南京,2024-09-09,9862
00929,復華台灣科技優息,48,17,31,元大-南京,2024-09-09,9862
2891,中信金,51,21,30,元大-南京,2024-09-09,9862
0056,元大高股息,33,5,28,元大-南京,2024-09-09,9862
2881,富邦金,49,24,25,元大-南京,2024-09-09,9862
2609,陽明,26,1,25,元大-南京,2024-09-09,9862
2883,凱基金,25,0,25,元大-南京,2024-09-09,9862
2489,瑞軒,24,0,24,元大-南京,2024-09-09,9862
00959B,大華投等美債15Y+,20,0,20,元大-南京,2024-09-09,9862
00951,台新日本半導體,20,0,20,元大-南京,2024-09-09,9862
2330,台積電,41,22,19,元大-南京,2024-09-09,9862
00881,國泰台灣5G+,20,1,19,元大-南京,2024-09-09,9862
3234,光環,18,0,18,元大-南京,2024-09-09,9862
2002,中鋼,18,0,18,元大-南京,2024-09-09,9862
00900,富邦特選高股息30,16,0,16,元大-南京,2024-09-09,9862
6873,泓德能源,16,0,16,元大-南京,2024-09-09,9862
2505,國揚,15,0,15,元大-南京,2024-09-09,9862
5347,世界,15,1,14,元大-南京,2024-09-09,9862
2356,英業達,20,7,13,元大-南京,2024-09-09,9862
00943,兆豐電子高息等權,12,0,12,元大-南京,2024-09-09,9862
00715L,期街口布蘭特正2,13,1,12,元大-南京,2024-09-09,9862
2382,廣達,21,9,12,元大-南京,2024-09-09,9862
2887,台新金,19,8,11,元大-南京,2024-09-09,9862
006208,富邦台50,18,7,11,元大-南京,2024-09-09,9862
2476,鉅祥,18,7,11,元大-南京,2024-09-09,9862
3711,日月光投控,10,0,10,元大-南京,2024-09-09,9862
2354,鴻準,11,1,10,元大-南京,2024-09-09,9862
2850,新產,10,0,10,元大-南京,2024-09-09,9862
3032,偉訓,11,1,10,元大-南京,2024-09-09,9862
00632R,元大台灣50反1,462,201,261,元大-南京,2024-09-10,9862
00959B,大華投等美債15Y+,149,0,149,元大-南京,2024-09-10,9862
00918,大華優利高填息30,109,10,99,元大-南京,2024-09-10,9862
00919,群益台灣精選高息,100,5,95,元大-南京,2024-09-10,9862
1326,台化,91,0,91,元大-南京,2024-09-10,9862
00940,元大台灣價值高息,103,25,78,元大-南京,2024-09-10,9862
2887,台新金,80,10,70,元大-南京,2024-09-10,9862
00878,國泰永續高股息,88,24,64,元大-南京,2024-09-10,9862
00948B,中信優息投資級債,58,0,58,元大-南京,2024-09-10,9862
00795B,中信美國公債20年,66,11,55,元大-南京,2024-09-10,9862
1718,中纖,52,2,50,元大-南京,2024-09-10,9862
00946,群益科技高息成長,49,0,49,元大-南京,2024-09-10,9862
2352,佳世達,51,2,49,元大-南京,2024-09-10,9862
00915,凱基優選高股息30,42,0,42,元大-南京,2024-09-10,9862
4510,高鋒,45,3,42,元大-南京,2024-09-10,9862
00708L,期元大S＆P黃金正2,40,0,40,元大-南京,2024-09-10,9862
6603,富強鑫,40,0,40,元大-南京,2024-09-10,9862
2344,華邦電,33,0,33,元大-南京,2024-09-10,9862
6274,台燿,47,14,33,元大-南京,2024-09-10,9862
3037,欣興,35,2,33,元大-南京,2024-09-10,9862
2891,中信金,39,10,29,元大-南京,2024-09-10,9862
00929,復華台灣科技優息,64,35,29,元大-南京,2024-09-10,9862
2408,南亞科,28,0,28,元大-南京,2024-09-10,9862
2317,鴻海,51,25,26,元大-南京,2024-09-10,9862
00942B,台新美A公司債20+,25,0,25,元大-南京,2024-09-10,9862
8096,擎亞,25,2,23,元大-南京,2024-09-10,9862
1786,科妍,24,2,22,元大-南京,2024-09-10,9862
2426,鼎元,22,0,22,元大-南京,2024-09-10,9862
4526,東台,22,0,22,元大-南京,2024-09-10,9862
00679B,元大美債20年,41,21,20,元大-南京,2024-09-10,9862
6104,創惟,20,0,20,元大-南京,2024-09-10,9862
00751B,元大AAA至A公司債,21,2,19,元大-南京,2024-09-10,9862
3447,展達,20,1,19,元大-南京,2024-09-10,9862
2609,陽明,23,5,18,元大-南京,2024-09-10,9862
2382,廣達,50,32,18,元大-南京,2024-09-10,9862
9945,潤泰新,19,1,18,元大-南京,2024-09-10,9862
8996,高力,24,6,18,元大-南京,2024-09-10,9862
3017,奇鋐,18,1,17,元大-南京,2024-09-10,9862
0056,元大高股息,31,14,17,元大-南京,2024-09-10,9862
2027,大成鋼,18,2,16,元大-南京,2024-09-10,9862
2002,中鋼,23,7,16,元大-南京,2024-09-10,9862
2883,凱基金,40,25,15,元大-南京,2024-09-10,9862
3312,弘憶股,15,0,15,元大-南京,2024-09-10,9862
5443,均豪,112,97,15,元大-南京,2024-09-10,9862
2505,國揚,15,0,15,元大-南京,2024-09-10,9862
8433,弘帆,15,0,15,元大-南京,2024-09-10,9862
00687B,國泰20年美債,109,94,15,元大-南京,2024-09-10,9862
2356,英業達,16,2,14,元大-南京,2024-09-10,9862
00934,中信成長高股息,14,0,14,元大-南京,2024-09-10,9862
1736,喬山,22,8,14,元大-南京,2024-09-10,9862
2801,彰銀,155,0,155,元大-南京,2024-09-11,9862
00959B,大華投等美債15Y+,117,0,117,元大-南京,2024-09-11,9862
00632R,元大台灣50反1,100,1,99,元大-南京,2024-09-11,9862
2330,台積電,101,6,95,元大-南京,2024-09-11,9862
00878,國泰永續高股息,74,1,73,元大-南京,2024-09-11,9862
00696B,富邦美債20年,58,0,58,元大-南京,2024-09-11,9862
00929,復華台灣科技優息,46,0,46,元大-南京,2024-09-11,9862
00946,群益科技高息成長,33,0,33,元大-南京,2024-09-11,9862
00720B,元大投資級公司債,33,0,33,元大-南京,2024-09-11,9862
3715,定穎投控,36,3,33,元大-南京,2024-09-11,9862
00949,復華日本龍頭,31,0,31,元大-南京,2024-09-11,9862
1711,永光,31,1,30,元大-南京,2024-09-11,9862
2850,新產,30,0,30,元大-南京,2024-09-11,9862
00642U,期元大S＆P石油,24,0,24,元大-南京,2024-09-11,9862
1909,榮成,20,0,20,元大-南京,2024-09-11,9862
1442,名軒,20,0,20,元大-南京,2024-09-11,9862
1309,台達化,25,5,20,元大-南京,2024-09-11,9862
2535,達欣工,20,0,20,元大-南京,2024-09-11,9862
00713,元大台灣高息低波,20,1,19,元大-南京,2024-09-11,9862
1513,中興電,20,1,19,元大-南京,2024-09-11,9862
1101,台泥,19,0,19,元大-南京,2024-09-11,9862
00915,凱基優選高股息30,19,0,19,元大-南京,2024-09-11,9862
00918,大華優利高填息30,18,0,18,元大-南京,2024-09-11,9862
6743,安普新,19,1,18,元大-南京,2024-09-11,9862
4979,華星光,30,12,18,元大-南京,2024-09-11,9862
4426,利勤,17,0,17,元大-南京,2024-09-11,9862
0061,元大寶滬深,16,0,16,元大-南京,2024-09-11,9862
4566,時碩工業,18,4,14,元大-南京,2024-09-11,9862
00830,國泰費城半導體,14,0,14,元大-南京,2024-09-11,9862
00919,群益台灣精選高息,25,11,14,元大-南京,2024-09-11,9862
8076,伍豐,13,0,13,元大-南京,2024-09-11,9862
00751B,元大AAA至A公司債,13,0,13,元大-南京,2024-09-11,9862
2002,中鋼,13,1,12,元大-南京,2024-09-11,9862
5443,均豪,98,86,12,元大-南京,2024-09-11,9862
2903,遠百,13,2,11,元大-南京,2024-09-11,9862
1522,堤維西,14,4,10,元大-南京,2024-09-11,9862
2885,元大金,11,1,10,元大-南京,2024-09-11,9862
6550,北極星藥業-KY,10,0,10,元大-南京,2024-09-11,9862
3707,漢磊,12,2,10,元大-南京,2024-09-11,9862
00715L,期街口布蘭特正2,10,0,10,元大-南京,2024-09-11,9862
00725B,國泰投資級公司債,10,0,10,元大-南京,2024-09-11,9862
8096,擎亞,12,2,10,元大-南京,2024-09-11,9862
2010,春源,10,0,10,元大-南京,2024-09-11,9862
6895,宏碩系統,10,0,10,元大-南京,2024-09-11,9862
2605,新興,10,0,10,元大-南京,2024-09-11,9862
9938,百和,10,0,10,元大-南京,2024-09-11,9862
8093,保銳,10,0,10,元大-南京,2024-09-11,9862
006208,富邦台50,30,20,10,元大-南京,2024-09-11,9862
6873,泓德能源,10,1,9,元大-南京,2024-09-11,9862
00753L,中信中國50正2,9,0,9,元大-南京,2024-09-11,9862
00959B,大華投等美債15Y+,197,5,192,元大-南京,2024-09-12,9862
2308,台達電,193,9,184,元大-南京,2024-09-12,9862
2888,新光金,156,10,146,元大-南京,2024-09-12,9862
00632R,元大台灣50反1,171,54,117,元大-南京,2024-09-12,9862
00696B,富邦美債20年,101,0,101,元大-南京,2024-09-12,9862
00687B,國泰20年美債,71,7,64,元大-南京,2024-09-12,9862
2313,華通,67,4,63,元大-南京,2024-09-12,9862
00662,富邦NASDAQ,57,0,57,元大-南京,2024-09-12,9862
2887,台新金,48,7,41,元大-南京,2024-09-12,9862
00706L,期元大S＆P日圓正2,40,0,40,元大-南京,2024-09-12,9862
6449,鈺邦,37,0,37,元大-南京,2024-09-12,9862
6706,惠特,48,15,33,元大-南京,2024-09-12,9862
00919,群益台灣精選高息,41,10,31,元大-南京,2024-09-12,9862
5443,均豪,91,61,30,元大-南京,2024-09-12,9862
00650L,復華香港正2,30,0,30,元大-南京,2024-09-12,9862
00679B,元大美債20年,60,30,30,元大-南京,2024-09-12,9862
9105,泰金寶-DR,26,0,26,元大-南京,2024-09-12,9862
1442,名軒,25,1,24,元大-南京,2024-09-12,9862
00929,復華台灣科技優息,43,20,23,元大-南京,2024-09-12,9862
00878,國泰永續高股息,24,3,21,元大-南京,2024-09-12,9862
5347,世界,20,0,20,元大-南京,2024-09-12,9862
00915,凱基優選高股息30,27,9,18,元大-南京,2024-09-12,9862
1513,中興電,21,5,16,元大-南京,2024-09-12,9862
6133,金橋,32,16,16,元大-南京,2024-09-12,9862
2891,中信金,55,40,15,元大-南京,2024-09-12,9862
2408,南亞科,23,10,13,元大-南京,2024-09-12,9862
1786,科妍,11,0,11,元大-南京,2024-09-12,9862
3437,榮創,10,0,10,元大-南京,2024-09-12,9862
2850,新產,10,0,10,元大-南京,2024-09-12,9862
4977,眾達-KY,28,18,10,元大-南京,2024-09-12,9862
3213,茂訊,10,0,10,元大-南京,2024-09-12,9862
6806,森崴能源,10,0,10,元大-南京,2024-09-12,9862
5521,工信,10,0,10,元大-南京,2024-09-12,9862
6104,創惟,20,10,10,元大-南京,2024-09-12,9862
00927,群益半導體收益,10,0,10,元大-南京,2024-09-12,9862
4770,上品,10,0,10,元大-南京,2024-09-12,9862
00751B,元大AAA至A公司債,9,0,9,元大-南京,2024-09-12,9862
0061,元大寶滬深,9,0,9,元大-南京,2024-09-12,9862
6284,佳邦,10,1,9,元大-南京,2024-09-12,9862
00946,群益科技高息成長,8,0,8,元大-南京,2024-09-12,9862
8064,東捷,9,2,7,元大-南京,2024-09-12,9862
00882,中信中國高股息,8,1,7,元大-南京,2024-09-12,9862
6640,均華,13,6,7,元大-南京,2024-09-12,9862
3607,谷崧,18,12,6,元大-南京,2024-09-12,9862
8071,能率網通,6,0,6,元大-南京,2024-09-12,9862
3491,昇達科,6,0,6,元大-南京,2024-09-12,9862
2357,華碩,6,0,6,元大-南京,2024-09-12,9862
3673,TPK-KY,10,4,6,元大-南京,2024-09-12,9862
2337,旺宏,8,2,6,元大-南京,2024-09-12,9862
2467,志聖,7,2,5,元大-南京,2024-09-12,9862
2888,新光金,227,33,194,元大-南京,2024-09-13,9862
00632R,元大台灣50反1,145,0,145,元大-南京,2024-09-13,9862
6143,振曜,109,3,106,元大-南京,2024-09-13,9862
00857B,永豐20年美公債,104,0,104,元大-南京,2024-09-13,9862
00688L,國泰20年美債正2,72,0,72,元大-南京,2024-09-13,9862
3062,建漢,110,43,67,元大-南京,2024-09-13,9862
00943,兆豐電子高息等權,69,6,63,元大-南京,2024-09-13,9862
00919,群益台灣精選高息,59,2,57,元大-南京,2024-09-13,9862
1460,宏遠,40,0,40,元大-南京,2024-09-13,9862
00959B,大華投等美債15Y+,40,0,40,元大-南京,2024-09-13,9862
00918,大華優利高填息30,40,0,40,元大-南京,2024-09-13,9862
00680L,元大美債20正2,40,3,37,元大-南京,2024-09-13,9862
00929,復華台灣科技優息,47,10,37,元大-南京,2024-09-13,9862
1540,喬福,147,112,35,元大-南京,2024-09-13,9862
8147,正淩,32,1,31,元大-南京,2024-09-13,9862
00679B,元大美債20年,24,0,24,元大-南京,2024-09-13,9862
4510,高鋒,91,67,24,元大-南京,2024-09-13,9862
00713,元大台灣高息低波,27,4,23,元大-南京,2024-09-13,9862
2845,遠東銀,23,0,23,元大-南京,2024-09-13,9862
00878,國泰永續高股息,35,12,23,元大-南京,2024-09-13,9862
1102,亞泥,22,2,20,元大-南京,2024-09-13,9862
2885,元大金,21,2,19,元大-南京,2024-09-13,9862
2477,美隆電,21,3,18,元大-南京,2024-09-13,9862
4561,健椿,19,4,15,元大-南京,2024-09-13,9862
2201,裕隆,15,0,15,元大-南京,2024-09-13,9862
2303,聯電,14,0,14,元大-南京,2024-09-13,9862
00915,凱基優選高股息30,13,0,13,元大-南京,2024-09-13,9862
1711,永光,18,5,13,元大-南京,2024-09-13,9862
3032,偉訓,13,0,13,元大-南京,2024-09-13,9862
2429,銘旺科,13,0,13,元大-南京,2024-09-13,9862
2365,昆盈,15,3,12,元大-南京,2024-09-13,9862
2883,凱基金,11,0,11,元大-南京,2024-09-13,9862
5309,系統電,11,0,11,元大-南京,2024-09-13,9862
4102,永日,11,0,11,元大-南京,2024-09-13,9862
8096,擎亞,11,1,10,元大-南京,2024-09-13,9862
4909,新復興,46,36,10,元大-南京,2024-09-13,9862
2641,正德,10,0,10,元大-南京,2024-09-13,9862
4933,友輝,10,0,10,元大-南京,2024-09-13,9862
6104,創惟,24,15,9,元大-南京,2024-09-13,9862
3013,晟銘電,13,4,9,元大-南京,2024-09-13,9862
3380,明泰,10,1,9,元大-南京,2024-09-13,9862
2449,京元電子,13,4,9,元大-南京,2024-09-13,9862
3227,原相,15,6,9,元大-南京,2024-09-13,9862
4563,百德,18,10,8,元大-南京,2024-09-13,9862
6446,藥華藥,8,0,8,元大-南京,2024-09-13,9862
1326,台化,10,2,8,元大-南京,2024-09-13,9862
6257,矽格,9,2,7,元大-南京,2024-09-13,9862
6449,鈺邦,9,2,7,元大-南京,2024-09-13,9862
6790,永豐實,7,0,7,元大-南京,2024-09-13,9862
5222,全訊,7,0,7,元大-南京,2024-09-13,9862
2887,台新金,200,10,190,元大-南京,2024-09-16,9862
1101,台泥,142,1,141,元大-南京,2024-09-16,9862
00919,群益台灣精選高息,115,0,115,元大-南京,2024-09-16,9862
00712,復華富時不動產,111,0,111,元大-南京,2024-09-16,9862
00918,大華優利高填息30,89,0,89,元大-南京,2024-09-16,9862
00751B,元大AAA至A公司債,80,1,79,元大-南京,2024-09-16,9862
00720B,元大投資級公司債,70,1,69,元大-南京,2024-09-16,9862
00945B,凱基美國非投等債,67,0,67,元大-南京,2024-09-16,9862
4563,百德,76,16,60,元大-南京,2024-09-16,9862
00929,復華台灣科技優息,70,18,52,元大-南京,2024-09-16,9862
00664R,國泰臺灣加權反1,50,0,50,元大-南京,2024-09-16,9862
00921,兆豐龍頭等權重,50,0,50,元大-南京,2024-09-16,9862
1785,光洋科,71,26,45,元大-南京,2024-09-16,9862
00632R,元大台灣50反1,44,0,44,元大-南京,2024-09-16,9862
2062,橋椿,51,8,43,元大-南京,2024-09-16,9862
00959B,大華投等美債15Y+,40,0,40,元大-南京,2024-09-16,9862
00679B,元大美債20年,90,51,39,元大-南京,2024-09-16,9862
2610,華航,36,0,36,元大-南京,2024-09-16,9862
6969,成信實業*-創,33,0,33,元大-南京,2024-09-16,9862
9105,泰金寶-DR,32,0,32,元大-南京,2024-09-16,9862
6205,詮欣,30,0,30,元大-南京,2024-09-16,9862
00915,凱基優選高股息30,29,8,21,元大-南京,2024-09-16,9862
4571,鈞興-KY,32,11,21,元大-南京,2024-09-16,9862
3041,揚智,20,0,20,元大-南京,2024-09-16,9862
4123,晟德,20,0,20,元大-南京,2024-09-16,9862
00937B,群益ESG投等債20,20,0,20,元大-南京,2024-09-16,9862
1742,台蠟,18,0,18,元大-南京,2024-09-16,9862
6152,百一,17,0,17,元大-南京,2024-09-16,9862
2885,元大金,20,4,16,元大-南京,2024-09-16,9862
3227,原相,20,5,15,元大-南京,2024-09-16,9862
6274,台燿,22,8,14,元大-南京,2024-09-16,9862
1460,宏遠,20,6,14,元大-南京,2024-09-16,9862
6873,泓德能源,12,0,12,元大-南京,2024-09-16,9862
6163,華電網,16,4,12,元大-南京,2024-09-16,9862
8096,擎亞,11,0,11,元大-南京,2024-09-16,9862
5230,雷笛克光學,13,2,11,元大-南京,2024-09-16,9862
3167,大量,16,5,11,元大-南京,2024-09-16,9862
3289,宜特,11,0,11,元大-南京,2024-09-16,9862
8054,安國,12,1,11,元大-南京,2024-09-16,9862
3051,力特,11,0,11,元大-南京,2024-09-16,9862
8028,昇陽半導體,18,7,11,元大-南京,2024-09-16,9862
2429,銘旺科,10,0,10,元大-南京,2024-09-16,9862
3047,訊舟,12,2,10,元大-南京,2024-09-16,9862
6121,新普,10,0,10,元大-南京,2024-09-16,9862
2486,一詮,10,0,10,元大-南京,2024-09-16,9862
2431,聯昌,10,0,10,元大-南京,2024-09-16,9862
0056,元大高股息,14,5,9,元大-南京,2024-09-16,9862
00688L,國泰20年美債正2,13,4,9,元大-南京,2024-09-16,9862
3437,榮創,16,7,9,元大-南京,2024-09-16,9862
3702A,大聯大甲特,10,1,9,元大-南京,2024-09-16,9862
2888,新光金,808,148,660,元大-南京,2024-09-18,9862
00679B,元大美債20年,159,23,136,元大-南京,2024-09-18,9862
00696B,富邦美債20年,100,0,100,元大-南京,2024-09-18,9862
00929,復華台灣科技優息,98,1,97,元大-南京,2024-09-18,9862
2303,聯電,98,2,96,元大-南京,2024-09-18,9862
00713,元大台灣高息低波,87,0,87,元大-南京,2024-09-18,9862
00687B,國泰20年美債,90,5,85,元大-南京,2024-09-18,9862
00919,群益台灣精選高息,86,10,76,元大-南京,2024-09-18,9862
00918,大華優利高填息30,92,20,72,元大-南京,2024-09-18,9862
5443,均豪,93,29,64,元大-南京,2024-09-18,9862
4977,眾達-KY,72,14,58,元大-南京,2024-09-18,9862
6116,彩晶,63,10,53,元大-南京,2024-09-18,9862
6863,永道-KY,123,70,53,元大-南京,2024-09-18,9862
00945B,凱基美國非投等債,52,0,52,元大-南京,2024-09-18,9862
6969,成信實業*-創,47,0,47,元大-南京,2024-09-18,9862
3062,建漢,75,28,47,元大-南京,2024-09-18,9862
2317,鴻海,69,25,44,元大-南京,2024-09-18,9862
1785,光洋科,89,46,43,元大-南京,2024-09-18,9862
00720B,元大投資級公司債,40,0,40,元大-南京,2024-09-18,9862
4563,百德,42,6,36,元大-南京,2024-09-18,9862
00959B,大華投等美債15Y+,35,0,35,元大-南京,2024-09-18,9862
9927,泰銘,32,0,32,元大-南京,2024-09-18,9862
0056,元大高股息,32,0,32,元大-南京,2024-09-18,9862
3167,大量,39,9,30,元大-南京,2024-09-18,9862
00751B,元大AAA至A公司債,49,20,29,元大-南京,2024-09-18,9862
2382,廣達,31,4,27,元大-南京,2024-09-18,9862
6546,正基,23,0,23,元大-南京,2024-09-18,9862
3689,湧德,22,0,22,元大-南京,2024-09-18,9862
00934,中信成長高股息,33,11,22,元大-南京,2024-09-18,9862
00712,復華富時不動產,22,1,21,元大-南京,2024-09-18,9862
2505,國揚,20,0,20,元大-南京,2024-09-18,9862
2506,太設,20,0,20,元大-南京,2024-09-18,9862
5234,達興材料,68,49,19,元大-南京,2024-09-18,9862
6274,台燿,25,7,18,元大-南京,2024-09-18,9862
2477,美隆電,19,1,18,元大-南京,2024-09-18,9862
6830,汎銓,22,5,17,元大-南京,2024-09-18,9862
00915,凱基優選高股息30,16,0,16,元大-南京,2024-09-18,9862
2887,台新金,22,7,15,元大-南京,2024-09-18,9862
8111,立��,20,7,13,元大-南京,2024-09-18,9862
9105,泰金寶-DR,33,20,13,元大-南京,2024-09-18,9862
4561,健椿,19,7,12,元大-南京,2024-09-18,9862
00951,台新日本半導體,12,0,12,元大-南京,2024-09-18,9862
2324,仁寶,14,3,11,元大-南京,2024-09-18,9862
2312,金寶,12,1,11,元大-南京,2024-09-18,9862
1815,富喬,21,11,10,元大-南京,2024-09-18,9862
6806,森崴能源,10,0,10,元大-南京,2024-09-18,9862
9912,偉聯,10,0,10,元大-南京,2024-09-18,9862
3479,安勤,10,0,10,元大-南京,2024-09-18,9862
8358,金居,10,0,10,元大-南京,2024-09-18,9862
8255,朋程,10,0,10,元大-南京,2024-09-18,9862
00687B,國泰20年美債,348,21,327,元大-南京,2024-09-19,9862
00918,大華優利高填息30,152,2,150,元大-南京,2024-09-19,9862
2801,彰銀,152,5,147,元大-南京,2024-09-19,9862
2881,富邦金,118,12,106,元大-南京,2024-09-19,9862
00919,群益台灣精選高息,246,142,104,元大-南京,2024-09-19,9862
6271,同欣電,97,0,97,元大-南京,2024-09-19,9862
00679B,元大美債20年,124,32,92,元大-南京,2024-09-19,9862
6706,惠特,102,13,89,元大-南京,2024-09-19,9862
5392,能率,65,5,60,元大-南京,2024-09-19,9862
9904,寶成,60,1,59,元大-南京,2024-09-19,9862
2351,順德,51,1,50,元大-南京,2024-09-19,9862
8087,麗升能源,48,0,48,元大-南京,2024-09-19,9862
1460,宏遠,46,0,46,元大-南京,2024-09-19,9862
00795B,中信美國公債20年,44,0,44,元大-南京,2024-09-19,9862
00632R,元大台灣50反1,42,0,42,元大-南京,2024-09-19,9862
6284,佳邦,36,0,36,元大-南京,2024-09-19,9862
6969,成信實業*-創,34,1,33,元大-南京,2024-09-19,9862
6116,彩晶,30,0,30,元大-南京,2024-09-19,9862
9927,泰銘,25,0,25,元大-南京,2024-09-19,9862
00929,復華台灣科技優息,25,0,25,元大-南京,2024-09-19,9862
6425,易發,25,1,24,元大-南京,2024-09-19,9862
4956,光鋐,22,0,22,元大-南京,2024-09-19,9862
2497,怡利電,24,2,22,元大-南京,2024-09-19,9862
00713,元大台灣高息低波,22,0,22,元大-南京,2024-09-19,9862
2344,華邦電,21,0,21,元大-南京,2024-09-19,9862
4958,臻鼎-KY,21,1,20,元大-南京,2024-09-19,9862
2891,中信金,44,25,19,元大-南京,2024-09-19,9862
5234,達興材料,55,36,19,元大-南京,2024-09-19,9862
00882,中信中國高股息,18,0,18,元大-南京,2024-09-19,9862
6830,汎銓,24,6,18,元大-南京,2024-09-19,9862
6788,華景電,17,0,17,元大-南京,2024-09-19,9862
3360,尚立,23,6,17,元大-南京,2024-09-19,9862
2867,三商壽,15,0,15,元大-南京,2024-09-19,9862
00958B,永豐ESG銀行債15,15,0,15,元大-南京,2024-09-19,9862
5263,智崴,14,0,14,元大-南京,2024-09-19,9862
6121,新普,13,0,13,元大-南京,2024-09-19,9862
2605,新興,12,0,12,元大-南京,2024-09-19,9862
3049,精金,32,20,12,元大-南京,2024-09-19,9862
00631L,元大台灣50正2,12,1,11,元大-南京,2024-09-19,9862
8064,東捷,13,2,11,元大-南京,2024-09-19,9862
5871,中租-KY,10,0,10,元大-南京,2024-09-19,9862
9935,慶豐富,12,2,10,元大-南京,2024-09-19,9862
6205,詮欣,10,0,10,元大-南京,2024-09-19,9862
00720B,元大投資級公司債,12,3,9,元大-南京,2024-09-19,9862
00693U,期街口S＆P黃豆,9,0,9,元大-南京,2024-09-19,9862
2409,友達,17,8,9,元大-南京,2024-09-19,9862
4909,新復興,41,32,9,元大-南京,2024-09-19,9862
8996,高力,21,13,8,元大-南京,2024-09-19,9862
00670L,富邦NASDAQ正2,8,0,8,元大-南京,2024-09-19,9862
5230,雷笛克光學,10,2,8,元大-南京,2024-09-19,9862
00687B,國泰20年美債,421,21,400,元大-南京,2024-09-20,9862
00679B,元大美債20年,199,16,183,元大-南京,2024-09-20,9862
00929,復華台灣科技優息,194,66,128,元大-南京,2024-09-20,9862
00919,群益台灣精選高息,118,22,96,元大-南京,2024-09-20,9862
1103,嘉泥,74,0,74,元大-南京,2024-09-20,9862
00688L,國泰20年美債正2,73,0,73,元大-南京,2024-09-20,9862
3019,亞光,82,9,73,元大-南京,2024-09-20,9862
1460,宏遠,70,0,70,元大-南京,2024-09-20,9862
2520,冠德,72,8,64,元大-南京,2024-09-20,9862
00915,凱基優選高股息30,56,0,56,元大-南京,2024-09-20,9862
2506,太設,50,0,50,元大-南京,2024-09-20,9862
2610,華航,75,28,47,元大-南京,2024-09-20,9862
6104,創惟,128,83,45,元大-南京,2024-09-20,9862
2351,順德,93,56,37,元大-南京,2024-09-20,9862
3550,聯穎,44,8,36,元大-南京,2024-09-20,9862
2501,國建,47,12,35,元大-南京,2024-09-20,9862
2609,陽明,54,20,34,元大-南京,2024-09-20,9862
00708L,期元大S＆P黃金正2,32,0,32,元大-南京,2024-09-20,9862
00830,國泰費城半導體,34,2,32,元大-南京,2024-09-20,9862
8070,長華*,47,16,31,元大-南京,2024-09-20,9862
2382,廣達,46,15,31,元大-南京,2024-09-20,9862
00936,台新永續高息中小,30,0,30,元大-南京,2024-09-20,9862
6727,亞泰金屬,30,0,30,元大-南京,2024-09-20,9862
00712,復華富時不動產,32,3,29,元大-南京,2024-09-20,9862
00948B,中信優息投資級債,40,16,24,元大-南京,2024-09-20,9862
3715,定穎投控,88,64,24,元大-南京,2024-09-20,9862
2317,鴻海,92,70,22,元大-南京,2024-09-20,9862
1442,名軒,26,4,22,元大-南京,2024-09-20,9862
00958B,永豐ESG銀行債15,24,2,22,元大-南京,2024-09-20,9862
2883,凱基金,24,3,21,元大-南京,2024-09-20,9862
4510,高鋒,28,7,21,元大-南京,2024-09-20,9862
5475,德宏,21,1,20,元大-南京,2024-09-20,9862
00944,野村趨勢動能高息,20,0,20,元大-南京,2024-09-20,9862
2349,錸德,20,0,20,元大-南京,2024-09-20,9862
3711,日月光投控,20,1,19,元大-南京,2024-09-20,9862
2101,南港,18,0,18,元大-南京,2024-09-20,9862
6863,永道-KY,36,18,18,元大-南京,2024-09-20,9862
2464,盟立,100,83,17,元大-南京,2024-09-20,9862
3693,營邦,17,0,17,元大-南京,2024-09-20,9862
00631L,元大台灣50正2,22,6,16,元大-南京,2024-09-20,9862
2022,聚亨,15,0,15,元大-南京,2024-09-20,9862
00960,野村全球航運龍頭,15,0,15,元大-南京,2024-09-20,9862
5213,亞昕,15,0,15,元大-南京,2024-09-20,9862
8110,華東,15,0,15,元大-南京,2024-09-20,9862
00664R,國泰臺灣加權反1,15,0,15,元大-南京,2024-09-20,9862
3230,錦明,18,4,14,元大-南京,2024-09-20,9862
2303,聯電,16,3,13,元大-南京,2024-09-20,9862
2542,興富發,46,33,13,元大-南京,2024-09-20,9862
2399,映泰,95,82,13,元大-南京,2024-09-20,9862
00918,大華優利高填息30,18,6,12,元大-南京,2024-09-20,9862
00687B,國泰20年美債,407,11,396,元大-南京,2024-09-23,9862
00680L,元大美債20正2,179,0,179,元大-南京,2024-09-23,9862
00919,群益台灣精選高息,187,10,177,元大-南京,2024-09-23,9862
00688L,國泰20年美債正2,130,0,130,元大-南京,2024-09-23,9862
1314,中石化,102,0,102,元大-南京,2024-09-23,9862
00632R,元大台灣50反1,82,10,72,元大-南京,2024-09-23,9862
9904,寶成,60,1,59,元大-南京,2024-09-23,9862
00679B,元大美債20年,74,15,59,元大-南京,2024-09-23,9862
2801,彰銀,51,0,51,元大-南京,2024-09-23,9862
00937B,群益ESG投等債20,50,0,50,元大-南京,2024-09-23,9862
2425,承啟,122,72,50,元大-南京,2024-09-23,9862
1103,嘉泥,44,0,44,元大-南京,2024-09-23,9862
3019,亞光,57,14,43,元大-南京,2024-09-23,9862
1301,台塑,64,21,43,元大-南京,2024-09-23,9862
6143,振曜,46,6,40,元大-南京,2024-09-23,9862
6706,惠特,53,17,36,元大-南京,2024-09-23,9862
1460,宏遠,30,0,30,元大-南京,2024-09-23,9862
6451,訊芯-KY,37,11,26,元大-南京,2024-09-23,9862
1785,光洋科,38,13,25,元大-南京,2024-09-23,9862
00738U,期元大道瓊白銀,25,0,25,元大-南京,2024-09-23,9862
8064,東捷,28,3,25,元大-南京,2024-09-23,9862
00706L,期元大S＆P日圓正2,24,0,24,元大-南京,2024-09-23,9862
3481,群創,31,8,23,元大-南京,2024-09-23,9862
6264,富裔,21,0,21,元大-南京,2024-09-23,9862
3605,宏致,27,7,20,元大-南京,2024-09-23,9862
00904,新光臺灣半導體30,20,0,20,元大-南京,2024-09-23,9862
2903,遠百,20,0,20,元大-南京,2024-09-23,9862
00945B,凱基美國非投等債,20,0,20,元大-南京,2024-09-23,9862
5213,亞昕,20,1,19,元大-南京,2024-09-23,9862
2332,友訊,17,0,17,元大-南京,2024-09-23,9862
8213,志超,17,0,17,元大-南京,2024-09-23,9862
9105,泰金寶-DR,18,2,16,元大-南京,2024-09-23,9862
2543,皇昌,22,6,16,元大-南京,2024-09-23,9862
00948B,中信優息投資級債,15,0,15,元大-南京,2024-09-23,9862
3363,上詮,25,11,14,元大-南京,2024-09-23,9862
1524,耿鼎,26,12,14,元大-南京,2024-09-23,9862
2497,怡利電,13,0,13,元大-南京,2024-09-23,9862
00713,元大台灣高息低波,15,2,13,元大-南京,2024-09-23,9862
4977,眾達-KY,18,6,12,元大-南京,2024-09-23,9862
6548,長科*,19,7,12,元大-南京,2024-09-23,9862
6104,創惟,26,15,11,元大-南京,2024-09-23,9862
4510,高鋒,12,1,11,元大-南京,2024-09-23,9862
00949,復華日本龍頭,11,0,11,元大-南京,2024-09-23,9862
4533,協易機,10,0,10,元大-南京,2024-09-23,9862
6606,建德工業,15,5,10,元大-南京,2024-09-23,9862
6589,台康生技,10,0,10,元大-南京,2024-09-23,9862
00639,富邦深100,10,0,10,元大-南京,2024-09-23,9862
9910,豐泰,10,0,10,元大-南京,2024-09-23,9862
6121,新普,10,0,10,元大-南京,2024-09-23,9862
00946,群益科技高息成長,10,0,10,元大-南京,2024-09-23,9862
00687B,國泰20年美債,452,39,413,元大-南京,2024-09-24,9862
2301,光寶科,202,0,202,元大-南京,2024-09-24,9862
00919,群益台灣精選高息,151,4,147,元大-南京,2024-09-24,9862
00940,元大台灣價值高息,99,38,61,元大-南京,2024-09-24,9862
00632R,元大台灣50反1,62,2,60,元大-南京,2024-09-24,9862
00904,新光臺灣半導體30,50,0,50,元大-南京,2024-09-24,9862
00946,群益科技高息成長,43,0,43,元大-南京,2024-09-24,9862
00679B,元大美債20年,43,1,42,元大-南京,2024-09-24,9862
9938,百和,41,3,38,元大-南京,2024-09-24,9862
2881,富邦金,57,20,37,元大-南京,2024-09-24,9862
00937B,群益ESG投等債20,34,0,34,元大-南京,2024-09-24,9862
4526,東台,38,5,33,元大-南京,2024-09-24,9862
6546,正基,36,8,28,元大-南京,2024-09-24,9862
6768,志強-KY,36,8,28,元大-南京,2024-09-24,9862
2610,華航,56,30,26,元大-南京,2024-09-24,9862
00929,復華台灣科技優息,38,13,25,元大-南京,2024-09-24,9862
2891,中信金,39,14,25,元大-南京,2024-09-24,9862
3081,聯亞,40,18,22,元大-南京,2024-09-24,9862
5347,世界,21,1,20,元大-南京,2024-09-24,9862
00752,中信中國50,20,0,20,元大-南京,2024-09-24,9862
2332,友訊,19,0,19,元大-南京,2024-09-24,9862
2062,橋椿,23,4,19,元大-南京,2024-09-24,9862
2481,強茂,21,3,18,元大-南京,2024-09-24,9862
5534,長虹,21,3,18,元大-南京,2024-09-24,9862
8064,東捷,19,2,17,元大-南京,2024-09-24,9862
2609,陽明,95,79,16,元大-南京,2024-09-24,9862
6451,訊芯-KY,16,0,16,元大-南京,2024-09-24,9862
1524,耿鼎,21,5,16,元大-南京,2024-09-24,9862
3380,明泰,16,0,16,元大-南京,2024-09-24,9862
2634,漢翔,21,5,16,元大-南京,2024-09-24,9862
3149,正達,40,25,15,元大-南京,2024-09-24,9862
1815,富喬,20,5,15,元大-南京,2024-09-24,9862
3707,漢磊,15,0,15,元大-南京,2024-09-24,9862
6138,茂達,15,0,15,元大-南京,2024-09-24,9862
3167,大量,42,28,14,元大-南京,2024-09-24,9862
4563,百德,15,1,14,元大-南京,2024-09-24,9862
4760,勤凱,14,0,14,元大-南京,2024-09-24,9862
6715,嘉基,15,1,14,元大-南京,2024-09-24,9862
9927,泰銘,13,0,13,元大-南京,2024-09-24,9862
8213,志超,13,0,13,元大-南京,2024-09-24,9862
3537,堡達,18,5,13,元大-南京,2024-09-24,9862
00712,復華富時不動產,14,2,12,元大-南京,2024-09-24,9862
3605,宏致,28,16,12,元大-南京,2024-09-24,9862
00680L,元大美債20正2,12,0,12,元大-南京,2024-09-24,9862
00715L,期街口布蘭特正2,12,1,11,元大-南京,2024-09-24,9862
4743,合一,11,0,11,元大-南京,2024-09-24,9862
6405,悅城,38,27,11,元大-南京,2024-09-24,9862
6274,台燿,18,8,10,元大-南京,2024-09-24,9862
2528,皇普,10,0,10,元大-南京,2024-09-24,9862
00706L,期元大S＆P日圓正2,14,4,10,元大-南京,2024-09-24,9862
00919,群益台灣精選高息,174,9,165,元大-南京,2024-09-25,9862
00937B,群益ESG投等債20,109,5,104,元大-南京,2024-09-25,9862
00637L,元大滬深300正2,122,23,99,元大-南京,2024-09-25,9862
00687B,國泰20年美債,153,62,91,元大-南京,2024-09-25,9862
1312,國喬,85,0,85,元大-南京,2024-09-25,9862
00679B,元大美債20年,61,5,56,元大-南京,2024-09-25,9862
2426,鼎元,54,0,54,元大-南京,2024-09-25,9862
00795B,中信美國公債20年,49,0,49,元大-南京,2024-09-25,9862
3615,安可,59,12,47,元大-南京,2024-09-25,9862
00680L,元大美債20正2,50,5,45,元大-南京,2024-09-25,9862
2388,威盛,50,7,43,元大-南京,2024-09-25,9862
6768,志強-KY,44,2,42,元大-南京,2024-09-25,9862
8937,合騏,42,3,39,元大-南京,2024-09-25,9862
6143,振曜,33,0,33,元大-南京,2024-09-25,9862
2891,中信金,38,6,32,元大-南京,2024-09-25,9862
2324,仁寶,30,0,30,元大-南京,2024-09-25,9862
00900,富邦特選高股息30,30,0,30,元大-南京,2024-09-25,9862
3605,宏致,62,35,27,元大-南京,2024-09-25,9862
1326,台化,25,1,24,元大-南京,2024-09-25,9862
00650L,復華香港正2,29,5,24,元大-南京,2024-09-25,9862
4945,陞達科技,23,0,23,元大-南京,2024-09-25,9862
6138,茂達,23,0,23,元大-南京,2024-09-25,9862
1314,中石化,23,0,23,元大-南京,2024-09-25,9862
8054,安國,42,21,21,元大-南京,2024-09-25,9862
4563,百德,24,5,19,元大-南京,2024-09-25,9862
3363,上詮,38,19,19,元大-南京,2024-09-25,9862
2605,新興,22,3,19,元大-南京,2024-09-25,9862
2454,聯發科,22,4,18,元大-南京,2024-09-25,9862
3481,群創,31,13,18,元大-南京,2024-09-25,9862
6156,松上,22,5,17,元大-南京,2024-09-25,9862
1815,富喬,17,0,17,元大-南京,2024-09-25,9862
3673,TPK-KY,17,1,16,元大-南京,2024-09-25,9862
8069,元太,15,0,15,元大-南京,2024-09-25,9862
3550,聯穎,94,79,15,元大-南京,2024-09-25,9862
4903,聯光通,67,52,15,元大-南京,2024-09-25,9862
6863,永道-KY,16,2,14,元大-南京,2024-09-25,9862
6546,正基,14,0,14,元大-南京,2024-09-25,9862
3289,宜特,14,1,13,元大-南京,2024-09-25,9862
2357,華碩,12,0,12,元大-南京,2024-09-25,9862
2409,友達,12,0,12,元大-南京,2024-09-25,9862
4927,泰鼎-KY,11,0,11,元大-南京,2024-09-25,9862
3149,正達,29,18,11,元大-南京,2024-09-25,9862
2353,宏��,11,0,11,元大-南京,2024-09-25,9862
00946,群益科技高息成長,21,10,11,元大-南京,2024-09-25,9862
2495,普安,13,3,10,元大-南京,2024-09-25,9862
3535,晶彩科,12,2,10,元大-南京,2024-09-25,9862
2010,春源,10,0,10,元大-南京,2024-09-25,9862
5608,四維航,10,0,10,元大-南京,2024-09-25,9862
1536,和大,12,2,10,元大-南京,2024-09-25,9862
6715,嘉基,10,0,10,元大-南京,2024-09-25,9862
3019,亞光,149,30,119,元大-南京,2024-09-26,9862
00680L,元大美債20正2,197,80,117,元大-南京,2024-09-26,9862
1312,國喬,115,0,115,元大-南京,2024-09-26,9862
1718,中纖,96,5,91,元大-南京,2024-09-26,9862
00687B,國泰20年美債,171,82,89,元大-南京,2024-09-26,9862
00937B,群益ESG投等債20,96,12,84,元大-南京,2024-09-26,9862
3450,聯鈞,97,23,74,元大-南京,2024-09-26,9862
3149,正達,95,21,74,元大-南京,2024-09-26,9862
6969,成信實業*-創,76,9,67,元大-南京,2024-09-26,9862
3036,文曄,62,0,62,元大-南京,2024-09-26,9862
1314,中石化,49,0,49,元大-南京,2024-09-26,9862
2312,金寶,64,15,49,元大-南京,2024-09-26,9862
00960,野村全球航運龍頭,65,24,41,元大-南京,2024-09-26,9862
00751B,元大AAA至A公司債,41,2,39,元大-南京,2024-09-26,9862
0056,元大高股息,45,6,39,元大-南京,2024-09-26,9862
6768,志強-KY,44,5,39,元大-南京,2024-09-26,9862
00706L,期元大S＆P日圓正2,35,0,35,元大-南京,2024-09-26,9862
1301,台塑,36,5,31,元大-南京,2024-09-26,9862
6438,迅得,33,3,30,元大-南京,2024-09-26,9862
00688L,國泰20年美債正2,30,0,30,元大-南京,2024-09-26,9862
2344,華邦電,40,12,28,元大-南京,2024-09-26,9862
2362,藍天,26,1,25,元大-南京,2024-09-26,9862
2388,威盛,42,18,24,元大-南京,2024-09-26,9862
6548,長科*,32,9,23,元大-南京,2024-09-26,9862
5439,高技,23,1,22,元大-南京,2024-09-26,9862
00894,中信小資高價30,22,0,22,元大-南京,2024-09-26,9862
00648R,元大S＆P500反1,22,0,22,元大-南京,2024-09-26,9862
2408,南亞科,32,10,22,元大-南京,2024-09-26,9862
3689,湧德,20,0,20,元大-南京,2024-09-26,9862
4716,大立,30,10,20,元大-南京,2024-09-26,9862
2535,達欣工,20,0,20,元大-南京,2024-09-26,9862
5534,長虹,20,0,20,元大-南京,2024-09-26,9862
6742,澤米,20,0,20,元大-南京,2024-09-26,9862
2603,長榮,40,21,19,元大-南京,2024-09-26,9862
00753L,中信中國50正2,40,21,19,元大-南京,2024-09-26,9862
00715L,期街口布蘭特正2,27,8,19,元大-南京,2024-09-26,9862
3037,欣興,24,6,18,元大-南京,2024-09-26,9862
1103,嘉泥,17,0,17,元大-南京,2024-09-26,9862
6188,廣明,27,10,17,元大-南京,2024-09-26,9862
4123,晟德,27,11,16,元大-南京,2024-09-26,9862
6197,佳必琪,21,5,16,元大-南京,2024-09-26,9862
6451,訊芯-KY,15,0,15,元大-南京,2024-09-26,9862
00650L,復華香港正2,15,0,15,元大-南京,2024-09-26,9862
00948B,中信優息投資級債,15,0,15,元大-南京,2024-09-26,9862
4533,協易機,15,0,15,元大-南京,2024-09-26,9862
1808,潤隆,19,5,14,元大-南京,2024-09-26,9862
2371,大同,23,11,12,元大-南京,2024-09-26,9862
2801,彰銀,12,0,12,元大-南京,2024-09-26,9862
3231,緯創,26,15,11,元大-南京,2024-09-26,9862
6215,和椿,13,2,11,元大-南京,2024-09-26,9862
00637L,元大滬深300正2,286,76,210,元大-南京,2024-09-27,9862
00687B,國泰20年美債,249,49,200,元大-南京,2024-09-27,9862
2301,光寶科,161,1,160,元大-南京,2024-09-27,9862
1460,宏遠,150,0,150,元大-南京,2024-09-27,9862
2801,彰銀,149,3,146,元大-南京,2024-09-27,9862
4729,熒茂,133,43,90,元大-南京,2024-09-27,9862
00960,野村全球航運龍頭,84,0,84,元大-南京,2024-09-27,9862
3036,文曄,85,4,81,元大-南京,2024-09-27,9862
1101,台泥,81,3,78,元大-南京,2024-09-27,9862
00937B,群益ESG投等債20,78,5,73,元大-南京,2024-09-27,9862
00680L,元大美債20正2,140,85,55,元大-南京,2024-09-27,9862
2891,中信金,53,7,46,元大-南京,2024-09-27,9862
00665L,富邦�琤肭磪囓�2,43,3,40,元大-南京,2024-09-27,9862
2363,矽統,100,61,39,元大-南京,2024-09-27,9862
00636,國泰中國A50,39,0,39,元大-南京,2024-09-27,9862
2903,遠百,36,0,36,元大-南京,2024-09-27,9862
4979,華星光,98,66,32,元大-南京,2024-09-27,9862
5439,高技,36,4,32,元大-南京,2024-09-27,9862
2385,群光,33,3,30,元大-南京,2024-09-27,9862
3715,定穎投控,62,34,28,元大-南京,2024-09-27,9862
2722,夏都,26,0,26,元大-南京,2024-09-27,9862
6546,正基,24,2,22,元大-南京,2024-09-27,9862
2610,華航,22,0,22,元大-南京,2024-09-27,9862
00931B,統一美債20年,21,0,21,元大-南京,2024-09-27,9862
2449,京元電子,33,12,21,元大-南京,2024-09-27,9862
00933B,國泰10Y+金融債,21,0,21,元大-南京,2024-09-27,9862
3615,安可,20,0,20,元大-南京,2024-09-27,9862
00959B,大華投等美債15Y+,20,0,20,元大-南京,2024-09-27,9862
9105,泰金寶-DR,40,21,19,元大-南京,2024-09-27,9862
6213,聯茂,20,1,19,元大-南京,2024-09-27,9862
2313,華通,20,2,18,元大-南京,2024-09-27,9862
8054,安國,17,2,15,元大-南京,2024-09-27,9862
1609,大亞,15,1,14,元大-南京,2024-09-27,9862
6170,統振,14,0,14,元大-南京,2024-09-27,9862
00720B,元大投資級公司債,15,1,14,元大-南京,2024-09-27,9862
3293,鈊象,25,12,13,元大-南京,2024-09-27,9862
00751B,元大AAA至A公司債,14,2,12,元大-南京,2024-09-27,9862
00715L,期街口布蘭特正2,12,0,12,元大-南京,2024-09-27,9862
3147,大綜,12,0,12,元大-南京,2024-09-27,9862
00713,元大台灣高息低波,17,5,12,元大-南京,2024-09-27,9862
3017,奇鋐,21,10,11,元大-南京,2024-09-27,9862
8043,蜜望實,13,2,11,元大-南京,2024-09-27,9862
00919,群益台灣精選高息,24,13,11,元大-南京,2024-09-27,9862
6121,新普,10,0,10,元大-南京,2024-09-27,9862
4526,東台,13,3,10,元大-南京,2024-09-27,9862
6830,汎銓,10,0,10,元大-南京,2024-09-27,9862
2457,飛宏,10,0,10,元大-南京,2024-09-27,9862
00648R,元大S＆P500反1,10,0,10,元大-南京,2024-09-27,9862
3081,聯亞,15,5,10,元大-南京,2024-09-27,9862
00651R,復華香港反1,9,0,9,元大-南京,2024-09-27,9862
00665L,富邦�琤肭磪囓�2,211,32,179,元大-南京,2024-09-30,9862
00929,復華台灣科技優息,159,18,141,元大-南京,2024-09-30,9862
9938,百和,133,5,128,元大-南京,2024-09-30,9862
00937B,群益ESG投等債20,165,41,124,元大-南京,2024-09-30,9862
00687B,國泰20年美債,112,15,97,元大-南京,2024-09-30,9862
00919,群益台灣精選高息,94,14,80,元大-南京,2024-09-30,9862
1313,聯成,72,2,70,元大-南京,2024-09-30,9862
1460,宏遠,65,0,65,元大-南京,2024-09-30,9862
2371,大同,62,2,60,元大-南京,2024-09-30,9862
2330,台積電,69,12,57,元大-南京,2024-09-30,9862
1513,中興電,57,1,56,元大-南京,2024-09-30,9862
0061,元大寶滬深,56,2,54,元大-南京,2024-09-30,9862
1307,三芳,52,2,50,元大-南京,2024-09-30,9862
00662,富邦NASDAQ,49,1,48,元大-南京,2024-09-30,9862
2605,新興,112,65,47,元大-南京,2024-09-30,9862
00688L,國泰20年美債正2,43,0,43,元大-南京,2024-09-30,9862
1301,台塑,57,17,40,元大-南京,2024-09-30,9862
2009,第一銅,47,7,40,元大-南京,2024-09-30,9862
00664R,國泰臺灣加權反1,40,0,40,元大-南京,2024-09-30,9862
00720B,元大投資級公司債,39,1,38,元大-南京,2024-09-30,9862
1308,亞聚,37,2,35,元大-南京,2024-09-30,9862
0050,元大台灣50,88,56,32,元大-南京,2024-09-30,9862
1605,華新,58,26,32,元大-南京,2024-09-30,9862
2801,彰銀,30,0,30,元大-南京,2024-09-30,9862
00752,中信中國50,41,12,29,元大-南京,2024-09-30,9862
2382,廣達,31,4,27,元大-南京,2024-09-30,9862
00751B,元大AAA至A公司債,27,0,27,元大-南京,2024-09-30,9862
6274,台燿,27,1,26,元大-南京,2024-09-30,9862
2607,榮運,24,0,24,元大-南京,2024-09-30,9862
2609,陽明,64,41,23,元大-南京,2024-09-30,9862
6757,台灣虎航,23,1,22,元大-南京,2024-09-30,9862
1304,台聚,25,5,20,元大-南京,2024-09-30,9862
3017,奇鋐,22,5,17,元大-南京,2024-09-30,9862
2313,華通,34,17,17,元大-南京,2024-09-30,9862
00940,元大台灣價值高息,35,18,17,元大-南京,2024-09-30,9862
1909,榮成,15,0,15,元大-南京,2024-09-30,9862
4123,晟德,20,6,14,元大-南京,2024-09-30,9862
3037,欣興,15,1,14,元大-南京,2024-09-30,9862
00643,群益深証中小,14,1,13,元大-南京,2024-09-30,9862
0056,元大高股息,32,20,12,元大-南京,2024-09-30,9862
2641,正德,34,22,12,元大-南京,2024-09-30,9862
3189,景碩,13,1,12,元大-南京,2024-09-30,9862
8111,立��,24,12,12,元大-南京,2024-09-30,9862
00881,國泰台灣5G+,11,0,11,元大-南京,2024-09-30,9862
6138,茂達,12,1,11,元大-南京,2024-09-30,9862
3550,聯穎,22,11,11,元大-南京,2024-09-30,9862
006205,富邦上証,11,0,11,元大-南京,2024-09-30,9862
3231,緯創,15,5,10,元大-南京,2024-09-30,9862
1229,聯華,10,0,10,元大-南京,2024-09-30,9862
2070,精湛,10,0,10,元大-南京,2024-09-30,9862
2801,彰銀,158,0,158,元大-南京,2024-10-01,9862
00919,群益台灣精選高息,140,4,136,元大-南京,2024-10-01,9862
00929,復華台灣科技優息,108,2,106,元大-南京,2024-10-01,9862
00751B,元大AAA至A公司債,104,1,103,元大-南京,2024-10-01,9862
00679B,元大美債20年,423,350,73,元大-南京,2024-10-01,9862
00937B,群益ESG投等債20,73,1,72,元大-南京,2024-10-01,9862
8070,長華*,72,1,71,元大-南京,2024-10-01,9862
00665L,富邦�琤肭磪囓�2,68,5,63,元大-南京,2024-10-01,9862
1718,中纖,60,0,60,元大-南京,2024-10-01,9862
0056,元大高股息,64,5,59,元大-南京,2024-10-01,9862
1314,中石化,55,1,54,元大-南京,2024-10-01,9862
1460,宏遠,51,0,51,元大-南京,2024-10-01,9862
00882,中信中國高股息,59,11,48,元大-南京,2024-10-01,9862
2610,華航,52,8,44,元大-南京,2024-10-01,9862
00948B,中信優息投資級債,44,0,44,元大-南京,2024-10-01,9862
00687B,國泰20年美債,86,52,34,元大-南京,2024-10-01,9862
2504,國產,36,4,32,元大-南京,2024-10-01,9862
2363,矽統,47,17,30,元大-南京,2024-10-01,9862
1605,華新,45,19,26,元大-南京,2024-10-01,9862
00650L,復華香港正2,29,5,24,元大-南京,2024-10-01,9862
2317,鴻海,25,5,20,元大-南京,2024-10-01,9862
2303,聯電,25,5,20,元大-南京,2024-10-01,9862
1810,和成,20,0,20,元大-南京,2024-10-01,9862
00706L,期元大S＆P日圓正2,20,0,20,元大-南京,2024-10-01,9862
1307,三芳,20,0,20,元大-南京,2024-10-01,9862
6969,成信實業*-創,21,1,20,元大-南京,2024-10-01,9862
00852L,國泰美國道瓊正2,20,0,20,元大-南京,2024-10-01,9862
8404,百和興業-KY,20,0,20,元大-南京,2024-10-01,9862
2344,華邦電,20,1,19,元大-南京,2024-10-01,9862
4909,新復興,34,15,19,元大-南京,2024-10-01,9862
2371,大同,29,11,18,元大-南京,2024-10-01,9862
3231,緯創,19,3,16,元大-南京,2024-10-01,9862
1305,華夏,26,11,15,元大-南京,2024-10-01,9862
6173,信昌電,14,0,14,元大-南京,2024-10-01,9862
2888,新光金,15,1,14,元大-南京,2024-10-01,9862
00887,永豐中國科技50大,13,0,13,元大-南京,2024-10-01,9862
3062,建漢,27,14,13,元大-南京,2024-10-01,9862
2409,友達,20,8,12,元大-南京,2024-10-01,9862
3545,敦泰,12,1,11,元大-南京,2024-10-01,9862
3430,奇鈦科,39,28,11,元大-南京,2024-10-01,9862
2204,中華,11,0,11,元大-南京,2024-10-01,9862
00712,復華富時不動產,11,0,11,元大-南京,2024-10-01,9862
6715,嘉基,11,0,11,元大-南京,2024-10-01,9862
6873,泓德能源,13,2,11,元大-南京,2024-10-01,9862
5439,高技,10,0,10,元大-南京,2024-10-01,9862
00633L,富邦上証正2,27,17,10,元大-南京,2024-10-01,9862
6596,寬宏藝術,10,0,10,元大-南京,2024-10-01,9862
8201,無敵,10,0,10,元大-南京,2024-10-01,9862
2312,金寶,15,5,10,元大-南京,2024-10-01,9862
3607,谷崧,10,0,10,元大-南京,2024-10-01,9862
00929,復華台灣科技優息,434,1,433,元大-南京,2024-10-04,9862
00940,元大台灣價值高息,478,175,303,元大-南京,2024-10-04,9862
00680L,元大美債20正2,162,0,162,元大-南京,2024-10-04,9862
2301,光寶科,150,0,150,元大-南京,2024-10-04,9862
2610,華航,138,2,136,元大-南京,2024-10-04,9862
00943,兆豐電子高息等權,119,0,119,元大-南京,2024-10-04,9862
2303,聯電,117,0,117,元大-南京,2024-10-04,9862
00637L,元大滬深300正2,174,74,100,元大-南京,2024-10-04,9862
00919,群益台灣精選高息,98,8,90,元大-南京,2024-10-04,9862
00915,凱基優選高股息30,83,1,82,元大-南京,2024-10-04,9862
2603,長榮,78,8,70,元大-南京,2024-10-04,9862
0056,元大高股息,76,8,68,元大-南京,2024-10-04,9862
2618,長榮航,68,4,64,元大-南京,2024-10-04,9862
1301,台塑,78,17,61,元大-南京,2024-10-04,9862
00679B,元大美債20年,77,17,60,元大-南京,2024-10-04,9862
1718,中纖,60,1,59,元大-南京,2024-10-04,9862
00933B,國泰10Y+金融債,60,3,57,元大-南京,2024-10-04,9862
2609,陽明,83,30,53,元大-南京,2024-10-04,9862
2530,華建,50,1,49,元大-南京,2024-10-04,9862
00918,大華優利高填息30,50,5,45,元大-南京,2024-10-04,9862
2323,中環,43,0,43,元大-南京,2024-10-04,9862
00642U,期元大S＆P石油,46,4,42,元大-南京,2024-10-04,9862
1313,聯成,40,0,40,元大-南京,2024-10-04,9862
006208,富邦台50,44,7,37,元大-南京,2024-10-04,9862
6438,迅得,43,7,36,元大-南京,2024-10-04,9862
00688L,國泰20年美債正2,35,0,35,元大-南京,2024-10-04,9862
1586,和勤,35,0,35,元大-南京,2024-10-04,9862
00713,元大台灣高息低波,38,4,34,元大-南京,2024-10-04,9862
2880,華南金,33,0,33,元大-南京,2024-10-04,9862
00946,群益科技高息成長,31,0,31,元大-南京,2024-10-04,9862
00887,永豐中國科技50大,52,21,31,元大-南京,2024-10-04,9862
2419,仲琦,40,11,29,元大-南京,2024-10-04,9862
2498,宏達電,99,72,27,元大-南京,2024-10-04,9862
00712,復華富時不動產,26,0,26,元大-南京,2024-10-04,9862
2615,萬海,33,8,25,元大-南京,2024-10-04,9862
4571,鈞興-KY,25,0,25,元大-南京,2024-10-04,9862
00960,野村全球航運龍頭,31,10,21,元大-南京,2024-10-04,9862
6284,佳邦,27,6,21,元大-南京,2024-10-04,9862
3081,聯亞,30,10,20,元大-南京,2024-10-04,9862
5439,高技,20,0,20,元大-南京,2024-10-04,9862
6706,惠特,20,0,20,元大-南京,2024-10-04,9862
8110,華東,20,0,20,元大-南京,2024-10-04,9862
8068,全達,24,4,20,元大-南京,2024-10-04,9862
6274,台燿,24,6,18,元大-南京,2024-10-04,9862
006206,元大上證50,18,0,18,元大-南京,2024-10-04,9862
00706L,期元大S＆P日圓正2,21,4,17,元大-南京,2024-10-04,9862
2884,玉山金,17,0,17,元大-南京,2024-10-04,9862
2486,一詮,18,2,16,元大-南京,2024-10-04,9862
8096,擎亞,16,0,16,元大-南京,2024-10-04,9862
2014,中鴻,30,15,15,元大-南京,2024-10-04,9862
00665L,富邦�琤肭磪囓�2,263,21,242,元大-南京,2024-10-07,9862
00636,國泰中國A50,136,0,136,元大-南京,2024-10-07,9862
00753L,中信中國50正2,141,19,122,元大-南京,2024-10-07,9862
6284,佳邦,125,3,122,元大-南京,2024-10-07,9862
2486,一詮,142,39,103,元大-南京,2024-10-07,9862
5439,高技,90,0,90,元大-南京,2024-10-07,9862
00637L,元大滬深300正2,214,134,80,元大-南京,2024-10-07,9862
00688L,國泰20年美債正2,75,0,75,元大-南京,2024-10-07,9862
0056,元大高股息,83,19,64,元大-南京,2024-10-07,9862
00706L,期元大S＆P日圓正2,53,0,53,元大-南京,2024-10-07,9862
00639,富邦深100,53,6,47,元大-南京,2024-10-07,9862
1605,華新,40,3,37,元大-南京,2024-10-07,9862
00680L,元大美債20正2,62,28,34,元大-南京,2024-10-07,9862
00795B,中信美國公債20年,31,0,31,元大-南京,2024-10-07,9862
00919,群益台灣精選高息,38,8,30,元大-南京,2024-10-07,9862
00945B,凱基美國非投等債,30,0,30,元大-南京,2024-10-07,9862
1810,和成,30,0,30,元大-南京,2024-10-07,9862
00940,元大台灣價值高息,40,11,29,元大-南京,2024-10-07,9862
2615,萬海,41,13,28,元大-南京,2024-10-07,9862
00929,復華台灣科技優息,35,7,28,元大-南京,2024-10-07,9862
00943,兆豐電子高息等權,32,5,27,元大-南京,2024-10-07,9862
00687B,國泰20年美債,71,44,27,元大-南京,2024-10-07,9862
00679B,元大美債20年,64,38,26,元大-南京,2024-10-07,9862
5483,中美晶,25,0,25,元大-南京,2024-10-07,9862
00885,富邦越南,24,0,24,元大-南京,2024-10-07,9862
5907,大洋-KY,24,0,24,元大-南京,2024-10-07,9862
3042,晶技,25,2,23,元大-南京,2024-10-07,9862
00673R,期元大S＆P原油反1,22,0,22,元大-南京,2024-10-07,9862
2929,淘帝-KY,22,0,22,元大-南京,2024-10-07,9862
00643,群益深証中小,31,10,21,元大-南京,2024-10-07,9862
6830,汎銓,21,0,21,元大-南京,2024-10-07,9862
2328,廣宇,23,2,21,元大-南京,2024-10-07,9862
00712,復華富時不動產,23,2,21,元大-南京,2024-10-07,9862
6126,信音,51,30,21,元大-南京,2024-10-07,9862
2912,統一超,20,0,20,元大-南京,2024-10-07,9862
1586,和勤,20,0,20,元大-南京,2024-10-07,9862
00650L,復華香港正2,26,6,20,元大-南京,2024-10-07,9862
8163,達方,20,1,19,元大-南京,2024-10-07,9862
8103,瀚荃,19,0,19,元大-南京,2024-10-07,9862
00922,國泰台灣領袖50,24,6,18,元大-南京,2024-10-07,9862
2349,錸德,18,0,18,元大-南京,2024-10-07,9862
2317,鴻海,42,25,17,元大-南京,2024-10-07,9862
2303,聯電,16,0,16,元大-南京,2024-10-07,9862
4979,華星光,29,14,15,元大-南京,2024-10-07,9862
00878,國泰永續高股息,20,5,15,元大-南京,2024-10-07,9862
3455,由田,15,0,15,元大-南京,2024-10-07,9862
2892,第一金,16,2,14,元大-南京,2024-10-07,9862
2313,華通,16,2,14,元大-南京,2024-10-07,9862
6596,寬宏藝術,13,0,13,元大-南京,2024-10-07,9862
00902,中信電池及儲能,20,8,12,元大-南京,2024-10-07,9862
00636,國泰中國A50,266,32,234,元大-南京,2024-10-08,9862
00680L,元大美債20正2,227,7,220,元大-南京,2024-10-08,9862
2887,台新金,205,4,201,元大-南京,2024-10-08,9862
00940,元大台灣價值高息,228,31,197,元大-南京,2024-10-08,9862
00882,中信中國高股息,280,89,191,元大-南京,2024-10-08,9862
00751B,元大AAA至A公司債,118,8,110,元大-南京,2024-10-08,9862
00665L,富邦�琤肭磪囓�2,131,24,107,元大-南京,2024-10-08,9862
00687B,國泰20年美債,129,30,99,元大-南京,2024-10-08,9862
2103,台橡,115,17,98,元大-南京,2024-10-08,9862
1314,中石化,89,0,89,元大-南京,2024-10-08,9862
00922,國泰台灣領袖50,93,6,87,元大-南京,2024-10-08,9862
6139,亞翔,87,1,86,元大-南京,2024-10-08,9862
00639,富邦深100,96,11,85,元大-南京,2024-10-08,9862
0056,元大高股息,88,5,83,元大-南京,2024-10-08,9862
00943,兆豐電子高息等權,80,0,80,元大-南京,2024-10-08,9862
1802,台玻,86,9,77,元大-南京,2024-10-08,9862
1718,中纖,73,0,73,元大-南京,2024-10-08,9862
00948B,中信優息投資級債,70,0,70,元大-南京,2024-10-08,9862
00937B,群益ESG投等債20,70,0,70,元大-南京,2024-10-08,9862
00887,永豐中國科技50大,119,52,67,元大-南京,2024-10-08,9862
2425,承啟,76,11,65,元大-南京,2024-10-08,9862
00753L,中信中國50正2,129,67,62,元大-南京,2024-10-08,9862
00929,復華台灣科技優息,58,2,56,元大-南京,2024-10-08,9862
1586,和勤,55,0,55,元大-南京,2024-10-08,9862
00919,群益台灣精選高息,53,5,48,元大-南京,2024-10-08,9862
2845,遠東銀,48,0,48,元大-南京,2024-10-08,9862
00713,元大台灣高息低波,48,0,48,元大-南京,2024-10-08,9862
4956,光鋐,39,1,38,元大-南京,2024-10-08,9862
00679B,元大美債20年,53,18,35,元大-南京,2024-10-08,9862
3033,威健,43,9,34,元大-南京,2024-10-08,9862
6706,惠特,35,1,34,元大-南京,2024-10-08,9862
6134,萬旭,49,19,30,元大-南京,2024-10-08,9862
2613,中櫃,31,1,30,元大-南京,2024-10-08,9862
6863,永道-KY,33,3,30,元大-南京,2024-10-08,9862
2615,萬海,35,9,26,元大-南京,2024-10-08,9862
1313,聯成,27,2,25,元大-南京,2024-10-08,9862
2388,威盛,30,6,24,元大-南京,2024-10-08,9862
2486,一詮,36,14,22,元大-南京,2024-10-08,9862
2399,映泰,92,70,22,元大-南京,2024-10-08,9862
00720B,元大投資級公司債,21,0,21,元大-南京,2024-10-08,9862
00918,大華優利高填息30,22,1,21,元大-南京,2024-10-08,9862
1810,和成,20,0,20,元大-南京,2024-10-08,9862
00664R,國泰臺灣加權反1,20,0,20,元大-南京,2024-10-08,9862
1460,宏遠,20,0,20,元大-南京,2024-10-08,9862
5439,高技,20,0,20,元大-南京,2024-10-08,9862
3019,亞光,19,1,18,元大-南京,2024-10-08,9862
00915,凱基優選高股息30,22,5,17,元大-南京,2024-10-08,9862
9924,福興,16,0,16,元大-南京,2024-10-08,9862
2362,藍天,48,33,15,元大-南京,2024-10-08,9862
2903,遠百,15,0,15,元大-南京,2024-10-08,9862
00937B,群益ESG投等債20,167,0,167,元大-南京,2024-10-09,9862
2887,台新金,87,4,83,元大-南京,2024-10-09,9862
00633L,富邦上証正2,108,29,79,元大-南京,2024-10-09,9862
3049,精金,78,7,71,元大-南京,2024-10-09,9862
00915,凱基優選高股息30,66,0,66,元大-南京,2024-10-09,9862
2888,新光金,106,43,63,元大-南京,2024-10-09,9862
00882,中信中國高股息,106,44,62,元大-南京,2024-10-09,9862
00650L,復華香港正2,174,113,61,元大-南京,2024-10-09,9862
1802,台玻,57,2,55,元大-南京,2024-10-09,9862
8110,華東,55,0,55,元大-南京,2024-10-09,9862
00919,群益台灣精選高息,56,1,55,元大-南京,2024-10-09,9862
00753L,中信中國50正2,52,9,43,元大-南京,2024-10-09,9862
3227,原相,70,27,43,元大-南京,2024-10-09,9862
1314,中石化,99,57,42,元大-南京,2024-10-09,9862
00687B,國泰20年美債,57,16,41,元大-南京,2024-10-09,9862
0056,元大高股息,41,2,39,元大-南京,2024-10-09,9862
2388,威盛,45,6,39,元大-南京,2024-10-09,9862
3363,上詮,68,29,39,元大-南京,2024-10-09,9862
8028,昇陽半導體,71,33,38,元大-南京,2024-10-09,9862
2303,聯電,40,3,37,元大-南京,2024-10-09,9862
00945B,凱基美國非投等債,33,0,33,元大-南京,2024-10-09,9862
00637L,元大滬深300正2,293,260,33,元大-南京,2024-10-09,9862
00643,群益深証中小,31,0,31,元大-南京,2024-10-09,9862
00960,野村全球航運龍頭,30,1,29,元大-南京,2024-10-09,9862
3605,宏致,30,1,29,元大-南京,2024-10-09,9862
2399,映泰,117,91,26,元大-南京,2024-10-09,9862
3048,益登,50,24,26,元大-南京,2024-10-09,9862
00706L,期元大S＆P日圓正2,21,0,21,元大-南京,2024-10-09,9862
5443,均豪,51,30,21,元大-南京,2024-10-09,9862
00639,富邦深100,43,23,20,元大-南京,2024-10-09,9862
2534,宏盛,20,0,20,元大-南京,2024-10-09,9862
6164,華興,20,0,20,元大-南京,2024-10-09,9862
2903,遠百,20,2,18,元大-南京,2024-10-09,9862
2603,長榮,19,2,17,元大-南京,2024-10-09,9862
3481,群創,30,13,17,元大-南京,2024-10-09,9862
6187,萬潤,17,0,17,元大-南京,2024-10-09,9862
3710,連展投控,17,0,17,元大-南京,2024-10-09,9862
00795B,中信美國公債20年,16,0,16,元大-南京,2024-10-09,9862
2230,泰茂,18,2,16,元大-南京,2024-10-09,9862
6841,長佳智能,16,0,16,元大-南京,2024-10-09,9862
2486,一詮,66,51,15,元大-南京,2024-10-09,9862
3013,晟銘電,35,20,15,元大-南京,2024-10-09,9862
00959B,大華投等美債15Y+,15,0,15,元大-南京,2024-10-09,9862
3149,正達,23,9,14,元大-南京,2024-10-09,9862
2892,第一金,14,0,14,元大-南京,2024-10-09,9862
2382,廣達,53,39,14,元大-南京,2024-10-09,9862
1618,合機,13,0,13,元大-南京,2024-10-09,9862
00740B,富邦全球投等債,13,0,13,元大-南京,2024-10-09,9862
00934,中信成長高股息,13,0,13,元大-南京,2024-10-09,9862
2882,國泰金,17,5,12,元大-南京,2024-10-09,9862
00929,復華台灣科技優息,441,58,383,元大-南京,2024-10-11,9862
0056,元大高股息,262,5,257,元大-南京,2024-10-11,9862
00680L,元大美債20正2,196,19,177,元大-南京,2024-10-11,9862
00632R,元大台灣50反1,145,0,145,元大-南京,2024-10-11,9862
2887,台新金,116,0,116,元大-南京,2024-10-11,9862
6143,振曜,110,8,102,元大-南京,2024-10-11,9862
00679B,元大美債20年,100,19,81,元大-南京,2024-10-11,9862
00937B,群益ESG投等債20,71,1,70,元大-南京,2024-10-11,9862
00637L,元大滬深300正2,80,14,66,元大-南京,2024-10-11,9862
3615,安可,177,113,64,元大-南京,2024-10-11,9862
00687B,國泰20年美債,67,12,55,元大-南京,2024-10-11,9862
1802,台玻,56,7,49,元大-南京,2024-10-11,9862
9105,泰金寶-DR,50,1,49,元大-南京,2024-10-11,9862
8110,華東,50,4,46,元大-南京,2024-10-11,9862
6739,竹陞科技,42,1,41,元大-南京,2024-10-11,9862
2506,太設,40,0,40,元大-南京,2024-10-11,9862
6134,萬旭,48,11,37,元大-南京,2024-10-11,9862
2363,矽統,46,9,37,元大-南京,2024-10-11,9862
00688L,國泰20年美債正2,60,25,35,元大-南京,2024-10-11,9862
00713,元大台灣高息低波,36,1,35,元大-南京,2024-10-11,9862
1815,富喬,39,10,29,元大-南京,2024-10-11,9862
6290,良維,31,2,29,元大-南京,2024-10-11,9862
6706,惠特,27,0,27,元大-南京,2024-10-11,9862
2419,仲琦,36,9,27,元大-南京,2024-10-11,9862
2327,國巨,26,0,26,元大-南京,2024-10-11,9862
2388,威盛,35,11,24,元大-南京,2024-10-11,9862
00915,凱基優選高股息30,24,0,24,元大-南京,2024-10-11,9862
1301,台塑,30,8,22,元大-南京,2024-10-11,9862
2885,元大金,24,3,21,元大-南京,2024-10-11,9862
8429,金麗-KY,20,0,20,元大-南京,2024-10-11,9862
1810,和成,20,0,20,元大-南京,2024-10-11,9862
2399,映泰,54,34,20,元大-南京,2024-10-11,9862
00673R,期元大S＆P原油反1,20,0,20,元大-南京,2024-10-11,9862
3234,光環,20,1,19,元大-南京,2024-10-11,9862
00753L,中信中國50正2,19,0,19,元大-南京,2024-10-11,9862
1618,合機,19,0,19,元大-南京,2024-10-11,9862
00639,富邦深100,18,0,18,元大-南京,2024-10-11,9862
4563,百德,20,3,17,元大-南京,2024-10-11,9862
4971,IET-KY,28,11,17,元大-南京,2024-10-11,9862
00882,中信中國高股息,19,3,16,元大-南京,2024-10-11,9862
4903,聯光通,41,25,16,元大-南京,2024-10-11,9862
8111,立��,34,19,15,元大-南京,2024-10-11,9862
6139,亞翔,16,1,15,元大-南京,2024-10-11,9862
00646,元大S＆P500,15,0,15,元大-南京,2024-10-11,9862
6122,擎邦,15,0,15,元大-南京,2024-10-11,9862
00725B,國泰投資級公司債,14,0,14,元大-南京,2024-10-11,9862
3060,銘異,14,0,14,元大-南京,2024-10-11,9862
2449,京元電子,49,36,13,元大-南京,2024-10-11,9862
6743,安普新,15,2,13,元大-南京,2024-10-11,9862
2425,承啟,27,14,13,元大-南京,2024-10-11,9862
00887,永豐中國科技50大,228,0,228,元大-南京,2024-10-14,9862
00687B,國泰20年美債,158,13,145,元大-南京,2024-10-14,9862
00960,野村全球航運龍頭,107,1,106,元大-南京,2024-10-14,9862
2892,第一金,95,0,95,元大-南京,2024-10-14,9862
00688L,國泰20年美債正2,100,25,75,元大-南京,2024-10-14,9862
6438,迅得,75,1,74,元大-南京,2024-10-14,9862
1802,台玻,97,26,71,元大-南京,2024-10-14,9862
00943,兆豐電子高息等權,91,20,71,元大-南京,2024-10-14,9862
00751B,元大AAA至A公司債,62,6,56,元大-南京,2024-10-14,9862
00922,國泰台灣領袖50,50,0,50,元大-南京,2024-10-14,9862
2049,上銀,68,18,50,元大-南京,2024-10-14,9862
0056,元大高股息,100,51,49,元大-南京,2024-10-14,9862
00637L,元大滬深300正2,218,172,46,元大-南京,2024-10-14,9862
2887,台新金,57,13,44,元大-南京,2024-10-14,9862
6134,萬旭,44,1,43,元大-南京,2024-10-14,9862
00937B,群益ESG投等債20,75,40,35,元大-南京,2024-10-14,9862
2312,金寶,111,79,32,元大-南京,2024-10-14,9862
3036,文曄,137,106,31,元大-南京,2024-10-14,9862
00708L,期元大S＆P黃金正2,30,0,30,元大-南京,2024-10-14,9862
5534,長虹,30,0,30,元大-南京,2024-10-14,9862
6546,正基,32,4,28,元大-南京,2024-10-14,9862
00725B,國泰投資級公司債,27,0,27,元大-南京,2024-10-14,9862
1314,中石化,26,0,26,元大-南京,2024-10-14,9862
00752,中信中國50,33,11,22,元大-南京,2024-10-14,9862
6603,富強鑫,20,0,20,元大-南京,2024-10-14,9862
2388,威盛,25,5,20,元大-南京,2024-10-14,9862
8111,立��,35,16,19,元大-南京,2024-10-14,9862
2543,皇昌,20,2,18,元大-南京,2024-10-14,9862
00665L,富邦�琤肭磪囓�2,20,2,18,元大-南京,2024-10-14,9862
3363,上詮,18,1,17,元大-南京,2024-10-14,9862
3715,定穎投控,18,2,16,元大-南京,2024-10-14,9862
2363,矽統,25,10,15,元大-南京,2024-10-14,9862
00946,群益科技高息成長,15,0,15,元大-南京,2024-10-14,9862
00720B,元大投資級公司債,14,0,14,元大-南京,2024-10-14,9862
00948B,中信優息投資級債,14,0,14,元大-南京,2024-10-14,9862
00643,群益深証中小,13,0,13,元大-南京,2024-10-14,9862
2520,冠德,24,12,12,元大-南京,2024-10-14,9862
3005,神基,12,0,12,元大-南京,2024-10-14,9862
5347,世界,12,0,12,元大-南京,2024-10-14,9862
6116,彩晶,12,0,12,元大-南京,2024-10-14,9862
4909,新復興,16,5,11,元大-南京,2024-10-14,9862
2883,凱基金,19,8,11,元大-南京,2024-10-14,9862
00662,富邦NASDAQ,11,0,11,元大-南京,2024-10-14,9862
2462,良得電,10,0,10,元大-南京,2024-10-14,9862
1229,聯華,10,0,10,元大-南京,2024-10-14,9862
6168,宏齊,10,0,10,元大-南京,2024-10-14,9862
00959B,大華投等美債15Y+,10,0,10,元大-南京,2024-10-14,9862
00674R,期元大S＆P黃金反1,10,0,10,元大-南京,2024-10-14,9862
1733,五鼎,10,0,10,元大-南京,2024-10-14,9862
5439,高技,10,1,9,元大-南京,2024-10-14,9862
2888,新光金,356,13,343,元大-南京,2024-10-15,9862
0061,元大寶滬深,301,2,299,元大-南京,2024-10-15,9862
00632R,元大台灣50反1,238,4,234,元大-南京,2024-10-15,9862
00687B,國泰20年美債,202,0,202,元大-南京,2024-10-15,9862
4908,前鼎,125,20,105,元大-南京,2024-10-15,9862
00943,兆豐電子高息等權,102,0,102,元大-南京,2024-10-15,9862
00940,元大台灣價值高息,306,215,91,元大-南京,2024-10-15,9862
2049,上銀,79,10,69,元大-南京,2024-10-15,9862
1785,光洋科,86,17,69,元大-南京,2024-10-15,9862
1313,聯成,62,0,62,元大-南京,2024-10-15,9862
2426,鼎元,68,13,55,元大-南京,2024-10-15,9862
00937B,群益ESG投等債20,42,0,42,元大-南京,2024-10-15,9862
00882,中信中國高股息,45,3,42,元大-南京,2024-10-15,9862
8043,蜜望實,40,0,40,元大-南京,2024-10-15,9862
00679B,元大美債20年,55,18,37,元大-南京,2024-10-15,9862
2486,一詮,64,27,37,元大-南京,2024-10-15,9862
5234,達興材料,37,1,36,元大-南京,2024-10-15,9862
00753L,中信中國50正2,36,0,36,元大-南京,2024-10-15,9862
1513,中興電,30,0,30,元大-南京,2024-10-15,9862
2610,華航,31,1,30,元大-南京,2024-10-15,9862
2605,新興,30,0,30,元大-南京,2024-10-15,9862
5534,長虹,30,0,30,元大-南京,2024-10-15,9862
00680L,元大美債20正2,30,1,29,元大-南京,2024-10-15,9862
00948B,中信優息投資級債,29,0,29,元大-南京,2024-10-15,9862
8110,華東,35,7,28,元大-南京,2024-10-15,9862
6642,富致,29,2,27,元大-南京,2024-10-15,9862
00752,中信中國50,32,6,26,元大-南京,2024-10-15,9862
3041,揚智,25,0,25,元大-南京,2024-10-15,9862
2883,凱基金,218,193,25,元大-南京,2024-10-15,9862
3231,緯創,78,53,25,元大-南京,2024-10-15,9862
4977,眾達-KY,24,1,23,元大-南京,2024-10-15,9862
2399,映泰,58,35,23,元大-南京,2024-10-15,9862
00715L,期街口布蘭特正2,33,13,20,元大-南京,2024-10-15,9862
3443,創意,21,1,20,元大-南京,2024-10-15,9862
6156,松上,32,13,19,元大-南京,2024-10-15,9862
2534,宏盛,20,1,19,元大-南京,2024-10-15,9862
1810,和成,23,4,19,元大-南京,2024-10-15,9862
1442,名軒,19,0,19,元大-南京,2024-10-15,9862
1314,中石化,68,50,18,元大-南京,2024-10-15,9862
006208,富邦台50,44,26,18,元大-南京,2024-10-15,9862
1733,五鼎,20,2,18,元大-南京,2024-10-15,9862
2609,陽明,28,13,15,元大-南京,2024-10-15,9862
00931B,統一美債20年,15,0,15,元大-南京,2024-10-15,9862
2301,光寶科,42,27,15,元大-南京,2024-10-15,9862
1475,業旺,15,0,15,元大-南京,2024-10-15,9862
2891,中信金,43,28,15,元大-南京,2024-10-15,9862
6438,迅得,39,26,13,元大-南京,2024-10-15,9862
6768,志強-KY,12,0,12,元大-南京,2024-10-15,9862
00885,富邦越南,12,0,12,元大-南京,2024-10-15,9862
3033,威健,12,0,12,元大-南京,2024-10-15,9862
2883,凱基金,210,27,183,元大-南京,2024-10-16,9862
00680L,元大美債20正2,108,0,108,元大-南京,2024-10-16,9862
2330,台積電,107,12,95,元大-南京,2024-10-16,9862
00922,國泰台灣領袖50,84,0,84,元大-南京,2024-10-16,9862
2888,新光金,109,31,78,元大-南京,2024-10-16,9862
00708L,期元大S＆P黃金正2,60,0,60,元大-南京,2024-10-16,9862
2506,太設,60,0,60,元大-南京,2024-10-16,9862
1314,中石化,73,22,51,元大-南京,2024-10-16,9862
2530,華建,50,1,49,元大-南京,2024-10-16,9862
6438,迅得,51,3,48,元大-南京,2024-10-16,9862
2301,光寶科,54,11,43,元大-南京,2024-10-16,9862
5438,東友,44,2,42,元大-南京,2024-10-16,9862
00915,凱基優選高股息30,40,0,40,元大-南京,2024-10-16,9862
8110,華東,39,0,39,元大-南京,2024-10-16,9862
3062,建漢,82,44,38,元大-南京,2024-10-16,9862
00753L,中信中國50正2,38,4,34,元大-南京,2024-10-16,9862
3711,日月光投控,35,2,33,元大-南京,2024-10-16,9862
00633L,富邦上証正2,48,16,32,元大-南京,2024-10-16,9862
2010,春源,30,0,30,元大-南京,2024-10-16,9862
5534,長虹,30,0,30,元大-南京,2024-10-16,9862
00937B,群益ESG投等債20,30,1,29,元大-南京,2024-10-16,9862
2303,聯電,29,3,26,元大-南京,2024-10-16,9862
00687B,國泰20年美債,26,1,25,元大-南京,2024-10-16,9862
006207,復華滬深,25,0,25,元大-南京,2024-10-16,9862
6706,惠特,38,14,24,元大-南京,2024-10-16,9862
8240,華宏,24,1,23,元大-南京,2024-10-16,9862
00940,元大台灣價值高息,55,33,22,元大-南京,2024-10-16,9862
00944,野村趨勢動能高息,20,0,20,元大-南京,2024-10-16,9862
2903,遠百,22,2,20,元大-南京,2024-10-16,9862
00919,群益台灣精選高息,23,3,20,元大-南京,2024-10-16,9862
8028,昇陽半導體,22,3,19,元大-南京,2024-10-16,9862
2344,華邦電,17,0,17,元大-南京,2024-10-16,9862
00951,台新日本半導體,16,0,16,元大-南京,2024-10-16,9862
4909,新復興,40,24,16,元大-南京,2024-10-16,9862
00675L,富邦臺灣加權正2,15,0,15,元大-南京,2024-10-16,9862
00960,野村全球航運龍頭,15,0,15,元大-南京,2024-10-16,9862
6770,力積電,34,19,15,元大-南京,2024-10-16,9862
00905,FT臺灣Smart,19,5,14,元大-南京,2024-10-16,9862
3167,大量,28,14,14,元大-南京,2024-10-16,9862
2892,第一金,15,2,13,元大-南京,2024-10-16,9862
8076,伍豐,13,0,13,元大-南京,2024-10-16,9862
00961,FT臺灣永續高息,13,0,13,元大-南京,2024-10-16,9862
2882,國泰金,14,2,12,元大-南京,2024-10-16,9862
6449,鈺邦,13,1,12,元大-南京,2024-10-16,9862
2002,中鋼,24,12,12,元大-南京,2024-10-16,9862
1605,華新,12,0,12,元大-南京,2024-10-16,9862
00948B,中信優息投資級債,11,0,11,元大-南京,2024-10-16,9862
2317,鴻海,63,53,10,元大-南京,2024-10-16,9862
2543,皇昌,43,33,10,元大-南京,2024-10-16,9862
00878,國泰永續高股息,33,23,10,元大-南京,2024-10-16,9862
2330,台積電,150,13,137,元大-南京,2024-10-17,9862
00887,永豐中國科技50大,90,2,88,元大-南京,2024-10-17,9862
0056,元大高股息,105,28,77,元大-南京,2024-10-17,9862
00948B,中信優息投資級債,72,0,72,元大-南京,2024-10-17,9862
00637L,元大滬深300正2,69,7,62,元大-南京,2024-10-17,9862
1528,恩德,134,73,61,元大-南京,2024-10-17,9862
2303,聯電,58,0,58,元大-南京,2024-10-17,9862
00922,國泰台灣領袖50,50,0,50,元大-南京,2024-10-17,9862
2892,第一金,50,1,49,元大-南京,2024-10-17,9862
4562,穎漢,67,19,48,元大-南京,2024-10-17,9862
5452,佶優,84,49,35,元大-南京,2024-10-17,9862
2399,映泰,118,85,33,元大-南京,2024-10-17,9862
00720B,元大投資級公司債,32,0,32,元大-南京,2024-10-17,9862
1810,和成,32,0,32,元大-南京,2024-10-17,9862
5534,長虹,31,0,31,元大-南京,2024-10-17,9862
2010,春源,70,40,30,元大-南京,2024-10-17,9862
00650L,復華香港正2,30,0,30,元大-南京,2024-10-17,9862
4909,新復興,36,7,29,元大-南京,2024-10-17,9862
3062,建漢,85,57,28,元大-南京,2024-10-17,9862
4563,百德,29,1,28,元大-南京,2024-10-17,9862
3231,緯創,37,12,25,元大-南京,2024-10-17,9862
00633L,富邦上証正2,31,6,25,元大-南京,2024-10-17,9862
9904,寶成,33,8,25,元大-南京,2024-10-17,9862
00933B,國泰10Y+金融債,38,14,24,元大-南京,2024-10-17,9862
6241,易通展,23,0,23,元大-南京,2024-10-17,9862
3265,台星科,21,0,21,元大-南京,2024-10-17,9862
00953B,群益優選非投等債,20,0,20,元大-南京,2024-10-17,9862
4123,晟德,40,20,20,元大-南京,2024-10-17,9862
2506,太設,20,0,20,元大-南京,2024-10-17,9862
00951,台新日本半導體,20,0,20,元大-南京,2024-10-17,9862
2610,華航,20,1,19,元大-南京,2024-10-17,9862
00655L,國泰中國A50正2,20,1,19,元大-南京,2024-10-17,9862
006208,富邦台50,19,1,18,元大-南京,2024-10-17,9862
2705,六福,17,0,17,元大-南京,2024-10-17,9862
2887,台新金,17,0,17,元大-南京,2024-10-17,9862
2363,矽統,33,16,17,元大-南京,2024-10-17,9862
1711,永光,17,1,16,元大-南京,2024-10-17,9862
00753L,中信中國50正2,21,6,15,元大-南京,2024-10-17,9862
3312,弘憶股,16,1,15,元大-南京,2024-10-17,9862
2312,金寶,113,98,15,元大-南京,2024-10-17,9862
00680L,元大美債20正2,18,3,15,元大-南京,2024-10-17,9862
6742,澤米,16,2,14,元大-南京,2024-10-17,9862
1815,富喬,15,1,14,元大-南京,2024-10-17,9862
3149,正達,53,39,14,元大-南京,2024-10-17,9862
0050,元大台灣50,63,50,13,元大-南京,2024-10-17,9862
5234,達興材料,34,21,13,元大-南京,2024-10-17,9862
8097,常珵,13,1,12,元大-南京,2024-10-17,9862
00715L,期街口布蘭特正2,12,0,12,元大-南京,2024-10-17,9862
00687B,國泰20年美債,46,35,11,元大-南京,2024-10-17,9862
00679B,元大美債20年,12,1,11,元大-南京,2024-10-17,9862
2882,國泰金,391,27,364,元大-南京,2024-10-18,9862
00887,永豐中國科技50大,275,21,254,元大-南京,2024-10-18,9862
00937B,群益ESG投等債20,147,0,147,元大-南京,2024-10-18,9862
00915,凱基優選高股息30,120,3,117,元大-南京,2024-10-18,9862
2014,中鴻,109,0,109,元大-南京,2024-10-18,9862
00687B,國泰20年美債,130,23,107,元大-南京,2024-10-18,9862
00637L,元大滬深300正2,172,87,85,元大-南京,2024-10-18,9862
00632R,元大台灣50反1,304,221,83,元大-南京,2024-10-18,9862
3481,群創,164,89,75,元大-南京,2024-10-18,9862
2303,聯電,78,4,74,元大-南京,2024-10-18,9862
00948B,中信優息投資級債,62,0,62,元大-南京,2024-10-18,9862
00679B,元大美債20年,70,8,62,元大-南京,2024-10-18,9862
3005,神基,61,1,60,元大-南京,2024-10-18,9862
0056,元大高股息,74,19,55,元大-南京,2024-10-18,9862
00720B,元大投資級公司債,52,0,52,元大-南京,2024-10-18,9862
2312,金寶,103,52,51,元大-南京,2024-10-18,9862
8033,雷虎,51,0,51,元大-南京,2024-10-18,9862
00922,國泰台灣領袖50,63,12,51,元大-南京,2024-10-18,9862
1810,和成,40,0,40,元大-南京,2024-10-18,9862
2888,新光金,63,23,40,元大-南京,2024-10-18,9862
2609,陽明,38,4,34,元大-南京,2024-10-18,9862
2449,京元電子,41,8,33,元大-南京,2024-10-18,9862
2426,鼎元,32,0,32,元大-南京,2024-10-18,9862
1809,中釉,30,0,30,元大-南京,2024-10-18,9862
00959B,大華投等美債15Y+,30,0,30,元大-南京,2024-10-18,9862
2402,毅嘉,44,15,29,元大-南京,2024-10-18,9862
00688L,國泰20年美債正2,40,11,29,元大-南京,2024-10-18,9862
00753L,中信中國50正2,34,6,28,元大-南京,2024-10-18,9862
5347,世界,26,0,26,元大-南京,2024-10-18,9862
00700,富邦�琤肭磪�,30,4,26,元大-南京,2024-10-18,9862
00751B,元大AAA至A公司債,26,0,26,元大-南京,2024-10-18,9862
00931B,統一美債20年,25,0,25,元大-南京,2024-10-18,9862
6757,台灣虎航,27,3,24,元大-南京,2024-10-18,9862
2472,立隆電,23,0,23,元大-南京,2024-10-18,9862
2506,太設,20,0,20,元大-南京,2024-10-18,9862
00706L,期元大S＆P日圓正2,20,0,20,元大-南京,2024-10-18,9862
00669R,國泰美國道瓊反1,20,0,20,元大-南京,2024-10-18,9862
6449,鈺邦,28,8,20,元大-南京,2024-10-18,9862
1314,中石化,45,26,19,元大-南京,2024-10-18,9862
4772,台特化,19,0,19,元大-南京,2024-10-18,9862
1597,直得,25,6,19,元大-南京,2024-10-18,9862
6139,亞翔,18,0,18,元大-南京,2024-10-18,9862
5452,佶優,45,27,18,元大-南京,2024-10-18,9862
00878,國泰永續高股息,25,7,18,元大-南京,2024-10-18,9862
6274,台燿,19,2,17,元大-南京,2024-10-18,9862
1540,喬福,59,44,15,元大-南京,2024-10-18,9862
6763,綠界科技*,39,25,14,元大-南京,2024-10-18,9862
2486,一詮,30,16,14,元大-南京,2024-10-18,9862
2301,光寶科,53,39,14,元大-南京,2024-10-18,9862
6213,聯茂,13,0,13,元大-南京,2024-10-18,9862
2388,威盛,229,11,218,元大-南京,2024-10-21,9862
2312,金寶,203,19,184,元大-南京,2024-10-21,9862
00929,復華台灣科技優息,232,58,174,元大-南京,2024-10-21,9862
00937B,群益ESG投等債20,210,64,146,元大-南京,2024-10-21,9862
2888,新光金,144,24,120,元大-南京,2024-10-21,9862
00725B,國泰投資級公司債,82,2,80,元大-南京,2024-10-21,9862
00887,永豐中國科技50大,104,34,70,元大-南京,2024-10-21,9862
2705,六福,58,0,58,元大-南京,2024-10-21,9862
4541,晟田,57,0,57,元大-南京,2024-10-21,9862
3450,聯鈞,81,25,56,元大-南京,2024-10-21,9862
3031,佰鴻,53,2,51,元大-南京,2024-10-21,9862
2317,鴻海,76,25,51,元大-南京,2024-10-21,9862
2408,南亞科,44,1,43,元大-南京,2024-10-21,9862
00905,FT臺灣Smart,44,1,43,元大-南京,2024-10-21,9862
00751B,元大AAA至A公司債,35,0,35,元大-南京,2024-10-21,9862
00722B,群益投資級電信債,33,0,33,元大-南京,2024-10-21,9862
2421,建準,37,6,31,元大-南京,2024-10-21,9862
2454,聯發科,33,2,31,元大-南京,2024-10-21,9862
2010,春源,30,0,30,元大-南京,2024-10-21,9862
2002,中鋼,26,0,26,元大-南京,2024-10-21,9862
00679B,元大美債20年,70,46,24,元大-南京,2024-10-21,9862
00675L,富邦臺灣加權正2,23,0,23,元大-南京,2024-10-21,9862
2883,凱基金,51,29,22,元大-南京,2024-10-21,9862
4526,東台,40,19,21,元大-南京,2024-10-21,9862
00953B,群益優選非投等債,20,0,20,元大-南京,2024-10-21,9862
2486,一詮,23,3,20,元大-南京,2024-10-21,9862
00720B,元大投資級公司債,57,39,18,元大-南京,2024-10-21,9862
6165,浪凡,18,0,18,元大-南京,2024-10-21,9862
00922,國泰台灣領袖50,17,0,17,元大-南京,2024-10-21,9862
2885,元大金,21,4,17,元大-南京,2024-10-21,9862
1301,台塑,19,3,16,元大-南京,2024-10-21,9862
4909,新復興,19,3,16,元大-南京,2024-10-21,9862
6768,志強-KY,32,16,16,元大-南京,2024-10-21,9862
3042,晶技,16,0,16,元大-南京,2024-10-21,9862
6138,茂達,20,5,15,元大-南京,2024-10-21,9862
3675,德微,16,2,14,元大-南京,2024-10-21,9862
2449,京元電子,38,24,14,元大-南京,2024-10-21,9862
8069,元太,13,0,13,元大-南京,2024-10-21,9862
2402,毅嘉,14,1,13,元大-南京,2024-10-21,9862
1532,勤美,13,0,13,元大-南京,2024-10-21,9862
3011,今皓,25,12,13,元大-南京,2024-10-21,9862
6156,松上,20,7,13,元大-南京,2024-10-21,9862
2399,映泰,18,6,12,元大-南京,2024-10-21,9862
6425,易發,21,9,12,元大-南京,2024-10-21,9862
2534,宏盛,11,0,11,元大-南京,2024-10-21,9862
2892,第一金,17,6,11,元大-南京,2024-10-21,9862
2881,富邦金,14,3,11,元大-南京,2024-10-21,9862
6670,復盛應用,10,0,10,元大-南京,2024-10-21,9862
00631L,元大台灣50正2,10,0,10,元大-南京,2024-10-21,9862
2376,技嘉,10,0,10,元大-南京,2024-10-21,9862
00688L,國泰20年美債正2,246,1,245,元大-南京,2024-10-22,9862
00680L,元大美債20正2,242,6,236,元大-南京,2024-10-22,9862
00929,復華台灣科技優息,225,5,220,元大-南京,2024-10-22,9862
1307,三芳,222,7,215,元大-南京,2024-10-22,9862
00937B,群益ESG投等債20,187,0,187,元大-南京,2024-10-22,9862
00679B,元大美債20年,186,11,175,元大-南京,2024-10-22,9862
00687B,國泰20年美債,180,13,167,元大-南京,2024-10-22,9862
3356,奇偶,120,1,119,元大-南京,2024-10-22,9862
00706L,期元大S＆P日圓正2,72,0,72,元大-南京,2024-10-22,9862
00751B,元大AAA至A公司債,92,31,61,元大-南京,2024-10-22,9862
00948B,中信優息投資級債,80,20,60,元大-南京,2024-10-22,9862
3290,東浦,60,2,58,元大-南京,2024-10-22,9862
1802,台玻,133,78,55,元大-南京,2024-10-22,9862
2002,中鋼,52,0,52,元大-南京,2024-10-22,9862
1217,愛之味,49,0,49,元大-南京,2024-10-22,9862
2301,光寶科,42,0,42,元大-南京,2024-10-22,9862
6438,迅得,38,3,35,元大-南京,2024-10-22,9862
4541,晟田,51,16,35,元大-南京,2024-10-22,9862
2605,新興,35,0,35,元大-南京,2024-10-22,9862
3042,晶技,35,3,32,元大-南京,2024-10-22,9862
6138,茂達,31,2,29,元大-南京,2024-10-22,9862
00720B,元大投資級公司債,26,1,25,元大-南京,2024-10-22,9862
2476,鉅祥,23,0,23,元大-南京,2024-10-22,9862
3665,貿聯-KY,22,1,21,元大-南京,2024-10-22,9862
2330,台積電,34,14,20,元大-南京,2024-10-22,9862
2010,春源,20,0,20,元大-南京,2024-10-22,9862
5534,長虹,20,0,20,元大-南京,2024-10-22,9862
8404,百和興業-KY,19,0,19,元大-南京,2024-10-22,9862
6863,永道-KY,20,2,18,元大-南京,2024-10-22,9862
2363,矽統,49,31,18,元大-南京,2024-10-22,9862
3013,晟銘電,30,12,18,元大-南京,2024-10-22,9862
1742,台蠟,17,0,17,元大-南京,2024-10-22,9862
6742,澤米,41,24,17,元大-南京,2024-10-22,9862
00795B,中信美國公債20年,16,0,16,元大-南京,2024-10-22,9862
3390,旭軟,16,0,16,元大-南京,2024-10-22,9862
00922,國泰台灣領袖50,16,0,16,元大-南京,2024-10-22,9862
6670,復盛應用,16,0,16,元大-南京,2024-10-22,9862
00712,復華富時不動產,16,0,16,元大-南京,2024-10-22,9862
0050,元大台灣50,56,41,15,元大-南京,2024-10-22,9862
1605,華新,19,4,15,元大-南京,2024-10-22,9862
8071,能率網通,15,0,15,元大-南京,2024-10-22,9862
006208,富邦台50,15,0,15,元大-南京,2024-10-22,9862
2388,威盛,80,66,14,元大-南京,2024-10-22,9862
3710,連展投控,13,0,13,元大-南京,2024-10-22,9862
4729,熒茂,28,15,13,元大-南京,2024-10-22,9862
00878,國泰永續高股息,23,10,13,元大-南京,2024-10-22,9862
00696B,富邦美債20年,12,0,12,元大-南京,2024-10-22,9862
3055,蔚華科,15,3,12,元大-南京,2024-10-22,9862
2467,志聖,18,6,12,元大-南京,2024-10-22,9862
00753L,中信中國50正2,12,0,12,元大-南京,2024-10-22,9862
00940,元大台灣價值高息,236,11,225,元大-南京,2024-10-23,9862
00937B,群益ESG投等債20,194,1,193,元大-南京,2024-10-23,9862
00712,復華富時不動產,82,0,82,元大-南京,2024-10-23,9862
00680L,元大美債20正2,119,50,69,元大-南京,2024-10-23,9862
1314,中石化,65,1,64,元大-南京,2024-10-23,9862
3481,群創,130,75,55,元大-南京,2024-10-23,9862
00929,復華台灣科技優息,134,80,54,元大-南京,2024-10-23,9862
00907,永豐優息存股,50,0,50,元大-南京,2024-10-23,9862
6116,彩晶,50,1,49,元大-南京,2024-10-23,9862
0056,元大高股息,46,2,44,元大-南京,2024-10-23,9862
6862,三集瑞-KY,43,0,43,元大-南京,2024-10-23,9862
2885,元大金,38,0,38,元大-南京,2024-10-23,9862
00679B,元大美債20年,77,41,36,元大-南京,2024-10-23,9862
00948B,中信優息投資級債,35,0,35,元大-南京,2024-10-23,9862
1727,中華化,54,23,31,元大-南京,2024-10-23,9862
00951,台新日本半導體,26,0,26,元大-南京,2024-10-23,9862
2330,台積電,35,9,26,元大-南京,2024-10-23,9862
3042,晶技,26,2,24,元大-南京,2024-10-23,9862
2542,興富發,24,2,22,元大-南京,2024-10-23,9862
3356,奇偶,21,0,21,元大-南京,2024-10-23,9862
8176,智捷,20,0,20,元大-南京,2024-10-23,9862
2911,麗嬰房,20,0,20,元大-南京,2024-10-23,9862
3167,大量,51,31,20,元大-南京,2024-10-23,9862
00720B,元大投資級公司債,20,0,20,元大-南京,2024-10-23,9862
00751B,元大AAA至A公司債,19,0,19,元大-南京,2024-10-23,9862
00637L,元大滬深300正2,129,110,19,元大-南京,2024-10-23,9862
2317,鴻海,41,23,18,元大-南京,2024-10-23,9862
6156,松上,22,5,17,元大-南京,2024-10-23,9862
3037,欣興,58,43,15,元大-南京,2024-10-23,9862
00919,群益台灣精選高息,16,1,15,元大-南京,2024-10-23,9862
6138,茂達,15,0,15,元大-南京,2024-10-23,9862
6151,晉倫,42,27,15,元大-南京,2024-10-23,9862
6142,友勁,15,0,15,元大-南京,2024-10-23,9862
8249,菱光,23,9,14,元大-南京,2024-10-23,9862
2891,中信金,15,2,13,元大-南京,2024-10-23,9862
4526,東台,31,18,13,元大-南京,2024-10-23,9862
6179,亞通,13,0,13,元大-南京,2024-10-23,9862
2303,聯電,17,5,12,元大-南京,2024-10-23,9862
2887,台新金,13,1,12,元大-南京,2024-10-23,9862
2855,統一證,12,0,12,元大-南京,2024-10-23,9862
4716,大立,26,14,12,元大-南京,2024-10-23,9862
2329,華泰,52,40,12,元大-南京,2024-10-23,9862
1717,長興,22,11,11,元大-南京,2024-10-23,9862
2327,國巨,12,1,11,元大-南京,2024-10-23,9862
2412,中華電,11,0,11,元大-南京,2024-10-23,9862
2498,宏達電,19,8,11,元大-南京,2024-10-23,9862
2888,新光金,12,1,11,元大-南京,2024-10-23,9862
6197,佳必琪,26,16,10,元大-南京,2024-10-23,9862
3131,弘塑,11,1,10,元大-南京,2024-10-23,9862
2547,日勝生,10,0,10,元大-南京,2024-10-23,9862
2883,凱基金,207,4,203,元大-南京,2024-10-24,9862
00687B,國泰20年美債,143,13,130,元大-南京,2024-10-24,9862
0056,元大高股息,130,0,130,元大-南京,2024-10-24,9862
3704,合勤控,125,20,105,元大-南京,2024-10-24,9862
00679B,元大美債20年,106,7,99,元大-南京,2024-10-24,9862
00632R,元大台灣50反1,97,0,97,元大-南京,2024-10-24,9862
1802,台玻,374,289,85,元大-南京,2024-10-24,9862
2317,鴻海,121,39,82,元大-南京,2024-10-24,9862
00919,群益台灣精選高息,60,4,56,元大-南京,2024-10-24,9862
3167,大量,100,45,55,元大-南京,2024-10-24,9862
00664R,國泰臺灣加權反1,52,0,52,元大-南京,2024-10-24,9862
8431,匯鑽科,64,14,50,元大-南京,2024-10-24,9862
00937B,群益ESG投等債20,69,20,49,元大-南京,2024-10-24,9862
4927,泰鼎-KY,44,0,44,元大-南京,2024-10-24,9862
00725B,國泰投資級公司債,34,0,34,元大-南京,2024-10-24,9862
2344,華邦電,46,13,33,元大-南京,2024-10-24,9862
2303,聯電,35,2,33,元大-南京,2024-10-24,9862
00878,國泰永續高股息,43,11,32,元大-南京,2024-10-24,9862
6863,永道-KY,28,0,28,元大-南京,2024-10-24,9862
00753L,中信中國50正2,26,0,26,元大-南京,2024-10-24,9862
1528,恩德,426,400,26,元大-南京,2024-10-24,9862
00887,永豐中國科技50大,36,10,26,元大-南京,2024-10-24,9862
6284,佳邦,26,0,26,元大-南京,2024-10-24,9862
00720B,元大投資級公司債,25,1,24,元大-南京,2024-10-24,9862
2477,美隆電,50,26,24,元大-南京,2024-10-24,9862
00929,復華台灣科技優息,51,28,23,元大-南京,2024-10-24,9862
3450,聯鈞,61,39,22,元大-南京,2024-10-24,9862
2062,橋椿,23,1,22,元大-南京,2024-10-24,9862
1815,富喬,27,5,22,元大-南京,2024-10-24,9862
3380,明泰,23,1,22,元大-南京,2024-10-24,9862
2634,漢翔,21,0,21,元大-南京,2024-10-24,9862
00918,大華優利高填息30,20,0,20,元大-南京,2024-10-24,9862
00953B,群益優選非投等債,20,0,20,元大-南京,2024-10-24,9862
2547,日勝生,20,0,20,元大-南京,2024-10-24,9862
00922,國泰台灣領袖50,19,0,19,元大-南京,2024-10-24,9862
1513,中興電,18,0,18,元大-南京,2024-10-24,9862
2399,映泰,32,14,18,元大-南京,2024-10-24,9862
2486,一詮,28,11,17,元大-南京,2024-10-24,9862
3042,晶技,18,1,17,元大-南京,2024-10-24,9862
2363,矽統,27,10,17,元大-南京,2024-10-24,9862
0050,元大台灣50,79,62,17,元大-南京,2024-10-24,9862
6609,瀧澤科,37,21,16,元大-南京,2024-10-24,9862
2887,台新金,16,0,16,元大-南京,2024-10-24,9862
2609,陽明,22,7,15,元大-南京,2024-10-24,9862
6901,鑽石投資,20,5,15,元大-南京,2024-10-24,9862
2034,允強,15,0,15,元大-南京,2024-10-24,9862
2027,大成鋼,17,2,15,元大-南京,2024-10-24,9862
2408,南亞科,14,0,14,元大-南京,2024-10-24,9862
00934,中信成長高股息,14,0,14,元大-南京,2024-10-24,9862
4123,晟德,38,25,13,元大-南京,2024-10-24,9862
00937B,群益ESG投等債20,109,5,104,元大-南京,2024-10-25,9862
4927,泰鼎-KY,68,0,68,元大-南京,2024-10-25,9862
00688L,國泰20年美債正2,50,0,50,元大-南京,2024-10-25,9862
00712,復華富時不動產,42,0,42,元大-南京,2024-10-25,9862
1464,得力,40,0,40,元大-南京,2024-10-25,9862
4729,熒茂,38,1,37,元大-南京,2024-10-25,9862
6706,惠特,36,1,35,元大-南京,2024-10-25,9862
8249,菱光,62,34,28,元大-南京,2024-10-25,9862
00687B,國泰20年美債,30,4,26,元大-南京,2024-10-25,9862
2303,聯電,34,8,26,元大-南京,2024-10-25,9862
4743,合一,27,1,26,元大-南京,2024-10-25,9862
6770,力積電,23,0,23,元大-南京,2024-10-25,9862
6241,易通展,23,0,23,元大-南京,2024-10-25,9862
2323,中環,22,0,22,元大-南京,2024-10-25,9862
0056,元大高股息,24,3,21,元大-南京,2024-10-25,9862
2705,六福,21,0,21,元大-南京,2024-10-25,9862
00738U,期元大道瓊白銀,20,0,20,元大-南京,2024-10-25,9862
2892,第一金,20,0,20,元大-南京,2024-10-25,9862
00715L,期街口布蘭特正2,20,0,20,元大-南京,2024-10-25,9862
6829,千附精密,20,0,20,元大-南京,2024-10-25,9862
2010,春源,20,0,20,元大-南京,2024-10-25,9862
00720B,元大投資級公司債,18,0,18,元大-南京,2024-10-25,9862
00919,群益台灣精選高息,26,9,17,元大-南京,2024-10-25,9862
6138,茂達,15,0,15,元大-南京,2024-10-25,9862
5234,達興材料,32,18,14,元大-南京,2024-10-25,9862
8096,擎亞,14,0,14,元大-南京,2024-10-25,9862
5907,大洋-KY,15,2,13,元大-南京,2024-10-25,9862
2449,京元電子,15,3,12,元大-南京,2024-10-25,9862
8937,合騏,14,2,12,元大-南京,2024-10-25,9862
6768,志強-KY,13,2,11,元大-南京,2024-10-25,9862
2887,台新金,11,0,11,元大-南京,2024-10-25,9862
1733,五鼎,10,0,10,元大-南京,2024-10-25,9862
00680L,元大美債20正2,10,0,10,元大-南京,2024-10-25,9862
00960,野村全球航運龍頭,10,0,10,元大-南京,2024-10-25,9862
00939,統一台灣高息動能,10,1,9,元大-南京,2024-10-25,9862
00882,中信中國高股息,10,1,9,元大-南京,2024-10-25,9862
00941,中信上游半導體,9,0,9,元大-南京,2024-10-25,9862
6757,台灣虎航,12,3,9,元大-南京,2024-10-25,9862
4123,晟德,27,18,9,元大-南京,2024-10-25,9862
3520,華盈,10,1,9,元大-南京,2024-10-25,9862
3710,連展投控,9,0,9,元大-南京,2024-10-25,9862
3051,力特,12,3,9,元大-南京,2024-10-25,9862
2888,新光金,20,11,9,元大-南京,2024-10-25,9862
2385,群光,10,2,8,元大-南京,2024-10-25,9862
2371,大同,9,1,8,元大-南京,2024-10-25,9862
1605,華新,24,16,8,元大-南京,2024-10-25,9862
00639,富邦深100,8,0,8,元大-南京,2024-10-25,9862
2328,廣宇,8,0,8,元大-南京,2024-10-25,9862
8064,東捷,21,13,8,元大-南京,2024-10-25,9862
4545,銘鈺,20,13,7,元大-南京,2024-10-25,9862
00687B,國泰20年美債,149,22,127,元大-南京,2024-10-28,9862
00680L,元大美債20正2,114,5,109,元大-南京,2024-10-28,9862
00688L,國泰20年美債正2,102,0,102,元大-南京,2024-10-28,9862
2646,星宇航空,95,20,75,元大-南京,2024-10-28,9862
00751B,元大AAA至A公司債,56,1,55,元大-南京,2024-10-28,9862
00715L,期街口布蘭特正2,53,0,53,元大-南京,2024-10-28,9862
2303,聯電,53,3,50,元大-南京,2024-10-28,9862
4123,晟德,60,10,50,元大-南京,2024-10-28,9862
00948B,中信優息投資級債,46,0,46,元大-南京,2024-10-28,9862
00712,復華富時不動產,35,0,35,元大-南京,2024-10-28,9862
00725B,國泰投資級公司債,33,0,33,元大-南京,2024-10-28,9862
00915,凱基優選高股息30,32,0,32,元大-南京,2024-10-28,9862
3231,緯創,58,27,31,元大-南京,2024-10-28,9862
2892,第一金,30,0,30,元大-南京,2024-10-28,9862
00943,兆豐電子高息等權,34,5,29,元大-南京,2024-10-28,9862
3189,景碩,35,6,29,元大-南京,2024-10-28,9862
6757,台灣虎航,27,3,24,元大-南京,2024-10-28,9862
6285,啟��,21,0,21,元大-南京,2024-10-28,9862
00919,群益台灣精選高息,24,3,21,元大-南京,2024-10-28,9862
5907,大洋-KY,20,0,20,元大-南京,2024-10-28,9862
00918,大華優利高填息30,20,1,19,元大-南京,2024-10-28,9862
00632R,元大台灣50反1,19,0,19,元大-南京,2024-10-28,9862
2505,國揚,19,0,19,元大-南京,2024-10-28,9862
2882,國泰金,32,15,17,元大-南京,2024-10-28,9862
2486,一詮,32,15,17,元大-南京,2024-10-28,9862
6288,聯嘉,82,65,17,元大-南京,2024-10-28,9862
1528,恩德,34,19,15,元大-南京,2024-10-28,9862
4931,新盛力,15,0,15,元大-南京,2024-10-28,9862
6706,惠特,26,11,15,元大-南京,2024-10-28,9862
2354,鴻準,94,80,14,元大-南京,2024-10-28,9862
00637L,元大滬深300正2,17,4,13,元大-南京,2024-10-28,9862
3059,華晶科,13,0,13,元大-南京,2024-10-28,9862
6509,聚和,13,0,13,元大-南京,2024-10-28,9862
2316,楠梓電,12,0,12,元大-南京,2024-10-28,9862
3694,海華,12,0,12,元大-南京,2024-10-28,9862
3037,欣興,16,4,12,元大-南京,2024-10-28,9862
6451,訊芯-KY,14,3,11,元大-南京,2024-10-28,9862
4927,泰鼎-KY,11,0,11,元大-南京,2024-10-28,9862
2442,新美齊,11,0,11,元大-南京,2024-10-28,9862
2476,鉅祥,12,1,11,元大-南京,2024-10-28,9862
4576,大銀微系統,17,6,11,元大-南京,2024-10-28,9862
1101,台泥,11,1,10,元大-南京,2024-10-28,9862
6788,華景電,10,0,10,元大-南京,2024-10-28,9862
1815,富喬,20,10,10,元大-南京,2024-10-28,9862
6005,群益證,10,0,10,元大-南京,2024-10-28,9862
4157,太景*-KY,10,0,10,元大-南京,2024-10-28,9862
8107,大億金茂,22,12,10,元大-南京,2024-10-28,9862
00931B,統一美債20年,10,0,10,元大-南京,2024-10-28,9862
2547,日勝生,10,0,10,元大-南京,2024-10-28,9862
2402,毅嘉,14,4,10,元大-南京,2024-10-28,9862
00664R,國泰臺灣加權反1,200,0,200,元大-南京,2024-10-29,9862
1528,恩德,505,350,155,元大-南京,2024-10-29,9862
2303,聯電,123,7,116,元大-南京,2024-10-29,9862
0056,元大高股息,80,14,66,元大-南京,2024-10-29,9862
00878,國泰永續高股息,69,7,62,元大-南京,2024-10-29,9862
00929,復華台灣科技優息,69,9,60,元大-南京,2024-10-29,9862
00708L,期元大S＆P黃金正2,60,0,60,元大-南京,2024-10-29,9862
00919,群益台灣精選高息,98,42,56,元大-南京,2024-10-29,9862
3290,東浦,55,0,55,元大-南京,2024-10-29,9862
6133,金橋,67,18,49,元大-南京,2024-10-29,9862
2301,光寶科,41,1,40,元大-南京,2024-10-29,9862
3234,光環,36,1,35,元大-南京,2024-10-29,9862
8937,合騏,37,3,34,元大-南京,2024-10-29,9862
00632R,元大台灣50反1,51,17,34,元大-南京,2024-10-29,9862
1313,聯成,32,0,32,元大-南京,2024-10-29,9862
3356,奇偶,30,0,30,元大-南京,2024-10-29,9862
3447,展達,33,4,29,元大-南京,2024-10-29,9862
6165,浪凡,31,2,29,元大-南京,2024-10-29,9862
6235,華孚,32,4,28,元大-南京,2024-10-29,9862
2883,凱基金,29,1,28,元大-南京,2024-10-29,9862
2317,鴻海,69,44,25,元大-南京,2024-10-29,9862
00712,復華富時不動產,24,0,24,元大-南京,2024-10-29,9862
00922,國泰台灣領袖50,33,10,23,元大-南京,2024-10-29,9862
00637L,元大滬深300正2,27,6,21,元大-南京,2024-10-29,9862
2547,日勝生,20,0,20,元大-南京,2024-10-29,9862
1416,廣豐,20,0,20,元大-南京,2024-10-29,9862
8110,華東,20,0,20,元大-南京,2024-10-29,9862
006208,富邦台50,25,6,19,元大-南京,2024-10-29,9862
00902,中信電池及儲能,21,2,19,元大-南京,2024-10-29,9862
0050,元大台灣50,31,14,17,元大-南京,2024-10-29,9862
00675L,富邦臺灣加權正2,17,1,16,元大-南京,2024-10-29,9862
2344,華邦電,31,15,16,元大-南京,2024-10-29,9862
6241,易通展,16,0,16,元大-南京,2024-10-29,9862
2330,台積電,22,6,16,元大-南京,2024-10-29,9862
2467,志聖,16,1,15,元大-南京,2024-10-29,9862
6438,迅得,28,14,14,元大-南京,2024-10-29,9862
2867,三商壽,14,0,14,元大-南京,2024-10-29,9862
1314,中石化,13,0,13,元大-南京,2024-10-29,9862
2609,陽明,13,1,12,元大-南京,2024-10-29,9862
2486,一詮,17,5,12,元大-南京,2024-10-29,9862
3715,定穎投控,21,9,12,元大-南京,2024-10-29,9862
00642U,期元大S＆P石油,11,0,11,元大-南京,2024-10-29,9862
2543,皇昌,21,10,11,元大-南京,2024-10-29,9862
1605,華新,40,29,11,元大-南京,2024-10-29,9862
00687B,國泰20年美債,12,1,11,元大-南京,2024-10-29,9862
00715L,期街口布蘭特正2,11,0,11,元大-南京,2024-10-29,9862
6156,松上,13,3,10,元大-南京,2024-10-29,9862
2637,慧洋-KY,10,0,10,元大-南京,2024-10-29,9862
2481,強茂,10,0,10,元大-南京,2024-10-29,9862
3221,台嘉碩,10,0,10,元大-南京,2024-10-29,9862
00929,復華台灣科技優息,327,5,322,元大-南京,2024-10-30,9862
2646,星宇航空,174,8,166,元大-南京,2024-10-30,9862
1802,台玻,185,93,92,元大-南京,2024-10-30,9862
00687B,國泰20年美債,59,1,58,元大-南京,2024-10-30,9862
6134,萬旭,59,3,56,元大-南京,2024-10-30,9862
2506,太設,50,0,50,元大-南京,2024-10-30,9862
2327,國巨,53,4,49,元大-南京,2024-10-30,9862
0056,元大高股息,47,1,46,元大-南京,2024-10-30,9862
2303,聯電,45,3,42,元大-南京,2024-10-30,9862
00919,群益台灣精選高息,42,3,39,元大-南京,2024-10-30,9862
00637L,元大滬深300正2,36,6,30,元大-南京,2024-10-30,9862
00946,群益科技高息成長,26,2,24,元大-南京,2024-10-30,9862
2477,美隆電,27,6,21,元大-南京,2024-10-30,9862
2851,中再保,20,0,20,元大-南京,2024-10-30,9862
2397,友通,23,4,19,元大-南京,2024-10-30,9862
6829,千附精密,19,0,19,元大-南京,2024-10-30,9862
6173,信昌電,18,0,18,元大-南京,2024-10-30,9862
2489,瑞軒,19,1,18,元大-南京,2024-10-30,9862
2308,台達電,22,4,18,元大-南京,2024-10-30,9862
6257,矽格,25,7,18,元大-南京,2024-10-30,9862
2337,旺宏,21,4,17,元大-南京,2024-10-30,9862
2897,王道銀行,16,0,16,元大-南京,2024-10-30,9862
6770,力積電,45,30,15,元大-南京,2024-10-30,9862
8044,網家,59,46,13,元大-南京,2024-10-30,9862
1449,佳和,24,11,13,元大-南京,2024-10-30,9862
4569,六方科-KY,17,5,12,元大-南京,2024-10-30,9862
2887,台新金,12,0,12,元大-南京,2024-10-30,9862
2852,第一保,12,0,12,元大-南京,2024-10-30,9862
00948B,中信優息投資級債,12,0,12,元大-南京,2024-10-30,9862
00712,復華富時不動產,11,0,11,元大-南京,2024-10-30,9862
00936,台新永續高息中小,11,0,11,元大-南京,2024-10-30,9862
4971,IET-KY,11,0,11,元大-南京,2024-10-30,9862
2399,映泰,18,7,11,元大-南京,2024-10-30,9862
2049,上銀,11,0,11,元大-南京,2024-10-30,9862
00665L,富邦�琤肭磪囓�2,11,0,11,元大-南京,2024-10-30,9862
00953B,群益優選非投等債,10,0,10,元大-南京,2024-10-30,9862
2425,承啟,26,16,10,元大-南京,2024-10-30,9862
00674R,期元大S＆P黃金反1,10,0,10,元大-南京,2024-10-30,9862
6138,茂達,13,3,10,元大-南京,2024-10-30,9862
2885,元大金,9,0,9,元大-南京,2024-10-30,9862
00679B,元大美債20年,14,5,9,元大-南京,2024-10-30,9862
00633L,富邦上証正2,9,0,9,元大-南京,2024-10-30,9862
1736,喬山,24,15,9,元大-南京,2024-10-30,9862
006208,富邦台50,19,11,8,元大-南京,2024-10-30,9862
1560,中砂,10,2,8,元大-南京,2024-10-30,9862
00938,凱基優選30,8,0,8,元大-南京,2024-10-30,9862
00647L,元大S＆P500正2,8,0,8,元大-南京,2024-10-30,9862
4532,瑞智,8,0,8,元大-南京,2024-10-30,9862
2890,永豐金,12,4,8,元大-南京,2024-10-30,9862
2408,南亞科,8,0,8,元大-南京,2024-10-30,9862
2883B,凱基金乙特,138,0,138,元大-南京,2024-11-01,9862
2303,聯電,95,14,81,元大-南京,2024-11-01,9862
00919,群益台灣精選高息,70,1,69,元大-南京,2024-11-01,9862
00878,國泰永續高股息,62,0,62,元大-南京,2024-11-01,9862
00946,群益科技高息成長,60,0,60,元大-南京,2024-11-01,9862
3481,群創,63,8,55,元大-南京,2024-11-01,9862
00940,元大台灣價值高息,42,1,41,元大-南京,2024-11-01,9862
2354,鴻準,261,229,32,元大-南京,2024-11-01,9862
1810,和成,30,0,30,元大-南京,2024-11-01,9862
00830,國泰費城半導體,30,1,29,元大-南京,2024-11-01,9862
3234,光環,30,1,29,元大-南京,2024-11-01,9862
0056,元大高股息,40,13,27,元大-南京,2024-11-01,9862
2317,鴻海,46,23,23,元大-南京,2024-11-01,9862
0050,元大台灣50,35,12,23,元大-南京,2024-11-01,9862
2867,三商壽,21,0,21,元大-南京,2024-11-01,9862
00712,復華富時不動產,21,0,21,元大-南京,2024-11-01,9862
00953B,群益優選非投等債,20,0,20,元大-南京,2024-11-01,9862
00929,復華台灣科技優息,41,21,20,元大-南京,2024-11-01,9862
5880,合庫金,23,5,18,元大-南京,2024-11-01,9862
00918,大華優利高填息30,16,0,16,元大-南京,2024-11-01,9862
2887,台新金,16,0,16,元大-南京,2024-11-01,9862
2330,台積電,29,13,16,元大-南京,2024-11-01,9862
00631L,元大台灣50正2,17,1,16,元大-南京,2024-11-01,9862
2882,國泰金,22,6,16,元大-南京,2024-11-01,9862
2442,新美齊,16,0,16,元大-南京,2024-11-01,9862
2881,富邦金,17,2,15,元大-南京,2024-11-01,9862
00941,中信上游半導體,15,0,15,元大-南京,2024-11-01,9862
5213,亞昕,15,0,15,元大-南京,2024-11-01,9862
00948B,中信優息投資級債,14,0,14,元大-南京,2024-11-01,9862
2308,台達電,15,2,13,元大-南京,2024-11-01,9862
00922,國泰台灣領袖50,13,0,13,元大-南京,2024-11-01,9862
2880,華南金,15,2,13,元大-南京,2024-11-01,9862
4958,臻鼎-KY,12,0,12,元大-南京,2024-11-01,9862
1101,台泥,12,0,12,元大-南京,2024-11-01,9862
2344,華邦電,28,16,12,元大-南京,2024-11-01,9862
006208,富邦台50,19,7,12,元大-南京,2024-11-01,9862
4927,泰鼎-KY,11,0,11,元大-南京,2024-11-01,9862
2337,旺宏,14,3,11,元大-南京,2024-11-01,9862
6414,樺漢,12,1,11,元大-南京,2024-11-01,9862
00900,富邦特選高股息30,11,1,10,元大-南京,2024-11-01,9862
2886,兆豐金,10,0,10,元大-南京,2024-11-01,9862
2356,英業達,14,4,10,元大-南京,2024-11-01,9862
2486,一詮,32,22,10,元大-南京,2024-11-01,9862
4909,新復興,10,0,10,元大-南京,2024-11-01,9862
2421,建準,9,0,9,元大-南京,2024-11-01,9862
6216,居易,24,15,9,元大-南京,2024-11-01,9862
6257,矽格,15,6,9,元大-南京,2024-11-01,9862
6546,正基,9,0,9,元大-南京,2024-11-01,9862
00770,國泰北美科技,9,0,9,元大-南京,2024-11-01,9862
00675L,富邦臺灣加權正2,8,0,8,元大-南京,2024-11-01,9862
00937B,群益ESG投等債20,121,0,121,元大-南京,2024-11-04,9862
00679B,元大美債20年,98,0,98,元大-南京,2024-11-04,9862
00725B,國泰投資級公司債,92,0,92,元大-南京,2024-11-04,9862
00943,兆豐電子高息等權,64,0,64,元大-南京,2024-11-04,9862
00878,國泰永續高股息,67,4,63,元大-南京,2024-11-04,9862
00632R,元大台灣50反1,105,45,60,元大-南京,2024-11-04,9862
2303,聯電,67,9,58,元大-南京,2024-11-04,9862
6438,迅得,51,10,41,元大-南京,2024-11-04,9862
2609,陽明,54,16,38,元大-南京,2024-11-04,9862
6134,萬旭,43,6,37,元大-南京,2024-11-04,9862
00940,元大台灣價值高息,46,12,34,元大-南京,2024-11-04,9862
2615,萬海,168,134,34,元大-南京,2024-11-04,9862
2385,群光,27,0,27,元大-南京,2024-11-04,9862
00932,兆豐永續高息等權,25,0,25,元大-南京,2024-11-04,9862
1802,台玻,89,67,22,元大-南京,2024-11-04,9862
00753L,中信中國50正2,20,0,20,元大-南京,2024-11-04,9862
2408,南亞科,18,0,18,元大-南京,2024-11-04,9862
2409,友達,18,0,18,元大-南京,2024-11-04,9862
6770,力積電,17,0,17,元大-南京,2024-11-04,9862
3481,群創,18,1,17,元大-南京,2024-11-04,9862
00751B,元大AAA至A公司債,16,0,16,元大-南京,2024-11-04,9862
00948B,中信優息投資級債,16,0,16,元大-南京,2024-11-04,9862
00712,復華富時不動產,15,0,15,元大-南京,2024-11-04,9862
00881,國泰台灣5G+,20,7,13,元大-南京,2024-11-04,9862
4716,大立,14,1,13,元大-南京,2024-11-04,9862
00633L,富邦上証正2,13,0,13,元大-南京,2024-11-04,9862
00915,凱基優選高股息30,12,0,12,元大-南京,2024-11-04,9862
3217,優群,13,1,12,元大-南京,2024-11-04,9862
1815,富喬,15,3,12,元大-南京,2024-11-04,9862
00950B,凱基A級公司債,12,0,12,元大-南京,2024-11-04,9862
4909,新復興,14,2,12,元大-南京,2024-11-04,9862
00675L,富邦臺灣加權正2,13,1,12,元大-南京,2024-11-04,9862
00713,元大台灣高息低波,11,0,11,元大-南京,2024-11-04,9862
6156,松上,13,2,11,元大-南京,2024-11-04,9862
6241,易通展,11,0,11,元大-南京,2024-11-04,9862
3710,連展投控,11,0,11,元大-南京,2024-11-04,9862
00752,中信中國50,10,0,10,元大-南京,2024-11-04,9862
2337,旺宏,11,1,10,元大-南京,2024-11-04,9862
6706,惠特,24,14,10,元大-南京,2024-11-04,9862
00664R,國泰臺灣加權反1,10,0,10,元大-南京,2024-11-04,9862
00924,復華S＆P500成長,10,0,10,元大-南京,2024-11-04,9862
00918,大華優利高填息30,10,1,9,元大-南京,2024-11-04,9862
3090,日電貿,9,0,9,元大-南京,2024-11-04,9862
6191,精成科,13,4,9,元大-南京,2024-11-04,9862
8089,康全電訊,16,7,9,元大-南京,2024-11-04,9862
00887,永豐中國科技50大,9,1,8,元大-南京,2024-11-04,9862
00720B,元大投資級公司債,18,10,8,元大-南京,2024-11-04,9862
4919,新唐,15,7,8,元大-南京,2024-11-04,9862
6197,佳必琪,14,7,7,元大-南京,2024-11-04,9862
2606,裕民,13,6,7,元大-南京,2024-11-04,9862
2888,新光金,350,1,349,元大-南京,2024-11-05,9862
6546,正基,124,1,123,元大-南京,2024-11-05,9862
00637L,元大滬深300正2,212,103,109,元大-南京,2024-11-05,9862
00680L,元大美債20正2,102,0,102,元大-南京,2024-11-05,9862
2303,聯電,89,15,74,元大-南京,2024-11-05,9862
3450,聯鈞,95,43,52,元大-南京,2024-11-05,9862
4956,光鋐,52,3,49,元大-南京,2024-11-05,9862
00919,群益台灣精選高息,63,18,45,元大-南京,2024-11-05,9862
00632R,元大台灣50反1,51,10,41,元大-南京,2024-11-05,9862
1504,東元,41,1,40,元大-南京,2024-11-05,9862
00878,國泰永續高股息,34,3,31,元大-南京,2024-11-05,9862
2317,鴻海,46,17,29,元大-南京,2024-11-05,9862
00929,復華台灣科技優息,43,15,28,元大-南京,2024-11-05,9862
3706,神達,40,15,25,元大-南京,2024-11-05,9862
3062,建漢,52,29,23,元大-南京,2024-11-05,9862
3049,精金,37,16,21,元大-南京,2024-11-05,9862
00934,中信成長高股息,20,0,20,元大-南京,2024-11-05,9862
4526,東台,23,4,19,元大-南京,2024-11-05,9862
6449,鈺邦,19,0,19,元大-南京,2024-11-05,9862
00946,群益科技高息成長,18,0,18,元大-南京,2024-11-05,9862
2883B,凱基金乙特,16,0,16,元大-南京,2024-11-05,9862
6005,群益證,15,0,15,元大-南京,2024-11-05,9862
3708,上緯投控,15,0,15,元大-南京,2024-11-05,9862
00679B,元大美債20年,16,1,15,元大-南京,2024-11-05,9862
00937B,群益ESG投等債20,64,50,14,元大-南京,2024-11-05,9862
00891,中信關鍵半導體,13,0,13,元大-南京,2024-11-05,9862
4927,泰鼎-KY,14,1,13,元大-南京,2024-11-05,9862
6139,亞翔,12,0,12,元大-南京,2024-11-05,9862
5258,虹堡,13,2,11,元大-南京,2024-11-05,9862
00720B,元大投資級公司債,11,0,11,元大-南京,2024-11-05,9862
6213,聯茂,11,1,10,元大-南京,2024-11-05,9862
1595,川寶,10,0,10,元大-南京,2024-11-05,9862
6770,力積電,10,0,10,元大-南京,2024-11-05,9862
00706L,期元大S＆P日圓正2,10,0,10,元大-南京,2024-11-05,9862
00646,元大S＆P500,8,0,8,元大-南京,2024-11-05,9862
1528,恩德,23,15,8,元大-南京,2024-11-05,9862
3312,弘憶股,8,0,8,元大-南京,2024-11-05,9862
00930,永豐ESG低碳高息,8,0,8,元大-南京,2024-11-05,9862
2327,國巨,8,1,7,元大-南京,2024-11-05,9862
2369,菱生,7,0,7,元大-南京,2024-11-05,9862
6526,達發,7,0,7,元大-南京,2024-11-05,9862
3147,大綜,7,0,7,元大-南京,2024-11-05,9862
6596,寬宏藝術,7,0,7,元大-南京,2024-11-05,9862
5009,榮剛,7,0,7,元大-南京,2024-11-05,9862
4909,新復興,20,14,6,元大-南京,2024-11-05,9862
3013,晟銘電,16,10,6,元大-南京,2024-11-05,9862
2330,台積電,9,3,6,元大-南京,2024-11-05,9862
6278,台表科,6,0,6,元大-南京,2024-11-05,9862
00687B,國泰20年美債,17,11,6,元大-南京,2024-11-05,9862
2883,凱基金,13,7,6,元大-南京,2024-11-05,9862
00680L,元大美債20正2,607,230,377,元大-南京,2024-11-06,9862
2888,新光金,250,3,247,元大-南京,2024-11-06,9862
00632R,元大台灣50反1,211,50,161,元大-南京,2024-11-06,9862
6768,志強-KY,161,22,139,元大-南京,2024-11-06,9862
00932,兆豐永續高息等權,124,0,124,元大-南京,2024-11-06,9862
00679B,元大美債20年,120,24,96,元大-南京,2024-11-06,9862
6873,泓德能源,75,6,69,元大-南京,2024-11-06,9862
00683L,期元大美元指正2,55,0,55,元大-南京,2024-11-06,9862
2609,陽明,69,15,54,元大-南京,2024-11-06,9862
00887,永豐中國科技50大,66,15,51,元大-南京,2024-11-06,9862
2429,銘旺科,50,0,50,元大-南京,2024-11-06,9862
00937B,群益ESG投等債20,111,71,40,元大-南京,2024-11-06,9862
00795B,中信美國公債20年,40,1,39,元大-南京,2024-11-06,9862
00688L,國泰20年美債正2,35,0,35,元大-南京,2024-11-06,9862
6546,正基,34,1,33,元大-南京,2024-11-06,9862
3689,湧德,40,7,33,元大-南京,2024-11-06,9862
00633L,富邦上証正2,46,16,30,元大-南京,2024-11-06,9862
00720B,元大投資級公司債,32,2,30,元大-南京,2024-11-06,9862
00878,國泰永續高股息,29,1,28,元大-南京,2024-11-06,9862
00706L,期元大S＆P日圓正2,33,5,28,元大-南京,2024-11-06,9862
3042,晶技,28,0,28,元大-南京,2024-11-06,9862
3234,光環,25,0,25,元大-南京,2024-11-06,9862
3324,雙鴻,38,16,22,元大-南京,2024-11-06,9862
00712,復華富時不動產,21,0,21,元大-南京,2024-11-06,9862
1449,佳和,29,8,21,元大-南京,2024-11-06,9862
3231,緯創,84,64,20,元大-南京,2024-11-06,9862
2101,南港,20,0,20,元大-南京,2024-11-06,9862
3207,耀勝,20,0,20,元大-南京,2024-11-06,9862
6757,台灣虎航,23,4,19,元大-南京,2024-11-06,9862
4743,合一,18,0,18,元大-南京,2024-11-06,9862
00959B,大華投等美債15Y+,18,0,18,元大-南京,2024-11-06,9862
00919,群益台灣精選高息,33,15,18,元大-南京,2024-11-06,9862
00753L,中信中國50正2,17,0,17,元大-南京,2024-11-06,9862
6446,藥華藥,18,1,17,元大-南京,2024-11-06,9862
2344,華邦電,18,2,16,元大-南京,2024-11-06,9862
00933B,國泰10Y+金融債,15,0,15,元大-南京,2024-11-06,9862
00953B,群益優選非投等債,15,0,15,元大-南京,2024-11-06,9862
6492,生華科,15,0,15,元大-南京,2024-11-06,9862
2883,凱基金,37,23,14,元大-南京,2024-11-06,9862
4562,穎漢,15,1,14,元大-南京,2024-11-06,9862
2603,長榮,22,9,13,元大-南京,2024-11-06,9862
3037,欣興,21,8,13,元大-南京,2024-11-06,9862
8096,擎亞,12,0,12,元大-南京,2024-11-06,9862
00751B,元大AAA至A公司債,12,0,12,元大-南京,2024-11-06,9862
8249,菱光,51,40,11,元大-南京,2024-11-06,9862
2371,大同,14,3,11,元大-南京,2024-11-06,9862
4927,泰鼎-KY,11,0,11,元大-南京,2024-11-06,9862
5478,智冠,11,0,11,元大-南京,2024-11-06,9862
2385,群光,10,0,10,元大-南京,2024-11-06,9862
00915,凱基優選高股息30,11,1,10,元大-南京,2024-11-06,9862
2888,新光金,652,3,649,元大-南京,2024-11-07,9862
5309,系統電,319,1,318,元大-南京,2024-11-07,9862
5388,中磊,146,0,146,元大-南京,2024-11-07,9862
2324,仁寶,215,81,134,元大-南京,2024-11-07,9862
00680L,元大美債20正2,114,0,114,元大-南京,2024-11-07,9862
2330,台積電,130,43,87,元大-南京,2024-11-07,9862
00637L,元大滬深300正2,106,49,57,元大-南京,2024-11-07,9862
00688L,國泰20年美債正2,60,15,45,元大-南京,2024-11-07,9862
1301,台塑,47,9,38,元大-南京,2024-11-07,9862
2312,金寶,133,98,35,元大-南京,2024-11-07,9862
6670,復盛應用,35,0,35,元大-南京,2024-11-07,9862
2332,友訊,44,18,26,元大-南京,2024-11-07,9862
00633L,富邦上証正2,42,18,24,元大-南京,2024-11-07,9862
2303,聯電,60,37,23,元大-南京,2024-11-07,9862
00878,國泰永續高股息,29,7,22,元大-南京,2024-11-07,9862
2038,海光,35,13,22,元大-南京,2024-11-07,9862
2356,英業達,71,51,20,元大-南京,2024-11-07,9862
2317,鴻海,111,91,20,元大-南京,2024-11-07,9862
6269,台郡,20,0,20,元大-南京,2024-11-07,9862
2731,雄獅,21,1,20,元大-南京,2024-11-07,9862
00673R,期元大S＆P原油反1,20,0,20,元大-南京,2024-11-07,9862
3141,晶宏,20,1,19,元大-南京,2024-11-07,9862
2486,一詮,24,6,18,元大-南京,2024-11-07,9862
6873,泓德能源,20,3,17,元大-南京,2024-11-07,9862
00891,中信關鍵半導體,17,0,17,元大-南京,2024-11-07,9862
2481,強茂,20,3,17,元大-南京,2024-11-07,9862
2892,第一金,17,0,17,元大-南京,2024-11-07,9862
2049,上銀,17,1,16,元大-南京,2024-11-07,9862
1442,名軒,16,0,16,元大-南京,2024-11-07,9862
00919,群益台灣精選高息,33,17,16,元大-南京,2024-11-07,9862
1314,中石化,15,0,15,元大-南京,2024-11-07,9862
00713,元大台灣高息低波,15,0,15,元大-南京,2024-11-07,9862
00679B,元大美債20年,32,18,14,元大-南京,2024-11-07,9862
2002,中鋼,19,6,13,元大-南京,2024-11-07,9862
00706L,期元大S＆P日圓正2,13,0,13,元大-南京,2024-11-07,9862
00720B,元大投資級公司債,17,5,12,元大-南京,2024-11-07,9862
00738U,期元大道瓊白銀,12,0,12,元大-南京,2024-11-07,9862
6425,易發,21,10,11,元大-南京,2024-11-07,9862
2429,銘旺科,11,0,11,元大-南京,2024-11-07,9862
3535,晶彩科,14,3,11,元大-南京,2024-11-07,9862
8027,鈦昇,14,3,11,元大-南京,2024-11-07,9862
00905,FT臺灣Smart,10,0,10,元大-南京,2024-11-07,9862
2734,易飛網,10,0,10,元大-南京,2024-11-07,9862
3545,敦泰,10,0,10,元大-南京,2024-11-07,9862
3047,訊舟,17,7,10,元大-南京,2024-11-07,9862
6164,華興,12,2,10,元大-南京,2024-11-07,9862
8429,金麗-KY,10,0,10,元大-南京,2024-11-07,9862
00712,復華富時不動產,10,0,10,元大-南京,2024-11-07,9862
2301,光寶科,10,0,10,元大-南京,2024-11-07,9862
6190,萬泰科,10,1,9,元大-南京,2024-11-07,9862
2388,威盛,216,108,108,元大-南京,2024-11-08,9862
3062,建漢,163,71,92,元大-南京,2024-11-08,9862
00632R,元大台灣50反1,69,1,68,元大-南京,2024-11-08,9862
3037,欣興,80,24,56,元大-南京,2024-11-08,9862
2313,華通,51,7,44,元大-南京,2024-11-08,9862
2328,廣宇,38,4,34,元大-南京,2024-11-08,9862
8027,鈦昇,37,5,32,元大-南京,2024-11-08,9862
00680L,元大美債20正2,31,0,31,元大-南京,2024-11-08,9862
2883B,凱基金乙特,30,0,30,元大-南京,2024-11-08,9862
2353,宏��,30,3,27,元大-南京,2024-11-08,9862
00882,中信中國高股息,68,41,27,元大-南京,2024-11-08,9862
00929,復華台灣科技優息,27,1,26,元大-南京,2024-11-08,9862
00919,群益台灣精選高息,38,12,26,元大-南京,2024-11-08,9862
1718,中纖,25,0,25,元大-南京,2024-11-08,9862
00675L,富邦臺灣加權正2,29,5,24,元大-南京,2024-11-08,9862
1314,中石化,24,0,24,元大-南京,2024-11-08,9862
2392,正崴,78,54,24,元大-南京,2024-11-08,9862
4533,協易機,22,1,21,元大-南京,2024-11-08,9862
2489,瑞軒,23,2,21,元大-南京,2024-11-08,9862
3163,波若威,25,4,21,元大-南京,2024-11-08,9862
00647L,元大S＆P500正2,21,0,21,元大-南京,2024-11-08,9862
00878,國泰永續高股息,29,8,21,元大-南京,2024-11-08,9862
1528,恩德,22,2,20,元大-南京,2024-11-08,9862
4123,晟德,20,0,20,元大-南京,2024-11-08,9862
00959B,大華投等美債15Y+,20,0,20,元大-南京,2024-11-08,9862
3236,千如,20,0,20,元大-南京,2024-11-08,9862
6596,寬宏藝術,19,0,19,元大-南京,2024-11-08,9862
3013,晟銘電,22,3,19,元大-南京,2024-11-08,9862
2451,創見,20,2,18,元大-南京,2024-11-08,9862
2892,第一金,20,2,18,元大-南京,2024-11-08,9862
00687B,國泰20年美債,18,0,18,元大-南京,2024-11-08,9862
3551,世禾,22,5,17,元大-南京,2024-11-08,9862
2363,矽統,27,10,17,元大-南京,2024-11-08,9862
2303,聯電,23,7,16,元大-南京,2024-11-08,9862
3227,原相,17,2,15,元大-南京,2024-11-08,9862
2646,星宇航空,19,4,15,元大-南京,2024-11-08,9862
006205,富邦上証,15,1,14,元大-南京,2024-11-08,9862
6438,迅得,36,23,13,元大-南京,2024-11-08,9862
1786,科妍,13,1,12,元大-南京,2024-11-08,9862
2324,仁寶,34,23,11,元大-南京,2024-11-08,9862
2613,中櫃,23,12,11,元大-南京,2024-11-08,9862
8070,長華*,12,1,11,元大-南京,2024-11-08,9862
4571,鈞興-KY,14,3,11,元大-南京,2024-11-08,9862
6288,聯嘉,10,0,10,元大-南京,2024-11-08,9862
6005,群益證,20,10,10,元大-南京,2024-11-08,9862
3290,東浦,14,4,10,元大-南京,2024-11-08,9862
8021,尖點,10,0,10,元大-南京,2024-11-08,9862
5309,系統電,12,2,10,元大-南京,2024-11-08,9862
1460,宏遠,10,0,10,元大-南京,2024-11-08,9862
3078,僑威,10,0,10,元大-南京,2024-11-08,9862
3231,緯創,233,35,198,元大-南京,2024-11-11,9862
5309,系統電,194,6,188,元大-南京,2024-11-11,9862
2330,台積電,89,10,79,元大-南京,2024-11-11,9862
6706,惠特,76,6,70,元大-南京,2024-11-11,9862
00878,國泰永續高股息,76,7,69,元大-南京,2024-11-11,9862
2646,星宇航空,67,3,64,元大-南京,2024-11-11,9862
00633L,富邦上証正2,77,13,64,元大-南京,2024-11-11,9862
9105,泰金寶-DR,65,2,63,元大-南京,2024-11-11,9862
00933B,國泰10Y+金融債,60,0,60,元大-南京,2024-11-11,9862
2609,陽明,72,18,54,元大-南京,2024-11-11,9862
2888,新光金,42,1,41,元大-南京,2024-11-11,9862
00919,群益台灣精選高息,40,2,38,元大-南京,2024-11-11,9862
00753L,中信中國50正2,36,0,36,元大-南京,2024-11-11,9862
00915,凱基優選高股息30,34,1,33,元大-南京,2024-11-11,9862
00918,大華優利高填息30,34,3,31,元大-南京,2024-11-11,9862
1605,華新,47,18,29,元大-南京,2024-11-11,9862
3706,神達,50,23,27,元大-南京,2024-11-11,9862
8240,華宏,46,21,25,元大-南京,2024-11-11,9862
5009,榮剛,27,2,25,元大-南京,2024-11-11,9862
2353,宏��,29,5,24,元大-南京,2024-11-11,9862
2637,慧洋-KY,24,0,24,元大-南京,2024-11-11,9862
2641,正德,22,2,20,元大-南京,2024-11-11,9862
00715L,期街口布蘭特正2,20,1,19,元大-南京,2024-11-11,9862
1471,首利,18,0,18,元大-南京,2024-11-11,9862
6147,頎邦,18,0,18,元大-南京,2024-11-11,9862
3042,晶技,17,0,17,元大-南京,2024-11-11,9862
2882,國泰金,16,0,16,元大-南京,2024-11-11,9862
8046,南電,16,0,16,元大-南京,2024-11-11,9862
6596,寬宏藝術,16,0,16,元大-南京,2024-11-11,9862
2883B,凱基金乙特,20,4,16,元大-南京,2024-11-11,9862
3147,大綜,15,0,15,元大-南京,2024-11-11,9862
6160,欣技,16,1,15,元大-南京,2024-11-11,9862
2834,臺企銀,14,0,14,元大-南京,2024-11-11,9862
8064,東捷,15,1,14,元大-南京,2024-11-11,9862
1307,三芳,16,3,13,元大-南京,2024-11-11,9862
4123,晟德,30,17,13,元大-南京,2024-11-11,9862
00713,元大台灣高息低波,24,11,13,元大-南京,2024-11-11,9862
3037,欣興,34,21,13,元大-南京,2024-11-11,9862
006208,富邦台50,26,13,13,元大-南京,2024-11-11,9862
8039,台虹,12,0,12,元大-南京,2024-11-11,9862
2254,巨鎧精密-創,13,1,12,元大-南京,2024-11-11,9862
8047,星雲,12,0,12,元大-南京,2024-11-11,9862
0050,元大台灣50,49,37,12,元大-南京,2024-11-11,9862
5014,建錩,11,0,11,元大-南京,2024-11-11,9862
1615,大山,11,0,11,元大-南京,2024-11-11,9862
3227,原相,12,1,11,元大-南京,2024-11-11,9862
00924,復華S＆P500成長,10,0,10,元大-南京,2024-11-11,9862
3303,岱稜,13,3,10,元大-南京,2024-11-11,9862
00922,國泰台灣領袖50,10,0,10,元大-南京,2024-11-11,9862
4571,鈞興-KY,10,0,10,元大-南京,2024-11-11,9862
00664R,國泰臺灣加權反1,300,11,289,元大-南京,2024-11-12,9862
1802,台玻,201,1,200,元大-南京,2024-11-12,9862
00878,國泰永續高股息,187,5,182,元大-南京,2024-11-12,9862
3481,群創,99,0,99,元大-南京,2024-11-12,9862
2354,鴻準,127,47,80,元大-南京,2024-11-12,9862
00632R,元大台灣50反1,80,5,75,元大-南京,2024-11-12,9862
2892,第一金,73,0,73,元大-南京,2024-11-12,9862
2356,英業達,104,42,62,元大-南京,2024-11-12,9862
00929,復華台灣科技優息,89,38,51,元大-南京,2024-11-12,9862
3005,神基,45,0,45,元大-南京,2024-11-12,9862
0056,元大高股息,56,13,43,元大-南京,2024-11-12,9862
00932,兆豐永續高息等權,40,0,40,元大-南京,2024-11-12,9862
2101,南港,40,0,40,元大-南京,2024-11-12,9862
2313,華通,41,1,40,元大-南京,2024-11-12,9862
2330,台積電,50,11,39,元大-南京,2024-11-12,9862
2317,鴻海,62,25,37,元大-南京,2024-11-12,9862
006208,富邦台50,48,12,36,元大-南京,2024-11-12,9862
3622,洋華,35,0,35,元大-南京,2024-11-12,9862
00943,兆豐電子高息等權,33,0,33,元大-南京,2024-11-12,9862
2409,友達,38,7,31,元大-南京,2024-11-12,9862
00919,群益台灣精選高息,32,5,27,元大-南京,2024-11-12,9862
2303,聯電,35,8,27,元大-南京,2024-11-12,9862
5871,中租-KY,30,3,27,元大-南京,2024-11-12,9862
2382,廣達,31,7,24,元大-南京,2024-11-12,9862
00713,元大台灣高息低波,30,6,24,元大-南京,2024-11-12,9862
4743,合一,22,1,21,元大-南京,2024-11-12,9862
4563,百德,22,1,21,元大-南京,2024-11-12,9862
2312,金寶,58,37,21,元大-南京,2024-11-12,9862
00959B,大華投等美債15Y+,20,0,20,元大-南京,2024-11-12,9862
3323,加百裕,20,0,20,元大-南京,2024-11-12,9862
5521,工信,20,0,20,元大-南京,2024-11-12,9862
6005,群益證,20,0,20,元大-南京,2024-11-12,9862
2883B,凱基金乙特,20,0,20,元大-南京,2024-11-12,9862
4909,新復興,24,4,20,元大-南京,2024-11-12,9862
6706,惠特,33,16,17,元大-南京,2024-11-12,9862
2371,大同,18,1,17,元大-南京,2024-11-12,9862
2834,臺企銀,20,3,17,元大-南京,2024-11-12,9862
0050,元大台灣50,81,66,15,元大-南京,2024-11-12,9862
6933,AMAX-KY,15,0,15,元大-南京,2024-11-12,9862
4303,信立,14,0,14,元大-南京,2024-11-12,9862
6757,台灣虎航,19,5,14,元大-南京,2024-11-12,9862
2353,宏��,15,2,13,元大-南京,2024-11-12,9862
2884,玉山金,16,3,13,元大-南京,2024-11-12,9862
2408,南亞科,13,0,13,元大-南京,2024-11-12,9862
2605,新興,34,21,13,元大-南京,2024-11-12,9862
3003,健和興,13,1,12,元大-南京,2024-11-12,9862
3374,精材,12,0,12,元大-南京,2024-11-12,9862
1307,三芳,15,3,12,元大-南京,2024-11-12,9862
5515,建國,12,0,12,元大-南京,2024-11-12,9862
6443,元晶,12,0,12,元大-南京,2024-11-12,9862
00680L,元大美債20正2,180,1,179,元大-南京,2024-11-13,9862
2834,臺企銀,134,5,129,元大-南京,2024-11-13,9862
00688L,國泰20年美債正2,140,13,127,元大-南京,2024-11-13,9862
4931,新盛力,104,7,97,元大-南京,2024-11-13,9862
3706,神達,345,251,94,元大-南京,2024-11-13,9862
00878,國泰永續高股息,144,50,94,元大-南京,2024-11-13,9862
00679B,元大美債20年,63,1,62,元大-南京,2024-11-13,9862
1802,台玻,166,116,50,元大-南京,2024-11-13,9862
00687B,國泰20年美債,56,10,46,元大-南京,2024-11-13,9862
00713,元大台灣高息低波,60,17,43,元大-南京,2024-11-13,9862
00943,兆豐電子高息等權,43,0,43,元大-南京,2024-11-13,9862
2890,永豐金,40,0,40,元大-南京,2024-11-13,9862
6147,頎邦,40,0,40,元大-南京,2024-11-13,9862
00706L,期元大S＆P日圓正2,40,2,38,元大-南京,2024-11-13,9862
00919,群益台灣精選高息,40,3,37,元大-南京,2024-11-13,9862
0056,元大高股息,48,13,35,元大-南京,2024-11-13,9862
1605,華新,39,5,34,元大-南京,2024-11-13,9862
2330,台積電,42,12,30,元大-南京,2024-11-13,9862
00959B,大華投等美債15Y+,30,0,30,元大-南京,2024-11-13,9862
1314,中石化,48,18,30,元大-南京,2024-11-13,9862
9105,泰金寶-DR,31,2,29,元大-南京,2024-11-13,9862
6768,志強-KY,33,5,28,元大-南京,2024-11-13,9862
2027,大成鋼,31,4,27,元大-南京,2024-11-13,9862
006208,富邦台50,28,2,26,元大-南京,2024-11-13,9862
0050,元大台灣50,84,58,26,元大-南京,2024-11-13,9862
00720B,元大投資級公司債,25,0,25,元大-南京,2024-11-13,9862
2486,一詮,27,3,24,元大-南京,2024-11-13,9862
6282,康舒,47,24,23,元大-南京,2024-11-13,9862
00915,凱基優選高股息30,22,0,22,元大-南京,2024-11-13,9862
2349,錸德,55,35,20,元大-南京,2024-11-13,9862
2547,日勝生,20,0,20,元大-南京,2024-11-13,9862
2882,國泰金,21,2,19,元大-南京,2024-11-13,9862
2328,廣宇,18,1,17,元大-南京,2024-11-13,9862
2105,正新,22,5,17,元大-南京,2024-11-13,9862
5871,中租-KY,17,2,15,元大-南京,2024-11-13,9862
00932,兆豐永續高息等權,15,0,15,元大-南京,2024-11-13,9862
2891,中信金,14,0,14,元大-南京,2024-11-13,9862
2455,全新,30,16,14,元大-南京,2024-11-13,9862
6757,台灣虎航,53,40,13,元大-南京,2024-11-13,9862
6414,樺漢,13,0,13,元大-南京,2024-11-13,9862
3013,晟銘電,38,25,13,元大-南京,2024-11-13,9862
2392,正崴,33,20,13,元大-南京,2024-11-13,9862
2892,第一金,12,0,12,元大-南京,2024-11-13,9862
2393,億光,15,3,12,元大-南京,2024-11-13,9862
00933B,國泰10Y+金融債,12,0,12,元大-南京,2024-11-13,9862
6706,惠特,28,16,12,元大-南京,2024-11-13,9862
2449,京元電子,11,0,11,元大-南京,2024-11-13,9862
2317,鴻海,29,18,11,元大-南京,2024-11-13,9862
2344,華邦電,25,14,11,元大-南京,2024-11-13,9862
2106,建大,15,4,11,元大-南京,2024-11-13,9862
00878,國泰永續高股息,319,8,311,元大-南京,2024-11-14,9862
1802,台玻,252,100,152,元大-南京,2024-11-14,9862
2101,南港,141,1,140,元大-南京,2024-11-14,9862
00929,復華台灣科技優息,105,0,105,元大-南京,2024-11-14,9862
00679B,元大美債20年,88,21,67,元大-南京,2024-11-14,9862
00680L,元大美債20正2,60,0,60,元大-南京,2024-11-14,9862
2332,友訊,60,1,59,元大-南京,2024-11-14,9862
2337,旺宏,59,3,56,元大-南京,2024-11-14,9862
2344,華邦電,69,15,54,元大-南京,2024-11-14,9862
1528,恩德,59,8,51,元大-南京,2024-11-14,9862
00937B,群益ESG投等債20,50,5,45,元大-南京,2024-11-14,9862
3042,晶技,44,0,44,元大-南京,2024-11-14,9862
00688L,國泰20年美債正2,42,0,42,元大-南京,2024-11-14,9862
1314,中石化,40,0,40,元大-南京,2024-11-14,9862
6546,正基,40,0,40,元大-南京,2024-11-14,9862
2303,聯電,68,32,36,元大-南京,2024-11-14,9862
3481,群創,35,0,35,元大-南京,2024-11-14,9862
3558,神準,38,3,35,元大-南京,2024-11-14,9862
3021,鴻名,36,2,34,元大-南京,2024-11-14,9862
2892,第一金,37,3,34,元大-南京,2024-11-14,9862
0056,元大高股息,55,23,32,元大-南京,2024-11-14,9862
00706L,期元大S＆P日圓正2,31,0,31,元大-南京,2024-11-14,9862
00919,群益台灣精選高息,49,19,30,元大-南京,2024-11-14,9862
2883B,凱基金乙特,30,0,30,元大-南京,2024-11-14,9862
4563,百德,35,5,30,元大-南京,2024-11-14,9862
2405,輔信,31,4,27,元大-南京,2024-11-14,9862
2408,南亞科,26,0,26,元大-南京,2024-11-14,9862
00915,凱基優選高股息30,25,0,25,元大-南京,2024-11-14,9862
00632R,元大台灣50反1,100,75,25,元大-南京,2024-11-14,9862
6449,鈺邦,26,1,25,元大-南京,2024-11-14,9862
4938,和碩,26,1,25,元大-南京,2024-11-14,9862
00940,元大台灣價值高息,23,3,20,元大-南京,2024-11-14,9862
00959B,大華投等美債15Y+,20,0,20,元大-南京,2024-11-14,9862
2646,星宇航空,22,2,20,元大-南京,2024-11-14,9862
2354,鴻準,28,9,19,元大-南京,2024-11-14,9862
2409,友達,30,11,19,元大-南京,2024-11-14,9862
2327,國巨,20,1,19,元大-南京,2024-11-14,9862
2363,矽統,20,2,18,元大-南京,2024-11-14,9862
2891,中信金,38,20,18,元大-南京,2024-11-14,9862
2330,台積電,33,15,18,元大-南京,2024-11-14,9862
006208,富邦台50,38,21,17,元大-南京,2024-11-14,9862
00713,元大台灣高息低波,21,5,16,元大-南京,2024-11-14,9862
00751B,元大AAA至A公司債,18,2,16,元大-南京,2024-11-14,9862
0050,元大台灣50,61,45,16,元大-南京,2024-11-14,9862
6196,帆宣,15,1,14,元大-南京,2024-11-14,9862
2002,中鋼,15,2,13,元大-南京,2024-11-14,9862
2887,台新金,13,0,13,元大-南京,2024-11-14,9862
2882,國泰金,13,0,13,元大-南京,2024-11-14,9862
2486,一詮,21,8,13,元大-南京,2024-11-14,9862
2421,建準,30,17,13,元大-南京,2024-11-14,9862
00878,國泰永續高股息,310,10,300,元大-南京,2024-11-15,9862
2382,廣達,107,24,83,元大-南京,2024-11-15,9862
00918,大華優利高填息30,52,0,52,元大-南京,2024-11-15,9862
2027,大成鋼,51,0,51,元大-南京,2024-11-15,9862
6873,泓德能源,50,3,47,元大-南京,2024-11-15,9862
3706,神達,252,218,34,元大-南京,2024-11-15,9862
00706L,期元大S＆P日圓正2,30,0,30,元大-南京,2024-11-15,9862
2880,華南金,30,0,30,元大-南京,2024-11-15,9862
6426,統新,30,0,30,元大-南京,2024-11-15,9862
00753L,中信中國50正2,27,0,27,元大-南京,2024-11-15,9862
3090,日電貿,102,77,25,元大-南京,2024-11-15,9862
2317,鴻海,68,43,25,元大-南京,2024-11-15,9862
00633L,富邦上証正2,27,3,24,元大-南京,2024-11-15,9862
00887,永豐中國科技50大,84,62,22,元大-南京,2024-11-15,9862
00933B,國泰10Y+金融債,21,0,21,元大-南京,2024-11-15,9862
3716,中化控股,20,0,20,元大-南京,2024-11-15,9862
5871,中租-KY,19,2,17,元大-南京,2024-11-15,9862
2474,可成,16,0,16,元大-南京,2024-11-15,9862
2038,海光,15,0,15,元大-南京,2024-11-15,9862
00943,兆豐電子高息等權,15,0,15,元大-南京,2024-11-15,9862
2351,順德,15,0,15,元大-南京,2024-11-15,9862
6706,惠特,27,12,15,元大-南京,2024-11-15,9862
8064,東捷,16,1,15,元大-南京,2024-11-15,9862
0056,元大高股息,30,16,14,元大-南京,2024-11-15,9862
2303,聯電,22,8,14,元大-南京,2024-11-15,9862
4958,臻鼎-KY,13,0,13,元大-南京,2024-11-15,9862
2324,仁寶,24,11,13,元大-南京,2024-11-15,9862
3293,鈊象,15,2,13,元大-南京,2024-11-15,9862
9904,寶成,19,8,11,元大-南京,2024-11-15,9862
2441,超豐,11,0,11,元大-南京,2024-11-15,9862
6588,東典光電,10,0,10,元大-南京,2024-11-15,9862
6126,信音,10,0,10,元大-南京,2024-11-15,9862
2337,旺宏,10,0,10,元大-南京,2024-11-15,9862
2332,友訊,10,0,10,元大-南京,2024-11-15,9862
6449,鈺邦,10,0,10,元大-南京,2024-11-15,9862
2357,華碩,10,1,9,元大-南京,2024-11-15,9862
1815,富喬,14,5,9,元大-南京,2024-11-15,9862
2002,中鋼,8,0,8,元大-南京,2024-11-15,9862
00919,群益台灣精選高息,10,2,8,元大-南京,2024-11-15,9862
2543,皇昌,9,1,8,元大-南京,2024-11-15,9862
3714,富采,9,1,8,元大-南京,2024-11-15,9862
2399,映泰,12,4,8,元大-南京,2024-11-15,9862
1210,大成,10,2,8,元大-南京,2024-11-15,9862
2495,普安,8,0,8,元大-南京,2024-11-15,9862
3231,緯創,31,24,7,元大-南京,2024-11-15,9862
1307,三芳,8,1,7,元大-南京,2024-11-15,9862
1786,科妍,8,1,7,元大-南京,2024-11-15,9862
6477,安集,7,0,7,元大-南京,2024-11-15,9862
00637L,元大滬深300正2,26,19,7,元大-南京,2024-11-15,9862
00915,凱基優選高股息30,7,0,7,元大-南京,2024-11-15,9862
00632R,元大台灣50反1,250,15,235,元大-南京,2024-11-18,9862
00878,國泰永續高股息,205,0,205,元大-南京,2024-11-18,9862
2354,鴻準,246,114,132,元大-南京,2024-11-18,9862
2646,星宇航空,103,2,101,元大-南京,2024-11-18,9862
00932,兆豐永續高息等權,56,0,56,元大-南京,2024-11-18,9862
00715L,期街口布蘭特正2,53,0,53,元大-南京,2024-11-18,9862
2332,友訊,50,0,50,元大-南京,2024-11-18,9862
1802,台玻,156,114,42,元大-南京,2024-11-18,9862
2301,光寶科,45,5,40,元大-南京,2024-11-18,9862
3535,晶彩科,40,0,40,元大-南京,2024-11-18,9862
0056,元大高股息,42,3,39,元大-南京,2024-11-18,9862
00919,群益台灣精選高息,48,12,36,元大-南京,2024-11-18,9862
6546,正基,35,0,35,元大-南京,2024-11-18,9862
2881,富邦金,33,0,33,元大-南京,2024-11-18,9862
2603,長榮,62,30,32,元大-南京,2024-11-18,9862
0050,元大台灣50,80,51,29,元大-南京,2024-11-18,9862
2891,中信金,33,4,29,元大-南京,2024-11-18,9862
2605,新興,29,1,28,元大-南京,2024-11-18,9862
2701,萬企,27,0,27,元大-南京,2024-11-18,9862
00679B,元大美債20年,31,8,23,元大-南京,2024-11-18,9862
2349,錸德,58,36,22,元大-南京,2024-11-18,9862
00633L,富邦上証正2,22,1,21,元大-南京,2024-11-18,9862
00708L,期元大S＆P黃金正2,21,0,21,元大-南京,2024-11-18,9862
00911,兆豐洲際半導體,21,0,21,元大-南京,2024-11-18,9862
006208,富邦台50,30,10,20,元大-南京,2024-11-18,9862
1319,東陽,21,2,19,元大-南京,2024-11-18,9862
8028,昇陽半導體,20,1,19,元大-南京,2024-11-18,9862
2345,智邦,20,2,18,元大-南京,2024-11-18,9862
8011,台通,17,0,17,元大-南京,2024-11-18,9862
1815,富喬,18,2,16,元大-南京,2024-11-18,9862
00918,大華優利高填息30,17,1,16,元大-南京,2024-11-18,9862
00830,國泰費城半導體,21,7,14,元大-南京,2024-11-18,9862
1217,愛之味,14,0,14,元大-南京,2024-11-18,9862
4927,泰鼎-KY,13,0,13,元大-南京,2024-11-18,9862
4123,晟德,13,0,13,元大-南京,2024-11-18,9862
6449,鈺邦,12,0,12,元大-南京,2024-11-18,9862
3056,富華新,12,0,12,元大-南京,2024-11-18,9862
2399,映泰,14,2,12,元大-南京,2024-11-18,9862
00713,元大台灣高息低波,12,0,12,元大-南京,2024-11-18,9862
3005,神基,12,1,11,元大-南京,2024-11-18,9862
6257,矽格,13,2,11,元大-南京,2024-11-18,9862
00930,永豐ESG低碳高息,11,0,11,元大-南京,2024-11-18,9862
2101,南港,11,0,11,元大-南京,2024-11-18,9862
3024,憶聲,11,0,11,元大-南京,2024-11-18,9862
2347,聯強,10,0,10,元大-南京,2024-11-18,9862
00655L,國泰中國A50正2,20,10,10,元大-南京,2024-11-18,9862
2461,光群雷,10,0,10,元大-南京,2024-11-18,9862
1532,勤美,10,0,10,元大-南京,2024-11-18,9862
3303,岱稜,10,0,10,元大-南京,2024-11-18,9862
2317,鴻海,38,28,10,元大-南京,2024-11-18,9862
6179,亞通,110,0,110,元大-南京,2024-11-19,9862
00878,國泰永續高股息,103,18,85,元大-南京,2024-11-19,9862
4931,新盛力,81,4,77,元大-南京,2024-11-19,9862
00633L,富邦上証正2,57,0,57,元大-南京,2024-11-19,9862
00915,凱基優選高股息30,56,0,56,元大-南京,2024-11-19,9862
3481,群創,103,52,51,元大-南京,2024-11-19,9862
00918,大華優利高填息30,50,1,49,元大-南京,2024-11-19,9862
2312,金寶,294,250,44,元大-南京,2024-11-19,9862
00943,兆豐電子高息等權,41,0,41,元大-南京,2024-11-19,9862
00929,復華台灣科技優息,60,24,36,元大-南京,2024-11-19,9862
00940,元大台灣價值高息,44,8,36,元大-南京,2024-11-19,9862
3032,偉訓,62,28,34,元大-南京,2024-11-19,9862
2317,鴻海,42,9,33,元大-南京,2024-11-19,9862
6546,正基,34,1,33,元大-南京,2024-11-19,9862
5871,中租-KY,27,1,26,元大-南京,2024-11-19,9862
00919,群益台灣精選高息,27,2,25,元大-南京,2024-11-19,9862
00930,永豐ESG低碳高息,25,0,25,元大-南京,2024-11-19,9862
5483,中美晶,22,2,20,元大-南京,2024-11-19,9862
3057,喬鼎,20,0,20,元大-南京,2024-11-19,9862
6505,台塑化,20,0,20,元大-南京,2024-11-19,9862
1449,佳和,21,1,20,元大-南京,2024-11-19,9862
1102,亞泥,21,2,19,元大-南京,2024-11-19,9862
3090,日電貿,43,26,17,元大-南京,2024-11-19,9862
2382,廣達,23,6,17,元大-南京,2024-11-19,9862
2303,聯電,21,5,16,元大-南京,2024-11-19,9862
00949,復華日本龍頭,15,0,15,元大-南京,2024-11-19,9862
2701,萬企,13,0,13,元大-南京,2024-11-19,9862
1786,科妍,12,0,12,元大-南京,2024-11-19,9862
2010,春源,12,0,12,元大-南京,2024-11-19,9862
2330,台積電,25,13,12,元大-南京,2024-11-19,9862
3056,富華新,11,0,11,元大-南京,2024-11-19,9862
00637L,元大滬深300正2,18,8,10,元大-南京,2024-11-19,9862
2474,可成,10,0,10,元大-南京,2024-11-19,9862
5512,力麒,10,0,10,元大-南京,2024-11-19,9862
1326,台化,10,0,10,元大-南京,2024-11-19,9862
2314,台揚,10,0,10,元大-南京,2024-11-19,9862
4157,太景*-KY,10,0,10,元大-南京,2024-11-19,9862
1560,中砂,11,2,9,元大-南京,2024-11-19,9862
2890,永豐金,9,1,8,元大-南京,2024-11-19,9862
2605,新興,11,3,8,元大-南京,2024-11-19,9862
9945,潤泰新,8,0,8,元大-南京,2024-11-19,9862
2353,宏��,10,3,7,元大-南京,2024-11-19,9862
2929,淘帝-KY,7,0,7,元大-南京,2024-11-19,9862
3363,上詮,10,3,7,元大-南京,2024-11-19,9862
6126,信音,7,0,7,元大-南京,2024-11-19,9862
1785,光洋科,12,5,7,元大-南京,2024-11-19,9862
2891,中信金,7,0,7,元大-南京,2024-11-19,9862
006208,富邦台50,7,0,7,元大-南京,2024-11-19,9862
00631L,元大台灣50正2,6,0,6,元大-南京,2024-11-19,9862
2332,友訊,10,4,6,元大-南京,2024-11-19,9862
9105,泰金寶-DR,137,38,99,元大-南京,2024-11-20,9862
3363,上詮,77,10,67,元大-南京,2024-11-20,9862
00878,國泰永續高股息,66,2,64,元大-南京,2024-11-20,9862
3706,神達,303,242,61,元大-南京,2024-11-20,9862
0056,元大高股息,52,1,51,元大-南京,2024-11-20,9862
00680L,元大美債20正2,50,0,50,元大-南京,2024-11-20,9862
3703,欣陸,51,3,48,元大-南京,2024-11-20,9862
6179,亞通,44,0,44,元大-南京,2024-11-20,9862
3673,TPK-KY,43,0,43,元大-南京,2024-11-20,9862
1528,恩德,41,1,40,元大-南京,2024-11-20,9862
1802,台玻,96,58,38,元大-南京,2024-11-20,9862
2603,長榮,78,43,35,元大-南京,2024-11-20,9862
6706,惠特,43,8,35,元大-南京,2024-11-20,9862
00929,復華台灣科技優息,34,2,32,元大-南京,2024-11-20,9862
00887,永豐中國科技50大,37,6,31,元大-南京,2024-11-20,9862
6294,智基,30,1,29,元大-南京,2024-11-20,9862
6546,正基,28,0,28,元大-南京,2024-11-20,9862
1303,南亞,29,2,27,元大-南京,2024-11-20,9862
2353,宏��,26,0,26,元大-南京,2024-11-20,9862
2501,國建,25,2,23,元大-南京,2024-11-20,9862
2330,台積電,23,3,20,元大-南京,2024-11-20,9862
00919,群益台灣精選高息,25,5,20,元大-南京,2024-11-20,9862
3450,聯鈞,36,17,19,元大-南京,2024-11-20,9862
2356,英業達,44,25,19,元大-南京,2024-11-20,9862
6005,群益證,20,2,18,元大-南京,2024-11-20,9862
00675L,富邦臺灣加權正2,18,0,18,元大-南京,2024-11-20,9862
2888,新光金,20,4,16,元大-南京,2024-11-20,9862
2303,聯電,22,7,15,元大-南京,2024-11-20,9862
3167,大量,28,13,15,元大-南京,2024-11-20,9862
1708,東鹼,15,0,15,元大-南京,2024-11-20,9862
8011,台通,15,0,15,元大-南京,2024-11-20,9862
2634,漢翔,15,1,14,元大-南京,2024-11-20,9862
1326,台化,14,0,14,元大-南京,2024-11-20,9862
4927,泰鼎-KY,13,0,13,元大-南京,2024-11-20,9862
1569,濱川,15,2,13,元大-南京,2024-11-20,9862
6901,鑽石投資,12,0,12,元大-南京,2024-11-20,9862
006208,富邦台50,23,11,12,元大-南京,2024-11-20,9862
2834,臺企銀,12,1,11,元大-南京,2024-11-20,9862
2923,鼎固-KY,13,2,11,元大-南京,2024-11-20,9862
00933B,國泰10Y+金融債,10,0,10,元大-南京,2024-11-20,9862
2641,正德,11,1,10,元大-南京,2024-11-20,9862
2349,錸德,42,32,10,元大-南京,2024-11-20,9862
3324,雙鴻,16,7,9,元大-南京,2024-11-20,9862
00959B,大華投等美債15Y+,10,1,9,元大-南京,2024-11-20,9862
2701,萬企,9,0,9,元大-南京,2024-11-20,9862
00943,兆豐電子高息等權,9,0,9,元大-南京,2024-11-20,9862
00960,野村全球航運龍頭,9,0,9,元大-南京,2024-11-20,9862
2392,正崴,8,0,8,元大-南京,2024-11-20,9862
2890,永豐金,10,2,8,元大-南京,2024-11-20,9862
3558,神準,10,2,8,元大-南京,2024-11-20,9862
00919,群益台灣精選高息,65,2,63,元大-南京,2024-11-21,9862
00680L,元大美債20正2,50,0,50,元大-南京,2024-11-21,9862
2014,中鴻,50,0,50,元大-南京,2024-11-21,9862
00662,富邦NASDAQ,48,0,48,元大-南京,2024-11-21,9862
2303,聯電,48,5,43,元大-南京,2024-11-21,9862
2353,宏��,41,0,41,元大-南京,2024-11-21,9862
4532,瑞智,50,10,40,元大-南京,2024-11-21,9862
3710,連展投控,32,0,32,元大-南京,2024-11-21,9862
00878,國泰永續高股息,60,28,32,元大-南京,2024-11-21,9862
4931,新盛力,31,1,30,元大-南京,2024-11-21,9862
6179,亞通,30,0,30,元大-南京,2024-11-21,9862
5438,東友,30,0,30,元大-南京,2024-11-21,9862
0050,元大台灣50,59,32,27,元大-南京,2024-11-21,9862
00683L,期元大美元指正2,27,0,27,元大-南京,2024-11-21,9862
2330,台積電,39,12,27,元大-南京,2024-11-21,9862
4968,立積,27,2,25,元大-南京,2024-11-21,9862
00706L,期元大S＆P日圓正2,23,0,23,元大-南京,2024-11-21,9862
2881,富邦金,26,3,23,元大-南京,2024-11-21,9862
2002,中鋼,21,0,21,元大-南京,2024-11-21,9862
3024,憶聲,24,3,21,元大-南京,2024-11-21,9862
2701,萬企,21,0,21,元大-南京,2024-11-21,9862
3673,TPK-KY,20,0,20,元大-南京,2024-11-21,9862
2606,裕民,20,0,20,元大-南京,2024-11-21,9862
2617,台航,20,0,20,元大-南京,2024-11-21,9862
00830,國泰費城半導體,18,0,18,元大-南京,2024-11-21,9862
6546,正基,16,0,16,元大-南京,2024-11-21,9862
2882,國泰金,16,2,14,元大-南京,2024-11-21,9862
3551,世禾,14,0,14,元大-南京,2024-11-21,9862
2883B,凱基金乙特,15,1,14,元大-南京,2024-11-21,9862
3625,西勝,20,6,14,元大-南京,2024-11-21,9862
0056,元大高股息,16,3,13,元大-南京,2024-11-21,9862
006208,富邦台50,13,0,13,元大-南京,2024-11-21,9862
1580,新麥,12,0,12,元大-南京,2024-11-21,9862
00669R,國泰美國道瓊反1,12,0,12,元大-南京,2024-11-21,9862
00900,富邦特選高股息30,12,0,12,元大-南京,2024-11-21,9862
1301,台塑,16,4,12,元大-南京,2024-11-21,9862
8299,群聯,11,0,11,元大-南京,2024-11-21,9862
6596,寬宏藝術,11,0,11,元大-南京,2024-11-21,9862
3017,奇鋐,13,2,11,元大-南京,2024-11-21,9862
00911,兆豐洲際半導體,10,0,10,元大-南京,2024-11-21,9862
1786,科妍,10,0,10,元大-南京,2024-11-21,9862
2505,國揚,10,0,10,元大-南京,2024-11-21,9862
5465,富驊,10,0,10,元大-南京,2024-11-21,9862
6138,茂達,10,0,10,元大-南京,2024-11-21,9862
00959B,大華投等美債15Y+,10,0,10,元大-南京,2024-11-21,9862
3629,地心引力,10,0,10,元大-南京,2024-11-21,9862
00946,群益科技高息成長,10,0,10,元大-南京,2024-11-21,9862
2915,潤泰全,13,4,9,元大-南京,2024-11-21,9862
3323,加百裕,19,10,9,元大-南京,2024-11-21,9862
6757,台灣虎航,9,0,9,元大-南京,2024-11-21,9862
6706,惠特,125,4,121,元大-南京,2024-11-22,9862
9105,泰金寶-DR,216,102,114,元大-南京,2024-11-22,9862
2867,三商壽,99,0,99,元大-南京,2024-11-22,9862
00637L,元大滬深300正2,98,41,57,元大-南京,2024-11-22,9862
1815,富喬,219,165,54,元大-南京,2024-11-22,9862
2880,華南金,50,0,50,元大-南京,2024-11-22,9862
4968,立積,52,3,49,元大-南京,2024-11-22,9862
2344,華邦電,53,5,48,元大-南京,2024-11-22,9862
2891,中信金,39,1,38,元大-南京,2024-11-22,9862
00919,群益台灣精選高息,37,1,36,元大-南京,2024-11-22,9862
2603,長榮,62,27,35,元大-南京,2024-11-22,9862
2354,鴻準,78,45,33,元大-南京,2024-11-22,9862
5309,系統電,74,47,27,元大-南京,2024-11-22,9862
00852L,國泰美國道瓊正2,26,0,26,元大-南京,2024-11-22,9862
00959B,大華投等美債15Y+,25,0,25,元大-南京,2024-11-22,9862
2356,英業達,35,12,23,元大-南京,2024-11-22,9862
3030,德律,22,0,22,元大-南京,2024-11-22,9862
00713,元大台灣高息低波,21,1,20,元大-南京,2024-11-22,9862
4958,臻鼎-KY,26,6,20,元大-南京,2024-11-22,9862
3040,遠見,19,0,19,元大-南京,2024-11-22,9862
1563,巧新,20,1,19,元大-南京,2024-11-22,9862
2486,一詮,20,2,18,元大-南京,2024-11-22,9862
2405,輔信,21,3,18,元大-南京,2024-11-22,9862
3711,日月光投控,22,5,17,元大-南京,2024-11-22,9862
2408,南亞科,17,0,17,元大-南京,2024-11-22,9862
2317,鴻海,21,5,16,元大-南京,2024-11-22,9862
6156,松上,16,1,15,元大-南京,2024-11-22,9862
00887,永豐中國科技50大,32,17,15,元大-南京,2024-11-22,9862
2367,燿華,17,2,15,元大-南京,2024-11-22,9862
2615,萬海,20,8,12,元大-南京,2024-11-22,9862
2646,星宇航空,12,0,12,元大-南京,2024-11-22,9862
3622,洋華,12,0,12,元大-南京,2024-11-22,9862
3005,神基,17,5,12,元大-南京,2024-11-22,9862
2027,大成鋼,18,7,11,元大-南京,2024-11-22,9862
5876,上海商銀,15,4,11,元大-南京,2024-11-22,9862
1609,大亞,13,2,11,元大-南京,2024-11-22,9862
4927,泰鼎-KY,11,0,11,元大-南京,2024-11-22,9862
8104,錸寶,48,37,11,元大-南京,2024-11-22,9862
3032,偉訓,58,48,10,元大-南京,2024-11-22,9862
00633L,富邦上証正2,10,0,10,元大-南京,2024-11-22,9862
1710,東聯,10,0,10,元大-南京,2024-11-22,9862
8033,雷虎,10,0,10,元大-南京,2024-11-22,9862
6115,鎰勝,10,0,10,元大-南京,2024-11-22,9862
5519,隆大,11,1,10,元大-南京,2024-11-22,9862
00830,國泰費城半導體,9,0,9,元大-南京,2024-11-22,9862
8163,達方,53,44,9,元大-南京,2024-11-22,9862
2539,櫻花建,20,12,8,元大-南京,2024-11-22,9862
3234,光環,8,0,8,元大-南京,2024-11-22,9862
6558,興能高,20,12,8,元大-南京,2024-11-22,9862
1402,遠東新,18,10,8,元大-南京,2024-11-22,9862
3481,群創,673,79,594,元大-南京,2024-11-25,9862
2603,長榮,105,10,95,元大-南京,2024-11-25,9862
00673R,期元大S＆P原油反1,90,0,90,元大-南京,2024-11-25,9862
2344,華邦電,79,0,79,元大-南京,2024-11-25,9862
2618,長榮航,98,22,76,元大-南京,2024-11-25,9862
2312,金寶,176,113,63,元大-南京,2024-11-25,9862
2402,毅嘉,52,2,50,元大-南京,2024-11-25,9862
9105,泰金寶-DR,103,56,47,元大-南京,2024-11-25,9862
6179,亞通,146,100,46,元大-南京,2024-11-25,9862
2371,大同,91,47,44,元大-南京,2024-11-25,9862
2027,大成鋼,48,7,41,元大-南京,2024-11-25,9862
2301,光寶科,47,8,39,元大-南京,2024-11-25,9862
3622,洋華,37,0,37,元大-南京,2024-11-25,9862
00919,群益台灣精選高息,36,0,36,元大-南京,2024-11-25,9862
3680,家登,32,0,32,元大-南京,2024-11-25,9862
00940,元大台灣價值高息,95,70,25,元大-南京,2024-11-25,9862
6005,群益證,24,0,24,元大-南京,2024-11-25,9862
1102,亞泥,24,2,22,元大-南京,2024-11-25,9862
2330,台積電,21,0,21,元大-南京,2024-11-25,9862
2609,陽明,55,34,21,元大-南京,2024-11-25,9862
00909,國泰數位支付服務,21,1,20,元大-南京,2024-11-25,9862
5465,富驊,24,5,19,元大-南京,2024-11-25,9862
00687B,國泰20年美債,19,1,18,元大-南京,2024-11-25,9862
3363,上詮,28,10,18,元大-南京,2024-11-25,9862
2316,楠梓電,17,0,17,元大-南京,2024-11-25,9862
1537,廣隆,18,1,17,元大-南京,2024-11-25,9862
00720B,元大投資級公司債,21,5,16,元大-南京,2024-11-25,9862
4909,新復興,17,1,16,元大-南京,2024-11-25,9862
1402,遠東新,16,2,14,元大-南京,2024-11-25,9862
00953B,群益優選非投等債,13,0,13,元大-南京,2024-11-25,9862
8038,長園科,16,3,13,元大-南京,2024-11-25,9862
3693,營邦,24,11,13,元大-南京,2024-11-25,9862
6187,萬潤,12,0,12,元大-南京,2024-11-25,9862
6205,詮欣,15,4,11,元大-南京,2024-11-25,9862
2062,橋椿,11,0,11,元大-南京,2024-11-25,9862
3056,富華新,11,0,11,元大-南京,2024-11-25,9862
3712,永崴投控,80,69,11,元大-南京,2024-11-25,9862
3558,神準,15,4,11,元大-南京,2024-11-25,9862
00959B,大華投等美債15Y+,10,0,10,元大-南京,2024-11-25,9862
2489,瑞軒,10,0,10,元大-南京,2024-11-25,9862
5876,上海商銀,10,0,10,元大-南京,2024-11-25,9862
8047,星雲,10,0,10,元大-南京,2024-11-25,9862
6838,台新藥,10,0,10,元大-南京,2024-11-25,9862
00753L,中信中國50正2,20,10,10,元大-南京,2024-11-25,9862
1810,和成,10,0,10,元大-南京,2024-11-25,9862
1584,精剛,10,0,10,元大-南京,2024-11-25,9862
00950B,凱基A級公司債,10,0,10,元大-南京,2024-11-25,9862
00857B,永豐20年美公債,10,0,10,元大-南京,2024-11-25,9862
6115,鎰勝,10,0,10,元大-南京,2024-11-25,9862
2867,三商壽,10,0,10,元大-南京,2024-11-25,9862
2890,永豐金,209,2,207,元大-南京,2024-11-26,9862
00664R,國泰臺灣加權反1,200,0,200,元大-南京,2024-11-26,9862
00965,元大航太防衛科技,204,75,129,元大-南京,2024-11-26,9862
00638R,元大滬深300反1,100,0,100,元大-南京,2024-11-26,9862
2467,志聖,96,2,94,元大-南京,2024-11-26,9862
00674R,期元大S＆P黃金反1,85,0,85,元大-南京,2024-11-26,9862
3481,群創,78,0,78,元大-南京,2024-11-26,9862
2867,三商壽,72,0,72,元大-南京,2024-11-26,9862
2344,華邦電,83,12,71,元大-南京,2024-11-26,9862
1815,富喬,95,35,60,元大-南京,2024-11-26,9862
2317,鴻海,79,27,52,元大-南京,2024-11-26,9862
2408,南亞科,50,0,50,元大-南京,2024-11-26,9862
00943,兆豐電子高息等權,50,0,50,元大-南京,2024-11-26,9862
3231,緯創,73,25,48,元大-南京,2024-11-26,9862
2426,鼎元,66,21,45,元大-南京,2024-11-26,9862
00930,永豐ESG低碳高息,44,0,44,元大-南京,2024-11-26,9862
6962,ITH-KY,48,4,44,元大-南京,2024-11-26,9862
5439,高技,46,6,40,元大-南京,2024-11-26,9862
5521,工信,35,0,35,元大-南京,2024-11-26,9862
2880,華南金,33,0,33,元大-南京,2024-11-26,9862
6188,廣明,32,0,32,元大-南京,2024-11-26,9862
00919,群益台灣精選高息,30,0,30,元大-南京,2024-11-26,9862
00688L,國泰20年美債正2,25,0,25,元大-南京,2024-11-26,9862
2330,台積電,28,5,23,元大-南京,2024-11-26,9862
2609,陽明,34,11,23,元大-南京,2024-11-26,9862
3056,富華新,20,0,20,元大-南京,2024-11-26,9862
00878,國泰永續高股息,46,29,17,元大-南京,2024-11-26,9862
2201,裕隆,20,4,16,元大-南京,2024-11-26,9862
00951,台新日本半導體,16,0,16,元大-南京,2024-11-26,9862
5309,系統電,41,25,16,元大-南京,2024-11-26,9862
6425,易發,15,0,15,元大-南京,2024-11-26,9862
1536,和大,89,75,14,元大-南京,2024-11-26,9862
0050,元大台灣50,64,50,14,元大-南京,2024-11-26,9862
0056,元大高股息,26,12,14,元大-南京,2024-11-26,9862
2615,萬海,14,1,13,元大-南京,2024-11-26,9862
5531,鄉林,12,0,12,元大-南京,2024-11-26,9862
2634,漢翔,16,5,11,元大-南京,2024-11-26,9862
00692,富邦公司治理,11,0,11,元大-南京,2024-11-26,9862
3019,亞光,12,1,11,元大-南京,2024-11-26,9862
00946,群益科技高息成長,11,0,11,元大-南京,2024-11-26,9862
3293,鈊象,12,1,11,元大-南京,2024-11-26,9862
4303,信立,10,0,10,元大-南京,2024-11-26,9862
3526,凡甲,10,0,10,元大-南京,2024-11-26,9862
2002,中鋼,11,1,10,元大-南京,2024-11-26,9862
1608,華榮,10,0,10,元大-南京,2024-11-26,9862
1528,恩德,13,3,10,元大-南京,2024-11-26,9862
00719B,元大美債1-3,10,0,10,元大-南京,2024-11-26,9862
6160,欣技,10,0,10,元大-南京,2024-11-26,9862
006208,富邦台50,10,0,10,元大-南京,2024-11-26,9862
8092,建暐,9,0,9,元大-南京,2024-11-26,9862
00878,國泰永續高股息,131,4,127,元大-南京,2024-11-27,9862
4979,華星光,167,50,117,元大-南京,2024-11-27,9862
2344,華邦電,126,15,111,元大-南京,2024-11-27,9862
2834,臺企銀,109,0,109,元大-南京,2024-11-27,9862
2014,中鴻,100,0,100,元大-南京,2024-11-27,9862
2883,凱基金,96,5,91,元大-南京,2024-11-27,9862
00919,群益台灣精選高息,141,51,90,元大-南京,2024-11-27,9862
2303,聯電,84,10,74,元大-南京,2024-11-27,9862
2317,鴻海,85,18,67,元大-南京,2024-11-27,9862
2603,長榮,111,46,65,元大-南京,2024-11-27,9862
00940,元大台灣價值高息,111,61,50,元大-南京,2024-11-27,9862
2867,三商壽,45,0,45,元大-南京,2024-11-27,9862
0056,元大高股息,60,17,43,元大-南京,2024-11-27,9862
1102,亞泥,40,2,38,元大-南京,2024-11-27,9862
1528,恩德,42,10,32,元大-南京,2024-11-27,9862
2382,廣達,36,4,32,元大-南京,2024-11-27,9862
3402,漢科,30,0,30,元大-南京,2024-11-27,9862
00720B,元大投資級公司債,31,2,29,元大-南京,2024-11-27,9862
9945,潤泰新,24,0,24,元大-南京,2024-11-27,9862
3019,亞光,21,0,21,元大-南京,2024-11-27,9862
2609,陽明,105,84,21,元大-南京,2024-11-27,9862
5371,中光電,22,2,20,元大-南京,2024-11-27,9862
00715L,期街口布蘭特正2,20,0,20,元大-南京,2024-11-27,9862
2010,春源,20,0,20,元大-南京,2024-11-27,9862
00631L,元大台灣50正2,22,3,19,元大-南京,2024-11-27,9862
00930,永豐ESG低碳高息,19,0,19,元大-南京,2024-11-27,9862
2605,新興,22,3,19,元大-南京,2024-11-27,9862
6179,亞通,20,1,19,元大-南京,2024-11-27,9862
9105,泰金寶-DR,141,123,18,元大-南京,2024-11-27,9862
3090,日電貿,35,17,18,元大-南京,2024-11-27,9862
3230,錦明,23,6,17,元大-南京,2024-11-27,9862
3062,建漢,17,0,17,元大-南京,2024-11-27,9862
2409,友達,16,0,16,元大-南京,2024-11-27,9862
1301,台塑,17,1,16,元大-南京,2024-11-27,9862
2887,台新金,21,6,15,元大-南京,2024-11-27,9862
6438,迅得,20,5,15,元大-南京,2024-11-27,9862
1516,川飛,15,0,15,元大-南京,2024-11-27,9862
4526,東台,38,23,15,元大-南京,2024-11-27,9862
0050,元大台灣50,58,43,15,元大-南京,2024-11-27,9862
3526,凡甲,14,0,14,元大-南京,2024-11-27,9862
00946,群益科技高息成長,14,0,14,元大-南京,2024-11-27,9862
2881,富邦金,17,4,13,元大-南京,2024-11-27,9862
006208,富邦台50,24,11,13,元大-南京,2024-11-27,9862
2520,冠德,15,2,13,元大-南京,2024-11-27,9862
00943,兆豐電子高息等權,13,0,13,元大-南京,2024-11-27,9862
2615,萬海,28,15,13,元大-南京,2024-11-27,9862
1303,南亞,12,0,12,元大-南京,2024-11-27,9862
00669R,國泰美國道瓊反1,12,0,12,元大-南京,2024-11-27,9862
3013,晟銘電,17,5,12,元大-南京,2024-11-27,9862
00881,國泰台灣5G+,14,3,11,元大-南京,2024-11-27,9862
00878,國泰永續高股息,166,12,154,元大-南京,2024-11-28,9862
00919,群益台灣精選高息,99,14,85,元大-南京,2024-11-28,9862
6179,亞通,78,0,78,元大-南京,2024-11-28,9862
2344,華邦電,73,11,62,元大-南京,2024-11-28,9862
4991,環宇-KY,62,3,59,元大-南京,2024-11-28,9862
00887,永豐中國科技50大,61,3,58,元大-南京,2024-11-28,9862
2303,聯電,66,13,53,元大-南京,2024-11-28,9862
2014,中鴻,56,5,51,元大-南京,2024-11-28,9862
2317,鴻海,71,20,51,元大-南京,2024-11-28,9862
3481,群創,52,2,50,元大-南京,2024-11-28,9862
2348A,海悅甲特,50,0,50,元大-南京,2024-11-28,9862
8171,天宇,53,4,49,元大-南京,2024-11-28,9862
0056,元大高股息,64,21,43,元大-南京,2024-11-28,9862
2880,華南金,43,0,43,元大-南京,2024-11-28,9862
00688L,國泰20年美債正2,40,0,40,元大-南京,2024-11-28,9862
00965,元大航太防衛科技,64,27,37,元大-南京,2024-11-28,9862
1802,台玻,72,36,36,元大-南京,2024-11-28,9862
2883,凱基金,35,1,34,元大-南京,2024-11-28,9862
00918,大華優利高填息30,31,0,31,元大-南京,2024-11-28,9862
8150,南茂,31,0,31,元大-南京,2024-11-28,9862
2332,友訊,68,39,29,元大-南京,2024-11-28,9862
00946,群益科技高息成長,28,0,28,元大-南京,2024-11-28,9862
00929,復華台灣科技優息,59,33,26,元大-南京,2024-11-28,9862
8087,麗升能源,24,0,24,元大-南京,2024-11-28,9862
00915,凱基優選高股息30,23,0,23,元大-南京,2024-11-28,9862
2408,南亞科,25,3,22,元大-南京,2024-11-28,9862
2832,台產,22,0,22,元大-南京,2024-11-28,9862
00692,富邦公司治理,21,0,21,元大-南京,2024-11-28,9862
5234,達興材料,23,2,21,元大-南京,2024-11-28,9862
2701,萬企,20,0,20,元大-南京,2024-11-28,9862
6266,泰詠,20,0,20,元大-南京,2024-11-28,9862
8110,華東,20,0,20,元大-南京,2024-11-28,9862
2357,華碩,22,5,17,元大-南京,2024-11-28,9862
4510,高鋒,89,73,16,元大-南京,2024-11-28,9862
006205,富邦上証,15,0,15,元大-南京,2024-11-28,9862
1218,泰山,15,0,15,元大-南京,2024-11-28,9862
00911,兆豐洲際半導體,14,0,14,元大-南京,2024-11-28,9862
8011,台通,14,0,14,元大-南京,2024-11-28,9862
6438,迅得,15,2,13,元大-南京,2024-11-28,9862
1513,中興電,14,1,13,元大-南京,2024-11-28,9862
2467,志聖,42,30,12,元大-南京,2024-11-28,9862
00830,國泰費城半導體,11,0,11,元大-南京,2024-11-28,9862
1402,遠東新,13,2,11,元大-南京,2024-11-28,9862
3526,凡甲,11,0,11,元大-南京,2024-11-28,9862
4562,穎漢,20,10,10,元大-南京,2024-11-28,9862
1536,和大,40,30,10,元大-南京,2024-11-28,9862
3230,錦明,11,1,10,元大-南京,2024-11-28,9862
2331,精英,10,0,10,元大-南京,2024-11-28,9862
00795B,中信美國公債20年,10,0,10,元大-南京,2024-11-28,9862
5905,南仁湖,10,0,10,元大-南京,2024-11-28,9862
00953B,群益優選非投等債,208,0,208,元大-南京,2024-11-29,9862
00932,兆豐永續高息等權,164,0,164,元大-南京,2024-11-29,9862
00945B,凱基美國非投等債,65,0,65,元大-南京,2024-11-29,9862
00919,群益台灣精選高息,56,7,49,元大-南京,2024-11-29,9862
0056,元大高股息,55,7,48,元大-南京,2024-11-29,9862
00960,野村全球航運龍頭,40,0,40,元大-南京,2024-11-29,9862
2301,光寶科,100,62,38,元大-南京,2024-11-29,9862
3230,錦明,52,16,36,元大-南京,2024-11-29,9862
4979,華星光,61,27,34,元大-南京,2024-11-29,9862
2454,聯發科,31,0,31,元大-南京,2024-11-29,9862
2442,新美齊,30,0,30,元大-南京,2024-11-29,9862
00878,國泰永續高股息,36,7,29,元大-南京,2024-11-29,9862
2344,華邦電,25,1,24,元大-南京,2024-11-29,9862
1301,台塑,28,4,24,元大-南京,2024-11-29,9862
00915,凱基優選高股息30,21,0,21,元大-南京,2024-11-29,9862
2330,台積電,40,19,21,元大-南京,2024-11-29,9862
2103,台橡,21,0,21,元大-南京,2024-11-29,9862
2342,茂矽,20,0,20,元大-南京,2024-11-29,9862
2104,國際中橡,15,0,15,元大-南京,2024-11-29,9862
2834,臺企銀,15,0,15,元大-南京,2024-11-29,9862
1218,泰山,15,0,15,元大-南京,2024-11-29,9862
2312,金寶,74,60,14,元大-南京,2024-11-29,9862
1402,遠東新,14,0,14,元大-南京,2024-11-29,9862
5465,富驊,16,3,13,元大-南京,2024-11-29,9862
9904,寶成,19,6,13,元大-南京,2024-11-29,9862
2881,富邦金,12,0,12,元大-南京,2024-11-29,9862
6962,ITH-KY,12,0,12,元大-南京,2024-11-29,9862
00918,大華優利高填息30,12,0,12,元大-南京,2024-11-29,9862
2609,陽明,35,23,12,元大-南京,2024-11-29,9862
3622,洋華,11,0,11,元大-南京,2024-11-29,9862
6443,元晶,11,0,11,元大-南京,2024-11-29,9862
2002,中鋼,11,1,10,元大-南京,2024-11-29,9862
5213,亞昕,10,0,10,元大-南京,2024-11-29,9862
3520,華盈,10,0,10,元大-南京,2024-11-29,9862
8064,東捷,11,1,10,元大-南京,2024-11-29,9862
00934,中信成長高股息,10,0,10,元大-南京,2024-11-29,9862
2880,華南金,10,0,10,元大-南京,2024-11-29,9862
00931B,統一美債20年,10,0,10,元大-南京,2024-11-29,9862
5426,振發,13,3,10,元大-南京,2024-11-29,9862
1605,華新,13,4,9,元大-南京,2024-11-29,9862
2883,凱基金,18,9,9,元大-南京,2024-11-29,9862
1319,東陽,11,3,8,元大-南京,2024-11-29,9862
6578,達邦蛋白,10,2,8,元大-南京,2024-11-29,9862
00929,復華台灣科技優息,13,5,8,元大-南京,2024-11-29,9862
3231,緯創,16,8,8,元大-南京,2024-11-29,9862
2467,志聖,15,7,8,元大-南京,2024-11-29,9862
3037,欣興,10,3,7,元大-南京,2024-11-29,9862
2449,京元電子,7,0,7,元大-南京,2024-11-29,9862
7708,全家餐飲,7,0,7,元大-南京,2024-11-29,9862
3149,正達,18,11,7,元大-南京,2024-11-29,9862
00918,大華優利高填息30,159,1,158,元大-南京,2024-12-02,9862
00687B,國泰20年美債,184,47,137,元大-南京,2024-12-02,9862
2892,第一金,101,11,90,元大-南京,2024-12-02,9862
00878,國泰永續高股息,60,2,58,元大-南京,2024-12-02,9862
4977,眾達-KY,109,52,57,元大-南京,2024-12-02,9862
00637L,元大滬深300正2,111,57,54,元大-南京,2024-12-02,9862
2332,友訊,89,38,51,元大-南京,2024-12-02,9862
00715L,期街口布蘭特正2,50,0,50,元大-南京,2024-12-02,9862
00887,永豐中國科技50大,50,0,50,元大-南京,2024-12-02,9862
4979,華星光,160,115,45,元大-南京,2024-12-02,9862
1815,富喬,74,30,44,元大-南京,2024-12-02,9862
3032,偉訓,42,4,38,元大-南京,2024-12-02,9862
2345,智邦,41,4,37,元大-南京,2024-12-02,9862
2344,華邦電,40,9,31,元大-南京,2024-12-02,9862
00953B,群益優選非投等債,28,0,28,元大-南京,2024-12-02,9862
4927,泰鼎-KY,42,16,26,元大-南京,2024-12-02,9862
3211,順達,46,21,25,元大-南京,2024-12-02,9862
1605,華新,35,11,24,元大-南京,2024-12-02,9862
2476,鉅祥,23,0,23,元大-南京,2024-12-02,9862
2312,金寶,39,17,22,元大-南京,2024-12-02,9862
3090,日電貿,21,0,21,元大-南京,2024-12-02,9862
2317,鴻海,29,9,20,元大-南京,2024-12-02,9862
00919,群益台灣精選高息,31,11,20,元大-南京,2024-12-02,9862
1711,永光,20,0,20,元大-南京,2024-12-02,9862
00950B,凱基A級公司債,20,0,20,元大-南京,2024-12-02,9862
2342,茂矽,20,0,20,元大-南京,2024-12-02,9862
6962,ITH-KY,20,0,20,元大-南京,2024-12-02,9862
2354,鴻準,44,26,18,元大-南京,2024-12-02,9862
3231,緯創,24,8,16,元大-南京,2024-12-02,9862
5371,中光電,28,12,16,元大-南京,2024-12-02,9862
00720B,元大投資級公司債,21,7,14,元大-南京,2024-12-02,9862
3450,聯鈞,27,13,14,元大-南京,2024-12-02,9862
2605,新興,13,0,13,元大-南京,2024-12-02,9862
3706,神達,67,55,12,元大-南京,2024-12-02,9862
5328,華容,40,28,12,元大-南京,2024-12-02,9862
4162,智擎,13,2,11,元大-南京,2024-12-02,9862
3024,憶聲,13,2,11,元大-南京,2024-12-02,9862
2495,普安,11,0,11,元大-南京,2024-12-02,9862
5876,上海商銀,12,2,10,元大-南京,2024-12-02,9862
3522,御嵿,10,0,10,元大-南京,2024-12-02,9862
3056,富華新,10,0,10,元大-南京,2024-12-02,9862
6179,亞通,17,7,10,元大-南京,2024-12-02,9862
3131,弘塑,9,0,9,元大-南京,2024-12-02,9862
00931B,統一美債20年,10,1,9,元大-南京,2024-12-02,9862
6558,興能高,53,44,9,元大-南京,2024-12-02,9862
2303,聯電,12,4,8,元大-南京,2024-12-02,9862
3533,嘉澤,8,0,8,元大-南京,2024-12-02,9862
6187,萬潤,11,3,8,元大-南京,2024-12-02,9862
4123,晟德,9,1,8,元大-南京,2024-12-02,9862
6177,達麗,8,0,8,元大-南京,2024-12-02,9862
00632R,元大台灣50反1,271,10,261,元大-南京,2024-12-03,9862
00918,大華優利高填息30,153,22,131,元大-南京,2024-12-03,9862
00919,群益台灣精選高息,224,96,128,元大-南京,2024-12-03,9862
6546,正基,123,17,106,元大-南京,2024-12-03,9862
1815,富喬,75,16,59,元大-南京,2024-12-03,9862
00687B,國泰20年美債,81,23,58,元大-南京,2024-12-03,9862
00882,中信中國高股息,56,0,56,元大-南京,2024-12-03,9862
2010,春源,50,0,50,元大-南京,2024-12-03,9862
00915,凱基優選高股息30,67,20,47,元大-南京,2024-12-03,9862
00946,群益科技高息成長,48,3,45,元大-南京,2024-12-03,9862
2883B,凱基金乙特,40,0,40,元大-南京,2024-12-03,9862
5439,高技,48,9,39,元大-南京,2024-12-03,9862
00927,群益半導體收益,37,0,37,元大-南京,2024-12-03,9862
3040,遠見,35,0,35,元大-南京,2024-12-03,9862
2301,光寶科,81,46,35,元大-南京,2024-12-03,9862
6962,ITH-KY,35,1,34,元大-南京,2024-12-03,9862
3234,光環,38,5,33,元大-南京,2024-12-03,9862
3032,偉訓,49,22,27,元大-南京,2024-12-03,9862
00953B,群益優選非投等債,27,0,27,元大-南京,2024-12-03,9862
00878,國泰永續高股息,29,4,25,元大-南京,2024-12-03,9862
2454,聯發科,26,2,24,元大-南京,2024-12-03,9862
4303,信立,38,17,21,元大-南京,2024-12-03,9862
0056,元大高股息,28,7,21,元大-南京,2024-12-03,9862
8929,富堡,23,3,20,元大-南京,2024-12-03,9862
2002,中鋼,20,1,19,元大-南京,2024-12-03,9862
4123,晟德,20,1,19,元大-南京,2024-12-03,9862
1522,堤維西,21,3,18,元大-南京,2024-12-03,9862
8404,百和興業-KY,18,0,18,元大-南京,2024-12-03,9862
6443,元晶,20,2,18,元大-南京,2024-12-03,9862
2101,南港,18,0,18,元大-南京,2024-12-03,9862
2630,亞航,31,14,17,元大-南京,2024-12-03,9862
3548,兆利,15,0,15,元大-南京,2024-12-03,9862
2467,志聖,22,7,15,元大-南京,2024-12-03,9862
3056,富華新,15,0,15,元大-南京,2024-12-03,9862
6425,易發,22,8,14,元大-南京,2024-12-03,9862
2419,仲琦,31,19,12,元大-南京,2024-12-03,9862
3323,加百裕,22,10,12,元大-南京,2024-12-03,9862
3466,德晉,12,0,12,元大-南京,2024-12-03,9862
2027,大成鋼,14,2,12,元大-南京,2024-12-03,9862
00905,FT臺灣Smart,11,0,11,元大-南京,2024-12-03,9862
8171,天宇,54,43,11,元大-南京,2024-12-03,9862
2385,群光,10,0,10,元大-南京,2024-12-03,9862
00954,中信日本半導體,10,0,10,元大-南京,2024-12-03,9862
00887,永豐中國科技50大,13,3,10,元大-南京,2024-12-03,9862
00712,復華富時不動產,12,2,10,元大-南京,2024-12-03,9862
00950B,凱基A級公司債,10,0,10,元大-南京,2024-12-03,9862
5426,振發,10,0,10,元大-南京,2024-12-03,9862
6282,康舒,10,0,10,元大-南京,2024-12-03,9862
2303,聯電,12,2,10,元大-南京,2024-12-03,9862
2465,麗臺,10,1,9,元大-南京,2024-12-03,9862
2913,農林,220,0,220,元大-南京,2024-12-04,9862
4908,前鼎,269,62,207,元大-南京,2024-12-04,9862
3078,僑威,215,15,200,元大-南京,2024-12-04,9862
00918,大華優利高填息30,185,5,180,元大-南京,2024-12-04,9862
00712,復華富時不動產,101,0,101,元大-南京,2024-12-04,9862
00919,群益台灣精選高息,86,17,69,元大-南京,2024-12-04,9862
00945B,凱基美國非投等債,57,0,57,元大-南京,2024-12-04,9862
2408,南亞科,57,0,57,元大-南京,2024-12-04,9862
6830,汎銓,48,0,48,元大-南京,2024-12-04,9862
00887,永豐中國科技50大,45,0,45,元大-南京,2024-12-04,9862
3211,順達,134,92,42,元大-南京,2024-12-04,9862
2425,承啟,41,0,41,元大-南京,2024-12-04,9862
2832,台產,45,5,40,元大-南京,2024-12-04,9862
2392,正崴,49,9,40,元大-南京,2024-12-04,9862
4123,晟德,36,0,36,元大-南京,2024-12-04,9862
6757,台灣虎航,59,23,36,元大-南京,2024-12-04,9862
3704,合勤控,46,11,35,元大-南京,2024-12-04,9862
6411,晶焱,34,0,34,元大-南京,2024-12-04,9862
5439,高技,60,27,33,元大-南京,2024-12-04,9862
3040,遠見,31,0,31,元大-南京,2024-12-04,9862
00673R,期元大S＆P原油反1,30,0,30,元大-南京,2024-12-04,9862
2891,中信金,30,5,25,元大-南京,2024-12-04,9862
5371,中光電,28,4,24,元大-南京,2024-12-04,9862
00911,兆豐洲際半導體,24,1,23,元大-南京,2024-12-04,9862
6546,正基,24,1,23,元大-南京,2024-12-04,9862
6179,亞通,30,7,23,元大-南京,2024-12-04,9862
00915,凱基優選高股息30,23,0,23,元大-南京,2024-12-04,9862
2344,華邦電,24,2,22,元大-南京,2024-12-04,9862
6805,富世達,22,1,21,元大-南京,2024-12-04,9862
4979,華星光,57,36,21,元大-南京,2024-12-04,9862
4542,科嶠,22,2,20,元大-南京,2024-12-04,9862
6431,光麗-KY,20,0,20,元大-南京,2024-12-04,9862
6869,雲豹能源,21,1,20,元大-南京,2024-12-04,9862
00894,中信小資高價30,20,0,20,元大-南京,2024-12-04,9862
00907,永豐優息存股,18,0,18,元大-南京,2024-12-04,9862
6470,宇智,18,0,18,元大-南京,2024-12-04,9862
00751B,元大AAA至A公司債,20,3,17,元大-南京,2024-12-04,9862
2609,陽明,27,10,17,元大-南京,2024-12-04,9862
3380,明泰,18,2,16,元大-南京,2024-12-04,9862
2887,台新金,18,2,16,元大-南京,2024-12-04,9862
00662,富邦NASDAQ,15,0,15,元大-南京,2024-12-04,9862
2489,瑞軒,15,0,15,元大-南京,2024-12-04,9862
2457,飛宏,16,1,15,元大-南京,2024-12-04,9862
00959B,大華投等美債15Y+,14,0,14,元大-南京,2024-12-04,9862
1522,堤維西,21,7,14,元大-南京,2024-12-04,9862
2312,金寶,41,28,13,元大-南京,2024-12-04,9862
4977,眾達-KY,25,12,13,元大-南京,2024-12-04,9862
00688L,國泰20年美債正2,12,0,12,元大-南京,2024-12-04,9862
6134,萬旭,13,1,12,元大-南京,2024-12-04,9862
6505,台塑化,11,0,11,元大-南京,2024-12-04,9862
00680L,元大美債20正2,200,0,200,元大-南京,2024-12-05,9862
2880,華南金,200,40,160,元大-南京,2024-12-05,9862
00687B,國泰20年美債,175,20,155,元大-南京,2024-12-05,9862
2890,永豐金,100,2,98,元大-南京,2024-12-05,9862
00712,復華富時不動產,91,5,86,元大-南京,2024-12-05,9862
3032,偉訓,55,3,52,元大-南京,2024-12-05,9862
2303,聯電,78,27,51,元大-南京,2024-12-05,9862
00919,群益台灣精選高息,58,8,50,元大-南京,2024-12-05,9862
2609,陽明,53,9,44,元大-南京,2024-12-05,9862
00907,永豐優息存股,40,0,40,元大-南京,2024-12-05,9862
2457,飛宏,40,2,38,元大-南京,2024-12-05,9862
00637L,元大滬深300正2,43,9,34,元大-南京,2024-12-05,9862
3323,加百裕,99,65,34,元大-南京,2024-12-05,9862
2888,新光金,31,0,31,元大-南京,2024-12-05,9862
2832,台產,30,0,30,元大-南京,2024-12-05,9862
2634,漢翔,24,0,24,元大-南京,2024-12-05,9862
4908,前鼎,73,49,24,元大-南京,2024-12-05,9862
9904,寶成,23,0,23,元大-南京,2024-12-05,9862
00751B,元大AAA至A公司債,43,20,23,元大-南京,2024-12-05,9862
00715L,期街口布蘭特正2,22,0,22,元大-南京,2024-12-05,9862
00878,國泰永續高股息,46,24,22,元大-南京,2024-12-05,9862
2317,鴻海,28,7,21,元大-南京,2024-12-05,9862
00909,國泰數位支付服務,32,11,21,元大-南京,2024-12-05,9862
6770,力積電,22,1,21,元大-南京,2024-12-05,9862
4927,泰鼎-KY,21,0,21,元大-南京,2024-12-05,9862
1802,台玻,51,30,21,元大-南京,2024-12-05,9862
00720B,元大投資級公司債,22,1,21,元大-南京,2024-12-05,9862
6179,亞通,23,3,20,元大-南京,2024-12-05,9862
2883B,凱基金乙特,20,0,20,元大-南京,2024-12-05,9862
3625,西勝,22,3,19,元大-南京,2024-12-05,9862
2392,正崴,36,17,19,元大-南京,2024-12-05,9862
00915,凱基優選高股息30,18,0,18,元大-南京,2024-12-05,9862
6558,興能高,78,61,17,元大-南京,2024-12-05,9862
3712,永崴投控,19,2,17,元大-南京,2024-12-05,9862
8111,立��,24,8,16,元大-南京,2024-12-05,9862
3019,亞光,43,29,14,元大-南京,2024-12-05,9862
2477,美隆電,15,1,14,元大-南京,2024-12-05,9862
00713,元大台灣高息低波,15,1,14,元大-南京,2024-12-05,9862
00918,大華優利高填息30,13,0,13,元大-南京,2024-12-05,9862
5234,達興材料,12,0,12,元大-南京,2024-12-05,9862
00887,永豐中國科技50大,18,6,12,元大-南京,2024-12-05,9862
00891,中信關鍵半導體,15,4,11,元大-南京,2024-12-05,9862
3036,文曄,12,1,11,元大-南京,2024-12-05,9862
1815,富喬,66,55,11,元大-南京,2024-12-05,9862
2356,英業達,23,12,11,元大-南京,2024-12-05,9862
3450,聯鈞,33,22,11,元大-南京,2024-12-05,9862
3090,日電貿,62,52,10,元大-南京,2024-12-05,9862
1307,三芳,13,3,10,元大-南京,2024-12-05,9862
2328,廣宇,12,2,10,元大-南京,2024-12-05,9862
6785,昱展新藥,10,0,10,元大-南京,2024-12-05,9862
3704,合勤控,281,18,263,元大-南京,2024-12-06,9862
2880,華南金,152,11,141,元大-南京,2024-12-06,9862
00953B,群益優選非投等債,118,0,118,元大-南京,2024-12-06,9862
00918,大華優利高填息30,77,1,76,元大-南京,2024-12-06,9862
00962,台新AI優息動能,66,0,66,元大-南京,2024-12-06,9862
2405,輔信,59,6,53,元大-南京,2024-12-06,9862
3706,神達,158,105,53,元大-南京,2024-12-06,9862
2354,鴻準,134,99,35,元大-南京,2024-12-06,9862
6901,鑽石投資,32,2,30,元大-南京,2024-12-06,9862
6770,力積電,31,3,28,元大-南京,2024-12-06,9862
3090,日電貿,31,6,25,元大-南京,2024-12-06,9862
1460,宏遠,25,0,25,元大-南京,2024-12-06,9862
4927,泰鼎-KY,27,2,25,元大-南京,2024-12-06,9862
3024,憶聲,24,0,24,元大-南京,2024-12-06,9862
2477,美隆電,24,0,24,元大-南京,2024-12-06,9862
2882,國泰金,23,0,23,元大-南京,2024-12-06,9862
8069,元太,24,1,23,元大-南京,2024-12-06,9862
2834,臺企銀,30,9,21,元大-南京,2024-12-06,9862
00924,復華S＆P500成長,20,0,20,元大-南京,2024-12-06,9862
00907,永豐優息存股,20,0,20,元大-南京,2024-12-06,9862
1605,華新,30,11,19,元大-南京,2024-12-06,9862
9904,寶成,22,3,19,元大-南京,2024-12-06,9862
00713,元大台灣高息低波,20,1,19,元大-南京,2024-12-06,9862
00919,群益台灣精選高息,24,6,18,元大-南京,2024-12-06,9862
2363,矽統,20,4,16,元大-南京,2024-12-06,9862
1815,富喬,86,70,16,元大-南京,2024-12-06,9862
3265,台星科,19,3,16,元大-南京,2024-12-06,9862
2317,鴻海,22,7,15,元大-南京,2024-12-06,9862
1504,東元,17,2,15,元大-南京,2024-12-06,9862
2486,一詮,21,6,15,元大-南京,2024-12-06,9862
2312,金寶,29,14,15,元大-南京,2024-12-06,9862
4743,合一,17,4,13,元大-南京,2024-12-06,9862
5284,jpp-KY,18,5,13,元大-南京,2024-12-06,9862
2337,旺宏,19,6,13,元大-南京,2024-12-06,9862
2383,台光電,15,3,12,元大-南京,2024-12-06,9862
00646,元大S＆P500,11,0,11,元大-南京,2024-12-06,9862
2455,全新,17,6,11,元大-南京,2024-12-06,9862
8042,金山電,42,32,10,元大-南京,2024-12-06,9862
00762,元大全球AI,10,0,10,元大-南京,2024-12-06,9862
2399,映泰,41,31,10,元大-南京,2024-12-06,9862
00948B,中信優息投資級債,10,0,10,元大-南京,2024-12-06,9862
2537,聯上發,11,1,10,元大-南京,2024-12-06,9862
2332,友訊,10,0,10,元大-南京,2024-12-06,9862
00728,第一金工業30,10,0,10,元大-南京,2024-12-06,9862
8028,昇陽半導體,21,11,10,元大-南京,2024-12-06,9862
2885,元大金,11,1,10,元大-南京,2024-12-06,9862
2886,兆豐金,10,0,10,元大-南京,2024-12-06,9862
00911,兆豐洲際半導體,10,0,10,元大-南京,2024-12-06,9862
2610,華航,22,12,10,元大-南京,2024-12-06,9862
3037,欣興,11,1,10,元大-南京,2024-12-06,9862
2890,永豐金,114,2,112,元大-南京,2024-12-09,9862
00712,復華富時不動產,96,0,96,元大-南京,2024-12-09,9862
1815,富喬,97,14,83,元大-南京,2024-12-09,9862
00918,大華優利高填息30,74,0,74,元大-南京,2024-12-09,9862
00715L,期街口布蘭特正2,53,2,51,元大-南京,2024-12-09,9862
2883,凱基金,45,3,42,元大-南京,2024-12-09,9862
00646,元大S＆P500,41,0,41,元大-南京,2024-12-09,9862
2535,達欣工,40,3,37,元大-南京,2024-12-09,9862
00944,野村趨勢動能高息,35,0,35,元大-南京,2024-12-09,9862
2425,承啟,32,2,30,元大-南京,2024-12-09,9862
2524,京城,30,0,30,元大-南京,2024-12-09,9862
5534,長虹,30,0,30,元大-南京,2024-12-09,9862
4931,新盛力,32,6,26,元大-南京,2024-12-09,9862
2455,全新,25,0,25,元大-南京,2024-12-09,9862
00706L,期元大S＆P日圓正2,25,0,25,元大-南京,2024-12-09,9862
6470,宇智,44,19,25,元大-南京,2024-12-09,9862
3231,緯創,40,15,25,元大-南京,2024-12-09,9862
3234,光環,51,26,25,元大-南京,2024-12-09,9862
00965,元大航太防衛科技,24,0,24,元大-南京,2024-12-09,9862
5512,力麒,24,0,24,元大-南京,2024-12-09,9862
00909,國泰數位支付服務,24,2,22,元大-南京,2024-12-09,9862
8087,麗升能源,21,0,21,元大-南京,2024-12-09,9862
00905,FT臺灣Smart,20,0,20,元大-南京,2024-12-09,9862
00968B,元大優息投等債,20,0,20,元大-南京,2024-12-09,9862
2342,茂矽,20,0,20,元大-南京,2024-12-09,9862
1722,台肥,20,0,20,元大-南京,2024-12-09,9862
6894,衛司特,20,0,20,元大-南京,2024-12-09,9862
2855,統一證,20,0,20,元大-南京,2024-12-09,9862
2520,冠德,27,9,18,元大-南京,2024-12-09,9862
1618,合機,18,0,18,元大-南京,2024-12-09,9862
3481,群創,23,7,16,元大-南京,2024-12-09,9862
00887,永豐中國科技50大,16,0,16,元大-南京,2024-12-09,9862
2834,臺企銀,15,0,15,元大-南京,2024-12-09,9862
00948B,中信優息投資級債,33,18,15,元大-南京,2024-12-09,9862
2324,仁寶,135,121,14,元大-南京,2024-12-09,9862
3706,神達,105,91,14,元大-南京,2024-12-09,9862
2354,鴻準,75,61,14,元大-南京,2024-12-09,9862
6962,ITH-KY,14,0,14,元大-南京,2024-12-09,9862
3693,營邦,16,2,14,元大-南京,2024-12-09,9862
4114,健喬,13,0,13,元大-南京,2024-12-09,9862
1802,台玻,13,1,12,元大-南京,2024-12-09,9862
1785,光洋科,28,16,12,元大-南京,2024-12-09,9862
2328,廣宇,15,3,12,元大-南京,2024-12-09,9862
6438,迅得,14,2,12,元大-南京,2024-12-09,9862
0056,元大高股息,53,41,12,元大-南京,2024-12-09,9862
3029,零壹,46,35,11,元大-南京,2024-12-09,9862
2646,星宇航空,14,3,11,元大-南京,2024-12-09,9862
006205,富邦上証,11,0,11,元大-南京,2024-12-09,9862
2605,新興,17,6,11,元大-南京,2024-12-09,9862
3450,聯鈞,14,4,10,元大-南京,2024-12-09,9862
00968B,元大優息投等債,140,0,140,元大-南京,2024-12-10,9862
1326,台化,105,0,105,元大-南京,2024-12-10,9862
2890,永豐金,102,0,102,元大-南京,2024-12-10,9862
2317,鴻海,105,20,85,元大-南京,2024-12-10,9862
00919,群益台灣精選高息,123,42,81,元大-南京,2024-12-10,9862
2354,鴻準,98,27,71,元大-南京,2024-12-10,9862
3706,神達,228,169,59,元大-南京,2024-12-10,9862
4933,友輝,57,4,53,元大-南京,2024-12-10,9862
00965,元大航太防衛科技,38,0,38,元大-南京,2024-12-10,9862
2014,中鴻,40,2,38,元大-南京,2024-12-10,9862
2301,光寶科,40,2,38,元大-南京,2024-12-10,9862
2609,陽明,123,91,32,元大-南京,2024-12-10,9862
00915,凱基優選高股息30,30,1,29,元大-南京,2024-12-10,9862
1815,富喬,139,110,29,元大-南京,2024-12-10,9862
2330,台積電,38,9,29,元大-南京,2024-12-10,9862
3019,亞光,47,24,23,元大-南京,2024-12-10,9862
0056,元大高股息,43,20,23,元大-南京,2024-12-10,9862
2547,日勝生,41,18,23,元大-南京,2024-12-10,9862
00878,國泰永續高股息,26,5,21,元大-南京,2024-12-10,9862
3691,碩禾,20,0,20,元大-南京,2024-12-10,9862
2701,萬企,20,0,20,元大-南京,2024-12-10,9862
4931,新盛力,26,8,18,元大-南京,2024-12-10,9862
3029,零壹,39,21,18,元大-南京,2024-12-10,9862
00909,國泰數位支付服務,17,0,17,元大-南京,2024-12-10,9862
2382,廣達,19,4,15,元大-南京,2024-12-10,9862
2603,長榮,22,7,15,元大-南京,2024-12-10,9862
9105,泰金寶-DR,21,7,14,元大-南京,2024-12-10,9862
4991,環宇-KY,29,15,14,元大-南京,2024-12-10,9862
00633L,富邦上証正2,16,2,14,元大-南京,2024-12-10,9862
2027,大成鋼,16,2,14,元大-南京,2024-12-10,9862
5530,龍巖,15,1,14,元大-南京,2024-12-10,9862
2345,智邦,14,2,12,元大-南京,2024-12-10,9862
00688L,國泰20年美債正2,12,0,12,元大-南京,2024-12-10,9862
2363,矽統,70,58,12,元大-南京,2024-12-10,9862
2832,台產,11,0,11,元大-南京,2024-12-10,9862
00945B,凱基美國非投等債,11,0,11,元大-南京,2024-12-10,9862
00932,兆豐永續高息等權,11,0,11,元大-南京,2024-12-10,9862
1605,華新,29,18,11,元大-南京,2024-12-10,9862
1618,合機,11,0,11,元大-南京,2024-12-10,9862
3293,鈊象,17,7,10,元大-南京,2024-12-10,9862
00762,元大全球AI,10,0,10,元大-南京,2024-12-10,9862
1569,濱川,10,0,10,元大-南京,2024-12-10,9862
2374,佳能,10,0,10,元大-南京,2024-12-10,9862
9904,寶成,14,4,10,元大-南京,2024-12-10,9862
9945,潤泰新,10,0,10,元大-南京,2024-12-10,9862
00712,復華富時不動產,10,0,10,元大-南京,2024-12-10,9862
6782,視陽,10,0,10,元大-南京,2024-12-10,9862
00940,元大台灣價值高息,18,8,10,元大-南京,2024-12-10,9862
5234,達興材料,10,1,9,元大-南京,2024-12-10,9862
4557,永新-KY,9,0,9,元大-南京,2024-12-10,9862
1301,台塑,519,12,507,元大-南京,2024-12-11,9862
00918,大華優利高填息30,173,0,173,元大-南京,2024-12-11,9862
1402,遠東新,107,6,101,元大-南京,2024-12-11,9862
3032,偉訓,106,11,95,元大-南京,2024-12-11,9862
2883,凱基金,106,25,81,元大-南京,2024-12-11,9862
2646,星宇航空,58,2,56,元大-南京,2024-12-11,9862
2317,鴻海,80,27,53,元大-南京,2024-12-11,9862
6603,富強鑫,40,0,40,元大-南京,2024-12-11,9862
2301,光寶科,60,20,40,元大-南京,2024-12-11,9862
2330,台積電,43,8,35,元大-南京,2024-12-11,9862
2408,南亞科,43,8,35,元大-南京,2024-12-11,9862
00919,群益台灣精選高息,74,40,34,元大-南京,2024-12-11,9862
00915,凱基優選高股息30,33,0,33,元大-南京,2024-12-11,9862
2534,宏盛,34,1,33,元大-南京,2024-12-11,9862
2303,聯電,43,11,32,元大-南京,2024-12-11,9862
2610,華航,40,11,29,元大-南京,2024-12-11,9862
2382,廣達,30,2,28,元大-南京,2024-12-11,9862
4931,新盛力,61,35,26,元大-南京,2024-12-11,9862
1605,華新,29,3,26,元大-南京,2024-12-11,9862
6213,聯茂,23,0,23,元大-南京,2024-12-11,9862
00687B,國泰20年美債,31,10,21,元大-南京,2024-12-11,9862
0056,元大高股息,61,41,20,元大-南京,2024-12-11,9862
5907,大洋-KY,20,0,20,元大-南京,2024-12-11,9862
3234,光環,21,3,18,元大-南京,2024-12-11,9862
2429,銘旺科,20,2,18,元大-南京,2024-12-11,9862
2915,潤泰全,17,0,17,元大-南京,2024-12-11,9862
2609,陽明,61,44,17,元大-南京,2024-12-11,9862
2547,日勝生,22,6,16,元大-南京,2024-12-11,9862
2618,長榮航,23,7,16,元大-南京,2024-12-11,9862
00878,國泰永續高股息,15,0,15,元大-南京,2024-12-11,9862
6770,力積電,16,1,15,元大-南京,2024-12-11,9862
00887,永豐中國科技50大,15,0,15,元大-南京,2024-12-11,9862
2855,統一證,15,0,15,元大-南京,2024-12-11,9862
00712,復華富時不動產,15,0,15,元大-南京,2024-12-11,9862
6414,樺漢,14,1,13,元大-南京,2024-12-11,9862
8043,蜜望實,12,0,12,元大-南京,2024-12-11,9862
00882,中信中國高股息,11,0,11,元大-南京,2024-12-11,9862
2337,旺宏,13,2,11,元大-南京,2024-12-11,9862
2371,大同,17,6,11,元大-南京,2024-12-11,9862
5871,中租-KY,10,0,10,元大-南京,2024-12-11,9862
2363,矽統,21,11,10,元大-南京,2024-12-11,9862
2883B,凱基金乙特,10,0,10,元大-南京,2024-12-11,9862
2535,達欣工,10,0,10,元大-南京,2024-12-11,9862
8011,台通,11,1,10,元大-南京,2024-12-11,9862
4707,磐亞,10,0,10,元大-南京,2024-12-11,9862
2401,凌陽,29,19,10,元大-南京,2024-12-11,9862
00968B,元大優息投等債,10,0,10,元大-南京,2024-12-11,9862
3693,營邦,10,1,9,元大-南京,2024-12-11,9862
9904,寶成,14,5,9,元大-南京,2024-12-11,9862
9946,三發地產,9,0,9,元大-南京,2024-12-11,9862
1326,台化,106,0,106,元大-南京,2024-12-12,9862
2426,鼎元,103,1,102,元大-南京,2024-12-12,9862
00918,大華優利高填息30,93,0,93,元大-南京,2024-12-12,9862
1442,名軒,79,5,74,元大-南京,2024-12-12,9862
2354,鴻準,91,22,69,元大-南京,2024-12-12,9862
3029,零壹,93,40,53,元大-南京,2024-12-12,9862
3207,耀勝,52,1,51,元大-南京,2024-12-12,9862
1815,富喬,79,32,47,元大-南京,2024-12-12,9862
6214,精誠,54,9,45,元大-南京,2024-12-12,9862
6156,松上,36,0,36,元大-南京,2024-12-12,9862
1301,台塑,79,49,30,元大-南京,2024-12-12,9862
2010,春源,30,0,30,元大-南京,2024-12-12,9862
00687B,國泰20年美債,41,12,29,元大-南京,2024-12-12,9862
4933,友輝,22,0,22,元大-南京,2024-12-12,9862
6451,訊芯-KY,57,37,20,元大-南京,2024-12-12,9862
3680,家登,21,1,20,元大-南京,2024-12-12,9862
1515,力山,20,0,20,元大-南京,2024-12-12,9862
1810,和成,20,0,20,元大-南京,2024-12-12,9862
2429,銘旺科,20,0,20,元大-南京,2024-12-12,9862
3014,聯陽,21,1,20,元大-南京,2024-12-12,9862
1537,廣隆,20,0,20,元大-南京,2024-12-12,9862
00919,群益台灣精選高息,28,8,20,元大-南京,2024-12-12,9862
6937,天虹,20,1,19,元大-南京,2024-12-12,9862
2458,義隆,21,2,19,元大-南京,2024-12-12,9862
2832,台產,19,0,19,元大-南京,2024-12-12,9862
2303,聯電,72,53,19,元大-南京,2024-12-12,9862
2317,鴻海,31,15,16,元大-南京,2024-12-12,9862
3689,湧德,36,20,16,元大-南京,2024-12-12,9862
00637L,元大滬深300正2,48,32,16,元大-南京,2024-12-12,9862
2883,凱基金,35,19,16,元大-南京,2024-12-12,9862
2368,金像電,33,18,15,元大-南京,2024-12-12,9862
3231,緯創,22,8,14,元大-南京,2024-12-12,9862
00712,復華富時不動產,22,8,14,元大-南京,2024-12-12,9862
3363,上詮,29,15,14,元大-南京,2024-12-12,9862
1519,華城,15,2,13,元大-南京,2024-12-12,9862
00951,台新日本半導體,13,0,13,元大-南京,2024-12-12,9862
8054,安國,21,8,13,元大-南京,2024-12-12,9862
2382,廣達,16,3,13,元大-南京,2024-12-12,9862
3481,群創,48,36,12,元大-南京,2024-12-12,9862
2344,華邦電,24,12,12,元大-南京,2024-12-12,9862
3663,鑫科,12,0,12,元大-南京,2024-12-12,9862
2049,上銀,20,8,12,元大-南京,2024-12-12,9862
5371,中光電,15,4,11,元大-南京,2024-12-12,9862
2312,金寶,21,10,11,元大-南京,2024-12-12,9862
6962,ITH-KY,11,0,11,元大-南京,2024-12-12,9862
00933B,國泰10Y+金融債,11,0,11,元大-南京,2024-12-12,9862
00878,國泰永續高股息,11,0,11,元大-南京,2024-12-12,9862
2801,彰銀,15,5,10,元大-南京,2024-12-12,9862
2855,統一證,10,0,10,元大-南京,2024-12-12,9862
3040,遠見,10,0,10,元大-南京,2024-12-12,9862
00713,元大台灣高息低波,504,0,504,元大-南京,2024-12-13,9862
3481,群創,132,29,103,元大-南京,2024-12-13,9862
2303,聯電,157,61,96,元大-南京,2024-12-13,9862
00680L,元大美債20正2,85,0,85,元大-南京,2024-12-13,9862
00688L,國泰20年美債正2,80,0,80,元大-南京,2024-12-13,9862
2354,鴻準,122,42,80,元大-南京,2024-12-13,9862
00933B,國泰10Y+金融債,78,0,78,元大-南京,2024-12-13,9862
2884,玉山金,81,5,76,元大-南京,2024-12-13,9862
00919,群益台灣精選高息,85,18,67,元大-南京,2024-12-13,9862
1442,名軒,69,7,62,元大-南京,2024-12-13,9862
00915,凱基優選高股息30,54,0,54,元大-南京,2024-12-13,9862
00637L,元大滬深300正2,56,3,53,元大-南京,2024-12-13,9862
3694,海華,49,1,48,元大-南京,2024-12-13,9862
0056,元大高股息,49,2,47,元大-南京,2024-12-13,9862
6214,精誠,56,10,46,元大-南京,2024-12-13,9862
2301,光寶科,41,1,40,元大-南京,2024-12-13,9862
2356,英業達,57,18,39,元大-南京,2024-12-13,9862
3231,緯創,40,8,32,元大-南京,2024-12-13,9862
00673R,期元大S＆P原油反1,30,0,30,元大-南京,2024-12-13,9862
00959B,大華投等美債15Y+,30,0,30,元大-南京,2024-12-13,9862
2317,鴻海,41,12,29,元大-南京,2024-12-13,9862
1326,台化,59,30,29,元大-南京,2024-12-13,9862
3122,笙泉,37,9,28,元大-南京,2024-12-13,9862
00918,大華優利高填息30,26,0,26,元大-南京,2024-12-13,9862
6546,正基,25,2,23,元大-南京,2024-12-13,9862
4931,新盛力,39,17,22,元大-南京,2024-12-13,9862
2002,中鋼,23,2,21,元大-南京,2024-12-13,9862
8096,擎亞,21,0,21,元大-南京,2024-12-13,9862
00948B,中信優息投資級債,20,0,20,元大-南京,2024-12-13,9862
2524,京城,20,0,20,元大-南京,2024-12-13,9862
2880,華南金,22,2,20,元大-南京,2024-12-13,9862
2409,友達,22,3,19,元大-南京,2024-12-13,9862
9802,鈺齊-KY,28,9,19,元大-南京,2024-12-13,9862
2353,宏��,23,4,19,元大-南京,2024-12-13,9862
00878,國泰永續高股息,23,7,16,元大-南京,2024-12-13,9862
00720B,元大投資級公司債,23,7,16,元大-南京,2024-12-13,9862
2027,大成鋼,17,2,15,元大-南京,2024-12-13,9862
2855,統一證,15,0,15,元大-南京,2024-12-13,9862
00968B,元大優息投等債,15,0,15,元大-南京,2024-12-13,9862
2429,銘旺科,14,0,14,元大-南京,2024-12-13,9862
2883,凱基金,23,9,14,元大-南京,2024-12-13,9862
1513,中興電,15,2,13,元大-南京,2024-12-13,9862
3037,欣興,18,6,12,元大-南京,2024-12-13,9862
4991,環宇-KY,16,4,12,元大-南京,2024-12-13,9862
00882,中信中國高股息,12,0,12,元大-南京,2024-12-13,9862
1722,台肥,12,0,12,元大-南京,2024-12-13,9862
2382,廣達,12,1,11,元大-南京,2024-12-13,9862
3406,玉晶光,11,0,11,元大-南京,2024-12-13,9862
00891,中信關鍵半導體,21,10,11,元大-南京,2024-12-13,9862
6187,萬潤,12,1,11,元大-南京,2024-12-13,9862
00968B,元大優息投等債,164,0,164,元大-南京,2024-12-16,9862
00918,大華優利高填息30,156,1,155,元大-南京,2024-12-16,9862
00919,群益台灣精選高息,150,16,134,元大-南京,2024-12-16,9862
1802,台玻,105,6,99,元大-南京,2024-12-16,9862
00915,凱基優選高股息30,97,0,97,元大-南京,2024-12-16,9862
1301,台塑,87,15,72,元大-南京,2024-12-16,9862
00688L,國泰20年美債正2,61,0,61,元大-南京,2024-12-16,9862
2354,鴻準,123,68,55,元大-南京,2024-12-16,9862
3231,緯創,65,14,51,元大-南京,2024-12-16,9862
00673R,期元大S＆P原油反1,50,0,50,元大-南京,2024-12-16,9862
3673,TPK-KY,50,0,50,元大-南京,2024-12-16,9862
5530,龍巖,50,0,50,元大-南京,2024-12-16,9862
6885,全福生技,50,1,49,元大-南京,2024-12-16,9862
6546,正基,73,25,48,元大-南京,2024-12-16,9862
2317,鴻海,60,16,44,元大-南京,2024-12-16,9862
6526,達發,57,13,44,元大-南京,2024-12-16,9862
00937B,群益ESG投等債20,43,0,43,元大-南京,2024-12-16,9862
00680L,元大美債20正2,40,0,40,元大-南京,2024-12-16,9862
2002,中鋼,37,3,34,元大-南京,2024-12-16,9862
3450,聯鈞,57,25,32,元大-南京,2024-12-16,9862
2332,友訊,32,1,31,元大-南京,2024-12-16,9862
1528,恩德,30,0,30,元大-南京,2024-12-16,9862
00725B,國泰投資級公司債,200,170,30,元大-南京,2024-12-16,9862
8086,宏捷科,30,0,30,元大-南京,2024-12-16,9862
8087,麗升能源,30,0,30,元大-南京,2024-12-16,9862
0056,元大高股息,64,36,28,元大-南京,2024-12-16,9862
2449,京元電子,26,0,26,元大-南京,2024-12-16,9862
2609,陽明,82,56,26,元大-南京,2024-12-16,9862
2313,華通,86,62,24,元大-南京,2024-12-16,9862
00948B,中信優息投資級債,22,0,22,元大-南京,2024-12-16,9862
00945B,凱基美國非投等債,22,0,22,元大-南京,2024-12-16,9862
4563,百德,33,11,22,元大-南京,2024-12-16,9862
00638R,元大滬深300反1,22,0,22,元大-南京,2024-12-16,9862
00664R,國泰臺灣加權反1,21,0,21,元大-南京,2024-12-16,9862
1810,和成,20,0,20,元大-南京,2024-12-16,9862
3037,欣興,22,2,20,元大-南京,2024-12-16,9862
2382,廣達,45,28,17,元大-南京,2024-12-16,9862
00926,凱基全球菁英55,16,0,16,元大-南京,2024-12-16,9862
2345,智邦,25,9,16,元大-南京,2024-12-16,9862
5522,遠雄,20,5,15,元大-南京,2024-12-16,9862
3694,海華,14,0,14,元大-南京,2024-12-16,9862
6425,易發,15,1,14,元大-南京,2024-12-16,9862
3017,奇鋐,24,11,13,元大-南京,2024-12-16,9862
00891,中信關鍵半導體,13,0,13,元大-南京,2024-12-16,9862
6214,精誠,17,5,12,元大-南京,2024-12-16,9862
4534,慶騰,11,0,11,元大-南京,2024-12-16,9862
3665,貿聯-KY,22,12,10,元大-南京,2024-12-16,9862
2891,中信金,32,22,10,元大-南京,2024-12-16,9862
00720B,元大投資級公司債,11,1,10,元大-南京,2024-12-16,9862
1785,光洋科,33,23,10,元大-南京,2024-12-16,9862
00918,大華優利高填息30,256,0,256,元大-南京,2024-12-17,9862
00968B,元大優息投等債,255,0,255,元大-南京,2024-12-17,9862
3481,群創,185,1,184,元大-南京,2024-12-17,9862
00680L,元大美債20正2,125,0,125,元大-南京,2024-12-17,9862
00688L,國泰20年美債正2,122,0,122,元大-南京,2024-12-17,9862
2834,臺企銀,117,0,117,元大-南京,2024-12-17,9862
1303,南亞,112,0,112,元大-南京,2024-12-17,9862
00937B,群益ESG投等債20,71,2,69,元大-南京,2024-12-17,9862
00761B,國泰A級公司債,55,0,55,元大-南京,2024-12-17,9862
8033,雷虎,68,15,53,元大-南京,2024-12-17,9862
1326,台化,51,0,51,元大-南京,2024-12-17,9862
00720B,元大投資級公司債,157,110,47,元大-南京,2024-12-17,9862
6274,台燿,45,1,44,元大-南京,2024-12-17,9862
2317,鴻海,68,25,43,元大-南京,2024-12-17,9862
00915,凱基優選高股息30,45,3,42,元大-南京,2024-12-17,9862
00919,群益台灣精選高息,124,85,39,元大-南京,2024-12-17,9862
8087,麗升能源,38,0,38,元大-南京,2024-12-17,9862
00713,元大台灣高息低波,44,6,38,元大-南京,2024-12-17,9862
0056,元大高股息,34,5,29,元大-南京,2024-12-17,9862
3706,神達,55,27,28,元大-南京,2024-12-17,9862
1464,得力,23,2,21,元大-南京,2024-12-17,9862
9945,潤泰新,20,0,20,元大-南京,2024-12-17,9862
00795B,中信美國公債20年,16,0,16,元大-南京,2024-12-17,9862
3693,營邦,15,0,15,元大-南京,2024-12-17,9862
1536,和大,34,20,14,元大-南京,2024-12-17,9862
2801,彰銀,14,1,13,元大-南京,2024-12-17,9862
00687B,國泰20年美債,33,20,13,元大-南京,2024-12-17,9862
1815,富喬,27,14,13,元大-南京,2024-12-17,9862
6770,力積電,13,0,13,元大-南京,2024-12-17,9862
2486,一詮,16,4,12,元大-南京,2024-12-17,9862
2501,國建,17,5,12,元大-南京,2024-12-17,9862
4164,承業醫,12,0,12,元大-南京,2024-12-17,9862
00959B,大華投等美債15Y+,12,0,12,元大-南京,2024-12-17,9862
5222,全訊,12,0,12,元大-南京,2024-12-17,9862
2880,華南金,11,0,11,元大-南京,2024-12-17,9862
4743,合一,11,0,11,元大-南京,2024-12-17,9862
2449,京元電子,11,0,11,元大-南京,2024-12-17,9862
9904,寶成,10,0,10,元大-南京,2024-12-17,9862
1102,亞泥,10,0,10,元大-南京,2024-12-17,9862
3230,錦明,10,0,10,元大-南京,2024-12-17,9862
00951,台新日本半導體,10,0,10,元大-南京,2024-12-17,9862
2836,高雄銀,10,0,10,元大-南京,2024-12-17,9862
00948B,中信優息投資級債,12,2,10,元大-南京,2024-12-17,9862
1540,喬福,27,17,10,元大-南京,2024-12-17,9862
1810,和成,20,10,10,元大-南京,2024-12-17,9862
2883B,凱基金乙特,10,0,10,元大-南京,2024-12-17,9862
00933B,國泰10Y+金融債,10,0,10,元大-南京,2024-12-17,9862
6643,M31,13,3,10,元大-南京,2024-12-17,9862
6472,保瑞,13,4,9,元大-南京,2024-12-17,9862
00692,富邦公司治理,9,0,9,元大-南京,2024-12-17,9862
2883,凱基金,407,1,406,元大-南京,2024-12-18,9862
00967B,元大優息美債,102,0,102,元大-南京,2024-12-18,9862
00687B,國泰20年美債,110,8,102,元大-南京,2024-12-18,9862
00918,大華優利高填息30,98,0,98,元大-南京,2024-12-18,9862
3706,神達,127,37,90,元大-南京,2024-12-18,9862
00937B,群益ESG投等債20,65,0,65,元大-南京,2024-12-18,9862
2892,第一金,60,0,60,元大-南京,2024-12-18,9862
5530,龍巖,61,6,55,元大-南京,2024-12-18,9862
00679B,元大美債20年,44,0,44,元大-南京,2024-12-18,9862
1301,台塑,84,43,41,元大-南京,2024-12-18,9862
9958,世紀鋼,42,2,40,元大-南京,2024-12-18,9862
3041,揚智,88,49,39,元大-南京,2024-12-18,9862
00919,群益台灣精選高息,73,36,37,元大-南京,2024-12-18,9862
6695,芯鼎,34,1,33,元大-南京,2024-12-18,9862
5244,弘凱,32,0,32,元大-南京,2024-12-18,9862
5371,中光電,38,7,31,元大-南京,2024-12-18,9862
00712,復華富時不動產,37,6,31,元大-南京,2024-12-18,9862
2467,志聖,26,2,24,元大-南京,2024-12-18,9862
2884,玉山金,23,0,23,元大-南京,2024-12-18,9862
9927,泰銘,20,0,20,元大-南京,2024-12-18,9862
4916,事欣科,18,0,18,元大-南京,2024-12-18,9862
2332,友訊,29,12,17,元大-南京,2024-12-18,9862
3230,錦明,20,3,17,元大-南京,2024-12-18,9862
2609,陽明,34,17,17,元大-南京,2024-12-18,9862
5439,高技,21,5,16,元大-南京,2024-12-18,9862
00887,永豐中國科技50大,15,0,15,元大-南京,2024-12-18,9862
3035,智原,22,7,15,元大-南京,2024-12-18,9862
3481,群創,16,2,14,元大-南京,2024-12-18,9862
2354,鴻準,19,6,13,元大-南京,2024-12-18,9862
6962,ITH-KY,37,24,13,元大-南京,2024-12-18,9862
2382,廣達,16,4,12,元大-南京,2024-12-18,9862
00713,元大台灣高息低波,22,10,12,元大-南京,2024-12-18,9862
6757,台灣虎航,13,1,12,元大-南京,2024-12-18,9862
4979,華星光,23,11,12,元大-南京,2024-12-18,9862
00922,國泰台灣領袖50,12,0,12,元大-南京,2024-12-18,9862
6156,松上,13,1,12,元大-南京,2024-12-18,9862
2359,所羅門,40,28,12,元大-南京,2024-12-18,9862
6214,精誠,13,2,11,元大-南京,2024-12-18,9862
3406,玉晶光,12,1,11,元大-南京,2024-12-18,9862
3617,碩天,12,1,11,元大-南京,2024-12-18,9862
2885,元大金,15,4,11,元大-南京,2024-12-18,9862
3545,敦泰,13,2,11,元大-南京,2024-12-18,9862
0056,元大高股息,23,12,11,元大-南京,2024-12-18,9862
2880,華南金,10,0,10,元大-南京,2024-12-18,9862
4123,晟德,10,0,10,元大-南京,2024-12-18,9862
2368,金像電,26,16,10,元大-南京,2024-12-18,9862
2505,國揚,10,0,10,元大-南京,2024-12-18,9862
2705,六福,13,3,10,元大-南京,2024-12-18,9862
3032,偉訓,16,6,10,元大-南京,2024-12-18,9862
2486,一詮,13,3,10,元大-南京,2024-12-18,9862
2883,凱基金,413,1,412,元大-南京,2024-12-19,9862
00680L,元大美債20正2,276,2,274,元大-南京,2024-12-19,9862
00919,群益台灣精選高息,236,42,194,元大-南京,2024-12-19,9862
00687B,國泰20年美債,209,21,188,元大-南京,2024-12-19,9862
00688L,國泰20年美債正2,211,32,179,元大-南京,2024-12-19,9862
00918,大華優利高填息30,208,33,175,元大-南京,2024-12-19,9862
4979,華星光,145,32,113,元大-南京,2024-12-19,9862
2880,華南金,110,2,108,元大-南京,2024-12-19,9862
2892,第一金,118,10,108,元大-南京,2024-12-19,9862
00679B,元大美債20年,110,9,101,元大-南京,2024-12-19,9862
00953B,群益優選非投等債,99,0,99,元大-南京,2024-12-19,9862
2882,國泰金,92,9,83,元大-南京,2024-12-19,9862
00712,復華富時不動產,77,2,75,元大-南京,2024-12-19,9862
2317,鴻海,78,9,69,元大-南京,2024-12-19,9862
3230,錦明,67,11,56,元大-南京,2024-12-19,9862
00965,元大航太防衛科技,55,0,55,元大-南京,2024-12-19,9862
5521,工信,55,0,55,元大-南京,2024-12-19,9862
2609,陽明,72,21,51,元大-南京,2024-12-19,9862
00878,國泰永續高股息,51,0,51,元大-南京,2024-12-19,9862
0056,元大高股息,36,3,33,元大-南京,2024-12-19,9862
9958,世紀鋼,33,2,31,元大-南京,2024-12-19,9862
00669R,國泰美國道瓊反1,30,0,30,元大-南京,2024-12-19,9862
2887,台新金,26,0,26,元大-南京,2024-12-19,9862
2884,玉山金,25,0,25,元大-南京,2024-12-19,9862
3041,揚智,82,57,25,元大-南京,2024-12-19,9862
006208,富邦台50,36,11,25,元大-南京,2024-12-19,9862
00795B,中信美國公債20年,24,0,24,元大-南京,2024-12-19,9862
1785,光洋科,23,0,23,元大-南京,2024-12-19,9862
00751B,元大AAA至A公司債,23,0,23,元大-南京,2024-12-19,9862
2845,遠東銀,22,0,22,元大-南京,2024-12-19,9862
8249,菱光,32,10,22,元大-南京,2024-12-19,9862
00937B,群益ESG投等債20,101,81,20,元大-南京,2024-12-19,9862
00968B,元大優息投等債,70,50,20,元大-南京,2024-12-19,9862
2618,長榮航,28,8,20,元大-南京,2024-12-19,9862
2409,友達,21,1,20,元大-南京,2024-12-19,9862
2301,光寶科,51,32,19,元大-南京,2024-12-19,9862
00770,國泰北美科技,18,0,18,元大-南京,2024-12-19,9862
2344,華邦電,27,9,18,元大-南京,2024-12-19,9862
2881,富邦金,22,4,18,元大-南京,2024-12-19,9862
00757,統一FANG+,18,0,18,元大-南京,2024-12-19,9862
00713,元大台灣高息低波,19,2,17,元大-南京,2024-12-19,9862
00915,凱基優選高股息30,17,0,17,元大-南京,2024-12-19,9862
00646,元大S＆P500,16,0,16,元大-南京,2024-12-19,9862
2610,華航,20,4,16,元大-南京,2024-12-19,9862
4569,六方科-KY,16,0,16,元大-南京,2024-12-19,9862
00720B,元大投資級公司債,16,0,16,元大-南京,2024-12-19,9862
00922,國泰台灣領袖50,15,0,15,元大-南京,2024-12-19,9862
1314,中石化,15,0,15,元大-南京,2024-12-19,9862
00951,台新日本半導體,15,0,15,元大-南京,2024-12-19,9862
9945,潤泰新,18,3,15,元大-南京,2024-12-19,9862
