Ticker,Name,buy,sell,diff,Branch,Date,Branch_Code
6770,力積電,97,1,96,元大-和平,2023-01-03,9863
00878,國泰永續高股息,86,15,71,元大-和平,2023-01-03,9863
6177,達麗,40,0,40,元大-和平,2023-01-03,9863
2504,國產,38,0,38,元大-和平,2023-01-03,9863
6609,瀧澤科,35,0,35,元大-和平,2023-01-03,9863
2634,漢翔,49,21,28,元大-和平,2023-01-03,9863
3265,台星科,23,0,23,元大-和平,2023-01-03,9863
00897,富邦基因免疫生技,20,0,20,元大-和平,2023-01-03,9863
00676R,富邦臺灣加權反1,20,0,20,元大-和平,2023-01-03,9863
00637L,元大滬深300正2,80,60,20,元大-和平,2023-01-03,9863
2610,華航,18,1,17,元大-和平,2023-01-03,9863
5009,榮剛,18,1,17,元大-和平,2023-01-03,9863
2882,國泰金,28,11,17,元大-和平,2023-01-03,9863
2317,鴻海,22,6,16,元大-和平,2023-01-03,9863
2436,偉詮電,15,0,15,元大-和平,2023-01-03,9863
9904,寶成,13,0,13,元大-和平,2023-01-03,9863
5876,上海商銀,13,0,13,元大-和平,2023-01-03,9863
2890,永豐金,12,0,12,元大-和平,2023-01-03,9863
00632R,元大台灣50反1,10,0,10,元大-和平,2023-01-03,9863
2834,臺企銀,10,0,10,元大-和平,2023-01-03,9863
9907,統一實,10,0,10,元大-和平,2023-01-03,9863
2409,友達,11,2,9,元大-和平,2023-01-03,9863
2498,宏達電,19,11,8,元大-和平,2023-01-03,9863
00674R,期元大S＆P黃金反1,8,0,8,元大-和平,2023-01-03,9863
00679B,元大美債20年,8,0,8,元大-和平,2023-01-03,9863
4162,智擎,7,0,7,元大-和平,2023-01-03,9863
4167,松瑞藥,12,5,7,元大-和平,2023-01-03,9863
3702,大聯大,6,0,6,元大-和平,2023-01-03,9863
4102,永日,6,0,6,元大-和平,2023-01-03,9863
0050,元大台灣50,5,0,5,元大-和平,2023-01-03,9863
3047,訊舟,5,0,5,元大-和平,2023-01-03,9863
3454,晶睿,8,3,5,元大-和平,2023-01-03,9863
2354,鴻準,15,10,5,元大-和平,2023-01-03,9863
00772B,中信高評級公司債,5,0,5,元大-和平,2023-01-03,9863
6123,上奇,5,0,5,元大-和平,2023-01-03,9863
8033,雷虎,5,0,5,元大-和平,2023-01-03,9863
00728,第一金工業30,4,0,4,元大-和平,2023-01-03,9863
00673R,期元大S＆P原油反1,4,0,4,元大-和平,2023-01-03,9863
2597,潤弘,4,0,4,元大-和平,2023-01-03,9863
2707,晶華,4,0,4,元大-和平,2023-01-03,9863
9802,鈺齊-KY,4,0,4,元大-和平,2023-01-03,9863
2465,麗臺,12,8,4,元大-和平,2023-01-03,9863
2308,台達電,3,0,3,元大-和平,2023-01-03,9863
1734,杏輝,3,0,3,元大-和平,2023-01-03,9863
2606,裕民,5,2,3,元大-和平,2023-01-03,9863
00692,富邦公司治理,3,0,3,元大-和平,2023-01-03,9863
1536,和大,3,0,3,元大-和平,2023-01-03,9863
1558,伸興,3,0,3,元大-和平,2023-01-03,9863
1909,榮成,3,0,3,元大-和平,2023-01-03,9863
2359,所羅門,3,0,3,元大-和平,2023-01-03,9863
1605,華新,135,29,106,元大-和平,2023-01-04,9863
6177,達麗,70,0,70,元大-和平,2023-01-04,9863
6456,GIS-KY,53,0,53,元大-和平,2023-01-04,9863
4943,康控-KY,50,0,50,元大-和平,2023-01-04,9863
3265,台星科,43,0,43,元大-和平,2023-01-04,9863
2504,國產,42,0,42,元大-和平,2023-01-04,9863
00638R,元大滬深300反1,40,0,40,元大-和平,2023-01-04,9863
1529,樂事綠能,31,2,29,元大-和平,2023-01-04,9863
2485,兆赫,20,0,20,元大-和平,2023-01-04,9863
00637L,元大滬深300正2,40,20,20,元大-和平,2023-01-04,9863
4977,眾達-KY,23,3,20,元大-和平,2023-01-04,9863
6670,復盛應用,20,0,20,元大-和平,2023-01-04,9863
2317,鴻海,23,5,18,元大-和平,2023-01-04,9863
2637,慧洋-KY,19,2,17,元大-和平,2023-01-04,9863
4102,永日,15,0,15,元大-和平,2023-01-04,9863
2884,玉山金,12,0,12,元大-和平,2023-01-04,9863
6443,元晶,15,3,12,元大-和平,2023-01-04,9863
8171,天宇,17,5,12,元大-和平,2023-01-04,9863
00893,國泰智能電動車,10,0,10,元大-和平,2023-01-04,9863
2903,遠百,10,0,10,元大-和平,2023-01-04,9863
4746,台耀,11,1,10,元大-和平,2023-01-04,9863
8105,凌巨,10,0,10,元大-和平,2023-01-04,9863
8358,金居,25,16,9,元大-和平,2023-01-04,9863
1513,中興電,62,53,9,元大-和平,2023-01-04,9863
1217,愛之味,8,0,8,元大-和平,2023-01-04,9863
2603,長榮,10,2,8,元大-和平,2023-01-04,9863
0050,元大台灣50,7,0,7,元大-和平,2023-01-04,9863
00673R,期元大S＆P原油反1,24,17,7,元大-和平,2023-01-04,9863
2359,所羅門,13,6,7,元大-和平,2023-01-04,9863
4960,誠美材,7,0,7,元大-和平,2023-01-04,9863
3047,訊舟,6,0,6,元大-和平,2023-01-04,9863
0056,元大高股息,6,0,6,元大-和平,2023-01-04,9863
4162,智擎,19,14,5,元大-和平,2023-01-04,9863
2497,怡利電,5,0,5,元大-和平,2023-01-04,9863
2915,潤泰全,5,0,5,元大-和平,2023-01-04,9863
00646,元大S＆P500,5,0,5,元大-和平,2023-01-04,9863
6285,啟��,6,1,5,元大-和平,2023-01-04,9863
8476,台境*,7,2,5,元大-和平,2023-01-04,9863
8916,光隆,5,0,5,元大-和平,2023-01-04,9863
8996,高力,23,18,5,元大-和平,2023-01-04,9863
2882,國泰金,11,6,5,元大-和平,2023-01-04,9863
8046,南電,6,2,4,元大-和平,2023-01-04,9863
4114,健喬,5,1,4,元大-和平,2023-01-04,9863
1752,南光,23,19,4,元大-和平,2023-01-04,9863
3037,欣興,7,3,4,元大-和平,2023-01-04,9863
6143,振曜,7,3,4,元大-和平,2023-01-04,9863
2303,聯電,4,0,4,元大-和平,2023-01-04,9863
3019,亞光,4,0,4,元大-和平,2023-01-04,9863
3272,東碩,5,1,4,元大-和平,2023-01-04,9863
4931,新盛力,35,31,4,元大-和平,2023-01-04,9863
4943,康控-KY,170,0,170,元大-和平,2023-01-05,9863
00650L,復華香港正2,20,0,20,元大-和平,2023-01-05,9863
2485,兆赫,20,0,20,元大-和平,2023-01-05,9863
6592,和潤企業,20,0,20,元大-和平,2023-01-05,9863
00632R,元大台灣50反1,26,10,16,元大-和平,2023-01-05,9863
2317,鴻海,13,1,12,元大-和平,2023-01-05,9863
2230,泰茂,14,2,12,元大-和平,2023-01-05,9863
4162,智擎,15,3,12,元大-和平,2023-01-05,9863
2884,玉山金,12,0,12,元大-和平,2023-01-05,9863
00676R,富邦臺灣加權反1,10,0,10,元大-和平,2023-01-05,9863
2601,益航,10,0,10,元大-和平,2023-01-05,9863
3630,新鉅科,10,0,10,元大-和平,2023-01-05,9863
6104,創惟,8,0,8,元大-和平,2023-01-05,9863
00892,富邦台灣半導體,8,0,8,元大-和平,2023-01-05,9863
00904,新光臺灣半導體30,8,0,8,元大-和平,2023-01-05,9863
2610,華航,9,1,8,元大-和平,2023-01-05,9863
3481,群創,8,0,8,元大-和平,2023-01-05,9863
1215,卜蜂,7,0,7,元大-和平,2023-01-05,9863
00715L,期街口布蘭特正2,7,0,7,元大-和平,2023-01-05,9863
8171,天宇,26,19,7,元大-和平,2023-01-05,9863
1529,樂事綠能,16,9,7,元大-和平,2023-01-05,9863
3272,東碩,12,6,6,元大-和平,2023-01-05,9863
1522,堤維西,6,0,6,元大-和平,2023-01-05,9863
2851,中再保,6,0,6,元大-和平,2023-01-05,9863
4979,華星光,18,12,6,元大-和平,2023-01-05,9863
2359,所羅門,6,1,5,元大-和平,2023-01-05,9863
2605,新興,6,1,5,元大-和平,2023-01-05,9863
2419,仲琦,6,2,4,元大-和平,2023-01-05,9863
0050,元大台灣50,5,1,4,元大-和平,2023-01-05,9863
1101,台泥,20,16,4,元大-和平,2023-01-05,9863
00674R,期元大S＆P黃金反1,4,0,4,元大-和平,2023-01-05,9863
3019,亞光,4,0,4,元大-和平,2023-01-05,9863
3027,盛達,17,13,4,元大-和平,2023-01-05,9863
3576,聯合再生,4,0,4,元大-和平,2023-01-05,9863
3702,大聯大,4,0,4,元大-和平,2023-01-05,9863
6285,啟��,4,0,4,元大-和平,2023-01-05,9863
6609,瀧澤科,7,3,4,元大-和平,2023-01-05,9863
3704,合勤控,4,0,4,元大-和平,2023-01-05,9863
3712,永崴投控,4,0,4,元大-和平,2023-01-05,9863
0056,元大高股息,5,2,3,元大-和平,2023-01-05,9863
1504,東元,6,3,3,元大-和平,2023-01-05,9863
1560,中砂,3,0,3,元大-和平,2023-01-05,9863
1752,南光,3,0,3,元大-和平,2023-01-05,9863
1909,榮成,5,2,3,元大-和平,2023-01-05,9863
2313,華通,4,1,3,元大-和平,2023-01-05,9863
2368,金像電,3,0,3,元大-和平,2023-01-05,9863
2727,王品,3,0,3,元大-和平,2023-01-05,9863
3284,太普高,3,0,3,元大-和平,2023-01-05,9863
5704,老爺知,3,0,3,元大-和平,2023-01-05,9863
5905,南仁湖,5,2,3,元大-和平,2023-01-05,9863
00632R,元大台灣50反1,36,0,36,元大-和平,2023-01-06,9863
2801,彰銀,30,0,30,元大-和平,2023-01-06,9863
00673R,期元大S＆P原油反1,25,0,25,元大-和平,2023-01-06,9863
4114,健喬,25,4,21,元大-和平,2023-01-06,9863
6609,瀧澤科,21,0,21,元大-和平,2023-01-06,9863
8033,雷虎,21,0,21,元大-和平,2023-01-06,9863
2421,建準,20,0,20,元大-和平,2023-01-06,9863
3710,連展投控,20,0,20,元大-和平,2023-01-06,9863
00676R,富邦臺灣加權反1,15,0,15,元大-和平,2023-01-06,9863
3141,晶宏,15,0,15,元大-和平,2023-01-06,9863
1467,南緯,15,1,14,元大-和平,2023-01-06,9863
8171,天宇,14,1,13,元大-和平,2023-01-06,9863
00720B,元大投資級公司債,13,0,13,元大-和平,2023-01-06,9863
00885,富邦越南,12,0,12,元大-和平,2023-01-06,9863
6446,藥華藥,14,2,12,元大-和平,2023-01-06,9863
00752,中信中國50,11,0,11,元大-和平,2023-01-06,9863
3704,合勤控,13,2,11,元大-和平,2023-01-06,9863
1612,宏泰,10,0,10,元大-和平,2023-01-06,9863
2637,慧洋-KY,11,1,10,元大-和平,2023-01-06,9863
6578,達邦蛋白,10,0,10,元大-和平,2023-01-06,9863
0056,元大高股息,12,4,8,元大-和平,2023-01-06,9863
2308,台達電,8,0,8,元大-和平,2023-01-06,9863
5905,南仁湖,8,0,8,元大-和平,2023-01-06,9863
6026,福邦證,7,0,7,元大-和平,2023-01-06,9863
2472,立隆電,6,0,6,元大-和平,2023-01-06,9863
2890,永豐金,7,1,6,元大-和平,2023-01-06,9863
00878,國泰永續高股息,11,5,6,元大-和平,2023-01-06,9863
00637L,元大滬深300正2,6,1,5,元大-和平,2023-01-06,9863
1701,中化,6,1,5,元大-和平,2023-01-06,9863
2413,環科,5,0,5,元大-和平,2023-01-06,9863
2610,華航,5,0,5,元大-和平,2023-01-06,9863
2889,國票金,5,0,5,元大-和平,2023-01-06,9863
4167,松瑞藥,12,7,5,元大-和平,2023-01-06,9863
6123,上奇,5,0,5,元大-和平,2023-01-06,9863
1752,南光,9,5,4,元大-和平,2023-01-06,9863
00912,中信臺灣智慧50,4,0,4,元大-和平,2023-01-06,9863
1101,台泥,4,0,4,元大-和平,2023-01-06,9863
1524,耿鼎,4,0,4,元大-和平,2023-01-06,9863
3019,亞光,5,1,4,元大-和平,2023-01-06,9863
3090,日電貿,4,0,4,元大-和平,2023-01-06,9863
5309,系統電,4,0,4,元大-和平,2023-01-06,9863
8261,富鼎,4,0,4,元大-和平,2023-01-06,9863
3004,豐達科,4,0,4,元大-和平,2023-01-06,9863
2330,台積電,5,1,4,元大-和平,2023-01-06,9863
4162,智擎,5,2,3,元大-和平,2023-01-06,9863
8938,明安,3,0,3,元大-和平,2023-01-06,9863
6176,瑞儀,3,0,3,元大-和平,2023-01-06,9863
00893,國泰智能電動車,3,0,3,元大-和平,2023-01-06,9863
1215,卜蜂,3,0,3,元大-和平,2023-01-06,9863
00679B,元大美債20年,3,0,3,元大-和平,2023-01-06,9863
00632R,元大台灣50反1,332,10,322,元大-和平,2023-01-09,9863
6282,康舒,47,0,47,元大-和平,2023-01-09,9863
6609,瀧澤科,30,1,29,元大-和平,2023-01-09,9863
00893,國泰智能電動車,22,0,22,元大-和平,2023-01-09,9863
6182,合晶,23,2,21,元大-和平,2023-01-09,9863
00912,中信臺灣智慧50,20,0,20,元大-和平,2023-01-09,9863
5608,四維航,21,2,19,元大-和平,2023-01-09,9863
2467,志聖,15,0,15,元大-和平,2023-01-09,9863
2884,玉山金,20,5,15,元大-和平,2023-01-09,9863
2497,怡利電,15,1,14,元大-和平,2023-01-09,9863
2603,長榮,12,0,12,元大-和平,2023-01-09,9863
00674R,期元大S＆P黃金反1,12,0,12,元大-和平,2023-01-09,9863
00641R,富邦日本反1,12,0,12,元大-和平,2023-01-09,9863
00637L,元大滬深300正2,11,0,11,元大-和平,2023-01-09,9863
3704,合勤控,12,1,11,元大-和平,2023-01-09,9863
5388,中磊,11,0,11,元大-和平,2023-01-09,9863
9945,潤泰新,11,1,10,元大-和平,2023-01-09,9863
00897,富邦基因免疫生技,10,0,10,元大-和平,2023-01-09,9863
2103,台橡,10,0,10,元大-和平,2023-01-09,9863
6180,橘子,10,0,10,元大-和平,2023-01-09,9863
8069,元太,29,20,9,元大-和平,2023-01-09,9863
2465,麗臺,21,12,9,元大-和平,2023-01-09,9863
2915,潤泰全,8,0,8,元大-和平,2023-01-09,9863
2419,仲琦,10,4,6,元大-和平,2023-01-09,9863
3703,欣陸,5,0,5,元大-和平,2023-01-09,9863
4541,晟田,5,0,5,元大-和平,2023-01-09,9863
4557,永新-KY,5,0,5,元大-和平,2023-01-09,9863
6147,頎邦,6,1,5,元大-和平,2023-01-09,9863
6781,AES-KY,5,0,5,元大-和平,2023-01-09,9863
8358,金居,8,3,5,元大-和平,2023-01-09,9863
2498,宏達電,8,4,4,元大-和平,2023-01-09,9863
2338,光罩,9,5,4,元大-和平,2023-01-09,9863
3003,健和興,4,0,4,元大-和平,2023-01-09,9863
3163,波若威,4,0,4,元大-和平,2023-01-09,9863
3317,尼克森,4,0,4,元大-和平,2023-01-09,9863
1513,中興電,60,56,4,元大-和平,2023-01-09,9863
4128,中天,4,0,4,元大-和平,2023-01-09,9863
5371,中光電,8,5,3,元大-和平,2023-01-09,9863
1720,生達,3,0,3,元大-和平,2023-01-09,9863
6143,振曜,3,0,3,元大-和平,2023-01-09,9863
00669R,國泰美國道瓊反1,15,12,3,元大-和平,2023-01-09,9863
2009,第一銅,5,2,3,元大-和平,2023-01-09,9863
2349,錸德,3,0,3,元大-和平,2023-01-09,9863
3081,聯亞,3,0,3,元大-和平,2023-01-09,9863
3535,晶彩科,3,0,3,元大-和平,2023-01-09,9863
3558,神準,3,0,3,元大-和平,2023-01-09,9863
4736,泰博,3,0,3,元大-和平,2023-01-09,9863
8150,南茂,3,0,3,元大-和平,2023-01-09,9863
2615,萬海,3,0,3,元大-和平,2023-01-09,9863
3682,亞太電,2,0,2,元大-和平,2023-01-09,9863
2367,燿華,52,0,52,元大-和平,2023-01-10,9863
00676R,富邦臺灣加權反1,50,0,50,元大-和平,2023-01-10,9863
2330,台積電,41,18,23,元大-和平,2023-01-10,9863
2425,承啟,23,0,23,元大-和平,2023-01-10,9863
00897,富邦基因免疫生技,20,0,20,元大-和平,2023-01-10,9863
4207,環泰,17,0,17,元大-和平,2023-01-10,9863
8478,東哥遊艇,14,0,14,元大-和平,2023-01-10,9863
9933,中鼎,13,1,12,元大-和平,2023-01-10,9863
1444,力麗,10,0,10,元大-和平,2023-01-10,9863
2634,漢翔,13,3,10,元大-和平,2023-01-10,9863
2748,雲品,10,0,10,元大-和平,2023-01-10,9863
5351,鈺創,11,2,9,元大-和平,2023-01-10,9863
00892,富邦台灣半導體,10,1,9,元大-和平,2023-01-10,9863
00904,新光臺灣半導體30,8,0,8,元大-和平,2023-01-10,9863
6223,旺矽,9,1,8,元大-和平,2023-01-10,9863
3443,創意,10,3,7,元大-和平,2023-01-10,9863
2390,云辰,7,0,7,元大-和平,2023-01-10,9863
6015,宏遠證,7,0,7,元大-和平,2023-01-10,9863
1736,喬山,6,0,6,元大-和平,2023-01-10,9863
3494,誠研,6,0,6,元大-和平,2023-01-10,9863
4102,永日,6,0,6,元大-和平,2023-01-10,9863
4171,瑞基,6,0,6,元大-和平,2023-01-10,9863
4174,浩鼎,6,0,6,元大-和平,2023-01-10,9863
2884,玉山金,5,0,5,元大-和平,2023-01-10,9863
00669R,國泰美國道瓊反1,5,0,5,元大-和平,2023-01-10,9863
1101,台泥,5,0,5,元大-和平,2023-01-10,9863
1701,中化,6,1,5,元大-和平,2023-01-10,9863
1752,南光,9,4,5,元大-和平,2023-01-10,9863
2338,光罩,5,0,5,元大-和平,2023-01-10,9863
2409,友達,13,8,5,元大-和平,2023-01-10,9863
3625,西勝,5,0,5,元大-和平,2023-01-10,9863
3704,合勤控,26,21,5,元大-和平,2023-01-10,9863
4557,永新-KY,5,0,5,元大-和平,2023-01-10,9863
6290,良維,5,0,5,元大-和平,2023-01-10,9863
00878,國泰永續高股息,7,2,5,元大-和平,2023-01-10,9863
2428,興勤,10,6,4,元大-和平,2023-01-10,9863
5269,祥碩,4,0,4,元大-和平,2023-01-10,9863
4743,合一,4,0,4,元大-和平,2023-01-10,9863
4979,華星光,14,10,4,元大-和平,2023-01-10,9863
6123,上奇,4,0,4,元大-和平,2023-01-10,9863
6443,元晶,12,8,4,元大-和平,2023-01-10,9863
6741,91APP*-KY,4,0,4,元大-和平,2023-01-10,9863
8028,昇陽半導體,7,3,4,元大-和平,2023-01-10,9863
3037,欣興,9,6,3,元大-和平,2023-01-10,9863
2603,長榮,4,1,3,元大-和平,2023-01-10,9863
1795,美時,26,23,3,元大-和平,2023-01-10,9863
00882,中信中國高股息,3,0,3,元大-和平,2023-01-10,9863
00912,中信臺灣智慧50,3,0,3,元大-和平,2023-01-10,9863
00683L,期元大美元指正2,3,0,3,元大-和平,2023-01-10,9863
1524,耿鼎,9,6,3,元大-和平,2023-01-10,9863
00912,中信臺灣智慧50,51,0,51,元大-和平,2023-01-11,9863
2313,華通,45,0,45,元大-和平,2023-01-11,9863
3494,誠研,30,0,30,元大-和平,2023-01-11,9863
4207,環泰,29,0,29,元大-和平,2023-01-11,9863
2413,環科,24,3,21,元大-和平,2023-01-11,9863
4943,康控-KY,18,0,18,元大-和平,2023-01-11,9863
3704,合勤控,22,5,17,元大-和平,2023-01-11,9863
2634,漢翔,30,16,14,元大-和平,2023-01-11,9863
4174,浩鼎,14,0,14,元大-和平,2023-01-11,9863
2428,興勤,13,0,13,元大-和平,2023-01-11,9863
2748,雲品,11,0,11,元大-和平,2023-01-11,9863
3705,永信,11,0,11,元大-和平,2023-01-11,9863
00725B,國泰投資級公司債,10,0,10,元大-和平,2023-01-11,9863
00720B,元大投資級公司債,10,0,10,元大-和平,2023-01-11,9863
1526,日馳,10,0,10,元大-和平,2023-01-11,9863
8049,晶采,16,6,10,元大-和平,2023-01-11,9863
9945,潤泰新,10,0,10,元大-和平,2023-01-11,9863
00673R,期元大S＆P原油反1,9,0,9,元大-和平,2023-01-11,9863
8069,元太,9,0,9,元大-和平,2023-01-11,9863
6533,晶心科,9,1,8,元大-和平,2023-01-11,9863
1584,精剛,13,5,8,元大-和平,2023-01-11,9863
5871,中租-KY,8,0,8,元大-和平,2023-01-11,9863
1529,樂事綠能,18,10,8,元大-和平,2023-01-11,9863
3293,鈊象,11,4,7,元大-和平,2023-01-11,9863
2368,金像電,22,15,7,元大-和平,2023-01-11,9863
1417,嘉裕,7,0,7,元大-和平,2023-01-11,9863
1104,環泥,7,0,7,元大-和平,2023-01-11,9863
1612,宏泰,7,0,7,元大-和平,2023-01-11,9863
3207,耀勝,9,2,7,元大-和平,2023-01-11,9863
3592,瑞鼎,8,1,7,元大-和平,2023-01-11,9863
4171,瑞基,8,1,7,元大-和平,2023-01-11,9863
00679B,元大美債20年,8,1,7,元大-和平,2023-01-11,9863
2543,皇昌,6,0,6,元大-和平,2023-01-11,9863
3093,港建*,8,2,6,元大-和平,2023-01-11,9863
6142,友勁,6,0,6,元大-和平,2023-01-11,9863
6443,元晶,6,0,6,元大-和平,2023-01-11,9863
6182,合晶,7,1,6,元大-和平,2023-01-11,9863
00772B,中信高評級公司債,5,0,5,元大-和平,2023-01-11,9863
00751B,元大AAA至A公司債,5,0,5,元大-和平,2023-01-11,9863
00669R,國泰美國道瓊反1,5,0,5,元大-和平,2023-01-11,9863
00632R,元大台灣50反1,6,1,5,元大-和平,2023-01-11,9863
00674R,期元大S＆P黃金反1,5,0,5,元大-和平,2023-01-11,9863
1522,堤維西,7,2,5,元大-和平,2023-01-11,9863
3059,華晶科,5,0,5,元大-和平,2023-01-11,9863
5009,榮剛,7,2,5,元大-和平,2023-01-11,9863
6223,旺矽,5,0,5,元大-和平,2023-01-11,9863
6788,華景電,5,0,5,元大-和平,2023-01-11,9863
9940,信義,5,0,5,元大-和平,2023-01-11,9863
6806,森崴能源,5,1,4,元大-和平,2023-01-11,9863
1560,中砂,11,7,4,元大-和平,2023-01-11,9863
2834,臺企銀,115,2,113,元大-和平,2023-01-12,9863
1605,華新,119,9,110,元大-和平,2023-01-12,9863
2468,華經,89,8,81,元大-和平,2023-01-12,9863
1615,大山,27,0,27,元大-和平,2023-01-12,9863
3624,光頡,59,34,25,元大-和平,2023-01-12,9863
00882,中信中國高股息,23,0,23,元大-和平,2023-01-12,9863
2609,陽明,22,1,21,元大-和平,2023-01-12,9863
2603,長榮,23,3,20,元大-和平,2023-01-12,9863
8171,天宇,19,0,19,元大-和平,2023-01-12,9863
2317,鴻海,16,2,14,元大-和平,2023-01-12,9863
1304,台聚,10,0,10,元大-和平,2023-01-12,9863
1584,精剛,27,17,10,元大-和平,2023-01-12,9863
3669,圓展,10,0,10,元大-和平,2023-01-12,9863
8049,晶采,10,0,10,元大-和平,2023-01-12,9863
1732,毛寶,10,0,10,元大-和平,2023-01-12,9863
00878,國泰永續高股息,21,12,9,元大-和平,2023-01-12,9863
4743,合一,9,0,9,元大-和平,2023-01-12,9863
2882,國泰金,11,2,9,元大-和平,2023-01-12,9863
2338,光罩,8,0,8,元大-和平,2023-01-12,9863
8044,網家,12,4,8,元大-和平,2023-01-12,9863
1802,台玻,9,1,8,元大-和平,2023-01-12,9863
2436,偉詮電,13,5,8,元大-和平,2023-01-12,9863
3035,智原,21,14,7,元大-和平,2023-01-12,9863
00676R,富邦臺灣加權反1,7,0,7,元大-和平,2023-01-12,9863
00655L,國泰中國A50正2,7,0,7,元大-和平,2023-01-12,9863
3705,永信,7,0,7,元大-和平,2023-01-12,9863
6188,廣明,7,0,7,元大-和平,2023-01-12,9863
5321,美而快,13,7,6,元大-和平,2023-01-12,9863
00650L,復華香港正2,6,0,6,元大-和平,2023-01-12,9863
00753L,中信中國50正2,6,0,6,元大-和平,2023-01-12,9863
00893,國泰智能電動車,8,2,6,元大-和平,2023-01-12,9863
1301,台塑,6,0,6,元大-和平,2023-01-12,9863
6649,台生材,6,0,6,元大-和平,2023-01-12,9863
8033,雷虎,16,10,6,元大-和平,2023-01-12,9863
2009,第一銅,8,3,5,元大-和平,2023-01-12,9863
2880,華南金,5,0,5,元大-和平,2023-01-12,9863
2615,萬海,8,3,5,元大-和平,2023-01-12,9863
3037,欣興,7,2,5,元大-和平,2023-01-12,9863
1303,南亞,5,0,5,元大-和平,2023-01-12,9863
00773B,中信優先金融債,5,0,5,元大-和平,2023-01-12,9863
00858,永豐美國500大,5,0,5,元大-和平,2023-01-12,9863
2748,雲品,5,0,5,元大-和平,2023-01-12,9863
3710,連展投控,5,0,5,元大-和平,2023-01-12,9863
3034,聯詠,5,0,5,元大-和平,2023-01-12,9863
2368,金像電,5,1,4,元大-和平,2023-01-12,9863
2308,台達電,4,0,4,元大-和平,2023-01-12,9863
3045,台灣大,4,0,4,元大-和平,2023-01-12,9863
00637L,元大滬深300正2,4,0,4,元大-和平,2023-01-12,9863
006208,富邦台50,5,1,4,元大-和平,2023-01-12,9863
00683L,期元大美元指正2,4,0,4,元大-和平,2023-01-12,9863
2014,中鴻,43,7,36,元大-和平,2023-01-13,9863
00882,中信中國高股息,30,3,27,元大-和平,2023-01-13,9863
1615,大山,27,0,27,元大-和平,2023-01-13,9863
3704,合勤控,17,0,17,元大-和平,2023-01-13,9863
1584,精剛,16,1,15,元大-和平,2023-01-13,9863
6245,立端,23,8,15,元大-和平,2023-01-13,9863
00632R,元大台灣50反1,25,11,14,元大-和平,2023-01-13,9863
5309,系統電,12,0,12,元大-和平,2023-01-13,9863
8033,雷虎,12,0,12,元大-和平,2023-01-13,9863
4114,健喬,12,1,11,元大-和平,2023-01-13,9863
8478,東哥遊艇,12,1,11,元大-和平,2023-01-13,9863
00878,國泰永續高股息,11,0,11,元大-和平,2023-01-13,9863
2884,玉山金,11,1,10,元大-和平,2023-01-13,9863
00921,兆豐龍頭等權重,10,0,10,元大-和平,2023-01-13,9863
1305,華夏,10,0,10,元大-和平,2023-01-13,9863
1802,台玻,10,0,10,元大-和平,2023-01-13,9863
2371,大同,10,0,10,元大-和平,2023-01-13,9863
4746,台耀,11,1,10,元大-和平,2023-01-13,9863
6152,百一,10,0,10,元大-和平,2023-01-13,9863
3189,景碩,8,0,8,元大-和平,2023-01-13,9863
2009,第一銅,9,1,8,元大-和平,2023-01-13,9863
4915,致伸,7,0,7,元大-和平,2023-01-13,9863
8358,金居,8,2,6,元大-和平,2023-01-13,9863
1752,南光,6,0,6,元大-和平,2023-01-13,9863
2609,陽明,8,2,6,元大-和平,2023-01-13,9863
6605,帝寶,10,4,6,元大-和平,2023-01-13,9863
8210,勤誠,7,1,6,元大-和平,2023-01-13,9863
1301,台塑,5,0,5,元大-和平,2023-01-13,9863
00858,永豐美國500大,5,0,5,元大-和平,2023-01-13,9863
1909,榮成,5,0,5,元大-和平,2023-01-13,9863
2486,一詮,5,0,5,元大-和平,2023-01-13,9863
2597,潤弘,5,0,5,元大-和平,2023-01-13,9863
2615,萬海,5,0,5,元大-和平,2023-01-13,9863
4931,新盛力,11,6,5,元大-和平,2023-01-13,9863
4979,華星光,17,12,5,元大-和平,2023-01-13,9863
5388,中磊,5,0,5,元大-和平,2023-01-13,9863
6118,建達,7,2,5,元大-和平,2023-01-13,9863
8049,晶采,5,0,5,元大-和平,2023-01-13,9863
8081,致新,5,1,4,元大-和平,2023-01-13,9863
00720B,元大投資級公司債,4,0,4,元大-和平,2023-01-13,9863
00679B,元大美債20年,5,1,4,元大-和平,2023-01-13,9863
8261,富鼎,4,0,4,元大-和平,2023-01-13,9863
00683L,期元大美元指正2,4,0,4,元大-和平,2023-01-13,9863
2332,友訊,5,1,4,元大-和平,2023-01-13,9863
2419,仲琦,4,0,4,元大-和平,2023-01-13,9863
2743,山富,4,0,4,元大-和平,2023-01-13,9863
3059,華晶科,4,0,4,元大-和平,2023-01-13,9863
3209,全科,4,0,4,元大-和平,2023-01-13,9863
3576,聯合再生,4,0,4,元大-和平,2023-01-13,9863
6122,擎邦,4,0,4,元大-和平,2023-01-13,9863
2303,聯電,143,36,107,元大-和平,2023-01-16,9863
1909,榮成,78,18,60,元大-和平,2023-01-16,9863
2634,漢翔,48,0,48,元大-和平,2023-01-16,9863
00882,中信中國高股息,35,5,30,元大-和平,2023-01-16,9863
1605,華新,38,12,26,元大-和平,2023-01-16,9863
2356,英業達,20,0,20,元大-和平,2023-01-16,9863
8110,華東,20,0,20,元大-和平,2023-01-16,9863
8049,晶采,15,0,15,元大-和平,2023-01-16,9863
2618,長榮航,17,4,13,元大-和平,2023-01-16,9863
2317,鴻海,15,2,13,元大-和平,2023-01-16,9863
00728,第一金工業30,12,0,12,元大-和平,2023-01-16,9863
1795,美時,18,8,10,元大-和平,2023-01-16,9863
00679B,元大美債20年,10,0,10,元大-和平,2023-01-16,9863
00632R,元大台灣50反1,30,20,10,元大-和平,2023-01-16,9863
2537,聯上發,10,0,10,元大-和平,2023-01-16,9863
6152,百一,10,0,10,元大-和平,2023-01-16,9863
1101,台泥,19,9,10,元大-和平,2023-01-16,9863
2014,中鴻,10,1,9,元大-和平,2023-01-16,9863
1584,精剛,10,1,9,元大-和平,2023-01-16,9863
00674R,期元大S＆P黃金反1,8,0,8,元大-和平,2023-01-16,9863
2358,廷鑫,9,2,7,元大-和平,2023-01-16,9863
6167,久正,7,0,7,元大-和平,2023-01-16,9863
2603,長榮,6,0,6,元大-和平,2023-01-16,9863
1802,台玻,7,1,6,元大-和平,2023-01-16,9863
6123,上奇,6,0,6,元大-和平,2023-01-16,9863
6649,台生材,7,1,6,元大-和平,2023-01-16,9863
00683L,期元大美元指正2,5,0,5,元大-和平,2023-01-16,9863
1612,宏泰,5,0,5,元大-和平,2023-01-16,9863
2030,彰源,5,0,5,元大-和平,2023-01-16,9863
2354,鴻準,5,0,5,元大-和平,2023-01-16,9863
2444,兆勁,5,0,5,元大-和平,2023-01-16,9863
3592,瑞鼎,5,0,5,元大-和平,2023-01-16,9863
8081,致新,5,0,5,元大-和平,2023-01-16,9863
1513,中興電,6,1,5,元大-和平,2023-01-16,9863
1305,華夏,4,0,4,元大-和平,2023-01-16,9863
00885,富邦越南,4,0,4,元大-和平,2023-01-16,9863
2023,燁輝,4,0,4,元大-和平,2023-01-16,9863
2338,光罩,10,6,4,元大-和平,2023-01-16,9863
2851,中再保,4,0,4,元大-和平,2023-01-16,9863
6121,新普,4,0,4,元大-和平,2023-01-16,9863
6239,力成,4,0,4,元大-和平,2023-01-16,9863
6689,伊雲谷,4,0,4,元大-和平,2023-01-16,9863
5009,榮剛,4,0,4,元大-和平,2023-01-16,9863
1707,葡萄王,3,0,3,元大-和平,2023-01-16,9863
3105,穩懋,7,4,3,元大-和平,2023-01-16,9863
00912,中信臺灣智慧50,3,0,3,元大-和平,2023-01-16,9863
1227,佳格,3,0,3,元大-和平,2023-01-16,9863
2033,佳大,3,0,3,元大-和平,2023-01-16,9863
3059,華晶科,3,0,3,元大-和平,2023-01-16,9863
3704,合勤控,8,5,3,元大-和平,2023-01-16,9863
6770,力積電,56,2,54,元大-和平,2023-01-17,9863
00637L,元大滬深300正2,50,2,48,元大-和平,2023-01-17,9863
2618,長榮航,44,0,44,元大-和平,2023-01-17,9863
00905,FT臺灣Smart,34,0,34,元大-和平,2023-01-17,9863
2482,連宇,25,0,25,元大-和平,2023-01-17,9863
00633L,富邦上証正2,25,1,24,元大-和平,2023-01-17,9863
8171,天宇,28,5,23,元大-和平,2023-01-17,9863
6609,瀧澤科,43,20,23,元大-和平,2023-01-17,9863
2884,玉山金,22,0,22,元大-和平,2023-01-17,9863
5009,榮剛,17,1,16,元大-和平,2023-01-17,9863
00858,永豐美國500大,16,0,16,元大-和平,2023-01-17,9863
6649,台生材,17,2,15,元大-和平,2023-01-17,9863
00720B,元大投資級公司債,12,0,12,元大-和平,2023-01-17,9863
00881,國泰台灣5G+,12,0,12,元大-和平,2023-01-17,9863
1443,立益物流,13,1,12,元大-和平,2023-01-17,9863
4979,華星光,19,7,12,元大-和平,2023-01-17,9863
00728,第一金工業30,11,0,11,元大-和平,2023-01-17,9863
2425,承啟,12,1,11,元大-和平,2023-01-17,9863
00655L,國泰中國A50正2,10,0,10,元大-和平,2023-01-17,9863
3171,炎洲流通,10,0,10,元大-和平,2023-01-17,9863
6116,彩晶,10,0,10,元大-和平,2023-01-17,9863
1783,和康生,23,14,9,元大-和平,2023-01-17,9863
2344,華邦電,10,1,9,元大-和平,2023-01-17,9863
3705,永信,10,1,9,元大-和平,2023-01-17,9863
00878,國泰永續高股息,29,20,9,元大-和平,2023-01-17,9863
2454,聯發科,8,0,8,元大-和平,2023-01-17,9863
00676R,富邦臺灣加權反1,8,0,8,元大-和平,2023-01-17,9863
00643,群益深証中小,8,0,8,元大-和平,2023-01-17,9863
00882,中信中國高股息,9,1,8,元大-和平,2023-01-17,9863
2851,中再保,7,0,7,元大-和平,2023-01-17,9863
1612,宏泰,6,0,6,元大-和平,2023-01-17,9863
3704,合勤控,6,0,6,元大-和平,2023-01-17,9863
4763,材料-KY,8,2,6,元大-和平,2023-01-17,9863
3693,營邦,9,3,6,元大-和平,2023-01-17,9863
1513,中興電,17,11,6,元大-和平,2023-01-17,9863
2317,鴻海,8,2,6,元大-和平,2023-01-17,9863
5321,美而快,36,30,6,元大-和平,2023-01-17,9863
00902,中信電池及儲能,5,0,5,元大-和平,2023-01-17,9863
00701,國泰股利精選30,5,0,5,元大-和平,2023-01-17,9863
00635U,期元大S＆P黃金,5,0,5,元大-和平,2023-01-17,9863
2312,金寶,20,15,5,元大-和平,2023-01-17,9863
2731,雄獅,5,0,5,元大-和平,2023-01-17,9863
6266,泰詠,5,0,5,元大-和平,2023-01-17,9863
2609,陽明,8,4,4,元大-和平,2023-01-17,9863
8033,雷虎,5,1,4,元大-和平,2023-01-17,9863
00632R,元大台灣50反1,25,21,4,元大-和平,2023-01-17,9863
00763U,期街口道瓊銅,4,0,4,元大-和平,2023-01-17,9863
6708,天擎,4,0,4,元大-和平,2023-01-17,9863
1101,台泥,8,5,3,元大-和平,2023-01-17,9863
6185,幃翔,3,0,3,元大-和平,2023-01-17,9863
00885,富邦越南,101,0,101,元大-和平,2023-01-30,9863
2317,鴻海,60,8,52,元大-和平,2023-01-30,9863
6770,力積電,66,25,41,元大-和平,2023-01-30,9863
1802,台玻,38,0,38,元大-和平,2023-01-30,9863
3189,景碩,38,2,36,元大-和平,2023-01-30,9863
5701,劍湖山,34,0,34,元大-和平,2023-01-30,9863
6609,瀧澤科,38,5,33,元大-和平,2023-01-30,9863
3714,富采,31,0,31,元大-和平,2023-01-30,9863
5258,虹堡,30,6,24,元大-和平,2023-01-30,9863
00673R,期元大S＆P原油反1,23,0,23,元大-和平,2023-01-30,9863
8069,元太,41,20,21,元大-和平,2023-01-30,9863
00632R,元大台灣50反1,20,0,20,元大-和平,2023-01-30,9863
0056,元大高股息,30,13,17,元大-和平,2023-01-30,9863
6202,盛群,17,0,17,元大-和平,2023-01-30,9863
5425,台半,41,24,17,元大-和平,2023-01-30,9863
00719B,元大美債1-3,16,0,16,元大-和平,2023-01-30,9863
00878,國泰永續高股息,16,0,16,元大-和平,2023-01-30,9863
00728,第一金工業30,16,2,14,元大-和平,2023-01-30,9863
2882,國泰金,16,2,14,元大-和平,2023-01-30,9863
00908,富邦入息REITs+,13,0,13,元大-和平,2023-01-30,9863
1210,大成,11,0,11,元大-和平,2023-01-30,9863
2501,國建,10,0,10,元大-和平,2023-01-30,9863
2748,雲品,10,0,10,元大-和平,2023-01-30,9863
4155,訊映,10,0,10,元大-和平,2023-01-30,9863
00905,FT臺灣Smart,9,0,9,元大-和平,2023-01-30,9863
1312,國喬,9,0,9,元大-和平,2023-01-30,9863
3705,永信,10,1,9,元大-和平,2023-01-30,9863
2884,玉山金,10,1,9,元大-和平,2023-01-30,9863
5608,四維航,13,5,8,元大-和平,2023-01-30,9863
2881,富邦金,15,8,7,元大-和平,2023-01-30,9863
00670L,富邦NASDAQ正2,7,0,7,元大-和平,2023-01-30,9863
2413,環科,7,0,7,元大-和平,2023-01-30,9863
2354,鴻準,21,14,7,元大-和平,2023-01-30,9863
00900,富邦特選高股息30,12,6,6,元大-和平,2023-01-30,9863
2023,燁輝,11,5,6,元大-和平,2023-01-30,9863
00770,國泰北美科技,7,1,6,元大-和平,2023-01-30,9863
1417,嘉裕,6,0,6,元大-和平,2023-01-30,9863
2033,佳大,7,1,6,元大-和平,2023-01-30,9863
2482,連宇,6,0,6,元大-和平,2023-01-30,9863
4736,泰博,6,0,6,元大-和平,2023-01-30,9863
1783,和康生,10,5,5,元大-和平,2023-01-30,9863
6182,合晶,10,5,5,元大-和平,2023-01-30,9863
2308,台達電,5,0,5,元大-和平,2023-01-30,9863
00713,元大台灣高息低波,5,0,5,元大-和平,2023-01-30,9863
00720B,元大投資級公司債,5,0,5,元大-和平,2023-01-30,9863
00676R,富邦臺灣加權反1,5,0,5,元大-和平,2023-01-30,9863
1608,華榮,5,0,5,元大-和平,2023-01-30,9863
2597,潤弘,5,0,5,元大-和平,2023-01-30,9863
2906,高林,5,0,5,元大-和平,2023-01-30,9863
3576,聯合再生,5,0,5,元大-和平,2023-01-30,9863
3711,日月光投控,78,2,76,元大-和平,2023-01-31,9863
1605,華新,121,60,61,元大-和平,2023-01-31,9863
2882,國泰金,44,1,43,元大-和平,2023-01-31,9863
2881,富邦金,39,1,38,元大-和平,2023-01-31,9863
2330,台積電,48,11,37,元大-和平,2023-01-31,9863
00905,FT臺灣Smart,53,18,35,元大-和平,2023-01-31,9863
00878,國泰永續高股息,33,3,30,元大-和平,2023-01-31,9863
2332,友訊,30,0,30,元大-和平,2023-01-31,9863
00679B,元大美債20年,29,0,29,元大-和平,2023-01-31,9863
2834,臺企銀,102,75,27,元大-和平,2023-01-31,9863
00673R,期元大S＆P原油反1,38,13,25,元大-和平,2023-01-31,9863
2892,第一金,23,0,23,元大-和平,2023-01-31,9863
00728,第一金工業30,22,0,22,元大-和平,2023-01-31,9863
8222,寶一,20,0,20,元大-和平,2023-01-31,9863
4979,華星光,30,11,19,元大-和平,2023-01-31,9863
2504,國產,15,0,15,元大-和平,2023-01-31,9863
2482,連宇,34,19,15,元大-和平,2023-01-31,9863
00919,群益台灣精選高息,13,0,13,元大-和平,2023-01-31,9863
2634,漢翔,13,0,13,元大-和平,2023-01-31,9863
3141,晶宏,12,0,12,元大-和平,2023-01-31,9863
00882,中信中國高股息,12,0,12,元大-和平,2023-01-31,9863
2610,華航,21,9,12,元大-和平,2023-01-31,9863
6649,台生材,12,0,12,元大-和平,2023-01-31,9863
2890,永豐金,11,0,11,元大-和平,2023-01-31,9863
00773B,中信優先金融債,11,0,11,元大-和平,2023-01-31,9863
3447,展達,11,0,11,元大-和平,2023-01-31,9863
8038,長園科,11,0,11,元大-和平,2023-01-31,9863
00772B,中信高評級公司債,10,0,10,元大-和平,2023-01-31,9863
00655L,國泰中國A50正2,10,0,10,元大-和平,2023-01-31,9863
00633L,富邦上証正2,10,0,10,元大-和平,2023-01-31,9863
1336,台翰,10,0,10,元大-和平,2023-01-31,9863
6152,百一,10,0,10,元大-和平,2023-01-31,9863
3693,營邦,9,0,9,元大-和平,2023-01-31,9863
2009,第一銅,10,2,8,元大-和平,2023-01-31,9863
2436,偉詮電,30,22,8,元大-和平,2023-01-31,9863
3017,奇鋐,8,0,8,元大-和平,2023-01-31,9863
5309,系統電,7,0,7,元大-和平,2023-01-31,9863
00720B,元大投資級公司債,8,1,7,元大-和平,2023-01-31,9863
8358,金居,12,6,6,元大-和平,2023-01-31,9863
2880,華南金,6,0,6,元大-和平,2023-01-31,9863
0056,元大高股息,11,5,6,元大-和平,2023-01-31,9863
3665,貿聯-KY,6,0,6,元大-和平,2023-01-31,9863
00751B,元大AAA至A公司債,6,0,6,元大-和平,2023-01-31,9863
3264,欣銓,6,0,6,元大-和平,2023-01-31,9863
4915,致伸,10,4,6,元大-和平,2023-01-31,9863
8105,凌巨,8,2,6,元大-和平,2023-01-31,9863
5871,中租-KY,5,0,5,元大-和平,2023-01-31,9863
2324,仁寶,5,0,5,元大-和平,2023-01-31,9863
2867,三商壽,7,2,5,元大-和平,2023-01-31,9863
6104,創惟,5,0,5,元大-和平,2023-01-31,9863
00632R,元大台灣50反1,380,0,380,元大-和平,2023-02-01,9863
00676R,富邦臺灣加權反1,100,0,100,元大-和平,2023-02-01,9863
2332,友訊,100,0,100,元大-和平,2023-02-01,9863
00633L,富邦上証正2,94,0,94,元大-和平,2023-02-01,9863
6609,瀧澤科,89,3,86,元大-和平,2023-02-01,9863
2881,富邦金,57,0,57,元大-和平,2023-02-01,9863
00671R,富邦NASDAQ反1,50,0,50,元大-和平,2023-02-01,9863
00882,中信中國高股息,38,3,35,元大-和平,2023-02-01,9863
2412,中華電,26,0,26,元大-和平,2023-02-01,9863
2929,淘帝-KY,27,1,26,元大-和平,2023-02-01,9863
00905,FT臺灣Smart,24,0,24,元大-和平,2023-02-01,9863
4746,台耀,23,0,23,元大-和平,2023-02-01,9863
2317,鴻海,31,10,21,元大-和平,2023-02-01,9863
00637L,元大滬深300正2,21,0,21,元大-和平,2023-02-01,9863
2014,中鴻,21,0,21,元大-和平,2023-02-01,9863
8210,勤誠,21,0,21,元大-和平,2023-02-01,9863
2359,所羅門,20,0,20,元大-和平,2023-02-01,9863
2892,第一金,20,0,20,元大-和平,2023-02-01,9863
00878,國泰永續高股息,22,2,20,元大-和平,2023-02-01,9863
2023,燁輝,21,2,19,元大-和平,2023-02-01,9863
2330,台積電,31,12,19,元大-和平,2023-02-01,9863
0056,元大高股息,19,0,19,元大-和平,2023-02-01,9863
00900,富邦特選高股息30,18,0,18,元大-和平,2023-02-01,9863
2891,中信金,19,2,17,元大-和平,2023-02-01,9863
2344,華邦電,25,9,16,元大-和平,2023-02-01,9863
6649,台生材,16,0,16,元大-和平,2023-02-01,9863
8222,寶一,13,0,13,元大-和平,2023-02-01,9863
9945,潤泰新,13,1,12,元大-和平,2023-02-01,9863
2337,旺宏,12,0,12,元大-和平,2023-02-01,9863
3707,漢磊,12,1,11,元大-和平,2023-02-01,9863
2312,金寶,21,10,11,元大-和平,2023-02-01,9863
2454,聯發科,11,1,10,元大-和平,2023-02-01,9863
3305,昇貿,15,5,10,元大-和平,2023-02-01,9863
00921,兆豐龍頭等權重,10,0,10,元大-和平,2023-02-01,9863
1216,統一,10,0,10,元大-和平,2023-02-01,9863
1806,冠軍,10,0,10,元大-和平,2023-02-01,9863
2731,雄獅,10,0,10,元大-和平,2023-02-01,9863
2748,雲品,10,0,10,元大-和平,2023-02-01,9863
3596,智易,10,0,10,元大-和平,2023-02-01,9863
8105,凌巨,10,0,10,元大-和平,2023-02-01,9863
4128,中天,10,1,9,元大-和平,2023-02-01,9863
6278,台表科,9,0,9,元大-和平,2023-02-01,9863
8033,雷虎,13,4,9,元大-和平,2023-02-01,9863
3711,日月光投控,20,12,8,元大-和平,2023-02-01,9863
1795,美時,11,3,8,元大-和平,2023-02-01,9863
4906,正文,8,0,8,元大-和平,2023-02-01,9863
2038,海光,8,1,7,元大-和平,2023-02-01,9863
2883,凱基金,7,0,7,元大-和平,2023-02-01,9863
8044,網家,12,5,7,元大-和平,2023-02-01,9863
3035,智原,38,31,7,元大-和平,2023-02-01,9863
2618,長榮航,331,0,331,元大-和平,2023-02-02,9863
6609,瀧澤科,84,2,82,元大-和平,2023-02-02,9863
00878,國泰永續高股息,50,1,49,元大-和平,2023-02-02,9863
2376,技嘉,118,73,45,元大-和平,2023-02-02,9863
2412,中華電,41,0,41,元大-和平,2023-02-02,9863
00882,中信中國高股息,39,0,39,元大-和平,2023-02-02,9863
2634,漢翔,54,15,39,元大-和平,2023-02-02,9863
00885,富邦越南,33,0,33,元大-和平,2023-02-02,9863
2317,鴻海,41,10,31,元大-和平,2023-02-02,9863
8429,金麗-KY,30,0,30,元大-和平,2023-02-02,9863
2610,華航,30,2,28,元大-和平,2023-02-02,9863
2892,第一金,30,3,27,元大-和平,2023-02-02,9863
00632R,元大台灣50反1,25,0,25,元大-和平,2023-02-02,9863
00679B,元大美債20年,24,0,24,元大-和平,2023-02-02,9863
1301,台塑,20,0,20,元大-和平,2023-02-02,9863
3191,雲嘉南,20,0,20,元大-和平,2023-02-02,9863
2891,中信金,19,0,19,元大-和平,2023-02-02,9863
1305,華夏,16,0,16,元大-和平,2023-02-02,9863
2915,潤泰全,16,0,16,元大-和平,2023-02-02,9863
3356,奇偶,15,0,15,元大-和平,2023-02-02,9863
3017,奇鋐,16,2,14,元大-和平,2023-02-02,9863
2303,聯電,68,54,14,元大-和平,2023-02-02,9863
3050,鈺德,12,0,12,元大-和平,2023-02-02,9863
2881,富邦金,12,1,11,元大-和平,2023-02-02,9863
1519,華城,12,1,11,元大-和平,2023-02-02,9863
1524,耿鼎,25,14,11,元大-和平,2023-02-02,9863
3207,耀勝,12,1,11,元大-和平,2023-02-02,9863
3710,連展投控,15,4,11,元大-和平,2023-02-02,9863
6796,晉弘,11,0,11,元大-和平,2023-02-02,9863
6494,九齊,11,1,10,元大-和平,2023-02-02,9863
6182,合晶,11,1,10,元大-和平,2023-02-02,9863
2201,裕隆,22,13,9,元大-和平,2023-02-02,9863
2611,志信,9,0,9,元大-和平,2023-02-02,9863
2367,燿華,9,0,9,元大-和平,2023-02-02,9863
5009,榮剛,9,0,9,元大-和平,2023-02-02,9863
4162,智擎,8,0,8,元大-和平,2023-02-02,9863
00692,富邦公司治理,10,2,8,元大-和平,2023-02-02,9863
1626,艾美特-KY,8,0,8,元大-和平,2023-02-02,9863
3587,閎康,8,0,8,元大-和平,2023-02-02,9863
6129,普誠,18,11,7,元大-和平,2023-02-02,9863
1605,華新,17,10,7,元大-和平,2023-02-02,9863
00753L,中信中國50正2,7,0,7,元大-和平,2023-02-02,9863
00720B,元大投資級公司債,7,0,7,元大-和平,2023-02-02,9863
3038,全台,7,0,7,元大-和平,2023-02-02,9863
6485,點序,7,0,7,元大-和平,2023-02-02,9863
2884,玉山金,12,5,7,元大-和平,2023-02-02,9863
3481,群創,6,0,6,元大-和平,2023-02-02,9863
3293,鈊象,7,1,6,元大-和平,2023-02-02,9863
3406,玉晶光,6,0,6,元大-和平,2023-02-02,9863
2014,中鴻,7,1,6,元大-和平,2023-02-02,9863
6116,彩晶,820,0,820,元大-和平,2023-02-03,9863
00633L,富邦上証正2,107,0,107,元大-和平,2023-02-03,9863
00882,中信中國高股息,85,0,85,元大-和平,2023-02-03,9863
00878,國泰永續高股息,77,14,63,元大-和平,2023-02-03,9863
00679B,元大美債20年,66,11,55,元大-和平,2023-02-03,9863
2027,大成鋼,24,0,24,元大-和平,2023-02-03,9863
2882,國泰金,28,4,24,元大-和平,2023-02-03,9863
6147,頎邦,32,8,24,元大-和平,2023-02-03,9863
2482,連宇,35,13,22,元大-和平,2023-02-03,9863
00655L,國泰中國A50正2,30,10,20,元大-和平,2023-02-03,9863
1711,永光,20,1,19,元大-和平,2023-02-03,9863
00671R,富邦NASDAQ反1,15,0,15,元大-和平,2023-02-03,9863
2329,華泰,15,0,15,元大-和平,2023-02-03,9863
5009,榮剛,15,1,14,元大-和平,2023-02-03,9863
1305,華夏,13,0,13,元大-和平,2023-02-03,9863
6118,建達,35,23,12,元大-和平,2023-02-03,9863
2363,矽統,13,1,12,元大-和平,2023-02-03,9863
8924,大田,12,0,12,元大-和平,2023-02-03,9863
2603,長榮,25,14,11,元大-和平,2023-02-03,9863
3455,由田,11,0,11,元大-和平,2023-02-03,9863
00902,中信電池及儲能,13,2,11,元大-和平,2023-02-03,9863
3346,麗清,12,1,11,元大-和平,2023-02-03,9863
3704,合勤控,31,20,11,元大-和平,2023-02-03,9863
2317,鴻海,12,1,11,元大-和平,2023-02-03,9863
1795,美時,17,7,10,元大-和平,2023-02-03,9863
00921,兆豐龍頭等權重,10,0,10,元大-和平,2023-02-03,9863
2303,聯電,37,27,10,元大-和平,2023-02-03,9863
9945,潤泰新,10,0,10,元大-和平,2023-02-03,9863
3714,富采,10,0,10,元大-和平,2023-02-03,9863
2379,瑞昱,11,1,10,元大-和平,2023-02-03,9863
00752,中信中國50,10,0,10,元大-和平,2023-02-03,9863
1524,耿鼎,12,2,10,元大-和平,2023-02-03,9863
2515,中工,10,0,10,元大-和平,2023-02-03,9863
2637,慧洋-KY,11,1,10,元大-和平,2023-02-03,9863
1605,華新,19,9,10,元大-和平,2023-02-03,9863
1513,中興電,12,4,8,元大-和平,2023-02-03,9863
2891,中信金,10,2,8,元大-和平,2023-02-03,9863
6244,茂迪,8,0,8,元大-和平,2023-02-03,9863
1612,宏泰,8,0,8,元大-和平,2023-02-03,9863
2707,晶華,8,0,8,元大-和平,2023-02-03,9863
1301,台塑,7,0,7,元大-和平,2023-02-03,9863
3703,欣陸,7,0,7,元大-和平,2023-02-03,9863
8105,凌巨,7,0,7,元大-和平,2023-02-03,9863
2609,陽明,13,6,7,元大-和平,2023-02-03,9863
2388,威盛,8,2,6,元大-和平,2023-02-03,9863
00900,富邦特選高股息30,21,15,6,元大-和平,2023-02-03,9863
4979,華星光,7,1,6,元大-和平,2023-02-03,9863
2104,國際中橡,6,0,6,元大-和平,2023-02-03,9863
2313,華通,7,1,6,元大-和平,2023-02-03,9863
2886,兆豐金,6,0,6,元大-和平,2023-02-03,9863
00679B,元大美債20年,113,0,113,元大-和平,2023-02-06,9863
00878,國泰永續高股息,71,3,68,元大-和平,2023-02-06,9863
2356,英業達,70,10,60,元大-和平,2023-02-06,9863
4207,環泰,50,0,50,元大-和平,2023-02-06,9863
1605,華新,81,32,49,元大-和平,2023-02-06,9863
1524,耿鼎,42,4,38,元大-和平,2023-02-06,9863
2882,國泰金,37,4,33,元大-和平,2023-02-06,9863
1101,台泥,30,0,30,元大-和平,2023-02-06,9863
2312,金寶,30,1,29,元大-和平,2023-02-06,9863
3704,合勤控,30,2,28,元大-和平,2023-02-06,9863
3711,日月光投控,23,0,23,元大-和平,2023-02-06,9863
2929,淘帝-KY,41,19,22,元大-和平,2023-02-06,9863
6188,廣明,20,0,20,元大-和平,2023-02-06,9863
00655L,國泰中國A50正2,20,0,20,元大-和平,2023-02-06,9863
4155,訊映,20,0,20,元大-和平,2023-02-06,9863
8069,元太,25,6,19,元大-和平,2023-02-06,9863
2915,潤泰全,17,0,17,元大-和平,2023-02-06,9863
6245,立端,16,0,16,元大-和平,2023-02-06,9863
3419,譁裕,14,0,14,元大-和平,2023-02-06,9863
8227,巨有科技,15,1,14,元大-和平,2023-02-06,9863
00648R,元大S＆P500反1,13,0,13,元大-和平,2023-02-06,9863
2892,第一金,12,0,12,元大-和平,2023-02-06,9863
5009,榮剛,13,1,12,元大-和平,2023-02-06,9863
3037,欣興,14,2,12,元大-和平,2023-02-06,9863
2609,陽明,14,3,11,元大-和平,2023-02-06,9863
4130,健亞,17,6,11,元大-和平,2023-02-06,9863
5608,四維航,11,0,11,元大-和平,2023-02-06,9863
2303,聯電,12,1,11,元大-和平,2023-02-06,9863
2404,漢唐,10,0,10,元大-和平,2023-02-06,9863
00912,中信臺灣智慧50,10,0,10,元大-和平,2023-02-06,9863
1102,亞泥,10,0,10,元大-和平,2023-02-06,9863
3014,聯陽,10,0,10,元大-和平,2023-02-06,9863
3707,漢磊,12,2,10,元大-和平,2023-02-06,9863
6109,亞元,10,0,10,元大-和平,2023-02-06,9863
6118,建達,14,4,10,元大-和平,2023-02-06,9863
1762,中化生,9,0,9,元大-和平,2023-02-06,9863
2498,宏達電,49,40,9,元大-和平,2023-02-06,9863
2603,長榮,10,2,8,元大-和平,2023-02-06,9863
2201,裕隆,10,2,8,元大-和平,2023-02-06,9863
1591,駿吉-KY,10,2,8,元大-和平,2023-02-06,9863
2884,玉山金,8,0,8,元大-和平,2023-02-06,9863
2891,中信金,10,2,8,元大-和平,2023-02-06,9863
2482,連宇,43,35,8,元大-和平,2023-02-06,9863
3454,晶睿,8,1,7,元大-和平,2023-02-06,9863
9945,潤泰新,7,0,7,元大-和平,2023-02-06,9863
3006,晶豪科,7,0,7,元大-和平,2023-02-06,9863
00772B,中信高評級公司債,7,0,7,元大-和平,2023-02-06,9863
00893,國泰智能電動車,7,0,7,元大-和平,2023-02-06,9863
2888,新光金,10,3,7,元大-和平,2023-02-06,9863
2330,台積電,12,5,7,元大-和平,2023-02-06,9863
00885,富邦越南,200,5,195,元大-和平,2023-02-07,9863
00637L,元大滬深300正2,130,30,100,元大-和平,2023-02-07,9863
6116,彩晶,81,0,81,元大-和平,2023-02-07,9863
2618,長榮航,63,4,59,元大-和平,2023-02-07,9863
2888,新光金,52,0,52,元大-和平,2023-02-07,9863
6609,瀧澤科,40,0,40,元大-和平,2023-02-07,9863
1591,駿吉-KY,33,2,31,元大-和平,2023-02-07,9863
2356,英業達,30,0,30,元大-和平,2023-02-07,9863
2929,淘帝-KY,30,0,30,元大-和平,2023-02-07,9863
5905,南仁湖,30,0,30,元大-和平,2023-02-07,9863
2610,華航,28,0,28,元大-和平,2023-02-07,9863
2312,金寶,25,0,25,元大-和平,2023-02-07,9863
6441,廣錠,23,2,21,元大-和平,2023-02-07,9863
2882,國泰金,21,2,19,元大-和平,2023-02-07,9863
2330,台積電,17,2,15,元大-和平,2023-02-07,9863
00752,中信中國50,14,0,14,元大-和平,2023-02-07,9863
6235,華孚,21,8,13,元大-和平,2023-02-07,9863
00632R,元大台灣50反1,12,0,12,元大-和平,2023-02-07,9863
4953,緯軟,12,0,12,元大-和平,2023-02-07,9863
8069,元太,13,2,11,元大-和平,2023-02-07,9863
8171,天宇,22,11,11,元大-和平,2023-02-07,9863
6213,聯茂,10,0,10,元大-和平,2023-02-07,9863
2344,華邦電,10,0,10,元大-和平,2023-02-07,9863
1524,耿鼎,10,0,10,元大-和平,2023-02-07,9863
2302,麗正,10,0,10,元大-和平,2023-02-07,9863
3317,尼克森,10,0,10,元大-和平,2023-02-07,9863
5902,德記,10,0,10,元大-和平,2023-02-07,9863
6109,亞元,10,0,10,元大-和平,2023-02-07,9863
00878,國泰永續高股息,19,10,9,元大-和平,2023-02-07,9863
3006,晶豪科,12,3,9,元大-和平,2023-02-07,9863
8227,巨有科技,10,2,8,元大-和平,2023-02-07,9863
6488,環球晶,7,0,7,元大-和平,2023-02-07,9863
2498,宏達電,9,2,7,元大-和平,2023-02-07,9863
2891,中信金,7,0,7,元大-和平,2023-02-07,9863
6104,創惟,8,1,7,元大-和平,2023-02-07,9863
2104,國際中橡,7,0,7,元大-和平,2023-02-07,9863
2201,裕隆,11,4,7,元大-和平,2023-02-07,9863
2884,玉山金,7,0,7,元大-和平,2023-02-07,9863
00679B,元大美債20年,7,1,6,元大-和平,2023-02-07,9863
6781,AES-KY,6,0,6,元大-和平,2023-02-07,9863
00773B,中信優先金融債,8,2,6,元大-和平,2023-02-07,9863
00712,復華富時不動產,6,0,6,元大-和平,2023-02-07,9863
00720B,元大投資級公司債,7,1,6,元大-和平,2023-02-07,9863
2313,華通,6,0,6,元大-和平,2023-02-07,9863
3706,神達,10,4,6,元大-和平,2023-02-07,9863
4163,鐿鈦,6,0,6,元大-和平,2023-02-07,9863
8436,大江,5,0,5,元大-和平,2023-02-07,9863
00751B,元大AAA至A公司債,5,0,5,元大-和平,2023-02-07,9863
1336,台翰,5,0,5,元大-和平,2023-02-07,9863
1612,宏泰,5,0,5,元大-和平,2023-02-07,9863
00679B,元大美債20年,136,0,136,元大-和平,2023-02-08,9863
00885,富邦越南,106,0,106,元大-和平,2023-02-08,9863
0056,元大高股息,115,14,101,元大-和平,2023-02-08,9863
2603,長榮,83,1,82,元大-和平,2023-02-08,9863
00878,國泰永續高股息,63,1,62,元大-和平,2023-02-08,9863
4207,環泰,50,1,49,元大-和平,2023-02-08,9863
6282,康舒,45,12,33,元大-和平,2023-02-08,9863
2884,玉山金,32,1,31,元大-和平,2023-02-08,9863
3441,聯一光,30,0,30,元大-和平,2023-02-08,9863
00905,FT臺灣Smart,29,0,29,元大-和平,2023-02-08,9863
2618,長榮航,42,14,28,元大-和平,2023-02-08,9863
2376,技嘉,120,93,27,元大-和平,2023-02-08,9863
4114,健喬,40,15,25,元大-和平,2023-02-08,9863
1524,耿鼎,25,1,24,元大-和平,2023-02-08,9863
1591,駿吉-KY,23,0,23,元大-和平,2023-02-08,9863
3706,神達,25,3,22,元大-和平,2023-02-08,9863
00637L,元大滬深300正2,20,0,20,元大-和平,2023-02-08,9863
00673R,期元大S＆P原油反1,20,0,20,元大-和平,2023-02-08,9863
3231,緯創,25,5,20,元大-和平,2023-02-08,9863
5608,四維航,20,2,18,元大-和平,2023-02-08,9863
6152,百一,15,0,15,元大-和平,2023-02-08,9863
8933,愛地雅,15,0,15,元大-和平,2023-02-08,9863
2885,元大金,14,0,14,元大-和平,2023-02-08,9863
00772B,中信高評級公司債,13,0,13,元大-和平,2023-02-08,9863
6668,中揚光,12,0,12,元大-和平,2023-02-08,9863
8215,明基材,12,0,12,元大-和平,2023-02-08,9863
3576,聯合再生,12,0,12,元大-和平,2023-02-08,9863
1519,華城,13,2,11,元大-和平,2023-02-08,9863
2337,旺宏,10,0,10,元大-和平,2023-02-08,9863
2363,矽統,10,0,10,元大-和平,2023-02-08,9863
2412,中華電,10,0,10,元大-和平,2023-02-08,9863
2497,怡利電,10,0,10,元大-和平,2023-02-08,9863
3162,精確,10,0,10,元大-和平,2023-02-08,9863
5351,鈺創,16,6,10,元大-和平,2023-02-08,9863
8429,金麗-KY,10,0,10,元大-和平,2023-02-08,9863
1605,華新,15,6,9,元大-和平,2023-02-08,9863
2338,光罩,17,8,9,元大-和平,2023-02-08,9863
2450,神腦,9,0,9,元大-和平,2023-02-08,9863
3176,基亞,9,0,9,元大-和平,2023-02-08,9863
8261,富鼎,10,2,8,元大-和平,2023-02-08,9863
2886,兆豐金,8,0,8,元大-和平,2023-02-08,9863
2317,鴻海,7,0,7,元大-和平,2023-02-08,9863
6509,聚和,9,2,7,元大-和平,2023-02-08,9863
00720B,元大投資級公司債,7,0,7,元大-和平,2023-02-08,9863
00648R,元大S＆P500反1,7,0,7,元大-和平,2023-02-08,9863
2354,鴻準,7,0,7,元大-和平,2023-02-08,9863
2727,王品,7,0,7,元大-和平,2023-02-08,9863
6550,北極星藥業-KY,9,3,6,元大-和平,2023-02-08,9863
00773B,中信優先金融債,6,0,6,元大-和平,2023-02-08,9863
00882,中信中國高股息,6,0,6,元大-和平,2023-02-08,9863
4114,健喬,741,4,737,元大-和平,2023-02-09,9863
1605,華新,104,11,93,元大-和平,2023-02-09,9863
00878,國泰永續高股息,95,2,93,元大-和平,2023-02-09,9863
6609,瀧澤科,75,0,75,元大-和平,2023-02-09,9863
00885,富邦越南,50,0,50,元大-和平,2023-02-09,9863
5203,訊連,45,1,44,元大-和平,2023-02-09,9863
4128,中天,36,4,32,元大-和平,2023-02-09,9863
1609,大亞,51,21,30,元大-和平,2023-02-09,9863
3059,華晶科,30,0,30,元大-和平,2023-02-09,9863
6147,頎邦,31,3,28,元大-和平,2023-02-09,9863
2388,威盛,36,14,22,元大-和平,2023-02-09,9863
2618,長榮航,20,1,19,元大-和平,2023-02-09,9863
8016,矽創,17,0,17,元大-和平,2023-02-09,9863
4747,強生,17,0,17,元大-和平,2023-02-09,9863
2344,華邦電,22,6,16,元大-和平,2023-02-09,9863
6235,華孚,57,41,16,元大-和平,2023-02-09,9863
3481,群創,23,9,14,元大-和平,2023-02-09,9863
2412,中華電,11,0,11,元大-和平,2023-02-09,9863
2888,新光金,11,0,11,元大-和平,2023-02-09,9863
3710,連展投控,23,12,11,元大-和平,2023-02-09,9863
6213,聯茂,11,0,11,元大-和平,2023-02-09,9863
2497,怡利電,10,0,10,元大-和平,2023-02-09,9863
1584,精剛,14,4,10,元大-和平,2023-02-09,9863
1591,駿吉-KY,10,0,10,元大-和平,2023-02-09,9863
2916,滿心,10,0,10,元大-和平,2023-02-09,9863
3704,合勤控,10,0,10,元大-和平,2023-02-09,9863
4503,金雨,10,0,10,元大-和平,2023-02-09,9863
6695,芯鼎,10,0,10,元大-和平,2023-02-09,9863
2368,金像電,9,0,9,元大-和平,2023-02-09,9863
3706,神達,12,3,9,元大-和平,2023-02-09,9863
4960,誠美材,10,1,9,元大-和平,2023-02-09,9863
5475,德宏,13,4,9,元大-和平,2023-02-09,9863
6411,晶焱,20,11,9,元大-和平,2023-02-09,9863
6708,天擎,9,0,9,元大-和平,2023-02-09,9863
00900,富邦特選高股息30,8,0,8,元大-和平,2023-02-09,9863
3711,日月光投控,10,2,8,元大-和平,2023-02-09,9863
00679B,元大美債20年,7,0,7,元大-和平,2023-02-09,9863
6441,廣錠,15,8,7,元大-和平,2023-02-09,9863
4919,新唐,6,0,6,元大-和平,2023-02-09,9863
1808,潤隆,6,0,6,元大-和平,2023-02-09,9863
2610,華航,8,2,6,元大-和平,2023-02-09,9863
3624,光頡,8,2,6,元大-和平,2023-02-09,9863
5309,系統電,13,7,6,元大-和平,2023-02-09,9863
8033,雷虎,12,6,6,元大-和平,2023-02-09,9863
1795,美時,30,25,5,元大-和平,2023-02-09,9863
00678,群益那斯達克生技,5,0,5,元大-和平,2023-02-09,9863
3232,昱捷,5,0,5,元大-和平,2023-02-09,9863
6443,元晶,8,3,5,元大-和平,2023-02-09,9863
6806,森崴能源,5,0,5,元大-和平,2023-02-09,9863
8215,明基材,5,0,5,元大-和平,2023-02-09,9863
00679B,元大美債20年,143,0,143,元大-和平,2023-02-10,9863
2618,長榮航,162,35,127,元大-和平,2023-02-10,9863
0056,元大高股息,102,4,98,元大-和平,2023-02-10,9863
1605,華新,120,28,92,元大-和平,2023-02-10,9863
4906,正文,92,0,92,元大-和平,2023-02-10,9863
6770,力積電,60,3,57,元大-和平,2023-02-10,9863
00878,國泰永續高股息,59,2,57,元大-和平,2023-02-10,9863
2883,凱基金,50,1,49,元大-和平,2023-02-10,9863
5009,榮剛,41,7,34,元大-和平,2023-02-10,9863
00885,富邦越南,35,1,34,元大-和平,2023-02-10,9863
00632R,元大台灣50反1,33,0,33,元大-和平,2023-02-10,9863
6443,元晶,33,1,32,元大-和平,2023-02-10,9863
6670,復盛應用,30,0,30,元大-和平,2023-02-10,9863
1104,環泥,29,0,29,元大-和平,2023-02-10,9863
3704,合勤控,29,0,29,元大-和平,2023-02-10,9863
6609,瀧澤科,30,2,28,元大-和平,2023-02-10,9863
2413,環科,30,4,26,元大-和平,2023-02-10,9863
1513,中興電,28,4,24,元大-和平,2023-02-10,9863
8227,巨有科技,28,5,23,元大-和平,2023-02-10,9863
6123,上奇,25,3,22,元大-和平,2023-02-10,9863
5608,四維航,21,0,21,元大-和平,2023-02-10,9863
2634,漢翔,62,42,20,元大-和平,2023-02-10,9863
3037,欣興,19,0,19,元大-和平,2023-02-10,9863
2409,友達,22,5,17,元大-和平,2023-02-10,9863
2009,第一銅,18,1,17,元大-和平,2023-02-10,9863
00751B,元大AAA至A公司債,16,0,16,元大-和平,2023-02-10,9863
5258,虹堡,15,0,15,元大-和平,2023-02-10,9863
6116,彩晶,16,1,15,元大-和平,2023-02-10,9863
1524,耿鼎,15,0,15,元大-和平,2023-02-10,9863
2607,榮運,15,1,14,元大-和平,2023-02-10,9863
5203,訊連,14,0,14,元大-和平,2023-02-10,9863
6152,百一,14,0,14,元大-和平,2023-02-10,9863
2027,大成鋼,13,0,13,元大-和平,2023-02-10,9863
2888,新光金,14,1,13,元大-和平,2023-02-10,9863
2401,凌陽,12,0,12,元大-和平,2023-02-10,9863
2880,華南金,13,1,12,元大-和平,2023-02-10,9863
3042,晶技,13,1,12,元大-和平,2023-02-10,9863
4915,致伸,15,4,11,元大-和平,2023-02-10,9863
8050,廣積,11,0,11,元大-和平,2023-02-10,9863
4743,合一,18,7,11,元大-和平,2023-02-10,9863
2498,宏達電,17,7,10,元大-和平,2023-02-10,9863
00678,群益那斯達克生技,10,0,10,元大-和平,2023-02-10,9863
2376,技嘉,10,0,10,元大-和平,2023-02-10,9863
2630,亞航,10,0,10,元大-和平,2023-02-10,9863
8996,高力,21,11,10,元大-和平,2023-02-10,9863
2497,怡利電,30,21,9,元大-和平,2023-02-10,9863
3710,連展投控,11,2,9,元大-和平,2023-02-10,9863
8215,明基材,10,1,9,元大-和平,2023-02-10,9863
6806,森崴能源,27,19,8,元大-和平,2023-02-10,9863
4968,立積,10,2,8,元大-和平,2023-02-10,9863
00878,國泰永續高股息,94,0,94,元大-和平,2023-02-13,9863
00882,中信中國高股息,87,0,87,元大-和平,2023-02-13,9863
00900,富邦特選高股息30,42,0,42,元大-和平,2023-02-13,9863
2618,長榮航,32,0,32,元大-和平,2023-02-13,9863
0056,元大高股息,31,3,28,元大-和平,2023-02-13,9863
00885,富邦越南,26,0,26,元大-和平,2023-02-13,9863
2610,華航,23,0,23,元大-和平,2023-02-13,9863
00679B,元大美債20年,22,0,22,元大-和平,2023-02-13,9863
00673R,期元大S＆P原油反1,22,0,22,元大-和平,2023-02-13,9863
00891,中信關鍵半導體,25,5,20,元大-和平,2023-02-13,9863
3481,群創,19,0,19,元大-和平,2023-02-13,9863
5608,四維航,20,1,19,元大-和平,2023-02-13,9863
1795,美時,37,21,16,元大-和平,2023-02-13,9863
2609,陽明,17,1,16,元大-和平,2023-02-13,9863
3455,由田,14,0,14,元大-和平,2023-02-13,9863
6770,力積電,12,0,12,元大-和平,2023-02-13,9863
2409,友達,15,3,12,元大-和平,2023-02-13,9863
1513,中興電,15,3,12,元大-和平,2023-02-13,9863
2393,億光,11,0,11,元大-和平,2023-02-13,9863
00912,中信臺灣智慧50,10,0,10,元大-和平,2023-02-13,9863
1104,環泥,10,0,10,元大-和平,2023-02-13,9863
1437,勤益控,10,0,10,元大-和平,2023-02-13,9863
1701,中化,17,7,10,元大-和平,2023-02-13,9863
4953,緯軟,10,0,10,元大-和平,2023-02-13,9863
6152,百一,10,0,10,元大-和平,2023-02-13,9863
3057,喬鼎,9,0,9,元大-和平,2023-02-13,9863
6509,聚和,8,0,8,元大-和平,2023-02-13,9863
6865,偉康科技,8,0,8,元大-和平,2023-02-13,9863
6235,華孚,20,13,7,元大-和平,2023-02-13,9863
1312,國喬,7,0,7,元大-和平,2023-02-13,9863
2453,凌群,19,12,7,元大-和平,2023-02-13,9863
2454,聯發科,6,0,6,元大-和平,2023-02-13,9863
2344,華邦電,7,1,6,元大-和平,2023-02-13,9863
1234,黑松,7,1,6,元大-和平,2023-02-13,9863
2597,潤弘,6,0,6,元大-和平,2023-02-13,9863
00772B,中信高評級公司債,5,0,5,元大-和平,2023-02-13,9863
00720B,元大投資級公司債,5,0,5,元大-和平,2023-02-13,9863
6719,力智,5,0,5,元大-和平,2023-02-13,9863
00751B,元大AAA至A公司債,5,0,5,元大-和平,2023-02-13,9863
1301,台塑,5,0,5,元大-和平,2023-02-13,9863
3710,連展投控,7,2,5,元大-和平,2023-02-13,9863
4726,永昕,5,0,5,元大-和平,2023-02-13,9863
5009,榮剛,5,0,5,元大-和平,2023-02-13,9863
5203,訊連,10,5,5,元大-和平,2023-02-13,9863
6592,和潤企業,5,0,5,元大-和平,2023-02-13,9863
5371,中光電,8,3,5,元大-和平,2023-02-13,9863
1584,精剛,13,8,5,元大-和平,2023-02-13,9863
2338,光罩,4,0,4,元大-和平,2023-02-13,9863
00696B,富邦美債20年,4,0,4,元大-和平,2023-02-13,9863
00773B,中信優先金融債,4,0,4,元大-和平,2023-02-13,9863
1605,華新,126,7,119,元大-和平,2023-02-14,9863
00637L,元大滬深300正2,44,0,44,元大-和平,2023-02-14,9863
2453,凌群,68,37,31,元大-和平,2023-02-14,9863
3704,合勤控,33,6,27,元大-和平,2023-02-14,9863
00900,富邦特選高股息30,25,0,25,元大-和平,2023-02-14,9863
1513,中興電,28,7,21,元大-和平,2023-02-14,9863
6271,同欣電,20,0,20,元大-和平,2023-02-14,9863
2883,凱基金,19,0,19,元大-和平,2023-02-14,9863
6517,保勝光學,16,0,16,元大-和平,2023-02-14,9863
00679B,元大美債20年,15,0,15,元大-和平,2023-02-14,9863
1708,東鹼,15,0,15,元大-和平,2023-02-14,9863
1783,和康生,14,0,14,元大-和平,2023-02-14,9863
8222,寶一,16,2,14,元大-和平,2023-02-14,9863
1701,中化,15,2,13,元大-和平,2023-02-14,9863
2201,裕隆,13,0,13,元大-和平,2023-02-14,9863
2338,光罩,14,1,13,元大-和平,2023-02-14,9863
3710,連展投控,13,0,13,元大-和平,2023-02-14,9863
4938,和碩,13,0,13,元大-和平,2023-02-14,9863
2634,漢翔,17,4,13,元大-和平,2023-02-14,9863
00673R,期元大S＆P原油反1,12,0,12,元大-和平,2023-02-14,9863
5410,國眾,11,0,11,元大-和平,2023-02-14,9863
2342,茂矽,10,0,10,元大-和平,2023-02-14,9863
00903,富邦元宇宙,10,0,10,元大-和平,2023-02-14,9863
00882,中信中國高股息,10,0,10,元大-和平,2023-02-14,9863
1409,新纖,10,0,10,元大-和平,2023-02-14,9863
1437,勤益控,10,0,10,元大-和平,2023-02-14,9863
5203,訊連,10,0,10,元大-和平,2023-02-14,9863
3128,昇銳,12,2,10,元大-和平,2023-02-14,9863
6282,康舒,12,3,9,元大-和平,2023-02-14,9863
2884,玉山金,9,1,8,元大-和平,2023-02-14,9863
00878,國泰永續高股息,93,85,8,元大-和平,2023-02-14,9863
4919,新唐,8,0,8,元大-和平,2023-02-14,9863
6182,合晶,8,0,8,元大-和平,2023-02-14,9863
6188,廣明,8,0,8,元大-和平,2023-02-14,9863
8105,凌巨,9,2,7,元大-和平,2023-02-14,9863
8016,矽創,7,0,7,元大-和平,2023-02-14,9863
4104,佳醫,7,0,7,元大-和平,2023-02-14,9863
6147,頎邦,7,0,7,元大-和平,2023-02-14,9863
00772B,中信高評級公司債,6,0,6,元大-和平,2023-02-14,9863
2313,華通,6,0,6,元大-和平,2023-02-14,9863
6643,M31,7,1,6,元大-和平,2023-02-14,9863
5371,中光電,5,0,5,元大-和平,2023-02-14,9863
00632R,元大台灣50反1,5,0,5,元大-和平,2023-02-14,9863
00669R,國泰美國道瓊反1,5,0,5,元大-和平,2023-02-14,9863
2497,怡利電,5,0,5,元大-和平,2023-02-14,9863
2731,雄獅,12,7,5,元大-和平,2023-02-14,9863
3624,光頡,8,3,5,元大-和平,2023-02-14,9863
3703,欣陸,5,0,5,元大-和平,2023-02-14,9863
6405,悅城,5,0,5,元大-和平,2023-02-14,9863
1524,耿鼎,5,0,5,元大-和平,2023-02-14,9863
00878,國泰永續高股息,265,9,256,元大-和平,2023-02-15,9863
00679B,元大美債20年,107,3,104,元大-和平,2023-02-15,9863
00676R,富邦臺灣加權反1,100,0,100,元大-和平,2023-02-15,9863
1605,華新,84,32,52,元大-和平,2023-02-15,9863
2834,臺企銀,41,0,41,元大-和平,2023-02-15,9863
2801,彰銀,41,0,41,元大-和平,2023-02-15,9863
4126,太醫,32,0,32,元大-和平,2023-02-15,9863
6443,元晶,30,0,30,元大-和平,2023-02-15,9863
6180,橘子,24,0,24,元大-和平,2023-02-15,9863
00900,富邦特選高股息30,26,2,24,元大-和平,2023-02-15,9863
5410,國眾,22,0,22,元大-和平,2023-02-15,9863
0056,元大高股息,31,10,21,元大-和平,2023-02-15,9863
1524,耿鼎,25,4,21,元大-和平,2023-02-15,9863
3494,誠研,21,0,21,元大-和平,2023-02-15,9863
2609,陽明,20,0,20,元大-和平,2023-02-15,9863
2027,大成鋼,21,1,20,元大-和平,2023-02-15,9863
2882,國泰金,23,5,18,元大-和平,2023-02-15,9863
3221,台嘉碩,20,5,15,元大-和平,2023-02-15,9863
5203,訊連,15,0,15,元大-和平,2023-02-15,9863
6517,保勝光學,16,1,15,元大-和平,2023-02-15,9863
9802,鈺齊-KY,15,0,15,元大-和平,2023-02-15,9863
00655L,國泰中國A50正2,20,7,13,元大-和平,2023-02-15,9863
6609,瀧澤科,13,0,13,元大-和平,2023-02-15,9863
00882,中信中國高股息,12,0,12,元大-和平,2023-02-15,9863
6188,廣明,12,0,12,元大-和平,2023-02-15,9863
1301,台塑,12,0,12,元大-和平,2023-02-15,9863
00637L,元大滬深300正2,11,0,11,元大-和平,2023-02-15,9863
6257,矽格,11,0,11,元大-和平,2023-02-15,9863
2009,第一銅,10,0,10,元大-和平,2023-02-15,9863
2330,台積電,35,25,10,元大-和平,2023-02-15,9863
9914,美利達,10,0,10,元大-和平,2023-02-15,9863
2206,三陽工業,14,4,10,元大-和平,2023-02-15,9863
2892,第一金,10,0,10,元大-和平,2023-02-15,9863
8222,寶一,13,4,9,元大-和平,2023-02-15,9863
6605,帝寶,10,1,9,元大-和平,2023-02-15,9863
1519,華城,18,9,9,元大-和平,2023-02-15,9863
2363,矽統,10,1,9,元大-和平,2023-02-15,9863
4130,健亞,10,1,9,元大-和平,2023-02-15,9863
6101,寬魚國際,9,0,9,元大-和平,2023-02-15,9863
0050,元大台灣50,10,1,9,元大-和平,2023-02-15,9863
2369,菱生,8,0,8,元大-和平,2023-02-15,9863
5258,虹堡,9,1,8,元大-和平,2023-02-15,9863
2337,旺宏,10,2,8,元大-和平,2023-02-15,9863
2890,永豐金,6,0,6,元大-和平,2023-02-15,9863
00633L,富邦上証正2,6,0,6,元大-和平,2023-02-15,9863
3264,欣銓,6,0,6,元大-和平,2023-02-15,9863
4931,新盛力,9,3,6,元大-和平,2023-02-15,9863
3703,欣陸,5,0,5,元大-和平,2023-02-15,9863
2603,長榮,6,1,5,元大-和平,2023-02-15,9863
00720B,元大投資級公司債,5,0,5,元大-和平,2023-02-15,9863
3532,台勝科,150,0,150,元大-和平,2023-02-16,9863
00632R,元大台灣50反1,141,7,134,元大-和平,2023-02-16,9863
6770,力積電,81,2,79,元大-和平,2023-02-16,9863
00878,國泰永續高股息,70,0,70,元大-和平,2023-02-16,9863
1605,華新,117,54,63,元大-和平,2023-02-16,9863
6168,宏齊,60,0,60,元大-和平,2023-02-16,9863
00679B,元大美債20年,52,0,52,元大-和平,2023-02-16,9863
3105,穩懋,67,40,27,元大-和平,2023-02-16,9863
1513,中興電,75,53,22,元大-和平,2023-02-16,9863
2888,新光金,21,0,21,元大-和平,2023-02-16,9863
8261,富鼎,23,4,19,元大-和平,2023-02-16,9863
9945,潤泰新,15,0,15,元大-和平,2023-02-16,9863
2063,世鎧,17,4,13,元大-和平,2023-02-16,9863
1609,大亞,20,8,12,元大-和平,2023-02-16,9863
6235,華孚,23,11,12,元大-和平,2023-02-16,9863
00772B,中信高評級公司債,11,0,11,元大-和平,2023-02-16,9863
00751B,元大AAA至A公司債,11,0,11,元大-和平,2023-02-16,9863
8222,寶一,21,11,10,元大-和平,2023-02-16,9863
00655L,國泰中國A50正2,10,0,10,元大-和平,2023-02-16,9863
1524,耿鼎,10,0,10,元大-和平,2023-02-16,9863
2412,中華電,10,0,10,元大-和平,2023-02-16,9863
2542,興富發,10,0,10,元大-和平,2023-02-16,9863
2867,三商壽,10,0,10,元大-和平,2023-02-16,9863
4114,健喬,12,2,10,元大-和平,2023-02-16,9863
4155,訊映,10,0,10,元大-和平,2023-02-16,9863
3706,神達,9,0,9,元大-和平,2023-02-16,9863
5203,訊連,9,0,9,元大-和平,2023-02-16,9863
3027,盛達,39,30,9,元大-和平,2023-02-16,9863
00885,富邦越南,7,0,7,元大-和平,2023-02-16,9863
4919,新唐,8,1,7,元大-和平,2023-02-16,9863
9940,信義,7,0,7,元大-和平,2023-02-16,9863
2884,玉山金,10,3,7,元大-和平,2023-02-16,9863
00903,富邦元宇宙,6,0,6,元大-和平,2023-02-16,9863
1784,訊聯,9,3,6,元大-和平,2023-02-16,9863
2363,矽統,6,0,6,元大-和平,2023-02-16,9863
3494,誠研,6,0,6,元大-和平,2023-02-16,9863
3714,富采,7,1,6,元大-和平,2023-02-16,9863
5871,中租-KY,5,0,5,元大-和平,2023-02-16,9863
5309,系統電,5,0,5,元大-和平,2023-02-16,9863
00715L,期街口布蘭特正2,5,0,5,元大-和平,2023-02-16,9863
2329,華泰,5,0,5,元大-和平,2023-02-16,9863
2368,金像電,7,2,5,元大-和平,2023-02-16,9863
2489,瑞軒,5,0,5,元大-和平,2023-02-16,9863
3062,建漢,15,10,5,元大-和平,2023-02-16,9863
3711,日月光投控,5,0,5,元大-和平,2023-02-16,9863
5009,榮剛,10,5,5,元大-和平,2023-02-16,9863
6123,上奇,5,0,5,元大-和平,2023-02-16,9863
6182,合晶,17,12,5,元大-和平,2023-02-16,9863
6269,台郡,5,0,5,元大-和平,2023-02-16,9863
8033,雷虎,5,0,5,元大-和平,2023-02-16,9863
00878,國泰永續高股息,190,5,185,元大-和平,2023-02-17,9863
2834,臺企銀,110,2,108,元大-和平,2023-02-17,9863
3034,聯詠,87,13,74,元大-和平,2023-02-17,9863
2618,長榮航,77,18,59,元大-和平,2023-02-17,9863
00679B,元大美債20年,57,0,57,元大-和平,2023-02-17,9863
1605,華新,102,56,46,元大-和平,2023-02-17,9863
8222,寶一,47,2,45,元大-和平,2023-02-17,9863
00637L,元大滬深300正2,40,0,40,元大-和平,2023-02-17,9863
8105,凌巨,40,1,39,元大-和平,2023-02-17,9863
2027,大成鋼,36,0,36,元大-和平,2023-02-17,9863
3704,合勤控,40,6,34,元大-和平,2023-02-17,9863
2892,第一金,30,0,30,元大-和平,2023-02-17,9863
2412,中華電,25,0,25,元大-和平,2023-02-17,9863
0056,元大高股息,23,0,23,元大-和平,2023-02-17,9863
2330,台積電,30,8,22,元大-和平,2023-02-17,9863
2375,凱美,20,2,18,元大-和平,2023-02-17,9863
5905,南仁湖,17,0,17,元大-和平,2023-02-17,9863
4961,天鈺,26,10,16,元大-和平,2023-02-17,9863
2436,偉詮電,17,2,15,元大-和平,2023-02-17,9863
2344,華邦電,16,2,14,元大-和平,2023-02-17,9863
1447,力鵬,15,2,13,元大-和平,2023-02-17,9863
3711,日月光投控,13,1,12,元大-和平,2023-02-17,9863
3027,盛達,24,12,12,元大-和平,2023-02-17,9863
1101,台泥,21,9,12,元大-和平,2023-02-17,9863
00632R,元大台灣50反1,11,0,11,元大-和平,2023-02-17,9863
00902,中信電池及儲能,11,0,11,元大-和平,2023-02-17,9863
2201,裕隆,16,5,11,元大-和平,2023-02-17,9863
2603,長榮,10,0,10,元大-和平,2023-02-17,9863
00678,群益那斯達克生技,10,0,10,元大-和平,2023-02-17,9863
2637,慧洋-KY,10,0,10,元大-和平,2023-02-17,9863
3058,立德,10,0,10,元大-和平,2023-02-17,9863
2332,友訊,30,20,10,元大-和平,2023-02-17,9863
00772B,中信高評級公司債,10,0,10,元大-和平,2023-02-17,9863
00893,國泰智能電動車,10,1,9,元大-和平,2023-02-17,9863
2606,裕民,10,1,9,元大-和平,2023-02-17,9863
5340,建榮,10,1,9,元大-和平,2023-02-17,9863
6288,聯嘉,9,0,9,元大-和平,2023-02-17,9863
6477,安集,11,2,9,元大-和平,2023-02-17,9863
3545,敦泰,10,1,9,元大-和平,2023-02-17,9863
00773B,中信優先金融債,8,0,8,元大-和平,2023-02-17,9863
3714,富采,13,5,8,元大-和平,2023-02-17,9863
8938,明安,11,3,8,元大-和平,2023-02-17,9863
3022,威強電,13,5,8,元大-和平,2023-02-17,9863
4931,新盛力,32,25,7,元大-和平,2023-02-17,9863
4968,立積,6,0,6,元大-和平,2023-02-17,9863
00673R,期元大S＆P原油反1,12,6,6,元大-和平,2023-02-17,9863
1591,駿吉-KY,7,1,6,元大-和平,2023-02-17,9863
2453,凌群,10,4,6,元大-和平,2023-02-17,9863
5203,訊連,10,4,6,元大-和平,2023-02-17,9863
3592,瑞鼎,7,1,6,元大-和平,2023-02-17,9863
1605,華新,122,27,95,元大-和平,2023-02-20,9863
3481,群創,167,103,64,元大-和平,2023-02-20,9863
2834,臺企銀,82,19,63,元大-和平,2023-02-20,9863
00878,國泰永續高股息,94,41,53,元大-和平,2023-02-20,9863
2312,金寶,62,21,41,元大-和平,2023-02-20,9863
6282,康舒,41,7,34,元大-和平,2023-02-20,9863
6456,GIS-KY,33,1,32,元大-和平,2023-02-20,9863
1437,勤益控,31,0,31,元大-和平,2023-02-20,9863
00670L,富邦NASDAQ正2,30,0,30,元大-和平,2023-02-20,9863
6235,華孚,44,19,25,元大-和平,2023-02-20,9863
00637L,元大滬深300正2,46,22,24,元大-和平,2023-02-20,9863
2371,大同,32,9,23,元大-和平,2023-02-20,9863
00679B,元大美債20年,26,3,23,元大-和平,2023-02-20,9863
2637,慧洋-KY,23,2,21,元大-和平,2023-02-20,9863
2324,仁寶,20,0,20,元大-和平,2023-02-20,9863
6205,詮欣,33,13,20,元大-和平,2023-02-20,9863
2323,中環,26,6,20,元大-和平,2023-02-20,9863
6285,啟��,20,0,20,元大-和平,2023-02-20,9863
1103,嘉泥,20,1,19,元大-和平,2023-02-20,9863
2401,凌陽,21,2,19,元大-和平,2023-02-20,9863
6123,上奇,20,4,16,元大-和平,2023-02-20,9863
6290,良維,16,0,16,元大-和平,2023-02-20,9863
6411,晶焱,15,0,15,元大-和平,2023-02-20,9863
1101,台泥,25,10,15,元大-和平,2023-02-20,9863
2344,華邦電,16,2,14,元大-和平,2023-02-20,9863
4743,合一,20,6,14,元大-和平,2023-02-20,9863
6245,立端,22,10,12,元大-和平,2023-02-20,9863
2472,立隆電,14,2,12,元大-和平,2023-02-20,9863
2369,菱生,12,1,11,元大-和平,2023-02-20,9863
2743,山富,11,0,11,元大-和平,2023-02-20,9863
3710,連展投控,18,7,11,元大-和平,2023-02-20,9863
4148,全宇生技-KY,11,0,11,元大-和平,2023-02-20,9863
0056,元大高股息,13,2,11,元大-和平,2023-02-20,9863
1609,大亞,31,20,11,元大-和平,2023-02-20,9863
2436,偉詮電,10,0,10,元大-和平,2023-02-20,9863
2476,鉅祥,10,0,10,元大-和平,2023-02-20,9863
2701,萬企,10,0,10,元大-和平,2023-02-20,9863
3362,先進光,10,0,10,元大-和平,2023-02-20,9863
6443,元晶,11,1,10,元大-和平,2023-02-20,9863
6578,達邦蛋白,10,0,10,元大-和平,2023-02-20,9863
8084,巨虹,10,0,10,元大-和平,2023-02-20,9863
2884,玉山金,22,12,10,元大-和平,2023-02-20,9863
6741,91APP*-KY,12,3,9,元大-和平,2023-02-20,9863
5351,鈺創,11,3,8,元大-和平,2023-02-20,9863
1312,國喬,8,0,8,元大-和平,2023-02-20,9863
6541,泰福-KY,8,0,8,元大-和平,2023-02-20,9863
00902,中信電池及儲能,7,0,7,元大-和平,2023-02-20,9863
4128,中天,10,3,7,元大-和平,2023-02-20,9863
5340,建榮,7,0,7,元大-和平,2023-02-20,9863
6561,是方,6,0,6,元大-和平,2023-02-20,9863
2884,玉山金,184,37,147,元大-和平,2023-02-21,9863
2332,友訊,90,0,90,元大-和平,2023-02-21,9863
00882,中信中國高股息,89,2,87,元大-和平,2023-02-21,9863
2618,長榮航,112,28,84,元大-和平,2023-02-21,9863
1605,華新,96,14,82,元大-和平,2023-02-21,9863
00885,富邦越南,66,0,66,元大-和平,2023-02-21,9863
2834,臺企銀,53,0,53,元大-和平,2023-02-21,9863
2312,金寶,60,10,50,元大-和平,2023-02-21,9863
6535,順藥,30,0,30,元大-和平,2023-02-21,9863
2374,佳能,26,0,26,元大-和平,2023-02-21,9863
4979,華星光,29,4,25,元大-和平,2023-02-21,9863
00878,國泰永續高股息,37,13,24,元大-和平,2023-02-21,9863
3481,群創,29,7,22,元大-和平,2023-02-21,9863
2476,鉅祥,32,11,21,元大-和平,2023-02-21,9863
1512,瑞利,19,0,19,元大-和平,2023-02-21,9863
3027,盛達,36,17,19,元大-和平,2023-02-21,9863
4162,智擎,18,0,18,元大-和平,2023-02-21,9863
3704,合勤控,19,1,18,元大-和平,2023-02-21,9863
2457,飛宏,86,68,18,元大-和平,2023-02-21,9863
8936,國統,15,0,15,元大-和平,2023-02-21,9863
4967,十銓,14,0,14,元大-和平,2023-02-21,9863
6142,友勁,16,2,14,元大-和平,2023-02-21,9863
4128,中天,13,0,13,元大-和平,2023-02-21,9863
1503,士電,13,1,12,元大-和平,2023-02-21,9863
2453,凌群,12,0,12,元大-和平,2023-02-21,9863
3545,敦泰,19,8,11,元大-和平,2023-02-21,9863
2208,台船,13,2,11,元大-和平,2023-02-21,9863
3128,昇銳,11,0,11,元大-和平,2023-02-21,9863
3594,磐儀,33,22,11,元大-和平,2023-02-21,9863
2888,新光金,10,0,10,元大-和平,2023-02-21,9863
3047,訊舟,10,0,10,元大-和平,2023-02-21,9863
2201,裕隆,14,5,9,元大-和平,2023-02-21,9863
1591,駿吉-KY,9,0,9,元大-和平,2023-02-21,9863
3058,立德,9,0,9,元大-和平,2023-02-21,9863
00725B,國泰投資級公司債,8,0,8,元大-和平,2023-02-21,9863
1584,精剛,70,62,8,元大-和平,2023-02-21,9863
1760,寶齡富錦,8,0,8,元大-和平,2023-02-21,9863
5258,虹堡,22,14,8,元大-和平,2023-02-21,9863
6770,力積電,10,2,8,元大-和平,2023-02-21,9863
8171,天宇,18,10,8,元大-和平,2023-02-21,9863
1513,中興電,78,70,8,元大-和平,2023-02-21,9863
6712,長聖,7,0,7,元大-和平,2023-02-21,9863
00893,國泰智能電動車,7,0,7,元大-和平,2023-02-21,9863
2891,中信金,7,0,7,元大-和平,2023-02-21,9863
3162,精確,8,1,7,元大-和平,2023-02-21,9863
3675,德微,8,1,7,元大-和平,2023-02-21,9863
6196,帆宣,7,0,7,元大-和平,2023-02-21,9863
6578,達邦蛋白,8,1,7,元大-和平,2023-02-21,9863
2609,陽明,16,9,7,元大-和平,2023-02-21,9863
1103,嘉泥,6,0,6,元大-和平,2023-02-21,9863
6770,力積電,138,1,137,元大-和平,2023-02-22,9863
00878,國泰永續高股息,101,6,95,元大-和平,2023-02-22,9863
3406,玉晶光,65,0,65,元大-和平,2023-02-22,9863
5880,合庫金,50,0,50,元大-和平,2023-02-22,9863
2312,金寶,65,15,50,元大-和平,2023-02-22,9863
2884,玉山金,48,14,34,元大-和平,2023-02-22,9863
2338,光罩,38,5,33,元大-和平,2023-02-22,9863
00632R,元大台灣50反1,61,30,31,元大-和平,2023-02-22,9863
2618,長榮航,29,1,28,元大-和平,2023-02-22,9863
2614,東森,27,0,27,元大-和平,2023-02-22,9863
2640,大車隊,25,0,25,元大-和平,2023-02-22,9863
6245,立端,24,0,24,元大-和平,2023-02-22,9863
3037,欣興,30,6,24,元大-和平,2023-02-22,9863
00902,中信電池及儲能,21,0,21,元大-和平,2023-02-22,9863
00676R,富邦臺灣加權反1,20,0,20,元大-和平,2023-02-22,9863
1725,元禎,20,0,20,元大-和平,2023-02-22,9863
5452,佶優,20,0,20,元大-和平,2023-02-22,9863
1795,美時,31,12,19,元大-和平,2023-02-22,9863
6235,華孚,50,31,19,元大-和平,2023-02-22,9863
2332,友訊,20,1,19,元大-和平,2023-02-22,9863
6609,瀧澤科,24,5,19,元大-和平,2023-02-22,9863
9904,寶成,37,20,17,元大-和平,2023-02-22,9863
6282,康舒,23,8,15,元大-和平,2023-02-22,9863
1108,幸福,15,0,15,元大-和平,2023-02-22,9863
00679B,元大美債20年,15,0,15,元大-和平,2023-02-22,9863
5210,寶碩,14,0,14,元大-和平,2023-02-22,9863
0050,元大台灣50,20,6,14,元大-和平,2023-02-22,9863
1609,大亞,17,4,13,元大-和平,2023-02-22,9863
6288,聯嘉,15,2,13,元大-和平,2023-02-22,9863
3035,智原,25,13,12,元大-和平,2023-02-22,9863
3665,貿聯-KY,12,0,12,元大-和平,2023-02-22,9863
2344,華邦電,14,3,11,元大-和平,2023-02-22,9863
4961,天鈺,11,0,11,元大-和平,2023-02-22,9863
00720B,元大投資級公司債,10,0,10,元大-和平,2023-02-22,9863
6643,M31,10,0,10,元大-和平,2023-02-22,9863
2731,雄獅,11,1,10,元大-和平,2023-02-22,9863
00678,群益那斯達克生技,10,0,10,元大-和平,2023-02-22,9863
00708L,期元大S＆P黃金正2,10,0,10,元大-和平,2023-02-22,9863
2915,潤泰全,10,0,10,元大-和平,2023-02-22,9863
4931,新盛力,40,30,10,元大-和平,2023-02-22,9863
6205,詮欣,10,0,10,元大-和平,2023-02-22,9863
1605,華新,33,23,10,元大-和平,2023-02-22,9863
5706,鳳凰,12,3,9,元大-和平,2023-02-22,9863
8436,大江,9,0,9,元大-和平,2023-02-22,9863
1210,大成,9,0,9,元大-和平,2023-02-22,9863
00751B,元大AAA至A公司債,8,0,8,元大-和平,2023-02-22,9863
00773B,中信優先金融債,8,0,8,元大-和平,2023-02-22,9863
3046,建��,8,0,8,元大-和平,2023-02-22,9863
2388,威盛,11,4,7,元大-和平,2023-02-22,9863
4977,眾達-KY,7,0,7,元大-和平,2023-02-22,9863
5701,劍湖山,100,0,100,元大-和平,2023-02-23,9863
2312,金寶,100,0,100,元大-和平,2023-02-23,9863
2884,玉山金,95,3,92,元大-和平,2023-02-23,9863
00632R,元大台灣50反1,51,0,51,元大-和平,2023-02-23,9863
2409,友達,65,16,49,元大-和平,2023-02-23,9863
00637L,元大滬深300正2,32,0,32,元大-和平,2023-02-23,9863
8936,國統,37,7,30,元大-和平,2023-02-23,9863
2610,華航,33,7,26,元大-和平,2023-02-23,9863
00773B,中信優先金融債,23,0,23,元大-和平,2023-02-23,9863
1313,聯成,20,0,20,元大-和平,2023-02-23,9863
5512,力麒,21,4,17,元大-和平,2023-02-23,9863
8044,網家,19,2,17,元大-和平,2023-02-23,9863
6282,康舒,21,5,16,元大-和平,2023-02-23,9863
3594,磐儀,28,13,15,元大-和平,2023-02-23,9863
1437,勤益控,15,1,14,元大-和平,2023-02-23,9863
1609,大亞,13,0,13,元大-和平,2023-02-23,9863
00908,富邦入息REITs+,13,0,13,元大-和平,2023-02-23,9863
2413,環科,13,0,13,元大-和平,2023-02-23,9863
3260,威剛,12,0,12,元大-和平,2023-02-23,9863
6609,瀧澤科,13,1,12,元大-和平,2023-02-23,9863
2357,華碩,10,0,10,元大-和平,2023-02-23,9863
00633L,富邦上証正2,10,0,10,元大-和平,2023-02-23,9863
00678,群益那斯達克生技,10,0,10,元大-和平,2023-02-23,9863
2354,鴻準,11,1,10,元大-和平,2023-02-23,9863
2380,虹光,10,0,10,元大-和平,2023-02-23,9863
4503,金雨,10,0,10,元大-和平,2023-02-23,9863
2476,鉅祥,10,1,9,元大-和平,2023-02-23,9863
3710,連展投控,11,2,9,元大-和平,2023-02-23,9863
5425,台半,10,2,8,元大-和平,2023-02-23,9863
2390,云辰,8,0,8,元大-和平,2023-02-23,9863
3037,欣興,20,12,8,元大-和平,2023-02-23,9863
00655L,國泰中國A50正2,10,3,7,元大-和平,2023-02-23,9863
1591,駿吉-KY,10,3,7,元大-和平,2023-02-23,9863
3290,東浦,7,0,7,元大-和平,2023-02-23,9863
5529,鉅陞,7,0,7,元大-和平,2023-02-23,9863
8033,雷虎,11,4,7,元大-和平,2023-02-23,9863
8049,晶采,7,0,7,元大-和平,2023-02-23,9863
8358,金居,6,0,6,元大-和平,2023-02-23,9863
00720B,元大投資級公司債,6,0,6,元大-和平,2023-02-23,9863
2206,三陽工業,6,0,6,元大-和平,2023-02-23,9863
9940,信義,6,0,6,元大-和平,2023-02-23,9863
6670,復盛應用,8,2,6,元大-和平,2023-02-23,9863
9941,裕融,6,0,6,元大-和平,2023-02-23,9863
6116,彩晶,6,1,5,元大-和平,2023-02-23,9863
2881,富邦金,6,0,6,元大-和平,2023-02-23,9863
0050,元大台灣50,6,1,5,元大-和平,2023-02-23,9863
1444,力麗,7,2,5,元大-和平,2023-02-23,9863
1810,和成,5,0,5,元大-和平,2023-02-23,9863
2017,官田鋼,5,0,5,元大-和平,2023-02-23,9863
2201,裕隆,10,5,5,元大-和平,2023-02-23,9863
00712,復華富時不動產,476,0,476,元大-和平,2023-02-24,9863
2601,益航,105,21,84,元大-和平,2023-02-24,9863
00637L,元大滬深300正2,71,0,71,元大-和平,2023-02-24,9863
1734,杏輝,70,0,70,元大-和平,2023-02-24,9863
1605,華新,94,33,61,元大-和平,2023-02-24,9863
00878,國泰永續高股息,67,7,60,元大-和平,2023-02-24,9863
5512,力麒,53,2,51,元大-和平,2023-02-24,9863
00897,富邦基因免疫生技,50,0,50,元大-和平,2023-02-24,9863
2614,東森,40,0,40,元大-和平,2023-02-24,9863
2611,志信,40,1,39,元大-和平,2023-02-24,9863
00671R,富邦NASDAQ反1,35,0,35,元大-和平,2023-02-24,9863
8936,國統,36,1,35,元大-和平,2023-02-24,9863
1587,吉茂,33,0,33,元大-和平,2023-02-24,9863
8033,雷虎,32,2,30,元大-和平,2023-02-24,9863
2606,裕民,37,10,27,元大-和平,2023-02-24,9863
6456,GIS-KY,26,0,26,元大-和平,2023-02-24,9863
3037,欣興,44,18,26,元大-和平,2023-02-24,9863
2504,國產,26,1,25,元大-和平,2023-02-24,9863
00882,中信中國高股息,23,0,23,元大-和平,2023-02-24,9863
5608,四維航,63,42,21,元大-和平,2023-02-24,9863
8171,天宇,22,1,21,元大-和平,2023-02-24,9863
6570,維田,20,0,20,元大-和平,2023-02-24,9863
2892,第一金,30,11,19,元大-和平,2023-02-24,9863
00713,元大台灣高息低波,18,0,18,元大-和平,2023-02-24,9863
6147,頎邦,20,2,18,元大-和平,2023-02-24,9863
3006,晶豪科,17,1,16,元大-和平,2023-02-24,9863
2618,長榮航,56,41,15,元大-和平,2023-02-24,9863
8111,立��,15,0,15,元大-和平,2023-02-24,9863
2330,台積電,17,2,15,元大-和平,2023-02-24,9863
00881,國泰台灣5G+,14,2,12,元大-和平,2023-02-24,9863
4915,致伸,18,6,12,元大-和平,2023-02-24,9863
5452,佶優,27,15,12,元大-和平,2023-02-24,9863
1514,亞力,15,3,12,元大-和平,2023-02-24,9863
4130,健亞,13,1,12,元大-和平,2023-02-24,9863
8050,廣積,29,17,12,元大-和平,2023-02-24,9863
1503,士電,12,0,12,元大-和平,2023-02-24,9863
2303,聯電,20,9,11,元大-和平,2023-02-24,9863
1473,台南,11,0,11,元大-和平,2023-02-24,9863
2363,矽統,14,3,11,元大-和平,2023-02-24,9863
2413,環科,12,1,11,元大-和平,2023-02-24,9863
8069,元太,28,17,11,元大-和平,2023-02-24,9863
00655L,國泰中國A50正2,10,0,10,元大-和平,2023-02-24,9863
1342,八貫,11,1,10,元大-和平,2023-02-24,9863
1504,東元,11,1,10,元大-和平,2023-02-24,9863
1714,和桐,10,0,10,元大-和平,2023-02-24,9863
2014,中鴻,13,3,10,元大-和平,2023-02-24,9863
2038,海光,11,1,10,元大-和平,2023-02-24,9863
3029,零壹,11,1,10,元大-和平,2023-02-24,9863
6411,晶焱,11,1,10,元大-和平,2023-02-24,9863
3260,威剛,26,17,9,元大-和平,2023-02-24,9863
00878,國泰永續高股息,123,0,123,元大-和平,2023-03-01,9863
2014,中鴻,67,0,67,元大-和平,2023-03-01,9863
00885,富邦越南,56,3,53,元大-和平,2023-03-01,9863
00671R,富邦NASDAQ反1,50,0,50,元大-和平,2023-03-01,9863
2881,富邦金,45,0,45,元大-和平,2023-03-01,9863
3557,嘉威,40,0,40,元大-和平,2023-03-01,9863
2618,長榮航,42,4,38,元大-和平,2023-03-01,9863
6609,瀧澤科,36,0,36,元大-和平,2023-03-01,9863
2882,國泰金,34,3,31,元大-和平,2023-03-01,9863
00638R,元大滬深300反1,30,0,30,元大-和平,2023-03-01,9863
1101,台泥,33,3,30,元大-和平,2023-03-01,9863
2637,慧洋-KY,51,22,29,元大-和平,2023-03-01,9863
6456,GIS-KY,27,0,27,元大-和平,2023-03-01,9863
8033,雷虎,35,9,26,元大-和平,2023-03-01,9863
2885,元大金,27,4,23,元大-和平,2023-03-01,9863
5388,中磊,22,0,22,元大-和平,2023-03-01,9863
00632R,元大台灣50反1,23,2,21,元大-和平,2023-03-01,9863
4155,訊映,21,0,21,元大-和平,2023-03-01,9863
5608,四維航,37,17,20,元大-和平,2023-03-01,9863
2388,威盛,64,44,20,元大-和平,2023-03-01,9863
2027,大成鋼,17,0,17,元大-和平,2023-03-01,9863
8044,網家,17,1,16,元大-和平,2023-03-01,9863
00712,復華富時不動產,16,0,16,元大-和平,2023-03-01,9863
00773B,中信優先金融債,15,0,15,元大-和平,2023-03-01,9863
2344,華邦電,16,1,15,元大-和平,2023-03-01,9863
2324,仁寶,25,11,14,元大-和平,2023-03-01,9863
3576,聯合再生,12,0,12,元大-和平,2023-03-01,9863
9945,潤泰新,12,0,12,元大-和平,2023-03-01,9863
3005,神基,15,3,12,元大-和平,2023-03-01,9863
2605,新興,39,27,12,元大-和平,2023-03-01,9863
2886,兆豐金,12,0,12,元大-和平,2023-03-01,9863
2002,中鋼,11,0,11,元大-和平,2023-03-01,9863
2208,台船,10,0,10,元大-和平,2023-03-01,9863
1437,勤益控,10,0,10,元大-和平,2023-03-01,9863
2101,南港,10,0,10,元大-和平,2023-03-01,9863
3703,欣陸,10,0,10,元大-和平,2023-03-01,9863
5531,鄉林,10,0,10,元大-和平,2023-03-01,9863
6432,今展科,10,0,10,元大-和平,2023-03-01,9863
6592,和潤企業,10,0,10,元大-和平,2023-03-01,9863
2332,友訊,10,0,10,元大-和平,2023-03-01,9863
2892,第一金,10,0,10,元大-和平,2023-03-01,9863
1210,大成,31,22,9,元大-和平,2023-03-01,9863
1503,士電,9,0,9,元大-和平,2023-03-01,9863
2023,燁輝,9,0,9,元大-和平,2023-03-01,9863
2201,裕隆,12,3,9,元大-和平,2023-03-01,9863
8171,天宇,12,4,8,元大-和平,2023-03-01,9863
6799,來頡,8,0,8,元大-和平,2023-03-01,9863
3592,瑞鼎,10,2,8,元大-和平,2023-03-01,9863
1795,美時,8,0,8,元大-和平,2023-03-01,9863
2453,凌群,9,1,8,元大-和平,2023-03-01,9863
8936,國統,63,0,63,元大-和平,2023-03-02,9863
00897,富邦基因免疫生技,51,0,51,元大-和平,2023-03-02,9863
4207,環泰,50,0,50,元大-和平,2023-03-02,9863
3207,耀勝,44,17,27,元大-和平,2023-03-02,9863
00713,元大台灣高息低波,30,6,24,元大-和平,2023-03-02,9863
3714,富采,29,6,23,元大-和平,2023-03-02,9863
00878,國泰永續高股息,96,73,23,元大-和平,2023-03-02,9863
3481,群創,26,4,22,元大-和平,2023-03-02,9863
00882,中信中國高股息,26,4,22,元大-和平,2023-03-02,9863
00712,復華富時不動產,21,0,21,元大-和平,2023-03-02,9863
00671R,富邦NASDAQ反1,20,0,20,元大-和平,2023-03-02,9863
2485,兆赫,20,0,20,元大-和平,2023-03-02,9863
3027,盛達,44,26,18,元大-和平,2023-03-02,9863
2409,友達,24,7,17,元大-和平,2023-03-02,9863
5009,榮剛,17,0,17,元大-和平,2023-03-02,9863
2618,長榮航,17,1,16,元大-和平,2023-03-02,9863
2641,正德,22,8,14,元大-和平,2023-03-02,9863
2888,新光金,14,0,14,元大-和平,2023-03-02,9863
1503,士電,13,0,13,元大-和平,2023-03-02,9863
8222,寶一,12,0,12,元大-和平,2023-03-02,9863
4967,十銓,19,7,12,元大-和平,2023-03-02,9863
4931,新盛力,22,10,12,元大-和平,2023-03-02,9863
9907,統一實,12,0,12,元大-和平,2023-03-02,9863
00632R,元大台灣50反1,11,0,11,元大-和平,2023-03-02,9863
00678,群益那斯達克生技,10,0,10,元大-和平,2023-03-02,9863
00679B,元大美債20年,10,0,10,元大-和平,2023-03-02,9863
2612,中航,11,1,10,元大-和平,2023-03-02,9863
5309,系統電,10,0,10,元大-和平,2023-03-02,9863
00670L,富邦NASDAQ正2,10,1,9,元大-和平,2023-03-02,9863
2453,凌群,10,1,9,元大-和平,2023-03-02,9863
1210,大成,9,0,9,元大-和平,2023-03-02,9863
2885,元大金,10,1,9,元大-和平,2023-03-02,9863
9921,巨大,9,0,9,元大-和平,2023-03-02,9863
8050,廣積,8,0,8,元大-和平,2023-03-02,9863
00773B,中信優先金融債,8,0,8,元大-和平,2023-03-02,9863
2834,臺企銀,10,2,8,元大-和平,2023-03-02,9863
3362,先進光,15,8,7,元大-和平,2023-03-02,9863
6556,勝品,7,0,7,元大-和平,2023-03-02,9863
2354,鴻準,7,0,7,元大-和平,2023-03-02,9863
2891,中信金,12,6,6,元大-和平,2023-03-02,9863
1591,駿吉-KY,11,5,6,元大-和平,2023-03-02,9863
6491,晶碩,6,0,6,元大-和平,2023-03-02,9863
6561,是方,10,4,6,元大-和平,2023-03-02,9863
6570,維田,6,0,6,元大-和平,2023-03-02,9863
6796,晉弘,6,0,6,元大-和平,2023-03-02,9863
00715L,期街口布蘭特正2,7,2,5,元大-和平,2023-03-02,9863
1504,東元,5,0,5,元大-和平,2023-03-02,9863
1714,和桐,5,0,5,元大-和平,2023-03-02,9863
1802,台玻,5,0,5,元大-和平,2023-03-02,9863
1907,永豐餘,5,0,5,元大-和平,2023-03-02,9863
2603,長榮,580,13,567,元大-和平,2023-03-03,9863
1605,華新,65,8,57,元大-和平,2023-03-03,9863
4306,炎洲,50,0,50,元大-和平,2023-03-03,9863
3592,瑞鼎,48,0,48,元大-和平,2023-03-03,9863
2834,臺企銀,49,8,41,元大-和平,2023-03-03,9863
0056,元大高股息,36,3,33,元大-和平,2023-03-03,9863
00637L,元大滬深300正2,30,0,30,元大-和平,2023-03-03,9863
2812,台中銀,32,5,27,元大-和平,2023-03-03,9863
8171,天宇,21,2,19,元大-和平,2023-03-03,9863
6188,廣明,21,3,18,元大-和平,2023-03-03,9863
2450,神腦,17,0,17,元大-和平,2023-03-03,9863
6116,彩晶,67,50,17,元大-和平,2023-03-03,9863
6257,矽格,21,5,16,元大-和平,2023-03-03,9863
4747,強生,26,11,15,元大-和平,2023-03-03,9863
2891,中信金,14,0,14,元大-和平,2023-03-03,9863
2498,宏達電,15,1,14,元大-和平,2023-03-03,9863
2457,飛宏,28,14,14,元大-和平,2023-03-03,9863
00751B,元大AAA至A公司債,13,0,13,元大-和平,2023-03-03,9863
9945,潤泰新,13,0,13,元大-和平,2023-03-03,9863
8155,博智,14,1,13,元大-和平,2023-03-03,9863
00641R,富邦日本反1,12,0,12,元大-和平,2023-03-03,9863
00713,元大台灣高息低波,12,0,12,元大-和平,2023-03-03,9863
4503,金雨,12,0,12,元大-和平,2023-03-03,9863
3706,神達,11,0,11,元大-和平,2023-03-03,9863
2201,裕隆,13,2,11,元大-和平,2023-03-03,9863
2748,雲品,12,1,11,元大-和平,2023-03-03,9863
6129,普誠,13,2,11,元大-和平,2023-03-03,9863
4164,承業醫,11,1,10,元大-和平,2023-03-03,9863
3209,全科,10,0,10,元大-和平,2023-03-03,9863
1215,卜蜂,10,0,10,元大-和平,2023-03-03,9863
5608,四維航,29,19,10,元大-和平,2023-03-03,9863
2892,第一金,10,0,10,元大-和平,2023-03-03,9863
6547,高端疫苗,10,1,9,元大-和平,2023-03-03,9863
8112,至上,9,0,9,元大-和平,2023-03-03,9863
2609,陽明,53,44,9,元大-和平,2023-03-03,9863
00712,復華富時不動產,8,0,8,元大-和平,2023-03-03,9863
00671R,富邦NASDAQ反1,8,0,8,元大-和平,2023-03-03,9863
1477,聚陽,8,0,8,元大-和平,2023-03-03,9863
1810,和成,13,5,8,元大-和平,2023-03-03,9863
5706,鳳凰,9,1,8,元大-和平,2023-03-03,9863
3189,景碩,16,9,7,元大-和平,2023-03-03,9863
1609,大亞,7,0,7,元大-和平,2023-03-03,9863
2601,益航,12,5,7,元大-和平,2023-03-03,9863
3162,精確,7,0,7,元大-和平,2023-03-03,9863
1101,台泥,8,1,7,元大-和平,2023-03-03,9863
00773B,中信優先金融債,6,0,6,元大-和平,2023-03-03,9863
1519,華城,8,2,6,元大-和平,2023-03-03,9863
2363,矽統,6,0,6,元大-和平,2023-03-03,9863
2915,潤泰全,7,1,6,元大-和平,2023-03-03,9863
8227,巨有科技,13,7,6,元大-和平,2023-03-03,9863
2603,長榮,244,33,211,元大-和平,2023-03-06,9863
00632R,元大台灣50反1,176,12,164,元大-和平,2023-03-06,9863
00712,復華富時不動產,104,0,104,元大-和平,2023-03-06,9863
5213,亞昕,75,2,73,元大-和平,2023-03-06,9863
2457,飛宏,81,11,70,元大-和平,2023-03-06,9863
3689,湧德,57,0,57,元大-和平,2023-03-06,9863
2344,華邦電,50,5,45,元大-和平,2023-03-06,9863
2834,臺企銀,52,9,43,元大-和平,2023-03-06,9863
2637,慧洋-KY,70,33,37,元大-和平,2023-03-06,9863
4155,訊映,39,3,36,元大-和平,2023-03-06,9863
1708,東鹼,39,3,36,元大-和平,2023-03-06,9863
3356,奇偶,50,19,31,元大-和平,2023-03-06,9863
2504,國產,31,0,31,元大-和平,2023-03-06,9863
6205,詮欣,31,0,31,元大-和平,2023-03-06,9863
6670,復盛應用,30,0,30,元大-和平,2023-03-06,9863
8110,華東,30,0,30,元大-和平,2023-03-06,9863
00882,中信中國高股息,31,2,29,元大-和平,2023-03-06,9863
3592,瑞鼎,29,0,29,元大-和平,2023-03-06,9863
2891,中信金,31,3,28,元大-和平,2023-03-06,9863
2481,強茂,26,4,22,元大-和平,2023-03-06,9863
8222,寶一,33,11,22,元大-和平,2023-03-06,9863
00637L,元大滬深300正2,41,20,21,元大-和平,2023-03-06,9863
2413,環科,32,11,21,元大-和平,2023-03-06,9863
2883,凱基金,20,0,20,元大-和平,2023-03-06,9863
4541,晟田,25,5,20,元大-和平,2023-03-06,9863
8046,南電,25,5,20,元大-和平,2023-03-06,9863
4919,新唐,36,17,19,元大-和平,2023-03-06,9863
1321,大洋,20,2,18,元大-和平,2023-03-06,9863
3209,全科,17,0,17,元大-和平,2023-03-06,9863
3033,威健,16,0,16,元大-和平,2023-03-06,9863
00878,國泰永續高股息,16,1,15,元大-和平,2023-03-06,9863
6290,良維,15,0,15,元大-和平,2023-03-06,9863
5880,合庫金,14,0,14,元大-和平,2023-03-06,9863
00713,元大台灣高息低波,14,1,13,元大-和平,2023-03-06,9863
00671R,富邦NASDAQ反1,13,0,13,元大-和平,2023-03-06,9863
2605,新興,18,5,13,元大-和平,2023-03-06,9863
6274,台燿,12,0,12,元大-和平,2023-03-06,9863
2014,中鴻,23,11,12,元大-和平,2023-03-06,9863
4716,大立,12,0,12,元大-和平,2023-03-06,9863
3374,精材,15,4,11,元大-和平,2023-03-06,9863
5469,瀚宇博,13,2,11,元大-和平,2023-03-06,9863
2886,兆豐金,12,1,11,元大-和平,2023-03-06,9863
6245,立端,16,6,10,元大-和平,2023-03-06,9863
6123,上奇,10,0,10,元大-和平,2023-03-06,9863
00902,中信電池及儲能,10,0,10,元大-和平,2023-03-06,9863
1734,杏輝,10,0,10,元大-和平,2023-03-06,9863
2363,矽統,10,0,10,元大-和平,2023-03-06,9863
2610,華航,10,0,10,元大-和平,2023-03-06,9863
4114,健喬,18,8,10,元大-和平,2023-03-06,9863
4432,銘旺實,10,0,10,元大-和平,2023-03-06,9863
2615,萬海,180,5,175,元大-和平,2023-03-07,9863
2312,金寶,210,45,165,元大-和平,2023-03-07,9863
2603,長榮,156,1,155,元大-和平,2023-03-07,9863
1605,華新,147,64,83,元大-和平,2023-03-07,9863
2883B,凱基金乙特,60,2,58,元大-和平,2023-03-07,9863
2891,中信金,50,0,50,元大-和平,2023-03-07,9863
00898,國泰基因免疫革命,50,0,50,元大-和平,2023-03-07,9863
3013,晟銘電,49,7,42,元大-和平,2023-03-07,9863
6116,彩晶,32,0,32,元大-和平,2023-03-07,9863
00632R,元大台灣50反1,32,1,31,元大-和平,2023-03-07,9863
4924,欣厚-KY,30,0,30,元大-和平,2023-03-07,9863
6770,力積電,60,32,28,元大-和平,2023-03-07,9863
00900,富邦特選高股息30,26,0,26,元大-和平,2023-03-07,9863
00673R,期元大S＆P原油反1,26,0,26,元大-和平,2023-03-07,9863
6282,康舒,23,0,23,元大-和平,2023-03-07,9863
2482,連宇,32,11,21,元大-和平,2023-03-07,9863
2371,大同,21,1,20,元大-和平,2023-03-07,9863
2303,聯電,28,9,19,元大-和平,2023-03-07,9863
006208,富邦台50,20,1,19,元大-和平,2023-03-07,9863
00713,元大台灣高息低波,20,1,19,元大-和平,2023-03-07,9863
3264,欣銓,24,5,19,元大-和平,2023-03-07,9863
2457,飛宏,118,101,17,元大-和平,2023-03-07,9863
2419,仲琦,16,0,16,元大-和平,2023-03-07,9863
6129,普誠,17,2,15,元大-和平,2023-03-07,9863
4716,大立,15,0,15,元大-和平,2023-03-07,9863
6205,詮欣,26,11,15,元大-和平,2023-03-07,9863
00720B,元大投資級公司債,14,0,14,元大-和平,2023-03-07,9863
00885,富邦越南,14,0,14,元大-和平,2023-03-07,9863
4541,晟田,14,0,14,元大-和平,2023-03-07,9863
8096,擎亞,13,0,13,元大-和平,2023-03-07,9863
00679B,元大美債20年,14,1,13,元大-和平,2023-03-07,9863
1708,東鹼,13,0,13,元大-和平,2023-03-07,9863
8033,雷虎,15,2,13,元大-和平,2023-03-07,9863
2399,映泰,12,0,12,元大-和平,2023-03-07,9863
1437,勤益控,12,0,12,元大-和平,2023-03-07,9863
00712,復華富時不動產,11,0,11,元大-和平,2023-03-07,9863
1734,杏輝,11,0,11,元大-和平,2023-03-07,9863
2634,漢翔,13,2,11,元大-和平,2023-03-07,9863
6231,系微,15,4,11,元大-和平,2023-03-07,9863
4976,佳凌,11,1,10,元大-和平,2023-03-07,9863
1727,中華化,10,0,10,元大-和平,2023-03-07,9863
2324,仁寶,10,0,10,元大-和平,2023-03-07,9863
2915,潤泰全,10,0,10,元大-和平,2023-03-07,9863
4540,全球傳動,10,0,10,元大-和平,2023-03-07,9863
2354,鴻準,11,1,10,元大-和平,2023-03-07,9863
1101,台泥,9,0,9,元大-和平,2023-03-07,9863
1108,幸福,11,2,9,元大-和平,2023-03-07,9863
2453,凌群,10,1,9,元大-和平,2023-03-07,9863
4153,鈺緯,9,0,9,元大-和平,2023-03-07,9863
4931,新盛力,18,9,9,元大-和平,2023-03-07,9863
1605,華新,217,72,145,元大-和平,2023-03-08,9863
2883,凱基金,123,2,121,元大-和平,2023-03-08,9863
2603,長榮,92,1,91,元大-和平,2023-03-08,9863
4976,佳凌,98,10,88,元大-和平,2023-03-08,9863
6609,瀧澤科,85,6,79,元大-和平,2023-03-08,9863
9945,潤泰新,53,2,51,元大-和平,2023-03-08,9863
00923,群益台ESG低碳50,50,0,50,元大-和平,2023-03-08,9863
2312,金寶,70,20,50,元大-和平,2023-03-08,9863
2891,中信金,50,2,48,元大-和平,2023-03-08,9863
2705,六福,35,0,35,元大-和平,2023-03-08,9863
00712,復華富時不動產,32,0,32,元大-和平,2023-03-08,9863
0056,元大高股息,33,2,31,元大-和平,2023-03-08,9863
6235,華孚,69,38,31,元大-和平,2023-03-08,9863
00882,中信中國高股息,30,0,30,元大-和平,2023-03-08,9863
2022,聚亨,30,0,30,元大-和平,2023-03-08,9863
00670L,富邦NASDAQ正2,34,5,29,元大-和平,2023-03-08,9863
1313,聯成,32,5,27,元大-和平,2023-03-08,9863
1504,東元,62,36,26,元大-和平,2023-03-08,9863
2634,漢翔,34,9,25,元大-和平,2023-03-08,9863
2606,裕民,24,2,22,元大-和平,2023-03-08,9863
1701,中化,21,0,21,元大-和平,2023-03-08,9863
00878,國泰永續高股息,21,0,21,元大-和平,2023-03-08,9863
2609,陽明,22,2,20,元大-和平,2023-03-08,9863
9802,鈺齊-KY,20,0,20,元大-和平,2023-03-08,9863
1734,杏輝,20,0,20,元大-和平,2023-03-08,9863
4736,泰博,20,0,20,元大-和平,2023-03-08,9863
3006,晶豪科,22,3,19,元大-和平,2023-03-08,9863
6290,良維,19,0,19,元大-和平,2023-03-08,9863
2481,強茂,26,8,18,元大-和平,2023-03-08,9863
00637L,元大滬深300正2,38,20,18,元大-和平,2023-03-08,9863
1584,精剛,24,7,17,元大-和平,2023-03-08,9863
5203,訊連,17,0,17,元大-和平,2023-03-08,9863
6190,萬泰科,15,0,15,元大-和平,2023-03-08,9863
00713,元大台灣高息低波,15,0,15,元大-和平,2023-03-08,9863
8110,華東,15,0,15,元大-和平,2023-03-08,9863
6231,系微,30,16,14,元大-和平,2023-03-08,9863
3013,晟銘電,14,0,14,元大-和平,2023-03-08,9863
2344,華邦電,20,6,14,元大-和平,2023-03-08,9863
2376,技嘉,13,0,13,元大-和平,2023-03-08,9863
2450,神腦,13,0,13,元大-和平,2023-03-08,9863
5388,中磊,14,1,13,元大-和平,2023-03-08,9863
1101,台泥,12,0,12,元大-和平,2023-03-08,9863
1708,東鹼,21,9,12,元大-和平,2023-03-08,9863
2892,第一金,10,0,10,元大-和平,2023-03-08,9863
6023,元大期,10,0,10,元大-和平,2023-03-08,9863
4967,十銓,15,6,9,元大-和平,2023-03-08,9863
9955,佳龍,9,0,9,元大-和平,2023-03-08,9863
3552,同致,13,5,8,元大-和平,2023-03-08,9863
00655L,國泰中國A50正2,8,0,8,元大-和平,2023-03-08,9863
1591,駿吉-KY,11,3,8,元大-和平,2023-03-08,9863
2888,新光金,53,0,53,元大-和平,2023-03-09,9863
2317,鴻海,56,3,53,元大-和平,2023-03-09,9863
2884,玉山金,53,0,53,元大-和平,2023-03-09,9863
2457,飛宏,110,65,45,元大-和平,2023-03-09,9863
6443,元晶,44,0,44,元大-和平,2023-03-09,9863
2881,富邦金,43,0,43,元大-和平,2023-03-09,9863
00900,富邦特選高股息30,37,0,37,元大-和平,2023-03-09,9863
1604,聲寶,35,0,35,元大-和平,2023-03-09,9863
2482,連宇,42,7,35,元大-和平,2023-03-09,9863
3481,群創,39,9,30,元大-和平,2023-03-09,9863
2705,六福,25,0,25,元大-和平,2023-03-09,9863
6282,康舒,39,14,25,元大-和平,2023-03-09,9863
2328,廣宇,24,0,24,元大-和平,2023-03-09,9863
00878,國泰永續高股息,32,10,22,元大-和平,2023-03-09,9863
1104,環泥,22,0,22,元大-和平,2023-03-09,9863
9802,鈺齊-KY,24,2,22,元大-和平,2023-03-09,9863
1734,杏輝,21,0,21,元大-和平,2023-03-09,9863
6213,聯茂,22,1,21,元大-和平,2023-03-09,9863
1513,中興電,49,29,20,元大-和平,2023-03-09,9863
5903,全家,20,0,20,元大-和平,2023-03-09,9863
2376,技嘉,22,4,18,元大-和平,2023-03-09,9863
1101,台泥,18,1,17,元大-和平,2023-03-09,9863
6123,上奇,23,6,17,元大-和平,2023-03-09,9863
4919,新唐,19,3,16,元大-和平,2023-03-09,9863
6288,聯嘉,18,2,16,元大-和平,2023-03-09,9863
2419,仲琦,16,0,16,元大-和平,2023-03-09,9863
00751B,元大AAA至A公司債,15,0,15,元大-和平,2023-03-09,9863
8171,天宇,16,1,15,元大-和平,2023-03-09,9863
2408,南亞科,14,0,14,元大-和平,2023-03-09,9863
2883,凱基金,14,0,14,元大-和平,2023-03-09,9863
1605,華新,57,44,13,元大-和平,2023-03-09,9863
3163,波若威,13,0,13,元大-和平,2023-03-09,9863
3545,敦泰,13,0,13,元大-和平,2023-03-09,9863
6190,萬泰科,13,0,13,元大-和平,2023-03-09,9863
2201,裕隆,13,1,12,元大-和平,2023-03-09,9863
2371,大同,20,8,12,元大-和平,2023-03-09,9863
2409,友達,12,0,12,元大-和平,2023-03-09,9863
5309,系統電,12,0,12,元大-和平,2023-03-09,9863
0056,元大高股息,12,0,12,元大-和平,2023-03-09,9863
2886,兆豐金,11,0,11,元大-和平,2023-03-09,9863
4536,拓凱,11,0,11,元大-和平,2023-03-09,9863
6605,帝寶,11,0,11,元大-和平,2023-03-09,9863
6257,矽格,12,1,11,元大-和平,2023-03-09,9863
5243,乙盛-KY,11,0,11,元大-和平,2023-03-09,9863
5285,界霖,10,0,10,元大-和平,2023-03-09,9863
1326,台化,10,0,10,元大-和平,2023-03-09,9863
1102,亞泥,10,0,10,元大-和平,2023-03-09,9863
00753L,中信中國50正2,10,0,10,元大-和平,2023-03-09,9863
1437,勤益控,10,0,10,元大-和平,2023-03-09,9863
3494,誠研,10,0,10,元大-和平,2023-03-09,9863
2618,長榮航,310,2,308,元大-和平,2023-03-10,9863
6609,瀧澤科,182,2,180,元大-和平,2023-03-10,9863
00885,富邦越南,178,0,178,元大-和平,2023-03-10,9863
00878,國泰永續高股息,131,0,131,元大-和平,2023-03-10,9863
2888,新光金,89,0,89,元大-和平,2023-03-10,9863
00923,群益台ESG低碳50,41,0,41,元大-和平,2023-03-10,9863
2344,華邦電,53,12,41,元大-和平,2023-03-10,9863
8069,元太,40,0,40,元大-和平,2023-03-10,9863
2883,凱基金,41,1,40,元大-和平,2023-03-10,9863
5880,合庫金,42,3,39,元大-和平,2023-03-10,9863
2834,臺企銀,42,3,39,元大-和平,2023-03-10,9863
00669R,國泰美國道瓊反1,36,0,36,元大-和平,2023-03-10,9863
2313,華通,37,2,35,元大-和平,2023-03-10,9863
2884,玉山金,32,0,32,元大-和平,2023-03-10,9863
6578,達邦蛋白,33,2,31,元大-和平,2023-03-10,9863
2882,國泰金,30,0,30,元大-和平,2023-03-10,9863
00713,元大台灣高息低波,29,0,29,元大-和平,2023-03-10,9863
1524,耿鼎,37,9,28,元大-和平,2023-03-10,9863
3027,盛達,33,5,28,元大-和平,2023-03-10,9863
2885,元大金,31,4,27,元大-和平,2023-03-10,9863
3591,艾笛森,25,0,25,元大-和平,2023-03-10,9863
2330,台積電,30,5,25,元大-和平,2023-03-10,9863
2317,鴻海,24,0,24,元大-和平,2023-03-10,9863
5876,上海商銀,24,0,24,元大-和平,2023-03-10,9863
4533,協易機,23,0,23,元大-和平,2023-03-10,9863
2801,彰銀,22,0,22,元大-和平,2023-03-10,9863
2881,富邦金,23,1,22,元大-和平,2023-03-10,9863
1605,華新,30,9,21,元大-和平,2023-03-10,9863
2412,中華電,21,0,21,元大-和平,2023-03-10,9863
3711,日月光投控,21,0,21,元大-和平,2023-03-10,9863
5321,美而快,21,1,20,元大-和平,2023-03-10,9863
2312,金寶,20,0,20,元大-和平,2023-03-10,9863
2425,承啟,25,5,20,元大-和平,2023-03-10,9863
6548,長科*,23,3,20,元大-和平,2023-03-10,9863
2347,聯強,19,0,19,元大-和平,2023-03-10,9863
2482,連宇,41,22,19,元大-和平,2023-03-10,9863
00882,中信中國高股息,18,0,18,元大-和平,2023-03-10,9863
2886,兆豐金,18,0,18,元大-和平,2023-03-10,9863
00902,中信電池及儲能,18,0,18,元大-和平,2023-03-10,9863
1609,大亞,17,0,17,元大-和平,2023-03-10,9863
2331,精英,22,5,17,元大-和平,2023-03-10,9863
2457,飛宏,61,44,17,元大-和平,2023-03-10,9863
6282,康舒,20,4,16,元大-和平,2023-03-10,9863
1734,杏輝,15,0,15,元大-和平,2023-03-10,9863
00712,復華富時不動產,15,0,15,元大-和平,2023-03-10,9863
2467,志聖,15,0,15,元大-和平,2023-03-10,9863
3006,晶豪科,15,0,15,元大-和平,2023-03-10,9863
6290,良維,17,2,15,元大-和平,2023-03-10,9863
6561,是方,17,2,15,元大-和平,2023-03-10,9863
3714,富采,15,1,14,元大-和平,2023-03-10,9863
2881,富邦金,104,2,102,元大-和平,2023-03-13,9863
3591,艾笛森,94,0,94,元大-和平,2023-03-13,9863
00878,國泰永續高股息,93,4,89,元大-和平,2023-03-13,9863
00712,復華富時不動產,83,0,83,元大-和平,2023-03-13,9863
2888,新光金,57,2,55,元大-和平,2023-03-13,9863
3058,立德,31,0,31,元大-和平,2023-03-13,9863
00720B,元大投資級公司債,31,1,30,元大-和平,2023-03-13,9863
2618,長榮航,80,52,28,元大-和平,2023-03-13,9863
00713,元大台灣高息低波,27,0,27,元大-和平,2023-03-13,9863
3703,欣陸,26,0,26,元大-和平,2023-03-13,9863
2359,所羅門,27,6,21,元大-和平,2023-03-13,9863
1339,昭輝,32,12,20,元大-和平,2023-03-13,9863
2495,普安,20,3,17,元大-和平,2023-03-13,9863
4503,金雨,17,0,17,元大-和平,2023-03-13,9863
2453,凌群,25,9,16,元大-和平,2023-03-13,9863
9921,巨大,15,0,15,元大-和平,2023-03-13,9863
5321,美而快,16,1,15,元大-和平,2023-03-13,9863
9945,潤泰新,13,0,13,元大-和平,2023-03-13,9863
00646,元大S＆P500,13,0,13,元大-和平,2023-03-13,9863
3162,精確,13,1,12,元大-和平,2023-03-13,9863
4536,拓凱,13,1,12,元大-和平,2023-03-13,9863
3033,威健,12,0,12,元大-和平,2023-03-13,9863
6547,高端疫苗,12,0,12,元大-和平,2023-03-13,9863
9802,鈺齊-KY,12,0,12,元大-和平,2023-03-13,9863
2344,華邦電,14,3,11,元大-和平,2023-03-13,9863
6122,擎邦,17,6,11,元大-和平,2023-03-13,9863
3037,欣興,15,4,11,元大-和平,2023-03-13,9863
00890B,凱基ESG BBB債,10,0,10,元大-和平,2023-03-13,9863
00676R,富邦臺灣加權反1,10,0,10,元大-和平,2023-03-13,9863
00673R,期元大S＆P原油反1,10,0,10,元大-和平,2023-03-13,9863
00662,富邦NASDAQ,10,0,10,元大-和平,2023-03-13,9863
1526,日馳,10,0,10,元大-和平,2023-03-13,9863
2617,台航,10,0,10,元大-和平,2023-03-13,9863
3711,日月光投控,10,0,10,元大-和平,2023-03-13,9863
4943,康控-KY,10,0,10,元大-和平,2023-03-13,9863
4967,十銓,12,2,10,元大-和平,2023-03-13,9863
6205,詮欣,10,0,10,元大-和平,2023-03-13,9863
2884,玉山金,34,25,9,元大-和平,2023-03-13,9863
6605,帝寶,9,0,9,元大-和平,2023-03-13,9863
00679B,元大美債20年,9,0,9,元大-和平,2023-03-13,9863
1305,華夏,9,0,9,元大-和平,2023-03-13,9863
1326,台化,9,0,9,元大-和平,2023-03-13,9863
2337,旺宏,13,4,9,元大-和平,2023-03-13,9863
8050,廣積,9,0,9,元大-和平,2023-03-13,9863
4763,材料-KY,15,6,9,元大-和平,2023-03-13,9863
3264,欣銓,12,4,8,元大-和平,2023-03-13,9863
4175,杏一,10,2,8,元大-和平,2023-03-13,9863
2883,凱基金,8,0,8,元大-和平,2023-03-13,9863
1907,永豐餘,7,0,7,元大-和平,2023-03-13,9863
2399,映泰,7,0,7,元大-和平,2023-03-13,9863
2603,長榮,404,16,388,元大-和平,2023-03-14,9863
00878,國泰永續高股息,194,19,175,元大-和平,2023-03-14,9863
2891,中信金,165,0,165,元大-和平,2023-03-14,9863
2618,長榮航,176,59,117,元大-和平,2023-03-14,9863
00712,復華富時不動產,111,0,111,元大-和平,2023-03-14,9863
00885,富邦越南,97,0,97,元大-和平,2023-03-14,9863
2888,新光金,86,0,86,元大-和平,2023-03-14,9863
2610,華航,75,10,65,元大-和平,2023-03-14,9863
3234,光環,55,0,55,元大-和平,2023-03-14,9863
5880,合庫金,52,1,51,元大-和平,2023-03-14,9863
1516,川飛,40,0,40,元大-和平,2023-03-14,9863
00637L,元大滬深300正2,38,0,38,元大-和平,2023-03-14,9863
0056,元大高股息,36,0,36,元大-和平,2023-03-14,9863
00713,元大台灣高息低波,33,0,33,元大-和平,2023-03-14,9863
2883,凱基金,27,0,27,元大-和平,2023-03-14,9863
2882,國泰金,28,5,23,元大-和平,2023-03-14,9863
8069,元太,27,4,23,元大-和平,2023-03-14,9863
2344,華邦電,23,0,23,元大-和平,2023-03-14,9863
00715L,期街口布蘭特正2,21,0,21,元大-和平,2023-03-14,9863
1437,勤益控,20,0,20,元大-和平,2023-03-14,9863
3033,威健,20,0,20,元大-和平,2023-03-14,9863
2317,鴻海,19,0,19,元大-和平,2023-03-14,9863
00902,中信電池及儲能,18,0,18,元大-和平,2023-03-14,9863
2453,凌群,27,10,17,元大-和平,2023-03-14,9863
3481,群創,22,5,17,元大-和平,2023-03-14,9863
2892,第一金,20,5,15,元大-和平,2023-03-14,9863
3178,公準,15,0,15,元大-和平,2023-03-14,9863
4536,拓凱,14,1,13,元大-和平,2023-03-14,9863
00893,國泰智能電動車,13,0,13,元大-和平,2023-03-14,9863
2359,所羅門,17,4,13,元大-和平,2023-03-14,9863
2457,飛宏,47,35,12,元大-和平,2023-03-14,9863
2645,長榮航太,13,1,12,元大-和平,2023-03-14,9863
4743,合一,12,0,12,元大-和平,2023-03-14,9863
0050,元大台灣50,12,0,12,元大-和平,2023-03-14,9863
4916,事欣科,15,4,11,元大-和平,2023-03-14,9863
2313,華通,12,2,10,元大-和平,2023-03-14,9863
00919,群益台灣精選高息,10,0,10,元大-和平,2023-03-14,9863
2353,宏��,10,0,10,元大-和平,2023-03-14,9863
4958,臻鼎-KY,10,0,10,元大-和平,2023-03-14,9863
6152,百一,10,0,10,元大-和平,2023-03-14,9863
9945,潤泰新,9,0,9,元大-和平,2023-03-14,9863
3042,晶技,9,0,9,元大-和平,2023-03-14,9863
2887,台新金,9,0,9,元大-和平,2023-03-14,9863
2388,威盛,26,17,9,元大-和平,2023-03-14,9863
2409,友達,8,0,8,元大-和平,2023-03-14,9863
00681R,元大美債20反1,8,0,8,元大-和平,2023-03-14,9863
00679B,元大美債20年,9,1,8,元大-和平,2023-03-14,9863
2002,中鋼,8,0,8,元大-和平,2023-03-14,9863
6269,台郡,7,0,7,元大-和平,2023-03-14,9863
2915,潤泰全,7,0,7,元大-和平,2023-03-14,9863
2332,友訊,100,0,100,元大-和平,2023-03-15,9863
00713,元大台灣高息低波,85,0,85,元大-和平,2023-03-15,9863
1605,華新,83,13,70,元大-和平,2023-03-15,9863
2312,金寶,60,0,60,元大-和平,2023-03-15,9863
00715L,期街口布蘭特正2,52,0,52,元大-和平,2023-03-15,9863
2419,仲琦,50,0,50,元大-和平,2023-03-15,9863
00878,國泰永續高股息,46,2,44,元大-和平,2023-03-15,9863
2609,陽明,52,12,40,元大-和平,2023-03-15,9863
2888,新光金,35,0,35,元大-和平,2023-03-15,9863
5880,合庫金,34,0,34,元大-和平,2023-03-15,9863
2891,中信金,32,0,32,元大-和平,2023-03-15,9863
6129,普誠,35,5,30,元大-和平,2023-03-15,9863
3481,群創,27,2,25,元大-和平,2023-03-15,9863
3094,聯傑,27,2,25,元大-和平,2023-03-15,9863
2884,玉山金,33,9,24,元大-和平,2023-03-15,9863
6235,華孚,30,9,21,元大-和平,2023-03-15,9863
4938,和碩,21,1,20,元大-和平,2023-03-15,9863
1409,新纖,20,0,20,元大-和平,2023-03-15,9863
6290,良維,20,1,19,元大-和平,2023-03-15,9863
2027,大成鋼,22,6,16,元大-和平,2023-03-15,9863
2236,百達-KY,16,0,16,元大-和平,2023-03-15,9863
2482,連宇,30,15,15,元大-和平,2023-03-15,9863
8222,寶一,15,0,15,元大-和平,2023-03-15,9863
2883,凱基金,14,0,14,元大-和平,2023-03-15,9863
2887,台新金,14,0,14,元大-和平,2023-03-15,9863
2834,臺企銀,13,0,13,元大-和平,2023-03-15,9863
00772B,中信高評級公司債,12,0,12,元大-和平,2023-03-15,9863
2485,兆赫,14,2,12,元大-和平,2023-03-15,9863
9904,寶成,12,0,12,元大-和平,2023-03-15,9863
00751B,元大AAA至A公司債,11,0,11,元大-和平,2023-03-15,9863
2481,強茂,11,0,11,元大-和平,2023-03-15,9863
6770,力積電,14,3,11,元大-和平,2023-03-15,9863
2607,榮運,11,1,10,元大-和平,2023-03-15,9863
1314,中石化,10,0,10,元大-和平,2023-03-15,9863
00676R,富邦臺灣加權反1,10,0,10,元大-和平,2023-03-15,9863
4967,十銓,10,0,10,元大-和平,2023-03-15,9863
2820,華票,9,0,9,元大-和平,2023-03-15,9863
2880,華南金,9,0,9,元大-和平,2023-03-15,9863
2890,永豐金,9,0,9,元大-和平,2023-03-15,9863
00720B,元大投資級公司債,8,0,8,元大-和平,2023-03-15,9863
6163,華電網,10,2,8,元大-和平,2023-03-15,9863
2330,台積電,9,1,8,元大-和平,2023-03-15,9863
2211,長榮鋼,7,0,7,元大-和平,2023-03-15,9863
3037,欣興,11,4,7,元大-和平,2023-03-15,9863
1503,士電,7,0,7,元大-和平,2023-03-15,9863
00712,復華富時不動產,6,0,6,元大-和平,2023-03-15,9863
1109,信大,6,0,6,元大-和平,2023-03-15,9863
00923,群益台ESG低碳50,6,0,6,元大-和平,2023-03-15,9863
3046,建��,6,0,6,元大-和平,2023-03-15,9863
3062,建漢,6,0,6,元大-和平,2023-03-15,9863
2891,中信金,1183,0,1183,元大-和平,2023-03-16,9863
2882,國泰金,507,17,490,元大-和平,2023-03-16,9863
2834,臺企銀,190,15,175,元大-和平,2023-03-16,9863
00715L,期街口布蘭特正2,166,3,163,元大-和平,2023-03-16,9863
1605,華新,106,3,103,元大-和平,2023-03-16,9863
00878,國泰永續高股息,70,11,59,元大-和平,2023-03-16,9863
1909,榮成,55,1,54,元大-和平,2023-03-16,9863
1104,環泥,54,0,54,元大-和平,2023-03-16,9863
2332,友訊,50,0,50,元大-和平,2023-03-16,9863
2888,新光金,68,19,49,元大-和平,2023-03-16,9863
2027,大成鋼,47,2,45,元大-和平,2023-03-16,9863
00713,元大台灣高息低波,43,1,42,元大-和平,2023-03-16,9863
6776,展�眥篕�,40,0,40,元大-和平,2023-03-16,9863
4934,太極,40,1,39,元大-和平,2023-03-16,9863
4155,訊映,41,3,38,元大-和平,2023-03-16,9863
2504,國產,35,0,35,元大-和平,2023-03-16,9863
0056,元大高股息,36,6,30,元大-和平,2023-03-16,9863
2388,威盛,31,4,27,元大-和平,2023-03-16,9863
2892,第一金,26,0,26,元大-和平,2023-03-16,9863
2498,宏達電,40,14,26,元大-和平,2023-03-16,9863
2883,凱基金,24,0,24,元大-和平,2023-03-16,9863
6271,同欣電,25,2,23,元大-和平,2023-03-16,9863
2313,華通,21,0,21,元大-和平,2023-03-16,9863
2884,玉山金,20,0,20,元大-和平,2023-03-16,9863
2330,台積電,20,0,20,元大-和平,2023-03-16,9863
00676R,富邦臺灣加權反1,20,0,20,元大-和平,2023-03-16,9863
1437,勤益控,20,0,20,元大-和平,2023-03-16,9863
1734,杏輝,20,0,20,元大-和平,2023-03-16,9863
2880,華南金,21,1,20,元大-和平,2023-03-16,9863
2413,環科,18,1,17,元大-和平,2023-03-16,9863
3056,富華新,46,29,17,元大-和平,2023-03-16,9863
4164,承業醫,20,4,16,元大-和平,2023-03-16,9863
6231,系微,19,3,16,元大-和平,2023-03-16,9863
1516,川飛,15,0,15,元大-和平,2023-03-16,9863
6123,上奇,15,2,13,元大-和平,2023-03-16,9863
3481,群創,24,11,13,元大-和平,2023-03-16,9863
00923,群益台ESG低碳50,14,1,13,元大-和平,2023-03-16,9863
2236,百達-KY,11,0,11,元大-和平,2023-03-16,9863
8171,天宇,20,9,11,元大-和平,2023-03-16,9863
2881,富邦金,11,0,11,元大-和平,2023-03-16,9863
2885,元大金,15,4,11,元大-和平,2023-03-16,9863
8069,元太,15,5,10,元大-和平,2023-03-16,9863
00712,復華富時不動產,10,0,10,元大-和平,2023-03-16,9863
5009,榮剛,30,20,10,元大-和平,2023-03-16,9863
3312,弘憶股,10,0,10,元大-和平,2023-03-16,9863
00680L,元大美債20正2,10,0,10,元大-和平,2023-03-16,9863
1802,台玻,10,0,10,元大-和平,2023-03-16,9863
1905,華紙,10,0,10,元大-和平,2023-03-16,9863
2530,華建,10,0,10,元大-和平,2023-03-16,9863
2705,六福,10,0,10,元大-和平,2023-03-16,9863
2883,凱基金,508,0,508,元大-和平,2023-03-17,9863
2885,元大金,260,1,259,元大-和平,2023-03-17,9863
00712,復華富時不動產,202,0,202,元大-和平,2023-03-17,9863
3481,群創,178,33,145,元大-和平,2023-03-17,9863
00715L,期街口布蘭特正2,96,0,96,元大-和平,2023-03-17,9863
2834,臺企銀,74,1,73,元大-和平,2023-03-17,9863
2332,友訊,50,0,50,元大-和平,2023-03-17,9863
2884,玉山金,48,0,48,元大-和平,2023-03-17,9863
3078,僑威,71,27,44,元大-和平,2023-03-17,9863
00632R,元大台灣50反1,42,0,42,元大-和平,2023-03-17,9863
8367,建新國際,35,0,35,元大-和平,2023-03-17,9863
2607,榮運,31,0,31,元大-和平,2023-03-17,9863
9904,寶成,29,0,29,元大-和平,2023-03-17,9863
2359,所羅門,29,3,26,元大-和平,2023-03-17,9863
00902,中信電池及儲能,25,0,25,元大-和平,2023-03-17,9863
4746,台耀,25,0,25,元大-和平,2023-03-17,9863
2618,長榮航,24,1,23,元大-和平,2023-03-17,9863
5521,工信,22,0,22,元大-和平,2023-03-17,9863
2371,大同,21,0,21,元大-和平,2023-03-17,9863
5009,榮剛,42,21,21,元大-和平,2023-03-17,9863
1312,國喬,30,10,20,元大-和平,2023-03-17,9863
2641,正德,20,0,20,元大-和平,2023-03-17,9863
2867,三商壽,20,0,20,元大-和平,2023-03-17,9863
00878,國泰永續高股息,21,1,20,元大-和平,2023-03-17,9863
2609,陽明,18,2,16,元大-和平,2023-03-17,9863
1734,杏輝,15,0,15,元大-和平,2023-03-17,9863
2376,技嘉,13,0,13,元大-和平,2023-03-17,9863
2388,威盛,13,0,13,元大-和平,2023-03-17,9863
2645,長榮航太,13,0,13,元大-和平,2023-03-17,9863
2399,映泰,16,3,13,元大-和平,2023-03-17,9863
5607,遠雄港,12,0,12,元大-和平,2023-03-17,9863
00713,元大台灣高息低波,12,0,12,元大-和平,2023-03-17,9863
2727,王品,11,0,11,元大-和平,2023-03-17,9863
6753,龍德造船,10,0,10,元大-和平,2023-03-17,9863
00923,群益台ESG低碳50,10,0,10,元大-和平,2023-03-17,9863
1516,川飛,10,0,10,元大-和平,2023-03-17,9863
2497,怡利電,10,0,10,元大-和平,2023-03-17,9863
2520,冠德,10,0,10,元大-和平,2023-03-17,9863
2633,台灣高鐵,10,0,10,元大-和平,2023-03-17,9863
6153,嘉聯益,10,0,10,元大-和平,2023-03-17,9863
4906,正文,15,5,10,元大-和平,2023-03-17,9863
1319,東陽,17,7,10,元大-和平,2023-03-17,9863
5289,宜鼎,14,5,9,元大-和平,2023-03-17,9863
2882,國泰金,10,1,9,元大-和平,2023-03-17,9863
6517,保勝光學,9,0,9,元大-和平,2023-03-17,9863
6182,合晶,11,2,9,元大-和平,2023-03-17,9863
9921,巨大,9,0,9,元大-和平,2023-03-17,9863
00674R,期元大S＆P黃金反1,8,0,8,元大-和平,2023-03-17,9863
1503,士電,7,0,7,元大-和平,2023-03-17,9863
6282,康舒,10,3,7,元大-和平,2023-03-17,9863
2885,元大金,255,1,254,元大-和平,2023-03-20,9863
2881,富邦金,246,0,246,元大-和平,2023-03-20,9863
6443,元晶,225,52,173,元大-和平,2023-03-20,9863
00715L,期街口布蘭特正2,134,12,122,元大-和平,2023-03-20,9863
1605,華新,96,8,88,元大-和平,2023-03-20,9863
2453,凌群,84,25,59,元大-和平,2023-03-20,9863
00878,國泰永續高股息,58,0,58,元大-和平,2023-03-20,9863
2891,中信金,38,4,34,元大-和平,2023-03-20,9863
00923,群益台ESG低碳50,32,0,32,元大-和平,2023-03-20,9863
2485,兆赫,32,0,32,元大-和平,2023-03-20,9863
00642U,期元大S＆P石油,22,0,22,元大-和平,2023-03-20,9863
2103,台橡,22,0,22,元大-和平,2023-03-20,9863
1762,中化生,23,2,21,元大-和平,2023-03-20,9863
2880,華南金,21,0,21,元大-和平,2023-03-20,9863
4155,訊映,20,0,20,元大-和平,2023-03-20,9863
6799,來頡,20,0,20,元大-和平,2023-03-20,9863
2610,華航,17,0,17,元大-和平,2023-03-20,9863
2618,長榮航,17,0,17,元大-和平,2023-03-20,9863
00673R,期元大S＆P原油反1,20,4,16,元大-和平,2023-03-20,9863
2882,國泰金,14,0,14,元大-和平,2023-03-20,9863
00674R,期元大S＆P黃金反1,13,0,13,元大-和平,2023-03-20,9863
2609,陽明,13,1,12,元大-和平,2023-03-20,9863
2317,鴻海,12,0,12,元大-和平,2023-03-20,9863
6753,龍德造船,14,2,12,元大-和平,2023-03-20,9863
00882,中信中國高股息,11,0,11,元大-和平,2023-03-20,9863
2727,王品,10,0,10,元大-和平,2023-03-20,9863
2888,新光金,10,0,10,元大-和平,2023-03-20,9863
4919,新唐,12,2,10,元大-和平,2023-03-20,9863
2354,鴻準,10,0,10,元大-和平,2023-03-20,9863
2421,建準,10,0,10,元大-和平,2023-03-20,9863
6244,茂迪,19,10,9,元大-和平,2023-03-20,9863
3036A,文曄甲特,9,0,9,元大-和平,2023-03-20,9863
3265,台星科,10,1,9,元大-和平,2023-03-20,9863
3209,全科,10,1,9,元大-和平,2023-03-20,9863
3056,富華新,12,4,8,元大-和平,2023-03-20,9863
1218,泰山,8,0,8,元大-和平,2023-03-20,9863
00655L,國泰中國A50正2,8,0,8,元大-和平,2023-03-20,9863
1609,大亞,13,5,8,元大-和平,2023-03-20,9863
00688L,國泰20年美債正2,7,0,7,元大-和平,2023-03-20,9863
1909,榮成,7,0,7,元大-和平,2023-03-20,9863
2002,中鋼,7,0,7,元大-和平,2023-03-20,9863
2482,連宇,37,30,7,元大-和平,2023-03-20,9863
1513,中興電,12,5,7,元大-和平,2023-03-20,9863
2406,國碩,6,0,6,元大-和平,2023-03-20,9863
3005,神基,6,0,6,元大-和平,2023-03-20,9863
00633L,富邦上証正2,6,0,6,元大-和平,2023-03-20,9863
1503,士電,7,1,6,元大-和平,2023-03-20,9863
6125,廣運,6,0,6,元大-和平,2023-03-20,9863
2388,威盛,14,9,5,元大-和平,2023-03-20,9863
2455,全新,5,0,5,元大-和平,2023-03-20,9863
00632R,元大台灣50反1,240,1,239,元大-和平,2023-03-21,9863
2891,中信金,239,7,232,元大-和平,2023-03-21,9863
2881,富邦金,84,0,84,元大-和平,2023-03-21,9863
1605,華新,80,10,70,元大-和平,2023-03-21,9863
2834,臺企銀,30,1,29,元大-和平,2023-03-21,9863
2303,聯電,48,20,28,元大-和平,2023-03-21,9863
2471,資通,32,6,26,元大-和平,2023-03-21,9863
2884,玉山金,23,1,22,元大-和平,2023-03-21,9863
5512,力麒,21,0,21,元大-和平,2023-03-21,9863
3322,建舜電,20,0,20,元大-和平,2023-03-21,9863
2017,官田鋼,19,0,19,元大-和平,2023-03-21,9863
2402,毅嘉,39,21,18,元大-和平,2023-03-21,9863
6182,合晶,22,5,17,元大-和平,2023-03-21,9863
2609,陽明,19,3,16,元大-和平,2023-03-21,9863
2421,建準,19,5,14,元大-和平,2023-03-21,9863
8064,東捷,15,1,14,元大-和平,2023-03-21,9863
00885,富邦越南,14,0,14,元大-和平,2023-03-21,9863
4979,華星光,13,0,13,元大-和平,2023-03-21,9863
6231,系微,17,5,12,元大-和平,2023-03-21,9863
6533,晶心科,12,0,12,元大-和平,2023-03-21,9863
2812,台中銀,12,0,12,元大-和平,2023-03-21,9863
5425,台半,14,2,12,元大-和平,2023-03-21,9863
2481,強茂,15,4,11,元大-和平,2023-03-21,9863
9955,佳龍,24,13,11,元大-和平,2023-03-21,9863
00712,復華富時不動產,11,0,11,元大-和平,2023-03-21,9863
00688L,國泰20年美債正2,11,0,11,元大-和平,2023-03-21,9863
1609,大亞,12,1,11,元大-和平,2023-03-21,9863
2453,凌群,37,26,11,元大-和平,2023-03-21,9863
6233,旺玖,10,0,10,元大-和平,2023-03-21,9863
6799,來頡,10,0,10,元大-和平,2023-03-21,9863
0061,元大寶滬深,10,0,10,元大-和平,2023-03-21,9863
2103,台橡,10,0,10,元大-和平,2023-03-21,9863
2597,潤弘,10,0,10,元大-和平,2023-03-21,9863
3711,日月光投控,10,0,10,元大-和平,2023-03-21,9863
6245,立端,10,0,10,元大-和平,2023-03-21,9863
2002,中鋼,11,2,9,元大-和平,2023-03-21,9863
1101,台泥,9,0,9,元大-和平,2023-03-21,9863
6274,台燿,12,3,9,元大-和平,2023-03-21,9863
5258,虹堡,16,7,9,元大-和平,2023-03-21,9863
3162,精確,12,3,9,元大-和平,2023-03-21,9863
6188,廣明,10,3,7,元大-和平,2023-03-21,9863
6235,華孚,17,10,7,元大-和平,2023-03-21,9863
1503,士電,9,2,7,元大-和平,2023-03-21,9863
2883,凱基金,7,0,7,元大-和平,2023-03-21,9863
5321,美而快,7,0,7,元大-和平,2023-03-21,9863
2330,台積電,8,1,7,元大-和平,2023-03-21,9863
1513,中興電,11,5,6,元大-和平,2023-03-21,9863
2601,益航,7,1,6,元大-和平,2023-03-21,9863
3058,立德,10,4,6,元大-和平,2023-03-21,9863
3673,TPK-KY,6,0,6,元大-和平,2023-03-21,9863
2312,金寶,80,0,80,元大-和平,2023-03-22,9863
2332,友訊,70,0,70,元大-和平,2023-03-22,9863
5009,榮剛,72,3,69,元大-和平,2023-03-22,9863
00632R,元大台灣50反1,70,11,59,元大-和平,2023-03-22,9863
00900,富邦特選高股息30,58,0,58,元大-和平,2023-03-22,9863
1909,榮成,49,0,49,元大-和平,2023-03-22,9863
2482,連宇,52,20,32,元大-和平,2023-03-22,9863
2481,強茂,52,20,32,元大-和平,2023-03-22,9863
5608,四維航,29,0,29,元大-和平,2023-03-22,9863
3491,昇達科,24,0,24,元大-和平,2023-03-22,9863
2880,華南金,24,0,24,元大-和平,2023-03-22,9863
00753L,中信中國50正2,23,0,23,元大-和平,2023-03-22,9863
2425,承啟,24,3,21,元大-和平,2023-03-22,9863
00715L,期街口布蘭特正2,21,1,20,元大-和平,2023-03-22,9863
6275,元山,20,0,20,元大-和平,2023-03-22,9863
2344,華邦電,20,1,19,元大-和平,2023-03-22,9863
2884,玉山金,30,12,18,元大-和平,2023-03-22,9863
2882,國泰金,19,2,17,元大-和平,2023-03-22,9863
2027,大成鋼,18,3,15,元大-和平,2023-03-22,9863
2063,世鎧,15,0,15,元大-和平,2023-03-22,9863
2834,臺企銀,16,1,15,元大-和平,2023-03-22,9863
3380,明泰,15,0,15,元大-和平,2023-03-22,9863
2645,長榮航太,14,0,14,元大-和平,2023-03-22,9863
3481,群創,17,3,14,元大-和平,2023-03-22,9863
4906,正文,13,0,13,元大-和平,2023-03-22,9863
2634,漢翔,12,0,12,元大-和平,2023-03-22,9863
00712,復華富時不動產,12,0,12,元大-和平,2023-03-22,9863
6288,聯嘉,19,7,12,元大-和平,2023-03-22,9863
8215,明基材,12,0,12,元大-和平,2023-03-22,9863
4306,炎洲,14,3,11,元大-和平,2023-03-22,9863
2457,飛宏,38,28,10,元大-和平,2023-03-22,9863
2409,友達,10,0,10,元大-和平,2023-03-22,9863
2017,官田鋼,10,0,10,元大-和平,2023-03-22,9863
2913,農林,10,0,10,元大-和平,2023-03-22,9863
6129,普誠,11,1,10,元大-和平,2023-03-22,9863
8367,建新國際,10,0,10,元大-和平,2023-03-22,9863
9945,潤泰新,32,22,10,元大-和平,2023-03-22,9863
2915,潤泰全,21,12,9,元大-和平,2023-03-22,9863
00679B,元大美債20年,13,5,8,元大-和平,2023-03-22,9863
2359,所羅門,12,4,8,元大-和平,2023-03-22,9863
3058,立德,9,1,8,元大-和平,2023-03-22,9863
3374,精材,9,2,7,元大-和平,2023-03-22,9863
3056,富華新,10,3,7,元大-和平,2023-03-22,9863
3264,欣銓,8,1,7,元大-和平,2023-03-22,9863
2890,永豐金,6,0,6,元大-和平,2023-03-22,9863
2891,中信金,15,9,6,元大-和平,2023-03-22,9863
6841,長佳智能,8,2,6,元大-和平,2023-03-22,9863
2421,建準,6,0,6,元大-和平,2023-03-22,9863
00688L,國泰20年美債正2,6,0,6,元大-和平,2023-03-22,9863
2401,凌陽,6,0,6,元大-和平,2023-03-22,9863
00632R,元大台灣50反1,166,101,65,元大-和平,2023-03-23,9863
2354,鴻準,52,3,49,元大-和平,2023-03-23,9863
3094,聯傑,46,3,43,元大-和平,2023-03-23,9863
9904,寶成,40,0,40,元大-和平,2023-03-23,9863
3481,群創,44,4,40,元大-和平,2023-03-23,9863
5608,四維航,43,5,38,元大-和平,2023-03-23,9863
2634,漢翔,40,5,35,元大-和平,2023-03-23,9863
00679B,元大美債20年,45,15,30,元大-和平,2023-03-23,9863
00680L,元大美債20正2,30,0,30,元大-和平,2023-03-23,9863
2332,友訊,33,3,30,元大-和平,2023-03-23,9863
00751B,元大AAA至A公司債,30,1,29,元大-和平,2023-03-23,9863
2413,環科,29,0,29,元大-和平,2023-03-23,9863
8069,元太,35,7,28,元大-和平,2023-03-23,9863
1609,大亞,25,1,24,元大-和平,2023-03-23,9863
2637,慧洋-KY,22,0,22,元大-和平,2023-03-23,9863
2303,聯電,22,1,21,元大-和平,2023-03-23,9863
6188,廣明,21,0,21,元大-和平,2023-03-23,9863
3596,智易,16,0,16,元大-和平,2023-03-23,9863
3217,優群,16,1,15,元大-和平,2023-03-23,9863
6235,華孚,24,9,15,元大-和平,2023-03-23,9863
8176,智捷,15,0,15,元大-和平,2023-03-23,9863
2603,長榮,14,2,12,元大-和平,2023-03-23,9863
2402,毅嘉,115,104,11,元大-和平,2023-03-23,9863
2204,中華,15,4,11,元大-和平,2023-03-23,9863
2892,第一金,10,0,10,元大-和平,2023-03-23,9863
00676R,富邦臺灣加權反1,10,0,10,元大-和平,2023-03-23,9863
1321,大洋,10,0,10,元大-和平,2023-03-23,9863
1524,耿鼎,11,1,10,元大-和平,2023-03-23,9863
2312,金寶,25,15,10,元大-和平,2023-03-23,9863
2606,裕民,11,1,10,元大-和平,2023-03-23,9863
2612,中航,10,0,10,元大-和平,2023-03-23,9863
2913,農林,10,0,10,元大-和平,2023-03-23,9863
3081,聯亞,12,2,10,元大-和平,2023-03-23,9863
3666,光耀,10,0,10,元大-和平,2023-03-23,9863
6139,亞翔,10,0,10,元大-和平,2023-03-23,9863
3491,昇達科,18,8,10,元大-和平,2023-03-23,9863
5351,鈺創,20,11,9,元大-和平,2023-03-23,9863
00923,群益台ESG低碳50,10,1,9,元大-和平,2023-03-23,9863
00674R,期元大S＆P黃金反1,9,0,9,元大-和平,2023-03-23,9863
00882,中信中國高股息,9,0,9,元大-和平,2023-03-23,9863
2371,大同,10,1,9,元大-和平,2023-03-23,9863
2382,廣達,10,1,9,元大-和平,2023-03-23,9863
2610,華航,10,1,9,元大-和平,2023-03-23,9863
3545,敦泰,10,1,9,元大-和平,2023-03-23,9863
00878,國泰永續高股息,35,27,8,元大-和平,2023-03-23,9863
2421,建準,10,2,8,元大-和平,2023-03-23,9863
6411,晶焱,8,0,8,元大-和平,2023-03-23,9863
4953,緯軟,7,0,7,元大-和平,2023-03-23,9863
6223,旺矽,10,3,7,元大-和平,2023-03-23,9863
3479,安勤,27,20,7,元大-和平,2023-03-23,9863
00632R,元大台灣50反1,237,102,135,元大-和平,2023-03-24,9863
1795,美時,140,11,129,元大-和平,2023-03-24,9863
2303,聯電,96,13,83,元大-和平,2023-03-24,9863
1605,華新,48,12,36,元大-和平,2023-03-24,9863
00725B,國泰投資級公司債,32,0,32,元大-和平,2023-03-24,9863
5213,亞昕,31,0,31,元大-和平,2023-03-24,9863
2014,中鴻,30,0,30,元大-和平,2023-03-24,9863
2888,新光金,28,2,26,元大-和平,2023-03-24,9863
4190,佐登-KY,25,0,25,元大-和平,2023-03-24,9863
6776,展�眥篕�,25,0,25,元大-和平,2023-03-24,9863
2312,金寶,62,40,22,元大-和平,2023-03-24,9863
2332,友訊,111,90,21,元大-和平,2023-03-24,9863
2612,中航,24,3,21,元大-和平,2023-03-24,9863
00715L,期街口布蘭特正2,21,1,20,元大-和平,2023-03-24,9863
3520,華盈,23,3,20,元大-和平,2023-03-24,9863
6416,瑞祺電通,20,0,20,元大-和平,2023-03-24,9863
8050,廣積,20,0,20,元大-和平,2023-03-24,9863
8926,台汽電,19,0,19,元大-和平,2023-03-24,9863
00751B,元大AAA至A公司債,20,2,18,元大-和平,2023-03-24,9863
3494,誠研,20,3,17,元大-和平,2023-03-24,9863
00712,復華富時不動產,15,0,15,元大-和平,2023-03-24,9863
2618,長榮航,15,0,15,元大-和平,2023-03-24,9863
2882,國泰金,14,0,14,元大-和平,2023-03-24,9863
2609,陽明,16,3,13,元大-和平,2023-03-24,9863
3689,湧德,13,0,13,元大-和平,2023-03-24,9863
4541,晟田,13,0,13,元大-和平,2023-03-24,9863
5009,榮剛,13,0,13,元大-和平,2023-03-24,9863
6231,系微,29,17,12,元大-和平,2023-03-24,9863
00923,群益台ESG低碳50,12,0,12,元大-和平,2023-03-24,9863
2482,連宇,16,4,12,元大-和平,2023-03-24,9863
9945,潤泰新,14,2,12,元大-和平,2023-03-24,9863
1326,台化,11,0,11,元大-和平,2023-03-24,9863
2421,建準,10,0,10,元大-和平,2023-03-24,9863
2704,國賓,10,0,10,元大-和平,2023-03-24,9863
2915,潤泰全,10,0,10,元大-和平,2023-03-24,9863
3704,合勤控,10,0,10,元大-和平,2023-03-24,9863
2351,順德,12,2,10,元大-和平,2023-03-24,9863
6533,晶心科,10,1,9,元大-和平,2023-03-24,9863
3006,晶豪科,10,2,8,元大-和平,2023-03-24,9863
4147,中裕,8,0,8,元大-和平,2023-03-24,9863
6552,易華電,8,0,8,元大-和平,2023-03-24,9863
2404,漢唐,7,0,7,元大-和平,2023-03-24,9863
4763,材料-KY,9,2,7,元大-和平,2023-03-24,9863
2204,中華,7,0,7,元大-和平,2023-03-24,9863
2313,華通,30,23,7,元大-和平,2023-03-24,9863
6443,元晶,7,1,6,元大-和平,2023-03-24,9863
3406,玉晶光,6,0,6,元大-和平,2023-03-24,9863
2413,環科,6,0,6,元大-和平,2023-03-24,9863
2891,中信金,6,0,6,元大-和平,2023-03-24,9863
5536,聖暉*,6,0,6,元大-和平,2023-03-24,9863
1795,美時,123,5,118,元大-和平,2023-03-27,9863
00882,中信中國高股息,75,0,75,元大-和平,2023-03-27,9863
00922,國泰台灣領袖50,67,0,67,元大-和平,2023-03-27,9863
1504,東元,80,39,41,元大-和平,2023-03-27,9863
1605,華新,38,0,38,元大-和平,2023-03-27,9863
1903,士紙,28,0,28,元大-和平,2023-03-27,9863
2419,仲琦,31,3,28,元大-和平,2023-03-27,9863
2404,漢唐,30,7,23,元大-和平,2023-03-27,9863
2603,長榮,23,1,22,元大-和平,2023-03-27,9863
3032,偉訓,27,5,22,元大-和平,2023-03-27,9863
1342,八貫,22,1,21,元大-和平,2023-03-27,9863
3576,聯合再生,20,1,19,元大-和平,2023-03-27,9863
3071,協禧,19,0,19,元大-和平,2023-03-27,9863
6231,系微,26,10,16,元大-和平,2023-03-27,9863
2727,王品,16,1,15,元大-和平,2023-03-27,9863
2634,漢翔,23,7,16,元大-和平,2023-03-27,9863
4580,捷流閥業,14,0,14,元大-和平,2023-03-27,9863
6561,是方,14,0,14,元大-和平,2023-03-27,9863
6770,力積電,16,3,13,元大-和平,2023-03-27,9863
4967,十銓,18,5,13,元大-和平,2023-03-27,9863
9945,潤泰新,12,0,12,元大-和平,2023-03-27,9863
6244,茂迪,16,4,12,元大-和平,2023-03-27,9863
8222,寶一,17,6,11,元大-和平,2023-03-27,9863
6416,瑞祺電通,12,1,11,元大-和平,2023-03-27,9863
2105,正新,12,2,10,元大-和平,2023-03-27,9863
4960,誠美材,10,0,10,元大-和平,2023-03-27,9863
4572,駐龍,11,1,10,元大-和平,2023-03-27,9863
00712,復華富時不動產,10,0,10,元大-和平,2023-03-27,9863
00923,群益台ESG低碳50,10,0,10,元大-和平,2023-03-27,9863
2349,錸德,10,0,10,元大-和平,2023-03-27,9863
3058,立德,10,0,10,元大-和平,2023-03-27,9863
4155,訊映,10,0,10,元大-和平,2023-03-27,9863
4746,台耀,12,2,10,元大-和平,2023-03-27,9863
6606,建德工業,10,0,10,元大-和平,2023-03-27,9863
2609,陽明,15,6,9,元大-和平,2023-03-27,9863
2317,鴻海,9,1,8,元大-和平,2023-03-27,9863
00773B,中信優先金融債,8,0,8,元大-和平,2023-03-27,9863
00725B,國泰投資級公司債,8,0,8,元大-和平,2023-03-27,9863
3715,定穎投控,10,2,8,元大-和平,2023-03-27,9863
6290,良維,10,2,8,元大-和平,2023-03-27,9863
2330,台積電,10,2,8,元大-和平,2023-03-27,9863
3714,富采,13,6,7,元大-和平,2023-03-27,9863
6245,立端,7,0,7,元大-和平,2023-03-27,9863
3552,同致,10,3,7,元大-和平,2023-03-27,9863
6546,正基,7,0,7,元大-和平,2023-03-27,9863
1609,大亞,50,44,6,元大-和平,2023-03-27,9863
2329,華泰,6,0,6,元大-和平,2023-03-27,9863
2610,華航,6,0,6,元大-和平,2023-03-27,9863
5522,遠雄,6,0,6,元大-和平,2023-03-27,9863
6213,聯茂,7,1,6,元大-和平,2023-03-27,9863
2402,毅嘉,82,10,72,元大-和平,2023-03-28,9863
6485,點序,49,0,49,元大-和平,2023-03-28,9863
6123,上奇,44,2,42,元大-和平,2023-03-28,9863
00679B,元大美債20年,40,0,40,元大-和平,2023-03-28,9863
5309,系統電,39,0,39,元大-和平,2023-03-28,9863
00922,國泰台灣領袖50,30,0,30,元大-和平,2023-03-28,9863
00680L,元大美債20正2,30,0,30,元大-和平,2023-03-28,9863
2413,環科,30,1,29,元大-和平,2023-03-28,9863
2453,凌群,28,0,28,元大-和平,2023-03-28,9863
3481,群創,27,2,25,元大-和平,2023-03-28,9863
6122,擎邦,33,8,25,元大-和平,2023-03-28,9863
2317,鴻海,24,0,24,元大-和平,2023-03-28,9863
6517,保勝光學,24,0,24,元大-和平,2023-03-28,9863
2303,聯電,23,0,23,元大-和平,2023-03-28,9863
2332,友訊,40,20,20,元大-和平,2023-03-28,9863
3494,誠研,20,0,20,元大-和平,2023-03-28,9863
3037,欣興,21,5,16,元大-和平,2023-03-28,9863
1605,華新,30,15,15,元大-和平,2023-03-28,9863
3071,協禧,15,0,15,元大-和平,2023-03-28,9863
1584,精剛,22,7,15,元大-和平,2023-03-28,9863
5203,訊連,15,0,15,元大-和平,2023-03-28,9863
5452,佶優,15,0,15,元大-和平,2023-03-28,9863
3374,精材,14,0,14,元大-和平,2023-03-28,9863
8069,元太,17,3,14,元大-和平,2023-03-28,9863
2388,威盛,14,1,13,元大-和平,2023-03-28,9863
00632R,元大台灣50反1,16,3,13,元大-和平,2023-03-28,9863
6770,力積電,14,1,13,元大-和平,2023-03-28,9863
2337,旺宏,12,0,12,元大-和平,2023-03-28,9863
6752,叡揚,12,0,12,元大-和平,2023-03-28,9863
00712,復華富時不動產,12,0,12,元大-和平,2023-03-28,9863
2382,廣達,13,2,11,元大-和平,2023-03-28,9863
0056,元大高股息,11,0,11,元大-和平,2023-03-28,9863
3406,玉晶光,11,0,11,元大-和平,2023-03-28,9863
8171,天宇,15,5,10,元大-和平,2023-03-28,9863
00655L,國泰中國A50正2,10,0,10,元大-和平,2023-03-28,9863
00676R,富邦臺灣加權反1,10,0,10,元大-和平,2023-03-28,9863
2312,金寶,10,0,10,元大-和平,2023-03-28,9863
3576,聯合再生,10,0,10,元大-和平,2023-03-28,9863
4971,IET-KY,10,0,10,元大-和平,2023-03-28,9863
5608,四維航,15,5,10,元大-和平,2023-03-28,9863
6152,百一,10,0,10,元大-和平,2023-03-28,9863
8442,威宏-KY,10,0,10,元大-和平,2023-03-28,9863
3231,緯創,22,12,10,元大-和平,2023-03-28,9863
2330,台積電,10,0,10,元大-和平,2023-03-28,9863
9907,統一實,9,0,9,元大-和平,2023-03-28,9863
1591,駿吉-KY,9,0,9,元大-和平,2023-03-28,9863
8033,雷虎,10,1,9,元大-和平,2023-03-28,9863
3545,敦泰,9,0,9,元大-和平,2023-03-28,9863
3362,先進光,9,1,8,元大-和平,2023-03-28,9863
2421,建準,11,3,8,元大-和平,2023-03-28,9863
1101,台泥,106,0,106,元大-和平,2023-03-29,9863
5608,四維航,55,0,55,元大-和平,2023-03-29,9863
00922,國泰台灣領袖50,44,0,44,元大-和平,2023-03-29,9863
00679B,元大美債20年,38,0,38,元大-和平,2023-03-29,9863
2453,凌群,31,0,31,元大-和平,2023-03-29,9863
1799,易威,31,0,31,元大-和平,2023-03-29,9863
6698,旭暉應材,43,18,25,元大-和平,2023-03-29,9863
2731,雄獅,37,13,24,元大-和平,2023-03-29,9863
2303,聯電,29,8,21,元大-和平,2023-03-29,9863
00882,中信中國高股息,21,0,21,元大-和平,2023-03-29,9863
3224,三顧,26,5,21,元大-和平,2023-03-29,9863
2881,富邦金,22,3,19,元大-和平,2023-03-29,9863
2535,達欣工,20,1,19,元大-和平,2023-03-29,9863
2884,玉山金,20,1,19,元大-和平,2023-03-29,9863
1783,和康生,18,0,18,元大-和平,2023-03-29,9863
2609,陽明,18,0,18,元大-和平,2023-03-29,9863
2371,大同,16,0,16,元大-和平,2023-03-29,9863
2597,潤弘,16,0,16,元大-和平,2023-03-29,9863
2449,京元電子,20,6,14,元大-和平,2023-03-29,9863
3081,聯亞,14,0,14,元大-和平,2023-03-29,9863
3035,智原,25,12,13,元大-和平,2023-03-29,9863
6235,華孚,16,3,13,元大-和平,2023-03-29,9863
2027,大成鋼,15,2,13,元大-和平,2023-03-29,9863
3207,耀勝,12,0,12,元大-和平,2023-03-29,9863
2645,長榮航太,11,0,11,元大-和平,2023-03-29,9863
6770,力積電,12,1,11,元大-和平,2023-03-29,9863
2359,所羅門,15,4,11,元大-和平,2023-03-29,9863
8171,天宇,12,1,11,元大-和平,2023-03-29,9863
6753,龍德造船,12,2,10,元大-和平,2023-03-29,9863
00680L,元大美債20正2,10,0,10,元大-和平,2023-03-29,9863
1903,士紙,10,0,10,元大-和平,2023-03-29,9863
2915,潤泰全,10,0,10,元大-和平,2023-03-29,9863
3211,順達,10,0,10,元大-和平,2023-03-29,9863
3607,谷崧,10,0,10,元大-和平,2023-03-29,9863
4977,眾達-KY,14,5,9,元大-和平,2023-03-29,9863
1584,精剛,9,0,9,元大-和平,2023-03-29,9863
2413,環科,9,0,9,元大-和平,2023-03-29,9863
3715,定穎投控,158,149,9,元大-和平,2023-03-29,9863
4958,臻鼎-KY,10,1,9,元大-和平,2023-03-29,9863
4763,材料-KY,9,0,9,元大-和平,2023-03-29,9863
2408,南亞科,9,1,8,元大-和平,2023-03-29,9863
2388,威盛,8,1,7,元大-和平,2023-03-29,9863
3005,神基,14,8,6,元大-和平,2023-03-29,9863
2455,全新,40,34,6,元大-和平,2023-03-29,9863
00633L,富邦上証正2,6,0,6,元大-和平,2023-03-29,9863
2634,漢翔,6,0,6,元大-和平,2023-03-29,9863
3105,穩懋,7,1,6,元大-和平,2023-03-29,9863
8938,明安,6,0,6,元大-和平,2023-03-29,9863
4953,緯軟,20,15,5,元大-和平,2023-03-29,9863
2603,長榮,5,0,5,元大-和平,2023-03-29,9863
3481,群創,120,2,118,元大-和平,2023-03-30,9863
3312,弘憶股,95,10,85,元大-和平,2023-03-30,9863
1101,台泥,82,0,82,元大-和平,2023-03-30,9863
2915,潤泰全,61,0,61,元大-和平,2023-03-30,9863
2303,聯電,42,5,37,元大-和平,2023-03-30,9863
6168,宏齊,35,0,35,元大-和平,2023-03-30,9863
6133,金橋,33,2,31,元大-和平,2023-03-30,9863
3322,建舜電,30,0,30,元大-和平,2023-03-30,9863
3432,台端,30,0,30,元大-和平,2023-03-30,9863
2495,普安,25,0,25,元大-和平,2023-03-30,9863
00679B,元大美債20年,21,0,21,元大-和平,2023-03-30,9863
3037,欣興,37,16,21,元大-和平,2023-03-30,9863
2103,台橡,20,0,20,元大-和平,2023-03-30,9863
4536,拓凱,20,0,20,元大-和平,2023-03-30,9863
6288,聯嘉,24,9,15,元大-和平,2023-03-30,9863
1795,美時,23,9,14,元大-和平,2023-03-30,9863
6443,元晶,13,0,13,元大-和平,2023-03-30,9863
4977,眾達-KY,13,1,12,元大-和平,2023-03-30,9863
1609,大亞,17,5,12,元大-和平,2023-03-30,9863
2597,潤弘,12,0,12,元大-和平,2023-03-30,9863
2618,長榮航,13,1,12,元大-和平,2023-03-30,9863
3483,力致,13,1,12,元大-和平,2023-03-30,9863
00632R,元大台灣50反1,11,0,11,元大-和平,2023-03-30,9863
5388,中磊,11,0,11,元大-和平,2023-03-30,9863
3705,永信,10,0,10,元大-和平,2023-03-30,9863
3494,誠研,10,0,10,元大-和平,2023-03-30,9863
00633L,富邦上証正2,10,0,10,元大-和平,2023-03-30,9863
1799,易威,10,0,10,元大-和平,2023-03-30,9863
3230,錦明,10,0,10,元大-和平,2023-03-30,9863
3338,泰碩,11,1,10,元大-和平,2023-03-30,9863
6005,群益證,10,0,10,元大-和平,2023-03-30,9863
1762,中化生,11,2,9,元大-和平,2023-03-30,9863
00882,中信中國高股息,9,0,9,元大-和平,2023-03-30,9863
00772B,中信高評級公司債,8,0,8,元大-和平,2023-03-30,9863
2305,全友,8,0,8,元大-和平,2023-03-30,9863
2641,正德,10,2,8,元大-和平,2023-03-30,9863
3264,欣銓,8,1,7,元大-和平,2023-03-30,9863
6733,博晟生醫,7,0,7,元大-和平,2023-03-30,9863
6840,東研信超,7,0,7,元大-和平,2023-03-30,9863
1536,和大,7,0,7,元大-和平,2023-03-30,9863
6753,龍德造船,6,0,6,元大-和平,2023-03-30,9863
00753L,中信中國50正2,6,0,6,元大-和平,2023-03-30,9863
2610,華航,17,11,6,元大-和平,2023-03-30,9863
3605,宏致,6,0,6,元大-和平,2023-03-30,9863
5321,美而快,8,2,6,元大-和平,2023-03-30,9863
6134,萬旭,6,0,6,元大-和平,2023-03-30,9863
6841,長佳智能,6,0,6,元大-和平,2023-03-30,9863
6125,廣運,5,0,5,元大-和平,2023-03-30,9863
2331,精英,5,0,5,元大-和平,2023-03-30,9863
1524,耿鼎,11,6,5,元大-和平,2023-03-30,9863
2618,長榮航,104,15,89,元大-和平,2023-03-31,9863
5213,亞昕,87,0,87,元大-和平,2023-03-31,9863
1101,台泥,61,0,61,元大-和平,2023-03-31,9863
00762,元大全球AI,50,0,50,元大-和平,2023-03-31,9863
2402,毅嘉,41,3,38,元大-和平,2023-03-31,9863
0056,元大高股息,46,15,31,元大-和平,2023-03-31,9863
8271,宇瞻,29,7,22,元大-和平,2023-03-31,9863
1714,和桐,21,1,20,元大-和平,2023-03-31,9863
2449,京元電子,20,0,20,元大-和平,2023-03-31,9863
3289,宜特,19,0,19,元大-和平,2023-03-31,9863
00830,國泰費城半導體,18,0,18,元大-和平,2023-03-31,9863
3701,大眾控,16,0,16,元大-和平,2023-03-31,9863
8112,至上,20,4,16,元大-和平,2023-03-31,9863
5425,台半,13,0,13,元大-和平,2023-03-31,9863
8028,昇陽半導體,14,2,12,元大-和平,2023-03-31,9863
1605,華新,15,4,11,元大-和平,2023-03-31,9863
00713,元大台灣高息低波,15,4,11,元大-和平,2023-03-31,9863
2352,佳世達,11,0,11,元大-和平,2023-03-31,9863
3178,公準,11,0,11,元大-和平,2023-03-31,9863
5351,鈺創,14,3,11,元大-和平,2023-03-31,9863
5488,松普,11,0,11,元大-和平,2023-03-31,9863
6104,創惟,11,0,11,元大-和平,2023-03-31,9863
1795,美時,12,2,10,元大-和平,2023-03-31,9863
00772B,中信高評級公司債,10,0,10,元大-和平,2023-03-31,9863
2312,金寶,10,0,10,元大-和平,2023-03-31,9863
4903,聯光通,10,0,10,元大-和平,2023-03-31,9863
4938,和碩,10,0,10,元大-和平,2023-03-31,9863
5608,四維航,10,0,10,元大-和平,2023-03-31,9863
6547,高端疫苗,10,0,10,元大-和平,2023-03-31,9863
2382,廣達,10,0,10,元大-和平,2023-03-31,9863
00655L,國泰中國A50正2,9,0,9,元大-和平,2023-03-31,9863
2313,華通,9,0,9,元大-和平,2023-03-31,9863
5291,邑昇,9,0,9,元大-和平,2023-03-31,9863
3231,緯創,34,25,9,元大-和平,2023-03-31,9863
1504,東元,20,13,7,元大-和平,2023-03-31,9863
2413,環科,7,0,7,元大-和平,2023-03-31,9863
2498,宏達電,11,4,7,元大-和平,2023-03-31,9863
2615,萬海,7,0,7,元大-和平,2023-03-31,9863
6841,長佳智能,8,1,7,元大-和平,2023-03-31,9863
6443,元晶,6,0,6,元大-和平,2023-03-31,9863
6806,森崴能源,6,0,6,元大-和平,2023-03-31,9863
8046,南電,6,0,6,元大-和平,2023-03-31,9863
2331,精英,5,0,5,元大-和平,2023-03-31,9863
3056,富華新,5,0,5,元大-和平,2023-03-31,9863
6533,晶心科,5,0,5,元大-和平,2023-03-31,9863
8155,博智,5,0,5,元大-和平,2023-03-31,9863
2388,威盛,13,8,5,元大-和平,2023-03-31,9863
2634,漢翔,5,0,5,元大-和平,2023-03-31,9863
6531,愛普*,7,2,5,元大-和平,2023-03-31,9863
3081,聯亞,6,2,4,元大-和平,2023-03-31,9863
00673R,期元大S＆P原油反1,288,0,288,元大-和平,2023-04-06,9863
1314,中石化,101,0,101,元大-和平,2023-04-06,9863
2637,慧洋-KY,100,0,100,元大-和平,2023-04-06,9863
2606,裕民,105,8,97,元大-和平,2023-04-06,9863
00922,國泰台灣領袖50,77,0,77,元大-和平,2023-04-06,9863
00882,中信中國高股息,36,0,36,元大-和平,2023-04-06,9863
2618,長榮航,33,2,31,元大-和平,2023-04-06,9863
2371,大同,37,6,31,元大-和平,2023-04-06,9863
2344,華邦電,39,11,28,元大-和平,2023-04-06,9863
00893,國泰智能電動車,28,0,28,元大-和平,2023-04-06,9863
00638R,元大滬深300反1,26,0,26,元大-和平,2023-04-06,9863
00637L,元大滬深300正2,27,3,24,元大-和平,2023-04-06,9863
2337,旺宏,23,2,21,元大-和平,2023-04-06,9863
3058,立德,21,0,21,元大-和平,2023-04-06,9863
6843,進典,20,0,20,元大-和平,2023-04-06,9863
6285,啟��,21,2,19,元大-和平,2023-04-06,9863
6278,台表科,20,2,18,元大-和平,2023-04-06,9863
0056,元大高股息,19,2,17,元大-和平,2023-04-06,9863
4967,十銓,17,0,17,元大-和平,2023-04-06,9863
3714,富采,16,0,16,元大-和平,2023-04-06,9863
00753L,中信中國50正2,16,0,16,元大-和平,2023-04-06,9863
8171,天宇,16,0,16,元大-和平,2023-04-06,9863
00902,中信電池及儲能,14,0,14,元大-和平,2023-04-06,9863
3289,宜特,14,0,14,元大-和平,2023-04-06,9863
00852L,國泰美國道瓊正2,14,0,14,元大-和平,2023-04-06,9863
6235,華孚,21,7,14,元大-和平,2023-04-06,9863
6138,茂達,17,4,13,元大-和平,2023-04-06,9863
00633L,富邦上証正2,13,0,13,元大-和平,2023-04-06,9863
2208,台船,30,18,12,元大-和平,2023-04-06,9863
8069,元太,15,4,11,元大-和平,2023-04-06,9863
2504,國產,11,0,11,元大-和平,2023-04-06,9863
8289,泰藝,12,1,11,元大-和平,2023-04-06,9863
00713,元大台灣高息低波,11,0,11,元大-和平,2023-04-06,9863
00881,國泰台灣5G+,10,0,10,元大-和平,2023-04-06,9863
3209,全科,10,0,10,元大-和平,2023-04-06,9863
8024,佑華,10,0,10,元大-和平,2023-04-06,9863
8996,高力,10,0,10,元大-和平,2023-04-06,9863
2454,聯發科,9,0,9,元大-和平,2023-04-06,9863
2603,長榮,12,3,9,元大-和平,2023-04-06,9863
6770,力積電,11,2,9,元大-和平,2023-04-06,9863
8112,至上,10,1,9,元大-和平,2023-04-06,9863
2891,中信金,10,1,9,元大-和平,2023-04-06,9863
6139,亞翔,12,3,9,元大-和平,2023-04-06,9863
3056,富華新,13,4,9,元大-和平,2023-04-06,9863
4979,華星光,8,0,8,元大-和平,2023-04-06,9863
2497,怡利電,9,1,8,元大-和平,2023-04-06,9863
2903,遠百,7,0,7,元大-和平,2023-04-06,9863
3701,大眾控,9,2,7,元大-和平,2023-04-06,9863
6104,創惟,18,11,7,元大-和平,2023-04-06,9863
6411,晶焱,8,1,7,元大-和平,2023-04-06,9863
00671R,富邦NASDAQ反1,100,0,100,元大-和平,2023-04-07,9863
6125,廣運,92,0,92,元大-和平,2023-04-07,9863
00673R,期元大S＆P原油反1,50,0,50,元大-和平,2023-04-07,9863
00680L,元大美債20正2,45,0,45,元大-和平,2023-04-07,9863
2891,中信金,38,0,38,元大-和平,2023-04-07,9863
3056,富華新,33,1,32,元大-和平,2023-04-07,9863
6517,保勝光學,34,6,28,元大-和平,2023-04-07,9863
2402,毅嘉,29,2,27,元大-和平,2023-04-07,9863
2356,英業達,33,8,25,元大-和平,2023-04-07,9863
00720B,元大投資級公司債,23,0,23,元大-和平,2023-04-07,9863
2312,金寶,20,0,20,元大-和平,2023-04-07,9863
6278,台表科,20,1,19,元大-和平,2023-04-07,9863
3324,雙鴻,30,14,16,元大-和平,2023-04-07,9863
2915,潤泰全,21,6,15,元大-和平,2023-04-07,9863
6753,龍德造船,14,0,14,元大-和平,2023-04-07,9863
3711,日月光投控,18,5,13,元大-和平,2023-04-07,9863
5388,中磊,17,4,13,元大-和平,2023-04-07,9863
2634,漢翔,12,0,12,元大-和平,2023-04-07,9863
6470,宇智,12,0,12,元大-和平,2023-04-07,9863
6285,啟��,15,3,12,元大-和平,2023-04-07,9863
1301,台塑,12,0,12,元大-和平,2023-04-07,9863
5488,松普,12,0,12,元大-和平,2023-04-07,9863
6220,岳豐,12,0,12,元大-和平,2023-04-07,9863
3264,欣銓,11,0,11,元大-和平,2023-04-07,9863
00878,國泰永續高股息,14,3,11,元大-和平,2023-04-07,9863
3664,安瑞-KY,12,1,11,元大-和平,2023-04-07,9863
1101,台泥,10,0,10,元大-和平,2023-04-07,9863
00923,群益台ESG低碳50,10,0,10,元大-和平,2023-04-07,9863
1108,幸福,10,0,10,元大-和平,2023-04-07,9863
1609,大亞,43,33,10,元大-和平,2023-04-07,9863
1903,士紙,10,0,10,元大-和平,2023-04-07,9863
2332,友訊,22,12,10,元大-和平,2023-04-07,9863
8996,高力,10,0,10,元大-和平,2023-04-07,9863
2331,精英,9,0,9,元大-和平,2023-04-07,9863
2605,新興,11,2,9,元大-和平,2023-04-07,9863
5465,富驊,9,0,9,元大-和平,2023-04-07,9863
4968,立積,20,11,9,元大-和平,2023-04-07,9863
2002,中鋼,9,1,8,元大-和平,2023-04-07,9863
5009,榮剛,10,2,8,元大-和平,2023-04-07,9863
1513,中興電,29,22,7,元大-和平,2023-04-07,9863
2413,環科,7,0,7,元大-和平,2023-04-07,9863
1229,聯華,8,1,7,元大-和平,2023-04-07,9863
2303,聯電,10,4,6,元大-和平,2023-04-07,9863
6148,驊宏資,6,0,6,元大-和平,2023-04-07,9863
6733,博晟生醫,6,0,6,元大-和平,2023-04-07,9863
6841,長佳智能,6,0,6,元大-和平,2023-04-07,9863
5289,宜鼎,7,1,6,元大-和平,2023-04-07,9863
4977,眾達-KY,29,23,6,元大-和平,2023-04-07,9863
4979,華星光,5,0,5,元大-和平,2023-04-07,9863
5536,聖暉*,5,0,5,元大-和平,2023-04-07,9863
5608,四維航,47,3,44,元大-和平,2023-04-10,9863
2618,長榮航,40,0,40,元大-和平,2023-04-10,9863
5521,工信,40,0,40,元大-和平,2023-04-10,9863
6461,益得,37,2,35,元大-和平,2023-04-10,9863
5009,榮剛,38,7,31,元大-和平,2023-04-10,9863
00673R,期元大S＆P原油反1,31,0,31,元大-和平,2023-04-10,9863
1316,上曜,30,0,30,元大-和平,2023-04-10,9863
2436,偉詮電,25,0,25,元大-和平,2023-04-10,9863
6733,博晟生醫,38,13,25,元大-和平,2023-04-10,9863
2375,凱美,25,2,23,元大-和平,2023-04-10,9863
3714,富采,25,2,23,元大-和平,2023-04-10,9863
00760B,復華新興企業債,20,0,20,元大-和平,2023-04-10,9863
3664,安瑞-KY,19,0,19,元大-和平,2023-04-10,9863
2344,華邦電,26,7,19,元大-和平,2023-04-10,9863
5469,瀚宇博,18,1,17,元大-和平,2023-04-10,9863
2882,國泰金,18,2,16,元大-和平,2023-04-10,9863
6235,華孚,24,8,16,元大-和平,2023-04-10,9863
2330,台積電,15,0,15,元大-和平,2023-04-10,9863
00679B,元大美債20年,14,0,14,元大-和平,2023-04-10,9863
2495,普安,14,0,14,元大-和平,2023-04-10,9863
2457,飛宏,34,21,13,元大-和平,2023-04-10,9863
3025,星通,17,5,12,元大-和平,2023-04-10,9863
5222,全訊,16,4,12,元大-和平,2023-04-10,9863
6139,亞翔,12,0,12,元大-和平,2023-04-10,9863
1605,華新,14,3,11,元大-和平,2023-04-10,9863
8112,至上,11,0,11,元大-和平,2023-04-10,9863
2617,台航,10,0,10,元大-和平,2023-04-10,9863
00680L,元大美債20正2,10,0,10,元大-和平,2023-04-10,9863
3406,玉晶光,10,0,10,元大-和平,2023-04-10,9863
6248,沛波,10,0,10,元大-和平,2023-04-10,9863
6290,良維,10,0,10,元大-和平,2023-04-10,9863
6776,展�眥篕�,10,0,10,元大-和平,2023-04-10,9863
8996,高力,10,0,10,元大-和平,2023-04-10,9863
2867,三商壽,10,0,10,元大-和平,2023-04-10,9863
6194,育富,10,1,9,元大-和平,2023-04-10,9863
1503,士電,15,7,8,元大-和平,2023-04-10,9863
6282,康舒,8,0,8,元大-和平,2023-04-10,9863
1519,華城,18,10,8,元大-和平,2023-04-10,9863
00696B,富邦美債20年,7,0,7,元大-和平,2023-04-10,9863
3380,明泰,7,0,7,元大-和平,2023-04-10,9863
2482,連宇,8,2,6,元大-和平,2023-04-10,9863
6841,長佳智能,6,0,6,元大-和平,2023-04-10,9863
3715,定穎投控,7,1,6,元大-和平,2023-04-10,9863
4971,IET-KY,6,0,6,元大-和平,2023-04-10,9863
2603,長榮,28,22,6,元大-和平,2023-04-10,9863
00725B,國泰投資級公司債,5,0,5,元大-和平,2023-04-10,9863
9921,巨大,5,0,5,元大-和平,2023-04-10,9863
2753,八方雲集,5,0,5,元大-和平,2023-04-10,9863
8046,南電,5,0,5,元大-和平,2023-04-10,9863
2014,中鴻,6,1,5,元大-和平,2023-04-10,9863
3260,威剛,87,10,77,元大-和平,2023-04-11,9863
00878,國泰永續高股息,68,31,37,元大-和平,2023-04-11,9863
1714,和桐,32,0,32,元大-和平,2023-04-11,9863
8069,元太,38,7,31,元大-和平,2023-04-11,9863
6245,立端,30,0,30,元大-和平,2023-04-11,9863
00720B,元大投資級公司債,22,0,22,元大-和平,2023-04-11,9863
2409,友達,22,0,22,元大-和平,2023-04-11,9863
3704,合勤控,21,0,21,元大-和平,2023-04-11,9863
6703,軒郁,21,2,19,元大-和平,2023-04-11,9863
8261,富鼎,43,26,17,元大-和平,2023-04-11,9863
2303,聯電,21,4,17,元大-和平,2023-04-11,9863
8086,宏捷科,31,14,17,元大-和平,2023-04-11,9863
2882,國泰金,18,1,17,元大-和平,2023-04-11,9863
1514,亞力,16,0,16,元大-和平,2023-04-11,9863
00919,群益台灣精選高息,16,0,16,元大-和平,2023-04-11,9863
00679B,元大美債20年,13,0,13,元大-和平,2023-04-11,9863
1605,華新,16,4,12,元大-和平,2023-04-11,9863
3029,零壹,12,1,11,元大-和平,2023-04-11,9863
5608,四維航,11,0,11,元大-和平,2023-04-11,9863
8916,光隆,11,0,11,元大-和平,2023-04-11,9863
2457,飛宏,20,10,10,元大-和平,2023-04-11,9863
00752,中信中國50,10,0,10,元大-和平,2023-04-11,9863
1444,力麗,10,0,10,元大-和平,2023-04-11,9863
6005,群益證,10,0,10,元大-和平,2023-04-11,9863
6275,元山,10,0,10,元大-和平,2023-04-11,9863
1504,東元,23,14,9,元大-和平,2023-04-11,9863
6841,長佳智能,9,0,9,元大-和平,2023-04-11,9863
1218,泰山,9,0,9,元大-和平,2023-04-11,9863
2302,麗正,9,0,9,元大-和平,2023-04-11,9863
3264,欣銓,9,0,9,元大-和平,2023-04-11,9863
4942,嘉彰,9,0,9,元大-和平,2023-04-11,9863
8183,精星,10,1,9,元大-和平,2023-04-11,9863
3558,神準,10,2,8,元大-和平,2023-04-11,9863
6223,旺矽,8,0,8,元大-和平,2023-04-11,9863
8996,高力,8,0,8,元大-和平,2023-04-11,9863
3693,營邦,8,0,8,元大-和平,2023-04-11,9863
3178,公準,7,0,7,元大-和平,2023-04-11,9863
8289,泰藝,7,0,7,元大-和平,2023-04-11,9863
3711,日月光投控,7,0,7,元大-和平,2023-04-11,9863
5425,台半,17,11,6,元大-和平,2023-04-11,9863
2425,承啟,8,2,6,元大-和平,2023-04-11,9863
5328,華容,6,0,6,元大-和平,2023-04-11,9863
6194,育富,7,1,6,元大-和平,2023-04-11,9863
8050,廣積,7,1,6,元大-和平,2023-04-11,9863
910861,神州-DR,6,0,6,元大-和平,2023-04-11,9863
2363,矽統,7,1,6,元大-和平,2023-04-11,9863
1796,金穎生技,5,0,5,元大-和平,2023-04-11,9863
00648R,元大S＆P500反1,5,0,5,元大-和平,2023-04-11,9863
2007,燁興,5,0,5,元大-和平,2023-04-11,9863
2329,華泰,5,0,5,元大-和平,2023-04-11,9863
2515,中工,411,80,331,元大-和平,2023-04-12,9863
2882,國泰金,60,4,56,元大-和平,2023-04-12,9863
00680L,元大美債20正2,50,0,50,元大-和平,2023-04-12,9863
00637L,元大滬深300正2,50,0,50,元大-和平,2023-04-12,9863
4105,東洋,41,0,41,元大-和平,2023-04-12,9863
8088,品安,50,14,36,元大-和平,2023-04-12,9863
8926,台汽電,35,2,33,元大-和平,2023-04-12,9863
0056,元大高股息,31,0,31,元大-和平,2023-04-12,9863
4123,晟德,30,0,30,元大-和平,2023-04-12,9863
2618,長榮航,25,2,23,元大-和平,2023-04-12,9863
5234,達興材料,21,0,21,元大-和平,2023-04-12,9863
6122,擎邦,23,2,21,元大-和平,2023-04-12,9863
00713,元大台灣高息低波,20,0,20,元大-和平,2023-04-12,9863
4968,立積,15,0,15,元大-和平,2023-04-12,9863
4130,健亞,17,3,14,元大-和平,2023-04-12,9863
1584,精剛,25,11,14,元大-和平,2023-04-12,9863
5425,台半,13,1,12,元大-和平,2023-04-12,9863
1108,幸福,13,1,12,元大-和平,2023-04-12,9863
00679B,元大美債20年,12,0,12,元大-和平,2023-04-12,9863
2888,新光金,12,0,12,元大-和平,2023-04-12,9863
4953,緯軟,11,0,11,元大-和平,2023-04-12,9863
1785,光洋科,10,0,10,元大-和平,2023-04-12,9863
4979,華星光,19,9,10,元大-和平,2023-04-12,9863
3217,優群,11,1,10,元大-和平,2023-04-12,9863
1503,士電,26,16,10,元大-和平,2023-04-12,9863
00712,復華富時不動產,10,0,10,元大-和平,2023-04-12,9863
3059,華晶科,9,0,9,元大-和平,2023-04-12,9863
3094,聯傑,12,3,9,元大-和平,2023-04-12,9863
3714,富采,18,9,9,元大-和平,2023-04-12,9863
6282,康舒,12,3,9,元大-和平,2023-04-12,9863
2457,飛宏,18,9,9,元大-和平,2023-04-12,9863
6477,安集,13,5,8,元大-和平,2023-04-12,9863
00674R,期元大S＆P黃金反1,8,0,8,元大-和平,2023-04-12,9863
00633L,富邦上証正2,7,0,7,元大-和平,2023-04-12,9863
2497,怡利電,7,0,7,元大-和平,2023-04-12,9863
2834,臺企銀,7,0,7,元大-和平,2023-04-12,9863
5608,四維航,11,4,7,元大-和平,2023-04-12,9863
8033,雷虎,10,4,6,元大-和平,2023-04-12,9863
00673R,期元大S＆P原油反1,6,0,6,元大-和平,2023-04-12,9863
00922,國泰台灣領袖50,6,0,6,元大-和平,2023-04-12,9863
2353,宏��,6,0,6,元大-和平,2023-04-12,9863
6194,育富,6,0,6,元大-和平,2023-04-12,9863
1609,大亞,26,20,6,元大-和平,2023-04-12,9863
9921,巨大,22,17,5,元大-和平,2023-04-12,9863
00919,群益台灣精選高息,5,0,5,元大-和平,2023-04-12,9863
2412,中華電,5,0,5,元大-和平,2023-04-12,9863
2367,燿華,5,0,5,元大-和平,2023-04-12,9863
2388,威盛,6,1,5,元大-和平,2023-04-12,9863
2427,三商電,5,0,5,元大-和平,2023-04-12,9863
3047,訊舟,5,0,5,元大-和平,2023-04-12,9863
2515,中工,593,458,135,元大-和平,2023-04-13,9863
3711,日月光投控,81,0,81,元大-和平,2023-04-13,9863
2329,華泰,59,2,57,元大-和平,2023-04-13,9863
2634,漢翔,82,36,46,元大-和平,2023-04-13,9863
1609,大亞,67,22,45,元大-和平,2023-04-13,9863
00922,國泰台灣領袖50,44,0,44,元大-和平,2023-04-13,9863
3576,聯合再生,59,21,38,元大-和平,2023-04-13,9863
00680L,元大美債20正2,30,0,30,元大-和平,2023-04-13,9863
8088,品安,34,4,30,元大-和平,2023-04-13,9863
1513,中興電,80,53,27,元大-和平,2023-04-13,9863
00712,復華富時不動產,25,0,25,元大-和平,2023-04-13,9863
1605,華新,31,11,20,元大-和平,2023-04-13,9863
2387,精元,20,0,20,元大-和平,2023-04-13,9863
00878,國泰永續高股息,24,7,17,元大-和平,2023-04-13,9863
2208,台船,18,2,16,元大-和平,2023-04-13,9863
00679B,元大美債20年,16,0,16,元大-和平,2023-04-13,9863
00753L,中信中國50正2,15,0,15,元大-和平,2023-04-13,9863
8936,國統,35,20,15,元大-和平,2023-04-13,9863
3006,晶豪科,42,27,15,元大-和平,2023-04-13,9863
6248,沛波,16,3,13,元大-和平,2023-04-13,9863
3715,定穎投控,12,0,12,元大-和平,2023-04-13,9863
5508,永信建,12,0,12,元大-和平,2023-04-13,9863
2449,京元電子,12,0,12,元大-和平,2023-04-13,9863
3624,光頡,12,0,12,元大-和平,2023-04-13,9863
2382,廣達,14,3,11,元大-和平,2023-04-13,9863
3176,基亞,12,1,11,元大-和平,2023-04-13,9863
5009,榮剛,43,32,11,元大-和平,2023-04-13,9863
4979,華星光,24,13,11,元大-和平,2023-04-13,9863
3499,環天科,10,0,10,元大-和平,2023-04-13,9863
2404,漢唐,11,1,10,元大-和平,2023-04-13,9863
2330,台積電,15,5,10,元大-和平,2023-04-13,9863
2344,華邦電,15,5,10,元大-和平,2023-04-13,9863
2354,鴻準,10,0,10,元大-和平,2023-04-13,9863
3703,欣陸,10,0,10,元大-和平,2023-04-13,9863
4804,大略-KY,10,0,10,元大-和平,2023-04-13,9863
4956,光鋐,10,0,10,元大-和平,2023-04-13,9863
2645,長榮航太,11,2,9,元大-和平,2023-04-13,9863
3479,安勤,16,7,9,元大-和平,2023-04-13,9863
1303,南亞,9,0,9,元大-和平,2023-04-13,9863
2425,承啟,9,0,9,元大-和平,2023-04-13,9863
3714,富采,13,4,9,元大-和平,2023-04-13,9863
8112,至上,8,0,8,元大-和平,2023-04-13,9863
0056,元大高股息,22,14,8,元大-和平,2023-04-13,9863
00772B,中信高評級公司債,8,0,8,元大-和平,2023-04-13,9863
2337,旺宏,8,0,8,元大-和平,2023-04-13,9863
2349,錸德,10,2,8,元大-和平,2023-04-13,9863
2359,所羅門,8,0,8,元大-和平,2023-04-13,9863
2406,國碩,8,0,8,元大-和平,2023-04-13,9863
2883,凱基金,9,1,8,元大-和平,2023-04-13,9863
3059,華晶科,9,1,8,元大-和平,2023-04-13,9863
00632R,元大台灣50反1,210,1,209,元大-和平,2023-04-14,9863
4306,炎洲,125,0,125,元大-和平,2023-04-14,9863
6005,群益證,103,0,103,元大-和平,2023-04-14,9863
2888,新光金,100,1,99,元大-和平,2023-04-14,9863
2515,中工,108,9,99,元大-和平,2023-04-14,9863
1605,華新,109,26,83,元大-和平,2023-04-14,9863
2634,漢翔,107,50,57,元大-和平,2023-04-14,9863
5009,榮剛,75,23,52,元大-和平,2023-04-14,9863
00671R,富邦NASDAQ反1,50,0,50,元大-和平,2023-04-14,9863
3049,精金,50,5,45,元大-和平,2023-04-14,9863
8110,華東,42,3,39,元大-和平,2023-04-14,9863
00679B,元大美債20年,37,1,36,元大-和平,2023-04-14,9863
2402,毅嘉,87,55,32,元大-和平,2023-04-14,9863
00683L,期元大美元指正2,29,0,29,元大-和平,2023-04-14,9863
2867,三商壽,36,11,25,元大-和平,2023-04-14,9863
00712,復華富時不動產,21,0,21,元大-和平,2023-04-14,9863
2495,普安,20,0,20,元大-和平,2023-04-14,9863
3038,全台,20,0,20,元大-和平,2023-04-14,9863
3380,明泰,30,10,20,元大-和平,2023-04-14,9863
5512,力麒,20,0,20,元大-和平,2023-04-14,9863
1513,中興電,33,13,20,元大-和平,2023-04-14,9863
3169,亞信,23,5,18,元大-和平,2023-04-14,9863
2208,台船,31,15,16,元大-和平,2023-04-14,9863
2303,聯電,16,0,16,元大-和平,2023-04-14,9863
2314,台揚,20,4,16,元大-和平,2023-04-14,9863
2883,凱基金,39,24,15,元大-和平,2023-04-14,9863
1609,大亞,44,29,15,元大-和平,2023-04-14,9863
2388,威盛,13,0,13,元大-和平,2023-04-14,9863
00919,群益台灣精選高息,13,0,13,元大-和平,2023-04-14,9863
00762,元大全球AI,13,0,13,元大-和平,2023-04-14,9863
2329,華泰,14,1,13,元大-和平,2023-04-14,9863
6456,GIS-KY,15,2,13,元大-和平,2023-04-14,9863
8916,光隆,13,0,13,元大-和平,2023-04-14,9863
5258,虹堡,14,2,12,元大-和平,2023-04-14,9863
8383,千附,17,5,12,元大-和平,2023-04-14,9863
2449,京元電子,12,0,12,元大-和平,2023-04-14,9863
8222,寶一,78,67,11,元大-和平,2023-04-14,9863
2101,南港,10,0,10,元大-和平,2023-04-14,9863
2929,淘帝-KY,10,0,10,元大-和平,2023-04-14,9863
3024,憶聲,10,0,10,元大-和平,2023-04-14,9863
3037,欣興,13,3,10,元大-和平,2023-04-14,9863
2382,廣達,15,6,9,元大-和平,2023-04-14,9863
8112,至上,9,0,9,元大-和平,2023-04-14,9863
6446,藥華藥,9,0,9,元大-和平,2023-04-14,9863
00720B,元大投資級公司債,8,0,8,元大-和平,2023-04-14,9863
00882,中信中國高股息,15,7,8,元大-和平,2023-04-14,9863
6561,是方,9,1,8,元大-和平,2023-04-14,9863
00674R,期元大S＆P黃金反1,7,0,7,元大-和平,2023-04-14,9863
3025,星通,29,22,7,元大-和平,2023-04-14,9863
4967,十銓,11,4,7,元大-和平,2023-04-14,9863
3481,群創,158,0,158,元大-和平,2023-04-17,9863
6005,群益證,105,0,105,元大-和平,2023-04-17,9863
00671R,富邦NASDAQ反1,100,0,100,元大-和平,2023-04-17,9863
00772B,中信高評級公司債,65,0,65,元大-和平,2023-04-17,9863
00680L,元大美債20正2,44,0,44,元大-和平,2023-04-17,9863
3432,台端,36,0,36,元大-和平,2023-04-17,9863
4123,晟德,30,0,30,元大-和平,2023-04-17,9863
5512,力麒,30,0,30,元大-和平,2023-04-17,9863
00679B,元大美債20年,27,0,27,元大-和平,2023-04-17,9863
2382,廣達,31,4,27,元大-和平,2023-04-17,9863
00720B,元大投資級公司債,23,0,23,元大-和平,2023-04-17,9863
00712,復華富時不動產,23,0,23,元大-和平,2023-04-17,9863
6235,華孚,33,10,23,元大-和平,2023-04-17,9863
2329,華泰,34,13,21,元大-和平,2023-04-17,9863
2867,三商壽,20,0,20,元大-和平,2023-04-17,9863
2706,第一店,20,0,20,元大-和平,2023-04-17,9863
8110,華東,20,0,20,元大-和平,2023-04-17,9863
8409,商之器,20,0,20,元大-和平,2023-04-17,9863
5258,虹堡,18,1,17,元大-和平,2023-04-17,9863
2208,台船,43,27,16,元大-和平,2023-04-17,9863
2388,威盛,16,0,16,元大-和平,2023-04-17,9863
1584,精剛,33,18,15,元大-和平,2023-04-17,9863
8926,台汽電,16,1,15,元大-和平,2023-04-17,9863
2344,華邦電,17,3,14,元大-和平,2023-04-17,9863
2387,精元,14,0,14,元大-和平,2023-04-17,9863
8033,雷虎,20,6,14,元大-和平,2023-04-17,9863
00882,中信中國高股息,15,2,13,元大-和平,2023-04-17,9863
2609,陽明,21,8,13,元大-和平,2023-04-17,9863
3712,永崴投控,22,9,13,元大-和平,2023-04-17,9863
2231,為升,12,0,12,元大-和平,2023-04-17,9863
5234,達興材料,12,0,12,元大-和平,2023-04-17,9863
3071,協禧,14,3,11,元大-和平,2023-04-17,9863
3714,富采,11,0,11,元大-和平,2023-04-17,9863
9945,潤泰新,12,2,10,元大-和平,2023-04-17,9863
00714,群益道瓊美國地產,10,0,10,元大-和平,2023-04-17,9863
1806,冠軍,10,0,10,元大-和平,2023-04-17,9863
2402,毅嘉,11,1,10,元大-和平,2023-04-17,9863
2915,潤泰全,10,0,10,元大-和平,2023-04-17,9863
3265,台星科,10,0,10,元大-和平,2023-04-17,9863
3706,神達,10,0,10,元大-和平,2023-04-17,9863
6142,友勁,11,1,10,元大-和平,2023-04-17,9863
6234,高僑,13,3,10,元大-和平,2023-04-17,9863
4968,立積,16,6,10,元大-和平,2023-04-17,9863
1301,台塑,11,2,9,元大-和平,2023-04-17,9863
00773B,中信優先金融債,9,0,9,元大-和平,2023-04-17,9863
1714,和桐,10,1,9,元大-和平,2023-04-17,9863
5371,中光電,26,17,9,元大-和平,2023-04-17,9863
1609,大亞,12,4,8,元大-和平,2023-04-17,9863
5284,jpp-KY,12,4,8,元大-和平,2023-04-17,9863
3046,建��,13,5,8,元大-和平,2023-04-17,9863
1605,華新,105,11,94,元大-和平,2023-04-18,9863
2329,華泰,60,0,60,元大-和平,2023-04-18,9863
2609,陽明,60,3,57,元大-和平,2023-04-18,9863
00720B,元大投資級公司債,50,0,50,元大-和平,2023-04-18,9863
00679B,元大美債20年,52,5,47,元大-和平,2023-04-18,9863
3432,台端,46,0,46,元大-和平,2023-04-18,9863
8033,雷虎,48,14,34,元大-和平,2023-04-18,9863
2392,正崴,33,1,32,元大-和平,2023-04-18,9863
5272,笙科,31,0,31,元大-和平,2023-04-18,9863
2328,廣宇,30,0,30,元大-和平,2023-04-18,9863
6438,迅得,30,1,29,元大-和平,2023-04-18,9863
6167,久正,30,1,29,元大-和平,2023-04-18,9863
2354,鴻準,27,0,27,元大-和平,2023-04-18,9863
8105,凌巨,29,2,27,元大-和平,2023-04-18,9863
2634,漢翔,62,36,26,元大-和平,2023-04-18,9863
1609,大亞,35,12,23,元大-和平,2023-04-18,9863
5531,鄉林,23,0,23,元大-和平,2023-04-18,9863
2312,金寶,30,8,22,元大-和平,2023-04-18,9863
6248,沛波,22,0,22,元大-和平,2023-04-18,9863
2449,京元電子,19,0,19,元大-和平,2023-04-18,9863
2231,為升,18,0,18,元大-和平,2023-04-18,9863
00772B,中信高評級公司債,17,0,17,元大-和平,2023-04-18,9863
6116,彩晶,18,1,17,元大-和平,2023-04-18,9863
4967,十銓,19,3,16,元大-和平,2023-04-18,9863
1810,和成,16,0,16,元大-和平,2023-04-18,9863
3071,協禧,16,0,16,元大-和平,2023-04-18,9863
6477,安集,19,3,16,元大-和平,2023-04-18,9863
2208,台船,33,18,15,元大-和平,2023-04-18,9863
00680L,元大美債20正2,25,10,15,元大-和平,2023-04-18,9863
6443,元晶,29,14,15,元大-和平,2023-04-18,9863
3025,星通,52,39,13,元大-和平,2023-04-18,9863
8926,台汽電,16,3,13,元大-和平,2023-04-18,9863
2371,大同,20,7,13,元大-和平,2023-04-18,9863
2406,國碩,13,0,13,元大-和平,2023-04-18,9863
2610,華航,13,0,13,元大-和平,2023-04-18,9863
6547,高端疫苗,13,0,13,元大-和平,2023-04-18,9863
6843,進典,13,0,13,元大-和平,2023-04-18,9863
6789,采鈺,38,26,12,元大-和平,2023-04-18,9863
8171,天宇,13,1,12,元大-和平,2023-04-18,9863
8038,長園科,14,2,12,元大-和平,2023-04-18,9863
3707,漢磊,11,0,11,元大-和平,2023-04-18,9863
0056,元大高股息,12,1,11,元大-和平,2023-04-18,9863
6143,振曜,11,0,11,元大-和平,2023-04-18,9863
1717,長興,11,0,11,元大-和平,2023-04-18,9863
3591,艾笛森,11,0,11,元大-和平,2023-04-18,9863
1513,中興電,14,4,10,元大-和平,2023-04-18,9863
2362,藍天,10,0,10,元大-和平,2023-04-18,9863
3011,今皓,10,0,10,元大-和平,2023-04-18,9863
3032,偉訓,10,0,10,元大-和平,2023-04-18,9863
4804,大略-KY,10,0,10,元大-和平,2023-04-18,9863
3481,群創,193,43,150,元大-和平,2023-04-19,9863
2504,國產,100,0,100,元大-和平,2023-04-19,9863
00922,國泰台灣領袖50,91,0,91,元大-和平,2023-04-19,9863
6167,久正,89,8,81,元大-和平,2023-04-19,9863
2303,聯電,57,0,57,元大-和平,2023-04-19,9863
3673,TPK-KY,65,11,54,元大-和平,2023-04-19,9863
5213,亞昕,41,0,41,元大-和平,2023-04-19,9863
3432,台端,40,0,40,元大-和平,2023-04-19,9863
5608,四維航,40,1,39,元大-和平,2023-04-19,9863
2314,台揚,37,0,37,元大-和平,2023-04-19,9863
8210,勤誠,58,22,36,元大-和平,2023-04-19,9863
1810,和成,35,3,32,元大-和平,2023-04-19,9863
3221,台嘉碩,30,0,30,元大-和平,2023-04-19,9863
8358,金居,31,1,30,元大-和平,2023-04-19,9863
2409,友達,26,1,25,元大-和平,2023-04-19,9863
8222,寶一,30,6,24,元大-和平,2023-04-19,9863
1444,力麗,25,1,24,元大-和平,2023-04-19,9863
00712,復華富時不動產,23,0,23,元大-和平,2023-04-19,9863
6271,同欣電,21,0,21,元大-和平,2023-04-19,9863
6770,力積電,21,0,21,元大-和平,2023-04-19,9863
6220,岳豐,20,0,20,元大-和平,2023-04-19,9863
0056,元大高股息,32,13,19,元大-和平,2023-04-19,9863
3071,協禧,19,0,19,元大-和平,2023-04-19,9863
3078,僑威,21,2,19,元大-和平,2023-04-19,9863
6509,聚和,21,2,19,元大-和平,2023-04-19,9863
00696B,富邦美債20年,18,0,18,元大-和平,2023-04-19,9863
3363,上詮,18,1,17,元大-和平,2023-04-19,9863
00646,元大S＆P500,20,3,17,元大-和平,2023-04-19,9863
00673R,期元大S＆P原油反1,16,0,16,元大-和平,2023-04-19,9863
00662,富邦NASDAQ,15,0,15,元大-和平,2023-04-19,9863
3712,永崴投控,18,4,14,元大-和平,2023-04-19,9863
2634,漢翔,33,19,14,元大-和平,2023-04-19,9863
4967,十銓,14,0,14,元大-和平,2023-04-19,9863
00679B,元大美債20年,13,0,13,元大-和平,2023-04-19,9863
00720B,元大投資級公司債,12,0,12,元大-和平,2023-04-19,9863
8916,光隆,12,0,12,元大-和平,2023-04-19,9863
3701,大眾控,12,1,11,元大-和平,2023-04-19,9863
5309,系統電,11,0,11,元大-和平,2023-04-19,9863
6456,GIS-KY,12,1,11,元大-和平,2023-04-19,9863
3704,合勤控,46,36,10,元大-和平,2023-04-19,9863
3260,威剛,10,0,10,元大-和平,2023-04-19,9863
2472,立隆電,10,0,10,元大-和平,2023-04-19,9863
2313,華通,10,0,10,元大-和平,2023-04-19,9863
2405,輔信,10,0,10,元大-和平,2023-04-19,9863
2913,農林,10,0,10,元大-和平,2023-04-19,9863
3050,鈺德,10,0,10,元大-和平,2023-04-19,9863
3312,弘憶股,10,0,10,元大-和平,2023-04-19,9863
6142,友勁,10,0,10,元大-和平,2023-04-19,9863
8088,品安,10,0,10,元大-和平,2023-04-19,9863
1708,東鹼,11,2,9,元大-和平,2023-04-19,9863
6770,力積電,99,1,98,元大-和平,2023-04-20,9863
8121,越峰,57,0,57,元大-和平,2023-04-20,9863
0056,元大高股息,42,1,41,元大-和平,2023-04-20,9863
3704,合勤控,43,4,39,元大-和平,2023-04-20,9863
00772B,中信高評級公司債,32,0,32,元大-和平,2023-04-20,9863
3576,聯合再生,34,2,32,元大-和平,2023-04-20,9863
1101,台泥,32,1,31,元大-和平,2023-04-20,9863
00922,國泰台灣領袖50,28,0,28,元大-和平,2023-04-20,9863
6733,博晟生醫,30,3,27,元大-和平,2023-04-20,9863
00878,國泰永續高股息,26,0,26,元大-和平,2023-04-20,9863
4147,中裕,35,10,25,元大-和平,2023-04-20,9863
3231,緯創,27,3,24,元大-和平,2023-04-20,9863
1504,東元,36,12,24,元大-和平,2023-04-20,9863
1906,寶隆,22,2,20,元大-和平,2023-04-20,9863
6245,立端,20,2,18,元大-和平,2023-04-20,9863
1440,南紡,18,0,18,元大-和平,2023-04-20,9863
2303,聯電,22,5,17,元大-和平,2023-04-20,9863
2425,承啟,58,41,17,元大-和平,2023-04-20,9863
4931,新盛力,23,6,17,元大-和平,2023-04-20,9863
1909,榮成,27,11,16,元大-和平,2023-04-20,9863
2031,新光鋼,21,5,16,元大-和平,2023-04-20,9863
3714,富采,23,8,15,元大-和平,2023-04-20,9863
2888,新光金,15,0,15,元大-和平,2023-04-20,9863
3032,偉訓,16,1,15,元大-和平,2023-04-20,9863
6123,上奇,16,1,15,元大-和平,2023-04-20,9863
6244,茂迪,35,20,15,元大-和平,2023-04-20,9863
2634,漢翔,21,7,14,元大-和平,2023-04-20,9863
00882,中信中國高股息,13,0,13,元大-和平,2023-04-20,9863
6443,元晶,13,0,13,元大-和平,2023-04-20,9863
6153,嘉聯益,13,0,13,元大-和平,2023-04-20,9863
6290,良維,12,0,12,元大-和平,2023-04-20,9863
2312,金寶,32,20,12,元大-和平,2023-04-20,9863
2344,華邦電,14,2,12,元大-和平,2023-04-20,9863
2324,仁寶,11,0,11,元大-和平,2023-04-20,9863
6282,康舒,77,66,11,元大-和平,2023-04-20,9863
2455,全新,15,4,11,元大-和平,2023-04-20,9863
2618,長榮航,38,27,11,元大-和平,2023-04-20,9863
6547,高端疫苗,21,10,11,元大-和平,2023-04-20,9863
4977,眾達-KY,10,0,10,元大-和平,2023-04-20,9863
00904,新光臺灣半導體30,10,0,10,元大-和平,2023-04-20,9863
1526,日馳,10,0,10,元大-和平,2023-04-20,9863
2497,怡利電,10,0,10,元大-和平,2023-04-20,9863
2504,國產,22,12,10,元大-和平,2023-04-20,9863
3703,欣陸,10,0,10,元大-和平,2023-04-20,9863
5015,華祺,10,0,10,元大-和平,2023-04-20,9863
5321,美而快,10,0,10,元大-和平,2023-04-20,9863
5608,四維航,10,0,10,元大-和平,2023-04-20,9863
8033,雷虎,19,9,10,元大-和平,2023-04-20,9863
2354,鴻準,9,0,9,元大-和平,2023-04-20,9863
8436,大江,12,3,9,元大-和平,2023-04-20,9863
6770,力積電,95,20,75,元大-和平,2023-04-21,9863
2618,長榮航,67,1,66,元大-和平,2023-04-21,9863
2888,新光金,38,0,38,元大-和平,2023-04-21,9863
0056,元大高股息,55,20,35,元大-和平,2023-04-21,9863
2615,萬海,30,1,29,元大-和平,2023-04-21,9863
6152,百一,25,0,25,元大-和平,2023-04-21,9863
3058,立德,24,0,24,元大-和平,2023-04-21,9863
1714,和桐,24,0,24,元大-和平,2023-04-21,9863
3576,聯合再生,25,2,23,元大-和平,2023-04-21,9863
2313,華通,22,0,22,元大-和平,2023-04-21,9863
2342,茂矽,27,5,22,元大-和平,2023-04-21,9863
2038,海光,20,0,20,元大-和平,2023-04-21,9863
8426,紅木-KY,20,0,20,元大-和平,2023-04-21,9863
2887,台新金,16,0,16,元大-和平,2023-04-21,9863
2634,漢翔,46,31,15,元大-和平,2023-04-21,9863
00652,富邦印度,15,0,15,元大-和平,2023-04-21,9863
00853B,統一美債10年Aa-,14,0,14,元大-和平,2023-04-21,9863
3032,偉訓,32,18,14,元大-和平,2023-04-21,9863
6288,聯嘉,23,9,14,元大-和平,2023-04-21,9863
5425,台半,14,1,13,元大-和平,2023-04-21,9863
2597,潤弘,13,0,13,元大-和平,2023-04-21,9863
3094,聯傑,15,2,13,元大-和平,2023-04-21,9863
3704,合勤控,13,0,13,元大-和平,2023-04-21,9863
1605,華新,16,3,13,元大-和平,2023-04-21,9863
5243,乙盛-KY,17,5,12,元大-和平,2023-04-21,9863
00720B,元大投資級公司債,12,0,12,元大-和平,2023-04-21,9863
6753,龍德造船,12,1,11,元大-和平,2023-04-21,9863
1795,美時,13,2,11,元大-和平,2023-04-21,9863
6123,上奇,12,1,11,元大-和平,2023-04-21,9863
6163,華電網,36,25,11,元大-和平,2023-04-21,9863
8049,晶采,11,0,11,元大-和平,2023-04-21,9863
2727,王品,12,2,10,元大-和平,2023-04-21,9863
3481,群創,15,5,10,元大-和平,2023-04-21,9863
1710,東聯,10,0,10,元大-和平,2023-04-21,9863
3406,玉晶光,10,0,10,元大-和平,2023-04-21,9863
00648R,元大S＆P500反1,10,0,10,元大-和平,2023-04-21,9863
00753L,中信中國50正2,10,0,10,元大-和平,2023-04-21,9863
2032,新鋼,10,0,10,元大-和平,2023-04-21,9863
4114,健喬,11,1,10,元大-和平,2023-04-21,9863
5302,太欣,10,0,10,元大-和平,2023-04-21,9863
3714,富采,10,1,9,元大-和平,2023-04-21,9863
00877,復華中國5G,9,0,9,元大-和平,2023-04-21,9863
3027,盛達,10,1,9,元大-和平,2023-04-21,9863
6461,益得,10,1,9,元大-和平,2023-04-21,9863
6523,達爾膚,10,1,9,元大-和平,2023-04-21,9863
8016,矽創,13,4,9,元大-和平,2023-04-21,9863
1907,永豐餘,26,17,9,元大-和平,2023-04-21,9863
1711,永光,10,2,8,元大-和平,2023-04-21,9863
6282,康舒,13,5,8,元大-和平,2023-04-21,9863
1752,南光,8,0,8,元大-和平,2023-04-21,9863
00637L,元大滬深300正2,46,2,44,元大-和平,2023-04-24,9863
00922,國泰台灣領袖50,41,0,41,元大-和平,2023-04-24,9863
1905,華紙,54,20,34,元大-和平,2023-04-24,9863
2915,潤泰全,27,0,27,元大-和平,2023-04-24,9863
00902,中信電池及儲能,24,0,24,元大-和平,2023-04-24,9863
2313,華通,24,1,23,元大-和平,2023-04-24,9863
00772B,中信高評級公司債,21,0,21,元大-和平,2023-04-24,9863
6547,高端疫苗,22,1,21,元大-和平,2023-04-24,9863
1310,台苯,53,32,21,元大-和平,2023-04-24,9863
2545,皇翔,20,0,20,元大-和平,2023-04-24,9863
3038,全台,20,0,20,元大-和平,2023-04-24,9863
4979,華星光,19,0,19,元大-和平,2023-04-24,9863
00753L,中信中國50正2,17,0,17,元大-和平,2023-04-24,9863
3416,融程電,20,5,15,元大-和平,2023-04-24,9863
2303,聯電,16,1,15,元大-和平,2023-04-24,9863
00720B,元大投資級公司債,13,0,13,元大-和平,2023-04-24,9863
2634,漢翔,46,34,12,元大-和平,2023-04-24,9863
2603,長榮,11,0,11,元大-和平,2023-04-24,9863
3027,盛達,11,0,11,元大-和平,2023-04-24,9863
00655L,國泰中國A50正2,10,0,10,元大-和平,2023-04-24,9863
1708,東鹼,10,0,10,元大-和平,2023-04-24,9863
3591,艾笛森,10,0,10,元大-和平,2023-04-24,9863
5512,力麒,10,0,10,元大-和平,2023-04-24,9863
2609,陽明,11,1,10,元大-和平,2023-04-24,9863
3707,漢磊,18,9,9,元大-和平,2023-04-24,9863
2329,華泰,10,1,9,元大-和平,2023-04-24,9863
6235,華孚,13,5,8,元大-和平,2023-04-24,9863
1609,大亞,22,14,8,元大-和平,2023-04-24,9863
6561,是方,8,0,8,元大-和平,2023-04-24,9863
1513,中興電,10,2,8,元大-和平,2023-04-24,9863
3035,智原,12,5,7,元大-和平,2023-04-24,9863
5608,四維航,11,4,7,元大-和平,2023-04-24,9863
6829,千附精密,11,4,7,元大-和平,2023-04-24,9863
1101,台泥,36,29,7,元大-和平,2023-04-24,9863
2413,環科,7,1,6,元大-和平,2023-04-24,9863
3380,明泰,6,0,6,元大-和平,2023-04-24,9863
6244,茂迪,9,3,6,元大-和平,2023-04-24,9863
5347,世界,5,0,5,元大-和平,2023-04-24,9863
3078,僑威,7,2,5,元大-和平,2023-04-24,9863
00751B,元大AAA至A公司債,5,0,5,元大-和平,2023-04-24,9863
00633L,富邦上証正2,6,1,5,元大-和平,2023-04-24,9863
2420,新巨,5,0,5,元大-和平,2023-04-24,9863
2486,一詮,5,0,5,元大-和平,2023-04-24,9863
2618,長榮航,7,2,5,元大-和平,2023-04-24,9863
2867,三商壽,5,0,5,元大-和平,2023-04-24,9863
6123,上奇,5,0,5,元大-和平,2023-04-24,9863
8081,致新,5,0,5,元大-和平,2023-04-24,9863
8163,達方,5,0,5,元大-和平,2023-04-24,9863
8222,寶一,11,6,5,元大-和平,2023-04-24,9863
0050,元大台灣50,4,0,4,元大-和平,2023-04-24,9863
0056,元大高股息,139,1,138,元大-和平,2023-04-25,9863
2409,友達,59,0,59,元大-和平,2023-04-25,9863
2413,環科,65,7,58,元大-和平,2023-04-25,9863
1905,華紙,91,34,57,元大-和平,2023-04-25,9863
1504,東元,72,25,47,元大-和平,2023-04-25,9863
00878,國泰永續高股息,54,23,31,元大-和平,2023-04-25,9863
4155,訊映,40,10,30,元大-和平,2023-04-25,9863
9904,寶成,30,0,30,元大-和平,2023-04-25,9863
6282,康舒,43,15,28,元大-和平,2023-04-25,9863
2618,長榮航,28,1,27,元大-和平,2023-04-25,9863
00753L,中信中國50正2,25,0,25,元大-和平,2023-04-25,9863
8093,保銳,25,0,25,元大-和平,2023-04-25,9863
2303,聯電,40,15,25,元大-和平,2023-04-25,9863
5488,松普,23,0,23,元大-和平,2023-04-25,9863
00662,富邦NASDAQ,22,0,22,元大-和平,2023-04-25,9863
00646,元大S＆P500,22,0,22,元大-和平,2023-04-25,9863
3481,群創,33,11,22,元大-和平,2023-04-25,9863
2330,台積電,27,6,21,元大-和平,2023-04-25,9863
2344,華邦電,23,3,20,元大-和平,2023-04-25,9863
00679B,元大美債20年,20,1,19,元大-和平,2023-04-25,9863
3071,協禧,35,17,18,元大-和平,2023-04-25,9863
3058,立德,18,0,18,元大-和平,2023-04-25,9863
00713,元大台灣高息低波,22,5,17,元大-和平,2023-04-25,9863
2206,三陽工業,26,9,17,元大-和平,2023-04-25,9863
00891,中信關鍵半導體,15,0,15,元大-和平,2023-04-25,9863
2498,宏達電,19,5,14,元大-和平,2023-04-25,9863
3264,欣銓,14,0,14,元大-和平,2023-04-25,9863
6841,長佳智能,12,0,12,元大-和平,2023-04-25,9863
0050,元大台灣50,11,0,11,元大-和平,2023-04-25,9863
1503,士電,22,11,11,元大-和平,2023-04-25,9863
6561,是方,13,2,11,元大-和平,2023-04-25,9863
1752,南光,13,3,10,元大-和平,2023-04-25,9863
2201,裕隆,21,11,10,元大-和平,2023-04-25,9863
9911,櫻花,10,0,10,元大-和平,2023-04-25,9863
3027,盛達,11,1,10,元大-和平,2023-04-25,9863
3178,公準,9,0,9,元大-和平,2023-04-25,9863
00922,國泰台灣領袖50,9,0,9,元大-和平,2023-04-25,9863
2404,漢唐,10,2,8,元大-和平,2023-04-25,9863
2603,長榮,9,1,8,元大-和平,2023-04-25,9863
1519,華城,11,3,8,元大-和平,2023-04-25,9863
3714,富采,11,3,8,元大-和平,2023-04-25,9863
4755,三福化,8,0,8,元大-和平,2023-04-25,9863
910861,神州-DR,8,0,8,元大-和平,2023-04-25,9863
4147,中裕,16,8,8,元大-和平,2023-04-25,9863
3006,晶豪科,7,0,7,元大-和平,2023-04-25,9863
00637L,元大滬深300正2,7,0,7,元大-和平,2023-04-25,9863
3231,緯創,34,27,7,元大-和平,2023-04-25,9863
3515,華擎,7,0,7,元大-和平,2023-04-25,9863
3576,聯合再生,7,0,7,元大-和平,2023-04-25,9863
4540,全球傳動,7,0,7,元大-和平,2023-04-25,9863
00715L,期街口布蘭特正2,151,0,151,元大-和平,2023-04-26,9863
00712,復華富時不動產,51,0,51,元大-和平,2023-04-26,9863
2303,聯電,57,13,44,元大-和平,2023-04-26,9863
0056,元大高股息,34,0,34,元大-和平,2023-04-26,9863
2495,普安,31,0,31,元大-和平,2023-04-26,9863
00680L,元大美債20正2,33,5,28,元大-和平,2023-04-26,9863
3014,聯陽,27,0,27,元大-和平,2023-04-26,9863
1503,士電,36,10,26,元大-和平,2023-04-26,9863
4123,晟德,29,4,25,元大-和平,2023-04-26,9863
9945,潤泰新,23,0,23,元大-和平,2023-04-26,9863
00885,富邦越南,21,0,21,元大-和平,2023-04-26,9863
6770,力積電,21,1,20,元大-和平,2023-04-26,9863
1711,永光,24,6,18,元大-和平,2023-04-26,9863
3006,晶豪科,20,2,18,元大-和平,2023-04-26,9863
00891,中信關鍵半導體,17,0,17,元大-和平,2023-04-26,9863
00919,群益台灣精選高息,16,0,16,元大-和平,2023-04-26,9863
5483,中美晶,15,0,15,元大-和平,2023-04-26,9863
2355,敬鵬,15,0,15,元大-和平,2023-04-26,9863
2330,台積電,17,3,14,元大-和平,2023-04-26,9863
3711,日月光投控,14,0,14,元大-和平,2023-04-26,9863
2324,仁寶,14,0,14,元大-和平,2023-04-26,9863
2609,陽明,32,19,13,元大-和平,2023-04-26,9863
5222,全訊,12,1,11,元大-和平,2023-04-26,9863
0050,元大台灣50,10,0,10,元大-和平,2023-04-26,9863
2603,長榮,11,1,10,元大-和平,2023-04-26,9863
00655L,國泰中國A50正2,10,0,10,元大-和平,2023-04-26,9863
2607,榮運,10,0,10,元大-和平,2023-04-26,9863
3481,群創,15,5,10,元大-和平,2023-04-26,9863
00924,復華S＆P500成長,9,0,9,元大-和平,2023-04-26,9863
1721,三晃,18,9,9,元大-和平,2023-04-26,9863
8299,群聯,10,1,9,元大-和平,2023-04-26,9863
2610,華航,8,0,8,元大-和平,2023-04-26,9863
4147,中裕,9,1,8,元大-和平,2023-04-26,9863
2409,友達,8,1,7,元大-和平,2023-04-26,9863
00713,元大台灣高息低波,7,1,6,元大-和平,2023-04-26,9863
2606,裕民,7,1,6,元大-和平,2023-04-26,9863
2002,中鋼,6,0,6,元大-和平,2023-04-26,9863
2890,永豐金,6,0,6,元大-和平,2023-04-26,9863
3027,盛達,6,0,6,元大-和平,2023-04-26,9863
6841,長佳智能,6,0,6,元大-和平,2023-04-26,9863
2753,八方雲集,5,0,5,元大-和平,2023-04-26,9863
2352,佳世達,6,1,5,元大-和平,2023-04-26,9863
2376,技嘉,5,0,5,元大-和平,2023-04-26,9863
00671R,富邦NASDAQ反1,5,0,5,元大-和平,2023-04-26,9863
00890B,凱基ESG BBB債,5,0,5,元大-和平,2023-04-26,9863
2103,台橡,5,0,5,元大-和平,2023-04-26,9863
2344,華邦電,5,0,5,元大-和平,2023-04-26,9863
2354,鴻準,12,7,5,元大-和平,2023-04-26,9863
2511,太子,5,0,5,元大-和平,2023-04-26,9863
6123,上奇,5,0,5,元大-和平,2023-04-26,9863
1789,神隆,278,0,278,元大-和平,2023-04-27,9863
00751B,元大AAA至A公司債,107,0,107,元大-和平,2023-04-27,9863
8112,至上,80,0,80,元大-和平,2023-04-27,9863
00715L,期街口布蘭特正2,66,1,65,元大-和平,2023-04-27,9863
00720B,元大投資級公司債,57,0,57,元大-和平,2023-04-27,9863
1312,國喬,50,0,50,元大-和平,2023-04-27,9863
00679B,元大美債20年,47,0,47,元大-和平,2023-04-27,9863
00772B,中信高評級公司債,46,0,46,元大-和平,2023-04-27,9863
3036,文曄,42,0,42,元大-和平,2023-04-27,9863
00885,富邦越南,40,0,40,元大-和平,2023-04-27,9863
8227,巨有科技,44,9,35,元大-和平,2023-04-27,9863
2489,瑞軒,35,1,34,元大-和平,2023-04-27,9863
6733,博晟生醫,32,0,32,元大-和平,2023-04-27,9863
6235,華孚,29,0,29,元大-和平,2023-04-27,9863
2609,陽明,31,5,26,元大-和平,2023-04-27,9863
8403,盛弘,33,12,21,元大-和平,2023-04-27,9863
5608,四維航,21,0,21,元大-和平,2023-04-27,9863
2101,南港,20,0,20,元大-和平,2023-04-27,9863
00637L,元大滬深300正2,20,0,20,元大-和平,2023-04-27,9863
2485,兆赫,20,0,20,元大-和平,2023-04-27,9863
00632R,元大台灣50反1,20,2,18,元大-和平,2023-04-27,9863
5876,上海商銀,15,0,15,元大-和平,2023-04-27,9863
1529,樂事綠能,14,0,14,元大-和平,2023-04-27,9863
2457,飛宏,19,5,14,元大-和平,2023-04-27,9863
00773B,中信優先金融債,13,0,13,元大-和平,2023-04-27,9863
00712,復華富時不動產,12,0,12,元大-和平,2023-04-27,9863
4979,華星光,12,0,12,元大-和平,2023-04-27,9863
2409,友達,11,1,10,元大-和平,2023-04-27,9863
9945,潤泰新,10,0,10,元大-和平,2023-04-27,9863
4129,聯合,10,0,10,元大-和平,2023-04-27,9863
00753L,中信中國50正2,10,0,10,元大-和平,2023-04-27,9863
1528,恩德,10,0,10,元大-和平,2023-04-27,9863
1709,和益,12,2,10,元大-和平,2023-04-27,9863
6213,聯茂,12,2,10,元大-和平,2023-04-27,9863
6244,茂迪,11,2,9,元大-和平,2023-04-27,9863
5243,乙盛-KY,11,2,9,元大-和平,2023-04-27,9863
1104,環泥,8,0,8,元大-和平,2023-04-27,9863
6568,宏觀,8,0,8,元大-和平,2023-04-27,9863
2618,長榮航,16,8,8,元大-和平,2023-04-27,9863
2645,長榮航太,7,0,7,元大-和平,2023-04-27,9863
2913,農林,8,1,7,元大-和平,2023-04-27,9863
5009,榮剛,57,51,6,元大-和平,2023-04-27,9863
1762,中化生,6,0,6,元大-和平,2023-04-27,9863
1108,幸福,6,0,6,元大-和平,2023-04-27,9863
1413,宏洲,6,0,6,元大-和平,2023-04-27,9863
3682,亞太電,6,0,6,元大-和平,2023-04-27,9863
6874,倍力,6,0,6,元大-和平,2023-04-27,9863
00890B,凱基ESG BBB債,5,0,5,元大-和平,2023-04-27,9863
1584,精剛,6,1,5,元大-和平,2023-04-27,9863
2049,上銀,5,0,5,元大-和平,2023-04-27,9863
2409,友達,113,5,108,元大-和平,2023-04-28,9863
00632R,元大台灣50反1,114,10,104,元大-和平,2023-04-28,9863
00772B,中信高評級公司債,102,0,102,元大-和平,2023-04-28,9863
00853B,統一美債10年Aa-,81,0,81,元大-和平,2023-04-28,9863
00715L,期街口布蘭特正2,80,1,79,元大-和平,2023-04-28,9863
1905,華紙,67,15,52,元大-和平,2023-04-28,9863
2634,漢翔,78,31,47,元大-和平,2023-04-28,9863
3481,群創,39,4,35,元大-和平,2023-04-28,9863
3071,協禧,32,0,32,元大-和平,2023-04-28,9863
3141,晶宏,25,1,24,元大-和平,2023-04-28,9863
00680L,元大美債20正2,20,0,20,元大-和平,2023-04-28,9863
2360,致茂,23,4,19,元大-和平,2023-04-28,9863
00751B,元大AAA至A公司債,18,0,18,元大-和平,2023-04-28,9863
5488,松普,16,0,16,元大-和平,2023-04-28,9863
00720B,元大投資級公司債,15,0,15,元大-和平,2023-04-28,9863
00773B,中信優先金融債,13,0,13,元大-和平,2023-04-28,9863
1701,中化,14,2,12,元大-和平,2023-04-28,9863
2354,鴻準,11,0,11,元大-和平,2023-04-28,9863
2489,瑞軒,11,0,11,元大-和平,2023-04-28,9863
6266,泰詠,11,0,11,元大-和平,2023-04-28,9863
6269,台郡,16,6,10,元大-和平,2023-04-28,9863
00885,富邦越南,10,0,10,元大-和平,2023-04-28,9863
3035,智原,15,5,10,元大-和平,2023-04-28,9863
6223,旺矽,10,0,10,元大-和平,2023-04-28,9863
1721,三晃,11,2,9,元大-和平,2023-04-28,9863
6282,康舒,22,13,9,元大-和平,2023-04-28,9863
2303,聯電,34,26,8,元大-和平,2023-04-28,9863
2402,毅嘉,11,3,8,元大-和平,2023-04-28,9863
6235,華孚,14,6,8,元大-和平,2023-04-28,9863
8033,雷虎,8,0,8,元大-和平,2023-04-28,9863
00664R,國泰臺灣加權反1,7,0,7,元大-和平,2023-04-28,9863
2834,臺企銀,8,1,7,元大-和平,2023-04-28,9863
00878,國泰永續高股息,8,1,7,元大-和平,2023-04-28,9863
1504,東元,11,5,6,元大-和平,2023-04-28,9863
2515,中工,6,0,6,元大-和平,2023-04-28,9863
3704,合勤控,6,0,6,元大-和平,2023-04-28,9863
4746,台耀,12,6,6,元大-和平,2023-04-28,9863
4743,合一,9,4,5,元大-和平,2023-04-28,9863
4566,時碩工業,10,5,5,元大-和平,2023-04-28,9863
2890,永豐金,5,0,5,元大-和平,2023-04-28,9863
00671R,富邦NASDAQ反1,5,0,5,元大-和平,2023-04-28,9863
1609,大亞,10,5,5,元大-和平,2023-04-28,9863
2208,台船,11,6,5,元大-和平,2023-04-28,9863
2444,兆勁,5,0,5,元大-和平,2023-04-28,9863
4916,事欣科,8,3,5,元大-和平,2023-04-28,9863
6176,瑞儀,5,0,5,元大-和平,2023-04-28,9863
6561,是方,13,8,5,元大-和平,2023-04-28,9863
8085,福華,5,0,5,元大-和平,2023-04-28,9863
2609,陽明,15,10,5,元大-和平,2023-04-28,9863
0050,元大台灣50,6,1,5,元大-和平,2023-04-28,9863
00754B,群益AAA-AA公司,90,0,90,元大-和平,2023-05-02,9863
00882,中信中國高股息,71,1,70,元大-和平,2023-05-02,9863
1701,中化,51,1,50,元大-和平,2023-05-02,9863
1101,台泥,69,24,45,元大-和平,2023-05-02,9863
2603,長榮,47,4,43,元大-和平,2023-05-02,9863
00679B,元大美債20年,36,0,36,元大-和平,2023-05-02,9863
3058,立德,31,0,31,元大-和平,2023-05-02,9863
6456,GIS-KY,30,0,30,元大-和平,2023-05-02,9863
2367,燿華,30,1,29,元大-和平,2023-05-02,9863
2328,廣宇,25,0,25,元大-和平,2023-05-02,9863
2371,大同,31,7,24,元大-和平,2023-05-02,9863
7402,邑錡,27,3,24,元大-和平,2023-05-02,9863
6741,91APP*-KY,31,8,23,元大-和平,2023-05-02,9863
3712,永崴投控,40,18,22,元大-和平,2023-05-02,9863
00772B,中信高評級公司債,19,0,19,元大-和平,2023-05-02,9863
00680L,元大美債20正2,16,0,16,元大-和平,2023-05-02,9863
6111,大宇資,16,1,15,元大-和平,2023-05-02,9863
2206,三陽工業,25,10,15,元大-和平,2023-05-02,9863
5213,亞昕,15,0,15,元大-和平,2023-05-02,9863
1605,華新,17,3,14,元大-和平,2023-05-02,9863
2609,陽明,20,7,13,元大-和平,2023-05-02,9863
00715L,期街口布蘭特正2,19,6,13,元大-和平,2023-05-02,9863
00751B,元大AAA至A公司債,13,0,13,元大-和平,2023-05-02,9863
2427,三商電,13,0,13,元大-和平,2023-05-02,9863
00720B,元大投資級公司債,12,0,12,元大-和平,2023-05-02,9863
6244,茂迪,16,4,12,元大-和平,2023-05-02,9863
00892,富邦台灣半導體,12,0,12,元大-和平,2023-05-02,9863
1460,宏遠,12,0,12,元大-和平,2023-05-02,9863
1528,恩德,12,0,12,元大-和平,2023-05-02,9863
5483,中美晶,12,0,12,元大-和平,2023-05-02,9863
00773B,中信優先金融債,11,0,11,元大-和平,2023-05-02,9863
2027,大成鋼,11,0,11,元大-和平,2023-05-02,9863
2409,友達,10,0,10,元大-和平,2023-05-02,9863
4541,晟田,11,1,10,元大-和平,2023-05-02,9863
6874,倍力,10,0,10,元大-和平,2023-05-02,9863
2332,友訊,10,0,10,元大-和平,2023-05-02,9863
5876,上海商銀,10,0,10,元大-和平,2023-05-02,9863
6275,元山,10,0,10,元大-和平,2023-05-02,9863
8085,福華,26,16,10,元大-和平,2023-05-02,9863
3141,晶宏,36,26,10,元大-和平,2023-05-02,9863
2324,仁寶,9,0,9,元大-和平,2023-05-02,9863
6234,高僑,19,10,9,元大-和平,2023-05-02,9863
2615,萬海,11,3,8,元大-和平,2023-05-02,9863
2482,連宇,17,9,8,元大-和平,2023-05-02,9863
2515,中工,8,0,8,元大-和平,2023-05-02,9863
5425,台半,11,4,7,元大-和平,2023-05-02,9863
1321,大洋,7,0,7,元大-和平,2023-05-02,9863
4306,炎洲,7,0,7,元大-和平,2023-05-02,9863
8038,長園科,10,3,7,元大-和平,2023-05-02,9863
2353,宏��,7,1,6,元大-和平,2023-05-02,9863
00878,國泰永續高股息,103,4,99,元大-和平,2023-05-03,9863
2603,長榮,60,5,55,元大-和平,2023-05-03,9863
4306,炎洲,50,0,50,元大-和平,2023-05-03,9863
2887E,台新戊特,40,0,40,元大-和平,2023-05-03,9863
0056,元大高股息,35,1,34,元大-和平,2023-05-03,9863
1905,華紙,61,30,31,元大-和平,2023-05-03,9863
1519,華城,29,3,26,元大-和平,2023-05-03,9863
3032,偉訓,28,2,26,元大-和平,2023-05-03,9863
5876,上海商銀,26,0,26,元大-和平,2023-05-03,9863
3058,立德,26,2,24,元大-和平,2023-05-03,9863
00712,復華富時不動產,23,0,23,元大-和平,2023-05-03,9863
3481,群創,22,0,22,元大-和平,2023-05-03,9863
6456,GIS-KY,22,0,22,元大-和平,2023-05-03,9863
00637L,元大滬深300正2,20,0,20,元大-和平,2023-05-03,9863
3147,大綜,20,0,20,元大-和平,2023-05-03,9863
5225,東科-KY,20,0,20,元大-和平,2023-05-03,9863
8121,越峰,26,6,20,元大-和平,2023-05-03,9863
1101,台泥,27,8,19,元大-和平,2023-05-03,9863
00715L,期街口布蘭特正2,19,0,19,元大-和平,2023-05-03,9863
00924,復華S＆P500成長,15,0,15,元大-和平,2023-05-03,9863
3419,譁裕,17,2,15,元大-和平,2023-05-03,9863
00632R,元大台灣50反1,15,1,14,元大-和平,2023-05-03,9863
6841,長佳智能,13,0,13,元大-和平,2023-05-03,9863
00772B,中信高評級公司債,13,0,13,元大-和平,2023-05-03,9863
5222,全訊,13,1,12,元大-和平,2023-05-03,9863
8996,高力,22,10,12,元大-和平,2023-05-03,9863
4953,緯軟,13,1,12,元大-和平,2023-05-03,9863
2457,飛宏,23,12,11,元大-和平,2023-05-03,9863
1584,精剛,12,1,11,元大-和平,2023-05-03,9863
2103,台橡,11,0,11,元大-和平,2023-05-03,9863
00753L,中信中國50正2,10,0,10,元大-和平,2023-05-03,9863
2303,聯電,12,2,10,元大-和平,2023-05-03,9863
2455,全新,10,0,10,元大-和平,2023-05-03,9863
2615,萬海,11,1,10,元大-和平,2023-05-03,9863
2497,怡利電,9,0,9,元大-和平,2023-05-03,9863
3231,緯創,26,17,9,元大-和平,2023-05-03,9863
8222,寶一,22,13,9,元大-和平,2023-05-03,9863
00674R,期元大S＆P黃金反1,8,0,8,元大-和平,2023-05-03,9863
2337,旺宏,8,0,8,元大-和平,2023-05-03,9863
2498,宏達電,8,0,8,元大-和平,2023-05-03,9863
8227,巨有科技,8,0,8,元大-和平,2023-05-03,9863
2609,陽明,12,4,8,元大-和平,2023-05-03,9863
2330,台積電,8,0,8,元大-和平,2023-05-03,9863
5425,台半,7,0,7,元大-和平,2023-05-03,9863
4915,致伸,13,6,7,元大-和平,2023-05-03,9863
2812,台中銀,6,0,6,元大-和平,2023-05-03,9863
3060,銘異,7,1,6,元大-和平,2023-05-03,9863
8383,千附,6,0,6,元大-和平,2023-05-03,9863
2913,農林,10,5,5,元大-和平,2023-05-03,9863
00690,兆豐藍籌30,5,0,5,元大-和平,2023-05-03,9863
8121,越峰,133,1,132,元大-和平,2023-05-04,9863
00715L,期街口布蘭特正2,115,0,115,元大-和平,2023-05-04,9863
2371,大同,58,1,57,元大-和平,2023-05-04,9863
5465,富驊,45,4,41,元大-和平,2023-05-04,9863
1905,華紙,88,49,39,元大-和平,2023-05-04,9863
4566,時碩工業,39,2,37,元大-和平,2023-05-04,9863
2913,農林,33,1,32,元大-和平,2023-05-04,9863
6234,高僑,41,10,31,元大-和平,2023-05-04,9863
00878,國泰永續高股息,25,2,23,元大-和平,2023-05-04,9863
5321,美而快,22,1,21,元大-和平,2023-05-04,9863
3202,樺晟,21,1,20,元大-和平,2023-05-04,9863
8916,光隆,20,0,20,元大-和平,2023-05-04,9863
3231,緯創,26,6,20,元大-和平,2023-05-04,9863
1529,樂事綠能,19,0,19,元大-和平,2023-05-04,9863
1101,台泥,21,3,18,元大-和平,2023-05-04,9863
9955,佳龍,21,3,18,元大-和平,2023-05-04,9863
00674R,期元大S＆P黃金反1,17,0,17,元大-和平,2023-05-04,9863
2534,宏盛,16,0,16,元大-和平,2023-05-04,9863
2355,敬鵬,15,0,15,元大-和平,2023-05-04,9863
5469,瀚宇博,15,0,15,元大-和平,2023-05-04,9863
6592,和潤企業,15,0,15,元大-和平,2023-05-04,9863
00712,復華富時不動產,12,0,12,元大-和平,2023-05-04,9863
2888,新光金,11,0,11,元大-和平,2023-05-04,9863
3046,建��,13,3,10,元大-和平,2023-05-04,9863
3481,群創,11,1,10,元大-和平,2023-05-04,9863
6841,長佳智能,10,0,10,元大-和平,2023-05-04,9863
2031,新光鋼,10,0,10,元大-和平,2023-05-04,9863
9941,裕融,10,0,10,元大-和平,2023-05-04,9863
2314,台揚,10,1,9,元大-和平,2023-05-04,9863
2609,陽明,9,0,9,元大-和平,2023-05-04,9863
3033,威健,10,1,9,元大-和平,2023-05-04,9863
4909,新復興,9,0,9,元大-和平,2023-05-04,9863
3455,由田,8,0,8,元大-和平,2023-05-04,9863
6111,大宇資,38,30,8,元大-和平,2023-05-04,9863
2330,台積電,9,1,8,元大-和平,2023-05-04,9863
2409,友達,7,0,7,元大-和平,2023-05-04,9863
00642U,期元大S＆P石油,7,0,7,元大-和平,2023-05-04,9863
1413,宏洲,7,0,7,元大-和平,2023-05-04,9863
0056,元大高股息,10,4,6,元大-和平,2023-05-04,9863
5351,鈺創,6,0,6,元大-和平,2023-05-04,9863
6269,台郡,6,0,6,元大-和平,2023-05-04,9863
6799,來頡,6,0,6,元大-和平,2023-05-04,9863
1503,士電,13,7,6,元大-和平,2023-05-04,9863
2328,廣宇,6,0,6,元大-和平,2023-05-04,9863
9945,潤泰新,5,0,5,元大-和平,2023-05-04,9863
5222,全訊,8,3,5,元大-和平,2023-05-04,9863
2915,潤泰全,10,5,5,元大-和平,2023-05-04,9863
6209,今國光,7,2,5,元大-和平,2023-05-04,9863
6625,必應,6,1,5,元大-和平,2023-05-04,9863
00924,復華S＆P500成長,5,0,5,元大-和平,2023-05-04,9863
00772B,中信高評級公司債,158,0,158,元大-和平,2023-05-05,9863
00751B,元大AAA至A公司債,145,0,145,元大-和平,2023-05-05,9863
1609,大亞,189,113,76,元大-和平,2023-05-05,9863
8121,越峰,90,25,65,元大-和平,2023-05-05,9863
00715L,期街口布蘭特正2,64,0,64,元大-和平,2023-05-05,9863
00679B,元大美債20年,62,3,59,元大-和平,2023-05-05,9863
00720B,元大投資級公司債,58,0,58,元大-和平,2023-05-05,9863
00853B,統一美債10年Aa-,50,0,50,元大-和平,2023-05-05,9863
1504,東元,74,25,49,元大-和平,2023-05-05,9863
5009,榮剛,62,29,33,元大-和平,2023-05-05,9863
2352,佳世達,32,0,32,元大-和平,2023-05-05,9863
00680L,元大美債20正2,32,0,32,元大-和平,2023-05-05,9863
00725B,國泰投資級公司債,30,0,30,元大-和平,2023-05-05,9863
8936,國統,30,1,29,元大-和平,2023-05-05,9863
2344,華邦電,39,12,27,元大-和平,2023-05-05,9863
8916,光隆,26,0,26,元大-和平,2023-05-05,9863
1104,環泥,43,21,22,元大-和平,2023-05-05,9863
2913,農林,22,0,22,元大-和平,2023-05-05,9863
00760B,復華新興企業債,20,0,20,元大-和平,2023-05-05,9863
1752,南光,20,0,20,元大-和平,2023-05-05,9863
1584,精剛,15,0,15,元大-和平,2023-05-05,9863
2377,微星,15,0,15,元大-和平,2023-05-05,9863
00878,國泰永續高股息,16,2,14,元大-和平,2023-05-05,9863
5356,協益,13,0,13,元大-和平,2023-05-05,9863
6112,邁達特,25,13,12,元大-和平,2023-05-05,9863
00712,復華富時不動產,16,4,12,元大-和平,2023-05-05,9863
2356,英業達,12,0,12,元大-和平,2023-05-05,9863
6517,保勝光學,12,1,11,元大-和平,2023-05-05,9863
3419,譁裕,11,0,11,元大-和平,2023-05-05,9863
00642U,期元大S＆P石油,10,0,10,元大-和平,2023-05-05,9863
2450,神腦,10,0,10,元大-和平,2023-05-05,9863
8403,盛弘,17,7,10,元大-和平,2023-05-05,9863
2603,長榮,10,0,10,元大-和平,2023-05-05,9863
4114,健喬,14,5,9,元大-和平,2023-05-05,9863
4123,晟德,10,1,9,元大-和平,2023-05-05,9863
5388,中磊,10,1,9,元大-和平,2023-05-05,9863
6214,精誠,10,1,9,元大-和平,2023-05-05,9863
6290,良維,10,1,9,元大-和平,2023-05-05,9863
6770,力積電,10,1,9,元大-和平,2023-05-05,9863
8926,台汽電,9,0,9,元大-和平,2023-05-05,9863
00857B,永豐20年美公債,8,0,8,元大-和平,2023-05-05,9863
2419,仲琦,9,1,8,元大-和平,2023-05-05,9863
3479,安勤,11,4,7,元大-和平,2023-05-05,9863
00902,中信電池及儲能,7,0,7,元大-和平,2023-05-05,9863
2324,仁寶,7,0,7,元大-和平,2023-05-05,9863
4129,聯合,9,2,7,元大-和平,2023-05-05,9863
6167,久正,7,0,7,元大-和平,2023-05-05,9863
6531,愛普*,7,0,7,元大-和平,2023-05-05,9863
00632R,元大台灣50反1,6,0,6,元大-和平,2023-05-05,9863
2449,京元電子,6,0,6,元大-和平,2023-05-05,9863
00671R,富邦NASDAQ反1,100,0,100,元大-和平,2023-05-08,9863
00720B,元大投資級公司債,96,0,96,元大-和平,2023-05-08,9863
2534,宏盛,78,0,78,元大-和平,2023-05-08,9863
2883,凱基金,101,32,69,元大-和平,2023-05-08,9863
1218,泰山,70,11,59,元大-和平,2023-05-08,9863
3591,艾笛森,49,0,49,元大-和平,2023-05-08,9863
4503,金雨,45,0,45,元大-和平,2023-05-08,9863
00754B,群益AAA-AA公司,42,0,42,元大-和平,2023-05-08,9863
00725B,國泰投資級公司債,35,0,35,元大-和平,2023-05-08,9863
6547,高端疫苗,40,8,32,元大-和平,2023-05-08,9863
3033,威健,30,0,30,元大-和平,2023-05-08,9863
3058,立德,30,3,27,元大-和平,2023-05-08,9863
00632R,元大台灣50反1,25,1,24,元大-和平,2023-05-08,9863
4744,皇將,28,6,22,元大-和平,2023-05-08,9863
6243,迅杰,20,0,20,元大-和平,2023-05-08,9863
1605,華新,26,7,19,元大-和平,2023-05-08,9863
2450,神腦,18,0,18,元大-和平,2023-05-08,9863
3576,聯合再生,19,1,18,元大-和平,2023-05-08,9863
2413,環科,17,0,17,元大-和平,2023-05-08,9863
8926,台汽電,17,2,15,元大-和平,2023-05-08,9863
00751B,元大AAA至A公司債,15,0,15,元大-和平,2023-05-08,9863
4927,泰鼎-KY,15,0,15,元大-和平,2023-05-08,9863
3703,欣陸,15,1,14,元大-和平,2023-05-08,9863
6173,信昌電,25,12,13,元大-和平,2023-05-08,9863
5608,四維航,16,3,13,元大-和平,2023-05-08,9863
00878,國泰永續高股息,16,4,12,元大-和平,2023-05-08,9863
1514,亞力,16,4,12,元大-和平,2023-05-08,9863
4114,健喬,11,0,11,元大-和平,2023-05-08,9863
4906,正文,10,0,10,元大-和平,2023-05-08,9863
2887,台新金,20,10,10,元大-和平,2023-05-08,9863
2303,聯電,13,3,10,元大-和平,2023-05-08,9863
6841,長佳智能,10,0,10,元大-和平,2023-05-08,9863
2331,精英,27,17,10,元大-和平,2023-05-08,9863
2609,陽明,24,14,10,元大-和平,2023-05-08,9863
6127,九豪,12,2,10,元大-和平,2023-05-08,9863
6776,展�眥篕�,10,0,10,元大-和平,2023-05-08,9863
9907,統一實,10,0,10,元大-和平,2023-05-08,9863
1752,南光,10,0,10,元大-和平,2023-05-08,9863
2640,大車隊,10,0,10,元大-和平,2023-05-08,9863
6112,邁達特,12,3,9,元大-和平,2023-05-08,9863
1795,美時,11,2,9,元大-和平,2023-05-08,9863
00679B,元大美債20年,8,0,8,元大-和平,2023-05-08,9863
8121,越峰,8,0,8,元大-和平,2023-05-08,9863
3029,零壹,22,16,6,元大-和平,2023-05-08,9863
2301,光寶科,7,1,6,元大-和平,2023-05-08,9863
2498,宏達電,6,0,6,元大-和平,2023-05-08,9863
5488,松普,6,0,6,元大-和平,2023-05-08,9863
8112,至上,6,0,6,元大-和平,2023-05-08,9863
2353,宏��,6,0,6,元大-和平,2023-05-08,9863
2457,飛宏,17,12,5,元大-和平,2023-05-08,9863
00680L,元大美債20正2,197,0,197,元大-和平,2023-05-09,9863
00674R,期元大S＆P黃金反1,100,0,100,元大-和平,2023-05-09,9863
1605,華新,54,2,52,元大-和平,2023-05-09,9863
1708,東鹼,48,2,46,元大-和平,2023-05-09,9863
00687B,國泰20年美債,46,0,46,元大-和平,2023-05-09,9863
1504,東元,76,32,44,元大-和平,2023-05-09,9863
8121,越峰,43,0,43,元大-和平,2023-05-09,9863
6125,廣運,53,10,43,元大-和平,2023-05-09,9863
6282,康舒,47,5,42,元大-和平,2023-05-09,9863
2801,彰銀,28,0,28,元大-和平,2023-05-09,9863
00751B,元大AAA至A公司債,23,0,23,元大-和平,2023-05-09,9863
8926,台汽電,22,0,22,元大-和平,2023-05-09,9863
6275,元山,22,0,22,元大-和平,2023-05-09,9863
2027,大成鋼,21,0,21,元大-和平,2023-05-09,9863
9945,潤泰新,21,0,21,元大-和平,2023-05-09,9863
4503,金雨,20,0,20,元大-和平,2023-05-09,9863
2352,佳世達,25,6,19,元大-和平,2023-05-09,9863
6517,保勝光學,20,3,17,元大-和平,2023-05-09,9863
6243,迅杰,18,1,17,元大-和平,2023-05-09,9863
3484,崧騰,19,3,16,元大-和平,2023-05-09,9863
5608,四維航,17,1,16,元大-和平,2023-05-09,9863
4744,皇將,42,26,16,元大-和平,2023-05-09,9863
6561,是方,15,0,15,元大-和平,2023-05-09,9863
3078,僑威,24,10,14,元大-和平,2023-05-09,9863
1104,環泥,26,12,14,元大-和平,2023-05-09,9863
2915,潤泰全,19,5,14,元大-和平,2023-05-09,9863
1584,精剛,15,2,13,元大-和平,2023-05-09,9863
6122,擎邦,13,0,13,元大-和平,2023-05-09,9863
1519,華城,22,9,13,元大-和平,2023-05-09,9863
2413,環科,12,0,12,元大-和平,2023-05-09,9863
5321,美而快,12,1,11,元大-和平,2023-05-09,9863
1752,南光,11,0,11,元大-和平,2023-05-09,9863
3715,定穎投控,27,16,11,元大-和平,2023-05-09,9863
6163,華電網,11,0,11,元大-和平,2023-05-09,9863
2206,三陽工業,14,4,10,元大-和平,2023-05-09,9863
00720B,元大投資級公司債,10,0,10,元大-和平,2023-05-09,9863
6235,華孚,10,0,10,元大-和平,2023-05-09,9863
2812,台中銀,10,0,10,元大-和平,2023-05-09,9863
5439,高技,10,0,10,元大-和平,2023-05-09,9863
5469,瀚宇博,12,2,10,元大-和平,2023-05-09,9863
6123,上奇,10,0,10,元大-和平,2023-05-09,9863
4306,炎洲,13,3,10,元大-和平,2023-05-09,9863
6111,大宇資,10,1,9,元大-和平,2023-05-09,9863
6288,聯嘉,10,1,9,元大-和平,2023-05-09,9863
00641R,富邦日本反1,9,0,9,元大-和平,2023-05-09,9863
6712,長聖,12,3,9,元大-和平,2023-05-09,9863
1101,台泥,9,0,9,元大-和平,2023-05-09,9863
3703,欣陸,10,2,8,元大-和平,2023-05-09,9863
5465,富驊,8,0,8,元大-和平,2023-05-09,9863
00772B,中信高評級公司債,7,0,7,元大-和平,2023-05-09,9863
00878,國泰永續高股息,40,1,39,元大-和平,2023-05-10,9863
3005,神基,37,0,37,元大-和平,2023-05-10,9863
00687B,國泰20年美債,35,0,35,元大-和平,2023-05-10,9863
2421,建準,34,5,29,元大-和平,2023-05-10,9863
1519,華城,34,6,28,元大-和平,2023-05-10,9863
1905,華紙,50,24,26,元大-和平,2023-05-10,9863
00753L,中信中國50正2,20,0,20,元大-和平,2023-05-10,9863
3209,全科,24,6,18,元大-和平,2023-05-10,9863
00751B,元大AAA至A公司債,16,0,16,元大-和平,2023-05-10,9863
00655L,國泰中國A50正2,15,0,15,元大-和平,2023-05-10,9863
6234,高僑,36,21,15,元大-和平,2023-05-10,9863
8924,大田,13,0,13,元大-和平,2023-05-10,9863
00679B,元大美債20年,13,1,12,元大-和平,2023-05-10,9863
3231,緯創,35,23,12,元大-和平,2023-05-10,9863
6689,伊雲谷,13,1,12,元大-和平,2023-05-10,9863
5009,榮剛,18,7,11,元大-和平,2023-05-10,9863
3596,智易,15,5,10,元大-和平,2023-05-10,9863
2891,中信金,10,0,10,元大-和平,2023-05-10,9863
6235,華孚,10,0,10,元大-和平,2023-05-10,9863
1609,大亞,39,29,10,元大-和平,2023-05-10,9863
1711,永光,10,0,10,元大-和平,2023-05-10,9863
5905,南仁湖,10,0,10,元大-和平,2023-05-10,9863
00713,元大台灣高息低波,9,0,9,元大-和平,2023-05-10,9863
2489,瑞軒,10,1,9,元大-和平,2023-05-10,9863
00690,兆豐藍籌30,8,0,8,元大-和平,2023-05-10,9863
00633L,富邦上証正2,8,0,8,元大-和平,2023-05-10,9863
00674R,期元大S＆P黃金反1,8,0,8,元大-和平,2023-05-10,9863
6770,力積電,7,0,7,元大-和平,2023-05-10,9863
1783,和康生,7,0,7,元大-和平,2023-05-10,9863
2356,英業達,10,3,7,元大-和平,2023-05-10,9863
3202,樺晟,14,7,7,元大-和平,2023-05-10,9863
5488,松普,7,0,7,元大-和平,2023-05-10,9863
00712,復華富時不動產,7,0,7,元大-和平,2023-05-10,9863
00720B,元大投資級公司債,6,0,6,元大-和平,2023-05-10,9863
00637L,元大滬深300正2,12,6,6,元大-和平,2023-05-10,9863
1584,精剛,6,0,6,元大-和平,2023-05-10,9863
2832,台產,6,0,6,元大-和平,2023-05-10,9863
3028,增你強,6,0,6,元大-和平,2023-05-10,9863
1513,中興電,23,17,6,元大-和平,2023-05-10,9863
2330,台積電,7,1,6,元大-和平,2023-05-10,9863
9941,裕融,5,0,5,元大-和平,2023-05-10,9863
1303,南亞,5,0,5,元大-和平,2023-05-10,9863
1616,億泰,5,0,5,元大-和平,2023-05-10,9863
2022,聚亨,5,0,5,元大-和平,2023-05-10,9863
2387,精元,8,3,5,元大-和平,2023-05-10,9863
2409,友達,5,0,5,元大-和平,2023-05-10,9863
2908,特力,5,0,5,元大-和平,2023-05-10,9863
3013,晟銘電,5,0,5,元大-和平,2023-05-10,9863
3483,力致,5,0,5,元大-和平,2023-05-10,9863
4440,宜新實業,5,0,5,元大-和平,2023-05-10,9863
9907,統一實,78,1,77,元大-和平,2023-05-11,9863
2913,農林,50,0,50,元大-和平,2023-05-11,9863
3363,上詮,40,0,40,元大-和平,2023-05-11,9863
2610,華航,40,3,37,元大-和平,2023-05-11,9863
6689,伊雲谷,35,4,31,元大-和平,2023-05-11,9863
00720B,元大投資級公司債,30,0,30,元大-和平,2023-05-11,9863
00680L,元大美債20正2,30,0,30,元大-和平,2023-05-11,9863
6139,亞翔,48,24,24,元大-和平,2023-05-11,9863
00671R,富邦NASDAQ反1,20,0,20,元大-和平,2023-05-11,9863
1714,和桐,20,0,20,元大-和平,2023-05-11,9863
4729,熒茂,20,0,20,元大-和平,2023-05-11,9863
1447,力鵬,18,0,18,元大-和平,2023-05-11,9863
3548,兆利,18,0,18,元大-和平,2023-05-11,9863
2542,興富發,41,24,17,元大-和平,2023-05-11,9863
4804,大略-KY,17,0,17,元大-和平,2023-05-11,9863
1609,大亞,19,3,16,元大-和平,2023-05-11,9863
4106,雃博,16,0,16,元大-和平,2023-05-11,9863
2609,陽明,16,2,14,元大-和平,2023-05-11,9863
1514,亞力,17,4,13,元大-和平,2023-05-11,9863
1905,華紙,15,2,13,元大-和平,2023-05-11,9863
2630,亞航,14,1,13,元大-和平,2023-05-11,9863
1104,環泥,12,0,12,元大-和平,2023-05-11,9863
4967,十銓,12,0,12,元大-和平,2023-05-11,9863
00679B,元大美債20年,13,2,11,元大-和平,2023-05-11,9863
2206,三陽工業,14,3,11,元大-和平,2023-05-11,9863
2618,長榮航,26,15,11,元大-和平,2023-05-11,9863
2640,大車隊,11,0,11,元大-和平,2023-05-11,9863
1101,台泥,10,0,10,元大-和平,2023-05-11,9863
1589,永冠-KY,13,3,10,元大-和平,2023-05-11,9863
1752,南光,11,1,10,元大-和平,2023-05-11,9863
6288,聯嘉,10,0,10,元大-和平,2023-05-11,9863
00891,中信關鍵半導體,10,0,10,元大-和平,2023-05-11,9863
00753L,中信中國50正2,10,0,10,元大-和平,2023-05-11,9863
00795B,中信美國公債20年,10,0,10,元大-和平,2023-05-11,9863
1504,東元,15,5,10,元大-和平,2023-05-11,9863
3031,佰鴻,10,0,10,元大-和平,2023-05-11,9863
4562,穎漢,10,0,10,元大-和平,2023-05-11,9863
6282,康舒,11,2,9,元大-和平,2023-05-11,9863
2603,長榮,9,0,9,元大-和平,2023-05-11,9863
4426,利勤,9,0,9,元大-和平,2023-05-11,9863
4744,皇將,13,4,9,元大-和平,2023-05-11,9863
0056,元大高股息,8,0,8,元大-和平,2023-05-11,9863
1584,精剛,12,4,8,元大-和平,2023-05-11,9863
1727,中華化,8,0,8,元大-和平,2023-05-11,9863
2615,萬海,10,2,8,元大-和平,2023-05-11,9863
4148,全宇生技-KY,8,0,8,元大-和平,2023-05-11,9863
4163,鐿鈦,12,4,8,元大-和平,2023-05-11,9863
4961,天鈺,8,0,8,元大-和平,2023-05-11,9863
5488,松普,8,0,8,元大-和平,2023-05-11,9863
2201,裕隆,7,0,7,元大-和平,2023-05-11,9863
2888,新光金,73,0,73,元大-和平,2023-05-12,9863
2317,鴻海,70,5,65,元大-和平,2023-05-12,9863
00882,中信中國高股息,52,0,52,元大-和平,2023-05-12,9863
00671R,富邦NASDAQ反1,50,0,50,元大-和平,2023-05-12,9863
2356,英業達,105,59,46,元大-和平,2023-05-12,9863
3071,協禧,38,1,37,元大-和平,2023-05-12,9863
2472,立隆電,38,1,37,元大-和平,2023-05-12,9863
2303,聯電,38,2,36,元大-和平,2023-05-12,9863
5353,台林,36,0,36,元大-和平,2023-05-12,9863
00637L,元大滬深300正2,46,11,35,元大-和平,2023-05-12,9863
1101,台泥,28,0,28,元大-和平,2023-05-12,9863
4804,大略-KY,28,0,28,元大-和平,2023-05-12,9863
1605,華新,27,1,26,元大-和平,2023-05-12,9863
2886,兆豐金,26,0,26,元大-和平,2023-05-12,9863
2884,玉山金,23,1,22,元大-和平,2023-05-12,9863
2206,三陽工業,31,9,22,元大-和平,2023-05-12,9863
5876,上海商銀,20,0,20,元大-和平,2023-05-12,9863
3715,定穎投控,22,4,18,元大-和平,2023-05-12,9863
2834,臺企銀,17,2,15,元大-和平,2023-05-12,9863
1609,大亞,31,17,14,元大-和平,2023-05-12,9863
3576,聯合再生,15,1,14,元大-和平,2023-05-12,9863
0056,元大高股息,19,6,13,元大-和平,2023-05-12,9863
3231,緯創,53,41,12,元大-和平,2023-05-12,9863
00712,復華富時不動產,12,0,12,元大-和平,2023-05-12,9863
3078,僑威,18,6,12,元大-和平,2023-05-12,9863
00687B,國泰20年美債,10,0,10,元大-和平,2023-05-12,9863
2891,中信金,10,0,10,元大-和平,2023-05-12,9863
8426,紅木-KY,10,0,10,元大-和平,2023-05-12,9863
4744,皇將,10,1,9,元大-和平,2023-05-12,9863
3481,群創,8,0,8,元大-和平,2023-05-12,9863
4967,十銓,9,1,8,元大-和平,2023-05-12,9863
8924,大田,8,0,8,元大-和平,2023-05-12,9863
8033,雷虎,8,1,7,元大-和平,2023-05-12,9863
2337,旺宏,7,0,7,元大-和平,2023-05-12,9863
3038,全台,7,0,7,元大-和平,2023-05-12,9863
8038,長園科,7,0,7,元大-和平,2023-05-12,9863
2457,飛宏,18,11,7,元大-和平,2023-05-12,9863
8069,元太,9,3,6,元大-和平,2023-05-12,9863
4572,駐龍,6,0,6,元大-和平,2023-05-12,9863
2368,金像電,9,3,6,元大-和平,2023-05-12,9863
2471,資通,24,18,6,元大-和平,2023-05-12,9863
8028,昇陽半導體,6,0,6,元大-和平,2023-05-12,9863
2542,興富發,5,0,5,元大-和平,2023-05-12,9863
9945,潤泰新,5,0,5,元大-和平,2023-05-12,9863
2890,永豐金,5,0,5,元大-和平,2023-05-12,9863
2204,中華,5,0,5,元大-和平,2023-05-12,9863
00713,元大台灣高息低波,5,0,5,元大-和平,2023-05-12,9863
00888,永豐台灣ESG,5,0,5,元大-和平,2023-05-12,9863
2022,聚亨,5,0,5,元大-和平,2023-05-12,9863
2376,技嘉,8,3,5,元大-和平,2023-05-12,9863
8046,南電,194,1,193,元大-和平,2023-05-15,9863
00882,中信中國高股息,67,1,66,元大-和平,2023-05-15,9863
6592,和潤企業,50,0,50,元大-和平,2023-05-15,9863
2303,聯電,35,0,35,元大-和平,2023-05-15,9863
2457,飛宏,54,22,32,元大-和平,2023-05-15,9863
2610,華航,25,0,25,元大-和平,2023-05-15,9863
00687B,國泰20年美債,23,0,23,元大-和平,2023-05-15,9863
3576,聯合再生,22,0,22,元大-和平,2023-05-15,9863
6234,高僑,24,2,22,元大-和平,2023-05-15,9863
9907,統一實,27,5,22,元大-和平,2023-05-15,9863
5706,鳳凰,31,9,22,元大-和平,2023-05-15,9863
00853B,統一美債10年Aa-,20,0,20,元大-和平,2023-05-15,9863
2801,彰銀,20,0,20,元大-和平,2023-05-15,9863
5009,榮剛,21,1,20,元大-和平,2023-05-15,9863
3363,上詮,66,47,19,元大-和平,2023-05-15,9863
00900,富邦特選高股息30,18,0,18,元大-和平,2023-05-15,9863
2527,宏璟,18,0,18,元大-和平,2023-05-15,9863
5530,龍巖,18,0,18,元大-和平,2023-05-15,9863
00715L,期街口布蘭特正2,17,0,17,元大-和平,2023-05-15,9863
1101,台泥,15,0,15,元大-和平,2023-05-15,9863
1104,環泥,17,3,14,元大-和平,2023-05-15,9863
00722B,群益投資級電信債,14,0,14,元大-和平,2023-05-15,9863
2356,英業達,17,4,13,元大-和平,2023-05-15,9863
0056,元大高股息,13,1,12,元大-和平,2023-05-15,9863
3105,穩懋,13,1,12,元大-和平,2023-05-15,9863
00725B,國泰投資級公司債,12,0,12,元大-和平,2023-05-15,9863
2637,慧洋-KY,14,2,12,元大-和平,2023-05-15,9863
00878,國泰永續高股息,53,41,12,元大-和平,2023-05-15,9863
5469,瀚宇博,11,0,11,元大-和平,2023-05-15,9863
3231,緯創,35,25,10,元大-和平,2023-05-15,9863
2317,鴻海,13,3,10,元大-和平,2023-05-15,9863
3046,建��,30,20,10,元大-和平,2023-05-15,9863
6274,台燿,12,2,10,元大-和平,2023-05-15,9863
00682U,期元大美元指數,10,0,10,元大-和平,2023-05-15,9863
2734,易飛網,10,0,10,元大-和平,2023-05-15,9863
2834,臺企銀,10,0,10,元大-和平,2023-05-15,9863
6285,啟��,10,0,10,元大-和平,2023-05-15,9863
0050,元大台灣50,8,0,8,元大-和平,2023-05-15,9863
8996,高力,8,0,8,元大-和平,2023-05-15,9863
2425,承啟,10,3,7,元大-和平,2023-05-15,9863
3038,全台,7,0,7,元大-和平,2023-05-15,9863
6179,亞通,7,0,7,元大-和平,2023-05-15,9863
1514,亞力,6,0,6,元大-和平,2023-05-15,9863
3017,奇鋐,6,0,6,元大-和平,2023-05-15,9863
3454,晶睿,6,0,6,元大-和平,2023-05-15,9863
6139,亞翔,13,7,6,元大-和平,2023-05-15,9863
2409,友達,5,0,5,元大-和平,2023-05-15,9863
1313,聯成,5,0,5,元大-和平,2023-05-15,9863
2314,台揚,5,0,5,元大-和平,2023-05-15,9863
3705,永信,5,0,5,元大-和平,2023-05-15,9863
1905,華紙,99,0,99,元大-和平,2023-05-16,9863
2450,神腦,95,0,95,元大-和平,2023-05-16,9863
00680L,元大美債20正2,56,0,56,元大-和平,2023-05-16,9863
4533,協易機,49,0,49,元大-和平,2023-05-16,9863
00751B,元大AAA至A公司債,40,0,40,元大-和平,2023-05-16,9863
2356,英業達,44,4,40,元大-和平,2023-05-16,9863
6271,同欣電,40,0,40,元大-和平,2023-05-16,9863
00632R,元大台灣50反1,30,0,30,元大-和平,2023-05-16,9863
2609,陽明,23,0,23,元大-和平,2023-05-16,9863
00687B,國泰20年美債,23,0,23,元大-和平,2023-05-16,9863
2317,鴻海,23,3,20,元大-和平,2023-05-16,9863
8426,紅木-KY,17,0,17,元大-和平,2023-05-16,9863
3014,聯陽,20,5,15,元大-和平,2023-05-16,9863
2421,建準,16,2,14,元大-和平,2023-05-16,9863
8996,高力,15,1,14,元大-和平,2023-05-16,9863
2886,兆豐金,21,8,13,元大-和平,2023-05-16,9863
1504,東元,37,26,11,元大-和平,2023-05-16,9863
2363,矽統,11,0,11,元大-和平,2023-05-16,9863
3715,定穎投控,40,29,11,元大-和平,2023-05-16,9863
1711,永光,10,0,10,元大-和平,2023-05-16,9863
00682U,期元大美元指數,10,0,10,元大-和平,2023-05-16,9863
2206,三陽工業,56,46,10,元大-和平,2023-05-16,9863
2530,華建,10,0,10,元大-和平,2023-05-16,9863
3380,明泰,10,0,10,元大-和平,2023-05-16,9863
3455,由田,10,0,10,元大-和平,2023-05-16,9863
00679B,元大美債20年,19,10,9,元大-和平,2023-05-16,9863
00720B,元大投資級公司債,9,0,9,元大-和平,2023-05-16,9863
1609,大亞,10,1,9,元大-和平,2023-05-16,9863
6806,森崴能源,9,0,9,元大-和平,2023-05-16,9863
1709,和益,8,0,8,元大-和平,2023-05-16,9863
2337,旺宏,8,0,8,元大-和平,2023-05-16,9863
5288,豐祥-KY,8,0,8,元大-和平,2023-05-16,9863
8215,明基材,8,0,8,元大-和平,2023-05-16,9863
00725B,國泰投資級公司債,7,0,7,元大-和平,2023-05-16,9863
2331,精英,7,0,7,元大-和平,2023-05-16,9863
2471,資通,7,0,7,元大-和平,2023-05-16,9863
3363,上詮,124,117,7,元大-和平,2023-05-16,9863
4919,新唐,7,0,7,元大-和平,2023-05-16,9863
5321,美而快,60,53,7,元大-和平,2023-05-16,9863
2382,廣達,26,19,7,元大-和平,2023-05-16,9863
2014,中鴻,6,0,6,元大-和平,2023-05-16,9863
2603,長榮,6,0,6,元大-和平,2023-05-16,9863
2328,廣宇,6,0,6,元大-和平,2023-05-16,9863
00641R,富邦日本反1,6,0,6,元大-和平,2023-05-16,9863
4927,泰鼎-KY,6,0,6,元大-和平,2023-05-16,9863
6165,浪凡,6,0,6,元大-和平,2023-05-16,9863
6523,達爾膚,6,0,6,元大-和平,2023-05-16,9863
5243,乙盛-KY,8,2,6,元大-和平,2023-05-16,9863
00772B,中信高評級公司債,6,0,6,元大-和平,2023-05-16,9863
1514,亞力,7,2,5,元大-和平,2023-05-16,9863
00632R,元大台灣50反1,181,8,173,元大-和平,2023-05-17,9863
2450,神腦,77,0,77,元大-和平,2023-05-17,9863
1101,台泥,82,18,64,元大-和平,2023-05-17,9863
6160,欣技,50,10,40,元大-和平,2023-05-17,9863
1609,大亞,32,0,32,元大-和平,2023-05-17,9863
6550,北極星藥業-KY,37,6,31,元大-和平,2023-05-17,9863
00680L,元大美債20正2,27,0,27,元大-和平,2023-05-17,9863
00687B,國泰20年美債,24,0,24,元大-和平,2023-05-17,9863
2402,毅嘉,75,51,24,元大-和平,2023-05-17,9863
6285,啟��,23,1,22,元大-和平,2023-05-17,9863
1711,永光,21,0,21,元大-和平,2023-05-17,9863
00676R,富邦臺灣加權反1,20,0,20,元大-和平,2023-05-17,9863
1905,華紙,21,1,20,元大-和平,2023-05-17,9863
00751B,元大AAA至A公司債,19,0,19,元大-和平,2023-05-17,9863
4927,泰鼎-KY,22,3,19,元大-和平,2023-05-17,9863
00637L,元大滬深300正2,17,0,17,元大-和平,2023-05-17,9863
2915,潤泰全,60,46,14,元大-和平,2023-05-17,9863
00679B,元大美債20年,13,0,13,元大-和平,2023-05-17,9863
5258,虹堡,13,0,13,元大-和平,2023-05-17,9863
5706,鳳凰,18,5,13,元大-和平,2023-05-17,9863
1612,宏泰,23,10,13,元大-和平,2023-05-17,9863
00633L,富邦上証正2,12,0,12,元大-和平,2023-05-17,9863
6279,胡連,12,0,12,元大-和平,2023-05-17,9863
00720B,元大投資級公司債,12,0,12,元大-和平,2023-05-17,9863
2368,金像電,13,2,11,元大-和平,2023-05-17,9863
00888,永豐台灣ESG,10,0,10,元大-和平,2023-05-17,9863
1337,再生-KY,10,0,10,元大-和平,2023-05-17,9863
1526,日馳,10,0,10,元大-和平,2023-05-17,9863
2530,華建,10,0,10,元大-和平,2023-05-17,9863
3035,智原,12,2,10,元大-和平,2023-05-17,9863
6122,擎邦,12,2,10,元大-和平,2023-05-17,9863
6578,達邦蛋白,10,0,10,元大-和平,2023-05-17,9863
6841,長佳智能,10,0,10,元大-和平,2023-05-17,9863
2610,華航,10,1,9,元大-和平,2023-05-17,9863
2313,華通,9,1,8,元大-和平,2023-05-17,9863
00725B,國泰投資級公司債,8,0,8,元大-和平,2023-05-17,9863
2887E,台新戊特,8,0,8,元大-和平,2023-05-17,9863
6112,邁達特,34,26,8,元大-和平,2023-05-17,9863
2457,飛宏,20,13,7,元大-和平,2023-05-17,9863
3704,合勤控,9,2,7,元大-和平,2023-05-17,9863
5469,瀚宇博,8,1,7,元大-和平,2023-05-17,9863
3617,碩天,7,1,6,元大-和平,2023-05-17,9863
8299,群聯,6,0,6,元大-和平,2023-05-17,9863
00641R,富邦日本反1,6,0,6,元大-和平,2023-05-17,9863
1710,東聯,6,0,6,元大-和平,2023-05-17,9863
2208,台船,6,0,6,元大-和平,2023-05-17,9863
3363,上詮,14,8,6,元大-和平,2023-05-17,9863
6257,矽格,6,0,6,元大-和平,2023-05-17,9863
3207,耀勝,33,28,5,元大-和平,2023-05-17,9863
00882,中信中國高股息,5,0,5,元大-和平,2023-05-17,9863
00632R,元大台灣50反1,225,15,210,元大-和平,2023-05-18,9863
00751B,元大AAA至A公司債,34,0,34,元大-和平,2023-05-18,9863
1529,樂事綠能,35,1,34,元大-和平,2023-05-18,9863
00637L,元大滬深300正2,30,0,30,元大-和平,2023-05-18,9863
2368,金像電,29,3,26,元大-和平,2023-05-18,9863
5321,美而快,25,0,25,元大-和平,2023-05-18,9863
3704,合勤控,38,15,23,元大-和平,2023-05-18,9863
00687B,國泰20年美債,21,0,21,元大-和平,2023-05-18,9863
6244,茂迪,25,5,20,元大-和平,2023-05-18,9863
2413,環科,15,0,15,元大-和平,2023-05-18,9863
2504,國產,15,0,15,元大-和平,2023-05-18,9863
006208,富邦台50,20,6,14,元大-和平,2023-05-18,9863
00795B,中信美國公債20年,13,0,13,元大-和平,2023-05-18,9863
2312,金寶,120,107,13,元大-和平,2023-05-18,9863
1560,中砂,12,0,12,元大-和平,2023-05-18,9863
3035,智原,12,1,11,元大-和平,2023-05-18,9863
6411,晶焱,11,0,11,元大-和平,2023-05-18,9863
6719,力智,10,0,10,元大-和平,2023-05-18,9863
00674R,期元大S＆P黃金反1,10,0,10,元大-和平,2023-05-18,9863
2402,毅嘉,15,5,10,元大-和平,2023-05-18,9863
4532,瑞智,11,1,10,元大-和平,2023-05-18,9863
6697,東捷資訊,10,0,10,元大-和平,2023-05-18,9863
2915,潤泰全,40,30,10,元大-和平,2023-05-18,9863
1584,精剛,15,6,9,元大-和平,2023-05-18,9863
2449,京元電子,10,1,9,元大-和平,2023-05-18,9863
2002,中鋼,10,1,9,元大-和平,2023-05-18,9863
00673R,期元大S＆P原油反1,8,0,8,元大-和平,2023-05-18,9863
2305,全友,8,0,8,元大-和平,2023-05-18,9863
8069,元太,11,4,7,元大-和平,2023-05-18,9863
3680,家登,9,2,7,元大-和平,2023-05-18,9863
00680L,元大美債20正2,7,0,7,元大-和平,2023-05-18,9863
1727,中華化,7,0,7,元大-和平,2023-05-18,9863
2887E,台新戊特,7,0,7,元大-和平,2023-05-18,9863
2887,台新金,7,0,7,元大-和平,2023-05-18,9863
3576,聯合再生,8,1,7,元大-和平,2023-05-18,9863
00922,國泰台灣領袖50,6,0,6,元大-和平,2023-05-18,9863
0055,元大MSCI金融,6,0,6,元大-和平,2023-05-18,9863
2228,劍麟,6,0,6,元大-和平,2023-05-18,9863
5301,寶得利,6,0,6,元大-和平,2023-05-18,9863
6191,精成科,6,0,6,元大-和平,2023-05-18,9863
1904,正隆,6,0,6,元大-和平,2023-05-18,9863
8155,博智,5,0,5,元大-和平,2023-05-18,9863
00713,元大台灣高息低波,11,6,5,元大-和平,2023-05-18,9863
2337,旺宏,10,5,5,元大-和平,2023-05-18,9863
6770,力積電,5,0,5,元大-和平,2023-05-18,9863
3017,奇鋐,12,7,5,元大-和平,2023-05-18,9863
2485,兆赫,5,0,5,元大-和平,2023-05-18,9863
3363,上詮,19,14,5,元大-和平,2023-05-18,9863
3454,晶睿,5,0,5,元大-和平,2023-05-18,9863
3594,磐儀,5,0,5,元大-和平,2023-05-18,9863
2312,金寶,110,1,109,元大-和平,2023-05-19,9863
2352,佳世達,79,4,75,元大-和平,2023-05-19,9863
6592,和潤企業,60,0,60,元大-和平,2023-05-19,9863
1609,大亞,99,43,56,元大-和平,2023-05-19,9863
00637L,元大滬深300正2,72,20,52,元大-和平,2023-05-19,9863
3025,星通,58,10,48,元大-和平,2023-05-19,9863
00632R,元大台灣50反1,48,0,48,元大-和平,2023-05-19,9863
5009,榮剛,44,8,36,元大-和平,2023-05-19,9863
8069,元太,54,19,35,元大-和平,2023-05-19,9863
3706,神達,43,12,31,元大-和平,2023-05-19,9863
2413,環科,32,2,30,元大-和平,2023-05-19,9863
6288,聯嘉,32,3,29,元大-和平,2023-05-19,9863
1504,東元,51,23,28,元大-和平,2023-05-19,9863
00679B,元大美債20年,29,2,27,元大-和平,2023-05-19,9863
3363,上詮,56,29,27,元大-和平,2023-05-19,9863
00687B,國泰20年美債,26,0,26,元大-和平,2023-05-19,9863
2409,友達,56,33,23,元大-和平,2023-05-19,9863
2453,凌群,43,20,23,元大-和平,2023-05-19,9863
2317,鴻海,24,1,23,元大-和平,2023-05-19,9863
00751B,元大AAA至A公司債,20,0,20,元大-和平,2023-05-19,9863
9945,潤泰新,45,25,20,元大-和平,2023-05-19,9863
2109,華豐,20,0,20,元大-和平,2023-05-19,9863
8038,長園科,14,0,14,元大-和平,2023-05-19,9863
3046,建��,15,1,14,元大-和平,2023-05-19,9863
5706,鳳凰,27,14,13,元大-和平,2023-05-19,9863
00772B,中信高評級公司債,13,0,13,元大-和平,2023-05-19,9863
6245,立端,18,6,12,元大-和平,2023-05-19,9863
00655L,國泰中國A50正2,11,0,11,元大-和平,2023-05-19,9863
2489,瑞軒,11,0,11,元大-和平,2023-05-19,9863
2534,宏盛,11,0,11,元大-和平,2023-05-19,9863
3006,晶豪科,15,4,11,元大-和平,2023-05-19,9863
00919,群益台灣精選高息,11,0,11,元大-和平,2023-05-19,9863
1734,杏輝,10,0,10,元大-和平,2023-05-19,9863
3701,大眾控,11,1,10,元大-和平,2023-05-19,9863
00633L,富邦上証正2,10,0,10,元大-和平,2023-05-19,9863
2355,敬鵬,10,0,10,元大-和平,2023-05-19,9863
2504,國產,12,2,10,元大-和平,2023-05-19,9863
3056,富華新,10,0,10,元大-和平,2023-05-19,9863
9908,大台北,10,0,10,元大-和平,2023-05-19,9863
00712,復華富時不動產,10,0,10,元大-和平,2023-05-19,9863
1760,寶齡富錦,9,0,9,元大-和平,2023-05-19,9863
00885,富邦越南,9,0,9,元大-和平,2023-05-19,9863
4163,鐿鈦,9,0,9,元大-和平,2023-05-19,9863
4533,協易機,9,0,9,元大-和平,2023-05-19,9863
6138,茂達,9,0,9,元大-和平,2023-05-19,9863
00720B,元大投資級公司債,9,0,9,元大-和平,2023-05-19,9863
1513,中興電,51,43,8,元大-和平,2023-05-19,9863
1310,台苯,8,0,8,元大-和平,2023-05-19,9863
00725B,國泰投資級公司債,7,0,7,元大-和平,2023-05-19,9863
2022,聚亨,7,0,7,元大-和平,2023-05-19,9863
00878,國泰永續高股息,103,20,83,元大-和平,2023-05-22,9863
2303,聯電,43,1,42,元大-和平,2023-05-22,9863
6282,康舒,47,13,34,元大-和平,2023-05-22,9863
6223,旺矽,50,17,33,元大-和平,2023-05-22,9863
1809,中釉,38,6,32,元大-和平,2023-05-22,9863
00762,元大全球AI,28,0,28,元大-和平,2023-05-22,9863
00687B,國泰20年美債,27,0,27,元大-和平,2023-05-22,9863
00919,群益台灣精選高息,26,0,26,元大-和平,2023-05-22,9863
2356,英業達,23,0,23,元大-和平,2023-05-22,9863
2442,新美齊,24,4,20,元大-和平,2023-05-22,9863
00751B,元大AAA至A公司債,20,0,20,元大-和平,2023-05-22,9863
2101,南港,20,0,20,元大-和平,2023-05-22,9863
6535,順藥,20,0,20,元大-和平,2023-05-22,9863
1519,華城,41,21,20,元大-和平,2023-05-22,9863
2413,環科,16,0,16,元大-和平,2023-05-22,9863
4927,泰鼎-KY,16,0,16,元大-和平,2023-05-22,9863
3035,智原,15,0,15,元大-和平,2023-05-22,9863
2495,普安,15,0,15,元大-和平,2023-05-22,9863
6180,橘子,16,1,15,元大-和平,2023-05-22,9863
4938,和碩,15,1,14,元大-和平,2023-05-22,9863
1504,東元,36,22,14,元大-和平,2023-05-22,9863
6715,嘉基,14,0,14,元大-和平,2023-05-22,9863
5340,建榮,18,5,13,元大-和平,2023-05-22,9863
00679B,元大美債20年,45,35,10,元大-和平,2023-05-22,9863
3231,緯創,52,42,10,元大-和平,2023-05-22,9863
00696B,富邦美債20年,10,0,10,元大-和平,2023-05-22,9863
1907,永豐餘,10,0,10,元大-和平,2023-05-22,9863
2312,金寶,10,0,10,元大-和平,2023-05-22,9863
2323,中環,14,4,10,元大-和平,2023-05-22,9863
2421,建準,10,0,10,元大-和平,2023-05-22,9863
00680L,元大美債20正2,9,0,9,元大-和平,2023-05-22,9863
00715L,期街口布蘭特正2,9,0,9,元大-和平,2023-05-22,9863
4960,誠美材,9,0,9,元大-和平,2023-05-22,9863
5425,台半,9,0,9,元大-和平,2023-05-22,9863
8227,巨有科技,19,10,9,元大-和平,2023-05-22,9863
5706,鳳凰,27,18,9,元大-和平,2023-05-22,9863
2317,鴻海,11,2,9,元大-和平,2023-05-22,9863
00772B,中信高評級公司債,8,0,8,元大-和平,2023-05-22,9863
6509,聚和,8,0,8,元大-和平,2023-05-22,9863
00795B,中信美國公債20年,7,0,7,元大-和平,2023-05-22,9863
3557,嘉威,7,0,7,元大-和平,2023-05-22,9863
4157,太景*-KY,7,0,7,元大-和平,2023-05-22,9863
6190,萬泰科,10,3,7,元大-和平,2023-05-22,9863
00725B,國泰投資級公司債,6,0,6,元大-和平,2023-05-22,9863
3056,富華新,6,0,6,元大-和平,2023-05-22,9863
4746,台耀,8,2,6,元大-和平,2023-05-22,9863
1727,中華化,6,0,6,元大-和平,2023-05-22,9863
00720B,元大投資級公司債,6,0,6,元大-和平,2023-05-22,9863
2208,台船,6,1,5,元大-和平,2023-05-22,9863
2412,中華電,5,0,5,元大-和平,2023-05-22,9863
1201,味全,150,0,150,元大-和平,2023-05-23,9863
00687B,國泰20年美債,68,0,68,元大-和平,2023-05-23,9863
4533,協易機,61,0,61,元大-和平,2023-05-23,9863
2409,友達,60,0,60,元大-和平,2023-05-23,9863
00795B,中信美國公債20年,55,0,55,元大-和平,2023-05-23,9863
00637L,元大滬深300正2,46,0,46,元大-和平,2023-05-23,9863
2303,聯電,41,2,39,元大-和平,2023-05-23,9863
00882,中信中國高股息,24,0,24,元大-和平,2023-05-23,9863
3231,緯創,41,18,23,元大-和平,2023-05-23,9863
1319,東陽,22,0,22,元大-和平,2023-05-23,9863
2402,毅嘉,39,17,22,元大-和平,2023-05-23,9863
2101,南港,20,0,20,元大-和平,2023-05-23,9863
2504,國產,21,1,20,元大-和平,2023-05-23,9863
1513,中興電,62,43,19,元大-和平,2023-05-23,9863
2413,環科,21,2,19,元大-和平,2023-05-23,9863
3481,群創,24,6,18,元大-和平,2023-05-23,9863
00693U,期街口S＆P黃豆,20,4,16,元大-和平,2023-05-23,9863
2618,長榮航,74,58,16,元大-和平,2023-05-23,9863
2634,漢翔,17,3,14,元大-和平,2023-05-23,9863
9921,巨大,14,0,14,元大-和平,2023-05-23,9863
00751B,元大AAA至A公司債,13,0,13,元大-和平,2023-05-23,9863
2603,長榮,13,0,13,元大-和平,2023-05-23,9863
2421,建準,21,9,12,元大-和平,2023-05-23,9863
3290,東浦,12,0,12,元大-和平,2023-05-23,9863
6112,邁達特,39,27,12,元大-和平,2023-05-23,9863
6288,聯嘉,14,2,12,元大-和平,2023-05-23,9863
5209,新鼎,11,0,11,元大-和平,2023-05-23,9863
5475,德宏,11,0,11,元大-和平,2023-05-23,9863
1337,再生-KY,10,0,10,元大-和平,2023-05-23,9863
2314,台揚,11,1,10,元大-和平,2023-05-23,9863
2881,富邦金,13,3,10,元大-和平,2023-05-23,9863
3704,合勤控,11,1,10,元大-和平,2023-05-23,9863
5531,鄉林,12,2,10,元大-和平,2023-05-23,9863
3003,健和興,9,0,9,元大-和平,2023-05-23,9863
2371,大同,13,4,9,元大-和平,2023-05-23,9863
2337,旺宏,10,1,9,元大-和平,2023-05-23,9863
6122,擎邦,11,2,9,元大-和平,2023-05-23,9863
3005,神基,10,2,8,元大-和平,2023-05-23,9863
3071,協禧,10,2,8,元大-和平,2023-05-23,9863
6561,是方,8,0,8,元大-和平,2023-05-23,9863
2913,農林,11,4,7,元大-和平,2023-05-23,9863
8255,朋程,8,1,7,元大-和平,2023-05-23,9863
9105,泰金寶-DR,7,0,7,元大-和平,2023-05-23,9863
00725B,國泰投資級公司債,6,0,6,元大-和平,2023-05-23,9863
1528,恩德,6,0,6,元大-和平,2023-05-23,9863
5243,乙盛-KY,11,5,6,元大-和平,2023-05-23,9863
6188,廣明,6,0,6,元大-和平,2023-05-23,9863
00657,國泰日經225,5,0,5,元大-和平,2023-05-23,9863
00679B,元大美債20年,8,3,5,元大-和平,2023-05-23,9863
2313,華通,5,0,5,元大-和平,2023-05-23,9863
2888,新光金,202,0,202,元大-和平,2023-05-24,9863
00637L,元大滬深300正2,177,30,147,元大-和平,2023-05-24,9863
2421,建準,125,22,103,元大-和平,2023-05-24,9863
1905,華紙,87,36,51,元大-和平,2023-05-24,9863
8112,至上,42,0,42,元大-和平,2023-05-24,9863
00757,統一FANG+,39,0,39,元大-和平,2023-05-24,9863
00679B,元大美債20年,43,5,38,元大-和平,2023-05-24,9863
5321,美而快,39,3,36,元大-和平,2023-05-24,9863
00893,國泰智能電動車,21,0,21,元大-和平,2023-05-24,9863
5531,鄉林,20,0,20,元大-和平,2023-05-24,9863
00882,中信中國高股息,19,0,19,元大-和平,2023-05-24,9863
6245,立端,29,10,19,元大-和平,2023-05-24,9863
1504,東元,29,10,19,元大-和平,2023-05-24,9863
3363,上詮,44,28,16,元大-和平,2023-05-24,9863
8222,寶一,20,5,15,元大-和平,2023-05-24,9863
1460,宏遠,15,2,13,元大-和平,2023-05-24,9863
5439,高技,16,3,13,元大-和平,2023-05-24,9863
2337,旺宏,12,0,12,元大-和平,2023-05-24,9863
9945,潤泰新,16,5,11,元大-和平,2023-05-24,9863
2399,映泰,15,4,11,元大-和平,2023-05-24,9863
00772B,中信高評級公司債,10,0,10,元大-和平,2023-05-24,9863
8099,大世科,12,2,10,元大-和平,2023-05-24,9863
00924,復華S＆P500成長,10,0,10,元大-和平,2023-05-24,9863
1529,樂事綠能,10,0,10,元大-和平,2023-05-24,9863
2915,潤泰全,25,15,10,元大-和平,2023-05-24,9863
3576,聯合再生,10,0,10,元大-和平,2023-05-24,9863
3078,僑威,17,8,9,元大-和平,2023-05-24,9863
3037,欣興,12,3,9,元大-和平,2023-05-24,9863
4968,立積,12,3,9,元大-和平,2023-05-24,9863
5876,上海商銀,9,0,9,元大-和平,2023-05-24,9863
6285,啟��,10,1,9,元大-和平,2023-05-24,9863
3380,明泰,8,0,8,元大-和平,2023-05-24,9863
6205,詮欣,8,0,8,元大-和平,2023-05-24,9863
2892,第一金,7,0,7,元大-和平,2023-05-24,9863
2314,台揚,12,5,7,元大-和平,2023-05-24,9863
2382,廣達,7,0,7,元大-和平,2023-05-24,9863
4129,聯合,7,0,7,元大-和平,2023-05-24,9863
4168,醣聯,10,3,7,元大-和平,2023-05-24,9863
5258,虹堡,11,5,6,元大-和平,2023-05-24,9863
00751B,元大AAA至A公司債,6,0,6,元大-和平,2023-05-24,9863
2356,英業達,6,0,6,元大-和平,2023-05-24,9863
3491,昇達科,6,0,6,元大-和平,2023-05-24,9863
5425,台半,6,0,6,元大-和平,2023-05-24,9863
5905,南仁湖,6,0,6,元大-和平,2023-05-24,9863
2454,聯發科,5,0,5,元大-和平,2023-05-24,9863
5871,中租-KY,5,0,5,元大-和平,2023-05-24,9863
00888,永豐台灣ESG,5,0,5,元大-和平,2023-05-24,9863
2702,華園,10,5,5,元大-和平,2023-05-24,9863
1319,東陽,5,0,5,元大-和平,2023-05-24,9863
1727,中華化,7,2,5,元大-和平,2023-05-24,9863
00637L,元大滬深300正2,231,20,211,元大-和平,2023-05-25,9863
1795,美時,137,4,133,元大-和平,2023-05-25,9863
00882,中信中國高股息,78,0,78,元大-和平,2023-05-25,9863
00878,國泰永續高股息,83,20,63,元大-和平,2023-05-25,9863
8210,勤誠,66,3,63,元大-和平,2023-05-25,9863
1609,大亞,53,1,52,元大-和平,2023-05-25,9863
3363,上詮,120,68,52,元大-和平,2023-05-25,9863
1460,宏遠,54,14,40,元大-和平,2023-05-25,9863
2913,農林,40,0,40,元大-和平,2023-05-25,9863
2734,易飛網,35,8,27,元大-和平,2023-05-25,9863
5876,上海商銀,27,0,27,元大-和平,2023-05-25,9863
2303,聯電,30,4,26,元大-和平,2023-05-25,9863
00753L,中信中國50正2,36,10,26,元大-和平,2023-05-25,9863
2449,京元電子,29,3,26,元大-和平,2023-05-25,9863
00928,中信上櫃ESG30,23,0,23,元大-和平,2023-05-25,9863
2801,彰銀,20,0,20,元大-和平,2023-05-25,9863
00751B,元大AAA至A公司債,19,0,19,元大-和平,2023-05-25,9863
6123,上奇,20,2,18,元大-和平,2023-05-25,9863
1504,東元,40,23,17,元大-和平,2023-05-25,9863
8222,寶一,21,5,16,元大-和平,2023-05-25,9863
2349,錸德,21,5,16,元大-和平,2023-05-25,9863
2603,長榮,26,11,15,元大-和平,2023-05-25,9863
6245,立端,16,1,15,元大-和平,2023-05-25,9863
00646,元大S＆P500,15,0,15,元大-和平,2023-05-25,9863
6285,啟��,13,0,13,元大-和平,2023-05-25,9863
5009,榮剛,16,3,13,元大-和平,2023-05-25,9863
2201,裕隆,13,0,13,元大-和平,2023-05-25,9863
3380,明泰,12,0,12,元大-和平,2023-05-25,9863
5531,鄉林,12,0,12,元大-和平,2023-05-25,9863
2618,長榮航,71,59,12,元大-和平,2023-05-25,9863
00712,復華富時不動產,12,1,11,元大-和平,2023-05-25,9863
2834,臺企銀,11,0,11,元大-和平,2023-05-25,9863
3325,旭品,14,3,11,元大-和平,2023-05-25,9863
00752,中信中國50,10,0,10,元大-和平,2023-05-25,9863
00772B,中信高評級公司債,10,0,10,元大-和平,2023-05-25,9863
3043,科風,10,0,10,元大-和平,2023-05-25,9863
4961,天鈺,10,0,10,元大-和平,2023-05-25,9863
6185,幃翔,10,0,10,元大-和平,2023-05-25,9863
6535,順藥,10,0,10,元大-和平,2023-05-25,9863
6689,伊雲谷,10,0,10,元大-和平,2023-05-25,9863
3701,大眾控,17,7,10,元大-和平,2023-05-25,9863
2344,華邦電,10,1,9,元大-和平,2023-05-25,9863
3017,奇鋐,18,9,9,元大-和平,2023-05-25,9863
2317,鴻海,10,1,9,元大-和平,2023-05-25,9863
2915,潤泰全,28,19,9,元大-和平,2023-05-25,9863
1605,華新,9,1,8,元大-和平,2023-05-25,9863
00795B,中信美國公債20年,8,0,8,元大-和平,2023-05-25,9863
2719,燦星旅,8,0,8,元大-和平,2023-05-25,9863
3058,立德,10,2,8,元大-和平,2023-05-25,9863
5536,聖暉*,8,0,8,元大-和平,2023-05-25,9863
00632R,元大台灣50反1,195,0,195,元大-和平,2023-05-26,9863
2332,友訊,145,0,145,元大-和平,2023-05-26,9863
00637L,元大滬深300正2,167,23,144,元大-和平,2023-05-26,9863
00904,新光臺灣半導體30,52,0,52,元大-和平,2023-05-26,9863
00712,復華富時不動產,46,0,46,元大-和平,2023-05-26,9863
5608,四維航,45,0,45,元大-和平,2023-05-26,9863
3071,協禧,43,1,42,元大-和平,2023-05-26,9863
2801,彰銀,40,0,40,元大-和平,2023-05-26,9863
9907,統一實,40,0,40,元大-和平,2023-05-26,9863
4979,華星光,40,6,34,元大-和平,2023-05-26,9863
2356,英業達,46,18,28,元大-和平,2023-05-26,9863
3264,欣銓,35,7,28,元大-和平,2023-05-26,9863
4564,元翎,47,19,28,元大-和平,2023-05-26,9863
3231,緯創,113,86,27,元大-和平,2023-05-26,9863
2376,技嘉,32,7,25,元大-和平,2023-05-26,9863
00679B,元大美債20年,25,2,23,元大-和平,2023-05-26,9863
3033,威健,21,0,21,元大-和平,2023-05-26,9863
1608,華榮,21,1,20,元大-和平,2023-05-26,9863
1802,台玻,18,0,18,元大-和平,2023-05-26,9863
00882,中信中國高股息,17,0,17,元大-和平,2023-05-26,9863
2421,建準,52,36,16,元大-和平,2023-05-26,9863
2913,農林,15,0,15,元大-和平,2023-05-26,9863
3028,增你強,15,0,15,元大-和平,2023-05-26,9863
4162,智擎,21,6,15,元大-和平,2023-05-26,9863
6531,愛普*,16,1,15,元大-和平,2023-05-26,9863
2465,麗臺,15,1,14,元大-和平,2023-05-26,9863
4129,聯合,14,0,14,元大-和平,2023-05-26,9863
2425,承啟,44,31,13,元大-和平,2023-05-26,9863
2612,中航,15,2,13,元大-和平,2023-05-26,9863
6191,精成科,12,0,12,元大-和平,2023-05-26,9863
2329,華泰,24,12,12,元大-和平,2023-05-26,9863
3704,合勤控,12,0,12,元大-和平,2023-05-26,9863
1589,永冠-KY,10,0,10,元大-和平,2023-05-26,9863
00795B,中信美國公債20年,10,0,10,元大-和平,2023-05-26,9863
00655L,國泰中國A50正2,10,0,10,元大-和平,2023-05-26,9863
00715L,期街口布蘭特正2,10,0,10,元大-和平,2023-05-26,9863
00693U,期街口S＆P黃豆,10,0,10,元大-和平,2023-05-26,9863
00680L,元大美債20正2,10,0,10,元大-和平,2023-05-26,9863
00728,第一金工業30,10,0,10,元大-和平,2023-05-26,9863
2065,世豐,10,0,10,元大-和平,2023-05-26,9863
2317,鴻海,10,0,10,元大-和平,2023-05-26,9863
2530,華建,10,0,10,元大-和平,2023-05-26,9863
4931,新盛力,20,10,10,元大-和平,2023-05-26,9863
5301,寶得利,10,0,10,元大-和平,2023-05-26,9863
5531,鄉林,10,0,10,元大-和平,2023-05-26,9863
6115,鎰勝,10,0,10,元大-和平,2023-05-26,9863
2886,兆豐金,10,0,10,元大-和平,2023-05-26,9863
6196,帆宣,10,1,9,元大-和平,2023-05-26,9863
2208,台船,9,1,8,元大-和平,2023-05-26,9863
00751B,元大AAA至A公司債,8,0,8,元大-和平,2023-05-26,9863
00637L,元大滬深300正2,65,0,65,元大-和平,2023-05-29,9863
1460,宏遠,57,0,57,元大-和平,2023-05-29,9863
3025,星通,70,15,55,元大-和平,2023-05-29,9863
3481,群創,60,10,50,元大-和平,2023-05-29,9863
4804,大略-KY,45,0,45,元大-和平,2023-05-29,9863
5465,富驊,52,11,41,元大-和平,2023-05-29,9863
2425,承啟,46,16,30,元大-和平,2023-05-29,9863
0056,元大高股息,52,24,28,元大-和平,2023-05-29,9863
8048,德勝,35,9,26,元大-和平,2023-05-29,9863
4503,金雨,26,1,25,元大-和平,2023-05-29,9863
6282,康舒,76,51,25,元大-和平,2023-05-29,9863
1718,中纖,25,4,21,元大-和平,2023-05-29,9863
2409,友達,27,7,20,元大-和平,2023-05-29,9863
3062,建漢,20,0,20,元大-和平,2023-05-29,9863
6592,和潤企業,20,0,20,元大-和平,2023-05-29,9863
1760,寶齡富錦,20,1,19,元大-和平,2023-05-29,9863
2236,百達-KY,19,0,19,元大-和平,2023-05-29,9863
6235,華孚,30,11,19,元大-和平,2023-05-29,9863
4744,皇將,19,2,17,元大-和平,2023-05-29,9863
2388,威盛,24,7,17,元大-和平,2023-05-29,9863
2002,中鋼,19,3,16,元大-和平,2023-05-29,9863
00902,中信電池及儲能,13,0,13,元大-和平,2023-05-29,9863
3265,台星科,18,5,13,元大-和平,2023-05-29,9863
1608,華榮,34,21,13,元大-和平,2023-05-29,9863
9907,統一實,12,0,12,元大-和平,2023-05-29,9863
2323,中環,25,14,11,元大-和平,2023-05-29,9863
5301,寶得利,11,0,11,元大-和平,2023-05-29,9863
4979,華星光,12,2,10,元大-和平,2023-05-29,9863
2489,瑞軒,10,0,10,元大-和平,2023-05-29,9863
2645,長榮航太,10,0,10,元大-和平,2023-05-29,9863
6122,擎邦,11,2,9,元大-和平,2023-05-29,9863
1727,中華化,10,1,9,元大-和平,2023-05-29,9863
2312,金寶,32,23,9,元大-和平,2023-05-29,9863
2379,瑞昱,10,1,9,元大-和平,2023-05-29,9863
3540,曜越,10,1,9,元大-和平,2023-05-29,9863
1108,幸福,8,0,8,元大-和平,2023-05-29,9863
2413,環科,8,0,8,元大-和平,2023-05-29,9863
8069,元太,27,19,8,元大-和平,2023-05-29,9863
8046,南電,12,4,8,元大-和平,2023-05-29,9863
3037,欣興,17,9,8,元大-和平,2023-05-29,9863
5258,虹堡,10,3,7,元大-和平,2023-05-29,9863
1218,泰山,7,0,7,元大-和平,2023-05-29,9863
2206,三陽工業,14,7,7,元大-和平,2023-05-29,9863
6139,亞翔,7,0,7,元大-和平,2023-05-29,9863
4175,杏一,6,0,6,元大-和平,2023-05-29,9863
00751B,元大AAA至A公司債,6,0,6,元大-和平,2023-05-29,9863
2442,新美齊,8,2,6,元大-和平,2023-05-29,9863
00713,元大台灣高息低波,13,8,5,元大-和平,2023-05-29,9863
1101,台泥,5,0,5,元大-和平,2023-05-29,9863
8085,福華,10,5,5,元大-和平,2023-05-29,9863
2409,友達,157,2,155,元大-和平,2023-05-30,9863
00687B,國泰20年美債,92,0,92,元大-和平,2023-05-30,9863
00637L,元大滬深300正2,95,10,85,元大-和平,2023-05-30,9863
2425,承啟,60,2,58,元大-和平,2023-05-30,9863
3078,僑威,73,18,55,元大-和平,2023-05-30,9863
2705,六福,55,0,55,元大-和平,2023-05-30,9863
00904,新光臺灣半導體30,51,0,51,元大-和平,2023-05-30,9863
2323,中環,50,7,43,元大-和平,2023-05-30,9863
3025,星通,71,29,42,元大-和平,2023-05-30,9863
2421,建準,48,11,37,元大-和平,2023-05-30,9863
6166,凌華,41,6,35,元大-和平,2023-05-30,9863
6282,康舒,35,0,35,元大-和平,2023-05-30,9863
2382,廣達,34,2,32,元大-和平,2023-05-30,9863
3037,欣興,32,2,30,元大-和平,2023-05-30,9863
2534,宏盛,29,0,29,元大-和平,2023-05-30,9863
00725B,國泰投資級公司債,23,0,23,元大-和平,2023-05-30,9863
00882,中信中國高股息,33,12,21,元大-和平,2023-05-30,9863
2888,新光金,21,0,21,元大-和平,2023-05-30,9863
00752,中信中國50,20,0,20,元大-和平,2023-05-30,9863
1316,上曜,20,0,20,元大-和平,2023-05-30,9863
5498,凱崴,20,0,20,元大-和平,2023-05-30,9863
2637,慧洋-KY,16,1,15,元大-和平,2023-05-30,9863
1514,亞力,16,1,15,元大-和平,2023-05-30,9863
2206,三陽工業,17,3,14,元大-和平,2023-05-30,9863
2634,漢翔,13,0,13,元大-和平,2023-05-30,9863
00902,中信電池及儲能,13,0,13,元大-和平,2023-05-30,9863
2603,長榮,13,1,12,元大-和平,2023-05-30,9863
00753L,中信中國50正2,17,5,12,元大-和平,2023-05-30,9863
1108,幸福,12,0,12,元大-和平,2023-05-30,9863
2002,中鋼,12,0,12,元大-和平,2023-05-30,9863
2413,環科,12,0,12,元大-和平,2023-05-30,9863
6592,和潤企業,12,0,12,元大-和平,2023-05-30,9863
00632R,元大台灣50反1,21,10,11,元大-和平,2023-05-30,9863
2337,旺宏,11,0,11,元大-和平,2023-05-30,9863
3441,聯一光,11,0,11,元大-和平,2023-05-30,9863
5009,榮剛,17,6,11,元大-和平,2023-05-30,9863
5608,四維航,11,0,11,元大-和平,2023-05-30,9863
6244,茂迪,12,1,11,元大-和平,2023-05-30,9863
3033,威健,11,0,11,元大-和平,2023-05-30,9863
3005,神基,11,0,11,元大-和平,2023-05-30,9863
3481,群創,10,0,10,元大-和平,2023-05-30,9863
00696B,富邦美債20年,10,0,10,元大-和平,2023-05-30,9863
1101,台泥,11,1,10,元大-和平,2023-05-30,9863
2615,萬海,11,1,10,元大-和平,2023-05-30,9863
2867,三商壽,10,0,10,元大-和平,2023-05-30,9863
6285,啟��,10,0,10,元大-和平,2023-05-30,9863
5425,台半,9,0,9,元大-和平,2023-05-30,9863
5243,乙盛-KY,10,1,9,元大-和平,2023-05-30,9863
6191,精成科,8,0,8,元大-和平,2023-05-30,9863
2453,凌群,15,7,8,元大-和平,2023-05-30,9863
00637L,元大滬深300正2,429,110,319,元大-和平,2023-05-31,9863
2515,中工,213,33,180,元大-和平,2023-05-31,9863
2331,精英,123,4,119,元大-和平,2023-05-31,9863
3706,神達,114,15,99,元大-和平,2023-05-31,9863
2409,友達,82,3,79,元大-和平,2023-05-31,9863
00687B,國泰20年美債,76,0,76,元大-和平,2023-05-31,9863
2313,華通,75,0,75,元大-和平,2023-05-31,9863
3062,建漢,62,0,62,元大-和平,2023-05-31,9863
2103,台橡,54,0,54,元大-和平,2023-05-31,9863
00715L,期街口布蘭特正2,51,0,51,元大-和平,2023-05-31,9863
2915,潤泰全,56,25,31,元大-和平,2023-05-31,9863
2883,凱基金,27,0,27,元大-和平,2023-05-31,9863
00753L,中信中國50正2,26,0,26,元大-和平,2023-05-31,9863
3705,永信,26,0,26,元大-和平,2023-05-31,9863
2317,鴻海,32,8,24,元大-和平,2023-05-31,9863
00882,中信中國高股息,23,0,23,元大-和平,2023-05-31,9863
4979,華星光,42,19,23,元大-和平,2023-05-31,9863
4163,鐿鈦,23,1,22,元大-和平,2023-05-31,9863
2382,廣達,27,5,22,元大-和平,2023-05-31,9863
8940,新天地,20,0,20,元大-和平,2023-05-31,9863
6592,和潤企業,19,0,19,元大-和平,2023-05-31,9863
9904,寶成,19,0,19,元大-和平,2023-05-31,9863
2425,承啟,20,1,19,元大-和平,2023-05-31,9863
2606,裕民,18,0,18,元大-和平,2023-05-31,9863
3704,合勤控,20,3,17,元大-和平,2023-05-31,9863
2337,旺宏,17,0,17,元大-和平,2023-05-31,9863
3037,欣興,22,5,17,元大-和平,2023-05-31,9863
6117,迎廣,16,0,16,元大-和平,2023-05-31,9863
3231,緯創,49,33,16,元大-和平,2023-05-31,9863
5469,瀚宇博,23,7,16,元大-和平,2023-05-31,9863
6509,聚和,16,2,14,元大-和平,2023-05-31,9863
3680,家登,12,0,12,元大-和平,2023-05-31,9863
5876,上海商銀,12,0,12,元大-和平,2023-05-31,9863
2892,第一金,11,0,11,元大-和平,2023-05-31,9863
8011,台通,11,1,10,元大-和平,2023-05-31,9863
8112,至上,10,0,10,元大-和平,2023-05-31,9863
2457,飛宏,24,14,10,元大-和平,2023-05-31,9863
00904,新光臺灣半導體30,10,0,10,元大-和平,2023-05-31,9863
00923,群益台ESG低碳50,10,0,10,元大-和平,2023-05-31,9863
00762,元大全球AI,10,0,10,元大-和平,2023-05-31,9863
00752,中信中國50,10,0,10,元大-和平,2023-05-31,9863
00661,元大日經225,10,0,10,元大-和平,2023-05-31,9863
2886,兆豐金,10,0,10,元大-和平,2023-05-31,9863
2634,漢翔,11,1,10,元大-和平,2023-05-31,9863
1504,東元,19,10,9,元大-和平,2023-05-31,9863
2495,普安,10,1,9,元大-和平,2023-05-31,9863
1907,永豐餘,8,0,8,元大-和平,2023-05-31,9863
3714,富采,10,2,8,元大-和平,2023-05-31,9863
2603,長榮,7,0,7,元大-和平,2023-05-31,9863
4747,強生,8,1,7,元大-和平,2023-05-31,9863
2888,新光金,107,2,105,元大-和平,2023-06-01,9863
2103,台橡,100,0,100,元大-和平,2023-06-01,9863
00878,國泰永續高股息,109,34,75,元大-和平,2023-06-01,9863
2303,聯電,67,11,56,元大-和平,2023-06-01,9863
4958,臻鼎-KY,53,0,53,元大-和平,2023-06-01,9863
5608,四維航,52,2,50,元大-和平,2023-06-01,9863
3260,威剛,59,13,46,元大-和平,2023-06-01,9863
2630,亞航,48,2,46,元大-和平,2023-06-01,9863
4979,華星光,78,39,39,元大-和平,2023-06-01,9863
00632R,元大台灣50反1,43,10,33,元大-和平,2023-06-01,9863
00893,國泰智能電動車,32,2,30,元大-和平,2023-06-01,9863
5512,力麒,30,0,30,元大-和平,2023-06-01,9863
2834,臺企銀,27,0,27,元大-和平,2023-06-01,9863
2515,中工,46,20,26,元大-和平,2023-06-01,9863
8088,品安,39,15,24,元大-和平,2023-06-01,9863
3706,神達,56,33,23,元大-和平,2023-06-01,9863
00715L,期街口布蘭特正2,21,0,21,元大-和平,2023-06-01,9863
6185,幃翔,21,0,21,元大-和平,2023-06-01,9863
2913,農林,25,6,19,元大-和平,2023-06-01,9863
5871,中租-KY,17,0,17,元大-和平,2023-06-01,9863
2609,陽明,20,4,16,元大-和平,2023-06-01,9863
3028,增你強,19,3,16,元大-和平,2023-06-01,9863
1514,亞力,21,5,16,元大-和平,2023-06-01,9863
2330,台積電,21,6,15,元大-和平,2023-06-01,9863
1785,光洋科,15,0,15,元大-和平,2023-06-01,9863
2882,國泰金,15,0,15,元大-和平,2023-06-01,9863
4804,大略-KY,14,0,14,元大-和平,2023-06-01,9863
2457,飛宏,44,30,14,元大-和平,2023-06-01,9863
2892,第一金,13,0,13,元大-和平,2023-06-01,9863
00712,復華富時不動產,13,0,13,元大-和平,2023-06-01,9863
3033,威健,13,0,13,元大-和平,2023-06-01,9863
4726,永昕,13,0,13,元大-和平,2023-06-01,9863
00919,群益台灣精選高息,12,0,12,元大-和平,2023-06-01,9863
2739,寒舍,12,0,12,元大-和平,2023-06-01,9863
2897,王道銀行,12,0,12,元大-和平,2023-06-01,9863
6133,金橋,12,0,12,元大-和平,2023-06-01,9863
3705,永信,11,0,11,元大-和平,2023-06-01,9863
6841,長佳智能,11,0,11,元大-和平,2023-06-01,9863
1519,華城,25,15,10,元大-和平,2023-06-01,9863
00661,元大日經225,10,0,10,元大-和平,2023-06-01,9863
00655L,國泰中國A50正2,10,0,10,元大-和平,2023-06-01,9863
00652,富邦印度,10,0,10,元大-和平,2023-06-01,9863
00687B,國泰20年美債,10,0,10,元大-和平,2023-06-01,9863
00891,中信關鍵半導體,10,0,10,元大-和平,2023-06-01,9863
2101,南港,10,0,10,元大-和平,2023-06-01,9863
6527,明達醫,10,0,10,元大-和平,2023-06-01,9863
7402,邑錡,10,0,10,元大-和平,2023-06-01,9863
2915,潤泰全,9,0,9,元大-和平,2023-06-01,9863
3546,宇峻,10,1,9,元大-和平,2023-06-01,9863
00882,中信中國高股息,10,1,9,元大-和平,2023-06-01,9863
00632R,元大台灣50反1,164,16,148,元大-和平,2023-06-02,9863
3231,緯創,146,88,58,元大-和平,2023-06-02,9863
2892,第一金,50,0,50,元大-和平,2023-06-02,9863
6005,群益證,50,0,50,元大-和平,2023-06-02,9863
4532,瑞智,40,1,39,元大-和平,2023-06-02,9863
6456,GIS-KY,34,1,33,元大-和平,2023-06-02,9863
2103,台橡,30,0,30,元大-和平,2023-06-02,9863
5512,力麒,30,0,30,元大-和平,2023-06-02,9863
00919,群益台灣精選高息,30,0,30,元大-和平,2023-06-02,9863
2337,旺宏,30,2,28,元大-和平,2023-06-02,9863
4967,十銓,27,3,24,元大-和平,2023-06-02,9863
6245,立端,25,2,23,元大-和平,2023-06-02,9863
1609,大亞,34,12,22,元大-和平,2023-06-02,9863
2371,大同,22,1,21,元大-和平,2023-06-02,9863
00902,中信電池及儲能,20,0,20,元大-和平,2023-06-02,9863
4114,健喬,21,1,20,元大-和平,2023-06-02,9863
1905,華紙,42,23,19,元大-和平,2023-06-02,9863
2331,精英,26,8,18,元大-和平,2023-06-02,9863
3712,永崴投控,24,7,17,元大-和平,2023-06-02,9863
2481,強茂,17,0,17,元大-和平,2023-06-02,9863
3306,鼎天,25,8,17,元大-和平,2023-06-02,9863
2486,一詮,21,5,16,元大-和平,2023-06-02,9863
5309,系統電,16,0,16,元大-和平,2023-06-02,9863
1513,中興電,30,16,14,元大-和平,2023-06-02,9863
3680,家登,19,6,13,元大-和平,2023-06-02,9863
6547,高端疫苗,13,0,13,元大-和平,2023-06-02,9863
1727,中華化,11,0,11,元大-和平,2023-06-02,9863
1608,華榮,14,3,11,元大-和平,2023-06-02,9863
2328,廣宇,16,5,11,元大-和平,2023-06-02,9863
8088,品安,22,11,11,元大-和平,2023-06-02,9863
00878,國泰永續高股息,78,68,10,元大-和平,2023-06-02,9863
1760,寶齡富錦,10,0,10,元大-和平,2023-06-02,9863
00915,凱基優選高股息30,10,0,10,元大-和平,2023-06-02,9863
2634,漢翔,19,9,10,元大-和平,2023-06-02,9863
2890,永豐金,10,0,10,元大-和平,2023-06-02,9863
3033,威健,11,1,10,元大-和平,2023-06-02,9863
3665,貿聯-KY,10,0,10,元大-和平,2023-06-02,9863
5876,上海商銀,10,0,10,元大-和平,2023-06-02,9863
6486,互動,10,0,10,元大-和平,2023-06-02,9863
8341,日友,10,0,10,元大-和平,2023-06-02,9863
2701,萬企,10,0,10,元大-和平,2023-06-02,9863
5351,鈺創,10,1,9,元大-和平,2023-06-02,9863
2451,創見,9,0,9,元大-和平,2023-06-02,9863
2887,台新金,11,2,9,元大-和平,2023-06-02,9863
2356,英業達,12,4,8,元大-和平,2023-06-02,9863
3704,合勤控,13,5,8,元大-和平,2023-06-02,9863
3363,上詮,39,31,8,元大-和平,2023-06-02,9863
2881,富邦金,10,2,8,元大-和平,2023-06-02,9863
6509,聚和,8,0,8,元大-和平,2023-06-02,9863
3037,欣興,15,8,7,元大-和平,2023-06-02,9863
00632R,元大台灣50反1,300,0,300,元大-和平,2023-06-05,9863
3615,安可,189,0,189,元大-和平,2023-06-05,9863
9904,寶成,125,1,124,元大-和平,2023-06-05,9863
2618,長榮航,126,28,98,元大-和平,2023-06-05,9863
00679B,元大美債20年,60,0,60,元大-和平,2023-06-05,9863
2353,宏��,102,49,53,元大-和平,2023-06-05,9863
1101,台泥,51,1,50,元大-和平,2023-06-05,9863
6005,群益證,50,1,49,元大-和平,2023-06-05,9863
3028,增你強,40,0,40,元大-和平,2023-06-05,9863
2425,承啟,81,41,40,元大-和平,2023-06-05,9863
3715,定穎投控,44,5,39,元大-和平,2023-06-05,9863
2331,精英,35,0,35,元大-和平,2023-06-05,9863
2609,陽明,32,0,32,元大-和平,2023-06-05,9863
2317,鴻海,33,1,32,元大-和平,2023-06-05,9863
6125,廣運,27,0,27,元大-和平,2023-06-05,9863
9945,潤泰新,82,61,21,元大-和平,2023-06-05,9863
00661,元大日經225,40,20,20,元大-和平,2023-06-05,9863
00762,元大全球AI,20,0,20,元大-和平,2023-06-05,9863
3591,艾笛森,20,0,20,元大-和平,2023-06-05,9863
8121,越峰,20,0,20,元大-和平,2023-06-05,9863
3017,奇鋐,21,4,17,元大-和平,2023-06-05,9863
1504,東元,30,13,17,元大-和平,2023-06-05,9863
3056,富華新,17,0,17,元大-和平,2023-06-05,9863
2610,華航,31,14,17,元大-和平,2023-06-05,9863
2880,華南金,20,4,16,元大-和平,2023-06-05,9863
2323,中環,43,28,15,元大-和平,2023-06-05,9863
2504,國產,30,15,15,元大-和平,2023-06-05,9863
2328,廣宇,28,13,15,元大-和平,2023-06-05,9863
1513,中興電,14,0,14,元大-和平,2023-06-05,9863
2603,長榮,19,6,13,元大-和平,2023-06-05,9863
2337,旺宏,13,0,13,元大-和平,2023-06-05,9863
4916,事欣科,17,4,13,元大-和平,2023-06-05,9863
00902,中信電池及儲能,11,0,11,元大-和平,2023-06-05,9863
2332,友訊,11,0,11,元大-和平,2023-06-05,9863
3617,碩天,11,0,11,元大-和平,2023-06-05,9863
4532,瑞智,11,0,11,元大-和平,2023-06-05,9863
2002,中鋼,11,0,11,元大-和平,2023-06-05,9863
1709,和益,10,0,10,元大-和平,2023-06-05,9863
00708L,期元大S＆P黃金正2,10,0,10,元大-和平,2023-06-05,9863
1313,聯成,10,0,10,元大-和平,2023-06-05,9863
1457,宜進,10,0,10,元大-和平,2023-06-05,9863
2387,精元,10,0,10,元大-和平,2023-06-05,9863
3576,聯合再生,40,30,10,元大-和平,2023-06-05,9863
4804,大略-KY,10,0,10,元大-和平,2023-06-05,9863
8038,長園科,10,0,10,元大-和平,2023-06-05,9863
3702,大聯大,10,0,10,元大-和平,2023-06-05,9863
1795,美時,17,7,10,元大-和平,2023-06-05,9863
6770,力積電,11,2,9,元大-和平,2023-06-05,9863
6282,康舒,64,55,9,元大-和平,2023-06-05,9863
00637L,元大滬深300正2,25,16,9,元大-和平,2023-06-05,9863
00927,群益半導體收益,254,0,254,元大-和平,2023-06-06,9863
0056,元大高股息,143,17,126,元大-和平,2023-06-06,9863
00725B,國泰投資級公司債,95,0,95,元大-和平,2023-06-06,9863
2323,中環,86,4,82,元大-和平,2023-06-06,9863
8105,凌巨,83,2,81,元大-和平,2023-06-06,9863
4906,正文,69,2,67,元大-和平,2023-06-06,9863
2428,興勤,69,4,65,元大-和平,2023-06-06,9863
6456,GIS-KY,60,3,57,元大-和平,2023-06-06,9863
3260,威剛,154,98,56,元大-和平,2023-06-06,9863
00679B,元大美債20年,46,3,43,元大-和平,2023-06-06,9863
2516,新建,39,0,39,元大-和平,2023-06-06,9863
00674R,期元大S＆P黃金反1,37,0,37,元大-和平,2023-06-06,9863
2425,承啟,106,73,33,元大-和平,2023-06-06,9863
2337,旺宏,31,0,31,元大-和平,2023-06-06,9863
4979,華星光,69,41,28,元大-和平,2023-06-06,9863
00687B,國泰20年美債,26,0,26,元大-和平,2023-06-06,9863
3564,其陽,27,1,26,元大-和平,2023-06-06,9863
2913,農林,22,0,22,元大-和平,2023-06-06,9863
1101,台泥,21,0,21,元大-和平,2023-06-06,9863
1605,華新,28,7,21,元大-和平,2023-06-06,9863
1608,華榮,23,2,21,元大-和平,2023-06-06,9863
6282,康舒,31,10,21,元大-和平,2023-06-06,9863
00661,元大日經225,20,0,20,元大-和平,2023-06-06,9863
00693U,期街口S＆P黃豆,20,0,20,元大-和平,2023-06-06,9863
1815,富喬,21,1,20,元大-和平,2023-06-06,9863
2317,鴻海,23,4,19,元大-和平,2023-06-06,9863
00713,元大台灣高息低波,17,0,17,元大-和平,2023-06-06,9863
3481,群創,52,35,17,元大-和平,2023-06-06,9863
00671R,富邦NASDAQ反1,17,0,17,元大-和平,2023-06-06,9863
2332,友訊,17,0,17,元大-和平,2023-06-06,9863
6116,彩晶,28,12,16,元大-和平,2023-06-06,9863
2402,毅嘉,25,9,16,元大-和平,2023-06-06,9863
5284,jpp-KY,16,0,16,元大-和平,2023-06-06,9863
2603,長榮,16,1,15,元大-和平,2023-06-06,9863
2421,建準,26,11,15,元大-和平,2023-06-06,9863
3406,玉晶光,16,1,15,元大-和平,2023-06-06,9863
3540,曜越,15,0,15,元大-和平,2023-06-06,9863
2515,中工,24,10,14,元大-和平,2023-06-06,9863
4915,致伸,15,1,14,元大-和平,2023-06-06,9863
5465,富驊,14,0,14,元大-和平,2023-06-06,9863
1445,大宇,13,0,13,元大-和平,2023-06-06,9863
1612,宏泰,13,0,13,元大-和平,2023-06-06,9863
5321,美而快,13,0,13,元大-和平,2023-06-06,9863
1618,合機,12,0,12,元大-和平,2023-06-06,9863
3092,鴻碩,12,0,12,元大-和平,2023-06-06,9863
2489,瑞軒,11,0,11,元大-和平,2023-06-06,9863
6733,博晟生醫,12,1,11,元大-和平,2023-06-06,9863
1909,榮成,12,2,10,元大-和平,2023-06-06,9863
2704,國賓,10,0,10,元大-和平,2023-06-06,9863
3019,亞光,10,0,10,元大-和平,2023-06-06,9863
5905,南仁湖,176,0,176,元大-和平,2023-06-07,9863
00632R,元大台灣50反1,169,0,169,元大-和平,2023-06-07,9863
2888,新光金,181,14,167,元大-和平,2023-06-07,9863
3481,群創,192,71,121,元大-和平,2023-06-07,9863
00637L,元大滬深300正2,145,30,115,元大-和平,2023-06-07,9863
2618,長榮航,71,19,52,元大-和平,2023-06-07,9863
6282,康舒,55,13,42,元大-和平,2023-06-07,9863
8105,凌巨,37,0,37,元大-和平,2023-06-07,9863
2486,一詮,32,5,27,元大-和平,2023-06-07,9863
00751B,元大AAA至A公司債,21,0,21,元大-和平,2023-06-07,9863
2492,華新科,21,0,21,元大-和平,2023-06-07,9863
1609,大亞,80,60,20,元大-和平,2023-06-07,9863
1806,冠軍,20,0,20,元大-和平,2023-06-07,9863
1710,東聯,26,7,19,元大-和平,2023-06-07,9863
2344,華邦電,18,0,18,元大-和平,2023-06-07,9863
2359,所羅門,17,0,17,元大-和平,2023-06-07,9863
8446,華研,17,0,17,元大-和平,2023-06-07,9863
00679B,元大美債20年,17,1,16,元大-和平,2023-06-07,9863
2337,旺宏,16,0,16,元大-和平,2023-06-07,9863
2701,萬企,16,0,16,元大-和平,2023-06-07,9863
1802,台玻,16,1,15,元大-和平,2023-06-07,9863
2353,宏��,16,3,13,元大-和平,2023-06-07,9863
3374,精材,40,27,13,元大-和平,2023-06-07,9863
2706,第一店,15,3,12,元大-和平,2023-06-07,9863
8076,伍豐,15,3,12,元大-和平,2023-06-07,9863
4532,瑞智,12,0,12,元大-和平,2023-06-07,9863
2515,中工,15,4,11,元大-和平,2023-06-07,9863
6187,萬潤,13,2,11,元大-和平,2023-06-07,9863
6733,博晟生醫,11,0,11,元大-和平,2023-06-07,9863
4979,華星光,123,113,10,元大-和平,2023-06-07,9863
5609,中菲行,10,0,10,元大-和平,2023-06-07,9863
00789B,復華公司債A3,10,0,10,元大-和平,2023-06-07,9863
2597,潤弘,10,0,10,元大-和平,2023-06-07,9863
2801,彰銀,10,0,10,元大-和平,2023-06-07,9863
3141,晶宏,11,1,10,元大-和平,2023-06-07,9863
5512,力麒,10,0,10,元大-和平,2023-06-07,9863
6411,晶焱,10,0,10,元大-和平,2023-06-07,9863
3037,欣興,12,3,9,元大-和平,2023-06-07,9863
3036,文曄,10,1,9,元大-和平,2023-06-07,9863
4114,健喬,9,0,9,元大-和平,2023-06-07,9863
5301,寶得利,9,0,9,元大-和平,2023-06-07,9863
6664,群翊,10,1,9,元大-和平,2023-06-07,9863
8431,匯鑽科,9,0,9,元大-和平,2023-06-07,9863
2027,大成鋼,9,0,9,元大-和平,2023-06-07,9863
3027,盛達,20,11,9,元大-和平,2023-06-07,9863
8234,新漢,10,1,9,元大-和平,2023-06-07,9863
5340,建榮,20,11,9,元大-和平,2023-06-07,9863
3033,威健,12,4,8,元大-和平,2023-06-07,9863
2610,華航,40,32,8,元大-和平,2023-06-07,9863
1605,華新,14,6,8,元大-和平,2023-06-07,9863
2888,新光金,326,2,324,元大-和平,2023-06-08,9863
00679B,元大美債20年,214,3,211,元大-和平,2023-06-08,9863
4960,誠美材,52,0,52,元大-和平,2023-06-08,9863
2344,華邦電,61,12,49,元大-和平,2023-06-08,9863
3481,群創,54,6,48,元大-和平,2023-06-08,9863
5905,南仁湖,114,68,46,元大-和平,2023-06-08,9863
00632R,元大台灣50反1,50,5,45,元大-和平,2023-06-08,9863
4123,晟德,50,5,45,元大-和平,2023-06-08,9863
2371,大同,43,2,41,元大-和平,2023-06-08,9863
00919,群益台灣精選高息,40,0,40,元大-和平,2023-06-08,9863
00751B,元大AAA至A公司債,39,0,39,元大-和平,2023-06-08,9863
00772B,中信高評級公司債,35,0,35,元大-和平,2023-06-08,9863
2492,華新科,33,0,33,元大-和平,2023-06-08,9863
2504,國產,32,0,32,元大-和平,2023-06-08,9863
1709,和益,30,0,30,元大-和平,2023-06-08,9863
2425,承啟,70,40,30,元大-和平,2023-06-08,9863
1612,宏泰,33,4,29,元大-和平,2023-06-08,9863
3515,華擎,31,5,26,元大-和平,2023-06-08,9863
8121,越峰,30,4,26,元大-和平,2023-06-08,9863
2915,潤泰全,25,0,25,元大-和平,2023-06-08,9863
3006,晶豪科,27,2,25,元大-和平,2023-06-08,9863
4306,炎洲,25,0,25,元大-和平,2023-06-08,9863
2610,華航,58,34,24,元大-和平,2023-06-08,9863
2428,興勤,24,0,24,元大-和平,2023-06-08,9863
00687B,國泰20年美債,23,0,23,元大-和平,2023-06-08,9863
2337,旺宏,24,1,23,元大-和平,2023-06-08,9863
3027,盛達,38,15,23,元大-和平,2023-06-08,9863
3037,欣興,33,13,20,元大-和平,2023-06-08,9863
00680L,元大美債20正2,20,0,20,元大-和平,2023-06-08,9863
2409,友達,21,1,20,元大-和平,2023-06-08,9863
2206,三陽工業,24,5,19,元大-和平,2023-06-08,9863
3362,先進光,20,1,19,元大-和平,2023-06-08,9863
6187,萬潤,34,18,16,元大-和平,2023-06-08,9863
3583,辛耘,34,18,16,元大-和平,2023-06-08,9863
2312,金寶,46,30,16,元大-和平,2023-06-08,9863
6123,上奇,18,2,16,元大-和平,2023-06-08,9863
00795B,中信美國公債20年,15,0,15,元大-和平,2023-06-08,9863
8222,寶一,16,1,15,元大-和平,2023-06-08,9863
4746,台耀,14,1,13,元大-和平,2023-06-08,9863
2801,彰銀,15,2,13,元大-和平,2023-06-08,9863
8011,台通,13,0,13,元大-和平,2023-06-08,9863
00713,元大台灣高息低波,14,2,12,元大-和平,2023-06-08,9863
1451,年興,12,0,12,元大-和平,2023-06-08,9863
3325,旭品,12,0,12,元大-和平,2023-06-08,9863
6285,啟��,12,1,11,元大-和平,2023-06-08,9863
3289,宜特,10,0,10,元大-和平,2023-06-08,9863
2413,環科,10,0,10,元大-和平,2023-06-08,9863
2891,中信金,14,4,10,元大-和平,2023-06-08,9863
6116,彩晶,14,4,10,元大-和平,2023-06-08,9863
9912,偉聯,10,0,10,元大-和平,2023-06-08,9863
5905,南仁湖,181,2,179,元大-和平,2023-06-09,9863
2888,新光金,173,3,170,元大-和平,2023-06-09,9863
2618,長榮航,118,17,101,元大-和平,2023-06-09,9863
3481,群創,101,4,97,元大-和平,2023-06-09,9863
00878,國泰永續高股息,110,41,69,元大-和平,2023-06-09,9863
00892,富邦台灣半導體,52,0,52,元大-和平,2023-06-09,9863
1609,大亞,72,22,50,元大-和平,2023-06-09,9863
00904,新光臺灣半導體30,50,0,50,元大-和平,2023-06-09,9863
2103,台橡,46,0,46,元大-和平,2023-06-09,9863
1529,樂事綠能,45,0,45,元大-和平,2023-06-09,9863
2425,承啟,102,68,34,元大-和平,2023-06-09,9863
2449,京元電子,38,4,34,元大-和平,2023-06-09,9863
2801,彰銀,35,1,34,元大-和平,2023-06-09,9863
6266,泰詠,31,1,30,元大-和平,2023-06-09,9863
00712,復華富時不動產,29,0,29,元大-和平,2023-06-09,9863
1504,東元,31,5,26,元大-和平,2023-06-09,9863
6125,廣運,41,18,23,元大-和平,2023-06-09,9863
6589,台康生技,21,0,21,元大-和平,2023-06-09,9863
00929,復華台灣科技優息,20,0,20,元大-和平,2023-06-09,9863
4306,炎洲,20,0,20,元大-和平,2023-06-09,9863
6194,育富,20,1,19,元大-和平,2023-06-09,9863
2913,農林,21,4,17,元大-和平,2023-06-09,9863
3033,威健,20,3,17,元大-和平,2023-06-09,9863
2330,台積電,22,5,17,元大-和平,2023-06-09,9863
5608,四維航,15,0,15,元大-和平,2023-06-09,9863
00895,富邦未來車,25,10,15,元大-和平,2023-06-09,9863
1453,大將,15,0,15,元大-和平,2023-06-09,9863
2347,聯強,15,0,15,元大-和平,2023-06-09,9863
2915,潤泰全,15,0,15,元大-和平,2023-06-09,9863
00679B,元大美債20年,14,0,14,元大-和平,2023-06-09,9863
3711,日月光投控,38,24,14,元大-和平,2023-06-09,9863
3380,明泰,17,4,13,元大-和平,2023-06-09,9863
6259,百徽,13,0,13,元大-和平,2023-06-09,9863
6288,聯嘉,24,11,13,元大-和平,2023-06-09,9863
2482,連宇,22,10,12,元大-和平,2023-06-09,9863
8420,明揚,12,0,12,元大-和平,2023-06-09,9863
2597,潤弘,11,0,11,元大-和平,2023-06-09,9863
2704,國賓,42,31,11,元大-和平,2023-06-09,9863
3032,偉訓,16,5,11,元大-和平,2023-06-09,9863
6150,撼訊,12,2,10,元大-和平,2023-06-09,9863
8341,日友,10,0,10,元大-和平,2023-06-09,9863
3037,欣興,21,11,10,元大-和平,2023-06-09,9863
00919,群益台灣精選高息,10,0,10,元大-和平,2023-06-09,9863
00696B,富邦美債20年,10,0,10,元大-和平,2023-06-09,9863
00740B,富邦全球投等債,10,0,10,元大-和平,2023-06-09,9863
1605,華新,11,1,10,元大-和平,2023-06-09,9863
2485,兆赫,10,0,10,元大-和平,2023-06-09,9863
2610,華航,66,56,10,元大-和平,2023-06-09,9863
2903,遠百,10,0,10,元大-和平,2023-06-09,9863
2489,瑞軒,10,0,10,元大-和平,2023-06-09,9863
00632R,元大台灣50反1,423,0,423,元大-和平,2023-06-12,9863
5905,南仁湖,170,0,170,元大-和平,2023-06-12,9863
2312,金寶,297,166,131,元大-和平,2023-06-12,9863
00878,國泰永續高股息,110,49,61,元大-和平,2023-06-12,9863
2618,長榮航,79,24,55,元大-和平,2023-06-12,9863
00892,富邦台灣半導體,50,0,50,元大-和平,2023-06-12,9863
3231,緯創,68,30,38,元大-和平,2023-06-12,9863
2610,華航,48,12,36,元大-和平,2023-06-12,9863
6235,華孚,52,16,36,元大-和平,2023-06-12,9863
00919,群益台灣精選高息,35,0,35,元大-和平,2023-06-12,9863
2382,廣達,57,22,35,元大-和平,2023-06-12,9863
2887,台新金,32,0,32,元大-和平,2023-06-12,9863
00904,新光臺灣半導體30,31,0,31,元大-和平,2023-06-12,9863
5439,高技,32,1,31,元大-和平,2023-06-12,9863
00882,中信中國高股息,29,0,29,元大-和平,2023-06-12,9863
1612,宏泰,24,0,24,元大-和平,2023-06-12,9863
00679B,元大美債20年,22,0,22,元大-和平,2023-06-12,9863
5488,松普,22,0,22,元大-和平,2023-06-12,9863
2888,新光金,339,319,20,元大-和平,2023-06-12,9863
2489,瑞軒,20,0,20,元大-和平,2023-06-12,9863
8033,雷虎,19,0,19,元大-和平,2023-06-12,9863
00929,復華台灣科技優息,258,240,18,元大-和平,2023-06-12,9863
2323,中環,29,12,17,元大-和平,2023-06-12,9863
2457,飛宏,34,17,17,元大-和平,2023-06-12,9863
6203,海韻電,17,1,16,元大-和平,2023-06-12,9863
00927,群益半導體收益,15,0,15,元大-和平,2023-06-12,9863
3515,華擎,17,3,14,元大-和平,2023-06-12,9863
1605,華新,13,0,13,元大-和平,2023-06-12,9863
00751B,元大AAA至A公司債,13,0,13,元大-和平,2023-06-12,9863
4123,晟德,20,7,13,元大-和平,2023-06-12,9863
2356,英業達,18,6,12,元大-和平,2023-06-12,9863
2460,建通,12,0,12,元大-和平,2023-06-12,9863
6477,安集,12,0,12,元大-和平,2023-06-12,9863
1519,華城,25,13,12,元大-和平,2023-06-12,9863
3128,昇銳,12,1,11,元大-和平,2023-06-12,9863
5351,鈺創,11,0,11,元大-和平,2023-06-12,9863
6279,胡連,20,9,11,元大-和平,2023-06-12,9863
00712,復華富時不動產,10,0,10,元大-和平,2023-06-12,9863
1904,正隆,10,0,10,元大-和平,2023-06-12,9863
00928,中信上櫃ESG30,10,0,10,元大-和平,2023-06-12,9863
2903,遠百,10,0,10,元大-和平,2023-06-12,9863
3591,艾笛森,10,0,10,元大-和平,2023-06-12,9863
7402,邑錡,10,0,10,元大-和平,2023-06-12,9863
2436,偉詮電,10,1,9,元大-和平,2023-06-12,9863
5469,瀚宇博,11,2,9,元大-和平,2023-06-12,9863
6148,驊宏資,10,1,9,元大-和平,2023-06-12,9863
6185,幃翔,10,1,9,元大-和平,2023-06-12,9863
6589,台康生技,11,2,9,元大-和平,2023-06-12,9863
3374,精材,17,8,9,元大-和平,2023-06-12,9863
2413,環科,8,0,8,元大-和平,2023-06-12,9863
00632R,元大台灣50反1,1013,352,661,元大-和平,2023-06-13,9863
2356,英業達,295,94,201,元大-和平,2023-06-13,9863
2888,新光金,223,37,186,元大-和平,2023-06-13,9863
00904,新光臺灣半導體30,137,0,137,元大-和平,2023-06-13,9863
2371,大同,95,5,90,元大-和平,2023-06-13,9863
00715L,期街口布蘭特正2,88,0,88,元大-和平,2023-06-13,9863
2002,中鋼,70,1,69,元大-和平,2023-06-13,9863
00891,中信關鍵半導體,52,0,52,元大-和平,2023-06-13,9863
2881,富邦金,48,1,47,元大-和平,2023-06-13,9863
2323,中環,82,36,46,元大-和平,2023-06-13,9863
1560,中砂,49,7,42,元大-和平,2023-06-13,9863
00638R,元大滬深300反1,40,0,40,元大-和平,2023-06-13,9863
6288,聯嘉,44,11,33,元大-和平,2023-06-13,9863
3032,偉訓,37,4,33,元大-和平,2023-06-13,9863
2913,農林,30,2,28,元大-和平,2023-06-13,9863
6166,凌華,26,1,25,元大-和平,2023-06-13,9863
00919,群益台灣精選高息,23,0,23,元大-和平,2023-06-13,9863
1806,冠軍,20,0,20,元大-和平,2023-06-13,9863
2883,凱基金,19,0,19,元大-和平,2023-06-13,9863
4533,協易機,35,16,19,元大-和平,2023-06-13,9863
9904,寶成,20,2,18,元大-和平,2023-06-13,9863
3035,智原,31,14,17,元大-和平,2023-06-13,9863
00712,復華富時不動產,16,0,16,元大-和平,2023-06-13,9863
3454,晶睿,19,4,15,元大-和平,2023-06-13,9863
6125,廣運,24,9,15,元大-和平,2023-06-13,9863
6485,點序,15,0,15,元大-和平,2023-06-13,9863
3217,優群,41,27,14,元大-和平,2023-06-13,9863
1522,堤維西,19,5,14,元大-和平,2023-06-13,9863
2425,承啟,36,22,14,元大-和平,2023-06-13,9863
8210,勤誠,14,0,14,元大-和平,2023-06-13,9863
00679B,元大美債20年,13,0,13,元大-和平,2023-06-13,9863
4906,正文,20,7,13,元大-和平,2023-06-13,9863
5488,松普,13,0,13,元大-和平,2023-06-13,9863
6589,台康生技,14,2,12,元大-和平,2023-06-13,9863
2404,漢唐,10,0,10,元大-和平,2023-06-13,9863
1457,宜進,10,0,10,元大-和平,2023-06-13,9863
2617,台航,10,0,10,元大-和平,2023-06-13,9863
3518,柏騰,10,0,10,元大-和平,2023-06-13,9863
3669,圓展,10,0,10,元大-和平,2023-06-13,9863
3707,漢磊,12,3,9,元大-和平,2023-06-13,9863
4105,東洋,10,1,9,元大-和平,2023-06-13,9863
6173,信昌電,9,0,9,元大-和平,2023-06-13,9863
5871,中租-KY,8,0,8,元大-和平,2023-06-13,9863
8050,廣積,12,4,8,元大-和平,2023-06-13,9863
6167,久正,8,0,8,元大-和平,2023-06-13,9863
4743,合一,8,0,8,元大-和平,2023-06-13,9863
3231,緯創,35,28,7,元大-和平,2023-06-13,9863
4919,新唐,10,3,7,元大-和平,2023-06-13,9863
2882,國泰金,7,0,7,元大-和平,2023-06-13,9863
3033,威健,22,16,6,元大-和平,2023-06-13,9863
00632R,元大台灣50反1,417,1,416,元大-和平,2023-06-14,9863
2888,新光金,159,16,143,元大-和平,2023-06-14,9863
00712,復華富時不動產,85,0,85,元大-和平,2023-06-14,9863
6125,廣運,76,6,70,元大-和平,2023-06-14,9863
00679B,元大美債20年,51,0,51,元大-和平,2023-06-14,9863
2903,遠百,40,0,40,元大-和平,2023-06-14,9863
2706,第一店,25,1,24,元大-和平,2023-06-14,9863
00637L,元大滬深300正2,93,70,23,元大-和平,2023-06-14,9863
1504,東元,26,3,23,元大-和平,2023-06-14,9863
00885,富邦越南,22,0,22,元大-和平,2023-06-14,9863
1529,樂事綠能,37,15,22,元大-和平,2023-06-14,9863
00919,群益台灣精選高息,24,2,22,元大-和平,2023-06-14,9863
6182,合晶,24,4,20,元大-和平,2023-06-14,9863
00915,凱基優選高股息30,20,0,20,元大-和平,2023-06-14,9863
1611,中電,22,2,20,元大-和平,2023-06-14,9863
7402,邑錡,20,0,20,元大-和平,2023-06-14,9863
8121,越峰,20,0,20,元大-和平,2023-06-14,9863
2634,漢翔,20,2,18,元大-和平,2023-06-14,9863
9943,好樂迪,21,3,18,元大-和平,2023-06-14,9863
3003,健和興,22,6,16,元大-和平,2023-06-14,9863
3711,日月光投控,16,1,15,元大-和平,2023-06-14,9863
6288,聯嘉,18,3,15,元大-和平,2023-06-14,9863
00725B,國泰投資級公司債,15,0,15,元大-和平,2023-06-14,9863
3055,蔚華科,15,0,15,元大-和平,2023-06-14,9863
8028,昇陽半導體,13,0,13,元大-和平,2023-06-14,9863
00671R,富邦NASDAQ反1,13,0,13,元大-和平,2023-06-14,9863
5905,南仁湖,13,0,13,元大-和平,2023-06-14,9863
3019,亞光,12,0,12,元大-和平,2023-06-14,9863
6279,胡連,13,2,11,元大-和平,2023-06-14,9863
1513,中興電,16,5,11,元大-和平,2023-06-14,9863
1524,耿鼎,12,1,11,元大-和平,2023-06-14,9863
1727,中華化,11,0,11,元大-和平,2023-06-14,9863
5425,台半,34,23,11,元大-和平,2023-06-14,9863
6235,華孚,31,21,10,元大-和平,2023-06-14,9863
00751B,元大AAA至A公司債,10,0,10,元大-和平,2023-06-14,9863
2313,華通,10,0,10,元大-和平,2023-06-14,9863
2362,藍天,10,0,10,元大-和平,2023-06-14,9863
3209,全科,10,0,10,元大-和平,2023-06-14,9863
4105,東洋,10,0,10,元大-和平,2023-06-14,9863
5488,松普,10,0,10,元大-和平,2023-06-14,9863
5608,四維航,10,0,10,元大-和平,2023-06-14,9863
2328,廣宇,9,0,9,元大-和平,2023-06-14,9863
00720B,元大投資級公司債,9,0,9,元大-和平,2023-06-14,9863
00687B,國泰20年美債,9,0,9,元大-和平,2023-06-14,9863
5301,寶得利,9,0,9,元大-和平,2023-06-14,9863
8271,宇瞻,10,1,9,元大-和平,2023-06-14,9863
2615,萬海,17,8,9,元大-和平,2023-06-14,9863
3707,漢磊,17,9,8,元大-和平,2023-06-14,9863
2332,友訊,20,12,8,元大-和平,2023-06-14,9863
2399,映泰,16,8,8,元大-和平,2023-06-14,9863
5905,南仁湖,120,0,120,元大-和平,2023-06-15,9863
00919,群益台灣精選高息,71,1,70,元大-和平,2023-06-15,9863
2331,精英,88,18,70,元大-和平,2023-06-15,9863
2610,華航,322,269,53,元大-和平,2023-06-15,9863
00632R,元大台灣50反1,51,0,51,元大-和平,2023-06-15,9863
2883,凱基金,50,0,50,元大-和平,2023-06-15,9863
3231,緯創,158,114,44,元大-和平,2023-06-15,9863
2903,遠百,42,0,42,元大-和平,2023-06-15,9863
5302,太欣,40,0,40,元大-和平,2023-06-15,9863
00885,富邦越南,34,0,34,元大-和平,2023-06-15,9863
1905,華紙,31,0,31,元大-和平,2023-06-15,9863
00712,復華富時不動產,31,0,31,元大-和平,2023-06-15,9863
4906,正文,32,2,30,元大-和平,2023-06-15,9863
00895,富邦未來車,30,0,30,元大-和平,2023-06-15,9863
00891,中信關鍵半導體,31,2,29,元大-和平,2023-06-15,9863
3022,威強電,34,6,28,元大-和平,2023-06-15,9863
3346,麗清,28,0,28,元大-和平,2023-06-15,9863
2399,映泰,32,5,27,元大-和平,2023-06-15,9863
6770,力積電,26,0,26,元大-和平,2023-06-15,9863
2468,華經,40,14,26,元大-和平,2023-06-15,9863
2368,金像電,35,10,25,元大-和平,2023-06-15,9863
2388,威盛,23,0,23,元大-和平,2023-06-15,9863
6282,康舒,27,5,22,元大-和平,2023-06-15,9863
00882,中信中國高股息,21,0,21,元大-和平,2023-06-15,9863
00772B,中信高評級公司債,21,0,21,元大-和平,2023-06-15,9863
1513,中興電,27,7,20,元大-和平,2023-06-15,9863
00696B,富邦美債20年,20,0,20,元大-和平,2023-06-15,9863
00795B,中信美國公債20年,20,0,20,元大-和平,2023-06-15,9863
2601,益航,20,0,20,元大-和平,2023-06-15,9863
2323,中環,34,14,20,元大-和平,2023-06-15,9863
3576,聯合再生,19,0,19,元大-和平,2023-06-15,9863
3707,漢磊,19,1,18,元大-和平,2023-06-15,9863
2382,廣達,26,9,17,元大-和平,2023-06-15,9863
2885,元大金,16,0,16,元大-和平,2023-06-15,9863
6182,合晶,17,1,16,元大-和平,2023-06-15,9863
2609,陽明,23,8,15,元大-和平,2023-06-15,9863
1529,樂事綠能,22,8,14,元大-和平,2023-06-15,9863
1815,富喬,15,1,14,元大-和平,2023-06-15,9863
3003,健和興,14,1,13,元大-和平,2023-06-15,9863
1319,東陽,15,2,13,元大-和平,2023-06-15,9863
2401,凌陽,57,45,12,元大-和平,2023-06-15,9863
2886,兆豐金,12,0,12,元大-和平,2023-06-15,9863
6245,立端,12,1,11,元大-和平,2023-06-15,9863
6531,愛普*,15,4,11,元大-和平,2023-06-15,9863
2356,英業達,74,63,11,元大-和平,2023-06-15,9863
2317,鴻海,25,15,10,元大-和平,2023-06-15,9863
2312,金寶,10,0,10,元大-和平,2023-06-15,9863
5284,jpp-KY,10,0,10,元大-和平,2023-06-15,9863
1789,神隆,10,0,10,元大-和平,2023-06-15,9863
2392,正崴,10,0,10,元大-和平,2023-06-15,9863
2888,新光金,239,2,237,元大-和平,2023-06-16,9863
00891,中信關鍵半導體,100,13,87,元大-和平,2023-06-16,9863
4306,炎洲,85,0,85,元大-和平,2023-06-16,9863
1605,華新,88,9,79,元大-和平,2023-06-16,9863
2354,鴻準,51,2,49,元大-和平,2023-06-16,9863
5905,南仁湖,131,93,38,元大-和平,2023-06-16,9863
2903,遠百,38,0,38,元大-和平,2023-06-16,9863
2332,友訊,51,15,36,元大-和平,2023-06-16,9863
00733,富邦臺灣中小,35,0,35,元大-和平,2023-06-16,9863
00919,群益台灣精選高息,56,22,34,元大-和平,2023-06-16,9863
1609,大亞,112,78,34,元大-和平,2023-06-16,9863
912000,晨訊科-DR,32,0,32,元大-和平,2023-06-16,9863
1752,南光,31,0,31,元大-和平,2023-06-16,9863
2915,潤泰全,31,0,31,元大-和平,2023-06-16,9863
3022,威強電,32,3,29,元大-和平,2023-06-16,9863
5488,松普,25,0,25,元大-和平,2023-06-16,9863
1608,華榮,24,1,23,元大-和平,2023-06-16,9863
6235,華孚,36,15,21,元大-和平,2023-06-16,9863
1711,永光,20,0,20,元大-和平,2023-06-16,9863
2748,雲品,22,2,20,元大-和平,2023-06-16,9863
2376,技嘉,26,6,20,元大-和平,2023-06-16,9863
00679B,元大美債20年,19,1,18,元大-和平,2023-06-16,9863
00927,群益半導體收益,18,0,18,元大-和平,2023-06-16,9863
3264,欣銓,21,3,18,元大-和平,2023-06-16,9863
2618,長榮航,120,103,17,元大-和平,2023-06-16,9863
1815,富喬,43,26,17,元大-和平,2023-06-16,9863
1905,華紙,20,3,17,元大-和平,2023-06-16,9863
2201,裕隆,17,0,17,元大-和平,2023-06-16,9863
00671R,富邦NASDAQ反1,15,0,15,元大-和平,2023-06-16,9863
00915,凱基優選高股息30,15,0,15,元大-和平,2023-06-16,9863
00929,復華台灣科技優息,15,0,15,元大-和平,2023-06-16,9863
2426,鼎元,15,0,15,元大-和平,2023-06-16,9863
3163,波若威,23,8,15,元大-和平,2023-06-16,9863
4916,事欣科,27,12,15,元大-和平,2023-06-16,9863
3583,辛耘,17,2,15,元大-和平,2023-06-16,9863
4961,天鈺,15,2,13,元大-和平,2023-06-16,9863
2883,凱基金,13,0,13,元大-和平,2023-06-16,9863
5312,寶島科,13,0,13,元大-和平,2023-06-16,9863
5483,中美晶,13,0,13,元大-和平,2023-06-16,9863
2014,中鴻,23,11,12,元大-和平,2023-06-16,9863
2401,凌陽,14,2,12,元大-和平,2023-06-16,9863
6706,惠特,11,0,11,元大-和平,2023-06-16,9863
2743,山富,10,0,10,元大-和平,2023-06-16,9863
00896,中信綠能及電動車,10,0,10,元大-和平,2023-06-16,9863
00753L,中信中國50正2,10,0,10,元大-和平,2023-06-16,9863
1451,年興,10,0,10,元大-和平,2023-06-16,9863
2323,中環,35,25,10,元大-和平,2023-06-16,9863
2329,華泰,10,0,10,元大-和平,2023-06-16,9863
2392,正崴,10,0,10,元大-和平,2023-06-16,9863
2534,宏盛,10,0,10,元大-和平,2023-06-16,9863
2371,大同,1606,10,1596,元大-和平,2023-06-19,9863
2312,金寶,334,100,234,元大-和平,2023-06-19,9863
2883B,凱基金乙特,100,0,100,元大-和平,2023-06-19,9863
2332,友訊,72,7,65,元大-和平,2023-06-19,9863
2883,凱基金,75,22,53,元大-和平,2023-06-19,9863
00878,國泰永續高股息,66,15,51,元大-和平,2023-06-19,9863
3217,優群,51,8,43,元大-和平,2023-06-19,9863
2362,藍天,32,2,30,元大-和平,2023-06-19,9863
00919,群益台灣精選高息,28,0,28,元大-和平,2023-06-19,9863
1609,大亞,38,14,24,元大-和平,2023-06-19,9863
1471,首利,24,0,24,元大-和平,2023-06-19,9863
2882,國泰金,23,0,23,元大-和平,2023-06-19,9863
6462,神盾,23,0,23,元大-和平,2023-06-19,9863
3374,精材,23,0,23,元大-和平,2023-06-19,9863
2059,川湖,22,0,22,元大-和平,2023-06-19,9863
2382,廣達,28,8,20,元大-和平,2023-06-19,9863
3049,精金,20,1,19,元大-和平,2023-06-19,9863
00712,復華富時不動產,17,0,17,元大-和平,2023-06-19,9863
3213,茂訊,17,1,16,元大-和平,2023-06-19,9863
2748,雲品,39,23,16,元大-和平,2023-06-19,9863
00679B,元大美債20年,15,0,15,元大-和平,2023-06-19,9863
2497,怡利電,15,0,15,元大-和平,2023-06-19,9863
3231,緯創,43,28,15,元大-和平,2023-06-19,9863
1504,東元,15,1,14,元大-和平,2023-06-19,9863
2402,毅嘉,16,2,14,元大-和平,2023-06-19,9863
2615,萬海,14,0,14,元大-和平,2023-06-19,9863
1605,華新,26,13,13,元大-和平,2023-06-19,9863
1799,易威,13,0,13,元大-和平,2023-06-19,9863
2353,宏��,15,3,12,元大-和平,2023-06-19,9863
00921,兆豐龍頭等權重,12,0,12,元大-和平,2023-06-19,9863
2201,裕隆,21,9,12,元大-和平,2023-06-19,9863
2324,仁寶,21,10,11,元大-和平,2023-06-19,9863
1503,士電,11,0,11,元大-和平,2023-06-19,9863
00733,富邦臺灣中小,11,0,11,元大-和平,2023-06-19,9863
2104,國際中橡,12,1,11,元大-和平,2023-06-19,9863
2405,輔信,11,0,11,元大-和平,2023-06-19,9863
2492,華新科,11,0,11,元大-和平,2023-06-19,9863
4961,天鈺,11,0,11,元大-和平,2023-06-19,9863
8046,南電,12,1,11,元大-和平,2023-06-19,9863
5009,榮剛,42,31,11,元大-和平,2023-06-19,9863
00891,中信關鍵半導體,11,0,11,元大-和平,2023-06-19,9863
00862B,中信投資級公司債,10,0,10,元大-和平,2023-06-19,9863
00772B,中信高評級公司債,10,0,10,元大-和平,2023-06-19,9863
00655L,國泰中國A50正2,10,0,10,元大-和平,2023-06-19,9863
1437,勤益控,10,0,10,元大-和平,2023-06-19,9863
1457,宜進,10,0,10,元大-和平,2023-06-19,9863
1720,生達,10,0,10,元大-和平,2023-06-19,9863
2903,遠百,10,0,10,元大-和平,2023-06-19,9863
3419,譁裕,10,0,10,元大-和平,2023-06-19,9863
6125,廣運,10,0,10,元大-和平,2023-06-19,9863
2312,金寶,210,10,200,元大-和平,2023-06-20,9863
2883B,凱基金乙特,125,0,125,元大-和平,2023-06-20,9863
3325,旭品,105,2,103,元大-和平,2023-06-20,9863
2450,神腦,75,0,75,元大-和平,2023-06-20,9863
2634,漢翔,94,19,75,元大-和平,2023-06-20,9863
4961,天鈺,44,1,43,元大-和平,2023-06-20,9863
2618,長榮航,75,33,42,元大-和平,2023-06-20,9863
1529,樂事綠能,43,2,41,元大-和平,2023-06-20,9863
2801,彰銀,40,0,40,元大-和平,2023-06-20,9863
5426,振發,34,1,33,元大-和平,2023-06-20,9863
2610,華航,93,61,32,元大-和平,2023-06-20,9863
3481,群創,47,16,31,元大-和平,2023-06-20,9863
3013,晟銘電,26,0,26,元大-和平,2023-06-20,9863
1103,嘉泥,32,7,25,元大-和平,2023-06-20,9863
00679B,元大美債20年,28,3,25,元大-和平,2023-06-20,9863
00795B,中信美國公債20年,25,0,25,元大-和平,2023-06-20,9863
5607,遠雄港,25,0,25,元大-和平,2023-06-20,9863
00712,復華富時不動產,21,0,21,元大-和平,2023-06-20,9863
2409,友達,21,1,20,元大-和平,2023-06-20,9863
4306,炎洲,20,0,20,元大-和平,2023-06-20,9863
2059,川湖,21,1,20,元大-和平,2023-06-20,9863
6244,茂迪,26,7,19,元大-和平,2023-06-20,9863
3006,晶豪科,19,0,19,元大-和平,2023-06-20,9863
5876,上海商銀,17,0,17,元大-和平,2023-06-20,9863
2454,聯發科,18,2,16,元大-和平,2023-06-20,9863
5225,東科-KY,15,0,15,元大-和平,2023-06-20,9863
2405,輔信,15,0,15,元大-和平,2023-06-20,9863
3264,欣銓,25,10,15,元大-和平,2023-06-20,9863
9945,潤泰新,13,0,13,元大-和平,2023-06-20,9863
6477,安集,25,13,12,元大-和平,2023-06-20,9863
8358,金居,24,12,12,元大-和平,2023-06-20,9863
6657,華安,12,0,12,元大-和平,2023-06-20,9863
8277,商丞,12,0,12,元大-和平,2023-06-20,9863
6462,神盾,13,2,11,元大-和平,2023-06-20,9863
00772B,中信高評級公司債,11,0,11,元大-和平,2023-06-20,9863
2393,億光,11,0,11,元大-和平,2023-06-20,9863
2890,永豐金,11,0,11,元大-和平,2023-06-20,9863
3706,神達,13,3,10,元大-和平,2023-06-20,9863
2497,怡利電,10,0,10,元大-和平,2023-06-20,9863
5258,虹堡,21,11,10,元大-和平,2023-06-20,9863
00696B,富邦美債20年,10,0,10,元大-和平,2023-06-20,9863
00862B,中信投資級公司債,10,0,10,元大-和平,2023-06-20,9863
6133,金橋,10,0,10,元大-和平,2023-06-20,9863
3038,全台,9,0,9,元大-和平,2023-06-20,9863
3005,神基,15,6,9,元大-和平,2023-06-20,9863
4916,事欣科,17,8,9,元大-和平,2023-06-20,9863
3207,耀勝,10,2,8,元大-和平,2023-06-20,9863
8222,寶一,10,2,8,元大-和平,2023-06-20,9863
3088,艾訊,8,0,8,元大-和平,2023-06-20,9863
4114,健喬,8,0,8,元大-和平,2023-06-20,9863
2324,仁寶,204,10,194,元大-和平,2023-06-21,9863
2888,新光金,142,12,130,元大-和平,2023-06-21,9863
2903,遠百,83,1,82,元大-和平,2023-06-21,9863
00891,中信關鍵半導體,60,2,58,元大-和平,2023-06-21,9863
4114,健喬,60,2,58,元大-和平,2023-06-21,9863
2450,神腦,53,0,53,元大-和平,2023-06-21,9863
6462,神盾,78,27,51,元大-和平,2023-06-21,9863
6116,彩晶,53,7,46,元大-和平,2023-06-21,9863
8048,德勝,32,0,32,元大-和平,2023-06-21,9863
3013,晟銘電,43,12,31,元大-和平,2023-06-21,9863
2409,友達,39,8,31,元大-和平,2023-06-21,9863
2609,陽明,30,4,26,元大-和平,2023-06-21,9863
2303,聯電,28,5,23,元大-和平,2023-06-21,9863
1612,宏泰,22,0,22,元大-和平,2023-06-21,9863
6120,達運,22,0,22,元大-和平,2023-06-21,9863
5243,乙盛-KY,30,9,21,元大-和平,2023-06-21,9863
6269,台郡,21,0,21,元大-和平,2023-06-21,9863
2382,廣達,29,8,21,元大-和平,2023-06-21,9863
2317,鴻海,21,2,19,元大-和平,2023-06-21,9863
1529,樂事綠能,18,1,17,元大-和平,2023-06-21,9863
3287,廣寰科,22,6,16,元大-和平,2023-06-21,9863
4503,金雨,15,0,15,元大-和平,2023-06-21,9863
6532,瑞耘,15,0,15,元大-和平,2023-06-21,9863
2634,漢翔,64,49,15,元大-和平,2023-06-21,9863
1727,中華化,15,1,14,元大-和平,2023-06-21,9863
1609,大亞,18,4,14,元大-和平,2023-06-21,9863
2457,飛宏,29,16,13,元大-和平,2023-06-21,9863
8171,天宇,15,2,13,元大-和平,2023-06-21,9863
2408,南亞科,15,2,13,元大-和平,2023-06-21,9863
3006,晶豪科,16,4,12,元大-和平,2023-06-21,9863
00919,群益台灣精選高息,12,0,12,元大-和平,2023-06-21,9863
00921,兆豐龍頭等權重,11,0,11,元大-和平,2023-06-21,9863
5301,寶得利,11,0,11,元大-和平,2023-06-21,9863
2327,國巨,10,0,10,元大-和平,2023-06-21,9863
00795B,中信美國公債20年,10,0,10,元大-和平,2023-06-21,9863
00720B,元大投資級公司債,11,1,10,元大-和平,2023-06-21,9863
00753L,中信中國50正2,10,0,10,元大-和平,2023-06-21,9863
3264,欣銓,11,1,10,元大-和平,2023-06-21,9863
3380,明泰,11,1,10,元大-和平,2023-06-21,9863
5876,上海商銀,10,0,10,元大-和平,2023-06-21,9863
6672,騰輝電子-KY,10,0,10,元大-和平,2023-06-21,9863
2883B,凱基金乙特,10,0,10,元大-和平,2023-06-21,9863
1718,中纖,10,0,10,元大-和平,2023-06-21,9863
2702,華園,10,1,9,元大-和平,2023-06-21,9863
4916,事欣科,19,10,9,元大-和平,2023-06-21,9863
2073,雄順,9,0,9,元大-和平,2023-06-21,9863
2637,慧洋-KY,10,1,9,元大-和平,2023-06-21,9863
3022,威強電,10,1,9,元大-和平,2023-06-21,9863
6605,帝寶,10,1,9,元大-和平,2023-06-21,9863
3055,蔚華科,8,0,8,元大-和平,2023-06-21,9863
3706,神達,205,13,192,元大-和平,2023-06-26,9863
00637L,元大滬深300正2,166,10,156,元大-和平,2023-06-26,9863
2312,金寶,143,21,122,元大-和平,2023-06-26,9863
2801,彰銀,100,2,98,元大-和平,2023-06-26,9863
6125,廣運,87,5,82,元大-和平,2023-06-26,9863
5905,南仁湖,53,0,53,元大-和平,2023-06-26,9863
2883,凱基金,44,0,44,元大-和平,2023-06-26,9863
00712,復華富時不動產,39,0,39,元大-和平,2023-06-26,9863
2303,聯電,54,16,38,元大-和平,2023-06-26,9863
3231,緯創,74,37,37,元大-和平,2023-06-26,9863
2405,輔信,35,0,35,元大-和平,2023-06-26,9863
4934,太極,30,0,30,元大-和平,2023-06-26,9863
3260,威剛,28,1,27,元大-和平,2023-06-26,9863
2888,新光金,31,5,26,元大-和平,2023-06-26,9863
00853B,統一美債10年Aa-,24,0,24,元大-和平,2023-06-26,9863
2344,華邦電,34,10,24,元大-和平,2023-06-26,9863
3202,樺晟,27,3,24,元大-和平,2023-06-26,9863
2634,漢翔,29,6,23,元大-和平,2023-06-26,9863
2371,大同,59,36,23,元大-和平,2023-06-26,9863
2425,承啟,21,0,21,元大-和平,2023-06-26,9863
2330,台積電,22,2,20,元大-和平,2023-06-26,9863
2002,中鋼,21,2,19,元大-和平,2023-06-26,9863
3006,晶豪科,19,2,17,元大-和平,2023-06-26,9863
2356,英業達,21,6,15,元大-和平,2023-06-26,9863
6532,瑞耘,15,0,15,元大-和平,2023-06-26,9863
00885,富邦越南,16,2,14,元大-和平,2023-06-26,9863
2382,廣達,16,2,14,元大-和平,2023-06-26,9863
3306,鼎天,18,5,13,元大-和平,2023-06-26,9863
2881,富邦金,13,0,13,元大-和平,2023-06-26,9863
1711,永光,12,0,12,元大-和平,2023-06-26,9863
4506,崇友,12,0,12,元大-和平,2023-06-26,9863
00919,群益台灣精選高息,11,0,11,元大-和平,2023-06-26,9863
5258,虹堡,21,11,10,元大-和平,2023-06-26,9863
8049,晶采,10,0,10,元大-和平,2023-06-26,9863
2640,大車隊,10,0,10,元大-和平,2023-06-26,9863
1605,華新,16,6,10,元大-和平,2023-06-26,9863
8069,元太,14,4,10,元大-和平,2023-06-26,9863
00795B,中信美國公債20年,10,0,10,元大-和平,2023-06-26,9863
00655L,國泰中國A50正2,10,0,10,元大-和平,2023-06-26,9863
1437,勤益控,10,0,10,元大-和平,2023-06-26,9863
1526,日馳,10,0,10,元大-和平,2023-06-26,9863
2104,國際中橡,10,0,10,元大-和平,2023-06-26,9863
2883B,凱基金乙特,10,0,10,元大-和平,2023-06-26,9863
6276,安鈦克,10,0,10,元大-和平,2023-06-26,9863
6485,點序,10,0,10,元大-和平,2023-06-26,9863
4915,致伸,11,1,10,元大-和平,2023-06-26,9863
1301,台塑,10,2,8,元大-和平,2023-06-26,9863
4564,元翎,13,5,8,元大-和平,2023-06-26,9863
2748,雲品,9,1,8,元大-和平,2023-06-26,9863
00633L,富邦上証正2,10,2,8,元大-和平,2023-06-26,9863
3481,群創,221,0,221,元大-和平,2023-06-27,9863
2888,新光金,76,0,76,元大-和平,2023-06-27,9863
00898,國泰基因免疫革命,50,0,50,元大-和平,2023-06-27,9863
2903,遠百,50,0,50,元大-和平,2023-06-27,9863
9105,泰金寶-DR,50,0,50,元大-和平,2023-06-27,9863
3231,緯創,93,51,42,元大-和平,2023-06-27,9863
2303,聯電,47,5,42,元大-和平,2023-06-27,9863
2801,彰銀,40,0,40,元大-和平,2023-06-27,9863
2618,長榮航,148,111,37,元大-和平,2023-06-27,9863
1108,幸福,30,0,30,元大-和平,2023-06-27,9863
2344,華邦電,46,19,27,元大-和平,2023-06-27,9863
00637L,元大滬深300正2,26,0,26,元大-和平,2023-06-27,9863
6188,廣明,37,11,26,元大-和平,2023-06-27,9863
00753L,中信中國50正2,25,0,25,元大-和平,2023-06-27,9863
6733,博晟生醫,23,0,23,元大-和平,2023-06-27,9863
00919,群益台灣精選高息,23,0,23,元大-和平,2023-06-27,9863
2312,金寶,24,2,22,元大-和平,2023-06-27,9863
1471,首利,21,1,20,元大-和平,2023-06-27,9863
6546,正基,20,0,20,元大-和平,2023-06-27,9863
2457,飛宏,24,7,17,元大-和平,2023-06-27,9863
2059,川湖,16,1,15,元大-和平,2023-06-27,9863
2883,凱基金,15,0,15,元大-和平,2023-06-27,9863
3325,旭品,26,11,15,元大-和平,2023-06-27,9863
4747,強生,15,0,15,元大-和平,2023-06-27,9863
6180,橘子,29,15,14,元大-和平,2023-06-27,9863
1301,台塑,13,0,13,元大-和平,2023-06-27,9863
2371,大同,27,14,13,元大-和平,2023-06-27,9863
5465,富驊,12,0,12,元大-和平,2023-06-27,9863
8034,榮群,12,0,12,元大-和平,2023-06-27,9863
8069,元太,13,2,11,元大-和平,2023-06-27,9863
1584,精剛,11,0,11,元大-和平,2023-06-27,9863
3234,光環,11,0,11,元大-和平,2023-06-27,9863
6561,是方,13,2,11,元大-和平,2023-06-27,9863
2449,京元電子,14,4,10,元大-和平,2023-06-27,9863
1503,士電,15,5,10,元大-和平,2023-06-27,9863
5009,榮剛,20,10,10,元大-和平,2023-06-27,9863
2324,仁寶,10,0,10,元大-和平,2023-06-27,9863
2332,友訊,17,7,10,元大-和平,2023-06-27,9863
2402,毅嘉,11,1,10,元大-和平,2023-06-27,9863
2481,強茂,10,0,10,元大-和平,2023-06-27,9863
2883B,凱基金乙特,10,0,10,元大-和平,2023-06-27,9863
4306,炎洲,10,0,10,元大-和平,2023-06-27,9863
4804,大略-KY,10,0,10,元大-和平,2023-06-27,9863
5284,jpp-KY,10,0,10,元大-和平,2023-06-27,9863
1234,黑松,10,0,10,元大-和平,2023-06-27,9863
4979,華星光,25,15,10,元大-和平,2023-06-27,9863
1605,華新,13,4,9,元大-和平,2023-06-27,9863
2014,中鴻,13,4,9,元大-和平,2023-06-27,9863
2453,凌群,11,2,9,元大-和平,2023-06-27,9863
2706,第一店,9,0,9,元大-和平,2023-06-27,9863
00751B,元大AAA至A公司債,146,0,146,元大-和平,2023-06-28,9863
00878,國泰永續高股息,129,6,123,元大-和平,2023-06-28,9863
00853B,統一美債10年Aa-,83,0,83,元大-和平,2023-06-28,9863
2409,友達,70,0,70,元大-和平,2023-06-28,9863
6116,彩晶,60,0,60,元大-和平,2023-06-28,9863
00720B,元大投資級公司債,59,0,59,元大-和平,2023-06-28,9863
1605,華新,59,11,48,元大-和平,2023-06-28,9863
4533,協易機,42,2,40,元大-和平,2023-06-28,9863
00772B,中信高評級公司債,40,1,39,元大-和平,2023-06-28,9863
2913,農林,40,3,37,元大-和平,2023-06-28,9863
00725B,國泰投資級公司債,30,0,30,元大-和平,2023-06-28,9863
1301,台塑,30,0,30,元大-和平,2023-06-28,9863
6257,矽格,22,0,22,元大-和平,2023-06-28,9863
3038,全台,32,11,21,元大-和平,2023-06-28,9863
3163,波若威,21,0,21,元大-和平,2023-06-28,9863
8121,越峰,21,0,21,元大-和平,2023-06-28,9863
3481,群創,20,0,20,元大-和平,2023-06-28,9863
4747,強生,35,15,20,元大-和平,2023-06-28,9863
00760B,復華新興企業債,20,0,20,元大-和平,2023-06-28,9863
3260,威剛,23,3,20,元大-和平,2023-06-28,9863
6148,驊宏資,22,4,18,元大-和平,2023-06-28,9863
2382,廣達,18,0,18,元大-和平,2023-06-28,9863
2340,台亞,23,6,17,元大-和平,2023-06-28,9863
00715L,期街口布蘭特正2,17,0,17,元大-和平,2023-06-28,9863
3205,佰研,16,0,16,元大-和平,2023-06-28,9863
5905,南仁湖,16,0,16,元大-和平,2023-06-28,9863
00679B,元大美債20年,15,0,15,元大-和平,2023-06-28,9863
2387,精元,15,0,15,元大-和平,2023-06-28,9863
3037,欣興,16,1,15,元大-和平,2023-06-28,9863
8450,霹靂,15,0,15,元大-和平,2023-06-28,9863
2330,台積電,17,3,14,元大-和平,2023-06-28,9863
1525,江申,15,1,14,元大-和平,2023-06-28,9863
2331,精英,17,5,12,元大-和平,2023-06-28,9863
1734,杏輝,11,0,11,元大-和平,2023-06-28,9863
4566,時碩工業,10,0,10,元大-和平,2023-06-28,9863
2609,陽明,10,0,10,元大-和平,2023-06-28,9863
00696B,富邦美債20年,10,0,10,元大-和平,2023-06-28,9863
2883B,凱基金乙特,10,0,10,元大-和平,2023-06-28,9863
3071,協禧,10,0,10,元大-和平,2023-06-28,9863
3576,聯合再生,10,0,10,元大-和平,2023-06-28,9863
6188,廣明,13,3,10,元大-和平,2023-06-28,9863
2634,漢翔,18,9,9,元大-和平,2023-06-28,9863
5425,台半,12,3,9,元大-和平,2023-06-28,9863
1783,和康生,10,1,9,元大-和平,2023-06-28,9863
3013,晟銘電,11,2,9,元大-和平,2023-06-28,9863
3325,旭品,32,23,9,元大-和平,2023-06-28,9863
2308,台達電,8,0,8,元大-和平,2023-06-28,9863
1795,美時,14,6,8,元大-和平,2023-06-28,9863
1303,南亞,8,0,8,元大-和平,2023-06-28,9863
8358,金居,9,1,8,元大-和平,2023-06-28,9863
2618,長榮航,132,13,119,元大-和平,2023-06-29,9863
00751B,元大AAA至A公司債,103,0,103,元大-和平,2023-06-29,9863
2323,中環,101,26,75,元大-和平,2023-06-29,9863
2903,遠百,70,0,70,元大-和平,2023-06-29,9863
1605,華新,66,4,62,元大-和平,2023-06-29,9863
00720B,元大投資級公司債,55,1,54,元大-和平,2023-06-29,9863
4414,如興,57,16,41,元大-和平,2023-06-29,9863
2474,可成,40,0,40,元大-和平,2023-06-29,9863
2603,長榮,82,44,38,元大-和平,2023-06-29,9863
2609,陽明,59,22,37,元大-和平,2023-06-29,9863
00878,國泰永續高股息,63,29,34,元大-和平,2023-06-29,9863
2419,仲琦,94,61,33,元大-和平,2023-06-29,9863
2885,元大金,28,0,28,元大-和平,2023-06-29,9863
4916,事欣科,26,0,26,元大-和平,2023-06-29,9863
2313,華通,29,5,24,元大-和平,2023-06-29,9863
6589,台康生技,28,4,24,元大-和平,2023-06-29,9863
2353,宏��,24,1,23,元大-和平,2023-06-29,9863
0050,元大台灣50,21,0,21,元大-和平,2023-06-29,9863
3260,威剛,27,6,21,元大-和平,2023-06-29,9863
1301,台塑,20,0,20,元大-和平,2023-06-29,9863
00795B,中信美國公債20年,20,0,20,元大-和平,2023-06-29,9863
00862B,中信投資級公司債,20,0,20,元大-和平,2023-06-29,9863
2883B,凱基金乙特,20,0,20,元大-和平,2023-06-29,9863
00919,群益台灣精選高息,20,1,19,元大-和平,2023-06-29,9863
2882,國泰金,19,0,19,元大-和平,2023-06-29,9863
2303,聯電,42,24,18,元大-和平,2023-06-29,9863
00679B,元大美債20年,17,0,17,元大-和平,2023-06-29,9863
3591,艾笛森,17,0,17,元大-和平,2023-06-29,9863
6191,精成科,17,0,17,元大-和平,2023-06-29,9863
8255,朋程,17,0,17,元大-和平,2023-06-29,9863
2883,凱基金,21,5,16,元大-和平,2023-06-29,9863
3594,磐儀,14,0,14,元大-和平,2023-06-29,9863
5009,榮剛,14,1,13,元大-和平,2023-06-29,9863
2201,裕隆,15,3,12,元大-和平,2023-06-29,9863
00853B,統一美債10年Aa-,12,0,12,元大-和平,2023-06-29,9863
4563,百德,12,0,12,元大-和平,2023-06-29,9863
9943,好樂迪,11,0,11,元大-和平,2023-06-29,9863
6462,神盾,12,1,11,元大-和平,2023-06-29,9863
00712,復華富時不動產,11,0,11,元大-和平,2023-06-29,9863
00664R,國泰臺灣加權反1,10,0,10,元大-和平,2023-06-29,9863
00753L,中信中國50正2,10,0,10,元大-和平,2023-06-29,9863
2409,友達,10,0,10,元大-和平,2023-06-29,9863
5465,富驊,11,1,10,元大-和平,2023-06-29,9863
6155,鈞寶,10,0,10,元大-和平,2023-06-29,9863
6209,今國光,10,0,10,元大-和平,2023-06-29,9863
6223,旺矽,12,2,10,元大-和平,2023-06-29,9863
8277,商丞,10,0,10,元大-和平,2023-06-29,9863
9945,潤泰新,10,0,10,元大-和平,2023-06-29,9863
2457,飛宏,12,3,9,元大-和平,2023-06-29,9863
4155,訊映,10,1,9,元大-和平,2023-06-29,9863
3481,群創,231,7,224,元大-和平,2023-06-30,9863
2603,長榮,234,29,205,元大-和平,2023-06-30,9863
1605,華新,83,15,68,元大-和平,2023-06-30,9863
3591,艾笛森,63,12,51,元大-和平,2023-06-30,9863
00640L,富邦日本正2,50,0,50,元大-和平,2023-06-30,9863
6153,嘉聯益,61,15,46,元大-和平,2023-06-30,9863
6185,幃翔,45,0,45,元大-和平,2023-06-30,9863
2913,農林,45,1,44,元大-和平,2023-06-30,9863
2206,三陽工業,42,0,42,元大-和平,2023-06-30,9863
3260,威剛,41,5,36,元大-和平,2023-06-30,9863
4747,強生,31,0,31,元大-和平,2023-06-30,9863
2903,遠百,29,0,29,元大-和平,2023-06-30,9863
2353,宏��,29,2,27,元大-和平,2023-06-30,9863
3035,智原,30,3,27,元大-和平,2023-06-30,9863
6282,康舒,41,17,24,元大-和平,2023-06-30,9863
2618,長榮航,31,8,23,元大-和平,2023-06-30,9863
2317,鴻海,57,36,21,元大-和平,2023-06-30,9863
2883B,凱基金乙特,20,0,20,元大-和平,2023-06-30,9863
5876,上海商銀,20,0,20,元大-和平,2023-06-30,9863
6470,宇智,18,2,16,元大-和平,2023-06-30,9863
2340,台亞,24,8,16,元大-和平,2023-06-30,9863
3083,網龍,16,0,16,元大-和平,2023-06-30,9863
00679B,元大美債20年,19,4,15,元大-和平,2023-06-30,9863
2344,華邦電,19,4,15,元大-和平,2023-06-30,9863
00720B,元大投資級公司債,15,0,15,元大-和平,2023-06-30,9863
3163,波若威,16,1,15,元大-和平,2023-06-30,9863
3325,旭品,19,5,14,元大-和平,2023-06-30,9863
00919,群益台灣精選高息,13,0,13,元大-和平,2023-06-30,9863
2409,友達,13,0,13,元大-和平,2023-06-30,9863
2634,漢翔,13,1,12,元大-和平,2023-06-30,9863
4175,杏一,14,2,12,元大-和平,2023-06-30,9863
8081,致新,12,0,12,元大-和平,2023-06-30,9863
1513,中興電,17,5,12,元大-和平,2023-06-30,9863
6641,基士德-KY,11,0,11,元大-和平,2023-06-30,9863
0056,元大高股息,12,2,10,元大-和平,2023-06-30,9863
4746,台耀,10,0,10,元大-和平,2023-06-30,9863
1303,南亞,10,0,10,元大-和平,2023-06-30,9863
00682U,期元大美元指數,10,0,10,元大-和平,2023-06-30,9863
1603,華電,10,0,10,元大-和平,2023-06-30,9863
2399,映泰,11,1,10,元大-和平,2023-06-30,9863
2425,承啟,11,1,10,元大-和平,2023-06-30,9863
2892,第一金,10,0,10,元大-和平,2023-06-30,9863
3045,台灣大,11,1,10,元大-和平,2023-06-30,9863
1301,台塑,9,0,9,元大-和平,2023-06-30,9863
2376,技嘉,11,2,9,元大-和平,2023-06-30,9863
2101,南港,9,0,9,元大-和平,2023-06-30,9863
2331,精英,17,8,9,元大-和平,2023-06-30,9863
4915,致伸,10,1,9,元大-和平,2023-06-30,9863
6125,廣運,11,2,9,元大-和平,2023-06-30,9863
2303,聯電,12,3,9,元大-和平,2023-06-30,9863
2303,聯電,345,4,341,元大-和平,2023-07-03,9863
00922,國泰台灣領袖50,146,0,146,元大-和平,2023-07-03,9863
00923,群益台ESG低碳50,130,3,127,元大-和平,2023-07-03,9863
00878,國泰永續高股息,122,33,89,元大-和平,2023-07-03,9863
1314,中石化,81,0,81,元大-和平,2023-07-03,9863
6282,康舒,101,42,59,元大-和平,2023-07-03,9863
6188,廣明,54,16,38,元大-和平,2023-07-03,9863
4155,訊映,32,0,32,元大-和平,2023-07-03,9863
00693U,期街口S＆P黃豆,30,0,30,元大-和平,2023-07-03,9863
2328,廣宇,32,3,29,元大-和平,2023-07-03,9863
00927,群益半導體收益,28,0,28,元大-和平,2023-07-03,9863
3078,僑威,49,26,23,元大-和平,2023-07-03,9863
3231,緯創,67,44,23,元大-和平,2023-07-03,9863
2377,微星,22,0,22,元大-和平,2023-07-03,9863
4906,正文,63,41,22,元大-和平,2023-07-03,9863
2903,遠百,21,0,21,元大-和平,2023-07-03,9863
4532,瑞智,28,7,21,元大-和平,2023-07-03,9863
3596,智易,20,0,20,元大-和平,2023-07-03,9863
6005,群益證,20,0,20,元大-和平,2023-07-03,9863
8121,越峰,20,0,20,元大-和平,2023-07-03,9863
2356,英業達,45,27,18,元大-和平,2023-07-03,9863
00885,富邦越南,17,0,17,元大-和平,2023-07-03,9863
2486,一詮,18,1,17,元大-和平,2023-07-03,9863
1528,恩德,26,10,16,元大-和平,2023-07-03,9863
1611,中電,17,1,16,元大-和平,2023-07-03,9863
1795,美時,27,13,14,元大-和平,2023-07-03,9863
2376,技嘉,17,3,14,元大-和平,2023-07-03,9863
3045,台灣大,13,0,13,元大-和平,2023-07-03,9863
2607,榮運,14,1,13,元大-和平,2023-07-03,9863
1609,大亞,31,19,12,元大-和平,2023-07-03,9863
6569,醫揚,12,0,12,元大-和平,2023-07-03,9863
8936,國統,11,0,11,元大-和平,2023-07-03,9863
00654R,富邦印度反1,11,0,11,元大-和平,2023-07-03,9863
2338,光罩,14,3,11,元大-和平,2023-07-03,9863
2883,凱基金,17,6,11,元大-和平,2023-07-03,9863
3711,日月光投控,13,2,11,元大-和平,2023-07-03,9863
4979,華星光,35,24,11,元大-和平,2023-07-03,9863
5465,富驊,19,8,11,元大-和平,2023-07-03,9863
8131,福懋科,11,0,11,元大-和平,2023-07-03,9863
6446,藥華藥,10,0,10,元大-和平,2023-07-03,9863
00888,永豐台灣ESG,10,0,10,元大-和平,2023-07-03,9863
1234,黑松,10,0,10,元大-和平,2023-07-03,9863
5608,四維航,10,0,10,元大-和平,2023-07-03,9863
6126,信音,10,0,10,元大-和平,2023-07-03,9863
6284,佳邦,10,0,10,元大-和平,2023-07-03,9863
6751,智聯服務,10,0,10,元大-和平,2023-07-03,9863
9942,茂順,10,0,10,元大-和平,2023-07-03,9863
2880,華南金,10,0,10,元大-和平,2023-07-03,9863
0050,元大台灣50,10,1,9,元大-和平,2023-07-03,9863
2206,三陽工業,21,12,9,元大-和平,2023-07-03,9863
00923,群益台ESG低碳50,175,0,175,元大-和平,2023-07-04,9863
00633L,富邦上証正2,167,67,100,元大-和平,2023-07-04,9863
00922,國泰台灣領袖50,88,0,88,元大-和平,2023-07-04,9863
2323,中環,116,31,85,元大-和平,2023-07-04,9863
2801,彰銀,91,6,85,元大-和平,2023-07-04,9863
2352,佳世達,73,3,70,元大-和平,2023-07-04,9863
2356,英業達,146,88,58,元大-和平,2023-07-04,9863
2603,長榮,123,65,58,元大-和平,2023-07-04,9863
00733,富邦臺灣中小,55,0,55,元大-和平,2023-07-04,9863
3706,神達,81,32,49,元大-和平,2023-07-04,9863
2610,華航,80,34,46,元大-和平,2023-07-04,9863
2332,友訊,44,1,43,元大-和平,2023-07-04,9863
1905,華紙,75,35,40,元大-和平,2023-07-04,9863
2399,映泰,53,13,40,元大-和平,2023-07-04,9863
1611,中電,39,1,38,元大-和平,2023-07-04,9863
2615,萬海,48,10,38,元大-和平,2023-07-04,9863
00919,群益台灣精選高息,52,15,37,元大-和平,2023-07-04,9863
3217,優群,38,2,36,元大-和平,2023-07-04,9863
1503,士電,38,2,36,元大-和平,2023-07-04,9863
5905,南仁湖,34,0,34,元大-和平,2023-07-04,9863
00878,國泰永續高股息,57,26,31,元大-和平,2023-07-04,9863
6285,啟��,34,4,30,元大-和平,2023-07-04,9863
2618,長榮航,89,61,28,元大-和平,2023-07-04,9863
2382,廣達,57,32,25,元大-和平,2023-07-04,9863
2317,鴻海,110,87,23,元大-和平,2023-07-04,9863
00712,復華富時不動產,22,0,22,元大-和平,2023-07-04,9863
6139,亞翔,27,6,21,元大-和平,2023-07-04,9863
2903,遠百,20,0,20,元大-和平,2023-07-04,9863
3178,公準,20,0,20,元大-和平,2023-07-04,9863
2449,京元電子,39,20,19,元大-和平,2023-07-04,9863
3703,欣陸,19,0,19,元大-和平,2023-07-04,9863
2706,第一店,17,0,17,元大-和平,2023-07-04,9863
3017,奇鋐,21,4,17,元大-和平,2023-07-04,9863
1522,堤維西,19,4,15,元大-和平,2023-07-04,9863
3693,營邦,20,5,15,元大-和平,2023-07-04,9863
4938,和碩,15,1,14,元大-和平,2023-07-04,9863
1309,台達化,14,0,14,元大-和平,2023-07-04,9863
2301,光寶科,18,4,14,元大-和平,2023-07-04,9863
3265,台星科,24,10,14,元大-和平,2023-07-04,9863
4106,雃博,14,0,14,元大-和平,2023-07-04,9863
1904,正隆,13,0,13,元大-和平,2023-07-04,9863
2388,威盛,14,1,13,元大-和平,2023-07-04,9863
2450,神腦,13,0,13,元大-和平,2023-07-04,9863
00929,復華台灣科技優息,12,0,12,元大-和平,2023-07-04,9863
2892,第一金,12,0,12,元大-和平,2023-07-04,9863
8926,台汽電,12,1,11,元大-和平,2023-07-04,9863
6288,聯嘉,31,20,11,元大-和平,2023-07-04,9863
3209,全科,10,0,10,元大-和平,2023-07-04,9863
2474,可成,10,0,10,元大-和平,2023-07-04,9863
00893,國泰智能電動車,10,0,10,元大-和平,2023-07-04,9863
00922,國泰台灣領袖50,266,0,266,元大-和平,2023-07-05,9863
2312,金寶,307,62,245,元大-和平,2023-07-05,9863
2356,英業達,197,13,184,元大-和平,2023-07-05,9863
00919,群益台灣精選高息,133,7,126,元大-和平,2023-07-05,9863
2419,仲琦,106,7,99,元大-和平,2023-07-05,9863
2303,聯電,82,6,76,元大-和平,2023-07-05,9863
2317,鴻海,75,1,74,元大-和平,2023-07-05,9863
3481,群創,102,29,73,元大-和平,2023-07-05,9863
2618,長榮航,161,96,65,元大-和平,2023-07-05,9863
2801,彰銀,61,0,61,元大-和平,2023-07-05,9863
4714,永捷,57,0,57,元大-和平,2023-07-05,9863
3231,緯創,106,52,54,元大-和平,2023-07-05,9863
2903,遠百,53,0,53,元大-和平,2023-07-05,9863
3013,晟銘電,60,10,50,元大-和平,2023-07-05,9863
2332,友訊,40,3,37,元大-和平,2023-07-05,9863
2352,佳世達,35,2,33,元大-和平,2023-07-05,9863
2609,陽明,111,81,30,元大-和平,2023-07-05,9863
5905,南仁湖,30,0,30,元大-和平,2023-07-05,9863
6188,廣明,54,24,30,元大-和平,2023-07-05,9863
5439,高技,31,2,29,元大-和平,2023-07-05,9863
2915,潤泰全,26,0,26,元大-和平,2023-07-05,9863
3260,威剛,39,14,25,元大-和平,2023-07-05,9863
00679B,元大美債20年,24,0,24,元大-和平,2023-07-05,9863
1608,華榮,22,0,22,元大-和平,2023-07-05,9863
2399,映泰,25,3,22,元大-和平,2023-07-05,9863
2402,毅嘉,46,26,20,元大-和平,2023-07-05,9863
00632R,元大台灣50反1,20,0,20,元大-和平,2023-07-05,9863
6605,帝寶,21,1,20,元大-和平,2023-07-05,9863
3027,盛達,25,6,19,元大-和平,2023-07-05,9863
2427,三商電,55,39,16,元大-和平,2023-07-05,9863
1313,聯成,16,0,16,元大-和平,2023-07-05,9863
3714,富采,16,0,16,元大-和平,2023-07-05,9863
4976,佳凌,17,1,16,元大-和平,2023-07-05,9863
2421,建準,20,4,16,元大-和平,2023-07-05,9863
2230,泰茂,16,2,14,元大-和平,2023-07-05,9863
2883,凱基金,23,10,13,元大-和平,2023-07-05,9863
2413,環科,25,12,13,元大-和平,2023-07-05,9863
2880,華南金,12,0,12,元大-和平,2023-07-05,9863
4919,新唐,17,5,12,元大-和平,2023-07-05,9863
2201,裕隆,16,5,11,元大-和平,2023-07-05,9863
3045,台灣大,11,0,11,元大-和平,2023-07-05,9863
00712,復華富時不動產,11,0,11,元大-和平,2023-07-05,9863
9904,寶成,11,0,11,元大-和平,2023-07-05,9863
6285,啟��,13,2,11,元大-和平,2023-07-05,9863
1513,中興電,14,4,10,元大-和平,2023-07-05,9863
00929,復華台灣科技優息,10,0,10,元大-和平,2023-07-05,9863
3163,波若威,31,21,10,元大-和平,2023-07-05,9863
020038,元大ESG配息N,10,0,10,元大-和平,2023-07-05,9863
1453,大將,10,0,10,元大-和平,2023-07-05,9863
2355,敬鵬,10,0,10,元大-和平,2023-07-05,9863
00632R,元大台灣50反1,1269,0,1269,元大-和平,2023-07-06,9863
2801,彰銀,321,0,321,元大-和平,2023-07-06,9863
2317,鴻海,251,0,251,元大-和平,2023-07-06,9863
00772B,中信高評級公司債,162,0,162,元大-和平,2023-07-06,9863
00751B,元大AAA至A公司債,147,5,142,元大-和平,2023-07-06,9863
00853B,統一美債10年Aa-,94,0,94,元大-和平,2023-07-06,9863
5905,南仁湖,70,0,70,元大-和平,2023-07-06,9863
2883,凱基金,72,2,70,元大-和平,2023-07-06,9863
2356,英業達,80,20,60,元大-和平,2023-07-06,9863
00919,群益台灣精選高息,70,18,52,元大-和平,2023-07-06,9863
00679B,元大美債20年,52,1,51,元大-和平,2023-07-06,9863
2880,華南金,39,0,39,元大-和平,2023-07-06,9863
2888,新光金,52,15,37,元大-和平,2023-07-06,9863
3037,欣興,39,3,36,元大-和平,2023-07-06,9863
00720B,元大投資級公司債,35,0,35,元大-和平,2023-07-06,9863
0056,元大高股息,46,12,34,元大-和平,2023-07-06,9863
2313,華通,53,20,33,元大-和平,2023-07-06,9863
2382,廣達,53,20,33,元大-和平,2023-07-06,9863
2609,陽明,40,10,30,元大-和平,2023-07-06,9863
00725B,國泰投資級公司債,30,0,30,元大-和平,2023-07-06,9863
00862B,中信投資級公司債,30,0,30,元大-和平,2023-07-06,9863
1303,南亞,28,0,28,元大-和平,2023-07-06,9863
5009,榮剛,30,4,26,元大-和平,2023-07-06,9863
6166,凌華,24,0,24,元大-和平,2023-07-06,9863
2618,長榮航,59,37,22,元大-和平,2023-07-06,9863
2387,精元,21,0,21,元大-和平,2023-07-06,9863
3607,谷崧,22,1,21,元大-和平,2023-07-06,9863
5876,上海商銀,21,0,21,元大-和平,2023-07-06,9863
00795B,中信美國公債20年,20,0,20,元大-和平,2023-07-06,9863
2323,中環,29,9,20,元大-和平,2023-07-06,9863
2617,台航,20,0,20,元大-和平,2023-07-06,9863
00687B,國泰20年美債,19,0,19,元大-和平,2023-07-06,9863
00882,中信中國高股息,19,0,19,元大-和平,2023-07-06,9863
4714,永捷,19,0,19,元大-和平,2023-07-06,9863
2330,台積電,23,4,19,元大-和平,2023-07-06,9863
00900,富邦特選高股息30,17,0,17,元大-和平,2023-07-06,9863
3362,先進光,21,5,16,元大-和平,2023-07-06,9863
00712,復華富時不動產,16,0,16,元大-和平,2023-07-06,9863
00733,富邦臺灣中小,16,0,16,元大-和平,2023-07-06,9863
00760B,復華新興企業債,16,0,16,元大-和平,2023-07-06,9863
1402,遠東新,16,0,16,元大-和平,2023-07-06,9863
3703,欣陸,16,0,16,元大-和平,2023-07-06,9863
2402,毅嘉,25,10,15,元大-和平,2023-07-06,9863
2913,農林,15,0,15,元大-和平,2023-07-06,9863
4906,正文,22,7,15,元大-和平,2023-07-06,9863
6122,擎邦,16,1,15,元大-和平,2023-07-06,9863
2413,環科,13,0,13,元大-和平,2023-07-06,9863
2634,漢翔,16,3,13,元大-和平,2023-07-06,9863
9907,統一實,13,0,13,元大-和平,2023-07-06,9863
1301,台塑,13,0,13,元大-和平,2023-07-06,9863
3481,群創,241,3,238,元大-和平,2023-07-07,9863
00632R,元大台灣50反1,410,201,209,元大-和平,2023-07-07,9863
3706,神達,221,13,208,元大-和平,2023-07-07,9863
00923,群益台ESG低碳50,122,0,122,元大-和平,2023-07-07,9863
2356,英業達,127,47,80,元大-和平,2023-07-07,9863
2834,臺企銀,110,33,77,元大-和平,2023-07-07,9863
3231,緯創,110,53,57,元大-和平,2023-07-07,9863
3346,麗清,60,6,54,元大-和平,2023-07-07,9863
00919,群益台灣精選高息,50,0,50,元大-和平,2023-07-07,9863
00640L,富邦日本正2,50,0,50,元大-和平,2023-07-07,9863
2313,華通,52,2,50,元大-和平,2023-07-07,9863
2409,友達,45,0,45,元大-和平,2023-07-07,9863
00929,復華台灣科技優息,42,0,42,元大-和平,2023-07-07,9863
6550,北極星藥業-KY,38,2,36,元大-和平,2023-07-07,9863
00679B,元大美債20年,35,0,35,元大-和平,2023-07-07,9863
2425,承啟,40,10,30,元大-和平,2023-07-07,9863
00720B,元大投資級公司債,29,0,29,元大-和平,2023-07-07,9863
5388,中磊,30,1,29,元大-和平,2023-07-07,9863
6569,醫揚,29,0,29,元大-和平,2023-07-07,9863
00751B,元大AAA至A公司債,27,0,27,元大-和平,2023-07-07,9863
6188,廣明,34,8,26,元大-和平,2023-07-07,9863
2609,陽明,28,3,25,元大-和平,2023-07-07,9863
6491,晶碩,24,0,24,元大-和平,2023-07-07,9863
006208,富邦台50,22,0,22,元大-和平,2023-07-07,9863
1108,幸福,20,0,20,元大-和平,2023-07-07,9863
2610,華航,25,5,20,元大-和平,2023-07-07,9863
6120,達運,21,3,18,元大-和平,2023-07-07,9863
00753L,中信中國50正2,17,0,17,元大-和平,2023-07-07,9863
1504,東元,18,2,16,元大-和平,2023-07-07,9863
5284,jpp-KY,16,0,16,元大-和平,2023-07-07,9863
00893,國泰智能電動車,15,0,15,元大-和平,2023-07-07,9863
2892,第一金,15,0,15,元大-和平,2023-07-07,9863
3260,威剛,38,23,15,元大-和平,2023-07-07,9863
2449,京元電子,44,30,14,元大-和平,2023-07-07,9863
1471,首利,18,4,14,元大-和平,2023-07-07,9863
3596,智易,19,5,14,元大-和平,2023-07-07,9863
00725B,國泰投資級公司債,13,0,13,元大-和平,2023-07-07,9863
2888,新光金,13,0,13,元大-和平,2023-07-07,9863
2903,遠百,13,0,13,元大-和平,2023-07-07,9863
6426,統新,20,7,13,元大-和平,2023-07-07,9863
2317,鴻海,37,24,13,元大-和平,2023-07-07,9863
3163,波若威,16,4,12,元大-和平,2023-07-07,9863
00687B,國泰20年美債,12,0,12,元大-和平,2023-07-07,9863
8086,宏捷科,14,2,12,元大-和平,2023-07-07,9863
2314,台揚,12,0,12,元大-和平,2023-07-07,9863
2453,凌群,11,0,11,元大-和平,2023-07-07,9863
00922,國泰台灣領袖50,11,0,11,元大-和平,2023-07-07,9863
1701,中化,11,0,11,元大-和平,2023-07-07,9863
5905,南仁湖,11,0,11,元大-和平,2023-07-07,9863
6244,茂迪,14,3,11,元大-和平,2023-07-07,9863
0056,元大高股息,73,1,72,元大-和平,2023-07-10,9863
00751B,元大AAA至A公司債,71,0,71,元大-和平,2023-07-10,9863
00919,群益台灣精選高息,62,0,62,元大-和平,2023-07-10,9863
2645,長榮航太,61,0,61,元大-和平,2023-07-10,9863
2313,華通,62,2,60,元大-和平,2023-07-10,9863
8150,南茂,56,0,56,元大-和平,2023-07-10,9863
3016,嘉晶,62,18,44,元大-和平,2023-07-10,9863
2371,大同,45,3,42,元大-和平,2023-07-10,9863
3025,星通,70,29,41,元大-和平,2023-07-10,9863
1101,台泥,40,0,40,元大-和平,2023-07-10,9863
4532,瑞智,74,37,37,元大-和平,2023-07-10,9863
5388,中磊,34,0,34,元大-和平,2023-07-10,9863
00679B,元大美債20年,34,0,34,元大-和平,2023-07-10,9863
1904,正隆,34,0,34,元大-和平,2023-07-10,9863
2340,台亞,52,19,33,元大-和平,2023-07-10,9863
2382,廣達,63,36,27,元大-和平,2023-07-10,9863
00893,國泰智能電動車,31,4,27,元大-和平,2023-07-10,9863
00929,復華台灣科技優息,26,0,26,元大-和平,2023-07-10,9863
5009,榮剛,25,0,25,元大-和平,2023-07-10,9863
4155,訊映,26,2,24,元大-和平,2023-07-10,9863
2419,仲琦,36,15,21,元大-和平,2023-07-10,9863
5258,虹堡,26,5,21,元大-和平,2023-07-10,9863
2303,聯電,21,2,19,元大-和平,2023-07-10,9863
6138,茂達,17,0,17,元大-和平,2023-07-10,9863
1519,華城,21,7,14,元大-和平,2023-07-10,9863
6188,廣明,17,3,14,元大-和平,2023-07-10,9863
6591,動力-KY,14,0,14,元大-和平,2023-07-10,9863
00720B,元大投資級公司債,13,0,13,元大-和平,2023-07-10,9863
00687B,國泰20年美債,12,0,12,元大-和平,2023-07-10,9863
2425,承啟,15,3,12,元大-和平,2023-07-10,9863
3325,旭品,13,1,12,元大-和平,2023-07-10,9863
6191,精成科,11,0,11,元大-和平,2023-07-10,9863
00673R,期元大S＆P原油反1,10,0,10,元大-和平,2023-07-10,9863
1453,大將,10,0,10,元大-和平,2023-07-10,9863
1457,宜進,10,0,10,元大-和平,2023-07-10,9863
1708,東鹼,15,5,10,元大-和平,2023-07-10,9863
1711,永光,10,0,10,元大-和平,2023-07-10,9863
2474,可成,10,0,10,元大-和平,2023-07-10,9863
6234,高僑,10,0,10,元大-和平,2023-07-10,9863
1604,聲寶,10,1,9,元大-和平,2023-07-10,9863
6182,合晶,11,2,9,元大-和平,2023-07-10,9863
5905,南仁湖,9,0,9,元大-和平,2023-07-10,9863
6016,康和證,9,0,9,元大-和平,2023-07-10,9863
6829,千附精密,9,0,9,元大-和平,2023-07-10,9863
2610,華航,11,3,8,元大-和平,2023-07-10,9863
3293,鈊象,8,0,8,元大-和平,2023-07-10,9863
00722B,群益投資級電信債,8,0,8,元大-和平,2023-07-10,9863
2489,瑞軒,8,0,8,元大-和平,2023-07-10,9863
4714,永捷,8,0,8,元大-和平,2023-07-10,9863
6122,擎邦,10,2,8,元大-和平,2023-07-10,9863
2515,中工,301,3,298,元大-和平,2023-07-11,9863
00632R,元大台灣50反1,304,202,102,元大-和平,2023-07-11,9863
2312,金寶,133,53,80,元大-和平,2023-07-11,9863
2888,新光金,102,65,37,元大-和平,2023-07-11,9863
1609,大亞,48,15,33,元大-和平,2023-07-11,9863
4106,雃博,30,0,30,元大-和平,2023-07-11,9863
2328,廣宇,25,0,25,元大-和平,2023-07-11,9863
2883,凱基金,25,1,24,元大-和平,2023-07-11,9863
2332,友訊,24,0,24,元大-和平,2023-07-11,9863
3257,虹冠電,27,3,24,元大-和平,2023-07-11,9863
2610,華航,107,86,21,元大-和平,2023-07-11,9863
3025,星通,62,41,21,元大-和平,2023-07-11,9863
6005,群益證,21,0,21,元大-和平,2023-07-11,9863
2618,長榮航,53,33,20,元大-和平,2023-07-11,9863
2340,台亞,88,69,19,元大-和平,2023-07-11,9863
00882,中信中國高股息,20,3,17,元大-和平,2023-07-11,9863
6016,康和證,17,0,17,元大-和平,2023-07-11,9863
00733,富邦臺灣中小,15,0,15,元大-和平,2023-07-11,9863
5009,榮剛,15,1,14,元大-和平,2023-07-11,9863
2201,裕隆,13,0,13,元大-和平,2023-07-11,9863
6282,康舒,16,3,13,元大-和平,2023-07-11,9863
2609,陽明,28,15,13,元大-和平,2023-07-11,9863
4162,智擎,11,0,11,元大-和平,2023-07-11,9863
5439,高技,12,1,11,元大-和平,2023-07-11,9863
1604,聲寶,11,0,11,元大-和平,2023-07-11,9863
1101,台泥,11,0,11,元大-和平,2023-07-11,9863
6133,金橋,11,0,11,元大-和平,2023-07-11,9863
1504,東元,18,8,10,元大-和平,2023-07-11,9863
2301,光寶科,36,26,10,元大-和平,2023-07-11,9863
3287,廣寰科,10,0,10,元大-和平,2023-07-11,9863
6182,合晶,25,15,10,元大-和平,2023-07-11,9863
6235,華孚,24,14,10,元大-和平,2023-07-11,9863
2449,京元電子,11,2,9,元大-和平,2023-07-11,9863
2457,飛宏,17,8,9,元大-和平,2023-07-11,9863
1605,華新,17,8,9,元大-和平,2023-07-11,9863
2352,佳世達,12,3,9,元大-和平,2023-07-11,9863
3611,鼎翰,9,0,9,元大-和平,2023-07-11,9863
5388,中磊,12,3,9,元大-和平,2023-07-11,9863
8121,越峰,10,2,8,元大-和平,2023-07-11,9863
2382,廣達,46,38,8,元大-和平,2023-07-11,9863
00679B,元大美債20年,7,0,7,元大-和平,2023-07-11,9863
2371,大同,10,3,7,元大-和平,2023-07-11,9863
2387,精元,7,0,7,元大-和平,2023-07-11,9863
2405,輔信,7,0,7,元大-和平,2023-07-11,9863
6222,上揚,7,0,7,元大-和平,2023-07-11,9863
3045,台灣大,12,6,6,元大-和平,2023-07-11,9863
2460,建通,6,0,6,元大-和平,2023-07-11,9863
2634,漢翔,8,2,6,元大-和平,2023-07-11,9863
3357,臺慶科,6,0,6,元大-和平,2023-07-11,9863
1809,中釉,7,1,6,元大-和平,2023-07-11,9863
0056,元大高股息,154,45,109,元大-和平,2023-07-12,9863
2609,陽明,99,31,68,元大-和平,2023-07-12,9863
00878,國泰永續高股息,68,7,61,元大-和平,2023-07-12,9863
00720B,元大投資級公司債,61,1,60,元大-和平,2023-07-12,9863
2834,臺企銀,52,0,52,元大-和平,2023-07-12,9863
4746,台耀,46,0,46,元大-和平,2023-07-12,9863
1536,和大,42,0,42,元大-和平,2023-07-12,9863
00679B,元大美債20年,40,0,40,元大-和平,2023-07-12,9863
6285,啟��,44,5,39,元大-和平,2023-07-12,9863
4532,瑞智,40,2,38,元大-和平,2023-07-12,9863
2409,友達,39,2,37,元大-和平,2023-07-12,9863
2903,遠百,36,0,36,元大-和平,2023-07-12,9863
5258,虹堡,80,44,36,元大-和平,2023-07-12,9863
3551,世禾,34,0,34,元大-和平,2023-07-12,9863
3481,群創,39,9,30,元大-和平,2023-07-12,9863
2603,長榮,37,8,29,元大-和平,2023-07-12,9863
00929,復華台灣科技優息,29,2,27,元大-和平,2023-07-12,9863
2340,台亞,77,52,25,元大-和平,2023-07-12,9863
2436,偉詮電,25,2,23,元大-和平,2023-07-12,9863
1444,力麗,22,0,22,元大-和平,2023-07-12,9863
00724B,群益投資級金融債,21,0,21,元大-和平,2023-07-12,9863
3105,穩懋,19,2,17,元大-和平,2023-07-12,9863
2323,中環,34,18,16,元大-和平,2023-07-12,9863
00888,永豐台灣ESG,15,0,15,元大-和平,2023-07-12,9863
8016,矽創,19,4,15,元大-和平,2023-07-12,9863
2453,凌群,15,1,14,元大-和平,2023-07-12,9863
6592,和潤企業,14,0,14,元大-和平,2023-07-12,9863
1477,聚陽,13,0,13,元大-和平,2023-07-12,9863
1785,光洋科,13,0,13,元大-和平,2023-07-12,9863
9945,潤泰新,13,0,13,元大-和平,2023-07-12,9863
2376,技嘉,22,9,13,元大-和平,2023-07-12,9863
5439,高技,18,6,12,元大-和平,2023-07-12,9863
5483,中美晶,25,13,12,元大-和平,2023-07-12,9863
3704,合勤控,15,3,12,元大-和平,2023-07-12,9863
2332,友訊,12,0,12,元大-和平,2023-07-12,9863
2330,台積電,13,1,12,元大-和平,2023-07-12,9863
00693U,期街口S＆P黃豆,12,1,11,元大-和平,2023-07-12,9863
020038,元大ESG配息N,11,0,11,元大-和平,2023-07-12,9863
2402,毅嘉,11,0,11,元大-和平,2023-07-12,9863
3380,明泰,11,0,11,元大-和平,2023-07-12,9863
3532,台勝科,11,0,11,元大-和平,2023-07-12,9863
6275,元山,11,0,11,元大-和平,2023-07-12,9863
3017,奇鋐,30,20,10,元大-和平,2023-07-12,9863
2303,聯電,14,4,10,元大-和平,2023-07-12,9863
1108,幸福,10,0,10,元大-和平,2023-07-12,9863
2645,長榮航太,10,0,10,元大-和平,2023-07-12,9863
2888,新光金,20,10,10,元大-和平,2023-07-12,9863
5328,華容,20,10,10,元大-和平,2023-07-12,9863
3406,玉晶光,11,1,10,元大-和平,2023-07-12,9863
3363,上詮,16,7,9,元大-和平,2023-07-12,9863
2903,遠百,115,0,115,元大-和平,2023-07-13,9863
00673R,期元大S＆P原油反1,105,0,105,元大-和平,2023-07-13,9863
2618,長榮航,178,107,71,元大-和平,2023-07-13,9863
2312,金寶,503,435,68,元大-和平,2023-07-13,9863
5488,松普,66,0,66,元大-和平,2023-07-13,9863
3483,力致,60,0,60,元大-和平,2023-07-13,9863
00683L,期元大美元指正2,46,0,46,元大-和平,2023-07-13,9863
2915,潤泰全,40,0,40,元大-和平,2023-07-13,9863
2883,凱基金,43,5,38,元大-和平,2023-07-13,9863
6111,大宇資,40,2,38,元大-和平,2023-07-13,9863
00882,中信中國高股息,39,2,37,元大-和平,2023-07-13,9863
1569,濱川,30,0,30,元大-和平,2023-07-13,9863
2352,佳世達,31,1,30,元大-和平,2023-07-13,9863
00687B,國泰20年美債,28,0,28,元大-和平,2023-07-13,9863
2399,映泰,29,1,28,元大-和平,2023-07-13,9863
8050,廣積,50,23,27,元大-和平,2023-07-13,9863
6188,廣明,50,24,26,元大-和平,2023-07-13,9863
00929,復華台灣科技優息,28,2,26,元大-和平,2023-07-13,9863
00878,國泰永續高股息,84,58,26,元大-和平,2023-07-13,9863
2489,瑞軒,30,6,24,元大-和平,2023-07-13,9863
5483,中美晶,47,24,23,元大-和平,2023-07-13,9863
9945,潤泰新,23,0,23,元大-和平,2023-07-13,9863
1609,大亞,29,7,22,元大-和平,2023-07-13,9863
00891,中信關鍵半導體,22,0,22,元大-和平,2023-07-13,9863
2359,所羅門,58,37,21,元大-和平,2023-07-13,9863
2485,兆赫,20,0,20,元大-和平,2023-07-13,9863
2887,台新金,20,0,20,元大-和平,2023-07-13,9863
8121,越峰,20,0,20,元大-和平,2023-07-13,9863
2353,宏��,35,15,20,元大-和平,2023-07-13,9863
2303,聯電,40,20,20,元大-和平,2023-07-13,9863
4919,新唐,26,8,18,元大-和平,2023-07-13,9863
2329,華泰,37,19,18,元大-和平,2023-07-13,9863
5371,中光電,26,8,18,元大-和平,2023-07-13,9863
8033,雷虎,18,1,17,元大-和平,2023-07-13,9863
2376,技嘉,48,33,15,元大-和平,2023-07-13,9863
00762,元大全球AI,15,0,15,元大-和平,2023-07-13,9863
1444,力麗,15,0,15,元大-和平,2023-07-13,9863
3511,矽瑪,15,0,15,元大-和平,2023-07-13,9863
6282,康舒,17,2,15,元大-和平,2023-07-13,9863
6190,萬泰科,14,1,13,元大-和平,2023-07-13,9863
3711,日月光投控,13,0,13,元大-和平,2023-07-13,9863
020028,元大特選電動車N,12,0,12,元大-和平,2023-07-13,9863
2634,漢翔,14,2,12,元大-和平,2023-07-13,9863
00713,元大台灣高息低波,11,0,11,元大-和平,2023-07-13,9863
2332,友訊,12,1,11,元大-和平,2023-07-13,9863
2387,精元,11,0,11,元大-和平,2023-07-13,9863
3265,台星科,13,2,11,元大-和平,2023-07-13,9863
5607,遠雄港,12,1,11,元大-和平,2023-07-13,9863
2354,鴻準,11,0,11,元大-和平,2023-07-13,9863
00679B,元大美債20年,10,0,10,元大-和平,2023-07-13,9863
00929,復華台灣科技優息,237,2,235,元大-和平,2023-07-14,9863
00892,富邦台灣半導體,180,0,180,元大-和平,2023-07-14,9863
00878,國泰永續高股息,225,62,163,元大-和平,2023-07-14,9863
2371,大同,174,39,135,元大-和平,2023-07-14,9863
5483,中美晶,110,10,100,元大-和平,2023-07-14,9863
2610,華航,139,43,96,元大-和平,2023-07-14,9863
2312,金寶,158,77,81,元大-和平,2023-07-14,9863
2455,全新,61,0,61,元大-和平,2023-07-14,9863
3231,緯創,77,25,52,元大-和平,2023-07-14,9863
00891,中信關鍵半導體,50,0,50,元大-和平,2023-07-14,9863
00902,中信電池及儲能,50,0,50,元大-和平,2023-07-14,9863
6187,萬潤,61,11,50,元大-和平,2023-07-14,9863
2344,華邦電,58,11,47,元大-和平,2023-07-14,9863
5469,瀚宇博,41,2,39,元大-和平,2023-07-14,9863
2903,遠百,37,0,37,元大-和平,2023-07-14,9863
2425,承啟,44,13,31,元大-和平,2023-07-14,9863
2382,廣達,93,62,31,元大-和平,2023-07-14,9863
2603,長榮,33,4,29,元大-和平,2023-07-14,9863
3078,僑威,68,42,26,元大-和平,2023-07-14,9863
00882,中信中國高股息,31,7,24,元大-和平,2023-07-14,9863
2482,連宇,23,0,23,元大-和平,2023-07-14,9863
3706,神達,33,10,23,元大-和平,2023-07-14,9863
2323,中環,51,29,22,元大-和平,2023-07-14,9863
3380,明泰,37,17,20,元大-和平,2023-07-14,9863
3005,神基,19,0,19,元大-和平,2023-07-14,9863
4533,協易機,20,1,19,元大-和平,2023-07-14,9863
2881,富邦金,28,10,18,元大-和平,2023-07-14,9863
6190,萬泰科,30,12,18,元大-和平,2023-07-14,9863
00905,FT臺灣Smart,16,0,16,元大-和平,2023-07-14,9863
1734,杏輝,15,0,15,元大-和平,2023-07-14,9863
6179,亞通,29,14,15,元大-和平,2023-07-14,9863
6790,永豐實,18,3,15,元大-和平,2023-07-14,9863
1504,東元,65,51,14,元大-和平,2023-07-14,9863
3479,安勤,13,0,13,元大-和平,2023-07-14,9863
3552,同致,13,0,13,元大-和平,2023-07-14,9863
3694,海華,15,3,12,元大-和平,2023-07-14,9863
6538,倉和,17,5,12,元大-和平,2023-07-14,9863
00673R,期元大S＆P原油反1,11,0,11,元大-和平,2023-07-14,9863
3032,偉訓,30,20,10,元大-和平,2023-07-14,9863
00679B,元大美債20年,10,0,10,元大-和平,2023-07-14,9863
3711,日月光投控,23,13,10,元大-和平,2023-07-14,9863
00661,元大日經225,10,0,10,元大-和平,2023-07-14,9863
00683L,期元大美元指正2,10,0,10,元大-和平,2023-07-14,9863
1409,新纖,10,0,10,元大-和平,2023-07-14,9863
2736,富野,12,2,10,元大-和平,2023-07-14,9863
3707,漢磊,10,0,10,元大-和平,2023-07-14,9863
6411,晶焱,10,0,10,元大-和平,2023-07-14,9863
9945,潤泰新,10,0,10,元大-和平,2023-07-14,9863
6290,良維,10,0,10,元大-和平,2023-07-14,9863
4123,晟德,9,0,9,元大-和平,2023-07-14,9863
00892,富邦台灣半導體,180,0,180,元大-和平,2023-07-17,9863
00929,復華台灣科技優息,173,6,167,元大-和平,2023-07-17,9863
00891,中信關鍵半導體,101,0,101,元大-和平,2023-07-17,9863
2884,玉山金,100,0,100,元大-和平,2023-07-17,9863
00673R,期元大S＆P原油反1,100,11,89,元大-和平,2023-07-17,9863
00720B,元大投資級公司債,71,0,71,元大-和平,2023-07-17,9863
2812,台中銀,75,4,71,元大-和平,2023-07-17,9863
3037,欣興,73,6,67,元大-和平,2023-07-17,9863
6191,精成科,80,17,63,元大-和平,2023-07-17,9863
2323,中環,81,52,29,元大-和平,2023-07-17,9863
6235,華孚,29,1,28,元大-和平,2023-07-17,9863
6462,神盾,26,1,25,元大-和平,2023-07-17,9863
2610,華航,26,2,24,元大-和平,2023-07-17,9863
8096,擎亞,24,1,23,元大-和平,2023-07-17,9863
6443,元晶,21,0,21,元大-和平,2023-07-17,9863
2349,錸德,22,2,20,元大-和平,2023-07-17,9863
3483,力致,20,1,19,元大-和平,2023-07-17,9863
6179,亞通,29,10,19,元大-和平,2023-07-17,9863
00882,中信中國高股息,16,0,16,元大-和平,2023-07-17,9863
5009,榮剛,17,1,16,元大-和平,2023-07-17,9863
2903,遠百,17,1,16,元大-和平,2023-07-17,9863
9958,世紀鋼,23,8,15,元大-和平,2023-07-17,9863
8936,國統,33,18,15,元大-和平,2023-07-17,9863
4746,台耀,23,9,14,元大-和平,2023-07-17,9863
2883,凱基金,27,12,15,元大-和平,2023-07-17,9863
2363,矽統,15,1,14,元大-和平,2023-07-17,9863
5488,松普,14,0,14,元大-和平,2023-07-17,9863
8059,凱碩,15,1,14,元大-和平,2023-07-17,9863
3518,柏騰,25,12,13,元大-和平,2023-07-17,9863
2485,兆赫,13,0,13,元大-和平,2023-07-17,9863
2888,新光金,18,5,13,元大-和平,2023-07-17,9863
6182,合晶,15,2,13,元大-和平,2023-07-17,9863
8215,明基材,13,0,13,元大-和平,2023-07-17,9863
1210,大成,27,14,13,元大-和平,2023-07-17,9863
6005,群益證,11,0,11,元大-和平,2023-07-17,9863
00712,復華富時不動產,11,0,11,元大-和平,2023-07-17,9863
2481,強茂,31,20,11,元大-和平,2023-07-17,9863
3048,益登,11,0,11,元大-和平,2023-07-17,9863
2457,飛宏,61,50,11,元大-和平,2023-07-17,9863
2356,英業達,30,19,11,元大-和平,2023-07-17,9863
1560,中砂,23,12,11,元大-和平,2023-07-17,9863
1229,聯華,10,0,10,元大-和平,2023-07-17,9863
1457,宜進,10,0,10,元大-和平,2023-07-17,9863
2204,中華,11,1,10,元大-和平,2023-07-17,9863
2883B,凱基金乙特,10,0,10,元大-和平,2023-07-17,9863
3058,立德,10,0,10,元大-和平,2023-07-17,9863
3380,明泰,23,13,10,元大-和平,2023-07-17,9863
3694,海華,10,0,10,元大-和平,2023-07-17,9863
4729,熒茂,10,0,10,元大-和平,2023-07-17,9863
6197,佳必琪,10,0,10,元大-和平,2023-07-17,9863
2312,金寶,646,362,284,元大-和平,2023-07-18,9863
00892,富邦台灣半導體,250,0,250,元大-和平,2023-07-18,9863
6285,啟��,173,19,154,元大-和平,2023-07-18,9863
2887,台新金,132,3,129,元大-和平,2023-07-18,9863
2618,長榮航,112,11,101,元大-和平,2023-07-18,9863
2457,飛宏,78,8,70,元大-和平,2023-07-18,9863
00929,復華台灣科技優息,66,1,65,元大-和平,2023-07-18,9863
6274,台燿,68,12,56,元大-和平,2023-07-18,9863
2356,英業達,153,106,47,元大-和平,2023-07-18,9863
3380,明泰,42,0,42,元大-和平,2023-07-18,9863
2903,遠百,40,0,40,元大-和平,2023-07-18,9863
6282,康舒,110,75,35,元大-和平,2023-07-18,9863
5880,合庫金,35,0,35,元大-和平,2023-07-18,9863
6276,安鈦克,36,1,35,元大-和平,2023-07-18,9863
2892,第一金,35,1,34,元大-和平,2023-07-18,9863
1609,大亞,45,12,33,元大-和平,2023-07-18,9863
2883,凱基金,39,7,32,元大-和平,2023-07-18,9863
2449,京元電子,37,6,31,元大-和平,2023-07-18,9863
00882,中信中國高股息,38,7,31,元大-和平,2023-07-18,9863
3305,昇貿,33,3,30,元大-和平,2023-07-18,9863
2330,台積電,28,2,26,元大-和平,2023-07-18,9863
3231,緯創,44,18,26,元大-和平,2023-07-18,9863
5488,松普,24,0,24,元大-和平,2023-07-18,9863
00687B,國泰20年美債,22,0,22,元大-和平,2023-07-18,9863
4306,炎洲,20,0,20,元大-和平,2023-07-18,9863
1618,合機,22,2,20,元大-和平,2023-07-18,9863
8050,廣積,31,12,19,元大-和平,2023-07-18,9863
2313,華通,29,11,18,元大-和平,2023-07-18,9863
6179,亞通,31,14,17,元大-和平,2023-07-18,9863
4123,晟德,17,1,16,元大-和平,2023-07-18,9863
3033,威健,23,7,16,元大-和平,2023-07-18,9863
6290,良維,20,4,16,元大-和平,2023-07-18,9863
00671R,富邦NASDAQ反1,15,0,15,元大-和平,2023-07-18,9863
2413,環科,15,0,15,元大-和平,2023-07-18,9863
3207,耀勝,35,20,15,元大-和平,2023-07-18,9863
6527,明達醫,15,0,15,元大-和平,2023-07-18,9863
2327,國巨,15,0,15,元大-和平,2023-07-18,9863
4938,和碩,51,36,15,元大-和平,2023-07-18,9863
2201,裕隆,16,2,14,元大-和平,2023-07-18,9863
2393,億光,16,2,14,元大-和平,2023-07-18,9863
2889,國票金,14,0,14,元大-和平,2023-07-18,9863
2002,中鋼,15,1,14,元大-和平,2023-07-18,9863
00720B,元大投資級公司債,13,0,13,元大-和平,2023-07-18,9863
3515,華擎,35,22,13,元大-和平,2023-07-18,9863
6442,光聖,13,0,13,元大-和平,2023-07-18,9863
2324,仁寶,74,62,12,元大-和平,2023-07-18,9863
2392,正崴,12,0,12,元大-和平,2023-07-18,9863
9945,潤泰新,12,0,12,元大-和平,2023-07-18,9863
1605,華新,17,5,12,元大-和平,2023-07-18,9863
5483,中美晶,17,5,12,元大-和平,2023-07-18,9863
2312,金寶,404,166,238,元大-和平,2023-07-19,9863
3706,神達,296,106,190,元大-和平,2023-07-19,9863
00673R,期元大S＆P原油反1,108,0,108,元大-和平,2023-07-19,9863
2317,鴻海,130,31,99,元大-和平,2023-07-19,9863
2881,富邦金,112,29,83,元大-和平,2023-07-19,9863
2324,仁寶,99,36,63,元大-和平,2023-07-19,9863
2371,大同,62,4,58,元大-和平,2023-07-19,9863
2329,華泰,66,11,55,元大-和平,2023-07-19,9863
8215,明基材,86,32,54,元大-和平,2023-07-19,9863
2340,台亞,63,12,51,元大-和平,2023-07-19,9863
00891,中信關鍵半導體,50,0,50,元大-和平,2023-07-19,9863
2610,華航,61,18,43,元大-和平,2023-07-19,9863
8112,至上,57,18,39,元大-和平,2023-07-19,9863
5351,鈺創,41,2,39,元大-和平,2023-07-19,9863
00679B,元大美債20年,37,0,37,元大-和平,2023-07-19,9863
00712,復華富時不動產,53,16,37,元大-和平,2023-07-19,9863
1609,大亞,43,8,35,元大-和平,2023-07-19,9863
2419,仲琦,49,17,32,元大-和平,2023-07-19,9863
1618,合機,37,6,31,元大-和平,2023-07-19,9863
2303,聯電,29,2,27,元大-和平,2023-07-19,9863
2328,廣宇,27,0,27,元大-和平,2023-07-19,9863
9105,泰金寶-DR,28,2,26,元大-和平,2023-07-19,9863
2313,華通,28,2,26,元大-和平,2023-07-19,9863
6187,萬潤,37,11,26,元大-和平,2023-07-19,9863
00882,中信中國高股息,26,0,26,元大-和平,2023-07-19,9863
3037,欣興,56,31,25,元大-和平,2023-07-19,9863
2915,潤泰全,25,1,24,元大-和平,2023-07-19,9863
1471,首利,24,0,24,元大-和平,2023-07-19,9863
1301,台塑,23,0,23,元大-和平,2023-07-19,9863
2618,長榮航,43,21,22,元大-和平,2023-07-19,9863
4306,炎洲,22,0,22,元大-和平,2023-07-19,9863
4533,協易機,24,2,22,元大-和平,2023-07-19,9863
00632R,元大台灣50反1,22,1,21,元大-和平,2023-07-19,9863
6217,中探針,28,7,21,元大-和平,2023-07-19,9863
9945,潤泰新,19,0,19,元大-和平,2023-07-19,9863
1513,中興電,18,0,18,元大-和平,2023-07-19,9863
00929,復華台灣科技優息,17,0,17,元大-和平,2023-07-19,9863
00671R,富邦NASDAQ反1,15,0,15,元大-和平,2023-07-19,9863
3515,華擎,24,9,15,元大-和平,2023-07-19,9863
5488,松普,14,0,14,元大-和平,2023-07-19,9863
4938,和碩,37,24,13,元大-和平,2023-07-19,9863
3583,辛耘,17,5,12,元大-和平,2023-07-19,9863
2382,廣達,29,17,12,元大-和平,2023-07-19,9863
6116,彩晶,11,0,11,元大-和平,2023-07-19,9863
6462,神盾,11,0,11,元大-和平,2023-07-19,9863
6841,長佳智能,13,2,11,元大-和平,2023-07-19,9863
8234,新漢,14,3,11,元大-和平,2023-07-19,9863
2402,毅嘉,12,1,11,元大-和平,2023-07-19,9863
1101,台泥,10,0,10,元大-和平,2023-07-19,9863
9941,裕融,10,0,10,元大-和平,2023-07-19,9863
00673R,期元大S＆P原油反1,100,0,100,元大-和平,2023-07-20,9863
3032,偉訓,99,7,92,元大-和平,2023-07-20,9863
2312,金寶,135,55,80,元大-和平,2023-07-20,9863
2618,長榮航,108,35,73,元大-和平,2023-07-20,9863
6125,廣運,60,1,59,元大-和平,2023-07-20,9863
2303,聯電,61,7,54,元大-和平,2023-07-20,9863
00712,復華富時不動產,51,2,49,元大-和平,2023-07-20,9863
2887,台新金,52,6,46,元大-和平,2023-07-20,9863
6213,聯茂,44,0,44,元大-和平,2023-07-20,9863
3706,神達,63,23,40,元大-和平,2023-07-20,9863
00679B,元大美債20年,69,30,39,元大-和平,2023-07-20,9863
2892,第一金,35,0,35,元大-和平,2023-07-20,9863
5880,合庫金,35,0,35,元大-和平,2023-07-20,9863
1104,環泥,30,0,30,元大-和平,2023-07-20,9863
1710,東聯,30,0,30,元大-和平,2023-07-20,9863
1905,華紙,46,17,29,元大-和平,2023-07-20,9863
2402,毅嘉,42,13,29,元大-和平,2023-07-20,9863
3051,力特,27,0,27,元大-和平,2023-07-20,9863
6285,啟��,28,3,25,元大-和平,2023-07-20,9863
2405,輔信,28,6,22,元大-和平,2023-07-20,9863
6158,禾昌,21,0,21,元大-和平,2023-07-20,9863
2313,華通,22,2,20,元大-和平,2023-07-20,9863
4533,協易機,22,2,20,元大-和平,2023-07-20,9863
2206,三陽工業,39,21,18,元大-和平,2023-07-20,9863
3037,欣興,25,8,17,元大-和平,2023-07-20,9863
4746,台耀,15,0,15,元大-和平,2023-07-20,9863
00683L,期元大美元指正2,15,0,15,元大-和平,2023-07-20,9863
4123,晟德,41,27,14,元大-和平,2023-07-20,9863
9910,豐泰,14,0,14,元大-和平,2023-07-20,9863
00687B,國泰20年美債,15,1,14,元大-和平,2023-07-20,9863
3551,世禾,14,0,14,元大-和平,2023-07-20,9863
5488,松普,14,0,14,元大-和平,2023-07-20,9863
4977,眾達-KY,14,0,14,元大-和平,2023-07-20,9863
2419,仲琦,52,39,13,元大-和平,2023-07-20,9863
2317,鴻海,12,0,12,元大-和平,2023-07-20,9863
2607,榮運,13,1,12,元大-和平,2023-07-20,9863
3207,耀勝,12,0,12,元大-和平,2023-07-20,9863
5301,寶得利,12,0,12,元大-和平,2023-07-20,9863
3406,玉晶光,11,0,11,元大-和平,2023-07-20,9863
3645,達邁,11,0,11,元大-和平,2023-07-20,9863
6104,創惟,22,11,11,元大-和平,2023-07-20,9863
2634,漢翔,14,4,10,元大-和平,2023-07-20,9863
3264,欣銓,10,0,10,元大-和平,2023-07-20,9863
3289,宜特,13,3,10,元大-和平,2023-07-20,9863
00905,FT臺灣Smart,10,0,10,元大-和平,2023-07-20,9863
6152,百一,10,0,10,元大-和平,2023-07-20,9863
6209,今國光,10,0,10,元大-和平,2023-07-20,9863
00929,復華台灣科技優息,9,0,9,元大-和平,2023-07-20,9863
2301,光寶科,14,5,9,元大-和平,2023-07-20,9863
2515,中工,9,0,9,元大-和平,2023-07-20,9863
1210,大成,234,11,223,元大-和平,2023-07-21,9863
2457,飛宏,222,4,218,元大-和平,2023-07-21,9863
00772B,中信高評級公司債,160,5,155,元大-和平,2023-07-21,9863
00751B,元大AAA至A公司債,145,12,133,元大-和平,2023-07-21,9863
00673R,期元大S＆P原油反1,100,0,100,元大-和平,2023-07-21,9863
2903,遠百,80,0,80,元大-和平,2023-07-21,9863
5488,松普,63,0,63,元大-和平,2023-07-21,9863
3032,偉訓,58,4,54,元大-和平,2023-07-21,9863
2303,聯電,63,9,54,元大-和平,2023-07-21,9863
00773B,中信優先金融債,50,0,50,元大-和平,2023-07-21,9863
2382,廣達,100,53,47,元大-和平,2023-07-21,9863
1504,東元,81,34,47,元大-和平,2023-07-21,9863
00712,復華富時不動產,120,75,45,元大-和平,2023-07-21,9863
2312,金寶,76,35,41,元大-和平,2023-07-21,9863
2419,仲琦,94,53,41,元大-和平,2023-07-21,9863
3357,臺慶科,40,1,39,元大-和平,2023-07-21,9863
2356,英業達,50,11,39,元大-和平,2023-07-21,9863
2301,光寶科,88,51,37,元大-和平,2023-07-21,9863
2330,台積電,41,4,37,元大-和平,2023-07-21,9863
00725B,國泰投資級公司債,45,10,35,元大-和平,2023-07-21,9863
6274,台燿,62,27,35,元大-和平,2023-07-21,9863
00679B,元大美債20年,33,0,33,元大-和平,2023-07-21,9863
00795B,中信美國公債20年,31,0,31,元大-和平,2023-07-21,9863
2609,陽明,42,12,30,元大-和平,2023-07-21,9863
00862B,中信投資級公司債,30,0,30,元大-和平,2023-07-21,9863
1513,中興電,71,42,29,元大-和平,2023-07-21,9863
00720B,元大投資級公司債,27,0,27,元大-和平,2023-07-21,9863
2915,潤泰全,27,0,27,元大-和平,2023-07-21,9863
2014,中鴻,25,0,25,元大-和平,2023-07-21,9863
2329,華泰,41,17,24,元大-和平,2023-07-21,9863
00722B,群益投資級電信債,22,0,22,元大-和平,2023-07-21,9863
00687B,國泰20年美債,22,0,22,元大-和平,2023-07-21,9863
3038,全台,20,0,20,元大-和平,2023-07-21,9863
912000,晨訊科-DR,20,0,20,元大-和平,2023-07-21,9863
2634,漢翔,20,1,19,元大-和平,2023-07-21,9863
00881,國泰台灣5G+,21,2,19,元大-和平,2023-07-21,9863
2030,彰源,17,0,17,元大-和平,2023-07-21,9863
2891,中信金,21,4,17,元大-和平,2023-07-21,9863
6235,華孚,48,32,16,元大-和平,2023-07-21,9863
4919,新唐,17,1,16,元大-和平,2023-07-21,9863
2027,大成鋼,34,19,15,元大-和平,2023-07-21,9863
4747,強生,16,1,15,元大-和平,2023-07-21,9863
6202,盛群,14,0,14,元大-和平,2023-07-21,9863
2888,新光金,13,0,13,元大-和平,2023-07-21,9863
00661,元大日經225,11,0,11,元大-和平,2023-07-21,9863
2332,友訊,11,0,11,元大-和平,2023-07-21,9863
3706,神達,28,17,11,元大-和平,2023-07-21,9863
00905,FT臺灣Smart,11,0,11,元大-和平,2023-07-21,9863
00929,復華台灣科技優息,11,0,11,元大-和平,2023-07-21,9863
1903,士紙,26,15,11,元大-和平,2023-07-21,9863
00922,國泰台灣領袖50,199,0,199,元大-和平,2023-07-24,9863
2903,遠百,150,0,150,元大-和平,2023-07-24,9863
00891,中信關鍵半導體,148,0,148,元大-和平,2023-07-24,9863
2312,金寶,158,28,130,元大-和平,2023-07-24,9863
00773B,中信優先金融債,80,0,80,元大-和平,2023-07-24,9863
00923,群益台ESG低碳50,64,0,64,元大-和平,2023-07-24,9863
9941,裕融,54,6,48,元大-和平,2023-07-24,9863
3013,晟銘電,81,39,42,元大-和平,2023-07-24,9863
2834,臺企銀,65,24,41,元大-和平,2023-07-24,9863
3042,晶技,40,0,40,元大-和平,2023-07-24,9863
6274,台燿,70,32,38,元大-和平,2023-07-24,9863
2609,陽明,41,4,37,元大-和平,2023-07-24,9863
5488,松普,33,0,33,元大-和平,2023-07-24,9863
2880,華南金,30,0,30,元大-和平,2023-07-24,9863
00733,富邦臺灣中小,26,0,26,元大-和平,2023-07-24,9863
4532,瑞智,21,0,21,元大-和平,2023-07-24,9863
5876,上海商銀,20,0,20,元大-和平,2023-07-24,9863
2340,台亞,20,0,20,元大-和平,2023-07-24,9863
1618,合機,25,7,18,元大-和平,2023-07-24,9863
5439,高技,26,8,18,元大-和平,2023-07-24,9863
2612,中航,16,0,16,元大-和平,2023-07-24,9863
00795B,中信美國公債20年,15,0,15,元大-和平,2023-07-24,9863
4572,駐龍,15,0,15,元大-和平,2023-07-24,9863
5203,訊連,15,0,15,元大-和平,2023-07-24,9863
2603,長榮,18,3,15,元大-和平,2023-07-24,9863
2353,宏��,27,12,15,元大-和平,2023-07-24,9863
2618,長榮航,22,8,14,元大-和平,2023-07-24,9863
00929,復華台灣科技優息,15,1,14,元大-和平,2023-07-24,9863
1108,幸福,14,0,14,元大-和平,2023-07-24,9863
2883,凱基金,34,20,14,元大-和平,2023-07-24,9863
3037,欣興,41,27,14,元大-和平,2023-07-24,9863
6282,康舒,34,21,13,元大-和平,2023-07-24,9863
3051,力特,13,1,12,元大-和平,2023-07-24,9863
3704,合勤控,13,1,12,元大-和平,2023-07-24,9863
2457,飛宏,14,2,12,元大-和平,2023-07-24,9863
1218,泰山,12,0,12,元大-和平,2023-07-24,9863
3290,東浦,12,0,12,元大-和平,2023-07-24,9863
3264,欣銓,17,6,11,元大-和平,2023-07-24,9863
2371,大同,24,13,11,元大-和平,2023-07-24,9863
2882,國泰金,11,0,11,元大-和平,2023-07-24,9863
4746,台耀,11,0,11,元大-和平,2023-07-24,9863
6561,是方,11,0,11,元大-和平,2023-07-24,9863
3483,力致,11,1,10,元大-和平,2023-07-24,9863
00893,國泰智能電動車,10,0,10,元大-和平,2023-07-24,9863
00687B,國泰20年美債,10,0,10,元大-和平,2023-07-24,9863
1515,力山,10,0,10,元大-和平,2023-07-24,9863
1718,中纖,10,0,10,元大-和平,2023-07-24,9863
2489,瑞軒,10,0,10,元大-和平,2023-07-24,9863
3027,盛達,10,0,10,元大-和平,2023-07-24,9863
3078,僑威,22,12,10,元大-和平,2023-07-24,9863
4123,晟德,190,16,174,元大-和平,2023-07-25,9863
5258,虹堡,133,29,104,元大-和平,2023-07-25,9863
6274,台燿,156,64,92,元大-和平,2023-07-25,9863
00733,富邦臺灣中小,47,0,47,元大-和平,2023-07-25,9863
2301,光寶科,53,16,37,元大-和平,2023-07-25,9863
00878,國泰永續高股息,131,95,36,元大-和平,2023-07-25,9863
1513,中興電,58,23,35,元大-和平,2023-07-25,9863
2903,遠百,32,0,32,元大-和平,2023-07-25,9863
6538,倉和,30,0,30,元大-和平,2023-07-25,9863
00751B,元大AAA至A公司債,29,0,29,元大-和平,2023-07-25,9863
8358,金居,74,48,26,元大-和平,2023-07-25,9863
00679B,元大美債20年,23,3,20,元大-和平,2023-07-25,9863
6217,中探針,20,0,20,元大-和平,2023-07-25,9863
2883,凱基金,21,2,19,元大-和平,2023-07-25,9863
4906,正文,30,11,19,元大-和平,2023-07-25,9863
2449,京元電子,23,6,17,元大-和平,2023-07-25,9863
3702,大聯大,17,0,17,元大-和平,2023-07-25,9863
2474,可成,17,0,17,元大-和平,2023-07-25,9863
5488,松普,17,0,17,元大-和平,2023-07-25,9863
6213,聯茂,18,2,16,元大-和平,2023-07-25,9863
2603,長榮,19,3,16,元大-和平,2023-07-25,9863
00680L,元大美債20正2,15,0,15,元大-和平,2023-07-25,9863
2887,台新金,19,5,14,元大-和平,2023-07-25,9863
4746,台耀,17,3,14,元大-和平,2023-07-25,9863
00929,復華台灣科技優息,14,0,14,元大-和平,2023-07-25,9863
5469,瀚宇博,33,19,14,元大-和平,2023-07-25,9863
1101,台泥,19,6,13,元大-和平,2023-07-25,9863
3596,智易,13,0,13,元大-和平,2023-07-25,9863
00687B,國泰20年美債,13,0,13,元大-和平,2023-07-25,9863
5452,佶優,31,18,13,元大-和平,2023-07-25,9863
1301,台塑,12,0,12,元大-和平,2023-07-25,9863
5351,鈺創,12,0,12,元大-和平,2023-07-25,9863
2347,聯強,12,0,12,元大-和平,2023-07-25,9863
3711,日月光投控,16,4,12,元大-和平,2023-07-25,9863
3540,曜越,11,0,11,元大-和平,2023-07-25,9863
5386,青雲,11,0,11,元大-和平,2023-07-25,9863
00881,國泰台灣5G+,40,30,10,元大-和平,2023-07-25,9863
00722B,群益投資級電信債,10,0,10,元大-和平,2023-07-25,9863
3704,合勤控,35,25,10,元大-和平,2023-07-25,9863
3715,定穎投控,10,0,10,元大-和平,2023-07-25,9863
4960,誠美材,10,0,10,元大-和平,2023-07-25,9863
6116,彩晶,10,0,10,元大-和平,2023-07-25,9863
3044,健鼎,20,10,10,元大-和平,2023-07-25,9863
3324,雙鴻,9,0,9,元大-和平,2023-07-25,9863
1760,寶齡富錦,9,0,9,元大-和平,2023-07-25,9863
2002A,中鋼特,9,0,9,元大-和平,2023-07-25,9863
2888,新光金,11,2,9,元大-和平,2023-07-25,9863
6290,良維,10,1,9,元大-和平,2023-07-25,9863
8016,矽創,9,0,9,元大-和平,2023-07-25,9863
3051,力特,8,0,8,元大-和平,2023-07-25,9863
1504,東元,207,63,144,元大-和平,2023-07-26,9863
00772B,中信高評級公司債,222,92,130,元大-和平,2023-07-26,9863
2453,凌群,72,19,53,元大-和平,2023-07-26,9863
00725B,國泰投資級公司債,48,4,44,元大-和平,2023-07-26,9863
2382,廣達,115,75,40,元大-和平,2023-07-26,9863
2887,台新金,38,2,36,元大-和平,2023-07-26,9863
6179,亞通,36,1,35,元大-和平,2023-07-26,9863
1313,聯成,27,1,26,元大-和平,2023-07-26,9863
00720B,元大投資級公司債,26,0,26,元大-和平,2023-07-26,9863
9945,潤泰新,35,10,25,元大-和平,2023-07-26,9863
6245,立端,21,1,20,元大-和平,2023-07-26,9863
00929,復華台灣科技優息,20,0,20,元大-和平,2023-07-26,9863
2344,華邦電,22,3,19,元大-和平,2023-07-26,9863
2301,光寶科,64,46,18,元大-和平,2023-07-26,9863
2337,旺宏,18,0,18,元大-和平,2023-07-26,9863
8093,保銳,18,0,18,元大-和平,2023-07-26,9863
00687B,國泰20年美債,17,0,17,元大-和平,2023-07-26,9863
2614,東森,17,0,17,元大-和平,2023-07-26,9863
2605,新興,17,1,16,元大-和平,2023-07-26,9863
3071,協禧,16,1,15,元大-和平,2023-07-26,9863
2329,華泰,34,20,14,元大-和平,2023-07-26,9863
2454,聯發科,17,4,13,元大-和平,2023-07-26,9863
2421,建準,37,24,13,元大-和平,2023-07-26,9863
2516,新建,13,0,13,元大-和平,2023-07-26,9863
00680L,元大美債20正2,12,0,12,元大-和平,2023-07-26,9863
1587,吉茂,12,0,12,元大-和平,2023-07-26,9863
2603,長榮,25,14,11,元大-和平,2023-07-26,9863
2332,友訊,13,2,11,元大-和平,2023-07-26,9863
3535,晶彩科,11,0,11,元大-和平,2023-07-26,9863
00712,復華富時不動產,13,3,10,元大-和平,2023-07-26,9863
6104,創惟,16,6,10,元大-和平,2023-07-26,9863
00679B,元大美債20年,42,32,10,元大-和平,2023-07-26,9863
4746,台耀,10,0,10,元大-和平,2023-07-26,9863
5203,訊連,13,3,10,元大-和平,2023-07-26,9863
1104,環泥,10,0,10,元大-和平,2023-07-26,9863
1909,榮成,10,0,10,元大-和平,2023-07-26,9863
3380,明泰,12,2,10,元大-和平,2023-07-26,9863
4960,誠美材,10,0,10,元大-和平,2023-07-26,9863
5386,青雲,12,2,10,元大-和平,2023-07-26,9863
2356,英業達,18,8,10,元大-和平,2023-07-26,9863
6117,迎廣,11,1,10,元大-和平,2023-07-26,9863
2425,承啟,14,5,9,元大-和平,2023-07-26,9863
3338,泰碩,12,3,9,元大-和平,2023-07-26,9863
4532,瑞智,14,5,9,元大-和平,2023-07-26,9863
6125,廣運,9,0,9,元大-和平,2023-07-26,9863
3163,波若威,60,52,8,元大-和平,2023-07-26,9863
4938,和碩,12,4,8,元大-和平,2023-07-26,9863
1730,花仙子,8,0,8,元大-和平,2023-07-26,9863
3236,千如,8,0,8,元大-和平,2023-07-26,9863
4120,友華,8,0,8,元大-和平,2023-07-26,9863
2890,永豐金,511,6,505,元大-和平,2023-07-27,9863
2883,凱基金,231,21,210,元大-和平,2023-07-27,9863
00919,群益台灣精選高息,200,0,200,元大-和平,2023-07-27,9863
2888,新光金,145,20,125,元大-和平,2023-07-27,9863
3558,神準,132,16,116,元大-和平,2023-07-27,9863
00751B,元大AAA至A公司債,113,0,113,元大-和平,2023-07-27,9863
00795B,中信美國公債20年,100,0,100,元大-和平,2023-07-27,9863
1702,南僑,90,0,90,元大-和平,2023-07-27,9863
2301,光寶科,126,48,78,元大-和平,2023-07-27,9863
2425,承啟,71,6,65,元大-和平,2023-07-27,9863
6179,亞通,65,0,65,元大-和平,2023-07-27,9863
00715L,期街口布蘭特正2,60,0,60,元大-和平,2023-07-27,9863
3362,先進光,56,2,54,元大-和平,2023-07-27,9863
6153,嘉聯益,50,0,50,元大-和平,2023-07-27,9863
3163,波若威,63,22,41,元大-和平,2023-07-27,9863
2382,廣達,75,37,38,元大-和平,2023-07-27,9863
3088,艾訊,38,0,38,元大-和平,2023-07-27,9863
00753L,中信中國50正2,35,0,35,元大-和平,2023-07-27,9863
2882,國泰金,58,25,33,元大-和平,2023-07-27,9863
00760B,復華新興企業債,30,0,30,元大-和平,2023-07-27,9863
1618,合機,51,21,30,元大-和平,2023-07-27,9863
00885,富邦越南,27,0,27,元大-和平,2023-07-27,9863
2356,英業達,36,9,27,元大-和平,2023-07-27,9863
00687B,國泰20年美債,25,0,25,元大-和平,2023-07-27,9863
2903,遠百,24,0,24,元大-和平,2023-07-27,9863
00637L,元大滬深300正2,22,0,22,元大-和平,2023-07-27,9863
1907,永豐餘,36,14,22,元大-和平,2023-07-27,9863
2353,宏��,23,1,22,元大-和平,2023-07-27,9863
2419,仲琦,24,3,21,元大-和平,2023-07-27,9863
6411,晶焱,21,0,21,元大-和平,2023-07-27,9863
3607,谷崧,20,0,20,元大-和平,2023-07-27,9863
1609,大亞,22,4,18,元大-和平,2023-07-27,9863
3038,全台,21,3,18,元大-和平,2023-07-27,9863
3071,協禧,20,3,17,元大-和平,2023-07-27,9863
2317,鴻海,20,3,17,元大-和平,2023-07-27,9863
3264,欣銓,17,1,16,元大-和平,2023-07-27,9863
6188,廣明,28,13,15,元大-和平,2023-07-27,9863
4919,新唐,15,0,15,元大-和平,2023-07-27,9863
2002,中鋼,15,2,13,元大-和平,2023-07-27,9863
6417,韋僑,18,5,13,元大-和平,2023-07-27,9863
6290,良維,13,1,12,元大-和平,2023-07-27,9863
2801,彰銀,15,3,12,元大-和平,2023-07-27,9863
3231,緯創,35,24,11,元大-和平,2023-07-27,9863
6214,精誠,11,0,11,元大-和平,2023-07-27,9863
6488,環球晶,12,1,11,元大-和平,2023-07-27,9863
2892,第一金,11,0,11,元大-和平,2023-07-27,9863
6235,華孚,22,12,10,元大-和平,2023-07-27,9863
4123,晟德,11,1,10,元大-和平,2023-07-27,9863
1802,台玻,36,26,10,元大-和平,2023-07-27,9863
6449,鈺邦,10,0,10,元大-和平,2023-07-27,9863
00679B,元大美債20年,220,0,220,元大-和平,2023-07-28,9863
2890,永豐金,114,2,112,元大-和平,2023-07-28,9863
00751B,元大AAA至A公司債,130,30,100,元大-和平,2023-07-28,9863
2903,遠百,95,2,93,元大-和平,2023-07-28,9863
2369,菱生,79,16,63,元大-和平,2023-07-28,9863
2027,大成鋼,69,6,63,元大-和平,2023-07-28,9863
2618,長榮航,62,2,60,元大-和平,2023-07-28,9863
3231,緯創,123,68,55,元大-和平,2023-07-28,9863
2419,仲琦,76,27,49,元大-和平,2023-07-28,9863
00919,群益台灣精選高息,53,5,48,元大-和平,2023-07-28,9863
5301,寶得利,46,0,46,元大-和平,2023-07-28,9863
00878,國泰永續高股息,146,100,46,元大-和平,2023-07-28,9863
6188,廣明,74,30,44,元大-和平,2023-07-28,9863
00687B,國泰20年美債,40,0,40,元大-和平,2023-07-28,9863
2317,鴻海,40,0,40,元大-和平,2023-07-28,9863
1815,富喬,44,9,35,元大-和平,2023-07-28,9863
5009,榮剛,36,2,34,元大-和平,2023-07-28,9863
00761B,國泰A級公司債,33,0,33,元大-和平,2023-07-28,9863
2014,中鴻,30,2,28,元大-和平,2023-07-28,9863
00680L,元大美債20正2,25,0,25,元大-和平,2023-07-28,9863
3029,零壹,22,0,22,元大-和平,2023-07-28,9863
2344,華邦電,23,1,22,元大-和平,2023-07-28,9863
00923,群益台ESG低碳50,20,0,20,元大-和平,2023-07-28,9863
1444,力麗,20,0,20,元大-和平,2023-07-28,9863
1909,榮成,20,0,20,元大-和平,2023-07-28,9863
2915,潤泰全,20,0,20,元大-和平,2023-07-28,9863
00795B,中信美國公債20年,18,0,18,元大-和平,2023-07-28,9863
00929,復華台灣科技優息,18,0,18,元大-和平,2023-07-28,9863
2610,華航,34,16,18,元大-和平,2023-07-28,9863
00722B,群益投資級電信債,17,0,17,元大-和平,2023-07-28,9863
4129,聯合,18,1,17,元大-和平,2023-07-28,9863
00712,復華富時不動產,18,2,16,元大-和平,2023-07-28,9863
3706,神達,27,12,15,元大-和平,2023-07-28,9863
2609,陽明,22,7,15,元大-和平,2023-07-28,9863
2834,臺企銀,14,0,14,元大-和平,2023-07-28,9863
2332,友訊,14,0,14,元大-和平,2023-07-28,9863
3704,合勤控,18,4,14,元大-和平,2023-07-28,9863
1587,吉茂,12,0,12,元大-和平,2023-07-28,9863
3038,全台,12,0,12,元大-和平,2023-07-28,9863
5351,鈺創,12,0,12,元大-和平,2023-07-28,9863
6282,康舒,34,22,12,元大-和平,2023-07-28,9863
1609,大亞,17,6,11,元大-和平,2023-07-28,9863
00772B,中信高評級公司債,11,0,11,元大-和平,2023-07-28,9863
4906,正文,11,0,11,元大-和平,2023-07-28,9863
9945,潤泰新,11,0,11,元大-和平,2023-07-28,9863
2338,光罩,13,2,11,元大-和平,2023-07-28,9863
2453,凌群,11,1,10,元大-和平,2023-07-28,9863
00857B,永豐20年美公債,10,0,10,元大-和平,2023-07-28,9863
1589,永冠-KY,10,0,10,元大-和平,2023-07-28,9863
1618,合機,16,6,10,元大-和平,2023-07-28,9863
2409,友達,729,14,715,元大-和平,2023-07-31,9863
2312,金寶,491,293,198,元大-和平,2023-07-31,9863
00878,國泰永續高股息,269,112,157,元大-和平,2023-07-31,9863
1477,聚陽,151,21,130,元大-和平,2023-07-31,9863
4207,環泰,116,0,116,元大-和平,2023-07-31,9863
2883,凱基金,134,20,114,元大-和平,2023-07-31,9863
00919,群益台灣精選高息,110,0,110,元大-和平,2023-07-31,9863
2890,永豐金,106,1,105,元大-和平,2023-07-31,9863
2603,長榮,95,2,93,元大-和平,2023-07-31,9863
2408,南亞科,97,7,90,元大-和平,2023-07-31,9863
2834,臺企銀,71,1,70,元大-和平,2023-07-31,9863
3231,緯創,73,17,56,元大-和平,2023-07-31,9863
2903,遠百,51,0,51,元大-和平,2023-07-31,9863
00753L,中信中國50正2,80,33,47,元大-和平,2023-07-31,9863
2609,陽明,48,2,46,元大-和平,2023-07-31,9863
5488,松普,46,0,46,元大-和平,2023-07-31,9863
2356,英業達,60,15,45,元大-和平,2023-07-31,9863
4977,眾達-KY,46,4,42,元大-和平,2023-07-31,9863
2241,艾姆勒,40,0,40,元大-和平,2023-07-31,9863
2462,良得電,64,24,40,元大-和平,2023-07-31,9863
3711,日月光投控,40,2,38,元大-和平,2023-07-31,9863
2425,承啟,43,5,38,元大-和平,2023-07-31,9863
2328,廣宇,34,1,33,元大-和平,2023-07-31,9863
2419,仲琦,61,29,32,元大-和平,2023-07-31,9863
6188,廣明,30,0,30,元大-和平,2023-07-31,9863
00929,復華台灣科技優息,34,4,30,元大-和平,2023-07-31,9863
3025,星通,99,70,29,元大-和平,2023-07-31,9863
1618,合機,30,1,29,元大-和平,2023-07-31,9863
6016,康和證,25,0,25,元大-和平,2023-07-31,9863
3289,宜特,28,3,25,元大-和平,2023-07-31,9863
8358,金居,35,11,24,元大-和平,2023-07-31,9863
00687B,國泰20年美債,23,0,23,元大-和平,2023-07-31,9863
3689,湧德,26,3,23,元大-和平,2023-07-31,9863
9945,潤泰新,26,3,23,元大-和平,2023-07-31,9863
00679B,元大美債20年,22,0,22,元大-和平,2023-07-31,9863
3029,零壹,37,15,22,元大-和平,2023-07-31,9863
00900,富邦特選高股息30,23,2,21,元大-和平,2023-07-31,9863
5469,瀚宇博,20,1,19,元大-和平,2023-07-31,9863
3265,台星科,19,0,19,元大-和平,2023-07-31,9863
5706,鳳凰,20,2,18,元大-和平,2023-07-31,9863
2637,慧洋-KY,19,1,18,元大-和平,2023-07-31,9863
8050,廣積,19,1,18,元大-和平,2023-07-31,9863
2002,中鋼,19,1,18,元大-和平,2023-07-31,9863
3032,偉訓,24,7,17,元大-和平,2023-07-31,9863
2376,技嘉,21,4,17,元大-和平,2023-07-31,9863
2301,光寶科,158,141,17,元大-和平,2023-07-31,9863
2897,王道銀行,16,0,16,元大-和平,2023-07-31,9863
1504,東元,64,49,15,元大-和平,2023-07-31,9863
5425,台半,16,2,14,元大-和平,2023-07-31,9863
6196,帆宣,16,2,14,元大-和平,2023-07-31,9863
00923,群益台ESG低碳50,306,1,305,元大-和平,2023-08-01,9863
2371,大同,81,1,80,元大-和平,2023-08-01,9863
6188,廣明,83,10,73,元大-和平,2023-08-01,9863
00751B,元大AAA至A公司債,63,1,62,元大-和平,2023-08-01,9863
1477,聚陽,50,2,48,元大-和平,2023-08-01,9863
2913,農林,72,25,47,元大-和平,2023-08-01,9863
2360,致茂,58,12,46,元大-和平,2023-08-01,9863
2323,中環,45,1,44,元大-和平,2023-08-01,9863
2329,華泰,53,9,44,元大-和平,2023-08-01,9863
00673R,期元大S＆P原油反1,41,0,41,元大-和平,2023-08-01,9863
1513,中興電,42,19,23,元大-和平,2023-08-01,9863
2401,凌陽,24,1,23,元大-和平,2023-08-01,9863
1710,東聯,22,0,22,元大-和平,2023-08-01,9863
2428,興勤,23,1,22,元大-和平,2023-08-01,9863
00712,復華富時不動產,21,0,21,元大-和平,2023-08-01,9863
2705,六福,21,0,21,元大-和平,2023-08-01,9863
3062,建漢,21,0,21,元大-和平,2023-08-01,9863
6217,中探針,21,0,21,元大-和平,2023-08-01,9863
2882,國泰金,26,5,21,元大-和平,2023-08-01,9863
2812,台中銀,20,0,20,元大-和平,2023-08-01,9863
2630,亞航,20,0,20,元大-和平,2023-08-01,9863
4979,華星光,44,25,19,元大-和平,2023-08-01,9863
2356,英業達,50,31,19,元大-和平,2023-08-01,9863
2891,中信金,17,0,17,元大-和平,2023-08-01,9863
00687B,國泰20年美債,17,0,17,元大-和平,2023-08-01,9863
3231,緯創,114,97,17,元大-和平,2023-08-01,9863
3088,艾訊,18,1,17,元大-和平,2023-08-01,9863
4906,正文,16,0,16,元大-和平,2023-08-01,9863
2408,南亞科,16,1,15,元大-和平,2023-08-01,9863
6194,育富,16,1,15,元大-和平,2023-08-01,9863
8358,金居,15,0,15,元大-和平,2023-08-01,9863
2634,漢翔,14,0,14,元大-和平,2023-08-01,9863
2363,矽統,24,11,13,元大-和平,2023-08-01,9863
3264,欣銓,13,1,12,元大-和平,2023-08-01,9863
2344,華邦電,13,1,12,元大-和平,2023-08-01,9863
4960,誠美材,12,0,12,元大-和平,2023-08-01,9863
3217,優群,18,7,11,元大-和平,2023-08-01,9863
00895,富邦未來車,11,0,11,元大-和平,2023-08-01,9863
2351,順德,11,0,11,元大-和平,2023-08-01,9863
3025,星通,44,33,11,元大-和平,2023-08-01,9863
1460,宏遠,10,0,10,元大-和平,2023-08-01,9863
2903,遠百,10,0,10,元大-和平,2023-08-01,9863
5340,建榮,14,4,10,元大-和平,2023-08-01,9863
6548,長科*,11,1,10,元大-和平,2023-08-01,9863
6640,均華,10,0,10,元大-和平,2023-08-01,9863
3596,智易,9,0,9,元大-和平,2023-08-01,9863
1587,吉茂,9,0,9,元大-和平,2023-08-01,9863
1904,正隆,9,0,9,元大-和平,2023-08-01,9863
4747,強生,36,27,9,元大-和平,2023-08-01,9863
5706,鳳凰,12,3,9,元大-和平,2023-08-01,9863
2885,元大金,229,0,229,元大-和平,2023-08-02,9863
00878,國泰永續高股息,366,171,195,元大-和平,2023-08-02,9863
2409,友達,171,1,170,元大-和平,2023-08-02,9863
2382,廣達,173,51,122,元大-和平,2023-08-02,9863
00929,復華台灣科技優息,116,2,114,元大-和平,2023-08-02,9863
00751B,元大AAA至A公司債,110,0,110,元大-和平,2023-08-02,9863
2883,凱基金,84,0,84,元大-和平,2023-08-02,9863
3231,緯創,95,16,79,元大-和平,2023-08-02,9863
1314,中石化,70,1,69,元大-和平,2023-08-02,9863
2834,臺企銀,67,0,67,元大-和平,2023-08-02,9863
00892,富邦台灣半導體,60,0,60,元大-和平,2023-08-02,9863
2903,遠百,59,0,59,元大-和平,2023-08-02,9863
00720B,元大投資級公司債,64,5,59,元大-和平,2023-08-02,9863
00900,富邦特選高股息30,52,0,52,元大-和平,2023-08-02,9863
1605,華新,203,159,44,元大-和平,2023-08-02,9863
2888,新光金,79,38,41,元大-和平,2023-08-02,9863
00923,群益台ESG低碳50,40,0,40,元大-和平,2023-08-02,9863
2498,宏達電,37,2,35,元大-和平,2023-08-02,9863
3025,星通,46,12,34,元大-和平,2023-08-02,9863
2705,六福,33,0,33,元大-和平,2023-08-02,9863
2618,長榮航,44,11,33,元大-和平,2023-08-02,9863
00679B,元大美債20年,26,0,26,元大-和平,2023-08-02,9863
1210,大成,35,10,25,元大-和平,2023-08-02,9863
00795B,中信美國公債20年,22,0,22,元大-和平,2023-08-02,9863
00687B,國泰20年美債,21,0,21,元大-和平,2023-08-02,9863
4979,華星光,35,14,21,元大-和平,2023-08-02,9863
00712,復華富時不動產,19,0,19,元大-和平,2023-08-02,9863
00885,富邦越南,19,0,19,元大-和平,2023-08-02,9863
5706,鳳凰,19,0,19,元大-和平,2023-08-02,9863
0050,元大台灣50,20,1,19,元大-和平,2023-08-02,9863
00680L,元大美債20正2,19,0,19,元大-和平,2023-08-02,9863
3037,欣興,29,10,19,元大-和平,2023-08-02,9863
2324,仁寶,24,8,16,元大-和平,2023-08-02,9863
8049,晶采,16,0,16,元大-和平,2023-08-02,9863
2402,毅嘉,37,21,16,元大-和平,2023-08-02,9863
2345,智邦,15,0,15,元大-和平,2023-08-02,9863
2344,華邦電,19,4,15,元大-和平,2023-08-02,9863
3033,威健,15,0,15,元大-和平,2023-08-02,9863
4207,環泰,15,0,15,元大-和平,2023-08-02,9863
6191,精成科,18,4,14,元大-和平,2023-08-02,9863
00919,群益台灣精選高息,13,0,13,元大-和平,2023-08-02,9863
6282,康舒,33,20,13,元大-和平,2023-08-02,9863
00722B,群益投資級電信債,13,0,13,元大-和平,2023-08-02,9863
2301,光寶科,38,25,13,元大-和平,2023-08-02,9863
2891,中信金,17,5,12,元大-和平,2023-08-02,9863
2002,中鋼,12,0,12,元大-和平,2023-08-02,9863
2330,台積電,13,1,12,元大-和平,2023-08-02,9863
6561,是方,12,0,12,元大-和平,2023-08-02,9863
6116,彩晶,11,0,11,元大-和平,2023-08-02,9863
00772B,中信高評級公司債,11,0,11,元大-和平,2023-08-02,9863
00751B,元大AAA至A公司債,106,0,106,元大-和平,2023-08-04,9863
00680L,元大美債20正2,90,0,90,元大-和平,2023-08-04,9863
6005,群益證,63,0,63,元大-和平,2023-08-04,9863
00893,國泰智能電動車,75,15,60,元大-和平,2023-08-04,9863
00892,富邦台灣半導體,60,0,60,元大-和平,2023-08-04,9863
2891,中信金,56,0,56,元大-和平,2023-08-04,9863
00919,群益台灣精選高息,52,0,52,元大-和平,2023-08-04,9863
1609,大亞,56,11,45,元大-和平,2023-08-04,9863
2344,華邦電,49,5,44,元大-和平,2023-08-04,9863
00679B,元大美債20年,55,13,42,元大-和平,2023-08-04,9863
2371,大同,41,0,41,元大-和平,2023-08-04,9863
4746,台耀,42,2,40,元大-和平,2023-08-04,9863
00671R,富邦NASDAQ反1,40,0,40,元大-和平,2023-08-04,9863
00795B,中信美國公債20年,32,0,32,元大-和平,2023-08-04,9863
2903,遠百,32,0,32,元大-和平,2023-08-04,9863
9958,世紀鋼,31,1,30,元大-和平,2023-08-04,9863
00722B,群益投資級電信債,30,1,29,元大-和平,2023-08-04,9863
2705,六福,29,0,29,元大-和平,2023-08-04,9863
00720B,元大投資級公司債,29,0,29,元大-和平,2023-08-04,9863
1605,華新,35,10,25,元大-和平,2023-08-04,9863
2419,仲琦,72,47,25,元大-和平,2023-08-04,9863
3481,群創,33,10,23,元大-和平,2023-08-04,9863
2428,興勤,25,3,22,元大-和平,2023-08-04,9863
00687B,國泰20年美債,22,0,22,元大-和平,2023-08-04,9863
00929,復華台灣科技優息,27,5,22,元大-和平,2023-08-04,9863
3576,聯合再生,21,0,21,元大-和平,2023-08-04,9863
1710,東聯,21,3,18,元大-和平,2023-08-04,9863
5871,中租-KY,18,0,18,元大-和平,2023-08-04,9863
2609,陽明,27,10,17,元大-和平,2023-08-04,9863
2637,慧洋-KY,15,0,15,元大-和平,2023-08-04,9863
8255,朋程,14,0,14,元大-和平,2023-08-04,9863
5880,合庫金,13,0,13,元大-和平,2023-08-04,9863
1907,永豐餘,12,0,12,元大-和平,2023-08-04,9863
2882,國泰金,14,2,12,元大-和平,2023-08-04,9863
00632R,元大台灣50反1,11,0,11,元大-和平,2023-08-04,9863
2892,第一金,11,0,11,元大-和平,2023-08-04,9863
2352,佳世達,20,10,10,元大-和平,2023-08-04,9863
2645,長榮航太,10,0,10,元大-和平,2023-08-04,9863
00661,元大日經225,10,0,10,元大-和平,2023-08-04,9863
00923,群益台ESG低碳50,10,0,10,元大-和平,2023-08-04,9863
4207,環泰,10,0,10,元大-和平,2023-08-04,9863
7402,邑錡,12,2,10,元大-和平,2023-08-04,9863
5706,鳳凰,13,3,10,元大-和平,2023-08-04,9863
00850,元大臺灣ESG永續,9,0,9,元大-和平,2023-08-04,9863
1802,台玻,22,13,9,元大-和平,2023-08-04,9863
6213,聯茂,11,2,9,元大-和平,2023-08-04,9863
1727,中華化,9,1,8,元大-和平,2023-08-04,9863
00900,富邦特選高股息30,10,2,8,元大-和平,2023-08-04,9863
2330,台積電,9,1,8,元大-和平,2023-08-04,9863
00882,中信中國高股息,7,0,7,元大-和平,2023-08-04,9863
2890,永豐金,302,0,302,元大-和平,2023-08-07,9863
3481,群創,203,9,194,元大-和平,2023-08-07,9863
2312,金寶,163,6,157,元大-和平,2023-08-07,9863
00878,國泰永續高股息,175,63,112,元大-和平,2023-08-07,9863
3715,定穎投控,83,1,82,元大-和平,2023-08-07,9863
3308,聯德,58,0,58,元大-和平,2023-08-07,9863
00922,國泰台灣領袖50,56,0,56,元大-和平,2023-08-07,9863
6015,宏遠證,41,0,41,元大-和平,2023-08-07,9863
2883,凱基金,40,0,40,元大-和平,2023-08-07,9863
2409,友達,39,1,38,元大-和平,2023-08-07,9863
00929,復華台灣科技優息,33,0,33,元大-和平,2023-08-07,9863
3576,聯合再生,33,1,32,元大-和平,2023-08-07,9863
00892,富邦台灣半導體,30,0,30,元大-和平,2023-08-07,9863
2886,兆豐金,31,3,28,元大-和平,2023-08-07,9863
2303,聯電,27,1,26,元大-和平,2023-08-07,9863
5009,榮剛,29,6,23,元大-和平,2023-08-07,9863
2317,鴻海,25,4,21,元大-和平,2023-08-07,9863
8069,元太,23,2,21,元大-和平,2023-08-07,9863
00751B,元大AAA至A公司債,21,0,21,元大-和平,2023-08-07,9863
3037,欣興,32,12,20,元大-和平,2023-08-07,9863
2903,遠百,20,0,20,元大-和平,2023-08-07,9863
6585,鼎基,20,0,20,元大-和平,2023-08-07,9863
8027,鈦昇,22,2,20,元大-和平,2023-08-07,9863
2458,義隆,20,0,20,元大-和平,2023-08-07,9863
5880,合庫金,20,1,19,元大-和平,2023-08-07,9863
2705,六福,18,0,18,元大-和平,2023-08-07,9863
5483,中美晶,18,1,17,元大-和平,2023-08-07,9863
00830,國泰費城半導體,16,0,16,元大-和平,2023-08-07,9863
00931B,統一美債20年,16,0,16,元大-和平,2023-08-07,9863
5340,建榮,17,1,16,元大-和平,2023-08-07,9863
4746,台耀,19,3,16,元大-和平,2023-08-07,9863
4123,晟德,16,1,15,元大-和平,2023-08-07,9863
3189,景碩,19,6,13,元大-和平,2023-08-07,9863
4129,聯合,13,0,13,元大-和平,2023-08-07,9863
2891,中信金,20,8,12,元大-和平,2023-08-07,9863
8086,宏捷科,16,4,12,元大-和平,2023-08-07,9863
1605,華新,15,3,12,元大-和平,2023-08-07,9863
2610,華航,32,22,10,元大-和平,2023-08-07,9863
00633L,富邦上証正2,10,0,10,元大-和平,2023-08-07,9863
00795B,中信美國公債20年,10,0,10,元大-和平,2023-08-07,9863
00720B,元大投資級公司債,10,0,10,元大-和平,2023-08-07,9863
1903,士紙,10,0,10,元大-和平,2023-08-07,9863
2323,中環,10,0,10,元大-和平,2023-08-07,9863
4207,環泰,10,0,10,元大-和平,2023-08-07,9863
3046,建��,17,8,9,元大-和平,2023-08-07,9863
3004,豐達科,9,0,9,元大-和平,2023-08-07,9863
2027,大成鋼,24,15,9,元大-和平,2023-08-07,9863
3689,湧德,10,1,9,元大-和平,2023-08-07,9863
3515,華擎,22,13,9,元大-和平,2023-08-07,9863
2329,華泰,40,31,9,元大-和平,2023-08-07,9863
6235,華孚,221,3,218,元大-和平,2023-08-08,9863
2890,永豐金,206,0,206,元大-和平,2023-08-08,9863
00878,國泰永續高股息,180,62,118,元大-和平,2023-08-08,9863
2371,大同,105,10,95,元大-和平,2023-08-08,9863
2883,凱基金,85,0,85,元大-和平,2023-08-08,9863
2834,臺企銀,61,0,61,元大-和平,2023-08-08,9863
00892,富邦台灣半導體,60,0,60,元大-和平,2023-08-08,9863
2903,遠百,60,0,60,元大-和平,2023-08-08,9863
3715,定穎投控,59,3,56,元大-和平,2023-08-08,9863
2317,鴻海,100,47,53,元大-和平,2023-08-08,9863
00900,富邦特選高股息30,48,0,48,元大-和平,2023-08-08,9863
3325,旭品,48,0,48,元大-和平,2023-08-08,9863
00919,群益台灣精選高息,42,6,36,元大-和平,2023-08-08,9863
2002,中鋼,32,0,32,元大-和平,2023-08-08,9863
3231,緯創,98,73,25,元大-和平,2023-08-08,9863
3032,偉訓,30,5,25,元大-和平,2023-08-08,9863
2206,三陽工業,32,8,24,元大-和平,2023-08-08,9863
00751B,元大AAA至A公司債,25,2,23,元大-和平,2023-08-08,9863
00929,復華台灣科技優息,21,0,21,元大-和平,2023-08-08,9863
2352,佳世達,24,4,20,元大-和平,2023-08-08,9863
2705,六福,20,0,20,元大-和平,2023-08-08,9863
2313,華通,24,5,19,元大-和平,2023-08-08,9863
1727,中華化,17,0,17,元大-和平,2023-08-08,9863
00931B,統一美債20年,17,0,17,元大-和平,2023-08-08,9863
2356,英業達,93,77,16,元大-和平,2023-08-08,9863
6285,啟��,21,5,16,元大-和平,2023-08-08,9863
4746,台耀,14,0,14,元大-和平,2023-08-08,9863
3044,健鼎,37,24,13,元大-和平,2023-08-08,9863
3526,凡甲,24,11,13,元大-和平,2023-08-08,9863
1907,永豐餘,14,2,12,元大-和平,2023-08-08,9863
3163,波若威,37,25,12,元大-和平,2023-08-08,9863
1101,台泥,12,0,12,元大-和平,2023-08-08,9863
6770,力積電,12,0,12,元大-和平,2023-08-08,9863
5871,中租-KY,11,0,11,元大-和平,2023-08-08,9863
1903,士紙,11,0,11,元大-和平,2023-08-08,9863
2915,潤泰全,11,0,11,元大-和平,2023-08-08,9863
4114,健喬,14,3,11,元大-和平,2023-08-08,9863
00687B,國泰20年美債,10,0,10,元大-和平,2023-08-08,9863
2344,華邦電,10,0,10,元大-和平,2023-08-08,9863
00901,永豐智能車供應鏈,10,0,10,元大-和平,2023-08-08,9863
00923,群益台ESG低碳50,11,1,10,元大-和平,2023-08-08,9863
00927,群益半導體收益,10,0,10,元大-和平,2023-08-08,9863
00903,富邦元宇宙,10,0,10,元大-和平,2023-08-08,9863
3444,利機,10,0,10,元大-和平,2023-08-08,9863
4207,環泰,10,0,10,元大-和平,2023-08-08,9863
2634,漢翔,44,34,10,元大-和平,2023-08-08,9863
2607,榮運,10,1,9,元大-和平,2023-08-08,9863
2388,威盛,10,1,9,元大-和平,2023-08-08,9863
2337,旺宏,9,1,8,元大-和平,2023-08-08,9863
4128,中天,8,0,8,元大-和平,2023-08-08,9863
00900,富邦特選高股息30,117,0,117,元大-和平,2023-08-09,9863
2382,廣達,76,23,53,元大-和平,2023-08-09,9863
00907,永豐優息存股,52,0,52,元大-和平,2023-08-09,9863
2388,威盛,65,15,50,元大-和平,2023-08-09,9863
00923,群益台ESG低碳50,42,0,42,元大-和平,2023-08-09,9863
2206,三陽工業,70,30,40,元大-和平,2023-08-09,9863
2610,華航,87,50,37,元大-和平,2023-08-09,9863
1108,幸福,36,0,36,元大-和平,2023-08-09,9863
5607,遠雄港,35,0,35,元大-和平,2023-08-09,9863
3231,緯創,120,86,34,元大-和平,2023-08-09,9863
00929,復華台灣科技優息,33,0,33,元大-和平,2023-08-09,9863
00931B,統一美債20年,30,0,30,元大-和平,2023-08-09,9863
3551,世禾,30,0,30,元大-和平,2023-08-09,9863
2705,六福,29,0,29,元大-和平,2023-08-09,9863
3088,艾訊,28,0,28,元大-和平,2023-08-09,9863
3596,智易,29,1,28,元大-和平,2023-08-09,9863
4927,泰鼎-KY,28,0,28,元大-和平,2023-08-09,9863
2409,友達,27,1,26,元大-和平,2023-08-09,9863
2891,中信金,28,2,26,元大-和平,2023-08-09,9863
2913,農林,28,3,25,元大-和平,2023-08-09,9863
2634,漢翔,23,7,16,元大-和平,2023-08-09,9863
6706,惠特,16,0,16,元大-和平,2023-08-09,9863
3034,聯詠,16,1,15,元大-和平,2023-08-09,9863
2367,燿華,15,0,15,元大-和平,2023-08-09,9863
3013,晟銘電,27,12,15,元大-和平,2023-08-09,9863
1727,中華化,14,1,13,元大-和平,2023-08-09,9863
2885,元大金,12,0,12,元大-和平,2023-08-09,9863
5880,合庫金,11,0,11,元大-和平,2023-08-09,9863
2344,華邦電,12,1,11,元大-和平,2023-08-09,9863
4114,健喬,12,1,11,元大-和平,2023-08-09,9863
3526,凡甲,13,3,10,元大-和平,2023-08-09,9863
00882,中信中國高股息,10,0,10,元大-和平,2023-08-09,9863
00637L,元大滬深300正2,10,0,10,元大-和平,2023-08-09,9863
1471,首利,10,0,10,元大-和平,2023-08-09,9863
2023,燁輝,11,1,10,元大-和平,2023-08-09,9863
2607,榮運,12,2,10,元大-和平,2023-08-09,9863
2903,遠百,10,0,10,元大-和平,2023-08-09,9863
6235,華孚,18,8,10,元大-和平,2023-08-09,9863
6669,緯穎,11,2,9,元大-和平,2023-08-09,9863
3363,上詮,9,0,9,元大-和平,2023-08-09,9863
2890,永豐金,9,0,9,元大-和平,2023-08-09,9863
2236,百達-KY,9,0,9,元大-和平,2023-08-09,9863
5706,鳳凰,9,0,9,元大-和平,2023-08-09,9863
6282,康舒,14,5,9,元大-和平,2023-08-09,9863
3708,上緯投控,11,2,9,元大-和平,2023-08-09,9863
3257,虹冠電,21,13,8,元大-和平,2023-08-09,9863
2603,長榮,11,3,8,元大-和平,2023-08-09,9863
6120,達運,8,0,8,元大-和平,2023-08-09,9863
1903,士紙,8,0,8,元大-和平,2023-08-09,9863
2303,聯電,7,0,7,元大-和平,2023-08-09,9863
00878,國泰永續高股息,151,30,121,元大-和平,2023-08-10,9863
2913,農林,118,3,115,元大-和平,2023-08-10,9863
2357,華碩,115,3,112,元大-和平,2023-08-10,9863
3715,定穎投控,81,0,81,元大-和平,2023-08-10,9863
2382,廣達,108,27,81,元大-和平,2023-08-10,9863
2903,遠百,79,0,79,元大-和平,2023-08-10,9863
00900,富邦特選高股息30,71,0,71,元大-和平,2023-08-10,9863
2206,三陽工業,68,2,66,元大-和平,2023-08-10,9863
00923,群益台ESG低碳50,64,0,64,元大-和平,2023-08-10,9863
2409,友達,71,12,59,元大-和平,2023-08-10,9863
00929,復華台灣科技優息,57,0,57,元大-和平,2023-08-10,9863
2312,金寶,59,6,53,元大-和平,2023-08-10,9863
0056,元大高股息,55,5,50,元大-和平,2023-08-10,9863
2610,華航,66,17,49,元大-和平,2023-08-10,9863
3231,緯創,188,139,49,元大-和平,2023-08-10,9863
2834,臺企銀,40,0,40,元大-和平,2023-08-10,9863
3481,群創,42,5,37,元大-和平,2023-08-10,9863
00892,富邦台灣半導體,32,0,32,元大-和平,2023-08-10,9863
2486,一詮,30,0,30,元大-和平,2023-08-10,9863
6706,惠特,29,0,29,元大-和平,2023-08-10,9863
8936,國統,31,2,29,元大-和平,2023-08-10,9863
2340,台亞,27,0,27,元大-和平,2023-08-10,9863
1708,東鹼,23,0,23,元大-和平,2023-08-10,9863
2886,兆豐金,23,1,22,元大-和平,2023-08-10,9863
2323,中環,21,0,21,元大-和平,2023-08-10,9863
2516,新建,31,10,21,元大-和平,2023-08-10,9863
2363,矽統,30,10,20,元大-和平,2023-08-10,9863
3362,先進光,20,1,19,元大-和平,2023-08-10,9863
2401,凌陽,17,0,17,元大-和平,2023-08-10,9863
5481,新華,17,0,17,元大-和平,2023-08-10,9863
5488,松普,20,3,17,元大-和平,2023-08-10,9863
4306,炎洲,16,0,16,元大-和平,2023-08-10,9863
6282,康舒,23,7,16,元大-和平,2023-08-10,9863
6538,倉和,18,3,15,元大-和平,2023-08-10,9863
4746,台耀,14,0,14,元大-和平,2023-08-10,9863
1802,台玻,19,5,14,元大-和平,2023-08-10,9863
00919,群益台灣精選高息,14,1,13,元大-和平,2023-08-10,9863
00751B,元大AAA至A公司債,13,0,13,元大-和平,2023-08-10,9863
2324,仁寶,20,8,12,元大-和平,2023-08-10,9863
3406,玉晶光,12,0,12,元大-和平,2023-08-10,9863
1108,幸福,12,0,12,元大-和平,2023-08-10,9863
1316,上曜,12,0,12,元大-和平,2023-08-10,9863
2313,華通,14,2,12,元大-和平,2023-08-10,9863
9945,潤泰新,22,10,12,元大-和平,2023-08-10,9863
3032,偉訓,12,1,11,元大-和平,2023-08-10,9863
3260,威剛,11,0,11,元大-和平,2023-08-10,9863
1514,亞力,13,2,11,元大-和平,2023-08-10,9863
2705,六福,16,5,11,元大-和平,2023-08-10,9863
3038,全台,11,0,11,元大-和平,2023-08-10,9863
3041,揚智,11,0,11,元大-和平,2023-08-10,9863
2486,一詮,181,10,171,元大-和平,2023-08-11,9863
00900,富邦特選高股息30,91,0,91,元大-和平,2023-08-11,9863
1605,華新,72,0,72,元大-和平,2023-08-11,9863
00751B,元大AAA至A公司債,72,0,72,元大-和平,2023-08-11,9863
9945,潤泰新,61,0,61,元大-和平,2023-08-11,9863
2317,鴻海,59,0,59,元大-和平,2023-08-11,9863
00931B,統一美債20年,53,1,52,元大-和平,2023-08-11,9863
2892,第一金,52,0,52,元大-和平,2023-08-11,9863
2883,凱基金,40,0,40,元大-和平,2023-08-11,9863
00687B,國泰20年美債,37,0,37,元大-和平,2023-08-11,9863
2903,遠百,31,0,31,元大-和平,2023-08-11,9863
2030,彰源,30,0,30,元大-和平,2023-08-11,9863
4207,環泰,30,0,30,元大-和平,2023-08-11,9863
3231,緯創,146,118,28,元大-和平,2023-08-11,9863
00679B,元大美債20年,23,0,23,元大-和平,2023-08-11,9863
2206,三陽工業,24,3,21,元大-和平,2023-08-11,9863
2377,微星,19,0,19,元大-和平,2023-08-11,9863
00878,國泰永續高股息,27,9,18,元大-和平,2023-08-11,9863
00637L,元大滬深300正2,18,0,18,元大-和平,2023-08-11,9863
2330,台積電,18,0,18,元大-和平,2023-08-11,9863
6706,惠特,17,0,17,元大-和平,2023-08-11,9863
2634,漢翔,16,0,16,元大-和平,2023-08-11,9863
6271,同欣電,15,0,15,元大-和平,2023-08-11,9863
1795,美時,19,5,14,元大-和平,2023-08-11,9863
8210,勤誠,16,2,14,元大-和平,2023-08-11,9863
4746,台耀,15,2,13,元大-和平,2023-08-11,9863
00753L,中信中國50正2,13,0,13,元大-和平,2023-08-11,9863
8996,高力,17,5,12,元大-和平,2023-08-11,9863
00725B,國泰投資級公司債,12,0,12,元大-和平,2023-08-11,9863
2356,英業達,19,8,11,元大-和平,2023-08-11,9863
4906,正文,11,0,11,元大-和平,2023-08-11,9863
00882,中信中國高股息,11,0,11,元大-和平,2023-08-11,9863
2603,長榮,13,2,11,元大-和平,2023-08-11,9863
3481,群創,15,5,10,元大-和平,2023-08-11,9863
6117,迎廣,10,0,10,元大-和平,2023-08-11,9863
00740B,富邦全球投等債,10,0,10,元大-和平,2023-08-11,9863
00772B,中信高評級公司債,10,0,10,元大-和平,2023-08-11,9863
00925,新光標普電動車,10,0,10,元大-和平,2023-08-11,9863
2547,日勝生,10,0,10,元大-和平,2023-08-11,9863
3272,東碩,10,0,10,元大-和平,2023-08-11,9863
1708,東鹼,11,2,9,元大-和平,2023-08-11,9863
2204,中華,10,1,9,元大-和平,2023-08-11,9863
2597,潤弘,9,0,9,元大-和平,2023-08-11,9863
2880,華南金,11,2,9,元大-和平,2023-08-11,9863
3078,僑威,14,5,9,元大-和平,2023-08-11,9863
8084,巨虹,9,0,9,元大-和平,2023-08-11,9863
2002,中鋼,8,0,8,元大-和平,2023-08-11,9863
00929,復華台灣科技優息,8,0,8,元大-和平,2023-08-11,9863
2618,長榮航,61,54,7,元大-和平,2023-08-11,9863
6116,彩晶,7,0,7,元大-和平,2023-08-11,9863
00632R,元大台灣50反1,403,107,296,元大-和平,2023-08-14,9863
00878,國泰永續高股息,262,27,235,元大-和平,2023-08-14,9863
00929,復華台灣科技優息,96,0,96,元大-和平,2023-08-14,9863
2801,彰銀,81,0,81,元大-和平,2023-08-14,9863
4306,炎洲,80,0,80,元大-和平,2023-08-14,9863
00923,群益台ESG低碳50,56,0,56,元大-和平,2023-08-14,9863
2892,第一金,43,0,43,元大-和平,2023-08-14,9863
2609,陽明,39,5,34,元大-和平,2023-08-14,9863
8112,至上,43,13,30,元大-和平,2023-08-14,9863
2903,遠百,28,0,28,元大-和平,2023-08-14,9863
00751B,元大AAA至A公司債,26,0,26,元大-和平,2023-08-14,9863
5521,工信,25,0,25,元大-和平,2023-08-14,9863
2880,華南金,26,2,24,元大-和平,2023-08-14,9863
00882,中信中國高股息,23,0,23,元大-和平,2023-08-14,9863
2206,三陽工業,30,7,23,元大-和平,2023-08-14,9863
2610,華航,34,12,22,元大-和平,2023-08-14,9863
9945,潤泰新,21,0,21,元大-和平,2023-08-14,9863
6285,啟��,21,2,19,元大-和平,2023-08-14,9863
00919,群益台灣精選高息,17,0,17,元大-和平,2023-08-14,9863
2891,中信金,34,17,17,元大-和平,2023-08-14,9863
00900,富邦特選高股息30,17,0,17,元大-和平,2023-08-14,9863
1708,東鹼,18,1,17,元大-和平,2023-08-14,9863
6512,啟發電,17,0,17,元大-和平,2023-08-14,9863
0050,元大台灣50,20,4,16,元大-和平,2023-08-14,9863
00931B,統一美債20年,16,0,16,元大-和平,2023-08-14,9863
3596,智易,15,0,15,元大-和平,2023-08-14,9863
5388,中磊,16,1,15,元大-和平,2023-08-14,9863
3231,緯創,67,55,12,元大-和平,2023-08-14,9863
00850,元大臺灣ESG永續,12,0,12,元大-和平,2023-08-14,9863
6235,華孚,15,3,12,元大-和平,2023-08-14,9863
4726,永昕,12,0,12,元大-和平,2023-08-14,9863
2014,中鴻,12,0,12,元大-和平,2023-08-14,9863
2881,富邦金,14,2,12,元大-和平,2023-08-14,9863
006208,富邦台50,11,0,11,元大-和平,2023-08-14,9863
2886,兆豐金,13,2,11,元大-和平,2023-08-14,9863
2002,中鋼,13,2,11,元大-和平,2023-08-14,9863
2303,聯電,18,7,11,元大-和平,2023-08-14,9863
2408,南亞科,13,2,11,元大-和平,2023-08-14,9863
3715,定穎投控,14,3,11,元大-和平,2023-08-14,9863
6125,廣運,20,9,11,元大-和平,2023-08-14,9863
2356,英業達,39,28,11,元大-和平,2023-08-14,9863
00897,富邦基因免疫生技,10,0,10,元大-和平,2023-08-14,9863
2032,新鋼,10,0,10,元大-和平,2023-08-14,9863
2344,華邦電,11,1,10,元大-和平,2023-08-14,9863
2888,新光金,22,12,10,元大-和平,2023-08-14,9863
3622,洋華,11,1,10,元大-和平,2023-08-14,9863
5009,榮剛,11,1,10,元大-和平,2023-08-14,9863
4746,台耀,11,2,9,元大-和平,2023-08-14,9863
00692,富邦公司治理,9,0,9,元大-和平,2023-08-14,9863
5258,虹堡,12,3,9,元大-和平,2023-08-14,9863
00900,富邦特選高股息30,140,0,140,元大-和平,2023-08-15,9863
00878,國泰永續高股息,144,32,112,元大-和平,2023-08-15,9863
2356,英業達,106,34,72,元大-和平,2023-08-15,9863
2340,台亞,50,0,50,元大-和平,2023-08-15,9863
3231,緯創,85,43,42,元大-和平,2023-08-15,9863
2903,遠百,41,0,41,元大-和平,2023-08-15,9863
00923,群益台ESG低碳50,49,12,37,元大-和平,2023-08-15,9863
2363,矽統,65,30,35,元大-和平,2023-08-15,9863
2880,華南金,36,3,33,元大-和平,2023-08-15,9863
2317,鴻海,35,3,32,元大-和平,2023-08-15,9863
1103,嘉泥,25,0,25,元大-和平,2023-08-15,9863
4207,環泰,25,0,25,元大-和平,2023-08-15,9863
2618,長榮航,36,13,23,元大-和平,2023-08-15,9863
3338,泰碩,20,0,20,元大-和平,2023-08-15,9863
2801,彰銀,25,6,19,元大-和平,2023-08-15,9863
00929,復華台灣科技優息,16,0,16,元大-和平,2023-08-15,9863
2892,第一金,16,0,16,元大-和平,2023-08-15,9863
00679B,元大美債20年,16,0,16,元大-和平,2023-08-15,9863
8936,國統,15,0,15,元大-和平,2023-08-15,9863
00751B,元大AAA至A公司債,14,0,14,元大-和平,2023-08-15,9863
00795B,中信美國公債20年,14,0,14,元大-和平,2023-08-15,9863
00931B,統一美債20年,13,0,13,元大-和平,2023-08-15,9863
5321,美而快,13,0,13,元大-和平,2023-08-15,9863
00687B,國泰20年美債,11,0,11,元大-和平,2023-08-15,9863
2834,臺企銀,10,0,10,元大-和平,2023-08-15,9863
5876,上海商銀,10,0,10,元大-和平,2023-08-15,9863
3583,辛耘,10,0,10,元大-和平,2023-08-15,9863
4966,譜瑞-KY,10,0,10,元大-和平,2023-08-15,9863
2103,台橡,10,0,10,元大-和平,2023-08-15,9863
2453,凌群,10,0,10,元大-和平,2023-08-15,9863
4114,健喬,10,0,10,元大-和平,2023-08-15,9863
4306,炎洲,10,0,10,元大-和平,2023-08-15,9863
4906,正文,10,0,10,元大-和平,2023-08-15,9863
3483,力致,19,9,10,元大-和平,2023-08-15,9863
5481,新華,9,0,9,元大-和平,2023-08-15,9863
6561,是方,9,0,9,元大-和平,2023-08-15,9863
8069,元太,10,1,9,元大-和平,2023-08-15,9863
6669,緯穎,11,3,8,元大-和平,2023-08-15,9863
00772B,中信高評級公司債,8,0,8,元大-和平,2023-08-15,9863
1616,億泰,8,0,8,元大-和平,2023-08-15,9863
00903,富邦元宇宙,7,0,7,元大-和平,2023-08-15,9863
00733,富邦臺灣中小,7,0,7,元大-和平,2023-08-15,9863
00830,國泰費城半導體,8,1,7,元大-和平,2023-08-15,9863
2402,毅嘉,12,5,7,元大-和平,2023-08-15,9863
2883,凱基金,7,0,7,元大-和平,2023-08-15,9863
3376,新日興,7,0,7,元大-和平,2023-08-15,9863
3481,群創,28,21,7,元大-和平,2023-08-15,9863
2884,玉山金,14,8,6,元大-和平,2023-08-15,9863
5871,中租-KY,7,0,7,元大-和平,2023-08-15,9863
2891,中信金,20,13,7,元大-和平,2023-08-15,9863
6712,長聖,199,4,195,元大-和平,2023-08-16,9863
2363,矽統,143,6,137,元大-和平,2023-08-16,9863
2323,中環,133,6,127,元大-和平,2023-08-16,9863
3481,群創,126,4,122,元大-和平,2023-08-16,9863
00751B,元大AAA至A公司債,78,0,78,元大-和平,2023-08-16,9863
6235,華孚,76,11,65,元大-和平,2023-08-16,9863
2834,臺企銀,62,3,59,元大-和平,2023-08-16,9863
6271,同欣電,57,0,57,元大-和平,2023-08-16,9863
1477,聚陽,53,2,51,元大-和平,2023-08-16,9863
2317,鴻海,56,5,51,元大-和平,2023-08-16,9863
2801,彰銀,42,0,42,元大-和平,2023-08-16,9863
2353,宏��,51,9,42,元大-和平,2023-08-16,9863
2303,聯電,34,1,33,元大-和平,2023-08-16,9863
1101,台泥,32,0,32,元大-和平,2023-08-16,9863
3715,定穎投控,55,28,27,元大-和平,2023-08-16,9863
00923,群益台ESG低碳50,30,4,26,元大-和平,2023-08-16,9863
2367,燿華,32,6,26,元大-和平,2023-08-16,9863
00929,復華台灣科技優息,25,1,24,元大-和平,2023-08-16,9863
2324,仁寶,69,46,23,元大-和平,2023-08-16,9863
1108,幸福,23,0,23,元大-和平,2023-08-16,9863
2329,華泰,51,28,23,元大-和平,2023-08-16,9863
2892,第一金,22,0,22,元大-和平,2023-08-16,9863
6770,力積電,21,0,21,元大-和平,2023-08-16,9863
1504,東元,48,28,20,元大-和平,2023-08-16,9863
8069,元太,20,0,20,元大-和平,2023-08-16,9863
5481,新華,19,2,17,元大-和平,2023-08-16,9863
2883,凱基金,16,0,16,元大-和平,2023-08-16,9863
2002,中鋼,17,1,16,元大-和平,2023-08-16,9863
2376,技嘉,21,5,16,元大-和平,2023-08-16,9863
00679B,元大美債20年,15,0,15,元大-和平,2023-08-16,9863
00830,國泰費城半導體,15,0,15,元大-和平,2023-08-16,9863
2301,光寶科,118,105,13,元大-和平,2023-08-16,9863
2356,英業達,47,34,13,元大-和平,2023-08-16,9863
00900,富邦特選高股息30,15,2,13,元大-和平,2023-08-16,9863
2603,長榮,13,1,12,元大-和平,2023-08-16,9863
00720B,元大投資級公司債,12,0,12,元大-和平,2023-08-16,9863
1519,華城,20,9,11,元大-和平,2023-08-16,9863
2880,華南金,11,0,11,元大-和平,2023-08-16,9863
3711,日月光投控,12,1,11,元大-和平,2023-08-16,9863
2903,遠百,11,0,11,元大-和平,2023-08-16,9863
4976,佳凌,11,0,11,元大-和平,2023-08-16,9863
9105,泰金寶-DR,11,0,11,元大-和平,2023-08-16,9863
3035,智原,58,48,10,元大-和平,2023-08-16,9863
1229,聯華,10,0,10,元大-和平,2023-08-16,9863
00719B,元大美債1-3,10,0,10,元大-和平,2023-08-16,9863
1802,台玻,21,11,10,元大-和平,2023-08-16,9863
2547,日勝生,10,0,10,元大-和平,2023-08-16,9863
6248,沛波,10,0,10,元大-和平,2023-08-16,9863
1609,大亞,11,2,9,元大-和平,2023-08-16,9863
0055,元大MSCI金融,9,0,9,元大-和平,2023-08-16,9863
3231,緯創,307,152,155,元大-和平,2023-08-17,9863
00751B,元大AAA至A公司債,122,0,122,元大-和平,2023-08-17,9863
6712,長聖,115,0,115,元大-和平,2023-08-17,9863
2903,遠百,109,0,109,元大-和平,2023-08-17,9863
2801,彰銀,81,0,81,元大-和平,2023-08-17,9863
2303,聯電,60,8,52,元大-和平,2023-08-17,9863
2892,第一金,52,2,50,元大-和平,2023-08-17,9863
00898,國泰基因免疫革命,50,0,50,元大-和平,2023-08-17,9863
3163,波若威,62,22,40,元大-和平,2023-08-17,9863
00929,復華台灣科技優息,39,0,39,元大-和平,2023-08-17,9863
3706,神達,51,21,30,元大-和平,2023-08-17,9863
00687B,國泰20年美債,30,0,30,元大-和平,2023-08-17,9863
00795B,中信美國公債20年,29,0,29,元大-和平,2023-08-17,9863
2409,友達,28,2,26,元大-和平,2023-08-17,9863
0056,元大高股息,36,12,24,元大-和平,2023-08-17,9863
2883,凱基金,28,5,23,元大-和平,2023-08-17,9863
2886,兆豐金,23,0,23,元大-和平,2023-08-17,9863
9945,潤泰新,39,20,19,元大-和平,2023-08-17,9863
3711,日月光投控,20,1,19,元大-和平,2023-08-17,9863
1519,華城,26,7,19,元大-和平,2023-08-17,9863
3558,神準,28,12,16,元大-和平,2023-08-17,9863
2897,王道銀行,16,0,16,元大-和平,2023-08-17,9863
00679B,元大美債20年,34,19,15,元大-和平,2023-08-17,9863
00788B,元大10年IG電能債,15,0,15,元大-和平,2023-08-17,9863
2885,元大金,30,15,15,元大-和平,2023-08-17,9863
1101,台泥,17,3,14,元大-和平,2023-08-17,9863
8069,元太,24,10,14,元大-和平,2023-08-17,9863
00720B,元大投資級公司債,14,0,14,元大-和平,2023-08-17,9863
00931B,統一美債20年,25,11,14,元大-和平,2023-08-17,9863
2891,中信金,12,0,12,元大-和平,2023-08-17,9863
2618,長榮航,37,25,12,元大-和平,2023-08-17,9863
3019,亞光,12,0,12,元大-和平,2023-08-17,9863
3306,鼎天,21,9,12,元大-和平,2023-08-17,9863
00753L,中信中國50正2,11,0,11,元大-和平,2023-08-17,9863
00902,中信電池及儲能,11,0,11,元大-和平,2023-08-17,9863
2316,楠梓電,22,11,11,元大-和平,2023-08-17,9863
4114,健喬,11,0,11,元大-和平,2023-08-17,9863
2329,華泰,27,16,11,元大-和平,2023-08-17,9863
2834,臺企銀,16,5,11,元大-和平,2023-08-17,9863
1103,嘉泥,10,0,10,元大-和平,2023-08-17,9863
2206,三陽工業,10,0,10,元大-和平,2023-08-17,9863
2609,陽明,16,6,10,元大-和平,2023-08-17,9863
2382,廣達,44,34,10,元大-和平,2023-08-17,9863
00715L,期街口布蘭特正2,9,0,9,元大-和平,2023-08-17,9863
1301,台塑,11,2,9,元大-和平,2023-08-17,9863
2323,中環,12,3,9,元大-和平,2023-08-17,9863
6122,擎邦,10,1,9,元大-和平,2023-08-17,9863
2002,中鋼,9,1,8,元大-和平,2023-08-17,9863
00882,中信中國高股息,10,2,8,元大-和平,2023-08-17,9863
00923,群益台ESG低碳50,19,11,8,元大-和平,2023-08-17,9863
2323,中環,332,0,332,元大-和平,2023-08-18,9863
0056,元大高股息,93,6,87,元大-和平,2023-08-18,9863
3231,緯創,212,137,75,元大-和平,2023-08-18,9863
2324,仁寶,83,32,51,元大-和平,2023-08-18,9863
2903,遠百,43,0,43,元大-和平,2023-08-18,9863
3036A,文曄甲特,43,0,43,元大-和平,2023-08-18,9863
00929,復華台灣科技優息,45,5,40,元大-和平,2023-08-18,9863
3702A,大聯大甲特,30,0,30,元大-和平,2023-08-18,9863
2303,聯電,43,14,29,元大-和平,2023-08-18,9863
3035,智原,61,33,28,元大-和平,2023-08-18,9863
00900,富邦特選高股息30,23,0,23,元大-和平,2023-08-18,9863
2618,長榮航,44,21,23,元大-和平,2023-08-18,9863
1108,幸福,22,0,22,元大-和平,2023-08-18,9863
3078,僑威,23,1,22,元大-和平,2023-08-18,9863
2329,華泰,103,82,21,元大-和平,2023-08-18,9863
00751B,元大AAA至A公司債,21,0,21,元大-和平,2023-08-18,9863
00923,群益台ESG低碳50,16,0,16,元大-和平,2023-08-18,9863
3715,定穎投控,38,23,15,元大-和平,2023-08-18,9863
6231,系微,17,2,15,元大-和平,2023-08-18,9863
2382,廣達,83,68,15,元大-和平,2023-08-18,9863
6282,康舒,30,16,14,元大-和平,2023-08-18,9863
2888,新光金,20,7,13,元大-和平,2023-08-18,9863
1513,中興電,17,5,12,元大-和平,2023-08-18,9863
2313,華通,11,0,11,元大-和平,2023-08-18,9863
6290,良維,12,1,11,元大-和平,2023-08-18,9863
6274,台燿,13,3,10,元大-和平,2023-08-18,9863
8069,元太,14,4,10,元大-和平,2023-08-18,9863
00670L,富邦NASDAQ正2,10,0,10,元大-和平,2023-08-18,9863
3483,力致,11,1,10,元大-和平,2023-08-18,9863
1218,泰山,10,0,10,元大-和平,2023-08-18,9863
2610,華航,20,10,10,元大-和平,2023-08-18,9863
3236,千如,10,0,10,元大-和平,2023-08-18,9863
4440,宜新實業,10,0,10,元大-和平,2023-08-18,9863
00712,復華富時不動產,10,0,10,元大-和平,2023-08-18,9863
8358,金居,12,3,9,元大-和平,2023-08-18,9863
3013,晟銘電,33,24,9,元大-和平,2023-08-18,9863
5258,虹堡,9,0,9,元大-和平,2023-08-18,9863
2457,飛宏,25,16,9,元大-和平,2023-08-18,9863
3037,欣興,15,6,9,元大-和平,2023-08-18,9863
2449,京元電子,8,0,8,元大-和平,2023-08-18,9863
2330,台積電,9,1,8,元大-和平,2023-08-18,9863
00720B,元大投資級公司債,8,0,8,元大-和平,2023-08-18,9863
2745,五福,8,0,8,元大-和平,2023-08-18,9863
1519,華城,23,15,8,元大-和平,2023-08-18,9863
1316,上曜,7,0,7,元大-和平,2023-08-18,9863
6123,上奇,7,0,7,元大-和平,2023-08-18,9863
2603,長榮,15,8,7,元大-和平,2023-08-18,9863
2308,台達電,16,10,6,元大-和平,2023-08-18,9863
00893,國泰智能電動車,7,1,6,元大-和平,2023-08-18,9863
2890,永豐金,6,0,6,元大-和平,2023-08-18,9863
00687B,國泰20年美債,220,0,220,元大-和平,2023-08-21,9863
00878,國泰永續高股息,133,10,123,元大-和平,2023-08-21,9863
2353,宏��,122,24,98,元大-和平,2023-08-21,9863
3325,旭品,85,0,85,元大-和平,2023-08-21,9863
2323,中環,80,2,78,元大-和平,2023-08-21,9863
2618,長榮航,51,3,48,元大-和平,2023-08-21,9863
6108,競國,51,6,45,元大-和平,2023-08-21,9863
2637,慧洋-KY,40,2,38,元大-和平,2023-08-21,9863
00751B,元大AAA至A公司債,30,0,30,元大-和平,2023-08-21,9863
4906,正文,56,30,26,元大-和平,2023-08-21,9863
2457,飛宏,56,34,22,元大-和平,2023-08-21,9863
2363,矽統,78,57,21,元大-和平,2023-08-21,9863
00897,富邦基因免疫生技,20,0,20,元大-和平,2023-08-21,9863
1210,大成,20,0,20,元大-和平,2023-08-21,9863
3596,智易,27,8,19,元大-和平,2023-08-21,9863
00929,復華台灣科技優息,18,0,18,元大-和平,2023-08-21,9863
00720B,元大投資級公司債,17,0,17,元大-和平,2023-08-21,9863
00679B,元大美債20年,17,1,16,元大-和平,2023-08-21,9863
2027,大成鋼,15,0,15,元大-和平,2023-08-21,9863
2615,萬海,15,0,15,元大-和平,2023-08-21,9863
2393,億光,14,0,14,元大-和平,2023-08-21,9863
00753L,中信中國50正2,19,5,14,元大-和平,2023-08-21,9863
3306,鼎天,30,16,14,元大-和平,2023-08-21,9863
00931B,統一美債20年,13,0,13,元大-和平,2023-08-21,9863
2002,中鋼,14,2,12,元大-和平,2023-08-21,9863
2885,元大金,12,0,12,元大-和平,2023-08-21,9863
2886,兆豐金,12,0,12,元大-和平,2023-08-21,9863
2606,裕民,15,4,11,元大-和平,2023-08-21,9863
8358,金居,23,12,11,元大-和平,2023-08-21,9863
9904,寶成,10,0,10,元大-和平,2023-08-21,9863
1103,嘉泥,10,0,10,元大-和平,2023-08-21,9863
00664R,國泰臺灣加權反1,10,0,10,元大-和平,2023-08-21,9863
2882,國泰金,10,0,10,元大-和平,2023-08-21,9863
2605,新興,10,1,9,元大-和平,2023-08-21,9863
3131,弘塑,8,0,8,元大-和平,2023-08-21,9863
0056,元大高股息,25,18,7,元大-和平,2023-08-21,9863
3035,智原,30,23,7,元大-和平,2023-08-21,9863
00722B,群益投資級電信債,7,0,7,元大-和平,2023-08-21,9863
3576,聯合再生,6,0,6,元大-和平,2023-08-21,9863
1101,台泥,7,1,6,元大-和平,2023-08-21,9863
3548,兆利,7,1,6,元大-和平,2023-08-21,9863
00773B,中信優先金融債,6,0,6,元大-和平,2023-08-21,9863
2377,微星,7,1,6,元大-和平,2023-08-21,9863
2597,潤弘,6,0,6,元大-和平,2023-08-21,9863
6194,育富,6,0,6,元大-和平,2023-08-21,9863
6188,廣明,7,1,6,元大-和平,2023-08-21,9863
0050,元大台灣50,7,1,6,元大-和平,2023-08-21,9863
3714,富采,5,0,5,元大-和平,2023-08-21,9863
3583,辛耘,5,0,5,元大-和平,2023-08-21,9863
00650L,復華香港正2,5,0,5,元大-和平,2023-08-21,9863
3706,神達,161,5,156,元大-和平,2023-08-22,9863
2301,光寶科,152,34,118,元大-和平,2023-08-22,9863
00687B,國泰20年美債,105,20,85,元大-和平,2023-08-22,9863
3567,逸昌,61,3,58,元大-和平,2023-08-22,9863
2323,中環,50,0,50,元大-和平,2023-08-22,9863
00751B,元大AAA至A公司債,42,0,42,元大-和平,2023-08-22,9863
2324,仁寶,57,19,38,元大-和平,2023-08-22,9863
00929,復華台灣科技優息,38,2,36,元大-和平,2023-08-22,9863
2645,長榮航太,38,3,35,元大-和平,2023-08-22,9863
2363,矽統,50,17,33,元大-和平,2023-08-22,9863
2332,友訊,31,10,21,元大-和平,2023-08-22,9863
00852L,國泰美國道瓊正2,20,0,20,元大-和平,2023-08-22,9863
3325,旭品,27,8,19,元大-和平,2023-08-22,9863
2002,中鋼,18,0,18,元大-和平,2023-08-22,9863
5608,四維航,17,0,17,元大-和平,2023-08-22,9863
2903,遠百,16,0,16,元大-和平,2023-08-22,9863
6235,華孚,32,16,16,元大-和平,2023-08-22,9863
3231,緯創,94,80,14,元大-和平,2023-08-22,9863
2637,慧洋-KY,26,12,14,元大-和平,2023-08-22,9863
3576,聯合再生,14,0,14,元大-和平,2023-08-22,9863
2066,世德,12,0,12,元大-和平,2023-08-22,9863
00878,國泰永續高股息,22,11,11,元大-和平,2023-08-22,9863
00931B,統一美債20年,13,2,11,元大-和平,2023-08-22,9863
2883,凱基金,11,0,11,元大-和平,2023-08-22,9863
2882,國泰金,11,0,11,元大-和平,2023-08-22,9863
4966,譜瑞-KY,10,0,10,元大-和平,2023-08-22,9863
00679B,元大美債20年,15,5,10,元大-和平,2023-08-22,9863
2355,敬鵬,17,7,10,元大-和平,2023-08-22,9863
2401,凌陽,19,9,10,元大-和平,2023-08-22,9863
2402,毅嘉,11,1,10,元大-和平,2023-08-22,9863
2534,宏盛,10,0,10,元大-和平,2023-08-22,9863
3044,健鼎,12,2,10,元大-和平,2023-08-22,9863
2419,仲琦,17,8,9,元大-和平,2023-08-22,9863
4979,華星光,39,31,8,元大-和平,2023-08-22,9863
00633L,富邦上証正2,8,0,8,元大-和平,2023-08-22,9863
00720B,元大投資級公司債,8,0,8,元大-和平,2023-08-22,9863
2344,華邦電,9,1,8,元大-和平,2023-08-22,9863
2356,英業達,38,30,8,元大-和平,2023-08-22,9863
5871,中租-KY,7,0,7,元大-和平,2023-08-22,9863
6282,康舒,11,4,7,元大-和平,2023-08-22,9863
2421,建準,11,4,7,元大-和平,2023-08-22,9863
1301,台塑,8,1,7,元大-和平,2023-08-22,9863
00882,中信中國高股息,7,0,7,元大-和平,2023-08-22,9863
2610,華航,14,7,7,元大-和平,2023-08-22,9863
5340,建榮,7,0,7,元大-和平,2023-08-22,9863
8936,國統,7,0,7,元大-和平,2023-08-22,9863
4147,中裕,7,0,7,元大-和平,2023-08-22,9863
6125,廣運,17,10,7,元大-和平,2023-08-22,9863
2316,楠梓電,6,0,6,元大-和平,2023-08-22,9863
00722B,群益投資級電信債,6,0,6,元大-和平,2023-08-22,9863
3325,旭品,295,0,295,元大-和平,2023-08-23,9863
2883,凱基金,214,1,213,元大-和平,2023-08-23,9863
00904,新光臺灣半導體30,100,0,100,元大-和平,2023-08-23,9863
3665,貿聯-KY,83,0,83,元大-和平,2023-08-23,9863
00715L,期街口布蘭特正2,60,0,60,元大-和平,2023-08-23,9863
2834,臺企銀,50,0,50,元大-和平,2023-08-23,9863
8039,台虹,49,0,49,元大-和平,2023-08-23,9863
2618,長榮航,68,20,48,元大-和平,2023-08-23,9863
6005,群益證,41,0,41,元大-和平,2023-08-23,9863
9945,潤泰新,40,0,40,元大-和平,2023-08-23,9863
1305,華夏,39,0,39,元大-和平,2023-08-23,9863
1108,幸福,30,0,30,元大-和平,2023-08-23,9863
6274,台燿,29,3,26,元大-和平,2023-08-23,9863
2329,華泰,47,23,24,元大-和平,2023-08-23,9863
2371,大同,24,0,24,元大-和平,2023-08-23,9863
00713,元大台灣高息低波,20,0,20,元大-和平,2023-08-23,9863
2520,冠德,20,0,20,元大-和平,2023-08-23,9863
3105,穩懋,20,1,19,元大-和平,2023-08-23,9863
4746,台耀,19,0,19,元大-和平,2023-08-23,9863
00929,復華台灣科技優息,19,1,18,元大-和平,2023-08-23,9863
6285,啟��,35,17,18,元大-和平,2023-08-23,9863
3596,智易,26,9,17,元大-和平,2023-08-23,9863
2615,萬海,23,7,16,元大-和平,2023-08-23,9863
00902,中信電池及儲能,16,0,16,元大-和平,2023-08-23,9863
1471,首利,17,2,15,元大-和平,2023-08-23,9863
6146,耕興,14,0,14,元大-和平,2023-08-23,9863
3704,合勤控,13,0,13,元大-和平,2023-08-23,9863
8936,國統,13,0,13,元大-和平,2023-08-23,9863
2002,中鋼,12,1,11,元大-和平,2023-08-23,9863
2323,中環,14,3,11,元大-和平,2023-08-23,9863
2903,遠百,11,0,11,元大-和平,2023-08-23,9863
3051,力特,37,26,11,元大-和平,2023-08-23,9863
3680,家登,12,1,11,元大-和平,2023-08-23,9863
3706,神達,11,1,10,元大-和平,2023-08-23,9863
8927,北基,10,0,10,元大-和平,2023-08-23,9863
1737,臺鹽,10,0,10,元大-和平,2023-08-23,9863
00733,富邦臺灣中小,10,0,10,元大-和平,2023-08-23,9863
6026,福邦證,10,0,10,元大-和平,2023-08-23,9863
2377,微星,10,0,10,元大-和平,2023-08-23,9863
4979,華星光,26,17,9,元大-和平,2023-08-23,9863
3380,明泰,11,2,9,元大-和平,2023-08-23,9863
6282,康舒,16,7,9,元大-和平,2023-08-23,9863
3042,晶技,8,0,8,元大-和平,2023-08-23,9863
3163,波若威,40,32,8,元大-和平,2023-08-23,9863
00924,復華S＆P500成長,8,0,8,元大-和平,2023-08-23,9863
2637,慧洋-KY,10,2,8,元大-和平,2023-08-23,9863
4162,智擎,8,0,8,元大-和平,2023-08-23,9863
5371,中光電,9,2,7,元大-和平,2023-08-23,9863
1795,美時,8,1,7,元大-和平,2023-08-23,9863
00885,富邦越南,7,0,7,元大-和平,2023-08-23,9863
3231,緯創,299,206,93,元大-和平,2023-08-24,9863
6125,廣運,86,1,85,元大-和平,2023-08-24,9863
3665,貿聯-KY,81,0,81,元大-和平,2023-08-24,9863
00830,國泰費城半導體,54,3,51,元大-和平,2023-08-24,9863
2903,遠百,44,0,44,元大-和平,2023-08-24,9863
2449,京元電子,65,22,43,元大-和平,2023-08-24,9863
00895,富邦未來車,35,2,33,元大-和平,2023-08-24,9863
2409,友達,34,1,33,元大-和平,2023-08-24,9863
00712,復華富時不動產,31,0,31,元大-和平,2023-08-24,9863
3706,神達,30,2,28,元大-和平,2023-08-24,9863
00637L,元大滬深300正2,30,3,27,元大-和平,2023-08-24,9863
2421,建準,41,14,27,元大-和平,2023-08-24,9863
2884,玉山金,26,0,26,元大-和平,2023-08-24,9863
2356,英業達,46,22,24,元大-和平,2023-08-24,9863
2419,仲琦,57,36,21,元大-和平,2023-08-24,9863
6168,宏齊,36,15,21,元大-和平,2023-08-24,9863
2913,農林,27,7,20,元大-和平,2023-08-24,9863
5608,四維航,20,0,20,元大-和平,2023-08-24,9863
00929,復華台灣科技優息,27,7,20,元大-和平,2023-08-24,9863
00733,富邦臺灣中小,17,0,17,元大-和平,2023-08-24,9863
00919,群益台灣精選高息,21,4,17,元大-和平,2023-08-24,9863
2615,萬海,18,1,17,元大-和平,2023-08-24,9863
2363,矽統,46,30,16,元大-和平,2023-08-24,9863
00713,元大台灣高息低波,15,0,15,元大-和平,2023-08-24,9863
1609,大亞,14,1,13,元大-和平,2023-08-24,9863
3035,智原,38,25,13,元大-和平,2023-08-24,9863
00715L,期街口布蘭特正2,13,0,13,元大-和平,2023-08-24,9863
2399,映泰,18,5,13,元大-和平,2023-08-24,9863
5009,榮剛,13,0,13,元大-和平,2023-08-24,9863
2618,長榮航,29,17,12,元大-和平,2023-08-24,9863
00885,富邦越南,12,0,12,元大-和平,2023-08-24,9863
1101,台泥,12,0,12,元大-和平,2023-08-24,9863
2915,潤泰全,17,5,12,元大-和平,2023-08-24,9863
3444,利機,12,0,12,元大-和平,2023-08-24,9863
2382,廣達,79,67,12,元大-和平,2023-08-24,9863
3680,家登,12,1,11,元大-和平,2023-08-24,9863
3305,昇貿,17,6,11,元大-和平,2023-08-24,9863
4746,台耀,17,6,11,元大-和平,2023-08-24,9863
1104,環泥,10,0,10,元大-和平,2023-08-24,9863
2316,楠梓電,20,10,10,元大-和平,2023-08-24,9863
2538,基泰,10,0,10,元大-和平,2023-08-24,9863
3060,銘異,10,0,10,元大-和平,2023-08-24,9863
3325,旭品,14,4,10,元大-和平,2023-08-24,9863
6235,華孚,25,15,10,元大-和平,2023-08-24,9863
1584,精剛,10,0,10,元大-和平,2023-08-24,9863
4979,華星光,22,13,9,元大-和平,2023-08-24,9863
5483,中美晶,10,1,9,元大-和平,2023-08-24,9863
8034,榮群,9,0,9,元大-和平,2023-08-24,9863
6285,啟��,30,21,9,元大-和平,2023-08-24,9863
0050,元大台灣50,12,4,8,元大-和平,2023-08-24,9863
3231,緯創,209,77,132,元大-和平,2023-08-25,9863
00929,復華台灣科技優息,72,0,72,元大-和平,2023-08-25,9863
0056,元大高股息,92,27,65,元大-和平,2023-08-25,9863
00715L,期街口布蘭特正2,60,0,60,元大-和平,2023-08-25,9863
2382,廣達,106,46,60,元大-和平,2023-08-25,9863
2913,農林,50,5,45,元大-和平,2023-08-25,9863
2891,中信金,40,3,37,元大-和平,2023-08-25,9863
00919,群益台灣精選高息,34,0,34,元大-和平,2023-08-25,9863
2206,三陽工業,35,1,34,元大-和平,2023-08-25,9863
00900,富邦特選高股息30,31,0,31,元大-和平,2023-08-25,9863
2641,正德,30,0,30,元大-和平,2023-08-25,9863
6125,廣運,31,1,30,元大-和平,2023-08-25,9863
3665,貿聯-KY,26,0,26,元大-和平,2023-08-25,9863
3308,聯德,28,4,24,元大-和平,2023-08-25,9863
2630,亞航,23,1,22,元大-和平,2023-08-25,9863
00881,國泰台灣5G+,22,0,22,元大-和平,2023-08-25,9863
3094,聯傑,43,22,21,元大-和平,2023-08-25,9863
2330,台積電,22,3,19,元大-和平,2023-08-25,9863
4746,台耀,19,1,18,元大-和平,2023-08-25,9863
2399,映泰,18,0,18,元大-和平,2023-08-25,9863
00893,國泰智能電動車,19,2,17,元大-和平,2023-08-25,9863
2329,華泰,18,2,16,元大-和平,2023-08-25,9863
2449,京元電子,40,25,15,元大-和平,2023-08-25,9863
4979,華星光,25,10,15,元大-和平,2023-08-25,9863
00751B,元大AAA至A公司債,15,0,15,元大-和平,2023-08-25,9863
2915,潤泰全,16,1,15,元大-和平,2023-08-25,9863
5457,宣德,15,0,15,元大-和平,2023-08-25,9863
2002,中鋼,14,0,14,元大-和平,2023-08-25,9863
6486,互動,14,0,14,元大-和平,2023-08-25,9863
2634,漢翔,37,23,14,元大-和平,2023-08-25,9863
1471,首利,15,2,13,元大-和平,2023-08-25,9863
00830,國泰費城半導體,13,1,12,元大-和平,2023-08-25,9863
2421,建準,19,7,12,元大-和平,2023-08-25,9863
2353,宏��,14,2,12,元大-和平,2023-08-25,9863
00679B,元大美債20年,11,0,11,元大-和平,2023-08-25,9863
2344,華邦電,12,1,11,元大-和平,2023-08-25,9863
3037,欣興,15,5,10,元大-和平,2023-08-25,9863
2356,英業達,34,24,10,元大-和平,2023-08-25,9863
2345,智邦,10,0,10,元大-和平,2023-08-25,9863
00713,元大台灣高息低波,10,0,10,元大-和平,2023-08-25,9863
00696B,富邦美債20年,10,0,10,元大-和平,2023-08-25,9863
00764B,群益25年美債,10,0,10,元大-和平,2023-08-25,9863
2316,楠梓電,10,0,10,元大-和平,2023-08-25,9863
2457,飛宏,10,0,10,元大-和平,2023-08-25,9863
2903,遠百,10,0,10,元大-和平,2023-08-25,9863
3234,光環,10,0,10,元大-和平,2023-08-25,9863
3706,神達,11,1,10,元大-和平,2023-08-25,9863
9105,泰金寶-DR,10,0,10,元大-和平,2023-08-25,9863
2458,義隆,10,1,9,元大-和平,2023-08-25,9863
4966,譜瑞-KY,9,0,9,元大-和平,2023-08-25,9863
1802,台玻,1315,51,1264,元大-和平,2023-08-28,9863
00632R,元大台灣50反1,171,1,170,元大-和平,2023-08-28,9863
00878,國泰永續高股息,164,15,149,元大-和平,2023-08-28,9863
4906,正文,101,8,93,元大-和平,2023-08-28,9863
2618,長榮航,99,9,90,元大-和平,2023-08-28,9863
2913,農林,74,7,67,元大-和平,2023-08-28,9863
2419,仲琦,62,4,58,元大-和平,2023-08-28,9863
5864,致和證,47,0,47,元大-和平,2023-08-28,9863
9945,潤泰新,46,5,41,元大-和平,2023-08-28,9863
3008,大立光,32,0,32,元大-和平,2023-08-28,9863
2340,台亞,30,0,30,元大-和平,2023-08-28,9863
0056,元大高股息,27,0,27,元大-和平,2023-08-28,9863
2645,長榮航太,43,18,25,元大-和平,2023-08-28,9863
6486,互動,24,0,24,元大-和平,2023-08-28,9863
2421,建準,25,3,22,元大-和平,2023-08-28,9863
1618,合機,21,0,21,元大-和平,2023-08-28,9863
2516,新建,21,0,21,元大-和平,2023-08-28,9863
4916,事欣科,17,0,17,元大-和平,2023-08-28,9863
2610,華航,15,0,15,元大-和平,2023-08-28,9863
00929,復華台灣科技優息,42,27,15,元大-和平,2023-08-28,9863
2356,英業達,53,39,14,元大-和平,2023-08-28,9863
4908,前鼎,15,1,14,元大-和平,2023-08-28,9863
6167,久正,14,0,14,元大-和平,2023-08-28,9863
5009,榮剛,14,1,13,元大-和平,2023-08-28,9863
4746,台耀,13,0,13,元大-和平,2023-08-28,9863
2634,漢翔,25,13,12,元大-和平,2023-08-28,9863
1609,大亞,12,0,12,元大-和平,2023-08-28,9863
1909,榮成,12,0,12,元大-和平,2023-08-28,9863
2887,台新金,11,0,11,元大-和平,2023-08-28,9863
2352,佳世達,14,3,11,元大-和平,2023-08-28,9863
6548,長科*,10,0,10,元大-和平,2023-08-28,9863
00919,群益台灣精選高息,10,0,10,元大-和平,2023-08-28,9863
00852L,國泰美國道瓊正2,10,0,10,元大-和平,2023-08-28,9863
2038,海光,10,0,10,元大-和平,2023-08-28,9863
2313,華通,10,0,10,元大-和平,2023-08-28,9863
2743,山富,10,0,10,元大-和平,2023-08-28,9863
2812,台中銀,10,0,10,元大-和平,2023-08-28,9863
3033,威健,10,0,10,元大-和平,2023-08-28,9863
4533,協易機,10,0,10,元大-和平,2023-08-28,9863
5371,中光電,10,1,9,元大-和平,2023-08-28,9863
2363,矽統,15,6,9,元大-和平,2023-08-28,9863
00757,統一FANG+,9,1,8,元大-和平,2023-08-28,9863
3715,定穎投控,33,25,8,元大-和平,2023-08-28,9863
3308,聯德,35,28,7,元大-和平,2023-08-28,9863
8927,北基,10,3,7,元大-和平,2023-08-28,9863
2359,所羅門,8,2,6,元大-和平,2023-08-28,9863
2388,威盛,27,21,6,元大-和平,2023-08-28,9863
2383,台光電,13,7,6,元大-和平,2023-08-28,9863
2603,長榮,6,0,6,元大-和平,2023-08-28,9863
6188,廣明,7,1,6,元大-和平,2023-08-28,9863
2101,南港,70,0,70,元大-和平,2023-08-29,9863
2317,鴻海,77,10,67,元大-和平,2023-08-29,9863
2834,臺企銀,46,0,46,元大-和平,2023-08-29,9863
2516,新建,30,0,30,元大-和平,2023-08-29,9863
3325,旭品,29,2,27,元大-和平,2023-08-29,9863
3231,緯創,92,66,26,元大-和平,2023-08-29,9863
3338,泰碩,23,0,23,元大-和平,2023-08-29,9863
00712,復華富時不動產,20,1,19,元大-和平,2023-08-29,9863
2002,中鋼,18,0,18,元大-和平,2023-08-29,9863
1786,科妍,19,1,18,元大-和平,2023-08-29,9863
00923,群益台ESG低碳50,17,1,16,元大-和平,2023-08-29,9863
8046,南電,17,3,14,元大-和平,2023-08-29,9863
00900,富邦特選高股息30,14,0,14,元大-和平,2023-08-29,9863
2352,佳世達,15,1,14,元大-和平,2023-08-29,9863
2915,潤泰全,25,13,12,元大-和平,2023-08-29,9863
2880,華南金,11,0,11,元大-和平,2023-08-29,9863
3583,辛耘,10,0,10,元大-和平,2023-08-29,9863
2419,仲琦,12,2,10,元大-和平,2023-08-29,9863
6829,千附精密,10,0,10,元大-和平,2023-08-29,9863
1514,亞力,10,0,10,元大-和平,2023-08-29,9863
3293,鈊象,10,0,10,元大-和平,2023-08-29,9863
4123,晟德,10,0,10,元大-和平,2023-08-29,9863
4533,協易機,10,0,10,元大-和平,2023-08-29,9863
8150,南茂,10,0,10,元大-和平,2023-08-29,9863
8436,大江,10,0,10,元大-和平,2023-08-29,9863
00679B,元大美債20年,9,0,9,元大-和平,2023-08-29,9863
2421,建準,11,2,9,元大-和平,2023-08-29,9863
2634,漢翔,21,12,9,元大-和平,2023-08-29,9863
3035,智原,25,17,8,元大-和平,2023-08-29,9863
6285,啟��,27,19,8,元大-和平,2023-08-29,9863
2630,亞航,20,12,8,元大-和平,2023-08-29,9863
2329,華泰,7,0,7,元大-和平,2023-08-29,9863
00929,復華台灣科技優息,8,1,7,元大-和平,2023-08-29,9863
2324,仁寶,10,3,7,元大-和平,2023-08-29,9863
3017,奇鋐,8,1,7,元大-和平,2023-08-29,9863
4137,麗豐-KY,7,0,7,元大-和平,2023-08-29,9863
5340,建榮,9,2,7,元大-和平,2023-08-29,9863
00687B,國泰20年美債,7,0,7,元大-和平,2023-08-29,9863
2356,英業達,32,26,6,元大-和平,2023-08-29,9863
2618,長榮航,7,1,6,元大-和平,2023-08-29,9863
6486,互動,6,0,6,元大-和平,2023-08-29,9863
8478,東哥遊艇,6,0,6,元大-和平,2023-08-29,9863
3308,聯德,35,29,6,元大-和平,2023-08-29,9863
2382,廣達,32,26,6,元大-和平,2023-08-29,9863
00919,群益台灣精選高息,5,0,5,元大-和平,2023-08-29,9863
2308,台達電,5,0,5,元大-和平,2023-08-29,9863
2323,中環,5,0,5,元大-和平,2023-08-29,9863
2428,興勤,5,0,5,元大-和平,2023-08-29,9863
2597,潤弘,5,0,5,元大-和平,2023-08-29,9863
3305,昇貿,5,0,5,元大-和平,2023-08-29,9863
1802,台玻,601,20,581,元大-和平,2023-08-30,9863
00679B,元大美債20年,154,0,154,元大-和平,2023-08-30,9863
2618,長榮航,90,5,85,元大-和平,2023-08-30,9863
3231,緯創,123,44,79,元大-和平,2023-08-30,9863
8927,北基,77,4,73,元大-和平,2023-08-30,9863
2206,三陽工業,53,13,40,元大-和平,2023-08-30,9863
6456,GIS-KY,41,1,40,元大-和平,2023-08-30,9863
5225,東科-KY,25,0,25,元大-和平,2023-08-30,9863
00919,群益台灣精選高息,25,1,24,元大-和平,2023-08-30,9863
3481,群創,22,0,22,元大-和平,2023-08-30,9863
00929,復華台灣科技優息,23,1,22,元大-和平,2023-08-30,9863
2101,南港,21,0,21,元大-和平,2023-08-30,9863
00680L,元大美債20正2,20,0,20,元大-和平,2023-08-30,9863
3029,零壹,20,0,20,元大-和平,2023-08-30,9863
2610,華航,17,1,16,元大-和平,2023-08-30,9863
2436,偉詮電,39,24,15,元大-和平,2023-08-30,9863
2324,仁寶,42,27,15,元大-和平,2023-08-30,9863
2409,友達,15,0,15,元大-和平,2023-08-30,9863
3325,旭品,34,19,15,元大-和平,2023-08-30,9863
2834,臺企銀,17,3,14,元大-和平,2023-08-30,9863
2344,華邦電,28,15,13,元大-和平,2023-08-30,9863
4128,中天,19,6,13,元大-和平,2023-08-30,9863
6829,千附精密,22,10,12,元大-和平,2023-08-30,9863
2376,技嘉,21,9,12,元大-和平,2023-08-30,9863
2421,建準,14,2,12,元大-和平,2023-08-30,9863
00637L,元大滬深300正2,11,0,11,元大-和平,2023-08-30,9863
8112,至上,10,0,10,元大-和平,2023-08-30,9863
00931B,統一美債20年,10,0,10,元大-和平,2023-08-30,9863
2316,楠梓電,11,1,10,元大-和平,2023-08-30,9863
2367,燿華,13,4,9,元大-和平,2023-08-30,9863
3163,波若威,11,2,9,元大-和平,2023-08-30,9863
5258,虹堡,15,6,9,元大-和平,2023-08-30,9863
3362,先進光,10,1,9,元大-和平,2023-08-30,9863
5481,新華,8,0,8,元大-和平,2023-08-30,9863
2355,敬鵬,28,20,8,元大-和平,2023-08-30,9863
3710,連展投控,8,0,8,元大-和平,2023-08-30,9863
2442,新美齊,6,0,6,元大-和平,2023-08-30,9863
6116,彩晶,10,4,6,元大-和平,2023-08-30,9863
2363,矽統,60,54,6,元大-和平,2023-08-30,9863
6672,騰輝電子-KY,10,5,5,元大-和平,2023-08-30,9863
00655L,國泰中國A50正2,5,0,5,元大-和平,2023-08-30,9863
006208,富邦台50,5,0,5,元大-和平,2023-08-30,9863
2413,環科,5,0,5,元大-和平,2023-08-30,9863
4207,環泰,5,0,5,元大-和平,2023-08-30,9863
5469,瀚宇博,5,0,5,元大-和平,2023-08-30,9863
6196,帆宣,9,4,5,元大-和平,2023-08-30,9863
00751B,元大AAA至A公司債,5,0,5,元大-和平,2023-08-30,9863
2337,旺宏,106,102,4,元大-和平,2023-08-30,9863
1795,美時,4,0,4,元大-和平,2023-08-30,9863
3105,穩懋,4,0,4,元大-和平,2023-08-30,9863
00919,群益台灣精選高息,45,0,45,元大-和平,2023-08-31,9863
00671R,富邦NASDAQ反1,40,0,40,元大-和平,2023-08-31,9863
00882,中信中國高股息,34,0,34,元大-和平,2023-08-31,9863
00687B,國泰20年美債,34,1,33,元大-和平,2023-08-31,9863
2337,旺宏,92,61,31,元大-和平,2023-08-31,9863
3711,日月光投控,26,0,26,元大-和平,2023-08-31,9863
00878,國泰永續高股息,30,4,26,元大-和平,2023-08-31,9863
3011,今皓,25,1,24,元大-和平,2023-08-31,9863
1802,台玻,31,7,24,元大-和平,2023-08-31,9863
2801,彰銀,22,0,22,元大-和平,2023-08-31,9863
2105,正新,20,0,20,元大-和平,2023-08-31,9863
00929,復華台灣科技優息,20,0,20,元大-和平,2023-08-31,9863
6456,GIS-KY,20,0,20,元大-和平,2023-08-31,9863
1101,台泥,18,1,17,元大-和平,2023-08-31,9863
00931B,統一美債20年,16,0,16,元大-和平,2023-08-31,9863
2634,漢翔,24,8,16,元大-和平,2023-08-31,9863
2324,仁寶,20,5,15,元大-和平,2023-08-31,9863
8088,品安,22,7,15,元大-和平,2023-08-31,9863
2313,華通,17,3,14,元大-和平,2023-08-31,9863
1605,華新,15,1,14,元大-和平,2023-08-31,9863
2890,永豐金,14,0,14,元大-和平,2023-08-31,9863
6213,聯茂,40,26,14,元大-和平,2023-08-31,9863
2409,友達,22,9,13,元大-和平,2023-08-31,9863
6547,高端疫苗,17,5,12,元大-和平,2023-08-31,9863
6223,旺矽,12,1,11,元大-和平,2023-08-31,9863
00637L,元大滬深300正2,17,6,11,元大-和平,2023-08-31,9863
1471,首利,15,4,11,元大-和平,2023-08-31,9863
2891,中信金,10,0,10,元大-和平,2023-08-31,9863
2645,長榮航太,24,14,10,元大-和平,2023-08-31,9863
2323,中環,10,0,10,元大-和平,2023-08-31,9863
9907,統一實,10,0,10,元大-和平,2023-08-31,9863
7402,邑錡,10,0,10,元大-和平,2023-08-31,9863
2388,威盛,12,3,9,元大-和平,2023-08-31,9863
5371,中光電,12,3,9,元大-和平,2023-08-31,9863
5880,合庫金,9,0,9,元大-和平,2023-08-31,9863
1301,台塑,8,0,8,元大-和平,2023-08-31,9863
5481,新華,8,0,8,元大-和平,2023-08-31,9863
2884,玉山金,8,0,8,元大-和平,2023-08-31,9863
3051,力特,22,15,7,元大-和平,2023-08-31,9863
6438,迅得,7,0,7,元大-和平,2023-08-31,9863
2317,鴻海,11,4,7,元大-和平,2023-08-31,9863
2367,燿華,10,3,7,元大-和平,2023-08-31,9863
2330,台積電,7,0,7,元大-和平,2023-08-31,9863
00679B,元大美債20年,6,0,6,元大-和平,2023-08-31,9863
8069,元太,6,0,6,元大-和平,2023-08-31,9863
1216,統一,7,1,6,元大-和平,2023-08-31,9863
2425,承啟,17,11,6,元大-和平,2023-08-31,9863
3045,台灣大,6,0,6,元大-和平,2023-08-31,9863
3703,欣陸,6,0,6,元大-和平,2023-08-31,9863
2421,建準,10,4,6,元大-和平,2023-08-31,9863
00919,群益台灣精選高息,185,0,185,元大-和平,2023-09-01,9863
00891,中信關鍵半導體,100,2,98,元大-和平,2023-09-01,9863
00929,復華台灣科技優息,87,5,82,元大-和平,2023-09-01,9863
6173,信昌電,64,0,64,元大-和平,2023-09-01,9863
3231,緯創,86,28,58,元大-和平,2023-09-01,9863
6271,同欣電,54,0,54,元大-和平,2023-09-01,9863
8927,北基,54,3,51,元大-和平,2023-09-01,9863
6438,迅得,50,0,50,元大-和平,2023-09-01,9863
00932,兆豐永續高息等權,46,0,46,元大-和平,2023-09-01,9863
2356,英業達,55,13,42,元大-和平,2023-09-01,9863
1444,力麗,43,2,41,元大-和平,2023-09-01,9863
2312,金寶,34,1,33,元大-和平,2023-09-01,9863
2915,潤泰全,30,0,30,元大-和平,2023-09-01,9863
6127,九豪,30,0,30,元大-和平,2023-09-01,9863
2382,廣達,44,17,27,元大-和平,2023-09-01,9863
2645,長榮航太,40,14,26,元大-和平,2023-09-01,9863
6285,啟��,27,3,24,元大-和平,2023-09-01,9863
3260,威剛,32,10,22,元大-和平,2023-09-01,9863
00673R,期元大S＆P原油反1,22,0,22,元大-和平,2023-09-01,9863
00862B,中信投資級公司債,21,0,21,元大-和平,2023-09-01,9863
00720B,元大投資級公司債,43,24,19,元大-和平,2023-09-01,9863
2323,中環,20,1,19,元大-和平,2023-09-01,9863
0056,元大高股息,18,1,17,元大-和平,2023-09-01,9863
3264,欣銓,22,5,17,元大-和平,2023-09-01,9863
3027,盛達,15,0,15,元大-和平,2023-09-01,9863
2884,玉山金,17,3,14,元大-和平,2023-09-01,9863
1471,首利,12,0,12,元大-和平,2023-09-01,9863
2428,興勤,11,0,11,元大-和平,2023-09-01,9863
5864,致和證,11,0,11,元大-和平,2023-09-01,9863
2390,云辰,12,2,10,元大-和平,2023-09-01,9863
3622,洋華,12,2,10,元大-和平,2023-09-01,9863
3362,先進光,10,0,10,元大-和平,2023-09-01,9863
8088,品安,11,2,9,元大-和平,2023-09-01,9863
4961,天鈺,9,0,9,元大-和平,2023-09-01,9863
00679B,元大美債20年,8,0,8,元大-和平,2023-09-01,9863
5243,乙盛-KY,8,0,8,元大-和平,2023-09-01,9863
5481,新華,8,0,8,元大-和平,2023-09-01,9863
3011,今皓,10,2,8,元大-和平,2023-09-01,9863
2449,京元電子,13,6,7,元大-和平,2023-09-01,9863
2609,陽明,7,0,7,元大-和平,2023-09-01,9863
3325,旭品,8,1,7,元大-和平,2023-09-01,9863
8358,金居,12,6,6,元大-和平,2023-09-01,9863
8033,雷虎,6,0,6,元大-和平,2023-09-01,9863
00931B,統一美債20年,7,1,6,元大-和平,2023-09-01,9863
1504,東元,7,1,6,元大-和平,2023-09-01,9863
2516,新建,6,0,6,元大-和平,2023-09-01,9863
6139,亞翔,7,1,6,元大-和平,2023-09-01,9863
6414,樺漢,6,0,6,元大-和平,2023-09-01,9863
2345,智邦,11,5,6,元大-和平,2023-09-01,9863
2301,光寶科,5,0,5,元大-和平,2023-09-01,9863
00632R,元大台灣50反1,1200,0,1200,元大-和平,2023-09-04,9863
3105,穩懋,492,2,490,元大-和平,2023-09-04,9863
00931B,統一美債20年,111,0,111,元大-和平,2023-09-04,9863
2371,大同,58,2,56,元大-和平,2023-09-04,9863
00673R,期元大S＆P原油反1,55,0,55,元大-和平,2023-09-04,9863
6005,群益證,50,0,50,元大-和平,2023-09-04,9863
00929,復華台灣科技優息,48,0,48,元大-和平,2023-09-04,9863
9945,潤泰新,51,5,46,元大-和平,2023-09-04,9863
3260,威剛,42,3,39,元大-和平,2023-09-04,9863
2323,中環,34,0,34,元大-和平,2023-09-04,9863
00751B,元大AAA至A公司債,30,0,30,元大-和平,2023-09-04,9863
2913,農林,30,0,30,元大-和平,2023-09-04,9863
3484,崧騰,24,0,24,元大-和平,2023-09-04,9863
2485,兆赫,26,3,23,元大-和平,2023-09-04,9863
00773B,中信優先金融債,23,0,23,元大-和平,2023-09-04,9863
00915,凱基優選高股息30,23,0,23,元大-和平,2023-09-04,9863
00919,群益台灣精選高息,41,20,21,元大-和平,2023-09-04,9863
6770,力積電,20,0,20,元大-和平,2023-09-04,9863
5225,東科-KY,20,0,20,元大-和平,2023-09-04,9863
00878,國泰永續高股息,122,103,19,元大-和平,2023-09-04,9863
5328,華容,40,21,19,元大-和平,2023-09-04,9863
2236,百達-KY,17,0,17,元大-和平,2023-09-04,9863
2317,鴻海,17,1,16,元大-和平,2023-09-04,9863
4746,台耀,15,0,15,元大-和平,2023-09-04,9863
2436,偉詮電,25,10,15,元大-和平,2023-09-04,9863
2324,仁寶,17,3,14,元大-和平,2023-09-04,9863
2618,長榮航,24,11,13,元大-和平,2023-09-04,9863
3588,通嘉,30,17,13,元大-和平,2023-09-04,9863
3548,兆利,15,2,13,元大-和平,2023-09-04,9863
2374,佳能,22,10,12,元大-和平,2023-09-04,9863
0056,元大高股息,13,1,12,元大-和平,2023-09-04,9863
1515,力山,12,0,12,元大-和平,2023-09-04,9863
1313,聯成,13,2,11,元大-和平,2023-09-04,9863
3444,利機,11,0,11,元大-和平,2023-09-04,9863
1618,合機,10,0,10,元大-和平,2023-09-04,9863
3528,安馳,10,0,10,元大-和平,2023-09-04,9863
6138,茂達,10,0,10,元大-和平,2023-09-04,9863
2345,智邦,10,0,10,元大-和平,2023-09-04,9863
3715,定穎投控,51,41,10,元大-和平,2023-09-04,9863
00900,富邦特選高股息30,9,0,9,元大-和平,2023-09-04,9863
1522,堤維西,20,11,9,元大-和平,2023-09-04,9863
00637L,元大滬深300正2,19,11,8,元大-和平,2023-09-04,9863
2409,友達,12,4,8,元大-和平,2023-09-04,9863
3567,逸昌,9,1,8,元大-和平,2023-09-04,9863
00687B,國泰20年美債,7,0,7,元大-和平,2023-09-04,9863
00795B,中信美國公債20年,7,0,7,元大-和平,2023-09-04,9863
2354,鴻準,7,0,7,元大-和平,2023-09-04,9863
2399,映泰,7,0,7,元大-和平,2023-09-04,9863
2382,廣達,17,11,6,元大-和平,2023-09-04,9863
2356,英業達,25,19,6,元大-和平,2023-09-04,9863
2358,廷鑫,135,5,130,元大-和平,2023-09-05,9863
00773B,中信優先金融債,80,10,70,元大-和平,2023-09-05,9863
00929,復華台灣科技優息,232,168,64,元大-和平,2023-09-05,9863
00931B,統一美債20年,51,0,51,元大-和平,2023-09-05,9863
8358,金居,69,30,39,元大-和平,2023-09-05,9863
2317,鴻海,43,5,38,元大-和平,2023-09-05,9863
2618,長榮航,38,1,37,元大-和平,2023-09-05,9863
6282,康舒,42,10,32,元大-和平,2023-09-05,9863
4906,正文,32,0,32,元大-和平,2023-09-05,9863
1101,台泥,29,0,29,元大-和平,2023-09-05,9863
2409,友達,31,3,28,元大-和平,2023-09-05,9863
00919,群益台灣精選高息,25,2,23,元大-和平,2023-09-05,9863
00679B,元大美債20年,23,0,23,元大-和平,2023-09-05,9863
3035,智原,58,35,23,元大-和平,2023-09-05,9863
00862B,中信投資級公司債,20,0,20,元大-和平,2023-09-05,9863
2913,農林,20,0,20,元大-和平,2023-09-05,9863
2915,潤泰全,20,0,20,元大-和平,2023-09-05,9863
3206,志豐,20,0,20,元大-和平,2023-09-05,9863
2436,偉詮電,61,42,19,元大-和平,2023-09-05,9863
2330,台積電,19,0,19,元大-和平,2023-09-05,9863
2610,華航,18,0,18,元大-和平,2023-09-05,9863
3163,波若威,21,7,14,元大-和平,2023-09-05,9863
2885,元大金,13,0,13,元大-和平,2023-09-05,9863
2236,百達-KY,15,3,12,元大-和平,2023-09-05,9863
2421,建準,12,0,12,元大-和平,2023-09-05,9863
4746,台耀,11,0,11,元大-和平,2023-09-05,9863
5481,新華,11,0,11,元大-和平,2023-09-05,9863
2801,彰銀,10,0,10,元大-和平,2023-09-05,9863
00751B,元大AAA至A公司債,10,0,10,元大-和平,2023-09-05,9863
2399,映泰,10,0,10,元大-和平,2023-09-05,9863
6139,亞翔,10,0,10,元大-和平,2023-09-05,9863
00915,凱基優選高股息30,8,0,8,元大-和平,2023-09-05,9863
00637L,元大滬深300正2,11,3,8,元大-和平,2023-09-05,9863
2337,旺宏,12,4,8,元大-和平,2023-09-05,9863
5258,虹堡,18,10,8,元大-和平,2023-09-05,9863
3530,晶相光,11,3,8,元大-和平,2023-09-05,9863
3588,通嘉,19,11,8,元大-和平,2023-09-05,9863
2881,富邦金,7,0,7,元大-和平,2023-09-05,9863
2355,敬鵬,11,4,7,元大-和平,2023-09-05,9863
00713,元大台灣高息低波,6,0,6,元大-和平,2023-09-05,9863
5483,中美晶,7,1,6,元大-和平,2023-09-05,9863
1802,台玻,6,0,6,元大-和平,2023-09-05,9863
2637,慧洋-KY,11,5,6,元大-和平,2023-09-05,9863
2645,長榮航太,7,1,6,元大-和平,2023-09-05,9863
2886,兆豐金,6,0,6,元大-和平,2023-09-05,9863
3005,神基,7,1,6,元大-和平,2023-09-05,9863
4155,訊映,6,0,6,元大-和平,2023-09-05,9863
1584,精剛,6,0,6,元大-和平,2023-09-05,9863
4916,事欣科,7,1,6,元大-和平,2023-09-05,9863
2331,精英,10,4,6,元大-和平,2023-09-05,9863
00929,復華台灣科技優息,358,39,319,元大-和平,2023-09-06,9863
3481,群創,135,4,131,元大-和平,2023-09-06,9863
2409,友達,112,3,109,元大-和平,2023-09-06,9863
00891,中信關鍵半導體,83,2,81,元大-和平,2023-09-06,9863
2401,凌陽,86,9,77,元大-和平,2023-09-06,9863
2312,金寶,71,2,69,元大-和平,2023-09-06,9863
00882,中信中國高股息,72,10,62,元大-和平,2023-09-06,9863
00919,群益台灣精選高息,54,1,53,元大-和平,2023-09-06,9863
2354,鴻準,43,5,38,元大-和平,2023-09-06,9863
1101,台泥,37,1,36,元大-和平,2023-09-06,9863
3231,緯創,60,27,33,元大-和平,2023-09-06,9863
3293,鈊象,37,6,31,元大-和平,2023-09-06,9863
00932,兆豐永續高息等權,31,0,31,元大-和平,2023-09-06,9863
3206,志豐,30,0,30,元大-和平,2023-09-06,9863
3078,僑威,70,42,28,元大-和平,2023-09-06,9863
2645,長榮航太,22,0,22,元大-和平,2023-09-06,9863
00878,國泰永續高股息,41,20,21,元大-和平,2023-09-06,9863
6164,華興,20,0,20,元大-和平,2023-09-06,9863
00720B,元大投資級公司債,19,0,19,元大-和平,2023-09-06,9863
00679B,元大美債20年,20,1,19,元大-和平,2023-09-06,9863
4147,中裕,20,2,18,元大-和平,2023-09-06,9863
9945,潤泰新,17,0,17,元大-和平,2023-09-06,9863
4513,福裕,16,0,16,元大-和平,2023-09-06,9863
00673R,期元大S＆P原油反1,15,0,15,元大-和平,2023-09-06,9863
3013,晟銘電,16,1,15,元大-和平,2023-09-06,9863
00751B,元大AAA至A公司債,14,0,14,元大-和平,2023-09-06,9863
2801,彰銀,14,0,14,元大-和平,2023-09-06,9863
2891,中信金,24,11,13,元大-和平,2023-09-06,9863
1733,五鼎,13,0,13,元大-和平,2023-09-06,9863
2399,映泰,13,0,13,元大-和平,2023-09-06,9863
00902,中信電池及儲能,12,0,12,元大-和平,2023-09-06,9863
2002,中鋼,14,2,12,元大-和平,2023-09-06,9863
3163,波若威,51,39,12,元大-和平,2023-09-06,9863
00900,富邦特選高股息30,12,0,12,元大-和平,2023-09-06,9863
6191,精成科,28,16,12,元大-和平,2023-09-06,9863
00931B,統一美債20年,11,0,11,元大-和平,2023-09-06,9863
00930,永豐ESG低碳高息,11,0,11,元大-和平,2023-09-06,9863
00915,凱基優選高股息30,21,10,11,元大-和平,2023-09-06,9863
2618,長榮航,16,5,11,元大-和平,2023-09-06,9863
3444,利機,11,0,11,元大-和平,2023-09-06,9863
2880,華南金,11,0,11,元大-和平,2023-09-06,9863
6139,亞翔,10,0,10,元大-和平,2023-09-06,9863
4961,天鈺,18,8,10,元大-和平,2023-09-06,9863
2903,遠百,10,0,10,元大-和平,2023-09-06,9863
2913,農林,10,0,10,元大-和平,2023-09-06,9863
3305,昇貿,10,0,10,元大-和平,2023-09-06,9863
3508,位速,10,0,10,元大-和平,2023-09-06,9863
8431,匯鑽科,10,0,10,元大-和平,2023-09-06,9863
6278,台表科,10,0,10,元大-和平,2023-09-06,9863
3704,合勤控,20,11,9,元大-和平,2023-09-06,9863
00919,群益台灣精選高息,148,0,148,元大-和平,2023-09-07,9863
00632R,元大台灣50反1,101,0,101,元大-和平,2023-09-07,9863
2409,友達,93,3,90,元大-和平,2023-09-07,9863
8927,北基,68,0,68,元大-和平,2023-09-07,9863
2913,農林,62,0,62,元大-和平,2023-09-07,9863
3231,緯創,66,16,50,元大-和平,2023-09-07,9863
6153,嘉聯益,50,0,50,元大-和平,2023-09-07,9863
2313,華通,69,20,49,元大-和平,2023-09-07,9863
2330,台積電,39,3,36,元大-和平,2023-09-07,9863
00932,兆豐永續高息等權,32,1,31,元大-和平,2023-09-07,9863
3169,亞信,33,3,30,元大-和平,2023-09-07,9863
2903,遠百,30,0,30,元大-和平,2023-09-07,9863
00900,富邦特選高股息30,31,2,29,元大-和平,2023-09-07,9863
2317,鴻海,28,0,28,元大-和平,2023-09-07,9863
00929,復華台灣科技優息,60,33,27,元大-和平,2023-09-07,9863
9945,潤泰新,26,0,26,元大-和平,2023-09-07,9863
1802,台玻,37,12,25,元大-和平,2023-09-07,9863
8431,匯鑽科,25,0,25,元大-和平,2023-09-07,9863
2332,友訊,23,0,23,元大-和平,2023-09-07,9863
3704,合勤控,28,7,21,元大-和平,2023-09-07,9863
3088,艾訊,21,0,21,元大-和平,2023-09-07,9863
1733,五鼎,20,0,20,元大-和平,2023-09-07,9863
2002,中鋼,20,2,18,元大-和平,2023-09-07,9863
2027,大成鋼,18,0,18,元大-和平,2023-09-07,9863
1101,台泥,15,0,15,元大-和平,2023-09-07,9863
1513,中興電,16,1,15,元大-和平,2023-09-07,9863
3481,群創,17,2,15,元大-和平,2023-09-07,9863
3715,定穎投控,45,30,15,元大-和平,2023-09-07,9863
2436,偉詮電,31,16,15,元大-和平,2023-09-07,9863
1524,耿鼎,17,3,14,元大-和平,2023-09-07,9863
6191,精成科,17,4,13,元大-和平,2023-09-07,9863
3548,兆利,17,5,12,元大-和平,2023-09-07,9863
2485,兆赫,27,15,12,元大-和平,2023-09-07,9863
00878,國泰永續高股息,12,0,12,元大-和平,2023-09-07,9863
8112,至上,25,14,11,元大-和平,2023-09-07,9863
00751B,元大AAA至A公司債,11,0,11,元大-和平,2023-09-07,9863
2891,中信金,11,0,11,元大-和平,2023-09-07,9863
6486,互動,11,0,11,元大-和平,2023-09-07,9863
6139,亞翔,13,3,10,元大-和平,2023-09-07,9863
3444,利機,10,0,10,元大-和平,2023-09-07,9863
4123,晟德,10,0,10,元大-和平,2023-09-07,9863
4906,正文,13,3,10,元大-和平,2023-09-07,9863
5258,虹堡,13,3,10,元大-和平,2023-09-07,9863
2382,廣達,15,6,9,元大-和平,2023-09-07,9863
2356,英業達,16,7,9,元大-和平,2023-09-07,9863
00923,群益台ESG低碳50,10,1,9,元大-和平,2023-09-07,9863
2328,廣宇,10,1,9,元大-和平,2023-09-07,9863
2486,一詮,17,8,9,元大-和平,2023-09-07,9863
2324,仁寶,16,8,8,元大-和平,2023-09-07,9863
8016,矽創,8,0,8,元大-和平,2023-09-07,9863
3363,上詮,179,34,145,元大-和平,2023-09-08,9863
00929,復華台灣科技優息,154,26,128,元大-和平,2023-09-08,9863
00919,群益台灣精選高息,96,4,92,元大-和平,2023-09-08,9863
00637L,元大滬深300正2,76,3,73,元大-和平,2023-09-08,9863
1618,合機,86,16,70,元大-和平,2023-09-08,9863
2618,長榮航,77,8,69,元大-和平,2023-09-08,9863
2358,廷鑫,158,98,60,元大-和平,2023-09-08,9863
1319,東陽,87,29,58,元大-和平,2023-09-08,9863
2356,英業達,61,4,57,元大-和平,2023-09-08,9863
3711,日月光投控,27,1,26,元大-和平,2023-09-08,9863
2436,偉詮電,44,19,25,元大-和平,2023-09-08,9863
9105,泰金寶-DR,35,10,25,元大-和平,2023-09-08,9863
6438,迅得,23,0,23,元大-和平,2023-09-08,9863
00932,兆豐永續高息等權,22,0,22,元大-和平,2023-09-08,9863
00931B,統一美債20年,21,0,21,元大-和平,2023-09-08,9863
0056,元大高股息,22,2,20,元大-和平,2023-09-08,9863
2340,台亞,20,0,20,元大-和平,2023-09-08,9863
6120,達運,20,0,20,元大-和平,2023-09-08,9863
2890,永豐金,20,0,20,元大-和平,2023-09-08,9863
00712,復華富時不動產,20,1,19,元大-和平,2023-09-08,9863
4916,事欣科,20,1,19,元大-和平,2023-09-08,9863
3017,奇鋐,21,3,18,元大-和平,2023-09-08,9863
4114,健喬,18,0,18,元大-和平,2023-09-08,9863
1605,華新,22,4,18,元大-和平,2023-09-08,9863
3356,奇偶,16,0,16,元大-和平,2023-09-08,9863
2308,台達電,17,2,15,元大-和平,2023-09-08,9863
2206,三陽工業,16,1,15,元大-和平,2023-09-08,9863
2891,中信金,15,0,15,元大-和平,2023-09-08,9863
00900,富邦特選高股息30,14,0,14,元大-和平,2023-09-08,9863
00902,中信電池及儲能,14,0,14,元大-和平,2023-09-08,9863
1813,寶利徠,13,0,13,元大-和平,2023-09-08,9863
4908,前鼎,13,0,13,元大-和平,2023-09-08,9863
6411,晶焱,13,0,13,元大-和平,2023-09-08,9863
2363,矽統,35,22,13,元大-和平,2023-09-08,9863
2330,台積電,16,3,13,元大-和平,2023-09-08,9863
2382,廣達,19,7,12,元大-和平,2023-09-08,9863
00713,元大台灣高息低波,11,0,11,元大-和平,2023-09-08,9863
8069,元太,12,1,11,元大-和平,2023-09-08,9863
1802,台玻,11,0,11,元大-和平,2023-09-08,9863
2332,友訊,12,1,11,元大-和平,2023-09-08,9863
2383,台光電,11,1,10,元大-和平,2023-09-08,9863
1201,味全,10,0,10,元大-和平,2023-09-08,9863
1229,聯華,10,0,10,元大-和平,2023-09-08,9863
2401,凌陽,10,0,10,元大-和平,2023-09-08,9863
2409,友達,12,2,10,元大-和平,2023-09-08,9863
2413,環科,10,0,10,元大-和平,2023-09-08,9863
6138,茂達,11,1,10,元大-和平,2023-09-08,9863
1101,台泥,10,1,9,元大-和平,2023-09-08,9863
2313,華通,21,12,9,元大-和平,2023-09-08,9863
2338,光罩,9,0,9,元大-和平,2023-09-08,9863
00878,國泰永續高股息,195,21,174,元大-和平,2023-09-11,9863
3363,上詮,178,45,133,元大-和平,2023-09-11,9863
00687B,國泰20年美債,104,0,104,元大-和平,2023-09-11,9863
00919,群益台灣精選高息,108,6,102,元大-和平,2023-09-11,9863
2363,矽統,87,15,72,元大-和平,2023-09-11,9863
0056,元大高股息,101,37,64,元大-和平,2023-09-11,9863
00929,復華台灣科技優息,59,1,58,元大-和平,2023-09-11,9863
2913,農林,51,1,50,元大-和平,2023-09-11,9863
6770,力積電,43,0,43,元大-和平,2023-09-11,9863
00751B,元大AAA至A公司債,36,0,36,元大-和平,2023-09-11,9863
1522,堤維西,35,0,35,元大-和平,2023-09-11,9863
00931B,統一美債20年,35,0,35,元大-和平,2023-09-11,9863
6026,福邦證,27,0,27,元大-和平,2023-09-11,9863
2645,長榮航太,28,4,24,元大-和平,2023-09-11,9863
2888,新光金,56,33,23,元大-和平,2023-09-11,9863
2352,佳世達,52,29,23,元大-和平,2023-09-11,9863
3711,日月光投控,21,0,21,元大-和平,2023-09-11,9863
00932,兆豐永續高息等權,20,0,20,元大-和平,2023-09-11,9863
5388,中磊,20,0,20,元大-和平,2023-09-11,9863
9105,泰金寶-DR,20,0,20,元大-和平,2023-09-11,9863
00712,復華富時不動產,20,0,20,元大-和平,2023-09-11,9863
3231,緯創,108,89,19,元大-和平,2023-09-11,9863
00900,富邦特選高股息30,20,2,18,元大-和平,2023-09-11,9863
3715,定穎投控,37,20,17,元大-和平,2023-09-11,9863
3037,欣興,17,0,17,元大-和平,2023-09-11,9863
2313,華通,22,6,16,元大-和平,2023-09-11,9863
4746,台耀,19,4,15,元大-和平,2023-09-11,9863
2405,輔信,24,10,14,元大-和平,2023-09-11,9863
1618,合機,22,8,14,元大-和平,2023-09-11,9863
00679B,元大美債20年,13,0,13,元大-和平,2023-09-11,9863
3013,晟銘電,14,1,13,元大-和平,2023-09-11,9863
2002,中鋼,13,0,13,元大-和平,2023-09-11,9863
4960,誠美材,13,0,13,元大-和平,2023-09-11,9863
00918,大華優利高填息30,13,0,13,元大-和平,2023-09-11,9863
6125,廣運,11,0,11,元大-和平,2023-09-11,9863
6191,精成科,17,6,11,元大-和平,2023-09-11,9863
6486,互動,11,0,11,元大-和平,2023-09-11,9863
1108,幸福,10,0,10,元大-和平,2023-09-11,9863
00655L,國泰中國A50正2,10,0,10,元大-和平,2023-09-11,9863
2103,台橡,10,0,10,元大-和平,2023-09-11,9863
2332,友訊,10,0,10,元大-和平,2023-09-11,9863
2855,統一證,10,0,10,元大-和平,2023-09-11,9863
3311,閎暉,10,0,10,元大-和平,2023-09-11,9863
4533,協易機,10,0,10,元大-和平,2023-09-11,9863
6234,高僑,10,0,10,元大-和平,2023-09-11,9863
2374,佳能,14,5,9,元大-和平,2023-09-11,9863
4142,國光生,11,2,9,元大-和平,2023-09-11,9863
6117,迎廣,9,0,9,元大-和平,2023-09-11,9863
2376,技嘉,21,12,9,元大-和平,2023-09-11,9863
6284,佳邦,13,5,8,元大-和平,2023-09-11,9863
00929,復華台灣科技優息,356,5,351,元大-和平,2023-09-12,9863
2409,友達,206,20,186,元大-和平,2023-09-12,9863
00919,群益台灣精選高息,88,10,78,元大-和平,2023-09-12,9863
3363,上詮,100,32,68,元大-和平,2023-09-12,9863
00923,群益台ESG低碳50,62,1,61,元大-和平,2023-09-12,9863
2358,廷鑫,30,0,30,元大-和平,2023-09-12,9863
3105,穩懋,30,0,30,元大-和平,2023-09-12,9863
2382,廣達,51,21,30,元大-和平,2023-09-12,9863
4402,郡都開發,27,0,27,元大-和平,2023-09-12,9863
2374,佳能,27,0,27,元大-和平,2023-09-12,9863
3059,華晶科,24,0,24,元大-和平,2023-09-12,9863
8112,至上,35,14,21,元大-和平,2023-09-12,9863
6282,康舒,84,65,19,元大-和平,2023-09-12,9863
1471,首利,22,3,19,元大-和平,2023-09-12,9863
6770,力積電,17,0,17,元大-和平,2023-09-12,9863
3325,旭品,18,2,16,元大-和平,2023-09-12,9863
2376,技嘉,21,5,16,元大-和平,2023-09-12,9863
3162,精確,15,0,15,元大-和平,2023-09-12,9863
00885,富邦越南,14,0,14,元大-和平,2023-09-12,9863
6486,互動,13,0,13,元大-和平,2023-09-12,9863
2355,敬鵬,17,5,12,元大-和平,2023-09-12,9863
2399,映泰,13,1,12,元大-和平,2023-09-12,9863
6167,久正,12,0,12,元大-和平,2023-09-12,9863
6235,華孚,13,1,12,元大-和平,2023-09-12,9863
4736,泰博,11,0,11,元大-和平,2023-09-12,9863
1603,華電,11,0,11,元大-和平,2023-09-12,9863
2359,所羅門,11,0,11,元大-和平,2023-09-12,9863
2801,彰銀,10,0,10,元大-和平,2023-09-12,9863
2903,遠百,10,0,10,元大-和平,2023-09-12,9863
3043,科風,10,0,10,元大-和平,2023-09-12,9863
3515,華擎,10,0,10,元大-和平,2023-09-12,9863
4129,聯合,10,0,10,元大-和平,2023-09-12,9863
4513,福裕,10,0,10,元大-和平,2023-09-12,9863
6715,嘉基,10,0,10,元大-和平,2023-09-12,9863
00895,富邦未來車,10,0,10,元大-和平,2023-09-12,9863
1217,愛之味,10,0,10,元大-和平,2023-09-12,9863
00679B,元大美債20年,9,0,9,元大-和平,2023-09-12,9863
3231,緯創,38,29,9,元大-和平,2023-09-12,9863
2324,仁寶,20,11,9,元大-和平,2023-09-12,9863
8038,長園科,9,0,9,元大-和平,2023-09-12,9863
8442,威宏-KY,9,0,9,元大-和平,2023-09-12,9863
00712,復華富時不動產,11,2,9,元大-和平,2023-09-12,9863
2356,英業達,16,8,8,元大-和平,2023-09-12,9863
3680,家登,8,0,8,元大-和平,2023-09-12,9863
00713,元大台灣高息低波,8,0,8,元大-和平,2023-09-12,9863
00893,國泰智能電動車,8,0,8,元大-和平,2023-09-12,9863
1605,華新,10,2,8,元大-和平,2023-09-12,9863
2645,長榮航太,12,4,8,元大-和平,2023-09-12,9863
2485,兆赫,13,6,7,元大-和平,2023-09-12,9863
00882,中信中國高股息,7,0,7,元大-和平,2023-09-12,9863
5258,虹堡,344,4,340,元大-和平,2023-09-13,9863
3363,上詮,270,37,233,元大-和平,2023-09-13,9863
00919,群益台灣精選高息,99,0,99,元大-和平,2023-09-13,9863
2883,凱基金,73,0,73,元大-和平,2023-09-13,9863
6715,嘉基,70,0,70,元大-和平,2023-09-13,9863
00929,復華台灣科技優息,72,9,63,元大-和平,2023-09-13,9863
2903,遠百,50,0,50,元大-和平,2023-09-13,9863
2610,華航,32,3,29,元大-和平,2023-09-13,9863
6486,互動,28,0,28,元大-和平,2023-09-13,9863
2352,佳世達,36,9,27,元大-和平,2023-09-13,9863
1303,南亞,24,0,24,元大-和平,2023-09-13,9863
5009,榮剛,25,1,24,元大-和平,2023-09-13,9863
00712,復華富時不動產,23,0,23,元大-和平,2023-09-13,9863
00751B,元大AAA至A公司債,22,0,22,元大-和平,2023-09-13,9863
4561,健椿,21,0,21,元大-和平,2023-09-13,9863
2801,彰銀,20,0,20,元大-和平,2023-09-13,9863
1720,生達,20,0,20,元大-和平,2023-09-13,9863
2540,愛山林,22,2,20,元大-和平,2023-09-13,9863
3049,精金,20,0,20,元大-和平,2023-09-13,9863
3711,日月光投控,19,0,19,元大-和平,2023-09-13,9863
00878,國泰永續高股息,26,7,19,元大-和平,2023-09-13,9863
1313,聯成,19,0,19,元大-和平,2023-09-13,9863
3548,兆利,49,31,18,元大-和平,2023-09-13,9863
3231,緯創,29,14,15,元大-和平,2023-09-13,9863
00715L,期街口布蘭特正2,17,2,15,元大-和平,2023-09-13,9863
2637,慧洋-KY,15,0,15,元大-和平,2023-09-13,9863
2609,陽明,16,1,15,元大-和平,2023-09-13,9863
3704,合勤控,33,19,14,元大-和平,2023-09-13,9863
3308,聯德,14,0,14,元大-和平,2023-09-13,9863
6285,啟��,12,0,12,元大-和平,2023-09-13,9863
2331,精英,11,0,11,元大-和平,2023-09-13,9863
00931B,統一美債20年,11,0,11,元大-和平,2023-09-13,9863
3059,華晶科,12,1,11,元大-和平,2023-09-13,9863
3380,明泰,13,3,10,元大-和平,2023-09-13,9863
1504,東元,11,1,10,元大-和平,2023-09-13,9863
1618,合機,10,0,10,元大-和平,2023-09-13,9863
2545,皇翔,10,0,10,元大-和平,2023-09-13,9863
3105,穩懋,10,0,10,元大-和平,2023-09-13,9863
3706,神達,12,2,10,元大-和平,2023-09-13,9863
6523,達爾膚,10,0,10,元大-和平,2023-09-13,9863
6592,和潤企業,10,0,10,元大-和平,2023-09-13,9863
3346,麗清,14,5,9,元大-和平,2023-09-13,9863
00882,中信中國高股息,9,0,9,元大-和平,2023-09-13,9863
2442,新美齊,9,0,9,元大-和平,2023-09-13,9863
6741,91APP*-KY,9,0,9,元大-和平,2023-09-13,9863
8442,威宏-KY,9,0,9,元大-和平,2023-09-13,9863
2313,華通,25,17,8,元大-和平,2023-09-13,9863
2645,長榮航太,8,0,8,元大-和平,2023-09-13,9863
6414,樺漢,8,0,8,元大-和平,2023-09-13,9863
2330,台積電,8,0,8,元大-和平,2023-09-13,9863
00632R,元大台灣50反1,403,0,403,元大-和平,2023-09-14,9863
00929,復華台灣科技優息,145,19,126,元大-和平,2023-09-14,9863
2313,華通,619,507,112,元大-和平,2023-09-14,9863
00919,群益台灣精選高息,104,7,97,元大-和平,2023-09-14,9863
2801,彰銀,81,0,81,元大-和平,2023-09-14,9863
00679B,元大美債20年,57,0,57,元大-和平,2023-09-14,9863
4561,健椿,37,0,37,元大-和平,2023-09-14,9863
3450,聯鈞,42,8,34,元大-和平,2023-09-14,9863
2401,凌陽,33,0,33,元大-和平,2023-09-14,9863
2617,台航,31,0,31,元大-和平,2023-09-14,9863
2903,遠百,30,0,30,元大-和平,2023-09-14,9863
3709,鑫聯大投控,28,0,28,元大-和平,2023-09-14,9863
3363,上詮,53,28,25,元大-和平,2023-09-14,9863
2645,長榮航太,24,0,24,元大-和平,2023-09-14,9863
2486,一詮,62,39,23,元大-和平,2023-09-14,9863
3548,兆利,27,5,22,元大-和平,2023-09-14,9863
2610,華航,21,0,21,元大-和平,2023-09-14,9863
8048,德勝,27,6,21,元大-和平,2023-09-14,9863
00673R,期元大S＆P原油反1,19,0,19,元大-和平,2023-09-14,9863
6515,穎崴,18,1,17,元大-和平,2023-09-14,9863
1524,耿鼎,19,3,16,元大-和平,2023-09-14,9863
00712,復華富時不動產,16,0,16,元大-和平,2023-09-14,9863
4979,華星光,33,18,15,元大-和平,2023-09-14,9863
2337,旺宏,18,4,14,元大-和平,2023-09-14,9863
2371,大同,21,7,14,元大-和平,2023-09-14,9863
00902,中信電池及儲能,13,0,13,元大-和平,2023-09-14,9863
3704,合勤控,18,6,12,元大-和平,2023-09-14,9863
6123,上奇,12,0,12,元大-和平,2023-09-14,9863
2308,台達電,11,0,11,元大-和平,2023-09-14,9863
00715L,期街口布蘭特正2,10,0,10,元大-和平,2023-09-14,9863
00637L,元大滬深300正2,10,0,10,元大-和平,2023-09-14,9863
2323,中環,10,0,10,元大-和平,2023-09-14,9863
2886,兆豐金,10,0,10,元大-和平,2023-09-14,9863
6231,系微,12,2,10,元大-和平,2023-09-14,9863
5258,虹堡,42,32,10,元大-和平,2023-09-14,9863
3025,星通,23,13,10,元大-和平,2023-09-14,9863
1319,東陽,37,28,9,元大-和平,2023-09-14,9863
1504,東元,16,7,9,元大-和平,2023-09-14,9863
2331,精英,9,1,8,元大-和平,2023-09-14,9863
2354,鴻準,30,22,8,元大-和平,2023-09-14,9863
6223,旺矽,12,4,8,元大-和平,2023-09-14,9863
2393,億光,8,0,8,元大-和平,2023-09-14,9863
3289,宜特,8,0,8,元大-和平,2023-09-14,9863
5269,祥碩,9,1,8,元大-和平,2023-09-14,9863
2427,三商電,10,3,7,元大-和平,2023-09-14,9863
3013,晟銘電,33,26,7,元大-和平,2023-09-14,9863
2454,聯發科,7,0,7,元大-和平,2023-09-14,9863
2402,毅嘉,6,0,6,元大-和平,2023-09-14,9863
2485,兆赫,6,0,6,元大-和平,2023-09-14,9863
2704,國賓,6,0,6,元大-和平,2023-09-14,9863
3363,上詮,1270,43,1227,元大-和平,2023-09-15,9863
3450,聯鈞,341,54,287,元大-和平,2023-09-15,9863
2409,友達,203,9,194,元大-和平,2023-09-15,9863
00929,復華台灣科技優息,148,27,121,元大-和平,2023-09-15,9863
00687B,國泰20年美債,105,0,105,元大-和平,2023-09-15,9863
3706,神達,60,12,48,元大-和平,2023-09-15,9863
5263,智崴,42,0,42,元大-和平,2023-09-15,9863
1802,台玻,39,0,39,元大-和平,2023-09-15,9863
6257,矽格,43,4,39,元大-和平,2023-09-15,9863
2317,鴻海,36,0,36,元大-和平,2023-09-15,9863
2903,遠百,29,0,29,元大-和平,2023-09-15,9863
2890,永豐金,25,3,22,元大-和平,2023-09-15,9863
2880,華南金,20,0,20,元大-和平,2023-09-15,9863
00751B,元大AAA至A公司債,20,0,20,元大-和平,2023-09-15,9863
6715,嘉基,31,12,19,元大-和平,2023-09-15,9863
2371,大同,23,5,18,元大-和平,2023-09-15,9863
6116,彩晶,37,20,17,元大-和平,2023-09-15,9863
6486,互動,17,0,17,元大-和平,2023-09-15,9863
00679B,元大美債20年,16,0,16,元大-和平,2023-09-15,9863
00931B,統一美債20年,16,0,16,元大-和平,2023-09-15,9863
3592,瑞鼎,19,3,16,元大-和平,2023-09-15,9863
3715,定穎投控,35,22,13,元大-和平,2023-09-15,9863
3481,群創,13,0,13,元大-和平,2023-09-15,9863
2618,長榮航,15,4,11,元大-和平,2023-09-15,9863
00713,元大台灣高息低波,11,0,11,元大-和平,2023-09-15,9863
00712,復華富時不動產,11,0,11,元大-和平,2023-09-15,9863
1568,倉佑,10,0,10,元大-和平,2023-09-15,9863
00915,凱基優選高股息30,10,0,10,元大-和平,2023-09-15,9863
00905,FT臺灣Smart,10,0,10,元大-和平,2023-09-15,9863
2033,佳大,10,0,10,元大-和平,2023-09-15,9863
2497,怡利電,10,0,10,元大-和平,2023-09-15,9863
2645,長榮航太,11,1,10,元大-和平,2023-09-15,9863
3005,神基,10,0,10,元大-和平,2023-09-15,9863
6125,廣運,10,0,10,元大-和平,2023-09-15,9863
6668,中揚光,14,4,10,元大-和平,2023-09-15,9863
4746,台耀,10,0,10,元大-和平,2023-09-15,9863
1522,堤維西,38,29,9,元大-和平,2023-09-15,9863
8927,北基,9,0,9,元大-和平,2023-09-15,9863
2331,精英,9,0,9,元大-和平,2023-09-15,9863
3380,明泰,10,1,9,元大-和平,2023-09-15,9863
3163,波若威,45,36,9,元大-和平,2023-09-15,9863
2634,漢翔,16,8,8,元大-和平,2023-09-15,9863
00878,國泰永續高股息,16,8,8,元大-和平,2023-09-15,9863
1339,昭輝,9,1,8,元大-和平,2023-09-15,9863
8176,智捷,8,0,8,元大-和平,2023-09-15,9863
2884,玉山金,13,5,8,元大-和平,2023-09-15,9863
2009,第一銅,8,0,8,元大-和平,2023-09-15,9863
00795B,中信美國公債20年,7,0,7,元大-和平,2023-09-15,9863
2332,友訊,7,0,7,元大-和平,2023-09-15,9863
00764B,群益25年美債,6,0,6,元大-和平,2023-09-15,9863
00878,國泰永續高股息,167,20,147,元大-和平,2023-09-18,9863
00919,群益台灣精選高息,135,2,133,元大-和平,2023-09-18,9863
2354,鴻準,65,0,65,元大-和平,2023-09-18,9863
2363,矽統,77,18,59,元大-和平,2023-09-18,9863
00751B,元大AAA至A公司債,48,0,48,元大-和平,2023-09-18,9863
3008,大立光,37,0,37,元大-和平,2023-09-18,9863
2355,敬鵬,29,1,28,元大-和平,2023-09-18,9863
3491,昇達科,29,2,27,元大-和平,2023-09-18,9863
00795B,中信美國公債20年,26,0,26,元大-和平,2023-09-18,9863
2401,凌陽,31,5,26,元大-和平,2023-09-18,9863
2330,台積電,26,1,25,元大-和平,2023-09-18,9863
2382,廣達,36,13,23,元大-和平,2023-09-18,9863
2352,佳世達,28,6,22,元大-和平,2023-09-18,9863
00929,復華台灣科技優息,214,192,22,元大-和平,2023-09-18,9863
2356,英業達,44,23,21,元大-和平,2023-09-18,9863
3715,定穎投控,59,38,21,元大-和平,2023-09-18,9863
00931B,統一美債20年,20,0,20,元大-和平,2023-09-18,9863
3006,晶豪科,24,5,19,元大-和平,2023-09-18,9863
00687B,國泰20年美債,16,0,16,元大-和平,2023-09-18,9863
00715L,期街口布蘭特正2,16,0,16,元大-和平,2023-09-18,9863
00679B,元大美債20年,15,0,15,元大-和平,2023-09-18,9863
00720B,元大投資級公司債,15,0,15,元大-和平,2023-09-18,9863
2303,聯電,15,0,15,元大-和平,2023-09-18,9863
6486,互動,15,0,15,元大-和平,2023-09-18,9863
6715,嘉基,15,0,15,元大-和平,2023-09-18,9863
00923,群益台ESG低碳50,15,0,15,元大-和平,2023-09-18,9863
2637,慧洋-KY,17,3,14,元大-和平,2023-09-18,9863
5263,智崴,14,0,14,元大-和平,2023-09-18,9863
3260,威剛,14,1,13,元大-和平,2023-09-18,9863
6138,茂達,14,1,13,元大-和平,2023-09-18,9863
2743,山富,14,2,12,元大-和平,2023-09-18,9863
2317,鴻海,13,2,11,元大-和平,2023-09-18,9863
2027,大成鋼,18,7,11,元大-和平,2023-09-18,9863
3035,智原,14,3,11,元大-和平,2023-09-18,9863
3037,欣興,11,1,10,元大-和平,2023-09-18,9863
4746,台耀,10,0,10,元大-和平,2023-09-18,9863
3583,辛耘,10,0,10,元大-和平,2023-09-18,9863
00877,復華中國5G,10,0,10,元大-和平,2023-09-18,9863
00655L,國泰中國A50正2,10,0,10,元大-和平,2023-09-18,9863
00673R,期元大S＆P原油反1,10,0,10,元大-和平,2023-09-18,9863
2033,佳大,10,0,10,元大-和平,2023-09-18,9863
2323,中環,10,0,10,元大-和平,2023-09-18,9863
2883B,凱基金乙特,10,0,10,元大-和平,2023-09-18,9863
3206,志豐,10,0,10,元大-和平,2023-09-18,9863
3481,群創,10,0,10,元大-和平,2023-09-18,9863
4561,健椿,10,0,10,元大-和平,2023-09-18,9863
6123,上奇,10,0,10,元大-和平,2023-09-18,9863
2427,三商電,28,19,9,元大-和平,2023-09-18,9863
3545,敦泰,21,12,9,元大-和平,2023-09-18,9863
1504,東元,11,2,9,元大-和平,2023-09-18,9863
00929,復華台灣科技優息,309,10,299,元大-和平,2023-09-19,9863
3363,上詮,134,42,92,元大-和平,2023-09-19,9863
00919,群益台灣精選高息,54,4,50,元大-和平,2023-09-19,9863
4906,正文,50,2,48,元大-和平,2023-09-19,9863
3035,智原,54,21,33,元大-和平,2023-09-19,9863
6173,信昌電,33,0,33,元大-和平,2023-09-19,9863
00751B,元大AAA至A公司債,30,0,30,元大-和平,2023-09-19,9863
6486,互動,29,0,29,元大-和平,2023-09-19,9863
3231,緯創,60,34,26,元大-和平,2023-09-19,9863
2330,台積電,26,1,25,元大-和平,2023-09-19,9863
6116,彩晶,25,0,25,元大-和平,2023-09-19,9863
00921,兆豐龍頭等權重,23,0,23,元大-和平,2023-09-19,9863
4961,天鈺,30,8,22,元大-和平,2023-09-19,9863
4746,台耀,20,0,20,元大-和平,2023-09-19,9863
2356,英業達,25,6,19,元大-和平,2023-09-19,9863
1101,台泥,18,0,18,元大-和平,2023-09-19,9863
6901,鑽石投資,21,4,17,元大-和平,2023-09-19,9863
2388,威盛,37,20,17,元大-和平,2023-09-19,9863
6274,台燿,30,13,17,元大-和平,2023-09-19,9863
00878,國泰永續高股息,17,0,17,元大-和平,2023-09-19,9863
0056,元大高股息,17,1,16,元大-和平,2023-09-19,9863
2606,裕民,22,6,16,元大-和平,2023-09-19,9863
3576,聯合再生,15,0,15,元大-和平,2023-09-19,9863
2367,燿華,40,26,14,元大-和平,2023-09-19,9863
3037,欣興,18,5,13,元大-和平,2023-09-19,9863
8996,高力,12,0,12,元大-和平,2023-09-19,9863
2462,良得電,12,0,12,元大-和平,2023-09-19,9863
3406,玉晶光,12,0,12,元大-和平,2023-09-19,9863
3163,波若威,21,10,11,元大-和平,2023-09-19,9863
00679B,元大美債20年,11,0,11,元大-和平,2023-09-19,9863
2609,陽明,12,1,11,元大-和平,2023-09-19,9863
2329,華泰,10,0,10,元大-和平,2023-09-19,9863
2338,光罩,10,0,10,元大-和平,2023-09-19,9863
4561,健椿,10,0,10,元大-和平,2023-09-19,9863
6138,茂達,10,0,10,元大-和平,2023-09-19,9863
6191,精成科,11,1,10,元大-和平,2023-09-19,9863
6213,聯茂,10,0,10,元大-和平,2023-09-19,9863
00891,中信關鍵半導體,10,1,9,元大-和平,2023-09-19,9863
8155,博智,8,0,8,元大-和平,2023-09-19,9863
2355,敬鵬,8,1,7,元大-和平,2023-09-19,9863
2641,正德,13,6,7,元大-和平,2023-09-19,9863
8044,網家,7,0,7,元大-和平,2023-09-19,9863
2888,新光金,7,0,7,元大-和平,2023-09-19,9863
1584,精剛,12,5,7,元大-和平,2023-09-19,9863
3545,敦泰,11,5,6,元大-和平,2023-09-19,9863
00902,中信電池及儲能,6,0,6,元大-和平,2023-09-19,9863
5009,榮剛,8,2,6,元大-和平,2023-09-19,9863
3362,先進光,21,15,6,元大-和平,2023-09-19,9863
8478,東哥遊艇,8,2,6,元大-和平,2023-09-19,9863
2387,精元,7,1,6,元大-和平,2023-09-19,9863
00921,兆豐龍頭等權重,74,0,74,元大-和平,2023-09-20,9863
00919,群益台灣精選高息,105,35,70,元大-和平,2023-09-20,9863
3363,上詮,74,12,62,元大-和平,2023-09-20,9863
2614,東森,60,0,60,元大-和平,2023-09-20,9863
6282,康舒,59,3,56,元大-和平,2023-09-20,9863
2882,國泰金,46,0,46,元大-和平,2023-09-20,9863
2201,裕隆,46,4,42,元大-和平,2023-09-20,9863
00713,元大台灣高息低波,34,0,34,元大-和平,2023-09-20,9863
6285,啟��,46,14,32,元大-和平,2023-09-20,9863
2330,台積電,31,0,31,元大-和平,2023-09-20,9863
2313,華通,74,44,30,元大-和平,2023-09-20,9863
4908,前鼎,34,6,28,元大-和平,2023-09-20,9863
2409,友達,22,0,22,元大-和平,2023-09-20,9863
2540,愛山林,20,0,20,元大-和平,2023-09-20,9863
2618,長榮航,26,7,19,元大-和平,2023-09-20,9863
2324,仁寶,22,3,19,元大-和平,2023-09-20,9863
2332,友訊,22,5,17,元大-和平,2023-09-20,9863
3037,欣興,21,5,16,元大-和平,2023-09-20,9863
3231,緯創,40,24,16,元大-和平,2023-09-20,9863
2367,燿華,36,20,16,元大-和平,2023-09-20,9863
00932,兆豐永續高息等權,16,0,16,元大-和平,2023-09-20,9863
3092,鴻碩,31,16,15,元大-和平,2023-09-20,9863
2605,新興,30,16,14,元大-和平,2023-09-20,9863
3163,波若威,29,16,13,元大-和平,2023-09-20,9863
6138,茂達,13,0,13,元大-和平,2023-09-20,9863
2363,矽統,43,31,12,元大-和平,2023-09-20,9863
5328,華容,13,1,12,元大-和平,2023-09-20,9863
8081,致新,17,5,12,元大-和平,2023-09-20,9863
3034,聯詠,11,0,11,元大-和平,2023-09-20,9863
00931B,統一美債20年,11,0,11,元大-和平,2023-09-20,9863
2498,宏達電,11,0,11,元大-和平,2023-09-20,9863
6486,互動,11,0,11,元大-和平,2023-09-20,9863
8069,元太,14,3,11,元大-和平,2023-09-20,9863
1802,台玻,19,8,11,元大-和平,2023-09-20,9863
1101,台泥,12,2,10,元大-和平,2023-09-20,9863
2027,大成鋼,11,1,10,元大-和平,2023-09-20,9863
5483,中美晶,10,0,10,元大-和平,2023-09-20,9863
2301,光寶科,10,0,10,元大-和平,2023-09-20,9863
2903,遠百,10,0,10,元大-和平,2023-09-20,9863
4746,台耀,10,0,10,元大-和平,2023-09-20,9863
6015,宏遠證,10,0,10,元大-和平,2023-09-20,9863
3260,威剛,9,0,9,元大-和平,2023-09-20,9863
2645,長榮航太,9,0,9,元大-和平,2023-09-20,9863
2915,潤泰全,9,0,9,元大-和平,2023-09-20,9863
2303,聯電,10,2,8,元大-和平,2023-09-20,9863
1813,寶利徠,8,0,8,元大-和平,2023-09-20,9863
5263,智崴,8,0,8,元大-和平,2023-09-20,9863
00878,國泰永續高股息,11,3,8,元大-和平,2023-09-20,9863
00722B,群益投資級電信債,7,0,7,元大-和平,2023-09-20,9863
00753L,中信中國50正2,7,0,7,元大-和平,2023-09-20,9863
0056,元大高股息,186,7,179,元大-和平,2023-09-21,9863
2903,遠百,126,0,126,元大-和平,2023-09-21,9863
3363,上詮,62,1,61,元大-和平,2023-09-21,9863
00637L,元大滬深300正2,56,0,56,元大-和平,2023-09-21,9863
6770,力積電,42,0,42,元大-和平,2023-09-21,9863
2614,東森,40,0,40,元大-和平,2023-09-21,9863
2801,彰銀,41,2,39,元大-和平,2023-09-21,9863
00900,富邦特選高股息30,39,0,39,元大-和平,2023-09-21,9863
00679B,元大美債20年,27,0,27,元大-和平,2023-09-21,9863
4746,台耀,29,2,27,元大-和平,2023-09-21,9863
2888,新光金,26,0,26,元大-和平,2023-09-21,9863
4561,健椿,26,0,26,元大-和平,2023-09-21,9863
6285,啟��,38,13,25,元大-和平,2023-09-21,9863
1584,精剛,89,65,24,元大-和平,2023-09-21,9863
1101,台泥,24,1,23,元大-和平,2023-09-21,9863
00897,富邦基因免疫生技,20,0,20,元大-和平,2023-09-21,9863
00753L,中信中國50正2,20,0,20,元大-和平,2023-09-21,9863
1710,東聯,20,0,20,元大-和平,2023-09-21,9863
2108,南帝,20,0,20,元大-和平,2023-09-21,9863
6005,群益證,20,0,20,元大-和平,2023-09-21,9863
8105,凌巨,20,0,20,元大-和平,2023-09-21,9863
00931B,統一美債20年,19,0,19,元大-和平,2023-09-21,9863
6531,愛普*,24,5,19,元大-和平,2023-09-21,9863
3338,泰碩,22,3,19,元大-和平,2023-09-21,9863
0050,元大台灣50,19,0,19,元大-和平,2023-09-21,9863
5009,榮剛,19,1,18,元大-和平,2023-09-21,9863
2425,承啟,18,0,18,元大-和平,2023-09-21,9863
2353,宏��,18,0,18,元大-和平,2023-09-21,9863
2885,元大金,21,4,17,元大-和平,2023-09-21,9863
2330,台積電,25,9,16,元大-和平,2023-09-21,9863
2317,鴻海,15,0,15,元大-和平,2023-09-21,9863
3008,大立光,15,0,15,元大-和平,2023-09-21,9863
00751B,元大AAA至A公司債,14,0,14,元大-和平,2023-09-21,9863
3036,文曄,26,12,14,元大-和平,2023-09-21,9863
00923,群益台ESG低碳50,13,0,13,元大-和平,2023-09-21,9863
2540,愛山林,17,4,13,元大-和平,2023-09-21,9863
3037,欣興,16,4,12,元大-和平,2023-09-21,9863
2345,智邦,13,1,12,元大-和平,2023-09-21,9863
2332,友訊,12,0,12,元大-和平,2023-09-21,9863
2027,大成鋼,14,2,12,元大-和平,2023-09-21,9863
2606,裕民,18,6,12,元大-和平,2023-09-21,9863
00878,國泰永續高股息,34,22,12,元大-和平,2023-09-21,9863
00713,元大台灣高息低波,11,0,11,元大-和平,2023-09-21,9863
2206,三陽工業,13,2,11,元大-和平,2023-09-21,9863
1108,幸福,10,0,10,元大-和平,2023-09-21,9863
1504,東元,13,3,10,元大-和平,2023-09-21,9863
2855,統一證,10,0,10,元大-和平,2023-09-21,9863
2913,農林,10,0,10,元大-和平,2023-09-21,9863
3276,宇環,16,6,10,元大-和平,2023-09-21,9863
4167,松瑞藥,10,0,10,元大-和平,2023-09-21,9863
00922,國泰台灣領袖50,120,5,115,元大-和平,2023-09-22,9863
2881,富邦金,108,0,108,元大-和平,2023-09-22,9863
00931B,統一美債20年,76,0,76,元大-和平,2023-09-22,9863
00751B,元大AAA至A公司債,76,0,76,元大-和平,2023-09-22,9863
00679B,元大美債20年,61,1,60,元大-和平,2023-09-22,9863
1584,精剛,52,6,46,元大-和平,2023-09-22,9863
2618,長榮航,67,28,39,元大-和平,2023-09-22,9863
00720B,元大投資級公司債,40,3,37,元大-和平,2023-09-22,9863
2363,矽統,92,61,31,元大-和平,2023-09-22,9863
00929,復華台灣科技優息,110,80,30,元大-和平,2023-09-22,9863
2201,裕隆,33,5,28,元大-和平,2023-09-22,9863
2354,鴻準,30,3,27,元大-和平,2023-09-22,9863
00632R,元大台灣50反1,48,21,27,元大-和平,2023-09-22,9863
00919,群益台灣精選高息,27,2,25,元大-和平,2023-09-22,9863
2891,中信金,21,0,21,元大-和平,2023-09-22,9863
2313,華通,27,6,21,元大-和平,2023-09-22,9863
00712,復華富時不動產,21,0,21,元大-和平,2023-09-22,9863
2330,台積電,22,1,21,元大-和平,2023-09-22,9863
0050,元大台灣50,18,1,17,元大-和平,2023-09-22,9863
00795B,中信美國公債20年,16,0,16,元大-和平,2023-09-22,9863
2610,華航,17,1,16,元大-和平,2023-09-22,9863
2301,光寶科,13,0,13,元大-和平,2023-09-22,9863
1101,台泥,13,1,12,元大-和平,2023-09-22,9863
2449,京元電子,11,1,10,元大-和平,2023-09-22,9863
2408,南亞科,10,0,10,元大-和平,2023-09-22,9863
2303,聯電,10,0,10,元大-和平,2023-09-22,9863
6005,群益證,10,0,10,元大-和平,2023-09-22,9863
00714,群益道瓊美國地產,10,0,10,元大-和平,2023-09-22,9863
1515,力山,10,0,10,元大-和平,2023-09-22,9863
1905,華紙,10,0,10,元大-和平,2023-09-22,9863
2401,凌陽,10,0,10,元大-和平,2023-09-22,9863
00932,兆豐永續高息等權,10,0,10,元大-和平,2023-09-22,9863
00713,元大台灣高息低波,9,0,9,元大-和平,2023-09-22,9863
3017,奇鋐,17,8,9,元大-和平,2023-09-22,9863
2890,永豐金,9,0,9,元大-和平,2023-09-22,9863
3024,憶聲,9,0,9,元大-和平,2023-09-22,9863
4746,台耀,10,1,9,元大-和平,2023-09-22,9863
00687B,國泰20年美債,9,0,9,元大-和平,2023-09-22,9863
2377,微星,10,2,8,元大-和平,2023-09-22,9863
4906,正文,8,0,8,元大-和平,2023-09-22,9863
00893,國泰智能電動車,7,0,7,元大-和平,2023-09-22,9863
00722B,群益投資級電信債,7,0,7,元大-和平,2023-09-22,9863
1339,昭輝,7,0,7,元大-和平,2023-09-22,9863
3036,文曄,17,10,7,元大-和平,2023-09-22,9863
2882,國泰金,7,1,6,元大-和平,2023-09-22,9863
1444,力麗,10,4,6,元大-和平,2023-09-22,9863
00857B,永豐20年美公債,6,0,6,元大-和平,2023-09-22,9863
3715,定穎投控,23,17,6,元大-和平,2023-09-22,9863
8046,南電,5,0,5,元大-和平,2023-09-22,9863
3035,智原,13,8,5,元大-和平,2023-09-22,9863
2371,大同,77,0,77,元大-和平,2023-09-25,9863
00713,元大台灣高息低波,70,1,69,元大-和平,2023-09-25,9863
1815,富喬,65,7,58,元大-和平,2023-09-25,9863
2883,凱基金,50,0,50,元大-和平,2023-09-25,9863
3450,聯鈞,70,23,47,元大-和平,2023-09-25,9863
1101,台泥,47,1,46,元大-和平,2023-09-25,9863
00929,復華台灣科技優息,44,1,43,元大-和平,2023-09-25,9863
2332,友訊,40,0,40,元大-和平,2023-09-25,9863
1584,精剛,63,31,32,元大-和平,2023-09-25,9863
00898,國泰基因免疫革命,30,0,30,元大-和平,2023-09-25,9863
00919,群益台灣精選高息,24,0,24,元大-和平,2023-09-25,9863
1802,台玻,20,0,20,元大-和平,2023-09-25,9863
9945,潤泰新,21,1,20,元大-和平,2023-09-25,9863
00679B,元大美債20年,19,0,19,元大-和平,2023-09-25,9863
1515,力山,24,6,18,元大-和平,2023-09-25,9863
6290,良維,25,8,17,元大-和平,2023-09-25,9863
2313,華通,20,7,13,元大-和平,2023-09-25,9863
2516,新建,12,0,12,元大-和平,2023-09-25,9863
6282,康舒,11,0,11,元大-和平,2023-09-25,9863
6684,安格,10,0,10,元大-和平,2023-09-25,9863
00637L,元大滬深300正2,15,6,9,元大-和平,2023-09-25,9863
00830,國泰費城半導體,15,6,9,元大-和平,2023-09-25,9863
2317,鴻海,9,0,9,元大-和平,2023-09-25,9863
2382,廣達,35,27,8,元大-和平,2023-09-25,9863
4414,如興,10,2,8,元大-和平,2023-09-25,9863
3491,昇達科,10,2,8,元大-和平,2023-09-25,9863
2388,威盛,24,17,7,元大-和平,2023-09-25,9863
2472,立隆電,7,0,7,元大-和平,2023-09-25,9863
2376,技嘉,12,5,7,元大-和平,2023-09-25,9863
2409,友達,7,1,6,元大-和平,2023-09-25,9863
2419,仲琦,6,0,6,元大-和平,2023-09-25,9863
3441,聯一光,6,0,6,元大-和平,2023-09-25,9863
2605,新興,8,2,6,元大-和平,2023-09-25,9863
2023,燁輝,6,0,6,元大-和平,2023-09-25,9863
2330,台積電,9,3,6,元大-和平,2023-09-25,9863
6901,鑽石投資,7,2,5,元大-和平,2023-09-25,9863
3163,波若威,30,25,5,元大-和平,2023-09-25,9863
6235,華孚,22,17,5,元大-和平,2023-09-25,9863
6485,點序,7,2,5,元大-和平,2023-09-25,9863
1513,中興電,7,2,5,元大-和平,2023-09-25,9863
00850,元大臺灣ESG永續,5,0,5,元大-和平,2023-09-25,9863
00712,復華富時不動產,5,0,5,元大-和平,2023-09-25,9863
00921,兆豐龍頭等權重,5,0,5,元大-和平,2023-09-25,9863
1568,倉佑,5,0,5,元大-和平,2023-09-25,9863
1727,中華化,6,1,5,元大-和平,2023-09-25,9863
4105,東洋,5,0,5,元大-和平,2023-09-25,9863
00902,中信電池及儲能,4,0,4,元大-和平,2023-09-25,9863
2436,偉詮電,4,0,4,元大-和平,2023-09-25,9863
3037,欣興,9,5,4,元大-和平,2023-09-25,9863
00895,富邦未來車,4,0,4,元大-和平,2023-09-25,9863
9934,成霖,100,0,100,元大-和平,2023-09-26,9863
2409,友達,65,0,65,元大-和平,2023-09-26,9863
00637L,元大滬深300正2,63,0,63,元大-和平,2023-09-26,9863
00931B,統一美債20年,57,0,57,元大-和平,2023-09-26,9863
00751B,元大AAA至A公司債,55,0,55,元大-和平,2023-09-26,9863
1108,幸福,40,0,40,元大-和平,2023-09-26,9863
00919,群益台灣精選高息,38,0,38,元大-和平,2023-09-26,9863
00679B,元大美債20年,33,0,33,元大-和平,2023-09-26,9863
2515,中工,34,3,31,元大-和平,2023-09-26,9863
3694,海華,30,0,30,元大-和平,2023-09-26,9863
00878,國泰永續高股息,30,2,28,元大-和平,2023-09-26,9863
6213,聯茂,30,3,27,元大-和平,2023-09-26,9863
1101,台泥,27,5,22,元大-和平,2023-09-26,9863
00885,富邦越南,20,0,20,元大-和平,2023-09-26,9863
1584,精剛,29,9,20,元大-和平,2023-09-26,9863
2330,台積電,21,1,20,元大-和平,2023-09-26,9863
1813,寶利徠,21,2,19,元大-和平,2023-09-26,9863
2317,鴻海,22,3,19,元大-和平,2023-09-26,9863
1504,東元,24,6,18,元大-和平,2023-09-26,9863
00720B,元大投資級公司債,18,0,18,元大-和平,2023-09-26,9863
6123,上奇,18,0,18,元大-和平,2023-09-26,9863
0050,元大台灣50,17,1,16,元大-和平,2023-09-26,9863
1568,倉佑,33,18,15,元大-和平,2023-09-26,9863
2834,臺企銀,15,1,14,元大-和平,2023-09-26,9863
2303,聯電,16,3,13,元大-和平,2023-09-26,9863
9945,潤泰新,15,2,13,元大-和平,2023-09-26,9863
2883,凱基金,12,0,12,元大-和平,2023-09-26,9863
0056,元大高股息,13,1,12,元大-和平,2023-09-26,9863
2371,大同,16,4,12,元大-和平,2023-09-26,9863
1522,堤維西,70,58,12,元大-和平,2023-09-26,9863
2344,華邦電,12,1,11,元大-和平,2023-09-26,9863
5009,榮剛,12,1,11,元大-和平,2023-09-26,9863
00795B,中信美國公債20年,11,0,11,元大-和平,2023-09-26,9863
6116,彩晶,11,0,11,元大-和平,2023-09-26,9863
2892,第一金,10,0,10,元大-和平,2023-09-26,9863
2421,建準,17,7,10,元大-和平,2023-09-26,9863
2905,三商,10,0,10,元大-和平,2023-09-26,9863
2388,威盛,26,16,10,元大-和平,2023-09-26,9863
2345,智邦,13,3,10,元大-和平,2023-09-26,9863
1907,永豐餘,10,0,10,元大-和平,2023-09-26,9863
2645,長榮航太,11,1,10,元大-和平,2023-09-26,9863
3260,威剛,10,0,10,元大-和平,2023-09-26,9863
5328,華容,10,0,10,元大-和平,2023-09-26,9863
1519,華城,17,7,10,元大-和平,2023-09-26,9863
2363,矽統,17,7,10,元大-和平,2023-09-26,9863
3715,定穎投控,61,52,9,元大-和平,2023-09-26,9863
00923,群益台ESG低碳50,9,0,9,元大-和平,2023-09-26,9863
2340,台亞,9,0,9,元大-和平,2023-09-26,9863
8938,明安,22,13,9,元大-和平,2023-09-26,9863
2634,漢翔,8,0,8,元大-和平,2023-09-26,9863
00929,復華台灣科技優息,190,0,190,元大-和平,2023-09-27,9863
2002,中鋼,68,8,60,元大-和平,2023-09-27,9863
1618,合機,125,81,44,元大-和平,2023-09-27,9863
6770,力積電,41,0,41,元大-和平,2023-09-27,9863
2516,新建,30,0,30,元大-和平,2023-09-27,9863
2891,中信金,25,0,25,元大-和平,2023-09-27,9863
6285,啟��,25,2,23,元大-和平,2023-09-27,9863
3037,欣興,23,0,23,元大-和平,2023-09-27,9863
6486,互動,22,0,22,元大-和平,2023-09-27,9863
2834,臺企銀,21,0,21,元大-和平,2023-09-27,9863
00919,群益台灣精選高息,21,0,21,元大-和平,2023-09-27,9863
9904,寶成,21,0,21,元大-和平,2023-09-27,9863
2303,聯電,23,3,20,元大-和平,2023-09-27,9863
00637L,元大滬深300正2,20,0,20,元大-和平,2023-09-27,9863
0056,元大高股息,23,3,20,元大-和平,2023-09-27,9863
6235,華孚,20,0,20,元大-和平,2023-09-27,9863
2537,聯上發,15,0,15,元大-和平,2023-09-27,9863
2605,新興,41,26,15,元大-和平,2023-09-27,9863
2633,台灣高鐵,11,0,11,元大-和平,2023-09-27,9863
2421,建準,21,10,11,元大-和平,2023-09-27,9863
3406,玉晶光,11,0,11,元大-和平,2023-09-27,9863
00931B,統一美債20年,11,0,11,元大-和平,2023-09-27,9863
3363,上詮,31,21,10,元大-和平,2023-09-27,9863
4908,前鼎,10,0,10,元大-和平,2023-09-27,9863
2812,台中銀,10,0,10,元大-和平,2023-09-27,9863
1802,台玻,20,10,10,元大-和平,2023-09-27,9863
2355,敬鵬,10,0,10,元大-和平,2023-09-27,9863
3380,明泰,10,0,10,元大-和平,2023-09-27,9863
1609,大亞,17,7,10,元大-和平,2023-09-27,9863
6799,來頡,9,0,9,元大-和平,2023-09-27,9863
00751B,元大AAA至A公司債,20,12,8,元大-和平,2023-09-27,9863
1519,華城,37,29,8,元大-和平,2023-09-27,9863
4572,駐龍,7,0,7,元大-和平,2023-09-27,9863
2542,興富發,8,2,6,元大-和平,2023-09-27,9863
1301,台塑,6,0,6,元大-和平,2023-09-27,9863
00673R,期元大S＆P原油反1,6,0,6,元大-和平,2023-09-27,9863
00720B,元大投資級公司債,8,2,6,元大-和平,2023-09-27,9863
3171,炎洲流通,6,0,6,元大-和平,2023-09-27,9863
3322,建舜電,6,0,6,元大-和平,2023-09-27,9863
6442,光聖,8,2,6,元大-和平,2023-09-27,9863
00932,兆豐永續高息等權,6,0,6,元大-和平,2023-09-27,9863
00878,國泰永續高股息,8,3,5,元大-和平,2023-09-27,9863
00713,元大台灣高息低波,5,0,5,元大-和平,2023-09-27,9863
00900,富邦特選高股息30,5,0,5,元大-和平,2023-09-27,9863
1515,力山,5,0,5,元大-和平,2023-09-27,9863
2892,第一金,5,0,5,元大-和平,2023-09-27,9863
3441,聯一光,5,0,5,元大-和平,2023-09-27,9863
3576,聯合再生,5,0,5,元大-和平,2023-09-27,9863
4561,健椿,5,0,5,元大-和平,2023-09-27,9863
4968,立積,5,0,5,元大-和平,2023-09-27,9863
00720B,元大投資級公司債,57,0,57,元大-和平,2023-09-28,9863
4906,正文,46,1,45,元大-和平,2023-09-28,9863
00637L,元大滬深300正2,41,0,41,元大-和平,2023-09-28,9863
2618,長榮航,36,0,36,元大-和平,2023-09-28,9863
2002,中鋼,42,7,35,元大-和平,2023-09-28,9863
2313,華通,40,5,35,元大-和平,2023-09-28,9863
00673R,期元大S＆P原油反1,26,0,26,元大-和平,2023-09-28,9863
2408,南亞科,22,0,22,元大-和平,2023-09-28,9863
2356,英業達,35,14,21,元大-和平,2023-09-28,9863
00878,國泰永續高股息,29,8,21,元大-和平,2023-09-28,9863
00655L,國泰中國A50正2,20,0,20,元大-和平,2023-09-28,9863
2801,彰銀,20,0,20,元大-和平,2023-09-28,9863
2317,鴻海,21,2,19,元大-和平,2023-09-28,9863
00679B,元大美債20年,19,0,19,元大-和平,2023-09-28,9863
00751B,元大AAA至A公司債,16,0,16,元大-和平,2023-09-28,9863
00931B,統一美債20年,21,5,16,元大-和平,2023-09-28,9863
3011,今皓,16,0,16,元大-和平,2023-09-28,9863
2344,華邦電,15,0,15,元大-和平,2023-09-28,9863
1101,台泥,21,6,15,元大-和平,2023-09-28,9863
6122,擎邦,15,0,15,元大-和平,2023-09-28,9863
00712,復華富時不動產,14,0,14,元大-和平,2023-09-28,9863
00929,復華台灣科技優息,45,32,13,元大-和平,2023-09-28,9863
9928,中視,13,0,13,元大-和平,2023-09-28,9863
2880,華南金,13,0,13,元大-和平,2023-09-28,9863
3231,緯創,44,31,13,元大-和平,2023-09-28,9863
2486,一詮,13,1,12,元大-和平,2023-09-28,9863
3714,富采,13,1,12,元大-和平,2023-09-28,9863
00753L,中信中國50正2,11,0,11,元大-和平,2023-09-28,9863
2364,倫飛,11,0,11,元大-和平,2023-09-28,9863
2329,華泰,14,3,11,元大-和平,2023-09-28,9863
1301,台塑,10,0,10,元大-和平,2023-09-28,9863
2025,千興,10,0,10,元大-和平,2023-09-28,9863
2883,凱基金,10,0,10,元大-和平,2023-09-28,9863
2903,遠百,10,0,10,元大-和平,2023-09-28,9863
3056,富華新,10,0,10,元大-和平,2023-09-28,9863
3338,泰碩,9,0,9,元大-和平,2023-09-28,9863
6117,迎廣,21,13,8,元大-和平,2023-09-28,9863
3163,波若威,19,11,8,元大-和平,2023-09-28,9863
3622,洋華,8,0,8,元大-和平,2023-09-28,9863
5426,振發,8,0,8,元大-和平,2023-09-28,9863
8088,品安,17,9,8,元大-和平,2023-09-28,9863
3037,欣興,16,8,8,元大-和平,2023-09-28,9863
1815,富喬,11,3,8,元大-和平,2023-09-28,9863
00772B,中信高評級公司債,7,0,7,元大-和平,2023-09-28,9863
2337,旺宏,10,3,7,元大-和平,2023-09-28,9863
6485,點序,7,0,7,元大-和平,2023-09-28,9863
6486,互動,7,0,7,元大-和平,2023-09-28,9863
0056,元大高股息,7,1,6,元大-和平,2023-09-28,9863
00670L,富邦NASDAQ正2,6,0,6,元大-和平,2023-09-28,9863
5439,高技,7,1,6,元大-和平,2023-09-28,9863
00751B,元大AAA至A公司債,66,0,66,元大-和平,2023-10-02,9863
00931B,統一美債20年,52,0,52,元大-和平,2023-10-02,9863
00679B,元大美債20年,51,0,51,元大-和平,2023-10-02,9863
2834,臺企銀,51,0,51,元大-和平,2023-10-02,9863
00720B,元大投資級公司債,37,0,37,元大-和平,2023-10-02,9863
2363,矽統,64,27,37,元大-和平,2023-10-02,9863
6235,華孚,86,52,34,元大-和平,2023-10-02,9863
00891,中信關鍵半導體,31,0,31,元大-和平,2023-10-02,9863
6122,擎邦,30,0,30,元大-和平,2023-10-02,9863
2618,長榮航,39,11,28,元大-和平,2023-10-02,9863
3481,群創,26,0,26,元大-和平,2023-10-02,9863
00929,復華台灣科技優息,26,1,25,元大-和平,2023-10-02,9863
2002,中鋼,37,12,25,元大-和平,2023-10-02,9863
1514,亞力,20,0,20,元大-和平,2023-10-02,9863
6770,力積電,20,0,20,元大-和平,2023-10-02,9863
1301,台塑,18,0,18,元大-和平,2023-10-02,9863
2027,大成鋼,18,0,18,元大-和平,2023-10-02,9863
2353,宏��,26,11,15,元大-和平,2023-10-02,9863
2605,新興,15,0,15,元大-和平,2023-10-02,9863
5608,四維航,17,2,15,元大-和平,2023-10-02,9863
2603,長榮,15,1,14,元大-和平,2023-10-02,9863
2610,華航,29,15,14,元大-和平,2023-10-02,9863
4908,前鼎,21,7,14,元大-和平,2023-10-02,9863
1319,東陽,21,8,13,元大-和平,2023-10-02,9863
2888,新光金,13,0,13,元大-和平,2023-10-02,9863
3483,力致,16,4,12,元大-和平,2023-10-02,9863
2337,旺宏,12,0,12,元大-和平,2023-10-02,9863
3056,富華新,12,0,12,元大-和平,2023-10-02,9863
3035,智原,16,5,11,元大-和平,2023-10-02,9863
1326,台化,11,0,11,元大-和平,2023-10-02,9863
1515,力山,11,0,11,元大-和平,2023-10-02,9863
2615,萬海,12,1,11,元大-和平,2023-10-02,9863
2882,國泰金,12,2,10,元大-和平,2023-10-02,9863
3715,定穎投控,79,69,10,元大-和平,2023-10-02,9863
1813,寶利徠,11,1,10,元大-和平,2023-10-02,9863
2880,華南金,10,0,10,元大-和平,2023-10-02,9863
2903,遠百,10,0,10,元大-和平,2023-10-02,9863
3694,海華,10,0,10,元大-和平,2023-10-02,9863
6101,寬魚國際,10,0,10,元大-和平,2023-10-02,9863
1605,華新,20,11,9,元大-和平,2023-10-02,9863
6806,森崴能源,10,2,8,元大-和平,2023-10-02,9863
1720,生達,8,0,8,元大-和平,2023-10-02,9863
2607,榮運,8,0,8,元大-和平,2023-10-02,9863
6117,迎廣,8,0,8,元大-和平,2023-10-02,9863
3706,神達,52,45,7,元大-和平,2023-10-02,9863
00722B,群益投資級電信債,7,0,7,元大-和平,2023-10-02,9863
2316,楠梓電,7,1,6,元大-和平,2023-10-02,9863
3081,聯亞,17,11,6,元大-和平,2023-10-02,9863
8299,群聯,6,0,6,元大-和平,2023-10-02,9863
00635U,期元大S＆P黃金,6,0,6,元大-和平,2023-10-02,9863
00637L,元大滬深300正2,99,0,99,元大-和平,2023-10-03,9863
00751B,元大AAA至A公司債,70,0,70,元大-和平,2023-10-03,9863
1605,華新,75,10,65,元大-和平,2023-10-03,9863
00715L,期街口布蘭特正2,64,0,64,元大-和平,2023-10-03,9863
2002,中鋼,33,0,33,元大-和平,2023-10-03,9863
00753L,中信中國50正2,33,0,33,元大-和平,2023-10-03,9863
2313,華通,44,13,31,元大-和平,2023-10-03,9863
1339,昭輝,30,0,30,元大-和平,2023-10-03,9863
00720B,元大投資級公司債,29,0,29,元大-和平,2023-10-03,9863
2356,英業達,36,8,28,元大-和平,2023-10-03,9863
2371,大同,27,1,26,元大-和平,2023-10-03,9863
6117,迎廣,44,18,26,元大-和平,2023-10-03,9863
2855,統一證,25,0,25,元大-和平,2023-10-03,9863
5258,虹堡,26,1,25,元大-和平,2023-10-03,9863
2417,圓剛,22,0,22,元大-和平,2023-10-03,9863
2903,遠百,22,0,22,元大-和平,2023-10-03,9863
6213,聯茂,32,11,21,元大-和平,2023-10-03,9863
2618,長榮航,29,8,21,元大-和平,2023-10-03,9863
00674R,期元大S＆P黃金反1,20,0,20,元大-和平,2023-10-03,9863
00898,國泰基因免疫革命,20,0,20,元大-和平,2023-10-03,9863
00919,群益台灣精選高息,19,0,19,元大-和平,2023-10-03,9863
3231,緯創,82,63,19,元大-和平,2023-10-03,9863
00931B,統一美債20年,19,0,19,元大-和平,2023-10-03,9863
3163,波若威,72,54,18,元大-和平,2023-10-03,9863
2363,矽統,29,12,17,元大-和平,2023-10-03,9863
00922,國泰台灣領袖50,17,0,17,元大-和平,2023-10-03,9863
2345,智邦,16,0,16,元大-和平,2023-10-03,9863
6235,華孚,34,18,16,元大-和平,2023-10-03,9863
2364,倫飛,15,0,15,元大-和平,2023-10-03,9863
9938,百和,15,0,15,元大-和平,2023-10-03,9863
5608,四維航,14,0,14,元大-和平,2023-10-03,9863
2610,華航,13,0,13,元大-和平,2023-10-03,9863
2885,元大金,14,1,13,元大-和平,2023-10-03,9863
6188,廣明,14,1,13,元大-和平,2023-10-03,9863
1524,耿鼎,16,3,13,元大-和平,2023-10-03,9863
6274,台燿,33,20,13,元大-和平,2023-10-03,9863
6279,胡連,12,0,12,元大-和平,2023-10-03,9863
2882,國泰金,15,4,11,元大-和平,2023-10-03,9863
2425,承啟,16,5,11,元大-和平,2023-10-03,9863
2543,皇昌,13,2,11,元大-和平,2023-10-03,9863
5351,鈺創,12,1,11,元大-和平,2023-10-03,9863
0056,元大高股息,65,54,11,元大-和平,2023-10-03,9863
2301,光寶科,11,0,11,元大-和平,2023-10-03,9863
2891,中信金,11,0,11,元大-和平,2023-10-03,9863
00712,復華富時不動產,10,0,10,元大-和平,2023-10-03,9863
00655L,國泰中國A50正2,10,0,10,元大-和平,2023-10-03,9863
1709,和益,10,0,10,元大-和平,2023-10-03,9863
2405,輔信,10,0,10,元大-和平,2023-10-03,9863
2545,皇翔,10,0,10,元大-和平,2023-10-03,9863
6122,擎邦,10,0,10,元大-和平,2023-10-03,9863
00751B,元大AAA至A公司債,85,0,85,元大-和平,2023-10-04,9863
2888,新光金,81,1,80,元大-和平,2023-10-04,9863
2903,遠百,70,1,69,元大-和平,2023-10-04,9863
1605,華新,69,0,69,元大-和平,2023-10-04,9863
00679B,元大美債20年,68,3,65,元大-和平,2023-10-04,9863
0056,元大高股息,66,3,63,元大-和平,2023-10-04,9863
00637L,元大滬深300正2,77,21,56,元大-和平,2023-10-04,9863
00929,復華台灣科技優息,57,4,53,元大-和平,2023-10-04,9863
2409,友達,45,0,45,元大-和平,2023-10-04,9863
1305,華夏,39,0,39,元大-和平,2023-10-04,9863
00687B,國泰20年美債,38,0,38,元大-和平,2023-10-04,9863
00931B,統一美債20年,37,0,37,元大-和平,2023-10-04,9863
2303,聯電,40,3,37,元大-和平,2023-10-04,9863
00720B,元大投資級公司債,35,0,35,元大-和平,2023-10-04,9863
3322,建舜電,37,3,34,元大-和平,2023-10-04,9863
00922,國泰台灣領袖50,32,0,32,元大-和平,2023-10-04,9863
2417,圓剛,55,30,25,元大-和平,2023-10-04,9863
2317,鴻海,23,0,23,元大-和平,2023-10-04,9863
5009,榮剛,22,0,22,元大-和平,2023-10-04,9863
2885,元大金,22,0,22,元大-和平,2023-10-04,9863
1802,台玻,21,1,20,元大-和平,2023-10-04,9863
00919,群益台灣精選高息,21,2,19,元大-和平,2023-10-04,9863
2330,台積電,19,1,18,元大-和平,2023-10-04,9863
2002,中鋼,17,0,17,元大-和平,2023-10-04,9863
2371,大同,15,0,15,元大-和平,2023-10-04,9863
8044,網家,15,0,15,元大-和平,2023-10-04,9863
00712,復華富時不動產,15,0,15,元大-和平,2023-10-04,9863
1402,遠東新,14,0,14,元大-和平,2023-10-04,9863
2313,華通,14,0,14,元大-和平,2023-10-04,9863
9945,潤泰新,16,3,13,元大-和平,2023-10-04,9863
6438,迅得,12,0,12,元大-和平,2023-10-04,9863
1514,亞力,20,8,12,元大-和平,2023-10-04,9863
2881,富邦金,13,1,12,元大-和平,2023-10-04,9863
3006,晶豪科,16,5,11,元大-和平,2023-10-04,9863
2890,永豐金,11,0,11,元大-和平,2023-10-04,9863
00722B,群益投資級電信債,11,0,11,元大-和平,2023-10-04,9863
5876,上海商銀,11,0,11,元大-和平,2023-10-04,9863
9904,寶成,11,1,10,元大-和平,2023-10-04,9863
3715,定穎投控,44,34,10,元大-和平,2023-10-04,9863
6284,佳邦,10,0,10,元大-和平,2023-10-04,9863
2727,王品,10,0,10,元大-和平,2023-10-04,9863
00655L,國泰中國A50正2,10,0,10,元大-和平,2023-10-04,9863
3338,泰碩,12,2,10,元大-和平,2023-10-04,9863
6443,元晶,10,0,10,元大-和平,2023-10-04,9863
2891,中信金,9,0,9,元大-和平,2023-10-04,9863
2449,京元電子,9,0,9,元大-和平,2023-10-04,9863
00761B,國泰A級公司債,10,1,9,元大-和平,2023-10-04,9863
00772B,中信高評級公司債,9,0,9,元大-和平,2023-10-04,9863
8996,高力,8,0,8,元大-和平,2023-10-04,9863
2412,中華電,8,0,8,元大-和平,2023-10-04,9863
5258,虹堡,200,16,184,元大-和平,2023-10-05,9863
00929,復華台灣科技優息,174,9,165,元大-和平,2023-10-05,9863
2538,基泰,102,10,92,元大-和平,2023-10-05,9863
4906,正文,80,3,77,元大-和平,2023-10-05,9863
00715L,期街口布蘭特正2,71,0,71,元大-和平,2023-10-05,9863
3094,聯傑,61,1,60,元大-和平,2023-10-05,9863
5388,中磊,50,0,50,元大-和平,2023-10-05,9863
1815,富喬,64,16,48,元大-和平,2023-10-05,9863
0056,元大高股息,64,22,42,元大-和平,2023-10-05,9863
9950,萬國通,33,0,33,元大-和平,2023-10-05,9863
3450,聯鈞,33,1,32,元大-和平,2023-10-05,9863
00679B,元大美債20年,32,1,31,元大-和平,2023-10-05,9863
3006,晶豪科,26,3,23,元大-和平,2023-10-05,9863
3035,智原,55,34,21,元大-和平,2023-10-05,9863
2880,華南金,20,0,20,元大-和平,2023-10-05,9863
2382,廣達,36,17,19,元大-和平,2023-10-05,9863
00712,復華富時不動產,17,0,17,元大-和平,2023-10-05,9863
6187,萬潤,16,2,14,元大-和平,2023-10-05,9863
6279,胡連,15,2,13,元大-和平,2023-10-05,9863
00637L,元大滬深300正2,12,0,12,元大-和平,2023-10-05,9863
00696B,富邦美債20年,12,0,12,元大-和平,2023-10-05,9863
1101,台泥,12,0,12,元大-和平,2023-10-05,9863
1504,東元,12,0,12,元大-和平,2023-10-05,9863
6101,寬魚國際,12,0,12,元大-和平,2023-10-05,9863
3704,合勤控,11,0,11,元大-和平,2023-10-05,9863
3008,大立光,11,0,11,元大-和平,2023-10-05,9863
1216,統一,11,0,11,元大-和平,2023-10-05,9863
2313,華通,15,5,10,元大-和平,2023-10-05,9863
9904,寶成,10,0,10,元大-和平,2023-10-05,9863
5225,東科-KY,10,0,10,元大-和平,2023-10-05,9863
9945,潤泰新,9,0,9,元大-和平,2023-10-05,9863
00751B,元大AAA至A公司債,9,0,9,元大-和平,2023-10-05,9863
2485,兆赫,11,2,9,元大-和平,2023-10-05,9863
00720B,元大投資級公司債,9,0,9,元大-和平,2023-10-05,9863
3032,偉訓,10,1,9,元大-和平,2023-10-05,9863
2316,楠梓電,8,0,8,元大-和平,2023-10-05,9863
2637,慧洋-KY,12,4,8,元大-和平,2023-10-05,9863
2888,新光金,8,0,8,元大-和平,2023-10-05,9863
8271,宇瞻,9,1,8,元大-和平,2023-10-05,9863
2201,裕隆,9,2,7,元大-和平,2023-10-05,9863
3078,僑威,40,33,7,元大-和平,2023-10-05,9863
3715,定穎投控,68,61,7,元大-和平,2023-10-05,9863
00922,國泰台灣領袖50,7,0,7,元大-和平,2023-10-05,9863
2353,宏��,26,20,6,元大-和平,2023-10-05,9863
4744,皇將,10,4,6,元大-和平,2023-10-05,9863
6235,華孚,18,12,6,元大-和平,2023-10-05,9863
2405,輔信,11,5,6,元大-和平,2023-10-05,9863
2606,裕民,6,0,6,元大-和平,2023-10-05,9863
3483,力致,7,1,6,元大-和平,2023-10-05,9863
8996,高力,6,0,6,元大-和平,2023-10-05,9863
2312,金寶,100,0,100,元大-和平,2023-10-06,9863
00715L,期街口布蘭特正2,71,0,71,元大-和平,2023-10-06,9863
3363,上詮,68,7,61,元大-和平,2023-10-06,9863
2618,長榮航,54,5,49,元大-和平,2023-10-06,9863
00929,復華台灣科技優息,66,20,46,元大-和平,2023-10-06,9863
2468,華經,54,20,34,元大-和平,2023-10-06,9863
6550,北極星藥業-KY,31,0,31,元大-和平,2023-10-06,9863
1722,台肥,25,1,24,元大-和平,2023-10-06,9863
4746,台耀,22,0,22,元大-和平,2023-10-06,9863
2913,農林,21,0,21,元大-和平,2023-10-06,9863
3481,群創,21,0,21,元大-和平,2023-10-06,9863
00720B,元大投資級公司債,21,0,21,元大-和平,2023-10-06,9863
00892,富邦台灣半導體,20,0,20,元大-和平,2023-10-06,9863
2409,友達,20,0,20,元大-和平,2023-10-06,9863
2538,基泰,19,0,19,元大-和平,2023-10-06,9863
4908,前鼎,17,0,17,元大-和平,2023-10-06,9863
1584,精剛,16,0,16,元大-和平,2023-10-06,9863
2617,台航,16,0,16,元大-和平,2023-10-06,9863
2337,旺宏,17,2,15,元大-和平,2023-10-06,9863
00751B,元大AAA至A公司債,13,0,13,元大-和平,2023-10-06,9863
1101,台泥,12,0,12,元大-和平,2023-10-06,9863
6613,朋億*,12,0,12,元大-和平,2023-10-06,9863
2417,圓剛,12,1,11,元大-和平,2023-10-06,9863
4739,康普,11,0,11,元大-和平,2023-10-06,9863
1319,東陽,12,2,10,元大-和平,2023-10-06,9863
1802,台玻,10,0,10,元大-和平,2023-10-06,9863
2329,華泰,16,6,10,元大-和平,2023-10-06,9863
2332,友訊,10,0,10,元大-和平,2023-10-06,9863
2891,中信金,10,0,10,元大-和平,2023-10-06,9863
4561,健椿,10,0,10,元大-和平,2023-10-06,9863
5225,東科-KY,10,0,10,元大-和平,2023-10-06,9863
3122,笙泉,15,5,10,元大-和平,2023-10-06,9863
8358,金居,21,12,9,元大-和平,2023-10-06,9863
2382,廣達,48,39,9,元大-和平,2023-10-06,9863
2645,長榮航太,8,0,8,元大-和平,2023-10-06,9863
3483,力致,16,9,7,元大-和平,2023-10-06,9863
2356,英業達,17,10,7,元大-和平,2023-10-06,9863
3105,穩懋,7,0,7,元大-和平,2023-10-06,9863
3206,志豐,7,0,7,元大-和平,2023-10-06,9863
8046,南電,7,1,6,元大-和平,2023-10-06,9863
00919,群益台灣精選高息,6,0,6,元大-和平,2023-10-06,9863
4763,材料-KY,7,1,6,元大-和平,2023-10-06,9863
00662,富邦NASDAQ,6,0,6,元大-和平,2023-10-06,9863
00687B,國泰20年美債,6,0,6,元大-和平,2023-10-06,9863
2641,正德,14,8,6,元大-和平,2023-10-06,9863
3265,台星科,6,0,6,元大-和平,2023-10-06,9863
6187,萬潤,9,3,6,元大-和平,2023-10-06,9863
2374,佳能,6,0,6,元大-和平,2023-10-06,9863
00679B,元大美債20年,12,7,5,元大-和平,2023-10-06,9863
3704,合勤控,6,1,5,元大-和平,2023-10-06,9863
00929,復華台灣科技優息,399,15,384,元大-和平,2023-10-11,9863
2356,英業達,72,15,57,元大-和平,2023-10-11,9863
1815,富喬,54,0,54,元大-和平,2023-10-11,9863
3231,緯創,81,29,52,元大-和平,2023-10-11,9863
00922,國泰台灣領袖50,40,0,40,元大-和平,2023-10-11,9863
3363,上詮,46,9,37,元大-和平,2023-10-11,9863
4908,前鼎,44,10,34,元大-和平,2023-10-11,9863
3122,笙泉,35,9,26,元大-和平,2023-10-11,9863
00679B,元大美債20年,28,5,23,元大-和平,2023-10-11,9863
2002,中鋼,26,3,23,元大-和平,2023-10-11,9863
2603,長榮,30,7,23,元大-和平,2023-10-11,9863
2376,技嘉,34,12,22,元大-和平,2023-10-11,9863
00688L,國泰20年美債正2,20,0,20,元大-和平,2023-10-11,9863
00919,群益台灣精選高息,19,0,19,元大-和平,2023-10-11,9863
6120,達運,18,0,18,元大-和平,2023-10-11,9863
2382,廣達,31,14,17,元大-和平,2023-10-11,9863
2332,友訊,22,5,17,元大-和平,2023-10-11,9863
2409,友達,19,3,16,元大-和平,2023-10-11,9863
2453,凌群,16,3,13,元大-和平,2023-10-11,9863
00891,中信關鍵半導體,15,2,13,元大-和平,2023-10-11,9863
2609,陽明,13,1,12,元大-和平,2023-10-11,9863
3702,大聯大,12,0,12,元大-和平,2023-10-11,9863
6438,迅得,13,1,12,元大-和平,2023-10-11,9863
1504,東元,11,0,11,元大-和平,2023-10-11,9863
2014,中鴻,11,0,11,元大-和平,2023-10-11,9863
2719,燦星旅,11,0,11,元大-和平,2023-10-11,9863
1305,華夏,11,1,10,元大-和平,2023-10-11,9863
2206,三陽工業,10,0,10,元大-和平,2023-10-11,9863
5392,能率,10,0,10,元大-和平,2023-10-11,9863
00674R,期元大S＆P黃金反1,10,0,10,元大-和平,2023-10-11,9863
6684,安格,11,1,10,元大-和平,2023-10-11,9863
2399,映泰,17,7,10,元大-和平,2023-10-11,9863
3624,光頡,11,2,9,元大-和平,2023-10-11,9863
6901,鑽石投資,10,1,9,元大-和平,2023-10-11,9863
4744,皇將,12,3,9,元大-和平,2023-10-11,9863
2468,華經,11,2,9,元大-和平,2023-10-11,9863
1319,東陽,9,0,9,元大-和平,2023-10-11,9863
2615,萬海,16,8,8,元大-和平,2023-10-11,9863
2357,華碩,8,0,8,元大-和平,2023-10-11,9863
2066,世德,8,0,8,元大-和平,2023-10-11,9863
2606,裕民,13,5,8,元大-和平,2023-10-11,9863
3622,洋華,8,0,8,元大-和平,2023-10-11,9863
3576,聯合再生,7,0,7,元大-和平,2023-10-11,9863
9945,潤泰新,9,2,7,元大-和平,2023-10-11,9863
2355,敬鵬,7,0,7,元大-和平,2023-10-11,9863
6279,胡連,7,0,7,元大-和平,2023-10-11,9863
6672,騰輝電子-KY,7,0,7,元大-和平,2023-10-11,9863
2634,漢翔,7,1,6,元大-和平,2023-10-11,9863
3032,偉訓,6,0,6,元大-和平,2023-10-11,9863
6806,森崴能源,6,0,6,元大-和平,2023-10-11,9863
00679B,元大美債20年,99,5,94,元大-和平,2023-10-12,9863
00751B,元大AAA至A公司債,87,0,87,元大-和平,2023-10-12,9863
4906,正文,70,1,69,元大-和平,2023-10-12,9863
1815,富喬,107,60,47,元大-和平,2023-10-12,9863
006208,富邦台50,27,0,27,元大-和平,2023-10-12,9863
2465,麗臺,21,1,20,元大-和平,2023-10-12,9863
00795B,中信美國公債20年,20,0,20,元大-和平,2023-10-12,9863
3311,閎暉,25,5,20,元大-和平,2023-10-12,9863
2340,台亞,20,1,19,元大-和平,2023-10-12,9863
2884,玉山金,20,1,19,元大-和平,2023-10-12,9863
00720B,元大投資級公司債,19,1,18,元大-和平,2023-10-12,9863
2883,凱基金,47,31,16,元大-和平,2023-10-12,9863
00631L,元大台灣50正2,15,0,15,元大-和平,2023-10-12,9863
00715L,期街口布蘭特正2,16,2,14,元大-和平,2023-10-12,9863
00722B,群益投資級電信債,13,0,13,元大-和平,2023-10-12,9863
1504,東元,15,2,13,元大-和平,2023-10-12,9863
2352,佳世達,13,0,13,元大-和平,2023-10-12,9863
00923,群益台ESG低碳50,12,0,12,元大-和平,2023-10-12,9863
5871,中租-KY,15,4,11,元大-和平,2023-10-12,9863
2634,漢翔,17,6,11,元大-和平,2023-10-12,9863
1609,大亞,10,0,10,元大-和平,2023-10-12,9863
2903,遠百,10,0,10,元大-和平,2023-10-12,9863
6116,彩晶,10,0,10,元大-和平,2023-10-12,9863
6799,來頡,10,0,10,元大-和平,2023-10-12,9863
8261,富鼎,10,0,10,元大-和平,2023-10-12,9863
2486,一詮,12,3,9,元大-和平,2023-10-12,9863
2101,南港,8,0,8,元大-和平,2023-10-12,9863
2374,佳能,13,5,8,元大-和平,2023-10-12,9863
2645,長榮航太,8,0,8,元大-和平,2023-10-12,9863
6285,啟��,9,1,8,元大-和平,2023-10-12,9863
6112,邁達特,8,1,7,元大-和平,2023-10-12,9863
00687B,國泰20年美債,7,0,7,元大-和平,2023-10-12,9863
00713,元大台灣高息低波,7,0,7,元大-和平,2023-10-12,9863
6472,保瑞,6,0,6,元大-和平,2023-10-12,9863
6191,精成科,6,0,6,元大-和平,2023-10-12,9863
2637,慧洋-KY,9,3,6,元大-和平,2023-10-12,9863
3105,穩懋,6,0,6,元大-和平,2023-10-12,9863
5388,中磊,6,0,6,元大-和平,2023-10-12,9863
6122,擎邦,6,0,6,元大-和平,2023-10-12,9863
8215,明基材,6,0,6,元大-和平,2023-10-12,9863
9945,潤泰新,5,0,5,元大-和平,2023-10-12,9863
1522,堤維西,6,1,5,元大-和平,2023-10-12,9863
1319,東陽,26,20,6,元大-和平,2023-10-12,9863
00905,FT臺灣Smart,5,0,5,元大-和平,2023-10-12,9863
00652,富邦印度,5,0,5,元大-和平,2023-10-12,9863
3576,聯合再生,5,0,5,元大-和平,2023-10-12,9863
3694,海華,7,2,5,元大-和平,2023-10-12,9863
5353,台林,5,0,5,元大-和平,2023-10-12,9863
5465,富驊,5,0,5,元大-和平,2023-10-12,9863
6470,宇智,5,0,5,元大-和平,2023-10-12,9863
00929,復華台灣科技優息,198,4,194,元大-和平,2023-10-13,9863
2312,金寶,100,0,100,元大-和平,2023-10-13,9863
8358,金居,96,1,95,元大-和平,2023-10-13,9863
3231,緯創,116,38,78,元大-和平,2023-10-13,9863
00637L,元大滬深300正2,49,0,49,元大-和平,2023-10-13,9863
1319,東陽,51,4,47,元大-和平,2023-10-13,9863
2607,榮運,51,5,46,元大-和平,2023-10-13,9863
2382,廣達,51,15,36,元大-和平,2023-10-13,9863
0056,元大高股息,35,0,35,元大-和平,2023-10-13,9863
00751B,元大AAA至A公司債,34,0,34,元大-和平,2023-10-13,9863
00720B,元大投資級公司債,33,0,33,元大-和平,2023-10-13,9863
1605,華新,30,0,30,元大-和平,2023-10-13,9863
00679B,元大美債20年,29,1,28,元大-和平,2023-10-13,9863
2324,仁寶,33,5,28,元大-和平,2023-10-13,9863
2364,倫飛,25,1,24,元大-和平,2023-10-13,9863
00688L,國泰20年美債正2,22,0,22,元大-和平,2023-10-13,9863
2417,圓剛,20,0,20,元大-和平,2023-10-13,9863
2855,統一證,20,0,20,元大-和平,2023-10-13,9863
6104,創惟,20,1,19,元大-和平,2023-10-13,9863
2615,萬海,19,1,18,元大-和平,2023-10-13,9863
1314,中石化,24,6,18,元大-和平,2023-10-13,9863
2376,技嘉,28,11,17,元大-和平,2023-10-13,9863
2356,英業達,32,18,14,元大-和平,2023-10-13,9863
9928,中視,13,0,13,元大-和平,2023-10-13,9863
2332,友訊,13,0,13,元大-和平,2023-10-13,9863
00878,國泰永續高股息,13,0,13,元大-和平,2023-10-13,9863
00632R,元大台灣50反1,12,0,12,元大-和平,2023-10-13,9863
3706,神達,18,6,12,元大-和平,2023-10-13,9863
2344,華邦電,17,5,12,元大-和平,2023-10-13,9863
00919,群益台灣精選高息,12,0,12,元大-和平,2023-10-13,9863
3217,優群,11,0,11,元大-和平,2023-10-13,9863
3032,偉訓,11,0,11,元大-和平,2023-10-13,9863
1301,台塑,12,1,11,元大-和平,2023-10-13,9863
3576,聯合再生,10,0,10,元大-和平,2023-10-13,9863
6188,廣明,11,1,10,元大-和平,2023-10-13,9863
00655L,國泰中國A50正2,10,0,10,元大-和平,2023-10-13,9863
1218,泰山,10,0,10,元大-和平,2023-10-13,9863
2426,鼎元,12,2,10,元大-和平,2023-10-13,9863
2903,遠百,10,0,10,元大-和平,2023-10-13,9863
3227,原相,10,0,10,元大-和平,2023-10-13,9863
5243,乙盛-KY,10,0,10,元大-和平,2023-10-13,9863
8261,富鼎,10,0,10,元大-和平,2023-10-13,9863
2204,中華,9,0,9,元大-和平,2023-10-13,9863
2301,光寶科,8,0,8,元大-和平,2023-10-13,9863
2201,裕隆,43,35,8,元大-和平,2023-10-13,9863
00706L,期元大S＆P日圓正2,8,0,8,元大-和平,2023-10-13,9863
2882,國泰金,8,0,8,元大-和平,2023-10-13,9863
2399,映泰,7,0,7,元大-和平,2023-10-13,9863
5388,中磊,13,6,7,元大-和平,2023-10-13,9863
1905,華紙,10,3,7,元大-和平,2023-10-13,9863
0056,元大高股息,111,0,111,元大-和平,2023-10-16,9863
5876,上海商銀,68,0,68,元大-和平,2023-10-16,9863
2618,長榮航,75,17,58,元大-和平,2023-10-16,9863
1605,華新,58,1,57,元大-和平,2023-10-16,9863
2413,環科,50,0,50,元大-和平,2023-10-16,9863
00637L,元大滬深300正2,56,8,48,元大-和平,2023-10-16,9863
6770,力積電,43,1,42,元大-和平,2023-10-16,9863
2344,華邦電,43,1,42,元大-和平,2023-10-16,9863
2363,矽統,116,75,41,元大-和平,2023-10-16,9863
8358,金居,35,3,32,元大-和平,2023-10-16,9863
8936,國統,30,0,30,元大-和平,2023-10-16,9863
00757,統一FANG+,30,1,29,元大-和平,2023-10-16,9863
3105,穩懋,30,1,29,元大-和平,2023-10-16,9863
2610,華航,38,10,28,元大-和平,2023-10-16,9863
4908,前鼎,78,51,27,元大-和平,2023-10-16,9863
1314,中石化,49,22,27,元大-和平,2023-10-16,9863
3363,上詮,46,24,22,元大-和平,2023-10-16,9863
5215,科嘉-KY,42,20,22,元大-和平,2023-10-16,9863
2892,第一金,20,0,20,元大-和平,2023-10-16,9863
6486,互動,19,0,19,元大-和平,2023-10-16,9863
00720B,元大投資級公司債,18,0,18,元大-和平,2023-10-16,9863
00712,復華富時不動產,16,0,16,元大-和平,2023-10-16,9863
2201,裕隆,38,22,16,元大-和平,2023-10-16,9863
2515,中工,48,32,16,元大-和平,2023-10-16,9863
2324,仁寶,20,4,16,元大-和平,2023-10-16,9863
2388,威盛,25,9,16,元大-和平,2023-10-16,9863
2409,友達,17,2,15,元大-和平,2023-10-16,9863
9105,泰金寶-DR,15,0,15,元大-和平,2023-10-16,9863
2340,台亞,12,0,12,元大-和平,2023-10-16,9863
6235,華孚,28,16,12,元大-和平,2023-10-16,9863
00919,群益台灣精選高息,13,2,11,元大-和平,2023-10-16,9863
2465,麗臺,11,0,11,元大-和平,2023-10-16,9863
2206,三陽工業,11,1,10,元大-和平,2023-10-16,9863
00655L,國泰中國A50正2,10,0,10,元大-和平,2023-10-16,9863
2107,厚生,10,0,10,元大-和平,2023-10-16,9863
5521,工信,20,10,10,元大-和平,2023-10-16,9863
2371,大同,11,1,10,元大-和平,2023-10-16,9863
1609,大亞,11,2,9,元大-和平,2023-10-16,9863
6139,亞翔,16,7,9,元大-和平,2023-10-16,9863
1301,台塑,10,1,9,元大-和平,2023-10-16,9863
2426,鼎元,9,0,9,元大-和平,2023-10-16,9863
2399,映泰,8,0,8,元大-和平,2023-10-16,9863
6120,達運,9,1,8,元大-和平,2023-10-16,9863
2603,長榮,8,1,7,元大-和平,2023-10-16,9863
00673R,期元大S＆P原油反1,7,0,7,元大-和平,2023-10-16,9863
2383,台光電,7,0,7,元大-和平,2023-10-16,9863
5706,鳳凰,7,0,7,元大-和平,2023-10-16,9863
2743,山富,6,0,6,元大-和平,2023-10-16,9863
4919,新唐,6,0,6,元大-和平,2023-10-16,9863
5347,世界,7,1,6,元大-和平,2023-10-16,9863
0056,元大高股息,147,1,146,元大-和平,2023-10-17,9863
1314,中石化,101,13,88,元大-和平,2023-10-17,9863
2515,中工,70,8,62,元大-和平,2023-10-17,9863
2903,遠百,54,6,48,元大-和平,2023-10-17,9863
00751B,元大AAA至A公司債,47,0,47,元大-和平,2023-10-17,9863
2618,長榮航,67,33,34,元大-和平,2023-10-17,9863
00720B,元大投資級公司債,33,0,33,元大-和平,2023-10-17,9863
6139,亞翔,43,11,32,元大-和平,2023-10-17,9863
3231,緯創,93,62,31,元大-和平,2023-10-17,9863
00687B,國泰20年美債,30,0,30,元大-和平,2023-10-17,9863
6706,惠特,30,0,30,元大-和平,2023-10-17,9863
2317,鴻海,27,1,26,元大-和平,2023-10-17,9863
00929,復華台灣科技優息,26,0,26,元大-和平,2023-10-17,9863
2363,矽統,119,96,23,元大-和平,2023-10-17,9863
2883,凱基金,22,0,22,元大-和平,2023-10-17,9863
2002,中鋼,25,4,21,元大-和平,2023-10-17,9863
020039,元大加權N,20,0,20,元大-和平,2023-10-17,9863
2641,正德,20,0,20,元大-和平,2023-10-17,9863
4105,東洋,20,0,20,元大-和平,2023-10-17,9863
3363,上詮,36,17,19,元大-和平,2023-10-17,9863
2888,新光金,18,0,18,元大-和平,2023-10-17,9863
6278,台表科,18,1,17,元大-和平,2023-10-17,9863
2449,京元電子,24,9,15,元大-和平,2023-10-17,9863
9945,潤泰新,15,0,15,元大-和平,2023-10-17,9863
1504,東元,14,0,14,元大-和平,2023-10-17,9863
2425,承啟,15,1,14,元大-和平,2023-10-17,9863
2356,英業達,26,13,13,元大-和平,2023-10-17,9863
00679B,元大美債20年,33,20,13,元大-和平,2023-10-17,9863
00878,國泰永續高股息,32,19,13,元大-和平,2023-10-17,9863
2634,漢翔,15,2,13,元大-和平,2023-10-17,9863
2382,廣達,45,33,12,元大-和平,2023-10-17,9863
00680L,元大美債20正2,12,0,12,元大-和平,2023-10-17,9863
00637L,元大滬深300正2,26,14,12,元大-和平,2023-10-17,9863
2345,智邦,12,0,12,元大-和平,2023-10-17,9863
2402,毅嘉,12,0,12,元大-和平,2023-10-17,9863
3715,定穎投控,55,44,11,元大-和平,2023-10-17,9863
2855,統一證,11,0,11,元大-和平,2023-10-17,9863
2816,旺旺保,11,0,11,元大-和平,2023-10-17,9863
00795B,中信美國公債20年,10,0,10,元大-和平,2023-10-17,9863
2323,中環,10,0,10,元大-和平,2023-10-17,9863
2399,映泰,10,0,10,元大-和平,2023-10-17,9863
2313,華通,17,7,10,元大-和平,2023-10-17,9863
6237,驊訊,15,5,10,元大-和平,2023-10-17,9863
2603,長榮,10,0,10,元大-和平,2023-10-17,9863
00919,群益台灣精選高息,15,6,9,元大-和平,2023-10-17,9863
2605,新興,9,0,9,元大-和平,2023-10-17,9863
3706,神達,15,6,9,元大-和平,2023-10-17,9863
6213,聯茂,9,0,9,元大-和平,2023-10-17,9863
6530,創威,13,5,8,元大-和平,2023-10-17,9863
2364,倫飛,10,2,8,元大-和平,2023-10-17,9863
1314,中石化,501,6,495,元大-和平,2023-10-18,9863
0056,元大高股息,215,38,177,元大-和平,2023-10-18,9863
00929,復華台灣科技優息,181,4,177,元大-和平,2023-10-18,9863
2618,長榮航,106,12,94,元大-和平,2023-10-18,9863
6770,力積電,61,1,60,元大-和平,2023-10-18,9863
1618,合機,60,0,60,元大-和平,2023-10-18,9863
2382,廣達,69,20,49,元大-和平,2023-10-18,9863
2201,裕隆,64,16,48,元大-和平,2023-10-18,9863
2888,新光金,40,0,40,元大-和平,2023-10-18,9863
2355,敬鵬,41,2,39,元大-和平,2023-10-18,9863
00720B,元大投資級公司債,32,0,32,元大-和平,2023-10-18,9863
6235,華孚,34,4,30,元大-和平,2023-10-18,9863
8044,網家,29,0,29,元大-和平,2023-10-18,9863
6706,惠特,27,0,27,元大-和平,2023-10-18,9863
00751B,元大AAA至A公司債,23,0,23,元大-和平,2023-10-18,9863
6486,互動,23,0,23,元大-和平,2023-10-18,9863
2855,統一證,21,0,21,元大-和平,2023-10-18,9863
2457,飛宏,21,0,21,元大-和平,2023-10-18,9863
1301,台塑,20,0,20,元大-和平,2023-10-18,9863
2630,亞航,20,0,20,元大-和平,2023-10-18,9863
2903,遠百,20,0,20,元大-和平,2023-10-18,9863
00922,國泰台灣領袖50,19,0,19,元大-和平,2023-10-18,9863
00687B,國泰20年美債,18,0,18,元大-和平,2023-10-18,9863
3017,奇鋐,19,1,18,元大-和平,2023-10-18,9863
00919,群益台灣精選高息,23,6,17,元大-和平,2023-10-18,9863
2340,台亞,17,0,17,元大-和平,2023-10-18,9863
3481,群創,18,2,16,元大-和平,2023-10-18,9863
2376,技嘉,35,20,15,元大-和平,2023-10-18,9863
6237,驊訊,20,5,15,元大-和平,2023-10-18,9863
00679B,元大美債20年,22,8,14,元大-和平,2023-10-18,9863
00878,國泰永續高股息,51,37,14,元大-和平,2023-10-18,9863
00885,富邦越南,14,0,14,元大-和平,2023-10-18,9863
6191,精成科,14,0,14,元大-和平,2023-10-18,9863
2002,中鋼,14,0,14,元大-和平,2023-10-18,9863
2344,華邦電,20,7,13,元大-和平,2023-10-18,9863
2345,智邦,13,1,12,元大-和平,2023-10-18,9863
1815,富喬,116,105,11,元大-和平,2023-10-18,9863
1101,台泥,10,0,10,元大-和平,2023-10-18,9863
00918,大華優利高填息30,10,0,10,元大-和平,2023-10-18,9863
1709,和益,10,0,10,元大-和平,2023-10-18,9863
6139,亞翔,11,1,10,元大-和平,2023-10-18,9863
6485,點序,10,0,10,元大-和平,2023-10-18,9863
2449,京元電子,12,2,10,元大-和平,2023-10-18,9863
1305,華夏,10,1,9,元大-和平,2023-10-18,9863
2330,台積電,13,4,9,元大-和平,2023-10-18,9863
2458,義隆,9,1,8,元大-和平,2023-10-18,9863
1605,華新,8,0,8,元大-和平,2023-10-18,9863
3715,定穎投控,42,34,8,元大-和平,2023-10-18,9863
2409,友達,11,3,8,元大-和平,2023-10-18,9863
5439,高技,9,2,7,元大-和平,2023-10-18,9863
00637L,元大滬深300正2,223,0,223,元大-和平,2023-10-19,9863
0056,元大高股息,133,1,132,元大-和平,2023-10-19,9863
00878,國泰永續高股息,73,0,73,元大-和平,2023-10-19,9863
1101,台泥,72,6,66,元大-和平,2023-10-19,9863
00751B,元大AAA至A公司債,57,0,57,元大-和平,2023-10-19,9863
2614,東森,52,0,52,元大-和平,2023-10-19,9863
4306,炎洲,55,5,50,元大-和平,2023-10-19,9863
6237,驊訊,41,3,38,元大-和平,2023-10-19,9863
00687B,國泰20年美債,36,0,36,元大-和平,2023-10-19,9863
2201,裕隆,40,5,35,元大-和平,2023-10-19,9863
6530,創威,52,17,35,元大-和平,2023-10-19,9863
00933B,國泰10Y+金融債,33,0,33,元大-和平,2023-10-19,9863
4906,正文,47,14,33,元大-和平,2023-10-19,9863
4908,前鼎,71,39,32,元大-和平,2023-10-19,9863
2382,廣達,59,28,31,元大-和平,2023-10-19,9863
00922,國泰台灣領袖50,30,0,30,元大-和平,2023-10-19,9863
1314,中石化,30,1,29,元大-和平,2023-10-19,9863
1319,東陽,27,0,27,元大-和平,2023-10-19,9863
00679B,元大美債20年,26,0,26,元大-和平,2023-10-19,9863
00720B,元大投資級公司債,25,0,25,元大-和平,2023-10-19,9863
00655L,國泰中國A50正2,30,5,25,元大-和平,2023-10-19,9863
2409,友達,25,0,25,元大-和平,2023-10-19,9863
00712,復華富時不動產,23,0,23,元大-和平,2023-10-19,9863
00753L,中信中國50正2,23,0,23,元大-和平,2023-10-19,9863
00931B,統一美債20年,22,0,22,元大-和平,2023-10-19,9863
2885,元大金,21,0,21,元大-和平,2023-10-19,9863
2816,旺旺保,32,11,21,元大-和平,2023-10-19,9863
3231,緯創,61,41,20,元大-和平,2023-10-19,9863
1504,東元,20,0,20,元大-和平,2023-10-19,9863
2883,凱基金,20,0,20,元大-和平,2023-10-19,9863
2363,矽統,27,8,19,元大-和平,2023-10-19,9863
3481,群創,20,1,19,元大-和平,2023-10-19,9863
2888,新光金,23,5,18,元大-和平,2023-10-19,9863
2317,鴻海,17,0,17,元大-和平,2023-10-19,9863
1815,富喬,44,28,16,元大-和平,2023-10-19,9863
1605,華新,15,0,15,元大-和平,2023-10-19,9863
6486,互動,15,0,15,元大-和平,2023-10-19,9863
6770,力積電,14,0,14,元大-和平,2023-10-19,9863
00680L,元大美債20正2,13,0,13,元大-和平,2023-10-19,9863
1305,華夏,12,0,12,元大-和平,2023-10-19,9863
5706,鳳凰,12,0,12,元大-和平,2023-10-19,9863
2449,京元電子,14,2,12,元大-和平,2023-10-19,9863
00902,中信電池及儲能,11,0,11,元大-和平,2023-10-19,9863
4967,十銓,23,12,11,元大-和平,2023-10-19,9863
00724B,群益投資級金融債,11,0,11,元大-和平,2023-10-19,9863
5009,榮剛,11,0,11,元大-和平,2023-10-19,9863
2454,聯發科,12,2,10,元大-和平,2023-10-19,9863
8044,網家,11,1,10,元大-和平,2023-10-19,9863
2323,中環,10,0,10,元大-和平,2023-10-19,9863
2887,台新金,10,0,10,元大-和平,2023-10-19,9863
2888,新光金,128,0,128,元大-和平,2023-10-20,9863
00878,國泰永續高股息,81,12,69,元大-和平,2023-10-20,9863
2903,遠百,60,0,60,元大-和平,2023-10-20,9863
0056,元大高股息,59,4,55,元大-和平,2023-10-20,9863
2618,長榮航,64,13,51,元大-和平,2023-10-20,9863
2454,聯發科,51,2,49,元大-和平,2023-10-20,9863
2352,佳世達,53,4,49,元大-和平,2023-10-20,9863
9958,世紀鋼,42,0,42,元大-和平,2023-10-20,9863
1802,台玻,41,0,41,元大-和平,2023-10-20,9863
2101,南港,40,0,40,元大-和平,2023-10-20,9863
00929,復華台灣科技優息,94,57,37,元大-和平,2023-10-20,9863
2816,旺旺保,50,15,35,元大-和平,2023-10-20,9863
00751B,元大AAA至A公司債,40,6,34,元大-和平,2023-10-20,9863
1319,東陽,34,3,31,元大-和平,2023-10-20,9863
2201,裕隆,49,24,25,元大-和平,2023-10-20,9863
3041,揚智,40,17,23,元大-和平,2023-10-20,9863
00637L,元大滬深300正2,33,10,23,元大-和平,2023-10-20,9863
2363,矽統,32,9,23,元大-和平,2023-10-20,9863
2801,彰銀,22,0,22,元大-和平,2023-10-20,9863
00919,群益台灣精選高息,20,0,20,元大-和平,2023-10-20,9863
9934,成霖,20,0,20,元大-和平,2023-10-20,9863
6462,神盾,44,25,19,元大-和平,2023-10-20,9863
3363,上詮,28,10,18,元大-和平,2023-10-20,9863
2634,漢翔,19,1,18,元大-和平,2023-10-20,9863
6770,力積電,21,3,18,元大-和平,2023-10-20,9863
00679B,元大美債20年,33,16,17,元大-和平,2023-10-20,9863
2882,國泰金,17,0,17,元大-和平,2023-10-20,9863
00712,復華富時不動產,18,1,17,元大-和平,2023-10-20,9863
6139,亞翔,24,9,15,元大-和平,2023-10-20,9863
3005,神基,15,0,15,元大-和平,2023-10-20,9863
00753L,中信中國50正2,21,6,15,元大-和平,2023-10-20,9863
2610,華航,22,7,15,元大-和平,2023-10-20,9863
00720B,元大投資級公司債,14,1,13,元大-和平,2023-10-20,9863
00900,富邦特選高股息30,12,0,12,元大-和平,2023-10-20,9863
1305,華夏,17,5,12,元大-和平,2023-10-20,9863
6191,精成科,12,0,12,元大-和平,2023-10-20,9863
6486,互動,12,0,12,元大-和平,2023-10-20,9863
2002,中鋼,11,0,11,元大-和平,2023-10-20,9863
3231,緯創,40,29,11,元大-和平,2023-10-20,9863
2353,宏��,10,0,10,元大-和平,2023-10-20,9863
00898,國泰基因免疫革命,10,0,10,元大-和平,2023-10-20,9863
00655L,國泰中國A50正2,10,0,10,元大-和平,2023-10-20,9863
1434,福懋,10,0,10,元大-和平,2023-10-20,9863
2515,中工,10,0,10,元大-和平,2023-10-20,9863
2855,統一證,10,0,10,元大-和平,2023-10-20,9863
6235,華孚,15,5,10,元大-和平,2023-10-20,9863
4908,前鼎,34,25,9,元大-和平,2023-10-20,9863
00680L,元大美債20正2,9,0,9,元大-和平,2023-10-20,9863
1503,士電,11,2,9,元大-和平,2023-10-20,9863
2913,農林,11,2,9,元大-和平,2023-10-20,9863
00929,復華台灣科技優息,235,4,231,元大-和平,2023-10-23,9863
00679B,元大美債20年,217,0,217,元大-和平,2023-10-23,9863
9934,成霖,60,0,60,元大-和平,2023-10-23,9863
2816,旺旺保,56,6,50,元大-和平,2023-10-23,9863
2303,聯電,53,13,40,元大-和平,2023-10-23,9863
2516,新建,35,3,32,元大-和平,2023-10-23,9863
00751B,元大AAA至A公司債,29,0,29,元大-和平,2023-10-23,9863
0056,元大高股息,31,6,25,元大-和平,2023-10-23,9863
00637L,元大滬深300正2,35,10,25,元大-和平,2023-10-23,9863
2352,佳世達,25,0,25,元大-和平,2023-10-23,9863
2382,廣達,47,23,24,元大-和平,2023-10-23,9863
00922,國泰台灣領袖50,23,0,23,元大-和平,2023-10-23,9863
00878,國泰永續高股息,34,12,22,元大-和平,2023-10-23,9863
2885,元大金,20,0,20,元大-和平,2023-10-23,9863
1504,東元,31,12,19,元大-和平,2023-10-23,9863
00919,群益台灣精選高息,20,4,16,元大-和平,2023-10-23,9863
2884,玉山金,17,2,15,元大-和平,2023-10-23,9863
1605,華新,15,0,15,元大-和平,2023-10-23,9863
2892,第一金,13,0,13,元大-和平,2023-10-23,9863
2634,漢翔,15,3,12,元大-和平,2023-10-23,9863
3025,星通,23,13,10,元大-和平,2023-10-23,9863
00795B,中信美國公債20年,10,0,10,元大-和平,2023-10-23,9863
00753L,中信中國50正2,10,0,10,元大-和平,2023-10-23,9863
1402,遠東新,11,1,10,元大-和平,2023-10-23,9863
00712,復華富時不動產,10,0,10,元大-和平,2023-10-23,9863
2454,聯發科,12,2,10,元大-和平,2023-10-23,9863
00931B,統一美債20年,9,0,9,元大-和平,2023-10-23,9863
1721,三晃,38,29,9,元大-和平,2023-10-23,9863
2330,台積電,13,5,8,元大-和平,2023-10-23,9863
00687B,國泰20年美債,8,0,8,元大-和平,2023-10-23,9863
8069,元太,10,3,7,元大-和平,2023-10-23,9863
00722B,群益投資級電信債,7,0,7,元大-和平,2023-10-23,9863
0050,元大台灣50,7,0,7,元大-和平,2023-10-23,9863
2363,矽統,9,3,6,元大-和平,2023-10-23,9863
1434,福懋,6,0,6,元大-和平,2023-10-23,9863
3041,揚智,18,12,6,元大-和平,2023-10-23,9863
3363,上詮,7,1,6,元大-和平,2023-10-23,9863
5521,工信,6,0,6,元大-和平,2023-10-23,9863
6530,創威,7,1,6,元大-和平,2023-10-23,9863
6261,久元,6,1,5,元大-和平,2023-10-23,9863
6488,環球晶,5,0,5,元大-和平,2023-10-23,9863
00902,中信電池及儲能,5,0,5,元大-和平,2023-10-23,9863
00905,FT臺灣Smart,5,0,5,元大-和平,2023-10-23,9863
1522,堤維西,6,1,5,元大-和平,2023-10-23,9863
2208,台船,5,0,5,元大-和平,2023-10-23,9863
2331,精英,8,3,5,元大-和平,2023-10-23,9863
4440,宜新實業,5,0,5,元大-和平,2023-10-23,9863
9958,世紀鋼,6,1,5,元大-和平,2023-10-23,9863
2915,潤泰全,5,0,5,元大-和平,2023-10-23,9863
00724B,群益投資級金融債,4,0,4,元大-和平,2023-10-23,9863
2303,聯電,129,10,119,元大-和平,2023-10-24,9863
2317,鴻海,119,14,105,元大-和平,2023-10-24,9863
2883,凱基金,202,100,102,元大-和平,2023-10-24,9863
2369,菱生,82,4,78,元大-和平,2023-10-24,9863
00929,復華台灣科技優息,84,7,77,元大-和平,2023-10-24,9863
00637L,元大滬深300正2,56,0,56,元大-和平,2023-10-24,9863
2892,第一金,51,0,51,元大-和平,2023-10-24,9863
00919,群益台灣精選高息,28,0,28,元大-和平,2023-10-24,9863
2233,宇隆,25,0,25,元大-和平,2023-10-24,9863
6168,宏齊,29,6,23,元大-和平,2023-10-24,9863
4944,兆遠,20,0,20,元大-和平,2023-10-24,9863
3041,揚智,29,12,17,元大-和平,2023-10-24,9863
1301,台塑,16,0,16,元大-和平,2023-10-24,9863
3231,緯創,84,68,16,元大-和平,2023-10-24,9863
00687B,國泰20年美債,16,0,16,元大-和平,2023-10-24,9863
00712,復華富時不動產,16,0,16,元大-和平,2023-10-24,9863
2457,飛宏,23,11,12,元大-和平,2023-10-24,9863
6274,台燿,14,2,12,元大-和平,2023-10-24,9863
00922,國泰台灣領袖50,11,0,11,元大-和平,2023-10-24,9863
2641,正德,11,0,11,元大-和平,2023-10-24,9863
2885,元大金,11,0,11,元大-和平,2023-10-24,9863
3056,富華新,11,0,11,元大-和平,2023-10-24,9863
6237,驊訊,12,1,11,元大-和平,2023-10-24,9863
00878,國泰永續高股息,11,0,11,元大-和平,2023-10-24,9863
1101,台泥,10,0,10,元大-和平,2023-10-24,9863
00891,中信關鍵半導體,10,0,10,元大-和平,2023-10-24,9863
00656R,國泰中國A50反1,10,0,10,元大-和平,2023-10-24,9863
00655L,國泰中國A50正2,10,0,10,元大-和平,2023-10-24,9863
2888,新光金,10,0,10,元大-和平,2023-10-24,9863
3049,精金,10,0,10,元大-和平,2023-10-24,9863
1319,東陽,9,0,9,元大-和平,2023-10-24,9863
2002,中鋼,13,4,9,元大-和平,2023-10-24,9863
4162,智擎,17,8,9,元大-和平,2023-10-24,9863
6695,芯鼎,8,0,8,元大-和平,2023-10-24,9863
6261,久元,8,0,8,元大-和平,2023-10-24,9863
2891,中信金,12,5,7,元大-和平,2023-10-24,9863
00751B,元大AAA至A公司債,7,0,7,元大-和平,2023-10-24,9863
1504,東元,7,0,7,元大-和平,2023-10-24,9863
1524,耿鼎,17,10,7,元大-和平,2023-10-24,9863
2401,凌陽,8,1,7,元大-和平,2023-10-24,9863
2618,長榮航,45,38,7,元大-和平,2023-10-24,9863
4906,正文,10,3,7,元大-和平,2023-10-24,9863
6486,互動,7,0,7,元大-和平,2023-10-24,9863
2399,映泰,12,5,7,元大-和平,2023-10-24,9863
3025,星通,41,35,6,元大-和平,2023-10-24,9863
2462,良得電,7,1,6,元大-和平,2023-10-24,9863
5876,上海商銀,6,0,6,元大-和平,2023-10-24,9863
2204,中華,6,0,6,元大-和平,2023-10-24,9863
2337,旺宏,6,0,6,元大-和平,2023-10-24,9863
3511,矽瑪,6,0,6,元大-和平,2023-10-24,9863
00679B,元大美債20年,63,3,60,元大-和平,2023-10-25,9863
1314,中石化,50,0,50,元大-和平,2023-10-25,9863
3714,富采,50,0,50,元大-和平,2023-10-25,9863
2618,長榮航,38,0,38,元大-和平,2023-10-25,9863
2317,鴻海,43,5,38,元大-和平,2023-10-25,9863
5263,智崴,35,0,35,元大-和平,2023-10-25,9863
2313,華通,39,5,34,元大-和平,2023-10-25,9863
6117,迎廣,52,19,33,元大-和平,2023-10-25,9863
1216,統一,28,0,28,元大-和平,2023-10-25,9863
8936,國統,30,4,26,元大-和平,2023-10-25,9863
3231,緯創,55,30,25,元大-和平,2023-10-25,9863
1609,大亞,25,0,25,元大-和平,2023-10-25,9863
1339,昭輝,24,0,24,元大-和平,2023-10-25,9863
3450,聯鈞,33,11,22,元大-和平,2023-10-25,9863
1618,合機,30,11,19,元大-和平,2023-10-25,9863
1795,美時,25,6,19,元大-和平,2023-10-25,9863
6456,GIS-KY,18,0,18,元大-和平,2023-10-25,9863
2405,輔信,21,4,17,元大-和平,2023-10-25,9863
3481,群創,18,1,17,元大-和平,2023-10-25,9863
00631L,元大台灣50正2,16,0,16,元大-和平,2023-10-25,9863
00878,國泰永續高股息,17,1,16,元大-和平,2023-10-25,9863
00687B,國泰20年美債,18,3,15,元大-和平,2023-10-25,9863
00891,中信關鍵半導體,20,5,15,元大-和平,2023-10-25,9863
00922,國泰台灣領袖50,15,0,15,元大-和平,2023-10-25,9863
2606,裕民,15,0,15,元大-和平,2023-10-25,9863
1101,台泥,15,3,12,元大-和平,2023-10-25,9863
00830,國泰費城半導體,12,0,12,元大-和平,2023-10-25,9863
6530,創威,12,0,12,元大-和平,2023-10-25,9863
2369,菱生,16,4,12,元大-和平,2023-10-25,9863
3035,智原,26,15,11,元大-和平,2023-10-25,9863
3325,旭品,13,2,11,元大-和平,2023-10-25,9863
1504,東元,16,5,11,元大-和平,2023-10-25,9863
1108,幸福,10,0,10,元大-和平,2023-10-25,9863
2323,中環,10,0,10,元大-和平,2023-10-25,9863
2399,映泰,16,6,10,元大-和平,2023-10-25,9863
2610,華航,10,0,10,元大-和平,2023-10-25,9863
6282,康舒,12,2,10,元大-和平,2023-10-25,9863
6535,順藥,10,0,10,元大-和平,2023-10-25,9863
8114,振樺電,10,0,10,元大-和平,2023-10-25,9863
0056,元大高股息,10,0,10,元大-和平,2023-10-25,9863
1453,大將,14,4,10,元大-和平,2023-10-25,9863
2883,凱基金,11,2,9,元大-和平,2023-10-25,9863
6168,宏齊,17,8,9,元大-和平,2023-10-25,9863
6901,鑽石投資,11,2,9,元大-和平,2023-10-25,9863
4908,前鼎,30,21,9,元大-和平,2023-10-25,9863
2324,仁寶,10,2,8,元大-和平,2023-10-25,9863
2485,兆赫,8,0,8,元大-和平,2023-10-25,9863
2637,慧洋-KY,8,0,8,元大-和平,2023-10-25,9863
00751B,元大AAA至A公司債,7,0,7,元大-和平,2023-10-25,9863
4979,華星光,32,26,6,元大-和平,2023-10-25,9863
2303,聯電,160,2,158,元大-和平,2023-10-26,9863
9934,成霖,155,0,155,元大-和平,2023-10-26,9863
00929,復華台灣科技優息,120,40,80,元大-和平,2023-10-26,9863
2892,第一金,57,0,57,元大-和平,2023-10-26,9863
2888,新光金,41,0,41,元大-和平,2023-10-26,9863
2201,裕隆,41,1,40,元大-和平,2023-10-26,9863
00885,富邦越南,40,0,40,元大-和平,2023-10-26,9863
1524,耿鼎,55,16,39,元大-和平,2023-10-26,9863
00712,復華富時不動產,36,0,36,元大-和平,2023-10-26,9863
00679B,元大美債20年,32,0,32,元大-和平,2023-10-26,9863
2618,長榮航,78,48,30,元大-和平,2023-10-26,9863
2903,遠百,30,0,30,元大-和平,2023-10-26,9863
2610,華航,30,2,28,元大-和平,2023-10-26,9863
00919,群益台灣精選高息,28,0,28,元大-和平,2023-10-26,9863
00687B,國泰20年美債,26,0,26,元大-和平,2023-10-26,9863
6139,亞翔,61,35,26,元大-和平,2023-10-26,9863
00878,國泰永續高股息,26,2,24,元大-和平,2023-10-26,9863
0056,元大高股息,25,1,24,元大-和平,2023-10-26,9863
2330,台積電,24,0,24,元大-和平,2023-10-26,9863
2344,華邦電,25,2,23,元大-和平,2023-10-26,9863
2801,彰銀,22,0,22,元大-和平,2023-10-26,9863
1504,東元,21,0,21,元大-和平,2023-10-26,9863
1605,華新,21,1,20,元大-和平,2023-10-26,9863
9945,潤泰新,20,0,20,元大-和平,2023-10-26,9863
2382,廣達,38,22,16,元大-和平,2023-10-26,9863
8176,智捷,16,0,16,元大-和平,2023-10-26,9863
2855,統一證,15,0,15,元大-和平,2023-10-26,9863
6216,居易,15,0,15,元大-和平,2023-10-26,9863
00720B,元大投資級公司債,15,0,15,元大-和平,2023-10-26,9863
2883,凱基金,34,21,13,元大-和平,2023-10-26,9863
00923,群益台ESG低碳50,12,0,12,元大-和平,2023-10-26,9863
3006,晶豪科,15,3,12,元大-和平,2023-10-26,9863
00900,富邦特選高股息30,12,0,12,元大-和平,2023-10-26,9863
1568,倉佑,12,0,12,元大-和平,2023-10-26,9863
2427,三商電,12,0,12,元大-和平,2023-10-26,9863
3037,欣興,16,5,11,元大-和平,2023-10-26,9863
00922,國泰台灣領袖50,11,0,11,元大-和平,2023-10-26,9863
00891,中信關鍵半導體,11,0,11,元大-和平,2023-10-26,9863
2337,旺宏,14,4,10,元大-和平,2023-10-26,9863
5009,榮剛,10,0,10,元大-和平,2023-10-26,9863
3406,玉晶光,10,0,10,元大-和平,2023-10-26,9863
00897,富邦基因免疫生技,10,0,10,元大-和平,2023-10-26,9863
1342,八貫,10,0,10,元大-和平,2023-10-26,9863
2404,漢唐,10,0,10,元大-和平,2023-10-26,9863
0050,元大台灣50,10,0,10,元大-和平,2023-10-26,9863
2383,台光電,10,1,9,元大-和平,2023-10-26,9863
6472,保瑞,8,0,8,元大-和平,2023-10-26,9863
2886,兆豐金,8,0,8,元大-和平,2023-10-26,9863
6188,廣明,8,0,8,元大-和平,2023-10-26,9863
00706L,期元大S＆P日圓正2,8,0,8,元大-和平,2023-10-26,9863
2233,宇隆,69,5,64,元大-和平,2023-10-27,9863
1313,聯成,55,5,50,元大-和平,2023-10-27,9863
00878,國泰永續高股息,49,4,45,元大-和平,2023-10-27,9863
9934,成霖,40,0,40,元大-和平,2023-10-27,9863
5263,智崴,31,0,31,元大-和平,2023-10-27,9863
00929,復華台灣科技優息,34,5,29,元大-和平,2023-10-27,9863
2201,裕隆,50,22,28,元大-和平,2023-10-27,9863
00712,復華富時不動產,28,0,28,元大-和平,2023-10-27,9863
2329,華泰,25,0,25,元大-和平,2023-10-27,9863
2634,漢翔,24,0,24,元大-和平,2023-10-27,9863
3715,定穎投控,36,14,22,元大-和平,2023-10-27,9863
2337,旺宏,20,0,20,元大-和平,2023-10-27,9863
00724B,群益投資級金融債,17,0,17,元大-和平,2023-10-27,9863
4960,誠美材,29,13,16,元大-和平,2023-10-27,9863
3032,偉訓,18,3,15,元大-和平,2023-10-27,9863
2002,中鋼,13,0,13,元大-和平,2023-10-27,9863
6235,華孚,27,14,13,元大-和平,2023-10-27,9863
2340,台亞,15,2,13,元大-和平,2023-10-27,9863
6285,啟��,12,0,12,元大-和平,2023-10-27,9863
00919,群益台灣精選高息,11,0,11,元大-和平,2023-10-27,9863
3006,晶豪科,17,6,11,元大-和平,2023-10-27,9863
3231,緯創,57,47,10,元大-和平,2023-10-27,9863
2460,建通,10,0,10,元大-和平,2023-10-27,9863
2888,新光金,10,0,10,元大-和平,2023-10-27,9863
3596,智易,10,0,10,元大-和平,2023-10-27,9863
3264,欣銓,33,24,9,元大-和平,2023-10-27,9863
6593,台灣銘板,14,5,9,元大-和平,2023-10-27,9863
0056,元大高股息,9,0,9,元大-和平,2023-10-27,9863
2330,台積電,11,3,8,元大-和平,2023-10-27,9863
2425,承啟,8,0,8,元大-和平,2023-10-27,9863
2883,凱基金,9,1,8,元大-和平,2023-10-27,9863
2885,元大金,8,0,8,元大-和平,2023-10-27,9863
6282,康舒,13,5,8,元大-和平,2023-10-27,9863
2454,聯發科,11,3,8,元大-和平,2023-10-27,9863
2465,麗臺,8,1,7,元大-和平,2023-10-27,9863
2316,楠梓電,7,0,7,元大-和平,2023-10-27,9863
2351,順德,8,1,7,元大-和平,2023-10-27,9863
3013,晟銘電,25,18,7,元大-和平,2023-10-27,9863
5225,東科-KY,7,0,7,元大-和平,2023-10-27,9863
6179,亞通,11,4,7,元大-和平,2023-10-27,9863
2368,金像電,6,0,6,元大-和平,2023-10-27,9863
2382,廣達,11,5,6,元大-和平,2023-10-27,9863
3260,威剛,19,13,6,元大-和平,2023-10-27,9863
2009,第一銅,6,0,6,元大-和平,2023-10-27,9863
2363,矽統,9,3,6,元大-和平,2023-10-27,9863
2457,飛宏,7,1,6,元大-和平,2023-10-27,9863
6799,來頡,6,0,6,元大-和平,2023-10-27,9863
9802,鈺齊-KY,6,0,6,元大-和平,2023-10-27,9863
2408,南亞科,6,1,5,元大-和平,2023-10-27,9863
2006,東和鋼鐵,5,0,5,元大-和平,2023-10-27,9863
2883,凱基金,139,0,139,元大-和平,2023-10-30,9863
2618,長榮航,113,0,113,元大-和平,2023-10-30,9863
2317,鴻海,134,24,110,元大-和平,2023-10-30,9863
2888,新光金,96,0,96,元大-和平,2023-10-30,9863
3715,定穎投控,102,18,84,元大-和平,2023-10-30,9863
00712,復華富時不動產,46,0,46,元大-和平,2023-10-30,9863
2417,圓剛,42,0,42,元大-和平,2023-10-30,9863
2485,兆赫,29,4,25,元大-和平,2023-10-30,9863
00751B,元大AAA至A公司債,25,0,25,元大-和平,2023-10-30,9863
2630,亞航,17,0,17,元大-和平,2023-10-30,9863
1795,美時,19,2,17,元大-和平,2023-10-30,9863
2855,統一證,15,0,15,元大-和平,2023-10-30,9863
6472,保瑞,15,2,13,元大-和平,2023-10-30,9863
4164,承業醫,12,0,12,元大-和平,2023-10-30,9863
2891,中信金,11,0,11,元大-和平,2023-10-30,9863
2399,映泰,11,0,11,元大-和平,2023-10-30,9863
5876,上海商銀,11,0,11,元大-和平,2023-10-30,9863
2886,兆豐金,10,0,10,元大-和平,2023-10-30,9863
0056,元大高股息,11,1,10,元大-和平,2023-10-30,9863
1457,宜進,10,0,10,元大-和平,2023-10-30,9863
2362,藍天,10,0,10,元大-和平,2023-10-30,9863
3481,群創,10,0,10,元大-和平,2023-10-30,9863
2610,華航,9,0,9,元大-和平,2023-10-30,9863
00878,國泰永續高股息,14,5,9,元大-和平,2023-10-30,9863
2328,廣宇,9,0,9,元大-和平,2023-10-30,9863
3576,聯合再生,14,5,9,元大-和平,2023-10-30,9863
3264,欣銓,22,14,8,元大-和平,2023-10-30,9863
00929,復華台灣科技優息,108,100,8,元大-和平,2023-10-30,9863
6278,台表科,8,0,8,元大-和平,2023-10-30,9863
4961,天鈺,10,2,8,元大-和平,2023-10-30,9863
3017,奇鋐,10,3,7,元大-和平,2023-10-30,9863
2340,台亞,7,0,7,元大-和平,2023-10-30,9863
3176,基亞,11,4,7,元大-和平,2023-10-30,9863
0050,元大台灣50,7,0,7,元大-和平,2023-10-30,9863
8086,宏捷科,6,0,6,元大-和平,2023-10-30,9863
8054,安國,57,51,6,元大-和平,2023-10-30,9863
4960,誠美材,12,6,6,元大-和平,2023-10-30,9863
3363,上詮,6,0,6,元大-和平,2023-10-30,9863
8016,矽創,7,1,6,元大-和平,2023-10-30,9863
1504,東元,7,1,6,元大-和平,2023-10-30,9863
2356,英業達,10,5,5,元大-和平,2023-10-30,9863
00786B,元大10年IG銀行債,5,0,5,元大-和平,2023-10-30,9863
2609,陽明,5,0,5,元大-和平,2023-10-30,9863
2637,慧洋-KY,5,0,5,元大-和平,2023-10-30,9863
6290,良維,6,1,5,元大-和平,2023-10-30,9863
9940,信義,5,0,5,元大-和平,2023-10-30,9863
1303,南亞,4,0,4,元大-和平,2023-10-30,9863
6237,驊訊,5,1,4,元大-和平,2023-10-30,9863
1102,亞泥,5,1,4,元大-和平,2023-10-30,9863
00632R,元大台灣50反1,4,0,4,元大-和平,2023-10-30,9863
00712,復華富時不動產,205,0,205,元大-和平,2023-10-31,9863
9934,成霖,230,78,152,元大-和平,2023-10-31,9863
2382,廣達,78,10,68,元大-和平,2023-10-31,9863
00929,復華台灣科技優息,114,48,66,元大-和平,2023-10-31,9863
00679B,元大美債20年,66,0,66,元大-和平,2023-10-31,9863
0056,元大高股息,59,6,53,元大-和平,2023-10-31,9863
2101,南港,40,0,40,元大-和平,2023-10-31,9863
6274,台燿,42,2,40,元大-和平,2023-10-31,9863
3189,景碩,48,15,33,元大-和平,2023-10-31,9863
8936,國統,26,0,26,元大-和平,2023-10-31,9863
00878,國泰永續高股息,32,9,23,元大-和平,2023-10-31,9863
2883,凱基金,21,0,21,元大-和平,2023-10-31,9863
2891,中信金,22,1,21,元大-和平,2023-10-31,9863
2645,長榮航太,20,0,20,元大-和平,2023-10-31,9863
9904,寶成,20,0,20,元大-和平,2023-10-31,9863
00919,群益台灣精選高息,19,0,19,元大-和平,2023-10-31,9863
3588,通嘉,20,5,15,元大-和平,2023-10-31,9863
2630,亞航,15,0,15,元大-和平,2023-10-31,9863
2330,台積電,14,0,14,元大-和平,2023-10-31,9863
8927,北基,14,0,14,元大-和平,2023-10-31,9863
3491,昇達科,18,4,14,元大-和平,2023-10-31,9863
3017,奇鋐,16,3,13,元大-和平,2023-10-31,9863
6830,汎銓,13,0,13,元大-和平,2023-10-31,9863
2303,聯電,20,8,12,元大-和平,2023-10-31,9863
4960,誠美材,12,0,12,元大-和平,2023-10-31,9863
3036,文曄,12,2,10,元大-和平,2023-10-31,9863
2855,統一證,10,0,10,元大-和平,2023-10-31,9863
3027,盛達,10,0,10,元大-和平,2023-10-31,9863
3706,神達,10,0,10,元大-和平,2023-10-31,9863
4915,致伸,10,0,10,元大-和平,2023-10-31,9863
5243,乙盛-KY,10,0,10,元大-和平,2023-10-31,9863
2615,萬海,10,0,10,元大-和平,2023-10-31,9863
0050,元大台灣50,10,0,10,元大-和平,2023-10-31,9863
2351,順德,9,0,9,元大-和平,2023-10-31,9863
2634,漢翔,10,1,9,元大-和平,2023-10-31,9863
6235,華孚,11,2,9,元大-和平,2023-10-31,9863
2331,精英,8,0,8,元大-和平,2023-10-31,9863
3231,緯創,21,13,8,元大-和平,2023-10-31,9863
2417,圓剛,7,0,7,元大-和平,2023-10-31,9863
3088,艾訊,7,0,7,元大-和平,2023-10-31,9863
00751B,元大AAA至A公司債,19,12,7,元大-和平,2023-10-31,9863
2834,臺企銀,7,0,7,元大-和平,2023-10-31,9863
4529,淳紳,7,0,7,元大-和平,2023-10-31,9863
4958,臻鼎-KY,7,0,7,元大-和平,2023-10-31,9863
8358,金居,7,0,7,元大-和平,2023-10-31,9863
3587,閎康,6,0,6,元大-和平,2023-10-31,9863
4934,太極,6,0,6,元大-和平,2023-10-31,9863
2727,王品,6,0,6,元大-和平,2023-10-31,9863
00922,國泰台灣領袖50,6,0,6,元大-和平,2023-10-31,9863
2340,台亞,7,1,6,元大-和平,2023-10-31,9863
00934,中信成長高股息,126,0,126,元大-和平,2023-11-01,9863
4915,致伸,79,1,78,元大-和平,2023-11-01,9863
00878,國泰永續高股息,62,0,62,元大-和平,2023-11-01,9863
1815,富喬,241,180,61,元大-和平,2023-11-01,9863
9934,成霖,32,0,32,元大-和平,2023-11-01,9863
6191,精成科,53,24,29,元大-和平,2023-11-01,9863
00751B,元大AAA至A公司債,33,6,27,元大-和平,2023-11-01,9863
00935,野村臺灣新科技50,25,0,25,元大-和平,2023-11-01,9863
6257,矽格,25,0,25,元大-和平,2023-11-01,9863
8938,明安,20,0,20,元大-和平,2023-11-01,9863
3037,欣興,23,4,19,元大-和平,2023-11-01,9863
2303,聯電,27,8,19,元大-和平,2023-11-01,9863
0056,元大高股息,19,0,19,元大-和平,2023-11-01,9863
2308,台達電,17,1,16,元大-和平,2023-11-01,9863
00706L,期元大S＆P日圓正2,16,0,16,元大-和平,2023-11-01,9863
6279,胡連,16,0,16,元大-和平,2023-11-01,9863
2201,裕隆,33,18,15,元大-和平,2023-11-01,9863
0050,元大台灣50,16,2,14,元大-和平,2023-11-01,9863
6285,啟��,18,4,14,元大-和平,2023-11-01,9863
1795,美時,15,2,13,元大-和平,2023-11-01,9863
2356,英業達,15,3,12,元大-和平,2023-11-01,9863
4188,安克,15,4,11,元大-和平,2023-11-01,9863
2417,圓剛,16,5,11,元大-和平,2023-11-01,9863
3231,緯創,12,2,10,元大-和平,2023-11-01,9863
2409,友達,10,0,10,元大-和平,2023-11-01,9863
1313,聯成,10,0,10,元大-和平,2023-11-01,9863
1799,易威,10,0,10,元大-和平,2023-11-01,9863
3105,穩懋,13,3,10,元大-和平,2023-11-01,9863
6026,福邦證,10,0,10,元大-和平,2023-11-01,9863
1319,東陽,11,2,9,元大-和平,2023-11-01,9863
1101,台泥,12,3,9,元大-和平,2023-11-01,9863
3006,晶豪科,10,1,9,元大-和平,2023-11-01,9863
5348,正能量智能,10,2,8,元大-和平,2023-11-01,9863
9802,鈺齊-KY,8,0,8,元大-和平,2023-11-01,9863
3481,群創,9,2,7,元大-和平,2023-11-01,9863
00666R,富邦�琤肭磪齯�1,7,0,7,元大-和平,2023-11-01,9863
2313,華通,8,1,7,元大-和平,2023-11-01,9863
6438,迅得,8,1,7,元大-和平,2023-11-01,9863
00929,復華台灣科技優息,8,2,6,元大-和平,2023-11-01,9863
2449,京元電子,6,0,6,元大-和平,2023-11-01,9863
3035,智原,8,2,6,元大-和平,2023-11-01,9863
1303,南亞,6,0,6,元大-和平,2023-11-01,9863
6139,亞翔,17,11,6,元大-和平,2023-11-01,9863
3704,合勤控,10,4,6,元大-和平,2023-11-01,9863
6442,光聖,8,3,5,元大-和平,2023-11-01,9863
1605,華新,17,12,5,元大-和平,2023-11-01,9863
4108,懷特,6,1,5,元大-和平,2023-11-01,9863
00720B,元大投資級公司債,5,0,5,元大-和平,2023-11-01,9863
1736,喬山,5,0,5,元大-和平,2023-11-01,9863
3189,景碩,6,1,5,元大-和平,2023-11-01,9863
2883,凱基金,310,0,310,元大-和平,2023-11-02,9863
3217,優群,106,0,106,元大-和平,2023-11-02,9863
00712,復華富時不動產,101,6,95,元大-和平,2023-11-02,9863
00934,中信成長高股息,75,0,75,元大-和平,2023-11-02,9863
1815,富喬,272,201,71,元大-和平,2023-11-02,9863
3481,群創,89,27,62,元大-和平,2023-11-02,9863
6213,聯茂,50,5,45,元大-和平,2023-11-02,9863
2618,長榮航,72,36,36,元大-和平,2023-11-02,9863
6257,矽格,30,2,28,元大-和平,2023-11-02,9863
3711,日月光投控,41,14,27,元大-和平,2023-11-02,9863
2884,玉山金,22,0,22,元大-和平,2023-11-02,9863
3380,明泰,45,24,21,元大-和平,2023-11-02,9863
2460,建通,20,0,20,元大-和平,2023-11-02,9863
3576,聯合再生,20,0,20,元大-和平,2023-11-02,9863
6269,台郡,20,0,20,元大-和平,2023-11-02,9863
8936,國統,63,44,19,元大-和平,2023-11-02,9863
3715,定穎投控,95,77,18,元大-和平,2023-11-02,9863
5439,高技,21,3,18,元大-和平,2023-11-02,9863
8088,品安,22,5,17,元大-和平,2023-11-02,9863
2492,華新科,20,5,15,元大-和平,2023-11-02,9863
6706,惠特,15,0,15,元大-和平,2023-11-02,9863
6530,創威,16,2,14,元大-和平,2023-11-02,9863
00687B,國泰20年美債,16,4,12,元大-和平,2023-11-02,9863
2406,國碩,11,0,11,元大-和平,2023-11-02,9863
00680L,元大美債20正2,10,0,10,元大-和平,2023-11-02,9863
2025,千興,10,0,10,元大-和平,2023-11-02,9863
2888,新光金,10,0,10,元大-和平,2023-11-02,9863
3027,盛達,10,0,10,元大-和平,2023-11-02,9863
6278,台表科,10,0,10,元大-和平,2023-11-02,9863
6901,鑽石投資,10,0,10,元大-和平,2023-11-02,9863
9950,萬國通,10,0,10,元大-和平,2023-11-02,9863
1216,統一,10,0,10,元大-和平,2023-11-02,9863
00713,元大台灣高息低波,11,2,9,元大-和平,2023-11-02,9863
2364,倫飛,13,4,9,元大-和平,2023-11-02,9863
3189,景碩,9,0,9,元大-和平,2023-11-02,9863
2363,矽統,19,10,9,元大-和平,2023-11-02,9863
00631L,元大台灣50正2,9,0,9,元大-和平,2023-11-02,9863
3322,建舜電,8,0,8,元大-和平,2023-11-02,9863
2421,建準,8,0,8,元大-和平,2023-11-02,9863
6189,豐藝,10,2,8,元大-和平,2023-11-02,9863
3443,創意,7,0,7,元大-和平,2023-11-02,9863
2478,大毅,7,0,7,元大-和平,2023-11-02,9863
6282,康舒,7,0,7,元大-和平,2023-11-02,9863
2367,燿華,12,5,7,元大-和平,2023-11-02,9863
3548,兆利,40,33,7,元大-和平,2023-11-02,9863
2368,金像電,7,1,6,元大-和平,2023-11-02,9863
3025,星通,12,6,6,元大-和平,2023-11-02,9863
1605,華新,6,1,5,元大-和平,2023-11-02,9863
2376,技嘉,13,8,5,元大-和平,2023-11-02,9863
6669,緯穎,5,0,5,元大-和平,2023-11-02,9863
00751B,元大AAA至A公司債,157,1,156,元大-和平,2023-11-03,9863
1815,富喬,278,124,154,元大-和平,2023-11-03,9863
4906,正文,132,3,129,元大-和平,2023-11-03,9863
2312,金寶,125,0,125,元大-和平,2023-11-03,9863
00712,復華富時不動產,120,7,113,元大-和平,2023-11-03,9863
3217,優群,110,0,110,元大-和平,2023-11-03,9863
6278,台表科,85,0,85,元大-和平,2023-11-03,9863
00632R,元大台灣50反1,70,1,69,元大-和平,2023-11-03,9863
00878,國泰永續高股息,50,0,50,元大-和平,2023-11-03,9863
4401,東隆興,30,0,30,元大-和平,2023-11-03,9863
00934,中信成長高股息,26,0,26,元大-和平,2023-11-03,9863
3260,威剛,36,12,24,元大-和平,2023-11-03,9863
5439,高技,23,0,23,元大-和平,2023-11-03,9863
2363,矽統,118,97,21,元大-和平,2023-11-03,9863
3322,建舜電,36,15,21,元大-和平,2023-11-03,9863
2371,大同,25,6,19,元大-和平,2023-11-03,9863
6279,胡連,19,0,19,元大-和平,2023-11-03,9863
6285,啟��,36,17,19,元大-和平,2023-11-03,9863
2317,鴻海,24,7,17,元大-和平,2023-11-03,9863
1216,統一,15,0,15,元大-和平,2023-11-03,9863
2344,華邦電,16,1,15,元大-和平,2023-11-03,9863
2645,長榮航太,16,1,15,元大-和平,2023-11-03,9863
5009,榮剛,15,0,15,元大-和平,2023-11-03,9863
5210,寶碩,15,0,15,元大-和平,2023-11-03,9863
6127,九豪,15,0,15,元大-和平,2023-11-03,9863
2458,義隆,21,7,14,元大-和平,2023-11-03,9863
2324,仁寶,13,0,13,元大-和平,2023-11-03,9863
00696B,富邦美債20年,13,0,13,元大-和平,2023-11-03,9863
00680L,元大美債20正2,13,0,13,元大-和平,2023-11-03,9863
00935,野村臺灣新科技50,12,0,12,元大-和平,2023-11-03,9863
3041,揚智,11,0,11,元大-和平,2023-11-03,9863
00679B,元大美債20年,16,5,11,元大-和平,2023-11-03,9863
1304,台聚,10,0,10,元大-和平,2023-11-03,9863
00713,元大台灣高息低波,14,4,10,元大-和平,2023-11-03,9863
1603,華電,10,0,10,元大-和平,2023-11-03,9863
5340,建榮,10,0,10,元大-和平,2023-11-03,9863
6112,邁達特,10,0,10,元大-和平,2023-11-03,9863
1605,華新,20,10,10,元大-和平,2023-11-03,9863
6237,驊訊,11,1,10,元大-和平,2023-11-03,9863
3576,聯合再生,29,20,9,元大-和平,2023-11-03,9863
2382,廣達,22,13,9,元大-和平,2023-11-03,9863
3006,晶豪科,9,1,8,元大-和平,2023-11-03,9863
00631L,元大台灣50正2,8,0,8,元大-和平,2023-11-03,9863
0056,元大高股息,12,4,8,元大-和平,2023-11-03,9863
2356,英業達,12,5,7,元大-和平,2023-11-03,9863
4961,天鈺,7,0,7,元大-和平,2023-11-03,9863
2457,飛宏,7,0,7,元大-和平,2023-11-03,9863
6486,互動,7,0,7,元大-和平,2023-11-03,9863
2492,華新科,37,30,7,元大-和平,2023-11-03,9863
2401,凌陽,7,0,7,元大-和平,2023-11-03,9863
00885,富邦越南,101,0,101,元大-和平,2023-11-06,9863
8210,勤誠,82,3,79,元大-和平,2023-11-06,9863
6278,台表科,66,0,66,元大-和平,2023-11-06,9863
1342,八貫,42,2,40,元大-和平,2023-11-06,9863
3010,華立,40,0,40,元大-和平,2023-11-06,9863
00878,國泰永續高股息,34,1,33,元大-和平,2023-11-06,9863
2363,矽統,107,76,31,元大-和平,2023-11-06,9863
2421,建準,28,0,28,元大-和平,2023-11-06,9863
00891,中信關鍵半導體,30,4,26,元大-和平,2023-11-06,9863
6538,倉和,25,0,25,元大-和平,2023-11-06,9863
2002,中鋼,50,28,22,元大-和平,2023-11-06,9863
2486,一詮,24,2,22,元大-和平,2023-11-06,9863
1721,三晃,31,10,21,元大-和平,2023-11-06,9863
2882,國泰金,20,0,20,元大-和平,2023-11-06,9863
00935,野村臺灣新科技50,20,0,20,元大-和平,2023-11-06,9863
00712,復華富時不動產,21,1,20,元大-和平,2023-11-06,9863
1717,長興,20,0,20,元大-和平,2023-11-06,9863
1785,光洋科,24,4,20,元大-和平,2023-11-06,9863
4401,東隆興,20,0,20,元大-和平,2023-11-06,9863
6412,群電,26,6,20,元大-和平,2023-11-06,9863
8936,國統,34,14,20,元大-和平,2023-11-06,9863
2634,漢翔,26,7,19,元大-和平,2023-11-06,9863
00687B,國泰20年美債,19,1,18,元大-和平,2023-11-06,9863
1313,聯成,18,0,18,元大-和平,2023-11-06,9863
2059,川湖,20,3,17,元大-和平,2023-11-06,9863
6285,啟��,19,4,15,元大-和平,2023-11-06,9863
9945,潤泰新,15,0,15,元大-和平,2023-11-06,9863
6235,華孚,39,25,14,元大-和平,2023-11-06,9863
00934,中信成長高股息,23,10,13,元大-和平,2023-11-06,9863
5222,全訊,12,0,12,元大-和平,2023-11-06,9863
1101,台泥,12,0,12,元大-和平,2023-11-06,9863
2382,廣達,33,22,11,元大-和平,2023-11-06,9863
3693,營邦,16,5,11,元大-和平,2023-11-06,9863
2915,潤泰全,15,4,11,元大-和平,2023-11-06,9863
3013,晟銘電,16,5,11,元大-和平,2023-11-06,9863
00696B,富邦美債20年,10,0,10,元大-和平,2023-11-06,9863
2206,三陽工業,11,1,10,元大-和平,2023-11-06,9863
2548,華固,10,0,10,元大-和平,2023-11-06,9863
4938,和碩,10,0,10,元大-和平,2023-11-06,9863
9105,泰金寶-DR,10,0,10,元大-和平,2023-11-06,9863
1504,東元,10,0,10,元大-和平,2023-11-06,9863
1802,台玻,10,0,10,元大-和平,2023-11-06,9863
5263,智崴,10,1,9,元大-和平,2023-11-06,9863
1795,美時,8,0,8,元大-和平,2023-11-06,9863
2063,世鎧,8,0,8,元大-和平,2023-11-06,9863
9958,世紀鋼,8,0,8,元大-和平,2023-11-06,9863
2439,美律,15,7,8,元大-和平,2023-11-06,9863
2364,倫飛,23,16,7,元大-和平,2023-11-06,9863
2105,正新,7,0,7,元大-和平,2023-11-06,9863
2748,雲品,10,3,7,元大-和平,2023-11-06,9863
2618,長榮航,585,113,472,元大-和平,2023-11-07,9863
2882,國泰金,261,0,261,元大-和平,2023-11-07,9863
2610,華航,39,2,37,元大-和平,2023-11-07,9863
1316,上曜,31,0,31,元大-和平,2023-11-07,9863
00929,復華台灣科技優息,79,49,30,元大-和平,2023-11-07,9863
6278,台表科,29,2,27,元大-和平,2023-11-07,9863
5258,虹堡,26,1,25,元大-和平,2023-11-07,9863
1101,台泥,21,0,21,元大-和平,2023-11-07,9863
8085,福華,30,10,20,元大-和平,2023-11-07,9863
3317,尼克森,28,9,19,元大-和平,2023-11-07,9863
1342,八貫,21,2,19,元大-和平,2023-11-07,9863
00878,國泰永續高股息,20,3,17,元大-和平,2023-11-07,9863
5263,智崴,15,0,15,元大-和平,2023-11-07,9863
2317,鴻海,18,4,14,元大-和平,2023-11-07,9863
00751B,元大AAA至A公司債,14,0,14,元大-和平,2023-11-07,9863
6282,康舒,22,8,14,元大-和平,2023-11-07,9863
2313,華通,18,5,13,元大-和平,2023-11-07,9863
4188,安克,13,0,13,元大-和平,2023-11-07,9863
6285,啟��,23,10,13,元大-和平,2023-11-07,9863
00679B,元大美債20年,12,0,12,元大-和平,2023-11-07,9863
8210,勤誠,12,0,12,元大-和平,2023-11-07,9863
3376,新日興,13,2,11,元大-和平,2023-11-07,9863
9958,世紀鋼,11,0,11,元大-和平,2023-11-07,9863
9945,潤泰新,10,0,10,元大-和平,2023-11-07,9863
2352,佳世達,10,1,9,元大-和平,2023-11-07,9863
2614,東森,9,0,9,元大-和平,2023-11-07,9863
3006,晶豪科,10,1,9,元大-和平,2023-11-07,9863
5009,榮剛,12,3,9,元大-和平,2023-11-07,9863
8086,宏捷科,19,10,9,元大-和平,2023-11-07,9863
2002,中鋼,8,0,8,元大-和平,2023-11-07,9863
00934,中信成長高股息,8,0,8,元大-和平,2023-11-07,9863
2337,旺宏,8,0,8,元大-和平,2023-11-07,9863
2344,華邦電,11,3,8,元大-和平,2023-11-07,9863
5706,鳳凰,8,0,8,元大-和平,2023-11-07,9863
2492,華新科,9,1,8,元大-和平,2023-11-07,9863
2615,萬海,7,0,7,元大-和平,2023-11-07,9863
8112,至上,8,1,7,元大-和平,2023-11-07,9863
0056,元大高股息,36,30,6,元大-和平,2023-11-07,9863
1305,華夏,6,0,6,元大-和平,2023-11-07,9863
3023,信邦,9,3,6,元大-和平,2023-11-07,9863
2748,雲品,12,6,6,元大-和平,2023-11-07,9863
6182,合晶,8,2,6,元大-和平,2023-11-07,9863
1785,光洋科,19,13,6,元大-和平,2023-11-07,9863
6472,保瑞,8,2,6,元大-和平,2023-11-07,9863
2421,建準,7,2,5,元大-和平,2023-11-07,9863
00890B,凱基ESG BBB債,5,0,5,元大-和平,2023-11-07,9863
00692,富邦公司治理,5,0,5,元大-和平,2023-11-07,9863
1532,勤美,5,0,5,元大-和平,2023-11-07,9863
1731,美吾華,8,3,5,元大-和平,2023-11-07,9863
2705,六福,5,0,5,元大-和平,2023-11-07,9863
2618,長榮航,651,412,239,元大-和平,2023-11-08,9863
9934,成霖,102,20,82,元大-和平,2023-11-08,9863
8210,勤誠,102,31,71,元大-和平,2023-11-08,9863
6284,佳邦,80,14,66,元大-和平,2023-11-08,9863
00936,台新永續高息中小,73,10,63,元大-和平,2023-11-08,9863
2903,遠百,38,5,33,元大-和平,2023-11-08,9863
1524,耿鼎,36,9,27,元大-和平,2023-11-08,9863
2816,旺旺保,26,0,26,元大-和平,2023-11-08,9863
5258,虹堡,41,18,23,元大-和平,2023-11-08,9863
2812,台中銀,21,0,21,元大-和平,2023-11-08,9863
9945,潤泰新,20,0,20,元大-和平,2023-11-08,9863
3376,新日興,41,22,19,元大-和平,2023-11-08,9863
4743,合一,31,13,18,元大-和平,2023-11-08,9863
2492,華新科,37,19,18,元大-和平,2023-11-08,9863
2515,中工,15,1,14,元大-和平,2023-11-08,9863
4561,健椿,13,0,13,元大-和平,2023-11-08,9863
2614,東森,21,9,12,元大-和平,2023-11-08,9863
6217,中探針,12,0,12,元大-和平,2023-11-08,9863
1609,大亞,12,0,12,元大-和平,2023-11-08,9863
2352,佳世達,13,1,12,元大-和平,2023-11-08,9863
1785,光洋科,21,10,11,元大-和平,2023-11-08,9863
00932,兆豐永續高息等權,10,0,10,元大-和平,2023-11-08,9863
00738U,期元大道瓊白銀,10,0,10,元大-和平,2023-11-08,9863
00795B,中信美國公債20年,10,0,10,元大-和平,2023-11-08,9863
00696B,富邦美債20年,10,0,10,元大-和平,2023-11-08,9863
2911,麗嬰房,10,0,10,元大-和平,2023-11-08,9863
6274,台燿,11,1,10,元大-和平,2023-11-08,9863
2383,台光電,15,6,9,元大-和平,2023-11-08,9863
1514,亞力,9,0,9,元大-和平,2023-11-08,9863
3034,聯詠,11,3,8,元大-和平,2023-11-08,9863
1108,幸福,8,0,8,元大-和平,2023-11-08,9863
1905,華紙,8,0,8,元大-和平,2023-11-08,9863
2748,雲品,8,0,8,元大-和平,2023-11-08,9863
4188,安克,21,13,8,元大-和平,2023-11-08,9863
6122,擎邦,14,6,8,元大-和平,2023-11-08,9863
1568,倉佑,10,3,7,元大-和平,2023-11-08,9863
00675L,富邦臺灣加權正2,7,0,7,元大-和平,2023-11-08,9863
00692,富邦公司治理,9,2,7,元大-和平,2023-11-08,9863
1216,統一,10,3,7,元大-和平,2023-11-08,9863
3276,宇環,7,0,7,元大-和平,2023-11-08,9863
2731,雄獅,7,0,7,元大-和平,2023-11-08,9863
3322,建舜電,7,0,7,元大-和平,2023-11-08,9863
6770,力積電,7,1,6,元大-和平,2023-11-08,9863
3041,揚智,6,0,6,元大-和平,2023-11-08,9863
2353,宏��,8,2,6,元大-和平,2023-11-08,9863
6488,環球晶,6,0,6,元大-和平,2023-11-08,9863
00931B,統一美債20年,5,0,5,元大-和平,2023-11-08,9863
3036,文曄,16,11,5,元大-和平,2023-11-08,9863
00919,群益台灣精選高息,6,1,5,元大-和平,2023-11-08,9863
00690,兆豐藍籌30,5,0,5,元大-和平,2023-11-08,9863
1314,中石化,200,0,200,元大-和平,2023-11-09,9863
2903,遠百,160,0,160,元大-和平,2023-11-09,9863
00679B,元大美債20年,146,0,146,元大-和平,2023-11-09,9863
3483,力致,109,9,100,元大-和平,2023-11-09,9863
6278,台表科,88,0,88,元大-和平,2023-11-09,9863
8085,福華,25,2,23,元大-和平,2023-11-09,9863
6805,富世達,22,1,21,元大-和平,2023-11-09,9863
00878,國泰永續高股息,28,8,20,元大-和平,2023-11-09,9863
2364,倫飛,21,1,20,元大-和平,2023-11-09,9863
5321,美而快,19,0,19,元大-和平,2023-11-09,9863
1605,華新,18,0,18,元大-和平,2023-11-09,9863
6284,佳邦,17,0,17,元大-和平,2023-11-09,9863
3231,緯創,66,51,15,元大-和平,2023-11-09,9863
4934,太極,14,0,14,元大-和平,2023-11-09,9863
1815,富喬,34,22,12,元大-和平,2023-11-09,9863
00934,中信成長高股息,14,2,12,元大-和平,2023-11-09,9863
2462,良得電,21,9,12,元大-和平,2023-11-09,9863
2630,亞航,12,0,12,元大-和平,2023-11-09,9863
6282,康舒,13,1,12,元大-和平,2023-11-09,9863
00935,野村臺灣新科技50,11,0,11,元大-和平,2023-11-09,9863
2801,彰銀,11,0,11,元大-和平,2023-11-09,9863
3010,華立,11,0,11,元大-和平,2023-11-09,9863
2492,華新科,30,19,11,元大-和平,2023-11-09,9863
6285,啟��,12,2,10,元大-和平,2023-11-09,9863
9958,世紀鋼,11,1,10,元大-和平,2023-11-09,9863
1342,八貫,10,0,10,元大-和平,2023-11-09,9863
2476,鉅祥,10,0,10,元大-和平,2023-11-09,9863
2596,綠意,10,0,10,元大-和平,2023-11-09,9863
3481,群創,10,0,10,元大-和平,2023-11-09,9863
4401,東隆興,10,0,10,元大-和平,2023-11-09,9863
8938,明安,10,0,10,元大-和平,2023-11-09,9863
2421,建準,10,1,9,元大-和平,2023-11-09,9863
00632R,元大台灣50反1,10,1,9,元大-和平,2023-11-09,9863
00720B,元大投資級公司債,14,5,9,元大-和平,2023-11-09,9863
2614,東森,25,16,9,元大-和平,2023-11-09,9863
2880,華南金,10,1,9,元大-和平,2023-11-09,9863
4108,懷特,9,0,9,元大-和平,2023-11-09,9863
8112,至上,9,0,9,元大-和平,2023-11-09,9863
3376,新日興,11,2,9,元大-和平,2023-11-09,9863
2376,技嘉,13,5,8,元大-和平,2023-11-09,9863
3276,宇環,8,0,8,元大-和平,2023-11-09,9863
3380,明泰,16,8,8,元大-和平,2023-11-09,9863
5706,鳳凰,8,0,8,元大-和平,2023-11-09,9863
3260,威剛,13,6,7,元大-和平,2023-11-09,9863
8044,網家,7,0,7,元大-和平,2023-11-09,9863
2340,台亞,7,0,7,元大-和平,2023-11-09,9863
3715,定穎投控,8,2,6,元大-和平,2023-11-09,9863
3008,大立光,6,0,6,元大-和平,2023-11-09,9863
00688L,國泰20年美債正2,6,0,6,元大-和平,2023-11-09,9863
4188,安克,7,1,6,元大-和平,2023-11-09,9863
2614,東森,170,0,170,元大-和平,2023-11-10,9863
2903,遠百,82,0,82,元大-和平,2023-11-10,9863
3363,上詮,89,8,81,元大-和平,2023-11-10,9863
3483,力致,80,5,75,元大-和平,2023-11-10,9863
00885,富邦越南,53,0,53,元大-和平,2023-11-10,9863
00929,復華台灣科技優息,51,5,46,元大-和平,2023-11-10,9863
2883,凱基金,32,0,32,元大-和平,2023-11-10,9863
2382,廣達,35,4,31,元大-和平,2023-11-10,9863
2634,漢翔,31,1,30,元大-和平,2023-11-10,9863
00919,群益台灣精選高息,31,3,28,元大-和平,2023-11-10,9863
2363,矽統,59,32,27,元大-和平,2023-11-10,9863
4967,十銓,29,7,22,元大-和平,2023-11-10,9863
9945,潤泰新,22,0,22,元大-和平,2023-11-10,9863
3231,緯創,64,44,20,元大-和平,2023-11-10,9863
00933B,國泰10Y+金融債,20,0,20,元大-和平,2023-11-10,9863
1305,華夏,20,0,20,元大-和平,2023-11-10,9863
2882,國泰金,20,0,20,元大-和平,2023-11-10,9863
8938,明安,20,0,20,元大-和平,2023-11-10,9863
00679B,元大美債20年,21,3,18,元大-和平,2023-11-10,9863
1319,東陽,18,2,16,元大-和平,2023-11-10,9863
00931B,統一美債20年,16,0,16,元大-和平,2023-11-10,9863
2645,長榮航太,20,4,16,元大-和平,2023-11-10,9863
00637L,元大滬深300正2,15,0,15,元大-和平,2023-11-10,9863
2303,聯電,52,37,15,元大-和平,2023-11-10,9863
2352,佳世達,14,0,14,元大-和平,2023-11-10,9863
1815,富喬,17,4,13,元大-和平,2023-11-10,9863
00632R,元大台灣50反1,12,0,12,元大-和平,2023-11-10,9863
00706L,期元大S＆P日圓正2,12,0,12,元大-和平,2023-11-10,9863
2615,萬海,11,0,11,元大-和平,2023-11-10,9863
3217,優群,14,3,11,元大-和平,2023-11-10,9863
2915,潤泰全,11,0,11,元大-和平,2023-11-10,9863
3518,柏騰,11,0,11,元大-和平,2023-11-10,9863
6770,力積電,11,0,11,元大-和平,2023-11-10,9863
2399,映泰,10,0,10,元大-和平,2023-11-10,9863
00898,國泰基因免疫革命,10,0,10,元大-和平,2023-11-10,9863
00655L,國泰中國A50正2,10,0,10,元大-和平,2023-11-10,9863
00715L,期街口布蘭特正2,11,1,10,元大-和平,2023-11-10,9863
1304,台聚,10,0,10,元大-和平,2023-11-10,9863
2405,輔信,10,0,10,元大-和平,2023-11-10,9863
4960,誠美材,10,0,10,元大-和平,2023-11-10,9863
5521,工信,10,0,10,元大-和平,2023-11-10,9863
2364,倫飛,11,1,10,元大-和平,2023-11-10,9863
8086,宏捷科,15,6,9,元大-和平,2023-11-10,9863
4162,智擎,46,37,9,元大-和平,2023-11-10,9863
6806,森崴能源,10,1,9,元大-和平,2023-11-10,9863
8044,網家,12,3,9,元大-和平,2023-11-10,9863
6446,藥華藥,10,2,8,元大-和平,2023-11-10,9863
3035,智原,17,9,8,元大-和平,2023-11-10,9863
6188,廣明,8,0,8,元大-和平,2023-11-10,9863
2204,中華,11,4,7,元大-和平,2023-11-10,9863
00712,復華富時不動產,161,2,159,元大-和平,2023-11-13,9863
00919,群益台灣精選高息,126,3,123,元大-和平,2023-11-13,9863
00795B,中信美國公債20年,120,0,120,元大-和平,2023-11-13,9863
00715L,期街口布蘭特正2,102,0,102,元大-和平,2023-11-13,9863
6139,亞翔,109,25,84,元大-和平,2023-11-13,9863
2614,東森,82,0,82,元大-和平,2023-11-13,9863
9934,成霖,83,7,76,元大-和平,2023-11-13,9863
2382,廣達,91,20,71,元大-和平,2023-11-13,9863
6143,振曜,66,3,63,元大-和平,2023-11-13,9863
6456,GIS-KY,61,0,61,元大-和平,2023-11-13,9863
2903,遠百,48,0,48,元大-和平,2023-11-13,9863
5213,亞昕,45,10,35,元大-和平,2023-11-13,9863
3483,力致,37,5,32,元大-和平,2023-11-13,9863
00679B,元大美債20年,28,0,28,元大-和平,2023-11-13,9863
00878,國泰永續高股息,32,7,25,元大-和平,2023-11-13,9863
2367,燿華,26,1,25,元大-和平,2023-11-13,9863
2392,正崴,25,0,25,元大-和平,2023-11-13,9863
6290,良維,25,0,25,元大-和平,2023-11-13,9863
6187,萬潤,23,1,22,元大-和平,2023-11-13,9863
2476,鉅祥,20,0,20,元大-和平,2023-11-13,9863
8085,福華,20,0,20,元大-和平,2023-11-13,9863
2329,華泰,27,7,20,元大-和平,2023-11-13,9863
6901,鑽石投資,18,0,18,元大-和平,2023-11-13,9863
00680L,元大美債20正2,15,0,15,元大-和平,2023-11-13,9863
2201,裕隆,15,0,15,元大-和平,2023-11-13,9863
5521,工信,15,0,15,元大-和平,2023-11-13,9863
1808,潤隆,14,0,14,元大-和平,2023-11-13,9863
1455,集盛,12,0,12,元大-和平,2023-11-13,9863
00929,復華台灣科技優息,18,6,12,元大-和平,2023-11-13,9863
6284,佳邦,13,2,11,元大-和平,2023-11-13,9863
6285,啟��,11,0,11,元大-和平,2023-11-13,9863
2355,敬鵬,12,1,11,元大-和平,2023-11-13,9863
2233,宇隆,11,0,11,元大-和平,2023-11-13,9863
6257,矽格,11,0,11,元大-和平,2023-11-13,9863
1504,東元,11,0,11,元大-和平,2023-11-13,9863
2204,中華,30,20,10,元大-和平,2023-11-13,9863
00933B,國泰10Y+金融債,10,0,10,元大-和平,2023-11-13,9863
3450,聯鈞,26,16,10,元大-和平,2023-11-13,9863
4157,太景*-KY,10,0,10,元大-和平,2023-11-13,9863
3105,穩懋,10,1,9,元大-和平,2023-11-13,9863
2421,建準,20,11,9,元大-和平,2023-11-13,9863
00882,中信中國高股息,9,0,9,元大-和平,2023-11-13,9863
00763U,期街口道瓊銅,9,0,9,元大-和平,2023-11-13,9863
9105,泰金寶-DR,9,0,9,元大-和平,2023-11-13,9863
00738U,期元大道瓊白銀,8,0,8,元大-和平,2023-11-13,9863
00706L,期元大S＆P日圓正2,8,0,8,元大-和平,2023-11-13,9863
6593,台灣銘板,8,0,8,元大-和平,2023-11-13,9863
9942,茂順,8,0,8,元大-和平,2023-11-13,9863
1319,東陽,7,0,7,元大-和平,2023-11-13,9863
00687B,國泰20年美債,12,5,7,元大-和平,2023-11-13,9863
9934,成霖,122,0,122,元大-和平,2023-11-14,9863
2618,長榮航,132,12,120,元大-和平,2023-11-14,9863
00715L,期街口布蘭特正2,101,16,85,元大-和平,2023-11-14,9863
2614,東森,78,0,78,元大-和平,2023-11-14,9863
4906,正文,51,0,51,元大-和平,2023-11-14,9863
2723,美食-KY,48,1,47,元大-和平,2023-11-14,9863
5258,虹堡,46,3,43,元大-和平,2023-11-14,9863
8085,福華,38,2,36,元大-和平,2023-11-14,9863
00929,復華台灣科技優息,41,12,29,元大-和平,2023-11-14,9863
00891,中信關鍵半導體,30,2,28,元大-和平,2023-11-14,9863
00919,群益台灣精選高息,27,1,26,元大-和平,2023-11-14,9863
006208,富邦台50,32,9,23,元大-和平,2023-11-14,9863
3006,晶豪科,23,0,23,元大-和平,2023-11-14,9863
5521,工信,38,15,23,元大-和平,2023-11-14,9863
2355,敬鵬,28,6,22,元大-和平,2023-11-14,9863
4129,聯合,25,3,22,元大-和平,2023-11-14,9863
4128,中天,20,0,20,元大-和平,2023-11-14,9863
1582,信錦,20,0,20,元大-和平,2023-11-14,9863
4768,晶呈科技,20,0,20,元大-和平,2023-11-14,9863
6278,台表科,20,0,20,元大-和平,2023-11-14,9863
6578,達邦蛋白,21,1,20,元大-和平,2023-11-14,9863
6799,來頡,21,1,20,元大-和平,2023-11-14,9863
1605,華新,30,10,20,元大-和平,2023-11-14,9863
3231,緯創,46,30,16,元大-和平,2023-11-14,9863
00679B,元大美債20年,15,0,15,元大-和平,2023-11-14,9863
00692,富邦公司治理,18,5,13,元大-和平,2023-11-14,9863
2903,遠百,13,0,13,元大-和平,2023-11-14,9863
8227,巨有科技,13,0,13,元大-和平,2023-11-14,9863
9945,潤泰新,15,2,13,元大-和平,2023-11-14,9863
1108,幸福,12,0,12,元大-和平,2023-11-14,9863
6550,北極星藥業-KY,15,3,12,元大-和平,2023-11-14,9863
2356,英業達,16,5,11,元大-和平,2023-11-14,9863
2363,矽統,27,17,10,元大-和平,2023-11-14,9863
00931B,統一美債20年,10,0,10,元大-和平,2023-11-14,9863
00687B,國泰20年美債,10,0,10,元大-和平,2023-11-14,9863
00637L,元大滬深300正2,10,0,10,元大-和平,2023-11-14,9863
2374,佳能,15,5,10,元大-和平,2023-11-14,9863
2498,宏達電,10,0,10,元大-和平,2023-11-14,9863
8111,立��,10,0,10,元大-和平,2023-11-14,9863
8426,紅木-KY,10,0,10,元大-和平,2023-11-14,9863
3022,威強電,10,0,10,元大-和平,2023-11-14,9863
2402,毅嘉,18,9,9,元大-和平,2023-11-14,9863
6282,康舒,11,2,9,元大-和平,2023-11-14,9863
6143,振曜,9,0,9,元大-和平,2023-11-14,9863
1905,華紙,10,1,9,元大-和平,2023-11-14,9863
00878,國泰永續高股息,17,8,9,元大-和平,2023-11-14,9863
3363,上詮,13,5,8,元大-和平,2023-11-14,9863
6206,飛捷,8,0,8,元大-和平,2023-11-14,9863
2382,廣達,13,6,7,元大-和平,2023-11-14,9863
3037,欣興,9,2,7,元大-和平,2023-11-14,9863
00712,復華富時不動產,200,4,196,元大-和平,2023-11-15,9863
2332,友訊,150,5,145,元大-和平,2023-11-15,9863
3025,星通,132,55,77,元大-和平,2023-11-15,9863
2369,菱生,78,13,65,元大-和平,2023-11-15,9863
00680L,元大美債20正2,58,0,58,元大-和平,2023-11-15,9863
1815,富喬,92,35,57,元大-和平,2023-11-15,9863
00878,國泰永續高股息,52,7,45,元大-和平,2023-11-15,9863
00929,復華台灣科技優息,60,15,45,元大-和平,2023-11-15,9863
3706,神達,44,0,44,元大-和平,2023-11-15,9863
00891,中信關鍵半導體,40,1,39,元大-和平,2023-11-15,9863
6005,群益證,35,0,35,元大-和平,2023-11-15,9863
2607,榮運,33,1,32,元大-和平,2023-11-15,9863
2707,晶華,30,0,30,元大-和平,2023-11-15,9863
4164,承業醫,30,0,30,元大-和平,2023-11-15,9863
2882,國泰金,62,37,25,元大-和平,2023-11-15,9863
00922,國泰台灣領袖50,24,0,24,元大-和平,2023-11-15,9863
2634,漢翔,24,0,24,元大-和平,2023-11-15,9863
00679B,元大美債20年,24,0,24,元大-和平,2023-11-15,9863
00720B,元大投資級公司債,21,0,21,元大-和平,2023-11-15,9863
2359,所羅門,52,31,21,元大-和平,2023-11-15,9863
2516,新建,24,4,20,元大-和平,2023-11-15,9863
6901,鑽石投資,24,4,20,元大-和平,2023-11-15,9863
3094,聯傑,20,1,19,元大-和平,2023-11-15,9863
3715,定穎投控,20,2,18,元大-和平,2023-11-15,9863
1609,大亞,19,1,18,元大-和平,2023-11-15,9863
2303,聯電,21,4,17,元大-和平,2023-11-15,9863
00919,群益台灣精選高息,17,1,16,元大-和平,2023-11-15,9863
2449,京元電子,23,7,16,元大-和平,2023-11-15,9863
1515,力山,26,10,16,元大-和平,2023-11-15,9863
8426,紅木-KY,15,0,15,元大-和平,2023-11-15,9863
1326,台化,21,6,15,元大-和平,2023-11-15,9863
2329,華泰,39,26,13,元大-和平,2023-11-15,9863
6284,佳邦,44,31,13,元大-和平,2023-11-15,9863
3450,聯鈞,12,1,11,元大-和平,2023-11-15,9863
00715L,期街口布蘭特正2,11,0,11,元大-和平,2023-11-15,9863
00933B,國泰10Y+金融債,11,0,11,元大-和平,2023-11-15,9863
3702,大聯大,11,1,10,元大-和平,2023-11-15,9863
00688L,國泰20年美債正2,10,0,10,元大-和平,2023-11-15,9863
00904,新光臺灣半導體30,10,0,10,元大-和平,2023-11-15,9863
00931B,統一美債20年,12,2,10,元大-和平,2023-11-15,9863
2427,三商電,10,0,10,元大-和平,2023-11-15,9863
2889,國票金,10,0,10,元大-和平,2023-11-15,9863
4108,懷特,10,0,10,元大-和平,2023-11-15,9863
6206,飛捷,10,0,10,元大-和平,2023-11-15,9863
8050,廣積,10,0,10,元大-和平,2023-11-15,9863
6138,茂達,14,4,10,元大-和平,2023-11-15,9863
00751B,元大AAA至A公司債,10,0,10,元大-和平,2023-11-15,9863
1582,信錦,10,1,9,元大-和平,2023-11-15,9863
2402,毅嘉,13,4,9,元大-和平,2023-11-15,9863
6290,良維,12,3,9,元大-和平,2023-11-15,9863
00712,復華富時不動產,249,12,237,元大-和平,2023-11-16,9863
5426,振發,114,0,114,元大-和平,2023-11-16,9863
2903,遠百,70,0,70,元大-和平,2023-11-16,9863
6706,惠特,61,0,61,元大-和平,2023-11-16,9863
3491,昇達科,63,3,60,元大-和平,2023-11-16,9863
3689,湧德,60,0,60,元大-和平,2023-11-16,9863
1582,信錦,51,2,49,元大-和平,2023-11-16,9863
00878,國泰永續高股息,54,11,43,元大-和平,2023-11-16,9863
00679B,元大美債20年,42,0,42,元大-和平,2023-11-16,9863
00632R,元大台灣50反1,27,0,27,元大-和平,2023-11-16,9863
5521,工信,36,10,26,元大-和平,2023-11-16,9863
2329,華泰,113,90,23,元大-和平,2023-11-16,9863
5512,力麒,22,0,22,元大-和平,2023-11-16,9863
2344,華邦電,31,10,21,元大-和平,2023-11-16,9863
00715L,期街口布蘭特正2,22,1,21,元大-和平,2023-11-16,9863
00891,中信關鍵半導體,21,0,21,元大-和平,2023-11-16,9863
2312,金寶,30,9,21,元大-和平,2023-11-16,9863
2607,榮運,28,7,21,元大-和平,2023-11-16,9863
00919,群益台灣精選高息,23,3,20,元大-和平,2023-11-16,9863
4155,訊映,20,0,20,元大-和平,2023-11-16,9863
9802,鈺齊-KY,20,0,20,元大-和平,2023-11-16,9863
1312,國喬,18,0,18,元大-和平,2023-11-16,9863
2027,大成鋼,24,7,17,元大-和平,2023-11-16,9863
3711,日月光投控,16,0,16,元大-和平,2023-11-16,9863
00929,復華台灣科技優息,32,16,16,元大-和平,2023-11-16,9863
9945,潤泰新,45,30,15,元大-和平,2023-11-16,9863
3036,文曄,18,5,13,元大-和平,2023-11-16,9863
6426,統新,12,0,12,元大-和平,2023-11-16,9863
9904,寶成,11,0,11,元大-和平,2023-11-16,9863
00655L,國泰中國A50正2,10,0,10,元大-和平,2023-11-16,9863
1449,佳和,10,0,10,元大-和平,2023-11-16,9863
1558,伸興,10,0,10,元大-和平,2023-11-16,9863
2323,中環,10,0,10,元大-和平,2023-11-16,9863
6231,系微,10,0,10,元大-和平,2023-11-16,9863
6278,台表科,10,0,10,元大-和平,2023-11-16,9863
8011,台通,10,0,10,元大-和平,2023-11-16,9863
8938,明安,10,0,10,元大-和平,2023-11-16,9863
2707,晶華,11,1,10,元大-和平,2023-11-16,9863
0056,元大高股息,10,1,9,元大-和平,2023-11-16,9863
8054,安國,11,2,9,元大-和平,2023-11-16,9863
2485,兆赫,10,2,8,元大-和平,2023-11-16,9863
00706L,期元大S＆P日圓正2,8,0,8,元大-和平,2023-11-16,9863
00696B,富邦美債20年,8,0,8,元大-和平,2023-11-16,9863
2327,國巨,11,3,8,元大-和平,2023-11-16,9863
2476,鉅祥,8,0,8,元大-和平,2023-11-16,9863
3518,柏騰,9,1,8,元大-和平,2023-11-16,9863
5340,建榮,10,2,8,元大-和平,2023-11-16,9863
8936,國統,9,1,8,元大-和平,2023-11-16,9863
2313,華通,10,3,7,元大-和平,2023-11-16,9863
00687B,國泰20年美債,7,0,7,元大-和平,2023-11-16,9863
00688L,國泰20年美債正2,200,0,200,元大-和平,2023-11-17,9863
2313,華通,174,31,143,元大-和平,2023-11-17,9863
2312,金寶,157,51,106,元大-和平,2023-11-17,9863
2618,長榮航,121,28,93,元大-和平,2023-11-17,9863
00929,復華台灣科技優息,95,22,73,元大-和平,2023-11-17,9863
5607,遠雄港,70,0,70,元大-和平,2023-11-17,9863
3260,威剛,74,8,66,元大-和平,2023-11-17,9863
3518,柏騰,66,2,64,元大-和平,2023-11-17,9863
00934,中信成長高股息,52,0,52,元大-和平,2023-11-17,9863
2402,毅嘉,55,17,38,元大-和平,2023-11-17,9863
3025,星通,43,7,36,元大-和平,2023-11-17,9863
2412,中華電,30,0,30,元大-和平,2023-11-17,9863
3689,湧德,30,0,30,元大-和平,2023-11-17,9863
5512,力麒,30,0,30,元大-和平,2023-11-17,9863
1319,東陽,29,1,28,元大-和平,2023-11-17,9863
2367,燿華,29,2,27,元大-和平,2023-11-17,9863
3041,揚智,85,59,26,元大-和平,2023-11-17,9863
2364,倫飛,26,4,22,元大-和平,2023-11-17,9863
00891,中信關鍵半導體,20,0,20,元大-和平,2023-11-17,9863
3588,通嘉,20,0,20,元大-和平,2023-11-17,9863
2883,凱基金,35,16,19,元大-和平,2023-11-17,9863
3548,兆利,24,5,19,元大-和平,2023-11-17,9863
2363,矽統,37,18,19,元大-和平,2023-11-17,9863
3491,昇達科,20,2,18,元大-和平,2023-11-17,9863
1409,新纖,17,0,17,元大-和平,2023-11-17,9863
00715L,期街口布蘭特正2,17,1,16,元大-和平,2023-11-17,9863
8227,巨有科技,16,0,16,元大-和平,2023-11-17,9863
3576,聯合再生,15,0,15,元大-和平,2023-11-17,9863
2388,威盛,51,37,14,元大-和平,2023-11-17,9863
5434,崇越,14,0,14,元大-和平,2023-11-17,9863
6143,振曜,12,0,12,元大-和平,2023-11-17,9863
1582,信錦,12,0,12,元大-和平,2023-11-17,9863
00900,富邦特選高股息30,11,0,11,元大-和平,2023-11-17,9863
2344,華邦電,22,11,11,元大-和平,2023-11-17,9863
2462,良得電,11,0,11,元大-和平,2023-11-17,9863
6276,安鈦克,12,1,11,元大-和平,2023-11-17,9863
6754,匯僑設計,11,0,11,元大-和平,2023-11-17,9863
3022,威強電,10,0,10,元大-和平,2023-11-17,9863
8050,廣積,11,1,10,元大-和平,2023-11-17,9863
00751B,元大AAA至A公司債,10,0,10,元大-和平,2023-11-17,9863
2453,凌群,10,0,10,元大-和平,2023-11-17,9863
2492,華新科,13,3,10,元大-和平,2023-11-17,9863
3006,晶豪科,11,1,10,元大-和平,2023-11-17,9863
3715,定穎投控,27,17,10,元大-和平,2023-11-17,9863
2606,裕民,10,1,9,元大-和平,2023-11-17,9863
6112,邁達特,11,2,9,元大-和平,2023-11-17,9863
6285,啟��,11,2,9,元大-和平,2023-11-17,9863
3701,大眾控,64,55,9,元大-和平,2023-11-17,9863
00878,國泰永續高股息,11,2,9,元大-和平,2023-11-17,9863
2610,華航,25,17,8,元大-和平,2023-11-17,9863
2303,聯電,326,38,288,元大-和平,2023-11-20,9863
2312,金寶,290,105,185,元大-和平,2023-11-20,9863
00929,復華台灣科技優息,77,6,71,元大-和平,2023-11-20,9863
3008,大立光,56,2,54,元大-和平,2023-11-20,9863
6168,宏齊,63,10,53,元大-和平,2023-11-20,9863
4129,聯合,62,13,49,元大-和平,2023-11-20,9863
00679B,元大美債20年,45,0,45,元大-和平,2023-11-20,9863
00919,群益台灣精選高息,45,0,45,元大-和平,2023-11-20,9863
00751B,元大AAA至A公司債,44,0,44,元大-和平,2023-11-20,9863
5607,遠雄港,41,2,39,元大-和平,2023-11-20,9863
00637L,元大滬深300正2,45,10,35,元大-和平,2023-11-20,9863
2634,漢翔,32,3,29,元大-和平,2023-11-20,9863
2915,潤泰全,29,0,29,元大-和平,2023-11-20,9863
6274,台燿,29,3,26,元大-和平,2023-11-20,9863
3715,定穎投控,95,69,26,元大-和平,2023-11-20,9863
00720B,元大投資級公司債,23,0,23,元大-和平,2023-11-20,9863
3035,智原,48,25,23,元大-和平,2023-11-20,9863
3588,通嘉,22,0,22,元大-和平,2023-11-20,9863
9945,潤泰新,20,0,20,元大-和平,2023-11-20,9863
00692,富邦公司治理,20,0,20,元大-和平,2023-11-20,9863
5347,世界,24,5,19,元大-和平,2023-11-20,9863
2301,光寶科,18,0,18,元大-和平,2023-11-20,9863
00687B,國泰20年美債,19,2,17,元大-和平,2023-11-20,9863
2363,矽統,51,34,17,元大-和平,2023-11-20,9863
4961,天鈺,18,2,16,元大-和平,2023-11-20,9863
1582,信錦,17,1,16,元大-和平,2023-11-20,9863
00934,中信成長高股息,14,0,14,元大-和平,2023-11-20,9863
2201,裕隆,16,2,14,元大-和平,2023-11-20,9863
1558,伸興,13,0,13,元大-和平,2023-11-20,9863
2537,聯上發,11,0,11,元大-和平,2023-11-20,9863
3006,晶豪科,20,9,11,元大-和平,2023-11-20,9863
2344,華邦電,22,12,10,元大-和平,2023-11-20,9863
00885,富邦越南,10,0,10,元大-和平,2023-11-20,9863
1449,佳和,18,8,10,元大-和平,2023-11-20,9863
1799,易威,10,0,10,元大-和平,2023-11-20,9863
2412,中華電,10,0,10,元大-和平,2023-11-20,9863
2642,宅配通,10,0,10,元大-和平,2023-11-20,9863
6278,台表科,10,0,10,元大-和平,2023-11-20,9863
6143,振曜,10,0,10,元大-和平,2023-11-20,9863
1319,東陽,10,1,9,元大-和平,2023-11-20,9863
3276,宇環,9,0,9,元大-和平,2023-11-20,9863
3376,新日興,13,4,9,元大-和平,2023-11-20,9863
3645,達邁,9,0,9,元大-和平,2023-11-20,9863
9934,成霖,18,9,9,元大-和平,2023-11-20,9863
1101,台泥,11,3,8,元大-和平,2023-11-20,9863
2601,益航,8,0,8,元大-和平,2023-11-20,9863
2610,華航,16,8,8,元大-和平,2023-11-20,9863
00891,中信關鍵半導體,7,0,7,元大-和平,2023-11-20,9863
2734,易飛網,8,1,7,元大-和平,2023-11-20,9863
2736,富野,8,1,7,元大-和平,2023-11-20,9863
00632R,元大台灣50反1,447,1,446,元大-和平,2023-11-21,9863
00934,中信成長高股息,59,4,55,元大-和平,2023-11-21,9863
6456,GIS-KY,47,0,47,元大-和平,2023-11-21,9863
6237,驊訊,66,19,47,元大-和平,2023-11-21,9863
2344,華邦電,43,1,42,元大-和平,2023-11-21,9863
2408,南亞科,38,1,37,元大-和平,2023-11-21,9863
6806,森崴能源,38,3,35,元大-和平,2023-11-21,9863
00712,復華富時不動產,30,3,27,元大-和平,2023-11-21,9863
6278,台表科,27,0,27,元大-和平,2023-11-21,9863
2367,燿華,36,10,26,元大-和平,2023-11-21,9863
6125,廣運,35,9,26,元大-和平,2023-11-21,9863
00935,野村臺灣新科技50,25,0,25,元大-和平,2023-11-21,9863
2812,台中銀,25,0,25,元大-和平,2023-11-21,9863
00929,復華台灣科技優息,26,1,25,元大-和平,2023-11-21,9863
00919,群益台灣精選高息,28,4,24,元大-和平,2023-11-21,9863
00891,中信關鍵半導體,25,1,24,元大-和平,2023-11-21,9863
2329,華泰,32,8,24,元大-和平,2023-11-21,9863
1799,易威,22,0,22,元大-和平,2023-11-21,9863
8467,波力-KY,20,0,20,元大-和平,2023-11-21,9863
5607,遠雄港,19,0,19,元大-和平,2023-11-21,9863
6127,九豪,22,3,19,元大-和平,2023-11-21,9863
4979,華星光,27,8,19,元大-和平,2023-11-21,9863
00679B,元大美債20年,18,1,17,元大-和平,2023-11-21,9863
5465,富驊,19,3,16,元大-和平,2023-11-21,9863
6770,力積電,21,8,13,元大-和平,2023-11-21,9863
2204,中華,15,2,13,元大-和平,2023-11-21,9863
3078,僑威,13,1,12,元大-和平,2023-11-21,9863
2316,楠梓電,20,8,12,元大-和平,2023-11-21,9863
00885,富邦越南,12,0,12,元大-和平,2023-11-21,9863
6799,來頡,14,2,12,元大-和平,2023-11-21,9863
5351,鈺創,51,39,12,元大-和平,2023-11-21,9863
00751B,元大AAA至A公司債,11,0,11,元大-和平,2023-11-21,9863
2641,正德,10,0,10,元大-和平,2023-11-21,9863
2913,農林,10,0,10,元大-和平,2023-11-21,9863
3290,東浦,10,0,10,元大-和平,2023-11-21,9863
5284,jpp-KY,10,1,9,元大-和平,2023-11-21,9863
6279,胡連,9,0,9,元大-和平,2023-11-21,9863
1504,東元,12,5,7,元大-和平,2023-11-21,9863
2520,冠德,7,0,7,元大-和平,2023-11-21,9863
3588,通嘉,7,0,7,元大-和平,2023-11-21,9863
5521,工信,7,0,7,元大-和平,2023-11-21,9863
2356,英業達,81,75,6,元大-和平,2023-11-21,9863
1524,耿鼎,7,1,6,元大-和平,2023-11-21,9863
2353,宏��,7,1,6,元大-和平,2023-11-21,9863
4128,中天,6,0,6,元大-和平,2023-11-21,9863
6754,匯僑設計,6,0,6,元大-和平,2023-11-21,9863
3035,智原,16,10,6,元大-和平,2023-11-21,9863
1609,大亞,7,2,5,元大-和平,2023-11-21,9863
5258,虹堡,7,2,5,元大-和平,2023-11-21,9863
00915,凱基優選高股息30,5,0,5,元大-和平,2023-11-21,9863
3231,緯創,144,39,105,元大-和平,2023-11-22,9863
00919,群益台灣精選高息,77,0,77,元大-和平,2023-11-22,9863
2408,南亞科,66,5,61,元大-和平,2023-11-22,9863
2382,廣達,62,2,60,元大-和平,2023-11-22,9863
6278,台表科,60,0,60,元大-和平,2023-11-22,9863
00885,富邦越南,51,0,51,元大-和平,2023-11-22,9863
3701,大眾控,51,0,51,元大-和平,2023-11-22,9863
3059,華晶科,62,17,45,元大-和平,2023-11-22,9863
6127,九豪,34,5,29,元大-和平,2023-11-22,9863
00637L,元大滬深300正2,25,0,25,元大-和平,2023-11-22,9863
00751B,元大AAA至A公司債,26,2,24,元大-和平,2023-11-22,9863
2537,聯上發,24,0,24,元大-和平,2023-11-22,9863
3706,神達,24,0,24,元大-和平,2023-11-22,9863
6125,廣運,30,6,24,元大-和平,2023-11-22,9863
2201,裕隆,23,1,22,元大-和平,2023-11-22,9863
3227,原相,27,5,22,元大-和平,2023-11-22,9863
0056,元大高股息,22,1,21,元大-和平,2023-11-22,9863
8034,榮群,21,0,21,元大-和平,2023-11-22,9863
2301,光寶科,21,1,20,元大-和平,2023-11-22,9863
2351,順德,20,0,20,元大-和平,2023-11-22,9863
2903,遠百,20,0,20,元大-和平,2023-11-22,9863
910861,神州-DR,20,0,20,元大-和平,2023-11-22,9863
2352,佳世達,19,0,19,元大-和平,2023-11-22,9863
6187,萬潤,20,1,19,元大-和平,2023-11-22,9863
2356,英業達,25,6,19,元大-和平,2023-11-22,9863
2330,台積電,18,0,18,元大-和平,2023-11-22,9863
3483,力致,32,14,18,元大-和平,2023-11-22,9863
00905,FT臺灣Smart,17,0,17,元大-和平,2023-11-22,9863
3583,辛耘,21,5,16,元大-和平,2023-11-22,9863
1522,堤維西,20,5,15,元大-和平,2023-11-22,9863
6456,GIS-KY,15,0,15,元大-和平,2023-11-22,9863
2002,中鋼,17,3,14,元大-和平,2023-11-22,9863
3041,揚智,129,116,13,元大-和平,2023-11-22,9863
6806,森崴能源,20,7,13,元大-和平,2023-11-22,9863
2882,國泰金,12,0,12,元大-和平,2023-11-22,9863
6799,來頡,13,1,12,元大-和平,2023-11-22,9863
2324,仁寶,11,0,11,元大-和平,2023-11-22,9863
5521,工信,14,3,11,元大-和平,2023-11-22,9863
00934,中信成長高股息,10,0,10,元大-和平,2023-11-22,9863
00918,大華優利高填息30,10,0,10,元大-和平,2023-11-22,9863
6143,振曜,10,0,10,元大-和平,2023-11-22,9863
8467,波力-KY,12,2,10,元大-和平,2023-11-22,9863
2412,中華電,10,1,9,元大-和平,2023-11-22,9863
2388,威盛,33,24,9,元大-和平,2023-11-22,9863
2329,華泰,12,4,8,元大-和平,2023-11-22,9863
5706,鳳凰,10,2,8,元大-和平,2023-11-22,9863
00679B,元大美債20年,7,0,7,元大-和平,2023-11-22,9863
6584,南俊國際,7,0,7,元大-和平,2023-11-22,9863
2313,華通,18,12,6,元大-和平,2023-11-22,9863
2376,技嘉,20,14,6,元大-和平,2023-11-22,9863
00929,復華台灣科技優息,147,18,129,元大-和平,2023-11-23,9863
1449,佳和,131,5,126,元大-和平,2023-11-23,9863
3437,榮創,124,1,123,元大-和平,2023-11-23,9863
00919,群益台灣精選高息,115,1,114,元大-和平,2023-11-23,9863
00637L,元大滬深300正2,54,0,54,元大-和平,2023-11-23,9863
9934,成霖,51,0,51,元大-和平,2023-11-23,9863
3362,先進光,41,7,34,元大-和平,2023-11-23,9863
6285,啟��,37,3,34,元大-和平,2023-11-23,9863
2382,廣達,43,12,31,元大-和平,2023-11-23,9863
6706,惠特,31,1,30,元大-和平,2023-11-23,9863
6237,驊訊,72,46,26,元大-和平,2023-11-23,9863
4906,正文,22,0,22,元大-和平,2023-11-23,9863
2615,萬海,22,1,21,元大-和平,2023-11-23,9863
3374,精材,32,11,21,元大-和平,2023-11-23,9863
4155,訊映,20,0,20,元大-和平,2023-11-23,9863
2399,映泰,23,4,19,元大-和平,2023-11-23,9863
3035,智原,32,13,19,元大-和平,2023-11-23,9863
6282,康舒,52,34,18,元大-和平,2023-11-23,9863
6901,鑽石投資,18,2,16,元大-和平,2023-11-23,9863
00878,國泰永續高股息,34,18,16,元大-和平,2023-11-23,9863
4746,台耀,15,0,15,元大-和平,2023-11-23,9863
1799,易威,15,0,15,元大-和平,2023-11-23,9863
2542,興富發,18,3,15,元大-和平,2023-11-23,9863
5213,亞昕,15,0,15,元大-和平,2023-11-23,9863
8942,森鉅,20,5,15,元大-和平,2023-11-23,9863
6233,旺玖,16,2,14,元大-和平,2023-11-23,9863
6799,來頡,28,14,14,元大-和平,2023-11-23,9863
2312,金寶,18,5,13,元大-和平,2023-11-23,9863
3518,柏騰,13,0,13,元大-和平,2023-11-23,9863
5225,東科-KY,13,0,13,元大-和平,2023-11-23,9863
8054,安國,25,14,11,元大-和平,2023-11-23,9863
3041,揚智,89,78,11,元大-和平,2023-11-23,9863
2436,偉詮電,15,4,11,元大-和平,2023-11-23,9863
2317,鴻海,12,2,10,元大-和平,2023-11-23,9863
00932,兆豐永續高息等權,10,0,10,元大-和平,2023-11-23,9863
1727,中華化,10,0,10,元大-和平,2023-11-23,9863
6127,九豪,15,5,10,元大-和平,2023-11-23,9863
6205,詮欣,10,0,10,元大-和平,2023-11-23,9863
8426,紅木-KY,10,0,10,元大-和平,2023-11-23,9863
6138,茂達,12,2,10,元大-和平,2023-11-23,9863
3363,上詮,22,12,10,元大-和平,2023-11-23,9863
8040,九暘,12,2,10,元大-和平,2023-11-23,9863
2417,圓剛,38,29,9,元大-和平,2023-11-23,9863
2344,華邦電,9,0,9,元大-和平,2023-11-23,9863
3526,凡甲,9,0,9,元大-和平,2023-11-23,9863
6275,元山,9,0,9,元大-和平,2023-11-23,9863
2454,聯發科,8,0,8,元大-和平,2023-11-23,9863
2537,聯上發,8,0,8,元大-和平,2023-11-23,9863
6243,迅杰,23,15,8,元大-和平,2023-11-23,9863
2634,漢翔,14,6,8,元大-和平,2023-11-23,9863
00680L,元大美債20正2,209,0,209,元大-和平,2023-11-24,9863
00688L,國泰20年美債正2,203,0,203,元大-和平,2023-11-24,9863
2409,友達,70,1,69,元大-和平,2023-11-24,9863
2313,華通,117,62,55,元大-和平,2023-11-24,9863
3217,優群,68,15,53,元大-和平,2023-11-24,9863
1605,華新,64,12,52,元大-和平,2023-11-24,9863
2371,大同,51,1,50,元大-和平,2023-11-24,9863
9934,成霖,50,0,50,元大-和平,2023-11-24,9863
3481,群創,40,0,40,元大-和平,2023-11-24,9863
6706,惠特,32,0,32,元大-和平,2023-11-24,9863
2618,長榮航,45,17,28,元大-和平,2023-11-24,9863
2401,凌陽,33,5,28,元大-和平,2023-11-24,9863
3694,海華,44,16,28,元大-和平,2023-11-24,9863
2352,佳世達,26,0,26,元大-和平,2023-11-24,9863
3105,穩懋,32,7,25,元大-和平,2023-11-24,9863
3374,精材,25,4,21,元大-和平,2023-11-24,9863
5263,智崴,20,0,20,元大-和平,2023-11-24,9863
2637,慧洋-KY,21,1,20,元大-和平,2023-11-24,9863
2915,潤泰全,19,1,18,元大-和平,2023-11-24,9863
4909,新復興,18,0,18,元大-和平,2023-11-24,9863
6117,迎廣,21,3,18,元大-和平,2023-11-24,9863
3231,緯創,47,30,17,元大-和平,2023-11-24,9863
6462,神盾,22,5,17,元大-和平,2023-11-24,9863
00929,復華台灣科技優息,17,1,16,元大-和平,2023-11-24,9863
00751B,元大AAA至A公司債,16,0,16,元大-和平,2023-11-24,9863
00919,群益台灣精選高息,16,0,16,元大-和平,2023-11-24,9863
2317,鴻海,16,1,15,元大-和平,2023-11-24,9863
2476,鉅祥,15,0,15,元大-和平,2023-11-24,9863
8936,國統,17,2,15,元大-和平,2023-11-24,9863
8227,巨有科技,13,0,13,元大-和平,2023-11-24,9863
00679B,元大美債20年,17,5,12,元大-和平,2023-11-24,9863
00935,野村臺灣新科技50,12,0,12,元大-和平,2023-11-24,9863
2399,映泰,12,0,12,元大-和平,2023-11-24,9863
6237,驊訊,13,1,12,元大-和平,2023-11-24,9863
3706,神達,13,1,12,元大-和平,2023-11-24,9863
6770,力積電,15,4,11,元大-和平,2023-11-24,9863
2356,英業達,12,1,11,元大-和平,2023-11-24,9863
8261,富鼎,16,5,11,元大-和平,2023-11-24,9863
2498,宏達電,11,0,11,元大-和平,2023-11-24,9863
3006,晶豪科,17,7,10,元大-和平,2023-11-24,9863
00934,中信成長高股息,11,1,10,元大-和平,2023-11-24,9863
2323,中環,10,0,10,元大-和平,2023-11-24,9863
4968,立積,24,14,10,元大-和平,2023-11-24,9863
3163,波若威,10,1,9,元大-和平,2023-11-24,9863
3152,璟德,10,1,9,元大-和平,2023-11-24,9863
8426,紅木-KY,10,1,9,元大-和平,2023-11-24,9863
2882,國泰金,10,1,9,元大-和平,2023-11-24,9863
6789,采鈺,13,4,9,元大-和平,2023-11-24,9863
2308,台達電,11,2,9,元大-和平,2023-11-24,9863
2454,聯發科,10,1,9,元大-和平,2023-11-24,9863
00637L,元大滬深300正2,112,0,112,元大-和平,2023-11-27,9863
2883,凱基金,95,1,94,元大-和平,2023-11-27,9863
2312,金寶,100,8,92,元大-和平,2023-11-27,9863
00751B,元大AAA至A公司債,91,5,86,元大-和平,2023-11-27,9863
1618,合機,86,1,85,元大-和平,2023-11-27,9863
6456,GIS-KY,65,0,65,元大-和平,2023-11-27,9863
9938,百和,55,0,55,元大-和平,2023-11-27,9863
3481,群創,41,0,41,元大-和平,2023-11-27,9863
3260,威剛,35,0,35,元大-和平,2023-11-27,9863
00919,群益台灣精選高息,44,11,33,元大-和平,2023-11-27,9863
2101,南港,30,0,30,元大-和平,2023-11-27,9863
1312,國喬,30,0,30,元大-和平,2023-11-27,9863
6278,台表科,31,1,30,元大-和平,2023-11-27,9863
3706,神達,28,0,28,元大-和平,2023-11-27,9863
00687B,國泰20年美債,26,0,26,元大-和平,2023-11-27,9863
1514,亞力,82,57,25,元大-和平,2023-11-27,9863
00878,國泰永續高股息,29,5,24,元大-和平,2023-11-27,9863
2476,鉅祥,23,0,23,元大-和平,2023-11-27,9863
00720B,元大投資級公司債,23,0,23,元大-和平,2023-11-27,9863
2382,廣達,69,47,22,元大-和平,2023-11-27,9863
9958,世紀鋼,21,0,21,元大-和平,2023-11-27,9863
2204,中華,21,0,21,元大-和平,2023-11-27,9863
3689,湧德,20,0,20,元大-和平,2023-11-27,9863
2049,上銀,20,0,20,元大-和平,2023-11-27,9863
1319,東陽,20,0,20,元大-和平,2023-11-27,9863
2618,長榮航,30,11,19,元大-和平,2023-11-27,9863
2634,漢翔,19,3,16,元大-和平,2023-11-27,9863
2356,英業達,17,1,16,元大-和平,2023-11-27,9863
1513,中興電,63,47,16,元大-和平,2023-11-27,9863
00795B,中信美國公債20年,15,0,15,元大-和平,2023-11-27,9863
1503,士電,16,1,15,元大-和平,2023-11-27,9863
00893,國泰智能電動車,15,0,15,元大-和平,2023-11-27,9863
4167,松瑞藥,15,0,15,元大-和平,2023-11-27,9863
4746,台耀,41,26,15,元大-和平,2023-11-27,9863
00679B,元大美債20年,21,8,13,元大-和平,2023-11-27,9863
2399,映泰,13,1,12,元大-和平,2023-11-27,9863
3017,奇鋐,14,3,11,元大-和平,2023-11-27,9863
3035,智原,15,5,10,元大-和平,2023-11-27,9863
1101,台泥,11,1,10,元大-和平,2023-11-27,9863
00652,富邦印度,10,0,10,元大-和平,2023-11-27,9863
2412,中華電,10,0,10,元大-和平,2023-11-27,9863
2739,寒舍,10,0,10,元大-和平,2023-11-27,9863
3630,新鉅科,10,0,10,元大-和平,2023-11-27,9863
5607,遠雄港,10,0,10,元大-和平,2023-11-27,9863
6770,力積電,11,1,10,元大-和平,2023-11-27,9863
6782,視陽,10,0,10,元大-和平,2023-11-27,9863
9950,萬國通,10,0,10,元大-和平,2023-11-27,9863
1795,美時,29,19,10,元大-和平,2023-11-27,9863
2330,台積電,16,6,10,元大-和平,2023-11-27,9863
6285,啟��,10,1,9,元大-和平,2023-11-27,9863
00632R,元大台灣50反1,809,2,807,元大-和平,2023-11-28,9863
00929,復華台灣科技優息,132,4,128,元大-和平,2023-11-28,9863
2303,聯電,77,1,76,元大-和平,2023-11-28,9863
3022,威強電,60,0,60,元大-和平,2023-11-28,9863
6233,旺玖,50,3,47,元大-和平,2023-11-28,9863
8936,國統,39,2,37,元大-和平,2023-11-28,9863
2412,中華電,35,3,32,元大-和平,2023-11-28,9863
6282,康舒,34,2,32,元大-和平,2023-11-28,9863
5347,世界,32,0,32,元大-和平,2023-11-28,9863
1101,台泥,44,14,30,元大-和平,2023-11-28,9863
3689,湧德,50,20,30,元大-和平,2023-11-28,9863
00919,群益台灣精選高息,32,10,22,元大-和平,2023-11-28,9863
00720B,元大投資級公司債,21,0,21,元大-和平,2023-11-28,9863
6127,九豪,23,2,21,元大-和平,2023-11-28,9863
2903,遠百,20,0,20,元大-和平,2023-11-28,9863
2017,官田鋼,19,0,19,元大-和平,2023-11-28,9863
00891,中信關鍵半導體,20,2,18,元大-和平,2023-11-28,9863
4561,健椿,18,0,18,元大-和平,2023-11-28,9863
5213,亞昕,30,13,17,元大-和平,2023-11-28,9863
2606,裕民,72,57,15,元大-和平,2023-11-28,9863
00900,富邦特選高股息30,13,0,13,元大-和平,2023-11-28,9863
4114,健喬,35,22,13,元大-和平,2023-11-28,9863
2002,中鋼,19,7,12,元大-和平,2023-11-28,9863
2323,中環,20,8,12,元大-和平,2023-11-28,9863
1752,南光,12,0,12,元大-和平,2023-11-28,9863
2313,華通,51,39,12,元大-和平,2023-11-28,9863
3374,精材,12,1,11,元大-和平,2023-11-28,9863
00882,中信中國高股息,11,0,11,元大-和平,2023-11-28,9863
6176,瑞儀,11,1,10,元大-和平,2023-11-28,9863
3548,兆利,14,4,10,元大-和平,2023-11-28,9863
2355,敬鵬,32,23,9,元大-和平,2023-11-28,9863
2367,燿華,12,3,9,元大-和平,2023-11-28,9863
00753L,中信中國50正2,9,0,9,元大-和平,2023-11-28,9863
2409,友達,21,12,9,元大-和平,2023-11-28,9863
2886,兆豐金,10,1,9,元大-和平,2023-11-28,9863
2364,倫飛,10,1,9,元大-和平,2023-11-28,9863
00692,富邦公司治理,8,0,8,元大-和平,2023-11-28,9863
2351,順德,10,2,8,元大-和平,2023-11-28,9863
3025,星通,8,0,8,元大-和平,2023-11-28,9863
1721,三晃,7,0,7,元大-和平,2023-11-28,9863
2537,聯上發,7,0,7,元大-和平,2023-11-28,9863
6237,驊訊,26,19,7,元大-和平,2023-11-28,9863
5607,遠雄港,7,0,7,元大-和平,2023-11-28,9863
4746,台耀,10,3,7,元大-和平,2023-11-28,9863
00934,中信成長高股息,6,0,6,元大-和平,2023-11-28,9863
2352,佳世達,16,10,6,元大-和平,2023-11-28,9863
1514,亞力,19,13,6,元大-和平,2023-11-28,9863
3362,先進光,6,1,5,元大-和平,2023-11-28,9863
2485,兆赫,5,0,5,元大-和平,2023-11-28,9863
6491,晶碩,5,0,5,元大-和平,2023-11-28,9863
00632R,元大台灣50反1,203,1,202,元大-和平,2023-11-29,9863
3481,群創,172,0,172,元大-和平,2023-11-29,9863
2618,長榮航,139,12,127,元大-和平,2023-11-29,9863
00679B,元大美債20年,69,5,64,元大-和平,2023-11-29,9863
00891,中信關鍵半導體,50,0,50,元大-和平,2023-11-29,9863
3022,威強電,50,0,50,元大-和平,2023-11-29,9863
4906,正文,50,0,50,元大-和平,2023-11-29,9863
2313,華通,87,38,49,元大-和平,2023-11-29,9863
2886,兆豐金,50,2,48,元大-和平,2023-11-29,9863
9938,百和,45,1,44,元大-和平,2023-11-29,9863
1612,宏泰,40,0,40,元大-和平,2023-11-29,9863
00919,群益台灣精選高息,35,2,33,元大-和平,2023-11-29,9863
00934,中信成長高股息,33,0,33,元大-和平,2023-11-29,9863
2356,英業達,48,17,31,元大-和平,2023-11-29,9863
1802,台玻,30,0,30,元大-和平,2023-11-29,9863
2880,華南金,32,4,28,元大-和平,2023-11-29,9863
2885,元大金,26,0,26,元大-和平,2023-11-29,9863
3005,神基,30,5,25,元大-和平,2023-11-29,9863
2891,中信金,25,0,25,元大-和平,2023-11-29,9863
2465,麗臺,28,4,24,元大-和平,2023-11-29,9863
1101,台泥,25,2,23,元大-和平,2023-11-29,9863
3694,海華,23,0,23,元大-和平,2023-11-29,9863
00753L,中信中國50正2,22,0,22,元大-和平,2023-11-29,9863
6462,神盾,42,20,22,元大-和平,2023-11-29,9863
2723,美食-KY,20,1,19,元大-和平,2023-11-29,9863
00882,中信中國高股息,18,0,18,元大-和平,2023-11-29,9863
3041,揚智,37,21,16,元大-和平,2023-11-29,9863
3006,晶豪科,15,0,15,元大-和平,2023-11-29,9863
5608,四維航,54,39,15,元大-和平,2023-11-29,9863
5347,世界,17,3,14,元大-和平,2023-11-29,9863
3227,原相,17,4,13,元大-和平,2023-11-29,9863
2449,京元電子,13,0,13,元大-和平,2023-11-29,9863
2610,華航,13,0,13,元大-和平,2023-11-29,9863
6233,旺玖,16,3,13,元大-和平,2023-11-29,9863
1603,華電,16,4,12,元大-和平,2023-11-29,9863
00637L,元大滬深300正2,32,20,12,元大-和平,2023-11-29,9863
00680L,元大美債20正2,12,0,12,元大-和平,2023-11-29,9863
2352,佳世達,32,20,12,元大-和平,2023-11-29,9863
6492,生華科,12,0,12,元大-和平,2023-11-29,9863
5351,鈺創,15,3,12,元大-和平,2023-11-29,9863
2330,台積電,16,4,12,元大-和平,2023-11-29,9863
2485,兆赫,10,0,10,元大-和平,2023-11-29,9863
3025,星通,12,2,10,元大-和平,2023-11-29,9863
3588,通嘉,14,4,10,元大-和平,2023-11-29,9863
6414,樺漢,10,0,10,元大-和平,2023-11-29,9863
6901,鑽石投資,11,1,10,元大-和平,2023-11-29,9863
3217,優群,16,6,10,元大-和平,2023-11-29,9863
3706,神達,10,1,9,元大-和平,2023-11-29,9863
1449,佳和,9,0,9,元大-和平,2023-11-29,9863
1905,華紙,9,0,9,元大-和平,2023-11-29,9863
3231,緯創,153,10,143,元大-和平,2023-11-30,9863
00929,復華台灣科技優息,135,12,123,元大-和平,2023-11-30,9863
00679B,元大美債20年,113,25,88,元大-和平,2023-11-30,9863
2355,敬鵬,61,2,59,元大-和平,2023-11-30,9863
2834,臺企銀,60,3,57,元大-和平,2023-11-30,9863
00919,群益台灣精選高息,52,1,51,元大-和平,2023-11-30,9863
2612,中航,46,4,42,元大-和平,2023-11-30,9863
2723,美食-KY,40,0,40,元大-和平,2023-11-30,9863
2903,遠百,40,2,38,元大-和平,2023-11-30,9863
2329,華泰,128,92,36,元大-和平,2023-11-30,9863
8085,福華,35,0,35,元大-和平,2023-11-30,9863
5439,高技,48,17,31,元大-和平,2023-11-30,9863
3481,群創,32,5,27,元大-和平,2023-11-30,9863
8210,勤誠,35,11,24,元大-和平,2023-11-30,9863
1319,東陽,21,0,21,元大-和平,2023-11-30,9863
3005,神基,24,4,20,元大-和平,2023-11-30,9863
2439,美律,21,1,20,元大-和平,2023-11-30,9863
4951,精拓科,20,0,20,元大-和平,2023-11-30,9863
910861,神州-DR,20,0,20,元大-和平,2023-11-30,9863
9934,成霖,20,0,20,元大-和平,2023-11-30,9863
3515,華擎,20,0,20,元大-和平,2023-11-30,9863
3264,欣銓,24,4,20,元大-和平,2023-11-30,9863
00680L,元大美債20正2,19,0,19,元大-和平,2023-11-30,9863
8261,富鼎,19,1,18,元大-和平,2023-11-30,9863
2634,漢翔,18,0,18,元大-和平,2023-11-30,9863
3006,晶豪科,20,2,18,元大-和平,2023-11-30,9863
2303,聯電,35,18,17,元大-和平,2023-11-30,9863
2618,長榮航,22,5,17,元大-和平,2023-11-30,9863
1449,佳和,43,28,15,元大-和平,2023-11-30,9863
00751B,元大AAA至A公司債,15,0,15,元大-和平,2023-11-30,9863
5347,世界,14,0,14,元大-和平,2023-11-30,9863
5388,中磊,16,2,14,元大-和平,2023-11-30,9863
6233,旺玖,14,2,12,元大-和平,2023-11-30,9863
00933B,國泰10Y+金融債,12,0,12,元大-和平,2023-11-30,9863
2442,新美齊,13,1,12,元大-和平,2023-11-30,9863
2731,雄獅,15,3,12,元大-和平,2023-11-30,9863
5876,上海商銀,12,0,12,元大-和平,2023-11-30,9863
2353,宏��,12,1,11,元大-和平,2023-11-30,9863
3122,笙泉,60,49,11,元大-和平,2023-11-30,9863
00857B,永豐20年美公債,11,0,11,元大-和平,2023-11-30,9863
3059,華晶科,11,0,11,元大-和平,2023-11-30,9863
2427,三商電,11,0,11,元大-和平,2023-11-30,9863
3437,榮創,11,1,10,元大-和平,2023-11-30,9863
4908,前鼎,10,0,10,元大-和平,2023-11-30,9863
00687B,國泰20年美債,10,0,10,元大-和平,2023-11-30,9863
1339,昭輝,10,0,10,元大-和平,2023-11-30,9863
2369,菱生,12,2,10,元大-和平,2023-11-30,9863
2801,彰銀,10,0,10,元大-和平,2023-11-30,9863
2888,新光金,20,10,10,元大-和平,2023-11-30,9863
2492,華新科,28,18,10,元大-和平,2023-11-30,9863
00892,富邦台灣半導體,200,0,200,元大-和平,2023-12-01,9863
5607,遠雄港,79,0,79,元大-和平,2023-12-01,9863
00679B,元大美債20年,94,20,74,元大-和平,2023-12-01,9863
2618,長榮航,93,25,68,元大-和平,2023-12-01,9863
6278,台表科,69,1,68,元大-和平,2023-12-01,9863
00919,群益台灣精選高息,50,0,50,元大-和平,2023-12-01,9863
2323,中環,42,1,41,元大-和平,2023-12-01,9863
00687B,國泰20年美債,36,0,36,元大-和平,2023-12-01,9863
2355,敬鵬,43,13,30,元大-和平,2023-12-01,9863
3363,上詮,56,27,29,元大-和平,2023-12-01,9863
00857B,永豐20年美公債,27,0,27,元大-和平,2023-12-01,9863
2915,潤泰全,27,0,27,元大-和平,2023-12-01,9863
3041,揚智,90,64,26,元大-和平,2023-12-01,9863
00830,國泰費城半導體,25,0,25,元大-和平,2023-12-01,9863
2324,仁寶,24,0,24,元大-和平,2023-12-01,9863
6733,博晟生醫,21,0,21,元大-和平,2023-12-01,9863
2382,廣達,27,7,20,元大-和平,2023-12-01,9863
00733,富邦臺灣中小,20,0,20,元大-和平,2023-12-01,9863
00762,元大全球AI,20,0,20,元大-和平,2023-12-01,9863
00915,凱基優選高股息30,20,0,20,元大-和平,2023-12-01,9863
5302,太欣,20,0,20,元大-和平,2023-12-01,9863
9945,潤泰新,17,0,17,元大-和平,2023-12-01,9863
2344,華邦電,31,14,17,元大-和平,2023-12-01,9863
2641,正德,25,8,17,元大-和平,2023-12-01,9863
6191,精成科,44,27,17,元大-和平,2023-12-01,9863
5258,虹堡,38,22,16,元大-和平,2023-12-01,9863
2359,所羅門,24,8,16,元大-和平,2023-12-01,9863
3515,華擎,16,1,15,元大-和平,2023-12-01,9863
2886,兆豐金,15,0,15,元大-和平,2023-12-01,9863
3706,神達,38,23,15,元大-和平,2023-12-01,9863
2027,大成鋼,15,1,14,元大-和平,2023-12-01,9863
2888,新光金,14,0,14,元大-和平,2023-12-01,9863
2201,裕隆,14,1,13,元大-和平,2023-12-01,9863
2002,中鋼,23,11,12,元大-和平,2023-12-01,9863
1339,昭輝,12,0,12,元大-和平,2023-12-01,9863
4961,天鈺,12,1,11,元大-和平,2023-12-01,9863
00931B,統一美債20年,11,0,11,元大-和平,2023-12-01,9863
1591,駿吉-KY,12,1,11,元大-和平,2023-12-01,9863
1799,易威,11,0,11,元大-和平,2023-12-01,9863
2498,宏達電,13,2,11,元大-和平,2023-12-01,9863
1101,台泥,13,3,10,元大-和平,2023-12-01,9863
2313,華通,24,14,10,元大-和平,2023-12-01,9863
8261,富鼎,16,6,10,元大-和平,2023-12-01,9863
4746,台耀,20,10,10,元大-和平,2023-12-01,9863
00655L,國泰中國A50正2,10,0,10,元大-和平,2023-12-01,9863
00751B,元大AAA至A公司債,10,0,10,元大-和平,2023-12-01,9863
4909,新復興,22,12,10,元大-和平,2023-12-01,9863
8085,福華,10,0,10,元大-和平,2023-12-01,9863
1503,士電,10,0,10,元大-和平,2023-12-01,9863
5351,鈺創,14,4,10,元大-和平,2023-12-01,9863
00751B,元大AAA至A公司債,215,15,200,元大-和平,2023-12-04,9863
3231,緯創,178,7,171,元大-和平,2023-12-04,9863
00929,復華台灣科技優息,280,181,99,元大-和平,2023-12-04,9863
00919,群益台灣精選高息,105,16,89,元大-和平,2023-12-04,9863
00720B,元大投資級公司債,58,5,53,元大-和平,2023-12-04,9863
2313,華通,115,70,45,元大-和平,2023-12-04,9863
5521,工信,42,4,38,元大-和平,2023-12-04,9863
1522,堤維西,33,2,31,元大-和平,2023-12-04,9863
2605,新興,46,15,31,元大-和平,2023-12-04,9863
5607,遠雄港,30,0,30,元大-和平,2023-12-04,9863
00701,國泰股利精選30,30,0,30,元大-和平,2023-12-04,9863
3013,晟銘電,102,73,29,元大-和平,2023-12-04,9863
4533,協易機,42,15,27,元大-和平,2023-12-04,9863
2408,南亞科,26,0,26,元大-和平,2023-12-04,9863
3363,上詮,49,23,26,元大-和平,2023-12-04,9863
4979,華星光,32,6,26,元大-和平,2023-12-04,9863
2367,燿華,55,31,24,元大-和平,2023-12-04,9863
3006,晶豪科,24,2,22,元大-和平,2023-12-04,9863
3260,威剛,23,3,20,元大-和平,2023-12-04,9863
00918,大華優利高填息30,19,0,19,元大-和平,2023-12-04,9863
1582,信錦,29,10,19,元大-和平,2023-12-04,9863
3481,群創,39,20,19,元大-和平,2023-12-04,9863
00753L,中信中國50正2,19,0,19,元大-和平,2023-12-04,9863
1515,力山,20,2,18,元大-和平,2023-12-04,9863
00687B,國泰20年美債,18,1,17,元大-和平,2023-12-04,9863
2355,敬鵬,105,88,17,元大-和平,2023-12-04,9863
2891,中信金,16,0,16,元大-和平,2023-12-04,9863
2413,環科,14,0,14,元大-和平,2023-12-04,9863
3518,柏騰,14,0,14,元大-和平,2023-12-04,9863
5706,鳳凰,14,0,14,元大-和平,2023-12-04,9863
6138,茂達,16,2,14,元大-和平,2023-12-04,9863
2330,台積電,14,0,14,元大-和平,2023-12-04,9863
1504,東元,13,0,13,元大-和平,2023-12-04,9863
2883,凱基金,13,0,13,元大-和平,2023-12-04,9863
2345,智邦,12,0,12,元大-和平,2023-12-04,9863
3680,家登,11,0,11,元大-和平,2023-12-04,9863
00915,凱基優選高股息30,11,0,11,元大-和平,2023-12-04,9863
2363,矽統,22,11,11,元大-和平,2023-12-04,9863
8034,榮群,11,0,11,元大-和平,2023-12-04,9863
9802,鈺齊-KY,11,0,11,元大-和平,2023-12-04,9863
6244,茂迪,11,0,11,元大-和平,2023-12-04,9863
00661,元大日經225,10,0,10,元大-和平,2023-12-04,9863
1101,台泥,11,1,10,元大-和平,2023-12-04,9863
00715L,期街口布蘭特正2,10,0,10,元大-和平,2023-12-04,9863
00930,永豐ESG低碳高息,10,0,10,元大-和平,2023-12-04,9863
1313,聯成,10,0,10,元大-和平,2023-12-04,9863
2399,映泰,10,0,10,元大-和平,2023-12-04,9863
2641,正德,21,11,10,元大-和平,2023-12-04,9863
2892,第一金,10,0,10,元大-和平,2023-12-04,9863
5471,松翰,10,0,10,元大-和平,2023-12-04,9863
2883,凱基金,352,66,286,元大-和平,2023-12-05,9863
2882,國泰金,283,0,283,元大-和平,2023-12-05,9863
3231,緯創,226,17,209,元大-和平,2023-12-05,9863
00937B,群益ESG投等債20,192,0,192,元大-和平,2023-12-05,9863
00919,群益台灣精選高息,206,30,176,元大-和平,2023-12-05,9863
2723,美食-KY,130,0,130,元大-和平,2023-12-05,9863
00929,復華台灣科技優息,79,7,72,元大-和平,2023-12-05,9863
00753L,中信中國50正2,66,0,66,元大-和平,2023-12-05,9863
2888,新光金,45,0,45,元大-和平,2023-12-05,9863
00637L,元大滬深300正2,52,12,40,元大-和平,2023-12-05,9863
9945,潤泰新,40,0,40,元大-和平,2023-12-05,9863
1440,南紡,52,15,37,元大-和平,2023-12-05,9863
3390,旭軟,41,6,35,元大-和平,2023-12-05,9863
2303,聯電,35,0,35,元大-和平,2023-12-05,9863
1305,華夏,33,0,33,元大-和平,2023-12-05,9863
4114,健喬,40,8,32,元大-和平,2023-12-05,9863
2634,漢翔,30,0,30,元大-和平,2023-12-05,9863
00918,大華優利高填息30,25,0,25,元大-和平,2023-12-05,9863
00923,群益台ESG低碳50,25,0,25,元大-和平,2023-12-05,9863
00751B,元大AAA至A公司債,25,0,25,元大-和平,2023-12-05,9863
4909,新復興,27,4,23,元大-和平,2023-12-05,9863
2356,英業達,23,1,22,元大-和平,2023-12-05,9863
3050,鈺德,22,0,22,元大-和平,2023-12-05,9863
4167,松瑞藥,35,15,20,元大-和平,2023-12-05,9863
1605,華新,23,3,20,元大-和平,2023-12-05,9863
00922,國泰台灣領袖50,20,0,20,元大-和平,2023-12-05,9863
00921,兆豐龍頭等權重,20,0,20,元大-和平,2023-12-05,9863
5210,寶碩,20,1,19,元大-和平,2023-12-05,9863
00882,中信中國高股息,19,0,19,元大-和平,2023-12-05,9863
2330,台積電,19,1,18,元大-和平,2023-12-05,9863
2530,華建,19,1,18,元大-和平,2023-12-05,9863
2340,台亞,17,0,17,元大-和平,2023-12-05,9863
4939,亞電,20,3,17,元大-和平,2023-12-05,9863
3481,群創,32,16,16,元大-和平,2023-12-05,9863
1795,美時,63,47,16,元大-和平,2023-12-05,9863
0056,元大高股息,20,5,15,元大-和平,2023-12-05,9863
00935,野村臺灣新科技50,15,0,15,元大-和平,2023-12-05,9863
2641,正德,55,40,15,元大-和平,2023-12-05,9863
5347,世界,16,2,14,元大-和平,2023-12-05,9863
3374,精材,14,0,14,元大-和平,2023-12-05,9863
5607,遠雄港,19,5,14,元大-和平,2023-12-05,9863
00713,元大台灣高息低波,17,4,13,元大-和平,2023-12-05,9863
1504,東元,16,3,13,元大-和平,2023-12-05,9863
5258,虹堡,13,0,13,元大-和平,2023-12-05,9863
2344,華邦電,13,0,13,元大-和平,2023-12-05,9863
2606,裕民,54,41,13,元大-和平,2023-12-05,9863
1514,亞力,41,28,13,元大-和平,2023-12-05,9863
6904,伯鑫,12,0,12,元大-和平,2023-12-05,9863
2489,瑞軒,12,0,12,元大-和平,2023-12-05,9863
1616,億泰,14,2,12,元大-和平,2023-12-05,9863
00632R,元大台灣50反1,307,0,307,元大-和平,2023-12-06,9863
00751B,元大AAA至A公司債,300,2,298,元大-和平,2023-12-06,9863
2882,國泰金,159,1,158,元大-和平,2023-12-06,9863
00937B,群益ESG投等債20,149,2,147,元大-和平,2023-12-06,9863
00679B,元大美債20年,122,9,113,元大-和平,2023-12-06,9863
00929,復華台灣科技優息,92,8,84,元大-和平,2023-12-06,9863
00918,大華優利高填息30,71,0,71,元大-和平,2023-12-06,9863
00882,中信中國高股息,70,0,70,元大-和平,2023-12-06,9863
00892,富邦台灣半導體,50,0,50,元大-和平,2023-12-06,9863
1582,信錦,49,1,48,元大-和平,2023-12-06,9863
3363,上詮,59,21,38,元大-和平,2023-12-06,9863
2530,華建,35,0,35,元大-和平,2023-12-06,9863
00697B,元大美債7-10,30,0,30,元大-和平,2023-12-06,9863
00637L,元大滬深300正2,28,0,28,元大-和平,2023-12-06,9863
00713,元大台灣高息低波,27,0,27,元大-和平,2023-12-06,9863
2413,環科,24,0,24,元大-和平,2023-12-06,9863
6156,松上,28,5,23,元大-和平,2023-12-06,9863
6139,亞翔,32,10,22,元大-和平,2023-12-06,9863
6161,捷波,22,0,22,元大-和平,2023-12-06,9863
3265,台星科,22,0,22,元大-和平,2023-12-06,9863
00687B,國泰20年美債,22,1,21,元大-和平,2023-12-06,9863
3704,合勤控,21,0,21,元大-和平,2023-12-06,9863
00893,國泰智能電動車,20,0,20,元大-和平,2023-12-06,9863
3520,華盈,20,0,20,元大-和平,2023-12-06,9863
6538,倉和,19,0,19,元大-和平,2023-12-06,9863
00919,群益台灣精選高息,22,4,18,元大-和平,2023-12-06,9863
3017,奇鋐,21,3,18,元大-和平,2023-12-06,9863
2355,敬鵬,79,63,16,元大-和平,2023-12-06,9863
3276,宇環,20,4,16,元大-和平,2023-12-06,9863
6593,台灣銘板,17,1,16,元大-和平,2023-12-06,9863
8085,福華,21,5,16,元大-和平,2023-12-06,9863
00885,富邦越南,20,5,15,元大-和平,2023-12-06,9863
2409,友達,17,2,15,元大-和平,2023-12-06,9863
00933B,國泰10Y+金融債,15,1,14,元大-和平,2023-12-06,9863
2606,裕民,34,20,14,元大-和平,2023-12-06,9863
1326,台化,13,0,13,元大-和平,2023-12-06,9863
2498,宏達電,15,2,13,元大-和平,2023-12-06,9863
2492,華新科,13,1,12,元大-和平,2023-12-06,9863
4906,正文,20,8,12,元大-和平,2023-12-06,9863
6271,同欣電,13,1,12,元大-和平,2023-12-06,9863
1522,堤維西,16,4,12,元大-和平,2023-12-06,9863
2408,南亞科,12,1,11,元大-和平,2023-12-06,9863
1504,東元,21,10,11,元大-和平,2023-12-06,9863
2369,菱生,11,0,11,元大-和平,2023-12-06,9863
2049,上銀,10,0,10,元大-和平,2023-12-06,9863
00762,元大全球AI,10,0,10,元大-和平,2023-12-06,9863
00898,國泰基因免疫革命,10,0,10,元大-和平,2023-12-06,9863
00753L,中信中國50正2,10,0,10,元大-和平,2023-12-06,9863
1437,勤益控,10,0,10,元大-和平,2023-12-06,9863
2607,榮運,11,1,10,元大-和平,2023-12-06,9863
00632R,元大台灣50反1,803,100,703,元大-和平,2023-12-07,9863
2882,國泰金,466,0,466,元大-和平,2023-12-07,9863
2881,富邦金,414,0,414,元大-和平,2023-12-07,9863
00937B,群益ESG投等債20,412,3,409,元大-和平,2023-12-07,9863
3689,湧德,245,0,245,元大-和平,2023-12-07,9863
00919,群益台灣精選高息,181,23,158,元大-和平,2023-12-07,9863
1618,合機,153,39,114,元大-和平,2023-12-07,9863
00712,復華富時不動產,198,94,104,元大-和平,2023-12-07,9863
00679B,元大美債20年,101,18,83,元大-和平,2023-12-07,9863
00687B,國泰20年美債,58,1,57,元大-和平,2023-12-07,9863
3276,宇環,50,0,50,元大-和平,2023-12-07,9863
2399,映泰,63,15,48,元大-和平,2023-12-07,9863
5009,榮剛,39,0,39,元大-和平,2023-12-07,9863
3363,上詮,40,2,38,元大-和平,2023-12-07,9863
8088,品安,39,2,37,元大-和平,2023-12-07,9863
4533,協易機,60,25,35,元大-和平,2023-12-07,9863
3481,群創,34,0,34,元大-和平,2023-12-07,9863
00720B,元大投資級公司債,37,5,32,元大-和平,2023-12-07,9863
00637L,元大滬深300正2,30,0,30,元大-和平,2023-12-07,9863
00753L,中信中國50正2,30,0,30,元大-和平,2023-12-07,9863
2723,美食-KY,30,0,30,元大-和平,2023-12-07,9863
8936,國統,50,20,30,元大-和平,2023-12-07,9863
00715L,期街口布蘭特正2,29,0,29,元大-和平,2023-12-07,9863
2027,大成鋼,26,0,26,元大-和平,2023-12-07,9863
3450,聯鈞,27,4,23,元大-和平,2023-12-07,9863
2641,正德,23,0,23,元大-和平,2023-12-07,9863
6156,松上,23,0,23,元大-和平,2023-12-07,9863
2425,承啟,23,1,22,元大-和平,2023-12-07,9863
2605,新興,34,12,22,元大-和平,2023-12-07,9863
00701,國泰股利精選30,22,0,22,元大-和平,2023-12-07,9863
2049,上銀,21,0,21,元大-和平,2023-12-07,9863
00830,國泰費城半導體,20,0,20,元大-和平,2023-12-07,9863
1522,堤維西,48,28,20,元大-和平,2023-12-07,9863
4726,永昕,20,0,20,元大-和平,2023-12-07,9863
2303,聯電,31,13,18,元大-和平,2023-12-07,9863
2637,慧洋-KY,21,3,18,元大-和平,2023-12-07,9863
00933B,國泰10Y+金融債,18,0,18,元大-和平,2023-12-07,9863
2359,所羅門,23,5,18,元大-和平,2023-12-07,9863
00751B,元大AAA至A公司債,33,16,17,元大-和平,2023-12-07,9863
00696B,富邦美債20年,17,0,17,元大-和平,2023-12-07,9863
6117,迎廣,30,13,17,元大-和平,2023-12-07,9863
00878,國泰永續高股息,30,14,16,元大-和平,2023-12-07,9863
6770,力積電,16,0,16,元大-和平,2023-12-07,9863
2408,南亞科,18,2,16,元大-和平,2023-12-07,9863
2382,廣達,18,2,16,元大-和平,2023-12-07,9863
2402,毅嘉,15,0,15,元大-和平,2023-12-07,9863
1529,樂事綠能,35,20,15,元大-和平,2023-12-07,9863
4129,聯合,15,0,15,元大-和平,2023-12-07,9863
4934,太極,14,0,14,元大-和平,2023-12-07,9863
3059,華晶科,15,2,13,元大-和平,2023-12-07,9863
2882,國泰金,611,13,598,元大-和平,2023-12-08,9863
00937B,群益ESG投等債20,253,0,253,元大-和平,2023-12-08,9863
00680L,元大美債20正2,156,0,156,元大-和平,2023-12-08,9863
00688L,國泰20年美債正2,150,0,150,元大-和平,2023-12-08,9863
00929,復華台灣科技優息,127,16,111,元大-和平,2023-12-08,9863
3231,緯創,118,13,105,元大-和平,2023-12-08,9863
2312,金寶,102,1,101,元大-和平,2023-12-08,9863
00687B,國泰20年美債,77,0,77,元大-和平,2023-12-08,9863
2723,美食-KY,70,0,70,元大-和平,2023-12-08,9863
2618,長榮航,111,42,69,元大-和平,2023-12-08,9863
00919,群益台灣精選高息,70,6,64,元大-和平,2023-12-08,9863
2313,華通,81,28,53,元大-和平,2023-12-08,9863
2409,友達,53,2,51,元大-和平,2023-12-08,9863
2201,裕隆,47,0,47,元大-和平,2023-12-08,9863
2883,凱基金,40,0,40,元大-和平,2023-12-08,9863
00918,大華優利高填息30,39,0,39,元大-和平,2023-12-08,9863
2009,第一銅,36,0,36,元大-和平,2023-12-08,9863
3450,聯鈞,31,1,30,元大-和平,2023-12-08,9863
2453,凌群,58,28,30,元大-和平,2023-12-08,9863
00857B,永豐20年美公債,30,0,30,元大-和平,2023-12-08,9863
9911,櫻花,30,0,30,元大-和平,2023-12-08,9863
2101,南港,30,1,29,元大-和平,2023-12-08,9863
3689,湧德,38,10,28,元大-和平,2023-12-08,9863
5521,工信,38,10,28,元大-和平,2023-12-08,9863
2352,佳世達,26,0,26,元大-和平,2023-12-08,9863
2425,承啟,25,0,25,元大-和平,2023-12-08,9863
2476,鉅祥,25,0,25,元大-和平,2023-12-08,9863
2888,新光金,25,0,25,元大-和平,2023-12-08,9863
5351,鈺創,33,9,24,元大-和平,2023-12-08,9863
00751B,元大AAA至A公司債,26,3,23,元大-和平,2023-12-08,9863
6274,台燿,25,3,22,元大-和平,2023-12-08,9863
3437,榮創,20,0,20,元大-和平,2023-12-08,9863
2867,三商壽,19,0,19,元大-和平,2023-12-08,9863
1612,宏泰,17,0,17,元大-和平,2023-12-08,9863
2303,聯電,16,0,16,元大-和平,2023-12-08,9863
2399,映泰,16,0,16,元大-和平,2023-12-08,9863
2637,慧洋-KY,16,0,16,元大-和平,2023-12-08,9863
00720B,元大投資級公司債,15,0,15,元大-和平,2023-12-08,9863
1605,華新,35,21,14,元大-和平,2023-12-08,9863
2317,鴻海,14,0,14,元大-和平,2023-12-08,9863
3078,僑威,78,64,14,元大-和平,2023-12-08,9863
1522,堤維西,39,26,13,元大-和平,2023-12-08,9863
2376,技嘉,26,14,12,元大-和平,2023-12-08,9863
00712,復華富時不動產,12,0,12,元大-和平,2023-12-08,9863
8024,佑華,12,0,12,元大-和平,2023-12-08,9863
1313,聯成,12,1,11,元大-和平,2023-12-08,9863
1616,億泰,13,2,11,元大-和平,2023-12-08,9863
3041,揚智,32,21,11,元大-和平,2023-12-08,9863
2375,凱美,10,0,10,元大-和平,2023-12-08,9863
00923,群益台ESG低碳50,10,0,10,元大-和平,2023-12-08,9863
2888,新光金,265,0,265,元大-和平,2023-12-11,9863
00679B,元大美債20年,130,5,125,元大-和平,2023-12-11,9863
00764B,群益25年美債,100,0,100,元大-和平,2023-12-11,9863
00919,群益台灣精選高息,70,4,66,元大-和平,2023-12-11,9863
3715,定穎投控,62,0,62,元大-和平,2023-12-11,9863
00687B,國泰20年美債,59,0,59,元大-和平,2023-12-11,9863
3374,精材,83,27,56,元大-和平,2023-12-11,9863
00929,復華台灣科技優息,57,6,51,元大-和平,2023-12-11,9863
2605,新興,121,80,41,元大-和平,2023-12-11,9863
3712,永崴投控,38,1,37,元大-和平,2023-12-11,9863
00937B,群益ESG投等債20,33,0,33,元大-和平,2023-12-11,9863
6592,和潤企業,30,0,30,元大-和平,2023-12-11,9863
00637L,元大滬深300正2,27,0,27,元大-和平,2023-12-11,9863
3346,麗清,27,0,27,元大-和平,2023-12-11,9863
00753L,中信中國50正2,44,18,26,元大-和平,2023-12-11,9863
2458,義隆,26,1,25,元大-和平,2023-12-11,9863
5324,士開,24,0,24,元大-和平,2023-12-11,9863
9958,世紀鋼,22,0,22,元大-和平,2023-12-11,9863
3689,湧德,30,10,20,元大-和平,2023-12-11,9863
1799,易威,19,0,19,元大-和平,2023-12-11,9863
2610,華航,27,9,18,元大-和平,2023-12-11,9863
3078,僑威,18,1,17,元大-和平,2023-12-11,9863
2409,友達,16,0,16,元大-和平,2023-12-11,9863
3041,揚智,35,20,15,元大-和平,2023-12-11,9863
00680L,元大美債20正2,15,0,15,元大-和平,2023-12-11,9863
3035,智原,19,4,15,元大-和平,2023-12-11,9863
4746,台耀,15,1,14,元大-和平,2023-12-11,9863
3438,類比科,15,1,14,元大-和平,2023-12-11,9863
6290,良維,14,0,14,元大-和平,2023-12-11,9863
00878,國泰永續高股息,27,13,14,元大-和平,2023-12-11,9863
2314,台揚,15,2,13,元大-和平,2023-12-11,9863
2388,威盛,39,26,13,元大-和平,2023-12-11,9863
6462,神盾,13,0,13,元大-和平,2023-12-11,9863
2606,裕民,17,5,12,元大-和平,2023-12-11,9863
8088,品安,10,0,10,元大-和平,2023-12-11,9863
2317,鴻海,12,2,10,元大-和平,2023-12-11,9863
00655L,國泰中國A50正2,10,0,10,元大-和平,2023-12-11,9863
2105,正新,10,0,10,元大-和平,2023-12-11,9863
2867,三商壽,10,0,10,元大-和平,2023-12-11,9863
3268,海德威,10,0,10,元大-和平,2023-12-11,9863
3520,華盈,10,0,10,元大-和平,2023-12-11,9863
4306,炎洲,10,0,10,元大-和平,2023-12-11,9863
4440,宜新實業,10,0,10,元大-和平,2023-12-11,9863
6167,久正,10,0,10,元大-和平,2023-12-11,9863
00885,富邦越南,10,0,10,元大-和平,2023-12-11,9863
2365,昆盈,12,3,9,元大-和平,2023-12-11,9863
00931B,統一美債20年,10,1,9,元大-和平,2023-12-11,9863
1752,南光,10,1,9,元大-和平,2023-12-11,9863
6156,松上,9,0,9,元大-和平,2023-12-11,9863
3443,創意,9,1,8,元大-和平,2023-12-11,9863
00632R,元大台灣50反1,406,6,400,元大-和平,2023-12-12,9863
9934,成霖,353,0,353,元大-和平,2023-12-12,9863
1905,華紙,92,0,92,元大-和平,2023-12-12,9863
6706,惠特,65,0,65,元大-和平,2023-12-12,9863
2883,凱基金,76,20,56,元大-和平,2023-12-12,9863
00919,群益台灣精選高息,54,9,45,元大-和平,2023-12-12,9863
5324,士開,42,0,42,元大-和平,2023-12-12,9863
1608,華榮,44,5,39,元大-和平,2023-12-12,9863
3363,上詮,40,1,39,元大-和平,2023-12-12,9863
2408,南亞科,39,5,34,元大-和平,2023-12-12,9863
1314,中石化,30,0,30,元大-和平,2023-12-12,9863
1612,宏泰,69,39,30,元大-和平,2023-12-12,9863
2399,映泰,30,1,29,元大-和平,2023-12-12,9863
2618,長榮航,39,13,26,元大-和平,2023-12-12,9863
8936,國統,30,5,25,元大-和平,2023-12-12,9863
2915,潤泰全,24,0,24,元大-和平,2023-12-12,9863
4114,健喬,23,0,23,元大-和平,2023-12-12,9863
3231,緯創,27,5,22,元大-和平,2023-12-12,9863
2417,圓剛,21,0,21,元大-和平,2023-12-12,9863
4967,十銓,25,5,20,元大-和平,2023-12-12,9863
2101,南港,20,0,20,元大-和平,2023-12-12,9863
1598,岱宇,19,0,19,元大-和平,2023-12-12,9863
2867,三商壽,19,0,19,元大-和平,2023-12-12,9863
00918,大華優利高填息30,17,0,17,元大-和平,2023-12-12,9863
00751B,元大AAA至A公司債,20,3,17,元大-和平,2023-12-12,9863
2344,華邦電,16,0,16,元大-和平,2023-12-12,9863
8033,雷虎,16,1,15,元大-和平,2023-12-12,9863
2002,中鋼,14,0,14,元大-和平,2023-12-12,9863
00680L,元大美債20正2,22,8,14,元大-和平,2023-12-12,9863
3712,永崴投控,36,22,14,元大-和平,2023-12-12,9863
3380,明泰,16,3,13,元大-和平,2023-12-12,9863
6282,康舒,20,7,13,元大-和平,2023-12-12,9863
00679B,元大美債20年,13,1,12,元大-和平,2023-12-12,9863
3704,合勤控,12,0,12,元大-和平,2023-12-12,9863
2345,智邦,12,0,12,元大-和平,2023-12-12,9863
3450,聯鈞,13,1,12,元大-和平,2023-12-12,9863
2233,宇隆,12,0,12,元大-和平,2023-12-12,9863
2409,友達,12,0,12,元大-和平,2023-12-12,9863
3483,力致,12,0,12,元大-和平,2023-12-12,9863
5351,鈺創,13,1,12,元大-和平,2023-12-12,9863
9945,潤泰新,12,0,12,元大-和平,2023-12-12,9863
3217,優群,11,0,11,元大-和平,2023-12-12,9863
00857B,永豐20年美公債,11,0,11,元大-和平,2023-12-12,9863
3346,麗清,11,0,11,元大-和平,2023-12-12,9863
6257,矽格,10,0,10,元大-和平,2023-12-12,9863
00885,富邦越南,10,0,10,元大-和平,2023-12-12,9863
1301,台塑,10,0,10,元大-和平,2023-12-12,9863
3689,湧德,10,0,10,元大-和平,2023-12-12,9863
6015,宏遠證,10,0,10,元大-和平,2023-12-12,9863
6026,福邦證,10,0,10,元大-和平,2023-12-12,9863
9934,成霖,329,0,329,元大-和平,2023-12-13,9863
00687B,國泰20年美債,190,0,190,元大-和平,2023-12-13,9863
00715L,期街口布蘭特正2,169,16,153,元大-和平,2023-12-13,9863
2312,金寶,119,3,116,元大-和平,2023-12-13,9863
00919,群益台灣精選高息,108,26,82,元大-和平,2023-12-13,9863
2880,華南金,50,0,50,元大-和平,2023-12-13,9863
00933B,國泰10Y+金融債,46,0,46,元大-和平,2023-12-13,9863
00929,復華台灣科技優息,189,150,39,元大-和平,2023-12-13,9863
00878,國泰永續高股息,111,73,38,元大-和平,2023-12-13,9863
5324,士開,32,0,32,元大-和平,2023-12-13,9863
00632R,元大台灣50反1,35,5,30,元大-和平,2023-12-13,9863
1316,上曜,30,2,28,元大-和平,2023-12-13,9863
3479,安勤,38,10,28,元大-和平,2023-12-13,9863
2408,南亞科,35,10,25,元大-和平,2023-12-13,9863
2515,中工,114,89,25,元大-和平,2023-12-13,9863
2888,新光金,25,0,25,元大-和平,2023-12-13,9863
6456,GIS-KY,23,0,23,元大-和平,2023-12-13,9863
2002,中鋼,28,5,23,元大-和平,2023-12-13,9863
5347,世界,21,0,21,元大-和平,2023-12-13,9863
4915,致伸,25,5,20,元大-和平,2023-12-13,9863
2723,美食-KY,22,2,20,元大-和平,2023-12-13,9863
1301,台塑,20,1,19,元大-和平,2023-12-13,9863
3363,上詮,30,12,18,元大-和平,2023-12-13,9863
00937B,群益ESG投等債20,22,5,17,元大-和平,2023-12-13,9863
2634,漢翔,17,1,16,元大-和平,2023-12-13,9863
00891,中信關鍵半導體,15,0,15,元大-和平,2023-12-13,9863
2485,兆赫,15,0,15,元大-和平,2023-12-13,9863
6690,安�硌穈T,14,0,14,元大-和平,2023-12-13,9863
2610,華航,13,0,13,元大-和平,2023-12-13,9863
1795,美時,12,0,12,元大-和平,2023-12-13,9863
4908,前鼎,12,0,12,元大-和平,2023-12-13,9863
1605,華新,12,0,12,元大-和平,2023-12-13,9863
1612,宏泰,13,1,12,元大-和平,2023-12-13,9863
2867,三商壽,17,5,12,元大-和平,2023-12-13,9863
5388,中磊,26,14,12,元大-和平,2023-12-13,9863
2402,毅嘉,11,0,11,元大-和平,2023-12-13,9863
1584,精剛,17,6,11,元大-和平,2023-12-13,9863
8034,榮群,11,0,11,元大-和平,2023-12-13,9863
2465,麗臺,12,2,10,元大-和平,2023-12-13,9863
00655L,國泰中國A50正2,10,0,10,元大-和平,2023-12-13,9863
2206,三陽工業,10,0,10,元大-和平,2023-12-13,9863
2377,微星,11,1,10,元大-和平,2023-12-13,9863
3234,光環,10,0,10,元大-和平,2023-12-13,9863
3441,聯一光,10,0,10,元大-和平,2023-12-13,9863
4155,訊映,10,0,10,元大-和平,2023-12-13,9863
6016,康和證,10,0,10,元大-和平,2023-12-13,9863
6182,合晶,34,24,10,元大-和平,2023-12-13,9863
5009,榮剛,10,0,10,元大-和平,2023-12-13,9863
9802,鈺齊-KY,10,1,9,元大-和平,2023-12-13,9863
2887,台新金,9,0,9,元大-和平,2023-12-13,9863
00632R,元大台灣50反1,708,400,308,元大-和平,2023-12-14,9863
3689,湧德,200,10,190,元大-和平,2023-12-14,9863
00680L,元大美債20正2,171,0,171,元大-和平,2023-12-14,9863
00688L,國泰20年美債正2,150,0,150,元大-和平,2023-12-14,9863
00687B,國泰20年美債,110,1,109,元大-和平,2023-12-14,9863
00929,復華台灣科技優息,201,94,107,元大-和平,2023-12-14,9863
2883,凱基金,120,16,104,元大-和平,2023-12-14,9863
2312,金寶,100,20,80,元大-和平,2023-12-14,9863
2329,華泰,77,19,58,元大-和平,2023-12-14,9863
5347,世界,50,4,46,元大-和平,2023-12-14,9863
2867,三商壽,53,13,40,元大-和平,2023-12-14,9863
00936,台新永續高息中小,37,0,37,元大-和平,2023-12-14,9863
2363,矽統,92,55,37,元大-和平,2023-12-14,9863
6168,宏齊,38,3,35,元大-和平,2023-12-14,9863
5521,工信,44,11,33,元大-和平,2023-12-14,9863
00645,富邦日本,32,0,32,元大-和平,2023-12-14,9863
1314,中石化,55,25,30,元大-和平,2023-12-14,9863
9934,成霖,30,0,30,元大-和平,2023-12-14,9863
00885,富邦越南,29,0,29,元大-和平,2023-12-14,9863
3441,聯一光,28,0,28,元大-和平,2023-12-14,9863
3715,定穎投控,40,15,25,元大-和平,2023-12-14,9863
00679B,元大美債20年,34,10,24,元大-和平,2023-12-14,9863
3437,榮創,23,0,23,元大-和平,2023-12-14,9863
6706,惠特,23,0,23,元大-和平,2023-12-14,9863
8938,明安,38,15,23,元大-和平,2023-12-14,9863
00919,群益台灣精選高息,133,110,23,元大-和平,2023-12-14,9863
1102,亞泥,19,1,18,元大-和平,2023-12-14,9863
2637,慧洋-KY,22,4,18,元大-和平,2023-12-14,9863
2731,雄獅,17,0,17,元大-和平,2023-12-14,9863
3231,緯創,40,23,17,元大-和平,2023-12-14,9863
2634,漢翔,18,2,16,元大-和平,2023-12-14,9863
3362,先進光,15,0,15,元大-和平,2023-12-14,9863
3607,谷崧,14,0,14,元大-和平,2023-12-14,9863
00751B,元大AAA至A公司債,13,0,13,元大-和平,2023-12-14,9863
8068,全達,18,5,13,元大-和平,2023-12-14,9863
00720B,元大投資級公司債,13,0,13,元大-和平,2023-12-14,9863
3479,安勤,13,0,13,元大-和平,2023-12-14,9863
00631L,元大台灣50正2,13,1,12,元大-和平,2023-12-14,9863
4939,亞電,11,0,11,元大-和平,2023-12-14,9863
5328,華容,15,4,11,元大-和平,2023-12-14,9863
3675,德微,11,0,11,元大-和平,2023-12-14,9863
2324,仁寶,27,17,10,元大-和平,2023-12-14,9863
00637L,元大滬深300正2,20,10,10,元大-和平,2023-12-14,9863
00655L,國泰中國A50正2,10,0,10,元大-和平,2023-12-14,9863
3062,建漢,10,0,10,元大-和平,2023-12-14,9863
3481,群創,10,0,10,元大-和平,2023-12-14,9863
4414,如興,10,0,10,元大-和平,2023-12-14,9863
6290,良維,16,6,10,元大-和平,2023-12-14,9863
8088,品安,10,0,10,元大-和平,2023-12-14,9863
6231,系微,12,4,8,元大-和平,2023-12-14,9863
00919,群益台灣精選高息,206,35,171,元大-和平,2023-12-15,9863
00687B,國泰20年美債,113,1,112,元大-和平,2023-12-15,9863
2356,英業達,533,438,95,元大-和平,2023-12-15,9863
2801,彰銀,63,1,62,元大-和平,2023-12-15,9863
2363,矽統,134,79,55,元大-和平,2023-12-15,9863
5213,亞昕,50,0,50,元大-和平,2023-12-15,9863
00918,大華優利高填息30,43,0,43,元大-和平,2023-12-15,9863
00878,國泰永續高股息,47,6,41,元大-和平,2023-12-15,9863
1313,聯成,40,0,40,元大-和平,2023-12-15,9863
9945,潤泰新,35,1,34,元大-和平,2023-12-15,9863
6182,合晶,57,24,33,元大-和平,2023-12-15,9863
3231,緯創,45,15,30,元大-和平,2023-12-15,9863
2618,長榮航,30,3,27,元大-和平,2023-12-15,9863
00715L,期街口布蘭特正2,49,22,27,元大-和平,2023-12-15,9863
2888,新光金,32,5,27,元大-和平,2023-12-15,9863
8150,南茂,25,0,25,元大-和平,2023-12-15,9863
3013,晟銘電,39,16,23,元大-和平,2023-12-15,9863
00751B,元大AAA至A公司債,22,0,22,元大-和平,2023-12-15,9863
3576,聯合再生,20,0,20,元大-和平,2023-12-15,9863
2481,強茂,40,21,19,元大-和平,2023-12-15,9863
5009,榮剛,42,23,19,元大-和平,2023-12-15,9863
00713,元大台灣高息低波,20,2,18,元大-和平,2023-12-15,9863
00937B,群益ESG投等債20,31,13,18,元大-和平,2023-12-15,9863
6290,良維,22,4,18,元大-和平,2023-12-15,9863
00712,復華富時不動產,20,3,17,元大-和平,2023-12-15,9863
2486,一詮,17,0,17,元大-和平,2023-12-15,9863
3706,神達,17,0,17,元大-和平,2023-12-15,9863
6284,佳邦,20,3,17,元大-和平,2023-12-15,9863
00679B,元大美債20年,53,36,17,元大-和平,2023-12-15,9863
9958,世紀鋼,23,7,16,元大-和平,2023-12-15,9863
0056,元大高股息,37,21,16,元大-和平,2023-12-15,9863
6191,精成科,16,1,15,元大-和平,2023-12-15,9863
2345,智邦,14,0,14,元大-和平,2023-12-15,9863
5876,上海商銀,14,0,14,元大-和平,2023-12-15,9863
3035,智原,26,13,13,元大-和平,2023-12-15,9863
2409,友達,15,2,13,元大-和平,2023-12-15,9863
2641,正德,13,0,13,元大-和平,2023-12-15,9863
00921,兆豐龍頭等權重,12,0,12,元大-和平,2023-12-15,9863
2412,中華電,16,4,12,元大-和平,2023-12-15,9863
2887,台新金,22,10,12,元大-和平,2023-12-15,9863
4128,中天,12,0,12,元大-和平,2023-12-15,9863
1314,中石化,15,3,12,元大-和平,2023-12-15,9863
00632R,元大台灣50反1,11,0,11,元大-和平,2023-12-15,9863
1101,台泥,12,1,11,元大-和平,2023-12-15,9863
2352,佳世達,12,1,11,元大-和平,2023-12-15,9863
3532,台勝科,22,11,11,元大-和平,2023-12-15,9863
2317,鴻海,10,0,10,元大-和平,2023-12-15,9863
6235,華孚,11,1,10,元大-和平,2023-12-15,9863
00896,中信綠能及電動車,10,0,10,元大-和平,2023-12-15,9863
3669,圓展,10,0,10,元大-和平,2023-12-15,9863
2618,長榮航,354,34,320,元大-和平,2023-12-18,9863
2801,彰銀,250,0,250,元大-和平,2023-12-18,9863
00929,復華台灣科技優息,195,1,194,元大-和平,2023-12-18,9863
00720B,元大投資級公司債,124,2,122,元大-和平,2023-12-18,9863
00919,群益台灣精選高息,121,16,105,元大-和平,2023-12-18,9863
00936,台新永續高息中小,99,0,99,元大-和平,2023-12-18,9863
2882,國泰金,104,16,88,元大-和平,2023-12-18,9863
00679B,元大美債20年,77,6,71,元大-和平,2023-12-18,9863
00687B,國泰20年美債,74,3,71,元大-和平,2023-12-18,9863
3006,晶豪科,78,16,62,元大-和平,2023-12-18,9863
2607,榮運,89,31,58,元大-和平,2023-12-18,9863
2332,友訊,50,0,50,元大-和平,2023-12-18,9863
3689,湧德,40,0,40,元大-和平,2023-12-18,9863
8150,南茂,40,1,39,元大-和平,2023-12-18,9863
00680L,元大美債20正2,41,3,38,元大-和平,2023-12-18,9863
1714,和桐,38,0,38,元大-和平,2023-12-18,9863
2462,良得電,40,2,38,元大-和平,2023-12-18,9863
2356,英業達,100,69,31,元大-和平,2023-12-18,9863
00934,中信成長高股息,30,0,30,元大-和平,2023-12-18,9863
2637,慧洋-KY,31,1,30,元大-和平,2023-12-18,9863
1316,上曜,30,0,30,元大-和平,2023-12-18,9863
2723,美食-KY,30,0,30,元大-和平,2023-12-18,9863
4167,松瑞藥,35,6,29,元大-和平,2023-12-18,9863
3231,緯創,32,8,24,元大-和平,2023-12-18,9863
2610,華航,22,0,22,元大-和平,2023-12-18,9863
5324,士開,22,0,22,元大-和平,2023-12-18,9863
2101,南港,20,0,20,元大-和平,2023-12-18,9863
2324,仁寶,105,86,19,元大-和平,2023-12-18,9863
00931B,統一美債20年,18,1,17,元大-和平,2023-12-18,9863
2630,亞航,15,0,15,元大-和平,2023-12-18,9863
2023,燁輝,24,9,15,元大-和平,2023-12-18,9863
2331,精英,14,0,14,元大-和平,2023-12-18,9863
00921,兆豐龍頭等權重,17,3,14,元大-和平,2023-12-18,9863
1909,榮成,16,2,14,元大-和平,2023-12-18,9863
2317,鴻海,20,6,14,元大-和平,2023-12-18,9863
8938,明安,12,0,12,元大-和平,2023-12-18,9863
5880,合庫金,11,0,11,元大-和平,2023-12-18,9863
1609,大亞,17,6,11,元大-和平,2023-12-18,9863
3042,晶技,11,0,11,元大-和平,2023-12-18,9863
00688L,國泰20年美債正2,11,0,11,元大-和平,2023-12-18,9863
4909,新復興,33,22,11,元大-和平,2023-12-18,9863
6443,元晶,13,2,11,元大-和平,2023-12-18,9863
00918,大華優利高填息30,14,3,11,元大-和平,2023-12-18,9863
2014,中鴻,80,70,10,元大-和平,2023-12-18,9863
2634,漢翔,11,1,10,元大-和平,2023-12-18,9863
1710,東聯,10,0,10,元大-和平,2023-12-18,9863
2949,欣新網,10,0,10,元大-和平,2023-12-18,9863
5425,台半,11,1,10,元大-和平,2023-12-18,9863
0051,元大中型100,10,0,10,元大-和平,2023-12-18,9863
1337,再生-KY,10,0,10,元大-和平,2023-12-18,9863
2618,長榮航,902,9,893,元大-和平,2023-12-19,9863
2882,國泰金,569,0,569,元大-和平,2023-12-19,9863
00712,復華富時不動產,407,21,386,元大-和平,2023-12-19,9863
00688L,國泰20年美債正2,309,10,299,元大-和平,2023-12-19,9863
00680L,元大美債20正2,323,30,293,元大-和平,2023-12-19,9863
2888,新光金,221,0,221,元大-和平,2023-12-19,9863
9934,成霖,150,0,150,元大-和平,2023-12-19,9863
2801,彰銀,147,0,147,元大-和平,2023-12-19,9863
00936,台新永續高息中小,73,1,72,元大-和平,2023-12-19,9863
2515,中工,66,11,55,元大-和平,2023-12-19,9863
00929,復華台灣科技優息,238,187,51,元大-和平,2023-12-19,9863
2014,中鴻,86,40,46,元大-和平,2023-12-19,9863
2049,上銀,40,0,40,元大-和平,2023-12-19,9863
00934,中信成長高股息,32,0,32,元大-和平,2023-12-19,9863
00937B,群益ESG投等債20,36,4,32,元大-和平,2023-12-19,9863
00919,群益台灣精選高息,103,73,30,元大-和平,2023-12-19,9863
2606,裕民,30,1,29,元大-和平,2023-12-19,9863
6156,松上,28,0,28,元大-和平,2023-12-19,9863
3178,公準,27,0,27,元大-和平,2023-12-19,9863
5351,鈺創,31,6,25,元大-和平,2023-12-19,9863
00923,群益台ESG低碳50,23,0,23,元大-和平,2023-12-19,9863
1701,中化,23,0,23,元大-和平,2023-12-19,9863
00882,中信中國高股息,23,0,23,元大-和平,2023-12-19,9863
2723,美食-KY,21,0,21,元大-和平,2023-12-19,9863
2634,漢翔,21,0,21,元大-和平,2023-12-19,9863
3548,兆利,21,0,21,元大-和平,2023-12-19,9863
2614,東森,20,0,20,元大-和平,2023-12-19,9863
2344,華邦電,19,0,19,元大-和平,2023-12-19,9863
2615,萬海,29,10,19,元大-和平,2023-12-19,9863
2027,大成鋼,29,11,18,元大-和平,2023-12-19,9863
5213,亞昕,18,0,18,元大-和平,2023-12-19,9863
00720B,元大投資級公司債,33,16,17,元大-和平,2023-12-19,9863
2486,一詮,21,4,17,元大-和平,2023-12-19,9863
1524,耿鼎,16,0,16,元大-和平,2023-12-19,9863
4167,松瑞藥,28,13,15,元大-和平,2023-12-19,9863
2032,新鋼,14,0,14,元大-和平,2023-12-19,9863
2101,南港,13,0,13,元大-和平,2023-12-19,9863
3712,永崴投控,18,5,13,元大-和平,2023-12-19,9863
6257,矽格,12,0,12,元大-和平,2023-12-19,9863
1504,東元,12,0,12,元大-和平,2023-12-19,9863
2409,友達,12,0,12,元大-和平,2023-12-19,9863
3481,群創,12,0,12,元大-和平,2023-12-19,9863
9945,潤泰新,12,0,12,元大-和平,2023-12-19,9863
00687B,國泰20年美債,57,46,11,元大-和平,2023-12-19,9863
4114,健喬,21,10,11,元大-和平,2023-12-19,9863
2340,台亞,12,1,11,元大-和平,2023-12-19,9863
5324,士開,12,1,11,元大-和平,2023-12-19,9863
6613,朋億*,11,0,11,元大-和平,2023-12-19,9863
1714,和桐,10,0,10,元大-和平,2023-12-19,9863
8016,矽創,10,0,10,元大-和平,2023-12-19,9863
4906,正文,196,25,171,元大-和平,2023-12-20,9863
00688L,國泰20年美債正2,152,0,152,元大-和平,2023-12-20,9863
00680L,元大美債20正2,160,21,139,元大-和平,2023-12-20,9863
2352,佳世達,102,3,99,元大-和平,2023-12-20,9863
2801,彰銀,75,4,71,元大-和平,2023-12-20,9863
00919,群益台灣精選高息,65,0,65,元大-和平,2023-12-20,9863
00687B,國泰20年美債,59,0,59,元大-和平,2023-12-20,9863
00937B,群益ESG投等債20,64,10,54,元大-和平,2023-12-20,9863
00751B,元大AAA至A公司債,55,9,46,元大-和平,2023-12-20,9863
2882,國泰金,62,20,42,元大-和平,2023-12-20,9863
5324,士開,40,0,40,元大-和平,2023-12-20,9863
2392,正崴,42,3,39,元大-和平,2023-12-20,9863
2913,農林,36,0,36,元大-和平,2023-12-20,9863
2474,可成,30,7,23,元大-和平,2023-12-20,9863
2881,富邦金,22,0,22,元大-和平,2023-12-20,9863
2387,精元,29,7,22,元大-和平,2023-12-20,9863
3006,晶豪科,25,6,19,元大-和平,2023-12-20,9863
2883,凱基金,18,0,18,元大-和平,2023-12-20,9863
2355,敬鵬,41,25,16,元大-和平,2023-12-20,9863
5876,上海商銀,16,0,16,元大-和平,2023-12-20,9863
6257,矽格,26,11,15,元大-和平,2023-12-20,9863
2345,智邦,14,1,13,元大-和平,2023-12-20,9863
6485,點序,23,10,13,元大-和平,2023-12-20,9863
5213,亞昕,12,0,12,元大-和平,2023-12-20,9863
1504,東元,12,1,11,元大-和平,2023-12-20,9863
3450,聯鈞,11,0,11,元大-和平,2023-12-20,9863
2338,光罩,10,0,10,元大-和平,2023-12-20,9863
3047,訊舟,12,2,10,元大-和平,2023-12-20,9863
9105,泰金寶-DR,16,6,10,元大-和平,2023-12-20,9863
5439,高技,10,0,10,元大-和平,2023-12-20,9863
2458,義隆,11,2,9,元大-和平,2023-12-20,9863
00772B,中信高評級公司債,9,0,9,元大-和平,2023-12-20,9863
8112,至上,16,8,8,元大-和平,2023-12-20,9863
00904,新光臺灣半導體30,8,0,8,元大-和平,2023-12-20,9863
00934,中信成長高股息,12,4,8,元大-和平,2023-12-20,9863
00720B,元大投資級公司債,7,0,7,元大-和平,2023-12-20,9863
00933B,國泰10Y+金融債,7,0,7,元大-和平,2023-12-20,9863
2201,裕隆,7,0,7,元大-和平,2023-12-20,9863
3059,華晶科,7,0,7,元大-和平,2023-12-20,9863
3264,欣銓,7,0,7,元大-和平,2023-12-20,9863
5880,合庫金,10,4,6,元大-和平,2023-12-20,9863
3178,公準,6,0,6,元大-和平,2023-12-20,9863
3376,新日興,6,0,6,元大-和平,2023-12-20,9863
2606,裕民,7,1,6,元大-和平,2023-12-20,9863
2890,永豐金,6,0,6,元大-和平,2023-12-20,9863
2383,台光電,6,0,6,元大-和平,2023-12-20,9863
3035,智原,9,4,5,元大-和平,2023-12-20,9863
6285,啟��,7,2,5,元大-和平,2023-12-20,9863
1304,台聚,5,0,5,元大-和平,2023-12-20,9863
1524,耿鼎,10,5,5,元大-和平,2023-12-20,9863
2881,富邦金,191,0,191,元大-和平,2023-12-21,9863
00929,復華台灣科技優息,163,9,154,元大-和平,2023-12-21,9863
2312,金寶,173,25,148,元大-和平,2023-12-21,9863
00919,群益台灣精選高息,116,2,114,元大-和平,2023-12-21,9863
2882,國泰金,101,10,91,元大-和平,2023-12-21,9863
2481,強茂,58,0,58,元大-和平,2023-12-21,9863
2331,精英,68,11,57,元大-和平,2023-12-21,9863
1314,中石化,61,7,54,元大-和平,2023-12-21,9863
2324,仁寶,127,73,54,元大-和平,2023-12-21,9863
2303,聯電,47,0,47,元大-和平,2023-12-21,9863
1618,合機,43,3,40,元大-和平,2023-12-21,9863
2609,陽明,387,348,39,元大-和平,2023-12-21,9863
3006,晶豪科,28,5,23,元大-和平,2023-12-21,9863
5609,中菲行,21,0,21,元大-和平,2023-12-21,9863
2330,台積電,22,1,21,元大-和平,2023-12-21,9863
2002,中鋼,21,1,20,元大-和平,2023-12-21,9863
3711,日月光投控,20,0,20,元大-和平,2023-12-21,9863
2903,遠百,20,0,20,元大-和平,2023-12-21,9863
5324,士開,20,0,20,元大-和平,2023-12-21,9863
5498,凱崴,20,0,20,元大-和平,2023-12-21,9863
1905,華紙,20,1,19,元大-和平,2023-12-21,9863
6799,來頡,20,1,19,元大-和平,2023-12-21,9863
3689,湧德,18,0,18,元大-和平,2023-12-21,9863
00891,中信關鍵半導體,16,0,16,元大-和平,2023-12-21,9863
4114,健喬,17,2,15,元大-和平,2023-12-21,9863
3715,定穎投控,16,2,14,元大-和平,2023-12-21,9863
3005,神基,14,0,14,元大-和平,2023-12-21,9863
2891,中信金,13,0,13,元大-和平,2023-12-21,9863
2349,錸德,13,1,12,元大-和平,2023-12-21,9863
2610,華航,11,0,11,元大-和平,2023-12-21,9863
00923,群益台ESG低碳50,11,0,11,元大-和平,2023-12-21,9863
4938,和碩,13,3,10,元大-和平,2023-12-21,9863
00715L,期街口布蘭特正2,10,0,10,元大-和平,2023-12-21,9863
2317,鴻海,10,0,10,元大-和平,2023-12-21,9863
8110,華東,10,0,10,元大-和平,2023-12-21,9863
7402,邑錡,22,13,9,元大-和平,2023-12-21,9863
00900,富邦特選高股息30,9,0,9,元大-和平,2023-12-21,9863
3047,訊舟,9,0,9,元大-和平,2023-12-21,9863
00712,復華富時不動產,17,9,8,元大-和平,2023-12-21,9863
00934,中信成長高股息,8,0,8,元大-和平,2023-12-21,9863
5903,全家,8,0,8,元大-和平,2023-12-21,9863
5439,高技,7,0,7,元大-和平,2023-12-21,9863
1524,耿鼎,7,0,7,元大-和平,2023-12-21,9863
6443,元晶,7,0,7,元大-和平,2023-12-21,9863
00902,中信電池及儲能,7,0,7,元大-和平,2023-12-21,9863
2014,中鴻,9,2,7,元大-和平,2023-12-21,9863
2401,凌陽,10,3,7,元大-和平,2023-12-21,9863
2890,永豐金,8,1,7,元大-和平,2023-12-21,9863
1325,恆大,17,10,7,元大-和平,2023-12-21,9863
3532,台勝科,9,3,6,元大-和平,2023-12-21,9863
00679B,元大美債20年,207,6,201,元大-和平,2023-12-22,9863
4906,正文,175,2,173,元大-和平,2023-12-22,9863
00632R,元大台灣50反1,139,0,139,元大-和平,2023-12-22,9863
2610,華航,160,35,125,元大-和平,2023-12-22,9863
3689,湧德,89,0,89,元大-和平,2023-12-22,9863
2312,金寶,75,20,55,元大-和平,2023-12-22,9863
1301,台塑,51,0,51,元大-和平,2023-12-22,9863
00919,群益台灣精選高息,91,46,45,元大-和平,2023-12-22,9863
7402,邑錡,36,1,35,元大-和平,2023-12-22,9863
00753L,中信中國50正2,35,0,35,元大-和平,2023-12-22,9863
2002,中鋼,33,1,32,元大-和平,2023-12-22,9863
2515,中工,141,112,29,元大-和平,2023-12-22,9863
2324,仁寶,29,3,26,元大-和平,2023-12-22,9863
2449,京元電子,24,2,22,元大-和平,2023-12-22,9863
3006,晶豪科,65,44,21,元大-和平,2023-12-22,9863
4915,致伸,20,0,20,元大-和平,2023-12-22,9863
6538,倉和,20,0,20,元大-和平,2023-12-22,9863
6592,和潤企業,20,0,20,元大-和平,2023-12-22,9863
8088,品安,20,0,20,元大-和平,2023-12-22,9863
9945,潤泰新,20,0,20,元大-和平,2023-12-22,9863
2356,英業達,58,39,19,元大-和平,2023-12-22,9863
3260,威剛,23,6,17,元大-和平,2023-12-22,9863
5009,榮剛,45,29,16,元大-和平,2023-12-22,9863
5213,亞昕,15,0,15,元大-和平,2023-12-22,9863
8201,無敵,15,0,15,元大-和平,2023-12-22,9863
1605,華新,16,2,14,元大-和平,2023-12-22,9863
2419,仲琦,14,0,14,元大-和平,2023-12-22,9863
2915,潤泰全,14,0,14,元大-和平,2023-12-22,9863
00751B,元大AAA至A公司債,13,0,13,元大-和平,2023-12-22,9863
2329,華泰,20,7,13,元大-和平,2023-12-22,9863
2103,台橡,13,0,13,元大-和平,2023-12-22,9863
2355,敬鵬,21,10,11,元大-和平,2023-12-22,9863
2645,長榮航太,11,0,11,元大-和平,2023-12-22,9863
2345,智邦,11,0,11,元大-和平,2023-12-22,9863
2882,國泰金,11,0,11,元大-和平,2023-12-22,9863
2913,農林,14,3,11,元大-和平,2023-12-22,9863
3236,千如,10,0,10,元大-和平,2023-12-22,9863
3276,宇環,10,0,10,元大-和平,2023-12-22,9863
3479,安勤,10,0,10,元大-和平,2023-12-22,9863
3576,聯合再生,10,0,10,元大-和平,2023-12-22,9863
6284,佳邦,10,0,10,元大-和平,2023-12-22,9863
8110,華東,11,1,10,元大-和平,2023-12-22,9863
9934,成霖,30,20,10,元大-和平,2023-12-22,9863
4968,立積,14,5,9,元大-和平,2023-12-22,9863
2323,中環,10,1,9,元大-和平,2023-12-22,9863
00933B,國泰10Y+金融債,9,0,9,元大-和平,2023-12-22,9863
00637L,元大滬深300正2,8,0,8,元大-和平,2023-12-22,9863
00937B,群益ESG投等債20,8,0,8,元大-和平,2023-12-22,9863
3051,力特,9,1,8,元大-和平,2023-12-22,9863
8046,南電,8,0,8,元大-和平,2023-12-22,9863
00679B,元大美債20年,299,13,286,元大-和平,2023-12-25,9863
9904,寶成,278,2,276,元大-和平,2023-12-25,9863
00929,復華台灣科技優息,186,2,184,元大-和平,2023-12-25,9863
2614,東森,96,0,96,元大-和平,2023-12-25,9863
2609,陽明,268,179,89,元大-和平,2023-12-25,9863
00934,中信成長高股息,63,0,63,元大-和平,2023-12-25,9863
2481,強茂,63,0,63,元大-和平,2023-12-25,9863
2888,新光金,56,0,56,元大-和平,2023-12-25,9863
00919,群益台灣精選高息,75,22,53,元大-和平,2023-12-25,9863
2312,金寶,121,72,49,元大-和平,2023-12-25,9863
4174,浩鼎,40,0,40,元大-和平,2023-12-25,9863
2323,中環,33,0,33,元大-和平,2023-12-25,9863
2324,仁寶,101,75,26,元大-和平,2023-12-25,9863
3325,旭品,25,0,25,元大-和平,2023-12-25,9863
2607,榮運,38,16,22,元大-和平,2023-12-25,9863
2399,映泰,21,0,21,元大-和平,2023-12-25,9863
00706L,期元大S＆P日圓正2,20,0,20,元大-和平,2023-12-25,9863
2633,台灣高鐵,20,0,20,元大-和平,2023-12-25,9863
2615,萬海,62,42,20,元大-和平,2023-12-25,9863
3231,緯創,74,55,19,元大-和平,2023-12-25,9863
00687B,國泰20年美債,49,30,19,元大-和平,2023-12-25,9863
8110,華東,19,0,19,元大-和平,2023-12-25,9863
6443,元晶,21,2,19,元大-和平,2023-12-25,9863
2382,廣達,25,8,17,元大-和平,2023-12-25,9863
2637,慧洋-KY,19,2,17,元大-和平,2023-12-25,9863
00931B,統一美債20年,16,0,16,元大-和平,2023-12-25,9863
00751B,元大AAA至A公司債,16,0,16,元大-和平,2023-12-25,9863
6152,百一,15,0,15,元大-和平,2023-12-25,9863
2421,建準,15,1,14,元大-和平,2023-12-25,9863
1514,亞力,27,14,13,元大-和平,2023-12-25,9863
2201,裕隆,13,0,13,元大-和平,2023-12-25,9863
5009,榮剛,12,0,12,元大-和平,2023-12-25,9863
8112,至上,14,2,12,元大-和平,2023-12-25,9863
1301,台塑,12,0,12,元大-和平,2023-12-25,9863
2506,太設,13,1,12,元大-和平,2023-12-25,9863
3217,優群,12,0,12,元大-和平,2023-12-25,9863
2458,義隆,11,0,11,元大-和平,2023-12-25,9863
00725B,國泰投資級公司債,11,0,11,元大-和平,2023-12-25,9863
2317,鴻海,11,0,11,元大-和平,2023-12-25,9863
3711,日月光投控,11,0,11,元大-和平,2023-12-25,9863
3715,定穎投控,14,4,10,元大-和平,2023-12-25,9863
00728,第一金工業30,10,0,10,元大-和平,2023-12-25,9863
1305,華夏,10,0,10,元大-和平,2023-12-25,9863
1515,力山,10,0,10,元大-和平,2023-12-25,9863
2103,台橡,10,0,10,元大-和平,2023-12-25,9863
2949,欣新網,10,0,10,元大-和平,2023-12-25,9863
6270,倍微,13,3,10,元大-和平,2023-12-25,9863
6937,天虹,10,0,10,元大-和平,2023-12-25,9863
9958,世紀鋼,10,0,10,元大-和平,2023-12-25,9863
5425,台半,19,9,10,元大-和平,2023-12-25,9863
3231,緯創,830,38,792,元大-和平,2023-12-26,9863
00637L,元大滬深300正2,500,0,500,元大-和平,2023-12-26,9863
9904,寶成,227,0,227,元大-和平,2023-12-26,9863
00688L,國泰20年美債正2,225,2,223,元大-和平,2023-12-26,9863
2609,陽明,219,146,73,元大-和平,2023-12-26,9863
00720B,元大投資級公司債,71,0,71,元大-和平,2023-12-26,9863
00891,中信關鍵半導體,74,6,68,元大-和平,2023-12-26,9863
2382,廣達,64,1,63,元大-和平,2023-12-26,9863
2038,海光,60,0,60,元大-和平,2023-12-26,9863
8089,康全電訊,71,15,56,元大-和平,2023-12-26,9863
00934,中信成長高股息,53,0,53,元大-和平,2023-12-26,9863
00687B,國泰20年美債,34,0,34,元大-和平,2023-12-26,9863
2101,南港,30,0,30,元大-和平,2023-12-26,9863
2903,遠百,30,0,30,元大-和平,2023-12-26,9863
4167,松瑞藥,30,0,30,元大-和平,2023-12-26,9863
2337,旺宏,30,6,24,元大-和平,2023-12-26,9863
3694,海華,31,8,23,元大-和平,2023-12-26,9863
2405,輔信,39,16,23,元大-和平,2023-12-26,9863
1605,華新,24,2,22,元大-和平,2023-12-26,9863
6278,台表科,20,0,20,元大-和平,2023-12-26,9863
3217,優群,20,1,19,元大-和平,2023-12-26,9863
3689,湧德,19,0,19,元大-和平,2023-12-26,9863
8996,高力,20,1,19,元大-和平,2023-12-26,9863
3481,群創,75,59,16,元大-和平,2023-12-26,9863
2618,長榮航,15,0,15,元大-和平,2023-12-26,9863
00679B,元大美債20年,19,6,13,元大-和平,2023-12-26,9863
2362,藍天,15,2,13,元大-和平,2023-12-26,9863
8039,台虹,32,20,12,元大-和平,2023-12-26,9863
2610,華航,14,3,11,元大-和平,2023-12-26,9863
00915,凱基優選高股息30,11,0,11,元大-和平,2023-12-26,9863
2201,裕隆,11,0,11,元大-和平,2023-12-26,9863
00728,第一金工業30,10,0,10,元大-和平,2023-12-26,9863
1475,業旺,10,0,10,元大-和平,2023-12-26,9863
2929,淘帝-KY,10,0,10,元大-和平,2023-12-26,9863
4174,浩鼎,10,0,10,元大-和平,2023-12-26,9863
4906,正文,10,0,10,元大-和平,2023-12-26,9863
6237,驊訊,13,3,10,元大-和平,2023-12-26,9863
5236,凌陽創新,18,9,9,元大-和平,2023-12-26,9863
1760,寶齡富錦,9,0,9,元大-和平,2023-12-26,9863
3041,揚智,30,21,9,元大-和平,2023-12-26,9863
5521,工信,10,1,9,元大-和平,2023-12-26,9863
3324,雙鴻,8,0,8,元大-和平,2023-12-26,9863
00788B,元大10年IG電能債,8,0,8,元大-和平,2023-12-26,9863
2486,一詮,8,0,8,元大-和平,2023-12-26,9863
00929,復華台灣科技優息,32,24,8,元大-和平,2023-12-26,9863
3006,晶豪科,22,15,7,元大-和平,2023-12-26,9863
2332,友訊,7,0,7,元大-和平,2023-12-26,9863
6756,威鋒電子,7,0,7,元大-和平,2023-12-26,9863
8936,國統,6,0,6,元大-和平,2023-12-26,9863
00900,富邦特選高股息30,6,0,6,元大-和平,2023-12-26,9863
00637L,元大滬深300正2,1200,400,800,元大-和平,2023-12-27,9863
3231,緯創,625,7,618,元大-和平,2023-12-27,9863
00937B,群益ESG投等債20,134,0,134,元大-和平,2023-12-27,9863
2618,長榮航,105,13,92,元大-和平,2023-12-27,9863
3588,通嘉,96,21,75,元大-和平,2023-12-27,9863
8105,凌巨,79,5,74,元大-和平,2023-12-27,9863
00720B,元大投資級公司債,58,0,58,元大-和平,2023-12-27,9863
3694,海華,58,1,57,元大-和平,2023-12-27,9863
6116,彩晶,60,5,55,元大-和平,2023-12-27,9863
00679B,元大美債20年,48,1,47,元大-和平,2023-12-27,9863
6288,聯嘉,63,22,41,元大-和平,2023-12-27,9863
3036A,文曄甲特,40,0,40,元大-和平,2023-12-27,9863
3702A,大聯大甲特,40,0,40,元大-和平,2023-12-27,9863
00919,群益台灣精選高息,48,10,38,元大-和平,2023-12-27,9863
2317,鴻海,38,0,38,元大-和平,2023-12-27,9863
1603,華電,35,0,35,元大-和平,2023-12-27,9863
2405,輔信,53,18,35,元大-和平,2023-12-27,9863
00929,復華台灣科技優息,36,3,33,元大-和平,2023-12-27,9863
3376,新日興,41,18,23,元大-和平,2023-12-27,9863
2421,建準,23,1,22,元大-和平,2023-12-27,9863
8039,台虹,34,14,20,元大-和平,2023-12-27,9863
2903,遠百,20,0,20,元大-和平,2023-12-27,9863
8085,福華,27,7,20,元大-和平,2023-12-27,9863
8930,青鋼,20,0,20,元大-和平,2023-12-27,9863
2382,廣達,26,7,19,元大-和平,2023-12-27,9863
2949,欣新網,17,0,17,元大-和平,2023-12-27,9863
6257,矽格,16,0,16,元大-和平,2023-12-27,9863
6282,康舒,18,2,16,元大-和平,2023-12-27,9863
00632R,元大台灣50反1,15,0,15,元大-和平,2023-12-27,9863
00933B,國泰10Y+金融債,14,0,14,元大-和平,2023-12-27,9863
2027,大成鋼,13,0,13,元大-和平,2023-12-27,9863
2399,映泰,20,8,12,元大-和平,2023-12-27,9863
3548,兆利,18,6,12,元大-和平,2023-12-27,9863
2889,國票金,14,3,11,元大-和平,2023-12-27,9863
1312,國喬,15,4,11,元大-和平,2023-12-27,9863
6243,迅杰,35,24,11,元大-和平,2023-12-27,9863
00891,中信關鍵半導體,18,8,10,元大-和平,2023-12-27,9863
2883,凱基金,11,1,10,元大-和平,2023-12-27,9863
8112,至上,11,1,10,元大-和平,2023-12-27,9863
2449,京元電子,10,0,10,元大-和平,2023-12-27,9863
00673R,期元大S＆P原油反1,10,0,10,元大-和平,2023-12-27,9863
1532,勤美,10,0,10,元大-和平,2023-12-27,9863
1591,駿吉-KY,10,0,10,元大-和平,2023-12-27,9863
2327,國巨,10,0,10,元大-和平,2023-12-27,9863
3217,優群,10,0,10,元大-和平,2023-12-27,9863
1733,五鼎,11,2,9,元大-和平,2023-12-27,9863
2329,華泰,9,0,9,元大-和平,2023-12-27,9863
2929,淘帝-KY,9,0,9,元大-和平,2023-12-27,9863
6139,亞翔,10,1,9,元大-和平,2023-12-27,9863
2615,萬海,43,34,9,元大-和平,2023-12-27,9863
2303,聯電,403,65,338,元大-和平,2023-12-28,9863
00680L,元大美債20正2,226,0,226,元大-和平,2023-12-28,9863
00687B,國泰20年美債,201,0,201,元大-和平,2023-12-28,9863
9934,成霖,183,0,183,元大-和平,2023-12-28,9863
2353,宏��,126,59,67,元大-和平,2023-12-28,9863
2344,華邦電,89,26,63,元大-和平,2023-12-28,9863
00937B,群益ESG投等債20,58,6,52,元大-和平,2023-12-28,9863
3588,通嘉,67,22,45,元大-和平,2023-12-28,9863
3338,泰碩,64,27,37,元大-和平,2023-12-28,9863
2337,旺宏,75,39,36,元大-和平,2023-12-28,9863
2515,中工,30,0,30,元大-和平,2023-12-28,9863
3715,定穎投控,31,2,29,元大-和平,2023-12-28,9863
3694,海華,33,6,27,元大-和平,2023-12-28,9863
2486,一詮,25,0,25,元大-和平,2023-12-28,9863
3706,神達,53,29,24,元大-和平,2023-12-28,9863
2356,英業達,90,69,21,元大-和平,2023-12-28,9863
00725B,國泰投資級公司債,21,0,21,元大-和平,2023-12-28,9863
2498,宏達電,28,8,20,元大-和平,2023-12-28,9863
00673R,期元大S＆P原油反1,20,0,20,元大-和平,2023-12-28,9863
00701,國泰股利精選30,20,0,20,元大-和平,2023-12-28,9863
2634,漢翔,20,0,20,元大-和平,2023-12-28,9863
3491,昇達科,20,0,20,元大-和平,2023-12-28,9863
9105,泰金寶-DR,20,0,20,元大-和平,2023-12-28,9863
3189,景碩,18,0,18,元大-和平,2023-12-28,9863
6290,良維,17,1,16,元大-和平,2023-12-28,9863
2617,台航,16,0,16,元大-和平,2023-12-28,9863
2365,昆盈,21,5,16,元大-和平,2023-12-28,9863
4804,大略-KY,14,0,14,元大-和平,2023-12-28,9863
2607,榮運,25,11,14,元大-和平,2023-12-28,9863
5351,鈺創,17,4,13,元大-和平,2023-12-28,9863
2474,可成,23,10,13,元大-和平,2023-12-28,9863
00933B,國泰10Y+金融債,12,0,12,元大-和平,2023-12-28,9863
3264,欣銓,12,0,12,元大-和平,2023-12-28,9863
2615,萬海,20,8,12,元大-和平,2023-12-28,9863
2637,慧洋-KY,11,0,11,元大-和平,2023-12-28,9863
00751B,元大AAA至A公司債,10,0,10,元大-和平,2023-12-28,9863
2603,長榮,13,3,10,元大-和平,2023-12-28,9863
00900,富邦特選高股息30,10,0,10,元大-和平,2023-12-28,9863
2338,光罩,10,0,10,元大-和平,2023-12-28,9863
2347,聯強,10,0,10,元大-和平,2023-12-28,9863
2401,凌陽,10,0,10,元大-和平,2023-12-28,9863
2543,皇昌,10,0,10,元大-和平,2023-12-28,9863
2614,東森,20,10,10,元大-和平,2023-12-28,9863
4155,訊映,10,0,10,元大-和平,2023-12-28,9863
4174,浩鼎,10,0,10,元大-和平,2023-12-28,9863
8930,青鋼,10,0,10,元大-和平,2023-12-28,9863
1514,亞力,46,37,9,元大-和平,2023-12-28,9863
6147,頎邦,11,2,9,元大-和平,2023-12-28,9863
00934,中信成長高股息,12,3,9,元大-和平,2023-12-28,9863
2363,矽統,27,19,8,元大-和平,2023-12-28,9863
00632R,元大台灣50反1,250,0,250,元大-和平,2023-12-29,9863
2614,東森,120,0,120,元大-和平,2023-12-29,9863
00937B,群益ESG投等債20,119,1,118,元大-和平,2023-12-29,9863
3013,晟銘電,100,0,100,元大-和平,2023-12-29,9863
00679B,元大美債20年,65,10,55,元大-和平,2023-12-29,9863
2303,聯電,78,26,52,元大-和平,2023-12-29,9863
00688L,國泰20年美債正2,48,0,48,元大-和平,2023-12-29,9863
2353,宏��,56,12,44,元大-和平,2023-12-29,9863
1733,五鼎,54,11,43,元大-和平,2023-12-29,9863
9934,成霖,40,0,40,元大-和平,2023-12-29,9863
2610,華航,41,2,39,元大-和平,2023-12-29,9863
00929,復華台灣科技優息,56,22,34,元大-和平,2023-12-29,9863
1305,華夏,30,0,30,元大-和平,2023-12-29,9863
2474,可成,30,0,30,元大-和平,2023-12-29,9863
9945,潤泰新,25,0,25,元大-和平,2023-12-29,9863
00720B,元大投資級公司債,21,0,21,元大-和平,2023-12-29,9863
8938,明安,21,0,21,元大-和平,2023-12-29,9863
3390,旭軟,22,2,20,元大-和平,2023-12-29,9863
2344,華邦電,65,46,19,元大-和平,2023-12-29,9863
3588,通嘉,16,1,15,元大-和平,2023-12-29,9863
00725B,國泰投資級公司債,15,0,15,元大-和平,2023-12-29,9863
3006,晶豪科,61,47,14,元大-和平,2023-12-29,9863
3363,上詮,14,0,14,元大-和平,2023-12-29,9863
4128,中天,13,0,13,元大-和平,2023-12-29,9863
3260,威剛,15,4,11,元大-和平,2023-12-29,9863
2425,承啟,27,16,11,元大-和平,2023-12-29,9863
4174,浩鼎,11,0,11,元大-和平,2023-12-29,9863
4967,十銓,13,2,11,元大-和平,2023-12-29,9863
2201,裕隆,11,1,10,元大-和平,2023-12-29,9863
00918,大華優利高填息30,10,0,10,元大-和平,2023-12-29,9863
00882,中信中國高股息,10,0,10,元大-和平,2023-12-29,9863
2327,國巨,10,0,10,元大-和平,2023-12-29,9863
3669,圓展,10,0,10,元大-和平,2023-12-29,9863
6141,柏承,10,0,10,元大-和平,2023-12-29,9863
2439,美律,9,0,9,元大-和平,2023-12-29,9863
6533,晶心科,9,0,9,元大-和平,2023-12-29,9863
00738U,期元大道瓊白銀,8,0,8,元大-和平,2023-12-29,9863
2405,輔信,10,2,8,元大-和平,2023-12-29,9863
4550,長佳,8,0,8,元大-和平,2023-12-29,9863
912000,晨訊科-DR,10,2,8,元大-和平,2023-12-29,9863
5347,世界,9,1,8,元大-和平,2023-12-29,9863
6285,啟��,9,1,8,元大-和平,2023-12-29,9863
2630,亞航,7,0,7,元大-和平,2023-12-29,9863
2337,旺宏,8,1,7,元大-和平,2023-12-29,9863
3548,兆利,13,6,7,元大-和平,2023-12-29,9863
8081,致新,7,0,7,元大-和平,2023-12-29,9863
00687B,國泰20年美債,7,0,7,元大-和平,2023-12-29,9863
1808,潤隆,8,1,7,元大-和平,2023-12-29,9863
00715L,期街口布蘭特正2,21,15,6,元大-和平,2023-12-29,9863
00696B,富邦美債20年,6,0,6,元大-和平,2023-12-29,9863
00637L,元大滬深300正2,2715,0,2715,元大-和平,2024-01-02,9863
2888,新光金,102,0,102,元大-和平,2024-01-02,9863
2312,金寶,110,11,99,元大-和平,2024-01-02,9863
00679B,元大美債20年,96,0,96,元大-和平,2024-01-02,9863
1609,大亞,71,0,71,元大-和平,2024-01-02,9863
00937B,群益ESG投等債20,78,10,68,元大-和平,2024-01-02,9863
2609,陽明,150,84,66,元大-和平,2024-01-02,9863
2382,廣達,59,5,54,元大-和平,2024-01-02,9863
5515,建國,53,2,51,元大-和平,2024-01-02,9863
3231,緯創,75,25,50,元大-和平,2024-01-02,9863
3321,同泰,37,1,36,元大-和平,2024-01-02,9863
00919,群益台灣精選高息,66,32,34,元大-和平,2024-01-02,9863
2303,聯電,38,4,34,元大-和平,2024-01-02,9863
00751B,元大AAA至A公司債,30,0,30,元大-和平,2024-01-02,9863
1612,宏泰,32,2,30,元大-和平,2024-01-02,9863
2324,仁寶,56,27,29,元大-和平,2024-01-02,9863
5521,工信,32,5,27,元大-和平,2024-01-02,9863
3711,日月光投控,25,0,25,元大-和平,2024-01-02,9863
3006,晶豪科,25,1,24,元大-和平,2024-01-02,9863
8089,康全電訊,38,14,24,元大-和平,2024-01-02,9863
2605,新興,43,20,23,元大-和平,2024-01-02,9863
2352,佳世達,23,2,21,元大-和平,2024-01-02,9863
2903,遠百,20,0,20,元大-和平,2024-01-02,9863
2883,凱基金,20,2,18,元大-和平,2024-01-02,9863
00712,復華富時不動產,17,0,17,元大-和平,2024-01-02,9863
00933B,國泰10Y+金融債,16,0,16,元大-和平,2024-01-02,9863
00725B,國泰投資級公司債,15,0,15,元大-和平,2024-01-02,9863
2615,萬海,35,20,15,元大-和平,2024-01-02,9863
00934,中信成長高股息,15,0,15,元大-和平,2024-01-02,9863
00878,國泰永續高股息,21,7,14,元大-和平,2024-01-02,9863
2454,聯發科,14,0,14,元大-和平,2024-01-02,9863
00687B,國泰20年美債,13,1,12,元大-和平,2024-01-02,9863
00720B,元大投資級公司債,22,11,11,元大-和平,2024-01-02,9863
2890,永豐金,11,0,11,元大-和平,2024-01-02,9863
00930,永豐ESG低碳高息,10,0,10,元大-和平,2024-01-02,9863
3491,昇達科,10,0,10,元大-和平,2024-01-02,9863
6645,金萬林-創,10,0,10,元大-和平,2024-01-02,9863
8059,凱碩,10,0,10,元大-和平,2024-01-02,9863
2383,台光電,10,2,8,元大-和平,2024-01-02,9863
6770,力積電,10,2,8,元大-和平,2024-01-02,9863
4746,台耀,8,0,8,元大-和平,2024-01-02,9863
00633L,富邦上証正2,9,1,8,元大-和平,2024-01-02,9863
2031,新光鋼,8,0,8,元大-和平,2024-01-02,9863
2401,凌陽,9,1,8,元大-和平,2024-01-02,9863
2607,榮運,11,3,8,元大-和平,2024-01-02,9863
6477,安集,8,0,8,元大-和平,2024-01-02,9863
2357,華碩,8,0,8,元大-和平,2024-01-02,9863
00901,永豐智能車供應鏈,7,0,7,元大-和平,2024-01-02,9863
2313,華通,9,2,7,元大-和平,2024-01-02,9863
2409,友達,14,7,7,元大-和平,2024-01-02,9863
00637L,元大滬深300正2,302,0,302,元大-和平,2024-01-03,9863
3406,玉晶光,303,11,292,元大-和平,2024-01-03,9863
2888,新光金,150,0,150,元大-和平,2024-01-03,9863
2882,國泰金,97,0,97,元大-和平,2024-01-03,9863
2363,矽統,105,20,85,元大-和平,2024-01-03,9863
2614,東森,91,10,81,元大-和平,2024-01-03,9863
00929,復華台灣科技優息,79,6,73,元大-和平,2024-01-03,9863
2881,富邦金,69,0,69,元大-和平,2024-01-03,9863
00937B,群益ESG投等債20,72,5,67,元大-和平,2024-01-03,9863
0056,元大高股息,72,8,64,元大-和平,2024-01-03,9863
00919,群益台灣精選高息,74,10,64,元大-和平,2024-01-03,9863
00679B,元大美債20年,67,5,62,元大-和平,2024-01-03,9863
00632R,元大台灣50反1,152,102,50,元大-和平,2024-01-03,9863
00878,國泰永續高股息,51,6,45,元大-和平,2024-01-03,9863
3711,日月光投控,31,0,31,元大-和平,2024-01-03,9863
00715L,期街口布蘭特正2,31,0,31,元大-和平,2024-01-03,9863
2883,凱基金,31,0,31,元大-和平,2024-01-03,9863
3491,昇達科,31,0,31,元大-和平,2024-01-03,9863
00918,大華優利高填息30,30,0,30,元大-和平,2024-01-03,9863
2885,元大金,29,2,27,元大-和平,2024-01-03,9863
6108,競國,30,3,27,元大-和平,2024-01-03,9863
2324,仁寶,31,4,27,元大-和平,2024-01-03,9863
2330,台積電,32,6,26,元大-和平,2024-01-03,9863
2352,佳世達,27,3,24,元大-和平,2024-01-03,9863
1701,中化,25,1,24,元大-和平,2024-01-03,9863
00751B,元大AAA至A公司債,23,0,23,元大-和平,2024-01-03,9863
00687B,國泰20年美債,23,0,23,元大-和平,2024-01-03,9863
1301,台塑,21,0,21,元大-和平,2024-01-03,9863
2201,裕隆,21,0,21,元大-和平,2024-01-03,9863
00927,群益半導體收益,20,0,20,元大-和平,2024-01-03,9863
00923,群益台ESG低碳50,20,1,19,元大-和平,2024-01-03,9863
2408,南亞科,20,1,19,元大-和平,2024-01-03,9863
2615,萬海,45,27,18,元大-和平,2024-01-03,9863
1504,東元,18,0,18,元大-和平,2024-01-03,9863
2606,裕民,24,6,18,元大-和平,2024-01-03,9863
2618,長榮航,44,28,16,元大-和平,2024-01-03,9863
2641,正德,18,3,15,元大-和平,2024-01-03,9863
2002,中鋼,27,13,14,元大-和平,2024-01-03,9863
6695,芯鼎,18,4,14,元大-和平,2024-01-03,9863
00882,中信中國高股息,14,0,14,元大-和平,2024-01-03,9863
6645,金萬林-創,14,0,14,元大-和平,2024-01-03,9863
6282,康舒,16,3,13,元大-和平,2024-01-03,9863
2636,台驊控股,15,2,13,元大-和平,2024-01-03,9863
6770,力積電,12,0,12,元大-和平,2024-01-03,9863
00934,中信成長高股息,17,5,12,元大-和平,2024-01-03,9863
2345,智邦,14,2,12,元大-和平,2024-01-03,9863
9945,潤泰新,12,0,12,元大-和平,2024-01-03,9863
00655L,國泰中國A50正2,10,0,10,元大-和平,2024-01-03,9863
2637,慧洋-KY,10,0,10,元大-和平,2024-01-03,9863
2887,台新金,10,0,10,元大-和平,2024-01-03,9863
00637L,元大滬深300正2,2515,300,2215,元大-和平,2024-01-04,9863
00929,復華台灣科技優息,205,0,205,元大-和平,2024-01-04,9863
00679B,元大美債20年,133,8,125,元大-和平,2024-01-04,9863
2312,金寶,111,10,101,元大-和平,2024-01-04,9863
00937B,群益ESG投等債20,46,1,45,元大-和平,2024-01-04,9863
2353,宏��,61,20,41,元大-和平,2024-01-04,9863
2515,中工,40,2,38,元大-和平,2024-01-04,9863
2618,長榮航,87,49,38,元大-和平,2024-01-04,9863
6278,台表科,30,0,30,元大-和平,2024-01-04,9863
2049,上銀,30,3,27,元大-和平,2024-01-04,9863
2303,聯電,27,2,25,元大-和平,2024-01-04,9863
00795B,中信美國公債20年,25,0,25,元大-和平,2024-01-04,9863
00919,群益台灣精選高息,28,3,25,元大-和平,2024-01-04,9863
0056,元大高股息,25,2,23,元大-和平,2024-01-04,9863
1612,宏泰,22,1,21,元大-和平,2024-01-04,9863
3706,神達,25,5,20,元大-和平,2024-01-04,9863
00720B,元大投資級公司債,26,7,19,元大-和平,2024-01-04,9863
00878,國泰永續高股息,16,0,16,元大-和平,2024-01-04,9863
3217,優群,16,1,15,元大-和平,2024-01-04,9863
3325,旭品,15,0,15,元大-和平,2024-01-04,9863
5521,工信,15,0,15,元大-和平,2024-01-04,9863
6645,金萬林-創,15,0,15,元大-和平,2024-01-04,9863
2344,華邦電,17,3,14,元大-和平,2024-01-04,9863
2498,宏達電,14,0,14,元大-和平,2024-01-04,9863
1760,寶齡富錦,13,0,13,元大-和平,2024-01-04,9863
00927,群益半導體收益,13,0,13,元大-和平,2024-01-04,9863
2206,三陽工業,18,6,12,元大-和平,2024-01-04,9863
00738U,期元大道瓊白銀,11,0,11,元大-和平,2024-01-04,9863
00632R,元大台灣50反1,11,0,11,元大-和平,2024-01-04,9863
00688L,國泰20年美債正2,10,0,10,元大-和平,2024-01-04,9863
1305,華夏,10,0,10,元大-和平,2024-01-04,9863
2425,承啟,13,3,10,元大-和平,2024-01-04,9863
2520,冠德,12,2,10,元大-和平,2024-01-04,9863
2888,新光金,10,0,10,元大-和平,2024-01-04,9863
3019,亞光,17,7,10,元大-和平,2024-01-04,9863
6805,富世達,10,0,10,元大-和平,2024-01-04,9863
6835,圓裕,10,0,10,元大-和平,2024-01-04,9863
00751B,元大AAA至A公司債,12,3,9,元大-和平,2024-01-04,9863
2636,台驊控股,30,21,9,元大-和平,2024-01-04,9863
6667,信紘科,10,1,9,元大-和平,2024-01-04,9863
2454,聯發科,9,0,9,元大-和平,2024-01-04,9863
3380,明泰,10,2,8,元大-和平,2024-01-04,9863
00935,野村臺灣新科技50,12,4,8,元大-和平,2024-01-04,9863
2543,皇昌,8,0,8,元大-和平,2024-01-04,9863
2449,京元電子,8,1,7,元大-和平,2024-01-04,9863
2331,精英,7,0,7,元大-和平,2024-01-04,9863
3078,僑威,8,1,7,元大-和平,2024-01-04,9863
00921,兆豐龍頭等權重,7,0,7,元大-和平,2024-01-04,9863
2031,新光鋼,7,0,7,元大-和平,2024-01-04,9863
2401,凌陽,10,3,7,元大-和平,2024-01-04,9863
2881,富邦金,241,2,239,元大-和平,2024-01-05,9863
00687B,國泰20年美債,221,1,220,元大-和平,2024-01-05,9863
00937B,群益ESG投等債20,108,2,106,元大-和平,2024-01-05,9863
5608,四維航,106,1,105,元大-和平,2024-01-05,9863
2489,瑞軒,104,0,104,元大-和平,2024-01-05,9863
6282,康舒,68,1,67,元大-和平,2024-01-05,9863
2362,藍天,60,9,51,元大-和平,2024-01-05,9863
00919,群益台灣精選高息,55,8,47,元大-和平,2024-01-05,9863
6156,松上,45,0,45,元大-和平,2024-01-05,9863
2610,華航,39,0,39,元大-和平,2024-01-05,9863
8105,凌巨,67,31,36,元大-和平,2024-01-05,9863
2323,中環,33,0,33,元大-和平,2024-01-05,9863
00751B,元大AAA至A公司債,31,0,31,元大-和平,2024-01-05,9863
6141,柏承,30,0,30,元大-和平,2024-01-05,9863
2605,新興,43,14,29,元大-和平,2024-01-05,9863
2356,英業達,77,49,28,元大-和平,2024-01-05,9863
00679B,元大美債20年,42,15,27,元大-和平,2024-01-05,9863
00885,富邦越南,26,0,26,元大-和平,2024-01-05,9863
00927,群益半導體收益,26,0,26,元大-和平,2024-01-05,9863
8938,明安,26,4,22,元大-和平,2024-01-05,9863
1301,台塑,21,0,21,元大-和平,2024-01-05,9863
1609,大亞,20,0,20,元大-和平,2024-01-05,9863
3689,湧德,20,0,20,元大-和平,2024-01-05,9863
2352,佳世達,19,0,19,元大-和平,2024-01-05,9863
0056,元大高股息,24,6,18,元大-和平,2024-01-05,9863
2344,華邦電,18,1,17,元大-和平,2024-01-05,9863
3032,偉訓,26,11,15,元大-和平,2024-01-05,9863
2388,威盛,17,4,13,元大-和平,2024-01-05,9863
2330,台積電,15,2,13,元大-和平,2024-01-05,9863
00720B,元大投資級公司債,22,11,11,元大-和平,2024-01-05,9863
2353,宏��,24,13,11,元大-和平,2024-01-05,9863
00772B,中信高評級公司債,11,0,11,元大-和平,2024-01-05,9863
00725B,國泰投資級公司債,11,0,11,元大-和平,2024-01-05,9863
2486,一詮,18,7,11,元大-和平,2024-01-05,9863
6196,帆宣,10,0,10,元大-和平,2024-01-05,9863
3231,緯創,15,5,10,元大-和平,2024-01-05,9863
9945,潤泰新,10,0,10,元大-和平,2024-01-05,9863
2885,元大金,10,0,10,元大-和平,2024-01-05,9863
00752,中信中國50,10,0,10,元大-和平,2024-01-05,9863
3669,圓展,10,0,10,元大-和平,2024-01-05,9863
6284,佳邦,10,0,10,元大-和平,2024-01-05,9863
6667,信紘科,10,0,10,元大-和平,2024-01-05,9863
6275,元山,9,0,9,元大-和平,2024-01-05,9863
2915,潤泰全,9,0,9,元大-和平,2024-01-05,9863
8467,波力-KY,11,2,9,元大-和平,2024-01-05,9863
2368,金像電,12,3,9,元大-和平,2024-01-05,9863
2888,新光金,10,2,8,元大-和平,2024-01-05,9863
9919,康那香,10,2,8,元大-和平,2024-01-05,9863
00770,國泰北美科技,8,0,8,元大-和平,2024-01-05,9863
6278,台表科,10,2,8,元大-和平,2024-01-05,9863
00637L,元大滬深300正2,4427,0,4427,元大-和平,2024-01-08,9863
00929,復華台灣科技優息,451,1,450,元大-和平,2024-01-08,9863
00687B,國泰20年美債,187,1,186,元大-和平,2024-01-08,9863
00679B,元大美債20年,177,0,177,元大-和平,2024-01-08,9863
00937B,群益ESG投等債20,99,0,99,元大-和平,2024-01-08,9863
3689,湧德,90,0,90,元大-和平,2024-01-08,9863
2353,宏��,98,27,71,元大-和平,2024-01-08,9863
00934,中信成長高股息,57,0,57,元大-和平,2024-01-08,9863
6456,GIS-KY,66,10,56,元大-和平,2024-01-08,9863
2883,凱基金,52,0,52,元大-和平,2024-01-08,9863
6770,力積電,55,11,44,元大-和平,2024-01-08,9863
2505,國揚,35,0,35,元大-和平,2024-01-08,9863
00753L,中信中國50正2,34,0,34,元大-和平,2024-01-08,9863
00720B,元大投資級公司債,31,0,31,元大-和平,2024-01-08,9863
4746,台耀,32,2,30,元大-和平,2024-01-08,9863
2486,一詮,32,3,29,元大-和平,2024-01-08,9863
2317,鴻海,29,3,26,元大-和平,2024-01-08,9863
4961,天鈺,27,1,26,元大-和平,2024-01-08,9863
00904,新光臺灣半導體30,25,0,25,元大-和平,2024-01-08,9863
00725B,國泰投資級公司債,34,9,25,元大-和平,2024-01-08,9863
2382,廣達,44,20,24,元大-和平,2024-01-08,9863
3231,緯創,41,19,22,元大-和平,2024-01-08,9863
00751B,元大AAA至A公司債,27,5,22,元大-和平,2024-01-08,9863
2884,玉山金,23,1,22,元大-和平,2024-01-08,9863
00931B,統一美債20年,26,5,21,元大-和平,2024-01-08,9863
1809,中釉,21,0,21,元大-和平,2024-01-08,9863
2885,元大金,21,0,21,元大-和平,2024-01-08,9863
00927,群益半導體收益,20,0,20,元大-和平,2024-01-08,9863
2441,超豐,20,0,20,元大-和平,2024-01-08,9863
2890,永豐金,20,0,20,元大-和平,2024-01-08,9863
00919,群益台灣精選高息,63,43,20,元大-和平,2024-01-08,9863
2607,榮運,22,4,18,元大-和平,2024-01-08,9863
2618,長榮航,29,11,18,元大-和平,2024-01-08,9863
2303,聯電,19,2,17,元大-和平,2024-01-08,9863
3363,上詮,16,0,16,元大-和平,2024-01-08,9863
00712,復華富時不動產,16,0,16,元大-和平,2024-01-08,9863
2474,可成,16,0,16,元大-和平,2024-01-08,9863
8938,明安,16,0,16,元大-和平,2024-01-08,9863
2509,全坤建,15,0,15,元大-和平,2024-01-08,9863
3481,群創,62,48,14,元大-和平,2024-01-08,9863
6282,康舒,14,0,14,元大-和平,2024-01-08,9863
2537,聯上發,21,8,13,元大-和平,2024-01-08,9863
00752,中信中國50,12,0,12,元大-和平,2024-01-08,9863
2915,潤泰全,12,0,12,元大-和平,2024-01-08,9863
2401,凌陽,11,0,11,元大-和平,2024-01-08,9863
00915,凱基優選高股息30,10,0,10,元大-和平,2024-01-08,9863
2408,南亞科,12,2,10,元大-和平,2024-01-08,9863
3576,聯合再生,20,10,10,元大-和平,2024-01-08,9863
4956,光鋐,20,10,10,元大-和平,2024-01-08,9863
5222,全訊,10,0,10,元大-和平,2024-01-08,9863
00637L,元大滬深300正2,402,200,202,元大-和平,2024-01-09,9863
2614,東森,192,0,192,元大-和平,2024-01-09,9863
2312,金寶,176,0,176,元大-和平,2024-01-09,9863
2618,長榮航,123,2,121,元大-和平,2024-01-09,9863
2888,新光金,120,0,120,元大-和平,2024-01-09,9863
00751B,元大AAA至A公司債,92,0,92,元大-和平,2024-01-09,9863
00919,群益台灣精選高息,102,17,85,元大-和平,2024-01-09,9863
6116,彩晶,60,0,60,元大-和平,2024-01-09,9863
2356,英業達,57,5,52,元大-和平,2024-01-09,9863
00761B,國泰A級公司債,50,0,50,元大-和平,2024-01-09,9863
2609,陽明,65,15,50,元大-和平,2024-01-09,9863
1312,國喬,45,0,45,元大-和平,2024-01-09,9863
3032,偉訓,58,15,43,元大-和平,2024-01-09,9863
3714,富采,36,0,36,元大-和平,2024-01-09,9863
2323,中環,35,0,35,元大-和平,2024-01-09,9863
0056,元大高股息,35,1,34,元大-和平,2024-01-09,9863
00746B,富邦A級公司債,30,0,30,元大-和平,2024-01-09,9863
6278,台表科,30,0,30,元大-和平,2024-01-09,9863
2634,漢翔,30,2,28,元大-和平,2024-01-09,9863
6233,旺玖,47,19,28,元大-和平,2024-01-09,9863
3231,緯創,62,35,27,元大-和平,2024-01-09,9863
00715L,期街口布蘭特正2,26,1,25,元大-和平,2024-01-09,9863
2002,中鋼,25,0,25,元大-和平,2024-01-09,9863
4114,健喬,25,0,25,元大-和平,2024-01-09,9863
2615,萬海,31,8,23,元大-和平,2024-01-09,9863
2329,華泰,24,1,23,元大-和平,2024-01-09,9863
00878,國泰永續高股息,24,2,22,元大-和平,2024-01-09,9863
3689,湧德,22,0,22,元大-和平,2024-01-09,9863
00881,國泰台灣5G+,20,0,20,元大-和平,2024-01-09,9863
00725B,國泰投資級公司債,20,0,20,元大-和平,2024-01-09,9863
00904,新光臺灣半導體30,20,0,20,元大-和平,2024-01-09,9863
2855,統一證,20,0,20,元大-和平,2024-01-09,9863
2630,亞航,29,10,19,元大-和平,2024-01-09,9863
2101,南港,19,0,19,元大-和平,2024-01-09,9863
6282,康舒,19,1,18,元大-和平,2024-01-09,9863
2324,仁寶,26,8,18,元大-和平,2024-01-09,9863
00927,群益半導體收益,18,0,18,元大-和平,2024-01-09,9863
2610,華航,18,0,18,元大-和平,2024-01-09,9863
2308,台達電,17,0,17,元大-和平,2024-01-09,9863
3390,旭軟,25,9,16,元大-和平,2024-01-09,9863
3051,力特,15,0,15,元大-和平,2024-01-09,9863
1605,華新,15,1,14,元大-和平,2024-01-09,9863
4746,台耀,19,6,13,元大-和平,2024-01-09,9863
3576,聯合再生,13,0,13,元大-和平,2024-01-09,9863
6770,力積電,14,1,13,元大-和平,2024-01-09,9863
2605,新興,11,0,11,元大-和平,2024-01-09,9863
2201,裕隆,11,0,11,元大-和平,2024-01-09,9863
2014,中鴻,29,18,11,元大-和平,2024-01-09,9863
3035,智原,15,4,11,元大-和平,2024-01-09,9863
6196,帆宣,14,3,11,元大-和平,2024-01-09,9863
2614,東森,368,0,368,元大-和平,2024-01-10,9863
00746B,富邦A級公司債,220,0,220,元大-和平,2024-01-10,9863
2362,藍天,139,52,87,元大-和平,2024-01-10,9863
2610,華航,84,4,80,元大-和平,2024-01-10,9863
9934,成霖,126,76,50,元大-和平,2024-01-10,9863
00933B,國泰10Y+金融債,40,0,40,元大-和平,2024-01-10,9863
6278,台表科,40,0,40,元大-和平,2024-01-10,9863
5876,上海商銀,31,0,31,元大-和平,2024-01-10,9863
2609,陽明,59,28,31,元大-和平,2024-01-10,9863
4956,光鋐,63,36,27,元大-和平,2024-01-10,9863
2303,聯電,26,2,24,元大-和平,2024-01-10,9863
00900,富邦特選高股息30,22,0,22,元大-和平,2024-01-10,9863
1618,合機,21,0,21,元大-和平,2024-01-10,9863
2723,美食-KY,20,0,20,元大-和平,2024-01-10,9863
4207,環泰,20,0,20,元大-和平,2024-01-10,9863
2301,光寶科,19,0,19,元大-和平,2024-01-10,9863
00891,中信關鍵半導體,22,4,18,元大-和平,2024-01-10,9863
2855,統一證,15,0,15,元大-和平,2024-01-10,9863
5706,鳳凰,14,0,14,元大-和平,2024-01-10,9863
2888,新光金,14,0,14,元大-和平,2024-01-10,9863
6770,力積電,14,1,13,元大-和平,2024-01-10,9863
2388,威盛,16,3,13,元大-和平,2024-01-10,9863
00878,國泰永續高股息,34,21,13,元大-和平,2024-01-10,9863
3078,僑威,13,1,12,元大-和平,2024-01-10,9863
00753L,中信中國50正2,12,0,12,元大-和平,2024-01-10,9863
2885,元大金,11,0,11,元大-和平,2024-01-10,9863
8222,寶一,12,1,11,元大-和平,2024-01-10,9863
2607,榮運,16,5,11,元大-和平,2024-01-10,9863
2603,長榮,17,6,11,元大-和平,2024-01-10,9863
4909,新復興,24,14,10,元大-和平,2024-01-10,9863
2002,中鋼,10,0,10,元大-和平,2024-01-10,9863
2605,新興,20,10,10,元大-和平,2024-01-10,9863
3499,環天科,10,0,10,元大-和平,2024-01-10,9863
00904,新光臺灣半導體30,9,0,9,元大-和平,2024-01-10,9863
00937B,群益ESG投等債20,9,0,9,元大-和平,2024-01-10,9863
2891,中信金,16,7,9,元大-和平,2024-01-10,9863
8112,至上,8,0,8,元大-和平,2024-01-10,9863
3044,健鼎,8,0,8,元大-和平,2024-01-10,9863
6672,騰輝電子-KY,8,0,8,元大-和平,2024-01-10,9863
8938,明安,8,0,8,元大-和平,2024-01-10,9863
3032,偉訓,8,0,8,元大-和平,2024-01-10,9863
5309,系統電,7,0,7,元大-和平,2024-01-10,9863
2324,仁寶,10,3,7,元大-和平,2024-01-10,9863
2597,潤弘,7,0,7,元大-和平,2024-01-10,9863
00918,大華優利高填息30,7,0,7,元大-和平,2024-01-10,9863
6139,亞翔,10,3,7,元大-和平,2024-01-10,9863
2457,飛宏,18,11,7,元大-和平,2024-01-10,9863
3030,德律,7,0,7,元大-和平,2024-01-10,9863
00679B,元大美債20年,8,1,7,元大-和平,2024-01-10,9863
00927,群益半導體收益,7,0,7,元大-和平,2024-01-10,9863
00929,復華台灣科技優息,332,0,332,元大-和平,2024-01-11,9863
00688L,國泰20年美債正2,301,0,301,元大-和平,2024-01-11,9863
4956,光鋐,215,58,157,元大-和平,2024-01-11,9863
3105,穩懋,162,15,147,元大-和平,2024-01-11,9863
00719B,元大美債1-3,100,0,100,元大-和平,2024-01-11,9863
2903,遠百,80,0,80,元大-和平,2024-01-11,9863
9934,成霖,80,0,80,元大-和平,2024-01-11,9863
2101,南港,70,0,70,元大-和平,2024-01-11,9863
2610,華航,52,2,50,元大-和平,2024-01-11,9863
2317,鴻海,51,6,45,元大-和平,2024-01-11,9863
3036,文曄,63,18,45,元大-和平,2024-01-11,9863
00679B,元大美債20年,46,10,36,元大-和平,2024-01-11,9863
00882,中信中國高股息,35,0,35,元大-和平,2024-01-11,9863
2609,陽明,41,9,32,元大-和平,2024-01-11,9863
00687B,國泰20年美債,31,0,31,元大-和平,2024-01-11,9863
0056,元大高股息,32,1,31,元大-和平,2024-01-11,9863
00751B,元大AAA至A公司債,29,0,29,元大-和平,2024-01-11,9863
00891,中信關鍵半導體,28,0,28,元大-和平,2024-01-11,9863
2949,欣新網,24,0,24,元大-和平,2024-01-11,9863
2408,南亞科,21,0,21,元大-和平,2024-01-11,9863
2883,凱基金,21,0,21,元大-和平,2024-01-11,9863
9945,潤泰新,20,0,20,元大-和平,2024-01-11,9863
2498,宏達電,20,0,20,元大-和平,2024-01-11,9863
2449,京元電子,20,0,20,元大-和平,2024-01-11,9863
3264,欣銓,19,0,19,元大-和平,2024-01-11,9863
3712,永崴投控,18,0,18,元大-和平,2024-01-11,9863
6546,正基,23,5,18,元大-和平,2024-01-11,9863
00795B,中信美國公債20年,17,0,17,元大-和平,2024-01-11,9863
2312,金寶,20,3,17,元大-和平,2024-01-11,9863
8150,南茂,18,1,17,元大-和平,2024-01-11,9863
00927,群益半導體收益,16,0,16,元大-和平,2024-01-11,9863
2376,技嘉,30,15,15,元大-和平,2024-01-11,9863
2882,國泰金,15,1,14,元大-和平,2024-01-11,9863
3013,晟銘電,17,4,13,元大-和平,2024-01-11,9863
6894,衛司特,13,0,13,元大-和平,2024-01-11,9863
2303,聯電,22,10,12,元大-和平,2024-01-11,9863
2915,潤泰全,12,0,12,元大-和平,2024-01-11,9863
3033,威健,13,1,12,元大-和平,2024-01-11,9863
6706,惠特,12,0,12,元大-和平,2024-01-11,9863
2492,華新科,11,0,11,元大-和平,2024-01-11,9863
3481,群創,20,9,11,元大-和平,2024-01-11,9863
3588,通嘉,10,0,10,元大-和平,2024-01-11,9863
2641,正德,10,0,10,元大-和平,2024-01-11,9863
4906,正文,10,0,10,元大-和平,2024-01-11,9863
6141,柏承,10,0,10,元大-和平,2024-01-11,9863
3231,緯創,46,36,10,元大-和平,2024-01-11,9863
1504,東元,9,0,9,元大-和平,2024-01-11,9863
2353,宏��,18,9,9,元大-和平,2024-01-11,9863
2614,東森,9,0,9,元大-和平,2024-01-11,9863
2308,台達電,9,0,9,元大-和平,2024-01-11,9863
00637L,元大滬深300正2,412,210,202,元大-和平,2024-01-12,9863
9934,成霖,134,20,114,元大-和平,2024-01-12,9863
00719B,元大美債1-3,100,0,100,元大-和平,2024-01-12,9863
0056,元大高股息,75,0,75,元大-和平,2024-01-12,9863
2614,東森,61,0,61,元大-和平,2024-01-12,9863
3008,大立光,54,2,52,元大-和平,2024-01-12,9863
6695,芯鼎,60,22,38,元大-和平,2024-01-12,9863
6278,台表科,37,0,37,元大-和平,2024-01-12,9863
2515,中工,30,0,30,元大-和平,2024-01-12,9863
6141,柏承,30,0,30,元大-和平,2024-01-12,9863
2353,宏��,46,18,28,元大-和平,2024-01-12,9863
1101,台泥,32,4,28,元大-和平,2024-01-12,9863
2419,仲琦,26,0,26,元大-和平,2024-01-12,9863
3032,偉訓,30,7,23,元大-和平,2024-01-12,9863
2618,長榮航,38,16,22,元大-和平,2024-01-12,9863
2449,京元電子,22,1,21,元大-和平,2024-01-12,9863
3689,湧德,20,0,20,元大-和平,2024-01-12,9863
4906,正文,20,0,20,元大-和平,2024-01-12,9863
6213,聯茂,21,2,19,元大-和平,2024-01-12,9863
2949,欣新網,18,0,18,元大-和平,2024-01-12,9863
2887,台新金,18,0,18,元大-和平,2024-01-12,9863
00927,群益半導體收益,17,0,17,元大-和平,2024-01-12,9863
2885,元大金,16,0,16,元大-和平,2024-01-12,9863
4746,台耀,16,1,15,元大-和平,2024-01-12,9863
5706,鳳凰,15,0,15,元大-和平,2024-01-12,9863
6593,台灣銘板,32,17,15,元大-和平,2024-01-12,9863
00919,群益台灣精選高息,16,2,14,元大-和平,2024-01-12,9863
2915,潤泰全,14,0,14,元大-和平,2024-01-12,9863
00937B,群益ESG投等債20,13,0,13,元大-和平,2024-01-12,9863
2399,映泰,12,0,12,元大-和平,2024-01-12,9863
2892,第一金,12,0,12,元大-和平,2024-01-12,9863
4909,新復興,15,4,11,元大-和平,2024-01-12,9863
00904,新光臺灣半導體30,11,0,11,元大-和平,2024-01-12,9863
2634,漢翔,12,1,11,元大-和平,2024-01-12,9863
00918,大華優利高填息30,10,0,10,元大-和平,2024-01-12,9863
00632R,元大台灣50反1,11,1,10,元大-和平,2024-01-12,9863
2855,統一證,10,0,10,元大-和平,2024-01-12,9863
2881,富邦金,10,0,10,元大-和平,2024-01-12,9863
2327,國巨,10,0,10,元大-和平,2024-01-12,9863
6770,力積電,9,0,9,元大-和平,2024-01-12,9863
00878,國泰永續高股息,8,0,8,元大-和平,2024-01-12,9863
00712,復華富時不動產,8,0,8,元大-和平,2024-01-12,9863
00885,富邦越南,8,0,8,元大-和平,2024-01-12,9863
6535,順藥,8,0,8,元大-和平,2024-01-12,9863
9945,潤泰新,8,0,8,元大-和平,2024-01-12,9863
2388,威盛,14,7,7,元大-和平,2024-01-12,9863
2401,凌陽,11,4,7,元大-和平,2024-01-12,9863
2329,華泰,25,18,7,元大-和平,2024-01-12,9863
00891,中信關鍵半導體,6,0,6,元大-和平,2024-01-12,9863
00679B,元大美債20年,6,0,6,元大-和平,2024-01-12,9863
00687B,國泰20年美債,316,25,291,元大-和平,2024-01-15,9863
00919,群益台灣精選高息,108,14,94,元大-和平,2024-01-15,9863
2723,美食-KY,62,0,62,元大-和平,2024-01-15,9863
9958,世紀鋼,55,3,52,元大-和平,2024-01-15,9863
2324,仁寶,35,0,35,元大-和平,2024-01-15,9863
00937B,群益ESG投等債20,34,0,34,元大-和平,2024-01-15,9863
00927,群益半導體收益,30,1,29,元大-和平,2024-01-15,9863
00715L,期街口布蘭特正2,28,0,28,元大-和平,2024-01-15,9863
00881,國泰台灣5G+,28,0,28,元大-和平,2024-01-15,9863
5210,寶碩,25,0,25,元大-和平,2024-01-15,9863
2382,廣達,29,6,23,元大-和平,2024-01-15,9863
1524,耿鼎,22,1,21,元大-和平,2024-01-15,9863
2101,南港,20,0,20,元大-和平,2024-01-15,9863
2855,統一證,20,0,20,元大-和平,2024-01-15,9863
4804,大略-KY,20,0,20,元大-和平,2024-01-15,9863
1529,樂事綠能,35,16,19,元大-和平,2024-01-15,9863
2882,國泰金,17,0,17,元大-和平,2024-01-15,9863
3450,聯鈞,21,5,16,元大-和平,2024-01-15,9863
2317,鴻海,15,0,15,元大-和平,2024-01-15,9863
3006,晶豪科,25,10,15,元大-和平,2024-01-15,9863
1560,中砂,24,9,15,元大-和平,2024-01-15,9863
2505,國揚,15,0,15,元大-和平,2024-01-15,9863
9934,成霖,26,11,15,元大-和平,2024-01-15,9863
2344,華邦電,37,23,14,元大-和平,2024-01-15,9863
2887,台新金,13,0,13,元大-和平,2024-01-15,9863
3260,威剛,15,2,13,元大-和平,2024-01-15,9863
2731,雄獅,14,2,12,元大-和平,2024-01-15,9863
2748,雲品,12,0,12,元大-和平,2024-01-15,9863
4906,正文,24,12,12,元大-和平,2024-01-15,9863
2409,友達,17,6,11,元大-和平,2024-01-15,9863
00878,國泰永續高股息,13,2,11,元大-和平,2024-01-15,9863
00720B,元大投資級公司債,11,0,11,元大-和平,2024-01-15,9863
2356,英業達,18,7,11,元大-和平,2024-01-15,9863
2888,新光金,110,100,10,元大-和平,2024-01-15,9863
00751B,元大AAA至A公司債,10,0,10,元大-和平,2024-01-15,9863
2891,中信金,10,0,10,元大-和平,2024-01-15,9863
3712,永崴投控,10,0,10,元大-和平,2024-01-15,9863
6147,頎邦,12,2,10,元大-和平,2024-01-15,9863
8033,雷虎,10,0,10,元大-和平,2024-01-15,9863
8150,南茂,10,0,10,元大-和平,2024-01-15,9863
00632R,元大台灣50反1,20,11,9,元大-和平,2024-01-15,9863
2949,欣新網,9,0,9,元大-和平,2024-01-15,9863
00929,復華台灣科技優息,118,110,8,元大-和平,2024-01-15,9863
00679B,元大美債20年,8,0,8,元大-和平,2024-01-15,9863
3715,定穎投控,8,0,8,元大-和平,2024-01-15,9863
2329,華泰,24,16,8,元大-和平,2024-01-15,9863
2597,潤弘,8,0,8,元大-和平,2024-01-15,9863
2634,漢翔,19,12,7,元大-和平,2024-01-15,9863
1312,國喬,7,0,7,元大-和平,2024-01-15,9863
2002,中鋼,8,1,7,元大-和平,2024-01-15,9863
9904,寶成,808,0,808,元大-和平,2024-01-16,9863
2888,新光金,212,12,200,元大-和平,2024-01-16,9863
00929,復華台灣科技優息,246,82,164,元大-和平,2024-01-16,9863
9934,成霖,160,0,160,元大-和平,2024-01-16,9863
0056,元大高股息,135,6,129,元大-和平,2024-01-16,9863
2614,東森,120,0,120,元大-和平,2024-01-16,9863
2312,金寶,176,70,106,元大-和平,2024-01-16,9863
00919,群益台灣精選高息,113,30,83,元大-和平,2024-01-16,9863
00753L,中信中國50正2,82,0,82,元大-和平,2024-01-16,9863
2723,美食-KY,80,0,80,元大-和平,2024-01-16,9863
2881,富邦金,67,0,67,元大-和平,2024-01-16,9863
2882,國泰金,56,0,56,元大-和平,2024-01-16,9863
3231,緯創,64,11,53,元大-和平,2024-01-16,9863
1101,台泥,53,0,53,元大-和平,2024-01-16,9863
6233,旺玖,59,17,42,元大-和平,2024-01-16,9863
2609,陽明,57,18,39,元大-和平,2024-01-16,9863
1528,恩德,54,20,34,元大-和平,2024-01-16,9863
2101,南港,40,6,34,元大-和平,2024-01-16,9863
2903,遠百,30,0,30,元大-和平,2024-01-16,9863
6695,芯鼎,78,49,29,元大-和平,2024-01-16,9863
2002,中鋼,29,0,29,元大-和平,2024-01-16,9863
5876,上海商銀,26,0,26,元大-和平,2024-01-16,9863
1301,台塑,37,11,26,元大-和平,2024-01-16,9863
3623,富晶通,32,7,25,元大-和平,2024-01-16,9863
00882,中信中國高股息,46,22,24,元大-和平,2024-01-16,9863
2323,中環,24,0,24,元大-和平,2024-01-16,9863
2883,凱基金,25,1,24,元大-和平,2024-01-16,9863
2615,萬海,23,0,23,元大-和平,2024-01-16,9863
2486,一詮,45,25,20,元大-和平,2024-01-16,9863
1440,南紡,20,0,20,元大-和平,2024-01-16,9863
2377,微星,30,10,20,元大-和平,2024-01-16,9863
00679B,元大美債20年,21,2,19,元大-和平,2024-01-16,9863
00878,國泰永續高股息,19,0,19,元大-和平,2024-01-16,9863
2412,中華電,17,0,17,元大-和平,2024-01-16,9863
00770,國泰北美科技,17,0,17,元大-和平,2024-01-16,9863
3363,上詮,21,5,16,元大-和平,2024-01-16,9863
00881,國泰台灣5G+,18,2,16,元大-和平,2024-01-16,9863
00720B,元大投資級公司債,30,15,15,元大-和平,2024-01-16,9863
2317,鴻海,15,0,15,元大-和平,2024-01-16,9863
00725B,國泰投資級公司債,15,0,15,元大-和平,2024-01-16,9863
2467,志聖,15,0,15,元大-和平,2024-01-16,9863
2867,三商壽,15,0,15,元大-和平,2024-01-16,9863
5210,寶碩,15,0,15,元大-和平,2024-01-16,9863
8150,南茂,16,1,15,元大-和平,2024-01-16,9863
1732,毛寶,16,1,15,元大-和平,2024-01-16,9863
2371,大同,15,1,14,元大-和平,2024-01-16,9863
1605,華新,18,4,14,元大-和平,2024-01-16,9863
6279,胡連,14,0,14,元大-和平,2024-01-16,9863
9945,潤泰新,22,9,13,元大-和平,2024-01-16,9863
2606,裕民,14,1,13,元大-和平,2024-01-16,9863
00637L,元大滬深300正2,910,10,900,元大-和平,2024-01-17,9863
0056,元大高股息,412,6,406,元大-和平,2024-01-17,9863
9904,寶成,380,10,370,元大-和平,2024-01-17,9863
2881,富邦金,134,0,134,元大-和平,2024-01-17,9863
2888,新光金,101,7,94,元大-和平,2024-01-17,9863
00929,復華台灣科技優息,99,6,93,元大-和平,2024-01-17,9863
2614,東森,90,0,90,元大-和平,2024-01-17,9863
6278,台表科,83,0,83,元大-和平,2024-01-17,9863
00882,中信中國高股息,51,0,51,元大-和平,2024-01-17,9863
2603,長榮,45,3,42,元大-和平,2024-01-17,9863
6770,力積電,41,1,40,元大-和平,2024-01-17,9863
2329,華泰,69,33,36,元大-和平,2024-01-17,9863
00679B,元大美債20年,38,1,37,元大-和平,2024-01-17,9863
2723,美食-KY,31,1,30,元大-和平,2024-01-17,9863
3231,緯創,82,53,29,元大-和平,2024-01-17,9863
00904,新光臺灣半導體30,29,0,29,元大-和平,2024-01-17,9863
2633,台灣高鐵,27,0,27,元大-和平,2024-01-17,9863
2882,國泰金,26,0,26,元大-和平,2024-01-17,9863
1605,華新,36,10,26,元大-和平,2024-01-17,9863
9945,潤泰新,26,0,26,元大-和平,2024-01-17,9863
1101,台泥,25,0,25,元大-和平,2024-01-17,9863
6712,長聖,25,0,25,元大-和平,2024-01-17,9863
8938,明安,25,0,25,元大-和平,2024-01-17,9863
0050,元大台灣50,25,1,24,元大-和平,2024-01-17,9863
2883,凱基金,27,3,24,元大-和平,2024-01-17,9863
2002,中鋼,24,0,24,元大-和平,2024-01-17,9863
2892,第一金,23,0,23,元大-和平,2024-01-17,9863
00878,國泰永續高股息,41,18,23,元大-和平,2024-01-17,9863
2344,華邦電,33,12,21,元大-和平,2024-01-17,9863
2101,南港,21,0,21,元大-和平,2024-01-17,9863
3491,昇達科,20,0,20,元大-和平,2024-01-17,9863
2949,欣新網,18,0,18,元大-和平,2024-01-17,9863
00770,國泰北美科技,17,0,17,元大-和平,2024-01-17,9863
2409,友達,29,13,16,元大-和平,2024-01-17,9863
2377,微星,15,0,15,元大-和平,2024-01-17,9863
00935,野村臺灣新科技50,15,0,15,元大-和平,2024-01-17,9863
2801,彰銀,15,0,15,元大-和平,2024-01-17,9863
00937B,群益ESG投等債20,15,0,15,元大-和平,2024-01-17,9863
00671R,富邦NASDAQ反1,15,0,15,元大-和平,2024-01-17,9863
2855,統一證,15,0,15,元大-和平,2024-01-17,9863
00927,群益半導體收益,15,0,15,元大-和平,2024-01-17,9863
2618,長榮航,24,10,14,元大-和平,2024-01-17,9863
5706,鳳凰,14,0,14,元大-和平,2024-01-17,9863
2884,玉山金,13,0,13,元大-和平,2024-01-17,9863
2356,英業達,18,6,12,元大-和平,2024-01-17,9863
00902,中信電池及儲能,12,0,12,元大-和平,2024-01-17,9863
4919,新唐,11,0,11,元大-和平,2024-01-17,9863
6451,訊芯-KY,16,6,10,元大-和平,2024-01-17,9863
00648R,元大S＆P500反1,10,0,10,元大-和平,2024-01-17,9863
2104,國際中橡,10,0,10,元大-和平,2024-01-17,9863
00637L,元大滬深300正2,2735,1405,1330,元大-和平,2024-01-18,9863
0056,元大高股息,276,0,276,元大-和平,2024-01-18,9863
00882,中信中國高股息,121,0,121,元大-和平,2024-01-18,9863
00937B,群益ESG投等債20,104,0,104,元大-和平,2024-01-18,9863
9934,成霖,90,0,90,元大-和平,2024-01-18,9863
9904,寶成,75,0,75,元大-和平,2024-01-18,9863
00878,國泰永續高股息,71,9,62,元大-和平,2024-01-18,9863
00929,復華台灣科技優息,68,6,62,元大-和平,2024-01-18,9863
00919,群益台灣精選高息,132,77,55,元大-和平,2024-01-18,9863
2303,聯電,42,7,35,元大-和平,2024-01-18,9863
00891,中信關鍵半導體,32,0,32,元大-和平,2024-01-18,9863
8112,至上,29,1,28,元大-和平,2024-01-18,9863
00680L,元大美債20正2,27,0,27,元大-和平,2024-01-18,9863
2885,元大金,26,0,26,元大-和平,2024-01-18,9863
00753L,中信中國50正2,31,5,26,元大-和平,2024-01-18,9863
2382,廣達,41,16,25,元大-和平,2024-01-18,9863
00900,富邦特選高股息30,25,0,25,元大-和平,2024-01-18,9863
2949,欣新網,25,0,25,元大-和平,2024-01-18,9863
6667,信紘科,49,25,24,元大-和平,2024-01-18,9863
4960,誠美材,32,10,22,元大-和平,2024-01-18,9863
2882,國泰金,22,0,22,元大-和平,2024-01-18,9863
00655L,國泰中國A50正2,20,0,20,元大-和平,2024-01-18,9863
00712,復華富時不動產,20,0,20,元大-和平,2024-01-18,9863
2405,輔信,20,1,19,元大-和平,2024-01-18,9863
6243,迅杰,29,11,18,元大-和平,2024-01-18,9863
3027,盛達,18,0,18,元大-和平,2024-01-18,9863
6139,亞翔,22,5,17,元大-和平,2024-01-18,9863
1101,台泥,16,0,16,元大-和平,2024-01-18,9863
2101,南港,16,0,16,元大-和平,2024-01-18,9863
1605,華新,15,0,15,元大-和平,2024-01-18,9863
6706,惠特,15,0,15,元大-和平,2024-01-18,9863
00733,富邦臺灣中小,14,0,14,元大-和平,2024-01-18,9863
2884,玉山金,12,0,12,元大-和平,2024-01-18,9863
3231,緯創,44,33,11,元大-和平,2024-01-18,9863
00902,中信電池及儲能,11,0,11,元大-和平,2024-01-18,9863
2201,裕隆,11,0,11,元大-和平,2024-01-18,9863
00915,凱基優選高股息30,11,0,11,元大-和平,2024-01-18,9863
5871,中租-KY,11,0,11,元大-和平,2024-01-18,9863
2327,國巨,12,2,10,元大-和平,2024-01-18,9863
1785,光洋科,10,0,10,元大-和平,2024-01-18,9863
5439,高技,15,5,10,元大-和平,2024-01-18,9863
1303,南亞,9,0,9,元大-和平,2024-01-18,9863
8936,國統,11,2,9,元大-和平,2024-01-18,9863
2457,飛宏,10,1,9,元大-和平,2024-01-18,9863
2888,新光金,9,0,9,元大-和平,2024-01-18,9863
3437,榮創,9,0,9,元大-和平,2024-01-18,9863
8011,台通,9,0,9,元大-和平,2024-01-18,9863
2887,台新金,9,0,9,元大-和平,2024-01-18,9863
2002,中鋼,8,0,8,元大-和平,2024-01-18,9863
6770,力積電,8,0,8,元大-和平,2024-01-18,9863
00919,群益台灣精選高息,93,26,67,元大-和平,2024-01-19,9863
3689,湧德,56,0,56,元大-和平,2024-01-19,9863
00632R,元大台灣50反1,51,1,50,元大-和平,2024-01-19,9863
2614,東森,50,0,50,元大-和平,2024-01-19,9863
2344,華邦電,52,3,49,元大-和平,2024-01-19,9863
00751B,元大AAA至A公司債,47,0,47,元大-和平,2024-01-19,9863
4906,正文,45,0,45,元大-和平,2024-01-19,9863
6285,啟��,47,5,42,元大-和平,2024-01-19,9863
2303,聯電,65,27,38,元大-和平,2024-01-19,9863
00878,國泰永續高股息,38,0,38,元大-和平,2024-01-19,9863
00882,中信中國高股息,37,1,36,元大-和平,2024-01-19,9863
00937B,群益ESG投等債20,36,0,36,元大-和平,2024-01-19,9863
2409,友達,44,9,35,元大-和平,2024-01-19,9863
00701,國泰股利精選30,31,0,31,元大-和平,2024-01-19,9863
00687B,國泰20年美債,161,130,31,元大-和平,2024-01-19,9863
6901,鑽石投資,30,0,30,元大-和平,2024-01-19,9863
6706,惠特,26,0,26,元大-和平,2024-01-19,9863
00770,國泰北美科技,25,0,25,元大-和平,2024-01-19,9863
2618,長榮航,43,20,23,元大-和平,2024-01-19,9863
3706,神達,36,12,24,元大-和平,2024-01-19,9863
2610,華航,26,3,23,元大-和平,2024-01-19,9863
00680L,元大美債20正2,25,2,23,元大-和平,2024-01-19,9863
2883,凱基金,22,0,22,元大-和平,2024-01-19,9863
2353,宏��,60,40,20,元大-和平,2024-01-19,9863
2882,國泰金,25,5,20,元大-和平,2024-01-19,9863
3032,偉訓,22,3,19,元大-和平,2024-01-19,9863
0050,元大台灣50,26,7,19,元大-和平,2024-01-19,9863
00830,國泰費城半導體,18,0,18,元大-和平,2024-01-19,9863
2949,欣新網,18,0,18,元大-和平,2024-01-19,9863
006208,富邦台50,20,3,17,元大-和平,2024-01-19,9863
00688L,國泰20年美債正2,21,5,16,元大-和平,2024-01-19,9863
2338,光罩,16,0,16,元大-和平,2024-01-19,9863
1727,中華化,15,0,15,元大-和平,2024-01-19,9863
4953,緯軟,14,0,14,元大-和平,2024-01-19,9863
00725B,國泰投資級公司債,14,0,14,元大-和平,2024-01-19,9863
2515,中工,14,0,14,元大-和平,2024-01-19,9863
1514,亞力,17,4,13,元大-和平,2024-01-19,9863
00753L,中信中國50正2,13,0,13,元大-和平,2024-01-19,9863
1101,台泥,12,0,12,元大-和平,2024-01-19,9863
2377,微星,17,5,12,元大-和平,2024-01-19,9863
00720B,元大投資級公司債,15,4,11,元大-和平,2024-01-19,9863
00902,中信電池及儲能,11,0,11,元大-和平,2024-01-19,9863
5443,均豪,13,2,11,元大-和平,2024-01-19,9863
2888,新光金,11,1,10,元大-和平,2024-01-19,9863
3035,智原,21,11,10,元大-和平,2024-01-19,9863
00752,中信中國50,10,0,10,元大-和平,2024-01-19,9863
00931B,統一美債20年,10,0,10,元大-和平,2024-01-19,9863
2412,中華電,10,0,10,元大-和平,2024-01-19,9863
2530,華建,10,0,10,元大-和平,2024-01-19,9863
2641,正德,10,0,10,元大-和平,2024-01-19,9863
2883,凱基金,2039,0,2039,元大-和平,2024-01-22,9863
00632R,元大台灣50反1,215,5,210,元大-和平,2024-01-22,9863
00882,中信中國高股息,139,0,139,元大-和平,2024-01-22,9863
00933B,國泰10Y+金融債,100,0,100,元大-和平,2024-01-22,9863
00878,國泰永續高股息,149,56,93,元大-和平,2024-01-22,9863
4906,正文,103,34,69,元大-和平,2024-01-22,9863
1101,台泥,56,0,56,元大-和平,2024-01-22,9863
1217,愛之味,55,0,55,元大-和平,2024-01-22,9863
00898,國泰基因免疫革命,50,0,50,元大-和平,2024-01-22,9863
2618,長榮航,72,24,48,元大-和平,2024-01-22,9863
00679B,元大美債20年,47,0,47,元大-和平,2024-01-22,9863
00757,統一FANG+,45,0,45,元大-和平,2024-01-22,9863
2885,元大金,52,9,43,元大-和平,2024-01-22,9863
00762,元大全球AI,40,0,40,元大-和平,2024-01-22,9863
5483,中美晶,35,0,35,元大-和平,2024-01-22,9863
2634,漢翔,31,0,31,元大-和平,2024-01-22,9863
6218,豪勉,31,0,31,元大-和平,2024-01-22,9863
6625,必應,60,30,30,元大-和平,2024-01-22,9863
00753L,中信中國50正2,63,35,28,元大-和平,2024-01-22,9863
3481,群創,51,24,27,元大-和平,2024-01-22,9863
00937B,群益ESG投等債20,24,0,24,元大-和平,2024-01-22,9863
1301,台塑,24,3,21,元大-和平,2024-01-22,9863
00733,富邦臺灣中小,21,0,21,元大-和平,2024-01-22,9863
2892,第一金,21,0,21,元大-和平,2024-01-22,9863
4129,聯合,30,9,21,元大-和平,2024-01-22,9863
2723,美食-KY,28,8,20,元大-和平,2024-01-22,9863
4746,台耀,22,2,20,元大-和平,2024-01-22,9863
2891,中信金,20,1,19,元大-和平,2024-01-22,9863
00927,群益半導體收益,18,1,17,元大-和平,2024-01-22,9863
00850,元大臺灣ESG永續,20,3,17,元大-和平,2024-01-22,9863
2317,鴻海,17,0,17,元大-和平,2024-01-22,9863
2101,南港,16,0,16,元大-和平,2024-01-22,9863
8938,明安,16,0,16,元大-和平,2024-01-22,9863
2316,楠梓電,18,3,15,元大-和平,2024-01-22,9863
6906,現觀科,15,0,15,元大-和平,2024-01-22,9863
6285,啟��,14,0,14,元大-和平,2024-01-22,9863
6863,永道-KY,14,0,14,元大-和平,2024-01-22,9863
00830,國泰費城半導體,13,0,13,元大-和平,2024-01-22,9863
00738U,期元大道瓊白銀,13,0,13,元大-和平,2024-01-22,9863
3305,昇貿,23,10,13,元大-和平,2024-01-22,9863
5321,美而快,12,0,12,元大-和平,2024-01-22,9863
6125,廣運,14,2,12,元大-和平,2024-01-22,9863
3227,原相,14,2,12,元大-和平,2024-01-22,9863
4743,合一,12,0,12,元大-和平,2024-01-22,9863
00715L,期街口布蘭特正2,11,0,11,元大-和平,2024-01-22,9863
00671R,富邦NASDAQ反1,11,0,11,元大-和平,2024-01-22,9863
5009,榮剛,11,0,11,元大-和平,2024-01-22,9863
9958,世紀鋼,18,7,11,元大-和平,2024-01-22,9863
00652,富邦印度,10,0,10,元大-和平,2024-01-22,9863
00751B,元大AAA至A公司債,10,0,10,元大-和平,2024-01-22,9863
00632R,元大台灣50反1,440,0,440,元大-和平,2024-01-23,9863
00637L,元大滬深300正2,1370,1050,320,元大-和平,2024-01-23,9863
6116,彩晶,151,48,103,元大-和平,2024-01-23,9863
2891,中信金,64,2,62,元大-和平,2024-01-23,9863
00753L,中信中國50正2,50,6,44,元大-和平,2024-01-23,9863
2323,中環,40,0,40,元大-和平,2024-01-23,9863
5426,振發,89,56,33,元大-和平,2024-01-23,9863
6456,GIS-KY,33,0,33,元大-和平,2024-01-23,9863
3615,安可,32,11,21,元大-和平,2024-01-23,9863
1701,中化,20,0,20,元大-和平,2024-01-23,9863
3583,辛耘,20,0,20,元大-和平,2024-01-23,9863
2330,台積電,30,11,19,元大-和平,2024-01-23,9863
3576,聯合再生,20,1,19,元大-和平,2024-01-23,9863
3689,湧德,39,20,19,元大-和平,2024-01-23,9863
2421,建準,25,7,18,元大-和平,2024-01-23,9863
3227,原相,19,2,17,元大-和平,2024-01-23,9863
4109,加捷生醫,19,2,17,元大-和平,2024-01-23,9863
00679B,元大美債20年,16,0,16,元大-和平,2024-01-23,9863
00715L,期街口布蘭特正2,18,4,14,元大-和平,2024-01-23,9863
00751B,元大AAA至A公司債,13,0,13,元大-和平,2024-01-23,9863
9105,泰金寶-DR,20,7,13,元大-和平,2024-01-23,9863
2345,智邦,14,1,13,元大-和平,2024-01-23,9863
00933B,國泰10Y+金融債,12,0,12,元大-和平,2024-01-23,9863
3035,智原,19,8,11,元大-和平,2024-01-23,9863
2344,華邦電,18,7,11,元大-和平,2024-01-23,9863
2368,金像電,13,3,10,元大-和平,2024-01-23,9863
00878,國泰永續高股息,66,56,10,元大-和平,2024-01-23,9863
00891,中信關鍵半導體,10,0,10,元大-和平,2024-01-23,9863
2906,高林,10,0,10,元大-和平,2024-01-23,9863
3622,洋華,13,3,10,元大-和平,2024-01-23,9863
4726,永昕,10,0,10,元大-和平,2024-01-23,9863
6509,聚和,10,0,10,元大-和平,2024-01-23,9863
3363,上詮,33,23,10,元大-和平,2024-01-23,9863
3694,海華,22,13,9,元大-和平,2024-01-23,9863
4968,立積,11,2,9,元大-和平,2024-01-23,9863
3217,優群,9,0,9,元大-和平,2024-01-23,9863
4909,新復興,14,5,9,元大-和平,2024-01-23,9863
3715,定穎投控,14,6,8,元大-和平,2024-01-23,9863
2449,京元電子,9,1,8,元大-和平,2024-01-23,9863
00885,富邦越南,7,0,7,元大-和平,2024-01-23,9863
00633L,富邦上証正2,7,0,7,元大-和平,2024-01-23,9863
00673R,期元大S＆P原油反1,7,0,7,元大-和平,2024-01-23,9863
00937B,群益ESG投等債20,7,0,7,元大-和平,2024-01-23,9863
8011,台通,7,0,7,元大-和平,2024-01-23,9863
2609,陽明,12,6,6,元大-和平,2024-01-23,9863
2002,中鋼,8,2,6,元大-和平,2024-01-23,9863
1813,寶利徠,6,0,6,元大-和平,2024-01-23,9863
2887,台新金,12,6,6,元大-和平,2024-01-23,9863
4953,緯軟,6,0,6,元大-和平,2024-01-23,9863
3265,台星科,10,4,6,元大-和平,2024-01-23,9863
00637L,元大滬深300正2,3518,20,3498,元大-和平,2024-01-24,9863
00632R,元大台灣50反1,205,100,105,元大-和平,2024-01-24,9863
00712,復華富時不動產,101,0,101,元大-和平,2024-01-24,9863
6005,群益證,100,0,100,元大-和平,2024-01-24,9863
2356,英業達,92,30,62,元大-和平,2024-01-24,9863
00753L,中信中國50正2,59,6,53,元大-和平,2024-01-24,9863
00679B,元大美債20年,50,0,50,元大-和平,2024-01-24,9863
00687B,國泰20年美債,46,0,46,元大-和平,2024-01-24,9863
2303,聯電,50,7,43,元大-和平,2024-01-24,9863
00937B,群益ESG投等債20,40,0,40,元大-和平,2024-01-24,9863
00929,復華台灣科技優息,42,3,39,元大-和平,2024-01-24,9863
2882,國泰金,35,0,35,元大-和平,2024-01-24,9863
2409,友達,39,5,34,元大-和平,2024-01-24,9863
00882,中信中國高股息,30,3,27,元大-和平,2024-01-24,9863
00919,群益台灣精選高息,30,4,26,元大-和平,2024-01-24,9863
1218,泰山,26,0,26,元大-和平,2024-01-24,9863
2369,菱生,150,124,26,元大-和平,2024-01-24,9863
3231,緯創,42,17,25,元大-和平,2024-01-24,9863
2317,鴻海,20,0,20,元大-和平,2024-01-24,9863
2329,華泰,33,13,20,元大-和平,2024-01-24,9863
2891,中信金,20,0,20,元大-和平,2024-01-24,9863
2634,漢翔,22,2,20,元大-和平,2024-01-24,9863
00751B,元大AAA至A公司債,18,0,18,元大-和平,2024-01-24,9863
2324,仁寶,18,3,15,元大-和平,2024-01-24,9863
9945,潤泰新,26,11,15,元大-和平,2024-01-24,9863
00933B,國泰10Y+金融債,14,0,14,元大-和平,2024-01-24,9863
00752,中信中國50,13,0,13,元大-和平,2024-01-24,9863
2359,所羅門,17,4,13,元大-和平,2024-01-24,9863
8027,鈦昇,17,4,13,元大-和平,2024-01-24,9863
6239,力成,13,1,12,元大-和平,2024-01-24,9863
4953,緯軟,13,1,12,元大-和平,2024-01-24,9863
6233,旺玖,42,31,11,元大-和平,2024-01-24,9863
00857B,永豐20年美公債,11,0,11,元大-和平,2024-01-24,9863
00720B,元大投資級公司債,11,0,11,元大-和平,2024-01-24,9863
2812,台中銀,11,0,11,元大-和平,2024-01-24,9863
1609,大亞,10,0,10,元大-和平,2024-01-24,9863
1909,榮成,10,0,10,元大-和平,2024-01-24,9863
2347,聯強,13,3,10,元大-和平,2024-01-24,9863
8043,蜜望實,10,0,10,元大-和平,2024-01-24,9863
4714,永捷,10,1,9,元大-和平,2024-01-24,9863
8050,廣積,10,1,9,元大-和平,2024-01-24,9863
3260,威剛,11,3,8,元大-和平,2024-01-24,9863
00633L,富邦上証正2,8,0,8,元大-和平,2024-01-24,9863
1785,光洋科,8,0,8,元大-和平,2024-01-24,9863
2474,可成,8,0,8,元大-和平,2024-01-24,9863
3437,榮創,11,3,8,元大-和平,2024-01-24,9863
5425,台半,8,0,8,元大-和平,2024-01-24,9863
2887,台新金,8,0,8,元大-和平,2024-01-24,9863
5469,瀚宇博,7,0,7,元大-和平,2024-01-24,9863
6284,佳邦,7,0,7,元大-和平,2024-01-24,9863
2882,國泰金,468,1,467,元大-和平,2024-01-25,9863
00937B,群益ESG投等債20,109,0,109,元大-和平,2024-01-25,9863
00919,群益台灣精選高息,121,31,90,元大-和平,2024-01-25,9863
00856B,永豐1-3年美公債,50,0,50,元大-和平,2024-01-25,9863
00719B,元大美債1-3,50,0,50,元大-和平,2024-01-25,9863
8096,擎亞,107,64,43,元大-和平,2024-01-25,9863
9934,成霖,40,0,40,元大-和平,2024-01-25,9863
5439,高技,45,10,35,元大-和平,2024-01-25,9863
2356,英業達,86,53,33,元大-和平,2024-01-25,9863
00933B,國泰10Y+金融債,32,0,32,元大-和平,2024-01-25,9863
2887,台新金,31,0,31,元大-和平,2024-01-25,9863
00687B,國泰20年美債,131,101,30,元大-和平,2024-01-25,9863
1609,大亞,30,0,30,元大-和平,2024-01-25,9863
2609,陽明,49,20,29,元大-和平,2024-01-25,9863
3689,湧德,47,20,27,元大-和平,2024-01-25,9863
1218,泰山,24,0,24,元大-和平,2024-01-25,9863
2890,永豐金,21,0,21,元大-和平,2024-01-25,9863
00636,國泰中國A50,20,0,20,元大-和平,2024-01-25,9863
00701,國泰股利精選30,20,0,20,元大-和平,2024-01-25,9863
2886,兆豐金,20,0,20,元大-和平,2024-01-25,9863
5460,同協,20,0,20,元大-和平,2024-01-25,9863
3312,弘憶股,20,0,20,元大-和平,2024-01-25,9863
00720B,元大投資級公司債,19,0,19,元大-和平,2024-01-25,9863
2365,昆盈,42,23,19,元大-和平,2024-01-25,9863
00751B,元大AAA至A公司債,18,0,18,元大-和平,2024-01-25,9863
2329,華泰,49,33,16,元大-和平,2024-01-25,9863
00680L,元大美債20正2,15,0,15,元大-和平,2024-01-25,9863
2313,華通,17,2,15,元大-和平,2024-01-25,9863
2542,興富發,15,0,15,元大-和平,2024-01-25,9863
3363,上詮,25,10,15,元大-和平,2024-01-25,9863
9105,泰金寶-DR,14,0,14,元大-和平,2024-01-25,9863
2465,麗臺,14,1,13,元大-和平,2024-01-25,9863
8112,至上,13,0,13,元大-和平,2024-01-25,9863
2382,廣達,30,17,13,元大-和平,2024-01-25,9863
3376,新日興,29,18,11,元大-和平,2024-01-25,9863
00882,中信中國高股息,17,6,11,元大-和平,2024-01-25,9863
2485,兆赫,11,0,11,元大-和平,2024-01-25,9863
4129,聯合,11,0,11,元大-和平,2024-01-25,9863
3694,海華,39,28,11,元大-和平,2024-01-25,9863
00902,中信電池及儲能,11,0,11,元大-和平,2024-01-25,9863
006205,富邦上証,10,0,10,元大-和平,2024-01-25,9863
00935,野村臺灣新科技50,10,0,10,元大-和平,2024-01-25,9863
2352,佳世達,10,0,10,元大-和平,2024-01-25,9863
2545,皇翔,10,0,10,元大-和平,2024-01-25,9863
2867,三商壽,10,0,10,元大-和平,2024-01-25,9863
6456,GIS-KY,10,0,10,元大-和平,2024-01-25,9863
8105,凌巨,10,0,10,元大-和平,2024-01-25,9863
1813,寶利徠,9,0,9,元大-和平,2024-01-25,9863
4953,緯軟,10,2,8,元大-和平,2024-01-25,9863
00877,復華中國5G,8,0,8,元大-和平,2024-01-25,9863
5469,瀚宇博,204,11,193,元大-和平,2024-01-26,9863
2303,聯電,160,1,159,元大-和平,2024-01-26,9863
00919,群益台灣精選高息,129,0,129,元大-和平,2024-01-26,9863
00632R,元大台灣50反1,111,1,110,元大-和平,2024-01-26,9863
00753L,中信中國50正2,103,6,97,元大-和平,2024-01-26,9863
9934,成霖,69,0,69,元大-和平,2024-01-26,9863
2382,廣達,51,7,44,元大-和平,2024-01-26,9863
00935,野村臺灣新科技50,41,0,41,元大-和平,2024-01-26,9863
2344,華邦電,37,2,35,元大-和平,2024-01-26,9863
2353,宏��,38,7,31,元大-和平,2024-01-26,9863
3354,律勝,32,1,31,元大-和平,2024-01-26,9863
2352,佳世達,26,0,26,元大-和平,2024-01-26,9863
6706,惠特,26,0,26,元大-和平,2024-01-26,9863
00901,永豐智能車供應鏈,21,0,21,元大-和平,2024-01-26,9863
00888,永豐台灣ESG,21,0,21,元大-和平,2024-01-26,9863
3312,弘憶股,22,2,20,元大-和平,2024-01-26,9863
6873,泓德能源,20,0,20,元大-和平,2024-01-26,9863
3605,宏致,29,10,19,元大-和平,2024-01-26,9863
3706,神達,20,1,19,元大-和平,2024-01-26,9863
6284,佳邦,18,0,18,元大-和平,2024-01-26,9863
3645,達邁,19,2,17,元大-和平,2024-01-26,9863
00751B,元大AAA至A公司債,19,2,17,元大-和平,2024-01-26,9863
6233,旺玖,24,8,16,元大-和平,2024-01-26,9863
2723,美食-KY,35,20,15,元大-和平,2024-01-26,9863
3615,安可,14,1,13,元大-和平,2024-01-26,9863
2324,仁寶,22,10,12,元大-和平,2024-01-26,9863
00937B,群益ESG投等債20,12,0,12,元大-和平,2024-01-26,9863
00929,復華台灣科技優息,17,6,11,元大-和平,2024-01-26,9863
8299,群聯,11,0,11,元大-和平,2024-01-26,9863
3535,晶彩科,11,0,11,元大-和平,2024-01-26,9863
00687B,國泰20年美債,11,1,10,元大-和平,2024-01-26,9863
3694,海華,37,27,10,元大-和平,2024-01-26,9863
2618,長榮航,37,27,10,元大-和平,2024-01-26,9863
00713,元大台灣高息低波,10,0,10,元大-和平,2024-01-26,9863
3522,御嵿,10,0,10,元大-和平,2024-01-26,9863
5392,能率,10,0,10,元大-和平,2024-01-26,9863
3623,富晶通,10,0,10,元大-和平,2024-01-26,9863
1432,大魯閣,10,0,10,元大-和平,2024-01-26,9863
00679B,元大美債20年,11,2,9,元大-和平,2024-01-26,9863
1503,士電,9,1,8,元大-和平,2024-01-26,9863
3380,明泰,9,1,8,元大-和平,2024-01-26,9863
3483,力致,7,0,7,元大-和平,2024-01-26,9863
00673R,期元大S＆P原油反1,7,0,7,元大-和平,2024-01-26,9863
2634,漢翔,8,1,7,元大-和平,2024-01-26,9863
6116,彩晶,14,7,7,元大-和平,2024-01-26,9863
8936,國統,15,8,7,元大-和平,2024-01-26,9863
2603,長榮,6,0,6,元大-和平,2024-01-26,9863
1560,中砂,6,0,6,元大-和平,2024-01-26,9863
00752,中信中國50,6,0,6,元大-和平,2024-01-26,9863
4916,事欣科,6,0,6,元大-和平,2024-01-26,9863
00632R,元大台灣50反1,330,2,328,元大-和平,2024-01-29,9863
00937B,群益ESG投等債20,61,0,61,元大-和平,2024-01-29,9863
00687B,國泰20年美債,61,0,61,元大-和平,2024-01-29,9863
9934,成霖,56,5,51,元大-和平,2024-01-29,9863
3605,宏致,76,29,47,元大-和平,2024-01-29,9863
00936,台新永續高息中小,40,0,40,元大-和平,2024-01-29,9863
00933B,國泰10Y+金融債,41,3,38,元大-和平,2024-01-29,9863
00878,國泰永續高股息,89,53,36,元大-和平,2024-01-29,9863
00720B,元大投資級公司債,32,0,32,元大-和平,2024-01-29,9863
1101,台泥,37,5,32,元大-和平,2024-01-29,9863
3260,威剛,31,0,31,元大-和平,2024-01-29,9863
00680L,元大美債20正2,30,0,30,元大-和平,2024-01-29,9863
00679B,元大美債20年,48,19,29,元大-和平,2024-01-29,9863
5521,工信,40,12,28,元大-和平,2024-01-29,9863
2428,興勤,21,0,21,元大-和平,2024-01-29,9863
2867,三商壽,20,0,20,元大-和平,2024-01-29,9863
3715,定穎投控,23,3,20,元大-和平,2024-01-29,9863
2344,華邦電,22,3,19,元大-和平,2024-01-29,9863
2515,中工,18,0,18,元大-和平,2024-01-29,9863
6239,力成,17,0,17,元大-和平,2024-01-29,9863
6462,神盾,47,30,17,元大-和平,2024-01-29,9863
4588,玖鼎電力,15,1,14,元大-和平,2024-01-29,9863
3055,蔚華科,16,2,14,元大-和平,2024-01-29,9863
2399,映泰,12,0,12,元大-和平,2024-01-29,9863
2359,所羅門,11,0,11,元大-和平,2024-01-29,9863
2610,華航,11,0,11,元大-和平,2024-01-29,9863
2883,凱基金,12,2,10,元大-和平,2024-01-29,9863
00753L,中信中國50正2,9,0,9,元大-和平,2024-01-29,9863
8996,高力,12,4,8,元大-和平,2024-01-29,9863
5460,同協,8,0,8,元大-和平,2024-01-29,9863
00751B,元大AAA至A公司債,11,4,7,元大-和平,2024-01-29,9863
00919,群益台灣精選高息,7,0,7,元大-和平,2024-01-29,9863
1598,岱宇,7,0,7,元大-和平,2024-01-29,9863
5880,合庫金,7,0,7,元大-和平,2024-01-29,9863
2850,新產,6,0,6,元大-和平,2024-01-29,9863
2949,欣新網,6,0,6,元大-和平,2024-01-29,9863
3490,單井,10,4,6,元大-和平,2024-01-29,9863
5469,瀚宇博,6,0,6,元大-和平,2024-01-29,9863
6706,惠特,7,1,6,元大-和平,2024-01-29,9863
2356,英業達,37,32,5,元大-和平,2024-01-29,9863
00891,中信關鍵半導體,5,0,5,元大-和平,2024-01-29,9863
2417,圓剛,5,0,5,元大-和平,2024-01-29,9863
2545,皇翔,5,0,5,元大-和平,2024-01-29,9863
3483,力致,7,2,5,元大-和平,2024-01-29,9863
4960,誠美材,5,0,5,元大-和平,2024-01-29,9863
4746,台耀,5,0,5,元大-和平,2024-01-29,9863
2454,聯發科,7,3,4,元大-和平,2024-01-29,9863
4968,立積,9,5,4,元大-和平,2024-01-29,9863
6906,現觀科,4,0,4,元大-和平,2024-01-29,9863
020038,元大ESG配息N,4,0,4,元大-和平,2024-01-29,9863
00637L,元大滬深300正2,2516,113,2403,元大-和平,2024-01-30,9863
2344,華邦電,508,0,508,元大-和平,2024-01-30,9863
00687B,國泰20年美債,477,132,345,元大-和平,2024-01-30,9863
2881,富邦金,235,10,225,元大-和平,2024-01-30,9863
9934,成霖,145,5,140,元大-和平,2024-01-30,9863
00937B,群益ESG投等債20,107,0,107,元大-和平,2024-01-30,9863
3706,神達,76,7,69,元大-和平,2024-01-30,9863
3231,緯創,84,39,45,元大-和平,2024-01-30,9863
2421,建準,58,22,36,元大-和平,2024-01-30,9863
1598,岱宇,33,0,33,元大-和平,2024-01-30,9863
3360,尚立,58,26,32,元大-和平,2024-01-30,9863
00680L,元大美債20正2,30,0,30,元大-和平,2024-01-30,9863
2723,美食-KY,29,0,29,元大-和平,2024-01-30,9863
00878,國泰永續高股息,40,12,28,元大-和平,2024-01-30,9863
6462,神盾,51,23,28,元大-和平,2024-01-30,9863
8938,明安,25,0,25,元大-和平,2024-01-30,9863
00713,元大台灣高息低波,20,0,20,元大-和平,2024-01-30,9863
00733,富邦臺灣中小,20,0,20,元大-和平,2024-01-30,9863
00701,國泰股利精選30,20,0,20,元大-和平,2024-01-30,9863
2915,潤泰全,19,0,19,元大-和平,2024-01-30,9863
9945,潤泰新,20,2,18,元大-和平,2024-01-30,9863
00679B,元大美債20年,23,5,18,元大-和平,2024-01-30,9863
2312,金寶,17,0,17,元大-和平,2024-01-30,9863
2337,旺宏,19,2,17,元大-和平,2024-01-30,9863
3481,群創,24,9,15,元大-和平,2024-01-30,9863
2356,英業達,20,5,15,元大-和平,2024-01-30,9863
6770,力積電,15,0,15,元大-和平,2024-01-30,9863
00891,中信關鍵半導體,19,4,15,元大-和平,2024-01-30,9863
6191,精成科,14,0,14,元大-和平,2024-01-30,9863
3622,洋華,14,1,13,元大-和平,2024-01-30,9863
00929,復華台灣科技優息,12,0,12,元大-和平,2024-01-30,9863
9958,世紀鋼,12,0,12,元大-和平,2024-01-30,9863
2892,第一金,12,0,12,元大-和平,2024-01-30,9863
4979,華星光,12,0,12,元大-和平,2024-01-30,9863
2002,中鋼,11,0,11,元大-和平,2024-01-30,9863
1101,台泥,12,1,11,元大-和平,2024-01-30,9863
1460,宏遠,11,0,11,元大-和平,2024-01-30,9863
3230,錦明,11,0,11,元大-和平,2024-01-30,9863
3623,富晶通,36,26,10,元大-和平,2024-01-30,9863
2605,新興,10,0,10,元大-和平,2024-01-30,9863
2634,漢翔,12,2,10,元大-和平,2024-01-30,9863
6706,惠特,10,0,10,元大-和平,2024-01-30,9863
6873,泓德能源,10,0,10,元大-和平,2024-01-30,9863
5871,中租-KY,10,0,10,元大-和平,2024-01-30,9863
2399,映泰,10,1,9,元大-和平,2024-01-30,9863
3312,弘憶股,10,1,9,元大-和平,2024-01-30,9863
2867,三商壽,8,0,8,元大-和平,2024-01-30,9863
2365,昆盈,10,2,8,元大-和平,2024-01-30,9863
00830,國泰費城半導體,9,1,8,元大-和平,2024-01-30,9863
2949,欣新網,8,0,8,元大-和平,2024-01-30,9863
9934,成霖,310,0,310,元大-和平,2024-01-31,9863
2344,華邦電,266,0,266,元大-和平,2024-01-31,9863
00687B,國泰20年美債,149,5,144,元大-和平,2024-01-31,9863
00937B,群益ESG投等債20,110,2,108,元大-和平,2024-01-31,9863
00936,台新永續高息中小,100,0,100,元大-和平,2024-01-31,9863
2888,新光金,100,0,100,元大-和平,2024-01-31,9863
00929,復華台灣科技優息,74,0,74,元大-和平,2024-01-31,9863
3231,緯創,54,12,42,元大-和平,2024-01-31,9863
6282,康舒,44,6,38,元大-和平,2024-01-31,9863
00751B,元大AAA至A公司債,34,1,33,元大-和平,2024-01-31,9863
8089,康全電訊,30,1,29,元大-和平,2024-01-31,9863
2303,聯電,31,3,28,元大-和平,2024-01-31,9863
00902,中信電池及儲能,26,0,26,元大-和平,2024-01-31,9863
6706,惠特,26,0,26,元大-和平,2024-01-31,9863
2390,云辰,25,0,25,元大-和平,2024-01-31,9863
3481,群創,31,6,25,元大-和平,2024-01-31,9863
2949,欣新網,24,0,24,元大-和平,2024-01-31,9863
2884,玉山金,22,0,22,元大-和平,2024-01-31,9863
3189,景碩,21,0,21,元大-和平,2024-01-31,9863
6462,神盾,43,22,21,元大-和平,2024-01-31,9863
00637L,元大滬深300正2,69,50,19,元大-和平,2024-01-31,9863
2465,麗臺,19,2,17,元大-和平,2024-01-31,9863
2723,美食-KY,16,0,16,元大-和平,2024-01-31,9863
2330,台積電,21,6,15,元大-和平,2024-01-31,9863
3041,揚智,15,0,15,元大-和平,2024-01-31,9863
5347,世界,15,0,15,元大-和平,2024-01-31,9863
6906,現觀科,15,0,15,元大-和平,2024-01-31,9863
1528,恩德,16,2,14,元大-和平,2024-01-31,9863
3324,雙鴻,14,1,13,元大-和平,2024-01-31,9863
0056,元大高股息,13,3,10,元大-和平,2024-01-31,9863
1598,岱宇,10,0,10,元大-和平,2024-01-31,9863
2887,台新金,10,0,10,元大-和平,2024-01-31,9863
3390,旭軟,10,0,10,元大-和平,2024-01-31,9863
8112,至上,11,1,10,元大-和平,2024-01-31,9863
2889,國票金,10,0,10,元大-和平,2024-01-31,9863
3689,湧德,9,0,9,元大-和平,2024-01-31,9863
8938,明安,9,0,9,元大-和平,2024-01-31,9863
3360,尚立,32,23,9,元大-和平,2024-01-31,9863
00904,新光臺灣半導體30,10,2,8,元大-和平,2024-01-31,9863
3218,大學光,8,0,8,元大-和平,2024-01-31,9863
2369,菱生,30,22,8,元大-和平,2024-01-31,9863
2610,華航,8,0,8,元大-和平,2024-01-31,9863
2731,雄獅,8,0,8,元大-和平,2024-01-31,9863
2634,漢翔,8,1,7,元大-和平,2024-01-31,9863
00712,復華富時不動產,8,1,7,元大-和平,2024-01-31,9863
00680L,元大美債20正2,7,0,7,元大-和平,2024-01-31,9863
6526,達發,9,3,6,元大-和平,2024-01-31,9863
4746,台耀,6,0,6,元大-和平,2024-01-31,9863
00713,元大台灣高息低波,6,0,6,元大-和平,2024-01-31,9863
2027,大成鋼,6,0,6,元大-和平,2024-01-31,9863
9934,成霖,100,10,90,元大-和平,2024-02-01,9863
00680L,元大美債20正2,67,0,67,元大-和平,2024-02-01,9863
00679B,元大美債20年,71,9,62,元大-和平,2024-02-01,9863
6695,芯鼎,77,38,39,元大-和平,2024-02-01,9863
2812,台中銀,39,1,38,元大-和平,2024-02-01,9863
2382,廣達,40,6,34,元大-和平,2024-02-01,9863
6442,光聖,34,4,30,元大-和平,2024-02-01,9863
00937B,群益ESG投等債20,25,1,24,元大-和平,2024-02-01,9863
2409,友達,23,0,23,元大-和平,2024-02-01,9863
6282,康舒,41,18,23,元大-和平,2024-02-01,9863
00753L,中信中國50正2,22,0,22,元大-和平,2024-02-01,9863
1714,和桐,22,0,22,元大-和平,2024-02-01,9863
00665L,富邦�琤肭磪囓�2,20,0,20,元大-和平,2024-02-01,9863
8938,明安,20,0,20,元大-和平,2024-02-01,9863
3362,先進光,23,3,20,元大-和平,2024-02-01,9863
3033,威健,29,9,20,元大-和平,2024-02-01,9863
6179,亞通,20,0,20,元大-和平,2024-02-01,9863
3081,聯亞,20,1,19,元大-和平,2024-02-01,9863
00688L,國泰20年美債正2,18,0,18,元大-和平,2024-02-01,9863
5258,虹堡,20,3,17,元大-和平,2024-02-01,9863
2454,聯發科,18,4,14,元大-和平,2024-02-01,9863
1528,恩德,25,11,14,元大-和平,2024-02-01,9863
1733,五鼎,16,2,14,元大-和平,2024-02-01,9863
2027,大成鋼,16,2,14,元大-和平,2024-02-01,9863
2634,漢翔,14,0,14,元大-和平,2024-02-01,9863
3481,群創,24,10,14,元大-和平,2024-02-01,9863
00891,中信關鍵半導體,14,0,14,元大-和平,2024-02-01,9863
4968,立積,12,0,12,元大-和平,2024-02-01,9863
3006,晶豪科,12,0,12,元大-和平,2024-02-01,9863
00712,復華富時不動產,11,0,11,元大-和平,2024-02-01,9863
00900,富邦特選高股息30,12,1,11,元大-和平,2024-02-01,9863
2337,旺宏,12,1,11,元大-和平,2024-02-01,9863
2476,鉅祥,11,0,11,元大-和平,2024-02-01,9863
00929,復華台灣科技優息,17,7,10,元大-和平,2024-02-01,9863
00882,中信中國高股息,13,3,10,元大-和平,2024-02-01,9863
00722B,群益投資級電信債,10,0,10,元大-和平,2024-02-01,9863
00715L,期街口布蘭特正2,10,0,10,元大-和平,2024-02-01,9863
3019,亞光,10,0,10,元大-和平,2024-02-01,9863
3260,威剛,10,0,10,元大-和平,2024-02-01,9863
6657,華安,10,0,10,元大-和平,2024-02-01,9863
2465,麗臺,11,2,9,元大-和平,2024-02-01,9863
3035,智原,13,4,9,元大-和平,2024-02-01,9863
8040,九暘,14,6,8,元大-和平,2024-02-01,9863
00933B,國泰10Y+金融債,8,0,8,元大-和平,2024-02-01,9863
2486,一詮,11,3,8,元大-和平,2024-02-01,9863
4109,加捷生醫,8,0,8,元大-和平,2024-02-01,9863
6732,昇佳電子,8,0,8,元大-和平,2024-02-01,9863
8936,國統,34,27,7,元大-和平,2024-02-01,9863
1598,岱宇,7,0,7,元大-和平,2024-02-01,9863
3526,凡甲,7,0,7,元大-和平,2024-02-01,9863
00637L,元大滬深300正2,571,50,521,元大-和平,2024-02-02,9863
9934,成霖,229,0,229,元大-和平,2024-02-02,9863
00937B,群益ESG投等債20,93,1,92,元大-和平,2024-02-02,9863
3689,湧德,83,0,83,元大-和平,2024-02-02,9863
2882,國泰金,61,4,57,元大-和平,2024-02-02,9863
6695,芯鼎,67,16,51,元大-和平,2024-02-02,9863
2603,長榮,35,1,34,元大-和平,2024-02-02,9863
3694,海華,52,18,34,元大-和平,2024-02-02,9863
4968,立積,31,4,27,元大-和平,2024-02-02,9863
2308,台達電,26,0,26,元大-和平,2024-02-02,9863
2369,菱生,26,1,25,元大-和平,2024-02-02,9863
2614,東森,25,0,25,元大-和平,2024-02-02,9863
2723,美食-KY,23,0,23,元大-和平,2024-02-02,9863
6179,亞通,31,8,23,元大-和平,2024-02-02,9863
3711,日月光投控,21,1,20,元大-和平,2024-02-02,9863
00753L,中信中國50正2,20,0,20,元大-和平,2024-02-02,9863
00830,國泰費城半導體,20,0,20,元大-和平,2024-02-02,9863
2495,普安,20,0,20,元大-和平,2024-02-02,9863
4906,正文,37,20,17,元大-和平,2024-02-02,9863
2891,中信金,16,0,16,元大-和平,2024-02-02,9863
1560,中砂,24,8,16,元大-和平,2024-02-02,9863
00900,富邦特選高股息30,16,0,16,元大-和平,2024-02-02,9863
6425,易發,17,1,16,元大-和平,2024-02-02,9863
00679B,元大美債20年,27,12,15,元大-和平,2024-02-02,9863
00751B,元大AAA至A公司債,15,0,15,元大-和平,2024-02-02,9863
00933B,國泰10Y+金融債,25,10,15,元大-和平,2024-02-02,9863
2324,仁寶,23,8,15,元大-和平,2024-02-02,9863
2535,達欣工,15,0,15,元大-和平,2024-02-02,9863
00929,復華台灣科技優息,20,6,14,元大-和平,2024-02-02,9863
00715L,期街口布蘭特正2,14,0,14,元大-和平,2024-02-02,9863
2401,凌陽,16,2,14,元大-和平,2024-02-02,9863
8936,國統,15,1,14,元大-和平,2024-02-02,9863
2329,華泰,22,8,14,元大-和平,2024-02-02,9863
2885,元大金,12,0,12,元大-和平,2024-02-02,9863
00712,復華富時不動產,12,0,12,元大-和平,2024-02-02,9863
1733,五鼎,12,0,12,元大-和平,2024-02-02,9863
2303,聯電,14,3,11,元大-和平,2024-02-02,9863
2313,華通,12,1,11,元大-和平,2024-02-02,9863
3526,凡甲,11,0,11,元大-和平,2024-02-02,9863
3376,新日興,19,8,11,元大-和平,2024-02-02,9863
2353,宏��,13,3,10,元大-和平,2024-02-02,9863
00733,富邦臺灣中小,10,0,10,元大-和平,2024-02-02,9863
00690,兆豐藍籌30,10,0,10,元大-和平,2024-02-02,9863
2312,金寶,35,25,10,元大-和平,2024-02-02,9863
2498,宏達電,10,0,10,元大-和平,2024-02-02,9863
6229,研通,10,0,10,元大-和平,2024-02-02,9863
2059,川湖,14,4,10,元大-和平,2024-02-02,9863
00878,國泰永續高股息,22,13,9,元大-和平,2024-02-02,9863
1504,東元,10,1,9,元大-和平,2024-02-02,9863
2390,云辰,10,1,9,元大-和平,2024-02-02,9863
9934,成霖,338,0,338,元大-和平,2024-02-05,9863
2360,致茂,111,0,111,元大-和平,2024-02-05,9863
4714,永捷,102,10,92,元大-和平,2024-02-05,9863
3715,定穎投控,76,10,66,元大-和平,2024-02-05,9863
00937B,群益ESG投等債20,78,14,64,元大-和平,2024-02-05,9863
00933B,國泰10Y+金融債,48,2,46,元大-和平,2024-02-05,9863
00680L,元大美債20正2,70,25,45,元大-和平,2024-02-05,9863
00919,群益台灣精選高息,54,12,42,元大-和平,2024-02-05,9863
00751B,元大AAA至A公司債,38,0,38,元大-和平,2024-02-05,9863
5225,東科-KY,45,7,38,元大-和平,2024-02-05,9863
4503,金雨,39,5,34,元大-和平,2024-02-05,9863
6152,百一,30,0,30,元大-和平,2024-02-05,9863
6425,易發,32,2,30,元大-和平,2024-02-05,9863
2369,菱生,43,17,26,元大-和平,2024-02-05,9863
4906,正文,25,0,25,元大-和平,2024-02-05,9863
00878,國泰永續高股息,55,31,24,元大-和平,2024-02-05,9863
00927,群益半導體收益,22,0,22,元大-和平,2024-02-05,9863
3706,神達,20,0,20,元大-和平,2024-02-05,9863
3689,湧德,19,0,19,元大-和平,2024-02-05,9863
00679B,元大美債20年,34,18,16,元大-和平,2024-02-05,9863
00712,復華富時不動產,24,8,16,元大-和平,2024-02-05,9863
2201,裕隆,16,0,16,元大-和平,2024-02-05,9863
4174,浩鼎,16,0,16,元大-和平,2024-02-05,9863
3576,聯合再生,25,10,15,元大-和平,2024-02-05,9863
5009,榮剛,15,0,15,元大-和平,2024-02-05,9863
6414,樺漢,15,0,15,元大-和平,2024-02-05,9863
2329,華泰,34,20,14,元大-和平,2024-02-05,9863
00891,中信關鍵半導體,14,0,14,元大-和平,2024-02-05,9863
00715L,期街口布蘭特正2,14,0,14,元大-和平,2024-02-05,9863
2467,志聖,21,9,12,元大-和平,2024-02-05,9863
00753L,中信中國50正2,12,0,12,元大-和平,2024-02-05,9863
2409,友達,15,3,12,元大-和平,2024-02-05,9863
3490,單井,11,0,11,元大-和平,2024-02-05,9863
2884,玉山金,11,0,11,元大-和平,2024-02-05,9863
2887,台新金,11,1,10,元大-和平,2024-02-05,9863
00762,元大全球AI,10,0,10,元大-和平,2024-02-05,9863
2882,國泰金,12,2,10,元大-和平,2024-02-05,9863
6118,建達,10,0,10,元大-和平,2024-02-05,9863
6873,泓德能源,10,0,10,元大-和平,2024-02-05,9863
9904,寶成,11,1,10,元大-和平,2024-02-05,9863
2368,金像電,11,1,10,元大-和平,2024-02-05,9863
2890,永豐金,9,0,9,元大-和平,2024-02-05,9863
00688L,國泰20年美債正2,11,2,9,元大-和平,2024-02-05,9863
2520,冠德,9,0,9,元大-和平,2024-02-05,9863
6274,台燿,19,10,9,元大-和平,2024-02-05,9863
2388,威盛,9,1,8,元大-和平,2024-02-05,9863
00795B,中信美國公債20年,8,0,8,元大-和平,2024-02-05,9863
00934,中信成長高股息,10,2,8,元大-和平,2024-02-05,9863
2498,宏達電,10,2,8,元大-和平,2024-02-05,9863
2891,中信金,8,0,8,元大-和平,2024-02-05,9863
9904,寶成,520,2,518,元大-和平,2024-02-15,9863
2344,華邦電,316,52,264,元大-和平,2024-02-15,9863
00632R,元大台灣50反1,217,37,180,元大-和平,2024-02-15,9863
00937B,群益ESG投等債20,131,2,129,元大-和平,2024-02-15,9863
00878,國泰永續高股息,148,28,120,元大-和平,2024-02-15,9863
00751B,元大AAA至A公司債,100,3,97,元大-和平,2024-02-15,9863
00679B,元大美債20年,109,14,95,元大-和平,2024-02-15,9863
00933B,國泰10Y+金融債,94,0,94,元大-和平,2024-02-15,9863
2888,新光金,65,0,65,元大-和平,2024-02-15,9863
00864B,中信美國公債0-1,52,0,52,元大-和平,2024-02-15,9863
6282,康舒,56,6,50,元大-和平,2024-02-15,9863
00720B,元大投資級公司債,46,0,46,元大-和平,2024-02-15,9863
00919,群益台灣精選高息,49,3,46,元大-和平,2024-02-15,9863
2723,美食-KY,42,0,42,元大-和平,2024-02-15,9863
00753L,中信中國50正2,50,10,40,元大-和平,2024-02-15,9863
1582,信錦,36,2,34,元大-和平,2024-02-15,9863
9958,世紀鋼,43,10,33,元大-和平,2024-02-15,9863
00706L,期元大S＆P日圓正2,31,0,31,元大-和平,2024-02-15,9863
00712,復華富時不動產,36,7,29,元大-和平,2024-02-15,9863
00770,國泰北美科技,28,0,28,元大-和平,2024-02-15,9863
1598,岱宇,25,0,25,元大-和平,2024-02-15,9863
2408,南亞科,24,0,24,元大-和平,2024-02-15,9863
00931B,統一美債20年,22,0,22,元大-和平,2024-02-15,9863
2884,玉山金,22,0,22,元大-和平,2024-02-15,9863
00929,復華台灣科技優息,35,14,21,元大-和平,2024-02-15,9863
5452,佶優,20,0,20,元大-和平,2024-02-15,9863
1229,聯華,20,0,20,元大-和平,2024-02-15,9863
00795B,中信美國公債20年,19,0,19,元大-和平,2024-02-15,9863
3481,群創,26,7,19,元大-和平,2024-02-15,9863
5203,訊連,18,0,18,元大-和平,2024-02-15,9863
3535,晶彩科,17,0,17,元大-和平,2024-02-15,9863
00830,國泰費城半導體,20,3,17,元大-和平,2024-02-15,9863
2308,台達電,17,1,16,元大-和平,2024-02-15,9863
2002,中鋼,16,0,16,元大-和平,2024-02-15,9863
00885,富邦越南,21,5,16,元大-和平,2024-02-15,9863
00688L,國泰20年美債正2,15,0,15,元大-和平,2024-02-15,9863
8938,明安,15,0,15,元大-和平,2024-02-15,9863
9105,泰金寶-DR,17,2,15,元大-和平,2024-02-15,9863
00927,群益半導體收益,15,1,14,元大-和平,2024-02-15,9863
7402,邑錡,21,8,13,元大-和平,2024-02-15,9863
4746,台耀,13,0,13,元大-和平,2024-02-15,9863
00725B,國泰投資級公司債,16,3,13,元大-和平,2024-02-15,9863
1808,潤隆,13,0,13,元大-和平,2024-02-15,9863
2486,一詮,15,3,12,元大-和平,2024-02-15,9863
00762,元大全球AI,11,0,11,元大-和平,2024-02-15,9863
2542,興富發,11,0,11,元大-和平,2024-02-15,9863
5876,上海商銀,11,0,11,元大-和平,2024-02-15,9863
1503,士電,12,1,11,元大-和平,2024-02-15,9863
5009,榮剛,11,0,11,元大-和平,2024-02-15,9863
6806,森崴能源,13,3,10,元大-和平,2024-02-15,9863
9904,寶成,500,0,500,元大-和平,2024-02-16,9863
00715L,期街口布蘭特正2,120,4,116,元大-和平,2024-02-16,9863
00878,國泰永續高股息,121,23,98,元大-和平,2024-02-16,9863
6125,廣運,82,9,73,元大-和平,2024-02-16,9863
00679B,元大美債20年,71,0,71,元大-和平,2024-02-16,9863
00687B,國泰20年美債,68,0,68,元大-和平,2024-02-16,9863
6005,群益證,65,0,65,元大-和平,2024-02-16,9863
2888,新光金,61,2,59,元大-和平,2024-02-16,9863
2723,美食-KY,58,0,58,元大-和平,2024-02-16,9863
00937B,群益ESG投等債20,49,2,47,元大-和平,2024-02-16,9863
3231,緯創,63,17,46,元大-和平,2024-02-16,9863
00888,永豐台灣ESG,43,2,41,元大-和平,2024-02-16,9863
00933B,國泰10Y+金融債,39,0,39,元大-和平,2024-02-16,9863
3437,榮創,46,8,38,元大-和平,2024-02-16,9863
9105,泰金寶-DR,35,0,35,元大-和平,2024-02-16,9863
2486,一詮,37,3,34,元大-和平,2024-02-16,9863
7402,邑錡,40,6,34,元大-和平,2024-02-16,9863
2355,敬鵬,122,91,31,元大-和平,2024-02-16,9863
2382,廣達,108,78,30,元大-和平,2024-02-16,9863
2327,國巨,30,0,30,元大-和平,2024-02-16,9863
2353,宏��,109,82,27,元大-和平,2024-02-16,9863
00751B,元大AAA至A公司債,26,0,26,元大-和平,2024-02-16,9863
2516,新建,25,0,25,元大-和平,2024-02-16,9863
3413,京鼎,21,0,21,元大-和平,2024-02-16,9863
00706L,期元大S＆P日圓正2,20,0,20,元大-和平,2024-02-16,9863
3038,全台,26,6,20,元大-和平,2024-02-16,9863
00713,元大台灣高息低波,20,1,19,元大-和平,2024-02-16,9863
3044,健鼎,26,8,18,元大-和平,2024-02-16,9863
00919,群益台灣精選高息,31,13,18,元大-和平,2024-02-16,9863
2388,威盛,16,0,16,元大-和平,2024-02-16,9863
00712,復華富時不動產,16,0,16,元大-和平,2024-02-16,9863
1609,大亞,20,4,16,元大-和平,2024-02-16,9863
4915,致伸,17,1,16,元大-和平,2024-02-16,9863
2303,聯電,17,2,15,元大-和平,2024-02-16,9863
2371,大同,15,0,15,元大-和平,2024-02-16,9863
6417,韋僑,15,0,15,元大-和平,2024-02-16,9863
3017,奇鋐,17,3,14,元大-和平,2024-02-16,9863
2347,聯強,17,3,14,元大-和平,2024-02-16,9863
4770,上品,13,0,13,元大-和平,2024-02-16,9863
2542,興富發,11,0,11,元大-和平,2024-02-16,9863
2886,兆豐金,11,0,11,元大-和平,2024-02-16,9863
2476,鉅祥,23,12,11,元大-和平,2024-02-16,9863
1514,亞力,41,31,10,元大-和平,2024-02-16,9863
6233,旺玖,12,2,10,元大-和平,2024-02-16,9863
1815,富喬,18,8,10,元大-和平,2024-02-16,9863
3605,宏致,20,10,10,元大-和平,2024-02-16,9863
6616,特昇-KY,10,0,10,元大-和平,2024-02-16,9863
8088,品安,11,1,10,元大-和平,2024-02-16,9863
6239,力成,10,0,10,元大-和平,2024-02-16,9863
6462,神盾,12,2,10,元大-和平,2024-02-16,9863
9904,寶成,1832,0,1832,元大-和平,2024-02-19,9863
2515,中工,180,12,168,元大-和平,2024-02-19,9863
00687B,國泰20年美債,112,0,112,元大-和平,2024-02-19,9863
6288,聯嘉,108,6,102,元大-和平,2024-02-19,9863
00907,永豐優息存股,100,0,100,元大-和平,2024-02-19,9863
2723,美食-KY,91,0,91,元大-和平,2024-02-19,9863
2444,兆勁,76,0,76,元大-和平,2024-02-19,9863
00878,國泰永續高股息,88,16,72,元大-和平,2024-02-19,9863
3305,昇貿,62,1,61,元大-和平,2024-02-19,9863
00929,復華台灣科技優息,98,40,58,元大-和平,2024-02-19,9863
00637L,元大滬深300正2,52,0,52,元大-和平,2024-02-19,9863
6005,群益證,50,0,50,元大-和平,2024-02-19,9863
00937B,群益ESG投等債20,43,0,43,元大-和平,2024-02-19,9863
2382,廣達,43,5,38,元大-和平,2024-02-19,9863
2329,華泰,102,67,35,元大-和平,2024-02-19,9863
6275,元山,46,15,31,元大-和平,2024-02-19,9863
2104,國際中橡,30,0,30,元大-和平,2024-02-19,9863
2455,全新,33,5,28,元大-和平,2024-02-19,9863
00751B,元大AAA至A公司債,28,0,28,元大-和平,2024-02-19,9863
3450,聯鈞,63,36,27,元大-和平,2024-02-19,9863
2023,燁輝,27,1,26,元大-和平,2024-02-19,9863
5426,振發,71,46,25,元大-和平,2024-02-19,9863
2059,川湖,25,0,25,元大-和平,2024-02-19,9863
2489,瑞軒,30,5,25,元大-和平,2024-02-19,9863
00891,中信關鍵半導體,26,2,24,元大-和平,2024-02-19,9863
6202,盛群,24,0,24,元大-和平,2024-02-19,9863
00919,群益台灣精選高息,33,10,23,元大-和平,2024-02-19,9863
2206,三陽工業,23,0,23,元大-和平,2024-02-19,9863
2355,敬鵬,71,48,23,元大-和平,2024-02-19,9863
00933B,國泰10Y+金融債,22,0,22,元大-和平,2024-02-19,9863
4960,誠美材,24,2,22,元大-和平,2024-02-19,9863
6873,泓德能源,22,0,22,元大-和平,2024-02-19,9863
2409,友達,26,5,21,元大-和平,2024-02-19,9863
2353,宏��,40,20,20,元大-和平,2024-02-19,9863
2365,昆盈,53,33,20,元大-和平,2024-02-19,9863
4908,前鼎,24,5,19,元大-和平,2024-02-19,9863
00753L,中信中國50正2,23,5,18,元大-和平,2024-02-19,9863
3706,神達,16,0,16,元大-和平,2024-02-19,9863
2458,義隆,22,6,16,元大-和平,2024-02-19,9863
2886,兆豐金,16,0,16,元大-和平,2024-02-19,9863
00633L,富邦上証正2,15,0,15,元大-和平,2024-02-19,9863
8477,創業家,15,0,15,元大-和平,2024-02-19,9863
2363,矽統,25,11,14,元大-和平,2024-02-19,9863
8996,高力,17,3,14,元大-和平,2024-02-19,9863
4939,亞電,21,8,13,元大-和平,2024-02-19,9863
4968,立積,17,4,13,元大-和平,2024-02-19,9863
2885,元大金,40,28,12,元大-和平,2024-02-19,9863
6117,迎廣,15,3,12,元大-和平,2024-02-19,9863
3217,優群,12,0,12,元大-和平,2024-02-19,9863
00632R,元大台灣50反1,13,1,12,元大-和平,2024-02-19,9863
9904,寶成,889,0,889,元大-和平,2024-02-20,9863
2344,華邦電,168,1,167,元大-和平,2024-02-20,9863
00679B,元大美債20年,109,0,109,元大-和平,2024-02-20,9863
3231,緯創,114,7,107,元大-和平,2024-02-20,9863
8110,華東,82,7,75,元大-和平,2024-02-20,9863
2332,友訊,72,4,68,元大-和平,2024-02-20,9863
2723,美食-KY,55,2,53,元大-和平,2024-02-20,9863
2059,川湖,48,1,47,元大-和平,2024-02-20,9863
00878,國泰永續高股息,51,9,42,元大-和平,2024-02-20,9863
2515,中工,40,1,39,元大-和平,2024-02-20,9863
00632R,元大台灣50反1,34,0,34,元大-和平,2024-02-20,9863
2748,雲品,33,0,33,元大-和平,2024-02-20,9863
00753L,中信中國50正2,31,0,31,元大-和平,2024-02-20,9863
00751B,元大AAA至A公司債,28,0,28,元大-和平,2024-02-20,9863
2474,可成,50,25,25,元大-和平,2024-02-20,9863
6873,泓德能源,24,1,23,元大-和平,2024-02-20,9863
6770,力積電,22,0,22,元大-和平,2024-02-20,9863
00937B,群益ESG投等債20,25,3,22,元大-和平,2024-02-20,9863
00936,台新永續高息中小,20,0,20,元大-和平,2024-02-20,9863
5225,東科-KY,20,1,19,元大-和平,2024-02-20,9863
6202,盛群,18,0,18,元大-和平,2024-02-20,9863
00933B,國泰10Y+金融債,19,2,17,元大-和平,2024-02-20,9863
2428,興勤,16,0,16,元大-和平,2024-02-20,9863
2371,大同,15,0,15,元大-和平,2024-02-20,9863
1455,集盛,15,0,15,元大-和平,2024-02-20,9863
1584,精剛,15,0,15,元大-和平,2024-02-20,9863
2367,燿華,15,0,15,元大-和平,2024-02-20,9863
2369,菱生,15,0,15,元大-和平,2024-02-20,9863
2609,陽明,22,7,15,元大-和平,2024-02-20,9863
2382,廣達,41,26,15,元大-和平,2024-02-20,9863
2362,藍天,14,0,14,元大-和平,2024-02-20,9863
00927,群益半導體收益,13,0,13,元大-和平,2024-02-20,9863
3607,谷崧,12,0,12,元大-和平,2024-02-20,9863
00637L,元大滬深300正2,20,9,11,元大-和平,2024-02-20,9863
1307,三芳,11,0,11,元大-和平,2024-02-20,9863
00904,新光臺灣半導體30,10,0,10,元大-和平,2024-02-20,9863
00706L,期元大S＆P日圓正2,10,0,10,元大-和平,2024-02-20,9863
1304,台聚,10,0,10,元大-和平,2024-02-20,9863
6592,和潤企業,10,0,10,元大-和平,2024-02-20,9863
8111,立��,10,0,10,元大-和平,2024-02-20,9863
9945,潤泰新,17,7,10,元大-和平,2024-02-20,9863
6414,樺漢,10,0,10,元大-和平,2024-02-20,9863
2030,彰源,9,0,9,元大-和平,2024-02-20,9863
3535,晶彩科,17,8,9,元大-和平,2024-02-20,9863
9103,美德醫療-DR,9,0,9,元大-和平,2024-02-20,9863
2890,永豐金,11,2,9,元大-和平,2024-02-20,9863
00687B,國泰20年美債,9,0,9,元大-和平,2024-02-20,9863
00882,中信中國高股息,8,0,8,元大-和平,2024-02-20,9863
00935,野村臺灣新科技50,8,0,8,元大-和平,2024-02-20,9863
6288,聯嘉,12,4,8,元大-和平,2024-02-20,9863
9904,寶成,260,20,240,元大-和平,2024-02-21,9863
00937B,群益ESG投等債20,110,0,110,元大-和平,2024-02-21,9863
2609,陽明,91,11,80,元大-和平,2024-02-21,9863
2303,聯電,94,15,79,元大-和平,2024-02-21,9863
6125,廣運,93,18,75,元大-和平,2024-02-21,9863
00664R,國泰臺灣加權反1,50,0,50,元大-和平,2024-02-21,9863
3321,同泰,50,1,49,元大-和平,2024-02-21,9863
00933B,國泰10Y+金融債,48,1,47,元大-和平,2024-02-21,9863
1101,台泥,44,1,43,元大-和平,2024-02-21,9863
6168,宏齊,43,1,42,元大-和平,2024-02-21,9863
3231,緯創,60,20,40,元大-和平,2024-02-21,9863
2382,廣達,47,8,39,元大-和平,2024-02-21,9863
2885,元大金,37,0,37,元大-和平,2024-02-21,9863
00679B,元大美債20年,36,0,36,元大-和平,2024-02-21,9863
3234,光環,30,1,29,元大-和平,2024-02-21,9863
00929,復華台灣科技優息,54,26,28,元大-和平,2024-02-21,9863
1702,南僑,30,3,27,元大-和平,2024-02-21,9863
3376,新日興,29,2,27,元大-和平,2024-02-21,9863
5521,工信,26,0,26,元大-和平,2024-02-21,9863
00751B,元大AAA至A公司債,22,0,22,元大-和平,2024-02-21,9863
2886,兆豐金,21,0,21,元大-和平,2024-02-21,9863
2892,第一金,21,0,21,元大-和平,2024-02-21,9863
2312,金寶,175,155,20,元大-和平,2024-02-21,9863
3305,昇貿,19,1,18,元大-和平,2024-02-21,9863
8299,群聯,19,2,17,元大-和平,2024-02-21,9863
00919,群益台灣精選高息,34,17,17,元大-和平,2024-02-21,9863
00900,富邦特選高股息30,20,4,16,元大-和平,2024-02-21,9863
00673R,期元大S＆P原油反1,15,0,15,元大-和平,2024-02-21,9863
3481,群創,15,1,14,元大-和平,2024-02-21,9863
1514,亞力,42,29,13,元大-和平,2024-02-21,9863
2330,台積電,13,0,13,元大-和平,2024-02-21,9863
3217,優群,21,9,12,元大-和平,2024-02-21,9863
00720B,元大投資級公司債,12,0,12,元大-和平,2024-02-21,9863
6126,信音,55,43,12,元大-和平,2024-02-21,9863
00712,復華富時不動產,12,0,12,元大-和平,2024-02-21,9863
1316,上曜,15,4,11,元大-和平,2024-02-21,9863
2486,一詮,11,0,11,元大-和平,2024-02-21,9863
6152,百一,11,0,11,元大-和平,2024-02-21,9863
4979,華星光,39,28,11,元大-和平,2024-02-21,9863
00643,群益深証中小,10,0,10,元大-和平,2024-02-21,9863
1605,華新,12,2,10,元大-和平,2024-02-21,9863
3013,晟銘電,11,1,10,元大-和平,2024-02-21,9863
4174,浩鼎,10,0,10,元大-和平,2024-02-21,9863
6805,富世達,10,1,9,元大-和平,2024-02-21,9863
3032,偉訓,10,1,9,元大-和平,2024-02-21,9863
3035,智原,16,7,9,元大-和平,2024-02-21,9863
2201,裕隆,11,3,8,元大-和平,2024-02-21,9863
8112,至上,10,2,8,元大-和平,2024-02-21,9863
1447,力鵬,11,3,8,元大-和平,2024-02-21,9863
2369,菱生,27,19,8,元大-和平,2024-02-21,9863
9904,寶成,611,0,611,元大-和平,2024-02-22,9863
8069,元太,403,4,399,元大-和平,2024-02-22,9863
3481,群創,165,3,162,元大-和平,2024-02-22,9863
00715L,期街口布蘭特正2,120,0,120,元大-和平,2024-02-22,9863
00878,國泰永續高股息,154,66,88,元大-和平,2024-02-22,9863
2618,長榮航,89,3,86,元大-和平,2024-02-22,9863
2489,瑞軒,89,9,80,元大-和平,2024-02-22,9863
00753L,中信中國50正2,85,6,79,元大-和平,2024-02-22,9863
3321,同泰,50,0,50,元大-和平,2024-02-22,9863
4173,久裕,50,0,50,元大-和平,2024-02-22,9863
3231,緯創,77,32,45,元大-和平,2024-02-22,9863
00795B,中信美國公債20年,41,0,41,元大-和平,2024-02-22,9863
00933B,國泰10Y+金融債,41,1,40,元大-和平,2024-02-22,9863
2882,國泰金,40,0,40,元大-和平,2024-02-22,9863
00679B,元大美債20年,42,3,39,元大-和平,2024-02-22,9863
00687B,國泰20年美債,36,0,36,元大-和平,2024-02-22,9863
2723,美食-KY,35,0,35,元大-和平,2024-02-22,9863
8111,立��,33,0,33,元大-和平,2024-02-22,9863
00762,元大全球AI,31,0,31,元大-和平,2024-02-22,9863
2614,東森,31,0,31,元大-和平,2024-02-22,9863
2515,中工,30,0,30,元大-和平,2024-02-22,9863
5443,均豪,40,11,29,元大-和平,2024-02-22,9863
2329,華泰,107,80,27,元大-和平,2024-02-22,9863
3376,新日興,47,21,26,元大-和平,2024-02-22,9863
00633L,富邦上証正2,23,0,23,元大-和平,2024-02-22,9863
2303,聯電,25,5,20,元大-和平,2024-02-22,9863
5258,虹堡,20,1,19,元大-和平,2024-02-22,9863
3265,台星科,20,2,18,元大-和平,2024-02-22,9863
1809,中釉,25,8,17,元大-和平,2024-02-22,9863
00650L,復華香港正2,16,0,16,元大-和平,2024-02-22,9863
00637L,元大滬深300正2,43,27,16,元大-和平,2024-02-22,9863
3221,台嘉碩,20,4,16,元大-和平,2024-02-22,9863
2371,大同,41,26,15,元大-和平,2024-02-22,9863
00937B,群益ESG投等債20,21,6,15,元大-和平,2024-02-22,9863
6152,百一,15,0,15,元大-和平,2024-02-22,9863
2617,台航,30,15,15,元大-和平,2024-02-22,9863
6806,森崴能源,15,1,14,元大-和平,2024-02-22,9863
2369,菱生,15,1,14,元大-和平,2024-02-22,9863
4909,新復興,17,4,13,元大-和平,2024-02-22,9863
9958,世紀鋼,14,1,13,元大-和平,2024-02-22,9863
2355,敬鵬,12,0,12,元大-和平,2024-02-22,9863
2484,希華,19,7,12,元大-和平,2024-02-22,9863
3260,威剛,14,2,12,元大-和平,2024-02-22,9863
2345,智邦,12,0,12,元大-和平,2024-02-22,9863
00733,富邦臺灣中小,11,0,11,元大-和平,2024-02-22,9863
00712,復華富時不動產,11,0,11,元大-和平,2024-02-22,9863
2356,英業達,49,39,10,元大-和平,2024-02-22,9863
00673R,期元大S＆P原油反1,10,0,10,元大-和平,2024-02-22,9863
00661,元大日經225,10,0,10,元大-和平,2024-02-22,9863
1524,耿鼎,10,0,10,元大-和平,2024-02-22,9863
9904,寶成,300,0,300,元大-和平,2024-02-23,9863
3481,群創,205,7,198,元大-和平,2024-02-23,9863
1717,長興,206,24,182,元大-和平,2024-02-23,9863
00937B,群益ESG投等債20,156,51,105,元大-和平,2024-02-23,9863
2618,長榮航,105,3,102,元大-和平,2024-02-23,9863
2882,國泰金,101,0,101,元大-和平,2024-02-23,9863
2888,新光金,118,20,98,元大-和平,2024-02-23,9863
2385,群光,63,0,63,元大-和平,2024-02-23,9863
00687B,國泰20年美債,53,1,52,元大-和平,2024-02-23,9863
00878,國泰永續高股息,77,37,40,元大-和平,2024-02-23,9863
00919,群益台灣精選高息,63,24,39,元大-和平,2024-02-23,9863
6207,雷科,44,7,37,元大-和平,2024-02-23,9863
00679B,元大美債20年,34,1,33,元大-和平,2024-02-23,9863
00719B,元大美債1-3,30,0,30,元大-和平,2024-02-23,9863
2614,東森,30,0,30,元大-和平,2024-02-23,9863
00891,中信關鍵半導體,41,14,27,元大-和平,2024-02-23,9863
2329,華泰,168,144,24,元大-和平,2024-02-23,9863
8150,南茂,23,0,23,元大-和平,2024-02-23,9863
3231,緯創,47,24,23,元大-和平,2024-02-23,9863
5388,中磊,32,10,22,元大-和平,2024-02-23,9863
6141,柏承,21,0,21,元大-和平,2024-02-23,9863
3363,上詮,53,32,21,元大-和平,2024-02-23,9863
2464,盟立,20,0,20,元大-和平,2024-02-23,9863
2489,瑞軒,20,0,20,元大-和平,2024-02-23,9863
6829,千附精密,20,0,20,元大-和平,2024-02-23,9863
00751B,元大AAA至A公司債,22,2,20,元大-和平,2024-02-23,9863
00762,元大全球AI,20,0,20,元大-和平,2024-02-23,9863
1815,富喬,22,3,19,元大-和平,2024-02-23,9863
6282,康舒,34,15,19,元大-和平,2024-02-23,9863
1522,堤維西,20,2,18,元大-和平,2024-02-23,9863
8064,東捷,22,4,18,元大-和平,2024-02-23,9863
00933B,國泰10Y+金融債,17,0,17,元大-和平,2024-02-23,9863
2405,輔信,44,29,15,元大-和平,2024-02-23,9863
00850,元大臺灣ESG永續,24,9,15,元大-和平,2024-02-23,9863
2481,強茂,15,0,15,元大-和平,2024-02-23,9863
8930,青鋼,15,0,15,元大-和平,2024-02-23,9863
0052,富邦科技,15,0,15,元大-和平,2024-02-23,9863
3362,先進光,18,4,14,元大-和平,2024-02-23,9863
2515,中工,13,0,13,元大-和平,2024-02-23,9863
8112,至上,14,1,13,元大-和平,2024-02-23,9863
3017,奇鋐,21,8,13,元大-和平,2024-02-23,9863
3712,永崴投控,13,0,13,元大-和平,2024-02-23,9863
3033,威健,26,13,13,元大-和平,2024-02-23,9863
3583,辛耘,26,13,13,元大-和平,2024-02-23,9863
1609,大亞,17,5,12,元大-和平,2024-02-23,9863
2356,英業達,27,15,12,元大-和平,2024-02-23,9863
00720B,元大投資級公司債,12,0,12,元大-和平,2024-02-23,9863
2327,國巨,11,0,11,元大-和平,2024-02-23,9863
2610,華航,16,5,11,元大-和平,2024-02-23,9863
9958,世紀鋼,22,11,11,元大-和平,2024-02-23,9863
00919,群益台灣精選高息,118,9,109,元大-和平,2024-02-26,9863
9934,成霖,100,0,100,元大-和平,2024-02-26,9863
6530,創威,78,0,78,元大-和平,2024-02-26,9863
8069,元太,78,2,76,元大-和平,2024-02-26,9863
00715L,期街口布蘭特正2,64,0,64,元大-和平,2024-02-26,9863
00878,國泰永續高股息,209,148,61,元大-和平,2024-02-26,9863
00929,復華台灣科技優息,244,185,59,元大-和平,2024-02-26,9863
3481,群創,65,7,58,元大-和平,2024-02-26,9863
6592,和潤企業,55,0,55,元大-和平,2024-02-26,9863
3390,旭軟,61,6,55,元大-和平,2024-02-26,9863
3231,緯創,56,9,47,元大-和平,2024-02-26,9863
00933B,國泰10Y+金融債,61,16,45,元大-和平,2024-02-26,9863
9958,世紀鋼,55,10,45,元大-和平,2024-02-26,9863
1101,台泥,41,2,39,元大-和平,2024-02-26,9863
4147,中裕,40,7,33,元大-和平,2024-02-26,9863
5234,達興材料,32,1,31,元大-和平,2024-02-26,9863
2417,圓剛,31,0,31,元大-和平,2024-02-26,9863
1609,大亞,49,21,28,元大-和平,2024-02-26,9863
5258,虹堡,41,15,26,元大-和平,2024-02-26,9863
00937B,群益ESG投等債20,25,0,25,元大-和平,2024-02-26,9863
2352,佳世達,25,0,25,元大-和平,2024-02-26,9863
2408,南亞科,26,2,24,元大-和平,2024-02-26,9863
8040,九暘,54,30,24,元大-和平,2024-02-26,9863
2409,友達,27,4,23,元大-和平,2024-02-26,9863
1710,東聯,24,2,22,元大-和平,2024-02-26,9863
00757,統一FANG+,21,0,21,元大-和平,2024-02-26,9863
2353,宏��,23,3,20,元大-和平,2024-02-26,9863
3217,優群,19,0,19,元大-和平,2024-02-26,9863
2603,長榮,20,1,19,元大-和平,2024-02-26,9863
2617,台航,18,0,18,元大-和平,2024-02-26,9863
2428,興勤,18,0,18,元大-和平,2024-02-26,9863
1503,士電,26,9,17,元大-和平,2024-02-26,9863
1608,華榮,17,0,17,元大-和平,2024-02-26,9863
2449,京元電子,39,23,16,元大-和平,2024-02-26,9863
3010,華立,17,1,16,元大-和平,2024-02-26,9863
3033,威健,16,1,15,元大-和平,2024-02-26,9863
4979,華星光,23,8,15,元大-和平,2024-02-26,9863
00904,新光臺灣半導體30,15,0,15,元大-和平,2024-02-26,9863
6456,GIS-KY,15,0,15,元大-和平,2024-02-26,9863
8110,華東,15,0,15,元大-和平,2024-02-26,9863
8938,明安,15,0,15,元大-和平,2024-02-26,9863
6122,擎邦,23,8,15,元大-和平,2024-02-26,9863
2371,大同,26,11,15,元大-和平,2024-02-26,9863
00891,中信關鍵半導體,16,2,14,元大-和平,2024-02-26,9863
1514,亞力,71,58,13,元大-和平,2024-02-26,9863
2382,廣達,13,0,13,元大-和平,2024-02-26,9863
2303,聯電,15,2,13,元大-和平,2024-02-26,9863
2888,新光金,13,0,13,元大-和平,2024-02-26,9863
6770,力積電,14,1,13,元大-和平,2024-02-26,9863
00751B,元大AAA至A公司債,17,5,12,元大-和平,2024-02-26,9863
2891,中信金,300,0,300,元大-和平,2024-02-27,9863
00632R,元大台灣50反1,164,8,156,元大-和平,2024-02-27,9863
00878,國泰永續高股息,284,139,145,元大-和平,2024-02-27,9863
00687B,國泰20年美債,125,5,120,元大-和平,2024-02-27,9863
3231,緯創,103,17,86,元大-和平,2024-02-27,9863
00929,復華台灣科技優息,138,59,79,元大-和平,2024-02-27,9863
00679B,元大美債20年,73,1,72,元大-和平,2024-02-27,9863
00919,群益台灣精選高息,102,30,72,元大-和平,2024-02-27,9863
9934,成霖,70,0,70,元大-和平,2024-02-27,9863
3450,聯鈞,105,42,63,元大-和平,2024-02-27,9863
00937B,群益ESG投等債20,76,15,61,元大-和平,2024-02-27,9863
4503,金雨,51,2,49,元大-和平,2024-02-27,9863
3041,揚智,54,6,48,元大-和平,2024-02-27,9863
2888,新光金,36,0,36,元大-和平,2024-02-27,9863
3037,欣興,46,13,33,元大-和平,2024-02-27,9863
00882,中信中國高股息,35,4,31,元大-和平,2024-02-27,9863
6585,鼎基,31,1,30,元大-和平,2024-02-27,9863
6799,來頡,35,5,30,元大-和平,2024-02-27,9863
2723,美食-KY,30,0,30,元大-和平,2024-02-27,9863
6227,茂綸,30,0,30,元大-和平,2024-02-27,9863
6592,和潤企業,30,0,30,元大-和平,2024-02-27,9863
00904,新光臺灣半導體30,29,0,29,元大-和平,2024-02-27,9863
3583,辛耘,52,23,29,元大-和平,2024-02-27,9863
6138,茂達,33,5,28,元大-和平,2024-02-27,9863
6167,久正,30,5,25,元大-和平,2024-02-27,9863
9904,寶成,35,10,25,元大-和平,2024-02-27,9863
9945,潤泰新,25,0,25,元大-和平,2024-02-27,9863
2498,宏達電,26,2,24,元大-和平,2024-02-27,9863
8096,擎亞,32,8,24,元大-和平,2024-02-27,9863
2481,強茂,22,0,22,元大-和平,2024-02-27,9863
00637L,元大滬深300正2,20,0,20,元大-和平,2024-02-27,9863
2845,遠東銀,20,0,20,元大-和平,2024-02-27,9863
3010,華立,23,3,20,元大-和平,2024-02-27,9863
2609,陽明,23,3,20,元大-和平,2024-02-27,9863
2301,光寶科,21,2,19,元大-和平,2024-02-27,9863
6284,佳邦,25,8,17,元大-和平,2024-02-27,9863
5388,中磊,20,3,17,元大-和平,2024-02-27,9863
2382,廣達,40,23,17,元大-和平,2024-02-27,9863
6126,信音,20,4,16,元大-和平,2024-02-27,9863
8383,千附,16,0,16,元大-和平,2024-02-27,9863
3033,威健,18,3,15,元大-和平,2024-02-27,9863
00751B,元大AAA至A公司債,18,3,15,元大-和平,2024-02-27,9863
2014,中鴻,15,0,15,元大-和平,2024-02-27,9863
4755,三福化,16,1,15,元大-和平,2024-02-27,9863
4956,光鋐,15,0,15,元大-和平,2024-02-27,9863
8111,立��,15,0,15,元大-和平,2024-02-27,9863
2002,中鋼,15,0,15,元大-和平,2024-02-27,9863
00933B,國泰10Y+金融債,14,0,14,元大-和平,2024-02-27,9863
6531,愛普*,15,1,14,元大-和平,2024-02-27,9863
00795B,中信美國公債20年,14,0,14,元大-和平,2024-02-27,9863
00878,國泰永續高股息,1843,6,1837,元大-和平,2024-02-29,9863
00687B,國泰20年美債,167,0,167,元大-和平,2024-02-29,9863
00937B,群益ESG投等債20,79,0,79,元大-和平,2024-02-29,9863
6141,柏承,60,0,60,元大-和平,2024-02-29,9863
6592,和潤企業,50,0,50,元大-和平,2024-02-29,9863
00929,復華台灣科技優息,74,27,47,元大-和平,2024-02-29,9863
2495,普安,57,11,46,元大-和平,2024-02-29,9863
4123,晟德,47,3,44,元大-和平,2024-02-29,9863
00751B,元大AAA至A公司債,42,0,42,元大-和平,2024-02-29,9863
00919,群益台灣精選高息,36,4,32,元大-和平,2024-02-29,9863
6143,振曜,30,2,28,元大-和平,2024-02-29,9863
6426,統新,29,2,27,元大-和平,2024-02-29,9863
3231,緯創,32,7,25,元大-和平,2024-02-29,9863
2880,華南金,23,1,22,元大-和平,2024-02-29,9863
00915,凱基優選高股息30,20,0,20,元大-和平,2024-02-29,9863
00679B,元大美債20年,22,3,19,元大-和平,2024-02-29,9863
1795,美時,24,5,19,元大-和平,2024-02-29,9863
00933B,國泰10Y+金融債,18,0,18,元大-和平,2024-02-29,9863
8070,長華*,18,0,18,元大-和平,2024-02-29,9863
2301,光寶科,17,0,17,元大-和平,2024-02-29,9863
3653,健策,17,0,17,元大-和平,2024-02-29,9863
1503,士電,32,15,17,元大-和平,2024-02-29,9863
00885,富邦越南,15,0,15,元大-和平,2024-02-29,9863
1598,岱宇,15,0,15,元大-和平,2024-02-29,9863
2801,彰銀,20,5,15,元大-和平,2024-02-29,9863
5351,鈺創,17,3,14,元大-和平,2024-02-29,9863
00633L,富邦上証正2,20,6,14,元大-和平,2024-02-29,9863
3217,優群,15,1,14,元大-和平,2024-02-29,9863
8069,元太,32,18,14,元大-和平,2024-02-29,9863
8926,台汽電,33,20,13,元大-和平,2024-02-29,9863
6706,惠特,13,0,13,元大-和平,2024-02-29,9863
00673R,期元大S＆P原油反1,12,0,12,元大-和平,2024-02-29,9863
2633,台灣高鐵,12,0,12,元大-和平,2024-02-29,9863
3450,聯鈞,18,6,12,元大-和平,2024-02-29,9863
1522,堤維西,32,21,11,元大-和平,2024-02-29,9863
6438,迅得,14,3,11,元大-和平,2024-02-29,9863
00857B,永豐20年美公債,10,0,10,元大-和平,2024-02-29,9863
1101,台泥,10,0,10,元大-和平,2024-02-29,9863
1809,中釉,10,0,10,元大-和平,2024-02-29,9863
2324,仁寶,19,9,10,元大-和平,2024-02-29,9863
3455,由田,11,1,10,元大-和平,2024-02-29,9863
0056,元大高股息,16,7,9,元大-和平,2024-02-29,9863
5225,東科-KY,11,2,9,元大-和平,2024-02-29,9863
3338,泰碩,9,0,9,元大-和平,2024-02-29,9863
5452,佶優,12,3,9,元大-和平,2024-02-29,9863
6462,神盾,22,13,9,元大-和平,2024-02-29,9863
1711,永光,9,1,8,元大-和平,2024-02-29,9863
2330,台積電,11,3,8,元大-和平,2024-02-29,9863
3163,波若威,8,0,8,元大-和平,2024-02-29,9863
00662,富邦NASDAQ,8,0,8,元大-和平,2024-02-29,9863
00919,群益台灣精選高息,387,16,371,元大-和平,2024-03-01,9863
2206,三陽工業,89,9,80,元大-和平,2024-03-01,9863
2409,友達,74,2,72,元大-和平,2024-03-01,9863
3071,協禧,71,1,70,元大-和平,2024-03-01,9863
00937B,群益ESG投等債20,78,10,68,元大-和平,2024-03-01,9863
00687B,國泰20年美債,63,3,60,元大-和平,2024-03-01,9863
00690,兆豐藍籌30,43,0,43,元大-和平,2024-03-01,9863
6288,聯嘉,59,17,42,元大-和平,2024-03-01,9863
00933B,國泰10Y+金融債,32,0,32,元大-和平,2024-03-01,9863
2618,長榮航,41,10,31,元大-和平,2024-03-01,9863
6414,樺漢,27,0,27,元大-和平,2024-03-01,9863
00929,復華台灣科技優息,43,17,26,元大-和平,2024-03-01,9863
00918,大華優利高填息30,23,0,23,元大-和平,2024-03-01,9863
2882,國泰金,22,0,22,元大-和平,2024-03-01,9863
6138,茂達,21,0,21,元大-和平,2024-03-01,9863
5324,士開,20,0,20,元大-和平,2024-03-01,9863
2313,華通,32,13,19,元大-和平,2024-03-01,9863
00751B,元大AAA至A公司債,19,0,19,元大-和平,2024-03-01,9863
6799,來頡,23,4,19,元大-和平,2024-03-01,9863
3260,威剛,24,6,18,元大-和平,2024-03-01,9863
1316,上曜,30,12,18,元大-和平,2024-03-01,9863
9934,成霖,18,0,18,元大-和平,2024-03-01,9863
2324,仁寶,21,5,16,元大-和平,2024-03-01,9863
2002,中鋼,21,5,16,元大-和平,2024-03-01,9863
2610,華航,16,1,15,元大-和平,2024-03-01,9863
00679B,元大美債20年,17,2,15,元大-和平,2024-03-01,9863
3023,信邦,14,0,14,元大-和平,2024-03-01,9863
3588,通嘉,23,9,14,元大-和平,2024-03-01,9863
6271,同欣電,14,1,13,元大-和平,2024-03-01,9863
2376,技嘉,27,14,13,元大-和平,2024-03-01,9863
6257,矽格,13,1,12,元大-和平,2024-03-01,9863
00891,中信關鍵半導體,27,15,12,元大-和平,2024-03-01,9863
00641R,富邦日本反1,12,0,12,元大-和平,2024-03-01,9863
2425,承啟,12,0,12,元大-和平,2024-03-01,9863
3563,牧德,12,0,12,元大-和平,2024-03-01,9863
9945,潤泰新,12,0,12,元大-和平,2024-03-01,9863
3041,揚智,12,0,12,元大-和平,2024-03-01,9863
3055,蔚華科,12,1,11,元大-和平,2024-03-01,9863
1303,南亞,12,1,11,元大-和平,2024-03-01,9863
3163,波若威,13,2,11,元大-和平,2024-03-01,9863
8085,福華,45,34,11,元大-和平,2024-03-01,9863
4714,永捷,12,2,10,元大-和平,2024-03-01,9863
2547,日勝生,10,0,10,元大-和平,2024-03-01,9863
2633,台灣高鐵,10,0,10,元大-和平,2024-03-01,9863
6715,嘉基,10,0,10,元大-和平,2024-03-01,9863
8059,凱碩,16,6,10,元大-和平,2024-03-01,9863
2371,大同,24,15,9,元大-和平,2024-03-01,9863
00713,元大台灣高息低波,10,1,9,元大-和平,2024-03-01,9863
1108,幸福,10,1,9,元大-和平,2024-03-01,9863
1513,中興電,39,31,8,元大-和平,2024-03-01,9863
2892,第一金,807,0,807,元大-和平,2024-03-04,9863
2891,中信金,400,4,396,元大-和平,2024-03-04,9863
9934,成霖,238,39,199,元大-和平,2024-03-04,9863
2888,新光金,178,5,173,元大-和平,2024-03-04,9863
3013,晟銘電,117,35,82,元大-和平,2024-03-04,9863
00915,凱基優選高股息30,71,0,71,元大-和平,2024-03-04,9863
00937B,群益ESG投等債20,66,0,66,元大-和平,2024-03-04,9863
1618,合機,65,1,64,元大-和平,2024-03-04,9863
3071,協禧,55,0,55,元大-和平,2024-03-04,9863
00679B,元大美債20年,69,15,54,元大-和平,2024-03-04,9863
4543,萬在,54,4,50,元大-和平,2024-03-04,9863
2618,長榮航,54,5,49,元大-和平,2024-03-04,9863
6125,廣運,56,7,49,元大-和平,2024-03-04,9863
00918,大華優利高填息30,36,0,36,元大-和平,2024-03-04,9863
00753L,中信中國50正2,34,0,34,元大-和平,2024-03-04,9863
2409,友達,43,10,33,元大-和平,2024-03-04,9863
1104,環泥,31,0,31,元大-和平,2024-03-04,9863
3645,達邁,52,22,30,元大-和平,2024-03-04,9863
3689,湧德,55,28,27,元大-和平,2024-03-04,9863
00637L,元大滬深300正2,30,6,24,元大-和平,2024-03-04,9863
2390,云辰,22,0,22,元大-和平,2024-03-04,9863
6218,豪勉,22,0,22,元大-和平,2024-03-04,9863
2353,宏��,43,22,21,元大-和平,2024-03-04,9863
2230,泰茂,25,4,21,元大-和平,2024-03-04,9863
4951,精拓科,22,1,21,元大-和平,2024-03-04,9863
1513,中興電,40,20,20,元大-和平,2024-03-04,9863
2382,廣達,34,15,19,元大-和平,2024-03-04,9863
1605,華新,22,4,18,元大-和平,2024-03-04,9863
1609,大亞,21,3,18,元大-和平,2024-03-04,9863
00830,國泰費城半導體,18,0,18,元大-和平,2024-03-04,9863
00933B,國泰10Y+金融債,17,0,17,元大-和平,2024-03-04,9863
2027,大成鋼,16,1,15,元大-和平,2024-03-04,9863
2485,兆赫,35,20,15,元大-和平,2024-03-04,9863
6703,軒郁,15,0,15,元大-和平,2024-03-04,9863
8938,明安,15,0,15,元大-和平,2024-03-04,9863
3268,海德威,14,0,14,元大-和平,2024-03-04,9863
3322,建舜電,22,8,14,元大-和平,2024-03-04,9863
6138,茂達,13,0,13,元大-和平,2024-03-04,9863
2002,中鋼,14,1,13,元大-和平,2024-03-04,9863
5880,合庫金,13,0,13,元大-和平,2024-03-04,9863
2610,華航,15,3,12,元大-和平,2024-03-04,9863
6127,九豪,22,10,12,元大-和平,2024-03-04,9863
2327,國巨,13,2,11,元大-和平,2024-03-04,9863
00922,國泰台灣領袖50,13,2,11,元大-和平,2024-03-04,9863
2915,潤泰全,13,2,11,元大-和平,2024-03-04,9863
2385,群光,12,1,11,元大-和平,2024-03-04,9863
2609,陽明,14,4,10,元大-和平,2024-03-04,9863
1301,台塑,14,4,10,元大-和平,2024-03-04,9863
6715,嘉基,11,1,10,元大-和平,2024-03-04,9863
1809,中釉,10,0,10,元大-和平,2024-03-04,9863
6143,振曜,571,7,564,元大-和平,2024-03-05,9863
5876,上海商銀,500,0,500,元大-和平,2024-03-05,9863
00687B,國泰20年美債,255,0,255,元大-和平,2024-03-05,9863
00632R,元大台灣50反1,630,436,194,元大-和平,2024-03-05,9863
00919,群益台灣精選高息,191,30,161,元大-和平,2024-03-05,9863
1513,中興電,173,14,159,元大-和平,2024-03-05,9863
2891,中信金,100,2,98,元大-和平,2024-03-05,9863
1815,富喬,100,10,90,元大-和平,2024-03-05,9863
3481,群創,79,0,79,元大-和平,2024-03-05,9863
8112,至上,80,7,73,元大-和平,2024-03-05,9863
9934,成霖,66,0,66,元大-和平,2024-03-05,9863
2888,新光金,48,0,48,元大-和平,2024-03-05,9863
2903,遠百,46,0,46,元大-和平,2024-03-05,9863
2367,燿華,62,17,45,元大-和平,2024-03-05,9863
00753L,中信中國50正2,45,0,45,元大-和平,2024-03-05,9863
00929,復華台灣科技優息,46,5,41,元大-和平,2024-03-05,9863
8938,明安,40,0,40,元大-和平,2024-03-05,9863
00679B,元大美債20年,37,0,37,元大-和平,2024-03-05,9863
2317,鴻海,77,43,34,元大-和平,2024-03-05,9863
1409,新纖,61,28,33,元大-和平,2024-03-05,9863
3013,晟銘電,77,46,31,元大-和平,2024-03-05,9863
8054,安國,43,12,31,元大-和平,2024-03-05,9863
2637,慧洋-KY,33,4,29,元大-和平,2024-03-05,9863
00712,復華富時不動產,25,0,25,元大-和平,2024-03-05,9863
2230,泰茂,25,0,25,元大-和平,2024-03-05,9863
2537,聯上發,25,0,25,元大-和平,2024-03-05,9863
2882,國泰金,41,17,24,元大-和平,2024-03-05,9863
1303,南亞,24,0,24,元大-和平,2024-03-05,9863
3645,達邁,22,0,22,元大-和平,2024-03-05,9863
2303,聯電,43,22,21,元大-和平,2024-03-05,9863
8070,長華*,22,1,21,元大-和平,2024-03-05,9863
2884,玉山金,21,2,19,元大-和平,2024-03-05,9863
00882,中信中國高股息,18,0,18,元大-和平,2024-03-05,9863
00915,凱基優選高股息30,16,0,16,元大-和平,2024-03-05,9863
6141,柏承,16,0,16,元大-和平,2024-03-05,9863
3322,建舜電,15,0,15,元大-和平,2024-03-05,9863
2748,雲品,17,2,15,元大-和平,2024-03-05,9863
5426,振發,18,5,13,元大-和平,2024-03-05,9863
2385,群光,13,0,13,元大-和平,2024-03-05,9863
3376,新日興,33,21,12,元大-和平,2024-03-05,9863
2301,光寶科,14,2,12,元大-和平,2024-03-05,9863
2030,彰源,12,0,12,元大-和平,2024-03-05,9863
2206,三陽工業,11,0,11,元大-和平,2024-03-05,9863
2406,國碩,11,0,11,元大-和平,2024-03-05,9863
2425,承啟,12,1,11,元大-和平,2024-03-05,9863
2605,新興,13,2,11,元大-和平,2024-03-05,9863
1301,台塑,17,7,10,元大-和平,2024-03-05,9863
00937B,群益ESG投等債20,15,5,10,元大-和平,2024-03-05,9863
2312,金寶,10,0,10,元大-和平,2024-03-05,9863
2337,旺宏,10,0,10,元大-和平,2024-03-05,9863
2881,富邦金,200,6,194,元大-和平,2024-03-06,9863
00919,群益台灣精選高息,208,17,191,元大-和平,2024-03-06,9863
00632R,元大台灣50反1,213,38,175,元大-和平,2024-03-06,9863
2356,英業達,176,10,166,元大-和平,2024-03-06,9863
2313,華通,114,9,105,元大-和平,2024-03-06,9863
2903,遠百,85,0,85,元大-和平,2024-03-06,9863
2002,中鋼,85,0,85,元大-和平,2024-03-06,9863
9904,寶成,80,0,80,元大-和平,2024-03-06,9863
3689,湧德,100,20,80,元大-和平,2024-03-06,9863
2882,國泰金,84,10,74,元大-和平,2024-03-06,9863
2486,一詮,122,69,53,元大-和平,2024-03-06,9863
3163,波若威,59,6,53,元大-和平,2024-03-06,9863
00679B,元大美債20年,63,11,52,元大-和平,2024-03-06,9863
1339,昭輝,50,0,50,元大-和平,2024-03-06,9863
3551,世禾,42,0,42,元大-和平,2024-03-06,9863
3645,達邁,137,95,42,元大-和平,2024-03-06,9863
00915,凱基優選高股息30,38,0,38,元大-和平,2024-03-06,9863
00929,復華台灣科技優息,66,33,33,元大-和平,2024-03-06,9863
6117,迎廣,73,42,31,元大-和平,2024-03-06,9863
6197,佳必琪,36,6,30,元大-和平,2024-03-06,9863
00719B,元大美債1-3,30,0,30,元大-和平,2024-03-06,9863
00712,復華富時不動產,30,0,30,元大-和平,2024-03-06,9863
8011,台通,29,4,25,元大-和平,2024-03-06,9863
1773,勝一,30,5,25,元大-和平,2024-03-06,9863
6143,振曜,25,0,25,元大-和平,2024-03-06,9863
2206,三陽工業,26,1,25,元大-和平,2024-03-06,9863
6141,柏承,27,2,25,元大-和平,2024-03-06,9863
1609,大亞,107,84,23,元大-和平,2024-03-06,9863
6126,信音,24,2,22,元大-和平,2024-03-06,9863
5009,榮剛,28,7,21,元大-和平,2024-03-06,9863
00904,新光臺灣半導體30,20,0,20,元大-和平,2024-03-06,9863
3042,晶技,23,4,19,元大-和平,2024-03-06,9863
6290,良維,26,8,18,元大-和平,2024-03-06,9863
2464,盟立,25,7,18,元大-和平,2024-03-06,9863
00713,元大台灣高息低波,18,0,18,元大-和平,2024-03-06,9863
3325,旭品,23,6,17,元大-和平,2024-03-06,9863
00918,大華優利高填息30,40,23,17,元大-和平,2024-03-06,9863
5465,富驊,19,4,15,元大-和平,2024-03-06,9863
5388,中磊,15,2,13,元大-和平,2024-03-06,9863
2327,國巨,13,0,13,元大-和平,2024-03-06,9863
00937B,群益ESG投等債20,46,33,13,元大-和平,2024-03-06,9863
1514,亞力,27,14,13,元大-和平,2024-03-06,9863
00637L,元大滬深300正2,13,1,12,元大-和平,2024-03-06,9863
2305,全友,12,0,12,元大-和平,2024-03-06,9863
2615,萬海,13,1,12,元大-和平,2024-03-06,9863
6451,訊芯-KY,12,0,12,元大-和平,2024-03-06,9863
2352,佳世達,12,0,12,元大-和平,2024-03-06,9863
3530,晶相光,11,0,11,元大-和平,2024-03-06,9863
1589,永冠-KY,11,0,11,元大-和平,2024-03-06,9863
3265,台星科,12,1,11,元大-和平,2024-03-06,9863
2317,鴻海,578,55,523,元大-和平,2024-03-07,9863
2834,臺企銀,300,13,287,元大-和平,2024-03-07,9863
00632R,元大台灣50反1,720,523,197,元大-和平,2024-03-07,9863
8112,至上,155,15,140,元大-和平,2024-03-07,9863
00919,群益台灣精選高息,227,101,126,元大-和平,2024-03-07,9863
1815,富喬,160,42,118,元大-和平,2024-03-07,9863
3481,群創,126,27,99,元大-和平,2024-03-07,9863
3325,旭品,98,7,91,元大-和平,2024-03-07,9863
6143,振曜,93,6,87,元大-和平,2024-03-07,9863
00937B,群益ESG投等債20,101,32,69,元大-和平,2024-03-07,9863
2101,南港,59,0,59,元大-和平,2024-03-07,9863
00679B,元大美債20年,64,17,47,元大-和平,2024-03-07,9863
3260,威剛,45,1,44,元大-和平,2024-03-07,9863
2367,燿華,103,60,43,元大-和平,2024-03-07,9863
3715,定穎投控,40,0,40,元大-和平,2024-03-07,9863
6770,力積電,41,2,39,元大-和平,2024-03-07,9863
6217,中探針,40,4,36,元大-和平,2024-03-07,9863
2313,華通,63,30,33,元大-和平,2024-03-07,9863
6141,柏承,30,0,30,元大-和平,2024-03-07,9863
1316,上曜,81,52,29,元大-和平,2024-03-07,9863
3231,緯創,48,19,29,元大-和平,2024-03-07,9863
3322,建舜電,27,0,27,元大-和平,2024-03-07,9863
00891,中信關鍵半導體,40,16,24,元大-和平,2024-03-07,9863
2417,圓剛,33,10,23,元大-和平,2024-03-07,9863
3211,順達,23,1,22,元大-和平,2024-03-07,9863
00687B,國泰20年美債,24,3,21,元大-和平,2024-03-07,9863
2324,仁寶,28,8,20,元大-和平,2024-03-07,9863
00673R,期元大S＆P原油反1,20,0,20,元大-和平,2024-03-07,9863
6414,樺漢,22,3,19,元大-和平,2024-03-07,9863
2382,廣達,25,7,18,元大-和平,2024-03-07,9863
2485,兆赫,23,5,18,元大-和平,2024-03-07,9863
3163,波若威,48,30,18,元大-和平,2024-03-07,9863
00929,復華台灣科技優息,69,52,17,元大-和平,2024-03-07,9863
2368,金像電,24,7,17,元大-和平,2024-03-07,9863
2888,新光金,18,1,17,元大-和平,2024-03-07,9863
00915,凱基優選高股息30,28,12,16,元大-和平,2024-03-07,9863
3013,晟銘電,67,52,15,元大-和平,2024-03-07,9863
00918,大華優利高填息30,16,1,15,元大-和平,2024-03-07,9863
1409,新纖,15,0,15,元大-和平,2024-03-07,9863
1449,佳和,15,0,15,元大-和平,2024-03-07,9863
2801,彰銀,15,2,13,元大-和平,2024-03-07,9863
4906,正文,17,4,13,元大-和平,2024-03-07,9863
6667,信紘科,26,14,12,元大-和平,2024-03-07,9863
00904,新光臺灣半導體30,32,20,12,元大-和平,2024-03-07,9863
3234,光環,12,0,12,元大-和平,2024-03-07,9863
5460,同協,12,0,12,元大-和平,2024-03-07,9863
6239,力成,13,1,12,元大-和平,2024-03-07,9863
1725,元禎,11,0,11,元大-和平,2024-03-07,9863
2030,彰源,11,0,11,元大-和平,2024-03-07,9863
3189,景碩,11,0,11,元大-和平,2024-03-07,9863
9934,成霖,750,60,690,元大-和平,2024-03-08,9863
00632R,元大台灣50反1,445,55,390,元大-和平,2024-03-08,9863
2834,臺企銀,161,2,159,元大-和平,2024-03-08,9863
00918,大華優利高填息30,103,33,70,元大-和平,2024-03-08,9863
00687B,國泰20年美債,63,4,59,元大-和平,2024-03-08,9863
1815,富喬,66,16,50,元大-和平,2024-03-08,9863
2890,永豐金,46,0,46,元大-和平,2024-03-08,9863
3260,威剛,41,0,41,元大-和平,2024-03-08,9863
3481,群創,42,2,40,元大-和平,2024-03-08,9863
2457,飛宏,38,0,38,元大-和平,2024-03-08,9863
3338,泰碩,42,6,36,元大-和平,2024-03-08,9863
00937B,群益ESG投等債20,61,26,35,元大-和平,2024-03-08,9863
5521,工信,36,3,33,元大-和平,2024-03-08,9863
2610,華航,33,1,32,元大-和平,2024-03-08,9863
2762,世界健身-KY,30,0,30,元大-和平,2024-03-08,9863
9958,世紀鋼,28,0,28,元大-和平,2024-03-08,9863
8938,明安,27,0,27,元大-和平,2024-03-08,9863
3563,牧德,25,1,24,元大-和平,2024-03-08,9863
00931B,統一美債20年,30,8,22,元大-和平,2024-03-08,9863
3322,建舜電,22,0,22,元大-和平,2024-03-08,9863
00673R,期元大S＆P原油反1,20,0,20,元大-和平,2024-03-08,9863
1584,精剛,20,0,20,元大-和平,2024-03-08,9863
2317,鴻海,23,3,20,元大-和平,2024-03-08,9863
2382,廣達,26,6,20,元大-和平,2024-03-08,9863
6123,上奇,19,0,19,元大-和平,2024-03-08,9863
9941,裕融,21,2,19,元大-和平,2024-03-08,9863
1108,幸福,16,0,16,元大-和平,2024-03-08,9863
2030,彰源,16,0,16,元大-和平,2024-03-08,9863
8105,凌巨,16,0,16,元大-和平,2024-03-08,9863
3013,晟銘電,82,68,14,元大-和平,2024-03-08,9863
00935,野村臺灣新科技50,13,0,13,元大-和平,2024-03-08,9863
2106,建大,13,0,13,元大-和平,2024-03-08,9863
2485,兆赫,13,0,13,元大-和平,2024-03-08,9863
3312,弘憶股,13,0,13,元大-和平,2024-03-08,9863
3694,海華,16,3,13,元大-和平,2024-03-08,9863
6284,佳邦,21,8,13,元大-和平,2024-03-08,9863
2399,映泰,13,0,13,元大-和平,2024-03-08,9863
1301,台塑,20,7,13,元大-和平,2024-03-08,9863
1609,大亞,16,4,12,元大-和平,2024-03-08,9863
6592,和潤企業,12,0,12,元大-和平,2024-03-08,9863
2201,裕隆,12,0,12,元大-和平,2024-03-08,9863
6742,澤米,12,0,12,元大-和平,2024-03-08,9863
2363,矽統,14,2,12,元大-和平,2024-03-08,9863
2393,億光,11,0,11,元大-和平,2024-03-08,9863
2636,台驊控股,16,5,11,元大-和平,2024-03-08,9863
3234,光環,12,1,11,元大-和平,2024-03-08,9863
5244,弘凱,11,0,11,元大-和平,2024-03-08,9863
6292,迅德,11,0,11,元大-和平,2024-03-08,9863
3006,晶豪科,12,1,11,元大-和平,2024-03-08,9863
3711,日月光投控,48,38,10,元大-和平,2024-03-08,9863
2834,臺企銀,161,0,161,元大-和平,2024-03-11,9863
2344,華邦電,148,0,148,元大-和平,2024-03-11,9863
00929,復華台灣科技優息,145,28,117,元大-和平,2024-03-11,9863
00919,群益台灣精選高息,144,35,109,元大-和平,2024-03-11,9863
00687B,國泰20年美債,98,8,90,元大-和平,2024-03-11,9863
2303,聯電,99,38,61,元大-和平,2024-03-11,9863
3711,日月光投控,55,1,54,元大-和平,2024-03-11,9863
2610,華航,56,2,54,元大-和平,2024-03-11,9863
00918,大華優利高填息30,44,1,43,元大-和平,2024-03-11,9863
00915,凱基優選高股息30,34,0,34,元大-和平,2024-03-11,9863
2367,燿華,70,39,31,元大-和平,2024-03-11,9863
1815,富喬,30,0,30,元大-和平,2024-03-11,9863
2855,統一證,30,1,29,元大-和平,2024-03-11,9863
2330,台積電,37,8,29,元大-和平,2024-03-11,9863
3163,波若威,78,50,28,元大-和平,2024-03-11,9863
2891,中信金,30,3,27,元大-和平,2024-03-11,9863
8040,九暘,39,14,25,元大-和平,2024-03-11,9863
3645,達邁,39,16,23,元大-和平,2024-03-11,9863
2449,京元電子,25,3,22,元大-和平,2024-03-11,9863
6187,萬潤,22,3,19,元大-和平,2024-03-11,9863
00933B,國泰10Y+金融債,19,0,19,元大-和平,2024-03-11,9863
2516,新建,19,0,19,元大-和平,2024-03-11,9863
00690,兆豐藍籌30,15,0,15,元大-和平,2024-03-11,9863
6120,達運,14,1,13,元大-和平,2024-03-11,9863
3437,榮創,13,0,13,元大-和平,2024-03-11,9863
8938,明安,13,0,13,元大-和平,2024-03-11,9863
00922,國泰台灣領袖50,11,0,11,元大-和平,2024-03-11,9863
4906,正文,13,2,11,元大-和平,2024-03-11,9863
00645,富邦日本,10,0,10,元大-和平,2024-03-11,9863
00882,中信中國高股息,10,0,10,元大-和平,2024-03-11,9863
00712,復華富時不動產,10,0,10,元大-和平,2024-03-11,9863
00753L,中信中國50正2,10,0,10,元大-和平,2024-03-11,9863
1339,昭輝,10,0,10,元大-和平,2024-03-11,9863
5434,崇越,10,0,10,元大-和平,2024-03-11,9863
6016,康和證,10,0,10,元大-和平,2024-03-11,9863
8926,台汽電,13,3,10,元大-和平,2024-03-11,9863
2887,台新金,10,0,10,元大-和平,2024-03-11,9863
00679B,元大美債20年,9,0,9,元大-和平,2024-03-11,9863
2441,超豐,9,0,9,元大-和平,2024-03-11,9863
6125,廣運,20,11,9,元大-和平,2024-03-11,9863
00904,新光臺灣半導體30,9,0,9,元大-和平,2024-03-11,9863
3706,神達,20,12,8,元大-和平,2024-03-11,9863
2106,建大,8,0,8,元大-和平,2024-03-11,9863
4513,福裕,8,0,8,元大-和平,2024-03-11,9863
5521,工信,9,1,8,元大-和平,2024-03-11,9863
3294,英濟,8,0,8,元大-和平,2024-03-11,9863
8086,宏捷科,9,1,8,元大-和平,2024-03-11,9863
5388,中磊,7,0,7,元大-和平,2024-03-11,9863
00891,中信關鍵半導體,8,1,7,元大-和平,2024-03-11,9863
2369,菱生,7,0,7,元大-和平,2024-03-11,9863
00632R,元大台灣50反1,1355,13,1342,元大-和平,2024-03-12,9863
2303,聯電,241,116,125,元大-和平,2024-03-12,9863
00915,凱基優選高股息30,92,0,92,元大-和平,2024-03-12,9863
00919,群益台灣精選高息,180,108,72,元大-和平,2024-03-12,9863
1524,耿鼎,77,21,56,元大-和平,2024-03-12,9863
2313,華通,81,25,56,元大-和平,2024-03-12,9863
2610,華航,107,52,55,元大-和平,2024-03-12,9863
00679B,元大美債20年,68,15,53,元大-和平,2024-03-12,9863
00701,國泰股利精選30,50,0,50,元大-和平,2024-03-12,9863
2515,中工,50,0,50,元大-和平,2024-03-12,9863
00918,大華優利高填息30,49,0,49,元大-和平,2024-03-12,9863
6005,群益證,50,3,47,元大-和平,2024-03-12,9863
2408,南亞科,44,1,43,元大-和平,2024-03-12,9863
1582,信錦,77,35,42,元大-和平,2024-03-12,9863
2344,華邦電,41,0,41,元大-和平,2024-03-12,9863
00751B,元大AAA至A公司債,35,1,34,元大-和平,2024-03-12,9863
1316,上曜,76,43,33,元大-和平,2024-03-12,9863
2301,光寶科,36,4,32,元大-和平,2024-03-12,9863
3052,夆典,32,0,32,元大-和平,2024-03-12,9863
00733,富邦臺灣中小,30,0,30,元大-和平,2024-03-12,9863
1319,東陽,40,12,28,元大-和平,2024-03-12,9863
2409,友達,44,21,23,元大-和平,2024-03-12,9863
6290,良維,21,0,21,元大-和平,2024-03-12,9863
1907,永豐餘,20,0,20,元大-和平,2024-03-12,9863
2383,台光電,20,1,19,元大-和平,2024-03-12,9863
3706,神達,44,26,18,元大-和平,2024-03-12,9863
00933B,國泰10Y+金融債,20,2,18,元大-和平,2024-03-12,9863
8011,台通,16,0,16,元大-和平,2024-03-12,9863
1513,中興電,35,20,15,元大-和平,2024-03-12,9863
3583,辛耘,18,3,15,元大-和平,2024-03-12,9863
3325,旭品,22,8,14,元大-和平,2024-03-12,9863
00902,中信電池及儲能,14,0,14,元大-和平,2024-03-12,9863
2376,技嘉,17,4,13,元大-和平,2024-03-12,9863
2605,新興,15,2,13,元大-和平,2024-03-12,9863
3055,蔚華科,19,6,13,元大-和平,2024-03-12,9863
00878,國泰永續高股息,35,23,12,元大-和平,2024-03-12,9863
2367,燿華,40,28,12,元大-和平,2024-03-12,9863
1514,亞力,33,21,12,元大-和平,2024-03-12,9863
2401,凌陽,14,2,12,元大-和平,2024-03-12,9863
2486,一詮,30,18,12,元大-和平,2024-03-12,9863
6244,茂迪,12,0,12,元大-和平,2024-03-12,9863
00830,國泰費城半導體,11,0,11,元大-和平,2024-03-12,9863
4768,晶呈科技,11,0,11,元大-和平,2024-03-12,9863
6138,茂達,11,0,11,元大-和平,2024-03-12,9863
00692,富邦公司治理,11,0,11,元大-和平,2024-03-12,9863
00720B,元大投資級公司債,11,0,11,元大-和平,2024-03-12,9863
1785,光洋科,13,2,11,元大-和平,2024-03-12,9863
2441,超豐,12,2,10,元大-和平,2024-03-12,9863
00795B,中信美國公債20年,10,0,10,元大-和平,2024-03-12,9863
2250,IKKA-KY,10,0,10,元大-和平,2024-03-12,9863
2344,華邦電,2508,2,2506,元大-和平,2024-03-13,9863
2354,鴻準,218,65,153,元大-和平,2024-03-13,9863
2614,東森,195,55,140,元大-和平,2024-03-13,9863
00929,復華台灣科技優息,139,28,111,元大-和平,2024-03-13,9863
4958,臻鼎-KY,88,0,88,元大-和平,2024-03-13,9863
00918,大華優利高填息30,82,1,81,元大-和平,2024-03-13,9863
1314,中石化,86,5,81,元大-和平,2024-03-13,9863
9934,成霖,100,26,74,元大-和平,2024-03-13,9863
00919,群益台灣精選高息,238,176,62,元大-和平,2024-03-13,9863
3481,群創,55,0,55,元大-和平,2024-03-13,9863
2618,長榮航,66,12,54,元大-和平,2024-03-13,9863
3231,緯創,81,28,53,元大-和平,2024-03-13,9863
1609,大亞,53,9,44,元大-和平,2024-03-13,9863
2382,廣達,47,6,41,元大-和平,2024-03-13,9863
00687B,國泰20年美債,43,5,38,元大-和平,2024-03-13,9863
4961,天鈺,42,9,33,元大-和平,2024-03-13,9863
2303,聯電,141,108,33,元大-和平,2024-03-13,9863
2609,陽明,37,12,25,元大-和平,2024-03-13,9863
2301,光寶科,26,2,24,元大-和平,2024-03-13,9863
6770,力積電,27,5,22,元大-和平,2024-03-13,9863
00751B,元大AAA至A公司債,22,0,22,元大-和平,2024-03-13,9863
2337,旺宏,21,0,21,元大-和平,2024-03-13,9863
00933B,國泰10Y+金融債,79,59,20,元大-和平,2024-03-13,9863
3338,泰碩,19,1,18,元大-和平,2024-03-13,9863
4563,百德,18,0,18,元大-和平,2024-03-13,9863
8210,勤誠,20,3,17,元大-和平,2024-03-13,9863
3234,光環,17,0,17,元大-和平,2024-03-13,9863
6275,元山,25,8,17,元大-和平,2024-03-13,9863
1799,易威,16,0,16,元大-和平,2024-03-13,9863
2731,雄獅,17,1,16,元大-和平,2024-03-13,9863
00645,富邦日本,15,0,15,元大-和平,2024-03-13,9863
2449,京元電子,17,2,15,元大-和平,2024-03-13,9863
3563,牧德,15,0,15,元大-和平,2024-03-13,9863
8926,台汽電,23,8,15,元大-和平,2024-03-13,9863
1608,華榮,14,0,14,元大-和平,2024-03-13,9863
5386,青雲,15,1,14,元大-和平,2024-03-13,9863
2376,技嘉,39,26,13,元大-和平,2024-03-13,9863
00915,凱基優選高股息30,25,12,13,元大-和平,2024-03-13,9863
00927,群益半導體收益,13,0,13,元大-和平,2024-03-13,9863
1785,光洋科,14,1,13,元大-和平,2024-03-13,9863
2464,盟立,29,16,13,元大-和平,2024-03-13,9863
5243,乙盛-KY,17,5,12,元大-和平,2024-03-13,9863
2606,裕民,12,0,12,元大-和平,2024-03-13,9863
2355,敬鵬,12,1,11,元大-和平,2024-03-13,9863
2605,新興,13,2,11,元大-和平,2024-03-13,9863
2607,榮運,13,2,11,元大-和平,2024-03-13,9863
6477,安集,11,0,11,元大-和平,2024-03-13,9863
1513,中興電,42,32,10,元大-和平,2024-03-13,9863
6282,康舒,10,0,10,元大-和平,2024-03-13,9863
3587,閎康,10,0,10,元大-和平,2024-03-13,9863
2618,長榮航,2093,38,2055,元大-和平,2024-03-14,9863
2887,台新金,1002,126,876,元大-和平,2024-03-14,9863
2883,凱基金,511,76,435,元大-和平,2024-03-14,9863
00632R,元大台灣50反1,415,0,415,元大-和平,2024-03-14,9863
00687B,國泰20年美債,401,0,401,元大-和平,2024-03-14,9863
2882,國泰金,375,27,348,元大-和平,2024-03-14,9863
2891,中信金,412,71,341,元大-和平,2024-03-14,9863
00919,群益台灣精選高息,235,45,190,元大-和平,2024-03-14,9863
00679B,元大美債20年,117,2,115,元大-和平,2024-03-14,9863
2881,富邦金,90,5,85,元大-和平,2024-03-14,9863
2344,華邦電,77,0,77,元大-和平,2024-03-14,9863
00915,凱基優選高股息30,68,2,66,元大-和平,2024-03-14,9863
2486,一詮,85,32,53,元大-和平,2024-03-14,9863
00918,大華優利高填息30,55,3,52,元大-和平,2024-03-14,9863
3051,力特,54,4,50,元大-和平,2024-03-14,9863
00929,復華台灣科技優息,67,21,46,元大-和平,2024-03-14,9863
2371,大同,47,4,43,元大-和平,2024-03-14,9863
2354,鴻準,50,9,41,元大-和平,2024-03-14,9863
2723,美食-KY,60,22,38,元大-和平,2024-03-14,9863
00937B,群益ESG投等債20,33,0,33,元大-和平,2024-03-14,9863
8040,九暘,43,11,32,元大-和平,2024-03-14,9863
8938,明安,29,0,29,元大-和平,2024-03-14,9863
2356,英業達,34,8,26,元大-和平,2024-03-14,9863
2377,微星,25,0,25,元大-和平,2024-03-14,9863
8462,柏文,25,0,25,元大-和平,2024-03-14,9863
2382,廣達,32,8,24,元大-和平,2024-03-14,9863
3702,大聯大,24,0,24,元大-和平,2024-03-14,9863
5488,松普,24,0,24,元大-和平,2024-03-14,9863
00857B,永豐20年美公債,18,0,18,元大-和平,2024-03-14,9863
00673R,期元大S＆P原油反1,18,0,18,元大-和平,2024-03-14,9863
5386,青雲,26,8,18,元大-和平,2024-03-14,9863
6285,啟��,45,27,18,元大-和平,2024-03-14,9863
00680L,元大美債20正2,15,0,15,元大-和平,2024-03-14,9863
3413,京鼎,23,8,15,元大-和平,2024-03-14,9863
9945,潤泰新,32,17,15,元大-和平,2024-03-14,9863
2353,宏��,18,4,14,元大-和平,2024-03-14,9863
2888,新光金,15,3,12,元大-和平,2024-03-14,9863
8112,至上,13,1,12,元大-和平,2024-03-14,9863
3042,晶技,15,3,12,元大-和平,2024-03-14,9863
3005,神基,14,2,12,元大-和平,2024-03-14,9863
3231,緯創,29,17,12,元大-和平,2024-03-14,9863
1529,樂事綠能,11,0,11,元大-和平,2024-03-14,9863
2408,南亞科,13,2,11,元大-和平,2024-03-14,9863
6026,福邦證,11,0,11,元大-和平,2024-03-14,9863
2801,彰銀,16,5,11,元大-和平,2024-03-14,9863
00720B,元大投資級公司債,10,0,10,元大-和平,2024-03-14,9863
2376,技嘉,38,28,10,元大-和平,2024-03-14,9863
2614,東森,25,15,10,元大-和平,2024-03-14,9863
00923,群益台ESG低碳50,10,0,10,元大-和平,2024-03-14,9863
00931B,統一美債20年,13,3,10,元大-和平,2024-03-14,9863
2618,長榮航,1565,21,1544,元大-和平,2024-03-15,9863
9934,成霖,660,0,660,元大-和平,2024-03-15,9863
00941,中信上游半導體,385,30,355,元大-和平,2024-03-15,9863
00919,群益台灣精選高息,254,17,237,元大-和平,2024-03-15,9863
2356,英業達,161,4,157,元大-和平,2024-03-15,9863
2303,聯電,132,2,130,元大-和平,2024-03-15,9863
00715L,期街口布蘭特正2,100,6,94,元大-和平,2024-03-15,9863
00687B,國泰20年美債,109,51,58,元大-和平,2024-03-15,9863
00885,富邦越南,52,0,52,元大-和平,2024-03-15,9863
2020,美亞,50,0,50,元大-和平,2024-03-15,9863
1802,台玻,45,0,45,元大-和平,2024-03-15,9863
00713,元大台灣高息低波,45,2,43,元大-和平,2024-03-15,9863
2603,長榮,51,10,41,元大-和平,2024-03-15,9863
00679B,元大美債20年,39,0,39,元大-和平,2024-03-15,9863
8938,明安,38,0,38,元大-和平,2024-03-15,9863
2313,華通,48,11,37,元大-和平,2024-03-15,9863
2486,一詮,66,31,35,元大-和平,2024-03-15,9863
3450,聯鈞,36,2,34,元大-和平,2024-03-15,9863
2330,台積電,33,1,32,元大-和平,2024-03-15,9863
00673R,期元大S＆P原油反1,30,0,30,元大-和平,2024-03-15,9863
2597,潤弘,30,0,30,元大-和平,2024-03-15,9863
00753L,中信中國50正2,49,21,28,元大-和平,2024-03-15,9863
2634,漢翔,30,3,27,元大-和平,2024-03-15,9863
2352,佳世達,27,0,27,元大-和平,2024-03-15,9863
00680L,元大美債20正2,25,0,25,元大-和平,2024-03-15,9863
3217,優群,25,0,25,元大-和平,2024-03-15,9863
2607,榮運,28,4,24,元大-和平,2024-03-15,9863
2362,藍天,23,1,22,元大-和平,2024-03-15,9863
2845,遠東銀,21,0,21,元大-和平,2024-03-15,9863
2409,友達,23,2,21,元大-和平,2024-03-15,9863
1301,台塑,21,0,21,元大-和平,2024-03-15,9863
2614,東森,40,20,20,元大-和平,2024-03-15,9863
00751B,元大AAA至A公司債,27,8,19,元大-和平,2024-03-15,9863
00915,凱基優選高股息30,26,7,19,元大-和平,2024-03-15,9863
00857B,永豐20年美公債,18,0,18,元大-和平,2024-03-15,9863
1514,亞力,47,29,18,元大-和平,2024-03-15,9863
2636,台驊控股,18,0,18,元大-和平,2024-03-15,9863
2002,中鋼,16,0,16,元大-和平,2024-03-15,9863
00795B,中信美國公債20年,16,0,16,元大-和平,2024-03-15,9863
00937B,群益ESG投等債20,16,1,15,元大-和平,2024-03-15,9863
2353,宏��,17,3,14,元大-和平,2024-03-15,9863
00830,國泰費城半導體,13,0,13,元大-和平,2024-03-15,9863
6275,元山,18,6,12,元大-和平,2024-03-15,9863
2406,國碩,12,0,12,元大-和平,2024-03-15,9863
00637L,元大滬深300正2,12,0,12,元大-和平,2024-03-15,9863
00933B,國泰10Y+金融債,14,2,12,元大-和平,2024-03-15,9863
6438,迅得,21,9,12,元大-和平,2024-03-15,9863
2367,燿華,12,1,11,元大-和平,2024-03-15,9863
6547,高端疫苗,11,0,11,元大-和平,2024-03-15,9863
3540,曜越,11,0,11,元大-和平,2024-03-15,9863
2618,長榮航,933,0,933,元大-和平,2024-03-18,9863
2303,聯電,182,14,168,元大-和平,2024-03-18,9863
00919,群益台灣精選高息,164,49,115,元大-和平,2024-03-18,9863
00941,中信上游半導體,69,3,66,元大-和平,2024-03-18,9863
3217,優群,55,2,53,元大-和平,2024-03-18,9863
00679B,元大美債20年,53,0,53,元大-和平,2024-03-18,9863
00687B,國泰20年美債,50,0,50,元大-和平,2024-03-18,9863
00857B,永豐20年美公債,45,0,45,元大-和平,2024-03-18,9863
2324,仁寶,44,0,44,元大-和平,2024-03-18,9863
2382,廣達,49,17,32,元大-和平,2024-03-18,9863
2025,千興,30,0,30,元大-和平,2024-03-18,9863
3189,景碩,30,1,29,元大-和平,2024-03-18,9863
2885,元大金,37,11,26,元大-和平,2024-03-18,9863
00937B,群益ESG投等債20,26,0,26,元大-和平,2024-03-18,9863
3207,耀勝,31,8,23,元大-和平,2024-03-18,9863
00751B,元大AAA至A公司債,23,0,23,元大-和平,2024-03-18,9863
4414,如興,22,0,22,元大-和平,2024-03-18,9863
00918,大華優利高填息30,36,15,21,元大-和平,2024-03-18,9863
00720B,元大投資級公司債,21,0,21,元大-和平,2024-03-18,9863
8996,高力,22,1,21,元大-和平,2024-03-18,9863
00878,國泰永續高股息,23,2,21,元大-和平,2024-03-18,9863
3583,辛耘,26,6,20,元大-和平,2024-03-18,9863
00673R,期元大S＆P原油反1,50,30,20,元大-和平,2024-03-18,9863
5515,建國,21,1,20,元大-和平,2024-03-18,9863
6477,安集,20,0,20,元大-和平,2024-03-18,9863
00715L,期街口布蘭特正2,120,102,18,元大-和平,2024-03-18,9863
00830,國泰費城半導體,18,0,18,元大-和平,2024-03-18,9863
2208,台船,23,5,18,元大-和平,2024-03-18,9863
2743,山富,19,1,18,元大-和平,2024-03-18,9863
2603,長榮,22,5,17,元大-和平,2024-03-18,9863
4938,和碩,23,8,15,元大-和平,2024-03-18,9863
5324,士開,15,0,15,元大-和平,2024-03-18,9863
8011,台通,20,5,15,元大-和平,2024-03-18,9863
2329,華泰,35,21,14,元大-和平,2024-03-18,9863
2301,光寶科,15,2,13,元大-和平,2024-03-18,9863
00933B,國泰10Y+金融債,23,10,13,元大-和平,2024-03-18,9863
2597,潤弘,13,0,13,元大-和平,2024-03-18,9863
6446,藥華藥,13,0,13,元大-和平,2024-03-18,9863
6111,大宇資,11,0,11,元大-和平,2024-03-18,9863
2883,凱基金,23,12,11,元大-和平,2024-03-18,9863
2383,台光電,11,1,10,元大-和平,2024-03-18,9863
00680L,元大美債20正2,10,0,10,元大-和平,2024-03-18,9863
1584,精剛,10,0,10,元大-和平,2024-03-18,9863
2601,益航,10,0,10,元大-和平,2024-03-18,9863
2867,三商壽,10,0,10,元大-和平,2024-03-18,9863
3033,威健,10,0,10,元大-和平,2024-03-18,9863
3050,鈺德,10,0,10,元大-和平,2024-03-18,9863
3294,英濟,17,7,10,元大-和平,2024-03-18,9863
5548,安倉,10,0,10,元大-和平,2024-03-18,9863
2850,新產,10,0,10,元大-和平,2024-03-18,9863
00687B,國泰20年美債,201,0,201,元大-和平,2024-03-19,9863
2614,東森,113,26,87,元大-和平,2024-03-19,9863
3481,群創,83,1,82,元大-和平,2024-03-19,9863
0056,元大高股息,51,7,44,元大-和平,2024-03-19,9863
00915,凱基優選高股息30,42,0,42,元大-和平,2024-03-19,9863
00713,元大台灣高息低波,40,0,40,元大-和平,2024-03-19,9863
00941,中信上游半導體,104,67,37,元大-和平,2024-03-19,9863
2888,新光金,41,4,37,元大-和平,2024-03-19,9863
1609,大亞,44,9,35,元大-和平,2024-03-19,9863
00679B,元大美債20年,29,0,29,元大-和平,2024-03-19,9863
2355,敬鵬,30,2,28,元大-和平,2024-03-19,9863
2486,一詮,54,26,28,元大-和平,2024-03-19,9863
00919,群益台灣精選高息,217,190,27,元大-和平,2024-03-19,9863
00902,中信電池及儲能,26,0,26,元大-和平,2024-03-19,9863
2455,全新,47,21,26,元大-和平,2024-03-19,9863
4536,拓凱,25,0,25,元大-和平,2024-03-19,9863
3413,京鼎,25,2,23,元大-和平,2024-03-19,9863
5515,建國,21,0,21,元大-和平,2024-03-19,9863
3037,欣興,30,10,20,元大-和平,2024-03-19,9863
2399,映泰,20,0,20,元大-和平,2024-03-19,9863
00632R,元大台灣50反1,21,2,19,元大-和平,2024-03-19,9863
2353,宏��,19,2,17,元大-和平,2024-03-19,9863
2607,榮運,20,3,17,元大-和平,2024-03-19,9863
00918,大華優利高填息30,20,4,16,元大-和平,2024-03-19,9863
2303,聯電,106,89,17,元大-和平,2024-03-19,9863
1303,南亞,17,1,16,元大-和平,2024-03-19,9863
2618,長榮航,22,7,15,元大-和平,2024-03-19,9863
3042,晶技,24,9,15,元大-和平,2024-03-19,9863
00733,富邦臺灣中小,15,0,15,元大-和平,2024-03-19,9863
5324,士開,15,0,15,元大-和平,2024-03-19,9863
2609,陽明,18,4,14,元大-和平,2024-03-19,9863
00680L,元大美債20正2,14,0,14,元大-和平,2024-03-19,9863
1608,華榮,15,1,14,元大-和平,2024-03-19,9863
2323,中環,17,4,13,元大-和平,2024-03-19,9863
00935,野村臺灣新科技50,13,0,13,元大-和平,2024-03-19,9863
2329,華泰,16,4,12,元大-和平,2024-03-19,9863
2515,中工,116,104,12,元大-和平,2024-03-19,9863
00715L,期街口布蘭特正2,15,3,12,元大-和平,2024-03-19,9863
00641R,富邦日本反1,12,0,12,元大-和平,2024-03-19,9863
2492,華新科,12,0,12,元大-和平,2024-03-19,9863
2002,中鋼,15,3,12,元大-和平,2024-03-19,9863
2449,京元電子,18,6,12,元大-和平,2024-03-19,9863
2467,志聖,14,3,11,元大-和平,2024-03-19,9863
6005,群益證,11,0,11,元大-和平,2024-03-19,9863
2371,大同,30,20,10,元大-和平,2024-03-19,9863
2884,玉山金,12,2,10,元大-和平,2024-03-19,9863
5283,禾聯碩,10,0,10,元大-和平,2024-03-19,9863
1584,精剛,10,0,10,元大-和平,2024-03-19,9863
2025,千興,10,0,10,元大-和平,2024-03-19,9863
3511,矽瑪,10,0,10,元大-和平,2024-03-19,9863
2883,凱基金,1034,34,1000,元大-和平,2024-03-20,9863
2618,長榮航,364,3,361,元大-和平,2024-03-20,9863
00939,統一台灣高息動能,358,1,357,元大-和平,2024-03-20,9863
2344,華邦電,225,2,223,元大-和平,2024-03-20,9863
3481,群創,125,6,119,元大-和平,2024-03-20,9863
2888,新光金,120,10,110,元大-和平,2024-03-20,9863
2614,東森,100,0,100,元大-和平,2024-03-20,9863
2356,英業達,108,36,72,元大-和平,2024-03-20,9863
00673R,期元大S＆P原油反1,70,0,70,元大-和平,2024-03-20,9863
2354,鴻準,97,30,67,元大-和平,2024-03-20,9863
2634,漢翔,51,0,51,元大-和平,2024-03-20,9863
00891,中信關鍵半導體,42,0,42,元大-和平,2024-03-20,9863
2367,燿華,59,20,39,元大-和平,2024-03-20,9863
00941,中信上游半導體,40,2,38,元大-和平,2024-03-20,9863
6235,華孚,41,3,38,元大-和平,2024-03-20,9863
3231,緯創,95,57,38,元大-和平,2024-03-20,9863
4938,和碩,54,18,36,元大-和平,2024-03-20,9863
2538,基泰,35,0,35,元大-和平,2024-03-20,9863
2313,華通,79,45,34,元大-和平,2024-03-20,9863
2382,廣達,38,5,33,元大-和平,2024-03-20,9863
2891,中信金,30,0,30,元大-和平,2024-03-20,9863
2308,台達電,31,1,30,元大-和平,2024-03-20,9863
8027,鈦昇,30,0,30,元大-和平,2024-03-20,9863
1785,光洋科,32,3,29,元大-和平,2024-03-20,9863
5347,世界,30,5,25,元大-和平,2024-03-20,9863
2109,華豐,25,0,25,元大-和平,2024-03-20,9863
3217,優群,25,1,24,元大-和平,2024-03-20,9863
2365,昆盈,23,0,23,元大-和平,2024-03-20,9863
1301,台塑,23,1,22,元大-和平,2024-03-20,9863
2002,中鋼,20,2,18,元大-和平,2024-03-20,9863
6414,樺漢,24,6,18,元大-和平,2024-03-20,9863
3260,威剛,17,1,16,元大-和平,2024-03-20,9863
6005,群益證,21,5,16,元大-和平,2024-03-20,9863
00715L,期街口布蘭特正2,15,0,15,元大-和平,2024-03-20,9863
6419,京晨科,16,1,15,元大-和平,2024-03-20,9863
00713,元大台灣高息低波,19,5,14,元大-和平,2024-03-20,9863
9934,成霖,106,93,13,元大-和平,2024-03-20,9863
2355,敬鵬,12,0,12,元大-和平,2024-03-20,9863
1319,東陽,13,2,11,元大-和平,2024-03-20,9863
00679B,元大美債20年,20,9,11,元大-和平,2024-03-20,9863
3036,文曄,11,0,11,元大-和平,2024-03-20,9863
3576,聯合再生,11,0,11,元大-和平,2024-03-20,9863
8112,至上,14,3,11,元大-和平,2024-03-20,9863
2383,台光電,12,1,11,元大-和平,2024-03-20,9863
00687B,國泰20年美債,32,21,11,元大-和平,2024-03-20,9863
2834,臺企銀,13,2,11,元大-和平,2024-03-20,9863
2886,兆豐金,11,0,11,元大-和平,2024-03-20,9863
1815,富喬,12,1,11,元大-和平,2024-03-20,9863
8086,宏捷科,13,3,10,元大-和平,2024-03-20,9863
4771,望隼,11,1,10,元大-和平,2024-03-20,9863
00632R,元大台灣50反1,1222,71,1151,元大-和平,2024-03-21,9863
00919,群益台灣精選高息,599,28,571,元大-和平,2024-03-21,9863
2618,長榮航,329,3,326,元大-和平,2024-03-21,9863
2609,陽明,227,6,221,元大-和平,2024-03-21,9863
2605,新興,217,0,217,元大-和平,2024-03-21,9863
00939,統一台灣高息動能,159,10,149,元大-和平,2024-03-21,9863
4938,和碩,100,12,88,元大-和平,2024-03-21,9863
00679B,元大美債20年,87,4,83,元大-和平,2024-03-21,9863
00687B,國泰20年美債,56,2,54,元大-和平,2024-03-21,9863
8938,明安,43,0,43,元大-和平,2024-03-21,9863
3450,聯鈞,74,35,39,元大-和平,2024-03-21,9863
00941,中信上游半導體,62,25,37,元大-和平,2024-03-21,9863
3005,神基,49,15,34,元大-和平,2024-03-21,9863
00715L,期街口布蘭特正2,60,30,30,元大-和平,2024-03-21,9863
2399,映泰,30,0,30,元大-和平,2024-03-21,9863
2367,燿華,41,11,30,元大-和平,2024-03-21,9863
3712,永崴投控,30,2,28,元大-和平,2024-03-21,9863
2486,一詮,112,85,27,元大-和平,2024-03-21,9863
00712,復華富時不動產,41,17,24,元大-和平,2024-03-21,9863
3033,威健,28,5,23,元大-和平,2024-03-21,9863
2352,佳世達,23,1,22,元大-和平,2024-03-21,9863
2347,聯強,20,0,20,元大-和平,2024-03-21,9863
8927,北基,20,0,20,元大-和平,2024-03-21,9863
00751B,元大AAA至A公司債,16,0,16,元大-和平,2024-03-21,9863
6753,龍德造船,21,5,16,元大-和平,2024-03-21,9863
2743,山富,17,2,15,元大-和平,2024-03-21,9863
2883,凱基金,30,16,14,元大-和平,2024-03-21,9863
9945,潤泰新,15,1,14,元大-和平,2024-03-21,9863
00725B,國泰投資級公司債,13,0,13,元大-和平,2024-03-21,9863
8936,國統,18,5,13,元大-和平,2024-03-21,9863
1108,幸福,12,0,12,元大-和平,2024-03-21,9863
8277,商丞,12,0,12,元大-和平,2024-03-21,9863
3227,原相,12,1,11,元大-和平,2024-03-21,9863
00637L,元大滬深300正2,12,1,11,元大-和平,2024-03-21,9863
00933B,國泰10Y+金融債,11,0,11,元大-和平,2024-03-21,9863
2369,菱生,15,4,11,元大-和平,2024-03-21,9863
2520,冠德,11,0,11,元大-和平,2024-03-21,9863
4768,晶呈科技,11,0,11,元大-和平,2024-03-21,9863
6176,瑞儀,13,3,10,元大-和平,2024-03-21,9863
2731,雄獅,11,1,10,元大-和平,2024-03-21,9863
00892,富邦台灣半導體,10,0,10,元大-和平,2024-03-21,9863
00935,野村臺灣新科技50,10,0,10,元大-和平,2024-03-21,9863
3694,海華,15,5,10,元大-和平,2024-03-21,9863
4147,中裕,10,0,10,元大-和平,2024-03-21,9863
2337,旺宏,11,2,9,元大-和平,2024-03-21,9863
00857B,永豐20年美公債,12,3,9,元大-和平,2024-03-21,9863
00937B,群益ESG投等債20,11,2,9,元大-和平,2024-03-21,9863
2020,美亞,10,1,9,元大-和平,2024-03-21,9863
4414,如興,9,0,9,元大-和平,2024-03-21,9863
6414,樺漢,12,3,9,元大-和平,2024-03-21,9863
00919,群益台灣精選高息,633,201,432,元大-和平,2024-03-22,9863
2303,聯電,152,7,145,元大-和平,2024-03-22,9863
00941,中信上游半導體,149,8,141,元大-和平,2024-03-22,9863
3704,合勤控,141,1,140,元大-和平,2024-03-22,9863
00939,統一台灣高息動能,134,51,83,元大-和平,2024-03-22,9863
9934,成霖,68,8,60,元大-和平,2024-03-22,9863
00715L,期街口布蘭特正2,53,0,53,元大-和平,2024-03-22,9863
8938,明安,47,0,47,元大-和平,2024-03-22,9863
00687B,國泰20年美債,46,1,45,元大-和平,2024-03-22,9863
3706,神達,105,64,41,元大-和平,2024-03-22,9863
2880,華南金,40,0,40,元大-和平,2024-03-22,9863
3033,威健,40,0,40,元大-和平,2024-03-22,9863
3260,威剛,39,6,33,元大-和平,2024-03-22,9863
2609,陽明,36,4,32,元大-和平,2024-03-22,9863
2208,台船,32,0,32,元大-和平,2024-03-22,9863
2486,一詮,72,45,27,元大-和平,2024-03-22,9863
00933B,國泰10Y+金融債,31,6,25,元大-和平,2024-03-22,9863
2887,台新金,25,1,24,元大-和平,2024-03-22,9863
00753L,中信中國50正2,73,50,23,元大-和平,2024-03-22,9863
3322,建舜電,23,0,23,元大-和平,2024-03-22,9863
6443,元晶,39,16,23,元大-和平,2024-03-22,9863
6005,群益證,22,0,22,元大-和平,2024-03-22,9863
1504,東元,38,17,21,元大-和平,2024-03-22,9863
00632R,元大台灣50反1,22,1,21,元大-和平,2024-03-22,9863
0056,元大高股息,37,16,21,元大-和平,2024-03-22,9863
2353,宏��,59,38,21,元大-和平,2024-03-22,9863
3207,耀勝,20,0,20,元大-和平,2024-03-22,9863
5439,高技,32,12,20,元大-和平,2024-03-22,9863
2313,華通,25,8,17,元大-和平,2024-03-22,9863
2449,京元電子,70,53,17,元大-和平,2024-03-22,9863
6188,廣明,20,4,16,元大-和平,2024-03-22,9863
2376,技嘉,26,10,16,元大-和平,2024-03-22,9863
1101,台泥,15,0,15,元大-和平,2024-03-22,9863
2605,新興,15,0,15,元大-和平,2024-03-22,9863
2006,東和鋼鐵,15,0,15,元大-和平,2024-03-22,9863
3163,波若威,14,0,14,元大-和平,2024-03-22,9863
3217,優群,36,22,14,元大-和平,2024-03-22,9863
6596,寬宏藝術,13,1,12,元大-和平,2024-03-22,9863
2323,中環,14,3,11,元大-和平,2024-03-22,9863
2743,山富,18,7,11,元大-和平,2024-03-22,9863
8096,擎亞,11,0,11,元大-和平,2024-03-22,9863
2324,仁寶,38,27,11,元大-和平,2024-03-22,9863
1503,士電,40,30,10,元大-和平,2024-03-22,9863
3694,海華,13,3,10,元大-和平,2024-03-22,9863
00645,富邦日本,10,0,10,元大-和平,2024-03-22,9863
00720B,元大投資級公司債,10,0,10,元大-和平,2024-03-22,9863
4414,如興,10,0,10,元大-和平,2024-03-22,9863
5309,系統電,10,0,10,元大-和平,2024-03-22,9863
5443,均豪,12,2,10,元大-和平,2024-03-22,9863
6546,正基,10,0,10,元大-和平,2024-03-22,9863
00941,中信上游半導體,265,65,200,元大-和平,2024-03-25,9863
2356,英業達,183,28,155,元大-和平,2024-03-25,9863
2618,長榮航,82,20,62,元大-和平,2024-03-25,9863
3702,大聯大,50,0,50,元大-和平,2024-03-25,9863
00687B,國泰20年美債,43,1,42,元大-和平,2024-03-25,9863
6197,佳必琪,50,10,40,元大-和平,2024-03-25,9863
00715L,期街口布蘭特正2,40,3,37,元大-和平,2024-03-25,9863
3062,建漢,38,3,35,元大-和平,2024-03-25,9863
6753,龍德造船,44,10,34,元大-和平,2024-03-25,9863
8085,福華,47,14,33,元大-和平,2024-03-25,9863
1609,大亞,124,92,32,元大-和平,2024-03-25,9863
00679B,元大美債20年,61,31,30,元大-和平,2024-03-25,9863
6414,樺漢,54,24,30,元大-和平,2024-03-25,9863
3715,定穎投控,30,2,28,元大-和平,2024-03-25,9863
00929,復華台灣科技優息,60,34,26,元大-和平,2024-03-25,9863
2352,佳世達,26,0,26,元大-和平,2024-03-25,9863
2409,友達,30,4,26,元大-和平,2024-03-25,9863
00939,統一台灣高息動能,43,18,25,元大-和平,2024-03-25,9863
00891,中信關鍵半導體,22,0,22,元大-和平,2024-03-25,9863
3231,緯創,34,12,22,元大-和平,2024-03-25,9863
2303,聯電,29,9,20,元大-和平,2024-03-25,9863
3211,順達,22,1,21,元大-和平,2024-03-25,9863
00898,國泰基因免疫革命,20,0,20,元大-和平,2024-03-25,9863
00752,中信中國50,20,0,20,元大-和平,2024-03-25,9863
2723,美食-KY,25,5,20,元大-和平,2024-03-25,9863
8050,廣積,19,0,19,元大-和平,2024-03-25,9863
4906,正文,23,5,18,元大-和平,2024-03-25,9863
3450,聯鈞,25,8,17,元大-和平,2024-03-25,9863
2834,臺企銀,16,0,16,元大-和平,2024-03-25,9863
6806,森崴能源,38,22,16,元大-和平,2024-03-25,9863
6462,神盾,18,2,16,元大-和平,2024-03-25,9863
00937B,群益ESG投等債20,25,10,15,元大-和平,2024-03-25,9863
5222,全訊,16,1,15,元大-和平,2024-03-25,9863
3706,神達,26,12,14,元大-和平,2024-03-25,9863
5483,中美晶,14,0,14,元大-和平,2024-03-25,9863
1442,名軒,15,1,14,元大-和平,2024-03-25,9863
2851,中再保,14,0,14,元大-和平,2024-03-25,9863
6538,倉和,15,1,14,元大-和平,2024-03-25,9863
4938,和碩,13,0,13,元大-和平,2024-03-25,9863
4109,加捷生醫,13,0,13,元大-和平,2024-03-25,9863
00645,富邦日本,12,0,12,元大-和平,2024-03-25,9863
00720B,元大投資級公司債,12,0,12,元大-和平,2024-03-25,9863
6005,群益證,12,0,12,元大-和平,2024-03-25,9863
8938,明安,12,0,12,元大-和平,2024-03-25,9863
1795,美時,20,8,12,元大-和平,2024-03-25,9863
00927,群益半導體收益,11,0,11,元大-和平,2024-03-25,9863
2401,凌陽,11,0,11,元大-和平,2024-03-25,9863
4909,新復興,13,2,11,元大-和平,2024-03-25,9863
8201,無敵,11,0,11,元大-和平,2024-03-25,9863
2314,台揚,11,1,10,元大-和平,2024-03-25,9863
2618,長榮航,465,6,459,元大-和平,2024-03-26,9863
00919,群益台灣精選高息,552,330,222,元大-和平,2024-03-26,9863
9934,成霖,218,0,218,元大-和平,2024-03-26,9863
00939,統一台灣高息動能,74,13,61,元大-和平,2024-03-26,9863
2515,中工,54,6,48,元大-和平,2024-03-26,9863
00679B,元大美債20年,39,0,39,元大-和平,2024-03-26,9863
2301,光寶科,36,1,35,元大-和平,2024-03-26,9863
2317,鴻海,87,52,35,元大-和平,2024-03-26,9863
00878,國泰永續高股息,37,3,34,元大-和平,2024-03-26,9863
2352,佳世達,33,4,29,元大-和平,2024-03-26,9863
8085,福華,32,3,29,元大-和平,2024-03-26,9863
1513,中興電,78,50,28,元大-和平,2024-03-26,9863
1609,大亞,86,59,27,元大-和平,2024-03-26,9863
3481,群創,27,2,25,元大-和平,2024-03-26,9863
2888,新光金,25,0,25,元大-和平,2024-03-26,9863
4915,致伸,23,0,23,元大-和平,2024-03-26,9863
1442,名軒,22,0,22,元大-和平,2024-03-26,9863
9945,潤泰新,30,8,22,元大-和平,2024-03-26,9863
3231,緯創,63,43,20,元大-和平,2024-03-26,9863
2070,精湛,20,0,20,元大-和平,2024-03-26,9863
3704,合勤控,20,0,20,元大-和平,2024-03-26,9863
00885,富邦越南,20,1,19,元大-和平,2024-03-26,9863
00929,復華台灣科技優息,33,14,19,元大-和平,2024-03-26,9863
2388,威盛,33,15,18,元大-和平,2024-03-26,9863
2359,所羅門,56,38,18,元大-和平,2024-03-26,9863
2313,華通,26,9,17,元大-和平,2024-03-26,9863
2915,潤泰全,20,3,17,元大-和平,2024-03-26,9863
8938,明安,18,2,16,元大-和平,2024-03-26,9863
2609,陽明,16,1,15,元大-和平,2024-03-26,9863
1615,大山,16,1,15,元大-和平,2024-03-26,9863
6530,創威,25,10,15,元大-和平,2024-03-26,9863
8112,至上,18,4,14,元大-和平,2024-03-26,9863
2727,王品,14,0,14,元大-和平,2024-03-26,9863
2382,廣達,32,19,13,元大-和平,2024-03-26,9863
2354,鴻準,15,2,13,元大-和平,2024-03-26,9863
2480,敦陽科,13,0,13,元大-和平,2024-03-26,9863
2630,亞航,14,1,13,元大-和平,2024-03-26,9863
2834,臺企銀,13,1,12,元大-和平,2024-03-26,9863
3005,神基,16,4,12,元大-和平,2024-03-26,9863
2607,榮運,28,16,12,元大-和平,2024-03-26,9863
3526,凡甲,12,0,12,元大-和平,2024-03-26,9863
1795,美時,18,6,12,元大-和平,2024-03-26,9863
6257,矽格,11,0,11,元大-和平,2024-03-26,9863
1809,中釉,13,2,11,元大-和平,2024-03-26,9863
2365,昆盈,64,53,11,元大-和平,2024-03-26,9863
6179,亞通,17,6,11,元大-和平,2024-03-26,9863
6284,佳邦,13,3,10,元大-和平,2024-03-26,9863
00650L,復華香港正2,10,0,10,元大-和平,2024-03-26,9863
020038,元大ESG配息N,10,0,10,元大-和平,2024-03-26,9863
2020,美亞,10,0,10,元大-和平,2024-03-26,9863
2883,凱基金,1023,50,973,元大-和平,2024-03-27,9863
2891,中信金,309,10,299,元大-和平,2024-03-27,9863
2882,國泰金,250,10,240,元大-和平,2024-03-27,9863
2881,富邦金,135,0,135,元大-和平,2024-03-27,9863
00687B,國泰20年美債,120,40,80,元大-和平,2024-03-27,9863
2313,華通,65,15,50,元大-和平,2024-03-27,9863
00939,統一台灣高息動能,42,0,42,元大-和平,2024-03-27,9863
6239,力成,40,0,40,元大-和平,2024-03-27,9863
00632R,元大台灣50反1,41,2,39,元大-和平,2024-03-27,9863
2645,長榮航太,43,4,39,元大-和平,2024-03-27,9863
00909,國泰數位支付服務,40,2,38,元大-和平,2024-03-27,9863
00937B,群益ESG投等債20,35,0,35,元大-和平,2024-03-27,9863
1513,中興電,58,24,34,元大-和平,2024-03-27,9863
3711,日月光投控,31,1,30,元大-和平,2024-03-27,9863
9958,世紀鋼,29,1,28,元大-和平,2024-03-27,9863
1434,福懋,25,0,25,元大-和平,2024-03-27,9863
1612,宏泰,29,4,25,元大-和平,2024-03-27,9863
1603,華電,26,2,24,元大-和平,2024-03-27,9863
3363,上詮,25,2,23,元大-和平,2024-03-27,9863
2356,英業達,50,27,23,元大-和平,2024-03-27,9863
8473,山林水,22,0,22,元大-和平,2024-03-27,9863
6215,和椿,35,15,20,元大-和平,2024-03-27,9863
2359,所羅門,20,0,20,元大-和平,2024-03-27,9863
1609,大亞,67,47,20,元大-和平,2024-03-27,9863
00751B,元大AAA至A公司債,19,0,19,元大-和平,2024-03-27,9863
00882,中信中國高股息,13,0,13,元大-和平,2024-03-27,9863
2301,光寶科,16,3,13,元大-和平,2024-03-27,9863
8222,寶一,21,9,12,元大-和平,2024-03-27,9863
6806,森崴能源,23,11,12,元大-和平,2024-03-27,9863
3231,緯創,21,10,11,元大-和平,2024-03-27,9863
2206,三陽工業,11,0,11,元大-和平,2024-03-27,9863
2888,新光金,10,0,10,元大-和平,2024-03-27,9863
00795B,中信美國公債20年,10,0,10,元大-和平,2024-03-27,9863
00779B,凱基美債25+,10,0,10,元大-和平,2024-03-27,9863
2906,高林,10,0,10,元大-和平,2024-03-27,9863
3694,海華,10,0,10,元大-和平,2024-03-27,9863
1808,潤隆,13,3,10,元大-和平,2024-03-27,9863
8926,台汽電,9,0,9,元大-和平,2024-03-27,9863
8092,建暐,9,0,9,元大-和平,2024-03-27,9863
8150,南茂,15,6,9,元大-和平,2024-03-27,9863
2344,華邦電,13,4,9,元大-和平,2024-03-27,9863
6875,國邑*,9,0,9,元大-和平,2024-03-27,9863
6770,力積電,22,14,8,元大-和平,2024-03-27,9863
6188,廣明,32,24,8,元大-和平,2024-03-27,9863
00720B,元大投資級公司債,8,0,8,元大-和平,2024-03-27,9863
5521,工信,8,0,8,元大-和平,2024-03-27,9863
6197,佳必琪,12,4,8,元大-和平,2024-03-27,9863
6202,盛群,8,0,8,元大-和平,2024-03-27,9863
4207,環泰,7,0,7,元大-和平,2024-03-27,9863
4526,東台,7,0,7,元大-和平,2024-03-27,9863
2883,凱基金,1095,32,1063,元大-和平,2024-03-28,9863
2888,新光金,157,0,157,元大-和平,2024-03-28,9863
00941,中信上游半導體,77,2,75,元大-和平,2024-03-28,9863
00720B,元大投資級公司債,64,0,64,元大-和平,2024-03-28,9863
3013,晟銘電,90,29,61,元大-和平,2024-03-28,9863
2812,台中銀,50,0,50,元大-和平,2024-03-28,9863
00637L,元大滬深300正2,50,0,50,元大-和平,2024-03-28,9863
6005,群益證,36,0,36,元大-和平,2024-03-28,9863
6532,瑞耘,30,0,30,元大-和平,2024-03-28,9863
3706,神達,65,36,29,元大-和平,2024-03-28,9863
3450,聯鈞,32,3,29,元大-和平,2024-03-28,9863
2371,大同,53,29,24,元大-和平,2024-03-28,9863
1725,元禎,26,3,23,元大-和平,2024-03-28,9863
6425,易發,30,7,23,元大-和平,2024-03-28,9863
00919,群益台灣精選高息,49,27,22,元大-和平,2024-03-28,9863
5515,建國,37,15,22,元大-和平,2024-03-28,9863
3711,日月光投控,21,0,21,元大-和平,2024-03-28,9863
00909,國泰數位支付服務,20,0,20,元大-和平,2024-03-28,9863
4977,眾達-KY,20,0,20,元大-和平,2024-03-28,9863
00687B,國泰20年美債,25,6,19,元大-和平,2024-03-28,9863
9945,潤泰新,16,0,16,元大-和平,2024-03-28,9863
2303,聯電,31,16,15,元大-和平,2024-03-28,9863
1802,台玻,15,0,15,元大-和平,2024-03-28,9863
2891,中信金,17,2,15,元大-和平,2024-03-28,9863
4532,瑞智,15,0,15,元大-和平,2024-03-28,9863
1316,上曜,17,3,14,元大-和平,2024-03-28,9863
00937B,群益ESG投等債20,18,5,13,元大-和平,2024-03-28,9863
2301,光寶科,40,28,12,元大-和平,2024-03-28,9863
2383,台光電,12,0,12,元大-和平,2024-03-28,9863
1442,名軒,12,0,12,元大-和平,2024-03-28,9863
8473,山林水,12,0,12,元大-和平,2024-03-28,9863
00881,國泰台灣5G+,11,0,11,元大-和平,2024-03-28,9863
1612,宏泰,18,7,11,元大-和平,2024-03-28,9863
2516,新建,11,0,11,元大-和平,2024-03-28,9863
6875,國邑*,11,0,11,元大-和平,2024-03-28,9863
5388,中磊,12,1,11,元大-和平,2024-03-28,9863
00895,富邦未來車,10,0,10,元大-和平,2024-03-28,9863
00935,野村臺灣新科技50,10,0,10,元大-和平,2024-03-28,9863
1312,國喬,10,0,10,元大-和平,2024-03-28,9863
2377,微星,10,0,10,元大-和平,2024-03-28,9863
2485,兆赫,10,0,10,元大-和平,2024-03-28,9863
5452,佶優,10,0,10,元大-和平,2024-03-28,9863
8076,伍豐,10,0,10,元大-和平,2024-03-28,9863
2439,美律,10,0,10,元大-和平,2024-03-28,9863
3005,神基,18,9,9,元大-和平,2024-03-28,9863
2408,南亞科,13,4,9,元大-和平,2024-03-28,9863
2404,漢唐,11,1,10,元大-和平,2024-03-28,9863
5512,力麒,11,2,9,元大-和平,2024-03-28,9863
00764B,群益25年美債,9,0,9,元大-和平,2024-03-28,9863
2356,英業達,23,14,9,元大-和平,2024-03-28,9863
3706,神達,299,22,277,元大-和平,2024-03-29,9863
1815,富喬,232,40,192,元大-和平,2024-03-29,9863
2371,大同,210,74,136,元大-和平,2024-03-29,9863
00712,復華富時不動產,141,24,117,元大-和平,2024-03-29,9863
00919,群益台灣精選高息,106,43,63,元大-和平,2024-03-29,9863
00939,統一台灣高息動能,48,6,42,元大-和平,2024-03-29,9863
2324,仁寶,52,11,41,元大-和平,2024-03-29,9863
8033,雷虎,37,0,37,元大-和平,2024-03-29,9863
00720B,元大投資級公司債,51,17,34,元大-和平,2024-03-29,9863
2365,昆盈,34,0,34,元大-和平,2024-03-29,9863
8121,越峰,31,0,31,元大-和平,2024-03-29,9863
1760,寶齡富錦,32,2,30,元大-和平,2024-03-29,9863
00632R,元大台灣50反1,30,0,30,元大-和平,2024-03-29,9863
1314,中石化,40,11,29,元大-和平,2024-03-29,9863
3015,全漢,25,1,24,元大-和平,2024-03-29,9863
2367,燿華,35,12,23,元大-和平,2024-03-29,9863
00929,復華台灣科技優息,25,2,23,元大-和平,2024-03-29,9863
4714,永捷,25,2,23,元大-和平,2024-03-29,9863
2301,光寶科,35,14,21,元大-和平,2024-03-29,9863
3703,欣陸,30,9,21,元大-和平,2024-03-29,9863
00687B,國泰20年美債,27,6,21,元大-和平,2024-03-29,9863
2376,技嘉,29,9,20,元大-和平,2024-03-29,9863
6188,廣明,44,24,20,元大-和平,2024-03-29,9863
00673R,期元大S＆P原油反1,20,0,20,元大-和平,2024-03-29,9863
00746B,富邦A級公司債,20,0,20,元大-和平,2024-03-29,9863
6443,元晶,33,17,16,元大-和平,2024-03-29,9863
1442,名軒,16,0,16,元大-和平,2024-03-29,9863
3704,合勤控,15,0,15,元大-和平,2024-03-29,9863
3042,晶技,15,0,15,元大-和平,2024-03-29,9863
8054,安國,27,14,13,元大-和平,2024-03-29,9863
4958,臻鼎-KY,16,3,13,元大-和平,2024-03-29,9863
2615,萬海,14,2,12,元大-和平,2024-03-29,9863
00885,富邦越南,22,10,12,元大-和平,2024-03-29,9863
2201,裕隆,16,4,12,元大-和平,2024-03-29,9863
2888,新光金,12,0,12,元大-和平,2024-03-29,9863
2409,友達,11,0,11,元大-和平,2024-03-29,9863
6274,台燿,27,16,11,元大-和平,2024-03-29,9863
2354,鴻準,33,23,10,元大-和平,2024-03-29,9863
00898,國泰基因免疫革命,10,0,10,元大-和平,2024-03-29,9863
00882,中信中國高股息,10,0,10,元大-和平,2024-03-29,9863
00937B,群益ESG投等債20,20,10,10,元大-和平,2024-03-29,9863
2002,中鋼,13,3,10,元大-和平,2024-03-29,9863
2488,漢平,10,0,10,元大-和平,2024-03-29,9863
3321,同泰,10,0,10,元大-和平,2024-03-29,9863
5452,佶優,10,0,10,元大-和平,2024-03-29,9863
6126,信音,10,0,10,元大-和平,2024-03-29,9863
9945,潤泰新,20,10,10,元大-和平,2024-03-29,9863
3030,德律,10,0,10,元大-和平,2024-03-29,9863
3035,智原,13,3,10,元大-和平,2024-03-29,9863
1522,堤維西,13,4,9,元大-和平,2024-03-29,9863
00940,元大台灣價值高息,1234,333,901,元大-和平,2024-04-01,9863
00919,群益台灣精選高息,98,36,62,元大-和平,2024-04-01,9863
00830,國泰費城半導體,50,0,50,元大-和平,2024-04-01,9863
6005,群益證,50,2,48,元大-和平,2024-04-01,9863
00941,中信上游半導體,49,2,47,元大-和平,2024-04-01,9863
2880,華南金,40,0,40,元大-和平,2024-04-01,9863
00715L,期街口布蘭特正2,50,10,40,元大-和平,2024-04-01,9863
00720B,元大投資級公司債,43,4,39,元大-和平,2024-04-01,9863
5371,中光電,63,27,36,元大-和平,2024-04-01,9863
1609,大亞,42,10,32,元大-和平,2024-04-01,9863
2382,廣達,85,53,32,元大-和平,2024-04-01,9863
00679B,元大美債20年,38,6,32,元大-和平,2024-04-01,9863
00933B,國泰10Y+金融債,30,0,30,元大-和平,2024-04-01,9863
00664R,國泰臺灣加權反1,25,0,25,元大-和平,2024-04-01,9863
2330,台積電,28,3,25,元大-和平,2024-04-01,9863
8110,華東,23,0,23,元大-和平,2024-04-01,9863
2347,聯強,23,2,21,元大-和平,2024-04-01,9863
2365,昆盈,20,0,20,元大-和平,2024-04-01,9863
4906,正文,23,3,20,元大-和平,2024-04-01,9863
5876,上海商銀,20,0,20,元大-和平,2024-04-01,9863
8930,青鋼,20,0,20,元大-和平,2024-04-01,9863
2603,長榮,32,13,19,元大-和平,2024-04-01,9863
6173,信昌電,20,1,19,元大-和平,2024-04-01,9863
00687B,國泰20年美債,20,2,18,元大-和平,2024-04-01,9863
00937B,群益ESG投等債20,28,11,17,元大-和平,2024-04-01,9863
2356,英業達,50,33,17,元大-和平,2024-04-01,9863
2538,基泰,17,0,17,元大-和平,2024-04-01,9863
2891,中信金,21,5,16,元大-和平,2024-04-01,9863
2308,台達電,16,1,15,元大-和平,2024-04-01,9863
5469,瀚宇博,16,1,15,元大-和平,2024-04-01,9863
2313,華通,14,0,14,元大-和平,2024-04-01,9863
2472,立隆電,13,0,13,元大-和平,2024-04-01,9863
00640L,富邦日本正2,11,0,11,元大-和平,2024-04-01,9863
5521,工信,11,0,11,元大-和平,2024-04-01,9863
6116,彩晶,12,1,11,元大-和平,2024-04-01,9863
2465,麗臺,10,0,10,元大-和平,2024-04-01,9863
2743,山富,30,20,10,元大-和平,2024-04-01,9863
00674R,期元大S＆P黃金反1,10,0,10,元大-和平,2024-04-01,9863
00885,富邦越南,10,0,10,元大-和平,2024-04-01,9863
1799,易威,10,0,10,元大-和平,2024-04-01,9863
2324,仁寶,15,5,10,元大-和平,2024-04-01,9863
2417,圓剛,13,3,10,元大-和平,2024-04-01,9863
4414,如興,10,0,10,元大-和平,2024-04-01,9863
6126,信音,15,5,10,元大-和平,2024-04-01,9863
6281,全國電,10,0,10,元大-和平,2024-04-01,9863
8473,山林水,10,0,10,元大-和平,2024-04-01,9863
4303,信立,12,3,9,元大-和平,2024-04-01,9863
6182,合晶,9,0,9,元大-和平,2024-04-01,9863
00891,中信關鍵半導體,9,0,9,元大-和平,2024-04-01,9863
2353,宏��,11,2,9,元大-和平,2024-04-01,9863
00632R,元大台灣50反1,1225,46,1179,元大-和平,2024-04-02,9863
00940,元大台灣價值高息,240,36,204,元大-和平,2024-04-02,9863
00687B,國泰20年美債,167,0,167,元大-和平,2024-04-02,9863
2025,千興,100,0,100,元大-和平,2024-04-02,9863
00720B,元大投資級公司債,64,0,64,元大-和平,2024-04-02,9863
00679B,元大美債20年,65,2,63,元大-和平,2024-04-02,9863
00937B,群益ESG投等債20,64,1,63,元大-和平,2024-04-02,9863
2618,長榮航,82,23,59,元大-和平,2024-04-02,9863
00929,復華台灣科技優息,92,38,54,元大-和平,2024-04-02,9863
00751B,元大AAA至A公司債,46,0,46,元大-和平,2024-04-02,9863
2371,大同,57,13,44,元大-和平,2024-04-02,9863
00941,中信上游半導體,53,10,43,元大-和平,2024-04-02,9863
2329,華泰,38,1,37,元大-和平,2024-04-02,9863
1609,大亞,36,3,33,元大-和平,2024-04-02,9863
3013,晟銘電,33,2,31,元大-和平,2024-04-02,9863
2614,東森,30,0,30,元大-和平,2024-04-02,9863
3033,威健,28,0,28,元大-和平,2024-04-02,9863
2354,鴻準,43,15,28,元大-和平,2024-04-02,9863
1524,耿鼎,31,5,26,元大-和平,2024-04-02,9863
00919,群益台灣精選高息,29,5,24,元大-和平,2024-04-02,9863
2301,光寶科,31,9,22,元大-和平,2024-04-02,9863
3706,神達,23,1,22,元大-和平,2024-04-02,9863
00680L,元大美債20正2,22,0,22,元大-和平,2024-04-02,9863
1608,華榮,22,1,21,元大-和平,2024-04-02,9863
00902,中信電池及儲能,20,0,20,元大-和平,2024-04-02,9863
00898,國泰基因免疫革命,20,0,20,元大-和平,2024-04-02,9863
8121,越峰,20,0,20,元大-和平,2024-04-02,9863
2009,第一銅,25,6,19,元大-和平,2024-04-02,9863
00715L,期街口布蘭特正2,20,3,17,元大-和平,2024-04-02,9863
6188,廣明,22,7,15,元大-和平,2024-04-02,9863
00762,元大全球AI,15,0,15,元大-和平,2024-04-02,9863
1102,亞泥,15,0,15,元大-和平,2024-04-02,9863
6120,達運,38,23,15,元大-和平,2024-04-02,9863
1815,富喬,17,2,15,元大-和平,2024-04-02,9863
2603,長榮,24,10,14,元大-和平,2024-04-02,9863
0056,元大高股息,16,3,13,元大-和平,2024-04-02,9863
00673R,期元大S＆P原油反1,13,0,13,元大-和平,2024-04-02,9863
2324,仁寶,17,4,13,元大-和平,2024-04-02,9863
3689,湧德,13,0,13,元大-和平,2024-04-02,9863
2834,臺企銀,13,0,13,元大-和平,2024-04-02,9863
00939,統一台灣高息動能,22,10,12,元大-和平,2024-04-02,9863
00882,中信中國高股息,11,0,11,元大-和平,2024-04-02,9863
00733,富邦臺灣中小,11,0,11,元大-和平,2024-04-02,9863
1504,東元,13,2,11,元大-和平,2024-04-02,9863
6177,達麗,11,0,11,元大-和平,2024-04-02,9863
1101,台泥,14,3,11,元大-和平,2024-04-02,9863
5871,中租-KY,10,0,10,元大-和平,2024-04-02,9863
00857B,永豐20年美公債,10,0,10,元大-和平,2024-04-02,9863
2401,凌陽,10,0,10,元大-和平,2024-04-02,9863
3040,遠見,10,0,10,元大-和平,2024-04-02,9863
2618,長榮航,1065,50,1015,元大-和平,2024-04-03,9863
00940,元大台灣價值高息,226,16,210,元大-和平,2024-04-03,9863
2801,彰銀,200,0,200,元大-和平,2024-04-03,9863
00746B,富邦A級公司債,100,0,100,元大-和平,2024-04-03,9863
00719B,元大美債1-3,80,0,80,元大-和平,2024-04-03,9863
2880,華南金,70,0,70,元大-和平,2024-04-03,9863
2382,廣達,77,10,67,元大-和平,2024-04-03,9863
0056,元大高股息,68,4,64,元大-和平,2024-04-03,9863
2371,大同,62,6,56,元大-和平,2024-04-03,9863
00941,中信上游半導體,51,0,51,元大-和平,2024-04-03,9863
00864B,中信美國公債0-1,50,0,50,元大-和平,2024-04-03,9863
00937B,群益ESG投等債20,41,0,41,元大-和平,2024-04-03,9863
8121,越峰,40,0,40,元大-和平,2024-04-03,9863
00679B,元大美債20年,45,5,40,元大-和平,2024-04-03,9863
2888,新光金,39,2,37,元大-和平,2024-04-03,9863
2344,華邦電,37,1,36,元大-和平,2024-04-03,9863
2317,鴻海,51,18,33,元大-和平,2024-04-03,9863
00919,群益台灣精選高息,32,0,32,元大-和平,2024-04-03,9863
00751B,元大AAA至A公司債,35,5,30,元大-和平,2024-04-03,9863
2883,凱基金,28,0,28,元大-和平,2024-04-03,9863
1314,中石化,25,0,25,元大-和平,2024-04-03,9863
2303,聯電,30,5,25,元大-和平,2024-04-03,9863
00720B,元大投資級公司債,27,3,24,元大-和平,2024-04-03,9863
1101,台泥,24,0,24,元大-和平,2024-04-03,9863
5443,均豪,87,63,24,元大-和平,2024-04-03,9863
00929,復華台灣科技優息,24,1,23,元大-和平,2024-04-03,9863
3013,晟銘電,43,21,22,元大-和平,2024-04-03,9863
00898,國泰基因免疫革命,20,0,20,元大-和平,2024-04-03,9863
00939,統一台灣高息動能,29,9,20,元大-和平,2024-04-03,9863
9934,成霖,20,0,20,元大-和平,2024-04-03,9863
1584,精剛,19,0,19,元大-和平,2024-04-03,9863
2002,中鋼,30,11,19,元大-和平,2024-04-03,9863
3033,威健,29,10,19,元大-和平,2024-04-03,9863
2609,陽明,18,0,18,元大-和平,2024-04-03,9863
2834,臺企銀,24,6,18,元大-和平,2024-04-03,9863
2614,東森,17,0,17,元大-和平,2024-04-03,9863
3035,智原,18,2,16,元大-和平,2024-04-03,9863
6284,佳邦,16,0,16,元大-和平,2024-04-03,9863
3706,神達,20,4,16,元大-和平,2024-04-03,9863
1608,華榮,16,1,15,元大-和平,2024-04-03,9863
00795B,中信美國公債20年,14,0,14,元大-和平,2024-04-03,9863
3017,奇鋐,15,2,13,元大-和平,2024-04-03,9863
3481,群創,17,5,12,元大-和平,2024-04-03,9863
9945,潤泰新,12,0,12,元大-和平,2024-04-03,9863
2301,光寶科,20,8,12,元大-和平,2024-04-03,9863
2408,南亞科,12,1,11,元大-和平,2024-04-03,9863
4961,天鈺,12,1,11,元大-和平,2024-04-03,9863
00927,群益半導體收益,11,0,11,元大-和平,2024-04-03,9863
2009,第一銅,11,0,11,元大-和平,2024-04-03,9863
2356,英業達,24,13,11,元大-和平,2024-04-03,9863
00940,元大台灣價值高息,670,17,653,元大-和平,2024-04-08,9863
00687B,國泰20年美債,788,310,478,元大-和平,2024-04-08,9863
00679B,元大美債20年,147,1,146,元大-和平,2024-04-08,9863
00719B,元大美債1-3,132,0,132,元大-和平,2024-04-08,9863
4746,台耀,93,1,92,元大-和平,2024-04-08,9863
00941,中信上游半導體,70,2,68,元大-和平,2024-04-08,9863
00751B,元大AAA至A公司債,60,0,60,元大-和平,2024-04-08,9863
00939,統一台灣高息動能,63,7,56,元大-和平,2024-04-08,9863
6016,康和證,54,0,54,元大-和平,2024-04-08,9863
00933B,國泰10Y+金融債,55,4,51,元大-和平,2024-04-08,9863
00864B,中信美國公債0-1,50,0,50,元大-和平,2024-04-08,9863
3548,兆利,39,2,37,元大-和平,2024-04-08,9863
00919,群益台灣精選高息,42,11,31,元大-和平,2024-04-08,9863
4414,如興,22,0,22,元大-和平,2024-04-08,9863
3703,欣陸,27,6,21,元大-和平,2024-04-08,9863
2614,東森,20,0,20,元大-和平,2024-04-08,9863
00637L,元大滬深300正2,28,8,20,元大-和平,2024-04-08,9863
5284,jpp-KY,21,2,19,元大-和平,2024-04-08,9863
00857B,永豐20年美公債,16,0,16,元大-和平,2024-04-08,9863
3715,定穎投控,17,1,16,元大-和平,2024-04-08,9863
8390,金益鼎,17,1,16,元大-和平,2024-04-08,9863
1513,中興電,29,15,14,元大-和平,2024-04-08,9863
2356,英業達,15,1,14,元大-和平,2024-04-08,9863
00674R,期元大S＆P黃金反1,14,0,14,元大-和平,2024-04-08,9863
00753L,中信中國50正2,14,0,14,元大-和平,2024-04-08,9863
2501,國建,12,0,12,元大-和平,2024-04-08,9863
3027,盛達,12,0,12,元大-和平,2024-04-08,9863
00720B,元大投資級公司債,11,0,11,元大-和平,2024-04-08,9863
2888,新光金,11,0,11,元大-和平,2024-04-08,9863
6120,達運,38,27,11,元大-和平,2024-04-08,9863
2355,敬鵬,11,0,11,元大-和平,2024-04-08,9863
00891,中信關鍵半導體,11,0,11,元大-和平,2024-04-08,9863
2374,佳能,21,11,10,元大-和平,2024-04-08,9863
6284,佳邦,10,0,10,元大-和平,2024-04-08,9863
2324,仁寶,11,1,10,元大-和平,2024-04-08,9863
00680L,元大美債20正2,11,1,10,元大-和平,2024-04-08,9863
1584,精剛,10,0,10,元大-和平,2024-04-08,9863
1604,聲寶,10,0,10,元大-和平,2024-04-08,9863
3607,谷崧,10,0,10,元大-和平,2024-04-08,9863
4401,東隆興,10,0,10,元大-和平,2024-04-08,9863
6190,萬泰科,10,0,10,元大-和平,2024-04-08,9863
6449,鈺邦,10,0,10,元大-和平,2024-04-08,9863
2883,凱基金,16,6,10,元大-和平,2024-04-08,9863
1582,信錦,9,1,8,元大-和平,2024-04-08,9863
3167,大量,8,0,8,元大-和平,2024-04-08,9863
3706,神達,8,0,8,元大-和平,2024-04-08,9863
4114,健喬,8,0,8,元大-和平,2024-04-08,9863
5519,隆大,8,0,8,元大-和平,2024-04-08,9863
6770,力積電,11,3,8,元大-和平,2024-04-08,9863
1795,美時,11,3,8,元大-和平,2024-04-08,9863
00632R,元大台灣50反1,3823,133,3690,元大-和平,2024-04-09,9863
00940,元大台灣價值高息,169,62,107,元大-和平,2024-04-09,9863
3231,緯創,92,7,85,元大-和平,2024-04-09,9863
00909,國泰數位支付服務,76,2,74,元大-和平,2024-04-09,9863
3703,欣陸,88,16,72,元大-和平,2024-04-09,9863
00929,復華台灣科技優息,64,0,64,元大-和平,2024-04-09,9863
00679B,元大美債20年,62,0,62,元大-和平,2024-04-09,9863
1314,中石化,65,3,62,元大-和平,2024-04-09,9863
6016,康和證,50,0,50,元大-和平,2024-04-09,9863
2371,大同,94,45,49,元大-和平,2024-04-09,9863
00733,富邦臺灣中小,44,0,44,元大-和平,2024-04-09,9863
6005,群益證,27,0,27,元大-和平,2024-04-09,9863
6188,廣明,33,7,26,元大-和平,2024-04-09,9863
00939,統一台灣高息動能,25,0,25,元大-和平,2024-04-09,9863
8299,群聯,23,0,23,元大-和平,2024-04-09,9863
1316,上曜,23,1,22,元大-和平,2024-04-09,9863
6901,鑽石投資,20,0,20,元大-和平,2024-04-09,9863
3481,群創,37,17,20,元大-和平,2024-04-09,9863
00941,中信上游半導體,20,1,19,元大-和平,2024-04-09,9863
2382,廣達,68,50,18,元大-和平,2024-04-09,9863
00687B,國泰20年美債,18,0,18,元大-和平,2024-04-09,9863
4533,協易機,25,7,18,元大-和平,2024-04-09,9863
2402,毅嘉,22,7,15,元大-和平,2024-04-09,9863
00655L,國泰中國A50正2,15,0,15,元大-和平,2024-04-09,9863
5213,亞昕,20,5,15,元大-和平,2024-04-09,9863
00720B,元大投資級公司債,14,0,14,元大-和平,2024-04-09,9863
00680L,元大美債20正2,20,6,14,元大-和平,2024-04-09,9863
00637L,元大滬深300正2,19,5,14,元大-和平,2024-04-09,9863
3042,晶技,14,0,14,元大-和平,2024-04-09,9863
2356,英業達,22,9,13,元大-和平,2024-04-09,9863
8034,榮群,13,0,13,元大-和平,2024-04-09,9863
0056,元大高股息,17,4,13,元大-和平,2024-04-09,9863
2374,佳能,16,4,12,元大-和平,2024-04-09,9863
5483,中美晶,13,1,12,元大-和平,2024-04-09,9863
00713,元大台灣高息低波,12,0,12,元大-和平,2024-04-09,9863
2367,燿華,11,0,11,元大-和平,2024-04-09,9863
6120,達運,13,2,11,元大-和平,2024-04-09,9863
6126,信音,11,0,11,元大-和平,2024-04-09,9863
3050,鈺德,11,1,10,元大-和平,2024-04-09,9863
4951,精拓科,10,0,10,元大-和平,2024-04-09,9863
6219,富旺,10,0,10,元大-和平,2024-04-09,9863
6486,互動,10,0,10,元大-和平,2024-04-09,9863
2313,華通,22,12,10,元大-和平,2024-04-09,9863
1513,中興電,67,58,9,元大-和平,2024-04-09,9863
00893,國泰智能電動車,9,0,9,元大-和平,2024-04-09,9863
2417,圓剛,9,0,9,元大-和平,2024-04-09,9863
3211,順達,9,0,9,元大-和平,2024-04-09,9863
6284,佳邦,9,0,9,元大-和平,2024-04-09,9863
3013,晟銘電,34,26,8,元大-和平,2024-04-09,9863
2354,鴻準,16,8,8,元大-和平,2024-04-09,9863
2883,凱基金,237,20,217,元大-和平,2024-04-10,9863
2618,長榮航,166,12,154,元大-和平,2024-04-10,9863
2634,漢翔,305,213,92,元大-和平,2024-04-10,9863
2382,廣達,53,3,50,元大-和平,2024-04-10,9863
2323,中環,50,3,47,元大-和平,2024-04-10,9863
2540,愛山林,43,2,41,元大-和平,2024-04-10,9863
00937B,群益ESG投等債20,41,2,39,元大-和平,2024-04-10,9863
1316,上曜,35,3,32,元大-和平,2024-04-10,9863
2885,元大金,32,1,31,元大-和平,2024-04-10,9863
1612,宏泰,32,3,29,元大-和平,2024-04-10,9863
2515,中工,71,43,28,元大-和平,2024-04-10,9863
1513,中興電,51,24,27,元大-和平,2024-04-10,9863
00687B,國泰20年美債,26,0,26,元大-和平,2024-04-10,9863
00933B,國泰10Y+金融債,35,9,26,元大-和平,2024-04-10,9863
2308,台達電,23,1,22,元大-和平,2024-04-10,9863
2014,中鴻,25,3,22,元大-和平,2024-04-10,9863
6290,良維,23,2,21,元大-和平,2024-04-10,9863
00939,統一台灣高息動能,23,2,21,元大-和平,2024-04-10,9863
00940,元大台灣價值高息,54,34,20,元大-和平,2024-04-10,9863
1314,中石化,20,0,20,元大-和平,2024-04-10,9863
2417,圓剛,20,0,20,元大-和平,2024-04-10,9863
6016,康和證,20,0,20,元大-和平,2024-04-10,9863
2344,華邦電,82,62,20,元大-和平,2024-04-10,9863
00941,中信上游半導體,19,0,19,元大-和平,2024-04-10,9863
1582,信錦,19,0,19,元大-和平,2024-04-10,9863
2383,台光電,22,3,19,元大-和平,2024-04-10,9863
6770,力積電,26,8,18,元大-和平,2024-04-10,9863
2371,大同,37,20,17,元大-和平,2024-04-10,9863
6026,福邦證,17,0,17,元大-和平,2024-04-10,9863
6215,和椿,18,3,15,元大-和平,2024-04-10,9863
6629,泰金-KY,15,0,15,元大-和平,2024-04-10,9863
8096,擎亞,30,15,15,元大-和平,2024-04-10,9863
3481,群創,26,11,15,元大-和平,2024-04-10,9863
3231,緯創,31,17,14,元大-和平,2024-04-10,9863
2891,中信金,14,0,14,元大-和平,2024-04-10,9863
00878,國泰永續高股息,14,0,14,元大-和平,2024-04-10,9863
1101,台泥,17,3,14,元大-和平,2024-04-10,9863
3284,太普高,13,0,13,元大-和平,2024-04-10,9863
3703,欣陸,18,5,13,元大-和平,2024-04-10,9863
8358,金居,19,6,13,元大-和平,2024-04-10,9863
3702,大聯大,13,0,13,元大-和平,2024-04-10,9863
00632R,元大台灣50反1,33,21,12,元大-和平,2024-04-10,9863
00909,國泰數位支付服務,12,0,12,元大-和平,2024-04-10,9863
2025,千興,14,2,12,元大-和平,2024-04-10,9863
5009,榮剛,24,12,12,元大-和平,2024-04-10,9863
6589,台康生技,11,0,11,元大-和平,2024-04-10,9863
00919,群益台灣精選高息,24,13,11,元大-和平,2024-04-10,9863
00927,群益半導體收益,10,0,10,元大-和平,2024-04-10,9863
1451,年興,10,0,10,元大-和平,2024-04-10,9863
2020,美亞,10,0,10,元大-和平,2024-04-10,9863
3481,群創,2159,22,2137,元大-和平,2024-04-11,9863
9934,成霖,846,0,846,元大-和平,2024-04-11,9863
00706L,期元大S＆P日圓正2,733,3,730,元大-和平,2024-04-11,9863
2801,彰銀,400,0,400,元大-和平,2024-04-11,9863
4173,久裕,264,0,264,元大-和平,2024-04-11,9863
00929,復華台灣科技優息,247,2,245,元大-和平,2024-04-11,9863
2881,富邦金,138,0,138,元大-和平,2024-04-11,9863
00679B,元大美債20年,125,5,120,元大-和平,2024-04-11,9863
00937B,群益ESG投等債20,100,0,100,元大-和平,2024-04-11,9863
00751B,元大AAA至A公司債,82,0,82,元大-和平,2024-04-11,9863
2409,友達,77,1,76,元大-和平,2024-04-11,9863
1314,中石化,84,10,74,元大-和平,2024-04-11,9863
00632R,元大台灣50反1,100,29,71,元大-和平,2024-04-11,9863
00680L,元大美債20正2,70,1,69,元大-和平,2024-04-11,9863
00687B,國泰20年美債,67,0,67,元大-和平,2024-04-11,9863
6873,泓德能源,61,1,60,元大-和平,2024-04-11,9863
2038,海光,60,1,59,元大-和平,2024-04-11,9863
2344,華邦電,54,1,53,元大-和平,2024-04-11,9863
3576,聯合再生,43,0,43,元大-和平,2024-04-11,9863
2303,聯電,54,15,39,元大-和平,2024-04-11,9863
2329,華泰,99,62,37,元大-和平,2024-04-11,9863
00933B,國泰10Y+金融債,39,2,37,元大-和平,2024-04-11,9863
3231,緯創,60,24,36,元大-和平,2024-04-11,9863
2645,長榮航太,38,2,36,元大-和平,2024-04-11,9863
00753L,中信中國50正2,35,0,35,元大-和平,2024-04-11,9863
3450,聯鈞,36,2,34,元大-和平,2024-04-11,9863
1605,華新,34,3,31,元大-和平,2024-04-11,9863
1609,大亞,49,18,31,元大-和平,2024-04-11,9863
2371,大同,57,26,31,元大-和平,2024-04-11,9863
00720B,元大投資級公司債,35,5,30,元大-和平,2024-04-11,9863
5213,亞昕,30,1,29,元大-和平,2024-04-11,9863
6770,力積電,29,1,28,元大-和平,2024-04-11,9863
2399,映泰,27,0,27,元大-和平,2024-04-11,9863
1316,上曜,32,5,27,元大-和平,2024-04-11,9863
4109,加捷生醫,31,4,27,元大-和平,2024-04-11,9863
1514,亞力,67,45,22,元大-和平,2024-04-11,9863
2363,矽統,48,28,20,元大-和平,2024-04-11,9863
2883,凱基金,20,0,20,元大-和平,2024-04-11,9863
2614,東森,20,0,20,元大-和平,2024-04-11,9863
3703,欣陸,20,0,20,元大-和平,2024-04-11,9863
1734,杏輝,20,1,19,元大-和平,2024-04-11,9863
00857B,永豐20年美公債,19,0,19,元大-和平,2024-04-11,9863
00878,國泰永續高股息,19,0,19,元大-和平,2024-04-11,9863
2355,敬鵬,17,0,17,元大-和平,2024-04-11,9863
00918,大華優利高填息30,17,0,17,元大-和平,2024-04-11,9863
6290,良維,38,21,17,元大-和平,2024-04-11,9863
3715,定穎投控,18,2,16,元大-和平,2024-04-11,9863
2417,圓剛,20,4,16,元大-和平,2024-04-11,9863
00665L,富邦�琤肭磪囓�2,15,0,15,元大-和平,2024-04-11,9863
00650L,復華香港正2,15,0,15,元大-和平,2024-04-11,9863
2618,長榮航,335,19,316,元大-和平,2024-04-12,9863
3481,群創,416,107,309,元大-和平,2024-04-12,9863
00891,中信關鍵半導體,231,0,231,元大-和平,2024-04-12,9863
2367,燿華,216,62,154,元大-和平,2024-04-12,9863
2611,志信,143,0,143,元大-和平,2024-04-12,9863
00687B,國泰20年美債,160,24,136,元大-和平,2024-04-12,9863
6191,精成科,107,1,106,元大-和平,2024-04-12,9863
2363,矽統,197,93,104,元大-和平,2024-04-12,9863
00929,復華台灣科技優息,95,1,94,元大-和平,2024-04-12,9863
2382,廣達,88,3,85,元大-和平,2024-04-12,9863
2409,友達,79,0,79,元大-和平,2024-04-12,9863
00679B,元大美債20年,86,12,74,元大-和平,2024-04-12,9863
2353,宏��,112,39,73,元大-和平,2024-04-12,9863
00937B,群益ESG投等債20,62,0,62,元大-和平,2024-04-12,9863
2543,皇昌,62,13,49,元大-和平,2024-04-12,9863
0056,元大高股息,50,4,46,元大-和平,2024-04-12,9863
00751B,元大AAA至A公司債,40,0,40,元大-和平,2024-04-12,9863
2614,東森,73,33,40,元大-和平,2024-04-12,9863
00940,元大台灣價值高息,61,24,37,元大-和平,2024-04-12,9863
2605,新興,63,30,33,元大-和平,2024-04-12,9863
1609,大亞,92,61,31,元大-和平,2024-04-12,9863
2881,富邦金,30,1,29,元大-和平,2024-04-12,9863
4967,十銓,35,7,28,元大-和平,2024-04-12,9863
2723,美食-KY,27,0,27,元大-和平,2024-04-12,9863
3707,漢磊,27,2,25,元大-和平,2024-04-12,9863
5392,能率,26,2,24,元大-和平,2024-04-12,9863
6213,聯茂,31,8,23,元大-和平,2024-04-12,9863
00885,富邦越南,23,0,23,元大-和平,2024-04-12,9863
2892,第一金,23,0,23,元大-和平,2024-04-12,9863
2488,漢平,22,0,22,元大-和平,2024-04-12,9863
1785,光洋科,21,0,21,元大-和平,2024-04-12,9863
00882,中信中國高股息,20,0,20,元大-和平,2024-04-12,9863
00909,國泰數位支付服務,20,2,18,元大-和平,2024-04-12,9863
00725B,國泰投資級公司債,18,0,18,元大-和平,2024-04-12,9863
4994,傳奇,17,0,17,元大-和平,2024-04-12,9863
00720B,元大投資級公司債,16,0,16,元大-和平,2024-04-12,9863
1301,台塑,16,0,16,元大-和平,2024-04-12,9863
00931B,統一美債20年,14,0,14,元大-和平,2024-04-12,9863
2356,英業達,20,6,14,元大-和平,2024-04-12,9863
2610,華航,17,3,14,元大-和平,2024-04-12,9863
3615,安可,15,1,14,元大-和平,2024-04-12,9863
4938,和碩,14,0,14,元大-和平,2024-04-12,9863
5351,鈺創,34,20,14,元大-和平,2024-04-12,9863
5515,建國,13,0,13,元大-和平,2024-04-12,9863
2329,華泰,16,4,12,元大-和平,2024-04-12,9863
5410,國眾,12,0,12,元大-和平,2024-04-12,9863
2891,中信金,13,1,12,元大-和平,2024-04-12,9863
00680L,元大美債20正2,11,0,11,元大-和平,2024-04-12,9863
6443,元晶,11,0,11,元大-和平,2024-04-12,9863
6526,達發,11,0,11,元大-和平,2024-04-12,9863
00632R,元大台灣50反1,1501,303,1198,元大-和平,2024-04-15,9863
00687B,國泰20年美債,304,0,304,元大-和平,2024-04-15,9863
2618,長榮航,560,313,247,元大-和平,2024-04-15,9863
2614,東森,200,0,200,元大-和平,2024-04-15,9863
1609,大亞,202,115,87,元大-和平,2024-04-15,9863
00929,復華台灣科技優息,76,0,76,元大-和平,2024-04-15,9863
2371,大同,133,61,72,元大-和平,2024-04-15,9863
1612,宏泰,104,34,70,元大-和平,2024-04-15,9863
2303,聯電,70,4,66,元大-和平,2024-04-15,9863
00878,國泰永續高股息,64,3,61,元大-和平,2024-04-15,9863
2313,華通,70,10,60,元大-和平,2024-04-15,9863
2344,華邦電,167,109,58,元大-和平,2024-04-15,9863
0056,元大高股息,51,1,50,元大-和平,2024-04-15,9863
2723,美食-KY,48,0,48,元大-和平,2024-04-15,9863
2332,友訊,40,0,40,元大-和平,2024-04-15,9863
2382,廣達,52,14,38,元大-和平,2024-04-15,9863
2367,燿華,45,10,35,元大-和平,2024-04-15,9863
1513,中興電,89,54,35,元大-和平,2024-04-15,9863
2002,中鋼,36,2,34,元大-和平,2024-04-15,9863
5351,鈺創,32,0,32,元大-和平,2024-04-15,9863
4746,台耀,33,1,32,元大-和平,2024-04-15,9863
00751B,元大AAA至A公司債,36,5,31,元大-和平,2024-04-15,9863
00941,中信上游半導體,31,0,31,元大-和平,2024-04-15,9863
1608,華榮,62,33,29,元大-和平,2024-04-15,9863
3231,緯創,38,9,29,元大-和平,2024-04-15,9863
2374,佳能,44,17,27,元大-和平,2024-04-15,9863
00939,統一台灣高息動能,27,0,27,元大-和平,2024-04-15,9863
2637,慧洋-KY,30,4,26,元大-和平,2024-04-15,9863
3622,洋華,26,1,25,元大-和平,2024-04-15,9863
5392,能率,27,2,25,元大-和平,2024-04-15,9863
912000,晨訊科-DR,25,0,25,元大-和平,2024-04-15,9863
00882,中信中國高股息,27,3,24,元大-和平,2024-04-15,9863
00679B,元大美債20年,22,0,22,元大-和平,2024-04-15,9863
2408,南亞科,30,9,21,元大-和平,2024-04-15,9863
00715L,期街口布蘭特正2,20,0,20,元大-和平,2024-04-15,9863
3563,牧德,21,1,20,元大-和平,2024-04-15,9863
2009,第一銅,30,11,19,元大-和平,2024-04-15,9863
2867,三商壽,22,3,19,元大-和平,2024-04-15,9863
00931B,統一美債20年,19,0,19,元大-和平,2024-04-15,9863
6770,力積電,26,7,19,元大-和平,2024-04-15,9863
00891,中信關鍵半導體,28,10,18,元大-和平,2024-04-15,9863
2010,春源,20,2,18,元大-和平,2024-04-15,9863
3015,全漢,33,17,16,元大-和平,2024-04-15,9863
00918,大華優利高填息30,15,0,15,元大-和平,2024-04-15,9863
2323,中環,165,150,15,元大-和平,2024-04-15,9863
2543,皇昌,16,1,15,元大-和平,2024-04-15,9863
00720B,元大投資級公司債,14,0,14,元大-和平,2024-04-15,9863
2427,三商電,15,1,14,元大-和平,2024-04-15,9863
2607,榮運,16,2,14,元大-和平,2024-04-15,9863
8092,建暐,14,0,14,元大-和平,2024-04-15,9863
3481,群創,1206,16,1190,元大-和平,2024-04-16,9863
2618,長榮航,1126,2,1124,元大-和平,2024-04-16,9863
00940,元大台灣價值高息,895,46,849,元大-和平,2024-04-16,9863
2344,華邦電,290,0,290,元大-和平,2024-04-16,9863
00929,復華台灣科技優息,207,5,202,元大-和平,2024-04-16,9863
00919,群益台灣精選高息,185,6,179,元大-和平,2024-04-16,9863
0056,元大高股息,192,14,178,元大-和平,2024-04-16,9863
2881,富邦金,167,3,164,元大-和平,2024-04-16,9863
00939,統一台灣高息動能,152,10,142,元大-和平,2024-04-16,9863
2303,聯電,152,21,131,元大-和平,2024-04-16,9863
00720B,元大投資級公司債,135,5,130,元大-和平,2024-04-16,9863
2614,東森,130,0,130,元大-和平,2024-04-16,9863
00937B,群益ESG投等債20,119,0,119,元大-和平,2024-04-16,9863
2371,大同,160,52,108,元大-和平,2024-04-16,9863
00878,國泰永續高股息,104,5,99,元大-和平,2024-04-16,9863
00918,大華優利高填息30,94,0,94,元大-和平,2024-04-16,9863
2867,三商壽,83,10,73,元大-和平,2024-04-16,9863
00751B,元大AAA至A公司債,68,0,68,元大-和平,2024-04-16,9863
2723,美食-KY,65,0,65,元大-和平,2024-04-16,9863
2332,友訊,60,0,60,元大-和平,2024-04-16,9863
2610,華航,108,50,58,元大-和平,2024-04-16,9863
00941,中信上游半導體,63,12,51,元大-和平,2024-04-16,9863
2382,廣達,73,22,51,元大-和平,2024-04-16,9863
3231,緯創,68,22,46,元大-和平,2024-04-16,9863
2442,新美齊,41,0,41,元大-和平,2024-04-16,9863
3703,欣陸,40,0,40,元大-和平,2024-04-16,9863
3260,威剛,40,3,37,元大-和平,2024-04-16,9863
2888,新光金,34,1,33,元大-和平,2024-04-16,9863
00891,中信關鍵半導體,33,0,33,元大-和平,2024-04-16,9863
00679B,元大美債20年,47,18,29,元大-和平,2024-04-16,9863
2408,南亞科,30,1,29,元大-和平,2024-04-16,9863
00882,中信中國高股息,29,0,29,元大-和平,2024-04-16,9863
2308,台達電,32,3,29,元大-和平,2024-04-16,9863
1813,寶利徠,27,1,26,元大-和平,2024-04-16,9863
2885,元大金,27,1,26,元大-和平,2024-04-16,9863
5371,中光電,29,4,25,元大-和平,2024-04-16,9863
6689,伊雲谷,30,5,25,元大-和平,2024-04-16,9863
1108,幸福,25,0,25,元大-和平,2024-04-16,9863
2743,山富,25,0,25,元大-和平,2024-04-16,9863
9934,成霖,113,89,24,元大-和平,2024-04-16,9863
5009,榮剛,28,5,23,元大-和平,2024-04-16,9863
2317,鴻海,57,35,22,元大-和平,2024-04-16,9863
3218,大學光,20,0,20,元大-和平,2024-04-16,9863
00715L,期街口布蘭特正2,20,0,20,元大-和平,2024-04-16,9863
00688L,國泰20年美債正2,20,0,20,元大-和平,2024-04-16,9863
3321,同泰,20,0,20,元大-和平,2024-04-16,9863
3712,永崴投控,20,0,20,元大-和平,2024-04-16,9863
2356,英業達,38,20,18,元大-和平,2024-04-16,9863
00680L,元大美債20正2,23,5,18,元大-和平,2024-04-16,9863
1101,台泥,31,13,18,元大-和平,2024-04-16,9863
2618,長榮航,448,8,440,元大-和平,2024-04-17,9863
2367,燿華,104,4,100,元大-和平,2024-04-17,9863
5876,上海商銀,100,0,100,元大-和平,2024-04-17,9863
00687B,國泰20年美債,98,0,98,元大-和平,2024-04-17,9863
00632R,元大台灣50反1,95,7,88,元大-和平,2024-04-17,9863
00937B,群益ESG投等債20,82,0,82,元大-和平,2024-04-17,9863
0056,元大高股息,74,10,64,元大-和平,2024-04-17,9863
2801,彰銀,57,1,56,元大-和平,2024-04-17,9863
2611,志信,51,0,51,元大-和平,2024-04-17,9863
1504,東元,84,38,46,元大-和平,2024-04-17,9863
00679B,元大美債20年,39,1,38,元大-和平,2024-04-17,9863
2363,矽統,42,5,37,元大-和平,2024-04-17,9863
00929,復華台灣科技優息,34,1,33,元大-和平,2024-04-17,9863
4532,瑞智,32,2,30,元大-和平,2024-04-17,9863
3231,緯創,35,5,30,元大-和平,2024-04-17,9863
00720B,元大投資級公司債,29,0,29,元大-和平,2024-04-17,9863
2303,聯電,33,4,29,元大-和平,2024-04-17,9863
1810,和成,37,9,28,元大-和平,2024-04-17,9863
00919,群益台灣精選高息,49,22,27,元大-和平,2024-04-17,9863
2501,國建,30,3,27,元大-和平,2024-04-17,9863
00751B,元大AAA至A公司債,29,2,27,元大-和平,2024-04-17,9863
00857B,永豐20年美公債,25,1,24,元大-和平,2024-04-17,9863
6117,迎廣,28,4,24,元大-和平,2024-04-17,9863
2882,國泰金,22,0,22,元大-和平,2024-04-17,9863
00882,中信中國高股息,20,0,20,元大-和平,2024-04-17,9863
00933B,國泰10Y+金融債,19,0,19,元大-和平,2024-04-17,9863
00719B,元大美債1-3,20,2,18,元大-和平,2024-04-17,9863
2610,華航,18,0,18,元大-和平,2024-04-17,9863
5706,鳳凰,19,1,18,元大-和平,2024-04-17,9863
2408,南亞科,17,1,16,元大-和平,2024-04-17,9863
00712,復華富時不動產,25,10,15,元大-和平,2024-04-17,9863
2014,中鴻,15,0,15,元大-和平,2024-04-17,9863
00753L,中信中國50正2,15,0,15,元大-和平,2024-04-17,9863
2520,冠德,15,0,15,元大-和平,2024-04-17,9863
3055,蔚華科,16,1,15,元大-和平,2024-04-17,9863
5388,中磊,14,0,14,元大-和平,2024-04-17,9863
4138,曜亞,14,0,14,元大-和平,2024-04-17,9863
2353,宏��,16,2,14,元大-和平,2024-04-17,9863
2886,兆豐金,14,0,14,元大-和平,2024-04-17,9863
8096,擎亞,14,0,14,元大-和平,2024-04-17,9863
00660,元大歐洲50,13,0,13,元大-和平,2024-04-17,9863
2409,友達,13,0,13,元大-和平,2024-04-17,9863
6770,力積電,14,2,12,元大-和平,2024-04-17,9863
4533,協易機,17,5,12,元大-和平,2024-04-17,9863
00878,國泰永續高股息,13,2,11,元大-和平,2024-04-17,9863
00941,中信上游半導體,11,0,11,元大-和平,2024-04-17,9863
2356,英業達,15,4,11,元大-和平,2024-04-17,9863
2498,宏達電,11,0,11,元大-和平,2024-04-17,9863
4414,如興,11,0,11,元大-和平,2024-04-17,9863
3481,群創,14,3,11,元大-和平,2024-04-17,9863
0056,元大高股息,1348,0,1348,元大-和平,2024-04-18,9863
00632R,元大台灣50反1,347,0,347,元大-和平,2024-04-18,9863
3015,全漢,93,2,91,元大-和平,2024-04-18,9863
00664R,國泰臺灣加權反1,51,0,51,元大-和平,2024-04-18,9863
00941,中信上游半導體,49,5,44,元大-和平,2024-04-18,9863
2367,燿華,44,0,44,元大-和平,2024-04-18,9863
8358,金居,52,10,42,元大-和平,2024-04-18,9863
4105,東洋,40,0,40,元大-和平,2024-04-18,9863
00942B,台新美A公司債20+,51,17,34,元大-和平,2024-04-18,9863
2516,新建,30,0,30,元大-和平,2024-04-18,9863
6770,力積電,32,6,26,元大-和平,2024-04-18,9863
2882,國泰金,31,6,25,元大-和平,2024-04-18,9863
2457,飛宏,31,8,23,元大-和平,2024-04-18,9863
8033,雷虎,24,2,22,元大-和平,2024-04-18,9863
00671R,富邦NASDAQ反1,20,0,20,元大-和平,2024-04-18,9863
3380,明泰,20,0,20,元大-和平,2024-04-18,9863
2330,台積電,27,10,17,元大-和平,2024-04-18,9863
2801,彰銀,18,1,17,元大-和平,2024-04-18,9863
8390,金益鼎,17,0,17,元大-和平,2024-04-18,9863
2610,華航,17,0,17,元大-和平,2024-04-18,9863
2317,鴻海,24,8,16,元大-和平,2024-04-18,9863
00919,群益台灣精選高息,26,10,16,元大-和平,2024-04-18,9863
00725B,國泰投資級公司債,17,1,16,元大-和平,2024-04-18,9863
2390,云辰,16,0,16,元大-和平,2024-04-18,9863
2409,友達,16,0,16,元大-和平,2024-04-18,9863
4533,協易機,16,0,16,元大-和平,2024-04-18,9863
2363,矽統,32,16,16,元大-和平,2024-04-18,9863
2329,華泰,26,11,15,元大-和平,2024-04-18,9863
00720B,元大投資級公司債,15,0,15,元大-和平,2024-04-18,9863
3231,緯創,38,24,14,元大-和平,2024-04-18,9863
2356,英業達,16,3,13,元大-和平,2024-04-18,9863
1513,中興電,30,17,13,元大-和平,2024-04-18,9863
3035,智原,17,4,13,元大-和平,2024-04-18,9863
2009,第一銅,17,4,13,元大-和平,2024-04-18,9863
00939,統一台灣高息動能,12,0,12,元大-和平,2024-04-18,9863
00712,復華富時不動產,12,0,12,元大-和平,2024-04-18,9863
00679B,元大美債20年,12,0,12,元大-和平,2024-04-18,9863
5529,鉅陞,12,0,12,元大-和平,2024-04-18,9863
00751B,元大AAA至A公司債,14,2,12,元大-和平,2024-04-18,9863
1795,美時,16,4,12,元大-和平,2024-04-18,9863
00937B,群益ESG投等債20,22,11,11,元大-和平,2024-04-18,9863
2889,國票金,11,0,11,元大-和平,2024-04-18,9863
00680L,元大美債20正2,16,5,11,元大-和平,2024-04-18,9863
2109,華豐,11,0,11,元大-和平,2024-04-18,9863
8016,矽創,11,0,11,元大-和平,2024-04-18,9863
5388,中磊,10,0,10,元大-和平,2024-04-18,9863
6188,廣明,10,0,10,元大-和平,2024-04-18,9863
3402,漢科,11,1,10,元大-和平,2024-04-18,9863
3706,神達,12,2,10,元大-和平,2024-04-18,9863
4906,正文,10,0,10,元大-和平,2024-04-18,9863
00940,元大台灣價值高息,997,56,941,元大-和平,2024-04-19,9863
2882,國泰金,880,242,638,元大-和平,2024-04-19,9863
2881,富邦金,265,0,265,元大-和平,2024-04-19,9863
2618,長榮航,276,47,229,元大-和平,2024-04-19,9863
2801,彰銀,195,0,195,元大-和平,2024-04-19,9863
00929,復華台灣科技優息,203,50,153,元大-和平,2024-04-19,9863
2610,華航,154,4,150,元大-和平,2024-04-19,9863
0056,元大高股息,152,20,132,元大-和平,2024-04-19,9863
5876,上海商銀,123,0,123,元大-和平,2024-04-19,9863
00676R,富邦臺灣加權反1,100,0,100,元大-和平,2024-04-19,9863
2614,東森,176,79,97,元大-和平,2024-04-19,9863
2515,中工,185,88,97,元大-和平,2024-04-19,9863
2330,台積電,150,57,93,元大-和平,2024-04-19,9863
2409,友達,92,1,91,元大-和平,2024-04-19,9863
4105,東洋,90,0,90,元大-和平,2024-04-19,9863
00878,國泰永續高股息,106,18,88,元大-和平,2024-04-19,9863
00919,群益台灣精選高息,141,61,80,元大-和平,2024-04-19,9863
2332,友訊,80,0,80,元大-和平,2024-04-19,9863
2371,大同,312,245,67,元大-和平,2024-04-19,9863
3689,湧德,61,0,61,元大-和平,2024-04-19,9863
00918,大華優利高填息30,60,0,60,元大-和平,2024-04-19,9863
2883,凱基金,57,0,57,元大-和平,2024-04-19,9863
2516,新建,90,34,56,元大-和平,2024-04-19,9863
2542,興富發,56,1,55,元大-和平,2024-04-19,9863
5213,亞昕,55,0,55,元大-和平,2024-04-19,9863
2376,技嘉,50,4,46,元大-和平,2024-04-19,9863
2723,美食-KY,46,0,46,元大-和平,2024-04-19,9863
6143,振曜,52,9,43,元大-和平,2024-04-19,9863
2885,元大金,41,0,41,元大-和平,2024-04-19,9863
2457,飛宏,41,1,40,元大-和平,2024-04-19,9863
6770,力積電,45,9,36,元大-和平,2024-04-19,9863
5512,力麒,48,16,32,元大-和平,2024-04-19,9863
8926,台汽電,31,0,31,元大-和平,2024-04-19,9863
6026,福邦證,30,0,30,元大-和平,2024-04-19,9863
6205,詮欣,30,0,30,元大-和平,2024-04-19,9863
1612,宏泰,41,13,28,元大-和平,2024-04-19,9863
3017,奇鋐,41,18,23,元大-和平,2024-04-19,9863
00881,國泰台灣5G+,30,7,23,元大-和平,2024-04-19,9863
00864B,中信美國公債0-1,22,0,22,元大-和平,2024-04-19,9863
2520,冠德,44,23,21,元大-和平,2024-04-19,9863
5243,乙盛-KY,21,0,21,元大-和平,2024-04-19,9863
00904,新光臺灣半導體30,20,0,20,元大-和平,2024-04-19,9863
2201,裕隆,23,3,20,元大-和平,2024-04-19,9863
6689,伊雲谷,20,0,20,元大-和平,2024-04-19,9863
8027,鈦昇,20,0,20,元大-和平,2024-04-19,9863
00637L,元大滬深300正2,20,1,19,元大-和平,2024-04-19,9863
1605,華新,32,13,19,元大-和平,2024-04-19,9863
3231,緯創,43,25,18,元大-和平,2024-04-19,9863
00901,永豐智能車供應鏈,18,0,18,元大-和平,2024-04-19,9863
2597,潤弘,17,0,17,元大-和平,2024-04-19,9863
3481,群創,469,1,468,元大-和平,2024-04-22,9863
2371,大同,545,148,397,元大-和平,2024-04-22,9863
00632R,元大台灣50反1,654,263,391,元大-和平,2024-04-22,9863
9934,成霖,335,17,318,元大-和平,2024-04-22,9863
3703,欣陸,458,244,214,元大-和平,2024-04-22,9863
2303,聯電,151,15,136,元大-和平,2024-04-22,9863
00940,元大台灣價值高息,257,127,130,元大-和平,2024-04-22,9863
00937B,群益ESG投等債20,130,2,128,元大-和平,2024-04-22,9863
2515,中工,195,69,126,元大-和平,2024-04-22,9863
2867,三商壽,122,0,122,元大-和平,2024-04-22,9863
00687B,國泰20年美債,112,5,107,元大-和平,2024-04-22,9863
00929,復華台灣科技優息,109,8,101,元大-和平,2024-04-22,9863
2516,新建,101,2,99,元大-和平,2024-04-22,9863
2344,華邦電,89,0,89,元大-和平,2024-04-22,9863
00919,群益台灣精選高息,99,26,73,元大-和平,2024-04-22,9863
00631L,元大台灣50正2,56,1,55,元大-和平,2024-04-22,9863
5213,亞昕,55,0,55,元大-和平,2024-04-22,9863
8121,越峰,55,0,55,元大-和平,2024-04-22,9863
3231,緯創,68,13,55,元大-和平,2024-04-22,9863
00939,統一台灣高息動能,47,1,46,元大-和平,2024-04-22,9863
2504,國產,49,5,44,元大-和平,2024-04-22,9863
1616,億泰,45,2,43,元大-和平,2024-04-22,9863
1905,華紙,40,0,40,元大-和平,2024-04-22,9863
6117,迎廣,40,0,40,元大-和平,2024-04-22,9863
8996,高力,42,4,38,元大-和平,2024-04-22,9863
1101,台泥,34,1,33,元大-和平,2024-04-22,9863
5515,建國,36,3,33,元大-和平,2024-04-22,9863
2545,皇翔,53,22,31,元大-和平,2024-04-22,9863
00885,富邦越南,31,1,30,元大-和平,2024-04-22,9863
00652,富邦印度,30,0,30,元大-和平,2024-04-22,9863
2382,廣達,32,5,27,元大-和平,2024-04-22,9863
2457,飛宏,24,0,24,元大-和平,2024-04-22,9863
1314,中石化,95,71,24,元大-和平,2024-04-22,9863
3708,上緯投控,37,14,23,元大-和平,2024-04-22,9863
4105,東洋,22,0,22,元大-和平,2024-04-22,9863
2356,英業達,25,4,21,元大-和平,2024-04-22,9863
2543,皇昌,60,40,20,元大-和平,2024-04-22,9863
2390,云辰,20,0,20,元大-和平,2024-04-22,9863
00927,群益半導體收益,19,0,19,元大-和平,2024-04-22,9863
6770,力積電,35,16,19,元大-和平,2024-04-22,9863
3576,聯合再生,18,0,18,元大-和平,2024-04-22,9863
00733,富邦臺灣中小,17,0,17,元大-和平,2024-04-22,9863
8433,弘帆,17,0,17,元大-和平,2024-04-22,9863
5521,工信,36,22,14,元大-和平,2024-04-22,9863
3218,大學光,13,0,13,元大-和平,2024-04-22,9863
8927,北基,12,0,12,元大-和平,2024-04-22,9863
2368,金像電,11,0,11,元大-和平,2024-04-22,9863
6239,力成,11,0,11,元大-和平,2024-04-22,9863
2537,聯上發,12,2,10,元大-和平,2024-04-22,9863
6197,佳必琪,12,2,10,元大-和平,2024-04-22,9863
2897,王道銀行,1001,0,1001,元大-和平,2024-04-23,9863
00878,國泰永續高股息,134,0,134,元大-和平,2024-04-23,9863
2867,三商壽,117,10,107,元大-和平,2024-04-23,9863
2501,國建,108,10,98,元大-和平,2024-04-23,9863
00940,元大台灣價值高息,92,1,91,元大-和平,2024-04-23,9863
3703,欣陸,221,147,74,元大-和平,2024-04-23,9863
2371,大同,113,44,69,元大-和平,2024-04-23,9863
2323,中環,130,71,59,元大-和平,2024-04-23,9863
1609,大亞,115,57,58,元大-和平,2024-04-23,9863
2303,聯電,118,61,57,元大-和平,2024-04-23,9863
00762,元大全球AI,55,0,55,元大-和平,2024-04-23,9863
00941,中信上游半導體,53,1,52,元大-和平,2024-04-23,9863
00892,富邦台灣半導體,51,0,51,元大-和平,2024-04-23,9863
00919,群益台灣精選高息,58,17,41,元大-和平,2024-04-23,9863
2545,皇翔,132,92,40,元大-和平,2024-04-23,9863
00929,復華台灣科技優息,43,6,37,元大-和平,2024-04-23,9863
9945,潤泰新,40,5,35,元大-和平,2024-04-23,9863
3689,湧德,69,36,33,元大-和平,2024-04-23,9863
00733,富邦臺灣中小,31,0,31,元大-和平,2024-04-23,9863
00661,元大日經225,30,1,29,元大-和平,2024-04-23,9863
1504,東元,48,20,28,元大-和平,2024-04-23,9863
00939,統一台灣高息動能,23,0,23,元大-和平,2024-04-23,9863
5488,松普,22,0,22,元大-和平,2024-04-23,9863
00830,國泰費城半導體,21,0,21,元大-和平,2024-04-23,9863
00655L,國泰中國A50正2,20,0,20,元大-和平,2024-04-23,9863
2010,春源,60,40,20,元大-和平,2024-04-23,9863
2344,華邦電,30,10,20,元大-和平,2024-04-23,9863
6578,達邦蛋白,28,8,20,元大-和平,2024-04-23,9863
00937B,群益ESG投等債20,16,0,16,元大-和平,2024-04-23,9863
4763,材料-KY,16,0,16,元大-和平,2024-04-23,9863
3715,定穎投控,15,0,15,元大-和平,2024-04-23,9863
6117,迎廣,15,0,15,元大-和平,2024-04-23,9863
2367,燿華,14,0,14,元大-和平,2024-04-23,9863
0050,元大台灣50,23,9,14,元大-和平,2024-04-23,9863
8938,明安,13,0,13,元大-和平,2024-04-23,9863
5009,榮剛,27,15,12,元大-和平,2024-04-23,9863
2449,京元電子,15,3,12,元大-和平,2024-04-23,9863
5340,建榮,11,0,11,元大-和平,2024-04-23,9863
9907,統一實,11,0,11,元大-和平,2024-04-23,9863
6274,台燿,11,0,11,元大-和平,2024-04-23,9863
2376,技嘉,13,3,10,元大-和平,2024-04-23,9863
2301,光寶科,29,19,10,元大-和平,2024-04-23,9863
1440,南紡,15,5,10,元大-和平,2024-04-23,9863
1722,台肥,10,0,10,元大-和平,2024-04-23,9863
2915,潤泰全,10,0,10,元大-和平,2024-04-23,9863
3317,尼克森,10,0,10,元大-和平,2024-04-23,9863
5213,亞昕,10,0,10,元大-和平,2024-04-23,9863
5243,乙盛-KY,10,0,10,元大-和平,2024-04-23,9863
2547,日勝生,13,4,9,元大-和平,2024-04-23,9863
006208,富邦台50,9,0,9,元大-和平,2024-04-23,9863
00687B,國泰20年美債,2183,0,2183,元大-和平,2024-04-24,9863
2886,兆豐金,1023,0,1023,元大-和平,2024-04-24,9863
00632R,元大台灣50反1,538,10,528,元大-和平,2024-04-24,9863
3703,欣陸,355,196,159,元大-和平,2024-04-24,9863
00878,國泰永續高股息,89,10,79,元大-和平,2024-04-24,9863
2610,華航,107,35,72,元大-和平,2024-04-24,9863
00929,復華台灣科技優息,77,12,65,元大-和平,2024-04-24,9863
00891,中信關鍵半導體,60,2,58,元大-和平,2024-04-24,9863
3035,智原,57,1,56,元大-和平,2024-04-24,9863
5347,世界,60,4,56,元大-和平,2024-04-24,9863
6205,詮欣,49,0,49,元大-和平,2024-04-24,9863
2206,三陽工業,57,24,33,元大-和平,2024-04-24,9863
2101,南港,31,3,28,元大-和平,2024-04-24,9863
0056,元大高股息,37,11,26,元大-和平,2024-04-24,9863
5534,長虹,25,1,24,元大-和平,2024-04-24,9863
2409,友達,30,7,23,元大-和平,2024-04-24,9863
6443,元晶,29,7,22,元大-和平,2024-04-24,9863
00830,國泰費城半導體,22,1,21,元大-和平,2024-04-24,9863
1612,宏泰,21,0,21,元大-和平,2024-04-24,9863
00892,富邦台灣半導體,20,0,20,元大-和平,2024-04-24,9863
00637L,元大滬深300正2,20,0,20,元大-和平,2024-04-24,9863
912000,晨訊科-DR,20,0,20,元大-和平,2024-04-24,9863
2317,鴻海,54,35,19,元大-和平,2024-04-24,9863
00680L,元大美債20正2,22,5,17,元大-和平,2024-04-24,9863
00664R,國泰臺灣加權反1,15,0,15,元大-和平,2024-04-24,9863
3481,群創,33,18,15,元大-和平,2024-04-24,9863
5009,榮剛,23,10,13,元大-和平,2024-04-24,9863
6192,巨路,16,3,13,元大-和平,2024-04-24,9863
8938,明安,18,5,13,元大-和平,2024-04-24,9863
3055,蔚華科,13,0,13,元大-和平,2024-04-24,9863
3013,晟銘電,30,18,12,元大-和平,2024-04-24,9863
00733,富邦臺灣中小,12,0,12,元大-和平,2024-04-24,9863
2374,佳能,14,3,11,元大-和平,2024-04-24,9863
00762,元大全球AI,10,0,10,元大-和平,2024-04-24,9863
00937B,群益ESG投等債20,10,0,10,元大-和平,2024-04-24,9863
2331,精英,10,0,10,元大-和平,2024-04-24,9863
2504,國產,10,0,10,元大-和平,2024-04-24,9863
3321,同泰,10,0,10,元大-和平,2024-04-24,9863
2347,聯強,10,0,10,元大-和平,2024-04-24,9863
2611,志信,9,0,9,元大-和平,2024-04-24,9863
5515,建國,11,2,9,元大-和平,2024-04-24,9863
6596,寬宏藝術,22,13,9,元大-和平,2024-04-24,9863
2634,漢翔,13,4,9,元大-和平,2024-04-24,9863
1731,美吾華,10,2,8,元大-和平,2024-04-24,9863
4958,臻鼎-KY,12,4,8,元大-和平,2024-04-24,9863
1513,中興電,20,12,8,元大-和平,2024-04-24,9863
2002,中鋼,14,7,7,元大-和平,2024-04-24,9863
1618,合機,12,5,7,元大-和平,2024-04-24,9863
2345,智邦,8,1,7,元大-和平,2024-04-24,9863
3548,兆利,7,0,7,元大-和平,2024-04-24,9863
00687B,國泰20年美債,1216,0,1216,元大-和平,2024-04-25,9863
1455,集盛,262,0,262,元大-和平,2024-04-25,9863
2101,南港,109,2,107,元大-和平,2024-04-25,9863
2867,三商壽,101,2,99,元大-和平,2024-04-25,9863
00885,富邦越南,101,5,96,元大-和平,2024-04-25,9863
2888,新光金,100,5,95,元大-和平,2024-04-25,9863
912000,晨訊科-DR,91,0,91,元大-和平,2024-04-25,9863
9934,成霖,87,5,82,元大-和平,2024-04-25,9863
2883,凱基金,70,0,70,元大-和平,2024-04-25,9863
2885,元大金,70,0,70,元大-和平,2024-04-25,9863
6177,達麗,53,1,52,元大-和平,2024-04-25,9863
00640L,富邦日本正2,50,0,50,元大-和平,2024-04-25,9863
6143,振曜,53,3,50,元大-和平,2024-04-25,9863
2303,聯電,67,22,45,元大-和平,2024-04-25,9863
2486,一詮,54,11,43,元大-和平,2024-04-25,9863
6205,詮欣,43,0,43,元大-和平,2024-04-25,9863
2504,國產,83,41,42,元大-和平,2024-04-25,9863
6197,佳必琪,44,10,34,元大-和平,2024-04-25,9863
2409,友達,36,5,31,元大-和平,2024-04-25,9863
5213,亞昕,30,0,30,元大-和平,2024-04-25,9863
00940,元大台灣價值高息,46,17,29,元大-和平,2024-04-25,9863
2618,長榮航,453,428,25,元大-和平,2024-04-25,9863
00929,復華台灣科技優息,29,5,24,元大-和平,2024-04-25,9863
1609,大亞,60,37,23,元大-和平,2024-04-25,9863
2344,華邦電,23,0,23,元大-和平,2024-04-25,9863
6282,康舒,24,3,21,元大-和平,2024-04-25,9863
00857B,永豐20年美公債,20,0,20,元大-和平,2024-04-25,9863
5876,上海商銀,20,0,20,元大-和平,2024-04-25,9863
1560,中砂,24,4,20,元大-和平,2024-04-25,9863
00878,國泰永續高股息,19,0,19,元大-和平,2024-04-25,9863
2543,皇昌,21,2,19,元大-和平,2024-04-25,9863
2363,矽統,35,16,19,元大-和平,2024-04-25,9863
00919,群益台灣精選高息,25,7,18,元大-和平,2024-04-25,9863
00939,統一台灣高息動能,18,0,18,元大-和平,2024-04-25,9863
3052,夆典,18,0,18,元大-和平,2024-04-25,9863
00933B,國泰10Y+金融債,26,10,16,元大-和平,2024-04-25,9863
00713,元大台灣高息低波,15,0,15,元大-和平,2024-04-25,9863
00680L,元大美債20正2,15,0,15,元大-和平,2024-04-25,9863
2330,台積電,23,8,15,元大-和平,2024-04-25,9863
2515,中工,35,21,14,元大-和平,2024-04-25,9863
2359,所羅門,19,5,14,元大-和平,2024-04-25,9863
2317,鴻海,24,11,13,元大-和平,2024-04-25,9863
1587,吉茂,14,1,13,元大-和平,2024-04-25,9863
6425,易發,17,4,13,元大-和平,2024-04-25,9863
2886,兆豐金,11,0,11,元大-和平,2024-04-25,9863
1301,台塑,11,0,11,元大-和平,2024-04-25,9863
2457,飛宏,11,0,11,元大-和平,2024-04-25,9863
2892,第一金,11,1,10,元大-和平,2024-04-25,9863
1605,華新,10,0,10,元大-和平,2024-04-25,9863
1522,堤維西,10,0,10,元大-和平,2024-04-25,9863
00632R,元大台灣50反1,620,3,617,元大-和平,2024-04-26,9863
2317,鴻海,362,30,332,元大-和平,2024-04-26,9863
00687B,國泰20年美債,352,100,252,元大-和平,2024-04-26,9863
00937B,群益ESG投等債20,104,4,100,元大-和平,2024-04-26,9863
1455,集盛,108,10,98,元大-和平,2024-04-26,9863
2371,大同,139,55,84,元大-和平,2024-04-26,9863
1440,南紡,118,47,71,元大-和平,2024-04-26,9863
6180,橘子,70,5,65,元大-和平,2024-04-26,9863
8938,明安,63,0,63,元大-和平,2024-04-26,9863
00915,凱基優選高股息30,50,0,50,元大-和平,2024-04-26,9863
00713,元大台灣高息低波,44,2,42,元大-和平,2024-04-26,9863
1605,華新,41,0,41,元大-和平,2024-04-26,9863
00933B,國泰10Y+金融債,34,0,34,元大-和平,2024-04-26,9863
2520,冠德,38,9,29,元大-和平,2024-04-26,9863
00753L,中信中國50正2,40,14,26,元大-和平,2024-04-26,9863
00679B,元大美債20年,24,0,24,元大-和平,2024-04-26,9863
4533,協易機,24,0,24,元大-和平,2024-04-26,9863
9934,成霖,70,47,23,元大-和平,2024-04-26,9863
8358,金居,20,0,20,元大-和平,2024-04-26,9863
00664R,國泰臺灣加權反1,20,0,20,元大-和平,2024-04-26,9863
4746,台耀,20,0,20,元大-和平,2024-04-26,9863
3363,上詮,30,11,19,元大-和平,2024-04-26,9863
2834,臺企銀,22,3,19,元大-和平,2024-04-26,9863
6205,詮欣,17,0,17,元大-和平,2024-04-26,9863
1314,中石化,30,14,16,元大-和平,2024-04-26,9863
6190,萬泰科,15,0,15,元大-和平,2024-04-26,9863
00720B,元大投資級公司債,14,0,14,元大-和平,2024-04-26,9863
3481,群創,21,7,14,元大-和平,2024-04-26,9863
00857B,永豐20年美公債,13,0,13,元大-和平,2024-04-26,9863
1813,寶利徠,13,0,13,元大-和平,2024-04-26,9863
6547,高端疫苗,13,0,13,元大-和平,2024-04-26,9863
1504,東元,12,0,12,元大-和平,2024-04-26,9863
2327,國巨,12,0,12,元大-和平,2024-04-26,9863
00722B,群益投資級電信債,12,0,12,元大-和平,2024-04-26,9863
2363,矽統,30,18,12,元大-和平,2024-04-26,9863
1608,華榮,17,6,11,元大-和平,2024-04-26,9863
2102,泰豐,11,0,11,元大-和平,2024-04-26,9863
2597,潤弘,11,0,11,元大-和平,2024-04-26,9863
1101,台泥,21,11,10,元大-和平,2024-04-26,9863
00725B,國泰投資級公司債,10,0,10,元大-和平,2024-04-26,9863
00680L,元大美債20正2,11,1,10,元大-和平,2024-04-26,9863
00671R,富邦NASDAQ反1,10,0,10,元大-和平,2024-04-26,9863
1513,中興電,20,10,10,元大-和平,2024-04-26,9863
3664,安瑞-KY,10,0,10,元大-和平,2024-04-26,9863
3706,神達,32,22,10,元大-和平,2024-04-26,9863
4935,茂林-KY,10,0,10,元大-和平,2024-04-26,9863
8027,鈦昇,10,0,10,元大-和平,2024-04-26,9863
8433,弘帆,10,0,10,元大-和平,2024-04-26,9863
1618,合機,14,5,9,元大-和平,2024-04-26,9863
4716,大立,9,0,9,元大-和平,2024-04-26,9863
00632R,元大台灣50反1,3409,1,3408,元大-和平,2024-04-29,9863
00706L,期元大S＆P日圓正2,487,18,469,元大-和平,2024-04-29,9863
1455,集盛,464,0,464,元大-和平,2024-04-29,9863
2618,長榮航,474,175,299,元大-和平,2024-04-29,9863
2609,陽明,280,116,164,元大-和平,2024-04-29,9863
00891,中信關鍵半導體,120,29,91,元大-和平,2024-04-29,9863
3703,欣陸,181,111,70,元大-和平,2024-04-29,9863
2066,世德,56,0,56,元大-和平,2024-04-29,9863
00919,群益台灣精選高息,71,17,54,元大-和平,2024-04-29,9863
8938,明安,53,0,53,元大-和平,2024-04-29,9863
9945,潤泰新,74,23,51,元大-和平,2024-04-29,9863
2101,南港,65,17,48,元大-和平,2024-04-29,9863
00713,元大台灣高息低波,43,2,41,元大-和平,2024-04-29,9863
1313,聯成,40,3,37,元大-和平,2024-04-29,9863
5230,雷笛克光學,35,0,35,元大-和平,2024-04-29,9863
00940,元大台灣價值高息,91,56,35,元大-和平,2024-04-29,9863
2323,中環,55,22,33,元大-和平,2024-04-29,9863
1587,吉茂,39,7,32,元大-和平,2024-04-29,9863
1532,勤美,32,1,31,元大-和平,2024-04-29,9863
00757,統一FANG+,30,0,30,元大-和平,2024-04-29,9863
2545,皇翔,133,103,30,元大-和平,2024-04-29,9863
2540,愛山林,30,1,29,元大-和平,2024-04-29,9863
2515,中工,52,26,26,元大-和平,2024-04-29,9863
2449,京元電子,34,11,23,元大-和平,2024-04-29,9863
5234,達興材料,23,0,23,元大-和平,2024-04-29,9863
5522,遠雄,22,1,21,元大-和平,2024-04-29,9863
2486,一詮,35,15,20,元大-和平,2024-04-29,9863
6191,精成科,20,1,19,元大-和平,2024-04-29,9863
1560,中砂,20,2,18,元大-和平,2024-04-29,9863
00937B,群益ESG投等債20,16,0,16,元大-和平,2024-04-29,9863
00830,國泰費城半導體,18,2,16,元大-和平,2024-04-29,9863
6190,萬泰科,22,6,16,元大-和平,2024-04-29,9863
1609,大亞,40,25,15,元大-和平,2024-04-29,9863
4771,望隼,14,0,14,元大-和平,2024-04-29,9863
00882,中信中國高股息,12,0,12,元大-和平,2024-04-29,9863
2009,第一銅,16,5,11,元大-和平,2024-04-29,9863
3481,群創,26,15,11,元大-和平,2024-04-29,9863
4533,協易機,11,0,11,元大-和平,2024-04-29,9863
1582,信錦,12,1,11,元大-和平,2024-04-29,9863
2206,三陽工業,13,3,10,元大-和平,2024-04-29,9863
1445,大宇,10,0,10,元大-和平,2024-04-29,9863
1612,宏泰,51,41,10,元大-和平,2024-04-29,9863
2845,遠東銀,10,0,10,元大-和平,2024-04-29,9863
3631,晟楠,10,0,10,元大-和平,2024-04-29,9863
5525,順天,10,0,10,元大-和平,2024-04-29,9863
2464,盟立,9,0,9,元大-和平,2024-04-29,9863
4414,如興,9,0,9,元大-和平,2024-04-29,9863
1316,上曜,30,21,9,元大-和平,2024-04-29,9863
3707,漢磊,14,5,9,元大-和平,2024-04-29,9863
0050,元大台灣50,10,2,8,元大-和平,2024-04-29,9863
1455,集盛,451,7,444,元大-和平,2024-04-30,9863
2618,長榮航,478,133,345,元大-和平,2024-04-30,9863
6143,振曜,152,1,151,元大-和平,2024-04-30,9863
8938,明安,136,0,136,元大-和平,2024-04-30,9863
6180,橘子,131,9,122,元大-和平,2024-04-30,9863
2883,凱基金,140,22,118,元大-和平,2024-04-30,9863
3703,欣陸,83,1,82,元大-和平,2024-04-30,9863
2610,華航,79,3,76,元大-和平,2024-04-30,9863
2316,楠梓電,70,9,61,元大-和平,2024-04-30,9863
3491,昇達科,61,1,60,元大-和平,2024-04-30,9863
2884,玉山金,49,0,49,元大-和平,2024-04-30,9863
4967,十銓,58,10,48,元大-和平,2024-04-30,9863
2882,國泰金,37,0,37,元大-和平,2024-04-30,9863
00929,復華台灣科技優息,39,9,30,元大-和平,2024-04-30,9863
2885,元大金,29,0,29,元大-和平,2024-04-30,9863
1605,華新,27,0,27,元大-和平,2024-04-30,9863
2317,鴻海,38,13,25,元大-和平,2024-04-30,9863
3260,威剛,25,2,23,元大-和平,2024-04-30,9863
1308,亞聚,20,0,20,元大-和平,2024-04-30,9863
2382,廣達,22,2,20,元大-和平,2024-04-30,9863
00671R,富邦NASDAQ反1,20,0,20,元大-和平,2024-04-30,9863
6120,達運,20,0,20,元大-和平,2024-04-30,9863
2504,國產,34,15,19,元大-和平,2024-04-30,9863
3055,蔚華科,22,5,17,元大-和平,2024-04-30,9863
00664R,國泰臺灣加權反1,15,0,15,元大-和平,2024-04-30,9863
3289,宜特,13,1,12,元大-和平,2024-04-30,9863
00882,中信中國高股息,12,0,12,元大-和平,2024-04-30,9863
2605,新興,12,0,12,元大-和平,2024-04-30,9863
2705,六福,13,1,12,元大-和平,2024-04-30,9863
00751B,元大AAA至A公司債,11,0,11,元大-和平,2024-04-30,9863
00679B,元大美債20年,11,0,11,元大-和平,2024-04-30,9863
2527,宏璟,11,0,11,元大-和平,2024-04-30,9863
2915,潤泰全,11,0,11,元大-和平,2024-04-30,9863
0056,元大高股息,12,1,11,元大-和平,2024-04-30,9863
00919,群益台灣精選高息,12,1,11,元大-和平,2024-04-30,9863
6526,達發,16,6,10,元大-和平,2024-04-30,9863
00632R,元大台灣50反1,10,0,10,元大-和平,2024-04-30,9863
00706L,期元大S＆P日圓正2,10,0,10,元大-和平,2024-04-30,9863
6026,福邦證,10,0,10,元大-和平,2024-04-30,9863
6190,萬泰科,15,5,10,元大-和平,2024-04-30,9863
1314,中石化,94,85,9,元大-和平,2024-04-30,9863
00720B,元大投資級公司債,10,1,9,元大-和平,2024-04-30,9863
4746,台耀,10,1,9,元大-和平,2024-04-30,9863
5515,建國,10,1,9,元大-和平,2024-04-30,9863
2913,農林,18,9,9,元大-和平,2024-04-30,9863
3363,上詮,18,10,8,元大-和平,2024-04-30,9863
8936,國統,10,2,8,元大-和平,2024-04-30,9863
5347,世界,10,2,8,元大-和平,2024-04-30,9863
00937B,群益ESG投等債20,8,0,8,元大-和平,2024-04-30,9863
006208,富邦台50,10,2,8,元大-和平,2024-04-30,9863
6143,振曜,266,2,264,元大-和平,2024-05-02,9863
00937B,群益ESG投等債20,85,0,85,元大-和平,2024-05-02,9863
00933B,國泰10Y+金融債,81,0,81,元大-和平,2024-05-02,9863
1314,中石化,132,53,79,元大-和平,2024-05-02,9863
00878,國泰永續高股息,77,1,76,元大-和平,2024-05-02,9863
3703,欣陸,355,288,67,元大-和平,2024-05-02,9863
2313,華通,58,1,57,元大-和平,2024-05-02,9863
00929,復華台灣科技優息,58,7,51,元大-和平,2024-05-02,9863
2545,皇翔,147,98,49,元大-和平,2024-05-02,9863
3689,湧德,45,0,45,元大-和平,2024-05-02,9863
00919,群益台灣精選高息,42,0,42,元大-和平,2024-05-02,9863
2611,志信,33,2,31,元大-和平,2024-05-02,9863
2330,台積電,29,0,29,元大-和平,2024-05-02,9863
6190,萬泰科,32,5,27,元大-和平,2024-05-02,9863
2303,聯電,50,24,26,元大-和平,2024-05-02,9863
2409,友達,28,2,26,元大-和平,2024-05-02,9863
006208,富邦台50,23,0,23,元大-和平,2024-05-02,9863
2915,潤泰全,33,10,23,元大-和平,2024-05-02,9863
2609,陽明,48,26,22,元大-和平,2024-05-02,9863
00830,國泰費城半導體,24,3,21,元大-和平,2024-05-02,9863
00690,兆豐藍籌30,21,0,21,元大-和平,2024-05-02,9863
3033,威健,50,29,21,元大-和平,2024-05-02,9863
00679B,元大美債20年,20,0,20,元大-和平,2024-05-02,9863
00932,兆豐永續高息等權,20,0,20,元大-和平,2024-05-02,9863
1809,中釉,20,0,20,元大-和平,2024-05-02,9863
2515,中工,27,8,19,元大-和平,2024-05-02,9863
2888,新光金,19,0,19,元大-和平,2024-05-02,9863
2883,凱基金,33,16,17,元大-和平,2024-05-02,9863
2913,農林,24,7,17,元大-和平,2024-05-02,9863
4414,如興,17,0,17,元大-和平,2024-05-02,9863
00715L,期街口布蘭特正2,17,1,16,元大-和平,2024-05-02,9863
2401,凌陽,20,5,15,元大-和平,2024-05-02,9863
1605,華新,17,2,15,元大-和平,2024-05-02,9863
2337,旺宏,15,2,13,元大-和平,2024-05-02,9863
3617,碩天,16,3,13,元大-和平,2024-05-02,9863
2363,矽統,35,23,12,元大-和平,2024-05-02,9863
00687B,國泰20年美債,12,0,12,元大-和平,2024-05-02,9863
0056,元大高股息,11,0,11,元大-和平,2024-05-02,9863
1608,華榮,16,5,11,元大-和平,2024-05-02,9863
2537,聯上發,14,3,11,元大-和平,2024-05-02,9863
2615,萬海,16,5,11,元大-和平,2024-05-02,9863
1308,亞聚,10,0,10,元大-和平,2024-05-02,9863
2851,中再保,10,0,10,元大-和平,2024-05-02,9863
6113,亞矽,15,5,10,元大-和平,2024-05-02,9863
8085,福華,17,7,10,元大-和平,2024-05-02,9863
8401,白紗科,9,0,9,元大-和平,2024-05-02,9863
6547,高端疫苗,9,0,9,元大-和平,2024-05-02,9863
2603,長榮,10,1,9,元大-和平,2024-05-02,9863
2308,台達電,10,2,8,元大-和平,2024-05-02,9863
2301,光寶科,10,2,8,元大-和平,2024-05-02,9863
00687B,國泰20年美債,644,5,639,元大-和平,2024-05-03,9863
6143,振曜,456,0,456,元大-和平,2024-05-03,9863
9945,潤泰新,174,36,138,元大-和平,2024-05-03,9863
3689,湧德,133,1,132,元大-和平,2024-05-03,9863
2313,華通,113,14,99,元大-和平,2024-05-03,9863
2344,華邦電,111,20,91,元大-和平,2024-05-03,9863
00937B,群益ESG投等債20,90,3,87,元大-和平,2024-05-03,9863
5469,瀚宇博,71,0,71,元大-和平,2024-05-03,9863
00939,統一台灣高息動能,63,0,63,元大-和平,2024-05-03,9863
4714,永捷,71,8,63,元大-和平,2024-05-03,9863
1316,上曜,85,23,62,元大-和平,2024-05-03,9863
00878,國泰永續高股息,83,30,53,元大-和平,2024-05-03,9863
1304,台聚,50,0,50,元大-和平,2024-05-03,9863
2611,志信,54,4,50,元大-和平,2024-05-03,9863
00753L,中信中國50正2,53,5,48,元大-和平,2024-05-03,9863
912000,晨訊科-DR,41,0,41,元大-和平,2024-05-03,9863
4533,協易機,57,17,40,元大-和平,2024-05-03,9863
5213,亞昕,40,1,39,元大-和平,2024-05-03,9863
3037,欣興,36,0,36,元大-和平,2024-05-03,9863
1609,大亞,69,38,31,元大-和平,2024-05-03,9863
3715,定穎投控,32,2,30,元大-和平,2024-05-03,9863
6213,聯茂,25,1,24,元大-和平,2024-05-03,9863
6207,雷科,24,2,22,元大-和平,2024-05-03,9863
6190,萬泰科,25,3,22,元大-和平,2024-05-03,9863
4414,如興,21,0,21,元大-和平,2024-05-03,9863
1785,光洋科,20,0,20,元大-和平,2024-05-03,9863
2547,日勝生,22,2,20,元大-和平,2024-05-03,9863
00636,國泰中國A50,18,0,18,元大-和平,2024-05-03,9863
4746,台耀,18,1,17,元大-和平,2024-05-03,9863
2913,農林,19,2,17,元大-和平,2024-05-03,9863
3231,緯創,20,5,15,元大-和平,2024-05-03,9863
2634,漢翔,16,1,15,元大-和平,2024-05-03,9863
2472,立隆電,18,3,15,元大-和平,2024-05-03,9863
2615,萬海,26,11,15,元大-和平,2024-05-03,9863
00882,中信中國高股息,16,1,15,元大-和平,2024-05-03,9863
00637L,元大滬深300正2,15,0,15,元大-和平,2024-05-03,9863
2408,南亞科,14,0,14,元大-和平,2024-05-03,9863
2345,智邦,16,2,14,元大-和平,2024-05-03,9863
3706,神達,14,0,14,元大-和平,2024-05-03,9863
6271,同欣電,17,3,14,元大-和平,2024-05-03,9863
00751B,元大AAA至A公司債,13,0,13,元大-和平,2024-05-03,9863
6177,達麗,25,12,13,元大-和平,2024-05-03,9863
6491,晶碩,13,0,13,元大-和平,2024-05-03,9863
1514,亞力,25,12,13,元大-和平,2024-05-03,9863
1440,南紡,23,11,12,元大-和平,2024-05-03,9863
6147,頎邦,12,0,12,元大-和平,2024-05-03,9863
6197,佳必琪,12,0,12,元大-和平,2024-05-03,9863
8064,東捷,12,0,12,元大-和平,2024-05-03,9863
3163,波若威,15,4,11,元大-和平,2024-05-03,9863
00665L,富邦�琤肭磪囓�2,11,0,11,元大-和平,2024-05-03,9863
00937B,群益ESG投等債20,231,0,231,元大-和平,2024-05-06,9863
00687B,國泰20年美債,148,9,139,元大-和平,2024-05-06,9863
1314,中石化,130,12,118,元大-和平,2024-05-06,9863
3703,欣陸,117,5,112,元大-和平,2024-05-06,9863
5469,瀚宇博,99,2,97,元大-和平,2024-05-06,9863
9934,成霖,87,0,87,元大-和平,2024-05-06,9863
2618,長榮航,204,121,83,元大-和平,2024-05-06,9863
3312,弘憶股,108,31,77,元大-和平,2024-05-06,9863
5213,亞昕,91,16,75,元大-和平,2024-05-06,9863
3033,威健,112,42,70,元大-和平,2024-05-06,9863
2834,臺企銀,73,3,70,元大-和平,2024-05-06,9863
4958,臻鼎-KY,66,3,63,元大-和平,2024-05-06,9863
00933B,國泰10Y+金融債,60,0,60,元大-和平,2024-05-06,9863
3056,富華新,61,1,60,元大-和平,2024-05-06,9863
00934,中信成長高股息,50,0,50,元大-和平,2024-05-06,9863
2449,京元電子,58,8,50,元大-和平,2024-05-06,9863
2611,志信,52,4,48,元大-和平,2024-05-06,9863
4746,台耀,48,6,42,元大-和平,2024-05-06,9863
2892,第一金,70,29,41,元大-和平,2024-05-06,9863
00679B,元大美債20年,42,2,40,元大-和平,2024-05-06,9863
2614,東森,40,0,40,元大-和平,2024-05-06,9863
2408,南亞科,41,3,38,元大-和平,2024-05-06,9863
2882,國泰金,40,7,33,元大-和平,2024-05-06,9863
00753L,中信中國50正2,32,2,30,元大-和平,2024-05-06,9863
2880,華南金,63,36,27,元大-和平,2024-05-06,9863
1446,宏和,23,0,23,元大-和平,2024-05-06,9863
6177,達麗,37,15,22,元大-和平,2024-05-06,9863
2913,農林,22,0,22,元大-和平,2024-05-06,9863
2376,技嘉,25,4,21,元大-和平,2024-05-06,9863
4127,天良,21,0,21,元大-和平,2024-05-06,9863
6770,力積電,32,11,21,元大-和平,2024-05-06,9863
6005,群益證,20,0,20,元大-和平,2024-05-06,9863
00706L,期元大S＆P日圓正2,19,0,19,元大-和平,2024-05-06,9863
4533,協易機,19,0,19,元大-和平,2024-05-06,9863
1605,華新,29,11,18,元大-和平,2024-05-06,9863
6190,萬泰科,18,1,17,元大-和平,2024-05-06,9863
9945,潤泰新,47,30,17,元大-和平,2024-05-06,9863
3015,全漢,16,0,16,元大-和平,2024-05-06,9863
00940,元大台灣價值高息,35,19,16,元大-和平,2024-05-06,9863
6235,華孚,17,2,15,元大-和平,2024-05-06,9863
3032,偉訓,15,0,15,元大-和平,2024-05-06,9863
3704,合勤控,15,0,15,元大-和平,2024-05-06,9863
5009,榮剛,15,2,13,元大-和平,2024-05-06,9863
2634,漢翔,12,0,12,元大-和平,2024-05-06,9863
00674R,期元大S＆P黃金反1,12,0,12,元大-和平,2024-05-06,9863
1815,富喬,23,11,12,元大-和平,2024-05-06,9863
3264,欣銓,12,0,12,元大-和平,2024-05-06,9863
4414,如興,12,0,12,元大-和平,2024-05-06,9863
6278,台表科,12,1,11,元大-和平,2024-05-06,9863
8033,雷虎,12,1,11,元大-和平,2024-05-06,9863
2618,長榮航,351,132,219,元大-和平,2024-05-07,9863
5469,瀚宇博,188,1,187,元大-和平,2024-05-07,9863
00937B,群益ESG投等債20,134,1,133,元大-和平,2024-05-07,9863
3481,群創,139,10,129,元大-和平,2024-05-07,9863
00929,復華台灣科技優息,113,3,110,元大-和平,2024-05-07,9863
2344,華邦電,125,44,81,元大-和平,2024-05-07,9863
00679B,元大美債20年,78,2,76,元大-和平,2024-05-07,9863
3231,緯創,58,3,55,元大-和平,2024-05-07,9863
2867,三商壽,46,0,46,元大-和平,2024-05-07,9863
00878,國泰永續高股息,57,12,45,元大-和平,2024-05-07,9863
2545,皇翔,70,29,41,元大-和平,2024-05-07,9863
3703,欣陸,56,19,37,元大-和平,2024-05-07,9863
4746,台耀,36,0,36,元大-和平,2024-05-07,9863
1616,億泰,35,0,35,元大-和平,2024-05-07,9863
2101,南港,42,9,33,元大-和平,2024-05-07,9863
1605,華新,62,30,32,元大-和平,2024-05-07,9863
1611,中電,32,0,32,元大-和平,2024-05-07,9863
3689,湧德,32,0,32,元大-和平,2024-05-07,9863
2614,東森,30,0,30,元大-和平,2024-05-07,9863
4105,東洋,30,0,30,元大-和平,2024-05-07,9863
2408,南亞科,42,13,29,元大-和平,2024-05-07,9863
4533,協易機,48,22,26,元大-和平,2024-05-07,9863
5864,致和證,26,0,26,元大-和平,2024-05-07,9863
00757,統一FANG+,25,0,25,元大-和平,2024-05-07,9863
3706,神達,56,31,25,元大-和平,2024-05-07,9863
2723,美食-KY,23,0,23,元大-和平,2024-05-07,9863
5388,中磊,22,1,21,元大-和平,2024-05-07,9863
2303,聯電,28,7,21,元大-和平,2024-05-07,9863
00940,元大台灣價值高息,32,12,20,元大-和平,2024-05-07,9863
9105,泰金寶-DR,20,0,20,元大-和平,2024-05-07,9863
6177,達麗,39,21,18,元大-和平,2024-05-07,9863
5871,中租-KY,17,0,17,元大-和平,2024-05-07,9863
00753L,中信中國50正2,16,0,16,元大-和平,2024-05-07,9863
5213,亞昕,111,95,16,元大-和平,2024-05-07,9863
4303,信立,16,1,15,元大-和平,2024-05-07,9863
6205,詮欣,15,0,15,元大-和平,2024-05-07,9863
00633L,富邦上証正2,14,0,14,元大-和平,2024-05-07,9863
1813,寶利徠,13,0,13,元大-和平,2024-05-07,9863
2467,志聖,13,1,12,元大-和平,2024-05-07,9863
5392,能率,14,2,12,元大-和平,2024-05-07,9863
2327,國巨,11,0,11,元大-和平,2024-05-07,9863
2464,盟立,13,2,11,元大-和平,2024-05-07,9863
1446,宏和,11,0,11,元大-和平,2024-05-07,9863
2107,厚生,11,0,11,元大-和平,2024-05-07,9863
2610,華航,11,0,11,元大-和平,2024-05-07,9863
3025,星通,15,4,11,元大-和平,2024-05-07,9863
3264,欣銓,30,19,11,元大-和平,2024-05-07,9863
6770,力積電,18,7,11,元大-和平,2024-05-07,9863
1101,台泥,11,1,10,元大-和平,2024-05-07,9863
2301,光寶科,11,1,10,元大-和平,2024-05-07,9863
9934,成霖,187,0,187,元大-和平,2024-05-08,9863
3481,群創,94,14,80,元大-和平,2024-05-08,9863
00940,元大台灣價值高息,117,42,75,元大-和平,2024-05-08,9863
2610,華航,63,2,61,元大-和平,2024-05-08,9863
5388,中磊,55,0,55,元大-和平,2024-05-08,9863
8091,翔名,55,0,55,元大-和平,2024-05-08,9863
9945,潤泰新,79,26,53,元大-和平,2024-05-08,9863
2855,統一證,51,1,50,元大-和平,2024-05-08,9863
2606,裕民,85,37,48,元大-和平,2024-05-08,9863
4746,台耀,46,1,45,元大-和平,2024-05-08,9863
2723,美食-KY,44,0,44,元大-和平,2024-05-08,9863
3264,欣銓,40,0,40,元大-和平,2024-05-08,9863
00929,復華台灣科技優息,40,2,38,元大-和平,2024-05-08,9863
5512,力麒,33,0,33,元大-和平,2024-05-08,9863
00878,國泰永續高股息,39,7,32,元大-和平,2024-05-08,9863
2409,友達,32,0,32,元大-和平,2024-05-08,9863
5871,中租-KY,37,5,32,元大-和平,2024-05-08,9863
2408,南亞科,30,1,29,元大-和平,2024-05-08,9863
2344,華邦電,30,1,29,元大-和平,2024-05-08,9863
2605,新興,109,84,25,元大-和平,2024-05-08,9863
1609,大亞,41,18,23,元大-和平,2024-05-08,9863
00882,中信中國高股息,24,1,23,元大-和平,2024-05-08,9863
5234,達興材料,25,2,23,元大-和平,2024-05-08,9863
8234,新漢,32,10,22,元大-和平,2024-05-08,9863
2884,玉山金,22,1,21,元大-和平,2024-05-08,9863
2603,長榮,23,2,21,元大-和平,2024-05-08,9863
4973,廣穎,20,0,20,元大-和平,2024-05-08,9863
2545,皇翔,100,80,20,元大-和平,2024-05-08,9863
4906,正文,20,0,20,元大-和平,2024-05-08,9863
5521,工信,23,4,19,元大-和平,2024-05-08,9863
2515,中工,20,2,18,元大-和平,2024-05-08,9863
8069,元太,18,0,18,元大-和平,2024-05-08,9863
8940,新天地,17,0,17,元大-和平,2024-05-08,9863
9933,中鼎,17,0,17,元大-和平,2024-05-08,9863
00679B,元大美債20年,36,20,16,元大-和平,2024-05-08,9863
00945B,凱基美國非投等債,15,0,15,元大-和平,2024-05-08,9863
00919,群益台灣精選高息,18,4,14,元大-和平,2024-05-08,9863
00795B,中信美國公債20年,14,0,14,元大-和平,2024-05-08,9863
6596,寬宏藝術,20,6,14,元大-和平,2024-05-08,9863
3033,威健,20,7,13,元大-和平,2024-05-08,9863
0052,富邦科技,13,0,13,元大-和平,2024-05-08,9863
00751B,元大AAA至A公司債,13,0,13,元大-和平,2024-05-08,9863
00932,兆豐永續高息等權,12,0,12,元大-和平,2024-05-08,9863
00937B,群益ESG投等債20,20,8,12,元大-和平,2024-05-08,9863
2374,佳能,25,13,12,元大-和平,2024-05-08,9863
3703,欣陸,27,15,12,元大-和平,2024-05-08,9863
1513,中興電,21,9,12,元大-和平,2024-05-08,9863
2371,大同,35,24,11,元大-和平,2024-05-08,9863
1587,吉茂,14,3,11,元大-和平,2024-05-08,9863
3036,文曄,11,0,11,元大-和平,2024-05-08,9863
2618,長榮航,1024,65,959,元大-和平,2024-05-09,9863
2888,新光金,195,55,140,元大-和平,2024-05-09,9863
00891,中信關鍵半導體,119,0,119,元大-和平,2024-05-09,9863
00944,野村趨勢動能高息,74,0,74,元大-和平,2024-05-09,9863
00937B,群益ESG投等債20,71,0,71,元大-和平,2024-05-09,9863
2545,皇翔,120,50,70,元大-和平,2024-05-09,9863
3013,晟銘電,115,49,66,元大-和平,2024-05-09,9863
00687B,國泰20年美債,57,0,57,元大-和平,2024-05-09,9863
5512,力麒,59,3,56,元大-和平,2024-05-09,9863
2371,大同,81,27,54,元大-和平,2024-05-09,9863
6668,中揚光,67,13,54,元大-和平,2024-05-09,9863
2027,大成鋼,50,0,50,元大-和平,2024-05-09,9863
4746,台耀,49,0,49,元大-和平,2024-05-09,9863
2344,華邦電,47,0,47,元大-和平,2024-05-09,9863
2889,國票金,45,0,45,元大-和平,2024-05-09,9863
3264,欣銓,41,0,41,元大-和平,2024-05-09,9863
00757,統一FANG+,32,0,32,元大-和平,2024-05-09,9863
2409,友達,32,1,31,元大-和平,2024-05-09,9863
8112,至上,32,2,30,元大-和平,2024-05-09,9863
00650L,復華香港正2,30,0,30,元大-和平,2024-05-09,9863
2610,華航,77,50,27,元大-和平,2024-05-09,9863
8091,翔名,25,0,25,元大-和平,2024-05-09,9863
00679B,元大美債20年,31,7,24,元大-和平,2024-05-09,9863
8936,國統,25,4,21,元大-和平,2024-05-09,9863
3231,緯創,25,4,21,元大-和平,2024-05-09,9863
00932,兆豐永續高息等權,20,0,20,元大-和平,2024-05-09,9863
00934,中信成長高股息,20,0,20,元大-和平,2024-05-09,9863
00637L,元大滬深300正2,20,0,20,元大-和平,2024-05-09,9863
1611,中電,22,2,20,元大-和平,2024-05-09,9863
2354,鴻準,23,3,20,元大-和平,2024-05-09,9863
2855,統一證,20,0,20,元大-和平,2024-05-09,9863
2328,廣宇,28,9,19,元大-和平,2024-05-09,9863
2851,中再保,17,0,17,元大-和平,2024-05-09,9863
2241,艾姆勒,17,2,15,元大-和平,2024-05-09,9863
2356,英業達,18,4,14,元大-和平,2024-05-09,9863
2476,鉅祥,17,3,14,元大-和平,2024-05-09,9863
5871,中租-KY,16,3,13,元大-和平,2024-05-09,9863
00885,富邦越南,13,0,13,元大-和平,2024-05-09,9863
2723,美食-KY,13,0,13,元大-和平,2024-05-09,9863
2363,矽統,21,8,13,元大-和平,2024-05-09,9863
2317,鴻海,31,19,12,元大-和平,2024-05-09,9863
4909,新復興,14,2,12,元大-和平,2024-05-09,9863
4303,信立,15,3,12,元大-和平,2024-05-09,9863
1612,宏泰,27,15,12,元大-和平,2024-05-09,9863
2362,藍天,17,5,12,元大-和平,2024-05-09,9863
4906,正文,12,0,12,元大-和平,2024-05-09,9863
2883B,凱基金乙特,12,0,12,元大-和平,2024-05-09,9863
2020,美亞,11,0,11,元大-和平,2024-05-09,9863
2352,佳世達,11,0,11,元大-和平,2024-05-09,9863
2887,台新金,11,0,11,元大-和平,2024-05-09,9863
00632R,元大台灣50反1,624,0,624,元大-和平,2024-05-10,9863
8358,金居,210,1,209,元大-和平,2024-05-10,9863
3481,群創,161,41,120,元大-和平,2024-05-10,9863
00929,復華台灣科技優息,81,10,71,元大-和平,2024-05-10,9863
6005,群益證,60,8,52,元大-和平,2024-05-10,9863
2545,皇翔,133,83,50,元大-和平,2024-05-10,9863
1314,中石化,41,1,40,元大-和平,2024-05-10,9863
4167,松瑞藥,40,1,39,元大-和平,2024-05-10,9863
00946,群益科技高息成長,35,0,35,元大-和平,2024-05-10,9863
00878,國泰永續高股息,60,27,33,元大-和平,2024-05-10,9863
2731,雄獅,48,17,31,元大-和平,2024-05-10,9863
00944,野村趨勢動能高息,29,0,29,元大-和平,2024-05-10,9863
8234,新漢,30,1,29,元大-和平,2024-05-10,9863
2723,美食-KY,35,10,25,元大-和平,2024-05-10,9863
00919,群益台灣精選高息,28,5,23,元大-和平,2024-05-10,9863
6770,力積電,24,2,22,元大-和平,2024-05-10,9863
2313,華通,52,31,21,元大-和平,2024-05-10,9863
2352,佳世達,21,0,21,元大-和平,2024-05-10,9863
5388,中磊,20,0,20,元大-和平,2024-05-10,9863
6689,伊雲谷,20,0,20,元大-和平,2024-05-10,9863
2371,大同,63,44,19,元大-和平,2024-05-10,9863
00751B,元大AAA至A公司債,16,0,16,元大-和平,2024-05-10,9863
6284,佳邦,16,0,16,元大-和平,2024-05-10,9863
3231,緯創,26,10,16,元大-和平,2024-05-10,9863
2501,國建,18,2,16,元大-和平,2024-05-10,9863
2421,建準,16,0,16,元大-和平,2024-05-10,9863
2382,廣達,38,23,15,元大-和平,2024-05-10,9863
3218,大學光,15,0,15,元大-和平,2024-05-10,9863
2495,普安,22,8,14,元大-和平,2024-05-10,9863
5529,鉅陞,14,0,14,元大-和平,2024-05-10,9863
2327,國巨,13,0,13,元大-和平,2024-05-10,9863
00937B,群益ESG投等債20,18,5,13,元大-和平,2024-05-10,9863
8996,高力,13,1,12,元大-和平,2024-05-10,9863
00690,兆豐藍籌30,12,0,12,元大-和平,2024-05-10,9863
6026,福邦證,12,0,12,元大-和平,2024-05-10,9863
8112,至上,30,19,11,元大-和平,2024-05-10,9863
3035,智原,23,12,11,元大-和平,2024-05-10,9863
00939,統一台灣高息動能,11,0,11,元大-和平,2024-05-10,9863
3703,欣陸,12,1,11,元大-和平,2024-05-10,9863
1503,士電,19,9,10,元大-和平,2024-05-10,9863
00633L,富邦上証正2,10,0,10,元大-和平,2024-05-10,9863
00752,中信中國50,10,0,10,元大-和平,2024-05-10,9863
00713,元大台灣高息低波,10,0,10,元大-和平,2024-05-10,9863
2354,鴻準,9,0,9,元大-和平,2024-05-10,9863
3321,同泰,10,1,9,元大-和平,2024-05-10,9863
00881,國泰台灣5G+,10,2,8,元大-和平,2024-05-10,9863
1227,佳格,8,0,8,元大-和平,2024-05-10,9863
2605,新興,16,8,8,元大-和平,2024-05-10,9863
4113,聯上,8,0,8,元大-和平,2024-05-10,9863
4414,如興,8,0,8,元大-和平,2024-05-10,9863
00632R,元大台灣50反1,1007,74,933,元大-和平,2024-05-13,9863
6125,廣運,123,10,113,元大-和平,2024-05-13,9863
2615,萬海,127,39,88,元大-和平,2024-05-13,9863
2367,燿華,82,20,62,元大-和平,2024-05-13,9863
00878,國泰永續高股息,67,7,60,元大-和平,2024-05-13,9863
1718,中纖,50,0,50,元大-和平,2024-05-13,9863
4105,東洋,50,0,50,元大-和平,2024-05-13,9863
2371,大同,88,39,49,元大-和平,2024-05-13,9863
2888,新光金,49,0,49,元大-和平,2024-05-13,9863
00940,元大台灣價值高息,65,20,45,元大-和平,2024-05-13,9863
5314,世紀,33,0,33,元大-和平,2024-05-13,9863
3703,欣陸,36,3,33,元大-和平,2024-05-13,9863
1314,中石化,32,1,31,元大-和平,2024-05-13,9863
2609,陽明,132,102,30,元大-和平,2024-05-13,9863
2515,中工,36,8,28,元大-和平,2024-05-13,9863
2891,中信金,42,16,26,元大-和平,2024-05-13,9863
00679B,元大美債20年,30,5,25,元大-和平,2024-05-13,9863
00891,中信關鍵半導體,25,0,25,元大-和平,2024-05-13,9863
3520,華盈,25,0,25,元大-和平,2024-05-13,9863
3167,大量,23,0,23,元大-和平,2024-05-13,9863
6147,頎邦,25,4,21,元大-和平,2024-05-13,9863
2308,台達電,20,0,20,元大-和平,2024-05-13,9863
2313,華通,22,2,20,元大-和平,2024-05-13,9863
2801,彰銀,20,0,20,元大-和平,2024-05-13,9863
2601,益航,20,1,19,元大-和平,2024-05-13,9863
9945,潤泰新,100,81,19,元大-和平,2024-05-13,9863
2882,國泰金,58,40,18,元大-和平,2024-05-13,9863
3044,健鼎,18,0,18,元大-和平,2024-05-13,9863
2606,裕民,75,59,16,元大-和平,2024-05-13,9863
3231,緯創,19,3,16,元大-和平,2024-05-13,9863
2354,鴻準,16,0,16,元大-和平,2024-05-13,9863
9933,中鼎,14,0,14,元大-和平,2024-05-13,9863
3498,陽程,14,0,14,元大-和平,2024-05-13,9863
2356,英業達,21,8,13,元大-和平,2024-05-13,9863
1201,味全,25,12,13,元大-和平,2024-05-13,9863
2617,台航,26,13,13,元大-和平,2024-05-13,9863
8936,國統,18,6,12,元大-和平,2024-05-13,9863
1587,吉茂,13,1,12,元大-和平,2024-05-13,9863
00919,群益台灣精選高息,12,1,11,元大-和平,2024-05-13,9863
2405,輔信,11,0,11,元大-和平,2024-05-13,9863
1582,信錦,10,0,10,元大-和平,2024-05-13,9863
2345,智邦,14,4,10,元大-和平,2024-05-13,9863
2442,新美齊,10,0,10,元大-和平,2024-05-13,9863
4562,穎漢,25,15,10,元大-和平,2024-05-13,9863
00664R,國泰臺灣加權反1,10,0,10,元大-和平,2024-05-13,9863
00655L,國泰中國A50正2,10,0,10,元大-和平,2024-05-13,9863
3715,定穎投控,10,0,10,元大-和平,2024-05-13,9863
4414,如興,10,0,10,元大-和平,2024-05-13,9863
6215,和椿,20,10,10,元大-和平,2024-05-13,9863
3013,晟銘電,42,33,9,元大-和平,2024-05-13,9863
2615,萬海,290,130,160,元大-和平,2024-05-14,9863
2609,陽明,394,328,66,元大-和平,2024-05-14,9863
2892,第一金,46,0,46,元大-和平,2024-05-14,9863
2367,燿華,174,131,43,元大-和平,2024-05-14,9863
5009,榮剛,41,1,40,元大-和平,2024-05-14,9863
9934,成霖,43,7,36,元大-和平,2024-05-14,9863
2603,長榮,92,56,36,元大-和平,2024-05-14,9863
3231,緯創,37,4,33,元大-和平,2024-05-14,9863
3047,訊舟,33,2,31,元大-和平,2024-05-14,9863
9945,潤泰新,42,11,31,元大-和平,2024-05-14,9863
00944,野村趨勢動能高息,30,0,30,元大-和平,2024-05-14,9863
2540,愛山林,30,0,30,元大-和平,2024-05-14,9863
2545,皇翔,30,0,30,元大-和平,2024-05-14,9863
2882,國泰金,30,0,30,元大-和平,2024-05-14,9863
2317,鴻海,46,18,28,元大-和平,2024-05-14,9863
00929,復華台灣科技優息,33,7,26,元大-和平,2024-05-14,9863
1201,味全,25,0,25,元大-和平,2024-05-14,9863
2883,凱基金,37,12,25,元大-和平,2024-05-14,9863
8046,南電,24,0,24,元大-和平,2024-05-14,9863
3520,華盈,24,0,24,元大-和平,2024-05-14,9863
1582,信錦,24,3,21,元大-和平,2024-05-14,9863
8112,至上,24,4,20,元大-和平,2024-05-14,9863
1626,艾美特-KY,20,0,20,元大-和平,2024-05-14,9863
3264,欣銓,20,0,20,元大-和平,2024-05-14,9863
2374,佳能,20,5,15,元大-和平,2024-05-14,9863
00941,中信上游半導體,15,0,15,元大-和平,2024-05-14,9863
2704,國賓,14,0,14,元大-和平,2024-05-14,9863
00878,國泰永續高股息,28,15,13,元大-和平,2024-05-14,9863
00753L,中信中國50正2,11,0,11,元大-和平,2024-05-14,9863
4533,協易機,11,0,11,元大-和平,2024-05-14,9863
5388,中磊,11,0,11,元大-和平,2024-05-14,9863
2241,艾姆勒,16,6,10,元大-和平,2024-05-14,9863
00932,兆豐永續高息等權,10,0,10,元大-和平,2024-05-14,9863
00655L,國泰中國A50正2,10,0,10,元大-和平,2024-05-14,9863
2442,新美齊,10,0,10,元大-和平,2024-05-14,9863
5876,上海商銀,10,0,10,元大-和平,2024-05-14,9863
6712,長聖,10,0,10,元大-和平,2024-05-14,9863
2308,台達電,11,1,10,元大-和平,2024-05-14,9863
1309,台達化,10,1,9,元大-和平,2024-05-14,9863
00937B,群益ESG投等債20,9,0,9,元大-和平,2024-05-14,9863
1799,易威,10,1,9,元大-和平,2024-05-14,9863
6789,采鈺,11,2,9,元大-和平,2024-05-14,9863
8210,勤誠,29,21,8,元大-和平,2024-05-14,9863
00885,富邦越南,8,0,8,元大-和平,2024-05-14,9863
2303,聯電,29,21,8,元大-和平,2024-05-14,9863
2421,建準,8,0,8,元大-和平,2024-05-14,9863
2520,冠德,15,7,8,元大-和平,2024-05-14,9863
2605,新興,53,45,8,元大-和平,2024-05-14,9863
2301,光寶科,11,3,8,元大-和平,2024-05-14,9863
3498,陽程,12,5,7,元大-和平,2024-05-14,9863
00632R,元大台灣50反1,4231,92,4139,元大-和平,2024-05-15,9863
00940,元大台灣價值高息,139,1,138,元大-和平,2024-05-15,9863
8358,金居,104,11,93,元大-和平,2024-05-15,9863
00929,復華台灣科技優息,84,0,84,元大-和平,2024-05-15,9863
2515,中工,80,8,72,元大-和平,2024-05-15,9863
2867,三商壽,82,12,70,元大-和平,2024-05-15,9863
2601,益航,66,0,66,元大-和平,2024-05-15,9863
2356,英業達,75,22,53,元大-和平,2024-05-15,9863
3576,聯合再生,40,0,40,元大-和平,2024-05-15,9863
3036,文曄,38,0,38,元大-和平,2024-05-15,9863
00937B,群益ESG投等債20,38,0,38,元大-和平,2024-05-15,9863
00946,群益科技高息成長,37,0,37,元大-和平,2024-05-15,9863
6541,泰福-KY,37,0,37,元大-和平,2024-05-15,9863
00637L,元大滬深300正2,40,5,35,元大-和平,2024-05-15,9863
8054,安國,41,10,31,元大-和平,2024-05-15,9863
5213,亞昕,31,0,31,元大-和平,2024-05-15,9863
1608,華榮,31,4,27,元大-和平,2024-05-15,9863
1201,味全,25,0,25,元大-和平,2024-05-15,9863
00679B,元大美債20年,32,10,22,元大-和平,2024-05-15,9863
2641,正德,24,2,22,元大-和平,2024-05-15,9863
00751B,元大AAA至A公司債,21,0,21,元大-和平,2024-05-15,9863
2603,長榮,27,8,19,元大-和平,2024-05-15,9863
2545,皇翔,20,3,17,元大-和平,2024-05-15,9863
8927,北基,16,0,16,元大-和平,2024-05-15,9863
2363,矽統,68,54,14,元大-和平,2024-05-15,9863
1524,耿鼎,14,1,13,元大-和平,2024-05-15,9863
2885,元大金,22,9,13,元大-和平,2024-05-15,9863
2406,國碩,15,3,12,元大-和平,2024-05-15,9863
2376,技嘉,14,1,13,元大-和平,2024-05-15,9863
8462,柏文,12,0,12,元大-和平,2024-05-15,9863
6207,雷科,13,1,12,元大-和平,2024-05-15,9863
3564,其陽,11,0,11,元大-和平,2024-05-15,9863
5009,榮剛,16,5,11,元大-和平,2024-05-15,9863
6863,永道-KY,11,1,10,元大-和平,2024-05-15,9863
00690,兆豐藍籌30,10,0,10,元大-和平,2024-05-15,9863
2913,農林,10,0,10,元大-和平,2024-05-15,9863
3287,廣寰科,57,47,10,元大-和平,2024-05-15,9863
3321,同泰,10,0,10,元大-和平,2024-05-15,9863
6290,良維,10,0,10,元大-和平,2024-05-15,9863
4123,晟德,10,1,9,元大-和平,2024-05-15,9863
4542,科嶠,13,4,9,元大-和平,2024-05-15,9863
2449,京元電子,10,2,8,元大-和平,2024-05-15,9863
3035,智原,17,9,8,元大-和平,2024-05-15,9863
1720,生達,8,0,8,元大-和平,2024-05-15,9863
2002,中鋼,8,0,8,元大-和平,2024-05-15,9863
2520,冠德,10,2,8,元大-和平,2024-05-15,9863
3062,建漢,8,0,8,元大-和平,2024-05-15,9863
8033,雷虎,8,0,8,元大-和平,2024-05-15,9863
1618,合機,10,3,7,元大-和平,2024-05-15,9863
2405,輔信,7,0,7,元大-和平,2024-05-15,9863
00632R,元大台灣50反1,2012,30,1982,元大-和平,2024-05-16,9863
8358,金居,292,22,270,元大-和平,2024-05-16,9863
00878,國泰永續高股息,157,14,143,元大-和平,2024-05-16,9863
2382,廣達,143,33,110,元大-和平,2024-05-16,9863
3231,緯創,105,16,89,元大-和平,2024-05-16,9863
2365,昆盈,258,185,73,元大-和平,2024-05-16,9863
2356,英業達,72,11,61,元大-和平,2024-05-16,9863
2359,所羅門,70,15,55,元大-和平,2024-05-16,9863
00679B,元大美債20年,70,23,47,元大-和平,2024-05-16,9863
6215,和椿,52,10,42,元大-和平,2024-05-16,9863
2618,長榮航,249,208,41,元大-和平,2024-05-16,9863
00637L,元大滬深300正2,40,0,40,元大-和平,2024-05-16,9863
2641,正德,41,2,39,元大-和平,2024-05-16,9863
2367,燿華,109,73,36,元大-和平,2024-05-16,9863
8070,長華*,35,0,35,元大-和平,2024-05-16,9863
2442,新美齊,28,0,28,元大-和平,2024-05-16,9863
4414,如興,28,0,28,元大-和平,2024-05-16,9863
00929,復華台灣科技優息,40,15,25,元大-和平,2024-05-16,9863
1201,味全,25,0,25,元大-和平,2024-05-16,9863
2883,凱基金,29,6,23,元大-和平,2024-05-16,9863
2915,潤泰全,27,4,23,元大-和平,2024-05-16,9863
9934,成霖,32,10,22,元大-和平,2024-05-16,9863
8085,福華,29,8,21,元大-和平,2024-05-16,9863
4105,東洋,21,1,20,元大-和平,2024-05-16,9863
8089,康全電訊,24,4,20,元大-和平,2024-05-16,9863
2363,矽統,34,16,18,元大-和平,2024-05-16,9863
00680L,元大美債20正2,21,3,18,元大-和平,2024-05-16,9863
2201,裕隆,17,0,17,元大-和平,2024-05-16,9863
00940,元大台灣價值高息,31,15,16,元大-和平,2024-05-16,9863
00633L,富邦上証正2,15,0,15,元大-和平,2024-05-16,9863
9944,新麗,15,0,15,元大-和平,2024-05-16,9863
8473,山林水,15,0,15,元大-和平,2024-05-16,9863
1612,宏泰,19,6,13,元大-和平,2024-05-16,9863
3055,蔚華科,18,6,12,元大-和平,2024-05-16,9863
00941,中信上游半導體,12,1,11,元大-和平,2024-05-16,9863
2408,南亞科,11,1,10,元大-和平,2024-05-16,9863
5009,榮剛,10,0,10,元大-和平,2024-05-16,9863
2009,第一銅,14,4,10,元大-和平,2024-05-16,9863
00753L,中信中國50正2,10,0,10,元大-和平,2024-05-16,9863
00650L,復華香港正2,10,0,10,元大-和平,2024-05-16,9863
00944,野村趨勢動能高息,10,0,10,元大-和平,2024-05-16,9863
3631,晟楠,10,0,10,元大-和平,2024-05-16,9863
5521,工信,10,0,10,元大-和平,2024-05-16,9863
6265,方土昶,10,0,10,元大-和平,2024-05-16,9863
9945,潤泰新,59,49,10,元大-和平,2024-05-16,9863
2317,鴻海,46,37,9,元大-和平,2024-05-16,9863
3260,威剛,21,12,9,元大-和平,2024-05-16,9863
8210,勤誠,12,3,9,元大-和平,2024-05-16,9863
1524,耿鼎,9,0,9,元大-和平,2024-05-16,9863
5529,鉅陞,9,0,9,元大-和平,2024-05-16,9863
00878,國泰永續高股息,668,20,648,元大-和平,2024-05-17,9863
00946,群益科技高息成長,136,0,136,元大-和平,2024-05-17,9863
5469,瀚宇博,143,10,133,元大-和平,2024-05-17,9863
2367,燿華,147,67,80,元大-和平,2024-05-17,9863
00929,復華台灣科技優息,67,0,67,元大-和平,2024-05-17,9863
00687B,國泰20年美債,62,0,62,元大-和平,2024-05-17,9863
2641,正德,63,2,61,元大-和平,2024-05-17,9863
3047,訊舟,78,18,60,元大-和平,2024-05-17,9863
9934,成霖,47,0,47,元大-和平,2024-05-17,9863
3059,華晶科,44,3,41,元大-和平,2024-05-17,9863
3264,欣銓,40,0,40,元大-和平,2024-05-17,9863
6283,淳安,40,0,40,元大-和平,2024-05-17,9863
2408,南亞科,40,1,39,元大-和平,2024-05-17,9863
2489,瑞軒,37,7,30,元大-和平,2024-05-17,9863
2540,愛山林,30,0,30,元大-和平,2024-05-17,9863
2363,矽統,85,57,28,元大-和平,2024-05-17,9863
1201,味全,25,0,25,元大-和平,2024-05-17,9863
00919,群益台灣精選高息,37,13,24,元大-和平,2024-05-17,9863
2609,陽明,42,22,20,元大-和平,2024-05-17,9863
00652,富邦印度,20,0,20,元大-和平,2024-05-17,9863
1440,南紡,20,0,20,元大-和平,2024-05-17,9863
6191,精成科,20,0,20,元大-和平,2024-05-17,9863
2880,華南金,20,0,20,元大-和平,2024-05-17,9863
2374,佳能,66,48,18,元大-和平,2024-05-17,9863
00940,元大台灣價值高息,49,31,18,元大-和平,2024-05-17,9863
8936,國統,19,1,18,元大-和平,2024-05-17,9863
2377,微星,18,0,18,元大-和平,2024-05-17,9863
8071,能率網通,19,1,18,元大-和平,2024-05-17,9863
4977,眾達-KY,25,7,18,元大-和平,2024-05-17,9863
00679B,元大美債20年,18,0,18,元大-和平,2024-05-17,9863
2606,裕民,23,6,17,元大-和平,2024-05-17,9863
00706L,期元大S＆P日圓正2,16,0,16,元大-和平,2024-05-17,9863
2915,潤泰全,15,0,15,元大-和平,2024-05-17,9863
6546,正基,16,1,15,元大-和平,2024-05-17,9863
9945,潤泰新,23,8,15,元大-和平,2024-05-17,9863
2882,國泰金,23,8,15,元大-和平,2024-05-17,9863
2365,昆盈,20,6,14,元大-和平,2024-05-17,9863
2324,仁寶,16,3,13,元大-和平,2024-05-17,9863
8089,康全電訊,40,27,13,元大-和平,2024-05-17,9863
1303,南亞,12,1,11,元大-和平,2024-05-17,9863
1616,億泰,11,0,11,元大-和平,2024-05-17,9863
2514,龍邦,15,4,11,元大-和平,2024-05-17,9863
4915,致伸,14,3,11,元大-和平,2024-05-17,9863
6770,力積電,10,0,10,元大-和平,2024-05-17,9863
00713,元大台灣高息低波,10,0,10,元大-和平,2024-05-17,9863
1711,永光,10,0,10,元大-和平,2024-05-17,9863
2506,太設,10,0,10,元大-和平,2024-05-17,9863
2607,榮運,16,6,10,元大-和平,2024-05-17,9863
2867,三商壽,29,19,10,元大-和平,2024-05-17,9863
2356,英業達,20,10,10,元大-和平,2024-05-17,9863
00878,國泰永續高股息,1980,35,1945,元大-和平,2024-05-20,9863
1440,南紡,120,0,120,元大-和平,2024-05-20,9863
1714,和桐,100,0,100,元大-和平,2024-05-20,9863
00929,復華台灣科技優息,104,10,94,元大-和平,2024-05-20,9863
3264,欣銓,84,2,82,元大-和平,2024-05-20,9863
2867,三商壽,99,35,64,元大-和平,2024-05-20,9863
2317,鴻海,84,26,58,元大-和平,2024-05-20,9863
00946,群益科技高息成長,57,0,57,元大-和平,2024-05-20,9863
00937B,群益ESG投等債20,43,0,43,元大-和平,2024-05-20,9863
5529,鉅陞,40,0,40,元大-和平,2024-05-20,9863
2609,陽明,48,12,36,元大-和平,2024-05-20,9863
5213,亞昕,35,0,35,元大-和平,2024-05-20,9863
1455,集盛,31,0,31,元大-和平,2024-05-20,9863
6117,迎廣,32,3,29,元大-和平,2024-05-20,9863
2618,長榮航,173,144,29,元大-和平,2024-05-20,9863
2884,玉山金,32,4,28,元大-和平,2024-05-20,9863
00753L,中信中國50正2,30,2,28,元大-和平,2024-05-20,9863
3231,緯創,29,3,26,元大-和平,2024-05-20,9863
00751B,元大AAA至A公司債,26,0,26,元大-和平,2024-05-20,9863
1201,味全,26,0,26,元大-和平,2024-05-20,9863
5009,榮剛,32,8,24,元大-和平,2024-05-20,9863
2610,華航,62,38,24,元大-和平,2024-05-20,9863
2101,南港,32,8,24,元大-和平,2024-05-20,9863
2601,益航,24,0,24,元大-和平,2024-05-20,9863
2382,廣達,24,1,23,元大-和平,2024-05-20,9863
00687B,國泰20年美債,23,1,22,元大-和平,2024-05-20,9863
4543,萬在,28,6,22,元大-和平,2024-05-20,9863
3483,力致,29,7,22,元大-和平,2024-05-20,9863
2540,愛山林,20,0,20,元大-和平,2024-05-20,9863
9945,潤泰新,35,15,20,元大-和平,2024-05-20,9863
00679B,元大美債20年,19,0,19,元大-和平,2024-05-20,9863
00919,群益台灣精選高息,20,1,19,元大-和平,2024-05-20,9863
2634,漢翔,21,5,16,元大-和平,2024-05-20,9863
00664R,國泰臺灣加權反1,15,0,15,元大-和平,2024-05-20,9863
8210,勤誠,14,0,14,元大-和平,2024-05-20,9863
1609,大亞,14,0,14,元大-和平,2024-05-20,9863
2641,正德,14,0,14,元大-和平,2024-05-20,9863
2363,矽統,33,20,13,元大-和平,2024-05-20,9863
2607,榮運,17,4,13,元大-和平,2024-05-20,9863
2449,京元電子,33,21,12,元大-和平,2024-05-20,9863
2467,志聖,14,3,11,元大-和平,2024-05-20,9863
1626,艾美特-KY,11,0,11,元大-和平,2024-05-20,9863
3189,景碩,11,0,11,元大-和平,2024-05-20,9863
6005,群益證,11,0,11,元大-和平,2024-05-20,9863
2406,國碩,13,3,10,元大-和平,2024-05-20,9863
00715L,期街口布蘭特正2,10,0,10,元大-和平,2024-05-20,9863
00652,富邦印度,10,0,10,元大-和平,2024-05-20,9863
5210,寶碩,10,0,10,元大-和平,2024-05-20,9863
2501,國建,20,10,10,元大-和平,2024-05-20,9863
8358,金居,15,6,9,元大-和平,2024-05-20,9863
2888,新光金,215,7,208,元大-和平,2024-05-21,9863
9934,成霖,190,0,190,元大-和平,2024-05-21,9863
2723,美食-KY,165,0,165,元大-和平,2024-05-21,9863
00929,復華台灣科技優息,91,0,91,元大-和平,2024-05-21,9863
2618,長榮航,154,64,90,元大-和平,2024-05-21,9863
00937B,群益ESG投等債20,88,2,86,元大-和平,2024-05-21,9863
1722,台肥,70,0,70,元大-和平,2024-05-21,9863
2489,瑞軒,82,12,70,元大-和平,2024-05-21,9863
2409,友達,68,0,68,元大-和平,2024-05-21,9863
3703,欣陸,60,1,59,元大-和平,2024-05-21,9863
2363,矽統,61,7,54,元大-和平,2024-05-21,9863
4906,正文,45,2,43,元大-和平,2024-05-21,9863
3264,欣銓,41,0,41,元大-和平,2024-05-21,9863
1611,中電,40,0,40,元大-和平,2024-05-21,9863
00940,元大台灣價值高息,45,6,39,元大-和平,2024-05-21,9863
00944,野村趨勢動能高息,39,0,39,元大-和平,2024-05-21,9863
2367,燿華,86,48,38,元大-和平,2024-05-21,9863
00670L,富邦NASDAQ正2,30,0,30,元大-和平,2024-05-21,9863
3338,泰碩,92,62,30,元大-和平,2024-05-21,9863
00878,國泰永續高股息,33,8,25,元大-和平,2024-05-21,9863
2607,榮運,25,0,25,元大-和平,2024-05-21,9863
6719,力智,26,1,25,元大-和平,2024-05-21,9863
1201,味全,25,0,25,元大-和平,2024-05-21,9863
2545,皇翔,126,101,25,元大-和平,2024-05-21,9863
1785,光洋科,26,2,24,元大-和平,2024-05-21,9863
2606,裕民,23,0,23,元大-和平,2024-05-21,9863
2884,玉山金,22,1,21,元大-和平,2024-05-21,9863
2317,鴻海,32,12,20,元大-和平,2024-05-21,9863
3576,聯合再生,20,0,20,元大-和平,2024-05-21,9863
4564,元翎,20,0,20,元大-和平,2024-05-21,9863
5426,振發,21,2,19,元大-和平,2024-05-21,9863
00679B,元大美債20年,21,4,17,元大-和平,2024-05-21,9863
4958,臻鼎-KY,17,0,17,元大-和平,2024-05-21,9863
6546,正基,17,0,17,元大-和平,2024-05-21,9863
1614,三洋電,15,0,15,元大-和平,2024-05-21,9863
8358,金居,39,24,15,元大-和平,2024-05-21,9863
00753L,中信中國50正2,14,0,14,元大-和平,2024-05-21,9863
00882,中信中國高股息,18,4,14,元大-和平,2024-05-21,9863
2883,凱基金,24,10,14,元大-和平,2024-05-21,9863
3665,貿聯-KY,17,3,14,元大-和平,2024-05-21,9863
1301,台塑,16,2,14,元大-和平,2024-05-21,9863
3323,加百裕,13,0,13,元大-和平,2024-05-21,9863
3005,神基,42,29,13,元大-和平,2024-05-21,9863
00919,群益台灣精選高息,14,1,13,元大-和平,2024-05-21,9863
2889,國票金,12,0,12,元大-和平,2024-05-21,9863
8033,雷虎,12,0,12,元大-和平,2024-05-21,9863
00933B,國泰10Y+金融債,12,0,12,元大-和平,2024-05-21,9863
3031,佰鴻,12,0,12,元大-和平,2024-05-21,9863
4532,瑞智,12,0,12,元大-和平,2024-05-21,9863
6111,大宇資,12,0,12,元大-和平,2024-05-21,9863
00632R,元大台灣50反1,2817,4,2813,元大-和平,2024-05-22,9863
2618,長榮航,580,140,440,元大-和平,2024-05-22,9863
00937B,群益ESG投等債20,105,0,105,元大-和平,2024-05-22,9863
2516,新建,100,1,99,元大-和平,2024-05-22,9863
9945,潤泰新,103,11,92,元大-和平,2024-05-22,9863
9934,成霖,80,0,80,元大-和平,2024-05-22,9863
2312,金寶,80,2,78,元大-和平,2024-05-22,9863
00751B,元大AAA至A公司債,63,0,63,元大-和平,2024-05-22,9863
6202,盛群,59,1,58,元大-和平,2024-05-22,9863
3703,欣陸,50,0,50,元大-和平,2024-05-22,9863
5213,亞昕,55,15,40,元大-和平,2024-05-22,9863
1752,南光,39,2,37,元大-和平,2024-05-22,9863
1303,南亞,34,0,34,元大-和平,2024-05-22,9863
6578,達邦蛋白,34,2,32,元大-和平,2024-05-22,9863
6188,廣明,89,59,30,元大-和平,2024-05-22,9863
3055,蔚華科,29,0,29,元大-和平,2024-05-22,9863
8069,元太,29,1,28,元大-和平,2024-05-22,9863
1201,味全,26,0,26,元大-和平,2024-05-22,9863
1608,華榮,39,17,22,元大-和平,2024-05-22,9863
00650L,復華香港正2,20,0,20,元大-和平,2024-05-22,9863
00696B,富邦美債20年,20,0,20,元大-和平,2024-05-22,9863
1722,台肥,20,0,20,元大-和平,2024-05-22,9863
3516,亞帝歐,20,0,20,元大-和平,2024-05-22,9863
2731,雄獅,19,0,19,元大-和平,2024-05-22,9863
5009,榮剛,19,0,19,元大-和平,2024-05-22,9863
00713,元大台灣高息低波,17,0,17,元大-和平,2024-05-22,9863
2363,矽統,39,22,17,元大-和平,2024-05-22,9863
5392,能率,46,29,17,元大-和平,2024-05-22,9863
2002,中鋼,16,0,16,元大-和平,2024-05-22,9863
3013,晟銘電,52,36,16,元大-和平,2024-05-22,9863
6125,廣運,52,36,16,元大-和平,2024-05-22,9863
4564,元翎,15,0,15,元大-和平,2024-05-22,9863
8210,勤誠,15,1,14,元大-和平,2024-05-22,9863
2367,燿華,61,48,13,元大-和平,2024-05-22,9863
00753L,中信中國50正2,13,0,13,元大-和平,2024-05-22,9863
1316,上曜,13,0,13,元大-和平,2024-05-22,9863
1799,易威,13,0,13,元大-和平,2024-05-22,9863
2354,鴻準,37,25,12,元大-和平,2024-05-22,9863
2329,華泰,14,2,12,元大-和平,2024-05-22,9863
2890,永豐金,12,0,12,元大-和平,2024-05-22,9863
3321,同泰,12,0,12,元大-和平,2024-05-22,9863
3483,力致,13,2,11,元大-和平,2024-05-22,9863
2374,佳能,24,13,11,元大-和平,2024-05-22,9863
1582,信錦,23,12,11,元大-和平,2024-05-22,9863
2884,玉山金,13,2,11,元大-和平,2024-05-22,9863
00679B,元大美債20年,13,3,10,元大-和平,2024-05-22,9863
00720B,元大投資級公司債,10,0,10,元大-和平,2024-05-22,9863
5014,建錩,10,0,10,元大-和平,2024-05-22,9863
5351,鈺創,14,4,10,元大-和平,2024-05-22,9863
6412,群電,10,0,10,元大-和平,2024-05-22,9863
2618,長榮航,1781,759,1022,元大-和平,2024-05-23,9863
9934,成霖,690,0,690,元大-和平,2024-05-23,9863
2888,新光金,208,3,205,元大-和平,2024-05-23,9863
2723,美食-KY,125,0,125,元大-和平,2024-05-23,9863
3576,聯合再生,70,0,70,元大-和平,2024-05-23,9863
00937B,群益ESG投等債20,63,0,63,元大-和平,2024-05-23,9863
2409,友達,62,0,62,元大-和平,2024-05-23,9863
3338,泰碩,87,27,60,元大-和平,2024-05-23,9863
2356,英業達,59,3,56,元大-和平,2024-05-23,9863
2545,皇翔,60,13,47,元大-和平,2024-05-23,9863
3047,訊舟,60,15,45,元大-和平,2024-05-23,9863
2002,中鋼,40,0,40,元大-和平,2024-05-23,9863
8938,明安,40,0,40,元大-和平,2024-05-23,9863
00830,國泰費城半導體,40,3,37,元大-和平,2024-05-23,9863
00940,元大台灣價值高息,62,25,37,元大-和平,2024-05-23,9863
3715,定穎投控,36,0,36,元大-和平,2024-05-23,9863
6592,和潤企業,31,0,31,元大-和平,2024-05-23,9863
4533,協易機,51,22,29,元大-和平,2024-05-23,9863
6188,廣明,120,92,28,元大-和平,2024-05-23,9863
00713,元大台灣高息低波,27,0,27,元大-和平,2024-05-23,9863
00946,群益科技高息成長,31,5,26,元大-和平,2024-05-23,9863
1201,味全,26,0,26,元大-和平,2024-05-23,9863
00923,群益台ESG低碳50,24,0,24,元大-和平,2024-05-23,9863
2010,春源,26,2,24,元大-和平,2024-05-23,9863
2882,國泰金,24,3,21,元大-和平,2024-05-23,9863
2353,宏��,60,40,20,元大-和平,2024-05-23,9863
00915,凱基優選高股息30,20,0,20,元大-和平,2024-05-23,9863
00637L,元大滬深300正2,20,0,20,元大-和平,2024-05-23,9863
2607,榮運,23,3,20,元大-和平,2024-05-23,9863
6202,盛群,20,0,20,元大-和平,2024-05-23,9863
00687B,國泰20年美債,21,2,19,元大-和平,2024-05-23,9863
2449,京元電子,18,0,18,元大-和平,2024-05-23,9863
3031,佰鴻,18,0,18,元大-和平,2024-05-23,9863
6116,彩晶,28,10,18,元大-和平,2024-05-23,9863
1524,耿鼎,16,0,16,元大-和平,2024-05-23,9863
6546,正基,16,0,16,元大-和平,2024-05-23,9863
00795B,中信美國公債20年,15,0,15,元大-和平,2024-05-23,9863
3264,欣銓,100,85,15,元大-和平,2024-05-23,9863
5443,均豪,15,0,15,元大-和平,2024-05-23,9863
8070,長華*,21,7,14,元大-和平,2024-05-23,9863
00632R,元大台灣50反1,45,31,14,元大-和平,2024-05-23,9863
2312,金寶,26,12,14,元大-和平,2024-05-23,9863
00665L,富邦�琤肭磪囓�2,13,0,13,元大-和平,2024-05-23,9863
3703,欣陸,12,0,12,元大-和平,2024-05-23,9863
5371,中光電,33,21,12,元大-和平,2024-05-23,9863
1504,東元,11,0,11,元大-和平,2024-05-23,9863
2731,雄獅,11,0,11,元大-和平,2024-05-23,9863
1522,堤維西,11,0,11,元大-和平,2024-05-23,9863
2206,三陽工業,16,5,11,元大-和平,2024-05-23,9863
8112,至上,11,0,11,元大-和平,2024-05-23,9863
00937B,群益ESG投等債20,245,22,223,元大-和平,2024-05-24,9863
2614,東森,107,0,107,元大-和平,2024-05-24,9863
2356,英業達,103,8,95,元大-和平,2024-05-24,9863
00687B,國泰20年美債,91,0,91,元大-和平,2024-05-24,9863
9934,成霖,85,0,85,元大-和平,2024-05-24,9863
2543,皇昌,87,7,80,元大-和平,2024-05-24,9863
2312,金寶,56,1,55,元大-和平,2024-05-24,9863
4533,協易機,50,7,43,元大-和平,2024-05-24,9863
2303,聯電,61,19,42,元大-和平,2024-05-24,9863
2313,華通,42,0,42,元大-和平,2024-05-24,9863
00650L,復華香港正2,41,0,41,元大-和平,2024-05-24,9863
2347,聯強,37,0,37,元大-和平,2024-05-24,9863
4906,正文,51,15,36,元大-和平,2024-05-24,9863
2723,美食-KY,35,0,35,元大-和平,2024-05-24,9863
2359,所羅門,59,28,31,元大-和平,2024-05-24,9863
00929,復華台灣科技優息,30,0,30,元大-和平,2024-05-24,9863
00946,群益科技高息成長,30,0,30,元大-和平,2024-05-24,9863
00712,復華富時不動產,28,0,28,元大-和平,2024-05-24,9863
3055,蔚華科,75,47,28,元大-和平,2024-05-24,9863
2891,中信金,28,1,27,元大-和平,2024-05-24,9863
6116,彩晶,42,15,27,元大-和平,2024-05-24,9863
1201,味全,26,0,26,元大-和平,2024-05-24,9863
5876,上海商銀,29,3,26,元大-和平,2024-05-24,9863
1605,華新,27,2,25,元大-和平,2024-05-24,9863
5469,瀚宇博,33,10,23,元大-和平,2024-05-24,9863
1718,中纖,20,0,20,元大-和平,2024-05-24,9863
6283,淳安,20,0,20,元大-和平,2024-05-24,9863
9945,潤泰新,31,11,20,元大-和平,2024-05-24,9863
00830,國泰費城半導體,19,0,19,元大-和平,2024-05-24,9863
00751B,元大AAA至A公司債,19,0,19,元大-和平,2024-05-24,9863
2406,國碩,20,3,17,元大-和平,2024-05-24,9863
00637L,元大滬深300正2,17,0,17,元大-和平,2024-05-24,9863
2884,玉山金,17,0,17,元大-和平,2024-05-24,9863
2449,京元電子,17,1,16,元大-和平,2024-05-24,9863
00679B,元大美債20年,16,0,16,元大-和平,2024-05-24,9863
5213,亞昕,15,0,15,元大-和平,2024-05-24,9863
2886,兆豐金,14,0,14,元大-和平,2024-05-24,9863
00753L,中信中國50正2,13,0,13,元大-和平,2024-05-24,9863
2392,正崴,27,15,12,元大-和平,2024-05-24,9863
6188,廣明,17,5,12,元大-和平,2024-05-24,9863
2609,陽明,27,16,11,元大-和平,2024-05-24,9863
00940,元大台灣價值高息,35,24,11,元大-和平,2024-05-24,9863
00882,中信中國高股息,11,0,11,元大-和平,2024-05-24,9863
3714,富采,17,6,11,元大-和平,2024-05-24,9863
8112,至上,20,9,11,元大-和平,2024-05-24,9863
9910,豐泰,10,0,10,元大-和平,2024-05-24,9863
00919,群益台灣精選高息,14,4,10,元大-和平,2024-05-24,9863
6147,頎邦,10,0,10,元大-和平,2024-05-24,9863
00655L,國泰中國A50正2,10,0,10,元大-和平,2024-05-24,9863
6712,長聖,10,0,10,元大-和平,2024-05-24,9863
00632R,元大台灣50反1,2424,832,1592,元大-和平,2024-05-27,9863
2610,華航,186,5,181,元大-和平,2024-05-27,9863
912000,晨訊科-DR,150,0,150,元大-和平,2024-05-27,9863
3338,泰碩,133,6,127,元大-和平,2024-05-27,9863
2888,新光金,111,0,111,元大-和平,2024-05-27,9863
00687B,國泰20年美債,101,0,101,元大-和平,2024-05-27,9863
1536,和大,85,0,85,元大-和平,2024-05-27,9863
00937B,群益ESG投等債20,79,0,79,元大-和平,2024-05-27,9863
4105,東洋,68,0,68,元大-和平,2024-05-27,9863
2516,新建,57,0,57,元大-和平,2024-05-27,9863
00713,元大台灣高息低波,57,1,56,元大-和平,2024-05-27,9863
00751B,元大AAA至A公司債,56,0,56,元大-和平,2024-05-27,9863
00946,群益科技高息成長,54,3,51,元大-和平,2024-05-27,9863
2641,正德,60,11,49,元大-和平,2024-05-27,9863
3231,緯創,85,36,49,元大-和平,2024-05-27,9863
2449,京元電子,50,2,48,元大-和平,2024-05-27,9863
00679B,元大美債20年,46,1,45,元大-和平,2024-05-27,9863
3033,威健,41,3,38,元大-和平,2024-05-27,9863
00933B,國泰10Y+金融債,33,0,33,元大-和平,2024-05-27,9863
2363,矽統,149,119,30,元大-和平,2024-05-27,9863
00719B,元大美債1-3,30,0,30,元大-和平,2024-05-27,9863
2615,萬海,40,12,28,元大-和平,2024-05-27,9863
1785,光洋科,30,3,27,元大-和平,2024-05-27,9863
3481,群創,48,21,27,元大-和平,2024-05-27,9863
1201,味全,26,0,26,元大-和平,2024-05-27,9863
3706,神達,49,25,24,元大-和平,2024-05-27,9863
9945,潤泰新,39,15,24,元大-和平,2024-05-27,9863
2618,長榮航,31,8,23,元大-和平,2024-05-27,9863
00915,凱基優選高股息30,20,0,20,元大-和平,2024-05-27,9863
00918,大華優利高填息30,20,0,20,元大-和平,2024-05-27,9863
00637L,元大滬深300正2,20,0,20,元大-和平,2024-05-27,9863
1710,東聯,20,0,20,元大-和平,2024-05-27,9863
2723,美食-KY,20,0,20,元大-和平,2024-05-27,9863
5512,力麒,20,0,20,元大-和平,2024-05-27,9863
6125,廣運,57,39,18,元大-和平,2024-05-27,9863
4532,瑞智,18,1,17,元大-和平,2024-05-27,9863
00753L,中信中國50正2,15,0,15,元大-和平,2024-05-27,9863
00944,野村趨勢動能高息,15,0,15,元大-和平,2024-05-27,9863
2915,潤泰全,40,25,15,元大-和平,2024-05-27,9863
6147,頎邦,15,0,15,元大-和平,2024-05-27,9863
5706,鳳凰,15,1,14,元大-和平,2024-05-27,9863
6548,長科*,13,0,13,元大-和平,2024-05-27,9863
6695,芯鼎,13,0,13,元大-和平,2024-05-27,9863
5876,上海商銀,12,0,12,元大-和平,2024-05-27,9863
3703,欣陸,13,1,12,元大-和平,2024-05-27,9863
5474,聰泰,20,9,11,元大-和平,2024-05-27,9863
2886,兆豐金,11,0,11,元大-和平,2024-05-27,9863
6016,康和證,11,0,11,元大-和平,2024-05-27,9863
4977,眾達-KY,10,0,10,元大-和平,2024-05-27,9863
4523,永彰,10,0,10,元大-和平,2024-05-27,9863
00687B,國泰20年美債,927,30,897,元大-和平,2024-05-28,9863
2891,中信金,231,2,229,元大-和平,2024-05-28,9863
2363,矽統,77,31,46,元大-和平,2024-05-28,9863
2312,金寶,48,8,40,元大-和平,2024-05-28,9863
00937B,群益ESG投等債20,34,1,33,元大-和平,2024-05-28,9863
2317,鴻海,41,11,30,元大-和平,2024-05-28,9863
2880,華南金,30,1,29,元大-和平,2024-05-28,9863
6188,廣明,47,19,28,元大-和平,2024-05-28,9863
1201,味全,26,0,26,元大-和平,2024-05-28,9863
6244,茂迪,24,0,24,元大-和平,2024-05-28,9863
3481,群創,23,0,23,元大-和平,2024-05-28,9863
2303,聯電,40,18,22,元大-和平,2024-05-28,9863
3231,緯創,100,77,23,元大-和平,2024-05-28,9863
2002,中鋼,60,38,22,元大-和平,2024-05-28,9863
2353,宏��,39,17,22,元大-和平,2024-05-28,9863
2354,鴻準,168,148,20,元大-和平,2024-05-28,9863
00944,野村趨勢動能高息,20,0,20,元大-和平,2024-05-28,9863
3631,晟楠,20,0,20,元大-和平,2024-05-28,9863
5512,力麒,20,0,20,元大-和平,2024-05-28,9863
6525,捷敏-KY,20,0,20,元大-和平,2024-05-28,9863
2609,陽明,32,14,18,元大-和平,2024-05-28,9863
2408,南亞科,23,5,18,元大-和平,2024-05-28,9863
00679B,元大美債20年,17,0,17,元大-和平,2024-05-28,9863
2301,光寶科,22,5,17,元大-和平,2024-05-28,9863
2201,裕隆,16,0,16,元大-和平,2024-05-28,9863
6168,宏齊,25,9,16,元大-和平,2024-05-28,9863
2501,國建,15,0,15,元大-和平,2024-05-28,9863
00929,復華台灣科技優息,18,4,14,元大-和平,2024-05-28,9863
6215,和椿,23,9,14,元大-和平,2024-05-28,9863
00713,元大台灣高息低波,18,6,12,元大-和平,2024-05-28,9863
6177,達麗,12,0,12,元大-和平,2024-05-28,9863
2615,萬海,30,18,12,元大-和平,2024-05-28,9863
3689,湧德,22,10,12,元大-和平,2024-05-28,9863
5371,中光電,24,13,11,元大-和平,2024-05-28,9863
2382,廣達,18,7,11,元大-和平,2024-05-28,9863
2329,華泰,17,6,11,元大-和平,2024-05-28,9863
2613,中櫃,11,0,11,元大-和平,2024-05-28,9863
1522,堤維西,11,0,11,元大-和平,2024-05-28,9863
00650L,復華香港正2,10,0,10,元大-和平,2024-05-28,9863
2545,皇翔,10,0,10,元大-和平,2024-05-28,9863
2884,玉山金,11,1,10,元大-和平,2024-05-28,9863
3712,永崴投控,25,15,10,元大-和平,2024-05-28,9863
2330,台積電,10,0,10,元大-和平,2024-05-28,9863
1314,中石化,20,11,9,元大-和平,2024-05-28,9863
2337,旺宏,21,12,9,元大-和平,2024-05-28,9863
2492,華新科,10,1,9,元大-和平,2024-05-28,9863
3038,全台,9,0,9,元大-和平,2024-05-28,9863
00712,復華富時不動產,9,0,9,元大-和平,2024-05-28,9863
1815,富喬,22,13,9,元大-和平,2024-05-28,9863
4543,萬在,18,10,8,元大-和平,2024-05-28,9863
00687B,國泰20年美債,3525,0,3525,元大-和平,2024-05-29,9863
2888,新光金,333,105,228,元大-和平,2024-05-29,9863
00937B,群益ESG投等債20,226,25,201,元大-和平,2024-05-29,9863
2883,凱基金,101,0,101,元大-和平,2024-05-29,9863
2610,華航,144,51,93,元大-和平,2024-05-29,9863
2880,華南金,82,0,82,元大-和平,2024-05-29,9863
00679B,元大美債20年,79,0,79,元大-和平,2024-05-29,9863
2317,鴻海,73,8,65,元大-和平,2024-05-29,9863
4906,正文,70,6,64,元大-和平,2024-05-29,9863
2409,友達,60,0,60,元大-和平,2024-05-29,9863
00830,國泰費城半導體,48,0,48,元大-和平,2024-05-29,9863
2605,新興,150,105,45,元大-和平,2024-05-29,9863
00751B,元大AAA至A公司債,46,3,43,元大-和平,2024-05-29,9863
2609,陽明,44,8,36,元大-和平,2024-05-29,9863
2723,美食-KY,34,0,34,元大-和平,2024-05-29,9863
9934,成霖,50,16,34,元大-和平,2024-05-29,9863
3048,益登,32,1,31,元大-和平,2024-05-29,9863
2885,元大金,35,4,31,元大-和平,2024-05-29,9863
2455,全新,31,1,30,元大-和平,2024-05-29,9863
6616,特昇-KY,30,0,30,元大-和平,2024-05-29,9863
2401,凌陽,40,13,27,元大-和平,2024-05-29,9863
2615,萬海,40,13,27,元大-和平,2024-05-29,9863
1201,味全,26,0,26,元大-和平,2024-05-29,9863
5876,上海商銀,25,0,25,元大-和平,2024-05-29,9863
6525,捷敏-KY,25,0,25,元大-和平,2024-05-29,9863
2353,宏��,56,31,25,元大-和平,2024-05-29,9863
5498,凱崴,28,4,24,元大-和平,2024-05-29,9863
00878,國泰永續高股息,23,0,23,元大-和平,2024-05-29,9863
2382,廣達,58,36,22,元大-和平,2024-05-29,9863
00688L,國泰20年美債正2,21,0,21,元大-和平,2024-05-29,9863
2890,永豐金,21,0,21,元大-和平,2024-05-29,9863
00696B,富邦美債20年,20,0,20,元大-和平,2024-05-29,9863
2241,艾姆勒,24,4,20,元大-和平,2024-05-29,9863
2834,臺企銀,20,0,20,元大-和平,2024-05-29,9863
3484,崧騰,20,0,20,元大-和平,2024-05-29,9863
00895,富邦未來車,20,0,20,元大-和平,2024-05-29,9863
2489,瑞軒,118,99,19,元大-和平,2024-05-29,9863
2492,華新科,20,1,19,元大-和平,2024-05-29,9863
2332,友訊,20,2,18,元大-和平,2024-05-29,9863
3260,威剛,31,14,17,元大-和平,2024-05-29,9863
4714,永捷,28,11,17,元大-和平,2024-05-29,9863
3231,緯創,27,11,16,元大-和平,2024-05-29,9863
00929,復華台灣科技優息,16,0,16,元大-和平,2024-05-29,9863
2892,第一金,16,0,16,元大-和平,2024-05-29,9863
2618,長榮航,177,162,15,元大-和平,2024-05-29,9863
2312,金寶,17,2,15,元大-和平,2024-05-29,9863
2915,潤泰全,21,6,15,元大-和平,2024-05-29,9863
3702,大聯大,14,0,14,元大-和平,2024-05-29,9863
2324,仁寶,22,8,14,元大-和平,2024-05-29,9863
3714,富采,14,0,14,元大-和平,2024-05-29,9863
5531,鄉林,260,0,260,元大-和平,2024-05-30,9863
00687B,國泰20年美債,173,0,173,元大-和平,2024-05-30,9863
3481,群創,100,3,97,元大-和平,2024-05-30,9863
00680L,元大美債20正2,90,1,89,元大-和平,2024-05-30,9863
9945,潤泰新,100,16,84,元大-和平,2024-05-30,9863
00665L,富邦�琤肭磪囓�2,75,0,75,元大-和平,2024-05-30,9863
2516,新建,67,0,67,元大-和平,2024-05-30,9863
00937B,群益ESG投等債20,90,30,60,元大-和平,2024-05-30,9863
912000,晨訊科-DR,57,0,57,元大-和平,2024-05-30,9863
9934,成霖,55,0,55,元大-和平,2024-05-30,9863
2363,矽統,69,16,53,元大-和平,2024-05-30,9863
2618,長榮航,72,26,46,元大-和平,2024-05-30,9863
2408,南亞科,58,13,45,元大-和平,2024-05-30,9863
2609,陽明,60,15,45,元大-和平,2024-05-30,9863
00679B,元大美債20年,44,0,44,元大-和平,2024-05-30,9863
6202,盛群,45,1,44,元大-和平,2024-05-30,9863
00878,國泰永續高股息,42,0,42,元大-和平,2024-05-30,9863
1815,富喬,153,111,42,元大-和平,2024-05-30,9863
00830,國泰費城半導體,42,1,41,元大-和平,2024-05-30,9863
2382,廣達,41,3,38,元大-和平,2024-05-30,9863
2328,廣宇,45,10,35,元大-和平,2024-05-30,9863
2347,聯強,37,3,34,元大-和平,2024-05-30,9863
6147,頎邦,33,0,33,元大-和平,2024-05-30,9863
4533,協易機,108,76,32,元大-和平,2024-05-30,9863
2886,兆豐金,30,0,30,元大-和平,2024-05-30,9863
4105,東洋,30,0,30,元大-和平,2024-05-30,9863
2543,皇昌,82,52,30,元大-和平,2024-05-30,9863
5880,合庫金,28,0,28,元大-和平,2024-05-30,9863
00929,復華台灣科技優息,32,4,28,元大-和平,2024-05-30,9863
2891,中信金,29,3,26,元大-和平,2024-05-30,9863
2317,鴻海,43,16,27,元大-和平,2024-05-30,9863
2353,宏��,38,12,26,元大-和平,2024-05-30,9863
1201,味全,26,0,26,元大-和平,2024-05-30,9863
9904,寶成,27,4,23,元大-和平,2024-05-30,9863
2313,華通,23,1,22,元大-和平,2024-05-30,9863
2330,台積電,22,1,21,元大-和平,2024-05-30,9863
00655L,國泰中國A50正2,20,0,20,元大-和平,2024-05-30,9863
00946,群益科技高息成長,20,0,20,元大-和平,2024-05-30,9863
1312,國喬,18,0,18,元大-和平,2024-05-30,9863
2884,玉山金,16,0,16,元大-和平,2024-05-30,9863
00901,永豐智能車供應鏈,16,0,16,元大-和平,2024-05-30,9863
00944,野村趨勢動能高息,16,0,16,元大-和平,2024-05-30,9863
8299,群聯,16,1,15,元大-和平,2024-05-30,9863
3338,泰碩,33,18,15,元大-和平,2024-05-30,9863
00885,富邦越南,15,0,15,元大-和平,2024-05-30,9863
1616,億泰,15,0,15,元大-和平,2024-05-30,9863
2545,皇翔,58,43,15,元大-和平,2024-05-30,9863
5353,台林,15,0,15,元大-和平,2024-05-30,9863
8054,安國,38,23,15,元大-和平,2024-05-30,9863
2610,華航,87,73,14,元大-和平,2024-05-30,9863
2498,宏達電,299,11,288,元大-和平,2024-05-31,9863
2609,陽明,237,111,126,元大-和平,2024-05-31,9863
5531,鄉林,90,0,90,元大-和平,2024-05-31,9863
2303,聯電,98,13,85,元大-和平,2024-05-31,9863
2312,金寶,120,59,61,元大-和平,2024-05-31,9863
3231,緯創,71,14,57,元大-和平,2024-05-31,9863
00898,國泰基因免疫革命,50,0,50,元大-和平,2024-05-31,9863
2002,中鋼,46,0,46,元大-和平,2024-05-31,9863
2516,新建,44,0,44,元大-和平,2024-05-31,9863
6202,盛群,38,1,37,元大-和平,2024-05-31,9863
2382,廣達,51,14,37,元大-和平,2024-05-31,9863
2330,台積電,38,3,35,元大-和平,2024-05-31,9863
3372,典範,34,1,33,元大-和平,2024-05-31,9863
1785,光洋科,32,0,32,元大-和平,2024-05-31,9863
2610,華航,109,81,28,元大-和平,2024-05-31,9863
00940,元大台灣價值高息,44,18,26,元大-和平,2024-05-31,9863
1201,味全,26,0,26,元大-和平,2024-05-31,9863
2354,鴻準,77,52,25,元大-和平,2024-05-31,9863
2409,友達,25,0,25,元大-和平,2024-05-31,9863
006208,富邦台50,25,0,25,元大-和平,2024-05-31,9863
2615,萬海,28,5,23,元大-和平,2024-05-31,9863
2641,正德,34,12,22,元大-和平,2024-05-31,9863
3264,欣銓,22,0,22,元大-和平,2024-05-31,9863
00929,復華台灣科技優息,22,0,22,元大-和平,2024-05-31,9863
00881,國泰台灣5G+,25,4,21,元大-和平,2024-05-31,9863
2614,東森,30,11,19,元大-和平,2024-05-31,9863
2317,鴻海,80,64,16,元大-和平,2024-05-31,9863
6271,同欣電,15,0,15,元大-和平,2024-05-31,9863
6770,力積電,15,0,15,元大-和平,2024-05-31,9863
2328,廣宇,58,43,15,元大-和平,2024-05-31,9863
2634,漢翔,15,1,14,元大-和平,2024-05-31,9863
4906,正文,33,19,14,元大-和平,2024-05-31,9863
00878,國泰永續高股息,16,3,13,元大-和平,2024-05-31,9863
2301,光寶科,21,8,13,元大-和平,2024-05-31,9863
8121,越峰,14,2,12,元大-和平,2024-05-31,9863
2106,建大,12,0,12,元大-和平,2024-05-31,9863
2449,京元電子,13,1,12,元大-和平,2024-05-31,9863
2344,華邦電,11,0,11,元大-和平,2024-05-31,9863
6229,研通,11,0,11,元大-和平,2024-05-31,9863
1605,華新,11,0,11,元大-和平,2024-05-31,9863
00923,群益台ESG低碳50,11,1,10,元大-和平,2024-05-31,9863
00939,統一台灣高息動能,10,0,10,元大-和平,2024-05-31,9863
00655L,國泰中國A50正2,10,0,10,元大-和平,2024-05-31,9863
2405,輔信,15,5,10,元大-和平,2024-05-31,9863
8046,南電,10,0,10,元大-和平,2024-05-31,9863
8234,新漢,12,2,10,元大-和平,2024-05-31,9863
3338,泰碩,19,9,10,元大-和平,2024-05-31,9863
2363,矽統,16,7,9,元大-和平,2024-05-31,9863
3034,聯詠,9,0,9,元大-和平,2024-05-31,9863
2486,一詮,19,11,8,元大-和平,2024-05-31,9863
00632R,元大台灣50反1,1026,0,1026,元大-和平,2024-06-03,9863
2618,長榮航,546,28,518,元大-和平,2024-06-03,9863
2610,華航,236,20,216,元大-和平,2024-06-03,9863
2438,翔耀,86,0,86,元大-和平,2024-06-03,9863
00919,群益台灣精選高息,108,22,86,元大-和平,2024-06-03,9863
2880,華南金,65,0,65,元大-和平,2024-06-03,9863
3706,神達,68,6,62,元大-和平,2024-06-03,9863
00918,大華優利高填息30,56,0,56,元大-和平,2024-06-03,9863
00940,元大台灣價值高息,80,26,54,元大-和平,2024-06-03,9863
2405,輔信,51,3,48,元大-和平,2024-06-03,9863
2516,新建,48,0,48,元大-和平,2024-06-03,9863
3481,群創,44,3,41,元大-和平,2024-06-03,9863
2317,鴻海,43,11,32,元大-和平,2024-06-03,9863
00753L,中信中國50正2,32,0,32,元大-和平,2024-06-03,9863
2362,藍天,29,0,29,元大-和平,2024-06-03,9863
2354,鴻準,54,26,28,元大-和平,2024-06-03,9863
1201,味全,26,0,26,元大-和平,2024-06-03,9863
2409,友達,26,3,23,元大-和平,2024-06-03,9863
00946,群益科技高息成長,24,2,22,元大-和平,2024-06-03,9863
5876,上海商銀,21,1,20,元大-和平,2024-06-03,9863
00637L,元大滬深300正2,20,0,20,元大-和平,2024-06-03,9863
2645,長榮航太,20,0,20,元大-和平,2024-06-03,9863
6205,詮欣,20,0,20,元大-和平,2024-06-03,9863
2889,國票金,19,0,19,元大-和平,2024-06-03,9863
2353,宏��,25,6,19,元大-和平,2024-06-03,9863
00751B,元大AAA至A公司債,16,0,16,元大-和平,2024-06-03,9863
00937B,群益ESG投等債20,18,2,16,元大-和平,2024-06-03,9863
006208,富邦台50,17,1,16,元大-和平,2024-06-03,9863
3260,威剛,25,9,16,元大-和平,2024-06-03,9863
2357,華碩,16,1,15,元大-和平,2024-06-03,9863
1584,精剛,15,0,15,元大-和平,2024-06-03,9863
2401,凌陽,16,1,15,元大-和平,2024-06-03,9863
2614,東森,30,15,15,元大-和平,2024-06-03,9863
3055,蔚華科,19,4,15,元大-和平,2024-06-03,9863
1218,泰山,14,0,14,元大-和平,2024-06-03,9863
2905,三商,16,2,14,元大-和平,2024-06-03,9863
4414,如興,14,0,14,元大-和平,2024-06-03,9863
2313,華通,13,0,13,元大-和平,2024-06-03,9863
2324,仁寶,41,29,12,元大-和平,2024-06-03,9863
2538,基泰,13,1,12,元大-和平,2024-06-03,9863
3321,同泰,13,1,12,元大-和平,2024-06-03,9863
4503,金雨,17,5,12,元大-和平,2024-06-03,9863
6163,華電網,12,0,12,元大-和平,2024-06-03,9863
2607,榮運,19,8,11,元大-和平,2024-06-03,9863
3380,明泰,11,0,11,元大-和平,2024-06-03,9863
00921,兆豐龍頭等權重,10,0,10,元大-和平,2024-06-03,9863
00715L,期街口布蘭特正2,10,0,10,元大-和平,2024-06-03,9863
00664R,國泰臺灣加權反1,10,0,10,元大-和平,2024-06-03,9863
00909,國泰數位支付服務,10,0,10,元大-和平,2024-06-03,9863
1313,聯成,10,0,10,元大-和平,2024-06-03,9863
00878,國泰永續高股息,480,15,465,元大-和平,2024-06-04,9863
2888,新光金,495,37,458,元大-和平,2024-06-04,9863
2618,長榮航,621,213,408,元大-和平,2024-06-04,9863
6116,彩晶,302,0,302,元大-和平,2024-06-04,9863
3481,群創,222,14,208,元大-和平,2024-06-04,9863
00919,群益台灣精選高息,121,20,101,元大-和平,2024-06-04,9863
2344,華邦電,81,0,81,元大-和平,2024-06-04,9863
2317,鴻海,95,16,79,元大-和平,2024-06-04,9863
1815,富喬,113,54,59,元大-和平,2024-06-04,9863
2492,華新科,50,1,49,元大-和平,2024-06-04,9863
2312,金寶,84,37,47,元大-和平,2024-06-04,9863
3520,華盈,46,0,46,元大-和平,2024-06-04,9863
2641,正德,52,8,44,元大-和平,2024-06-04,9863
00713,元大台灣高息低波,41,0,41,元大-和平,2024-06-04,9863
2382,廣達,43,3,40,元大-和平,2024-06-04,9863
00929,復華台灣科技優息,37,2,35,元大-和平,2024-06-04,9863
2537,聯上發,70,35,35,元大-和平,2024-06-04,9863
2303,聯電,41,7,34,元大-和平,2024-06-04,9863
00940,元大台灣價值高息,75,43,32,元大-和平,2024-06-04,9863
2614,東森,30,0,30,元大-和平,2024-06-04,9863
00918,大華優利高填息30,29,0,29,元大-和平,2024-06-04,9863
3231,緯創,29,2,27,元大-和平,2024-06-04,9863
2353,宏��,33,7,26,元大-和平,2024-06-04,9863
1201,味全,26,0,26,元大-和平,2024-06-04,9863
1605,華新,26,0,26,元大-和平,2024-06-04,9863
6111,大宇資,24,0,24,元大-和平,2024-06-04,9863
2409,友達,23,0,23,元大-和平,2024-06-04,9863
6125,廣運,54,32,22,元大-和平,2024-06-04,9863
8084,巨虹,21,0,21,元大-和平,2024-06-04,9863
00715L,期街口布蘭特正2,22,2,20,元大-和平,2024-06-04,9863
6283,淳安,20,0,20,元大-和平,2024-06-04,9863
2634,漢翔,22,2,20,元大-和平,2024-06-04,9863
00895,富邦未來車,20,1,19,元大-和平,2024-06-04,9863
00937B,群益ESG投等債20,83,64,19,元大-和平,2024-06-04,9863
6005,群益證,16,0,16,元大-和平,2024-06-04,9863
2349,錸德,16,0,16,元大-和平,2024-06-04,9863
2603,長榮,19,3,16,元大-和平,2024-06-04,9863
6841,長佳智能,15,0,15,元大-和平,2024-06-04,9863
2408,南亞科,15,1,14,元大-和平,2024-06-04,9863
6188,廣明,28,14,14,元大-和平,2024-06-04,9863
00753L,中信中國50正2,13,0,13,元大-和平,2024-06-04,9863
2330,台積電,13,0,13,元大-和平,2024-06-04,9863
2515,中工,32,20,12,元大-和平,2024-06-04,9863
2610,華航,12,0,12,元大-和平,2024-06-04,9863
2615,萬海,20,8,12,元大-和平,2024-06-04,9863
2731,雄獅,12,0,12,元大-和平,2024-06-04,9863
2405,輔信,12,0,12,元大-和平,2024-06-04,9863
5203,訊連,12,0,12,元大-和平,2024-06-04,9863
2465,麗臺,32,20,12,元大-和平,2024-06-04,9863
6579,研揚,12,1,11,元大-和平,2024-06-04,9863
3689,湧德,243,3,240,元大-和平,2024-06-05,9863
5469,瀚宇博,207,0,207,元大-和平,2024-06-05,9863
4566,時碩工業,199,6,193,元大-和平,2024-06-05,9863
2888,新光金,200,23,177,元大-和平,2024-06-05,9863
2344,華邦電,164,0,164,元大-和平,2024-06-05,9863
6116,彩晶,154,0,154,元大-和平,2024-06-05,9863
9934,成霖,140,20,120,元大-和平,2024-06-05,9863
2545,皇翔,173,73,100,元大-和平,2024-06-05,9863
3122,笙泉,100,0,100,元大-和平,2024-06-05,9863
3338,泰碩,97,4,93,元大-和平,2024-06-05,9863
6205,詮欣,80,0,80,元大-和平,2024-06-05,9863
2303,聯電,83,15,68,元大-和平,2024-06-05,9863
00929,復華台灣科技優息,69,7,62,元大-和平,2024-06-05,9863
1536,和大,44,0,44,元大-和平,2024-06-05,9863
00937B,群益ESG投等債20,53,12,41,元大-和平,2024-06-05,9863
2405,輔信,40,0,40,元大-和平,2024-06-05,9863
2324,仁寶,39,4,35,元大-和平,2024-06-05,9863
00713,元大台灣高息低波,32,0,32,元大-和平,2024-06-05,9863
2417,圓剛,41,10,31,元大-和平,2024-06-05,9863
1101,台泥,30,0,30,元大-和平,2024-06-05,9863
00632R,元大台灣50反1,230,201,29,元大-和平,2024-06-05,9863
1504,東元,31,2,29,元大-和平,2024-06-05,9863
8070,長華*,21,0,21,元大-和平,2024-06-05,9863
5213,亞昕,20,0,20,元大-和平,2024-06-05,9863
8096,擎亞,38,19,19,元大-和平,2024-06-05,9863
3540,曜越,20,2,18,元大-和平,2024-06-05,9863
2611,志信,21,3,18,元大-和平,2024-06-05,9863
3520,華盈,18,0,18,元大-和平,2024-06-05,9863
2313,華通,18,0,18,元大-和平,2024-06-05,9863
2449,京元電子,16,0,16,元大-和平,2024-06-05,9863
1201,味全,16,0,16,元大-和平,2024-06-05,9863
2353,宏��,36,20,16,元大-和平,2024-06-05,9863
3202,樺晟,39,23,16,元大-和平,2024-06-05,9863
2002,中鋼,17,1,16,元大-和平,2024-06-05,9863
2331,精英,27,12,15,元大-和平,2024-06-05,9863
6125,廣運,26,11,15,元大-和平,2024-06-05,9863
2438,翔耀,24,10,14,元大-和平,2024-06-05,9863
3015,全漢,16,2,14,元大-和平,2024-06-05,9863
3260,威剛,14,1,13,元大-和平,2024-06-05,9863
2241,艾姆勒,13,0,13,元大-和平,2024-06-05,9863
2883,凱基金,30,17,13,元大-和平,2024-06-05,9863
2949,欣新網,13,0,13,元大-和平,2024-06-05,9863
8121,越峰,14,1,13,元大-和平,2024-06-05,9863
1440,南紡,12,0,12,元大-和平,2024-06-05,9863
1587,吉茂,12,0,12,元大-和平,2024-06-05,9863
6190,萬泰科,12,0,12,元大-和平,2024-06-05,9863
2317,鴻海,39,27,12,元大-和平,2024-06-05,9863
3706,神達,12,1,11,元大-和平,2024-06-05,9863
6578,達邦蛋白,10,0,10,元大-和平,2024-06-05,9863
2347,聯強,12,2,10,元大-和平,2024-06-05,9863
00632R,元大台灣50反1,2241,122,2119,元大-和平,2024-06-06,9863
5469,瀚宇博,283,0,283,元大-和平,2024-06-06,9863
00937B,群益ESG投等債20,332,50,282,元大-和平,2024-06-06,9863
6116,彩晶,151,0,151,元大-和平,2024-06-06,9863
1718,中纖,83,0,83,元大-和平,2024-06-06,9863
9934,成霖,98,17,81,元大-和平,2024-06-06,9863
00918,大華優利高填息30,57,0,57,元大-和平,2024-06-06,9863
5388,中磊,52,0,52,元大-和平,2024-06-06,9863
1455,集盛,49,0,49,元大-和平,2024-06-06,9863
2614,東森,48,5,43,元大-和平,2024-06-06,9863
2887,台新金,50,11,39,元大-和平,2024-06-06,9863
1522,堤維西,33,0,33,元大-和平,2024-06-06,9863
8110,華東,33,0,33,元大-和平,2024-06-06,9863
2312,金寶,112,81,31,元大-和平,2024-06-06,9863
2344,華邦電,41,11,30,元大-和平,2024-06-06,9863
2723,美食-KY,27,0,27,元大-和平,2024-06-06,9863
2331,精英,39,13,26,元大-和平,2024-06-06,9863
2101,南港,38,14,24,元大-和平,2024-06-06,9863
2399,映泰,23,0,23,元大-和平,2024-06-06,9863
1440,南紡,22,0,22,元大-和平,2024-06-06,9863
2867,三商壽,21,0,21,元大-和平,2024-06-06,9863
00719B,元大美債1-3,21,0,21,元大-和平,2024-06-06,9863
1201,味全,20,0,20,元大-和平,2024-06-06,9863
1799,易威,20,0,20,元大-和平,2024-06-06,9863
2070,精湛,20,0,20,元大-和平,2024-06-06,9863
1504,東元,22,3,19,元大-和平,2024-06-06,9863
3689,湧德,20,1,19,元大-和平,2024-06-06,9863
4105,東洋,24,5,19,元大-和平,2024-06-06,9863
1303,南亞,20,2,18,元大-和平,2024-06-06,9863
2328,廣宇,18,1,17,元大-和平,2024-06-06,9863
2886,兆豐金,17,1,16,元大-和平,2024-06-06,9863
6125,廣運,30,14,16,元大-和平,2024-06-06,9863
2438,翔耀,20,5,15,元大-和平,2024-06-06,9863
3205,佰研,15,0,15,元大-和平,2024-06-06,9863
6163,華電網,15,0,15,元大-和平,2024-06-06,9863
2354,鴻準,24,10,14,元大-和平,2024-06-06,9863
8938,明安,13,0,13,元大-和平,2024-06-06,9863
00671R,富邦NASDAQ反1,12,0,12,元大-和平,2024-06-06,9863
00753L,中信中國50正2,12,0,12,元大-和平,2024-06-06,9863
6674,鋐寶科技,12,0,12,元大-和平,2024-06-06,9863
00692,富邦公司治理,14,3,11,元大-和平,2024-06-06,9863
8070,長華*,15,5,10,元大-和平,2024-06-06,9863
00650L,復華香港正2,10,0,10,元大-和平,2024-06-06,9863
00933B,國泰10Y+金融債,10,0,10,元大-和平,2024-06-06,9863
2401,凌陽,16,6,10,元大-和平,2024-06-06,9863
2498,宏達電,10,0,10,元大-和平,2024-06-06,9863
2913,農林,10,0,10,元大-和平,2024-06-06,9863
3276,宇環,10,0,10,元大-和平,2024-06-06,9863
3540,曜越,13,3,10,元大-和平,2024-06-06,9863
3703,欣陸,10,0,10,元大-和平,2024-06-06,9863
00688L,國泰20年美債正2,300,0,300,元大-和平,2024-06-07,9863
5469,瀚宇博,259,0,259,元大-和平,2024-06-07,9863
2312,金寶,344,231,113,元大-和平,2024-06-07,9863
5388,中磊,72,0,72,元大-和平,2024-06-07,9863
00637L,元大滬深300正2,66,2,64,元大-和平,2024-06-07,9863
2603,長榮,67,6,61,元大-和平,2024-06-07,9863
00918,大華優利高填息30,52,0,52,元大-和平,2024-06-07,9863
1467,南緯,50,0,50,元大-和平,2024-06-07,9863
2382,廣達,52,5,47,元大-和平,2024-06-07,9863
00751B,元大AAA至A公司債,40,0,40,元大-和平,2024-06-07,9863
2516,新建,40,0,40,元大-和平,2024-06-07,9863
3231,緯創,52,17,35,元大-和平,2024-06-07,9863
00679B,元大美債20年,48,18,30,元大-和平,2024-06-07,9863
1609,大亞,67,37,30,元大-和平,2024-06-07,9863
00919,群益台灣精選高息,46,17,29,元大-和平,2024-06-07,9863
2353,宏��,33,5,28,元大-和平,2024-06-07,9863
2313,華通,47,20,27,元大-和平,2024-06-07,9863
1201,味全,25,0,25,元大-和平,2024-06-07,9863
2489,瑞軒,26,1,25,元大-和平,2024-06-07,9863
00937B,群益ESG投等債20,24,0,24,元大-和平,2024-06-07,9863
2883,凱基金,55,32,23,元大-和平,2024-06-07,9863
2615,萬海,73,51,22,元大-和平,2024-06-07,9863
00936,台新永續高息中小,21,0,21,元大-和平,2024-06-07,9863
6005,群益證,20,0,20,元大-和平,2024-06-07,9863
2356,英業達,23,3,20,元大-和平,2024-06-07,9863
00655L,國泰中國A50正2,20,0,20,元大-和平,2024-06-07,9863
3338,泰碩,24,5,19,元大-和平,2024-06-07,9863
00929,復華台灣科技優息,23,6,17,元大-和平,2024-06-07,9863
2609,陽明,83,68,15,元大-和平,2024-06-07,9863
6160,欣技,15,0,15,元大-和平,2024-06-07,9863
2427,三商電,23,9,14,元大-和平,2024-06-07,9863
6213,聯茂,16,2,14,元大-和平,2024-06-07,9863
3030,德律,14,1,13,元大-和平,2024-06-07,9863
2331,精英,16,5,11,元大-和平,2024-06-07,9863
6116,彩晶,11,0,11,元大-和平,2024-06-07,9863
00712,復華富時不動產,10,0,10,元大-和平,2024-06-07,9863
2347,聯強,10,0,10,元大-和平,2024-06-07,9863
2362,藍天,10,0,10,元大-和平,2024-06-07,9863
2545,皇翔,120,110,10,元大-和平,2024-06-07,9863
2601,益航,10,0,10,元大-和平,2024-06-07,9863
8438,昶昕,10,0,10,元大-和平,2024-06-07,9863
2330,台積電,17,7,10,元大-和平,2024-06-07,9863
6161,捷波,11,1,10,元大-和平,2024-06-07,9863
1218,泰山,9,0,9,元大-和平,2024-06-07,9863
2002,中鋼,12,3,9,元大-和平,2024-06-07,9863
2317,鴻海,21,13,8,元大-和平,2024-06-07,9863
5706,鳳凰,8,0,8,元大-和平,2024-06-07,9863
00921,兆豐龍頭等權重,10,2,8,元大-和平,2024-06-07,9863
2482,連宇,11,3,8,元大-和平,2024-06-07,9863
2851,中再保,8,0,8,元大-和平,2024-06-07,9863
2888,新光金,405,0,405,元大-和平,2024-06-11,9863
00688L,國泰20年美債正2,378,10,368,元大-和平,2024-06-11,9863
9934,成霖,410,82,328,元大-和平,2024-06-11,9863
00751B,元大AAA至A公司債,170,6,164,元大-和平,2024-06-11,9863
2723,美食-KY,151,0,151,元大-和平,2024-06-11,9863
00918,大華優利高填息30,134,0,134,元大-和平,2024-06-11,9863
9945,潤泰新,119,11,108,元大-和平,2024-06-11,9863
00919,群益台灣精選高息,122,19,103,元大-和平,2024-06-11,9863
2609,陽明,185,103,82,元大-和平,2024-06-11,9863
00929,復華台灣科技優息,85,4,81,元大-和平,2024-06-11,9863
2614,東森,81,0,81,元大-和平,2024-06-11,9863
00937B,群益ESG投等債20,85,6,79,元大-和平,2024-06-11,9863
00936,台新永續高息中小,75,0,75,元大-和平,2024-06-11,9863
2603,長榮,65,8,57,元大-和平,2024-06-11,9863
00637L,元大滬深300正2,43,0,43,元大-和平,2024-06-11,9863
00680L,元大美債20正2,52,11,41,元大-和平,2024-06-11,9863
2641,正德,40,9,31,元大-和平,2024-06-11,9863
2515,中工,43,12,31,元大-和平,2024-06-11,9863
4105,東洋,30,0,30,元大-和平,2024-06-11,9863
00679B,元大美債20年,79,50,29,元大-和平,2024-06-11,9863
2545,皇翔,117,88,29,元大-和平,2024-06-11,9863
3706,神達,29,1,28,元大-和平,2024-06-11,9863
3231,緯創,33,5,28,元大-和平,2024-06-11,9863
3373,熱映,28,1,27,元大-和平,2024-06-11,9863
00878,國泰永續高股息,37,11,26,元大-和平,2024-06-11,9863
1201,味全,25,0,25,元大-和平,2024-06-11,9863
6609,瀧澤科,25,0,25,元大-和平,2024-06-11,9863
00795B,中信美國公債20年,21,0,21,元大-和平,2024-06-11,9863
3321,同泰,20,0,20,元大-和平,2024-06-11,9863
3703,欣陸,20,0,20,元大-和平,2024-06-11,9863
4108,懷特,20,0,20,元大-和平,2024-06-11,9863
00939,統一台灣高息動能,31,12,19,元大-和平,2024-06-11,9863
1316,上曜,41,22,19,元大-和平,2024-06-11,9863
3338,泰碩,29,12,17,元大-和平,2024-06-11,9863
2438,翔耀,17,0,17,元大-和平,2024-06-11,9863
2002,中鋼,17,0,17,元大-和平,2024-06-11,9863
2374,佳能,17,1,16,元大-和平,2024-06-11,9863
1514,亞力,23,8,15,元大-和平,2024-06-11,9863
1609,大亞,20,5,15,元大-和平,2024-06-11,9863
8927,北基,15,0,15,元大-和平,2024-06-11,9863
2442,新美齊,15,0,15,元大-和平,2024-06-11,9863
3689,湧德,15,1,14,元大-和平,2024-06-11,9863
3260,威剛,13,0,13,元大-和平,2024-06-11,9863
2520,冠德,15,2,13,元大-和平,2024-06-11,9863
4562,穎漢,13,0,13,元大-和平,2024-06-11,9863
6005,群益證,12,0,12,元大-和平,2024-06-11,9863
2607,榮運,12,0,12,元大-和平,2024-06-11,9863
3362,先進光,13,1,12,元大-和平,2024-06-11,9863
00712,復華富時不動產,11,0,11,元大-和平,2024-06-11,9863
2353,宏��,14,3,11,元大-和平,2024-06-11,9863
2888,新光金,654,222,432,元大-和平,2024-06-12,9863
00688L,國泰20年美債正2,350,0,350,元大-和平,2024-06-12,9863
00632R,元大台灣50反1,412,88,324,元大-和平,2024-06-12,9863
9934,成霖,261,3,258,元大-和平,2024-06-12,9863
00948B,中信優息投資級債,144,0,144,元大-和平,2024-06-12,9863
9904,寶成,98,0,98,元大-和平,2024-06-12,9863
2614,東森,90,0,90,元大-和平,2024-06-12,9863
00918,大華優利高填息30,72,0,72,元大-和平,2024-06-12,9863
2641,正德,63,0,63,元大-和平,2024-06-12,9863
5469,瀚宇博,62,0,62,元大-和平,2024-06-12,9863
1536,和大,52,0,52,元大-和平,2024-06-12,9863
1467,南緯,50,0,50,元大-和平,2024-06-12,9863
8096,擎亞,61,12,49,元大-和平,2024-06-12,9863
2382,廣達,46,0,46,元大-和平,2024-06-12,9863
00929,復華台灣科技優息,60,20,40,元大-和平,2024-06-12,9863
5425,台半,38,0,38,元大-和平,2024-06-12,9863
2867,三商壽,34,0,34,元大-和平,2024-06-12,9863
1714,和桐,35,5,30,元大-和平,2024-06-12,9863
3338,泰碩,33,4,29,元大-和平,2024-06-12,9863
4906,正文,34,5,29,元大-和平,2024-06-12,9863
1201,味全,26,0,26,元大-和平,2024-06-12,9863
00915,凱基優選高股息30,26,1,25,元大-和平,2024-06-12,9863
4566,時碩工業,50,26,24,元大-和平,2024-06-12,9863
00878,國泰永續高股息,36,12,24,元大-和平,2024-06-12,9863
2427,三商電,25,1,24,元大-和平,2024-06-12,9863
2438,翔耀,22,0,22,元大-和平,2024-06-12,9863
3583,辛耘,21,0,21,元大-和平,2024-06-12,9863
3481,群創,21,0,21,元大-和平,2024-06-12,9863
2801,彰銀,22,1,21,元大-和平,2024-06-12,9863
2409,友達,22,2,20,元大-和平,2024-06-12,9863
00919,群益台灣精選高息,35,15,20,元大-和平,2024-06-12,9863
00637L,元大滬深300正2,20,0,20,元大-和平,2024-06-12,9863
2723,美食-KY,20,0,20,元大-和平,2024-06-12,9863
3321,同泰,25,5,20,元大-和平,2024-06-12,9863
3702,大聯大,20,0,20,元大-和平,2024-06-12,9863
2618,長榮航,29,10,19,元大-和平,2024-06-12,9863
00712,復華富時不動產,19,0,19,元大-和平,2024-06-12,9863
3231,緯創,27,11,16,元大-和平,2024-06-12,9863
00679B,元大美債20年,21,5,16,元大-和平,2024-06-12,9863
2442,新美齊,15,0,15,元大-和平,2024-06-12,9863
2356,英業達,27,12,15,元大-和平,2024-06-12,9863
2201,裕隆,14,0,14,元大-和平,2024-06-12,9863
2915,潤泰全,16,2,14,元大-和平,2024-06-12,9863
2014,中鴻,13,0,13,元大-和平,2024-06-12,9863
2889,國票金,12,0,12,元大-和平,2024-06-12,9863
0056,元大高股息,14,2,12,元大-和平,2024-06-12,9863
2002,中鋼,12,0,12,元大-和平,2024-06-12,9863
00753L,中信中國50正2,12,0,12,元大-和平,2024-06-12,9863
8938,明安,12,0,12,元大-和平,2024-06-12,9863
2101,南港,17,5,12,元大-和平,2024-06-12,9863
00948B,中信優息投資級債,303,0,303,元大-和平,2024-06-13,9863
6274,台燿,251,13,238,元大-和平,2024-06-13,9863
3665,貿聯-KY,222,8,214,元大-和平,2024-06-13,9863
2888,新光金,202,35,167,元大-和平,2024-06-13,9863
00947,台新臺灣IC設計,166,0,166,元大-和平,2024-06-13,9863
6213,聯茂,156,8,148,元大-和平,2024-06-13,9863
8028,昇陽半導體,100,27,73,元大-和平,2024-06-13,9863
2618,長榮航,84,24,60,元大-和平,2024-06-13,9863
1201,味全,52,0,52,元大-和平,2024-06-13,9863
2880,華南金,50,0,50,元大-和平,2024-06-13,9863
00946,群益科技高息成長,51,2,49,元大-和平,2024-06-13,9863
3293,鈊象,44,1,43,元大-和平,2024-06-13,9863
5469,瀚宇博,40,0,40,元大-和平,2024-06-13,9863
00679B,元大美債20年,45,5,40,元大-和平,2024-06-13,9863
1522,堤維西,40,1,39,元大-和平,2024-06-13,9863
00936,台新永續高息中小,35,0,35,元大-和平,2024-06-13,9863
4533,協易機,40,7,33,元大-和平,2024-06-13,9863
2201,裕隆,33,0,33,元大-和平,2024-06-13,9863
2614,東森,30,0,30,元大-和平,2024-06-13,9863
2723,美食-KY,30,0,30,元大-和平,2024-06-13,9863
1449,佳和,21,0,21,元大-和平,2024-06-13,9863
00944,野村趨勢動能高息,20,0,20,元大-和平,2024-06-13,9863
2641,正德,20,0,20,元大-和平,2024-06-13,9863
00919,群益台灣精選高息,74,54,20,元大-和平,2024-06-13,9863
00881,國泰台灣5G+,20,1,19,元大-和平,2024-06-13,9863
00671R,富邦NASDAQ反1,18,0,18,元大-和平,2024-06-13,9863
2489,瑞軒,20,2,18,元大-和平,2024-06-13,9863
6451,訊芯-KY,32,16,16,元大-和平,2024-06-13,9863
2427,三商電,31,15,16,元大-和平,2024-06-13,9863
6190,萬泰科,21,6,15,元大-和平,2024-06-13,9863
4549,桓達,15,1,14,元大-和平,2024-06-13,9863
6123,上奇,14,0,14,元大-和平,2024-06-13,9863
2002,中鋼,13,0,13,元大-和平,2024-06-13,9863
00921,兆豐龍頭等權重,13,0,13,元大-和平,2024-06-13,9863
3706,神達,18,5,13,元大-和平,2024-06-13,9863
8091,翔名,14,1,13,元大-和平,2024-06-13,9863
6187,萬潤,13,1,12,元大-和平,2024-06-13,9863
4979,華星光,13,1,12,元大-和平,2024-06-13,9863
1519,華城,26,14,12,元大-和平,2024-06-13,9863
00751B,元大AAA至A公司債,11,0,11,元大-和平,2024-06-13,9863
00918,大華優利高填息30,13,2,11,元大-和平,2024-06-13,9863
3312,弘憶股,12,1,11,元大-和平,2024-06-13,9863
5512,力麒,11,0,11,元大-和平,2024-06-13,9863
2354,鴻準,15,5,10,元大-和平,2024-06-13,9863
4906,正文,21,11,10,元大-和平,2024-06-13,9863
4952,凌通,11,1,10,元大-和平,2024-06-13,9863
1799,易威,10,0,10,元大-和平,2024-06-13,9863
4510,高鋒,10,0,10,元大-和平,2024-06-13,9863
3218,大學光,10,1,9,元大-和平,2024-06-13,9863
3260,威剛,13,4,9,元大-和平,2024-06-13,9863
2888,新光金,1053,8,1045,元大-和平,2024-06-14,9863
00706L,期元大S＆P日圓正2,806,2,804,元大-和平,2024-06-14,9863
3264,欣銓,186,15,171,元大-和平,2024-06-14,9863
2392,正崴,102,20,82,元大-和平,2024-06-14,9863
1201,味全,52,0,52,元大-和平,2024-06-14,9863
3665,貿聯-KY,64,16,48,元大-和平,2024-06-14,9863
00937B,群益ESG投等債20,82,37,45,元大-和平,2024-06-14,9863
3450,聯鈞,50,8,42,元大-和平,2024-06-14,9863
2492,華新科,50,10,40,元大-和平,2024-06-14,9863
00936,台新永續高息中小,44,5,39,元大-和平,2024-06-14,9863
2025,千興,39,3,36,元大-和平,2024-06-14,9863
00713,元大台灣高息低波,34,2,32,元大-和平,2024-06-14,9863
2351,順德,32,0,32,元大-和平,2024-06-14,9863
8099,大世科,30,0,30,元大-和平,2024-06-14,9863
00918,大華優利高填息30,34,4,30,元大-和平,2024-06-14,9863
3591,艾笛森,35,5,30,元大-和平,2024-06-14,9863
6695,芯鼎,28,0,28,元大-和平,2024-06-14,9863
2486,一詮,27,0,27,元大-和平,2024-06-14,9863
5284,jpp-KY,27,0,27,元大-和平,2024-06-14,9863
6770,力積電,54,28,26,元大-和平,2024-06-14,9863
1570,力肯,23,0,23,元大-和平,2024-06-14,9863
3055,蔚華科,28,7,21,元大-和平,2024-06-14,9863
9904,寶成,26,5,21,元大-和平,2024-06-14,9863
6187,萬潤,21,1,20,元大-和平,2024-06-14,9863
2915,潤泰全,30,10,20,元大-和平,2024-06-14,9863
00919,群益台灣精選高息,28,9,19,元大-和平,2024-06-14,9863
4746,台耀,18,0,18,元大-和平,2024-06-14,9863
1618,合機,29,13,16,元大-和平,2024-06-14,9863
00915,凱基優選高股息30,15,0,15,元大-和平,2024-06-14,9863
00946,群益科技高息成長,15,0,15,元大-和平,2024-06-14,9863
2882,國泰金,100,86,14,元大-和平,2024-06-14,9863
2357,華碩,16,2,14,元大-和平,2024-06-14,9863
4303,信立,13,0,13,元大-和平,2024-06-14,9863
3048,益登,26,13,13,元大-和平,2024-06-14,9863
6841,長佳智能,20,7,13,元大-和平,2024-06-14,9863
2353,宏��,17,5,12,元大-和平,2024-06-14,9863
6451,訊芯-KY,14,2,12,元大-和平,2024-06-14,9863
1582,信錦,14,2,12,元大-和平,2024-06-14,9863
2354,鴻準,25,14,11,元大-和平,2024-06-14,9863
2313,華通,11,0,11,元大-和平,2024-06-14,9863
00891,中信關鍵半導體,12,1,11,元大-和平,2024-06-14,9863
00733,富邦臺灣中小,11,0,11,元大-和平,2024-06-14,9863
9105,泰金寶-DR,10,0,10,元大-和平,2024-06-14,9863
00637L,元大滬深300正2,10,0,10,元大-和平,2024-06-14,9863
00948B,中信優息投資級債,13,3,10,元大-和平,2024-06-14,9863
1305,華夏,10,0,10,元大-和平,2024-06-14,9863
1447,力鵬,10,0,10,元大-和平,2024-06-14,9863
1612,宏泰,20,10,10,元大-和平,2024-06-14,9863
1907,永豐餘,10,0,10,元大-和平,2024-06-14,9863
3321,同泰,10,0,10,元大-和平,2024-06-14,9863
9904,寶成,457,0,457,元大-和平,2024-06-17,9863
2888,新光金,454,0,454,元大-和平,2024-06-17,9863
2882,國泰金,212,6,206,元大-和平,2024-06-17,9863
2371,大同,197,42,155,元大-和平,2024-06-17,9863
00937B,群益ESG投等債20,156,20,136,元大-和平,2024-06-17,9863
2438,翔耀,113,0,113,元大-和平,2024-06-17,9863
00679B,元大美債20年,118,17,101,元大-和平,2024-06-17,9863
00665L,富邦�琤肭磪囓�2,100,0,100,元大-和平,2024-06-17,9863
00881,國泰台灣5G+,84,1,83,元大-和平,2024-06-17,9863
2610,華航,80,4,76,元大-和平,2024-06-17,9863
9945,潤泰新,64,1,63,元大-和平,2024-06-17,9863
00757,統一FANG+,50,0,50,元大-和平,2024-06-17,9863
6695,芯鼎,46,0,46,元大-和平,2024-06-17,9863
6111,大宇資,45,0,45,元大-和平,2024-06-17,9863
2427,三商電,44,3,41,元大-和平,2024-06-17,9863
2356,英業達,46,5,41,元大-和平,2024-06-17,9863
00947,台新臺灣IC設計,45,5,40,元大-和平,2024-06-17,9863
1201,味全,40,0,40,元大-和平,2024-06-17,9863
1734,杏輝,39,0,39,元大-和平,2024-06-17,9863
8027,鈦昇,50,12,38,元大-和平,2024-06-17,9863
2609,陽明,51,17,34,元大-和平,2024-06-17,9863
8085,福華,40,8,32,元大-和平,2024-06-17,9863
00918,大華優利高填息30,35,5,30,元大-和平,2024-06-17,9863
9105,泰金寶-DR,31,2,29,元大-和平,2024-06-17,9863
3481,群創,175,147,28,元大-和平,2024-06-17,9863
2317,鴻海,47,19,28,元大-和平,2024-06-17,9863
00948B,中信優息投資級債,26,0,26,元大-和平,2024-06-17,9863
5284,jpp-KY,25,0,25,元大-和平,2024-06-17,9863
2611,志信,25,1,24,元大-和平,2024-06-17,9863
2731,雄獅,24,0,24,元大-和平,2024-06-17,9863
8996,高力,30,7,23,元大-和平,2024-06-17,9863
4746,台耀,23,1,22,元大-和平,2024-06-17,9863
8099,大世科,20,0,20,元大-和平,2024-06-17,9863
9934,成霖,18,0,18,元大-和平,2024-06-17,9863
1618,合機,47,29,18,元大-和平,2024-06-17,9863
2515,中工,17,0,17,元大-和平,2024-06-17,9863
3047,訊舟,17,0,17,元大-和平,2024-06-17,9863
2881,富邦金,16,0,16,元大-和平,2024-06-17,9863
4968,立積,33,17,16,元大-和平,2024-06-17,9863
6187,萬潤,18,3,15,元大-和平,2024-06-17,9863
00688L,國泰20年美債正2,15,0,15,元大-和平,2024-06-17,9863
4958,臻鼎-KY,15,0,15,元大-和平,2024-06-17,9863
2883,凱基金,16,2,14,元大-和平,2024-06-17,9863
1582,信錦,17,3,14,元大-和平,2024-06-17,9863
6005,群益證,16,2,14,元大-和平,2024-06-17,9863
1503,士電,20,7,13,元大-和平,2024-06-17,9863
2376,技嘉,16,3,13,元大-和平,2024-06-17,9863
3033,威健,13,0,13,元大-和平,2024-06-17,9863
00713,元大台灣高息低波,13,0,13,元大-和平,2024-06-17,9863
2641,正德,12,0,12,元大-和平,2024-06-17,9863
00632R,元大台灣50反1,1267,7,1260,元大-和平,2024-06-18,9863
2610,華航,306,67,239,元大-和平,2024-06-18,9863
2438,翔耀,106,5,101,元大-和平,2024-06-18,9863
00937B,群益ESG投等債20,109,10,99,元大-和平,2024-06-18,9863
00753L,中信中國50正2,57,0,57,元大-和平,2024-06-18,9863
00946,群益科技高息成長,58,5,53,元大-和平,2024-06-18,9863
1785,光洋科,51,0,51,元大-和平,2024-06-18,9863
2388,威盛,62,11,51,元大-和平,2024-06-18,9863
00640L,富邦日本正2,50,0,50,元大-和平,2024-06-18,9863
00687B,國泰20年美債,56,10,46,元大-和平,2024-06-18,9863
1201,味全,42,0,42,元大-和平,2024-06-18,9863
3033,威健,41,0,41,元大-和平,2024-06-18,9863
2723,美食-KY,50,10,40,元大-和平,2024-06-18,9863
2317,鴻海,53,13,40,元大-和平,2024-06-18,9863
5388,中磊,40,1,39,元大-和平,2024-06-18,9863
4968,立積,42,5,37,元大-和平,2024-06-18,9863
2353,宏��,40,4,36,元大-和平,2024-06-18,9863
1714,和桐,35,0,35,元大-和平,2024-06-18,9863
00918,大華優利高填息30,45,11,34,元大-和平,2024-06-18,9863
9105,泰金寶-DR,37,6,31,元大-和平,2024-06-18,9863
5469,瀚宇博,30,0,30,元大-和平,2024-06-18,9863
00680L,元大美債20正2,28,0,28,元大-和平,2024-06-18,9863
00944,野村趨勢動能高息,36,12,24,元大-和平,2024-06-18,9863
6116,彩晶,24,0,24,元大-和平,2024-06-18,9863
00878,國泰永續高股息,51,28,23,元大-和平,2024-06-18,9863
00671R,富邦NASDAQ反1,22,0,22,元大-和平,2024-06-18,9863
2614,東森,20,0,20,元大-和平,2024-06-18,9863
2359,所羅門,22,3,19,元大-和平,2024-06-18,9863
00891,中信關鍵半導體,19,0,19,元大-和平,2024-06-18,9863
2316,楠梓電,23,4,19,元大-和平,2024-06-18,9863
6770,力積電,22,5,17,元大-和平,2024-06-18,9863
1504,東元,18,2,16,元大-和平,2024-06-18,9863
6282,康舒,28,12,16,元大-和平,2024-06-18,9863
4562,穎漢,15,0,15,元大-和平,2024-06-18,9863
2312,金寶,28,13,15,元大-和平,2024-06-18,9863
8163,達方,16,1,15,元大-和平,2024-06-18,9863
2371,大同,65,51,14,元大-和平,2024-06-18,9863
00652,富邦印度,20,7,13,元大-和平,2024-06-18,9863
5213,亞昕,15,2,13,元大-和平,2024-06-18,9863
6005,群益證,13,0,13,元大-和平,2024-06-18,9863
8112,至上,12,0,12,元大-和平,2024-06-18,9863
00919,群益台灣精選高息,95,84,11,元大-和平,2024-06-18,9863
4908,前鼎,15,4,11,元大-和平,2024-06-18,9863
2385,群光,11,0,11,元大-和平,2024-06-18,9863
3055,蔚華科,25,15,10,元大-和平,2024-06-18,9863
8064,東捷,26,16,10,元大-和平,2024-06-18,9863
4566,時碩工業,51,41,10,元大-和平,2024-06-18,9863
2455,全新,11,1,10,元大-和平,2024-06-18,9863
00719B,元大美債1-3,10,0,10,元大-和平,2024-06-18,9863
1799,易威,10,0,10,元大-和平,2024-06-18,9863
00632R,元大台灣50反1,1707,30,1677,元大-和平,2024-06-19,9863
5469,瀚宇博,550,2,548,元大-和平,2024-06-19,9863
2312,金寶,279,160,119,元大-和平,2024-06-19,9863
6205,詮欣,107,0,107,元大-和平,2024-06-19,9863
00881,國泰台灣5G+,87,4,83,元大-和平,2024-06-19,9863
912000,晨訊科-DR,122,57,65,元大-和平,2024-06-19,9863
2723,美食-KY,60,0,60,元大-和平,2024-06-19,9863
2449,京元電子,97,41,56,元大-和平,2024-06-19,9863
1101,台泥,56,6,50,元大-和平,2024-06-19,9863
1201,味全,50,0,50,元大-和平,2024-06-19,9863
2614,東森,50,0,50,元大-和平,2024-06-19,9863
00905,FT臺灣Smart,44,0,44,元大-和平,2024-06-19,9863
1905,華紙,40,0,40,元大-和平,2024-06-19,9863
00936,台新永續高息中小,47,12,35,元大-和平,2024-06-19,9863
3231,緯創,63,29,34,元大-和平,2024-06-19,9863
00892,富邦台灣半導體,32,0,32,元大-和平,2024-06-19,9863
8039,台虹,41,9,32,元大-和平,2024-06-19,9863
00929,復華台灣科技優息,52,22,30,元大-和平,2024-06-19,9863
2374,佳能,31,3,28,元大-和平,2024-06-19,9863
2303,聯電,42,16,26,元大-和平,2024-06-19,9863
6770,力積電,26,0,26,元大-和平,2024-06-19,9863
6117,迎廣,26,0,26,元大-和平,2024-06-19,9863
00937B,群益ESG投等債20,44,20,24,元大-和平,2024-06-19,9863
3338,泰碩,22,1,21,元大-和平,2024-06-19,9863
8085,福華,37,16,21,元大-和平,2024-06-19,9863
2492,華新科,21,0,21,元大-和平,2024-06-19,9863
00637L,元大滬深300正2,20,0,20,元大-和平,2024-06-19,9863
00650L,復華香港正2,20,0,20,元大-和平,2024-06-19,9863
00673R,期元大S＆P原油反1,20,0,20,元大-和平,2024-06-19,9863
4105,東洋,20,0,20,元大-和平,2024-06-19,9863
6179,亞通,20,0,20,元大-和平,2024-06-19,9863
2409,友達,20,0,20,元大-和平,2024-06-19,9863
00882,中信中國高股息,21,2,19,元大-和平,2024-06-19,9863
3202,樺晟,18,0,18,元大-和平,2024-06-19,9863
6244,茂迪,21,3,18,元大-和平,2024-06-19,9863
00915,凱基優選高股息30,27,10,17,元大-和平,2024-06-19,9863
8112,至上,26,9,17,元大-和平,2024-06-19,9863
9105,泰金寶-DR,16,0,16,元大-和平,2024-06-19,9863
4746,台耀,16,1,15,元大-和平,2024-06-19,9863
3062,建漢,79,64,15,元大-和平,2024-06-19,9863
9958,世紀鋼,22,8,14,元大-和平,2024-06-19,9863
00692,富邦公司治理,15,1,14,元大-和平,2024-06-19,9863
5340,建榮,15,1,14,元大-和平,2024-06-19,9863
8277,商丞,15,1,14,元大-和平,2024-06-19,9863
4534,慶騰,15,1,14,元大-和平,2024-06-19,9863
9945,潤泰新,18,5,13,元大-和平,2024-06-19,9863
1612,宏泰,13,0,13,元大-和平,2024-06-19,9863
1532,勤美,12,0,12,元大-和平,2024-06-19,9863
2324,仁寶,18,6,12,元大-和平,2024-06-19,9863
00671R,富邦NASDAQ反1,12,0,12,元大-和平,2024-06-19,9863
2888,新光金,2196,25,2171,元大-和平,2024-06-20,9863
9904,寶成,789,150,639,元大-和平,2024-06-20,9863
00632R,元大台灣50反1,569,0,569,元大-和平,2024-06-20,9863
5469,瀚宇博,463,70,393,元大-和平,2024-06-20,9863
2610,華航,220,0,220,元大-和平,2024-06-20,9863
00933B,國泰10Y+金融債,126,0,126,元大-和平,2024-06-20,9863
00665L,富邦�琤肭磪囓�2,110,0,110,元大-和平,2024-06-20,9863
5443,均豪,116,8,108,元大-和平,2024-06-20,9863
00687B,國泰20年美債,91,0,91,元大-和平,2024-06-20,9863
00720B,元大投資級公司債,154,74,80,元大-和平,2024-06-20,9863
8105,凌巨,81,6,75,元大-和平,2024-06-20,9863
3231,緯創,74,15,59,元大-和平,2024-06-20,9863
3673,TPK-KY,70,12,58,元大-和平,2024-06-20,9863
1201,味全,49,0,49,元大-和平,2024-06-20,9863
2303,聯電,113,66,47,元大-和平,2024-06-20,9863
00946,群益科技高息成長,44,0,44,元大-和平,2024-06-20,9863
00881,國泰台灣5G+,36,0,36,元大-和平,2024-06-20,9863
2330,台積電,37,1,36,元大-和平,2024-06-20,9863
0056,元大高股息,52,17,35,元大-和平,2024-06-20,9863
3202,樺晟,33,0,33,元大-和平,2024-06-20,9863
3264,欣銓,30,1,29,元大-和平,2024-06-20,9863
00753L,中信中國50正2,52,25,27,元大-和平,2024-06-20,9863
00679B,元大美債20年,28,2,26,元大-和平,2024-06-20,9863
2353,宏��,30,8,22,元大-和平,2024-06-20,9863
2356,英業達,72,50,22,元大-和平,2024-06-20,9863
8011,台通,30,9,21,元大-和平,2024-06-20,9863
2359,所羅門,22,2,20,元大-和平,2024-06-20,9863
1584,精剛,20,0,20,元大-和平,2024-06-20,9863
5410,國眾,20,0,20,元大-和平,2024-06-20,9863
00929,復華台灣科技優息,30,10,20,元大-和平,2024-06-20,9863
1342,八貫,19,0,19,元大-和平,2024-06-20,9863
2426,鼎元,20,1,19,元大-和平,2024-06-20,9863
6190,萬泰科,18,0,18,元大-和平,2024-06-20,9863
3081,聯亞,21,4,17,元大-和平,2024-06-20,9863
8064,東捷,35,18,17,元大-和平,2024-06-20,9863
00752,中信中國50,16,0,16,元大-和平,2024-06-20,9863
3483,力致,22,7,15,元大-和平,2024-06-20,9863
2615,萬海,27,12,15,元大-和平,2024-06-20,9863
6153,嘉聯益,15,0,15,元大-和平,2024-06-20,9863
00940,元大台灣價值高息,58,45,13,元大-和平,2024-06-20,9863
2515,中工,12,0,12,元大-和平,2024-06-20,9863
2495,普安,14,2,12,元大-和平,2024-06-20,9863
9945,潤泰新,13,2,11,元大-和平,2024-06-20,9863
00947,台新臺灣IC設計,11,0,11,元大-和平,2024-06-20,9863
2438,翔耀,12,1,11,元大-和平,2024-06-20,9863
4915,致伸,11,1,10,元大-和平,2024-06-20,9863
8096,擎亞,28,18,10,元大-和平,2024-06-20,9863
5213,亞昕,20,10,10,元大-和平,2024-06-20,9863
2347,聯強,10,0,10,元大-和平,2024-06-20,9863
00636,國泰中國A50,10,0,10,元大-和平,2024-06-20,9863
00687B,國泰20年美債,408,0,408,元大-和平,2024-06-21,9863
5469,瀚宇博,328,19,309,元大-和平,2024-06-21,9863
00937B,群益ESG投等債20,140,0,140,元大-和平,2024-06-21,9863
9934,成霖,140,0,140,元大-和平,2024-06-21,9863
00665L,富邦�琤肭磪囓�2,200,77,123,元大-和平,2024-06-21,9863
00919,群益台灣精選高息,171,52,119,元大-和平,2024-06-21,9863
8085,福華,131,18,113,元大-和平,2024-06-21,9863
00720B,元大投資級公司債,109,0,109,元大-和平,2024-06-21,9863
912000,晨訊科-DR,176,114,62,元大-和平,2024-06-21,9863
00929,復華台灣科技優息,78,16,62,元大-和平,2024-06-21,9863
6525,捷敏-KY,61,0,61,元大-和平,2024-06-21,9863
2520,冠德,57,1,56,元大-和平,2024-06-21,9863
8105,凌巨,64,8,56,元大-和平,2024-06-21,9863
00751B,元大AAA至A公司債,55,0,55,元大-和平,2024-06-21,9863
00898,國泰基因免疫革命,50,0,50,元大-和平,2024-06-21,9863
2609,陽明,113,68,45,元大-和平,2024-06-21,9863
2449,京元電子,72,30,42,元大-和平,2024-06-21,9863
00948B,中信優息投資級債,52,10,42,元大-和平,2024-06-21,9863
2317,鴻海,54,18,36,元大-和平,2024-06-21,9863
1201,味全,36,0,36,元大-和平,2024-06-21,9863
00946,群益科技高息成長,35,0,35,元大-和平,2024-06-21,9863
2408,南亞科,42,8,34,元大-和平,2024-06-21,9863
2353,宏��,45,14,31,元大-和平,2024-06-21,9863
9945,潤泰新,33,2,31,元大-和平,2024-06-21,9863
2330,台積電,33,3,30,元大-和平,2024-06-21,9863
8040,九暘,30,0,30,元大-和平,2024-06-21,9863
2745,五福,35,6,29,元大-和平,2024-06-21,9863
2382,廣達,61,33,28,元大-和平,2024-06-21,9863
2324,仁寶,25,0,25,元大-和平,2024-06-21,9863
00881,國泰台灣5G+,23,0,23,元大-和平,2024-06-21,9863
00904,新光臺灣半導體30,23,0,23,元大-和平,2024-06-21,9863
1309,台達化,28,6,22,元大-和平,2024-06-21,9863
00936,台新永續高息中小,21,0,21,元大-和平,2024-06-21,9863
3673,TPK-KY,30,9,21,元大-和平,2024-06-21,9863
3380,明泰,19,0,19,元大-和平,2024-06-21,9863
00830,國泰費城半導體,28,10,18,元大-和平,2024-06-21,9863
1301,台塑,19,1,18,元大-和平,2024-06-21,9863
1504,東元,18,0,18,元大-和平,2024-06-21,9863
00882,中信中國高股息,17,0,17,元大-和平,2024-06-21,9863
00712,復華富時不動產,15,0,15,元大-和平,2024-06-21,9863
2329,華泰,40,25,15,元大-和平,2024-06-21,9863
00915,凱基優選高股息30,15,1,14,元大-和平,2024-06-21,9863
2303,聯電,21,7,14,元大-和平,2024-06-21,9863
2316,楠梓電,20,6,14,元大-和平,2024-06-21,9863
4746,台耀,14,0,14,元大-和平,2024-06-21,9863
8039,台虹,17,3,14,元大-和平,2024-06-21,9863
00891,中信關鍵半導體,14,0,14,元大-和平,2024-06-21,9863
00679B,元大美債20年,23,10,13,元大-和平,2024-06-21,9863
4909,新復興,14,2,12,元大-和平,2024-06-21,9863
00933B,國泰10Y+金融債,12,0,12,元大-和平,2024-06-21,9863
00919,群益台灣精選高息,2040,93,1947,元大-和平,2024-06-24,9863
5469,瀚宇博,707,0,707,元大-和平,2024-06-24,9863
3481,群創,343,192,151,元大-和平,2024-06-24,9863
00929,復華台灣科技優息,126,12,114,元大-和平,2024-06-24,9863
2353,宏��,82,3,79,元大-和平,2024-06-24,9863
2347,聯強,61,0,61,元大-和平,2024-06-24,9863
00946,群益科技高息成長,64,10,54,元大-和平,2024-06-24,9863
2609,陽明,68,21,47,元大-和平,2024-06-24,9863
2382,廣達,62,17,45,元大-和平,2024-06-24,9863
00720B,元大投資級公司債,52,7,45,元大-和平,2024-06-24,9863
1785,光洋科,81,36,45,元大-和平,2024-06-24,9863
00948B,中信優息投資級債,44,2,42,元大-和平,2024-06-24,9863
2330,台積電,48,6,42,元大-和平,2024-06-24,9863
1201,味全,38,0,38,元大-和平,2024-06-24,9863
2317,鴻海,59,22,37,元大-和平,2024-06-24,9863
2883,凱基金,36,0,36,元大-和平,2024-06-24,9863
2888,新光金,137,101,36,元大-和平,2024-06-24,9863
9105,泰金寶-DR,30,1,29,元大-和平,2024-06-24,9863
00881,國泰台灣5G+,30,1,29,元大-和平,2024-06-24,9863
1802,台玻,26,0,26,元大-和平,2024-06-24,9863
1316,上曜,30,5,25,元大-和平,2024-06-24,9863
8070,長華*,25,0,25,元大-和平,2024-06-24,9863
4971,IET-KY,24,0,24,元大-和平,2024-06-24,9863
6205,詮欣,22,0,22,元大-和平,2024-06-24,9863
3706,神達,21,0,21,元大-和平,2024-06-24,9863
2615,萬海,30,9,21,元大-和平,2024-06-24,9863
5443,均豪,53,32,21,元大-和平,2024-06-24,9863
00940,元大台灣價值高息,112,92,20,元大-和平,2024-06-24,9863
00637L,元大滬深300正2,20,0,20,元大-和平,2024-06-24,9863
2438,翔耀,23,3,20,元大-和平,2024-06-24,9863
3049,精金,20,0,20,元大-和平,2024-06-24,9863
4534,慶騰,20,0,20,元大-和平,2024-06-24,9863
6182,合晶,20,0,20,元大-和平,2024-06-24,9863
3062,建漢,45,27,18,元大-和平,2024-06-24,9863
3202,樺晟,18,0,18,元大-和平,2024-06-24,9863
00936,台新永續高息中小,17,0,17,元大-和平,2024-06-24,9863
00918,大華優利高填息30,26,10,16,元大-和平,2024-06-24,9863
1409,新纖,23,8,15,元大-和平,2024-06-24,9863
2885,元大金,20,5,15,元大-和平,2024-06-24,9863
1303,南亞,14,0,14,元大-和平,2024-06-24,9863
0056,元大高股息,19,5,14,元大-和平,2024-06-24,9863
3081,聯亞,13,0,13,元大-和平,2024-06-24,9863
00712,復華富時不動產,17,4,13,元大-和平,2024-06-24,9863
00937B,群益ESG投等債20,21,8,13,元大-和平,2024-06-24,9863
00679B,元大美債20年,17,4,13,元大-和平,2024-06-24,9863
3376,新日興,12,0,12,元大-和平,2024-06-24,9863
4967,十銓,28,16,12,元大-和平,2024-06-24,9863
00751B,元大AAA至A公司債,12,1,11,元大-和平,2024-06-24,9863
3047,訊舟,12,1,11,元大-和平,2024-06-24,9863
3231,緯創,31,20,11,元大-和平,2024-06-24,9863
3481,群創,435,73,362,元大-和平,2024-06-25,9863
2409,友達,132,1,131,元大-和平,2024-06-25,9863
3665,貿聯-KY,112,0,112,元大-和平,2024-06-25,9863
5469,瀚宇博,381,290,91,元大-和平,2024-06-25,9863
912000,晨訊科-DR,248,187,61,元大-和平,2024-06-25,9863
3081,聯亞,66,5,61,元大-和平,2024-06-25,9863
2723,美食-KY,52,0,52,元大-和平,2024-06-25,9863
00751B,元大AAA至A公司債,48,5,43,元大-和平,2024-06-25,9863
4105,東洋,40,0,40,元大-和平,2024-06-25,9863
2888,新光金,137,98,39,元大-和平,2024-06-25,9863
1201,味全,37,0,37,元大-和平,2024-06-25,9863
00679B,元大美債20年,32,0,32,元大-和平,2024-06-25,9863
2492,華新科,30,1,29,元大-和平,2024-06-25,9863
5388,中磊,28,0,28,元大-和平,2024-06-25,9863
3580,友威科,40,15,25,元大-和平,2024-06-25,9863
2330,台積電,27,3,24,元大-和平,2024-06-25,9863
00795B,中信美國公債20年,22,0,22,元大-和平,2024-06-25,9863
6116,彩晶,21,0,21,元大-和平,2024-06-25,9863
2317,鴻海,56,36,20,元大-和平,2024-06-25,9863
1437,勤益控,20,0,20,元大-和平,2024-06-25,9863
3321,同泰,20,0,20,元大-和平,2024-06-25,9863
8201,無敵,19,0,19,元大-和平,2024-06-25,9863
2324,仁寶,19,2,17,元大-和平,2024-06-25,9863
3218,大學光,16,0,16,元大-和平,2024-06-25,9863
2382,廣達,45,29,16,元大-和平,2024-06-25,9863
3037,欣興,17,2,15,元大-和平,2024-06-25,9863
8105,凌巨,44,29,15,元大-和平,2024-06-25,9863
2883,凱基金,25,10,15,元大-和平,2024-06-25,9863
6957,裕慶-KY,14,0,14,元大-和平,2024-06-25,9863
8033,雷虎,14,1,13,元大-和平,2024-06-25,9863
1109,信大,13,0,13,元大-和平,2024-06-25,9863
1802,台玻,13,0,13,元大-和平,2024-06-25,9863
3167,大量,13,0,13,元大-和平,2024-06-25,9863
2641,正德,12,0,12,元大-和平,2024-06-25,9863
6153,嘉聯益,14,2,12,元大-和平,2024-06-25,9863
00939,統一台灣高息動能,23,12,11,元大-和平,2024-06-25,9863
2393,億光,11,0,11,元大-和平,2024-06-25,9863
3663,鑫科,12,1,11,元大-和平,2024-06-25,9863
1608,華榮,11,1,10,元大-和平,2024-06-25,9863
00946,群益科技高息成長,10,0,10,元大-和平,2024-06-25,9863
1722,台肥,10,0,10,元大-和平,2024-06-25,9863
2353,宏��,13,3,10,元大-和平,2024-06-25,9863
2355,敬鵬,19,9,10,元大-和平,2024-06-25,9863
6165,浪凡,10,0,10,元大-和平,2024-06-25,9863
1476,儒鴻,11,1,10,元大-和平,2024-06-25,9863
00918,大華優利高填息30,9,0,9,元大-和平,2024-06-25,9863
2377,微星,9,0,9,元大-和平,2024-06-25,9863
9958,世紀鋼,21,12,9,元大-和平,2024-06-25,9863
8110,華東,13,4,9,元大-和平,2024-06-25,9863
00662,富邦NASDAQ,9,0,9,元大-和平,2024-06-25,9863
2888,新光金,1013,2,1011,元大-和平,2024-06-26,9863
2409,友達,185,3,182,元大-和平,2024-06-26,9863
00632R,元大台灣50反1,575,400,175,元大-和平,2024-06-26,9863
9934,成霖,165,0,165,元大-和平,2024-06-26,9863
3264,欣銓,151,0,151,元大-和平,2024-06-26,9863
00946,群益科技高息成長,141,1,140,元大-和平,2024-06-26,9863
4958,臻鼎-KY,116,0,116,元大-和平,2024-06-26,9863
9904,寶成,104,5,99,元大-和平,2024-06-26,9863
2313,華通,109,14,95,元大-和平,2024-06-26,9863
2312,金寶,108,16,92,元大-和平,2024-06-26,9863
00687B,國泰20年美債,90,2,88,元大-和平,2024-06-26,9863
5213,亞昕,78,6,72,元大-和平,2024-06-26,9863
00919,群益台灣精選高息,83,14,69,元大-和平,2024-06-26,9863
3481,群創,137,73,64,元大-和平,2024-06-26,9863
2882,國泰金,58,4,54,元大-和平,2024-06-26,9863
00929,復華台灣科技優息,56,3,53,元大-和平,2024-06-26,9863
2542,興富發,51,0,51,元大-和平,2024-06-26,9863
8076,伍豐,70,19,51,元大-和平,2024-06-26,9863
1201,味全,50,0,50,元大-和平,2024-06-26,9863
1802,台玻,50,0,50,元大-和平,2024-06-26,9863
3217,優群,62,14,48,元大-和平,2024-06-26,9863
00918,大華優利高填息30,44,0,44,元大-和平,2024-06-26,9863
2406,國碩,70,26,44,元大-和平,2024-06-26,9863
00935,野村臺灣新科技50,60,17,43,元大-和平,2024-06-26,9863
2885,元大金,41,0,41,元大-和平,2024-06-26,9863
2495,普安,63,22,41,元大-和平,2024-06-26,9863
5469,瀚宇博,40,0,40,元大-和平,2024-06-26,9863
2834,臺企銀,39,0,39,元大-和平,2024-06-26,9863
6449,鈺邦,41,3,38,元大-和平,2024-06-26,9863
2609,陽明,44,9,35,元大-和平,2024-06-26,9863
00944,野村趨勢動能高息,35,0,35,元大-和平,2024-06-26,9863
1714,和桐,35,0,35,元大-和平,2024-06-26,9863
2603,長榮,29,0,29,元大-和平,2024-06-26,9863
00878,國泰永續高股息,30,5,25,元大-和平,2024-06-26,9863
00940,元大台灣價值高息,130,108,22,元大-和平,2024-06-26,9863
00937B,群益ESG投等債20,22,0,22,元大-和平,2024-06-26,9863
2002,中鋼,27,6,21,元大-和平,2024-06-26,9863
5607,遠雄港,21,0,21,元大-和平,2024-06-26,9863
1301,台塑,24,4,20,元大-和平,2024-06-26,9863
1722,台肥,20,0,20,元大-和平,2024-06-26,9863
2723,美食-KY,30,10,20,元大-和平,2024-06-26,9863
2906,高林,20,0,20,元大-和平,2024-06-26,9863
6683,雍智科技,21,1,20,元大-和平,2024-06-26,9863
4743,合一,22,3,19,元大-和平,2024-06-26,9863
6525,捷敏-KY,19,0,19,元大-和平,2024-06-26,9863
4526,東台,32,15,17,元大-和平,2024-06-26,9863
3406,玉晶光,16,0,16,元大-和平,2024-06-26,9863
1609,大亞,30,14,16,元大-和平,2024-06-26,9863
8112,至上,16,1,15,元大-和平,2024-06-26,9863
3694,海華,19,4,15,元大-和平,2024-06-26,9863
9934,成霖,623,0,623,元大-和平,2024-06-27,9863
9904,寶成,554,120,434,元大-和平,2024-06-27,9863
00940,元大台灣價值高息,449,81,368,元大-和平,2024-06-27,9863
00665L,富邦�琤肭磪囓�2,170,0,170,元大-和平,2024-06-27,9863
00687B,國泰20年美債,165,24,141,元大-和平,2024-06-27,9863
00937B,群益ESG投等債20,132,0,132,元大-和平,2024-06-27,9863
00751B,元大AAA至A公司債,122,5,117,元大-和平,2024-06-27,9863
2885,元大金,109,6,103,元大-和平,2024-06-27,9863
5243,乙盛-KY,109,23,86,元大-和平,2024-06-27,9863
2723,美食-KY,85,0,85,元大-和平,2024-06-27,9863
6443,元晶,99,20,79,元大-和平,2024-06-27,9863
00679B,元大美債20年,82,10,72,元大-和平,2024-06-27,9863
00946,群益科技高息成長,60,0,60,元大-和平,2024-06-27,9863
2409,友達,62,4,58,元大-和平,2024-06-27,9863
3055,蔚華科,79,22,57,元大-和平,2024-06-27,9863
1201,味全,50,0,50,元大-和平,2024-06-27,9863
3481,群創,89,39,50,元大-和平,2024-06-27,9863
2888,新光金,54,9,45,元大-和平,2024-06-27,9863
00948B,中信優息投資級債,43,0,43,元大-和平,2024-06-27,9863
0056,元大高股息,33,1,32,元大-和平,2024-06-27,9863
00919,群益台灣精選高息,38,7,31,元大-和平,2024-06-27,9863
4167,松瑞藥,66,35,31,元大-和平,2024-06-27,9863
4976,佳凌,34,3,31,元大-和平,2024-06-27,9863
3705,永信,31,0,31,元大-和平,2024-06-27,9863
00720B,元大投資級公司債,30,1,29,元大-和平,2024-06-27,9863
00929,復華台灣科技優息,25,0,25,元大-和平,2024-06-27,9863
00753L,中信中國50正2,27,2,25,元大-和平,2024-06-27,9863
1785,光洋科,29,4,25,元大-和平,2024-06-27,9863
00936,台新永續高息中小,24,1,23,元大-和平,2024-06-27,9863
5213,亞昕,26,3,23,元大-和平,2024-06-27,9863
3163,波若威,30,8,22,元大-和平,2024-06-27,9863
6806,森崴能源,45,25,20,元大-和平,2024-06-27,9863
2401,凌陽,20,1,19,元大-和平,2024-06-27,9863
4114,健喬,19,0,19,元大-和平,2024-06-27,9863
3217,優群,19,1,18,元大-和平,2024-06-27,9863
2367,燿華,18,0,18,元大-和平,2024-06-27,9863
5706,鳳凰,18,0,18,元大-和平,2024-06-27,9863
6244,茂迪,36,19,17,元大-和平,2024-06-27,9863
00795B,中信美國公債20年,16,0,16,元大-和平,2024-06-27,9863
5443,均豪,19,4,15,元大-和平,2024-06-27,9863
00680L,元大美債20正2,15,0,15,元大-和平,2024-06-27,9863
6449,鈺邦,15,0,15,元大-和平,2024-06-27,9863
00878,國泰永續高股息,13,0,13,元大-和平,2024-06-27,9863
4153,鈺緯,13,0,13,元大-和平,2024-06-27,9863
00927,群益半導體收益,12,0,12,元大-和平,2024-06-27,9863
3580,友威科,20,8,12,元大-和平,2024-06-27,9863
3653,健策,12,0,12,元大-和平,2024-06-27,9863
00713,元大台灣高息低波,11,0,11,元大-和平,2024-06-27,9863
3665,貿聯-KY,22,11,11,元大-和平,2024-06-27,9863
2892,第一金,11,0,11,元大-和平,2024-06-27,9863
00632R,元大台灣50反1,910,5,905,元大-和平,2024-06-28,9863
4707,磐亞,275,0,275,元大-和平,2024-06-28,9863
3264,欣銓,258,0,258,元大-和平,2024-06-28,9863
00687B,國泰20年美債,200,0,200,元大-和平,2024-06-28,9863
3481,群創,141,25,116,元大-和平,2024-06-28,9863
2883,凱基金,83,2,81,元大-和平,2024-06-28,9863
2618,長榮航,60,5,55,元大-和平,2024-06-28,9863
1201,味全,52,0,52,元大-和平,2024-06-28,9863
3706,神達,41,0,41,元大-和平,2024-06-28,9863
5607,遠雄港,40,0,40,元大-和平,2024-06-28,9863
2723,美食-KY,39,0,39,元大-和平,2024-06-28,9863
00929,復華台灣科技優息,41,4,37,元大-和平,2024-06-28,9863
2312,金寶,41,5,36,元大-和平,2024-06-28,9863
6788,華景電,35,0,35,元大-和平,2024-06-28,9863
2609,陽明,42,10,32,元大-和平,2024-06-28,9863
1603,華電,32,1,31,元大-和平,2024-06-28,9863
2429,銘旺科,30,0,30,元大-和平,2024-06-28,9863
2406,國碩,75,49,26,元大-和平,2024-06-28,9863
00881,國泰台灣5G+,50,24,26,元大-和平,2024-06-28,9863
6895,宏碩系統,25,0,25,元大-和平,2024-06-28,9863
00679B,元大美債20年,24,0,24,元大-和平,2024-06-28,9863
00720B,元大投資級公司債,24,0,24,元大-和平,2024-06-28,9863
00751B,元大AAA至A公司債,23,0,23,元大-和平,2024-06-28,9863
2031,新光鋼,22,0,22,元大-和平,2024-06-28,9863
3545,敦泰,22,0,22,元大-和平,2024-06-28,9863
00937B,群益ESG投等債20,21,1,20,元大-和平,2024-06-28,9863
8464,億豐,20,0,20,元大-和平,2024-06-28,9863
2101,南港,20,1,19,元大-和平,2024-06-28,9863
2324,仁寶,19,0,19,元大-和平,2024-06-28,9863
3055,蔚華科,32,14,18,元大-和平,2024-06-28,9863
2303,聯電,16,0,16,元大-和平,2024-06-28,9863
00885,富邦越南,30,14,16,元大-和平,2024-06-28,9863
1781,合世,17,1,16,元大-和平,2024-06-28,9863
6202,盛群,15,0,15,元大-和平,2024-06-28,9863
3711,日月光投控,15,0,15,元大-和平,2024-06-28,9863
00946,群益科技高息成長,15,0,15,元大-和平,2024-06-28,9863
00713,元大台灣高息低波,13,0,13,元大-和平,2024-06-28,9863
2352,佳世達,13,0,13,元大-和平,2024-06-28,9863
3665,貿聯-KY,14,1,13,元大-和平,2024-06-28,9863
6477,安集,14,1,13,元大-和平,2024-06-28,9863
6166,凌華,26,14,12,元大-和平,2024-06-28,9863
8105,凌巨,16,4,12,元大-和平,2024-06-28,9863
1611,中電,21,10,11,元大-和平,2024-06-28,9863
8070,長華*,12,1,11,元大-和平,2024-06-28,9863
00753L,中信中國50正2,17,6,11,元大-和平,2024-06-28,9863
00919,群益台灣精選高息,10,0,10,元大-和平,2024-06-28,9863
1504,東元,10,0,10,元大-和平,2024-06-28,9863
9927,泰銘,10,0,10,元大-和平,2024-06-28,9863
2882,國泰金,17,8,9,元大-和平,2024-06-28,9863
3231,緯創,10,1,9,元大-和平,2024-06-28,9863
00937B,群益ESG投等債20,207,3,204,元大-和平,2024-07-01,9863
00687B,國泰20年美債,165,0,165,元大-和平,2024-07-01,9863
9904,寶成,143,1,142,元大-和平,2024-07-01,9863
00751B,元大AAA至A公司債,139,0,139,元大-和平,2024-07-01,9863
00679B,元大美債20年,135,0,135,元大-和平,2024-07-01,9863
3481,群創,117,5,112,元大-和平,2024-07-01,9863
4938,和碩,109,2,107,元大-和平,2024-07-01,9863
3338,泰碩,95,5,90,元大-和平,2024-07-01,9863
00929,復華台灣科技優息,78,18,60,元大-和平,2024-07-01,9863
00949,復華日本龍頭,60,0,60,元大-和平,2024-07-01,9863
2723,美食-KY,50,0,50,元大-和平,2024-07-01,9863
0056,元大高股息,48,5,43,元大-和平,2024-07-01,9863
00680L,元大美債20正2,49,13,36,元大-和平,2024-07-01,9863
2365,昆盈,74,41,33,元大-和平,2024-07-01,9863
3296,勝德,35,4,31,元大-和平,2024-07-01,9863
00720B,元大投資級公司債,30,0,30,元大-和平,2024-07-01,9863
9934,成霖,30,0,30,元大-和平,2024-07-01,9863
5203,訊連,25,0,25,元大-和平,2024-07-01,9863
00948B,中信優息投資級債,25,0,25,元大-和平,2024-07-01,9863
4977,眾達-KY,22,0,22,元大-和平,2024-07-01,9863
2312,金寶,23,2,21,元大-和平,2024-07-01,9863
2340,台亞,20,0,20,元大-和平,2024-07-01,9863
2543,皇昌,21,1,20,元大-和平,2024-07-01,9863
3037,欣興,21,1,20,元大-和平,2024-07-01,9863
00664R,國泰臺灣加權反1,19,0,19,元大-和平,2024-07-01,9863
2438,翔耀,19,0,19,元大-和平,2024-07-01,9863
2609,陽明,32,15,17,元大-和平,2024-07-01,9863
3163,波若威,19,2,17,元大-和平,2024-07-01,9863
4114,健喬,16,0,16,元大-和平,2024-07-01,9863
3024,憶聲,23,8,15,元大-和平,2024-07-01,9863
6188,廣明,19,5,14,元大-和平,2024-07-01,9863
8070,長華*,15,1,14,元大-和平,2024-07-01,9863
2401,凌陽,13,0,13,元大-和平,2024-07-01,9863
1326,台化,12,0,12,元大-和平,2024-07-01,9863
2367,燿華,12,0,12,元大-和平,2024-07-01,9863
2472,立隆電,13,1,12,元大-和平,2024-07-01,9863
5392,能率,12,0,12,元大-和平,2024-07-01,9863
2615,萬海,24,13,11,元大-和平,2024-07-01,9863
2374,佳能,17,6,11,元大-和平,2024-07-01,9863
6547,高端疫苗,11,0,11,元大-和平,2024-07-01,9863
1709,和益,11,0,11,元大-和平,2024-07-01,9863
00942B,台新美A公司債20+,11,0,11,元大-和平,2024-07-01,9863
3362,先進光,11,0,11,元大-和平,2024-07-01,9863
5871,中租-KY,12,1,11,元大-和平,2024-07-01,9863
00933B,國泰10Y+金融債,10,0,10,元大-和平,2024-07-01,9863
1611,中電,10,0,10,元大-和平,2024-07-01,9863
1717,長興,10,0,10,元大-和平,2024-07-01,9863
1815,富喬,14,4,10,元大-和平,2024-07-01,9863
6244,茂迪,15,5,10,元大-和平,2024-07-01,9863
9910,豐泰,10,0,10,元大-和平,2024-07-01,9863
9934,成霖,514,20,494,元大-和平,2024-07-02,9863
00687B,國泰20年美債,412,0,412,元大-和平,2024-07-02,9863
3481,群創,194,15,179,元大-和平,2024-07-02,9863
00751B,元大AAA至A公司債,153,0,153,元大-和平,2024-07-02,9863
2303,聯電,171,25,146,元大-和平,2024-07-02,9863
2312,金寶,127,2,125,元大-和平,2024-07-02,9863
1806,冠軍,121,3,118,元大-和平,2024-07-02,9863
00665L,富邦�琤肭磪囓�2,130,20,110,元大-和平,2024-07-02,9863
2317,鴻海,144,50,94,元大-和平,2024-07-02,9863
00934,中信成長高股息,90,0,90,元大-和平,2024-07-02,9863
5324,士開,80,0,80,元大-和平,2024-07-02,9863
2610,華航,159,89,70,元大-和平,2024-07-02,9863
3264,欣銓,74,5,69,元大-和平,2024-07-02,9863
00679B,元大美債20年,83,20,63,元大-和平,2024-07-02,9863
00712,復華富時不動產,76,13,63,元大-和平,2024-07-02,9863
00937B,群益ESG投等債20,76,15,61,元大-和平,2024-07-02,9863
2723,美食-KY,61,0,61,元大-和平,2024-07-02,9863
6443,元晶,86,36,50,元大-和平,2024-07-02,9863
6285,啟��,48,0,48,元大-和平,2024-07-02,9863
3520,華盈,46,0,46,元大-和平,2024-07-02,9863
912000,晨訊科-DR,99,53,46,元大-和平,2024-07-02,9863
0056,元大高股息,42,3,39,元大-和平,2024-07-02,9863
2324,仁寶,41,3,38,元大-和平,2024-07-02,9863
8112,至上,37,0,37,元大-和平,2024-07-02,9863
6505,台塑化,37,0,37,元大-和平,2024-07-02,9863
00919,群益台灣精選高息,62,25,37,元大-和平,2024-07-02,9863
00929,復華台灣科技優息,101,66,35,元大-和平,2024-07-02,9863
1529,樂事綠能,30,0,30,元大-和平,2024-07-02,9863
6788,華景電,27,1,26,元大-和平,2024-07-02,9863
00936,台新永續高息中小,25,0,25,元大-和平,2024-07-02,9863
1785,光洋科,24,0,24,元大-和平,2024-07-02,9863
1784,訊聯,28,4,24,元大-和平,2024-07-02,9863
4566,時碩工業,36,13,23,元大-和平,2024-07-02,9863
9105,泰金寶-DR,24,2,22,元大-和平,2024-07-02,9863
2365,昆盈,38,16,22,元大-和平,2024-07-02,9863
00688L,國泰20年美債正2,20,0,20,元大-和平,2024-07-02,9863
2820,華票,20,0,20,元大-和平,2024-07-02,9863
00885,富邦越南,20,1,19,元大-和平,2024-07-02,9863
00946,群益科技高息成長,24,5,19,元大-和平,2024-07-02,9863
2882,國泰金,21,2,19,元大-和平,2024-07-02,9863
6139,亞翔,27,11,16,元大-和平,2024-07-02,9863
6188,廣明,25,9,16,元大-和平,2024-07-02,9863
2392,正崴,17,1,16,元大-和平,2024-07-02,9863
3163,波若威,20,5,15,元大-和平,2024-07-02,9863
5234,達興材料,15,0,15,元大-和平,2024-07-02,9863
6776,展�眥篕�,15,0,15,元大-和平,2024-07-02,9863
00673R,期元大S＆P原油反1,13,0,13,元大-和平,2024-07-02,9863
2614,東森,20,7,13,元大-和平,2024-07-02,9863
9945,潤泰新,13,0,13,元大-和平,2024-07-02,9863
00949,復華日本龍頭,12,0,12,元大-和平,2024-07-02,9863
00632R,元大台灣50反1,200,0,200,元大-和平,2024-07-03,9863
8938,明安,151,0,151,元大-和平,2024-07-03,9863
2801,彰銀,125,20,105,元大-和平,2024-07-03,9863
3062,建漢,60,4,56,元大-和平,2024-07-03,9863
2723,美食-KY,40,0,40,元大-和平,2024-07-03,9863
00934,中信成長高股息,39,0,39,元大-和平,2024-07-03,9863
9934,成霖,52,14,38,元大-和平,2024-07-03,9863
3380,明泰,38,1,37,元大-和平,2024-07-03,9863
6244,茂迪,50,13,37,元大-和平,2024-07-03,9863
2317,鴻海,45,9,36,元大-和平,2024-07-03,9863
6282,康舒,43,9,34,元大-和平,2024-07-03,9863
2337,旺宏,53,21,32,元大-和平,2024-07-03,9863
00687B,國泰20年美債,32,1,31,元大-和平,2024-07-03,9863
4720,德淵,31,0,31,元大-和平,2024-07-03,9863
00937B,群益ESG投等債20,33,5,28,元大-和平,2024-07-03,9863
2367,燿華,61,33,28,元大-和平,2024-07-03,9863
2603,長榮,30,3,27,元大-和平,2024-07-03,9863
5347,世界,32,5,27,元大-和平,2024-07-03,9863
3050,鈺德,54,27,27,元大-和平,2024-07-03,9863
00919,群益台灣精選高息,30,3,27,元大-和平,2024-07-03,9863
1799,易威,22,0,22,元大-和平,2024-07-03,9863
4915,致伸,22,0,22,元大-和平,2024-07-03,9863
9105,泰金寶-DR,25,5,20,元大-和平,2024-07-03,9863
2204,中華,20,1,19,元大-和平,2024-07-03,9863
6160,欣技,20,1,19,元大-和平,2024-07-03,9863
8070,長華*,18,0,18,元大-和平,2024-07-03,9863
2610,華航,20,4,16,元大-和平,2024-07-03,9863
3005,神基,25,10,15,元大-和平,2024-07-03,9863
6788,華景電,16,1,15,元大-和平,2024-07-03,9863
3576,聯合再生,31,17,14,元大-和平,2024-07-03,9863
2609,陽明,25,11,14,元大-和平,2024-07-03,9863
2891,中信金,20,6,14,元大-和平,2024-07-03,9863
2392,正崴,19,5,14,元大-和平,2024-07-03,9863
00927,群益半導體收益,13,0,13,元大-和平,2024-07-03,9863
6443,元晶,57,45,12,元大-和平,2024-07-03,9863
8096,擎亞,12,0,12,元大-和平,2024-07-03,9863
00946,群益科技高息成長,22,10,12,元大-和平,2024-07-03,9863
2419,仲琦,18,6,12,元大-和平,2024-07-03,9863
5351,鈺創,12,0,12,元大-和平,2024-07-03,9863
2402,毅嘉,24,13,11,元大-和平,2024-07-03,9863
2641,正德,21,10,11,元大-和平,2024-07-03,9863
1609,大亞,11,0,11,元大-和平,2024-07-03,9863
9955,佳龍,12,1,11,元大-和平,2024-07-03,9863
00830,國泰費城半導體,13,2,11,元大-和平,2024-07-03,9863
1608,華榮,12,1,11,元大-和平,2024-07-03,9863
2374,佳能,12,1,11,元大-和平,2024-07-03,9863
4533,協易機,21,10,11,元大-和平,2024-07-03,9863
8085,福華,18,7,11,元大-和平,2024-07-03,9863
00725B,國泰投資級公司債,10,0,10,元大-和平,2024-07-03,9863
00679B,元大美債20年,18,8,10,元大-和平,2024-07-03,9863
00632R,元大台灣50反1,1350,2,1348,元大-和平,2024-07-04,9863
00637L,元大滬深300正2,301,41,260,元大-和平,2024-07-04,9863
9934,成霖,255,42,213,元大-和平,2024-07-04,9863
9105,泰金寶-DR,118,0,118,元大-和平,2024-07-04,9863
00633L,富邦上証正2,100,0,100,元大-和平,2024-07-04,9863
2332,友訊,92,0,92,元大-和平,2024-07-04,9863
2883,凱基金,165,74,91,元大-和平,2024-07-04,9863
1609,大亞,96,20,76,元大-和平,2024-07-04,9863
9945,潤泰新,74,3,71,元大-和平,2024-07-04,9863
00933B,國泰10Y+金融債,61,0,61,元大-和平,2024-07-04,9863
6127,九豪,55,3,52,元大-和平,2024-07-04,9863
6753,龍德造船,52,1,51,元大-和平,2024-07-04,9863
00898,國泰基因免疫革命,50,0,50,元大-和平,2024-07-04,9863
2101,南港,51,1,50,元大-和平,2024-07-04,9863
3673,TPK-KY,63,14,49,元大-和平,2024-07-04,9863
912000,晨訊科-DR,48,0,48,元大-和平,2024-07-04,9863
3706,神達,51,5,46,元大-和平,2024-07-04,9863
00918,大華優利高填息30,55,9,46,元大-和平,2024-07-04,9863
2412,中華電,47,1,46,元大-和平,2024-07-04,9863
2609,陽明,43,8,35,元大-和平,2024-07-04,9863
00934,中信成長高股息,33,0,33,元大-和平,2024-07-04,9863
1316,上曜,30,0,30,元大-和平,2024-07-04,9863
6282,康舒,32,3,29,元大-和平,2024-07-04,9863
2382,廣達,30,2,28,元大-和平,2024-07-04,9863
00850,元大臺灣ESG永續,27,0,27,元大-和平,2024-07-04,9863
00937B,群益ESG投等債20,31,6,25,元大-和平,2024-07-04,9863
8105,凌巨,25,0,25,元大-和平,2024-07-04,9863
6698,旭暉應材,23,1,22,元大-和平,2024-07-04,9863
6446,藥華藥,23,2,21,元大-和平,2024-07-04,9863
2405,輔信,24,3,21,元大-和平,2024-07-04,9863
1701,中化,19,0,19,元大-和平,2024-07-04,9863
2367,燿華,20,1,19,元大-和平,2024-07-04,9863
2324,仁寶,19,1,18,元大-和平,2024-07-04,9863
3450,聯鈞,44,26,18,元大-和平,2024-07-04,9863
2327,國巨,20,2,18,元大-和平,2024-07-04,9863
5443,均豪,35,18,17,元大-和平,2024-07-04,9863
4566,時碩工業,25,8,17,元大-和平,2024-07-04,9863
3047,訊舟,32,16,16,元大-和平,2024-07-04,9863
2449,京元電子,32,17,15,元大-和平,2024-07-04,9863
2610,華航,21,6,15,元大-和平,2024-07-04,9863
00687B,國泰20年美債,15,0,15,元大-和平,2024-07-04,9863
1563,巧新,20,5,15,元大-和平,2024-07-04,9863
00751B,元大AAA至A公司債,14,0,14,元大-和平,2024-07-04,9863
2313,華通,22,8,14,元大-和平,2024-07-04,9863
2486,一詮,16,2,14,元大-和平,2024-07-04,9863
3264,欣銓,14,0,14,元大-和平,2024-07-04,9863
6147,頎邦,15,1,14,元大-和平,2024-07-04,9863
6937,天虹,14,1,13,元大-和平,2024-07-04,9863
8085,福華,44,31,13,元大-和平,2024-07-04,9863
00915,凱基優選高股息30,12,0,12,元大-和平,2024-07-04,9863
5469,瀚宇博,291,82,209,元大-和平,2024-07-05,9863
1609,大亞,104,0,104,元大-和平,2024-07-05,9863
2492,華新科,100,2,98,元大-和平,2024-07-05,9863
2332,友訊,92,1,91,元大-和平,2024-07-05,9863
2367,燿華,147,59,88,元大-和平,2024-07-05,9863
2618,長榮航,113,39,74,元大-和平,2024-07-05,9863
2516,新建,64,0,64,元大-和平,2024-07-05,9863
00637L,元大滬深300正2,81,20,61,元大-和平,2024-07-05,9863
00940,元大台灣價值高息,63,2,61,元大-和平,2024-07-05,9863
00633L,富邦上証正2,56,0,56,元大-和平,2024-07-05,9863
0056,元大高股息,59,6,53,元大-和平,2024-07-05,9863
00665L,富邦�琤肭磪囓�2,50,0,50,元大-和平,2024-07-05,9863
3008,大立光,51,1,50,元大-和平,2024-07-05,9863
2349,錸德,59,15,44,元大-和平,2024-07-05,9863
912000,晨訊科-DR,89,46,43,元大-和平,2024-07-05,9863
3231,緯創,66,23,43,元大-和平,2024-07-05,9863
6757,台灣虎航,34,2,32,元大-和平,2024-07-05,9863
2603,長榮,33,3,30,元大-和平,2024-07-05,9863
6753,龍德造船,33,5,28,元大-和平,2024-07-05,9863
00679B,元大美債20年,27,0,27,元大-和平,2024-07-05,9863
2382,廣達,31,5,26,元大-和平,2024-07-05,9863
3037,欣興,26,1,25,元大-和平,2024-07-05,9863
3163,波若威,57,32,25,元大-和平,2024-07-05,9863
2412,中華電,27,4,23,元大-和平,2024-07-05,9863
2820,華票,20,0,20,元大-和平,2024-07-05,9863
8104,錸寶,23,3,20,元大-和平,2024-07-05,9863
6191,精成科,18,0,18,元大-和平,2024-07-05,9863
2913,農林,17,0,17,元大-和平,2024-07-05,9863
5371,中光電,18,2,16,元大-和平,2024-07-05,9863
4906,正文,18,2,16,元大-和平,2024-07-05,9863
2606,裕民,16,1,15,元大-和平,2024-07-05,9863
00680L,元大美債20正2,16,1,15,元大-和平,2024-07-05,9863
3490,單井,23,8,15,元大-和平,2024-07-05,9863
8085,福華,31,17,14,元大-和平,2024-07-05,9863
3706,神達,20,6,14,元大-和平,2024-07-05,9863
2392,正崴,30,17,13,元大-和平,2024-07-05,9863
2009,第一銅,14,1,13,元大-和平,2024-07-05,9863
2726,雅茗-KY,13,0,13,元大-和平,2024-07-05,9863
9105,泰金寶-DR,30,17,13,元大-和平,2024-07-05,9863
2888,新光金,51,38,13,元大-和平,2024-07-05,9863
6115,鎰勝,12,0,12,元大-和平,2024-07-05,9863
00753L,中信中國50正2,12,0,12,元大-和平,2024-07-05,9863
00937B,群益ESG投等債20,12,0,12,元大-和平,2024-07-05,9863
6901,鑽石投資,16,4,12,元大-和平,2024-07-05,9863
2301,光寶科,13,2,11,元大-和平,2024-07-05,9863
8383,千附,14,3,11,元大-和平,2024-07-05,9863
3455,由田,14,3,11,元大-和平,2024-07-05,9863
00934,中信成長高股息,11,0,11,元大-和平,2024-07-05,9863
3293,鈊象,11,0,11,元大-和平,2024-07-05,9863
1504,東元,27,16,11,元大-和平,2024-07-05,9863
00632R,元大台灣50反1,1001,111,890,元大-和平,2024-07-08,9863
5469,瀚宇博,954,118,836,元大-和平,2024-07-08,9863
3264,欣銓,353,4,349,元大-和平,2024-07-08,9863
9904,寶成,304,0,304,元大-和平,2024-07-08,9863
3033,威健,147,12,135,元大-和平,2024-07-08,9863
2888,新光金,148,18,130,元大-和平,2024-07-08,9863
6757,台灣虎航,95,1,94,元大-和平,2024-07-08,9863
6202,盛群,94,5,89,元大-和平,2024-07-08,9863
00680L,元大美債20正2,84,0,84,元大-和平,2024-07-08,9863
4707,磐亞,75,0,75,元大-和平,2024-07-08,9863
2392,正崴,106,39,67,元大-和平,2024-07-08,9863
2492,華新科,64,0,64,元大-和平,2024-07-08,9863
3338,泰碩,51,2,49,元大-和平,2024-07-08,9863
3062,建漢,96,51,45,元大-和平,2024-07-08,9863
00934,中信成長高股息,44,0,44,元大-和平,2024-07-08,9863
3703,欣陸,47,3,44,元大-和平,2024-07-08,9863
2609,陽明,58,16,42,元大-和平,2024-07-08,9863
4549,桓達,51,11,40,元大-和平,2024-07-08,9863
3163,波若威,64,30,34,元大-和平,2024-07-08,9863
1316,上曜,32,0,32,元大-和平,2024-07-08,9863
2427,三商電,33,1,32,元大-和平,2024-07-08,9863
00929,復華台灣科技優息,42,10,32,元大-和平,2024-07-08,9863
5388,中磊,60,30,30,元大-和平,2024-07-08,9863
00905,FT臺灣Smart,30,2,28,元大-和平,2024-07-08,9863
2723,美食-KY,27,0,27,元大-和平,2024-07-08,9863
6546,正基,28,1,27,元大-和平,2024-07-08,9863
00679B,元大美債20年,30,4,26,元大-和平,2024-07-08,9863
3019,亞光,30,5,25,元大-和平,2024-07-08,9863
2606,裕民,26,2,24,元大-和平,2024-07-08,9863
2453,凌群,39,16,23,元大-和平,2024-07-08,9863
00725B,國泰投資級公司債,25,2,23,元大-和平,2024-07-08,9863
3045,台灣大,21,0,21,元大-和平,2024-07-08,9863
1785,光洋科,42,21,21,元大-和平,2024-07-08,9863
2374,佳能,44,24,20,元大-和平,2024-07-08,9863
6443,元晶,32,12,20,元大-和平,2024-07-08,9863
1611,中電,20,0,20,元大-和平,2024-07-08,9863
3321,同泰,20,0,20,元大-和平,2024-07-08,9863
8085,福華,44,24,20,元大-和平,2024-07-08,9863
1409,新纖,45,26,19,元大-和平,2024-07-08,9863
2417,圓剛,59,40,19,元大-和平,2024-07-08,9863
2344,華邦電,18,1,17,元大-和平,2024-07-08,9863
6217,中探針,27,10,17,元大-和平,2024-07-08,9863
2605,新興,21,4,17,元大-和平,2024-07-08,9863
2464,盟立,35,19,16,元大-和平,2024-07-08,9863
1314,中石化,29,14,15,元大-和平,2024-07-08,9863
1711,永光,15,0,15,元大-和平,2024-07-08,9863
2641,正德,14,0,14,元大-和平,2024-07-08,9863
2603,長榮,33,19,14,元大-和平,2024-07-08,9863
00949,復華日本龍頭,12,0,12,元大-和平,2024-07-08,9863
1524,耿鼎,12,0,12,元大-和平,2024-07-08,9863
00688L,國泰20年美債正2,576,10,566,元大-和平,2024-07-09,9863
5469,瀚宇博,406,6,400,元大-和平,2024-07-09,9863
9904,寶成,366,59,307,元大-和平,2024-07-09,9863
2312,金寶,470,193,277,元大-和平,2024-07-09,9863
9934,成霖,224,0,224,元大-和平,2024-07-09,9863
00632R,元大台灣50反1,200,20,180,元大-和平,2024-07-09,9863
00881,國泰台灣5G+,126,21,105,元大-和平,2024-07-09,9863
2834,臺企銀,115,23,92,元大-和平,2024-07-09,9863
2492,華新科,73,0,73,元大-和平,2024-07-09,9863
00665L,富邦�琤肭磪囓�2,70,0,70,元大-和平,2024-07-09,9863
2542,興富發,60,4,56,元大-和平,2024-07-09,9863
2610,華航,65,14,51,元大-和平,2024-07-09,9863
3264,欣銓,100,55,45,元大-和平,2024-07-09,9863
912000,晨訊科-DR,42,0,42,元大-和平,2024-07-09,9863
6757,台灣虎航,41,0,41,元大-和平,2024-07-09,9863
2543,皇昌,42,2,40,元大-和平,2024-07-09,9863
2888,新光金,291,253,38,元大-和平,2024-07-09,9863
6244,茂迪,45,12,33,元大-和平,2024-07-09,9863
1504,東元,32,0,32,元大-和平,2024-07-09,9863
9105,泰金寶-DR,55,23,32,元大-和平,2024-07-09,9863
6770,力積電,38,6,32,元大-和平,2024-07-09,9863
00905,FT臺灣Smart,36,5,31,元大-和平,2024-07-09,9863
4707,磐亞,30,0,30,元大-和平,2024-07-09,9863
3324,雙鴻,28,0,28,元大-和平,2024-07-09,9863
5607,遠雄港,29,2,27,元大-和平,2024-07-09,9863
2349,錸德,32,6,26,元大-和平,2024-07-09,9863
00934,中信成長高股息,27,1,26,元大-和平,2024-07-09,9863
4105,東洋,26,0,26,元大-和平,2024-07-09,9863
2609,陽明,41,15,26,元大-和平,2024-07-09,9863
2317,鴻海,73,48,25,元大-和平,2024-07-09,9863
3047,訊舟,70,46,24,元大-和平,2024-07-09,9863
4960,誠美材,26,5,21,元大-和平,2024-07-09,9863
2603,長榮,31,10,21,元大-和平,2024-07-09,9863
2405,輔信,33,12,21,元大-和平,2024-07-09,9863
2442,新美齊,20,0,20,元大-和平,2024-07-09,9863
2705,六福,20,0,20,元大-和平,2024-07-09,9863
3622,洋華,20,1,19,元大-和平,2024-07-09,9863
00929,復華台灣科技優息,32,13,19,元大-和平,2024-07-09,9863
1587,吉茂,34,16,18,元大-和平,2024-07-09,9863
2330,台積電,21,4,17,元大-和平,2024-07-09,9863
2344,華邦電,18,1,17,元大-和平,2024-07-09,9863
00664R,國泰臺灣加權反1,20,3,17,元大-和平,2024-07-09,9863
6213,聯茂,31,14,17,元大-和平,2024-07-09,9863
3703,欣陸,16,1,15,元大-和平,2024-07-09,9863
2367,燿華,96,81,15,元大-和平,2024-07-09,9863
00932,兆豐永續高息等權,15,0,15,元大-和平,2024-07-09,9863
6127,九豪,15,0,15,元大-和平,2024-07-09,9863
3374,精材,20,5,15,元大-和平,2024-07-09,9863
3260,威剛,22,8,14,元大-和平,2024-07-09,9863
2353,宏��,16,2,14,元大-和平,2024-07-09,9863
2888,新光金,1728,570,1158,元大-和平,2024-07-10,9863
00688L,國泰20年美債正2,507,0,507,元大-和平,2024-07-10,9863
00946,群益科技高息成長,311,0,311,元大-和平,2024-07-10,9863
3264,欣銓,230,0,230,元大-和平,2024-07-10,9863
9904,寶成,177,0,177,元大-和平,2024-07-10,9863
2392,正崴,161,50,111,元大-和平,2024-07-10,9863
2371,大同,123,13,110,元大-和平,2024-07-10,9863
5471,松翰,84,1,83,元大-和平,2024-07-10,9863
3706,神達,77,0,77,元大-和平,2024-07-10,9863
00923,群益台ESG低碳50,67,0,67,元大-和平,2024-07-10,9863
2337,旺宏,67,0,67,元大-和平,2024-07-10,9863
4105,東洋,61,0,61,元大-和平,2024-07-10,9863
2312,金寶,77,17,60,元大-和平,2024-07-10,9863
5309,系統電,65,15,50,元大-和平,2024-07-10,9863
1201,味全,50,0,50,元大-和平,2024-07-10,9863
00934,中信成長高股息,50,1,49,元大-和平,2024-07-10,9863
2543,皇昌,50,3,47,元大-和平,2024-07-10,9863
5876,上海商銀,32,0,32,元大-和平,2024-07-10,9863
3260,威剛,28,0,28,元大-和平,2024-07-10,9863
2892,第一金,27,0,27,元大-和平,2024-07-10,9863
00905,FT臺灣Smart,26,0,26,元大-和平,2024-07-10,9863
2489,瑞軒,29,5,24,元大-和平,2024-07-10,9863
1536,和大,31,8,23,元大-和平,2024-07-10,9863
00687B,國泰20年美債,24,1,23,元大-和平,2024-07-10,9863
00881,國泰台灣5G+,23,0,23,元大-和平,2024-07-10,9863
1609,大亞,30,9,21,元大-和平,2024-07-10,9863
1809,中釉,21,1,20,元大-和平,2024-07-10,9863
2605,新興,23,4,19,元大-和平,2024-07-10,9863
3030,德律,19,0,19,元大-和平,2024-07-10,9863
2408,南亞科,18,0,18,元大-和平,2024-07-10,9863
3042,晶技,17,0,17,元大-和平,2024-07-10,9863
3376,新日興,17,0,17,元大-和平,2024-07-10,9863
2002,中鋼,19,3,16,元大-和平,2024-07-10,9863
2201,裕隆,18,2,16,元大-和平,2024-07-10,9863
2618,長榮航,27,11,16,元大-和平,2024-07-10,9863
4904,遠傳,15,0,15,元大-和平,2024-07-10,9863
5607,遠雄港,15,0,15,元大-和平,2024-07-10,9863
1616,億泰,18,4,14,元大-和平,2024-07-10,9863
3645,達邁,19,6,13,元大-和平,2024-07-10,9863
5468,凱鈺,13,0,13,元大-和平,2024-07-10,9863
3019,亞光,30,17,13,元大-和平,2024-07-10,9863
2317,鴻海,30,17,13,元大-和平,2024-07-10,9863
3033,威健,19,7,12,元大-和平,2024-07-10,9863
00632R,元大台灣50反1,13,1,12,元大-和平,2024-07-10,9863
00680L,元大美債20正2,12,0,12,元大-和平,2024-07-10,9863
2609,陽明,26,14,12,元大-和平,2024-07-10,9863
00939,統一台灣高息動能,11,0,11,元大-和平,2024-07-10,9863
2442,新美齊,37,26,11,元大-和平,2024-07-10,9863
4976,佳凌,10,0,10,元大-和平,2024-07-10,9863
2884,玉山金,10,0,10,元大-和平,2024-07-10,9863
00687B,國泰20年美債,715,1,714,元大-和平,2024-07-11,9863
00632R,元大台灣50反1,899,502,397,元大-和平,2024-07-11,9863
2888,新光金,368,41,327,元大-和平,2024-07-11,9863
9934,成霖,282,0,282,元大-和平,2024-07-11,9863
00725B,國泰投資級公司債,210,11,199,元大-和平,2024-07-11,9863
4707,磐亞,169,0,169,元大-和平,2024-07-11,9863
2618,長榮航,80,9,71,元大-和平,2024-07-11,9863
00934,中信成長高股息,70,10,60,元大-和平,2024-07-11,9863
0056,元大高股息,62,3,59,元大-和平,2024-07-11,9863
00946,群益科技高息成長,77,20,57,元大-和平,2024-07-11,9863
1201,味全,50,0,50,元大-和平,2024-07-11,9863
8358,金居,59,16,43,元大-和平,2024-07-11,9863
1101,台泥,59,16,43,元大-和平,2024-07-11,9863
4958,臻鼎-KY,88,48,40,元大-和平,2024-07-11,9863
8068,全達,40,1,39,元大-和平,2024-07-11,9863
6270,倍微,46,8,38,元大-和平,2024-07-11,9863
1605,華新,33,0,33,元大-和平,2024-07-11,9863
1446,宏和,30,0,30,元大-和平,2024-07-11,9863
2365,昆盈,65,35,30,元大-和平,2024-07-11,9863
4306,炎洲,31,2,29,元大-和平,2024-07-11,9863
2891,中信金,33,6,27,元大-和平,2024-07-11,9863
5471,松翰,25,0,25,元大-和平,2024-07-11,9863
2489,瑞軒,47,24,23,元大-和平,2024-07-11,9863
6757,台灣虎航,22,0,22,元大-和平,2024-07-11,9863
8033,雷虎,22,0,22,元大-和平,2024-07-11,9863
2354,鴻準,46,24,22,元大-和平,2024-07-11,9863
00905,FT臺灣Smart,22,2,20,元大-和平,2024-07-11,9863
1471,首利,20,0,20,元大-和平,2024-07-11,9863
2880,華南金,20,0,20,元大-和平,2024-07-11,9863
3376,新日興,25,5,20,元大-和平,2024-07-11,9863
9906,欣巴巴,20,1,19,元大-和平,2024-07-11,9863
6753,龍德造船,20,3,17,元大-和平,2024-07-11,9863
6125,廣運,25,8,17,元大-和平,2024-07-11,9863
2543,皇昌,16,0,16,元大-和平,2024-07-11,9863
2610,華航,23,8,15,元大-和平,2024-07-11,9863
3189,景碩,51,36,15,元大-和平,2024-07-11,9863
2002,中鋼,18,3,15,元大-和平,2024-07-11,9863
3005,神基,14,0,14,元大-和平,2024-07-11,9863
00894,中信小資高價30,35,21,14,元大-和平,2024-07-11,9863
3346,麗清,18,4,14,元大-和平,2024-07-11,9863
3260,威剛,20,7,13,元大-和平,2024-07-11,9863
1711,永光,13,0,13,元大-和平,2024-07-11,9863
2362,藍天,15,3,12,元大-和平,2024-07-11,9863
1301,台塑,13,1,12,元大-和平,2024-07-11,9863
006208,富邦台50,12,0,12,元大-和平,2024-07-11,9863
1799,易威,12,0,12,元大-和平,2024-07-11,9863
6126,信音,17,5,12,元大-和平,2024-07-11,9863
00929,復華台灣科技優息,41,30,11,元大-和平,2024-07-11,9863
6190,萬泰科,22,11,11,元大-和平,2024-07-11,9863
2412,中華電,13,2,11,元大-和平,2024-07-11,9863
2356,英業達,1153,83,1070,元大-和平,2024-07-12,9863
00919,群益台灣精選高息,525,69,456,元大-和平,2024-07-12,9863
00929,復華台灣科技優息,407,44,363,元大-和平,2024-07-12,9863
00632R,元大台灣50反1,460,100,360,元大-和平,2024-07-12,9863
1718,中纖,220,1,219,元大-和平,2024-07-12,9863
2481,強茂,152,0,152,元大-和平,2024-07-12,9863
2317,鴻海,153,14,139,元大-和平,2024-07-12,9863
00937B,群益ESG投等債20,234,129,105,元大-和平,2024-07-12,9863
1101,台泥,101,11,90,元大-和平,2024-07-12,9863
9934,成霖,100,11,89,元大-和平,2024-07-12,9863
00934,中信成長高股息,74,0,74,元大-和平,2024-07-12,9863
4707,磐亞,72,0,72,元大-和平,2024-07-12,9863
2337,旺宏,69,2,67,元大-和平,2024-07-12,9863
00927,群益半導體收益,62,0,62,元大-和平,2024-07-12,9863
2867,三商壽,101,39,62,元大-和平,2024-07-12,9863
00881,國泰台灣5G+,67,10,57,元大-和平,2024-07-12,9863
00935,野村臺灣新科技50,56,0,56,元大-和平,2024-07-12,9863
3189,景碩,87,33,54,元大-和平,2024-07-12,9863
2365,昆盈,126,72,54,元大-和平,2024-07-12,9863
00751B,元大AAA至A公司債,53,0,53,元大-和平,2024-07-12,9863
2610,華航,88,35,53,元大-和平,2024-07-12,9863
1201,味全,50,0,50,元大-和平,2024-07-12,9863
2545,皇翔,121,71,50,元大-和平,2024-07-12,9863
0056,元大高股息,64,15,49,元大-和平,2024-07-12,9863
1815,富喬,49,1,48,元大-和平,2024-07-12,9863
2368,金像電,45,1,44,元大-和平,2024-07-12,9863
00923,群益台ESG低碳50,44,0,44,元大-和平,2024-07-12,9863
6179,亞通,41,0,41,元大-和平,2024-07-12,9863
00725B,國泰投資級公司債,40,0,40,元大-和平,2024-07-12,9863
00950B,凱基A級公司債,40,0,40,元大-和平,2024-07-12,9863
6757,台灣虎航,40,0,40,元大-和平,2024-07-12,9863
00933B,國泰10Y+金融債,41,4,37,元大-和平,2024-07-12,9863
00679B,元大美債20年,39,3,36,元大-和平,2024-07-12,9863
2402,毅嘉,31,0,31,元大-和平,2024-07-12,9863
9921,巨大,32,3,29,元大-和平,2024-07-12,9863
1316,上曜,28,2,26,元大-和平,2024-07-12,9863
3710,連展投控,26,0,26,元大-和平,2024-07-12,9863
2367,燿華,28,4,24,元大-和平,2024-07-12,9863
9933,中鼎,21,0,21,元大-和平,2024-07-12,9863
6215,和椿,23,2,21,元大-和平,2024-07-12,9863
00891,中信關鍵半導體,25,5,20,元大-和平,2024-07-12,9863
2303,聯電,40,20,20,元大-和平,2024-07-12,9863
2634,漢翔,37,18,19,元大-和平,2024-07-12,9863
2359,所羅門,22,4,18,元大-和平,2024-07-12,9863
00901,永豐智能車供應鏈,18,0,18,元大-和平,2024-07-12,9863
3231,緯創,25,7,18,元大-和平,2024-07-12,9863
6127,九豪,16,0,16,元大-和平,2024-07-12,9863
2618,長榮航,18,2,16,元大-和平,2024-07-12,9863
1540,喬福,29,13,16,元大-和平,2024-07-12,9863
2609,陽明,26,11,15,元大-和平,2024-07-12,9863
2356,英業達,673,66,607,元大-和平,2024-07-15,9863
2481,強茂,251,19,232,元大-和平,2024-07-15,9863
3706,神達,161,8,153,元大-和平,2024-07-15,9863
2891,中信金,102,4,98,元大-和平,2024-07-15,9863
00687B,國泰20年美債,91,0,91,元大-和平,2024-07-15,9863
00679B,元大美債20年,88,1,87,元大-和平,2024-07-15,9863
2337,旺宏,86,0,86,元大-和平,2024-07-15,9863
2312,金寶,105,31,74,元大-和平,2024-07-15,9863
8011,台通,88,15,73,元大-和平,2024-07-15,9863
00905,FT臺灣Smart,72,0,72,元大-和平,2024-07-15,9863
00632R,元大台灣50反1,90,19,71,元大-和平,2024-07-15,9863
1201,味全,50,0,50,元大-和平,2024-07-15,9863
2867,三商壽,45,3,42,元大-和平,2024-07-15,9863
1718,中纖,40,0,40,元大-和平,2024-07-15,9863
912000,晨訊科-DR,39,0,39,元大-和平,2024-07-15,9863
00934,中信成長高股息,29,0,29,元大-和平,2024-07-15,9863
0056,元大高股息,31,3,28,元大-和平,2024-07-15,9863
2883,凱基金,43,16,27,元大-和平,2024-07-15,9863
2489,瑞軒,75,49,26,元大-和平,2024-07-15,9863
2745,五福,26,0,26,元大-和平,2024-07-15,9863
00946,群益科技高息成長,50,25,25,元大-和平,2024-07-15,9863
2610,華航,26,3,23,元大-和平,2024-07-15,9863
00933B,國泰10Y+金融債,22,0,22,元大-和平,2024-07-15,9863
2495,普安,22,0,22,元大-和平,2024-07-15,9863
00929,復華台灣科技優息,23,2,21,元大-和平,2024-07-15,9863
2492,華新科,22,1,21,元大-和平,2024-07-15,9863
2609,陽明,32,11,21,元大-和平,2024-07-15,9863
6462,神盾,32,12,20,元大-和平,2024-07-15,9863
4105,東洋,20,0,20,元大-和平,2024-07-15,9863
6757,台灣虎航,20,0,20,元大-和平,2024-07-15,9863
3535,晶彩科,25,6,19,元大-和平,2024-07-15,9863
00939,統一台灣高息動能,19,0,19,元大-和平,2024-07-15,9863
2537,聯上發,20,1,19,元大-和平,2024-07-15,9863
2324,仁寶,22,3,19,元大-和平,2024-07-15,9863
2618,長榮航,37,19,18,元大-和平,2024-07-15,9863
3545,敦泰,18,1,17,元大-和平,2024-07-15,9863
1513,中興電,32,15,17,元大-和平,2024-07-15,9863
3481,群創,31,14,17,元大-和平,2024-07-15,9863
4566,時碩工業,23,7,16,元大-和平,2024-07-15,9863
6770,力積電,16,0,16,元大-和平,2024-07-15,9863
6153,嘉聯益,16,0,16,元大-和平,2024-07-15,9863
1608,華榮,70,56,14,元大-和平,2024-07-15,9863
00725B,國泰投資級公司債,14,0,14,元大-和平,2024-07-15,9863
1472,三洋實業,14,0,14,元大-和平,2024-07-15,9863
6570,維田,19,5,14,元大-和平,2024-07-15,9863
2344,華邦電,18,5,13,元大-和平,2024-07-15,9863
00935,野村臺灣新科技50,13,0,13,元大-和平,2024-07-15,9863
3037,欣興,22,10,12,元大-和平,2024-07-15,9863
00927,群益半導體收益,12,0,12,元大-和平,2024-07-15,9863
2382,廣達,16,4,12,元大-和平,2024-07-15,9863
00688L,國泰20年美債正2,1038,10,1028,元大-和平,2024-07-16,9863
00665L,富邦�琤肭磪囓�2,354,0,354,元大-和平,2024-07-16,9863
00632R,元大台灣50反1,222,11,211,元大-和平,2024-07-16,9863
00751B,元大AAA至A公司債,207,2,205,元大-和平,2024-07-16,9863
2882,國泰金,183,8,175,元大-和平,2024-07-16,9863
3711,日月光投控,155,4,151,元大-和平,2024-07-16,9863
00679B,元大美債20年,145,3,142,元大-和平,2024-07-16,9863
2888,新光金,250,123,127,元大-和平,2024-07-16,9863
00937B,群益ESG投等債20,91,5,86,元大-和平,2024-07-16,9863
2489,瑞軒,153,83,70,元大-和平,2024-07-16,9863
0056,元大高股息,70,5,65,元大-和平,2024-07-16,9863
2610,華航,69,5,64,元大-和平,2024-07-16,9863
1301,台塑,57,0,57,元大-和平,2024-07-16,9863
1316,上曜,96,39,57,元大-和平,2024-07-16,9863
00934,中信成長高股息,57,0,57,元大-和平,2024-07-16,9863
2337,旺宏,55,0,55,元大-和平,2024-07-16,9863
1201,味全,52,0,52,元大-和平,2024-07-16,9863
2884,玉山金,52,1,51,元大-和平,2024-07-16,9863
2891,中信金,50,5,45,元大-和平,2024-07-16,9863
2880,華南金,40,0,40,元大-和平,2024-07-16,9863
2731,雄獅,38,2,36,元大-和平,2024-07-16,9863
006208,富邦台50,35,0,35,元大-和平,2024-07-16,9863
2542,興富發,40,5,35,元大-和平,2024-07-16,9863
8011,台通,47,12,35,元大-和平,2024-07-16,9863
2495,普安,41,8,33,元大-和平,2024-07-16,9863
2317,鴻海,44,11,33,元大-和平,2024-07-16,9863
00905,FT臺灣Smart,32,0,32,元大-和平,2024-07-16,9863
6449,鈺邦,32,1,31,元大-和平,2024-07-16,9863
8110,華東,30,0,30,元大-和平,2024-07-16,9863
9934,成霖,30,0,30,元大-和平,2024-07-16,9863
2633,台灣高鐵,26,0,26,元大-和平,2024-07-16,9863
5880,合庫金,26,0,26,元大-和平,2024-07-16,9863
00919,群益台灣精選高息,32,7,25,元大-和平,2024-07-16,9863
2515,中工,25,0,25,元大-和平,2024-07-16,9863
2915,潤泰全,25,1,24,元大-和平,2024-07-16,9863
00918,大華優利高填息30,30,9,21,元大-和平,2024-07-16,9863
00949,復華日本龍頭,21,0,21,元大-和平,2024-07-16,9863
5263,智崴,21,0,21,元大-和平,2024-07-16,9863
2376,技嘉,20,0,20,元大-和平,2024-07-16,9863
3218,大學光,20,0,20,元大-和平,2024-07-16,9863
6689,伊雲谷,27,7,20,元大-和平,2024-07-16,9863
8916,光隆,20,0,20,元大-和平,2024-07-16,9863
1513,中興電,45,26,19,元大-和平,2024-07-16,9863
1529,樂事綠能,25,6,19,元大-和平,2024-07-16,9863
2356,英業達,96,77,19,元大-和平,2024-07-16,9863
1514,亞力,42,24,18,元大-和平,2024-07-16,9863
6153,嘉聯益,20,2,18,元大-和平,2024-07-16,9863
00878,國泰永續高股息,19,3,16,元大-和平,2024-07-16,9863
00882,中信中國高股息,20,5,15,元大-和平,2024-07-16,9863
1611,中電,15,0,15,元大-和平,2024-07-16,9863
00706L,期元大S＆P日圓正2,601,0,601,元大-和平,2024-07-17,9863
00688L,國泰20年美債正2,205,0,205,元大-和平,2024-07-17,9863
00679B,元大美債20年,187,18,169,元大-和平,2024-07-17,9863
0056,元大高股息,102,0,102,元大-和平,2024-07-17,9863
00929,復華台灣科技優息,87,0,87,元大-和平,2024-07-17,9863
5469,瀚宇博,84,1,83,元大-和平,2024-07-17,9863
00937B,群益ESG投等債20,78,12,66,元大-和平,2024-07-17,9863
00746B,富邦A級公司債,60,0,60,元大-和平,2024-07-17,9863
2312,金寶,162,105,57,元大-和平,2024-07-17,9863
2515,中工,76,19,57,元大-和平,2024-07-17,9863
2371,大同,60,9,51,元大-和平,2024-07-17,9863
00665L,富邦�琤肭磪囓�2,50,0,50,元大-和平,2024-07-17,9863
1201,味全,50,0,50,元大-和平,2024-07-17,9863
5388,中磊,45,0,45,元大-和平,2024-07-17,9863
2356,英業達,114,70,44,元大-和平,2024-07-17,9863
2489,瑞軒,62,20,42,元大-和平,2024-07-17,9863
1316,上曜,43,3,40,元大-和平,2024-07-17,9863
4566,時碩工業,61,22,39,元大-和平,2024-07-17,9863
2382,廣達,41,5,36,元大-和平,2024-07-17,9863
2610,華航,39,5,34,元大-和平,2024-07-17,9863
2402,毅嘉,54,23,31,元大-和平,2024-07-17,9863
2801,彰銀,30,0,30,元大-和平,2024-07-17,9863
3580,友威科,31,1,30,元大-和平,2024-07-17,9863
3703,欣陸,64,34,30,元大-和平,2024-07-17,9863
4707,磐亞,30,0,30,元大-和平,2024-07-17,9863
2891,中信金,31,2,29,元大-和平,2024-07-17,9863
2337,旺宏,40,12,28,元大-和平,2024-07-17,9863
3231,緯創,32,4,28,元大-和平,2024-07-17,9863
006208,富邦台50,31,4,27,元大-和平,2024-07-17,9863
00751B,元大AAA至A公司債,26,0,26,元大-和平,2024-07-17,9863
00935,野村臺灣新科技50,26,0,26,元大-和平,2024-07-17,9863
00923,群益台ESG低碳50,26,0,26,元大-和平,2024-07-17,9863
3189,景碩,49,24,25,元大-和平,2024-07-17,9863
0050,元大台灣50,25,0,25,元大-和平,2024-07-17,9863
1608,華榮,27,4,23,元大-和平,2024-07-17,9863
2330,台積電,28,6,22,元大-和平,2024-07-17,9863
2405,輔信,20,0,20,元大-和平,2024-07-17,9863
00930,永豐ESG低碳高息,20,0,20,元大-和平,2024-07-17,9863
2545,皇翔,207,187,20,元大-和平,2024-07-17,9863
2913,農林,20,0,20,元大-和平,2024-07-17,9863
3673,TPK-KY,23,3,20,元大-和平,2024-07-17,9863
6757,台灣虎航,20,0,20,元大-和平,2024-07-17,9863
9933,中鼎,20,0,20,元大-和平,2024-07-17,9863
4958,臻鼎-KY,34,14,20,元大-和平,2024-07-17,9863
2308,台達電,19,0,19,元大-和平,2024-07-17,9863
9938,百和,21,2,19,元大-和平,2024-07-17,9863
4977,眾達-KY,25,6,19,元大-和平,2024-07-17,9863
2347,聯強,19,0,19,元大-和平,2024-07-17,9863
5263,智崴,20,2,18,元大-和平,2024-07-17,9863
6284,佳邦,18,1,17,元大-和平,2024-07-17,9863
5469,瀚宇博,773,2,771,元大-和平,2024-07-18,9863
2610,華航,196,2,194,元大-和平,2024-07-18,9863
3264,欣銓,164,27,137,元大-和平,2024-07-18,9863
6191,精成科,105,0,105,元大-和平,2024-07-18,9863
00676R,富邦臺灣加權反1,100,0,100,元大-和平,2024-07-18,9863
3481,群創,93,1,92,元大-和平,2024-07-18,9863
1316,上曜,80,0,80,元大-和平,2024-07-18,9863
2382,廣達,76,10,66,元大-和平,2024-07-18,9863
2618,長榮航,115,50,65,元大-和平,2024-07-18,9863
1440,南紡,97,35,62,元大-和平,2024-07-18,9863
00946,群益科技高息成長,57,1,56,元大-和平,2024-07-18,9863
006208,富邦台50,53,0,53,元大-和平,2024-07-18,9863
1201,味全,51,0,51,元大-和平,2024-07-18,9863
2101,南港,51,0,51,元大-和平,2024-07-18,9863
2337,旺宏,50,0,50,元大-和平,2024-07-18,9863
8069,元太,50,2,48,元大-和平,2024-07-18,9863
00937B,群益ESG投等債20,46,1,45,元大-和平,2024-07-18,9863
3706,神達,51,7,44,元大-和平,2024-07-18,9863
2330,台積電,48,15,33,元大-和平,2024-07-18,9863
00923,群益台ESG低碳50,32,1,31,元大-和平,2024-07-18,9863
3167,大量,30,0,30,元大-和平,2024-07-18,9863
00929,復華台灣科技優息,86,57,29,元大-和平,2024-07-18,9863
9938,百和,52,23,29,元大-和平,2024-07-18,9863
1402,遠東新,39,10,29,元大-和平,2024-07-18,9863
2888,新光金,28,0,28,元大-和平,2024-07-18,9863
00751B,元大AAA至A公司債,28,0,28,元大-和平,2024-07-18,9863
00712,復華富時不動產,27,0,27,元大-和平,2024-07-18,9863
00949,復華日本龍頭,27,0,27,元大-和平,2024-07-18,9863
3218,大學光,26,0,26,元大-和平,2024-07-18,9863
2645,長榮航太,30,5,25,元大-和平,2024-07-18,9863
00679B,元大美債20年,33,9,24,元大-和平,2024-07-18,9863
3673,TPK-KY,23,0,23,元大-和平,2024-07-18,9863
4743,合一,23,1,22,元大-和平,2024-07-18,9863
00830,國泰費城半導體,24,3,21,元大-和平,2024-07-18,9863
4746,台耀,61,40,21,元大-和平,2024-07-18,9863
00687B,國泰20年美債,22,1,21,元大-和平,2024-07-18,9863
8011,台通,127,106,21,元大-和平,2024-07-18,9863
8070,長華*,22,1,21,元大-和平,2024-07-18,9863
2881,富邦金,26,5,21,元大-和平,2024-07-18,9863
6133,金橋,20,0,20,元大-和平,2024-07-18,9863
1101,台泥,32,12,20,元大-和平,2024-07-18,9863
6153,嘉聯益,19,0,19,元大-和平,2024-07-18,9863
3232,昱捷,19,0,19,元大-和平,2024-07-18,9863
00713,元大台灣高息低波,18,0,18,元大-和平,2024-07-18,9863
2743,山富,21,3,18,元大-和平,2024-07-18,9863
3321,同泰,18,0,18,元大-和平,2024-07-18,9863
00919,群益台灣精選高息,80,63,17,元大-和平,2024-07-18,9863
2303,聯電,18,2,16,元大-和平,2024-07-18,9863
00933B,國泰10Y+金融債,16,0,16,元大-和平,2024-07-18,9863
3013,晟銘電,30,15,15,元大-和平,2024-07-18,9863
5469,瀚宇博,664,0,664,元大-和平,2024-07-19,9863
00937B,群益ESG投等債20,409,2,407,元大-和平,2024-07-19,9863
6164,華興,260,0,260,元大-和平,2024-07-19,9863
1718,中纖,200,0,200,元大-和平,2024-07-19,9863
9934,成霖,180,0,180,元大-和平,2024-07-19,9863
3264,欣銓,172,0,172,元大-和平,2024-07-19,9863
2618,長榮航,185,31,154,元大-和平,2024-07-19,9863
2337,旺宏,123,0,123,元大-和平,2024-07-19,9863
912000,晨訊科-DR,122,0,122,元大-和平,2024-07-19,9863
00665L,富邦�琤肭磪囓�2,99,0,99,元大-和平,2024-07-19,9863
2330,台積電,111,13,98,元大-和平,2024-07-19,9863
3481,群創,107,27,80,元大-和平,2024-07-19,9863
00929,復華台灣科技優息,112,35,77,元大-和平,2024-07-19,9863
2492,華新科,72,1,71,元大-和平,2024-07-19,9863
1308,亞聚,70,0,70,元大-和平,2024-07-19,9863
2891,中信金,59,3,56,元大-和平,2024-07-19,9863
2645,長榮航太,53,0,53,元大-和平,2024-07-19,9863
00915,凱基優選高股息30,52,0,52,元大-和平,2024-07-19,9863
1201,味全,50,0,50,元大-和平,2024-07-19,9863
2882,國泰金,74,29,45,元大-和平,2024-07-19,9863
00923,群益台ESG低碳50,44,0,44,元大-和平,2024-07-19,9863
0056,元大高股息,82,41,41,元大-和平,2024-07-19,9863
6269,台郡,40,0,40,元大-和平,2024-07-19,9863
00881,國泰台灣5G+,38,0,38,元大-和平,2024-07-19,9863
00713,元大台灣高息低波,39,1,38,元大-和平,2024-07-19,9863
00934,中信成長高股息,37,0,37,元大-和平,2024-07-19,9863
2419,仲琦,59,23,36,元大-和平,2024-07-19,9863
6139,亞翔,45,10,35,元大-和平,2024-07-19,9863
5213,亞昕,98,66,32,元大-和平,2024-07-19,9863
6830,汎銓,32,0,32,元大-和平,2024-07-19,9863
8091,翔名,33,1,32,元大-和平,2024-07-19,9863
1709,和益,43,15,28,元大-和平,2024-07-19,9863
2915,潤泰全,33,6,27,元大-和平,2024-07-19,9863
8011,台通,31,6,25,元大-和平,2024-07-19,9863
00905,FT臺灣Smart,25,0,25,元大-和平,2024-07-19,9863
8110,華東,25,1,24,元大-和平,2024-07-19,9863
2603,長榮,28,5,23,元大-和平,2024-07-19,9863
6770,力積電,27,5,22,元大-和平,2024-07-19,9863
00885,富邦越南,22,0,22,元大-和平,2024-07-19,9863
0050,元大台灣50,22,0,22,元大-和平,2024-07-19,9863
2408,南亞科,21,0,21,元大-和平,2024-07-19,9863
4746,台耀,42,21,21,元大-和平,2024-07-19,9863
6592,和潤企業,20,0,20,元大-和平,2024-07-19,9863
3218,大學光,20,0,20,元大-和平,2024-07-19,9863
00719B,元大美債1-3,20,0,20,元大-和平,2024-07-19,9863
1437,勤益控,20,0,20,元大-和平,2024-07-19,9863
2633,台灣高鐵,20,0,20,元大-和平,2024-07-19,9863
2820,華票,20,0,20,元大-和平,2024-07-19,9863
2489,瑞軒,32,14,18,元大-和平,2024-07-19,9863
2312,金寶,27,9,18,元大-和平,2024-07-19,9863
00940,元大台灣價值高息,241,146,95,元大-和平,2024-07-22,9863
3481,群創,141,52,89,元大-和平,2024-07-22,9863
0056,元大高股息,118,32,86,元大-和平,2024-07-22,9863
2883,凱基金,95,11,84,元大-和平,2024-07-22,9863
2610,華航,80,0,80,元大-和平,2024-07-22,9863
2382,廣達,90,16,74,元大-和平,2024-07-22,9863
00878,國泰永續高股息,95,32,63,元大-和平,2024-07-22,9863
5469,瀚宇博,62,0,62,元大-和平,2024-07-22,9863
2409,友達,74,12,62,元大-和平,2024-07-22,9863
2492,華新科,53,0,53,元大-和平,2024-07-22,9863
2884,玉山金,49,0,49,元大-和平,2024-07-22,9863
00631L,元大台灣50正2,50,2,48,元大-和平,2024-07-22,9863
00891,中信關鍵半導體,44,7,37,元大-和平,2024-07-22,9863
2330,台積電,59,26,33,元大-和平,2024-07-22,9863
2337,旺宏,40,7,33,元大-和平,2024-07-22,9863
00937B,群益ESG投等債20,42,10,32,元大-和平,2024-07-22,9863
2834,臺企銀,32,1,31,元大-和平,2024-07-22,9863
3149,正達,31,0,31,元大-和平,2024-07-22,9863
00719B,元大美債1-3,30,0,30,元大-和平,2024-07-22,9863
1201,味全,30,0,30,元大-和平,2024-07-22,9863
3713,新晶投控,30,0,30,元大-和平,2024-07-22,9863
2308,台達電,30,2,28,元大-和平,2024-07-22,9863
2543,皇昌,26,0,26,元大-和平,2024-07-22,9863
5213,亞昕,65,40,25,元大-和平,2024-07-22,9863
8064,東捷,42,18,24,元大-和平,2024-07-22,9863
1611,中電,28,5,23,元大-和平,2024-07-22,9863
1709,和益,30,7,23,元大-和平,2024-07-22,9863
6125,廣運,39,17,22,元大-和平,2024-07-22,9863
00720B,元大投資級公司債,22,0,22,元大-和平,2024-07-22,9863
2419,仲琦,21,0,21,元大-和平,2024-07-22,9863
6592,和潤企業,20,0,20,元大-和平,2024-07-22,9863
6757,台灣虎航,20,0,20,元大-和平,2024-07-22,9863
5512,力麒,28,9,19,元大-和平,2024-07-22,9863
4958,臻鼎-KY,20,1,19,元大-和平,2024-07-22,9863
2545,皇翔,41,23,18,元大-和平,2024-07-22,9863
9934,成霖,20,2,18,元大-和平,2024-07-22,9863
3231,緯創,28,11,17,元大-和平,2024-07-22,9863
00679B,元大美債20年,25,8,17,元大-和平,2024-07-22,9863
2344,華邦電,20,5,15,元大-和平,2024-07-22,9863
1312,國喬,15,0,15,元大-和平,2024-07-22,9863
3037,欣興,21,6,15,元大-和平,2024-07-22,9863
6189,豐藝,15,0,15,元大-和平,2024-07-22,9863
1609,大亞,26,12,14,元大-和平,2024-07-22,9863
2317,鴻海,82,70,12,元大-和平,2024-07-22,9863
2408,南亞科,12,0,12,元大-和平,2024-07-22,9863
4916,事欣科,14,2,12,元大-和平,2024-07-22,9863
1449,佳和,12,0,12,元大-和平,2024-07-22,9863
2633,台灣高鐵,12,0,12,元大-和平,2024-07-22,9863
3597,映興,15,3,12,元大-和平,2024-07-22,9863
2402,毅嘉,21,9,12,元大-和平,2024-07-22,9863
0056,元大高股息,174,3,171,元大-和平,2024-07-23,9863
00946,群益科技高息成長,139,20,119,元大-和平,2024-07-23,9863
2408,南亞科,115,13,102,元大-和平,2024-07-23,9863
2409,友達,102,0,102,元大-和平,2024-07-23,9863
6164,華興,91,0,91,元大-和平,2024-07-23,9863
6770,力積電,72,1,71,元大-和平,2024-07-23,9863
3264,欣銓,60,0,60,元大-和平,2024-07-23,9863
00878,國泰永續高股息,57,1,56,元大-和平,2024-07-23,9863
1201,味全,50,0,50,元大-和平,2024-07-23,9863
2101,南港,50,0,50,元大-和平,2024-07-23,9863
00929,復華台灣科技優息,76,30,46,元大-和平,2024-07-23,9863
00937B,群益ESG投等債20,39,0,39,元大-和平,2024-07-23,9863
00919,群益台灣精選高息,54,16,38,元大-和平,2024-07-23,9863
3481,群創,97,59,38,元大-和平,2024-07-23,9863
00940,元大台灣價值高息,47,11,36,元大-和平,2024-07-23,9863
2442,新美齊,35,0,35,元大-和平,2024-07-23,9863
5309,系統電,41,6,35,元大-和平,2024-07-23,9863
2002,中鋼,31,0,31,元大-和平,2024-07-23,9863
00687B,國泰20年美債,30,0,30,元大-和平,2024-07-23,9863
2377,微星,30,0,30,元大-和平,2024-07-23,9863
2312,金寶,38,10,28,元大-和平,2024-07-23,9863
5439,高技,28,1,27,元大-和平,2024-07-23,9863
00934,中信成長高股息,36,10,26,元大-和平,2024-07-23,9863
5469,瀚宇博,22,0,22,元大-和平,2024-07-23,9863
5512,力麒,27,6,21,元大-和平,2024-07-23,9863
00941,中信上游半導體,20,0,20,元大-和平,2024-07-23,9863
3380,明泰,20,0,20,元大-和平,2024-07-23,9863
5234,達興材料,21,1,20,元大-和平,2024-07-23,9863
2634,漢翔,20,1,19,元大-和平,2024-07-23,9863
00923,群益台ESG低碳50,18,0,18,元大-和平,2024-07-23,9863
6005,群益證,21,4,17,元大-和平,2024-07-23,9863
6488,環球晶,15,0,15,元大-和平,2024-07-23,9863
1440,南紡,15,0,15,元大-和平,2024-07-23,9863
2891,中信金,15,0,15,元大-和平,2024-07-23,9863
3232,昱捷,15,0,15,元大-和平,2024-07-23,9863
5880,合庫金,15,0,15,元大-和平,2024-07-23,9863
4414,如興,14,0,14,元大-和平,2024-07-23,9863
3231,緯創,15,2,13,元大-和平,2024-07-23,9863
6125,廣運,19,6,13,元大-和平,2024-07-23,9863
00773B,中信優先金融債,13,0,13,元大-和平,2024-07-23,9863
2313,華通,14,1,13,元大-和平,2024-07-23,9863
00935,野村臺灣新科技50,12,0,12,元大-和平,2024-07-23,9863
3052,夆典,12,0,12,元大-和平,2024-07-23,9863
00713,元大台灣高息低波,12,0,12,元大-和平,2024-07-23,9863
2308,台達電,12,1,11,元大-和平,2024-07-23,9863
3663,鑫科,18,7,11,元大-和平,2024-07-23,9863
2745,五福,11,0,11,元大-和平,2024-07-23,9863
9910,豐泰,11,0,11,元大-和平,2024-07-23,9863
2365,昆盈,50,39,11,元大-和平,2024-07-23,9863
2376,技嘉,12,2,10,元大-和平,2024-07-23,9863
0056,元大高股息,213,16,197,元大-和平,2024-07-26,9863
00637L,元大滬深300正2,150,0,150,元大-和平,2024-07-26,9863
00919,群益台灣精選高息,145,7,138,元大-和平,2024-07-26,9863
00687B,國泰20年美債,145,9,136,元大-和平,2024-07-26,9863
2880,華南金,100,0,100,元大-和平,2024-07-26,9863
6164,華興,93,0,93,元大-和平,2024-07-26,9863
2330,台積電,87,8,79,元大-和平,2024-07-26,9863
00878,國泰永續高股息,78,9,69,元大-和平,2024-07-26,9863
2884,玉山金,67,0,67,元大-和平,2024-07-26,9863
00940,元大台灣價值高息,119,53,66,元大-和平,2024-07-26,9863
00946,群益科技高息成長,54,2,52,元大-和平,2024-07-26,9863
1201,味全,50,0,50,元大-和平,2024-07-26,9863
2382,廣達,54,4,50,元大-和平,2024-07-26,9863
00720B,元大投資級公司債,49,0,49,元大-和平,2024-07-26,9863
2834,臺企銀,46,0,46,元大-和平,2024-07-26,9863
00713,元大台灣高息低波,44,0,44,元大-和平,2024-07-26,9863
00929,復華台灣科技優息,101,60,41,元大-和平,2024-07-26,9863
1609,大亞,52,13,39,元大-和平,2024-07-26,9863
8054,安國,58,22,36,元大-和平,2024-07-26,9863
1813,寶利徠,34,0,34,元大-和平,2024-07-26,9863
3703,欣陸,30,0,30,元大-和平,2024-07-26,9863
4414,如興,30,0,30,元大-和平,2024-07-26,9863
00923,群益台ESG低碳50,28,0,28,元大-和平,2024-07-26,9863
2515,中工,33,8,25,元大-和平,2024-07-26,9863
3706,神達,45,20,25,元大-和平,2024-07-26,9863
3231,緯創,32,8,24,元大-和平,2024-07-26,9863
00679B,元大美債20年,31,8,23,元大-和平,2024-07-26,9863
9945,潤泰新,84,61,23,元大-和平,2024-07-26,9863
3663,鑫科,37,14,23,元大-和平,2024-07-26,9863
3711,日月光投控,22,0,22,元大-和平,2024-07-26,9863
2408,南亞科,26,5,21,元大-和平,2024-07-26,9863
2882,國泰金,27,6,21,元大-和平,2024-07-26,9863
2607,榮運,22,1,21,元大-和平,2024-07-26,9863
6180,橘子,20,0,20,元大-和平,2024-07-26,9863
00655L,國泰中國A50正2,20,0,20,元大-和平,2024-07-26,9863
1303,南亞,20,0,20,元大-和平,2024-07-26,9863
0050,元大台灣50,23,4,19,元大-和平,2024-07-26,9863
2303,聯電,25,6,19,元大-和平,2024-07-26,9863
5469,瀚宇博,18,0,18,元大-和平,2024-07-26,9863
00795B,中信美國公債20年,18,0,18,元大-和平,2024-07-26,9863
3211,順達,27,9,18,元大-和平,2024-07-26,9863
006208,富邦台50,26,8,18,元大-和平,2024-07-26,9863
00751B,元大AAA至A公司債,17,0,17,元大-和平,2024-07-26,9863
2891,中信金,16,0,16,元大-和平,2024-07-26,9863
00692,富邦公司治理,16,0,16,元大-和平,2024-07-26,9863
02001L,富邦蘋果正二N,16,0,16,元大-和平,2024-07-26,9863
2421,建準,16,0,16,元大-和平,2024-07-26,9863
2887,台新金,17,1,16,元大-和平,2024-07-26,9863
6757,台灣虎航,16,0,16,元大-和平,2024-07-26,9863
00939,統一台灣高息動能,25,10,15,元大-和平,2024-07-26,9863
0056,元大高股息,673,1,672,元大-和平,2024-07-29,9863
5009,榮剛,195,0,195,元大-和平,2024-07-29,9863
5469,瀚宇博,190,9,181,元大-和平,2024-07-29,9863
6164,華興,112,0,112,元大-和平,2024-07-29,9863
00929,復華台灣科技優息,125,17,108,元大-和平,2024-07-29,9863
00878,國泰永續高股息,81,7,74,元大-和平,2024-07-29,9863
2887,台新金,73,1,72,元大-和平,2024-07-29,9863
6175,立敦,66,0,66,元大-和平,2024-07-29,9863
2610,華航,94,32,62,元大-和平,2024-07-29,9863
912000,晨訊科-DR,57,0,57,元大-和平,2024-07-29,9863
2312,金寶,77,21,56,元大-和平,2024-07-29,9863
3481,群創,119,64,55,元大-和平,2024-07-29,9863
00946,群益科技高息成長,55,3,52,元大-和平,2024-07-29,9863
1201,味全,52,0,52,元大-和平,2024-07-29,9863
2515,中工,78,36,42,元大-和平,2024-07-29,9863
4105,東洋,40,0,40,元大-和平,2024-07-29,9863
2363,矽統,43,7,36,元大-和平,2024-07-29,9863
00940,元大台灣價值高息,44,13,31,元大-和平,2024-07-29,9863
00680L,元大美債20正2,31,0,31,元大-和平,2024-07-29,9863
2367,燿華,37,6,31,元大-和平,2024-07-29,9863
2409,友達,33,2,31,元大-和平,2024-07-29,9863
2317,鴻海,61,31,30,元大-和平,2024-07-29,9863
00923,群益台ESG低碳50,29,0,29,元大-和平,2024-07-29,9863
2303,聯電,32,3,29,元大-和平,2024-07-29,9863
2884,玉山金,28,0,28,元大-和平,2024-07-29,9863
1720,生達,28,0,28,元大-和平,2024-07-29,9863
2382,廣達,43,15,28,元大-和平,2024-07-29,9863
6274,台燿,32,5,27,元大-和平,2024-07-29,9863
2356,英業達,36,11,25,元大-和平,2024-07-29,9863
00919,群益台灣精選高息,24,1,23,元大-和平,2024-07-29,9863
2371,大同,24,2,22,元大-和平,2024-07-29,9863
3264,欣銓,27,5,22,元大-和平,2024-07-29,9863
6585,鼎基,20,0,20,元大-和平,2024-07-29,9863
6592,和潤企業,20,0,20,元大-和平,2024-07-29,9863
00922,國泰台灣領袖50,20,0,20,元大-和平,2024-07-29,9863
1440,南紡,20,0,20,元大-和平,2024-07-29,9863
2392,正崴,20,0,20,元大-和平,2024-07-29,9863
9105,泰金寶-DR,19,0,19,元大-和平,2024-07-29,9863
3037,欣興,20,1,19,元大-和平,2024-07-29,9863
3231,緯創,24,6,18,元大-和平,2024-07-29,9863
2486,一詮,20,3,17,元大-和平,2024-07-29,9863
2834,臺企銀,31,14,17,元大-和平,2024-07-29,9863
006208,富邦台50,20,3,17,元大-和平,2024-07-29,9863
3338,泰碩,40,24,16,元大-和平,2024-07-29,9863
4968,立積,16,0,16,元大-和平,2024-07-29,9863
3706,神達,31,15,16,元大-和平,2024-07-29,9863
2351,順德,16,1,15,元大-和平,2024-07-29,9863
00720B,元大投資級公司債,25,10,15,元大-和平,2024-07-29,9863
3163,波若威,18,4,14,元大-和平,2024-07-29,9863
8069,元太,14,0,14,元大-和平,2024-07-29,9863
00751B,元大AAA至A公司債,289,5,284,元大-和平,2024-07-30,9863
00940,元大台灣價值高息,166,20,146,元大-和平,2024-07-30,9863
3321,同泰,110,1,109,元大-和平,2024-07-30,9863
0056,元大高股息,146,38,108,元大-和平,2024-07-30,9863
2880,華南金,105,0,105,元大-和平,2024-07-30,9863
00878,國泰永續高股息,94,32,62,元大-和平,2024-07-30,9863
1201,味全,52,0,52,元大-和平,2024-07-30,9863
2344,華邦電,53,2,51,元大-和平,2024-07-30,9863
4105,東洋,44,3,41,元大-和平,2024-07-30,9863
00746B,富邦A級公司債,40,0,40,元大-和平,2024-07-30,9863
2891,中信金,36,0,36,元大-和平,2024-07-30,9863
8916,光隆,35,0,35,元大-和平,2024-07-30,9863
00929,復華台灣科技優息,106,73,33,元大-和平,2024-07-30,9863
00946,群益科技高息成長,32,1,31,元大-和平,2024-07-30,9863
00919,群益台灣精選高息,42,12,30,元大-和平,2024-07-30,9863
00655L,國泰中國A50正2,30,0,30,元大-和平,2024-07-30,9863
00939,統一台灣高息動能,28,0,28,元大-和平,2024-07-30,9863
6239,力成,24,1,23,元大-和平,2024-07-30,9863
00881,國泰台灣5G+,24,3,21,元大-和平,2024-07-30,9863
00701,國泰股利精選30,20,0,20,元大-和平,2024-07-30,9863
00637L,元大滬深300正2,20,0,20,元大-和平,2024-07-30,9863
1609,大亞,27,7,20,元大-和平,2024-07-30,9863
1722,台肥,20,0,20,元大-和平,2024-07-30,9863
3631,晟楠,19,0,19,元大-和平,2024-07-30,9863
2438,翔耀,20,2,18,元大-和平,2024-07-30,9863
2489,瑞軒,24,7,17,元大-和平,2024-07-30,9863
00753L,中信中國50正2,17,0,17,元大-和平,2024-07-30,9863
00923,群益台ESG低碳50,16,0,16,元大-和平,2024-07-30,9863
2855,統一證,16,0,16,元大-和平,2024-07-30,9863
00949,復華日本龍頭,15,0,15,元大-和平,2024-07-30,9863
4720,德淵,16,1,15,元大-和平,2024-07-30,9863
3189,景碩,20,6,14,元大-和平,2024-07-30,9863
1301,台塑,14,0,14,元大-和平,2024-07-30,9863
00936,台新永續高息中小,14,0,14,元大-和平,2024-07-30,9863
00725B,國泰投資級公司債,14,0,14,元大-和平,2024-07-30,9863
00632R,元大台灣50反1,14,0,14,元大-和平,2024-07-30,9863
3673,TPK-KY,14,0,14,元大-和平,2024-07-30,9863
2834,臺企銀,13,0,13,元大-和平,2024-07-30,9863
2371,大同,17,5,12,元大-和平,2024-07-30,9863
2609,陽明,16,4,12,元大-和平,2024-07-30,9863
2303,聯電,26,15,11,元大-和平,2024-07-30,9863
2610,華航,22,11,11,元大-和平,2024-07-30,9863
5512,力麒,24,13,11,元大-和平,2024-07-30,9863
2312,金寶,36,25,11,元大-和平,2024-07-30,9863
1310,台苯,10,0,10,元大-和平,2024-07-30,9863
3188,鑫龍騰,35,25,10,元大-和平,2024-07-30,9863
5452,佶優,10,0,10,元大-和平,2024-07-30,9863
8101,華冠,10,0,10,元大-和平,2024-07-30,9863
8926,台汽電,11,1,10,元大-和平,2024-07-30,9863
3443,創意,9,0,9,元大-和平,2024-07-30,9863
00751B,元大AAA至A公司債,539,0,539,元大-和平,2024-07-31,9863
8049,晶采,120,0,120,元大-和平,2024-07-31,9863
1795,美時,102,0,102,元大-和平,2024-07-31,9863
00907,永豐優息存股,80,0,80,元大-和平,2024-07-31,9863
00680L,元大美債20正2,72,0,72,元大-和平,2024-07-31,9863
5213,亞昕,320,249,71,元大-和平,2024-07-31,9863
8916,光隆,69,0,69,元大-和平,2024-07-31,9863
00942B,台新美A公司債20+,55,0,55,元大-和平,2024-07-31,9863
00919,群益台灣精選高息,55,1,54,元大-和平,2024-07-31,9863
1201,味全,50,0,50,元大-和平,2024-07-31,9863
2101,南港,50,0,50,元大-和平,2024-07-31,9863
6829,千附精密,37,3,34,元大-和平,2024-07-31,9863
00632R,元大台灣50反1,34,0,34,元大-和平,2024-07-31,9863
00706L,期元大S＆P日圓正2,34,0,34,元大-和平,2024-07-31,9863
00940,元大台灣價值高息,36,5,31,元大-和平,2024-07-31,9863
3008,大立光,31,0,31,元大-和平,2024-07-31,9863
00762,元大全球AI,31,0,31,元大-和平,2024-07-31,9863
3481,群創,144,116,28,元大-和平,2024-07-31,9863
1611,中電,30,2,28,元大-和平,2024-07-31,9863
2727,王品,25,0,25,元大-和平,2024-07-31,9863
9945,潤泰新,58,39,19,元大-和平,2024-07-31,9863
3231,緯創,23,4,19,元大-和平,2024-07-31,9863
2887,台新金,35,16,19,元大-和平,2024-07-31,9863
3631,晟楠,22,3,19,元大-和平,2024-07-31,9863
6438,迅得,19,0,19,元大-和平,2024-07-31,9863
00688L,國泰20年美債正2,18,0,18,元大-和平,2024-07-31,9863
00720B,元大投資級公司債,19,1,18,元大-和平,2024-07-31,9863
6126,信音,23,6,17,元大-和平,2024-07-31,9863
00929,復華台灣科技優息,16,0,16,元大-和平,2024-07-31,9863
3686,達能,16,1,15,元大-和平,2024-07-31,9863
2330,台積電,24,10,14,元大-和平,2024-07-31,9863
2409,友達,18,4,14,元大-和平,2024-07-31,9863
2349,錸德,23,9,14,元大-和平,2024-07-31,9863
2530,華建,13,0,13,元大-和平,2024-07-31,9863
3105,穩懋,14,2,12,元大-和平,2024-07-31,9863
00918,大華優利高填息30,24,12,12,元大-和平,2024-07-31,9863
00713,元大台灣高息低波,12,0,12,元大-和平,2024-07-31,9863
2382,廣達,31,21,10,元大-和平,2024-07-31,9863
00795B,中信美國公債20年,10,0,10,元大-和平,2024-07-31,9863
00712,復華富時不動產,10,0,10,元大-和平,2024-07-31,9863
2428,興勤,10,0,10,元大-和平,2024-07-31,9863
3663,鑫科,24,14,10,元大-和平,2024-07-31,9863
00946,群益科技高息成長,9,0,9,元大-和平,2024-07-31,9863
9906,欣巴巴,11,2,9,元大-和平,2024-07-31,9863
2524,京城,27,18,9,元大-和平,2024-07-31,9863
2515,中工,12,3,9,元大-和平,2024-07-31,9863
8112,至上,9,0,9,元大-和平,2024-07-31,9863
2888,新光金,40,32,8,元大-和平,2024-07-31,9863
2356,英業達,9,1,8,元大-和平,2024-07-31,9863
00891,中信關鍵半導體,18,11,7,元大-和平,2024-07-31,9863
1314,中石化,200,0,200,元大-和平,2024-08-01,9863
00680L,元大美債20正2,161,0,161,元大-和平,2024-08-01,9863
00687B,國泰20年美債,148,5,143,元大-和平,2024-08-01,9863
2610,華航,114,2,112,元大-和平,2024-08-01,9863
00637L,元大滬深300正2,110,0,110,元大-和平,2024-08-01,9863
00936,台新永續高息中小,103,4,99,元大-和平,2024-08-01,9863
00951,台新日本半導體,100,18,82,元大-和平,2024-08-01,9863
00929,復華台灣科技優息,87,10,77,元大-和平,2024-08-01,9863
2882,國泰金,104,31,73,元大-和平,2024-08-01,9863
6125,廣運,71,1,70,元大-和平,2024-08-01,9863
00940,元大台灣價值高息,74,8,66,元大-和平,2024-08-01,9863
2367,燿華,70,4,66,元大-和平,2024-08-01,9863
00878,國泰永續高股息,57,6,51,元大-和平,2024-08-01,9863
00679B,元大美債20年,85,34,51,元大-和平,2024-08-01,9863
5213,亞昕,125,75,50,元大-和平,2024-08-01,9863
6805,富世達,52,3,49,元大-和平,2024-08-01,9863
1201,味全,46,0,46,元大-和平,2024-08-01,9863
5388,中磊,50,10,40,元大-和平,2024-08-01,9863
2888,新光金,39,0,39,元大-和平,2024-08-01,9863
2731,雄獅,35,0,35,元大-和平,2024-08-01,9863
8064,東捷,52,21,31,元大-和平,2024-08-01,9863
00946,群益科技高息成長,32,1,31,元大-和平,2024-08-01,9863
00941,中信上游半導體,30,0,30,元大-和平,2024-08-01,9863
00950B,凱基A級公司債,30,0,30,元大-和平,2024-08-01,9863
2542,興富發,27,0,27,元大-和平,2024-08-01,9863
00919,群益台灣精選高息,29,2,27,元大-和平,2024-08-01,9863
2727,王品,25,0,25,元大-和平,2024-08-01,9863
3665,貿聯-KY,21,0,21,元大-和平,2024-08-01,9863
02001L,富邦蘋果正二N,20,0,20,元大-和平,2024-08-01,9863
6757,台灣虎航,20,0,20,元大-和平,2024-08-01,9863
2884,玉山金,22,2,20,元大-和平,2024-08-01,9863
8210,勤誠,22,3,19,元大-和平,2024-08-01,9863
3491,昇達科,53,34,19,元大-和平,2024-08-01,9863
8916,光隆,17,0,17,元大-和平,2024-08-01,9863
6191,精成科,16,0,16,元大-和平,2024-08-01,9863
2393,億光,15,0,15,元大-和平,2024-08-01,9863
3188,鑫龍騰,29,14,15,元大-和平,2024-08-01,9863
00830,國泰費城半導體,18,3,15,元大-和平,2024-08-01,9863
3264,欣銓,17,3,14,元大-和平,2024-08-01,9863
3580,友威科,47,33,14,元大-和平,2024-08-01,9863
006208,富邦台50,15,1,14,元大-和平,2024-08-01,9863
4906,正文,23,9,14,元大-和平,2024-08-01,9863
2881,富邦金,21,8,13,元大-和平,2024-08-01,9863
4726,永昕,14,1,13,元大-和平,2024-08-01,9863
5392,能率,12,0,12,元大-和平,2024-08-01,9863
00918,大華優利高填息30,12,1,11,元大-和平,2024-08-01,9863
1608,華榮,11,0,11,元大-和平,2024-08-01,9863
2392,正崴,23,12,11,元大-和平,2024-08-01,9863
9945,潤泰新,20,9,11,元大-和平,2024-08-01,9863
1301,台塑,10,0,10,元大-和平,2024-08-01,9863
00940,元大台灣價值高息,388,124,264,元大-和平,2024-08-02,9863
1718,中纖,200,0,200,元大-和平,2024-08-02,9863
00929,復華台灣科技優息,191,4,187,元大-和平,2024-08-02,9863
1314,中石化,210,30,180,元大-和平,2024-08-02,9863
5309,系統電,194,21,173,元大-和平,2024-08-02,9863
2610,華航,153,0,153,元大-和平,2024-08-02,9863
2913,農林,150,3,147,元大-和平,2024-08-02,9863
00937B,群益ESG投等債20,135,8,127,元大-和平,2024-08-02,9863
2317,鴻海,145,20,125,元大-和平,2024-08-02,9863
00679B,元大美債20年,158,38,120,元大-和平,2024-08-02,9863
00751B,元大AAA至A公司債,119,0,119,元大-和平,2024-08-02,9863
00878,國泰永續高股息,115,1,114,元大-和平,2024-08-02,9863
5469,瀚宇博,113,0,113,元大-和平,2024-08-02,9863
2885,元大金,114,2,112,元大-和平,2024-08-02,9863
00919,群益台灣精選高息,120,9,111,元大-和平,2024-08-02,9863
2330,台積電,114,9,105,元大-和平,2024-08-02,9863
5388,中磊,96,0,96,元大-和平,2024-08-02,9863
00881,國泰台灣5G+,81,0,81,元大-和平,2024-08-02,9863
0056,元大高股息,72,0,72,元大-和平,2024-08-02,9863
9945,潤泰新,77,16,61,元大-和平,2024-08-02,9863
00949,復華日本龍頭,73,15,58,元大-和平,2024-08-02,9863
00934,中信成長高股息,62,5,57,元大-和平,2024-08-02,9863
2382,廣達,71,14,57,元大-和平,2024-08-02,9863
00950B,凱基A級公司債,53,0,53,元大-和平,2024-08-02,9863
8916,光隆,52,0,52,元大-和平,2024-08-02,9863
00942B,台新美A公司債20+,50,0,50,元大-和平,2024-08-02,9863
1201,味全,50,0,50,元大-和平,2024-08-02,9863
2492,華新科,51,3,48,元大-和平,2024-08-02,9863
00923,群益台ESG低碳50,43,0,43,元大-和平,2024-08-02,9863
00680L,元大美債20正2,89,47,42,元大-和平,2024-08-02,9863
00946,群益科技高息成長,37,0,37,元大-和平,2024-08-02,9863
006208,富邦台50,34,0,34,元大-和平,2024-08-02,9863
1795,美時,32,2,30,元大-和平,2024-08-02,9863
00637L,元大滬深300正2,30,0,30,元大-和平,2024-08-02,9863
3037,欣興,35,8,27,元大-和平,2024-08-02,9863
00918,大華優利高填息30,34,6,28,元大-和平,2024-08-02,9863
00900,富邦特選高股息30,27,0,27,元大-和平,2024-08-02,9863
2104,國際中橡,27,0,27,元大-和平,2024-08-02,9863
3703,欣陸,27,0,27,元大-和平,2024-08-02,9863
00922,國泰台灣領袖50,27,2,25,元大-和平,2024-08-02,9863
00891,中信關鍵半導體,24,0,24,元大-和平,2024-08-02,9863
6164,華興,23,0,23,元大-和平,2024-08-02,9863
2881,富邦金,113,91,22,元大-和平,2024-08-02,9863
00905,FT臺灣Smart,22,0,22,元大-和平,2024-08-02,9863
2303,聯電,34,13,21,元大-和平,2024-08-02,9863
00935,野村臺灣新科技50,21,0,21,元大-和平,2024-08-02,9863
00720B,元大投資級公司債,21,0,21,元大-和平,2024-08-02,9863
5213,亞昕,55,34,21,元大-和平,2024-08-02,9863
6285,啟��,21,0,21,元大-和平,2024-08-02,9863
2884,玉山金,32,12,20,元大-和平,2024-08-02,9863
2888,新光金,1113,9,1104,元大-和平,2024-08-05,9863
00940,元大台灣價值高息,902,71,831,元大-和平,2024-08-05,9863
5469,瀚宇博,295,0,295,元大-和平,2024-08-05,9863
00878,國泰永續高股息,353,117,236,元大-和平,2024-08-05,9863
9934,成霖,235,0,235,元大-和平,2024-08-05,9863
00946,群益科技高息成長,214,0,214,元大-和平,2024-08-05,9863
3481,群創,286,82,204,元大-和平,2024-08-05,9863
0056,元大高股息,256,60,196,元大-和平,2024-08-05,9863
00929,復華台灣科技優息,316,120,196,元大-和平,2024-08-05,9863
00679B,元大美債20年,291,124,167,元大-和平,2024-08-05,9863
00919,群益台灣精選高息,161,28,133,元大-和平,2024-08-05,9863
00795B,中信美國公債20年,119,0,119,元大-和平,2024-08-05,9863
00751B,元大AAA至A公司債,137,18,119,元大-和平,2024-08-05,9863
2330,台積電,136,31,105,元大-和平,2024-08-05,9863
1409,新纖,101,5,96,元大-和平,2024-08-05,9863
6757,台灣虎航,90,0,90,元大-和平,2024-08-05,9863
912000,晨訊科-DR,89,10,79,元大-和平,2024-08-05,9863
00923,群益台ESG低碳50,74,1,73,元大-和平,2024-08-05,9863
8916,光隆,67,0,67,元大-和平,2024-08-05,9863
2059,川湖,67,0,67,元大-和平,2024-08-05,9863
00939,統一台灣高息動能,65,8,57,元大-和平,2024-08-05,9863
2881,富邦金,59,3,56,元大-和平,2024-08-05,9863
5388,中磊,52,0,52,元大-和平,2024-08-05,9863
1201,味全,50,0,50,元大-和平,2024-08-05,9863
2890,永豐金,49,0,49,元大-和平,2024-08-05,9863
00936,台新永續高息中小,51,6,45,元大-和平,2024-08-05,9863
0052,富邦科技,45,0,45,元大-和平,2024-08-05,9863
2201,裕隆,46,2,44,元大-和平,2024-08-05,9863
3380,明泰,42,1,41,元大-和平,2024-08-05,9863
2596,綠意,41,0,41,元大-和平,2024-08-05,9863
2887,台新金,49,9,40,元大-和平,2024-08-05,9863
2332,友訊,40,0,40,元大-和平,2024-08-05,9863
2545,皇翔,78,38,40,元大-和平,2024-08-05,9863
6164,華興,37,0,37,元大-和平,2024-08-05,9863
9105,泰金寶-DR,38,1,37,元大-和平,2024-08-05,9863
2489,瑞軒,36,0,36,元大-和平,2024-08-05,9863
2409,友達,63,27,36,元大-和平,2024-08-05,9863
00895,富邦未來車,33,0,33,元大-和平,2024-08-05,9863
2727,王品,30,0,30,元大-和平,2024-08-05,9863
00641R,富邦日本反1,30,0,30,元大-和平,2024-08-05,9863
4105,東洋,30,0,30,元大-和平,2024-08-05,9863
6592,和潤企業,30,0,30,元大-和平,2024-08-05,9863
5213,亞昕,45,16,29,元大-和平,2024-08-05,9863
6227,茂綸,29,0,29,元大-和平,2024-08-05,9863
2855,統一證,28,0,28,元大-和平,2024-08-05,9863
00941,中信上游半導體,28,0,28,元大-和平,2024-08-05,9863
2002,中鋼,65,37,28,元大-和平,2024-08-05,9863
4967,十銓,28,2,26,元大-和平,2024-08-05,9863
6770,力積電,33,8,25,元大-和平,2024-08-05,9863
2834,臺企銀,30,6,24,元大-和平,2024-08-05,9863
9934,成霖,605,183,422,元大-和平,2024-08-06,9863
6164,華興,288,0,288,元大-和平,2024-08-06,9863
5388,中磊,210,10,200,元大-和平,2024-08-06,9863
00632R,元大台灣50反1,174,54,120,元大-和平,2024-08-06,9863
00929,復華台灣科技優息,173,69,104,元大-和平,2024-08-06,9863
5469,瀚宇博,122,55,67,元大-和平,2024-08-06,9863
00936,台新永續高息中小,61,6,55,元大-和平,2024-08-06,9863
2317,鴻海,101,48,53,元大-和平,2024-08-06,9863
0055,元大MSCI金融,50,0,50,元大-和平,2024-08-06,9863
1201,味全,50,0,50,元大-和平,2024-08-06,9863
2356,英業達,62,13,49,元大-和平,2024-08-06,9863
1815,富喬,48,3,45,元大-和平,2024-08-06,9863
8916,光隆,40,0,40,元大-和平,2024-08-06,9863
00751B,元大AAA至A公司債,38,0,38,元大-和平,2024-08-06,9863
2101,南港,40,10,30,元大-和平,2024-08-06,9863
2382,廣達,34,4,30,元大-和平,2024-08-06,9863
2002,中鋼,31,2,29,元大-和平,2024-08-06,9863
00688L,國泰20年美債正2,27,0,27,元大-和平,2024-08-06,9863
1316,上曜,26,0,26,元大-和平,2024-08-06,9863
6770,力積電,36,11,25,元大-和平,2024-08-06,9863
00795B,中信美國公債20年,25,0,25,元大-和平,2024-08-06,9863
3479,安勤,25,0,25,元大-和平,2024-08-06,9863
2645,長榮航太,24,0,24,元大-和平,2024-08-06,9863
00905,FT臺灣Smart,26,2,24,元大-和平,2024-08-06,9863
3663,鑫科,72,49,23,元大-和平,2024-08-06,9863
00878,國泰永續高股息,88,66,22,元大-和平,2024-08-06,9863
0052,富邦科技,22,1,21,元大-和平,2024-08-06,9863
3338,泰碩,25,4,21,元大-和平,2024-08-06,9863
4105,東洋,21,0,21,元大-和平,2024-08-06,9863
2596,綠意,20,0,20,元大-和平,2024-08-06,9863
00674R,期元大S＆P黃金反1,20,0,20,元大-和平,2024-08-06,9863
00641R,富邦日本反1,20,0,20,元大-和平,2024-08-06,9863
00948B,中信優息投資級債,20,0,20,元大-和平,2024-08-06,9863
6592,和潤企業,20,0,20,元大-和平,2024-08-06,9863
3047,訊舟,20,0,20,元大-和平,2024-08-06,9863
00637L,元大滬深300正2,20,1,19,元大-和平,2024-08-06,9863
0056,元大高股息,45,27,18,元大-和平,2024-08-06,9863
2884,玉山金,29,10,19,元大-和平,2024-08-06,9863
006208,富邦台50,20,2,18,元大-和平,2024-08-06,9863
1540,喬福,105,87,18,元大-和平,2024-08-06,9863
1513,中興電,21,5,16,元大-和平,2024-08-06,9863
3293,鈊象,18,3,15,元大-和平,2024-08-06,9863
2745,五福,15,0,15,元大-和平,2024-08-06,9863
00933B,國泰10Y+金融債,15,0,15,元大-和平,2024-08-06,9863
2059,川湖,16,1,15,元大-和平,2024-08-06,9863
3231,緯創,26,11,15,元大-和平,2024-08-06,9863
00713,元大台灣高息低波,34,19,15,元大-和平,2024-08-06,9863
2451,創見,13,0,13,元大-和平,2024-08-06,9863
5309,系統電,18,5,13,元大-和平,2024-08-06,9863
00946,群益科技高息成長,27,14,13,元大-和平,2024-08-06,9863
00632R,元大台灣50反1,359,150,209,元大-和平,2024-08-07,9863
00919,群益台灣精選高息,115,13,102,元大-和平,2024-08-07,9863
00878,國泰永續高股息,93,7,86,元大-和平,2024-08-07,9863
00679B,元大美債20年,93,14,79,元大-和平,2024-08-07,9863
1437,勤益控,61,0,61,元大-和平,2024-08-07,9863
2834,臺企銀,59,0,59,元大-和平,2024-08-07,9863
1201,味全,50,0,50,元大-和平,2024-08-07,9863
3576,聯合再生,49,0,49,元大-和平,2024-08-07,9863
00929,復華台灣科技優息,56,7,49,元大-和平,2024-08-07,9863
3481,群創,68,27,41,元大-和平,2024-08-07,9863
00934,中信成長高股息,41,0,41,元大-和平,2024-08-07,9863
00641R,富邦日本反1,40,0,40,元大-和平,2024-08-07,9863
6877,鏵友益,33,0,33,元大-和平,2024-08-07,9863
00680L,元大美債20正2,36,3,33,元大-和平,2024-08-07,9863
2317,鴻海,59,26,33,元大-和平,2024-08-07,9863
2885,元大金,34,1,33,元大-和平,2024-08-07,9863
9934,成霖,103,73,30,元大-和平,2024-08-07,9863
2363,矽統,37,8,29,元大-和平,2024-08-07,9863
2002,中鋼,31,3,28,元大-和平,2024-08-07,9863
2882,國泰金,31,4,27,元大-和平,2024-08-07,9863
0056,元大高股息,66,41,25,元大-和平,2024-08-07,9863
00881,國泰台灣5G+,26,1,25,元大-和平,2024-08-07,9863
2915,潤泰全,25,0,25,元大-和平,2024-08-07,9863
00795B,中信美國公債20年,25,2,23,元大-和平,2024-08-07,9863
2884,玉山金,22,0,22,元大-和平,2024-08-07,9863
00637L,元大滬深300正2,20,0,20,元大-和平,2024-08-07,9863
8105,凌巨,24,4,20,元大-和平,2024-08-07,9863
2328,廣宇,19,0,19,元大-和平,2024-08-07,9863
2867,三商壽,18,0,18,元大-和平,2024-08-07,9863
00937B,群益ESG投等債20,24,8,16,元大-和平,2024-08-07,9863
2886,兆豐金,21,5,16,元大-和平,2024-08-07,9863
2855,統一證,15,0,15,元大-和平,2024-08-07,9863
2880,華南金,15,0,15,元大-和平,2024-08-07,9863
2892,第一金,28,13,15,元大-和平,2024-08-07,9863
0050,元大台灣50,22,8,14,元大-和平,2024-08-07,9863
00946,群益科技高息成長,13,0,13,元大-和平,2024-08-07,9863
2504,國產,16,3,13,元大-和平,2024-08-07,9863
2409,友達,15,3,12,元大-和平,2024-08-07,9863
2356,英業達,22,10,12,元大-和平,2024-08-07,9863
2382,廣達,52,40,12,元大-和平,2024-08-07,9863
00933B,國泰10Y+金融債,11,0,11,元大-和平,2024-08-07,9863
00951,台新日本半導體,11,0,11,元大-和平,2024-08-07,9863
2348,海悅,12,1,11,元大-和平,2024-08-07,9863
1513,中興電,15,5,10,元大-和平,2024-08-07,9863
00935,野村臺灣新科技50,10,0,10,元大-和平,2024-08-07,9863
00706L,期元大S＆P日圓正2,10,0,10,元大-和平,2024-08-07,9863
2816,旺旺保,10,0,10,元大-和平,2024-08-07,9863
4533,協易機,15,5,10,元大-和平,2024-08-07,9863
6016,康和證,10,0,10,元大-和平,2024-08-07,9863
6546,正基,12,2,10,元大-和平,2024-08-07,9863
00632R,元大台灣50反1,1887,343,1544,元大-和平,2024-08-08,9863
00687B,國泰20年美債,1109,2,1107,元大-和平,2024-08-08,9863
5469,瀚宇博,181,0,181,元大-和平,2024-08-08,9863
00937B,群益ESG投等債20,101,10,91,元大-和平,2024-08-08,9863
2317,鴻海,109,28,81,元大-和平,2024-08-08,9863
00929,復華台灣科技優息,63,6,57,元大-和平,2024-08-08,9863
00680L,元大美債20正2,84,30,54,元大-和平,2024-08-08,9863
1201,味全,52,0,52,元大-和平,2024-08-08,9863
00751B,元大AAA至A公司債,52,0,52,元大-和平,2024-08-08,9863
3048,益登,49,0,49,元大-和平,2024-08-08,9863
2382,廣達,88,42,46,元大-和平,2024-08-08,9863
2886,兆豐金,58,13,45,元大-和平,2024-08-08,9863
3019,亞光,52,10,42,元大-和平,2024-08-08,9863
00720B,元大投資級公司債,41,0,41,元大-和平,2024-08-08,9863
2645,長榮航太,31,0,31,元大-和平,2024-08-08,9863
2337,旺宏,48,19,29,元大-和平,2024-08-08,9863
00679B,元大美債20年,49,21,28,元大-和平,2024-08-08,9863
2542,興富發,25,0,25,元大-和平,2024-08-08,9863
8027,鈦昇,25,0,25,元大-和平,2024-08-08,9863
00795B,中信美國公債20年,25,0,25,元大-和平,2024-08-08,9863
6180,橘子,30,6,24,元大-和平,2024-08-08,9863
00940,元大台灣價值高息,57,33,24,元大-和平,2024-08-08,9863
3376,新日興,26,2,24,元大-和平,2024-08-08,9863
8210,勤誠,23,0,23,元大-和平,2024-08-08,9863
2745,五福,29,7,22,元大-和平,2024-08-08,9863
2834,臺企銀,24,2,22,元大-和平,2024-08-08,9863
8091,翔名,22,1,21,元大-和平,2024-08-08,9863
2888,新光金,30,10,20,元大-和平,2024-08-08,9863
00646,元大S＆P500,20,0,20,元大-和平,2024-08-08,9863
00706L,期元大S＆P日圓正2,20,0,20,元大-和平,2024-08-08,9863
5243,乙盛-KY,20,0,20,元大-和平,2024-08-08,9863
8028,昇陽半導體,18,0,18,元大-和平,2024-08-08,9863
2330,台積電,23,6,17,元大-和平,2024-08-08,9863
5607,遠雄港,16,0,16,元大-和平,2024-08-08,9863
4564,元翎,15,0,15,元大-和平,2024-08-08,9863
2884,玉山金,14,0,14,元大-和平,2024-08-08,9863
1785,光洋科,14,0,14,元大-和平,2024-08-08,9863
4414,如興,14,0,14,元大-和平,2024-08-08,9863
00878,國泰永續高股息,54,40,14,元大-和平,2024-08-08,9863
5483,中美晶,14,1,13,元大-和平,2024-08-08,9863
3047,訊舟,36,23,13,元大-和平,2024-08-08,9863
2609,陽明,15,3,12,元大-和平,2024-08-08,9863
9906,欣巴巴,12,0,12,元大-和平,2024-08-08,9863
00946,群益科技高息成長,12,0,12,元大-和平,2024-08-08,9863
1522,堤維西,12,0,12,元大-和平,2024-08-08,9863
2323,中環,14,2,12,元大-和平,2024-08-08,9863
2887,台新金,12,0,12,元大-和平,2024-08-08,9863
6757,台灣虎航,12,0,12,元大-和平,2024-08-08,9863
2892,第一金,11,0,11,元大-和平,2024-08-08,9863
00893,國泰智能電動車,11,0,11,元大-和平,2024-08-08,9863
00687B,國泰20年美債,2208,3,2205,元大-和平,2024-08-09,9863
00632R,元大台灣50反1,420,44,376,元大-和平,2024-08-09,9863
00679B,元大美債20年,129,17,112,元大-和平,2024-08-09,9863
00937B,群益ESG投等債20,137,27,110,元大-和平,2024-08-09,9863
2489,瑞軒,55,5,50,元大-和平,2024-08-09,9863
9945,潤泰新,55,7,48,元大-和平,2024-08-09,9863
1201,味全,47,0,47,元大-和平,2024-08-09,9863
2834,臺企銀,48,10,38,元大-和平,2024-08-09,9863
00751B,元大AAA至A公司債,57,20,37,元大-和平,2024-08-09,9863
2062,橋椿,40,11,29,元大-和平,2024-08-09,9863
00878,國泰永續高股息,45,20,25,元大-和平,2024-08-09,9863
00720B,元大投資級公司債,23,0,23,元大-和平,2024-08-09,9863
5213,亞昕,42,20,22,元大-和平,2024-08-09,9863
2545,皇翔,33,13,20,元大-和平,2024-08-09,9863
3450,聯鈞,28,9,19,元大-和平,2024-08-09,9863
3019,亞光,63,45,18,元大-和平,2024-08-09,9863
6603,富強鑫,32,14,18,元大-和平,2024-08-09,9863
00795B,中信美國公債20年,17,0,17,元大-和平,2024-08-09,9863
4909,新復興,37,20,17,元大-和平,2024-08-09,9863
9906,欣巴巴,17,1,16,元大-和平,2024-08-09,9863
00929,復華台灣科技優息,24,8,16,元大-和平,2024-08-09,9863
00949,復華日本龍頭,26,10,16,元大-和平,2024-08-09,9863
2340,台亞,16,0,16,元大-和平,2024-08-09,9863
00948B,中信優息投資級債,15,0,15,元大-和平,2024-08-09,9863
2349,錸德,20,5,15,元大-和平,2024-08-09,9863
8043,蜜望實,22,7,15,元大-和平,2024-08-09,9863
2208,台船,15,1,14,元大-和平,2024-08-09,9863
3706,神達,22,9,13,元大-和平,2024-08-09,9863
3167,大量,18,5,13,元大-和平,2024-08-09,9863
00934,中信成長高股息,13,0,13,元大-和平,2024-08-09,9863
00946,群益科技高息成長,13,0,13,元大-和平,2024-08-09,9863
2421,建準,14,1,13,元大-和平,2024-08-09,9863
3265,台星科,13,0,13,元大-和平,2024-08-09,9863
00830,國泰費城半導體,13,1,12,元大-和平,2024-08-09,9863
2486,一詮,15,3,12,元大-和平,2024-08-09,9863
00688L,國泰20年美債正2,12,0,12,元大-和平,2024-08-09,9863
00931B,統一美債20年,12,0,12,元大-和平,2024-08-09,9863
00940,元大台灣價值高息,21,9,12,元大-和平,2024-08-09,9863
2537,聯上發,12,0,12,元大-和平,2024-08-09,9863
3715,定穎投控,17,5,12,元大-和平,2024-08-09,9863
3044,健鼎,15,4,11,元大-和平,2024-08-09,9863
8936,國統,14,3,11,元大-和平,2024-08-09,9863
6462,神盾,10,0,10,元大-和平,2024-08-09,9863
00671R,富邦NASDAQ反1,10,0,10,元大-和平,2024-08-09,9863
1786,科妍,10,0,10,元大-和平,2024-08-09,9863
1802,台玻,10,0,10,元大-和平,2024-08-09,9863
2243,宏旭-KY,13,3,10,元大-和平,2024-08-09,9863
2417,圓剛,18,8,10,元大-和平,2024-08-09,9863
2543,皇昌,19,9,10,元大-和平,2024-08-09,9863
3202,樺晟,10,0,10,元大-和平,2024-08-09,9863
00632R,元大台灣50反1,2024,8,2016,元大-和平,2024-08-12,9863
00948B,中信優息投資級債,98,0,98,元大-和平,2024-08-12,9863
00915,凱基優選高股息30,90,0,90,元大-和平,2024-08-12,9863
6456,GIS-KY,84,0,84,元大-和平,2024-08-12,9863
2883,凱基金,70,0,70,元大-和平,2024-08-12,9863
6156,松上,70,3,67,元大-和平,2024-08-12,9863
00945B,凱基美國非投等債,60,0,60,元大-和平,2024-08-12,9863
2317,鴻海,110,55,55,元大-和平,2024-08-12,9863
00937B,群益ESG投等債20,65,14,51,元大-和平,2024-08-12,9863
00898,國泰基因免疫革命,50,0,50,元大-和平,2024-08-12,9863
1201,味全,48,0,48,元大-和平,2024-08-12,9863
00679B,元大美債20年,45,0,45,元大-和平,2024-08-12,9863
00929,復華台灣科技優息,45,0,45,元大-和平,2024-08-12,9863
2618,長榮航,77,33,44,元大-和平,2024-08-12,9863
2723,美食-KY,38,0,38,元大-和平,2024-08-12,9863
3167,大量,40,4,36,元大-和平,2024-08-12,9863
2409,友達,40,7,33,元大-和平,2024-08-12,9863
1802,台玻,30,0,30,元大-和平,2024-08-12,9863
6215,和椿,30,1,29,元大-和平,2024-08-12,9863
00900,富邦特選高股息30,30,4,26,元大-和平,2024-08-12,9863
00878,國泰永續高股息,31,5,26,元大-和平,2024-08-12,9863
4523,永彰,22,0,22,元大-和平,2024-08-12,9863
2543,皇昌,29,7,22,元大-和平,2024-08-12,9863
2891,中信金,20,0,20,元大-和平,2024-08-12,9863
3712,永崴投控,20,0,20,元大-和平,2024-08-12,9863
2368,金像電,20,0,20,元大-和平,2024-08-12,9863
006208,富邦台50,23,3,20,元大-和平,2024-08-12,9863
3581,博磊,17,0,17,元大-和平,2024-08-12,9863
00795B,中信美國公債20年,15,0,15,元大-和平,2024-08-12,9863
3706,神達,21,6,15,元大-和平,2024-08-12,9863
2362,藍天,16,1,15,元大-和平,2024-08-12,9863
8028,昇陽半導體,15,1,14,元大-和平,2024-08-12,9863
2002,中鋼,15,2,13,元大-和平,2024-08-12,9863
2349,錸德,16,3,13,元大-和平,2024-08-12,9863
8996,高力,17,4,13,元大-和平,2024-08-12,9863
00921,兆豐龍頭等權重,13,0,13,元大-和平,2024-08-12,9863
2344,華邦電,29,17,12,元大-和平,2024-08-12,9863
5443,均豪,15,3,12,元大-和平,2024-08-12,9863
3357,臺慶科,12,0,12,元大-和平,2024-08-12,9863
2455,全新,11,0,11,元大-和平,2024-08-12,9863
2641,正德,11,0,11,元大-和平,2024-08-12,9863
2880,華南金,11,0,11,元大-和平,2024-08-12,9863
2383,台光電,11,1,10,元大-和平,2024-08-12,9863
2103,台橡,10,0,10,元大-和平,2024-08-12,9863
3202,樺晟,10,0,10,元大-和平,2024-08-12,9863
3312,弘憶股,10,0,10,元大-和平,2024-08-12,9863
3631,晟楠,10,0,10,元大-和平,2024-08-12,9863
4167,松瑞藥,10,0,10,元大-和平,2024-08-12,9863
6415,矽力*-KY,15,5,10,元大-和平,2024-08-12,9863
8942,森鉅,10,0,10,元大-和平,2024-08-12,9863
00680L,元大美債20正2,106,0,106,元大-和平,2024-08-13,9863
4566,時碩工業,113,44,69,元大-和平,2024-08-13,9863
2880,華南金,71,2,69,元大-和平,2024-08-13,9863
00679B,元大美債20年,66,4,62,元大-和平,2024-08-13,9863
3481,群創,75,16,59,元大-和平,2024-08-13,9863
2610,華航,53,0,53,元大-和平,2024-08-13,9863
2312,金寶,55,6,49,元大-和平,2024-08-13,9863
2801,彰銀,48,0,48,元大-和平,2024-08-13,9863
5469,瀚宇博,47,0,47,元大-和平,2024-08-13,9863
1201,味全,45,0,45,元大-和平,2024-08-13,9863
2609,陽明,39,1,38,元大-和平,2024-08-13,9863
00878,國泰永續高股息,34,2,32,元大-和平,2024-08-13,9863
00940,元大台灣價值高息,31,1,30,元大-和平,2024-08-13,9863
00650L,復華香港正2,30,0,30,元大-和平,2024-08-13,9863
3231,緯創,35,6,29,元大-和平,2024-08-13,9863
3450,聯鈞,30,6,24,元大-和平,2024-08-13,9863
00632R,元大台灣50反1,221,200,21,元大-和平,2024-08-13,9863
1802,台玻,20,0,20,元大-和平,2024-08-13,9863
3022,威強電,20,0,20,元大-和平,2024-08-13,9863
00795B,中信美國公債20年,18,0,18,元大-和平,2024-08-13,9863
9945,潤泰新,17,0,17,元大-和平,2024-08-13,9863
2449,京元電子,26,10,16,元大-和平,2024-08-13,9863
2891,中信金,15,0,15,元大-和平,2024-08-13,9863
2495,普安,16,1,15,元大-和平,2024-08-13,9863
2365,昆盈,30,15,15,元大-和平,2024-08-13,9863
00881,國泰台灣5G+,17,3,14,元大-和平,2024-08-13,9863
1303,南亞,14,0,14,元大-和平,2024-08-13,9863
2597,潤弘,16,3,13,元大-和平,2024-08-13,9863
2615,萬海,19,6,13,元大-和平,2024-08-13,9863
3013,晟銘電,22,10,12,元大-和平,2024-08-13,9863
8028,昇陽半導體,16,4,12,元大-和平,2024-08-13,9863
3037,欣興,11,0,11,元大-和平,2024-08-13,9863
2313,華通,13,2,11,元大-和平,2024-08-13,9863
3060,銘異,11,0,11,元大-和平,2024-08-13,9863
6505,台塑化,11,0,11,元大-和平,2024-08-13,9863
2486,一詮,17,7,10,元大-和平,2024-08-13,9863
4746,台耀,10,0,10,元大-和平,2024-08-13,9863
00719B,元大美債1-3,10,0,10,元大-和平,2024-08-13,9863
00664R,國泰臺灣加權反1,10,0,10,元大-和平,2024-08-13,9863
2481,強茂,10,0,10,元大-和平,2024-08-13,9863
2545,皇翔,10,0,10,元大-和平,2024-08-13,9863
3631,晟楠,10,0,10,元大-和平,2024-08-13,9863
4720,德淵,10,0,10,元大-和平,2024-08-13,9863
6512,啟發電,10,0,10,元大-和平,2024-08-13,9863
8383,千附,10,0,10,元大-和平,2024-08-13,9863
2882,國泰金,12,2,10,元大-和平,2024-08-13,9863
2603,長榮,9,0,9,元大-和平,2024-08-13,9863
00673R,期元大S＆P原油反1,9,0,9,元大-和平,2024-08-13,9863
5213,亞昕,40,31,9,元大-和平,2024-08-13,9863
9902,台火,9,0,9,元大-和平,2024-08-13,9863
00632R,元大台灣50反1,810,26,784,元大-和平,2024-08-14,9863
3481,群創,86,5,81,元大-和平,2024-08-14,9863
1201,味全,50,0,50,元大-和平,2024-08-14,9863
2371,大同,60,12,48,元大-和平,2024-08-14,9863
00688L,國泰20年美債正2,45,0,45,元大-和平,2024-08-14,9863
2888,新光金,45,10,35,元大-和平,2024-08-14,9863
3202,樺晟,27,0,27,元大-和平,2024-08-14,9863
00929,復華台灣科技優息,29,3,26,元大-和平,2024-08-14,9863
6446,藥華藥,40,15,25,元大-和平,2024-08-14,9863
2543,皇昌,65,40,25,元大-和平,2024-08-14,9863
9945,潤泰新,38,14,24,元大-和平,2024-08-14,9863
00881,國泰台灣5G+,23,0,23,元大-和平,2024-08-14,9863
2607,榮運,27,9,18,元大-和平,2024-08-14,9863
00946,群益科技高息成長,20,3,17,元大-和平,2024-08-14,9863
2349,錸德,24,7,17,元大-和平,2024-08-14,9863
3303,岱稜,18,1,17,元大-和平,2024-08-14,9863
6164,華興,20,4,16,元大-和平,2024-08-14,9863
6561,是方,16,0,16,元大-和平,2024-08-14,9863
2915,潤泰全,30,15,15,元大-和平,2024-08-14,9863
2886,兆豐金,14,0,14,元大-和平,2024-08-14,9863
2351,順德,14,0,14,元大-和平,2024-08-14,9863
2374,佳能,13,0,13,元大-和平,2024-08-14,9863
4303,信立,12,0,12,元大-和平,2024-08-14,9863
8942,森鉅,12,0,12,元大-和平,2024-08-14,9863
2615,萬海,15,4,11,元大-和平,2024-08-14,9863
2002,中鋼,15,3,12,元大-和平,2024-08-14,9863
02001L,富邦蘋果正二N,11,0,11,元大-和平,2024-08-14,9863
2880,華南金,11,0,11,元大-和平,2024-08-14,9863
2017,官田鋼,10,0,10,元大-和平,2024-08-14,9863
8043,蜜望實,15,5,10,元大-和平,2024-08-14,9863
00795B,中信美國公債20年,10,0,10,元大-和平,2024-08-14,9863
1608,華榮,12,2,10,元大-和平,2024-08-14,9863
6026,福邦證,10,0,10,元大-和平,2024-08-14,9863
8440,綠電,10,0,10,元大-和平,2024-08-14,9863
6472,保瑞,8,0,8,元大-和平,2024-08-14,9863
4523,永彰,16,8,8,元大-和平,2024-08-14,9863
6152,百一,8,0,8,元大-和平,2024-08-14,9863
3050,鈺德,7,0,7,元大-和平,2024-08-14,9863
4909,新復興,7,0,7,元大-和平,2024-08-14,9863
6269,台郡,7,0,7,元大-和平,2024-08-14,9863
2464,盟立,17,10,7,元大-和平,2024-08-14,9863
8436,大江,7,0,7,元大-和平,2024-08-14,9863
3406,玉晶光,6,0,6,元大-和平,2024-08-14,9863
00679B,元大美債20年,41,35,6,元大-和平,2024-08-14,9863
00719B,元大美債1-3,6,0,6,元大-和平,2024-08-14,9863
00949,復華日本龍頭,6,0,6,元大-和平,2024-08-14,9863
2376,技嘉,8,2,6,元大-和平,2024-08-14,9863
2609,陽明,21,15,6,元大-和平,2024-08-14,9863
8938,明安,6,0,6,元大-和平,2024-08-14,9863
6770,力積電,8,2,6,元大-和平,2024-08-14,9863
00632R,元大台灣50反1,262,42,220,元大-和平,2024-08-15,9863
00878,國泰永續高股息,99,6,93,元大-和平,2024-08-15,9863
00900,富邦特選高股息30,85,1,84,元大-和平,2024-08-15,9863
2596,綠意,92,23,69,元大-和平,2024-08-15,9863
6788,華景電,65,2,63,元大-和平,2024-08-15,9863
2062,橋椿,72,16,56,元大-和平,2024-08-15,9863
1201,味全,50,0,50,元大-和平,2024-08-15,9863
1805,寶徠,47,1,46,元大-和平,2024-08-15,9863
5213,亞昕,70,25,45,元大-和平,2024-08-15,9863
9935,慶豐富,53,12,41,元大-和平,2024-08-15,9863
5471,松翰,39,0,39,元大-和平,2024-08-15,9863
2610,華航,85,53,32,元大-和平,2024-08-15,9863
3581,博磊,36,4,32,元大-和平,2024-08-15,9863
2313,華通,30,0,30,元大-和平,2024-08-15,9863
2352,佳世達,40,10,30,元大-和平,2024-08-15,9863
2607,榮運,30,1,29,元大-和平,2024-08-15,9863
00929,復華台灣科技優息,25,0,25,元大-和平,2024-08-15,9863
3605,宏致,29,4,25,元大-和平,2024-08-15,9863
3551,世禾,23,0,23,元大-和平,2024-08-15,9863
00674R,期元大S＆P黃金反1,22,0,22,元大-和平,2024-08-15,9863
2887,台新金,21,0,21,元大-和平,2024-08-15,9863
6968,萬達寵物,21,0,21,元大-和平,2024-08-15,9863
00671R,富邦NASDAQ反1,20,0,20,元大-和平,2024-08-15,9863
00637L,元大滬深300正2,20,0,20,元大-和平,2024-08-15,9863
2374,佳能,19,0,19,元大-和平,2024-08-15,9863
5512,力麒,18,0,18,元大-和平,2024-08-15,9863
2317,鴻海,35,17,18,元大-和平,2024-08-15,9863
2885,元大金,16,1,15,元大-和平,2024-08-15,9863
00932,兆豐永續高息等權,15,0,15,元大-和平,2024-08-15,9863
9907,統一實,17,3,14,元大-和平,2024-08-15,9863
1301,台塑,13,0,13,元大-和平,2024-08-15,9863
2618,長榮航,17,4,13,元大-和平,2024-08-15,9863
5202,力新,13,0,13,元大-和平,2024-08-15,9863
2801,彰銀,16,3,13,元大-和平,2024-08-15,9863
2892,第一金,13,0,13,元大-和平,2024-08-15,9863
8299,群聯,14,2,12,元大-和平,2024-08-15,9863
4540,全球傳動,21,9,12,元大-和平,2024-08-15,9863
00715L,期街口布蘭特正2,16,4,12,元大-和平,2024-08-15,9863
2376,技嘉,23,11,12,元大-和平,2024-08-15,9863
2489,瑞軒,16,4,12,元大-和平,2024-08-15,9863
2344,華邦電,11,0,11,元大-和平,2024-08-15,9863
2409,友達,27,16,11,元大-和平,2024-08-15,9863
6152,百一,11,0,11,元大-和平,2024-08-15,9863
3450,聯鈞,23,12,11,元大-和平,2024-08-15,9863
2324,仁寶,15,5,10,元大-和平,2024-08-15,9863
2408,南亞科,11,0,11,元大-和平,2024-08-15,9863
00919,群益台灣精選高息,10,0,10,元大-和平,2024-08-15,9863
00690,兆豐藍籌30,10,0,10,元大-和平,2024-08-15,9863
2031,新光鋼,10,0,10,元大-和平,2024-08-15,9863
2363,矽統,10,0,10,元大-和平,2024-08-15,9863
00632R,元大台灣50反1,733,263,470,元大-和平,2024-08-16,9863
00687B,國泰20年美債,282,2,280,元大-和平,2024-08-16,9863
2731,雄獅,100,0,100,元大-和平,2024-08-16,9863
00688L,國泰20年美債正2,65,0,65,元大-和平,2024-08-16,9863
3032,偉訓,61,6,55,元大-和平,2024-08-16,9863
2062,橋椿,66,11,55,元大-和平,2024-08-16,9863
1805,寶徠,51,0,51,元大-和平,2024-08-16,9863
4105,東洋,49,0,49,元大-和平,2024-08-16,9863
2354,鴻準,52,6,46,元大-和平,2024-08-16,9863
5471,松翰,36,0,36,元大-和平,2024-08-16,9863
00795B,中信美國公債20年,36,0,36,元大-和平,2024-08-16,9863
5213,亞昕,106,71,35,元大-和平,2024-08-16,9863
4549,桓達,60,30,30,元大-和平,2024-08-16,9863
1513,中興電,28,4,24,元大-和平,2024-08-16,9863
6156,松上,24,0,24,元大-和平,2024-08-16,9863
6143,振曜,20,0,20,元大-和平,2024-08-16,9863
2363,矽統,88,72,16,元大-和平,2024-08-16,9863
00720B,元大投資級公司債,20,5,15,元大-和平,2024-08-16,9863
6757,台灣虎航,15,0,15,元大-和平,2024-08-16,9863
00680L,元大美債20正2,29,15,14,元大-和平,2024-08-16,9863
2603,長榮,35,21,14,元大-和平,2024-08-16,9863
8210,勤誠,14,1,13,元大-和平,2024-08-16,9863
00857B,永豐20年美公債,13,0,13,元大-和平,2024-08-16,9863
5443,均豪,26,14,12,元大-和平,2024-08-16,9863
2313,華通,17,5,12,元大-和平,2024-08-16,9863
6133,金橋,12,0,12,元大-和平,2024-08-16,9863
2348,海悅,13,1,12,元大-和平,2024-08-16,9863
02001L,富邦蘋果正二N,24,13,11,元大-和平,2024-08-16,9863
3312,弘憶股,11,0,11,元大-和平,2024-08-16,9863
2347,聯強,10,0,10,元大-和平,2024-08-16,9863
2489,瑞軒,23,13,10,元大-和平,2024-08-16,9863
00671R,富邦NASDAQ反1,10,0,10,元大-和平,2024-08-16,9863
3339,泰谷,10,0,10,元大-和平,2024-08-16,9863
00830,國泰費城半導體,12,2,10,元大-和平,2024-08-16,9863
8096,擎亞,62,53,9,元大-和平,2024-08-16,9863
4958,臻鼎-KY,12,3,9,元大-和平,2024-08-16,9863
1409,新纖,8,0,8,元大-和平,2024-08-16,9863
4540,全球傳動,18,10,8,元大-和平,2024-08-16,9863
1560,中砂,9,1,8,元大-和平,2024-08-16,9863
6446,藥華藥,13,5,8,元大-和平,2024-08-16,9863
1301,台塑,8,1,7,元大-和平,2024-08-16,9863
2367,燿華,24,17,7,元大-和平,2024-08-16,9863
8438,昶昕,7,0,7,元大-和平,2024-08-16,9863
1316,上曜,12,5,7,元大-和平,2024-08-16,9863
3689,湧德,9,3,6,元大-和平,2024-08-16,9863
6239,力成,18,12,6,元大-和平,2024-08-16,9863
2352,佳世達,8,2,6,元大-和平,2024-08-16,9863
2002,中鋼,7,1,6,元大-和平,2024-08-16,9863
00933B,國泰10Y+金融債,6,0,6,元大-和平,2024-08-16,9863
00937B,群益ESG投等債20,9,3,6,元大-和平,2024-08-16,9863
2888,新光金,1180,93,1087,元大-和平,2024-08-19,9863
9904,寶成,680,0,680,元大-和平,2024-08-19,9863
00632R,元大台灣50反1,507,5,502,元大-和平,2024-08-19,9863
00687B,國泰20年美債,354,0,354,元大-和平,2024-08-19,9863
00929,復華台灣科技優息,192,13,179,元大-和平,2024-08-19,9863
00679B,元大美債20年,131,5,126,元大-和平,2024-08-19,9863
4906,正文,62,2,60,元大-和平,2024-08-19,9863
2371,大同,53,3,50,元大-和平,2024-08-19,9863
1805,寶徠,44,0,44,元大-和平,2024-08-19,9863
00923,群益台ESG低碳50,41,3,38,元大-和平,2024-08-19,9863
3167,大量,40,2,38,元大-和平,2024-08-19,9863
3047,訊舟,52,16,36,元大-和平,2024-08-19,9863
2881,富邦金,32,1,31,元大-和平,2024-08-19,9863
00936,台新永續高息中小,30,0,30,元大-和平,2024-08-19,9863
00933B,國泰10Y+金融債,27,0,27,元大-和平,2024-08-19,9863
3019,亞光,50,25,25,元大-和平,2024-08-19,9863
2359,所羅門,31,6,25,元大-和平,2024-08-19,9863
1611,中電,25,1,24,元大-和平,2024-08-19,9863
4523,永彰,23,0,23,元大-和平,2024-08-19,9863
2344,華邦電,22,0,22,元大-和平,2024-08-19,9863
00655L,國泰中國A50正2,20,0,20,元大-和平,2024-08-19,9863
00795B,中信美國公債20年,20,0,20,元大-和平,2024-08-19,9863
3013,晟銘電,21,2,19,元大-和平,2024-08-19,9863
00881,國泰台灣5G+,23,4,19,元大-和平,2024-08-19,9863
3048,益登,20,2,18,元大-和平,2024-08-19,9863
2409,友達,20,3,17,元大-和平,2024-08-19,9863
6461,益得,17,0,17,元大-和平,2024-08-19,9863
00688L,國泰20年美債正2,16,0,16,元大-和平,2024-08-19,9863
00949,復華日本龍頭,15,0,15,元大-和平,2024-08-19,9863
2027,大成鋼,15,0,15,元大-和平,2024-08-19,9863
00751B,元大AAA至A公司債,15,1,14,元大-和平,2024-08-19,9863
2031,新光鋼,14,0,14,元大-和平,2024-08-19,9863
4566,時碩工業,17,4,13,元大-和平,2024-08-19,9863
4105,東洋,12,0,12,元大-和平,2024-08-19,9863
6284,佳邦,12,0,12,元大-和平,2024-08-19,9863
3008,大立光,12,0,12,元大-和平,2024-08-19,9863
2610,華航,12,1,11,元大-和平,2024-08-19,9863
5481,新華,11,0,11,元大-和平,2024-08-19,9863
6442,光聖,11,1,10,元大-和平,2024-08-19,9863
2406,國碩,10,0,10,元大-和平,2024-08-19,9863
2489,瑞軒,36,26,10,元大-和平,2024-08-19,9863
2596,綠意,10,0,10,元大-和平,2024-08-19,9863
4552,力達-KY,10,0,10,元大-和平,2024-08-19,9863
4720,德淵,10,0,10,元大-和平,2024-08-19,9863
9105,泰金寶-DR,10,0,10,元大-和平,2024-08-19,9863
9928,中視,9,0,9,元大-和平,2024-08-19,9863
2615,萬海,10,2,8,元大-和平,2024-08-19,9863
3231,緯創,9,1,8,元大-和平,2024-08-19,9863
3062,建漢,11,3,8,元大-和平,2024-08-19,9863
6592,和潤企業,8,0,8,元大-和平,2024-08-19,9863
9904,寶成,492,0,492,元大-和平,2024-08-20,9863
00687B,國泰20年美債,350,0,350,元大-和平,2024-08-20,9863
00632R,元大台灣50反1,310,105,205,元大-和平,2024-08-20,9863
6156,松上,150,3,147,元大-和平,2024-08-20,9863
2883,凱基金,106,21,85,元大-和平,2024-08-20,9863
2371,大同,80,1,79,元大-和平,2024-08-20,9863
5469,瀚宇博,71,0,71,元大-和平,2024-08-20,9863
00937B,群益ESG投等債20,126,60,66,元大-和平,2024-08-20,9863
1786,科妍,50,0,50,元大-和平,2024-08-20,9863
4109,加捷生醫,48,0,48,元大-和平,2024-08-20,9863
3019,亞光,55,10,45,元大-和平,2024-08-20,9863
00948B,中信優息投資級債,41,0,41,元大-和平,2024-08-20,9863
2365,昆盈,50,20,30,元大-和平,2024-08-20,9863
2317,鴻海,37,8,29,元大-和平,2024-08-20,9863
00671R,富邦NASDAQ反1,26,0,26,元大-和平,2024-08-20,9863
2906,高林,25,0,25,元大-和平,2024-08-20,9863
2543,皇昌,25,2,23,元大-和平,2024-08-20,9863
2374,佳能,25,3,22,元大-和平,2024-08-20,9863
1513,中興電,29,7,22,元大-和平,2024-08-20,9863
2596,綠意,20,0,20,元大-和平,2024-08-20,9863
6104,創惟,27,7,20,元大-和平,2024-08-20,9863
00715L,期街口布蘭特正2,17,0,17,元大-和平,2024-08-20,9863
2340,台亞,17,0,17,元大-和平,2024-08-20,9863
9945,潤泰新,17,0,17,元大-和平,2024-08-20,9863
3580,友威科,37,20,17,元大-和平,2024-08-20,9863
00923,群益台ESG低碳50,19,3,16,元大-和平,2024-08-20,9863
3491,昇達科,15,0,15,元大-和平,2024-08-20,9863
2352,佳世達,14,0,14,元大-和平,2024-08-20,9863
02001L,富邦蘋果正二N,13,0,13,元大-和平,2024-08-20,9863
2748,雲品,12,0,12,元大-和平,2024-08-20,9863
00878,國泰永續高股息,12,1,11,元大-和平,2024-08-20,9863
3498,陽程,24,13,11,元大-和平,2024-08-20,9863
2464,盟立,26,15,11,元大-和平,2024-08-20,9863
2439,美律,16,6,10,元大-和平,2024-08-20,9863
8096,擎亞,28,18,10,元大-和平,2024-08-20,9863
00664R,國泰臺灣加權反1,10,0,10,元大-和平,2024-08-20,9863
00764B,群益25年美債,10,0,10,元大-和平,2024-08-20,9863
00904,新光臺灣半導體30,10,0,10,元大-和平,2024-08-20,9863
5525,順天,10,0,10,元大-和平,2024-08-20,9863
8107,大億金茂,15,5,10,元大-和平,2024-08-20,9863
2344,華邦電,21,11,10,元大-和平,2024-08-20,9863
1326,台化,9,0,9,元大-和平,2024-08-20,9863
1584,精剛,19,10,9,元大-和平,2024-08-20,9863
3047,訊舟,15,6,9,元大-和平,2024-08-20,9863
00751B,元大AAA至A公司債,10,1,9,元大-和平,2024-08-20,9863
00949,復華日本龍頭,9,0,9,元大-和平,2024-08-20,9863
4523,永彰,10,1,9,元大-和平,2024-08-20,9863
3017,奇鋐,9,1,8,元大-和平,2024-08-20,9863
9958,世紀鋼,10,2,8,元大-和平,2024-08-20,9863
00719B,元大美債1-3,8,0,8,元大-和平,2024-08-20,9863
00953B,群益優選非投等債,339,0,339,元大-和平,2024-08-21,9863
00632R,元大台灣50反1,439,103,336,元大-和平,2024-08-21,9863
00918,大華優利高填息30,187,0,187,元大-和平,2024-08-21,9863
2312,金寶,183,8,175,元大-和平,2024-08-21,9863
2891,中信金,107,0,107,元大-和平,2024-08-21,9863
00919,群益台灣精選高息,100,1,99,元大-和平,2024-08-21,9863
9904,寶成,92,12,80,元大-和平,2024-08-21,9863
00687B,國泰20年美債,206,150,56,元大-和平,2024-08-21,9863
00679B,元大美債20年,53,10,43,元大-和平,2024-08-21,9863
3707,漢磊,40,1,39,元大-和平,2024-08-21,9863
2317,鴻海,32,4,28,元大-和平,2024-08-21,9863
00882,中信中國高股息,32,5,27,元大-和平,2024-08-21,9863
00940,元大台灣價值高息,34,10,24,元大-和平,2024-08-21,9863
3535,晶彩科,65,43,22,元大-和平,2024-08-21,9863
1785,光洋科,38,16,22,元大-和平,2024-08-21,9863
00680L,元大美債20正2,30,8,22,元大-和平,2024-08-21,9863
00690,兆豐藍籌30,20,0,20,元大-和平,2024-08-21,9863
00900,富邦特選高股息30,20,1,19,元大-和平,2024-08-21,9863
8064,東捷,35,17,18,元大-和平,2024-08-21,9863
6807,峰源-KY,17,0,17,元大-和平,2024-08-21,9863
6869,雲豹能源,18,2,16,元大-和平,2024-08-21,9863
00650L,復華香港正2,16,0,16,元大-和平,2024-08-21,9863
00671R,富邦NASDAQ反1,16,0,16,元大-和平,2024-08-21,9863
4555,氣立,19,3,16,元大-和平,2024-08-21,9863
2330,台積電,25,10,15,元大-和平,2024-08-21,9863
00665L,富邦�琤肭磪囓�2,15,0,15,元大-和平,2024-08-21,9863
2610,華航,15,0,15,元大-和平,2024-08-21,9863
6284,佳邦,15,1,14,元大-和平,2024-08-21,9863
00881,國泰台灣5G+,14,0,14,元大-和平,2024-08-21,9863
2542,興富發,14,1,13,元大-和平,2024-08-21,9863
2002,中鋼,13,0,13,元大-和平,2024-08-21,9863
2362,藍天,15,2,13,元大-和平,2024-08-21,9863
2439,美律,15,2,13,元大-和平,2024-08-21,9863
2374,佳能,17,4,13,元大-和平,2024-08-21,9863
5443,均豪,32,20,12,元大-和平,2024-08-21,9863
2890,永豐金,12,0,12,元大-和平,2024-08-21,9863
4906,正文,16,4,12,元大-和平,2024-08-21,9863
00923,群益台ESG低碳50,11,0,11,元大-和平,2024-08-21,9863
5263,智崴,11,0,11,元大-和平,2024-08-21,9863
4909,新復興,11,0,11,元大-和平,2024-08-21,9863
2313,華通,11,0,11,元大-和平,2024-08-21,9863
8089,康全電訊,16,6,10,元大-和平,2024-08-21,9863
00878,國泰永續高股息,13,3,10,元大-和平,2024-08-21,9863
3712,永崴投控,13,3,10,元大-和平,2024-08-21,9863
00712,復華富時不動產,10,0,10,元大-和平,2024-08-21,9863
2337,旺宏,10,0,10,元大-和平,2024-08-21,9863
2344,華邦電,22,12,10,元大-和平,2024-08-21,9863
2489,瑞軒,14,4,10,元大-和平,2024-08-21,9863
2605,新興,10,0,10,元大-和平,2024-08-21,9863
2912,統一超,10,0,10,元大-和平,2024-08-21,9863
00632R,元大台灣50反1,206,52,154,元大-和平,2024-08-22,9863
9904,寶成,187,90,97,元大-和平,2024-08-22,9863
2891,中信金,98,2,96,元大-和平,2024-08-22,9863
8096,擎亞,99,14,85,元大-和平,2024-08-22,9863
00940,元大台灣價值高息,87,8,79,元大-和平,2024-08-22,9863
00949,復華日本龍頭,60,0,60,元大-和平,2024-08-22,9863
4707,磐亞,52,0,52,元大-和平,2024-08-22,9863
00688L,國泰20年美債正2,51,0,51,元大-和平,2024-08-22,9863
6156,松上,51,0,51,元大-和平,2024-08-22,9863
912000,晨訊科-DR,49,0,49,元大-和平,2024-08-22,9863
1514,亞力,62,16,46,元大-和平,2024-08-22,9863
00937B,群益ESG投等債20,49,10,39,元大-和平,2024-08-22,9863
2312,金寶,39,0,39,元大-和平,2024-08-22,9863
6104,創惟,41,2,39,元大-和平,2024-08-22,9863
00929,復華台灣科技優息,37,1,36,元大-和平,2024-08-22,9863
2349,錸德,102,68,34,元大-和平,2024-08-22,9863
2351,順德,34,1,33,元大-和平,2024-08-22,9863
2596,綠意,40,10,30,元大-和平,2024-08-22,9863
9939,宏全,29,0,29,元大-和平,2024-08-22,9863
4303,信立,40,12,28,元大-和平,2024-08-22,9863
2382,廣達,29,1,28,元大-和平,2024-08-22,9863
3019,亞光,39,13,26,元大-和平,2024-08-22,9863
1799,易威,30,5,25,元大-和平,2024-08-22,9863
1584,精剛,33,10,23,元大-和平,2024-08-22,9863
00953B,群益優選非投等債,22,0,22,元大-和平,2024-08-22,9863
2353,宏��,22,0,22,元大-和平,2024-08-22,9863
1513,中興電,38,18,20,元大-和平,2024-08-22,9863
00919,群益台灣精選高息,20,0,20,元大-和平,2024-08-22,9863
00764B,群益25年美債,20,0,20,元大-和平,2024-08-22,9863
00954,中信日本半導體,20,0,20,元大-和平,2024-08-22,9863
2449,京元電子,18,1,17,元大-和平,2024-08-22,9863
2317,鴻海,32,15,17,元大-和平,2024-08-22,9863
00885,富邦越南,15,2,13,元大-和平,2024-08-22,9863
00751B,元大AAA至A公司債,14,1,13,元大-和平,2024-08-22,9863
6807,峰源-KY,13,0,13,元大-和平,2024-08-22,9863
2882,國泰金,12,0,12,元大-和平,2024-08-22,9863
5425,台半,14,2,12,元大-和平,2024-08-22,9863
2890,永豐金,11,0,11,元大-和平,2024-08-22,9863
00713,元大台灣高息低波,12,1,11,元大-和平,2024-08-22,9863
1611,中電,11,0,11,元大-和平,2024-08-22,9863
2543,皇昌,11,0,11,元大-和平,2024-08-22,9863
0056,元大高股息,10,0,10,元大-和平,2024-08-22,9863
3689,湧德,12,2,10,元大-和平,2024-08-22,9863
6189,豐藝,10,0,10,元大-和平,2024-08-22,9863
5443,均豪,27,17,10,元大-和平,2024-08-22,9863
00687B,國泰20年美債,14,4,10,元大-和平,2024-08-22,9863
4909,新復興,9,0,9,元大-和平,2024-08-22,9863
00680L,元大美債20正2,9,0,9,元大-和平,2024-08-22,9863
1522,堤維西,9,0,9,元大-和平,2024-08-22,9863
4526,東台,10,1,9,元大-和平,2024-08-22,9863
2891,中信金,280,3,277,元大-和平,2024-08-23,9863
1314,中石化,204,36,168,元大-和平,2024-08-23,9863
1409,新纖,193,50,143,元大-和平,2024-08-23,9863
00751B,元大AAA至A公司債,113,0,113,元大-和平,2024-08-23,9863
00937B,群益ESG投等債20,76,2,74,元大-和平,2024-08-23,9863
9904,寶成,70,0,70,元大-和平,2024-08-23,9863
4540,全球傳動,72,3,69,元大-和平,2024-08-23,9863
2349,錸德,155,102,53,元大-和平,2024-08-23,9863
00687B,國泰20年美債,46,0,46,元大-和平,2024-08-23,9863
2887,台新金,48,5,43,元大-和平,2024-08-23,9863
00680L,元大美債20正2,42,0,42,元大-和平,2024-08-23,9863
912000,晨訊科-DR,72,35,37,元大-和平,2024-08-23,9863
2885,元大金,31,0,31,元大-和平,2024-08-23,9863
2845,遠東銀,30,4,26,元大-和平,2024-08-23,9863
2337,旺宏,26,1,25,元大-和平,2024-08-23,9863
2351,順德,25,0,25,元大-和平,2024-08-23,9863
6712,長聖,25,0,25,元大-和平,2024-08-23,9863
2438,翔耀,24,0,24,元大-和平,2024-08-23,9863
00878,國泰永續高股息,25,1,24,元大-和平,2024-08-23,9863
2382,廣達,23,1,22,元大-和平,2024-08-23,9863
00632R,元大台灣50反1,23,3,20,元大-和平,2024-08-23,9863
1611,中電,20,0,20,元大-和平,2024-08-23,9863
2596,綠意,20,0,20,元大-和平,2024-08-23,9863
2317,鴻海,25,6,19,元大-和平,2024-08-23,9863
2524,京城,18,0,18,元大-和平,2024-08-23,9863
6405,悅城,18,0,18,元大-和平,2024-08-23,9863
00919,群益台灣精選高息,17,1,16,元大-和平,2024-08-23,9863
9945,潤泰新,36,20,16,元大-和平,2024-08-23,9863
8028,昇陽半導體,32,16,16,元大-和平,2024-08-23,9863
2915,潤泰全,16,0,16,元大-和平,2024-08-23,9863
1708,東鹼,37,22,15,元大-和平,2024-08-23,9863
00715L,期街口布蘭特正2,20,5,15,元大-和平,2024-08-23,9863
3047,訊舟,19,5,14,元大-和平,2024-08-23,9863
2449,京元電子,17,3,14,元大-和平,2024-08-23,9863
2344,華邦電,13,0,13,元大-和平,2024-08-23,9863
00679B,元大美債20年,13,0,13,元大-和平,2024-08-23,9863
00933B,國泰10Y+金融債,12,0,12,元大-和平,2024-08-23,9863
00929,復華台灣科技優息,32,20,12,元大-和平,2024-08-23,9863
4908,前鼎,13,1,12,元大-和平,2024-08-23,9863
4906,正文,18,7,11,元大-和平,2024-08-23,9863
1711,永光,30,20,10,元大-和平,2024-08-23,9863
1532,勤美,10,0,10,元大-和平,2024-08-23,9863
1718,中纖,10,0,10,元大-和平,2024-08-23,9863
2303,聯電,15,5,10,元大-和平,2024-08-23,9863
2393,億光,10,0,10,元大-和平,2024-08-23,9863
6235,華孚,10,0,10,元大-和平,2024-08-23,9863
2359,所羅門,12,2,10,元大-和平,2024-08-23,9863
3019,亞光,25,15,10,元大-和平,2024-08-23,9863
2543,皇昌,9,0,9,元大-和平,2024-08-23,9863
2312,金寶,10,1,9,元大-和平,2024-08-23,9863
2888,新光金,1399,414,985,元大-和平,2024-08-26,9863
00751B,元大AAA至A公司債,169,11,158,元大-和平,2024-08-26,9863
1409,新纖,151,23,128,元大-和平,2024-08-26,9863
00687B,國泰20年美債,114,0,114,元大-和平,2024-08-26,9863
2891,中信金,354,255,99,元大-和平,2024-08-26,9863
00679B,元大美債20年,77,1,76,元大-和平,2024-08-26,9863
2887,台新金,111,41,70,元大-和平,2024-08-26,9863
00919,群益台灣精選高息,67,0,67,元大-和平,2024-08-26,9863
00937B,群益ESG投等債20,65,0,65,元大-和平,2024-08-26,9863
1587,吉茂,60,1,59,元大-和平,2024-08-26,9863
2312,金寶,51,3,48,元大-和平,2024-08-26,9863
1718,中纖,40,0,40,元大-和平,2024-08-26,9863
8105,凌巨,40,0,40,元大-和平,2024-08-26,9863
2356,英業達,48,10,38,元大-和平,2024-08-26,9863
8096,擎亞,73,35,38,元大-和平,2024-08-26,9863
6658,聯策,32,0,32,元大-和平,2024-08-26,9863
4303,信立,31,0,31,元大-和平,2024-08-26,9863
2614,東森,30,0,30,元大-和平,2024-08-26,9863
2376,技嘉,39,10,29,元大-和平,2024-08-26,9863
6606,建德工業,30,3,27,元大-和平,2024-08-26,9863
00688L,國泰20年美債正2,25,0,25,元大-和平,2024-08-26,9863
9939,宏全,30,8,22,元大-和平,2024-08-26,9863
8039,台虹,31,9,22,元大-和平,2024-08-26,9863
2313,華通,39,17,22,元大-和平,2024-08-26,9863
5443,均豪,41,21,20,元大-和平,2024-08-26,9863
00655L,國泰中國A50正2,20,0,20,元大-和平,2024-08-26,9863
00946,群益科技高息成長,20,0,20,元大-和平,2024-08-26,9863
2641,正德,20,0,20,元大-和平,2024-08-26,9863
3032,偉訓,20,0,20,元大-和平,2024-08-26,9863
2377,微星,29,11,18,元大-和平,2024-08-26,9863
2330,台積電,23,5,18,元大-和平,2024-08-26,9863
3062,建漢,26,10,16,元大-和平,2024-08-26,9863
2489,瑞軒,19,3,16,元大-和平,2024-08-26,9863
6968,萬達寵物,16,0,16,元大-和平,2024-08-26,9863
2402,毅嘉,34,19,15,元大-和平,2024-08-26,9863
5263,智崴,17,2,15,元大-和平,2024-08-26,9863
2467,志聖,17,3,14,元大-和平,2024-08-26,9863
00696B,富邦美債20年,13,0,13,元大-和平,2024-08-26,9863
2890,永豐金,12,0,12,元大-和平,2024-08-26,9863
4716,大立,18,6,12,元大-和平,2024-08-26,9863
1785,光洋科,21,10,11,元大-和平,2024-08-26,9863
1611,中電,10,0,10,元大-和平,2024-08-26,9863
2439,美律,10,0,10,元大-和平,2024-08-26,9863
00878,國泰永續高股息,10,1,9,元大-和平,2024-08-26,9863
4555,氣立,9,0,9,元大-和平,2024-08-26,9863
00929,復華台灣科技優息,20,12,8,元大-和平,2024-08-26,9863
00673R,期元大S＆P原油反1,8,0,8,元大-和平,2024-08-26,9863
4906,正文,11,3,8,元大-和平,2024-08-26,9863
2464,盟立,8,0,8,元大-和平,2024-08-26,9863
3339,泰谷,7,0,7,元大-和平,2024-08-26,9863
2891,中信金,744,19,725,元大-和平,2024-08-27,9863
3481,群創,222,23,199,元大-和平,2024-08-27,9863
00687B,國泰20年美債,172,0,172,元大-和平,2024-08-27,9863
2408,南亞科,102,1,101,元大-和平,2024-08-27,9863
2897,王道銀行,100,0,100,元大-和平,2024-08-27,9863
1718,中纖,70,0,70,元大-和平,2024-08-27,9863
2887,台新金,85,26,59,元大-和平,2024-08-27,9863
00680L,元大美債20正2,55,0,55,元大-和平,2024-08-27,9863
00751B,元大AAA至A公司債,54,0,54,元大-和平,2024-08-27,9863
2883,凱基金,50,0,50,元大-和平,2024-08-27,9863
00688L,國泰20年美債正2,35,0,35,元大-和平,2024-08-27,9863
00679B,元大美債20年,34,0,34,元大-和平,2024-08-27,9863
5876,上海商銀,31,0,31,元大-和平,2024-08-27,9863
00919,群益台灣精選高息,31,1,30,元大-和平,2024-08-27,9863
2888,新光金,272,242,30,元大-和平,2024-08-27,9863
2609,陽明,28,0,28,元大-和平,2024-08-27,9863
2377,微星,30,6,24,元大-和平,2024-08-27,9863
2303,聯電,25,1,24,元大-和平,2024-08-27,9863
6290,良維,24,2,22,元大-和平,2024-08-27,9863
2610,華航,31,10,21,元大-和平,2024-08-27,9863
4927,泰鼎-KY,20,0,20,元大-和平,2024-08-27,9863
3673,TPK-KY,22,2,20,元大-和平,2024-08-27,9863
2382,廣達,25,6,19,元大-和平,2024-08-27,9863
6658,聯策,27,10,17,元大-和平,2024-08-27,9863
00937B,群益ESG投等債20,16,1,15,元大-和平,2024-08-27,9863
00878,國泰永續高股息,14,0,14,元大-和平,2024-08-27,9863
1409,新纖,15,1,14,元大-和平,2024-08-27,9863
2867,三商壽,15,2,13,元大-和平,2024-08-27,9863
2330,台積電,17,4,13,元大-和平,2024-08-27,9863
8027,鈦昇,15,3,12,元大-和平,2024-08-27,9863
00720B,元大投資級公司債,12,0,12,元大-和平,2024-08-27,9863
00940,元大台灣價值高息,18,6,12,元大-和平,2024-08-27,9863
1722,台肥,13,1,12,元大-和平,2024-08-27,9863
6431,光麗-KY,12,0,12,元大-和平,2024-08-27,9863
2603,長榮,13,2,11,元大-和平,2024-08-27,9863
4979,華星光,12,1,11,元大-和平,2024-08-27,9863
00673R,期元大S＆P原油反1,11,0,11,元大-和平,2024-08-27,9863
8454,富邦媒,10,0,10,元大-和平,2024-08-27,9863
2062,橋椿,10,0,10,元大-和平,2024-08-27,9863
2337,旺宏,10,0,10,元大-和平,2024-08-27,9863
4562,穎漢,12,2,10,元大-和平,2024-08-27,9863
5213,亞昕,10,0,10,元大-和平,2024-08-27,9863
9105,泰金寶-DR,10,0,10,元大-和平,2024-08-27,9863
3013,晟銘電,12,3,9,元大-和平,2024-08-27,9863
3707,漢磊,55,46,9,元大-和平,2024-08-27,9863
6213,聯茂,9,0,9,元大-和平,2024-08-27,9863
2748,雲品,8,0,8,元大-和平,2024-08-27,9863
4967,十銓,13,5,8,元大-和平,2024-08-27,9863
6188,廣明,14,6,8,元大-和平,2024-08-27,9863
00725B,國泰投資級公司債,7,0,7,元大-和平,2024-08-27,9863
5469,瀚宇博,167,1,166,元大-和平,2024-08-28,9863
2610,華航,90,1,89,元大-和平,2024-08-28,9863
2867,三商壽,87,1,86,元大-和平,2024-08-28,9863
00882,中信中國高股息,70,4,66,元大-和平,2024-08-28,9863
00632R,元大台灣50反1,181,115,66,元大-和平,2024-08-28,9863
00687B,國泰20年美債,49,0,49,元大-和平,2024-08-28,9863
3062,建漢,57,11,46,元大-和平,2024-08-28,9863
00679B,元大美債20年,40,1,39,元大-和平,2024-08-28,9863
3481,群創,244,205,39,元大-和平,2024-08-28,9863
00915,凱基優選高股息30,33,0,33,元大-和平,2024-08-28,9863
00940,元大台灣價值高息,38,5,33,元大-和平,2024-08-28,9863
5443,均豪,50,17,33,元大-和平,2024-08-28,9863
00919,群益台灣精選高息,40,12,28,元大-和平,2024-08-28,9863
2376,技嘉,25,1,24,元大-和平,2024-08-28,9863
2337,旺宏,24,0,24,元大-和平,2024-08-28,9863
3605,宏致,26,3,23,元大-和平,2024-08-28,9863
00715L,期街口布蘭特正2,23,0,23,元大-和平,2024-08-28,9863
00637L,元大滬深300正2,22,0,22,元大-和平,2024-08-28,9863
2324,仁寶,22,0,22,元大-和平,2024-08-28,9863
0050,元大台灣50,20,0,20,元大-和平,2024-08-28,9863
00655L,國泰中國A50正2,20,0,20,元大-和平,2024-08-28,9863
2425,承啟,20,0,20,元大-和平,2024-08-28,9863
1904,正隆,19,0,19,元大-和平,2024-08-28,9863
4534,慶騰,18,0,18,元大-和平,2024-08-28,9863
00795B,中信美國公債20年,17,0,17,元大-和平,2024-08-28,9863
4526,東台,22,6,16,元大-和平,2024-08-28,9863
00688L,國泰20年美債正2,15,0,15,元大-和平,2024-08-28,9863
3227,原相,14,0,14,元大-和平,2024-08-28,9863
3715,定穎投控,22,9,13,元大-和平,2024-08-28,9863
3535,晶彩科,13,1,12,元大-和平,2024-08-28,9863
00959B,大華投等美債15Y+,12,0,12,元大-和平,2024-08-28,9863
4533,協易機,15,3,12,元大-和平,2024-08-28,9863
1611,中電,11,0,11,元大-和平,2024-08-28,9863
5386,青雲,22,12,10,元大-和平,2024-08-28,9863
1708,東鹼,12,2,10,元大-和平,2024-08-28,9863
3498,陽程,10,0,10,元大-和平,2024-08-28,9863
8021,尖點,15,5,10,元大-和平,2024-08-28,9863
2357,華碩,11,2,9,元大-和平,2024-08-28,9863
2362,藍天,12,3,9,元大-和平,2024-08-28,9863
6134,萬旭,9,0,9,元大-和平,2024-08-28,9863
6753,龍德造船,10,1,9,元大-和平,2024-08-28,9863
8064,東捷,43,35,8,元大-和平,2024-08-28,9863
8039,台虹,21,13,8,元大-和平,2024-08-28,9863
2382,廣達,20,13,7,元大-和平,2024-08-28,9863
1597,直得,9,2,7,元大-和平,2024-08-28,9863
3376,新日興,8,1,7,元大-和平,2024-08-28,9863
1301,台塑,9,2,7,元大-和平,2024-08-28,9863
3550,聯穎,14,7,7,元大-和平,2024-08-28,9863
9904,寶成,10,3,7,元大-和平,2024-08-28,9863
00830,國泰費城半導體,7,0,7,元大-和平,2024-08-28,9863
2891,中信金,1216,13,1203,元大-和平,2024-08-29,9863
00687B,國泰20年美債,295,0,295,元大-和平,2024-08-29,9863
00679B,元大美債20年,106,0,106,元大-和平,2024-08-29,9863
1904,正隆,91,0,91,元大-和平,2024-08-29,9863
00680L,元大美債20正2,85,0,85,元大-和平,2024-08-29,9863
1718,中纖,80,0,80,元大-和平,2024-08-29,9863
3481,群創,80,12,68,元大-和平,2024-08-29,9863
00919,群益台灣精選高息,69,9,60,元大-和平,2024-08-29,9863
3062,建漢,65,12,53,元大-和平,2024-08-29,9863
00918,大華優利高填息30,60,10,50,元大-和平,2024-08-29,9863
00929,復華台灣科技優息,35,0,35,元大-和平,2024-08-29,9863
4540,全球傳動,25,2,23,元大-和平,2024-08-29,9863
00751B,元大AAA至A公司債,23,0,23,元大-和平,2024-08-29,9863
00937B,群益ESG投等債20,23,0,23,元大-和平,2024-08-29,9863
912000,晨訊科-DR,23,0,23,元大-和平,2024-08-29,9863
00934,中信成長高股息,21,0,21,元大-和平,2024-08-29,9863
2402,毅嘉,30,10,20,元大-和平,2024-08-29,9863
4303,信立,24,4,20,元大-和平,2024-08-29,9863
6968,萬達寵物,16,0,16,元大-和平,2024-08-29,9863
2330,台積電,19,4,15,元大-和平,2024-08-29,9863
2382,廣達,29,14,15,元大-和平,2024-08-29,9863
3149,正達,13,0,13,元大-和平,2024-08-29,9863
00878,國泰永續高股息,18,6,12,元大-和平,2024-08-29,9863
00795B,中信美國公債20年,12,0,12,元大-和平,2024-08-29,9863
1540,喬福,62,51,11,元大-和平,2024-08-29,9863
3550,聯穎,28,17,11,元大-和平,2024-08-29,9863
8111,立��,16,5,11,元大-和平,2024-08-29,9863
1721,三晃,12,1,11,元大-和平,2024-08-29,9863
0056,元大高股息,13,3,10,元大-和平,2024-08-29,9863
3231,緯創,11,1,10,元大-和平,2024-08-29,9863
4927,泰鼎-KY,10,0,10,元大-和平,2024-08-29,9863
00877,復華中國5G,10,0,10,元大-和平,2024-08-29,9863
00933B,國泰10Y+金融債,10,0,10,元大-和平,2024-08-29,9863
1611,中電,10,0,10,元大-和平,2024-08-29,9863
3390,旭軟,10,0,10,元大-和平,2024-08-29,9863
6606,建德工業,10,0,10,元大-和平,2024-08-29,9863
00946,群益科技高息成長,10,1,9,元大-和平,2024-08-29,9863
0050,元大台灣50,9,0,9,元大-和平,2024-08-29,9863
2303,聯電,11,2,9,元大-和平,2024-08-29,9863
2388,威盛,11,2,9,元大-和平,2024-08-29,9863
1727,中華化,27,18,9,元大-和平,2024-08-29,9863
2314,台揚,10,2,8,元大-和平,2024-08-29,9863
2317,鴻海,14,6,8,元大-和平,2024-08-29,9863
4576,大銀微系統,10,2,8,元大-和平,2024-08-29,9863
6446,藥華藥,8,0,8,元大-和平,2024-08-29,9863
00944,野村趨勢動能高息,8,0,8,元大-和平,2024-08-29,9863
00953B,群益優選非投等債,8,0,8,元大-和平,2024-08-29,9863
2723,美食-KY,8,0,8,元大-和平,2024-08-29,9863
4714,永捷,26,18,8,元大-和平,2024-08-29,9863
3003,健和興,20,12,8,元大-和平,2024-08-29,9863
2891,中信金,282,0,282,元大-和平,2024-08-30,9863
00687B,國泰20年美債,366,100,266,元大-和平,2024-08-30,9863
2867,三商壽,80,0,80,元大-和平,2024-08-30,9863
00919,群益台灣精選高息,67,0,67,元大-和平,2024-08-30,9863
3481,群創,124,66,58,元大-和平,2024-08-30,9863
2364,倫飛,49,1,48,元大-和平,2024-08-30,9863
6698,旭暉應材,44,0,44,元大-和平,2024-08-30,9863
2880,華南金,41,0,41,元大-和平,2024-08-30,9863
1711,永光,52,12,40,元大-和平,2024-08-30,9863
00650L,復華香港正2,38,0,38,元大-和平,2024-08-30,9863
6968,萬達寵物,32,0,32,元大-和平,2024-08-30,9863
00940,元大台灣價值高息,39,8,31,元大-和平,2024-08-30,9863
00762,元大全球AI,30,0,30,元大-和平,2024-08-30,9863
2425,承啟,36,7,29,元大-和平,2024-08-30,9863
2367,燿華,59,34,25,元大-和平,2024-08-30,9863
00688L,國泰20年美債正2,25,0,25,元大-和平,2024-08-30,9863
2101,南港,25,0,25,元大-和平,2024-08-30,9863
00795B,中信美國公債20年,22,0,22,元大-和平,2024-08-30,9863
00933B,國泰10Y+金融債,22,0,22,元大-和平,2024-08-30,9863
2545,皇翔,20,0,20,元大-和平,2024-08-30,9863
6213,聯茂,23,5,18,元大-和平,2024-08-30,9863
00898,國泰基因免疫革命,18,0,18,元大-和平,2024-08-30,9863
00937B,群益ESG投等債20,18,0,18,元大-和平,2024-08-30,9863
4729,熒茂,15,0,15,元大-和平,2024-08-30,9863
4526,東台,81,68,13,元大-和平,2024-08-30,9863
1539,巨庭,13,0,13,元大-和平,2024-08-30,9863
3631,晟楠,13,0,13,元大-和平,2024-08-30,9863
6156,松上,16,3,13,元大-和平,2024-08-30,9863
3490,單井,12,0,12,元大-和平,2024-08-30,9863
5512,力麒,12,0,12,元大-和平,2024-08-30,9863
2340,台亞,13,1,12,元大-和平,2024-08-30,9863
2324,仁寶,11,0,11,元大-和平,2024-08-30,9863
6187,萬潤,11,0,11,元大-和平,2024-08-30,9863
00881,國泰台灣5G+,10,0,10,元大-和平,2024-08-30,9863
2618,長榮航,12,2,10,元大-和平,2024-08-30,9863
00939,統一台灣高息動能,10,0,10,元大-和平,2024-08-30,9863
00959B,大華投等美債15Y+,10,0,10,元大-和平,2024-08-30,9863
2610,華航,10,0,10,元大-和平,2024-08-30,9863
6274,台燿,12,3,9,元大-和平,2024-08-30,9863
3605,宏致,9,0,9,元大-和平,2024-08-30,9863
3047,訊舟,9,0,9,元大-和平,2024-08-30,9863
2312,金寶,10,2,8,元大-和平,2024-08-30,9863
00948B,中信優息投資級債,8,0,8,元大-和平,2024-08-30,9863
3715,定穎投控,13,5,8,元大-和平,2024-08-30,9863
00878,國泰永續高股息,18,11,7,元大-和平,2024-08-30,9863
2368,金像電,7,0,7,元大-和平,2024-08-30,9863
8021,尖點,11,4,7,元大-和平,2024-08-30,9863
3019,亞光,9,3,6,元大-和平,2024-08-30,9863
00712,復華富時不動產,8,2,6,元大-和平,2024-08-30,9863
5478,智冠,6,0,6,元大-和平,2024-08-30,9863
00927,群益半導體收益,200,0,200,元大-和平,2024-09-02,9863
6164,華興,150,0,150,元大-和平,2024-09-02,9863
5469,瀚宇博,117,7,110,元大-和平,2024-09-02,9863
9904,寶成,127,20,107,元大-和平,2024-09-02,9863
1718,中纖,100,0,100,元大-和平,2024-09-02,9863
3019,亞光,72,2,70,元大-和平,2024-09-02,9863
00632R,元大台灣50反1,110,52,58,元大-和平,2024-09-02,9863
00940,元大台灣價值高息,68,16,52,元大-和平,2024-09-02,9863
2312,金寶,62,18,44,元大-和平,2024-09-02,9863
00687B,國泰20年美債,43,1,42,元大-和平,2024-09-02,9863
4906,正文,52,12,40,元大-和平,2024-09-02,9863
912000,晨訊科-DR,35,0,35,元大-和平,2024-09-02,9863
00688L,國泰20年美債正2,43,10,33,元大-和平,2024-09-02,9863
00795B,中信美國公債20年,31,0,31,元大-和平,2024-09-02,9863
00919,群益台灣精選高息,31,1,30,元大-和平,2024-09-02,9863
2610,華航,30,0,30,元大-和平,2024-09-02,9863
2609,陽明,36,7,29,元大-和平,2024-09-02,9863
6968,萬達寵物,29,0,29,元大-和平,2024-09-02,9863
2313,華通,47,22,25,元大-和平,2024-09-02,9863
3149,正達,23,0,23,元大-和平,2024-09-02,9863
4714,永捷,21,0,21,元大-和平,2024-09-02,9863
2537,聯上發,20,0,20,元大-和平,2024-09-02,9863
00937B,群益ESG投等債20,21,2,19,元大-和平,2024-09-02,9863
00915,凱基優選高股息30,19,0,19,元大-和平,2024-09-02,9863
2489,瑞軒,20,1,19,元大-和平,2024-09-02,9863
6698,旭暉應材,18,0,18,元大-和平,2024-09-02,9863
8927,北基,17,0,17,元大-和平,2024-09-02,9863
4128,中天,17,0,17,元大-和平,2024-09-02,9863
6143,振曜,17,0,17,元大-和平,2024-09-02,9863
00713,元大台灣高息低波,16,0,16,元大-和平,2024-09-02,9863
2603,長榮,16,1,15,元大-和平,2024-09-02,9863
2402,毅嘉,38,23,15,元大-和平,2024-09-02,9863
2392,正崴,15,1,14,元大-和平,2024-09-02,9863
2352,佳世達,17,3,14,元大-和平,2024-09-02,9863
3231,緯創,17,3,14,元大-和平,2024-09-02,9863
2354,鴻準,13,1,12,元大-和平,2024-09-02,9863
00753L,中信中國50正2,12,0,12,元大-和平,2024-09-02,9863
2515,中工,15,3,12,元大-和平,2024-09-02,9863
6213,聯茂,15,4,11,元大-和平,2024-09-02,9863
00715L,期街口布蘭特正2,11,0,11,元大-和平,2024-09-02,9863
2438,翔耀,11,0,11,元大-和平,2024-09-02,9863
2062,橋椿,10,0,10,元大-和平,2024-09-02,9863
3167,大量,10,0,10,元大-和平,2024-09-02,9863
1532,勤美,10,0,10,元大-和平,2024-09-02,9863
2323,中環,10,0,10,元大-和平,2024-09-02,9863
8054,安國,15,5,10,元大-和平,2024-09-02,9863
5706,鳳凰,11,1,10,元大-和平,2024-09-02,9863
4935,茂林-KY,10,1,9,元大-和平,2024-09-02,9863
9902,台火,9,0,9,元大-和平,2024-09-02,9863
00882,中信中國高股息,8,0,8,元大-和平,2024-09-02,9863
6164,華興,246,0,246,元大-和平,2024-09-03,9863
5469,瀚宇博,226,5,221,元大-和平,2024-09-03,9863
00919,群益台灣精選高息,166,1,165,元大-和平,2024-09-03,9863
1904,正隆,87,0,87,元大-和平,2024-09-03,9863
00940,元大台灣價值高息,65,2,63,元大-和平,2024-09-03,9863
3017,奇鋐,45,2,43,元大-和平,2024-09-03,9863
8076,伍豐,44,3,41,元大-和平,2024-09-03,9863
2332,友訊,40,2,38,元大-和平,2024-09-03,9863
2337,旺宏,37,1,36,元大-和平,2024-09-03,9863
3450,聯鈞,41,6,35,元大-和平,2024-09-03,9863
1316,上曜,64,30,34,元大-和平,2024-09-03,9863
00929,復華台灣科技優息,73,46,27,元大-和平,2024-09-03,9863
2312,金寶,28,2,26,元大-和平,2024-09-03,9863
2885,元大金,25,0,25,元大-和平,2024-09-03,9863
00687B,國泰20年美債,24,0,24,元大-和平,2024-09-03,9863
00937B,群益ESG投等債20,26,2,24,元大-和平,2024-09-03,9863
2354,鴻準,22,1,21,元大-和平,2024-09-03,9863
00679B,元大美債20年,20,0,20,元大-和平,2024-09-03,9863
00637L,元大滬深300正2,20,0,20,元大-和平,2024-09-03,9863
2596,綠意,27,7,20,元大-和平,2024-09-03,9863
6114,久威,20,0,20,元大-和平,2024-09-03,9863
6968,萬達寵物,20,0,20,元大-和平,2024-09-03,9863
9904,寶成,20,1,19,元大-和平,2024-09-03,9863
2882,國泰金,18,0,18,元大-和平,2024-09-03,9863
3703,欣陸,20,2,18,元大-和平,2024-09-03,9863
2464,盟立,38,20,18,元大-和平,2024-09-03,9863
00948B,中信優息投資級債,16,0,16,元大-和平,2024-09-03,9863
1524,耿鼎,15,0,15,元大-和平,2024-09-03,9863
3294,英濟,15,0,15,元大-和平,2024-09-03,9863
6152,百一,15,0,15,元大-和平,2024-09-03,9863
2881,富邦金,15,1,14,元大-和平,2024-09-03,9863
2408,南亞科,13,0,13,元大-和平,2024-09-03,9863
1513,中興電,15,2,13,元大-和平,2024-09-03,9863
3390,旭軟,13,0,13,元大-和平,2024-09-03,9863
00715L,期街口布蘭特正2,14,2,12,元大-和平,2024-09-03,9863
00878,國泰永續高股息,22,10,12,元大-和平,2024-09-03,9863
3217,優群,13,1,12,元大-和平,2024-09-03,9863
5706,鳳凰,20,8,12,元大-和平,2024-09-03,9863
00915,凱基優選高股息30,11,0,11,元大-和平,2024-09-03,9863
2371,大同,20,9,11,元大-和平,2024-09-03,9863
3535,晶彩科,23,13,10,元大-和平,2024-09-03,9863
00795B,中信美國公債20年,10,0,10,元大-和平,2024-09-03,9863
00655L,國泰中國A50正2,10,0,10,元大-和平,2024-09-03,9863
3062,建漢,28,18,10,元大-和平,2024-09-03,9863
5478,智冠,10,0,10,元大-和平,2024-09-03,9863
6698,旭暉應材,10,0,10,元大-和平,2024-09-03,9863
9933,中鼎,10,0,10,元大-和平,2024-09-03,9863
3149,正達,10,0,10,元大-和平,2024-09-03,9863
6215,和椿,12,3,9,元大-和平,2024-09-03,9863
2402,毅嘉,12,3,9,元大-和平,2024-09-03,9863
2891,中信金,1665,4,1661,元大-和平,2024-09-04,9863
00632R,元大台灣50反1,1005,112,893,元大-和平,2024-09-04,9863
2618,長榮航,300,27,273,元大-和平,2024-09-04,9863
5469,瀚宇博,269,49,220,元大-和平,2024-09-04,9863
9904,寶成,230,16,214,元大-和平,2024-09-04,9863
1904,正隆,201,0,201,元大-和平,2024-09-04,9863
3481,群創,215,51,164,元大-和平,2024-09-04,9863
00937B,群益ESG投等債20,158,0,158,元大-和平,2024-09-04,9863
00919,群益台灣精選高息,172,17,155,元大-和平,2024-09-04,9863
00940,元大台灣價值高息,159,20,139,元大-和平,2024-09-04,9863
00929,復華台灣科技優息,134,8,126,元大-和平,2024-09-04,9863
00918,大華優利高填息30,106,0,106,元大-和平,2024-09-04,9863
00878,國泰永續高股息,101,2,99,元大-和平,2024-09-04,9863
6164,華興,84,0,84,元大-和平,2024-09-04,9863
2614,東森,80,0,80,元大-和平,2024-09-04,9863
2330,台積電,82,4,78,元大-和平,2024-09-04,9863
0056,元大高股息,70,0,70,元大-和平,2024-09-04,9863
2834,臺企銀,60,4,56,元大-和平,2024-09-04,9863
1437,勤益控,56,0,56,元大-和平,2024-09-04,9863
00915,凱基優選高股息30,51,3,48,元大-和平,2024-09-04,9863
2913,農林,46,0,46,元大-和平,2024-09-04,9863
2382,廣達,49,5,44,元大-和平,2024-09-04,9863
2537,聯上發,93,50,43,元大-和平,2024-09-04,9863
6968,萬達寵物,40,0,40,元大-和平,2024-09-04,9863
1815,富喬,38,0,38,元大-和平,2024-09-04,9863
2002,中鋼,38,1,37,元大-和平,2024-09-04,9863
00680L,元大美債20正2,35,2,33,元大-和平,2024-09-04,9863
4105,東洋,32,0,32,元大-和平,2024-09-04,9863
00715L,期街口布蘭特正2,33,2,31,元大-和平,2024-09-04,9863
5392,能率,31,0,31,元大-和平,2024-09-04,9863
2723,美食-KY,30,0,30,元大-和平,2024-09-04,9863
5388,中磊,47,20,27,元大-和平,2024-09-04,9863
3450,聯鈞,27,0,27,元大-和平,2024-09-04,9863
2607,榮運,29,3,26,元大-和平,2024-09-04,9863
2313,華通,27,1,26,元大-和平,2024-09-04,9863
2885,元大金,29,4,25,元大-和平,2024-09-04,9863
00946,群益科技高息成長,35,10,25,元大-和平,2024-09-04,9863
00713,元大台灣高息低波,23,0,23,元大-和平,2024-09-04,9863
00933B,國泰10Y+金融債,26,3,23,元大-和平,2024-09-04,9863
6005,群益證,23,0,23,元大-和平,2024-09-04,9863
00905,FT臺灣Smart,21,0,21,元大-和平,2024-09-04,9863
1524,耿鼎,20,0,20,元大-和平,2024-09-04,9863
3703,欣陸,20,0,20,元大-和平,2024-09-04,9863
5213,亞昕,24,4,20,元大-和平,2024-09-04,9863
6757,台灣虎航,20,0,20,元大-和平,2024-09-04,9863
006208,富邦台50,28,10,18,元大-和平,2024-09-04,9863
5880,合庫金,18,0,18,元大-和平,2024-09-04,9863
00637L,元大滬深300正2,20,3,17,元大-和平,2024-09-04,9863
2867,三商壽,81,64,17,元大-和平,2024-09-04,9863
1301,台塑,23,7,16,元大-和平,2024-09-04,9863
00919,群益台灣精選高息,155,19,136,元大-和平,2024-09-05,9863
00918,大華優利高填息30,92,0,92,元大-和平,2024-09-05,9863
5388,中磊,80,0,80,元大-和平,2024-09-05,9863
00929,復華台灣科技優息,80,2,78,元大-和平,2024-09-05,9863
00952,凱基台灣AI50,74,0,74,元大-和平,2024-09-05,9863
1904,正隆,67,0,67,元大-和平,2024-09-05,9863
4114,健喬,60,0,60,元大-和平,2024-09-05,9863
2344,華邦電,51,0,51,元大-和平,2024-09-05,9863
2515,中工,60,9,51,元大-和平,2024-09-05,9863
912000,晨訊科-DR,44,0,44,元大-和平,2024-09-05,9863
1735,日勝化,50,8,42,元大-和平,2024-09-05,9863
00878,國泰永續高股息,40,1,39,元大-和平,2024-09-05,9863
00795B,中信美國公債20年,34,0,34,元大-和平,2024-09-05,9863
5469,瀚宇博,76,42,34,元大-和平,2024-09-05,9863
3374,精材,41,8,33,元大-和平,2024-09-05,9863
2408,南亞科,31,0,31,元大-和平,2024-09-05,9863
6164,華興,30,0,30,元大-和平,2024-09-05,9863
2317,鴻海,39,12,27,元大-和平,2024-09-05,9863
00905,FT臺灣Smart,26,0,26,元大-和平,2024-09-05,9863
6114,久威,29,3,26,元大-和平,2024-09-05,9863
9958,世紀鋼,28,2,26,元大-和平,2024-09-05,9863
2405,輔信,25,0,25,元大-和平,2024-09-05,9863
2597,潤弘,21,0,21,元大-和平,2024-09-05,9863
6189,豐藝,21,0,21,元大-和平,2024-09-05,9863
9945,潤泰新,21,0,21,元大-和平,2024-09-05,9863
00881,國泰台灣5G+,20,0,20,元大-和平,2024-09-05,9863
2855,統一證,20,0,20,元大-和平,2024-09-05,9863
6592,和潤企業,20,0,20,元大-和平,2024-09-05,9863
2355,敬鵬,20,0,20,元大-和平,2024-09-05,9863
2915,潤泰全,19,0,19,元大-和平,2024-09-05,9863
6284,佳邦,17,0,17,元大-和平,2024-09-05,9863
6968,萬達寵物,17,0,17,元大-和平,2024-09-05,9863
00713,元大台灣高息低波,16,0,16,元大-和平,2024-09-05,9863
2409,友達,17,1,16,元大-和平,2024-09-05,9863
2438,翔耀,19,3,16,元大-和平,2024-09-05,9863
2002,中鋼,14,0,14,元大-和平,2024-09-05,9863
00927,群益半導體收益,14,0,14,元大-和平,2024-09-05,9863
2402,毅嘉,15,1,14,元大-和平,2024-09-05,9863
00891,中信關鍵半導體,13,0,13,元大-和平,2024-09-05,9863
2367,燿華,13,1,12,元大-和平,2024-09-05,9863
00715L,期街口布蘭特正2,12,0,12,元大-和平,2024-09-05,9863
2351,順德,12,0,12,元大-和平,2024-09-05,9863
2745,五福,12,0,12,元大-和平,2024-09-05,9863
3450,聯鈞,12,0,12,元大-和平,2024-09-05,9863
6561,是方,12,1,11,元大-和平,2024-09-05,9863
2356,英業達,16,5,11,元大-和平,2024-09-05,9863
3715,定穎投控,11,0,11,元大-和平,2024-09-05,9863
5876,上海商銀,11,0,11,元大-和平,2024-09-05,9863
2867,三商壽,11,0,11,元大-和平,2024-09-05,9863
3605,宏致,10,0,10,元大-和平,2024-09-05,9863
00632R,元大台灣50反1,222,3,219,元大-和平,2024-09-06,9863
5388,中磊,70,0,70,元大-和平,2024-09-06,9863
2913,農林,65,0,65,元大-和平,2024-09-06,9863
2888,新光金,73,13,60,元大-和平,2024-09-06,9863
00878,國泰永續高股息,90,31,59,元大-和平,2024-09-06,9863
2542,興富發,50,0,50,元大-和平,2024-09-06,9863
3066,李洲,43,5,38,元大-和平,2024-09-06,9863
9939,宏全,37,5,32,元大-和平,2024-09-06,9863
00715L,期街口布蘭特正2,32,0,32,元大-和平,2024-09-06,9863
2351,順德,31,0,31,元大-和平,2024-09-06,9863
3374,精材,34,3,31,元大-和平,2024-09-06,9863
2883,凱基金,80,52,28,元大-和平,2024-09-06,9863
2449,京元電子,27,0,27,元大-和平,2024-09-06,9863
00918,大華優利高填息30,26,0,26,元大-和平,2024-09-06,9863
1904,正隆,26,0,26,元大-和平,2024-09-06,9863
00929,復華台灣科技優息,27,2,25,元大-和平,2024-09-06,9863
2615,萬海,25,0,25,元大-和平,2024-09-06,9863
2317,鴻海,24,1,23,元大-和平,2024-09-06,9863
00941,中信上游半導體,20,0,20,元大-和平,2024-09-06,9863
00637L,元大滬深300正2,20,0,20,元大-和平,2024-09-06,9863
3003,健和興,30,13,17,元大-和平,2024-09-06,9863
6231,系微,16,0,16,元大-和平,2024-09-06,9863
2337,旺宏,15,0,15,元大-和平,2024-09-06,9863
3576,聯合再生,15,0,15,元大-和平,2024-09-06,9863
2356,英業達,23,9,14,元大-和平,2024-09-06,9863
2881,富邦金,16,2,14,元大-和平,2024-09-06,9863
00949,復華日本龍頭,13,0,13,元大-和平,2024-09-06,9863
3264,欣銓,13,0,13,元大-和平,2024-09-06,9863
6698,旭暉應材,13,0,13,元大-和平,2024-09-06,9863
3712,永崴投控,11,0,11,元大-和平,2024-09-06,9863
00795B,中信美國公債20年,11,0,11,元大-和平,2024-09-06,9863
1612,宏泰,11,0,11,元大-和平,2024-09-06,9863
2610,華航,11,0,11,元大-和平,2024-09-06,9863
2455,全新,11,1,10,元大-和平,2024-09-06,9863
00713,元大台灣高息低波,10,0,10,元大-和平,2024-09-06,9863
00948B,中信優息投資級債,10,0,10,元大-和平,2024-09-06,9863
2596,綠意,15,5,10,元大-和平,2024-09-06,9863
6606,建德工業,23,13,10,元大-和平,2024-09-06,9863
2618,長榮航,10,1,9,元大-和平,2024-09-06,9863
00720B,元大投資級公司債,9,0,9,元大-和平,2024-09-06,9863
2597,潤弘,9,0,9,元大-和平,2024-09-06,9863
5474,聰泰,9,0,9,元大-和平,2024-09-06,9863
00919,群益台灣精選高息,29,20,9,元大-和平,2024-09-06,9863
00937B,群益ESG投等債20,8,0,8,元大-和平,2024-09-06,9863
6213,聯茂,15,7,8,元大-和平,2024-09-06,9863
8076,伍豐,12,4,8,元大-和平,2024-09-06,9863
2344,華邦電,13,6,7,元大-和平,2024-09-06,9863
2359,所羅門,10,3,7,元大-和平,2024-09-06,9863
3581,博磊,14,7,7,元大-和平,2024-09-06,9863
5534,長虹,22,15,7,元大-和平,2024-09-06,9863
00632R,元大台灣50反1,5514,5154,360,元大-和平,2024-09-09,9863
2618,長榮航,129,7,122,元大-和平,2024-09-09,9863
2371,大同,102,0,102,元大-和平,2024-09-09,9863
3481,群創,92,8,84,元大-和平,2024-09-09,9863
5388,中磊,76,0,76,元大-和平,2024-09-09,9863
00919,群益台灣精選高息,86,15,71,元大-和平,2024-09-09,9863
00878,國泰永續高股息,77,21,56,元大-和平,2024-09-09,9863
00929,復華台灣科技優息,102,51,51,元大-和平,2024-09-09,9863
00631L,元大台灣50正2,50,0,50,元大-和平,2024-09-09,9863
00915,凱基優選高股息30,50,4,46,元大-和平,2024-09-09,9863
2885,元大金,58,16,42,元大-和平,2024-09-09,9863
00940,元大台灣價值高息,57,17,40,元大-和平,2024-09-09,9863
00680L,元大美債20正2,35,0,35,元大-和平,2024-09-09,9863
00918,大華優利高填息30,40,8,32,元大-和平,2024-09-09,9863
00715L,期街口布蘭特正2,31,0,31,元大-和平,2024-09-09,9863
2614,東森,30,0,30,元大-和平,2024-09-09,9863
2880,華南金,30,0,30,元大-和平,2024-09-09,9863
2382,廣達,29,1,28,元大-和平,2024-09-09,9863
1904,正隆,27,0,27,元大-和平,2024-09-09,9863
2882,國泰金,26,0,26,元大-和平,2024-09-09,9863
2881,富邦金,26,0,26,元大-和平,2024-09-09,9863
00688L,國泰20年美債正2,25,0,25,元大-和平,2024-09-09,9863
1806,冠軍,25,0,25,元大-和平,2024-09-09,9863
2891,中信金,27,4,23,元大-和平,2024-09-09,9863
2327,國巨,23,1,22,元大-和平,2024-09-09,9863
2884,玉山金,22,1,21,元大-和平,2024-09-09,9863
00637L,元大滬深300正2,20,0,20,元大-和平,2024-09-09,9863
2317,鴻海,24,4,20,元大-和平,2024-09-09,9863
00946,群益科技高息成長,20,0,20,元大-和平,2024-09-09,9863
2330,台積電,28,9,19,元大-和平,2024-09-09,9863
1437,勤益控,19,0,19,元大-和平,2024-09-09,9863
2356,英業達,19,2,17,元大-和平,2024-09-09,9863
00753L,中信中國50正2,17,0,17,元大-和平,2024-09-09,9863
2645,長榮航太,17,0,17,元大-和平,2024-09-09,9863
2913,農林,20,5,15,元大-和平,2024-09-09,9863
1314,中石化,13,1,12,元大-和平,2024-09-09,9863
2607,榮運,15,4,11,元大-和平,2024-09-09,9863
00830,國泰費城半導體,11,1,10,元大-和平,2024-09-09,9863
00937B,群益ESG投等債20,12,2,10,元大-和平,2024-09-09,9863
2596,綠意,15,5,10,元大-和平,2024-09-09,9863
2855,統一證,10,0,10,元大-和平,2024-09-09,9863
5876,上海商銀,10,0,10,元大-和平,2024-09-09,9863
2002,中鋼,21,11,10,元大-和平,2024-09-09,9863
00882,中信中國高股息,9,0,9,元大-和平,2024-09-09,9863
00713,元大台灣高息低波,9,0,9,元大-和平,2024-09-09,9863
0050,元大台灣50,8,0,8,元大-和平,2024-09-09,9863
2609,陽明,9,1,8,元大-和平,2024-09-09,9863
2329,華泰,9,1,8,元大-和平,2024-09-09,9863
2615,萬海,8,0,8,元大-和平,2024-09-09,9863
3703,欣陸,7,0,7,元大-和平,2024-09-09,9863
0056,元大高股息,672,1,671,元大-和平,2024-09-10,9863
2645,長榮航太,82,0,82,元大-和平,2024-09-10,9863
9904,寶成,80,0,80,元大-和平,2024-09-10,9863
00937B,群益ESG投等債20,82,12,70,元大-和平,2024-09-10,9863
2327,國巨,70,1,69,元大-和平,2024-09-10,9863
2317,鴻海,72,4,68,元大-和平,2024-09-10,9863
00940,元大台灣價值高息,66,0,66,元大-和平,2024-09-10,9863
2313,華通,52,0,52,元大-和平,2024-09-10,9863
2618,長榮航,50,1,49,元大-和平,2024-09-10,9863
4909,新復興,55,11,44,元大-和平,2024-09-10,9863
00878,國泰永續高股息,43,0,43,元大-和平,2024-09-10,9863
1301,台塑,43,1,42,元大-和平,2024-09-10,9863
3481,群創,46,5,41,元大-和平,2024-09-10,9863
3264,欣銓,40,0,40,元大-和平,2024-09-10,9863
2382,廣達,48,10,38,元大-和平,2024-09-10,9863
6592,和潤企業,30,0,30,元大-和平,2024-09-10,9863
2545,皇翔,45,15,30,元大-和平,2024-09-10,9863
00946,群益科技高息成長,25,0,25,元大-和平,2024-09-10,9863
2442,新美齊,25,0,25,元大-和平,2024-09-10,9863
2337,旺宏,29,6,23,元大-和平,2024-09-10,9863
2610,華航,32,10,22,元大-和平,2024-09-10,9863
3227,原相,27,5,22,元大-和平,2024-09-10,9863
1101,台泥,44,23,21,元大-和平,2024-09-10,9863
2891,中信金,21,0,21,元大-和平,2024-09-10,9863
00957B,兆豐US優選投等債,20,0,20,元大-和平,2024-09-10,9863
00918,大華優利高填息30,18,0,18,元大-和平,2024-09-10,9863
3037,欣興,19,2,17,元大-和平,2024-09-10,9863
00680L,元大美債20正2,20,3,17,元大-和平,2024-09-10,9863
6968,萬達寵物,17,0,17,元大-和平,2024-09-10,9863
2609,陽明,18,3,15,元大-和平,2024-09-10,9863
2101,南港,15,0,15,元大-和平,2024-09-10,9863
2392,正崴,17,2,15,元大-和平,2024-09-10,9863
0050,元大台灣50,14,0,14,元大-和平,2024-09-10,9863
2330,台積電,20,7,13,元大-和平,2024-09-10,9863
3081,聯亞,14,1,13,元大-和平,2024-09-10,9863
4979,華星光,43,30,13,元大-和平,2024-09-10,9863
006208,富邦台50,13,0,13,元大-和平,2024-09-10,9863
00715L,期街口布蘭特正2,12,0,12,元大-和平,2024-09-10,9863
5876,上海商銀,11,0,11,元大-和平,2024-09-10,9863
2347,聯強,11,0,11,元大-和平,2024-09-10,9863
5425,台半,11,0,11,元大-和平,2024-09-10,9863
5483,中美晶,11,0,11,元大-和平,2024-09-10,9863
2349,錸德,12,1,11,元大-和平,2024-09-10,9863
1434,福懋,10,0,10,元大-和平,2024-09-10,9863
2323,中環,10,0,10,元大-和平,2024-09-10,9863
2393,億光,11,1,10,元大-和平,2024-09-10,9863
2915,潤泰全,12,2,10,元大-和平,2024-09-10,9863
5534,長虹,10,0,10,元大-和平,2024-09-10,9863
6114,久威,12,2,10,元大-和平,2024-09-10,9863
00679B,元大美債20年,21,12,9,元大-和平,2024-09-10,9863
2891,中信金,421,3,418,元大-和平,2024-09-11,9863
00937B,群益ESG投等債20,96,5,91,元大-和平,2024-09-11,9863
2371,大同,86,0,86,元大-和平,2024-09-11,9863
00680L,元大美債20正2,85,8,77,元大-和平,2024-09-11,9863
2867,三商壽,84,21,63,元大-和平,2024-09-11,9863
00953B,群益優選非投等債,56,0,56,元大-和平,2024-09-11,9863
00934,中信成長高股息,55,0,55,元大-和平,2024-09-11,9863
00957B,兆豐US優選投等債,50,0,50,元大-和平,2024-09-11,9863
3264,欣銓,44,0,44,元大-和平,2024-09-11,9863
00715L,期街口布蘭特正2,44,2,42,元大-和平,2024-09-11,9863
1101,台泥,34,0,34,元大-和平,2024-09-11,9863
00687B,國泰20年美債,44,11,33,元大-和平,2024-09-11,9863
00631L,元大台灣50正2,33,0,33,元大-和平,2024-09-11,9863
00762,元大全球AI,30,0,30,元大-和平,2024-09-11,9863
2883,凱基金,27,0,27,元大-和平,2024-09-11,9863
00878,國泰永續高股息,27,0,27,元大-和平,2024-09-11,9863
1522,堤維西,28,3,25,元大-和平,2024-09-11,9863
5483,中美晶,29,6,23,元大-和平,2024-09-11,9863
3576,聯合再生,22,0,22,元大-和平,2024-09-11,9863
6592,和潤企業,20,0,20,元大-和平,2024-09-11,9863
00652,富邦印度,20,0,20,元大-和平,2024-09-11,9863
00940,元大台灣價值高息,27,7,20,元大-和平,2024-09-11,9863
00915,凱基優選高股息30,19,0,19,元大-和平,2024-09-11,9863
00679B,元大美債20年,39,20,19,元大-和平,2024-09-11,9863
9934,成霖,20,1,19,元大-和平,2024-09-11,9863
00713,元大台灣高息低波,17,0,17,元大-和平,2024-09-11,9863
0056,元大高股息,16,0,16,元大-和平,2024-09-11,9863
2455,全新,16,0,16,元大-和平,2024-09-11,9863
3481,群創,17,2,15,元大-和平,2024-09-11,9863
2007,燁興,14,0,14,元大-和平,2024-09-11,9863
2497,怡利電,33,20,13,元大-和平,2024-09-11,9863
00881,國泰台灣5G+,13,0,13,元大-和平,2024-09-11,9863
00935,野村臺灣新科技50,12,0,12,元大-和平,2024-09-11,9863
00898,國泰基因免疫革命,12,0,12,元大-和平,2024-09-11,9863
00882,中信中國高股息,12,0,12,元大-和平,2024-09-11,9863
2002,中鋼,20,9,11,元大-和平,2024-09-11,9863
2885,元大金,11,0,11,元大-和平,2024-09-11,9863
8076,伍豐,11,0,11,元大-和平,2024-09-11,9863
2101,南港,11,0,11,元大-和平,2024-09-11,9863
3149,正達,11,0,11,元大-和平,2024-09-11,9863
2442,新美齊,10,0,10,元大-和平,2024-09-11,9863
0052,富邦科技,10,0,10,元大-和平,2024-09-11,9863
1815,富喬,25,15,10,元大-和平,2024-09-11,9863
5469,瀚宇博,20,10,10,元大-和平,2024-09-11,9863
6215,和椿,12,2,10,元大-和平,2024-09-11,9863
6561,是方,10,1,9,元大-和平,2024-09-11,9863
2464,盟立,9,0,9,元大-和平,2024-09-11,9863
2356,英業達,11,3,8,元大-和平,2024-09-11,9863
5425,台半,18,10,8,元大-和平,2024-09-11,9863
2103,台橡,8,0,8,元大-和平,2024-09-11,9863
2891,中信金,664,0,664,元大-和平,2024-09-12,9863
00632R,元大台灣50反1,645,335,310,元大-和平,2024-09-12,9863
00937B,群益ESG投等債20,135,10,125,元大-和平,2024-09-12,9863
00713,元大台灣高息低波,68,0,68,元大-和平,2024-09-12,9863
00679B,元大美債20年,65,1,64,元大-和平,2024-09-12,9863
1904,正隆,50,0,50,元大-和平,2024-09-12,9863
00715L,期街口布蘭特正2,58,10,48,元大-和平,2024-09-12,9863
2610,華航,30,0,30,元大-和平,2024-09-12,9863
3689,湧德,30,0,30,元大-和平,2024-09-12,9863
6712,長聖,30,0,30,元大-和平,2024-09-12,9863
912000,晨訊科-DR,30,0,30,元大-和平,2024-09-12,9863
5443,均豪,41,15,26,元大-和平,2024-09-12,9863
2438,翔耀,26,1,25,元大-和平,2024-09-12,9863
2915,潤泰全,24,0,24,元大-和平,2024-09-12,9863
00637L,元大滬深300正2,20,0,20,元大-和平,2024-09-12,9863
1711,永光,35,16,19,元大-和平,2024-09-12,9863
00919,群益台灣精選高息,18,0,18,元大-和平,2024-09-12,9863
6530,創威,33,17,16,元大-和平,2024-09-12,9863
2367,燿華,15,0,15,元大-和平,2024-09-12,9863
2467,志聖,14,0,14,元大-和平,2024-09-12,9863
00687B,國泰20年美債,14,0,14,元大-和平,2024-09-12,9863
00680L,元大美債20正2,12,0,12,元大-和平,2024-09-12,9863
3081,聯亞,12,0,12,元大-和平,2024-09-12,9863
3227,原相,16,4,12,元大-和平,2024-09-12,9863
2101,南港,11,0,11,元大-和平,2024-09-12,9863
3483,力致,10,0,10,元大-和平,2024-09-12,9863
6805,富世達,10,0,10,元大-和平,2024-09-12,9863
1301,台塑,11,2,9,元大-和平,2024-09-12,9863
8064,東捷,16,8,8,元大-和平,2024-09-12,9863
00945B,凱基美國非投等債,8,0,8,元大-和平,2024-09-12,9863
6937,天虹,9,1,8,元大-和平,2024-09-12,9863
8916,光隆,8,0,8,元大-和平,2024-09-12,9863
6274,台燿,10,2,8,元大-和平,2024-09-12,9863
3019,亞光,12,5,7,元大-和平,2024-09-12,9863
3705,永信,7,0,7,元大-和平,2024-09-12,9863
3374,精材,8,1,7,元大-和平,2024-09-12,9863
00933B,國泰10Y+金融債,7,0,7,元大-和平,2024-09-12,9863
00946,群益科技高息成長,6,0,6,元大-和平,2024-09-12,9863
00903,富邦元宇宙,6,0,6,元大-和平,2024-09-12,9863
00712,復華富時不動產,6,0,6,元大-和平,2024-09-12,9863
3312,弘憶股,7,1,6,元大-和平,2024-09-12,9863
9944,新麗,6,0,6,元大-和平,2024-09-12,9863
2371,大同,7,2,5,元大-和平,2024-09-12,9863
3715,定穎投控,5,0,5,元大-和平,2024-09-12,9863
6197,佳必琪,5,0,5,元大-和平,2024-09-12,9863
00642U,期元大S＆P石油,5,0,5,元大-和平,2024-09-12,9863
2013,中鋼構,5,0,5,元大-和平,2024-09-12,9863
2355,敬鵬,5,0,5,元大-和平,2024-09-12,9863
4303,信立,5,0,5,元大-和平,2024-09-12,9863
5534,長虹,7,2,5,元大-和平,2024-09-12,9863
00632R,元大台灣50反1,201,2,199,元大-和平,2024-09-13,9863
00918,大華優利高填息30,197,0,197,元大-和平,2024-09-13,9863
00687B,國泰20年美債,153,0,153,元大-和平,2024-09-13,9863
4114,健喬,131,0,131,元大-和平,2024-09-13,9863
00915,凱基優選高股息30,115,0,115,元大-和平,2024-09-13,9863
2542,興富發,80,0,80,元大-和平,2024-09-13,9863
00919,群益台灣精選高息,75,3,72,元大-和平,2024-09-13,9863
00637L,元大滬深300正2,50,0,50,元大-和平,2024-09-13,9863
00679B,元大美債20年,94,45,49,元大-和平,2024-09-13,9863
0056,元大高股息,44,2,42,元大-和平,2024-09-13,9863
9945,潤泰新,37,2,35,元大-和平,2024-09-13,9863
3303,岱稜,32,3,29,元大-和平,2024-09-13,9863
00680L,元大美債20正2,27,0,27,元大-和平,2024-09-13,9863
6782,視陽,25,0,25,元大-和平,2024-09-13,9863
00753L,中信中國50正2,45,20,25,元大-和平,2024-09-13,9863
2101,南港,25,0,25,元大-和平,2024-09-13,9863
6838,台新藥,24,0,24,元大-和平,2024-09-13,9863
00633L,富邦上証正2,21,0,21,元大-和平,2024-09-13,9863
00762,元大全球AI,20,0,20,元大-和平,2024-09-13,9863
3622,洋華,20,0,20,元大-和平,2024-09-13,9863
2382,廣達,29,11,18,元大-和平,2024-09-13,9863
00713,元大台灣高息低波,19,1,18,元大-和平,2024-09-13,9863
2885,元大金,27,10,17,元大-和平,2024-09-13,9863
4566,時碩工業,24,7,17,元大-和平,2024-09-13,9863
4510,高鋒,17,1,16,元大-和平,2024-09-13,9863
3092,鴻碩,14,0,14,元大-和平,2024-09-13,9863
00688L,國泰20年美債正2,15,1,14,元大-和平,2024-09-13,9863
00715L,期街口布蘭特正2,30,18,12,元大-和平,2024-09-13,9863
00946,群益科技高息成長,10,0,10,元大-和平,2024-09-13,9863
8039,台虹,16,6,10,元大-和平,2024-09-13,9863
00655L,國泰中國A50正2,10,0,10,元大-和平,2024-09-13,9863
00900,富邦特選高股息30,10,0,10,元大-和平,2024-09-13,9863
6968,萬達寵物,10,0,10,元大-和平,2024-09-13,9863
1785,光洋科,21,12,9,元大-和平,2024-09-13,9863
2464,盟立,9,0,9,元大-和平,2024-09-13,9863
2425,承啟,9,0,9,元大-和平,2024-09-13,9863
6712,長聖,9,0,9,元大-和平,2024-09-13,9863
4979,華星光,13,5,8,元大-和平,2024-09-13,9863
00937B,群益ESG投等債20,24,16,8,元大-和平,2024-09-13,9863
4105,東洋,8,0,8,元大-和平,2024-09-13,9863
3017,奇鋐,9,1,8,元大-和平,2024-09-13,9863
00940,元大台灣價值高息,9,2,7,元大-和平,2024-09-13,9863
2467,志聖,7,0,7,元大-和平,2024-09-13,9863
2614,東森,7,0,7,元大-和平,2024-09-13,9863
5443,均豪,24,17,7,元大-和平,2024-09-13,9863
5876,上海商銀,7,0,7,元大-和平,2024-09-13,9863
6114,久威,12,5,7,元大-和平,2024-09-13,9863
1540,喬福,19,12,7,元大-和平,2024-09-13,9863
2002,中鋼,6,0,6,元大-和平,2024-09-13,9863
2062,橋椿,11,5,6,元大-和平,2024-09-13,9863
00915,凱基優選高股息30,446,0,446,元大-和平,2024-09-16,9863
00937B,群益ESG投等債20,211,80,131,元大-和平,2024-09-16,9863
00929,復華台灣科技優息,118,10,108,元大-和平,2024-09-16,9863
00919,群益台灣精選高息,71,0,71,元大-和平,2024-09-16,9863
00679B,元大美債20年,65,10,55,元大-和平,2024-09-16,9863
00943,兆豐電子高息等權,50,0,50,元大-和平,2024-09-16,9863
2887,台新金,50,5,45,元大-和平,2024-09-16,9863
2610,華航,55,11,44,元大-和平,2024-09-16,9863
8201,無敵,44,4,40,元大-和平,2024-09-16,9863
00688L,國泰20年美債正2,35,0,35,元大-和平,2024-09-16,9863
4114,健喬,30,0,30,元大-和平,2024-09-16,9863
00687B,國泰20年美債,36,7,29,元大-和平,2024-09-16,9863
2349,錸德,33,10,23,元大-和平,2024-09-16,9863
3548,兆利,23,0,23,元大-和平,2024-09-16,9863
3167,大量,26,6,20,元大-和平,2024-09-16,9863
00762,元大全球AI,20,0,20,元大-和平,2024-09-16,9863
6530,創威,23,6,17,元大-和平,2024-09-16,9863
00918,大華優利高填息30,17,0,17,元大-和平,2024-09-16,9863
9945,潤泰新,16,0,16,元大-和平,2024-09-16,9863
00878,國泰永續高股息,16,0,16,元大-和平,2024-09-16,9863
2426,鼎元,21,6,15,元大-和平,2024-09-16,9863
2915,潤泰全,15,0,15,元大-和平,2024-09-16,9863
00674R,期元大S＆P黃金反1,14,0,14,元大-和平,2024-09-16,9863
6712,長聖,20,7,13,元大-和平,2024-09-16,9863
8112,至上,10,0,10,元大-和平,2024-09-16,9863
00921,兆豐龍頭等權重,10,0,10,元大-和平,2024-09-16,9863
00715L,期街口布蘭特正2,10,0,10,元大-和平,2024-09-16,9863
00764B,群益25年美債,10,0,10,元大-和平,2024-09-16,9863
3705,永信,15,5,10,元大-和平,2024-09-16,9863
6116,彩晶,10,0,10,元大-和平,2024-09-16,9863
2376,技嘉,10,0,10,元大-和平,2024-09-16,9863
3289,宜特,10,1,9,元大-和平,2024-09-16,9863
0056,元大高股息,9,0,9,元大-和平,2024-09-16,9863
3149,正達,11,2,9,元大-和平,2024-09-16,9863
3605,宏致,14,6,8,元大-和平,2024-09-16,9863
1219,福壽,8,0,8,元大-和平,2024-09-16,9863
2330,台積電,9,1,8,元大-和平,2024-09-16,9863
1217,愛之味,8,0,8,元大-和平,2024-09-16,9863
3390,旭軟,8,0,8,元大-和平,2024-09-16,9863
2609,陽明,8,0,8,元大-和平,2024-09-16,9863
00773B,中信優先金融債,7,0,7,元大-和平,2024-09-16,9863
2367,燿華,7,0,7,元大-和平,2024-09-16,9863
3019,亞光,22,15,7,元大-和平,2024-09-16,9863
2615,萬海,10,3,7,元大-和平,2024-09-16,9863
8028,昇陽半導體,18,12,6,元大-和平,2024-09-16,9863
1524,耿鼎,11,5,6,元大-和平,2024-09-16,9863
3062,建漢,46,40,6,元大-和平,2024-09-16,9863
3231,緯創,8,2,6,元大-和平,2024-09-16,9863
00930,永豐ESG低碳高息,6,0,6,元大-和平,2024-09-16,9863
3290,東浦,11,5,6,元大-和平,2024-09-16,9863
3264,欣銓,622,0,622,元大-和平,2024-09-18,9863
2888,新光金,874,654,220,元大-和平,2024-09-18,9863
00929,復華台灣科技優息,179,0,179,元大-和平,2024-09-18,9863
00919,群益台灣精選高息,148,1,147,元大-和平,2024-09-18,9863
2913,農林,131,0,131,元大-和平,2024-09-18,9863
00915,凱基優選高股息30,115,9,106,元大-和平,2024-09-18,9863
2344,華邦電,104,1,103,元大-和平,2024-09-18,9863
00953B,群益優選非投等債,100,0,100,元大-和平,2024-09-18,9863
00632R,元大台灣50反1,102,25,77,元大-和平,2024-09-18,9863
2887,台新金,68,3,65,元大-和平,2024-09-18,9863
00687B,國泰20年美債,67,8,59,元大-和平,2024-09-18,9863
3481,群創,93,37,56,元大-和平,2024-09-18,9863
00940,元大台灣價值高息,46,1,45,元大-和平,2024-09-18,9863
00918,大華優利高填息30,45,2,43,元大-和平,2024-09-18,9863
8201,無敵,37,0,37,元大-和平,2024-09-18,9863
00679B,元大美債20年,31,3,28,元大-和平,2024-09-18,9863
4906,正文,27,0,27,元大-和平,2024-09-18,9863
5469,瀚宇博,46,20,26,元大-和平,2024-09-18,9863
3550,聯穎,39,15,24,元大-和平,2024-09-18,9863
2313,華通,30,7,23,元大-和平,2024-09-18,9863
2062,橋椿,30,7,23,元大-和平,2024-09-18,9863
2497,怡利電,26,3,23,元大-和平,2024-09-18,9863
8074,鉅橡,22,0,22,元大-和平,2024-09-18,9863
4576,大銀微系統,28,6,22,元大-和平,2024-09-18,9863
00688L,國泰20年美債正2,25,4,21,元大-和平,2024-09-18,9863
00680L,元大美債20正2,23,2,21,元大-和平,2024-09-18,9863
00713,元大台灣高息低波,21,0,21,元大-和平,2024-09-18,9863
00631L,元大台灣50正2,20,0,20,元大-和平,2024-09-18,9863
6134,萬旭,20,0,20,元大-和平,2024-09-18,9863
5243,乙盛-KY,19,0,19,元大-和平,2024-09-18,9863
1605,華新,20,2,18,元大-和平,2024-09-18,9863
4977,眾達-KY,22,5,17,元大-和平,2024-09-18,9863
5425,台半,17,0,17,元大-和平,2024-09-18,9863
1806,冠軍,16,0,16,元大-和平,2024-09-18,9863
2881,富邦金,21,5,16,元大-和平,2024-09-18,9863
00881,國泰台灣5G+,15,0,15,元大-和平,2024-09-18,9863
3605,宏致,25,10,15,元大-和平,2024-09-18,9863
3047,訊舟,14,1,13,元大-和平,2024-09-18,9863
2317,鴻海,14,2,12,元大-和平,2024-09-18,9863
00934,中信成長高股息,11,0,11,元大-和平,2024-09-18,9863
4105,東洋,11,0,11,元大-和平,2024-09-18,9863
1303,南亞,15,4,11,元大-和平,2024-09-18,9863
2101,南港,15,5,10,元大-和平,2024-09-18,9863
1524,耿鼎,10,0,10,元大-和平,2024-09-18,9863
3705,永信,10,0,10,元大-和平,2024-09-18,9863
8478,東哥遊艇,10,0,10,元大-和平,2024-09-18,9863
8249,菱光,10,1,9,元大-和平,2024-09-18,9863
1785,光洋科,54,45,9,元大-和平,2024-09-18,9863
3715,定穎投控,11,3,8,元大-和平,2024-09-18,9863
3260,威剛,10,2,8,元大-和平,2024-09-18,9863
00679B,元大美債20年,223,16,207,元大-和平,2024-09-19,9863
00687B,國泰20年美債,224,36,188,元大-和平,2024-09-19,9863
00919,群益台灣精選高息,117,0,117,元大-和平,2024-09-19,9863
2883,凱基金,152,65,87,元大-和平,2024-09-19,9863
2913,農林,64,2,62,元大-和平,2024-09-19,9863
2891,中信金,53,6,47,元大-和平,2024-09-19,9863
00929,復華台灣科技優息,45,2,43,元大-和平,2024-09-19,9863
3305,昇貿,40,0,40,元大-和平,2024-09-19,9863
00664R,國泰臺灣加權反1,38,0,38,元大-和平,2024-09-19,9863
3581,博磊,45,11,34,元大-和平,2024-09-19,9863
6024,群益期,30,0,30,元大-和平,2024-09-19,9863
3062,建漢,75,46,29,元大-和平,2024-09-19,9863
00948B,中信優息投資級債,26,0,26,元大-和平,2024-09-19,9863
00958B,永豐ESG銀行債15,26,0,26,元大-和平,2024-09-19,9863
00632R,元大台灣50反1,47,22,25,元大-和平,2024-09-19,9863
0056,元大高股息,22,2,20,元大-和平,2024-09-19,9863
00907,永豐優息存股,20,0,20,元大-和平,2024-09-19,9863
2915,潤泰全,22,2,20,元大-和平,2024-09-19,9863
3017,奇鋐,23,4,19,元大-和平,2024-09-19,9863
6712,長聖,18,1,17,元大-和平,2024-09-19,9863
2537,聯上發,16,1,15,元大-和平,2024-09-19,9863
1806,冠軍,14,0,14,元大-和平,2024-09-19,9863
4974,亞泰,14,0,14,元大-和平,2024-09-19,9863
2426,鼎元,16,4,12,元大-和平,2024-09-19,9863
3711,日月光投控,12,0,12,元大-和平,2024-09-19,9863
4105,東洋,11,0,11,元大-和平,2024-09-19,9863
8201,無敵,11,0,11,元大-和平,2024-09-19,9863
00830,國泰費城半導體,11,1,10,元大-和平,2024-09-19,9863
3580,友威科,14,4,10,元大-和平,2024-09-19,9863
3694,海華,10,0,10,元大-和平,2024-09-19,9863
6156,松上,10,0,10,元大-和平,2024-09-19,9863
8011,台通,10,0,10,元大-和平,2024-09-19,9863
4979,華星光,19,9,10,元大-和平,2024-09-19,9863
3360,尚立,9,0,9,元大-和平,2024-09-19,9863
2382,廣達,10,2,8,元大-和平,2024-09-19,9863
00713,元大台灣高息低波,7,0,7,元大-和平,2024-09-19,9863
00918,大華優利高填息30,7,0,7,元大-和平,2024-09-19,9863
00637L,元大滬深300正2,7,0,7,元大-和平,2024-09-19,9863
2337,旺宏,7,0,7,元大-和平,2024-09-19,9863
2867,三商壽,7,0,7,元大-和平,2024-09-19,9863
3049,精金,26,19,7,元大-和平,2024-09-19,9863
3511,矽瑪,7,0,7,元大-和平,2024-09-19,9863
6527,明達醫,7,0,7,元大-和平,2024-09-19,9863
2420,新巨,8,1,7,元大-和平,2024-09-19,9863
00946,群益科技高息成長,6,0,6,元大-和平,2024-09-19,9863
2002,中鋼,12,6,6,元大-和平,2024-09-19,9863
4510,高鋒,12,6,6,元大-和平,2024-09-19,9863
8074,鉅橡,12,6,6,元大-和平,2024-09-19,9863
2303,聯電,6,0,6,元大-和平,2024-09-19,9863
2610,華航,6,1,5,元大-和平,2024-09-19,9863
00919,群益台灣精選高息,226,13,213,元大-和平,2024-09-20,9863
1806,冠軍,80,0,80,元大-和平,2024-09-20,9863
00958B,永豐ESG銀行債15,58,0,58,元大-和平,2024-09-20,9863
2542,興富發,57,1,56,元大-和平,2024-09-20,9863
00918,大華優利高填息30,56,0,56,元大-和平,2024-09-20,9863
00915,凱基優選高股息30,50,0,50,元大-和平,2024-09-20,9863
4977,眾達-KY,53,5,48,元大-和平,2024-09-20,9863
00680L,元大美債20正2,45,0,45,元大-和平,2024-09-20,9863
00885,富邦越南,40,0,40,元大-和平,2024-09-20,9863
2614,東森,40,0,40,元大-和平,2024-09-20,9863
2382,廣達,42,4,38,元大-和平,2024-09-20,9863
1316,上曜,41,4,37,元大-和平,2024-09-20,9863
2464,盟立,95,58,37,元大-和平,2024-09-20,9863
2520,冠德,32,0,32,元大-和平,2024-09-20,9863
00933B,國泰10Y+金融債,30,0,30,元大-和平,2024-09-20,9863
2399,映泰,43,17,26,元大-和平,2024-09-20,9863
5534,長虹,46,24,22,元大-和平,2024-09-20,9863
3663,鑫科,32,10,22,元大-和平,2024-09-20,9863
2426,鼎元,20,0,20,元大-和平,2024-09-20,9863
3703,欣陸,20,0,20,元大-和平,2024-09-20,9863
4114,健喬,20,0,20,元大-和平,2024-09-20,9863
2610,華航,20,0,20,元大-和平,2024-09-20,9863
5483,中美晶,19,1,18,元大-和平,2024-09-20,9863
6104,創惟,52,34,18,元大-和平,2024-09-20,9863
2867,三商壽,37,19,18,元大-和平,2024-09-20,9863
2504,國產,17,0,17,元大-和平,2024-09-20,9863
2355,敬鵬,16,0,16,元大-和平,2024-09-20,9863
2409,友達,17,1,16,元大-和平,2024-09-20,9863
00929,復華台灣科技優息,35,19,16,元大-和平,2024-09-20,9863
3017,奇鋐,18,3,15,元大-和平,2024-09-20,9863
00795B,中信美國公債20年,13,0,13,元大-和平,2024-09-20,9863
3689,湧德,16,4,12,元大-和平,2024-09-20,9863
6968,萬達寵物,12,0,12,元大-和平,2024-09-20,9863
4716,大立,12,1,11,元大-和平,2024-09-20,9863
4909,新復興,14,3,11,元大-和平,2024-09-20,9863
2515,中工,16,6,10,元大-和平,2024-09-20,9863
00943,兆豐電子高息等權,10,0,10,元大-和平,2024-09-20,9863
00960,野村全球航運龍頭,10,0,10,元大-和平,2024-09-20,9863
2596,綠意,12,2,10,元大-和平,2024-09-20,9863
2883,凱基金,13,3,10,元大-和平,2024-09-20,9863
3597,映興,11,1,10,元大-和平,2024-09-20,9863
4533,協易機,10,0,10,元大-和平,2024-09-20,9863
5243,乙盛-KY,13,3,10,元大-和平,2024-09-20,9863
5706,鳳凰,10,0,10,元大-和平,2024-09-20,9863
6257,矽格,10,0,10,元大-和平,2024-09-20,9863
8916,光隆,10,0,10,元大-和平,2024-09-20,9863
1522,堤維西,10,1,9,元大-和平,2024-09-20,9863
2374,佳能,9,0,9,元大-和平,2024-09-20,9863
6191,精成科,9,0,9,元大-和平,2024-09-20,9863
8112,至上,9,0,9,元大-和平,2024-09-20,9863
2888,新光金,1595,526,1069,元大-和平,2024-09-23,9863
00687B,國泰20年美債,730,104,626,元大-和平,2024-09-23,9863
00919,群益台灣精選高息,108,5,103,元大-和平,2024-09-23,9863
6134,萬旭,69,5,64,元大-和平,2024-09-23,9863
00937B,群益ESG投等債20,60,0,60,元大-和平,2024-09-23,9863
00680L,元大美債20正2,60,5,55,元大-和平,2024-09-23,9863
6438,迅得,55,3,52,元大-和平,2024-09-23,9863
3149,正達,64,19,45,元大-和平,2024-09-23,9863
2442,新美齊,40,0,40,元大-和平,2024-09-23,9863
2913,農林,40,3,37,元大-和平,2024-09-23,9863
00713,元大台灣高息低波,36,1,35,元大-和平,2024-09-23,9863
00948B,中信優息投資級債,35,0,35,元大-和平,2024-09-23,9863
4714,永捷,51,19,32,元大-和平,2024-09-23,9863
00688L,國泰20年美債正2,35,4,31,元大-和平,2024-09-23,9863
6288,聯嘉,37,8,29,元大-和平,2024-09-23,9863
4977,眾達-KY,28,2,26,元大-和平,2024-09-23,9863
9935,慶豐富,25,0,25,元大-和平,2024-09-23,9863
2062,橋椿,43,21,22,元大-和平,2024-09-23,9863
3013,晟銘電,53,31,22,元大-和平,2024-09-23,9863
00679B,元大美債20年,21,3,18,元大-和平,2024-09-23,9863
00929,復華台灣科技優息,50,34,16,元大-和平,2024-09-23,9863
2344,華邦電,17,1,16,元大-和平,2024-09-23,9863
1721,三晃,61,46,15,元大-和平,2024-09-23,9863
4426,利勤,15,0,15,元大-和平,2024-09-23,9863
8064,東捷,19,6,13,元大-和平,2024-09-23,9863
1711,永光,34,22,12,元大-和平,2024-09-23,9863
3580,友威科,17,5,12,元大-和平,2024-09-23,9863
6530,創威,12,0,12,元大-和平,2024-09-23,9863
00674R,期元大S＆P黃金反1,12,0,12,元大-和平,2024-09-23,9863
00708L,期元大S＆P黃金正2,12,0,12,元大-和平,2024-09-23,9863
1504,東元,11,0,11,元大-和平,2024-09-23,9863
3481,群創,22,11,11,元大-和平,2024-09-23,9863
8112,至上,10,0,10,元大-和平,2024-09-23,9863
00958B,永豐ESG銀行債15,10,0,10,元大-和平,2024-09-23,9863
00706L,期元大S＆P日圓正2,10,0,10,元大-和平,2024-09-23,9863
3017,奇鋐,13,3,10,元大-和平,2024-09-23,9863
3317,尼克森,10,0,10,元大-和平,2024-09-23,9863
1727,中華化,17,7,10,元大-和平,2024-09-23,9863
5483,中美晶,9,0,9,元大-和平,2024-09-23,9863
2425,承啟,23,14,9,元大-和平,2024-09-23,9863
2374,佳能,9,0,9,元大-和平,2024-09-23,9863
4532,瑞智,9,0,9,元大-和平,2024-09-23,9863
2449,京元電子,11,2,9,元大-和平,2024-09-23,9863
3374,精材,9,0,9,元大-和平,2024-09-23,9863
6968,萬達寵物,9,0,9,元大-和平,2024-09-23,9863
2731,雄獅,18,10,8,元大-和平,2024-09-23,9863
2915,潤泰全,8,0,8,元大-和平,2024-09-23,9863
8074,鉅橡,8,0,8,元大-和平,2024-09-23,9863
5434,崇越,8,0,8,元大-和平,2024-09-23,9863
2897,王道銀行,7,0,7,元大-和平,2024-09-23,9863
00687B,國泰20年美債,710,8,702,元大-和平,2024-09-24,9863
2891,中信金,441,12,429,元大-和平,2024-09-24,9863
00632R,元大台灣50反1,409,23,386,元大-和平,2024-09-24,9863
3141,晶宏,93,12,81,元大-和平,2024-09-24,9863
8111,立��,70,11,59,元大-和平,2024-09-24,9863
4707,磐亞,50,0,50,元大-和平,2024-09-24,9863
00680L,元大美債20正2,50,0,50,元大-和平,2024-09-24,9863
2609,陽明,116,77,39,元大-和平,2024-09-24,9863
2455,全新,45,6,39,元大-和平,2024-09-24,9863
6164,華興,38,0,38,元大-和平,2024-09-24,9863
2614,東森,34,0,34,元大-和平,2024-09-24,9863
00882,中信中國高股息,34,3,31,元大-和平,2024-09-24,9863
2436,偉詮電,32,3,29,元大-和平,2024-09-24,9863
1815,富喬,21,0,21,元大-和平,2024-09-24,9863
4576,大銀微系統,25,4,21,元大-和平,2024-09-24,9863
6446,藥華藥,20,0,20,元大-和平,2024-09-24,9863
00919,群益台灣精選高息,24,5,19,元大-和平,2024-09-24,9863
6284,佳邦,20,1,19,元大-和平,2024-09-24,9863
2317,鴻海,62,45,17,元大-和平,2024-09-24,9863
00679B,元大美債20年,21,3,18,元大-和平,2024-09-24,9863
00940,元大台灣價值高息,24,7,17,元大-和平,2024-09-24,9863
2103,台橡,16,0,16,元大-和平,2024-09-24,9863
6288,聯嘉,16,0,16,元大-和平,2024-09-24,9863
00688L,國泰20年美債正2,15,0,15,元大-和平,2024-09-24,9863
4303,信立,15,0,15,元大-和平,2024-09-24,9863
2883,凱基金,15,0,15,元大-和平,2024-09-24,9863
2388,威盛,19,4,15,元大-和平,2024-09-24,9863
00929,復華台灣科技優息,30,16,14,元大-和平,2024-09-24,9863
9945,潤泰新,24,10,14,元大-和平,2024-09-24,9863
6134,萬旭,13,1,12,元大-和平,2024-09-24,9863
00706L,期元大S＆P日圓正2,11,0,11,元大-和平,2024-09-24,9863
00953B,群益優選非投等債,11,0,11,元大-和平,2024-09-24,9863
2353,宏��,13,2,11,元大-和平,2024-09-24,9863
6530,創威,12,1,11,元大-和平,2024-09-24,9863
6712,長聖,11,0,11,元大-和平,2024-09-24,9863
2347,聯強,11,0,11,元大-和平,2024-09-24,9863
2062,橋椿,26,16,10,元大-和平,2024-09-24,9863
2349,錸德,12,2,10,元大-和平,2024-09-24,9863
6438,迅得,11,1,10,元大-和平,2024-09-24,9863
00665L,富邦�琤肭磪囓�2,10,1,9,元大-和平,2024-09-24,9863
3374,精材,11,2,9,元大-和平,2024-09-24,9863
00918,大華優利高填息30,8,0,8,元大-和平,2024-09-24,9863
1219,福壽,8,0,8,元大-和平,2024-09-24,9863
2597,潤弘,8,0,8,元大-和平,2024-09-24,9863
3105,穩懋,11,3,8,元大-和平,2024-09-24,9863
9941,裕融,8,0,8,元大-和平,2024-09-24,9863
1514,亞力,7,0,7,元大-和平,2024-09-24,9863
00933B,國泰10Y+金融債,45,38,7,元大-和平,2024-09-24,9863
2867,三商壽,6,0,6,元大-和平,2024-09-24,9863
3615,安可,8,2,6,元大-和平,2024-09-24,9863
00687B,國泰20年美債,2039,14,2025,元大-和平,2024-09-25,9863
00632R,元大台灣50反1,461,46,415,元大-和平,2024-09-25,9863
00960,野村全球航運龍頭,94,14,80,元大-和平,2024-09-25,9863
2891,中信金,189,123,66,元大-和平,2024-09-25,9863
4114,健喬,47,0,47,元大-和平,2024-09-25,9863
3705,永信,42,0,42,元大-和平,2024-09-25,9863
00679B,元大美債20年,46,4,42,元大-和平,2024-09-25,9863
3062,建漢,44,7,37,元大-和平,2024-09-25,9863
4540,全球傳動,34,1,33,元大-和平,2024-09-25,9863
3149,正達,62,31,31,元大-和平,2024-09-25,9863
6274,台燿,30,1,29,元大-和平,2024-09-25,9863
0056,元大高股息,30,1,29,元大-和平,2024-09-25,9863
00919,群益台灣精選高息,28,0,28,元大-和平,2024-09-25,9863
00713,元大台灣高息低波,21,0,21,元大-和平,2024-09-25,9863
00924,復華S＆P500成長,20,0,20,元大-和平,2024-09-25,9863
4977,眾達-KY,22,3,19,元大-和平,2024-09-25,9863
00692,富邦公司治理,20,1,19,元大-和平,2024-09-25,9863
2481,強茂,42,24,18,元大-和平,2024-09-25,9863
00680L,元大美債20正2,33,15,18,元大-和平,2024-09-25,9863
2323,中環,18,0,18,元大-和平,2024-09-25,9863
2883,凱基金,18,1,17,元大-和平,2024-09-25,9863
00878,國泰永續高股息,31,14,17,元大-和平,2024-09-25,9863
00664R,國泰臺灣加權反1,20,3,17,元大-和平,2024-09-25,9863
2439,美律,24,7,17,元大-和平,2024-09-25,9863
00933B,國泰10Y+金融債,15,0,15,元大-和平,2024-09-25,9863
2542,興富發,17,2,15,元大-和平,2024-09-25,9863
9941,裕融,14,0,14,元大-和平,2024-09-25,9863
3017,奇鋐,19,7,12,元大-和平,2024-09-25,9863
6446,藥華藥,13,1,12,元大-和平,2024-09-25,9863
2607,榮運,12,0,12,元大-和平,2024-09-25,9863
8070,長華*,13,1,12,元大-和平,2024-09-25,9863
00937B,群益ESG投等債20,11,0,11,元大-和平,2024-09-25,9863
00929,復華台灣科技優息,17,6,11,元大-和平,2024-09-25,9863
00752,中信中國50,11,0,11,元大-和平,2024-09-25,9863
3363,上詮,25,14,11,元大-和平,2024-09-25,9863
3605,宏致,14,4,10,元大-和平,2024-09-25,9863
00700,富邦�琤肭磪�,10,0,10,元大-和平,2024-09-25,9863
00946,群益科技高息成長,10,0,10,元大-和平,2024-09-25,9863
2406,國碩,10,0,10,元大-和平,2024-09-25,9863
3312,弘憶股,10,0,10,元大-和平,2024-09-25,9863
8043,蜜望實,10,0,10,元大-和平,2024-09-25,9863
8374,羅昇,13,3,10,元大-和平,2024-09-25,9863
4915,致伸,10,0,10,元大-和平,2024-09-25,9863
1584,精剛,11,2,9,元大-和平,2024-09-25,9863
3162,精確,9,0,9,元大-和平,2024-09-25,9863
3490,單井,9,0,9,元大-和平,2024-09-25,9863
4523,永彰,9,0,9,元大-和平,2024-09-25,9863
8039,台虹,8,0,8,元大-和平,2024-09-25,9863
8096,擎亞,17,9,8,元大-和平,2024-09-25,9863
4714,永捷,10,2,8,元大-和平,2024-09-25,9863
00687B,國泰20年美債,746,108,638,元大-和平,2024-09-26,9863
00891,中信關鍵半導體,541,2,539,元大-和平,2024-09-26,9863
00632R,元大台灣50反1,236,31,205,元大-和平,2024-09-26,9863
5469,瀚宇博,136,1,135,元大-和平,2024-09-26,9863
8103,瀚荃,125,0,125,元大-和平,2024-09-26,9863
2801,彰銀,101,4,97,元大-和平,2024-09-26,9863
00937B,群益ESG投等債20,69,0,69,元大-和平,2024-09-26,9863
00960,野村全球航運龍頭,176,111,65,元大-和平,2024-09-26,9863
00905,FT臺灣Smart,41,0,41,元大-和平,2024-09-26,9863
00919,群益台灣精選高息,53,20,33,元大-和平,2024-09-26,9863
2615,萬海,93,61,32,元大-和平,2024-09-26,9863
8028,昇陽半導體,32,0,32,元大-和平,2024-09-26,9863
5483,中美晶,30,1,29,元大-和平,2024-09-26,9863
6274,台燿,30,2,28,元大-和平,2024-09-26,9863
2888,新光金,60,32,28,元大-和平,2024-09-26,9863
3374,精材,28,0,28,元大-和平,2024-09-26,9863
3605,宏致,63,36,27,元大-和平,2024-09-26,9863
00915,凱基優選高股息30,25,0,25,元大-和平,2024-09-26,9863
00929,復華台灣科技優息,30,5,25,元大-和平,2024-09-26,9863
3264,欣銓,35,10,25,元大-和平,2024-09-26,9863
3149,正達,83,58,25,元大-和平,2024-09-26,9863
6188,廣明,39,19,20,元大-和平,2024-09-26,9863
2421,建準,20,0,20,元大-和平,2024-09-26,9863
00680L,元大美債20正2,89,70,19,元大-和平,2024-09-26,9863
2344,華邦電,24,5,19,元大-和平,2024-09-26,9863
2390,云辰,20,1,19,元大-和平,2024-09-26,9863
2367,燿華,34,16,18,元大-和平,2024-09-26,9863
4716,大立,47,30,17,元大-和平,2024-09-26,9863
8358,金居,17,0,17,元大-和平,2024-09-26,9863
2481,強茂,15,0,15,元大-和平,2024-09-26,9863
2377,微星,15,0,15,元大-和平,2024-09-26,9863
1584,精剛,18,4,14,元大-和平,2024-09-26,9863
00679B,元大美債20年,61,48,13,元大-和平,2024-09-26,9863
2436,偉詮電,15,2,13,元大-和平,2024-09-26,9863
2362,藍天,15,2,13,元大-和平,2024-09-26,9863
8111,立��,20,7,13,元大-和平,2024-09-26,9863
00948B,中信優息投資級債,17,4,13,元大-和平,2024-09-26,9863
2542,興富發,13,1,12,元大-和平,2024-09-26,9863
3163,波若威,14,2,12,元大-和平,2024-09-26,9863
1540,喬福,13,2,11,元大-和平,2024-09-26,9863
2201,裕隆,13,2,11,元大-和平,2024-09-26,9863
00895,富邦未來車,15,4,11,元大-和平,2024-09-26,9863
3305,昇貿,11,0,11,元大-和平,2024-09-26,9863
5236,凌陽創新,11,0,11,元大-和平,2024-09-26,9863
1785,光洋科,25,15,10,元大-和平,2024-09-26,9863
2515,中工,20,10,10,元大-和平,2024-09-26,9863
00715L,期街口布蘭特正2,10,0,10,元大-和平,2024-09-26,9863
1447,力鵬,10,0,10,元大-和平,2024-09-26,9863
3010,華立,10,0,10,元大-和平,2024-09-26,9863
3380,明泰,10,0,10,元大-和平,2024-09-26,9863
2891,中信金,358,10,348,元大-和平,2024-09-27,9863
00632R,元大台灣50反1,412,127,285,元大-和平,2024-09-27,9863
00940,元大台灣價值高息,216,13,203,元大-和平,2024-09-27,9863
2801,彰銀,190,0,190,元大-和平,2024-09-27,9863
2605,新興,164,7,157,元大-和平,2024-09-27,9863
00636,國泰中國A50,110,0,110,元大-和平,2024-09-27,9863
2637,慧洋-KY,122,19,103,元大-和平,2024-09-27,9863
00688L,國泰20年美債正2,91,8,83,元大-和平,2024-09-27,9863
00891,中信關鍵半導體,91,8,83,元大-和平,2024-09-27,9863
00898,國泰基因免疫革命,80,0,80,元大-和平,2024-09-27,9863
00665L,富邦�琤肭磪囓�2,175,95,80,元大-和平,2024-09-27,9863
00937B,群益ESG投等債20,75,0,75,元大-和平,2024-09-27,9863
00687B,國泰20年美債,45,0,45,元大-和平,2024-09-27,9863
5469,瀚宇博,42,3,39,元大-和平,2024-09-27,9863
8341,日友,32,0,32,元大-和平,2024-09-27,9863
00680L,元大美債20正2,31,0,31,元大-和平,2024-09-27,9863
00919,群益台灣精選高息,40,9,31,元大-和平,2024-09-27,9863
3141,晶宏,38,8,30,元大-和平,2024-09-27,9863
00915,凱基優選高股息30,30,0,30,元大-和平,2024-09-27,9863
00960,野村全球航運龍頭,37,10,27,元大-和平,2024-09-27,9863
3019,亞光,31,7,24,元大-和平,2024-09-27,9863
3062,建漢,24,2,22,元大-和平,2024-09-27,9863
00752,中信中國50,20,0,20,元大-和平,2024-09-27,9863
00712,復華富時不動產,20,0,20,元大-和平,2024-09-27,9863
00924,復華S＆P500成長,19,0,19,元大-和平,2024-09-27,9863
3710,連展投控,19,0,19,元大-和平,2024-09-27,9863
1808,潤隆,19,0,19,元大-和平,2024-09-27,9863
3673,TPK-KY,25,7,18,元大-和平,2024-09-27,9863
2363,矽統,66,50,16,元大-和平,2024-09-27,9863
1785,光洋科,19,3,16,元大-和平,2024-09-27,9863
2022,聚亨,17,1,16,元大-和平,2024-09-27,9863
2882,國泰金,19,3,16,元大-和平,2024-09-27,9863
00715L,期街口布蘭特正2,15,0,15,元大-和平,2024-09-27,9863
4414,如興,15,0,15,元大-和平,2024-09-27,9863
3511,矽瑪,13,0,13,元大-和平,2024-09-27,9863
2029,盛餘,25,12,13,元大-和平,2024-09-27,9863
3017,奇鋐,14,2,12,元大-和平,2024-09-27,9863
2636,台驊控股,12,0,12,元大-和平,2024-09-27,9863
1540,喬福,26,14,12,元大-和平,2024-09-27,9863
00795B,中信美國公債20年,11,0,11,元大-和平,2024-09-27,9863
00935,野村臺灣新科技50,11,0,11,元大-和平,2024-09-27,9863
00948B,中信優息投資級債,10,0,10,元大-和平,2024-09-27,9863
2377,微星,11,1,10,元大-和平,2024-09-27,9863
2439,美律,11,1,10,元大-和平,2024-09-27,9863
2492,華新科,10,0,10,元大-和平,2024-09-27,9863
3176,基亞,10,0,10,元大-和平,2024-09-27,9863
5388,中磊,10,0,10,元大-和平,2024-09-27,9863
6152,百一,10,0,10,元大-和平,2024-09-27,9863
6156,松上,10,0,10,元大-和平,2024-09-27,9863
6712,長聖,10,0,10,元大-和平,2024-09-27,9863
00960,野村全球航運龍頭,329,20,309,元大-和平,2024-09-30,9863
00680L,元大美債20正2,261,6,255,元大-和平,2024-09-30,9863
2605,新興,175,35,140,元大-和平,2024-09-30,9863
2303,聯電,112,2,110,元大-和平,2024-09-30,9863
2891,中信金,104,1,103,元大-和平,2024-09-30,9863
8103,瀚荃,90,0,90,元大-和平,2024-09-30,9863
00919,群益台灣精選高息,91,16,75,元大-和平,2024-09-30,9863
00637L,元大滬深300正2,107,36,71,元大-和平,2024-09-30,9863
00753L,中信中國50正2,71,12,59,元大-和平,2024-09-30,9863
00679B,元大美債20年,53,0,53,元大-和平,2024-09-30,9863
2312,金寶,50,2,48,元大-和平,2024-09-30,9863
2382,廣達,48,2,46,元大-和平,2024-09-30,9863
00929,復華台灣科技優息,49,3,46,元大-和平,2024-09-30,9863
2883,凱基金,43,0,43,元大-和平,2024-09-30,9863
2330,台積電,43,3,40,元大-和平,2024-09-30,9863
00696B,富邦美債20年,40,0,40,元大-和平,2024-09-30,9863
00937B,群益ESG投等債20,33,0,33,元大-和平,2024-09-30,9863
2888,新光金,103,70,33,元大-和平,2024-09-30,9863
2439,美律,28,0,28,元大-和平,2024-09-30,9863
2609,陽明,53,25,28,元大-和平,2024-09-30,9863
5469,瀚宇博,27,1,26,元大-和平,2024-09-30,9863
6284,佳邦,25,0,25,元大-和平,2024-09-30,9863
6104,創惟,27,4,23,元大-和平,2024-09-30,9863
00636,國泰中國A50,23,2,21,元大-和平,2024-09-30,9863
0050,元大台灣50,21,0,21,元大-和平,2024-09-30,9863
6869,雲豹能源,24,4,20,元大-和平,2024-09-30,9863
00671R,富邦NASDAQ反1,20,0,20,元大-和平,2024-09-30,9863
00664R,國泰臺灣加權反1,20,0,20,元大-和平,2024-09-30,9863
00881,國泰台灣5G+,19,0,19,元大-和平,2024-09-30,9863
1608,華榮,20,1,19,元大-和平,2024-09-30,9863
2615,萬海,44,26,18,元大-和平,2024-09-30,9863
2637,慧洋-KY,27,10,17,元大-和平,2024-09-30,9863
2363,矽統,28,12,16,元大-和平,2024-09-30,9863
4906,正文,16,0,16,元大-和平,2024-09-30,9863
2603,長榮,22,6,16,元大-和平,2024-09-30,9863
006208,富邦台50,15,0,15,元大-和平,2024-09-30,9863
00687B,國泰20年美債,34,20,14,元大-和平,2024-09-30,9863
1309,台達化,49,35,14,元大-和平,2024-09-30,9863
2520,冠德,12,0,12,元大-和平,2024-09-30,9863
1524,耿鼎,11,0,11,元大-和平,2024-09-30,9863
2023,燁輝,13,2,11,元大-和平,2024-09-30,9863
1305,華夏,10,0,10,元大-和平,2024-09-30,9863
4958,臻鼎-KY,10,0,10,元大-和平,2024-09-30,9863
3703,欣陸,10,0,10,元大-和平,2024-09-30,9863
00907,永豐優息存股,10,0,10,元大-和平,2024-09-30,9863
00948B,中信優息投資級債,10,0,10,元大-和平,2024-09-30,9863
1437,勤益控,10,0,10,元大-和平,2024-09-30,9863
1504,東元,10,0,10,元大-和平,2024-09-30,9863
1522,堤維西,10,0,10,元大-和平,2024-09-30,9863
2332,友訊,10,0,10,元大-和平,2024-09-30,9863
00940,元大台灣價值高息,221,0,221,元大-和平,2024-10-01,9863
2801,彰銀,210,0,210,元大-和平,2024-10-01,9863
2888,新光金,135,0,135,元大-和平,2024-10-01,9863
2605,新興,119,6,113,元大-和平,2024-10-01,9863
2399,映泰,137,28,109,元大-和平,2024-10-01,9863
8103,瀚荃,100,3,97,元大-和平,2024-10-01,9863
2913,農林,80,7,73,元大-和平,2024-10-01,9863
5469,瀚宇博,66,0,66,元大-和平,2024-10-01,9863
00688L,國泰20年美債正2,70,5,65,元大-和平,2024-10-01,9863
2498,宏達電,107,44,63,元大-和平,2024-10-01,9863
00929,復華台灣科技優息,68,5,63,元大-和平,2024-10-01,9863
00687B,國泰20年美債,64,10,54,元大-和平,2024-10-01,9863
0056,元大高股息,53,2,51,元大-和平,2024-10-01,9863
0061,元大寶滬深,50,0,50,元大-和平,2024-10-01,9863
1569,濱川,67,17,50,元大-和平,2024-10-01,9863
00919,群益台灣精選高息,40,0,40,元大-和平,2024-10-01,9863
00679B,元大美債20年,31,0,31,元大-和平,2024-10-01,9863
2421,建準,30,0,30,元大-和平,2024-10-01,9863
6770,力積電,25,0,25,元大-和平,2024-10-01,9863
00752,中信中國50,23,0,23,元大-和平,2024-10-01,9863
4303,信立,37,16,21,元大-和平,2024-10-01,9863
3189,景碩,21,0,21,元大-和平,2024-10-01,9863
3037,欣興,21,0,21,元大-和平,2024-10-01,9863
3163,波若威,23,3,20,元大-和平,2024-10-01,9863
00882,中信中國高股息,41,22,19,元大-和平,2024-10-01,9863
9945,潤泰新,20,2,18,元大-和平,2024-10-01,9863
6207,雷科,21,3,18,元大-和平,2024-10-01,9863
3227,原相,21,4,17,元大-和平,2024-10-01,9863
1904,正隆,20,3,17,元大-和平,2024-10-01,9863
1201,味全,16,0,16,元大-和平,2024-10-01,9863
6712,長聖,16,0,16,元大-和平,2024-10-01,9863
00937B,群益ESG投等債20,16,1,15,元大-和平,2024-10-01,9863
00948B,中信優息投資級債,15,0,15,元大-和平,2024-10-01,9863
6284,佳邦,15,0,15,元大-和平,2024-10-01,9863
00918,大華優利高填息30,15,0,15,元大-和平,2024-10-01,9863
8046,南電,17,3,14,元大-和平,2024-10-01,9863
00878,國泰永續高股息,18,5,13,元大-和平,2024-10-01,9863
00637L,元大滬深300正2,38,25,13,元大-和平,2024-10-01,9863
3550,聯穎,21,8,13,元大-和平,2024-10-01,9863
00927,群益半導體收益,13,0,13,元大-和平,2024-10-01,9863
3450,聯鈞,17,6,11,元大-和平,2024-10-01,9863
2867,三商壽,11,0,11,元大-和平,2024-10-01,9863
2891,中信金,12,1,11,元大-和平,2024-10-01,9863
1584,精剛,11,0,11,元大-和平,2024-10-01,9863
2882,國泰金,11,0,11,元大-和平,2024-10-01,9863
00946,群益科技高息成長,10,0,10,元大-和平,2024-10-01,9863
2337,旺宏,10,0,10,元大-和平,2024-10-01,9863
2355,敬鵬,10,0,10,元大-和平,2024-10-01,9863
2405,輔信,10,0,10,元大-和平,2024-10-01,9863
8027,鈦昇,11,1,10,元大-和平,2024-10-01,9863
00687B,國泰20年美債,328,11,317,元大-和平,2024-10-04,9863
8103,瀚荃,225,0,225,元大-和平,2024-10-04,9863
2618,長榮航,206,19,187,元大-和平,2024-10-04,9863
00919,群益台灣精選高息,189,3,186,元大-和平,2024-10-04,9863
2609,陽明,166,27,139,元大-和平,2024-10-04,9863
2891,中信金,266,142,124,元大-和平,2024-10-04,9863
5469,瀚宇博,110,0,110,元大-和平,2024-10-04,9863
00940,元大台灣價值高息,100,12,88,元大-和平,2024-10-04,9863
00636,國泰中國A50,82,9,73,元大-和平,2024-10-04,9863
6134,萬旭,60,1,59,元大-和平,2024-10-04,9863
00753L,中信中國50正2,117,61,56,元大-和平,2024-10-04,9863
00762,元大全球AI,48,1,47,元大-和平,2024-10-04,9863
2603,長榮,43,1,42,元大-和平,2024-10-04,9863
2498,宏達電,56,15,41,元大-和平,2024-10-04,9863
00929,復華台灣科技優息,58,18,40,元大-和平,2024-10-04,9863
3264,欣銓,35,0,35,元大-和平,2024-10-04,9863
2312,金寶,50,16,34,元大-和平,2024-10-04,9863
00946,群益科技高息成長,30,0,30,元大-和平,2024-10-04,9863
6712,長聖,30,2,28,元大-和平,2024-10-04,9863
8068,全達,31,4,27,元大-和平,2024-10-04,9863
0056,元大高股息,27,0,27,元大-和平,2024-10-04,9863
2610,華航,25,0,25,元大-和平,2024-10-04,9863
00960,野村全球航運龍頭,24,1,23,元大-和平,2024-10-04,9863
2303,聯電,43,21,22,元大-和平,2024-10-04,9863
3605,宏致,28,7,21,元大-和平,2024-10-04,9863
5876,上海商銀,21,0,21,元大-和平,2024-10-04,9863
00652,富邦印度,20,0,20,元大-和平,2024-10-04,9863
00922,國泰台灣領袖50,24,5,19,元大-和平,2024-10-04,9863
00878,國泰永續高股息,30,12,18,元大-和平,2024-10-04,9863
1711,永光,22,4,18,元大-和平,2024-10-04,9863
6869,雲豹能源,24,6,18,元大-和平,2024-10-04,9863
6805,富世達,18,0,18,元大-和平,2024-10-04,9863
2377,微星,17,0,17,元大-和平,2024-10-04,9863
00918,大華優利高填息30,17,0,17,元大-和平,2024-10-04,9863
2881,富邦金,17,1,16,元大-和平,2024-10-04,9863
00720B,元大投資級公司債,16,0,16,元大-和平,2024-10-04,9863
3149,正達,20,4,16,元大-和平,2024-10-04,9863
2388,威盛,24,10,14,元大-和平,2024-10-04,9863
2382,廣達,16,2,14,元大-和平,2024-10-04,9863
4414,如興,14,0,14,元大-和平,2024-10-04,9863
3189,景碩,13,0,13,元大-和平,2024-10-04,9863
1513,中興電,21,9,12,元大-和平,2024-10-04,9863
2426,鼎元,16,5,11,元大-和平,2024-10-04,9863
8085,福華,11,0,11,元大-和平,2024-10-04,9863
8201,無敵,11,0,11,元大-和平,2024-10-04,9863
5230,雷笛克光學,10,0,10,元大-和平,2024-10-04,9863
00680L,元大美債20正2,16,6,10,元大-和平,2024-10-04,9863
00948B,中信優息投資級債,10,0,10,元大-和平,2024-10-04,9863
1789,神隆,10,0,10,元大-和平,2024-10-04,9863
2038,海光,15,5,10,元大-和平,2024-10-04,9863
00632R,元大台灣50反1,1345,24,1321,元大-和平,2024-10-07,9863
00753L,中信中國50正2,756,105,651,元大-和平,2024-10-07,9863
00940,元大台灣價值高息,460,5,455,元大-和平,2024-10-07,9863
00637L,元大滬深300正2,330,132,198,元大-和平,2024-10-07,9863
00679B,元大美債20年,139,15,124,元大-和平,2024-10-07,9863
00680L,元大美債20正2,219,125,94,元大-和平,2024-10-07,9863
00633L,富邦上証正2,70,2,68,元大-和平,2024-10-07,9863
0056,元大高股息,64,3,61,元大-和平,2024-10-07,9863
4977,眾達-KY,59,3,56,元大-和平,2024-10-07,9863
00919,群益台灣精選高息,53,6,47,元大-和平,2024-10-07,9863
8111,立��,93,49,44,元大-和平,2024-10-07,9863
2618,長榮航,45,2,43,元大-和平,2024-10-07,9863
1809,中釉,37,0,37,元大-和平,2024-10-07,9863
4527,方土霖,30,0,30,元大-和平,2024-10-07,9863
6284,佳邦,34,4,30,元大-和平,2024-10-07,9863
6288,聯嘉,33,3,30,元大-和平,2024-10-07,9863
2867,三商壽,60,30,30,元大-和平,2024-10-07,9863
00665L,富邦�琤肭磪囓�2,29,0,29,元大-和平,2024-10-07,9863
3062,建漢,41,17,24,元大-和平,2024-10-07,9863
2317,鴻海,31,10,21,元大-和平,2024-10-07,9863
5483,中美晶,31,10,21,元大-和平,2024-10-07,9863
2421,建準,20,0,20,元大-和平,2024-10-07,9863
2913,農林,20,0,20,元大-和平,2024-10-07,9863
4114,健喬,20,0,20,元大-和平,2024-10-07,9863
8201,無敵,20,0,20,元大-和平,2024-10-07,9863
00636,國泰中國A50,22,4,18,元大-和平,2024-10-07,9863
00878,國泰永續高股息,21,3,18,元大-和平,2024-10-07,9863
6742,澤米,18,0,18,元大-和平,2024-10-07,9863
2356,英業達,21,4,17,元大-和平,2024-10-07,9863
2316,楠梓電,21,4,17,元大-和平,2024-10-07,9863
3708,上緯投控,17,0,17,元大-和平,2024-10-07,9863
3714,富采,22,5,17,元大-和平,2024-10-07,9863
00762,元大全球AI,15,0,15,元大-和平,2024-10-07,9863
3374,精材,24,11,13,元大-和平,2024-10-07,9863
00752,中信中國50,47,34,13,元大-和平,2024-10-07,9863
2884,玉山金,13,0,13,元大-和平,2024-10-07,9863
00713,元大台灣高息低波,13,0,13,元大-和平,2024-10-07,9863
2308,台達電,13,1,12,元大-和平,2024-10-07,9863
00907,永豐優息存股,12,0,12,元大-和平,2024-10-07,9863
2104,國際中橡,12,0,12,元大-和平,2024-10-07,9863
3550,聯穎,22,10,12,元大-和平,2024-10-07,9863
2349,錸德,14,2,12,元大-和平,2024-10-07,9863
3234,光環,16,4,12,元大-和平,2024-10-07,9863
00651R,復華香港反1,11,0,11,元大-和平,2024-10-07,9863
3591,艾笛森,12,1,11,元大-和平,2024-10-07,9863
4961,天鈺,11,0,11,元大-和平,2024-10-07,9863
00905,FT臺灣Smart,11,0,11,元大-和平,2024-10-07,9863
4909,新復興,12,2,10,元大-和平,2024-10-07,9863
00692,富邦公司治理,10,0,10,元大-和平,2024-10-07,9863
00715L,期街口布蘭特正2,10,0,10,元大-和平,2024-10-07,9863
00687B,國泰20年美債,1317,67,1250,元大-和平,2024-10-08,9863
5469,瀚宇博,160,1,159,元大-和平,2024-10-08,9863
00637L,元大滬深300正2,524,368,156,元大-和平,2024-10-08,9863
2801,彰銀,154,0,154,元大-和平,2024-10-08,9863
2614,東森,152,0,152,元大-和平,2024-10-08,9863
00937B,群益ESG投等債20,123,0,123,元大-和平,2024-10-08,9863
8103,瀚荃,110,0,110,元大-和平,2024-10-08,9863
00753L,中信中國50正2,153,70,83,元大-和平,2024-10-08,9863
1802,台玻,78,1,77,元大-和平,2024-10-08,9863
6152,百一,81,5,76,元大-和平,2024-10-08,9863
00940,元大台灣價值高息,73,0,73,元大-和平,2024-10-08,9863
0061,元大寶滬深,68,4,64,元大-和平,2024-10-08,9863
3264,欣銓,63,0,63,元大-和平,2024-10-08,9863
5483,中美晶,53,0,53,元大-和平,2024-10-08,9863
2312,金寶,52,0,52,元大-和平,2024-10-08,9863
1904,正隆,50,0,50,元大-和平,2024-10-08,9863
9934,成霖,46,0,46,元大-和平,2024-10-08,9863
00665L,富邦�琤肭磪囓�2,47,2,45,元大-和平,2024-10-08,9863
4114,健喬,43,0,43,元大-和平,2024-10-08,9863
3481,群創,51,8,43,元大-和平,2024-10-08,9863
2399,映泰,184,143,41,元大-和平,2024-10-08,9863
0056,元大高股息,41,0,41,元大-和平,2024-10-08,9863
9938,百和,41,0,41,元大-和平,2024-10-08,9863
00633L,富邦上証正2,74,34,40,元大-和平,2024-10-08,9863
5521,工信,40,0,40,元大-和平,2024-10-08,9863
00919,群益台灣精選高息,40,5,35,元大-和平,2024-10-08,9863
00878,國泰永續高股息,35,0,35,元大-和平,2024-10-08,9863
3033,威健,38,4,34,元大-和平,2024-10-08,9863
6901,鑽石投資,30,0,30,元大-和平,2024-10-08,9863
8404,百和興業-KY,36,7,29,元大-和平,2024-10-08,9863
00679B,元大美債20年,29,0,29,元大-和平,2024-10-08,9863
00673R,期元大S＆P原油反1,27,0,27,元大-和平,2024-10-08,9863
1711,永光,36,9,27,元大-和平,2024-10-08,9863
6788,華景電,33,6,27,元大-和平,2024-10-08,9863
00725B,國泰投資級公司債,25,0,25,元大-和平,2024-10-08,9863
2362,藍天,35,11,24,元大-和平,2024-10-08,9863
00712,復華富時不動產,24,0,24,元大-和平,2024-10-08,9863
00934,中信成長高股息,21,0,21,元大-和平,2024-10-08,9863
4903,聯光通,28,8,20,元大-和平,2024-10-08,9863
2705,六福,20,0,20,元大-和平,2024-10-08,9863
00650L,復華香港正2,20,0,20,元大-和平,2024-10-08,9863
2317,鴻海,28,9,19,元大-和平,2024-10-08,9863
00751B,元大AAA至A公司債,21,2,19,元大-和平,2024-10-08,9863
00948B,中信優息投資級債,18,0,18,元大-和平,2024-10-08,9863
2615,萬海,25,9,16,元大-和平,2024-10-08,9863
6658,聯策,22,7,15,元大-和平,2024-10-08,9863
6197,佳必琪,15,0,15,元大-和平,2024-10-08,9863
00915,凱基優選高股息30,115,101,14,元大-和平,2024-10-08,9863
1569,濱川,15,1,14,元大-和平,2024-10-08,9863
2344,華邦電,16,2,14,元大-和平,2024-10-08,9863
2614,東森,834,0,834,元大-和平,2024-10-09,9863
2609,陽明,215,3,212,元大-和平,2024-10-09,9863
00633L,富邦上証正2,120,0,120,元大-和平,2024-10-09,9863
1904,正隆,120,0,120,元大-和平,2024-10-09,9863
2610,華航,125,5,120,元大-和平,2024-10-09,9863
00937B,群益ESG投等債20,108,0,108,元大-和平,2024-10-09,9863
00882,中信中國高股息,137,32,105,元大-和平,2024-10-09,9863
00632R,元大台灣50反1,705,604,101,元大-和平,2024-10-09,9863
0056,元大高股息,61,3,58,元大-和平,2024-10-09,9863
9934,成霖,54,0,54,元大-和平,2024-10-09,9863
00680L,元大美債20正2,59,6,53,元大-和平,2024-10-09,9863
00687B,國泰20年美債,49,1,48,元大-和平,2024-10-09,9863
00919,群益台灣精選高息,59,11,48,元大-和平,2024-10-09,9863
3481,群創,51,7,44,元大-和平,2024-10-09,9863
00688L,國泰20年美債正2,42,0,42,元大-和平,2024-10-09,9863
00752,中信中國50,46,11,35,元大-和平,2024-10-09,9863
4977,眾達-KY,51,17,34,元大-和平,2024-10-09,9863
1711,永光,34,2,32,元大-和平,2024-10-09,9863
2888,新光金,64,32,32,元大-和平,2024-10-09,9863
00943,兆豐電子高息等權,31,0,31,元大-和平,2024-10-09,9863
00878,國泰永續高股息,32,1,31,元大-和平,2024-10-09,9863
8103,瀚荃,33,3,30,元大-和平,2024-10-09,9863
1802,台玻,31,2,29,元大-和平,2024-10-09,9863
3576,聯合再生,27,0,27,元大-和平,2024-10-09,9863
1727,中華化,33,6,27,元大-和平,2024-10-09,9863
00643,群益深証中小,27,0,27,元大-和平,2024-10-09,9863
9933,中鼎,24,0,24,元大-和平,2024-10-09,9863
2542,興富發,21,0,21,元大-和平,2024-10-09,9863
00665L,富邦�琤肭磪囓�2,20,0,20,元大-和平,2024-10-09,9863
2801,彰銀,20,0,20,元大-和平,2024-10-09,9863
4114,健喬,20,0,20,元大-和平,2024-10-09,9863
2303,聯電,23,4,19,元大-和平,2024-10-09,9863
2883,凱基金,20,1,19,元大-和平,2024-10-09,9863
5443,均豪,25,8,17,元大-和平,2024-10-09,9863
00753L,中信中國50正2,35,18,17,元大-和平,2024-10-09,9863
00929,復華台灣科技優息,24,9,15,元大-和平,2024-10-09,9863
00936,台新永續高息中小,15,0,15,元大-和平,2024-10-09,9863
2344,華邦電,15,0,15,元大-和平,2024-10-09,9863
5534,長虹,15,0,15,元大-和平,2024-10-09,9863
6108,競國,26,11,15,元大-和平,2024-10-09,9863
0052,富邦科技,15,1,14,元大-和平,2024-10-09,9863
6658,聯策,19,5,14,元大-和平,2024-10-09,9863
4746,台耀,13,0,13,元大-和平,2024-10-09,9863
6152,百一,13,0,13,元大-和平,2024-10-09,9863
00940,元大台灣價值高息,15,2,13,元大-和平,2024-10-09,9863
2363,矽統,81,69,12,元大-和平,2024-10-09,9863
2515,中工,12,0,12,元大-和平,2024-10-09,9863
2356,英業達,28,17,11,元大-和平,2024-10-09,9863
00712,復華富時不動產,11,0,11,元大-和平,2024-10-09,9863
00948B,中信優息投資級債,11,0,11,元大-和平,2024-10-09,9863
00632R,元大台灣50反1,1608,2,1606,元大-和平,2024-10-11,9863
00687B,國泰20年美債,656,66,590,元大-和平,2024-10-11,9863
00706L,期元大S＆P日圓正2,300,0,300,元大-和平,2024-10-11,9863
9934,成霖,197,0,197,元大-和平,2024-10-11,9863
00637L,元大滬深300正2,243,123,120,元大-和平,2024-10-11,9863
00915,凱基優選高股息30,94,5,89,元大-和平,2024-10-11,9863
4114,健喬,82,0,82,元大-和平,2024-10-11,9863
00948B,中信優息投資級債,76,0,76,元大-和平,2024-10-11,9863
2344,華邦電,73,11,62,元大-和平,2024-10-11,9863
3576,聯合再生,50,0,50,元大-和平,2024-10-11,9863
6207,雷科,51,1,50,元大-和平,2024-10-11,9863
6712,長聖,41,0,41,元大-和平,2024-10-11,9863
00882,中信中國高股息,62,23,39,元大-和平,2024-10-11,9863
1802,台玻,38,0,38,元大-和平,2024-10-11,9863
4979,華星光,64,26,38,元大-和平,2024-10-11,9863
8027,鈦昇,35,0,35,元大-和平,2024-10-11,9863
00753L,中信中國50正2,42,11,31,元大-和平,2024-10-11,9863
00643,群益深証中小,30,0,30,元大-和平,2024-10-11,9863
8028,昇陽半導體,51,25,26,元大-和平,2024-10-11,9863
8103,瀚荃,69,44,25,元大-和平,2024-10-11,9863
6937,天虹,26,4,22,元大-和平,2024-10-11,9863
00633L,富邦上証正2,21,0,21,元大-和平,2024-10-11,9863
2356,英業達,21,4,17,元大-和平,2024-10-11,9863
0056,元大高股息,17,0,17,元大-和平,2024-10-11,9863
00713,元大台灣高息低波,16,0,16,元大-和平,2024-10-11,9863
2363,矽統,37,22,15,元大-和平,2024-10-11,9863
00943,兆豐電子高息等權,15,0,15,元大-和平,2024-10-11,9863
6425,易發,22,8,14,元大-和平,2024-10-11,9863
00655L,國泰中國A50正2,13,0,13,元大-和平,2024-10-11,9863
00688L,國泰20年美債正2,13,0,13,元大-和平,2024-10-11,9863
1905,華紙,12,0,12,元大-和平,2024-10-11,9863
3703,欣陸,12,0,12,元大-和平,2024-10-11,9863
6152,百一,12,0,12,元大-和平,2024-10-11,9863
2101,南港,11,0,11,元大-和平,2024-10-11,9863
00857B,永豐20年美公債,10,0,10,元大-和平,2024-10-11,9863
00830,國泰費城半導體,10,0,10,元大-和平,2024-10-11,9863
00912,中信臺灣智慧50,10,0,10,元大-和平,2024-10-11,9863
4973,廣穎,10,0,10,元大-和平,2024-10-11,9863
5876,上海商銀,10,0,10,元大-和平,2024-10-11,9863
00701,國泰股利精選30,10,0,10,元大-和平,2024-10-11,9863
00651R,復華香港反1,9,0,9,元大-和平,2024-10-11,9863
1785,光洋科,9,0,9,元大-和平,2024-10-11,9863
6968,萬達寵物,9,0,9,元大-和平,2024-10-11,9863
3661,世芯-KY,11,2,9,元大-和平,2024-10-11,9863
3049,精金,16,8,8,元大-和平,2024-10-11,9863
00878,國泰永續高股息,15,7,8,元大-和平,2024-10-11,9863
00905,FT臺灣Smart,8,0,8,元大-和平,2024-10-11,9863
1605,華新,8,0,8,元大-和平,2024-10-11,9863
9921,巨大,7,0,7,元大-和平,2024-10-11,9863
2489,瑞軒,10,3,7,元大-和平,2024-10-11,9863
2312,金寶,179,55,124,元大-和平,2024-10-14,9863
00680L,元大美債20正2,114,1,113,元大-和平,2024-10-14,9863
9934,成霖,155,52,103,元大-和平,2024-10-14,9863
00687B,國泰20年美債,121,22,99,元大-和平,2024-10-14,9863
00688L,國泰20年美債正2,106,20,86,元大-和平,2024-10-14,9863
00679B,元大美債20年,98,13,85,元大-和平,2024-10-14,9863
0061,元大寶滬深,70,0,70,元大-和平,2024-10-14,9863
00887,永豐中國科技50大,65,1,64,元大-和平,2024-10-14,9863
00948B,中信優息投資級債,62,0,62,元大-和平,2024-10-14,9863
00915,凱基優選高股息30,54,0,54,元大-和平,2024-10-14,9863
0056,元大高股息,59,6,53,元大-和平,2024-10-14,9863
4977,眾達-KY,86,35,51,元大-和平,2024-10-14,9863
00929,復華台灣科技優息,52,4,48,元大-和平,2024-10-14,9863
00960,野村全球航運龍頭,46,2,44,元大-和平,2024-10-14,9863
6658,聯策,43,3,40,元大-和平,2024-10-14,9863
2723,美食-KY,40,0,40,元大-和平,2024-10-14,9863
00937B,群益ESG投等債20,64,26,38,元大-和平,2024-10-14,9863
00922,國泰台灣領袖50,35,0,35,元大-和平,2024-10-14,9863
00918,大華優利高填息30,23,0,23,元大-和平,2024-10-14,9863
00953B,群益優選非投等債,23,0,23,元大-和平,2024-10-14,9863
2392,正崴,22,1,21,元大-和平,2024-10-14,9863
00643,群益深証中小,20,0,20,元大-和平,2024-10-14,9863
2801,彰銀,20,0,20,元大-和平,2024-10-14,9863
6164,華興,20,0,20,元大-和平,2024-10-14,9863
00637L,元大滬深300正2,182,163,19,元大-和平,2024-10-14,9863
9938,百和,20,2,18,元大-和平,2024-10-14,9863
00713,元大台灣高息低波,19,1,18,元大-和平,2024-10-14,9863
4414,如興,17,0,17,元大-和平,2024-10-14,9863
2399,映泰,48,33,15,元大-和平,2024-10-14,9863
2887,台新金,13,0,13,元大-和平,2024-10-14,9863
4303,信立,13,0,13,元大-和平,2024-10-14,9863
6937,天虹,14,1,13,元大-和平,2024-10-14,9863
3580,友威科,13,1,12,元大-和平,2024-10-14,9863
2388,威盛,15,3,12,元大-和平,2024-10-14,9863
1326,台化,11,0,11,元大-和平,2024-10-14,9863
00943,兆豐電子高息等權,11,0,11,元大-和平,2024-10-14,9863
4561,健椿,11,0,11,元大-和平,2024-10-14,9863
9105,泰金寶-DR,13,2,11,元大-和平,2024-10-14,9863
2543,皇昌,11,1,10,元大-和平,2024-10-14,9863
00877,復華中國5G,10,0,10,元大-和平,2024-10-14,9863
2038,海光,10,0,10,元大-和平,2024-10-14,9863
2438,翔耀,10,0,10,元大-和平,2024-10-14,9863
2476,鉅祥,10,0,10,元大-和平,2024-10-14,9863
3576,聯合再生,10,0,10,元大-和平,2024-10-14,9863
4903,聯光通,18,8,10,元大-和平,2024-10-14,9863
6179,亞通,10,0,10,元大-和平,2024-10-14,9863
911868,同方友友-DR,10,0,10,元大-和平,2024-10-14,9863
00632R,元大台灣50反1,10,1,9,元大-和平,2024-10-14,9863
2313,華通,9,1,8,元大-和平,2024-10-14,9863
2354,鴻準,9,1,8,元大-和平,2024-10-14,9863
00632R,元大台灣50反1,815,101,714,元大-和平,2024-10-15,9863
2888,新光金,940,334,606,元大-和平,2024-10-15,9863
00637L,元大滬深300正2,113,14,99,元大-和平,2024-10-15,9863
3710,連展投控,76,0,76,元大-和平,2024-10-15,9863
00688L,國泰20年美債正2,71,0,71,元大-和平,2024-10-15,9863
6164,華興,50,0,50,元大-和平,2024-10-15,9863
00961,FT臺灣永續高息,42,0,42,元大-和平,2024-10-15,9863
00922,國泰台灣領袖50,36,0,36,元大-和平,2024-10-15,9863
00665L,富邦�琤肭磪囓�2,35,0,35,元大-和平,2024-10-15,9863
3062,建漢,137,104,33,元大-和平,2024-10-15,9863
0061,元大寶滬深,30,0,30,元大-和平,2024-10-15,9863
6712,長聖,30,0,30,元大-和平,2024-10-15,9863
6151,晉倫,32,2,30,元大-和平,2024-10-15,9863
6706,惠特,30,3,27,元大-和平,2024-10-15,9863
2258,鴻華先進-創,25,0,25,元大-和平,2024-10-15,9863
2723,美食-KY,25,0,25,元大-和平,2024-10-15,9863
2603,長榮,26,1,25,元大-和平,2024-10-15,9863
00679B,元大美債20年,24,0,24,元大-和平,2024-10-15,9863
2241,艾姆勒,28,6,22,元大-和平,2024-10-15,9863
4956,光鋐,37,17,20,元大-和平,2024-10-15,9863
6592,和潤企業,20,0,20,元大-和平,2024-10-15,9863
00715L,期街口布蘭特正2,18,0,18,元大-和平,2024-10-15,9863
1528,恩德,17,0,17,元大-和平,2024-10-15,9863
2429,銘旺科,16,0,16,元大-和平,2024-10-15,9863
8105,凌巨,16,0,16,元大-和平,2024-10-15,9863
2614,東森,17,2,15,元大-和平,2024-10-15,9863
3530,晶相光,15,0,15,元大-和平,2024-10-15,9863
2312,金寶,133,119,14,元大-和平,2024-10-15,9863
6462,神盾,18,4,14,元大-和平,2024-10-15,9863
00712,復華富時不動產,13,0,13,元大-和平,2024-10-15,9863
00943,兆豐電子高息等權,13,0,13,元大-和平,2024-10-15,9863
3013,晟銘電,27,14,13,元大-和平,2024-10-15,9863
8028,昇陽半導體,18,7,11,元大-和平,2024-10-15,9863
8070,長華*,13,2,11,元大-和平,2024-10-15,9863
2887,台新金,15,4,11,元大-和平,2024-10-15,9863
6830,汎銓,22,12,10,元大-和平,2024-10-15,9863
0051,元大中型100,10,0,10,元大-和平,2024-10-15,9863
00655L,國泰中國A50正2,10,0,10,元大-和平,2024-10-15,9863
00696B,富邦美債20年,10,0,10,元大-和平,2024-10-15,9863
00933B,國泰10Y+金融債,10,0,10,元大-和平,2024-10-15,9863
2406,國碩,10,0,10,元大-和平,2024-10-15,9863
2506,太設,10,0,10,元大-和平,2024-10-15,9863
4414,如興,10,0,10,元大-和平,2024-10-15,9863
5483,中美晶,10,0,10,元大-和平,2024-10-15,9863
6152,百一,10,0,10,元大-和平,2024-10-15,9863
2399,映泰,57,47,10,元大-和平,2024-10-15,9863
00937B,群益ESG投等債20,10,1,9,元大-和平,2024-10-15,9863
5452,佶優,53,44,9,元大-和平,2024-10-15,9863
2615,萬海,10,1,9,元大-和平,2024-10-15,9863
2439,美律,9,0,9,元大-和平,2024-10-15,9863
2888,新光金,519,64,455,元大-和平,2024-10-16,9863
3017,奇鋐,167,12,155,元大-和平,2024-10-16,9863
00725B,國泰投資級公司債,100,5,95,元大-和平,2024-10-16,9863
1904,正隆,90,0,90,元大-和平,2024-10-16,9863
9934,成霖,83,0,83,元大-和平,2024-10-16,9863
2426,鼎元,141,59,82,元大-和平,2024-10-16,9863
2614,東森,67,0,67,元大-和平,2024-10-16,9863
3481,群創,112,50,62,元大-和平,2024-10-16,9863
00637L,元大滬深300正2,192,138,54,元大-和平,2024-10-16,9863
00633L,富邦上証正2,53,0,53,元大-和平,2024-10-16,9863
2610,華航,95,44,51,元大-和平,2024-10-16,9863
2801,彰銀,40,0,40,元大-和平,2024-10-16,9863
8916,光隆,40,0,40,元大-和平,2024-10-16,9863
6712,長聖,39,0,39,元大-和平,2024-10-16,9863
00643,群益深証中小,30,0,30,元大-和平,2024-10-16,9863
00929,復華台灣科技優息,29,0,29,元大-和平,2024-10-16,9863
4958,臻鼎-KY,28,0,28,元大-和平,2024-10-16,9863
00905,FT臺灣Smart,27,0,27,元大-和平,2024-10-16,9863
2337,旺宏,26,0,26,元大-和平,2024-10-16,9863
00887,永豐中國科技50大,36,11,25,元大-和平,2024-10-16,9863
2915,潤泰全,30,6,24,元大-和平,2024-10-16,9863
00680L,元大美債20正2,37,14,23,元大-和平,2024-10-16,9863
2880,華南金,21,0,21,元大-和平,2024-10-16,9863
2603,長榮,20,0,20,元大-和平,2024-10-16,9863
00655L,國泰中國A50正2,20,0,20,元大-和平,2024-10-16,9863
1513,中興電,20,0,20,元大-和平,2024-10-16,9863
9939,宏全,20,0,20,元大-和平,2024-10-16,9863
00878,國泰永續高股息,20,0,20,元大-和平,2024-10-16,9863
2885,元大金,21,3,18,元大-和平,2024-10-16,9863
1303,南亞,18,0,18,元大-和平,2024-10-16,9863
2303,聯電,17,1,16,元大-和平,2024-10-16,9863
2634,漢翔,18,2,16,元大-和平,2024-10-16,9863
6830,汎銓,24,8,16,元大-和平,2024-10-16,9863
2618,長榮航,56,40,16,元大-和平,2024-10-16,9863
1102,亞泥,15,0,15,元大-和平,2024-10-16,9863
4527,方土霖,20,5,15,元大-和平,2024-10-16,9863
00753L,中信中國50正2,20,6,14,元大-和平,2024-10-16,9863
2455,全新,13,0,13,元大-和平,2024-10-16,9863
5483,中美晶,13,0,13,元大-和平,2024-10-16,9863
3149,正達,25,12,13,元大-和平,2024-10-16,9863
00830,國泰費城半導體,19,7,12,元大-和平,2024-10-16,9863
00882,中信中國高股息,46,34,12,元大-和平,2024-10-16,9863
6901,鑽石投資,12,0,12,元大-和平,2024-10-16,9863
2881,富邦金,13,1,12,元大-和平,2024-10-16,9863
00937B,群益ESG投等債20,16,5,11,元大-和平,2024-10-16,9863
00922,國泰台灣領袖50,20,9,11,元大-和平,2024-10-16,9863
00915,凱基優選高股息30,11,1,10,元大-和平,2024-10-16,9863
00919,群益台灣精選高息,20,10,10,元大-和平,2024-10-16,9863
3030,德律,10,0,10,元大-和平,2024-10-16,9863
00665L,富邦�琤肭磪囓�2,10,0,10,元大-和平,2024-10-16,9863
8103,瀚荃,625,2,623,元大-和平,2024-10-17,9863
0056,元大高股息,85,0,85,元大-和平,2024-10-17,9863
3149,正達,76,19,57,元大-和平,2024-10-17,9863
3615,安可,53,2,51,元大-和平,2024-10-17,9863
00929,復華台灣科技優息,97,48,49,元大-和平,2024-10-17,9863
6147,頎邦,41,0,41,元大-和平,2024-10-17,9863
00927,群益半導體收益,40,0,40,元大-和平,2024-10-17,9863
5202,力新,42,4,38,元大-和平,2024-10-17,9863
00922,國泰台灣領袖50,36,0,36,元大-和平,2024-10-17,9863
2399,映泰,38,4,34,元大-和平,2024-10-17,9863
1815,富喬,31,0,31,元大-和平,2024-10-17,9863
3339,泰谷,30,0,30,元大-和平,2024-10-17,9863
00887,永豐中國科技50大,39,15,24,元大-和平,2024-10-17,9863
00679B,元大美債20年,37,15,22,元大-和平,2024-10-17,9863
3264,欣銓,21,0,21,元大-和平,2024-10-17,9863
1305,華夏,20,0,20,元大-和平,2024-10-17,9863
5009,榮剛,21,1,20,元大-和平,2024-10-17,9863
2421,建準,20,4,16,元大-和平,2024-10-17,9863
00753L,中信中國50正2,18,4,14,元大-和平,2024-10-17,9863
3706,神達,16,2,14,元大-和平,2024-10-17,9863
2330,台積電,17,4,13,元大-和平,2024-10-17,9863
2605,新興,13,0,13,元大-和平,2024-10-17,9863
4942,嘉彰,13,0,13,元大-和平,2024-10-17,9863
00830,國泰費城半導體,12,0,12,元大-和平,2024-10-17,9863
3710,連展投控,12,0,12,元大-和平,2024-10-17,9863
6712,長聖,12,0,12,元大-和平,2024-10-17,9863
6274,台燿,12,0,12,元大-和平,2024-10-17,9863
3498,陽程,22,10,12,元大-和平,2024-10-17,9863
00900,富邦特選高股息30,11,0,11,元大-和平,2024-10-17,9863
00637L,元大滬深300正2,83,72,11,元大-和平,2024-10-17,9863
2439,美律,11,0,11,元大-和平,2024-10-17,9863
5706,鳳凰,11,0,11,元大-和平,2024-10-17,9863
00725B,國泰投資級公司債,10,0,10,元大-和平,2024-10-17,9863
1101,台泥,10,0,10,元大-和平,2024-10-17,9863
2344,華邦電,10,0,10,元大-和平,2024-10-17,9863
2636,台驊控股,10,0,10,元大-和平,2024-10-17,9863
2905,三商,10,0,10,元大-和平,2024-10-17,9863
3062,建漢,31,21,10,元大-和平,2024-10-17,9863
3714,富采,15,5,10,元大-和平,2024-10-17,9863
6124,業強,10,0,10,元大-和平,2024-10-17,9863
6174,安��,10,0,10,元大-和平,2024-10-17,9863
4961,天鈺,10,1,9,元大-和平,2024-10-17,9863
00730,富邦臺灣優質高息,9,0,9,元大-和平,2024-10-17,9863
3060,銘異,21,12,9,元大-和平,2024-10-17,9863
6968,萬達寵物,9,0,9,元大-和平,2024-10-17,9863
3481,群創,84,75,9,元大-和平,2024-10-17,9863
00795B,中信美國公債20年,8,0,8,元大-和平,2024-10-17,9863
1528,恩德,39,31,8,元大-和平,2024-10-17,9863
1532,勤美,8,0,8,元大-和平,2024-10-17,9863
2453,凌群,8,0,8,元大-和平,2024-10-17,9863
00632R,元大台灣50反1,558,81,477,元大-和平,2024-10-18,9863
912000,晨訊科-DR,139,3,136,元大-和平,2024-10-18,9863
00680L,元大美債20正2,120,0,120,元大-和平,2024-10-18,9863
2312,金寶,231,116,115,元大-和平,2024-10-18,9863
2888,新光金,103,0,103,元大-和平,2024-10-18,9863
4533,協易機,137,41,96,元大-和平,2024-10-18,9863
00937B,群益ESG投等債20,94,0,94,元大-和平,2024-10-18,9863
00687B,國泰20年美債,93,0,93,元大-和平,2024-10-18,9863
5483,中美晶,70,1,69,元大-和平,2024-10-18,9863
3017,奇鋐,107,44,63,元大-和平,2024-10-18,9863
00679B,元大美債20年,60,0,60,元大-和平,2024-10-18,9863
00948B,中信優息投資級債,56,0,56,元大-和平,2024-10-18,9863
0061,元大寶滬深,50,0,50,元大-和平,2024-10-18,9863
00931B,統一美債20年,41,0,41,元大-和平,2024-10-18,9863
00922,國泰台灣領袖50,39,1,38,元大-和平,2024-10-18,9863
2303,聯電,44,9,35,元大-和平,2024-10-18,9863
2867,三商壽,32,0,32,元大-和平,2024-10-18,9863
4114,健喬,31,0,31,元大-和平,2024-10-18,9863
00943,兆豐電子高息等權,30,0,30,元大-和平,2024-10-18,9863
9934,成霖,30,0,30,元大-和平,2024-10-18,9863
4562,穎漢,48,22,26,元大-和平,2024-10-18,9863
2317,鴻海,57,33,24,元大-和平,2024-10-18,9863
4566,時碩工業,38,15,23,元大-和平,2024-10-18,9863
00637L,元大滬深300正2,123,101,22,元大-和平,2024-10-18,9863
00919,群益台灣精選高息,22,2,20,元大-和平,2024-10-18,9863
1524,耿鼎,20,0,20,元大-和平,2024-10-18,9863
0056,元大高股息,41,22,19,元大-和平,2024-10-18,9863
2399,映泰,47,29,18,元大-和平,2024-10-18,9863
2614,東森,17,0,17,元大-和平,2024-10-18,9863
00725B,國泰投資級公司債,15,0,15,元大-和平,2024-10-18,9863
3450,聯鈞,19,6,13,元大-和平,2024-10-18,9863
2609,陽明,18,5,13,元大-和平,2024-10-18,9863
2415,錩新,12,0,12,元大-和平,2024-10-18,9863
6712,長聖,12,0,12,元大-和平,2024-10-18,9863
2449,京元電子,21,10,11,元大-和平,2024-10-18,9863
00706L,期元大S＆P日圓正2,11,0,11,元大-和平,2024-10-18,9863
1611,中電,11,0,11,元大-和平,2024-10-18,9863
1536,和大,12,1,11,元大-和平,2024-10-18,9863
2301,光寶科,10,0,10,元大-和平,2024-10-18,9863
2383,台光電,11,1,10,元大-和平,2024-10-18,9863
3374,精材,17,7,10,元大-和平,2024-10-18,9863
00655L,國泰中國A50正2,20,10,10,元大-和平,2024-10-18,9863
00928,中信上櫃ESG30,10,0,10,元大-和平,2024-10-18,9863
00950B,凱基A級公司債,10,0,10,元大-和平,2024-10-18,9863
1305,華夏,10,0,10,元大-和平,2024-10-18,9863
2537,聯上發,10,0,10,元大-和平,2024-10-18,9863
2636,台驊控股,10,0,10,元大-和平,2024-10-18,9863
2915,潤泰全,10,0,10,元大-和平,2024-10-18,9863
3689,湧德,12,2,10,元大-和平,2024-10-18,9863
5512,力麒,10,0,10,元大-和平,2024-10-18,9863
00929,復華台灣科技優息,1017,7,1010,元大-和平,2024-10-21,9863
00953B,群益優選非投等債,268,0,268,元大-和平,2024-10-21,9863
00632R,元大台灣50反1,150,9,141,元大-和平,2024-10-21,9863
3481,群創,224,85,139,元大-和平,2024-10-21,9863
00937B,群益ESG投等債20,127,2,125,元大-和平,2024-10-21,9863
00687B,國泰20年美債,254,146,108,元大-和平,2024-10-21,9863
00948B,中信優息投資級債,105,0,105,元大-和平,2024-10-21,9863
00795B,中信美國公債20年,104,0,104,元大-和平,2024-10-21,9863
2888,新光金,103,17,86,元大-和平,2024-10-21,9863
00887,永豐中國科技50大,75,0,75,元大-和平,2024-10-21,9863
9934,成霖,90,20,70,元大-和平,2024-10-21,9863
2883,凱基金,77,10,67,元大-和平,2024-10-21,9863
00679B,元大美債20年,58,0,58,元大-和平,2024-10-21,9863
8111,立��,62,6,56,元大-和平,2024-10-21,9863
1785,光洋科,56,2,54,元大-和平,2024-10-21,9863
00639,富邦深100,72,20,52,元大-和平,2024-10-21,9863
00905,FT臺灣Smart,53,4,49,元大-和平,2024-10-21,9863
5202,力新,48,0,48,元大-和平,2024-10-21,9863
00637L,元大滬深300正2,92,46,46,元大-和平,2024-10-21,9863
2882,國泰金,47,1,46,元大-和平,2024-10-21,9863
2801,彰銀,41,0,41,元大-和平,2024-10-21,9863
1808,潤隆,30,0,30,元大-和平,2024-10-21,9863
1532,勤美,30,0,30,元大-和平,2024-10-21,9863
2881,富邦金,33,6,27,元大-和平,2024-10-21,9863
6425,易發,31,7,24,元大-和平,2024-10-21,9863
2363,矽統,116,92,24,元大-和平,2024-10-21,9863
00857B,永豐20年美公債,23,0,23,元大-和平,2024-10-21,9863
3227,原相,22,0,22,元大-和平,2024-10-21,9863
6712,長聖,20,0,20,元大-和平,2024-10-21,9863
4303,信立,20,0,20,元大-和平,2024-10-21,9863
00715L,期街口布蘭特正2,19,0,19,元大-和平,2024-10-21,9863
9945,潤泰新,18,0,18,元大-和平,2024-10-21,9863
00933B,國泰10Y+金融債,17,0,17,元大-和平,2024-10-21,9863
6854,錼創科技-KY創,16,1,15,元大-和平,2024-10-21,9863
8201,無敵,15,0,15,元大-和平,2024-10-21,9863
6763,綠界科技*,20,6,14,元大-和平,2024-10-21,9863
2891,中信金,17,3,14,元大-和平,2024-10-21,9863
2885,元大金,15,1,14,元大-和平,2024-10-21,9863
00753L,中信中國50正2,34,21,13,元大-和平,2024-10-21,9863
6156,松上,14,1,13,元大-和平,2024-10-21,9863
00725B,國泰投資級公司債,12,0,12,元大-和平,2024-10-21,9863
5347,世界,11,0,11,元大-和平,2024-10-21,9863
3711,日月光投控,11,0,11,元大-和平,2024-10-21,9863
1611,中電,11,0,11,元大-和平,2024-10-21,9863
4526,東台,22,12,10,元大-和平,2024-10-21,9863
2515,中工,10,0,10,元大-和平,2024-10-21,9863
00830,國泰費城半導體,12,2,10,元大-和平,2024-10-21,9863
00650L,復華香港正2,10,0,10,元大-和平,2024-10-21,9863
00706L,期元大S＆P日圓正2,10,0,10,元大-和平,2024-10-21,9863
00950B,凱基A級公司債,10,0,10,元大-和平,2024-10-21,9863
00937B,群益ESG投等債20,647,0,647,元大-和平,2024-10-22,9863
00687B,國泰20年美債,633,205,428,元大-和平,2024-10-22,9863
00953B,群益優選非投等債,200,5,195,元大-和平,2024-10-22,9863
00679B,元大美債20年,111,1,110,元大-和平,2024-10-22,9863
00688L,國泰20年美債正2,109,0,109,元大-和平,2024-10-22,9863
00720B,元大投資級公司債,108,0,108,元大-和平,2024-10-22,9863
00795B,中信美國公債20年,104,0,104,元大-和平,2024-10-22,9863
6763,綠界科技*,93,3,90,元大-和平,2024-10-22,9863
00680L,元大美債20正2,124,39,85,元大-和平,2024-10-22,9863
2033,佳大,76,1,75,元大-和平,2024-10-22,9863
00948B,中信優息投資級債,57,1,56,元大-和平,2024-10-22,9863
2344,華邦電,63,10,53,元大-和平,2024-10-22,9863
6134,萬旭,45,1,44,元大-和平,2024-10-22,9863
6658,聯策,46,6,40,元大-和平,2024-10-22,9863
00772B,中信高評級公司債,33,0,33,元大-和平,2024-10-22,9863
2883,凱基金,35,2,33,元大-和平,2024-10-22,9863
00751B,元大AAA至A公司債,31,0,31,元大-和平,2024-10-22,9863
3715,定穎投控,39,8,31,元大-和平,2024-10-22,9863
3141,晶宏,53,25,28,元大-和平,2024-10-22,9863
8404,百和興業-KY,28,0,28,元大-和平,2024-10-22,9863
2376,技嘉,32,6,26,元大-和平,2024-10-22,9863
00878,國泰永續高股息,22,0,22,元大-和平,2024-10-22,9863
00725B,國泰投資級公司債,20,0,20,元大-和平,2024-10-22,9863
00692,富邦公司治理,20,0,20,元大-和平,2024-10-22,9863
0061,元大寶滬深,20,0,20,元大-和平,2024-10-22,9863
6592,和潤企業,20,0,20,元大-和平,2024-10-22,9863
4979,華星光,24,5,19,元大-和平,2024-10-22,9863
6176,瑞儀,17,0,17,元大-和平,2024-10-22,9863
3354,律勝,22,7,15,元大-和平,2024-10-22,9863
2634,漢翔,13,0,13,元大-和平,2024-10-22,9863
2330,台積電,19,6,13,元大-和平,2024-10-22,9863
3189,景碩,29,17,12,元大-和平,2024-10-22,9863
00857B,永豐20年美公債,12,0,12,元大-和平,2024-10-22,9863
2354,鴻準,15,3,12,元大-和平,2024-10-22,9863
6220,岳豐,12,0,12,元大-和平,2024-10-22,9863
00960,野村全球航運龍頭,13,2,11,元大-和平,2024-10-22,9863
4729,熒茂,14,3,11,元大-和平,2024-10-22,9863
6712,長聖,11,0,11,元大-和平,2024-10-22,9863
9958,世紀鋼,14,3,11,元大-和平,2024-10-22,9863
2888,新光金,16,5,11,元大-和平,2024-10-22,9863
00877,復華中國5G,10,0,10,元大-和平,2024-10-22,9863
00956,中信日經高股息,10,0,10,元大-和平,2024-10-22,9863
1522,堤維西,10,0,10,元大-和平,2024-10-22,9863
1611,中電,10,0,10,元大-和平,2024-10-22,9863
2367,燿華,23,13,10,元大-和平,2024-10-22,9863
3689,湧德,10,0,10,元大-和平,2024-10-22,9863
5014,建錩,10,0,10,元大-和平,2024-10-22,9863
00900,富邦特選高股息30,10,1,9,元大-和平,2024-10-22,9863
2438,翔耀,17,8,9,元大-和平,2024-10-22,9863
3049,精金,12,3,9,元大-和平,2024-10-22,9863
1904,正隆,188,0,188,元大-和平,2024-10-23,9863
00687B,國泰20年美債,95,0,95,元大-和平,2024-10-23,9863
3011,今皓,74,4,70,元大-和平,2024-10-23,9863
2801,彰銀,70,0,70,元大-和平,2024-10-23,9863
00948B,中信優息投資級債,58,0,58,元大-和平,2024-10-23,9863
4114,健喬,56,0,56,元大-和平,2024-10-23,9863
6152,百一,55,0,55,元大-和平,2024-10-23,9863
00959B,大華投等美債15Y+,53,0,53,元大-和平,2024-10-23,9863
3141,晶宏,79,27,52,元大-和平,2024-10-23,9863
00931B,統一美債20年,36,0,36,元大-和平,2024-10-23,9863
00919,群益台灣精選高息,34,0,34,元大-和平,2024-10-23,9863
4109,加捷生醫,33,0,33,元大-和平,2024-10-23,9863
2303,聯電,34,3,31,元大-和平,2024-10-23,9863
0056,元大高股息,30,0,30,元大-和平,2024-10-23,9863
2453,凌群,38,11,27,元大-和平,2024-10-23,9863
2610,華航,36,10,26,元大-和平,2024-10-23,9863
2399,映泰,48,22,26,元大-和平,2024-10-23,9863
00943,兆豐電子高息等權,25,0,25,元大-和平,2024-10-23,9863
00679B,元大美債20年,55,30,25,元大-和平,2024-10-23,9863
2884,玉山金,24,0,24,元大-和平,2024-10-23,9863
00795B,中信美國公債20年,24,0,24,元大-和平,2024-10-23,9863
00878,國泰永續高股息,24,0,24,元大-和平,2024-10-23,9863
1314,中石化,72,50,22,元大-和平,2024-10-23,9863
3037,欣興,31,11,20,元大-和平,2024-10-23,9863
5386,青雲,24,5,19,元大-和平,2024-10-23,9863
00918,大華優利高填息30,24,5,19,元大-和平,2024-10-23,9863
5202,力新,20,3,17,元大-和平,2024-10-23,9863
2885,元大金,16,0,16,元大-和平,2024-10-23,9863
3167,大量,43,27,16,元大-和平,2024-10-23,9863
4533,協易機,29,14,15,元大-和平,2024-10-23,9863
2329,華泰,23,8,15,元大-和平,2024-10-23,9863
00907,永豐優息存股,14,0,14,元大-和平,2024-10-23,9863
3704,合勤控,14,0,14,元大-和平,2024-10-23,9863
2834,臺企銀,13,0,13,元大-和平,2024-10-23,9863
00751B,元大AAA至A公司債,12,0,12,元大-和平,2024-10-23,9863
00922,國泰台灣領袖50,16,4,12,元大-和平,2024-10-23,9863
00951,台新日本半導體,12,0,12,元大-和平,2024-10-23,9863
1301,台塑,13,3,10,元大-和平,2024-10-23,9863
00712,復華富時不動產,10,0,10,元大-和平,2024-10-23,9863
2477,美隆電,15,5,10,元大-和平,2024-10-23,9863
00725B,國泰投資級公司債,10,0,10,元大-和平,2024-10-23,9863
00900,富邦特選高股息30,10,0,10,元大-和平,2024-10-23,9863
00651R,復華香港反1,10,0,10,元大-和平,2024-10-23,9863
00740B,富邦全球投等債,10,0,10,元大-和平,2024-10-23,9863
5876,上海商銀,10,0,10,元大-和平,2024-10-23,9863
6592,和潤企業,10,0,10,元大-和平,2024-10-23,9863
6257,矽格,11,2,9,元大-和平,2024-10-23,9863
4526,東台,22,14,8,元大-和平,2024-10-23,9863
2464,盟立,15,7,8,元大-和平,2024-10-23,9863
00720B,元大投資級公司債,8,0,8,元大-和平,2024-10-23,9863
9934,成霖,460,0,460,元大-和平,2024-10-24,9863
8105,凌巨,80,0,80,元大-和平,2024-10-24,9863
00918,大華優利高填息30,74,0,74,元大-和平,2024-10-24,9863
0056,元大高股息,69,4,65,元大-和平,2024-10-24,9863
00940,元大台灣價值高息,96,34,62,元大-和平,2024-10-24,9863
3481,群創,61,4,57,元大-和平,2024-10-24,9863
00637L,元大滬深300正2,80,36,44,元大-和平,2024-10-24,9863
2317,鴻海,57,16,41,元大-和平,2024-10-24,9863
00937B,群益ESG投等債20,43,3,40,元大-和平,2024-10-24,9863
6712,長聖,35,0,35,元大-和平,2024-10-24,9863
8103,瀚荃,35,0,35,元大-和平,2024-10-24,9863
3141,晶宏,85,51,34,元大-和平,2024-10-24,9863
2884,玉山金,33,0,33,元大-和平,2024-10-24,9863
5483,中美晶,30,0,30,元大-和平,2024-10-24,9863
00891,中信關鍵半導體,28,0,28,元大-和平,2024-10-24,9863
2101,南港,31,3,28,元大-和平,2024-10-24,9863
2103,台橡,30,4,26,元大-和平,2024-10-24,9863
1815,富喬,32,6,26,元大-和平,2024-10-24,9863
00878,國泰永續高股息,25,0,25,元大-和平,2024-10-24,9863
6207,雷科,26,2,24,元大-和平,2024-10-24,9863
6609,瀧澤科,34,11,23,元大-和平,2024-10-24,9863
00679B,元大美債20年,22,0,22,元大-和平,2024-10-24,9863
00753L,中信中國50正2,29,7,22,元大-和平,2024-10-24,9863
2883,凱基金,23,2,21,元大-和平,2024-10-24,9863
2303,聯電,19,1,18,元大-和平,2024-10-24,9863
8454,富邦媒,18,0,18,元大-和平,2024-10-24,9863
4743,合一,17,0,17,元大-和平,2024-10-24,9863
8064,東捷,35,19,16,元大-和平,2024-10-24,9863
1605,華新,16,0,16,元大-和平,2024-10-24,9863
1802,台玻,33,18,15,元大-和平,2024-10-24,9863
00929,復華台灣科技優息,47,32,15,元大-和平,2024-10-24,9863
2489,瑞軒,16,2,14,元大-和平,2024-10-24,9863
00948B,中信優息投資級債,14,0,14,元大-和平,2024-10-24,9863
00960,野村全球航運龍頭,17,3,14,元大-和平,2024-10-24,9863
4114,健喬,15,1,14,元大-和平,2024-10-24,9863
2363,矽統,15,2,13,元大-和平,2024-10-24,9863
2382,廣達,34,21,13,元大-和平,2024-10-24,9863
6104,創惟,17,5,12,元大-和平,2024-10-24,9863
3290,東浦,12,0,12,元大-和平,2024-10-24,9863
00882,中信中國高股息,11,0,11,元大-和平,2024-10-24,9863
2882,國泰金,12,1,11,元大-和平,2024-10-24,9863
3066,李洲,11,0,11,元大-和平,2024-10-24,9863
3017,奇鋐,13,2,11,元大-和平,2024-10-24,9863
00720B,元大投資級公司債,10,0,10,元大-和平,2024-10-24,9863
00680L,元大美債20正2,14,4,10,元大-和平,2024-10-24,9863
00907,永豐優息存股,10,0,10,元大-和平,2024-10-24,9863
1611,中電,10,0,10,元大-和平,2024-10-24,9863
2390,云辰,10,0,10,元大-和平,2024-10-24,9863
2597,潤弘,10,0,10,元大-和平,2024-10-24,9863
4729,熒茂,14,4,10,元大-和平,2024-10-24,9863
00937B,群益ESG投等債20,128,2,126,元大-和平,2024-10-25,9863
00751B,元大AAA至A公司債,57,1,56,元大-和平,2024-10-25,9863
6968,萬達寵物,55,0,55,元大-和平,2024-10-25,9863
3615,安可,65,13,52,元大-和平,2024-10-25,9863
6770,力積電,41,0,41,元大-和平,2024-10-25,9863
5202,力新,43,4,39,元大-和平,2024-10-25,9863
4114,健喬,39,0,39,元大-和平,2024-10-25,9863
2618,長榮航,46,15,31,元大-和平,2024-10-25,9863
1802,台玻,27,1,26,元大-和平,2024-10-25,9863
6207,雷科,27,3,24,元大-和平,2024-10-25,9863
5284,jpp-KY,21,1,20,元大-和平,2024-10-25,9863
0055,元大MSCI金融,20,0,20,元大-和平,2024-10-25,9863
4168,醣聯,20,0,20,元大-和平,2024-10-25,9863
9934,成霖,20,0,20,元大-和平,2024-10-25,9863
00637L,元大滬深300正2,38,19,19,元大-和平,2024-10-25,9863
2887,台新金,20,1,19,元大-和平,2024-10-25,9863
2354,鴻準,69,51,18,元大-和平,2024-10-25,9863
00919,群益台灣精選高息,18,1,17,元大-和平,2024-10-25,9863
00959B,大華投等美債15Y+,17,0,17,元大-和平,2024-10-25,9863
6782,視陽,16,0,16,元大-和平,2024-10-25,9863
8103,瀚荃,16,0,16,元大-和平,2024-10-25,9863
3011,今皓,15,0,15,元大-和平,2024-10-25,9863
2888,新光金,16,2,14,元大-和平,2024-10-25,9863
0056,元大高股息,13,0,13,元大-和平,2024-10-25,9863
2349,錸德,21,8,13,元大-和平,2024-10-25,9863
3029,零壹,19,7,12,元大-和平,2024-10-25,9863
6658,聯策,13,1,12,元大-和平,2024-10-25,9863
1504,東元,12,0,12,元大-和平,2024-10-25,9863
5009,榮剛,12,0,12,元大-和平,2024-10-25,9863
00927,群益半導體收益,12,0,12,元大-和平,2024-10-25,9863
6285,啟��,13,2,11,元大-和平,2024-10-25,9863
00679B,元大美債20年,17,6,11,元大-和平,2024-10-25,9863
2344,華邦電,12,1,11,元大-和平,2024-10-25,9863
3149,正達,11,0,11,元大-和平,2024-10-25,9863
2374,佳能,20,9,11,元大-和平,2024-10-25,9863
2330,台積電,11,0,11,元大-和平,2024-10-25,9863
4303,信立,15,5,10,元大-和平,2024-10-25,9863
00933B,國泰10Y+金融債,10,0,10,元大-和平,2024-10-25,9863
2337,旺宏,10,0,10,元大-和平,2024-10-25,9863
2913,農林,10,0,10,元大-和平,2024-10-25,9863
5309,系統電,10,0,10,元大-和平,2024-10-25,9863
8155,博智,10,0,10,元大-和平,2024-10-25,9863
2329,華泰,10,1,9,元大-和平,2024-10-25,9863
2867,三商壽,9,0,9,元大-和平,2024-10-25,9863
00960,野村全球航運龍頭,10,1,9,元大-和平,2024-10-25,9863
3059,華晶科,9,0,9,元大-和平,2024-10-25,9863
6530,創威,11,2,9,元大-和平,2024-10-25,9863
3217,優群,10,1,9,元大-和平,2024-10-25,9863
2233,宇隆,12,4,8,元大-和平,2024-10-25,9863
2412,中華電,8,0,8,元大-和平,2024-10-25,9863
00687B,國泰20年美債,1106,100,1006,元大-和平,2024-10-28,9863
2888,新光金,400,5,395,元大-和平,2024-10-28,9863
00937B,群益ESG投等債20,203,10,193,元大-和平,2024-10-28,9863
00679B,元大美債20年,75,0,75,元大-和平,2024-10-28,9863
1802,台玻,129,58,71,元大-和平,2024-10-28,9863
00959B,大華投等美債15Y+,56,0,56,元大-和平,2024-10-28,9863
00898,國泰基因免疫革命,50,0,50,元大-和平,2024-10-28,9863
00887,永豐中國科技50大,46,1,45,元大-和平,2024-10-28,9863
2303,聯電,35,0,35,元大-和平,2024-10-28,9863
00715L,期街口布蘭特正2,34,0,34,元大-和平,2024-10-28,9863
6712,長聖,33,0,33,元大-和平,2024-10-28,9863
00652,富邦印度,30,0,30,元大-和平,2024-10-28,9863
1718,中纖,30,0,30,元大-和平,2024-10-28,9863
6782,視陽,23,0,23,元大-和平,2024-10-28,9863
4114,健喬,21,0,21,元大-和平,2024-10-28,9863
2010,春源,20,0,20,元大-和平,2024-10-28,9863
4168,醣聯,20,0,20,元大-和平,2024-10-28,9863
1307,三芳,19,0,19,元大-和平,2024-10-28,9863
2915,潤泰全,20,1,19,元大-和平,2024-10-28,9863
2603,長榮,19,1,18,元大-和平,2024-10-28,9863
00688L,國泰20年美債正2,17,0,17,元大-和平,2024-10-28,9863
0056,元大高股息,22,7,15,元大-和平,2024-10-28,9863
3055,蔚華科,34,20,14,元大-和平,2024-10-28,9863
2477,美隆電,30,16,14,元大-和平,2024-10-28,9863
2646,星宇航空,38,24,14,元大-和平,2024-10-28,9863
00795B,中信美國公債20年,12,0,12,元大-和平,2024-10-28,9863
8249,菱光,34,22,12,元大-和平,2024-10-28,9863
8070,長華*,11,0,11,元大-和平,2024-10-28,9863
2383,台光電,13,2,11,元大-和平,2024-10-28,9863
00878,國泰永續高股息,17,6,11,元大-和平,2024-10-28,9863
00712,復華富時不動產,11,0,11,元大-和平,2024-10-28,9863
00933B,國泰10Y+金融債,11,0,11,元大-和平,2024-10-28,9863
1316,上曜,11,0,11,元大-和平,2024-10-28,9863
3481,群創,11,1,10,元大-和平,2024-10-28,9863
2498,宏達電,10,0,10,元大-和平,2024-10-28,9863
3576,聯合再生,10,0,10,元大-和平,2024-10-28,9863
5202,力新,16,6,10,元大-和平,2024-10-28,9863
8940,新天地,10,0,10,元大-和平,2024-10-28,9863
3019,亞光,10,1,9,元大-和平,2024-10-28,9863
6114,久威,9,0,9,元大-和平,2024-10-28,9863
8404,百和興業-KY,10,1,9,元大-和平,2024-10-28,9863
3715,定穎投控,18,10,8,元大-和平,2024-10-28,9863
5386,青雲,15,7,8,元大-和平,2024-10-28,9863
2390,云辰,8,0,8,元大-和平,2024-10-28,9863
006208,富邦台50,8,0,8,元大-和平,2024-10-28,9863
2330,台積電,11,4,7,元大-和平,2024-10-28,9863
2609,陽明,10,3,7,元大-和平,2024-10-28,9863
00696B,富邦美債20年,7,0,7,元大-和平,2024-10-28,9863
2356,英業達,22,15,7,元大-和平,2024-10-28,9863
2438,翔耀,7,0,7,元大-和平,2024-10-28,9863
9934,成霖,160,0,160,元大-和平,2024-10-29,9863
4114,健喬,150,5,145,元大-和平,2024-10-29,9863
1904,正隆,130,3,127,元大-和平,2024-10-29,9863
8103,瀚荃,96,0,96,元大-和平,2024-10-29,9863
00940,元大台灣價值高息,98,8,90,元大-和平,2024-10-29,9863
00929,復華台灣科技優息,80,0,80,元大-和平,2024-10-29,9863
0056,元大高股息,83,4,79,元大-和平,2024-10-29,9863
00919,群益台灣精選高息,69,1,68,元大-和平,2024-10-29,9863
00878,國泰永續高股息,59,3,56,元大-和平,2024-10-29,9863
4958,臻鼎-KY,51,0,51,元大-和平,2024-10-29,9863
2867,三商壽,56,12,44,元大-和平,2024-10-29,9863
5483,中美晶,44,1,43,元大-和平,2024-10-29,9863
3481,群創,65,25,40,元大-和平,2024-10-29,9863
2303,聯電,55,15,40,元大-和平,2024-10-29,9863
3264,欣銓,40,0,40,元大-和平,2024-10-29,9863
2317,鴻海,66,27,39,元大-和平,2024-10-29,9863
00943,兆豐電子高息等權,36,0,36,元大-和平,2024-10-29,9863
2645,長榮航太,30,0,30,元大-和平,2024-10-29,9863
00881,國泰台灣5G+,28,0,28,元大-和平,2024-10-29,9863
00715L,期街口布蘭特正2,34,6,28,元大-和平,2024-10-29,9863
2104,國際中橡,28,0,28,元大-和平,2024-10-29,9863
00637L,元大滬深300正2,62,35,27,元大-和平,2024-10-29,9863
5603,陸海,24,0,24,元大-和平,2024-10-29,9863
2884,玉山金,22,0,22,元大-和平,2024-10-29,9863
3715,定穎投控,25,5,20,元大-和平,2024-10-29,9863
2388,威盛,24,4,20,元大-和平,2024-10-29,9863
2603,長榮,25,7,18,元大-和平,2024-10-29,9863
2344,華邦電,23,5,18,元大-和平,2024-10-29,9863
2330,台積電,24,6,18,元大-和平,2024-10-29,9863
00712,復華富時不動產,16,0,16,元大-和平,2024-10-29,9863
2354,鴻準,29,13,16,元大-和平,2024-10-29,9863
00922,國泰台灣領袖50,15,0,15,元大-和平,2024-10-29,9863
2419,仲琦,16,1,15,元大-和平,2024-10-29,9863
6153,嘉聯益,15,0,15,元大-和平,2024-10-29,9863
3714,富采,14,0,14,元大-和平,2024-10-29,9863
6133,金橋,13,0,13,元大-和平,2024-10-29,9863
006208,富邦台50,22,10,12,元大-和平,2024-10-29,9863
2609,陽明,24,13,11,元大-和平,2024-10-29,9863
1711,永光,11,0,11,元大-和平,2024-10-29,9863
2233,宇隆,12,2,10,元大-和平,2024-10-29,9863
2497,怡利電,10,0,10,元大-和平,2024-10-29,9863
6712,長聖,10,0,10,元大-和平,2024-10-29,9863
6592,和潤企業,10,0,10,元大-和平,2024-10-29,9863
00795B,中信美國公債20年,10,0,10,元大-和平,2024-10-29,9863
00762,元大全球AI,10,0,10,元大-和平,2024-10-29,9863
2486,一詮,12,2,10,元大-和平,2024-10-29,9863
2636,台驊控股,10,0,10,元大-和平,2024-10-29,9863
3711,日月光投控,11,1,10,元大-和平,2024-10-29,9863
6239,力成,9,0,9,元大-和平,2024-10-29,9863
5488,松普,9,0,9,元大-和平,2024-10-29,9863
5469,瀚宇博,265,0,265,元大-和平,2024-10-30,9863
3481,群創,157,51,106,元大-和平,2024-10-30,9863
3264,欣銓,90,0,90,元大-和平,2024-10-30,9863
2337,旺宏,88,0,88,元大-和平,2024-10-30,9863
5483,中美晶,52,0,52,元大-和平,2024-10-30,9863
2801,彰銀,50,0,50,元大-和平,2024-10-30,9863
00712,復華富時不動產,41,0,41,元大-和平,2024-10-30,9863
8103,瀚荃,41,0,41,元大-和平,2024-10-30,9863
00680L,元大美債20正2,34,1,33,元大-和平,2024-10-30,9863
6712,長聖,33,0,33,元大-和平,2024-10-30,9863
2610,華航,76,44,32,元大-和平,2024-10-30,9863
6156,松上,33,1,32,元大-和平,2024-10-30,9863
00959B,大華投等美債15Y+,31,0,31,元大-和平,2024-10-30,9863
2332,友訊,30,0,30,元大-和平,2024-10-30,9863
3715,定穎投控,28,0,28,元大-和平,2024-10-30,9863
00929,復華台灣科技優息,26,0,26,元大-和平,2024-10-30,9863
00633L,富邦上証正2,20,0,20,元大-和平,2024-10-30,9863
1718,中纖,20,0,20,元大-和平,2024-10-30,9863
6153,嘉聯益,20,0,20,元大-和平,2024-10-30,9863
3062,建漢,45,29,16,元大-和平,2024-10-30,9863
2377,微星,23,8,15,元大-和平,2024-10-30,9863
8044,網家,37,22,15,元大-和平,2024-10-30,9863
00950B,凱基A級公司債,15,0,15,元大-和平,2024-10-30,9863
00637L,元大滬深300正2,55,41,14,元大-和平,2024-10-30,9863
2303,聯電,15,2,13,元大-和平,2024-10-30,9863
2881,富邦金,12,0,12,元大-和平,2024-10-30,9863
5009,榮剛,14,2,12,元大-和平,2024-10-30,9863
4919,新唐,23,12,11,元大-和平,2024-10-30,9863
2363,矽統,13,2,11,元大-和平,2024-10-30,9863
2425,承啟,21,10,11,元大-和平,2024-10-30,9863
5603,陸海,11,0,11,元大-和平,2024-10-30,9863
3227,原相,11,0,11,元大-和平,2024-10-30,9863
4123,晟德,10,0,10,元大-和平,2024-10-30,9863
00713,元大台灣高息低波,10,0,10,元大-和平,2024-10-30,9863
00688L,國泰20年美債正2,10,0,10,元大-和平,2024-10-30,9863
1611,中電,10,0,10,元大-和平,2024-10-30,9863
5309,系統電,12,2,10,元大-和平,2024-10-30,9863
00905,FT臺灣Smart,10,0,10,元大-和平,2024-10-30,9863
006208,富邦台50,9,0,9,元大-和平,2024-10-30,9863
2438,翔耀,9,0,9,元大-和平,2024-10-30,9863
2723,美食-KY,9,0,9,元大-和平,2024-10-30,9863
5426,振發,9,0,9,元大-和平,2024-10-30,9863
2618,長榮航,8,0,8,元大-和平,2024-10-30,9863
00650L,復華香港正2,8,0,8,元大-和平,2024-10-30,9863
00665L,富邦�琤肭磪囓�2,8,0,8,元大-和平,2024-10-30,9863
5438,東友,16,8,8,元大-和平,2024-10-30,9863
6890,來億-KY,8,0,8,元大-和平,2024-10-30,9863
00887,永豐中國科技50大,11,3,8,元大-和平,2024-10-30,9863
6472,保瑞,8,0,8,元大-和平,2024-10-30,9863
2455,全新,8,0,8,元大-和平,2024-10-30,9863
2834,臺企銀,100,16,84,元大-和平,2024-11-01,9863
2303,聯電,93,27,66,元大-和平,2024-11-01,9863
00919,群益台灣精選高息,64,0,64,元大-和平,2024-11-01,9863
0056,元大高股息,72,20,52,元大-和平,2024-11-01,9863
2801,彰銀,52,0,52,元大-和平,2024-11-01,9863
6133,金橋,50,2,48,元大-和平,2024-11-01,9863
2317,鴻海,74,30,44,元大-和平,2024-11-01,9863
00712,復華富時不動產,36,0,36,元大-和平,2024-11-01,9863
00929,復華台灣科技優息,57,22,35,元大-和平,2024-11-01,9863
00830,國泰費城半導體,25,0,25,元大-和平,2024-11-01,9863
00948B,中信優息投資級債,25,0,25,元大-和平,2024-11-01,9863
00950B,凱基A級公司債,25,0,25,元大-和平,2024-11-01,9863
3711,日月光投控,23,2,21,元大-和平,2024-11-01,9863
1718,中纖,20,0,20,元大-和平,2024-11-01,9863
2888,新光金,20,0,20,元大-和平,2024-11-01,9863
4105,東洋,20,0,20,元大-和平,2024-11-01,9863
00943,兆豐電子高息等權,18,0,18,元大-和平,2024-11-01,9863
00937B,群益ESG投等債20,18,0,18,元大-和平,2024-11-01,9863
00878,國泰永續高股息,31,15,16,元大-和平,2024-11-01,9863
00940,元大台灣價值高息,15,0,15,元大-和平,2024-11-01,9863
2438,翔耀,17,2,15,元大-和平,2024-11-01,9863
3232,昱捷,15,0,15,元大-和平,2024-11-01,9863
2498,宏達電,20,6,14,元大-和平,2024-11-01,9863
3551,世禾,21,7,14,元大-和平,2024-11-01,9863
0050,元大台灣50,14,0,14,元大-和平,2024-11-01,9863
2880,華南金,13,0,13,元大-和平,2024-11-01,9863
006208,富邦台50,12,0,12,元大-和平,2024-11-01,9863
1785,光洋科,12,0,12,元大-和平,2024-11-01,9863
00959B,大華投等美債15Y+,12,0,12,元大-和平,2024-11-01,9863
2337,旺宏,13,1,12,元大-和平,2024-11-01,9863
2405,輔信,15,3,12,元大-和平,2024-11-01,9863
3092,鴻碩,15,3,12,元大-和平,2024-11-01,9863
4414,如興,12,0,12,元大-和平,2024-11-01,9863
00946,群益科技高息成長,11,0,11,元大-和平,2024-11-01,9863
6770,力積電,20,9,11,元大-和平,2024-11-01,9863
2884,玉山金,10,0,10,元大-和平,2024-11-01,9863
00655L,國泰中國A50正2,10,0,10,元大-和平,2024-11-01,9863
00762,元大全球AI,10,0,10,元大-和平,2024-11-01,9863
2344,華邦電,10,0,10,元大-和平,2024-11-01,9863
2520,冠德,10,0,10,元大-和平,2024-11-01,9863
00738U,期元大道瓊白銀,9,0,9,元大-和平,2024-11-01,9863
4968,立積,11,2,9,元大-和平,2024-11-01,9863
00713,元大台灣高息低波,8,0,8,元大-和平,2024-11-01,9863
00725B,國泰投資級公司債,8,0,8,元大-和平,2024-11-01,9863
6285,啟��,8,0,8,元大-和平,2024-11-01,9863
2727,王品,8,0,8,元大-和平,2024-11-01,9863
1808,潤隆,9,2,7,元大-和平,2024-11-01,9863
2383,台光電,7,0,7,元大-和平,2024-11-01,9863
2601,益航,7,0,7,元大-和平,2024-11-01,9863
8034,榮群,7,0,7,元大-和平,2024-11-01,9863
00687B,國泰20年美債,452,3,449,元大-和平,2024-11-04,9863
00943,兆豐電子高息等權,227,0,227,元大-和平,2024-11-04,9863
2303,聯電,150,0,150,元大-和平,2024-11-04,9863
5469,瀚宇博,96,0,96,元大-和平,2024-11-04,9863
00919,群益台灣精選高息,85,1,84,元大-和平,2024-11-04,9863
00937B,群益ESG投等債20,100,25,75,元大-和平,2024-11-04,9863
6757,台灣虎航,67,0,67,元大-和平,2024-11-04,9863
00878,國泰永續高股息,60,1,59,元大-和平,2024-11-04,9863
3481,群創,101,47,54,元大-和平,2024-11-04,9863
2609,陽明,60,11,49,元大-和平,2024-11-04,9863
00712,復華富時不動產,39,0,39,元大-和平,2024-11-04,9863
00637L,元大滬深300正2,63,25,38,元大-和平,2024-11-04,9863
00933B,國泰10Y+金融債,37,0,37,元大-和平,2024-11-04,9863
2615,萬海,53,18,35,元大-和平,2024-11-04,9863
1432,大魯閣,35,0,35,元大-和平,2024-11-04,9863
5347,世界,33,3,30,元大-和平,2024-11-04,9863
00680L,元大美債20正2,41,18,23,元大-和平,2024-11-04,9863
1815,富喬,23,0,23,元大-和平,2024-11-04,9863
00940,元大台灣價值高息,22,1,21,元大-和平,2024-11-04,9863
00950B,凱基A級公司債,20,0,20,元大-和平,2024-11-04,9863
2867,三商壽,20,0,20,元大-和平,2024-11-04,9863
5202,力新,40,20,20,元大-和平,2024-11-04,9863
00959B,大華投等美債15Y+,18,0,18,元大-和平,2024-11-04,9863
0056,元大高股息,20,2,18,元大-和平,2024-11-04,9863
3450,聯鈞,44,28,16,元大-和平,2024-11-04,9863
2634,漢翔,15,0,15,元大-和平,2024-11-04,9863
6968,萬達寵物,15,0,15,元大-和平,2024-11-04,9863
8111,立��,23,9,14,元大-和平,2024-11-04,9863
00713,元大台灣高息低波,14,1,13,元大-和平,2024-11-04,9863
8103,瀚荃,13,0,13,元大-和平,2024-11-04,9863
2486,一詮,14,1,13,元大-和平,2024-11-04,9863
3689,湧德,14,1,13,元大-和平,2024-11-04,9863
3037,欣興,14,1,13,元大-和平,2024-11-04,9863
00948B,中信優息投資級債,11,0,11,元大-和平,2024-11-04,9863
5483,中美晶,11,0,11,元大-和平,2024-11-04,9863
00953B,群益優選非投等債,11,0,11,元大-和平,2024-11-04,9863
3092,鴻碩,16,5,11,元大-和平,2024-11-04,9863
4977,眾達-KY,12,2,10,元大-和平,2024-11-04,9863
00706L,期元大S＆P日圓正2,10,0,10,元大-和平,2024-11-04,9863
00746B,富邦A級公司債,10,0,10,元大-和平,2024-11-04,9863
1316,上曜,11,1,10,元大-和平,2024-11-04,9863
3219,倚強科,13,3,10,元大-和平,2024-11-04,9863
4168,醣聯,10,0,10,元大-和平,2024-11-04,9863
6114,久威,10,0,10,元大-和平,2024-11-04,9863
1611,中電,10,0,10,元大-和平,2024-11-04,9863
6782,視陽,9,0,9,元大-和平,2024-11-04,9863
2405,輔信,15,7,8,元大-和平,2024-11-04,9863
00751B,元大AAA至A公司債,22,15,7,元大-和平,2024-11-04,9863
3062,建漢,22,15,7,元大-和平,2024-11-04,9863
1808,潤隆,7,0,7,元大-和平,2024-11-04,9863
5469,瀚宇博,319,0,319,元大-和平,2024-11-05,9863
00637L,元大滬深300正2,166,71,95,元大-和平,2024-11-05,9863
6712,長聖,78,0,78,元大-和平,2024-11-05,9863
00943,兆豐電子高息等權,77,0,77,元大-和平,2024-11-05,9863
00946,群益科技高息成長,59,0,59,元大-和平,2024-11-05,9863
2312,金寶,65,10,55,元大-和平,2024-11-05,9863
4991,環宇-KY,76,34,42,元大-和平,2024-11-05,9863
3049,精金,51,13,38,元大-和平,2024-11-05,9863
2317,鴻海,53,17,36,元大-和平,2024-11-05,9863
00878,國泰永續高股息,35,0,35,元大-和平,2024-11-05,9863
2303,聯電,73,39,34,元大-和平,2024-11-05,9863
2646,星宇航空,37,4,33,元大-和平,2024-11-05,9863
0055,元大MSCI金融,30,0,30,元大-和平,2024-11-05,9863
00941,中信上游半導體,30,0,30,元大-和平,2024-11-05,9863
6156,松上,31,4,27,元大-和平,2024-11-05,9863
8103,瀚荃,27,0,27,元大-和平,2024-11-05,9863
00679B,元大美債20年,26,0,26,元大-和平,2024-11-05,9863
00919,群益台灣精選高息,32,8,24,元大-和平,2024-11-05,9863
5347,世界,24,1,23,元大-和平,2024-11-05,9863
00933B,國泰10Y+金融債,20,0,20,元大-和平,2024-11-05,9863
1904,正隆,20,0,20,元大-和平,2024-11-05,9863
4414,如興,20,0,20,元大-和平,2024-11-05,9863
5876,上海商銀,20,0,20,元大-和平,2024-11-05,9863
2376,技嘉,33,13,20,元大-和平,2024-11-05,9863
00953B,群益優選非投等債,20,2,18,元大-和平,2024-11-05,9863
2890,永豐金,18,0,18,元大-和平,2024-11-05,9863
1432,大魯閣,15,0,15,元大-和平,2024-11-05,9863
5706,鳳凰,15,0,15,元大-和平,2024-11-05,9863
6218,豪勉,15,0,15,元大-和平,2024-11-05,9863
6782,視陽,15,0,15,元大-和平,2024-11-05,9863
00830,國泰費城半導體,14,0,14,元大-和平,2024-11-05,9863
00940,元大台灣價值高息,23,9,14,元大-和平,2024-11-05,9863
2344,華邦電,12,0,12,元大-和平,2024-11-05,9863
3033,威健,12,0,12,元大-和平,2024-11-05,9863
00882,中信中國高股息,15,4,11,元大-和平,2024-11-05,9863
2101,南港,10,0,10,元大-和平,2024-11-05,9863
00636,國泰中國A50,10,0,10,元大-和平,2024-11-05,9863
2402,毅嘉,10,0,10,元大-和平,2024-11-05,9863
2636,台驊控股,10,0,10,元大-和平,2024-11-05,9863
2809,京城銀,10,0,10,元大-和平,2024-11-05,9863
3092,鴻碩,10,0,10,元大-和平,2024-11-05,9863
3264,欣銓,10,0,10,元大-和平,2024-11-05,9863
4105,東洋,10,0,10,元大-和平,2024-11-05,9863
6114,久威,10,0,10,元大-和平,2024-11-05,9863
6768,志強-KY,11,1,10,元大-和平,2024-11-05,9863
2328,廣宇,11,2,9,元大-和平,2024-11-05,9863
2497,怡利電,10,1,9,元大-和平,2024-11-05,9863
1524,耿鼎,10,1,9,元大-和平,2024-11-05,9863
1616,億泰,9,0,9,元大-和平,2024-11-05,9863
8936,國統,9,0,9,元大-和平,2024-11-05,9863
00687B,國泰20年美債,1242,673,569,元大-和平,2024-11-06,9863
00706L,期元大S＆P日圓正2,200,0,200,元大-和平,2024-11-06,9863
2883,凱基金,89,0,89,元大-和平,2024-11-06,9863
5469,瀚宇博,88,0,88,元大-和平,2024-11-06,9863
00679B,元大美債20年,136,61,75,元大-和平,2024-11-06,9863
3706,神達,70,0,70,元大-和平,2024-11-06,9863
2332,友訊,60,1,59,元大-和平,2024-11-06,9863
1710,東聯,50,0,50,元大-和平,2024-11-06,9863
00878,國泰永續高股息,53,5,48,元大-和平,2024-11-06,9863
00680L,元大美債20正2,100,59,41,元大-和平,2024-11-06,9863
6712,長聖,39,0,39,元大-和平,2024-11-06,9863
00688L,國泰20年美債正2,87,50,37,元大-和平,2024-11-06,9863
3231,緯創,89,52,37,元大-和平,2024-11-06,9863
2354,鴻準,103,67,36,元大-和平,2024-11-06,9863
4526,東台,45,10,35,元大-和平,2024-11-06,9863
00753L,中信中國50正2,39,6,33,元大-和平,2024-11-06,9863
2615,萬海,46,14,32,元大-和平,2024-11-06,9863
5483,中美晶,32,0,32,元大-和平,2024-11-06,9863
00937B,群益ESG投等債20,69,41,28,元大-和平,2024-11-06,9863
00881,國泰台灣5G+,30,6,24,元大-和平,2024-11-06,9863
00632R,元大台灣50反1,30,7,23,元大-和平,2024-11-06,9863
2409,友達,21,0,21,元大-和平,2024-11-06,9863
6191,精成科,20,0,20,元大-和平,2024-11-06,9863
3596,智易,30,10,20,元大-和平,2024-11-06,9863
2610,華航,20,1,19,元大-和平,2024-11-06,9863
3047,訊舟,20,1,19,元大-和平,2024-11-06,9863
8111,立��,18,0,18,元大-和平,2024-11-06,9863
00751B,元大AAA至A公司債,16,0,16,元大-和平,2024-11-06,9863
00953B,群益優選非投等債,16,0,16,元大-和平,2024-11-06,9863
00948B,中信優息投資級債,15,0,15,元大-和平,2024-11-06,9863
2327,國巨,15,0,15,元大-和平,2024-11-06,9863
00941,中信上游半導體,15,0,15,元大-和平,2024-11-06,9863
2413,環科,15,0,15,元大-和平,2024-11-06,9863
4510,高鋒,16,3,13,元大-和平,2024-11-06,9863
3005,神基,15,2,13,元大-和平,2024-11-06,9863
00713,元大台灣高息低波,14,2,12,元大-和平,2024-11-06,9863
5452,佶優,15,4,11,元大-和平,2024-11-06,9863
6763,綠界科技*,11,0,11,元大-和平,2024-11-06,9863
00921,兆豐龍頭等權重,10,0,10,元大-和平,2024-11-06,9863
00905,FT臺灣Smart,10,0,10,元大-和平,2024-11-06,9863
00655L,國泰中國A50正2,10,0,10,元大-和平,2024-11-06,9863
1591,駿吉-KY,10,0,10,元大-和平,2024-11-06,9863
3264,欣銓,10,0,10,元大-和平,2024-11-06,9863
9940,信義,10,0,10,元大-和平,2024-11-06,9863
2609,陽明,20,10,10,元大-和平,2024-11-06,9863
2347,聯強,10,0,10,元大-和平,2024-11-06,9863
006208,富邦台50,10,0,10,元大-和平,2024-11-06,9863
00915,凱基優選高股息30,9,0,9,元大-和平,2024-11-06,9863
2439,美律,10,1,9,元大-和平,2024-11-06,9863
2885,元大金,9,0,9,元大-和平,2024-11-06,9863
3376,新日興,102,0,102,元大-和平,2024-11-07,9863
9105,泰金寶-DR,106,27,79,元大-和平,2024-11-07,9863
2610,華航,125,68,57,元大-和平,2024-11-07,9863
2618,長榮航,81,27,54,元大-和平,2024-11-07,9863
6757,台灣虎航,50,0,50,元大-和平,2024-11-07,9863
00680L,元大美債20正2,46,0,46,元大-和平,2024-11-07,9863
3706,神達,128,90,38,元大-和平,2024-11-07,9863
3141,晶宏,49,13,36,元大-和平,2024-11-07,9863
2337,旺宏,35,1,34,元大-和平,2024-11-07,9863
2609,陽明,39,9,30,元大-和平,2024-11-07,9863
8938,明安,30,0,30,元大-和平,2024-11-07,9863
6151,晉倫,29,0,29,元大-和平,2024-11-07,9863
2312,金寶,49,20,29,元大-和平,2024-11-07,9863
2303,聯電,75,47,28,元大-和平,2024-11-07,9863
00687B,國泰20年美債,52,27,25,元大-和平,2024-11-07,9863
1451,年興,24,0,24,元大-和平,2024-11-07,9863
2545,皇翔,25,2,23,元大-和平,2024-11-07,9863
00937B,群益ESG投等債20,20,0,20,元大-和平,2024-11-07,9863
4542,科嶠,20,0,20,元大-和平,2024-11-07,9863
3227,原相,31,11,20,元大-和平,2024-11-07,9863
4991,環宇-KY,23,6,17,元大-和平,2024-11-07,9863
00679B,元大美債20年,17,0,17,元大-和平,2024-11-07,9863
5014,建錩,17,1,16,元大-和平,2024-11-07,9863
6821,聯寶,16,0,16,元大-和平,2024-11-07,9863
6913,鴻呈,16,0,16,元大-和平,2024-11-07,9863
1815,富喬,57,42,15,元大-和平,2024-11-07,9863
00941,中信上游半導體,15,0,15,元大-和平,2024-11-07,9863
2493,揚博,14,0,14,元大-和平,2024-11-07,9863
2603,長榮,15,2,13,元大-和平,2024-11-07,9863
9958,世紀鋼,15,2,13,元大-和平,2024-11-07,9863
00887,永豐中國科技50大,13,0,13,元大-和平,2024-11-07,9863
1536,和大,22,10,12,元大-和平,2024-11-07,9863
6768,志強-KY,12,0,12,元大-和平,2024-11-07,9863
00673R,期元大S＆P原油反1,11,0,11,元大-和平,2024-11-07,9863
8249,菱光,14,3,11,元大-和平,2024-11-07,9863
2615,萬海,31,21,10,元大-和平,2024-11-07,9863
1609,大亞,10,0,10,元大-和平,2024-11-07,9863
2390,云辰,10,0,10,元大-和平,2024-11-07,9863
2646,星宇航空,22,12,10,元大-和平,2024-11-07,9863
6592,和潤企業,10,0,10,元大-和平,2024-11-07,9863
00878,國泰永續高股息,11,2,9,元大-和平,2024-11-07,9863
3689,湧德,26,17,9,元大-和平,2024-11-07,9863
2887,台新金,8,0,8,元大-和平,2024-11-07,9863
2002,中鋼,10,2,8,元大-和平,2024-11-07,9863
2892,第一金,8,0,8,元大-和平,2024-11-07,9863
6152,百一,8,0,8,元大-和平,2024-11-07,9863
0050,元大台灣50,9,1,8,元大-和平,2024-11-07,9863
9933,中鼎,7,0,7,元大-和平,2024-11-07,9863
00675L,富邦臺灣加權正2,9,2,7,元大-和平,2024-11-07,9863
00933B,國泰10Y+金融債,7,0,7,元大-和平,2024-11-07,9863
00706L,期元大S＆P日圓正2,500,0,500,元大-和平,2024-11-08,9863
8103,瀚荃,444,80,364,元大-和平,2024-11-08,9863
2610,華航,236,22,214,元大-和平,2024-11-08,9863
9934,成霖,94,0,94,元大-和平,2024-11-08,9863
5469,瀚宇博,90,0,90,元大-和平,2024-11-08,9863
3062,建漢,118,28,90,元大-和平,2024-11-08,9863
8938,明安,81,0,81,元大-和平,2024-11-08,9863
1904,正隆,80,0,80,元大-和平,2024-11-08,9863
2062,橋椿,70,0,70,元大-和平,2024-11-08,9863
3149,正達,75,8,67,元大-和平,2024-11-08,9863
00919,群益台灣精選高息,63,3,60,元大-和平,2024-11-08,9863
1785,光洋科,63,4,59,元大-和平,2024-11-08,9863
00637L,元大滬深300正2,190,131,59,元大-和平,2024-11-08,9863
00680L,元大美債20正2,81,30,51,元大-和平,2024-11-08,9863
00933B,國泰10Y+金融債,47,0,47,元大-和平,2024-11-08,9863
6405,悅城,41,1,40,元大-和平,2024-11-08,9863
4526,東台,43,4,39,元大-和平,2024-11-08,9863
2636,台驊控股,38,0,38,元大-和平,2024-11-08,9863
2312,金寶,57,20,37,元大-和平,2024-11-08,9863
1451,年興,36,0,36,元大-和平,2024-11-08,9863
00687B,國泰20年美債,249,218,31,元大-和平,2024-11-08,9863
00878,國泰永續高股息,32,2,30,元大-和平,2024-11-08,9863
1524,耿鼎,20,0,20,元大-和平,2024-11-08,9863
1718,中纖,20,0,20,元大-和平,2024-11-08,9863
00646,元大S＆P500,20,2,18,元大-和平,2024-11-08,9863
4571,鈞興-KY,18,0,18,元大-和平,2024-11-08,9863
8261,富鼎,19,3,16,元大-和平,2024-11-08,9863
2481,強茂,15,0,15,元大-和平,2024-11-08,9863
1711,永光,13,0,13,元大-和平,2024-11-08,9863
2357,華碩,15,2,13,元大-和平,2024-11-08,9863
2388,威盛,14,1,13,元大-和平,2024-11-08,9863
3596,智易,13,0,13,元大-和平,2024-11-08,9863
6530,創威,13,1,12,元大-和平,2024-11-08,9863
6854,錼創科技-KY創,12,0,12,元大-和平,2024-11-08,9863
3714,富采,16,4,12,元大-和平,2024-11-08,9863
00891,中信關鍵半導體,12,1,11,元大-和平,2024-11-08,9863
2367,燿華,13,2,11,元大-和平,2024-11-08,9863
6156,松上,23,12,11,元大-和平,2024-11-08,9863
8070,長華*,11,0,11,元大-和平,2024-11-08,9863
6108,競國,16,5,11,元大-和平,2024-11-08,9863
3217,優群,10,0,10,元大-和平,2024-11-08,9863
00655L,國泰中國A50正2,10,0,10,元大-和平,2024-11-08,9863
00650L,復華香港正2,10,0,10,元大-和平,2024-11-08,9863
00643,群益深証中小,10,0,10,元大-和平,2024-11-08,9863
00633L,富邦上証正2,20,10,10,元大-和平,2024-11-08,9863
1611,中電,10,0,10,元大-和平,2024-11-08,9863
1710,東聯,10,0,10,元大-和平,2024-11-08,9863
1727,中華化,10,0,10,元大-和平,2024-11-08,9863
2340,台亞,10,0,10,元大-和平,2024-11-08,9863
2409,友達,10,0,10,元大-和平,2024-11-08,9863
8938,明安,286,0,286,元大-和平,2024-11-11,9863
1904,正隆,260,0,260,元大-和平,2024-11-11,9863
3481,群創,102,0,102,元大-和平,2024-11-11,9863
9934,成霖,90,0,90,元大-和平,2024-11-11,9863
6108,競國,85,0,85,元大-和平,2024-11-11,9863
8103,瀚荃,66,0,66,元大-和平,2024-11-11,9863
2646,星宇航空,64,0,64,元大-和平,2024-11-11,9863
2609,陽明,62,3,59,元大-和平,2024-11-11,9863
0056,元大高股息,63,8,55,元大-和平,2024-11-11,9863
00878,國泰永續高股息,47,3,44,元大-和平,2024-11-11,9863
6592,和潤企業,40,0,40,元大-和平,2024-11-11,9863
2312,金寶,50,12,38,元大-和平,2024-11-11,9863
00637L,元大滬深300正2,68,33,35,元大-和平,2024-11-11,9863
3037,欣興,35,1,34,元大-和平,2024-11-11,9863
2615,萬海,54,22,32,元大-和平,2024-11-11,9863
5469,瀚宇博,60,30,30,元大-和平,2024-11-11,9863
2303,聯電,35,6,29,元大-和平,2024-11-11,9863
1605,華新,35,7,28,元大-和平,2024-11-11,9863
00753L,中信中國50正2,58,32,26,元大-和平,2024-11-11,9863
2392,正崴,44,22,22,元大-和平,2024-11-11,9863
2614,東森,19,0,19,元大-和平,2024-11-11,9863
6763,綠界科技*,23,4,19,元大-和平,2024-11-11,9863
00919,群益台灣精選高息,29,10,19,元大-和平,2024-11-11,9863
8240,華宏,18,0,18,元大-和平,2024-11-11,9863
3231,緯創,32,14,18,元大-和平,2024-11-11,9863
3167,大量,19,2,17,元大-和平,2024-11-11,9863
2603,長榮,29,13,16,元大-和平,2024-11-11,9863
00655L,國泰中國A50正2,15,0,15,元大-和平,2024-11-11,9863
4414,如興,15,0,15,元大-和平,2024-11-11,9863
3303,岱稜,26,12,14,元大-和平,2024-11-11,9863
3234,光環,15,1,14,元大-和平,2024-11-11,9863
2520,冠德,12,0,12,元大-和平,2024-11-11,9863
8028,昇陽半導體,13,1,12,元大-和平,2024-11-11,9863
8111,立��,12,0,12,元大-和平,2024-11-11,9863
00713,元大台灣高息低波,11,0,11,元大-和平,2024-11-11,9863
00933B,國泰10Y+金融債,12,1,11,元大-和平,2024-11-11,9863
00679B,元大美債20年,11,0,11,元大-和平,2024-11-11,9863
1321,大洋,11,0,11,元大-和平,2024-11-11,9863
5306,桂盟,11,0,11,元大-和平,2024-11-11,9863
9945,潤泰新,12,1,11,元大-和平,2024-11-11,9863
2834,臺企銀,10,0,10,元大-和平,2024-11-11,9863
5483,中美晶,10,0,10,元大-和平,2024-11-11,9863
00685L,群益臺灣加權正2,10,0,10,元大-和平,2024-11-11,9863
00715L,期街口布蘭特正2,10,0,10,元大-和平,2024-11-11,9863
1308,亞聚,10,0,10,元大-和平,2024-11-11,9863
2845,遠東銀,10,0,10,元大-和平,2024-11-11,9863
4935,茂林-KY,10,0,10,元大-和平,2024-11-11,9863
6968,萬達寵物,10,0,10,元大-和平,2024-11-11,9863
3149,正達,10,0,10,元大-和平,2024-11-11,9863
9921,巨大,9,0,9,元大-和平,2024-11-11,9863
9934,成霖,790,0,790,元大-和平,2024-11-12,9863
00878,國泰永續高股息,660,10,650,元大-和平,2024-11-12,9863
00943,兆豐電子高息等權,401,0,401,元大-和平,2024-11-12,9863
0056,元大高股息,146,0,146,元大-和平,2024-11-12,9863
2801,彰銀,106,0,106,元大-和平,2024-11-12,9863
1904,正隆,100,0,100,元大-和平,2024-11-12,9863
8103,瀚荃,106,20,86,元大-和平,2024-11-12,9863
8249,菱光,86,10,76,元大-和平,2024-11-12,9863
00713,元大台灣高息低波,74,0,74,元大-和平,2024-11-12,9863
3481,群創,64,0,64,元大-和平,2024-11-12,9863
5469,瀚宇博,54,0,54,元大-和平,2024-11-12,9863
2382,廣達,57,4,53,元大-和平,2024-11-12,9863
2882,國泰金,52,0,52,元大-和平,2024-11-12,9863
5871,中租-KY,48,1,47,元大-和平,2024-11-12,9863
6196,帆宣,45,0,45,元大-和平,2024-11-12,9863
2356,英業達,60,16,44,元大-和平,2024-11-12,9863
5243,乙盛-KY,49,9,40,元大-和平,2024-11-12,9863
00922,國泰台灣領袖50,39,0,39,元大-和平,2024-11-12,9863
1802,台玻,40,2,38,元大-和平,2024-11-12,9863
2834,臺企銀,32,0,32,元大-和平,2024-11-12,9863
00753L,中信中國50正2,33,2,31,元大-和平,2024-11-12,9863
2614,東森,31,0,31,元大-和平,2024-11-12,9863
2409,友達,30,0,30,元大-和平,2024-11-12,9863
8938,明安,28,0,28,元大-和平,2024-11-12,9863
00679B,元大美債20年,26,2,24,元大-和平,2024-11-12,9863
00887,永豐中國科技50大,26,2,24,元大-和平,2024-11-12,9863
00915,凱基優選高股息30,41,17,24,元大-和平,2024-11-12,9863
2002,中鋼,25,1,24,元大-和平,2024-11-12,9863
2883,凱基金,28,5,23,元大-和平,2024-11-12,9863
3703,欣陸,23,1,22,元大-和平,2024-11-12,9863
1314,中石化,20,0,20,元大-和平,2024-11-12,9863
00746B,富邦A級公司債,20,0,20,元大-和平,2024-11-12,9863
1312,國喬,20,0,20,元大-和平,2024-11-12,9863
2913,農林,20,0,20,元大-和平,2024-11-12,9863
6592,和潤企業,20,0,20,元大-和平,2024-11-12,9863
2615,萬海,54,35,19,元大-和平,2024-11-12,9863
6712,長聖,20,1,19,元大-和平,2024-11-12,9863
3231,緯創,23,5,18,元大-和平,2024-11-12,9863
5009,榮剛,20,2,18,元大-和平,2024-11-12,9863
8028,昇陽半導體,17,0,17,元大-和平,2024-11-12,9863
00940,元大台灣價值高息,17,0,17,元大-和平,2024-11-12,9863
2330,台積電,18,2,16,元大-和平,2024-11-12,9863
2603,長榮,20,4,16,元大-和平,2024-11-12,9863
6561,是方,18,2,16,元大-和平,2024-11-12,9863
00751B,元大AAA至A公司債,15,1,14,元大-和平,2024-11-12,9863
2344,華邦電,14,0,14,元大-和平,2024-11-12,9863
4414,如興,14,0,14,元大-和平,2024-11-12,9863
4909,新復興,25,11,14,元大-和平,2024-11-12,9863
2332,友訊,14,1,13,元大-和平,2024-11-12,9863
2887,台新金,16,3,13,元大-和平,2024-11-12,9863
00687B,國泰20年美債,440,0,440,元大-和平,2024-11-13,9863
2834,臺企銀,206,0,206,元大-和平,2024-11-13,9863
2801,彰銀,203,0,203,元大-和平,2024-11-13,9863
1904,正隆,180,20,160,元大-和平,2024-11-13,9863
2354,鴻準,124,12,112,元大-和平,2024-11-13,9863
00706L,期元大S＆P日圓正2,100,0,100,元大-和平,2024-11-13,9863
9934,成霖,80,0,80,元大-和平,2024-11-13,9863
2883,凱基金,62,2,60,元大-和平,2024-11-13,9863
2609,陽明,62,12,50,元大-和平,2024-11-13,9863
0056,元大高股息,47,2,45,元大-和平,2024-11-13,9863
00937B,群益ESG投等債20,42,0,42,元大-和平,2024-11-13,9863
2303,聯電,37,2,35,元大-和平,2024-11-13,9863
2344,華邦電,30,0,30,元大-和平,2024-11-13,9863
6712,長聖,30,0,30,元大-和平,2024-11-13,9863
00878,國泰永續高股息,35,5,30,元大-和平,2024-11-13,9863
2515,中工,25,0,25,元大-和平,2024-11-13,9863
2614,東森,26,3,23,元大-和平,2024-11-13,9863
00680L,元大美債20正2,22,0,22,元大-和平,2024-11-13,9863
1301,台塑,25,4,21,元大-和平,2024-11-13,9863
2010,春源,20,0,20,元大-和平,2024-11-13,9863
2913,農林,20,0,20,元大-和平,2024-11-13,9863
00679B,元大美債20年,20,0,20,元大-和平,2024-11-13,9863
3596,智易,20,1,19,元大-和平,2024-11-13,9863
2408,南亞科,28,10,18,元大-和平,2024-11-13,9863
2603,長榮,21,3,18,元大-和平,2024-11-13,9863
2323,中環,17,0,17,元大-和平,2024-11-13,9863
6592,和潤企業,17,0,17,元大-和平,2024-11-13,9863
5469,瀚宇博,17,1,16,元大-和平,2024-11-13,9863
2317,鴻海,31,16,15,元大-和平,2024-11-13,9863
00753L,中信中國50正2,43,28,15,元大-和平,2024-11-13,9863
9914,美利達,16,1,15,元大-和平,2024-11-13,9863
1718,中纖,14,0,14,元大-和平,2024-11-13,9863
5871,中租-KY,18,5,13,元大-和平,2024-11-13,9863
00795B,中信美國公債20年,13,0,13,元大-和平,2024-11-13,9863
2330,台積電,15,2,13,元大-和平,2024-11-13,9863
00637L,元大滬深300正2,46,34,12,元大-和平,2024-11-13,9863
2887,台新金,12,0,12,元大-和平,2024-11-13,9863
00882,中信中國高股息,12,0,12,元大-和平,2024-11-13,9863
2882,國泰金,14,2,12,元大-和平,2024-11-13,9863
00950B,凱基A級公司債,11,0,11,元大-和平,2024-11-13,9863
2356,英業達,11,1,10,元大-和平,2024-11-13,9863
3013,晟銘電,25,15,10,元大-和平,2024-11-13,9863
1308,亞聚,10,0,10,元大-和平,2024-11-13,9863
3450,聯鈞,21,11,10,元大-和平,2024-11-13,9863
3443,創意,10,0,10,元大-和平,2024-11-13,9863
00715L,期街口布蘭特正2,10,0,10,元大-和平,2024-11-13,9863
00646,元大S＆P500,10,0,10,元大-和平,2024-11-13,9863
1218,泰山,10,0,10,元大-和平,2024-11-13,9863
1444,力麗,10,0,10,元大-和平,2024-11-13,9863
2329,華泰,10,0,10,元大-和平,2024-11-13,9863
00706L,期元大S＆P日圓正2,826,0,826,元大-和平,2024-11-14,9863
3481,群創,194,0,194,元大-和平,2024-11-14,9863
00878,國泰永續高股息,172,5,167,元大-和平,2024-11-14,9863
6712,長聖,159,0,159,元大-和平,2024-11-14,9863
9934,成霖,150,0,150,元大-和平,2024-11-14,9863
2610,華航,268,143,125,元大-和平,2024-11-14,9863
0056,元大高股息,113,14,99,元大-和平,2024-11-14,9863
2614,東森,84,0,84,元大-和平,2024-11-14,9863
00687B,國泰20年美債,99,18,81,元大-和平,2024-11-14,9863
5469,瀚宇博,100,21,79,元大-和平,2024-11-14,9863
1301,台塑,74,7,67,元大-和平,2024-11-14,9863
2498,宏達電,65,0,65,元大-和平,2024-11-14,9863
00933B,國泰10Y+金融債,51,0,51,元大-和平,2024-11-14,9863
00929,復華台灣科技優息,51,0,51,元大-和平,2024-11-14,9863
1451,年興,44,0,44,元大-和平,2024-11-14,9863
8103,瀚荃,42,0,42,元大-和平,2024-11-14,9863
2033,佳大,40,0,40,元大-和平,2024-11-14,9863
2801,彰銀,39,0,39,元大-和平,2024-11-14,9863
4931,新盛力,81,44,37,元大-和平,2024-11-14,9863
00680L,元大美債20正2,53,22,31,元大-和平,2024-11-14,9863
8163,達方,30,0,30,元大-和平,2024-11-14,9863
4968,立積,32,3,29,元大-和平,2024-11-14,9863
2646,星宇航空,24,1,23,元大-和平,2024-11-14,9863
6592,和潤企業,23,0,23,元大-和平,2024-11-14,9863
00937B,群益ESG投等債20,22,0,22,元大-和平,2024-11-14,9863
2382,廣達,27,6,21,元大-和平,2024-11-14,9863
1802,台玻,20,0,20,元大-和平,2024-11-14,9863
2913,農林,20,0,20,元大-和平,2024-11-14,9863
00751B,元大AAA至A公司債,20,1,19,元大-和平,2024-11-14,9863
2317,鴻海,26,7,19,元大-和平,2024-11-14,9863
00915,凱基優選高股息30,19,0,19,元大-和平,2024-11-14,9863
00919,群益台灣精選高息,21,2,19,元大-和平,2024-11-14,9863
3015,全漢,23,4,19,元大-和平,2024-11-14,9863
00940,元大台灣價值高息,22,3,19,元大-和平,2024-11-14,9863
2603,長榮,30,11,19,元大-和平,2024-11-14,9863
5871,中租-KY,19,0,19,元大-和平,2024-11-14,9863
00646,元大S＆P500,20,2,18,元大-和平,2024-11-14,9863
1449,佳和,24,6,18,元大-和平,2024-11-14,9863
2062,橋椿,18,0,18,元大-和平,2024-11-14,9863
6739,竹陞科技,18,0,18,元大-和平,2024-11-14,9863
00943,兆豐電子高息等權,17,0,17,元大-和平,2024-11-14,9863
3048,益登,17,0,17,元大-和平,2024-11-14,9863
6782,視陽,15,0,15,元大-和平,2024-11-14,9863
00679B,元大美債20年,15,0,15,元大-和平,2024-11-14,9863
2609,陽明,22,8,14,元大-和平,2024-11-14,9863
2493,揚博,14,0,14,元大-和平,2024-11-14,9863
2002,中鋼,13,0,13,元大-和平,2024-11-14,9863
2101,南港,13,0,13,元大-和平,2024-11-14,9863
3576,聯合再生,13,0,13,元大-和平,2024-11-14,9863
2308,台達電,13,0,13,元大-和平,2024-11-14,9863
00878,國泰永續高股息,138,18,120,元大-和平,2024-11-15,9863
00637L,元大滬深300正2,74,3,71,元大-和平,2024-11-15,9863
2317,鴻海,70,13,57,元大-和平,2024-11-15,9863
00941,中信上游半導體,50,0,50,元大-和平,2024-11-15,9863
1451,年興,47,0,47,元大-和平,2024-11-15,9863
3062,建漢,79,37,42,元大-和平,2024-11-15,9863
4927,泰鼎-KY,40,0,40,元大-和平,2024-11-15,9863
00937B,群益ESG投等債20,41,3,38,元大-和平,2024-11-15,9863
8163,達方,30,0,30,元大-和平,2024-11-15,9863
2606,裕民,35,7,28,元大-和平,2024-11-15,9863
2413,環科,27,1,26,元大-和平,2024-11-15,9863
2382,廣達,60,35,25,元大-和平,2024-11-15,9863
5398,慕康生醫,58,34,24,元大-和平,2024-11-15,9863
1605,華新,24,0,24,元大-和平,2024-11-15,9863
6712,長聖,22,0,22,元大-和平,2024-11-15,9863
00933B,國泰10Y+金融債,21,0,21,元大-和平,2024-11-15,9863
0056,元大高股息,23,3,20,元大-和平,2024-11-15,9863
3706,神達,95,78,17,元大-和平,2024-11-15,9863
2332,友訊,18,0,18,元大-和平,2024-11-15,9863
2377,微星,20,3,17,元大-和平,2024-11-15,9863
2888,新光金,22,5,17,元大-和平,2024-11-15,9863
2356,英業達,21,4,17,元大-和平,2024-11-15,9863
5880,合庫金,14,0,14,元大-和平,2024-11-15,9863
2887,台新金,32,19,13,元大-和平,2024-11-15,9863
00887,永豐中國科技50大,14,1,13,元大-和平,2024-11-15,9863
00830,國泰費城半導體,15,3,12,元大-和平,2024-11-15,9863
00943,兆豐電子高息等權,11,0,11,元大-和平,2024-11-15,9863
1611,中電,11,0,11,元大-和平,2024-11-15,9863
3576,聯合再生,11,0,11,元大-和平,2024-11-15,9863
9904,寶成,12,1,11,元大-和平,2024-11-15,9863
2890,永豐金,12,1,11,元大-和平,2024-11-15,9863
3376,新日興,10,0,10,元大-和平,2024-11-15,9863
00762,元大全球AI,10,0,10,元大-和平,2024-11-15,9863
00646,元大S＆P500,10,0,10,元大-和平,2024-11-15,9863
00655L,國泰中國A50正2,10,0,10,元大-和平,2024-11-15,9863
1308,亞聚,10,0,10,元大-和平,2024-11-15,9863
8938,明安,10,0,10,元大-和平,2024-11-15,9863
2645,長榮航太,10,0,10,元大-和平,2024-11-15,9863
00713,元大台灣高息低波,11,1,10,元大-和平,2024-11-15,9863
6180,橘子,10,0,10,元大-和平,2024-11-15,9863
2049,上銀,8,0,8,元大-和平,2024-11-15,9863
8240,華宏,9,1,8,元大-和平,2024-11-15,9863
00690,兆豐藍籌30,7,0,7,元大-和平,2024-11-15,9863
2103,台橡,7,0,7,元大-和平,2024-11-15,9863
2303,聯電,18,11,7,元大-和平,2024-11-15,9863
00679B,元大美債20年,7,1,6,元大-和平,2024-11-15,9863
8070,長華*,6,0,6,元大-和平,2024-11-15,9863
6213,聯茂,7,1,6,元大-和平,2024-11-15,9863
00921,兆豐龍頭等權重,7,1,6,元大-和平,2024-11-15,9863
2376,技嘉,8,3,5,元大-和平,2024-11-15,9863
00878,國泰永續高股息,178,4,174,元大-和平,2024-11-18,9863
3481,群創,201,111,90,元大-和平,2024-11-18,9863
6712,長聖,77,1,76,元大-和平,2024-11-18,9863
2312,金寶,129,67,62,元大-和平,2024-11-18,9863
00898,國泰基因免疫革命,50,0,50,元大-和平,2024-11-18,9863
0061,元大寶滬深,50,0,50,元大-和平,2024-11-18,9863
00937B,群益ESG投等債20,107,61,46,元大-和平,2024-11-18,9863
0056,元大高股息,46,1,45,元大-和平,2024-11-18,9863
1446,宏和,40,0,40,元大-和平,2024-11-18,9863
1611,中電,40,0,40,元大-和平,2024-11-18,9863
00740B,富邦全球投等債,34,0,34,元大-和平,2024-11-18,9863
2317,鴻海,61,30,31,元大-和平,2024-11-18,9863
00897,富邦基因免疫生技,30,0,30,元大-和平,2024-11-18,9863
1451,年興,28,0,28,元大-和平,2024-11-18,9863
8103,瀚荃,25,0,25,元大-和平,2024-11-18,9863
2376,技嘉,24,2,22,元大-和平,2024-11-18,9863
00690,兆豐藍籌30,20,0,20,元大-和平,2024-11-18,9863
1711,永光,20,0,20,元大-和平,2024-11-18,9863
00929,復華台灣科技優息,33,16,17,元大-和平,2024-11-18,9863
2881,富邦金,16,0,16,元大-和平,2024-11-18,9863
1524,耿鼎,16,0,16,元大-和平,2024-11-18,9863
8938,明安,16,0,16,元大-和平,2024-11-18,9863
6285,啟��,16,0,16,元大-和平,2024-11-18,9863
00713,元大台灣高息低波,16,1,15,元大-和平,2024-11-18,9863
00887,永豐中國科技50大,40,26,14,元大-和平,2024-11-18,9863
6873,泓德能源,14,0,14,元大-和平,2024-11-18,9863
1708,東鹼,15,2,13,元大-和平,2024-11-18,9863
2897,王道銀行,17,4,13,元大-和平,2024-11-18,9863
006208,富邦台50,15,2,13,元大-和平,2024-11-18,9863
00881,國泰台灣5G+,12,0,12,元大-和平,2024-11-18,9863
00919,群益台灣精選高息,13,1,12,元大-和平,2024-11-18,9863
00680L,元大美債20正2,15,3,12,元大-和平,2024-11-18,9863
00921,兆豐龍頭等權重,12,0,12,元大-和平,2024-11-18,9863
00646,元大S＆P500,11,0,11,元大-和平,2024-11-18,9863
2382,廣達,17,6,11,元大-和平,2024-11-18,9863
00679B,元大美債20年,12,1,11,元大-和平,2024-11-18,9863
00637L,元大滬深300正2,50,40,10,元大-和平,2024-11-18,9863
00936,台新永續高息中小,10,0,10,元大-和平,2024-11-18,9863
3704,合勤控,14,4,10,元大-和平,2024-11-18,9863
9934,成霖,53,43,10,元大-和平,2024-11-18,9863
4931,新盛力,8,0,8,元大-和平,2024-11-18,9863
8114,振樺電,8,0,8,元大-和平,2024-11-18,9863
3062,建漢,29,21,8,元大-和平,2024-11-18,9863
00932,兆豐永續高息等權,8,0,8,元大-和平,2024-11-18,9863
00941,中信上游半導體,8,0,8,元大-和平,2024-11-18,9863
6220,岳豐,10,2,8,元大-和平,2024-11-18,9863
6890,來億-KY,8,0,8,元大-和平,2024-11-18,9863
2421,建準,10,3,7,元大-和平,2024-11-18,9863
00943,兆豐電子高息等權,7,0,7,元大-和平,2024-11-18,9863
1727,中華化,7,0,7,元大-和平,2024-11-18,9863
3481,群創,157,0,157,元大-和平,2024-11-19,9863
9934,成霖,167,27,140,元大-和平,2024-11-19,9863
00637L,元大滬深300正2,93,29,64,元大-和平,2024-11-19,9863
00633L,富邦上証正2,54,0,54,元大-和平,2024-11-19,9863
00937B,群益ESG投等債20,53,0,53,元大-和平,2024-11-19,9863
5426,振發,57,4,53,元大-和平,2024-11-19,9863
8938,明安,41,1,40,元大-和平,2024-11-19,9863
2610,華航,143,105,38,元大-和平,2024-11-19,9863
6246,臺龍,36,3,33,元大-和平,2024-11-19,9863
2488,漢平,32,0,32,元大-和平,2024-11-19,9863
6968,萬達寵物,31,0,31,元大-和平,2024-11-19,9863
2356,英業達,39,9,30,元大-和平,2024-11-19,9863
9914,美利達,30,1,29,元大-和平,2024-11-19,9863
00740B,富邦全球投等債,21,0,21,元大-和平,2024-11-19,9863
1611,中電,20,0,20,元大-和平,2024-11-19,9863
2328,廣宇,20,0,20,元大-和平,2024-11-19,9863
6024,群益期,20,0,20,元大-和平,2024-11-19,9863
2354,鴻準,82,63,19,元大-和平,2024-11-19,9863
00679B,元大美債20年,16,0,16,元大-和平,2024-11-19,9863
3704,合勤控,30,15,15,元大-和平,2024-11-19,9863
1102,亞泥,14,0,14,元大-和平,2024-11-19,9863
3141,晶宏,16,2,14,元大-和平,2024-11-19,9863
6592,和潤企業,14,0,14,元大-和平,2024-11-19,9863
2312,金寶,51,38,13,元大-和平,2024-11-19,9863
2409,友達,13,0,13,元大-和平,2024-11-19,9863
3290,東浦,18,6,12,元大-和平,2024-11-19,9863
00878,國泰永續高股息,31,19,12,元大-和平,2024-11-19,9863
2883,凱基金,11,0,11,元大-和平,2024-11-19,9863
1451,年興,11,0,11,元大-和平,2024-11-19,9863
00762,元大全球AI,11,0,11,元大-和平,2024-11-19,9863
00753L,中信中國50正2,11,0,11,元大-和平,2024-11-19,9863
3022,威強電,11,0,11,元大-和平,2024-11-19,9863
00929,復華台灣科技優息,16,6,10,元大-和平,2024-11-19,9863
2349,錸德,30,20,10,元大-和平,2024-11-19,9863
2614,東森,10,0,10,元大-和平,2024-11-19,9863
2882,國泰金,12,2,10,元大-和平,2024-11-19,9863
6220,岳豐,10,0,10,元大-和平,2024-11-19,9863
6244,茂迪,10,0,10,元大-和平,2024-11-19,9863
00830,國泰費城半導體,9,0,9,元大-和平,2024-11-19,9863
2607,榮運,15,6,9,元大-和平,2024-11-19,9863
2929,淘帝-KY,9,0,9,元大-和平,2024-11-19,9863
8104,錸寶,47,38,9,元大-和平,2024-11-19,9863
3545,敦泰,9,0,9,元大-和平,2024-11-19,9863
2486,一詮,9,1,8,元大-和平,2024-11-19,9863
00887,永豐中國科技50大,8,0,8,元大-和平,2024-11-19,9863
00713,元大台灣高息低波,9,1,8,元大-和平,2024-11-19,9863
3231,緯創,10,2,8,元大-和平,2024-11-19,9863
6873,泓德能源,7,0,7,元大-和平,2024-11-19,9863
0056,元大高股息,7,0,7,元大-和平,2024-11-19,9863
00632R,元大台灣50反1,7,0,7,元大-和平,2024-11-19,9863
9934,成霖,500,20,480,元大-和平,2024-11-20,9863
00959B,大華投等美債15Y+,150,8,142,元大-和平,2024-11-20,9863
1611,中電,60,0,60,元大-和平,2024-11-20,9863
2312,金寶,64,13,51,元大-和平,2024-11-20,9863
00881,國泰台灣5G+,46,0,46,元大-和平,2024-11-20,9863
3705,永信,42,1,41,元大-和平,2024-11-20,9863
00713,元大台灣高息低波,32,0,32,元大-和平,2024-11-20,9863
2615,萬海,69,38,31,元大-和平,2024-11-20,9863
2356,英業達,31,1,30,元大-和平,2024-11-20,9863
1451,年興,30,2,28,元大-和平,2024-11-20,9863
3447,展達,27,1,26,元大-和平,2024-11-20,9863
3037,欣興,28,2,26,元大-和平,2024-11-20,9863
2603,長榮,40,16,24,元大-和平,2024-11-20,9863
00830,國泰費城半導體,21,0,21,元大-和平,2024-11-20,9863
1308,亞聚,20,0,20,元大-和平,2024-11-20,9863
00637L,元大滬深300正2,40,20,20,元大-和平,2024-11-20,9863
00937B,群益ESG投等債20,20,0,20,元大-和平,2024-11-20,9863
5876,上海商銀,20,0,20,元大-和平,2024-11-20,9863
8938,明安,20,0,20,元大-和平,2024-11-20,9863
1904,正隆,20,1,19,元大-和平,2024-11-20,9863
2884,玉山金,21,2,19,元大-和平,2024-11-20,9863
2354,鴻準,71,51,20,元大-和平,2024-11-20,9863
0056,元大高股息,21,2,19,元大-和平,2024-11-20,9863
00878,國泰永續高股息,20,2,18,元大-和平,2024-11-20,9863
2888,新光金,21,3,18,元大-和平,2024-11-20,9863
3022,威強電,18,0,18,元大-和平,2024-11-20,9863
6712,長聖,20,3,17,元大-和平,2024-11-20,9863
2323,中環,16,0,16,元大-和平,2024-11-20,9863
00919,群益台灣精選高息,17,2,15,元大-和平,2024-11-20,9863
6873,泓德能源,13,0,13,元大-和平,2024-11-20,9863
0050,元大台灣50,12,0,12,元大-和平,2024-11-20,9863
2330,台積電,13,1,12,元大-和平,2024-11-20,9863
2885,元大金,32,20,12,元大-和平,2024-11-20,9863
1605,華新,13,2,11,元大-和平,2024-11-20,9863
2376,技嘉,11,0,11,元大-和平,2024-11-20,9863
3231,緯創,16,5,11,元大-和平,2024-11-20,9863
006208,富邦台50,12,1,11,元大-和平,2024-11-20,9863
2382,廣達,17,7,10,元大-和平,2024-11-20,9863
5443,均豪,10,0,10,元大-和平,2024-11-20,9863
3227,原相,10,0,10,元大-和平,2024-11-20,9863
2377,微星,10,0,10,元大-和平,2024-11-20,9863
2614,東森,10,0,10,元大-和平,2024-11-20,9863
8059,凱碩,10,0,10,元大-和平,2024-11-20,9863
00929,復華台灣科技優息,33,24,9,元大-和平,2024-11-20,9863
2881,富邦金,9,0,9,元大-和平,2024-11-20,9863
8044,網家,14,5,9,元大-和平,2024-11-20,9863
2392,正崴,16,7,9,元大-和平,2024-11-20,9863
3703,欣陸,9,0,9,元大-和平,2024-11-20,9863
3450,聯鈞,21,13,8,元大-和平,2024-11-20,9863
00679B,元大美債20年,22,14,8,元大-和平,2024-11-20,9863
9934,成霖,102,20,82,元大-和平,2024-11-21,9863
2317,鴻海,61,4,57,元大-和平,2024-11-21,9863
3290,東浦,65,16,49,元大-和平,2024-11-21,9863
00637L,元大滬深300正2,41,0,41,元大-和平,2024-11-21,9863
9939,宏全,41,0,41,元大-和平,2024-11-21,9863
2332,友訊,57,19,38,元大-和平,2024-11-21,9863
3231,緯創,40,4,36,元大-和平,2024-11-21,9863
00878,國泰永續高股息,38,6,32,元大-和平,2024-11-21,9863
2881,富邦金,33,2,31,元大-和平,2024-11-21,9863
2882,國泰金,27,0,27,元大-和平,2024-11-21,9863
00897,富邦基因免疫生技,20,0,20,元大-和平,2024-11-21,9863
2002,中鋼,20,1,19,元大-和平,2024-11-21,9863
6712,長聖,18,0,18,元大-和平,2024-11-21,9863
4977,眾達-KY,29,12,17,元大-和平,2024-11-21,9863
2330,台積電,18,1,17,元大-和平,2024-11-21,9863
2354,鴻準,263,249,14,元大-和平,2024-11-21,9863
3625,西勝,14,0,14,元大-和平,2024-11-21,9863
00919,群益台灣精選高息,17,3,14,元大-和平,2024-11-21,9863
00940,元大台灣價值高息,14,1,13,元大-和平,2024-11-21,9863
2303,聯電,19,7,12,元大-和平,2024-11-21,9863
00631L,元大台灣50正2,12,0,12,元大-和平,2024-11-21,9863
2884,玉山金,11,0,11,元大-和平,2024-11-21,9863
3511,矽瑪,33,22,11,元大-和平,2024-11-21,9863
4303,信立,12,1,11,元大-和平,2024-11-21,9863
00922,國泰台灣領袖50,10,0,10,元大-和平,2024-11-21,9863
6005,群益證,10,0,10,元大-和平,2024-11-21,9863
0056,元大高股息,10,0,10,元大-和平,2024-11-21,9863
00957B,兆豐US優選投等債,10,0,10,元大-和平,2024-11-21,9863
2409,友達,10,0,10,元大-和平,2024-11-21,9863
5876,上海商銀,10,0,10,元大-和平,2024-11-21,9863
006208,富邦台50,13,3,10,元大-和平,2024-11-21,9863
0050,元大台灣50,10,0,10,元大-和平,2024-11-21,9863
00881,國泰台灣5G+,8,0,8,元大-和平,2024-11-21,9863
1718,中纖,8,0,8,元大-和平,2024-11-21,9863
00929,復華台灣科技優息,21,14,7,元大-和平,2024-11-21,9863
2371,大同,8,1,7,元大-和平,2024-11-21,9863
6438,迅得,13,6,7,元大-和平,2024-11-21,9863
3062,建漢,7,0,7,元大-和平,2024-11-21,9863
2363,矽統,9,2,7,元大-和平,2024-11-21,9863
2615,萬海,73,67,6,元大-和平,2024-11-21,9863
2349,錸德,31,25,6,元大-和平,2024-11-21,9863
1301,台塑,9,3,6,元大-和平,2024-11-21,9863
00948B,中信優息投資級債,6,0,6,元大-和平,2024-11-21,9863
2527,宏璟,6,0,6,元大-和平,2024-11-21,9863
3303,岱稜,8,2,6,元大-和平,2024-11-21,9863
3703,欣陸,6,0,6,元大-和平,2024-11-21,9863
2382,廣達,7,2,5,元大-和平,2024-11-21,9863
2886,兆豐金,5,0,5,元大-和平,2024-11-21,9863
2353,宏��,5,0,5,元大-和平,2024-11-21,9863
2308,台達電,7,2,5,元大-和平,2024-11-21,9863
3376,新日興,183,7,176,元大-和平,2024-11-22,9863
6282,康舒,98,14,84,元大-和平,2024-11-22,9863
00937B,群益ESG投等債20,59,10,49,元大-和平,2024-11-22,9863
2324,仁寶,44,3,41,元大-和平,2024-11-22,9863
00637L,元大滬深300正2,35,1,34,元大-和平,2024-11-22,9863
2609,陽明,54,21,33,元大-和平,2024-11-22,9863
00753L,中信中國50正2,56,24,32,元大-和平,2024-11-22,9863
5426,振發,29,1,28,元大-和平,2024-11-22,9863
2379,瑞昱,56,31,25,元大-和平,2024-11-22,9863
3706,神達,92,68,24,元大-和平,2024-11-22,9863
00915,凱基優選高股息30,24,1,23,元大-和平,2024-11-22,9863
6712,長聖,21,1,20,元大-和平,2024-11-22,9863
00740B,富邦全球投等債,20,0,20,元大-和平,2024-11-22,9863
00655L,國泰中國A50正2,20,0,20,元大-和平,2024-11-22,9863
1451,年興,20,0,20,元大-和平,2024-11-22,9863
6182,合晶,20,0,20,元大-和平,2024-11-22,9863
3597,映興,20,1,19,元大-和平,2024-11-22,9863
2607,榮運,25,7,18,元大-和平,2024-11-22,9863
6126,信音,20,2,18,元大-和平,2024-11-22,9863
0056,元大高股息,22,6,16,元大-和平,2024-11-22,9863
00882,中信中國高股息,18,2,16,元大-和平,2024-11-22,9863
3607,谷崧,15,0,15,元大-和平,2024-11-22,9863
00878,國泰永續高股息,21,7,14,元大-和平,2024-11-22,9863
00713,元大台灣高息低波,14,1,13,元大-和平,2024-11-22,9863
4971,IET-KY,15,2,13,元大-和平,2024-11-22,9863
6139,亞翔,12,0,12,元大-和平,2024-11-22,9863
00679B,元大美債20年,12,1,11,元大-和平,2024-11-22,9863
2442,新美齊,11,0,11,元大-和平,2024-11-22,9863
3702,大聯大,11,0,11,元大-和平,2024-11-22,9863
8104,錸寶,57,46,11,元大-和平,2024-11-22,9863
2383,台光電,23,12,11,元大-和平,2024-11-22,9863
2618,長榮航,19,9,10,元大-和平,2024-11-22,9863
00919,群益台灣精選高息,12,2,10,元大-和平,2024-11-22,9863
2340,台亞,10,0,10,元大-和平,2024-11-22,9863
2344,華邦電,10,0,10,元大-和平,2024-11-22,9863
2880,華南金,10,0,10,元大-和平,2024-11-22,9863
2882,國泰金,13,3,10,元大-和平,2024-11-22,9863
3027,盛達,16,6,10,元大-和平,2024-11-22,9863
00673R,期元大S＆P原油反1,9,0,9,元大-和平,2024-11-22,9863
00953B,群益優選非投等債,9,0,9,元大-和平,2024-11-22,9863
2328,廣宇,10,1,9,元大-和平,2024-11-22,9863
2367,燿華,19,11,8,元大-和平,2024-11-22,9863
6863,永道-KY,8,0,8,元大-和平,2024-11-22,9863
2327,國巨,10,2,8,元大-和平,2024-11-22,9863
2345,智邦,8,0,8,元大-和平,2024-11-22,9863
2354,鴻準,27,20,7,元大-和平,2024-11-22,9863
2646,星宇航空,8,1,7,元大-和平,2024-11-22,9863
2486,一詮,12,5,7,元大-和平,2024-11-22,9863
2915,潤泰全,12,5,7,元大-和平,2024-11-22,9863
3062,建漢,19,12,7,元大-和平,2024-11-22,9863
4977,眾達-KY,68,2,66,元大-和平,2024-11-25,9863
3689,湧德,62,0,62,元大-和平,2024-11-25,9863
00909,國泰數位支付服務,52,3,49,元大-和平,2024-11-25,9863
3481,群創,52,11,41,元大-和平,2024-11-25,9863
2834,臺企銀,30,1,29,元大-和平,2024-11-25,9863
2618,長榮航,48,20,28,元大-和平,2024-11-25,9863
4931,新盛力,28,0,28,元大-和平,2024-11-25,9863
1101,台泥,36,8,28,元大-和平,2024-11-25,9863
2515,中工,22,0,22,元大-和平,2024-11-25,9863
2332,友訊,43,22,21,元大-和平,2024-11-25,9863
1718,中纖,20,0,20,元大-和平,2024-11-25,9863
1451,年興,20,1,19,元大-和平,2024-11-25,9863
6546,正基,19,0,19,元大-和平,2024-11-25,9863
00715L,期街口布蘭特正2,20,2,18,元大-和平,2024-11-25,9863
1799,易威,18,0,18,元大-和平,2024-11-25,9863
2344,華邦電,30,12,18,元大-和平,2024-11-25,9863
2356,英業達,31,13,18,元大-和平,2024-11-25,9863
00637L,元大滬深300正2,72,55,17,元大-和平,2024-11-25,9863
6213,聯茂,20,3,17,元大-和平,2024-11-25,9863
00795B,中信美國公債20年,16,0,16,元大-和平,2024-11-25,9863
5426,振發,47,31,16,元大-和平,2024-11-25,9863
1563,巧新,18,3,15,元大-和平,2024-11-25,9863
00665L,富邦�琤肭磪囓�2,14,0,14,元大-和平,2024-11-25,9863
00887,永豐中國科技50大,17,5,12,元大-和平,2024-11-25,9863
2442,新美齊,12,0,12,元大-和平,2024-11-25,9863
2449,京元電子,14,2,12,元大-和平,2024-11-25,9863
2303,聯電,14,3,11,元大-和平,2024-11-25,9863
00930,永豐ESG低碳高息,11,0,11,元大-和平,2024-11-25,9863
00680L,元大美債20正2,11,0,11,元大-和平,2024-11-25,9863
2539,櫻花建,11,0,11,元大-和平,2024-11-25,9863
2609,陽明,45,35,10,元大-和平,2024-11-25,9863
00881,國泰台灣5G+,21,11,10,元大-和平,2024-11-25,9863
00937B,群益ESG投等債20,10,0,10,元大-和平,2024-11-25,9863
1722,台肥,10,0,10,元大-和平,2024-11-25,9863
2323,中環,12,2,10,元大-和平,2024-11-25,9863
3520,華盈,10,0,10,元大-和平,2024-11-25,9863
6712,長聖,10,0,10,元大-和平,2024-11-25,9863
1471,首利,10,0,10,元大-和平,2024-11-25,9863
2330,台積電,10,0,10,元大-和平,2024-11-25,9863
3032,偉訓,15,6,9,元大-和平,2024-11-25,9863
00753L,中信中國50正2,30,21,9,元大-和平,2024-11-25,9863
1736,喬山,12,3,9,元大-和平,2024-11-25,9863
6863,永道-KY,8,0,8,元大-和平,2024-11-25,9863
3711,日月光投控,9,1,8,元大-和平,2024-11-25,9863
00953B,群益優選非投等債,7,0,7,元大-和平,2024-11-25,9863
6288,聯嘉,10,3,7,元大-和平,2024-11-25,9863
006208,富邦台50,6,0,6,元大-和平,2024-11-25,9863
1721,三晃,6,0,6,元大-和平,2024-11-25,9863
2379,瑞昱,25,19,6,元大-和平,2024-11-25,9863
3149,正達,10,4,6,元大-和平,2024-11-25,9863
00965,元大航太防衛科技,166,0,166,元大-和平,2024-11-26,9863
8103,瀚荃,114,0,114,元大-和平,2024-11-26,9863
2845,遠東銀,70,0,70,元大-和平,2024-11-26,9863
2317,鴻海,72,3,69,元大-和平,2024-11-26,9863
2312,金寶,121,69,52,元大-和平,2024-11-26,9863
4114,健喬,33,0,33,元大-和平,2024-11-26,9863
00712,復華富時不動產,32,0,32,元大-和平,2024-11-26,9863
00909,國泰數位支付服務,30,0,30,元大-和平,2024-11-26,9863
1301,台塑,32,2,30,元大-和平,2024-11-26,9863
2027,大成鋼,31,1,30,元大-和平,2024-11-26,9863
1451,年興,30,0,30,元大-和平,2024-11-26,9863
3303,岱稜,28,0,28,元大-和平,2024-11-26,9863
00878,國泰永續高股息,29,1,28,元大-和平,2024-11-26,9863
2330,台積電,30,2,28,元大-和平,2024-11-26,9863
2834,臺企銀,23,0,23,元大-和平,2024-11-26,9863
2349,錸德,32,10,22,元大-和平,2024-11-26,9863
5469,瀚宇博,24,2,22,元大-和平,2024-11-26,9863
00939,統一台灣高息動能,20,0,20,元大-和平,2024-11-26,9863
2408,南亞科,20,0,20,元大-和平,2024-11-26,9863
3706,神達,57,39,18,元大-和平,2024-11-26,9863
6968,萬達寵物,17,0,17,元大-和平,2024-11-26,9863
2419,仲琦,26,10,16,元大-和平,2024-11-26,9863
2618,長榮航,46,31,15,元大-和平,2024-11-26,9863
3050,鈺德,15,1,14,元大-和平,2024-11-26,9863
8044,網家,15,1,14,元大-和平,2024-11-26,9863
2371,大同,17,4,13,元大-和平,2024-11-26,9863
00881,國泰台灣5G+,13,0,13,元大-和平,2024-11-26,9863
00959B,大華投等美債15Y+,22,9,13,元大-和平,2024-11-26,9863
3317,尼克森,13,0,13,元大-和平,2024-11-26,9863
5309,系統電,33,21,12,元大-和平,2024-11-26,9863
3597,映興,32,20,12,元大-和平,2024-11-26,9863
912000,晨訊科-DR,29,17,12,元大-和平,2024-11-26,9863
00715L,期街口布蘭特正2,11,0,11,元大-和平,2024-11-26,9863
4931,新盛力,10,0,10,元大-和平,2024-11-26,9863
5483,中美晶,10,0,10,元大-和平,2024-11-26,9863
00655L,國泰中國A50正2,10,0,10,元大-和平,2024-11-26,9863
1414,東和,10,0,10,元大-和平,2024-11-26,9863
3605,宏致,10,0,10,元大-和平,2024-11-26,9863
4927,泰鼎-KY,10,0,10,元大-和平,2024-11-26,9863
6712,長聖,10,0,10,元大-和平,2024-11-26,9863
2543,皇昌,10,0,10,元大-和平,2024-11-26,9863
0056,元大高股息,11,2,9,元大-和平,2024-11-26,9863
00940,元大台灣價值高息,9,0,9,元大-和平,2024-11-26,9863
2426,鼎元,18,9,9,元大-和平,2024-11-26,9863
1314,中石化,11,2,9,元大-和平,2024-11-26,9863
00951,台新日本半導體,11,4,7,元大-和平,2024-11-26,9863
1815,富喬,69,62,7,元大-和平,2024-11-26,9863
2328,廣宇,10,3,7,元大-和平,2024-11-26,9863
2363,矽統,10,3,7,元大-和平,2024-11-26,9863
3027,盛達,7,0,7,元大-和平,2024-11-26,9863
5469,瀚宇博,290,6,284,元大-和平,2024-11-27,9863
3689,湧德,160,0,160,元大-和平,2024-11-27,9863
00878,國泰永續高股息,115,3,112,元大-和平,2024-11-27,9863
0056,元大高股息,114,10,104,元大-和平,2024-11-27,9863
1718,中纖,102,0,102,元大-和平,2024-11-27,9863
3481,群創,101,1,100,元大-和平,2024-11-27,9863
8103,瀚荃,91,0,91,元大-和平,2024-11-27,9863
5309,系統電,105,19,86,元大-和平,2024-11-27,9863
2413,環科,80,2,78,元大-和平,2024-11-27,9863
2317,鴻海,112,37,75,元大-和平,2024-11-27,9863
00946,群益科技高息成長,70,0,70,元大-和平,2024-11-27,9863
2801,彰銀,70,0,70,元大-和平,2024-11-27,9863
00919,群益台灣精選高息,55,5,50,元大-和平,2024-11-27,9863
00934,中信成長高股息,50,0,50,元大-和平,2024-11-27,9863
2890,永豐金,50,0,50,元大-和平,2024-11-27,9863
00940,元大台灣價值高息,50,0,50,元大-和平,2024-11-27,9863
3706,神達,260,212,48,元大-和平,2024-11-27,9863
00929,復華台灣科技優息,48,1,47,元大-和平,2024-11-27,9863
2609,陽明,80,38,42,元大-和平,2024-11-27,9863
3049,精金,40,0,40,元大-和平,2024-11-27,9863
8938,明安,40,0,40,元大-和平,2024-11-27,9863
2883,凱基金,43,5,38,元大-和平,2024-11-27,9863
2603,長榮,46,10,36,元大-和平,2024-11-27,9863
4114,健喬,34,0,34,元大-和平,2024-11-27,9863
2330,台積電,35,2,33,元大-和平,2024-11-27,9863
2392,正崴,48,19,29,元大-和平,2024-11-27,9863
1451,年興,31,4,27,元大-和平,2024-11-27,9863
4931,新盛力,25,1,24,元大-和平,2024-11-27,9863
6712,長聖,23,0,23,元大-和平,2024-11-27,9863
2324,仁寶,24,2,22,元大-和平,2024-11-27,9863
2356,英業達,51,29,22,元大-和平,2024-11-27,9863
2426,鼎元,36,14,22,元大-和平,2024-11-27,9863
3605,宏致,20,0,20,元大-和平,2024-11-27,9863
2354,鴻準,30,11,19,元大-和平,2024-11-27,9863
9945,潤泰新,19,0,19,元大-和平,2024-11-27,9863
2303,聯電,30,12,18,元大-和平,2024-11-27,9863
00960,野村全球航運龍頭,19,1,18,元大-和平,2024-11-27,9863
1611,中電,15,0,15,元大-和平,2024-11-27,9863
9105,泰金寶-DR,27,12,15,元大-和平,2024-11-27,9863
2344,華邦電,31,16,15,元大-和平,2024-11-27,9863
1326,台化,14,0,14,元大-和平,2024-11-27,9863
1815,富喬,47,34,13,元大-和平,2024-11-27,9863
2371,大同,30,17,13,元大-和平,2024-11-27,9863
8027,鈦昇,13,0,13,元大-和平,2024-11-27,9863
3037,欣興,12,0,12,元大-和平,2024-11-27,9863
3702,大聯大,12,0,12,元大-和平,2024-11-27,9863
00892,富邦台灣半導體,12,0,12,元大-和平,2024-11-27,9863
00965,元大航太防衛科技,12,0,12,元大-和平,2024-11-27,9863
2439,美律,12,0,12,元大-和平,2024-11-27,9863
2376,技嘉,14,2,12,元大-和平,2024-11-27,9863
5469,瀚宇博,195,5,190,元大-和平,2024-11-28,9863
00940,元大台灣價值高息,169,34,135,元大-和平,2024-11-28,9863
2887,台新金,103,0,103,元大-和平,2024-11-28,9863
1904,正隆,100,0,100,元大-和平,2024-11-28,9863
2610,華航,206,113,93,元大-和平,2024-11-28,9863
2312,金寶,122,38,84,元大-和平,2024-11-28,9863
00878,國泰永續高股息,113,30,83,元大-和平,2024-11-28,9863
2344,華邦電,72,0,72,元大-和平,2024-11-28,9863
1718,中纖,70,0,70,元大-和平,2024-11-28,9863
2332,友訊,107,43,64,元大-和平,2024-11-28,9863
2834,臺企銀,62,0,62,元大-和平,2024-11-28,9863
8103,瀚荃,57,0,57,元大-和平,2024-11-28,9863
6712,長聖,54,0,54,元大-和平,2024-11-28,9863
9934,成霖,50,0,50,元大-和平,2024-11-28,9863
00720B,元大投資級公司債,50,1,49,元大-和平,2024-11-28,9863
6282,康舒,52,8,44,元大-和平,2024-11-28,9863
4991,環宇-KY,44,1,43,元大-和平,2024-11-28,9863
4114,健喬,40,0,40,元大-和平,2024-11-28,9863
0056,元大高股息,83,47,36,元大-和平,2024-11-28,9863
5483,中美晶,32,1,31,元大-和平,2024-11-28,9863
1451,年興,30,0,30,元大-和平,2024-11-28,9863
1531,高林股,27,0,27,元大-和平,2024-11-28,9863
4755,三福化,27,0,27,元大-和平,2024-11-28,9863
00927,群益半導體收益,22,0,22,元大-和平,2024-11-28,9863
00680L,元大美債20正2,21,1,20,元大-和平,2024-11-28,9863
3049,精金,20,0,20,元大-和平,2024-11-28,9863
9939,宏全,20,0,20,元大-和平,2024-11-28,9863
00675L,富邦臺灣加權正2,17,0,17,元大-和平,2024-11-28,9863
2303,聯電,25,8,17,元大-和平,2024-11-28,9863
4931,新盛力,16,0,16,元大-和平,2024-11-28,9863
912000,晨訊科-DR,16,0,16,元大-和平,2024-11-28,9863
3380,明泰,15,0,15,元大-和平,2024-11-28,9863
3037,欣興,20,6,14,元大-和平,2024-11-28,9863
9914,美利達,15,1,14,元大-和平,2024-11-28,9863
6770,力積電,16,3,13,元大-和平,2024-11-28,9863
2330,台積電,15,4,11,元大-和平,2024-11-28,9863
1611,中電,12,1,11,元大-和平,2024-11-28,9863
3689,湧德,21,10,11,元大-和平,2024-11-28,9863
00922,國泰台灣領袖50,10,0,10,元大-和平,2024-11-28,9863
1736,喬山,11,1,10,元大-和平,2024-11-28,9863
2888,新光金,10,0,10,元大-和平,2024-11-28,9863
3011,今皓,12,2,10,元大-和平,2024-11-28,9863
4510,高鋒,48,38,10,元大-和平,2024-11-28,9863
4942,嘉彰,10,0,10,元大-和平,2024-11-28,9863
8938,明安,10,0,10,元大-和平,2024-11-28,9863
00881,國泰台灣5G+,9,0,9,元大-和平,2024-11-28,9863
2891,中信金,10,1,9,元大-和平,2024-11-28,9863
3231,緯創,12,4,8,元大-和平,2024-11-28,9863
2882,國泰金,11,3,8,元大-和平,2024-11-28,9863
2880,華南金,10,2,8,元大-和平,2024-11-28,9863
00632R,元大台灣50反1,307,3,304,元大-和平,2024-11-29,9863
2002,中鋼,161,0,161,元大-和平,2024-11-29,9863
00878,國泰永續高股息,105,0,105,元大-和平,2024-11-29,9863
00929,復華台灣科技優息,92,1,91,元大-和平,2024-11-29,9863
2883,凱基金,98,9,89,元大-和平,2024-11-29,9863
2801,彰銀,50,0,50,元大-和平,2024-11-29,9863
0056,元大高股息,47,1,46,元大-和平,2024-11-29,9863
1718,中纖,40,0,40,元大-和平,2024-11-29,9863
2317,鴻海,42,5,37,元大-和平,2024-11-29,9863
4931,新盛力,34,1,33,元大-和平,2024-11-29,9863
3706,神達,353,325,28,元大-和平,2024-11-29,9863
00909,國泰數位支付服務,26,0,26,元大-和平,2024-11-29,9863
00919,群益台灣精選高息,25,0,25,元大-和平,2024-11-29,9863
2890,永豐金,20,0,20,元大-和平,2024-11-29,9863
00939,統一台灣高息動能,20,0,20,元大-和平,2024-11-29,9863
1904,正隆,20,0,20,元大-和平,2024-11-29,9863
2881,富邦金,20,1,19,元大-和平,2024-11-29,9863
2344,華邦電,27,10,17,元大-和平,2024-11-29,9863
2330,台積電,19,2,17,元大-和平,2024-11-29,9863
5483,中美晶,21,5,16,元大-和平,2024-11-29,9863
00637L,元大滬深300正2,73,59,14,元大-和平,2024-11-29,9863
6282,康舒,44,30,14,元大-和平,2024-11-29,9863
6712,長聖,14,0,14,元大-和平,2024-11-29,9863
4979,華星光,22,8,14,元大-和平,2024-11-29,9863
00965,元大航太防衛科技,13,0,13,元大-和平,2024-11-29,9863
2884,玉山金,11,0,11,元大-和平,2024-11-29,9863
3338,泰碩,13,2,11,元大-和平,2024-11-29,9863
00762,元大全球AI,11,0,11,元大-和平,2024-11-29,9863
00891,中信關鍵半導體,11,0,11,元大-和平,2024-11-29,9863
1451,年興,10,0,10,元大-和平,2024-11-29,9863
3703,欣陸,10,0,10,元大-和平,2024-11-29,9863
5426,振發,11,1,10,元大-和平,2024-11-29,9863
6770,力積電,10,0,10,元大-和平,2024-11-29,9863
2609,陽明,26,17,9,元大-和平,2024-11-29,9863
3711,日月光投控,10,1,9,元大-和平,2024-11-29,9863
2355,敬鵬,10,1,9,元大-和平,2024-11-29,9863
006208,富邦台50,9,0,9,元大-和平,2024-11-29,9863
3019,亞光,10,2,8,元大-和平,2024-11-29,9863
00881,國泰台灣5G+,8,0,8,元大-和平,2024-11-29,9863
2543,皇昌,13,5,8,元大-和平,2024-11-29,9863
4770,上品,10,2,8,元大-和平,2024-11-29,9863
6890,來億-KY,9,1,8,元大-和平,2024-11-29,9863
00940,元大台灣價值高息,20,12,8,元大-和平,2024-11-29,9863
1301,台塑,17,9,8,元大-和平,2024-11-29,9863
5880,合庫金,7,0,7,元大-和平,2024-11-29,9863
2615,萬海,13,6,7,元大-和平,2024-11-29,9863
3031,佰鴻,8,1,7,元大-和平,2024-11-29,9863
6127,九豪,11,4,7,元大-和平,2024-11-29,9863
9958,世紀鋼,15,8,7,元大-和平,2024-11-29,9863
4746,台耀,6,0,6,元大-和平,2024-11-29,9863
1904,正隆,140,0,140,元大-和平,2024-12-02,9863
6757,台灣虎航,130,0,130,元大-和平,2024-12-02,9863
6282,康舒,95,16,79,元大-和平,2024-12-02,9863
8103,瀚荃,48,0,48,元大-和平,2024-12-02,9863
1504,東元,60,14,46,元大-和平,2024-12-02,9863
2354,鴻準,34,5,29,元大-和平,2024-12-02,9863
2317,鴻海,47,19,28,元大-和平,2024-12-02,9863
3211,順達,44,18,26,元大-和平,2024-12-02,9863
2637,慧洋-KY,23,0,23,元大-和平,2024-12-02,9863
00919,群益台灣精選高息,21,0,21,元大-和平,2024-12-02,9863
2062,橋椿,25,4,21,元大-和平,2024-12-02,9863
5426,振發,21,0,21,元大-和平,2024-12-02,9863
4979,華星光,41,23,18,元大-和平,2024-12-02,9863
1815,富喬,57,40,17,元大-和平,2024-12-02,9863
2312,金寶,33,16,17,元大-和平,2024-12-02,9863
2392,正崴,21,4,17,元大-和平,2024-12-02,9863
4123,晟德,17,0,17,元大-和平,2024-12-02,9863
00909,國泰數位支付服務,20,4,16,元大-和平,2024-12-02,9863
6805,富世達,17,1,16,元大-和平,2024-12-02,9863
3231,緯創,15,0,15,元大-和平,2024-12-02,9863
8938,明安,15,0,15,元大-和平,2024-12-02,9863
00665L,富邦�琤肭磪囓�2,14,0,14,元大-和平,2024-12-02,9863
2465,麗臺,13,0,13,元大-和平,2024-12-02,9863
2929,淘帝-KY,13,0,13,元大-和平,2024-12-02,9863
2345,智邦,13,0,13,元大-和平,2024-12-02,9863
00918,大華優利高填息30,13,0,13,元大-和平,2024-12-02,9863
1605,華新,21,9,12,元大-和平,2024-12-02,9863
6854,錼創科技-KY創,12,1,11,元大-和平,2024-12-02,9863
1308,亞聚,20,10,10,元大-和平,2024-12-02,9863
2442,新美齊,10,0,10,元大-和平,2024-12-02,9863
3306,鼎天,10,0,10,元大-和平,2024-12-02,9863
5876,上海商銀,10,0,10,元大-和平,2024-12-02,9863
3481,群創,11,2,9,元大-和平,2024-12-02,9863
00753L,中信中國50正2,20,11,9,元大-和平,2024-12-02,9863
00637L,元大滬深300正2,29,20,9,元大-和平,2024-12-02,9863
2915,潤泰全,9,0,9,元大-和平,2024-12-02,9863
8114,振樺電,9,0,9,元大-和平,2024-12-02,9863
4909,新復興,12,3,9,元大-和平,2024-12-02,9863
3013,晟銘電,14,6,8,元大-和平,2024-12-02,9863
8163,達方,8,0,8,元大-和平,2024-12-02,9863
3711,日月光投控,10,2,8,元大-和平,2024-12-02,9863
00632R,元大台灣50反1,7,0,7,元大-和平,2024-12-02,9863
2408,南亞科,9,2,7,元大-和平,2024-12-02,9863
4931,新盛力,9,2,7,元大-和平,2024-12-02,9863
9921,巨大,7,0,7,元大-和平,2024-12-02,9863
3450,聯鈞,10,4,6,元大-和平,2024-12-02,9863
1524,耿鼎,6,0,6,元大-和平,2024-12-02,9863
00887,永豐中國科技50大,7,1,6,元大-和平,2024-12-02,9863
2302,麗正,8,2,6,元大-和平,2024-12-02,9863
2356,英業達,7,1,6,元大-和平,2024-12-02,9863
00632R,元大台灣50反1,415,0,415,元大-和平,2024-12-03,9863
1449,佳和,113,13,100,元大-和平,2024-12-03,9863
00919,群益台灣精選高息,84,27,57,元大-和平,2024-12-03,9863
8103,瀚荃,58,3,55,元大-和平,2024-12-03,9863
4991,環宇-KY,67,16,51,元大-和平,2024-12-03,9863
00680L,元大美債20正2,40,0,40,元大-和平,2024-12-03,9863
2421,建準,43,3,40,元大-和平,2024-12-03,9863
2515,中工,40,0,40,元大-和平,2024-12-03,9863
1785,光洋科,39,2,37,元大-和平,2024-12-03,9863
3032,偉訓,66,37,29,元大-和平,2024-12-03,9863
00878,國泰永續高股息,27,0,27,元大-和平,2024-12-03,9863
4977,眾達-KY,45,19,26,元大-和平,2024-12-03,9863
00907,永豐優息存股,50,27,23,元大-和平,2024-12-03,9863
00926,凱基全球菁英55,22,0,22,元大-和平,2024-12-03,9863
2344,華邦電,21,0,21,元大-和平,2024-12-03,9863
00692,富邦公司治理,20,0,20,元大-和平,2024-12-03,9863
6426,統新,20,0,20,元大-和平,2024-12-03,9863
5469,瀚宇博,26,10,16,元大-和平,2024-12-03,9863
2444,兆勁,21,5,16,元大-和平,2024-12-03,9863
8938,明安,17,2,15,元大-和平,2024-12-03,9863
6869,雲豹能源,11,0,11,元大-和平,2024-12-03,9863
00960,野村全球航運龍頭,11,0,11,元大-和平,2024-12-03,9863
2408,南亞科,13,2,11,元大-和平,2024-12-03,9863
4931,新盛力,12,1,11,元大-和平,2024-12-03,9863
6561,是方,11,0,11,元大-和平,2024-12-03,9863
6104,創惟,20,9,11,元大-和平,2024-12-03,9863
5309,系統電,18,8,10,元大-和平,2024-12-03,9863
3231,緯創,12,2,10,元大-和平,2024-12-03,9863
2375,凱美,23,14,9,元大-和平,2024-12-03,9863
4968,立積,12,3,9,元大-和平,2024-12-03,9863
6530,創威,13,4,9,元大-和平,2024-12-03,9863
4303,信立,15,6,9,元大-和平,2024-12-03,9863
2385,群光,8,0,8,元大-和平,2024-12-03,9863
2405,輔信,9,1,8,元大-和平,2024-12-03,9863
6558,興能高,12,5,7,元大-和平,2024-12-03,9863
1815,富喬,20,13,7,元大-和平,2024-12-03,9863
2419,仲琦,8,1,7,元大-和平,2024-12-03,9863
2543,皇昌,10,3,7,元大-和平,2024-12-03,9863
2303,聯電,20,13,7,元大-和平,2024-12-03,9863
8104,錸寶,10,4,6,元大-和平,2024-12-03,9863
8033,雷虎,7,1,6,元大-和平,2024-12-03,9863
3234,光環,7,1,6,元大-和平,2024-12-03,9863
2476,鉅祥,6,0,6,元大-和平,2024-12-03,9863
3003,健和興,6,0,6,元大-和平,2024-12-03,9863
3162,精確,6,0,6,元大-和平,2024-12-03,9863
4903,聯光通,10,4,6,元大-和平,2024-12-03,9863
3711,日月光投控,6,0,6,元大-和平,2024-12-03,9863
3013,晟銘電,59,53,6,元大-和平,2024-12-03,9863
0056,元大高股息,7,2,5,元大-和平,2024-12-03,9863
8042,金山電,41,36,5,元大-和平,2024-12-03,9863
1402,遠東新,190,0,190,元大-和平,2024-12-04,9863
9934,成霖,184,0,184,元大-和平,2024-12-04,9863
00878,國泰永續高股息,73,4,69,元大-和平,2024-12-04,9863
2646,星宇航空,67,0,67,元大-和平,2024-12-04,9863
2312,金寶,38,1,37,元大-和平,2024-12-04,9863
2303,聯電,135,104,31,元大-和平,2024-12-04,9863
2337,旺宏,51,26,25,元大-和平,2024-12-04,9863
1449,佳和,26,2,24,元大-和平,2024-12-04,9863
2883,凱基金,38,14,24,元大-和平,2024-12-04,9863
2887,台新金,22,0,22,元大-和平,2024-12-04,9863
00918,大華優利高填息30,20,0,20,元大-和平,2024-12-04,9863
8091,翔名,20,0,20,元大-和平,2024-12-04,9863
2489,瑞軒,20,0,20,元大-和平,2024-12-04,9863
00946,群益科技高息成長,19,0,19,元大-和平,2024-12-04,9863
2405,輔信,19,2,17,元大-和平,2024-12-04,9863
3706,神達,466,449,17,元大-和平,2024-12-04,9863
6546,正基,17,1,16,元大-和平,2024-12-04,9863
00680L,元大美債20正2,16,0,16,元大-和平,2024-12-04,9863
00937B,群益ESG投等債20,29,13,16,元大-和平,2024-12-04,9863
2618,長榮航,32,17,15,元大-和平,2024-12-04,9863
2408,南亞科,16,2,14,元大-和平,2024-12-04,9863
00959B,大華投等美債15Y+,13,0,13,元大-和平,2024-12-04,9863
2886,兆豐金,15,2,13,元大-和平,2024-12-04,9863
00712,復華富時不動產,11,0,11,元大-和平,2024-12-04,9863
0056,元大高股息,15,5,10,元大-和平,2024-12-04,9863
3508,位速,10,0,10,元大-和平,2024-12-04,9863
00887,永豐中國科技50大,10,0,10,元大-和平,2024-12-04,9863
2002,中鋼,10,0,10,元大-和平,2024-12-04,9863
3024,憶聲,11,1,10,元大-和平,2024-12-04,9863
3702,大聯大,10,0,10,元大-和平,2024-12-04,9863
3376,新日興,21,11,10,元大-和平,2024-12-04,9863
1736,喬山,13,3,10,元大-和平,2024-12-04,9863
1102,亞泥,9,0,9,元大-和平,2024-12-04,9863
1101,台泥,11,2,9,元大-和平,2024-12-04,9863
5439,高技,18,9,9,元大-和平,2024-12-04,9863
3605,宏致,8,0,8,元大-和平,2024-12-04,9863
2637,慧洋-KY,11,3,8,元大-和平,2024-12-04,9863
00915,凱基優選高股息30,7,0,7,元大-和平,2024-12-04,9863
2101,南港,7,0,7,元大-和平,2024-12-04,9863
6530,創威,10,3,7,元大-和平,2024-12-04,9863
00881,國泰台灣5G+,12,5,7,元大-和平,2024-12-04,9863
1301,台塑,7,1,6,元大-和平,2024-12-04,9863
6890,來億-KY,9,3,6,元大-和平,2024-12-04,9863
00830,國泰費城半導體,6,0,6,元大-和平,2024-12-04,9863
1438,三地開發,6,0,6,元大-和平,2024-12-04,9863
1605,華新,12,6,6,元大-和平,2024-12-04,9863
1785,光洋科,12,6,6,元大-和平,2024-12-04,9863
3059,華晶科,6,0,6,元大-和平,2024-12-04,9863
4931,新盛力,27,21,6,元大-和平,2024-12-04,9863
8176,智捷,6,0,6,元大-和平,2024-12-04,9863
1904,正隆,441,0,441,元大-和平,2024-12-05,9863
2303,聯電,359,3,356,元大-和平,2024-12-05,9863
9934,成霖,176,0,176,元大-和平,2024-12-05,9863
2027,大成鋼,91,0,91,元大-和平,2024-12-05,9863
2883,凱基金,103,20,83,元大-和平,2024-12-05,9863
1718,中纖,60,0,60,元大-和平,2024-12-05,9863
00953B,群益優選非投等債,45,0,45,元大-和平,2024-12-05,9863
3557,嘉威,38,0,38,元大-和平,2024-12-05,9863
2888,新光金,250,214,36,元大-和平,2024-12-05,9863
00909,國泰數位支付服務,34,3,31,元大-和平,2024-12-05,9863
5284,jpp-KY,31,0,31,元大-和平,2024-12-05,9863
2609,陽明,30,1,29,元大-和平,2024-12-05,9863
00637L,元大滬深300正2,46,21,25,元大-和平,2024-12-05,9863
00918,大華優利高填息30,29,5,24,元大-和平,2024-12-05,9863
1815,富喬,80,58,22,元大-和平,2024-12-05,9863
00728,第一金工業30,20,0,20,元大-和平,2024-12-05,9863
00922,國泰台灣領袖50,20,0,20,元大-和平,2024-12-05,9863
1522,堤維西,20,0,20,元大-和平,2024-12-05,9863
4931,新盛力,45,25,20,元大-和平,2024-12-05,9863
2486,一詮,29,9,20,元大-和平,2024-12-05,9863
2885,元大金,20,4,16,元大-和平,2024-12-05,9863
00915,凱基優選高股息30,15,0,15,元大-和平,2024-12-05,9863
00715L,期街口布蘭特正2,15,0,15,元大-和平,2024-12-05,9863
3163,波若威,19,5,14,元大-和平,2024-12-05,9863
4977,眾達-KY,30,18,12,元大-和平,2024-12-05,9863
3003,健和興,24,12,12,元大-和平,2024-12-05,9863
3031,佰鴻,12,0,12,元大-和平,2024-12-05,9863
6127,九豪,17,6,11,元大-和平,2024-12-05,9863
2646,星宇航空,11,0,11,元大-和平,2024-12-05,9863
3481,群創,12,1,11,元大-和平,2024-12-05,9863
3450,聯鈞,18,7,11,元大-和平,2024-12-05,9863
3548,兆利,23,13,10,元大-和平,2024-12-05,9863
00650L,復華香港正2,10,0,10,元大-和平,2024-12-05,9863
1308,亞聚,10,0,10,元大-和平,2024-12-05,9863
1316,上曜,10,0,10,元大-和平,2024-12-05,9863
1584,精剛,10,0,10,元大-和平,2024-12-05,9863
8103,瀚荃,15,5,10,元大-和平,2024-12-05,9863
2317,鴻海,21,12,9,元大-和平,2024-12-05,9863
3090,日電貿,18,9,9,元大-和平,2024-12-05,9863
1785,光洋科,11,2,9,元大-和平,2024-12-05,9863
2543,皇昌,18,9,9,元大-和平,2024-12-05,9863
3015,全漢,10,1,9,元大-和平,2024-12-05,9863
4142,國光生,10,1,9,元大-和平,2024-12-05,9863
9958,世紀鋼,16,7,9,元大-和平,2024-12-05,9863
1301,台塑,8,0,8,元大-和平,2024-12-05,9863
6442,光聖,9,1,8,元大-和平,2024-12-05,9863
2392,正崴,14,6,8,元大-和平,2024-12-05,9863
2363,矽統,11,3,8,元大-和平,2024-12-05,9863
8096,擎亞,9,1,8,元大-和平,2024-12-05,9863
5439,高技,27,19,8,元大-和平,2024-12-05,9863
9934,成霖,70,0,70,元大-和平,2024-12-06,9863
2316,楠梓電,45,1,44,元大-和平,2024-12-06,9863
3706,神達,440,401,39,元大-和平,2024-12-06,9863
00919,群益台灣精選高息,45,8,37,元大-和平,2024-12-06,9863
00918,大華優利高填息30,33,0,33,元大-和平,2024-12-06,9863
00953B,群益優選非投等債,32,0,32,元大-和平,2024-12-06,9863
8103,瀚荃,28,0,28,元大-和平,2024-12-06,9863
6271,同欣電,30,2,28,元大-和平,2024-12-06,9863
2317,鴻海,28,2,26,元大-和平,2024-12-06,9863
3293,鈊象,22,1,21,元大-和平,2024-12-06,9863
2354,鴻準,65,46,19,元大-和平,2024-12-06,9863
6669,緯穎,21,2,19,元大-和平,2024-12-06,9863
2929,淘帝-KY,19,1,18,元大-和平,2024-12-06,9863
8261,富鼎,21,4,17,元大-和平,2024-12-06,9863
2312,金寶,21,4,17,元大-和平,2024-12-06,9863
3591,艾笛森,18,1,17,元大-和平,2024-12-06,9863
6913,鴻呈,20,4,16,元大-和平,2024-12-06,9863
00962,台新AI優息動能,15,0,15,元大-和平,2024-12-06,9863
3265,台星科,14,0,14,元大-和平,2024-12-06,9863
00680L,元大美債20正2,16,2,14,元大-和平,2024-12-06,9863
2344,華邦電,20,7,13,元大-和平,2024-12-06,9863
4540,全球傳動,13,0,13,元大-和平,2024-12-06,9863
4971,IET-KY,12,0,12,元大-和平,2024-12-06,9863
00878,國泰永續高股息,14,2,12,元大-和平,2024-12-06,9863
3167,大量,11,0,11,元大-和平,2024-12-06,9863
6890,來億-KY,11,0,11,元大-和平,2024-12-06,9863
8097,常珵,12,1,11,元大-和平,2024-12-06,9863
00951,台新日本半導體,15,5,10,元大-和平,2024-12-06,9863
1471,首利,10,0,10,元大-和平,2024-12-06,9863
2891,中信金,10,0,10,元大-和平,2024-12-06,9863
1319,東陽,10,0,10,元大-和平,2024-12-06,9863
2426,鼎元,12,3,9,元大-和平,2024-12-06,9863
2477,美隆電,10,1,9,元大-和平,2024-12-06,9863
4909,新復興,13,4,9,元大-和平,2024-12-06,9863
00965,元大航太防衛科技,8,0,8,元大-和平,2024-12-06,9863
9958,世紀鋼,8,0,8,元大-和平,2024-12-06,9863
00687B,國泰20年美債,9,1,8,元大-和平,2024-12-06,9863
2610,華航,9,1,8,元大-和平,2024-12-06,9863
8112,至上,8,0,8,元大-和平,2024-12-06,9863
5371,中光電,19,12,7,元大-和平,2024-12-06,9863
00907,永豐優息存股,7,0,7,元大-和平,2024-12-06,9863
00922,國泰台灣領袖50,7,0,7,元大-和平,2024-12-06,9863
6589,台康生技,7,0,7,元大-和平,2024-12-06,9863
1301,台塑,7,1,6,元大-和平,2024-12-06,9863
8069,元太,7,1,6,元大-和平,2024-12-06,9863
3090,日電貿,6,0,6,元大-和平,2024-12-06,9863
4743,合一,34,28,6,元大-和平,2024-12-06,9863
6561,是方,8,2,6,元大-和平,2024-12-06,9863
8044,網家,6,0,6,元大-和平,2024-12-06,9863
2884,玉山金,5,0,5,元大-和平,2024-12-06,9863
1904,正隆,602,0,602,元大-和平,2024-12-09,9863
9904,寶成,101,0,101,元大-和平,2024-12-09,9863
1402,遠東新,253,174,79,元大-和平,2024-12-09,9863
2374,佳能,79,0,79,元大-和平,2024-12-09,9863
2332,友訊,54,0,54,元大-和平,2024-12-09,9863
8103,瀚荃,60,10,50,元大-和平,2024-12-09,9863
4566,時碩工業,32,0,32,元大-和平,2024-12-09,9863
00757,統一FANG+,32,0,32,元大-和平,2024-12-09,9863
1449,佳和,37,6,31,元大-和平,2024-12-09,9863
4979,華星光,56,25,31,元大-和平,2024-12-09,9863
2344,華邦電,30,0,30,元大-和平,2024-12-09,9863
6426,統新,35,6,29,元大-和平,2024-12-09,9863
2382,廣達,31,3,28,元大-和平,2024-12-09,9863
6691,洋基工程,30,6,24,元大-和平,2024-12-09,9863
2317,鴻海,31,8,23,元大-和平,2024-12-09,9863
8096,擎亞,45,23,22,元大-和平,2024-12-09,9863
6592,和潤企業,40,19,21,元大-和平,2024-12-09,9863
0056,元大高股息,25,4,21,元大-和平,2024-12-09,9863
2486,一詮,21,0,21,元大-和平,2024-12-09,9863
2324,仁寶,105,84,21,元大-和平,2024-12-09,9863
1611,中電,21,1,20,元大-和平,2024-12-09,9863
5469,瀚宇博,20,0,20,元大-和平,2024-12-09,9863
5529,鉅陞,20,0,20,元大-和平,2024-12-09,9863
8042,金山電,21,2,19,元大-和平,2024-12-09,9863
4953,緯軟,26,8,18,元大-和平,2024-12-09,9863
00915,凱基優選高股息30,18,0,18,元大-和平,2024-12-09,9863
2886,兆豐金,17,0,17,元大-和平,2024-12-09,9863
6462,神盾,26,10,16,元大-和平,2024-12-09,9863
4977,眾達-KY,21,5,16,元大-和平,2024-12-09,9863
6451,訊芯-KY,39,24,15,元大-和平,2024-12-09,9863
2409,友達,15,0,15,元大-和平,2024-12-09,9863
1102,亞泥,15,1,14,元大-和平,2024-12-09,9863
8112,至上,14,0,14,元大-和平,2024-12-09,9863
00962,台新AI優息動能,12,0,12,元大-和平,2024-12-09,9863
3450,聯鈞,17,5,12,元大-和平,2024-12-09,9863
2392,正崴,15,3,12,元大-和平,2024-12-09,9863
2449,京元電子,11,0,11,元大-和平,2024-12-09,9863
00918,大華優利高填息30,12,1,11,元大-和平,2024-12-09,9863
6962,ITH-KY,13,2,11,元大-和平,2024-12-09,9863
2308,台達電,17,7,10,元大-和平,2024-12-09,9863
1736,喬山,10,0,10,元大-和平,2024-12-09,9863
6139,亞翔,10,0,10,元大-和平,2024-12-09,9863
5536,聖暉*,10,0,10,元大-和平,2024-12-09,9863
00930,永豐ESG低碳高息,10,0,10,元大-和平,2024-12-09,9863
2929,淘帝-KY,11,1,10,元大-和平,2024-12-09,9863
5272,笙科,10,0,10,元大-和平,2024-12-09,9863
6206,飛捷,10,0,10,元大-和平,2024-12-09,9863
4971,IET-KY,10,0,10,元大-和平,2024-12-09,9863
9939,宏全,10,0,10,元大-和平,2024-12-09,9863
3558,神準,8,0,8,元大-和平,2024-12-09,9863
4114,健喬,140,0,140,元大-和平,2024-12-10,9863
3481,群創,101,7,94,元大-和平,2024-12-10,9863
00637L,元大滬深300正2,271,178,93,元大-和平,2024-12-10,9863
5469,瀚宇博,61,0,61,元大-和平,2024-12-10,9863
2472,立隆電,50,0,50,元大-和平,2024-12-10,9863
2609,陽明,99,51,48,元大-和平,2024-12-10,9863
2890,永豐金,40,0,40,元大-和平,2024-12-10,9863
2317,鴻海,55,24,31,元大-和平,2024-12-10,9863
2374,佳能,36,5,31,元大-和平,2024-12-10,9863
8112,至上,29,0,29,元大-和平,2024-12-10,9863
3705,永信,28,0,28,元大-和平,2024-12-10,9863
00919,群益台灣精選高息,35,7,28,元大-和平,2024-12-10,9863
2363,矽統,66,39,27,元大-和平,2024-12-10,9863
3260,威剛,24,0,24,元大-和平,2024-12-10,9863
3032,偉訓,21,0,21,元大-和平,2024-12-10,9863
2515,中工,30,10,20,元大-和平,2024-12-10,9863
00945B,凱基美國非投等債,20,0,20,元大-和平,2024-12-10,9863
2603,長榮,22,2,20,元大-和平,2024-12-10,9863
0056,元大高股息,23,4,19,元大-和平,2024-12-10,9863
2449,京元電子,20,1,19,元大-和平,2024-12-10,9863
00937B,群益ESG投等債20,18,1,17,元大-和平,2024-12-10,9863
2312,金寶,21,4,17,元大-和平,2024-12-10,9863
8103,瀚荃,56,39,17,元大-和平,2024-12-10,9863
00680L,元大美債20正2,30,14,16,元大-和平,2024-12-10,9863
6592,和潤企業,16,0,16,元大-和平,2024-12-10,9863
00909,國泰數位支付服務,17,2,15,元大-和平,2024-12-10,9863
00665L,富邦�琤肭磪囓�2,14,0,14,元大-和平,2024-12-10,9863
9105,泰金寶-DR,27,13,14,元大-和平,2024-12-10,9863
00878,國泰永續高股息,14,2,12,元大-和平,2024-12-10,9863
0051,元大中型100,12,0,12,元大-和平,2024-12-10,9863
3583,辛耘,11,0,11,元大-和平,2024-12-10,9863
3607,谷崧,16,5,11,元大-和平,2024-12-10,9863
2354,鴻準,17,7,10,元大-和平,2024-12-10,9863
3231,緯創,11,1,10,元大-和平,2024-12-10,9863
00968B,元大優息投等債,10,0,10,元大-和平,2024-12-10,9863
6187,萬潤,10,0,10,元大-和平,2024-12-10,9863
00687B,國泰20年美債,10,0,10,元大-和平,2024-12-10,9863
00715L,期街口布蘭特正2,10,0,10,元大-和平,2024-12-10,9863
00671R,富邦NASDAQ反1,10,0,10,元大-和平,2024-12-10,9863
00651R,復華香港反1,10,0,10,元大-和平,2024-12-10,9863
1532,勤美,10,0,10,元大-和平,2024-12-10,9863
2883B,凱基金乙特,10,0,10,元大-和平,2024-12-10,9863
2382,廣達,21,11,10,元大-和平,2024-12-10,9863
2316,楠梓電,11,1,10,元大-和平,2024-12-10,9863
3711,日月光投控,11,2,9,元大-和平,2024-12-10,9863
2618,長榮航,32,23,9,元大-和平,2024-12-10,9863
4991,環宇-KY,14,5,9,元大-和平,2024-12-10,9863
00922,國泰台灣領袖50,9,1,8,元大-和平,2024-12-10,9863
6962,ITH-KY,9,1,8,元大-和平,2024-12-10,9863
3025,星通,10,3,7,元大-和平,2024-12-10,9863
1904,正隆,500,0,500,元大-和平,2024-12-11,9863
00918,大華優利高填息30,92,0,92,元大-和平,2024-12-11,9863
5469,瀚宇博,90,0,90,元大-和平,2024-12-11,9863
6757,台灣虎航,63,3,60,元大-和平,2024-12-11,9863
2535,達欣工,40,0,40,元大-和平,2024-12-11,9863
9904,寶成,40,0,40,元大-和平,2024-12-11,9863
2344,華邦電,38,1,37,元大-和平,2024-12-11,9863
2313,華通,48,14,34,元大-和平,2024-12-11,9863
1813,寶利徠,33,0,33,元大-和平,2024-12-11,9863
2472,立隆電,30,0,30,元大-和平,2024-12-11,9863
3078,僑威,30,0,30,元大-和平,2024-12-11,9863
00919,群益台灣精選高息,32,2,30,元大-和平,2024-12-11,9863
00687B,國泰20年美債,28,0,28,元大-和平,2024-12-11,9863
6108,競國,28,0,28,元大-和平,2024-12-11,9863
9802,鈺齊-KY,22,0,22,元大-和平,2024-12-11,9863
3231,緯創,27,5,22,元大-和平,2024-12-11,9863
2915,潤泰全,21,0,21,元大-和平,2024-12-11,9863
3673,TPK-KY,20,0,20,元大-和平,2024-12-11,9863
6962,ITH-KY,20,0,20,元大-和平,2024-12-11,9863
9934,成霖,20,0,20,元大-和平,2024-12-11,9863
00753L,中信中國50正2,19,0,19,元大-和平,2024-12-11,9863
0056,元大高股息,19,0,19,元大-和平,2024-12-11,9863
2408,南亞科,21,3,18,元大-和平,2024-12-11,9863
6589,台康生技,17,0,17,元大-和平,2024-12-11,9863
8042,金山電,21,5,16,元大-和平,2024-12-11,9863
8045,達運光電,16,0,16,元大-和平,2024-12-11,9863
3380,明泰,16,0,16,元大-和平,2024-12-11,9863
2610,華航,25,10,15,元大-和平,2024-12-11,9863
2303,聯電,18,3,15,元大-和平,2024-12-11,9863
3454,晶睿,15,0,15,元大-和平,2024-12-11,9863
6127,九豪,16,1,15,元大-和平,2024-12-11,9863
3062,建漢,13,0,13,元大-和平,2024-12-11,9863
00882,中信中國高股息,15,2,13,元大-和平,2024-12-11,9863
2332,友訊,44,32,12,元大-和平,2024-12-11,9863
6854,錼創科技-KY創,12,0,12,元大-和平,2024-12-11,9863
00688L,國泰20年美債正2,31,20,11,元大-和平,2024-12-11,9863
2201,裕隆,12,1,11,元大-和平,2024-12-11,9863
5328,華容,17,6,11,元大-和平,2024-12-11,9863
4915,致伸,10,0,10,元大-和平,2024-12-11,9863
2323,中環,10,0,10,元大-和平,2024-12-11,9863
2883,凱基金,10,0,10,元大-和平,2024-12-11,9863
4303,信立,10,0,10,元大-和平,2024-12-11,9863
6712,長聖,10,0,10,元大-和平,2024-12-11,9863
2382,廣達,21,13,8,元大-和平,2024-12-11,9863
6214,精誠,17,9,8,元大-和平,2024-12-11,9863
3189,景碩,9,1,8,元大-和平,2024-12-11,9863
00878,國泰永續高股息,16,8,8,元大-和平,2024-12-11,9863
2236,百達-KY,8,0,8,元大-和平,2024-12-11,9863
1326,台化,10,3,7,元大-和平,2024-12-11,9863
00887,永豐中國科技50大,7,0,7,元大-和平,2024-12-11,9863
1904,正隆,156,0,156,元大-和平,2024-12-12,9863
3041,揚智,92,17,75,元大-和平,2024-12-12,9863
2614,東森,64,0,64,元大-和平,2024-12-12,9863
2303,聯電,80,18,62,元大-和平,2024-12-12,9863
4114,健喬,50,0,50,元大-和平,2024-12-12,9863
6757,台灣虎航,63,20,43,元大-和平,2024-12-12,9863
00937B,群益ESG投等債20,41,0,41,元大-和平,2024-12-12,9863
00933B,國泰10Y+金融債,32,0,32,元大-和平,2024-12-12,9863
00688L,國泰20年美債正2,31,0,31,元大-和平,2024-12-12,9863
6962,ITH-KY,30,0,30,元大-和平,2024-12-12,9863
6859,伯特光,25,0,25,元大-和平,2024-12-12,9863
00878,國泰永續高股息,24,0,24,元大-和平,2024-12-12,9863
2317,鴻海,41,18,23,元大-和平,2024-12-12,9863
00918,大華優利高填息30,22,0,22,元大-和平,2024-12-12,9863
00680L,元大美債20正2,26,5,21,元大-和平,2024-12-12,9863
00948B,中信優息投資級債,20,0,20,元大-和平,2024-12-12,9863
00950B,凱基A級公司債,20,0,20,元大-和平,2024-12-12,9863
6274,台燿,31,12,19,元大-和平,2024-12-12,9863
1522,堤維西,19,2,17,元大-和平,2024-12-12,9863
00687B,國泰20年美債,19,2,17,元大-和平,2024-12-12,9863
00679B,元大美債20年,24,7,17,元大-和平,2024-12-12,9863
3515,華擎,20,3,17,元大-和平,2024-12-12,9863
6530,創威,18,3,15,元大-和平,2024-12-12,9863
2609,陽明,31,16,15,元大-和平,2024-12-12,9863
8444,綠河-KY,15,0,15,元大-和平,2024-12-12,9863
1326,台化,14,0,14,元大-和平,2024-12-12,9863
00665L,富邦�琤肭磪囓�2,14,0,14,元大-和平,2024-12-12,9863
3312,弘憶股,47,34,13,元大-和平,2024-12-12,9863
5452,佶優,13,0,13,元大-和平,2024-12-12,9863
00713,元大台灣高息低波,12,0,12,元大-和平,2024-12-12,9863
3037,欣興,14,2,12,元大-和平,2024-12-12,9863
1591,駿吉-KY,12,0,12,元大-和平,2024-12-12,9863
2344,華邦電,41,29,12,元大-和平,2024-12-12,9863
1611,中電,11,0,11,元大-和平,2024-12-12,9863
00945B,凱基美國非投等債,10,0,10,元大-和平,2024-12-12,9863
1402,遠東新,10,0,10,元大-和平,2024-12-12,9863
2439,美律,10,0,10,元大-和平,2024-12-12,9863
6282,康舒,10,0,10,元大-和平,2024-12-12,9863
6712,長聖,10,0,10,元大-和平,2024-12-12,9863
6788,華景電,12,2,10,元大-和平,2024-12-12,9863
3694,海華,11,2,9,元大-和平,2024-12-12,9863
1813,寶利徠,8,0,8,元大-和平,2024-12-12,9863
2355,敬鵬,8,0,8,元大-和平,2024-12-12,9863
3019,亞光,21,13,8,元大-和平,2024-12-12,9863
3231,緯創,11,4,7,元大-和平,2024-12-12,9863
5439,高技,24,17,7,元大-和平,2024-12-12,9863
9802,鈺齊-KY,10,3,7,元大-和平,2024-12-12,9863
2543,皇昌,6,0,6,元大-和平,2024-12-12,9863
00795B,中信美國公債20年,7,1,6,元大-和平,2024-12-12,9863
1301,台塑,17,11,6,元大-和平,2024-12-12,9863
00915,凱基優選高股息30,306,2,304,元大-和平,2024-12-13,9863
3481,群創,302,0,302,元大-和平,2024-12-13,9863
2106,建大,205,0,205,元大-和平,2024-12-13,9863
2505,國揚,150,0,150,元大-和平,2024-12-13,9863
00637L,元大滬深300正2,168,66,102,元大-和平,2024-12-13,9863
5328,華容,102,4,98,元大-和平,2024-12-13,9863
3689,湧德,94,11,83,元大-和平,2024-12-13,9863
2317,鴻海,68,14,54,元大-和平,2024-12-13,9863
2880,華南金,49,0,49,元大-和平,2024-12-13,9863
9934,成霖,48,0,48,元大-和平,2024-12-13,9863
2382,廣達,44,0,44,元大-和平,2024-12-13,9863
3037,欣興,59,16,43,元大-和平,2024-12-13,9863
6712,長聖,43,0,43,元大-和平,2024-12-13,9863
00929,復華台灣科技優息,43,1,42,元大-和平,2024-12-13,9863
00919,群益台灣精選高息,34,0,34,元大-和平,2024-12-13,9863
00679B,元大美債20年,34,0,34,元大-和平,2024-12-13,9863
8103,瀚荃,30,0,30,元大-和平,2024-12-13,9863
6462,神盾,37,11,26,元大-和平,2024-12-13,9863
00937B,群益ESG投等債20,30,5,25,元大-和平,2024-12-13,9863
00687B,國泰20年美債,29,4,25,元大-和平,2024-12-13,9863
1611,中電,25,0,25,元大-和平,2024-12-13,9863
2486,一詮,27,2,25,元大-和平,2024-12-13,9863
0056,元大高股息,26,2,24,元大-和平,2024-12-13,9863
2393,億光,24,2,22,元大-和平,2024-12-13,9863
5392,能率,22,0,22,元大-和平,2024-12-13,9863
9802,鈺齊-KY,25,4,21,元大-和平,2024-12-13,9863
6592,和潤企業,21,0,21,元大-和平,2024-12-13,9863
00945B,凱基美國非投等債,20,0,20,元大-和平,2024-12-13,9863
6757,台灣虎航,21,1,20,元大-和平,2024-12-13,9863
2371,大同,35,16,19,元大-和平,2024-12-13,9863
4909,新復興,19,1,18,元大-和平,2024-12-13,9863
00918,大華優利高填息30,18,0,18,元大-和平,2024-12-13,9863
00878,國泰永續高股息,17,0,17,元大-和平,2024-12-13,9863
2887,台新金,17,0,17,元大-和平,2024-12-13,9863
00882,中信中國高股息,17,1,16,元大-和平,2024-12-13,9863
2354,鴻準,22,7,15,元大-和平,2024-12-13,9863
2351,順德,17,3,14,元大-和平,2024-12-13,9863
1524,耿鼎,14,1,13,元大-和平,2024-12-13,9863
3231,緯創,14,2,12,元大-和平,2024-12-13,9863
2618,長榮航,29,17,12,元大-和平,2024-12-13,9863
3025,星通,15,3,12,元大-和平,2024-12-13,9863
4566,時碩工業,17,5,12,元大-和平,2024-12-13,9863
00713,元大台灣高息低波,12,0,12,元大-和平,2024-12-13,9863
5469,瀚宇博,12,0,12,元大-和平,2024-12-13,9863
6788,華景電,12,1,11,元大-和平,2024-12-13,9863
1785,光洋科,13,2,11,元大-和平,2024-12-13,9863
2610,華航,14,3,11,元大-和平,2024-12-13,9863
3062,建漢,17,7,10,元大-和平,2024-12-13,9863
3454,晶睿,10,0,10,元大-和平,2024-12-13,9863
1308,亞聚,10,0,10,元大-和平,2024-12-13,9863
00919,群益台灣精選高息,136,1,135,元大-和平,2024-12-16,9863
00706L,期元大S＆P日圓正2,100,0,100,元大-和平,2024-12-16,9863
00637L,元大滬深300正2,66,1,65,元大-和平,2024-12-16,9863
00945B,凱基美國非投等債,65,0,65,元大-和平,2024-12-16,9863
00687B,國泰20年美債,60,0,60,元大-和平,2024-12-16,9863
1710,東聯,60,0,60,元大-和平,2024-12-16,9863
2317,鴻海,80,27,53,元大-和平,2024-12-16,9863
00680L,元大美債20正2,66,16,50,元大-和平,2024-12-16,9863
0056,元大高股息,43,1,42,元大-和平,2024-12-16,9863
00937B,群益ESG投等債20,42,0,42,元大-和平,2024-12-16,9863
00950B,凱基A級公司債,41,0,41,元大-和平,2024-12-16,9863
6712,長聖,41,0,41,元大-和平,2024-12-16,9863
5469,瀚宇博,40,0,40,元大-和平,2024-12-16,9863
2382,廣達,47,9,38,元大-和平,2024-12-16,9863
912000,晨訊科-DR,33,0,33,元大-和平,2024-12-16,9863
00918,大華優利高填息30,31,0,31,元大-和平,2024-12-16,9863
2903,遠百,30,0,30,元大-和平,2024-12-16,9863
2855,統一證,30,0,30,元大-和平,2024-12-16,9863
6592,和潤企業,31,7,24,元大-和平,2024-12-16,9863
2609,陽明,32,10,22,元大-和平,2024-12-16,9863
2615,萬海,25,3,22,元大-和平,2024-12-16,9863
2393,億光,34,12,22,元大-和平,2024-12-16,9863
6869,雲豹能源,27,7,20,元大-和平,2024-12-16,9863
00712,復華富時不動產,20,0,20,元大-和平,2024-12-16,9863
00936,台新永續高息中小,20,0,20,元大-和平,2024-12-16,9863
2351,順德,21,1,20,元大-和平,2024-12-16,9863
00757,統一FANG+,21,2,19,元大-和平,2024-12-16,9863
1605,華新,21,3,18,元大-和平,2024-12-16,9863
3231,緯創,19,2,17,元大-和平,2024-12-16,9863
2453,凌群,16,0,16,元大-和平,2024-12-16,9863
00713,元大台灣高息低波,17,1,16,元大-和平,2024-12-16,9863
3450,聯鈞,34,19,15,元大-和平,2024-12-16,9863
3019,亞光,68,53,15,元大-和平,2024-12-16,9863
4909,新復興,17,2,15,元大-和平,2024-12-16,9863
1785,光洋科,19,5,14,元大-和平,2024-12-16,9863
00934,中信成長高股息,14,0,14,元大-和平,2024-12-16,9863
2646,星宇航空,16,3,13,元大-和平,2024-12-16,9863
3716,中化控股,13,0,13,元大-和平,2024-12-16,9863
2618,長榮航,14,2,12,元大-和平,2024-12-16,9863
5381,合正,12,0,12,元大-和平,2024-12-16,9863
3035,智原,16,4,12,元大-和平,2024-12-16,9863
1736,喬山,11,0,11,元大-和平,2024-12-16,9863
3622,洋華,11,0,11,元大-和平,2024-12-16,9863
4991,環宇-KY,15,4,11,元大-和平,2024-12-16,9863
1611,中電,11,0,11,元大-和平,2024-12-16,9863
2603,長榮,14,3,11,元大-和平,2024-12-16,9863
6108,競國,10,0,10,元大-和平,2024-12-16,9863
00915,凱基優選高股息30,10,0,10,元大-和平,2024-12-16,9863
3526,凡甲,10,0,10,元大-和平,2024-12-16,9863
00965,元大航太防衛科技,10,0,10,元大-和平,2024-12-16,9863
2834,臺企銀,110,0,110,元大-和平,2024-12-17,9863
2890,永豐金,108,6,102,元大-和平,2024-12-17,9863
2801,彰銀,98,0,98,元大-和平,2024-12-17,9863
1402,遠東新,97,0,97,元大-和平,2024-12-17,9863
00795B,中信美國公債20年,90,0,90,元大-和平,2024-12-17,9863
00915,凱基優選高股息30,65,3,62,元大-和平,2024-12-17,9863
00919,群益台灣精選高息,79,19,60,元大-和平,2024-12-17,9863
4938,和碩,58,0,58,元大-和平,2024-12-17,9863
2618,長榮航,74,21,53,元大-和平,2024-12-17,9863
2880,華南金,50,0,50,元大-和平,2024-12-17,9863
00918,大華優利高填息30,49,0,49,元大-和平,2024-12-17,9863
00937B,群益ESG投等債20,49,1,48,元大-和平,2024-12-17,9863
00751B,元大AAA至A公司債,37,0,37,元大-和平,2024-12-17,9863
3231,緯創,36,0,36,元大-和平,2024-12-17,9863
00713,元大台灣高息低波,37,2,35,元大-和平,2024-12-17,9863
2882,國泰金,37,5,32,元大-和平,2024-12-17,9863
00757,統一FANG+,31,0,31,元大-和平,2024-12-17,9863
6712,長聖,31,0,31,元大-和平,2024-12-17,9863
2409,友達,32,5,27,元大-和平,2024-12-17,9863
2883,凱基金,38,12,26,元大-和平,2024-12-17,9863
00945B,凱基美國非投等債,25,0,25,元大-和平,2024-12-17,9863
3481,群創,25,0,25,元大-和平,2024-12-17,9863
4540,全球傳動,34,10,24,元大-和平,2024-12-17,9863
1220,台榮,23,1,22,元大-和平,2024-12-17,9863
2609,陽明,47,26,21,元大-和平,2024-12-17,9863
00679B,元大美債20年,21,0,21,元大-和平,2024-12-17,9863
2614,東森,20,0,20,元大-和平,2024-12-17,9863
2903,遠百,20,0,20,元大-和平,2024-12-17,9863
2382,廣達,21,2,19,元大-和平,2024-12-17,9863
3706,神達,128,111,17,元大-和平,2024-12-17,9863
00878,國泰永續高股息,20,4,16,元大-和平,2024-12-17,9863
5880,合庫金,13,0,13,元大-和平,2024-12-17,9863
2881,富邦金,22,9,13,元大-和平,2024-12-17,9863
00687B,國泰20年美債,12,0,12,元大-和平,2024-12-17,9863
2887,台新金,20,8,12,元大-和平,2024-12-17,9863
0056,元大高股息,28,16,12,元大-和平,2024-12-17,9863
2885,元大金,20,8,12,元大-和平,2024-12-17,9863
1536,和大,15,4,11,元大-和平,2024-12-17,9863
2855,統一證,11,0,11,元大-和平,2024-12-17,9863
3312,弘憶股,12,1,11,元大-和平,2024-12-17,9863
6215,和椿,48,37,11,元大-和平,2024-12-17,9863
3035,智原,27,16,11,元大-和平,2024-12-17,9863
4915,致伸,10,0,10,元大-和平,2024-12-17,9863
00857B,永豐20年美公債,10,0,10,元大-和平,2024-12-17,9863
1722,台肥,10,0,10,元大-和平,2024-12-17,9863
2845,遠東銀,10,0,10,元大-和平,2024-12-17,9863
1736,喬山,10,0,10,元大-和平,2024-12-17,9863
6188,廣明,16,6,10,元大-和平,2024-12-17,9863
1802,台玻,9,0,9,元大-和平,2024-12-17,9863
2449,京元電子,9,1,8,元大-和平,2024-12-17,9863
1904,正隆,95,2,93,元大-和平,2024-12-18,9863
00918,大華優利高填息30,85,0,85,元大-和平,2024-12-18,9863
2002,中鋼,67,5,62,元大-和平,2024-12-18,9863
2880,華南金,51,0,51,元大-和平,2024-12-18,9863
2801,彰銀,41,0,41,元大-和平,2024-12-18,9863
4540,全球傳動,95,58,37,元大-和平,2024-12-18,9863
1303,南亞,111,75,36,元大-和平,2024-12-18,9863
2312,金寶,31,0,31,元大-和平,2024-12-18,9863
8249,菱光,67,37,30,元大-和平,2024-12-18,9863
2903,遠百,30,0,30,元大-和平,2024-12-18,9863
00713,元大台灣高息低波,30,0,30,元大-和平,2024-12-18,9863
00751B,元大AAA至A公司債,29,0,29,元大-和平,2024-12-18,9863
9105,泰金寶-DR,30,1,29,元大-和平,2024-12-18,9863
2891,中信金,32,4,28,元大-和平,2024-12-18,9863
00687B,國泰20年美債,27,0,27,元大-和平,2024-12-18,9863
2885,元大金,25,0,25,元大-和平,2024-12-18,9863
00922,國泰台灣領袖50,24,0,24,元大-和平,2024-12-18,9863
6854,錼創科技-KY創,24,0,24,元大-和平,2024-12-18,9863
2637,慧洋-KY,26,3,23,元大-和平,2024-12-18,9863
00919,群益台灣精選高息,27,4,23,元大-和平,2024-12-18,9863
00712,復華富時不動產,22,0,22,元大-和平,2024-12-18,9863
6712,長聖,22,0,22,元大-和平,2024-12-18,9863
6869,雲豹能源,52,30,22,元大-和平,2024-12-18,9863
1616,億泰,20,0,20,元大-和平,2024-12-18,9863
2495,普安,20,0,20,元大-和平,2024-12-18,9863
5876,上海商銀,21,1,20,元大-和平,2024-12-18,9863
2408,南亞科,22,5,17,元大-和平,2024-12-18,9863
00945B,凱基美國非投等債,17,0,17,元大-和平,2024-12-18,9863
3716,中化控股,16,0,16,元大-和平,2024-12-18,9863
0050,元大台灣50,23,7,16,元大-和平,2024-12-18,9863
6968,萬達寵物,15,0,15,元大-和平,2024-12-18,9863
2881,富邦金,14,0,14,元大-和平,2024-12-18,9863
00915,凱基優選高股息30,12,0,12,元大-和平,2024-12-18,9863
1605,華新,12,0,12,元大-和平,2024-12-18,9863
3450,聯鈞,28,16,12,元大-和平,2024-12-18,9863
3231,緯創,11,0,11,元大-和平,2024-12-18,9863
2883,凱基金,11,0,11,元大-和平,2024-12-18,9863
8227,巨有科技,11,0,11,元大-和平,2024-12-18,9863
1727,中華化,10,0,10,元大-和平,2024-12-18,9863
4909,新復興,12,2,10,元大-和平,2024-12-18,9863
6546,正基,10,0,10,元大-和平,2024-12-18,9863
4979,華星光,10,1,9,元大-和平,2024-12-18,9863
2354,鴻準,13,4,9,元大-和平,2024-12-18,9863
5309,系統電,13,4,9,元大-和平,2024-12-18,9863
6982,大井泵浦,9,0,9,元大-和平,2024-12-18,9863
9934,成霖,9,0,9,元大-和平,2024-12-18,9863
00679B,元大美債20年,11,3,8,元大-和平,2024-12-18,9863
00937B,群益ESG投等債20,35,27,8,元大-和平,2024-12-18,9863
3211,順達,17,9,8,元大-和平,2024-12-18,9863
5371,中光電,11,4,7,元大-和平,2024-12-18,9863
3481,群創,164,8,156,元大-和平,2024-12-19,9863
2801,彰銀,155,0,155,元大-和平,2024-12-19,9863
2883,凱基金,128,4,124,元大-和平,2024-12-19,9863
2601,益航,101,0,101,元大-和平,2024-12-19,9863
4938,和碩,100,0,100,元大-和平,2024-12-19,9863
2609,陽明,341,258,83,元大-和平,2024-12-19,9863
00706L,期元大S＆P日圓正2,80,0,80,元大-和平,2024-12-19,9863
00918,大華優利高填息30,69,0,69,元大-和平,2024-12-19,9863
2317,鴻海,70,3,67,元大-和平,2024-12-19,9863
00688L,國泰20年美債正2,61,0,61,元大-和平,2024-12-19,9863
9934,成霖,60,0,60,元大-和平,2024-12-19,9863
2903,遠百,50,0,50,元大-和平,2024-12-19,9863
00970B,新光BBB投等債20,50,0,50,元大-和平,2024-12-19,9863
2637,慧洋-KY,51,2,49,元大-和平,2024-12-19,9863
6712,長聖,49,0,49,元大-和平,2024-12-19,9863
2344,華邦電,73,31,42,元大-和平,2024-12-19,9863
4510,高鋒,43,1,42,元大-和平,2024-12-19,9863
4931,新盛力,73,32,41,元大-和平,2024-12-19,9863
2887,台新金,39,0,39,元大-和平,2024-12-19,9863
00945B,凱基美國非投等債,37,0,37,元大-和平,2024-12-19,9863
00878,國泰永續高股息,43,6,37,元大-和平,2024-12-19,9863
00687B,國泰20年美債,41,6,35,元大-和平,2024-12-19,9863
00712,復華富時不動產,34,0,34,元大-和平,2024-12-19,9863
2409,友達,34,0,34,元大-和平,2024-12-19,9863
0050,元大台灣50,32,0,32,元大-和平,2024-12-19,9863
0056,元大高股息,41,10,31,元大-和平,2024-12-19,9863
00679B,元大美債20年,57,28,29,元大-和平,2024-12-19,9863
00680L,元大美債20正2,57,28,29,元大-和平,2024-12-19,9863
00929,復華台灣科技優息,30,1,29,元大-和平,2024-12-19,9863
00959B,大華投等美債15Y+,24,0,24,元大-和平,2024-12-19,9863
00937B,群益ESG投等債20,24,0,24,元大-和平,2024-12-19,9863
2002,中鋼,25,2,23,元大-和平,2024-12-19,9863
00757,統一FANG+,22,0,22,元大-和平,2024-12-19,9863
2882,國泰金,25,5,20,元大-和平,2024-12-19,9863
6505,台塑化,20,0,20,元大-和平,2024-12-19,9863
2881,富邦金,25,5,20,元大-和平,2024-12-19,9863
00830,國泰費城半導體,18,0,18,元大-和平,2024-12-19,9863
00915,凱基優選高股息30,16,0,16,元大-和平,2024-12-19,9863
00948B,中信優息投資級債,16,0,16,元大-和平,2024-12-19,9863
00713,元大台灣高息低波,20,4,16,元大-和平,2024-12-19,9863
00940,元大台灣價值高息,22,7,15,元大-和平,2024-12-19,9863
1718,中纖,15,0,15,元大-和平,2024-12-19,9863
3706,神達,39,24,15,元大-和平,2024-12-19,9863
3450,聯鈞,29,14,15,元大-和平,2024-12-19,9863
9958,世紀鋼,20,6,14,元大-和平,2024-12-19,9863
5880,合庫金,13,0,13,元大-和平,2024-12-19,9863
2354,鴻準,15,2,13,元大-和平,2024-12-19,9863
2607,榮運,13,1,12,元大-和平,2024-12-19,9863
2884,玉山金,11,0,11,元大-和平,2024-12-19,9863
00922,國泰台灣領袖50,13,2,11,元大-和平,2024-12-19,9863
