Ticker,Name,buy,sell,diff,Branch,Date,Branch_Code
00885,富邦越南,106,0,106,元大-新盛,2023-01-03,9869
00632R,元大台灣50反1,216,141,75,元大-新盛,2023-01-03,9869
00637L,元大滬深300正2,82,33,49,元大-新盛,2023-01-03,9869
00878,國泰永續高股息,34,0,34,元大-新盛,2023-01-03,9869
00881,國泰台灣5G+,31,0,31,元大-新盛,2023-01-03,9869
00665L,富邦�琤肭磪囓�2,62,31,31,元大-新盛,2023-01-03,9869
00712,復華富時不動產,26,0,26,元大-新盛,2023-01-03,9869
1605,華新,93,69,24,元大-新盛,2023-01-03,9869
1609,大亞,30,7,23,元大-新盛,2023-01-03,9869
1584,精剛,21,0,21,元大-新盛,2023-01-03,9869
2891,中信金,23,3,20,元大-新盛,2023-01-03,9869
00830,國泰費城半導體,21,1,20,元大-新盛,2023-01-03,9869
2317,鴻海,34,15,19,元大-新盛,2023-01-03,9869
4171,瑞基,28,11,17,元大-新盛,2023-01-03,9869
6598,ABC-KY,15,0,15,元大-新盛,2023-01-03,9869
2618,長榮航,43,29,14,元大-新盛,2023-01-03,9869
2609,陽明,37,23,14,元大-新盛,2023-01-03,9869
4564,元翎,14,0,14,元大-新盛,2023-01-03,9869
006208,富邦台50,15,2,13,元大-新盛,2023-01-03,9869
6153,嘉聯益,13,0,13,元大-新盛,2023-01-03,9869
2883,凱基金,12,0,12,元大-新盛,2023-01-03,9869
6547,高端疫苗,16,5,11,元大-新盛,2023-01-03,9869
1417,嘉裕,11,1,10,元大-新盛,2023-01-03,9869
5009,榮剛,10,0,10,元大-新盛,2023-01-03,9869
00708L,期元大S＆P黃金正2,10,0,10,元大-新盛,2023-01-03,9869
00896,中信綠能及電動車,9,0,9,元大-新盛,2023-01-03,9869
1760,寶齡富錦,16,7,9,元大-新盛,2023-01-03,9869
2890,永豐金,9,0,9,元大-新盛,2023-01-03,9869
2038,海光,8,0,8,元大-新盛,2023-01-03,9869
2603,長榮,10,2,8,元大-新盛,2023-01-03,9869
6770,力積電,60,52,8,元大-新盛,2023-01-03,9869
1701,中化,13,6,7,元大-新盛,2023-01-03,9869
5443,均豪,7,0,7,元大-新盛,2023-01-03,9869
00772B,中信高評級公司債,7,0,7,元大-新盛,2023-01-03,9869
9904,寶成,7,0,7,元大-新盛,2023-01-03,9869
4114,健喬,18,11,7,元大-新盛,2023-01-03,9869
0056,元大高股息,13,7,6,元大-新盛,2023-01-03,9869
6585,鼎基,6,0,6,元大-新盛,2023-01-03,9869
5450,南良,6,0,6,元大-新盛,2023-01-03,9869
6456,GIS-KY,7,1,6,元大-新盛,2023-01-03,9869
2404,漢唐,21,15,6,元大-新盛,2023-01-03,9869
2634,漢翔,6,0,6,元大-新盛,2023-01-03,9869
8996,高力,37,32,5,元大-新盛,2023-01-03,9869
2892,第一金,5,0,5,元大-新盛,2023-01-03,9869
1514,亞力,6,1,5,元大-新盛,2023-01-03,9869
00680L,元大美債20正2,5,0,5,元大-新盛,2023-01-03,9869
2610,華航,17,12,5,元大-新盛,2023-01-03,9869
1102,亞泥,5,0,5,元大-新盛,2023-01-03,9869
00673R,期元大S＆P原油反1,5,0,5,元大-新盛,2023-01-03,9869
1752,南光,22,17,5,元大-新盛,2023-01-03,9869
0056,元大高股息,103,13,90,元大-新盛,2023-01-04,9869
00706L,期元大S＆P日圓正2,50,0,50,元大-新盛,2023-01-04,9869
2637,慧洋-KY,52,7,45,元大-新盛,2023-01-04,9869
0050,元大台灣50,56,12,44,元大-新盛,2023-01-04,9869
2603,長榮,35,2,33,元大-新盛,2023-01-04,9869
00891,中信關鍵半導體,40,8,32,元大-新盛,2023-01-04,9869
2030,彰源,31,0,31,元大-新盛,2023-01-04,9869
2317,鴻海,36,5,31,元大-新盛,2023-01-04,9869
00680L,元大美債20正2,30,1,29,元大-新盛,2023-01-04,9869
2618,長榮航,43,16,27,元大-新盛,2023-01-04,9869
4155,訊映,22,0,22,元大-新盛,2023-01-04,9869
4968,立積,45,23,22,元大-新盛,2023-01-04,9869
1514,亞力,28,6,22,元大-新盛,2023-01-04,9869
3013,晟銘電,20,0,20,元大-新盛,2023-01-04,9869
1342,八貫,23,3,20,元大-新盛,2023-01-04,9869
3325,旭品,20,0,20,元大-新盛,2023-01-04,9869
2884,玉山金,18,0,18,元大-新盛,2023-01-04,9869
00882,中信中國高股息,23,6,17,元大-新盛,2023-01-04,9869
2609,陽明,33,17,16,元大-新盛,2023-01-04,9869
2610,華航,45,30,15,元大-新盛,2023-01-04,9869
6104,創惟,35,21,14,元大-新盛,2023-01-04,9869
2886,兆豐金,14,0,14,元大-新盛,2023-01-04,9869
8046,南電,21,8,13,元大-新盛,2023-01-04,9869
3272,東碩,19,6,13,元大-新盛,2023-01-04,9869
00646,元大S＆P500,19,6,13,元大-新盛,2023-01-04,9869
6125,廣運,24,12,12,元大-新盛,2023-01-04,9869
6139,亞翔,12,0,12,元大-新盛,2023-01-04,9869
6598,ABC-KY,11,0,11,元大-新盛,2023-01-04,9869
2444,兆勁,11,0,11,元大-新盛,2023-01-04,9869
2032,新鋼,11,0,11,元大-新盛,2023-01-04,9869
1736,喬山,15,5,10,元大-新盛,2023-01-04,9869
4564,元翎,10,0,10,元大-新盛,2023-01-04,9869
3441,聯一光,10,0,10,元大-新盛,2023-01-04,9869
5450,南良,10,0,10,元大-新盛,2023-01-04,9869
8440,綠電,10,0,10,元大-新盛,2023-01-04,9869
1701,中化,27,18,9,元大-新盛,2023-01-04,9869
2607,榮運,10,1,9,元大-新盛,2023-01-04,9869
00861,元大全球未來通訊,9,0,9,元大-新盛,2023-01-04,9869
1762,中化生,10,1,9,元大-新盛,2023-01-04,9869
00632R,元大台灣50反1,12,3,9,元大-新盛,2023-01-04,9869
00876,元大全球5G,9,1,8,元大-新盛,2023-01-04,9869
00902,中信電池及儲能,7,0,7,元大-新盛,2023-01-04,9869
3693,營邦,7,0,7,元大-新盛,2023-01-04,9869
00895,富邦未來車,9,2,7,元大-新盛,2023-01-04,9869
2498,宏達電,23,16,7,元大-新盛,2023-01-04,9869
00885,富邦越南,12,6,6,元大-新盛,2023-01-04,9869
00739,元大MSCI A股,6,0,6,元大-新盛,2023-01-04,9869
1795,美時,7,1,6,元大-新盛,2023-01-04,9869
00830,國泰費城半導體,6,1,5,元大-新盛,2023-01-04,9869
6269,台郡,5,0,5,元大-新盛,2023-01-04,9869
00632R,元大台灣50反1,1012,410,602,元大-新盛,2023-01-05,9869
00753L,中信中國50正2,180,9,171,元大-新盛,2023-01-05,9869
2344,華邦電,183,14,169,元大-新盛,2023-01-05,9869
00715L,期街口布蘭特正2,107,0,107,元大-新盛,2023-01-05,9869
1513,中興電,139,47,92,元大-新盛,2023-01-05,9869
00680L,元大美債20正2,82,0,82,元大-新盛,2023-01-05,9869
2317,鴻海,39,5,34,元大-新盛,2023-01-05,9869
2495,普安,31,2,29,元大-新盛,2023-01-05,9869
00881,國泰台灣5G+,21,0,21,元大-新盛,2023-01-05,9869
6118,建達,23,2,21,元大-新盛,2023-01-05,9869
2030,彰源,20,2,18,元大-新盛,2023-01-05,9869
6244,茂迪,17,0,17,元大-新盛,2023-01-05,9869
00642U,期元大S＆P石油,17,0,17,元大-新盛,2023-01-05,9869
2530,華建,15,0,15,元大-新盛,2023-01-05,9869
00669R,國泰美國道瓊反1,15,0,15,元大-新盛,2023-01-05,9869
8996,高力,61,46,15,元大-新盛,2023-01-05,9869
0056,元大高股息,22,7,15,元大-新盛,2023-01-05,9869
00665L,富邦�琤肭磪囓�2,14,0,14,元大-新盛,2023-01-05,9869
2615,萬海,30,17,13,元大-新盛,2023-01-05,9869
00648R,元大S＆P500反1,13,0,13,元大-新盛,2023-01-05,9869
2313,華通,13,0,13,元大-新盛,2023-01-05,9869
2515,中工,13,0,13,元大-新盛,2023-01-05,9869
1529,樂事綠能,36,23,13,元大-新盛,2023-01-05,9869
1417,嘉裕,23,10,13,元大-新盛,2023-01-05,9869
2889,國票金,18,6,12,元大-新盛,2023-01-05,9869
00679B,元大美債20年,12,0,12,元大-新盛,2023-01-05,9869
1701,中化,31,19,12,元大-新盛,2023-01-05,9869
3027,盛達,63,51,12,元大-新盛,2023-01-05,9869
2618,長榮航,22,11,11,元大-新盛,2023-01-05,9869
2884,玉山金,11,0,11,元大-新盛,2023-01-05,9869
3163,波若威,10,0,10,元大-新盛,2023-01-05,9869
4167,松瑞藥,21,11,10,元大-新盛,2023-01-05,9869
2614,東森,16,6,10,元大-新盛,2023-01-05,9869
0052,富邦科技,10,0,10,元大-新盛,2023-01-05,9869
6235,華孚,18,8,10,元大-新盛,2023-01-05,9869
6111,大宇資,67,57,10,元大-新盛,2023-01-05,9869
1785,光洋科,10,0,10,元大-新盛,2023-01-05,9869
8069,元太,14,5,9,元大-新盛,2023-01-05,9869
2482,連宇,11,3,8,元大-新盛,2023-01-05,9869
6125,廣運,12,4,8,元大-新盛,2023-01-05,9869
00903,富邦元宇宙,8,0,8,元大-新盛,2023-01-05,9869
2206,三陽工業,8,0,8,元大-新盛,2023-01-05,9869
2617,台航,8,0,8,元大-新盛,2023-01-05,9869
6139,亞翔,12,4,8,元大-新盛,2023-01-05,9869
8044,網家,21,14,7,元大-新盛,2023-01-05,9869
3707,漢磊,10,3,7,元大-新盛,2023-01-05,9869
8358,金居,10,3,7,元大-新盛,2023-01-05,9869
3380,明泰,8,1,7,元大-新盛,2023-01-05,9869
1524,耿鼎,7,0,7,元大-新盛,2023-01-05,9869
00728,第一金工業30,7,0,7,元大-新盛,2023-01-05,9869
00665L,富邦�琤肭磪囓�2,120,0,120,元大-新盛,2023-01-06,9869
00902,中信電池及儲能,80,2,78,元大-新盛,2023-01-06,9869
4306,炎洲,50,0,50,元大-新盛,2023-01-06,9869
00858,永豐美國500大,48,0,48,元大-新盛,2023-01-06,9869
00893,國泰智能電動車,50,5,45,元大-新盛,2023-01-06,9869
6215,和椿,97,53,44,元大-新盛,2023-01-06,9869
0056,元大高股息,63,20,43,元大-新盛,2023-01-06,9869
00679B,元大美債20年,30,0,30,元大-新盛,2023-01-06,9869
1475,業旺,30,0,30,元大-新盛,2023-01-06,9869
0050,元大台灣50,36,14,22,元大-新盛,2023-01-06,9869
6770,力積電,38,17,21,元大-新盛,2023-01-06,9869
00720B,元大投資級公司債,20,0,20,元大-新盛,2023-01-06,9869
00646,元大S＆P500,13,1,12,元大-新盛,2023-01-06,9869
8171,天宇,15,3,12,元大-新盛,2023-01-06,9869
006208,富邦台50,12,1,11,元大-新盛,2023-01-06,9869
00648R,元大S＆P500反1,13,2,11,元大-新盛,2023-01-06,9869
2482,連宇,12,1,11,元大-新盛,2023-01-06,9869
1524,耿鼎,12,1,11,元大-新盛,2023-01-06,9869
2498,宏達電,14,4,10,元大-新盛,2023-01-06,9869
5258,虹堡,11,1,10,元大-新盛,2023-01-06,9869
1784,訊聯,10,0,10,元大-新盛,2023-01-06,9869
8033,雷虎,10,0,10,元大-新盛,2023-01-06,9869
0052,富邦科技,10,0,10,元大-新盛,2023-01-06,9869
3380,明泰,10,0,10,元大-新盛,2023-01-06,9869
2637,慧洋-KY,14,5,9,元大-新盛,2023-01-06,9869
6285,啟��,27,18,9,元大-新盛,2023-01-06,9869
1609,大亞,10,1,9,元大-新盛,2023-01-06,9869
5009,榮剛,8,0,8,元大-新盛,2023-01-06,9869
1519,華城,26,18,8,元大-新盛,2023-01-06,9869
6176,瑞儀,8,0,8,元大-新盛,2023-01-06,9869
4105,東洋,8,0,8,元大-新盛,2023-01-06,9869
2748,雲品,12,4,8,元大-新盛,2023-01-06,9869
6655,科定,8,0,8,元大-新盛,2023-01-06,9869
8016,矽創,12,4,8,元大-新盛,2023-01-06,9869
00715L,期街口布蘭特正2,7,0,7,元大-新盛,2023-01-06,9869
3515,華擎,7,0,7,元大-新盛,2023-01-06,9869
2206,三陽工業,6,0,6,元大-新盛,2023-01-06,9869
5907,大洋-KY,6,0,6,元大-新盛,2023-01-06,9869
00891,中信關鍵半導體,11,5,6,元大-新盛,2023-01-06,9869
4167,松瑞藥,33,27,6,元大-新盛,2023-01-06,9869
00753L,中信中國50正2,7,1,6,元大-新盛,2023-01-06,9869
2542,興富發,6,0,6,元大-新盛,2023-01-06,9869
6220,岳豐,8,2,6,元大-新盛,2023-01-06,9869
2308,台達電,5,0,5,元大-新盛,2023-01-06,9869
2812,台中銀,5,0,5,元大-新盛,2023-01-06,9869
6213,聯茂,5,0,5,元大-新盛,2023-01-06,9869
6235,華孚,26,21,5,元大-新盛,2023-01-06,9869
00861,元大全球未來通訊,5,0,5,元大-新盛,2023-01-06,9869
1336,台翰,5,0,5,元大-新盛,2023-01-06,9869
4906,正文,5,0,5,元大-新盛,2023-01-06,9869
00665L,富邦�琤肭磪囓�2,121,0,121,元大-新盛,2023-01-09,9869
00632R,元大台灣50反1,415,297,118,元大-新盛,2023-01-09,9869
2344,華邦電,100,2,98,元大-新盛,2023-01-09,9869
2030,彰源,35,0,35,元大-新盛,2023-01-09,9869
8358,金居,50,16,34,元大-新盛,2023-01-09,9869
00664R,國泰臺灣加權反1,38,8,30,元大-新盛,2023-01-09,9869
00648R,元大S＆P500反1,27,1,26,元大-新盛,2023-01-09,9869
2027,大成鋼,27,3,24,元大-新盛,2023-01-09,9869
0056,元大高股息,71,48,23,元大-新盛,2023-01-09,9869
3289,宜特,19,0,19,元大-新盛,2023-01-09,9869
6770,力積電,35,18,17,元大-新盛,2023-01-09,9869
2317,鴻海,24,9,15,元大-新盛,2023-01-09,9869
2482,連宇,13,0,13,元大-新盛,2023-01-09,9869
2603,長榮,13,2,11,元大-新盛,2023-01-09,9869
2498,宏達電,19,8,11,元大-新盛,2023-01-09,9869
2610,華航,39,28,11,元大-新盛,2023-01-09,9869
1701,中化,20,9,11,元大-新盛,2023-01-09,9869
00642U,期元大S＆P石油,10,0,10,元大-新盛,2023-01-09,9869
6139,亞翔,12,3,9,元大-新盛,2023-01-09,9869
8440,綠電,15,6,9,元大-新盛,2023-01-09,9869
00646,元大S＆P500,11,3,8,元大-新盛,2023-01-09,9869
8069,元太,32,25,7,元大-新盛,2023-01-09,9869
6215,和椿,10,3,7,元大-新盛,2023-01-09,9869
5347,世界,16,9,7,元大-新盛,2023-01-09,9869
3264,欣銓,7,1,6,元大-新盛,2023-01-09,9869
3207,耀勝,6,0,6,元大-新盛,2023-01-09,9869
4960,誠美材,6,0,6,元大-新盛,2023-01-09,9869
6613,朋億*,6,0,6,元大-新盛,2023-01-09,9869
1217,愛之味,6,0,6,元大-新盛,2023-01-09,9869
8261,富鼎,8,2,6,元大-新盛,2023-01-09,9869
00720B,元大投資級公司債,8,2,6,元大-新盛,2023-01-09,9869
2476,鉅祥,5,0,5,元大-新盛,2023-01-09,9869
2313,華通,6,1,5,元大-新盛,2023-01-09,9869
2885,元大金,8,3,5,元大-新盛,2023-01-09,9869
3390,旭軟,5,0,5,元大-新盛,2023-01-09,9869
3546,宇峻,5,0,5,元大-新盛,2023-01-09,9869
2032,新鋼,5,0,5,元大-新盛,2023-01-09,9869
4950,牧東,5,0,5,元大-新盛,2023-01-09,9869
1732,毛寶,5,0,5,元大-新盛,2023-01-09,9869
6213,聯茂,5,0,5,元大-新盛,2023-01-09,9869
006206,元大上證50,5,0,5,元大-新盛,2023-01-09,9869
4958,臻鼎-KY,5,0,5,元大-新盛,2023-01-09,9869
8105,凌巨,5,0,5,元大-新盛,2023-01-09,9869
6133,金橋,5,0,5,元大-新盛,2023-01-09,9869
8926,台汽電,5,0,5,元大-新盛,2023-01-09,9869
5880,合庫金,5,1,4,元大-新盛,2023-01-09,9869
00679B,元大美債20年,4,0,4,元大-新盛,2023-01-09,9869
5351,鈺創,10,6,4,元大-新盛,2023-01-09,9869
6719,力智,6,2,4,元大-新盛,2023-01-09,9869
6456,GIS-KY,4,0,4,元大-新盛,2023-01-09,9869
00665L,富邦�琤肭磪囓�2,111,1,110,元大-新盛,2023-01-10,9869
3047,訊舟,60,0,60,元大-新盛,2023-01-10,9869
4306,炎洲,50,0,50,元大-新盛,2023-01-10,9869
00881,國泰台灣5G+,41,0,41,元大-新盛,2023-01-10,9869
2313,華通,41,0,41,元大-新盛,2023-01-10,9869
00878,國泰永續高股息,44,4,40,元大-新盛,2023-01-10,9869
0056,元大高股息,57,19,38,元大-新盛,2023-01-10,9869
3515,華擎,37,3,34,元大-新盛,2023-01-10,9869
00885,富邦越南,33,0,33,元大-新盛,2023-01-10,9869
4919,新唐,34,2,32,元大-新盛,2023-01-10,9869
3141,晶宏,33,3,30,元大-新盛,2023-01-10,9869
00673R,期元大S＆P原油反1,30,2,28,元大-新盛,2023-01-10,9869
1721,三晃,25,0,25,元大-新盛,2023-01-10,9869
8016,矽創,22,0,22,元大-新盛,2023-01-10,9869
2442,新美齊,20,0,20,元大-新盛,2023-01-10,9869
2367,燿華,20,0,20,元大-新盛,2023-01-10,9869
00680L,元大美債20正2,20,0,20,元大-新盛,2023-01-10,9869
2884,玉山金,22,2,20,元大-新盛,2023-01-10,9869
2633,台灣高鐵,21,2,19,元大-新盛,2023-01-10,9869
1752,南光,18,1,17,元大-新盛,2023-01-10,9869
2890,永豐金,20,4,16,元大-新盛,2023-01-10,9869
6139,亞翔,15,0,15,元大-新盛,2023-01-10,9869
6598,ABC-KY,15,0,15,元大-新盛,2023-01-10,9869
5450,南良,15,0,15,元大-新盛,2023-01-10,9869
2637,慧洋-KY,15,1,14,元大-新盛,2023-01-10,9869
6443,元晶,24,11,13,元大-新盛,2023-01-10,9869
5009,榮剛,13,0,13,元大-新盛,2023-01-10,9869
2312,金寶,14,1,13,元大-新盛,2023-01-10,9869
00773B,中信優先金融債,12,0,12,元大-新盛,2023-01-10,9869
6290,良維,12,0,12,元大-新盛,2023-01-10,9869
6741,91APP*-KY,52,40,12,元大-新盛,2023-01-10,9869
00679B,元大美債20年,17,5,12,元大-新盛,2023-01-10,9869
1342,八貫,29,18,11,元大-新盛,2023-01-10,9869
00891,中信關鍵半導體,11,0,11,元大-新盛,2023-01-10,9869
2402,毅嘉,11,0,11,元大-新盛,2023-01-10,9869
2338,光罩,10,0,10,元大-新盛,2023-01-10,9869
2530,華建,10,0,10,元大-新盛,2023-01-10,9869
8215,明基材,10,0,10,元大-新盛,2023-01-10,9869
2243,宏旭-KY,10,0,10,元大-新盛,2023-01-10,9869
6015,宏遠證,10,0,10,元大-新盛,2023-01-10,9869
00725B,國泰投資級公司債,10,0,10,元大-新盛,2023-01-10,9869
3605,宏致,10,0,10,元大-新盛,2023-01-10,9869
1519,華城,11,1,10,元大-新盛,2023-01-10,9869
3128,昇銳,11,2,9,元大-新盛,2023-01-10,9869
3706,神達,11,2,9,元大-新盛,2023-01-10,9869
3346,麗清,9,0,9,元大-新盛,2023-01-10,9869
0050,元大台灣50,20,12,8,元大-新盛,2023-01-10,9869
00882,中信中國高股息,18,10,8,元大-新盛,2023-01-10,9869
2444,兆勁,8,0,8,元大-新盛,2023-01-10,9869
6125,廣運,8,0,8,元大-新盛,2023-01-10,9869
00665L,富邦�琤肭磪囓�2,230,20,210,元大-新盛,2023-01-11,9869
00753L,中信中國50正2,150,1,149,元大-新盛,2023-01-11,9869
2883,凱基金,76,5,71,元大-新盛,2023-01-11,9869
4306,炎洲,50,0,50,元大-新盛,2023-01-11,9869
2609,陽明,59,11,48,元大-新盛,2023-01-11,9869
2312,金寶,45,0,45,元大-新盛,2023-01-11,9869
5351,鈺創,54,12,42,元大-新盛,2023-01-11,9869
00905,FT臺灣Smart,40,0,40,元大-新盛,2023-01-11,9869
00637L,元大滬深300正2,265,229,36,元大-新盛,2023-01-11,9869
1560,中砂,35,4,31,元大-新盛,2023-01-11,9869
0053,元大電子,29,3,26,元大-新盛,2023-01-11,9869
4979,華星光,36,12,24,元大-新盛,2023-01-11,9869
3625,西勝,22,0,22,元大-新盛,2023-01-11,9869
2888,新光金,19,0,19,元大-新盛,2023-01-11,9869
3406,玉晶光,19,0,19,元大-新盛,2023-01-11,9869
2883B,凱基金乙特,18,0,18,元大-新盛,2023-01-11,9869
3680,家登,18,1,17,元大-新盛,2023-01-11,9869
2313,華通,19,5,14,元大-新盛,2023-01-11,9869
2884,玉山金,14,0,14,元大-新盛,2023-01-11,9869
3045,台灣大,13,0,13,元大-新盛,2023-01-11,9869
00891,中信關鍵半導體,20,8,12,元大-新盛,2023-01-11,9869
00679B,元大美債20年,12,0,12,元大-新盛,2023-01-11,9869
6533,晶心科,12,1,11,元大-新盛,2023-01-11,9869
00902,中信電池及儲能,11,0,11,元大-新盛,2023-01-11,9869
2243,宏旭-KY,11,0,11,元大-新盛,2023-01-11,9869
1524,耿鼎,11,0,11,元大-新盛,2023-01-11,9869
2834,臺企銀,11,0,11,元大-新盛,2023-01-11,9869
2328,廣宇,10,0,10,元大-新盛,2023-01-11,9869
6015,宏遠證,10,0,10,元大-新盛,2023-01-11,9869
00646,元大S＆P500,10,0,10,元大-新盛,2023-01-11,9869
2897,王道銀行,10,0,10,元大-新盛,2023-01-11,9869
6150,撼訊,11,1,10,元大-新盛,2023-01-11,9869
1310,台苯,10,0,10,元大-新盛,2023-01-11,9869
3037,欣興,33,24,9,元大-新盛,2023-01-11,9869
4543,萬在,9,0,9,元大-新盛,2023-01-11,9869
5251,天鉞電,11,3,8,元大-新盛,2023-01-11,9869
0056,元大高股息,55,47,8,元大-新盛,2023-01-11,9869
2495,普安,7,0,7,元大-新盛,2023-01-11,9869
3704,合勤控,9,2,7,元大-新盛,2023-01-11,9869
6274,台燿,6,0,6,元大-新盛,2023-01-11,9869
2457,飛宏,24,18,6,元大-新盛,2023-01-11,9869
2607,榮運,6,0,6,元大-新盛,2023-01-11,9869
0061,元大寶滬深,6,0,6,元大-新盛,2023-01-11,9869
9938,百和,6,0,6,元大-新盛,2023-01-11,9869
1701,中化,8,2,6,元大-新盛,2023-01-11,9869
3455,由田,7,1,6,元大-新盛,2023-01-11,9869
4904,遠傳,6,0,6,元大-新盛,2023-01-11,9869
8038,長園科,5,0,5,元大-新盛,2023-01-11,9869
1309,台達化,5,0,5,元大-新盛,2023-01-11,9869
00642U,期元大S＆P石油,5,0,5,元大-新盛,2023-01-11,9869
2358,廷鑫,108,51,57,元大-新盛,2023-01-12,9869
4306,炎洲,50,0,50,元大-新盛,2023-01-12,9869
2609,陽明,47,3,44,元大-新盛,2023-01-12,9869
00632R,元大台灣50反1,44,0,44,元大-新盛,2023-01-12,9869
2888,新光金,35,0,35,元大-新盛,2023-01-12,9869
00670L,富邦NASDAQ正2,31,5,26,元大-新盛,2023-01-12,9869
00679B,元大美債20年,23,0,23,元大-新盛,2023-01-12,9869
00891,中信關鍵半導體,24,2,22,元大-新盛,2023-01-12,9869
6550,北極星藥業-KY,22,1,21,元大-新盛,2023-01-12,9869
1459,聯發,20,0,20,元大-新盛,2023-01-12,9869
00680L,元大美債20正2,20,1,19,元大-新盛,2023-01-12,9869
1314,中石化,18,0,18,元大-新盛,2023-01-12,9869
4128,中天,18,1,17,元大-新盛,2023-01-12,9869
00878,國泰永續高股息,27,10,17,元大-新盛,2023-01-12,9869
6125,廣運,16,0,16,元大-新盛,2023-01-12,9869
2603,長榮,16,1,15,元大-新盛,2023-01-12,9869
2317,鴻海,18,4,14,元大-新盛,2023-01-12,9869
1605,華新,99,85,14,元大-新盛,2023-01-12,9869
4979,華星光,17,3,14,元大-新盛,2023-01-12,9869
00648R,元大S＆P500反1,14,0,14,元大-新盛,2023-01-12,9869
00905,FT臺灣Smart,13,0,13,元大-新盛,2023-01-12,9869
2030,彰源,12,0,12,元大-新盛,2023-01-12,9869
2618,長榮航,11,0,11,元大-新盛,2023-01-12,9869
2201,裕隆,31,20,11,元大-新盛,2023-01-12,9869
1524,耿鼎,11,0,11,元大-新盛,2023-01-12,9869
6104,創惟,10,0,10,元大-新盛,2023-01-12,9869
5608,四維航,10,0,10,元大-新盛,2023-01-12,9869
5321,美而快,19,9,10,元大-新盛,2023-01-12,9869
6426,統新,10,0,10,元大-新盛,2023-01-12,9869
00882,中信中國高股息,15,5,10,元大-新盛,2023-01-12,9869
3045,台灣大,9,0,9,元大-新盛,2023-01-12,9869
2498,宏達電,17,8,9,元大-新盛,2023-01-12,9869
6235,華孚,9,1,8,元大-新盛,2023-01-12,9869
2344,華邦電,8,0,8,元大-新盛,2023-01-12,9869
2884,玉山金,8,0,8,元大-新盛,2023-01-12,9869
2243,宏旭-KY,8,0,8,元大-新盛,2023-01-12,9869
1234,黑松,7,0,7,元大-新盛,2023-01-12,9869
2023,燁輝,50,43,7,元大-新盛,2023-01-12,9869
3028,增你強,7,0,7,元大-新盛,2023-01-12,9869
2892,第一金,7,0,7,元大-新盛,2023-01-12,9869
3594,磐儀,6,0,6,元大-新盛,2023-01-12,9869
00753L,中信中國50正2,8,2,6,元大-新盛,2023-01-12,9869
2332,友訊,6,0,6,元大-新盛,2023-01-12,9869
8043,蜜望實,6,0,6,元大-新盛,2023-01-12,9869
00720B,元大投資級公司債,6,1,5,元大-新盛,2023-01-12,9869
1471,首利,5,0,5,元大-新盛,2023-01-12,9869
6129,普誠,10,5,5,元大-新盛,2023-01-12,9869
3013,晟銘電,5,0,5,元大-新盛,2023-01-12,9869
3483,力致,5,0,5,元大-新盛,2023-01-12,9869
2449,京元電子,5,0,5,元大-新盛,2023-01-12,9869
00632R,元大台灣50反1,915,35,880,元大-新盛,2023-01-13,9869
4306,炎洲,52,0,52,元大-新盛,2023-01-13,9869
1524,耿鼎,57,7,50,元大-新盛,2023-01-13,9869
1605,華新,57,7,50,元大-新盛,2023-01-13,9869
00664R,國泰臺灣加權反1,47,0,47,元大-新盛,2023-01-13,9869
2609,陽明,58,15,43,元大-新盛,2023-01-13,9869
2409,友達,28,0,28,元大-新盛,2023-01-13,9869
2317,鴻海,29,3,26,元大-新盛,2023-01-13,9869
00720B,元大投資級公司債,24,0,24,元大-新盛,2023-01-13,9869
3047,訊舟,25,1,24,元大-新盛,2023-01-13,9869
00665L,富邦�琤肭磪囓�2,25,2,23,元大-新盛,2023-01-13,9869
2465,麗臺,23,2,21,元大-新盛,2023-01-13,9869
2637,慧洋-KY,20,0,20,元大-新盛,2023-01-13,9869
3703,欣陸,20,0,20,元大-新盛,2023-01-13,9869
2358,廷鑫,102,82,20,元大-新盛,2023-01-13,9869
00878,國泰永續高股息,30,11,19,元大-新盛,2023-01-13,9869
2402,毅嘉,36,21,15,元大-新盛,2023-01-13,9869
00773B,中信優先金融債,16,3,13,元大-新盛,2023-01-13,9869
8261,富鼎,15,2,13,元大-新盛,2023-01-13,9869
3260,威剛,14,2,12,元大-新盛,2023-01-13,9869
2885,元大金,12,0,12,元大-新盛,2023-01-13,9869
6142,友勁,12,0,12,元大-新盛,2023-01-13,9869
8050,廣積,10,0,10,元大-新盛,2023-01-13,9869
6237,驊訊,10,0,10,元大-新盛,2023-01-13,9869
2442,新美齊,10,0,10,元大-新盛,2023-01-13,9869
5475,德宏,10,0,10,元大-新盛,2023-01-13,9869
4979,華星光,13,4,9,元大-新盛,2023-01-13,9869
3576,聯合再生,9,0,9,元大-新盛,2023-01-13,9869
2337,旺宏,9,0,9,元大-新盛,2023-01-13,9869
9105,泰金寶-DR,8,0,8,元大-新盛,2023-01-13,9869
3687,歐買尬,9,2,7,元大-新盛,2023-01-13,9869
6443,元晶,9,2,7,元大-新盛,2023-01-13,9869
00881,國泰台灣5G+,10,3,7,元大-新盛,2023-01-13,9869
2916,滿心,7,0,7,元大-新盛,2023-01-13,9869
6274,台燿,6,0,6,元大-新盛,2023-01-13,9869
4906,正文,6,0,6,元大-新盛,2023-01-13,9869
1312,國喬,6,0,6,元大-新盛,2023-01-13,9869
6220,岳豐,6,0,6,元大-新盛,2023-01-13,9869
3441,聯一光,5,0,5,元大-新盛,2023-01-13,9869
00641R,富邦日本反1,5,0,5,元大-新盛,2023-01-13,9869
00642U,期元大S＆P石油,11,6,5,元大-新盛,2023-01-13,9869
1909,榮成,5,0,5,元大-新盛,2023-01-13,9869
3669,圓展,5,0,5,元大-新盛,2023-01-13,9869
2607,榮運,5,0,5,元大-新盛,2023-01-13,9869
1219,福壽,5,0,5,元大-新盛,2023-01-13,9869
9941,裕融,4,0,4,元大-新盛,2023-01-13,9869
4968,立積,5,1,4,元大-新盛,2023-01-13,9869
1783,和康生,4,0,4,元大-新盛,2023-01-13,9869
2371,大同,8,4,4,元大-新盛,2023-01-13,9869
6196,帆宣,5,1,4,元大-新盛,2023-01-13,9869
00637L,元大滬深300正2,838,533,305,元大-新盛,2023-01-16,9869
00665L,富邦�琤肭磪囓�2,108,0,108,元大-新盛,2023-01-16,9869
4306,炎洲,70,0,70,元大-新盛,2023-01-16,9869
00706L,期元大S＆P日圓正2,51,0,51,元大-新盛,2023-01-16,9869
00631L,元大台灣50正2,51,3,48,元大-新盛,2023-01-16,9869
2609,陽明,47,1,46,元大-新盛,2023-01-16,9869
6612,奈米醫材,35,2,33,元大-新盛,2023-01-16,9869
2540,愛山林,30,0,30,元大-新盛,2023-01-16,9869
1303,南亞,30,3,27,元大-新盛,2023-01-16,9869
00720B,元大投資級公司債,25,1,24,元大-新盛,2023-01-16,9869
8933,愛地雅,24,1,23,元大-新盛,2023-01-16,9869
00673R,期元大S＆P原油反1,20,0,20,元大-新盛,2023-01-16,9869
2461,光群雷,20,0,20,元大-新盛,2023-01-16,9869
0056,元大高股息,58,40,18,元大-新盛,2023-01-16,9869
00730,富邦臺灣優質高息,17,0,17,元大-新盛,2023-01-16,9869
9945,潤泰新,20,4,16,元大-新盛,2023-01-16,9869
2618,長榮航,18,2,16,元大-新盛,2023-01-16,9869
00900,富邦特選高股息30,13,0,13,元大-新盛,2023-01-16,9869
6285,啟��,12,1,11,元大-新盛,2023-01-16,9869
2616,山隆,10,0,10,元大-新盛,2023-01-16,9869
2883,凱基金,15,5,10,元大-新盛,2023-01-16,9869
5014,建錩,10,0,10,元大-新盛,2023-01-16,9869
6015,宏遠證,10,0,10,元大-新盛,2023-01-16,9869
2637,慧洋-KY,10,0,10,元大-新盛,2023-01-16,9869
00636,國泰中國A50,10,0,10,元大-新盛,2023-01-16,9869
00885,富邦越南,10,1,9,元大-新盛,2023-01-16,9869
00770,國泰北美科技,10,1,9,元大-新盛,2023-01-16,9869
1605,華新,27,19,8,元大-新盛,2023-01-16,9869
2882,國泰金,11,3,8,元大-新盛,2023-01-16,9869
2486,一詮,9,1,8,元大-新盛,2023-01-16,9869
2338,光罩,15,7,8,元大-新盛,2023-01-16,9869
00670L,富邦NASDAQ正2,34,26,8,元大-新盛,2023-01-16,9869
6477,安集,8,0,8,元大-新盛,2023-01-16,9869
8261,富鼎,8,0,8,元大-新盛,2023-01-16,9869
2030,彰源,8,1,7,元大-新盛,2023-01-16,9869
2059,川湖,7,0,7,元大-新盛,2023-01-16,9869
00655L,國泰中國A50正2,7,0,7,元大-新盛,2023-01-16,9869
00921,兆豐龍頭等權重,7,0,7,元大-新盛,2023-01-16,9869
1731,美吾華,7,0,7,元大-新盛,2023-01-16,9869
1783,和康生,13,7,6,元大-新盛,2023-01-16,9869
2867,三商壽,6,0,6,元大-新盛,2023-01-16,9869
2607,榮運,6,0,6,元大-新盛,2023-01-16,9869
2409,友達,5,0,5,元大-新盛,2023-01-16,9869
2360,致茂,5,0,5,元大-新盛,2023-01-16,9869
3260,威剛,6,1,5,元大-新盛,2023-01-16,9869
6235,華孚,5,0,5,元大-新盛,2023-01-16,9869
2038,海光,6,1,5,元大-新盛,2023-01-16,9869
1795,美時,18,13,5,元大-新盛,2023-01-16,9869
8358,金居,15,11,4,元大-新盛,2023-01-16,9869
00638R,元大滬深300反1,4,0,4,元大-新盛,2023-01-16,9869
00680L,元大美債20正2,88,0,88,元大-新盛,2023-01-17,9869
0056,元大高股息,112,36,76,元大-新盛,2023-01-17,9869
00664R,國泰臺灣加權反1,70,11,59,元大-新盛,2023-01-17,9869
1219,福壽,59,2,57,元大-新盛,2023-01-17,9869
2358,廷鑫,72,17,55,元大-新盛,2023-01-17,9869
0050,元大台灣50,60,8,52,元大-新盛,2023-01-17,9869
00751B,元大AAA至A公司債,52,0,52,元大-新盛,2023-01-17,9869
4306,炎洲,50,0,50,元大-新盛,2023-01-17,9869
2888,新光金,50,6,44,元大-新盛,2023-01-17,9869
00679B,元大美債20年,43,0,43,元大-新盛,2023-01-17,9869
00891,中信關鍵半導體,36,0,36,元大-新盛,2023-01-17,9869
2603,長榮,37,4,33,元大-新盛,2023-01-17,9869
1760,寶齡富錦,45,13,32,元大-新盛,2023-01-17,9869
5488,松普,30,0,30,元大-新盛,2023-01-17,9869
2030,彰源,25,1,24,元大-新盛,2023-01-17,9869
00632R,元大台灣50反1,21,0,21,元大-新盛,2023-01-17,9869
00830,國泰費城半導體,22,1,21,元大-新盛,2023-01-17,9869
00646,元大S＆P500,23,3,20,元大-新盛,2023-01-17,9869
2023,燁輝,18,0,18,元大-新盛,2023-01-17,9869
3481,群創,27,10,17,元大-新盛,2023-01-17,9869
1513,中興電,42,26,16,元大-新盛,2023-01-17,9869
2885,元大金,15,0,15,元大-新盛,2023-01-17,9869
1701,中化,14,0,14,元大-新盛,2023-01-17,9869
2884,玉山金,15,1,14,元大-新盛,2023-01-17,9869
00720B,元大投資級公司債,13,0,13,元大-新盛,2023-01-17,9869
2515,中工,13,0,13,元大-新盛,2023-01-17,9869
2897,王道銀行,17,4,13,元大-新盛,2023-01-17,9869
2317,鴻海,19,7,12,元大-新盛,2023-01-17,9869
5009,榮剛,12,0,12,元大-新盛,2023-01-17,9869
2637,慧洋-KY,15,3,12,元大-新盛,2023-01-17,9869
2401,凌陽,12,0,12,元大-新盛,2023-01-17,9869
1524,耿鼎,12,0,12,元大-新盛,2023-01-17,9869
6655,科定,12,0,12,元大-新盛,2023-01-17,9869
2359,所羅門,12,0,12,元大-新盛,2023-01-17,9869
3234,光環,11,0,11,元大-新盛,2023-01-17,9869
8171,天宇,12,1,11,元大-新盛,2023-01-17,9869
1718,中纖,10,0,10,元大-新盛,2023-01-17,9869
8084,巨虹,10,0,10,元大-新盛,2023-01-17,9869
2321,東訊,10,0,10,元大-新盛,2023-01-17,9869
00876,元大全球5G,9,0,9,元大-新盛,2023-01-17,9869
2610,華航,15,6,9,元大-新盛,2023-01-17,9869
6598,ABC-KY,9,0,9,元大-新盛,2023-01-17,9869
3037,欣興,28,19,9,元大-新盛,2023-01-17,9869
00903,富邦元宇宙,8,0,8,元大-新盛,2023-01-17,9869
00665L,富邦�琤肭磪囓�2,8,0,8,元大-新盛,2023-01-17,9869
1762,中化生,8,0,8,元大-新盛,2023-01-17,9869
0055,元大MSCI金融,8,0,8,元大-新盛,2023-01-17,9869
2059,川湖,9,1,8,元大-新盛,2023-01-17,9869
00882,中信中國高股息,33,25,8,元大-新盛,2023-01-17,9869
00739,元大MSCI A股,8,0,8,元大-新盛,2023-01-17,9869
00632R,元大台灣50反1,1722,22,1700,元大-新盛,2023-01-30,9869
00637L,元大滬深300正2,806,561,245,元大-新盛,2023-01-30,9869
00720B,元大投資級公司債,100,0,100,元大-新盛,2023-01-30,9869
00713,元大台灣高息低波,100,5,95,元大-新盛,2023-01-30,9869
00665L,富邦�琤肭磪囓�2,92,0,92,元大-新盛,2023-01-30,9869
2317,鴻海,54,11,43,元大-新盛,2023-01-30,9869
00664R,國泰臺灣加權反1,40,0,40,元大-新盛,2023-01-30,9869
4175,杏一,40,0,40,元大-新盛,2023-01-30,9869
00877,復華中國5G,40,0,40,元大-新盛,2023-01-30,9869
2511,太子,30,0,30,元大-新盛,2023-01-30,9869
1701,中化,30,2,28,元大-新盛,2023-01-30,9869
00727B,國泰優選非投等債,27,0,27,元大-新盛,2023-01-30,9869
2609,陽明,43,17,26,元大-新盛,2023-01-30,9869
2023,燁輝,28,4,24,元大-新盛,2023-01-30,9869
2355,敬鵬,21,0,21,元大-新盛,2023-01-30,9869
6285,啟��,21,0,21,元大-新盛,2023-01-30,9869
3051,力特,20,0,20,元大-新盛,2023-01-30,9869
2030,彰源,50,30,20,元大-新盛,2023-01-30,9869
1513,中興電,29,11,18,元大-新盛,2023-01-30,9869
8996,高力,26,9,17,元大-新盛,2023-01-30,9869
2374,佳能,17,0,17,元大-新盛,2023-01-30,9869
2353,宏��,20,4,16,元大-新盛,2023-01-30,9869
6143,振曜,15,0,15,元大-新盛,2023-01-30,9869
6152,百一,15,0,15,元大-新盛,2023-01-30,9869
8040,九暘,16,1,15,元大-新盛,2023-01-30,9869
1529,樂事綠能,20,5,15,元大-新盛,2023-01-30,9869
2834,臺企銀,14,0,14,元大-新盛,2023-01-30,9869
5347,世界,25,12,13,元大-新盛,2023-01-30,9869
00881,國泰台灣5G+,13,1,12,元大-新盛,2023-01-30,9869
2539,櫻花建,12,0,12,元大-新盛,2023-01-30,9869
2540,愛山林,12,0,12,元大-新盛,2023-01-30,9869
3711,日月光投控,20,8,12,元大-新盛,2023-01-30,9869
1517,利奇,11,0,11,元大-新盛,2023-01-30,9869
00671R,富邦NASDAQ反1,11,0,11,元大-新盛,2023-01-30,9869
6016,康和證,11,0,11,元大-新盛,2023-01-30,9869
8069,元太,11,0,11,元大-新盛,2023-01-30,9869
6129,普誠,18,8,10,元大-新盛,2023-01-30,9869
3189,景碩,13,3,10,元大-新盛,2023-01-30,9869
6598,ABC-KY,10,0,10,元大-新盛,2023-01-30,9869
3047,訊舟,10,0,10,元大-新盛,2023-01-30,9869
8084,巨虹,10,0,10,元大-新盛,2023-01-30,9869
1539,巨庭,10,0,10,元大-新盛,2023-01-30,9869
3006,晶豪科,13,3,10,元大-新盛,2023-01-30,9869
4114,健喬,13,4,9,元大-新盛,2023-01-30,9869
2457,飛宏,10,1,9,元大-新盛,2023-01-30,9869
8358,金居,35,26,9,元大-新盛,2023-01-30,9869
2498,宏達電,14,5,9,元大-新盛,2023-01-30,9869
5457,宣德,9,0,9,元大-新盛,2023-01-30,9869
5425,台半,22,13,9,元大-新盛,2023-01-30,9869
2308,台達電,10,1,9,元大-新盛,2023-01-30,9869
0056,元大高股息,230,33,197,元大-新盛,2023-01-31,9869
00753L,中信中國50正2,154,0,154,元大-新盛,2023-01-31,9869
00905,FT臺灣Smart,139,8,131,元大-新盛,2023-01-31,9869
2002,中鋼,100,13,87,元大-新盛,2023-01-31,9869
0050,元大台灣50,112,26,86,元大-新盛,2023-01-31,9869
2892,第一金,79,0,79,元大-新盛,2023-01-31,9869
00891,中信關鍵半導體,60,1,59,元大-新盛,2023-01-31,9869
2880,華南金,53,1,52,元大-新盛,2023-01-31,9869
2888,新光金,54,2,52,元大-新盛,2023-01-31,9869
00882,中信中國高股息,66,20,46,元大-新盛,2023-01-31,9869
00646,元大S＆P500,39,2,37,元大-新盛,2023-01-31,9869
3051,力特,34,2,32,元大-新盛,2023-01-31,9869
6285,啟��,31,0,31,元大-新盛,2023-01-31,9869
00741B,富邦全球非投等債,27,0,27,元大-新盛,2023-01-31,9869
6589,台康生技,30,4,26,元大-新盛,2023-01-31,9869
00665L,富邦�琤肭磪囓�2,22,0,22,元大-新盛,2023-01-31,9869
2883,凱基金,22,0,22,元大-新盛,2023-01-31,9869
00637L,元大滬深300正2,68,46,22,元大-新盛,2023-01-31,9869
6548,長科*,20,0,20,元大-新盛,2023-01-31,9869
00878,國泰永續高股息,41,21,20,元大-新盛,2023-01-31,9869
00720B,元大投資級公司債,19,0,19,元大-新盛,2023-01-31,9869
00632R,元大台灣50反1,43,24,19,元大-新盛,2023-01-31,9869
00679B,元大美債20年,19,0,19,元大-新盛,2023-01-31,9869
00861,元大全球未來通訊,18,0,18,元大-新盛,2023-01-31,9869
2358,廷鑫,17,1,16,元大-新盛,2023-01-31,9869
6806,森崴能源,16,0,16,元大-新盛,2023-01-31,9869
8358,金居,34,18,16,元大-新盛,2023-01-31,9869
8050,廣積,16,0,16,元大-新盛,2023-01-31,9869
2497,怡利電,17,2,15,元大-新盛,2023-01-31,9869
00739,元大MSCI A股,15,0,15,元大-新盛,2023-01-31,9869
2610,華航,30,15,15,元大-新盛,2023-01-31,9869
2354,鴻準,17,2,15,元大-新盛,2023-01-31,9869
2204,中華,14,0,14,元大-新盛,2023-01-31,9869
00893,國泰智能電動車,28,15,13,元大-新盛,2023-01-31,9869
00894,中信小資高價30,13,0,13,元大-新盛,2023-01-31,9869
00664R,國泰臺灣加權反1,13,0,13,元大-新盛,2023-01-31,9869
1795,美時,15,3,12,元大-新盛,2023-01-31,9869
2887,台新金,13,1,12,元大-新盛,2023-01-31,9869
3045,台灣大,12,0,12,元大-新盛,2023-01-31,9869
2324,仁寶,12,0,12,元大-新盛,2023-01-31,9869
2444,兆勁,12,0,12,元大-新盛,2023-01-31,9869
3006,晶豪科,22,10,12,元大-新盛,2023-01-31,9869
2031,新光鋼,12,1,11,元大-新盛,2023-01-31,9869
8150,南茂,11,0,11,元大-新盛,2023-01-31,9869
2208,台船,11,0,11,元大-新盛,2023-01-31,9869
00876,元大全球5G,19,8,11,元大-新盛,2023-01-31,9869
1708,東鹼,11,0,11,元大-新盛,2023-01-31,9869
2454,聯發科,13,2,11,元大-新盛,2023-01-31,9869
2616,山隆,10,0,10,元大-新盛,2023-01-31,9869
1312,國喬,10,0,10,元大-新盛,2023-01-31,9869
00632R,元大台灣50反1,1317,7,1310,元大-新盛,2023-02-01,9869
00885,富邦越南,160,59,101,元大-新盛,2023-02-01,9869
2344,華邦電,99,9,90,元大-新盛,2023-02-01,9869
00637L,元大滬深300正2,93,11,82,元大-新盛,2023-02-01,9869
2009,第一銅,71,6,65,元大-新盛,2023-02-01,9869
00905,FT臺灣Smart,61,0,61,元大-新盛,2023-02-01,9869
2409,友達,56,0,56,元大-新盛,2023-02-01,9869
2887,台新金,48,0,48,元大-新盛,2023-02-01,9869
5483,中美晶,47,0,47,元大-新盛,2023-02-01,9869
6026,福邦證,40,0,40,元大-新盛,2023-02-01,9869
6274,台燿,37,1,36,元大-新盛,2023-02-01,9869
00720B,元大投資級公司債,28,0,28,元大-新盛,2023-02-01,9869
2358,廷鑫,30,2,28,元大-新盛,2023-02-01,9869
3481,群創,26,0,26,元大-新盛,2023-02-01,9869
5410,國眾,26,0,26,元大-新盛,2023-02-01,9869
8478,東哥遊艇,25,1,24,元大-新盛,2023-02-01,9869
00772B,中信高評級公司債,24,1,23,元大-新盛,2023-02-01,9869
00773B,中信優先金融債,20,0,20,元大-新盛,2023-02-01,9869
00680L,元大美債20正2,20,0,20,元大-新盛,2023-02-01,9869
3051,力特,30,11,19,元大-新盛,2023-02-01,9869
2891,中信金,18,0,18,元大-新盛,2023-02-01,9869
6235,華孚,21,3,18,元大-新盛,2023-02-01,9869
8429,金麗-KY,31,13,18,元大-新盛,2023-02-01,9869
00878,國泰永續高股息,22,5,17,元大-新盛,2023-02-01,9869
2317,鴻海,34,17,17,元大-新盛,2023-02-01,9869
2883,凱基金,17,0,17,元大-新盛,2023-02-01,9869
4950,牧東,16,0,16,元大-新盛,2023-02-01,9869
9958,世紀鋼,16,0,16,元大-新盛,2023-02-01,9869
1529,樂事綠能,17,2,15,元大-新盛,2023-02-01,9869
00679B,元大美債20年,23,9,14,元大-新盛,2023-02-01,9869
4915,致伸,16,3,13,元大-新盛,2023-02-01,9869
4804,大略-KY,13,0,13,元大-新盛,2023-02-01,9869
1727,中華化,17,5,12,元大-新盛,2023-02-01,9869
3665,貿聯-KY,14,2,12,元大-新盛,2023-02-01,9869
9938,百和,13,1,12,元大-新盛,2023-02-01,9869
2367,燿華,12,0,12,元大-新盛,2023-02-01,9869
2374,佳能,15,3,12,元大-新盛,2023-02-01,9869
3265,台星科,12,0,12,元大-新盛,2023-02-01,9869
2007,燁興,14,3,11,元大-新盛,2023-02-01,9869
3022,威強電,11,0,11,元大-新盛,2023-02-01,9869
3048,益登,11,0,11,元大-新盛,2023-02-01,9869
1734,杏輝,11,0,11,元大-新盛,2023-02-01,9869
3021,鴻名,11,0,11,元大-新盛,2023-02-01,9869
6138,茂達,11,0,11,元大-新盛,2023-02-01,9869
3163,波若威,11,0,11,元大-新盛,2023-02-01,9869
2890,永豐金,10,0,10,元大-新盛,2023-02-01,9869
2834,臺企銀,18,8,10,元大-新盛,2023-02-01,9869
4128,中天,10,0,10,元大-新盛,2023-02-01,9869
2540,愛山林,10,0,10,元大-新盛,2023-02-01,9869
3045,台灣大,10,0,10,元大-新盛,2023-02-01,9869
1605,華新,173,24,149,元大-新盛,2023-02-02,9869
2412,中華電,124,0,124,元大-新盛,2023-02-02,9869
3047,訊舟,95,0,95,元大-新盛,2023-02-02,9869
2482,連宇,110,16,94,元大-新盛,2023-02-02,9869
2010,春源,90,0,90,元大-新盛,2023-02-02,9869
00878,國泰永續高股息,79,13,66,元大-新盛,2023-02-02,9869
2915,潤泰全,60,0,60,元大-新盛,2023-02-02,9869
2634,漢翔,62,3,59,元大-新盛,2023-02-02,9869
00637L,元大滬深300正2,70,13,57,元大-新盛,2023-02-02,9869
00715L,期街口布蘭特正2,51,0,51,元大-新盛,2023-02-02,9869
00665L,富邦�琤肭磪囓�2,50,4,46,元大-新盛,2023-02-02,9869
2891,中信金,44,2,42,元大-新盛,2023-02-02,9869
2618,長榮航,59,23,36,元大-新盛,2023-02-02,9869
2615,萬海,42,8,34,元大-新盛,2023-02-02,9869
2201,裕隆,50,16,34,元大-新盛,2023-02-02,9869
00885,富邦越南,45,11,34,元大-新盛,2023-02-02,9869
00670L,富邦NASDAQ正2,98,65,33,元大-新盛,2023-02-02,9869
00687B,國泰20年美債,33,0,33,元大-新盛,2023-02-02,9869
00773B,中信優先金融債,31,0,31,元大-新盛,2023-02-02,9869
2539,櫻花建,30,0,30,元大-新盛,2023-02-02,9869
2929,淘帝-KY,38,12,26,元大-新盛,2023-02-02,9869
5426,振發,20,0,20,元大-新盛,2023-02-02,9869
0056,元大高股息,69,49,20,元大-新盛,2023-02-02,9869
5347,世界,21,2,19,元大-新盛,2023-02-02,9869
2007,燁興,19,0,19,元大-新盛,2023-02-02,9869
6285,啟��,27,8,19,元大-新盛,2023-02-02,9869
00881,國泰台灣5G+,30,11,19,元大-新盛,2023-02-02,9869
2603,長榮,38,20,18,元大-新盛,2023-02-02,9869
4919,新唐,23,6,17,元大-新盛,2023-02-02,9869
2358,廷鑫,31,15,16,元大-新盛,2023-02-02,9869
1314,中石化,15,0,15,元大-新盛,2023-02-02,9869
3694,海華,27,12,15,元大-新盛,2023-02-02,9869
8422,可寧衛,15,0,15,元大-新盛,2023-02-02,9869
6143,振曜,24,10,14,元大-新盛,2023-02-02,9869
00679B,元大美債20年,15,2,13,元大-新盛,2023-02-02,9869
00720B,元大投資級公司債,13,0,13,元大-新盛,2023-02-02,9869
1303,南亞,15,3,12,元大-新盛,2023-02-02,9869
4931,新盛力,12,0,12,元大-新盛,2023-02-02,9869
4915,致伸,16,4,12,元大-新盛,2023-02-02,9869
2474,可成,12,0,12,元大-新盛,2023-02-02,9869
00642U,期元大S＆P石油,12,0,12,元大-新盛,2023-02-02,9869
6139,亞翔,12,0,12,元大-新盛,2023-02-02,9869
6470,宇智,11,0,11,元大-新盛,2023-02-02,9869
6288,聯嘉,10,0,10,元大-新盛,2023-02-02,9869
4746,台耀,10,0,10,元大-新盛,2023-02-02,9869
1409,新纖,10,0,10,元大-新盛,2023-02-02,9869
2464,盟立,10,0,10,元大-新盛,2023-02-02,9869
6655,科定,10,0,10,元大-新盛,2023-02-02,9869
00680L,元大美債20正2,10,0,10,元大-新盛,2023-02-02,9869
2027,大成鋼,17,7,10,元大-新盛,2023-02-02,9869
00882,中信中國高股息,173,3,170,元大-新盛,2023-02-03,9869
2344,華邦電,123,10,113,元大-新盛,2023-02-03,9869
00637L,元大滬深300正2,111,3,108,元大-新盛,2023-02-03,9869
00878,國泰永續高股息,105,4,101,元大-新盛,2023-02-03,9869
00632R,元大台灣50反1,92,14,78,元大-新盛,2023-02-03,9869
2889,國票金,75,2,73,元大-新盛,2023-02-03,9869
00665L,富邦�琤肭磪囓�2,70,0,70,元大-新盛,2023-02-03,9869
3710,連展投控,70,0,70,元大-新盛,2023-02-03,9869
3704,合勤控,51,2,49,元大-新盛,2023-02-03,9869
2888,新光金,42,0,42,元大-新盛,2023-02-03,9869
00679B,元大美債20年,38,3,35,元大-新盛,2023-02-03,9869
5608,四維航,35,3,32,元大-新盛,2023-02-03,9869
2603,長榮,62,30,32,元大-新盛,2023-02-03,9869
4306,炎洲,30,0,30,元大-新盛,2023-02-03,9869
00877,復華中國5G,28,0,28,元大-新盛,2023-02-03,9869
6589,台康生技,31,3,28,元大-新盛,2023-02-03,9869
2027,大成鋼,29,2,27,元大-新盛,2023-02-03,9869
00642U,期元大S＆P石油,27,0,27,元大-新盛,2023-02-03,9869
8105,凌巨,27,2,25,元大-新盛,2023-02-03,9869
2610,華航,26,1,25,元大-新盛,2023-02-03,9869
2609,陽明,39,15,24,元大-新盛,2023-02-03,9869
2484,希華,36,14,22,元大-新盛,2023-02-03,9869
5009,榮剛,22,2,20,元大-新盛,2023-02-03,9869
00680L,元大美債20正2,22,3,19,元大-新盛,2023-02-03,9869
2809,京城銀,18,0,18,元大-新盛,2023-02-03,9869
4142,國光生,22,5,17,元大-新盛,2023-02-03,9869
2002,中鋼,16,0,16,元大-新盛,2023-02-03,9869
3037,欣興,23,8,15,元大-新盛,2023-02-03,9869
8938,明安,15,0,15,元大-新盛,2023-02-03,9869
2906,高林,15,0,15,元大-新盛,2023-02-03,9869
2867,三商壽,16,2,14,元大-新盛,2023-02-03,9869
00885,富邦越南,14,0,14,元大-新盛,2023-02-03,9869
2201,裕隆,49,37,12,元大-新盛,2023-02-03,9869
4564,元翎,12,0,12,元大-新盛,2023-02-03,9869
3227,原相,13,1,12,元大-新盛,2023-02-03,9869
2104,國際中橡,11,0,11,元大-新盛,2023-02-03,9869
6188,廣明,12,1,11,元大-新盛,2023-02-03,9869
2887,台新金,11,0,11,元大-新盛,2023-02-03,9869
6142,友勁,11,0,11,元大-新盛,2023-02-03,9869
2321,東訊,11,0,11,元大-新盛,2023-02-03,9869
00772B,中信高評級公司債,14,3,11,元大-新盛,2023-02-03,9869
3508,位速,11,0,11,元大-新盛,2023-02-03,9869
1218,泰山,13,2,11,元大-新盛,2023-02-03,9869
6245,立端,20,9,11,元大-新盛,2023-02-03,9869
4915,致伸,11,1,10,元大-新盛,2023-02-03,9869
2897,王道銀行,10,0,10,元大-新盛,2023-02-03,9869
1612,宏泰,16,6,10,元大-新盛,2023-02-03,9869
2891,中信金,20,10,10,元大-新盛,2023-02-03,9869
5321,美而快,11,1,10,元大-新盛,2023-02-03,9869
6288,聯嘉,10,0,10,元大-新盛,2023-02-03,9869
00632R,元大台灣50反1,382,20,362,元大-新盛,2023-02-06,9869
00878,國泰永續高股息,148,15,133,元大-新盛,2023-02-06,9869
00882,中信中國高股息,82,1,81,元大-新盛,2023-02-06,9869
2344,華邦電,64,5,59,元大-新盛,2023-02-06,9869
00680L,元大美債20正2,58,0,58,元大-新盛,2023-02-06,9869
00706L,期元大S＆P日圓正2,51,0,51,元大-新盛,2023-02-06,9869
2734,易飛網,50,2,48,元大-新盛,2023-02-06,9869
5483,中美晶,46,0,46,元大-新盛,2023-02-06,9869
00877,復華中國5G,43,0,43,元大-新盛,2023-02-06,9869
00692,富邦公司治理,32,0,32,元大-新盛,2023-02-06,9869
00665L,富邦�琤肭磪囓�2,30,0,30,元大-新盛,2023-02-06,9869
00642U,期元大S＆P石油,30,0,30,元大-新盛,2023-02-06,9869
1723,中碳,23,0,23,元大-新盛,2023-02-06,9869
3057,喬鼎,21,0,21,元大-新盛,2023-02-06,9869
3037,欣興,26,6,20,元大-新盛,2023-02-06,9869
00674R,期元大S＆P黃金反1,20,0,20,元大-新盛,2023-02-06,9869
6655,科定,20,0,20,元大-新盛,2023-02-06,9869
1584,精剛,20,1,19,元大-新盛,2023-02-06,9869
2890,永豐金,20,1,19,元大-新盛,2023-02-06,9869
2888,新光金,23,5,18,元大-新盛,2023-02-06,9869
00720B,元大投資級公司債,21,4,17,元大-新盛,2023-02-06,9869
2330,台積電,18,1,17,元大-新盛,2023-02-06,9869
2884,玉山金,16,0,16,元大-新盛,2023-02-06,9869
00679B,元大美債20年,20,4,16,元大-新盛,2023-02-06,9869
4114,健喬,19,3,16,元大-新盛,2023-02-06,9869
6138,茂達,15,0,15,元大-新盛,2023-02-06,9869
00648R,元大S＆P500反1,15,0,15,元大-新盛,2023-02-06,9869
0056,元大高股息,45,31,14,元大-新盛,2023-02-06,9869
8938,明安,12,0,12,元大-新盛,2023-02-06,9869
6505,台塑化,17,5,12,元大-新盛,2023-02-06,9869
2313,華通,20,8,12,元大-新盛,2023-02-06,9869
2007,燁興,39,27,12,元大-新盛,2023-02-06,9869
5880,合庫金,11,0,11,元大-新盛,2023-02-06,9869
3693,營邦,13,2,11,元大-新盛,2023-02-06,9869
2061,風青,11,0,11,元大-新盛,2023-02-06,9869
00715L,期街口布蘭特正2,12,1,11,元大-新盛,2023-02-06,9869
1909,榮成,11,0,11,元大-新盛,2023-02-06,9869
2882,國泰金,10,0,10,元大-新盛,2023-02-06,9869
2609,陽明,16,6,10,元大-新盛,2023-02-06,9869
2887,台新金,13,2,11,元大-新盛,2023-02-06,9869
2915,潤泰全,11,1,10,元大-新盛,2023-02-06,9869
2539,櫻花建,10,0,10,元大-新盛,2023-02-06,9869
3038,全台,10,0,10,元大-新盛,2023-02-06,9869
6142,友勁,10,0,10,元大-新盛,2023-02-06,9869
6266,泰詠,18,8,10,元大-新盛,2023-02-06,9869
6235,華孚,37,28,9,元大-新盛,2023-02-06,9869
3189,景碩,10,1,9,元大-新盛,2023-02-06,9869
3308,聯德,9,0,9,元大-新盛,2023-02-06,9869
4171,瑞基,10,1,9,元大-新盛,2023-02-06,9869
2618,長榮航,15,7,8,元大-新盛,2023-02-06,9869
00632R,元大台灣50反1,394,9,385,元大-新盛,2023-02-07,9869
2344,華邦電,198,2,196,元大-新盛,2023-02-07,9869
2498,宏達電,204,17,187,元大-新盛,2023-02-07,9869
0050,元大台灣50,82,18,64,元大-新盛,2023-02-07,9869
2834,臺企銀,73,13,60,元大-新盛,2023-02-07,9869
00878,國泰永續高股息,64,5,59,元大-新盛,2023-02-07,9869
0056,元大高股息,118,59,59,元大-新盛,2023-02-07,9869
2618,長榮航,58,0,58,元大-新盛,2023-02-07,9869
00637L,元大滬深300正2,86,29,57,元大-新盛,2023-02-07,9869
1605,華新,52,11,41,元大-新盛,2023-02-07,9869
00692,富邦公司治理,30,0,30,元大-新盛,2023-02-07,9869
3710,連展投控,30,0,30,元大-新盛,2023-02-07,9869
6266,泰詠,30,0,30,元大-新盛,2023-02-07,9869
2317,鴻海,35,8,27,元大-新盛,2023-02-07,9869
2891,中信金,25,1,24,元大-新盛,2023-02-07,9869
1752,南光,54,31,23,元大-新盛,2023-02-07,9869
2610,華航,28,8,20,元大-新盛,2023-02-07,9869
00720B,元大投資級公司債,21,1,20,元大-新盛,2023-02-07,9869
2243,宏旭-KY,21,1,20,元大-新盛,2023-02-07,9869
2852,第一保,20,0,20,元大-新盛,2023-02-07,9869
4402,郡都開發,20,0,20,元大-新盛,2023-02-07,9869
00882,中信中國高股息,27,10,17,元大-新盛,2023-02-07,9869
2748,雲品,27,10,17,元大-新盛,2023-02-07,9869
2889,國票金,16,0,16,元大-新盛,2023-02-07,9869
4967,十銓,16,0,16,元大-新盛,2023-02-07,9869
00646,元大S＆P500,19,3,16,元大-新盛,2023-02-07,9869
5392,能率,24,8,16,元大-新盛,2023-02-07,9869
5464,霖宏,15,0,15,元大-新盛,2023-02-07,9869
2345,智邦,22,7,15,元大-新盛,2023-02-07,9869
00679B,元大美債20年,14,1,13,元大-新盛,2023-02-07,9869
2887,台新金,13,0,13,元大-新盛,2023-02-07,9869
3552,同致,14,1,13,元大-新盛,2023-02-07,9869
5309,系統電,14,1,13,元大-新盛,2023-02-07,9869
2321,東訊,12,0,12,元大-新盛,2023-02-07,9869
00780B,國泰A級金融債,12,0,12,元大-新盛,2023-02-07,9869
3163,波若威,12,1,11,元大-新盛,2023-02-07,9869
8105,凌巨,22,11,11,元大-新盛,2023-02-07,9869
00642U,期元大S＆P石油,10,0,10,元大-新盛,2023-02-07,9869
2497,怡利電,16,6,10,元大-新盛,2023-02-07,9869
4164,承業醫,10,0,10,元大-新盛,2023-02-07,9869
2801,彰銀,10,0,10,元大-新盛,2023-02-07,9869
3013,晟銘電,10,0,10,元大-新盛,2023-02-07,9869
2331,精英,10,1,9,元大-新盛,2023-02-07,9869
6104,創惟,13,4,9,元大-新盛,2023-02-07,9869
2355,敬鵬,8,0,8,元大-新盛,2023-02-07,9869
4102,永日,8,0,8,元大-新盛,2023-02-07,9869
4924,欣厚-KY,8,0,8,元大-新盛,2023-02-07,9869
2883,凱基金,17,10,7,元大-新盛,2023-02-07,9869
2061,風青,7,0,7,元大-新盛,2023-02-07,9869
2059,川湖,7,0,7,元大-新盛,2023-02-07,9869
00632R,元大台灣50反1,206,29,177,元大-新盛,2023-02-08,9869
00882,中信中國高股息,156,3,153,元大-新盛,2023-02-08,9869
2344,華邦電,131,28,103,元大-新盛,2023-02-08,9869
1605,華新,100,13,87,元大-新盛,2023-02-08,9869
3710,連展投控,76,10,66,元大-新盛,2023-02-08,9869
6266,泰詠,60,0,60,元大-新盛,2023-02-08,9869
00885,富邦越南,59,0,59,元大-新盛,2023-02-08,9869
00881,國泰台灣5G+,50,7,43,元大-新盛,2023-02-08,9869
00670L,富邦NASDAQ正2,56,14,42,元大-新盛,2023-02-08,9869
3059,華晶科,40,0,40,元大-新盛,2023-02-08,9869
3034,聯詠,43,7,36,元大-新盛,2023-02-08,9869
00665L,富邦�琤肭磪囓�2,80,50,30,元大-新盛,2023-02-08,9869
3141,晶宏,35,5,30,元大-新盛,2023-02-08,9869
00664R,國泰臺灣加權反1,30,0,30,元大-新盛,2023-02-08,9869
00637L,元大滬深300正2,46,18,28,元大-新盛,2023-02-08,9869
0056,元大高股息,43,15,28,元大-新盛,2023-02-08,9869
2610,華航,24,0,24,元大-新盛,2023-02-08,9869
00679B,元大美債20年,26,5,21,元大-新盛,2023-02-08,9869
2618,長榮航,30,9,21,元大-新盛,2023-02-08,9869
5426,振發,20,0,20,元大-新盛,2023-02-08,9869
4114,健喬,58,39,19,元大-新盛,2023-02-08,9869
1560,中砂,20,1,19,元大-新盛,2023-02-08,9869
4167,松瑞藥,25,6,19,元大-新盛,2023-02-08,9869
2890,永豐金,17,0,17,元大-新盛,2023-02-08,9869
4967,十銓,17,0,17,元大-新盛,2023-02-08,9869
2345,智邦,20,3,17,元大-新盛,2023-02-08,9869
2614,東森,15,0,15,元大-新盛,2023-02-08,9869
2834,臺企銀,22,8,14,元大-新盛,2023-02-08,9869
1220,台榮,14,0,14,元大-新盛,2023-02-08,9869
2891,中信金,13,0,13,元大-新盛,2023-02-08,9869
3540,曜越,12,0,12,元大-新盛,2023-02-08,9869
2457,飛宏,11,0,11,元大-新盛,2023-02-08,9869
8038,長園科,11,0,11,元大-新盛,2023-02-08,9869
1477,聚陽,10,0,10,元大-新盛,2023-02-08,9869
4104,佳醫,10,0,10,元大-新盛,2023-02-08,9869
2243,宏旭-KY,10,0,10,元大-新盛,2023-02-08,9869
0053,元大電子,10,0,10,元大-新盛,2023-02-08,9869
8112,至上,10,1,9,元大-新盛,2023-02-08,9869
2472,立隆電,10,1,9,元大-新盛,2023-02-08,9869
2363,矽統,9,0,9,元大-新盛,2023-02-08,9869
6288,聯嘉,8,0,8,元大-新盛,2023-02-08,9869
3037,欣興,22,14,8,元大-新盛,2023-02-08,9869
6182,合晶,9,1,8,元大-新盛,2023-02-08,9869
5608,四維航,8,0,8,元大-新盛,2023-02-08,9869
2444,兆勁,8,0,8,元大-新盛,2023-02-08,9869
2609,陽明,13,5,8,元大-新盛,2023-02-08,9869
2228,劍麟,8,0,8,元大-新盛,2023-02-08,9869
6443,元晶,13,6,7,元大-新盛,2023-02-08,9869
3466,德晉,9,2,7,元大-新盛,2023-02-08,9869
5258,虹堡,7,0,7,元大-新盛,2023-02-08,9869
00632R,元大台灣50反1,533,4,529,元大-新盛,2023-02-09,9869
2880,華南金,102,2,100,元大-新盛,2023-02-09,9869
6223,旺矽,44,3,41,元大-新盛,2023-02-09,9869
4164,承業醫,43,3,40,元大-新盛,2023-02-09,9869
2867,三商壽,39,0,39,元大-新盛,2023-02-09,9869
3710,連展投控,44,7,37,元大-新盛,2023-02-09,9869
00692,富邦公司治理,35,0,35,元大-新盛,2023-02-09,9869
3037,欣興,41,6,35,元大-新盛,2023-02-09,9869
00720B,元大投資級公司債,32,0,32,元大-新盛,2023-02-09,9869
00878,國泰永續高股息,41,9,32,元大-新盛,2023-02-09,9869
2409,友達,35,3,32,元大-新盛,2023-02-09,9869
2530,華建,31,0,31,元大-新盛,2023-02-09,9869
3029,零壹,32,6,26,元大-新盛,2023-02-09,9869
4510,高鋒,25,0,25,元大-新盛,2023-02-09,9869
1314,中石化,26,1,25,元大-新盛,2023-02-09,9869
00751B,元大AAA至A公司債,25,0,25,元大-新盛,2023-02-09,9869
4162,智擎,26,2,24,元大-新盛,2023-02-09,9869
1560,中砂,21,0,21,元大-新盛,2023-02-09,9869
6655,科定,21,0,21,元大-新盛,2023-02-09,9869
0056,元大高股息,33,13,20,元大-新盛,2023-02-09,9869
2610,華航,33,13,20,元大-新盛,2023-02-09,9869
00665L,富邦�琤肭磪囓�2,20,0,20,元大-新盛,2023-02-09,9869
3058,立德,20,0,20,元大-新盛,2023-02-09,9869
1305,華夏,20,0,20,元大-新盛,2023-02-09,9869
00679B,元大美債20年,19,0,19,元大-新盛,2023-02-09,9869
3019,亞光,17,0,17,元大-新盛,2023-02-09,9869
0050,元大台灣50,26,10,16,元大-新盛,2023-02-09,9869
3071,協禧,16,0,16,元大-新盛,2023-02-09,9869
2618,長榮航,20,5,15,元大-新盛,2023-02-09,9869
5014,建錩,15,0,15,元大-新盛,2023-02-09,9869
2891,中信金,15,0,15,元大-新盛,2023-02-09,9869
00885,富邦越南,14,0,14,元大-新盛,2023-02-09,9869
8222,寶一,38,25,13,元大-新盛,2023-02-09,9869
3141,晶宏,15,2,13,元大-新盛,2023-02-09,9869
1101,台泥,16,3,13,元大-新盛,2023-02-09,9869
6443,元晶,17,5,12,元大-新盛,2023-02-09,9869
2603,長榮,13,1,12,元大-新盛,2023-02-09,9869
0053,元大電子,12,0,12,元大-新盛,2023-02-09,9869
00669R,國泰美國道瓊反1,12,0,12,元大-新盛,2023-02-09,9869
4128,中天,24,12,12,元大-新盛,2023-02-09,9869
2888,新光金,14,2,12,元大-新盛,2023-02-09,9869
1795,美時,15,3,12,元大-新盛,2023-02-09,9869
2308,台達電,11,0,11,元大-新盛,2023-02-09,9869
2812,台中銀,11,0,11,元大-新盛,2023-02-09,9869
00772B,中信高評級公司債,10,0,10,元大-新盛,2023-02-09,9869
00771,元大US高息特別股,10,0,10,元大-新盛,2023-02-09,9869
3232,昱捷,10,0,10,元大-新盛,2023-02-09,9869
2444,兆勁,10,0,10,元大-新盛,2023-02-09,9869
6203,海韻電,10,0,10,元大-新盛,2023-02-09,9869
8084,巨虹,10,0,10,元大-新盛,2023-02-09,9869
00665L,富邦�琤肭磪囓�2,440,0,440,元大-新盛,2023-02-10,9869
00878,國泰永續高股息,106,0,106,元大-新盛,2023-02-10,9869
2884,玉山金,71,2,69,元大-新盛,2023-02-10,9869
2618,長榮航,70,1,69,元大-新盛,2023-02-10,9869
8358,金居,116,52,64,元大-新盛,2023-02-10,9869
3029,零壹,60,0,60,元大-新盛,2023-02-10,9869
00637L,元大滬深300正2,235,183,52,元大-新盛,2023-02-10,9869
5347,世界,51,5,46,元大-新盛,2023-02-10,9869
00631L,元大台灣50正2,46,1,45,元大-新盛,2023-02-10,9869
1519,華城,45,2,43,元大-新盛,2023-02-10,9869
4114,健喬,44,8,36,元大-新盛,2023-02-10,9869
2457,飛宏,40,5,35,元大-新盛,2023-02-10,9869
1584,精剛,44,10,34,元大-新盛,2023-02-10,9869
00712,復華富時不動產,32,0,32,元大-新盛,2023-02-10,9869
8476,台境*,32,0,32,元大-新盛,2023-02-10,9869
3051,力特,30,0,30,元大-新盛,2023-02-10,9869
2498,宏達電,52,22,30,元大-新盛,2023-02-10,9869
2886,兆豐金,32,3,29,元大-新盛,2023-02-10,9869
2610,華航,44,15,29,元大-新盛,2023-02-10,9869
1437,勤益控,30,1,29,元大-新盛,2023-02-10,9869
1513,中興電,48,21,27,元大-新盛,2023-02-10,9869
6770,力積電,27,0,27,元大-新盛,2023-02-10,9869
1605,華新,41,14,27,元大-新盛,2023-02-10,9869
3062,建漢,27,1,26,元大-新盛,2023-02-10,9869
00720B,元大投資級公司債,25,0,25,元大-新盛,2023-02-10,9869
5258,虹堡,25,1,24,元大-新盛,2023-02-10,9869
3058,立德,24,0,24,元大-新盛,2023-02-10,9869
4919,新唐,45,22,23,元大-新盛,2023-02-10,9869
00692,富邦公司治理,28,6,22,元大-新盛,2023-02-10,9869
3013,晟銘電,20,0,20,元大-新盛,2023-02-10,9869
2358,廷鑫,20,0,20,元大-新盛,2023-02-10,9869
9919,康那香,20,0,20,元大-新盛,2023-02-10,9869
2345,智邦,20,1,19,元大-新盛,2023-02-10,9869
3189,景碩,21,2,19,元大-新盛,2023-02-10,9869
2634,漢翔,133,116,17,元大-新盛,2023-02-10,9869
8050,廣積,18,1,17,元大-新盛,2023-02-10,9869
9939,宏全,16,0,16,元大-新盛,2023-02-10,9869
2393,億光,16,0,16,元大-新盛,2023-02-10,9869
2891,中信金,16,0,16,元大-新盛,2023-02-10,9869
00773B,中信優先金融債,17,2,15,元大-新盛,2023-02-10,9869
2354,鴻準,22,7,15,元大-新盛,2023-02-10,9869
8938,明安,14,0,14,元大-新盛,2023-02-10,9869
1319,東陽,20,7,13,元大-新盛,2023-02-10,9869
5014,建錩,13,0,13,元大-新盛,2023-02-10,9869
00751B,元大AAA至A公司債,13,0,13,元大-新盛,2023-02-10,9869
6443,元晶,20,7,13,元大-新盛,2023-02-10,9869
6223,旺矽,21,9,12,元大-新盛,2023-02-10,9869
00882,中信中國高股息,13,1,12,元大-新盛,2023-02-10,9869
6531,愛普*,12,1,11,元大-新盛,2023-02-10,9869
5425,台半,15,4,11,元大-新盛,2023-02-10,9869
00632R,元大台灣50反1,2494,8,2486,元大-新盛,2023-02-13,9869
00878,國泰永續高股息,96,4,92,元大-新盛,2023-02-13,9869
00665L,富邦�琤肭磪囓�2,180,100,80,元大-新盛,2023-02-13,9869
0056,元大高股息,82,11,71,元大-新盛,2023-02-13,9869
2888,新光金,66,0,66,元大-新盛,2023-02-13,9869
6138,茂達,63,2,61,元大-新盛,2023-02-13,9869
2610,華航,61,2,59,元大-新盛,2023-02-13,9869
00753L,中信中國50正2,51,0,51,元大-新盛,2023-02-13,9869
1437,勤益控,50,0,50,元大-新盛,2023-02-13,9869
5488,松普,41,0,41,元大-新盛,2023-02-13,9869
00885,富邦越南,37,0,37,元大-新盛,2023-02-13,9869
3051,力特,30,0,30,元大-新盛,2023-02-13,9869
8249,菱光,31,1,30,元大-新盛,2023-02-13,9869
4306,炎洲,30,0,30,元大-新盛,2023-02-13,9869
2634,漢翔,34,5,29,元大-新盛,2023-02-13,9869
8227,巨有科技,29,0,29,元大-新盛,2023-02-13,9869
6235,華孚,63,35,28,元大-新盛,2023-02-13,9869
00679B,元大美債20年,24,0,24,元大-新盛,2023-02-13,9869
4968,立積,25,2,23,元大-新盛,2023-02-13,9869
2603,長榮,27,5,22,元大-新盛,2023-02-13,9869
00712,復華富時不動產,22,0,22,元大-新盛,2023-02-13,9869
2812,台中銀,20,0,20,元大-新盛,2023-02-13,9869
2897,王道銀行,20,0,20,元大-新盛,2023-02-13,9869
00891,中信關鍵半導體,23,4,19,元大-新盛,2023-02-13,9869
2615,萬海,26,7,19,元大-新盛,2023-02-13,9869
0050,元大台灣50,26,8,18,元大-新盛,2023-02-13,9869
2618,長榮航,34,17,17,元大-新盛,2023-02-13,9869
3289,宜特,31,14,17,元大-新盛,2023-02-13,9869
2303,聯電,32,16,16,元大-新盛,2023-02-13,9869
6719,力智,15,0,15,元大-新盛,2023-02-13,9869
1605,華新,17,2,15,元大-新盛,2023-02-13,9869
3141,晶宏,17,3,14,元大-新盛,2023-02-13,9869
1795,美時,33,20,13,元大-新盛,2023-02-13,9869
00900,富邦特選高股息30,14,1,13,元大-新盛,2023-02-13,9869
6443,元晶,19,6,13,元大-新盛,2023-02-13,9869
3019,亞光,13,0,13,元大-新盛,2023-02-13,9869
5258,虹堡,13,0,13,元大-新盛,2023-02-13,9869
1524,耿鼎,14,1,13,元大-新盛,2023-02-13,9869
6104,創惟,33,21,12,元大-新盛,2023-02-13,9869
2317,鴻海,13,1,12,元大-新盛,2023-02-13,9869
2393,億光,14,2,12,元大-新盛,2023-02-13,9869
3591,艾笛森,16,4,12,元大-新盛,2023-02-13,9869
4804,大略-KY,12,0,12,元大-新盛,2023-02-13,9869
00788B,元大10年IG電能債,11,0,11,元大-新盛,2023-02-13,9869
3013,晟銘電,11,0,11,元大-新盛,2023-02-13,9869
2547,日勝生,21,10,11,元大-新盛,2023-02-13,9869
2637,慧洋-KY,13,2,11,元大-新盛,2023-02-13,9869
00720B,元大投資級公司債,23,12,11,元大-新盛,2023-02-13,9869
00646,元大S＆P500,10,0,10,元大-新盛,2023-02-13,9869
6492,生華科,10,0,10,元大-新盛,2023-02-13,9869
00878,國泰永續高股息,138,23,115,元大-新盛,2023-02-14,9869
00665L,富邦�琤肭磪囓�2,300,200,100,元大-新盛,2023-02-14,9869
2344,華邦電,102,13,89,元大-新盛,2023-02-14,9869
1605,華新,112,34,78,元大-新盛,2023-02-14,9869
2449,京元電子,66,0,66,元大-新盛,2023-02-14,9869
3051,力特,60,0,60,元大-新盛,2023-02-14,9869
00773B,中信優先金融債,51,0,51,元大-新盛,2023-02-14,9869
4572,駐龍,50,0,50,元大-新盛,2023-02-14,9869
6285,啟��,50,1,49,元大-新盛,2023-02-14,9869
8215,明基材,50,1,49,元大-新盛,2023-02-14,9869
0056,元大高股息,50,5,45,元大-新盛,2023-02-14,9869
1314,中石化,40,0,40,元大-新盛,2023-02-14,9869
5410,國眾,34,4,30,元大-新盛,2023-02-14,9869
00720B,元大投資級公司債,28,0,28,元大-新盛,2023-02-14,9869
00882,中信中國高股息,28,0,28,元大-新盛,2023-02-14,9869
2498,宏達電,36,11,25,元大-新盛,2023-02-14,9869
1513,中興電,42,19,23,元大-新盛,2023-02-14,9869
00713,元大台灣高息低波,24,1,23,元大-新盛,2023-02-14,9869
2615,萬海,27,7,20,元大-新盛,2023-02-14,9869
2441,超豐,20,0,20,元大-新盛,2023-02-14,9869
2337,旺宏,23,3,20,元大-新盛,2023-02-14,9869
2486,一詮,27,8,19,元大-新盛,2023-02-14,9869
00664R,國泰臺灣加權反1,38,21,17,元大-新盛,2023-02-14,9869
5009,榮剛,23,6,17,元大-新盛,2023-02-14,9869
2885,元大金,16,0,16,元大-新盛,2023-02-14,9869
1524,耿鼎,17,1,16,元大-新盛,2023-02-14,9869
8111,立��,15,0,15,元大-新盛,2023-02-14,9869
5488,松普,15,0,15,元大-新盛,2023-02-14,9869
2457,飛宏,16,1,15,元大-新盛,2023-02-14,9869
2603,長榮,25,11,14,元大-新盛,2023-02-14,9869
00646,元大S＆P500,14,1,13,元大-新盛,2023-02-14,9869
8996,高力,34,21,13,元大-新盛,2023-02-14,9869
2890,永豐金,13,0,13,元大-新盛,2023-02-14,9869
2405,輔信,13,0,13,元大-新盛,2023-02-14,9869
00671R,富邦NASDAQ反1,12,0,12,元大-新盛,2023-02-14,9869
2453,凌群,42,31,11,元大-新盛,2023-02-14,9869
2913,農林,11,0,11,元大-新盛,2023-02-14,9869
2027,大成鋼,10,0,10,元大-新盛,2023-02-14,9869
1219,福壽,10,0,10,元大-新盛,2023-02-14,9869
1437,勤益控,10,0,10,元大-新盛,2023-02-14,9869
2439,美律,10,0,10,元大-新盛,2023-02-14,9869
3272,東碩,11,1,10,元大-新盛,2023-02-14,9869
2607,榮運,10,0,10,元大-新盛,2023-02-14,9869
00708L,期元大S＆P黃金正2,10,0,10,元大-新盛,2023-02-14,9869
2368,金像電,10,1,9,元大-新盛,2023-02-14,9869
2641,正德,10,1,9,元大-新盛,2023-02-14,9869
3479,安勤,29,20,9,元大-新盛,2023-02-14,9869
1210,大成,9,0,9,元大-新盛,2023-02-14,9869
2891,中信金,12,3,9,元大-新盛,2023-02-14,9869
00637L,元大滬深300正2,9,1,8,元大-新盛,2023-02-14,9869
1314,中石化,350,0,350,元大-新盛,2023-02-15,9869
00878,國泰永續高股息,202,23,179,元大-新盛,2023-02-15,9869
00665L,富邦�琤肭磪囓�2,130,20,110,元大-新盛,2023-02-15,9869
00706L,期元大S＆P日圓正2,50,0,50,元大-新盛,2023-02-15,9869
00643,群益深証中小,47,0,47,元大-新盛,2023-02-15,9869
6443,元晶,41,0,41,元大-新盛,2023-02-15,9869
2883,凱基金,37,0,37,元大-新盛,2023-02-15,9869
2705,六福,37,0,37,元大-新盛,2023-02-15,9869
0056,元大高股息,52,16,36,元大-新盛,2023-02-15,9869
1701,中化,36,0,36,元大-新盛,2023-02-15,9869
3058,立德,36,1,35,元大-新盛,2023-02-15,9869
1437,勤益控,30,0,30,元大-新盛,2023-02-15,9869
1216,統一,30,0,30,元大-新盛,2023-02-15,9869
2344,華邦電,29,1,28,元大-新盛,2023-02-15,9869
00637L,元大滬深300正2,50,22,28,元大-新盛,2023-02-15,9869
00900,富邦特選高股息30,24,1,23,元大-新盛,2023-02-15,9869
1316,上曜,22,0,22,元大-新盛,2023-02-15,9869
2027,大成鋼,23,2,21,元大-新盛,2023-02-15,9869
00882,中信中國高股息,21,0,21,元大-新盛,2023-02-15,9869
5488,松普,20,0,20,元大-新盛,2023-02-15,9869
4804,大略-KY,20,0,20,元大-新盛,2023-02-15,9869
3419,譁裕,20,0,20,元大-新盛,2023-02-15,9869
8358,金居,22,3,19,元大-新盛,2023-02-15,9869
3624,光頡,33,16,17,元大-新盛,2023-02-15,9869
2330,台積電,37,20,17,元大-新盛,2023-02-15,9869
9911,櫻花,15,0,15,元大-新盛,2023-02-15,9869
1519,華城,69,54,15,元大-新盛,2023-02-15,9869
1609,大亞,38,23,15,元大-新盛,2023-02-15,9869
8940,新天地,14,0,14,元大-新盛,2023-02-15,9869
2371,大同,21,7,14,元大-新盛,2023-02-15,9869
3189,景碩,22,10,12,元大-新盛,2023-02-15,9869
6589,台康生技,12,0,12,元大-新盛,2023-02-15,9869
2702,華園,12,0,12,元大-新盛,2023-02-15,9869
2618,長榮航,25,14,11,元大-新盛,2023-02-15,9869
1326,台化,11,0,11,元大-新盛,2023-02-15,9869
2204,中華,11,0,11,元大-新盛,2023-02-15,9869
4130,健亞,11,0,11,元大-新盛,2023-02-15,9869
3051,力特,11,0,11,元大-新盛,2023-02-15,9869
006208,富邦台50,10,0,10,元大-新盛,2023-02-15,9869
1796,金穎生技,10,0,10,元大-新盛,2023-02-15,9869
6550,北極星藥業-KY,10,0,10,元大-新盛,2023-02-15,9869
2383,台光電,10,0,10,元大-新盛,2023-02-15,9869
9919,康那香,10,0,10,元大-新盛,2023-02-15,9869
2337,旺宏,21,11,10,元大-新盛,2023-02-15,9869
5410,國眾,12,2,10,元大-新盛,2023-02-15,9869
00905,FT臺灣Smart,10,1,9,元大-新盛,2023-02-15,9869
00670L,富邦NASDAQ正2,9,0,9,元大-新盛,2023-02-15,9869
2314,台揚,10,1,9,元大-新盛,2023-02-15,9869
5425,台半,17,8,9,元大-新盛,2023-02-15,9869
6655,科定,9,0,9,元大-新盛,2023-02-15,9869
00637L,元大滬深300正2,584,88,496,元大-新盛,2023-02-16,9869
00878,國泰永續高股息,186,9,177,元大-新盛,2023-02-16,9869
1714,和桐,150,0,150,元大-新盛,2023-02-16,9869
00632R,元大台灣50反1,206,62,144,元大-新盛,2023-02-16,9869
00679B,元大美債20年,103,0,103,元大-新盛,2023-02-16,9869
2449,京元電子,96,1,95,元大-新盛,2023-02-16,9869
6138,茂達,61,1,60,元大-新盛,2023-02-16,9869
5483,中美晶,48,0,48,元大-新盛,2023-02-16,9869
00900,富邦特選高股息30,45,0,45,元大-新盛,2023-02-16,9869
2888,新光金,51,6,45,元大-新盛,2023-02-16,9869
6223,旺矽,40,8,32,元大-新盛,2023-02-16,9869
2201,裕隆,55,24,31,元大-新盛,2023-02-16,9869
2547,日勝生,29,0,29,元大-新盛,2023-02-16,9869
1101,台泥,39,11,28,元大-新盛,2023-02-16,9869
00720B,元大投資級公司債,25,0,25,元大-新盛,2023-02-16,9869
8201,無敵,24,0,24,元大-新盛,2023-02-16,9869
00882,中信中國高股息,42,18,24,元大-新盛,2023-02-16,9869
6443,元晶,38,15,23,元大-新盛,2023-02-16,9869
3029,零壹,22,0,22,元大-新盛,2023-02-16,9869
00891,中信關鍵半導體,31,9,22,元大-新盛,2023-02-16,9869
1314,中石化,21,0,21,元大-新盛,2023-02-16,9869
5871,中租-KY,20,0,20,元大-新盛,2023-02-16,9869
00715L,期街口布蘭特正2,20,3,17,元大-新盛,2023-02-16,9869
3479,安勤,17,1,16,元大-新盛,2023-02-16,9869
2913,農林,16,0,16,元大-新盛,2023-02-16,9869
5009,榮剛,21,5,16,元大-新盛,2023-02-16,9869
6235,華孚,44,29,15,元大-新盛,2023-02-16,9869
2637,慧洋-KY,15,0,15,元大-新盛,2023-02-16,9869
1609,大亞,48,34,14,元大-新盛,2023-02-16,9869
2204,中華,15,1,14,元大-新盛,2023-02-16,9869
6180,橘子,13,1,12,元大-新盛,2023-02-16,9869
00772B,中信高評級公司債,10,0,10,元大-新盛,2023-02-16,9869
4168,醣聯,10,0,10,元大-新盛,2023-02-16,9869
00751B,元大AAA至A公司債,10,0,10,元大-新盛,2023-02-16,9869
1219,福壽,10,0,10,元大-新盛,2023-02-16,9869
00786B,元大10年IG銀行債,10,0,10,元大-新盛,2023-02-16,9869
9938,百和,10,0,10,元大-新盛,2023-02-16,9869
5251,天鉞電,10,0,10,元大-新盛,2023-02-16,9869
4908,前鼎,10,0,10,元大-新盛,2023-02-16,9869
4968,立積,9,0,9,元大-新盛,2023-02-16,9869
00646,元大S＆P500,13,4,9,元大-新盛,2023-02-16,9869
2404,漢唐,11,2,9,元大-新盛,2023-02-16,9869
2476,鉅祥,10,2,8,元大-新盛,2023-02-16,9869
1529,樂事綠能,9,1,8,元大-新盛,2023-02-16,9869
1301,台塑,8,0,8,元大-新盛,2023-02-16,9869
8034,榮群,8,0,8,元大-新盛,2023-02-16,9869
3540,曜越,7,0,7,元大-新盛,2023-02-16,9869
00671R,富邦NASDAQ反1,7,0,7,元大-新盛,2023-02-16,9869
5015,華祺,7,0,7,元大-新盛,2023-02-16,9869
6127,九豪,7,0,7,元大-新盛,2023-02-16,9869
00665L,富邦�琤肭磪囓�2,370,20,350,元大-新盛,2023-02-17,9869
00878,國泰永續高股息,148,41,107,元大-新盛,2023-02-17,9869
2376,技嘉,103,0,103,元大-新盛,2023-02-17,9869
00679B,元大美債20年,100,1,99,元大-新盛,2023-02-17,9869
00772B,中信高評級公司債,90,2,88,元大-新盛,2023-02-17,9869
00893,國泰智能電動車,86,12,74,元大-新盛,2023-02-17,9869
6443,元晶,58,10,48,元大-新盛,2023-02-17,9869
5351,鈺創,53,10,43,元大-新盛,2023-02-17,9869
0056,元大高股息,46,9,37,元大-新盛,2023-02-17,9869
00637L,元大滬深300正2,47,11,36,元大-新盛,2023-02-17,9869
1605,華新,87,52,35,元大-新盛,2023-02-17,9869
2618,長榮航,61,30,31,元大-新盛,2023-02-17,9869
1217,愛之味,30,0,30,元大-新盛,2023-02-17,9869
00633L,富邦上証正2,30,0,30,元大-新盛,2023-02-17,9869
6283,淳安,28,1,27,元大-新盛,2023-02-17,9869
006206,元大上證50,29,2,27,元大-新盛,2023-02-17,9869
5701,劍湖山,30,3,27,元大-新盛,2023-02-17,9869
2547,日勝生,27,0,27,元大-新盛,2023-02-17,9869
2330,台積電,32,5,27,元大-新盛,2023-02-17,9869
6120,達運,21,0,21,元大-新盛,2023-02-17,9869
8043,蜜望實,24,3,21,元大-新盛,2023-02-17,9869
3051,力特,20,0,20,元大-新盛,2023-02-17,9869
3189,景碩,26,6,20,元大-新盛,2023-02-17,9869
2312,金寶,20,0,20,元大-新盛,2023-02-17,9869
2883,凱基金,31,12,19,元大-新盛,2023-02-17,9869
3006,晶豪科,17,1,16,元大-新盛,2023-02-17,9869
2208,台船,26,10,16,元大-新盛,2023-02-17,9869
3078,僑威,21,6,15,元大-新盛,2023-02-17,9869
0050,元大台灣50,33,18,15,元大-新盛,2023-02-17,9869
2609,陽明,14,1,13,元大-新盛,2023-02-17,9869
2317,鴻海,22,9,13,元大-新盛,2023-02-17,9869
2497,怡利電,13,0,13,元大-新盛,2023-02-17,9869
00751B,元大AAA至A公司債,13,0,13,元大-新盛,2023-02-17,9869
3105,穩懋,13,0,13,元大-新盛,2023-02-17,9869
3665,貿聯-KY,13,1,12,元大-新盛,2023-02-17,9869
8038,長園科,12,0,12,元大-新盛,2023-02-17,9869
00720B,元大投資級公司債,11,0,11,元大-新盛,2023-02-17,9869
6138,茂達,13,2,11,元大-新盛,2023-02-17,9869
1219,福壽,11,0,11,元大-新盛,2023-02-17,9869
3037,欣興,15,5,10,元大-新盛,2023-02-17,9869
4107,邦特,10,0,10,元大-新盛,2023-02-17,9869
2062,橋椿,10,0,10,元大-新盛,2023-02-17,9869
3605,宏致,10,0,10,元大-新盛,2023-02-17,9869
1784,訊聯,10,0,10,元大-新盛,2023-02-17,9869
00642U,期元大S＆P石油,10,0,10,元大-新盛,2023-02-17,9869
6244,茂迪,10,0,10,元大-新盛,2023-02-17,9869
1218,泰山,10,0,10,元大-新盛,2023-02-17,9869
6288,聯嘉,25,15,10,元大-新盛,2023-02-17,9869
1342,八貫,24,14,10,元大-新盛,2023-02-17,9869
8183,精星,11,1,10,元大-新盛,2023-02-17,9869
00772B,中信高評級公司債,59,0,59,元大-新盛,2023-02-20,9869
00680L,元大美債20正2,60,2,58,元大-新盛,2023-02-20,9869
1609,大亞,113,57,56,元大-新盛,2023-02-20,9869
00882,中信中國高股息,57,8,49,元大-新盛,2023-02-20,9869
2201,裕隆,49,14,35,元大-新盛,2023-02-20,9869
8234,新漢,30,0,30,元大-新盛,2023-02-20,9869
00902,中信電池及儲能,29,0,29,元大-新盛,2023-02-20,9869
1319,東陽,29,0,29,元大-新盛,2023-02-20,9869
00878,國泰永續高股息,51,23,28,元大-新盛,2023-02-20,9869
5392,能率,27,0,27,元大-新盛,2023-02-20,9869
2317,鴻海,46,20,26,元大-新盛,2023-02-20,9869
9912,偉聯,25,0,25,元大-新盛,2023-02-20,9869
1612,宏泰,20,0,20,元大-新盛,2023-02-20,9869
4128,中天,26,7,19,元大-新盛,2023-02-20,9869
6164,華興,19,0,19,元大-新盛,2023-02-20,9869
2883,凱基金,34,16,18,元大-新盛,2023-02-20,9869
3037,欣興,33,15,18,元大-新盛,2023-02-20,9869
3346,麗清,23,6,17,元大-新盛,2023-02-20,9869
6138,茂達,24,7,17,元大-新盛,2023-02-20,9869
2049,上銀,16,0,16,元大-新盛,2023-02-20,9869
8927,北基,16,0,16,元大-新盛,2023-02-20,9869
3308,聯德,14,0,14,元大-新盛,2023-02-20,9869
6285,啟��,23,9,14,元大-新盛,2023-02-20,9869
6202,盛群,13,0,13,元大-新盛,2023-02-20,9869
1529,樂事綠能,45,32,13,元大-新盛,2023-02-20,9869
2401,凌陽,15,2,13,元大-新盛,2023-02-20,9869
2913,農林,12,0,12,元大-新盛,2023-02-20,9869
6125,廣運,15,3,12,元大-新盛,2023-02-20,9869
6188,廣明,12,0,12,元大-新盛,2023-02-20,9869
3265,台星科,12,0,12,元大-新盛,2023-02-20,9869
1722,台肥,12,0,12,元大-新盛,2023-02-20,9869
2476,鉅祥,12,0,12,元大-新盛,2023-02-20,9869
3710,連展投控,12,0,12,元大-新盛,2023-02-20,9869
8261,富鼎,12,2,10,元大-新盛,2023-02-20,9869
5512,力麒,10,0,10,元大-新盛,2023-02-20,9869
2707,晶華,19,9,10,元大-新盛,2023-02-20,9869
3548,兆利,10,0,10,元大-新盛,2023-02-20,9869
2601,益航,10,0,10,元大-新盛,2023-02-20,9869
2421,建準,10,0,10,元大-新盛,2023-02-20,9869
5706,鳳凰,14,5,9,元大-新盛,2023-02-20,9869
4743,合一,20,11,9,元大-新盛,2023-02-20,9869
2340,台亞,9,0,9,元大-新盛,2023-02-20,9869
2882,國泰金,20,11,9,元大-新盛,2023-02-20,9869
00679B,元大美債20年,14,5,9,元大-新盛,2023-02-20,9869
2887,台新金,10,2,8,元大-新盛,2023-02-20,9869
00751B,元大AAA至A公司債,11,3,8,元大-新盛,2023-02-20,9869
4526,東台,18,10,8,元大-新盛,2023-02-20,9869
5321,美而快,8,0,8,元大-新盛,2023-02-20,9869
2701,萬企,7,0,7,元大-新盛,2023-02-20,9869
6541,泰福-KY,9,2,7,元大-新盛,2023-02-20,9869
2884,玉山金,406,68,338,元大-新盛,2023-02-21,9869
2618,長榮航,127,18,109,元大-新盛,2023-02-21,9869
00900,富邦特選高股息30,111,3,108,元大-新盛,2023-02-21,9869
5258,虹堡,119,13,106,元大-新盛,2023-02-21,9869
00665L,富邦�琤肭磪囓�2,160,100,60,元大-新盛,2023-02-21,9869
0055,元大MSCI金融,47,1,46,元大-新盛,2023-02-21,9869
2530,華建,40,0,40,元大-新盛,2023-02-21,9869
2882,國泰金,42,3,39,元大-新盛,2023-02-21,9869
00882,中信中國高股息,64,33,31,元大-新盛,2023-02-21,9869
6015,宏遠證,30,0,30,元大-新盛,2023-02-21,9869
3027,盛達,35,6,29,元大-新盛,2023-02-21,9869
0056,元大高股息,40,12,28,元大-新盛,2023-02-21,9869
5701,劍湖山,41,15,26,元大-新盛,2023-02-21,9869
3051,力特,32,7,25,元大-新盛,2023-02-21,9869
2457,飛宏,67,43,24,元大-新盛,2023-02-21,9869
1432,大魯閣,30,6,24,元大-新盛,2023-02-21,9869
00642U,期元大S＆P石油,23,0,23,元大-新盛,2023-02-21,9869
8358,金居,30,7,23,元大-新盛,2023-02-21,9869
4114,健喬,49,28,21,元大-新盛,2023-02-21,9869
1727,中華化,27,6,21,元大-新盛,2023-02-21,9869
4952,凌通,21,1,20,元大-新盛,2023-02-21,9869
2359,所羅門,20,0,20,元大-新盛,2023-02-21,9869
00664R,國泰臺灣加權反1,20,0,20,元大-新盛,2023-02-21,9869
00637L,元大滬深300正2,61,41,20,元大-新盛,2023-02-21,9869
8936,國統,31,12,19,元大-新盛,2023-02-21,9869
8222,寶一,42,23,19,元大-新盛,2023-02-21,9869
00885,富邦越南,30,11,19,元大-新盛,2023-02-21,9869
2891,中信金,21,2,19,元大-新盛,2023-02-21,9869
1605,華新,202,185,17,元大-新盛,2023-02-21,9869
6147,頎邦,18,2,16,元大-新盛,2023-02-21,9869
4726,永昕,16,0,16,元大-新盛,2023-02-21,9869
5488,松普,15,0,15,元大-新盛,2023-02-21,9869
00679B,元大美債20年,15,0,15,元大-新盛,2023-02-21,9869
6598,ABC-KY,14,0,14,元大-新盛,2023-02-21,9869
5512,力麒,14,0,14,元大-新盛,2023-02-21,9869
2605,新興,13,0,13,元大-新盛,2023-02-21,9869
3321,同泰,13,0,13,元大-新盛,2023-02-21,9869
00751B,元大AAA至A公司債,13,0,13,元大-新盛,2023-02-21,9869
5009,榮剛,27,15,12,元大-新盛,2023-02-21,9869
2881,富邦金,12,0,12,元大-新盛,2023-02-21,9869
2634,漢翔,28,16,12,元大-新盛,2023-02-21,9869
5392,能率,12,0,12,元大-新盛,2023-02-21,9869
3362,先進光,24,12,12,元大-新盛,2023-02-21,9869
2449,京元電子,12,1,11,元大-新盛,2023-02-21,9869
3060,銘異,10,0,10,元大-新盛,2023-02-21,9869
6257,矽格,10,0,10,元大-新盛,2023-02-21,9869
8091,翔名,10,0,10,元大-新盛,2023-02-21,9869
1503,士電,28,18,10,元大-新盛,2023-02-21,9869
00720B,元大投資級公司債,9,0,9,元大-新盛,2023-02-21,9869
2702,華園,10,1,9,元大-新盛,2023-02-21,9869
1314,中石化,153,0,153,元大-新盛,2023-02-22,9869
1519,華城,128,31,97,元大-新盛,2023-02-22,9869
00878,國泰永續高股息,103,7,96,元大-新盛,2023-02-22,9869
2332,友訊,81,0,81,元大-新盛,2023-02-22,9869
6116,彩晶,69,0,69,元大-新盛,2023-02-22,9869
2884,玉山金,90,28,62,元大-新盛,2023-02-22,9869
00632R,元大台灣50反1,134,92,42,元大-新盛,2023-02-22,9869
2425,承啟,40,0,40,元大-新盛,2023-02-22,9869
2618,長榮航,72,33,39,元大-新盛,2023-02-22,9869
00679B,元大美債20年,32,0,32,元大-新盛,2023-02-22,9869
0056,元大高股息,32,4,28,元大-新盛,2023-02-22,9869
2409,友達,99,72,27,元大-新盛,2023-02-22,9869
2834,臺企銀,28,1,27,元大-新盛,2023-02-22,9869
8234,新漢,26,0,26,元大-新盛,2023-02-22,9869
2530,華建,24,0,24,元大-新盛,2023-02-22,9869
3035,智原,25,2,23,元大-新盛,2023-02-22,9869
0050,元大台灣50,34,11,23,元大-新盛,2023-02-22,9869
00720B,元大投資級公司債,23,0,23,元大-新盛,2023-02-22,9869
2303,聯電,23,1,22,元大-新盛,2023-02-22,9869
00753L,中信中國50正2,20,0,20,元大-新盛,2023-02-22,9869
5521,工信,20,0,20,元大-新盛,2023-02-22,9869
00665L,富邦�琤肭磪囓�2,85,65,20,元大-新盛,2023-02-22,9869
3037,欣興,30,11,19,元大-新盛,2023-02-22,9869
3357,臺慶科,19,0,19,元大-新盛,2023-02-22,9869
8928,鉅明,19,0,19,元大-新盛,2023-02-22,9869
2610,華航,23,5,18,元大-新盛,2023-02-22,9869
8936,國統,35,18,17,元大-新盛,2023-02-22,9869
00712,復華富時不動產,16,0,16,元大-新盛,2023-02-22,9869
2882,國泰金,16,1,15,元大-新盛,2023-02-22,9869
4572,駐龍,15,0,15,元大-新盛,2023-02-22,9869
00751B,元大AAA至A公司債,15,0,15,元大-新盛,2023-02-22,9869
2027,大成鋼,14,1,13,元大-新盛,2023-02-22,9869
3583,辛耘,17,4,13,元大-新盛,2023-02-22,9869
1535,中宇,15,2,13,元大-新盛,2023-02-22,9869
2607,榮運,15,2,13,元大-新盛,2023-02-22,9869
2449,京元電子,13,1,12,元大-新盛,2023-02-22,9869
3034,聯詠,13,1,12,元大-新盛,2023-02-22,9869
2889,國票金,12,0,12,元大-新盛,2023-02-22,9869
2484,希華,12,0,12,元大-新盛,2023-02-22,9869
4979,華星光,14,2,12,元大-新盛,2023-02-22,9869
2472,立隆電,12,0,12,元大-新盛,2023-02-22,9869
00637L,元大滬深300正2,15,4,11,元大-新盛,2023-02-22,9869
8383,千附,11,0,11,元大-新盛,2023-02-22,9869
1503,士電,13,2,11,元大-新盛,2023-02-22,9869
2482,連宇,11,0,11,元大-新盛,2023-02-22,9869
00882,中信中國高股息,30,20,10,元大-新盛,2023-02-22,9869
2317,鴻海,26,16,10,元大-新盛,2023-02-22,9869
2731,雄獅,11,1,10,元大-新盛,2023-02-22,9869
6129,普誠,15,5,10,元大-新盛,2023-02-22,9869
3189,景碩,12,2,10,元大-新盛,2023-02-22,9869
00637L,元大滬深300正2,259,29,230,元大-新盛,2023-02-23,9869
00632R,元大台灣50反1,184,16,168,元大-新盛,2023-02-23,9869
00715L,期街口布蘭特正2,176,16,160,元大-新盛,2023-02-23,9869
2344,華邦電,138,0,138,元大-新盛,2023-02-23,9869
2883,凱基金,79,0,79,元大-新盛,2023-02-23,9869
1609,大亞,76,1,75,元大-新盛,2023-02-23,9869
00885,富邦越南,56,0,56,元大-新盛,2023-02-23,9869
5371,中光電,54,2,52,元大-新盛,2023-02-23,9869
1503,士電,63,16,47,元大-新盛,2023-02-23,9869
00642U,期元大S＆P石油,47,0,47,元大-新盛,2023-02-23,9869
3481,群創,66,22,44,元大-新盛,2023-02-23,9869
8935,邦泰,42,0,42,元大-新盛,2023-02-23,9869
2882,國泰金,41,2,39,元大-新盛,2023-02-23,9869
2409,友達,136,101,35,元大-新盛,2023-02-23,9869
6834,天二科技,35,0,35,元大-新盛,2023-02-23,9869
8227,巨有科技,32,1,31,元大-新盛,2023-02-23,9869
2605,新興,38,9,29,元大-新盛,2023-02-23,9869
2883B,凱基金乙特,28,0,28,元大-新盛,2023-02-23,9869
1721,三晃,26,0,26,元大-新盛,2023-02-23,9869
2484,希華,30,4,26,元大-新盛,2023-02-23,9869
00720B,元大投資級公司債,25,0,25,元大-新盛,2023-02-23,9869
2634,漢翔,28,7,21,元大-新盛,2023-02-23,9869
2867,三商壽,21,0,21,元大-新盛,2023-02-23,9869
5351,鈺創,26,6,20,元大-新盛,2023-02-23,9869
6026,福邦證,20,0,20,元大-新盛,2023-02-23,9869
6187,萬潤,20,0,20,元大-新盛,2023-02-23,9869
6016,康和證,20,0,20,元大-新盛,2023-02-23,9869
3047,訊舟,20,0,20,元大-新盛,2023-02-23,9869
2303,聯電,35,16,19,元大-新盛,2023-02-23,9869
4536,拓凱,40,21,19,元大-新盛,2023-02-23,9869
00712,復華富時不動產,24,8,16,元大-新盛,2023-02-23,9869
6655,科定,16,0,16,元大-新盛,2023-02-23,9869
4915,致伸,21,5,16,元大-新盛,2023-02-23,9869
3162,精確,26,11,15,元大-新盛,2023-02-23,9869
5512,力麒,25,12,13,元大-新盛,2023-02-23,9869
5009,榮剛,16,3,13,元大-新盛,2023-02-23,9869
0056,元大高股息,28,16,12,元大-新盛,2023-02-23,9869
6666,羅麗芬-KY,13,1,12,元大-新盛,2023-02-23,9869
3535,晶彩科,12,1,11,元大-新盛,2023-02-23,9869
6125,廣運,11,0,11,元大-新盛,2023-02-23,9869
1529,樂事綠能,12,1,11,元大-新盛,2023-02-23,9869
1519,華城,18,8,10,元大-新盛,2023-02-23,9869
1605,華新,20,10,10,元大-新盛,2023-02-23,9869
00905,FT臺灣Smart,10,0,10,元大-新盛,2023-02-23,9869
1201,味全,10,0,10,元大-新盛,2023-02-23,9869
1786,科妍,10,0,10,元大-新盛,2023-02-23,9869
2492,華新科,11,1,10,元大-新盛,2023-02-23,9869
2471,資通,22,12,10,元大-新盛,2023-02-23,9869
2457,飛宏,26,16,10,元大-新盛,2023-02-23,9869
2887,台新金,10,0,10,元大-新盛,2023-02-23,9869
00665L,富邦�琤肭磪囓�2,225,0,225,元大-新盛,2023-02-24,9869
2303,聯電,149,14,135,元大-新盛,2023-02-24,9869
00637L,元大滬深300正2,134,5,129,元大-新盛,2023-02-24,9869
2002,中鋼,103,0,103,元大-新盛,2023-02-24,9869
1714,和桐,60,0,60,元大-新盛,2023-02-24,9869
00882,中信中國高股息,49,0,49,元大-新盛,2023-02-24,9869
2705,六福,49,0,49,元大-新盛,2023-02-24,9869
1701,中化,47,0,47,元大-新盛,2023-02-24,9869
2498,宏達電,55,14,41,元大-新盛,2023-02-24,9869
2883,凱基金,49,12,37,元大-新盛,2023-02-24,9869
00878,國泰永續高股息,43,10,33,元大-新盛,2023-02-24,9869
6282,康舒,36,5,31,元大-新盛,2023-02-24,9869
2404,漢唐,30,0,30,元大-新盛,2023-02-24,9869
2208,台船,32,3,29,元大-新盛,2023-02-24,9869
00885,富邦越南,28,0,28,元大-新盛,2023-02-24,9869
2610,華航,37,11,26,元大-新盛,2023-02-24,9869
2618,長榮航,34,9,25,元大-新盛,2023-02-24,9869
2457,飛宏,36,12,24,元大-新盛,2023-02-24,9869
5243,乙盛-KY,23,0,23,元大-新盛,2023-02-24,9869
3037,欣興,40,19,21,元大-新盛,2023-02-24,9869
0056,元大高股息,30,9,21,元大-新盛,2023-02-24,9869
2332,友訊,21,0,21,元大-新盛,2023-02-24,9869
00631L,元大台灣50正2,22,1,21,元大-新盛,2023-02-24,9869
1524,耿鼎,21,0,21,元大-新盛,2023-02-24,9869
2834,臺企銀,24,4,20,元大-新盛,2023-02-24,9869
1447,力鵬,20,0,20,元大-新盛,2023-02-24,9869
2883B,凱基金乙特,20,0,20,元大-新盛,2023-02-24,9869
6245,立端,22,3,19,元大-新盛,2023-02-24,9869
2377,微星,21,2,19,元大-新盛,2023-02-24,9869
2324,仁寶,21,2,19,元大-新盛,2023-02-24,9869
6669,緯穎,20,2,18,元大-新盛,2023-02-24,9869
2317,鴻海,20,3,17,元大-新盛,2023-02-24,9869
00752,中信中國50,17,0,17,元大-新盛,2023-02-24,9869
4168,醣聯,16,0,16,元大-新盛,2023-02-24,9869
8936,國統,16,0,16,元大-新盛,2023-02-24,9869
1708,東鹼,15,0,15,元大-新盛,2023-02-24,9869
2607,榮運,15,0,15,元大-新盛,2023-02-24,9869
3545,敦泰,16,2,14,元大-新盛,2023-02-24,9869
2906,高林,15,3,12,元大-新盛,2023-02-24,9869
2812,台中銀,20,8,12,元大-新盛,2023-02-24,9869
2363,矽統,12,0,12,元大-新盛,2023-02-24,9869
2892,第一金,11,0,11,元大-新盛,2023-02-24,9869
4961,天鈺,16,5,11,元大-新盛,2023-02-24,9869
2337,旺宏,12,1,11,元大-新盛,2023-02-24,9869
8046,南電,11,1,10,元大-新盛,2023-02-24,9869
6531,愛普*,14,4,10,元大-新盛,2023-02-24,9869
00893,國泰智能電動車,10,0,10,元大-新盛,2023-02-24,9869
3051,力特,12,2,10,元大-新盛,2023-02-24,9869
2472,立隆電,10,0,10,元大-新盛,2023-02-24,9869
2547,日勝生,10,0,10,元大-新盛,2023-02-24,9869
2344,華邦電,101,2,99,元大-新盛,2023-03-01,9869
2618,長榮航,116,18,98,元大-新盛,2023-03-01,9869
00632R,元大台灣50反1,103,29,74,元大-新盛,2023-03-01,9869
2002,中鋼,64,2,62,元大-新盛,2023-03-01,9869
00878,國泰永續高股息,66,5,61,元大-新盛,2023-03-01,9869
2610,華航,59,2,57,元大-新盛,2023-03-01,9869
2885,元大金,62,5,57,元大-新盛,2023-03-01,9869
2915,潤泰全,54,0,54,元大-新盛,2023-03-01,9869
1524,耿鼎,55,1,54,元大-新盛,2023-03-01,9869
00885,富邦越南,41,0,41,元大-新盛,2023-03-01,9869
2890,永豐金,37,0,37,元大-新盛,2023-03-01,9869
00712,復華富時不動產,37,0,37,元大-新盛,2023-03-01,9869
2884,玉山金,39,3,36,元大-新盛,2023-03-01,9869
00772B,中信高評級公司債,35,0,35,元大-新盛,2023-03-01,9869
2892,第一金,31,0,31,元大-新盛,2023-03-01,9869
2371,大同,30,0,30,元大-新盛,2023-03-01,9869
5258,虹堡,32,3,29,元大-新盛,2023-03-01,9869
6282,康舒,57,30,27,元大-新盛,2023-03-01,9869
4915,致伸,33,7,26,元大-新盛,2023-03-01,9869
2030,彰源,24,0,24,元大-新盛,2023-03-01,9869
2883,凱基金,22,0,22,元大-新盛,2023-03-01,9869
2332,友訊,22,0,22,元大-新盛,2023-03-01,9869
1313,聯成,21,0,21,元大-新盛,2023-03-01,9869
1605,華新,227,207,20,元大-新盛,2023-03-01,9869
6196,帆宣,20,0,20,元大-新盛,2023-03-01,9869
9945,潤泰新,75,57,18,元大-新盛,2023-03-01,9869
4433,興采,21,3,18,元大-新盛,2023-03-01,9869
5704,老爺知,19,1,18,元大-新盛,2023-03-01,9869
00882,中信中國高股息,24,7,17,元大-新盛,2023-03-01,9869
8033,雷虎,18,3,15,元大-新盛,2023-03-01,9869
2637,慧洋-KY,26,11,15,元大-新盛,2023-03-01,9869
2605,新興,62,47,15,元大-新盛,2023-03-01,9869
3231,緯創,16,2,14,元大-新盛,2023-03-01,9869
4541,晟田,14,0,14,元大-新盛,2023-03-01,9869
6768,志強-KY,14,0,14,元大-新盛,2023-03-01,9869
0056,元大高股息,29,15,14,元大-新盛,2023-03-01,9869
2014,中鴻,16,2,14,元大-新盛,2023-03-01,9869
1319,東陽,16,3,13,元大-新盛,2023-03-01,9869
2912,統一超,12,0,12,元大-新盛,2023-03-01,9869
2430,燦坤,12,0,12,元大-新盛,2023-03-01,9869
1444,力麗,24,12,12,元大-新盛,2023-03-01,9869
00713,元大台灣高息低波,13,2,11,元大-新盛,2023-03-01,9869
6598,ABC-KY,11,0,11,元大-新盛,2023-03-01,9869
2425,承啟,11,0,11,元大-新盛,2023-03-01,9869
2484,希華,11,0,11,元大-新盛,2023-03-01,9869
4979,華星光,13,2,11,元大-新盛,2023-03-01,9869
2881,富邦金,11,1,10,元大-新盛,2023-03-01,9869
3322,建舜電,10,0,10,元大-新盛,2023-03-01,9869
2211,長榮鋼,10,0,10,元大-新盛,2023-03-01,9869
6834,天二科技,10,0,10,元大-新盛,2023-03-01,9869
0056,元大高股息,201,76,125,元大-新盛,2023-03-02,9869
00680L,元大美債20正2,107,0,107,元大-新盛,2023-03-02,9869
1605,華新,178,95,83,元大-新盛,2023-03-02,9869
2834,臺企銀,121,44,77,元大-新盛,2023-03-02,9869
0050,元大台灣50,90,19,71,元大-新盛,2023-03-02,9869
2337,旺宏,65,3,62,元大-新盛,2023-03-02,9869
00893,國泰智能電動車,52,0,52,元大-新盛,2023-03-02,9869
00891,中信關鍵半導體,58,7,51,元大-新盛,2023-03-02,9869
2888,新光金,46,0,46,元大-新盛,2023-03-02,9869
4147,中裕,40,1,39,元大-新盛,2023-03-02,9869
2371,大同,40,1,39,元大-新盛,2023-03-02,9869
2883,凱基金,39,2,37,元大-新盛,2023-03-02,9869
9907,統一實,38,4,34,元大-新盛,2023-03-02,9869
2605,新興,87,53,34,元大-新盛,2023-03-02,9869
00712,復華富時不動產,31,0,31,元大-新盛,2023-03-02,9869
3703,欣陸,30,0,30,元大-新盛,2023-03-02,9869
00646,元大S＆P500,33,4,29,元大-新盛,2023-03-02,9869
2641,正德,43,16,27,元大-新盛,2023-03-02,9869
6768,志強-KY,27,1,26,元大-新盛,2023-03-02,9869
00882,中信中國高股息,31,7,24,元大-新盛,2023-03-02,9869
8436,大江,24,0,24,元大-新盛,2023-03-02,9869
2002,中鋼,26,3,23,元大-新盛,2023-03-02,9869
3163,波若威,22,1,21,元大-新盛,2023-03-02,9869
2886,兆豐金,20,0,20,元大-新盛,2023-03-02,9869
00751B,元大AAA至A公司債,20,0,20,元大-新盛,2023-03-02,9869
00688L,國泰20年美債正2,20,0,20,元大-新盛,2023-03-02,9869
3322,建舜電,20,0,20,元大-新盛,2023-03-02,9869
2897,王道銀行,28,8,20,元大-新盛,2023-03-02,9869
00679B,元大美債20年,18,0,18,元大-新盛,2023-03-02,9869
4743,合一,19,2,17,元大-新盛,2023-03-02,9869
3293,鈊象,16,0,16,元大-新盛,2023-03-02,9869
00752,中信中國50,16,0,16,元大-新盛,2023-03-02,9869
4931,新盛力,16,0,16,元大-新盛,2023-03-02,9869
2885,元大金,16,0,16,元大-新盛,2023-03-02,9869
2498,宏達電,26,11,15,元大-新盛,2023-03-02,9869
00885,富邦越南,15,0,15,元大-新盛,2023-03-02,9869
00713,元大台灣高息低波,17,3,14,元大-新盛,2023-03-02,9869
2340,台亞,16,2,14,元大-新盛,2023-03-02,9869
00715L,期街口布蘭特正2,20,6,14,元大-新盛,2023-03-02,9869
2892,第一金,14,1,13,元大-新盛,2023-03-02,9869
8163,達方,13,0,13,元大-新盛,2023-03-02,9869
6531,愛普*,13,1,12,元大-新盛,2023-03-02,9869
5871,中租-KY,11,0,11,元大-新盛,2023-03-02,9869
00772B,中信高評級公司債,11,0,11,元大-新盛,2023-03-02,9869
2208,台船,11,0,11,元大-新盛,2023-03-02,9869
4744,皇將,11,0,11,元大-新盛,2023-03-02,9869
3346,麗清,14,3,11,元大-新盛,2023-03-02,9869
00637L,元大滬深300正2,16,6,10,元大-新盛,2023-03-02,9869
2884,玉山金,12,2,10,元大-新盛,2023-03-02,9869
1477,聚陽,10,0,10,元大-新盛,2023-03-02,9869
2883,凱基金,170,15,155,元大-新盛,2023-03-03,9869
2897,王道銀行,97,0,97,元大-新盛,2023-03-03,9869
00632R,元大台灣50反1,96,0,96,元大-新盛,2023-03-03,9869
00885,富邦越南,50,0,50,元大-新盛,2023-03-03,9869
00637L,元大滬深300正2,53,7,46,元大-新盛,2023-03-03,9869
2883B,凱基金乙特,33,0,33,元大-新盛,2023-03-03,9869
3265,台星科,30,2,28,元大-新盛,2023-03-03,9869
2402,毅嘉,30,3,27,元大-新盛,2023-03-03,9869
3293,鈊象,30,5,25,元大-新盛,2023-03-03,9869
2884,玉山金,24,0,24,元大-新盛,2023-03-03,9869
00655L,國泰中國A50正2,22,0,22,元大-新盛,2023-03-03,9869
2342,茂矽,21,0,21,元大-新盛,2023-03-03,9869
1605,華新,39,19,20,元大-新盛,2023-03-03,9869
8436,大江,20,0,20,元大-新盛,2023-03-03,9869
6104,創惟,21,1,20,元大-新盛,2023-03-03,9869
6125,廣運,19,0,19,元大-新盛,2023-03-03,9869
3029,零壹,21,3,18,元大-新盛,2023-03-03,9869
8476,台境*,18,0,18,元大-新盛,2023-03-03,9869
1524,耿鼎,18,0,18,元大-新盛,2023-03-03,9869
3016,嘉晶,18,0,18,元大-新盛,2023-03-03,9869
2498,宏達電,22,4,18,元大-新盛,2023-03-03,9869
00902,中信電池及儲能,17,0,17,元大-新盛,2023-03-03,9869
2444,兆勁,16,0,16,元大-新盛,2023-03-03,9869
6244,茂迪,15,0,15,元大-新盛,2023-03-03,9869
1457,宜進,16,1,15,元大-新盛,2023-03-03,9869
3051,力特,15,0,15,元大-新盛,2023-03-03,9869
00713,元大台灣高息低波,15,1,14,元大-新盛,2023-03-03,9869
1444,力麗,18,4,14,元大-新盛,2023-03-03,9869
5210,寶碩,14,0,14,元大-新盛,2023-03-03,9869
5353,台林,14,0,14,元大-新盛,2023-03-03,9869
00679B,元大美債20年,15,1,14,元大-新盛,2023-03-03,9869
00715L,期街口布蘭特正2,13,0,13,元大-新盛,2023-03-03,9869
2344,華邦電,107,96,11,元大-新盛,2023-03-03,9869
0056,元大高股息,33,22,11,元大-新盛,2023-03-03,9869
4979,華星光,15,4,11,元大-新盛,2023-03-03,9869
3491,昇達科,11,0,11,元大-新盛,2023-03-03,9869
5009,榮剛,22,12,10,元大-新盛,2023-03-03,9869
2329,華泰,11,1,10,元大-新盛,2023-03-03,9869
2606,裕民,13,3,10,元大-新盛,2023-03-03,9869
1460,宏遠,10,0,10,元大-新盛,2023-03-03,9869
1582,信錦,10,0,10,元大-新盛,2023-03-03,9869
2065,世豐,10,0,10,元大-新盛,2023-03-03,9869
1539,巨庭,10,0,10,元大-新盛,2023-03-03,9869
1314,中石化,10,0,10,元大-新盛,2023-03-03,9869
5512,力麒,10,0,10,元大-新盛,2023-03-03,9869
4930,燦星網,10,0,10,元大-新盛,2023-03-03,9869
3322,建舜電,10,0,10,元大-新盛,2023-03-03,9869
3652,精聯,10,0,10,元大-新盛,2023-03-03,9869
00648R,元大S＆P500反1,10,0,10,元大-新盛,2023-03-03,9869
6603,富強鑫,10,0,10,元大-新盛,2023-03-03,9869
00637L,元大滬深300正2,254,10,244,元大-新盛,2023-03-06,9869
00632R,元大台灣50反1,135,42,93,元大-新盛,2023-03-06,9869
2344,華邦電,96,22,74,元大-新盛,2023-03-06,9869
8033,雷虎,78,7,71,元大-新盛,2023-03-06,9869
2609,陽明,83,19,64,元大-新盛,2023-03-06,9869
3481,群創,118,56,62,元大-新盛,2023-03-06,9869
00881,國泰台灣5G+,55,9,46,元大-新盛,2023-03-06,9869
2618,長榮航,45,2,43,元大-新盛,2023-03-06,9869
00712,復華富時不動產,40,0,40,元大-新盛,2023-03-06,9869
2880,華南金,50,10,40,元大-新盛,2023-03-06,9869
1605,華新,96,57,39,元大-新盛,2023-03-06,9869
9907,統一實,40,3,37,元大-新盛,2023-03-06,9869
4155,訊映,35,0,35,元大-新盛,2023-03-06,9869
00633L,富邦上証正2,32,0,32,元大-新盛,2023-03-06,9869
2374,佳能,36,7,29,元大-新盛,2023-03-06,9869
6153,嘉聯益,30,2,28,元大-新盛,2023-03-06,9869
2610,華航,26,0,26,元大-新盛,2023-03-06,9869
2891,中信金,21,0,21,元大-新盛,2023-03-06,9869
00664R,國泰臺灣加權反1,20,0,20,元大-新盛,2023-03-06,9869
3558,神準,25,5,20,元大-新盛,2023-03-06,9869
2206,三陽工業,23,3,20,元大-新盛,2023-03-06,9869
6265,方土昶,20,0,20,元大-新盛,2023-03-06,9869
2208,台船,23,4,19,元大-新盛,2023-03-06,9869
4919,新唐,26,7,19,元大-新盛,2023-03-06,9869
3362,先進光,24,7,17,元大-新盛,2023-03-06,9869
2637,慧洋-KY,30,13,17,元大-新盛,2023-03-06,9869
00655L,國泰中國A50正2,16,0,16,元大-新盛,2023-03-06,9869
8358,金居,17,1,16,元大-新盛,2023-03-06,9869
6770,力積電,68,53,15,元大-新盛,2023-03-06,9869
00919,群益台灣精選高息,15,0,15,元大-新盛,2023-03-06,9869
9924,福興,15,0,15,元大-新盛,2023-03-06,9869
5351,鈺創,16,1,15,元大-新盛,2023-03-06,9869
6245,立端,14,0,14,元大-新盛,2023-03-06,9869
6782,視陽,13,0,13,元大-新盛,2023-03-06,9869
2380,虹光,15,3,12,元大-新盛,2023-03-06,9869
6179,亞通,12,0,12,元大-新盛,2023-03-06,9869
6227,茂綸,15,3,12,元大-新盛,2023-03-06,9869
3017,奇鋐,13,2,11,元大-新盛,2023-03-06,9869
5608,四維航,14,3,11,元大-新盛,2023-03-06,9869
1560,中砂,11,0,11,元大-新盛,2023-03-06,9869
2337,旺宏,12,1,11,元大-新盛,2023-03-06,9869
3356,奇偶,24,14,10,元大-新盛,2023-03-06,9869
00669R,國泰美國道瓊反1,10,0,10,元大-新盛,2023-03-06,9869
4551,智伸科,10,0,10,元大-新盛,2023-03-06,9869
2913,農林,10,0,10,元大-新盛,2023-03-06,9869
5512,力麒,15,5,10,元大-新盛,2023-03-06,9869
1460,宏遠,10,0,10,元大-新盛,2023-03-06,9869
8476,台境*,10,0,10,元大-新盛,2023-03-06,9869
00878,國泰永續高股息,33,23,10,元大-新盛,2023-03-06,9869
3163,波若威,10,1,9,元大-新盛,2023-03-06,9869
2409,友達,77,13,64,元大-新盛,2023-03-07,9869
00633L,富邦上証正2,75,31,44,元大-新盛,2023-03-07,9869
2609,陽明,73,30,43,元大-新盛,2023-03-07,9869
00878,國泰永續高股息,45,5,40,元大-新盛,2023-03-07,9869
2449,京元電子,40,1,39,元大-新盛,2023-03-07,9869
0056,元大高股息,124,87,37,元大-新盛,2023-03-07,9869
2634,漢翔,54,18,36,元大-新盛,2023-03-07,9869
1524,耿鼎,35,3,32,元大-新盛,2023-03-07,9869
2328,廣宇,34,4,30,元大-新盛,2023-03-07,9869
3625,西勝,27,1,26,元大-新盛,2023-03-07,9869
00673R,期元大S＆P原油反1,26,0,26,元大-新盛,2023-03-07,9869
5392,能率,24,0,24,元大-新盛,2023-03-07,9869
8927,北基,24,0,24,元大-新盛,2023-03-07,9869
00885,富邦越南,24,0,24,元大-新盛,2023-03-07,9869
6770,力積電,54,30,24,元大-新盛,2023-03-07,9869
00632R,元大台灣50反1,23,0,23,元大-新盛,2023-03-07,9869
2641,正德,22,0,22,元大-新盛,2023-03-07,9869
3481,群創,53,31,22,元大-新盛,2023-03-07,9869
2887,台新金,21,0,21,元大-新盛,2023-03-07,9869
2486,一詮,24,4,20,元大-新盛,2023-03-07,9869
1539,巨庭,20,1,19,元大-新盛,2023-03-07,9869
4919,新唐,19,1,18,元大-新盛,2023-03-07,9869
2444,兆勁,17,0,17,元大-新盛,2023-03-07,9869
6265,方土昶,16,0,16,元大-新盛,2023-03-07,9869
3059,華晶科,16,0,16,元大-新盛,2023-03-07,9869
6213,聯茂,15,0,15,元大-新盛,2023-03-07,9869
5443,均豪,15,0,15,元大-新盛,2023-03-07,9869
2405,輔信,15,0,15,元大-新盛,2023-03-07,9869
00712,復華富時不動產,15,1,14,元大-新盛,2023-03-07,9869
4105,東洋,14,0,14,元大-新盛,2023-03-07,9869
2308,台達電,17,3,14,元大-新盛,2023-03-07,9869
6441,廣錠,13,0,13,元大-新盛,2023-03-07,9869
4968,立積,15,2,13,元大-新盛,2023-03-07,9869
2618,長榮航,25,13,12,元大-新盛,2023-03-07,9869
3308,聯德,12,0,12,元大-新盛,2023-03-07,9869
5410,國眾,12,0,12,元大-新盛,2023-03-07,9869
2312,金寶,11,0,11,元大-新盛,2023-03-07,9869
00752,中信中國50,11,0,11,元大-新盛,2023-03-07,9869
6016,康和證,11,0,11,元大-新盛,2023-03-07,9869
3057,喬鼎,10,0,10,元大-新盛,2023-03-07,9869
2357,華碩,10,0,10,元大-新盛,2023-03-07,9869
6164,華興,10,0,10,元大-新盛,2023-03-07,9869
2845,遠東銀,10,0,10,元大-新盛,2023-03-07,9869
5351,鈺創,17,7,10,元大-新盛,2023-03-07,9869
6462,神盾,10,0,10,元大-新盛,2023-03-07,9869
6603,富強鑫,10,0,10,元大-新盛,2023-03-07,9869
3163,波若威,10,0,10,元大-新盛,2023-03-07,9869
3322,建舜電,10,0,10,元大-新盛,2023-03-07,9869
9924,福興,10,0,10,元大-新盛,2023-03-07,9869
2380,虹光,10,1,9,元大-新盛,2023-03-07,9869
2344,華邦電,228,9,219,元大-新盛,2023-03-08,9869
00637L,元大滬深300正2,187,1,186,元大-新盛,2023-03-08,9869
9962,有益,151,1,150,元大-新盛,2023-03-08,9869
1605,華新,124,24,100,元大-新盛,2023-03-08,9869
00631L,元大台灣50正2,86,2,84,元大-新盛,2023-03-08,9869
6285,啟��,71,1,70,元大-新盛,2023-03-08,9869
00713,元大台灣高息低波,65,0,65,元大-新盛,2023-03-08,9869
3481,群創,72,9,63,元大-新盛,2023-03-08,9869
00665L,富邦�琤肭磪囓�2,60,0,60,元大-新盛,2023-03-08,9869
6770,力積電,74,16,58,元大-新盛,2023-03-08,9869
2609,陽明,68,25,43,元大-新盛,2023-03-08,9869
2359,所羅門,61,27,34,元大-新盛,2023-03-08,9869
00752,中信中國50,32,0,32,元大-新盛,2023-03-08,9869
2462,良得電,30,0,30,元大-新盛,2023-03-08,9869
5009,榮剛,61,32,29,元大-新盛,2023-03-08,9869
2007,燁興,28,0,28,元大-新盛,2023-03-08,9869
8933,愛地雅,30,3,27,元大-新盛,2023-03-08,9869
00885,富邦越南,31,5,26,元大-新盛,2023-03-08,9869
6187,萬潤,25,0,25,元大-新盛,2023-03-08,9869
2542,興富發,25,0,25,元大-新盛,2023-03-08,9869
00712,復華富時不動產,22,0,22,元大-新盛,2023-03-08,9869
5309,系統電,23,1,22,元大-新盛,2023-03-08,9869
5880,合庫金,22,0,22,元大-新盛,2023-03-08,9869
00633L,富邦上証正2,36,15,21,元大-新盛,2023-03-08,9869
3346,麗清,23,2,21,元大-新盛,2023-03-08,9869
2371,大同,61,40,21,元大-新盛,2023-03-08,9869
3062,建漢,32,12,20,元大-新盛,2023-03-08,9869
2358,廷鑫,20,0,20,元大-新盛,2023-03-08,9869
00895,富邦未來車,20,0,20,元大-新盛,2023-03-08,9869
00664R,國泰臺灣加權反1,20,0,20,元大-新盛,2023-03-08,9869
2206,三陽工業,21,3,18,元大-新盛,2023-03-08,9869
1101,台泥,24,6,18,元大-新盛,2023-03-08,9869
2618,長榮航,24,7,17,元大-新盛,2023-03-08,9869
2731,雄獅,21,4,17,元大-新盛,2023-03-08,9869
5704,老爺知,17,0,17,元大-新盛,2023-03-08,9869
2603,長榮,24,8,16,元大-新盛,2023-03-08,9869
2851,中再保,15,0,15,元大-新盛,2023-03-08,9869
00720B,元大投資級公司債,15,0,15,元大-新盛,2023-03-08,9869
2354,鴻準,16,1,15,元大-新盛,2023-03-08,9869
5410,國眾,16,1,15,元大-新盛,2023-03-08,9869
00642U,期元大S＆P石油,17,2,15,元大-新盛,2023-03-08,9869
8016,矽創,26,12,14,元大-新盛,2023-03-08,9869
00923,群益台ESG低碳50,14,0,14,元大-新盛,2023-03-08,9869
1795,美時,28,14,14,元大-新盛,2023-03-08,9869
1701,中化,22,9,13,元大-新盛,2023-03-08,9869
6266,泰詠,13,0,13,元大-新盛,2023-03-08,9869
3033,威健,16,3,13,元大-新盛,2023-03-08,9869
2032,新鋼,13,0,13,元大-新盛,2023-03-08,9869
1785,光洋科,13,0,13,元大-新盛,2023-03-08,9869
4561,健椿,13,0,13,元大-新盛,2023-03-08,9869
00632R,元大台灣50反1,1039,4,1035,元大-新盛,2023-03-09,9869
3356,奇偶,135,29,106,元大-新盛,2023-03-09,9869
6209,今國光,101,2,99,元大-新盛,2023-03-09,9869
3481,群創,106,13,93,元大-新盛,2023-03-09,9869
2884,玉山金,85,0,85,元大-新盛,2023-03-09,9869
00878,國泰永續高股息,64,5,59,元大-新盛,2023-03-09,9869
2832,台產,48,0,48,元大-新盛,2023-03-09,9869
1609,大亞,52,4,48,元大-新盛,2023-03-09,9869
2368,金像電,51,5,46,元大-新盛,2023-03-09,9869
00637L,元大滬深300正2,59,14,45,元大-新盛,2023-03-09,9869
8215,明基材,40,0,40,元大-新盛,2023-03-09,9869
8112,至上,51,15,36,元大-新盛,2023-03-09,9869
00671R,富邦NASDAQ反1,34,0,34,元大-新盛,2023-03-09,9869
00680L,元大美債20正2,95,61,34,元大-新盛,2023-03-09,9869
6266,泰詠,57,24,33,元大-新盛,2023-03-09,9869
8222,寶一,47,16,31,元大-新盛,2023-03-09,9869
2481,強茂,31,1,30,元大-新盛,2023-03-09,9869
2312,金寶,30,0,30,元大-新盛,2023-03-09,9869
1101,台泥,29,0,29,元大-新盛,2023-03-09,9869
6443,元晶,29,2,27,元大-新盛,2023-03-09,9869
2887,台新金,26,0,26,元大-新盛,2023-03-09,9869
3027,盛達,33,9,24,元大-新盛,2023-03-09,9869
2313,華通,25,2,23,元大-新盛,2023-03-09,9869
00679B,元大美債20年,24,1,23,元大-新盛,2023-03-09,9869
2634,漢翔,110,88,22,元大-新盛,2023-03-09,9869
4540,全球傳動,21,0,21,元大-新盛,2023-03-09,9869
00642U,期元大S＆P石油,21,0,21,元大-新盛,2023-03-09,9869
3706,神達,21,0,21,元大-新盛,2023-03-09,9869
2208,台船,23,2,21,元大-新盛,2023-03-09,9869
3059,華晶科,24,4,20,元大-新盛,2023-03-09,9869
00713,元大台灣高息低波,64,44,20,元大-新盛,2023-03-09,9869
1460,宏遠,20,0,20,元大-新盛,2023-03-09,9869
2405,輔信,20,0,20,元大-新盛,2023-03-09,9869
2409,友達,32,12,20,元大-新盛,2023-03-09,9869
0056,元大高股息,44,25,19,元大-新盛,2023-03-09,9869
3029,零壹,34,15,19,元大-新盛,2023-03-09,9869
3017,奇鋐,20,2,18,元大-新盛,2023-03-09,9869
4163,鐿鈦,18,0,18,元大-新盛,2023-03-09,9869
2243,宏旭-KY,23,5,18,元大-新盛,2023-03-09,9869
00772B,中信高評級公司債,17,0,17,元大-新盛,2023-03-09,9869
2385,群光,17,0,17,元大-新盛,2023-03-09,9869
2641,正德,17,1,16,元大-新盛,2023-03-09,9869
8927,北基,17,1,16,元大-新盛,2023-03-09,9869
2359,所羅門,68,52,16,元大-新盛,2023-03-09,9869
2537,聯上發,26,10,16,元大-新盛,2023-03-09,9869
5211,蒙恬,22,7,15,元大-新盛,2023-03-09,9869
3362,先進光,34,20,14,元大-新盛,2023-03-09,9869
8016,矽創,16,2,14,元大-新盛,2023-03-09,9869
1402,遠東新,14,0,14,元大-新盛,2023-03-09,9869
3035,智原,24,10,14,元大-新盛,2023-03-09,9869
00632R,元大台灣50反1,1710,149,1561,元大-新盛,2023-03-10,9869
00878,國泰永續高股息,265,9,256,元大-新盛,2023-03-10,9869
2618,長榮航,248,9,239,元大-新盛,2023-03-10,9869
00671R,富邦NASDAQ反1,154,34,120,元大-新盛,2023-03-10,9869
5608,四維航,111,2,109,元大-新盛,2023-03-10,9869
00713,元大台灣高息低波,108,4,104,元大-新盛,2023-03-10,9869
00637L,元大滬深300正2,149,52,97,元大-新盛,2023-03-10,9869
2610,華航,118,33,85,元大-新盛,2023-03-10,9869
3481,群創,91,7,84,元大-新盛,2023-03-10,9869
2883,凱基金,70,1,69,元大-新盛,2023-03-10,9869
2547,日勝生,63,0,63,元大-新盛,2023-03-10,9869
00712,復華富時不動產,62,0,62,元大-新盛,2023-03-10,9869
1605,華新,97,36,61,元大-新盛,2023-03-10,9869
2884,玉山金,55,2,53,元大-新盛,2023-03-10,9869
6547,高端疫苗,54,1,53,元大-新盛,2023-03-10,9869
00665L,富邦�琤肭磪囓�2,100,50,50,元大-新盛,2023-03-10,9869
2634,漢翔,51,7,44,元大-新盛,2023-03-10,9869
00642U,期元大S＆P石油,43,0,43,元大-新盛,2023-03-10,9869
3673,TPK-KY,42,0,42,元大-新盛,2023-03-10,9869
2915,潤泰全,40,1,39,元大-新盛,2023-03-10,9869
8069,元太,37,2,35,元大-新盛,2023-03-10,9869
0056,元大高股息,50,15,35,元大-新盛,2023-03-10,9869
2929,淘帝-KY,50,19,31,元大-新盛,2023-03-10,9869
2888,新光金,31,0,31,元大-新盛,2023-03-10,9869
2890,永豐金,32,1,31,元大-新盛,2023-03-10,9869
5425,台半,39,9,30,元大-新盛,2023-03-10,9869
2641,正德,35,7,28,元大-新盛,2023-03-10,9869
2317,鴻海,29,2,27,元大-新盛,2023-03-10,9869
2409,友達,28,2,26,元大-新盛,2023-03-10,9869
020030,統一智慧電動車N,25,0,25,元大-新盛,2023-03-10,9869
00882,中信中國高股息,30,5,25,元大-新盛,2023-03-10,9869
2845,遠東銀,25,0,25,元大-新盛,2023-03-10,9869
2882,國泰金,25,0,25,元大-新盛,2023-03-10,9869
2885,元大金,26,1,25,元大-新盛,2023-03-10,9869
2449,京元電子,70,46,24,元大-新盛,2023-03-10,9869
6770,力積電,27,4,23,元大-新盛,2023-03-10,9869
8222,寶一,29,7,22,元大-新盛,2023-03-10,9869
1503,士電,21,0,21,元大-新盛,2023-03-10,9869
2834,臺企銀,24,3,21,元大-新盛,2023-03-10,9869
0050,元大台灣50,32,11,21,元大-新盛,2023-03-10,9869
8927,北基,42,22,20,元大-新盛,2023-03-10,9869
1447,力鵬,20,0,20,元大-新盛,2023-03-10,9869
3356,奇偶,40,20,20,元大-新盛,2023-03-10,9869
00923,群益台ESG低碳50,19,0,19,元大-新盛,2023-03-10,9869
2344,華邦電,52,33,19,元大-新盛,2023-03-10,9869
2887,台新金,19,0,19,元大-新盛,2023-03-10,9869
5871,中租-KY,20,1,19,元大-新盛,2023-03-10,9869
3712,永崴投控,45,27,18,元大-新盛,2023-03-10,9869
6274,台燿,19,2,17,元大-新盛,2023-03-10,9869
6116,彩晶,17,0,17,元大-新盛,2023-03-10,9869
2888,新光金,597,0,597,元大-新盛,2023-03-13,9869
00878,國泰永續高股息,201,34,167,元大-新盛,2023-03-13,9869
00632R,元大台灣50反1,309,147,162,元大-新盛,2023-03-13,9869
4541,晟田,80,0,80,元大-新盛,2023-03-13,9869
00923,群益台ESG低碳50,80,0,80,元大-新盛,2023-03-13,9869
6753,龍德造船,72,0,72,元大-新盛,2023-03-13,9869
00680L,元大美債20正2,64,1,63,元大-新盛,2023-03-13,9869
2884,玉山金,56,7,49,元大-新盛,2023-03-13,9869
00671R,富邦NASDAQ反1,52,3,49,元大-新盛,2023-03-13,9869
8112,至上,48,3,45,元大-新盛,2023-03-13,9869
6266,泰詠,40,0,40,元大-新盛,2023-03-13,9869
00713,元大台灣高息低波,68,30,38,元大-新盛,2023-03-13,9869
2890,永豐金,35,0,35,元大-新盛,2023-03-13,9869
2388,威盛,35,5,30,元大-新盛,2023-03-13,9869
1806,冠軍,30,0,30,元大-新盛,2023-03-13,9869
3049,精金,30,2,28,元大-新盛,2023-03-13,9869
00712,復華富時不動產,26,5,21,元大-新盛,2023-03-13,9869
2885,元大金,21,0,21,元大-新盛,2023-03-13,9869
00679B,元大美債20年,34,15,19,元大-新盛,2023-03-13,9869
0056,元大高股息,87,68,19,元大-新盛,2023-03-13,9869
00752,中信中國50,18,0,18,元大-新盛,2023-03-13,9869
2915,潤泰全,19,2,17,元大-新盛,2023-03-13,9869
2888A,新光金甲特,16,0,16,元大-新盛,2023-03-13,9869
2607,榮運,16,0,16,元大-新盛,2023-03-13,9869
2891,中信金,20,5,15,元大-新盛,2023-03-13,9869
4306,炎洲,15,0,15,元大-新盛,2023-03-13,9869
5425,台半,18,3,15,元大-新盛,2023-03-13,9869
2609,陽明,97,82,15,元大-新盛,2023-03-13,9869
6122,擎邦,21,7,14,元大-新盛,2023-03-13,9869
1316,上曜,19,5,14,元大-新盛,2023-03-13,9869
2606,裕民,15,1,14,元大-新盛,2023-03-13,9869
6770,力積電,16,3,13,元大-新盛,2023-03-13,9869
9105,泰金寶-DR,13,0,13,元大-新盛,2023-03-13,9869
3038,全台,12,0,12,元大-新盛,2023-03-13,9869
6841,長佳智能,14,2,12,元大-新盛,2023-03-13,9869
2409,友達,11,0,11,元大-新盛,2023-03-13,9869
3058,立德,11,0,11,元大-新盛,2023-03-13,9869
8476,台境*,11,0,11,元大-新盛,2023-03-13,9869
3162,精確,19,8,11,元大-新盛,2023-03-13,9869
2547,日勝生,11,0,11,元大-新盛,2023-03-13,9869
2882,國泰金,12,2,10,元大-新盛,2023-03-13,9869
00720B,元大投資級公司債,12,2,10,元大-新盛,2023-03-13,9869
2618,長榮航,16,6,10,元大-新盛,2023-03-13,9869
2312,金寶,10,0,10,元大-新盛,2023-03-13,9869
6581,鋼聯,10,0,10,元大-新盛,2023-03-13,9869
2497,怡利電,12,2,10,元大-新盛,2023-03-13,9869
1447,力鵬,10,0,10,元大-新盛,2023-03-13,9869
3128,昇銳,24,14,10,元大-新盛,2023-03-13,9869
1460,宏遠,10,0,10,元大-新盛,2023-03-13,9869
3047,訊舟,10,0,10,元大-新盛,2023-03-13,9869
3481,群創,1043,30,1013,元大-新盛,2023-03-14,9869
00878,國泰永續高股息,346,17,329,元大-新盛,2023-03-14,9869
6235,華孚,140,54,86,元大-新盛,2023-03-14,9869
2344,華邦電,82,3,79,元大-新盛,2023-03-14,9869
2891,中信金,63,1,62,元大-新盛,2023-03-14,9869
2618,長榮航,67,5,62,元大-新盛,2023-03-14,9869
2530,華建,58,0,58,元大-新盛,2023-03-14,9869
00642U,期元大S＆P石油,57,0,57,元大-新盛,2023-03-14,9869
0056,元大高股息,114,57,57,元大-新盛,2023-03-14,9869
2885,元大金,94,38,56,元大-新盛,2023-03-14,9869
2888,新光金,51,3,48,元大-新盛,2023-03-14,9869
00882,中信中國高股息,99,55,44,元大-新盛,2023-03-14,9869
2610,華航,51,7,44,元大-新盛,2023-03-14,9869
00665L,富邦�琤肭磪囓�2,47,6,41,元大-新盛,2023-03-14,9869
2884,玉山金,38,0,38,元大-新盛,2023-03-14,9869
2547,日勝生,36,0,36,元大-新盛,2023-03-14,9869
00712,復華富時不動產,35,0,35,元大-新盛,2023-03-14,9869
0050,元大台灣50,57,22,35,元大-新盛,2023-03-14,9869
2409,友達,39,7,32,元大-新盛,2023-03-14,9869
2027,大成鋼,71,40,31,元大-新盛,2023-03-14,9869
4128,中天,30,0,30,元大-新盛,2023-03-14,9869
2897,王道銀行,30,0,30,元大-新盛,2023-03-14,9869
2887,台新金,29,0,29,元大-新盛,2023-03-14,9869
2303,聯電,30,2,28,元大-新盛,2023-03-14,9869
2355,敬鵬,30,2,28,元大-新盛,2023-03-14,9869
2615,萬海,35,8,27,元大-新盛,2023-03-14,9869
2211,長榮鋼,27,0,27,元大-新盛,2023-03-14,9869
00713,元大台灣高息低波,27,1,26,元大-新盛,2023-03-14,9869
3624,光頡,30,4,26,元大-新盛,2023-03-14,9869
2359,所羅門,27,1,26,元大-新盛,2023-03-14,9869
2834,臺企銀,26,1,25,元大-新盛,2023-03-14,9869
00715L,期街口布蘭特正2,24,0,24,元大-新盛,2023-03-14,9869
00885,富邦越南,32,11,21,元大-新盛,2023-03-14,9869
00771,元大US高息特別股,20,0,20,元大-新盛,2023-03-14,9869
00752,中信中國50,19,0,19,元大-新盛,2023-03-14,9869
00655L,國泰中國A50正2,18,0,18,元大-新盛,2023-03-14,9869
5880,合庫金,17,0,17,元大-新盛,2023-03-14,9869
5871,中租-KY,21,5,16,元大-新盛,2023-03-14,9869
2360,致茂,15,0,15,元大-新盛,2023-03-14,9869
00720B,元大投資級公司債,15,0,15,元大-新盛,2023-03-14,9869
1519,華城,17,2,15,元大-新盛,2023-03-14,9869
00646,元大S＆P500,14,0,14,元大-新盛,2023-03-14,9869
00923,群益台ESG低碳50,15,1,14,元大-新盛,2023-03-14,9869
8476,台境*,14,0,14,元大-新盛,2023-03-14,9869
2498,宏達電,17,4,13,元大-新盛,2023-03-14,9869
00893,國泰智能電動車,19,6,13,元大-新盛,2023-03-14,9869
8249,菱光,13,0,13,元大-新盛,2023-03-14,9869
2399,映泰,17,4,13,元大-新盛,2023-03-14,9869
1504,東元,17,4,13,元大-新盛,2023-03-14,9869
00772B,中信高評級公司債,14,1,13,元大-新盛,2023-03-14,9869
00632R,元大台灣50反1,1342,20,1322,元大-新盛,2023-03-15,9869
3481,群創,209,5,204,元大-新盛,2023-03-15,9869
2881,富邦金,106,0,106,元大-新盛,2023-03-15,9869
2891,中信金,105,17,88,元大-新盛,2023-03-15,9869
00878,國泰永續高股息,88,0,88,元大-新盛,2023-03-15,9869
2603,長榮,150,100,50,元大-新盛,2023-03-15,9869
2880,華南金,49,0,49,元大-新盛,2023-03-15,9869
00720B,元大投資級公司債,47,0,47,元大-新盛,2023-03-15,9869
3447,展達,47,0,47,元大-新盛,2023-03-15,9869
00679B,元大美債20年,47,2,45,元大-新盛,2023-03-15,9869
3322,建舜電,40,0,40,元大-新盛,2023-03-15,9869
00642U,期元大S＆P石油,36,0,36,元大-新盛,2023-03-15,9869
1609,大亞,51,15,36,元大-新盛,2023-03-15,9869
1584,精剛,32,0,32,元大-新盛,2023-03-15,9869
4533,協易機,30,0,30,元大-新盛,2023-03-15,9869
9919,康那香,30,0,30,元大-新盛,2023-03-15,9869
2888,新光金,28,0,28,元大-新盛,2023-03-15,9869
5880,合庫金,25,0,25,元大-新盛,2023-03-15,9869
00715L,期街口布蘭特正2,25,0,25,元大-新盛,2023-03-15,9869
3034,聯詠,29,8,21,元大-新盛,2023-03-15,9869
2887,台新金,27,7,20,元大-新盛,2023-03-15,9869
4960,誠美材,20,0,20,元大-新盛,2023-03-15,9869
2634,漢翔,37,17,20,元大-新盛,2023-03-15,9869
2882,國泰金,20,0,20,元大-新盛,2023-03-15,9869
00648R,元大S＆P500反1,19,0,19,元大-新盛,2023-03-15,9869
2609,陽明,56,38,18,元大-新盛,2023-03-15,9869
2359,所羅門,17,0,17,元大-新盛,2023-03-15,9869
1314,中石化,23,6,17,元大-新盛,2023-03-15,9869
3712,永崴投控,22,5,17,元大-新盛,2023-03-15,9869
2889,國票金,30,14,16,元大-新盛,2023-03-15,9869
3710,連展投控,15,0,15,元大-新盛,2023-03-15,9869
00713,元大台灣高息低波,15,1,14,元大-新盛,2023-03-15,9869
2636,台驊控股,14,1,13,元大-新盛,2023-03-15,9869
2208,台船,13,0,13,元大-新盛,2023-03-15,9869
8215,明基材,15,2,13,元大-新盛,2023-03-15,9869
3211,順達,13,0,13,元大-新盛,2023-03-15,9869
9907,統一實,13,0,13,元大-新盛,2023-03-15,9869
2324,仁寶,33,20,13,元大-新盛,2023-03-15,9869
6224,聚鼎,12,0,12,元大-新盛,2023-03-15,9869
2641,正德,14,2,12,元大-新盛,2023-03-15,9869
2211,長榮鋼,12,0,12,元大-新盛,2023-03-15,9869
3380,明泰,12,1,11,元大-新盛,2023-03-15,9869
4129,聯合,11,0,11,元大-新盛,2023-03-15,9869
00902,中信電池及儲能,11,0,11,元大-新盛,2023-03-15,9869
00712,復華富時不動產,11,0,11,元大-新盛,2023-03-15,9869
2890,永豐金,13,2,11,元大-新盛,2023-03-15,9869
6285,啟��,16,6,10,元大-新盛,2023-03-15,9869
8110,華東,10,0,10,元大-新盛,2023-03-15,9869
5014,建錩,10,0,10,元大-新盛,2023-03-15,9869
2108,南帝,14,4,10,元大-新盛,2023-03-15,9869
2891,中信金,172,2,170,元大-新盛,2023-03-16,9869
2883,凱基金,139,12,127,元大-新盛,2023-03-16,9869
00772B,中信高評級公司債,151,37,114,元大-新盛,2023-03-16,9869
00679B,元大美債20年,94,5,89,元大-新盛,2023-03-16,9869
00632R,元大台灣50反1,684,595,89,元大-新盛,2023-03-16,9869
2834,臺企銀,281,194,87,元大-新盛,2023-03-16,9869
00720B,元大投資級公司債,104,19,85,元大-新盛,2023-03-16,9869
00715L,期街口布蘭特正2,101,24,77,元大-新盛,2023-03-16,9869
2603,長榮,98,23,75,元大-新盛,2023-03-16,9869
6266,泰詠,74,1,73,元大-新盛,2023-03-16,9869
00878,國泰永續高股息,139,76,63,元大-新盛,2023-03-16,9869
2887,台新金,63,3,60,元大-新盛,2023-03-16,9869
00642U,期元大S＆P石油,60,0,60,元大-新盛,2023-03-16,9869
2547,日勝生,58,0,58,元大-新盛,2023-03-16,9869
4306,炎洲,61,16,45,元大-新盛,2023-03-16,9869
0050,元大台灣50,55,12,43,元大-新盛,2023-03-16,9869
6244,茂迪,47,11,36,元大-新盛,2023-03-16,9869
2915,潤泰全,28,1,27,元大-新盛,2023-03-16,9869
4168,醣聯,26,0,26,元大-新盛,2023-03-16,9869
00765B,群益中國政金債,25,0,25,元大-新盛,2023-03-16,9869
2610,華航,53,28,25,元大-新盛,2023-03-16,9869
3056,富華新,30,6,24,元大-新盛,2023-03-16,9869
0056,元大高股息,91,67,24,元大-新盛,2023-03-16,9869
1611,中電,34,12,22,元大-新盛,2023-03-16,9869
2886,兆豐金,24,2,22,元大-新盛,2023-03-16,9869
2404,漢唐,20,0,20,元大-新盛,2023-03-16,9869
2634,漢翔,55,35,20,元大-新盛,2023-03-16,9869
00882,中信中國高股息,20,0,20,元大-新盛,2023-03-16,9869
2867,三商壽,20,0,20,元大-新盛,2023-03-16,9869
2368,金像電,20,0,20,元大-新盛,2023-03-16,9869
4533,協易機,20,0,20,元大-新盛,2023-03-16,9869
00650L,復華香港正2,20,0,20,元大-新盛,2023-03-16,9869
2852,第一保,18,0,18,元大-新盛,2023-03-16,9869
3033,威健,20,2,18,元大-新盛,2023-03-16,9869
5283,禾聯碩,17,0,17,元大-新盛,2023-03-16,9869
2890,永豐金,19,3,16,元大-新盛,2023-03-16,9869
2881,富邦金,20,5,15,元大-新盛,2023-03-16,9869
2023,燁輝,17,2,15,元大-新盛,2023-03-16,9869
3703,欣陸,15,0,15,元大-新盛,2023-03-16,9869
1609,大亞,14,0,14,元大-新盛,2023-03-16,9869
3062,建漢,14,0,14,元大-新盛,2023-03-16,9869
2618,長榮航,28,14,14,元大-新盛,2023-03-16,9869
2615,萬海,21,8,13,元大-新盛,2023-03-16,9869
2206,三陽工業,15,2,13,元大-新盛,2023-03-16,9869
3093,港建*,15,3,12,元大-新盛,2023-03-16,9869
1584,精剛,12,0,12,元大-新盛,2023-03-16,9869
3027,盛達,19,7,12,元大-新盛,2023-03-16,9869
00713,元大台灣高息低波,22,10,12,元大-新盛,2023-03-16,9869
6153,嘉聯益,11,0,11,元大-新盛,2023-03-16,9869
6753,龍德造船,11,0,11,元大-新盛,2023-03-16,9869
2881,富邦金,113,0,113,元大-新盛,2023-03-17,9869
4306,炎洲,152,40,112,元大-新盛,2023-03-17,9869
00713,元大台灣高息低波,84,0,84,元大-新盛,2023-03-17,9869
2891,中信金,53,0,53,元大-新盛,2023-03-17,9869
2834,臺企銀,62,15,47,元大-新盛,2023-03-17,9869
2609,陽明,47,9,38,元大-新盛,2023-03-17,9869
00680L,元大美債20正2,35,0,35,元大-新盛,2023-03-17,9869
2885,元大金,32,0,32,元大-新盛,2023-03-17,9869
00673R,期元大S＆P原油反1,30,0,30,元大-新盛,2023-03-17,9869
2641,正德,33,3,30,元大-新盛,2023-03-17,9869
1802,台玻,31,3,28,元大-新盛,2023-03-17,9869
6274,台燿,30,2,28,元大-新盛,2023-03-17,9869
00751B,元大AAA至A公司債,27,0,27,元大-新盛,2023-03-17,9869
2618,長榮航,35,9,26,元大-新盛,2023-03-17,9869
00902,中信電池及儲能,25,0,25,元大-新盛,2023-03-17,9869
4155,訊映,25,0,25,元大-新盛,2023-03-17,9869
00664R,國泰臺灣加權反1,22,0,22,元大-新盛,2023-03-17,9869
9904,寶成,21,0,21,元大-新盛,2023-03-17,9869
00878,國泰永續高股息,25,5,20,元大-新盛,2023-03-17,9869
3290,東浦,20,0,20,元大-新盛,2023-03-17,9869
2882,國泰金,19,0,19,元大-新盛,2023-03-17,9869
2884,玉山金,22,4,18,元大-新盛,2023-03-17,9869
2634,漢翔,24,6,18,元大-新盛,2023-03-17,9869
2890,永豐金,16,0,16,元大-新盛,2023-03-17,9869
5483,中美晶,19,3,16,元大-新盛,2023-03-17,9869
00715L,期街口布蘭特正2,15,0,15,元大-新盛,2023-03-17,9869
2637,慧洋-KY,22,7,15,元大-新盛,2023-03-17,9869
2204,中華,15,0,15,元大-新盛,2023-03-17,9869
00720B,元大投資級公司債,13,0,13,元大-新盛,2023-03-17,9869
4934,太極,15,2,13,元大-新盛,2023-03-17,9869
8084,巨虹,13,0,13,元大-新盛,2023-03-17,9869
3062,建漢,13,0,13,元大-新盛,2023-03-17,9869
1907,永豐餘,13,0,13,元大-新盛,2023-03-17,9869
2603,長榮,21,9,12,元大-新盛,2023-03-17,9869
8016,矽創,16,4,12,元大-新盛,2023-03-17,9869
8358,金居,12,0,12,元大-新盛,2023-03-17,9869
00885,富邦越南,12,0,12,元大-新盛,2023-03-17,9869
00882,中信中國高股息,24,12,12,元大-新盛,2023-03-17,9869
6129,普誠,12,0,12,元大-新盛,2023-03-17,9869
2547,日勝生,12,0,12,元大-新盛,2023-03-17,9869
00772B,中信高評級公司債,14,3,11,元大-新盛,2023-03-17,9869
3056,富華新,26,15,11,元大-新盛,2023-03-17,9869
1104,環泥,10,0,10,元大-新盛,2023-03-17,9869
1611,中電,23,13,10,元大-新盛,2023-03-17,9869
2208,台船,20,10,10,元大-新盛,2023-03-17,9869
2883B,凱基金乙特,10,0,10,元大-新盛,2023-03-17,9869
2385,群光,10,0,10,元大-新盛,2023-03-17,9869
00687B,國泰20年美債,10,0,10,元大-新盛,2023-03-17,9869
00688L,國泰20年美債正2,10,0,10,元大-新盛,2023-03-17,9869
1721,三晃,10,0,10,元大-新盛,2023-03-17,9869
00878,國泰永續高股息,133,1,132,元大-新盛,2023-03-20,9869
00679B,元大美債20年,133,16,117,元大-新盛,2023-03-20,9869
00637L,元大滬深300正2,127,15,112,元大-新盛,2023-03-20,9869
00665L,富邦�琤肭磪囓�2,120,20,100,元大-新盛,2023-03-20,9869
3029,零壹,125,35,90,元大-新盛,2023-03-20,9869
2883,凱基金,77,5,72,元大-新盛,2023-03-20,9869
2891,中信金,81,9,72,元大-新盛,2023-03-20,9869
2888,新光金,53,0,53,元大-新盛,2023-03-20,9869
6244,茂迪,129,77,52,元大-新盛,2023-03-20,9869
00642U,期元大S＆P石油,46,0,46,元大-新盛,2023-03-20,9869
3481,群創,46,1,45,元大-新盛,2023-03-20,9869
2915,潤泰全,41,1,40,元大-新盛,2023-03-20,9869
2103,台橡,40,0,40,元大-新盛,2023-03-20,9869
1605,華新,40,3,37,元大-新盛,2023-03-20,9869
4739,康普,35,0,35,元大-新盛,2023-03-20,9869
00882,中信中國高股息,34,0,34,元大-新盛,2023-03-20,9869
6164,華興,30,0,30,元大-新盛,2023-03-20,9869
2834,臺企銀,35,7,28,元大-新盛,2023-03-20,9869
4306,炎洲,29,2,27,元大-新盛,2023-03-20,9869
00715L,期街口布蘭特正2,80,55,25,元大-新盛,2023-03-20,9869
2495,普安,25,0,25,元大-新盛,2023-03-20,9869
00632R,元大台灣50反1,27,3,24,元大-新盛,2023-03-20,9869
2427,三商電,21,0,21,元大-新盛,2023-03-20,9869
00885,富邦越南,38,18,20,元大-新盛,2023-03-20,9869
00881,國泰台灣5G+,20,0,20,元大-新盛,2023-03-20,9869
00650L,復華香港正2,20,0,20,元大-新盛,2023-03-20,9869
00680L,元大美債20正2,55,35,20,元大-新盛,2023-03-20,9869
2409,友達,20,0,20,元大-新盛,2023-03-20,9869
2882,國泰金,32,13,19,元大-新盛,2023-03-20,9869
9945,潤泰新,54,35,19,元大-新盛,2023-03-20,9869
8936,國統,19,1,18,元大-新盛,2023-03-20,9869
2471,資通,61,44,17,元大-新盛,2023-03-20,9869
3419,譁裕,15,0,15,元大-新盛,2023-03-20,9869
00751B,元大AAA至A公司債,22,7,15,元大-新盛,2023-03-20,9869
00888,永豐台灣ESG,14,0,14,元大-新盛,2023-03-20,9869
5880,合庫金,13,0,13,元大-新盛,2023-03-20,9869
00633L,富邦上証正2,53,40,13,元大-新盛,2023-03-20,9869
8028,昇陽半導體,15,2,13,元大-新盛,2023-03-20,9869
00712,復華富時不動產,12,0,12,元大-新盛,2023-03-20,9869
2303,聯電,17,6,11,元大-新盛,2023-03-20,9869
00720B,元大投資級公司債,19,8,11,元大-新盛,2023-03-20,9869
1321,大洋,10,0,10,元大-新盛,2023-03-20,9869
5410,國眾,10,0,10,元大-新盛,2023-03-20,9869
6530,創威,10,0,10,元大-新盛,2023-03-20,9869
00688L,國泰20年美債正2,10,0,10,元大-新盛,2023-03-20,9869
3272,東碩,12,2,10,元大-新盛,2023-03-20,9869
00830,國泰費城半導體,10,1,9,元大-新盛,2023-03-20,9869
2892,第一金,9,0,9,元大-新盛,2023-03-20,9869
3038,全台,9,0,9,元大-新盛,2023-03-20,9869
2603,長榮,33,25,8,元大-新盛,2023-03-20,9869
4306,炎洲,150,1,149,元大-新盛,2023-03-21,9869
00679B,元大美債20年,94,0,94,元大-新盛,2023-03-21,9869
00664R,國泰臺灣加權反1,80,0,80,元大-新盛,2023-03-21,9869
2891,中信金,70,0,70,元大-新盛,2023-03-21,9869
0056,元大高股息,60,5,55,元大-新盛,2023-03-21,9869
6147,頎邦,50,0,50,元大-新盛,2023-03-21,9869
00885,富邦越南,50,6,44,元大-新盛,2023-03-21,9869
00680L,元大美債20正2,42,0,42,元大-新盛,2023-03-21,9869
2915,潤泰全,33,0,33,元大-新盛,2023-03-21,9869
6216,居易,33,0,33,元大-新盛,2023-03-21,9869
2884,玉山金,30,0,30,元大-新盛,2023-03-21,9869
2618,長榮航,30,1,29,元大-新盛,2023-03-21,9869
8222,寶一,36,8,28,元大-新盛,2023-03-21,9869
0050,元大台灣50,34,8,26,元大-新盛,2023-03-21,9869
3545,敦泰,27,2,25,元大-新盛,2023-03-21,9869
4915,致伸,25,0,25,元大-新盛,2023-03-21,9869
5328,華容,25,0,25,元大-新盛,2023-03-21,9869
2634,漢翔,26,4,22,元大-新盛,2023-03-21,9869
00891,中信關鍵半導體,37,16,21,元大-新盛,2023-03-21,9869
00878,國泰永續高股息,28,7,21,元大-新盛,2023-03-21,9869
00665L,富邦�琤肭磪囓�2,20,0,20,元大-新盛,2023-03-21,9869
9929,秋雨,20,0,20,元大-新盛,2023-03-21,9869
2495,普安,20,1,19,元大-新盛,2023-03-21,9869
2630,亞航,18,0,18,元大-新盛,2023-03-21,9869
2344,華邦電,20,2,18,元大-新盛,2023-03-21,9869
00882,中信中國高股息,25,7,18,元大-新盛,2023-03-21,9869
00713,元大台灣高息低波,16,0,16,元大-新盛,2023-03-21,9869
1514,亞力,16,0,16,元大-新盛,2023-03-21,9869
2002,中鋼,17,1,16,元大-新盛,2023-03-21,9869
2890,永豐金,38,23,15,元大-新盛,2023-03-21,9869
9939,宏全,15,0,15,元大-新盛,2023-03-21,9869
5452,佶優,17,2,15,元大-新盛,2023-03-21,9869
3265,台星科,26,12,14,元大-新盛,2023-03-21,9869
2065,世豐,14,0,14,元大-新盛,2023-03-21,9869
1603,華電,17,3,14,元大-新盛,2023-03-21,9869
2027,大成鋼,13,0,13,元大-新盛,2023-03-21,9869
1605,華新,25,12,13,元大-新盛,2023-03-21,9869
2342,茂矽,22,10,12,元大-新盛,2023-03-21,9869
00646,元大S＆P500,13,1,12,元大-新盛,2023-03-21,9869
8059,凱碩,12,0,12,元大-新盛,2023-03-21,9869
3217,優群,13,1,12,元大-新盛,2023-03-21,9869
2610,華航,11,0,11,元大-新盛,2023-03-21,9869
1584,精剛,15,4,11,元大-新盛,2023-03-21,9869
2486,一詮,12,1,11,元大-新盛,2023-03-21,9869
5536,聖暉*,11,0,11,元大-新盛,2023-03-21,9869
2453,凌群,27,16,11,元大-新盛,2023-03-21,9869
6288,聯嘉,10,0,10,元大-新盛,2023-03-21,9869
2820,華票,10,0,10,元大-新盛,2023-03-21,9869
1709,和益,10,0,10,元大-新盛,2023-03-21,9869
1529,樂事綠能,11,1,10,元大-新盛,2023-03-21,9869
00632R,元大台灣50反1,245,78,167,元大-新盛,2023-03-22,9869
00772B,中信高評級公司債,155,0,155,元大-新盛,2023-03-22,9869
1605,華新,146,3,143,元大-新盛,2023-03-22,9869
1504,東元,169,55,114,元大-新盛,2023-03-22,9869
2882,國泰金,111,1,110,元大-新盛,2023-03-22,9869
1513,中興電,107,1,106,元大-新盛,2023-03-22,9869
2498,宏達電,102,13,89,元大-新盛,2023-03-22,9869
1603,華電,78,0,78,元大-新盛,2023-03-22,9869
00679B,元大美債20年,67,0,67,元大-新盛,2023-03-22,9869
00664R,國泰臺灣加權反1,50,0,50,元大-新盛,2023-03-22,9869
3013,晟銘電,48,1,47,元大-新盛,2023-03-22,9869
00680L,元大美債20正2,97,55,42,元大-新盛,2023-03-22,9869
6244,茂迪,37,5,32,元大-新盛,2023-03-22,9869
3376,新日興,30,0,30,元大-新盛,2023-03-22,9869
6285,啟��,30,0,30,元大-新盛,2023-03-22,9869
3374,精材,33,3,30,元大-新盛,2023-03-22,9869
3038,全台,39,11,28,元大-新盛,2023-03-22,9869
00885,富邦越南,52,24,28,元大-新盛,2023-03-22,9869
2482,連宇,57,29,28,元大-新盛,2023-03-22,9869
2880,華南金,25,0,25,元大-新盛,2023-03-22,9869
2915,潤泰全,24,0,24,元大-新盛,2023-03-22,9869
3058,立德,24,1,23,元大-新盛,2023-03-22,9869
6662,樂斯科,23,0,23,元大-新盛,2023-03-22,9869
2317,鴻海,23,0,23,元大-新盛,2023-03-22,9869
3056,富華新,25,4,21,元大-新盛,2023-03-22,9869
2891,中信金,24,3,21,元大-新盛,2023-03-22,9869
2851,中再保,20,0,20,元大-新盛,2023-03-22,9869
3059,華晶科,25,7,18,元大-新盛,2023-03-22,9869
1589,永冠-KY,20,2,18,元大-新盛,2023-03-22,9869
4950,牧東,20,2,18,元大-新盛,2023-03-22,9869
3576,聯合再生,17,0,17,元大-新盛,2023-03-22,9869
9910,豐泰,16,0,16,元大-新盛,2023-03-22,9869
4739,康普,17,1,16,元大-新盛,2023-03-22,9869
2884,玉山金,34,18,16,元大-新盛,2023-03-22,9869
1101,台泥,18,2,16,元大-新盛,2023-03-22,9869
2731,雄獅,17,2,15,元大-新盛,2023-03-22,9869
3021,鴻名,15,0,15,元大-新盛,2023-03-22,9869
00751B,元大AAA至A公司債,15,0,15,元大-新盛,2023-03-22,9869
4934,太極,14,0,14,元大-新盛,2023-03-22,9869
2834,臺企銀,15,1,14,元大-新盛,2023-03-22,9869
8996,高力,22,9,13,元大-新盛,2023-03-22,9869
6290,良維,27,14,13,元大-新盛,2023-03-22,9869
3162,精確,20,7,13,元大-新盛,2023-03-22,9869
8044,網家,13,1,12,元大-新盛,2023-03-22,9869
00795B,中信美國公債20年,12,0,12,元大-新盛,2023-03-22,9869
2453,凌群,26,15,11,元大-新盛,2023-03-22,9869
2892,第一金,11,0,11,元大-新盛,2023-03-22,9869
00923,群益台ESG低碳50,10,0,10,元大-新盛,2023-03-22,9869
3434,哲固,10,0,10,元大-新盛,2023-03-22,9869
6235,華孚,14,4,10,元大-新盛,2023-03-22,9869
00642U,期元大S＆P石油,144,7,137,元大-新盛,2023-03-23,9869
00632R,元大台灣50反1,391,285,106,元大-新盛,2023-03-23,9869
00720B,元大投資級公司債,64,0,64,元大-新盛,2023-03-23,9869
3051,力特,55,0,55,元大-新盛,2023-03-23,9869
3013,晟銘電,53,1,52,元大-新盛,2023-03-23,9869
00772B,中信高評級公司債,51,0,51,元大-新盛,2023-03-23,9869
00878,國泰永續高股息,72,22,50,元大-新盛,2023-03-23,9869
00751B,元大AAA至A公司債,51,1,50,元大-新盛,2023-03-23,9869
1513,中興電,57,8,49,元大-新盛,2023-03-23,9869
5425,台半,94,52,42,元大-新盛,2023-03-23,9869
6147,頎邦,73,33,40,元大-新盛,2023-03-23,9869
00919,群益台灣精選高息,40,1,39,元大-新盛,2023-03-23,9869
00715L,期街口布蘭特正2,43,14,29,元大-新盛,2023-03-23,9869
3402,漢科,28,0,28,元大-新盛,2023-03-23,9869
2637,慧洋-KY,32,9,23,元大-新盛,2023-03-23,9869
2610,華航,22,0,22,元大-新盛,2023-03-23,9869
00713,元大台灣高息低波,42,20,22,元大-新盛,2023-03-23,9869
3666,光耀,27,5,22,元大-新盛,2023-03-23,9869
00665L,富邦�琤肭磪囓�2,20,0,20,元大-新盛,2023-03-23,9869
00674R,期元大S＆P黃金反1,20,0,20,元大-新盛,2023-03-23,9869
2427,三商電,22,3,19,元大-新盛,2023-03-23,9869
00881,國泰台灣5G+,21,2,19,元大-新盛,2023-03-23,9869
2882A,國泰特,17,0,17,元大-新盛,2023-03-23,9869
00712,復華富時不動產,17,1,16,元大-新盛,2023-03-23,9869
2409,友達,16,0,16,元大-新盛,2023-03-23,9869
4543,萬在,16,0,16,元大-新盛,2023-03-23,9869
3710,連展投控,25,9,16,元大-新盛,2023-03-23,9869
4572,駐龍,15,0,15,元大-新盛,2023-03-23,9869
3005,神基,14,1,13,元大-新盛,2023-03-23,9869
00885,富邦越南,13,0,13,元大-新盛,2023-03-23,9869
6863,永道-KY,12,0,12,元大-新盛,2023-03-23,9869
00714,群益道瓊美國地產,12,0,12,元大-新盛,2023-03-23,9869
1519,華城,12,0,12,元大-新盛,2023-03-23,9869
2482,連宇,34,22,12,元大-新盛,2023-03-23,9869
1460,宏遠,12,0,12,元大-新盛,2023-03-23,9869
2204,中華,18,6,12,元大-新盛,2023-03-23,9869
8033,雷虎,14,3,11,元大-新盛,2023-03-23,9869
2606,裕民,11,0,11,元大-新盛,2023-03-23,9869
3483,力致,11,0,11,元大-新盛,2023-03-23,9869
2486,一詮,16,5,11,元大-新盛,2023-03-23,9869
3625,西勝,11,0,11,元大-新盛,2023-03-23,9869
2461,光群雷,11,0,11,元大-新盛,2023-03-23,9869
00655L,國泰中國A50正2,10,0,10,元大-新盛,2023-03-23,9869
5533,皇鼎,10,0,10,元大-新盛,2023-03-23,9869
6223,旺矽,22,12,10,元大-新盛,2023-03-23,9869
3021,鴻名,10,0,10,元大-新盛,2023-03-23,9869
2913,農林,10,0,10,元大-新盛,2023-03-23,9869
2472,立隆電,10,0,10,元大-新盛,2023-03-23,9869
6282,康舒,10,1,9,元大-新盛,2023-03-23,9869
8069,元太,9,0,9,元大-新盛,2023-03-23,9869
3051,力特,203,10,193,元大-新盛,2023-03-24,9869
00680L,元大美債20正2,141,0,141,元大-新盛,2023-03-24,9869
00753L,中信中國50正2,110,1,109,元大-新盛,2023-03-24,9869
2482,連宇,78,4,74,元大-新盛,2023-03-24,9869
1815,富喬,60,0,60,元大-新盛,2023-03-24,9869
2883B,凱基金乙特,50,0,50,元大-新盛,2023-03-24,9869
2881,富邦金,48,3,45,元大-新盛,2023-03-24,9869
00637L,元大滬深300正2,53,14,39,元大-新盛,2023-03-24,9869
2882,國泰金,39,2,37,元大-新盛,2023-03-24,9869
2303,聯電,44,12,32,元大-新盛,2023-03-24,9869
2014,中鴻,32,0,32,元大-新盛,2023-03-24,9869
2888,新光金,30,0,30,元大-新盛,2023-03-24,9869
4915,致伸,30,0,30,元大-新盛,2023-03-24,9869
2618,長榮航,25,0,25,元大-新盛,2023-03-24,9869
00715L,期街口布蘭特正2,24,1,23,元大-新盛,2023-03-24,9869
00908,富邦入息REITs+,22,0,22,元大-新盛,2023-03-24,9869
6147,頎邦,22,0,22,元大-新盛,2023-03-24,9869
2530,華建,21,0,21,元大-新盛,2023-03-24,9869
00679B,元大美債20年,21,0,21,元大-新盛,2023-03-24,9869
6570,維田,20,0,20,元大-新盛,2023-03-24,9869
00882,中信中國高股息,22,2,20,元大-新盛,2023-03-24,9869
00664R,國泰臺灣加權反1,20,0,20,元大-新盛,2023-03-24,9869
6196,帆宣,20,0,20,元大-新盛,2023-03-24,9869
8383,千附,20,0,20,元大-新盛,2023-03-24,9869
6275,元山,20,1,19,元大-新盛,2023-03-24,9869
4763,材料-KY,21,2,19,元大-新盛,2023-03-24,9869
4127,天良,20,2,18,元大-新盛,2023-03-24,9869
6606,建德工業,19,1,18,元大-新盛,2023-03-24,9869
6160,欣技,16,0,16,元大-新盛,2023-03-24,9869
5871,中租-KY,16,0,16,元大-新盛,2023-03-24,9869
6129,普誠,20,5,15,元大-新盛,2023-03-24,9869
2890,永豐金,17,2,15,元大-新盛,2023-03-24,9869
4934,太極,14,0,14,元大-新盛,2023-03-24,9869
2634,漢翔,26,13,13,元大-新盛,2023-03-24,9869
00751B,元大AAA至A公司債,12,0,12,元大-新盛,2023-03-24,9869
2393,億光,12,0,12,元大-新盛,2023-03-24,9869
5243,乙盛-KY,13,2,11,元大-新盛,2023-03-24,9869
4155,訊映,11,0,11,元大-新盛,2023-03-24,9869
3702,大聯大,10,0,10,元大-新盛,2023-03-24,9869
2801,彰銀,10,0,10,元大-新盛,2023-03-24,9869
1529,樂事綠能,12,2,10,元大-新盛,2023-03-24,9869
1718,中纖,10,0,10,元大-新盛,2023-03-24,9869
2007,燁興,10,0,10,元大-新盛,2023-03-24,9869
6109,亞元,16,6,10,元大-新盛,2023-03-24,9869
4746,台耀,10,0,10,元大-新盛,2023-03-24,9869
6161,捷波,10,0,10,元大-新盛,2023-03-24,9869
6548,長科*,10,0,10,元大-新盛,2023-03-24,9869
6235,華孚,13,3,10,元大-新盛,2023-03-24,9869
2392,正崴,15,6,9,元大-新盛,2023-03-24,9869
6662,樂斯科,9,0,9,元大-新盛,2023-03-24,9869
2882A,國泰特,133,0,133,元大-新盛,2023-03-27,9869
1605,華新,132,15,117,元大-新盛,2023-03-27,9869
1504,東元,219,109,110,元大-新盛,2023-03-27,9869
00751B,元大AAA至A公司債,117,11,106,元大-新盛,2023-03-27,9869
00753L,中信中國50正2,94,11,83,元大-新盛,2023-03-27,9869
3051,力特,70,0,70,元大-新盛,2023-03-27,9869
00637L,元大滬深300正2,78,13,65,元大-新盛,2023-03-27,9869
1720,生達,56,0,56,元大-新盛,2023-03-27,9869
3017,奇鋐,80,29,51,元大-新盛,2023-03-27,9869
00897,富邦基因免疫生技,50,0,50,元大-新盛,2023-03-27,9869
3236,千如,50,0,50,元大-新盛,2023-03-27,9869
2344,華邦電,51,4,47,元大-新盛,2023-03-27,9869
2610,華航,42,3,39,元大-新盛,2023-03-27,9869
00882,中信中國高股息,39,2,37,元大-新盛,2023-03-27,9869
4114,健喬,33,1,32,元大-新盛,2023-03-27,9869
2317,鴻海,34,3,31,元大-新盛,2023-03-27,9869
0056,元大高股息,55,24,31,元大-新盛,2023-03-27,9869
6122,擎邦,29,1,28,元大-新盛,2023-03-27,9869
6438,迅得,25,0,25,元大-新盛,2023-03-27,9869
3715,定穎投控,26,2,24,元大-新盛,2023-03-27,9869
6226,光鼎,28,5,23,元大-新盛,2023-03-27,9869
5309,系統電,29,6,23,元大-新盛,2023-03-27,9869
3035,智原,40,17,23,元大-新盛,2023-03-27,9869
2404,漢唐,24,1,23,元大-新盛,2023-03-27,9869
00715L,期街口布蘭特正2,22,0,22,元大-新盛,2023-03-27,9869
2312,金寶,21,0,21,元大-新盛,2023-03-27,9869
6770,力積電,24,3,21,元大-新盛,2023-03-27,9869
3056,富華新,21,0,21,元大-新盛,2023-03-27,9869
00922,國泰台灣領袖50,21,0,21,元大-新盛,2023-03-27,9869
6167,久正,20,0,20,元大-新盛,2023-03-27,9869
1723,中碳,20,0,20,元大-新盛,2023-03-27,9869
3714,富采,22,2,20,元大-新盛,2023-03-27,9869
2002,中鋼,19,0,19,元大-新盛,2023-03-27,9869
00885,富邦越南,24,5,19,元大-新盛,2023-03-27,9869
6188,廣明,19,2,17,元大-新盛,2023-03-27,9869
00665L,富邦�琤肭磪囓�2,35,18,17,元大-新盛,2023-03-27,9869
2402,毅嘉,26,9,17,元大-新盛,2023-03-27,9869
1609,大亞,38,22,16,元大-新盛,2023-03-27,9869
2461,光群雷,41,25,16,元大-新盛,2023-03-27,9869
3189,景碩,24,8,16,元大-新盛,2023-03-27,9869
8215,明基材,15,0,15,元大-新盛,2023-03-27,9869
5243,乙盛-KY,16,1,15,元大-新盛,2023-03-27,9869
0050,元大台灣50,41,26,15,元大-新盛,2023-03-27,9869
1437,勤益控,16,2,14,元大-新盛,2023-03-27,9869
6733,博晟生醫,14,0,14,元大-新盛,2023-03-27,9869
3290,東浦,16,2,14,元大-新盛,2023-03-27,9869
2645,長榮航太,16,2,14,元大-新盛,2023-03-27,9869
2891,中信金,15,2,13,元大-新盛,2023-03-27,9869
1101,台泥,41,28,13,元大-新盛,2023-03-27,9869
1718,中纖,14,3,11,元大-新盛,2023-03-27,9869
1605,華新,143,25,118,元大-新盛,2023-03-28,9869
00679B,元大美債20年,87,0,87,元大-新盛,2023-03-28,9869
00772B,中信高評級公司債,76,0,76,元大-新盛,2023-03-28,9869
00720B,元大投資級公司債,73,4,69,元大-新盛,2023-03-28,9869
6244,茂迪,67,5,62,元大-新盛,2023-03-28,9869
00751B,元大AAA至A公司債,54,0,54,元大-新盛,2023-03-28,9869
00665L,富邦�琤肭磪囓�2,72,20,52,元大-新盛,2023-03-28,9869
00923,群益台ESG低碳50,51,0,51,元大-新盛,2023-03-28,9869
6266,泰詠,51,0,51,元大-新盛,2023-03-28,9869
00897,富邦基因免疫生技,50,0,50,元大-新盛,2023-03-28,9869
00878,國泰永續高股息,66,22,44,元大-新盛,2023-03-28,9869
6274,台燿,44,3,41,元大-新盛,2023-03-28,9869
00922,國泰台灣領袖50,41,0,41,元大-新盛,2023-03-28,9869
1723,中碳,40,0,40,元大-新盛,2023-03-28,9869
00687B,國泰20年美債,31,0,31,元大-新盛,2023-03-28,9869
2634,漢翔,43,13,30,元大-新盛,2023-03-28,9869
1560,中砂,30,0,30,元大-新盛,2023-03-28,9869
00882,中信中國高股息,57,29,28,元大-新盛,2023-03-28,9869
2204,中華,25,0,25,元大-新盛,2023-03-28,9869
1584,精剛,35,10,25,元大-新盛,2023-03-28,9869
0056,元大高股息,57,35,22,元大-新盛,2023-03-28,9869
5353,台林,23,1,22,元大-新盛,2023-03-28,9869
2337,旺宏,22,1,21,元大-新盛,2023-03-28,9869
3483,力致,20,0,20,元大-新盛,2023-03-28,9869
8110,華東,20,0,20,元大-新盛,2023-03-28,9869
00895,富邦未來車,20,0,20,元大-新盛,2023-03-28,9869
3051,力特,19,0,19,元大-新盛,2023-03-28,9869
2303,聯電,29,10,19,元大-新盛,2023-03-28,9869
3037,欣興,139,121,18,元大-新盛,2023-03-28,9869
6770,力積電,17,0,17,元大-新盛,2023-03-28,9869
3545,敦泰,20,3,17,元大-新盛,2023-03-28,9869
00680L,元大美債20正2,17,1,16,元大-新盛,2023-03-28,9869
00795B,中信美國公債20年,18,2,16,元大-新盛,2023-03-28,9869
020030,統一智慧電動車N,15,0,15,元大-新盛,2023-03-28,9869
3390,旭軟,15,0,15,元大-新盛,2023-03-28,9869
3017,奇鋐,18,3,15,元大-新盛,2023-03-28,9869
2476,鉅祥,13,0,13,元大-新盛,2023-03-28,9869
2009,第一銅,13,0,13,元大-新盛,2023-03-28,9869
3141,晶宏,13,0,13,元大-新盛,2023-03-28,9869
1591,駿吉-KY,13,0,13,元大-新盛,2023-03-28,9869
2206,三陽工業,12,0,12,元大-新盛,2023-03-28,9869
2486,一詮,15,3,12,元大-新盛,2023-03-28,9869
4155,訊映,12,0,12,元大-新盛,2023-03-28,9869
2498,宏達電,17,5,12,元大-新盛,2023-03-28,9869
8476,台境*,12,0,12,元大-新盛,2023-03-28,9869
5009,榮剛,18,7,11,元大-新盛,2023-03-28,9869
00688L,國泰20年美債正2,11,0,11,元大-新盛,2023-03-28,9869
3322,建舜電,12,1,11,元大-新盛,2023-03-28,9869
6288,聯嘉,11,0,11,元大-新盛,2023-03-28,9869
00673R,期元大S＆P原油反1,11,0,11,元大-新盛,2023-03-28,9869
4306,炎洲,150,0,150,元大-新盛,2023-03-29,9869
00679B,元大美債20年,77,0,77,元大-新盛,2023-03-29,9869
00897,富邦基因免疫生技,40,0,40,元大-新盛,2023-03-29,9869
6485,點序,42,6,36,元大-新盛,2023-03-29,9869
3017,奇鋐,56,22,34,元大-新盛,2023-03-29,9869
6163,華電網,32,1,31,元大-新盛,2023-03-29,9869
5381,合正,30,0,30,元大-新盛,2023-03-29,9869
00753L,中信中國50正2,40,15,25,元大-新盛,2023-03-29,9869
6122,擎邦,46,21,25,元大-新盛,2023-03-29,9869
4903,聯光通,24,0,24,元大-新盛,2023-03-29,9869
6411,晶焱,24,0,24,元大-新盛,2023-03-29,9869
1504,東元,45,23,22,元大-新盛,2023-03-29,9869
3617,碩天,23,1,22,元大-新盛,2023-03-29,9869
00683L,期元大美元指正2,21,0,21,元大-新盛,2023-03-29,9869
00922,國泰台灣領袖50,21,0,21,元大-新盛,2023-03-29,9869
4919,新唐,22,1,21,元大-新盛,2023-03-29,9869
1460,宏遠,20,0,20,元大-新盛,2023-03-29,9869
8215,明基材,22,2,20,元大-新盛,2023-03-29,9869
8255,朋程,20,1,19,元大-新盛,2023-03-29,9869
00720B,元大投資級公司債,17,0,17,元大-新盛,2023-03-29,9869
00882,中信中國高股息,16,0,16,元大-新盛,2023-03-29,9869
2913,農林,15,0,15,元大-新盛,2023-03-29,9869
020030,統一智慧電動車N,15,0,15,元大-新盛,2023-03-29,9869
1708,東鹼,20,5,15,元大-新盛,2023-03-29,9869
2344,華邦電,20,6,14,元大-新盛,2023-03-29,9869
2891,中信金,20,6,14,元大-新盛,2023-03-29,9869
4979,華星光,20,7,13,元大-新盛,2023-03-29,9869
2609,陽明,18,6,12,元大-新盛,2023-03-29,9869
00751B,元大AAA至A公司債,12,0,12,元大-新盛,2023-03-29,9869
2371,大同,15,3,12,元大-新盛,2023-03-29,9869
1905,華紙,12,0,12,元大-新盛,2023-03-29,9869
2489,瑞軒,12,0,12,元大-新盛,2023-03-29,9869
2408,南亞科,12,0,12,元大-新盛,2023-03-29,9869
4906,正文,22,10,12,元大-新盛,2023-03-29,9869
3653,健策,21,9,12,元大-新盛,2023-03-29,9869
4551,智伸科,11,0,11,元大-新盛,2023-03-29,9869
1319,東陽,11,0,11,元大-新盛,2023-03-29,9869
1591,駿吉-KY,16,6,10,元大-新盛,2023-03-29,9869
4114,健喬,10,0,10,元大-新盛,2023-03-29,9869
1312,國喬,11,1,10,元大-新盛,2023-03-29,9869
3715,定穎投控,21,11,10,元大-新盛,2023-03-29,9869
00642U,期元大S＆P石油,11,1,10,元大-新盛,2023-03-29,9869
6288,聯嘉,11,2,9,元大-新盛,2023-03-29,9869
8222,寶一,14,5,9,元大-新盛,2023-03-29,9869
2328,廣宇,11,2,9,元大-新盛,2023-03-29,9869
2472,立隆電,10,1,9,元大-新盛,2023-03-29,9869
8155,博智,11,2,9,元大-新盛,2023-03-29,9869
2458,義隆,8,0,8,元大-新盛,2023-03-29,9869
6533,晶心科,7,0,7,元大-新盛,2023-03-29,9869
00795B,中信美國公債20年,7,0,7,元大-新盛,2023-03-29,9869
00679B,元大美債20年,127,1,126,元大-新盛,2023-03-30,9869
00923,群益台ESG低碳50,80,0,80,元大-新盛,2023-03-30,9869
00712,復華富時不動產,75,5,70,元大-新盛,2023-03-30,9869
6285,啟��,111,51,60,元大-新盛,2023-03-30,9869
4919,新唐,51,6,45,元大-新盛,2023-03-30,9869
3290,東浦,47,10,37,元大-新盛,2023-03-30,9869
3017,奇鋐,38,3,35,元大-新盛,2023-03-30,9869
00919,群益台灣精選高息,30,0,30,元大-新盛,2023-03-30,9869
6274,台燿,30,1,29,元大-新盛,2023-03-30,9869
2610,華航,32,4,28,元大-新盛,2023-03-30,9869
2427,三商電,24,0,24,元大-新盛,2023-03-30,9869
6244,茂迪,35,11,24,元大-新盛,2023-03-30,9869
8046,南電,28,5,23,元大-新盛,2023-03-30,9869
2352,佳世達,25,5,20,元大-新盛,2023-03-30,9869
00665L,富邦�琤肭磪囓�2,40,20,20,元大-新盛,2023-03-30,9869
6196,帆宣,20,0,20,元大-新盛,2023-03-30,9869
8155,博智,20,1,19,元大-新盛,2023-03-30,9869
00882,中信中國高股息,19,0,19,元大-新盛,2023-03-30,9869
3617,碩天,20,2,18,元大-新盛,2023-03-30,9869
3051,力特,27,9,18,元大-新盛,2023-03-30,9869
1605,華新,19,3,16,元大-新盛,2023-03-30,9869
3483,力致,25,9,16,元大-新盛,2023-03-30,9869
3078,僑威,17,1,16,元大-新盛,2023-03-30,9869
4915,致伸,15,0,15,元大-新盛,2023-03-30,9869
2103,台橡,15,0,15,元大-新盛,2023-03-30,9869
5243,乙盛-KY,20,6,14,元大-新盛,2023-03-30,9869
6770,力積電,14,0,14,元大-新盛,2023-03-30,9869
2049,上銀,12,0,12,元大-新盛,2023-03-30,9869
5450,南良,27,15,12,元大-新盛,2023-03-30,9869
1326,台化,11,0,11,元大-新盛,2023-03-30,9869
5258,虹堡,13,2,11,元大-新盛,2023-03-30,9869
3037,欣興,64,54,10,元大-新盛,2023-03-30,9869
00922,國泰台灣領袖50,10,0,10,元大-新盛,2023-03-30,9869
2891,中信金,10,0,10,元大-新盛,2023-03-30,9869
3049,精金,10,0,10,元大-新盛,2023-03-30,9869
3432,台端,10,0,10,元大-新盛,2023-03-30,9869
6120,達運,10,0,10,元大-新盛,2023-03-30,9869
4551,智伸科,10,0,10,元大-新盛,2023-03-30,9869
5381,合正,10,0,10,元大-新盛,2023-03-30,9869
5285,界霖,10,0,10,元大-新盛,2023-03-30,9869
4111,濟生,11,1,10,元大-新盛,2023-03-30,9869
9941,裕融,10,0,10,元大-新盛,2023-03-30,9869
2890,永豐金,15,6,9,元大-新盛,2023-03-30,9869
8255,朋程,30,21,9,元大-新盛,2023-03-30,9869
00900,富邦特選高股息30,10,1,9,元大-新盛,2023-03-30,9869
00751B,元大AAA至A公司債,9,0,9,元大-新盛,2023-03-30,9869
5353,台林,13,4,9,元大-新盛,2023-03-30,9869
1618,合機,10,1,9,元大-新盛,2023-03-30,9869
9907,統一實,10,1,9,元大-新盛,2023-03-30,9869
6223,旺矽,11,2,9,元大-新盛,2023-03-30,9869
00665L,富邦�琤肭磪囓�2,90,0,90,元大-新盛,2023-03-31,9869
8050,廣積,70,4,66,元大-新盛,2023-03-31,9869
1513,中興電,53,3,50,元大-新盛,2023-03-31,9869
00897,富邦基因免疫生技,50,0,50,元大-新盛,2023-03-31,9869
00919,群益台灣精選高息,50,0,50,元大-新盛,2023-03-31,9869
2516,新建,50,0,50,元大-新盛,2023-03-31,9869
6116,彩晶,54,5,49,元大-新盛,2023-03-31,9869
00882,中信中國高股息,64,18,46,元大-新盛,2023-03-31,9869
3051,力特,43,0,43,元大-新盛,2023-03-31,9869
8046,南電,30,2,28,元大-新盛,2023-03-31,9869
00923,群益台ESG低碳50,50,24,26,元大-新盛,2023-03-31,9869
2243,宏旭-KY,22,0,22,元大-新盛,2023-03-31,9869
6274,台燿,22,0,22,元大-新盛,2023-03-31,9869
8155,博智,22,0,22,元大-新盛,2023-03-31,9869
2515,中工,20,0,20,元大-新盛,2023-03-31,9869
3017,奇鋐,28,9,19,元大-新盛,2023-03-31,9869
5880,合庫金,29,10,19,元大-新盛,2023-03-31,9869
3625,西勝,18,0,18,元大-新盛,2023-03-31,9869
00885,富邦越南,25,8,17,元大-新盛,2023-03-31,9869
00712,復華富時不動產,15,0,15,元大-新盛,2023-03-31,9869
3540,曜越,18,4,14,元大-新盛,2023-03-31,9869
8358,金居,14,0,14,元大-新盛,2023-03-31,9869
1514,亞力,14,1,13,元大-新盛,2023-03-31,9869
6138,茂達,14,2,12,元大-新盛,2023-03-31,9869
00673R,期元大S＆P原油反1,16,4,12,元大-新盛,2023-03-31,9869
3617,碩天,11,0,11,元大-新盛,2023-03-31,9869
6443,元晶,13,2,11,元大-新盛,2023-03-31,9869
6111,大宇資,12,1,11,元大-新盛,2023-03-31,9869
6133,金橋,11,0,11,元大-新盛,2023-03-31,9869
1587,吉茂,11,0,11,元大-新盛,2023-03-31,9869
8069,元太,10,0,10,元大-新盛,2023-03-31,9869
5381,合正,10,0,10,元大-新盛,2023-03-31,9869
1723,中碳,10,0,10,元大-新盛,2023-03-31,9869
00738U,期元大道瓊白銀,10,0,10,元大-新盛,2023-03-31,9869
2889,國票金,10,0,10,元大-新盛,2023-03-31,9869
2547,日勝生,10,0,10,元大-新盛,2023-03-31,9869
4958,臻鼎-KY,10,0,10,元大-新盛,2023-03-31,9869
6840,東研信超,10,0,10,元大-新盛,2023-03-31,9869
00725B,國泰投資級公司債,10,0,10,元大-新盛,2023-03-31,9869
6194,育富,11,1,10,元大-新盛,2023-03-31,9869
3162,精確,15,5,10,元大-新盛,2023-03-31,9869
4973,廣穎,10,1,9,元大-新盛,2023-03-31,9869
2371,大同,10,1,9,元大-新盛,2023-03-31,9869
6134,萬旭,10,1,9,元大-新盛,2023-03-31,9869
5388,中磊,13,5,8,元大-新盛,2023-03-31,9869
1605,華新,61,53,8,元大-新盛,2023-03-31,9869
6191,精成科,9,1,8,元大-新盛,2023-03-31,9869
00655L,國泰中國A50正2,11,3,8,元大-新盛,2023-03-31,9869
2886,兆豐金,10,2,8,元大-新盛,2023-03-31,9869
8038,長園科,8,0,8,元大-新盛,2023-03-31,9869
00632R,元大台灣50反1,961,88,873,元大-新盛,2023-04-06,9869
2344,華邦電,692,142,550,元大-新盛,2023-04-06,9869
2606,裕民,221,11,210,元大-新盛,2023-04-06,9869
00637L,元大滬深300正2,91,0,91,元大-新盛,2023-04-06,9869
00633L,富邦上証正2,75,0,75,元大-新盛,2023-04-06,9869
2408,南亞科,65,7,58,元大-新盛,2023-04-06,9869
2515,中工,45,4,41,元大-新盛,2023-04-06,9869
3051,力特,40,0,40,元大-新盛,2023-04-06,9869
00665L,富邦�琤肭磪囓�2,50,10,40,元大-新盛,2023-04-06,9869
00751B,元大AAA至A公司債,53,14,39,元大-新盛,2023-04-06,9869
2367,燿華,42,5,37,元大-新盛,2023-04-06,9869
0056,元大高股息,51,16,35,元大-新盛,2023-04-06,9869
2516,新建,31,0,31,元大-新盛,2023-04-06,9869
3231,緯創,37,7,30,元大-新盛,2023-04-06,9869
00882,中信中國高股息,30,0,30,元大-新盛,2023-04-06,9869
4906,正文,30,0,30,元大-新盛,2023-04-06,9869
3017,奇鋐,39,9,30,元大-新盛,2023-04-06,9869
2610,華航,45,16,29,元大-新盛,2023-04-06,9869
00712,復華富時不動產,29,0,29,元大-新盛,2023-04-06,9869
2303,聯電,51,24,27,元大-新盛,2023-04-06,9869
6770,力積電,32,6,26,元大-新盛,2023-04-06,9869
1605,華新,35,11,24,元大-新盛,2023-04-06,9869
6285,啟��,26,2,24,元大-新盛,2023-04-06,9869
00673R,期元大S＆P原油反1,23,1,22,元大-新盛,2023-04-06,9869
4950,牧東,22,0,22,元大-新盛,2023-04-06,9869
6548,長科*,25,4,21,元大-新盛,2023-04-06,9869
6288,聯嘉,22,1,21,元大-新盛,2023-04-06,9869
1514,亞力,20,0,20,元大-新盛,2023-04-06,9869
00893,國泰智能電動車,20,0,20,元大-新盛,2023-04-06,9869
1611,中電,31,11,20,元大-新盛,2023-04-06,9869
00669R,國泰美國道瓊反1,20,0,20,元大-新盛,2023-04-06,9869
3515,華擎,20,0,20,元大-新盛,2023-04-06,9869
00706L,期元大S＆P日圓正2,20,0,20,元大-新盛,2023-04-06,9869
8163,達方,17,0,17,元大-新盛,2023-04-06,9869
2883,凱基金,22,5,17,元大-新盛,2023-04-06,9869
4746,台耀,20,4,16,元大-新盛,2023-04-06,9869
2354,鴻準,17,1,16,元大-新盛,2023-04-06,9869
3037,欣興,31,16,15,元大-新盛,2023-04-06,9869
00878,國泰永續高股息,25,11,14,元大-新盛,2023-04-06,9869
2427,三商電,14,0,14,元大-新盛,2023-04-06,9869
2352,佳世達,16,2,14,元大-新盛,2023-04-06,9869
2834,臺企銀,21,7,14,元大-新盛,2023-04-06,9869
2891,中信金,13,0,13,元大-新盛,2023-04-06,9869
9105,泰金寶-DR,12,0,12,元大-新盛,2023-04-06,9869
3141,晶宏,12,0,12,元大-新盛,2023-04-06,9869
4976,佳凌,11,0,11,元大-新盛,2023-04-06,9869
6154,順發,11,0,11,元大-新盛,2023-04-06,9869
8155,博智,12,1,11,元大-新盛,2023-04-06,9869
00902,中信電池及儲能,15,5,10,元大-新盛,2023-04-06,9869
6115,鎰勝,10,0,10,元大-新盛,2023-04-06,9869
00637L,元大滬深300正2,336,93,243,元大-新盛,2023-04-07,9869
2609,陽明,226,70,156,元大-新盛,2023-04-07,9869
3051,力特,92,0,92,元大-新盛,2023-04-07,9869
0056,元大高股息,166,77,89,元大-新盛,2023-04-07,9869
0050,元大台灣50,99,12,87,元大-新盛,2023-04-07,9869
3035,智原,63,12,51,元大-新盛,2023-04-07,9869
1752,南光,44,1,43,元大-新盛,2023-04-07,9869
2352,佳世達,55,12,43,元大-新盛,2023-04-07,9869
4153,鈺緯,46,8,38,元大-新盛,2023-04-07,9869
00891,中信關鍵半導體,39,5,34,元大-新盛,2023-04-07,9869
00882,中信中國高股息,43,10,33,元大-新盛,2023-04-07,9869
5512,力麒,32,0,32,元大-新盛,2023-04-07,9869
2436,偉詮電,32,1,31,元大-新盛,2023-04-07,9869
5258,虹堡,24,1,23,元大-新盛,2023-04-07,9869
00646,元大S＆P500,36,13,23,元大-新盛,2023-04-07,9869
00888,永豐台灣ESG,22,0,22,元大-新盛,2023-04-07,9869
2356,英業達,24,3,21,元大-新盛,2023-04-07,9869
2884,玉山金,32,12,20,元大-新盛,2023-04-07,9869
2516,新建,20,0,20,元大-新盛,2023-04-07,9869
3264,欣銓,20,0,20,元大-新盛,2023-04-07,9869
6806,森崴能源,20,0,20,元大-新盛,2023-04-07,9869
8028,昇陽半導體,52,34,18,元大-新盛,2023-04-07,9869
3047,訊舟,16,0,16,元大-新盛,2023-04-07,9869
9943,好樂迪,15,0,15,元大-新盛,2023-04-07,9869
1909,榮成,15,0,15,元大-新盛,2023-04-07,9869
5469,瀚宇博,16,1,15,元大-新盛,2023-04-07,9869
2454,聯發科,15,0,15,元大-新盛,2023-04-07,9869
00772B,中信高評級公司債,20,6,14,元大-新盛,2023-04-07,9869
00885,富邦越南,14,0,14,元大-新盛,2023-04-07,9869
2337,旺宏,18,4,14,元大-新盛,2023-04-07,9869
1312,國喬,13,0,13,元大-新盛,2023-04-07,9869
6531,愛普*,20,7,13,元大-新盛,2023-04-07,9869
00876,元大全球5G,13,1,12,元大-新盛,2023-04-07,9869
2634,漢翔,16,5,11,元大-新盛,2023-04-07,9869
8097,常珵,11,0,11,元大-新盛,2023-04-07,9869
6282,康舒,12,1,11,元大-新盛,2023-04-07,9869
8261,富鼎,10,0,10,元大-新盛,2023-04-07,9869
8271,宇瞻,10,0,10,元大-新盛,2023-04-07,9869
5353,台林,13,3,10,元大-新盛,2023-04-07,9869
2601,益航,10,0,10,元大-新盛,2023-04-07,9869
2354,鴻準,9,0,9,元大-新盛,2023-04-07,9869
3004,豐達科,12,3,9,元大-新盛,2023-04-07,9869
2105,正新,10,1,9,元大-新盛,2023-04-07,9869
00893,國泰智能電動車,8,0,8,元大-新盛,2023-04-07,9869
2748,雲品,9,1,8,元大-新盛,2023-04-07,9869
00739,元大MSCI A股,12,4,8,元大-新盛,2023-04-07,9869
00632R,元大台灣50反1,19,11,8,元大-新盛,2023-04-07,9869
2547,日勝生,8,0,8,元大-新盛,2023-04-07,9869
6578,達邦蛋白,8,0,8,元大-新盛,2023-04-07,9869
006206,元大上證50,8,0,8,元大-新盛,2023-04-07,9869
4306,炎洲,100,0,100,元大-新盛,2023-04-10,9869
1342,八貫,113,14,99,元大-新盛,2023-04-10,9869
6770,力積電,84,0,84,元大-新盛,2023-04-10,9869
4744,皇將,83,0,83,元大-新盛,2023-04-10,9869
1720,生達,60,0,60,元大-新盛,2023-04-10,9869
4128,中天,57,0,57,元大-新盛,2023-04-10,9869
0056,元大高股息,62,7,55,元大-新盛,2023-04-10,9869
3051,力特,48,0,48,元大-新盛,2023-04-10,9869
1609,大亞,47,1,46,元大-新盛,2023-04-10,9869
00720B,元大投資級公司債,34,0,34,元大-新盛,2023-04-10,9869
2609,陽明,52,19,33,元大-新盛,2023-04-10,9869
00708L,期元大S＆P黃金正2,31,0,31,元大-新盛,2023-04-10,9869
2547,日勝生,30,0,30,元大-新盛,2023-04-10,9869
1514,亞力,29,4,25,元大-新盛,2023-04-10,9869
6284,佳邦,24,0,24,元大-新盛,2023-04-10,9869
00888,永豐台灣ESG,24,1,23,元大-新盛,2023-04-10,9869
00632R,元大台灣50反1,43,21,22,元大-新盛,2023-04-10,9869
5608,四維航,22,0,22,元大-新盛,2023-04-10,9869
4972,湯石照明,20,0,20,元大-新盛,2023-04-10,9869
2233,宇隆,20,0,20,元大-新盛,2023-04-10,9869
00679B,元大美債20年,20,1,19,元大-新盛,2023-04-10,9869
00637L,元大滬深300正2,53,35,18,元大-新盛,2023-04-10,9869
3362,先進光,19,2,17,元大-新盛,2023-04-10,9869
4931,新盛力,15,0,15,元大-新盛,2023-04-10,9869
9962,有益,15,0,15,元大-新盛,2023-04-10,9869
6112,邁達特,18,3,15,元大-新盛,2023-04-10,9869
2354,鴻準,14,0,14,元大-新盛,2023-04-10,9869
4142,國光生,14,0,14,元大-新盛,2023-04-10,9869
2637,慧洋-KY,13,0,13,元大-新盛,2023-04-10,9869
4919,新唐,12,0,12,元大-新盛,2023-04-10,9869
4162,智擎,11,0,11,元大-新盛,2023-04-10,9869
00687B,國泰20年美債,11,0,11,元大-新盛,2023-04-10,9869
8938,明安,11,0,11,元大-新盛,2023-04-10,9869
3094,聯傑,11,0,11,元大-新盛,2023-04-10,9869
4961,天鈺,11,0,11,元大-新盛,2023-04-10,9869
00712,復華富時不動產,10,0,10,元大-新盛,2023-04-10,9869
1752,南光,10,0,10,元大-新盛,2023-04-10,9869
9907,統一實,10,0,10,元大-新盛,2023-04-10,9869
2889,國票金,10,0,10,元大-新盛,2023-04-10,9869
5450,南良,10,0,10,元大-新盛,2023-04-10,9869
8936,國統,11,1,10,元大-新盛,2023-04-10,9869
9933,中鼎,10,0,10,元大-新盛,2023-04-10,9869
6417,韋僑,10,0,10,元大-新盛,2023-04-10,9869
2883,凱基金,19,9,10,元大-新盛,2023-04-10,9869
6829,千附精密,13,3,10,元大-新盛,2023-04-10,9869
00772B,中信高評級公司債,11,1,10,元大-新盛,2023-04-10,9869
3447,展達,9,0,9,元大-新盛,2023-04-10,9869
8255,朋程,10,1,9,元大-新盛,2023-04-10,9869
8088,品安,18,10,8,元大-新盛,2023-04-10,9869
3680,家登,7,0,7,元大-新盛,2023-04-10,9869
00665L,富邦�琤肭磪囓�2,215,5,210,元大-新盛,2023-04-11,9869
1504,東元,203,55,148,元大-新盛,2023-04-11,9869
3518,柏騰,101,0,101,元大-新盛,2023-04-11,9869
0056,元大高股息,95,20,75,元大-新盛,2023-04-11,9869
00751B,元大AAA至A公司債,74,3,71,元大-新盛,2023-04-11,9869
2634,漢翔,70,5,65,元大-新盛,2023-04-11,9869
00680L,元大美債20正2,55,0,55,元大-新盛,2023-04-11,9869
8163,達方,50,0,50,元大-新盛,2023-04-11,9869
2887,台新金,50,5,45,元大-新盛,2023-04-11,9869
6191,精成科,41,0,41,元大-新盛,2023-04-11,9869
4306,炎洲,50,10,40,元大-新盛,2023-04-11,9869
3094,聯傑,40,1,39,元大-新盛,2023-04-11,9869
00712,復華富時不動產,39,2,37,元大-新盛,2023-04-11,9869
6245,立端,35,2,33,元大-新盛,2023-04-11,9869
00637L,元大滬深300正2,39,7,32,元大-新盛,2023-04-11,9869
2344,華邦電,160,129,31,元大-新盛,2023-04-11,9869
0050,元大台灣50,43,13,30,元大-新盛,2023-04-11,9869
00650L,復華香港正2,30,0,30,元大-新盛,2023-04-11,9869
3526,凡甲,30,0,30,元大-新盛,2023-04-11,9869
6288,聯嘉,36,6,30,元大-新盛,2023-04-11,9869
8255,朋程,31,3,28,元大-新盛,2023-04-11,9869
2482,連宇,30,3,27,元大-新盛,2023-04-11,9869
2891,中信金,24,0,24,元大-新盛,2023-04-11,9869
00720B,元大投資級公司債,24,0,24,元大-新盛,2023-04-11,9869
2890,永豐金,28,5,23,元大-新盛,2023-04-11,9869
3003,健和興,23,1,22,元大-新盛,2023-04-11,9869
8234,新漢,22,0,22,元大-新盛,2023-04-11,9869
3051,力特,22,0,22,元大-新盛,2023-04-11,9869
2317,鴻海,24,2,22,元大-新盛,2023-04-11,9869
2457,飛宏,34,13,21,元大-新盛,2023-04-11,9869
2303,聯電,21,1,20,元大-新盛,2023-04-11,9869
00891,中信關鍵半導體,20,0,20,元大-新盛,2023-04-11,9869
9908,大台北,20,0,20,元大-新盛,2023-04-11,9869
00882,中信中國高股息,22,2,20,元大-新盛,2023-04-11,9869
2358,廷鑫,20,0,20,元大-新盛,2023-04-11,9869
00679B,元大美債20年,21,3,18,元大-新盛,2023-04-11,9869
1503,士電,39,21,18,元大-新盛,2023-04-11,9869
6570,維田,17,0,17,元大-新盛,2023-04-11,9869
2342,茂矽,39,23,16,元大-新盛,2023-04-11,9869
2208,台船,21,6,15,元大-新盛,2023-04-11,9869
2206,三陽工業,47,33,14,元大-新盛,2023-04-11,9869
2515,中工,21,8,13,元大-新盛,2023-04-11,9869
2356,英業達,18,5,13,元大-新盛,2023-04-11,9869
6438,迅得,15,2,13,元大-新盛,2023-04-11,9869
3046,建��,39,26,13,元大-新盛,2023-04-11,9869
5211,蒙恬,13,0,13,元大-新盛,2023-04-11,9869
8112,至上,14,1,13,元大-新盛,2023-04-11,9869
8050,廣積,19,6,13,元大-新盛,2023-04-11,9869
8183,精星,21,9,12,元大-新盛,2023-04-11,9869
5465,富驊,14,2,12,元大-新盛,2023-04-11,9869
4960,誠美材,204,75,129,元大-新盛,2023-04-12,9869
4306,炎洲,100,10,90,元大-新盛,2023-04-12,9869
00637L,元大滬深300正2,76,6,70,元大-新盛,2023-04-12,9869
8088,品安,79,19,60,元大-新盛,2023-04-12,9869
8038,長園科,52,1,51,元大-新盛,2023-04-12,9869
2634,漢翔,130,84,46,元大-新盛,2023-04-12,9869
3017,奇鋐,47,2,45,元大-新盛,2023-04-12,9869
00632R,元大台灣50反1,41,0,41,元大-新盛,2023-04-12,9869
6187,萬潤,30,0,30,元大-新盛,2023-04-12,9869
2883,凱基金,44,14,30,元大-新盛,2023-04-12,9869
00679B,元大美債20年,29,0,29,元大-新盛,2023-04-12,9869
3037,欣興,35,10,25,元大-新盛,2023-04-12,9869
1605,華新,46,22,24,元大-新盛,2023-04-12,9869
2358,廷鑫,23,0,23,元大-新盛,2023-04-12,9869
3051,力特,23,0,23,元大-新盛,2023-04-12,9869
00712,復華富時不動產,22,0,22,元大-新盛,2023-04-12,9869
3481,群創,30,8,22,元大-新盛,2023-04-12,9869
5009,榮剛,29,8,21,元大-新盛,2023-04-12,9869
2328,廣宇,21,0,21,元大-新盛,2023-04-12,9869
9908,大台北,20,0,20,元大-新盛,2023-04-12,9869
6237,驊訊,20,0,20,元大-新盛,2023-04-12,9869
2610,華航,22,3,19,元大-新盛,2023-04-12,9869
00673R,期元大S＆P原油反1,19,0,19,元大-新盛,2023-04-12,9869
2409,友達,19,0,19,元大-新盛,2023-04-12,9869
5425,台半,55,36,19,元大-新盛,2023-04-12,9869
1609,大亞,63,45,18,元大-新盛,2023-04-12,9869
6753,龍德造船,24,6,18,元大-新盛,2023-04-12,9869
5608,四維航,20,2,18,元大-新盛,2023-04-12,9869
6589,台康生技,23,6,17,元大-新盛,2023-04-12,9869
2344,華邦電,136,119,17,元大-新盛,2023-04-12,9869
8050,廣積,16,0,16,元大-新盛,2023-04-12,9869
2354,鴻準,22,6,16,元大-新盛,2023-04-12,9869
2374,佳能,17,1,16,元大-新盛,2023-04-12,9869
3013,晟銘電,16,1,15,元大-新盛,2023-04-12,9869
6161,捷波,15,0,15,元大-新盛,2023-04-12,9869
4114,健喬,25,10,15,元大-新盛,2023-04-12,9869
6462,神盾,14,0,14,元大-新盛,2023-04-12,9869
2539,櫻花建,14,0,14,元大-新盛,2023-04-12,9869
3152,璟德,14,0,14,元大-新盛,2023-04-12,9869
00751B,元大AAA至A公司債,15,1,14,元大-新盛,2023-04-12,9869
2330,台積電,16,2,14,元大-新盛,2023-04-12,9869
8059,凱碩,13,0,13,元大-新盛,2023-04-12,9869
3715,定穎投控,22,9,13,元大-新盛,2023-04-12,9869
0056,元大高股息,23,10,13,元大-新盛,2023-04-12,9869
00878,國泰永續高股息,16,4,12,元大-新盛,2023-04-12,9869
2542,興富發,13,1,12,元大-新盛,2023-04-12,9869
2482,連宇,14,2,12,元大-新盛,2023-04-12,9869
00888,永豐台灣ESG,11,0,11,元大-新盛,2023-04-12,9869
4967,十銓,18,7,11,元大-新盛,2023-04-12,9869
8255,朋程,15,4,11,元大-新盛,2023-04-12,9869
00632R,元大台灣50反1,958,35,923,元大-新盛,2023-04-13,9869
2344,華邦電,211,55,156,元大-新盛,2023-04-13,9869
6163,華電網,111,14,97,元大-新盛,2023-04-13,9869
1513,中興電,125,37,88,元大-新盛,2023-04-13,9869
2342,茂矽,77,9,68,元大-新盛,2023-04-13,9869
6234,高僑,71,6,65,元大-新盛,2023-04-13,9869
00712,復華富時不動產,50,0,50,元大-新盛,2023-04-13,9869
5009,榮剛,56,16,40,元大-新盛,2023-04-13,9869
00919,群益台灣精選高息,40,0,40,元大-新盛,2023-04-13,9869
0056,元大高股息,50,11,39,元大-新盛,2023-04-13,9869
4934,太極,40,3,37,元大-新盛,2023-04-13,9869
8038,長園科,38,2,36,元大-新盛,2023-04-13,9869
00882,中信中國高股息,35,0,35,元大-新盛,2023-04-13,9869
3003,健和興,36,3,33,元大-新盛,2023-04-13,9869
2409,友達,115,85,30,元大-新盛,2023-04-13,9869
2313,華通,32,3,29,元大-新盛,2023-04-13,9869
6109,亞元,30,1,29,元大-新盛,2023-04-13,9869
3051,力特,27,0,27,元大-新盛,2023-04-13,9869
4533,協易機,25,0,25,元大-新盛,2023-04-13,9869
3711,日月光投控,25,0,25,元大-新盛,2023-04-13,9869
3013,晟銘電,24,0,24,元大-新盛,2023-04-13,9869
2324,仁寶,23,1,22,元大-新盛,2023-04-13,9869
6288,聯嘉,32,10,22,元大-新盛,2023-04-13,9869
00922,國泰台灣領袖50,22,0,22,元大-新盛,2023-04-13,9869
6796,晉弘,26,4,22,元大-新盛,2023-04-13,9869
2206,三陽工業,45,24,21,元大-新盛,2023-04-13,9869
00888,永豐台灣ESG,21,0,21,元大-新盛,2023-04-13,9869
00664R,國泰臺灣加權反1,20,0,20,元大-新盛,2023-04-13,9869
00679B,元大美債20年,30,10,20,元大-新盛,2023-04-13,9869
00878,國泰永續高股息,27,7,20,元大-新盛,2023-04-13,9869
5439,高技,24,5,19,元大-新盛,2023-04-13,9869
2515,中工,77,58,19,元大-新盛,2023-04-13,9869
6122,擎邦,26,7,19,元大-新盛,2023-04-13,9869
00687B,國泰20年美債,19,0,19,元大-新盛,2023-04-13,9869
2498,宏達電,20,3,17,元大-新盛,2023-04-13,9869
1720,生達,17,1,16,元大-新盛,2023-04-13,9869
6477,安集,33,18,15,元大-新盛,2023-04-13,9869
1605,華新,41,26,15,元大-新盛,2023-04-13,9869
6443,元晶,15,1,14,元大-新盛,2023-04-13,9869
2883,凱基金,18,4,14,元大-新盛,2023-04-13,9869
2392,正崴,16,2,14,元大-新盛,2023-04-13,9869
3209,全科,14,0,14,元大-新盛,2023-04-13,9869
8349,�矬�,15,1,14,元大-新盛,2023-04-13,9869
00912,中信臺灣智慧50,14,0,14,元大-新盛,2023-04-13,9869
9945,潤泰新,21,8,13,元大-新盛,2023-04-13,9869
3062,建漢,13,0,13,元大-新盛,2023-04-13,9869
8936,國統,20,7,13,元大-新盛,2023-04-13,9869
4915,致伸,15,2,13,元大-新盛,2023-04-13,9869
6811,宏�硌穈T,13,0,13,元大-新盛,2023-04-13,9869
5388,中磊,14,2,12,元大-新盛,2023-04-13,9869
6120,達運,180,2,178,元大-新盛,2023-04-14,9869
2208,台船,173,22,151,元大-新盛,2023-04-14,9869
1504,東元,172,34,138,元大-新盛,2023-04-14,9869
1609,大亞,146,13,133,元大-新盛,2023-04-14,9869
2344,華邦電,127,4,123,元大-新盛,2023-04-14,9869
2634,漢翔,220,109,111,元大-新盛,2023-04-14,9869
4306,炎洲,100,8,92,元大-新盛,2023-04-14,9869
2409,友達,55,4,51,元大-新盛,2023-04-14,9869
8163,達方,50,0,50,元大-新盛,2023-04-14,9869
2352,佳世達,54,4,50,元大-新盛,2023-04-14,9869
00720B,元大投資級公司債,43,0,43,元大-新盛,2023-04-14,9869
6274,台燿,42,1,41,元大-新盛,2023-04-14,9869
2402,毅嘉,71,34,37,元大-新盛,2023-04-14,9869
2382,廣達,38,5,33,元大-新盛,2023-04-14,9869
5512,力麒,38,8,30,元大-新盛,2023-04-14,9869
3017,奇鋐,51,23,28,元大-新盛,2023-04-14,9869
2303,聯電,31,4,27,元大-新盛,2023-04-14,9869
4128,中天,27,0,27,元大-新盛,2023-04-14,9869
5243,乙盛-KY,27,3,24,元大-新盛,2023-04-14,9869
1519,華城,28,5,23,元大-新盛,2023-04-14,9869
4533,協易機,23,0,23,元大-新盛,2023-04-14,9869
3078,僑威,31,10,21,元大-新盛,2023-04-14,9869
3051,力特,20,0,20,元大-新盛,2023-04-14,9869
2484,希華,20,0,20,元大-新盛,2023-04-14,9869
6446,藥華藥,20,0,20,元大-新盛,2023-04-14,9869
1584,精剛,39,20,19,元大-新盛,2023-04-14,9869
1513,中興電,26,8,18,元大-新盛,2023-04-14,9869
1589,永冠-KY,16,0,16,元大-新盛,2023-04-14,9869
00680L,元大美債20正2,26,10,16,元大-新盛,2023-04-14,9869
00632R,元大台灣50反1,66,50,16,元大-新盛,2023-04-14,9869
2367,燿華,17,2,15,元大-新盛,2023-04-14,9869
8349,�矬�,15,0,15,元大-新盛,2023-04-14,9869
6796,晉弘,14,0,14,元大-新盛,2023-04-14,9869
6191,精成科,14,0,14,元大-新盛,2023-04-14,9869
00751B,元大AAA至A公司債,13,0,13,元大-新盛,2023-04-14,9869
2231,為升,13,0,13,元大-新盛,2023-04-14,9869
6182,合晶,20,8,12,元大-新盛,2023-04-14,9869
6176,瑞儀,14,2,12,元大-新盛,2023-04-14,9869
6116,彩晶,13,2,11,元大-新盛,2023-04-14,9869
3323,加百裕,11,0,11,元大-新盛,2023-04-14,9869
00725B,國泰投資級公司債,10,0,10,元大-新盛,2023-04-14,9869
5706,鳳凰,12,2,10,元大-新盛,2023-04-14,9869
4915,致伸,10,0,10,元大-新盛,2023-04-14,9869
1709,和益,10,0,10,元大-新盛,2023-04-14,9869
6456,GIS-KY,10,0,10,元大-新盛,2023-04-14,9869
6288,聯嘉,11,1,10,元大-新盛,2023-04-14,9869
1539,巨庭,10,0,10,元大-新盛,2023-04-14,9869
6605,帝寶,10,0,10,元大-新盛,2023-04-14,9869
00712,復華富時不動產,9,0,9,元大-新盛,2023-04-14,9869
6874,倍力,10,1,9,元大-新盛,2023-04-14,9869
1605,華新,162,40,122,元大-新盛,2023-04-17,9869
2609,陽明,107,16,91,元大-新盛,2023-04-17,9869
3704,合勤控,70,1,69,元大-新盛,2023-04-17,9869
4306,炎洲,65,0,65,元大-新盛,2023-04-17,9869
00679B,元大美債20年,82,29,53,元大-新盛,2023-04-17,9869
2618,長榮航,51,0,51,元大-新盛,2023-04-17,9869
6180,橘子,50,1,49,元大-新盛,2023-04-17,9869
4543,萬在,60,16,44,元大-新盛,2023-04-17,9869
1597,直得,41,0,41,元大-新盛,2023-04-17,9869
8038,長園科,39,1,38,元大-新盛,2023-04-17,9869
00712,復華富時不動產,34,0,34,元大-新盛,2023-04-17,9869
00772B,中信高評級公司債,34,1,33,元大-新盛,2023-04-17,9869
1504,東元,107,74,33,元大-新盛,2023-04-17,9869
6220,岳豐,31,0,31,元大-新盛,2023-04-17,9869
2359,所羅門,46,19,27,元大-新盛,2023-04-17,9869
0056,元大高股息,47,21,26,元大-新盛,2023-04-17,9869
2610,華航,27,2,25,元大-新盛,2023-04-17,9869
3017,奇鋐,27,2,25,元大-新盛,2023-04-17,9869
1101,台泥,26,2,24,元大-新盛,2023-04-17,9869
2206,三陽工業,61,38,23,元大-新盛,2023-04-17,9869
2371,大同,32,11,21,元大-新盛,2023-04-17,9869
3481,群創,24,3,21,元大-新盛,2023-04-17,9869
5355,佳總,21,0,21,元大-新盛,2023-04-17,9869
2357,華碩,20,0,20,元大-新盛,2023-04-17,9869
00888,永豐台灣ESG,20,0,20,元大-新盛,2023-04-17,9869
2014,中鴻,20,0,20,元大-新盛,2023-04-17,9869
8255,朋程,18,0,18,元大-新盛,2023-04-17,9869
1717,長興,19,1,18,元大-新盛,2023-04-17,9869
00720B,元大投資級公司債,22,4,18,元大-新盛,2023-04-17,9869
6799,來頡,18,1,17,元大-新盛,2023-04-17,9869
6438,迅得,20,3,17,元大-新盛,2023-04-17,9869
00878,國泰永續高股息,37,21,16,元大-新盛,2023-04-17,9869
2449,京元電子,18,2,16,元大-新盛,2023-04-17,9869
2887,台新金,19,3,16,元大-新盛,2023-04-17,9869
00708L,期元大S＆P黃金正2,20,4,16,元大-新盛,2023-04-17,9869
2312,金寶,21,5,16,元大-新盛,2023-04-17,9869
2614,東森,19,3,16,元大-新盛,2023-04-17,9869
1514,亞力,31,15,16,元大-新盛,2023-04-17,9869
2328,廣宇,16,1,15,元大-新盛,2023-04-17,9869
2634,漢翔,143,129,14,元大-新盛,2023-04-17,9869
2636,台驊控股,20,6,14,元大-新盛,2023-04-17,9869
2382,廣達,19,5,14,元大-新盛,2023-04-17,9869
2498,宏達電,13,0,13,元大-新盛,2023-04-17,9869
3005,神基,14,2,12,元大-新盛,2023-04-17,9869
2615,萬海,14,2,12,元大-新盛,2023-04-17,9869
3035,智原,12,1,11,元大-新盛,2023-04-17,9869
2324,仁寶,16,5,11,元大-新盛,2023-04-17,9869
2486,一詮,20,9,11,元大-新盛,2023-04-17,9869
2748,雲品,21,10,11,元大-新盛,2023-04-17,9869
2454,聯發科,14,3,11,元大-新盛,2023-04-17,9869
3481,群創,473,10,463,元大-新盛,2023-04-18,9869
00680L,元大美債20正2,230,22,208,元大-新盛,2023-04-18,9869
00712,復華富時不動產,161,2,159,元大-新盛,2023-04-18,9869
00679B,元大美債20年,116,22,94,元大-新盛,2023-04-18,9869
2897A,王道銀甲特,83,0,83,元大-新盛,2023-04-18,9869
4306,炎洲,80,0,80,元大-新盛,2023-04-18,9869
0056,元大高股息,101,25,76,元大-新盛,2023-04-18,9869
4533,協易機,62,0,62,元大-新盛,2023-04-18,9869
2515,中工,68,11,57,元大-新盛,2023-04-18,9869
00772B,中信高評級公司債,51,0,51,元大-新盛,2023-04-18,9869
2402,毅嘉,50,0,50,元大-新盛,2023-04-18,9869
8163,達方,50,0,50,元大-新盛,2023-04-18,9869
2208,台船,70,21,49,元大-新盛,2023-04-18,9869
3704,合勤控,57,8,49,元大-新盛,2023-04-18,9869
00720B,元大投資級公司債,49,0,49,元大-新盛,2023-04-18,9869
1529,樂事綠能,63,17,46,元大-新盛,2023-04-18,9869
2634,漢翔,162,121,41,元大-新盛,2023-04-18,9869
2409,友達,40,0,40,元大-新盛,2023-04-18,9869
00751B,元大AAA至A公司債,35,0,35,元大-新盛,2023-04-18,9869
2637,慧洋-KY,33,1,32,元大-新盛,2023-04-18,9869
8033,雷虎,59,29,30,元大-新盛,2023-04-18,9869
6191,精成科,30,0,30,元大-新盛,2023-04-18,9869
00878,國泰永續高股息,33,5,28,元大-新盛,2023-04-18,9869
1809,中釉,31,3,28,元大-新盛,2023-04-18,9869
0050,元大台灣50,51,23,28,元大-新盛,2023-04-18,9869
6244,茂迪,38,11,27,元大-新盛,2023-04-18,9869
5355,佳總,42,16,26,元大-新盛,2023-04-18,9869
1201,味全,25,0,25,元大-新盛,2023-04-18,9869
2031,新光鋼,25,0,25,元大-新盛,2023-04-18,9869
3017,奇鋐,28,4,24,元大-新盛,2023-04-18,9869
2392,正崴,24,1,23,元大-新盛,2023-04-18,9869
3056,富華新,25,4,21,元大-新盛,2023-04-18,9869
3025,星通,21,1,20,元大-新盛,2023-04-18,9869
6485,點序,22,3,19,元大-新盛,2023-04-18,9869
00900,富邦特選高股息30,19,0,19,元大-新盛,2023-04-18,9869
2542,興富發,20,2,18,元大-新盛,2023-04-18,9869
6443,元晶,44,27,17,元大-新盛,2023-04-18,9869
6477,安集,20,3,17,元大-新盛,2023-04-18,9869
6505,台塑化,17,0,17,元大-新盛,2023-04-18,9869
2454,聯發科,18,2,16,元大-新盛,2023-04-18,9869
2313,華通,24,8,16,元大-新盛,2023-04-18,9869
6284,佳邦,17,1,16,元大-新盛,2023-04-18,9869
6532,瑞耘,16,0,16,元大-新盛,2023-04-18,9869
2329,華泰,25,10,15,元大-新盛,2023-04-18,9869
00923,群益台ESG低碳50,15,0,15,元大-新盛,2023-04-18,9869
1444,力麗,18,3,15,元大-新盛,2023-04-18,9869
00891,中信關鍵半導體,26,12,14,元大-新盛,2023-04-18,9869
8088,品安,19,5,14,元大-新盛,2023-04-18,9869
9945,潤泰新,18,4,14,元大-新盛,2023-04-18,9869
2906,高林,13,0,13,元大-新盛,2023-04-18,9869
00632R,元大台灣50反1,249,11,238,元大-新盛,2023-04-19,9869
00665L,富邦�琤肭磪囓�2,220,20,200,元大-新盛,2023-04-19,9869
00680L,元大美債20正2,138,0,138,元大-新盛,2023-04-19,9869
00751B,元大AAA至A公司債,81,0,81,元大-新盛,2023-04-19,9869
3481,群創,86,16,70,元大-新盛,2023-04-19,9869
2610,華航,84,21,63,元大-新盛,2023-04-19,9869
4306,炎洲,53,0,53,元大-新盛,2023-04-19,9869
5608,四維航,51,0,51,元大-新盛,2023-04-19,9869
4906,正文,50,1,49,元大-新盛,2023-04-19,9869
3071,協禧,52,10,42,元大-新盛,2023-04-19,9869
2542,興富發,40,1,39,元大-新盛,2023-04-19,9869
2495,普安,40,3,37,元大-新盛,2023-04-19,9869
00679B,元大美債20年,36,0,36,元大-新盛,2023-04-19,9869
6163,華電網,57,22,35,元大-新盛,2023-04-19,9869
3003,健和興,40,7,33,元大-新盛,2023-04-19,9869
2601,益航,32,0,32,元大-新盛,2023-04-19,9869
2547,日勝生,31,0,31,元大-新盛,2023-04-19,9869
4541,晟田,35,6,29,元大-新盛,2023-04-19,9869
00720B,元大投資級公司債,27,0,27,元大-新盛,2023-04-19,9869
4915,致伸,28,2,26,元大-新盛,2023-04-19,9869
1810,和成,34,10,24,元大-新盛,2023-04-19,9869
00696B,富邦美債20年,24,0,24,元大-新盛,2023-04-19,9869
3037,欣興,25,2,23,元大-新盛,2023-04-19,9869
6191,精成科,30,7,23,元大-新盛,2023-04-19,9869
6116,彩晶,23,0,23,元大-新盛,2023-04-19,9869
00885,富邦越南,22,0,22,元大-新盛,2023-04-19,9869
2618,長榮航,29,7,22,元大-新盛,2023-04-19,9869
3363,上詮,47,26,21,元大-新盛,2023-04-19,9869
8088,品安,26,5,21,元大-新盛,2023-04-19,9869
00637L,元大滬深300正2,38,17,21,元大-新盛,2023-04-19,9869
1529,樂事綠能,49,29,20,元大-新盛,2023-04-19,9869
6412,群電,20,0,20,元大-新盛,2023-04-19,9869
6477,安集,35,16,19,元大-新盛,2023-04-19,9869
00712,復華富時不動產,23,5,18,元大-新盛,2023-04-19,9869
4540,全球傳動,19,1,18,元大-新盛,2023-04-19,9869
9926,新海,18,0,18,元大-新盛,2023-04-19,9869
00878,國泰永續高股息,28,10,18,元大-新盛,2023-04-19,9869
2002,中鋼,16,0,16,元大-新盛,2023-04-19,9869
4979,華星光,39,23,16,元大-新盛,2023-04-19,9869
8038,長園科,20,4,16,元大-新盛,2023-04-19,9869
6796,晉弘,20,4,16,元大-新盛,2023-04-19,9869
00900,富邦特選高股息30,16,0,16,元大-新盛,2023-04-19,9869
00772B,中信高評級公司債,15,0,15,元大-新盛,2023-04-19,9869
8938,明安,16,1,15,元大-新盛,2023-04-19,9869
2886,兆豐金,15,1,14,元大-新盛,2023-04-19,9869
3357,臺慶科,14,0,14,元大-新盛,2023-04-19,9869
2027,大成鋼,14,0,14,元大-新盛,2023-04-19,9869
5211,蒙恬,17,4,13,元大-新盛,2023-04-19,9869
2313,華通,14,2,12,元大-新盛,2023-04-19,9869
2337,旺宏,12,0,12,元大-新盛,2023-04-19,9869
00632R,元大台灣50反1,251,5,246,元大-新盛,2023-04-20,9869
00637L,元大滬深300正2,115,0,115,元大-新盛,2023-04-20,9869
4306,炎洲,107,0,107,元大-新盛,2023-04-20,9869
1504,東元,109,9,100,元大-新盛,2023-04-20,9869
3317,尼克森,100,0,100,元大-新盛,2023-04-20,9869
6282,康舒,165,69,96,元大-新盛,2023-04-20,9869
00713,元大台灣高息低波,104,14,90,元大-新盛,2023-04-20,9869
3047,訊舟,57,6,51,元大-新盛,2023-04-20,9869
6167,久正,52,2,50,元大-新盛,2023-04-20,9869
00665L,富邦�琤肭磪囓�2,50,0,50,元大-新盛,2023-04-20,9869
2634,漢翔,74,27,47,元大-新盛,2023-04-20,9869
2201,裕隆,118,84,34,元大-新盛,2023-04-20,9869
3481,群創,43,13,30,元大-新盛,2023-04-20,9869
3704,合勤控,41,11,30,元大-新盛,2023-04-20,9869
6651,全宇昕,30,0,30,元大-新盛,2023-04-20,9869
3264,欣銓,30,1,29,元大-新盛,2023-04-20,9869
3712,永崴投控,44,15,29,元大-新盛,2023-04-20,9869
2891,中信金,30,2,28,元大-新盛,2023-04-20,9869
4541,晟田,36,8,28,元大-新盛,2023-04-20,9869
00720B,元大投資級公司債,27,0,27,元大-新盛,2023-04-20,9869
1609,大亞,81,54,27,元大-新盛,2023-04-20,9869
3707,漢磊,26,0,26,元大-新盛,2023-04-20,9869
1605,華新,44,18,26,元大-新盛,2023-04-20,9869
2498,宏達電,35,9,26,元大-新盛,2023-04-20,9869
2471,資通,34,11,23,元大-新盛,2023-04-20,9869
6288,聯嘉,66,44,22,元大-新盛,2023-04-20,9869
2409,友達,21,1,20,元大-新盛,2023-04-20,9869
1723,中碳,20,0,20,元大-新盛,2023-04-20,9869
2324,仁寶,19,0,19,元大-新盛,2023-04-20,9869
00888,永豐台灣ESG,18,0,18,元大-新盛,2023-04-20,9869
3231,緯創,29,11,18,元大-新盛,2023-04-20,9869
5880,合庫金,17,0,17,元大-新盛,2023-04-20,9869
6245,立端,19,2,17,元大-新盛,2023-04-20,9869
2208,台船,28,11,17,元大-新盛,2023-04-20,9869
2476,鉅祥,16,0,16,元大-新盛,2023-04-20,9869
00712,復華富時不動產,15,0,15,元大-新盛,2023-04-20,9869
2401,凌陽,15,0,15,元大-新盛,2023-04-20,9869
6721,信實,15,0,15,元大-新盛,2023-04-20,9869
1909,榮成,22,7,15,元大-新盛,2023-04-20,9869
4114,健喬,16,2,14,元大-新盛,2023-04-20,9869
9904,寶成,14,0,14,元大-新盛,2023-04-20,9869
4133,亞諾法,13,0,13,元大-新盛,2023-04-20,9869
2515,中工,13,0,13,元大-新盛,2023-04-20,9869
6443,元晶,29,16,13,元大-新盛,2023-04-20,9869
8926,台汽電,12,0,12,元大-新盛,2023-04-20,9869
2886,兆豐金,13,2,11,元大-新盛,2023-04-20,9869
2454,聯發科,12,1,11,元大-新盛,2023-04-20,9869
00900,富邦特選高股息30,11,0,11,元大-新盛,2023-04-20,9869
2062,橋椿,11,0,11,元大-新盛,2023-04-20,9869
2359,所羅門,16,5,11,元大-新盛,2023-04-20,9869
00680L,元大美債20正2,273,0,273,元大-新盛,2023-04-21,9869
00665L,富邦�琤肭磪囓�2,200,0,200,元大-新盛,2023-04-21,9869
00720B,元大投資級公司債,114,0,114,元大-新盛,2023-04-21,9869
2618,長榮航,116,38,78,元大-新盛,2023-04-21,9869
4306,炎洲,60,1,59,元大-新盛,2023-04-21,9869
2610,華航,74,16,58,元大-新盛,2023-04-21,9869
8038,長園科,55,0,55,元大-新盛,2023-04-21,9869
00878,國泰永續高股息,50,5,45,元大-新盛,2023-04-21,9869
1904,正隆,70,32,38,元大-新盛,2023-04-21,9869
00637L,元大滬深300正2,56,19,37,元大-新盛,2023-04-21,9869
6770,力積電,38,2,36,元大-新盛,2023-04-21,9869
2515,中工,33,1,32,元大-新盛,2023-04-21,9869
0056,元大高股息,51,20,31,元大-新盛,2023-04-21,9869
3704,合勤控,37,6,31,元大-新盛,2023-04-21,9869
1907,永豐餘,42,12,30,元大-新盛,2023-04-21,9869
00895,富邦未來車,30,0,30,元大-新盛,2023-04-21,9869
00713,元大台灣高息低波,31,2,29,元大-新盛,2023-04-21,9869
2342,茂矽,31,3,28,元大-新盛,2023-04-21,9869
5905,南仁湖,32,4,28,元大-新盛,2023-04-21,9869
6443,元晶,43,18,25,元大-新盛,2023-04-21,9869
1909,榮成,42,18,24,元大-新盛,2023-04-21,9869
9926,新海,24,0,24,元大-新盛,2023-04-21,9869
1310,台苯,30,8,22,元大-新盛,2023-04-21,9869
4931,新盛力,34,12,22,元大-新盛,2023-04-21,9869
1611,中電,73,52,21,元大-新盛,2023-04-21,9869
1460,宏遠,20,0,20,元大-新盛,2023-04-21,9869
2547,日勝生,20,0,20,元大-新盛,2023-04-21,9869
1714,和桐,20,0,20,元大-新盛,2023-04-21,9869
0050,元大台灣50,25,6,19,元大-新盛,2023-04-21,9869
6112,邁達特,24,5,19,元大-新盛,2023-04-21,9869
1513,中興電,47,29,18,元大-新盛,2023-04-21,9869
00900,富邦特選高股息30,18,0,18,元大-新盛,2023-04-21,9869
8059,凱碩,17,0,17,元大-新盛,2023-04-21,9869
6290,良維,17,1,16,元大-新盛,2023-04-21,9869
3712,永崴投控,15,0,15,元大-新盛,2023-04-21,9869
2484,希華,16,1,15,元大-新盛,2023-04-21,9869
2913,農林,35,20,15,元大-新盛,2023-04-21,9869
2605,新興,25,11,14,元大-新盛,2023-04-21,9869
8938,明安,14,0,14,元大-新盛,2023-04-21,9869
5425,台半,31,18,13,元大-新盛,2023-04-21,9869
4562,穎漢,12,0,12,元大-新盛,2023-04-21,9869
3479,安勤,21,9,12,元大-新盛,2023-04-21,9869
2313,華通,22,10,12,元大-新盛,2023-04-21,9869
00882,中信中國高股息,20,8,12,元大-新盛,2023-04-21,9869
1319,東陽,13,1,12,元大-新盛,2023-04-21,9869
4128,中天,12,1,11,元大-新盛,2023-04-21,9869
4164,承業醫,13,2,11,元大-新盛,2023-04-21,9869
1806,冠軍,11,0,11,元大-新盛,2023-04-21,9869
2492,華新科,19,8,11,元大-新盛,2023-04-21,9869
1519,華城,13,2,11,元大-新盛,2023-04-21,9869
00637L,元大滬深300正2,146,1,145,元大-新盛,2023-04-24,9869
2317,鴻海,61,1,60,元大-新盛,2023-04-24,9869
0056,元大高股息,78,21,57,元大-新盛,2023-04-24,9869
1524,耿鼎,58,2,56,元大-新盛,2023-04-24,9869
6191,精成科,53,0,53,元大-新盛,2023-04-24,9869
00665L,富邦�琤肭磪囓�2,50,0,50,元大-新盛,2023-04-24,9869
3051,力特,50,0,50,元大-新盛,2023-04-24,9869
3518,柏騰,50,0,50,元大-新盛,2023-04-24,9869
4306,炎洲,51,2,49,元大-新盛,2023-04-24,9869
3704,合勤控,31,0,31,元大-新盛,2023-04-24,9869
1101,台泥,82,53,29,元大-新盛,2023-04-24,9869
3035,智原,27,1,26,元大-新盛,2023-04-24,9869
4979,華星光,24,0,24,元大-新盛,2023-04-24,9869
2515,中工,23,0,23,元大-新盛,2023-04-24,9869
2313,華通,22,0,22,元大-新盛,2023-04-24,9869
00720B,元大投資級公司債,23,2,21,元大-新盛,2023-04-24,9869
00633L,富邦上証正2,21,0,21,元大-新盛,2023-04-24,9869
5425,台半,34,13,21,元大-新盛,2023-04-24,9869
4114,健喬,28,7,21,元大-新盛,2023-04-24,9869
6443,元晶,22,1,21,元大-新盛,2023-04-24,9869
2455,全新,20,0,20,元大-新盛,2023-04-24,9869
00679B,元大美債20年,20,1,19,元大-新盛,2023-04-24,9869
00902,中信電池及儲能,19,0,19,元大-新盛,2023-04-24,9869
3003,健和興,18,1,17,元大-新盛,2023-04-24,9869
3005,神基,17,1,16,元大-新盛,2023-04-24,9869
8476,台境*,15,0,15,元大-新盛,2023-04-24,9869
00882,中信中國高股息,14,0,14,元大-新盛,2023-04-24,9869
00772B,中信高評級公司債,13,0,13,元大-新盛,2023-04-24,9869
8050,廣積,13,0,13,元大-新盛,2023-04-24,9869
1711,永光,24,11,13,元大-新盛,2023-04-24,9869
2615,萬海,13,0,13,元大-新盛,2023-04-24,9869
00923,群益台ESG低碳50,12,0,12,元大-新盛,2023-04-24,9869
00635U,期元大S＆P黃金,14,2,12,元大-新盛,2023-04-24,9869
00900,富邦特選高股息30,12,0,12,元大-新盛,2023-04-24,9869
2211,長榮鋼,11,0,11,元大-新盛,2023-04-24,9869
2404,漢唐,11,0,11,元大-新盛,2023-04-24,9869
6234,高僑,10,0,10,元大-新盛,2023-04-24,9869
1737,臺鹽,10,0,10,元大-新盛,2023-04-24,9869
2883B,凱基金乙特,10,0,10,元大-新盛,2023-04-24,9869
9902,台火,11,1,10,元大-新盛,2023-04-24,9869
3058,立德,11,1,10,元大-新盛,2023-04-24,9869
2890,永豐金,9,0,9,元大-新盛,2023-04-24,9869
3047,訊舟,8,0,8,元大-新盛,2023-04-24,9869
2603,長榮,8,0,8,元大-新盛,2023-04-24,9869
006208,富邦台50,8,0,8,元大-新盛,2023-04-24,9869
0050,元大台灣50,22,15,7,元大-新盛,2023-04-24,9869
5243,乙盛-KY,13,6,7,元大-新盛,2023-04-24,9869
2031,新光鋼,7,0,7,元大-新盛,2023-04-24,9869
00696B,富邦美債20年,7,0,7,元大-新盛,2023-04-24,9869
2330,台積電,8,1,7,元大-新盛,2023-04-24,9869
00713,元大台灣高息低波,114,0,114,元大-新盛,2023-04-25,9869
3289,宜特,102,0,102,元大-新盛,2023-04-25,9869
2303,聯電,97,5,92,元大-新盛,2023-04-25,9869
00878,國泰永續高股息,96,14,82,元大-新盛,2023-04-25,9869
00665L,富邦�琤肭磪囓�2,80,0,80,元大-新盛,2023-04-25,9869
0056,元大高股息,116,49,67,元大-新盛,2023-04-25,9869
2634,漢翔,176,116,60,元大-新盛,2023-04-25,9869
3051,力特,55,0,55,元大-新盛,2023-04-25,9869
2610,華航,54,3,51,元大-新盛,2023-04-25,9869
3231,緯創,52,2,50,元大-新盛,2023-04-25,9869
00637L,元大滬深300正2,97,53,44,元大-新盛,2023-04-25,9869
3078,僑威,48,5,43,元大-新盛,2023-04-25,9869
2705,六福,40,0,40,元大-新盛,2023-04-25,9869
4741,泓瀚,42,2,40,元大-新盛,2023-04-25,9869
5243,乙盛-KY,46,7,39,元大-新盛,2023-04-25,9869
3058,立德,46,10,36,元大-新盛,2023-04-25,9869
2356,英業達,33,0,33,元大-新盛,2023-04-25,9869
0050,元大台灣50,45,13,32,元大-新盛,2023-04-25,9869
4306,炎洲,38,10,28,元大-新盛,2023-04-25,9869
00715L,期街口布蘭特正2,33,5,28,元大-新盛,2023-04-25,9869
00773B,中信優先金融債,26,0,26,元大-新盛,2023-04-25,9869
00891,中信關鍵半導體,26,0,26,元大-新盛,2023-04-25,9869
1802,台玻,26,0,26,元大-新盛,2023-04-25,9869
1524,耿鼎,25,0,25,元大-新盛,2023-04-25,9869
3704,合勤控,30,5,25,元大-新盛,2023-04-25,9869
6282,康舒,27,5,22,元大-新盛,2023-04-25,9869
8093,保銳,22,0,22,元大-新盛,2023-04-25,9869
2208,台船,23,1,22,元大-新盛,2023-04-25,9869
2337,旺宏,43,22,21,元大-新盛,2023-04-25,9869
1219,福壽,38,18,20,元大-新盛,2023-04-25,9869
6443,元晶,24,4,20,元大-新盛,2023-04-25,9869
00882,中信中國高股息,19,0,19,元大-新盛,2023-04-25,9869
00753L,中信中國50正2,19,0,19,元大-新盛,2023-04-25,9869
1605,華新,21,3,18,元大-新盛,2023-04-25,9869
9926,新海,18,0,18,元大-新盛,2023-04-25,9869
8088,品安,17,0,17,元大-新盛,2023-04-25,9869
00923,群益台ESG低碳50,26,10,16,元大-新盛,2023-04-25,9869
00772B,中信高評級公司債,26,10,16,元大-新盛,2023-04-25,9869
5351,鈺創,16,0,16,元大-新盛,2023-04-25,9869
5880,合庫金,19,3,16,元大-新盛,2023-04-25,9869
6770,力積電,20,5,15,元大-新盛,2023-04-25,9869
4906,正文,15,0,15,元大-新盛,2023-04-25,9869
6799,來頡,17,2,15,元大-新盛,2023-04-25,9869
2471,資通,30,16,14,元大-新盛,2023-04-25,9869
3017,奇鋐,25,11,14,元大-新盛,2023-04-25,9869
00902,中信電池及儲能,14,0,14,元大-新盛,2023-04-25,9869
6531,愛普*,13,0,13,元大-新盛,2023-04-25,9869
2354,鴻準,13,0,13,元大-新盛,2023-04-25,9869
6721,信實,13,0,13,元大-新盛,2023-04-25,9869
1609,大亞,23,10,13,元大-新盛,2023-04-25,9869
1905,華紙,99,30,69,元大-新盛,2023-04-26,9869
6244,茂迪,56,4,52,元大-新盛,2023-04-26,9869
3032,偉訓,52,1,51,元大-新盛,2023-04-26,9869
3289,宜特,50,0,50,元大-新盛,2023-04-26,9869
6770,力積電,42,4,38,元大-新盛,2023-04-26,9869
3051,力特,35,0,35,元大-新盛,2023-04-26,9869
00751B,元大AAA至A公司債,31,0,31,元大-新盛,2023-04-26,9869
3576,聯合再生,31,0,31,元大-新盛,2023-04-26,9869
2603,長榮,33,3,30,元大-新盛,2023-04-26,9869
6218,豪勉,31,1,30,元大-新盛,2023-04-26,9869
6182,合晶,30,0,30,元大-新盛,2023-04-26,9869
2606,裕民,32,2,30,元大-新盛,2023-04-26,9869
4306,炎洲,50,20,30,元大-新盛,2023-04-26,9869
3264,欣銓,30,0,30,元大-新盛,2023-04-26,9869
3058,立德,29,0,29,元大-新盛,2023-04-26,9869
00712,復華富時不動產,28,1,27,元大-新盛,2023-04-26,9869
00878,國泰永續高股息,28,2,26,元大-新盛,2023-04-26,9869
1101,台泥,40,15,25,元大-新盛,2023-04-26,9869
6191,精成科,24,0,24,元大-新盛,2023-04-26,9869
2610,華航,52,29,23,元大-新盛,2023-04-26,9869
2206,三陽工業,27,5,22,元大-新盛,2023-04-26,9869
00679B,元大美債20年,31,9,22,元大-新盛,2023-04-26,9869
6147,頎邦,20,0,20,元大-新盛,2023-04-26,9869
4741,泓瀚,22,2,20,元大-新盛,2023-04-26,9869
2313,華通,19,0,19,元大-新盛,2023-04-26,9869
1524,耿鼎,20,2,18,元大-新盛,2023-04-26,9869
2605,新興,24,6,18,元大-新盛,2023-04-26,9869
8222,寶一,38,21,17,元大-新盛,2023-04-26,9869
2617,台航,17,1,16,元大-新盛,2023-04-26,9869
00772B,中信高評級公司債,15,0,15,元大-新盛,2023-04-26,9869
0050,元大台灣50,35,20,15,元大-新盛,2023-04-26,9869
3035,智原,16,3,13,元大-新盛,2023-04-26,9869
1605,華新,14,1,13,元大-新盛,2023-04-26,9869
00715L,期街口布蘭特正2,13,0,13,元大-新盛,2023-04-26,9869
3047,訊舟,13,0,13,元大-新盛,2023-04-26,9869
2337,旺宏,34,21,13,元大-新盛,2023-04-26,9869
2634,漢翔,31,19,12,元大-新盛,2023-04-26,9869
2845,遠東銀,12,0,12,元大-新盛,2023-04-26,9869
3062,建漢,12,0,12,元大-新盛,2023-04-26,9869
1904,正隆,21,9,12,元大-新盛,2023-04-26,9869
5880,合庫金,11,0,11,元大-新盛,2023-04-26,9869
2421,建準,11,0,11,元大-新盛,2023-04-26,9869
6443,元晶,23,12,11,元大-新盛,2023-04-26,9869
1721,三晃,37,26,11,元大-新盛,2023-04-26,9869
8299,群聯,11,1,10,元大-新盛,2023-04-26,9869
9907,統一實,10,0,10,元大-新盛,2023-04-26,9869
6209,今國光,10,0,10,元大-新盛,2023-04-26,9869
1714,和桐,10,0,10,元大-新盛,2023-04-26,9869
5223,安力-KY,10,0,10,元大-新盛,2023-04-26,9869
3532,台勝科,10,1,9,元大-新盛,2023-04-26,9869
6244,茂迪,111,3,108,元大-新盛,2023-04-27,9869
3289,宜特,78,3,75,元大-新盛,2023-04-27,9869
00878,國泰永續高股息,58,3,55,元大-新盛,2023-04-27,9869
00632R,元大台灣50反1,55,4,51,元大-新盛,2023-04-27,9869
6179,亞通,50,3,47,元大-新盛,2023-04-27,9869
3058,立德,36,0,36,元大-新盛,2023-04-27,9869
0056,元大高股息,37,3,34,元大-新盛,2023-04-27,9869
00720B,元大投資級公司債,31,0,31,元大-新盛,2023-04-27,9869
00881,國泰台灣5G+,30,0,30,元大-新盛,2023-04-27,9869
0050,元大台灣50,36,7,29,元大-新盛,2023-04-27,9869
2002,中鋼,28,0,28,元大-新盛,2023-04-27,9869
2317,鴻海,29,1,28,元大-新盛,2023-04-27,9869
3051,力特,26,0,26,元大-新盛,2023-04-27,9869
00712,復華富時不動產,25,0,25,元大-新盛,2023-04-27,9869
1101,台泥,32,7,25,元大-新盛,2023-04-27,9869
1514,亞力,25,1,24,元大-新盛,2023-04-27,9869
3704,合勤控,21,0,21,元大-新盛,2023-04-27,9869
00680L,元大美債20正2,21,0,21,元大-新盛,2023-04-27,9869
3260,威剛,44,23,21,元大-新盛,2023-04-27,9869
3017,奇鋐,29,9,20,元大-新盛,2023-04-27,9869
2409,友達,20,0,20,元大-新盛,2023-04-27,9869
2915,潤泰全,20,0,20,元大-新盛,2023-04-27,9869
2406,國碩,20,0,20,元大-新盛,2023-04-27,9869
2420,新巨,20,0,20,元大-新盛,2023-04-27,9869
00679B,元大美債20年,18,0,18,元大-新盛,2023-04-27,9869
1721,三晃,86,69,17,元大-新盛,2023-04-27,9869
1605,華新,17,1,16,元大-新盛,2023-04-27,9869
2303,聯電,37,22,15,元大-新盛,2023-04-27,9869
1802,台玻,15,0,15,元大-新盛,2023-04-27,9869
9926,新海,15,0,15,元大-新盛,2023-04-27,9869
2515,中工,15,0,15,元大-新盛,2023-04-27,9869
2201,裕隆,72,57,15,元大-新盛,2023-04-27,9869
00772B,中信高評級公司債,14,0,14,元大-新盛,2023-04-27,9869
1710,東聯,21,8,13,元大-新盛,2023-04-27,9869
00885,富邦越南,13,0,13,元大-新盛,2023-04-27,9869
1709,和益,36,24,12,元大-新盛,2023-04-27,9869
6548,長科*,12,0,12,元大-新盛,2023-04-27,9869
8426,紅木-KY,12,0,12,元大-新盛,2023-04-27,9869
3540,曜越,12,0,12,元大-新盛,2023-04-27,9869
00877,復華中國5G,12,0,12,元大-新盛,2023-04-27,9869
1513,中興電,12,1,11,元大-新盛,2023-04-27,9869
00642U,期元大S＆P石油,17,6,11,元大-新盛,2023-04-27,9869
3037,欣興,12,2,10,元大-新盛,2023-04-27,9869
1524,耿鼎,10,0,10,元大-新盛,2023-04-27,9869
3003,健和興,10,0,10,元大-新盛,2023-04-27,9869
020031,統一IC設計臺灣N,10,0,10,元大-新盛,2023-04-27,9869
3441,聯一光,10,0,10,元大-新盛,2023-04-27,9869
3322,建舜電,10,0,10,元大-新盛,2023-04-27,9869
2705,六福,10,0,10,元大-新盛,2023-04-27,9869
2367,燿華,10,0,10,元大-新盛,2023-04-27,9869
2888,新光金,153,5,148,元大-新盛,2023-04-28,9869
3481,群創,124,11,113,元大-新盛,2023-04-28,9869
3071,協禧,108,5,103,元大-新盛,2023-04-28,9869
2880,華南金,92,0,92,元大-新盛,2023-04-28,9869
6244,茂迪,83,1,82,元大-新盛,2023-04-28,9869
2409,友達,58,1,57,元大-新盛,2023-04-28,9869
00738U,期元大道瓊白銀,57,0,57,元大-新盛,2023-04-28,9869
6266,泰詠,57,2,55,元大-新盛,2023-04-28,9869
00902,中信電池及儲能,53,0,53,元大-新盛,2023-04-28,9869
1309,台達化,50,0,50,元大-新盛,2023-04-28,9869
6179,亞通,51,1,50,元大-新盛,2023-04-28,9869
6741,91APP*-KY,53,5,48,元大-新盛,2023-04-28,9869
00679B,元大美債20年,38,1,37,元大-新盛,2023-04-28,9869
2461,光群雷,30,0,30,元大-新盛,2023-04-28,9869
2344,華邦電,48,19,29,元大-新盛,2023-04-28,9869
2406,國碩,28,0,28,元大-新盛,2023-04-28,9869
5243,乙盛-KY,30,5,25,元大-新盛,2023-04-28,9869
6770,力積電,26,2,24,元大-新盛,2023-04-28,9869
2382,廣達,23,1,22,元大-新盛,2023-04-28,9869
1101,台泥,23,1,22,元大-新盛,2023-04-28,9869
4919,新唐,23,2,21,元大-新盛,2023-04-28,9869
1721,三晃,37,16,21,元大-新盛,2023-04-28,9869
00772B,中信高評級公司債,22,2,20,元大-新盛,2023-04-28,9869
1711,永光,29,10,19,元大-新盛,2023-04-28,9869
2610,華航,25,7,18,元大-新盛,2023-04-28,9869
2634,漢翔,47,30,17,元大-新盛,2023-04-28,9869
2883,凱基金,19,2,17,元大-新盛,2023-04-28,9869
1909,榮成,17,0,17,元大-新盛,2023-04-28,9869
4906,正文,17,0,17,元大-新盛,2023-04-28,9869
2328,廣宇,17,0,17,元大-新盛,2023-04-28,9869
3092,鴻碩,16,0,16,元大-新盛,2023-04-28,9869
2801,彰銀,18,2,16,元大-新盛,2023-04-28,9869
1310,台苯,17,2,15,元大-新盛,2023-04-28,9869
00720B,元大投資級公司債,15,0,15,元大-新盛,2023-04-28,9869
2301,光寶科,14,0,14,元大-新盛,2023-04-28,9869
6185,幃翔,11,0,11,元大-新盛,2023-04-28,9869
3041,揚智,10,0,10,元大-新盛,2023-04-28,9869
6138,茂達,20,10,10,元大-新盛,2023-04-28,9869
8416,實威,10,0,10,元大-新盛,2023-04-28,9869
00680L,元大美債20正2,10,0,10,元大-新盛,2023-04-28,9869
6829,千附精密,15,5,10,元大-新盛,2023-04-28,9869
8403,盛弘,11,1,10,元大-新盛,2023-04-28,9869
4743,合一,10,1,9,元大-新盛,2023-04-28,9869
3211,順達,9,0,9,元大-新盛,2023-04-28,9869
2363,矽統,11,2,9,元大-新盛,2023-04-28,9869
2890,永豐金,10,1,9,元大-新盛,2023-04-28,9869
2059,川湖,8,0,8,元大-新盛,2023-04-28,9869
1108,幸福,9,1,8,元大-新盛,2023-04-28,9869
2419,仲琦,8,0,8,元大-新盛,2023-04-28,9869
4566,時碩工業,11,3,8,元大-新盛,2023-04-28,9869
00665L,富邦�琤肭磪囓�2,200,100,100,元大-新盛,2023-05-02,9869
2461,光群雷,102,16,86,元大-新盛,2023-05-02,9869
00680L,元大美債20正2,77,0,77,元大-新盛,2023-05-02,9869
00679B,元大美債20年,56,0,56,元大-新盛,2023-05-02,9869
2603,長榮,55,3,52,元大-新盛,2023-05-02,9869
1314,中石化,51,0,51,元大-新盛,2023-05-02,9869
00720B,元大投資級公司債,46,2,44,元大-新盛,2023-05-02,9869
4541,晟田,54,12,42,元大-新盛,2023-05-02,9869
2834,臺企銀,60,19,41,元大-新盛,2023-05-02,9869
2409,友達,38,3,35,元大-新盛,2023-05-02,9869
3432,台端,32,0,32,元大-新盛,2023-05-02,9869
1514,亞力,66,36,30,元大-新盛,2023-05-02,9869
6190,萬泰科,31,1,30,元大-新盛,2023-05-02,9869
5425,台半,31,3,28,元大-新盛,2023-05-02,9869
00772B,中信高評級公司債,27,0,27,元大-新盛,2023-05-02,9869
4121,優盛,75,51,24,元大-新盛,2023-05-02,9869
8938,明安,22,0,22,元大-新盛,2023-05-02,9869
3479,安勤,27,6,21,元大-新盛,2023-05-02,9869
3236,千如,20,0,20,元大-新盛,2023-05-02,9869
00648R,元大S＆P500反1,20,0,20,元大-新盛,2023-05-02,9869
5452,佶優,20,0,20,元大-新盛,2023-05-02,9869
6288,聯嘉,26,6,20,元大-新盛,2023-05-02,9869
2617,台航,18,0,18,元大-新盛,2023-05-02,9869
6477,安集,28,11,17,元大-新盛,2023-05-02,9869
3003,健和興,17,0,17,元大-新盛,2023-05-02,9869
0056,元大高股息,27,10,17,元大-新盛,2023-05-02,9869
00687B,國泰20年美債,17,0,17,元大-新盛,2023-05-02,9869
00712,復華富時不動產,16,0,16,元大-新盛,2023-05-02,9869
3481,群創,25,9,16,元大-新盛,2023-05-02,9869
8222,寶一,25,9,16,元大-新盛,2023-05-02,9869
00632R,元大台灣50反1,19,6,13,元大-新盛,2023-05-02,9869
3056,富華新,17,4,13,元大-新盛,2023-05-02,9869
0050,元大台灣50,18,5,13,元大-新盛,2023-05-02,9869
3715,定穎投控,12,0,12,元大-新盛,2023-05-02,9869
00891,中信關鍵半導體,12,1,11,元大-新盛,2023-05-02,9869
1776,展宇,15,4,11,元大-新盛,2023-05-02,9869
3202,樺晟,19,8,11,元大-新盛,2023-05-02,9869
3017,奇鋐,23,12,11,元大-新盛,2023-05-02,9869
2206,三陽工業,19,9,10,元大-新盛,2023-05-02,9869
6234,高僑,11,1,10,元大-新盛,2023-05-02,9869
6412,群電,17,7,10,元大-新盛,2023-05-02,9869
2421,建準,10,0,10,元大-新盛,2023-05-02,9869
2891,中信金,20,11,9,元大-新盛,2023-05-02,9869
3005,神基,11,2,9,元大-新盛,2023-05-02,9869
2882,國泰金,8,0,8,元大-新盛,2023-05-02,9869
2376,技嘉,9,1,8,元大-新盛,2023-05-02,9869
3217,優群,8,0,8,元大-新盛,2023-05-02,9869
6179,亞通,8,1,7,元大-新盛,2023-05-02,9869
4114,健喬,15,8,7,元大-新盛,2023-05-02,9869
6269,台郡,7,0,7,元大-新盛,2023-05-02,9869
00712,復華富時不動產,148,0,148,元大-新盛,2023-05-03,9869
1504,東元,116,2,114,元大-新盛,2023-05-03,9869
00665L,富邦�琤肭磪囓�2,190,90,100,元大-新盛,2023-05-03,9869
1314,中石化,76,2,74,元大-新盛,2023-05-03,9869
00642U,期元大S＆P石油,53,5,48,元大-新盛,2023-05-03,9869
00715L,期街口布蘭特正2,44,0,44,元大-新盛,2023-05-03,9869
3058,立德,42,1,41,元大-新盛,2023-05-03,9869
2634,漢翔,93,54,39,元大-新盛,2023-05-03,9869
1609,大亞,48,9,39,元大-新盛,2023-05-03,9869
1101,台泥,63,25,38,元大-新盛,2023-05-03,9869
2603,長榮,62,23,39,元大-新盛,2023-05-03,9869
5353,台林,36,1,35,元大-新盛,2023-05-03,9869
0050,元大台灣50,42,7,35,元大-新盛,2023-05-03,9869
00713,元大台灣高息低波,34,0,34,元大-新盛,2023-05-03,9869
6589,台康生技,35,1,34,元大-新盛,2023-05-03,9869
00680L,元大美債20正2,30,0,30,元大-新盛,2023-05-03,9869
2886,兆豐金,30,0,30,元大-新盛,2023-05-03,9869
00637L,元大滬深300正2,76,48,28,元大-新盛,2023-05-03,9869
2530,華建,47,20,27,元大-新盛,2023-05-03,9869
3264,欣銓,30,6,24,元大-新盛,2023-05-03,9869
0056,元大高股息,70,47,23,元大-新盛,2023-05-03,9869
6770,力積電,22,0,22,元大-新盛,2023-05-03,9869
00891,中信關鍵半導體,22,0,22,元大-新盛,2023-05-03,9869
9907,統一實,21,0,21,元大-新盛,2023-05-03,9869
2409,友達,24,3,21,元大-新盛,2023-05-03,9869
1514,亞力,83,64,19,元大-新盛,2023-05-03,9869
00878,國泰永續高股息,56,38,18,元大-新盛,2023-05-03,9869
4121,優盛,32,14,18,元大-新盛,2023-05-03,9869
2892,第一金,18,0,18,元大-新盛,2023-05-03,9869
2913,農林,21,4,17,元大-新盛,2023-05-03,9869
2417,圓剛,16,0,16,元大-新盛,2023-05-03,9869
3019,亞光,16,0,16,元大-新盛,2023-05-03,9869
4111,濟生,15,0,15,元大-新盛,2023-05-03,9869
6412,群電,18,3,15,元大-新盛,2023-05-03,9869
3432,台端,15,0,15,元大-新盛,2023-05-03,9869
4541,晟田,40,25,15,元大-新盛,2023-05-03,9869
3231,緯創,25,11,14,元大-新盛,2023-05-03,9869
3003,健和興,15,1,14,元大-新盛,2023-05-03,9869
2423,固緯,16,2,14,元大-新盛,2023-05-03,9869
3380,明泰,14,0,14,元大-新盛,2023-05-03,9869
8038,長園科,14,0,14,元大-新盛,2023-05-03,9869
6153,嘉聯益,13,0,13,元大-新盛,2023-05-03,9869
3032,偉訓,22,10,12,元大-新盛,2023-05-03,9869
2337,旺宏,12,0,12,元大-新盛,2023-05-03,9869
00752,中信中國50,12,0,12,元大-新盛,2023-05-03,9869
2890,永豐金,11,0,11,元大-新盛,2023-05-03,9869
3147,大綜,12,1,11,元大-新盛,2023-05-03,9869
6257,矽格,21,10,11,元大-新盛,2023-05-03,9869
2368,金像電,11,0,11,元大-新盛,2023-05-03,9869
1711,永光,12,2,10,元大-新盛,2023-05-03,9869
00642U,期元大S＆P石油,131,2,129,元大-新盛,2023-05-04,9869
00772B,中信高評級公司債,124,0,124,元大-新盛,2023-05-04,9869
5009,榮剛,121,12,109,元大-新盛,2023-05-04,9869
2344,華邦電,107,3,104,元大-新盛,2023-05-04,9869
2616,山隆,65,0,65,元大-新盛,2023-05-04,9869
3712,永崴投控,64,5,59,元大-新盛,2023-05-04,9869
3236,千如,55,4,51,元大-新盛,2023-05-04,9869
00712,復華富時不動產,50,0,50,元大-新盛,2023-05-04,9869
4906,正文,48,0,48,元大-新盛,2023-05-04,9869
00715L,期街口布蘭特正2,36,0,36,元大-新盛,2023-05-04,9869
3078,僑威,38,5,33,元大-新盛,2023-05-04,9869
00690,兆豐藍籌30,32,0,32,元大-新盛,2023-05-04,9869
4541,晟田,31,1,30,元大-新盛,2023-05-04,9869
6116,彩晶,30,4,26,元大-新盛,2023-05-04,9869
2206,三陽工業,49,25,24,元大-新盛,2023-05-04,9869
4111,濟生,23,0,23,元大-新盛,2023-05-04,9869
6234,高僑,26,4,22,元大-新盛,2023-05-04,9869
3390,旭軟,20,0,20,元大-新盛,2023-05-04,9869
4123,晟德,30,10,20,元大-新盛,2023-05-04,9869
2886,兆豐金,20,0,20,元大-新盛,2023-05-04,9869
00680L,元大美債20正2,20,0,20,元大-新盛,2023-05-04,9869
9962,有益,19,0,19,元大-新盛,2023-05-04,9869
6185,幃翔,18,0,18,元大-新盛,2023-05-04,9869
6129,普誠,18,0,18,元大-新盛,2023-05-04,9869
1714,和桐,17,0,17,元大-新盛,2023-05-04,9869
8038,長園科,19,3,16,元大-新盛,2023-05-04,9869
6285,啟��,15,0,15,元大-新盛,2023-05-04,9869
1529,樂事綠能,18,5,13,元大-新盛,2023-05-04,9869
2645,長榮航太,13,0,13,元大-新盛,2023-05-04,9869
2324,仁寶,12,0,12,元大-新盛,2023-05-04,9869
2328,廣宇,12,0,12,元大-新盛,2023-05-04,9869
3141,晶宏,12,0,12,元大-新盛,2023-05-04,9869
4106,雃博,13,1,12,元大-新盛,2023-05-04,9869
2457,飛宏,17,6,11,元大-新盛,2023-05-04,9869
1519,華城,11,0,11,元大-新盛,2023-05-04,9869
4979,華星光,12,1,11,元大-新盛,2023-05-04,9869
5351,鈺創,11,0,11,元大-新盛,2023-05-04,9869
6148,驊宏資,61,50,11,元大-新盛,2023-05-04,9869
00720B,元大投資級公司債,11,0,11,元大-新盛,2023-05-04,9869
6282,康舒,13,3,10,元大-新盛,2023-05-04,9869
6412,群電,10,0,10,元大-新盛,2023-05-04,9869
6288,聯嘉,9,0,9,元大-新盛,2023-05-04,9869
0056,元大高股息,16,7,9,元大-新盛,2023-05-04,9869
8215,明基材,14,5,9,元大-新盛,2023-05-04,9869
1504,東元,18,10,8,元大-新盛,2023-05-04,9869
3029,零壹,12,4,8,元大-新盛,2023-05-04,9869
4950,牧東,17,9,8,元大-新盛,2023-05-04,9869
2103,台橡,8,0,8,元大-新盛,2023-05-04,9869
1710,東聯,20,12,8,元大-新盛,2023-05-04,9869
6199,天品,8,0,8,元大-新盛,2023-05-04,9869
2353,宏��,152,13,139,元大-新盛,2023-05-05,9869
00772B,中信高評級公司債,114,5,109,元大-新盛,2023-05-05,9869
6218,豪勉,94,14,80,元大-新盛,2023-05-05,9869
00680L,元大美債20正2,80,10,70,元大-新盛,2023-05-05,9869
2344,華邦電,119,50,69,元大-新盛,2023-05-05,9869
4906,正文,55,0,55,元大-新盛,2023-05-05,9869
00642U,期元大S＆P石油,51,0,51,元大-新盛,2023-05-05,9869
3236,千如,53,3,50,元大-新盛,2023-05-05,9869
8927,北基,54,4,50,元大-新盛,2023-05-05,9869
00751B,元大AAA至A公司債,47,0,47,元大-新盛,2023-05-05,9869
5469,瀚宇博,43,0,43,元大-新盛,2023-05-05,9869
3576,聯合再生,41,1,40,元大-新盛,2023-05-05,9869
3710,連展投控,40,0,40,元大-新盛,2023-05-05,9869
1609,大亞,91,52,39,元大-新盛,2023-05-05,9869
00878,國泰永續高股息,41,2,39,元大-新盛,2023-05-05,9869
00720B,元大投資級公司債,41,6,35,元大-新盛,2023-05-05,9869
8215,明基材,36,2,34,元大-新盛,2023-05-05,9869
3432,台端,31,0,31,元大-新盛,2023-05-05,9869
1529,樂事綠能,66,35,31,元大-新盛,2023-05-05,9869
3264,欣銓,30,0,30,元大-新盛,2023-05-05,9869
2312,金寶,30,0,30,元大-新盛,2023-05-05,9869
2880,華南金,29,0,29,元大-新盛,2023-05-05,9869
4114,健喬,35,10,25,元大-新盛,2023-05-05,9869
1734,杏輝,28,3,25,元大-新盛,2023-05-05,9869
00712,復華富時不動產,23,0,23,元大-新盛,2023-05-05,9869
6116,彩晶,25,3,22,元大-新盛,2023-05-05,9869
00655L,國泰中國A50正2,20,0,20,元大-新盛,2023-05-05,9869
6160,欣技,21,2,19,元大-新盛,2023-05-05,9869
1905,華紙,32,13,19,元大-新盛,2023-05-05,9869
00715L,期街口布蘭特正2,18,0,18,元大-新盛,2023-05-05,9869
00679B,元大美債20年,19,2,17,元大-新盛,2023-05-05,9869
2002,中鋼,18,1,17,元大-新盛,2023-05-05,9869
5321,美而快,38,21,17,元大-新盛,2023-05-05,9869
6485,點序,18,1,17,元大-新盛,2023-05-05,9869
6443,元晶,35,19,16,元大-新盛,2023-05-05,9869
2337,旺宏,19,3,16,元大-新盛,2023-05-05,9869
2530,華建,15,0,15,元大-新盛,2023-05-05,9869
3209,全科,16,1,15,元大-新盛,2023-05-05,9869
0056,元大高股息,36,21,15,元大-新盛,2023-05-05,9869
1714,和桐,14,0,14,元大-新盛,2023-05-05,9869
3038,全台,14,0,14,元大-新盛,2023-05-05,9869
1709,和益,12,0,12,元大-新盛,2023-05-05,9869
2233,宇隆,12,1,11,元大-新盛,2023-05-05,9869
2515,中工,11,0,11,元大-新盛,2023-05-05,9869
3062,建漢,11,0,11,元大-新盛,2023-05-05,9869
00687B,國泰20年美債,11,0,11,元大-新盛,2023-05-05,9869
6148,驊宏資,11,0,11,元大-新盛,2023-05-05,9869
5009,榮剛,14,4,10,元大-新盛,2023-05-05,9869
8938,明安,10,0,10,元大-新盛,2023-05-05,9869
1909,榮成,10,0,10,元大-新盛,2023-05-05,9869
00878,國泰永續高股息,304,24,280,元大-新盛,2023-05-08,9869
00715L,期街口布蘭特正2,229,12,217,元大-新盛,2023-05-08,9869
6191,精成科,216,6,210,元大-新盛,2023-05-08,9869
00919,群益台灣精選高息,92,0,92,元大-新盛,2023-05-08,9869
2851,中再保,69,7,62,元大-新盛,2023-05-08,9869
1319,東陽,53,1,52,元大-新盛,2023-05-08,9869
6167,久正,50,0,50,元大-新盛,2023-05-08,9869
00923,群益台ESG低碳50,50,0,50,元大-新盛,2023-05-08,9869
3058,立德,54,6,48,元大-新盛,2023-05-08,9869
1434,福懋,42,0,42,元大-新盛,2023-05-08,9869
0056,元大高股息,58,16,42,元大-新盛,2023-05-08,9869
3049,精金,33,0,33,元大-新盛,2023-05-08,9869
00738U,期元大道瓊白銀,33,0,33,元大-新盛,2023-05-08,9869
00772B,中信高評級公司債,32,0,32,元大-新盛,2023-05-08,9869
00680L,元大美債20正2,46,15,31,元大-新盛,2023-05-08,9869
5498,凱崴,32,2,30,元大-新盛,2023-05-08,9869
3481,群創,32,3,29,元大-新盛,2023-05-08,9869
2883,凱基金,68,40,28,元大-新盛,2023-05-08,9869
3432,台端,26,0,26,元大-新盛,2023-05-08,9869
2880,華南金,26,1,25,元大-新盛,2023-05-08,9869
3704,合勤控,24,1,23,元大-新盛,2023-05-08,9869
5905,南仁湖,22,0,22,元大-新盛,2023-05-08,9869
3545,敦泰,23,4,19,元大-新盛,2023-05-08,9869
4121,優盛,18,1,17,元大-新盛,2023-05-08,9869
8390,金益鼎,17,0,17,元大-新盛,2023-05-08,9869
1513,中興電,51,35,16,元大-新盛,2023-05-08,9869
2371,大同,24,9,15,元大-新盛,2023-05-08,9869
8429,金麗-KY,15,0,15,元大-新盛,2023-05-08,9869
6125,廣運,28,13,15,元大-新盛,2023-05-08,9869
00720B,元大投資級公司債,16,2,14,元大-新盛,2023-05-08,9869
4173,久裕,13,0,13,元大-新盛,2023-05-08,9869
3703,欣陸,23,10,13,元大-新盛,2023-05-08,9869
0050,元大台灣50,27,14,13,元大-新盛,2023-05-08,9869
6282,康舒,17,4,13,元大-新盛,2023-05-08,9869
00751B,元大AAA至A公司債,15,2,13,元大-新盛,2023-05-08,9869
6173,信昌電,16,4,12,元大-新盛,2023-05-08,9869
2313,華通,13,1,12,元大-新盛,2023-05-08,9869
2882,國泰金,12,1,11,元大-新盛,2023-05-08,9869
6443,元晶,23,12,11,元大-新盛,2023-05-08,9869
9955,佳龍,12,1,11,元大-新盛,2023-05-08,9869
6625,必應,21,10,11,元大-新盛,2023-05-08,9869
2883B,凱基金乙特,10,0,10,元大-新盛,2023-05-08,9869
1305,華夏,10,0,10,元大-新盛,2023-05-08,9869
2913,農林,10,0,10,元大-新盛,2023-05-08,9869
4906,正文,10,0,10,元大-新盛,2023-05-08,9869
2630,亞航,9,0,9,元大-新盛,2023-05-08,9869
1785,光洋科,11,2,9,元大-新盛,2023-05-08,9869
8215,明基材,9,0,9,元大-新盛,2023-05-08,9869
00891,中信關鍵半導體,11,2,9,元大-新盛,2023-05-08,9869
3363,上詮,11,2,9,元大-新盛,2023-05-08,9869
00772B,中信高評級公司債,124,4,120,元大-新盛,2023-05-09,9869
00720B,元大投資級公司債,110,0,110,元大-新盛,2023-05-09,9869
6191,精成科,91,12,79,元大-新盛,2023-05-09,9869
3046,建��,143,69,74,元大-新盛,2023-05-09,9869
6443,元晶,75,9,66,元大-新盛,2023-05-09,9869
00687B,國泰20年美債,66,0,66,元大-新盛,2023-05-09,9869
3051,力特,91,30,61,元大-新盛,2023-05-09,9869
2421,建準,84,45,39,元大-新盛,2023-05-09,9869
00679B,元大美債20年,38,0,38,元大-新盛,2023-05-09,9869
00751B,元大AAA至A公司債,33,0,33,元大-新盛,2023-05-09,9869
0050,元大台灣50,49,17,32,元大-新盛,2023-05-09,9869
3290,東浦,31,0,31,元大-新盛,2023-05-09,9869
00680L,元大美債20正2,29,0,29,元大-新盛,2023-05-09,9869
1314,中石化,29,0,29,元大-新盛,2023-05-09,9869
2405,輔信,34,6,28,元大-新盛,2023-05-09,9869
1513,中興電,62,35,27,元大-新盛,2023-05-09,9869
1519,華城,55,28,27,元大-新盛,2023-05-09,9869
1605,華新,55,28,27,元大-新盛,2023-05-09,9869
9962,有益,24,0,24,元大-新盛,2023-05-09,9869
6275,元山,23,0,23,元大-新盛,2023-05-09,9869
2406,國碩,25,3,22,元大-新盛,2023-05-09,9869
1101,台泥,41,19,22,元大-新盛,2023-05-09,9869
2705,六福,20,0,20,元大-新盛,2023-05-09,9869
00696B,富邦美債20年,20,0,20,元大-新盛,2023-05-09,9869
4543,萬在,20,0,20,元大-新盛,2023-05-09,9869
6282,康舒,30,11,19,元大-新盛,2023-05-09,9869
2484,希華,22,3,19,元大-新盛,2023-05-09,9869
3594,磐儀,18,0,18,元大-新盛,2023-05-09,9869
1708,東鹼,27,10,17,元大-新盛,2023-05-09,9869
8049,晶采,18,1,17,元大-新盛,2023-05-09,9869
3693,營邦,16,0,16,元大-新盛,2023-05-09,9869
5015,華祺,16,0,16,元大-新盛,2023-05-09,9869
4551,智伸科,15,0,15,元大-新盛,2023-05-09,9869
00773B,中信優先金融債,14,0,14,元大-新盛,2023-05-09,9869
6016,康和證,14,0,14,元大-新盛,2023-05-09,9869
00688L,國泰20年美債正2,13,0,13,元大-新盛,2023-05-09,9869
1718,中纖,19,6,13,元大-新盛,2023-05-09,9869
00725B,國泰投資級公司債,13,0,13,元大-新盛,2023-05-09,9869
1503,士電,18,6,12,元大-新盛,2023-05-09,9869
8086,宏捷科,13,1,12,元大-新盛,2023-05-09,9869
1218,泰山,16,4,12,元大-新盛,2023-05-09,9869
3703,欣陸,11,0,11,元大-新盛,2023-05-09,9869
00900,富邦特選高股息30,11,0,11,元大-新盛,2023-05-09,9869
3003,健和興,11,0,11,元大-新盛,2023-05-09,9869
9945,潤泰新,11,0,11,元大-新盛,2023-05-09,9869
1504,東元,66,56,10,元大-新盛,2023-05-09,9869
5301,寶得利,10,0,10,元大-新盛,2023-05-09,9869
2344,華邦電,11,1,10,元大-新盛,2023-05-09,9869
2485,兆赫,10,0,10,元大-新盛,2023-05-09,9869
00665L,富邦�琤肭磪囓�2,10,0,10,元大-新盛,2023-05-09,9869
00665L,富邦�琤肭磪囓�2,750,50,700,元大-新盛,2023-05-10,9869
00680L,元大美債20正2,138,0,138,元大-新盛,2023-05-10,9869
6191,精成科,141,6,135,元大-新盛,2023-05-10,9869
3191,雲嘉南,115,0,115,元大-新盛,2023-05-10,9869
00637L,元大滬深300正2,122,11,111,元大-新盛,2023-05-10,9869
6244,茂迪,80,0,80,元大-新盛,2023-05-10,9869
00878,國泰永續高股息,75,2,73,元大-新盛,2023-05-10,9869
00772B,中信高評級公司債,58,0,58,元大-新盛,2023-05-10,9869
3704,合勤控,50,0,50,元大-新盛,2023-05-10,9869
6570,維田,55,5,50,元大-新盛,2023-05-10,9869
00687B,國泰20年美債,39,0,39,元大-新盛,2023-05-10,9869
00713,元大台灣高息低波,39,0,39,元大-新盛,2023-05-10,9869
8097,常珵,37,3,34,元大-新盛,2023-05-10,9869
2882,國泰金,27,0,27,元大-新盛,2023-05-10,9869
3712,永崴投控,25,1,24,元大-新盛,2023-05-10,9869
3231,緯創,32,10,22,元大-新盛,2023-05-10,9869
3202,樺晟,25,3,22,元大-新盛,2023-05-10,9869
6243,迅杰,23,1,22,元大-新盛,2023-05-10,9869
6274,台燿,23,1,22,元大-新盛,2023-05-10,9869
2883,凱基金,22,1,21,元大-新盛,2023-05-10,9869
1519,華城,36,15,21,元大-新盛,2023-05-10,9869
2605,新興,20,0,20,元大-新盛,2023-05-10,9869
00690,兆豐藍籌30,20,0,20,元大-新盛,2023-05-10,9869
8277,商丞,20,0,20,元大-新盛,2023-05-10,9869
0056,元大高股息,39,19,20,元大-新盛,2023-05-10,9869
00720B,元大投資級公司債,19,0,19,元大-新盛,2023-05-10,9869
00712,復華富時不動產,18,0,18,元大-新盛,2023-05-10,9869
2618,長榮航,56,39,17,元大-新盛,2023-05-10,9869
8033,雷虎,29,13,16,元大-新盛,2023-05-10,9869
2881,富邦金,15,0,15,元大-新盛,2023-05-10,9869
3013,晟銘電,15,0,15,元大-新盛,2023-05-10,9869
1439,雋揚,15,0,15,元大-新盛,2023-05-10,9869
1909,榮成,15,0,15,元大-新盛,2023-05-10,9869
2610,華航,54,39,15,元大-新盛,2023-05-10,9869
6112,邁達特,17,3,14,元大-新盛,2023-05-10,9869
2303,聯電,16,2,14,元大-新盛,2023-05-10,9869
00751B,元大AAA至A公司債,13,0,13,元大-新盛,2023-05-10,9869
1513,中興電,24,11,13,元大-新盛,2023-05-10,9869
5009,榮剛,17,4,13,元大-新盛,2023-05-10,9869
1721,三晃,12,0,12,元大-新盛,2023-05-10,9869
00882,中信中國高股息,19,7,12,元大-新盛,2023-05-10,9869
00900,富邦特選高股息30,12,0,12,元大-新盛,2023-05-10,9869
1528,恩德,12,0,12,元大-新盛,2023-05-10,9869
3694,海華,12,0,12,元大-新盛,2023-05-10,9869
00753L,中信中國50正2,11,0,11,元大-新盛,2023-05-10,9869
1609,大亞,51,40,11,元大-新盛,2023-05-10,9869
6747,亨泰光,10,0,10,元大-新盛,2023-05-10,9869
2387,精元,13,3,10,元大-新盛,2023-05-10,9869
9933,中鼎,10,0,10,元大-新盛,2023-05-10,9869
8091,翔名,14,4,10,元大-新盛,2023-05-10,9869
2634,漢翔,207,24,183,元大-新盛,2023-05-11,9869
6191,精成科,102,0,102,元大-新盛,2023-05-11,9869
9907,統一實,90,1,89,元大-新盛,2023-05-11,9869
6218,豪勉,76,11,65,元大-新盛,2023-05-11,9869
0056,元大高股息,70,6,64,元大-新盛,2023-05-11,9869
5381,合正,60,0,60,元大-新盛,2023-05-11,9869
3704,合勤控,52,4,48,元大-新盛,2023-05-11,9869
8038,長園科,55,13,42,元大-新盛,2023-05-11,9869
00632R,元大台灣50反1,62,20,42,元大-新盛,2023-05-11,9869
5905,南仁湖,40,1,39,元大-新盛,2023-05-11,9869
3712,永崴投控,57,20,37,元大-新盛,2023-05-11,9869
6163,華電網,36,0,36,元大-新盛,2023-05-11,9869
3576,聯合再生,32,0,32,元大-新盛,2023-05-11,9869
2618,長榮航,40,9,31,元大-新盛,2023-05-11,9869
00713,元大台灣高息低波,27,0,27,元大-新盛,2023-05-11,9869
2705,六福,25,0,25,元大-新盛,2023-05-11,9869
1609,大亞,127,102,25,元大-新盛,2023-05-11,9869
2610,華航,29,7,22,元大-新盛,2023-05-11,9869
5353,台林,22,0,22,元大-新盛,2023-05-11,9869
6806,森崴能源,31,11,20,元大-新盛,2023-05-11,9869
2890,永豐金,31,10,21,元大-新盛,2023-05-11,9869
4919,新唐,25,5,20,元大-新盛,2023-05-11,9869
2547,日勝生,20,0,20,元大-新盛,2023-05-11,9869
4533,協易機,20,0,20,元大-新盛,2023-05-11,9869
8121,越峰,22,2,20,元大-新盛,2023-05-11,9869
9943,好樂迪,22,3,19,元大-新盛,2023-05-11,9869
3202,樺晟,36,17,19,元大-新盛,2023-05-11,9869
1314,中石化,19,0,19,元大-新盛,2023-05-11,9869
3322,建舜電,18,0,18,元大-新盛,2023-05-11,9869
2367,燿華,17,0,17,元大-新盛,2023-05-11,9869
020030,統一智慧電動車N,15,0,15,元大-新盛,2023-05-11,9869
8210,勤誠,17,2,15,元大-新盛,2023-05-11,9869
5243,乙盛-KY,15,0,15,元大-新盛,2023-05-11,9869
8476,台境*,15,0,15,元大-新盛,2023-05-11,9869
2014,中鴻,14,0,14,元大-新盛,2023-05-11,9869
2208,台船,20,6,14,元大-新盛,2023-05-11,9869
00878,國泰永續高股息,16,3,13,元大-新盛,2023-05-11,9869
0050,元大台灣50,23,10,13,元大-新盛,2023-05-11,9869
00642U,期元大S＆P石油,22,9,13,元大-新盛,2023-05-11,9869
00720B,元大投資級公司債,18,5,13,元大-新盛,2023-05-11,9869
3363,上詮,75,62,13,元大-新盛,2023-05-11,9869
00891,中信關鍵半導體,13,1,12,元大-新盛,2023-05-11,9869
2409,友達,12,0,12,元大-新盛,2023-05-11,9869
5351,鈺創,13,1,12,元大-新盛,2023-05-11,9869
1718,中纖,12,0,12,元大-新盛,2023-05-11,9869
1402,遠東新,12,0,12,元大-新盛,2023-05-11,9869
2867,三商壽,12,0,12,元大-新盛,2023-05-11,9869
4953,緯軟,12,1,11,元大-新盛,2023-05-11,9869
4908,前鼎,11,0,11,元大-新盛,2023-05-11,9869
2002,中鋼,12,2,10,元大-新盛,2023-05-11,9869
3017,奇鋐,226,4,222,元大-新盛,2023-05-12,9869
2890,永豐金,115,11,104,元大-新盛,2023-05-12,9869
6191,精成科,100,0,100,元大-新盛,2023-05-12,9869
2206,三陽工業,94,16,78,元大-新盛,2023-05-12,9869
00878,國泰永續高股息,81,15,66,元大-新盛,2023-05-12,9869
00882,中信中國高股息,70,5,65,元大-新盛,2023-05-12,9869
00680L,元大美債20正2,78,14,64,元大-新盛,2023-05-12,9869
00637L,元大滬深300正2,69,5,64,元大-新盛,2023-05-12,9869
6570,維田,50,0,50,元大-新盛,2023-05-12,9869
0056,元大高股息,64,21,43,元大-新盛,2023-05-12,9869
2317,鴻海,57,17,40,元大-新盛,2023-05-12,9869
2337,旺宏,37,0,37,元大-新盛,2023-05-12,9869
2618,長榮航,45,10,35,元大-新盛,2023-05-12,9869
00713,元大台灣高息低波,35,0,35,元大-新盛,2023-05-12,9869
00632R,元大台灣50反1,50,21,29,元大-新盛,2023-05-12,9869
2882,國泰金,26,0,26,元大-新盛,2023-05-12,9869
1810,和成,25,0,25,元大-新盛,2023-05-12,9869
00720B,元大投資級公司債,27,2,25,元大-新盛,2023-05-12,9869
1101,台泥,45,21,24,元大-新盛,2023-05-12,9869
8446,華研,24,0,24,元大-新盛,2023-05-12,9869
1529,樂事綠能,24,5,19,元大-新盛,2023-05-12,9869
2328,廣宇,21,3,18,元大-新盛,2023-05-12,9869
8938,明安,18,0,18,元大-新盛,2023-05-12,9869
9943,好樂迪,19,1,18,元大-新盛,2023-05-12,9869
3481,群創,23,5,18,元大-新盛,2023-05-12,9869
3032,偉訓,24,7,17,元大-新盛,2023-05-12,9869
5876,上海商銀,13,0,13,元大-新盛,2023-05-12,9869
2303,聯電,14,1,13,元大-新盛,2023-05-12,9869
3265,台星科,12,0,12,元大-新盛,2023-05-12,9869
8215,明基材,12,0,12,元大-新盛,2023-05-12,9869
9945,潤泰新,12,0,12,元大-新盛,2023-05-12,9869
6288,聯嘉,12,0,12,元大-新盛,2023-05-12,9869
2891,中信金,11,0,11,元大-新盛,2023-05-12,9869
00642U,期元大S＆P石油,32,21,11,元大-新盛,2023-05-12,9869
2457,飛宏,20,9,11,元大-新盛,2023-05-12,9869
8426,紅木-KY,13,2,11,元大-新盛,2023-05-12,9869
3576,聯合再生,12,2,10,元大-新盛,2023-05-12,9869
00690,兆豐藍籌30,10,0,10,元大-新盛,2023-05-12,9869
4207,環泰,10,0,10,元大-新盛,2023-05-12,9869
2406,國碩,10,0,10,元大-新盛,2023-05-12,9869
6122,擎邦,14,5,9,元大-新盛,2023-05-12,9869
6223,旺矽,9,0,9,元大-新盛,2023-05-12,9869
3062,建漢,10,1,9,元大-新盛,2023-05-12,9869
5706,鳳凰,16,7,9,元大-新盛,2023-05-12,9869
2359,所羅門,8,0,8,元大-新盛,2023-05-12,9869
2481,強茂,10,2,8,元大-新盛,2023-05-12,9869
2885,元大金,8,0,8,元大-新盛,2023-05-12,9869
4533,協易機,8,0,8,元大-新盛,2023-05-12,9869
2880,華南金,8,0,8,元大-新盛,2023-05-12,9869
0053,元大電子,8,0,8,元大-新盛,2023-05-12,9869
3029,零壹,165,2,163,元大-新盛,2023-05-15,9869
4306,炎洲,113,0,113,元大-新盛,2023-05-15,9869
3017,奇鋐,126,20,106,元大-新盛,2023-05-15,9869
6245,立端,94,2,92,元大-新盛,2023-05-15,9869
2371,大同,175,103,72,元大-新盛,2023-05-15,9869
00772B,中信高評級公司債,68,0,68,元大-新盛,2023-05-15,9869
2845,遠東銀,52,0,52,元大-新盛,2023-05-15,9869
00642U,期元大S＆P石油,50,0,50,元大-新盛,2023-05-15,9869
3704,合勤控,50,1,49,元大-新盛,2023-05-15,9869
2915,潤泰全,50,2,48,元大-新盛,2023-05-15,9869
00687B,國泰20年美債,44,0,44,元大-新盛,2023-05-15,9869
3617,碩天,43,1,42,元大-新盛,2023-05-15,9869
2743,山富,44,3,41,元大-新盛,2023-05-15,9869
4906,正文,40,0,40,元大-新盛,2023-05-15,9869
2404,漢唐,55,16,39,元大-新盛,2023-05-15,9869
00885,富邦越南,73,35,38,元大-新盛,2023-05-15,9869
2206,三陽工業,41,8,33,元大-新盛,2023-05-15,9869
3024,憶聲,30,0,30,元大-新盛,2023-05-15,9869
6244,茂迪,33,6,27,元大-新盛,2023-05-15,9869
1513,中興電,24,1,23,元大-新盛,2023-05-15,9869
1714,和桐,23,1,22,元大-新盛,2023-05-15,9869
8121,越峰,25,5,20,元大-新盛,2023-05-15,9869
00637L,元大滬深300正2,55,36,19,元大-新盛,2023-05-15,9869
6191,精成科,51,32,19,元大-新盛,2023-05-15,9869
2331,精英,21,3,18,元大-新盛,2023-05-15,9869
4163,鐿鈦,16,0,16,元大-新盛,2023-05-15,9869
00725B,國泰投資級公司債,16,0,16,元大-新盛,2023-05-15,9869
00878,國泰永續高股息,117,102,15,元大-新盛,2023-05-15,9869
1519,華城,29,14,15,元大-新盛,2023-05-15,9869
8390,金益鼎,15,0,15,元大-新盛,2023-05-15,9869
2317,鴻海,24,10,14,元大-新盛,2023-05-15,9869
1101,台泥,30,17,13,元大-新盛,2023-05-15,9869
0050,元大台灣50,19,8,11,元大-新盛,2023-05-15,9869
2515,中工,11,0,11,元大-新盛,2023-05-15,9869
2329,華泰,11,0,11,元大-新盛,2023-05-15,9869
2610,華航,11,0,11,元大-新盛,2023-05-15,9869
6282,康舒,11,0,11,元大-新盛,2023-05-15,9869
00715L,期街口布蘭特正2,16,5,11,元大-新盛,2023-05-15,9869
00923,群益台ESG低碳50,11,0,11,元大-新盛,2023-05-15,9869
6770,力積電,11,1,10,元大-新盛,2023-05-15,9869
6104,創惟,10,0,10,元大-新盛,2023-05-15,9869
00751B,元大AAA至A公司債,12,2,10,元大-新盛,2023-05-15,9869
5876,上海商銀,10,0,10,元大-新盛,2023-05-15,9869
1312,國喬,10,0,10,元大-新盛,2023-05-15,9869
2444,兆勁,10,0,10,元大-新盛,2023-05-15,9869
5425,台半,11,1,10,元大-新盛,2023-05-15,9869
8933,愛地雅,10,0,10,元大-新盛,2023-05-15,9869
3588,通嘉,10,0,10,元大-新盛,2023-05-15,9869
3025,星通,10,0,10,元大-新盛,2023-05-15,9869
2547,日勝生,10,0,10,元大-新盛,2023-05-15,9869
00680L,元大美債20正2,220,17,203,元大-新盛,2023-05-16,9869
6191,精成科,133,1,132,元大-新盛,2023-05-16,9869
6218,豪勉,133,20,113,元大-新盛,2023-05-16,9869
00720B,元大投資級公司債,103,0,103,元大-新盛,2023-05-16,9869
00687B,國泰20年美債,76,0,76,元大-新盛,2023-05-16,9869
3704,合勤控,53,3,50,元大-新盛,2023-05-16,9869
4306,炎洲,50,0,50,元大-新盛,2023-05-16,9869
0056,元大高股息,67,39,28,元大-新盛,2023-05-16,9869
00751B,元大AAA至A公司債,27,0,27,元大-新盛,2023-05-16,9869
4128,中天,21,0,21,元大-新盛,2023-05-16,9869
2851,中再保,22,1,21,元大-新盛,2023-05-16,9869
2461,光群雷,22,1,21,元大-新盛,2023-05-16,9869
0050,元大台灣50,32,11,21,元大-新盛,2023-05-16,9869
5905,南仁湖,22,2,20,元大-新盛,2023-05-16,9869
5498,凱崴,20,0,20,元大-新盛,2023-05-16,9869
2206,三陽工業,53,33,20,元大-新盛,2023-05-16,9869
00881,國泰台灣5G+,25,6,19,元大-新盛,2023-05-16,9869
4167,松瑞藥,20,2,18,元大-新盛,2023-05-16,9869
8076,伍豐,39,21,18,元大-新盛,2023-05-16,9869
00772B,中信高評級公司債,16,0,16,元大-新盛,2023-05-16,9869
2337,旺宏,17,1,16,元大-新盛,2023-05-16,9869
1609,大亞,41,25,16,元大-新盛,2023-05-16,9869
2201,裕隆,25,9,16,元大-新盛,2023-05-16,9869
00891,中信關鍵半導體,20,5,15,元大-新盛,2023-05-16,9869
3481,群創,15,2,13,元大-新盛,2023-05-16,9869
2359,所羅門,16,3,13,元大-新盛,2023-05-16,9869
3017,奇鋐,40,29,11,元大-新盛,2023-05-16,9869
3540,曜越,12,1,11,元大-新盛,2023-05-16,9869
4967,十銓,19,8,11,元大-新盛,2023-05-16,9869
1504,東元,75,65,10,元大-新盛,2023-05-16,9869
2406,國碩,10,0,10,元大-新盛,2023-05-16,9869
2014,中鴻,10,0,10,元大-新盛,2023-05-16,9869
2312,金寶,10,0,10,元大-新盛,2023-05-16,9869
6712,長聖,9,0,9,元大-新盛,2023-05-16,9869
1714,和桐,11,2,9,元大-新盛,2023-05-16,9869
00882,中信中國高股息,15,6,9,元大-新盛,2023-05-16,9869
3035,智原,12,4,8,元大-新盛,2023-05-16,9869
8284,三竹,8,0,8,元大-新盛,2023-05-16,9869
2883B,凱基金乙特,8,0,8,元大-新盛,2023-05-16,9869
2498,宏達電,10,2,8,元大-新盛,2023-05-16,9869
3596,智易,10,2,8,元大-新盛,2023-05-16,9869
2634,漢翔,9,2,7,元大-新盛,2023-05-16,9869
2495,普安,7,0,7,元大-新盛,2023-05-16,9869
2388,威盛,13,6,7,元大-新盛,2023-05-16,9869
4977,眾達-KY,10,3,7,元大-新盛,2023-05-16,9869
00679B,元大美債20年,9,3,6,元大-新盛,2023-05-16,9869
00682U,期元大美元指數,6,0,6,元大-新盛,2023-05-16,9869
00752,中信中國50,6,0,6,元大-新盛,2023-05-16,9869
9928,中視,6,0,6,元大-新盛,2023-05-16,9869
8069,元太,10,4,6,元大-新盛,2023-05-16,9869
6112,邁達特,105,6,99,元大-新盛,2023-05-17,9869
6191,精成科,80,8,72,元大-新盛,2023-05-17,9869
1337,再生-KY,70,8,62,元大-新盛,2023-05-17,9869
1904,正隆,60,0,60,元大-新盛,2023-05-17,9869
00878,國泰永續高股息,108,48,60,元大-新盛,2023-05-17,9869
00637L,元大滬深300正2,62,5,57,元大-新盛,2023-05-17,9869
4306,炎洲,50,0,50,元大-新盛,2023-05-17,9869
2337,旺宏,47,2,45,元大-新盛,2023-05-17,9869
00687B,國泰20年美債,44,0,44,元大-新盛,2023-05-17,9869
8097,常珵,43,0,43,元大-新盛,2023-05-17,9869
0056,元大高股息,59,22,37,元大-新盛,2023-05-17,9869
00751B,元大AAA至A公司債,28,0,28,元大-新盛,2023-05-17,9869
00679B,元大美債20年,23,0,23,元大-新盛,2023-05-17,9869
3231,緯創,34,11,23,元大-新盛,2023-05-17,9869
00795B,中信美國公債20年,22,0,22,元大-新盛,2023-05-17,9869
4919,新唐,22,0,22,元大-新盛,2023-05-17,9869
3617,碩天,24,2,22,元大-新盛,2023-05-17,9869
00882,中信中國高股息,21,0,21,元大-新盛,2023-05-17,9869
2888,新光金,24,4,20,元大-新盛,2023-05-17,9869
2317,鴻海,21,3,18,元大-新盛,2023-05-17,9869
3017,奇鋐,36,18,18,元大-新盛,2023-05-17,9869
1101,台泥,28,10,18,元大-新盛,2023-05-17,9869
1609,大亞,27,9,18,元大-新盛,2023-05-17,9869
2618,長榮航,42,24,18,元大-新盛,2023-05-17,9869
3704,合勤控,23,6,17,元大-新盛,2023-05-17,9869
00642U,期元大S＆P石油,14,0,14,元大-新盛,2023-05-17,9869
8390,金益鼎,14,0,14,元大-新盛,2023-05-17,9869
00676R,富邦臺灣加權反1,13,0,13,元大-新盛,2023-05-17,9869
00715L,期街口布蘭特正2,13,0,13,元大-新盛,2023-05-17,9869
2745,五福,14,2,12,元大-新盛,2023-05-17,9869
5511,德昌,14,2,12,元大-新盛,2023-05-17,9869
00891,中信關鍵半導體,12,0,12,元大-新盛,2023-05-17,9869
2303,聯電,25,14,11,元大-新盛,2023-05-17,9869
5284,jpp-KY,25,14,11,元大-新盛,2023-05-17,9869
4711,永純,12,1,11,元大-新盛,2023-05-17,9869
00753L,中信中國50正2,10,0,10,元大-新盛,2023-05-17,9869
00902,中信電池及儲能,10,0,10,元大-新盛,2023-05-17,9869
3013,晟銘電,10,0,10,元大-新盛,2023-05-17,9869
6477,安集,14,4,10,元大-新盛,2023-05-17,9869
00919,群益台灣精選高息,10,0,10,元大-新盛,2023-05-17,9869
00650L,復華香港正2,10,0,10,元大-新盛,2023-05-17,9869
6589,台康生技,26,16,10,元大-新盛,2023-05-17,9869
9933,中鼎,10,0,10,元大-新盛,2023-05-17,9869
00720B,元大投資級公司債,10,0,10,元大-新盛,2023-05-17,9869
1608,華榮,15,6,9,元大-新盛,2023-05-17,9869
1452,宏益,9,0,9,元大-新盛,2023-05-17,9869
2313,華通,8,0,8,元大-新盛,2023-05-17,9869
2538,基泰,8,0,8,元大-新盛,2023-05-17,9869
6412,群電,8,0,8,元大-新盛,2023-05-17,9869
3022,威強電,17,10,7,元大-新盛,2023-05-17,9869
00665L,富邦�琤肭磪囓�2,600,0,600,元大-新盛,2023-05-18,9869
00882,中信中國高股息,133,0,133,元大-新盛,2023-05-18,9869
00631L,元大台灣50正2,109,7,102,元大-新盛,2023-05-18,9869
00715L,期街口布蘭特正2,118,25,93,元大-新盛,2023-05-18,9869
4306,炎洲,100,8,92,元大-新盛,2023-05-18,9869
00687B,國泰20年美債,89,0,89,元大-新盛,2023-05-18,9869
6266,泰詠,85,5,80,元大-新盛,2023-05-18,9869
3704,合勤控,91,14,77,元大-新盛,2023-05-18,9869
3202,樺晟,54,0,54,元大-新盛,2023-05-18,9869
6191,精成科,51,0,51,元大-新盛,2023-05-18,9869
00901,永豐智能車供應鏈,50,0,50,元大-新盛,2023-05-18,9869
4129,聯合,50,0,50,元大-新盛,2023-05-18,9869
3032,偉訓,48,2,46,元大-新盛,2023-05-18,9869
5324,士開,37,0,37,元大-新盛,2023-05-18,9869
1337,再生-KY,32,0,32,元大-新盛,2023-05-18,9869
00891,中信關鍵半導體,25,0,25,元大-新盛,2023-05-18,9869
2331,精英,23,2,21,元大-新盛,2023-05-18,9869
00664R,國泰臺灣加權反1,20,0,20,元大-新盛,2023-05-18,9869
5425,台半,34,14,20,元大-新盛,2023-05-18,9869
3481,群創,24,5,19,元大-新盛,2023-05-18,9869
00670L,富邦NASDAQ正2,23,4,19,元大-新盛,2023-05-18,9869
6274,台燿,20,3,17,元大-新盛,2023-05-18,9869
2634,漢翔,24,8,16,元大-新盛,2023-05-18,9869
3491,昇達科,16,0,16,元大-新盛,2023-05-18,9869
6118,建達,19,3,16,元大-新盛,2023-05-18,9869
3003,健和興,18,3,15,元大-新盛,2023-05-18,9869
1721,三晃,18,4,14,元大-新盛,2023-05-18,9869
2409,友達,15,1,14,元大-新盛,2023-05-18,9869
6550,北極星藥業-KY,14,0,14,元大-新盛,2023-05-18,9869
6235,華孚,22,8,14,元大-新盛,2023-05-18,9869
2482,連宇,26,13,13,元大-新盛,2023-05-18,9869
00679B,元大美債20年,12,0,12,元大-新盛,2023-05-18,9869
3017,奇鋐,28,16,12,元大-新盛,2023-05-18,9869
006208,富邦台50,15,4,11,元大-新盛,2023-05-18,9869
3035,智原,11,0,11,元大-新盛,2023-05-18,9869
6570,維田,11,0,11,元大-新盛,2023-05-18,9869
00751B,元大AAA至A公司債,15,5,10,元大-新盛,2023-05-18,9869
1560,中砂,10,0,10,元大-新盛,2023-05-18,9869
4919,新唐,13,3,10,元大-新盛,2023-05-18,9869
3041,揚智,10,0,10,元大-新盛,2023-05-18,9869
5284,jpp-KY,10,0,10,元大-新盛,2023-05-18,9869
1227,佳格,11,1,10,元大-新盛,2023-05-18,9869
5536,聖暉*,10,0,10,元大-新盛,2023-05-18,9869
2444,兆勁,10,0,10,元大-新盛,2023-05-18,9869
00922,國泰台灣領袖50,11,1,10,元大-新盛,2023-05-18,9869
00881,國泰台灣5G+,10,0,10,元大-新盛,2023-05-18,9869
3703,欣陸,10,0,10,元大-新盛,2023-05-18,9869
1319,東陽,14,4,10,元大-新盛,2023-05-18,9869
6443,元晶,10,0,10,元大-新盛,2023-05-18,9869
2480,敦陽科,14,5,9,元大-新盛,2023-05-18,9869
6191,精成科,193,0,193,元大-新盛,2023-05-19,9869
00665L,富邦�琤肭磪囓�2,160,1,159,元大-新盛,2023-05-19,9869
00632R,元大台灣50反1,213,60,153,元大-新盛,2023-05-19,9869
00637L,元大滬深300正2,186,61,125,元大-新盛,2023-05-19,9869
3576,聯合再生,113,4,109,元大-新盛,2023-05-19,9869
3029,零壹,86,7,79,元大-新盛,2023-05-19,9869
00687B,國泰20年美債,76,0,76,元大-新盛,2023-05-19,9869
5706,鳳凰,84,26,58,元大-新盛,2023-05-19,9869
1701,中化,57,0,57,元大-新盛,2023-05-19,9869
3093,港建*,56,0,56,元大-新盛,2023-05-19,9869
00680L,元大美債20正2,69,16,53,元大-新盛,2023-05-19,9869
2530,華建,50,0,50,元大-新盛,2023-05-19,9869
4306,炎洲,50,0,50,元大-新盛,2023-05-19,9869
3202,樺晟,50,3,47,元大-新盛,2023-05-19,9869
6570,維田,42,0,42,元大-新盛,2023-05-19,9869
3625,西勝,40,0,40,元大-新盛,2023-05-19,9869
1514,亞力,62,23,39,元大-新盛,2023-05-19,9869
00670L,富邦NASDAQ正2,62,24,38,元大-新盛,2023-05-19,9869
3017,奇鋐,44,6,38,元大-新盛,2023-05-19,9869
00751B,元大AAA至A公司債,36,0,36,元大-新盛,2023-05-19,9869
2371,大同,49,15,34,元大-新盛,2023-05-19,9869
1609,大亞,61,29,32,元大-新盛,2023-05-19,9869
00720B,元大投資級公司債,31,0,31,元大-新盛,2023-05-19,9869
00882,中信中國高股息,43,13,30,元大-新盛,2023-05-19,9869
6112,邁達特,42,13,29,元大-新盛,2023-05-19,9869
3038,全台,27,2,25,元大-新盛,2023-05-19,9869
00753L,中信中國50正2,24,0,24,元大-新盛,2023-05-19,9869
1605,華新,27,6,21,元大-新盛,2023-05-19,9869
00773B,中信優先金融債,27,7,20,元大-新盛,2023-05-19,9869
8936,國統,20,0,20,元大-新盛,2023-05-19,9869
5371,中光電,21,1,20,元大-新盛,2023-05-19,9869
00655L,國泰中國A50正2,20,0,20,元大-新盛,2023-05-19,9869
3406,玉晶光,22,2,20,元大-新盛,2023-05-19,9869
2482,連宇,30,13,17,元大-新盛,2023-05-19,9869
6266,泰詠,24,7,17,元大-新盛,2023-05-19,9869
00679B,元大美債20年,25,9,16,元大-新盛,2023-05-19,9869
1905,華紙,26,10,16,元大-新盛,2023-05-19,9869
2457,飛宏,22,6,16,元大-新盛,2023-05-19,9869
5284,jpp-KY,18,3,15,元大-新盛,2023-05-19,9869
6214,精誠,15,0,15,元大-新盛,2023-05-19,9869
1101,台泥,20,7,13,元大-新盛,2023-05-19,9869
2014,中鴻,13,0,13,元大-新盛,2023-05-19,9869
8110,華東,13,0,13,元大-新盛,2023-05-19,9869
5351,鈺創,17,5,12,元大-新盛,2023-05-19,9869
6446,藥華藥,14,3,11,元大-新盛,2023-05-19,9869
4168,醣聯,12,1,11,元大-新盛,2023-05-19,9869
6517,保勝光學,20,9,11,元大-新盛,2023-05-19,9869
00772B,中信高評級公司債,33,22,11,元大-新盛,2023-05-19,9869
4961,天鈺,10,0,10,元大-新盛,2023-05-19,9869
2637,慧洋-KY,11,1,10,元大-新盛,2023-05-19,9869
5483,中美晶,137,0,137,元大-新盛,2023-05-22,9869
2888,新光金,121,3,118,元大-新盛,2023-05-22,9869
6191,精成科,91,5,86,元大-新盛,2023-05-22,9869
00648R,元大S＆P500反1,80,0,80,元大-新盛,2023-05-22,9869
6266,泰詠,104,40,64,元大-新盛,2023-05-22,9869
00632R,元大台灣50反1,61,0,61,元大-新盛,2023-05-22,9869
00891,中信關鍵半導體,64,4,60,元大-新盛,2023-05-22,9869
6570,維田,59,0,59,元大-新盛,2023-05-22,9869
4306,炎洲,50,0,50,元大-新盛,2023-05-22,9869
3035,智原,66,20,46,元大-新盛,2023-05-22,9869
2303,聯電,46,3,43,元大-新盛,2023-05-22,9869
00687B,國泰20年美債,39,0,39,元大-新盛,2023-05-22,9869
00664R,國泰臺灣加權反1,35,0,35,元大-新盛,2023-05-22,9869
00882,中信中國高股息,40,5,35,元大-新盛,2023-05-22,9869
00679B,元大美債20年,35,1,34,元大-新盛,2023-05-22,9869
00795B,中信美國公債20年,31,0,31,元大-新盛,2023-05-22,9869
2845,遠東銀,31,0,31,元大-新盛,2023-05-22,9869
2607,榮運,30,0,30,元大-新盛,2023-05-22,9869
00708L,期元大S＆P黃金正2,25,0,25,元大-新盛,2023-05-22,9869
00642U,期元大S＆P石油,25,0,25,元大-新盛,2023-05-22,9869
2897,王道銀行,27,5,22,元大-新盛,2023-05-22,9869
5324,士開,21,0,21,元大-新盛,2023-05-22,9869
00655L,國泰中國A50正2,20,0,20,元大-新盛,2023-05-22,9869
3093,港建*,20,0,20,元大-新盛,2023-05-22,9869
3037,欣興,89,70,19,元大-新盛,2023-05-22,9869
00720B,元大投資級公司債,17,1,16,元大-新盛,2023-05-22,9869
5706,鳳凰,25,9,16,元大-新盛,2023-05-22,9869
6153,嘉聯益,15,0,15,元大-新盛,2023-05-22,9869
3294,英濟,15,0,15,元大-新盛,2023-05-22,9869
9945,潤泰新,15,1,14,元大-新盛,2023-05-22,9869
00772B,中信高評級公司債,14,0,14,元大-新盛,2023-05-22,9869
6244,茂迪,21,7,14,元大-新盛,2023-05-22,9869
1605,華新,15,2,13,元大-新盛,2023-05-22,9869
2605,新興,13,0,13,元大-新盛,2023-05-22,9869
2867,三商壽,12,1,11,元大-新盛,2023-05-22,9869
4979,華星光,12,1,11,元大-新盛,2023-05-22,9869
1519,華城,47,36,11,元大-新盛,2023-05-22,9869
2356,英業達,14,3,11,元大-新盛,2023-05-22,9869
9908,大台北,11,0,11,元大-新盛,2023-05-22,9869
2722,夏都,11,0,11,元大-新盛,2023-05-22,9869
3557,嘉威,10,0,10,元大-新盛,2023-05-22,9869
2031,新光鋼,10,0,10,元大-新盛,2023-05-22,9869
1434,福懋,10,0,10,元大-新盛,2023-05-22,9869
2236,百達-KY,10,0,10,元大-新盛,2023-05-22,9869
00690,兆豐藍籌30,10,0,10,元大-新盛,2023-05-22,9869
5488,松普,10,0,10,元大-新盛,2023-05-22,9869
2883B,凱基金乙特,10,0,10,元大-新盛,2023-05-22,9869
6278,台表科,10,0,10,元大-新盛,2023-05-22,9869
00712,復華富時不動產,9,0,9,元大-新盛,2023-05-22,9869
3011,今皓,9,0,9,元大-新盛,2023-05-22,9869
6153,嘉聯益,165,0,165,元大-新盛,2023-05-23,9869
3540,曜越,100,0,100,元大-新盛,2023-05-23,9869
3481,群創,95,2,93,元大-新盛,2023-05-23,9869
00637L,元大滬深300正2,84,3,81,元大-新盛,2023-05-23,9869
1513,中興電,174,95,79,元大-新盛,2023-05-23,9869
00882,中信中國高股息,78,0,78,元大-新盛,2023-05-23,9869
00680L,元大美債20正2,73,7,66,元大-新盛,2023-05-23,9869
2547,日勝生,60,0,60,元大-新盛,2023-05-23,9869
2421,建準,58,6,52,元大-新盛,2023-05-23,9869
00857B,永豐20年美公債,51,0,51,元大-新盛,2023-05-23,9869
4129,聯合,50,0,50,元大-新盛,2023-05-23,9869
00665L,富邦�琤肭磪囓�2,100,50,50,元大-新盛,2023-05-23,9869
4306,炎洲,50,0,50,元大-新盛,2023-05-23,9869
3005,神基,52,8,44,元大-新盛,2023-05-23,9869
3093,港建*,43,0,43,元大-新盛,2023-05-23,9869
2634,漢翔,64,23,41,元大-新盛,2023-05-23,9869
2705,六福,40,2,38,元大-新盛,2023-05-23,9869
4541,晟田,72,34,38,元大-新盛,2023-05-23,9869
00632R,元大台灣50反1,60,22,38,元大-新盛,2023-05-23,9869
3011,今皓,31,0,31,元大-新盛,2023-05-23,9869
5483,中美晶,28,0,28,元大-新盛,2023-05-23,9869
5704,老爺知,29,2,27,元大-新盛,2023-05-23,9869
1101,台泥,25,0,25,元大-新盛,2023-05-23,9869
2025,千興,25,0,25,元大-新盛,2023-05-23,9869
3025,星通,38,14,24,元大-新盛,2023-05-23,9869
8110,華東,22,0,22,元大-新盛,2023-05-23,9869
3231,緯創,40,19,21,元大-新盛,2023-05-23,9869
5388,中磊,29,8,21,元大-新盛,2023-05-23,9869
6689,伊雲谷,25,4,21,元大-新盛,2023-05-23,9869
3017,奇鋐,24,3,21,元大-新盛,2023-05-23,9869
00720B,元大投資級公司債,20,0,20,元大-新盛,2023-05-23,9869
00679B,元大美債20年,34,14,20,元大-新盛,2023-05-23,9869
2736,富野,25,6,19,元大-新盛,2023-05-23,9869
5876,上海商銀,16,0,16,元大-新盛,2023-05-23,9869
0056,元大高股息,58,44,14,元大-新盛,2023-05-23,9869
00751B,元大AAA至A公司債,13,0,13,元大-新盛,2023-05-23,9869
5371,中光電,20,7,13,元大-新盛,2023-05-23,9869
1504,東元,22,10,12,元大-新盛,2023-05-23,9869
4114,健喬,14,2,12,元大-新盛,2023-05-23,9869
2399,映泰,14,2,12,元大-新盛,2023-05-23,9869
1210,大成,12,0,12,元大-新盛,2023-05-23,9869
8099,大世科,19,8,11,元大-新盛,2023-05-23,9869
6122,擎邦,12,1,11,元大-新盛,2023-05-23,9869
00725B,國泰投資級公司債,10,0,10,元大-新盛,2023-05-23,9869
2477,美隆電,10,0,10,元大-新盛,2023-05-23,9869
4977,眾達-KY,13,3,10,元大-新盛,2023-05-23,9869
4173,久裕,11,1,10,元大-新盛,2023-05-23,9869
6443,元晶,10,0,10,元大-新盛,2023-05-23,9869
2812,台中銀,10,0,10,元大-新盛,2023-05-23,9869
3189,景碩,10,0,10,元大-新盛,2023-05-23,9869
00687B,國泰20年美債,208,0,208,元大-新盛,2023-05-24,9869
00637L,元大滬深300正2,221,40,181,元大-新盛,2023-05-24,9869
00882,中信中國高股息,131,0,131,元大-新盛,2023-05-24,9869
00648R,元大S＆P500反1,108,0,108,元大-新盛,2023-05-24,9869
00631L,元大台灣50正2,91,0,91,元大-新盛,2023-05-24,9869
4306,炎洲,50,2,48,元大-新盛,2023-05-24,9869
2634,漢翔,70,26,44,元大-新盛,2023-05-24,9869
2610,華航,69,29,40,元大-新盛,2023-05-24,9869
2314,台揚,40,4,36,元大-新盛,2023-05-24,9869
6266,泰詠,40,4,36,元大-新盛,2023-05-24,9869
3078,僑威,41,9,32,元大-新盛,2023-05-24,9869
2801,彰銀,23,0,23,元大-新盛,2023-05-24,9869
2442,新美齊,25,2,23,元大-新盛,2023-05-24,9869
8436,大江,24,1,23,元大-新盛,2023-05-24,9869
00900,富邦特選高股息30,32,10,22,元大-新盛,2023-05-24,9869
4919,新唐,21,0,21,元大-新盛,2023-05-24,9869
2834,臺企銀,22,1,21,元大-新盛,2023-05-24,9869
3011,今皓,21,0,21,元大-新盛,2023-05-24,9869
2706,第一店,21,0,21,元大-新盛,2023-05-24,9869
00772B,中信高評級公司債,20,0,20,元大-新盛,2023-05-24,9869
00655L,國泰中國A50正2,20,0,20,元大-新盛,2023-05-24,9869
00922,國泰台灣領袖50,18,0,18,元大-新盛,2023-05-24,9869
5009,榮剛,42,25,17,元大-新盛,2023-05-24,9869
00751B,元大AAA至A公司債,17,0,17,元大-新盛,2023-05-24,9869
6245,立端,16,0,16,元大-新盛,2023-05-24,9869
8358,金居,18,2,16,元大-新盛,2023-05-24,9869
2608,嘉里大榮,15,0,15,元大-新盛,2023-05-24,9869
3363,上詮,14,0,14,元大-新盛,2023-05-24,9869
2882,國泰金,14,0,14,元大-新盛,2023-05-24,9869
5701,劍湖山,14,0,14,元大-新盛,2023-05-24,9869
6188,廣明,14,0,14,元大-新盛,2023-05-24,9869
2888,新光金,14,0,14,元大-新盛,2023-05-24,9869
4979,華星光,14,1,13,元大-新盛,2023-05-24,9869
4128,中天,14,1,13,元大-新盛,2023-05-24,9869
1605,華新,18,5,13,元大-新盛,2023-05-24,9869
4950,牧東,15,2,13,元大-新盛,2023-05-24,9869
2722,夏都,15,2,13,元大-新盛,2023-05-24,9869
5512,力麒,19,7,12,元大-新盛,2023-05-24,9869
00633L,富邦上証正2,12,0,12,元大-新盛,2023-05-24,9869
2351,順德,12,0,12,元大-新盛,2023-05-24,9869
8222,寶一,19,7,12,元大-新盛,2023-05-24,9869
1513,中興電,20,9,11,元大-新盛,2023-05-24,9869
00795B,中信美國公債20年,11,0,11,元大-新盛,2023-05-24,9869
6285,啟��,12,1,11,元大-新盛,2023-05-24,9869
2890,永豐金,12,1,11,元大-新盛,2023-05-24,9869
9945,潤泰新,14,3,11,元大-新盛,2023-05-24,9869
3029,零壹,13,2,11,元大-新盛,2023-05-24,9869
2881,富邦金,12,1,11,元大-新盛,2023-05-24,9869
6416,瑞祺電通,12,1,11,元大-新盛,2023-05-24,9869
1905,華紙,34,23,11,元大-新盛,2023-05-24,9869
2201,裕隆,452,48,404,元大-新盛,2023-05-25,9869
00882,中信中國高股息,333,5,328,元大-新盛,2023-05-25,9869
00637L,元大滬深300正2,210,48,162,元大-新盛,2023-05-25,9869
00676R,富邦臺灣加權反1,142,0,142,元大-新盛,2023-05-25,9869
6191,精成科,145,4,141,元大-新盛,2023-05-25,9869
2618,長榮航,175,58,117,元大-新盛,2023-05-25,9869
6285,啟��,102,15,87,元大-新盛,2023-05-25,9869
3583,辛耘,76,3,73,元大-新盛,2023-05-25,9869
00687B,國泰20年美債,61,0,61,元大-新盛,2023-05-25,9869
3481,群創,55,0,55,元大-新盛,2023-05-25,9869
5512,力麒,55,0,55,元大-新盛,2023-05-25,9869
3011,今皓,52,2,50,元大-新盛,2023-05-25,9869
00665L,富邦�琤肭磪囓�2,190,140,50,元大-新盛,2023-05-25,9869
4306,炎洲,50,0,50,元大-新盛,2023-05-25,9869
4564,元翎,56,8,48,元大-新盛,2023-05-25,9869
2883,凱基金,53,6,47,元大-新盛,2023-05-25,9869
2022,聚亨,42,5,37,元大-新盛,2023-05-25,9869
2388,威盛,45,13,32,元大-新盛,2023-05-25,9869
00673R,期元大S＆P原油反1,31,0,31,元大-新盛,2023-05-25,9869
3704,合勤控,36,6,30,元大-新盛,2023-05-25,9869
2892,第一金,27,1,26,元大-新盛,2023-05-25,9869
6187,萬潤,25,0,25,元大-新盛,2023-05-25,9869
1609,大亞,26,1,25,元大-新盛,2023-05-25,9869
00686R,群益臺灣加權反1,25,0,25,元大-新盛,2023-05-25,9869
00712,復華富時不動產,24,0,24,元大-新盛,2023-05-25,9869
1905,華紙,53,31,22,元大-新盛,2023-05-25,9869
00633L,富邦上証正2,22,0,22,元大-新盛,2023-05-25,9869
3515,華擎,23,1,22,元大-新盛,2023-05-25,9869
2498,宏達電,31,10,21,元大-新盛,2023-05-25,9869
5301,寶得利,21,0,21,元大-新盛,2023-05-25,9869
2442,新美齊,21,1,20,元大-新盛,2023-05-25,9869
6770,力積電,20,1,19,元大-新盛,2023-05-25,9869
2323,中環,22,3,19,元大-新盛,2023-05-25,9869
2313,華通,26,7,19,元大-新盛,2023-05-25,9869
2705,六福,20,2,18,元大-新盛,2023-05-25,9869
2637,慧洋-KY,18,0,18,元大-新盛,2023-05-25,9869
2002,中鋼,21,4,17,元大-新盛,2023-05-25,9869
6527,明達醫,20,3,17,元大-新盛,2023-05-25,9869
2834,臺企銀,25,8,17,元大-新盛,2023-05-25,9869
2633,台灣高鐵,19,2,17,元大-新盛,2023-05-25,9869
3093,港建*,16,0,16,元大-新盛,2023-05-25,9869
1310,台苯,23,7,16,元大-新盛,2023-05-25,9869
00772B,中信高評級公司債,15,0,15,元大-新盛,2023-05-25,9869
6245,立端,19,4,15,元大-新盛,2023-05-25,9869
2332,友訊,15,0,15,元大-新盛,2023-05-25,9869
2634,漢翔,38,23,15,元大-新盛,2023-05-25,9869
3419,譁裕,17,2,15,元大-新盛,2023-05-25,9869
2425,承啟,17,2,15,元大-新盛,2023-05-25,9869
2457,飛宏,21,7,14,元大-新盛,2023-05-25,9869
2890,永豐金,14,0,14,元大-新盛,2023-05-25,9869
00632R,元大台灣50反1,1383,23,1360,元大-新盛,2023-05-26,9869
4306,炎洲,101,0,101,元大-新盛,2023-05-26,9869
2201,裕隆,120,32,88,元大-新盛,2023-05-26,9869
00882,中信中國高股息,65,0,65,元大-新盛,2023-05-26,9869
2323,中環,66,5,61,元大-新盛,2023-05-26,9869
00676R,富邦臺灣加權反1,60,0,60,元大-新盛,2023-05-26,9869
00712,復華富時不動產,60,2,58,元大-新盛,2023-05-26,9869
3363,上詮,123,66,57,元大-新盛,2023-05-26,9869
3011,今皓,50,0,50,元大-新盛,2023-05-26,9869
4919,新唐,48,0,48,元大-新盛,2023-05-26,9869
00637L,元大滬深300正2,71,28,43,元大-新盛,2023-05-26,9869
6163,華電網,43,0,43,元大-新盛,2023-05-26,9869
3481,群創,52,15,37,元大-新盛,2023-05-26,9869
3673,TPK-KY,39,5,34,元大-新盛,2023-05-26,9869
1605,華新,38,5,33,元大-新盛,2023-05-26,9869
2888,新光金,52,23,29,元大-新盛,2023-05-26,9869
8069,元太,47,19,28,元大-新盛,2023-05-26,9869
4147,中裕,28,0,28,元大-新盛,2023-05-26,9869
2484,希華,27,0,27,元大-新盛,2023-05-26,9869
2634,漢翔,39,15,24,元大-新盛,2023-05-26,9869
00642U,期元大S＆P石油,25,1,24,元大-新盛,2023-05-26,9869
00878,國泰永續高股息,44,21,23,元大-新盛,2023-05-26,9869
00888,永豐台灣ESG,27,5,22,元大-新盛,2023-05-26,9869
1460,宏遠,22,0,22,元大-新盛,2023-05-26,9869
8038,長園科,22,1,21,元大-新盛,2023-05-26,9869
6153,嘉聯益,22,1,21,元大-新盛,2023-05-26,9869
2421,建準,29,8,21,元大-新盛,2023-05-26,9869
6285,啟��,22,4,18,元大-新盛,2023-05-26,9869
2301,光寶科,18,1,17,元大-新盛,2023-05-26,9869
3704,合勤控,16,0,16,元大-新盛,2023-05-26,9869
2637,慧洋-KY,16,0,16,元大-新盛,2023-05-26,9869
00679B,元大美債20年,16,1,15,元大-新盛,2023-05-26,9869
00751B,元大AAA至A公司債,14,0,14,元大-新盛,2023-05-26,9869
00720B,元大投資級公司債,14,0,14,元大-新盛,2023-05-26,9869
4128,中天,15,1,14,元大-新盛,2023-05-26,9869
00715L,期街口布蘭特正2,24,10,14,元大-新盛,2023-05-26,9869
2399,映泰,25,11,14,元大-新盛,2023-05-26,9869
5512,力麒,13,0,13,元大-新盛,2023-05-26,9869
1314,中石化,13,0,13,元大-新盛,2023-05-26,9869
00633L,富邦上証正2,13,0,13,元大-新盛,2023-05-26,9869
2368,金像電,27,14,13,元大-新盛,2023-05-26,9869
3038,全台,22,10,12,元大-新盛,2023-05-26,9869
2606,裕民,13,2,11,元大-新盛,2023-05-26,9869
6245,立端,16,5,11,元大-新盛,2023-05-26,9869
8150,南茂,16,5,11,元大-新盛,2023-05-26,9869
3712,永崴投控,11,0,11,元大-新盛,2023-05-26,9869
3265,台星科,27,16,11,元大-新盛,2023-05-26,9869
4168,醣聯,11,0,11,元大-新盛,2023-05-26,9869
6266,泰詠,12,1,11,元大-新盛,2023-05-26,9869
6278,台表科,11,0,11,元大-新盛,2023-05-26,9869
2376,技嘉,414,10,404,元大-新盛,2023-05-29,9869
00637L,元大滬深300正2,307,16,291,元大-新盛,2023-05-29,9869
2618,長榮航,372,139,233,元大-新盛,2023-05-29,9869
1503,士電,148,6,142,元大-新盛,2023-05-29,9869
5469,瀚宇博,101,0,101,元大-新盛,2023-05-29,9869
00665L,富邦�琤肭磪囓�2,100,0,100,元大-新盛,2023-05-29,9869
00895,富邦未來車,90,8,82,元大-新盛,2023-05-29,9869
4306,炎洲,50,0,50,元大-新盛,2023-05-29,9869
00885,富邦越南,46,1,45,元大-新盛,2023-05-29,9869
5498,凱崴,40,0,40,元大-新盛,2023-05-29,9869
00878,國泰永續高股息,69,32,37,元大-新盛,2023-05-29,9869
00680L,元大美債20正2,32,1,31,元大-新盛,2023-05-29,9869
1101,台泥,30,0,30,元大-新盛,2023-05-29,9869
2883,凱基金,45,16,29,元大-新盛,2023-05-29,9869
00632R,元大台灣50反1,67,40,27,元大-新盛,2023-05-29,9869
6244,茂迪,33,6,27,元大-新盛,2023-05-29,9869
3625,西勝,30,5,25,元大-新盛,2023-05-29,9869
00882,中信中國高股息,31,9,22,元大-新盛,2023-05-29,9869
00679B,元大美債20年,23,3,20,元大-新盛,2023-05-29,9869
0056,元大高股息,72,52,20,元大-新盛,2023-05-29,9869
00922,國泰台灣領袖50,20,0,20,元大-新盛,2023-05-29,9869
3339,泰谷,20,0,20,元大-新盛,2023-05-29,9869
4915,致伸,16,0,16,元大-新盛,2023-05-29,9869
6164,華興,18,2,16,元大-新盛,2023-05-29,9869
8038,長園科,16,0,16,元大-新盛,2023-05-29,9869
6282,康舒,33,19,14,元大-新盛,2023-05-29,9869
3037,欣興,119,106,13,元大-新盛,2023-05-29,9869
2347,聯強,13,0,13,元大-新盛,2023-05-29,9869
8068,全達,13,0,13,元大-新盛,2023-05-29,9869
6026,福邦證,12,0,12,元大-新盛,2023-05-29,9869
00713,元大台灣高息低波,15,4,11,元大-新盛,2023-05-29,9869
00706L,期元大S＆P日圓正2,11,0,11,元大-新盛,2023-05-29,9869
1460,宏遠,17,6,11,元大-新盛,2023-05-29,9869
6163,華電網,11,0,11,元大-新盛,2023-05-29,9869
8446,華研,10,0,10,元大-新盛,2023-05-29,9869
00687B,國泰20年美債,10,0,10,元大-新盛,2023-05-29,9869
2421,建準,25,15,10,元大-新盛,2023-05-29,9869
6874,倍力,17,7,10,元大-新盛,2023-05-29,9869
2444,兆勁,10,0,10,元大-新盛,2023-05-29,9869
3540,曜越,30,20,10,元大-新盛,2023-05-29,9869
3390,旭軟,10,0,10,元大-新盛,2023-05-29,9869
2206,三陽工業,21,11,10,元大-新盛,2023-05-29,9869
9911,櫻花,10,0,10,元大-新盛,2023-05-29,9869
2303,聯電,28,19,9,元大-新盛,2023-05-29,9869
2454,聯發科,16,7,9,元大-新盛,2023-05-29,9869
8050,廣積,9,0,9,元大-新盛,2023-05-29,9869
4121,優盛,10,1,9,元大-新盛,2023-05-29,9869
2461,光群雷,12,3,9,元大-新盛,2023-05-29,9869
00752,中信中國50,9,0,9,元大-新盛,2023-05-29,9869
5488,松普,9,0,9,元大-新盛,2023-05-29,9869
2376,技嘉,201,0,201,元大-新盛,2023-05-30,9869
0056,元大高股息,237,93,144,元大-新盛,2023-05-30,9869
1503,士電,143,0,143,元大-新盛,2023-05-30,9869
6191,精成科,146,6,140,元大-新盛,2023-05-30,9869
00882,中信中國高股息,140,13,127,元大-新盛,2023-05-30,9869
00665L,富邦�琤肭磪囓�2,100,0,100,元大-新盛,2023-05-30,9869
00713,元大台灣高息低波,76,0,76,元大-新盛,2023-05-30,9869
4564,元翎,74,9,65,元大-新盛,2023-05-30,9869
2356,英業達,80,27,53,元大-新盛,2023-05-30,9869
8054,安國,61,8,53,元大-新盛,2023-05-30,9869
4306,炎洲,52,1,51,元大-新盛,2023-05-30,9869
00923,群益台ESG低碳50,50,0,50,元大-新盛,2023-05-30,9869
5469,瀚宇博,50,0,50,元大-新盛,2023-05-30,9869
6168,宏齊,50,0,50,元大-新盛,2023-05-30,9869
2888,新光金,50,2,48,元大-新盛,2023-05-30,9869
3017,奇鋐,48,3,45,元大-新盛,2023-05-30,9869
2002,中鋼,40,0,40,元大-新盛,2023-05-30,9869
00919,群益台灣精選高息,40,0,40,元大-新盛,2023-05-30,9869
00787B,元大10年IG醫療債,35,0,35,元大-新盛,2023-05-30,9869
3323,加百裕,33,0,33,元大-新盛,2023-05-30,9869
3231,緯創,93,63,30,元大-新盛,2023-05-30,9869
8150,南茂,30,0,30,元大-新盛,2023-05-30,9869
4915,致伸,27,0,27,元大-新盛,2023-05-30,9869
9944,新麗,25,0,25,元大-新盛,2023-05-30,9869
2329,華泰,25,0,25,元大-新盛,2023-05-30,9869
2743,山富,24,0,24,元大-新盛,2023-05-30,9869
00632R,元大台灣50反1,23,0,23,元大-新盛,2023-05-30,9869
3706,神達,30,9,21,元大-新盛,2023-05-30,9869
2457,飛宏,57,37,20,元大-新盛,2023-05-30,9869
00664R,國泰臺灣加權反1,20,0,20,元大-新盛,2023-05-30,9869
8446,華研,21,1,20,元大-新盛,2023-05-30,9869
2637,慧洋-KY,19,0,19,元大-新盛,2023-05-30,9869
2890,永豐金,20,1,19,元大-新盛,2023-05-30,9869
3406,玉晶光,26,8,18,元大-新盛,2023-05-30,9869
6160,欣技,28,11,17,元大-新盛,2023-05-30,9869
00679B,元大美債20年,17,0,17,元大-新盛,2023-05-30,9869
1218,泰山,17,1,16,元大-新盛,2023-05-30,9869
2399,映泰,22,6,16,元大-新盛,2023-05-30,9869
6153,嘉聯益,16,0,16,元大-新盛,2023-05-30,9869
4977,眾達-KY,18,2,16,元大-新盛,2023-05-30,9869
2449,京元電子,37,23,14,元大-新盛,2023-05-30,9869
1609,大亞,15,1,14,元大-新盛,2023-05-30,9869
1905,華紙,17,4,13,元大-新盛,2023-05-30,9869
2331,精英,17,4,13,元大-新盛,2023-05-30,9869
8099,大世科,15,3,12,元大-新盛,2023-05-30,9869
00751B,元大AAA至A公司債,13,1,12,元大-新盛,2023-05-30,9869
6547,高端疫苗,17,5,12,元大-新盛,2023-05-30,9869
6282,康舒,38,26,12,元大-新盛,2023-05-30,9869
3481,群創,12,1,11,元大-新盛,2023-05-30,9869
5871,中租-KY,11,0,11,元大-新盛,2023-05-30,9869
2376,技嘉,253,5,248,元大-新盛,2023-05-31,9869
00637L,元大滬深300正2,227,3,224,元大-新盛,2023-05-31,9869
00642U,期元大S＆P石油,163,0,163,元大-新盛,2023-05-31,9869
2888,新光金,160,2,158,元大-新盛,2023-05-31,9869
2337,旺宏,114,1,113,元大-新盛,2023-05-31,9869
00631L,元大台灣50正2,79,0,79,元大-新盛,2023-05-31,9869
00882,中信中國高股息,79,0,79,元大-新盛,2023-05-31,9869
4306,炎洲,56,0,56,元大-新盛,2023-05-31,9869
3017,奇鋐,48,3,45,元大-新盛,2023-05-31,9869
00897,富邦基因免疫生技,50,9,41,元大-新盛,2023-05-31,9869
1101,台泥,35,1,34,元大-新盛,2023-05-31,9869
2743,山富,33,1,32,元大-新盛,2023-05-31,9869
8176,智捷,30,0,30,元大-新盛,2023-05-31,9869
00715L,期街口布蘭特正2,30,1,29,元大-新盛,2023-05-31,9869
2382,廣達,44,17,27,元大-新盛,2023-05-31,9869
3032,偉訓,33,6,27,元大-新盛,2023-05-31,9869
2103,台橡,40,15,25,元大-新盛,2023-05-31,9869
00753L,中信中國50正2,22,0,22,元大-新盛,2023-05-31,9869
8938,明安,21,0,21,元大-新盛,2023-05-31,9869
3323,加百裕,20,0,20,元大-新盛,2023-05-31,9869
3011,今皓,21,2,19,元大-新盛,2023-05-31,9869
2356,英業達,24,5,19,元大-新盛,2023-05-31,9869
2371,大同,60,41,19,元大-新盛,2023-05-31,9869
3062,建漢,20,2,18,元大-新盛,2023-05-31,9869
6770,力積電,18,0,18,元大-新盛,2023-05-31,9869
2059,川湖,18,1,17,元大-新盛,2023-05-31,9869
6508,惠光,16,0,16,元大-新盛,2023-05-31,9869
3481,群創,16,0,16,元大-新盛,2023-05-31,9869
2421,建準,31,16,15,元大-新盛,2023-05-31,9869
6285,啟��,20,6,14,元大-新盛,2023-05-31,9869
2390,云辰,14,0,14,元大-新盛,2023-05-31,9869
5243,乙盛-KY,36,22,14,元大-新盛,2023-05-31,9869
3231,緯創,63,49,14,元大-新盛,2023-05-31,9869
3617,碩天,14,1,13,元大-新盛,2023-05-31,9869
3232,昱捷,16,3,13,元大-新盛,2023-05-31,9869
2606,裕民,14,2,12,元大-新盛,2023-05-31,9869
2739,寒舍,16,4,12,元大-新盛,2023-05-31,9869
3078,僑威,13,1,12,元大-新盛,2023-05-31,9869
2801,彰銀,12,0,12,元大-新盛,2023-05-31,9869
2484,希華,14,2,12,元大-新盛,2023-05-31,9869
4968,立積,13,2,11,元大-新盛,2023-05-31,9869
1449,佳和,11,0,11,元大-新盛,2023-05-31,9869
2402,毅嘉,16,5,11,元大-新盛,2023-05-31,9869
1701,中化,11,0,11,元大-新盛,2023-05-31,9869
00655L,國泰中國A50正2,11,0,11,元大-新盛,2023-05-31,9869
5009,榮剛,15,4,11,元大-新盛,2023-05-31,9869
3625,西勝,10,0,10,元大-新盛,2023-05-31,9869
3029,零壹,10,0,10,元大-新盛,2023-05-31,9869
00885,富邦越南,10,0,10,元大-新盛,2023-05-31,9869
5381,合正,10,0,10,元大-新盛,2023-05-31,9869
2376,技嘉,203,14,189,元大-新盛,2023-06-01,9869
2888,新光金,111,0,111,元大-新盛,2023-06-01,9869
9944,新麗,101,1,100,元大-新盛,2023-06-01,9869
6191,精成科,100,6,94,元大-新盛,2023-06-01,9869
4306,炎洲,85,0,85,元大-新盛,2023-06-01,9869
3264,欣銓,85,6,79,元大-新盛,2023-06-01,9869
00681R,元大美債20反1,77,0,77,元大-新盛,2023-06-01,9869
2323,中環,138,65,73,元大-新盛,2023-06-01,9869
2530,華建,70,0,70,元大-新盛,2023-06-01,9869
3078,僑威,63,0,63,元大-新盛,2023-06-01,9869
2344,華邦電,63,2,61,元大-新盛,2023-06-01,9869
00642U,期元大S＆P石油,52,0,52,元大-新盛,2023-06-01,9869
3704,合勤控,60,14,46,元大-新盛,2023-06-01,9869
6438,迅得,45,0,45,元大-新盛,2023-06-01,9869
1727,中華化,67,23,44,元大-新盛,2023-06-01,9869
00679B,元大美債20年,46,2,44,元大-新盛,2023-06-01,9869
00687B,國泰20年美債,37,0,37,元大-新盛,2023-06-01,9869
2883,凱基金,35,3,32,元大-新盛,2023-06-01,9869
8215,明基材,32,0,32,元大-新盛,2023-06-01,9869
3558,神準,30,0,30,元大-新盛,2023-06-01,9869
00878,國泰永續高股息,35,6,29,元大-新盛,2023-06-01,9869
00715L,期街口布蘭特正2,27,0,27,元大-新盛,2023-06-01,9869
1907,永豐餘,27,0,27,元大-新盛,2023-06-01,9869
00882,中信中國高股息,91,66,25,元大-新盛,2023-06-01,9869
3706,神達,126,102,24,元大-新盛,2023-06-01,9869
2637,慧洋-KY,25,3,22,元大-新盛,2023-06-01,9869
4564,元翎,77,56,21,元大-新盛,2023-06-01,9869
2027,大成鋼,21,0,21,元大-新盛,2023-06-01,9869
00895,富邦未來車,20,0,20,元大-新盛,2023-06-01,9869
1101,台泥,20,0,20,元大-新盛,2023-06-01,9869
4155,訊映,20,0,20,元大-新盛,2023-06-01,9869
5340,建榮,19,1,18,元大-新盛,2023-06-01,9869
2002,中鋼,19,1,18,元大-新盛,2023-06-01,9869
2892,第一金,17,0,17,元大-新盛,2023-06-01,9869
4939,亞電,17,0,17,元大-新盛,2023-06-01,9869
3380,明泰,27,10,17,元大-新盛,2023-06-01,9869
2371,大同,27,11,16,元大-新盛,2023-06-01,9869
3062,建漢,16,1,15,元大-新盛,2023-06-01,9869
00712,復華富時不動產,14,0,14,元大-新盛,2023-06-01,9869
2332,友訊,14,2,12,元大-新盛,2023-06-01,9869
3058,立德,12,0,12,元大-新盛,2023-06-01,9869
2402,毅嘉,20,8,12,元大-新盛,2023-06-01,9869
2331,精英,26,14,12,元大-新盛,2023-06-01,9869
6282,康舒,49,38,11,元大-新盛,2023-06-01,9869
4552,力達-KY,11,0,11,元大-新盛,2023-06-01,9869
1721,三晃,12,1,11,元大-新盛,2023-06-01,9869
6446,藥華藥,11,0,11,元大-新盛,2023-06-01,9869
3625,西勝,11,0,11,元大-新盛,2023-06-01,9869
00655L,國泰中國A50正2,20,10,10,元大-新盛,2023-06-01,9869
2356,英業達,12,2,10,元大-新盛,2023-06-01,9869
00632R,元大台灣50反1,1325,75,1250,元大-新盛,2023-06-02,9869
2610,華航,610,137,473,元大-新盛,2023-06-02,9869
1503,士電,299,9,290,元大-新盛,2023-06-02,9869
2376,技嘉,294,8,286,元大-新盛,2023-06-02,9869
00681R,元大美債20反1,208,0,208,元大-新盛,2023-06-02,9869
00689R,國泰20年美債反1,207,0,207,元大-新盛,2023-06-02,9869
00637L,元大滬深300正2,209,41,168,元大-新盛,2023-06-02,9869
6191,精成科,101,0,101,元大-新盛,2023-06-02,9869
00679B,元大美債20年,74,0,74,元大-新盛,2023-06-02,9869
2489,瑞軒,74,6,68,元大-新盛,2023-06-02,9869
3363,上詮,61,0,61,元大-新盛,2023-06-02,9869
4306,炎洲,61,0,61,元大-新盛,2023-06-02,9869
5258,虹堡,58,4,54,元大-新盛,2023-06-02,9869
1449,佳和,52,0,52,元大-新盛,2023-06-02,9869
00902,中信電池及儲能,51,1,50,元大-新盛,2023-06-02,9869
8927,北基,50,0,50,元大-新盛,2023-06-02,9869
00882,中信中國高股息,54,8,46,元大-新盛,2023-06-02,9869
00715L,期街口布蘭特正2,58,15,43,元大-新盛,2023-06-02,9869
00919,群益台灣精選高息,41,0,41,元大-新盛,2023-06-02,9869
3558,神準,41,1,40,元大-新盛,2023-06-02,9869
3323,加百裕,40,0,40,元大-新盛,2023-06-02,9869
5469,瀚宇博,37,0,37,元大-新盛,2023-06-02,9869
00650L,復華香港正2,31,0,31,元大-新盛,2023-06-02,9869
2603,長榮,32,3,29,元大-新盛,2023-06-02,9869
8299,群聯,21,0,21,元大-新盛,2023-06-02,9869
2371,大同,35,15,20,元大-新盛,2023-06-02,9869
3202,樺晟,20,0,20,元大-新盛,2023-06-02,9869
2331,精英,23,5,18,元大-新盛,2023-06-02,9869
3047,訊舟,37,19,18,元大-新盛,2023-06-02,9869
6438,迅得,20,2,18,元大-新盛,2023-06-02,9869
5425,台半,20,2,18,元大-新盛,2023-06-02,9869
00751B,元大AAA至A公司債,17,1,16,元大-新盛,2023-06-02,9869
2891,中信金,16,1,15,元大-新盛,2023-06-02,9869
6806,森崴能源,23,8,15,元大-新盛,2023-06-02,9869
5351,鈺創,24,9,15,元大-新盛,2023-06-02,9869
2618,長榮航,224,210,14,元大-新盛,2023-06-02,9869
0050,元大台灣50,27,13,14,元大-新盛,2023-06-02,9869
8038,長園科,15,1,14,元大-新盛,2023-06-02,9869
3704,合勤控,15,1,14,元大-新盛,2023-06-02,9869
6147,頎邦,14,0,14,元大-新盛,2023-06-02,9869
00713,元大台灣高息低波,24,12,12,元大-新盛,2023-06-02,9869
2913,農林,16,4,12,元大-新盛,2023-06-02,9869
2497,怡利電,12,0,12,元大-新盛,2023-06-02,9869
00664R,國泰臺灣加權反1,12,0,12,元大-新盛,2023-06-02,9869
6190,萬泰科,16,4,12,元大-新盛,2023-06-02,9869
6111,大宇資,18,6,12,元大-新盛,2023-06-02,9869
9919,康那香,15,3,12,元大-新盛,2023-06-02,9869
4564,元翎,23,11,12,元大-新盛,2023-06-02,9869
5704,老爺知,11,0,11,元大-新盛,2023-06-02,9869
2313,華通,14,3,11,元大-新盛,2023-06-02,9869
6116,彩晶,374,34,340,元大-新盛,2023-06-05,9869
8069,元太,204,8,196,元大-新盛,2023-06-05,9869
00919,群益台灣精選高息,77,0,77,元大-新盛,2023-06-05,9869
00882,中信中國高股息,69,5,64,元大-新盛,2023-06-05,9869
00650L,復華香港正2,93,31,62,元大-新盛,2023-06-05,9869
8240,華宏,60,0,60,元大-新盛,2023-06-05,9869
4306,炎洲,60,0,60,元大-新盛,2023-06-05,9869
2399,映泰,90,34,56,元大-新盛,2023-06-05,9869
6185,幃翔,61,8,53,元大-新盛,2023-06-05,9869
6277,宏正,50,0,50,元大-新盛,2023-06-05,9869
2515,中工,51,4,47,元大-新盛,2023-06-05,9869
6191,精成科,52,6,46,元大-新盛,2023-06-05,9869
00631L,元大台灣50正2,45,0,45,元大-新盛,2023-06-05,9869
00712,復華富時不動產,48,7,41,元大-新盛,2023-06-05,9869
5340,建榮,40,0,40,元大-新盛,2023-06-05,9869
3025,星通,48,10,38,元大-新盛,2023-06-05,9869
5258,虹堡,38,1,37,元大-新盛,2023-06-05,9869
4129,聯合,39,2,37,元大-新盛,2023-06-05,9869
3323,加百裕,35,0,35,元大-新盛,2023-06-05,9869
2442,新美齊,35,0,35,元大-新盛,2023-06-05,9869
00676R,富邦臺灣加權反1,33,0,33,元大-新盛,2023-06-05,9869
00679B,元大美債20年,34,1,33,元大-新盛,2023-06-05,9869
1513,中興電,50,20,30,元大-新盛,2023-06-05,9869
1519,華城,58,28,30,元大-新盛,2023-06-05,9869
2353,宏��,34,5,29,元大-新盛,2023-06-05,9869
4566,時碩工業,30,3,27,元大-新盛,2023-06-05,9869
6282,康舒,70,45,25,元大-新盛,2023-06-05,9869
2356,英業達,29,4,25,元大-新盛,2023-06-05,9869
3232,昱捷,30,5,25,元大-新盛,2023-06-05,9869
9945,潤泰新,39,15,24,元大-新盛,2023-06-05,9869
4931,新盛力,57,34,23,元大-新盛,2023-06-05,9869
8299,群聯,21,0,21,元大-新盛,2023-06-05,9869
00669R,國泰美國道瓊反1,20,0,20,元大-新盛,2023-06-05,9869
2705,六福,20,0,20,元大-新盛,2023-06-05,9869
00641R,富邦日本反1,20,0,20,元大-新盛,2023-06-05,9869
00655L,國泰中國A50正2,20,0,20,元大-新盛,2023-06-05,9869
2030,彰源,20,0,20,元大-新盛,2023-06-05,9869
2610,華航,81,62,19,元大-新盛,2023-06-05,9869
2331,精英,23,4,19,元大-新盛,2023-06-05,9869
3017,奇鋐,25,6,19,元大-新盛,2023-06-05,9869
3264,欣銓,30,11,19,元大-新盛,2023-06-05,9869
3038,全台,28,10,18,元大-新盛,2023-06-05,9869
6026,福邦證,18,0,18,元大-新盛,2023-06-05,9869
9943,好樂迪,20,3,17,元大-新盛,2023-06-05,9869
3706,神達,26,9,17,元大-新盛,2023-06-05,9869
1717,長興,16,0,16,元大-新盛,2023-06-05,9869
1449,佳和,20,4,16,元大-新盛,2023-06-05,9869
1529,樂事綠能,40,25,15,元大-新盛,2023-06-05,9869
2618,長榮航,66,51,15,元大-新盛,2023-06-05,9869
2303,聯電,45,30,15,元大-新盛,2023-06-05,9869
2376,技嘉,303,5,298,元大-新盛,2023-06-06,9869
8069,元太,101,2,99,元大-新盛,2023-06-06,9869
2371,大同,100,3,97,元大-新盛,2023-06-06,9869
00712,復華富時不動產,73,0,73,元大-新盛,2023-06-06,9869
1609,大亞,155,86,69,元大-新盛,2023-06-06,9869
00632R,元大台灣50反1,68,0,68,元大-新盛,2023-06-06,9869
00648R,元大S＆P500反1,65,0,65,元大-新盛,2023-06-06,9869
6191,精成科,63,0,63,元大-新盛,2023-06-06,9869
00927,群益半導體收益,62,0,62,元大-新盛,2023-06-06,9869
00897,富邦基因免疫生技,60,0,60,元大-新盛,2023-06-06,9869
6185,幃翔,57,1,56,元大-新盛,2023-06-06,9869
1528,恩德,57,1,56,元大-新盛,2023-06-06,9869
1905,華紙,97,41,56,元大-新盛,2023-06-06,9869
2731,雄獅,62,7,55,元大-新盛,2023-06-06,9869
4306,炎洲,50,0,50,元大-新盛,2023-06-06,9869
0056,元大高股息,109,60,49,元大-新盛,2023-06-06,9869
4931,新盛力,52,4,48,元大-新盛,2023-06-06,9869
6187,萬潤,53,9,44,元大-新盛,2023-06-06,9869
2402,毅嘉,72,29,43,元大-新盛,2023-06-06,9869
6235,華孚,50,11,39,元大-新盛,2023-06-06,9869
00679B,元大美債20年,43,5,38,元大-新盛,2023-06-06,9869
00671R,富邦NASDAQ反1,36,0,36,元大-新盛,2023-06-06,9869
1907,永豐餘,44,10,34,元大-新盛,2023-06-06,9869
1314,中石化,32,1,31,元大-新盛,2023-06-06,9869
3055,蔚華科,30,0,30,元大-新盛,2023-06-06,9869
5009,榮剛,34,4,30,元大-新盛,2023-06-06,9869
6125,廣運,33,7,26,元大-新盛,2023-06-06,9869
00919,群益台灣精選高息,23,0,23,元大-新盛,2023-06-06,9869
2906,高林,22,0,22,元大-新盛,2023-06-06,9869
4129,聯合,21,0,21,元大-新盛,2023-06-06,9869
2444,兆勁,20,0,20,元大-新盛,2023-06-06,9869
2457,飛宏,36,17,19,元大-新盛,2023-06-06,9869
2515,中工,23,4,19,元大-新盛,2023-06-06,9869
4950,牧東,52,33,19,元大-新盛,2023-06-06,9869
1605,華新,41,24,17,元大-新盛,2023-06-06,9869
8105,凌巨,21,6,15,元大-新盛,2023-06-06,9869
00751B,元大AAA至A公司債,15,0,15,元大-新盛,2023-06-06,9869
00642U,期元大S＆P石油,17,2,15,元大-新盛,2023-06-06,9869
3362,先進光,15,0,15,元大-新盛,2023-06-06,9869
4123,晟德,20,6,14,元大-新盛,2023-06-06,9869
1785,光洋科,13,0,13,元大-新盛,2023-06-06,9869
8403,盛弘,43,31,12,元大-新盛,2023-06-06,9869
6288,聯嘉,19,7,12,元大-新盛,2023-06-06,9869
00882,中信中國高股息,27,15,12,元大-新盛,2023-06-06,9869
6148,驊宏資,13,1,12,元大-新盛,2023-06-06,9869
5347,世界,12,0,12,元大-新盛,2023-06-06,9869
1504,東元,17,6,11,元大-新盛,2023-06-06,9869
8299,群聯,11,0,11,元大-新盛,2023-06-06,9869
6122,擎邦,11,0,11,元大-新盛,2023-06-06,9869
3037,欣興,15,4,11,元大-新盛,2023-06-06,9869
2344,華邦電,364,5,359,元大-新盛,2023-06-07,9869
2888,新光金,265,52,213,元大-新盛,2023-06-07,9869
6116,彩晶,203,4,199,元大-新盛,2023-06-07,9869
2449,京元電子,160,5,155,元大-新盛,2023-06-07,9869
00632R,元大台灣50反1,143,13,130,元大-新盛,2023-06-07,9869
2376,技嘉,130,8,122,元大-新盛,2023-06-07,9869
6153,嘉聯益,107,7,100,元大-新盛,2023-06-07,9869
3289,宜特,111,14,97,元大-新盛,2023-06-07,9869
5340,建榮,81,1,80,元大-新盛,2023-06-07,9869
2323,中環,82,27,55,元大-新盛,2023-06-07,9869
4129,聯合,54,2,52,元大-新盛,2023-06-07,9869
4306,炎洲,50,0,50,元大-新盛,2023-06-07,9869
3264,欣銓,52,2,50,元大-新盛,2023-06-07,9869
2731,雄獅,55,7,48,元大-新盛,2023-06-07,9869
00650L,復華香港正2,161,115,46,元大-新盛,2023-06-07,9869
8234,新漢,44,7,37,元大-新盛,2023-06-07,9869
4953,緯軟,65,32,33,元大-新盛,2023-06-07,9869
2409,友達,32,0,32,元大-新盛,2023-06-07,9869
1609,大亞,262,233,29,元大-新盛,2023-06-07,9869
5258,虹堡,30,1,29,元大-新盛,2023-06-07,9869
6438,迅得,29,0,29,元大-新盛,2023-06-07,9869
2421,建準,40,12,28,元大-新盛,2023-06-07,9869
2883B,凱基金乙特,27,0,27,元大-新盛,2023-06-07,9869
00919,群益台灣精選高息,26,0,26,元大-新盛,2023-06-07,9869
6282,康舒,69,45,24,元大-新盛,2023-06-07,9869
3078,僑威,46,22,24,元大-新盛,2023-06-07,9869
00882,中信中國高股息,23,0,23,元大-新盛,2023-06-07,9869
6125,廣運,30,8,22,元大-新盛,2023-06-07,9869
1314,中石化,21,0,21,元大-新盛,2023-06-07,9869
2892,第一金,21,1,20,元大-新盛,2023-06-07,9869
4510,高鋒,20,0,20,元大-新盛,2023-06-07,9869
3202,樺晟,20,0,20,元大-新盛,2023-06-07,9869
00688L,國泰20年美債正2,20,0,20,元大-新盛,2023-06-07,9869
1605,華新,29,11,18,元大-新盛,2023-06-07,9869
4564,元翎,19,2,17,元大-新盛,2023-06-07,9869
4207,環泰,17,0,17,元大-新盛,2023-06-07,9869
00679B,元大美債20年,18,1,17,元大-新盛,2023-06-07,9869
00927,群益半導體收益,16,0,16,元大-新盛,2023-06-07,9869
3217,優群,18,2,16,元大-新盛,2023-06-07,9869
1727,中華化,20,5,15,元大-新盛,2023-06-07,9869
3306,鼎天,15,0,15,元大-新盛,2023-06-07,9869
2617,台航,16,1,15,元大-新盛,2023-06-07,9869
6806,森崴能源,39,24,15,元大-新盛,2023-06-07,9869
1101,台泥,14,1,13,元大-新盛,2023-06-07,9869
1514,亞力,27,14,13,元大-新盛,2023-06-07,9869
2399,映泰,18,6,12,元大-新盛,2023-06-07,9869
2610,華航,68,56,12,元大-新盛,2023-06-07,9869
6443,元晶,12,0,12,元大-新盛,2023-06-07,9869
2809,京城銀,12,1,11,元大-新盛,2023-06-07,9869
1905,華紙,22,11,11,元大-新盛,2023-06-07,9869
00665L,富邦�琤肭磪囓�2,500,0,500,元大-新盛,2023-06-08,9869
2882,國泰金,150,0,150,元大-新盛,2023-06-08,9869
8069,元太,198,52,146,元大-新盛,2023-06-08,9869
2888,新光金,140,3,137,元大-新盛,2023-06-08,9869
3289,宜特,128,24,104,元大-新盛,2023-06-08,9869
3025,星通,100,4,96,元大-新盛,2023-06-08,9869
1605,華新,102,12,90,元大-新盛,2023-06-08,9869
2634,漢翔,121,38,83,元大-新盛,2023-06-08,9869
2409,友達,68,2,66,元大-新盛,2023-06-08,9869
6806,森崴能源,71,5,66,元大-新盛,2023-06-08,9869
5905,南仁湖,61,0,61,元大-新盛,2023-06-08,9869
2449,京元電子,60,1,59,元大-新盛,2023-06-08,9869
00679B,元大美債20年,53,0,53,元大-新盛,2023-06-08,9869
4960,誠美材,54,2,52,元大-新盛,2023-06-08,9869
6191,精成科,51,1,50,元大-新盛,2023-06-08,9869
00919,群益台灣精選高息,50,0,50,元大-新盛,2023-06-08,9869
4306,炎洲,50,0,50,元大-新盛,2023-06-08,9869
00650L,復華香港正2,41,0,41,元大-新盛,2023-06-08,9869
00857B,永豐20年美公債,35,0,35,元大-新盛,2023-06-08,9869
00720B,元大投資級公司債,34,0,34,元大-新盛,2023-06-08,9869
1449,佳和,37,3,34,元大-新盛,2023-06-08,9869
2337,旺宏,34,2,32,元大-新盛,2023-06-08,9869
1795,美時,38,9,29,元大-新盛,2023-06-08,9869
00670L,富邦NASDAQ正2,27,0,27,元大-新盛,2023-06-08,9869
2408,南亞科,28,3,25,元大-新盛,2023-06-08,9869
00888,永豐台灣ESG,23,0,23,元大-新盛,2023-06-08,9869
6285,啟��,30,7,23,元大-新盛,2023-06-08,9869
1504,東元,30,7,23,元大-新盛,2023-06-08,9869
00885,富邦越南,29,6,23,元大-新盛,2023-06-08,9869
6753,龍德造船,22,0,22,元大-新盛,2023-06-08,9869
1104,環泥,22,0,22,元大-新盛,2023-06-08,9869
3037,欣興,31,10,21,元大-新盛,2023-06-08,9869
3035,智原,20,0,20,元大-新盛,2023-06-08,9869
1455,集盛,20,0,20,元大-新盛,2023-06-08,9869
3323,加百裕,20,1,19,元大-新盛,2023-06-08,9869
00632R,元大台灣50反1,1284,1266,18,元大-新盛,2023-06-08,9869
2542,興富發,18,0,18,元大-新盛,2023-06-08,9869
3481,群創,30,13,17,元大-新盛,2023-06-08,9869
1733,五鼎,20,4,16,元大-新盛,2023-06-08,9869
3511,矽瑪,16,0,16,元大-新盛,2023-06-08,9869
4564,元翎,19,3,16,元大-新盛,2023-06-08,9869
6182,合晶,15,0,15,元大-新盛,2023-06-08,9869
2498,宏達電,20,5,15,元大-新盛,2023-06-08,9869
2601,益航,15,0,15,元大-新盛,2023-06-08,9869
2302,麗正,15,0,15,元大-新盛,2023-06-08,9869
00772B,中信高評級公司債,14,0,14,元大-新盛,2023-06-08,9869
2611,志信,20,6,14,元大-新盛,2023-06-08,9869
2489,瑞軒,15,1,14,元大-新盛,2023-06-08,9869
2002,中鋼,14,0,14,元大-新盛,2023-06-08,9869
1314,中石化,14,0,14,元大-新盛,2023-06-08,9869
6191,精成科,230,5,225,元大-新盛,2023-06-09,9869
2888,新光金,217,30,187,元大-新盛,2023-06-09,9869
4306,炎洲,160,0,160,元大-新盛,2023-06-09,9869
2377,微星,104,3,101,元大-新盛,2023-06-09,9869
00679B,元大美債20年,45,0,45,元大-新盛,2023-06-09,9869
5498,凱崴,45,0,45,元大-新盛,2023-06-09,9869
00878,國泰永續高股息,66,22,44,元大-新盛,2023-06-09,9869
00715L,期街口布蘭特正2,44,0,44,元大-新盛,2023-06-09,9869
00642U,期元大S＆P石油,43,0,43,元大-新盛,2023-06-09,9869
2618,長榮航,66,24,42,元大-新盛,2023-06-09,9869
4157,太景*-KY,42,0,42,元大-新盛,2023-06-09,9869
2356,英業達,90,49,41,元大-新盛,2023-06-09,9869
6285,啟��,41,2,39,元大-新盛,2023-06-09,9869
5340,建榮,38,0,38,元大-新盛,2023-06-09,9869
4207,環泰,34,0,34,元大-新盛,2023-06-09,9869
8150,南茂,32,0,32,元大-新盛,2023-06-09,9869
3036,文曄,30,0,30,元大-新盛,2023-06-09,9869
5009,榮剛,29,0,29,元大-新盛,2023-06-09,9869
4543,萬在,31,2,29,元大-新盛,2023-06-09,9869
6125,廣運,46,18,28,元大-新盛,2023-06-09,9869
2352,佳世達,40,13,27,元大-新盛,2023-06-09,9869
00881,國泰台灣5G+,25,0,25,元大-新盛,2023-06-09,9869
2515,中工,25,1,24,元大-新盛,2023-06-09,9869
6112,邁達特,29,7,22,元大-新盛,2023-06-09,9869
1802,台玻,22,1,21,元大-新盛,2023-06-09,9869
4126,太醫,20,0,20,元大-新盛,2023-06-09,9869
5488,松普,20,0,20,元大-新盛,2023-06-09,9869
00712,復華富時不動產,21,2,19,元大-新盛,2023-06-09,9869
3032,偉訓,34,15,19,元大-新盛,2023-06-09,9869
3055,蔚華科,19,0,19,元大-新盛,2023-06-09,9869
6441,廣錠,24,5,19,元大-新盛,2023-06-09,9869
6288,聯嘉,35,17,18,元大-新盛,2023-06-09,9869
6235,華孚,36,18,18,元大-新盛,2023-06-09,9869
3706,神達,24,7,17,元大-新盛,2023-06-09,9869
8038,長園科,21,4,17,元大-新盛,2023-06-09,9869
2718,全心投控,16,0,16,元大-新盛,2023-06-09,9869
5531,鄉林,21,6,15,元大-新盛,2023-06-09,9869
3545,敦泰,15,0,15,元大-新盛,2023-06-09,9869
6214,精誠,16,1,15,元大-新盛,2023-06-09,9869
1809,中釉,15,0,15,元大-新盛,2023-06-09,9869
00929,復華台灣科技優息,16,2,14,元大-新盛,2023-06-09,9869
3380,明泰,15,1,14,元大-新盛,2023-06-09,9869
1612,宏泰,15,2,13,元大-新盛,2023-06-09,9869
4939,亞電,13,0,13,元大-新盛,2023-06-09,9869
3013,晟銘電,12,0,12,元大-新盛,2023-06-09,9869
2402,毅嘉,14,2,12,元大-新盛,2023-06-09,9869
00706L,期元大S＆P日圓正2,12,0,12,元大-新盛,2023-06-09,9869
2399,映泰,30,18,12,元大-新盛,2023-06-09,9869
6223,旺矽,14,3,11,元大-新盛,2023-06-09,9869
1533,車王電,26,15,11,元大-新盛,2023-06-09,9869
00632R,元大台灣50反1,1382,141,1241,元大-新盛,2023-06-12,9869
00712,復華富時不動產,871,0,871,元大-新盛,2023-06-12,9869
3481,群創,535,24,511,元大-新盛,2023-06-12,9869
4306,炎洲,222,0,222,元大-新盛,2023-06-12,9869
5340,建榮,230,20,210,元大-新盛,2023-06-12,9869
2618,長榮航,187,36,151,元大-新盛,2023-06-12,9869
4543,萬在,139,1,138,元大-新盛,2023-06-12,9869
00929,復華台灣科技優息,137,0,137,元大-新盛,2023-06-12,9869
00715L,期街口布蘭特正2,123,0,123,元大-新盛,2023-06-12,9869
8222,寶一,123,11,112,元大-新盛,2023-06-12,9869
2882,國泰金,132,28,104,元大-新盛,2023-06-12,9869
00642U,期元大S＆P石油,86,0,86,元大-新盛,2023-06-12,9869
2888,新光金,302,220,82,元大-新盛,2023-06-12,9869
3264,欣銓,82,1,81,元大-新盛,2023-06-12,9869
00927,群益半導體收益,66,0,66,元大-新盛,2023-06-12,9869
00919,群益台灣精選高息,62,7,55,元大-新盛,2023-06-12,9869
2377,微星,50,1,49,元大-新盛,2023-06-12,9869
2705,六福,52,4,48,元大-新盛,2023-06-12,9869
2323,中環,52,9,43,元大-新盛,2023-06-12,9869
5381,合正,42,2,40,元大-新盛,2023-06-12,9869
3231,緯創,67,30,37,元大-新盛,2023-06-12,9869
2312,金寶,41,6,35,元大-新盛,2023-06-12,9869
2356,英業達,56,24,32,元大-新盛,2023-06-12,9869
00881,國泰台灣5G+,30,2,28,元大-新盛,2023-06-12,9869
3202,樺晟,30,4,26,元大-新盛,2023-06-12,9869
4510,高鋒,39,13,26,元大-新盛,2023-06-12,9869
6125,廣運,31,5,26,元大-新盛,2023-06-12,9869
8033,雷虎,24,1,23,元大-新盛,2023-06-12,9869
3712,永崴投控,22,0,22,元大-新盛,2023-06-12,9869
5009,榮剛,27,6,21,元大-新盛,2023-06-12,9869
3380,明泰,23,2,21,元大-新盛,2023-06-12,9869
2485,兆赫,20,0,20,元大-新盛,2023-06-12,9869
8443,阿瘦,20,0,20,元大-新盛,2023-06-12,9869
6166,凌華,21,2,19,元大-新盛,2023-06-12,9869
9103,美德醫療-DR,20,1,19,元大-新盛,2023-06-12,9869
1714,和桐,19,0,19,元大-新盛,2023-06-12,9869
3308,聯德,24,5,19,元大-新盛,2023-06-12,9869
8926,台汽電,30,13,17,元大-新盛,2023-06-12,9869
3036,文曄,17,0,17,元大-新盛,2023-06-12,9869
3032,偉訓,21,4,17,元大-新盛,2023-06-12,9869
1612,宏泰,17,1,16,元大-新盛,2023-06-12,9869
3323,加百裕,15,0,15,元大-新盛,2023-06-12,9869
00679B,元大美債20年,14,0,14,元大-新盛,2023-06-12,9869
6180,橘子,15,1,14,元大-新盛,2023-06-12,9869
8426,紅木-KY,15,1,14,元大-新盛,2023-06-12,9869
5465,富驊,48,34,14,元大-新盛,2023-06-12,9869
2421,建準,23,10,13,元大-新盛,2023-06-12,9869
00671R,富邦NASDAQ反1,13,0,13,元大-新盛,2023-06-12,9869
1762,中化生,14,1,13,元大-新盛,2023-06-12,9869
4533,協易機,14,1,13,元大-新盛,2023-06-12,9869
00715L,期街口布蘭特正2,181,2,179,元大-新盛,2023-06-13,9869
4306,炎洲,154,0,154,元大-新盛,2023-06-13,9869
00919,群益台灣精選高息,151,0,151,元大-新盛,2023-06-13,9869
2888,新光金,119,13,106,元大-新盛,2023-06-13,9869
6191,精成科,100,0,100,元大-新盛,2023-06-13,9869
2547,日勝生,95,0,95,元大-新盛,2023-06-13,9869
00642U,期元大S＆P石油,80,1,79,元大-新盛,2023-06-13,9869
2882,國泰金,63,1,62,元大-新盛,2023-06-13,9869
3264,欣銓,56,2,54,元大-新盛,2023-06-13,9869
00631L,元大台灣50正2,54,0,54,元大-新盛,2023-06-13,9869
4919,新唐,55,8,47,元大-新盛,2023-06-13,9869
5498,凱崴,45,0,45,元大-新盛,2023-06-13,9869
2449,京元電子,68,29,39,元大-新盛,2023-06-13,9869
2883,凱基金,34,1,33,元大-新盛,2023-06-13,9869
2402,毅嘉,32,0,32,元大-新盛,2023-06-13,9869
3231,緯創,39,8,31,元大-新盛,2023-06-13,9869
3202,樺晟,31,0,31,元大-新盛,2023-06-13,9869
00882,中信中國高股息,52,22,30,元大-新盛,2023-06-13,9869
6120,達運,29,0,29,元大-新盛,2023-06-13,9869
6163,華電網,28,0,28,元大-新盛,2023-06-13,9869
2421,建準,32,7,25,元大-新盛,2023-06-13,9869
3232,昱捷,27,2,25,元大-新盛,2023-06-13,9869
3036,文曄,25,0,25,元大-新盛,2023-06-13,9869
2352,佳世達,27,3,24,元大-新盛,2023-06-13,9869
2455,全新,28,5,23,元大-新盛,2023-06-13,9869
3289,宜特,168,146,22,元大-新盛,2023-06-13,9869
4967,十銓,21,0,21,元大-新盛,2023-06-13,9869
6167,久正,29,8,21,元大-新盛,2023-06-13,9869
5434,崇越,20,0,20,元大-新盛,2023-06-13,9869
3323,加百裕,20,0,20,元大-新盛,2023-06-13,9869
2324,仁寶,24,5,19,元大-新盛,2023-06-13,9869
6166,凌華,21,2,19,元大-新盛,2023-06-13,9869
00670L,富邦NASDAQ正2,108,91,17,元大-新盛,2023-06-13,9869
00679B,元大美債20年,17,1,16,元大-新盛,2023-06-13,9869
2722,夏都,19,3,16,元大-新盛,2023-06-13,9869
3707,漢磊,21,6,15,元大-新盛,2023-06-13,9869
3038,全台,17,3,14,元大-新盛,2023-06-13,9869
8050,廣積,18,4,14,元大-新盛,2023-06-13,9869
8926,台汽電,27,13,14,元大-新盛,2023-06-13,9869
2515,中工,18,5,13,元大-新盛,2023-06-13,9869
6288,聯嘉,161,149,12,元大-新盛,2023-06-13,9869
2427,三商電,14,2,12,元大-新盛,2023-06-13,9869
2305,全友,12,0,12,元大-新盛,2023-06-13,9869
5703,亞都,11,0,11,元大-新盛,2023-06-13,9869
3576,聯合再生,11,0,11,元大-新盛,2023-06-13,9869
006206,元大上證50,11,0,11,元大-新盛,2023-06-13,9869
00712,復華富時不動產,13,2,11,元大-新盛,2023-06-13,9869
8234,新漢,11,0,11,元大-新盛,2023-06-13,9869
1609,大亞,85,74,11,元大-新盛,2023-06-13,9869
5531,鄉林,10,0,10,元大-新盛,2023-06-13,9869
4306,炎洲,151,0,151,元大-新盛,2023-06-14,9869
00650L,復華香港正2,154,16,138,元大-新盛,2023-06-14,9869
00715L,期街口布蘭特正2,234,111,123,元大-新盛,2023-06-14,9869
3036,文曄,98,0,98,元大-新盛,2023-06-14,9869
1609,大亞,145,74,71,元大-新盛,2023-06-14,9869
00885,富邦越南,64,1,63,元大-新盛,2023-06-14,9869
6191,精成科,51,0,51,元大-新盛,2023-06-14,9869
6664,群翊,51,2,49,元大-新盛,2023-06-14,9869
2468,華經,48,5,43,元大-新盛,2023-06-14,9869
6116,彩晶,42,1,41,元大-新盛,2023-06-14,9869
2515,中工,39,0,39,元大-新盛,2023-06-14,9869
2634,漢翔,45,7,38,元大-新盛,2023-06-14,9869
3704,合勤控,51,14,37,元大-新盛,2023-06-14,9869
00679B,元大美債20年,36,0,36,元大-新盛,2023-06-14,9869
00919,群益台灣精選高息,35,2,33,元大-新盛,2023-06-14,9869
2891,中信金,31,1,30,元大-新盛,2023-06-14,9869
2801,彰銀,31,1,30,元大-新盛,2023-06-14,9869
1319,東陽,30,3,27,元大-新盛,2023-06-14,9869
2344,華邦電,41,15,26,元大-新盛,2023-06-14,9869
00696B,富邦美債20年,26,0,26,元大-新盛,2023-06-14,9869
8150,南茂,24,0,24,元大-新盛,2023-06-14,9869
6122,擎邦,44,21,23,元大-新盛,2023-06-14,9869
2382,廣達,54,32,22,元大-新盛,2023-06-14,9869
8069,元太,21,1,20,元大-新盛,2023-06-14,9869
5381,合正,20,0,20,元大-新盛,2023-06-14,9869
6585,鼎基,20,0,20,元大-新盛,2023-06-14,9869
6153,嘉聯益,20,0,20,元大-新盛,2023-06-14,9869
3147,大綜,25,6,19,元大-新盛,2023-06-14,9869
2356,英業達,102,85,17,元大-新盛,2023-06-14,9869
3013,晟銘電,17,0,17,元大-新盛,2023-06-14,9869
2477,美隆電,17,0,17,元大-新盛,2023-06-14,9869
1701,中化,16,0,16,元大-新盛,2023-06-14,9869
3044,健鼎,16,0,16,元大-新盛,2023-06-14,9869
3232,昱捷,18,2,16,元大-新盛,2023-06-14,9869
6120,達運,15,0,15,元大-新盛,2023-06-14,9869
4770,上品,14,0,14,元大-新盛,2023-06-14,9869
2705,六福,65,51,14,元大-新盛,2023-06-14,9869
5258,虹堡,24,10,14,元大-新盛,2023-06-14,9869
4915,致伸,13,0,13,元大-新盛,2023-06-14,9869
6148,驊宏資,15,3,12,元大-新盛,2023-06-14,9869
2324,仁寶,12,0,12,元大-新盛,2023-06-14,9869
00882,中信中國高股息,17,5,12,元大-新盛,2023-06-14,9869
5465,富驊,23,11,12,元大-新盛,2023-06-14,9869
6282,康舒,27,15,12,元大-新盛,2023-06-14,9869
00662,富邦NASDAQ,12,0,12,元大-新盛,2023-06-14,9869
4919,新唐,12,1,11,元大-新盛,2023-06-14,9869
2449,京元電子,17,6,11,元大-新盛,2023-06-14,9869
8114,振樺電,12,1,11,元大-新盛,2023-06-14,9869
6125,廣運,19,8,11,元大-新盛,2023-06-14,9869
00899,FT潔淨能源,11,0,11,元大-新盛,2023-06-14,9869
4306,炎洲,237,0,237,元大-新盛,2023-06-15,9869
2888,新光金,171,3,168,元大-新盛,2023-06-15,9869
3264,欣銓,152,11,141,元大-新盛,2023-06-15,9869
00642U,期元大S＆P石油,116,4,112,元大-新盛,2023-06-15,9869
6191,精成科,101,0,101,元大-新盛,2023-06-15,9869
3025,星通,101,2,99,元大-新盛,2023-06-15,9869
00919,群益台灣精選高息,77,3,74,元大-新盛,2023-06-15,9869
00712,復華富時不動產,60,0,60,元大-新盛,2023-06-15,9869
00679B,元大美債20年,54,1,53,元大-新盛,2023-06-15,9869
4162,智擎,53,0,53,元大-新盛,2023-06-15,9869
4207,環泰,50,0,50,元大-新盛,2023-06-15,9869
3051,力特,50,0,50,元大-新盛,2023-06-15,9869
3036,文曄,50,0,50,元大-新盛,2023-06-15,9869
2377,微星,50,1,49,元大-新盛,2023-06-15,9869
5469,瀚宇博,53,10,43,元大-新盛,2023-06-15,9869
3231,緯創,96,56,40,元大-新盛,2023-06-15,9869
2329,華泰,41,3,38,元大-新盛,2023-06-15,9869
00632R,元大台灣50反1,49,15,34,元大-新盛,2023-06-15,9869
2382,廣達,42,8,34,元大-新盛,2023-06-15,9869
2317,鴻海,51,24,27,元大-新盛,2023-06-15,9869
1504,東元,34,7,27,元大-新盛,2023-06-15,9869
2331,精英,36,10,26,元大-新盛,2023-06-15,9869
2883B,凱基金乙特,25,0,25,元大-新盛,2023-06-15,9869
3022,威強電,30,6,24,元大-新盛,2023-06-15,9869
6188,廣明,28,4,24,元大-新盛,2023-06-15,9869
4510,高鋒,23,0,23,元大-新盛,2023-06-15,9869
8076,伍豐,29,7,22,元大-新盛,2023-06-15,9869
2425,承啟,22,1,21,元大-新盛,2023-06-15,9869
2105,正新,22,1,21,元大-新盛,2023-06-15,9869
3323,加百裕,21,0,21,元大-新盛,2023-06-15,9869
2547,日勝生,20,0,20,元大-新盛,2023-06-15,9869
3033,威健,33,13,20,元大-新盛,2023-06-15,9869
2530,華建,21,1,20,元大-新盛,2023-06-15,9869
1723,中碳,19,0,19,元大-新盛,2023-06-15,9869
00882,中信中國高股息,16,0,16,元大-新盛,2023-06-15,9869
2618,長榮航,768,753,15,元大-新盛,2023-06-15,9869
6443,元晶,16,1,15,元大-新盛,2023-06-15,9869
6288,聯嘉,15,0,15,元大-新盛,2023-06-15,9869
3147,大綜,23,9,14,元大-新盛,2023-06-15,9869
6026,福邦證,15,1,14,元大-新盛,2023-06-15,9869
00881,國泰台灣5G+,48,35,13,元大-新盛,2023-06-15,9869
3128,昇銳,23,10,13,元大-新盛,2023-06-15,9869
1524,耿鼎,15,2,13,元大-新盛,2023-06-15,9869
8050,廣積,24,11,13,元大-新盛,2023-06-15,9869
3374,精材,13,1,12,元大-新盛,2023-06-15,9869
6550,北極星藥業-KY,13,1,12,元大-新盛,2023-06-15,9869
3715,定穎投控,13,1,12,元大-新盛,2023-06-15,9869
1701,中化,12,0,12,元大-新盛,2023-06-15,9869
3062,建漢,12,0,12,元大-新盛,2023-06-15,9869
2409,友達,13,1,12,元大-新盛,2023-06-15,9869
00632R,元大台灣50反1,1586,4,1582,元大-新盛,2023-06-16,9869
2610,華航,788,216,572,元大-新盛,2023-06-16,9869
2618,長榮航,653,280,373,元大-新盛,2023-06-16,9869
4306,炎洲,210,2,208,元大-新盛,2023-06-16,9869
00919,群益台灣精選高息,236,30,206,元大-新盛,2023-06-16,9869
3481,群創,254,65,189,元大-新盛,2023-06-16,9869
00650L,復華香港正2,157,10,147,元大-新盛,2023-06-16,9869
2888,新光金,157,16,141,元大-新盛,2023-06-16,9869
3006,晶豪科,104,2,102,元大-新盛,2023-06-16,9869
5243,乙盛-KY,90,4,86,元大-新盛,2023-06-16,9869
00713,元大台灣高息低波,85,0,85,元大-新盛,2023-06-16,9869
2409,友達,97,13,84,元大-新盛,2023-06-16,9869
2915,潤泰全,71,1,70,元大-新盛,2023-06-16,9869
1605,華新,142,77,65,元大-新盛,2023-06-16,9869
3162,精確,65,2,63,元大-新盛,2023-06-16,9869
2344,華邦電,121,63,58,元大-新盛,2023-06-16,9869
3013,晟銘電,72,18,54,元大-新盛,2023-06-16,9869
00706L,期元大S＆P日圓正2,51,0,51,元大-新盛,2023-06-16,9869
3323,加百裕,50,0,50,元大-新盛,2023-06-16,9869
3051,力特,50,0,50,元大-新盛,2023-06-16,9869
5483,中美晶,56,8,48,元大-新盛,2023-06-16,9869
3706,神達,117,74,43,元大-新盛,2023-06-16,9869
3036,文曄,38,0,38,元大-新盛,2023-06-16,9869
1301,台塑,37,0,37,元大-新盛,2023-06-16,9869
2882,國泰金,36,2,34,元大-新盛,2023-06-16,9869
00923,群益台ESG低碳50,33,0,33,元大-新盛,2023-06-16,9869
6153,嘉聯益,35,3,32,元大-新盛,2023-06-16,9869
3543,州巧,30,0,30,元大-新盛,2023-06-16,9869
1723,中碳,29,0,29,元大-新盛,2023-06-16,9869
00657,國泰日經225,25,0,25,元大-新盛,2023-06-16,9869
6411,晶焱,25,0,25,元大-新盛,2023-06-16,9869
00737,國泰AI+Robo,24,0,24,元大-新盛,2023-06-16,9869
1609,大亞,173,150,23,元大-新盛,2023-06-16,9869
1802,台玻,52,30,22,元大-新盛,2023-06-16,9869
2363,矽統,20,0,20,元大-新盛,2023-06-16,9869
2101,南港,20,0,20,元大-新盛,2023-06-16,9869
4950,牧東,19,0,19,元大-新盛,2023-06-16,9869
2385,群光,18,0,18,元大-新盛,2023-06-16,9869
2885,元大金,20,2,18,元大-新盛,2023-06-16,9869
2103,台橡,18,0,18,元大-新盛,2023-06-16,9869
1907,永豐餘,22,5,17,元大-新盛,2023-06-16,9869
00878,國泰永續高股息,64,47,17,元大-新盛,2023-06-16,9869
4919,新唐,16,0,16,元大-新盛,2023-06-16,9869
3038,全台,17,1,16,元大-新盛,2023-06-16,9869
6147,頎邦,18,2,16,元大-新盛,2023-06-16,9869
2332,友訊,26,11,15,元大-新盛,2023-06-16,9869
2201,裕隆,48,33,15,元大-新盛,2023-06-16,9869
2834,臺企銀,23,9,14,元大-新盛,2023-06-16,9869
9945,潤泰新,14,0,14,元大-新盛,2023-06-16,9869
2889,國票金,14,0,14,元大-新盛,2023-06-16,9869
00650L,復華香港正2,409,152,257,元大-新盛,2023-06-19,9869
2344,華邦電,260,53,207,元大-新盛,2023-06-19,9869
1504,東元,126,4,122,元大-新盛,2023-06-19,9869
6191,精成科,119,1,118,元大-新盛,2023-06-19,9869
4306,炎洲,100,0,100,元大-新盛,2023-06-19,9869
2421,建準,142,52,90,元大-新盛,2023-06-19,9869
3264,欣銓,98,16,82,元大-新盛,2023-06-19,9869
1609,大亞,87,13,74,元大-新盛,2023-06-19,9869
00712,復華富時不動產,70,0,70,元大-新盛,2023-06-19,9869
2890,永豐金,55,0,55,元大-新盛,2023-06-19,9869
3006,晶豪科,53,0,53,元大-新盛,2023-06-19,9869
00713,元大台灣高息低波,56,4,52,元大-新盛,2023-06-19,9869
00637L,元大滬深300正2,67,16,51,元大-新盛,2023-06-19,9869
3715,定穎投控,54,5,49,元大-新盛,2023-06-19,9869
2406,國碩,45,0,45,元大-新盛,2023-06-19,9869
1513,中興電,94,55,39,元大-新盛,2023-06-19,9869
3017,奇鋐,48,10,38,元大-新盛,2023-06-19,9869
3617,碩天,58,22,36,元大-新盛,2023-06-19,9869
1810,和成,47,13,34,元大-新盛,2023-06-19,9869
2029,盛餘,33,0,33,元大-新盛,2023-06-19,9869
2883,凱基金,37,5,32,元大-新盛,2023-06-19,9869
2892,第一金,30,0,30,元大-新盛,2023-06-19,9869
00664R,國泰臺灣加權反1,30,0,30,元大-新盛,2023-06-19,9869
2324,仁寶,31,2,29,元大-新盛,2023-06-19,9869
1603,華電,29,0,29,元大-新盛,2023-06-19,9869
8085,福華,30,4,26,元大-新盛,2023-06-19,9869
2104,國際中橡,38,15,23,元大-新盛,2023-06-19,9869
3231,緯創,87,65,22,元大-新盛,2023-06-19,9869
3706,神達,59,38,21,元大-新盛,2023-06-19,9869
2547,日勝生,20,0,20,元大-新盛,2023-06-19,9869
4526,東台,20,0,20,元大-新盛,2023-06-19,9869
00919,群益台灣精選高息,28,8,20,元大-新盛,2023-06-19,9869
1522,堤維西,22,3,19,元大-新盛,2023-06-19,9869
1301,台塑,19,0,19,元大-新盛,2023-06-19,9869
00878,國泰永續高股息,53,34,19,元大-新盛,2023-06-19,9869
6138,茂達,18,0,18,元大-新盛,2023-06-19,9869
6164,華興,17,0,17,元大-新盛,2023-06-19,9869
1525,江申,20,3,17,元大-新盛,2023-06-19,9869
4541,晟田,26,9,17,元大-新盛,2023-06-19,9869
00673R,期元大S＆P原油反1,17,0,17,元大-新盛,2023-06-19,9869
2705,六福,39,22,17,元大-新盛,2023-06-19,9869
1605,華新,39,23,16,元大-新盛,2023-06-19,9869
6148,驊宏資,31,15,16,元大-新盛,2023-06-19,9869
6120,達運,22,7,15,元大-新盛,2023-06-19,9869
2536,宏普,15,0,15,元大-新盛,2023-06-19,9869
3163,波若威,16,1,15,元大-新盛,2023-06-19,9869
1101,台泥,21,6,15,元大-新盛,2023-06-19,9869
6239,力成,16,2,14,元大-新盛,2023-06-19,9869
6275,元山,16,2,14,元大-新盛,2023-06-19,9869
00772B,中信高評級公司債,13,0,13,元大-新盛,2023-06-19,9869
00665L,富邦�琤肭磪囓�2,500,10,490,元大-新盛,2023-06-20,9869
3481,群創,384,19,365,元大-新盛,2023-06-20,9869
5340,建榮,349,0,349,元大-新盛,2023-06-20,9869
00632R,元大台灣50反1,247,40,207,元大-新盛,2023-06-20,9869
2610,華航,293,156,137,元大-新盛,2023-06-20,9869
2323,中環,179,49,130,元大-新盛,2023-06-20,9869
00712,復華富時不動產,115,0,115,元大-新盛,2023-06-20,9869
4306,炎洲,110,0,110,元大-新盛,2023-06-20,9869
3264,欣銓,104,2,102,元大-新盛,2023-06-20,9869
00650L,復華香港正2,233,151,82,元大-新盛,2023-06-20,9869
2892,第一金,66,0,66,元大-新盛,2023-06-20,9869
00878,國泰永續高股息,86,21,65,元大-新盛,2023-06-20,9869
4938,和碩,60,3,57,元大-新盛,2023-06-20,9869
2618,長榮航,188,131,57,元大-新盛,2023-06-20,9869
6125,廣運,52,1,51,元大-新盛,2023-06-20,9869
2337,旺宏,40,0,40,元大-新盛,2023-06-20,9869
00713,元大台灣高息低波,41,0,41,元大-新盛,2023-06-20,9869
3162,精確,38,0,38,元大-新盛,2023-06-20,9869
8358,金居,40,4,36,元大-新盛,2023-06-20,9869
5381,合正,34,0,34,元大-新盛,2023-06-20,9869
00715L,期街口布蘭特正2,36,4,32,元大-新盛,2023-06-20,9869
3715,定穎投控,33,1,32,元大-新盛,2023-06-20,9869
2633,台灣高鐵,30,0,30,元大-新盛,2023-06-20,9869
2543,皇昌,44,14,30,元大-新盛,2023-06-20,9869
4147,中裕,27,0,27,元大-新盛,2023-06-20,9869
1514,亞力,39,13,26,元大-新盛,2023-06-20,9869
00924,復華S＆P500成長,24,0,24,元大-新盛,2023-06-20,9869
2421,建準,47,23,24,元大-新盛,2023-06-20,9869
2486,一詮,26,2,24,元大-新盛,2023-06-20,9869
1337,再生-KY,24,0,24,元大-新盛,2023-06-20,9869
3231,緯創,73,49,24,元大-新盛,2023-06-20,9869
3033,威健,27,6,21,元大-新盛,2023-06-20,9869
8234,新漢,21,0,21,元大-新盛,2023-06-20,9869
2530,華建,21,0,21,元大-新盛,2023-06-20,9869
9945,潤泰新,30,10,20,元大-新盛,2023-06-20,9869
8024,佑華,20,0,20,元大-新盛,2023-06-20,9869
6217,中探針,29,10,19,元大-新盛,2023-06-20,9869
1802,台玻,26,8,18,元大-新盛,2023-06-20,9869
3339,泰谷,18,0,18,元大-新盛,2023-06-20,9869
3049,精金,18,0,18,元大-新盛,2023-06-20,9869
2634,漢翔,69,51,18,元大-新盛,2023-06-20,9869
6116,彩晶,36,18,18,元大-新盛,2023-06-20,9869
3323,加百裕,15,0,15,元大-新盛,2023-06-20,9869
8033,雷虎,18,3,15,元大-新盛,2023-06-20,9869
00679B,元大美債20年,16,2,14,元大-新盛,2023-06-20,9869
8222,寶一,44,30,14,元大-新盛,2023-06-20,9869
2468,華經,25,11,14,元大-新盛,2023-06-20,9869
2883,凱基金,17,3,14,元大-新盛,2023-06-20,9869
2312,金寶,58,45,13,元大-新盛,2023-06-20,9869
8011,台通,13,0,13,元大-新盛,2023-06-20,9869
3481,群創,689,87,602,元大-新盛,2023-06-21,9869
00665L,富邦�琤肭磪囓�2,250,0,250,元大-新盛,2023-06-21,9869
3264,欣銓,202,0,202,元大-新盛,2023-06-21,9869
2014,中鴻,161,1,160,元大-新盛,2023-06-21,9869
1907,永豐餘,157,21,136,元大-新盛,2023-06-21,9869
00891,中信關鍵半導體,157,45,112,元大-新盛,2023-06-21,9869
3704,合勤控,100,0,100,元大-新盛,2023-06-21,9869
6125,廣運,110,20,90,元大-新盛,2023-06-21,9869
1609,大亞,103,15,88,元大-新盛,2023-06-21,9869
5381,合正,87,0,87,元大-新盛,2023-06-21,9869
5340,建榮,85,16,69,元大-新盛,2023-06-21,9869
4306,炎洲,61,0,61,元大-新盛,2023-06-21,9869
1605,華新,52,2,50,元大-新盛,2023-06-21,9869
3564,其陽,47,0,47,元大-新盛,2023-06-21,9869
2892,第一金,40,1,39,元大-新盛,2023-06-21,9869
2888,新光金,40,2,38,元大-新盛,2023-06-21,9869
3036,文曄,36,0,36,元大-新盛,2023-06-21,9869
2915,潤泰全,35,0,35,元大-新盛,2023-06-21,9869
2610,華航,168,133,35,元大-新盛,2023-06-21,9869
00890B,凱基ESG BBB債,33,0,33,元大-新盛,2023-06-21,9869
1701,中化,33,0,33,元大-新盛,2023-06-21,9869
8110,華東,30,0,30,元大-新盛,2023-06-21,9869
00712,復華富時不動產,39,9,30,元大-新盛,2023-06-21,9869
2421,建準,38,9,29,元大-新盛,2023-06-21,9869
2417,圓剛,26,0,26,元大-新盛,2023-06-21,9869
00650L,復華香港正2,24,0,24,元大-新盛,2023-06-21,9869
00882,中信中國高股息,23,0,23,元大-新盛,2023-06-21,9869
2337,旺宏,25,3,22,元大-新盛,2023-06-21,9869
00900,富邦特選高股息30,22,0,22,元大-新盛,2023-06-21,9869
00725B,國泰投資級公司債,21,0,21,元大-新盛,2023-06-21,9869
1802,台玻,29,9,20,元大-新盛,2023-06-21,9869
1513,中興電,29,9,20,元大-新盛,2023-06-21,9869
00919,群益台灣精選高息,22,2,20,元大-新盛,2023-06-21,9869
2736,富野,21,2,19,元大-新盛,2023-06-21,9869
5483,中美晶,18,0,18,元大-新盛,2023-06-21,9869
1417,嘉裕,18,0,18,元大-新盛,2023-06-21,9869
4916,事欣科,108,91,17,元大-新盛,2023-06-21,9869
3324,雙鴻,18,1,17,元大-新盛,2023-06-21,9869
4736,泰博,17,0,17,元大-新盛,2023-06-21,9869
2329,華泰,20,5,15,元大-新盛,2023-06-21,9869
00632R,元大台灣50反1,24,10,14,元大-新盛,2023-06-21,9869
2867,三商壽,14,0,14,元大-新盛,2023-06-21,9869
0050,元大台灣50,31,17,14,元大-新盛,2023-06-21,9869
00637L,元大滬深300正2,25,12,13,元大-新盛,2023-06-21,9869
2705,六福,43,29,14,元大-新盛,2023-06-21,9869
2615,萬海,13,0,13,元大-新盛,2023-06-21,9869
0053,元大電子,13,0,13,元大-新盛,2023-06-21,9869
3490,單井,13,0,13,元大-新盛,2023-06-21,9869
6285,啟��,13,0,13,元大-新盛,2023-06-21,9869
2883,凱基金,26,13,13,元大-新盛,2023-06-21,9869
3481,群創,836,33,803,元大-新盛,2023-06-26,9869
2801,彰銀,103,0,103,元大-新盛,2023-06-26,9869
00637L,元大滬深300正2,93,7,86,元大-新盛,2023-06-26,9869
00642U,期元大S＆P石油,77,0,77,元大-新盛,2023-06-26,9869
2906,高林,72,0,72,元大-新盛,2023-06-26,9869
00713,元大台灣高息低波,64,1,63,元大-新盛,2023-06-26,9869
2888,新光金,74,12,62,元大-新盛,2023-06-26,9869
4306,炎洲,60,0,60,元大-新盛,2023-06-26,9869
00882,中信中國高股息,56,1,55,元大-新盛,2023-06-26,9869
00631L,元大台灣50正2,51,0,51,元大-新盛,2023-06-26,9869
00897,富邦基因免疫生技,50,0,50,元大-新盛,2023-06-26,9869
00929,復華台灣科技優息,50,0,50,元大-新盛,2023-06-26,9869
2104,國際中橡,49,0,49,元大-新盛,2023-06-26,9869
2881,富邦金,47,0,47,元大-新盛,2023-06-26,9869
00712,復華富時不動產,42,0,42,元大-新盛,2023-06-26,9869
1605,華新,51,12,39,元大-新盛,2023-06-26,9869
00715L,期街口布蘭特正2,39,0,39,元大-新盛,2023-06-26,9869
1802,台玻,85,48,37,元大-新盛,2023-06-26,9869
3706,神達,80,44,36,元大-新盛,2023-06-26,9869
2344,華邦電,39,5,34,元大-新盛,2023-06-26,9869
2453,凌群,32,0,32,元大-新盛,2023-06-26,9869
2515,中工,30,0,30,元大-新盛,2023-06-26,9869
2332,友訊,32,2,30,元大-新盛,2023-06-26,9869
3494,誠研,30,0,30,元大-新盛,2023-06-26,9869
2610,華航,359,330,29,元大-新盛,2023-06-26,9869
3447,展達,28,0,28,元大-新盛,2023-06-26,9869
6116,彩晶,29,2,27,元大-新盛,2023-06-26,9869
6282,康舒,34,7,27,元大-新盛,2023-06-26,9869
2736,富野,28,2,26,元大-新盛,2023-06-26,9869
8358,金居,26,4,22,元大-新盛,2023-06-26,9869
6153,嘉聯益,22,0,22,元大-新盛,2023-06-26,9869
2371,大同,125,103,22,元大-新盛,2023-06-26,9869
3013,晟銘電,40,18,22,元大-新盛,2023-06-26,9869
2382,廣達,41,20,21,元大-新盛,2023-06-26,9869
2530,華建,20,0,20,元大-新盛,2023-06-26,9869
1529,樂事綠能,28,8,20,元大-新盛,2023-06-26,9869
00890B,凱基ESG BBB債,20,0,20,元大-新盛,2023-06-26,9869
9105,泰金寶-DR,20,0,20,元大-新盛,2023-06-26,9869
1609,大亞,42,23,19,元大-新盛,2023-06-26,9869
6164,華興,18,0,18,元大-新盛,2023-06-26,9869
1907,永豐餘,65,48,17,元大-新盛,2023-06-26,9869
2329,華泰,17,0,17,元大-新盛,2023-06-26,9869
1522,堤維西,19,2,17,元大-新盛,2023-06-26,9869
3049,精金,15,0,15,元大-新盛,2023-06-26,9869
2324,仁寶,16,2,14,元大-新盛,2023-06-26,9869
1815,富喬,16,3,13,元大-新盛,2023-06-26,9869
6770,力積電,12,0,12,元大-新盛,2023-06-26,9869
4916,事欣科,49,37,12,元大-新盛,2023-06-26,9869
00635U,期元大S＆P黃金,12,0,12,元大-新盛,2023-06-26,9869
00720B,元大投資級公司債,17,5,12,元大-新盛,2023-06-26,9869
3481,群創,674,32,642,元大-新盛,2023-06-27,9869
00637L,元大滬深300正2,645,50,595,元大-新盛,2023-06-27,9869
2618,長榮航,411,136,275,元大-新盛,2023-06-27,9869
2344,華邦電,130,4,126,元大-新盛,2023-06-27,9869
4306,炎洲,115,0,115,元大-新盛,2023-06-27,9869
8936,國統,112,0,112,元大-新盛,2023-06-27,9869
00878,國泰永續高股息,129,39,90,元大-新盛,2023-06-27,9869
1609,大亞,111,48,63,元大-新盛,2023-06-27,9869
2801,彰銀,53,0,53,元大-新盛,2023-06-27,9869
00897,富邦基因免疫生技,50,0,50,元大-新盛,2023-06-27,9869
2323,中環,194,144,50,元大-新盛,2023-06-27,9869
2453,凌群,41,0,41,元大-新盛,2023-06-27,9869
2705,六福,39,0,39,元大-新盛,2023-06-27,9869
2317,鴻海,50,12,38,元大-新盛,2023-06-27,9869
6116,彩晶,38,0,38,元大-新盛,2023-06-27,9869
3231,緯創,104,71,33,元大-新盛,2023-06-27,9869
3287,廣寰科,48,16,32,元大-新盛,2023-06-27,9869
1907,永豐餘,34,3,31,元大-新盛,2023-06-27,9869
2534,宏盛,30,0,30,元大-新盛,2023-06-27,9869
0050,元大台灣50,55,26,29,元大-新盛,2023-06-27,9869
00885,富邦越南,26,1,25,元大-新盛,2023-06-27,9869
2906,高林,25,0,25,元大-新盛,2023-06-27,9869
00929,復華台灣科技優息,25,1,24,元大-新盛,2023-06-27,9869
2303,聯電,83,59,24,元大-新盛,2023-06-27,9869
1459,聯發,23,0,23,元大-新盛,2023-06-27,9869
2449,京元電子,24,1,23,元大-新盛,2023-06-27,9869
00882,中信中國高股息,31,9,22,元大-新盛,2023-06-27,9869
3706,神達,31,9,22,元大-新盛,2023-06-27,9869
6282,康舒,28,8,20,元大-新盛,2023-06-27,9869
3711,日月光投控,25,5,20,元大-新盛,2023-06-27,9869
6657,華安,23,3,20,元大-新盛,2023-06-27,9869
2409,友達,33,13,20,元大-新盛,2023-06-27,9869
00680L,元大美債20正2,24,5,19,元大-新盛,2023-06-27,9869
2883,凱基金,19,0,19,元大-新盛,2023-06-27,9869
2406,國碩,19,0,19,元大-新盛,2023-06-27,9869
3033,威健,21,2,19,元大-新盛,2023-06-27,9869
4147,中裕,19,1,18,元大-新盛,2023-06-27,9869
2368,金像電,22,4,18,元大-新盛,2023-06-27,9869
4503,金雨,18,1,17,元大-新盛,2023-06-27,9869
3324,雙鴻,40,24,16,元大-新盛,2023-06-27,9869
1513,中興電,105,89,16,元大-新盛,2023-06-27,9869
3141,晶宏,16,0,16,元大-新盛,2023-06-27,9869
00713,元大台灣高息低波,18,2,16,元大-新盛,2023-06-27,9869
6176,瑞儀,15,0,15,元大-新盛,2023-06-27,9869
00646,元大S＆P500,18,3,15,元大-新盛,2023-06-27,9869
00891,中信關鍵半導體,37,22,15,元大-新盛,2023-06-27,9869
2402,毅嘉,15,0,15,元大-新盛,2023-06-27,9869
1301,台塑,16,1,15,元大-新盛,2023-06-27,9869
1605,華新,58,43,15,元大-新盛,2023-06-27,9869
4735,豪展,14,0,14,元大-新盛,2023-06-27,9869
00632R,元大台灣50反1,1312,8,1304,元大-新盛,2023-06-28,9869
3481,群創,952,60,892,元大-新盛,2023-06-28,9869
2888,新光金,139,0,139,元大-新盛,2023-06-28,9869
00715L,期街口布蘭特正2,123,0,123,元大-新盛,2023-06-28,9869
2618,長榮航,274,155,119,元大-新盛,2023-06-28,9869
00642U,期元大S＆P石油,88,0,88,元大-新盛,2023-06-28,9869
2610,華航,159,77,82,元大-新盛,2023-06-28,9869
00891,中信關鍵半導體,94,29,65,元大-新盛,2023-06-28,9869
00897,富邦基因免疫生技,50,0,50,元大-新盛,2023-06-28,9869
2317,鴻海,48,2,46,元大-新盛,2023-06-28,9869
2906,高林,75,30,45,元大-新盛,2023-06-28,9869
4306,炎洲,50,12,38,元大-新盛,2023-06-28,9869
1609,大亞,38,2,36,元大-新盛,2023-06-28,9869
00900,富邦特選高股息30,35,1,34,元大-新盛,2023-06-28,9869
00893,國泰智能電動車,40,7,33,元大-新盛,2023-06-28,9869
2453,凌群,30,0,30,元大-新盛,2023-06-28,9869
1303,南亞,30,1,29,元大-新盛,2023-06-28,9869
00885,富邦越南,32,3,29,元大-新盛,2023-06-28,9869
1101,台泥,33,5,28,元大-新盛,2023-06-28,9869
2421,建準,32,4,28,元大-新盛,2023-06-28,9869
2337,旺宏,30,2,28,元大-新盛,2023-06-28,9869
1467,南緯,25,0,25,元大-新盛,2023-06-28,9869
00713,元大台灣高息低波,26,2,24,元大-新盛,2023-06-28,9869
00635U,期元大S＆P黃金,24,0,24,元大-新盛,2023-06-28,9869
2637,慧洋-KY,33,10,23,元大-新盛,2023-06-28,9869
2884,玉山金,23,0,23,元大-新盛,2023-06-28,9869
1605,華新,86,64,22,元大-新盛,2023-06-28,9869
2890,永豐金,20,0,20,元大-新盛,2023-06-28,9869
1444,力麗,25,6,19,元大-新盛,2023-06-28,9869
1904,正隆,29,11,18,元大-新盛,2023-06-28,9869
4114,健喬,22,4,18,元大-新盛,2023-06-28,9869
00929,復華台灣科技優息,18,1,17,元大-新盛,2023-06-28,9869
2705,六福,21,4,17,元大-新盛,2023-06-28,9869
4127,天良,17,0,17,元大-新盛,2023-06-28,9869
5388,中磊,25,8,17,元大-新盛,2023-06-28,9869
2356,英業達,34,18,16,元大-新盛,2023-06-28,9869
1727,中華化,16,0,16,元大-新盛,2023-06-28,9869
2427,三商電,16,1,15,元大-新盛,2023-06-28,9869
2882,國泰金,14,0,14,元大-新盛,2023-06-28,9869
00882,中信中國高股息,14,0,14,元大-新盛,2023-06-28,9869
2002,中鋼,14,0,14,元大-新盛,2023-06-28,9869
6111,大宇資,38,25,13,元大-新盛,2023-06-28,9869
4128,中天,13,0,13,元大-新盛,2023-06-28,9869
6188,廣明,22,10,12,元大-新盛,2023-06-28,9869
3011,今皓,12,0,12,元大-新盛,2023-06-28,9869
1459,聯發,12,0,12,元大-新盛,2023-06-28,9869
3078,僑威,18,6,12,元大-新盛,2023-06-28,9869
2889,國票金,13,1,12,元大-新盛,2023-06-28,9869
6122,擎邦,11,0,11,元大-新盛,2023-06-28,9869
6505,台塑化,11,0,11,元大-新盛,2023-06-28,9869
5469,瀚宇博,310,2,308,元大-新盛,2023-06-29,9869
2356,英業達,308,8,300,元大-新盛,2023-06-29,9869
00637L,元大滬深300正2,131,15,116,元大-新盛,2023-06-29,9869
6191,精成科,99,4,95,元大-新盛,2023-06-29,9869
6657,華安,95,0,95,元大-新盛,2023-06-29,9869
2906,高林,80,11,69,元大-新盛,2023-06-29,9869
6485,點序,61,2,59,元大-新盛,2023-06-29,9869
4906,正文,60,5,55,元大-新盛,2023-06-29,9869
4306,炎洲,55,0,55,元大-新盛,2023-06-29,9869
2618,長榮航,78,24,54,元大-新盛,2023-06-29,9869
00897,富邦基因免疫生技,50,0,50,元大-新盛,2023-06-29,9869
2317,鴻海,51,1,50,元大-新盛,2023-06-29,9869
2888,新光金,51,5,46,元大-新盛,2023-06-29,9869
2303,聯電,48,2,46,元大-新盛,2023-06-29,9869
6185,幃翔,37,0,37,元大-新盛,2023-06-29,9869
3481,群創,41,9,32,元大-新盛,2023-06-29,9869
00665L,富邦�琤肭磪囓�2,30,0,30,元大-新盛,2023-06-29,9869
1442,名軒,30,0,30,元大-新盛,2023-06-29,9869
00882,中信中國高股息,28,2,26,元大-新盛,2023-06-29,9869
2104,國際中橡,37,12,25,元大-新盛,2023-06-29,9869
6142,友勁,22,0,22,元大-新盛,2023-06-29,9869
00635U,期元大S＆P黃金,22,0,22,元大-新盛,2023-06-29,9869
3290,東浦,21,0,21,元大-新盛,2023-06-29,9869
2615,萬海,24,4,20,元大-新盛,2023-06-29,9869
2610,華航,45,25,20,元大-新盛,2023-06-29,9869
3006,晶豪科,21,1,20,元大-新盛,2023-06-29,9869
4746,台耀,49,31,18,元大-新盛,2023-06-29,9869
3545,敦泰,18,0,18,元大-新盛,2023-06-29,9869
00919,群益台灣精選高息,16,0,16,元大-新盛,2023-06-29,9869
5009,榮剛,32,16,16,元大-新盛,2023-06-29,9869
6477,安集,15,0,15,元大-新盛,2023-06-29,9869
3492,長盛,13,0,13,元大-新盛,2023-06-29,9869
8110,華東,14,1,13,元大-新盛,2023-06-29,9869
3005,神基,25,13,12,元大-新盛,2023-06-29,9869
2617,台航,12,0,12,元大-新盛,2023-06-29,9869
2748,雲品,23,11,12,元大-新盛,2023-06-29,9869
1605,華新,45,33,12,元大-新盛,2023-06-29,9869
1802,台玻,11,0,11,元大-新盛,2023-06-29,9869
6282,康舒,12,1,11,元大-新盛,2023-06-29,9869
2412,中華電,12,1,11,元大-新盛,2023-06-29,9869
2312,金寶,13,3,10,元大-新盛,2023-06-29,9869
2897,王道銀行,10,0,10,元大-新盛,2023-06-29,9869
5223,安力-KY,10,0,10,元大-新盛,2023-06-29,9869
00900,富邦特選高股息30,10,0,10,元大-新盛,2023-06-29,9869
1618,合機,10,0,10,元大-新盛,2023-06-29,9869
4114,健喬,10,0,10,元大-新盛,2023-06-29,9869
0050,元大台灣50,17,7,10,元大-新盛,2023-06-29,9869
1101,台泥,14,4,10,元大-新盛,2023-06-29,9869
6470,宇智,25,16,9,元大-新盛,2023-06-29,9869
2634,漢翔,11,2,9,元大-新盛,2023-06-29,9869
00632R,元大台灣50反1,2281,31,2250,元大-新盛,2023-06-30,9869
6657,華安,416,0,416,元大-新盛,2023-06-30,9869
2603,長榮,409,41,368,元大-新盛,2023-06-30,9869
6191,精成科,255,1,254,元大-新盛,2023-06-30,9869
2402,毅嘉,221,22,199,元大-新盛,2023-06-30,9869
4306,炎洲,60,0,60,元大-新盛,2023-06-30,9869
2883,凱基金,49,4,45,元大-新盛,2023-06-30,9869
2906,高林,43,1,42,元大-新盛,2023-06-30,9869
3374,精材,40,0,40,元大-新盛,2023-06-30,9869
3264,欣銓,40,3,37,元大-新盛,2023-06-30,9869
4726,永昕,38,2,36,元大-新盛,2023-06-30,9869
2421,建準,50,17,33,元大-新盛,2023-06-30,9869
2409,友達,33,2,31,元大-新盛,2023-06-30,9869
5243,乙盛-KY,30,0,30,元大-新盛,2023-06-30,9869
3323,加百裕,30,0,30,元大-新盛,2023-06-30,9869
4147,中裕,32,3,29,元大-新盛,2023-06-30,9869
6153,嘉聯益,48,22,26,元大-新盛,2023-06-30,9869
2427,三商電,37,11,26,元大-新盛,2023-06-30,9869
2344,華邦電,29,3,26,元大-新盛,2023-06-30,9869
4161,聿新科,25,0,25,元大-新盛,2023-06-30,9869
2618,長榮航,41,17,24,元大-新盛,2023-06-30,9869
2515,中工,24,0,24,元大-新盛,2023-06-30,9869
00679B,元大美債20年,23,0,23,元大-新盛,2023-06-30,9869
2371,大同,34,12,22,元大-新盛,2023-06-30,9869
00680L,元大美債20正2,21,0,21,元大-新盛,2023-06-30,9869
5328,華容,20,0,20,元大-新盛,2023-06-30,9869
2408,南亞科,21,1,20,元大-新盛,2023-06-30,9869
3207,耀勝,28,9,19,元大-新盛,2023-06-30,9869
2027,大成鋼,21,4,17,元大-新盛,2023-06-30,9869
2888,新光金,19,2,17,元大-新盛,2023-06-30,9869
00712,復華富時不動產,17,0,17,元大-新盛,2023-06-30,9869
3045,台灣大,16,0,16,元大-新盛,2023-06-30,9869
4979,華星光,29,13,16,元大-新盛,2023-06-30,9869
3036,文曄,15,0,15,元大-新盛,2023-06-30,9869
00885,富邦越南,14,0,14,元大-新盛,2023-06-30,9869
3665,貿聯-KY,17,3,14,元大-新盛,2023-06-30,9869
1513,中興電,38,24,14,元大-新盛,2023-06-30,9869
4155,訊映,23,9,14,元大-新盛,2023-06-30,9869
00919,群益台灣精選高息,13,0,13,元大-新盛,2023-06-30,9869
6486,互動,12,0,12,元大-新盛,2023-06-30,9869
2354,鴻準,12,0,12,元大-新盛,2023-06-30,9869
6770,力積電,13,1,12,元大-新盛,2023-06-30,9869
2356,英業達,14,2,12,元大-新盛,2023-06-30,9869
3706,神達,12,0,12,元大-新盛,2023-06-30,9869
4114,健喬,11,0,11,元大-新盛,2023-06-30,9869
2462,良得電,11,0,11,元大-新盛,2023-06-30,9869
6589,台康生技,13,2,11,元大-新盛,2023-06-30,9869
2317,鴻海,22,12,10,元大-新盛,2023-06-30,9869
6104,創惟,10,0,10,元大-新盛,2023-06-30,9869
3149,正達,10,0,10,元大-新盛,2023-06-30,9869
3264,欣銓,469,0,469,元大-新盛,2023-07-03,9869
00632R,元大台灣50反1,414,13,401,元大-新盛,2023-07-03,9869
8936,國統,108,8,100,元大-新盛,2023-07-03,9869
4960,誠美材,98,0,98,元大-新盛,2023-07-03,9869
5243,乙盛-KY,84,5,79,元大-新盛,2023-07-03,9869
3715,定穎投控,80,10,70,元大-新盛,2023-07-03,9869
2303,聯電,74,5,69,元大-新盛,2023-07-03,9869
3017,奇鋐,67,13,54,元大-新盛,2023-07-03,9869
8446,華研,50,0,50,元大-新盛,2023-07-03,9869
3207,耀勝,49,3,46,元大-新盛,2023-07-03,9869
4306,炎洲,50,4,46,元大-新盛,2023-07-03,9869
2705,六福,46,2,44,元大-新盛,2023-07-03,9869
3380,明泰,44,6,38,元大-新盛,2023-07-03,9869
3231,緯創,91,54,37,元大-新盛,2023-07-03,9869
2603,長榮,79,44,35,元大-新盛,2023-07-03,9869
4127,天良,32,0,32,元大-新盛,2023-07-03,9869
00881,國泰台灣5G+,34,5,29,元大-新盛,2023-07-03,9869
2409,友達,48,20,28,元大-新盛,2023-07-03,9869
00680L,元大美債20正2,25,0,25,元大-新盛,2023-07-03,9869
1217,愛之味,24,0,24,元大-新盛,2023-07-03,9869
8155,博智,24,1,23,元大-新盛,2023-07-03,9869
4908,前鼎,24,2,22,元大-新盛,2023-07-03,9869
2323,中環,134,112,22,元大-新盛,2023-07-03,9869
4564,元翎,45,24,21,元大-新盛,2023-07-03,9869
3323,加百裕,20,0,20,元大-新盛,2023-07-03,9869
2356,英業達,49,30,19,元大-新盛,2023-07-03,9869
2615,萬海,33,14,19,元大-新盛,2023-07-03,9869
4934,太極,20,1,19,元大-新盛,2023-07-03,9869
4168,醣聯,21,2,19,元大-新盛,2023-07-03,9869
6148,驊宏資,23,4,19,元大-新盛,2023-07-03,9869
00637L,元大滬深300正2,80,62,18,元大-新盛,2023-07-03,9869
1609,大亞,42,24,18,元大-新盛,2023-07-03,9869
2002,中鋼,23,5,18,元大-新盛,2023-07-03,9869
1319,東陽,17,0,17,元大-新盛,2023-07-03,9869
00929,復華台灣科技優息,31,14,17,元大-新盛,2023-07-03,9869
2867,三商壽,17,0,17,元大-新盛,2023-07-03,9869
2449,京元電子,29,13,16,元大-新盛,2023-07-03,9869
2206,三陽工業,20,5,15,元大-新盛,2023-07-03,9869
3704,合勤控,31,16,15,元大-新盛,2023-07-03,9869
2885,元大金,14,0,14,元大-新盛,2023-07-03,9869
4114,健喬,15,1,14,元大-新盛,2023-07-03,9869
8271,宇瞻,14,0,14,元大-新盛,2023-07-03,9869
00885,富邦越南,14,0,14,元大-新盛,2023-07-03,9869
2412,中華電,13,0,13,元大-新盛,2023-07-03,9869
2201,裕隆,131,118,13,元大-新盛,2023-07-03,9869
2408,南亞科,13,0,13,元大-新盛,2023-07-03,9869
8277,商丞,13,0,13,元大-新盛,2023-07-03,9869
2337,旺宏,13,0,13,元大-新盛,2023-07-03,9869
1532,勤美,13,0,13,元大-新盛,2023-07-03,9869
2006,東和鋼鐵,12,0,12,元大-新盛,2023-07-03,9869
3481,群創,1105,4,1101,元大-新盛,2023-07-04,9869
2610,華航,235,22,213,元大-新盛,2023-07-04,9869
0056,元大高股息,186,71,115,元大-新盛,2023-07-04,9869
3264,欣銓,101,10,91,元大-新盛,2023-07-04,9869
2883,凱基金,121,37,84,元大-新盛,2023-07-04,9869
2317,鴻海,88,6,82,元大-新盛,2023-07-04,9869
8446,華研,74,0,74,元大-新盛,2023-07-04,9869
2609,陽明,149,79,70,元大-新盛,2023-07-04,9869
3207,耀勝,67,1,66,元大-新盛,2023-07-04,9869
2603,長榮,115,51,64,元大-新盛,2023-07-04,9869
4306,炎洲,60,6,54,元大-新盛,2023-07-04,9869
5381,合正,55,1,54,元大-新盛,2023-07-04,9869
00712,復華富時不動產,56,4,52,元大-新盛,2023-07-04,9869
8936,國統,52,2,50,元大-新盛,2023-07-04,9869
2615,萬海,109,62,47,元大-新盛,2023-07-04,9869
4915,致伸,46,0,46,元大-新盛,2023-07-04,9869
2618,長榮航,253,220,33,元大-新盛,2023-07-04,9869
6142,友勁,30,0,30,元大-新盛,2023-07-04,9869
3025,星通,31,4,27,元大-新盛,2023-07-04,9869
6112,邁達特,37,10,27,元大-新盛,2023-07-04,9869
1609,大亞,51,25,26,元大-新盛,2023-07-04,9869
1905,華紙,66,41,25,元大-新盛,2023-07-04,9869
2489,瑞軒,35,10,25,元大-新盛,2023-07-04,9869
3038,全台,26,2,24,元大-新盛,2023-07-04,9869
4564,元翎,24,0,24,元大-新盛,2023-07-04,9869
3305,昇貿,22,0,22,元大-新盛,2023-07-04,9869
4551,智伸科,22,0,22,元大-新盛,2023-07-04,9869
4532,瑞智,21,0,21,元大-新盛,2023-07-04,9869
020038,元大ESG配息N,21,0,21,元大-新盛,2023-07-04,9869
4127,天良,21,0,21,元大-新盛,2023-07-04,9869
0050,元大台灣50,54,34,20,元大-新盛,2023-07-04,9869
9105,泰金寶-DR,20,0,20,元大-新盛,2023-07-04,9869
00632R,元大台灣50反1,23,3,20,元大-新盛,2023-07-04,9869
2892,第一金,31,12,19,元大-新盛,2023-07-04,9869
2340,台亞,29,11,18,元大-新盛,2023-07-04,9869
4906,正文,35,18,17,元大-新盛,2023-07-04,9869
5512,力麒,20,3,17,元大-新盛,2023-07-04,9869
2406,國碩,20,4,16,元大-新盛,2023-07-04,9869
3051,力特,20,5,15,元大-新盛,2023-07-04,9869
6215,和椿,14,0,14,元大-新盛,2023-07-04,9869
3490,單井,14,0,14,元大-新盛,2023-07-04,9869
00646,元大S＆P500,19,6,13,元大-新盛,2023-07-04,9869
6015,宏遠證,13,0,13,元大-新盛,2023-07-04,9869
2617,台航,14,1,13,元大-新盛,2023-07-04,9869
6657,華安,14,1,13,元大-新盛,2023-07-04,9869
00919,群益台灣精選高息,17,5,12,元大-新盛,2023-07-04,9869
00927,群益半導體收益,12,0,12,元大-新盛,2023-07-04,9869
1560,中砂,12,0,12,元大-新盛,2023-07-04,9869
6156,松上,12,0,12,元大-新盛,2023-07-04,9869
2630,亞航,25,13,12,元大-新盛,2023-07-04,9869
00665L,富邦�琤肭磪囓�2,620,0,620,元大-新盛,2023-07-05,9869
2609,陽明,560,102,458,元大-新盛,2023-07-05,9869
4532,瑞智,205,0,205,元大-新盛,2023-07-05,9869
4414,如興,133,6,127,元大-新盛,2023-07-05,9869
6191,精成科,113,2,111,元大-新盛,2023-07-05,9869
6485,點序,75,4,71,元大-新盛,2023-07-05,9869
2329,華泰,151,90,61,元大-新盛,2023-07-05,9869
4306,炎洲,60,4,56,元大-新盛,2023-07-05,9869
2356,英業達,142,87,55,元大-新盛,2023-07-05,9869
3017,奇鋐,62,8,54,元大-新盛,2023-07-05,9869
00671R,富邦NASDAQ反1,50,0,50,元大-新盛,2023-07-05,9869
00929,復華台灣科技優息,89,41,48,元大-新盛,2023-07-05,9869
1609,大亞,126,82,44,元大-新盛,2023-07-05,9869
3374,精材,53,9,44,元大-新盛,2023-07-05,9869
0056,元大高股息,104,60,44,元大-新盛,2023-07-05,9869
2317,鴻海,56,14,42,元大-新盛,2023-07-05,9869
2402,毅嘉,173,136,37,元大-新盛,2023-07-05,9869
1101,台泥,36,0,36,元大-新盛,2023-07-05,9869
3231,緯創,78,43,35,元大-新盛,2023-07-05,9869
00637L,元大滬深300正2,36,5,31,元大-新盛,2023-07-05,9869
3036,文曄,30,0,30,元大-新盛,2023-07-05,9869
2009,第一銅,27,0,27,元大-新盛,2023-07-05,9869
3706,神達,39,14,25,元大-新盛,2023-07-05,9869
2371,大同,34,9,25,元大-新盛,2023-07-05,9869
2324,仁寶,33,9,24,元大-新盛,2023-07-05,9869
2705,六福,25,2,23,元大-新盛,2023-07-05,9869
5425,台半,25,2,23,元大-新盛,2023-07-05,9869
3027,盛達,25,3,22,元大-新盛,2023-07-05,9869
2489,瑞軒,22,0,22,元大-新盛,2023-07-05,9869
6136,富爾特,20,0,20,元大-新盛,2023-07-05,9869
00676R,富邦臺灣加權反1,20,0,20,元大-新盛,2023-07-05,9869
6116,彩晶,20,0,20,元大-新盛,2023-07-05,9869
3051,力特,20,0,20,元大-新盛,2023-07-05,9869
2382,廣達,45,26,19,元大-新盛,2023-07-05,9869
3011,今皓,19,0,19,元大-新盛,2023-07-05,9869
1533,車王電,22,3,19,元大-新盛,2023-07-05,9869
1514,亞力,20,2,18,元大-新盛,2023-07-05,9869
2303,聯電,20,3,17,元大-新盛,2023-07-05,9869
8064,東捷,17,0,17,元大-新盛,2023-07-05,9869
6125,廣運,25,8,17,元大-新盛,2023-07-05,9869
3481,群創,17,1,16,元大-新盛,2023-07-05,9869
4977,眾達-KY,18,2,16,元大-新盛,2023-07-05,9869
6188,廣明,27,11,16,元大-新盛,2023-07-05,9869
2486,一詮,30,15,15,元大-新盛,2023-07-05,9869
1513,中興電,16,1,15,元大-新盛,2023-07-05,9869
1457,宜進,15,0,15,元大-新盛,2023-07-05,9869
2369,菱生,22,7,15,元大-新盛,2023-07-05,9869
4564,元翎,15,0,15,元大-新盛,2023-07-05,9869
00687B,國泰20年美債,15,0,15,元大-新盛,2023-07-05,9869
2344,華邦電,18,4,14,元大-新盛,2023-07-05,9869
6005,群益證,316,0,316,元大-新盛,2023-07-06,9869
00665L,富邦�琤肭磪囓�2,200,0,200,元大-新盛,2023-07-06,9869
4532,瑞智,210,11,199,元大-新盛,2023-07-06,9869
2002,中鋼,192,5,187,元大-新盛,2023-07-06,9869
3264,欣銓,174,0,174,元大-新盛,2023-07-06,9869
2317,鴻海,89,6,83,元大-新盛,2023-07-06,9869
4306,炎洲,80,2,78,元大-新盛,2023-07-06,9869
00680L,元大美債20正2,98,20,78,元大-新盛,2023-07-06,9869
2630,亞航,71,2,69,元大-新盛,2023-07-06,9869
1609,大亞,67,3,64,元大-新盛,2023-07-06,9869
3706,神達,87,24,63,元大-新盛,2023-07-06,9869
2618,長榮航,134,77,57,元大-新盛,2023-07-06,9869
2409,友達,63,17,46,元大-新盛,2023-07-06,9869
2609,陽明,71,26,45,元大-新盛,2023-07-06,9869
2402,毅嘉,56,12,44,元大-新盛,2023-07-06,9869
2883,凱基金,51,9,42,元大-新盛,2023-07-06,9869
3017,奇鋐,55,13,42,元大-新盛,2023-07-06,9869
2892,第一金,41,0,41,元大-新盛,2023-07-06,9869
6278,台表科,41,0,41,元大-新盛,2023-07-06,9869
0050,元大台灣50,53,12,41,元大-新盛,2023-07-06,9869
00882,中信中國高股息,52,11,41,元大-新盛,2023-07-06,9869
6770,力積電,43,5,38,元大-新盛,2023-07-06,9869
2610,華航,56,19,37,元大-新盛,2023-07-06,9869
1303,南亞,34,1,33,元大-新盛,2023-07-06,9869
00929,復華台灣科技優息,38,6,32,元大-新盛,2023-07-06,9869
2929,淘帝-KY,33,3,30,元大-新盛,2023-07-06,9869
4726,永昕,29,0,29,元大-新盛,2023-07-06,9869
00637L,元大滬深300正2,50,22,28,元大-新盛,2023-07-06,9869
1101,台泥,31,4,27,元大-新盛,2023-07-06,9869
2888,新光金,37,10,27,元大-新盛,2023-07-06,9869
2913,農林,26,0,26,元大-新盛,2023-07-06,9869
8215,明基材,42,16,26,元大-新盛,2023-07-06,9869
1560,中砂,25,0,25,元大-新盛,2023-07-06,9869
1301,台塑,23,0,23,元大-新盛,2023-07-06,9869
2882,國泰金,24,2,22,元大-新盛,2023-07-06,9869
6438,迅得,24,2,22,元大-新盛,2023-07-06,9869
8110,華東,22,0,22,元大-新盛,2023-07-06,9869
1471,首利,22,2,20,元大-新盛,2023-07-06,9869
00664R,國泰臺灣加權反1,20,0,20,元大-新盛,2023-07-06,9869
5880,合庫金,21,2,19,元大-新盛,2023-07-06,9869
4510,高鋒,21,2,19,元大-新盛,2023-07-06,9869
6753,龍德造船,22,3,19,元大-新盛,2023-07-06,9869
8201,無敵,20,1,19,元大-新盛,2023-07-06,9869
3090,日電貿,18,0,18,元大-新盛,2023-07-06,9869
5864,致和證,18,0,18,元大-新盛,2023-07-06,9869
2881,富邦金,17,0,17,元大-新盛,2023-07-06,9869
3479,安勤,17,0,17,元大-新盛,2023-07-06,9869
00712,復華富時不動產,39,22,17,元大-新盛,2023-07-06,9869
2312,金寶,17,0,17,元大-新盛,2023-07-06,9869
2356,英業達,36,19,17,元大-新盛,2023-07-06,9869
00673R,期元大S＆P原油反1,221,0,221,元大-新盛,2023-07-07,9869
00665L,富邦�琤肭磪囓�2,220,20,200,元大-新盛,2023-07-07,9869
00632R,元大台灣50反1,263,86,177,元大-新盛,2023-07-07,9869
00680L,元大美債20正2,110,0,110,元大-新盛,2023-07-07,9869
2618,長榮航,362,264,98,元大-新盛,2023-07-07,9869
8936,國統,81,0,81,元大-新盛,2023-07-07,9869
00679B,元大美債20年,79,3,76,元大-新盛,2023-07-07,9869
3715,定穎投控,172,100,72,元大-新盛,2023-07-07,9869
2883,凱基金,68,8,60,元大-新盛,2023-07-07,9869
00882,中信中國高股息,62,2,60,元大-新盛,2023-07-07,9869
4306,炎洲,60,0,60,元大-新盛,2023-07-07,9869
2425,承啟,56,1,55,元大-新盛,2023-07-07,9869
2356,英業達,87,36,51,元大-新盛,2023-07-07,9869
2530,華建,50,0,50,元大-新盛,2023-07-07,9869
2402,毅嘉,64,19,45,元大-新盛,2023-07-07,9869
2344,華邦電,44,0,44,元大-新盛,2023-07-07,9869
00927,群益半導體收益,44,0,44,元大-新盛,2023-07-07,9869
1301,台塑,42,0,42,元大-新盛,2023-07-07,9869
2303,聯電,55,14,41,元大-新盛,2023-07-07,9869
00687B,國泰20年美債,37,0,37,元大-新盛,2023-07-07,9869
1802,台玻,31,0,31,元大-新盛,2023-07-07,9869
3290,東浦,30,0,30,元大-新盛,2023-07-07,9869
2888,新光金,29,0,29,元大-新盛,2023-07-07,9869
2002,中鋼,48,21,27,元大-新盛,2023-07-07,9869
00712,復華富時不動產,26,0,26,元大-新盛,2023-07-07,9869
4510,高鋒,27,2,25,元大-新盛,2023-07-07,9869
00929,復華台灣科技優息,25,0,25,元大-新盛,2023-07-07,9869
3231,緯創,120,96,24,元大-新盛,2023-07-07,9869
4915,致伸,32,8,24,元大-新盛,2023-07-07,9869
0050,元大台灣50,32,8,24,元大-新盛,2023-07-07,9869
2340,台亞,52,29,23,元大-新盛,2023-07-07,9869
2881,富邦金,23,3,20,元大-新盛,2023-07-07,9869
6770,力積電,29,11,18,元大-新盛,2023-07-07,9869
3490,單井,18,0,18,元大-新盛,2023-07-07,9869
2409,友達,21,4,17,元大-新盛,2023-07-07,9869
00720B,元大投資級公司債,17,0,17,元大-新盛,2023-07-07,9869
6120,達運,17,1,16,元大-新盛,2023-07-07,9869
2882,國泰金,17,1,16,元大-新盛,2023-07-07,9869
2890,永豐金,16,0,16,元大-新盛,2023-07-07,9869
3060,銘異,32,16,16,元大-新盛,2023-07-07,9869
1905,華紙,21,6,15,元大-新盛,2023-07-07,9869
3596,智易,15,0,15,元大-新盛,2023-07-07,9869
2887,台新金,14,0,14,元大-新盛,2023-07-07,9869
00885,富邦越南,14,0,14,元大-新盛,2023-07-07,9869
2301,光寶科,27,13,14,元大-新盛,2023-07-07,9869
2332,友訊,14,0,14,元大-新盛,2023-07-07,9869
2880,華南金,14,0,14,元大-新盛,2023-07-07,9869
1218,泰山,14,0,14,元大-新盛,2023-07-07,9869
6546,正基,14,0,14,元大-新盛,2023-07-07,9869
4934,太極,28,14,14,元大-新盛,2023-07-07,9869
3481,群創,610,63,547,元大-新盛,2023-07-10,9869
00680L,元大美債20正2,195,2,193,元大-新盛,2023-07-10,9869
3264,欣銓,152,0,152,元大-新盛,2023-07-10,9869
00679B,元大美債20年,72,1,71,元大-新盛,2023-07-10,9869
6282,康舒,108,38,70,元大-新盛,2023-07-10,9869
2884,玉山金,67,1,66,元大-新盛,2023-07-10,9869
4306,炎洲,61,0,61,元大-新盛,2023-07-10,9869
2405,輔信,59,4,55,元大-新盛,2023-07-10,9869
6125,廣運,46,0,46,元大-新盛,2023-07-10,9869
00882,中信中國高股息,44,0,44,元大-新盛,2023-07-10,9869
00929,復華台灣科技優息,43,0,43,元大-新盛,2023-07-10,9869
2888,新光金,52,15,37,元大-新盛,2023-07-10,9869
2337,旺宏,38,2,36,元大-新盛,2023-07-10,9869
2002,中鋼,38,3,35,元大-新盛,2023-07-10,9869
4532,瑞智,107,72,35,元大-新盛,2023-07-10,9869
4123,晟德,44,10,34,元大-新盛,2023-07-10,9869
4919,新唐,34,0,34,元大-新盛,2023-07-10,9869
5392,能率,49,19,30,元大-新盛,2023-07-10,9869
5381,合正,50,21,29,元大-新盛,2023-07-10,9869
2409,友達,28,0,28,元大-新盛,2023-07-10,9869
2610,華航,29,2,27,元大-新盛,2023-07-10,9869
00891,中信關鍵半導體,64,38,26,元大-新盛,2023-07-10,9869
6016,康和證,26,0,26,元大-新盛,2023-07-10,9869
3363,上詮,28,3,25,元大-新盛,2023-07-10,9869
00673R,期元大S＆P原油反1,23,0,23,元大-新盛,2023-07-10,9869
2303,聯電,26,4,22,元大-新盛,2023-07-10,9869
3715,定穎投控,41,20,21,元大-新盛,2023-07-10,9869
9929,秋雨,20,0,20,元大-新盛,2023-07-10,9869
2436,偉詮電,25,5,20,元大-新盛,2023-07-10,9869
3287,廣寰科,20,0,20,元大-新盛,2023-07-10,9869
2317,鴻海,19,0,19,元大-新盛,2023-07-10,9869
00878,國泰永續高股息,21,1,20,元大-新盛,2023-07-10,9869
2371,大同,40,21,19,元大-新盛,2023-07-10,9869
5236,凌陽創新,20,1,19,元大-新盛,2023-07-10,9869
6266,泰詠,18,0,18,元大-新盛,2023-07-10,9869
6111,大宇資,19,1,18,元大-新盛,2023-07-10,9869
2324,仁寶,18,1,17,元大-新盛,2023-07-10,9869
6138,茂達,19,2,17,元大-新盛,2023-07-10,9869
3025,星通,89,72,17,元大-新盛,2023-07-10,9869
3545,敦泰,21,4,17,元大-新盛,2023-07-10,9869
00751B,元大AAA至A公司債,18,2,16,元大-新盛,2023-07-10,9869
1802,台玻,17,1,16,元大-新盛,2023-07-10,9869
1434,福懋,16,0,16,元大-新盛,2023-07-10,9869
00919,群益台灣精選高息,15,0,15,元大-新盛,2023-07-10,9869
2489,瑞軒,15,0,15,元大-新盛,2023-07-10,9869
6148,驊宏資,15,0,15,元大-新盛,2023-07-10,9869
1303,南亞,14,0,14,元大-新盛,2023-07-10,9869
00923,群益台ESG低碳50,14,0,14,元大-新盛,2023-07-10,9869
2425,承啟,14,0,14,元大-新盛,2023-07-10,9869
8112,至上,14,0,14,元大-新盛,2023-07-10,9869
2609,陽明,161,26,135,元大-新盛,2023-07-11,9869
4306,炎洲,89,0,89,元大-新盛,2023-07-11,9869
4532,瑞智,107,29,78,元大-新盛,2023-07-11,9869
2883,凱基金,82,18,64,元大-新盛,2023-07-11,9869
4916,事欣科,54,4,50,元大-新盛,2023-07-11,9869
4967,十銓,50,1,49,元大-新盛,2023-07-11,9869
3264,欣銓,51,5,46,元大-新盛,2023-07-11,9869
3715,定穎投控,41,0,41,元大-新盛,2023-07-11,9869
2486,一詮,63,26,37,元大-新盛,2023-07-11,9869
00676R,富邦臺灣加權反1,86,50,36,元大-新盛,2023-07-11,9869
0050,元大台灣50,38,8,30,元大-新盛,2023-07-11,9869
1609,大亞,44,15,29,元大-新盛,2023-07-11,9869
00885,富邦越南,48,21,27,元大-新盛,2023-07-11,9869
2303,聯電,32,6,26,元大-新盛,2023-07-11,9869
2498,宏達電,59,34,25,元大-新盛,2023-07-11,9869
1101,台泥,27,4,23,元大-新盛,2023-07-11,9869
1529,樂事綠能,23,1,22,元大-新盛,2023-07-11,9869
3666,光耀,22,0,22,元大-新盛,2023-07-11,9869
3374,精材,22,1,21,元大-新盛,2023-07-11,9869
4161,聿新科,21,0,21,元大-新盛,2023-07-11,9869
3287,廣寰科,21,0,21,元大-新盛,2023-07-11,9869
6120,達運,28,7,21,元大-新盛,2023-07-11,9869
6163,華電網,20,0,20,元大-新盛,2023-07-11,9869
2408,南亞科,22,2,20,元大-新盛,2023-07-11,9869
2630,亞航,20,1,19,元大-新盛,2023-07-11,9869
9945,潤泰新,19,0,19,元大-新盛,2023-07-11,9869
1616,億泰,18,0,18,元大-新盛,2023-07-11,9869
00895,富邦未來車,19,1,18,元大-新盛,2023-07-11,9869
00882,中信中國高股息,30,13,17,元大-新盛,2023-07-11,9869
00664R,國泰臺灣加權反1,32,15,17,元大-新盛,2023-07-11,9869
4162,智擎,18,1,17,元大-新盛,2023-07-11,9869
3025,星通,61,44,17,元大-新盛,2023-07-11,9869
00679B,元大美債20年,16,0,16,元大-新盛,2023-07-11,9869
00891,中信關鍵半導體,16,0,16,元大-新盛,2023-07-11,9869
2436,偉詮電,15,0,15,元大-新盛,2023-07-11,9869
4960,誠美材,15,0,15,元大-新盛,2023-07-11,9869
1532,勤美,15,0,15,元大-新盛,2023-07-11,9869
6282,康舒,24,10,14,元大-新盛,2023-07-11,9869
3178,公準,33,19,14,元大-新盛,2023-07-11,9869
3062,建漢,13,0,13,元大-新盛,2023-07-11,9869
4510,高鋒,16,3,13,元大-新盛,2023-07-11,9869
00632R,元大台灣50反1,34,21,13,元大-新盛,2023-07-11,9869
3580,友威科,12,0,12,元大-新盛,2023-07-11,9869
1783,和康生,12,0,12,元大-新盛,2023-07-11,9869
4168,醣聯,13,1,12,元大-新盛,2023-07-11,9869
00929,復華台灣科技優息,12,0,12,元大-新盛,2023-07-11,9869
1605,華新,11,0,11,元大-新盛,2023-07-11,9869
00720B,元大投資級公司債,11,0,11,元大-新盛,2023-07-11,9869
1752,南光,11,0,11,元大-新盛,2023-07-11,9869
2913,農林,11,0,11,元大-新盛,2023-07-11,9869
4306,炎洲,95,0,95,元大-新盛,2023-07-12,9869
4564,元翎,81,16,65,元大-新盛,2023-07-12,9869
2356,英業達,170,111,59,元大-新盛,2023-07-12,9869
2609,陽明,178,124,54,元大-新盛,2023-07-12,9869
00929,復華台灣科技優息,30,0,30,元大-新盛,2023-07-12,9869
3264,欣銓,30,0,30,元大-新盛,2023-07-12,9869
3324,雙鴻,37,8,29,元大-新盛,2023-07-12,9869
00632R,元大台灣50反1,43,15,28,元大-新盛,2023-07-12,9869
3508,位速,35,7,28,元大-新盛,2023-07-12,9869
2530,華建,25,0,25,元大-新盛,2023-07-12,9869
3011,今皓,24,0,24,元大-新盛,2023-07-12,9869
6116,彩晶,25,2,23,元大-新盛,2023-07-12,9869
2630,亞航,22,0,22,元大-新盛,2023-07-12,9869
3712,永崴投控,22,0,22,元大-新盛,2023-07-12,9869
00720B,元大投資級公司債,21,0,21,元大-新盛,2023-07-12,9869
2887,台新金,31,10,21,元大-新盛,2023-07-12,9869
00882,中信中國高股息,21,1,20,元大-新盛,2023-07-12,9869
00687B,國泰20年美債,20,0,20,元大-新盛,2023-07-12,9869
1447,力鵬,20,0,20,元大-新盛,2023-07-12,9869
1522,堤維西,20,0,20,元大-新盛,2023-07-12,9869
5498,凱崴,20,0,20,元大-新盛,2023-07-12,9869
9933,中鼎,20,0,20,元大-新盛,2023-07-12,9869
5353,台林,20,0,20,元大-新盛,2023-07-12,9869
5460,同協,19,0,19,元大-新盛,2023-07-12,9869
2515,中工,19,1,18,元大-新盛,2023-07-12,9869
00692,富邦公司治理,18,1,17,元大-新盛,2023-07-12,9869
6829,千附精密,17,0,17,元大-新盛,2023-07-12,9869
00673R,期元大S＆P原油反1,22,5,17,元大-新盛,2023-07-12,9869
8033,雷虎,23,7,16,元大-新盛,2023-07-12,9869
3515,華擎,20,4,16,元大-新盛,2023-07-12,9869
2436,偉詮電,16,1,15,元大-新盛,2023-07-12,9869
1717,長興,14,0,14,元大-新盛,2023-07-12,9869
3058,立德,14,0,14,元大-新盛,2023-07-12,9869
2743,山富,14,0,14,元大-新盛,2023-07-12,9869
4155,訊映,14,0,14,元大-新盛,2023-07-12,9869
2344,華邦電,26,13,13,元大-新盛,2023-07-12,9869
2342,茂矽,23,10,13,元大-新盛,2023-07-12,9869
4904,遠傳,13,0,13,元大-新盛,2023-07-12,9869
1513,中興電,44,32,12,元大-新盛,2023-07-12,9869
00679B,元大美債20年,12,0,12,元大-新盛,2023-07-12,9869
3003,健和興,12,0,12,元大-新盛,2023-07-12,9869
4938,和碩,12,0,12,元大-新盛,2023-07-12,9869
3217,優群,14,2,12,元大-新盛,2023-07-12,9869
6192,巨路,12,0,12,元大-新盛,2023-07-12,9869
2331,精英,13,1,12,元大-新盛,2023-07-12,9869
8076,伍豐,12,0,12,元大-新盛,2023-07-12,9869
2705,六福,14,3,11,元大-新盛,2023-07-12,9869
2731,雄獅,12,1,11,元大-新盛,2023-07-12,9869
1711,永光,11,0,11,元大-新盛,2023-07-12,9869
8255,朋程,11,0,11,元大-新盛,2023-07-12,9869
2618,長榮航,451,81,370,元大-新盛,2023-07-13,9869
2610,華航,331,41,290,元大-新盛,2023-07-13,9869
1609,大亞,188,13,175,元大-新盛,2023-07-13,9869
2312,金寶,212,69,143,元大-新盛,2023-07-13,9869
6191,精成科,125,3,122,元大-新盛,2023-07-13,9869
3264,欣銓,103,2,101,元大-新盛,2023-07-13,9869
00712,復華富時不動產,206,124,82,元大-新盛,2023-07-13,9869
4934,太極,76,5,71,元大-新盛,2023-07-13,9869
00679B,元大美債20年,66,4,62,元大-新盛,2023-07-13,9869
2317,鴻海,60,13,47,元大-新盛,2023-07-13,9869
3231,緯創,158,116,42,元大-新盛,2023-07-13,9869
00882,中信中國高股息,46,5,41,元大-新盛,2023-07-13,9869
00733,富邦臺灣中小,39,1,38,元大-新盛,2023-07-13,9869
6282,康舒,48,17,31,元大-新盛,2023-07-13,9869
2324,仁寶,86,56,30,元大-新盛,2023-07-13,9869
2359,所羅門,40,11,29,元大-新盛,2023-07-13,9869
3071,協禧,35,9,26,元大-新盛,2023-07-13,9869
8050,廣積,42,16,26,元大-新盛,2023-07-13,9869
3706,神達,49,23,26,元大-新盛,2023-07-13,9869
2332,友訊,29,4,25,元大-新盛,2023-07-13,9869
2331,精英,35,10,25,元大-新盛,2023-07-13,9869
3232,昱捷,22,0,22,元大-新盛,2023-07-13,9869
2449,京元電子,57,36,21,元大-新盛,2023-07-13,9869
1471,首利,21,0,21,元大-新盛,2023-07-13,9869
00930,永豐ESG低碳高息,21,0,21,元大-新盛,2023-07-13,9869
00929,復華台灣科技優息,31,11,20,元大-新盛,2023-07-13,9869
3324,雙鴻,32,12,20,元大-新盛,2023-07-13,9869
6589,台康生技,20,0,20,元大-新盛,2023-07-13,9869
2929,淘帝-KY,21,1,20,元大-新盛,2023-07-13,9869
2367,燿華,20,0,20,元大-新盛,2023-07-13,9869
4915,致伸,25,6,19,元大-新盛,2023-07-13,9869
00885,富邦越南,31,12,19,元大-新盛,2023-07-13,9869
3374,精材,21,2,19,元大-新盛,2023-07-13,9869
3025,星通,23,4,19,元大-新盛,2023-07-13,9869
2371,大同,36,18,18,元大-新盛,2023-07-13,9869
2342,茂矽,28,10,18,元大-新盛,2023-07-13,9869
2329,華泰,43,25,18,元大-新盛,2023-07-13,9869
6548,長科*,24,7,17,元大-新盛,2023-07-13,9869
2409,友達,23,6,17,元大-新盛,2023-07-13,9869
5426,振發,17,3,14,元大-新盛,2023-07-13,9869
4532,瑞智,33,19,14,元大-新盛,2023-07-13,9869
3036,文曄,13,0,13,元大-新盛,2023-07-13,9869
00895,富邦未來車,13,0,13,元大-新盛,2023-07-13,9869
6877,鏵友益,13,0,13,元大-新盛,2023-07-13,9869
1440,南紡,12,0,12,元大-新盛,2023-07-13,9869
00642U,期元大S＆P石油,20,8,12,元大-新盛,2023-07-13,9869
00673R,期元大S＆P原油反1,12,0,12,元大-新盛,2023-07-13,9869
3515,華擎,16,4,12,元大-新盛,2023-07-13,9869
4950,牧東,12,0,12,元大-新盛,2023-07-13,9869
2882,國泰金,17,5,12,元大-新盛,2023-07-13,9869
2303,聯電,241,10,231,元大-新盛,2023-07-14,9869
2382,廣達,185,44,141,元大-新盛,2023-07-14,9869
2609,陽明,126,22,104,元大-新盛,2023-07-14,9869
00927,群益半導體收益,125,25,100,元大-新盛,2023-07-14,9869
00680L,元大美債20正2,100,2,98,元大-新盛,2023-07-14,9869
00929,復華台灣科技優息,83,2,81,元大-新盛,2023-07-14,9869
00888,永豐台灣ESG,72,5,67,元大-新盛,2023-07-14,9869
00882,中信中國高股息,74,12,62,元大-新盛,2023-07-14,9869
4306,炎洲,60,0,60,元大-新盛,2023-07-14,9869
1904,正隆,41,0,41,元大-新盛,2023-07-14,9869
8096,擎亞,46,8,38,元大-新盛,2023-07-14,9869
3362,先進光,40,8,32,元大-新盛,2023-07-14,9869
1802,台玻,31,0,31,元大-新盛,2023-07-14,9869
3032,偉訓,32,5,27,元大-新盛,2023-07-14,9869
6235,華孚,47,23,24,元大-新盛,2023-07-14,9869
2605,新興,22,0,22,元大-新盛,2023-07-14,9869
2344,華邦電,21,0,21,元大-新盛,2023-07-14,9869
2201,裕隆,62,41,21,元大-新盛,2023-07-14,9869
2371,大同,63,42,21,元大-新盛,2023-07-14,9869
1611,中電,17,0,17,元大-新盛,2023-07-14,9869
00632R,元大台灣50反1,71,54,17,元大-新盛,2023-07-14,9869
6122,擎邦,19,3,16,元大-新盛,2023-07-14,9869
2630,亞航,46,30,16,元大-新盛,2023-07-14,9869
3693,營邦,20,5,15,元大-新盛,2023-07-14,9869
3481,群創,41,26,15,元大-新盛,2023-07-14,9869
4532,瑞智,56,41,15,元大-新盛,2023-07-14,9869
3033,威健,21,7,14,元大-新盛,2023-07-14,9869
3325,旭品,15,1,14,元大-新盛,2023-07-14,9869
3287,廣寰科,17,3,14,元大-新盛,2023-07-14,9869
6153,嘉聯益,14,0,14,元大-新盛,2023-07-14,9869
6443,元晶,13,0,13,元大-新盛,2023-07-14,9869
6152,百一,13,0,13,元大-新盛,2023-07-14,9869
3402,漢科,13,0,13,元大-新盛,2023-07-14,9869
3580,友威科,13,0,13,元大-新盛,2023-07-14,9869
2402,毅嘉,12,0,12,元大-新盛,2023-07-14,9869
2883,凱基金,32,20,12,元大-新盛,2023-07-14,9869
3704,合勤控,33,22,11,元大-新盛,2023-07-14,9869
00720B,元大投資級公司債,12,0,12,元大-新盛,2023-07-14,9869
3707,漢磊,11,0,11,元大-新盛,2023-07-14,9869
2358,廷鑫,10,0,10,元大-新盛,2023-07-14,9869
1465,偉全,10,0,10,元大-新盛,2023-07-14,9869
3685,元創精密,10,0,10,元大-新盛,2023-07-14,9869
2929,淘帝-KY,10,0,10,元大-新盛,2023-07-14,9869
3078,僑威,22,12,10,元大-新盛,2023-07-14,9869
8064,東捷,10,0,10,元大-新盛,2023-07-14,9869
1460,宏遠,10,0,10,元大-新盛,2023-07-14,9869
3092,鴻碩,11,1,10,元大-新盛,2023-07-14,9869
1815,富喬,10,0,10,元大-新盛,2023-07-14,9869
6747,亨泰光,10,0,10,元大-新盛,2023-07-14,9869
3207,耀勝,10,0,10,元大-新盛,2023-07-14,9869
3706,神達,225,6,219,元大-新盛,2023-07-17,9869
2609,陽明,168,17,151,元大-新盛,2023-07-17,9869
4306,炎洲,125,3,122,元大-新盛,2023-07-17,9869
2377,微星,100,2,98,元大-新盛,2023-07-17,9869
00929,復華台灣科技優息,90,0,90,元大-新盛,2023-07-17,9869
3264,欣銓,76,3,73,元大-新盛,2023-07-17,9869
2329,華泰,90,22,68,元大-新盛,2023-07-17,9869
2607,榮運,60,0,60,元大-新盛,2023-07-17,9869
00637L,元大滬深300正2,61,3,58,元大-新盛,2023-07-17,9869
6235,華孚,61,16,45,元大-新盛,2023-07-17,9869
3017,奇鋐,60,21,39,元大-新盛,2023-07-17,9869
00720B,元大投資級公司債,36,1,35,元大-新盛,2023-07-17,9869
2323,中環,69,36,33,元大-新盛,2023-07-17,9869
00882,中信中國高股息,32,2,30,元大-新盛,2023-07-17,9869
2025,千興,30,0,30,元大-新盛,2023-07-17,9869
6283,淳安,30,0,30,元大-新盛,2023-07-17,9869
1795,美時,45,16,29,元大-新盛,2023-07-17,9869
1471,首利,38,9,29,元大-新盛,2023-07-17,9869
00919,群益台灣精選高息,29,3,26,元大-新盛,2023-07-17,9869
3027,盛達,27,1,26,元大-新盛,2023-07-17,9869
2027,大成鋼,24,1,23,元大-新盛,2023-07-17,9869
3305,昇貿,24,1,23,元大-新盛,2023-07-17,9869
00655L,國泰中國A50正2,21,0,21,元大-新盛,2023-07-17,9869
2371,大同,62,41,21,元大-新盛,2023-07-17,9869
5410,國眾,21,1,20,元大-新盛,2023-07-17,9869
3092,鴻碩,20,1,19,元大-新盛,2023-07-17,9869
1605,華新,32,13,19,元大-新盛,2023-07-17,9869
2382,廣達,34,16,18,元大-新盛,2023-07-17,9869
2881,富邦金,33,14,19,元大-新盛,2023-07-17,9869
6126,信音,19,1,18,元大-新盛,2023-07-17,9869
3234,光環,20,2,18,元大-新盛,2023-07-17,9869
2801,彰銀,21,4,17,元大-新盛,2023-07-17,9869
3356,奇偶,22,5,17,元大-新盛,2023-07-17,9869
2328,廣宇,19,3,16,元大-新盛,2023-07-17,9869
5009,榮剛,16,0,16,元大-新盛,2023-07-17,9869
3540,曜越,22,6,16,元大-新盛,2023-07-17,9869
3025,星通,34,18,16,元大-新盛,2023-07-17,9869
00930,永豐ESG低碳高息,15,0,15,元大-新盛,2023-07-17,9869
2453,凌群,17,2,15,元大-新盛,2023-07-17,9869
2883,凱基金,51,36,15,元大-新盛,2023-07-17,9869
2427,三商電,20,6,14,元大-新盛,2023-07-17,9869
1101,台泥,13,0,13,元大-新盛,2023-07-17,9869
00715L,期街口布蘭特正2,13,0,13,元大-新盛,2023-07-17,9869
00670L,富邦NASDAQ正2,13,0,13,元大-新盛,2023-07-17,9869
2356,英業達,69,56,13,元大-新盛,2023-07-17,9869
1789,神隆,13,1,12,元大-新盛,2023-07-17,9869
3260,威剛,17,5,12,元大-新盛,2023-07-17,9869
5386,青雲,13,1,12,元大-新盛,2023-07-17,9869
2913,農林,11,0,11,元大-新盛,2023-07-17,9869
3205,佰研,13,2,11,元大-新盛,2023-07-17,9869
00929,復華台灣科技優息,326,53,273,元大-新盛,2023-07-18,9869
00882,中信中國高股息,221,48,173,元大-新盛,2023-07-18,9869
2312,金寶,293,142,151,元大-新盛,2023-07-18,9869
1609,大亞,209,70,139,元大-新盛,2023-07-18,9869
2324,仁寶,227,94,133,元大-新盛,2023-07-18,9869
4306,炎洲,202,90,112,元大-新盛,2023-07-18,9869
3706,神達,261,152,109,元大-新盛,2023-07-18,9869
4934,太極,149,42,107,元大-新盛,2023-07-18,9869
00891,中信關鍵半導體,119,16,103,元大-新盛,2023-07-18,9869
2352,佳世達,139,39,100,元大-新盛,2023-07-18,9869
9105,泰金寶-DR,130,42,88,元大-新盛,2023-07-18,9869
6191,精成科,81,2,79,元大-新盛,2023-07-18,9869
2888,新光金,81,25,56,元大-新盛,2023-07-18,9869
2399,映泰,59,6,53,元大-新盛,2023-07-18,9869
3264,欣銓,54,6,48,元大-新盛,2023-07-18,9869
2303,聯電,53,5,48,元大-新盛,2023-07-18,9869
3715,定穎投控,51,4,47,元大-新盛,2023-07-18,9869
00632R,元大台灣50反1,46,2,44,元大-新盛,2023-07-18,9869
4938,和碩,108,68,40,元大-新盛,2023-07-18,9869
6283,淳安,40,0,40,元大-新盛,2023-07-18,9869
6282,康舒,185,146,39,元大-新盛,2023-07-18,9869
2603,長榮,42,4,38,元大-新盛,2023-07-18,9869
00720B,元大投資級公司債,38,0,38,元大-新盛,2023-07-18,9869
2329,華泰,94,58,36,元大-新盛,2023-07-18,9869
2387,精元,35,0,35,元大-新盛,2023-07-18,9869
4979,華星光,34,0,34,元大-新盛,2023-07-18,9869
3029,零壹,36,2,34,元大-新盛,2023-07-18,9869
0050,元大台灣50,52,19,33,元大-新盛,2023-07-18,9869
00900,富邦特選高股息30,41,9,32,元大-新盛,2023-07-18,9869
2610,華航,130,100,30,元大-新盛,2023-07-18,9869
4714,永捷,29,1,28,元大-新盛,2023-07-18,9869
6185,幃翔,29,2,27,元大-新盛,2023-07-18,9869
2449,京元電子,38,12,26,元大-新盛,2023-07-18,9869
2374,佳能,27,1,26,元大-新盛,2023-07-18,9869
1504,東元,29,5,24,元大-新盛,2023-07-18,9869
00715L,期街口布蘭特正2,22,0,22,元大-新盛,2023-07-18,9869
6166,凌華,22,1,21,元大-新盛,2023-07-18,9869
2630,亞航,22,1,21,元大-新盛,2023-07-18,9869
8996,高力,20,0,20,元大-新盛,2023-07-18,9869
2607,榮運,20,0,20,元大-新盛,2023-07-18,9869
1605,華新,31,12,19,元大-新盛,2023-07-18,9869
4906,正文,26,7,19,元大-新盛,2023-07-18,9869
00679B,元大美債20年,19,1,18,元大-新盛,2023-07-18,9869
2891,中信金,26,8,18,元大-新盛,2023-07-18,9869
6235,華孚,17,0,17,元大-新盛,2023-07-18,9869
2427,三商電,21,4,17,元大-新盛,2023-07-18,9869
3540,曜越,17,0,17,元大-新盛,2023-07-18,9869
00751B,元大AAA至A公司債,17,0,17,元大-新盛,2023-07-18,9869
6486,互動,17,0,17,元大-新盛,2023-07-18,9869
2889,國票金,17,0,17,元大-新盛,2023-07-18,9869
00882,中信中國高股息,153,1,152,元大-新盛,2023-07-19,9869
2609,陽明,127,17,110,元大-新盛,2023-07-19,9869
2353,宏��,133,29,104,元大-新盛,2023-07-19,9869
8936,國統,103,4,99,元大-新盛,2023-07-19,9869
3706,神達,318,238,80,元大-新盛,2023-07-19,9869
2303,聯電,91,18,73,元大-新盛,2023-07-19,9869
2610,華航,109,37,72,元大-新盛,2023-07-19,9869
3323,加百裕,70,0,70,元大-新盛,2023-07-19,9869
4306,炎洲,65,0,65,元大-新盛,2023-07-19,9869
3032,偉訓,70,13,57,元大-新盛,2023-07-19,9869
4114,健喬,57,3,54,元大-新盛,2023-07-19,9869
2883,凱基金,77,23,54,元大-新盛,2023-07-19,9869
2312,金寶,80,28,52,元大-新盛,2023-07-19,9869
1529,樂事綠能,49,1,48,元大-新盛,2023-07-19,9869
00900,富邦特選高股息30,47,0,47,元大-新盛,2023-07-19,9869
2329,華泰,88,42,46,元大-新盛,2023-07-19,9869
2481,強茂,55,11,44,元大-新盛,2023-07-19,9869
9105,泰金寶-DR,43,0,43,元大-新盛,2023-07-19,9869
2603,長榮,56,13,43,元大-新盛,2023-07-19,9869
3078,僑威,40,4,36,元大-新盛,2023-07-19,9869
1609,大亞,39,4,35,元大-新盛,2023-07-19,9869
2618,長榮航,136,103,33,元大-新盛,2023-07-19,9869
5258,虹堡,32,1,31,元大-新盛,2023-07-19,9869
1802,台玻,31,0,31,元大-新盛,2023-07-19,9869
3037,欣興,64,38,26,元大-新盛,2023-07-19,9869
4566,時碩工業,40,15,25,元大-新盛,2023-07-19,9869
2515,中工,24,0,24,元大-新盛,2023-07-19,9869
6116,彩晶,22,0,22,元大-新盛,2023-07-19,9869
3202,樺晟,22,0,22,元大-新盛,2023-07-19,9869
00930,永豐ESG低碳高息,22,0,22,元大-新盛,2023-07-19,9869
6164,華興,21,0,21,元大-新盛,2023-07-19,9869
4739,康普,25,4,21,元大-新盛,2023-07-19,9869
3036,文曄,20,0,20,元大-新盛,2023-07-19,9869
4960,誠美材,20,0,20,元大-新盛,2023-07-19,9869
2380,虹光,20,0,20,元大-新盛,2023-07-19,9869
00669R,國泰美國道瓊反1,20,0,20,元大-新盛,2023-07-19,9869
2382,廣達,62,43,19,元大-新盛,2023-07-19,9869
2425,承啟,20,1,19,元大-新盛,2023-07-19,9869
6166,凌華,23,5,18,元大-新盛,2023-07-19,9869
4147,中裕,23,5,18,元大-新盛,2023-07-19,9869
1101,台泥,18,0,18,元大-新盛,2023-07-19,9869
3432,台端,17,0,17,元大-新盛,2023-07-19,9869
1789,神隆,57,40,17,元大-新盛,2023-07-19,9869
3055,蔚華科,20,4,16,元大-新盛,2023-07-19,9869
6288,聯嘉,17,1,16,元大-新盛,2023-07-19,9869
4906,正文,15,0,15,元大-新盛,2023-07-19,9869
2492,華新科,16,1,15,元大-新盛,2023-07-19,9869
8087,麗升能源,15,0,15,元大-新盛,2023-07-19,9869
4532,瑞智,58,44,14,元大-新盛,2023-07-19,9869
6505,台塑化,13,0,13,元大-新盛,2023-07-19,9869
5469,瀚宇博,140,4,136,元大-新盛,2023-07-20,9869
2888,新光金,152,24,128,元大-新盛,2023-07-20,9869
2352,佳世達,140,13,127,元大-新盛,2023-07-20,9869
3712,永崴投控,111,0,111,元大-新盛,2023-07-20,9869
00878,國泰永續高股息,153,46,107,元大-新盛,2023-07-20,9869
3289,宜特,112,5,107,元大-新盛,2023-07-20,9869
2303,聯電,95,22,73,元大-新盛,2023-07-20,9869
1102,亞泥,58,0,58,元大-新盛,2023-07-20,9869
1802,台玻,50,0,50,元大-新盛,2023-07-20,9869
00929,復華台灣科技優息,44,0,44,元大-新盛,2023-07-20,9869
2603,長榮,67,26,41,元大-新盛,2023-07-20,9869
2884,玉山金,46,6,40,元大-新盛,2023-07-20,9869
2324,仁寶,50,13,37,元大-新盛,2023-07-20,9869
00712,復華富時不動產,52,15,37,元大-新盛,2023-07-20,9869
2449,京元電子,43,7,36,元大-新盛,2023-07-20,9869
6282,康舒,79,44,35,元大-新盛,2023-07-20,9869
1467,南緯,30,0,30,元大-新盛,2023-07-20,9869
3323,加百裕,30,0,30,元大-新盛,2023-07-20,9869
4979,華星光,29,1,28,元大-新盛,2023-07-20,9869
4123,晟德,70,43,27,元大-新盛,2023-07-20,9869
3032,偉訓,30,8,22,元大-新盛,2023-07-20,9869
2461,光群雷,21,0,21,元大-新盛,2023-07-20,9869
2480,敦陽科,20,0,20,元大-新盛,2023-07-20,9869
8050,廣積,22,3,19,元大-新盛,2023-07-20,9869
6451,訊芯-KY,17,0,17,元大-新盛,2023-07-20,9869
00885,富邦越南,19,3,16,元大-新盛,2023-07-20,9869
2402,毅嘉,20,4,16,元大-新盛,2023-07-20,9869
2312,金寶,16,1,15,元大-新盛,2023-07-20,9869
6283,淳安,15,0,15,元大-新盛,2023-07-20,9869
4919,新唐,18,4,14,元大-新盛,2023-07-20,9869
4114,健喬,14,0,14,元大-新盛,2023-07-20,9869
6205,詮欣,14,0,14,元大-新盛,2023-07-20,9869
2365,昆盈,14,0,14,元大-新盛,2023-07-20,9869
1529,樂事綠能,53,39,14,元大-新盛,2023-07-20,9869
1326,台化,13,0,13,元大-新盛,2023-07-20,9869
6753,龍德造船,12,0,12,元大-新盛,2023-07-20,9869
2206,三陽工業,26,14,12,元大-新盛,2023-07-20,9869
2515,中工,11,0,11,元大-新盛,2023-07-20,9869
00680L,元大美債20正2,21,10,11,元大-新盛,2023-07-20,9869
1568,倉佑,10,0,10,元大-新盛,2023-07-20,9869
2748,雲品,16,6,10,元大-新盛,2023-07-20,9869
2426,鼎元,12,2,10,元大-新盛,2023-07-20,9869
3346,麗清,10,0,10,元大-新盛,2023-07-20,9869
00664R,國泰臺灣加權反1,10,0,10,元大-新盛,2023-07-20,9869
3312,弘憶股,10,0,10,元大-新盛,2023-07-20,9869
3052,夆典,10,0,10,元大-新盛,2023-07-20,9869
1795,美時,22,13,9,元大-新盛,2023-07-20,9869
2337,旺宏,9,0,9,元大-新盛,2023-07-20,9869
7402,邑錡,10,1,9,元大-新盛,2023-07-20,9869
6505,台塑化,9,0,9,元大-新盛,2023-07-20,9869
4306,炎洲,116,0,116,元大-新盛,2023-07-21,9869
2344,華邦電,111,4,107,元大-新盛,2023-07-21,9869
4532,瑞智,116,19,97,元大-新盛,2023-07-21,9869
2002,中鋼,95,0,95,元大-新盛,2023-07-21,9869
4746,台耀,110,21,89,元大-新盛,2023-07-21,9869
5483,中美晶,65,2,63,元大-新盛,2023-07-21,9869
1102,亞泥,58,0,58,元大-新盛,2023-07-21,9869
00929,復華台灣科技優息,60,5,55,元大-新盛,2023-07-21,9869
8028,昇陽半導體,55,0,55,元大-新盛,2023-07-21,9869
3264,欣銓,57,3,54,元大-新盛,2023-07-21,9869
3324,雙鴻,62,10,52,元大-新盛,2023-07-21,9869
00631L,元大台灣50正2,44,0,44,元大-新盛,2023-07-21,9869
2618,長榮航,138,94,44,元大-新盛,2023-07-21,9869
6191,精成科,45,3,42,元大-新盛,2023-07-21,9869
00680L,元大美債20正2,39,0,39,元大-新盛,2023-07-21,9869
2736,富野,42,4,38,元大-新盛,2023-07-21,9869
00679B,元大美債20年,36,0,36,元大-新盛,2023-07-21,9869
1609,大亞,93,59,34,元大-新盛,2023-07-21,9869
2303,聯電,57,23,34,元大-新盛,2023-07-21,9869
4934,太極,40,10,30,元大-新盛,2023-07-21,9869
6235,華孚,36,7,29,元大-新盛,2023-07-21,9869
3704,合勤控,31,2,29,元大-新盛,2023-07-21,9869
2888,新光金,29,0,29,元大-新盛,2023-07-21,9869
3712,永崴投控,28,0,28,元大-新盛,2023-07-21,9869
2337,旺宏,32,5,27,元大-新盛,2023-07-21,9869
6282,康舒,35,10,25,元大-新盛,2023-07-21,9869
2884,玉山金,25,0,25,元大-新盛,2023-07-21,9869
1905,華紙,42,17,25,元大-新盛,2023-07-21,9869
0050,元大台灣50,34,10,24,元大-新盛,2023-07-21,9869
00688L,國泰20年美債正2,22,0,22,元大-新盛,2023-07-21,9869
0056,元大高股息,139,117,22,元大-新盛,2023-07-21,9869
00712,復華富時不動產,27,6,21,元大-新盛,2023-07-21,9869
2801,彰銀,20,0,20,元大-新盛,2023-07-21,9869
00753L,中信中國50正2,20,0,20,元大-新盛,2023-07-21,9869
00882,中信中國高股息,19,1,18,元大-新盛,2023-07-21,9869
00900,富邦特選高股息30,20,3,17,元大-新盛,2023-07-21,9869
4147,中裕,17,0,17,元大-新盛,2023-07-21,9869
2330,台積電,18,1,17,元大-新盛,2023-07-21,9869
2206,三陽工業,27,11,16,元大-新盛,2023-07-21,9869
3051,力特,17,1,16,元大-新盛,2023-07-21,9869
3682,亞太電,20,4,16,元大-新盛,2023-07-21,9869
6796,晉弘,16,0,16,元大-新盛,2023-07-21,9869
3003,健和興,16,0,16,元大-新盛,2023-07-21,9869
2317,鴻海,25,9,16,元大-新盛,2023-07-21,9869
2454,聯發科,17,1,16,元大-新盛,2023-07-21,9869
2353,宏��,24,9,15,元大-新盛,2023-07-21,9869
2354,鴻準,21,6,15,元大-新盛,2023-07-21,9869
2408,南亞科,16,1,15,元大-新盛,2023-07-21,9869
6161,捷波,16,1,15,元大-新盛,2023-07-21,9869
6205,詮欣,15,0,15,元大-新盛,2023-07-21,9869
2610,華航,127,5,122,元大-新盛,2023-07-24,9869
4306,炎洲,120,0,120,元大-新盛,2023-07-24,9869
6191,精成科,105,5,100,元大-新盛,2023-07-24,9869
3583,辛耘,106,12,94,元大-新盛,2023-07-24,9869
00919,群益台灣精選高息,85,4,81,元大-新盛,2023-07-24,9869
4532,瑞智,84,5,79,元大-新盛,2023-07-24,9869
00712,復華富時不動產,63,0,63,元大-新盛,2023-07-24,9869
00929,復華台灣科技優息,69,7,62,元大-新盛,2023-07-24,9869
2352,佳世達,62,1,61,元大-新盛,2023-07-24,9869
2312,金寶,63,2,61,元大-新盛,2023-07-24,9869
3264,欣銓,58,0,58,元大-新盛,2023-07-24,9869
6168,宏齊,55,0,55,元大-新盛,2023-07-24,9869
2303,聯電,65,23,42,元大-新盛,2023-07-24,9869
2337,旺宏,44,3,41,元大-新盛,2023-07-24,9869
5608,四維航,42,1,41,元大-新盛,2023-07-24,9869
3324,雙鴻,78,38,40,元大-新盛,2023-07-24,9869
3032,偉訓,45,5,40,元大-新盛,2023-07-24,9869
00882,中信中國高股息,44,4,40,元大-新盛,2023-07-24,9869
2340,台亞,42,4,38,元大-新盛,2023-07-24,9869
2323,中環,38,0,38,元大-新盛,2023-07-24,9869
3481,群創,56,18,38,元大-新盛,2023-07-24,9869
2887,台新金,38,1,37,元大-新盛,2023-07-24,9869
4979,華星光,34,0,34,元大-新盛,2023-07-24,9869
2897,王道銀行,34,1,33,元大-新盛,2023-07-24,9869
2618,長榮航,46,14,32,元大-新盛,2023-07-24,9869
6589,台康生技,32,0,32,元大-新盛,2023-07-24,9869
1514,亞力,32,3,29,元大-新盛,2023-07-24,9869
3712,永崴投控,29,1,28,元大-新盛,2023-07-24,9869
4934,太極,71,43,28,元大-新盛,2023-07-24,9869
1504,東元,31,4,27,元大-新盛,2023-07-24,9869
1609,大亞,129,104,25,元大-新盛,2023-07-24,9869
00637L,元大滬深300正2,34,10,24,元大-新盛,2023-07-24,9869
2801,彰銀,27,4,23,元大-新盛,2023-07-24,9869
2204,中華,33,10,23,元大-新盛,2023-07-24,9869
4904,遠傳,23,0,23,元大-新盛,2023-07-24,9869
3006,晶豪科,22,0,22,元大-新盛,2023-07-24,9869
6155,鈞寶,24,2,22,元大-新盛,2023-07-24,9869
2883,凱基金,22,1,21,元大-新盛,2023-07-24,9869
2834,臺企銀,21,0,21,元大-新盛,2023-07-24,9869
5452,佶優,24,3,21,元大-新盛,2023-07-24,9869
1513,中興電,50,29,21,元大-新盛,2023-07-24,9869
3703,欣陸,20,0,20,元大-新盛,2023-07-24,9869
1218,泰山,34,14,20,元大-新盛,2023-07-24,9869
0050,元大台灣50,25,5,20,元大-新盛,2023-07-24,9869
00679B,元大美債20年,19,0,19,元大-新盛,2023-07-24,9869
3338,泰碩,32,13,19,元大-新盛,2023-07-24,9869
00688L,國泰20年美債正2,18,0,18,元大-新盛,2023-07-24,9869
3305,昇貿,25,7,18,元大-新盛,2023-07-24,9869
00795B,中信美國公債20年,20,2,18,元大-新盛,2023-07-24,9869
3013,晟銘電,63,45,18,元大-新盛,2023-07-24,9869
00878,國泰永續高股息,188,49,139,元大-新盛,2023-07-25,9869
2303,聯電,120,1,119,元大-新盛,2023-07-25,9869
8936,國統,90,0,90,元大-新盛,2023-07-25,9869
4306,炎洲,81,0,81,元大-新盛,2023-07-25,9869
3264,欣銓,72,2,70,元大-新盛,2023-07-25,9869
3704,合勤控,57,5,52,元大-新盛,2023-07-25,9869
00679B,元大美債20年,46,0,46,元大-新盛,2023-07-25,9869
2884,玉山金,52,6,46,元大-新盛,2023-07-25,9869
3693,營邦,50,16,34,元大-新盛,2023-07-25,9869
4979,華星光,30,0,30,元大-新盛,2023-07-25,9869
4950,牧東,30,0,30,元大-新盛,2023-07-25,9869
5483,中美晶,30,0,30,元大-新盛,2023-07-25,9869
2408,南亞科,25,1,24,元大-新盛,2023-07-25,9869
3702,大聯大,25,3,22,元大-新盛,2023-07-25,9869
2449,京元電子,25,4,21,元大-新盛,2023-07-25,9869
3706,神達,26,6,20,元大-新盛,2023-07-25,9869
00688L,國泰20年美債正2,20,0,20,元大-新盛,2023-07-25,9869
9105,泰金寶-DR,25,5,20,元大-新盛,2023-07-25,9869
020038,元大ESG配息N,20,0,20,元大-新盛,2023-07-25,9869
1907,永豐餘,22,2,20,元大-新盛,2023-07-25,9869
2340,台亞,28,8,20,元大-新盛,2023-07-25,9869
6125,廣運,41,22,19,元大-新盛,2023-07-25,9869
00753L,中信中國50正2,20,1,19,元大-新盛,2023-07-25,9869
8926,台汽電,18,0,18,元大-新盛,2023-07-25,9869
3564,其陽,18,0,18,元大-新盛,2023-07-25,9869
00885,富邦越南,18,0,18,元大-新盛,2023-07-25,9869
2610,華航,33,16,17,元大-新盛,2023-07-25,9869
8048,德勝,20,3,17,元大-新盛,2023-07-25,9869
2301,光寶科,98,82,16,元大-新盛,2023-07-25,9869
1104,環泥,16,0,16,元大-新盛,2023-07-25,9869
6538,倉和,16,0,16,元大-新盛,2023-07-25,9869
2883,凱基金,37,21,16,元大-新盛,2023-07-25,9869
2891,中信金,22,7,15,元大-新盛,2023-07-25,9869
1909,榮成,15,0,15,元大-新盛,2023-07-25,9869
00720B,元大投資級公司債,14,0,14,元大-新盛,2023-07-25,9869
2332,友訊,14,0,14,元大-新盛,2023-07-25,9869
8084,巨虹,14,0,14,元大-新盛,2023-07-25,9869
1904,正隆,14,0,14,元大-新盛,2023-07-25,9869
2002,中鋼,14,1,13,元大-新盛,2023-07-25,9869
6218,豪勉,15,2,13,元大-新盛,2023-07-25,9869
2885,元大金,14,1,13,元大-新盛,2023-07-25,9869
00673R,期元大S＆P原油反1,13,0,13,元大-新盛,2023-07-25,9869
3044,健鼎,27,15,12,元大-新盛,2023-07-25,9869
5439,高技,14,2,12,元大-新盛,2023-07-25,9869
6655,科定,15,3,12,元大-新盛,2023-07-25,9869
2882,國泰金,20,8,12,元大-新盛,2023-07-25,9869
2204,中華,38,26,12,元大-新盛,2023-07-25,9869
1326,台化,12,0,12,元大-新盛,2023-07-25,9869
3037,欣興,54,43,11,元大-新盛,2023-07-25,9869
1301,台塑,11,0,11,元大-新盛,2023-07-25,9869
1504,東元,353,71,282,元大-新盛,2023-07-26,9869
2303,聯電,171,8,163,元大-新盛,2023-07-26,9869
00929,復華台灣科技優息,143,5,138,元大-新盛,2023-07-26,9869
3702,大聯大,89,0,89,元大-新盛,2023-07-26,9869
1609,大亞,101,22,79,元大-新盛,2023-07-26,9869
00715L,期街口布蘭特正2,75,5,70,元大-新盛,2023-07-26,9869
2425,承啟,72,8,64,元大-新盛,2023-07-26,9869
00927,群益半導體收益,60,0,60,元大-新盛,2023-07-26,9869
2329,華泰,138,81,57,元大-新盛,2023-07-26,9869
00751B,元大AAA至A公司債,53,0,53,元大-新盛,2023-07-26,9869
00712,復華富時不動產,53,1,52,元大-新盛,2023-07-26,9869
2480,敦陽科,51,1,50,元大-新盛,2023-07-26,9869
5410,國眾,43,1,42,元大-新盛,2023-07-26,9869
8358,金居,74,36,38,元大-新盛,2023-07-26,9869
3374,精材,37,0,37,元大-新盛,2023-07-26,9869
00772B,中信高評級公司債,36,0,36,元大-新盛,2023-07-26,9869
2884,玉山金,53,17,36,元大-新盛,2023-07-26,9869
00679B,元大美債20年,37,4,33,元大-新盛,2023-07-26,9869
4979,華星光,33,0,33,元大-新盛,2023-07-26,9869
2354,鴻準,47,14,33,元大-新盛,2023-07-26,9869
1905,華紙,42,10,32,元大-新盛,2023-07-26,9869
2337,旺宏,36,4,32,元大-新盛,2023-07-26,9869
2371,大同,102,75,27,元大-新盛,2023-07-26,9869
2355,敬鵬,27,4,23,元大-新盛,2023-07-26,9869
00720B,元大投資級公司債,21,0,21,元大-新盛,2023-07-26,9869
8403,盛弘,20,0,20,元大-新盛,2023-07-26,9869
2890,永豐金,20,0,20,元大-新盛,2023-07-26,9869
6203,海韻電,19,1,18,元大-新盛,2023-07-26,9869
1217,愛之味,18,1,17,元大-新盛,2023-07-26,9869
5483,中美晶,27,10,17,元大-新盛,2023-07-26,9869
5351,鈺創,17,1,16,元大-新盛,2023-07-26,9869
6747,亨泰光,15,0,15,元大-新盛,2023-07-26,9869
1618,合機,26,11,15,元大-新盛,2023-07-26,9869
3287,廣寰科,16,1,15,元大-新盛,2023-07-26,9869
2002,中鋼,18,3,15,元大-新盛,2023-07-26,9869
2457,飛宏,22,7,15,元大-新盛,2023-07-26,9869
6274,台燿,27,13,14,元大-新盛,2023-07-26,9869
1513,中興電,32,18,14,元大-新盛,2023-07-26,9869
4533,協易機,30,16,14,元大-新盛,2023-07-26,9869
00632R,元大台灣50反1,15,1,14,元大-新盛,2023-07-26,9869
6148,驊宏資,14,0,14,元大-新盛,2023-07-26,9869
6213,聯茂,42,28,14,元大-新盛,2023-07-26,9869
3324,雙鴻,22,8,14,元大-新盛,2023-07-26,9869
00680L,元大美債20正2,13,0,13,元大-新盛,2023-07-26,9869
4746,台耀,14,1,13,元大-新盛,2023-07-26,9869
00891,中信關鍵半導體,15,2,13,元大-新盛,2023-07-26,9869
6166,凌華,14,1,13,元大-新盛,2023-07-26,9869
8064,東捷,15,2,13,元大-新盛,2023-07-26,9869
6125,廣運,27,15,12,元大-新盛,2023-07-26,9869
1528,恩德,12,0,12,元大-新盛,2023-07-26,9869
2376,技嘉,121,20,101,元大-新盛,2023-07-27,9869
6283,淳安,80,0,80,元大-新盛,2023-07-27,9869
2884,玉山金,82,15,67,元大-新盛,2023-07-27,9869
6191,精成科,63,10,53,元大-新盛,2023-07-27,9869
00919,群益台灣精選高息,51,0,51,元大-新盛,2023-07-27,9869
4532,瑞智,98,48,50,元大-新盛,2023-07-27,9869
3013,晟銘電,80,32,48,元大-新盛,2023-07-27,9869
2352,佳世達,51,5,46,元大-新盛,2023-07-27,9869
00662,富邦NASDAQ,45,0,45,元大-新盛,2023-07-27,9869
00670L,富邦NASDAQ正2,53,10,43,元大-新盛,2023-07-27,9869
2387,精元,40,0,40,元大-新盛,2023-07-27,9869
00878,國泰永續高股息,57,20,37,元大-新盛,2023-07-27,9869
2385,群光,38,3,35,元大-新盛,2023-07-27,9869
4533,協易機,68,34,34,元大-新盛,2023-07-27,9869
2890,永豐金,40,8,32,元大-新盛,2023-07-27,9869
6213,聯茂,36,6,30,元大-新盛,2023-07-27,9869
6188,廣明,45,16,29,元大-新盛,2023-07-27,9869
3704,合勤控,28,0,28,元大-新盛,2023-07-27,9869
3706,神達,30,2,28,元大-新盛,2023-07-27,9869
2511,太子,24,0,24,元大-新盛,2023-07-27,9869
8028,昇陽半導體,30,6,24,元大-新盛,2023-07-27,9869
2845,遠東銀,30,6,24,元大-新盛,2023-07-27,9869
00688L,國泰20年美債正2,23,0,23,元大-新盛,2023-07-27,9869
00679B,元大美債20年,22,1,21,元大-新盛,2023-07-27,9869
3231,緯創,34,13,21,元大-新盛,2023-07-27,9869
3059,華晶科,23,2,21,元大-新盛,2023-07-27,9869
3693,營邦,23,3,20,元大-新盛,2023-07-27,9869
4510,高鋒,20,0,20,元大-新盛,2023-07-27,9869
2886,兆豐金,26,7,19,元大-新盛,2023-07-27,9869
00929,復華台灣科技優息,23,5,18,元大-新盛,2023-07-27,9869
6125,廣運,37,19,18,元大-新盛,2023-07-27,9869
6657,華安,20,2,18,元大-新盛,2023-07-27,9869
2340,台亞,45,27,18,元大-新盛,2023-07-27,9869
9105,泰金寶-DR,21,4,17,元大-新盛,2023-07-27,9869
2002,中鋼,19,3,16,元大-新盛,2023-07-27,9869
3051,力特,18,2,16,元大-新盛,2023-07-27,9869
1727,中華化,26,10,16,元大-新盛,2023-07-27,9869
4726,永昕,15,0,15,元大-新盛,2023-07-27,9869
6668,中揚光,15,0,15,元大-新盛,2023-07-27,9869
4714,永捷,15,0,15,元大-新盛,2023-07-27,9869
2405,輔信,41,27,14,元大-新盛,2023-07-27,9869
3189,景碩,12,0,12,元大-新盛,2023-07-27,9869
3044,健鼎,12,0,12,元大-新盛,2023-07-27,9869
1605,華新,13,1,12,元大-新盛,2023-07-27,9869
00885,富邦越南,12,1,11,元大-新盛,2023-07-27,9869
2421,建準,21,10,11,元大-新盛,2023-07-27,9869
1434,福懋,11,0,11,元大-新盛,2023-07-27,9869
00632R,元大台灣50反1,11,0,11,元大-新盛,2023-07-27,9869
2515,中工,11,0,11,元大-新盛,2023-07-27,9869
2337,旺宏,14,3,11,元大-新盛,2023-07-27,9869
2883,凱基金,114,0,114,元大-新盛,2023-07-28,9869
00679B,元大美債20年,108,1,107,元大-新盛,2023-07-28,9869
2368,金像電,100,1,99,元大-新盛,2023-07-28,9869
2888,新光金,100,5,95,元大-新盛,2023-07-28,9869
00680L,元大美債20正2,95,2,93,元大-新盛,2023-07-28,9869
2329,華泰,156,67,89,元大-新盛,2023-07-28,9869
00751B,元大AAA至A公司債,89,0,89,元大-新盛,2023-07-28,9869
00632R,元大台灣50反1,85,0,85,元大-新盛,2023-07-28,9869
2027,大成鋼,88,3,85,元大-新盛,2023-07-28,9869
2610,華航,113,41,72,元大-新盛,2023-07-28,9869
00688L,國泰20年美債正2,72,0,72,元大-新盛,2023-07-28,9869
2609,陽明,122,59,63,元大-新盛,2023-07-28,9869
00687B,國泰20年美債,60,0,60,元大-新盛,2023-07-28,9869
00720B,元大投資級公司債,59,0,59,元大-新盛,2023-07-28,9869
3324,雙鴻,53,1,52,元大-新盛,2023-07-28,9869
00772B,中信高評級公司債,50,0,50,元大-新盛,2023-07-28,9869
2385,群光,45,1,44,元大-新盛,2023-07-28,9869
00706L,期元大S＆P日圓正2,53,13,40,元大-新盛,2023-07-28,9869
2913,農林,59,22,37,元大-新盛,2023-07-28,9869
4532,瑞智,37,2,35,元大-新盛,2023-07-28,9869
1905,華紙,152,119,33,元大-新盛,2023-07-28,9869
2409,友達,74,41,33,元大-新盛,2023-07-28,9869
2371,大同,53,21,32,元大-新盛,2023-07-28,9869
2705,六福,30,0,30,元大-新盛,2023-07-28,9869
1609,大亞,40,14,26,元大-新盛,2023-07-28,9869
6527,明達醫,30,4,26,元大-新盛,2023-07-28,9869
1783,和康生,28,2,26,元大-新盛,2023-07-28,9869
6538,倉和,30,5,25,元大-新盛,2023-07-28,9869
2009,第一銅,26,1,25,元大-新盛,2023-07-28,9869
6290,良維,27,3,24,元大-新盛,2023-07-28,9869
6153,嘉聯益,22,0,22,元大-新盛,2023-07-28,9869
6117,迎廣,33,12,21,元大-新盛,2023-07-28,9869
2480,敦陽科,20,0,20,元大-新盛,2023-07-28,9869
3290,東浦,20,0,20,元大-新盛,2023-07-28,9869
6283,淳安,21,1,20,元大-新盛,2023-07-28,9869
6234,高僑,20,0,20,元大-新盛,2023-07-28,9869
1618,合機,21,1,20,元大-新盛,2023-07-28,9869
3231,緯創,116,97,19,元大-新盛,2023-07-28,9869
2317,鴻海,27,8,19,元大-新盛,2023-07-28,9869
6443,元晶,20,1,19,元大-新盛,2023-07-28,9869
2882,國泰金,25,6,19,元大-新盛,2023-07-28,9869
6125,廣運,34,16,18,元大-新盛,2023-07-28,9869
6116,彩晶,33,15,18,元大-新盛,2023-07-28,9869
8255,朋程,15,0,15,元大-新盛,2023-07-28,9869
3682,亞太電,15,0,15,元大-新盛,2023-07-28,9869
6120,達運,15,1,14,元大-新盛,2023-07-28,9869
3236,千如,20,7,13,元大-新盛,2023-07-28,9869
3029,零壹,17,4,13,元大-新盛,2023-07-28,9869
1471,首利,13,0,13,元大-新盛,2023-07-28,9869
00795B,中信美國公債20年,14,1,13,元大-新盛,2023-07-28,9869
2610,華航,394,5,389,元大-新盛,2023-07-31,9869
00637L,元大滬深300正2,346,143,203,元大-新盛,2023-07-31,9869
00919,群益台灣精選高息,113,17,96,元大-新盛,2023-07-31,9869
1101,台泥,89,3,86,元大-新盛,2023-07-31,9869
00878,國泰永續高股息,224,144,80,元大-新盛,2023-07-31,9869
6191,精成科,83,6,77,元大-新盛,2023-07-31,9869
00929,復華台灣科技優息,328,257,71,元大-新盛,2023-07-31,9869
2329,華泰,135,65,70,元大-新盛,2023-07-31,9869
3231,緯創,119,58,61,元大-新盛,2023-07-31,9869
3264,欣銓,62,3,59,元大-新盛,2023-07-31,9869
00665L,富邦�琤肭磪囓�2,53,0,53,元大-新盛,2023-07-31,9869
00850,元大臺灣ESG永續,53,0,53,元大-新盛,2023-07-31,9869
00918,大華優利高填息30,50,0,50,元大-新盛,2023-07-31,9869
2801,彰銀,50,3,47,元大-新盛,2023-07-31,9869
3712,永崴投控,45,3,42,元大-新盛,2023-07-31,9869
00706L,期元大S＆P日圓正2,40,0,40,元大-新盛,2023-07-31,9869
2413,環科,40,0,40,元大-新盛,2023-07-31,9869
2353,宏��,42,3,39,元大-新盛,2023-07-31,9869
1513,中興電,67,28,39,元大-新盛,2023-07-31,9869
2352,佳世達,41,5,36,元大-新盛,2023-07-31,9869
2382,廣達,102,66,36,元大-新盛,2023-07-31,9869
2888,新光金,52,19,33,元大-新盛,2023-07-31,9869
2002,中鋼,36,4,32,元大-新盛,2023-07-31,9869
2603,長榮,50,20,30,元大-新盛,2023-07-31,9869
2887,台新金,29,0,29,元大-新盛,2023-07-31,9869
3483,力致,27,1,26,元大-新盛,2023-07-31,9869
00687B,國泰20年美債,26,0,26,元大-新盛,2023-07-31,9869
2618,長榮航,51,25,26,元大-新盛,2023-07-31,9869
3325,旭品,25,2,23,元大-新盛,2023-07-31,9869
2615,萬海,21,0,21,元大-新盛,2023-07-31,9869
00632R,元大台灣50反1,34,13,21,元大-新盛,2023-07-31,9869
1447,力鵬,21,0,21,元大-新盛,2023-07-31,9869
2387,精元,21,0,21,元大-新盛,2023-07-31,9869
00751B,元大AAA至A公司債,24,3,21,元大-新盛,2023-07-31,9869
3209,全科,20,0,20,元大-新盛,2023-07-31,9869
6218,豪勉,21,1,20,元大-新盛,2023-07-31,9869
6197,佳必琪,20,1,19,元大-新盛,2023-07-31,9869
2204,中華,36,18,18,元大-新盛,2023-07-31,9869
6117,迎廣,22,4,18,元大-新盛,2023-07-31,9869
3324,雙鴻,49,32,17,元大-新盛,2023-07-31,9869
4569,六方科-KY,18,1,17,元大-新盛,2023-07-31,9869
2356,英業達,67,51,16,元大-新盛,2023-07-31,9869
3706,神達,24,9,15,元大-新盛,2023-07-31,9869
3021,鴻名,15,0,15,元大-新盛,2023-07-31,9869
5340,建榮,17,2,15,元大-新盛,2023-07-31,9869
6120,達運,15,1,14,元大-新盛,2023-07-31,9869
4979,華星光,16,2,14,元大-新盛,2023-07-31,9869
00655L,國泰中國A50正2,15,1,14,元大-新盛,2023-07-31,9869
00679B,元大美債20年,22,8,14,元大-新盛,2023-07-31,9869
3702,大聯大,13,0,13,元大-新盛,2023-07-31,9869
3029,零壹,210,16,194,元大-新盛,2023-08-01,9869
2312,金寶,191,66,125,元大-新盛,2023-08-01,9869
2401,凌陽,121,11,110,元大-新盛,2023-08-01,9869
5340,建榮,100,0,100,元大-新盛,2023-08-01,9869
00885,富邦越南,99,15,84,元大-新盛,2023-08-01,9869
6770,力積電,52,1,51,元大-新盛,2023-08-01,9869
5515,建國,50,0,50,元大-新盛,2023-08-01,9869
2609,陽明,53,4,49,元大-新盛,2023-08-01,9869
3163,波若威,65,20,45,元大-新盛,2023-08-01,9869
1609,大亞,45,0,45,元大-新盛,2023-08-01,9869
3712,永崴投控,44,0,44,元大-新盛,2023-08-01,9869
3374,精材,44,0,44,元大-新盛,2023-08-01,9869
00929,復華台灣科技優息,42,6,36,元大-新盛,2023-08-01,9869
3033,威健,33,0,33,元大-新盛,2023-08-01,9869
2603,長榮,40,10,30,元大-新盛,2023-08-01,9869
2344,華邦電,48,18,30,元大-新盛,2023-08-01,9869
1815,富喬,40,12,28,元大-新盛,2023-08-01,9869
2891,中信金,29,2,27,元大-新盛,2023-08-01,9869
5483,中美晶,25,0,25,元大-新盛,2023-08-01,9869
2329,華泰,29,6,23,元大-新盛,2023-08-01,9869
3032,偉訓,22,0,22,元大-新盛,2023-08-01,9869
1101,台泥,27,5,22,元大-新盛,2023-08-01,9869
2449,京元電子,27,5,22,元大-新盛,2023-08-01,9869
8234,新漢,21,0,21,元大-新盛,2023-08-01,9869
00665L,富邦�琤肭磪囓�2,20,0,20,元大-新盛,2023-08-01,9869
1442,名軒,20,0,20,元大-新盛,2023-08-01,9869
6285,啟��,53,35,18,元大-新盛,2023-08-01,9869
2387,精元,18,0,18,元大-新盛,2023-08-01,9869
2356,英業達,30,12,18,元大-新盛,2023-08-01,9869
2408,南亞科,18,1,17,元大-新盛,2023-08-01,9869
2382,廣達,59,42,17,元大-新盛,2023-08-01,9869
00900,富邦特選高股息30,36,20,16,元大-新盛,2023-08-01,9869
00679B,元大美債20年,24,8,16,元大-新盛,2023-08-01,9869
5328,華容,18,2,16,元大-新盛,2023-08-01,9869
00673R,期元大S＆P原油反1,16,0,16,元大-新盛,2023-08-01,9869
2002,中鋼,17,2,15,元大-新盛,2023-08-01,9869
3035,智原,15,0,15,元大-新盛,2023-08-01,9869
2890,永豐金,30,15,15,元大-新盛,2023-08-01,9869
6589,台康生技,20,5,15,元大-新盛,2023-08-01,9869
3706,神達,27,13,14,元大-新盛,2023-08-01,9869
2388,威盛,27,13,14,元大-新盛,2023-08-01,9869
3704,合勤控,56,43,13,元大-新盛,2023-08-01,9869
2801,彰銀,13,0,13,元大-新盛,2023-08-01,9869
2359,所羅門,15,2,13,元大-新盛,2023-08-01,9869
3483,力致,15,2,13,元大-新盛,2023-08-01,9869
6550,北極星藥業-KY,15,2,13,元大-新盛,2023-08-01,9869
1417,嘉裕,12,0,12,元大-新盛,2023-08-01,9869
3260,威剛,11,0,11,元大-新盛,2023-08-01,9869
5392,能率,11,0,11,元大-新盛,2023-08-01,9869
6176,瑞儀,13,2,11,元大-新盛,2023-08-01,9869
00923,群益台ESG低碳50,243,3,240,元大-新盛,2023-08-02,9869
00885,富邦越南,133,7,126,元大-新盛,2023-08-02,9869
00679B,元大美債20年,121,1,120,元大-新盛,2023-08-02,9869
1605,華新,168,66,102,元大-新盛,2023-08-02,9869
3481,群創,121,27,94,元大-新盛,2023-08-02,9869
2883,凱基金,95,6,89,元大-新盛,2023-08-02,9869
00680L,元大美債20正2,84,0,84,元大-新盛,2023-08-02,9869
00900,富邦特選高股息30,87,7,80,元大-新盛,2023-08-02,9869
2603,長榮,81,1,80,元大-新盛,2023-08-02,9869
4532,瑞智,80,3,77,元大-新盛,2023-08-02,9869
3704,合勤控,60,1,59,元大-新盛,2023-08-02,9869
2301,光寶科,74,25,49,元大-新盛,2023-08-02,9869
3231,緯創,109,60,49,元大-新盛,2023-08-02,9869
00751B,元大AAA至A公司債,47,0,47,元大-新盛,2023-08-02,9869
00878,國泰永續高股息,262,215,47,元大-新盛,2023-08-02,9869
00631L,元大台灣50正2,49,4,45,元大-新盛,2023-08-02,9869
6282,康舒,62,18,44,元大-新盛,2023-08-02,9869
2618,長榮航,64,21,43,元大-新盛,2023-08-02,9869
2409,友達,47,8,39,元大-新盛,2023-08-02,9869
2312,金寶,47,10,37,元大-新盛,2023-08-02,9869
2892,第一金,36,0,36,元大-新盛,2023-08-02,9869
2002,中鋼,36,1,35,元大-新盛,2023-08-02,9869
2801,彰銀,33,1,32,元大-新盛,2023-08-02,9869
3712,永崴投控,32,0,32,元大-新盛,2023-08-02,9869
00929,復華台灣科技優息,52,20,32,元大-新盛,2023-08-02,9869
2388,威盛,38,7,31,元大-新盛,2023-08-02,9869
2356,英業達,45,15,30,元大-新盛,2023-08-02,9869
8215,明基材,38,9,29,元大-新盛,2023-08-02,9869
2347,聯強,28,0,28,元大-新盛,2023-08-02,9869
00720B,元大投資級公司債,27,0,27,元大-新盛,2023-08-02,9869
00687B,國泰20年美債,30,3,27,元大-新盛,2023-08-02,9869
4162,智擎,27,2,25,元大-新盛,2023-08-02,9869
3033,威健,32,8,24,元大-新盛,2023-08-02,9869
3325,旭品,27,3,24,元大-新盛,2023-08-02,9869
00772B,中信高評級公司債,23,0,23,元大-新盛,2023-08-02,9869
8021,尖點,23,0,23,元大-新盛,2023-08-02,9869
1802,台玻,43,21,22,元大-新盛,2023-08-02,9869
2425,承啟,23,1,22,元大-新盛,2023-08-02,9869
6548,長科*,22,0,22,元大-新盛,2023-08-02,9869
2365,昆盈,22,0,22,元大-新盛,2023-08-02,9869
00891,中信關鍵半導體,21,0,21,元大-新盛,2023-08-02,9869
8234,新漢,22,2,20,元大-新盛,2023-08-02,9869
3037,欣興,26,7,19,元大-新盛,2023-08-02,9869
0050,元大台灣50,31,12,19,元大-新盛,2023-08-02,9869
5243,乙盛-KY,20,1,19,元大-新盛,2023-08-02,9869
2382,廣達,77,59,18,元大-新盛,2023-08-02,9869
00753L,中信中國50正2,18,0,18,元大-新盛,2023-08-02,9869
6285,啟��,43,25,18,元大-新盛,2023-08-02,9869
2886,兆豐金,18,1,17,元大-新盛,2023-08-02,9869
2317,鴻海,25,8,17,元大-新盛,2023-08-02,9869
2344,華邦電,535,26,509,元大-新盛,2023-08-04,9869
00679B,元大美債20年,309,14,295,元大-新盛,2023-08-04,9869
00680L,元大美債20正2,235,4,231,元大-新盛,2023-08-04,9869
3645,達邁,200,0,200,元大-新盛,2023-08-04,9869
00900,富邦特選高股息30,187,11,176,元大-新盛,2023-08-04,9869
00720B,元大投資級公司債,150,3,147,元大-新盛,2023-08-04,9869
2356,英業達,202,75,127,元大-新盛,2023-08-04,9869
00929,復華台灣科技優息,125,0,125,元大-新盛,2023-08-04,9869
2376,技嘉,115,13,102,元大-新盛,2023-08-04,9869
00687B,國泰20年美債,94,0,94,元大-新盛,2023-08-04,9869
2301,光寶科,127,39,88,元大-新盛,2023-08-04,9869
2462,良得電,93,8,85,元大-新盛,2023-08-04,9869
2002,中鋼,65,2,63,元大-新盛,2023-08-04,9869
00712,復華富時不動產,69,8,61,元大-新盛,2023-08-04,9869
2610,華航,65,5,60,元大-新盛,2023-08-04,9869
3704,合勤控,53,0,53,元大-新盛,2023-08-04,9869
6191,精成科,57,4,53,元大-新盛,2023-08-04,9869
1605,華新,63,11,52,元大-新盛,2023-08-04,9869
3481,群創,61,11,50,元大-新盛,2023-08-04,9869
2891,中信金,61,12,49,元大-新盛,2023-08-04,9869
3558,神準,52,3,49,元大-新盛,2023-08-04,9869
00688L,國泰20年美債正2,86,40,46,元大-新盛,2023-08-04,9869
1609,大亞,61,18,43,元大-新盛,2023-08-04,9869
00637L,元大滬深300正2,112,73,39,元大-新盛,2023-08-04,9869
00751B,元大AAA至A公司債,38,2,36,元大-新盛,2023-08-04,9869
00772B,中信高評級公司債,36,4,32,元大-新盛,2023-08-04,9869
2801,彰銀,31,0,31,元大-新盛,2023-08-04,9869
00918,大華優利高填息30,30,0,30,元大-新盛,2023-08-04,9869
2845,遠東銀,30,0,30,元大-新盛,2023-08-04,9869
2630,亞航,30,1,29,元大-新盛,2023-08-04,9869
2888,新光金,36,8,28,元大-新盛,2023-08-04,9869
2371,大同,39,12,27,元大-新盛,2023-08-04,9869
2892,第一金,26,0,26,元大-新盛,2023-08-04,9869
00795B,中信美國公債20年,27,1,26,元大-新盛,2023-08-04,9869
1616,億泰,24,0,24,元大-新盛,2023-08-04,9869
4934,太極,44,21,23,元大-新盛,2023-08-04,9869
5425,台半,23,1,22,元大-新盛,2023-08-04,9869
1785,光洋科,35,13,22,元大-新盛,2023-08-04,9869
2382,廣達,130,109,21,元大-新盛,2023-08-04,9869
00850,元大臺灣ESG永續,21,2,19,元大-新盛,2023-08-04,9869
2201,裕隆,21,2,19,元大-新盛,2023-08-04,9869
00857B,永豐20年美公債,17,0,17,元大-新盛,2023-08-04,9869
2618,長榮航,23,7,16,元大-新盛,2023-08-04,9869
2460,建通,17,1,16,元大-新盛,2023-08-04,9869
2330,台積電,17,2,15,元大-新盛,2023-08-04,9869
2359,所羅門,15,0,15,元大-新盛,2023-08-04,9869
6156,松上,17,2,15,元大-新盛,2023-08-04,9869
2883,凱基金,17,2,15,元大-新盛,2023-08-04,9869
2316,楠梓電,16,1,15,元大-新盛,2023-08-04,9869
2395,研華,13,0,13,元大-新盛,2023-08-04,9869
00720B,元大投資級公司債,241,0,241,元大-新盛,2023-08-07,9869
2610,華航,231,62,169,元大-新盛,2023-08-07,9869
2489,瑞軒,163,0,163,元大-新盛,2023-08-07,9869
4173,久裕,100,1,99,元大-新盛,2023-08-07,9869
2618,長榮航,153,64,89,元大-新盛,2023-08-07,9869
3704,合勤控,96,25,71,元大-新盛,2023-08-07,9869
00712,復華富時不動產,65,8,57,元大-新盛,2023-08-07,9869
00931B,統一美債20年,55,0,55,元大-新盛,2023-08-07,9869
2886,兆豐金,45,0,45,元大-新盛,2023-08-07,9869
00900,富邦特選高股息30,52,10,42,元大-新盛,2023-08-07,9869
2603,長榮,53,11,42,元大-新盛,2023-08-07,9869
2891,中信金,39,0,39,元大-新盛,2023-08-07,9869
00751B,元大AAA至A公司債,38,0,38,元大-新盛,2023-08-07,9869
2002,中鋼,36,0,36,元大-新盛,2023-08-07,9869
2464,盟立,43,13,30,元大-新盛,2023-08-07,9869
00882,中信中國高股息,32,3,29,元大-新盛,2023-08-07,9869
6547,高端疫苗,30,2,28,元大-新盛,2023-08-07,9869
2913,農林,27,0,27,元大-新盛,2023-08-07,9869
8390,金益鼎,25,0,25,元大-新盛,2023-08-07,9869
2317,鴻海,57,33,24,元大-新盛,2023-08-07,9869
00715L,期街口布蘭特正2,22,0,22,元大-新盛,2023-08-07,9869
00680L,元大美債20正2,32,10,22,元大-新盛,2023-08-07,9869
2409,友達,22,2,20,元大-新盛,2023-08-07,9869
00665L,富邦�琤肭磪囓�2,20,0,20,元大-新盛,2023-08-07,9869
6138,茂達,18,1,17,元大-新盛,2023-08-07,9869
1609,大亞,21,5,16,元大-新盛,2023-08-07,9869
6026,福邦證,19,3,16,元大-新盛,2023-08-07,9869
2462,良得電,40,25,15,元大-新盛,2023-08-07,9869
8299,群聯,15,0,15,元大-新盛,2023-08-07,9869
8069,元太,18,3,15,元大-新盛,2023-08-07,9869
00687B,國泰20年美債,24,10,14,元大-新盛,2023-08-07,9869
5371,中光電,18,4,14,元大-新盛,2023-08-07,9869
2887,台新金,21,7,14,元大-新盛,2023-08-07,9869
1587,吉茂,13,0,13,元大-新盛,2023-08-07,9869
3715,定穎投控,13,0,13,元大-新盛,2023-08-07,9869
5608,四維航,12,0,12,元大-新盛,2023-08-07,9869
2329,華泰,25,13,12,元大-新盛,2023-08-07,9869
2376,技嘉,17,5,12,元大-新盛,2023-08-07,9869
2440,太空梭,11,0,11,元大-新盛,2023-08-07,9869
1503,士電,13,2,11,元大-新盛,2023-08-07,9869
3703,欣陸,11,0,11,元大-新盛,2023-08-07,9869
3027,盛達,11,1,10,元大-新盛,2023-08-07,9869
1513,中興電,11,1,10,元大-新盛,2023-08-07,9869
1519,華城,16,6,10,元大-新盛,2023-08-07,9869
1783,和康生,10,0,10,元大-新盛,2023-08-07,9869
00664R,國泰臺灣加權反1,10,0,10,元大-新盛,2023-08-07,9869
2515,中工,10,0,10,元大-新盛,2023-08-07,9869
6239,力成,10,0,10,元大-新盛,2023-08-07,9869
3052,夆典,10,0,10,元大-新盛,2023-08-07,9869
8930,青鋼,19,10,9,元大-新盛,2023-08-07,9869
00632R,元大台灣50反1,2586,66,2520,元大-新盛,2023-08-08,9869
00900,富邦特選高股息30,331,19,312,元大-新盛,2023-08-08,9869
2356,英業達,259,113,146,元大-新盛,2023-08-08,9869
00712,復華富時不動產,105,0,105,元大-新盛,2023-08-08,9869
2603,長榮,109,8,101,元大-新盛,2023-08-08,9869
3257,虹冠電,102,2,100,元大-新盛,2023-08-08,9869
00929,復華台灣科技優息,74,0,74,元大-新盛,2023-08-08,9869
2464,盟立,69,2,67,元大-新盛,2023-08-08,9869
3706,神達,78,11,67,元大-新盛,2023-08-08,9869
6274,台燿,72,6,66,元大-新盛,2023-08-08,9869
00680L,元大美債20正2,61,0,61,元大-新盛,2023-08-08,9869
2352,佳世達,79,23,56,元大-新盛,2023-08-08,9869
2301,光寶科,82,27,55,元大-新盛,2023-08-08,9869
0050,元大台灣50,71,20,51,元大-新盛,2023-08-08,9869
3231,緯創,132,87,45,元大-新盛,2023-08-08,9869
2891,中信金,50,9,41,元大-新盛,2023-08-08,9869
2834,臺企銀,32,0,32,元大-新盛,2023-08-08,9869
1609,大亞,50,20,30,元大-新盛,2023-08-08,9869
1101,台泥,31,2,29,元大-新盛,2023-08-08,9869
6203,海韻電,40,12,28,元大-新盛,2023-08-08,9869
00878,國泰永續高股息,39,12,27,元大-新盛,2023-08-08,9869
00772B,中信高評級公司債,25,0,25,元大-新盛,2023-08-08,9869
00931B,統一美債20年,22,0,22,元大-新盛,2023-08-08,9869
00891,中信關鍵半導體,25,4,21,元大-新盛,2023-08-08,9869
2303,聯電,30,10,20,元大-新盛,2023-08-08,9869
3693,營邦,32,12,20,元大-新盛,2023-08-08,9869
5347,世界,20,0,20,元大-新盛,2023-08-08,9869
00642U,期元大S＆P石油,21,1,20,元大-新盛,2023-08-08,9869
00665L,富邦�琤肭磪囓�2,20,0,20,元大-新盛,2023-08-08,9869
6547,高端疫苗,20,0,20,元大-新盛,2023-08-08,9869
2462,良得電,21,2,19,元大-新盛,2023-08-08,9869
2382,廣達,97,79,18,元大-新盛,2023-08-08,9869
6005,群益證,17,0,17,元大-新盛,2023-08-08,9869
00646,元大S＆P500,17,1,16,元大-新盛,2023-08-08,9869
6655,科定,16,0,16,元大-新盛,2023-08-08,9869
6412,群電,27,11,16,元大-新盛,2023-08-08,9869
00923,群益台ESG低碳50,15,0,15,元大-新盛,2023-08-08,9869
6117,迎廣,15,0,15,元大-新盛,2023-08-08,9869
006206,元大上證50,18,3,15,元大-新盛,2023-08-08,9869
3499,環天科,15,0,15,元大-新盛,2023-08-08,9869
6139,亞翔,15,1,14,元大-新盛,2023-08-08,9869
5351,鈺創,17,3,14,元大-新盛,2023-08-08,9869
2809,京城銀,13,0,13,元大-新盛,2023-08-08,9869
6282,康舒,33,20,13,元大-新盛,2023-08-08,9869
2890,永豐金,34,22,12,元大-新盛,2023-08-08,9869
2884,玉山金,12,0,12,元大-新盛,2023-08-08,9869
00753L,中信中國50正2,12,0,12,元大-新盛,2023-08-08,9869
3037,欣興,14,2,12,元大-新盛,2023-08-08,9869
5864,致和證,13,2,11,元大-新盛,2023-08-08,9869
6443,元晶,15,4,11,元大-新盛,2023-08-08,9869
00680L,元大美債20正2,222,1,221,元大-新盛,2023-08-09,9869
00929,復華台灣科技優息,168,16,152,元大-新盛,2023-08-09,9869
2303,聯電,128,8,120,元大-新盛,2023-08-09,9869
2382,廣達,141,48,93,元大-新盛,2023-08-09,9869
2329,華泰,108,28,80,元大-新盛,2023-08-09,9869
00878,國泰永續高股息,101,40,61,元大-新盛,2023-08-09,9869
2363,矽統,67,9,58,元大-新盛,2023-08-09,9869
00900,富邦特選高股息30,59,3,56,元大-新盛,2023-08-09,9869
00919,群益台灣精選高息,41,1,40,元大-新盛,2023-08-09,9869
6191,精成科,60,25,35,元大-新盛,2023-08-09,9869
2801,彰銀,40,5,35,元大-新盛,2023-08-09,9869
00882,中信中國高股息,32,0,32,元大-新盛,2023-08-09,9869
6266,泰詠,32,0,32,元大-新盛,2023-08-09,9869
3163,波若威,31,4,27,元大-新盛,2023-08-09,9869
1451,年興,27,0,27,元大-新盛,2023-08-09,9869
6164,華興,26,0,26,元大-新盛,2023-08-09,9869
4934,太極,72,47,25,元大-新盛,2023-08-09,9869
8930,青鋼,25,1,24,元大-新盛,2023-08-09,9869
3703,欣陸,22,0,22,元大-新盛,2023-08-09,9869
1802,台玻,28,8,20,元大-新盛,2023-08-09,9869
2359,所羅門,20,0,20,元大-新盛,2023-08-09,9869
2206,三陽工業,37,17,20,元大-新盛,2023-08-09,9869
4906,正文,46,26,20,元大-新盛,2023-08-09,9869
3483,力致,27,7,20,元大-新盛,2023-08-09,9869
8069,元太,19,0,19,元大-新盛,2023-08-09,9869
00923,群益台ESG低碳50,17,0,17,元大-新盛,2023-08-09,9869
3060,銘異,17,0,17,元大-新盛,2023-08-09,9869
2316,楠梓電,18,1,17,元大-新盛,2023-08-09,9869
00931B,統一美債20年,16,0,16,元大-新盛,2023-08-09,9869
6203,海韻電,42,26,16,元大-新盛,2023-08-09,9869
6005,群益證,15,0,15,元大-新盛,2023-08-09,9869
8050,廣積,21,6,15,元大-新盛,2023-08-09,9869
1522,堤維西,20,5,15,元大-新盛,2023-08-09,9869
1727,中華化,14,0,14,元大-新盛,2023-08-09,9869
2516,新建,20,6,14,元大-新盛,2023-08-09,9869
3312,弘憶股,15,1,14,元大-新盛,2023-08-09,9869
2385,群光,14,1,13,元大-新盛,2023-08-09,9869
1514,亞力,21,8,13,元大-新盛,2023-08-09,9869
00719B,元大美債1-3,13,0,13,元大-新盛,2023-08-09,9869
00902,中信電池及儲能,22,9,13,元大-新盛,2023-08-09,9869
2352,佳世達,19,7,12,元大-新盛,2023-08-09,9869
3231,緯創,142,131,11,元大-新盛,2023-08-09,9869
3017,奇鋐,44,33,11,元大-新盛,2023-08-09,9869
3034,聯詠,14,3,11,元大-新盛,2023-08-09,9869
3533,嘉澤,11,0,11,元大-新盛,2023-08-09,9869
00865B,國泰US短期公債,11,0,11,元大-新盛,2023-08-09,9869
00753L,中信中國50正2,11,0,11,元大-新盛,2023-08-09,9869
6116,彩晶,11,0,11,元大-新盛,2023-08-09,9869
6285,啟��,11,0,11,元大-新盛,2023-08-09,9869
1210,大成,12,1,11,元大-新盛,2023-08-09,9869
2610,華航,1095,97,998,元大-新盛,2023-08-10,9869
00637L,元大滬深300正2,152,5,147,元大-新盛,2023-08-10,9869
00680L,元大美債20正2,101,0,101,元大-新盛,2023-08-10,9869
00929,復華台灣科技優息,95,3,92,元大-新盛,2023-08-10,9869
3231,緯創,158,93,65,元大-新盛,2023-08-10,9869
00900,富邦特選高股息30,64,3,61,元大-新盛,2023-08-10,9869
4532,瑞智,60,0,60,元大-新盛,2023-08-10,9869
2883,凱基金,74,16,58,元大-新盛,2023-08-10,9869
1605,華新,62,5,57,元大-新盛,2023-08-10,9869
00753L,中信中國50正2,55,0,55,元大-新盛,2023-08-10,9869
00878,國泰永續高股息,115,60,55,元大-新盛,2023-08-10,9869
2002,中鋼,55,0,55,元大-新盛,2023-08-10,9869
2388,威盛,49,3,46,元大-新盛,2023-08-10,9869
2516,新建,45,0,45,元大-新盛,2023-08-10,9869
2323,中環,60,20,40,元大-新盛,2023-08-10,9869
2891,中信金,51,12,39,元大-新盛,2023-08-10,9869
2409,友達,45,6,39,元大-新盛,2023-08-10,9869
1451,年興,38,0,38,元大-新盛,2023-08-10,9869
6266,泰詠,40,3,37,元大-新盛,2023-08-10,9869
2303,聯電,51,14,37,元大-新盛,2023-08-10,9869
00919,群益台灣精選高息,38,2,36,元大-新盛,2023-08-10,9869
3481,群創,43,8,35,元大-新盛,2023-08-10,9869
00865B,國泰US短期公債,35,0,35,元大-新盛,2023-08-10,9869
2353,宏��,37,4,33,元大-新盛,2023-08-10,9869
6282,康舒,44,12,32,元大-新盛,2023-08-10,9869
00891,中信關鍵半導體,31,0,31,元大-新盛,2023-08-10,9869
00725B,國泰投資級公司債,31,0,31,元大-新盛,2023-08-10,9869
2888,新光金,61,31,30,元大-新盛,2023-08-10,9869
00923,群益台ESG低碳50,27,0,27,元大-新盛,2023-08-10,9869
2603,長榮,63,36,27,元大-新盛,2023-08-10,9869
00931B,統一美債20年,26,0,26,元大-新盛,2023-08-10,9869
3017,奇鋐,39,13,26,元大-新盛,2023-08-10,9869
8390,金益鼎,37,11,26,元大-新盛,2023-08-10,9869
2387,精元,26,0,26,元大-新盛,2023-08-10,9869
1513,中興電,39,14,25,元大-新盛,2023-08-10,9869
3312,弘憶股,25,0,25,元大-新盛,2023-08-10,9869
1609,大亞,65,44,21,元大-新盛,2023-08-10,9869
2408,南亞科,21,0,21,元大-新盛,2023-08-10,9869
020038,元大ESG配息N,21,0,21,元大-新盛,2023-08-10,9869
3706,神達,47,27,20,元大-新盛,2023-08-10,9869
6152,百一,20,0,20,元大-新盛,2023-08-10,9869
1909,榮成,21,2,19,元大-新盛,2023-08-10,9869
00882,中信中國高股息,34,15,19,元大-新盛,2023-08-10,9869
9962,有益,18,0,18,元大-新盛,2023-08-10,9869
2331,精英,34,16,18,元大-新盛,2023-08-10,9869
1802,台玻,18,1,17,元大-新盛,2023-08-10,9869
2312,金寶,21,5,16,元大-新盛,2023-08-10,9869
4533,協易機,17,1,16,元大-新盛,2023-08-10,9869
6655,科定,16,0,16,元大-新盛,2023-08-10,9869
3037,欣興,24,8,16,元大-新盛,2023-08-10,9869
00900,富邦特選高股息30,123,0,123,元大-新盛,2023-08-11,9869
2618,長榮航,333,214,119,元大-新盛,2023-08-11,9869
00931B,統一美債20年,110,0,110,元大-新盛,2023-08-11,9869
5469,瀚宇博,117,20,97,元大-新盛,2023-08-11,9869
00631L,元大台灣50正2,91,0,91,元大-新盛,2023-08-11,9869
00907,永豐優息存股,72,0,72,元大-新盛,2023-08-11,9869
2409,友達,91,27,64,元大-新盛,2023-08-11,9869
00637L,元大滬深300正2,87,27,60,元大-新盛,2023-08-11,9869
00929,復華台灣科技優息,54,4,50,元大-新盛,2023-08-11,9869
00882,中信中國高股息,45,0,45,元大-新盛,2023-08-11,9869
0050,元大台灣50,45,5,40,元大-新盛,2023-08-11,9869
2301,光寶科,61,24,37,元大-新盛,2023-08-11,9869
00687B,國泰20年美債,34,0,34,元大-新盛,2023-08-11,9869
00772B,中信高評級公司債,33,2,31,元大-新盛,2023-08-11,9869
2834,臺企銀,30,0,30,元大-新盛,2023-08-11,9869
1417,嘉裕,30,0,30,元大-新盛,2023-08-11,9869
2915,潤泰全,30,1,29,元大-新盛,2023-08-11,9869
00679B,元大美債20年,43,15,28,元大-新盛,2023-08-11,9869
5608,四維航,28,0,28,元大-新盛,2023-08-11,9869
00751B,元大AAA至A公司債,27,0,27,元大-新盛,2023-08-11,9869
4114,健喬,26,0,26,元大-新盛,2023-08-11,9869
5328,華容,25,0,25,元大-新盛,2023-08-11,9869
2882,國泰金,26,1,25,元大-新盛,2023-08-11,9869
2891,中信金,26,1,25,元大-新盛,2023-08-11,9869
6116,彩晶,24,0,24,元大-新盛,2023-08-11,9869
8069,元太,23,1,22,元大-新盛,2023-08-11,9869
6770,力積電,23,1,22,元大-新盛,2023-08-11,9869
0056,元大高股息,60,40,20,元大-新盛,2023-08-11,9869
00712,復華富時不動產,20,0,20,元大-新盛,2023-08-11,9869
6158,禾昌,20,0,20,元大-新盛,2023-08-11,9869
2886,兆豐金,19,0,19,元大-新盛,2023-08-11,9869
3035,智原,31,12,19,元大-新盛,2023-08-11,9869
2002,中鋼,18,0,18,元大-新盛,2023-08-11,9869
2356,英業達,40,24,16,元大-新盛,2023-08-11,9869
1460,宏遠,19,4,15,元大-新盛,2023-08-11,9869
6284,佳邦,15,0,15,元大-新盛,2023-08-11,9869
6218,豪勉,15,0,15,元大-新盛,2023-08-11,9869
2892,第一金,15,0,15,元大-新盛,2023-08-11,9869
6282,康舒,16,2,14,元大-新盛,2023-08-11,9869
3231,緯創,66,53,13,元大-新盛,2023-08-11,9869
2340,台亞,19,8,11,元大-新盛,2023-08-11,9869
1727,中華化,12,1,11,元大-新盛,2023-08-11,9869
00795B,中信美國公債20年,12,1,11,元大-新盛,2023-08-11,9869
2317,鴻海,15,4,11,元大-新盛,2023-08-11,9869
2515,中工,11,0,11,元大-新盛,2023-08-11,9869
2890,永豐金,10,0,10,元大-新盛,2023-08-11,9869
00915,凱基優選高股息30,10,0,10,元大-新盛,2023-08-11,9869
4529,淳紳,10,0,10,元大-新盛,2023-08-11,9869
1451,年興,10,0,10,元大-新盛,2023-08-11,9869
00690,兆豐藍籌30,10,0,10,元大-新盛,2023-08-11,9869
4306,炎洲,430,0,430,元大-新盛,2023-08-14,9869
00637L,元大滬深300正2,417,70,347,元大-新盛,2023-08-14,9869
2610,華航,348,35,313,元大-新盛,2023-08-14,9869
2344,華邦電,269,0,269,元大-新盛,2023-08-14,9869
00680L,元大美債20正2,206,0,206,元大-新盛,2023-08-14,9869
2892,第一金,110,2,108,元大-新盛,2023-08-14,9869
00900,富邦特選高股息30,109,1,108,元大-新盛,2023-08-14,9869
2618,長榮航,129,31,98,元大-新盛,2023-08-14,9869
00878,國泰永續高股息,140,48,92,元大-新盛,2023-08-14,9869
2888,新光金,102,12,90,元大-新盛,2023-08-14,9869
2323,中環,85,18,67,元大-新盛,2023-08-14,9869
3645,達邁,71,5,66,元大-新盛,2023-08-14,9869
2201,裕隆,57,5,52,元大-新盛,2023-08-14,9869
4173,久裕,50,0,50,元大-新盛,2023-08-14,9869
00850,元大臺灣ESG永續,52,3,49,元大-新盛,2023-08-14,9869
00919,群益台灣精選高息,58,11,47,元大-新盛,2023-08-14,9869
3704,合勤控,46,0,46,元大-新盛,2023-08-14,9869
2834,臺企銀,48,7,41,元大-新盛,2023-08-14,9869
6158,禾昌,40,0,40,元大-新盛,2023-08-14,9869
2308,台達電,39,0,39,元大-新盛,2023-08-14,9869
2883,凱基金,41,3,38,元大-新盛,2023-08-14,9869
00923,群益台ESG低碳50,35,0,35,元大-新盛,2023-08-14,9869
00795B,中信美國公債20年,33,1,32,元大-新盛,2023-08-14,9869
0056,元大高股息,91,59,32,元大-新盛,2023-08-14,9869
00918,大華優利高填息30,30,0,30,元大-新盛,2023-08-14,9869
00927,群益半導體收益,30,0,30,元大-新盛,2023-08-14,9869
1609,大亞,30,1,29,元大-新盛,2023-08-14,9869
00882,中信中國高股息,46,22,24,元大-新盛,2023-08-14,9869
3712,永崴投控,24,0,24,元大-新盛,2023-08-14,9869
0050,元大台灣50,31,7,24,元大-新盛,2023-08-14,9869
6197,佳必琪,23,0,23,元大-新盛,2023-08-14,9869
4532,瑞智,22,0,22,元大-新盛,2023-08-14,9869
2408,南亞科,48,27,21,元大-新盛,2023-08-14,9869
2890,永豐金,25,5,20,元大-新盛,2023-08-14,9869
1417,嘉裕,20,0,20,元大-新盛,2023-08-14,9869
4168,醣聯,20,0,20,元大-新盛,2023-08-14,9869
1445,大宇,20,0,20,元大-新盛,2023-08-14,9869
6261,久元,20,0,20,元大-新盛,2023-08-14,9869
3312,弘憶股,20,0,20,元大-新盛,2023-08-14,9869
5608,四維航,22,2,20,元大-新盛,2023-08-14,9869
6770,力積電,26,6,20,元大-新盛,2023-08-14,9869
2515,中工,19,0,19,元大-新盛,2023-08-14,9869
4510,高鋒,20,1,19,元大-新盛,2023-08-14,9869
00753L,中信中國50正2,19,0,19,元大-新盛,2023-08-14,9869
2002,中鋼,19,0,19,元大-新盛,2023-08-14,9869
2371,大同,24,6,18,元大-新盛,2023-08-14,9869
2014,中鴻,17,0,17,元大-新盛,2023-08-14,9869
1210,大成,17,0,17,元大-新盛,2023-08-14,9869
2748,雲品,22,5,17,元大-新盛,2023-08-14,9869
3231,緯創,103,87,16,元大-新盛,2023-08-14,9869
4306,炎洲,200,0,200,元大-新盛,2023-08-15,9869
00671R,富邦NASDAQ反1,161,0,161,元大-新盛,2023-08-15,9869
00632R,元大台灣50反1,149,23,126,元大-新盛,2023-08-15,9869
00923,群益台ESG低碳50,111,0,111,元大-新盛,2023-08-15,9869
6223,旺矽,101,0,101,元大-新盛,2023-08-15,9869
3645,達邁,103,3,100,元大-新盛,2023-08-15,9869
3231,緯創,154,57,97,元大-新盛,2023-08-15,9869
1301,台塑,92,0,92,元大-新盛,2023-08-15,9869
00929,復華台灣科技優息,88,0,88,元大-新盛,2023-08-15,9869
2891,中信金,105,18,87,元大-新盛,2023-08-15,9869
2317,鴻海,81,5,76,元大-新盛,2023-08-15,9869
2344,華邦電,83,10,73,元大-新盛,2023-08-15,9869
3264,欣銓,71,4,67,元大-新盛,2023-08-15,9869
00900,富邦特選高股息30,53,1,52,元大-新盛,2023-08-15,9869
2888,新光金,58,10,48,元大-新盛,2023-08-15,9869
2883,凱基金,53,5,48,元大-新盛,2023-08-15,9869
00712,復華富時不動產,47,0,47,元大-新盛,2023-08-15,9869
2890,永豐金,45,0,45,元大-新盛,2023-08-15,9869
00664R,國泰臺灣加權反1,45,0,45,元大-新盛,2023-08-15,9869
2002,中鋼,31,0,31,元大-新盛,2023-08-15,9869
6266,泰詠,31,0,31,元大-新盛,2023-08-15,9869
00751B,元大AAA至A公司債,30,0,30,元大-新盛,2023-08-15,9869
2892,第一金,28,0,28,元大-新盛,2023-08-15,9869
8096,擎亞,27,0,27,元大-新盛,2023-08-15,9869
00931B,統一美債20年,22,0,22,元大-新盛,2023-08-15,9869
2618,長榮航,114,92,22,元大-新盛,2023-08-15,9869
2867,三商壽,22,0,22,元大-新盛,2023-08-15,9869
2897,王道銀行,20,0,20,元大-新盛,2023-08-15,9869
2884,玉山金,21,1,20,元大-新盛,2023-08-15,9869
8033,雷虎,19,0,19,元大-新盛,2023-08-15,9869
8046,南電,19,2,17,元大-新盛,2023-08-15,9869
0050,元大台灣50,31,14,17,元大-新盛,2023-08-15,9869
2851,中再保,16,0,16,元大-新盛,2023-08-15,9869
00772B,中信高評級公司債,16,0,16,元大-新盛,2023-08-15,9869
2880,華南金,15,0,15,元大-新盛,2023-08-15,9869
2356,英業達,89,74,15,元大-新盛,2023-08-15,9869
3706,神達,27,13,14,元大-新盛,2023-08-15,9869
2886,兆豐金,13,0,13,元大-新盛,2023-08-15,9869
00687B,國泰20年美債,13,0,13,元大-新盛,2023-08-15,9869
5488,松普,13,0,13,元大-新盛,2023-08-15,9869
00753L,中信中國50正2,15,2,13,元大-新盛,2023-08-15,9869
4906,正文,16,3,13,元大-新盛,2023-08-15,9869
2449,京元電子,16,4,12,元大-新盛,2023-08-15,9869
5426,振發,12,0,12,元大-新盛,2023-08-15,9869
2850,新產,12,0,12,元大-新盛,2023-08-15,9869
1618,合機,12,2,10,元大-新盛,2023-08-15,9869
6116,彩晶,10,0,10,元大-新盛,2023-08-15,9869
8016,矽創,11,1,10,元大-新盛,2023-08-15,9869
1326,台化,10,0,10,元大-新盛,2023-08-15,9869
6655,科定,10,0,10,元大-新盛,2023-08-15,9869
00664R,國泰臺灣加權反1,200,0,200,元大-新盛,2023-08-16,9869
6116,彩晶,119,6,113,元大-新盛,2023-08-16,9869
3264,欣銓,112,4,108,元大-新盛,2023-08-16,9869
2357,華碩,103,2,101,元大-新盛,2023-08-16,9869
2303,聯電,102,8,94,元大-新盛,2023-08-16,9869
00878,國泰永續高股息,95,15,80,元大-新盛,2023-08-16,9869
2610,華航,121,53,68,元大-新盛,2023-08-16,9869
1301,台塑,64,0,64,元大-新盛,2023-08-16,9869
00929,復華台灣科技優息,63,0,63,元大-新盛,2023-08-16,9869
00712,復華富時不動產,61,3,58,元大-新盛,2023-08-16,9869
00900,富邦特選高股息30,57,0,57,元大-新盛,2023-08-16,9869
00923,群益台ESG低碳50,56,0,56,元大-新盛,2023-08-16,9869
3323,加百裕,57,5,52,元大-新盛,2023-08-16,9869
8213,志超,50,0,50,元大-新盛,2023-08-16,9869
2884,玉山金,60,16,44,元大-新盛,2023-08-16,9869
3645,達邁,42,0,42,元大-新盛,2023-08-16,9869
2618,長榮航,136,95,41,元大-新盛,2023-08-16,9869
2317,鴻海,48,8,40,元大-新盛,2023-08-16,9869
2323,中環,40,0,40,元大-新盛,2023-08-16,9869
2880,華南金,38,3,35,元大-新盛,2023-08-16,9869
2867,三商壽,35,0,35,元大-新盛,2023-08-16,9869
00850,元大臺灣ESG永續,33,0,33,元大-新盛,2023-08-16,9869
0050,元大台灣50,38,6,32,元大-新盛,2023-08-16,9869
3704,合勤控,34,4,30,元大-新盛,2023-08-16,9869
6197,佳必琪,27,0,27,元大-新盛,2023-08-16,9869
1101,台泥,32,6,26,元大-新盛,2023-08-16,9869
6223,旺矽,30,5,25,元大-新盛,2023-08-16,9869
4532,瑞智,25,0,25,元大-新盛,2023-08-16,9869
4306,炎洲,50,25,25,元大-新盛,2023-08-16,9869
2891,中信金,64,39,25,元大-新盛,2023-08-16,9869
3715,定穎投控,36,12,24,元大-新盛,2023-08-16,9869
2324,仁寶,68,44,24,元大-新盛,2023-08-16,9869
00679B,元大美債20年,24,0,24,元大-新盛,2023-08-16,9869
00772B,中信高評級公司債,23,0,23,元大-新盛,2023-08-16,9869
00931B,統一美債20年,22,0,22,元大-新盛,2023-08-16,9869
2883,凱基金,43,21,22,元大-新盛,2023-08-16,9869
3231,緯創,167,145,22,元大-新盛,2023-08-16,9869
5483,中美晶,21,0,21,元大-新盛,2023-08-16,9869
6122,擎邦,26,5,21,元大-新盛,2023-08-16,9869
00891,中信關鍵半導體,25,4,21,元大-新盛,2023-08-16,9869
2002,中鋼,21,2,19,元大-新盛,2023-08-16,9869
1718,中纖,17,0,17,元大-新盛,2023-08-16,9869
2201,裕隆,27,11,16,元大-新盛,2023-08-16,9869
1102,亞泥,16,0,16,元大-新盛,2023-08-16,9869
2887,台新金,16,0,16,元大-新盛,2023-08-16,9869
2363,矽統,54,40,14,元大-新盛,2023-08-16,9869
2892,第一金,19,5,14,元大-新盛,2023-08-16,9869
1612,宏泰,14,0,14,元大-新盛,2023-08-16,9869
9945,潤泰新,14,0,14,元大-新盛,2023-08-16,9869
8069,元太,14,2,12,元大-新盛,2023-08-16,9869
2344,華邦電,123,5,118,元大-新盛,2023-08-17,9869
4306,炎洲,100,0,100,元大-新盛,2023-08-17,9869
6188,廣明,126,35,91,元大-新盛,2023-08-17,9869
8046,南電,89,3,86,元大-新盛,2023-08-17,9869
00720B,元大投資級公司債,66,0,66,元大-新盛,2023-08-17,9869
00637L,元大滬深300正2,76,12,64,元大-新盛,2023-08-17,9869
2618,長榮航,96,33,63,元大-新盛,2023-08-17,9869
00751B,元大AAA至A公司債,56,0,56,元大-新盛,2023-08-17,9869
2356,英業達,153,98,55,元大-新盛,2023-08-17,9869
4173,久裕,50,0,50,元大-新盛,2023-08-17,9869
6796,晉弘,50,0,50,元大-新盛,2023-08-17,9869
00679B,元大美債20年,51,2,49,元大-新盛,2023-08-17,9869
2014,中鴻,51,3,48,元大-新盛,2023-08-17,9869
6655,科定,44,0,44,元大-新盛,2023-08-17,9869
00772B,中信高評級公司債,43,0,43,元大-新盛,2023-08-17,9869
2880,華南金,42,0,42,元大-新盛,2023-08-17,9869
00712,復華富時不動產,62,22,40,元大-新盛,2023-08-17,9869
00929,復華台灣科技優息,49,10,39,元大-新盛,2023-08-17,9869
00680L,元大美債20正2,34,0,34,元大-新盛,2023-08-17,9869
6274,台燿,40,8,32,元大-新盛,2023-08-17,9869
00687B,國泰20年美債,31,0,31,元大-新盛,2023-08-17,9869
3264,欣銓,31,0,31,元大-新盛,2023-08-17,9869
6164,華興,30,0,30,元大-新盛,2023-08-17,9869
3231,緯創,186,157,29,元大-新盛,2023-08-17,9869
3567,逸昌,27,1,26,元大-新盛,2023-08-17,9869
6226,光鼎,30,5,25,元大-新盛,2023-08-17,9869
2317,鴻海,27,3,24,元大-新盛,2023-08-17,9869
5483,中美晶,23,0,23,元大-新盛,2023-08-17,9869
0050,元大台灣50,29,6,23,元大-新盛,2023-08-17,9869
2002,中鋼,23,0,23,元大-新盛,2023-08-17,9869
00931B,統一美債20年,22,0,22,元大-新盛,2023-08-17,9869
2324,仁寶,89,67,22,元大-新盛,2023-08-17,9869
2890,永豐金,24,4,20,元大-新盛,2023-08-17,9869
3078,僑威,27,8,19,元大-新盛,2023-08-17,9869
6197,佳必琪,17,0,17,元大-新盛,2023-08-17,9869
2915,潤泰全,32,15,17,元大-新盛,2023-08-17,9869
3325,旭品,21,5,16,元大-新盛,2023-08-17,9869
2886,兆豐金,16,0,16,元大-新盛,2023-08-17,9869
9945,潤泰新,15,0,15,元大-新盛,2023-08-17,9869
1301,台塑,15,0,15,元大-新盛,2023-08-17,9869
6005,群益證,12,0,12,元大-新盛,2023-08-17,9869
2913,農林,15,3,12,元大-新盛,2023-08-17,9869
00725B,國泰投資級公司債,12,0,12,元大-新盛,2023-08-17,9869
00696B,富邦美債20年,12,0,12,元大-新盛,2023-08-17,9869
00893,國泰智能電動車,11,0,11,元大-新盛,2023-08-17,9869
3056,富華新,10,0,10,元大-新盛,2023-08-17,9869
2376,技嘉,17,7,10,元大-新盛,2023-08-17,9869
8044,網家,12,2,10,元大-新盛,2023-08-17,9869
00631L,元大台灣50正2,12,2,10,元大-新盛,2023-08-17,9869
3021,鴻名,11,1,10,元大-新盛,2023-08-17,9869
3231,緯創,287,83,204,元大-新盛,2023-08-18,9869
2363,矽統,253,70,183,元大-新盛,2023-08-18,9869
4306,炎洲,128,0,128,元大-新盛,2023-08-18,9869
2332,友訊,122,31,91,元大-新盛,2023-08-18,9869
2356,英業達,142,66,76,元大-新盛,2023-08-18,9869
00907,永豐優息存股,70,1,69,元大-新盛,2023-08-18,9869
2610,華航,74,12,62,元大-新盛,2023-08-18,9869
2409,友達,64,6,58,元大-新盛,2023-08-18,9869
2329,華泰,136,79,57,元大-新盛,2023-08-18,9869
00919,群益台灣精選高息,57,5,52,元大-新盛,2023-08-18,9869
2883,凱基金,50,0,50,元大-新盛,2023-08-18,9869
5009,榮剛,45,2,43,元大-新盛,2023-08-18,9869
00772B,中信高評級公司債,52,12,40,元大-新盛,2023-08-18,9869
4532,瑞智,40,0,40,元大-新盛,2023-08-18,9869
6158,禾昌,30,0,30,元大-新盛,2023-08-18,9869
2382,廣達,93,64,29,元大-新盛,2023-08-18,9869
2371,大同,74,46,28,元大-新盛,2023-08-18,9869
2324,仁寶,52,25,27,元大-新盛,2023-08-18,9869
1101,台泥,28,1,27,元大-新盛,2023-08-18,9869
1504,東元,31,5,26,元大-新盛,2023-08-18,9869
6125,廣運,48,23,25,元大-新盛,2023-08-18,9869
1587,吉茂,25,0,25,元大-新盛,2023-08-18,9869
9105,泰金寶-DR,25,0,25,元大-新盛,2023-08-18,9869
2402,毅嘉,25,1,24,元大-新盛,2023-08-18,9869
00720B,元大投資級公司債,23,0,23,元大-新盛,2023-08-18,9869
00882,中信中國高股息,34,13,21,元大-新盛,2023-08-18,9869
8069,元太,21,0,21,元大-新盛,2023-08-18,9869
1905,華紙,24,3,21,元大-新盛,2023-08-18,9869
1513,中興電,51,30,21,元大-新盛,2023-08-18,9869
3704,合勤控,21,2,19,元大-新盛,2023-08-18,9869
2328,廣宇,18,0,18,元大-新盛,2023-08-18,9869
2323,中環,18,0,18,元大-新盛,2023-08-18,9869
00679B,元大美債20年,16,0,16,元大-新盛,2023-08-18,9869
00900,富邦特選高股息30,18,3,15,元大-新盛,2023-08-18,9869
6223,旺矽,15,0,15,元大-新盛,2023-08-18,9869
2431,聯昌,15,0,15,元大-新盛,2023-08-18,9869
9945,潤泰新,15,0,15,元大-新盛,2023-08-18,9869
0050,元大台灣50,27,13,14,元大-新盛,2023-08-18,9869
6197,佳必琪,14,0,14,元大-新盛,2023-08-18,9869
6170,統振,14,0,14,元大-新盛,2023-08-18,9869
2027,大成鋼,20,6,14,元大-新盛,2023-08-18,9869
2609,陽明,23,9,14,元大-新盛,2023-08-18,9869
00751B,元大AAA至A公司債,13,0,13,元大-新盛,2023-08-18,9869
3078,僑威,30,17,13,元大-新盛,2023-08-18,9869
3056,富華新,18,5,13,元大-新盛,2023-08-18,9869
2330,台積電,14,1,13,元大-新盛,2023-08-18,9869
2880,華南金,12,0,12,元大-新盛,2023-08-18,9869
2201,裕隆,18,6,12,元大-新盛,2023-08-18,9869
2845,遠東銀,12,0,12,元大-新盛,2023-08-18,9869
2301,光寶科,34,22,12,元大-新盛,2023-08-18,9869
2382,廣達,196,28,168,元大-新盛,2023-08-21,9869
5258,虹堡,145,0,145,元大-新盛,2023-08-21,9869
4306,炎洲,110,0,110,元大-新盛,2023-08-21,9869
2344,華邦電,86,1,85,元大-新盛,2023-08-21,9869
00632R,元大台灣50反1,75,0,75,元大-新盛,2023-08-21,9869
00772B,中信高評級公司債,60,0,60,元大-新盛,2023-08-21,9869
00637L,元大滬深300正2,79,24,55,元大-新盛,2023-08-21,9869
3024,憶聲,50,0,50,元大-新盛,2023-08-21,9869
3264,欣銓,50,2,48,元大-新盛,2023-08-21,9869
00929,復華台灣科技優息,48,1,47,元大-新盛,2023-08-21,9869
2891,中信金,56,12,44,元大-新盛,2023-08-21,9869
00923,群益台ESG低碳50,35,0,35,元大-新盛,2023-08-21,9869
00751B,元大AAA至A公司債,35,5,30,元大-新盛,2023-08-21,9869
2610,華航,34,4,30,元大-新盛,2023-08-21,9869
6655,科定,30,0,30,元大-新盛,2023-08-21,9869
2371,大同,28,2,26,元大-新盛,2023-08-21,9869
2618,長榮航,29,3,26,元大-新盛,2023-08-21,9869
00680L,元大美債20正2,28,4,24,元大-新盛,2023-08-21,9869
1909,榮成,22,0,22,元大-新盛,2023-08-21,9869
00753L,中信中國50正2,22,0,22,元大-新盛,2023-08-21,9869
1301,台塑,21,0,21,元大-新盛,2023-08-21,9869
1603,華電,21,0,21,元大-新盛,2023-08-21,9869
3706,神達,31,11,20,元大-新盛,2023-08-21,9869
1210,大成,21,2,19,元大-新盛,2023-08-21,9869
2885,元大金,20,1,19,元大-新盛,2023-08-21,9869
5608,四維航,21,2,19,元大-新盛,2023-08-21,9869
2359,所羅門,19,1,18,元大-新盛,2023-08-21,9869
2014,中鴻,17,0,17,元大-新盛,2023-08-21,9869
2609,陽明,20,3,17,元大-新盛,2023-08-21,9869
00679B,元大美債20年,18,1,17,元大-新盛,2023-08-21,9869
1504,東元,20,4,16,元大-新盛,2023-08-21,9869
00720B,元大投資級公司債,20,5,15,元大-新盛,2023-08-21,9869
2324,仁寶,25,10,15,元大-新盛,2023-08-21,9869
00712,復華富時不動產,15,1,14,元大-新盛,2023-08-21,9869
00773B,中信優先金融債,13,0,13,元大-新盛,2023-08-21,9869
6139,亞翔,27,14,13,元大-新盛,2023-08-21,9869
2890,永豐金,13,1,12,元大-新盛,2023-08-21,9869
2607,榮運,12,0,12,元大-新盛,2023-08-21,9869
6449,鈺邦,12,0,12,元大-新盛,2023-08-21,9869
2329,華泰,31,19,12,元大-新盛,2023-08-21,9869
2883,凱基金,11,0,11,元大-新盛,2023-08-21,9869
1326,台化,10,0,10,元大-新盛,2023-08-21,9869
2615,萬海,11,1,10,元大-新盛,2023-08-21,9869
00673R,期元大S＆P原油反1,10,0,10,元大-新盛,2023-08-21,9869
6182,合晶,10,0,10,元大-新盛,2023-08-21,9869
2462,良得電,10,0,10,元大-新盛,2023-08-21,9869
3257,虹冠電,11,1,10,元大-新盛,2023-08-21,9869
2431,聯昌,10,0,10,元大-新盛,2023-08-21,9869
4939,亞電,10,0,10,元大-新盛,2023-08-21,9869
8234,新漢,10,0,10,元大-新盛,2023-08-21,9869
2014,中鴻,252,3,249,元大-新盛,2023-08-22,9869
00706L,期元大S＆P日圓正2,123,0,123,元大-新盛,2023-08-22,9869
00680L,元大美債20正2,121,0,121,元大-新盛,2023-08-22,9869
1609,大亞,127,12,115,元大-新盛,2023-08-22,9869
2618,長榮航,167,64,103,元大-新盛,2023-08-22,9869
2892,第一金,100,0,100,元大-新盛,2023-08-22,9869
4306,炎洲,100,1,99,元大-新盛,2023-08-22,9869
5469,瀚宇博,74,3,71,元大-新盛,2023-08-22,9869
00637L,元大滬深300正2,74,8,66,元大-新盛,2023-08-22,9869
00929,復華台灣科技優息,63,3,60,元大-新盛,2023-08-22,9869
00882,中信中國高股息,93,47,46,元大-新盛,2023-08-22,9869
6770,力積電,42,0,42,元大-新盛,2023-08-22,9869
2888,新光金,33,0,33,元大-新盛,2023-08-22,9869
1513,中興電,34,2,32,元大-新盛,2023-08-22,9869
4915,致伸,30,0,30,元大-新盛,2023-08-22,9869
0050,元大台灣50,30,4,26,元大-新盛,2023-08-22,9869
5452,佶優,33,7,26,元大-新盛,2023-08-22,9869
2515,中工,26,1,25,元大-新盛,2023-08-22,9869
00931B,統一美債20年,24,0,24,元大-新盛,2023-08-22,9869
00679B,元大美債20年,40,17,23,元大-新盛,2023-08-22,9869
2323,中環,23,0,23,元大-新盛,2023-08-22,9869
3706,神達,30,10,20,元大-新盛,2023-08-22,9869
3078,僑威,24,5,19,元大-新盛,2023-08-22,9869
2883,凱基金,19,1,18,元大-新盛,2023-08-22,9869
2615,萬海,17,0,17,元大-新盛,2023-08-22,9869
2363,矽統,126,110,16,元大-新盛,2023-08-22,9869
6235,華孚,49,33,16,元大-新盛,2023-08-22,9869
2891,中信金,17,1,16,元大-新盛,2023-08-22,9869
1471,首利,26,10,16,元大-新盛,2023-08-22,9869
00891,中信關鍵半導體,16,0,16,元大-新盛,2023-08-22,9869
2884,玉山金,16,1,15,元大-新盛,2023-08-22,9869
1101,台泥,19,4,15,元大-新盛,2023-08-22,9869
3231,緯創,110,96,14,元大-新盛,2023-08-22,9869
6122,擎邦,15,1,14,元大-新盛,2023-08-22,9869
2421,建準,38,25,13,元大-新盛,2023-08-22,9869
2886,兆豐金,13,0,13,元大-新盛,2023-08-22,9869
00885,富邦越南,17,4,13,元大-新盛,2023-08-22,9869
4543,萬在,19,6,13,元大-新盛,2023-08-22,9869
3712,永崴投控,13,0,13,元大-新盛,2023-08-22,9869
2890,永豐金,13,0,13,元大-新盛,2023-08-22,9869
2913,農林,13,1,12,元大-新盛,2023-08-22,9869
0056,元大高股息,38,27,11,元大-新盛,2023-08-22,9869
00687B,國泰20年美債,22,11,11,元大-新盛,2023-08-22,9869
6538,倉和,10,0,10,元大-新盛,2023-08-22,9869
6284,佳邦,10,0,10,元大-新盛,2023-08-22,9869
6547,高端疫苗,10,0,10,元大-新盛,2023-08-22,9869
2002,中鋼,9,0,9,元大-新盛,2023-08-22,9869
6125,廣運,39,30,9,元大-新盛,2023-08-22,9869
00712,復華富時不動產,9,0,9,元大-新盛,2023-08-22,9869
4906,正文,52,43,9,元大-新盛,2023-08-22,9869
00919,群益台灣精選高息,126,0,126,元大-新盛,2023-08-23,9869
2618,長榮航,184,64,120,元大-新盛,2023-08-23,9869
2344,華邦電,122,4,118,元大-新盛,2023-08-23,9869
00753L,中信中國50正2,100,0,100,元大-新盛,2023-08-23,9869
4306,炎洲,100,0,100,元大-新盛,2023-08-23,9869
2610,華航,91,17,74,元大-新盛,2023-08-23,9869
2002,中鋼,58,1,57,元大-新盛,2023-08-23,9869
3013,晟銘電,75,43,32,元大-新盛,2023-08-23,9869
1528,恩德,30,0,30,元大-新盛,2023-08-23,9869
6655,科定,26,0,26,元大-新盛,2023-08-23,9869
1905,華紙,30,5,25,元大-新盛,2023-08-23,9869
00882,中信中國高股息,27,3,24,元大-新盛,2023-08-23,9869
2883,凱基金,25,1,24,元大-新盛,2023-08-23,9869
5608,四維航,30,7,23,元大-新盛,2023-08-23,9869
2539,櫻花建,21,0,21,元大-新盛,2023-08-23,9869
00664R,國泰臺灣加權反1,20,0,20,元大-新盛,2023-08-23,9869
2421,建準,94,76,18,元大-新盛,2023-08-23,9869
2882,國泰金,20,2,18,元大-新盛,2023-08-23,9869
1471,首利,19,2,17,元大-新盛,2023-08-23,9869
1101,台泥,17,0,17,元大-新盛,2023-08-23,9869
5009,榮剛,16,0,16,元大-新盛,2023-08-23,9869
2883B,凱基金乙特,15,0,15,元大-新盛,2023-08-23,9869
6167,久正,27,12,15,元大-新盛,2023-08-23,9869
3042,晶技,14,0,14,元大-新盛,2023-08-23,9869
00632R,元大台灣50反1,26,12,14,元大-新盛,2023-08-23,9869
3693,營邦,21,8,13,元大-新盛,2023-08-23,9869
9904,寶成,13,0,13,元大-新盛,2023-08-23,9869
00679B,元大美債20年,14,1,13,元大-新盛,2023-08-23,9869
2449,京元電子,76,63,13,元大-新盛,2023-08-23,9869
00893,國泰智能電動車,12,0,12,元大-新盛,2023-08-23,9869
00931B,統一美債20年,11,0,11,元大-新盛,2023-08-23,9869
1737,臺鹽,11,0,11,元大-新盛,2023-08-23,9869
2634,漢翔,83,72,11,元大-新盛,2023-08-23,9869
6142,友勁,10,0,10,元大-新盛,2023-08-23,9869
1529,樂事綠能,10,0,10,元大-新盛,2023-08-23,9869
2845,遠東銀,10,0,10,元大-新盛,2023-08-23,9869
3325,旭品,20,10,10,元大-新盛,2023-08-23,9869
3308,聯德,13,3,10,元大-新盛,2023-08-23,9869
5351,鈺創,10,0,10,元大-新盛,2023-08-23,9869
1514,亞力,10,0,10,元大-新盛,2023-08-23,9869
2301,光寶科,25,16,9,元大-新盛,2023-08-23,9869
8033,雷虎,10,2,8,元大-新盛,2023-08-23,9869
1795,美時,9,1,8,元大-新盛,2023-08-23,9869
2615,萬海,13,5,8,元大-新盛,2023-08-23,9869
3622,洋華,8,0,8,元大-新盛,2023-08-23,9869
3257,虹冠電,8,0,8,元大-新盛,2023-08-23,9869
1513,中興電,8,1,7,元大-新盛,2023-08-23,9869
6153,嘉聯益,17,10,7,元大-新盛,2023-08-23,9869
2867,三商壽,7,0,7,元大-新盛,2023-08-23,9869
6668,中揚光,7,0,7,元大-新盛,2023-08-23,9869
00632R,元大台灣50反1,2614,42,2572,元大-新盛,2023-08-24,9869
3231,緯創,298,204,94,元大-新盛,2023-08-24,9869
8150,南茂,82,1,81,元大-新盛,2023-08-24,9869
8069,元太,77,0,77,元大-新盛,2023-08-24,9869
4306,炎洲,75,10,65,元大-新盛,2023-08-24,9869
2421,建準,128,73,55,元大-新盛,2023-08-24,9869
3264,欣銓,57,3,54,元大-新盛,2023-08-24,9869
1301,台塑,52,0,52,元大-新盛,2023-08-24,9869
2002,中鋼,59,8,51,元大-新盛,2023-08-24,9869
2344,華邦電,75,24,51,元大-新盛,2023-08-24,9869
4532,瑞智,46,1,45,元大-新盛,2023-08-24,9869
00753L,中信中國50正2,53,9,44,元大-新盛,2023-08-24,9869
00919,群益台灣精選高息,38,0,38,元大-新盛,2023-08-24,9869
2356,英業達,127,90,37,元大-新盛,2023-08-24,9869
2419,仲琦,76,41,35,元大-新盛,2023-08-24,9869
2883,凱基金,34,0,34,元大-新盛,2023-08-24,9869
5410,國眾,35,3,32,元大-新盛,2023-08-24,9869
2329,華泰,65,41,24,元大-新盛,2023-08-24,9869
4961,天鈺,23,1,22,元大-新盛,2023-08-24,9869
9950,萬國通,25,4,21,元大-新盛,2023-08-24,9869
2880,華南金,20,0,20,元大-新盛,2023-08-24,9869
2353,宏��,35,15,20,元大-新盛,2023-08-24,9869
8085,福華,20,0,20,元大-新盛,2023-08-24,9869
3163,波若威,24,5,19,元大-新盛,2023-08-24,9869
2884,玉山金,19,0,19,元大-新盛,2023-08-24,9869
2882,國泰金,22,4,18,元大-新盛,2023-08-24,9869
3706,神達,38,21,17,元大-新盛,2023-08-24,9869
2615,萬海,18,1,17,元大-新盛,2023-08-24,9869
6655,科定,17,0,17,元大-新盛,2023-08-24,9869
2891,中信金,25,8,17,元大-新盛,2023-08-24,9869
3051,力特,43,27,16,元大-新盛,2023-08-24,9869
4108,懷特,16,0,16,元大-新盛,2023-08-24,9869
2324,仁寶,64,48,16,元大-新盛,2023-08-24,9869
3042,晶技,25,10,15,元大-新盛,2023-08-24,9869
4916,事欣科,18,4,14,元大-新盛,2023-08-24,9869
2409,友達,16,3,13,元大-新盛,2023-08-24,9869
3702,大聯大,12,0,12,元大-新盛,2023-08-24,9869
2485,兆赫,12,0,12,元大-新盛,2023-08-24,9869
6188,廣明,26,14,12,元大-新盛,2023-08-24,9869
4906,正文,20,9,11,元大-新盛,2023-08-24,9869
5381,合正,33,22,11,元大-新盛,2023-08-24,9869
6806,森崴能源,12,1,11,元大-新盛,2023-08-24,9869
5608,四維航,11,1,10,元大-新盛,2023-08-24,9869
3312,弘憶股,10,0,10,元大-新盛,2023-08-24,9869
3167,大量,10,0,10,元大-新盛,2023-08-24,9869
2913,農林,24,15,9,元大-新盛,2023-08-24,9869
2376,技嘉,39,30,9,元大-新盛,2023-08-24,9869
6284,佳邦,10,2,8,元大-新盛,2023-08-24,9869
2368,金像電,29,21,8,元大-新盛,2023-08-24,9869
6548,長科*,8,0,8,元大-新盛,2023-08-24,9869
00878,國泰永續高股息,177,5,172,元大-新盛,2023-08-25,9869
3231,緯創,230,90,140,元大-新盛,2023-08-25,9869
6655,科定,113,0,113,元大-新盛,2023-08-25,9869
00753L,中信中國50正2,102,0,102,元大-新盛,2023-08-25,9869
2344,華邦電,129,41,88,元大-新盛,2023-08-25,9869
2382,廣達,111,40,71,元大-新盛,2023-08-25,9869
2887,台新金,48,2,46,元大-新盛,2023-08-25,9869
00929,復華台灣科技優息,47,8,39,元大-新盛,2023-08-25,9869
2516,新建,50,13,37,元大-新盛,2023-08-25,9869
2303,聯電,36,1,35,元大-新盛,2023-08-25,9869
4306,炎洲,58,30,28,元大-新盛,2023-08-25,9869
2317,鴻海,27,1,26,元大-新盛,2023-08-25,9869
4934,太極,25,0,25,元大-新盛,2023-08-25,9869
3051,力特,24,0,24,元大-新盛,2023-08-25,9869
2002,中鋼,21,0,21,元大-新盛,2023-08-25,9869
2486,一詮,23,2,21,元大-新盛,2023-08-25,9869
2328,廣宇,21,0,21,元大-新盛,2023-08-25,9869
2330,台積電,21,2,19,元大-新盛,2023-08-25,9869
00919,群益台灣精選高息,19,0,19,元大-新盛,2023-08-25,9869
6284,佳邦,17,2,15,元大-新盛,2023-08-25,9869
00673R,期元大S＆P原油反1,15,0,15,元大-新盛,2023-08-25,9869
2890,永豐金,15,0,15,元大-新盛,2023-08-25,9869
00891,中信關鍵半導體,22,8,14,元大-新盛,2023-08-25,9869
0050,元大台灣50,18,4,14,元大-新盛,2023-08-25,9869
2356,英業達,79,66,13,元大-新盛,2023-08-25,9869
2399,映泰,14,1,13,元大-新盛,2023-08-25,9869
2618,長榮航,51,38,13,元大-新盛,2023-08-25,9869
6282,康舒,15,2,13,元大-新盛,2023-08-25,9869
2352,佳世達,20,8,12,元大-新盛,2023-08-25,9869
2891,中信金,13,2,11,元大-新盛,2023-08-25,9869
1522,堤維西,11,0,11,元大-新盛,2023-08-25,9869
3234,光環,11,0,11,元大-新盛,2023-08-25,9869
6505,台塑化,11,0,11,元大-新盛,2023-08-25,9869
00923,群益台ESG低碳50,11,0,11,元大-新盛,2023-08-25,9869
00881,國泰台灣5G+,11,0,11,元大-新盛,2023-08-25,9869
5439,高技,10,0,10,元大-新盛,2023-08-25,9869
6104,創惟,10,0,10,元大-新盛,2023-08-25,9869
3312,弘憶股,10,0,10,元大-新盛,2023-08-25,9869
4543,萬在,11,1,10,元大-新盛,2023-08-25,9869
4532,瑞智,10,0,10,元大-新盛,2023-08-25,9869
2634,漢翔,39,29,10,元大-新盛,2023-08-25,9869
2419,仲琦,18,9,9,元大-新盛,2023-08-25,9869
3706,神達,10,1,9,元大-新盛,2023-08-25,9869
2731,雄獅,10,1,9,元大-新盛,2023-08-25,9869
2458,義隆,10,1,9,元大-新盛,2023-08-25,9869
6266,泰詠,9,0,9,元大-新盛,2023-08-25,9869
8222,寶一,107,98,9,元大-新盛,2023-08-25,9869
2609,陽明,14,5,9,元大-新盛,2023-08-25,9869
3037,欣興,15,7,8,元大-新盛,2023-08-25,9869
2368,金像電,12,4,8,元大-新盛,2023-08-25,9869
00929,復華台灣科技優息,400,1,399,元大-新盛,2023-08-28,9869
2610,華航,171,21,150,元大-新盛,2023-08-28,9869
2618,長榮航,206,71,135,元大-新盛,2023-08-28,9869
00680L,元大美債20正2,131,45,86,元大-新盛,2023-08-28,9869
4906,正文,79,26,53,元大-新盛,2023-08-28,9869
4306,炎洲,50,0,50,元大-新盛,2023-08-28,9869
2331,精英,63,16,47,元大-新盛,2023-08-28,9869
0056,元大高股息,57,23,34,元大-新盛,2023-08-28,9869
2301,光寶科,36,6,30,元大-新盛,2023-08-28,9869
2421,建準,38,9,29,元大-新盛,2023-08-28,9869
2425,承啟,28,0,28,元大-新盛,2023-08-28,9869
2884,玉山金,25,0,25,元大-新盛,2023-08-28,9869
00664R,國泰臺灣加權反1,20,0,20,元大-新盛,2023-08-28,9869
2409,友達,24,4,20,元大-新盛,2023-08-28,9869
4532,瑞智,22,2,20,元大-新盛,2023-08-28,9869
1612,宏泰,22,2,20,元大-新盛,2023-08-28,9869
1618,合機,20,1,19,元大-新盛,2023-08-28,9869
2388,威盛,18,0,18,元大-新盛,2023-08-28,9869
00632R,元大台灣50反1,17,0,17,元大-新盛,2023-08-28,9869
2329,華泰,28,12,16,元大-新盛,2023-08-28,9869
1737,臺鹽,18,3,15,元大-新盛,2023-08-28,9869
4916,事欣科,16,2,14,元大-新盛,2023-08-28,9869
00919,群益台灣精選高息,23,10,13,元大-新盛,2023-08-28,9869
3567,逸昌,12,0,12,元大-新盛,2023-08-28,9869
2352,佳世達,32,20,12,元大-新盛,2023-08-28,9869
2630,亞航,18,6,12,元大-新盛,2023-08-28,9869
00752,中信中國50,14,2,12,元大-新盛,2023-08-28,9869
2002,中鋼,17,5,12,元大-新盛,2023-08-28,9869
1319,東陽,13,1,12,元大-新盛,2023-08-28,9869
2382,廣達,61,49,12,元大-新盛,2023-08-28,9869
6125,廣運,15,4,11,元大-新盛,2023-08-28,9869
00891,中信關鍵半導體,13,2,11,元大-新盛,2023-08-28,9869
2419,仲琦,13,2,11,元大-新盛,2023-08-28,9869
2371,大同,11,0,11,元大-新盛,2023-08-28,9869
5474,聰泰,11,1,10,元大-新盛,2023-08-28,9869
0050,元大台灣50,19,9,10,元大-新盛,2023-08-28,9869
00665L,富邦�琤肭磪囓�2,10,0,10,元大-新盛,2023-08-28,9869
4167,松瑞藥,10,0,10,元大-新盛,2023-08-28,9869
1517,利奇,10,0,10,元大-新盛,2023-08-28,9869
3037,欣興,10,0,10,元大-新盛,2023-08-28,9869
6163,華電網,10,0,10,元大-新盛,2023-08-28,9869
3325,旭品,13,3,10,元大-新盛,2023-08-28,9869
2022,聚亨,10,0,10,元大-新盛,2023-08-28,9869
00878,國泰永續高股息,84,75,9,元大-新盛,2023-08-28,9869
3062,建漢,11,2,9,元大-新盛,2023-08-28,9869
00679B,元大美債20年,10,1,9,元大-新盛,2023-08-28,9869
4967,十銓,9,0,9,元大-新盛,2023-08-28,9869
00882,中信中國高股息,17,8,9,元大-新盛,2023-08-28,9869
8150,南茂,10,1,9,元大-新盛,2023-08-28,9869
3043,科風,9,0,9,元大-新盛,2023-08-28,9869
00637L,元大滬深300正2,212,89,123,元大-新盛,2023-08-29,9869
00929,復華台灣科技優息,105,0,105,元大-新盛,2023-08-29,9869
00900,富邦特選高股息30,71,10,61,元大-新盛,2023-08-29,9869
0056,元大高股息,67,7,60,元大-新盛,2023-08-29,9869
2883,凱基金,60,1,59,元大-新盛,2023-08-29,9869
1471,首利,52,1,51,元大-新盛,2023-08-29,9869
4306,炎洲,50,0,50,元大-新盛,2023-08-29,9869
3231,緯創,84,45,39,元大-新盛,2023-08-29,9869
2363,矽統,240,211,29,元大-新盛,2023-08-29,9869
2630,亞航,36,9,27,元大-新盛,2023-08-29,9869
2014,中鴻,25,0,25,元大-新盛,2023-08-29,9869
2317,鴻海,71,46,25,元大-新盛,2023-08-29,9869
1802,台玻,22,1,21,元大-新盛,2023-08-29,9869
00882,中信中國高股息,25,5,20,元大-新盛,2023-08-29,9869
1314,中石化,20,0,20,元大-新盛,2023-08-29,9869
0050,元大台灣50,39,19,20,元大-新盛,2023-08-29,9869
2002,中鋼,19,0,19,元大-新盛,2023-08-29,9869
4137,麗豐-KY,15,0,15,元大-新盛,2023-08-29,9869
4532,瑞智,15,0,15,元大-新盛,2023-08-29,9869
2303,聯電,28,14,14,元大-新盛,2023-08-29,9869
2401,凌陽,15,1,14,元大-新盛,2023-08-29,9869
2486,一詮,14,1,13,元大-新盛,2023-08-29,9869
2891,中信金,15,2,13,元大-新盛,2023-08-29,9869
2462,良得電,25,12,13,元大-新盛,2023-08-29,9869
2356,英業達,27,14,13,元大-新盛,2023-08-29,9869
1904,正隆,13,0,13,元大-新盛,2023-08-29,9869
8176,智捷,12,0,12,元大-新盛,2023-08-29,9869
2354,鴻準,12,0,12,元大-新盛,2023-08-29,9869
1905,華紙,18,7,11,元大-新盛,2023-08-29,9869
00919,群益台灣精選高息,11,0,11,元大-新盛,2023-08-29,9869
00715L,期街口布蘭特正2,10,0,10,元大-新盛,2023-08-29,9869
6005,群益證,10,0,10,元大-新盛,2023-08-29,9869
4114,健喬,10,0,10,元大-新盛,2023-08-29,9869
3163,波若威,23,13,10,元大-新盛,2023-08-29,9869
2406,國碩,10,0,10,元大-新盛,2023-08-29,9869
2329,華泰,34,24,10,元大-新盛,2023-08-29,9869
00646,元大S＆P500,11,2,9,元大-新盛,2023-08-29,9869
2516,新建,9,0,9,元大-新盛,2023-08-29,9869
8222,寶一,21,12,9,元大-新盛,2023-08-29,9869
00923,群益台ESG低碳50,9,0,9,元大-新盛,2023-08-29,9869
3689,湧德,13,5,8,元大-新盛,2023-08-29,9869
6863,永道-KY,8,0,8,元大-新盛,2023-08-29,9869
9933,中鼎,8,0,8,元大-新盛,2023-08-29,9869
2890,永豐金,8,0,8,元大-新盛,2023-08-29,9869
2610,華航,10,3,7,元大-新盛,2023-08-29,9869
00878,國泰永續高股息,15,8,7,元大-新盛,2023-08-29,9869
6235,華孚,23,16,7,元大-新盛,2023-08-29,9869
00632R,元大台灣50反1,27,20,7,元大-新盛,2023-08-29,9869
4541,晟田,7,0,7,元大-新盛,2023-08-29,9869
00876,元大全球5G,7,0,7,元大-新盛,2023-08-29,9869
2344,華邦電,265,6,259,元大-新盛,2023-08-30,9869
00637L,元大滬深300正2,235,6,229,元大-新盛,2023-08-30,9869
00900,富邦特選高股息30,101,0,101,元大-新盛,2023-08-30,9869
00751B,元大AAA至A公司債,111,18,93,元大-新盛,2023-08-30,9869
2402,毅嘉,125,41,84,元大-新盛,2023-08-30,9869
1409,新纖,84,6,78,元大-新盛,2023-08-30,9869
9950,萬國通,60,3,57,元大-新盛,2023-08-30,9869
00919,群益台灣精選高息,57,0,57,元大-新盛,2023-08-30,9869
4306,炎洲,50,0,50,元大-新盛,2023-08-30,9869
2618,長榮航,59,15,44,元大-新盛,2023-08-30,9869
2408,南亞科,46,3,43,元大-新盛,2023-08-30,9869
2610,華航,78,43,35,元大-新盛,2023-08-30,9869
1101,台泥,27,0,27,元大-新盛,2023-08-30,9869
2388,威盛,74,47,27,元大-新盛,2023-08-30,9869
00878,國泰永續高股息,29,3,26,元大-新盛,2023-08-30,9869
2891,中信金,24,3,21,元大-新盛,2023-08-30,9869
00772B,中信高評級公司債,21,2,19,元大-新盛,2023-08-30,9869
2312,金寶,20,2,18,元大-新盛,2023-08-30,9869
5608,四維航,17,0,17,元大-新盛,2023-08-30,9869
3308,聯德,21,4,17,元大-新盛,2023-08-30,9869
3481,群創,20,4,16,元大-新盛,2023-08-30,9869
6191,精成科,22,7,15,元大-新盛,2023-08-30,9869
2301,光寶科,23,9,14,元大-新盛,2023-08-30,9869
3325,旭品,83,70,13,元大-新盛,2023-08-30,9869
2634,漢翔,20,7,13,元大-新盛,2023-08-30,9869
2486,一詮,14,2,12,元大-新盛,2023-08-30,9869
00706L,期元大S＆P日圓正2,12,0,12,元大-新盛,2023-08-30,9869
2356,英業達,29,17,12,元大-新盛,2023-08-30,9869
4147,中裕,16,5,11,元大-新盛,2023-08-30,9869
2316,楠梓電,11,0,11,元大-新盛,2023-08-30,9869
00719B,元大美債1-3,10,0,10,元大-新盛,2023-08-30,9869
4138,曜亞,10,0,10,元大-新盛,2023-08-30,9869
00687B,國泰20年美債,10,0,10,元大-新盛,2023-08-30,9869
8076,伍豐,10,0,10,元大-新盛,2023-08-30,9869
3376,新日興,10,0,10,元大-新盛,2023-08-30,9869
9105,泰金寶-DR,10,0,10,元大-新盛,2023-08-30,9869
3260,威剛,22,12,10,元大-新盛,2023-08-30,9869
2884,玉山金,9,0,9,元大-新盛,2023-08-30,9869
6266,泰詠,9,1,8,元大-新盛,2023-08-30,9869
6139,亞翔,8,0,8,元大-新盛,2023-08-30,9869
00669R,國泰美國道瓊反1,8,0,8,元大-新盛,2023-08-30,9869
8150,南茂,8,0,8,元大-新盛,2023-08-30,9869
6274,台燿,12,4,8,元大-新盛,2023-08-30,9869
00648R,元大S＆P500反1,7,0,7,元大-新盛,2023-08-30,9869
3628,盈正,7,0,7,元大-新盛,2023-08-30,9869
6538,倉和,7,0,7,元大-新盛,2023-08-30,9869
3095,及成,7,0,7,元大-新盛,2023-08-30,9869
00931B,統一美債20年,7,0,7,元大-新盛,2023-08-30,9869
5371,中光電,16,10,6,元大-新盛,2023-08-30,9869
6182,合晶,6,0,6,元大-新盛,2023-08-30,9869
00632R,元大台灣50反1,212,26,186,元大-新盛,2023-08-31,9869
00706L,期元大S＆P日圓正2,166,0,166,元大-新盛,2023-08-31,9869
2363,矽統,159,37,122,元大-新盛,2023-08-31,9869
00929,復華台灣科技優息,123,21,102,元大-新盛,2023-08-31,9869
4306,炎洲,100,10,90,元大-新盛,2023-08-31,9869
2618,長榮航,89,19,70,元大-新盛,2023-08-31,9869
00671R,富邦NASDAQ反1,70,0,70,元大-新盛,2023-08-31,9869
00919,群益台灣精選高息,55,0,55,元大-新盛,2023-08-31,9869
00923,群益台ESG低碳50,42,0,42,元大-新盛,2023-08-31,9869
00751B,元大AAA至A公司債,50,10,40,元大-新盛,2023-08-31,9869
00637L,元大滬深300正2,39,0,39,元大-新盛,2023-08-31,9869
00665L,富邦�琤肭磪囓�2,95,60,35,元大-新盛,2023-08-31,9869
8358,金居,48,18,30,元大-新盛,2023-08-31,9869
3308,聯德,30,3,27,元大-新盛,2023-08-31,9869
2884,玉山金,26,0,26,元大-新盛,2023-08-31,9869
2890,永豐金,26,0,26,元大-新盛,2023-08-31,9869
00882,中信中國高股息,33,10,23,元大-新盛,2023-08-31,9869
1802,台玻,47,24,23,元大-新盛,2023-08-31,9869
00878,國泰永續高股息,24,1,23,元大-新盛,2023-08-31,9869
2337,旺宏,36,13,23,元大-新盛,2023-08-31,9869
3483,力致,21,0,21,元大-新盛,2023-08-31,9869
6505,台塑化,20,0,20,元大-新盛,2023-08-31,9869
4979,華星光,20,0,20,元大-新盛,2023-08-31,9869
6283,淳安,18,0,18,元大-新盛,2023-08-31,9869
6655,科定,18,0,18,元大-新盛,2023-08-31,9869
3481,群創,50,33,17,元大-新盛,2023-08-31,9869
9105,泰金寶-DR,21,5,16,元大-新盛,2023-08-31,9869
2883,凱基金,16,0,16,元大-新盛,2023-08-31,9869
2401,凌陽,28,13,15,元大-新盛,2023-08-31,9869
8429,金麗-KY,15,0,15,元大-新盛,2023-08-31,9869
00753L,中信中國50正2,15,0,15,元大-新盛,2023-08-31,9869
6122,擎邦,21,6,15,元大-新盛,2023-08-31,9869
6182,合晶,15,0,15,元大-新盛,2023-08-31,9869
2892,第一金,14,0,14,元大-新盛,2023-08-31,9869
3046,建��,21,7,14,元大-新盛,2023-08-31,9869
2929,淘帝-KY,15,1,14,元大-新盛,2023-08-31,9869
3545,敦泰,12,0,12,元大-新盛,2023-08-31,9869
2317,鴻海,19,8,11,元大-新盛,2023-08-31,9869
2885,元大金,13,2,11,元大-新盛,2023-08-31,9869
6005,群益證,11,0,11,元大-新盛,2023-08-31,9869
2880,華南金,11,0,11,元大-新盛,2023-08-31,9869
00888,永豐台灣ESG,11,0,11,元大-新盛,2023-08-31,9869
00725B,國泰投資級公司債,10,0,10,元大-新盛,2023-08-31,9869
4532,瑞智,10,0,10,元大-新盛,2023-08-31,9869
3042,晶技,11,1,10,元大-新盛,2023-08-31,9869
2888,新光金,10,0,10,元大-新盛,2023-08-31,9869
3532,台勝科,10,0,10,元大-新盛,2023-08-31,9869
6274,台燿,21,12,9,元大-新盛,2023-08-31,9869
2886,兆豐金,9,1,8,元大-新盛,2023-08-31,9869
1301,台塑,8,0,8,元大-新盛,2023-08-31,9869
00919,群益台灣精選高息,285,1,284,元大-新盛,2023-09-01,9869
00932,兆豐永續高息等權,100,0,100,元大-新盛,2023-09-01,9869
3231,緯創,133,53,80,元大-新盛,2023-09-01,9869
3715,定穎投控,101,32,69,元大-新盛,2023-09-01,9869
2883,凱基金,69,6,63,元大-新盛,2023-09-01,9869
00929,復華台灣科技優息,68,7,61,元大-新盛,2023-09-01,9869
2356,英業達,79,19,60,元大-新盛,2023-09-01,9869
00878,國泰永續高股息,64,6,58,元大-新盛,2023-09-01,9869
3308,聯德,62,11,51,元大-新盛,2023-09-01,9869
4306,炎洲,50,0,50,元大-新盛,2023-09-01,9869
2337,旺宏,61,13,48,元大-新盛,2023-09-01,9869
2329,華泰,71,25,46,元大-新盛,2023-09-01,9869
3264,欣銓,36,2,34,元大-新盛,2023-09-01,9869
2308,台達電,32,0,32,元大-新盛,2023-09-01,9869
2344,華邦電,46,15,31,元大-新盛,2023-09-01,9869
2402,毅嘉,159,128,31,元大-新盛,2023-09-01,9869
2409,友達,53,23,30,元大-新盛,2023-09-01,9869
6283,淳安,28,0,28,元大-新盛,2023-09-01,9869
2891,中信金,28,2,26,元大-新盛,2023-09-01,9869
2316,楠梓電,25,0,25,元大-新盛,2023-09-01,9869
2014,中鴻,25,3,22,元大-新盛,2023-09-01,9869
8930,青鋼,20,0,20,元大-新盛,2023-09-01,9869
00641R,富邦日本反1,20,0,20,元大-新盛,2023-09-01,9869
2515,中工,20,0,20,元大-新盛,2023-09-01,9869
2382,廣達,68,49,19,元大-新盛,2023-09-01,9869
8210,勤誠,20,3,17,元大-新盛,2023-09-01,9869
6191,精成科,16,0,16,元大-新盛,2023-09-01,9869
3037,欣興,26,12,14,元大-新盛,2023-09-01,9869
0056,元大高股息,32,18,14,元大-新盛,2023-09-01,9869
6547,高端疫苗,47,33,14,元大-新盛,2023-09-01,9869
1503,士電,14,0,14,元大-新盛,2023-09-01,9869
00673R,期元大S＆P原油反1,14,0,14,元大-新盛,2023-09-01,9869
00719B,元大美債1-3,14,0,14,元大-新盛,2023-09-01,9869
6282,康舒,16,4,12,元大-新盛,2023-09-01,9869
2368,金像電,20,8,12,元大-新盛,2023-09-01,9869
3059,華晶科,16,5,11,元大-新盛,2023-09-01,9869
2328,廣宇,11,0,11,元大-新盛,2023-09-01,9869
4542,科嶠,11,0,11,元大-新盛,2023-09-01,9869
00751B,元大AAA至A公司債,11,0,11,元大-新盛,2023-09-01,9869
2105,正新,12,1,11,元大-新盛,2023-09-01,9869
1452,宏益,11,0,11,元大-新盛,2023-09-01,9869
6125,廣運,16,6,10,元大-新盛,2023-09-01,9869
6715,嘉基,10,0,10,元大-新盛,2023-09-01,9869
1104,環泥,10,0,10,元大-新盛,2023-09-01,9869
1815,富喬,17,7,10,元大-新盛,2023-09-01,9869
00687B,國泰20年美債,10,0,10,元大-新盛,2023-09-01,9869
8234,新漢,10,0,10,元大-新盛,2023-09-01,9869
6126,信音,11,1,10,元大-新盛,2023-09-01,9869
3189,景碩,11,1,10,元大-新盛,2023-09-01,9869
6274,台燿,25,15,10,元大-新盛,2023-09-01,9869
00919,群益台灣精選高息,432,100,332,元大-新盛,2023-09-04,9869
00673R,期元大S＆P原油反1,205,0,205,元大-新盛,2023-09-04,9869
4306,炎洲,80,0,80,元大-新盛,2023-09-04,9869
4927,泰鼎-KY,70,0,70,元大-新盛,2023-09-04,9869
2363,矽統,114,54,60,元大-新盛,2023-09-04,9869
2449,京元電子,62,10,52,元大-新盛,2023-09-04,9869
4532,瑞智,30,0,30,元大-新盛,2023-09-04,9869
00697B,元大美債7-10,31,1,30,元大-新盛,2023-09-04,9869
2511,太子,29,0,29,元大-新盛,2023-09-04,9869
2371,大同,108,80,28,元大-新盛,2023-09-04,9869
2634,漢翔,28,0,28,元大-新盛,2023-09-04,9869
5457,宣德,31,3,28,元大-新盛,2023-09-04,9869
00751B,元大AAA至A公司債,32,5,27,元大-新盛,2023-09-04,9869
0050,元大台灣50,29,3,26,元大-新盛,2023-09-04,9869
2421,建準,26,0,26,元大-新盛,2023-09-04,9869
2603,長榮,34,9,25,元大-新盛,2023-09-04,9869
00713,元大台灣高息低波,24,0,24,元大-新盛,2023-09-04,9869
2618,長榮航,42,20,22,元大-新盛,2023-09-04,9869
1618,合機,21,0,21,元大-新盛,2023-09-04,9869
00931B,統一美債20年,20,0,20,元大-新盛,2023-09-04,9869
1104,環泥,20,0,20,元大-新盛,2023-09-04,9869
3617,碩天,20,0,20,元大-新盛,2023-09-04,9869
00857B,永豐20年美公債,20,0,20,元大-新盛,2023-09-04,9869
00720B,元大投資級公司債,21,2,19,元大-新盛,2023-09-04,9869
2630,亞航,21,2,19,元大-新盛,2023-09-04,9869
2888,新光金,24,6,18,元大-新盛,2023-09-04,9869
6547,高端疫苗,18,0,18,元大-新盛,2023-09-04,9869
2610,華航,21,4,17,元大-新盛,2023-09-04,9869
2891,中信金,18,1,17,元大-新盛,2023-09-04,9869
00712,復華富時不動產,21,4,17,元大-新盛,2023-09-04,9869
4906,正文,26,10,16,元大-新盛,2023-09-04,9869
2303,聯電,20,4,16,元大-新盛,2023-09-04,9869
3706,神達,17,2,15,元大-新盛,2023-09-04,9869
2492,華新科,21,6,15,元大-新盛,2023-09-04,9869
2358,廷鑫,16,1,15,元大-新盛,2023-09-04,9869
4747,強生,15,0,15,元大-新盛,2023-09-04,9869
00679B,元大美債20年,14,0,14,元大-新盛,2023-09-04,9869
00900,富邦特選高股息30,14,0,14,元大-新盛,2023-09-04,9869
3511,矽瑪,17,3,14,元大-新盛,2023-09-04,9869
0056,元大高股息,48,35,13,元大-新盛,2023-09-04,9869
3481,群創,25,12,13,元大-新盛,2023-09-04,9869
00891,中信關鍵半導體,15,3,12,元大-新盛,2023-09-04,9869
2337,旺宏,18,6,12,元大-新盛,2023-09-04,9869
1504,東元,15,3,12,元大-新盛,2023-09-04,9869
6449,鈺邦,12,0,12,元大-新盛,2023-09-04,9869
6173,信昌電,16,5,11,元大-新盛,2023-09-04,9869
8155,博智,12,1,11,元大-新盛,2023-09-04,9869
00795B,中信美國公債20年,11,0,11,元大-新盛,2023-09-04,9869
6125,廣運,17,6,11,元大-新盛,2023-09-04,9869
2382,廣達,24,13,11,元大-新盛,2023-09-04,9869
2344,華邦電,244,10,234,元大-新盛,2023-09-05,9869
00712,復華富時不動產,203,5,198,元大-新盛,2023-09-05,9869
2332,友訊,158,8,150,元大-新盛,2023-09-05,9869
2610,華航,125,2,123,元大-新盛,2023-09-05,9869
2515,中工,80,0,80,元大-新盛,2023-09-05,9869
00929,復華台灣科技優息,81,21,60,元大-新盛,2023-09-05,9869
4306,炎洲,60,0,60,元大-新盛,2023-09-05,9869
4927,泰鼎-KY,50,0,50,元大-新盛,2023-09-05,9869
6213,聯茂,57,16,41,元大-新盛,2023-09-05,9869
4747,強生,39,0,39,元大-新盛,2023-09-05,9869
00919,群益台灣精選高息,36,2,34,元大-新盛,2023-09-05,9869
8930,青鋼,38,4,34,元大-新盛,2023-09-05,9869
3617,碩天,40,14,26,元大-新盛,2023-09-05,9869
2618,長榮航,28,4,24,元大-新盛,2023-09-05,9869
4532,瑞智,23,0,23,元大-新盛,2023-09-05,9869
00915,凱基優選高股息30,23,1,22,元大-新盛,2023-09-05,9869
0050,元大台灣50,27,5,22,元大-新盛,2023-09-05,9869
00878,國泰永續高股息,24,3,21,元大-新盛,2023-09-05,9869
3032,偉訓,21,0,21,元大-新盛,2023-09-05,9869
00680L,元大美債20正2,21,0,21,元大-新盛,2023-09-05,9869
2402,毅嘉,39,18,21,元大-新盛,2023-09-05,9869
6284,佳邦,20,0,20,元大-新盛,2023-09-05,9869
1616,億泰,21,1,20,元大-新盛,2023-09-05,9869
00655L,國泰中國A50正2,25,6,19,元大-新盛,2023-09-05,9869
3231,緯創,87,69,18,元大-新盛,2023-09-05,9869
1802,台玻,23,6,17,元大-新盛,2023-09-05,9869
6235,華孚,29,13,16,元大-新盛,2023-09-05,9869
2337,旺宏,24,10,14,元大-新盛,2023-09-05,9869
8048,德勝,22,8,14,元大-新盛,2023-09-05,9869
3105,穩懋,13,0,13,元大-新盛,2023-09-05,9869
2392,正崴,13,1,12,元大-新盛,2023-09-05,9869
2436,偉詮電,118,106,12,元大-新盛,2023-09-05,9869
2382,廣達,27,15,12,元大-新盛,2023-09-05,9869
1471,首利,12,0,12,元大-新盛,2023-09-05,9869
5443,均豪,11,1,10,元大-新盛,2023-09-05,9869
3013,晟銘電,12,2,10,元大-新盛,2023-09-05,9869
6182,合晶,13,3,10,元大-新盛,2023-09-05,9869
3338,泰碩,10,0,10,元大-新盛,2023-09-05,9869
00706L,期元大S＆P日圓正2,10,0,10,元大-新盛,2023-09-05,9869
4533,協易機,10,0,10,元大-新盛,2023-09-05,9869
1605,華新,10,0,10,元大-新盛,2023-09-05,9869
00753L,中信中國50正2,10,0,10,元大-新盛,2023-09-05,9869
6531,愛普*,24,14,10,元大-新盛,2023-09-05,9869
4915,致伸,17,7,10,元大-新盛,2023-09-05,9869
3481,群創,22,12,10,元大-新盛,2023-09-05,9869
00637L,元大滬深300正2,10,1,9,元大-新盛,2023-09-05,9869
3707,漢磊,11,2,9,元大-新盛,2023-09-05,9869
00900,富邦特選高股息30,9,0,9,元大-新盛,2023-09-05,9869
2630,亞航,10,1,9,元大-新盛,2023-09-05,9869
3202,樺晟,8,0,8,元大-新盛,2023-09-05,9869
2344,華邦電,164,4,160,元大-新盛,2023-09-06,9869
00665L,富邦�琤肭磪囓�2,124,0,124,元大-新盛,2023-09-06,9869
3481,群創,129,15,114,元大-新盛,2023-09-06,9869
00929,復華台灣科技優息,136,23,113,元大-新盛,2023-09-06,9869
2363,矽統,216,114,102,元大-新盛,2023-09-06,9869
2409,友達,89,2,87,元大-新盛,2023-09-06,9869
4306,炎洲,80,0,80,元大-新盛,2023-09-06,9869
00637L,元大滬深300正2,48,1,47,元大-新盛,2023-09-06,9869
2891,中信金,48,3,45,元大-新盛,2023-09-06,9869
8110,華東,50,5,45,元大-新盛,2023-09-06,9869
2897,王道銀行,45,0,45,元大-新盛,2023-09-06,9869
2515,中工,41,0,41,元大-新盛,2023-09-06,9869
00919,群益台灣精選高息,40,3,37,元大-新盛,2023-09-06,9869
00679B,元大美債20年,35,0,35,元大-新盛,2023-09-06,9869
4747,強生,33,0,33,元大-新盛,2023-09-06,9869
00931B,統一美債20年,32,0,32,元大-新盛,2023-09-06,9869
00753L,中信中國50正2,30,0,30,元大-新盛,2023-09-06,9869
00751B,元大AAA至A公司債,27,0,27,元大-新盛,2023-09-06,9869
4916,事欣科,26,0,26,元大-新盛,2023-09-06,9869
2401,凌陽,43,17,26,元大-新盛,2023-09-06,9869
1101,台泥,30,8,22,元大-新盛,2023-09-06,9869
2201,裕隆,28,6,22,元大-新盛,2023-09-06,9869
00752,中信中國50,22,0,22,元大-新盛,2023-09-06,9869
00720B,元大投資級公司債,21,0,21,元大-新盛,2023-09-06,9869
1618,合機,29,9,20,元大-新盛,2023-09-06,9869
6538,倉和,19,0,19,元大-新盛,2023-09-06,9869
3362,先進光,20,1,19,元大-新盛,2023-09-06,9869
1445,大宇,18,0,18,元大-新盛,2023-09-06,9869
00915,凱基優選高股息30,23,5,18,元大-新盛,2023-09-06,9869
6147,頎邦,35,17,18,元大-新盛,2023-09-06,9869
0050,元大台灣50,28,10,18,元大-新盛,2023-09-06,9869
00878,國泰永續高股息,36,19,17,元大-新盛,2023-09-06,9869
00772B,中信高評級公司債,17,1,16,元大-新盛,2023-09-06,9869
1313,聯成,16,0,16,元大-新盛,2023-09-06,9869
6274,台燿,30,14,16,元大-新盛,2023-09-06,9869
4739,康普,17,1,16,元大-新盛,2023-09-06,9869
3624,光頡,16,1,15,元大-新盛,2023-09-06,9869
3450,聯鈞,14,1,13,元大-新盛,2023-09-06,9869
00795B,中信美國公債20年,13,0,13,元大-新盛,2023-09-06,9869
2359,所羅門,13,0,13,元大-新盛,2023-09-06,9869
2002,中鋼,13,0,13,元大-新盛,2023-09-06,9869
0055,元大MSCI金融,12,0,12,元大-新盛,2023-09-06,9869
3680,家登,11,0,11,元大-新盛,2023-09-06,9869
1217,愛之味,11,0,11,元大-新盛,2023-09-06,9869
00932,兆豐永續高息等權,14,3,11,元大-新盛,2023-09-06,9869
2419,仲琦,11,0,11,元大-新盛,2023-09-06,9869
00673R,期元大S＆P原油反1,11,0,11,元大-新盛,2023-09-06,9869
2890,永豐金,10,0,10,元大-新盛,2023-09-06,9869
00918,大華優利高填息30,10,0,10,元大-新盛,2023-09-06,9869
00687B,國泰20年美債,10,0,10,元大-新盛,2023-09-06,9869
2344,華邦電,262,12,250,元大-新盛,2023-09-07,9869
00929,復華台灣科技優息,164,28,136,元大-新盛,2023-09-07,9869
00919,群益台灣精選高息,181,53,128,元大-新盛,2023-09-07,9869
2610,華航,127,1,126,元大-新盛,2023-09-07,9869
00637L,元大滬深300正2,84,4,80,元大-新盛,2023-09-07,9869
3481,群創,83,15,68,元大-新盛,2023-09-07,9869
3231,緯創,78,23,55,元大-新盛,2023-09-07,9869
2101,南港,50,3,47,元大-新盛,2023-09-07,9869
3078,僑威,69,22,47,元大-新盛,2023-09-07,9869
2321,東訊,42,0,42,元大-新盛,2023-09-07,9869
4306,炎洲,60,20,40,元大-新盛,2023-09-07,9869
2409,友達,47,9,38,元大-新盛,2023-09-07,9869
2313,華通,58,21,37,元大-新盛,2023-09-07,9869
2618,長榮航,58,24,34,元大-新盛,2023-09-07,9869
2884,玉山金,30,0,30,元大-新盛,2023-09-07,9869
2356,英業達,37,11,26,元大-新盛,2023-09-07,9869
8112,至上,44,18,26,元大-新盛,2023-09-07,9869
00915,凱基優選高股息30,25,0,25,元大-新盛,2023-09-07,9869
0050,元大台灣50,34,10,24,元大-新盛,2023-09-07,9869
2614,東森,37,13,24,元大-新盛,2023-09-07,9869
2515,中工,23,0,23,元大-新盛,2023-09-07,9869
4747,強生,20,0,20,元大-新盛,2023-09-07,9869
2504,國產,20,0,20,元大-新盛,2023-09-07,9869
2485,兆赫,53,34,19,元大-新盛,2023-09-07,9869
00679B,元大美債20年,19,0,19,元大-新盛,2023-09-07,9869
1513,中興電,23,5,18,元大-新盛,2023-09-07,9869
00931B,統一美債20年,19,2,17,元大-新盛,2023-09-07,9869
2382,廣達,22,7,15,元大-新盛,2023-09-07,9869
2332,友訊,21,6,15,元大-新盛,2023-09-07,9869
2312,金寶,20,5,15,元大-新盛,2023-09-07,9869
0056,元大高股息,45,31,14,元大-新盛,2023-09-07,9869
1802,台玻,19,5,14,元大-新盛,2023-09-07,9869
6719,力智,15,1,14,元大-新盛,2023-09-07,9869
4916,事欣科,14,1,13,元大-新盛,2023-09-07,9869
2002,中鋼,13,0,13,元大-新盛,2023-09-07,9869
8074,鉅橡,13,0,13,元大-新盛,2023-09-07,9869
2027,大成鋼,13,1,12,元大-新盛,2023-09-07,9869
6125,廣運,20,8,12,元大-新盛,2023-09-07,9869
6282,康舒,12,0,12,元大-新盛,2023-09-07,9869
2010,春源,12,0,12,元大-新盛,2023-09-07,9869
00715L,期街口布蘭特正2,12,0,12,元大-新盛,2023-09-07,9869
4909,新復興,11,0,11,元大-新盛,2023-09-07,9869
8034,榮群,11,0,11,元大-新盛,2023-09-07,9869
00923,群益台ESG低碳50,13,2,11,元大-新盛,2023-09-07,9869
2303,聯電,20,9,11,元大-新盛,2023-09-07,9869
2440,太空梭,10,0,10,元大-新盛,2023-09-07,9869
1217,愛之味,10,0,10,元大-新盛,2023-09-07,9869
00891,中信關鍵半導體,20,10,10,元大-新盛,2023-09-07,9869
00720B,元大投資級公司債,11,1,10,元大-新盛,2023-09-07,9869
00719B,元大美債1-3,10,0,10,元大-新盛,2023-09-07,9869
00637L,元大滬深300正2,202,5,197,元大-新盛,2023-09-08,9869
3481,群創,136,28,108,元大-新盛,2023-09-08,9869
9919,康那香,105,0,105,元大-新盛,2023-09-08,9869
2409,友達,112,8,104,元大-新盛,2023-09-08,9869
9105,泰金寶-DR,192,91,101,元大-新盛,2023-09-08,9869
4306,炎洲,100,0,100,元大-新盛,2023-09-08,9869
3264,欣銓,91,7,84,元大-新盛,2023-09-08,9869
2201,裕隆,86,6,80,元大-新盛,2023-09-08,9869
2363,矽統,165,108,57,元大-新盛,2023-09-08,9869
00929,復華台灣科技優息,76,33,43,元大-新盛,2023-09-08,9869
8112,至上,45,9,36,元大-新盛,2023-09-08,9869
1324,地球,35,0,35,元大-新盛,2023-09-08,9869
00921,兆豐龍頭等權重,33,0,33,元大-新盛,2023-09-08,9869
2421,建準,33,2,31,元大-新盛,2023-09-08,9869
3202,樺晟,30,0,30,元大-新盛,2023-09-08,9869
3189,景碩,31,2,29,元大-新盛,2023-09-08,9869
00919,群益台灣精選高息,244,220,24,元大-新盛,2023-09-08,9869
2105,正新,27,4,23,元大-新盛,2023-09-08,9869
1612,宏泰,21,1,20,元大-新盛,2023-09-08,9869
00864B,中信美國公債0-1,21,1,20,元大-新盛,2023-09-08,9869
00918,大華優利高填息30,19,0,19,元大-新盛,2023-09-08,9869
4747,強生,19,0,19,元大-新盛,2023-09-08,9869
4532,瑞智,54,35,19,元大-新盛,2023-09-08,9869
4979,華星光,20,1,19,元大-新盛,2023-09-08,9869
2610,華航,17,1,16,元大-新盛,2023-09-08,9869
2382,廣達,30,15,15,元大-新盛,2023-09-08,9869
8034,榮群,14,0,14,元大-新盛,2023-09-08,9869
00915,凱基優選高股息30,16,3,13,元大-新盛,2023-09-08,9869
00655L,國泰中國A50正2,12,0,12,元大-新盛,2023-09-08,9869
00753L,中信中國50正2,12,0,12,元大-新盛,2023-09-08,9869
1522,堤維西,17,5,12,元大-新盛,2023-09-08,9869
1471,首利,24,12,12,元大-新盛,2023-09-08,9869
00902,中信電池及儲能,11,0,11,元大-新盛,2023-09-08,9869
2329,華泰,16,5,11,元大-新盛,2023-09-08,9869
3051,力特,18,7,11,元大-新盛,2023-09-08,9869
00922,國泰台灣領袖50,10,0,10,元大-新盛,2023-09-08,9869
2388,威盛,13,3,10,元大-新盛,2023-09-08,9869
3227,原相,12,2,10,元大-新盛,2023-09-08,9869
8908,欣雄,10,0,10,元大-新盛,2023-09-08,9869
2897,王道銀行,10,0,10,元大-新盛,2023-09-08,9869
1314,中石化,10,0,10,元大-新盛,2023-09-08,9869
2906,高林,10,0,10,元大-新盛,2023-09-08,9869
6266,泰詠,10,0,10,元大-新盛,2023-09-08,9869
2356,英業達,13,3,10,元大-新盛,2023-09-08,9869
6485,點序,12,2,10,元大-新盛,2023-09-08,9869
3011,今皓,10,0,10,元大-新盛,2023-09-08,9869
2313,華通,14,4,10,元大-新盛,2023-09-08,9869
1101,台泥,9,0,9,元大-新盛,2023-09-08,9869
2538,基泰,9,0,9,元大-新盛,2023-09-08,9869
3483,力致,20,11,9,元大-新盛,2023-09-08,9869
00918,大華優利高填息30,652,0,652,元大-新盛,2023-09-11,9869
00878,國泰永續高股息,226,32,194,元大-新盛,2023-09-11,9869
00929,復華台灣科技優息,150,49,101,元大-新盛,2023-09-11,9869
2618,長榮航,118,21,97,元大-新盛,2023-09-11,9869
1217,愛之味,94,0,94,元大-新盛,2023-09-11,9869
00915,凱基優選高股息30,95,3,92,元大-新盛,2023-09-11,9869
2344,華邦電,99,14,85,元大-新盛,2023-09-11,9869
4306,炎洲,80,0,80,元大-新盛,2023-09-11,9869
0056,元大高股息,84,29,55,元大-新盛,2023-09-11,9869
2382,廣達,93,47,46,元大-新盛,2023-09-11,9869
3264,欣銓,51,7,44,元大-新盛,2023-09-11,9869
2888,新光金,57,14,43,元大-新盛,2023-09-11,9869
00932,兆豐永續高息等權,34,0,34,元大-新盛,2023-09-11,9869
3231,緯創,99,66,33,元大-新盛,2023-09-11,9869
2312,金寶,32,0,32,元大-新盛,2023-09-11,9869
6125,廣運,33,2,31,元大-新盛,2023-09-11,9869
00664R,國泰臺灣加權反1,30,0,30,元大-新盛,2023-09-11,9869
5381,合正,33,3,30,元大-新盛,2023-09-11,9869
2421,建準,32,4,28,元大-新盛,2023-09-11,9869
1471,首利,88,61,27,元大-新盛,2023-09-11,9869
4532,瑞智,31,5,26,元大-新盛,2023-09-11,9869
2891,中信金,32,6,26,元大-新盛,2023-09-11,9869
00900,富邦特選高股息30,26,0,26,元大-新盛,2023-09-11,9869
1305,華夏,25,0,25,元大-新盛,2023-09-11,9869
2352,佳世達,32,8,24,元大-新盛,2023-09-11,9869
00648R,元大S＆P500反1,23,0,23,元大-新盛,2023-09-11,9869
1522,堤維西,24,2,22,元大-新盛,2023-09-11,9869
00719B,元大美債1-3,20,0,20,元大-新盛,2023-09-11,9869
1802,台玻,36,17,19,元大-新盛,2023-09-11,9869
2340,台亞,18,0,18,元大-新盛,2023-09-11,9869
2313,華通,28,10,18,元大-新盛,2023-09-11,9869
2371,大同,18,0,18,元大-新盛,2023-09-11,9869
2363,矽統,259,241,18,元大-新盛,2023-09-11,9869
4510,高鋒,17,0,17,元大-新盛,2023-09-11,9869
00931B,統一美債20年,16,0,16,元大-新盛,2023-09-11,9869
2610,華航,26,10,16,元大-新盛,2023-09-11,9869
4747,強生,16,0,16,元大-新盛,2023-09-11,9869
3011,今皓,15,0,15,元大-新盛,2023-09-11,9869
2547,日勝生,15,0,15,元大-新盛,2023-09-11,9869
2376,技嘉,28,13,15,元大-新盛,2023-09-11,9869
00679B,元大美債20年,14,0,14,元大-新盛,2023-09-11,9869
3588,通嘉,15,1,14,元大-新盛,2023-09-11,9869
3189,景碩,16,2,14,元大-新盛,2023-09-11,9869
3042,晶技,17,3,14,元大-新盛,2023-09-11,9869
2323,中環,14,0,14,元大-新盛,2023-09-11,9869
0050,元大台灣50,21,8,13,元大-新盛,2023-09-11,9869
4938,和碩,13,0,13,元大-新盛,2023-09-11,9869
2405,輔信,41,28,13,元大-新盛,2023-09-11,9869
00720B,元大投資級公司債,13,0,13,元大-新盛,2023-09-11,9869
5009,榮剛,20,7,13,元大-新盛,2023-09-11,9869
00919,群益台灣精選高息,178,3,175,元大-新盛,2023-09-12,9869
00918,大華優利高填息30,175,100,75,元大-新盛,2023-09-12,9869
2883,凱基金,61,0,61,元大-新盛,2023-09-12,9869
4306,炎洲,50,0,50,元大-新盛,2023-09-12,9869
6125,廣運,60,11,49,元大-新盛,2023-09-12,9869
3481,群創,52,8,44,元大-新盛,2023-09-12,9869
2884,玉山金,30,1,29,元大-新盛,2023-09-12,9869
6142,友勁,29,0,29,元大-新盛,2023-09-12,9869
0050,元大台灣50,33,4,29,元大-新盛,2023-09-12,9869
1584,精剛,29,1,28,元大-新盛,2023-09-12,9869
2356,英業達,33,5,28,元大-新盛,2023-09-12,9869
00882,中信中國高股息,24,0,24,元大-新盛,2023-09-12,9869
2382,廣達,42,19,23,元大-新盛,2023-09-12,9869
3209,全科,20,0,20,元大-新盛,2023-09-12,9869
4510,高鋒,20,0,20,元大-新盛,2023-09-12,9869
3276,宇環,18,1,17,元大-新盛,2023-09-12,9869
00679B,元大美債20年,19,2,17,元大-新盛,2023-09-12,9869
2891,中信金,18,1,17,元大-新盛,2023-09-12,9869
3363,上詮,17,2,15,元大-新盛,2023-09-12,9869
2332,友訊,23,8,15,元大-新盛,2023-09-12,9869
6173,信昌電,14,0,14,元大-新盛,2023-09-12,9869
00915,凱基優選高股息30,21,7,14,元大-新盛,2023-09-12,9869
3576,聯合再生,14,0,14,元大-新盛,2023-09-12,9869
3017,奇鋐,15,2,13,元大-新盛,2023-09-12,9869
00902,中信電池及儲能,13,0,13,元大-新盛,2023-09-12,9869
00795B,中信美國公債20年,13,0,13,元大-新盛,2023-09-12,9869
2105,正新,12,0,12,元大-新盛,2023-09-12,9869
2316,楠梓電,12,0,12,元大-新盛,2023-09-12,9869
6282,康舒,21,9,12,元大-新盛,2023-09-12,9869
1737,臺鹽,11,0,11,元大-新盛,2023-09-12,9869
3380,明泰,14,3,11,元大-新盛,2023-09-12,9869
00931B,統一美債20年,11,0,11,元大-新盛,2023-09-12,9869
2312,金寶,16,5,11,元大-新盛,2023-09-12,9869
4532,瑞智,11,0,11,元大-新盛,2023-09-12,9869
00929,復華台灣科技優息,27,17,10,元大-新盛,2023-09-12,9869
00857B,永豐20年美公債,10,0,10,元大-新盛,2023-09-12,9869
00923,群益台ESG低碳50,10,0,10,元大-新盛,2023-09-12,9869
3374,精材,10,0,10,元大-新盛,2023-09-12,9869
2002,中鋼,12,2,10,元大-新盛,2023-09-12,9869
00632R,元大台灣50反1,12,2,10,元大-新盛,2023-09-12,9869
5381,合正,17,7,10,元大-新盛,2023-09-12,9869
2606,裕民,10,0,10,元大-新盛,2023-09-12,9869
6188,廣明,12,2,10,元大-新盛,2023-09-12,9869
6806,森崴能源,9,0,9,元大-新盛,2023-09-12,9869
1515,力山,30,21,9,元大-新盛,2023-09-12,9869
6655,科定,9,0,9,元大-新盛,2023-09-12,9869
6120,達運,10,1,9,元大-新盛,2023-09-12,9869
4533,協易機,9,0,9,元大-新盛,2023-09-12,9869
2376,技嘉,29,21,8,元大-新盛,2023-09-12,9869
00646,元大S＆P500,11,3,8,元大-新盛,2023-09-12,9869
3481,群創,163,4,159,元大-新盛,2023-09-13,9869
00929,復華台灣科技優息,180,67,113,元大-新盛,2023-09-13,9869
00919,群益台灣精選高息,242,154,88,元大-新盛,2023-09-13,9869
2328,廣宇,52,0,52,元大-新盛,2023-09-13,9869
00878,國泰永續高股息,51,0,51,元大-新盛,2023-09-13,9869
00637L,元大滬深300正2,46,9,37,元大-新盛,2023-09-13,9869
2618,長榮航,83,54,29,元大-新盛,2023-09-13,9869
1101,台泥,30,4,26,元大-新盛,2023-09-13,9869
3231,緯創,59,35,24,元大-新盛,2023-09-13,9869
5483,中美晶,21,0,21,元大-新盛,2023-09-13,9869
2915,潤泰全,20,0,20,元大-新盛,2023-09-13,9869
00719B,元大美債1-3,20,0,20,元大-新盛,2023-09-13,9869
2355,敬鵬,40,23,17,元大-新盛,2023-09-13,9869
3376,新日興,16,0,16,元大-新盛,2023-09-13,9869
1582,信錦,17,1,16,元大-新盛,2023-09-13,9869
1513,中興電,17,1,16,元大-新盛,2023-09-13,9869
6120,達運,15,0,15,元大-新盛,2023-09-13,9869
2610,華航,20,6,14,元大-新盛,2023-09-13,9869
2331,精英,14,1,13,元大-新盛,2023-09-13,9869
4934,太極,53,40,13,元大-新盛,2023-09-13,9869
00671R,富邦NASDAQ反1,13,0,13,元大-新盛,2023-09-13,9869
2883,凱基金,13,0,13,元大-新盛,2023-09-13,9869
1533,車王電,19,6,13,元大-新盛,2023-09-13,9869
00902,中信電池及儲能,13,0,13,元大-新盛,2023-09-13,9869
2838,聯邦銀,12,0,12,元大-新盛,2023-09-13,9869
4747,強生,13,1,12,元大-新盛,2023-09-13,9869
00931B,統一美債20年,11,0,11,元大-新盛,2023-09-13,9869
2885,元大金,13,2,11,元大-新盛,2023-09-13,9869
8358,金居,11,0,11,元大-新盛,2023-09-13,9869
3346,麗清,16,5,11,元大-新盛,2023-09-13,9869
00915,凱基優選高股息30,14,3,11,元大-新盛,2023-09-13,9869
0050,元大台灣50,18,7,11,元大-新盛,2023-09-13,9869
3042,晶技,11,1,10,元大-新盛,2023-09-13,9869
2352,佳世達,14,4,10,元大-新盛,2023-09-13,9869
2461,光群雷,10,0,10,元大-新盛,2023-09-13,9869
2845,遠東銀,10,0,10,元大-新盛,2023-09-13,9869
00864B,中信美國公債0-1,10,0,10,元大-新盛,2023-09-13,9869
4906,正文,25,15,10,元大-新盛,2023-09-13,9869
00673R,期元大S＆P原油反1,10,0,10,元大-新盛,2023-09-13,9869
2002,中鋼,9,0,9,元大-新盛,2023-09-13,9869
2317,鴻海,10,1,9,元大-新盛,2023-09-13,9869
00669R,國泰美國道瓊反1,9,0,9,元大-新盛,2023-09-13,9869
9945,潤泰新,10,1,9,元大-新盛,2023-09-13,9869
2630,亞航,12,3,9,元大-新盛,2023-09-13,9869
2743,山富,8,0,8,元大-新盛,2023-09-13,9869
3257,虹冠電,8,0,8,元大-新盛,2023-09-13,9869
3303,岱稜,8,0,8,元大-新盛,2023-09-13,9869
6655,科定,8,0,8,元大-新盛,2023-09-13,9869
1586,和勤,8,0,8,元大-新盛,2023-09-13,9869
00679B,元大美債20年,7,0,7,元大-新盛,2023-09-13,9869
00929,復華台灣科技優息,258,31,227,元大-新盛,2023-09-14,9869
00676R,富邦臺灣加權反1,206,3,203,元大-新盛,2023-09-14,9869
4306,炎洲,111,0,111,元大-新盛,2023-09-14,9869
00751B,元大AAA至A公司債,114,10,104,元大-新盛,2023-09-14,9869
00715L,期街口布蘭特正2,101,0,101,元大-新盛,2023-09-14,9869
00671R,富邦NASDAQ反1,102,3,99,元大-新盛,2023-09-14,9869
00919,群益台灣精選高息,107,39,68,元大-新盛,2023-09-14,9869
2816,旺旺保,64,0,64,元大-新盛,2023-09-14,9869
2371,大同,96,37,59,元大-新盛,2023-09-14,9869
00772B,中信高評級公司債,59,5,54,元大-新盛,2023-09-14,9869
8942,森鉅,50,0,50,元大-新盛,2023-09-14,9869
8210,勤誠,53,6,47,元大-新盛,2023-09-14,9869
2834,臺企銀,41,0,41,元大-新盛,2023-09-14,9869
2388,威盛,35,4,31,元大-新盛,2023-09-14,9869
00885,富邦越南,31,0,31,元大-新盛,2023-09-14,9869
2421,建準,31,0,31,元大-新盛,2023-09-14,9869
00632R,元大台灣50反1,36,5,31,元大-新盛,2023-09-14,9869
2630,亞航,31,0,31,元大-新盛,2023-09-14,9869
00719B,元大美債1-3,30,0,30,元大-新盛,2023-09-14,9869
3317,尼克森,32,3,29,元大-新盛,2023-09-14,9869
3704,合勤控,37,9,28,元大-新盛,2023-09-14,9869
00918,大華優利高填息30,33,5,28,元大-新盛,2023-09-14,9869
3380,明泰,42,16,26,元大-新盛,2023-09-14,9869
6283,淳安,20,0,20,元大-新盛,2023-09-14,9869
3236,千如,15,0,15,元大-新盛,2023-09-14,9869
2409,友達,17,2,15,元大-新盛,2023-09-14,9869
1319,東陽,18,4,14,元大-新盛,2023-09-14,9869
3715,定穎投控,37,23,14,元大-新盛,2023-09-14,9869
00882,中信中國高股息,17,5,12,元大-新盛,2023-09-14,9869
6414,樺漢,12,0,12,元大-新盛,2023-09-14,9869
5347,世界,23,11,12,元大-新盛,2023-09-14,9869
2006,東和鋼鐵,12,0,12,元大-新盛,2023-09-14,9869
3005,神基,13,2,11,元大-新盛,2023-09-14,9869
00857B,永豐20年美公債,11,0,11,元大-新盛,2023-09-14,9869
2332,友訊,14,3,11,元大-新盛,2023-09-14,9869
4919,新唐,15,4,11,元大-新盛,2023-09-14,9869
2610,華航,12,1,11,元大-新盛,2023-09-14,9869
2618,長榮航,27,17,10,元大-新盛,2023-09-14,9869
2355,敬鵬,16,6,10,元大-新盛,2023-09-14,9869
1101,台泥,13,3,10,元大-新盛,2023-09-14,9869
1413,宏洲,10,0,10,元大-新盛,2023-09-14,9869
00902,中信電池及儲能,10,0,10,元大-新盛,2023-09-14,9869
2845,遠東銀,10,0,10,元大-新盛,2023-09-14,9869
020022,元大電動車N,10,0,10,元大-新盛,2023-09-14,9869
3707,漢磊,12,2,10,元大-新盛,2023-09-14,9869
2461,光群雷,10,0,10,元大-新盛,2023-09-14,9869
1504,東元,12,2,10,元大-新盛,2023-09-14,9869
1471,首利,12,2,10,元大-新盛,2023-09-14,9869
2890,永豐金,16,7,9,元大-新盛,2023-09-14,9869
8039,台虹,9,0,9,元大-新盛,2023-09-14,9869
00929,復華台灣科技優息,325,18,307,元大-新盛,2023-09-15,9869
00772B,中信高評級公司債,91,6,85,元大-新盛,2023-09-15,9869
2618,長榮航,297,214,83,元大-新盛,2023-09-15,9869
2610,華航,87,4,83,元大-新盛,2023-09-15,9869
00918,大華優利高填息30,118,44,74,元大-新盛,2023-09-15,9869
1314,中石化,100,26,74,元大-新盛,2023-09-15,9869
4306,炎洲,50,0,50,元大-新盛,2023-09-15,9869
3481,群創,84,36,48,元大-新盛,2023-09-15,9869
00751B,元大AAA至A公司債,47,0,47,元大-新盛,2023-09-15,9869
2317,鴻海,44,2,42,元大-新盛,2023-09-15,9869
00719B,元大美債1-3,40,0,40,元大-新盛,2023-09-15,9869
2891,中信金,47,8,39,元大-新盛,2023-09-15,9869
2542,興富發,38,0,38,元大-新盛,2023-09-15,9869
00679B,元大美債20年,37,0,37,元大-新盛,2023-09-15,9869
2353,宏��,38,4,34,元大-新盛,2023-09-15,9869
2890,永豐金,37,3,34,元大-新盛,2023-09-15,9869
2486,一詮,78,45,33,元大-新盛,2023-09-15,9869
3704,合勤控,35,3,32,元大-新盛,2023-09-15,9869
00931B,統一美債20年,31,0,31,元大-新盛,2023-09-15,9869
2425,承啟,32,3,29,元大-新盛,2023-09-15,9869
00857B,永豐20年美公債,29,0,29,元大-新盛,2023-09-15,9869
00637L,元大滬深300正2,42,15,27,元大-新盛,2023-09-15,9869
2344,華邦電,131,107,24,元大-新盛,2023-09-15,9869
3231,緯創,75,52,23,元大-新盛,2023-09-15,9869
2630,亞航,22,0,22,元大-新盛,2023-09-15,9869
3059,華晶科,22,0,22,元大-新盛,2023-09-15,9869
3163,波若威,49,28,21,元大-新盛,2023-09-15,9869
3390,旭軟,21,0,21,元大-新盛,2023-09-15,9869
4532,瑞智,21,0,21,元大-新盛,2023-09-15,9869
2838,聯邦銀,20,0,20,元大-新盛,2023-09-15,9869
6284,佳邦,20,0,20,元大-新盛,2023-09-15,9869
5483,中美晶,22,3,19,元大-新盛,2023-09-15,9869
1326,台化,20,1,19,元大-新盛,2023-09-15,9869
00864B,中信美國公債0-1,20,1,19,元大-新盛,2023-09-15,9869
3380,明泰,24,6,18,元大-新盛,2023-09-15,9869
6770,力積電,20,2,18,元大-新盛,2023-09-15,9869
2427,三商電,18,1,17,元大-新盛,2023-09-15,9869
5465,富驊,17,0,17,元大-新盛,2023-09-15,9869
4906,正文,19,4,15,元大-新盛,2023-09-15,9869
3714,富采,15,0,15,元大-新盛,2023-09-15,9869
3362,先進光,15,0,15,元大-新盛,2023-09-15,9869
2637,慧洋-KY,60,45,15,元大-新盛,2023-09-15,9869
00885,富邦越南,16,1,15,元大-新盛,2023-09-15,9869
2002,中鋼,18,4,14,元大-新盛,2023-09-15,9869
2913,農林,14,0,14,元大-新盛,2023-09-15,9869
1402,遠東新,12,0,12,元大-新盛,2023-09-15,9869
2371,大同,46,34,12,元大-新盛,2023-09-15,9869
8034,榮群,18,7,11,元大-新盛,2023-09-15,9869
6550,北極星藥業-KY,10,0,10,元大-新盛,2023-09-15,9869
1471,首利,11,1,10,元大-新盛,2023-09-15,9869
00929,復華台灣科技優息,330,27,303,元大-新盛,2023-09-18,9869
00919,群益台灣精選高息,268,5,263,元大-新盛,2023-09-18,9869
00751B,元大AAA至A公司債,144,2,142,元大-新盛,2023-09-18,9869
4306,炎洲,120,0,120,元大-新盛,2023-09-18,9869
00665L,富邦�琤肭磪囓�2,105,0,105,元大-新盛,2023-09-18,9869
00631L,元大台灣50正2,88,0,88,元大-新盛,2023-09-18,9869
2363,矽統,322,236,86,元大-新盛,2023-09-18,9869
00878,國泰永續高股息,70,0,70,元大-新盛,2023-09-18,9869
00679B,元大美債20年,64,0,64,元大-新盛,2023-09-18,9869
00687B,國泰20年美債,62,0,62,元大-新盛,2023-09-18,9869
3231,緯創,79,22,57,元大-新盛,2023-09-18,9869
2382,廣達,45,6,39,元大-新盛,2023-09-18,9869
00918,大華優利高填息30,138,100,38,元大-新盛,2023-09-18,9869
00931B,統一美債20年,33,0,33,元大-新盛,2023-09-18,9869
00915,凱基優選高股息30,53,20,33,元大-新盛,2023-09-18,9869
1513,中興電,33,0,33,元大-新盛,2023-09-18,9869
2838,聯邦銀,31,0,31,元大-新盛,2023-09-18,9869
6266,泰詠,30,0,30,元大-新盛,2023-09-18,9869
3325,旭品,30,1,29,元大-新盛,2023-09-18,9869
0056,元大高股息,59,31,28,元大-新盛,2023-09-18,9869
5381,合正,31,8,23,元大-新盛,2023-09-18,9869
2330,台積電,23,0,23,元大-新盛,2023-09-18,9869
2630,亞航,26,4,22,元大-新盛,2023-09-18,9869
2883,凱基金,21,0,21,元大-新盛,2023-09-18,9869
1326,台化,21,0,21,元大-新盛,2023-09-18,9869
3017,奇鋐,27,8,19,元大-新盛,2023-09-18,9869
00680L,元大美債20正2,19,0,19,元大-新盛,2023-09-18,9869
00720B,元大投資級公司債,20,1,19,元大-新盛,2023-09-18,9869
1582,信錦,17,0,17,元大-新盛,2023-09-18,9869
00772B,中信高評級公司債,17,1,16,元大-新盛,2023-09-18,9869
4979,華星光,33,17,16,元大-新盛,2023-09-18,9869
2606,裕民,18,2,16,元大-新盛,2023-09-18,9869
2354,鴻準,19,4,15,元大-新盛,2023-09-18,9869
2605,新興,41,26,15,元大-新盛,2023-09-18,9869
00857B,永豐20年美公債,14,0,14,元大-新盛,2023-09-18,9869
6550,北極星藥業-KY,15,1,14,元大-新盛,2023-09-18,9869
2540,愛山林,14,0,14,元大-新盛,2023-09-18,9869
00671R,富邦NASDAQ反1,13,0,13,元大-新盛,2023-09-18,9869
2027,大成鋼,21,9,12,元大-新盛,2023-09-18,9869
1519,華城,18,6,12,元大-新盛,2023-09-18,9869
00764B,群益25年美債,12,0,12,元大-新盛,2023-09-18,9869
1605,華新,12,0,12,元大-新盛,2023-09-18,9869
0050,元大台灣50,23,11,12,元大-新盛,2023-09-18,9869
1504,東元,15,5,10,元大-新盛,2023-09-18,9869
3669,圓展,10,0,10,元大-新盛,2023-09-18,9869
2887,台新金,10,0,10,元大-新盛,2023-09-18,9869
00715L,期街口布蘭特正2,10,0,10,元大-新盛,2023-09-18,9869
2409,友達,10,0,10,元大-新盛,2023-09-18,9869
3704,合勤控,10,0,10,元大-新盛,2023-09-18,9869
5009,榮剛,10,0,10,元大-新盛,2023-09-18,9869
00929,復華台灣科技優息,438,9,429,元大-新盛,2023-09-19,9869
2344,華邦電,72,2,70,元大-新盛,2023-09-19,9869
6266,泰詠,56,0,56,元大-新盛,2023-09-19,9869
00665L,富邦�琤肭磪囓�2,205,150,55,元大-新盛,2023-09-19,9869
3481,群創,62,10,52,元大-新盛,2023-09-19,9869
2332,友訊,41,5,36,元大-新盛,2023-09-19,9869
00878,國泰永續高股息,57,24,33,元大-新盛,2023-09-19,9869
2355,敬鵬,32,0,32,元大-新盛,2023-09-19,9869
8927,北基,30,0,30,元大-新盛,2023-09-19,9869
2618,長榮航,41,12,29,元大-新盛,2023-09-19,9869
1609,大亞,28,0,28,元大-新盛,2023-09-19,9869
0056,元大高股息,54,27,27,元大-新盛,2023-09-19,9869
00902,中信電池及儲能,61,34,27,元大-新盛,2023-09-19,9869
2630,亞航,28,3,25,元大-新盛,2023-09-19,9869
0050,元大台灣50,33,9,24,元大-新盛,2023-09-19,9869
3706,神達,52,29,23,元大-新盛,2023-09-19,9869
6176,瑞儀,23,1,22,元大-新盛,2023-09-19,9869
6120,達運,26,5,21,元大-新盛,2023-09-19,9869
4306,炎洲,31,10,21,元大-新盛,2023-09-19,9869
3059,華晶科,20,0,20,元大-新盛,2023-09-19,9869
2891,中信金,32,14,18,元大-新盛,2023-09-19,9869
3374,精材,18,0,18,元大-新盛,2023-09-19,9869
2330,台積電,16,0,16,元大-新盛,2023-09-19,9869
4916,事欣科,16,0,16,元大-新盛,2023-09-19,9869
1305,華夏,22,7,15,元大-新盛,2023-09-19,9869
4533,協易機,15,0,15,元大-新盛,2023-09-19,9869
3231,緯創,58,43,15,元大-新盛,2023-09-19,9869
3202,樺晟,26,12,14,元大-新盛,2023-09-19,9869
2832,台產,14,0,14,元大-新盛,2023-09-19,9869
9950,萬國通,15,1,14,元大-新盛,2023-09-19,9869
1101,台泥,14,0,14,元大-新盛,2023-09-19,9869
2886,兆豐金,13,0,13,元大-新盛,2023-09-19,9869
00885,富邦越南,12,0,12,元大-新盛,2023-09-19,9869
8011,台通,12,0,12,元大-新盛,2023-09-19,9869
2027,大成鋼,14,2,12,元大-新盛,2023-09-19,9869
2913,農林,12,0,12,元大-新盛,2023-09-19,9869
3694,海華,18,6,12,元大-新盛,2023-09-19,9869
3588,通嘉,16,5,11,元大-新盛,2023-09-19,9869
00919,群益台灣精選高息,63,52,11,元大-新盛,2023-09-19,9869
6901,鑽石投資,18,7,11,元大-新盛,2023-09-19,9869
4979,華星光,51,40,11,元大-新盛,2023-09-19,9869
00637L,元大滬深300正2,21,10,11,元大-新盛,2023-09-19,9869
00680L,元大美債20正2,11,0,11,元大-新盛,2023-09-19,9869
4934,太極,10,0,10,元大-新盛,2023-09-19,9869
00882,中信中國高股息,14,4,10,元大-新盛,2023-09-19,9869
1809,中釉,10,0,10,元大-新盛,2023-09-19,9869
1313,聯成,10,0,10,元大-新盛,2023-09-19,9869
2903,遠百,10,0,10,元大-新盛,2023-09-19,9869
3682,亞太電,10,0,10,元大-新盛,2023-09-19,9869
5243,乙盛-KY,9,0,9,元大-新盛,2023-09-19,9869
00929,復華台灣科技優息,374,100,274,元大-新盛,2023-09-20,9869
2610,華航,144,0,144,元大-新盛,2023-09-20,9869
4906,正文,77,0,77,元大-新盛,2023-09-20,9869
00919,群益台灣精選高息,72,5,67,元大-新盛,2023-09-20,9869
3231,緯創,155,98,57,元大-新盛,2023-09-20,9869
3704,合勤控,51,0,51,元大-新盛,2023-09-20,9869
2883,凱基金,41,1,40,元大-新盛,2023-09-20,9869
2332,友訊,34,0,34,元大-新盛,2023-09-20,9869
00679B,元大美債20年,30,0,30,元大-新盛,2023-09-20,9869
2355,敬鵬,28,0,28,元大-新盛,2023-09-20,9869
2409,友達,38,11,27,元大-新盛,2023-09-20,9869
2485,兆赫,27,1,26,元大-新盛,2023-09-20,9869
2201,裕隆,39,13,26,元大-新盛,2023-09-20,9869
2354,鴻準,32,7,25,元大-新盛,2023-09-20,9869
2363,矽統,83,59,24,元大-新盛,2023-09-20,9869
2603,長榮,26,5,21,元大-新盛,2023-09-20,9869
00772B,中信高評級公司債,21,0,21,元大-新盛,2023-09-20,9869
6770,力積電,21,0,21,元大-新盛,2023-09-20,9869
2887,台新金,20,0,20,元大-新盛,2023-09-20,9869
3035,智原,39,19,20,元大-新盛,2023-09-20,9869
2405,輔信,29,10,19,元大-新盛,2023-09-20,9869
2330,台積電,30,11,19,元大-新盛,2023-09-20,9869
2313,華通,97,79,18,元大-新盛,2023-09-20,9869
6547,高端疫苗,23,6,17,元大-新盛,2023-09-20,9869
1319,東陽,28,11,17,元大-新盛,2023-09-20,9869
2417,圓剛,28,12,16,元大-新盛,2023-09-20,9869
2903,遠百,15,0,15,元大-新盛,2023-09-20,9869
1514,亞力,15,2,13,元大-新盛,2023-09-20,9869
8050,廣積,14,1,13,元大-新盛,2023-09-20,9869
3276,宇環,40,28,12,元大-新盛,2023-09-20,9869
2897,王道銀行,16,4,12,元大-新盛,2023-09-20,9869
2382,廣達,43,31,12,元大-新盛,2023-09-20,9869
3265,台星科,42,31,11,元大-新盛,2023-09-20,9869
00720B,元大投資級公司債,11,0,11,元大-新盛,2023-09-20,9869
1789,神隆,11,0,11,元大-新盛,2023-09-20,9869
00915,凱基優選高股息30,13,2,11,元大-新盛,2023-09-20,9869
2915,潤泰全,11,0,11,元大-新盛,2023-09-20,9869
5608,四維航,22,11,11,元大-新盛,2023-09-20,9869
4979,華星光,30,19,11,元大-新盛,2023-09-20,9869
00921,兆豐龍頭等權重,12,2,10,元大-新盛,2023-09-20,9869
2027,大成鋼,10,0,10,元大-新盛,2023-09-20,9869
2630,亞航,10,0,10,元大-新盛,2023-09-20,9869
3325,旭品,14,4,10,元大-新盛,2023-09-20,9869
4532,瑞智,10,0,10,元大-新盛,2023-09-20,9869
2316,楠梓電,14,4,10,元大-新盛,2023-09-20,9869
5328,華容,11,1,10,元大-新盛,2023-09-20,9869
1603,華電,10,0,10,元大-新盛,2023-09-20,9869
2014,中鴻,12,2,10,元大-新盛,2023-09-20,9869
1101,台泥,9,0,9,元大-新盛,2023-09-20,9869
3037,欣興,12,3,9,元大-新盛,2023-09-20,9869
0056,元大高股息,284,23,261,元大-新盛,2023-09-21,9869
00929,復華台灣科技優息,299,89,210,元大-新盛,2023-09-21,9869
1314,中石化,101,0,101,元大-新盛,2023-09-21,9869
2888,新光金,107,10,97,元大-新盛,2023-09-21,9869
2610,華航,74,3,71,元大-新盛,2023-09-21,9869
00878,國泰永續高股息,103,43,60,元大-新盛,2023-09-21,9869
00919,群益台灣精選高息,76,18,58,元大-新盛,2023-09-21,9869
4306,炎洲,56,0,56,元大-新盛,2023-09-21,9869
2313,華通,71,26,45,元大-新盛,2023-09-21,9869
2618,長榮航,408,363,45,元大-新盛,2023-09-21,9869
2515,中工,44,0,44,元大-新盛,2023-09-21,9869
0050,元大台灣50,51,7,44,元大-新盛,2023-09-21,9869
00680L,元大美債20正2,38,0,38,元大-新盛,2023-09-21,9869
2359,所羅門,36,0,36,元大-新盛,2023-09-21,9869
1101,台泥,35,2,33,元大-新盛,2023-09-21,9869
1409,新纖,32,0,32,元大-新盛,2023-09-21,9869
3264,欣銓,31,0,31,元大-新盛,2023-09-21,9869
00665L,富邦�琤肭磪囓�2,100,70,30,元大-新盛,2023-09-21,9869
00679B,元大美債20年,31,1,30,元大-新盛,2023-09-21,9869
2374,佳能,29,0,29,元大-新盛,2023-09-21,9869
2891,中信金,48,20,28,元大-新盛,2023-09-21,9869
2367,燿華,39,11,28,元大-新盛,2023-09-21,9869
3481,群創,58,30,28,元大-新盛,2023-09-21,9869
00687B,國泰20年美債,26,0,26,元大-新盛,2023-09-21,9869
2344,華邦電,28,2,26,元大-新盛,2023-09-21,9869
2363,矽統,80,55,25,元大-新盛,2023-09-21,9869
2354,鴻準,26,2,24,元大-新盛,2023-09-21,9869
1618,合機,23,0,23,元大-新盛,2023-09-21,9869
1584,精剛,48,25,23,元大-新盛,2023-09-21,9869
5880,合庫金,22,0,22,元大-新盛,2023-09-21,9869
00637L,元大滬深300正2,21,0,21,元大-新盛,2023-09-21,9869
2486,一詮,22,1,21,元大-新盛,2023-09-21,9869
6147,頎邦,25,4,21,元大-新盛,2023-09-21,9869
2834,臺企銀,20,0,20,元大-新盛,2023-09-21,9869
3033,威健,20,0,20,元大-新盛,2023-09-21,9869
5328,華容,20,0,20,元大-新盛,2023-09-21,9869
8034,榮群,21,1,20,元大-新盛,2023-09-21,9869
2330,台積電,20,0,20,元大-新盛,2023-09-21,9869
3711,日月光投控,21,2,19,元大-新盛,2023-09-21,9869
1301,台塑,19,0,19,元大-新盛,2023-09-21,9869
1795,美時,20,1,19,元大-新盛,2023-09-21,9869
00881,國泰台灣5G+,18,0,18,元大-新盛,2023-09-21,9869
6505,台塑化,17,0,17,元大-新盛,2023-09-21,9869
00673R,期元大S＆P原油反1,16,0,16,元大-新盛,2023-09-21,9869
2637,慧洋-KY,16,1,15,元大-新盛,2023-09-21,9869
3715,定穎投控,43,28,15,元大-新盛,2023-09-21,9869
2882,國泰金,16,1,15,元大-新盛,2023-09-21,9869
3035,智原,27,13,14,元大-新盛,2023-09-21,9869
00922,國泰台灣領袖50,14,0,14,元大-新盛,2023-09-21,9869
00753L,中信中國50正2,13,0,13,元大-新盛,2023-09-21,9869
8112,至上,208,6,202,元大-新盛,2023-09-22,9869
00687B,國泰20年美債,104,1,103,元大-新盛,2023-09-22,9869
00679B,元大美債20年,102,5,97,元大-新盛,2023-09-22,9869
00929,復華台灣科技優息,93,15,78,元大-新盛,2023-09-22,9869
2515,中工,66,0,66,元大-新盛,2023-09-22,9869
2883,凱基金,64,0,64,元大-新盛,2023-09-22,9869
00795B,中信美國公債20年,64,1,63,元大-新盛,2023-09-22,9869
00680L,元大美債20正2,69,11,58,元大-新盛,2023-09-22,9869
00688L,國泰20年美債正2,53,0,53,元大-新盛,2023-09-22,9869
00931B,統一美債20年,49,0,49,元大-新盛,2023-09-22,9869
00919,群益台灣精選高息,51,3,48,元大-新盛,2023-09-22,9869
2884,玉山金,51,5,46,元大-新盛,2023-09-22,9869
0056,元大高股息,71,28,43,元大-新盛,2023-09-22,9869
00712,復華富時不動產,62,20,42,元大-新盛,2023-09-22,9869
3481,群創,57,15,42,元大-新盛,2023-09-22,9869
2363,矽統,127,86,41,元大-新盛,2023-09-22,9869
00888,永豐台灣ESG,35,0,35,元大-新盛,2023-09-22,9869
2421,建準,35,2,33,元大-新盛,2023-09-22,9869
00885,富邦越南,30,0,30,元大-新盛,2023-09-22,9869
4532,瑞智,30,0,30,元大-新盛,2023-09-22,9869
5483,中美晶,30,0,30,元大-新盛,2023-09-22,9869
1101,台泥,30,1,29,元大-新盛,2023-09-22,9869
6213,聯茂,31,3,28,元大-新盛,2023-09-22,9869
00893,國泰智能電動車,25,0,25,元大-新盛,2023-09-22,9869
00751B,元大AAA至A公司債,22,0,22,元大-新盛,2023-09-22,9869
00720B,元大投資級公司債,22,0,22,元大-新盛,2023-09-22,9869
2356,英業達,33,12,21,元大-新盛,2023-09-22,9869
3617,碩天,48,28,20,元大-新盛,2023-09-22,9869
00850,元大臺灣ESG永續,20,0,20,元大-新盛,2023-09-22,9869
2881,富邦金,21,1,20,元大-新盛,2023-09-22,9869
2542,興富發,20,0,20,元大-新盛,2023-09-22,9869
00918,大華優利高填息30,20,0,20,元大-新盛,2023-09-22,9869
8930,青鋼,20,0,20,元大-新盛,2023-09-22,9869
1604,聲寶,20,0,20,元大-新盛,2023-09-22,9869
2915,潤泰全,23,4,19,元大-新盛,2023-09-22,9869
3051,力特,21,2,19,元大-新盛,2023-09-22,9869
3450,聯鈞,39,23,16,元大-新盛,2023-09-22,9869
2888,新光金,15,0,15,元大-新盛,2023-09-22,9869
2892,第一金,20,5,15,元大-新盛,2023-09-22,9869
00857B,永豐20年美公債,13,0,13,元大-新盛,2023-09-22,9869
00772B,中信高評級公司債,15,3,12,元大-新盛,2023-09-22,9869
00632R,元大台灣50反1,14,2,12,元大-新盛,2023-09-22,9869
2615,萬海,11,0,11,元大-新盛,2023-09-22,9869
1815,富喬,11,0,11,元大-新盛,2023-09-22,9869
3362,先進光,10,0,10,元大-新盛,2023-09-22,9869
1612,宏泰,10,0,10,元大-新盛,2023-09-22,9869
6147,頎邦,9,0,9,元大-新盛,2023-09-22,9869
2303,聯電,19,10,9,元大-新盛,2023-09-22,9869
2609,陽明,12,3,9,元大-新盛,2023-09-22,9869
6669,緯穎,11,2,9,元大-新盛,2023-09-22,9869
00929,復華台灣科技優息,77,3,74,元大-新盛,2023-09-25,9869
1101,台泥,51,0,51,元大-新盛,2023-09-25,9869
3264,欣銓,41,4,37,元大-新盛,2023-09-25,9869
2542,興富發,32,0,32,元大-新盛,2023-09-25,9869
2421,建準,32,1,31,元大-新盛,2023-09-25,9869
00679B,元大美債20年,27,0,27,元大-新盛,2023-09-25,9869
0056,元大高股息,50,23,27,元大-新盛,2023-09-25,9869
9945,潤泰新,26,0,26,元大-新盛,2023-09-25,9869
2485,兆赫,22,0,22,元大-新盛,2023-09-25,9869
2014,中鴻,24,2,22,元大-新盛,2023-09-25,9869
0050,元大台灣50,26,5,21,元大-新盛,2023-09-25,9869
4108,懷特,18,0,18,元大-新盛,2023-09-25,9869
2388,威盛,21,5,16,元大-新盛,2023-09-25,9869
9919,康那香,15,0,15,元大-新盛,2023-09-25,9869
00931B,統一美債20年,14,0,14,元大-新盛,2023-09-25,9869
2409,友達,15,1,14,元大-新盛,2023-09-25,9869
2883,凱基金,14,0,14,元大-新盛,2023-09-25,9869
2618,長榮航,53,39,14,元大-新盛,2023-09-25,9869
2363,矽統,68,55,13,元大-新盛,2023-09-25,9869
5488,松普,13,0,13,元大-新盛,2023-09-25,9869
2313,華通,21,10,11,元大-新盛,2023-09-25,9869
2610,華航,18,7,11,元大-新盛,2023-09-25,9869
2204,中華,23,12,11,元大-新盛,2023-09-25,9869
006208,富邦台50,11,0,11,元大-新盛,2023-09-25,9869
3706,神達,25,15,10,元大-新盛,2023-09-25,9869
2392,正崴,10,1,9,元大-新盛,2023-09-25,9869
2206,三陽工業,15,6,9,元大-新盛,2023-09-25,9869
2330,台積電,10,1,9,元大-新盛,2023-09-25,9869
1584,精剛,32,24,8,元大-新盛,2023-09-25,9869
6147,頎邦,8,0,8,元大-新盛,2023-09-25,9869
2888,新光金,8,0,8,元大-新盛,2023-09-25,9869
6901,鑽石投資,10,2,8,元大-新盛,2023-09-25,9869
2891,中信金,9,1,8,元大-新盛,2023-09-25,9869
6288,聯嘉,14,6,8,元大-新盛,2023-09-25,9869
00713,元大台灣高息低波,7,0,7,元大-新盛,2023-09-25,9869
2104,國際中橡,7,0,7,元大-新盛,2023-09-25,9869
2417,圓剛,8,1,7,元大-新盛,2023-09-25,9869
5009,榮剛,8,1,7,元大-新盛,2023-09-25,9869
6125,廣運,8,1,7,元大-新盛,2023-09-25,9869
2303,聯電,7,0,7,元大-新盛,2023-09-25,9869
5388,中磊,6,0,6,元大-新盛,2023-09-25,9869
00888,永豐台灣ESG,6,0,6,元大-新盛,2023-09-25,9869
6655,科定,6,0,6,元大-新盛,2023-09-25,9869
6122,擎邦,16,10,6,元大-新盛,2023-09-25,9869
2468,華經,7,1,6,元大-新盛,2023-09-25,9869
3013,晟銘電,11,5,6,元大-新盛,2023-09-25,9869
00646,元大S＆P500,7,1,6,元大-新盛,2023-09-25,9869
9933,中鼎,5,0,5,元大-新盛,2023-09-25,9869
3363,上詮,26,21,5,元大-新盛,2023-09-25,9869
3202,樺晟,5,0,5,元大-新盛,2023-09-25,9869
3036,文曄,128,18,110,元大-新盛,2023-09-26,9869
00679B,元大美債20年,87,1,86,元大-新盛,2023-09-26,9869
00929,復華台灣科技優息,86,13,73,元大-新盛,2023-09-26,9869
3264,欣銓,71,1,70,元大-新盛,2023-09-26,9869
2303,聯電,62,5,57,元大-新盛,2023-09-26,9869
00665L,富邦�琤肭磪囓�2,105,55,50,元大-新盛,2023-09-26,9869
00931B,統一美債20年,41,0,41,元大-新盛,2023-09-26,9869
00680L,元大美債20正2,68,28,40,元大-新盛,2023-09-26,9869
6770,力積電,38,3,35,元大-新盛,2023-09-26,9869
3035,智原,39,5,34,元大-新盛,2023-09-26,9869
2618,長榮航,54,20,34,元大-新盛,2023-09-26,9869
0056,元大高股息,102,68,34,元大-新盛,2023-09-26,9869
1503,士電,34,1,33,元大-新盛,2023-09-26,9869
00919,群益台灣精選高息,37,5,32,元大-新盛,2023-09-26,9869
00878,國泰永續高股息,37,6,31,元大-新盛,2023-09-26,9869
3231,緯創,46,16,30,元大-新盛,2023-09-26,9869
2540,愛山林,30,0,30,元大-新盛,2023-09-26,9869
00720B,元大投資級公司債,28,0,28,元大-新盛,2023-09-26,9869
00637L,元大滬深300正2,29,2,27,元大-新盛,2023-09-26,9869
00772B,中信高評級公司債,26,0,26,元大-新盛,2023-09-26,9869
6125,廣運,29,4,25,元大-新盛,2023-09-26,9869
2201,裕隆,32,10,22,元大-新盛,2023-09-26,9869
00687B,國泰20年美債,20,0,20,元大-新盛,2023-09-26,9869
2515,中工,120,100,20,元大-新盛,2023-09-26,9869
2356,英業達,70,51,19,元大-新盛,2023-09-26,9869
00885,富邦越南,30,11,19,元大-新盛,2023-09-26,9869
3481,群創,38,20,18,元大-新盛,2023-09-26,9869
2375,凱美,18,0,18,元大-新盛,2023-09-26,9869
2388,威盛,20,2,18,元大-新盛,2023-09-26,9869
00882,中信中國高股息,18,0,18,元大-新盛,2023-09-26,9869
6806,森崴能源,28,10,18,元大-新盛,2023-09-26,9869
3715,定穎投控,121,105,16,元大-新盛,2023-09-26,9869
00932,兆豐永續高息等權,16,0,16,元大-新盛,2023-09-26,9869
2883,凱基金,18,2,16,元大-新盛,2023-09-26,9869
9945,潤泰新,18,2,16,元大-新盛,2023-09-26,9869
00751B,元大AAA至A公司債,15,0,15,元大-新盛,2023-09-26,9869
00891,中信關鍵半導體,15,0,15,元大-新盛,2023-09-26,9869
0050,元大台灣50,31,17,14,元大-新盛,2023-09-26,9869
2353,宏��,20,6,14,元大-新盛,2023-09-26,9869
6197,佳必琪,16,2,14,元大-新盛,2023-09-26,9869
2486,一詮,22,8,14,元大-新盛,2023-09-26,9869
00795B,中信美國公債20年,14,0,14,元大-新盛,2023-09-26,9869
5465,富驊,40,26,14,元大-新盛,2023-09-26,9869
2316,楠梓電,16,3,13,元大-新盛,2023-09-26,9869
00857B,永豐20年美公債,13,0,13,元大-新盛,2023-09-26,9869
3056,富華新,14,1,13,元大-新盛,2023-09-26,9869
1101,台泥,12,0,12,元大-新盛,2023-09-26,9869
1584,精剛,15,3,12,元大-新盛,2023-09-26,9869
2615,萬海,15,3,12,元大-新盛,2023-09-26,9869
00722B,群益投資級電信債,12,0,12,元大-新盛,2023-09-26,9869
2002,中鋼,124,8,116,元大-新盛,2023-09-27,9869
2888,新光金,74,0,74,元大-新盛,2023-09-27,9869
8021,尖點,73,0,73,元大-新盛,2023-09-27,9869
00929,復華台灣科技優息,103,31,72,元大-新盛,2023-09-27,9869
4306,炎洲,80,10,70,元大-新盛,2023-09-27,9869
2355,敬鵬,54,0,54,元大-新盛,2023-09-27,9869
3264,欣銓,50,0,50,元大-新盛,2023-09-27,9869
1513,中興電,44,1,43,元大-新盛,2023-09-27,9869
2515,中工,52,11,41,元大-新盛,2023-09-27,9869
2303,聯電,40,2,38,元大-新盛,2023-09-27,9869
1609,大亞,73,37,36,元大-新盛,2023-09-27,9869
2618,長榮航,81,48,33,元大-新盛,2023-09-27,9869
0056,元大高股息,89,57,32,元大-新盛,2023-09-27,9869
00679B,元大美債20年,29,1,28,元大-新盛,2023-09-27,9869
00712,復華富時不動產,24,0,24,元大-新盛,2023-09-27,9869
6770,力積電,22,0,22,元大-新盛,2023-09-27,9869
3032,偉訓,30,9,21,元大-新盛,2023-09-27,9869
3325,旭品,22,1,21,元大-新盛,2023-09-27,9869
1519,華城,25,5,20,元大-新盛,2023-09-27,9869
1326,台化,19,0,19,元大-新盛,2023-09-27,9869
2891,中信金,20,1,19,元大-新盛,2023-09-27,9869
1603,華電,30,11,19,元大-新盛,2023-09-27,9869
4542,科嶠,24,6,18,元大-新盛,2023-09-27,9869
2337,旺宏,23,7,16,元大-新盛,2023-09-27,9869
00885,富邦越南,21,5,16,元大-新盛,2023-09-27,9869
8420,明揚,34,19,15,元大-新盛,2023-09-27,9869
3617,碩天,34,19,15,元大-新盛,2023-09-27,9869
2354,鴻準,18,4,14,元大-新盛,2023-09-27,9869
3481,群創,19,6,13,元大-新盛,2023-09-27,9869
2388,威盛,19,6,13,元大-新盛,2023-09-27,9869
4561,健椿,12,0,12,元大-新盛,2023-09-27,9869
3491,昇達科,12,0,12,元大-新盛,2023-09-27,9869
6139,亞翔,34,22,12,元大-新盛,2023-09-27,9869
2883,凱基金,11,0,11,元大-新盛,2023-09-27,9869
6223,旺矽,13,2,11,元大-新盛,2023-09-27,9869
2882,國泰金,11,0,11,元大-新盛,2023-09-27,9869
2880,華南金,11,0,11,元大-新盛,2023-09-27,9869
1314,中石化,11,0,11,元大-新盛,2023-09-27,9869
9945,潤泰新,14,3,11,元大-新盛,2023-09-27,9869
00864B,中信美國公債0-1,11,0,11,元大-新盛,2023-09-27,9869
00902,中信電池及儲能,10,0,10,元大-新盛,2023-09-27,9869
6147,頎邦,10,0,10,元大-新盛,2023-09-27,9869
6505,台塑化,10,0,10,元大-新盛,2023-09-27,9869
6715,嘉基,10,0,10,元大-新盛,2023-09-27,9869
1471,首利,11,1,10,元大-新盛,2023-09-27,9869
2408,南亞科,10,0,10,元大-新盛,2023-09-27,9869
8044,網家,10,0,10,元大-新盛,2023-09-27,9869
00882,中信中國高股息,9,0,9,元大-新盛,2023-09-27,9869
2634,漢翔,12,3,9,元大-新盛,2023-09-27,9869
2881,富邦金,8,0,8,元大-新盛,2023-09-27,9869
2344,華邦電,108,0,108,元大-新盛,2023-09-28,9869
3032,偉訓,140,37,103,元大-新盛,2023-09-28,9869
2002,中鋼,116,39,77,元大-新盛,2023-09-28,9869
1301,台塑,54,0,54,元大-新盛,2023-09-28,9869
2408,南亞科,59,6,53,元大-新盛,2023-09-28,9869
00712,復華富時不動產,52,0,52,元大-新盛,2023-09-28,9869
2206,三陽工業,62,10,52,元大-新盛,2023-09-28,9869
2201,裕隆,94,46,48,元大-新盛,2023-09-28,9869
3171,炎洲流通,48,0,48,元大-新盛,2023-09-28,9869
4306,炎洲,50,5,45,元大-新盛,2023-09-28,9869
2329,華泰,47,4,43,元大-新盛,2023-09-28,9869
3231,緯創,58,18,40,元大-新盛,2023-09-28,9869
5432,新門,40,1,39,元大-新盛,2023-09-28,9869
00857B,永豐20年美公債,38,0,38,元大-新盛,2023-09-28,9869
2610,華航,40,8,32,元大-新盛,2023-09-28,9869
4923,力士,31,2,29,元大-新盛,2023-09-28,9869
00931B,統一美債20年,27,0,27,元大-新盛,2023-09-28,9869
00688L,國泰20年美債正2,51,24,27,元大-新盛,2023-09-28,9869
1612,宏泰,31,5,26,元大-新盛,2023-09-28,9869
1584,精剛,33,10,23,元大-新盛,2023-09-28,9869
2316,楠梓電,29,6,23,元大-新盛,2023-09-28,9869
00929,復華台灣科技優息,48,25,23,元大-新盛,2023-09-28,9869
1303,南亞,22,0,22,元大-新盛,2023-09-28,9869
00679B,元大美債20年,21,0,21,元大-新盛,2023-09-28,9869
2888,新光金,50,30,20,元大-新盛,2023-09-28,9869
2020,美亞,20,0,20,元大-新盛,2023-09-28,9869
3622,洋華,20,0,20,元大-新盛,2023-09-28,9869
1905,華紙,20,3,17,元大-新盛,2023-09-28,9869
0050,元大台灣50,19,2,17,元大-新盛,2023-09-28,9869
00673R,期元大S＆P原油反1,15,0,15,元大-新盛,2023-09-28,9869
00687B,國泰20年美債,14,0,14,元大-新盛,2023-09-28,9869
2401,凌陽,14,0,14,元大-新盛,2023-09-28,9869
6792,詠業,14,0,14,元大-新盛,2023-09-28,9869
3058,立德,14,0,14,元大-新盛,2023-09-28,9869
2618,長榮航,40,27,13,元大-新盛,2023-09-28,9869
00751B,元大AAA至A公司債,13,0,13,元大-新盛,2023-09-28,9869
9904,寶成,13,0,13,元大-新盛,2023-09-28,9869
1605,華新,21,8,13,元大-新盛,2023-09-28,9869
1784,訊聯,13,0,13,元大-新盛,2023-09-28,9869
6655,科定,12,0,12,元大-新盛,2023-09-28,9869
3122,笙泉,32,21,11,元大-新盛,2023-09-28,9869
3036,文曄,44,33,11,元大-新盛,2023-09-28,9869
00720B,元大投資級公司債,22,11,11,元大-新盛,2023-09-28,9869
2883,凱基金,12,2,10,元大-新盛,2023-09-28,9869
0056,元大高股息,18,8,10,元大-新盛,2023-09-28,9869
2542,興富發,10,0,10,元大-新盛,2023-09-28,9869
3588,通嘉,11,1,10,元大-新盛,2023-09-28,9869
00921,兆豐龍頭等權重,10,0,10,元大-新盛,2023-09-28,9869
00919,群益台灣精選高息,12,2,10,元大-新盛,2023-09-28,9869
6274,台燿,20,11,9,元大-新盛,2023-09-28,9869
2344,華邦電,251,9,242,元大-新盛,2023-10-02,9869
2891,中信金,109,4,105,元大-新盛,2023-10-02,9869
00929,復華台灣科技優息,103,19,84,元大-新盛,2023-10-02,9869
2409,友達,72,5,67,元大-新盛,2023-10-02,9869
2618,長榮航,70,4,66,元大-新盛,2023-10-02,9869
1303,南亞,52,0,52,元大-新盛,2023-10-02,9869
00857B,永豐20年美公債,46,0,46,元大-新盛,2023-10-02,9869
2888,新光金,41,0,41,元大-新盛,2023-10-02,9869
1802,台玻,45,5,40,元大-新盛,2023-10-02,9869
00679B,元大美債20年,38,0,38,元大-新盛,2023-10-02,9869
00712,復華富時不動產,36,2,34,元大-新盛,2023-10-02,9869
6235,華孚,55,22,33,元大-新盛,2023-10-02,9869
2363,矽統,86,57,29,元大-新盛,2023-10-02,9869
00931B,統一美債20年,26,0,26,元大-新盛,2023-10-02,9869
2515,中工,30,5,25,元大-新盛,2023-10-02,9869
3617,碩天,43,19,24,元大-新盛,2023-10-02,9869
5483,中美晶,21,3,18,元大-新盛,2023-10-02,9869
00772B,中信高評級公司債,19,1,18,元大-新盛,2023-10-02,9869
00720B,元大投資級公司債,18,0,18,元大-新盛,2023-10-02,9869
2471,資通,18,1,17,元大-新盛,2023-10-02,9869
9105,泰金寶-DR,17,0,17,元大-新盛,2023-10-02,9869
3715,定穎投控,55,38,17,元大-新盛,2023-10-02,9869
2002,中鋼,32,16,16,元大-新盛,2023-10-02,9869
2884,玉山金,16,0,16,元大-新盛,2023-10-02,9869
3694,海華,16,0,16,元大-新盛,2023-10-02,9869
3264,欣銓,21,5,16,元大-新盛,2023-10-02,9869
1618,合機,25,10,15,元大-新盛,2023-10-02,9869
00673R,期元大S＆P原油反1,15,0,15,元大-新盛,2023-10-02,9869
00751B,元大AAA至A公司債,14,0,14,元大-新盛,2023-10-02,9869
3615,安可,14,0,14,元大-新盛,2023-10-02,9869
00687B,國泰20年美債,14,0,14,元大-新盛,2023-10-02,9869
2634,漢翔,16,2,14,元大-新盛,2023-10-02,9869
2402,毅嘉,19,5,14,元大-新盛,2023-10-02,9869
3481,群創,13,0,13,元大-新盛,2023-10-02,9869
3036,文曄,24,11,13,元大-新盛,2023-10-02,9869
5258,虹堡,16,3,13,元大-新盛,2023-10-02,9869
2887,台新金,12,0,12,元大-新盛,2023-10-02,9869
4944,兆遠,12,0,12,元大-新盛,2023-10-02,9869
3163,波若威,32,20,12,元大-新盛,2023-10-02,9869
00669R,國泰美國道瓊反1,12,0,12,元大-新盛,2023-10-02,9869
00878,國泰永續高股息,40,29,11,元大-新盛,2023-10-02,9869
1519,華城,18,7,11,元大-新盛,2023-10-02,9869
2615,萬海,15,4,11,元大-新盛,2023-10-02,9869
6213,聯茂,14,3,11,元大-新盛,2023-10-02,9869
1301,台塑,12,1,11,元大-新盛,2023-10-02,9869
00919,群益台灣精選高息,10,0,10,元大-新盛,2023-10-02,9869
9945,潤泰新,10,0,10,元大-新盛,2023-10-02,9869
2612,中航,10,0,10,元大-新盛,2023-10-02,9869
00885,富邦越南,19,9,10,元大-新盛,2023-10-02,9869
1529,樂事綠能,10,0,10,元大-新盛,2023-10-02,9869
0056,元大高股息,312,37,275,元大-新盛,2023-10-03,9869
00795B,中信美國公債20年,212,6,206,元大-新盛,2023-10-03,9869
2355,敬鵬,110,2,108,元大-新盛,2023-10-03,9869
00665L,富邦�琤肭磪囓�2,105,0,105,元大-新盛,2023-10-03,9869
00637L,元大滬深300正2,113,12,101,元大-新盛,2023-10-03,9869
2344,華邦電,105,6,99,元大-新盛,2023-10-03,9869
1815,富喬,125,33,92,元大-新盛,2023-10-03,9869
6442,光聖,95,14,81,元大-新盛,2023-10-03,9869
00687B,國泰20年美債,65,0,65,元大-新盛,2023-10-03,9869
2457,飛宏,58,6,52,元大-新盛,2023-10-03,9869
3231,緯創,88,37,51,元大-新盛,2023-10-03,9869
1314,中石化,52,1,51,元大-新盛,2023-10-03,9869
00712,復華富時不動產,46,2,44,元大-新盛,2023-10-03,9869
00882,中信中國高股息,48,4,44,元大-新盛,2023-10-03,9869
2634,漢翔,44,0,44,元大-新盛,2023-10-03,9869
3481,群創,67,29,38,元大-新盛,2023-10-03,9869
00919,群益台灣精選高息,38,2,36,元大-新盛,2023-10-03,9869
00753L,中信中國50正2,32,0,32,元大-新盛,2023-10-03,9869
2356,英業達,84,52,32,元大-新盛,2023-10-03,9869
00929,復華台灣科技優息,51,20,31,元大-新盛,2023-10-03,9869
00878,國泰永續高股息,31,0,31,元大-新盛,2023-10-03,9869
0050,元大台灣50,38,8,30,元大-新盛,2023-10-03,9869
1605,華新,30,0,30,元大-新盛,2023-10-03,9869
3013,晟銘電,51,21,30,元大-新盛,2023-10-03,9869
3264,欣銓,29,0,29,元大-新盛,2023-10-03,9869
6125,廣運,29,2,27,元大-新盛,2023-10-03,9869
00720B,元大投資級公司債,38,12,26,元大-新盛,2023-10-03,9869
3706,神達,28,3,25,元大-新盛,2023-10-03,9869
1532,勤美,25,0,25,元大-新盛,2023-10-03,9869
2615,萬海,26,2,24,元大-新盛,2023-10-03,9869
2388,威盛,41,19,22,元大-新盛,2023-10-03,9869
2888,新光金,33,11,22,元大-新盛,2023-10-03,9869
2515,中工,21,0,21,元大-新盛,2023-10-03,9869
2883,凱基金,20,0,20,元大-新盛,2023-10-03,9869
00893,國泰智能電動車,20,0,20,元大-新盛,2023-10-03,9869
00885,富邦越南,20,0,20,元大-新盛,2023-10-03,9869
00850,元大臺灣ESG永續,20,0,20,元大-新盛,2023-10-03,9869
2538,基泰,51,32,19,元大-新盛,2023-10-03,9869
00633L,富邦上証正2,18,0,18,元大-新盛,2023-10-03,9869
4979,華星光,23,5,18,元大-新盛,2023-10-03,9869
2371,大同,16,0,16,元大-新盛,2023-10-03,9869
00922,國泰台灣領袖50,16,1,15,元大-新盛,2023-10-03,9869
2530,華建,22,7,15,元大-新盛,2023-10-03,9869
2891,中信金,14,0,14,元大-新盛,2023-10-03,9869
1303,南亞,13,0,13,元大-新盛,2023-10-03,9869
3276,宇環,13,0,13,元大-新盛,2023-10-03,9869
4532,瑞智,15,2,13,元大-新盛,2023-10-03,9869
2427,三商電,23,10,13,元大-新盛,2023-10-03,9869
5426,振發,16,3,13,元大-新盛,2023-10-03,9869
00655L,國泰中國A50正2,12,0,12,元大-新盛,2023-10-03,9869
00637L,元大滬深300正2,320,67,253,元大-新盛,2023-10-04,9869
2303,聯電,249,1,248,元大-新盛,2023-10-04,9869
1301,台塑,108,0,108,元大-新盛,2023-10-04,9869
2014,中鴻,103,1,102,元大-新盛,2023-10-04,9869
1314,中石化,102,0,102,元大-新盛,2023-10-04,9869
0056,元大高股息,134,49,85,元大-新盛,2023-10-04,9869
00679B,元大美債20年,80,1,79,元大-新盛,2023-10-04,9869
00712,復華富時不動產,64,0,64,元大-新盛,2023-10-04,9869
2883,凱基金,64,1,63,元大-新盛,2023-10-04,9869
2329,華泰,62,4,58,元大-新盛,2023-10-04,9869
2892,第一金,57,0,57,元大-新盛,2023-10-04,9869
00929,復華台灣科技優息,55,0,55,元大-新盛,2023-10-04,9869
4306,炎洲,50,0,50,元大-新盛,2023-10-04,9869
2409,友達,98,51,47,元大-新盛,2023-10-04,9869
00882,中信中國高股息,46,1,45,元大-新盛,2023-10-04,9869
00919,群益台灣精選高息,48,5,43,元大-新盛,2023-10-04,9869
2888,新光金,40,0,40,元大-新盛,2023-10-04,9869
00922,國泰台灣領袖50,37,2,35,元大-新盛,2023-10-04,9869
1909,榮成,35,0,35,元大-新盛,2023-10-04,9869
2408,南亞科,45,10,35,元大-新盛,2023-10-04,9869
1216,統一,35,0,35,元大-新盛,2023-10-04,9869
2427,三商電,43,10,33,元大-新盛,2023-10-04,9869
1303,南亞,32,0,32,元大-新盛,2023-10-04,9869
2538,基泰,78,47,31,元大-新盛,2023-10-04,9869
2323,中環,31,0,31,元大-新盛,2023-10-04,9869
2891,中信金,30,0,30,元大-新盛,2023-10-04,9869
00893,國泰智能電動車,30,0,30,元大-新盛,2023-10-04,9869
2887,台新金,30,0,30,元大-新盛,2023-10-04,9869
2421,建準,33,6,27,元大-新盛,2023-10-04,9869
3105,穩懋,27,2,25,元大-新盛,2023-10-04,9869
00641R,富邦日本反1,24,0,24,元大-新盛,2023-10-04,9869
2317,鴻海,26,3,23,元大-新盛,2023-10-04,9869
2344,華邦電,24,1,23,元大-新盛,2023-10-04,9869
00680L,元大美債20正2,28,5,23,元大-新盛,2023-10-04,9869
6770,力積電,26,5,21,元大-新盛,2023-10-04,9869
2515,中工,21,0,21,元大-新盛,2023-10-04,9869
3264,欣銓,32,11,21,元大-新盛,2023-10-04,9869
1605,華新,22,1,21,元大-新盛,2023-10-04,9869
4944,兆遠,20,0,20,元大-新盛,2023-10-04,9869
00690,兆豐藍籌30,20,0,20,元大-新盛,2023-10-04,9869
00664R,國泰臺灣加權反1,20,0,20,元大-新盛,2023-10-04,9869
2641,正德,20,1,19,元大-新盛,2023-10-04,9869
00878,國泰永續高股息,34,15,19,元大-新盛,2023-10-04,9869
2882,國泰金,17,0,17,元大-新盛,2023-10-04,9869
9945,潤泰新,16,0,16,元大-新盛,2023-10-04,9869
2405,輔信,22,6,16,元大-新盛,2023-10-04,9869
00857B,永豐20年美公債,15,0,15,元大-新盛,2023-10-04,9869
1815,富喬,21,6,15,元大-新盛,2023-10-04,9869
2884,玉山金,18,3,15,元大-新盛,2023-10-04,9869
3231,緯創,36,22,14,元大-新盛,2023-10-04,9869
00712,復華富時不動產,135,0,135,元大-新盛,2023-10-05,9869
2538,基泰,150,46,104,元大-新盛,2023-10-05,9869
00665L,富邦�琤肭磪囓�2,200,100,100,元大-新盛,2023-10-05,9869
00919,群益台灣精選高息,54,1,53,元大-新盛,2023-10-05,9869
6122,擎邦,50,7,43,元大-新盛,2023-10-05,9869
1815,富喬,66,24,42,元大-新盛,2023-10-05,9869
00772B,中信高評級公司債,41,1,40,元大-新盛,2023-10-05,9869
3234,光環,35,4,31,元大-新盛,2023-10-05,9869
00751B,元大AAA至A公司債,30,0,30,元大-新盛,2023-10-05,9869
1909,榮成,30,0,30,元大-新盛,2023-10-05,9869
3231,緯創,79,52,27,元大-新盛,2023-10-05,9869
2409,友達,106,80,26,元大-新盛,2023-10-05,9869
1101,台泥,22,0,22,元大-新盛,2023-10-05,9869
00671R,富邦NASDAQ反1,21,0,21,元大-新盛,2023-10-05,9869
5381,合正,23,2,21,元大-新盛,2023-10-05,9869
2427,三商電,21,1,20,元大-新盛,2023-10-05,9869
5512,力麒,40,20,20,元大-新盛,2023-10-05,9869
1305,華夏,16,0,16,元大-新盛,2023-10-05,9869
3715,定穎投控,83,67,16,元大-新盛,2023-10-05,9869
1618,合機,19,4,15,元大-新盛,2023-10-05,9869
2323,中環,26,11,15,元大-新盛,2023-10-05,9869
00888,永豐台灣ESG,15,0,15,元大-新盛,2023-10-05,9869
1324,地球,15,0,15,元大-新盛,2023-10-05,9869
00878,國泰永續高股息,17,3,14,元大-新盛,2023-10-05,9869
00881,國泰台灣5G+,20,7,13,元大-新盛,2023-10-05,9869
1568,倉佑,13,0,13,元大-新盛,2023-10-05,9869
3056,富華新,12,0,12,元大-新盛,2023-10-05,9869
3567,逸昌,13,1,12,元大-新盛,2023-10-05,9869
2891,中信金,17,6,11,元大-新盛,2023-10-05,9869
00679B,元大美債20年,28,16,12,元大-新盛,2023-10-05,9869
1326,台化,12,1,11,元大-新盛,2023-10-05,9869
3264,欣銓,31,20,11,元大-新盛,2023-10-05,9869
2359,所羅門,13,2,11,元大-新盛,2023-10-05,9869
6266,泰詠,11,0,11,元大-新盛,2023-10-05,9869
2888,新光金,10,0,10,元大-新盛,2023-10-05,9869
4979,華星光,21,11,10,元大-新盛,2023-10-05,9869
6104,創惟,10,0,10,元大-新盛,2023-10-05,9869
9928,中視,10,0,10,元大-新盛,2023-10-05,9869
1612,宏泰,15,5,10,元大-新盛,2023-10-05,9869
2542,興富發,9,0,9,元大-新盛,2023-10-05,9869
8068,全達,10,1,9,元大-新盛,2023-10-05,9869
2883,凱基金,11,3,8,元大-新盛,2023-10-05,9869
2105,正新,8,0,8,元大-新盛,2023-10-05,9869
6727,亞泰金屬,8,0,8,元大-新盛,2023-10-05,9869
1785,光洋科,8,0,8,元大-新盛,2023-10-05,9869
6550,北極星藥業-KY,8,0,8,元大-新盛,2023-10-05,9869
3044,健鼎,9,1,8,元大-新盛,2023-10-05,9869
8996,高力,11,4,7,元大-新盛,2023-10-05,9869
3596,智易,11,4,7,元大-新盛,2023-10-05,9869
3694,海華,9,2,7,元大-新盛,2023-10-05,9869
2618,長榮航,263,170,93,元大-新盛,2023-10-06,9869
2515,中工,90,0,90,元大-新盛,2023-10-06,9869
00720B,元大投資級公司債,62,0,62,元大-新盛,2023-10-06,9869
00632R,元大台灣50反1,62,0,62,元大-新盛,2023-10-06,9869
00929,復華台灣科技優息,56,0,56,元大-新盛,2023-10-06,9869
4306,炎洲,53,0,53,元大-新盛,2023-10-06,9869
9105,泰金寶-DR,47,0,47,元大-新盛,2023-10-06,9869
2363,矽統,89,46,43,元大-新盛,2023-10-06,9869
0056,元大高股息,69,27,42,元大-新盛,2023-10-06,9869
00706L,期元大S＆P日圓正2,37,0,37,元大-新盛,2023-10-06,9869
2409,友達,37,0,37,元大-新盛,2023-10-06,9869
2538,基泰,36,6,30,元大-新盛,2023-10-06,9869
6547,高端疫苗,36,6,30,元大-新盛,2023-10-06,9869
3276,宇環,32,4,28,元大-新盛,2023-10-06,9869
3481,群創,43,16,27,元大-新盛,2023-10-06,9869
3231,緯創,108,82,26,元大-新盛,2023-10-06,9869
3260,威剛,45,23,22,元大-新盛,2023-10-06,9869
6156,松上,24,2,22,元大-新盛,2023-10-06,9869
2329,華泰,36,15,21,元大-新盛,2023-10-06,9869
5907,大洋-KY,20,0,20,元大-新盛,2023-10-06,9869
2303,聯電,25,5,20,元大-新盛,2023-10-06,9869
8093,保銳,20,1,19,元大-新盛,2023-10-06,9869
3325,旭品,42,25,17,元大-新盛,2023-10-06,9869
3105,穩懋,19,2,17,元大-新盛,2023-10-06,9869
00646,元大S＆P500,18,1,17,元大-新盛,2023-10-06,9869
2883,凱基金,19,2,17,元大-新盛,2023-10-06,9869
0050,元大台灣50,26,9,17,元大-新盛,2023-10-06,9869
1609,大亞,21,5,16,元大-新盛,2023-10-06,9869
2354,鴻準,21,5,16,元大-新盛,2023-10-06,9869
1442,名軒,15,0,15,元大-新盛,2023-10-06,9869
6266,泰詠,15,0,15,元大-新盛,2023-10-06,9869
6147,頎邦,14,0,14,元大-新盛,2023-10-06,9869
2530,華建,15,1,14,元大-新盛,2023-10-06,9869
00857B,永豐20年美公債,14,0,14,元大-新盛,2023-10-06,9869
2886,兆豐金,12,0,12,元大-新盛,2023-10-06,9869
6901,鑽石投資,14,2,12,元大-新盛,2023-10-06,9869
2610,華航,13,2,11,元大-新盛,2023-10-06,9869
00680L,元大美債20正2,11,0,11,元大-新盛,2023-10-06,9869
00715L,期街口布蘭特正2,13,2,11,元大-新盛,2023-10-06,9869
1303,南亞,21,10,11,元大-新盛,2023-10-06,9869
00679B,元大美債20年,11,0,11,元大-新盛,2023-10-06,9869
00919,群益台灣精選高息,18,7,11,元大-新盛,2023-10-06,9869
6550,北極星藥業-KY,10,0,10,元大-新盛,2023-10-06,9869
6138,茂達,10,0,10,元大-新盛,2023-10-06,9869
1612,宏泰,10,0,10,元大-新盛,2023-10-06,9869
5309,系統電,10,0,10,元大-新盛,2023-10-06,9869
6416,瑞祺電通,11,1,10,元大-新盛,2023-10-06,9869
8069,元太,10,0,10,元大-新盛,2023-10-06,9869
2468,華經,50,41,9,元大-新盛,2023-10-06,9869
5223,安力-KY,9,0,9,元大-新盛,2023-10-06,9869
2618,長榮航,245,79,166,元大-新盛,2023-10-11,9869
3231,緯創,190,103,87,元大-新盛,2023-10-11,9869
3032,偉訓,81,10,71,元大-新盛,2023-10-11,9869
00919,群益台灣精選高息,61,0,61,元大-新盛,2023-10-11,9869
00637L,元大滬深300正2,53,8,45,元大-新盛,2023-10-11,9869
2609,陽明,55,19,36,元大-新盛,2023-10-11,9869
1305,華夏,35,0,35,元大-新盛,2023-10-11,9869
3481,群創,47,15,32,元大-新盛,2023-10-11,9869
2887,台新金,40,10,30,元大-新盛,2023-10-11,9869
1101,台泥,29,0,29,元大-新盛,2023-10-11,9869
1616,億泰,26,0,26,元大-新盛,2023-10-11,9869
1519,華城,39,13,26,元大-新盛,2023-10-11,9869
9105,泰金寶-DR,34,10,24,元大-新盛,2023-10-11,9869
2382,廣達,36,16,20,元大-新盛,2023-10-11,9869
6443,元晶,21,1,20,元大-新盛,2023-10-11,9869
4532,瑞智,40,20,20,元大-新盛,2023-10-11,9869
8358,金居,20,0,20,元大-新盛,2023-10-11,9869
2328,廣宇,22,4,18,元大-新盛,2023-10-11,9869
6197,佳必琪,24,6,18,元大-新盛,2023-10-11,9869
00751B,元大AAA至A公司債,38,20,18,元大-新盛,2023-10-11,9869
00664R,國泰臺灣加權反1,18,0,18,元大-新盛,2023-10-11,9869
4953,緯軟,18,0,18,元大-新盛,2023-10-11,9869
2498,宏達電,17,0,17,元大-新盛,2023-10-11,9869
3715,定穎投控,52,35,17,元大-新盛,2023-10-11,9869
00712,復華富時不動產,19,3,16,元大-新盛,2023-10-11,9869
6752,叡揚,16,0,16,元大-新盛,2023-10-11,9869
2356,英業達,25,10,15,元大-新盛,2023-10-11,9869
3042,晶技,15,0,15,元大-新盛,2023-10-11,9869
2363,矽統,95,80,15,元大-新盛,2023-10-11,9869
6282,康舒,18,4,14,元大-新盛,2023-10-11,9869
00929,復華台灣科技優息,15,2,13,元大-新盛,2023-10-11,9869
2020,美亞,13,1,12,元大-新盛,2023-10-11,9869
2543,皇昌,12,0,12,元大-新盛,2023-10-11,9869
1474,弘裕,12,0,12,元大-新盛,2023-10-11,9869
3019,亞光,12,0,12,元大-新盛,2023-10-11,9869
3122,笙泉,16,4,12,元大-新盛,2023-10-11,9869
3260,威剛,18,7,11,元大-新盛,2023-10-11,9869
1514,亞力,14,3,11,元大-新盛,2023-10-11,9869
1584,精剛,11,0,11,元大-新盛,2023-10-11,9869
1727,中華化,11,0,11,元大-新盛,2023-10-11,9869
00772B,中信高評級公司債,23,12,11,元大-新盛,2023-10-11,9869
1442,名軒,10,0,10,元大-新盛,2023-10-11,9869
00932,兆豐永續高息等權,10,0,10,元大-新盛,2023-10-11,9869
2371,大同,10,0,10,元大-新盛,2023-10-11,9869
3484,崧騰,10,0,10,元大-新盛,2023-10-11,9869
1802,台玻,10,0,10,元大-新盛,2023-10-11,9869
5392,能率,10,0,10,元大-新盛,2023-10-11,9869
6173,信昌電,10,0,10,元大-新盛,2023-10-11,9869
2002,中鋼,10,1,9,元大-新盛,2023-10-11,9869
5469,瀚宇博,10,1,9,元大-新盛,2023-10-11,9869
2409,友達,158,16,142,元大-新盛,2023-10-12,9869
2401,凌陽,117,0,117,元大-新盛,2023-10-12,9869
6274,台燿,108,5,103,元大-新盛,2023-10-12,9869
2867,三商壽,98,0,98,元大-新盛,2023-10-12,9869
0056,元大高股息,113,47,66,元大-新盛,2023-10-12,9869
6122,擎邦,61,4,57,元大-新盛,2023-10-12,9869
2457,飛宏,50,2,48,元大-新盛,2023-10-12,9869
2313,華通,54,7,47,元大-新盛,2023-10-12,9869
3264,欣銓,37,0,37,元大-新盛,2023-10-12,9869
2352,佳世達,35,1,34,元大-新盛,2023-10-12,9869
3227,原相,32,0,32,元大-新盛,2023-10-12,9869
2421,建準,35,4,31,元大-新盛,2023-10-12,9869
9950,萬國通,31,0,31,元大-新盛,2023-10-12,9869
1802,台玻,30,0,30,元大-新盛,2023-10-12,9869
00679B,元大美債20年,34,4,30,元大-新盛,2023-10-12,9869
6158,禾昌,28,0,28,元大-新盛,2023-10-12,9869
3032,偉訓,30,2,28,元大-新盛,2023-10-12,9869
2408,南亞科,39,12,27,元大-新盛,2023-10-12,9869
2323,中環,36,10,26,元大-新盛,2023-10-12,9869
0050,元大台灣50,48,23,25,元大-新盛,2023-10-12,9869
2363,矽統,242,219,23,元大-新盛,2023-10-12,9869
3017,奇鋐,23,3,20,元大-新盛,2023-10-12,9869
3481,群創,39,19,20,元大-新盛,2023-10-12,9869
2516,新建,20,0,20,元大-新盛,2023-10-12,9869
00708L,期元大S＆P黃金正2,18,0,18,元大-新盛,2023-10-12,9869
3706,神達,19,2,17,元大-新盛,2023-10-12,9869
00646,元大S＆P500,19,4,15,元大-新盛,2023-10-12,9869
3078,僑威,27,12,15,元大-新盛,2023-10-12,9869
2427,三商電,16,1,15,元大-新盛,2023-10-12,9869
00929,復華台灣科技優息,15,0,15,元大-新盛,2023-10-12,9869
6451,訊芯-KY,13,1,12,元大-新盛,2023-10-12,9869
2382,廣達,32,20,12,元大-新盛,2023-10-12,9869
3189,景碩,16,5,11,元大-新盛,2023-10-12,9869
1455,集盛,11,0,11,元大-新盛,2023-10-12,9869
00919,群益台灣精選高息,16,5,11,元大-新盛,2023-10-12,9869
2630,亞航,11,1,10,元大-新盛,2023-10-12,9869
3202,樺晟,10,0,10,元大-新盛,2023-10-12,9869
00688L,國泰20年美債正2,10,0,10,元大-新盛,2023-10-12,9869
1215,卜蜂,10,0,10,元大-新盛,2023-10-12,9869
5511,德昌,10,0,10,元大-新盛,2023-10-12,9869
00882,中信中國高股息,21,11,10,元大-新盛,2023-10-12,9869
00751B,元大AAA至A公司債,9,0,9,元大-新盛,2023-10-12,9869
2316,楠梓電,10,1,9,元大-新盛,2023-10-12,9869
1409,新纖,9,0,9,元大-新盛,2023-10-12,9869
5009,榮剛,9,1,8,元大-新盛,2023-10-12,9869
2388,威盛,16,8,8,元大-新盛,2023-10-12,9869
6752,叡揚,8,0,8,元大-新盛,2023-10-12,9869
5225,東科-KY,8,0,8,元大-新盛,2023-10-12,9869
2360,致茂,7,0,7,元大-新盛,2023-10-12,9869
2539,櫻花建,7,0,7,元大-新盛,2023-10-12,9869
00665L,富邦�琤肭磪囓�2,200,0,200,元大-新盛,2023-10-13,9869
0056,元大高股息,136,27,109,元大-新盛,2023-10-13,9869
00919,群益台灣精選高息,100,0,100,元大-新盛,2023-10-13,9869
00631L,元大台灣50正2,89,1,88,元大-新盛,2023-10-13,9869
00637L,元大滬深300正2,66,0,66,元大-新盛,2023-10-13,9869
2618,長榮航,91,28,63,元大-新盛,2023-10-13,9869
00878,國泰永續高股息,52,0,52,元大-新盛,2023-10-13,9869
1609,大亞,48,0,48,元大-新盛,2023-10-13,9869
2883,凱基金,50,10,40,元大-新盛,2023-10-13,9869
3231,緯創,54,17,37,元大-新盛,2023-10-13,9869
1314,中石化,47,10,37,元大-新盛,2023-10-13,9869
2610,華航,37,2,35,元大-新盛,2023-10-13,9869
1442,名軒,35,0,35,元大-新盛,2023-10-13,9869
6005,群益證,32,0,32,元大-新盛,2023-10-13,9869
3006,晶豪科,45,13,32,元大-新盛,2023-10-13,9869
1513,中興電,36,5,31,元大-新盛,2023-10-13,9869
3062,建漢,39,10,29,元大-新盛,2023-10-13,9869
2530,華建,25,0,25,元大-新盛,2023-10-13,9869
00772B,中信高評級公司債,24,0,24,元大-新盛,2023-10-13,9869
2388,威盛,43,20,23,元大-新盛,2023-10-13,9869
2329,華泰,25,2,23,元大-新盛,2023-10-13,9869
3276,宇環,28,6,22,元大-新盛,2023-10-13,9869
2382,廣達,45,23,22,元大-新盛,2023-10-13,9869
1815,富喬,28,7,21,元大-新盛,2023-10-13,9869
3483,力致,36,15,21,元大-新盛,2023-10-13,9869
2421,建準,21,1,20,元大-新盛,2023-10-13,9869
2884,玉山金,18,0,18,元大-新盛,2023-10-13,9869
3715,定穎投控,70,52,18,元大-新盛,2023-10-13,9869
00632R,元大台灣50反1,27,10,17,元大-新盛,2023-10-13,9869
1603,華電,19,2,17,元大-新盛,2023-10-13,9869
00687B,國泰20年美債,16,0,16,元大-新盛,2023-10-13,9869
6266,泰詠,15,0,15,元大-新盛,2023-10-13,9869
2886,兆豐金,16,1,15,元大-新盛,2023-10-13,9869
1471,首利,15,0,15,元大-新盛,2023-10-13,9869
6125,廣運,16,1,15,元大-新盛,2023-10-13,9869
00633L,富邦上証正2,14,0,14,元大-新盛,2023-10-13,9869
00713,元大台灣高息低波,13,0,13,元大-新盛,2023-10-13,9869
6505,台塑化,13,0,13,元大-新盛,2023-10-13,9869
1905,華紙,17,4,13,元大-新盛,2023-10-13,9869
00712,復華富時不動產,14,1,13,元大-新盛,2023-10-13,9869
00929,復華台灣科技優息,22,10,12,元大-新盛,2023-10-13,9869
9950,萬國通,28,16,12,元大-新盛,2023-10-13,9869
1788,杏昌,10,0,10,元大-新盛,2023-10-13,9869
1305,華夏,10,0,10,元大-新盛,2023-10-13,9869
3013,晟銘電,10,0,10,元大-新盛,2023-10-13,9869
1326,台化,10,0,10,元大-新盛,2023-10-13,9869
1319,東陽,13,3,10,元大-新盛,2023-10-13,9869
5353,台林,10,0,10,元大-新盛,2023-10-13,9869
00650L,復華香港正2,10,0,10,元大-新盛,2023-10-13,9869
00679B,元大美債20年,11,1,10,元大-新盛,2023-10-13,9869
00637L,元大滬深300正2,277,5,272,元大-新盛,2023-10-16,9869
2344,華邦電,199,29,170,元大-新盛,2023-10-16,9869
2618,長榮航,134,16,118,元大-新盛,2023-10-16,9869
0056,元大高股息,159,52,107,元大-新盛,2023-10-16,9869
00772B,中信高評級公司債,85,0,85,元大-新盛,2023-10-16,9869
2515,中工,94,27,67,元大-新盛,2023-10-16,9869
00929,復華台灣科技優息,96,31,65,元大-新盛,2023-10-16,9869
3704,合勤控,51,1,50,元大-新盛,2023-10-16,9869
00919,群益台灣精選高息,50,6,44,元大-新盛,2023-10-16,9869
2516,新建,40,5,35,元大-新盛,2023-10-16,9869
3032,偉訓,37,3,34,元大-新盛,2023-10-16,9869
4532,瑞智,37,10,27,元大-新盛,2023-10-16,9869
2731,雄獅,23,0,23,元大-新盛,2023-10-16,9869
2356,英業達,24,1,23,元大-新盛,2023-10-16,9869
5347,世界,24,3,21,元大-新盛,2023-10-16,9869
2369,菱生,21,0,21,元大-新盛,2023-10-16,9869
3189,景碩,21,0,21,元大-新盛,2023-10-16,9869
00900,富邦特選高股息30,20,0,20,元大-新盛,2023-10-16,9869
6577,勁豐,20,0,20,元大-新盛,2023-10-16,9869
3481,群創,30,11,19,元大-新盛,2023-10-16,9869
00712,復華富時不動產,19,0,19,元大-新盛,2023-10-16,9869
0061,元大寶滬深,18,0,18,元大-新盛,2023-10-16,9869
2337,旺宏,18,0,18,元大-新盛,2023-10-16,9869
00751B,元大AAA至A公司債,18,1,17,元大-新盛,2023-10-16,9869
00720B,元大投資級公司債,17,0,17,元大-新盛,2023-10-16,9869
2338,光罩,18,1,17,元大-新盛,2023-10-16,9869
3694,海華,16,0,16,元大-新盛,2023-10-16,9869
6235,華孚,25,9,16,元大-新盛,2023-10-16,9869
2388,威盛,19,4,15,元大-新盛,2023-10-16,9869
3042,晶技,16,1,15,元大-新盛,2023-10-16,9869
2498,宏達電,14,0,14,元大-新盛,2023-10-16,9869
2409,友達,18,4,14,元大-新盛,2023-10-16,9869
8996,高力,18,4,14,元大-新盛,2023-10-16,9869
1605,華新,15,1,14,元大-新盛,2023-10-16,9869
6282,康舒,14,0,14,元大-新盛,2023-10-16,9869
4306,炎洲,15,1,14,元大-新盛,2023-10-16,9869
1609,大亞,14,0,14,元大-新盛,2023-10-16,9869
2324,仁寶,15,1,14,元大-新盛,2023-10-16,9869
2449,京元電子,17,4,13,元大-新盛,2023-10-16,9869
2419,仲琦,13,0,13,元大-新盛,2023-10-16,9869
2630,亞航,13,0,13,元大-新盛,2023-10-16,9869
2816,旺旺保,12,0,12,元大-新盛,2023-10-16,9869
2405,輔信,12,0,12,元大-新盛,2023-10-16,9869
1785,光洋科,19,7,12,元大-新盛,2023-10-16,9869
6288,聯嘉,11,0,11,元大-新盛,2023-10-16,9869
5258,虹堡,13,2,11,元大-新盛,2023-10-16,9869
1101,台泥,10,0,10,元大-新盛,2023-10-16,9869
00679B,元大美債20年,13,3,10,元大-新盛,2023-10-16,9869
3702,大聯大,10,0,10,元大-新盛,2023-10-16,9869
8069,元太,11,1,10,元大-新盛,2023-10-16,9869
00772B,中信高評級公司債,158,0,158,元大-新盛,2023-10-17,9869
00878,國泰永續高股息,68,3,65,元大-新盛,2023-10-17,9869
2618,長榮航,89,30,59,元大-新盛,2023-10-17,9869
0056,元大高股息,274,223,51,元大-新盛,2023-10-17,9869
3227,原相,52,5,47,元大-新盛,2023-10-17,9869
00929,復華台灣科技優息,93,50,43,元大-新盛,2023-10-17,9869
2498,宏達電,46,3,43,元大-新盛,2023-10-17,9869
2352,佳世達,56,14,42,元大-新盛,2023-10-17,9869
2421,建準,34,1,33,元大-新盛,2023-10-17,9869
6438,迅得,30,0,30,元大-新盛,2023-10-17,9869
3483,力致,32,3,29,元大-新盛,2023-10-17,9869
1905,華紙,30,1,29,元大-新盛,2023-10-17,9869
3006,晶豪科,40,13,27,元大-新盛,2023-10-17,9869
00751B,元大AAA至A公司債,25,0,25,元大-新盛,2023-10-17,9869
00900,富邦特選高股息30,26,2,24,元大-新盛,2023-10-17,9869
3078,僑威,29,5,24,元大-新盛,2023-10-17,9869
0050,元大台灣50,43,20,23,元大-新盛,2023-10-17,9869
3481,群創,36,14,22,元大-新盛,2023-10-17,9869
2610,華航,28,7,21,元大-新盛,2023-10-17,9869
00679B,元大美債20年,22,1,21,元大-新盛,2023-10-17,9869
2634,漢翔,23,2,21,元大-新盛,2023-10-17,9869
2888,新光金,26,5,21,元大-新盛,2023-10-17,9869
020039,元大加權N,19,0,19,元大-新盛,2023-10-17,9869
2408,南亞科,29,10,19,元大-新盛,2023-10-17,9869
00857B,永豐20年美公債,19,0,19,元大-新盛,2023-10-17,9869
2355,敬鵬,17,0,17,元大-新盛,2023-10-17,9869
2105,正新,16,0,16,元大-新盛,2023-10-17,9869
00687B,國泰20年美債,15,0,15,元大-新盛,2023-10-17,9869
2530,華建,27,12,15,元大-新盛,2023-10-17,9869
5258,虹堡,15,1,14,元大-新盛,2023-10-17,9869
2887,台新金,14,0,14,元大-新盛,2023-10-17,9869
5009,榮剛,13,0,13,元大-新盛,2023-10-17,9869
2316,楠梓電,13,0,13,元大-新盛,2023-10-17,9869
00646,元大S＆P500,17,4,13,元大-新盛,2023-10-17,9869
2401,凌陽,29,16,13,元大-新盛,2023-10-17,9869
2449,京元電子,24,11,13,元大-新盛,2023-10-17,9869
4916,事欣科,12,0,12,元大-新盛,2023-10-17,9869
2331,精英,13,2,11,元大-新盛,2023-10-17,9869
00715L,期街口布蘭特正2,11,0,11,元大-新盛,2023-10-17,9869
2465,麗臺,13,2,11,元大-新盛,2023-10-17,9869
6494,九齊,11,0,11,元大-新盛,2023-10-17,9869
1519,華城,15,5,10,元大-新盛,2023-10-17,9869
2425,承啟,40,30,10,元大-新盛,2023-10-17,9869
00788B,元大10年IG電能債,10,0,10,元大-新盛,2023-10-17,9869
00753L,中信中國50正2,10,0,10,元大-新盛,2023-10-17,9869
00726B,國泰新興投等債,10,0,10,元大-新盛,2023-10-17,9869
8271,宇瞻,10,0,10,元大-新盛,2023-10-17,9869
4944,兆遠,10,0,10,元大-新盛,2023-10-17,9869
00931B,統一美債20年,10,0,10,元大-新盛,2023-10-17,9869
1609,大亞,10,0,10,元大-新盛,2023-10-17,9869
0056,元大高股息,303,44,259,元大-新盛,2023-10-18,9869
00878,國泰永續高股息,216,6,210,元大-新盛,2023-10-18,9869
00922,國泰台灣領袖50,185,0,185,元大-新盛,2023-10-18,9869
00929,復華台灣科技優息,171,11,160,元大-新盛,2023-10-18,9869
2888,新光金,68,0,68,元大-新盛,2023-10-18,9869
00919,群益台灣精選高息,88,31,57,元大-新盛,2023-10-18,9869
00679B,元大美債20年,46,6,40,元大-新盛,2023-10-18,9869
2530,華建,34,0,34,元大-新盛,2023-10-18,9869
1101,台泥,43,9,34,元大-新盛,2023-10-18,9869
2337,旺宏,34,1,33,元大-新盛,2023-10-18,9869
00888,永豐台灣ESG,32,0,32,元大-新盛,2023-10-18,9869
1314,中石化,36,4,32,元大-新盛,2023-10-18,9869
00687B,國泰20年美債,31,0,31,元大-新盛,2023-10-18,9869
00642U,期元大S＆P石油,32,2,30,元大-新盛,2023-10-18,9869
2354,鴻準,30,0,30,元大-新盛,2023-10-18,9869
6237,驊訊,36,6,30,元大-新盛,2023-10-18,9869
00772B,中信高評級公司債,29,0,29,元大-新盛,2023-10-18,9869
2421,建準,45,16,29,元大-新盛,2023-10-18,9869
3041,揚智,38,11,27,元大-新盛,2023-10-18,9869
00751B,元大AAA至A公司債,22,0,22,元大-新盛,2023-10-18,9869
00885,富邦越南,22,0,22,元大-新盛,2023-10-18,9869
00895,富邦未來車,22,0,22,元大-新盛,2023-10-18,9869
020039,元大加權N,22,0,22,元大-新盛,2023-10-18,9869
4306,炎洲,22,1,21,元大-新盛,2023-10-18,9869
2002,中鋼,20,0,20,元大-新盛,2023-10-18,9869
9928,中視,20,0,20,元大-新盛,2023-10-18,9869
3483,力致,21,2,19,元大-新盛,2023-10-18,9869
3447,展達,19,0,19,元大-新盛,2023-10-18,9869
1309,台達化,18,0,18,元大-新盛,2023-10-18,9869
1528,恩德,17,0,17,元大-新盛,2023-10-18,9869
00931B,統一美債20年,17,0,17,元大-新盛,2023-10-18,9869
00712,復華富時不動產,20,4,16,元大-新盛,2023-10-18,9869
1711,永光,16,0,16,元大-新盛,2023-10-18,9869
2204,中華,19,3,16,元大-新盛,2023-10-18,9869
00720B,元大投資級公司債,16,0,16,元大-新盛,2023-10-18,9869
2317,鴻海,16,1,15,元大-新盛,2023-10-18,9869
2233,宇隆,15,0,15,元大-新盛,2023-10-18,9869
00857B,永豐20年美公債,15,0,15,元大-新盛,2023-10-18,9869
1802,台玻,15,0,15,元大-新盛,2023-10-18,9869
00673R,期元大S＆P原油反1,15,0,15,元大-新盛,2023-10-18,9869
6173,信昌電,15,0,15,元大-新盛,2023-10-18,9869
3042,晶技,16,2,14,元大-新盛,2023-10-18,9869
1303,南亞,13,0,13,元大-新盛,2023-10-18,9869
4532,瑞智,13,0,13,元大-新盛,2023-10-18,9869
00671R,富邦NASDAQ反1,13,0,13,元大-新盛,2023-10-18,9869
00905,FT臺灣Smart,13,0,13,元大-新盛,2023-10-18,9869
1605,華新,15,2,13,元大-新盛,2023-10-18,9869
3013,晟銘電,16,3,13,元大-新盛,2023-10-18,9869
2476,鉅祥,13,0,13,元大-新盛,2023-10-18,9869
6770,力積電,15,3,12,元大-新盛,2023-10-18,9869
2618,長榮航,771,16,755,元大-新盛,2023-10-19,9869
00878,國泰永續高股息,584,43,541,元大-新盛,2023-10-19,9869
2303,聯電,359,86,273,元大-新盛,2023-10-19,9869
0056,元大高股息,249,19,230,元大-新盛,2023-10-19,9869
00637L,元大滬深300正2,149,6,143,元大-新盛,2023-10-19,9869
4306,炎洲,166,28,138,元大-新盛,2023-10-19,9869
2344,華邦電,103,5,98,元大-新盛,2023-10-19,9869
00720B,元大投資級公司債,76,0,76,元大-新盛,2023-10-19,9869
3545,敦泰,68,4,64,元大-新盛,2023-10-19,9869
00632R,元大台灣50反1,60,5,55,元大-新盛,2023-10-19,9869
6158,禾昌,65,10,55,元大-新盛,2023-10-19,9869
3034,聯詠,52,1,51,元大-新盛,2023-10-19,9869
00929,復華台灣科技優息,54,7,47,元大-新盛,2023-10-19,9869
00772B,中信高評級公司債,45,0,45,元大-新盛,2023-10-19,9869
1101,台泥,47,3,44,元大-新盛,2023-10-19,9869
2317,鴻海,40,1,39,元大-新盛,2023-10-19,9869
2369,菱生,38,1,37,元大-新盛,2023-10-19,9869
00919,群益台灣精選高息,40,5,35,元大-新盛,2023-10-19,9869
00712,復華富時不動產,34,0,34,元大-新盛,2023-10-19,9869
00655L,國泰中國A50正2,31,0,31,元大-新盛,2023-10-19,9869
1442,名軒,30,0,30,元大-新盛,2023-10-19,9869
00680L,元大美債20正2,30,0,30,元大-新盛,2023-10-19,9869
3447,展達,28,0,28,元大-新盛,2023-10-19,9869
2891,中信金,24,1,23,元大-新盛,2023-10-19,9869
1524,耿鼎,34,11,23,元大-新盛,2023-10-19,9869
00753L,中信中國50正2,21,0,21,元大-新盛,2023-10-19,9869
2421,建準,22,2,20,元大-新盛,2023-10-19,9869
00922,國泰台灣領袖50,19,0,19,元大-新盛,2023-10-19,9869
3715,定穎投控,81,62,19,元大-新盛,2023-10-19,9869
3056,富華新,21,2,19,元大-新盛,2023-10-19,9869
00687B,國泰20年美債,32,15,17,元大-新盛,2023-10-19,9869
00857B,永豐20年美公債,17,0,17,元大-新盛,2023-10-19,9869
1305,華夏,22,5,17,元大-新盛,2023-10-19,9869
9945,潤泰新,16,0,16,元大-新盛,2023-10-19,9869
2883,凱基金,16,0,16,元大-新盛,2023-10-19,9869
1513,中興電,15,0,15,元大-新盛,2023-10-19,9869
2354,鴻準,15,0,15,元大-新盛,2023-10-19,9869
6901,鑽石投資,18,4,14,元大-新盛,2023-10-19,9869
00751B,元大AAA至A公司債,16,3,13,元大-新盛,2023-10-19,9869
3450,聯鈞,13,0,13,元大-新盛,2023-10-19,9869
00931B,統一美債20年,13,0,13,元大-新盛,2023-10-19,9869
00725B,國泰投資級公司債,12,0,12,元大-新盛,2023-10-19,9869
00902,中信電池及儲能,22,10,12,元大-新盛,2023-10-19,9869
00933B,國泰10Y+金融債,12,0,12,元大-新盛,2023-10-19,9869
2882,國泰金,11,0,11,元大-新盛,2023-10-19,9869
2816,旺旺保,15,4,11,元大-新盛,2023-10-19,9869
1612,宏泰,11,0,11,元大-新盛,2023-10-19,9869
3035,智原,13,2,11,元大-新盛,2023-10-19,9869
1304,台聚,10,0,10,元大-新盛,2023-10-19,9869
4137,麗豐-KY,10,0,10,元大-新盛,2023-10-19,9869
00680L,元大美債20正2,271,0,271,元大-新盛,2023-10-20,9869
00857B,永豐20年美公債,197,0,197,元大-新盛,2023-10-20,9869
00679B,元大美債20年,172,54,118,元大-新盛,2023-10-20,9869
00878,國泰永續高股息,117,17,100,元大-新盛,2023-10-20,9869
4306,炎洲,100,8,92,元大-新盛,2023-10-20,9869
0056,元大高股息,101,9,92,元大-新盛,2023-10-20,9869
00687B,國泰20年美債,83,0,83,元大-新盛,2023-10-20,9869
4532,瑞智,67,0,67,元大-新盛,2023-10-20,9869
2883,凱基金,65,0,65,元大-新盛,2023-10-20,9869
2421,建準,47,0,47,元大-新盛,2023-10-20,9869
2515,中工,48,2,46,元大-新盛,2023-10-20,9869
00929,復華台灣科技優息,61,17,44,元大-新盛,2023-10-20,9869
2204,中華,41,2,39,元大-新盛,2023-10-20,9869
2892,第一金,34,0,34,元大-新盛,2023-10-20,9869
1303,南亞,33,0,33,元大-新盛,2023-10-20,9869
2888,新光金,32,0,32,元大-新盛,2023-10-20,9869
00850,元大臺灣ESG永續,30,0,30,元大-新盛,2023-10-20,9869
00720B,元大投資級公司債,29,0,29,元大-新盛,2023-10-20,9869
00772B,中信高評級公司債,28,0,28,元大-新盛,2023-10-20,9869
00931B,統一美債20年,39,11,28,元大-新盛,2023-10-20,9869
2884,玉山金,37,10,27,元大-新盛,2023-10-20,9869
2002,中鋼,38,11,27,元大-新盛,2023-10-20,9869
6284,佳邦,30,5,25,元大-新盛,2023-10-20,9869
2610,華航,38,14,24,元大-新盛,2023-10-20,9869
4915,致伸,24,2,22,元大-新盛,2023-10-20,9869
00753L,中信中國50正2,21,0,21,元大-新盛,2023-10-20,9869
00919,群益台灣精選高息,25,7,18,元大-新盛,2023-10-20,9869
1609,大亞,18,1,17,元大-新盛,2023-10-20,9869
3272,東碩,17,0,17,元大-新盛,2023-10-20,9869
2891,中信金,24,8,16,元大-新盛,2023-10-20,9869
8358,金居,16,0,16,元大-新盛,2023-10-20,9869
3006,晶豪科,22,6,16,元大-新盛,2023-10-20,9869
1442,名軒,15,0,15,元大-新盛,2023-10-20,9869
2890,永豐金,19,5,14,元大-新盛,2023-10-20,9869
2885,元大金,17,3,14,元大-新盛,2023-10-20,9869
00885,富邦越南,14,0,14,元大-新盛,2023-10-20,9869
00902,中信電池及儲能,13,0,13,元大-新盛,2023-10-20,9869
1326,台化,14,1,13,元大-新盛,2023-10-20,9869
00673R,期元大S＆P原油反1,13,0,13,元大-新盛,2023-10-20,9869
2353,宏��,14,1,13,元大-新盛,2023-10-20,9869
6770,力積電,21,8,13,元大-新盛,2023-10-20,9869
1102,亞泥,12,0,12,元大-新盛,2023-10-20,9869
5608,四維航,12,0,12,元大-新盛,2023-10-20,9869
3287,廣寰科,17,5,12,元大-新盛,2023-10-20,9869
3051,力特,15,3,12,元大-新盛,2023-10-20,9869
6269,台郡,12,0,12,元大-新盛,2023-10-20,9869
2882,國泰金,12,0,12,元大-新盛,2023-10-20,9869
8069,元太,11,0,11,元大-新盛,2023-10-20,9869
6271,同欣電,12,1,11,元大-新盛,2023-10-20,9869
2887,台新金,10,0,10,元大-新盛,2023-10-20,9869
00751B,元大AAA至A公司債,150,8,142,元大-新盛,2023-10-23,9869
00772B,中信高評級公司債,128,8,120,元大-新盛,2023-10-23,9869
00712,復華富時不動產,119,0,119,元大-新盛,2023-10-23,9869
2888,新光金,112,0,112,元大-新盛,2023-10-23,9869
2425,承啟,105,4,101,元大-新盛,2023-10-23,9869
3051,力特,109,9,100,元大-新盛,2023-10-23,9869
2409,友達,102,3,99,元大-新盛,2023-10-23,9869
0056,元大高股息,103,18,85,元大-新盛,2023-10-23,9869
2317,鴻海,67,4,63,元大-新盛,2023-10-23,9869
4743,合一,64,1,63,元大-新盛,2023-10-23,9869
4306,炎洲,50,0,50,元大-新盛,2023-10-23,9869
00919,群益台灣精選高息,44,1,43,元大-新盛,2023-10-23,9869
00637L,元大滬深300正2,41,1,40,元大-新盛,2023-10-23,9869
00929,復華台灣科技優息,107,68,39,元大-新盛,2023-10-23,9869
2201,裕隆,54,23,31,元大-新盛,2023-10-23,9869
2883,凱基金,29,0,29,元大-新盛,2023-10-23,9869
2002,中鋼,29,0,29,元大-新盛,2023-10-23,9869
00931B,統一美債20年,26,0,26,元大-新盛,2023-10-23,9869
2603,長榮,32,6,26,元大-新盛,2023-10-23,9869
2834,臺企銀,25,0,25,元大-新盛,2023-10-23,9869
2354,鴻準,33,8,25,元大-新盛,2023-10-23,9869
1314,中石化,26,1,25,元大-新盛,2023-10-23,9869
3202,樺晟,27,5,22,元大-新盛,2023-10-23,9869
00720B,元大投資級公司債,24,2,22,元大-新盛,2023-10-23,9869
0050,元大台灣50,26,4,22,元大-新盛,2023-10-23,9869
2421,建準,21,0,21,元大-新盛,2023-10-23,9869
00924,復華S＆P500成長,20,0,20,元大-新盛,2023-10-23,9869
00687B,國泰20年美債,19,0,19,元大-新盛,2023-10-23,9869
00715L,期街口布蘭特正2,17,1,16,元大-新盛,2023-10-23,9869
1101,台泥,16,0,16,元大-新盛,2023-10-23,9869
9928,中視,16,1,15,元大-新盛,2023-10-23,9869
1442,名軒,15,0,15,元大-新盛,2023-10-23,9869
00922,國泰台灣領袖50,13,0,13,元大-新盛,2023-10-23,9869
1785,光洋科,20,7,13,元大-新盛,2023-10-23,9869
2891,中信金,14,2,12,元大-新盛,2023-10-23,9869
3056,富華新,12,0,12,元大-新盛,2023-10-23,9869
2882,國泰金,12,0,12,元大-新盛,2023-10-23,9869
6125,廣運,18,6,12,元大-新盛,2023-10-23,9869
1303,南亞,11,0,11,元大-新盛,2023-10-23,9869
1905,華紙,18,7,11,元大-新盛,2023-10-23,9869
2887,台新金,11,0,11,元大-新盛,2023-10-23,9869
3363,上詮,13,2,11,元大-新盛,2023-10-23,9869
6284,佳邦,11,0,11,元大-新盛,2023-10-23,9869
00881,國泰台灣5G+,11,1,10,元大-新盛,2023-10-23,9869
6269,台郡,10,0,10,元大-新盛,2023-10-23,9869
8054,安國,12,2,10,元大-新盛,2023-10-23,9869
6655,科定,10,0,10,元大-新盛,2023-10-23,9869
6505,台塑化,10,0,10,元大-新盛,2023-10-23,9869
1723,中碳,19,9,10,元大-新盛,2023-10-23,9869
2885,元大金,10,1,9,元大-新盛,2023-10-23,9869
00712,復華富時不動產,133,1,132,元大-新盛,2023-10-24,9869
00929,復華台灣科技優息,110,0,110,元大-新盛,2023-10-24,9869
2618,長榮航,81,4,77,元大-新盛,2023-10-24,9869
2317,鴻海,105,31,74,元大-新盛,2023-10-24,9869
4743,合一,59,0,59,元大-新盛,2023-10-24,9869
4306,炎洲,73,16,57,元大-新盛,2023-10-24,9869
2610,華航,60,4,56,元大-新盛,2023-10-24,9869
2382,廣達,69,18,51,元大-新盛,2023-10-24,9869
4908,前鼎,87,38,49,元大-新盛,2023-10-24,9869
2883,凱基金,41,0,41,元大-新盛,2023-10-24,9869
00878,國泰永續高股息,153,114,39,元大-新盛,2023-10-24,9869
00919,群益台灣精選高息,33,0,33,元大-新盛,2023-10-24,9869
00637L,元大滬深300正2,37,5,32,元大-新盛,2023-10-24,9869
2352,佳世達,32,2,30,元大-新盛,2023-10-24,9869
2323,中環,30,0,30,元大-新盛,2023-10-24,9869
2421,建準,30,0,30,元大-新盛,2023-10-24,9869
6235,華孚,33,4,29,元大-新盛,2023-10-24,9869
1519,華城,30,3,27,元大-新盛,2023-10-24,9869
9955,佳龍,25,1,24,元大-新盛,2023-10-24,9869
1795,美時,31,7,24,元大-新盛,2023-10-24,9869
6116,彩晶,23,0,23,元大-新盛,2023-10-24,9869
2892,第一金,23,1,22,元大-新盛,2023-10-24,9869
1301,台塑,26,4,22,元大-新盛,2023-10-24,9869
4162,智擎,46,25,21,元大-新盛,2023-10-24,9869
1303,南亞,20,0,20,元大-新盛,2023-10-24,9869
1711,永光,22,2,20,元大-新盛,2023-10-24,9869
00680L,元大美債20正2,30,10,20,元大-新盛,2023-10-24,9869
2426,鼎元,20,0,20,元大-新盛,2023-10-24,9869
9950,萬國通,25,5,20,元大-新盛,2023-10-24,9869
8358,金居,19,0,19,元大-新盛,2023-10-24,9869
2881,富邦金,19,0,19,元大-新盛,2023-10-24,9869
00882,中信中國高股息,18,0,18,元大-新盛,2023-10-24,9869
2834,臺企銀,20,3,17,元大-新盛,2023-10-24,9869
2543,皇昌,31,14,17,元大-新盛,2023-10-24,9869
3044,健鼎,27,12,15,元大-新盛,2023-10-24,9869
2367,燿華,15,1,14,元大-新盛,2023-10-24,9869
2408,南亞科,13,0,13,元大-新盛,2023-10-24,9869
2034,允強,12,0,12,元大-新盛,2023-10-24,9869
3081,聯亞,12,0,12,元大-新盛,2023-10-24,9869
2002,中鋼,20,8,12,元大-新盛,2023-10-24,9869
2330,台積電,11,0,11,元大-新盛,2023-10-24,9869
2634,漢翔,17,6,11,元大-新盛,2023-10-24,9869
6443,元晶,15,4,11,元大-新盛,2023-10-24,9869
2913,農林,10,0,10,元大-新盛,2023-10-24,9869
3176,基亞,10,0,10,元大-新盛,2023-10-24,9869
4157,太景*-KY,10,0,10,元大-新盛,2023-10-24,9869
6168,宏齊,24,14,10,元大-新盛,2023-10-24,9869
5521,工信,16,6,10,元大-新盛,2023-10-24,9869
2359,所羅門,12,3,9,元大-新盛,2023-10-24,9869
2888,新光金,9,0,9,元大-新盛,2023-10-24,9869
00878,國泰永續高股息,135,10,125,元大-新盛,2023-10-25,9869
00753L,中信中國50正2,120,1,119,元大-新盛,2023-10-25,9869
2317,鴻海,81,12,69,元大-新盛,2023-10-25,9869
1301,台塑,53,0,53,元大-新盛,2023-10-25,9869
00929,復華台灣科技優息,57,7,50,元大-新盛,2023-10-25,9869
6290,良維,52,6,46,元大-新盛,2023-10-25,9869
00712,復華富時不動產,38,0,38,元大-新盛,2023-10-25,9869
2337,旺宏,36,3,33,元大-新盛,2023-10-25,9869
3481,群創,41,8,33,元大-新盛,2023-10-25,9869
2515,中工,34,3,31,元大-新盛,2023-10-25,9869
00891,中信關鍵半導體,51,21,30,元大-新盛,2023-10-25,9869
5469,瀚宇博,40,10,30,元大-新盛,2023-10-25,9869
00679B,元大美債20年,29,1,28,元大-新盛,2023-10-25,9869
2324,仁寶,27,2,25,元大-新盛,2023-10-25,9869
3231,緯創,85,60,25,元大-新盛,2023-10-25,9869
6114,久威,25,1,24,元大-新盛,2023-10-25,9869
2421,建準,24,1,23,元大-新盛,2023-10-25,9869
2104,國際中橡,26,5,21,元大-新盛,2023-10-25,9869
2356,英業達,24,4,20,元大-新盛,2023-10-25,9869
3202,樺晟,20,0,20,元大-新盛,2023-10-25,9869
9912,偉聯,20,0,20,元大-新盛,2023-10-25,9869
2492,華新科,22,2,20,元大-新盛,2023-10-25,9869
6125,廣運,19,0,19,元大-新盛,2023-10-25,9869
3694,海華,19,0,19,元大-新盛,2023-10-25,9869
1528,恩德,19,0,19,元大-新盛,2023-10-25,9869
1303,南亞,21,3,18,元大-新盛,2023-10-25,9869
1603,華電,16,0,16,元大-新盛,2023-10-25,9869
3049,精金,16,0,16,元大-新盛,2023-10-25,9869
2409,友達,52,36,16,元大-新盛,2023-10-25,9869
3325,旭品,16,1,15,元大-新盛,2023-10-25,9869
3450,聯鈞,21,6,15,元大-新盛,2023-10-25,9869
1618,合機,23,9,14,元大-新盛,2023-10-25,9869
00715L,期街口布蘭特正2,14,0,14,元大-新盛,2023-10-25,9869
00919,群益台灣精選高息,19,5,14,元大-新盛,2023-10-25,9869
2465,麗臺,21,7,14,元大-新盛,2023-10-25,9869
3025,星通,15,3,12,元大-新盛,2023-10-25,9869
6126,信音,12,0,12,元大-新盛,2023-10-25,9869
2388,威盛,36,24,12,元大-新盛,2023-10-25,9869
2630,亞航,12,0,12,元大-新盛,2023-10-25,9869
2610,華航,15,3,12,元大-新盛,2023-10-25,9869
2886,兆豐金,11,0,11,元大-新盛,2023-10-25,9869
6109,亞元,12,1,11,元大-新盛,2023-10-25,9869
4979,華星光,16,5,11,元大-新盛,2023-10-25,9869
6182,合晶,10,0,10,元大-新盛,2023-10-25,9869
2880,華南金,10,0,10,元大-新盛,2023-10-25,9869
1514,亞力,13,3,10,元大-新盛,2023-10-25,9869
2455,全新,11,1,10,元大-新盛,2023-10-25,9869
3362,先進光,11,1,10,元大-新盛,2023-10-25,9869
2645,長榮航太,10,0,10,元大-新盛,2023-10-25,9869
1504,東元,30,21,9,元大-新盛,2023-10-25,9869
2303,聯電,215,14,201,元大-新盛,2023-10-26,9869
00929,復華台灣科技優息,202,23,179,元大-新盛,2023-10-26,9869
0056,元大高股息,153,4,149,元大-新盛,2023-10-26,9869
2344,華邦電,146,19,127,元大-新盛,2023-10-26,9869
00665L,富邦�琤肭磪囓�2,100,0,100,元大-新盛,2023-10-26,9869
00891,中信關鍵半導體,94,0,94,元大-新盛,2023-10-26,9869
4532,瑞智,80,1,79,元大-新盛,2023-10-26,9869
00878,國泰永續高股息,77,1,76,元大-新盛,2023-10-26,9869
00919,群益台灣精選高息,73,0,73,元大-新盛,2023-10-26,9869
2883,凱基金,67,5,62,元大-新盛,2023-10-26,9869
3481,群創,61,8,53,元大-新盛,2023-10-26,9869
2618,長榮航,175,129,46,元大-新盛,2023-10-26,9869
2408,南亞科,43,0,43,元大-新盛,2023-10-26,9869
0050,元大台灣50,44,4,40,元大-新盛,2023-10-26,9869
2201,裕隆,56,23,33,元大-新盛,2023-10-26,9869
00680L,元大美債20正2,33,0,33,元大-新盛,2023-10-26,9869
00712,復華富時不動產,33,2,31,元大-新盛,2023-10-26,9869
4526,東台,30,0,30,元大-新盛,2023-10-26,9869
1503,士電,60,30,30,元大-新盛,2023-10-26,9869
2412,中華電,30,0,30,元大-新盛,2023-10-26,9869
2317,鴻海,33,3,30,元大-新盛,2023-10-26,9869
2515,中工,35,8,27,元大-新盛,2023-10-26,9869
2337,旺宏,30,4,26,元大-新盛,2023-10-26,9869
00687B,國泰20年美債,25,0,25,元大-新盛,2023-10-26,9869
2888,新光金,24,0,24,元大-新盛,2023-10-26,9869
2884,玉山金,24,1,23,元大-新盛,2023-10-26,9869
3032,偉訓,33,10,23,元大-新盛,2023-10-26,9869
3704,合勤控,30,8,22,元大-新盛,2023-10-26,9869
2816,旺旺保,35,13,22,元大-新盛,2023-10-26,9869
6133,金橋,20,0,20,元大-新盛,2023-10-26,9869
00679B,元大美債20年,20,0,20,元大-新盛,2023-10-26,9869
00922,國泰台灣領袖50,19,0,19,元大-新盛,2023-10-26,9869
00931B,統一美債20年,19,0,19,元大-新盛,2023-10-26,9869
6122,擎邦,22,3,19,元大-新盛,2023-10-26,9869
00720B,元大投資級公司債,18,0,18,元大-新盛,2023-10-26,9869
2002,中鋼,18,0,18,元大-新盛,2023-10-26,9869
00751B,元大AAA至A公司債,17,0,17,元大-新盛,2023-10-26,9869
00885,富邦越南,16,0,16,元大-新盛,2023-10-26,9869
2204,中華,15,0,15,元大-新盛,2023-10-26,9869
00688L,國泰20年美債正2,15,0,15,元大-新盛,2023-10-26,9869
6125,廣運,15,0,15,元大-新盛,2023-10-26,9869
3694,海華,15,1,14,元大-新盛,2023-10-26,9869
00902,中信電池及儲能,23,10,13,元大-新盛,2023-10-26,9869
2887,台新金,13,0,13,元大-新盛,2023-10-26,9869
6243,迅杰,20,7,13,元大-新盛,2023-10-26,9869
6684,安格,16,3,13,元大-新盛,2023-10-26,9869
6271,同欣電,12,0,12,元大-新盛,2023-10-26,9869
6703,軒郁,12,0,12,元大-新盛,2023-10-26,9869
9950,萬國通,13,1,12,元大-新盛,2023-10-26,9869
00850,元大臺灣ESG永續,11,0,11,元大-新盛,2023-10-26,9869
2303,聯電,102,2,100,元大-新盛,2023-10-27,9869
2888,新光金,62,0,62,元大-新盛,2023-10-27,9869
6442,光聖,72,18,54,元大-新盛,2023-10-27,9869
3032,偉訓,68,16,52,元大-新盛,2023-10-27,9869
4164,承業醫,58,8,50,元大-新盛,2023-10-27,9869
4908,前鼎,86,40,46,元大-新盛,2023-10-27,9869
00664R,國泰臺灣加權反1,40,0,40,元大-新盛,2023-10-27,9869
2352,佳世達,44,5,39,元大-新盛,2023-10-27,9869
2485,兆赫,43,6,37,元大-新盛,2023-10-27,9869
1584,精剛,33,1,32,元大-新盛,2023-10-27,9869
2834,臺企銀,32,1,31,元大-新盛,2023-10-27,9869
2409,友達,37,6,31,元大-新盛,2023-10-27,9869
2883,凱基金,28,0,28,元大-新盛,2023-10-27,9869
3017,奇鋐,31,4,27,元大-新盛,2023-10-27,9869
0056,元大高股息,61,36,25,元大-新盛,2023-10-27,9869
00878,國泰永續高股息,29,4,25,元大-新盛,2023-10-27,9869
2337,旺宏,25,2,23,元大-新盛,2023-10-27,9869
3078,僑威,28,9,19,元大-新盛,2023-10-27,9869
6418,詠昇,19,1,18,元大-新盛,2023-10-27,9869
2408,南亞科,18,0,18,元大-新盛,2023-10-27,9869
3202,樺晟,14,0,14,元大-新盛,2023-10-27,9869
3287,廣寰科,14,0,14,元大-新盛,2023-10-27,9869
2317,鴻海,14,2,12,元大-新盛,2023-10-27,9869
00885,富邦越南,12,0,12,元大-新盛,2023-10-27,9869
8042,金山電,12,0,12,元大-新盛,2023-10-27,9869
1785,光洋科,19,7,12,元大-新盛,2023-10-27,9869
1514,亞力,13,1,12,元大-新盛,2023-10-27,9869
00671R,富邦NASDAQ反1,12,1,11,元大-新盛,2023-10-27,9869
6233,旺玖,14,3,11,元大-新盛,2023-10-27,9869
3260,威剛,15,5,10,元大-新盛,2023-10-27,9869
5608,四維航,10,0,10,元大-新盛,2023-10-27,9869
00929,復華台灣科技優息,50,40,10,元大-新盛,2023-10-27,9869
0050,元大台灣50,21,12,9,元大-新盛,2023-10-27,9869
3322,建舜電,15,6,9,元大-新盛,2023-10-27,9869
006208,富邦台50,10,1,9,元大-新盛,2023-10-27,9869
3264,欣銓,28,19,9,元大-新盛,2023-10-27,9869
2382,廣達,28,20,8,元大-新盛,2023-10-27,9869
6901,鑽石投資,8,0,8,元大-新盛,2023-10-27,9869
6271,同欣電,10,2,8,元大-新盛,2023-10-27,9869
3694,海華,8,0,8,元大-新盛,2023-10-27,9869
6244,茂迪,8,0,8,元大-新盛,2023-10-27,9869
2321,東訊,8,0,8,元大-新盛,2023-10-27,9869
6655,科定,8,0,8,元大-新盛,2023-10-27,9869
1101,台泥,9,1,8,元大-新盛,2023-10-27,9869
3317,尼克森,9,1,8,元大-新盛,2023-10-27,9869
2462,良得電,10,3,7,元大-新盛,2023-10-27,9869
3325,旭品,10,3,7,元大-新盛,2023-10-27,9869
2201,裕隆,19,12,7,元大-新盛,2023-10-27,9869
3189,景碩,7,0,7,元大-新盛,2023-10-27,9869
6274,台燿,7,1,6,元大-新盛,2023-10-27,9869
2409,友達,186,10,176,元大-新盛,2023-10-30,9869
2303,聯電,119,0,119,元大-新盛,2023-10-30,9869
00878,國泰永續高股息,111,2,109,元大-新盛,2023-10-30,9869
2317,鴻海,135,31,104,元大-新盛,2023-10-30,9869
2485,兆赫,65,11,54,元大-新盛,2023-10-30,9869
1301,台塑,54,3,51,元大-新盛,2023-10-30,9869
6442,光聖,57,7,50,元大-新盛,2023-10-30,9869
2618,長榮航,44,0,44,元大-新盛,2023-10-30,9869
2883,凱基金,37,0,37,元大-新盛,2023-10-30,9869
2891,中信金,36,0,36,元大-新盛,2023-10-30,9869
1101,台泥,34,0,34,元大-新盛,2023-10-30,9869
2610,華航,31,1,30,元大-新盛,2023-10-30,9869
2888,新光金,29,0,29,元大-新盛,2023-10-30,9869
4114,健喬,29,2,27,元大-新盛,2023-10-30,9869
8086,宏捷科,31,5,26,元大-新盛,2023-10-30,9869
00637L,元大滬深300正2,32,10,22,元大-新盛,2023-10-30,9869
00712,復華富時不動產,28,6,22,元大-新盛,2023-10-30,9869
00751B,元大AAA至A公司債,22,2,20,元大-新盛,2023-10-30,9869
9105,泰金寶-DR,17,0,17,元大-新盛,2023-10-30,9869
1785,光洋科,21,4,17,元大-新盛,2023-10-30,9869
2408,南亞科,16,1,15,元大-新盛,2023-10-30,9869
3122,笙泉,46,32,14,元大-新盛,2023-10-30,9869
9950,萬國通,15,1,14,元大-新盛,2023-10-30,9869
5876,上海商銀,13,0,13,元大-新盛,2023-10-30,9869
6418,詠昇,13,0,13,元大-新盛,2023-10-30,9869
00922,國泰台灣領袖50,12,0,12,元大-新盛,2023-10-30,9869
00632R,元大台灣50反1,12,0,12,元大-新盛,2023-10-30,9869
00720B,元大投資級公司債,18,6,12,元大-新盛,2023-10-30,9869
3576,聯合再生,22,10,12,元大-新盛,2023-10-30,9869
00679B,元大美債20年,11,0,11,元大-新盛,2023-10-30,9869
2388,威盛,17,6,11,元大-新盛,2023-10-30,9869
6292,迅德,12,1,11,元大-新盛,2023-10-30,9869
00687B,國泰20年美債,10,0,10,元大-新盛,2023-10-30,9869
0050,元大台灣50,12,2,10,元大-新盛,2023-10-30,9869
3042,晶技,10,0,10,元大-新盛,2023-10-30,9869
6770,力積電,10,0,10,元大-新盛,2023-10-30,9869
2332,友訊,10,0,10,元大-新盛,2023-10-30,9869
2211,長榮鋼,10,0,10,元大-新盛,2023-10-30,9869
6016,康和證,10,0,10,元大-新盛,2023-10-30,9869
1762,中化生,10,0,10,元大-新盛,2023-10-30,9869
2539,櫻花建,10,0,10,元大-新盛,2023-10-30,9869
6168,宏齊,14,5,9,元大-新盛,2023-10-30,9869
2887,台新金,12,3,9,元大-新盛,2023-10-30,9869
0056,元大高股息,28,20,8,元大-新盛,2023-10-30,9869
2884,玉山金,8,0,8,元大-新盛,2023-10-30,9869
2890,永豐金,8,0,8,元大-新盛,2023-10-30,9869
3715,定穎投控,40,32,8,元大-新盛,2023-10-30,9869
5351,鈺創,8,0,8,元大-新盛,2023-10-30,9869
8054,安國,35,27,8,元大-新盛,2023-10-30,9869
4743,合一,7,0,7,元大-新盛,2023-10-30,9869
00680L,元大美債20正2,346,0,346,元大-新盛,2023-10-31,9869
2344,華邦電,136,27,109,元大-新盛,2023-10-31,9869
2332,友訊,107,4,103,元大-新盛,2023-10-31,9869
0056,元大高股息,106,5,101,元大-新盛,2023-10-31,9869
3264,欣銓,102,2,100,元大-新盛,2023-10-31,9869
00878,國泰永續高股息,85,7,78,元大-新盛,2023-10-31,9869
1101,台泥,77,2,75,元大-新盛,2023-10-31,9869
00929,復華台灣科技優息,73,14,59,元大-新盛,2023-10-31,9869
2409,友達,60,6,54,元大-新盛,2023-10-31,9869
3094,聯傑,67,26,41,元大-新盛,2023-10-31,9869
00919,群益台灣精選高息,45,6,39,元大-新盛,2023-10-31,9869
4128,中天,35,1,34,元大-新盛,2023-10-31,9869
2515,中工,34,5,29,元大-新盛,2023-10-31,9869
2371,大同,25,0,25,元大-新盛,2023-10-31,9869
0050,元大台灣50,27,4,23,元大-新盛,2023-10-31,9869
2883,凱基金,23,0,23,元大-新盛,2023-10-31,9869
00922,國泰台灣領袖50,22,0,22,元大-新盛,2023-10-31,9869
2486,一詮,27,6,21,元大-新盛,2023-10-31,9869
9950,萬國通,27,6,21,元大-新盛,2023-10-31,9869
1604,聲寶,24,4,20,元大-新盛,2023-10-31,9869
2303,聯電,21,1,20,元大-新盛,2023-10-31,9869
6271,同欣電,19,0,19,元大-新盛,2023-10-31,9869
3017,奇鋐,16,1,15,元大-新盛,2023-10-31,9869
2887,台新金,15,0,15,元大-新盛,2023-10-31,9869
6492,生華科,22,7,15,元大-新盛,2023-10-31,9869
5469,瀚宇博,38,23,15,元大-新盛,2023-10-31,9869
3715,定穎投控,57,43,14,元大-新盛,2023-10-31,9869
8358,金居,14,0,14,元大-新盛,2023-10-31,9869
4529,淳紳,16,2,14,元大-新盛,2023-10-31,9869
6282,康舒,15,1,14,元大-新盛,2023-10-31,9869
00687B,國泰20年美債,15,1,14,元大-新盛,2023-10-31,9869
3706,神達,13,0,13,元大-新盛,2023-10-31,9869
2618,長榮航,176,163,13,元大-新盛,2023-10-31,9869
2340,台亞,13,0,13,元大-新盛,2023-10-31,9869
2382,廣達,46,33,13,元大-新盛,2023-10-31,9869
2417,圓剛,21,9,12,元大-新盛,2023-10-31,9869
2301,光寶科,23,11,12,元大-新盛,2023-10-31,9869
2337,旺宏,20,9,11,元大-新盛,2023-10-31,9869
4306,炎洲,11,0,11,元大-新盛,2023-10-31,9869
2538,基泰,14,3,11,元大-新盛,2023-10-31,9869
5348,正能量智能,12,1,11,元大-新盛,2023-10-31,9869
00637L,元大滬深300正2,21,10,11,元大-新盛,2023-10-31,9869
3268,海德威,14,3,11,元大-新盛,2023-10-31,9869
1326,台化,11,0,11,元大-新盛,2023-10-31,9869
3041,揚智,11,0,11,元大-新盛,2023-10-31,9869
00679B,元大美債20年,10,0,10,元大-新盛,2023-10-31,9869
2211,長榮鋼,10,0,10,元大-新盛,2023-10-31,9869
2838A,聯邦銀甲特,10,0,10,元大-新盛,2023-10-31,9869
2360,致茂,10,0,10,元大-新盛,2023-10-31,9869
3005,神基,11,1,10,元大-新盛,2023-10-31,9869
00680L,元大美債20正2,204,43,161,元大-新盛,2023-11-01,9869
2344,華邦電,104,6,98,元大-新盛,2023-11-01,9869
3105,穩懋,57,4,53,元大-新盛,2023-11-01,9869
00878,國泰永續高股息,58,6,52,元大-新盛,2023-11-01,9869
5469,瀚宇博,74,24,50,元大-新盛,2023-11-01,9869
0056,元大高股息,52,3,49,元大-新盛,2023-11-01,9869
6122,擎邦,50,2,48,元大-新盛,2023-11-01,9869
4915,致伸,57,14,43,元大-新盛,2023-11-01,9869
2883,凱基金,39,1,38,元大-新盛,2023-11-01,9869
2317,鴻海,36,1,35,元大-新盛,2023-11-01,9869
00934,中信成長高股息,35,0,35,元大-新盛,2023-11-01,9869
3260,威剛,39,9,30,元大-新盛,2023-11-01,9869
00935,野村臺灣新科技50,27,0,27,元大-新盛,2023-11-01,9869
00929,復華台灣科技優息,45,18,27,元大-新盛,2023-11-01,9869
3702,大聯大,30,7,23,元大-新盛,2023-11-01,9869
6126,信音,25,3,22,元大-新盛,2023-11-01,9869
00664R,國泰臺灣加權反1,20,1,19,元大-新盛,2023-11-01,9869
1603,華電,19,0,19,元大-新盛,2023-11-01,9869
00919,群益台灣精選高息,18,0,18,元大-新盛,2023-11-01,9869
6191,精成科,28,11,17,元大-新盛,2023-11-01,9869
2323,中環,16,0,16,元大-新盛,2023-11-01,9869
2462,良得電,26,10,16,元大-新盛,2023-11-01,9869
00720B,元大投資級公司債,15,0,15,元大-新盛,2023-11-01,9869
2515,中工,15,0,15,元大-新盛,2023-11-01,9869
00679B,元大美債20年,18,5,13,元大-新盛,2023-11-01,9869
00687B,國泰20年美債,15,3,12,元大-新盛,2023-11-01,9869
00885,富邦越南,12,0,12,元大-新盛,2023-11-01,9869
00751B,元大AAA至A公司債,12,0,12,元大-新盛,2023-11-01,9869
00712,復華富時不動產,12,1,11,元大-新盛,2023-11-01,9869
1301,台塑,11,0,11,元大-新盛,2023-11-01,9869
00753L,中信中國50正2,11,0,11,元大-新盛,2023-11-01,9869
9955,佳龍,12,1,11,元大-新盛,2023-11-01,9869
3380,明泰,12,1,11,元大-新盛,2023-11-01,9869
6158,禾昌,19,8,11,元大-新盛,2023-11-01,9869
00931B,統一美債20年,10,0,10,元大-新盛,2023-11-01,9869
9105,泰金寶-DR,10,0,10,元大-新盛,2023-11-01,9869
3036A,文曄甲特,10,0,10,元大-新盛,2023-11-01,9869
6005,群益證,10,0,10,元大-新盛,2023-11-01,9869
2511,太子,10,0,10,元大-新盛,2023-11-01,9869
00665L,富邦�琤肭磪囓�2,100,90,10,元大-新盛,2023-11-01,9869
1463,強盛新,10,0,10,元大-新盛,2023-11-01,9869
00642U,期元大S＆P石油,10,0,10,元大-新盛,2023-11-01,9869
2027,大成鋼,10,1,9,元大-新盛,2023-11-01,9869
6552,易華電,10,1,9,元大-新盛,2023-11-01,9869
2025,千興,10,1,9,元大-新盛,2023-11-01,9869
2358,廷鑫,10,1,9,元大-新盛,2023-11-01,9869
3006,晶豪科,18,9,9,元大-新盛,2023-11-01,9869
1519,華城,23,14,9,元大-新盛,2023-11-01,9869
3481,群創,15,7,8,元大-新盛,2023-11-01,9869
2337,旺宏,15,7,8,元大-新盛,2023-11-01,9869
2303,聯電,221,43,178,元大-新盛,2023-11-02,9869
2344,華邦電,154,7,147,元大-新盛,2023-11-02,9869
3032,偉訓,45,0,45,元大-新盛,2023-11-02,9869
0056,元大高股息,47,12,35,元大-新盛,2023-11-02,9869
2883,凱基金,42,7,35,元大-新盛,2023-11-02,9869
00918,大華優利高填息30,23,0,23,元大-新盛,2023-11-02,9869
00632R,元大台灣50反1,26,5,21,元大-新盛,2023-11-02,9869
00642U,期元大S＆P石油,20,0,20,元大-新盛,2023-11-02,9869
2618,長榮航,105,86,19,元大-新盛,2023-11-02,9869
2913,農林,20,2,18,元大-新盛,2023-11-02,9869
6274,台燿,24,6,18,元大-新盛,2023-11-02,9869
3105,穩懋,26,10,16,元大-新盛,2023-11-02,9869
00934,中信成長高股息,16,0,16,元大-新盛,2023-11-02,9869
0061,元大寶滬深,15,0,15,元大-新盛,2023-11-02,9869
00712,復華富時不動產,21,6,15,元大-新盛,2023-11-02,9869
00881,國泰台灣5G+,20,6,14,元大-新盛,2023-11-02,9869
00772B,中信高評級公司債,13,0,13,元大-新盛,2023-11-02,9869
1301,台塑,14,1,13,元大-新盛,2023-11-02,9869
6679,鈺太,12,0,12,元大-新盛,2023-11-02,9869
1307,三芳,12,0,12,元大-新盛,2023-11-02,9869
0050,元大台灣50,28,17,11,元大-新盛,2023-11-02,9869
2301,光寶科,22,11,11,元大-新盛,2023-11-02,9869
00882,中信中國高股息,12,1,11,元大-新盛,2023-11-02,9869
00935,野村臺灣新科技50,15,4,11,元大-新盛,2023-11-02,9869
3022,威強電,10,0,10,元大-新盛,2023-11-02,9869
5381,合正,8,0,8,元大-新盛,2023-11-02,9869
2062,橋椿,8,0,8,元大-新盛,2023-11-02,9869
2387,精元,8,0,8,元大-新盛,2023-11-02,9869
2356,英業達,18,10,8,元大-新盛,2023-11-02,9869
8176,智捷,8,0,8,元大-新盛,2023-11-02,9869
00885,富邦越南,12,4,8,元大-新盛,2023-11-02,9869
3036A,文曄甲特,6,0,6,元大-新盛,2023-11-02,9869
6223,旺矽,10,4,6,元大-新盛,2023-11-02,9869
6233,旺玖,7,1,6,元大-新盛,2023-11-02,9869
2605,新興,6,0,6,元大-新盛,2023-11-02,9869
2364,倫飛,6,0,6,元大-新盛,2023-11-02,9869
2449,京元電子,6,0,6,元大-新盛,2023-11-02,9869
00929,復華台灣科技優息,24,18,6,元大-新盛,2023-11-02,9869
6122,擎邦,8,2,6,元大-新盛,2023-11-02,9869
2376,技嘉,25,20,5,元大-新盛,2023-11-02,9869
4915,致伸,5,0,5,元大-新盛,2023-11-02,9869
3227,原相,5,0,5,元大-新盛,2023-11-02,9869
2420,新巨,5,0,5,元大-新盛,2023-11-02,9869
3276,宇環,5,0,5,元大-新盛,2023-11-02,9869
3545,敦泰,17,12,5,元大-新盛,2023-11-02,9869
3006,晶豪科,19,14,5,元大-新盛,2023-11-02,9869
3576,聯合再生,4,0,4,元大-新盛,2023-11-02,9869
8927,北基,4,0,4,元大-新盛,2023-11-02,9869
1522,堤維西,4,0,4,元大-新盛,2023-11-02,9869
4908,前鼎,13,9,4,元大-新盛,2023-11-02,9869
3481,群創,109,25,84,元大-新盛,2023-11-03,9869
00929,復華台灣科技優息,94,38,56,元大-新盛,2023-11-03,9869
5469,瀚宇博,56,8,48,元大-新盛,2023-11-03,9869
00878,國泰永續高股息,33,3,30,元大-新盛,2023-11-03,9869
8068,全達,35,6,29,元大-新盛,2023-11-03,9869
2317,鴻海,40,14,26,元大-新盛,2023-11-03,9869
4967,十銓,94,70,24,元大-新盛,2023-11-03,9869
2363,矽統,287,264,23,元大-新盛,2023-11-03,9869
2465,麗臺,22,0,22,元大-新盛,2023-11-03,9869
2615,萬海,23,3,20,元大-新盛,2023-11-03,9869
1815,富喬,169,149,20,元大-新盛,2023-11-03,9869
8215,明基材,24,4,20,元大-新盛,2023-11-03,9869
5521,工信,25,5,20,元大-新盛,2023-11-03,9869
3576,聯合再生,19,0,19,元大-新盛,2023-11-03,9869
3491,昇達科,18,0,18,元大-新盛,2023-11-03,9869
00680L,元大美債20正2,35,17,18,元大-新盛,2023-11-03,9869
2344,華邦電,16,0,16,元大-新盛,2023-11-03,9869
2515,中工,20,5,15,元大-新盛,2023-11-03,9869
2323,中環,14,0,14,元大-新盛,2023-11-03,9869
6185,幃翔,15,1,14,元大-新盛,2023-11-03,9869
9938,百和,14,0,14,元大-新盛,2023-11-03,9869
3231,緯創,39,26,13,元大-新盛,2023-11-03,9869
8426,紅木-KY,16,4,12,元大-新盛,2023-11-03,9869
2543,皇昌,12,0,12,元大-新盛,2023-11-03,9869
00632R,元大台灣50反1,12,0,12,元大-新盛,2023-11-03,9869
9905,大華,12,0,12,元大-新盛,2023-11-03,9869
2358,廷鑫,11,0,11,元大-新盛,2023-11-03,9869
3596,智易,14,3,11,元大-新盛,2023-11-03,9869
8110,華東,10,0,10,元大-新盛,2023-11-03,9869
3617,碩天,11,1,10,元大-新盛,2023-11-03,9869
2903,遠百,10,0,10,元大-新盛,2023-11-03,9869
00931B,統一美債20年,10,0,10,元大-新盛,2023-11-03,9869
4707,磐亞,10,0,10,元大-新盛,2023-11-03,9869
00720B,元大投資級公司債,10,0,10,元大-新盛,2023-11-03,9869
00715L,期街口布蘭特正2,21,11,10,元大-新盛,2023-11-03,9869
1304,台聚,10,0,10,元大-新盛,2023-11-03,9869
2884,玉山金,10,1,9,元大-新盛,2023-11-03,9869
3078,僑威,15,6,9,元大-新盛,2023-11-03,9869
8150,南茂,9,0,9,元大-新盛,2023-11-03,9869
2376,技嘉,26,17,9,元大-新盛,2023-11-03,9869
2332,友訊,11,3,8,元大-新盛,2023-11-03,9869
00919,群益台灣精選高息,9,1,8,元大-新盛,2023-11-03,9869
3094,聯傑,23,15,8,元大-新盛,2023-11-03,9869
00772B,中信高評級公司債,8,0,8,元大-新盛,2023-11-03,9869
00679B,元大美債20年,11,4,7,元大-新盛,2023-11-03,9869
8112,至上,9,2,7,元大-新盛,2023-11-03,9869
2458,義隆,10,3,7,元大-新盛,2023-11-03,9869
2313,華通,24,17,7,元大-新盛,2023-11-03,9869
6204,艾華,10,3,7,元大-新盛,2023-11-03,9869
4938,和碩,7,0,7,元大-新盛,2023-11-03,9869
00680L,元大美債20正2,90,10,80,元大-新盛,2023-11-06,9869
5469,瀚宇博,77,15,62,元大-新盛,2023-11-06,9869
3450,聯鈞,40,1,39,元大-新盛,2023-11-06,9869
00632R,元大台灣50反1,57,24,33,元大-新盛,2023-11-06,9869
00671R,富邦NASDAQ反1,30,1,29,元大-新盛,2023-11-06,9869
2329,華泰,68,42,26,元大-新盛,2023-11-06,9869
3094,聯傑,93,67,26,元大-新盛,2023-11-06,9869
1101,台泥,24,0,24,元大-新盛,2023-11-06,9869
2332,友訊,23,0,23,元大-新盛,2023-11-06,9869
6235,華孚,47,24,23,元大-新盛,2023-11-06,9869
2363,矽統,178,155,23,元大-新盛,2023-11-06,9869
00722B,群益投資級電信債,20,0,20,元大-新盛,2023-11-06,9869
1721,三晃,21,1,20,元大-新盛,2023-11-06,9869
6282,康舒,30,11,19,元大-新盛,2023-11-06,9869
6770,力積電,29,10,19,元大-新盛,2023-11-06,9869
1519,華城,29,12,17,元大-新盛,2023-11-06,9869
00642U,期元大S＆P石油,16,0,16,元大-新盛,2023-11-06,9869
00720B,元大投資級公司債,17,3,14,元大-新盛,2023-11-06,9869
2388,威盛,90,76,14,元大-新盛,2023-11-06,9869
3036A,文曄甲特,14,0,14,元大-新盛,2023-11-06,9869
5432,新門,16,2,14,元大-新盛,2023-11-06,9869
00933B,國泰10Y+金融債,13,0,13,元大-新盛,2023-11-06,9869
1504,東元,63,51,12,元大-新盛,2023-11-06,9869
0056,元大高股息,21,9,12,元大-新盛,2023-11-06,9869
00664R,國泰臺灣加權反1,11,0,11,元大-新盛,2023-11-06,9869
2030,彰源,10,0,10,元大-新盛,2023-11-06,9869
3703,欣陸,10,0,10,元大-新盛,2023-11-06,9869
8426,紅木-KY,10,0,10,元大-新盛,2023-11-06,9869
3694,海華,10,0,10,元大-新盛,2023-11-06,9869
00931B,統一美債20年,10,0,10,元大-新盛,2023-11-06,9869
2511,太子,10,0,10,元大-新盛,2023-11-06,9869
6122,擎邦,10,0,10,元大-新盛,2023-11-06,9869
3078,僑威,10,0,10,元大-新盛,2023-11-06,9869
6139,亞翔,15,6,9,元大-新盛,2023-11-06,9869
00934,中信成長高股息,9,0,9,元大-新盛,2023-11-06,9869
00919,群益台灣精選高息,9,0,9,元大-新盛,2023-11-06,9869
1604,聲寶,10,2,8,元大-新盛,2023-11-06,9869
2417,圓剛,8,0,8,元大-新盛,2023-11-06,9869
2883B,凱基金乙特,8,0,8,元大-新盛,2023-11-06,9869
3444,利機,10,2,8,元大-新盛,2023-11-06,9869
9105,泰金寶-DR,14,6,8,元大-新盛,2023-11-06,9869
00715L,期街口布蘭特正2,7,0,7,元大-新盛,2023-11-06,9869
1802,台玻,11,4,7,元大-新盛,2023-11-06,9869
6756,威鋒電子,7,0,7,元大-新盛,2023-11-06,9869
00712,復華富時不動產,14,7,7,元大-新盛,2023-11-06,9869
4906,正文,6,0,6,元大-新盛,2023-11-06,9869
00900,富邦特選高股息30,6,0,6,元大-新盛,2023-11-06,9869
1316,上曜,6,0,6,元大-新盛,2023-11-06,9869
6492,生華科,7,1,6,元大-新盛,2023-11-06,9869
3322,建舜電,8,2,6,元大-新盛,2023-11-06,9869
00632R,元大台灣50反1,2373,10,2363,元大-新盛,2023-11-07,9869
6138,茂達,113,4,109,元大-新盛,2023-11-07,9869
00637L,元大滬深300正2,96,10,86,元大-新盛,2023-11-07,9869
2610,華航,75,2,73,元大-新盛,2023-11-07,9869
0056,元大高股息,96,30,66,元大-新盛,2023-11-07,9869
3704,合勤控,55,5,50,元大-新盛,2023-11-07,9869
00708L,期元大S＆P黃金正2,50,0,50,元大-新盛,2023-11-07,9869
4164,承業醫,51,2,49,元大-新盛,2023-11-07,9869
2634,漢翔,40,7,33,元大-新盛,2023-11-07,9869
0050,元大台灣50,52,20,32,元大-新盛,2023-11-07,9869
6197,佳必琪,34,3,31,元大-新盛,2023-11-07,9869
2530,華建,38,10,28,元大-新盛,2023-11-07,9869
2363,矽統,77,49,28,元大-新盛,2023-11-07,9869
00712,復華富時不動產,27,0,27,元大-新盛,2023-11-07,9869
2421,建準,58,32,26,元大-新盛,2023-11-07,9869
1815,富喬,45,19,26,元大-新盛,2023-11-07,9869
00642U,期元大S＆P石油,26,0,26,元大-新盛,2023-11-07,9869
6187,萬潤,25,0,25,元大-新盛,2023-11-07,9869
8069,元太,23,0,23,元大-新盛,2023-11-07,9869
2455,全新,28,7,21,元大-新盛,2023-11-07,9869
00900,富邦特選高股息30,20,0,20,元大-新盛,2023-11-07,9869
00722B,群益投資級電信債,20,0,20,元大-新盛,2023-11-07,9869
1519,華城,36,17,19,元大-新盛,2023-11-07,9869
2888,新光金,19,2,17,元大-新盛,2023-11-07,9869
00878,國泰永續高股息,26,9,17,元大-新盛,2023-11-07,9869
2201,裕隆,26,10,16,元大-新盛,2023-11-07,9869
5426,振發,15,0,15,元大-新盛,2023-11-07,9869
4167,松瑞藥,16,1,15,元大-新盛,2023-11-07,9869
8403,盛弘,14,0,14,元大-新盛,2023-11-07,9869
8110,華東,13,0,13,元大-新盛,2023-11-07,9869
2305,全友,13,0,13,元大-新盛,2023-11-07,9869
5392,能率,12,0,12,元大-新盛,2023-11-07,9869
6547,高端疫苗,12,0,12,元大-新盛,2023-11-07,9869
1101,台泥,12,1,11,元大-新盛,2023-11-07,9869
6133,金橋,11,0,11,元大-新盛,2023-11-07,9869
4123,晟德,12,1,11,元大-新盛,2023-11-07,9869
00679B,元大美債20年,11,0,11,元大-新盛,2023-11-07,9869
2031,新光鋼,10,0,10,元大-新盛,2023-11-07,9869
6185,幃翔,26,16,10,元大-新盛,2023-11-07,9869
4960,誠美材,12,2,10,元大-新盛,2023-11-07,9869
6015,宏遠證,10,0,10,元大-新盛,2023-11-07,9869
2618,長榮航,309,299,10,元大-新盛,2023-11-07,9869
1301,台塑,9,0,9,元大-新盛,2023-11-07,9869
00739,元大MSCI A股,9,0,9,元大-新盛,2023-11-07,9869
2317,鴻海,21,12,9,元大-新盛,2023-11-07,9869
00934,中信成長高股息,11,2,9,元大-新盛,2023-11-07,9869
2891,中信金,9,1,8,元大-新盛,2023-11-07,9869
2486,一詮,10,2,8,元大-新盛,2023-11-07,9869
00752,中信中國50,8,0,8,元大-新盛,2023-11-07,9869
2344,華邦電,8,0,8,元大-新盛,2023-11-07,9869
00878,國泰永續高股息,265,34,231,元大-新盛,2023-11-08,9869
00671R,富邦NASDAQ反1,218,0,218,元大-新盛,2023-11-08,9869
2883,凱基金,143,0,143,元大-新盛,2023-11-08,9869
2618,長榮航,154,65,89,元大-新盛,2023-11-08,9869
00642U,期元大S＆P石油,82,1,81,元大-新盛,2023-11-08,9869
0056,元大高股息,129,54,75,元大-新盛,2023-11-08,9869
00936,台新永續高息中小,73,0,73,元大-新盛,2023-11-08,9869
5469,瀚宇博,77,25,52,元大-新盛,2023-11-08,9869
6235,華孚,47,11,36,元大-新盛,2023-11-08,9869
2388,威盛,43,20,23,元大-新盛,2023-11-08,9869
1605,華新,27,5,22,元大-新盛,2023-11-08,9869
6284,佳邦,26,5,21,元大-新盛,2023-11-08,9869
6901,鑽石投資,25,4,21,元大-新盛,2023-11-08,9869
2903,遠百,19,0,19,元大-新盛,2023-11-08,9869
3322,建舜電,19,2,17,元大-新盛,2023-11-08,9869
5230,雷笛克光學,16,0,16,元大-新盛,2023-11-08,9869
00924,復華S＆P500成長,16,0,16,元大-新盛,2023-11-08,9869
1471,首利,27,11,16,元大-新盛,2023-11-08,9869
3317,尼克森,19,3,16,元大-新盛,2023-11-08,9869
2305,全友,15,0,15,元大-新盛,2023-11-08,9869
3176,基亞,16,1,15,元大-新盛,2023-11-08,9869
8084,巨虹,15,0,15,元大-新盛,2023-11-08,9869
020039,元大加權N,15,0,15,元大-新盛,2023-11-08,9869
2337,旺宏,14,0,14,元大-新盛,2023-11-08,9869
2313,華通,25,11,14,元大-新盛,2023-11-08,9869
2462,良得電,33,20,13,元大-新盛,2023-11-08,9869
5347,世界,28,15,13,元大-新盛,2023-11-08,9869
00715L,期街口布蘭特正2,12,0,12,元大-新盛,2023-11-08,9869
6191,精成科,13,1,12,元大-新盛,2023-11-08,9869
3036A,文曄甲特,11,0,11,元大-新盛,2023-11-08,9869
1781,合世,11,0,11,元大-新盛,2023-11-08,9869
00929,復華台灣科技優息,20,10,10,元大-新盛,2023-11-08,9869
2031,新光鋼,10,0,10,元大-新盛,2023-11-08,9869
1413,宏洲,10,0,10,元大-新盛,2023-11-08,9869
1524,耿鼎,10,0,10,元大-新盛,2023-11-08,9869
3702A,大聯大甲特,10,0,10,元大-新盛,2023-11-08,9869
2881A,富邦特,10,0,10,元大-新盛,2023-11-08,9869
1514,亞力,17,7,10,元大-新盛,2023-11-08,9869
4533,協易機,20,10,10,元大-新盛,2023-11-08,9869
1504,東元,12,2,10,元大-新盛,2023-11-08,9869
1326,台化,10,1,9,元大-新盛,2023-11-08,9869
2515,中工,17,8,9,元大-新盛,2023-11-08,9869
00934,中信成長高股息,8,0,8,元大-新盛,2023-11-08,9869
2457,飛宏,8,0,8,元大-新盛,2023-11-08,9869
2461,光群雷,8,0,8,元大-新盛,2023-11-08,9869
8936,國統,14,6,8,元大-新盛,2023-11-08,9869
2332,友訊,7,0,7,元大-新盛,2023-11-08,9869
2382,廣達,32,24,8,元大-新盛,2023-11-08,9869
1815,富喬,35,28,7,元大-新盛,2023-11-08,9869
3058,立德,11,4,7,元大-新盛,2023-11-08,9869
00878,國泰永續高股息,328,7,321,元大-新盛,2023-11-09,9869
00680L,元大美債20正2,207,11,196,元大-新盛,2023-11-09,9869
00720B,元大投資級公司債,105,4,101,元大-新盛,2023-11-09,9869
00642U,期元大S＆P石油,85,0,85,元大-新盛,2023-11-09,9869
00929,復華台灣科技優息,166,82,84,元大-新盛,2023-11-09,9869
00632R,元大台灣50反1,69,11,58,元大-新盛,2023-11-09,9869
2329,華泰,93,37,56,元大-新盛,2023-11-09,9869
3374,精材,56,0,56,元大-新盛,2023-11-09,9869
9105,泰金寶-DR,46,0,46,元大-新盛,2023-11-09,9869
00936,台新永續高息中小,39,0,39,元大-新盛,2023-11-09,9869
2421,建準,32,5,27,元大-新盛,2023-11-09,9869
2363,矽統,130,106,24,元大-新盛,2023-11-09,9869
6125,廣運,36,13,23,元大-新盛,2023-11-09,9869
5347,世界,23,1,22,元大-新盛,2023-11-09,9869
0056,元大高股息,36,14,22,元大-新盛,2023-11-09,9869
6133,金橋,20,0,20,元大-新盛,2023-11-09,9869
2353,宏��,22,2,20,元大-新盛,2023-11-09,9869
2903,遠百,17,0,17,元大-新盛,2023-11-09,9869
3481,群創,22,6,16,元大-新盛,2023-11-09,9869
4306,炎洲,20,4,16,元大-新盛,2023-11-09,9869
00715L,期街口布蘭特正2,17,1,16,元大-新盛,2023-11-09,9869
2374,佳能,16,1,15,元大-新盛,2023-11-09,9869
3567,逸昌,15,0,15,元大-新盛,2023-11-09,9869
00922,國泰台灣領袖50,14,0,14,元大-新盛,2023-11-09,9869
5009,榮剛,14,0,14,元大-新盛,2023-11-09,9869
6284,佳邦,23,10,13,元大-新盛,2023-11-09,9869
3041,揚智,15,2,13,元大-新盛,2023-11-09,9869
1522,堤維西,42,30,12,元大-新盛,2023-11-09,9869
2419,仲琦,12,0,12,元大-新盛,2023-11-09,9869
3202,樺晟,20,8,12,元大-新盛,2023-11-09,9869
3380,明泰,11,0,11,元大-新盛,2023-11-09,9869
2201,裕隆,19,8,11,元大-新盛,2023-11-09,9869
4933,友輝,13,2,11,元大-新盛,2023-11-09,9869
2331,精英,18,7,11,元大-新盛,2023-11-09,9869
2486,一詮,24,13,11,元大-新盛,2023-11-09,9869
8390,金益鼎,10,0,10,元大-新盛,2023-11-09,9869
3622,洋華,10,0,10,元大-新盛,2023-11-09,9869
8499,鼎炫-KY,10,0,10,元大-新盛,2023-11-09,9869
2059,川湖,10,1,9,元大-新盛,2023-11-09,9869
6126,信音,9,0,9,元大-新盛,2023-11-09,9869
8050,廣積,10,1,9,元大-新盛,2023-11-09,9869
2305,全友,9,0,9,元大-新盛,2023-11-09,9869
6530,創威,24,15,9,元大-新盛,2023-11-09,9869
4128,中天,17,9,8,元大-新盛,2023-11-09,9869
2405,輔信,8,0,8,元大-新盛,2023-11-09,9869
3066,李洲,8,0,8,元大-新盛,2023-11-09,9869
1584,精剛,17,10,7,元大-新盛,2023-11-09,9869
6117,迎廣,35,28,7,元大-新盛,2023-11-09,9869
3322,建舜電,7,0,7,元大-新盛,2023-11-09,9869
6233,旺玖,7,0,7,元大-新盛,2023-11-09,9869
00680L,元大美債20正2,330,3,327,元大-新盛,2023-11-10,9869
00878,國泰永續高股息,121,50,71,元大-新盛,2023-11-10,9869
6271,同欣電,51,1,50,元大-新盛,2023-11-10,9869
00687B,國泰20年美債,44,0,44,元大-新盛,2023-11-10,9869
6664,群翊,40,1,39,元大-新盛,2023-11-10,9869
00720B,元大投資級公司債,38,0,38,元大-新盛,2023-11-10,9869
4164,承業醫,40,4,36,元大-新盛,2023-11-10,9869
00929,復華台灣科技優息,39,5,34,元大-新盛,2023-11-10,9869
00936,台新永續高息中小,32,1,31,元大-新盛,2023-11-10,9869
2883,凱基金,27,0,27,元大-新盛,2023-11-10,9869
00715L,期街口布蘭特正2,40,14,26,元大-新盛,2023-11-10,9869
2363,矽統,79,54,25,元大-新盛,2023-11-10,9869
4532,瑞智,24,0,24,元大-新盛,2023-11-10,9869
1504,東元,24,1,23,元大-新盛,2023-11-10,9869
2542,興富發,22,0,22,元大-新盛,2023-11-10,9869
9105,泰金寶-DR,20,0,20,元大-新盛,2023-11-10,9869
00882,中信中國高股息,20,0,20,元大-新盛,2023-11-10,9869
6290,良維,28,9,19,元大-新盛,2023-11-10,9869
2419,仲琦,18,0,18,元大-新盛,2023-11-10,9869
00919,群益台灣精選高息,21,4,17,元大-新盛,2023-11-10,9869
00708L,期元大S＆P黃金正2,57,40,17,元大-新盛,2023-11-10,9869
3231,緯創,99,83,16,元大-新盛,2023-11-10,9869
3481,群創,21,6,15,元大-新盛,2023-11-10,9869
3051,力特,16,1,15,元大-新盛,2023-11-10,9869
2618,長榮航,18,4,14,元大-新盛,2023-11-10,9869
8086,宏捷科,34,21,13,元大-新盛,2023-11-10,9869
1802,台玻,13,0,13,元大-新盛,2023-11-10,9869
2317,鴻海,17,4,13,元大-新盛,2023-11-10,9869
1612,宏泰,12,0,12,元大-新盛,2023-11-10,9869
00637L,元大滬深300正2,16,5,11,元大-新盛,2023-11-10,9869
2486,一詮,18,7,11,元大-新盛,2023-11-10,9869
1304,台聚,10,0,10,元大-新盛,2023-11-10,9869
4743,合一,34,24,10,元大-新盛,2023-11-10,9869
3483,力致,17,7,10,元大-新盛,2023-11-10,9869
2332,友訊,10,0,10,元大-新盛,2023-11-10,9869
2867,三商壽,10,0,10,元大-新盛,2023-11-10,9869
4906,正文,10,0,10,元大-新盛,2023-11-10,9869
3702A,大聯大甲特,10,0,10,元大-新盛,2023-11-10,9869
6829,千附精密,10,0,10,元大-新盛,2023-11-10,9869
1460,宏遠,10,0,10,元大-新盛,2023-11-10,9869
6191,精成科,13,3,10,元大-新盛,2023-11-10,9869
00722B,群益投資級電信債,10,0,10,元大-新盛,2023-11-10,9869
3006,晶豪科,15,5,10,元大-新盛,2023-11-10,9869
2201,裕隆,37,28,9,元大-新盛,2023-11-10,9869
2492,華新科,9,0,9,元大-新盛,2023-11-10,9869
2634,漢翔,9,0,9,元大-新盛,2023-11-10,9869
1584,精剛,9,0,9,元大-新盛,2023-11-10,9869
1762,中化生,10,1,9,元大-新盛,2023-11-10,9869
2605,新興,9,0,9,元大-新盛,2023-11-10,9869
4168,醣聯,10,1,9,元大-新盛,2023-11-10,9869
00680L,元大美債20正2,306,20,286,元大-新盛,2023-11-13,9869
2382,廣達,212,17,195,元大-新盛,2023-11-13,9869
00929,復華台灣科技優息,125,22,103,元大-新盛,2023-11-13,9869
00923,群益台ESG低碳50,87,6,81,元大-新盛,2023-11-13,9869
4306,炎洲,80,1,79,元大-新盛,2023-11-13,9869
00720B,元大投資級公司債,56,4,52,元大-新盛,2023-11-13,9869
2883,凱基金,52,2,50,元大-新盛,2023-11-13,9869
6799,來頡,30,0,30,元大-新盛,2023-11-13,9869
00715L,期街口布蘭特正2,57,27,30,元大-新盛,2023-11-13,9869
00878,國泰永續高股息,36,8,28,元大-新盛,2023-11-13,9869
2618,長榮航,542,514,28,元大-新盛,2023-11-13,9869
1504,東元,29,5,24,元大-新盛,2023-11-13,9869
6290,良維,24,2,22,元大-新盛,2023-11-13,9869
1101,台泥,26,5,21,元大-新盛,2023-11-13,9869
6116,彩晶,21,0,21,元大-新盛,2023-11-13,9869
6138,茂達,20,0,20,元大-新盛,2023-11-13,9869
2867,三商壽,20,0,20,元大-新盛,2023-11-13,9869
2834,臺企銀,20,0,20,元大-新盛,2023-11-13,9869
00637L,元大滬深300正2,16,0,16,元大-新盛,2023-11-13,9869
00936,台新永續高息中小,21,5,16,元大-新盛,2023-11-13,9869
2462,良得電,17,1,16,元大-新盛,2023-11-13,9869
8076,伍豐,28,14,14,元大-新盛,2023-11-13,9869
1608,華榮,14,0,14,元大-新盛,2023-11-13,9869
00712,復華富時不動產,13,0,13,元大-新盛,2023-11-13,9869
8936,國統,15,2,13,元大-新盛,2023-11-13,9869
2338,光罩,14,1,13,元大-新盛,2023-11-13,9869
00919,群益台灣精選高息,13,0,13,元大-新盛,2023-11-13,9869
3376,新日興,22,9,13,元大-新盛,2023-11-13,9869
00772B,中信高評級公司債,12,0,12,元大-新盛,2023-11-13,9869
00687B,國泰20年美債,15,3,12,元大-新盛,2023-11-13,9869
00882,中信中國高股息,11,0,11,元大-新盛,2023-11-13,9869
3543,州巧,11,0,11,元大-新盛,2023-11-13,9869
2855,統一證,10,0,10,元大-新盛,2023-11-13,9869
1305,華夏,10,0,10,元大-新盛,2023-11-13,9869
8084,巨虹,10,0,10,元大-新盛,2023-11-13,9869
1909,榮成,10,0,10,元大-新盛,2023-11-13,9869
2406,國碩,10,0,10,元大-新盛,2023-11-13,9869
00632R,元大台灣50反1,29,19,10,元大-新盛,2023-11-13,9869
2504,國產,10,0,10,元大-新盛,2023-11-13,9869
6124,業強,10,0,10,元大-新盛,2023-11-13,9869
2468,華經,10,0,10,元大-新盛,2023-11-13,9869
00753L,中信中國50正2,10,0,10,元大-新盛,2023-11-13,9869
2353,宏��,10,1,9,元大-新盛,2023-11-13,9869
8426,紅木-KY,10,1,9,元大-新盛,2023-11-13,9869
5351,鈺創,10,1,9,元大-新盛,2023-11-13,9869
3202,樺晟,9,0,9,元大-新盛,2023-11-13,9869
2881,富邦金,10,1,9,元大-新盛,2023-11-13,9869
4128,中天,31,23,8,元大-新盛,2023-11-13,9869
4915,致伸,9,1,8,元大-新盛,2023-11-13,9869
5392,能率,8,0,8,元大-新盛,2023-11-13,9869
00680L,元大美債20正2,230,0,230,元大-新盛,2023-11-14,9869
00929,復華台灣科技優息,250,26,224,元大-新盛,2023-11-14,9869
00720B,元大投資級公司債,162,1,161,元大-新盛,2023-11-14,9869
00919,群益台灣精選高息,138,11,127,元大-新盛,2023-11-14,9869
00878,國泰永續高股息,88,3,85,元大-新盛,2023-11-14,9869
2462,良得電,85,3,82,元大-新盛,2023-11-14,9869
2883B,凱基金乙特,50,0,50,元大-新盛,2023-11-14,9869
5469,瀚宇博,68,18,50,元大-新盛,2023-11-14,9869
5521,工信,42,0,42,元大-新盛,2023-11-14,9869
2516,新建,40,0,40,元大-新盛,2023-11-14,9869
2515,中工,39,0,39,元大-新盛,2023-11-14,9869
1504,東元,39,2,37,元大-新盛,2023-11-14,9869
4306,炎洲,31,0,31,元大-新盛,2023-11-14,9869
2892,第一金,31,0,31,元大-新盛,2023-11-14,9869
0056,元大高股息,69,40,29,元大-新盛,2023-11-14,9869
2606,裕民,28,4,24,元大-新盛,2023-11-14,9869
3189,景碩,25,1,24,元大-新盛,2023-11-14,9869
2034,允強,24,0,24,元大-新盛,2023-11-14,9869
1101,台泥,22,0,22,元大-新盛,2023-11-14,9869
2303,聯電,21,0,21,元大-新盛,2023-11-14,9869
00753L,中信中國50正2,20,0,20,元大-新盛,2023-11-14,9869
5498,凱崴,20,0,20,元大-新盛,2023-11-14,9869
00933B,國泰10Y+金融債,20,0,20,元大-新盛,2023-11-14,9869
2542,興富發,20,1,19,元大-新盛,2023-11-14,9869
2382,廣達,25,7,18,元大-新盛,2023-11-14,9869
00642U,期元大S＆P石油,20,2,18,元大-新盛,2023-11-14,9869
5351,鈺創,19,1,18,元大-新盛,2023-11-14,9869
00637L,元大滬深300正2,84,66,18,元大-新盛,2023-11-14,9869
5009,榮剛,17,0,17,元大-新盛,2023-11-14,9869
6169,昱泉,15,0,15,元大-新盛,2023-11-14,9869
00712,復華富時不動產,15,0,15,元大-新盛,2023-11-14,9869
2329,華泰,35,21,14,元大-新盛,2023-11-14,9869
2399,映泰,14,0,14,元大-新盛,2023-11-14,9869
6282,康舒,15,2,13,元大-新盛,2023-11-14,9869
4162,智擎,12,0,12,元大-新盛,2023-11-14,9869
4128,中天,15,3,12,元大-新盛,2023-11-14,9869
00935,野村臺灣新科技50,12,0,12,元大-新盛,2023-11-14,9869
00715L,期街口布蘭特正2,87,76,11,元大-新盛,2023-11-14,9869
3402,漢科,11,0,11,元大-新盛,2023-11-14,9869
5353,台林,11,0,11,元大-新盛,2023-11-14,9869
00687B,國泰20年美債,11,0,11,元大-新盛,2023-11-14,9869
2353,宏��,27,16,11,元大-新盛,2023-11-14,9869
00646,元大S＆P500,11,0,11,元大-新盛,2023-11-14,9869
6933,AMAX-KY,11,0,11,元大-新盛,2023-11-14,9869
9928,中視,11,0,11,元大-新盛,2023-11-14,9869
00679B,元大美債20年,15,4,11,元大-新盛,2023-11-14,9869
2855,統一證,10,0,10,元大-新盛,2023-11-14,9869
2243,宏旭-KY,12,2,10,元大-新盛,2023-11-14,9869
3231,緯創,89,79,10,元大-新盛,2023-11-14,9869
1909,榮成,10,0,10,元大-新盛,2023-11-14,9869
3013,晟銘電,202,6,196,元大-新盛,2023-11-15,9869
00919,群益台灣精選高息,132,15,117,元大-新盛,2023-11-15,9869
00885,富邦越南,105,11,94,元大-新盛,2023-11-15,9869
4306,炎洲,70,0,70,元大-新盛,2023-11-15,9869
6526,達發,31,0,31,元大-新盛,2023-11-15,9869
2421,建準,33,3,30,元大-新盛,2023-11-15,9869
00632R,元大台灣50反1,35,5,30,元大-新盛,2023-11-15,9869
2401,凌陽,50,22,28,元大-新盛,2023-11-15,9869
2449,京元電子,72,48,24,元大-新盛,2023-11-15,9869
3017,奇鋐,26,4,22,元大-新盛,2023-11-15,9869
6164,華興,21,0,21,元大-新盛,2023-11-15,9869
6111,大宇資,20,0,20,元大-新盛,2023-11-15,9869
2855,統一證,20,0,20,元大-新盛,2023-11-15,9869
1449,佳和,18,1,17,元大-新盛,2023-11-15,9869
00679B,元大美債20年,17,0,17,元大-新盛,2023-11-15,9869
3450,聯鈞,22,7,15,元大-新盛,2023-11-15,9869
6138,茂達,28,13,15,元大-新盛,2023-11-15,9869
3708,上緯投控,12,0,12,元大-新盛,2023-11-15,9869
2323,中環,15,3,12,元大-新盛,2023-11-15,9869
3025,星通,22,10,12,元大-新盛,2023-11-15,9869
2402,毅嘉,11,0,11,元大-新盛,2023-11-15,9869
5258,虹堡,12,1,11,元大-新盛,2023-11-15,9869
00680L,元大美債20正2,18,7,11,元大-新盛,2023-11-15,9869
2606,裕民,22,12,10,元大-新盛,2023-11-15,9869
3036A,文曄甲特,10,0,10,元大-新盛,2023-11-15,9869
00935,野村臺灣新科技50,10,0,10,元大-新盛,2023-11-15,9869
3021,鴻名,10,0,10,元大-新盛,2023-11-15,9869
6015,宏遠證,10,0,10,元大-新盛,2023-11-15,9869
8930,青鋼,10,0,10,元大-新盛,2023-11-15,9869
3276,宇環,15,6,9,元大-新盛,2023-11-15,9869
5353,台林,9,0,9,元大-新盛,2023-11-15,9869
2312,金寶,11,2,9,元大-新盛,2023-11-15,9869
8996,高力,12,4,8,元大-新盛,2023-11-15,9869
6509,聚和,8,0,8,元大-新盛,2023-11-15,9869
3044,健鼎,8,0,8,元大-新盛,2023-11-15,9869
9933,中鼎,8,0,8,元大-新盛,2023-11-15,9869
2634,漢翔,7,0,7,元大-新盛,2023-11-15,9869
00671R,富邦NASDAQ反1,35,28,7,元大-新盛,2023-11-15,9869
3029,零壹,7,0,7,元大-新盛,2023-11-15,9869
1440,南紡,10,3,7,元大-新盛,2023-11-15,9869
1514,亞力,11,4,7,元大-新盛,2023-11-15,9869
3094,聯傑,7,0,7,元大-新盛,2023-11-15,9869
3066,李洲,7,0,7,元大-新盛,2023-11-15,9869
4950,牧東,7,0,7,元大-新盛,2023-11-15,9869
6139,亞翔,16,9,7,元大-新盛,2023-11-15,9869
3006,晶豪科,45,39,6,元大-新盛,2023-11-15,9869
3548,兆利,9,3,6,元大-新盛,2023-11-15,9869
1616,億泰,6,0,6,元大-新盛,2023-11-15,9869
6194,育富,6,0,6,元大-新盛,2023-11-15,9869
3617,碩天,9,3,6,元大-新盛,2023-11-15,9869
00680L,元大美債20正2,309,0,309,元大-新盛,2023-11-16,9869
2603,長榮,257,23,234,元大-新盛,2023-11-16,9869
00720B,元大投資級公司債,221,20,201,元大-新盛,2023-11-16,9869
00878,國泰永續高股息,153,7,146,元大-新盛,2023-11-16,9869
00919,群益台灣精選高息,79,6,73,元大-新盛,2023-11-16,9869
00687B,國泰20年美債,53,0,53,元大-新盛,2023-11-16,9869
4306,炎洲,50,0,50,元大-新盛,2023-11-16,9869
00637L,元大滬深300正2,58,9,49,元大-新盛,2023-11-16,9869
2352,佳世達,52,4,48,元大-新盛,2023-11-16,9869
3231,緯創,112,73,39,元大-新盛,2023-11-16,9869
6584,南俊國際,39,1,38,元大-新盛,2023-11-16,9869
00929,復華台灣科技優息,42,7,35,元大-新盛,2023-11-16,9869
2324,仁寶,31,0,31,元大-新盛,2023-11-16,9869
00795B,中信美國公債20年,31,0,31,元大-新盛,2023-11-16,9869
00632R,元大台灣50反1,30,0,30,元大-新盛,2023-11-16,9869
2421,建準,30,0,30,元大-新盛,2023-11-16,9869
2417,圓剛,96,76,20,元大-新盛,2023-11-16,9869
00679B,元大美債20年,20,0,20,元大-新盛,2023-11-16,9869
00772B,中信高評級公司債,16,0,16,元大-新盛,2023-11-16,9869
3325,旭品,15,0,15,元大-新盛,2023-11-16,9869
5009,榮剛,15,0,15,元大-新盛,2023-11-16,9869
8024,佑華,15,0,15,元大-新盛,2023-11-16,9869
00885,富邦越南,19,5,14,元大-新盛,2023-11-16,9869
3013,晟銘電,17,4,13,元大-新盛,2023-11-16,9869
00857B,永豐20年美公債,13,0,13,元大-新盛,2023-11-16,9869
2312,金寶,17,5,12,元大-新盛,2023-11-16,9869
1101,台泥,13,1,12,元大-新盛,2023-11-16,9869
00715L,期街口布蘭特正2,12,0,12,元大-新盛,2023-11-16,9869
3017,奇鋐,15,4,11,元大-新盛,2023-11-16,9869
2402,毅嘉,38,27,11,元大-新盛,2023-11-16,9869
3264,欣銓,21,10,11,元大-新盛,2023-11-16,9869
00722B,群益投資級電信債,11,0,11,元大-新盛,2023-11-16,9869
2382,廣達,20,10,10,元大-新盛,2023-11-16,9869
4967,十銓,23,13,10,元大-新盛,2023-11-16,9869
4167,松瑞藥,10,0,10,元大-新盛,2023-11-16,9869
2834,臺企銀,10,0,10,元大-新盛,2023-11-16,9869
5608,四維航,10,0,10,元大-新盛,2023-11-16,9869
5706,鳳凰,22,12,10,元大-新盛,2023-11-16,9869
5704,老爺知,10,1,9,元大-新盛,2023-11-16,9869
8936,國統,10,1,9,元大-新盛,2023-11-16,9869
00902,中信電池及儲能,8,0,8,元大-新盛,2023-11-16,9869
00882,中信中國高股息,9,1,8,元大-新盛,2023-11-16,9869
3532,台勝科,9,1,8,元大-新盛,2023-11-16,9869
8464,億豐,8,0,8,元大-新盛,2023-11-16,9869
2442,新美齊,8,0,8,元大-新盛,2023-11-16,9869
0056,元大高股息,76,69,7,元大-新盛,2023-11-16,9869
6150,撼訊,8,1,7,元大-新盛,2023-11-16,9869
1519,華城,11,4,7,元大-新盛,2023-11-16,9869
6278,台表科,7,0,7,元大-新盛,2023-11-16,9869
6901,鑽石投資,8,1,7,元大-新盛,2023-11-16,9869
00680L,元大美債20正2,565,3,562,元大-新盛,2023-11-17,9869
3481,群創,515,11,504,元大-新盛,2023-11-17,9869
00720B,元大投資級公司債,305,12,293,元大-新盛,2023-11-17,9869
00637L,元大滬深300正2,223,14,209,元大-新盛,2023-11-17,9869
00772B,中信高評級公司債,203,0,203,元大-新盛,2023-11-17,9869
4915,致伸,155,0,155,元大-新盛,2023-11-17,9869
4306,炎洲,110,0,110,元大-新盛,2023-11-17,9869
00642U,期元大S＆P石油,89,0,89,元大-新盛,2023-11-17,9869
5469,瀚宇博,123,59,64,元大-新盛,2023-11-17,9869
2417,圓剛,69,6,63,元大-新盛,2023-11-17,9869
0056,元大高股息,76,24,52,元大-新盛,2023-11-17,9869
00632R,元大台灣50反1,45,0,45,元大-新盛,2023-11-17,9869
2421,建準,44,0,44,元大-新盛,2023-11-17,9869
2352,佳世達,37,1,36,元大-新盛,2023-11-17,9869
00753L,中信中國50正2,36,0,36,元大-新盛,2023-11-17,9869
6443,元晶,30,2,28,元大-新盛,2023-11-17,9869
00687B,國泰20年美債,24,0,24,元大-新盛,2023-11-17,9869
3094,聯傑,33,10,23,元大-新盛,2023-11-17,9869
3694,海華,26,3,23,元大-新盛,2023-11-17,9869
2618,長榮航,307,285,22,元大-新盛,2023-11-17,9869
8011,台通,23,1,22,元大-新盛,2023-11-17,9869
2399,映泰,22,0,22,元大-新盛,2023-11-17,9869
2630,亞航,22,1,21,元大-新盛,2023-11-17,9869
3617,碩天,21,1,20,元大-新盛,2023-11-17,9869
2405,輔信,25,5,20,元大-新盛,2023-11-17,9869
00712,復華富時不動產,24,4,20,元大-新盛,2023-11-17,9869
3036,文曄,20,0,20,元大-新盛,2023-11-17,9869
00795B,中信美國公債20年,19,0,19,元大-新盛,2023-11-17,9869
9914,美利達,19,0,19,元大-新盛,2023-11-17,9869
2727,王品,18,1,17,元大-新盛,2023-11-17,9869
8021,尖點,16,0,16,元大-新盛,2023-11-17,9869
4714,永捷,16,0,16,元大-新盛,2023-11-17,9869
3041,揚智,50,34,16,元大-新盛,2023-11-17,9869
2312,金寶,28,13,15,元大-新盛,2023-11-17,9869
4510,高鋒,15,0,15,元大-新盛,2023-11-17,9869
3372,典範,14,0,14,元大-新盛,2023-11-17,9869
2408,南亞科,15,1,14,元大-新盛,2023-11-17,9869
2705,六福,12,0,12,元大-新盛,2023-11-17,9869
00931B,統一美債20年,12,0,12,元大-新盛,2023-11-17,9869
00679B,元大美債20年,12,0,12,元大-新盛,2023-11-17,9869
00878,國泰永續高股息,22,11,11,元大-新盛,2023-11-17,9869
00902,中信電池及儲能,11,0,11,元大-新盛,2023-11-17,9869
2409,友達,22,11,11,元大-新盛,2023-11-17,9869
3483,力致,14,3,11,元大-新盛,2023-11-17,9869
5258,虹堡,12,1,11,元大-新盛,2023-11-17,9869
3260,威剛,10,0,10,元大-新盛,2023-11-17,9869
2412,中華電,10,0,10,元大-新盛,2023-11-17,9869
00665L,富邦�琤肭磪囓�2,10,0,10,元大-新盛,2023-11-17,9869
2461,光群雷,10,0,10,元大-新盛,2023-11-17,9869
2539,櫻花建,10,1,9,元大-新盛,2023-11-17,9869
4306,炎洲,130,0,130,元大-新盛,2023-11-20,9869
3227,原相,102,5,97,元大-新盛,2023-11-20,9869
00929,復華台灣科技優息,100,21,79,元大-新盛,2023-11-20,9869
8358,金居,56,0,56,元大-新盛,2023-11-20,9869
2413,環科,50,0,50,元大-新盛,2023-11-20,9869
6533,晶心科,51,1,50,元大-新盛,2023-11-20,9869
3704,合勤控,51,1,50,元大-新盛,2023-11-20,9869
3036,文曄,80,32,48,元大-新盛,2023-11-20,9869
2610,華航,106,63,43,元大-新盛,2023-11-20,9869
0056,元大高股息,47,4,43,元大-新盛,2023-11-20,9869
5009,榮剛,31,0,31,元大-新盛,2023-11-20,9869
00850,元大臺灣ESG永續,30,0,30,元大-新盛,2023-11-20,9869
00924,復華S＆P500成長,30,0,30,元大-新盛,2023-11-20,9869
9945,潤泰新,31,1,30,元大-新盛,2023-11-20,9869
2363,矽統,82,53,29,元大-新盛,2023-11-20,9869
00878,國泰永續高股息,32,4,28,元大-新盛,2023-11-20,9869
3376,新日興,43,16,27,元大-新盛,2023-11-20,9869
9105,泰金寶-DR,26,0,26,元大-新盛,2023-11-20,9869
00885,富邦越南,38,13,25,元大-新盛,2023-11-20,9869
2462,良得電,24,1,23,元大-新盛,2023-11-20,9869
00687B,國泰20年美債,23,0,23,元大-新盛,2023-11-20,9869
00915,凱基優選高股息30,22,0,22,元大-新盛,2023-11-20,9869
2344,華邦電,72,51,21,元大-新盛,2023-11-20,9869
3324,雙鴻,27,7,20,元大-新盛,2023-11-20,9869
00690,兆豐藍籌30,18,0,18,元大-新盛,2023-11-20,9869
2352,佳世達,31,14,17,元大-新盛,2023-11-20,9869
1449,佳和,17,0,17,元大-新盛,2023-11-20,9869
1326,台化,17,0,17,元大-新盛,2023-11-20,9869
2356,英業達,28,12,16,元大-新盛,2023-11-20,9869
4746,台耀,35,19,16,元大-新盛,2023-11-20,9869
00679B,元大美債20年,16,0,16,元大-新盛,2023-11-20,9869
2705,六福,16,0,16,元大-新盛,2023-11-20,9869
00772B,中信高評級公司債,14,0,14,元大-新盛,2023-11-20,9869
3006,晶豪科,14,0,14,元大-新盛,2023-11-20,9869
3363,上詮,13,0,13,元大-新盛,2023-11-20,9869
2409,友達,35,22,13,元大-新盛,2023-11-20,9869
00795B,中信美國公債20年,13,0,13,元大-新盛,2023-11-20,9869
6271,同欣電,16,4,12,元大-新盛,2023-11-20,9869
1605,華新,13,1,12,元大-新盛,2023-11-20,9869
2465,麗臺,14,2,12,元大-新盛,2023-11-20,9869
5531,鄉林,12,0,12,元大-新盛,2023-11-20,9869
00720B,元大投資級公司債,13,2,11,元大-新盛,2023-11-20,9869
2748,雲品,25,14,11,元大-新盛,2023-11-20,9869
9950,萬國通,11,0,11,元大-新盛,2023-11-20,9869
6204,艾華,11,0,11,元大-新盛,2023-11-20,9869
2883B,凱基金乙特,10,0,10,元大-新盛,2023-11-20,9869
2417,圓剛,20,10,10,元大-新盛,2023-11-20,9869
00706L,期元大S＆P日圓正2,10,0,10,元大-新盛,2023-11-20,9869
00936,台新永續高息中小,10,0,10,元大-新盛,2023-11-20,9869
2317,鴻海,13,3,10,元大-新盛,2023-11-20,9869
00680L,元大美債20正2,230,3,227,元大-新盛,2023-11-21,9869
00720B,元大投資級公司債,226,0,226,元大-新盛,2023-11-21,9869
1714,和桐,189,2,187,元大-新盛,2023-11-21,9869
5347,世界,119,10,109,元大-新盛,2023-11-21,9869
3483,力致,115,19,96,元大-新盛,2023-11-21,9869
4306,炎洲,100,13,87,元大-新盛,2023-11-21,9869
00882,中信中國高股息,76,4,72,元大-新盛,2023-11-21,9869
2367,燿華,78,20,58,元大-新盛,2023-11-21,9869
3704,合勤控,50,0,50,元大-新盛,2023-11-21,9869
3227,原相,51,2,49,元大-新盛,2023-11-21,9869
00929,復華台灣科技優息,67,18,49,元大-新盛,2023-11-21,9869
3036,文曄,51,3,48,元大-新盛,2023-11-21,9869
5351,鈺創,63,19,44,元大-新盛,2023-11-21,9869
00712,復華富時不動產,55,12,43,元大-新盛,2023-11-21,9869
2618,長榮航,251,215,36,元大-新盛,2023-11-21,9869
3032,偉訓,34,0,34,元大-新盛,2023-11-21,9869
2352,佳世達,32,0,32,元大-新盛,2023-11-21,9869
2329,華泰,44,15,29,元大-新盛,2023-11-21,9869
2436,偉詮電,29,1,28,元大-新盛,2023-11-21,9869
2855,統一證,25,0,25,元大-新盛,2023-11-21,9869
4533,協易機,24,0,24,元大-新盛,2023-11-21,9869
1524,耿鼎,27,4,23,元大-新盛,2023-11-21,9869
2332,友訊,32,10,22,元大-新盛,2023-11-21,9869
3059,華晶科,33,11,22,元大-新盛,2023-11-21,9869
6531,愛普*,23,2,21,元大-新盛,2023-11-21,9869
1727,中華化,20,0,20,元大-新盛,2023-11-21,9869
2486,一詮,26,7,19,元大-新盛,2023-11-21,9869
2439,美律,21,4,17,元大-新盛,2023-11-21,9869
00679B,元大美債20年,21,5,16,元大-新盛,2023-11-21,9869
3707,漢磊,15,0,15,元大-新盛,2023-11-21,9869
8064,東捷,15,0,15,元大-新盛,2023-11-21,9869
2337,旺宏,16,2,14,元大-新盛,2023-11-21,9869
8068,全達,14,0,14,元大-新盛,2023-11-21,9869
2331,精英,16,2,14,元大-新盛,2023-11-21,9869
3715,定穎投控,33,19,14,元大-新盛,2023-11-21,9869
3481,群創,24,11,13,元大-新盛,2023-11-21,9869
6158,禾昌,15,3,12,元大-新盛,2023-11-21,9869
00936,台新永續高息中小,12,0,12,元大-新盛,2023-11-21,9869
3041,揚智,27,15,12,元大-新盛,2023-11-21,9869
2542,興富發,12,0,12,元大-新盛,2023-11-21,9869
6695,芯鼎,14,2,12,元大-新盛,2023-11-21,9869
2887,台新金,26,14,12,元大-新盛,2023-11-21,9869
2883,凱基金,27,15,12,元大-新盛,2023-11-21,9869
6168,宏齊,22,11,11,元大-新盛,2023-11-21,9869
00706L,期元大S＆P日圓正2,11,0,11,元大-新盛,2023-11-21,9869
3512,皇龍,11,0,11,元大-新盛,2023-11-21,9869
00885,富邦越南,17,7,10,元大-新盛,2023-11-21,9869
00795B,中信美國公債20年,10,0,10,元大-新盛,2023-11-21,9869
00655L,國泰中國A50正2,11,1,10,元大-新盛,2023-11-21,9869
2363,矽統,50,40,10,元大-新盛,2023-11-21,9869
00919,群益台灣精選高息,240,1,239,元大-新盛,2023-11-22,9869
00637L,元大滬深300正2,218,6,212,元大-新盛,2023-11-22,9869
3231,緯創,174,24,150,元大-新盛,2023-11-22,9869
2439,美律,90,10,80,元大-新盛,2023-11-22,9869
2382,廣達,91,13,78,元大-新盛,2023-11-22,9869
5531,鄉林,65,0,65,元大-新盛,2023-11-22,9869
2356,英業達,65,2,63,元大-新盛,2023-11-22,9869
3583,辛耘,57,5,52,元大-新盛,2023-11-22,9869
9934,成霖,50,0,50,元大-新盛,2023-11-22,9869
4306,炎洲,50,0,50,元大-新盛,2023-11-22,9869
5225,東科-KY,43,2,41,元大-新盛,2023-11-22,9869
00679B,元大美債20年,38,1,37,元大-新盛,2023-11-22,9869
00922,國泰台灣領袖50,36,0,36,元大-新盛,2023-11-22,9869
6125,廣運,55,21,34,元大-新盛,2023-11-22,9869
3504,揚明光,44,11,33,元大-新盛,2023-11-22,9869
1785,光洋科,35,5,30,元大-新盛,2023-11-22,9869
2421,建準,31,2,29,元大-新盛,2023-11-22,9869
3325,旭品,45,17,28,元大-新盛,2023-11-22,9869
6139,亞翔,47,20,27,元大-新盛,2023-11-22,9869
3227,原相,31,4,27,元大-新盛,2023-11-22,9869
4128,中天,25,0,25,元大-新盛,2023-11-22,9869
2618,長榮航,77,54,23,元大-新盛,2023-11-22,9869
2002,中鋼,23,1,22,元大-新盛,2023-11-22,9869
2883,凱基金,129,108,21,元大-新盛,2023-11-22,9869
00680L,元大美債20正2,21,1,20,元大-新盛,2023-11-22,9869
9907,統一實,20,0,20,元大-新盛,2023-11-22,9869
00687B,國泰20年美債,18,0,18,元大-新盛,2023-11-22,9869
1449,佳和,18,0,18,元大-新盛,2023-11-22,9869
2352,佳世達,31,14,17,元大-新盛,2023-11-22,9869
3006,晶豪科,20,3,17,元大-新盛,2023-11-22,9869
2376,技嘉,24,8,16,元大-新盛,2023-11-22,9869
5512,力麒,16,0,16,元大-新盛,2023-11-22,9869
2609,陽明,15,0,15,元大-新盛,2023-11-22,9869
00929,復華台灣科技優息,68,54,14,元大-新盛,2023-11-22,9869
00931B,統一美債20年,14,0,14,元大-新盛,2023-11-22,9869
3025,星通,19,5,14,元大-新盛,2023-11-22,9869
2462,良得電,17,4,13,元大-新盛,2023-11-22,9869
6770,力積電,14,1,13,元大-新盛,2023-11-22,9869
2492,華新科,15,2,13,元大-新盛,2023-11-22,9869
2353,宏��,12,0,12,元大-新盛,2023-11-22,9869
00891,中信關鍵半導體,23,11,12,元大-新盛,2023-11-22,9869
00655L,國泰中國A50正2,11,0,11,元大-新盛,2023-11-22,9869
2812,台中銀,12,1,11,元大-新盛,2023-11-22,9869
1305,華夏,11,0,11,元大-新盛,2023-11-22,9869
6719,力智,12,1,11,元大-新盛,2023-11-22,9869
6215,和椿,11,0,11,元大-新盛,2023-11-22,9869
9950,萬國通,14,3,11,元大-新盛,2023-11-22,9869
00935,野村臺灣新科技50,11,0,11,元大-新盛,2023-11-22,9869
2409,友達,15,4,11,元大-新盛,2023-11-22,9869
4919,新唐,24,13,11,元大-新盛,2023-11-22,9869
00919,群益台灣精選高息,346,1,345,元大-新盛,2023-11-23,9869
3694,海華,203,7,196,元大-新盛,2023-11-23,9869
2883,凱基金,131,4,127,元大-新盛,2023-11-23,9869
1451,年興,100,0,100,元大-新盛,2023-11-23,9869
00637L,元大滬深300正2,131,51,80,元大-新盛,2023-11-23,9869
00878,國泰永續高股息,60,2,58,元大-新盛,2023-11-23,9869
00680L,元大美債20正2,77,19,58,元大-新盛,2023-11-23,9869
2462,良得電,56,2,54,元大-新盛,2023-11-23,9869
2736,富野,51,0,51,元大-新盛,2023-11-23,9869
4306,炎洲,51,0,51,元大-新盛,2023-11-23,9869
2421,建準,53,2,51,元大-新盛,2023-11-23,9869
4188,安克,45,0,45,元大-新盛,2023-11-23,9869
2439,美律,52,8,44,元大-新盛,2023-11-23,9869
3715,定穎投控,102,60,42,元大-新盛,2023-11-23,9869
6235,華孚,47,5,42,元大-新盛,2023-11-23,9869
00929,復華台灣科技優息,61,23,38,元大-新盛,2023-11-23,9869
00679B,元大美債20年,38,0,38,元大-新盛,2023-11-23,9869
2313,華通,37,6,31,元大-新盛,2023-11-23,9869
3231,緯創,51,21,30,元大-新盛,2023-11-23,9869
4183,福永生技,29,0,29,元大-新盛,2023-11-23,9869
3483,力致,33,5,28,元大-新盛,2023-11-23,9869
6282,康舒,97,70,27,元大-新盛,2023-11-23,9869
3260,威剛,28,4,24,元大-新盛,2023-11-23,9869
00934,中信成長高股息,25,1,24,元大-新盛,2023-11-23,9869
00671R,富邦NASDAQ反1,23,0,23,元大-新盛,2023-11-23,9869
00900,富邦特選高股息30,32,9,23,元大-新盛,2023-11-23,9869
8096,擎亞,22,0,22,元大-新盛,2023-11-23,9869
00935,野村臺灣新科技50,21,0,21,元大-新盛,2023-11-23,9869
2891,中信金,26,5,21,元大-新盛,2023-11-23,9869
2314,台揚,21,0,21,元大-新盛,2023-11-23,9869
3567,逸昌,20,0,20,元大-新盛,2023-11-23,9869
00923,群益台ESG低碳50,19,0,19,元大-新盛,2023-11-23,9869
9904,寶成,20,1,19,元大-新盛,2023-11-23,9869
2458,義隆,22,3,19,元大-新盛,2023-11-23,9869
6411,晶焱,18,0,18,元大-新盛,2023-11-23,9869
8054,安國,28,10,18,元大-新盛,2023-11-23,9869
8011,台通,29,11,18,元大-新盛,2023-11-23,9869
2363,矽統,74,57,17,元大-新盛,2023-11-23,9869
00757,統一FANG+,17,0,17,元大-新盛,2023-11-23,9869
1524,耿鼎,21,5,16,元大-新盛,2023-11-23,9869
2476,鉅祥,16,0,16,元大-新盛,2023-11-23,9869
3704,合勤控,15,0,15,元大-新盛,2023-11-23,9869
00715L,期街口布蘭特正2,62,47,15,元大-新盛,2023-11-23,9869
2852,第一保,15,0,15,元大-新盛,2023-11-23,9869
1303,南亞,14,0,14,元大-新盛,2023-11-23,9869
1449,佳和,14,1,13,元大-新盛,2023-11-23,9869
2492,華新科,13,0,13,元大-新盛,2023-11-23,9869
00720B,元大投資級公司債,19,7,12,元大-新盛,2023-11-23,9869
2488,漢平,12,0,12,元大-新盛,2023-11-23,9869
3691,碩禾,12,0,12,元大-新盛,2023-11-23,9869
2610,華航,166,13,153,元大-新盛,2023-11-24,9869
1451,年興,100,0,100,元大-新盛,2023-11-24,9869
4306,炎洲,70,0,70,元大-新盛,2023-11-24,9869
2515,中工,69,0,69,元大-新盛,2023-11-24,9869
2618,長榮航,100,32,68,元大-新盛,2023-11-24,9869
2883,凱基金,126,71,55,元大-新盛,2023-11-24,9869
1809,中釉,53,0,53,元大-新盛,2023-11-24,9869
00935,野村臺灣新科技50,49,0,49,元大-新盛,2023-11-24,9869
2462,良得電,49,0,49,元大-新盛,2023-11-24,9869
00712,復華富時不動產,46,0,46,元大-新盛,2023-11-24,9869
1605,華新,49,3,46,元大-新盛,2023-11-24,9869
2705,六福,44,0,44,元大-新盛,2023-11-24,9869
00679B,元大美債20年,43,0,43,元大-新盛,2023-11-24,9869
00671R,富邦NASDAQ反1,43,0,43,元大-新盛,2023-11-24,9869
9934,成霖,40,0,40,元大-新盛,2023-11-24,9869
3032,偉訓,41,1,40,元大-新盛,2023-11-24,9869
2363,矽統,72,32,40,元大-新盛,2023-11-24,9869
00720B,元大投資級公司債,38,0,38,元大-新盛,2023-11-24,9869
9105,泰金寶-DR,37,0,37,元大-新盛,2023-11-24,9869
5531,鄉林,35,0,35,元大-新盛,2023-11-24,9869
5469,瀚宇博,70,40,30,元大-新盛,2023-11-24,9869
2516,新建,45,15,30,元大-新盛,2023-11-24,9869
2421,建準,21,0,21,元大-新盛,2023-11-24,9869
6168,宏齊,21,1,20,元大-新盛,2023-11-24,9869
00706L,期元大S＆P日圓正2,20,0,20,元大-新盛,2023-11-24,9869
00753L,中信中國50正2,20,0,20,元大-新盛,2023-11-24,9869
2641,正德,20,0,20,元大-新盛,2023-11-24,9869
00632R,元大台灣50反1,20,0,20,元大-新盛,2023-11-24,9869
4720,德淵,20,0,20,元大-新盛,2023-11-24,9869
4188,安克,20,0,20,元大-新盛,2023-11-24,9869
2002,中鋼,43,23,20,元大-新盛,2023-11-24,9869
3231,緯創,29,10,19,元大-新盛,2023-11-24,9869
6173,信昌電,20,3,17,元大-新盛,2023-11-24,9869
3006,晶豪科,41,24,17,元大-新盛,2023-11-24,9869
2352,佳世達,18,2,16,元大-新盛,2023-11-24,9869
5351,鈺創,25,9,16,元大-新盛,2023-11-24,9869
6164,華興,15,0,15,元大-新盛,2023-11-24,9869
3532,台勝科,15,0,15,元大-新盛,2023-11-24,9869
2812,台中銀,13,0,13,元大-新盛,2023-11-24,9869
2330,台積電,12,0,12,元大-新盛,2023-11-24,9869
3450,聯鈞,14,2,12,元大-新盛,2023-11-24,9869
6138,茂達,13,1,12,元大-新盛,2023-11-24,9869
2748,雲品,22,11,11,元大-新盛,2023-11-24,9869
6235,華孚,27,16,11,元大-新盛,2023-11-24,9869
1584,精剛,16,5,11,元大-新盛,2023-11-24,9869
3666,光耀,14,3,11,元大-新盛,2023-11-24,9869
1471,首利,11,0,11,元大-新盛,2023-11-24,9869
6282,康舒,20,9,11,元大-新盛,2023-11-24,9869
2375,凱美,12,2,10,元大-新盛,2023-11-24,9869
3305,昇貿,10,0,10,元大-新盛,2023-11-24,9869
00637L,元大滬深300正2,194,11,183,元大-新盛,2023-11-27,9869
00712,復華富時不動產,183,0,183,元大-新盛,2023-11-27,9869
00929,復華台灣科技優息,126,0,126,元大-新盛,2023-11-27,9869
2344,華邦電,127,4,123,元大-新盛,2023-11-27,9869
1451,年興,110,0,110,元大-新盛,2023-11-27,9869
2883,凱基金,132,51,81,元大-新盛,2023-11-27,9869
9105,泰金寶-DR,74,10,64,元大-新盛,2023-11-27,9869
00632R,元大台灣50反1,73,10,63,元大-新盛,2023-11-27,9869
00687B,國泰20年美債,65,4,61,元大-新盛,2023-11-27,9869
0056,元大高股息,88,28,60,元大-新盛,2023-11-27,9869
2618,長榮航,678,620,58,元大-新盛,2023-11-27,9869
2603,長榮,52,1,51,元大-新盛,2023-11-27,9869
3231,緯創,56,8,48,元大-新盛,2023-11-27,9869
5347,世界,62,22,40,元大-新盛,2023-11-27,9869
6282,康舒,40,7,33,元大-新盛,2023-11-27,9869
1503,士電,38,5,33,元大-新盛,2023-11-27,9869
3705,永信,33,0,33,元大-新盛,2023-11-27,9869
00679B,元大美債20年,49,18,31,元大-新盛,2023-11-27,9869
2382,廣達,32,3,29,元大-新盛,2023-11-27,9869
3171,炎洲流通,34,5,29,元大-新盛,2023-11-27,9869
2515,中工,30,2,28,元大-新盛,2023-11-27,9869
2417,圓剛,28,0,28,元大-新盛,2023-11-27,9869
2313,華通,135,108,27,元大-新盛,2023-11-27,9869
2462,良得電,26,1,25,元大-新盛,2023-11-27,9869
3528,安馳,24,2,22,元大-新盛,2023-11-27,9869
00923,群益台ESG低碳50,22,0,22,元大-新盛,2023-11-27,9869
00882,中信中國高股息,30,9,21,元大-新盛,2023-11-27,9869
6133,金橋,20,0,20,元大-新盛,2023-11-27,9869
2330,台積電,21,1,20,元大-新盛,2023-11-27,9869
00922,國泰台灣領袖50,19,0,19,元大-新盛,2023-11-27,9869
1609,大亞,20,1,19,元大-新盛,2023-11-27,9869
6111,大宇資,20,1,19,元大-新盛,2023-11-27,9869
1449,佳和,19,0,19,元大-新盛,2023-11-27,9869
3227,原相,21,2,19,元大-新盛,2023-11-27,9869
2421,建準,18,0,18,元大-新盛,2023-11-27,9869
2329,華泰,40,22,18,元大-新盛,2023-11-27,9869
5292,華懋,18,0,18,元大-新盛,2023-11-27,9869
2458,義隆,20,3,17,元大-新盛,2023-11-27,9869
2405,輔信,16,0,16,元大-新盛,2023-11-27,9869
00713,元大台灣高息低波,20,5,15,元大-新盛,2023-11-27,9869
6125,廣運,16,2,14,元大-新盛,2023-11-27,9869
00934,中信成長高股息,13,0,13,元大-新盛,2023-11-27,9869
3105,穩懋,14,1,13,元大-新盛,2023-11-27,9869
00772B,中信高評級公司債,13,0,13,元大-新盛,2023-11-27,9869
2356,英業達,18,6,12,元大-新盛,2023-11-27,9869
00795B,中信美國公債20年,12,0,12,元大-新盛,2023-11-27,9869
4938,和碩,12,0,12,元大-新盛,2023-11-27,9869
3035,智原,14,3,11,元大-新盛,2023-11-27,9869
2634,漢翔,14,3,11,元大-新盛,2023-11-27,9869
3481,群創,11,0,11,元大-新盛,2023-11-27,9869
00680L,元大美債20正2,524,2,522,元大-新盛,2023-11-28,9869
2367,燿華,236,62,174,元大-新盛,2023-11-28,9869
2883,凱基金,288,156,132,元大-新盛,2023-11-28,9869
00637L,元大滬深300正2,114,13,101,元大-新盛,2023-11-28,9869
00919,群益台灣精選高息,101,0,101,元大-新盛,2023-11-28,9869
1451,年興,100,0,100,元大-新盛,2023-11-28,9869
3227,原相,100,0,100,元大-新盛,2023-11-28,9869
00885,富邦越南,72,0,72,元大-新盛,2023-11-28,9869
2355,敬鵬,56,2,54,元大-新盛,2023-11-28,9869
00882,中信中國高股息,55,2,53,元大-新盛,2023-11-28,9869
1732,毛寶,70,17,53,元大-新盛,2023-11-28,9869
6282,康舒,47,2,45,元大-新盛,2023-11-28,9869
4114,健喬,73,40,33,元大-新盛,2023-11-28,9869
2618,長榮航,192,165,27,元大-新盛,2023-11-28,9869
3583,辛耘,26,1,25,元大-新盛,2023-11-28,9869
2515,中工,23,0,23,元大-新盛,2023-11-28,9869
00635U,期元大S＆P黃金,21,0,21,元大-新盛,2023-11-28,9869
2601,益航,21,1,20,元大-新盛,2023-11-28,9869
6443,元晶,20,0,20,元大-新盛,2023-11-28,9869
4306,炎洲,20,0,20,元大-新盛,2023-11-28,9869
6669,緯穎,21,1,20,元大-新盛,2023-11-28,9869
00632R,元大台灣50反1,19,0,19,元大-新盛,2023-11-28,9869
6147,頎邦,22,6,16,元大-新盛,2023-11-28,9869
0056,元大高股息,77,61,16,元大-新盛,2023-11-28,9869
00907,永豐優息存股,16,0,16,元大-新盛,2023-11-28,9869
3017,奇鋐,16,1,15,元大-新盛,2023-11-28,9869
2303,聯電,25,10,15,元大-新盛,2023-11-28,9869
6125,廣運,23,9,14,元大-新盛,2023-11-28,9869
1905,華紙,28,14,14,元大-新盛,2023-11-28,9869
1101,台泥,26,12,14,元大-新盛,2023-11-28,9869
4919,新唐,20,7,13,元大-新盛,2023-11-28,9869
8996,高力,16,3,13,元大-新盛,2023-11-28,9869
2002,中鋼,14,2,12,元大-新盛,2023-11-28,9869
00646,元大S＆P500,14,2,12,元大-新盛,2023-11-28,9869
2356,英業達,13,1,12,元大-新盛,2023-11-28,9869
3701,大眾控,12,0,12,元大-新盛,2023-11-28,9869
5351,鈺創,20,8,12,元大-新盛,2023-11-28,9869
3705,永信,13,2,11,元大-新盛,2023-11-28,9869
4102,永日,11,0,11,元大-新盛,2023-11-28,9869
2382,廣達,25,14,11,元大-新盛,2023-11-28,9869
1582,信錦,12,2,10,元大-新盛,2023-11-28,9869
1752,南光,10,0,10,元大-新盛,2023-11-28,9869
2478,大毅,11,1,10,元大-新盛,2023-11-28,9869
3305,昇貿,11,1,10,元大-新盛,2023-11-28,9869
2883B,凱基金乙特,10,0,10,元大-新盛,2023-11-28,9869
2530,華建,10,0,10,元大-新盛,2023-11-28,9869
9103,美德醫療-DR,10,0,10,元大-新盛,2023-11-28,9869
2401,凌陽,22,12,10,元大-新盛,2023-11-28,9869
0050,元大台灣50,37,28,9,元大-新盛,2023-11-28,9869
2006,東和鋼鐵,10,1,9,元大-新盛,2023-11-28,9869
00680L,元大美債20正2,481,12,469,元大-新盛,2023-11-29,9869
00637L,元大滬深300正2,345,27,318,元大-新盛,2023-11-29,9869
00751B,元大AAA至A公司債,217,0,217,元大-新盛,2023-11-29,9869
00665L,富邦�琤肭磪囓�2,170,0,170,元大-新盛,2023-11-29,9869
2344,華邦電,143,34,109,元大-新盛,2023-11-29,9869
1451,年興,100,0,100,元大-新盛,2023-11-29,9869
5469,瀚宇博,110,36,74,元大-新盛,2023-11-29,9869
00882,中信中國高股息,57,6,51,元大-新盛,2023-11-29,9869
00929,復華台灣科技優息,256,205,51,元大-新盛,2023-11-29,9869
6426,統新,49,0,49,元大-新盛,2023-11-29,9869
3481,群創,42,2,40,元大-新盛,2023-11-29,9869
2408,南亞科,61,25,36,元大-新盛,2023-11-29,9869
2888,新光金,35,0,35,元大-新盛,2023-11-29,9869
2504,國產,35,0,35,元大-新盛,2023-11-29,9869
6533,晶心科,35,1,34,元大-新盛,2023-11-29,9869
2883B,凱基金乙特,30,0,30,元大-新盛,2023-11-29,9869
4532,瑞智,30,1,29,元大-新盛,2023-11-29,9869
1582,信錦,25,0,25,元大-新盛,2023-11-29,9869
00671R,富邦NASDAQ反1,23,0,23,元大-新盛,2023-11-29,9869
5306,桂盟,23,2,21,元大-新盛,2023-11-29,9869
5498,凱崴,21,0,21,元大-新盛,2023-11-29,9869
4533,協易機,21,0,21,元大-新盛,2023-11-29,9869
1514,亞力,24,3,21,元大-新盛,2023-11-29,9869
00919,群益台灣精選高息,24,4,20,元大-新盛,2023-11-29,9869
00720B,元大投資級公司債,22,2,20,元大-新盛,2023-11-29,9869
4510,高鋒,20,0,20,元大-新盛,2023-11-29,9869
2610,華航,34,14,20,元大-新盛,2023-11-29,9869
2355,敬鵬,19,0,19,元大-新盛,2023-11-29,9869
1305,華夏,19,0,19,元大-新盛,2023-11-29,9869
5258,虹堡,19,2,17,元大-新盛,2023-11-29,9869
1503,士電,21,4,17,元大-新盛,2023-11-29,9869
2356,英業達,20,3,17,元大-新盛,2023-11-29,9869
00753L,中信中國50正2,16,0,16,元大-新盛,2023-11-29,9869
1459,聯發,16,0,16,元大-新盛,2023-11-29,9869
00679B,元大美債20年,15,0,15,元大-新盛,2023-11-29,9869
00632R,元大台灣50反1,18,3,15,元大-新盛,2023-11-29,9869
2313,華通,134,120,14,元大-新盛,2023-11-29,9869
2498,宏達電,17,3,14,元大-新盛,2023-11-29,9869
5608,四維航,19,6,13,元大-新盛,2023-11-29,9869
6215,和椿,13,0,13,元大-新盛,2023-11-29,9869
1101,台泥,14,2,12,元大-新盛,2023-11-29,9869
6125,廣運,18,6,12,元大-新盛,2023-11-29,9869
6243,迅杰,29,17,12,元大-新盛,2023-11-29,9869
4155,訊映,13,1,12,元大-新盛,2023-11-29,9869
2486,一詮,15,3,12,元大-新盛,2023-11-29,9869
3372,典範,16,4,12,元大-新盛,2023-11-29,9869
2637,慧洋-KY,15,4,11,元大-新盛,2023-11-29,9869
2515,中工,11,0,11,元大-新盛,2023-11-29,9869
2323,中環,11,0,11,元大-新盛,2023-11-29,9869
2891,中信金,12,1,11,元大-新盛,2023-11-29,9869
00680L,元大美債20正2,1194,8,1186,元大-新盛,2023-11-30,9869
6266,泰詠,116,0,116,元大-新盛,2023-11-30,9869
2313,華通,145,33,112,元大-新盛,2023-11-30,9869
2883,凱基金,145,45,100,元大-新盛,2023-11-30,9869
2882,國泰金,94,1,93,元大-新盛,2023-11-30,9869
00919,群益台灣精選高息,70,1,69,元大-新盛,2023-11-30,9869
00933B,國泰10Y+金融債,49,0,49,元大-新盛,2023-11-30,9869
5351,鈺創,53,13,40,元大-新盛,2023-11-30,9869
00882,中信中國高股息,39,0,39,元大-新盛,2023-11-30,9869
2421,建準,55,16,39,元大-新盛,2023-11-30,9869
4114,健喬,40,5,35,元大-新盛,2023-11-30,9869
00679B,元大美債20年,40,5,35,元大-新盛,2023-11-30,9869
9919,康那香,54,20,34,元大-新盛,2023-11-30,9869
3481,群創,34,1,33,元大-新盛,2023-11-30,9869
4720,德淵,30,0,30,元大-新盛,2023-11-30,9869
00922,國泰台灣領袖50,29,0,29,元大-新盛,2023-11-30,9869
2377,微星,33,5,28,元大-新盛,2023-11-30,9869
3231,緯創,41,14,27,元大-新盛,2023-11-30,9869
00934,中信成長高股息,27,0,27,元大-新盛,2023-11-30,9869
3374,精材,26,0,26,元大-新盛,2023-11-30,9869
6533,晶心科,26,0,26,元大-新盛,2023-11-30,9869
8112,至上,37,12,25,元大-新盛,2023-11-30,9869
00687B,國泰20年美債,29,5,24,元大-新盛,2023-11-30,9869
2801,彰銀,24,0,24,元大-新盛,2023-11-30,9869
00885,富邦越南,25,2,23,元大-新盛,2023-11-30,9869
2465,麗臺,22,0,22,元大-新盛,2023-11-30,9869
8044,網家,22,1,21,元大-新盛,2023-11-30,9869
3050,鈺德,20,0,20,元大-新盛,2023-11-30,9869
6655,科定,19,0,19,元大-新盛,2023-11-30,9869
1449,佳和,19,0,19,元大-新盛,2023-11-30,9869
1609,大亞,19,0,19,元大-新盛,2023-11-30,9869
6290,良維,19,0,19,元大-新盛,2023-11-30,9869
00877,復華中國5G,20,2,18,元大-新盛,2023-11-30,9869
6235,華孚,26,8,18,元大-新盛,2023-11-30,9869
1616,億泰,17,2,15,元大-新盛,2023-11-30,9869
4510,高鋒,15,0,15,元大-新盛,2023-11-30,9869
00632R,元大台灣50反1,14,0,14,元大-新盛,2023-11-30,9869
6271,同欣電,19,5,14,元大-新盛,2023-11-30,9869
2618,長榮航,526,512,14,元大-新盛,2023-11-30,9869
3260,威剛,23,10,13,元大-新盛,2023-11-30,9869
2402,毅嘉,14,1,13,元大-新盛,2023-11-30,9869
6596,寬宏藝術,12,0,12,元大-新盛,2023-11-30,9869
2355,敬鵬,21,9,12,元大-新盛,2023-11-30,9869
1303,南亞,18,6,12,元大-新盛,2023-11-30,9869
2369,菱生,17,7,10,元大-新盛,2023-11-30,9869
1524,耿鼎,11,1,10,元大-新盛,2023-11-30,9869
1440,南紡,10,0,10,元大-新盛,2023-11-30,9869
8011,台通,10,0,10,元大-新盛,2023-11-30,9869
3236,千如,10,0,10,元大-新盛,2023-11-30,9869
2897,王道銀行,10,0,10,元大-新盛,2023-11-30,9869
00680L,元大美債20正2,1064,0,1064,元大-新盛,2023-12-01,9869
3481,群創,268,41,227,元大-新盛,2023-12-01,9869
2883,凱基金,236,78,158,元大-新盛,2023-12-01,9869
4533,協易機,150,33,117,元大-新盛,2023-12-01,9869
5465,富驊,100,4,96,元大-新盛,2023-12-01,9869
3231,緯創,126,45,81,元大-新盛,2023-12-01,9869
00919,群益台灣精選高息,81,4,77,元大-新盛,2023-12-01,9869
5608,四維航,106,34,72,元大-新盛,2023-12-01,9869
00929,復華台灣科技優息,124,57,67,元大-新盛,2023-12-01,9869
8096,擎亞,82,25,57,元大-新盛,2023-12-01,9869
00637L,元大滬深300正2,90,35,55,元大-新盛,2023-12-01,9869
2359,所羅門,56,2,54,元大-新盛,2023-12-01,9869
4306,炎洲,50,0,50,元大-新盛,2023-12-01,9869
4720,德淵,50,0,50,元大-新盛,2023-12-01,9869
2421,建準,55,6,49,元大-新盛,2023-12-01,9869
1325,恆大,43,2,41,元大-新盛,2023-12-01,9869
2855,統一證,40,0,40,元大-新盛,2023-12-01,9869
00712,復華富時不動產,41,6,35,元大-新盛,2023-12-01,9869
2530,華建,34,0,34,元大-新盛,2023-12-01,9869
3041,揚智,40,6,34,元大-新盛,2023-12-01,9869
2313,華通,42,10,32,元大-新盛,2023-12-01,9869
2355,敬鵬,39,7,32,元大-新盛,2023-12-01,9869
00878,國泰永續高股息,40,9,31,元大-新盛,2023-12-01,9869
1605,華新,31,0,31,元大-新盛,2023-12-01,9869
6290,良維,31,0,31,元大-新盛,2023-12-01,9869
00632R,元大台灣50反1,30,0,30,元大-新盛,2023-12-01,9869
2542,興富發,29,0,29,元大-新盛,2023-12-01,9869
2884,玉山金,27,0,27,元大-新盛,2023-12-01,9869
2618,長榮航,62,36,26,元大-新盛,2023-12-01,9869
2405,輔信,37,11,26,元大-新盛,2023-12-01,9869
00679B,元大美債20年,24,0,24,元大-新盛,2023-12-01,9869
00687B,國泰20年美債,20,0,20,元大-新盛,2023-12-01,9869
00669R,國泰美國道瓊反1,20,0,20,元大-新盛,2023-12-01,9869
2409,友達,25,5,20,元大-新盛,2023-12-01,9869
2317,鴻海,22,3,19,元大-新盛,2023-12-01,9869
5328,華容,41,24,17,元大-新盛,2023-12-01,9869
2486,一詮,23,7,16,元大-新盛,2023-12-01,9869
2363,矽統,57,41,16,元大-新盛,2023-12-01,9869
8390,金益鼎,15,0,15,元大-新盛,2023-12-01,9869
3360,尚立,15,0,15,元大-新盛,2023-12-01,9869
3702,大聯大,17,3,14,元大-新盛,2023-12-01,9869
2888,新光金,32,18,14,元大-新盛,2023-12-01,9869
00720B,元大投資級公司債,14,0,14,元大-新盛,2023-12-01,9869
1101,台泥,25,11,14,元大-新盛,2023-12-01,9869
8155,博智,13,0,13,元大-新盛,2023-12-01,9869
00715L,期街口布蘭特正2,18,5,13,元大-新盛,2023-12-01,9869
2462,良得電,15,3,12,元大-新盛,2023-12-01,9869
2324,仁寶,12,0,12,元大-新盛,2023-12-01,9869
2332,友訊,13,2,11,元大-新盛,2023-12-01,9869
6117,迎廣,36,25,11,元大-新盛,2023-12-01,9869
00680L,元大美債20正2,1073,11,1062,元大-新盛,2023-12-04,9869
00687B,國泰20年美債,350,3,347,元大-新盛,2023-12-04,9869
00642U,期元大S＆P石油,174,0,174,元大-新盛,2023-12-04,9869
00712,復華富時不動產,150,25,125,元大-新盛,2023-12-04,9869
6108,競國,104,6,98,元大-新盛,2023-12-04,9869
00919,群益台灣精選高息,260,167,93,元大-新盛,2023-12-04,9869
2421,建準,68,0,68,元大-新盛,2023-12-04,9869
00679B,元大美債20年,69,4,65,元大-新盛,2023-12-04,9869
00720B,元大投資級公司債,62,2,60,元大-新盛,2023-12-04,9869
4909,新復興,61,3,58,元大-新盛,2023-12-04,9869
2329,華泰,144,87,57,元大-新盛,2023-12-04,9869
00665L,富邦�琤肭磪囓�2,55,0,55,元大-新盛,2023-12-04,9869
1513,中興電,69,19,50,元大-新盛,2023-12-04,9869
0056,元大高股息,80,37,43,元大-新盛,2023-12-04,9869
00715L,期街口布蘭特正2,41,0,41,元大-新盛,2023-12-04,9869
1326,台化,41,0,41,元大-新盛,2023-12-04,9869
2530,華建,45,6,39,元大-新盛,2023-12-04,9869
3706,神達,37,2,35,元大-新盛,2023-12-04,9869
2607,榮運,49,15,34,元大-新盛,2023-12-04,9869
2637,慧洋-KY,49,15,34,元大-新盛,2023-12-04,9869
4533,協易機,53,22,31,元大-新盛,2023-12-04,9869
9919,康那香,105,74,31,元大-新盛,2023-12-04,9869
4906,正文,30,0,30,元大-新盛,2023-12-04,9869
3189,景碩,33,5,28,元大-新盛,2023-12-04,9869
3715,定穎投控,80,53,27,元大-新盛,2023-12-04,9869
6275,元山,26,0,26,元大-新盛,2023-12-04,9869
2486,一詮,30,7,23,元大-新盛,2023-12-04,9869
6152,百一,20,0,20,元大-新盛,2023-12-04,9869
1440,南紡,20,0,20,元大-新盛,2023-12-04,9869
6166,凌華,20,1,19,元大-新盛,2023-12-04,9869
2344,華邦電,23,4,19,元大-新盛,2023-12-04,9869
2883,凱基金,189,171,18,元大-新盛,2023-12-04,9869
1582,信錦,22,4,18,元大-新盛,2023-12-04,9869
1714,和桐,22,4,18,元大-新盛,2023-12-04,9869
3325,旭品,21,3,18,元大-新盛,2023-12-04,9869
6282,康舒,19,1,18,元大-新盛,2023-12-04,9869
5452,佶優,31,14,17,元大-新盛,2023-12-04,9869
6147,頎邦,17,0,17,元大-新盛,2023-12-04,9869
00918,大華優利高填息30,16,0,16,元大-新盛,2023-12-04,9869
5426,振發,26,10,16,元大-新盛,2023-12-04,9869
2609,陽明,79,64,15,元大-新盛,2023-12-04,9869
1905,華紙,14,0,14,元大-新盛,2023-12-04,9869
1504,東元,16,3,13,元大-新盛,2023-12-04,9869
00631L,元大台灣50正2,13,0,13,元大-新盛,2023-12-04,9869
9941,裕融,13,0,13,元大-新盛,2023-12-04,9869
8110,華東,16,3,13,元大-新盛,2023-12-04,9869
00753L,中信中國50正2,13,0,13,元大-新盛,2023-12-04,9869
8996,高力,17,4,13,元大-新盛,2023-12-04,9869
00772B,中信高評級公司債,15,2,13,元大-新盛,2023-12-04,9869
00931B,統一美債20年,15,3,12,元大-新盛,2023-12-04,9869
8150,南茂,620,1,619,元大-新盛,2023-12-05,9869
00937B,群益ESG投等債20,381,97,284,元大-新盛,2023-12-05,9869
00751B,元大AAA至A公司債,283,1,282,元大-新盛,2023-12-05,9869
00919,群益台灣精選高息,213,24,189,元大-新盛,2023-12-05,9869
2637,慧洋-KY,207,73,134,元大-新盛,2023-12-05,9869
00679B,元大美債20年,116,4,112,元大-新盛,2023-12-05,9869
2530,華建,111,0,111,元大-新盛,2023-12-05,9869
00929,復華台灣科技優息,117,7,110,元大-新盛,2023-12-05,9869
2014,中鴻,101,0,101,元大-新盛,2023-12-05,9869
00680L,元大美債20正2,106,7,99,元大-新盛,2023-12-05,9869
3576,聯合再生,80,1,79,元大-新盛,2023-12-05,9869
2618,長榮航,233,155,78,元大-新盛,2023-12-05,9869
3231,緯創,93,17,76,元大-新盛,2023-12-05,9869
00915,凱基優選高股息30,52,0,52,元大-新盛,2023-12-05,9869
2609,陽明,72,23,49,元大-新盛,2023-12-05,9869
2439,美律,48,0,48,元大-新盛,2023-12-05,9869
2601,益航,65,19,46,元大-新盛,2023-12-05,9869
00918,大華優利高填息30,45,0,45,元大-新盛,2023-12-05,9869
4167,松瑞藥,50,10,40,元大-新盛,2023-12-05,9869
00687B,國泰20年美債,42,5,37,元大-新盛,2023-12-05,9869
00933B,國泰10Y+金融債,36,0,36,元大-新盛,2023-12-05,9869
3050,鈺德,43,9,34,元大-新盛,2023-12-05,9869
00642U,期元大S＆P石油,33,0,33,元大-新盛,2023-12-05,9869
1504,東元,40,10,30,元大-新盛,2023-12-05,9869
2421,建準,30,0,30,元大-新盛,2023-12-05,9869
2504,國產,30,0,30,元大-新盛,2023-12-05,9869
00885,富邦越南,31,1,30,元大-新盛,2023-12-05,9869
00637L,元大滬深300正2,65,35,30,元大-新盛,2023-12-05,9869
2313,華通,46,17,29,元大-新盛,2023-12-05,9869
4532,瑞智,30,2,28,元大-新盛,2023-12-05,9869
1605,華新,30,3,27,元大-新盛,2023-12-05,9869
6116,彩晶,26,0,26,元大-新盛,2023-12-05,9869
2301,光寶科,33,8,25,元大-新盛,2023-12-05,9869
5347,世界,25,1,24,元大-新盛,2023-12-05,9869
2883,凱基金,23,0,23,元大-新盛,2023-12-05,9869
00934,中信成長高股息,21,0,21,元大-新盛,2023-12-05,9869
00922,國泰台灣領袖50,23,2,21,元大-新盛,2023-12-05,9869
2303,聯電,23,2,21,元大-新盛,2023-12-05,9869
1305,華夏,21,0,21,元大-新盛,2023-12-05,9869
8936,國統,23,3,20,元大-新盛,2023-12-05,9869
6147,頎邦,20,0,20,元大-新盛,2023-12-05,9869
4739,康普,19,1,18,元大-新盛,2023-12-05,9869
020030,統一智慧電動車N,18,0,18,元大-新盛,2023-12-05,9869
3013,晟銘電,54,36,18,元大-新盛,2023-12-05,9869
6235,華孚,25,7,18,元大-新盛,2023-12-05,9869
3706,神達,22,4,18,元大-新盛,2023-12-05,9869
2356,英業達,23,6,17,元大-新盛,2023-12-05,9869
3545,敦泰,21,4,17,元大-新盛,2023-12-05,9869
2419,仲琦,21,4,17,元大-新盛,2023-12-05,9869
2887,台新金,17,0,17,元大-新盛,2023-12-05,9869
00937B,群益ESG投等債20,506,107,399,元大-新盛,2023-12-06,9869
8150,南茂,230,0,230,元大-新盛,2023-12-06,9869
00679B,元大美債20年,193,8,185,元大-新盛,2023-12-06,9869
00680L,元大美債20正2,183,11,172,元大-新盛,2023-12-06,9869
00687B,國泰20年美債,172,9,163,元大-新盛,2023-12-06,9869
00919,群益台灣精選高息,113,4,109,元大-新盛,2023-12-06,9869
2462,良得電,126,53,73,元大-新盛,2023-12-06,9869
2409,友達,70,1,69,元大-新盛,2023-12-06,9869
3704,合勤控,58,0,58,元大-新盛,2023-12-06,9869
6108,競國,63,5,58,元大-新盛,2023-12-06,9869
00637L,元大滬深300正2,96,40,56,元大-新盛,2023-12-06,9869
9934,成霖,50,0,50,元大-新盛,2023-12-06,9869
2329,華泰,113,68,45,元大-新盛,2023-12-06,9869
2344,華邦電,44,1,43,元大-新盛,2023-12-06,9869
00933B,國泰10Y+金融債,40,0,40,元大-新盛,2023-12-06,9869
2014,中鴻,51,14,37,元大-新盛,2023-12-06,9869
1513,中興電,45,12,33,元大-新盛,2023-12-06,9869
4906,正文,32,0,32,元大-新盛,2023-12-06,9869
2313,華通,49,18,31,元大-新盛,2023-12-06,9869
2855,統一證,30,0,30,元大-新盛,2023-12-06,9869
2303,聯電,29,0,29,元大-新盛,2023-12-06,9869
2606,裕民,41,12,29,元大-新盛,2023-12-06,9869
2641,正德,44,17,27,元大-新盛,2023-12-06,9869
2421,建準,34,8,26,元大-新盛,2023-12-06,9869
4904,遠傳,25,1,24,元大-新盛,2023-12-06,9869
6117,迎廣,68,45,23,元大-新盛,2023-12-06,9869
00642U,期元大S＆P石油,23,0,23,元大-新盛,2023-12-06,9869
2605,新興,43,21,22,元大-新盛,2023-12-06,9869
3266,昇陽,22,0,22,元大-新盛,2023-12-06,9869
2367,燿華,38,16,22,元大-新盛,2023-12-06,9869
2481,強茂,21,0,21,元大-新盛,2023-12-06,9869
2363,矽統,35,14,21,元大-新盛,2023-12-06,9869
2801,彰銀,22,1,21,元大-新盛,2023-12-06,9869
6741,91APP*-KY,20,0,20,元大-新盛,2023-12-06,9869
6139,亞翔,19,1,18,元大-新盛,2023-12-06,9869
3576,聯合再生,20,4,16,元大-新盛,2023-12-06,9869
3229,晟鈦,16,0,16,元大-新盛,2023-12-06,9869
00720B,元大投資級公司債,18,2,16,元大-新盛,2023-12-06,9869
1305,華夏,15,0,15,元大-新盛,2023-12-06,9869
2105,正新,15,0,15,元大-新盛,2023-12-06,9869
6426,統新,19,4,15,元大-新盛,2023-12-06,9869
1504,東元,42,27,15,元大-新盛,2023-12-06,9869
6257,矽格,18,5,13,元大-新盛,2023-12-06,9869
2630,亞航,13,0,13,元大-新盛,2023-12-06,9869
0056,元大高股息,41,28,13,元大-新盛,2023-12-06,9869
0050,元大台灣50,22,10,12,元大-新盛,2023-12-06,9869
2436,偉詮電,12,0,12,元大-新盛,2023-12-06,9869
6235,華孚,21,9,12,元大-新盛,2023-12-06,9869
2888,新光金,18,6,12,元大-新盛,2023-12-06,9869
3715,定穎投控,52,40,12,元大-新盛,2023-12-06,9869
2605,新興,444,8,436,元大-新盛,2023-12-07,9869
00665L,富邦�琤肭磪囓�2,260,0,260,元大-新盛,2023-12-07,9869
00919,群益台灣精選高息,166,9,157,元大-新盛,2023-12-07,9869
00679B,元大美債20年,179,22,157,元大-新盛,2023-12-07,9869
00680L,元大美債20正2,170,16,154,元大-新盛,2023-12-07,9869
2344,華邦電,116,11,105,元大-新盛,2023-12-07,9869
00937B,群益ESG投等債20,106,1,105,元大-新盛,2023-12-07,9869
2303,聯電,85,7,78,元大-新盛,2023-12-07,9869
00715L,期街口布蘭特正2,58,0,58,元大-新盛,2023-12-07,9869
00934,中信成長高股息,54,2,52,元大-新盛,2023-12-07,9869
00706L,期元大S＆P日圓正2,50,0,50,元大-新盛,2023-12-07,9869
00637L,元大滬深300正2,86,38,48,元大-新盛,2023-12-07,9869
00642U,期元大S＆P石油,43,0,43,元大-新盛,2023-12-07,9869
00687B,國泰20年美債,48,6,42,元大-新盛,2023-12-07,9869
00712,復華富時不動產,42,0,42,元大-新盛,2023-12-07,9869
00882,中信中國高股息,43,2,41,元大-新盛,2023-12-07,9869
4532,瑞智,40,0,40,元大-新盛,2023-12-07,9869
1612,宏泰,57,18,39,元大-新盛,2023-12-07,9869
2374,佳能,40,3,37,元大-新盛,2023-12-07,9869
2883B,凱基金乙特,35,0,35,元大-新盛,2023-12-07,9869
2102,泰豐,37,3,34,元大-新盛,2023-12-07,9869
3005,神基,34,0,34,元大-新盛,2023-12-07,9869
1616,億泰,40,7,33,元大-新盛,2023-12-07,9869
1522,堤維西,111,79,32,元大-新盛,2023-12-07,9869
00850,元大臺灣ESG永續,30,0,30,元大-新盛,2023-12-07,9869
00892,富邦台灣半導體,29,0,29,元大-新盛,2023-12-07,9869
5347,世界,28,1,27,元大-新盛,2023-12-07,9869
0056,元大高股息,41,14,27,元大-新盛,2023-12-07,9869
00720B,元大投資級公司債,27,0,27,元大-新盛,2023-12-07,9869
4904,遠傳,24,0,24,元大-新盛,2023-12-07,9869
3715,定穎投控,33,9,24,元大-新盛,2023-12-07,9869
00933B,國泰10Y+金融債,23,0,23,元大-新盛,2023-12-07,9869
1618,合機,33,12,21,元大-新盛,2023-12-07,9869
6266,泰詠,20,0,20,元大-新盛,2023-12-07,9869
00708L,期元大S＆P黃金正2,20,0,20,元大-新盛,2023-12-07,9869
8054,安國,23,4,19,元大-新盛,2023-12-07,9869
6188,廣明,18,0,18,元大-新盛,2023-12-07,9869
00878,國泰永續高股息,24,7,17,元大-新盛,2023-12-07,9869
00752,中信中國50,17,0,17,元大-新盛,2023-12-07,9869
2609,陽明,17,0,17,元大-新盛,2023-12-07,9869
4114,健喬,18,2,16,元大-新盛,2023-12-07,9869
2515,中工,16,0,16,元大-新盛,2023-12-07,9869
2354,鴻準,16,0,16,元大-新盛,2023-12-07,9869
0050,元大台灣50,24,9,15,元大-新盛,2023-12-07,9869
3059,華晶科,16,2,14,元大-新盛,2023-12-07,9869
1101,台泥,17,3,14,元大-新盛,2023-12-07,9869
00753L,中信中國50正2,13,0,13,元大-新盛,2023-12-07,9869
1442,名軒,15,2,13,元大-新盛,2023-12-07,9869
6116,彩晶,15,2,13,元大-新盛,2023-12-07,9869
6770,力積電,16,4,12,元大-新盛,2023-12-07,9869
00715L,期街口布蘭特正2,142,6,136,元大-新盛,2023-12-08,9869
1608,華榮,128,23,105,元大-新盛,2023-12-08,9869
2377,微星,106,5,101,元大-新盛,2023-12-08,9869
00679B,元大美債20年,79,0,79,元大-新盛,2023-12-08,9869
00706L,期元大S＆P日圓正2,63,0,63,元大-新盛,2023-12-08,9869
00680L,元大美債20正2,64,3,61,元大-新盛,2023-12-08,9869
00637L,元大滬深300正2,72,12,60,元大-新盛,2023-12-08,9869
00937B,群益ESG投等債20,50,0,50,元大-新盛,2023-12-08,9869
2883B,凱基金乙特,50,0,50,元大-新盛,2023-12-08,9869
2605,新興,117,69,48,元大-新盛,2023-12-08,9869
8150,南茂,50,5,45,元大-新盛,2023-12-08,9869
6005,群益證,50,5,45,元大-新盛,2023-12-08,9869
2329,華泰,93,53,40,元大-新盛,2023-12-08,9869
1609,大亞,77,38,39,元大-新盛,2023-12-08,9869
00687B,國泰20年美債,39,0,39,元大-新盛,2023-12-08,9869
2027,大成鋼,37,2,35,元大-新盛,2023-12-08,9869
3266,昇陽,35,1,34,元大-新盛,2023-12-08,9869
2421,建準,33,2,31,元大-新盛,2023-12-08,9869
2515,中工,32,1,31,元大-新盛,2023-12-08,9869
2313,華通,33,2,31,元大-新盛,2023-12-08,9869
2303,聯電,37,7,30,元大-新盛,2023-12-08,9869
9934,成霖,30,0,30,元大-新盛,2023-12-08,9869
2367,燿華,37,9,28,元大-新盛,2023-12-08,9869
2359,所羅門,44,17,27,元大-新盛,2023-12-08,9869
6655,科定,34,7,27,元大-新盛,2023-12-08,9869
00857B,永豐20年美公債,26,0,26,元大-新盛,2023-12-08,9869
2887,台新金,35,10,25,元大-新盛,2023-12-08,9869
3437,榮創,24,2,22,元大-新盛,2023-12-08,9869
3213,茂訊,23,2,21,元大-新盛,2023-12-08,9869
2363,矽統,36,16,20,元大-新盛,2023-12-08,9869
1466,聚隆,20,0,20,元大-新盛,2023-12-08,9869
4306,炎洲,20,0,20,元大-新盛,2023-12-08,9869
2884,玉山金,30,11,19,元大-新盛,2023-12-08,9869
00933B,國泰10Y+金融債,18,0,18,元大-新盛,2023-12-08,9869
6188,廣明,17,0,17,元大-新盛,2023-12-08,9869
6016,康和證,16,0,16,元大-新盛,2023-12-08,9869
2312,金寶,16,0,16,元大-新盛,2023-12-08,9869
2332,友訊,15,0,15,元大-新盛,2023-12-08,9869
3006,晶豪科,19,5,14,元大-新盛,2023-12-08,9869
2637,慧洋-KY,14,0,14,元大-新盛,2023-12-08,9869
3558,神準,13,0,13,元大-新盛,2023-12-08,9869
3015,全漢,13,0,13,元大-新盛,2023-12-08,9869
5426,振發,19,6,13,元大-新盛,2023-12-08,9869
4939,亞電,16,4,12,元大-新盛,2023-12-08,9869
4968,立積,15,3,12,元大-新盛,2023-12-08,9869
3036,文曄,11,0,11,元大-新盛,2023-12-08,9869
00712,復華富時不動產,11,0,11,元大-新盛,2023-12-08,9869
3013,晟銘電,22,11,11,元大-新盛,2023-12-08,9869
00934,中信成長高股息,11,0,11,元大-新盛,2023-12-08,9869
00752,中信中國50,19,8,11,元大-新盛,2023-12-08,9869
00680L,元大美債20正2,878,20,858,元大-新盛,2023-12-11,9869
00715L,期街口布蘭特正2,502,4,498,元大-新盛,2023-12-11,9869
0056,元大高股息,238,47,191,元大-新盛,2023-12-11,9869
2618,長榮航,558,410,148,元大-新盛,2023-12-11,9869
2888,新光金,145,10,135,元大-新盛,2023-12-11,9869
00751B,元大AAA至A公司債,119,1,118,元大-新盛,2023-12-11,9869
00687B,國泰20年美債,124,10,114,元大-新盛,2023-12-11,9869
3317,尼克森,72,1,71,元大-新盛,2023-12-11,9869
00937B,群益ESG投等債20,78,9,69,元大-新盛,2023-12-11,9869
6239,力成,60,1,59,元大-新盛,2023-12-11,9869
00882,中信中國高股息,60,5,55,元大-新盛,2023-12-11,9869
2736,富野,50,0,50,元大-新盛,2023-12-11,9869
00720B,元大投資級公司債,59,10,49,元大-新盛,2023-12-11,9869
2897,王道銀行,50,2,48,元大-新盛,2023-12-11,9869
00752,中信中國50,45,0,45,元大-新盛,2023-12-11,9869
2605,新興,78,34,44,元大-新盛,2023-12-11,9869
00708L,期元大S＆P黃金正2,40,0,40,元大-新盛,2023-12-11,9869
5236,凌陽創新,38,0,38,元大-新盛,2023-12-11,9869
3231,緯創,45,16,29,元大-新盛,2023-12-11,9869
1524,耿鼎,75,49,26,元大-新盛,2023-12-11,9869
3189,景碩,30,4,26,元大-新盛,2023-12-11,9869
00918,大華優利高填息30,25,0,25,元大-新盛,2023-12-11,9869
2323,中環,23,0,23,元大-新盛,2023-12-11,9869
00706L,期元大S＆P日圓正2,23,0,23,元大-新盛,2023-12-11,9869
4906,正文,22,0,22,元大-新盛,2023-12-11,9869
6005,群益證,20,0,20,元大-新盛,2023-12-11,9869
3406,玉晶光,19,0,19,元大-新盛,2023-12-11,9869
1609,大亞,39,20,19,元大-新盛,2023-12-11,9869
2317,鴻海,20,1,19,元大-新盛,2023-12-11,9869
3438,類比科,20,2,18,元大-新盛,2023-12-11,9869
2401,凌陽,22,4,18,元大-新盛,2023-12-11,9869
4916,事欣科,17,0,17,元大-新盛,2023-12-11,9869
00712,復華富時不動產,18,1,17,元大-新盛,2023-12-11,9869
1312,國喬,16,0,16,元大-新盛,2023-12-11,9869
6140,訊達,18,2,16,元大-新盛,2023-12-11,9869
3056,富華新,16,0,16,元大-新盛,2023-12-11,9869
8088,品安,23,7,16,元大-新盛,2023-12-11,9869
00679B,元大美債20年,17,1,16,元大-新盛,2023-12-11,9869
3701,大眾控,15,0,15,元大-新盛,2023-12-11,9869
00931B,統一美債20年,15,0,15,元大-新盛,2023-12-11,9869
2002,中鋼,15,0,15,元大-新盛,2023-12-11,9869
6188,廣明,15,0,15,元大-新盛,2023-12-11,9869
3481,群創,29,15,14,元大-新盛,2023-12-11,9869
00878,國泰永續高股息,22,8,14,元大-新盛,2023-12-11,9869
2462,良得電,20,6,14,元大-新盛,2023-12-11,9869
2603,長榮,55,41,14,元大-新盛,2023-12-11,9869
5426,振發,18,5,13,元大-新盛,2023-12-11,9869
8210,勤誠,15,3,12,元大-新盛,2023-12-11,9869
2855,統一證,12,0,12,元大-新盛,2023-12-11,9869
2313,華通,25,14,11,元大-新盛,2023-12-11,9869
00680L,元大美債20正2,817,2,815,元大-新盛,2023-12-12,9869
00919,群益台灣精選高息,453,43,410,元大-新盛,2023-12-12,9869
00715L,期街口布蘭特正2,370,6,364,元大-新盛,2023-12-12,9869
00751B,元大AAA至A公司債,178,1,177,元大-新盛,2023-12-12,9869
00929,復華台灣科技優息,259,92,167,元大-新盛,2023-12-12,9869
00687B,國泰20年美債,167,10,157,元大-新盛,2023-12-12,9869
0056,元大高股息,122,18,104,元大-新盛,2023-12-12,9869
3481,群創,99,12,87,元大-新盛,2023-12-12,9869
9934,成霖,80,0,80,元大-新盛,2023-12-12,9869
00720B,元大投資級公司債,83,9,74,元大-新盛,2023-12-12,9869
5426,振發,72,10,62,元大-新盛,2023-12-12,9869
3317,尼克森,65,4,61,元大-新盛,2023-12-12,9869
3624,光頡,61,0,61,元大-新盛,2023-12-12,9869
9105,泰金寶-DR,78,22,56,元大-新盛,2023-12-12,9869
2002,中鋼,53,2,51,元大-新盛,2023-12-12,9869
6122,擎邦,56,7,49,元大-新盛,2023-12-12,9869
2888,新光金,38,0,38,元大-新盛,2023-12-12,9869
00937B,群益ESG投等債20,33,1,32,元大-新盛,2023-12-12,9869
5425,台半,30,0,30,元大-新盛,2023-12-12,9869
6188,廣明,24,1,23,元大-新盛,2023-12-12,9869
5272,笙科,23,0,23,元大-新盛,2023-12-12,9869
2351,順德,22,0,22,元大-新盛,2023-12-12,9869
2618,長榮航,224,203,21,元大-新盛,2023-12-12,9869
1605,華新,42,21,21,元大-新盛,2023-12-12,9869
00642U,期元大S＆P石油,21,0,21,元大-新盛,2023-12-12,9869
1464,得力,20,0,20,元大-新盛,2023-12-12,9869
1568,倉佑,20,0,20,元大-新盛,2023-12-12,9869
2897,王道銀行,20,0,20,元大-新盛,2023-12-12,9869
8255,朋程,20,2,18,元大-新盛,2023-12-12,9869
4133,亞諾法,18,0,18,元大-新盛,2023-12-12,9869
3231,緯創,25,7,18,元大-新盛,2023-12-12,9869
8088,品安,19,2,17,元大-新盛,2023-12-12,9869
2883,凱基金,19,2,17,元大-新盛,2023-12-12,9869
6170,統振,19,2,17,元大-新盛,2023-12-12,9869
6266,泰詠,17,0,17,元大-新盛,2023-12-12,9869
00752,中信中國50,17,0,17,元大-新盛,2023-12-12,9869
2408,南亞科,19,2,17,元大-新盛,2023-12-12,9869
8436,大江,17,1,16,元大-新盛,2023-12-12,9869
1609,大亞,33,18,15,元大-新盛,2023-12-12,9869
00795B,中信美國公債20年,13,0,13,元大-新盛,2023-12-12,9869
3694,海華,17,4,13,元大-新盛,2023-12-12,9869
1312,國喬,12,0,12,元大-新盛,2023-12-12,9869
2436,偉詮電,17,5,12,元大-新盛,2023-12-12,9869
00722B,群益投資級電信債,11,0,11,元大-新盛,2023-12-12,9869
1618,合機,32,21,11,元大-新盛,2023-12-12,9869
4168,醣聯,11,0,11,元大-新盛,2023-12-12,9869
5469,瀚宇博,16,5,11,元大-新盛,2023-12-12,9869
2344,華邦電,23,12,11,元大-新盛,2023-12-12,9869
2542,興富發,10,0,10,元大-新盛,2023-12-12,9869
1513,中興電,13,3,10,元大-新盛,2023-12-12,9869
00665L,富邦�琤肭磪囓�2,1205,0,1205,元大-新盛,2023-12-13,9869
00680L,元大美債20正2,419,30,389,元大-新盛,2023-12-13,9869
00929,復華台灣科技優息,342,95,247,元大-新盛,2023-12-13,9869
00919,群益台灣精選高息,166,22,144,元大-新盛,2023-12-13,9869
2610,華航,101,4,97,元大-新盛,2023-12-13,9869
00715L,期街口布蘭特正2,83,0,83,元大-新盛,2023-12-13,9869
00671R,富邦NASDAQ反1,63,0,63,元大-新盛,2023-12-13,9869
00687B,國泰20年美債,61,1,60,元大-新盛,2023-12-13,9869
5469,瀚宇博,65,5,60,元大-新盛,2023-12-13,9869
2462,良得電,56,1,55,元大-新盛,2023-12-13,9869
00918,大華優利高填息30,55,0,55,元大-新盛,2023-12-13,9869
2382,廣達,57,4,53,元大-新盛,2023-12-13,9869
00642U,期元大S＆P石油,51,0,51,元大-新盛,2023-12-13,9869
1513,中興電,54,5,49,元大-新盛,2023-12-13,9869
00892,富邦台灣半導體,41,0,41,元大-新盛,2023-12-13,9869
3171,炎洲流通,40,0,40,元大-新盛,2023-12-13,9869
2427,三商電,38,1,37,元大-新盛,2023-12-13,9869
2419,仲琦,48,17,31,元大-新盛,2023-12-13,9869
2609,陽明,31,0,31,元大-新盛,2023-12-13,9869
9934,成霖,30,0,30,元大-新盛,2023-12-13,9869
2409,友達,35,7,28,元大-新盛,2023-12-13,9869
3147,大綜,25,0,25,元大-新盛,2023-12-13,9869
1464,得力,25,0,25,元大-新盛,2023-12-13,9869
3437,榮創,28,3,25,元大-新盛,2023-12-13,9869
6191,精成科,31,7,24,元大-新盛,2023-12-13,9869
00752,中信中國50,25,1,24,元大-新盛,2023-12-13,9869
2002,中鋼,29,6,23,元大-新盛,2023-12-13,9869
6937,天虹,23,0,23,元大-新盛,2023-12-13,9869
2634,漢翔,27,4,23,元大-新盛,2023-12-13,9869
3041,揚智,23,1,22,元大-新盛,2023-12-13,9869
2371,大同,22,0,22,元大-新盛,2023-12-13,9869
2344,華邦電,26,5,21,元大-新盛,2023-12-13,9869
8933,愛地雅,23,2,21,元大-新盛,2023-12-13,9869
1609,大亞,26,5,21,元大-新盛,2023-12-13,9869
00706L,期元大S＆P日圓正2,30,10,20,元大-新盛,2023-12-13,9869
8084,巨虹,20,0,20,元大-新盛,2023-12-13,9869
3481,群創,25,5,20,元大-新盛,2023-12-13,9869
2363,矽統,45,26,19,元大-新盛,2023-12-13,9869
2353,宏��,23,4,19,元大-新盛,2023-12-13,9869
1504,東元,21,2,19,元大-新盛,2023-12-13,9869
8936,國統,25,6,19,元大-新盛,2023-12-13,9869
1584,精剛,26,8,18,元大-新盛,2023-12-13,9869
00933B,國泰10Y+金融債,18,0,18,元大-新盛,2023-12-13,9869
3624,光頡,20,4,16,元大-新盛,2023-12-13,9869
1605,華新,17,1,16,元大-新盛,2023-12-13,9869
2329,華泰,32,16,16,元大-新盛,2023-12-13,9869
6266,泰詠,15,0,15,元大-新盛,2023-12-13,9869
00915,凱基優選高股息30,14,0,14,元大-新盛,2023-12-13,9869
6282,康舒,16,3,13,元大-新盛,2023-12-13,9869
2883,凱基金,16,3,13,元大-新盛,2023-12-13,9869
00688L,國泰20年美債正2,1284,4,1280,元大-新盛,2023-12-14,9869
00919,群益台灣精選高息,356,21,335,元大-新盛,2023-12-14,9869
3481,群創,315,24,291,元大-新盛,2023-12-14,9869
00706L,期元大S＆P日圓正2,250,4,246,元大-新盛,2023-12-14,9869
1514,亞力,231,6,225,元大-新盛,2023-12-14,9869
00637L,元大滬深300正2,137,0,137,元大-新盛,2023-12-14,9869
00632R,元大台灣50反1,121,2,119,元大-新盛,2023-12-14,9869
00936,台新永續高息中小,70,0,70,元大-新盛,2023-12-14,9869
00882,中信中國高股息,66,0,66,元大-新盛,2023-12-14,9869
00934,中信成長高股息,64,3,61,元大-新盛,2023-12-14,9869
00857B,永豐20年美公債,71,10,61,元大-新盛,2023-12-14,9869
00929,復華台灣科技優息,148,90,58,元大-新盛,2023-12-14,9869
2530,華建,56,2,54,元大-新盛,2023-12-14,9869
2367,燿華,71,17,54,元大-新盛,2023-12-14,9869
5469,瀚宇博,72,29,43,元大-新盛,2023-12-14,9869
8068,全達,41,1,40,元大-新盛,2023-12-14,9869
2412,中華電,39,0,39,元大-新盛,2023-12-14,9869
2365,昆盈,40,2,38,元大-新盛,2023-12-14,9869
1524,耿鼎,55,19,36,元大-新盛,2023-12-14,9869
00933B,國泰10Y+金融債,36,0,36,元大-新盛,2023-12-14,9869
00753L,中信中國50正2,33,0,33,元大-新盛,2023-12-14,9869
2351,順德,34,2,32,元大-新盛,2023-12-14,9869
1609,大亞,34,8,26,元大-新盛,2023-12-14,9869
2376,技嘉,48,23,25,元大-新盛,2023-12-14,9869
2539,櫻花建,24,0,24,元大-新盛,2023-12-14,9869
3346,麗清,26,4,22,元大-新盛,2023-12-14,9869
2609,陽明,24,2,22,元大-新盛,2023-12-14,9869
2515,中工,34,13,21,元大-新盛,2023-12-14,9869
1464,得力,20,0,20,元大-新盛,2023-12-14,9869
8084,巨虹,20,0,20,元大-新盛,2023-12-14,9869
2409,友達,30,10,20,元大-新盛,2023-12-14,9869
00885,富邦越南,20,1,19,元大-新盛,2023-12-14,9869
2002,中鋼,22,4,18,元大-新盛,2023-12-14,9869
00786B,元大10年IG銀行債,21,3,18,元大-新盛,2023-12-14,9869
1612,宏泰,19,1,18,元大-新盛,2023-12-14,9869
00679B,元大美債20年,29,12,17,元大-新盛,2023-12-14,9869
5608,四維航,17,0,17,元大-新盛,2023-12-14,9869
3171,炎洲流通,17,1,16,元大-新盛,2023-12-14,9869
2344,華邦電,34,18,16,元大-新盛,2023-12-14,9869
8110,華東,22,6,16,元大-新盛,2023-12-14,9869
2324,仁寶,26,10,16,元大-新盛,2023-12-14,9869
2637,慧洋-KY,16,1,15,元大-新盛,2023-12-14,9869
2613,中櫃,15,0,15,元大-新盛,2023-12-14,9869
6122,擎邦,21,6,15,元大-新盛,2023-12-14,9869
3390,旭軟,18,4,14,元大-新盛,2023-12-14,9869
6189,豐藝,14,0,14,元大-新盛,2023-12-14,9869
6173,信昌電,14,0,14,元大-新盛,2023-12-14,9869
6147,頎邦,25,11,14,元大-新盛,2023-12-14,9869
5521,工信,31,17,14,元大-新盛,2023-12-14,9869
8426,紅木-KY,17,4,13,元大-新盛,2023-12-14,9869
00706L,期元大S＆P日圓正2,705,6,699,元大-新盛,2023-12-15,9869
00680L,元大美債20正2,307,13,294,元大-新盛,2023-12-15,9869
3437,榮創,281,0,281,元大-新盛,2023-12-15,9869
2356,英業達,532,266,266,元大-新盛,2023-12-15,9869
00687B,國泰20年美債,253,20,233,元大-新盛,2023-12-15,9869
00753L,中信中國50正2,225,5,220,元大-新盛,2023-12-15,9869
2412,中華電,115,0,115,元大-新盛,2023-12-15,9869
00929,復華台灣科技優息,150,43,107,元大-新盛,2023-12-15,9869
00919,群益台灣精選高息,243,139,104,元大-新盛,2023-12-15,9869
2801,彰銀,86,17,69,元大-新盛,2023-12-15,9869
2462,良得電,66,0,66,元大-新盛,2023-12-15,9869
2867,三商壽,63,0,63,元大-新盛,2023-12-15,9869
2363,矽統,170,108,62,元大-新盛,2023-12-15,9869
00637L,元大滬深300正2,98,43,55,元大-新盛,2023-12-15,9869
00933B,國泰10Y+金融債,54,0,54,元大-新盛,2023-12-15,9869
2637,慧洋-KY,53,0,53,元大-新盛,2023-12-15,9869
00673R,期元大S＆P原油反1,50,0,50,元大-新盛,2023-12-15,9869
00795B,中信美國公債20年,35,0,35,元大-新盛,2023-12-15,9869
1605,華新,43,13,30,元大-新盛,2023-12-15,9869
5469,瀚宇博,54,26,28,元大-新盛,2023-12-15,9869
6257,矽格,42,14,28,元大-新盛,2023-12-15,9869
6266,泰詠,26,0,26,元大-新盛,2023-12-15,9869
2337,旺宏,35,11,24,元大-新盛,2023-12-15,9869
2317,鴻海,26,3,23,元大-新盛,2023-12-15,9869
5483,中美晶,32,10,22,元大-新盛,2023-12-15,9869
3041,揚智,23,2,21,元大-新盛,2023-12-15,9869
2449,京元電子,30,9,21,元大-新盛,2023-12-15,9869
2323,中環,28,9,19,元大-新盛,2023-12-15,9869
00632R,元大台灣50反1,19,0,19,元大-新盛,2023-12-15,9869
00934,中信成長高股息,31,13,18,元大-新盛,2023-12-15,9869
2498,宏達電,19,1,18,元大-新盛,2023-12-15,9869
2402,毅嘉,22,4,18,元大-新盛,2023-12-15,9869
5014,建錩,18,0,18,元大-新盛,2023-12-15,9869
2382,廣達,22,4,18,元大-新盛,2023-12-15,9869
1514,亞力,30,14,16,元大-新盛,2023-12-15,9869
6415,矽力*-KY,16,0,16,元大-新盛,2023-12-15,9869
3028,增你強,15,0,15,元大-新盛,2023-12-15,9869
00900,富邦特選高股息30,16,1,15,元大-新盛,2023-12-15,9869
2351,順德,42,28,14,元大-新盛,2023-12-15,9869
3624,光頡,15,1,14,元大-新盛,2023-12-15,9869
3147,大綜,15,1,14,元大-新盛,2023-12-15,9869
8930,青鋼,15,1,14,元大-新盛,2023-12-15,9869
2606,裕民,14,0,14,元大-新盛,2023-12-15,9869
2313,華通,35,22,13,元大-新盛,2023-12-15,9869
1609,大亞,37,25,12,元大-新盛,2023-12-15,9869
3390,旭軟,13,1,12,元大-新盛,2023-12-15,9869
2010,春源,15,3,12,元大-新盛,2023-12-15,9869
9950,萬國通,12,0,12,元大-新盛,2023-12-15,9869
00923,群益台ESG低碳50,11,0,11,元大-新盛,2023-12-15,9869
3706,神達,30,19,11,元大-新盛,2023-12-15,9869
00929,復華台灣科技優息,286,105,181,元大-新盛,2023-12-18,9869
00680L,元大美債20正2,493,337,156,元大-新盛,2023-12-18,9869
00688L,國泰20年美債正2,125,1,124,元大-新盛,2023-12-18,9869
00687B,國泰20年美債,358,243,115,元大-新盛,2023-12-18,9869
2610,華航,116,2,114,元大-新盛,2023-12-18,9869
00706L,期元大S＆P日圓正2,103,0,103,元大-新盛,2023-12-18,9869
00915,凱基優選高股息30,102,0,102,元大-新盛,2023-12-18,9869
2536,宏普,80,0,80,元大-新盛,2023-12-18,9869
4906,正文,63,0,63,元大-新盛,2023-12-18,9869
1513,中興電,65,4,61,元大-新盛,2023-12-18,9869
3231,緯創,82,22,60,元大-新盛,2023-12-18,9869
2363,矽統,80,24,56,元大-新盛,2023-12-18,9869
2409,友達,57,1,56,元大-新盛,2023-12-18,9869
3481,群創,52,1,51,元大-新盛,2023-12-18,9869
00679B,元大美債20年,70,19,51,元大-新盛,2023-12-18,9869
3047,訊舟,50,5,45,元大-新盛,2023-12-18,9869
2356,英業達,147,104,43,元大-新盛,2023-12-18,9869
6191,精成科,35,0,35,元大-新盛,2023-12-18,9869
2637,慧洋-KY,46,12,34,元大-新盛,2023-12-18,9869
4909,新復興,35,2,33,元大-新盛,2023-12-18,9869
2867,三商壽,32,0,32,元大-新盛,2023-12-18,9869
00933B,國泰10Y+金融債,32,0,32,元大-新盛,2023-12-18,9869
0056,元大高股息,111,81,30,元大-新盛,2023-12-18,9869
2889,國票金,50,21,29,元大-新盛,2023-12-18,9869
00720B,元大投資級公司債,37,9,28,元大-新盛,2023-12-18,9869
4109,加捷生醫,29,2,27,元大-新盛,2023-12-18,9869
2313,華通,38,11,27,元大-新盛,2023-12-18,9869
00712,復華富時不動產,39,14,25,元大-新盛,2023-12-18,9869
2801,彰銀,23,0,23,元大-新盛,2023-12-18,9869
00713,元大台灣高息低波,22,0,22,元大-新盛,2023-12-18,9869
2412,中華電,21,0,21,元大-新盛,2023-12-18,9869
2355,敬鵬,21,1,20,元大-新盛,2023-12-18,9869
2449,京元電子,23,3,20,元大-新盛,2023-12-18,9869
3532,台勝科,28,8,20,元大-新盛,2023-12-18,9869
2014,中鴻,64,45,19,元大-新盛,2023-12-18,9869
00918,大華優利高填息30,19,0,19,元大-新盛,2023-12-18,9869
2030,彰源,15,0,15,元大-新盛,2023-12-18,9869
1815,富喬,20,5,15,元大-新盛,2023-12-18,9869
6284,佳邦,16,1,15,元大-新盛,2023-12-18,9869
2023,燁輝,15,0,15,元大-新盛,2023-12-18,9869
3041,揚智,14,0,14,元大-新盛,2023-12-18,9869
1909,榮成,25,11,14,元大-新盛,2023-12-18,9869
00795B,中信美國公債20年,16,3,13,元大-新盛,2023-12-18,9869
8255,朋程,13,0,13,元大-新盛,2023-12-18,9869
2605,新興,27,14,13,元大-新盛,2023-12-18,9869
5381,合正,17,5,12,元大-新盛,2023-12-18,9869
2606,裕民,26,14,12,元大-新盛,2023-12-18,9869
2834,臺企銀,12,0,12,元大-新盛,2023-12-18,9869
2427,三商電,13,1,12,元大-新盛,2023-12-18,9869
2949,欣新網,12,0,12,元大-新盛,2023-12-18,9869
00715L,期街口布蘭特正2,500,30,470,元大-新盛,2023-12-19,9869
00919,群益台灣精選高息,345,21,324,元大-新盛,2023-12-19,9869
8150,南茂,203,4,199,元大-新盛,2023-12-19,9869
2610,華航,162,18,144,元大-新盛,2023-12-19,9869
00665L,富邦�琤肭磪囓�2,105,0,105,元大-新盛,2023-12-19,9869
2618,長榮航,122,18,104,元大-新盛,2023-12-19,9869
00637L,元大滬深300正2,96,4,92,元大-新盛,2023-12-19,9869
2462,良得電,68,0,68,元大-新盛,2023-12-19,9869
2883,凱基金,71,5,66,元大-新盛,2023-12-19,9869
3704,合勤控,61,0,61,元大-新盛,2023-12-19,9869
1605,華新,75,16,59,元大-新盛,2023-12-19,9869
2352,佳世達,55,1,54,元大-新盛,2023-12-19,9869
3567,逸昌,50,0,50,元大-新盛,2023-12-19,9869
6282,康舒,54,4,50,元大-新盛,2023-12-19,9869
00885,富邦越南,48,0,48,元大-新盛,2023-12-19,9869
2324,仁寶,64,16,48,元大-新盛,2023-12-19,9869
00706L,期元大S＆P日圓正2,60,12,48,元大-新盛,2023-12-19,9869
2002,中鋼,52,5,47,元大-新盛,2023-12-19,9869
0056,元大高股息,133,87,46,元大-新盛,2023-12-19,9869
00937B,群益ESG投等債20,83,39,44,元大-新盛,2023-12-19,9869
00929,復華台灣科技優息,253,214,39,元大-新盛,2023-12-19,9869
2605,新興,39,3,36,元大-新盛,2023-12-19,9869
3413,京鼎,36,0,36,元大-新盛,2023-12-19,9869
2356,英業達,113,77,36,元大-新盛,2023-12-19,9869
2303,聯電,44,11,33,元大-新盛,2023-12-19,9869
00720B,元大投資級公司債,42,12,30,元大-新盛,2023-12-19,9869
2313,華通,35,7,28,元大-新盛,2023-12-19,9869
2801,彰銀,26,0,26,元大-新盛,2023-12-19,9869
5009,榮剛,26,0,26,元大-新盛,2023-12-19,9869
3322,建舜電,26,0,26,元大-新盛,2023-12-19,9869
6147,頎邦,95,71,24,元大-新盛,2023-12-19,9869
1722,台肥,25,1,24,元大-新盛,2023-12-19,9869
00918,大華優利高填息30,23,0,23,元大-新盛,2023-12-19,9869
2887,台新金,21,0,21,元大-新盛,2023-12-19,9869
1815,富喬,23,2,21,元大-新盛,2023-12-19,9869
2536,宏普,21,0,21,元大-新盛,2023-12-19,9869
6122,擎邦,20,0,20,元大-新盛,2023-12-19,9869
00673R,期元大S＆P原油反1,20,0,20,元大-新盛,2023-12-19,9869
3607,谷崧,72,52,20,元大-新盛,2023-12-19,9869
2382,廣達,54,34,20,元大-新盛,2023-12-19,9869
2409,友達,62,44,18,元大-新盛,2023-12-19,9869
6116,彩晶,18,0,18,元大-新盛,2023-12-19,9869
4915,致伸,17,0,17,元大-新盛,2023-12-19,9869
8481,政伸,16,0,16,元大-新盛,2023-12-19,9869
1325,恆大,26,10,16,元大-新盛,2023-12-19,9869
00878,國泰永續高股息,21,6,15,元大-新盛,2023-12-19,9869
2033,佳大,15,0,15,元大-新盛,2023-12-19,9869
6188,廣明,15,0,15,元大-新盛,2023-12-19,9869
2882,國泰金,16,1,15,元大-新盛,2023-12-19,9869
4906,正文,14,0,14,元大-新盛,2023-12-19,9869
00715L,期街口布蘭特正2,511,11,500,元大-新盛,2023-12-20,9869
2536,宏普,119,0,119,元大-新盛,2023-12-20,9869
2618,長榮航,148,31,117,元大-新盛,2023-12-20,9869
8011,台通,102,0,102,元大-新盛,2023-12-20,9869
3231,緯創,138,51,87,元大-新盛,2023-12-20,9869
9935,慶豐富,70,0,70,元大-新盛,2023-12-20,9869
2603,長榮,195,132,63,元大-新盛,2023-12-20,9869
5521,工信,65,10,55,元大-新盛,2023-12-20,9869
00919,群益台灣精選高息,92,46,46,元大-新盛,2023-12-20,9869
00720B,元大投資級公司債,40,4,36,元大-新盛,2023-12-20,9869
2355,敬鵬,41,5,36,元大-新盛,2023-12-20,9869
2303,聯電,32,0,32,元大-新盛,2023-12-20,9869
2891,中信金,31,1,30,元大-新盛,2023-12-20,9869
3005,神基,27,0,27,元大-新盛,2023-12-20,9869
1722,台肥,25,0,25,元大-新盛,2023-12-20,9869
00673R,期元大S＆P原油反1,21,0,21,元大-新盛,2023-12-20,9869
00931B,統一美債20年,21,0,21,元大-新盛,2023-12-20,9869
2312,金寶,38,18,20,元大-新盛,2023-12-20,9869
4163,鐿鈦,20,0,20,元大-新盛,2023-12-20,9869
6655,科定,20,0,20,元大-新盛,2023-12-20,9869
1528,恩德,19,0,19,元大-新盛,2023-12-20,9869
00933B,國泰10Y+金融債,19,0,19,元大-新盛,2023-12-20,9869
2014,中鴻,38,20,18,元大-新盛,2023-12-20,9869
2362,藍天,28,12,16,元大-新盛,2023-12-20,9869
4167,松瑞藥,25,9,16,元大-新盛,2023-12-20,9869
3588,通嘉,16,0,16,元大-新盛,2023-12-20,9869
00712,復華富時不動產,30,14,16,元大-新盛,2023-12-20,9869
8085,福華,14,0,14,元大-新盛,2023-12-20,9869
2882,國泰金,15,1,14,元大-新盛,2023-12-20,9869
0055,元大MSCI金融,13,0,13,元大-新盛,2023-12-20,9869
2913,農林,12,0,12,元大-新盛,2023-12-20,9869
2328,廣宇,13,1,12,元大-新盛,2023-12-20,9869
00935,野村臺灣新科技50,12,0,12,元大-新盛,2023-12-20,9869
00655L,國泰中國A50正2,12,0,12,元大-新盛,2023-12-20,9869
00679B,元大美債20年,28,17,11,元大-新盛,2023-12-20,9869
3264,欣銓,14,3,11,元大-新盛,2023-12-20,9869
2886,兆豐金,12,1,11,元大-新盛,2023-12-20,9869
020040,元大上櫃ESG龍頭N,11,0,11,元大-新盛,2023-12-20,9869
2329,華泰,28,17,11,元大-新盛,2023-12-20,9869
00937B,群益ESG投等債20,12,1,11,元大-新盛,2023-12-20,9869
8112,至上,13,3,10,元大-新盛,2023-12-20,9869
5880,合庫金,10,0,10,元大-新盛,2023-12-20,9869
6547,高端疫苗,10,0,10,元大-新盛,2023-12-20,9869
1591,駿吉-KY,10,0,10,元大-新盛,2023-12-20,9869
6266,泰詠,10,0,10,元大-新盛,2023-12-20,9869
3583,辛耘,10,0,10,元大-新盛,2023-12-20,9869
2241,艾姆勒,11,1,10,元大-新盛,2023-12-20,9869
00708L,期元大S＆P黃金正2,10,0,10,元大-新盛,2023-12-20,9869
6231,系微,10,0,10,元大-新盛,2023-12-20,9869
2892,第一金,11,1,10,元大-新盛,2023-12-20,9869
00919,群益台灣精選高息,256,4,252,元大-新盛,2023-12-21,9869
9105,泰金寶-DR,420,280,140,元大-新盛,2023-12-21,9869
2530,華建,106,0,106,元大-新盛,2023-12-21,9869
2356,英業達,259,155,104,元大-新盛,2023-12-21,9869
00688L,國泰20年美債正2,104,0,104,元大-新盛,2023-12-21,9869
8011,台通,101,2,99,元大-新盛,2023-12-21,9869
00712,復華富時不動產,117,23,94,元大-新盛,2023-12-21,9869
2303,聯電,84,2,82,元大-新盛,2023-12-21,9869
2615,萬海,105,49,56,元大-新盛,2023-12-21,9869
2101,南港,50,0,50,元大-新盛,2023-12-21,9869
00687B,國泰20年美債,60,11,49,元大-新盛,2023-12-21,9869
1314,中石化,54,5,49,元大-新盛,2023-12-21,9869
1605,華新,45,7,38,元大-新盛,2023-12-21,9869
00937B,群益ESG投等債20,42,4,38,元大-新盛,2023-12-21,9869
3171,炎洲流通,34,0,34,元大-新盛,2023-12-21,9869
1303,南亞,33,0,33,元大-新盛,2023-12-21,9869
00680L,元大美債20正2,55,23,32,元大-新盛,2023-12-21,9869
2353,宏��,86,55,31,元大-新盛,2023-12-21,9869
2324,仁寶,108,79,29,元大-新盛,2023-12-21,9869
6147,頎邦,28,1,27,元大-新盛,2023-12-21,9869
2363,矽統,28,5,23,元大-新盛,2023-12-21,9869
00933B,國泰10Y+金融債,26,3,23,元大-新盛,2023-12-21,9869
2801,彰銀,22,0,22,元大-新盛,2023-12-21,9869
4163,鐿鈦,20,0,20,元大-新盛,2023-12-21,9869
2536,宏普,20,0,20,元大-新盛,2023-12-21,9869
3607,谷崧,20,0,20,元大-新盛,2023-12-21,9869
2504,國產,20,0,20,元大-新盛,2023-12-21,9869
4420,光明,20,0,20,元大-新盛,2023-12-21,9869
5351,鈺創,27,7,20,元大-新盛,2023-12-21,9869
6117,迎廣,18,0,18,元大-新盛,2023-12-21,9869
1513,中興電,19,2,17,元大-新盛,2023-12-21,9869
1732,毛寶,27,11,16,元大-新盛,2023-12-21,9869
00673R,期元大S＆P原油反1,15,0,15,元大-新盛,2023-12-21,9869
1457,宜進,15,0,15,元大-新盛,2023-12-21,9869
2890,永豐金,15,0,15,元大-新盛,2023-12-21,9869
00882,中信中國高股息,19,5,14,元大-新盛,2023-12-21,9869
0056,元大高股息,50,36,14,元大-新盛,2023-12-21,9869
2449,京元電子,13,0,13,元大-新盛,2023-12-21,9869
6164,華興,18,5,13,元大-新盛,2023-12-21,9869
2409,友達,15,2,13,元大-新盛,2023-12-21,9869
2383,台光電,13,0,13,元大-新盛,2023-12-21,9869
00713,元大台灣高息低波,12,0,12,元大-新盛,2023-12-21,9869
6153,嘉聯益,12,0,12,元大-新盛,2023-12-21,9869
2369,菱生,12,0,12,元大-新盛,2023-12-21,9869
3035,智原,16,5,11,元大-新盛,2023-12-21,9869
6538,倉和,11,0,11,元大-新盛,2023-12-21,9869
2634,漢翔,12,1,11,元大-新盛,2023-12-21,9869
6188,廣明,12,1,11,元大-新盛,2023-12-21,9869
2331,精英,25,15,10,元大-新盛,2023-12-21,9869
2204,中華,11,1,10,元大-新盛,2023-12-21,9869
2323,中環,301,3,298,元大-新盛,2023-12-22,9869
00929,復華台灣科技優息,343,53,290,元大-新盛,2023-12-22,9869
00919,群益台灣精選高息,173,9,164,元大-新盛,2023-12-22,9869
00687B,國泰20年美債,297,151,146,元大-新盛,2023-12-22,9869
00688L,國泰20年美債正2,106,0,106,元大-新盛,2023-12-22,9869
2615,萬海,166,97,69,元大-新盛,2023-12-22,9869
2515,中工,66,3,63,元大-新盛,2023-12-22,9869
2536,宏普,60,0,60,元大-新盛,2023-12-22,9869
00753L,中信中國50正2,58,0,58,元大-新盛,2023-12-22,9869
3322,建舜電,51,0,51,元大-新盛,2023-12-22,9869
2356,英業達,188,139,49,元大-新盛,2023-12-22,9869
3704,合勤控,50,2,48,元大-新盛,2023-12-22,9869
2883,凱基金,52,6,46,元大-新盛,2023-12-22,9869
8054,安國,61,15,46,元大-新盛,2023-12-22,9869
00752,中信中國50,35,0,35,元大-新盛,2023-12-22,9869
9105,泰金寶-DR,71,38,33,元大-新盛,2023-12-22,9869
3171,炎洲流通,30,0,30,元大-新盛,2023-12-22,9869
9919,康那香,28,0,28,元大-新盛,2023-12-22,9869
2618,長榮航,128,103,25,元大-新盛,2023-12-22,9869
2337,旺宏,25,0,25,元大-新盛,2023-12-22,9869
2353,宏��,58,33,25,元大-新盛,2023-12-22,9869
1305,華夏,30,6,24,元大-新盛,2023-12-22,9869
00680L,元大美債20正2,51,28,23,元大-新盛,2023-12-22,9869
2329,華泰,26,3,23,元大-新盛,2023-12-22,9869
0056,元大高股息,203,183,20,元大-新盛,2023-12-22,9869
4163,鐿鈦,20,0,20,元大-新盛,2023-12-22,9869
00669R,國泰美國道瓊反1,20,0,20,元大-新盛,2023-12-22,9869
9934,成霖,20,0,20,元大-新盛,2023-12-22,9869
2605,新興,19,0,19,元大-新盛,2023-12-22,9869
00933B,國泰10Y+金融債,18,0,18,元大-新盛,2023-12-22,9869
00931B,統一美債20年,18,0,18,元大-新盛,2023-12-22,9869
00713,元大台灣高息低波,17,0,17,元大-新盛,2023-12-22,9869
2913,農林,21,4,17,元大-新盛,2023-12-22,9869
2882,國泰金,18,1,17,元大-新盛,2023-12-22,9869
00751B,元大AAA至A公司債,17,0,17,元大-新盛,2023-12-22,9869
3390,旭軟,15,0,15,元大-新盛,2023-12-22,9869
1326,台化,14,0,14,元大-新盛,2023-12-22,9869
3346,麗清,23,9,14,元大-新盛,2023-12-22,9869
2355,敬鵬,32,18,14,元大-新盛,2023-12-22,9869
3051,力特,18,4,14,元大-新盛,2023-12-22,9869
6243,迅杰,16,3,13,元大-新盛,2023-12-22,9869
6655,科定,12,0,12,元大-新盛,2023-12-22,9869
6126,信音,12,0,12,元大-新盛,2023-12-22,9869
1303,南亞,13,1,12,元大-新盛,2023-12-22,9869
1101,台泥,13,2,11,元大-新盛,2023-12-22,9869
5009,榮剛,37,26,11,元大-新盛,2023-12-22,9869
6182,合晶,11,0,11,元大-新盛,2023-12-22,9869
3372,典範,11,0,11,元大-新盛,2023-12-22,9869
8227,巨有科技,11,0,11,元大-新盛,2023-12-22,9869
00936,台新永續高息中小,11,0,11,元大-新盛,2023-12-22,9869
00919,群益台灣精選高息,252,71,181,元大-新盛,2023-12-25,9869
2515,中工,159,6,153,元大-新盛,2023-12-25,9869
2603,長榮,297,163,134,元大-新盛,2023-12-25,9869
2609,陽明,194,92,102,元大-新盛,2023-12-25,9869
00900,富邦特選高股息30,100,4,96,元大-新盛,2023-12-25,9869
2610,華航,71,13,58,元大-新盛,2023-12-25,9869
5469,瀚宇博,57,5,52,元大-新盛,2023-12-25,9869
2530,華建,45,0,45,元大-新盛,2023-12-25,9869
8088,品安,117,72,45,元大-新盛,2023-12-25,9869
5608,四維航,34,0,34,元大-新盛,2023-12-25,9869
2636,台驊控股,36,5,31,元大-新盛,2023-12-25,9869
8011,台通,36,7,29,元大-新盛,2023-12-25,9869
9105,泰金寶-DR,29,1,28,元大-新盛,2023-12-25,9869
6117,迎廣,119,94,25,元大-新盛,2023-12-25,9869
6024,群益期,25,0,25,元大-新盛,2023-12-25,9869
2615,萬海,49,25,24,元大-新盛,2023-12-25,9869
1612,宏泰,24,0,24,元大-新盛,2023-12-25,9869
1325,恆大,25,3,22,元大-新盛,2023-12-25,9869
4163,鐿鈦,20,0,20,元大-新盛,2023-12-25,9869
00662,富邦NASDAQ,20,0,20,元大-新盛,2023-12-25,9869
2449,京元電子,20,1,19,元大-新盛,2023-12-25,9869
8069,元太,23,4,19,元大-新盛,2023-12-25,9869
6770,力積電,19,0,19,元大-新盛,2023-12-25,9869
3041,揚智,26,8,18,元大-新盛,2023-12-25,9869
2408,南亞科,22,4,18,元大-新盛,2023-12-25,9869
2353,宏��,106,88,18,元大-新盛,2023-12-25,9869
1733,五鼎,20,3,17,元大-新盛,2023-12-25,9869
1504,東元,20,3,17,元大-新盛,2023-12-25,9869
2382,廣達,52,36,16,元大-新盛,2023-12-25,9869
00857B,永豐20年美公債,14,0,14,元大-新盛,2023-12-25,9869
00937B,群益ESG投等債20,38,25,13,元大-新盛,2023-12-25,9869
4945,陞達科技,14,1,13,元大-新盛,2023-12-25,9869
00720B,元大投資級公司債,16,3,13,元大-新盛,2023-12-25,9869
2324,仁寶,82,70,12,元大-新盛,2023-12-25,9869
2362,藍天,16,4,12,元大-新盛,2023-12-25,9869
2607,榮運,12,0,12,元大-新盛,2023-12-25,9869
00933B,國泰10Y+金融債,24,13,11,元大-新盛,2023-12-25,9869
2498,宏達電,54,43,11,元大-新盛,2023-12-25,9869
3362,先進光,10,0,10,元大-新盛,2023-12-25,9869
2929,淘帝-KY,10,0,10,元大-新盛,2023-12-25,9869
00637L,元大滬深300正2,15,5,10,元大-新盛,2023-12-25,9869
1309,台達化,10,0,10,元大-新盛,2023-12-25,9869
9934,成霖,10,0,10,元大-新盛,2023-12-25,9869
00632R,元大台灣50反1,10,0,10,元大-新盛,2023-12-25,9869
9919,康那香,11,1,10,元大-新盛,2023-12-25,9869
6191,精成科,9,0,9,元大-新盛,2023-12-25,9869
2913,農林,10,1,9,元大-新盛,2023-12-25,9869
1731,美吾華,9,0,9,元大-新盛,2023-12-25,9869
3625,西勝,9,0,9,元大-新盛,2023-12-25,9869
1514,亞力,9,0,9,元大-新盛,2023-12-25,9869
2801,彰銀,100,0,100,元大-新盛,2023-12-26,9869
00706L,期元大S＆P日圓正2,50,0,50,元大-新盛,2023-12-26,9869
1325,恆大,75,29,46,元大-新盛,2023-12-26,9869
00929,復華台灣科技優息,47,7,40,元大-新盛,2023-12-26,9869
00637L,元大滬深300正2,98,59,39,元大-新盛,2023-12-26,9869
00795B,中信美國公債20年,38,0,38,元大-新盛,2023-12-26,9869
3532,台勝科,41,4,37,元大-新盛,2023-12-26,9869
00673R,期元大S＆P原油反1,32,0,32,元大-新盛,2023-12-26,9869
1714,和桐,31,0,31,元大-新盛,2023-12-26,9869
00857B,永豐20年美公債,31,0,31,元大-新盛,2023-12-26,9869
1905,華紙,28,4,24,元大-新盛,2023-12-26,9869
1513,中興電,23,1,22,元大-新盛,2023-12-26,9869
1584,精剛,22,0,22,元大-新盛,2023-12-26,9869
1605,華新,27,6,21,元大-新盛,2023-12-26,9869
4720,德淵,20,0,20,元大-新盛,2023-12-26,9869
00708L,期元大S＆P黃金正2,20,0,20,元大-新盛,2023-12-26,9869
4163,鐿鈦,20,0,20,元大-新盛,2023-12-26,9869
2504,國產,19,0,19,元大-新盛,2023-12-26,9869
6435,大中,25,6,19,元大-新盛,2023-12-26,9869
2891,中信金,22,3,19,元大-新盛,2023-12-26,9869
2630,亞航,18,0,18,元大-新盛,2023-12-26,9869
5009,榮剛,20,2,18,元大-新盛,2023-12-26,9869
9945,潤泰新,18,1,17,元大-新盛,2023-12-26,9869
2337,旺宏,21,4,17,元大-新盛,2023-12-26,9869
3346,麗清,18,2,16,元大-新盛,2023-12-26,9869
1314,中石化,16,0,16,元大-新盛,2023-12-26,9869
6235,華孚,17,2,15,元大-新盛,2023-12-26,9869
00632R,元大台灣50反1,16,3,13,元大-新盛,2023-12-26,9869
4979,華星光,26,13,13,元大-新盛,2023-12-26,9869
00937B,群益ESG投等債20,15,3,12,元大-新盛,2023-12-26,9869
3037,欣興,14,2,12,元大-新盛,2023-12-26,9869
00751B,元大AAA至A公司債,11,0,11,元大-新盛,2023-12-26,9869
4915,致伸,11,0,11,元大-新盛,2023-12-26,9869
8936,國統,24,13,11,元大-新盛,2023-12-26,9869
2014,中鴻,10,0,10,元大-新盛,2023-12-26,9869
911868,同方友友-DR,10,0,10,元大-新盛,2023-12-26,9869
00882,中信中國高股息,19,9,10,元大-新盛,2023-12-26,9869
2548,華固,10,0,10,元大-新盛,2023-12-26,9869
00650L,復華香港正2,10,0,10,元大-新盛,2023-12-26,9869
00934,中信成長高股息,15,5,10,元大-新盛,2023-12-26,9869
5324,士開,10,0,10,元大-新盛,2023-12-26,9869
6188,廣明,10,0,10,元大-新盛,2023-12-26,9869
1570,力肯,9,0,9,元大-新盛,2023-12-26,9869
2402,毅嘉,44,35,9,元大-新盛,2023-12-26,9869
6024,群益期,9,0,9,元大-新盛,2023-12-26,9869
3052,夆典,9,0,9,元大-新盛,2023-12-26,9869
00720B,元大投資級公司債,10,1,9,元大-新盛,2023-12-26,9869
1519,華城,46,38,8,元大-新盛,2023-12-26,9869
1326,台化,9,1,8,元大-新盛,2023-12-26,9869
2903,遠百,7,0,7,元大-新盛,2023-12-26,9869
00937B,群益ESG投等債20,272,2,270,元大-新盛,2023-12-27,9869
6024,群益期,140,0,140,元大-新盛,2023-12-27,9869
2101,南港,137,5,132,元大-新盛,2023-12-27,9869
00637L,元大滬深300正2,155,43,112,元大-新盛,2023-12-27,9869
2801,彰銀,112,15,97,元大-新盛,2023-12-27,9869
2356,英業達,135,60,75,元大-新盛,2023-12-27,9869
00919,群益台灣精選高息,83,16,67,元大-新盛,2023-12-27,9869
2610,華航,74,25,49,元大-新盛,2023-12-27,9869
9935,慶豐富,41,0,41,元大-新盛,2023-12-27,9869
2536,宏普,40,0,40,元大-新盛,2023-12-27,9869
2405,輔信,91,58,33,元大-新盛,2023-12-27,9869
00673R,期元大S＆P原油反1,33,0,33,元大-新盛,2023-12-27,9869
1612,宏泰,33,0,33,元大-新盛,2023-12-27,9869
6215,和椿,32,0,32,元大-新盛,2023-12-27,9869
5347,世界,45,15,30,元大-新盛,2023-12-27,9869
2363,矽統,34,5,29,元大-新盛,2023-12-27,9869
00933B,國泰10Y+金融債,26,0,26,元大-新盛,2023-12-27,9869
2618,長榮航,47,21,26,元大-新盛,2023-12-27,9869
2353,宏��,133,107,26,元大-新盛,2023-12-27,9869
6288,聯嘉,30,5,25,元大-新盛,2023-12-27,9869
00918,大華優利高填息30,22,0,22,元大-新盛,2023-12-27,9869
6117,迎廣,30,9,21,元大-新盛,2023-12-27,9869
2014,中鴻,30,10,20,元大-新盛,2023-12-27,9869
4105,東洋,20,0,20,元大-新盛,2023-12-27,9869
4967,十銓,22,3,19,元大-新盛,2023-12-27,9869
3171,炎洲流通,18,0,18,元大-新盛,2023-12-27,9869
4163,鐿鈦,20,2,18,元大-新盛,2023-12-27,9869
2369,菱生,20,2,18,元大-新盛,2023-12-27,9869
8938,明安,17,0,17,元大-新盛,2023-12-27,9869
00687B,國泰20年美債,21,5,16,元大-新盛,2023-12-27,9869
2883,凱基金,20,5,15,元大-新盛,2023-12-27,9869
2367,燿華,14,0,14,元大-新盛,2023-12-27,9869
8096,擎亞,39,25,14,元大-新盛,2023-12-27,9869
00936,台新永續高息中小,15,1,14,元大-新盛,2023-12-27,9869
8105,凌巨,20,7,13,元大-新盛,2023-12-27,9869
2636,台驊控股,20,8,12,元大-新盛,2023-12-27,9869
3532,台勝科,14,2,12,元大-新盛,2023-12-27,9869
00907,永豐優息存股,11,0,11,元大-新盛,2023-12-27,9869
00751B,元大AAA至A公司債,10,0,10,元大-新盛,2023-12-27,9869
2641,正德,10,0,10,元大-新盛,2023-12-27,9869
3321,同泰,10,0,10,元大-新盛,2023-12-27,9869
2548,華固,10,0,10,元大-新盛,2023-12-27,9869
3071,協禧,10,0,10,元大-新盛,2023-12-27,9869
2812,台中銀,10,0,10,元大-新盛,2023-12-27,9869
8255,朋程,11,1,10,元大-新盛,2023-12-27,9869
2867,三商壽,10,0,10,元大-新盛,2023-12-27,9869
2352,佳世達,13,3,10,元大-新盛,2023-12-27,9869
00708L,期元大S＆P黃金正2,10,0,10,元大-新盛,2023-12-27,9869
8034,榮群,13,3,10,元大-新盛,2023-12-27,9869
00720B,元大投資級公司債,10,0,10,元大-新盛,2023-12-27,9869
2801,彰銀,188,2,186,元大-新盛,2023-12-28,9869
3325,旭品,128,0,128,元大-新盛,2023-12-28,9869
6024,群益期,126,0,126,元大-新盛,2023-12-28,9869
00937B,群益ESG投等債20,118,10,108,元大-新盛,2023-12-28,9869
00931B,統一美債20年,110,4,106,元大-新盛,2023-12-28,9869
3481,群創,117,24,93,元大-新盛,2023-12-28,9869
00680L,元大美債20正2,179,92,87,元大-新盛,2023-12-28,9869
00927,群益半導體收益,62,0,62,元大-新盛,2023-12-28,9869
5469,瀚宇博,80,30,50,元大-新盛,2023-12-28,9869
00919,群益台灣精選高息,69,20,49,元大-新盛,2023-12-28,9869
00751B,元大AAA至A公司債,41,0,41,元大-新盛,2023-12-28,9869
3567,逸昌,38,0,38,元大-新盛,2023-12-28,9869
3376,新日興,125,88,37,元大-新盛,2023-12-28,9869
1514,亞力,72,38,34,元大-新盛,2023-12-28,9869
3017,奇鋐,37,9,28,元大-新盛,2023-12-28,9869
5351,鈺創,30,7,23,元大-新盛,2023-12-28,9869
2365,昆盈,31,9,22,元大-新盛,2023-12-28,9869
2609,陽明,52,30,22,元大-新盛,2023-12-28,9869
2637,慧洋-KY,27,7,20,元大-新盛,2023-12-28,9869
00708L,期元大S＆P黃金正2,20,0,20,元大-新盛,2023-12-28,9869
1312,國喬,20,0,20,元大-新盛,2023-12-28,9869
2367,燿華,20,0,20,元大-新盛,2023-12-28,9869
2352,佳世達,20,1,19,元大-新盛,2023-12-28,9869
2436,偉詮電,25,6,19,元大-新盛,2023-12-28,9869
2548,華固,19,0,19,元大-新盛,2023-12-28,9869
2886,兆豐金,20,3,17,元大-新盛,2023-12-28,9869
2399,映泰,16,0,16,元大-新盛,2023-12-28,9869
2031,新光鋼,19,3,16,元大-新盛,2023-12-28,9869
6125,廣運,20,4,16,元大-新盛,2023-12-28,9869
9935,慶豐富,15,0,15,元大-新盛,2023-12-28,9869
3305,昇貿,16,1,15,元大-新盛,2023-12-28,9869
00720B,元大投資級公司債,14,0,14,元大-新盛,2023-12-28,9869
00933B,國泰10Y+金融債,14,0,14,元大-新盛,2023-12-28,9869
6161,捷波,14,0,14,元大-新盛,2023-12-28,9869
3041,揚智,13,0,13,元大-新盛,2023-12-28,9869
2204,中華,13,1,12,元大-新盛,2023-12-28,9869
6117,迎廣,72,60,12,元大-新盛,2023-12-28,9869
6829,千附精密,12,0,12,元大-新盛,2023-12-28,9869
2402,毅嘉,18,7,11,元大-新盛,2023-12-28,9869
6667,信紘科,12,1,11,元大-新盛,2023-12-28,9869
2101,南港,16,5,11,元大-新盛,2023-12-28,9869
1605,華新,50,39,11,元大-新盛,2023-12-28,9869
8093,保銳,11,0,11,元大-新盛,2023-12-28,9869
3588,通嘉,20,9,11,元大-新盛,2023-12-28,9869
1305,華夏,11,0,11,元大-新盛,2023-12-28,9869
9934,成霖,10,0,10,元大-新盛,2023-12-28,9869
2605,新興,10,0,10,元大-新盛,2023-12-28,9869
2883B,凱基金乙特,10,0,10,元大-新盛,2023-12-28,9869
2530,華建,11,1,10,元大-新盛,2023-12-28,9869
1721,三晃,10,0,10,元大-新盛,2023-12-28,9869
00688L,國泰20年美債正2,320,0,320,元大-新盛,2023-12-29,9869
2609,陽明,170,8,162,元大-新盛,2023-12-29,9869
8096,擎亞,141,16,125,元大-新盛,2023-12-29,9869
00637L,元大滬深300正2,325,204,121,元大-新盛,2023-12-29,9869
00712,復華富時不動產,107,0,107,元大-新盛,2023-12-29,9869
00937B,群益ESG投等債20,79,0,79,元大-新盛,2023-12-29,9869
00680L,元大美債20正2,67,0,67,元大-新盛,2023-12-29,9869
00632R,元大台灣50反1,59,0,59,元大-新盛,2023-12-29,9869
9934,成霖,49,0,49,元大-新盛,2023-12-29,9869
00919,群益台灣精選高息,95,48,47,元大-新盛,2023-12-29,9869
3024,憶聲,47,1,46,元大-新盛,2023-12-29,9869
00642U,期元大S＆P石油,41,0,41,元大-新盛,2023-12-29,9869
00929,復華台灣科技優息,65,24,41,元大-新盛,2023-12-29,9869
00679B,元大美債20年,42,3,39,元大-新盛,2023-12-29,9869
6024,群益期,40,2,38,元大-新盛,2023-12-29,9869
2399,映泰,38,1,37,元大-新盛,2023-12-29,9869
1609,大亞,40,4,36,元大-新盛,2023-12-29,9869
2421,建準,40,10,30,元大-新盛,2023-12-29,9869
8039,台虹,27,0,27,元大-新盛,2023-12-29,9869
3567,逸昌,27,0,27,元大-新盛,2023-12-29,9869
2867,三商壽,28,5,23,元大-新盛,2023-12-29,9869
2882,國泰金,24,2,22,元大-新盛,2023-12-29,9869
00720B,元大投資級公司債,26,4,22,元大-新盛,2023-12-29,9869
6655,科定,21,0,21,元大-新盛,2023-12-29,9869
911868,同方友友-DR,20,0,20,元大-新盛,2023-12-29,9869
00751B,元大AAA至A公司債,19,0,19,元大-新盛,2023-12-29,9869
00931B,統一美債20年,20,1,19,元大-新盛,2023-12-29,9869
3588,通嘉,28,9,19,元大-新盛,2023-12-29,9869
1503,士電,22,5,17,元大-新盛,2023-12-29,9869
3041,揚智,19,2,17,元大-新盛,2023-12-29,9869
00773B,中信優先金融債,16,0,16,元大-新盛,2023-12-29,9869
00857B,永豐20年美公債,15,0,15,元大-新盛,2023-12-29,9869
9919,康那香,16,1,15,元大-新盛,2023-12-29,9869
1513,中興電,25,11,14,元大-新盛,2023-12-29,9869
1519,華城,47,33,14,元大-新盛,2023-12-29,9869
1605,華新,16,2,14,元大-新盛,2023-12-29,9869
2352,佳世達,62,49,13,元大-新盛,2023-12-29,9869
2312,金寶,13,0,13,元大-新盛,2023-12-29,9869
1504,東元,15,3,12,元大-新盛,2023-12-29,9869
3312,弘憶股,12,0,12,元大-新盛,2023-12-29,9869
2356,英業達,64,53,11,元大-新盛,2023-12-29,9869
2530,華建,11,0,11,元大-新盛,2023-12-29,9869
1616,億泰,11,0,11,元大-新盛,2023-12-29,9869
6285,啟��,14,3,11,元大-新盛,2023-12-29,9869
2371,大同,11,0,11,元大-新盛,2023-12-29,9869
2610,華航,13,2,11,元大-新盛,2023-12-29,9869
4938,和碩,23,13,10,元大-新盛,2023-12-29,9869
8933,愛地雅,10,0,10,元大-新盛,2023-12-29,9869
3437,榮創,14,4,10,元大-新盛,2023-12-29,9869
6015,宏遠證,10,0,10,元大-新盛,2023-12-29,9869
00687B,國泰20年美債,537,5,532,元大-新盛,2024-01-02,9869
00751B,元大AAA至A公司債,239,3,236,元大-新盛,2024-01-02,9869
00929,復華台灣科技優息,195,4,191,元大-新盛,2024-01-02,9869
00937B,群益ESG投等債20,187,2,185,元大-新盛,2024-01-02,9869
3481,群創,142,19,123,元大-新盛,2024-01-02,9869
1504,東元,180,57,123,元大-新盛,2024-01-02,9869
2548,華固,122,0,122,元大-新盛,2024-01-02,9869
00680L,元大美債20正2,118,7,111,元大-新盛,2024-01-02,9869
3231,緯創,147,37,110,元大-新盛,2024-01-02,9869
5469,瀚宇博,76,11,65,元大-新盛,2024-01-02,9869
00919,群益台灣精選高息,68,9,59,元大-新盛,2024-01-02,9869
00637L,元大滬深300正2,77,20,57,元大-新盛,2024-01-02,9869
5521,工信,46,2,44,元大-新盛,2024-01-02,9869
00712,復華富時不動產,53,10,43,元大-新盛,2024-01-02,9869
2883,凱基金,52,10,42,元大-新盛,2024-01-02,9869
5608,四維航,38,0,38,元大-新盛,2024-01-02,9869
2352,佳世達,41,6,35,元大-新盛,2024-01-02,9869
00722B,群益投資級電信債,32,0,32,元大-新盛,2024-01-02,9869
00632R,元大台灣50反1,30,0,30,元大-新盛,2024-01-02,9869
00662,富邦NASDAQ,30,0,30,元大-新盛,2024-01-02,9869
2377,微星,34,4,30,元大-新盛,2024-01-02,9869
2356,英業達,51,22,29,元大-新盛,2024-01-02,9869
00931B,統一美債20年,28,3,25,元大-新盛,2024-01-02,9869
2303,聯電,30,5,25,元大-新盛,2024-01-02,9869
2337,旺宏,37,13,24,元大-新盛,2024-01-02,9869
2332,友訊,30,8,22,元大-新盛,2024-01-02,9869
00688L,國泰20年美債正2,22,0,22,元大-新盛,2024-01-02,9869
00671R,富邦NASDAQ反1,20,0,20,元大-新盛,2024-01-02,9869
00857B,永豐20年美公債,19,0,19,元大-新盛,2024-01-02,9869
2376,技嘉,19,1,18,元大-新盛,2024-01-02,9869
6122,擎邦,26,8,18,元大-新盛,2024-01-02,9869
00669R,國泰美國道瓊反1,17,0,17,元大-新盛,2024-01-02,9869
00639,富邦深100,17,0,17,元大-新盛,2024-01-02,9869
6182,合晶,15,0,15,元大-新盛,2024-01-02,9869
3706,神達,33,18,15,元大-新盛,2024-01-02,9869
00720B,元大投資級公司債,23,9,14,元大-新盛,2024-01-02,9869
0056,元大高股息,90,76,14,元大-新盛,2024-01-02,9869
3041,揚智,18,4,14,元大-新盛,2024-01-02,9869
2313,華通,22,8,14,元大-新盛,2024-01-02,9869
2382,廣達,21,8,13,元大-新盛,2024-01-02,9869
00679B,元大美債20年,28,15,13,元大-新盛,2024-01-02,9869
00900,富邦特選高股息30,13,0,13,元大-新盛,2024-01-02,9869
1522,堤維西,13,1,12,元大-新盛,2024-01-02,9869
3167,大量,12,0,12,元大-新盛,2024-01-02,9869
1612,宏泰,28,16,12,元大-新盛,2024-01-02,9869
00918,大華優利高填息30,12,0,12,元大-新盛,2024-01-02,9869
00878,國泰永續高股息,36,24,12,元大-新盛,2024-01-02,9869
6770,力積電,12,1,11,元大-新盛,2024-01-02,9869
2007,燁興,11,0,11,元大-新盛,2024-01-02,9869
3266,昇陽,10,0,10,元大-新盛,2024-01-02,9869
00937B,群益ESG投等債20,450,44,406,元大-新盛,2024-01-03,9869
2303,聯電,358,14,344,元大-新盛,2024-01-03,9869
00919,群益台灣精選高息,247,28,219,元大-新盛,2024-01-03,9869
00929,復華台灣科技優息,353,147,206,元大-新盛,2024-01-03,9869
2002,中鋼,175,1,174,元大-新盛,2024-01-03,9869
00934,中信成長高股息,123,0,123,元大-新盛,2024-01-03,9869
00688L,國泰20年美債正2,110,0,110,元大-新盛,2024-01-03,9869
00712,復華富時不動產,104,0,104,元大-新盛,2024-01-03,9869
9934,成霖,80,0,80,元大-新盛,2024-01-03,9869
2618,長榮航,117,43,74,元大-新盛,2024-01-03,9869
00878,國泰永續高股息,102,29,73,元大-新盛,2024-01-03,9869
6835,圓裕,46,0,46,元大-新盛,2024-01-03,9869
00655L,國泰中國A50正2,46,0,46,元大-新盛,2024-01-03,9869
6164,華興,40,0,40,元大-新盛,2024-01-03,9869
2890,永豐金,40,0,40,元大-新盛,2024-01-03,9869
0050,元大台灣50,65,25,40,元大-新盛,2024-01-03,9869
3231,緯創,55,16,39,元大-新盛,2024-01-03,9869
2352,佳世達,41,2,39,元大-新盛,2024-01-03,9869
6770,力積電,38,1,37,元大-新盛,2024-01-03,9869
00642U,期元大S＆P石油,35,0,35,元大-新盛,2024-01-03,9869
00679B,元大美債20年,32,0,32,元大-新盛,2024-01-03,9869
5426,振發,39,7,32,元大-新盛,2024-01-03,9869
2536,宏普,29,0,29,元大-新盛,2024-01-03,9869
2409,友達,30,1,29,元大-新盛,2024-01-03,9869
2362,藍天,39,11,28,元大-新盛,2024-01-03,9869
4960,誠美材,30,2,28,元大-新盛,2024-01-03,9869
3005,神基,32,5,27,元大-新盛,2024-01-03,9869
2356,英業達,31,5,26,元大-新盛,2024-01-03,9869
2324,仁寶,36,10,26,元大-新盛,2024-01-03,9869
3041,揚智,26,3,23,元大-新盛,2024-01-03,9869
00881,國泰台灣5G+,25,2,23,元大-新盛,2024-01-03,9869
2515,中工,25,3,22,元大-新盛,2024-01-03,9869
3567,逸昌,21,0,21,元大-新盛,2024-01-03,9869
2888,新光金,22,1,21,元大-新盛,2024-01-03,9869
6655,科定,20,0,20,元大-新盛,2024-01-03,9869
00706L,期元大S＆P日圓正2,20,0,20,元大-新盛,2024-01-03,9869
3532,台勝科,19,0,19,元大-新盛,2024-01-03,9869
8936,國統,18,0,18,元大-新盛,2024-01-03,9869
8110,華東,21,4,17,元大-新盛,2024-01-03,9869
2727,王品,19,2,17,元大-新盛,2024-01-03,9869
4123,晟德,17,0,17,元大-新盛,2024-01-03,9869
2887,台新金,17,0,17,元大-新盛,2024-01-03,9869
3051,力特,19,3,16,元大-新盛,2024-01-03,9869
3481,群創,29,13,16,元大-新盛,2024-01-03,9869
9945,潤泰新,17,1,16,元大-新盛,2024-01-03,9869
00720B,元大投資級公司債,15,0,15,元大-新盛,2024-01-03,9869
2634,漢翔,15,0,15,元大-新盛,2024-01-03,9869
2882,國泰金,26,11,15,元大-新盛,2024-01-03,9869
2106,建大,14,0,14,元大-新盛,2024-01-03,9869
2408,南亞科,30,16,14,元大-新盛,2024-01-03,9869
00937B,群益ESG投等債20,301,22,279,元大-新盛,2024-01-04,9869
00933B,國泰10Y+金融債,241,75,166,元大-新盛,2024-01-04,9869
00929,復華台灣科技優息,164,10,154,元大-新盛,2024-01-04,9869
2303,聯電,111,3,108,元大-新盛,2024-01-04,9869
00893,國泰智能電動車,104,0,104,元大-新盛,2024-01-04,9869
2377,微星,102,1,101,元大-新盛,2024-01-04,9869
2915,潤泰全,101,3,98,元大-新盛,2024-01-04,9869
8150,南茂,80,0,80,元大-新盛,2024-01-04,9869
9919,康那香,86,13,73,元大-新盛,2024-01-04,9869
00919,群益台灣精選高息,57,1,56,元大-新盛,2024-01-04,9869
1301,台塑,50,0,50,元大-新盛,2024-01-04,9869
3033,威健,50,2,48,元大-新盛,2024-01-04,9869
00655L,國泰中國A50正2,45,0,45,元大-新盛,2024-01-04,9869
00850,元大臺灣ESG永續,40,0,40,元大-新盛,2024-01-04,9869
8096,擎亞,52,13,39,元大-新盛,2024-01-04,9869
6170,統振,51,15,36,元大-新盛,2024-01-04,9869
2449,京元電子,34,0,34,元大-新盛,2024-01-04,9869
8046,南電,35,1,34,元大-新盛,2024-01-04,9869
6117,迎廣,84,51,33,元大-新盛,2024-01-04,9869
2101,南港,43,10,33,元大-新盛,2024-01-04,9869
00725B,國泰投資級公司債,31,0,31,元大-新盛,2024-01-04,9869
9934,成霖,31,0,31,元大-新盛,2024-01-04,9869
00935,野村臺灣新科技50,29,0,29,元大-新盛,2024-01-04,9869
00915,凱基優選高股息30,31,2,29,元大-新盛,2024-01-04,9869
00679B,元大美債20年,37,8,29,元大-新盛,2024-01-04,9869
2530,華建,29,1,28,元大-新盛,2024-01-04,9869
00923,群益台ESG低碳50,27,0,27,元大-新盛,2024-01-04,9869
2536,宏普,27,0,27,元大-新盛,2024-01-04,9869
00637L,元大滬深300正2,86,60,26,元大-新盛,2024-01-04,9869
00712,復華富時不動產,37,12,25,元大-新盛,2024-01-04,9869
2344,華邦電,28,4,24,元大-新盛,2024-01-04,9869
3567,逸昌,24,0,24,元大-新盛,2024-01-04,9869
2618,長榮航,98,75,23,元大-新盛,2024-01-04,9869
00687B,國泰20年美債,24,1,23,元大-新盛,2024-01-04,9869
3390,旭軟,32,11,21,元大-新盛,2024-01-04,9869
2362,藍天,43,22,21,元大-新盛,2024-01-04,9869
3354,律勝,21,0,21,元大-新盛,2024-01-04,9869
2317,鴻海,25,5,20,元大-新盛,2024-01-04,9869
6120,達運,20,0,20,元大-新盛,2024-01-04,9869
6142,友勁,20,0,20,元大-新盛,2024-01-04,9869
911868,同方友友-DR,19,0,19,元大-新盛,2024-01-04,9869
2421,建準,18,1,17,元大-新盛,2024-01-04,9869
00706L,期元大S＆P日圓正2,20,3,17,元大-新盛,2024-01-04,9869
6194,育富,16,0,16,元大-新盛,2024-01-04,9869
00927,群益半導體收益,15,0,15,元大-新盛,2024-01-04,9869
8358,金居,14,0,14,元大-新盛,2024-01-04,9869
2615,萬海,53,39,14,元大-新盛,2024-01-04,9869
3217,優群,13,0,13,元大-新盛,2024-01-04,9869
3483,力致,13,0,13,元大-新盛,2024-01-04,9869
1605,華新,13,0,13,元大-新盛,2024-01-04,9869
00929,復華台灣科技優息,426,8,418,元大-新盛,2024-01-05,9869
00632R,元大台灣50反1,300,30,270,元大-新盛,2024-01-05,9869
00937B,群益ESG投等債20,149,6,143,元大-新盛,2024-01-05,9869
00687B,國泰20年美債,113,0,113,元大-新盛,2024-01-05,9869
2344,華邦電,105,1,104,元大-新盛,2024-01-05,9869
9105,泰金寶-DR,90,0,90,元大-新盛,2024-01-05,9869
00919,群益台灣精選高息,80,0,80,元大-新盛,2024-01-05,9869
8096,擎亞,87,7,80,元大-新盛,2024-01-05,9869
00680L,元大美債20正2,102,35,67,元大-新盛,2024-01-05,9869
8150,南茂,40,0,40,元大-新盛,2024-01-05,9869
00918,大華優利高填息30,39,0,39,元大-新盛,2024-01-05,9869
00931B,統一美債20年,31,0,31,元大-新盛,2024-01-05,9869
0056,元大高股息,37,7,30,元大-新盛,2024-01-05,9869
2356,英業達,50,23,27,元大-新盛,2024-01-05,9869
00927,群益半導體收益,26,0,26,元大-新盛,2024-01-05,9869
1609,大亞,29,3,26,元大-新盛,2024-01-05,9869
2610,華航,33,7,26,元大-新盛,2024-01-05,9869
3017,奇鋐,32,7,25,元大-新盛,2024-01-05,9869
5009,榮剛,30,5,25,元大-新盛,2024-01-05,9869
2618,長榮航,57,34,23,元大-新盛,2024-01-05,9869
00679B,元大美債20年,48,26,22,元大-新盛,2024-01-05,9869
00878,國泰永續高股息,30,9,21,元大-新盛,2024-01-05,9869
2611,志信,24,3,21,元大-新盛,2024-01-05,9869
2885,元大金,20,0,20,元大-新盛,2024-01-05,9869
00706L,期元大S＆P日圓正2,21,2,19,元大-新盛,2024-01-05,9869
6214,精誠,20,1,19,元大-新盛,2024-01-05,9869
2421,建準,21,3,18,元大-新盛,2024-01-05,9869
2736,富野,17,0,17,元大-新盛,2024-01-05,9869
2486,一詮,51,34,17,元大-新盛,2024-01-05,9869
00720B,元大投資級公司債,41,25,16,元大-新盛,2024-01-05,9869
4113,聯上,15,0,15,元大-新盛,2024-01-05,9869
6164,華興,15,0,15,元大-新盛,2024-01-05,9869
2353,宏��,41,27,14,元大-新盛,2024-01-05,9869
1732,毛寶,21,8,13,元大-新盛,2024-01-05,9869
00933B,國泰10Y+金融債,13,0,13,元大-新盛,2024-01-05,9869
2324,仁寶,34,22,12,元大-新盛,2024-01-05,9869
00935,野村臺灣新科技50,12,0,12,元大-新盛,2024-01-05,9869
3691,碩禾,12,0,12,元大-新盛,2024-01-05,9869
00795B,中信美國公債20年,28,16,12,元大-新盛,2024-01-05,9869
5425,台半,11,0,11,元大-新盛,2024-01-05,9869
4114,健喬,11,0,11,元大-新盛,2024-01-05,9869
2492,華新科,12,1,11,元大-新盛,2024-01-05,9869
00715L,期街口布蘭特正2,10,0,10,元大-新盛,2024-01-05,9869
2889,國票金,10,0,10,元大-新盛,2024-01-05,9869
3623,富晶通,12,2,10,元大-新盛,2024-01-05,9869
1532,勤美,10,0,10,元大-新盛,2024-01-05,9869
4188,安克,10,0,10,元大-新盛,2024-01-05,9869
3406,玉晶光,10,1,9,元大-新盛,2024-01-05,9869
3711,日月光投控,9,0,9,元大-新盛,2024-01-05,9869
1522,堤維西,8,0,8,元大-新盛,2024-01-05,9869
00637L,元大滬深300正2,308,11,297,元大-新盛,2024-01-08,9869
00929,復華台灣科技優息,229,22,207,元大-新盛,2024-01-08,9869
00687B,國泰20年美債,156,1,155,元大-新盛,2024-01-08,9869
00937B,群益ESG投等債20,159,41,118,元大-新盛,2024-01-08,9869
00688L,國泰20年美債正2,111,0,111,元大-新盛,2024-01-08,9869
2530,華建,155,44,111,元大-新盛,2024-01-08,9869
2303,聯電,103,13,90,元大-新盛,2024-01-08,9869
00655L,國泰中國A50正2,88,0,88,元大-新盛,2024-01-08,9869
00919,群益台灣精選高息,79,7,72,元大-新盛,2024-01-08,9869
2888,新光金,63,0,63,元大-新盛,2024-01-08,9869
2736,富野,54,0,54,元大-新盛,2024-01-08,9869
2317,鴻海,44,3,41,元大-新盛,2024-01-08,9869
00665L,富邦�琤肭磪囓�2,40,0,40,元大-新盛,2024-01-08,9869
3017,奇鋐,86,53,33,元大-新盛,2024-01-08,9869
00680L,元大美債20正2,58,27,31,元大-新盛,2024-01-08,9869
6770,力積電,75,44,31,元大-新盛,2024-01-08,9869
2547,日勝生,30,0,30,元大-新盛,2024-01-08,9869
2101,南港,32,2,30,元大-新盛,2024-01-08,9869
00720B,元大投資級公司債,34,6,28,元大-新盛,2024-01-08,9869
00679B,元大美債20年,44,16,28,元大-新盛,2024-01-08,9869
1513,中興電,125,100,25,元大-新盛,2024-01-08,9869
2439,美律,26,2,24,元大-新盛,2024-01-08,9869
8089,康全電訊,23,0,23,元大-新盛,2024-01-08,9869
2618,長榮航,52,30,22,元大-新盛,2024-01-08,9869
1582,信錦,21,0,21,元大-新盛,2024-01-08,9869
3567,逸昌,20,0,20,元大-新盛,2024-01-08,9869
2883,凱基金,45,25,20,元大-新盛,2024-01-08,9869
2801,彰銀,20,0,20,元大-新盛,2024-01-08,9869
2607,榮運,19,1,18,元大-新盛,2024-01-08,9869
2915,潤泰全,20,2,18,元大-新盛,2024-01-08,9869
2337,旺宏,17,0,17,元大-新盛,2024-01-08,9869
4930,燦星網,16,1,15,元大-新盛,2024-01-08,9869
4137,麗豐-KY,15,0,15,元大-新盛,2024-01-08,9869
2388,威盛,120,105,15,元大-新盛,2024-01-08,9869
2324,仁寶,53,39,14,元大-新盛,2024-01-08,9869
6117,迎廣,18,4,14,元大-新盛,2024-01-08,9869
6243,迅杰,13,0,13,元大-新盛,2024-01-08,9869
3691,碩禾,13,0,13,元大-新盛,2024-01-08,9869
00878,國泰永續高股息,13,1,12,元大-新盛,2024-01-08,9869
0056,元大高股息,42,30,12,元大-新盛,2024-01-08,9869
00795B,中信美國公債20年,12,0,12,元大-新盛,2024-01-08,9869
00772B,中信高評級公司債,12,1,11,元大-新盛,2024-01-08,9869
2353,宏��,58,47,11,元大-新盛,2024-01-08,9869
1449,佳和,11,0,11,元大-新盛,2024-01-08,9869
2636,台驊控股,15,4,11,元大-新盛,2024-01-08,9869
2610,華航,12,2,10,元大-新盛,2024-01-08,9869
3232,昱捷,10,0,10,元大-新盛,2024-01-08,9869
00933B,國泰10Y+金融債,10,0,10,元大-新盛,2024-01-08,9869
8163,達方,11,1,10,元大-新盛,2024-01-08,9869
5469,瀚宇博,15,5,10,元大-新盛,2024-01-08,9869
00720B,元大投資級公司債,381,24,357,元大-新盛,2024-01-09,9869
2618,長榮航,313,68,245,元大-新盛,2024-01-09,9869
00687B,國泰20年美債,221,0,221,元大-新盛,2024-01-09,9869
2609,陽明,224,77,147,元大-新盛,2024-01-09,9869
00933B,國泰10Y+金融債,210,70,140,元大-新盛,2024-01-09,9869
00919,群益台灣精選高息,129,1,128,元大-新盛,2024-01-09,9869
2610,華航,103,5,98,元大-新盛,2024-01-09,9869
3481,群創,141,62,79,元大-新盛,2024-01-09,9869
2888,新光金,73,0,73,元大-新盛,2024-01-09,9869
5483,中美晶,68,1,67,元大-新盛,2024-01-09,9869
9934,成霖,60,0,60,元大-新盛,2024-01-09,9869
00929,復華台灣科技優息,62,5,57,元大-新盛,2024-01-09,9869
0056,元大高股息,88,33,55,元大-新盛,2024-01-09,9869
2356,英業達,70,18,52,元大-新盛,2024-01-09,9869
00680L,元大美債20正2,46,0,46,元大-新盛,2024-01-09,9869
3567,逸昌,41,0,41,元大-新盛,2024-01-09,9869
00937B,群益ESG投等債20,59,20,39,元大-新盛,2024-01-09,9869
1603,華電,35,0,35,元大-新盛,2024-01-09,9869
8096,擎亞,49,17,32,元大-新盛,2024-01-09,9869
0050,元大台灣50,40,9,31,元大-新盛,2024-01-09,9869
2915,潤泰全,30,0,30,元大-新盛,2024-01-09,9869
3094,聯傑,30,1,29,元大-新盛,2024-01-09,9869
00878,國泰永續高股息,38,12,26,元大-新盛,2024-01-09,9869
9935,慶豐富,25,0,25,元大-新盛,2024-01-09,9869
8111,立��,29,5,24,元大-新盛,2024-01-09,9869
2421,建準,44,21,23,元大-新盛,2024-01-09,9869
1905,華紙,22,0,22,元大-新盛,2024-01-09,9869
6462,神盾,21,0,21,元大-新盛,2024-01-09,9869
2328,廣宇,20,0,20,元大-新盛,2024-01-09,9869
1519,華城,27,7,20,元大-新盛,2024-01-09,9869
1305,華夏,19,0,19,元大-新盛,2024-01-09,9869
2883,凱基金,18,0,18,元大-新盛,2024-01-09,9869
9105,泰金寶-DR,18,0,18,元大-新盛,2024-01-09,9869
00712,復華富時不動產,26,9,17,元大-新盛,2024-01-09,9869
2329,華泰,45,28,17,元大-新盛,2024-01-09,9869
2317,鴻海,17,0,17,元大-新盛,2024-01-09,9869
00882,中信中國高股息,18,2,16,元大-新盛,2024-01-09,9869
8046,南電,16,0,16,元大-新盛,2024-01-09,9869
2353,宏��,53,39,14,元大-新盛,2024-01-09,9869
3047,訊舟,14,0,14,元大-新盛,2024-01-09,9869
00927,群益半導體收益,15,2,13,元大-新盛,2024-01-09,9869
8049,晶采,12,0,12,元大-新盛,2024-01-09,9869
3588,通嘉,43,31,12,元大-新盛,2024-01-09,9869
4113,聯上,12,0,12,元大-新盛,2024-01-09,9869
1466,聚隆,12,0,12,元大-新盛,2024-01-09,9869
00715L,期街口布蘭特正2,11,0,11,元大-新盛,2024-01-09,9869
2882,國泰金,11,0,11,元大-新盛,2024-01-09,9869
3056,富華新,26,15,11,元大-新盛,2024-01-09,9869
2636,台驊控股,12,1,11,元大-新盛,2024-01-09,9869
1789,神隆,11,0,11,元大-新盛,2024-01-09,9869
00632R,元大台灣50反1,220,8,212,元大-新盛,2024-01-10,9869
2603,長榮,344,134,210,元大-新盛,2024-01-10,9869
00929,復華台灣科技優息,92,7,85,元大-新盛,2024-01-10,9869
6191,精成科,72,0,72,元大-新盛,2024-01-10,9869
6863,永道-KY,64,0,64,元大-新盛,2024-01-10,9869
2506,太設,54,0,54,元大-新盛,2024-01-10,9869
00919,群益台灣精選高息,97,43,54,元大-新盛,2024-01-10,9869
2610,華航,44,0,44,元大-新盛,2024-01-10,9869
00679B,元大美債20年,40,0,40,元大-新盛,2024-01-10,9869
2885,元大金,45,8,37,元大-新盛,2024-01-10,9869
2498,宏達電,38,5,33,元大-新盛,2024-01-10,9869
1101,台泥,34,1,33,元大-新盛,2024-01-10,9869
00937B,群益ESG投等債20,33,1,32,元大-新盛,2024-01-10,9869
8011,台通,40,10,30,元大-新盛,2024-01-10,9869
2727,王品,29,0,29,元大-新盛,2024-01-10,9869
9105,泰金寶-DR,26,0,26,元大-新盛,2024-01-10,9869
6770,力積電,38,12,26,元大-新盛,2024-01-10,9869
4916,事欣科,25,0,25,元大-新盛,2024-01-10,9869
2371,大同,117,95,22,元大-新盛,2024-01-10,9869
00931B,統一美債20年,21,0,21,元大-新盛,2024-01-10,9869
2504,國產,20,0,20,元大-新盛,2024-01-10,9869
3567,逸昌,20,0,20,元大-新盛,2024-01-10,9869
2027,大成鋼,28,9,19,元大-新盛,2024-01-10,9869
2609,陽明,159,140,19,元大-新盛,2024-01-10,9869
2801,彰銀,18,0,18,元大-新盛,2024-01-10,9869
1515,力山,18,1,17,元大-新盛,2024-01-10,9869
6266,泰詠,17,0,17,元大-新盛,2024-01-10,9869
00878,國泰永續高股息,17,0,17,元大-新盛,2024-01-10,9869
1727,中華化,16,0,16,元大-新盛,2024-01-10,9869
2374,佳能,16,0,16,元大-新盛,2024-01-10,9869
6125,廣運,17,1,16,元大-新盛,2024-01-10,9869
5355,佳總,15,0,15,元大-新盛,2024-01-10,9869
3171,炎洲流通,14,0,14,元大-新盛,2024-01-10,9869
6214,精誠,14,0,14,元大-新盛,2024-01-10,9869
2303,聯電,23,9,14,元大-新盛,2024-01-10,9869
6655,科定,13,0,13,元大-新盛,2024-01-10,9869
1314,中石化,13,0,13,元大-新盛,2024-01-10,9869
1301,台塑,12,0,12,元大-新盛,2024-01-10,9869
6719,力智,13,1,12,元大-新盛,2024-01-10,9869
9919,康那香,13,1,12,元大-新盛,2024-01-10,9869
2409,友達,68,56,12,元大-新盛,2024-01-10,9869
2301,光寶科,15,4,11,元大-新盛,2024-01-10,9869
1711,永光,11,0,11,元大-新盛,2024-01-10,9869
1504,東元,11,0,11,元大-新盛,2024-01-10,9869
911868,同方友友-DR,11,0,11,元大-新盛,2024-01-10,9869
2328,廣宇,11,0,11,元大-新盛,2024-01-10,9869
2352,佳世達,12,1,11,元大-新盛,2024-01-10,9869
3581,博磊,12,1,11,元大-新盛,2024-01-10,9869
1326,台化,10,0,10,元大-新盛,2024-01-10,9869
6235,華孚,12,2,10,元大-新盛,2024-01-10,9869
00687B,國泰20年美債,265,0,265,元大-新盛,2024-01-11,9869
2344,華邦電,162,2,160,元大-新盛,2024-01-11,9869
00929,復華台灣科技優息,157,4,153,元大-新盛,2024-01-11,9869
00680L,元大美債20正2,118,0,118,元大-新盛,2024-01-11,9869
2409,友達,111,12,99,元大-新盛,2024-01-11,9869
0056,元大高股息,114,18,96,元大-新盛,2024-01-11,9869
2303,聯電,99,5,94,元大-新盛,2024-01-11,9869
00637L,元大滬深300正2,77,16,61,元大-新盛,2024-01-11,9869
2888,新光金,56,0,56,元大-新盛,2024-01-11,9869
5439,高技,58,3,55,元大-新盛,2024-01-11,9869
00919,群益台灣精選高息,53,0,53,元大-新盛,2024-01-11,9869
4164,承業醫,50,0,50,元大-新盛,2024-01-11,9869
2357,華碩,51,1,50,元大-新盛,2024-01-11,9869
8034,榮群,52,12,40,元大-新盛,2024-01-11,9869
2498,宏達電,49,11,38,元大-新盛,2024-01-11,9869
2408,南亞科,35,2,33,元大-新盛,2024-01-11,9869
00671R,富邦NASDAQ反1,32,0,32,元大-新盛,2024-01-11,9869
2506,太設,30,0,30,元大-新盛,2024-01-11,9869
8050,廣積,28,1,27,元大-新盛,2024-01-11,9869
00679B,元大美債20年,25,0,25,元大-新盛,2024-01-11,9869
2882,國泰金,25,0,25,元大-新盛,2024-01-11,9869
00933B,國泰10Y+金融債,30,7,23,元大-新盛,2024-01-11,9869
6257,矽格,21,0,21,元大-新盛,2024-01-11,9869
00927,群益半導體收益,23,2,21,元大-新盛,2024-01-11,9869
2382,廣達,29,9,20,元大-新盛,2024-01-11,9869
2897,王道銀行,20,0,20,元大-新盛,2024-01-11,9869
4763,材料-KY,21,1,20,元大-新盛,2024-01-11,9869
9921,巨大,20,1,19,元大-新盛,2024-01-11,9869
4968,立積,19,0,19,元大-新盛,2024-01-11,9869
2605,新興,20,3,17,元大-新盛,2024-01-11,9869
2610,華航,17,0,17,元大-新盛,2024-01-11,9869
0050,元大台灣50,20,4,16,元大-新盛,2024-01-11,9869
6933,AMAX-KY,16,0,16,元大-新盛,2024-01-11,9869
8089,康全電訊,16,1,15,元大-新盛,2024-01-11,9869
4956,光鋐,41,26,15,元大-新盛,2024-01-11,9869
4979,華星光,38,24,14,元大-新盛,2024-01-11,9869
00715L,期街口布蘭特正2,14,0,14,元大-新盛,2024-01-11,9869
1513,中興電,12,0,12,元大-新盛,2024-01-11,9869
3055,蔚華科,21,9,12,元大-新盛,2024-01-11,9869
3171,炎洲流通,12,0,12,元大-新盛,2024-01-11,9869
2002,中鋼,13,1,12,元大-新盛,2024-01-11,9869
00888,永豐台灣ESG,12,0,12,元大-新盛,2024-01-11,9869
2449,京元電子,23,12,11,元大-新盛,2024-01-11,9869
5258,虹堡,12,1,11,元大-新盛,2024-01-11,9869
6125,廣運,13,2,11,元大-新盛,2024-01-11,9869
2515,中工,11,0,11,元大-新盛,2024-01-11,9869
1301,台塑,11,1,10,元大-新盛,2024-01-11,9869
00882,中信中國高股息,13,3,10,元大-新盛,2024-01-11,9869
4916,事欣科,10,0,10,元大-新盛,2024-01-11,9869
2014,中鴻,13,3,10,元大-新盛,2024-01-11,9869
00937B,群益ESG投等債20,409,0,409,元大-新盛,2024-01-12,9869
0056,元大高股息,396,18,378,元大-新盛,2024-01-12,9869
6120,達運,200,7,193,元大-新盛,2024-01-12,9869
2382,廣達,212,21,191,元大-新盛,2024-01-12,9869
00929,復華台灣科技優息,199,10,189,元大-新盛,2024-01-12,9869
2887,台新金,120,0,120,元大-新盛,2024-01-12,9869
2409,友達,110,2,108,元大-新盛,2024-01-12,9869
00903,富邦元宇宙,98,0,98,元大-新盛,2024-01-12,9869
00933B,國泰10Y+金融債,76,0,76,元大-新盛,2024-01-12,9869
2303,聯電,64,2,62,元大-新盛,2024-01-12,9869
00885,富邦越南,61,0,61,元大-新盛,2024-01-12,9869
5439,高技,50,0,50,元大-新盛,2024-01-12,9869
00893,國泰智能電動車,50,0,50,元大-新盛,2024-01-12,9869
6191,精成科,41,0,41,元大-新盛,2024-01-12,9869
00919,群益台灣精選高息,39,0,39,元大-新盛,2024-01-12,9869
2441,超豐,37,0,37,元大-新盛,2024-01-12,9869
2890,永豐金,33,0,33,元大-新盛,2024-01-12,9869
2449,京元電子,38,7,31,元大-新盛,2024-01-12,9869
00671R,富邦NASDAQ反1,31,0,31,元大-新盛,2024-01-12,9869
2736,富野,30,0,30,元大-新盛,2024-01-12,9869
00669R,國泰美國道瓊反1,22,0,22,元大-新盛,2024-01-12,9869
4979,華星光,38,16,22,元大-新盛,2024-01-12,9869
2891,中信金,22,1,21,元大-新盛,2024-01-12,9869
00701,國泰股利精選30,21,0,21,元大-新盛,2024-01-12,9869
00927,群益半導體收益,20,0,20,元大-新盛,2024-01-12,9869
3376,新日興,20,0,20,元大-新盛,2024-01-12,9869
2897,王道銀行,20,0,20,元大-新盛,2024-01-12,9869
3567,逸昌,20,0,20,元大-新盛,2024-01-12,9869
6163,華電網,20,1,19,元大-新盛,2024-01-12,9869
00881,國泰台灣5G+,20,2,18,元大-新盛,2024-01-12,9869
2801,彰銀,18,0,18,元大-新盛,2024-01-12,9869
6153,嘉聯益,16,0,16,元大-新盛,2024-01-12,9869
00673R,期元大S＆P原油反1,21,5,16,元大-新盛,2024-01-12,9869
2356,英業達,63,47,16,元大-新盛,2024-01-12,9869
00680L,元大美債20正2,15,0,15,元大-新盛,2024-01-12,9869
3363,上詮,14,0,14,元大-新盛,2024-01-12,9869
3017,奇鋐,29,15,14,元大-新盛,2024-01-12,9869
00687B,國泰20年美債,14,1,13,元大-新盛,2024-01-12,9869
1603,華電,13,0,13,元大-新盛,2024-01-12,9869
3171,炎洲流通,13,0,13,元大-新盛,2024-01-12,9869
2355,敬鵬,13,0,13,元大-新盛,2024-01-12,9869
00679B,元大美債20年,14,2,12,元大-新盛,2024-01-12,9869
5009,榮剛,12,0,12,元大-新盛,2024-01-12,9869
00878,國泰永續高股息,17,6,11,元大-新盛,2024-01-12,9869
6104,創惟,11,0,11,元大-新盛,2024-01-12,9869
2374,佳能,11,0,11,元大-新盛,2024-01-12,9869
00931B,統一美債20年,11,0,11,元大-新盛,2024-01-12,9869
2402,毅嘉,11,0,11,元大-新盛,2024-01-12,9869
5258,虹堡,25,14,11,元大-新盛,2024-01-12,9869
8110,華東,11,0,11,元大-新盛,2024-01-12,9869
00720B,元大投資級公司債,320,19,301,元大-新盛,2024-01-15,9869
00680L,元大美債20正2,260,0,260,元大-新盛,2024-01-15,9869
00933B,國泰10Y+金融債,241,0,241,元大-新盛,2024-01-15,9869
00927,群益半導體收益,121,0,121,元大-新盛,2024-01-15,9869
2618,長榮航,128,12,116,元大-新盛,2024-01-15,9869
00929,復華台灣科技優息,179,63,116,元大-新盛,2024-01-15,9869
2615,萬海,113,7,106,元大-新盛,2024-01-15,9869
2888,新光金,104,10,94,元大-新盛,2024-01-15,9869
2610,華航,84,13,71,元大-新盛,2024-01-15,9869
00885,富邦越南,59,0,59,元大-新盛,2024-01-15,9869
5439,高技,50,0,50,元大-新盛,2024-01-15,9869
6122,擎邦,51,1,50,元大-新盛,2024-01-15,9869
3704,合勤控,50,5,45,元大-新盛,2024-01-15,9869
2409,友達,45,7,38,元大-新盛,2024-01-15,9869
00937B,群益ESG投等債20,36,0,36,元大-新盛,2024-01-15,9869
6111,大宇資,35,1,34,元大-新盛,2024-01-15,9869
2885,元大金,32,0,32,元大-新盛,2024-01-15,9869
2511,太子,30,0,30,元大-新盛,2024-01-15,9869
9105,泰金寶-DR,30,0,30,元大-新盛,2024-01-15,9869
2883,凱基金,27,0,27,元大-新盛,2024-01-15,9869
3037,欣興,26,1,25,元大-新盛,2024-01-15,9869
1529,樂事綠能,33,8,25,元大-新盛,2024-01-15,9869
00679B,元大美債20年,30,6,24,元大-新盛,2024-01-15,9869
2382,廣達,29,7,22,元大-新盛,2024-01-15,9869
00878,國泰永續高股息,34,12,22,元大-新盛,2024-01-15,9869
00900,富邦特選高股息30,21,0,21,元大-新盛,2024-01-15,9869
3390,旭軟,27,6,21,元大-新盛,2024-01-15,9869
3032,偉訓,22,2,20,元大-新盛,2024-01-15,9869
2890,永豐金,20,0,20,元大-新盛,2024-01-15,9869
2634,漢翔,73,54,19,元大-新盛,2024-01-15,9869
2801,彰銀,19,0,19,元大-新盛,2024-01-15,9869
3231,緯創,63,46,17,元大-新盛,2024-01-15,9869
2301,光寶科,23,6,17,元大-新盛,2024-01-15,9869
5258,虹堡,22,5,17,元大-新盛,2024-01-15,9869
1101,台泥,17,0,17,元大-新盛,2024-01-15,9869
00632R,元大台灣50反1,20,4,16,元大-新盛,2024-01-15,9869
3049,精金,15,0,15,元大-新盛,2024-01-15,9869
6547,高端疫苗,31,16,15,元大-新盛,2024-01-15,9869
5434,崇越,15,0,15,元大-新盛,2024-01-15,9869
2609,陽明,181,166,15,元大-新盛,2024-01-15,9869
6770,力積電,23,9,14,元大-新盛,2024-01-15,9869
00881,國泰台灣5G+,23,10,13,元大-新盛,2024-01-15,9869
8222,寶一,19,6,13,元大-新盛,2024-01-15,9869
2887,台新金,13,0,13,元大-新盛,2024-01-15,9869
6274,台燿,20,7,13,元大-新盛,2024-01-15,9869
0050,元大台灣50,16,4,12,元大-新盛,2024-01-15,9869
6163,華電網,13,2,11,元大-新盛,2024-01-15,9869
00715L,期街口布蘭特正2,11,0,11,元大-新盛,2024-01-15,9869
6509,聚和,11,0,11,元大-新盛,2024-01-15,9869
00936,台新永續高息中小,11,0,11,元大-新盛,2024-01-15,9869
00720B,元大投資級公司債,240,0,240,元大-新盛,2024-01-16,9869
00927,群益半導體收益,234,0,234,元大-新盛,2024-01-16,9869
4532,瑞智,220,0,220,元大-新盛,2024-01-16,9869
00929,復華台灣科技優息,211,34,177,元大-新盛,2024-01-16,9869
2344,華邦電,129,11,118,元大-新盛,2024-01-16,9869
2493,揚博,100,0,100,元大-新盛,2024-01-16,9869
00878,國泰永續高股息,119,30,89,元大-新盛,2024-01-16,9869
00882,中信中國高股息,86,0,86,元大-新盛,2024-01-16,9869
00637L,元大滬深300正2,135,57,78,元大-新盛,2024-01-16,9869
2881,富邦金,77,1,76,元大-新盛,2024-01-16,9869
2486,一詮,79,6,73,元大-新盛,2024-01-16,9869
3287,廣寰科,75,5,70,元大-新盛,2024-01-16,9869
2885,元大金,59,0,59,元大-新盛,2024-01-16,9869
00680L,元大美債20正2,57,0,57,元大-新盛,2024-01-16,9869
2303,聯電,82,26,56,元大-新盛,2024-01-16,9869
2359,所羅門,55,1,54,元大-新盛,2024-01-16,9869
3704,合勤控,50,0,50,元大-新盛,2024-01-16,9869
2882,國泰金,55,6,49,元大-新盛,2024-01-16,9869
3576,聯合再生,53,9,44,元大-新盛,2024-01-16,9869
2888,新光金,49,14,35,元大-新盛,2024-01-16,9869
2887,台新金,35,2,33,元大-新盛,2024-01-16,9869
2884,玉山金,43,11,32,元大-新盛,2024-01-16,9869
0050,元大台灣50,43,11,32,元大-新盛,2024-01-16,9869
6781,AES-KY,33,3,30,元大-新盛,2024-01-16,9869
3567,逸昌,30,0,30,元大-新盛,2024-01-16,9869
00687B,國泰20年美債,30,1,29,元大-新盛,2024-01-16,9869
1326,台化,31,3,28,元大-新盛,2024-01-16,9869
6237,驊訊,30,3,27,元大-新盛,2024-01-16,9869
5351,鈺創,51,24,27,元大-新盛,2024-01-16,9869
9945,潤泰新,34,8,26,元大-新盛,2024-01-16,9869
3025,星通,67,41,26,元大-新盛,2024-01-16,9869
1314,中石化,28,2,26,元大-新盛,2024-01-16,9869
2883,凱基金,31,6,25,元大-新盛,2024-01-16,9869
3623,富晶通,43,18,25,元大-新盛,2024-01-16,9869
00933B,國泰10Y+金融債,41,17,24,元大-新盛,2024-01-16,9869
00671R,富邦NASDAQ反1,24,0,24,元大-新盛,2024-01-16,9869
2890,永豐金,24,0,24,元大-新盛,2024-01-16,9869
2002,中鋼,24,0,24,元大-新盛,2024-01-16,9869
00937B,群益ESG投等債20,27,4,23,元大-新盛,2024-01-16,9869
2317,鴻海,25,3,22,元大-新盛,2024-01-16,9869
6120,達運,26,5,21,元大-新盛,2024-01-16,9869
2353,宏��,29,9,20,元大-新盛,2024-01-16,9869
2371,大同,24,4,20,元大-新盛,2024-01-16,9869
3712,永崴投控,24,4,20,元大-新盛,2024-01-16,9869
9935,慶豐富,20,0,20,元大-新盛,2024-01-16,9869
00655L,國泰中國A50正2,19,0,19,元大-新盛,2024-01-16,9869
3588,通嘉,21,4,17,元大-新盛,2024-01-16,9869
2801,彰銀,16,0,16,元大-新盛,2024-01-16,9869
2834,臺企銀,16,0,16,元大-新盛,2024-01-16,9869
1522,堤維西,16,0,16,元大-新盛,2024-01-16,9869
2303,聯電,531,17,514,元大-新盛,2024-01-17,9869
00929,復華台灣科技優息,313,9,304,元大-新盛,2024-01-17,9869
0056,元大高股息,300,20,280,元大-新盛,2024-01-17,9869
00919,群益台灣精選高息,268,3,265,元大-新盛,2024-01-17,9869
00882,中信中國高股息,186,22,164,元大-新盛,2024-01-17,9869
2344,華邦電,150,11,139,元大-新盛,2024-01-17,9869
2603,長榮,221,113,108,元大-新盛,2024-01-17,9869
5434,崇越,100,0,100,元大-新盛,2024-01-17,9869
2618,長榮航,98,11,87,元大-新盛,2024-01-17,9869
2536,宏普,65,0,65,元大-新盛,2024-01-17,9869
5469,瀚宇博,50,0,50,元大-新盛,2024-01-17,9869
00650L,復華香港正2,47,0,47,元大-新盛,2024-01-17,9869
2371,大同,46,0,46,元大-新盛,2024-01-17,9869
3017,奇鋐,48,6,42,元大-新盛,2024-01-17,9869
3567,逸昌,40,0,40,元大-新盛,2024-01-17,9869
2356,英業達,47,9,38,元大-新盛,2024-01-17,9869
00927,群益半導體收益,37,0,37,元大-新盛,2024-01-17,9869
00770,國泰北美科技,38,2,36,元大-新盛,2024-01-17,9869
3041,揚智,36,0,36,元大-新盛,2024-01-17,9869
0050,元大台灣50,62,27,35,元大-新盛,2024-01-17,9869
00679B,元大美債20年,35,1,34,元大-新盛,2024-01-17,9869
2883,凱基金,34,0,34,元大-新盛,2024-01-17,9869
2402,毅嘉,33,0,33,元大-新盛,2024-01-17,9869
00637L,元大滬深300正2,46,15,31,元大-新盛,2024-01-17,9869
00878,國泰永續高股息,36,6,30,元大-新盛,2024-01-17,9869
2887,台新金,36,5,31,元大-新盛,2024-01-17,9869
2882,國泰金,34,5,29,元大-新盛,2024-01-17,9869
2610,華航,29,2,27,元大-新盛,2024-01-17,9869
1905,華紙,37,10,27,元大-新盛,2024-01-17,9869
00671R,富邦NASDAQ反1,26,0,26,元大-新盛,2024-01-17,9869
2834,臺企銀,25,0,25,元大-新盛,2024-01-17,9869
2317,鴻海,25,0,25,元大-新盛,2024-01-17,9869
2486,一詮,54,29,25,元大-新盛,2024-01-17,9869
3231,緯創,44,20,24,元大-新盛,2024-01-17,9869
2377,微星,24,1,23,元大-新盛,2024-01-17,9869
00751B,元大AAA至A公司債,22,1,21,元大-新盛,2024-01-17,9869
6116,彩晶,21,0,21,元大-新盛,2024-01-17,9869
8089,康全電訊,23,3,20,元大-新盛,2024-01-17,9869
1314,中石化,20,0,20,元大-新盛,2024-01-17,9869
911868,同方友友-DR,20,0,20,元大-新盛,2024-01-17,9869
006208,富邦台50,20,0,20,元大-新盛,2024-01-17,9869
1609,大亞,28,8,20,元大-新盛,2024-01-17,9869
2204,中華,20,1,19,元大-新盛,2024-01-17,9869
00881,國泰台灣5G+,24,5,19,元大-新盛,2024-01-17,9869
1303,南亞,28,10,18,元大-新盛,2024-01-17,9869
00712,復華富時不動產,18,0,18,元大-新盛,2024-01-17,9869
6191,精成科,20,2,18,元大-新盛,2024-01-17,9869
00923,群益台ESG低碳50,16,0,16,元大-新盛,2024-01-17,9869
2495,普安,16,0,16,元大-新盛,2024-01-17,9869
2002,中鋼,16,1,15,元大-新盛,2024-01-17,9869
2449,京元電子,259,9,250,元大-新盛,2024-01-18,9869
00632R,元大台灣50反1,218,0,218,元大-新盛,2024-01-18,9869
00882,中信中國高股息,169,30,139,元大-新盛,2024-01-18,9869
00919,群益台灣精選高息,123,12,111,元大-新盛,2024-01-18,9869
00665L,富邦�琤肭磪囓�2,100,2,98,元大-新盛,2024-01-18,9869
00929,復華台灣科技優息,224,129,95,元大-新盛,2024-01-18,9869
2014,中鴻,78,4,74,元大-新盛,2024-01-18,9869
2421,建準,73,1,72,元大-新盛,2024-01-18,9869
2888,新光金,117,45,72,元大-新盛,2024-01-18,9869
2303,聯電,65,8,57,元大-新盛,2024-01-18,9869
0056,元大高股息,74,19,55,元大-新盛,2024-01-18,9869
5434,崇越,50,0,50,元大-新盛,2024-01-18,9869
4960,誠美材,51,4,47,元大-新盛,2024-01-18,9869
2887,台新金,27,2,25,元大-新盛,2024-01-18,9869
2530,華建,25,2,23,元大-新盛,2024-01-18,9869
2324,仁寶,41,19,22,元大-新盛,2024-01-18,9869
00857B,永豐20年美公債,22,0,22,元大-新盛,2024-01-18,9869
911868,同方友友-DR,20,0,20,元大-新盛,2024-01-18,9869
00881,國泰台灣5G+,18,0,18,元大-新盛,2024-01-18,9869
3231,緯創,39,21,18,元大-新盛,2024-01-18,9869
00878,國泰永續高股息,30,13,17,元大-新盛,2024-01-18,9869
2353,宏��,34,17,17,元大-新盛,2024-01-18,9869
2354,鴻準,17,0,17,元大-新盛,2024-01-18,9869
00933B,國泰10Y+金融債,20,3,17,元大-新盛,2024-01-18,9869
1303,南亞,18,2,16,元大-新盛,2024-01-18,9869
00706L,期元大S＆P日圓正2,16,0,16,元大-新盛,2024-01-18,9869
3029,零壹,73,58,15,元大-新盛,2024-01-18,9869
00679B,元大美債20年,15,1,14,元大-新盛,2024-01-18,9869
2002,中鋼,14,0,14,元大-新盛,2024-01-18,9869
3221,台嘉碩,14,0,14,元大-新盛,2024-01-18,9869
00900,富邦特選高股息30,24,10,14,元大-新盛,2024-01-18,9869
2885,元大金,19,6,13,元大-新盛,2024-01-18,9869
8936,國統,13,0,13,元大-新盛,2024-01-18,9869
2382,廣達,20,7,13,元大-新盛,2024-01-18,9869
2884,玉山金,13,1,12,元大-新盛,2024-01-18,9869
6278,台表科,12,0,12,元大-新盛,2024-01-18,9869
4979,華星光,14,2,12,元大-新盛,2024-01-18,9869
00655L,國泰中國A50正2,12,0,12,元大-新盛,2024-01-18,9869
2371,大同,16,4,12,元大-新盛,2024-01-18,9869
00904,新光臺灣半導體30,11,0,11,元大-新盛,2024-01-18,9869
8210,勤誠,15,4,11,元大-新盛,2024-01-18,9869
2486,一詮,36,25,11,元大-新盛,2024-01-18,9869
00751B,元大AAA至A公司債,12,1,11,元大-新盛,2024-01-18,9869
1301,台塑,14,4,10,元大-新盛,2024-01-18,9869
00650L,復華香港正2,10,0,10,元大-新盛,2024-01-18,9869
2442,新美齊,10,0,10,元大-新盛,2024-01-18,9869
2332,友訊,10,0,10,元大-新盛,2024-01-18,9869
2547,日勝生,10,0,10,元大-新盛,2024-01-18,9869
9921,巨大,10,0,10,元大-新盛,2024-01-18,9869
1466,聚隆,10,0,10,元大-新盛,2024-01-18,9869
00937B,群益ESG投等債20,111,0,111,元大-新盛,2024-01-19,9869
00929,復華台灣科技優息,95,8,87,元大-新盛,2024-01-19,9869
2303,聯電,134,65,69,元大-新盛,2024-01-19,9869
00687B,國泰20年美債,69,0,69,元大-新盛,2024-01-19,9869
1301,台塑,52,1,51,元大-新盛,2024-01-19,9869
3704,合勤控,50,0,50,元大-新盛,2024-01-19,9869
00919,群益台灣精選高息,52,7,45,元大-新盛,2024-01-19,9869
00632R,元大台灣50反1,48,5,43,元大-新盛,2024-01-19,9869
00679B,元大美債20年,51,10,41,元大-新盛,2024-01-19,9869
2324,仁寶,61,22,39,元大-新盛,2024-01-19,9869
00882,中信中國高股息,149,111,38,元大-新盛,2024-01-19,9869
3036,文曄,90,54,36,元大-新盛,2024-01-19,9869
4956,光鋐,27,1,26,元大-新盛,2024-01-19,9869
00706L,期元大S＆P日圓正2,25,0,25,元大-新盛,2024-01-19,9869
00665L,富邦�琤肭磪囓�2,25,1,24,元大-新盛,2024-01-19,9869
00688L,國泰20年美債正2,24,0,24,元大-新盛,2024-01-19,9869
6116,彩晶,23,0,23,元大-新盛,2024-01-19,9869
2890,永豐金,22,0,22,元大-新盛,2024-01-19,9869
00720B,元大投資級公司債,25,3,22,元大-新盛,2024-01-19,9869
2609,陽明,103,82,21,元大-新盛,2024-01-19,9869
2409,友達,36,15,21,元大-新盛,2024-01-19,9869
2885,元大金,22,1,21,元大-新盛,2024-01-19,9869
4960,誠美材,24,4,20,元大-新盛,2024-01-19,9869
2615,萬海,19,0,19,元大-新盛,2024-01-19,9869
3029,零壹,20,2,18,元大-新盛,2024-01-19,9869
00857B,永豐20年美公債,17,0,17,元大-新盛,2024-01-19,9869
3147,大綜,24,8,16,元大-新盛,2024-01-19,9869
00712,復華富時不動產,16,0,16,元大-新盛,2024-01-19,9869
00933B,國泰10Y+金融債,15,0,15,元大-新盛,2024-01-19,9869
6163,華電網,14,0,14,元大-新盛,2024-01-19,9869
3211,順達,14,0,14,元大-新盛,2024-01-19,9869
2353,宏��,56,42,14,元大-新盛,2024-01-19,9869
6770,力積電,14,1,13,元大-新盛,2024-01-19,9869
3033,威健,13,0,13,元大-新盛,2024-01-19,9869
2882,國泰金,17,5,12,元大-新盛,2024-01-19,9869
2317,鴻海,17,5,12,元大-新盛,2024-01-19,9869
2486,一詮,16,4,12,元大-新盛,2024-01-19,9869
2034,允強,12,0,12,元大-新盛,2024-01-19,9869
3013,晟銘電,23,11,12,元大-新盛,2024-01-19,9869
2357,華碩,13,1,12,元大-新盛,2024-01-19,9869
2603,長榮,115,104,11,元大-新盛,2024-01-19,9869
2498,宏達電,17,6,11,元大-新盛,2024-01-19,9869
8112,至上,13,2,11,元大-新盛,2024-01-19,9869
5469,瀚宇博,30,20,10,元大-新盛,2024-01-19,9869
9904,寶成,10,0,10,元大-新盛,2024-01-19,9869
2328,廣宇,10,0,10,元大-新盛,2024-01-19,9869
2547,日勝生,10,0,10,元大-新盛,2024-01-19,9869
911868,同方友友-DR,10,0,10,元大-新盛,2024-01-19,9869
00722B,群益投資級電信債,10,0,10,元大-新盛,2024-01-19,9869
2883,凱基金,12,2,10,元大-新盛,2024-01-19,9869
00687B,國泰20年美債,170,0,170,元大-新盛,2024-01-22,9869
00937B,群益ESG投等債20,163,0,163,元大-新盛,2024-01-22,9869
00882,中信中國高股息,132,1,131,元大-新盛,2024-01-22,9869
00929,復華台灣科技優息,139,19,120,元大-新盛,2024-01-22,9869
00632R,元大台灣50反1,108,5,103,元大-新盛,2024-01-22,9869
2344,華邦電,109,12,97,元大-新盛,2024-01-22,9869
2915,潤泰全,103,9,94,元大-新盛,2024-01-22,9869
2618,長榮航,117,29,88,元大-新盛,2024-01-22,9869
00933B,國泰10Y+金融債,68,0,68,元大-新盛,2024-01-22,9869
6274,台燿,53,6,47,元大-新盛,2024-01-22,9869
2317,鴻海,40,1,39,元大-新盛,2024-01-22,9869
3481,群創,127,90,37,元大-新盛,2024-01-22,9869
2542,興富發,30,0,30,元大-新盛,2024-01-22,9869
2530,華建,30,0,30,元大-新盛,2024-01-22,9869
00690,兆豐藍籌30,29,0,29,元大-新盛,2024-01-22,9869
2313,華通,23,0,23,元大-新盛,2024-01-22,9869
00720B,元大投資級公司債,25,3,22,元大-新盛,2024-01-22,9869
6219,富旺,20,0,20,元大-新盛,2024-01-22,9869
2316,楠梓電,41,22,19,元大-新盛,2024-01-22,9869
00753L,中信中國50正2,19,0,19,元大-新盛,2024-01-22,9869
911868,同方友友-DR,19,0,19,元大-新盛,2024-01-22,9869
3354,律勝,21,2,19,元大-新盛,2024-01-22,9869
3694,海華,18,0,18,元大-新盛,2024-01-22,9869
1513,中興電,20,3,17,元大-新盛,2024-01-22,9869
00680L,元大美債20正2,17,0,17,元大-新盛,2024-01-22,9869
00679B,元大美債20年,17,1,16,元大-新盛,2024-01-22,9869
2603,長榮,52,38,14,元大-新盛,2024-01-22,9869
00919,群益台灣精選高息,17,3,14,元大-新盛,2024-01-22,9869
9945,潤泰新,13,0,13,元大-新盛,2024-01-22,9869
2002,中鋼,13,0,13,元大-新盛,2024-01-22,9869
2457,飛宏,15,2,13,元大-新盛,2024-01-22,9869
2887,台新金,11,0,11,元大-新盛,2024-01-22,9869
00934,中信成長高股息,11,0,11,元大-新盛,2024-01-22,9869
5213,亞昕,11,0,11,元大-新盛,2024-01-22,9869
6285,啟��,13,3,10,元大-新盛,2024-01-22,9869
6117,迎廣,33,23,10,元大-新盛,2024-01-22,9869
3047,訊舟,15,5,10,元大-新盛,2024-01-22,9869
5608,四維航,10,0,10,元大-新盛,2024-01-22,9869
00713,元大台灣高息低波,9,0,9,元大-新盛,2024-01-22,9869
00931B,統一美債20年,9,0,9,元大-新盛,2024-01-22,9869
1303,南亞,9,0,9,元大-新盛,2024-01-22,9869
1301,台塑,9,0,9,元大-新盛,2024-01-22,9869
2892,第一金,9,0,9,元大-新盛,2024-01-22,9869
4956,光鋐,42,33,9,元大-新盛,2024-01-22,9869
00650L,復華香港正2,9,0,9,元大-新盛,2024-01-22,9869
3059,華晶科,11,2,9,元大-新盛,2024-01-22,9869
2486,一詮,11,2,9,元大-新盛,2024-01-22,9869
6235,華孚,10,1,9,元大-新盛,2024-01-22,9869
5347,世界,8,0,8,元大-新盛,2024-01-22,9869
2606,裕民,8,0,8,元大-新盛,2024-01-22,9869
00878,國泰永續高股息,255,32,223,元大-新盛,2024-01-23,9869
00937B,群益ESG投等債20,131,0,131,元大-新盛,2024-01-23,9869
3051,力特,64,2,62,元大-新盛,2024-01-23,9869
3036,文曄,123,63,60,元大-新盛,2024-01-23,9869
3287,廣寰科,56,1,55,元大-新盛,2024-01-23,9869
5469,瀚宇博,71,20,51,元大-新盛,2024-01-23,9869
2329,華泰,51,3,48,元大-新盛,2024-01-23,9869
00929,復華台灣科技優息,62,22,40,元大-新盛,2024-01-23,9869
2610,華航,83,50,33,元大-新盛,2024-01-23,9869
00637L,元大滬深300正2,44,18,26,元大-新盛,2024-01-23,9869
3481,群創,74,50,24,元大-新盛,2024-01-23,9869
2363,矽統,35,13,22,元大-新盛,2024-01-23,9869
6140,訊達,24,2,22,元大-新盛,2024-01-23,9869
1504,東元,22,1,21,元大-新盛,2024-01-23,9869
00918,大華優利高填息30,21,0,21,元大-新盛,2024-01-23,9869
00919,群益台灣精選高息,32,11,21,元大-新盛,2024-01-23,9869
2890,永豐金,20,0,20,元大-新盛,2024-01-23,9869
2530,華建,20,0,20,元大-新盛,2024-01-23,9869
3712,永崴投控,27,7,20,元大-新盛,2024-01-23,9869
2609,陽明,33,14,19,元大-新盛,2024-01-23,9869
2308,台達電,21,2,19,元大-新盛,2024-01-23,9869
2027,大成鋼,20,2,18,元大-新盛,2024-01-23,9869
00679B,元大美債20年,18,1,17,元大-新盛,2024-01-23,9869
8096,擎亞,20,3,17,元大-新盛,2024-01-23,9869
1471,首利,20,3,17,元大-新盛,2024-01-23,9869
00720B,元大投資級公司債,16,0,16,元大-新盛,2024-01-23,9869
00655L,國泰中國A50正2,16,0,16,元大-新盛,2024-01-23,9869
2618,長榮航,42,26,16,元大-新盛,2024-01-23,9869
5426,振發,42,27,15,元大-新盛,2024-01-23,9869
1795,美時,17,3,14,元大-新盛,2024-01-23,9869
0056,元大高股息,43,30,13,元大-新盛,2024-01-23,9869
00712,復華富時不動產,13,0,13,元大-新盛,2024-01-23,9869
1513,中興電,19,6,13,元大-新盛,2024-01-23,9869
4915,致伸,13,0,13,元大-新盛,2024-01-23,9869
2486,一詮,18,5,13,元大-新盛,2024-01-23,9869
2002,中鋼,17,4,13,元大-新盛,2024-01-23,9869
6125,廣運,14,2,12,元大-新盛,2024-01-23,9869
2476,鉅祥,12,0,12,元大-新盛,2024-01-23,9869
8112,至上,14,3,11,元大-新盛,2024-01-23,9869
3706,神達,27,16,11,元大-新盛,2024-01-23,9869
3520,華盈,13,2,11,元大-新盛,2024-01-23,9869
2443,昶虹,10,0,10,元大-新盛,2024-01-23,9869
6152,百一,10,0,10,元大-新盛,2024-01-23,9869
00632R,元大台灣50反1,10,0,10,元大-新盛,2024-01-23,9869
00733,富邦臺灣中小,10,0,10,元大-新盛,2024-01-23,9869
6239,力成,21,11,10,元大-新盛,2024-01-23,9869
2382,廣達,14,4,10,元大-新盛,2024-01-23,9869
3005,神基,10,1,9,元大-新盛,2024-01-23,9869
2331,精英,10,1,9,元大-新盛,2024-01-23,9869
3058,立德,9,0,9,元大-新盛,2024-01-23,9869
00637L,元大滬深300正2,640,59,581,元大-新盛,2024-01-24,9869
00937B,群益ESG投等債20,166,0,166,元大-新盛,2024-01-24,9869
00655L,國泰中國A50正2,121,0,121,元大-新盛,2024-01-24,9869
2356,英業達,210,104,106,元大-新盛,2024-01-24,9869
2368,金像電,102,3,99,元大-新盛,2024-01-24,9869
00632R,元大台灣50反1,86,0,86,元大-新盛,2024-01-24,9869
3704,合勤控,65,0,65,元大-新盛,2024-01-24,9869
2324,仁寶,105,43,62,元大-新盛,2024-01-24,9869
2409,友達,67,14,53,元大-新盛,2024-01-24,9869
00882,中信中國高股息,78,32,46,元大-新盛,2024-01-24,9869
3036,文曄,51,7,44,元大-新盛,2024-01-24,9869
3231,緯創,86,47,39,元大-新盛,2024-01-24,9869
00679B,元大美債20年,37,1,36,元大-新盛,2024-01-24,9869
2329,華泰,58,23,35,元大-新盛,2024-01-24,9869
3607,谷崧,41,9,32,元大-新盛,2024-01-24,9869
2374,佳能,33,2,31,元大-新盛,2024-01-24,9869
6191,精成科,31,0,31,元大-新盛,2024-01-24,9869
1905,華紙,30,0,30,元大-新盛,2024-01-24,9869
0056,元大高股息,34,13,21,元大-新盛,2024-01-24,9869
4510,高鋒,20,0,20,元大-新盛,2024-01-24,9869
6122,擎邦,20,0,20,元大-新盛,2024-01-24,9869
3037,欣興,23,4,19,元大-新盛,2024-01-24,9869
8215,明基材,20,1,19,元大-新盛,2024-01-24,9869
2369,菱生,50,32,18,元大-新盛,2024-01-24,9869
4923,力士,15,0,15,元大-新盛,2024-01-24,9869
2891,中信金,15,1,14,元大-新盛,2024-01-24,9869
2530,華建,15,2,13,元大-新盛,2024-01-24,9869
3380,明泰,12,0,12,元大-新盛,2024-01-24,9869
3211,順達,12,0,12,元大-新盛,2024-01-24,9869
2816,旺旺保,13,1,12,元大-新盛,2024-01-24,9869
6235,華孚,11,0,11,元大-新盛,2024-01-24,9869
8021,尖點,11,0,11,元大-新盛,2024-01-24,9869
2002,中鋼,12,1,11,元大-新盛,2024-01-24,9869
00687B,國泰20年美債,10,0,10,元大-新盛,2024-01-24,9869
8404,百和興業-KY,10,0,10,元大-新盛,2024-01-24,9869
3114,好德,11,1,10,元大-新盛,2024-01-24,9869
00795B,中信美國公債20年,10,0,10,元大-新盛,2024-01-24,9869
00725B,國泰投資級公司債,10,0,10,元大-新盛,2024-01-24,9869
6278,台表科,10,0,10,元大-新盛,2024-01-24,9869
00919,群益台灣精選高息,14,4,10,元大-新盛,2024-01-24,9869
6806,森崴能源,10,1,9,元大-新盛,2024-01-24,9869
3666,光耀,9,0,9,元大-新盛,2024-01-24,9869
2331,精英,9,0,9,元大-新盛,2024-01-24,9869
1713,國化,9,0,9,元大-新盛,2024-01-24,9869
1513,中興電,9,0,9,元大-新盛,2024-01-24,9869
00633L,富邦上証正2,9,0,9,元大-新盛,2024-01-24,9869
00918,大華優利高填息30,12,3,9,元大-新盛,2024-01-24,9869
3362,先進光,11,2,9,元大-新盛,2024-01-24,9869
8936,國統,19,11,8,元大-新盛,2024-01-24,9869
2353,宏��,33,25,8,元大-新盛,2024-01-24,9869
2409,友達,406,11,395,元大-新盛,2024-01-25,9869
00637L,元大滬深300正2,581,347,234,元大-新盛,2024-01-25,9869
00688L,國泰20年美債正2,100,0,100,元大-新盛,2024-01-25,9869
4532,瑞智,90,0,90,元大-新盛,2024-01-25,9869
2888,新光金,70,0,70,元大-新盛,2024-01-25,9869
9105,泰金寶-DR,141,75,66,元大-新盛,2024-01-25,9869
00753L,中信中國50正2,80,15,65,元大-新盛,2024-01-25,9869
8096,擎亞,123,67,56,元大-新盛,2024-01-25,9869
00632R,元大台灣50反1,55,7,48,元大-新盛,2024-01-25,9869
2603,長榮,79,33,46,元大-新盛,2024-01-25,9869
00687B,國泰20年美債,46,4,42,元大-新盛,2024-01-25,9869
2402,毅嘉,41,0,41,元大-新盛,2024-01-25,9869
00679B,元大美債20年,40,5,35,元大-新盛,2024-01-25,9869
00650L,復華香港正2,80,47,33,元大-新盛,2024-01-25,9869
2317,鴻海,52,20,32,元大-新盛,2024-01-25,9869
2486,一詮,34,3,31,元大-新盛,2024-01-25,9869
1905,華紙,32,1,31,元大-新盛,2024-01-25,9869
00929,復華台灣科技優息,40,9,31,元大-新盛,2024-01-25,9869
00720B,元大投資級公司債,30,1,29,元大-新盛,2024-01-25,9869
3231,緯創,123,95,28,元大-新盛,2024-01-25,9869
2382,廣達,33,7,26,元大-新盛,2024-01-25,9869
2530,華建,25,0,25,元大-新盛,2024-01-25,9869
1503,士電,27,5,22,元大-新盛,2024-01-25,9869
3047,訊舟,22,2,20,元大-新盛,2024-01-25,9869
6113,亞矽,33,13,20,元大-新盛,2024-01-25,9869
4736,泰博,20,0,20,元大-新盛,2024-01-25,9869
3036,文曄,20,0,20,元大-新盛,2024-01-25,9869
00937B,群益ESG投等債20,70,51,19,元大-新盛,2024-01-25,9869
8046,南電,18,1,17,元大-新盛,2024-01-25,9869
4909,新復興,19,3,16,元大-新盛,2024-01-25,9869
3580,友威科,15,0,15,元大-新盛,2024-01-25,9869
00680L,元大美債20正2,17,2,15,元大-新盛,2024-01-25,9869
3691,碩禾,15,0,15,元大-新盛,2024-01-25,9869
2365,昆盈,29,15,14,元大-新盛,2024-01-25,9869
1319,東陽,24,11,13,元大-新盛,2024-01-25,9869
1609,大亞,19,6,13,元大-新盛,2024-01-25,9869
00878,國泰永續高股息,306,293,13,元大-新盛,2024-01-25,9869
00712,復華富時不動產,12,0,12,元大-新盛,2024-01-25,9869
2727,王品,13,1,12,元大-新盛,2024-01-25,9869
2371,大同,12,0,12,元大-新盛,2024-01-25,9869
2609,陽明,16,5,11,元大-新盛,2024-01-25,9869
3615,安可,18,7,11,元大-新盛,2024-01-25,9869
00633L,富邦上証正2,25,14,11,元大-新盛,2024-01-25,9869
1582,信錦,10,0,10,元大-新盛,2024-01-25,9869
3325,旭品,11,1,10,元大-新盛,2024-01-25,9869
00857B,永豐20年美公債,10,0,10,元大-新盛,2024-01-25,9869
1316,上曜,20,10,10,元大-新盛,2024-01-25,9869
6226,光鼎,10,0,10,元大-新盛,2024-01-25,9869
6142,友勁,10,0,10,元大-新盛,2024-01-25,9869
1809,中釉,11,1,10,元大-新盛,2024-01-25,9869
2303,聯電,440,43,397,元大-新盛,2024-01-26,9869
2409,友達,217,11,206,元大-新盛,2024-01-26,9869
00878,國泰永續高股息,118,8,110,元大-新盛,2024-01-26,9869
00937B,群益ESG投等債20,101,0,101,元大-新盛,2024-01-26,9869
00637L,元大滬深300正2,129,41,88,元大-新盛,2024-01-26,9869
00929,復華台灣科技優息,73,4,69,元大-新盛,2024-01-26,9869
00633L,富邦上証正2,70,1,69,元大-新盛,2024-01-26,9869
2353,宏��,66,6,60,元大-新盛,2024-01-26,9869
00687B,國泰20年美債,47,0,47,元大-新盛,2024-01-26,9869
2603,長榮,43,1,42,元大-新盛,2024-01-26,9869
00857B,永豐20年美公債,42,0,42,元大-新盛,2024-01-26,9869
6024,群益期,40,0,40,元大-新盛,2024-01-26,9869
8096,擎亞,82,45,37,元大-新盛,2024-01-26,9869
6147,頎邦,31,0,31,元大-新盛,2024-01-26,9869
3535,晶彩科,28,2,26,元大-新盛,2024-01-26,9869
3325,旭品,27,1,26,元大-新盛,2024-01-26,9869
1316,上曜,25,0,25,元大-新盛,2024-01-26,9869
4532,瑞智,23,0,23,元大-新盛,2024-01-26,9869
8111,立��,24,1,23,元大-新盛,2024-01-26,9869
2324,仁寶,56,35,21,元大-新盛,2024-01-26,9869
2618,長榮航,33,12,21,元大-新盛,2024-01-26,9869
00655L,國泰中國A50正2,20,0,20,元大-新盛,2024-01-26,9869
3005,神基,19,1,18,元大-新盛,2024-01-26,9869
2356,英業達,71,55,16,元大-新盛,2024-01-26,9869
00679B,元大美債20年,16,0,16,元大-新盛,2024-01-26,9869
4939,亞電,15,0,15,元大-新盛,2024-01-26,9869
00933B,國泰10Y+金融債,15,0,15,元大-新盛,2024-01-26,9869
8059,凱碩,18,4,14,元大-新盛,2024-01-26,9869
3231,緯創,54,41,13,元大-新盛,2024-01-26,9869
00673R,期元大S＆P原油反1,13,0,13,元大-新盛,2024-01-26,9869
2369,菱生,14,1,13,元大-新盛,2024-01-26,9869
2344,華邦電,25,13,12,元大-新盛,2024-01-26,9869
0056,元大高股息,39,26,13,元大-新盛,2024-01-26,9869
3607,谷崧,12,0,12,元大-新盛,2024-01-26,9869
00935,野村臺灣新科技50,16,4,12,元大-新盛,2024-01-26,9869
3580,友威科,11,0,11,元大-新盛,2024-01-26,9869
00665L,富邦�琤肭磪囓�2,10,0,10,元大-新盛,2024-01-26,9869
6140,訊達,27,17,10,元大-新盛,2024-01-26,9869
4909,新復興,15,5,10,元大-新盛,2024-01-26,9869
8076,伍豐,10,0,10,元大-新盛,2024-01-26,9869
00753L,中信中國50正2,10,0,10,元大-新盛,2024-01-26,9869
3402,漢科,11,2,9,元大-新盛,2024-01-26,9869
3625,西勝,9,0,9,元大-新盛,2024-01-26,9869
3492,長盛,10,1,9,元大-新盛,2024-01-26,9869
8215,明基材,9,0,9,元大-新盛,2024-01-26,9869
3380,明泰,29,20,9,元大-新盛,2024-01-26,9869
8936,國統,12,3,9,元大-新盛,2024-01-26,9869
3623,富晶通,65,57,8,元大-新盛,2024-01-26,9869
3354,律勝,9,1,8,元大-新盛,2024-01-26,9869
1319,東陽,17,9,8,元大-新盛,2024-01-26,9869
00665L,富邦�琤肭磪囓�2,343,100,243,元大-新盛,2024-01-29,9869
00753L,中信中國50正2,210,0,210,元大-新盛,2024-01-29,9869
2303,聯電,117,1,116,元大-新盛,2024-01-29,9869
00688L,國泰20年美債正2,101,0,101,元大-新盛,2024-01-29,9869
00673R,期元大S＆P原油反1,106,12,94,元大-新盛,2024-01-29,9869
00712,復華富時不動產,86,0,86,元大-新盛,2024-01-29,9869
2493,揚博,50,0,50,元大-新盛,2024-01-29,9869
2382,廣達,46,2,44,元大-新盛,2024-01-29,9869
00679B,元大美債20年,45,1,44,元大-新盛,2024-01-29,9869
00687B,國泰20年美債,34,0,34,元大-新盛,2024-01-29,9869
00937B,群益ESG投等債20,33,0,33,元大-新盛,2024-01-29,9869
00751B,元大AAA至A公司債,33,2,31,元大-新盛,2024-01-29,9869
00690,兆豐藍籌30,31,0,31,元大-新盛,2024-01-29,9869
3264,欣銓,30,1,29,元大-新盛,2024-01-29,9869
5009,榮剛,30,6,24,元大-新盛,2024-01-29,9869
2610,華航,26,5,21,元大-新盛,2024-01-29,9869
1325,恆大,20,0,20,元大-新盛,2024-01-29,9869
3481,群創,19,1,18,元大-新盛,2024-01-29,9869
3535,晶彩科,28,11,17,元大-新盛,2024-01-29,9869
5258,虹堡,16,0,16,元大-新盛,2024-01-29,9869
00929,復華台灣科技優息,21,5,16,元大-新盛,2024-01-29,9869
00931B,統一美債20年,15,0,15,元大-新盛,2024-01-29,9869
6108,競國,15,0,15,元大-新盛,2024-01-29,9869
3390,旭軟,15,0,15,元大-新盛,2024-01-29,9869
00650L,復華香港正2,15,0,15,元大-新盛,2024-01-29,9869
6270,倍微,15,0,15,元大-新盛,2024-01-29,9869
3025,星通,17,2,15,元大-新盛,2024-01-29,9869
4303,信立,14,0,14,元大-新盛,2024-01-29,9869
1432,大魯閣,15,1,14,元大-新盛,2024-01-29,9869
6237,驊訊,18,5,13,元大-新盛,2024-01-29,9869
4168,醣聯,13,0,13,元大-新盛,2024-01-29,9869
2440,太空梭,16,3,13,元大-新盛,2024-01-29,9869
3231,緯創,86,74,12,元大-新盛,2024-01-29,9869
6589,台康生技,15,3,12,元大-新盛,2024-01-29,9869
00933B,國泰10Y+金融債,11,0,11,元大-新盛,2024-01-29,9869
5521,工信,11,0,11,元大-新盛,2024-01-29,9869
3297,杭特,11,0,11,元大-新盛,2024-01-29,9869
3189,景碩,14,4,10,元大-新盛,2024-01-29,9869
8088,品安,10,0,10,元大-新盛,2024-01-29,9869
6248,沛波,10,0,10,元大-新盛,2024-01-29,9869
6219,富旺,10,0,10,元大-新盛,2024-01-29,9869
00919,群益台灣精選高息,18,9,9,元大-新盛,2024-01-29,9869
2329,華泰,9,0,9,元大-新盛,2024-01-29,9869
6179,亞通,10,1,9,元大-新盛,2024-01-29,9869
3058,立德,10,1,9,元大-新盛,2024-01-29,9869
00632R,元大台灣50反1,21,12,9,元大-新盛,2024-01-29,9869
6451,訊芯-KY,10,1,9,元大-新盛,2024-01-29,9869
6869,雲豹能源,9,0,9,元大-新盛,2024-01-29,9869
2101,南港,10,1,9,元大-新盛,2024-01-29,9869
1605,華新,10,2,8,元大-新盛,2024-01-29,9869
00637L,元大滬深300正2,255,20,235,元大-新盛,2024-01-30,9869
00655L,國泰中國A50正2,151,0,151,元大-新盛,2024-01-30,9869
00937B,群益ESG投等債20,146,4,142,元大-新盛,2024-01-30,9869
3231,緯創,193,60,133,元大-新盛,2024-01-30,9869
5469,瀚宇博,73,0,73,元大-新盛,2024-01-30,9869
00753L,中信中國50正2,78,10,68,元大-新盛,2024-01-30,9869
00715L,期街口布蘭特正2,64,0,64,元大-新盛,2024-01-30,9869
00929,復華台灣科技優息,52,0,52,元大-新盛,2024-01-30,9869
3035,智原,51,2,49,元大-新盛,2024-01-30,9869
9105,泰金寶-DR,40,0,40,元大-新盛,2024-01-30,9869
00680L,元大美債20正2,37,2,35,元大-新盛,2024-01-30,9869
6770,力積電,37,3,34,元大-新盛,2024-01-30,9869
00712,復華富時不動產,36,4,32,元大-新盛,2024-01-30,9869
8011,台通,31,0,31,元大-新盛,2024-01-30,9869
4303,信立,31,0,31,元大-新盛,2024-01-30,9869
3339,泰谷,31,1,30,元大-新盛,2024-01-30,9869
2883,凱基金,48,18,30,元大-新盛,2024-01-30,9869
00882,中信中國高股息,35,7,28,元大-新盛,2024-01-30,9869
2887,台新金,25,2,23,元大-新盛,2024-01-30,9869
00679B,元大美債20年,23,1,22,元大-新盛,2024-01-30,9869
00722B,群益投資級電信債,21,0,21,元大-新盛,2024-01-30,9869
00921,兆豐龍頭等權重,20,0,20,元大-新盛,2024-01-30,9869
3715,定穎投控,42,24,18,元大-新盛,2024-01-30,9869
00687B,國泰20年美債,20,2,18,元大-新盛,2024-01-30,9869
00919,群益台灣精選高息,35,17,18,元大-新盛,2024-01-30,9869
5347,世界,17,0,17,元大-新盛,2024-01-30,9869
2023,燁輝,14,0,14,元大-新盛,2024-01-30,9869
5880,合庫金,13,0,13,元大-新盛,2024-01-30,9869
6235,華孚,13,0,13,元大-新盛,2024-01-30,9869
6182,合晶,13,0,13,元大-新盛,2024-01-30,9869
2344,華邦電,16,3,13,元大-新盛,2024-01-30,9869
00933B,國泰10Y+金融債,12,0,12,元大-新盛,2024-01-30,9869
2421,建準,17,5,12,元大-新盛,2024-01-30,9869
2884,玉山金,12,0,12,元大-新盛,2024-01-30,9869
00900,富邦特選高股息30,22,10,12,元大-新盛,2024-01-30,9869
00642U,期元大S＆P石油,12,0,12,元大-新盛,2024-01-30,9869
1503,士電,13,1,12,元大-新盛,2024-01-30,9869
2317,鴻海,12,0,12,元大-新盛,2024-01-30,9869
4420,光明,11,0,11,元大-新盛,2024-01-30,9869
00733,富邦臺灣中小,12,1,11,元大-新盛,2024-01-30,9869
8936,國統,17,7,10,元大-新盛,2024-01-30,9869
4161,聿新科,10,0,10,元大-新盛,2024-01-30,9869
2536,宏普,10,0,10,元大-新盛,2024-01-30,9869
1809,中釉,10,0,10,元大-新盛,2024-01-30,9869
6248,沛波,10,0,10,元大-新盛,2024-01-30,9869
2363,矽統,14,5,9,元大-新盛,2024-01-30,9869
1432,大魯閣,10,2,8,元大-新盛,2024-01-30,9869
8477,創業家,8,0,8,元大-新盛,2024-01-30,9869
5439,高技,10,2,8,元大-新盛,2024-01-30,9869
6155,鈞寶,8,0,8,元大-新盛,2024-01-30,9869
00680L,元大美債20正2,218,2,216,元大-新盛,2024-01-31,9869
2409,友達,215,1,214,元大-新盛,2024-01-31,9869
00665L,富邦�琤肭磪囓�2,210,0,210,元大-新盛,2024-01-31,9869
00933B,國泰10Y+金融債,103,0,103,元大-新盛,2024-01-31,9869
00753L,中信中國50正2,95,0,95,元大-新盛,2024-01-31,9869
00937B,群益ESG投等債20,100,10,90,元大-新盛,2024-01-31,9869
2603,長榮,113,24,89,元大-新盛,2024-01-31,9869
0056,元大高股息,96,11,85,元大-新盛,2024-01-31,9869
8011,台通,83,10,73,元大-新盛,2024-01-31,9869
00919,群益台灣精選高息,79,22,57,元大-新盛,2024-01-31,9869
3231,緯創,62,5,57,元大-新盛,2024-01-31,9869
2610,華航,61,7,54,元大-新盛,2024-01-31,9869
4161,聿新科,50,0,50,元大-新盛,2024-01-31,9869
2303,聯電,54,8,46,元大-新盛,2024-01-31,9869
00687B,國泰20年美債,52,7,45,元大-新盛,2024-01-31,9869
1325,恆大,96,55,41,元大-新盛,2024-01-31,9869
00878,國泰永續高股息,45,7,38,元大-新盛,2024-01-31,9869
00720B,元大投資級公司債,41,5,36,元大-新盛,2024-01-31,9869
3704,合勤控,35,0,35,元大-新盛,2024-01-31,9869
3481,群創,53,19,34,元大-新盛,2024-01-31,9869
00650L,復華香港正2,30,0,30,元大-新盛,2024-01-31,9869
3339,泰谷,28,0,28,元大-新盛,2024-01-31,9869
00637L,元大滬深300正2,33,7,26,元大-新盛,2024-01-31,9869
2609,陽明,30,5,25,元大-新盛,2024-01-31,9869
1101,台泥,26,3,23,元大-新盛,2024-01-31,9869
2618,長榮航,27,4,23,元大-新盛,2024-01-31,9869
00669R,國泰美國道瓊反1,22,0,22,元大-新盛,2024-01-31,9869
3706,神達,25,4,21,元大-新盛,2024-01-31,9869
2330,台積電,24,3,21,元大-新盛,2024-01-31,9869
1612,宏泰,20,0,20,元大-新盛,2024-01-31,9869
8084,巨虹,20,0,20,元大-新盛,2024-01-31,9869
2308,台達電,22,2,20,元大-新盛,2024-01-31,9869
2329,華泰,48,29,19,元大-新盛,2024-01-31,9869
8096,擎亞,58,39,19,元大-新盛,2024-01-31,9869
2515,中工,21,4,17,元大-新盛,2024-01-31,9869
2888,新光金,18,3,15,元大-新盛,2024-01-31,9869
2897A,王道銀甲特,14,0,14,元大-新盛,2024-01-31,9869
3360,尚立,27,13,14,元大-新盛,2024-01-31,9869
00929,復華台灣科技優息,53,40,13,元大-新盛,2024-01-31,9869
3036,文曄,121,108,13,元大-新盛,2024-01-31,9869
2002,中鋼,12,0,12,元大-新盛,2024-01-31,9869
2408,南亞科,14,2,12,元大-新盛,2024-01-31,9869
2369,菱生,30,18,12,元大-新盛,2024-01-31,9869
5439,高技,12,0,12,元大-新盛,2024-01-31,9869
1609,大亞,12,0,12,元大-新盛,2024-01-31,9869
2034,允強,12,0,12,元大-新盛,2024-01-31,9869
3402,漢科,12,1,11,元大-新盛,2024-01-31,9869
2455,全新,13,2,11,元大-新盛,2024-01-31,9869
6462,神盾,33,22,11,元大-新盛,2024-01-31,9869
00712,復華富時不動產,13,2,11,元大-新盛,2024-01-31,9869
2303,聯電,279,11,268,元大-新盛,2024-02-01,9869
4306,炎洲,150,0,150,元大-新盛,2024-02-01,9869
3704,合勤控,127,5,122,元大-新盛,2024-02-01,9869
00712,復華富時不動產,123,15,108,元大-新盛,2024-02-01,9869
00878,國泰永續高股息,84,18,66,元大-新盛,2024-02-01,9869
2409,友達,67,7,60,元大-新盛,2024-02-01,9869
3437,榮創,61,1,60,元大-新盛,2024-02-01,9869
4414,如興,58,0,58,元大-新盛,2024-02-01,9869
00637L,元大滬深300正2,113,57,56,元大-新盛,2024-02-01,9869
00885,富邦越南,53,0,53,元大-新盛,2024-02-01,9869
3481,群創,55,6,49,元大-新盛,2024-02-01,9869
00680L,元大美債20正2,75,29,46,元大-新盛,2024-02-01,9869
00708L,期元大S＆P黃金正2,40,0,40,元大-新盛,2024-02-01,9869
2014,中鴻,41,5,36,元大-新盛,2024-02-01,9869
00753L,中信中國50正2,31,0,31,元大-新盛,2024-02-01,9869
5355,佳總,30,0,30,元大-新盛,2024-02-01,9869
3548,兆利,32,11,21,元大-新盛,2024-02-01,9869
00882,中信中國高股息,20,0,20,元大-新盛,2024-02-01,9869
8299,群聯,20,0,20,元大-新盛,2024-02-01,9869
2308,台達電,18,0,18,元大-新盛,2024-02-01,9869
8936,國統,45,28,17,元大-新盛,2024-02-01,9869
00891,中信關鍵半導體,20,3,17,元大-新盛,2024-02-01,9869
2812,台中銀,37,21,16,元大-新盛,2024-02-01,9869
2530,華建,16,0,16,元大-新盛,2024-02-01,9869
2889,國票金,30,15,15,元大-新盛,2024-02-01,9869
00650L,復華香港正2,15,0,15,元大-新盛,2024-02-01,9869
1432,大魯閣,15,1,14,元大-新盛,2024-02-01,9869
6548,長科*,14,0,14,元大-新盛,2024-02-01,9869
00655L,國泰中國A50正2,13,0,13,元大-新盛,2024-02-01,9869
2453,凌群,13,0,13,元大-新盛,2024-02-01,9869
6781,AES-KY,13,0,13,元大-新盛,2024-02-01,9869
5443,均豪,13,0,13,元大-新盛,2024-02-01,9869
6180,橘子,15,2,13,元大-新盛,2024-02-01,9869
00927,群益半導體收益,13,0,13,元大-新盛,2024-02-01,9869
2369,菱生,15,3,12,元大-新盛,2024-02-01,9869
1815,富喬,12,0,12,元大-新盛,2024-02-01,9869
6116,彩晶,12,0,12,元大-新盛,2024-02-01,9869
6530,創威,16,5,11,元大-新盛,2024-02-01,9869
6147,頎邦,11,0,11,元大-新盛,2024-02-01,9869
00933B,國泰10Y+金融債,20,10,10,元大-新盛,2024-02-01,9869
1616,億泰,11,1,10,元大-新盛,2024-02-01,9869
2020,美亞,10,0,10,元大-新盛,2024-02-01,9869
2103,台橡,10,0,10,元大-新盛,2024-02-01,9869
4960,誠美材,10,0,10,元大-新盛,2024-02-01,9869
2345,智邦,14,4,10,元大-新盛,2024-02-01,9869
3406,玉晶光,9,0,9,元大-新盛,2024-02-01,9869
5272,笙科,12,3,9,元大-新盛,2024-02-01,9869
00931B,統一美債20年,10,1,9,元大-新盛,2024-02-01,9869
4532,瑞智,11,2,9,元大-新盛,2024-02-01,9869
2454,聯發科,10,1,9,元大-新盛,2024-02-01,9869
00937B,群益ESG投等債20,268,16,252,元大-新盛,2024-02-02,9869
4306,炎洲,120,0,120,元大-新盛,2024-02-02,9869
00680L,元大美債20正2,78,13,65,元大-新盛,2024-02-02,9869
00712,復華富時不動產,75,10,65,元大-新盛,2024-02-02,9869
2303,聯電,61,8,53,元大-新盛,2024-02-02,9869
2603,長榮,52,1,51,元大-新盛,2024-02-02,9869
00933B,國泰10Y+金融債,51,0,51,元大-新盛,2024-02-02,9869
00882,中信中國高股息,43,1,42,元大-新盛,2024-02-02,9869
00715L,期街口布蘭特正2,43,1,42,元大-新盛,2024-02-02,9869
00665L,富邦�琤肭磪囓�2,41,5,36,元大-新盛,2024-02-02,9869
00929,復華台灣科技優息,48,13,35,元大-新盛,2024-02-02,9869
00637L,元大滬深300正2,59,25,34,元大-新盛,2024-02-02,9869
00885,富邦越南,33,0,33,元大-新盛,2024-02-02,9869
3437,榮創,36,5,31,元大-新盛,2024-02-02,9869
00655L,國泰中國A50正2,30,0,30,元大-新盛,2024-02-02,9869
00878,國泰永續高股息,47,24,23,元大-新盛,2024-02-02,9869
6113,亞矽,43,20,23,元大-新盛,2024-02-02,9869
1514,亞力,22,0,22,元大-新盛,2024-02-02,9869
3481,群創,24,2,22,元大-新盛,2024-02-02,9869
3711,日月光投控,23,1,22,元大-新盛,2024-02-02,9869
6229,研通,21,0,21,元大-新盛,2024-02-02,9869
1503,士電,24,3,21,元大-新盛,2024-02-02,9869
2408,南亞科,20,0,20,元大-新盛,2024-02-02,9869
2317,鴻海,36,17,19,元大-新盛,2024-02-02,9869
6770,力積電,25,7,18,元大-新盛,2024-02-02,9869
0050,元大台灣50,24,6,18,元大-新盛,2024-02-02,9869
2634,漢翔,19,3,16,元大-新盛,2024-02-02,9869
1609,大亞,16,0,16,元大-新盛,2024-02-02,9869
3264,欣銓,19,3,16,元大-新盛,2024-02-02,9869
5347,世界,16,1,15,元大-新盛,2024-02-02,9869
4906,正文,58,43,15,元大-新盛,2024-02-02,9869
1513,中興電,33,18,15,元大-新盛,2024-02-02,9869
8089,康全電訊,24,9,15,元大-新盛,2024-02-02,9869
6180,橘子,15,1,14,元大-新盛,2024-02-02,9869
2486,一詮,14,0,14,元大-新盛,2024-02-02,9869
00669R,國泰美國道瓊反1,14,0,14,元大-新盛,2024-02-02,9869
2609,陽明,19,5,14,元大-新盛,2024-02-02,9869
6282,康舒,23,10,13,元大-新盛,2024-02-02,9869
2353,宏��,34,21,13,元大-新盛,2024-02-02,9869
5355,佳總,13,0,13,元大-新盛,2024-02-02,9869
2882,國泰金,12,0,12,元大-新盛,2024-02-02,9869
2498,宏達電,13,1,12,元大-新盛,2024-02-02,9869
911868,同方友友-DR,12,0,12,元大-新盛,2024-02-02,9869
2324,仁寶,17,5,12,元大-新盛,2024-02-02,9869
3623,富晶通,48,36,12,元大-新盛,2024-02-02,9869
2377,微星,19,7,12,元大-新盛,2024-02-02,9869
2409,友達,15,4,11,元大-新盛,2024-02-02,9869
4534,慶騰,20,9,11,元大-新盛,2024-02-02,9869
2476,鉅祥,11,0,11,元大-新盛,2024-02-02,9869
2482,連宇,11,0,11,元大-新盛,2024-02-02,9869
3231,緯創,443,76,367,元大-新盛,2024-02-05,9869
2880,華南金,242,0,242,元大-新盛,2024-02-05,9869
2409,友達,214,2,212,元大-新盛,2024-02-05,9869
4306,炎洲,200,0,200,元大-新盛,2024-02-05,9869
00931B,統一美債20年,92,0,92,元大-新盛,2024-02-05,9869
00933B,國泰10Y+金融債,91,0,91,元大-新盛,2024-02-05,9869
00937B,群益ESG投等債20,90,1,89,元大-新盛,2024-02-05,9869
00878,國泰永續高股息,59,7,52,元大-新盛,2024-02-05,9869
2303,聯電,50,6,44,元大-新盛,2024-02-05,9869
6129,普誠,42,0,42,元大-新盛,2024-02-05,9869
6695,芯鼎,59,20,39,元大-新盛,2024-02-05,9869
00733,富邦臺灣中小,39,1,38,元大-新盛,2024-02-05,9869
8996,高力,91,53,38,元大-新盛,2024-02-05,9869
00924,復華S＆P500成長,37,0,37,元大-新盛,2024-02-05,9869
2883,凱基金,36,0,36,元大-新盛,2024-02-05,9869
5351,鈺創,54,21,33,元大-新盛,2024-02-05,9869
00679B,元大美債20年,31,0,31,元大-新盛,2024-02-05,9869
00753L,中信中國50正2,35,5,30,元大-新盛,2024-02-05,9869
2465,麗臺,23,0,23,元大-新盛,2024-02-05,9869
2002,中鋼,23,1,22,元大-新盛,2024-02-05,9869
00929,復華台灣科技優息,64,42,22,元大-新盛,2024-02-05,9869
00751B,元大AAA至A公司債,24,2,22,元大-新盛,2024-02-05,9869
1905,華紙,27,5,22,元大-新盛,2024-02-05,9869
1513,中興電,24,2,22,元大-新盛,2024-02-05,9869
3481,群創,25,4,21,元大-新盛,2024-02-05,9869
00715L,期街口布蘭特正2,21,0,21,元大-新盛,2024-02-05,9869
6168,宏齊,20,0,20,元大-新盛,2024-02-05,9869
6257,矽格,21,1,20,元大-新盛,2024-02-05,9869
00642U,期元大S＆P石油,20,0,20,元大-新盛,2024-02-05,9869
8936,國統,26,6,20,元大-新盛,2024-02-05,9869
1101,台泥,37,18,19,元大-新盛,2024-02-05,9869
2368,金像電,29,10,19,元大-新盛,2024-02-05,9869
00633L,富邦上証正2,22,4,18,元大-新盛,2024-02-05,9869
9941,裕融,17,0,17,元大-新盛,2024-02-05,9869
2453,凌群,17,0,17,元大-新盛,2024-02-05,9869
00687B,國泰20年美債,18,1,17,元大-新盛,2024-02-05,9869
00919,群益台灣精選高息,47,32,15,元大-新盛,2024-02-05,9869
1802,台玻,16,1,15,元大-新盛,2024-02-05,9869
2401,凌陽,15,0,15,元大-新盛,2024-02-05,9869
2615,萬海,14,0,14,元大-新盛,2024-02-05,9869
8210,勤誠,22,8,14,元大-新盛,2024-02-05,9869
2467,志聖,16,2,14,元大-新盛,2024-02-05,9869
2816,旺旺保,13,0,13,元大-新盛,2024-02-05,9869
3325,旭品,13,0,13,元大-新盛,2024-02-05,9869
00712,復華富時不動產,13,0,13,元大-新盛,2024-02-05,9869
6770,力積電,15,2,13,元大-新盛,2024-02-05,9869
2034,允強,12,0,12,元大-新盛,2024-02-05,9869
2419,仲琦,12,0,12,元大-新盛,2024-02-05,9869
6655,科定,12,0,12,元大-新盛,2024-02-05,9869
2402,毅嘉,12,0,12,元大-新盛,2024-02-05,9869
00937B,群益ESG投等債20,272,12,260,元大-新盛,2024-02-15,9869
00712,復華富時不動產,169,15,154,元大-新盛,2024-02-15,9869
00679B,元大美債20年,150,11,139,元大-新盛,2024-02-15,9869
00687B,國泰20年美債,124,2,122,元大-新盛,2024-02-15,9869
3481,群創,131,24,107,元大-新盛,2024-02-15,9869
00933B,國泰10Y+金融債,117,15,102,元大-新盛,2024-02-15,9869
3036,文曄,104,8,96,元大-新盛,2024-02-15,9869
2618,長榮航,106,31,75,元大-新盛,2024-02-15,9869
00931B,統一美債20年,74,0,74,元大-新盛,2024-02-15,9869
2408,南亞科,62,2,60,元大-新盛,2024-02-15,9869
00751B,元大AAA至A公司債,53,3,50,元大-新盛,2024-02-15,9869
2344,華邦電,49,3,46,元大-新盛,2024-02-15,9869
8996,高力,55,9,46,元大-新盛,2024-02-15,9869
00688L,國泰20年美債正2,42,0,42,元大-新盛,2024-02-15,9869
00722B,群益投資級電信債,41,0,41,元大-新盛,2024-02-15,9869
00720B,元大投資級公司債,50,9,41,元大-新盛,2024-02-15,9869
6274,台燿,57,17,40,元大-新盛,2024-02-15,9869
6113,亞矽,74,40,34,元大-新盛,2024-02-15,9869
2603,長榮,35,3,32,元大-新盛,2024-02-15,9869
00772B,中信高評級公司債,36,5,31,元大-新盛,2024-02-15,9869
2317,鴻海,33,2,31,元大-新盛,2024-02-15,9869
00725B,國泰投資級公司債,28,0,28,元大-新盛,2024-02-15,9869
2887,台新金,25,0,25,元大-新盛,2024-02-15,9869
2353,宏��,32,9,23,元大-新盛,2024-02-15,9869
5388,中磊,22,0,22,元大-新盛,2024-02-15,9869
00673R,期元大S＆P原油反1,22,0,22,元大-新盛,2024-02-15,9869
2421,建準,59,38,21,元大-新盛,2024-02-15,9869
00918,大華優利高填息30,19,0,19,元大-新盛,2024-02-15,9869
2301,光寶科,22,4,18,元大-新盛,2024-02-15,9869
2855,統一證,17,0,17,元大-新盛,2024-02-15,9869
4714,永捷,20,5,15,元大-新盛,2024-02-15,9869
6015,宏遠證,15,0,15,元大-新盛,2024-02-15,9869
6116,彩晶,21,6,15,元大-新盛,2024-02-15,9869
0056,元大高股息,96,82,14,元大-新盛,2024-02-15,9869
3706,神達,38,24,14,元大-新盛,2024-02-15,9869
6805,富世達,15,1,14,元大-新盛,2024-02-15,9869
5529,鉅陞,13,0,13,元大-新盛,2024-02-15,9869
00764B,群益25年美債,12,0,12,元大-新盛,2024-02-15,9869
6584,南俊國際,13,1,12,元大-新盛,2024-02-15,9869
2731,雄獅,12,0,12,元大-新盛,2024-02-15,9869
3489,森寶,12,0,12,元大-新盛,2024-02-15,9869
2449,京元電子,16,4,12,元大-新盛,2024-02-15,9869
6239,力成,12,0,12,元大-新盛,2024-02-15,9869
00706L,期元大S＆P日圓正2,11,0,11,元大-新盛,2024-02-15,9869
00857B,永豐20年美公債,11,0,11,元大-新盛,2024-02-15,9869
2206,三陽工業,11,0,11,元大-新盛,2024-02-15,9869
1409,新纖,10,0,10,元大-新盛,2024-02-15,9869
8092,建暐,10,0,10,元大-新盛,2024-02-15,9869
3663,鑫科,10,0,10,元大-新盛,2024-02-15,9869
4161,聿新科,10,0,10,元大-新盛,2024-02-15,9869
00688L,國泰20年美債正2,121,0,121,元大-新盛,2024-02-16,9869
00937B,群益ESG投等債20,119,3,116,元大-新盛,2024-02-16,9869
00919,群益台灣精選高息,112,15,97,元大-新盛,2024-02-16,9869
00687B,國泰20年美債,88,0,88,元大-新盛,2024-02-16,9869
00680L,元大美債20正2,75,0,75,元大-新盛,2024-02-16,9869
00632R,元大台灣50反1,71,0,71,元大-新盛,2024-02-16,9869
2515,中工,69,0,69,元大-新盛,2024-02-16,9869
00650L,復華香港正2,65,0,65,元大-新盛,2024-02-16,9869
00679B,元大美債20年,53,6,47,元大-新盛,2024-02-16,9869
2382,廣達,67,22,45,元大-新盛,2024-02-16,9869
2530,華建,43,0,43,元大-新盛,2024-02-16,9869
2371,大同,46,3,43,元大-新盛,2024-02-16,9869
2353,宏��,117,78,39,元大-新盛,2024-02-16,9869
00795B,中信美國公債20年,36,0,36,元大-新盛,2024-02-16,9869
1101,台泥,44,8,36,元大-新盛,2024-02-16,9869
00725B,國泰投資級公司債,32,0,32,元大-新盛,2024-02-16,9869
00751B,元大AAA至A公司債,32,0,32,元大-新盛,2024-02-16,9869
3481,群創,36,6,30,元大-新盛,2024-02-16,9869
3372,典範,31,1,30,元大-新盛,2024-02-16,9869
2897,王道銀行,30,0,30,元大-新盛,2024-02-16,9869
2303,聯電,33,8,25,元大-新盛,2024-02-16,9869
00646,元大S＆P500,34,10,24,元大-新盛,2024-02-16,9869
00933B,國泰10Y+金融債,23,1,22,元大-新盛,2024-02-16,9869
1522,堤維西,44,22,22,元大-新盛,2024-02-16,9869
8028,昇陽半導體,21,0,21,元大-新盛,2024-02-16,9869
2367,燿華,27,6,21,元大-新盛,2024-02-16,9869
00720B,元大投資級公司債,20,0,20,元大-新盛,2024-02-16,9869
1409,新纖,20,0,20,元大-新盛,2024-02-16,9869
6167,久正,20,0,20,元大-新盛,2024-02-16,9869
2330,台積電,22,3,19,元大-新盛,2024-02-16,9869
00772B,中信高評級公司債,18,0,18,元大-新盛,2024-02-16,9869
3266,昇陽,18,0,18,元大-新盛,2024-02-16,9869
0056,元大高股息,128,110,18,元大-新盛,2024-02-16,9869
2243,宏旭-KY,27,10,17,元大-新盛,2024-02-16,9869
00712,復華富時不動產,18,1,17,元大-新盛,2024-02-16,9869
3044,健鼎,24,7,17,元大-新盛,2024-02-16,9869
00753L,中信中國50正2,46,30,16,元大-新盛,2024-02-16,9869
2408,南亞科,25,10,15,元大-新盛,2024-02-16,9869
2816,旺旺保,15,0,15,元大-新盛,2024-02-16,9869
3715,定穎投控,22,7,15,元大-新盛,2024-02-16,9869
00673R,期元大S＆P原油反1,15,0,15,元大-新盛,2024-02-16,9869
2855,統一證,15,1,14,元大-新盛,2024-02-16,9869
2603,長榮,19,7,12,元大-新盛,2024-02-16,9869
5347,世界,24,12,12,元大-新盛,2024-02-16,9869
8147,正淩,16,4,12,元大-新盛,2024-02-16,9869
4906,正文,12,0,12,元大-新盛,2024-02-16,9869
3628,盈正,12,0,12,元大-新盛,2024-02-16,9869
00931B,統一美債20年,12,0,12,元大-新盛,2024-02-16,9869
2027,大成鋼,11,0,11,元大-新盛,2024-02-16,9869
2421,建準,38,27,11,元大-新盛,2024-02-16,9869
00688L,國泰20年美債正2,159,0,159,元大-新盛,2024-02-19,9869
00753L,中信中國50正2,116,1,115,元大-新盛,2024-02-19,9869
1815,富喬,121,11,110,元大-新盛,2024-02-19,9869
8096,擎亞,192,101,91,元大-新盛,2024-02-19,9869
2353,宏��,88,16,72,元大-新盛,2024-02-19,9869
00937B,群益ESG投等債20,72,0,72,元大-新盛,2024-02-19,9869
00632R,元大台灣50反1,66,0,66,元大-新盛,2024-02-19,9869
00687B,國泰20年美債,57,1,56,元大-新盛,2024-02-19,9869
1513,中興電,172,119,53,元大-新盛,2024-02-19,9869
6191,精成科,56,4,52,元大-新盛,2024-02-19,9869
00650L,復華香港正2,50,0,50,元大-新盛,2024-02-19,9869
1718,中纖,50,1,49,元大-新盛,2024-02-19,9869
2409,友達,54,5,49,元大-新盛,2024-02-19,9869
6113,亞矽,52,4,48,元大-新盛,2024-02-19,9869
00878,國泰永續高股息,47,6,41,元大-新盛,2024-02-19,9869
2329,華泰,143,103,40,元大-新盛,2024-02-19,9869
00733,富邦臺灣中小,38,0,38,元大-新盛,2024-02-19,9869
3450,聯鈞,46,12,34,元大-新盛,2024-02-19,9869
00680L,元大美債20正2,34,0,34,元大-新盛,2024-02-19,9869
6138,茂達,39,6,33,元大-新盛,2024-02-19,9869
2405,輔信,41,9,32,元大-新盛,2024-02-19,9869
00933B,國泰10Y+金融債,31,0,31,元大-新盛,2024-02-19,9869
00665L,富邦�琤肭磪囓�2,40,10,30,元大-新盛,2024-02-19,9869
2515,中工,40,11,29,元大-新盛,2024-02-19,9869
00679B,元大美債20年,28,0,28,元大-新盛,2024-02-19,9869
2460,建通,30,2,28,元大-新盛,2024-02-19,9869
00712,復華富時不動產,24,0,24,元大-新盛,2024-02-19,9869
00720B,元大投資級公司債,26,3,23,元大-新盛,2024-02-19,9869
3038,全台,22,1,21,元大-新盛,2024-02-19,9869
0056,元大高股息,86,65,21,元大-新盛,2024-02-19,9869
4763,材料-KY,21,1,20,元大-新盛,2024-02-19,9869
2027,大成鋼,20,0,20,元大-新盛,2024-02-19,9869
2358,廷鑫,20,0,20,元大-新盛,2024-02-19,9869
5498,凱崴,20,0,20,元大-新盛,2024-02-19,9869
8099,大世科,20,0,20,元大-新盛,2024-02-19,9869
2382,廣達,32,12,20,元大-新盛,2024-02-19,9869
00637L,元大滬深300正2,50,31,19,元大-新盛,2024-02-19,9869
2367,燿華,18,0,18,元大-新盛,2024-02-19,9869
3232,昱捷,33,15,18,元大-新盛,2024-02-19,9869
2888,新光金,18,1,17,元大-新盛,2024-02-19,9869
8996,高力,22,5,17,元大-新盛,2024-02-19,9869
2537,聯上發,20,4,16,元大-新盛,2024-02-19,9869
8088,品安,16,0,16,元大-新盛,2024-02-19,9869
3264,欣銓,16,1,15,元大-新盛,2024-02-19,9869
2356,英業達,42,27,15,元大-新盛,2024-02-19,9869
1314,中石化,18,3,15,元大-新盛,2024-02-19,9869
8050,廣積,14,1,13,元大-新盛,2024-02-19,9869
3035,智原,16,3,13,元大-新盛,2024-02-19,9869
1805,寶徠,12,0,12,元大-新盛,2024-02-19,9869
3059,華晶科,12,0,12,元大-新盛,2024-02-19,9869
6438,迅得,200,0,200,元大-新盛,2024-02-20,9869
00665L,富邦�琤肭磪囓�2,170,0,170,元大-新盛,2024-02-20,9869
00688L,國泰20年美債正2,160,0,160,元大-新盛,2024-02-20,9869
00937B,群益ESG投等債20,157,1,156,元大-新盛,2024-02-20,9869
5434,崇越,100,0,100,元大-新盛,2024-02-20,9869
2855,統一證,75,0,75,元大-新盛,2024-02-20,9869
6655,科定,74,0,74,元大-新盛,2024-02-20,9869
1314,中石化,76,3,73,元大-新盛,2024-02-20,9869
00679B,元大美債20年,64,0,64,元大-新盛,2024-02-20,9869
2409,友達,64,0,64,元大-新盛,2024-02-20,9869
2344,華邦電,62,1,61,元大-新盛,2024-02-20,9869
6191,精成科,54,0,54,元大-新盛,2024-02-20,9869
2610,華航,55,2,53,元大-新盛,2024-02-20,9869
3588,通嘉,67,15,52,元大-新盛,2024-02-20,9869
2329,華泰,170,120,50,元大-新盛,2024-02-20,9869
00632R,元大台灣50反1,49,0,49,元大-新盛,2024-02-20,9869
3481,群創,49,8,41,元大-新盛,2024-02-20,9869
00751B,元大AAA至A公司債,39,0,39,元大-新盛,2024-02-20,9869
3437,榮創,50,15,35,元大-新盛,2024-02-20,9869
2457,飛宏,33,1,32,元大-新盛,2024-02-20,9869
2886,兆豐金,30,0,30,元大-新盛,2024-02-20,9869
5536,聖暉*,30,0,30,元大-新盛,2024-02-20,9869
1101,台泥,29,2,27,元大-新盛,2024-02-20,9869
00931B,統一美債20年,24,0,24,元大-新盛,2024-02-20,9869
1609,大亞,26,3,23,元大-新盛,2024-02-20,9869
2465,麗臺,23,1,22,元大-新盛,2024-02-20,9869
8936,國統,31,10,21,元大-新盛,2024-02-20,9869
5498,凱崴,20,0,20,元大-新盛,2024-02-20,9869
2038,海光,20,0,20,元大-新盛,2024-02-20,9869
8099,大世科,20,0,20,元大-新盛,2024-02-20,9869
4164,承業醫,20,0,20,元大-新盛,2024-02-20,9869
5531,鄉林,20,0,20,元大-新盛,2024-02-20,9869
2369,菱生,75,55,20,元大-新盛,2024-02-20,9869
2367,燿華,24,4,20,元大-新盛,2024-02-20,9869
2883B,凱基金乙特,18,0,18,元大-新盛,2024-02-20,9869
5340,建榮,18,0,18,元大-新盛,2024-02-20,9869
4960,誠美材,21,3,18,元大-新盛,2024-02-20,9869
5258,虹堡,23,5,18,元大-新盛,2024-02-20,9869
00687B,國泰20年美債,17,0,17,元大-新盛,2024-02-20,9869
2382,廣達,21,4,17,元大-新盛,2024-02-20,9869
1805,寶徠,16,0,16,元大-新盛,2024-02-20,9869
5521,工信,16,0,16,元大-新盛,2024-02-20,9869
4714,永捷,67,51,16,元大-新盛,2024-02-20,9869
3694,海華,26,11,15,元大-新盛,2024-02-20,9869
1605,華新,25,10,15,元大-新盛,2024-02-20,9869
4108,懷特,15,0,15,元大-新盛,2024-02-20,9869
3033,威健,21,6,15,元大-新盛,2024-02-20,9869
2618,長榮航,21,7,14,元大-新盛,2024-02-20,9869
3231,緯創,48,35,13,元大-新盛,2024-02-20,9869
2009,第一銅,14,1,13,元大-新盛,2024-02-20,9869
9105,泰金寶-DR,920,216,704,元大-新盛,2024-02-21,9869
00933B,國泰10Y+金融債,640,1,639,元大-新盛,2024-02-21,9869
00929,復華台灣科技優息,208,65,143,元大-新盛,2024-02-21,9869
4945,陞達科技,115,5,110,元大-新盛,2024-02-21,9869
00918,大華優利高填息30,110,2,108,元大-新盛,2024-02-21,9869
2609,陽明,116,22,94,元大-新盛,2024-02-21,9869
2344,華邦電,104,11,93,元大-新盛,2024-02-21,9869
00878,國泰永續高股息,93,2,91,元大-新盛,2024-02-21,9869
00937B,群益ESG投等債20,73,1,72,元大-新盛,2024-02-21,9869
00680L,元大美債20正2,123,51,72,元大-新盛,2024-02-21,9869
2883,凱基金,76,4,72,元大-新盛,2024-02-21,9869
1316,上曜,80,16,64,元大-新盛,2024-02-21,9869
00715L,期街口布蘭特正2,53,0,53,元大-新盛,2024-02-21,9869
3481,群創,58,6,52,元大-新盛,2024-02-21,9869
3047,訊舟,70,21,49,元大-新盛,2024-02-21,9869
6122,擎邦,50,5,45,元大-新盛,2024-02-21,9869
2317,鴻海,53,8,45,元大-新盛,2024-02-21,9869
00712,復華富時不動產,44,0,44,元大-新盛,2024-02-21,9869
2002,中鋼,41,0,41,元大-新盛,2024-02-21,9869
3036,文曄,40,1,39,元大-新盛,2024-02-21,9869
2460,建通,50,12,38,元大-新盛,2024-02-21,9869
2352,佳世達,46,14,32,元大-新盛,2024-02-21,9869
00679B,元大美債20年,34,2,32,元大-新盛,2024-02-21,9869
6191,精成科,32,0,32,元大-新盛,2024-02-21,9869
2030,彰源,30,0,30,元大-新盛,2024-02-21,9869
6578,達邦蛋白,32,2,30,元大-新盛,2024-02-21,9869
3231,緯創,77,48,29,元大-新盛,2024-02-21,9869
2303,聯電,37,10,27,元大-新盛,2024-02-21,9869
3035,智原,36,9,27,元大-新盛,2024-02-21,9869
2312,金寶,28,1,27,元大-新盛,2024-02-21,9869
00919,群益台灣精選高息,81,56,25,元大-新盛,2024-02-21,9869
6282,康舒,26,2,24,元大-新盛,2024-02-21,9869
3607,谷崧,26,2,24,元大-新盛,2024-02-21,9869
3313,斐成,20,0,20,元大-新盛,2024-02-21,9869
5608,四維航,20,0,20,元大-新盛,2024-02-21,9869
00632R,元大台灣50反1,20,0,20,元大-新盛,2024-02-21,9869
2109,華豐,20,0,20,元大-新盛,2024-02-21,9869
8110,華東,29,12,17,元大-新盛,2024-02-21,9869
2885,元大金,17,0,17,元大-新盛,2024-02-21,9869
4729,熒茂,19,2,17,元大-新盛,2024-02-21,9869
6548,長科*,16,0,16,元大-新盛,2024-02-21,9869
3059,華晶科,16,0,16,元大-新盛,2024-02-21,9869
00795B,中信美國公債20年,15,0,15,元大-新盛,2024-02-21,9869
5353,台林,15,0,15,元大-新盛,2024-02-21,9869
3062,建漢,15,0,15,元大-新盛,2024-02-21,9869
6164,華興,17,2,15,元大-新盛,2024-02-21,9869
5521,工信,15,0,15,元大-新盛,2024-02-21,9869
2476,鉅祥,15,1,14,元大-新盛,2024-02-21,9869
6257,矽格,16,2,14,元大-新盛,2024-02-21,9869
00687B,國泰20年美債,14,0,14,元大-新盛,2024-02-21,9869
00937B,群益ESG投等債20,648,0,648,元大-新盛,2024-02-22,9869
1316,上曜,216,2,214,元大-新盛,2024-02-22,9869
2344,華邦電,204,3,201,元大-新盛,2024-02-22,9869
00918,大華優利高填息30,167,11,156,元大-新盛,2024-02-22,9869
00753L,中信中國50正2,145,0,145,元大-新盛,2024-02-22,9869
00919,群益台灣精選高息,210,95,115,元大-新盛,2024-02-22,9869
2329,華泰,199,106,93,元大-新盛,2024-02-22,9869
5381,合正,69,2,67,元大-新盛,2024-02-22,9869
00637L,元大滬深300正2,89,39,50,元大-新盛,2024-02-22,9869
9105,泰金寶-DR,60,21,39,元大-新盛,2024-02-22,9869
00751B,元大AAA至A公司債,36,0,36,元大-新盛,2024-02-22,9869
00712,復華富時不動產,35,0,35,元大-新盛,2024-02-22,9869
2489,瑞軒,40,5,35,元大-新盛,2024-02-22,9869
00933B,國泰10Y+金融債,33,0,33,元大-新盛,2024-02-22,9869
6538,倉和,31,0,31,元大-新盛,2024-02-22,9869
8110,華東,39,8,31,元大-新盛,2024-02-22,9869
8076,伍豐,30,0,30,元大-新盛,2024-02-22,9869
00679B,元大美債20年,30,0,30,元大-新盛,2024-02-22,9869
3231,緯創,100,71,29,元大-新盛,2024-02-22,9869
2610,華航,30,2,28,元大-新盛,2024-02-22,9869
3712,永崴投控,28,0,28,元大-新盛,2024-02-22,9869
00929,復華台灣科技優息,314,286,28,元大-新盛,2024-02-22,9869
2356,英業達,68,42,26,元大-新盛,2024-02-22,9869
6282,康舒,26,0,26,元大-新盛,2024-02-22,9869
00687B,國泰20年美債,23,0,23,元大-新盛,2024-02-22,9869
6160,欣技,22,0,22,元大-新盛,2024-02-22,9869
00720B,元大投資級公司債,22,0,22,元大-新盛,2024-02-22,9869
3481,群創,24,3,21,元大-新盛,2024-02-22,9869
00878,國泰永續高股息,81,60,21,元大-新盛,2024-02-22,9869
8021,尖點,21,0,21,元大-新盛,2024-02-22,9869
8099,大世科,20,0,20,元大-新盛,2024-02-22,9869
2109,華豐,20,0,20,元大-新盛,2024-02-22,9869
2353,宏��,37,17,20,元大-新盛,2024-02-22,9869
4164,承業醫,20,0,20,元大-新盛,2024-02-22,9869
8182,加高,23,4,19,元大-新盛,2024-02-22,9869
2504,國產,20,1,19,元大-新盛,2024-02-22,9869
6196,帆宣,22,3,19,元大-新盛,2024-02-22,9869
2454,聯發科,28,10,18,元大-新盛,2024-02-22,9869
2645,長榮航太,15,0,15,元大-新盛,2024-02-22,9869
2506,太設,15,0,15,元大-新盛,2024-02-22,9869
1514,亞力,29,15,14,元大-新盛,2024-02-22,9869
3013,晟銘電,22,8,14,元大-新盛,2024-02-22,9869
2855,統一證,25,11,14,元大-新盛,2024-02-22,9869
3663,鑫科,14,0,14,元大-新盛,2024-02-22,9869
6668,中揚光,25,11,14,元大-新盛,2024-02-22,9869
8105,凌巨,28,15,13,元大-新盛,2024-02-22,9869
00688L,國泰20年美債正2,13,0,13,元大-新盛,2024-02-22,9869
3715,定穎投控,43,30,13,元大-新盛,2024-02-22,9869
2376,技嘉,22,9,13,元大-新盛,2024-02-22,9869
6233,旺玖,21,9,12,元大-新盛,2024-02-22,9869
00919,群益台灣精選高息,397,105,292,元大-新盛,2024-02-23,9869
2329,華泰,271,197,74,元大-新盛,2024-02-23,9869
8110,華東,81,9,72,元大-新盛,2024-02-23,9869
1455,集盛,62,0,62,元大-新盛,2024-02-23,9869
00918,大華優利高填息30,60,0,60,元大-新盛,2024-02-23,9869
00679B,元大美債20年,71,12,59,元大-新盛,2024-02-23,9869
2317,鴻海,58,3,55,元大-新盛,2024-02-23,9869
3437,榮創,72,19,53,元大-新盛,2024-02-23,9869
00882,中信中國高股息,113,62,51,元大-新盛,2024-02-23,9869
3390,旭軟,82,35,47,元大-新盛,2024-02-23,9869
2465,麗臺,48,7,41,元大-新盛,2024-02-23,9869
4714,永捷,43,3,40,元大-新盛,2024-02-23,9869
00937B,群益ESG投等債20,59,20,39,元大-新盛,2024-02-23,9869
00632R,元大台灣50反1,46,7,39,元大-新盛,2024-02-23,9869
1905,華紙,37,0,37,元大-新盛,2024-02-23,9869
8215,明基材,36,0,36,元大-新盛,2024-02-23,9869
2460,建通,40,5,35,元大-新盛,2024-02-23,9869
00665L,富邦�琤肭磪囓�2,31,0,31,元大-新盛,2024-02-23,9869
2610,華航,32,2,30,元大-新盛,2024-02-23,9869
3047,訊舟,85,58,27,元大-新盛,2024-02-23,9869
3025,星通,42,16,26,元大-新盛,2024-02-23,9869
00687B,國泰20年美債,26,0,26,元大-新盛,2024-02-23,9869
3041,揚智,38,13,25,元大-新盛,2024-02-23,9869
00933B,國泰10Y+金融債,24,0,24,元大-新盛,2024-02-23,9869
00669R,國泰美國道瓊反1,30,6,24,元大-新盛,2024-02-23,9869
1784,訊聯,24,1,23,元大-新盛,2024-02-23,9869
1108,幸福,20,0,20,元大-新盛,2024-02-23,9869
2109,華豐,20,0,20,元大-新盛,2024-02-23,9869
2457,飛宏,21,2,19,元大-新盛,2024-02-23,9869
3715,定穎投控,21,3,18,元大-新盛,2024-02-23,9869
8059,凱碩,73,55,18,元大-新盛,2024-02-23,9869
1609,大亞,24,7,17,元大-新盛,2024-02-23,9869
6113,亞矽,25,8,17,元大-新盛,2024-02-23,9869
00929,復華台灣科技優息,421,405,16,元大-新盛,2024-02-23,9869
1605,華新,16,0,16,元大-新盛,2024-02-23,9869
5469,瀚宇博,27,11,16,元大-新盛,2024-02-23,9869
2609,陽明,29,13,16,元大-新盛,2024-02-23,9869
2365,昆盈,28,12,16,元大-新盛,2024-02-23,9869
3450,聯鈞,44,28,16,元大-新盛,2024-02-23,9869
00878,國泰永續高股息,30,15,15,元大-新盛,2024-02-23,9869
1717,長興,24,9,15,元大-新盛,2024-02-23,9869
5457,宣德,14,0,14,元大-新盛,2024-02-23,9869
2303,聯電,20,6,14,元大-新盛,2024-02-23,9869
2353,宏��,29,16,13,元大-新盛,2024-02-23,9869
2882,國泰金,13,0,13,元大-新盛,2024-02-23,9869
3218,大學光,14,1,13,元大-新盛,2024-02-23,9869
00795B,中信美國公債20年,13,0,13,元大-新盛,2024-02-23,9869
3288,點晶,13,0,13,元大-新盛,2024-02-23,9869
2615,萬海,14,2,12,元大-新盛,2024-02-23,9869
2887,台新金,12,0,12,元大-新盛,2024-02-23,9869
00937B,群益ESG投等債20,796,5,791,元大-新盛,2024-02-26,9869
00637L,元大滬深300正2,418,91,327,元大-新盛,2024-02-26,9869
00933B,國泰10Y+金融債,266,15,251,元大-新盛,2024-02-26,9869
00919,群益台灣精選高息,279,68,211,元大-新盛,2024-02-26,9869
1815,富喬,122,5,117,元大-新盛,2024-02-26,9869
6532,瑞耘,75,5,70,元大-新盛,2024-02-26,9869
2449,京元電子,63,9,54,元大-新盛,2024-02-26,9869
00911,兆豐洲際半導體,54,0,54,元大-新盛,2024-02-26,9869
00878,國泰永續高股息,92,47,45,元大-新盛,2024-02-26,9869
4164,承業醫,43,0,43,元大-新盛,2024-02-26,9869
2355,敬鵬,46,3,43,元大-新盛,2024-02-26,9869
00893,國泰智能電動車,69,28,41,元大-新盛,2024-02-26,9869
4526,東台,40,1,39,元大-新盛,2024-02-26,9869
1514,亞力,125,91,34,元大-新盛,2024-02-26,9869
8467,波力-KY,35,2,33,元大-新盛,2024-02-26,9869
00751B,元大AAA至A公司債,30,2,28,元大-新盛,2024-02-26,9869
5483,中美晶,27,0,27,元大-新盛,2024-02-26,9869
00679B,元大美債20年,33,6,27,元大-新盛,2024-02-26,9869
3481,群創,33,7,26,元大-新盛,2024-02-26,9869
00680L,元大美債20正2,34,8,26,元大-新盛,2024-02-26,9869
00632R,元大台灣50反1,32,6,26,元大-新盛,2024-02-26,9869
9941,裕融,28,2,26,元大-新盛,2024-02-26,9869
8110,華東,25,0,25,元大-新盛,2024-02-26,9869
2303,聯電,33,10,23,元大-新盛,2024-02-26,9869
4763,材料-KY,25,4,21,元大-新盛,2024-02-26,9869
2337,旺宏,21,1,20,元大-新盛,2024-02-26,9869
00753L,中信中國50正2,20,0,20,元大-新盛,2024-02-26,9869
00858,永豐美國500大,20,0,20,元大-新盛,2024-02-26,9869
00764B,群益25年美債,20,0,20,元大-新盛,2024-02-26,9869
2101,南港,20,0,20,元大-新盛,2024-02-26,9869
6655,科定,18,0,18,元大-新盛,2024-02-26,9869
2605,新興,29,11,18,元大-新盛,2024-02-26,9869
5236,凌陽創新,18,0,18,元大-新盛,2024-02-26,9869
4147,中裕,19,2,17,元大-新盛,2024-02-26,9869
2615,萬海,21,4,17,元大-新盛,2024-02-26,9869
3360,尚立,20,3,17,元大-新盛,2024-02-26,9869
00720B,元大投資級公司債,20,3,17,元大-新盛,2024-02-26,9869
3390,旭軟,29,12,17,元大-新盛,2024-02-26,9869
3231,緯創,26,10,16,元大-新盛,2024-02-26,9869
00931B,統一美債20年,20,4,16,元大-新盛,2024-02-26,9869
2460,建通,16,1,15,元大-新盛,2024-02-26,9869
6207,雷科,22,8,14,元大-新盛,2024-02-26,9869
2405,輔信,21,7,14,元大-新盛,2024-02-26,9869
8028,昇陽半導體,20,6,14,元大-新盛,2024-02-26,9869
2382,廣達,15,2,13,元大-新盛,2024-02-26,9869
00712,復華富時不動產,13,0,13,元大-新盛,2024-02-26,9869
2356,英業達,38,25,13,元大-新盛,2024-02-26,9869
1905,華紙,17,5,12,元大-新盛,2024-02-26,9869
8938,明安,12,0,12,元大-新盛,2024-02-26,9869
2882,國泰金,11,0,11,元大-新盛,2024-02-26,9869
00878,國泰永續高股息,371,31,340,元大-新盛,2024-02-27,9869
00937B,群益ESG投等債20,218,4,214,元大-新盛,2024-02-27,9869
6139,亞翔,206,8,198,元大-新盛,2024-02-27,9869
00919,群益台灣精選高息,215,29,186,元大-新盛,2024-02-27,9869
00637L,元大滬深300正2,182,43,139,元大-新盛,2024-02-27,9869
5009,榮剛,108,1,107,元大-新盛,2024-02-27,9869
9941,裕融,98,1,97,元大-新盛,2024-02-27,9869
00687B,國泰20年美債,97,0,97,元大-新盛,2024-02-27,9869
3036A,文曄甲特,85,0,85,元大-新盛,2024-02-27,9869
2603,長榮,97,13,84,元大-新盛,2024-02-27,9869
8096,擎亞,247,163,84,元大-新盛,2024-02-27,9869
5452,佶優,82,1,81,元大-新盛,2024-02-27,9869
00929,復華台灣科技優息,187,110,77,元大-新盛,2024-02-27,9869
00918,大華優利高填息30,65,4,61,元大-新盛,2024-02-27,9869
6443,元晶,60,0,60,元大-新盛,2024-02-27,9869
8086,宏捷科,57,0,57,元大-新盛,2024-02-27,9869
1609,大亞,60,3,57,元大-新盛,2024-02-27,9869
00671R,富邦NASDAQ反1,53,0,53,元大-新盛,2024-02-27,9869
2883,凱基金,52,0,52,元大-新盛,2024-02-27,9869
3260,威剛,52,3,49,元大-新盛,2024-02-27,9869
6237,驊訊,57,10,47,元大-新盛,2024-02-27,9869
00885,富邦越南,45,0,45,元大-新盛,2024-02-27,9869
3037,欣興,62,19,43,元大-新盛,2024-02-27,9869
4919,新唐,38,0,38,元大-新盛,2024-02-27,9869
2539,櫻花建,34,1,33,元大-新盛,2024-02-27,9869
1316,上曜,35,2,33,元大-新盛,2024-02-27,9869
1101,台泥,31,0,31,元大-新盛,2024-02-27,9869
00795B,中信美國公債20年,29,0,29,元大-新盛,2024-02-27,9869
00669R,國泰美國道瓊反1,30,1,29,元大-新盛,2024-02-27,9869
00679B,元大美債20年,31,2,29,元大-新盛,2024-02-27,9869
00720B,元大投資級公司債,27,2,25,元大-新盛,2024-02-27,9869
3680,家登,28,3,25,元大-新盛,2024-02-27,9869
6185,幃翔,25,0,25,元大-新盛,2024-02-27,9869
00680L,元大美債20正2,34,10,24,元大-新盛,2024-02-27,9869
2610,華航,26,3,23,元大-新盛,2024-02-27,9869
2408,南亞科,24,1,23,元大-新盛,2024-02-27,9869
6125,廣運,54,31,23,元大-新盛,2024-02-27,9869
2002,中鋼,24,1,23,元大-新盛,2024-02-27,9869
00753L,中信中國50正2,30,8,22,元大-新盛,2024-02-27,9869
2038,海光,21,0,21,元大-新盛,2024-02-27,9869
3623,富晶通,21,0,21,元大-新盛,2024-02-27,9869
4164,承業醫,20,0,20,元大-新盛,2024-02-27,9869
00726B,國泰新興投等債,20,0,20,元大-新盛,2024-02-27,9869
9105,泰金寶-DR,25,5,20,元大-新盛,2024-02-27,9869
3372,典範,21,1,20,元大-新盛,2024-02-27,9869
3390,旭軟,26,8,18,元大-新盛,2024-02-27,9869
4909,新復興,18,1,17,元大-新盛,2024-02-27,9869
1303,南亞,17,0,17,元大-新盛,2024-02-27,9869
3163,波若威,24,8,16,元大-新盛,2024-02-27,9869
8046,南電,18,2,16,元大-新盛,2024-02-27,9869
2884,玉山金,2613,2,2611,元大-新盛,2024-02-29,9869
2603,長榮,530,38,492,元大-新盛,2024-02-29,9869
00642U,期元大S＆P石油,300,7,293,元大-新盛,2024-02-29,9869
00937B,群益ESG投等債20,259,0,259,元大-新盛,2024-02-29,9869
5009,榮剛,120,2,118,元大-新盛,2024-02-29,9869
9105,泰金寶-DR,112,0,112,元大-新盛,2024-02-29,9869
00929,復華台灣科技優息,118,61,57,元大-新盛,2024-02-29,9869
2530,華建,57,0,57,元大-新盛,2024-02-29,9869
2387,精元,50,0,50,元大-新盛,2024-02-29,9869
00933B,國泰10Y+金融債,44,0,44,元大-新盛,2024-02-29,9869
5452,佶優,54,10,44,元大-新盛,2024-02-29,9869
4979,華星光,43,2,41,元大-新盛,2024-02-29,9869
2329,華泰,75,36,39,元大-新盛,2024-02-29,9869
2303,聯電,60,22,38,元大-新盛,2024-02-29,9869
2855,統一證,39,3,36,元大-新盛,2024-02-29,9869
3207,耀勝,32,0,32,元大-新盛,2024-02-29,9869
3041,揚智,33,1,32,元大-新盛,2024-02-29,9869
00918,大華優利高填息30,34,2,32,元大-新盛,2024-02-29,9869
6788,華景電,32,1,31,元大-新盛,2024-02-29,9869
3049,精金,30,0,30,元大-新盛,2024-02-29,9869
00665L,富邦�琤肭磪囓�2,85,55,30,元大-新盛,2024-02-29,9869
2614,東森,30,1,29,元大-新盛,2024-02-29,9869
1453,大將,30,2,28,元大-新盛,2024-02-29,9869
3231,緯創,34,8,26,元大-新盛,2024-02-29,9869
00712,復華富時不動產,25,0,25,元大-新盛,2024-02-29,9869
5381,合正,24,0,24,元大-新盛,2024-02-29,9869
6770,力積電,22,0,22,元大-新盛,2024-02-29,9869
00857B,永豐20年美公債,21,0,21,元大-新盛,2024-02-29,9869
6288,聯嘉,26,7,19,元大-新盛,2024-02-29,9869
2002,中鋼,19,1,18,元大-新盛,2024-02-29,9869
2382,廣達,20,3,17,元大-新盛,2024-02-29,9869
3047,訊舟,21,4,17,元大-新盛,2024-02-29,9869
1529,樂事綠能,20,3,17,元大-新盛,2024-02-29,9869
911868,同方友友-DR,16,0,16,元大-新盛,2024-02-29,9869
2324,仁寶,23,7,16,元大-新盛,2024-02-29,9869
3036A,文曄甲特,15,0,15,元大-新盛,2024-02-29,9869
3583,辛耘,15,1,14,元大-新盛,2024-02-29,9869
6191,精成科,14,0,14,元大-新盛,2024-02-29,9869
3362,先進光,15,1,14,元大-新盛,2024-02-29,9869
6284,佳邦,15,2,13,元大-新盛,2024-02-29,9869
1316,上曜,39,26,13,元大-新盛,2024-02-29,9869
00725B,國泰投資級公司債,13,0,13,元大-新盛,2024-02-29,9869
6176,瑞儀,12,0,12,元大-新盛,2024-02-29,9869
1612,宏泰,11,0,11,元大-新盛,2024-02-29,9869
3050,鈺德,13,2,11,元大-新盛,2024-02-29,9869
4714,永捷,15,4,11,元大-新盛,2024-02-29,9869
3266,昇陽,11,0,11,元大-新盛,2024-02-29,9869
8110,華東,14,3,11,元大-新盛,2024-02-29,9869
4763,材料-KY,10,0,10,元大-新盛,2024-02-29,9869
8086,宏捷科,11,1,10,元大-新盛,2024-02-29,9869
2884,玉山金,1200,2,1198,元大-新盛,2024-03-01,9869
00937B,群益ESG投等債20,669,0,669,元大-新盛,2024-03-01,9869
00637L,元大滬深300正2,345,56,289,元大-新盛,2024-03-01,9869
00919,群益台灣精選高息,241,20,221,元大-新盛,2024-03-01,9869
00929,復華台灣科技優息,212,81,131,元大-新盛,2024-03-01,9869
00918,大華優利高填息30,111,0,111,元大-新盛,2024-03-01,9869
2344,華邦電,111,2,109,元大-新盛,2024-03-01,9869
2313,華通,88,7,81,元大-新盛,2024-03-01,9869
2543,皇昌,84,14,70,元大-新盛,2024-03-01,9869
2883,凱基金,64,0,64,元大-新盛,2024-03-01,9869
2002,中鋼,77,17,60,元大-新盛,2024-03-01,9869
00680L,元大美債20正2,56,0,56,元大-新盛,2024-03-01,9869
1618,合機,73,17,56,元大-新盛,2024-03-01,9869
6288,聯嘉,76,27,49,元大-新盛,2024-03-01,9869
00687B,國泰20年美債,45,4,41,元大-新盛,2024-03-01,9869
00878,國泰永續高股息,60,19,41,元大-新盛,2024-03-01,9869
2399,映泰,39,3,36,元大-新盛,2024-03-01,9869
5452,佶優,40,5,35,元大-新盛,2024-03-01,9869
3207,耀勝,40,6,34,元大-新盛,2024-03-01,9869
4303,信立,41,7,34,元大-新盛,2024-03-01,9869
0056,元大高股息,89,57,32,元大-新盛,2024-03-01,9869
1316,上曜,102,74,28,元大-新盛,2024-03-01,9869
1513,中興電,172,145,27,元大-新盛,2024-03-01,9869
1609,大亞,44,17,27,元大-新盛,2024-03-01,9869
1612,宏泰,25,0,25,元大-新盛,2024-03-01,9869
5434,崇越,25,0,25,元大-新盛,2024-03-01,9869
00720B,元大投資級公司債,23,1,22,元大-新盛,2024-03-01,9869
2610,華航,23,2,21,元大-新盛,2024-03-01,9869
2329,華泰,70,49,21,元大-新盛,2024-03-01,9869
6449,鈺邦,24,3,21,元大-新盛,2024-03-01,9869
3047,訊舟,34,14,20,元大-新盛,2024-03-01,9869
3708,上緯投控,26,6,20,元大-新盛,2024-03-01,9869
00688L,國泰20年美債正2,20,0,20,元大-新盛,2024-03-01,9869
1815,富喬,29,9,20,元大-新盛,2024-03-01,9869
1108,幸福,20,0,20,元大-新盛,2024-03-01,9869
3701,大眾控,20,0,20,元大-新盛,2024-03-01,9869
6229,研通,32,13,19,元大-新盛,2024-03-01,9869
1725,元禎,23,4,19,元大-新盛,2024-03-01,9869
00885,富邦越南,24,5,19,元大-新盛,2024-03-01,9869
2882,國泰金,19,1,18,元大-新盛,2024-03-01,9869
6116,彩晶,17,0,17,元大-新盛,2024-03-01,9869
2301,光寶科,51,35,16,元大-新盛,2024-03-01,9869
8926,台汽電,24,8,16,元大-新盛,2024-03-01,9869
6191,精成科,16,1,15,元大-新盛,2024-03-01,9869
4714,永捷,14,0,14,元大-新盛,2024-03-01,9869
1314,中石化,13,0,13,元大-新盛,2024-03-01,9869
2034,允強,13,0,13,元大-新盛,2024-03-01,9869
2025,千興,13,0,13,元大-新盛,2024-03-01,9869
1529,樂事綠能,15,2,13,元大-新盛,2024-03-01,9869
2327,國巨,15,2,13,元大-新盛,2024-03-01,9869
00680L,元大美債20正2,3071,66,3005,元大-新盛,2024-03-04,9869
2884,玉山金,1201,6,1195,元大-新盛,2024-03-04,9869
00720B,元大投資級公司債,510,5,505,元大-新盛,2024-03-04,9869
00919,群益台灣精選高息,182,38,144,元大-新盛,2024-03-04,9869
00753L,中信中國50正2,140,0,140,元大-新盛,2024-03-04,9869
00650L,復華香港正2,115,8,107,元大-新盛,2024-03-04,9869
00665L,富邦�琤肭磪囓�2,113,10,103,元大-新盛,2024-03-04,9869
2324,仁寶,183,109,74,元大-新盛,2024-03-04,9869
00937B,群益ESG投等債20,80,14,66,元大-新盛,2024-03-04,9869
00632R,元大台灣50反1,123,65,58,元大-新盛,2024-03-04,9869
1721,三晃,58,2,56,元大-新盛,2024-03-04,9869
4164,承業醫,54,0,54,元大-新盛,2024-03-04,9869
4919,新唐,51,4,47,元大-新盛,2024-03-04,9869
00918,大華優利高填息30,56,10,46,元大-新盛,2024-03-04,9869
1608,華榮,45,2,43,元大-新盛,2024-03-04,9869
00933B,國泰10Y+金融債,34,5,29,元大-新盛,2024-03-04,9869
2515,中工,29,0,29,元大-新盛,2024-03-04,9869
1513,中興電,55,28,27,元大-新盛,2024-03-04,9869
9945,潤泰新,29,3,26,元大-新盛,2024-03-04,9869
6016,康和證,28,3,25,元大-新盛,2024-03-04,9869
6218,豪勉,26,2,24,元大-新盛,2024-03-04,9869
6288,聯嘉,26,2,24,元大-新盛,2024-03-04,9869
2913,農林,23,0,23,元大-新盛,2024-03-04,9869
1609,大亞,28,5,23,元大-新盛,2024-03-04,9869
3207,耀勝,23,1,22,元大-新盛,2024-03-04,9869
4714,永捷,27,5,22,元大-新盛,2024-03-04,9869
3128,昇銳,23,1,22,元大-新盛,2024-03-04,9869
8112,至上,22,1,21,元大-新盛,2024-03-04,9869
1618,合機,26,6,20,元大-新盛,2024-03-04,9869
00706L,期元大S＆P日圓正2,20,0,20,元大-新盛,2024-03-04,9869
6113,亞矽,43,24,19,元大-新盛,2024-03-04,9869
2399,映泰,33,15,18,元大-新盛,2024-03-04,9869
3360,尚立,31,14,17,元大-新盛,2024-03-04,9869
1101,台泥,19,2,17,元大-新盛,2024-03-04,9869
1612,宏泰,16,0,16,元大-新盛,2024-03-04,9869
2301,光寶科,21,6,15,元大-新盛,2024-03-04,9869
1301,台塑,15,0,15,元大-新盛,2024-03-04,9869
6788,華景電,16,1,15,元大-新盛,2024-03-04,9869
2888,新光金,16,1,15,元大-新盛,2024-03-04,9869
3231,緯創,45,30,15,元大-新盛,2024-03-04,9869
4968,立積,22,8,14,元大-新盛,2024-03-04,9869
2034,允強,14,0,14,元大-新盛,2024-03-04,9869
2014,中鴻,14,0,14,元大-新盛,2024-03-04,9869
6156,松上,13,0,13,元大-新盛,2024-03-04,9869
1503,士電,42,29,13,元大-新盛,2024-03-04,9869
5009,榮剛,14,2,12,元大-新盛,2024-03-04,9869
3669,圓展,13,1,12,元大-新盛,2024-03-04,9869
8059,凱碩,34,22,12,元大-新盛,2024-03-04,9869
3437,榮創,33,22,11,元大-新盛,2024-03-04,9869
00915,凱基優選高股息30,15,4,11,元大-新盛,2024-03-04,9869
2884,玉山金,2002,1,2001,元大-新盛,2024-03-05,9869
00665L,富邦�琤肭磪囓�2,690,10,680,元大-新盛,2024-03-05,9869
5488,松普,262,0,262,元大-新盛,2024-03-05,9869
00937B,群益ESG投等債20,177,7,170,元大-新盛,2024-03-05,9869
00919,群益台灣精選高息,124,8,116,元大-新盛,2024-03-05,9869
00680L,元大美債20正2,105,20,85,元大-新盛,2024-03-05,9869
911868,同方友友-DR,79,0,79,元大-新盛,2024-03-05,9869
00712,復華富時不動產,86,10,76,元大-新盛,2024-03-05,9869
3010,華立,65,0,65,元大-新盛,2024-03-05,9869
1455,集盛,101,46,55,元大-新盛,2024-03-05,9869
3042,晶技,61,10,51,元大-新盛,2024-03-05,9869
2387,精元,50,0,50,元大-新盛,2024-03-05,9869
3207,耀勝,48,1,47,元大-新盛,2024-03-05,9869
00772B,中信高評級公司債,51,6,45,元大-新盛,2024-03-05,9869
1905,華紙,44,2,42,元大-新盛,2024-03-05,9869
4906,正文,101,67,34,元大-新盛,2024-03-05,9869
3701,大眾控,32,0,32,元大-新盛,2024-03-05,9869
3481,群創,34,4,30,元大-新盛,2024-03-05,9869
8039,台虹,30,0,30,元大-新盛,2024-03-05,9869
1303,南亞,29,0,29,元大-新盛,2024-03-05,9869
00679B,元大美債20年,29,1,28,元大-新盛,2024-03-05,9869
00753L,中信中國50正2,27,0,27,元大-新盛,2024-03-05,9869
1108,幸福,35,12,23,元大-新盛,2024-03-05,9869
00687B,國泰20年美債,22,0,22,元大-新盛,2024-03-05,9869
2363,矽統,24,3,21,元大-新盛,2024-03-05,9869
9945,潤泰新,27,9,18,元大-新盛,2024-03-05,9869
1727,中華化,21,5,16,元大-新盛,2024-03-05,9869
6770,力積電,25,9,16,元大-新盛,2024-03-05,9869
2883B,凱基金乙特,16,0,16,元大-新盛,2024-03-05,9869
3406,玉晶光,16,0,16,元大-新盛,2024-03-05,9869
2409,友達,47,31,16,元大-新盛,2024-03-05,9869
3545,敦泰,15,0,15,元大-新盛,2024-03-05,9869
6125,廣運,21,6,15,元大-新盛,2024-03-05,9869
5521,工信,23,8,15,元大-新盛,2024-03-05,9869
6414,樺漢,16,1,15,元大-新盛,2024-03-05,9869
6806,森崴能源,37,22,15,元大-新盛,2024-03-05,9869
6284,佳邦,15,1,14,元大-新盛,2024-03-05,9869
3062,建漢,16,3,13,元大-新盛,2024-03-05,9869
3163,波若威,13,1,12,元大-新盛,2024-03-05,9869
2337,旺宏,13,1,12,元大-新盛,2024-03-05,9869
4770,上品,14,2,12,元大-新盛,2024-03-05,9869
4714,永捷,12,0,12,元大-新盛,2024-03-05,9869
2342,茂矽,12,0,12,元大-新盛,2024-03-05,9869
6219,富旺,12,0,12,元大-新盛,2024-03-05,9869
2408,南亞科,15,3,12,元大-新盛,2024-03-05,9869
1589,永冠-KY,12,0,12,元大-新盛,2024-03-05,9869
2367,燿華,179,167,12,元大-新盛,2024-03-05,9869
00795B,中信美國公債20年,12,1,11,元大-新盛,2024-03-05,9869
2331,精英,11,0,11,元大-新盛,2024-03-05,9869
3041,揚智,11,0,11,元大-新盛,2024-03-05,9869
2884,玉山金,1203,2,1201,元大-新盛,2024-03-06,9869
2344,華邦電,143,8,135,元大-新盛,2024-03-06,9869
2515,中工,110,5,105,元大-新盛,2024-03-06,9869
6177,達麗,100,0,100,元大-新盛,2024-03-06,9869
2352,佳世達,87,1,86,元大-新盛,2024-03-06,9869
2609,陽明,75,7,68,元大-新盛,2024-03-06,9869
6275,元山,57,1,56,元大-新盛,2024-03-06,9869
00632R,元大台灣50反1,61,9,52,元大-新盛,2024-03-06,9869
2387,精元,50,0,50,元大-新盛,2024-03-06,9869
00637L,元大滬深300正2,66,19,47,元大-新盛,2024-03-06,9869
6235,華孚,85,40,45,元大-新盛,2024-03-06,9869
2539,櫻花建,45,0,45,元大-新盛,2024-03-06,9869
00937B,群益ESG投等債20,45,0,45,元大-新盛,2024-03-06,9869
6179,亞通,45,1,44,元大-新盛,2024-03-06,9869
3689,湧德,46,9,37,元大-新盛,2024-03-06,9869
3481,群創,40,3,37,元大-新盛,2024-03-06,9869
00915,凱基優選高股息30,37,2,35,元大-新盛,2024-03-06,9869
00680L,元大美債20正2,86,52,34,元大-新盛,2024-03-06,9869
2882,國泰金,35,1,34,元大-新盛,2024-03-06,9869
2002,中鋼,34,1,33,元大-新盛,2024-03-06,9869
4755,三福化,31,1,30,元大-新盛,2024-03-06,9869
2888,新光金,34,5,29,元大-新盛,2024-03-06,9869
2890,永豐金,30,2,28,元大-新盛,2024-03-06,9869
2353,宏��,49,22,27,元大-新盛,2024-03-06,9869
3325,旭品,55,28,27,元大-新盛,2024-03-06,9869
00935,野村臺灣新科技50,25,0,25,元大-新盛,2024-03-06,9869
2329,華泰,59,36,23,元大-新盛,2024-03-06,9869
911868,同方友友-DR,23,0,23,元大-新盛,2024-03-06,9869
6117,迎廣,53,33,20,元大-新盛,2024-03-06,9869
4556,旭然,20,0,20,元大-新盛,2024-03-06,9869
3147,大綜,20,0,20,元大-新盛,2024-03-06,9869
4306,炎洲,24,5,19,元大-新盛,2024-03-06,9869
1409,新纖,24,5,19,元大-新盛,2024-03-06,9869
2845,遠東銀,26,7,19,元大-新盛,2024-03-06,9869
2371,大同,67,49,18,元大-新盛,2024-03-06,9869
3207,耀勝,18,0,18,元大-新盛,2024-03-06,9869
5439,高技,25,7,18,元大-新盛,2024-03-06,9869
2610,華航,26,9,17,元大-新盛,2024-03-06,9869
3231,緯創,38,21,17,元大-新盛,2024-03-06,9869
4533,協易機,24,9,15,元大-新盛,2024-03-06,9869
6127,九豪,35,20,15,元大-新盛,2024-03-06,9869
4564,元翎,20,5,15,元大-新盛,2024-03-06,9869
00933B,國泰10Y+金融債,24,10,14,元大-新盛,2024-03-06,9869
2618,長榮航,15,1,14,元大-新盛,2024-03-06,9869
2369,菱生,15,1,14,元大-新盛,2024-03-06,9869
00921,兆豐龍頭等權重,14,0,14,元大-新盛,2024-03-06,9869
2543,皇昌,25,12,13,元大-新盛,2024-03-06,9869
8092,建暐,13,0,13,元大-新盛,2024-03-06,9869
2025,千興,13,1,12,元大-新盛,2024-03-06,9869
3715,定穎投控,14,2,12,元大-新盛,2024-03-06,9869
2884,玉山金,1376,22,1354,元大-新盛,2024-03-07,9869
00919,群益台灣精選高息,236,54,182,元大-新盛,2024-03-07,9869
6177,達麗,100,8,92,元大-新盛,2024-03-07,9869
4906,正文,104,12,92,元大-新盛,2024-03-07,9869
00680L,元大美債20正2,102,29,73,元大-新盛,2024-03-07,9869
1618,合機,73,2,71,元大-新盛,2024-03-07,9869
9105,泰金寶-DR,79,11,68,元大-新盛,2024-03-07,9869
1815,富喬,123,62,61,元大-新盛,2024-03-07,9869
00632R,元大台灣50反1,239,180,59,元大-新盛,2024-03-07,9869
2515,中工,68,11,57,元大-新盛,2024-03-07,9869
00885,富邦越南,51,0,51,元大-新盛,2024-03-07,9869
3044,健鼎,58,11,47,元大-新盛,2024-03-07,9869
2365,昆盈,40,1,39,元大-新盛,2024-03-07,9869
6117,迎廣,75,36,39,元大-新盛,2024-03-07,9869
6274,台燿,60,22,38,元大-新盛,2024-03-07,9869
4714,永捷,37,0,37,元大-新盛,2024-03-07,9869
1514,亞力,41,9,32,元大-新盛,2024-03-07,9869
0056,元大高股息,105,74,31,元大-新盛,2024-03-07,9869
2331,精英,31,0,31,元大-新盛,2024-03-07,9869
5521,工信,36,6,30,元大-新盛,2024-03-07,9869
6125,廣運,43,14,29,元大-新盛,2024-03-07,9869
1609,大亞,36,8,28,元大-新盛,2024-03-07,9869
2457,飛宏,28,0,28,元大-新盛,2024-03-07,9869
6190,萬泰科,34,7,27,元大-新盛,2024-03-07,9869
3289,宜特,27,0,27,元大-新盛,2024-03-07,9869
2332,友訊,27,0,27,元大-新盛,2024-03-07,9869
2352,佳世達,29,2,27,元大-新盛,2024-03-07,9869
2324,仁寶,30,3,27,元大-新盛,2024-03-07,9869
3047,訊舟,34,8,26,元大-新盛,2024-03-07,9869
2368,金像電,34,9,25,元大-新盛,2024-03-07,9869
3294,英濟,31,6,25,元大-新盛,2024-03-07,9869
2034,允強,24,0,24,元大-新盛,2024-03-07,9869
3706,神達,32,8,24,元大-新盛,2024-03-07,9869
2421,建準,30,6,24,元大-新盛,2024-03-07,9869
2354,鴻準,25,2,23,元大-新盛,2024-03-07,9869
4533,協易機,23,0,23,元大-新盛,2024-03-07,9869
3094,聯傑,22,0,22,元大-新盛,2024-03-07,9869
5234,達興材料,25,4,21,元大-新盛,2024-03-07,9869
00679B,元大美債20年,29,8,21,元大-新盛,2024-03-07,9869
00733,富邦臺灣中小,23,5,18,元大-新盛,2024-03-07,9869
1314,中石化,18,0,18,元大-新盛,2024-03-07,9869
00687B,國泰20年美債,31,13,18,元大-新盛,2024-03-07,9869
00720B,元大投資級公司債,34,17,17,元大-新盛,2024-03-07,9869
1809,中釉,17,0,17,元大-新盛,2024-03-07,9869
00637L,元大滬深300正2,110,94,16,元大-新盛,2024-03-07,9869
2002,中鋼,17,1,16,元大-新盛,2024-03-07,9869
00712,復華富時不動產,22,6,16,元大-新盛,2024-03-07,9869
3264,欣銓,30,14,16,元大-新盛,2024-03-07,9869
5443,均豪,17,1,16,元大-新盛,2024-03-07,9869
1605,華新,15,0,15,元大-新盛,2024-03-07,9869
2884,玉山金,1635,121,1514,元大-新盛,2024-03-08,9869
2405,輔信,367,50,317,元大-新盛,2024-03-08,9869
2303,聯電,611,361,250,元大-新盛,2024-03-08,9869
00937B,群益ESG投等債20,253,35,218,元大-新盛,2024-03-08,9869
00919,群益台灣精選高息,443,225,218,元大-新盛,2024-03-08,9869
2883,凱基金,192,34,158,元大-新盛,2024-03-08,9869
2365,昆盈,97,22,75,元大-新盛,2024-03-08,9869
2002,中鋼,83,9,74,元大-新盛,2024-03-08,9869
00632R,元大台灣50反1,375,315,60,元大-新盛,2024-03-08,9869
2344,華邦電,55,5,50,元大-新盛,2024-03-08,9869
1316,上曜,75,29,46,元大-新盛,2024-03-08,9869
9105,泰金寶-DR,56,10,46,元大-新盛,2024-03-08,9869
3372,典範,44,3,41,元大-新盛,2024-03-08,9869
2845,遠東銀,50,10,40,元大-新盛,2024-03-08,9869
3663,鑫科,40,0,40,元大-新盛,2024-03-08,9869
00637L,元大滬深300正2,56,18,38,元大-新盛,2024-03-08,9869
00687B,國泰20年美債,45,7,38,元大-新盛,2024-03-08,9869
2449,京元電子,84,48,36,元大-新盛,2024-03-08,9869
00878,國泰永續高股息,113,79,34,元大-新盛,2024-03-08,9869
1815,富喬,65,34,31,元大-新盛,2024-03-08,9869
2465,麗臺,30,0,30,元大-新盛,2024-03-08,9869
2387,精元,30,0,30,元大-新盛,2024-03-08,9869
6177,達麗,30,0,30,元大-新盛,2024-03-08,9869
00650L,復華香港正2,30,0,30,元大-新盛,2024-03-08,9869
00918,大華優利高填息30,55,27,28,元大-新盛,2024-03-08,9869
3207,耀勝,28,0,28,元大-新盛,2024-03-08,9869
2888,新光金,42,15,27,元大-新盛,2024-03-08,9869
6505,台塑化,31,5,26,元大-新盛,2024-03-08,9869
4714,永捷,26,0,26,元大-新盛,2024-03-08,9869
6613,朋億*,25,0,25,元大-新盛,2024-03-08,9869
3322,建舜電,25,0,25,元大-新盛,2024-03-08,9869
2383,台光電,28,4,24,元大-新盛,2024-03-08,9869
2316,楠梓電,26,2,24,元大-新盛,2024-03-08,9869
8942,森鉅,20,0,20,元大-新盛,2024-03-08,9869
00665L,富邦�琤肭磪囓�2,30,10,20,元大-新盛,2024-03-08,9869
2382,廣達,30,11,19,元大-新盛,2024-03-08,9869
00680L,元大美債20正2,19,0,19,元大-新盛,2024-03-08,9869
2317,鴻海,27,8,19,元大-新盛,2024-03-08,9869
2539,櫻花建,18,0,18,元大-新盛,2024-03-08,9869
6592,和潤企業,21,3,18,元大-新盛,2024-03-08,9869
00733,富邦臺灣中小,20,3,17,元大-新盛,2024-03-08,9869
2313,華通,97,80,17,元大-新盛,2024-03-08,9869
2441,超豐,22,6,16,元大-新盛,2024-03-08,9869
3645,達邁,16,0,16,元大-新盛,2024-03-08,9869
4533,協易機,16,0,16,元大-新盛,2024-03-08,9869
6284,佳邦,18,2,16,元大-新盛,2024-03-08,9869
3163,波若威,27,12,15,元大-新盛,2024-03-08,9869
2206,三陽工業,22,6,16,元大-新盛,2024-03-08,9869
6426,統新,19,4,15,元大-新盛,2024-03-08,9869
1905,華紙,15,0,15,元大-新盛,2024-03-08,9869
00937B,群益ESG投等債20,1513,1,1512,元大-新盛,2024-03-11,9869
2884,玉山金,1001,18,983,元大-新盛,2024-03-11,9869
00720B,元大投資級公司債,502,3,499,元大-新盛,2024-03-11,9869
00919,群益台灣精選高息,329,57,272,元大-新盛,2024-03-11,9869
2303,聯電,287,21,266,元大-新盛,2024-03-11,9869
00632R,元大台灣50反1,151,5,146,元大-新盛,2024-03-11,9869
00680L,元大美債20正2,223,85,138,元大-新盛,2024-03-11,9869
1314,中石化,102,0,102,元大-新盛,2024-03-11,9869
2618,長榮航,140,46,94,元大-新盛,2024-03-11,9869
2344,華邦電,112,22,90,元大-新盛,2024-03-11,9869
2915,潤泰全,81,0,81,元大-新盛,2024-03-11,9869
2610,華航,84,14,70,元大-新盛,2024-03-11,9869
2882,國泰金,103,40,63,元大-新盛,2024-03-11,9869
2387,精元,58,1,57,元大-新盛,2024-03-11,9869
4523,永彰,41,0,41,元大-新盛,2024-03-11,9869
00878,國泰永續高股息,51,11,40,元大-新盛,2024-03-11,9869
00712,復華富時不動產,39,0,39,元大-新盛,2024-03-11,9869
00933B,國泰10Y+金融債,55,23,32,元大-新盛,2024-03-11,9869
3715,定穎投控,30,1,29,元大-新盛,2024-03-11,9869
00679B,元大美債20年,30,2,28,元大-新盛,2024-03-11,9869
2367,燿華,73,46,27,元大-新盛,2024-03-11,9869
2352,佳世達,26,0,26,元大-新盛,2024-03-11,9869
2330,台積電,37,11,26,元大-新盛,2024-03-11,9869
6015,宏遠證,25,0,25,元大-新盛,2024-03-11,9869
4533,協易機,25,0,25,元大-新盛,2024-03-11,9869
6150,撼訊,38,13,25,元大-新盛,2024-03-11,9869
6156,松上,22,0,22,元大-新盛,2024-03-11,9869
2885,元大金,23,1,22,元大-新盛,2024-03-11,9869
8105,凌巨,28,7,21,元大-新盛,2024-03-11,9869
6770,力積電,26,6,20,元大-新盛,2024-03-11,9869
5347,世界,20,0,20,元大-新盛,2024-03-11,9869
3703,欣陸,20,0,20,元大-新盛,2024-03-11,9869
3264,欣銓,20,0,20,元大-新盛,2024-03-11,9869
6122,擎邦,20,0,20,元大-新盛,2024-03-11,9869
2331,精英,20,0,20,元大-新盛,2024-03-11,9869
3094,聯傑,20,0,20,元大-新盛,2024-03-11,9869
006208,富邦台50,19,0,19,元大-新盛,2024-03-11,9869
1108,幸福,19,0,19,元大-新盛,2024-03-11,9869
6275,元山,20,3,17,元大-新盛,2024-03-11,9869
6116,彩晶,16,0,16,元大-新盛,2024-03-11,9869
1101,台泥,21,6,15,元大-新盛,2024-03-11,9869
00642U,期元大S＆P石油,15,0,15,元大-新盛,2024-03-11,9869
00915,凱基優選高股息30,15,0,15,元大-新盛,2024-03-11,9869
6190,萬泰科,16,1,15,元大-新盛,2024-03-11,9869
6168,宏齊,13,0,13,元大-新盛,2024-03-11,9869
00706L,期元大S＆P日圓正2,15,3,12,元大-新盛,2024-03-11,9869
8034,榮群,13,1,12,元大-新盛,2024-03-11,9869
00918,大華優利高填息30,37,25,12,元大-新盛,2024-03-11,9869
00675L,富邦臺灣加權正2,12,0,12,元大-新盛,2024-03-11,9869
2337,旺宏,17,5,12,元大-新盛,2024-03-11,9869
2884,玉山金,901,63,838,元大-新盛,2024-03-12,9869
2409,友達,313,19,294,元大-新盛,2024-03-12,9869
00918,大華優利高填息30,135,12,123,元大-新盛,2024-03-12,9869
00929,復華台灣科技優息,139,42,97,元大-新盛,2024-03-12,9869
9105,泰金寶-DR,101,4,97,元大-新盛,2024-03-12,9869
8086,宏捷科,77,3,74,元大-新盛,2024-03-12,9869
0056,元大高股息,158,88,70,元大-新盛,2024-03-12,9869
2883,凱基金,99,38,61,元大-新盛,2024-03-12,9869
00885,富邦越南,81,22,59,元大-新盛,2024-03-12,9869
2367,燿華,118,61,57,元大-新盛,2024-03-12,9869
2017,官田鋼,50,0,50,元大-新盛,2024-03-12,9869
5258,虹堡,52,4,48,元大-新盛,2024-03-12,9869
00715L,期街口布蘭特正2,50,7,43,元大-新盛,2024-03-12,9869
00919,群益台灣精選高息,341,299,42,元大-新盛,2024-03-12,9869
6177,達麗,54,12,42,元大-新盛,2024-03-12,9869
2606,裕民,42,2,40,元大-新盛,2024-03-12,9869
6937,天虹,40,0,40,元大-新盛,2024-03-12,9869
3481,群創,47,8,39,元大-新盛,2024-03-12,9869
8096,擎亞,274,238,36,元大-新盛,2024-03-12,9869
2324,仁寶,62,28,34,元大-新盛,2024-03-12,9869
00712,復華富時不動產,33,0,33,元大-新盛,2024-03-12,9869
00687B,國泰20年美債,42,10,32,元大-新盛,2024-03-12,9869
4906,正文,37,6,31,元大-新盛,2024-03-12,9869
2801,彰銀,30,0,30,元大-新盛,2024-03-12,9869
1536,和大,30,0,30,元大-新盛,2024-03-12,9869
5386,青雲,47,17,30,元大-新盛,2024-03-12,9869
1514,亞力,55,26,29,元大-新盛,2024-03-12,9869
2027,大成鋼,27,0,27,元大-新盛,2024-03-12,9869
00688L,國泰20年美債正2,55,30,25,元大-新盛,2024-03-12,9869
4714,永捷,54,31,23,元大-新盛,2024-03-12,9869
6235,華孚,26,4,22,元大-新盛,2024-03-12,9869
00937B,群益ESG投等債20,65,43,22,元大-新盛,2024-03-12,9869
2329,華泰,24,3,21,元大-新盛,2024-03-12,9869
2845,遠東銀,20,0,20,元大-新盛,2024-03-12,9869
1444,力麗,20,0,20,元大-新盛,2024-03-12,9869
2338,光罩,22,2,20,元大-新盛,2024-03-12,9869
3016,嘉晶,44,25,19,元大-新盛,2024-03-12,9869
00679B,元大美債20年,24,5,19,元大-新盛,2024-03-12,9869
2371,大同,24,6,18,元大-新盛,2024-03-12,9869
9933,中鼎,18,0,18,元大-新盛,2024-03-12,9869
3432,台端,17,0,17,元大-新盛,2024-03-12,9869
2486,一詮,53,37,16,元大-新盛,2024-03-12,9869
2359,所羅門,26,11,15,元大-新盛,2024-03-12,9869
4912,聯德控股-KY,15,0,15,元大-新盛,2024-03-12,9869
00795B,中信美國公債20年,15,0,15,元大-新盛,2024-03-12,9869
0053,元大電子,15,1,14,元大-新盛,2024-03-12,9869
6613,朋億*,16,2,14,元大-新盛,2024-03-12,9869
2002,中鋼,24,11,13,元大-新盛,2024-03-12,9869
2344,華邦電,17,4,13,元大-新盛,2024-03-12,9869
2383,台光電,14,1,13,元大-新盛,2024-03-12,9869
2884,玉山金,701,11,690,元大-新盛,2024-03-13,9869
2344,華邦電,600,21,579,元大-新盛,2024-03-13,9869
00937B,群益ESG投等債20,565,161,404,元大-新盛,2024-03-13,9869
00720B,元大投資級公司債,214,5,209,元大-新盛,2024-03-13,9869
00918,大華優利高填息30,184,25,159,元大-新盛,2024-03-13,9869
00637L,元大滬深300正2,140,29,111,元大-新盛,2024-03-13,9869
6278,台表科,114,5,109,元大-新盛,2024-03-13,9869
00687B,國泰20年美債,110,2,108,元大-新盛,2024-03-13,9869
3231,緯創,119,19,100,元大-新盛,2024-03-13,9869
00632R,元大台灣50反1,81,16,65,元大-新盛,2024-03-13,9869
00715L,期街口布蘭特正2,60,0,60,元大-新盛,2024-03-13,9869
8926,台汽電,70,14,56,元大-新盛,2024-03-13,9869
9105,泰金寶-DR,54,2,52,元大-新盛,2024-03-13,9869
00680L,元大美債20正2,50,0,50,元大-新盛,2024-03-13,9869
3372,典範,50,0,50,元大-新盛,2024-03-13,9869
2855,統一證,50,1,49,元大-新盛,2024-03-13,9869
00919,群益台灣精選高息,215,167,48,元大-新盛,2024-03-13,9869
1612,宏泰,50,5,45,元大-新盛,2024-03-13,9869
2809,京城銀,45,0,45,元大-新盛,2024-03-13,9869
6443,元晶,44,0,44,元大-新盛,2024-03-13,9869
2408,南亞科,43,0,43,元大-新盛,2024-03-13,9869
2352,佳世達,42,0,42,元大-新盛,2024-03-13,9869
6274,台燿,44,7,37,元大-新盛,2024-03-13,9869
2443,昶虹,35,0,35,元大-新盛,2024-03-13,9869
3617,碩天,41,6,35,元大-新盛,2024-03-13,9869
2883B,凱基金乙特,33,0,33,元大-新盛,2024-03-13,9869
3715,定穎投控,35,2,33,元大-新盛,2024-03-13,9869
5498,凱崴,38,5,33,元大-新盛,2024-03-13,9869
3013,晟銘電,33,0,33,元大-新盛,2024-03-13,9869
00679B,元大美債20年,43,11,32,元大-新盛,2024-03-13,9869
00929,復華台灣科技優息,62,30,32,元大-新盛,2024-03-13,9869
8011,台通,44,13,31,元大-新盛,2024-03-13,9869
00915,凱基優選高股息30,37,6,31,元大-新盛,2024-03-13,9869
1608,華榮,81,51,30,元大-新盛,2024-03-13,9869
8210,勤誠,38,9,29,元大-新盛,2024-03-13,9869
3691,碩禾,27,0,27,元大-新盛,2024-03-13,9869
3071,協禧,31,4,27,元大-新盛,2024-03-13,9869
1305,華夏,25,0,25,元大-新盛,2024-03-13,9869
00933B,國泰10Y+金融債,23,0,23,元大-新盛,2024-03-13,9869
8112A,至上甲特,23,0,23,元大-新盛,2024-03-13,9869
2337,旺宏,23,1,22,元大-新盛,2024-03-13,9869
8064,東捷,24,2,22,元大-新盛,2024-03-13,9869
1514,亞力,60,38,22,元大-新盛,2024-03-13,9869
5234,達興材料,22,0,22,元大-新盛,2024-03-13,9869
1802,台玻,21,0,21,元大-新盛,2024-03-13,9869
2301,光寶科,25,5,20,元大-新盛,2024-03-13,9869
5534,長虹,20,0,20,元大-新盛,2024-03-13,9869
2109,華豐,20,0,20,元大-新盛,2024-03-13,9869
6016,康和證,28,8,20,元大-新盛,2024-03-13,9869
3294,英濟,20,0,20,元大-新盛,2024-03-13,9869
2884,玉山金,706,11,695,元大-新盛,2024-03-14,9869
2883,凱基金,410,61,349,元大-新盛,2024-03-14,9869
00919,群益台灣精選高息,570,329,241,元大-新盛,2024-03-14,9869
00679B,元大美債20年,101,0,101,元大-新盛,2024-03-14,9869
2801,彰銀,100,0,100,元大-新盛,2024-03-14,9869
2354,鴻準,108,21,87,元大-新盛,2024-03-14,9869
2855,統一證,82,0,82,元大-新盛,2024-03-14,9869
6139,亞翔,78,7,71,元大-新盛,2024-03-14,9869
9105,泰金寶-DR,68,5,63,元大-新盛,2024-03-14,9869
00687B,國泰20年美債,53,0,53,元大-新盛,2024-03-14,9869
00688L,國泰20年美債正2,62,10,52,元大-新盛,2024-03-14,9869
6217,中探針,54,4,50,元大-新盛,2024-03-14,9869
3322,建舜電,50,2,48,元大-新盛,2024-03-14,9869
1529,樂事綠能,49,3,46,元大-新盛,2024-03-14,9869
00857B,永豐20年美公債,45,0,45,元大-新盛,2024-03-14,9869
2308,台達電,51,7,44,元大-新盛,2024-03-14,9869
2618,長榮航,158,119,39,元大-新盛,2024-03-14,9869
2313,華通,35,1,34,元大-新盛,2024-03-14,9869
00937B,群益ESG投等債20,56,23,33,元大-新盛,2024-03-14,9869
2882,國泰金,103,71,32,元大-新盛,2024-03-14,9869
6122,擎邦,61,30,31,元大-新盛,2024-03-14,9869
00722B,群益投資級電信債,31,0,31,元大-新盛,2024-03-14,9869
1303,南亞,30,3,27,元大-新盛,2024-03-14,9869
00915,凱基優選高股息30,30,5,25,元大-新盛,2024-03-14,9869
1316,上曜,35,10,25,元大-新盛,2024-03-14,9869
6163,華電網,25,0,25,元大-新盛,2024-03-14,9869
6219,富旺,25,0,25,元大-新盛,2024-03-14,9869
1582,信錦,23,0,23,元大-新盛,2024-03-14,9869
2204,中華,21,0,21,元大-新盛,2024-03-14,9869
1809,中釉,20,0,20,元大-新盛,2024-03-14,9869
00933B,國泰10Y+金融債,16,0,16,元大-新盛,2024-03-14,9869
4714,永捷,16,0,16,元大-新盛,2024-03-14,9869
2885,元大金,34,19,15,元大-新盛,2024-03-14,9869
3706,神達,25,10,15,元大-新盛,2024-03-14,9869
5876,上海商銀,14,0,14,元大-新盛,2024-03-14,9869
4977,眾達-KY,15,1,14,元大-新盛,2024-03-14,9869
1456,怡華,14,0,14,元大-新盛,2024-03-14,9869
4137,麗豐-KY,13,0,13,元大-新盛,2024-03-14,9869
2382,廣達,17,5,12,元大-新盛,2024-03-14,9869
6414,樺漢,12,0,12,元大-新盛,2024-03-14,9869
3005,神基,15,3,12,元大-新盛,2024-03-14,9869
1734,杏輝,12,0,12,元大-新盛,2024-03-14,9869
3105,穩懋,12,0,12,元大-新盛,2024-03-14,9869
5525,順天,12,0,12,元大-新盛,2024-03-14,9869
3617,碩天,21,10,11,元大-新盛,2024-03-14,9869
3289,宜特,11,0,11,元大-新盛,2024-03-14,9869
8936,國統,14,3,11,元大-新盛,2024-03-14,9869
3017,奇鋐,15,5,10,元大-新盛,2024-03-14,9869
1513,中興電,67,56,11,元大-新盛,2024-03-14,9869
2609,陽明,13,3,10,元大-新盛,2024-03-14,9869
2884,玉山金,937,12,925,元大-新盛,2024-03-15,9869
4306,炎洲,401,1,400,元大-新盛,2024-03-15,9869
00919,群益台灣精選高息,465,177,288,元大-新盛,2024-03-15,9869
2303,聯電,310,144,166,元大-新盛,2024-03-15,9869
2603,長榮,157,45,112,元大-新盛,2024-03-15,9869
00941,中信上游半導體,125,24,101,元大-新盛,2024-03-15,9869
00929,復華台灣科技優息,160,68,92,元大-新盛,2024-03-15,9869
2618,長榮航,98,18,80,元大-新盛,2024-03-15,9869
00680L,元大美債20正2,76,0,76,元大-新盛,2024-03-15,9869
2834,臺企銀,118,45,73,元大-新盛,2024-03-15,9869
00687B,國泰20年美債,75,3,72,元大-新盛,2024-03-15,9869
00937B,群益ESG投等債20,89,26,63,元大-新盛,2024-03-15,9869
1809,中釉,54,1,53,元大-新盛,2024-03-15,9869
2409,友達,60,8,52,元大-新盛,2024-03-15,9869
00679B,元大美債20年,54,6,48,元大-新盛,2024-03-15,9869
00712,復華富時不動產,66,25,41,元大-新盛,2024-03-15,9869
3617,碩天,40,0,40,元大-新盛,2024-03-15,9869
00885,富邦越南,36,0,36,元大-新盛,2024-03-15,9869
00933B,國泰10Y+金融債,33,0,33,元大-新盛,2024-03-15,9869
2421,建準,48,15,33,元大-新盛,2024-03-15,9869
00751B,元大AAA至A公司債,36,3,33,元大-新盛,2024-03-15,9869
1609,大亞,98,66,32,元大-新盛,2024-03-15,9869
00915,凱基優選高股息30,42,11,31,元大-新盛,2024-03-15,9869
3380,明泰,38,7,31,元大-新盛,2024-03-15,9869
5258,虹堡,30,0,30,元大-新盛,2024-03-15,9869
2356,英業達,57,27,30,元大-新盛,2024-03-15,9869
2610,華航,27,0,27,元大-新盛,2024-03-15,9869
2330,台積電,31,4,27,元大-新盛,2024-03-15,9869
2645,長榮航太,31,5,26,元大-新盛,2024-03-15,9869
00922,國泰台灣領袖50,25,0,25,元大-新盛,2024-03-15,9869
6185,幃翔,25,0,25,元大-新盛,2024-03-15,9869
6770,力積電,24,2,22,元大-新盛,2024-03-15,9869
8933,愛地雅,22,0,22,元大-新盛,2024-03-15,9869
1802,台玻,22,1,21,元大-新盛,2024-03-15,9869
2377,微星,28,7,21,元大-新盛,2024-03-15,9869
2025,千興,21,0,21,元大-新盛,2024-03-15,9869
00857B,永豐20年美公債,20,0,20,元大-新盛,2024-03-15,9869
6168,宏齊,21,1,20,元大-新盛,2024-03-15,9869
00753L,中信中國50正2,20,0,20,元大-新盛,2024-03-15,9869
1905,華紙,20,1,19,元大-新盛,2024-03-15,9869
4714,永捷,78,59,19,元大-新盛,2024-03-15,9869
9945,潤泰新,23,4,19,元大-新盛,2024-03-15,9869
00637L,元大滬深300正2,27,9,18,元大-新盛,2024-03-15,9869
2367,燿華,21,3,18,元大-新盛,2024-03-15,9869
2836,高雄銀,18,0,18,元大-新盛,2024-03-15,9869
1303,南亞,18,0,18,元大-新盛,2024-03-15,9869
1513,中興電,35,18,17,元大-新盛,2024-03-15,9869
2313,華通,38,21,17,元大-新盛,2024-03-15,9869
2801,彰銀,17,0,17,元大-新盛,2024-03-15,9869
1616,億泰,25,8,17,元大-新盛,2024-03-15,9869
2884,玉山金,2477,4,2473,元大-新盛,2024-03-18,9869
2883,凱基金,259,17,242,元大-新盛,2024-03-18,9869
4306,炎洲,220,53,167,元大-新盛,2024-03-18,9869
0056,元大高股息,245,95,150,元大-新盛,2024-03-18,9869
00937B,群益ESG投等債20,85,0,85,元大-新盛,2024-03-18,9869
2834,臺企銀,84,5,79,元大-新盛,2024-03-18,9869
2355,敬鵬,78,0,78,元大-新盛,2024-03-18,9869
8011,台通,66,5,61,元大-新盛,2024-03-18,9869
00679B,元大美債20年,60,0,60,元大-新盛,2024-03-18,9869
00687B,國泰20年美債,59,0,59,元大-新盛,2024-03-18,9869
2530,華建,55,0,55,元大-新盛,2024-03-18,9869
2352,佳世達,54,1,53,元大-新盛,2024-03-18,9869
00857B,永豐20年美公債,39,0,39,元大-新盛,2024-03-18,9869
00706L,期元大S＆P日圓正2,35,0,35,元大-新盛,2024-03-18,9869
00751B,元大AAA至A公司債,36,2,34,元大-新盛,2024-03-18,9869
2882,國泰金,39,6,33,元大-新盛,2024-03-18,9869
00673R,期元大S＆P原油反1,32,0,32,元大-新盛,2024-03-18,9869
6278,台表科,32,1,31,元大-新盛,2024-03-18,9869
2408,南亞科,32,2,30,元大-新盛,2024-03-18,9869
2885,元大金,30,2,28,元大-新盛,2024-03-18,9869
2354,鴻準,38,11,27,元大-新盛,2024-03-18,9869
1101,台泥,31,4,27,元大-新盛,2024-03-18,9869
9945,潤泰新,31,4,27,元大-新盛,2024-03-18,9869
00772B,中信高評級公司債,26,0,26,元大-新盛,2024-03-18,9869
2603,長榮,47,21,26,元大-新盛,2024-03-18,9869
00918,大華優利高填息30,27,2,25,元大-新盛,2024-03-18,9869
2323,中環,26,1,25,元大-新盛,2024-03-18,9869
6505,台塑化,24,0,24,元大-新盛,2024-03-18,9869
2303,聯電,96,73,23,元大-新盛,2024-03-18,9869
1514,亞力,33,11,22,元大-新盛,2024-03-18,9869
1616,億泰,28,6,22,元大-新盛,2024-03-18,9869
8426,紅木-KY,23,2,21,元大-新盛,2024-03-18,9869
00712,復華富時不動產,19,0,19,元大-新盛,2024-03-18,9869
5258,虹堡,20,1,19,元大-新盛,2024-03-18,9869
2353,宏��,26,8,18,元大-新盛,2024-03-18,9869
00933B,國泰10Y+金融債,17,0,17,元大-新盛,2024-03-18,9869
2409,友達,23,6,17,元大-新盛,2024-03-18,9869
6235,華孚,20,4,16,元大-新盛,2024-03-18,9869
6016,康和證,16,0,16,元大-新盛,2024-03-18,9869
2108,南帝,15,0,15,元大-新盛,2024-03-18,9869
2337,旺宏,16,2,14,元大-新盛,2024-03-18,9869
8112,至上,23,10,13,元大-新盛,2024-03-18,9869
2002,中鋼,17,4,13,元大-新盛,2024-03-18,9869
6411,晶焱,15,2,13,元大-新盛,2024-03-18,9869
1734,杏輝,13,0,13,元大-新盛,2024-03-18,9869
1504,東元,121,109,12,元大-新盛,2024-03-18,9869
2104,國際中橡,12,0,12,元大-新盛,2024-03-18,9869
6414,樺漢,13,1,12,元大-新盛,2024-03-18,9869
2329,華泰,92,80,12,元大-新盛,2024-03-18,9869
2376,技嘉,20,9,11,元大-新盛,2024-03-18,9869
2884,玉山金,657,3,654,元大-新盛,2024-03-19,9869
00687B,國泰20年美債,290,1,289,元大-新盛,2024-03-19,9869
00919,群益台灣精選高息,269,73,196,元大-新盛,2024-03-19,9869
4306,炎洲,180,4,176,元大-新盛,2024-03-19,9869
1455,集盛,205,30,175,元大-新盛,2024-03-19,9869
00688L,國泰20年美債正2,104,1,103,元大-新盛,2024-03-19,9869
2344,華邦電,107,5,102,元大-新盛,2024-03-19,9869
00937B,群益ESG投等債20,118,25,93,元大-新盛,2024-03-19,9869
6411,晶焱,67,0,67,元大-新盛,2024-03-19,9869
2367,燿華,128,78,50,元大-新盛,2024-03-19,9869
00679B,元大美債20年,49,1,48,元大-新盛,2024-03-19,9869
2387,精元,50,4,46,元大-新盛,2024-03-19,9869
2359,所羅門,48,5,43,元大-新盛,2024-03-19,9869
6005,群益證,45,2,43,元大-新盛,2024-03-19,9869
2371,大同,45,3,42,元大-新盛,2024-03-19,9869
9945,潤泰新,43,3,40,元大-新盛,2024-03-19,9869
00857B,永豐20年美公債,40,0,40,元大-新盛,2024-03-19,9869
2365,昆盈,40,0,40,元大-新盛,2024-03-19,9869
2883B,凱基金乙特,40,0,40,元大-新盛,2024-03-19,9869
1513,中興電,105,70,35,元大-新盛,2024-03-19,9869
1101,台泥,46,13,33,元大-新盛,2024-03-19,9869
2834,臺企銀,33,0,33,元大-新盛,2024-03-19,9869
00918,大華優利高填息30,34,2,32,元大-新盛,2024-03-19,9869
2323,中環,33,1,32,元大-新盛,2024-03-19,9869
00941,中信上游半導體,30,0,30,元大-新盛,2024-03-19,9869
1809,中釉,30,0,30,元大-新盛,2024-03-19,9869
00712,復華富時不動產,28,0,28,元大-新盛,2024-03-19,9869
00680L,元大美債20正2,28,0,28,元大-新盛,2024-03-19,9869
2809,京城銀,38,13,25,元大-新盛,2024-03-19,9869
3036,文曄,27,2,25,元大-新盛,2024-03-19,9869
2618,長榮航,32,8,24,元大-新盛,2024-03-19,9869
2329,華泰,47,25,22,元大-新盛,2024-03-19,9869
1711,永光,21,0,21,元大-新盛,2024-03-19,9869
2313,華通,24,4,20,元大-新盛,2024-03-19,9869
00753L,中信中國50正2,28,8,20,元大-新盛,2024-03-19,9869
2515,中工,23,4,19,元大-新盛,2024-03-19,9869
1517,利奇,19,0,19,元大-新盛,2024-03-19,9869
8089,康全電訊,25,7,18,元大-新盛,2024-03-19,9869
00772B,中信高評級公司債,18,0,18,元大-新盛,2024-03-19,9869
2353,宏��,20,3,17,元大-新盛,2024-03-19,9869
2888,新光金,18,1,17,元大-新盛,2024-03-19,9869
00720B,元大投資級公司債,23,7,16,元大-新盛,2024-03-19,9869
2368,金像電,17,1,16,元大-新盛,2024-03-19,9869
2317,鴻海,127,111,16,元大-新盛,2024-03-19,9869
2385,群光,16,1,15,元大-新盛,2024-03-19,9869
5521,工信,15,0,15,元大-新盛,2024-03-19,9869
3322,建舜電,15,0,15,元大-新盛,2024-03-19,9869
6198,瑞築,15,0,15,元大-新盛,2024-03-19,9869
6788,華景電,15,0,15,元大-新盛,2024-03-19,9869
2101,南港,15,1,14,元大-新盛,2024-03-19,9869
2884,玉山金,2403,13,2390,元大-新盛,2024-03-20,9869
3706,神達,2371,132,2239,元大-新盛,2024-03-20,9869
00939,統一台灣高息動能,976,25,951,元大-新盛,2024-03-20,9869
2367,燿華,232,46,186,元大-新盛,2024-03-20,9869
2317,鴻海,250,96,154,元大-新盛,2024-03-20,9869
00937B,群益ESG投等債20,153,1,152,元大-新盛,2024-03-20,9869
00900,富邦特選高股息30,161,23,138,元大-新盛,2024-03-20,9869
4306,炎洲,130,3,127,元大-新盛,2024-03-20,9869
2883,凱基金,163,42,121,元大-新盛,2024-03-20,9869
00919,群益台灣精選高息,400,295,105,元大-新盛,2024-03-20,9869
2618,長榮航,126,30,96,元大-新盛,2024-03-20,9869
3005,神基,139,54,85,元大-新盛,2024-03-20,9869
2409,友達,105,24,81,元大-新盛,2024-03-20,9869
2313,華通,80,5,75,元大-新盛,2024-03-20,9869
6278,台表科,70,2,68,元大-新盛,2024-03-20,9869
5443,均豪,81,15,66,元大-新盛,2024-03-20,9869
2530,華建,60,0,60,元大-新盛,2024-03-20,9869
6147,頎邦,61,6,55,元大-新盛,2024-03-20,9869
00673R,期元大S＆P原油反1,52,0,52,元大-新盛,2024-03-20,9869
4938,和碩,87,35,52,元大-新盛,2024-03-20,9869
2885,元大金,61,9,52,元大-新盛,2024-03-20,9869
2382,廣達,57,11,46,元大-新盛,2024-03-20,9869
2836,高雄銀,47,2,45,元大-新盛,2024-03-20,9869
2915,潤泰全,44,0,44,元大-新盛,2024-03-20,9869
00857B,永豐20年美公債,42,0,42,元大-新盛,2024-03-20,9869
3036,文曄,43,2,41,元大-新盛,2024-03-20,9869
2356,英業達,69,28,41,元大-新盛,2024-03-20,9869
2801,彰銀,41,0,41,元大-新盛,2024-03-20,9869
00706L,期元大S＆P日圓正2,46,5,41,元大-新盛,2024-03-20,9869
6005,群益證,42,2,40,元大-新盛,2024-03-20,9869
00915,凱基優選高股息30,40,1,39,元大-新盛,2024-03-20,9869
2362,藍天,39,1,38,元大-新盛,2024-03-20,9869
2303,聯電,129,93,36,元大-新盛,2024-03-20,9869
2352,佳世達,107,73,34,元大-新盛,2024-03-20,9869
9945,潤泰新,31,0,31,元大-新盛,2024-03-20,9869
9907,統一實,32,2,30,元大-新盛,2024-03-20,9869
5498,凱崴,31,2,29,元大-新盛,2024-03-20,9869
2371,大同,47,18,29,元大-新盛,2024-03-20,9869
2492,華新科,26,0,26,元大-新盛,2024-03-20,9869
00753L,中信中國50正2,27,2,25,元大-新盛,2024-03-20,9869
3663,鑫科,30,5,25,元大-新盛,2024-03-20,9869
00632R,元大台灣50反1,31,6,25,元大-新盛,2024-03-20,9869
2374,佳能,31,7,24,元大-新盛,2024-03-20,9869
00665L,富邦�琤肭磪囓�2,34,10,24,元大-新盛,2024-03-20,9869
00927,群益半導體收益,23,0,23,元大-新盛,2024-03-20,9869
6770,力積電,27,4,23,元大-新盛,2024-03-20,9869
1108,幸福,22,0,22,元大-新盛,2024-03-20,9869
00679B,元大美債20年,20,0,20,元大-新盛,2024-03-20,9869
1102,亞泥,20,0,20,元大-新盛,2024-03-20,9869
6227,茂綸,26,6,20,元大-新盛,2024-03-20,9869
2884,玉山金,2001,3,1998,元大-新盛,2024-03-21,9869
2317,鴻海,401,106,295,元大-新盛,2024-03-21,9869
00937B,群益ESG投等債20,175,2,173,元大-新盛,2024-03-21,9869
2603,長榮,155,16,139,元大-新盛,2024-03-21,9869
4306,炎洲,120,7,113,元大-新盛,2024-03-21,9869
6278,台表科,104,0,104,元大-新盛,2024-03-21,9869
3036,文曄,101,2,99,元大-新盛,2024-03-21,9869
00679B,元大美債20年,97,0,97,元大-新盛,2024-03-21,9869
2367,燿華,145,57,88,元大-新盛,2024-03-21,9869
3041,揚智,93,20,73,元大-新盛,2024-03-21,9869
1587,吉茂,72,0,72,元大-新盛,2024-03-21,9869
00687B,國泰20年美債,61,0,61,元大-新盛,2024-03-21,9869
00772B,中信高評級公司債,61,1,60,元大-新盛,2024-03-21,9869
00919,群益台灣精選高息,136,82,54,元大-新盛,2024-03-21,9869
00715L,期街口布蘭特正2,51,0,51,元大-新盛,2024-03-21,9869
2303,聯電,73,22,51,元大-新盛,2024-03-21,9869
00720B,元大投資級公司債,50,0,50,元大-新盛,2024-03-21,9869
3322,建舜電,51,4,47,元大-新盛,2024-03-21,9869
6261,久元,36,0,36,元大-新盛,2024-03-21,9869
1513,中興電,96,61,35,元大-新盛,2024-03-21,9869
00680L,元大美債20正2,33,3,30,元大-新盛,2024-03-21,9869
00637L,元大滬深300正2,41,11,30,元大-新盛,2024-03-21,9869
00751B,元大AAA至A公司債,49,20,29,元大-新盛,2024-03-21,9869
00933B,國泰10Y+金融債,30,6,24,元大-新盛,2024-03-21,9869
6191,精成科,37,13,24,元大-新盛,2024-03-21,9869
2405,輔信,38,15,23,元大-新盛,2024-03-21,9869
2887,台新金,40,18,22,元大-新盛,2024-03-21,9869
00857B,永豐20年美公債,21,0,21,元大-新盛,2024-03-21,9869
00688L,國泰20年美債正2,21,0,21,元大-新盛,2024-03-21,9869
2891,中信金,39,19,20,元大-新盛,2024-03-21,9869
1762,中化生,19,0,19,元大-新盛,2024-03-21,9869
00633L,富邦上証正2,18,0,18,元大-新盛,2024-03-21,9869
2545,皇翔,17,0,17,元大-新盛,2024-03-21,9869
2359,所羅門,18,1,17,元大-新盛,2024-03-21,9869
2382,廣達,64,48,16,元大-新盛,2024-03-21,9869
4958,臻鼎-KY,16,1,15,元大-新盛,2024-03-21,9869
2530,華建,15,0,15,元大-新盛,2024-03-21,9869
3033,威健,19,5,14,元大-新盛,2024-03-21,9869
6863,永道-KY,13,0,13,元大-新盛,2024-03-21,9869
3147,大綜,15,2,13,元大-新盛,2024-03-21,9869
1514,亞力,51,38,13,元大-新盛,2024-03-21,9869
2406,國碩,12,0,12,元大-新盛,2024-03-21,9869
6477,安集,11,1,10,元大-新盛,2024-03-21,9869
2881,富邦金,13,3,10,元大-新盛,2024-03-21,9869
6266,泰詠,10,0,10,元大-新盛,2024-03-21,9869
4526,東台,10,0,10,元大-新盛,2024-03-21,9869
5521,工信,10,0,10,元大-新盛,2024-03-21,9869
6411,晶焱,11,1,10,元大-新盛,2024-03-21,9869
6492,生華科,11,1,10,元大-新盛,2024-03-21,9869
5483,中美晶,17,8,9,元大-新盛,2024-03-21,9869
00665L,富邦�琤肭磪囓�2,756,14,742,元大-新盛,2024-03-22,9869
2353,宏��,692,43,649,元大-新盛,2024-03-22,9869
2884,玉山金,637,54,583,元大-新盛,2024-03-22,9869
00720B,元大投資級公司債,303,0,303,元大-新盛,2024-03-22,9869
00637L,元大滬深300正2,375,210,165,元大-新盛,2024-03-22,9869
2883,凱基金,159,2,157,元大-新盛,2024-03-22,9869
00939,統一台灣高息動能,159,50,109,元大-新盛,2024-03-22,9869
00919,群益台灣精選高息,222,120,102,元大-新盛,2024-03-22,9869
2885,元大金,107,7,100,元大-新盛,2024-03-22,9869
4306,炎洲,100,2,98,元大-新盛,2024-03-22,9869
00632R,元大台灣50反1,198,103,95,元大-新盛,2024-03-22,9869
9105,泰金寶-DR,81,0,81,元大-新盛,2024-03-22,9869
1504,東元,116,37,79,元大-新盛,2024-03-22,9869
00933B,國泰10Y+金融債,80,1,79,元大-新盛,2024-03-22,9869
2354,鴻準,104,25,79,元大-新盛,2024-03-22,9869
00937B,群益ESG投等債20,84,9,75,元大-新盛,2024-03-22,9869
2834,臺企銀,82,10,72,元大-新盛,2024-03-22,9869
00679B,元大美債20年,75,3,72,元大-新盛,2024-03-22,9869
2365,昆盈,71,0,71,元大-新盛,2024-03-22,9869
00712,復華富時不動產,72,3,69,元大-新盛,2024-03-22,9869
2344,華邦電,83,15,68,元大-新盛,2024-03-22,9869
00680L,元大美債20正2,60,0,60,元大-新盛,2024-03-22,9869
1605,華新,64,15,49,元大-新盛,2024-03-22,9869
00941,中信上游半導體,63,23,40,元大-新盛,2024-03-22,9869
9907,統一實,40,0,40,元大-新盛,2024-03-22,9869
00753L,中信中國50正2,40,0,40,元大-新盛,2024-03-22,9869
2603,長榮,60,28,32,元大-新盛,2024-03-22,9869
8112,至上,41,10,31,元大-新盛,2024-03-22,9869
00915,凱基優選高股息30,30,1,29,元大-新盛,2024-03-22,9869
2465,麗臺,28,0,28,元大-新盛,2024-03-22,9869
3702,大聯大,27,0,27,元大-新盛,2024-03-22,9869
2006,東和鋼鐵,27,1,26,元大-新盛,2024-03-22,9869
2451,創見,28,2,26,元大-新盛,2024-03-22,9869
1587,吉茂,25,0,25,元大-新盛,2024-03-22,9869
2301,光寶科,96,73,23,元大-新盛,2024-03-22,9869
4938,和碩,36,13,23,元大-新盛,2024-03-22,9869
2812,台中銀,20,0,20,元大-新盛,2024-03-22,9869
2889,國票金,22,2,20,元大-新盛,2024-03-22,9869
2897,王道銀行,20,0,20,元大-新盛,2024-03-22,9869
2371,大同,22,3,19,元大-新盛,2024-03-22,9869
2357,華碩,18,0,18,元大-新盛,2024-03-22,9869
1503,士電,55,38,17,元大-新盛,2024-03-22,9869
1409,新纖,16,0,16,元大-新盛,2024-03-22,9869
1101,台泥,17,2,15,元大-新盛,2024-03-22,9869
00857B,永豐20年美公債,15,0,15,元大-新盛,2024-03-22,9869
3264,欣銓,16,1,15,元大-新盛,2024-03-22,9869
6753,龍德造船,17,3,14,元大-新盛,2024-03-22,9869
6443,元晶,49,35,14,元大-新盛,2024-03-22,9869
2891,中信金,46,32,14,元大-新盛,2024-03-22,9869
5469,瀚宇博,21,8,13,元大-新盛,2024-03-22,9869
2884,玉山金,404,0,404,元大-新盛,2024-03-25,9869
2371,大同,341,44,297,元大-新盛,2024-03-25,9869
00941,中信上游半導體,317,44,273,元大-新盛,2024-03-25,9869
2317,鴻海,249,50,199,元大-新盛,2024-03-25,9869
6414,樺漢,164,1,163,元大-新盛,2024-03-25,9869
1616,億泰,162,6,156,元大-新盛,2024-03-25,9869
00900,富邦特選高股息30,150,5,145,元大-新盛,2024-03-25,9869
4306,炎洲,140,8,132,元大-新盛,2024-03-25,9869
9941,裕融,141,10,131,元大-新盛,2024-03-25,9869
1455,集盛,132,2,130,元大-新盛,2024-03-25,9869
2887,台新金,119,3,116,元大-新盛,2024-03-25,9869
00937B,群益ESG投等債20,108,5,103,元大-新盛,2024-03-25,9869
3339,泰谷,101,0,101,元大-新盛,2024-03-25,9869
2353,宏��,94,12,82,元大-新盛,2024-03-25,9869
5469,瀚宇博,74,7,67,元大-新盛,2024-03-25,9869
6271,同欣電,66,0,66,元大-新盛,2024-03-25,9869
2303,聯電,227,166,61,元大-新盛,2024-03-25,9869
6179,亞通,63,8,55,元大-新盛,2024-03-25,9869
00939,統一台灣高息動能,63,15,48,元大-新盛,2024-03-25,9869
2356,英業達,196,148,48,元大-新盛,2024-03-25,9869
6806,森崴能源,64,19,45,元大-新盛,2024-03-25,9869
4746,台耀,46,1,45,元大-新盛,2024-03-25,9869
3481,群創,48,6,42,元大-新盛,2024-03-25,9869
5529,鉅陞,42,0,42,元大-新盛,2024-03-25,9869
00919,群益台灣精選高息,196,155,41,元大-新盛,2024-03-25,9869
2401,凌陽,41,0,41,元大-新盛,2024-03-25,9869
5443,均豪,43,11,32,元大-新盛,2024-03-25,9869
2409,友達,44,13,31,元大-新盛,2024-03-25,9869
6202,盛群,31,0,31,元大-新盛,2024-03-25,9869
9907,統一實,30,0,30,元大-新盛,2024-03-25,9869
3231,緯創,41,12,29,元大-新盛,2024-03-25,9869
00753L,中信中國50正2,30,3,27,元大-新盛,2024-03-25,9869
2014,中鴻,23,0,23,元大-新盛,2024-03-25,9869
2883B,凱基金乙特,21,0,21,元大-新盛,2024-03-25,9869
1609,大亞,202,181,21,元大-新盛,2024-03-25,9869
1806,冠軍,20,0,20,元大-新盛,2024-03-25,9869
2101,南港,20,0,20,元大-新盛,2024-03-25,9869
5498,凱崴,22,2,20,元大-新盛,2024-03-25,9869
1504,東元,36,17,19,元大-新盛,2024-03-25,9869
00687B,國泰20年美債,23,5,18,元大-新盛,2024-03-25,9869
1584,精剛,17,0,17,元大-新盛,2024-03-25,9869
6443,元晶,19,2,17,元大-新盛,2024-03-25,9869
6753,龍德造船,19,3,16,元大-新盛,2024-03-25,9869
00661,元大日經225,16,0,16,元大-新盛,2024-03-25,9869
3704,合勤控,14,0,14,元大-新盛,2024-03-25,9869
4938,和碩,17,3,14,元大-新盛,2024-03-25,9869
3576,聯合再生,14,0,14,元大-新盛,2024-03-25,9869
5009,榮剛,17,3,14,元大-新盛,2024-03-25,9869
00924,復華S＆P500成長,14,0,14,元大-新盛,2024-03-25,9869
2528,皇普,19,5,14,元大-新盛,2024-03-25,9869
2303,聯電,194,37,157,元大-新盛,2024-03-26,9869
2371,大同,318,165,153,元大-新盛,2024-03-26,9869
00939,統一台灣高息動能,157,4,153,元大-新盛,2024-03-26,9869
00937B,群益ESG投等債20,161,14,147,元大-新盛,2024-03-26,9869
2352,佳世達,149,4,145,元大-新盛,2024-03-26,9869
4306,炎洲,160,23,137,元大-新盛,2024-03-26,9869
00919,群益台灣精選高息,317,193,124,元大-新盛,2024-03-26,9869
2344,華邦電,140,23,117,元大-新盛,2024-03-26,9869
2409,友達,127,18,109,元大-新盛,2024-03-26,9869
3260,威剛,111,2,109,元大-新盛,2024-03-26,9869
3339,泰谷,101,0,101,元大-新盛,2024-03-26,9869
5880,合庫金,100,0,100,元大-新盛,2024-03-26,9869
2353,宏��,96,7,89,元大-新盛,2024-03-26,9869
2883,凱基金,100,14,86,元大-新盛,2024-03-26,9869
00929,復華台灣科技優息,259,181,78,元大-新盛,2024-03-26,9869
2618,長榮航,82,4,78,元大-新盛,2024-03-26,9869
2890,永豐金,83,22,61,元大-新盛,2024-03-26,9869
2897,王道銀行,53,0,53,元大-新盛,2024-03-26,9869
5469,瀚宇博,50,0,50,元大-新盛,2024-03-26,9869
1504,東元,77,30,47,元大-新盛,2024-03-26,9869
2603,長榮,67,22,45,元大-新盛,2024-03-26,9869
6770,力積電,44,0,44,元大-新盛,2024-03-26,9869
2356,英業達,129,86,43,元大-新盛,2024-03-26,9869
1108,幸福,40,0,40,元大-新盛,2024-03-26,9869
2883B,凱基金乙特,85,51,34,元大-新盛,2024-03-26,9869
6125,廣運,56,22,34,元大-新盛,2024-03-26,9869
2888,新光金,43,10,33,元大-新盛,2024-03-26,9869
3231,緯創,68,35,33,元大-新盛,2024-03-26,9869
00679B,元大美債20年,33,0,33,元大-新盛,2024-03-26,9869
00918,大華優利高填息30,37,4,33,元大-新盛,2024-03-26,9869
6139,亞翔,35,4,31,元大-新盛,2024-03-26,9869
6278,台表科,38,7,31,元大-新盛,2024-03-26,9869
2329,華泰,35,6,29,元大-新盛,2024-03-26,9869
3083,網龍,33,4,29,元大-新盛,2024-03-26,9869
3059,華晶科,40,12,28,元大-新盛,2024-03-26,9869
3545,敦泰,26,2,24,元大-新盛,2024-03-26,9869
3481,群創,32,8,24,元大-新盛,2024-03-26,9869
4526,東台,38,15,23,元大-新盛,2024-03-26,9869
00680L,元大美債20正2,22,0,22,元大-新盛,2024-03-26,9869
00720B,元大投資級公司債,24,2,22,元大-新盛,2024-03-26,9869
3171,炎洲流通,22,0,22,元大-新盛,2024-03-26,9869
2610,華航,22,0,22,元大-新盛,2024-03-26,9869
5258,虹堡,26,5,21,元大-新盛,2024-03-26,9869
2855,統一證,22,1,21,元大-新盛,2024-03-26,9869
00687B,國泰20年美債,41,21,20,元大-新盛,2024-03-26,9869
6147,頎邦,26,6,20,元大-新盛,2024-03-26,9869
2313,華通,39,20,19,元大-新盛,2024-03-26,9869
6414,樺漢,21,3,18,元大-新盛,2024-03-26,9869
1612,宏泰,28,10,18,元大-新盛,2024-03-26,9869
2332,友訊,18,0,18,元大-新盛,2024-03-26,9869
2317,鴻海,240,63,177,元大-新盛,2024-03-27,9869
00919,群益台灣精選高息,169,71,98,元大-新盛,2024-03-27,9869
6235,華孚,70,2,68,元大-新盛,2024-03-27,9869
00937B,群益ESG投等債20,64,0,64,元大-新盛,2024-03-27,9869
6278,台表科,61,0,61,元大-新盛,2024-03-27,9869
2409,友達,51,0,51,元大-新盛,2024-03-27,9869
00664R,國泰臺灣加權反1,50,0,50,元大-新盛,2024-03-27,9869
2884,玉山金,52,3,49,元大-新盛,2024-03-27,9869
2371,大同,176,133,43,元大-新盛,2024-03-27,9869
00939,統一台灣高息動能,47,6,41,元大-新盛,2024-03-27,9869
2301,光寶科,39,2,37,元大-新盛,2024-03-27,9869
2834,臺企銀,55,19,36,元大-新盛,2024-03-27,9869
00730,富邦臺灣優質高息,30,0,30,元大-新盛,2024-03-27,9869
2421,建準,38,8,30,元大-新盛,2024-03-27,9869
6770,力積電,29,2,27,元大-新盛,2024-03-27,9869
6196,帆宣,30,4,26,元大-新盛,2024-03-27,9869
6122,擎邦,27,1,26,元大-新盛,2024-03-27,9869
8110,華東,25,0,25,元大-新盛,2024-03-27,9869
1101,台泥,25,2,23,元大-新盛,2024-03-27,9869
2882,國泰金,23,0,23,元大-新盛,2024-03-27,9869
00712,復華富時不動產,20,0,20,元大-新盛,2024-03-27,9869
6414,樺漢,20,0,20,元大-新盛,2024-03-27,9869
2303,聯電,38,19,19,元大-新盛,2024-03-27,9869
5483,中美晶,40,21,19,元大-新盛,2024-03-27,9869
1316,上曜,22,3,19,元大-新盛,2024-03-27,9869
00915,凱基優選高股息30,20,1,19,元大-新盛,2024-03-27,9869
1513,中興電,70,52,18,元大-新盛,2024-03-27,9869
1808,潤隆,19,1,18,元大-新盛,2024-03-27,9869
6274,台燿,48,31,17,元大-新盛,2024-03-27,9869
8210,勤誠,17,0,17,元大-新盛,2024-03-27,9869
0056,元大高股息,46,29,17,元大-新盛,2024-03-27,9869
6176,瑞儀,15,0,15,元大-新盛,2024-03-27,9869
4938,和碩,27,12,15,元大-新盛,2024-03-27,9869
00725B,國泰投資級公司債,14,0,14,元大-新盛,2024-03-27,9869
00751B,元大AAA至A公司債,21,7,14,元大-新盛,2024-03-27,9869
6655,科定,14,0,14,元大-新盛,2024-03-27,9869
3545,敦泰,17,4,13,元大-新盛,2024-03-27,9869
00772B,中信高評級公司債,15,2,13,元大-新盛,2024-03-27,9869
00761B,國泰A級公司債,13,0,13,元大-新盛,2024-03-27,9869
00720B,元大投資級公司債,12,0,12,元大-新盛,2024-03-27,9869
4526,東台,12,0,12,元大-新盛,2024-03-27,9869
00877,復華中國5G,12,0,12,元大-新盛,2024-03-27,9869
8271,宇瞻,12,0,12,元大-新盛,2024-03-27,9869
5243,乙盛-KY,12,0,12,元大-新盛,2024-03-27,9869
3231,緯創,29,17,12,元大-新盛,2024-03-27,9869
1795,美時,35,24,11,元大-新盛,2024-03-27,9869
00715L,期街口布蘭特正2,11,0,11,元大-新盛,2024-03-27,9869
00885,富邦越南,11,0,11,元大-新盛,2024-03-27,9869
6282,康舒,13,2,11,元大-新盛,2024-03-27,9869
6139,亞翔,21,10,11,元大-新盛,2024-03-27,9869
2883,凱基金,475,19,456,元大-新盛,2024-03-28,9869
00857B,永豐20年美公債,303,3,300,元大-新盛,2024-03-28,9869
2536,宏普,184,0,184,元大-新盛,2024-03-28,9869
2317,鴻海,283,103,180,元大-新盛,2024-03-28,9869
2357,華碩,136,0,136,元大-新盛,2024-03-28,9869
5871,中租-KY,128,1,127,元大-新盛,2024-03-28,9869
6220,岳豐,100,0,100,元大-新盛,2024-03-28,9869
00637L,元大滬深300正2,167,75,92,元大-新盛,2024-03-28,9869
2887,台新金,101,10,91,元大-新盛,2024-03-28,9869
00939,統一台灣高息動能,110,24,86,元大-新盛,2024-03-28,9869
2356,英業達,107,25,82,元大-新盛,2024-03-28,9869
00937B,群益ESG投等債20,94,18,76,元大-新盛,2024-03-28,9869
1608,華榮,160,85,75,元大-新盛,2024-03-28,9869
2354,鴻準,346,275,71,元大-新盛,2024-03-28,9869
00753L,中信中國50正2,70,1,69,元大-新盛,2024-03-28,9869
4306,炎洲,71,6,65,元大-新盛,2024-03-28,9869
00933B,國泰10Y+金融債,63,0,63,元大-新盛,2024-03-28,9869
1316,上曜,80,18,62,元大-新盛,2024-03-28,9869
5512,力麒,50,0,50,元大-新盛,2024-03-28,9869
6414,樺漢,51,2,49,元大-新盛,2024-03-28,9869
1609,大亞,80,35,45,元大-新盛,2024-03-28,9869
3059,華晶科,43,0,43,元大-新盛,2024-03-28,9869
00941,中信上游半導體,63,22,41,元大-新盛,2024-03-28,9869
2547,日勝生,50,10,40,元大-新盛,2024-03-28,9869
2301,光寶科,49,9,40,元大-新盛,2024-03-28,9869
5515,建國,42,4,38,元大-新盛,2024-03-28,9869
3706,神達,58,21,37,元大-新盛,2024-03-28,9869
2883B,凱基金乙特,36,0,36,元大-新盛,2024-03-28,9869
1584,精剛,34,1,33,元大-新盛,2024-03-28,9869
8227,巨有科技,30,0,30,元大-新盛,2024-03-28,9869
2383,台光電,30,3,27,元大-新盛,2024-03-28,9869
2891,中信金,32,5,27,元大-新盛,2024-03-28,9869
8086,宏捷科,58,32,26,元大-新盛,2024-03-28,9869
3703,欣陸,29,4,25,元大-新盛,2024-03-28,9869
6176,瑞儀,30,6,24,元大-新盛,2024-03-28,9869
8054,安國,28,4,24,元大-新盛,2024-03-28,9869
1504,東元,87,63,24,元大-新盛,2024-03-28,9869
00679B,元大美債20年,24,1,23,元大-新盛,2024-03-28,9869
2404,漢唐,39,16,23,元大-新盛,2024-03-28,9869
8210,勤誠,25,3,22,元大-新盛,2024-03-28,9869
3710,連展投控,20,0,20,元大-新盛,2024-03-28,9869
2014,中鴻,20,0,20,元大-新盛,2024-03-28,9869
6156,松上,20,0,20,元大-新盛,2024-03-28,9869
2367,燿華,35,17,18,元大-新盛,2024-03-28,9869
2362,藍天,18,0,18,元大-新盛,2024-03-28,9869
3171,炎洲流通,20,2,18,元大-新盛,2024-03-28,9869
6163,華電網,19,1,18,元大-新盛,2024-03-28,9869
2337,旺宏,17,1,16,元大-新盛,2024-03-28,9869
2515,中工,49,34,15,元大-新盛,2024-03-28,9869
2443,昶虹,15,0,15,元大-新盛,2024-03-28,9869
00679B,元大美債20年,1220,55,1165,元大-新盛,2024-03-29,9869
00687B,國泰20年美債,1104,31,1073,元大-新盛,2024-03-29,9869
00688L,國泰20年美債正2,201,0,201,元大-新盛,2024-03-29,9869
2317,鴻海,245,65,180,元大-新盛,2024-03-29,9869
2344,華邦電,112,9,103,元大-新盛,2024-03-29,9869
00664R,國泰臺灣加權反1,100,0,100,元大-新盛,2024-03-29,9869
00929,復華台灣科技優息,155,63,92,元大-新盛,2024-03-29,9869
4306,炎洲,65,7,58,元大-新盛,2024-03-29,9869
00712,復華富時不動產,65,9,56,元大-新盛,2024-03-29,9869
3036,文曄,58,6,52,元大-新盛,2024-03-29,9869
2454,聯發科,51,3,48,元大-新盛,2024-03-29,9869
2027,大成鋼,50,2,48,元大-新盛,2024-03-29,9869
2301,光寶科,64,22,42,元大-新盛,2024-03-29,9869
2371,大同,131,90,41,元大-新盛,2024-03-29,9869
00665L,富邦�琤肭磪囓�2,40,0,40,元大-新盛,2024-03-29,9869
6278,台表科,50,12,38,元大-新盛,2024-03-29,9869
2324,仁寶,44,12,32,元大-新盛,2024-03-29,9869
6146,耕興,31,1,30,元大-新盛,2024-03-29,9869
2354,鴻準,88,58,30,元大-新盛,2024-03-29,9869
2536,宏普,29,0,29,元大-新盛,2024-03-29,9869
9105,泰金寶-DR,50,22,28,元大-新盛,2024-03-29,9869
00680L,元大美債20正2,30,4,26,元大-新盛,2024-03-29,9869
2528,皇普,23,0,23,元大-新盛,2024-03-29,9869
1608,華榮,70,49,21,元大-新盛,2024-03-29,9869
1815,富喬,33,13,20,元大-新盛,2024-03-29,9869
3691,碩禾,19,0,19,元大-新盛,2024-03-29,9869
6197,佳必琪,19,0,19,元大-新盛,2024-03-29,9869
3706,神達,30,12,18,元大-新盛,2024-03-29,9869
2883,凱基金,30,13,17,元大-新盛,2024-03-29,9869
3013,晟銘電,83,68,15,元大-新盛,2024-03-29,9869
7402,邑錡,19,4,15,元大-新盛,2024-03-29,9869
1806,冠軍,15,0,15,元大-新盛,2024-03-29,9869
6179,亞通,16,2,14,元大-新盛,2024-03-29,9869
2547,日勝生,14,0,14,元大-新盛,2024-03-29,9869
2331,精英,14,1,13,元大-新盛,2024-03-29,9869
8271,宇瞻,12,0,12,元大-新盛,2024-03-29,9869
5388,中磊,12,1,11,元大-新盛,2024-03-29,9869
2358,廷鑫,11,0,11,元大-新盛,2024-03-29,9869
1618,合機,20,9,11,元大-新盛,2024-03-29,9869
2367,燿華,35,25,10,元大-新盛,2024-03-29,9869
2506,太設,10,0,10,元大-新盛,2024-03-29,9869
1702,南僑,10,0,10,元大-新盛,2024-03-29,9869
8054,安國,26,16,10,元大-新盛,2024-03-29,9869
8110,華東,20,11,9,元大-新盛,2024-03-29,9869
1616,億泰,19,10,9,元大-新盛,2024-03-29,9869
1584,精剛,11,2,9,元大-新盛,2024-03-29,9869
2464,盟立,15,6,9,元大-新盛,2024-03-29,9869
2634,漢翔,11,2,9,元大-新盛,2024-03-29,9869
6120,達運,9,0,9,元大-新盛,2024-03-29,9869
5009,榮剛,8,0,8,元大-新盛,2024-03-29,9869
00637L,元大滬深300正2,1299,446,853,元大-新盛,2024-04-01,9869
5469,瀚宇博,121,0,121,元大-新盛,2024-04-01,9869
4306,炎洲,120,0,120,元大-新盛,2024-04-01,9869
2352,佳世達,113,7,106,元大-新盛,2024-04-01,9869
00664R,國泰臺灣加權反1,100,0,100,元大-新盛,2024-04-01,9869
9105,泰金寶-DR,94,9,85,元大-新盛,2024-04-01,9869
00919,群益台灣精選高息,99,31,68,元大-新盛,2024-04-01,9869
2439,美律,50,2,48,元大-新盛,2024-04-01,9869
00937B,群益ESG投等債20,62,15,47,元大-新盛,2024-04-01,9869
2027,大成鋼,45,0,45,元大-新盛,2024-04-01,9869
3231,緯創,91,48,43,元大-新盛,2024-04-01,9869
2317,鴻海,98,64,34,元大-新盛,2024-04-01,9869
2371,大同,49,18,31,元大-新盛,2024-04-01,9869
4958,臻鼎-KY,37,6,31,元大-新盛,2024-04-01,9869
3202,樺晟,30,0,30,元大-新盛,2024-04-01,9869
00680L,元大美債20正2,33,5,28,元大-新盛,2024-04-01,9869
00915,凱基優選高股息30,28,0,28,元大-新盛,2024-04-01,9869
2891,中信金,32,5,27,元大-新盛,2024-04-01,9869
6125,廣運,29,4,25,元大-新盛,2024-04-01,9869
8358,金居,33,9,24,元大-新盛,2024-04-01,9869
2603,長榮,32,8,24,元大-新盛,2024-04-01,9869
00941,中信上游半導體,29,6,23,元大-新盛,2024-04-01,9869
2382,廣達,58,36,22,元大-新盛,2024-04-01,9869
00679B,元大美債20年,23,2,21,元大-新盛,2024-04-01,9869
5515,建國,21,0,21,元大-新盛,2024-04-01,9869
5880,合庫金,20,0,20,元大-新盛,2024-04-01,9869
3450,聯鈞,26,7,19,元大-新盛,2024-04-01,9869
2303,聯電,32,13,19,元大-新盛,2024-04-01,9869
00720B,元大投資級公司債,22,3,19,元大-新盛,2024-04-01,9869
00712,復華富時不動產,16,0,16,元大-新盛,2024-04-01,9869
3689,湧德,18,2,16,元大-新盛,2024-04-01,9869
3236,千如,15,0,15,元大-新盛,2024-04-01,9869
00650L,復華香港正2,15,0,15,元大-新盛,2024-04-01,9869
5523,豐謙,15,0,15,元大-新盛,2024-04-01,9869
1101,台泥,17,3,14,元大-新盛,2024-04-01,9869
6550,北極星藥業-KY,21,7,14,元大-新盛,2024-04-01,9869
2330,台積電,15,2,13,元大-新盛,2024-04-01,9869
3481,群創,29,16,13,元大-新盛,2024-04-01,9869
1608,華榮,14,1,13,元大-新盛,2024-04-01,9869
3711,日月光投控,18,5,13,元大-新盛,2024-04-01,9869
8054,安國,19,7,12,元大-新盛,2024-04-01,9869
1582,信錦,12,1,11,元大-新盛,2024-04-01,9869
3576,聯合再生,11,0,11,元大-新盛,2024-04-01,9869
3013,晟銘電,30,19,11,元大-新盛,2024-04-01,9869
1460,宏遠,10,0,10,元大-新盛,2024-04-01,9869
00753L,中信中國50正2,10,0,10,元大-新盛,2024-04-01,9869
2906,高林,10,0,10,元大-新盛,2024-04-01,9869
2903,遠百,10,0,10,元大-新盛,2024-04-01,9869
1513,中興電,23,14,9,元大-新盛,2024-04-01,9869
3213,茂訊,9,0,9,元大-新盛,2024-04-01,9869
00795B,中信美國公債20年,1141,0,1141,元大-新盛,2024-04-02,9869
00764B,群益25年美債,1109,0,1109,元大-新盛,2024-04-02,9869
00688L,國泰20年美債正2,287,0,287,元大-新盛,2024-04-02,9869
2317,鴻海,431,196,235,元大-新盛,2024-04-02,9869
2344,華邦電,162,9,153,元大-新盛,2024-04-02,9869
00940,元大台灣價值高息,549,433,116,元大-新盛,2024-04-02,9869
0056,元大高股息,140,29,111,元大-新盛,2024-04-02,9869
00637L,元大滬深300正2,273,163,110,元大-新盛,2024-04-02,9869
00929,復華台灣科技優息,214,121,93,元大-新盛,2024-04-02,9869
00937B,群益ESG投等債20,119,50,69,元大-新盛,2024-04-02,9869
2492,華新科,85,19,66,元大-新盛,2024-04-02,9869
00680L,元大美債20正2,62,0,62,元大-新盛,2024-04-02,9869
2834,臺企銀,61,1,60,元大-新盛,2024-04-02,9869
2897,王道銀行,60,0,60,元大-新盛,2024-04-02,9869
00679B,元大美債20年,89,30,59,元大-新盛,2024-04-02,9869
00687B,國泰20年美債,54,0,54,元大-新盛,2024-04-02,9869
4306,炎洲,50,2,48,元大-新盛,2024-04-02,9869
3706,神達,56,11,45,元大-新盛,2024-04-02,9869
2211,長榮鋼,41,2,39,元大-新盛,2024-04-02,9869
3339,泰谷,39,0,39,元大-新盛,2024-04-02,9869
00941,中信上游半導體,40,2,38,元大-新盛,2024-04-02,9869
2371,大同,66,30,36,元大-新盛,2024-04-02,9869
00720B,元大投資級公司債,39,5,34,元大-新盛,2024-04-02,9869
2809,京城銀,35,2,33,元大-新盛,2024-04-02,9869
2539,櫻花建,31,0,31,元大-新盛,2024-04-02,9869
00919,群益台灣精選高息,38,8,30,元大-新盛,2024-04-02,9869
2606,裕民,30,1,29,元大-新盛,2024-04-02,9869
1789,神隆,30,3,27,元大-新盛,2024-04-02,9869
1524,耿鼎,43,18,25,元大-新盛,2024-04-02,9869
00939,統一台灣高息動能,38,14,24,元大-新盛,2024-04-02,9869
2027,大成鋼,23,0,23,元大-新盛,2024-04-02,9869
2915,潤泰全,23,0,23,元大-新盛,2024-04-02,9869
2354,鴻準,56,35,21,元大-新盛,2024-04-02,9869
2369,菱生,20,0,20,元大-新盛,2024-04-02,9869
3689,湧德,20,0,20,元大-新盛,2024-04-02,9869
1608,華榮,29,9,20,元大-新盛,2024-04-02,9869
6163,華電網,24,5,19,元大-新盛,2024-04-02,9869
5443,均豪,24,6,18,元大-新盛,2024-04-02,9869
6176,瑞儀,22,5,17,元大-新盛,2024-04-02,9869
2467,志聖,35,18,17,元大-新盛,2024-04-02,9869
3481,群創,23,8,15,元大-新盛,2024-04-02,9869
2301,光寶科,26,11,15,元大-新盛,2024-04-02,9869
1584,精剛,23,9,14,元大-新盛,2024-04-02,9869
00864B,中信美國公債0-1,13,0,13,元大-新盛,2024-04-02,9869
00933B,國泰10Y+金融債,13,0,13,元大-新盛,2024-04-02,9869
6177,達麗,14,1,13,元大-新盛,2024-04-02,9869
5213,亞昕,13,0,13,元大-新盛,2024-04-02,9869
6550,北極星藥業-KY,12,0,12,元大-新盛,2024-04-02,9869
5009,榮剛,11,0,11,元大-新盛,2024-04-02,9869
2547,日勝生,11,0,11,元大-新盛,2024-04-02,9869
2884,玉山金,2021,4,2017,元大-新盛,2024-04-03,9869
00940,元大台灣價值高息,492,134,358,元大-新盛,2024-04-03,9869
00937B,群益ESG投等債20,342,0,342,元大-新盛,2024-04-03,9869
00929,復華台灣科技優息,343,93,250,元大-新盛,2024-04-03,9869
00680L,元大美債20正2,157,3,154,元大-新盛,2024-04-03,9869
4306,炎洲,80,1,79,元大-新盛,2024-04-03,9869
00679B,元大美債20年,81,2,79,元大-新盛,2024-04-03,9869
00733,富邦臺灣中小,78,0,78,元大-新盛,2024-04-03,9869
00687B,國泰20年美債,86,14,72,元大-新盛,2024-04-03,9869
2002,中鋼,71,7,64,元大-新盛,2024-04-03,9869
3036,文曄,62,0,62,元大-新盛,2024-04-03,9869
2354,鴻準,58,5,53,元大-新盛,2024-04-03,9869
6176,瑞儀,52,1,51,元大-新盛,2024-04-03,9869
00941,中信上游半導體,51,10,41,元大-新盛,2024-04-03,9869
2892,第一金,43,3,40,元大-新盛,2024-04-03,9869
2883,凱基金,40,2,38,元大-新盛,2024-04-03,9869
2371,大同,53,16,37,元大-新盛,2024-04-03,9869
2515,中工,98,61,37,元大-新盛,2024-04-03,9869
6770,力積電,34,0,34,元大-新盛,2024-04-03,9869
3481,群創,45,13,32,元大-新盛,2024-04-03,9869
2303,聯電,54,23,31,元大-新盛,2024-04-03,9869
4109,加捷生醫,30,0,30,元大-新盛,2024-04-03,9869
2317,鴻海,102,72,30,元大-新盛,2024-04-03,9869
911868,同方友友-DR,29,0,29,元大-新盛,2024-04-03,9869
00632R,元大台灣50反1,43,14,29,元大-新盛,2024-04-03,9869
9105,泰金寶-DR,25,0,25,元大-新盛,2024-04-03,9869
4958,臻鼎-KY,25,1,24,元大-新盛,2024-04-03,9869
2882,國泰金,30,7,23,元大-新盛,2024-04-03,9869
3437,榮創,24,1,23,元大-新盛,2024-04-03,9869
00712,復華富時不動產,22,0,22,元大-新盛,2024-04-03,9869
00725B,國泰投資級公司債,22,0,22,元大-新盛,2024-04-03,9869
2443,昶虹,22,0,22,元大-新盛,2024-04-03,9869
1460,宏遠,21,0,21,元大-新盛,2024-04-03,9869
2906,高林,21,0,21,元大-新盛,2024-04-03,9869
2603,長榮,23,3,20,元大-新盛,2024-04-03,9869
3024,憶聲,20,0,20,元大-新盛,2024-04-03,9869
00753L,中信中國50正2,20,0,20,元大-新盛,2024-04-03,9869
2915,潤泰全,20,0,20,元大-新盛,2024-04-03,9869
1474,弘裕,19,0,19,元大-新盛,2024-04-03,9869
1608,華榮,39,20,19,元大-新盛,2024-04-03,9869
3432,台端,17,0,17,元大-新盛,2024-04-03,9869
5386,青雲,17,0,17,元大-新盛,2024-04-03,9869
8086,宏捷科,31,14,17,元大-新盛,2024-04-03,9869
00720B,元大投資級公司債,16,0,16,元大-新盛,2024-04-03,9869
2337,旺宏,16,0,16,元大-新盛,2024-04-03,9869
2492,華新科,18,2,16,元大-新盛,2024-04-03,9869
2382,廣達,32,16,16,元大-新盛,2024-04-03,9869
2409,友達,16,0,16,元大-新盛,2024-04-03,9869
2201,裕隆,15,0,15,元大-新盛,2024-04-03,9869
6116,彩晶,20,5,15,元大-新盛,2024-04-03,9869
00929,復華台灣科技優息,354,2,352,元大-新盛,2024-04-08,9869
00687B,國泰20年美債,325,0,325,元大-新盛,2024-04-08,9869
2884,玉山金,243,1,242,元大-新盛,2024-04-08,9869
00637L,元大滬深300正2,347,132,215,元大-新盛,2024-04-08,9869
00937B,群益ESG投等債20,160,0,160,元大-新盛,2024-04-08,9869
3339,泰谷,110,0,110,元大-新盛,2024-04-08,9869
00673R,期元大S＆P原油反1,108,0,108,元大-新盛,2024-04-08,9869
2344,華邦電,109,6,103,元大-新盛,2024-04-08,9869
00933B,國泰10Y+金融債,114,12,102,元大-新盛,2024-04-08,9869
2356,英業達,98,13,85,元大-新盛,2024-04-08,9869
4306,炎洲,104,19,85,元大-新盛,2024-04-08,9869
00679B,元大美債20年,79,0,79,元大-新盛,2024-04-08,9869
5880,合庫金,81,5,76,元大-新盛,2024-04-08,9869
00919,群益台灣精選高息,101,31,70,元大-新盛,2024-04-08,9869
2317,鴻海,151,89,62,元大-新盛,2024-04-08,9869
3266,昇陽,50,15,35,元大-新盛,2024-04-08,9869
6120,達運,67,33,34,元大-新盛,2024-04-08,9869
6288,聯嘉,41,10,31,元大-新盛,2024-04-08,9869
2371,大同,51,21,30,元大-新盛,2024-04-08,9869
2528,皇普,24,1,23,元大-新盛,2024-04-08,9869
2489,瑞軒,39,16,23,元大-新盛,2024-04-08,9869
00939,統一台灣高息動能,22,0,22,元大-新盛,2024-04-08,9869
2382,廣達,37,15,22,元大-新盛,2024-04-08,9869
2374,佳能,56,34,22,元大-新盛,2024-04-08,9869
3025,星通,27,6,21,元大-新盛,2024-04-08,9869
2303,聯電,38,17,21,元大-新盛,2024-04-08,9869
00720B,元大投資級公司債,21,0,21,元大-新盛,2024-04-08,9869
2354,鴻準,25,6,19,元大-新盛,2024-04-08,9869
3715,定穎投控,25,6,19,元大-新盛,2024-04-08,9869
2312,金寶,18,0,18,元大-新盛,2024-04-08,9869
00915,凱基優選高股息30,22,4,18,元大-新盛,2024-04-08,9869
5529,鉅陞,18,0,18,元大-新盛,2024-04-08,9869
3666,光耀,17,1,16,元大-新盛,2024-04-08,9869
0056,元大高股息,35,20,15,元大-新盛,2024-04-08,9869
3024,憶聲,15,0,15,元大-新盛,2024-04-08,9869
4915,致伸,14,0,14,元大-新盛,2024-04-08,9869
3325,旭品,17,3,14,元大-新盛,2024-04-08,9869
6233,旺玖,28,15,13,元大-新盛,2024-04-08,9869
8054,安國,33,20,13,元大-新盛,2024-04-08,9869
00795B,中信美國公債20年,13,0,13,元大-新盛,2024-04-08,9869
2367,燿華,24,11,13,元大-新盛,2024-04-08,9869
2324,仁寶,16,4,12,元大-新盛,2024-04-08,9869
5324,士開,14,2,12,元大-新盛,2024-04-08,9869
2010,春源,13,2,11,元大-新盛,2024-04-08,9869
6117,迎廣,12,1,11,元大-新盛,2024-04-08,9869
2727,王品,11,0,11,元大-新盛,2024-04-08,9869
00751B,元大AAA至A公司債,11,0,11,元大-新盛,2024-04-08,9869
6505,台塑化,10,0,10,元大-新盛,2024-04-08,9869
2460,建通,10,0,10,元大-新盛,2024-04-08,9869
3312,弘憶股,11,1,10,元大-新盛,2024-04-08,9869
2344,華邦電,389,16,373,元大-新盛,2024-04-09,9869
00929,復華台灣科技優息,373,2,371,元大-新盛,2024-04-09,9869
00637L,元大滬深300正2,290,34,256,元大-新盛,2024-04-09,9869
00632R,元大台灣50反1,258,5,253,元大-新盛,2024-04-09,9869
00882,中信中國高股息,198,6,192,元大-新盛,2024-04-09,9869
4306,炎洲,113,6,107,元大-新盛,2024-04-09,9869
0056,元大高股息,131,36,95,元大-新盛,2024-04-09,9869
00941,中信上游半導體,88,0,88,元大-新盛,2024-04-09,9869
00937B,群益ESG投等債20,65,2,63,元大-新盛,2024-04-09,9869
3231,緯創,106,50,56,元大-新盛,2024-04-09,9869
2501,國建,57,2,55,元大-新盛,2024-04-09,9869
2539,櫻花建,51,0,51,元大-新盛,2024-04-09,9869
00673R,期元大S＆P原油反1,50,0,50,元大-新盛,2024-04-09,9869
3013,晟銘電,76,30,46,元大-新盛,2024-04-09,9869
2405,輔信,41,0,41,元大-新盛,2024-04-09,9869
00919,群益台灣精選高息,72,36,36,元大-新盛,2024-04-09,9869
4720,德淵,35,0,35,元大-新盛,2024-04-09,9869
2354,鴻準,63,30,33,元大-新盛,2024-04-09,9869
2486,一詮,77,45,32,元大-新盛,2024-04-09,9869
2356,英業達,35,4,31,元大-新盛,2024-04-09,9869
2367,燿華,33,4,29,元大-新盛,2024-04-09,9869
3481,群創,77,48,29,元大-新盛,2024-04-09,9869
6288,聯嘉,31,5,26,元大-新盛,2024-04-09,9869
5443,均豪,27,4,23,元大-新盛,2024-04-09,9869
2329,華泰,22,0,22,元大-新盛,2024-04-09,9869
8358,金居,34,13,21,元大-新盛,2024-04-09,9869
3702,大聯大,20,0,20,元大-新盛,2024-04-09,9869
3338,泰碩,25,6,19,元大-新盛,2024-04-09,9869
00923,群益台ESG低碳50,21,2,19,元大-新盛,2024-04-09,9869
2201,裕隆,34,15,19,元大-新盛,2024-04-09,9869
2382,廣達,28,10,18,元大-新盛,2024-04-09,9869
2609,陽明,21,3,18,元大-新盛,2024-04-09,9869
2603,長榮,33,16,17,元大-新盛,2024-04-09,9869
8054,安國,30,13,17,元大-新盛,2024-04-09,9869
6284,佳邦,19,3,16,元大-新盛,2024-04-09,9869
5457,宣德,16,0,16,元大-新盛,2024-04-09,9869
00646,元大S＆P500,22,6,16,元大-新盛,2024-04-09,9869
00687B,國泰20年美債,17,1,16,元大-新盛,2024-04-09,9869
00939,統一台灣高息動能,27,12,15,元大-新盛,2024-04-09,9869
9927,泰銘,16,1,15,元大-新盛,2024-04-09,9869
3555,博士旺,15,0,15,元大-新盛,2024-04-09,9869
8096,擎亞,19,4,15,元大-新盛,2024-04-09,9869
2352,佳世達,15,1,14,元大-新盛,2024-04-09,9869
9904,寶成,14,0,14,元大-新盛,2024-04-09,9869
1101,台泥,13,0,13,元大-新盛,2024-04-09,9869
1524,耿鼎,21,9,12,元大-新盛,2024-04-09,9869
6189,豐藝,14,2,12,元大-新盛,2024-04-09,9869
2368,金像電,13,2,11,元大-新盛,2024-04-09,9869
3558,神準,11,0,11,元大-新盛,2024-04-09,9869
00733,富邦臺灣中小,11,0,11,元大-新盛,2024-04-09,9869
00940,元大台灣價值高息,458,69,389,元大-新盛,2024-04-10,9869
0056,元大高股息,246,58,188,元大-新盛,2024-04-10,9869
2317,鴻海,228,47,181,元大-新盛,2024-04-10,9869
2353,宏��,249,70,179,元大-新盛,2024-04-10,9869
2454,聯發科,151,3,148,元大-新盛,2024-04-10,9869
2439,美律,106,1,105,元大-新盛,2024-04-10,9869
2363,矽統,168,87,81,元大-新盛,2024-04-10,9869
6016,康和證,73,0,73,元大-新盛,2024-04-10,9869
2897,王道銀行,60,0,60,元大-新盛,2024-04-10,9869
2883,凱基金,62,3,59,元大-新盛,2024-04-10,9869
00937B,群益ESG投等債20,51,0,51,元大-新盛,2024-04-10,9869
3673,TPK-KY,50,3,47,元大-新盛,2024-04-10,9869
1513,中興電,69,23,46,元大-新盛,2024-04-10,9869
2515,中工,95,50,45,元大-新盛,2024-04-10,9869
8096,擎亞,131,86,45,元大-新盛,2024-04-10,9869
00927,群益半導體收益,40,0,40,元大-新盛,2024-04-10,9869
4420,光明,40,0,40,元大-新盛,2024-04-10,9869
1609,大亞,157,118,39,元大-新盛,2024-04-10,9869
00939,統一台灣高息動能,57,19,38,元大-新盛,2024-04-10,9869
3227,原相,36,1,35,元大-新盛,2024-04-10,9869
3521,鴻翊,33,0,33,元大-新盛,2024-04-10,9869
3231,緯創,55,25,30,元大-新盛,2024-04-10,9869
1608,華榮,46,16,30,元大-新盛,2024-04-10,9869
00679B,元大美債20年,61,31,30,元大-新盛,2024-04-10,9869
2329,華泰,66,37,29,元大-新盛,2024-04-10,9869
2634,漢翔,58,34,24,元大-新盛,2024-04-10,9869
2867,三商壽,24,0,24,元大-新盛,2024-04-10,9869
00720B,元大投資級公司債,25,1,24,元大-新盛,2024-04-10,9869
5531,鄉林,20,0,20,元大-新盛,2024-04-10,9869
2888,新光金,79,60,19,元大-新盛,2024-04-10,9869
6026,福邦證,25,7,18,元大-新盛,2024-04-10,9869
8088,品安,20,2,18,元大-新盛,2024-04-10,9869
2354,鴻準,42,24,18,元大-新盛,2024-04-10,9869
2383,台光電,23,5,18,元大-新盛,2024-04-10,9869
2356,英業達,30,13,17,元大-新盛,2024-04-10,9869
2331,精英,17,0,17,元大-新盛,2024-04-10,9869
3715,定穎投控,41,24,17,元大-新盛,2024-04-10,9869
6125,廣運,17,1,16,元大-新盛,2024-04-10,9869
2009,第一銅,40,24,16,元大-新盛,2024-04-10,9869
6191,精成科,15,0,15,元大-新盛,2024-04-10,9869
00751B,元大AAA至A公司債,21,6,15,元大-新盛,2024-04-10,9869
3041,揚智,15,0,15,元大-新盛,2024-04-10,9869
5525,順天,15,0,15,元大-新盛,2024-04-10,9869
2367,燿華,15,1,14,元大-新盛,2024-04-10,9869
00922,國泰台灣領袖50,14,0,14,元大-新盛,2024-04-10,9869
2885,元大金,14,0,14,元大-新盛,2024-04-10,9869
1314,中石化,31,18,13,元大-新盛,2024-04-10,9869
2301,光寶科,46,33,13,元大-新盛,2024-04-10,9869
2014,中鴻,20,7,13,元大-新盛,2024-04-10,9869
2609,陽明,13,0,13,元大-新盛,2024-04-10,9869
2353,宏��,744,95,649,元大-新盛,2024-04-11,9869
00937B,群益ESG投等債20,579,24,555,元大-新盛,2024-04-11,9869
2540,愛山林,430,0,430,元大-新盛,2024-04-11,9869
00687B,國泰20年美債,371,46,325,元大-新盛,2024-04-11,9869
00878,國泰永續高股息,339,113,226,元大-新盛,2024-04-11,9869
2409,友達,217,23,194,元大-新盛,2024-04-11,9869
2454,聯發科,191,0,191,元大-新盛,2024-04-11,9869
2884,玉山金,180,1,179,元大-新盛,2024-04-11,9869
0056,元大高股息,290,119,171,元大-新盛,2024-04-11,9869
2883,凱基金,174,4,170,元大-新盛,2024-04-11,9869
00680L,元大美債20正2,182,16,166,元大-新盛,2024-04-11,9869
3481,群創,166,10,156,元大-新盛,2024-04-11,9869
00929,復華台灣科技優息,148,2,146,元大-新盛,2024-04-11,9869
00933B,國泰10Y+金融債,127,0,127,元大-新盛,2024-04-11,9869
4306,炎洲,122,0,122,元大-新盛,2024-04-11,9869
00712,復華富時不動產,108,0,108,元大-新盛,2024-04-11,9869
3576,聯合再生,57,0,57,元大-新盛,2024-04-11,9869
2888,新光金,89,33,56,元大-新盛,2024-04-11,9869
2317,鴻海,176,120,56,元大-新盛,2024-04-11,9869
9934,成霖,55,0,55,元大-新盛,2024-04-11,9869
5512,力麒,76,22,54,元大-新盛,2024-04-11,9869
2303,聯電,55,3,52,元大-新盛,2024-04-11,9869
00720B,元大投資級公司債,51,0,51,元大-新盛,2024-04-11,9869
8096,擎亞,86,36,50,元大-新盛,2024-04-11,9869
6770,力積電,45,1,44,元大-新盛,2024-04-11,9869
2501,國建,50,7,43,元大-新盛,2024-04-11,9869
3715,定穎投控,46,5,41,元大-新盛,2024-04-11,9869
2376,技嘉,46,8,38,元大-新盛,2024-04-11,9869
2354,鴻準,61,26,35,元大-新盛,2024-04-11,9869
2610,華航,76,42,34,元大-新盛,2024-04-11,9869
00881,國泰台灣5G+,29,0,29,元大-新盛,2024-04-11,9869
9958,世紀鋼,35,6,29,元大-新盛,2024-04-11,9869
1101,台泥,28,0,28,元大-新盛,2024-04-11,9869
1503,士電,60,34,26,元大-新盛,2024-04-11,9869
2239,英利-KY,25,0,25,元大-新盛,2024-04-11,9869
1612,宏泰,27,2,25,元大-新盛,2024-04-11,9869
1605,華新,30,6,24,元大-新盛,2024-04-11,9869
00941,中信上游半導體,29,7,22,元大-新盛,2024-04-11,9869
6191,精成科,21,0,21,元大-新盛,2024-04-11,9869
1409,新纖,21,0,21,元大-新盛,2024-04-11,9869
3617,碩天,20,0,20,元大-新盛,2024-04-11,9869
00688L,國泰20年美債正2,128,108,20,元大-新盛,2024-04-11,9869
3013,晟銘電,96,76,20,元大-新盛,2024-04-11,9869
00923,群益台ESG低碳50,19,0,19,元大-新盛,2024-04-11,9869
3202,樺晟,20,2,18,元大-新盛,2024-04-11,9869
2913,農林,17,0,17,元大-新盛,2024-04-11,9869
2547,日勝生,17,0,17,元大-新盛,2024-04-11,9869
2383,台光電,24,7,17,元大-新盛,2024-04-11,9869
3231,緯創,49,32,17,元大-新盛,2024-04-11,9869
6288,聯嘉,16,0,16,元大-新盛,2024-04-11,9869
2353,宏��,338,25,313,元大-新盛,2024-04-12,9869
2884,玉山金,306,12,294,元大-新盛,2024-04-12,9869
3034,聯詠,242,6,236,元大-新盛,2024-04-12,9869
2618,長榮航,179,17,162,元大-新盛,2024-04-12,9869
00753L,中信中國50正2,141,0,141,元大-新盛,2024-04-12,9869
2883,凱基金,125,0,125,元大-新盛,2024-04-12,9869
4306,炎洲,124,10,114,元大-新盛,2024-04-12,9869
00680L,元大美債20正2,162,50,112,元大-新盛,2024-04-12,9869
00679B,元大美債20年,110,0,110,元大-新盛,2024-04-12,9869
00937B,群益ESG投等債20,114,6,108,元大-新盛,2024-04-12,9869
00650L,復華香港正2,110,5,105,元大-新盛,2024-04-12,9869
00688L,國泰20年美債正2,77,0,77,元大-新盛,2024-04-12,9869
00919,群益台灣精選高息,82,6,76,元大-新盛,2024-04-12,9869
00878,國泰永續高股息,79,4,75,元大-新盛,2024-04-12,9869
2382,廣達,75,5,70,元大-新盛,2024-04-12,9869
00687B,國泰20年美債,66,5,61,元大-新盛,2024-04-12,9869
2501,國建,64,3,61,元大-新盛,2024-04-12,9869
2360,致茂,60,0,60,元大-新盛,2024-04-12,9869
00675L,富邦臺灣加權正2,61,1,60,元大-新盛,2024-04-12,9869
2887,台新金,58,4,54,元大-新盛,2024-04-12,9869
2301,光寶科,48,1,47,元大-新盛,2024-04-12,9869
2610,華航,95,53,42,元大-新盛,2024-04-12,9869
2454,聯發科,41,2,39,元大-新盛,2024-04-12,9869
9105,泰金寶-DR,74,40,34,元大-新盛,2024-04-12,9869
2867,三商壽,34,2,32,元大-新盛,2024-04-12,9869
2892,第一金,31,0,31,元大-新盛,2024-04-12,9869
00720B,元大投資級公司債,30,1,29,元大-新盛,2024-04-12,9869
1608,華榮,61,33,28,元大-新盛,2024-04-12,9869
2882,國泰金,37,10,27,元大-新盛,2024-04-12,9869
00665L,富邦�琤肭磪囓�2,27,0,27,元大-新盛,2024-04-12,9869
2303,聯電,40,14,26,元大-新盛,2024-04-12,9869
00929,復華台灣科技優息,116,90,26,元大-新盛,2024-04-12,9869
00751B,元大AAA至A公司債,25,0,25,元大-新盛,2024-04-12,9869
1905,華紙,25,0,25,元大-新盛,2024-04-12,9869
8213,志超,30,6,24,元大-新盛,2024-04-12,9869
00733,富邦臺灣中小,22,0,22,元大-新盛,2024-04-12,9869
8011,台通,29,8,21,元大-新盛,2024-04-12,9869
00940,元大台灣價值高息,100,80,20,元大-新盛,2024-04-12,9869
2344,華邦電,37,17,20,元大-新盛,2024-04-12,9869
00933B,國泰10Y+金融債,19,0,19,元大-新盛,2024-04-12,9869
2457,飛宏,20,1,19,元大-新盛,2024-04-12,9869
3481,群創,23,6,17,元大-新盛,2024-04-12,9869
2002,中鋼,18,1,17,元大-新盛,2024-04-12,9869
1603,華電,24,8,16,元大-新盛,2024-04-12,9869
3041,揚智,21,5,16,元大-新盛,2024-04-12,9869
6257,矽格,15,0,15,元大-新盛,2024-04-12,9869
8210,勤誠,18,3,15,元大-新盛,2024-04-12,9869
4168,醣聯,15,0,15,元大-新盛,2024-04-12,9869
2543,皇昌,28,13,15,元大-新盛,2024-04-12,9869
2101,南港,20,5,15,元大-新盛,2024-04-12,9869
2884,玉山金,347,1,346,元大-新盛,2024-04-15,9869
00929,復華台灣科技優息,314,44,270,元大-新盛,2024-04-15,9869
2408,南亞科,197,2,195,元大-新盛,2024-04-15,9869
00937B,群益ESG投等債20,177,2,175,元大-新盛,2024-04-15,9869
2371,大同,266,138,128,元大-新盛,2024-04-15,9869
00753L,中信中國50正2,125,0,125,元大-新盛,2024-04-15,9869
2867,三商壽,151,34,117,元大-新盛,2024-04-15,9869
00933B,國泰10Y+金融債,114,0,114,元大-新盛,2024-04-15,9869
1504,東元,126,15,111,元大-新盛,2024-04-15,9869
00720B,元大投資級公司債,107,1,106,元大-新盛,2024-04-15,9869
4306,炎洲,106,0,106,元大-新盛,2024-04-15,9869
00940,元大台灣價值高息,218,122,96,元大-新盛,2024-04-15,9869
0056,元大高股息,94,14,80,元大-新盛,2024-04-15,9869
00650L,復華香港正2,95,20,75,元大-新盛,2024-04-15,9869
2618,長榮航,106,32,74,元大-新盛,2024-04-15,9869
2301,光寶科,66,8,58,元大-新盛,2024-04-15,9869
5469,瀚宇博,50,0,50,元大-新盛,2024-04-15,9869
00878,國泰永續高股息,50,1,49,元大-新盛,2024-04-15,9869
2603,長榮,72,25,47,元大-新盛,2024-04-15,9869
00751B,元大AAA至A公司債,46,1,45,元大-新盛,2024-04-15,9869
1513,中興電,239,195,44,元大-新盛,2024-04-15,9869
6770,力積電,44,0,44,元大-新盛,2024-04-15,9869
2520,冠德,43,0,43,元大-新盛,2024-04-15,9869
00772B,中信高評級公司債,52,10,42,元大-新盛,2024-04-15,9869
9934,成霖,51,10,41,元大-新盛,2024-04-15,9869
1810,和成,51,13,38,元大-新盛,2024-04-15,9869
00919,群益台灣精選高息,43,8,35,元大-新盛,2024-04-15,9869
2506,太設,36,2,34,元大-新盛,2024-04-15,9869
2382,廣達,46,15,31,元大-新盛,2024-04-15,9869
2353,宏��,52,21,31,元大-新盛,2024-04-15,9869
2883,凱基金,40,10,30,元大-新盛,2024-04-15,9869
00712,復華富時不動產,30,0,30,元大-新盛,2024-04-15,9869
2317,鴻海,97,68,29,元大-新盛,2024-04-15,9869
00905,FT臺灣Smart,30,0,30,元大-新盛,2024-04-15,9869
00675L,富邦臺灣加權正2,29,0,29,元大-新盛,2024-04-15,9869
2303,聯電,40,12,28,元大-新盛,2024-04-15,9869
1514,亞力,74,46,28,元大-新盛,2024-04-15,9869
00696B,富邦美債20年,30,4,26,元大-新盛,2024-04-15,9869
00939,統一台灣高息動能,31,6,25,元大-新盛,2024-04-15,9869
8110,華東,29,4,25,元大-新盛,2024-04-15,9869
00941,中信上游半導體,33,8,25,元大-新盛,2024-04-15,9869
2363,矽統,43,18,25,元大-新盛,2024-04-15,9869
00881,國泰台灣5G+,25,0,25,元大-新盛,2024-04-15,9869
00679B,元大美債20年,28,4,24,元大-新盛,2024-04-15,9869
2313,華通,24,2,22,元大-新盛,2024-04-15,9869
3060,銘異,36,14,22,元大-新盛,2024-04-15,9869
9105,泰金寶-DR,22,0,22,元大-新盛,2024-04-15,9869
6168,宏齊,24,2,22,元大-新盛,2024-04-15,9869
1605,華新,48,27,21,元大-新盛,2024-04-15,9869
2330,台積電,26,6,20,元大-新盛,2024-04-15,9869
2884,玉山金,6757,10,6747,元大-新盛,2024-04-16,9869
00937B,群益ESG投等債20,714,5,709,元大-新盛,2024-04-16,9869
00940,元大台灣價值高息,897,308,589,元大-新盛,2024-04-16,9869
00929,復華台灣科技優息,723,151,572,元大-新盛,2024-04-16,9869
2540,愛山林,444,9,435,元大-新盛,2024-04-16,9869
0056,元大高股息,494,152,342,元大-新盛,2024-04-16,9869
1216,統一,307,0,307,元大-新盛,2024-04-16,9869
00919,群益台灣精選高息,293,89,204,元大-新盛,2024-04-16,9869
2303,聯電,276,88,188,元大-新盛,2024-04-16,9869
4306,炎洲,172,0,172,元大-新盛,2024-04-16,9869
00939,統一台灣高息動能,156,0,156,元大-新盛,2024-04-16,9869
2441,超豐,150,0,150,元大-新盛,2024-04-16,9869
2888,新光金,160,20,140,元大-新盛,2024-04-16,9869
2867,三商壽,175,42,133,元大-新盛,2024-04-16,9869
00878,國泰永續高股息,138,21,117,元大-新盛,2024-04-16,9869
2501,國建,114,1,113,元大-新盛,2024-04-16,9869
2408,南亞科,102,15,87,元大-新盛,2024-04-16,9869
1609,大亞,251,179,72,元大-新盛,2024-04-16,9869
2371,大同,141,70,71,元大-新盛,2024-04-16,9869
3231,緯創,72,9,63,元大-新盛,2024-04-16,9869
00688L,國泰20年美債正2,78,20,58,元大-新盛,2024-04-16,9869
2618,長榮航,76,20,56,元大-新盛,2024-04-16,9869
00687B,國泰20年美債,59,3,56,元大-新盛,2024-04-16,9869
2347,聯強,50,0,50,元大-新盛,2024-04-16,9869
2882,國泰金,53,4,49,元大-新盛,2024-04-16,9869
5469,瀚宇博,51,3,48,元大-新盛,2024-04-16,9869
2344,華邦電,52,7,45,元大-新盛,2024-04-16,9869
00664R,國泰臺灣加權反1,55,10,45,元大-新盛,2024-04-16,9869
2845,遠東銀,40,0,40,元大-新盛,2024-04-16,9869
2897,王道銀行,40,5,35,元大-新盛,2024-04-16,9869
00918,大華優利高填息30,36,1,35,元大-新盛,2024-04-16,9869
1605,華新,51,16,35,元大-新盛,2024-04-16,9869
1810,和成,44,10,34,元大-新盛,2024-04-16,9869
3706,神達,47,13,34,元大-新盛,2024-04-16,9869
2489,瑞軒,34,1,33,元大-新盛,2024-04-16,9869
00927,群益半導體收益,33,2,31,元大-新盛,2024-04-16,9869
1905,華紙,31,0,31,元大-新盛,2024-04-16,9869
2363,矽統,49,18,31,元大-新盛,2024-04-16,9869
00891,中信關鍵半導體,30,0,30,元大-新盛,2024-04-16,9869
3027,盛達,34,4,30,元大-新盛,2024-04-16,9869
6288,聯嘉,27,0,27,元大-新盛,2024-04-16,9869
00935,野村臺灣新科技50,30,3,27,元大-新盛,2024-04-16,9869
2603,長榮,28,1,27,元大-新盛,2024-04-16,9869
2367,燿華,66,41,25,元大-新盛,2024-04-16,9869
6284,佳邦,26,1,25,元大-新盛,2024-04-16,9869
4960,誠美材,24,0,24,元大-新盛,2024-04-16,9869
2834,臺企銀,35,11,24,元大-新盛,2024-04-16,9869
2906,高林,23,0,23,元大-新盛,2024-04-16,9869
2330,台積電,34,12,22,元大-新盛,2024-04-16,9869
00675L,富邦臺灣加權正2,22,0,22,元大-新盛,2024-04-16,9869
2884,玉山金,1401,1,1400,元大-新盛,2024-04-17,9869
00937B,群益ESG投等債20,411,15,396,元大-新盛,2024-04-17,9869
00687B,國泰20年美債,257,10,247,元大-新盛,2024-04-17,9869
00712,復華富時不動產,219,0,219,元大-新盛,2024-04-17,9869
2883,凱基金,139,5,134,元大-新盛,2024-04-17,9869
4306,炎洲,128,10,118,元大-新盛,2024-04-17,9869
2547,日勝生,112,0,112,元大-新盛,2024-04-17,9869
00929,復華台灣科技優息,143,31,112,元大-新盛,2024-04-17,9869
9905,大華,100,0,100,元大-新盛,2024-04-17,9869
00888,永豐台灣ESG,93,0,93,元大-新盛,2024-04-17,9869
00940,元大台灣價值高息,95,9,86,元大-新盛,2024-04-17,9869
5512,力麒,105,19,86,元大-新盛,2024-04-17,9869
2421,建準,81,1,80,元大-新盛,2024-04-17,9869
0056,元大高股息,124,53,71,元大-新盛,2024-04-17,9869
2353,宏��,71,0,71,元大-新盛,2024-04-17,9869
00907,永豐優息存股,71,0,71,元大-新盛,2024-04-17,9869
2355,敬鵬,71,1,70,元大-新盛,2024-04-17,9869
2543,皇昌,64,4,60,元大-新盛,2024-04-17,9869
00857B,永豐20年美公債,58,0,58,元大-新盛,2024-04-17,9869
4906,正文,47,0,47,元大-新盛,2024-04-17,9869
3231,緯創,68,22,46,元大-新盛,2024-04-17,9869
00680L,元大美債20正2,42,0,42,元大-新盛,2024-04-17,9869
2883B,凱基金乙特,47,5,42,元大-新盛,2024-04-17,9869
00631L,元大台灣50正2,38,0,38,元大-新盛,2024-04-17,9869
00720B,元大投資級公司債,39,2,37,元大-新盛,2024-04-17,9869
6288,聯嘉,34,1,33,元大-新盛,2024-04-17,9869
2618,長榮航,45,12,33,元大-新盛,2024-04-17,9869
2408,南亞科,33,1,32,元大-新盛,2024-04-17,9869
00675L,富邦臺灣加權正2,32,0,32,元大-新盛,2024-04-17,9869
2303,聯電,44,16,28,元大-新盛,2024-04-17,9869
6770,力積電,33,8,25,元大-新盛,2024-04-17,9869
2880,華南金,21,0,21,元大-新盛,2024-04-17,9869
00753L,中信中國50正2,20,0,20,元大-新盛,2024-04-17,9869
2897,王道銀行,20,0,20,元大-新盛,2024-04-17,9869
2892,第一金,20,0,20,元大-新盛,2024-04-17,9869
2506,太設,21,1,20,元大-新盛,2024-04-17,9869
00673R,期元大S＆P原油反1,20,0,20,元大-新盛,2024-04-17,9869
00941,中信上游半導體,20,0,20,元大-新盛,2024-04-17,9869
6227,茂綸,21,2,19,元大-新盛,2024-04-17,9869
3372,典範,20,1,19,元大-新盛,2024-04-17,9869
3324,雙鴻,34,15,19,元大-新盛,2024-04-17,9869
1809,中釉,18,0,18,元大-新盛,2024-04-17,9869
00679B,元大美債20年,28,11,17,元大-新盛,2024-04-17,9869
6216,居易,17,0,17,元大-新盛,2024-04-17,9869
2101,南港,22,6,16,元大-新盛,2024-04-17,9869
2368,金像電,16,1,15,元大-新盛,2024-04-17,9869
00939,統一台灣高息動能,18,3,15,元大-新盛,2024-04-17,9869
1528,恩德,15,0,15,元大-新盛,2024-04-17,9869
00665L,富邦�琤肭磪囓�2,33,18,15,元大-新盛,2024-04-17,9869
00902,中信電池及儲能,15,0,15,元大-新盛,2024-04-17,9869
2884,玉山金,1540,17,1523,元大-新盛,2024-04-18,9869
00882,中信中國高股息,277,1,276,元大-新盛,2024-04-18,9869
2441,超豐,150,0,150,元大-新盛,2024-04-18,9869
00933B,國泰10Y+金融債,124,0,124,元大-新盛,2024-04-18,9869
00937B,群益ESG投等債20,120,0,120,元大-新盛,2024-04-18,9869
4306,炎洲,120,23,97,元大-新盛,2024-04-18,9869
00753L,中信中國50正2,80,0,80,元大-新盛,2024-04-18,9869
2371,大同,324,246,78,元大-新盛,2024-04-18,9869
4906,正文,74,0,74,元大-新盛,2024-04-18,9869
3324,雙鴻,79,7,72,元大-新盛,2024-04-18,9869
00712,復華富時不動產,55,0,55,元大-新盛,2024-04-18,9869
00929,復華台灣科技優息,61,8,53,元大-新盛,2024-04-18,9869
3209,全科,51,0,51,元大-新盛,2024-04-18,9869
00941,中信上游半導體,48,2,46,元大-新盛,2024-04-18,9869
0056,元大高股息,69,26,43,元大-新盛,2024-04-18,9869
00720B,元大投資級公司債,41,0,41,元大-新盛,2024-04-18,9869
5515,建國,44,4,40,元大-新盛,2024-04-18,9869
00642U,期元大S＆P石油,40,0,40,元大-新盛,2024-04-18,9869
1605,華新,87,50,37,元大-新盛,2024-04-18,9869
00919,群益台灣精選高息,36,2,34,元大-新盛,2024-04-18,9869
1532,勤美,35,1,34,元大-新盛,2024-04-18,9869
9946,三發地產,32,0,32,元大-新盛,2024-04-18,9869
9933,中鼎,30,1,29,元大-新盛,2024-04-18,9869
9940,信義,28,0,28,元大-新盛,2024-04-18,9869
6125,廣運,30,2,28,元大-新盛,2024-04-18,9869
5009,榮剛,34,9,25,元大-新盛,2024-04-18,9869
2610,華航,42,17,25,元大-新盛,2024-04-18,9869
00715L,期街口布蘭特正2,24,0,24,元大-新盛,2024-04-18,9869
5213,亞昕,23,0,23,元大-新盛,2024-04-18,9869
1442,名軒,21,0,21,元大-新盛,2024-04-18,9869
2374,佳能,32,11,21,元大-新盛,2024-04-18,9869
6136,富爾特,20,0,20,元大-新盛,2024-04-18,9869
4113,聯上,20,0,20,元大-新盛,2024-04-18,9869
2501,國建,74,54,20,元大-新盛,2024-04-18,9869
5223,安力-KY,20,0,20,元大-新盛,2024-04-18,9869
8096,擎亞,20,0,20,元大-新盛,2024-04-18,9869
2809,京城銀,21,3,18,元大-新盛,2024-04-18,9869
2027,大成鋼,29,11,18,元大-新盛,2024-04-18,9869
00927,群益半導體收益,17,0,17,元大-新盛,2024-04-18,9869
2891,中信金,20,3,17,元大-新盛,2024-04-18,9869
1104,環泥,16,0,16,元大-新盛,2024-04-18,9869
00733,富邦臺灣中小,21,5,16,元大-新盛,2024-04-18,9869
8926,台汽電,25,9,16,元大-新盛,2024-04-18,9869
6147,頎邦,15,0,15,元大-新盛,2024-04-18,9869
4167,松瑞藥,16,1,15,元大-新盛,2024-04-18,9869
6282,康舒,32,18,14,元大-新盛,2024-04-18,9869
00885,富邦越南,14,0,14,元大-新盛,2024-04-18,9869
2355,敬鵬,14,0,14,元大-新盛,2024-04-18,9869
2002,中鋼,27,14,13,元大-新盛,2024-04-18,9869
2367,燿華,65,52,13,元大-新盛,2024-04-18,9869
00940,元大台灣價值高息,690,148,542,元大-新盛,2024-04-19,9869
2540,愛山林,465,8,457,元大-新盛,2024-04-19,9869
00929,復華台灣科技優息,660,261,399,元大-新盛,2024-04-19,9869
2330,台積電,179,10,169,元大-新盛,2024-04-19,9869
00919,群益台灣精選高息,181,23,158,元大-新盛,2024-04-19,9869
2888,新光金,159,1,158,元大-新盛,2024-04-19,9869
00939,統一台灣高息動能,162,6,156,元大-新盛,2024-04-19,9869
0056,元大高股息,194,52,142,元大-新盛,2024-04-19,9869
00637L,元大滬深300正2,249,119,130,元大-新盛,2024-04-19,9869
2409,友達,140,18,122,元大-新盛,2024-04-19,9869
4306,炎洲,103,2,101,元大-新盛,2024-04-19,9869
00878,國泰永續高股息,121,20,101,元大-新盛,2024-04-19,9869
00937B,群益ESG投等債20,83,1,82,元大-新盛,2024-04-19,9869
2303,聯電,105,32,73,元大-新盛,2024-04-19,9869
00725B,國泰投資級公司債,70,8,62,元大-新盛,2024-04-19,9869
00675L,富邦臺灣加權正2,61,0,61,元大-新盛,2024-04-19,9869
00712,復華富時不動產,66,8,58,元大-新盛,2024-04-19,9869
00941,中信上游半導體,55,0,55,元大-新盛,2024-04-19,9869
2101,南港,70,19,51,元大-新盛,2024-04-19,9869
6288,聯嘉,51,0,51,元大-新盛,2024-04-19,9869
1532,勤美,53,2,51,元大-新盛,2024-04-19,9869
3576,聯合再生,52,2,50,元大-新盛,2024-04-19,9869
3481,群創,62,13,49,元大-新盛,2024-04-19,9869
3231,緯創,84,35,49,元大-新盛,2024-04-19,9869
1608,華榮,134,89,45,元大-新盛,2024-04-19,9869
6016,康和證,60,15,45,元大-新盛,2024-04-19,9869
9934,成霖,41,0,41,元大-新盛,2024-04-19,9869
4532,瑞智,37,0,37,元大-新盛,2024-04-19,9869
00935,野村臺灣新科技50,39,3,36,元大-新盛,2024-04-19,9869
2408,南亞科,35,1,34,元大-新盛,2024-04-19,9869
2344,華邦電,34,1,33,元大-新盛,2024-04-19,9869
2542,興富發,45,12,33,元大-新盛,2024-04-19,9869
2388,威盛,39,7,32,元大-新盛,2024-04-19,9869
6443,元晶,47,16,31,元大-新盛,2024-04-19,9869
1101,台泥,34,3,31,元大-新盛,2024-04-19,9869
2387,精元,30,0,30,元大-新盛,2024-04-19,9869
5534,長虹,46,19,27,元大-新盛,2024-04-19,9869
2009,第一銅,34,9,25,元大-新盛,2024-04-19,9869
00885,富邦越南,24,0,24,元大-新盛,2024-04-19,9869
2881,富邦金,26,2,24,元大-新盛,2024-04-19,9869
2610,華航,46,22,24,元大-新盛,2024-04-19,9869
6213,聯茂,23,0,23,元大-新盛,2024-04-19,9869
2884,玉山金,26,3,23,元大-新盛,2024-04-19,9869
2504,國產,42,19,23,元大-新盛,2024-04-19,9869
2543,皇昌,51,28,23,元大-新盛,2024-04-19,9869
00923,群益台ESG低碳50,28,5,23,元大-新盛,2024-04-19,9869
8054,安國,87,64,23,元大-新盛,2024-04-19,9869
0050,元大台灣50,45,22,23,元大-新盛,2024-04-19,9869
9919,康那香,22,0,22,元大-新盛,2024-04-19,9869
1603,華電,47,25,22,元大-新盛,2024-04-19,9869
00929,復華台灣科技優息,391,101,290,元大-新盛,2024-04-22,9869
1609,大亞,287,66,221,元大-新盛,2024-04-22,9869
00937B,群益ESG投等債20,208,0,208,元大-新盛,2024-04-22,9869
1314,中石化,213,60,153,元大-新盛,2024-04-22,9869
2867,三商壽,158,11,147,元大-新盛,2024-04-22,9869
2883B,凱基金乙特,101,0,101,元大-新盛,2024-04-22,9869
4306,炎洲,105,7,98,元大-新盛,2024-04-22,9869
2303,聯電,71,4,67,元大-新盛,2024-04-22,9869
00680L,元大美債20正2,63,0,63,元大-新盛,2024-04-22,9869
9934,成霖,60,1,59,元大-新盛,2024-04-22,9869
1608,華榮,68,10,58,元大-新盛,2024-04-22,9869
2405,輔信,55,0,55,元大-新盛,2024-04-22,9869
00753L,中信中國50正2,52,0,52,元大-新盛,2024-04-22,9869
00907,永豐優息存股,50,0,50,元大-新盛,2024-04-22,9869
00688L,國泰20年美債正2,50,0,50,元大-新盛,2024-04-22,9869
1440,南紡,50,10,40,元大-新盛,2024-04-22,9869
2367,燿華,39,2,37,元大-新盛,2024-04-22,9869
2371,大同,409,373,36,元大-新盛,2024-04-22,9869
3481,群創,46,10,36,元大-新盛,2024-04-22,9869
8936,國統,51,15,36,元大-新盛,2024-04-22,9869
3231,緯創,53,18,35,元大-新盛,2024-04-22,9869
5512,力麒,71,37,34,元大-新盛,2024-04-22,9869
2101,南港,76,45,31,元大-新盛,2024-04-22,9869
3339,泰谷,31,0,31,元大-新盛,2024-04-22,9869
2421,建準,30,0,30,元大-新盛,2024-04-22,9869
00939,統一台灣高息動能,79,50,29,元大-新盛,2024-04-22,9869
3712,永崴投控,32,5,27,元大-新盛,2024-04-22,9869
2344,華邦電,33,7,26,元大-新盛,2024-04-22,9869
2515,中工,186,161,25,元大-新盛,2024-04-22,9869
1316,上曜,26,1,25,元大-新盛,2024-04-22,9869
00679B,元大美債20年,24,0,24,元大-新盛,2024-04-22,9869
00631L,元大台灣50正2,22,0,22,元大-新盛,2024-04-22,9869
4109,加捷生醫,22,0,22,元大-新盛,2024-04-22,9869
00878,國泰永續高股息,78,57,21,元大-新盛,2024-04-22,9869
1618,合機,38,17,21,元大-新盛,2024-04-22,9869
6015,宏遠證,20,0,20,元大-新盛,2024-04-22,9869
00665L,富邦�琤肭磪囓�2,50,30,20,元大-新盛,2024-04-22,9869
2408,南亞科,19,0,19,元大-新盛,2024-04-22,9869
4532,瑞智,28,9,19,元大-新盛,2024-04-22,9869
3702,大聯大,20,1,19,元大-新盛,2024-04-22,9869
0056,元大高股息,57,38,19,元大-新盛,2024-04-22,9869
2354,鴻準,46,28,18,元大-新盛,2024-04-22,9869
8383,千附,19,1,18,元大-新盛,2024-04-22,9869
2611,志信,18,0,18,元大-新盛,2024-04-22,9869
2356,英業達,22,5,17,元大-新盛,2024-04-22,9869
1457,宜進,18,1,17,元大-新盛,2024-04-22,9869
2382,廣達,23,7,16,元大-新盛,2024-04-22,9869
00882,中信中國高股息,64,48,16,元大-新盛,2024-04-22,9869
5251,天鉞電,25,9,16,元大-新盛,2024-04-22,9869
3015,全漢,22,6,16,元大-新盛,2024-04-22,9869
00878,國泰永續高股息,489,2,487,元大-新盛,2024-04-23,9869
2540,愛山林,370,14,356,元大-新盛,2024-04-23,9869
2515,中工,169,42,127,元大-新盛,2024-04-23,9869
2101,南港,91,5,86,元大-新盛,2024-04-23,9869
00940,元大台灣價值高息,152,71,81,元大-新盛,2024-04-23,9869
00929,復華台灣科技優息,120,42,78,元大-新盛,2024-04-23,9869
1104,環泥,76,0,76,元大-新盛,2024-04-23,9869
1609,大亞,163,97,66,元大-新盛,2024-04-23,9869
1513,中興電,132,70,62,元大-新盛,2024-04-23,9869
00715L,期街口布蘭特正2,51,0,51,元大-新盛,2024-04-23,9869
2393,億光,50,1,49,元大-新盛,2024-04-23,9869
6257,矽格,46,0,46,元大-新盛,2024-04-23,9869
1316,上曜,77,36,41,元大-新盛,2024-04-23,9869
3376,新日興,39,0,39,元大-新盛,2024-04-23,9869
1605,華新,57,27,30,元大-新盛,2024-04-23,9869
3339,泰谷,29,0,29,元大-新盛,2024-04-23,9869
3024,憶聲,26,0,26,元大-新盛,2024-04-23,9869
00631L,元大台灣50正2,25,0,25,元大-新盛,2024-04-23,9869
3715,定穎投控,48,26,22,元大-新盛,2024-04-23,9869
6005,群益證,32,10,22,元大-新盛,2024-04-23,9869
6655,科定,21,0,21,元大-新盛,2024-04-23,9869
1101,台泥,26,5,21,元大-新盛,2024-04-23,9869
1909,榮成,20,0,20,元大-新盛,2024-04-23,9869
4109,加捷生醫,20,0,20,元大-新盛,2024-04-23,9869
2486,一詮,24,5,19,元大-新盛,2024-04-23,9869
2449,京元電子,24,6,18,元大-新盛,2024-04-23,9869
1608,華榮,63,46,17,元大-新盛,2024-04-23,9869
6515,穎崴,20,4,16,元大-新盛,2024-04-23,9869
2610,華航,29,13,16,元大-新盛,2024-04-23,9869
2885,元大金,18,2,16,元大-新盛,2024-04-23,9869
2365,昆盈,15,0,15,元大-新盛,2024-04-23,9869
00939,統一台灣高息動能,25,11,14,元大-新盛,2024-04-23,9869
2546,根基,14,0,14,元大-新盛,2024-04-23,9869
2913,農林,14,0,14,元大-新盛,2024-04-23,9869
2367,燿華,18,4,14,元大-新盛,2024-04-23,9869
5351,鈺創,14,0,14,元大-新盛,2024-04-23,9869
2317,鴻海,39,26,13,元大-新盛,2024-04-23,9869
1616,億泰,14,2,12,元大-新盛,2024-04-23,9869
3289,宜特,12,0,12,元大-新盛,2024-04-23,9869
8936,國統,29,17,12,元大-新盛,2024-04-23,9869
6235,華孚,13,2,11,元大-新盛,2024-04-23,9869
5512,力麒,22,11,11,元大-新盛,2024-04-23,9869
2883B,凱基金乙特,11,0,11,元大-新盛,2024-04-23,9869
5289,宜鼎,11,0,11,元大-新盛,2024-04-23,9869
3703,欣陸,26,15,11,元大-新盛,2024-04-23,9869
3266,昇陽,10,0,10,元大-新盛,2024-04-23,9869
3645,達邁,10,0,10,元大-新盛,2024-04-23,9869
9105,泰金寶-DR,10,0,10,元大-新盛,2024-04-23,9869
4114,健喬,10,0,10,元大-新盛,2024-04-23,9869
5356,協益,10,0,10,元大-新盛,2024-04-23,9869
2317,鴻海,850,136,714,元大-新盛,2024-04-24,9869
00878,國泰永續高股息,524,3,521,元大-新盛,2024-04-24,9869
00929,復華台灣科技優息,319,39,280,元大-新盛,2024-04-24,9869
2206,三陽工業,316,50,266,元大-新盛,2024-04-24,9869
1815,富喬,262,2,260,元大-新盛,2024-04-24,9869
00937B,群益ESG投等債20,172,2,170,元大-新盛,2024-04-24,9869
1609,大亞,205,112,93,元大-新盛,2024-04-24,9869
2883B,凱基金乙特,88,0,88,元大-新盛,2024-04-24,9869
3703,欣陸,74,4,70,元大-新盛,2024-04-24,9869
2891,中信金,52,0,52,元大-新盛,2024-04-24,9869
2509,全坤建,51,0,51,元大-新盛,2024-04-24,9869
3339,泰谷,51,1,50,元大-新盛,2024-04-24,9869
4906,正文,50,0,50,元大-新盛,2024-04-24,9869
00940,元大台灣價值高息,84,35,49,元大-新盛,2024-04-24,9869
3481,群創,57,10,47,元大-新盛,2024-04-24,9869
00632R,元大台灣50反1,77,30,47,元大-新盛,2024-04-24,9869
2393,億光,45,0,45,元大-新盛,2024-04-24,9869
1314,中石化,51,10,41,元大-新盛,2024-04-24,9869
2387,精元,40,0,40,元大-新盛,2024-04-24,9869
2409,友達,34,2,32,元大-新盛,2024-04-24,9869
6264,富裔,31,0,31,元大-新盛,2024-04-24,9869
1457,宜進,30,0,30,元大-新盛,2024-04-24,9869
8011,台通,53,26,27,元大-新盛,2024-04-24,9869
2886,兆豐金,27,0,27,元大-新盛,2024-04-24,9869
1605,華新,33,7,26,元大-新盛,2024-04-24,9869
3623,富晶通,31,5,26,元大-新盛,2024-04-24,9869
00679B,元大美債20年,26,0,26,元大-新盛,2024-04-24,9869
2883,凱基金,30,5,25,元大-新盛,2024-04-24,9869
5324,士開,26,1,25,元大-新盛,2024-04-24,9869
2504,國產,30,7,23,元大-新盛,2024-04-24,9869
2314,台揚,21,0,21,元大-新盛,2024-04-24,9869
2609,陽明,33,12,21,元大-新盛,2024-04-24,9869
3231,緯創,66,45,21,元大-新盛,2024-04-24,9869
6177,達麗,20,0,20,元大-新盛,2024-04-24,9869
4109,加捷生醫,20,0,20,元大-新盛,2024-04-24,9869
2845,遠東銀,20,0,20,元大-新盛,2024-04-24,9869
00680L,元大美債20正2,19,0,19,元大-新盛,2024-04-24,9869
2606,裕民,25,6,19,元大-新盛,2024-04-24,9869
2515,中工,29,11,18,元大-新盛,2024-04-24,9869
2383,台光電,19,2,17,元大-新盛,2024-04-24,9869
3230,錦明,17,0,17,元大-新盛,2024-04-24,9869
2408,南亞科,24,7,17,元大-新盛,2024-04-24,9869
5508,永信建,17,0,17,元大-新盛,2024-04-24,9869
1905,華紙,16,0,16,元大-新盛,2024-04-24,9869
2890,永豐金,15,0,15,元大-新盛,2024-04-24,9869
4938,和碩,15,0,15,元大-新盛,2024-04-24,9869
2356,英業達,75,60,15,元大-新盛,2024-04-24,9869
6695,芯鼎,14,0,14,元大-新盛,2024-04-24,9869
00751B,元大AAA至A公司債,12,0,12,元大-新盛,2024-04-24,9869
8096,擎亞,12,0,12,元大-新盛,2024-04-24,9869
2317,鴻海,607,354,253,元大-新盛,2024-04-25,9869
00688L,國泰20年美債正2,191,0,191,元大-新盛,2024-04-25,9869
00929,復華台灣科技優息,154,15,139,元大-新盛,2024-04-25,9869
00676R,富邦臺灣加權反1,100,10,90,元大-新盛,2024-04-25,9869
2891,中信金,65,1,64,元大-新盛,2024-04-25,9869
2344,華邦電,62,2,60,元大-新盛,2024-04-25,9869
00937B,群益ESG投等債20,57,0,57,元大-新盛,2024-04-25,9869
00680L,元大美債20正2,50,0,50,元大-新盛,2024-04-25,9869
2883B,凱基金乙特,50,0,50,元大-新盛,2024-04-25,9869
3013,晟銘電,61,16,45,元大-新盛,2024-04-25,9869
1909,榮成,65,20,45,元大-新盛,2024-04-25,9869
2618,長榮航,300,256,44,元大-新盛,2024-04-25,9869
00878,國泰永續高股息,40,0,40,元大-新盛,2024-04-25,9869
1451,年興,40,0,40,元大-新盛,2024-04-25,9869
0056,元大高股息,51,12,39,元大-新盛,2024-04-25,9869
2610,華航,62,25,37,元大-新盛,2024-04-25,9869
4532,瑞智,36,2,34,元大-新盛,2024-04-25,9869
1609,大亞,118,86,32,元大-新盛,2024-04-25,9869
1305,華夏,31,0,31,元大-新盛,2024-04-25,9869
3339,泰谷,29,0,29,元大-新盛,2024-04-25,9869
2393,億光,27,1,26,元大-新盛,2024-04-25,9869
3402,漢科,26,0,26,元大-新盛,2024-04-25,9869
1314,中石化,31,6,25,元大-新盛,2024-04-25,9869
6005,群益證,24,0,24,元大-新盛,2024-04-25,9869
8096,擎亞,22,0,22,元大-新盛,2024-04-25,9869
6266,泰詠,23,1,22,元大-新盛,2024-04-25,9869
2892,第一金,22,0,22,元大-新盛,2024-04-25,9869
3715,定穎投控,26,5,21,元大-新盛,2024-04-25,9869
00706L,期元大S＆P日圓正2,21,0,21,元大-新盛,2024-04-25,9869
3037,欣興,26,5,21,元大-新盛,2024-04-25,9869
00679B,元大美債20年,21,0,21,元大-新盛,2024-04-25,9869
00939,統一台灣高息動能,20,0,20,元大-新盛,2024-04-25,9869
6197,佳必琪,37,17,20,元大-新盛,2024-04-25,9869
1413,宏洲,20,0,20,元大-新盛,2024-04-25,9869
4109,加捷生醫,20,0,20,元大-新盛,2024-04-25,9869
3056,富華新,20,0,20,元大-新盛,2024-04-25,9869
6449,鈺邦,20,0,20,元大-新盛,2024-04-25,9869
00919,群益台灣精選高息,21,2,19,元大-新盛,2024-04-25,9869
1301,台塑,18,0,18,元大-新盛,2024-04-25,9869
2534,宏盛,18,0,18,元大-新盛,2024-04-25,9869
2880,華南金,17,0,17,元大-新盛,2024-04-25,9869
6770,力積電,22,5,17,元大-新盛,2024-04-25,9869
2883,凱基金,26,10,16,元大-新盛,2024-04-25,9869
2362,藍天,19,3,16,元大-新盛,2024-04-25,9869
2371,大同,122,106,16,元大-新盛,2024-04-25,9869
6125,廣運,60,44,16,元大-新盛,2024-04-25,9869
2882,國泰金,15,0,15,元大-新盛,2024-04-25,9869
1605,華新,24,9,15,元大-新盛,2024-04-25,9869
6215,和椿,25,10,15,元大-新盛,2024-04-25,9869
6264,富裔,15,0,15,元大-新盛,2024-04-25,9869
00937B,群益ESG投等債20,211,0,211,元大-新盛,2024-04-26,9869
00712,復華富時不動產,182,0,182,元大-新盛,2024-04-26,9869
2025,千興,100,0,100,元大-新盛,2024-04-26,9869
2317,鴻海,158,63,95,元大-新盛,2024-04-26,9869
1451,年興,80,0,80,元大-新盛,2024-04-26,9869
3481,群創,118,41,77,元大-新盛,2024-04-26,9869
2501,國建,100,33,67,元大-新盛,2024-04-26,9869
2421,建準,71,4,67,元大-新盛,2024-04-26,9869
1440,南紡,115,50,65,元大-新盛,2024-04-26,9869
00929,復華台灣科技優息,71,12,59,元大-新盛,2024-04-26,9869
2883B,凱基金乙特,56,0,56,元大-新盛,2024-04-26,9869
6655,科定,50,0,50,元大-新盛,2024-04-26,9869
3324,雙鴻,78,28,50,元大-新盛,2024-04-26,9869
2883,凱基金,51,2,49,元大-新盛,2024-04-26,9869
2030,彰源,60,13,47,元大-新盛,2024-04-26,9869
2101,南港,142,102,40,元大-新盛,2024-04-26,9869
8110,華東,51,13,38,元大-新盛,2024-04-26,9869
2539,櫻花建,37,0,37,元大-新盛,2024-04-26,9869
3289,宜特,39,3,36,元大-新盛,2024-04-26,9869
00679B,元大美債20年,68,32,36,元大-新盛,2024-04-26,9869
2363,矽統,43,13,30,元大-新盛,2024-04-26,9869
6005,群益證,32,4,28,元大-新盛,2024-04-26,9869
2736,富野,76,50,26,元大-新盛,2024-04-26,9869
00878,國泰永續高股息,28,3,25,元大-新盛,2024-04-26,9869
1905,華紙,31,6,25,元大-新盛,2024-04-26,9869
2486,一詮,46,21,25,元大-新盛,2024-04-26,9869
00632R,元大台灣50反1,24,0,24,元大-新盛,2024-04-26,9869
3706,神達,31,8,23,元大-新盛,2024-04-26,9869
0056,元大高股息,47,25,22,元大-新盛,2024-04-26,9869
3036,文曄,23,1,22,元大-新盛,2024-04-26,9869
00919,群益台灣精選高息,27,6,21,元大-新盛,2024-04-26,9869
6288,聯嘉,21,0,21,元大-新盛,2024-04-26,9869
1532,勤美,20,0,20,元大-新盛,2024-04-26,9869
1459,聯發,20,0,20,元大-新盛,2024-04-26,9869
6548,長科*,26,6,20,元大-新盛,2024-04-26,9869
1584,精剛,20,0,20,元大-新盛,2024-04-26,9869
2349,錸德,20,0,20,元大-新盛,2024-04-26,9869
2337,旺宏,19,0,19,元大-新盛,2024-04-26,9869
00670L,富邦NASDAQ正2,18,0,18,元大-新盛,2024-04-26,9869
2344,華邦電,18,2,16,元大-新盛,2024-04-26,9869
1503,士電,23,8,15,元大-新盛,2024-04-26,9869
6190,萬泰科,16,1,15,元大-新盛,2024-04-26,9869
3230,錦明,15,1,14,元大-新盛,2024-04-26,9869
2867,三商壽,13,0,13,元大-新盛,2024-04-26,9869
5521,工信,14,2,12,元大-新盛,2024-04-26,9869
2371,大同,105,93,12,元大-新盛,2024-04-26,9869
00687B,國泰20年美債,14,2,12,元大-新盛,2024-04-26,9869
00942B,台新美A公司債20+,12,0,12,元大-新盛,2024-04-26,9869
2605,新興,16,5,11,元大-新盛,2024-04-26,9869
8390,金益鼎,11,0,11,元大-新盛,2024-04-26,9869
00650L,復華香港正2,522,9,513,元大-新盛,2024-04-29,9869
2317,鴻海,238,73,165,元大-新盛,2024-04-29,9869
00940,元大台灣價值高息,178,46,132,元大-新盛,2024-04-29,9869
2409,友達,100,5,95,元大-新盛,2024-04-29,9869
2101,南港,136,44,92,元大-新盛,2024-04-29,9869
3234,光環,88,2,86,元大-新盛,2024-04-29,9869
00882,中信中國高股息,98,26,72,元大-新盛,2024-04-29,9869
2883B,凱基金乙特,79,13,66,元大-新盛,2024-04-29,9869
4906,正文,60,0,60,元大-新盛,2024-04-29,9869
00937B,群益ESG投等債20,59,1,58,元大-新盛,2024-04-29,9869
2355,敬鵬,50,0,50,元大-新盛,2024-04-29,9869
00679B,元大美債20年,55,6,49,元大-新盛,2024-04-29,9869
1605,華新,55,7,48,元大-新盛,2024-04-29,9869
1451,年興,46,0,46,元大-新盛,2024-04-29,9869
00632R,元大台灣50反1,45,0,45,元大-新盛,2024-04-29,9869
6190,萬泰科,42,1,41,元大-新盛,2024-04-29,9869
6185,幃翔,35,0,35,元大-新盛,2024-04-29,9869
00665L,富邦�琤肭磪囓�2,35,1,34,元大-新盛,2024-04-29,9869
00637L,元大滬深300正2,563,530,33,元大-新盛,2024-04-29,9869
6288,聯嘉,32,0,32,元大-新盛,2024-04-29,9869
2537,聯上發,60,28,32,元大-新盛,2024-04-29,9869
2501,國建,51,21,30,元大-新盛,2024-04-29,9869
2618,長榮航,160,133,27,元大-新盛,2024-04-29,9869
6806,森崴能源,29,3,26,元大-新盛,2024-04-29,9869
1608,華榮,43,18,25,元大-新盛,2024-04-29,9869
2371,大同,67,42,25,元大-新盛,2024-04-29,9869
2891,中信金,105,81,24,元大-新盛,2024-04-29,9869
6177,達麗,30,7,23,元大-新盛,2024-04-29,9869
1587,吉茂,45,23,22,元大-新盛,2024-04-29,9869
2515,中工,126,104,22,元大-新盛,2024-04-29,9869
2363,矽統,42,21,21,元大-新盛,2024-04-29,9869
3686,達能,21,0,21,元大-新盛,2024-04-29,9869
4109,加捷生醫,21,1,20,元大-新盛,2024-04-29,9869
2897,王道銀行,20,0,20,元大-新盛,2024-04-29,9869
9945,潤泰新,45,25,20,元大-新盛,2024-04-29,9869
3703,欣陸,26,7,19,元大-新盛,2024-04-29,9869
2534,宏盛,19,0,19,元大-新盛,2024-04-29,9869
6026,福邦證,20,2,18,元大-新盛,2024-04-29,9869
3312,弘憶股,24,7,17,元大-新盛,2024-04-29,9869
6125,廣運,39,22,17,元大-新盛,2024-04-29,9869
2393,億光,19,3,16,元大-新盛,2024-04-29,9869
2539,櫻花建,16,0,16,元大-新盛,2024-04-29,9869
4714,永捷,18,3,15,元大-新盛,2024-04-29,9869
3266,昇陽,15,0,15,元大-新盛,2024-04-29,9869
0056,元大高股息,34,20,14,元大-新盛,2024-04-29,9869
6219,富旺,13,0,13,元大-新盛,2024-04-29,9869
2329,華泰,27,15,12,元大-新盛,2024-04-29,9869
1524,耿鼎,12,0,12,元大-新盛,2024-04-29,9869
6147,頎邦,11,0,11,元大-新盛,2024-04-29,9869
8069,元太,13,2,11,元大-新盛,2024-04-29,9869
2888,新光金,139,4,135,元大-新盛,2024-04-30,9869
8064,東捷,117,1,116,元大-新盛,2024-04-30,9869
3481,群創,122,13,109,元大-新盛,2024-04-30,9869
1314,中石化,153,45,108,元大-新盛,2024-04-30,9869
00929,復華台灣科技優息,84,4,80,元大-新盛,2024-04-30,9869
1316,上曜,81,8,73,元大-新盛,2024-04-30,9869
5608,四維航,67,0,67,元大-新盛,2024-04-30,9869
2884,玉山金,57,3,54,元大-新盛,2024-04-30,9869
9945,潤泰新,67,16,51,元大-新盛,2024-04-30,9869
2515,中工,85,34,51,元大-新盛,2024-04-30,9869
4906,正文,50,0,50,元大-新盛,2024-04-30,9869
6016,康和證,50,3,47,元大-新盛,2024-04-30,9869
2705,六福,54,8,46,元大-新盛,2024-04-30,9869
2363,矽統,86,52,34,元大-新盛,2024-04-30,9869
0056,元大高股息,72,39,33,元大-新盛,2024-04-30,9869
3686,達能,42,9,33,元大-新盛,2024-04-30,9869
2368,金像電,33,2,31,元大-新盛,2024-04-30,9869
1451,年興,30,0,30,元大-新盛,2024-04-30,9869
1605,華新,28,0,28,元大-新盛,2024-04-30,9869
8096,擎亞,41,14,27,元大-新盛,2024-04-30,9869
00882,中信中國高股息,48,22,26,元大-新盛,2024-04-30,9869
00919,群益台灣精選高息,25,0,25,元大-新盛,2024-04-30,9869
00720B,元大投資級公司債,25,1,24,元大-新盛,2024-04-30,9869
2393,億光,23,0,23,元大-新盛,2024-04-30,9869
3666,光耀,25,2,23,元大-新盛,2024-04-30,9869
8926,台汽電,20,0,20,元大-新盛,2024-04-30,9869
00937B,群益ESG投等債20,26,6,20,元大-新盛,2024-04-30,9869
6190,萬泰科,20,1,19,元大-新盛,2024-04-30,9869
2891,中信金,36,17,19,元大-新盛,2024-04-30,9869
2609,陽明,36,19,17,元大-新盛,2024-04-30,9869
1560,中砂,16,0,16,元大-新盛,2024-04-30,9869
2611,志信,25,9,16,元大-新盛,2024-04-30,9869
8110,華東,16,0,16,元大-新盛,2024-04-30,9869
2303,聯電,36,20,16,元大-新盛,2024-04-30,9869
2449,京元電子,14,0,14,元大-新盛,2024-04-30,9869
00926,凱基全球菁英55,14,0,14,元大-新盛,2024-04-30,9869
1905,華紙,14,0,14,元大-新盛,2024-04-30,9869
5009,榮剛,19,5,14,元大-新盛,2024-04-30,9869
00891,中信關鍵半導體,16,3,13,元大-新盛,2024-04-30,9869
2913,農林,16,3,13,元大-新盛,2024-04-30,9869
2534,宏盛,13,0,13,元大-新盛,2024-04-30,9869
2890,永豐金,20,7,13,元大-新盛,2024-04-30,9869
2882,國泰金,14,2,12,元大-新盛,2024-04-30,9869
00939,統一台灣高息動能,12,0,12,元大-新盛,2024-04-30,9869
2630,亞航,12,1,11,元大-新盛,2024-04-30,9869
2880,華南金,18,7,11,元大-新盛,2024-04-30,9869
3363,上詮,16,5,11,元大-新盛,2024-04-30,9869
2530,華建,10,0,10,元大-新盛,2024-04-30,9869
00942B,台新美A公司債20+,10,0,10,元大-新盛,2024-04-30,9869
2506,太設,11,1,10,元大-新盛,2024-04-30,9869
00687B,國泰20年美債,234,1,233,元大-新盛,2024-05-02,9869
00937B,群益ESG投等債20,216,0,216,元大-新盛,2024-05-02,9869
00878,國泰永續高股息,142,0,142,元大-新盛,2024-05-02,9869
2542,興富發,114,22,92,元大-新盛,2024-05-02,9869
00715L,期街口布蘭特正2,75,0,75,元大-新盛,2024-05-02,9869
2883B,凱基金乙特,69,0,69,元大-新盛,2024-05-02,9869
00933B,國泰10Y+金融債,64,0,64,元大-新盛,2024-05-02,9869
3481,群創,54,4,50,元大-新盛,2024-05-02,9869
00945B,凱基美國非投等債,50,0,50,元大-新盛,2024-05-02,9869
2515,中工,80,30,50,元大-新盛,2024-05-02,9869
5469,瀚宇博,50,1,49,元大-新盛,2024-05-02,9869
2501,國建,289,243,46,元大-新盛,2024-05-02,9869
1616,億泰,50,7,43,元大-新盛,2024-05-02,9869
5258,虹堡,44,0,44,元大-新盛,2024-05-02,9869
2889,國票金,40,0,40,元大-新盛,2024-05-02,9869
1806,冠軍,40,0,40,元大-新盛,2024-05-02,9869
2401,凌陽,33,0,33,元大-新盛,2024-05-02,9869
00642U,期元大S＆P石油,30,0,30,元大-新盛,2024-05-02,9869
1440,南紡,44,17,27,元大-新盛,2024-05-02,9869
2337,旺宏,30,4,26,元大-新盛,2024-05-02,9869
1513,中興電,54,29,25,元大-新盛,2024-05-02,9869
6269,台郡,26,2,24,元大-新盛,2024-05-02,9869
2330,台積電,26,2,24,元大-新盛,2024-05-02,9869
4909,新復興,45,22,23,元大-新盛,2024-05-02,9869
2442,新美齊,31,10,21,元大-新盛,2024-05-02,9869
6446,藥華藥,20,0,20,元大-新盛,2024-05-02,9869
2371,大同,157,138,19,元大-新盛,2024-05-02,9869
1605,華新,18,0,18,元大-新盛,2024-05-02,9869
2303,聯電,28,11,17,元大-新盛,2024-05-02,9869
2539,櫻花建,17,0,17,元大-新盛,2024-05-02,9869
1725,元禎,19,2,17,元大-新盛,2024-05-02,9869
5608,四維航,17,0,17,元大-新盛,2024-05-02,9869
6770,力積電,30,14,16,元大-新盛,2024-05-02,9869
2611,志信,18,2,16,元大-新盛,2024-05-02,9869
1309,台達化,16,0,16,元大-新盛,2024-05-02,9869
3686,達能,18,2,16,元大-新盛,2024-05-02,9869
00919,群益台灣精選高息,19,4,15,元大-新盛,2024-05-02,9869
3703,欣陸,34,19,15,元大-新盛,2024-05-02,9869
6655,科定,15,1,14,元大-新盛,2024-05-02,9869
9105,泰金寶-DR,14,0,14,元大-新盛,2024-05-02,9869
1609,大亞,29,15,14,元大-新盛,2024-05-02,9869
3605,宏致,13,0,13,元大-新盛,2024-05-02,9869
2354,鴻準,19,6,13,元大-新盛,2024-05-02,9869
2834,臺企銀,16,3,13,元大-新盛,2024-05-02,9869
1321,大洋,12,0,12,元大-新盛,2024-05-02,9869
2393,億光,14,2,12,元大-新盛,2024-05-02,9869
5511,德昌,13,1,12,元大-新盛,2024-05-02,9869
00708L,期元大S＆P黃金正2,11,0,11,元大-新盛,2024-05-02,9869
4155,訊映,12,1,11,元大-新盛,2024-05-02,9869
1451,年興,10,0,10,元大-新盛,2024-05-02,9869
00688L,國泰20年美債正2,301,9,292,元大-新盛,2024-05-03,9869
00937B,群益ESG投等債20,206,1,205,元大-新盛,2024-05-03,9869
2317,鴻海,264,63,201,元大-新盛,2024-05-03,9869
2344,華邦電,144,7,137,元大-新盛,2024-05-03,9869
9945,潤泰新,200,95,105,元大-新盛,2024-05-03,9869
1451,年興,100,0,100,元大-新盛,2024-05-03,9869
1720,生達,90,0,90,元大-新盛,2024-05-03,9869
5469,瀚宇博,68,0,68,元大-新盛,2024-05-03,9869
6770,力積電,101,33,68,元大-新盛,2024-05-03,9869
2618,長榮航,220,153,67,元大-新盛,2024-05-03,9869
2392,正崴,74,19,55,元大-新盛,2024-05-03,9869
00929,復華台灣科技優息,63,9,54,元大-新盛,2024-05-03,9869
3339,泰谷,51,0,51,元大-新盛,2024-05-03,9869
2609,陽明,75,28,47,元大-新盛,2024-05-03,9869
1608,華榮,59,16,43,元大-新盛,2024-05-03,9869
5512,力麒,47,5,42,元大-新盛,2024-05-03,9869
00933B,國泰10Y+金融債,42,1,41,元大-新盛,2024-05-03,9869
1316,上曜,78,37,41,元大-新盛,2024-05-03,9869
1806,冠軍,40,0,40,元大-新盛,2024-05-03,9869
6016,康和證,39,0,39,元大-新盛,2024-05-03,9869
3231,緯創,43,5,38,元大-新盛,2024-05-03,9869
2603,長榮,58,20,38,元大-新盛,2024-05-03,9869
1905,華紙,45,8,37,元大-新盛,2024-05-03,9869
00877,復華中國5G,35,0,35,元大-新盛,2024-05-03,9869
00940,元大台灣價值高息,66,32,34,元大-新盛,2024-05-03,9869
6120,達運,32,1,31,元大-新盛,2024-05-03,9869
00919,群益台灣精選高息,37,6,31,元大-新盛,2024-05-03,9869
3266,昇陽,30,0,30,元大-新盛,2024-05-03,9869
00665L,富邦�琤肭磪囓�2,31,2,29,元大-新盛,2024-05-03,9869
8390,金益鼎,26,0,26,元大-新盛,2024-05-03,9869
00712,復華富時不動產,25,2,23,元大-新盛,2024-05-03,9869
1514,亞力,28,6,22,元大-新盛,2024-05-03,9869
00878,國泰永續高股息,24,4,20,元大-新盛,2024-05-03,9869
5258,虹堡,20,0,20,元大-新盛,2024-05-03,9869
00891,中信關鍵半導體,18,0,18,元大-新盛,2024-05-03,9869
3013,晟銘電,17,1,16,元大-新盛,2024-05-03,9869
2611,志信,23,7,16,元大-新盛,2024-05-03,9869
00941,中信上游半導體,19,3,16,元大-新盛,2024-05-03,9869
2913,農林,17,1,16,元大-新盛,2024-05-03,9869
1815,富喬,17,2,15,元大-新盛,2024-05-03,9869
2354,鴻準,29,14,15,元大-新盛,2024-05-03,9869
8064,東捷,16,2,14,元大-新盛,2024-05-03,9869
2537,聯上發,15,1,14,元大-新盛,2024-05-03,9869
8011,台通,16,2,14,元大-新盛,2024-05-03,9869
6538,倉和,14,1,13,元大-新盛,2024-05-03,9869
6138,茂達,13,0,13,元大-新盛,2024-05-03,9869
1714,和桐,13,0,13,元大-新盛,2024-05-03,9869
2812,台中銀,13,0,13,元大-新盛,2024-05-03,9869
3706,神達,12,0,12,元大-新盛,2024-05-03,9869
6190,萬泰科,12,0,12,元大-新盛,2024-05-03,9869
2883,凱基金,188,37,151,元大-新盛,2024-05-06,9869
2317,鴻海,295,151,144,元大-新盛,2024-05-06,9869
2884,玉山金,116,17,99,元大-新盛,2024-05-06,9869
00937B,群益ESG投等債20,95,3,92,元大-新盛,2024-05-06,9869
00878,國泰永續高股息,95,19,76,元大-新盛,2024-05-06,9869
9105,泰金寶-DR,77,5,72,元大-新盛,2024-05-06,9869
1451,年興,71,0,71,元大-新盛,2024-05-06,9869
1732,毛寶,100,30,70,元大-新盛,2024-05-06,9869
00919,群益台灣精選高息,69,0,69,元大-新盛,2024-05-06,9869
1316,上曜,66,6,60,元大-新盛,2024-05-06,9869
5512,力麒,62,3,59,元大-新盛,2024-05-06,9869
2501,國建,74,17,57,元大-新盛,2024-05-06,9869
2547,日勝生,54,0,54,元大-新盛,2024-05-06,9869
00637L,元大滬深300正2,180,127,53,元大-新盛,2024-05-06,9869
2352,佳世達,64,11,53,元大-新盛,2024-05-06,9869
5469,瀚宇博,53,0,53,元大-新盛,2024-05-06,9869
2603,長榮,119,67,52,元大-新盛,2024-05-06,9869
4906,正文,50,0,50,元大-新盛,2024-05-06,9869
1314,中石化,60,13,47,元大-新盛,2024-05-06,9869
2504,國產,52,5,47,元大-新盛,2024-05-06,9869
2449,京元電子,70,25,45,元大-新盛,2024-05-06,9869
2542,興富發,64,20,44,元大-新盛,2024-05-06,9869
5521,工信,40,0,40,元大-新盛,2024-05-06,9869
2915,潤泰全,41,1,40,元大-新盛,2024-05-06,9869
2506,太設,41,3,38,元大-新盛,2024-05-06,9869
3537,堡達,38,0,38,元大-新盛,2024-05-06,9869
2516,新建,40,3,37,元大-新盛,2024-05-06,9869
2371,大同,55,24,31,元大-新盛,2024-05-06,9869
1605,華新,30,0,30,元大-新盛,2024-05-06,9869
2888,新光金,138,109,29,元大-新盛,2024-05-06,9869
2337,旺宏,26,0,26,元大-新盛,2024-05-06,9869
6177,達麗,28,3,25,元大-新盛,2024-05-06,9869
6668,中揚光,25,0,25,元大-新盛,2024-05-06,9869
00933B,國泰10Y+金融債,25,1,24,元大-新盛,2024-05-06,9869
00929,復華台灣科技優息,100,77,23,元大-新盛,2024-05-06,9869
00665L,富邦�琤肭磪囓�2,23,0,23,元大-新盛,2024-05-06,9869
1453,大將,25,2,23,元大-新盛,2024-05-06,9869
6770,力積電,26,3,23,元大-新盛,2024-05-06,9869
2618,長榮航,87,65,22,元大-新盛,2024-05-06,9869
1720,生達,20,0,20,元大-新盛,2024-05-06,9869
00877,復華中國5G,20,0,20,元大-新盛,2024-05-06,9869
5223,安力-KY,20,0,20,元大-新盛,2024-05-06,9869
5548,安倉,20,0,20,元大-新盛,2024-05-06,9869
2539,櫻花建,19,0,19,元大-新盛,2024-05-06,9869
2515,中工,122,104,18,元大-新盛,2024-05-06,9869
2356,英業達,26,9,17,元大-新盛,2024-05-06,9869
2537,聯上發,17,1,16,元大-新盛,2024-05-06,9869
3564,其陽,15,0,15,元大-新盛,2024-05-06,9869
2329,華泰,17,3,14,元大-新盛,2024-05-06,9869
00680L,元大美債20正2,19,5,14,元大-新盛,2024-05-06,9869
00937B,群益ESG投等債20,381,9,372,元大-新盛,2024-05-07,9869
00929,復華台灣科技優息,192,16,176,元大-新盛,2024-05-07,9869
2888,新光金,159,20,139,元大-新盛,2024-05-07,9869
1451,年興,106,0,106,元大-新盛,2024-05-07,9869
6274,台燿,245,151,94,元大-新盛,2024-05-07,9869
2542,興富發,94,9,85,元大-新盛,2024-05-07,9869
00940,元大台灣價值高息,145,75,70,元大-新盛,2024-05-07,9869
6188,廣明,96,31,65,元大-新盛,2024-05-07,9869
1316,上曜,77,13,64,元大-新盛,2024-05-07,9869
3033,威健,76,20,56,元大-新盛,2024-05-07,9869
2504,國產,57,5,52,元大-新盛,2024-05-07,9869
3481,群創,53,3,50,元大-新盛,2024-05-07,9869
3013,晟銘電,86,36,50,元大-新盛,2024-05-07,9869
5469,瀚宇博,50,0,50,元大-新盛,2024-05-07,9869
2537,聯上發,47,0,47,元大-新盛,2024-05-07,9869
0056,元大高股息,75,30,45,元大-新盛,2024-05-07,9869
1449,佳和,48,8,40,元大-新盛,2024-05-07,9869
1314,中石化,55,16,39,元大-新盛,2024-05-07,9869
1805,寶徠,40,1,39,元大-新盛,2024-05-07,9869
3372,典範,35,0,35,元大-新盛,2024-05-07,9869
2539,櫻花建,33,0,33,元大-新盛,2024-05-07,9869
1720,生達,30,0,30,元大-新盛,2024-05-07,9869
00919,群益台灣精選高息,27,0,27,元大-新盛,2024-05-07,9869
00650L,復華香港正2,26,0,26,元大-新盛,2024-05-07,9869
2520,冠德,42,17,25,元大-新盛,2024-05-07,9869
00632R,元大台灣50反1,31,7,24,元大-新盛,2024-05-07,9869
2328,廣宇,23,0,23,元大-新盛,2024-05-07,9869
6133,金橋,22,0,22,元大-新盛,2024-05-07,9869
1609,大亞,49,27,22,元大-新盛,2024-05-07,9869
3406,玉晶光,20,0,20,元大-新盛,2024-05-07,9869
00891,中信關鍵半導體,26,6,20,元大-新盛,2024-05-07,9869
1905,華紙,19,0,19,元大-新盛,2024-05-07,9869
1532,勤美,50,33,17,元大-新盛,2024-05-07,9869
2344,華邦電,22,5,17,元大-新盛,2024-05-07,9869
2317,鴻海,78,61,17,元大-新盛,2024-05-07,9869
4306,炎洲,16,0,16,元大-新盛,2024-05-07,9869
2359,所羅門,25,9,16,元大-新盛,2024-05-07,9869
2354,鴻準,23,8,15,元大-新盛,2024-05-07,9869
4303,信立,20,5,15,元大-新盛,2024-05-07,9869
5525,順天,14,0,14,元大-新盛,2024-05-07,9869
8096,擎亞,27,13,14,元大-新盛,2024-05-07,9869
2002,中鋼,17,4,13,元大-新盛,2024-05-07,9869
2618,長榮航,116,103,13,元大-新盛,2024-05-07,9869
0050,元大台灣50,40,27,13,元大-新盛,2024-05-07,9869
00934,中信成長高股息,13,0,13,元大-新盛,2024-05-07,9869
2889,國票金,13,0,13,元大-新盛,2024-05-07,9869
8033,雷虎,12,0,12,元大-新盛,2024-05-07,9869
6282,康舒,12,0,12,元大-新盛,2024-05-07,9869
2530,華建,14,2,12,元大-新盛,2024-05-07,9869
6768,志強-KY,12,0,12,元大-新盛,2024-05-07,9869
00929,復華台灣科技優息,141,1,140,元大-新盛,2024-05-08,9869
3036,文曄,128,1,127,元大-新盛,2024-05-08,9869
1609,大亞,123,28,95,元大-新盛,2024-05-08,9869
5469,瀚宇博,90,7,83,元大-新盛,2024-05-08,9869
00937B,群益ESG投等債20,84,13,71,元大-新盛,2024-05-08,9869
00940,元大台灣價值高息,98,38,60,元大-新盛,2024-05-08,9869
6283,淳安,60,1,59,元大-新盛,2024-05-08,9869
00932,兆豐永續高息等權,50,0,50,元大-新盛,2024-05-08,9869
6005,群益證,51,4,47,元大-新盛,2024-05-08,9869
9105,泰金寶-DR,54,8,46,元大-新盛,2024-05-08,9869
2883,凱基金,68,24,44,元大-新盛,2024-05-08,9869
3339,泰谷,48,7,41,元大-新盛,2024-05-08,9869
1451,年興,40,0,40,元大-新盛,2024-05-08,9869
1608,華榮,46,7,39,元大-新盛,2024-05-08,9869
2374,佳能,85,47,38,元大-新盛,2024-05-08,9869
2603,長榮,58,20,38,元大-新盛,2024-05-08,9869
2855,統一證,40,5,35,元大-新盛,2024-05-08,9869
2317,鴻海,58,25,33,元大-新盛,2024-05-08,9869
2338,光罩,34,2,32,元大-新盛,2024-05-08,9869
00637L,元大滬深300正2,31,0,31,元大-新盛,2024-05-08,9869
3481,群創,36,6,30,元大-新盛,2024-05-08,9869
00919,群益台灣精選高息,31,2,29,元大-新盛,2024-05-08,9869
1612,宏泰,35,8,27,元大-新盛,2024-05-08,9869
2539,櫻花建,46,20,26,元大-新盛,2024-05-08,9869
2501,國建,29,4,25,元大-新盛,2024-05-08,9869
6134,萬旭,27,3,24,元大-新盛,2024-05-08,9869
2534,宏盛,24,0,24,元大-新盛,2024-05-08,9869
6177,達麗,27,5,22,元大-新盛,2024-05-08,9869
1314,中石化,26,5,21,元大-新盛,2024-05-08,9869
5213,亞昕,21,0,21,元大-新盛,2024-05-08,9869
6186,新潤,25,4,21,元大-新盛,2024-05-08,9869
5871,中租-KY,26,5,21,元大-新盛,2024-05-08,9869
2542,興富發,21,0,21,元大-新盛,2024-05-08,9869
5223,安力-KY,20,0,20,元大-新盛,2024-05-08,9869
2363,矽統,63,44,19,元大-新盛,2024-05-08,9869
4933,友輝,18,0,18,元大-新盛,2024-05-08,9869
3324,雙鴻,23,5,18,元大-新盛,2024-05-08,9869
8401,白紗科,17,0,17,元大-新盛,2024-05-08,9869
3714,富采,16,0,16,元大-新盛,2024-05-08,9869
2705,六福,16,0,16,元大-新盛,2024-05-08,9869
4973,廣穎,22,6,16,元大-新盛,2024-05-08,9869
2061,風青,17,1,16,元大-新盛,2024-05-08,9869
4967,十銓,44,28,16,元大-新盛,2024-05-08,9869
00712,復華富時不動產,17,2,15,元大-新盛,2024-05-08,9869
2701,萬企,15,0,15,元大-新盛,2024-05-08,9869
6419,京晨科,15,0,15,元大-新盛,2024-05-08,9869
6215,和椿,32,17,15,元大-新盛,2024-05-08,9869
2002,中鋼,14,0,14,元大-新盛,2024-05-08,9869
2520,冠德,22,8,14,元大-新盛,2024-05-08,9869
1309,台達化,14,0,14,元大-新盛,2024-05-08,9869
00937B,群益ESG投等債20,455,13,442,元大-新盛,2024-05-09,9869
00687B,國泰20年美債,247,0,247,元大-新盛,2024-05-09,9869
00929,復華台灣科技優息,185,2,183,元大-新盛,2024-05-09,9869
00919,群益台灣精選高息,139,16,123,元大-新盛,2024-05-09,9869
2618,長榮航,182,78,104,元大-新盛,2024-05-09,9869
3036,文曄,108,12,96,元大-新盛,2024-05-09,9869
2367,燿華,127,32,95,元大-新盛,2024-05-09,9869
3231,緯創,90,6,84,元大-新盛,2024-05-09,9869
2371,大同,105,33,72,元大-新盛,2024-05-09,9869
2888,新光金,153,85,68,元大-新盛,2024-05-09,9869
2201,裕隆,63,4,59,元大-新盛,2024-05-09,9869
1605,華新,62,3,59,元大-新盛,2024-05-09,9869
8271,宇瞻,51,0,51,元大-新盛,2024-05-09,9869
00935,野村臺灣新科技50,50,0,50,元大-新盛,2024-05-09,9869
00688L,國泰20年美債正2,50,0,50,元大-新盛,2024-05-09,9869
1714,和桐,51,1,50,元大-新盛,2024-05-09,9869
5469,瀚宇博,50,0,50,元大-新盛,2024-05-09,9869
00650L,復華香港正2,100,52,48,元大-新盛,2024-05-09,9869
2489,瑞軒,59,18,41,元大-新盛,2024-05-09,9869
1815,富喬,49,8,41,元大-新盛,2024-05-09,9869
5871,中租-KY,41,1,40,元大-新盛,2024-05-09,9869
6282,康舒,38,3,35,元大-新盛,2024-05-09,9869
00936,台新永續高息中小,34,0,34,元大-新盛,2024-05-09,9869
2736,富野,35,1,34,元大-新盛,2024-05-09,9869
2501,國建,62,29,33,元大-新盛,2024-05-09,9869
2408,南亞科,34,1,33,元大-新盛,2024-05-09,9869
00944,野村趨勢動能高息,32,0,32,元大-新盛,2024-05-09,9869
00715L,期街口布蘭特正2,50,18,32,元大-新盛,2024-05-09,9869
2726,雅茗-KY,31,0,31,元大-新盛,2024-05-09,9869
6005,群益證,31,1,30,元大-新盛,2024-05-09,9869
2344,華邦電,30,1,29,元大-新盛,2024-05-09,9869
2883,凱基金,51,22,29,元大-新盛,2024-05-09,9869
3047,訊舟,31,3,28,元大-新盛,2024-05-09,9869
3339,泰谷,30,2,28,元大-新盛,2024-05-09,9869
2834,臺企銀,78,52,26,元大-新盛,2024-05-09,9869
3686,達能,25,0,25,元大-新盛,2024-05-09,9869
2328,廣宇,41,17,24,元大-新盛,2024-05-09,9869
2101,南港,43,19,24,元大-新盛,2024-05-09,9869
6170,統振,32,10,22,元大-新盛,2024-05-09,9869
00679B,元大美債20年,22,1,21,元大-新盛,2024-05-09,9869
3481,群創,22,1,21,元大-新盛,2024-05-09,9869
3324,雙鴻,25,5,20,元大-新盛,2024-05-09,9869
1609,大亞,34,14,20,元大-新盛,2024-05-09,9869
3266,昇陽,20,0,20,元大-新盛,2024-05-09,9869
2337,旺宏,18,0,18,元大-新盛,2024-05-09,9869
8088,品安,48,30,18,元大-新盛,2024-05-09,9869
1615,大山,21,4,17,元大-新盛,2024-05-09,9869
2528,皇普,29,13,16,元大-新盛,2024-05-09,9869
5512,力麒,16,0,16,元大-新盛,2024-05-09,9869
8112,至上,27,11,16,元大-新盛,2024-05-09,9869
00929,復華台灣科技優息,271,16,255,元大-新盛,2024-05-10,9869
00946,群益科技高息成長,125,32,93,元大-新盛,2024-05-10,9869
6177,達麗,160,68,92,元大-新盛,2024-05-10,9869
2317,鴻海,95,17,78,元大-新盛,2024-05-10,9869
9105,泰金寶-DR,82,5,77,元大-新盛,2024-05-10,9869
1314,中石化,63,2,61,元大-新盛,2024-05-10,9869
00679B,元大美債20年,58,1,57,元大-新盛,2024-05-10,9869
00937B,群益ESG投等債20,65,10,55,元大-新盛,2024-05-10,9869
00712,復華富時不動產,50,3,47,元大-新盛,2024-05-10,9869
2855,統一證,45,4,41,元大-新盛,2024-05-10,9869
6283,淳安,40,0,40,元大-新盛,2024-05-10,9869
00919,群益台灣精選高息,39,2,37,元大-新盛,2024-05-10,9869
2388,威盛,43,6,37,元大-新盛,2024-05-10,9869
2313,華通,49,14,35,元大-新盛,2024-05-10,9869
3481,群創,37,5,32,元大-新盛,2024-05-10,9869
2605,新興,95,64,31,元大-新盛,2024-05-10,9869
4916,事欣科,31,0,31,元大-新盛,2024-05-10,9869
6278,台表科,30,0,30,元大-新盛,2024-05-10,9869
6284,佳邦,29,0,29,元大-新盛,2024-05-10,9869
2206,三陽工業,30,2,28,元大-新盛,2024-05-10,9869
8112,至上,51,25,26,元大-新盛,2024-05-10,9869
00891,中信關鍵半導體,28,4,24,元大-新盛,2024-05-10,9869
2449,京元電子,23,0,23,元大-新盛,2024-05-10,9869
1806,冠軍,22,0,22,元大-新盛,2024-05-10,9869
2344,華邦電,24,2,22,元大-新盛,2024-05-10,9869
00936,台新永續高息中小,22,0,22,元大-新盛,2024-05-10,9869
5213,亞昕,21,0,21,元大-新盛,2024-05-10,9869
2409,友達,23,3,20,元大-新盛,2024-05-10,9869
3013,晟銘電,74,56,18,元大-新盛,2024-05-10,9869
6538,倉和,21,4,17,元大-新盛,2024-05-10,9869
3339,泰谷,30,13,17,元大-新盛,2024-05-10,9869
2353,宏��,24,7,17,元大-新盛,2024-05-10,9869
2606,裕民,101,85,16,元大-新盛,2024-05-10,9869
4907,富宇,16,0,16,元大-新盛,2024-05-10,9869
00650L,復華香港正2,79,63,16,元大-新盛,2024-05-10,9869
2365,昆盈,15,0,15,元大-新盛,2024-05-10,9869
00632R,元大台灣50反1,15,0,15,元大-新盛,2024-05-10,9869
2548,華固,15,1,14,元大-新盛,2024-05-10,9869
2534,宏盛,14,0,14,元大-新盛,2024-05-10,9869
6443,元晶,16,4,12,元大-新盛,2024-05-10,9869
3033,威健,12,0,12,元大-新盛,2024-05-10,9869
6668,中揚光,13,1,12,元大-新盛,2024-05-10,9869
3217,優群,12,0,12,元大-新盛,2024-05-10,9869
00932,兆豐永續高息等權,14,2,12,元大-新盛,2024-05-10,9869
2637,慧洋-KY,18,6,12,元大-新盛,2024-05-10,9869
3005,神基,11,0,11,元大-新盛,2024-05-10,9869
3036,文曄,14,3,11,元大-新盛,2024-05-10,9869
006208,富邦台50,11,0,11,元大-新盛,2024-05-10,9869
8150,南茂,10,0,10,元大-新盛,2024-05-10,9869
2419,仲琦,10,0,10,元大-新盛,2024-05-10,9869
00937B,群益ESG投等債20,341,8,333,元大-新盛,2024-05-13,9869
00687B,國泰20年美債,239,3,236,元大-新盛,2024-05-13,9869
1714,和桐,207,10,197,元大-新盛,2024-05-13,9869
00637L,元大滬深300正2,262,75,187,元大-新盛,2024-05-13,9869
2618,長榮航,207,52,155,元大-新盛,2024-05-13,9869
6177,達麗,78,2,76,元大-新盛,2024-05-13,9869
2371,大同,107,54,53,元大-新盛,2024-05-13,9869
00929,復華台灣科技優息,108,58,50,元大-新盛,2024-05-13,9869
6213,聯茂,50,0,50,元大-新盛,2024-05-13,9869
3231,緯創,51,3,48,元大-新盛,2024-05-13,9869
5608,四維航,51,7,44,元大-新盛,2024-05-13,9869
2317,鴻海,60,22,38,元大-新盛,2024-05-13,9869
00932,兆豐永續高息等權,32,0,32,元大-新盛,2024-05-13,9869
6538,倉和,39,8,31,元大-新盛,2024-05-13,9869
2421,建準,32,2,30,元大-新盛,2024-05-13,9869
1314,中石化,32,3,29,元大-新盛,2024-05-13,9869
3260,威剛,44,20,24,元大-新盛,2024-05-13,9869
00891,中信關鍵半導體,22,0,22,元大-新盛,2024-05-13,9869
2406,國碩,39,18,21,元大-新盛,2024-05-13,9869
3339,泰谷,26,5,21,元大-新盛,2024-05-13,9869
00664R,國泰臺灣加權反1,20,0,20,元大-新盛,2024-05-13,9869
2441,超豐,20,0,20,元大-新盛,2024-05-13,9869
2855,統一證,20,0,20,元大-新盛,2024-05-13,9869
6265,方土昶,20,0,20,元大-新盛,2024-05-13,9869
1513,中興電,33,13,20,元大-新盛,2024-05-13,9869
2611,志信,20,1,19,元大-新盛,2024-05-13,9869
1444,力麗,21,2,19,元大-新盛,2024-05-13,9869
00679B,元大美債20年,19,1,18,元大-新盛,2024-05-13,9869
3363,上詮,24,6,18,元大-新盛,2024-05-13,9869
4303,信立,29,11,18,元大-新盛,2024-05-13,9869
2444,兆勁,20,2,18,元大-新盛,2024-05-13,9869
3031,佰鴻,17,0,17,元大-新盛,2024-05-13,9869
00940,元大台灣價值高息,48,32,16,元大-新盛,2024-05-13,9869
2851,中再保,16,0,16,元大-新盛,2024-05-13,9869
2903,遠百,16,0,16,元大-新盛,2024-05-13,9869
6806,森崴能源,25,10,15,元大-新盛,2024-05-13,9869
2504,國產,18,3,15,元大-新盛,2024-05-13,9869
00927,群益半導體收益,14,0,14,元大-新盛,2024-05-13,9869
0056,元大高股息,33,20,13,元大-新盛,2024-05-13,9869
2017,官田鋼,14,1,13,元大-新盛,2024-05-13,9869
1447,力鵬,13,0,13,元大-新盛,2024-05-13,9869
1616,億泰,13,0,13,元大-新盛,2024-05-13,9869
1608,華榮,13,1,12,元大-新盛,2024-05-13,9869
6023,元大期,12,0,12,元大-新盛,2024-05-13,9869
6170,統振,11,0,11,元大-新盛,2024-05-13,9869
00905,FT臺灣Smart,12,1,11,元大-新盛,2024-05-13,9869
00632R,元大台灣50反1,11,0,11,元大-新盛,2024-05-13,9869
1605,華新,13,2,11,元大-新盛,2024-05-13,9869
5521,工信,10,0,10,元大-新盛,2024-05-13,9869
2634,漢翔,12,2,10,元大-新盛,2024-05-13,9869
2002,中鋼,195,11,184,元大-新盛,2024-05-14,9869
1721,三晃,156,0,156,元大-新盛,2024-05-14,9869
2101,南港,317,162,155,元大-新盛,2024-05-14,9869
00637L,元大滬深300正2,151,13,138,元大-新盛,2024-05-14,9869
00919,群益台灣精選高息,116,2,114,元大-新盛,2024-05-14,9869
00929,復華台灣科技優息,87,0,87,元大-新盛,2024-05-14,9869
4306,炎洲,80,0,80,元大-新盛,2024-05-14,9869
2353,宏��,164,88,76,元大-新盛,2024-05-14,9869
00937B,群益ESG投等債20,72,0,72,元大-新盛,2024-05-14,9869
2888,新光金,70,0,70,元大-新盛,2024-05-14,9869
9945,潤泰新,149,85,64,元大-新盛,2024-05-14,9869
3231,緯創,94,32,62,元大-新盛,2024-05-14,9869
6163,華電網,50,0,50,元大-新盛,2024-05-14,9869
5225,東科-KY,50,0,50,元大-新盛,2024-05-14,9869
2615,萬海,366,317,49,元大-新盛,2024-05-14,9869
4714,永捷,51,5,46,元大-新盛,2024-05-14,9869
00936,台新永續高息中小,46,0,46,元大-新盛,2024-05-14,9869
3537,堡達,40,0,40,元大-新盛,2024-05-14,9869
2834,臺企銀,38,0,38,元大-新盛,2024-05-14,9869
2017,官田鋼,37,0,37,元大-新盛,2024-05-14,9869
1447,力鵬,37,0,37,元大-新盛,2024-05-14,9869
2882,國泰金,53,17,36,元大-新盛,2024-05-14,9869
00882,中信中國高股息,61,25,36,元大-新盛,2024-05-14,9869
2915,潤泰全,47,12,35,元大-新盛,2024-05-14,9869
00632R,元大台灣50反1,35,0,35,元大-新盛,2024-05-14,9869
00650L,復華香港正2,58,24,34,元大-新盛,2024-05-14,9869
1514,亞力,54,22,32,元大-新盛,2024-05-14,9869
3047,訊舟,35,4,31,元大-新盛,2024-05-14,9869
5009,榮剛,57,27,30,元大-新盛,2024-05-14,9869
5356,協益,30,0,30,元大-新盛,2024-05-14,9869
00945B,凱基美國非投等債,30,0,30,元大-新盛,2024-05-14,9869
2883,凱基金,29,3,26,元大-新盛,2024-05-14,9869
00878,國泰永續高股息,28,3,25,元大-新盛,2024-05-14,9869
00933B,國泰10Y+金融債,29,4,25,元大-新盛,2024-05-14,9869
2855,統一證,23,0,23,元大-新盛,2024-05-14,9869
2204,中華,18,0,18,元大-新盛,2024-05-14,9869
3501,維熹,18,0,18,元大-新盛,2024-05-14,9869
00679B,元大美債20年,18,1,17,元大-新盛,2024-05-14,9869
00885,富邦越南,19,3,16,元大-新盛,2024-05-14,9869
2645,長榮航太,18,2,16,元大-新盛,2024-05-14,9869
2534,宏盛,15,0,15,元大-新盛,2024-05-14,9869
1605,華新,16,2,14,元大-新盛,2024-05-14,9869
3605,宏致,15,1,14,元大-新盛,2024-05-14,9869
5871,中租-KY,18,4,14,元大-新盛,2024-05-14,9869
6215,和椿,15,2,13,元大-新盛,2024-05-14,9869
2887,台新金,13,0,13,元大-新盛,2024-05-14,9869
2903,遠百,14,1,13,元大-新盛,2024-05-14,9869
1732,毛寶,12,0,12,元大-新盛,2024-05-14,9869
5515,建國,16,4,12,元大-新盛,2024-05-14,9869
00944,野村趨勢動能高息,12,0,12,元大-新盛,2024-05-14,9869
00878,國泰永續高股息,597,18,579,元大-新盛,2024-05-15,9869
00937B,群益ESG投等債20,285,3,282,元大-新盛,2024-05-15,9869
2356,英業達,164,46,118,元大-新盛,2024-05-15,9869
4306,炎洲,100,0,100,元大-新盛,2024-05-15,9869
00940,元大台灣價值高息,97,9,88,元大-新盛,2024-05-15,9869
1524,耿鼎,113,61,52,元大-新盛,2024-05-15,9869
2312,金寶,121,70,51,元大-新盛,2024-05-15,9869
2882,國泰金,87,39,48,元大-新盛,2024-05-15,9869
00885,富邦越南,50,2,48,元大-新盛,2024-05-15,9869
2387,精元,50,2,48,元大-新盛,2024-05-15,9869
00679B,元大美債20年,50,2,48,元大-新盛,2024-05-15,9869
00945B,凱基美國非投等債,42,0,42,元大-新盛,2024-05-15,9869
3287,廣寰科,82,42,40,元大-新盛,2024-05-15,9869
6283,淳安,40,2,38,元大-新盛,2024-05-15,9869
3022,威強電,36,1,35,元大-新盛,2024-05-15,9869
5225,東科-KY,33,0,33,元大-新盛,2024-05-15,9869
3481,群創,61,31,30,元大-新盛,2024-05-15,9869
2630,亞航,36,10,26,元大-新盛,2024-05-15,9869
2363,矽統,58,33,25,元大-新盛,2024-05-15,9869
6462,神盾,28,5,23,元大-新盛,2024-05-15,9869
00637L,元大滬深300正2,65,43,22,元大-新盛,2024-05-15,9869
1314,中石化,22,0,22,元大-新盛,2024-05-15,9869
1457,宜進,20,0,20,元大-新盛,2024-05-15,9869
6117,迎廣,21,1,20,元大-新盛,2024-05-15,9869
2324,仁寶,25,6,19,元大-新盛,2024-05-15,9869
1529,樂事綠能,20,1,19,元大-新盛,2024-05-15,9869
1725,元禎,25,6,19,元大-新盛,2024-05-15,9869
6538,倉和,20,3,17,元大-新盛,2024-05-15,9869
2228,劍麟,17,0,17,元大-新盛,2024-05-15,9869
3036,文曄,21,5,16,元大-新盛,2024-05-15,9869
00731,復華富時高息低波,16,0,16,元大-新盛,2024-05-15,9869
8011,台通,18,2,16,元大-新盛,2024-05-15,9869
00939,統一台灣高息動能,17,1,16,元大-新盛,2024-05-15,9869
00929,復華台灣科技優息,123,108,15,元大-新盛,2024-05-15,9869
2743,山富,21,6,15,元大-新盛,2024-05-15,9869
1447,力鵬,15,1,14,元大-新盛,2024-05-15,9869
2406,國碩,14,0,14,元大-新盛,2024-05-15,9869
00715L,期街口布蘭特正2,15,2,13,元大-新盛,2024-05-15,9869
1710,東聯,13,0,13,元大-新盛,2024-05-15,9869
2641,正德,45,32,13,元大-新盛,2024-05-15,9869
2617,台航,13,0,13,元大-新盛,2024-05-15,9869
00857B,永豐20年美公債,12,0,12,元大-新盛,2024-05-15,9869
1517,利奇,12,0,12,元大-新盛,2024-05-15,9869
2449,京元電子,11,0,11,元大-新盛,2024-05-15,9869
3691,碩禾,12,1,11,元大-新盛,2024-05-15,9869
2344,華邦電,17,6,11,元大-新盛,2024-05-15,9869
3706,神達,116,105,11,元大-新盛,2024-05-15,9869
2613,中櫃,23,12,11,元大-新盛,2024-05-15,9869
3317,尼克森,10,0,10,元大-新盛,2024-05-15,9869
8068,全達,10,0,10,元大-新盛,2024-05-15,9869
2610,華航,610,168,442,元大-新盛,2024-05-16,9869
2501,國建,383,116,267,元大-新盛,2024-05-16,9869
2382,廣達,286,36,250,元大-新盛,2024-05-16,9869
5469,瀚宇博,161,1,160,元大-新盛,2024-05-16,9869
4306,炎洲,150,9,141,元大-新盛,2024-05-16,9869
2888,新光金,130,5,125,元大-新盛,2024-05-16,9869
00878,國泰永續高股息,132,8,124,元大-新盛,2024-05-16,9869
3339,泰谷,97,1,96,元大-新盛,2024-05-16,9869
2613,中櫃,100,5,95,元大-新盛,2024-05-16,9869
9945,潤泰新,175,88,87,元大-新盛,2024-05-16,9869
3324,雙鴻,82,3,79,元大-新盛,2024-05-16,9869
2359,所羅門,572,505,67,元大-新盛,2024-05-16,9869
2356,英業達,99,34,65,元大-新盛,2024-05-16,9869
00891,中信關鍵半導體,65,5,60,元大-新盛,2024-05-16,9869
4960,誠美材,60,0,60,元大-新盛,2024-05-16,9869
6120,達運,49,0,49,元大-新盛,2024-05-16,9869
8096,擎亞,58,9,49,元大-新盛,2024-05-16,9869
2882,國泰金,90,43,47,元大-新盛,2024-05-16,9869
3231,緯創,92,56,36,元大-新盛,2024-05-16,9869
1714,和桐,35,0,35,元大-新盛,2024-05-16,9869
5392,能率,62,27,35,元大-新盛,2024-05-16,9869
3363,上詮,51,18,33,元大-新盛,2024-05-16,9869
00944,野村趨勢動能高息,30,0,30,元大-新盛,2024-05-16,9869
3703,欣陸,31,1,30,元大-新盛,2024-05-16,9869
2230,泰茂,27,0,27,元大-新盛,2024-05-16,9869
0056,元大高股息,44,18,26,元大-新盛,2024-05-16,9869
3691,碩禾,27,1,26,元大-新盛,2024-05-16,9869
6538,倉和,26,1,25,元大-新盛,2024-05-16,9869
2542,興富發,31,7,24,元大-新盛,2024-05-16,9869
1591,駿吉-KY,25,1,24,元大-新盛,2024-05-16,9869
2362,藍天,91,68,23,元大-新盛,2024-05-16,9869
00945B,凱基美國非投等債,22,0,22,元大-新盛,2024-05-16,9869
2609,陽明,332,311,21,元大-新盛,2024-05-16,9869
2017,官田鋼,21,0,21,元大-新盛,2024-05-16,9869
3706,神達,38,18,20,元大-新盛,2024-05-16,9869
2406,國碩,22,2,20,元大-新盛,2024-05-16,9869
00753L,中信中國50正2,20,1,19,元大-新盛,2024-05-16,9869
4109,加捷生醫,18,0,18,元大-新盛,2024-05-16,9869
4569,六方科-KY,18,0,18,元大-新盛,2024-05-16,9869
2527,宏璟,15,0,15,元大-新盛,2024-05-16,9869
00932,兆豐永續高息等權,15,0,15,元大-新盛,2024-05-16,9869
5009,榮剛,20,5,15,元大-新盛,2024-05-16,9869
3163,波若威,18,4,14,元大-新盛,2024-05-16,9869
2855,統一證,14,0,14,元大-新盛,2024-05-16,9869
1618,合機,16,2,14,元大-新盛,2024-05-16,9869
00946,群益科技高息成長,23,9,14,元大-新盛,2024-05-16,9869
2903,遠百,13,0,13,元大-新盛,2024-05-16,9869
2883B,凱基金乙特,24,11,13,元大-新盛,2024-05-16,9869
1514,亞力,35,23,12,元大-新盛,2024-05-16,9869
1608,華榮,19,7,12,元大-新盛,2024-05-16,9869
3481,群創,169,7,162,元大-新盛,2024-05-17,9869
00929,復華台灣科技優息,152,4,148,元大-新盛,2024-05-17,9869
00878,國泰永續高股息,119,8,111,元大-新盛,2024-05-17,9869
2883B,凱基金乙特,97,0,97,元大-新盛,2024-05-17,9869
00937B,群益ESG投等債20,89,0,89,元大-新盛,2024-05-17,9869
00632R,元大台灣50反1,88,5,83,元大-新盛,2024-05-17,9869
00687B,國泰20年美債,100,23,77,元大-新盛,2024-05-17,9869
00940,元大台灣價值高息,70,2,68,元大-新盛,2024-05-17,9869
2603,長榮,108,44,64,元大-新盛,2024-05-17,9869
00650L,復華香港正2,91,29,62,元大-新盛,2024-05-17,9869
5469,瀚宇博,57,0,57,元大-新盛,2024-05-17,9869
3005,神基,54,5,49,元大-新盛,2024-05-17,9869
2489,瑞軒,86,39,47,元大-新盛,2024-05-17,9869
6177,達麗,63,17,46,元大-新盛,2024-05-17,9869
2317,鴻海,81,35,46,元大-新盛,2024-05-17,9869
2349,錸德,41,0,41,元大-新盛,2024-05-17,9869
2409,友達,47,13,34,元大-新盛,2024-05-17,9869
2516,新建,30,0,30,元大-新盛,2024-05-17,9869
2408,南亞科,29,0,29,元大-新盛,2024-05-17,9869
5498,凱崴,30,1,29,元大-新盛,2024-05-17,9869
2883,凱基金,32,3,29,元大-新盛,2024-05-17,9869
00946,群益科技高息成長,29,0,29,元大-新盛,2024-05-17,9869
2405,輔信,33,8,25,元大-新盛,2024-05-17,9869
2888,新光金,43,18,25,元大-新盛,2024-05-17,9869
9904,寶成,25,0,25,元大-新盛,2024-05-17,9869
2609,陽明,52,28,24,元大-新盛,2024-05-17,9869
3033,威健,66,42,24,元大-新盛,2024-05-17,9869
2440,太空梭,21,0,21,元大-新盛,2024-05-17,9869
6257,矽格,21,0,21,元大-新盛,2024-05-17,9869
1402,遠東新,20,0,20,元大-新盛,2024-05-17,9869
1714,和桐,20,0,20,元大-新盛,2024-05-17,9869
2323,中環,20,0,20,元大-新盛,2024-05-17,9869
00679B,元大美債20年,20,0,20,元大-新盛,2024-05-17,9869
1442,名軒,19,0,19,元大-新盛,2024-05-17,9869
1560,中砂,23,4,19,元大-新盛,2024-05-17,9869
4960,誠美材,18,0,18,元大-新盛,2024-05-17,9869
6288,聯嘉,17,0,17,元大-新盛,2024-05-17,9869
00891,中信關鍵半導體,26,9,17,元大-新盛,2024-05-17,9869
6770,力積電,35,18,17,元大-新盛,2024-05-17,9869
4569,六方科-KY,15,0,15,元大-新盛,2024-05-17,9869
8054,安國,21,6,15,元大-新盛,2024-05-17,9869
3231,緯創,21,6,15,元大-新盛,2024-05-17,9869
2903,遠百,15,0,15,元大-新盛,2024-05-17,9869
2374,佳能,148,135,13,元大-新盛,2024-05-17,9869
6117,迎廣,18,5,13,元大-新盛,2024-05-17,9869
2362,藍天,29,17,12,元大-新盛,2024-05-17,9869
1314,中石化,72,60,12,元大-新盛,2024-05-17,9869
2356,英業達,16,5,11,元大-新盛,2024-05-17,9869
2344,華邦電,19,8,11,元大-新盛,2024-05-17,9869
2913,農林,12,1,11,元大-新盛,2024-05-17,9869
00937B,群益ESG投等債20,410,4,406,元大-新盛,2024-05-20,9869
00929,復華台灣科技優息,151,15,136,元大-新盛,2024-05-20,9869
3481,群創,112,9,103,元大-新盛,2024-05-20,9869
00687B,國泰20年美債,108,7,101,元大-新盛,2024-05-20,9869
2355,敬鵬,112,12,100,元大-新盛,2024-05-20,9869
4906,正文,121,23,98,元大-新盛,2024-05-20,9869
00688L,國泰20年美債正2,80,0,80,元大-新盛,2024-05-20,9869
00919,群益台灣精選高息,84,9,75,元大-新盛,2024-05-20,9869
4306,炎洲,82,10,72,元大-新盛,2024-05-20,9869
2317,鴻海,103,41,62,元大-新盛,2024-05-20,9869
2888,新光金,75,16,59,元大-新盛,2024-05-20,9869
8071,能率網通,65,8,57,元大-新盛,2024-05-20,9869
6177,達麗,184,128,56,元大-新盛,2024-05-20,9869
4533,協易機,84,29,55,元大-新盛,2024-05-20,9869
3231,緯創,63,8,55,元大-新盛,2024-05-20,9869
6016,康和證,52,2,50,元大-新盛,2024-05-20,9869
00878,國泰永續高股息,68,19,49,元大-新盛,2024-05-20,9869
2884,玉山金,52,10,42,元大-新盛,2024-05-20,9869
2515,中工,53,11,42,元大-新盛,2024-05-20,9869
00927,群益半導體收益,40,0,40,元大-新盛,2024-05-20,9869
9934,成霖,40,0,40,元大-新盛,2024-05-20,9869
3703,欣陸,46,11,35,元大-新盛,2024-05-20,9869
6005,群益證,53,18,35,元大-新盛,2024-05-20,9869
2324,仁寶,34,0,34,元大-新盛,2024-05-20,9869
2618,長榮航,176,143,33,元大-新盛,2024-05-20,9869
00679B,元大美債20年,35,3,32,元大-新盛,2024-05-20,9869
00632R,元大台灣50反1,31,0,31,元大-新盛,2024-05-20,9869
6278,台表科,27,0,27,元大-新盛,2024-05-20,9869
3303,岱稜,31,4,27,元大-新盛,2024-05-20,9869
8938,明安,29,3,26,元大-新盛,2024-05-20,9869
6770,力積電,25,0,25,元大-新盛,2024-05-20,9869
2610,華航,109,84,25,元大-新盛,2024-05-20,9869
8033,雷虎,24,2,22,元大-新盛,2024-05-20,9869
3033,威健,39,18,21,元大-新盛,2024-05-20,9869
1314,中石化,31,10,21,元大-新盛,2024-05-20,9869
8064,東捷,21,0,21,元大-新盛,2024-05-20,9869
2915,潤泰全,23,3,20,元大-新盛,2024-05-20,9869
2406,國碩,32,12,20,元大-新盛,2024-05-20,9869
3036,文曄,20,1,19,元大-新盛,2024-05-20,9869
2501,國建,26,7,19,元大-新盛,2024-05-20,9869
2344,華邦電,24,5,19,元大-新盛,2024-05-20,9869
2834,臺企銀,20,1,19,元大-新盛,2024-05-20,9869
3376,新日興,31,12,19,元大-新盛,2024-05-20,9869
4564,元翎,21,3,18,元大-新盛,2024-05-20,9869
2867,三商壽,49,31,18,元大-新盛,2024-05-20,9869
8096,擎亞,58,41,17,元大-新盛,2024-05-20,9869
2363,矽統,73,57,16,元大-新盛,2024-05-20,9869
2603,長榮,44,28,16,元大-新盛,2024-05-20,9869
2534,宏盛,16,0,16,元大-新盛,2024-05-20,9869
1504,東元,15,0,15,元大-新盛,2024-05-20,9869
2610,華航,539,33,506,元大-新盛,2024-05-21,9869
00919,群益台灣精選高息,414,12,402,元大-新盛,2024-05-21,9869
00632R,元大台灣50反1,460,64,396,元大-新盛,2024-05-21,9869
00929,復華台灣科技優息,166,22,144,元大-新盛,2024-05-21,9869
2883,凱基金,160,25,135,元大-新盛,2024-05-21,9869
1314,中石化,107,1,106,元大-新盛,2024-05-21,9869
2355,敬鵬,110,4,106,元大-新盛,2024-05-21,9869
00687B,國泰20年美債,104,1,103,元大-新盛,2024-05-21,9869
2317,鴻海,83,8,75,元大-新盛,2024-05-21,9869
2888,新光金,73,1,72,元大-新盛,2024-05-21,9869
4306,炎洲,72,7,65,元大-新盛,2024-05-21,9869
00937B,群益ESG投等債20,64,0,64,元大-新盛,2024-05-21,9869
00637L,元大滬深300正2,85,31,54,元大-新盛,2024-05-21,9869
2885,元大金,55,6,49,元大-新盛,2024-05-21,9869
2834,臺企銀,59,10,49,元大-新盛,2024-05-21,9869
00933B,國泰10Y+金融債,48,0,48,元大-新盛,2024-05-21,9869
2867,三商壽,48,1,47,元大-新盛,2024-05-21,9869
00650L,復華香港正2,97,50,47,元大-新盛,2024-05-21,9869
9934,成霖,47,0,47,元大-新盛,2024-05-21,9869
5483,中美晶,50,5,45,元大-新盛,2024-05-21,9869
0056,元大高股息,124,82,42,元大-新盛,2024-05-21,9869
2371,大同,54,16,38,元大-新盛,2024-05-21,9869
2603,長榮,57,23,34,元大-新盛,2024-05-21,9869
1504,東元,30,0,30,元大-新盛,2024-05-21,9869
1101,台泥,25,0,25,元大-新盛,2024-05-21,9869
00935,野村臺灣新科技50,22,0,22,元大-新盛,2024-05-21,9869
2365,昆盈,24,2,22,元大-新盛,2024-05-21,9869
3703,欣陸,23,1,22,元大-新盛,2024-05-21,9869
3702,大聯大,22,1,21,元大-新盛,2024-05-21,9869
3266,昇陽,21,0,21,元大-新盛,2024-05-21,9869
2337,旺宏,21,0,21,元大-新盛,2024-05-21,9869
2329,華泰,27,7,20,元大-新盛,2024-05-21,9869
2401,凌陽,25,5,20,元大-新盛,2024-05-21,9869
00633L,富邦上証正2,20,0,20,元大-新盛,2024-05-21,9869
00679B,元大美債20年,22,2,20,元大-新盛,2024-05-21,9869
00900,富邦特選高股息30,18,0,18,元大-新盛,2024-05-21,9869
2406,國碩,21,3,18,元大-新盛,2024-05-21,9869
2323,中環,21,4,17,元大-新盛,2024-05-21,9869
1785,光洋科,28,11,17,元大-新盛,2024-05-21,9869
2376,技嘉,24,7,17,元大-新盛,2024-05-21,9869
00712,復華富時不動產,16,0,16,元大-新盛,2024-05-21,9869
2851,中再保,16,0,16,元大-新盛,2024-05-21,9869
2515,中工,33,17,16,元大-新盛,2024-05-21,9869
2891,中信金,21,6,15,元大-新盛,2024-05-21,9869
3338,泰碩,49,34,15,元大-新盛,2024-05-21,9869
4942,嘉彰,15,0,15,元大-新盛,2024-05-21,9869
1409,新纖,15,0,15,元大-新盛,2024-05-21,9869
2409,友達,14,0,14,元大-新盛,2024-05-21,9869
6188,廣明,62,49,13,元大-新盛,2024-05-21,9869
2880,華南金,13,0,13,元大-新盛,2024-05-21,9869
5009,榮剛,245,10,235,元大-新盛,2024-05-22,9869
5871,中租-KY,162,1,161,元大-新盛,2024-05-22,9869
00632R,元大台灣50反1,138,16,122,元大-新盛,2024-05-22,9869
3005,神基,114,3,111,元大-新盛,2024-05-22,9869
3260,威剛,106,4,102,元大-新盛,2024-05-22,9869
4533,協易機,94,10,84,元大-新盛,2024-05-22,9869
2610,華航,86,2,84,元大-新盛,2024-05-22,9869
5469,瀚宇博,78,0,78,元大-新盛,2024-05-22,9869
2618,長榮航,128,51,77,元大-新盛,2024-05-22,9869
00937B,群益ESG投等債20,73,6,67,元大-新盛,2024-05-22,9869
4306,炎洲,65,3,62,元大-新盛,2024-05-22,9869
2002,中鋼,61,1,60,元大-新盛,2024-05-22,9869
00929,復華台灣科技優息,65,14,51,元大-新盛,2024-05-22,9869
3605,宏致,51,1,50,元大-新盛,2024-05-22,9869
2442,新美齊,52,2,50,元大-新盛,2024-05-22,9869
3287,廣寰科,50,1,49,元大-新盛,2024-05-22,9869
00933B,國泰10Y+金融債,48,0,48,元大-新盛,2024-05-22,9869
2489,瑞軒,49,1,48,元大-新盛,2024-05-22,9869
3013,晟銘電,129,83,46,元大-新盛,2024-05-22,9869
2421,建準,50,8,42,元大-新盛,2024-05-22,9869
8086,宏捷科,41,0,41,元大-新盛,2024-05-22,9869
1303,南亞,37,0,37,元大-新盛,2024-05-22,9869
6005,群益證,39,3,36,元大-新盛,2024-05-22,9869
6116,彩晶,91,56,35,元大-新盛,2024-05-22,9869
3047,訊舟,43,9,34,元大-新盛,2024-05-22,9869
6278,台表科,30,0,30,元大-新盛,2024-05-22,9869
5483,中美晶,28,1,27,元大-新盛,2024-05-22,9869
2511,太子,30,5,25,元大-新盛,2024-05-22,9869
1752,南光,25,0,25,元大-新盛,2024-05-22,9869
2883B,凱基金乙特,25,0,25,元大-新盛,2024-05-22,9869
1618,合機,28,3,25,元大-新盛,2024-05-22,9869
00940,元大台灣價值高息,151,126,25,元大-新盛,2024-05-22,9869
4543,萬在,59,35,24,元大-新盛,2024-05-22,9869
2344,華邦電,32,8,24,元大-新盛,2024-05-22,9869
8110,華東,25,2,23,元大-新盛,2024-05-22,9869
5512,力麒,27,5,22,元大-新盛,2024-05-22,9869
1612,宏泰,30,8,22,元大-新盛,2024-05-22,9869
2890,永豐金,22,0,22,元大-新盛,2024-05-22,9869
00679B,元大美債20年,26,5,21,元大-新盛,2024-05-22,9869
9934,成霖,21,1,20,元大-新盛,2024-05-22,9869
8064,東捷,41,21,20,元大-新盛,2024-05-22,9869
2634,漢翔,24,5,19,元大-新盛,2024-05-22,9869
2354,鴻準,37,19,18,元大-新盛,2024-05-22,9869
3703,欣陸,18,0,18,元大-新盛,2024-05-22,9869
2317,鴻海,45,27,18,元大-新盛,2024-05-22,9869
00878,國泰永續高股息,58,41,17,元大-新盛,2024-05-22,9869
2486,一詮,44,28,16,元大-新盛,2024-05-22,9869
6275,元山,17,1,16,元大-新盛,2024-05-22,9869
5388,中磊,17,1,16,元大-新盛,2024-05-22,9869
3028,增你強,15,0,15,元大-新盛,2024-05-22,9869
00632R,元大台灣50反1,2813,54,2759,元大-新盛,2024-05-23,9869
00637L,元大滬深300正2,322,11,311,元大-新盛,2024-05-23,9869
2324,仁寶,223,18,205,元大-新盛,2024-05-23,9869
5469,瀚宇博,197,5,192,元大-新盛,2024-05-23,9869
6770,力積電,228,37,191,元大-新盛,2024-05-23,9869
6161,捷波,179,2,177,元大-新盛,2024-05-23,9869
4306,炎洲,158,0,158,元大-新盛,2024-05-23,9869
2603,長榮,166,8,158,元大-新盛,2024-05-23,9869
3481,群創,174,23,151,元大-新盛,2024-05-23,9869
00937B,群益ESG投等債20,128,1,127,元大-新盛,2024-05-23,9869
2888,新光金,77,1,76,元大-新盛,2024-05-23,9869
1608,華榮,82,10,72,元大-新盛,2024-05-23,9869
1532,勤美,67,0,67,元大-新盛,2024-05-23,9869
2409,友達,72,9,63,元大-新盛,2024-05-23,9869
2464,盟立,91,36,55,元大-新盛,2024-05-23,9869
00665L,富邦�琤肭磪囓�2,55,0,55,元大-新盛,2024-05-23,9869
6116,彩晶,53,2,51,元大-新盛,2024-05-23,9869
2367,燿華,83,32,51,元大-新盛,2024-05-23,9869
5371,中光電,76,31,45,元大-新盛,2024-05-23,9869
2618,長榮航,96,53,43,元大-新盛,2024-05-23,9869
00650L,復華香港正2,53,11,42,元大-新盛,2024-05-23,9869
00933B,國泰10Y+金融債,41,0,41,元大-新盛,2024-05-23,9869
2356,英業達,52,13,39,元大-新盛,2024-05-23,9869
6143,振曜,40,1,39,元大-新盛,2024-05-23,9869
3537,堡達,38,3,35,元大-新盛,2024-05-23,9869
1314,中石化,56,21,35,元大-新盛,2024-05-23,9869
2406,國碩,42,8,34,元大-新盛,2024-05-23,9869
00940,元大台灣價值高息,120,88,32,元大-新盛,2024-05-23,9869
8358,金居,35,3,32,元大-新盛,2024-05-23,9869
2009,第一銅,40,8,32,元大-新盛,2024-05-23,9869
2002,中鋼,43,12,31,元大-新盛,2024-05-23,9869
2867,三商壽,33,3,30,元大-新盛,2024-05-23,9869
00936,台新永續高息中小,28,0,28,元大-新盛,2024-05-23,9869
1809,中釉,33,7,26,元大-新盛,2024-05-23,9869
8150,南茂,26,0,26,元大-新盛,2024-05-23,9869
2331,精英,27,2,25,元大-新盛,2024-05-23,9869
2609,陽明,29,4,25,元大-新盛,2024-05-23,9869
2353,宏��,229,204,25,元大-新盛,2024-05-23,9869
1303,南亞,25,2,23,元大-新盛,2024-05-23,9869
3706,神達,41,20,21,元大-新盛,2024-05-23,9869
6147,頎邦,24,3,21,元大-新盛,2024-05-23,9869
3013,晟銘電,73,52,21,元大-新盛,2024-05-23,9869
1603,華電,22,2,20,元大-新盛,2024-05-23,9869
6163,華電網,20,0,20,元大-新盛,2024-05-23,9869
0056,元大高股息,55,35,20,元大-新盛,2024-05-23,9869
3324,雙鴻,23,4,19,元大-新盛,2024-05-23,9869
00664R,國泰臺灣加權反1,18,0,18,元大-新盛,2024-05-23,9869
00753L,中信中國50正2,18,0,18,元大-新盛,2024-05-23,9869
2630,亞航,32,15,17,元大-新盛,2024-05-23,9869
8354,冠好,17,0,17,元大-新盛,2024-05-23,9869
00937B,群益ESG投等債20,446,40,406,元大-新盛,2024-05-24,9869
00637L,元大滬深300正2,403,53,350,元大-新盛,2024-05-24,9869
00919,群益台灣精選高息,142,24,118,元大-新盛,2024-05-24,9869
00712,復華富時不動產,118,0,118,元大-新盛,2024-05-24,9869
2359,所羅門,302,203,99,元大-新盛,2024-05-24,9869
4306,炎洲,82,0,82,元大-新盛,2024-05-24,9869
2885,元大金,64,0,64,元大-新盛,2024-05-24,9869
5469,瀚宇博,50,0,50,元大-新盛,2024-05-24,9869
2891,中信金,60,11,49,元大-新盛,2024-05-24,9869
2867,三商壽,67,20,47,元大-新盛,2024-05-24,9869
00933B,國泰10Y+金融債,33,0,33,元大-新盛,2024-05-24,9869
00650L,復華香港正2,59,26,33,元大-新盛,2024-05-24,9869
00939,統一台灣高息動能,30,0,30,元大-新盛,2024-05-24,9869
2354,鴻準,37,8,29,元大-新盛,2024-05-24,9869
6770,力積電,41,12,29,元大-新盛,2024-05-24,9869
00687B,國泰20年美債,30,1,29,元大-新盛,2024-05-24,9869
2324,仁寶,49,23,26,元大-新盛,2024-05-24,9869
6190,萬泰科,37,11,26,元大-新盛,2024-05-24,9869
2486,一詮,57,32,25,元大-新盛,2024-05-24,9869
6282,康舒,29,4,25,元大-新盛,2024-05-24,9869
00680L,元大美債20正2,25,0,25,元大-新盛,2024-05-24,9869
2303,聯電,55,30,25,元大-新盛,2024-05-24,9869
00882,中信中國高股息,31,7,24,元大-新盛,2024-05-24,9869
00720B,元大投資級公司債,25,1,24,元大-新盛,2024-05-24,9869
2618,長榮航,59,36,23,元大-新盛,2024-05-24,9869
00679B,元大美債20年,33,12,21,元大-新盛,2024-05-24,9869
1460,宏遠,20,0,20,元大-新盛,2024-05-24,9869
3466,德晉,20,0,20,元大-新盛,2024-05-24,9869
4933,友輝,20,0,20,元大-新盛,2024-05-24,9869
00929,復華台灣科技優息,41,22,19,元大-新盛,2024-05-24,9869
00936,台新永續高息中小,19,0,19,元大-新盛,2024-05-24,9869
2002,中鋼,19,1,18,元大-新盛,2024-05-24,9869
2892,第一金,16,0,16,元大-新盛,2024-05-24,9869
00885,富邦越南,16,0,16,元大-新盛,2024-05-24,9869
6741,91APP*-KY,15,0,15,元大-新盛,2024-05-24,9869
3055,蔚華科,27,12,15,元大-新盛,2024-05-24,9869
2834,臺企銀,15,0,15,元大-新盛,2024-05-24,9869
2630,亞航,14,0,14,元大-新盛,2024-05-24,9869
00940,元大台灣價值高息,73,59,14,元大-新盛,2024-05-24,9869
2204,中華,15,1,14,元大-新盛,2024-05-24,9869
1714,和桐,14,0,14,元大-新盛,2024-05-24,9869
00795B,中信美國公債20年,21,7,14,元大-新盛,2024-05-24,9869
1516,川飛,17,4,13,元大-新盛,2024-05-24,9869
2406,國碩,15,2,13,元大-新盛,2024-05-24,9869
9945,潤泰新,15,2,13,元大-新盛,2024-05-24,9869
6505,台塑化,32,20,12,元大-新盛,2024-05-24,9869
00751B,元大AAA至A公司債,13,1,12,元大-新盛,2024-05-24,9869
6147,頎邦,13,1,12,元大-新盛,2024-05-24,9869
1314,中石化,12,0,12,元大-新盛,2024-05-24,9869
2337,旺宏,29,17,12,元大-新盛,2024-05-24,9869
3481,群創,268,68,200,元大-新盛,2024-05-27,9869
00937B,群益ESG投等債20,169,0,169,元大-新盛,2024-05-27,9869
4967,十銓,120,12,108,元大-新盛,2024-05-27,9869
4306,炎洲,103,2,101,元大-新盛,2024-05-27,9869
2890,永豐金,100,0,100,元大-新盛,2024-05-27,9869
00687B,國泰20年美債,107,23,84,元大-新盛,2024-05-27,9869
2353,宏��,213,131,82,元大-新盛,2024-05-27,9869
00680L,元大美債20正2,135,57,78,元大-新盛,2024-05-27,9869
2883,凱基金,85,8,77,元大-新盛,2024-05-27,9869
9105,泰金寶-DR,122,57,65,元大-新盛,2024-05-27,9869
2887,台新金,61,5,56,元大-新盛,2024-05-27,9869
2352,佳世達,84,36,48,元大-新盛,2024-05-27,9869
1218,泰山,50,3,47,元大-新盛,2024-05-27,9869
00918,大華優利高填息30,61,17,44,元大-新盛,2024-05-27,9869
2027,大成鋼,43,1,42,元大-新盛,2024-05-27,9869
2915,潤泰全,42,2,40,元大-新盛,2024-05-27,9869
00679B,元大美債20年,40,0,40,元大-新盛,2024-05-27,9869
9945,潤泰新,38,3,35,元大-新盛,2024-05-27,9869
3051,力特,35,0,35,元大-新盛,2024-05-27,9869
5009,榮剛,36,2,34,元大-新盛,2024-05-27,9869
3324,雙鴻,36,3,33,元大-新盛,2024-05-27,9869
00637L,元大滬深300正2,56,24,32,元大-新盛,2024-05-27,9869
2489,瑞軒,88,56,32,元大-新盛,2024-05-27,9869
1611,中電,55,26,29,元大-新盛,2024-05-27,9869
1326,台化,27,1,26,元大-新盛,2024-05-27,9869
00885,富邦越南,42,20,22,元大-新盛,2024-05-27,9869
2204,中華,28,6,22,元大-新盛,2024-05-27,9869
3691,碩禾,23,2,21,元大-新盛,2024-05-27,9869
3094,聯傑,20,0,20,元大-新盛,2024-05-27,9869
0056,元大高股息,44,24,20,元大-新盛,2024-05-27,9869
1312,國喬,21,3,18,元大-新盛,2024-05-27,9869
2363,矽統,167,149,18,元大-新盛,2024-05-27,9869
6191,精成科,20,3,17,元大-新盛,2024-05-27,9869
5371,中光電,45,28,17,元大-新盛,2024-05-27,9869
2476,鉅祥,23,6,17,元大-新盛,2024-05-27,9869
5876,上海商銀,17,0,17,元大-新盛,2024-05-27,9869
1815,富喬,73,56,17,元大-新盛,2024-05-27,9869
4108,懷特,16,0,16,元大-新盛,2024-05-27,9869
6133,金橋,20,4,16,元大-新盛,2024-05-27,9869
3338,泰碩,42,26,16,元大-新盛,2024-05-27,9869
1909,榮成,18,2,16,元大-新盛,2024-05-27,9869
6227,茂綸,24,8,16,元大-新盛,2024-05-27,9869
6770,力積電,20,4,16,元大-新盛,2024-05-27,9869
5234,達興材料,17,2,15,元大-新盛,2024-05-27,9869
00664R,國泰臺灣加權反1,15,0,15,元大-新盛,2024-05-27,9869
2867,三商壽,25,10,15,元大-新盛,2024-05-27,9869
2330,台積電,17,2,15,元大-新盛,2024-05-27,9869
1809,中釉,20,6,14,元大-新盛,2024-05-27,9869
1447,力鵬,14,0,14,元大-新盛,2024-05-27,9869
2406,國碩,20,6,14,元大-新盛,2024-05-27,9869
00937B,群益ESG投等債20,309,1,308,元大-新盛,2024-05-28,9869
00919,群益台灣精選高息,253,2,251,元大-新盛,2024-05-28,9869
00687B,國泰20年美債,243,3,240,元大-新盛,2024-05-28,9869
2891,中信金,97,0,97,元大-新盛,2024-05-28,9869
4967,十銓,93,2,91,元大-新盛,2024-05-28,9869
2409,友達,91,10,81,元大-新盛,2024-05-28,9869
3141,晶宏,67,0,67,元大-新盛,2024-05-28,9869
3260,威剛,63,4,59,元大-新盛,2024-05-28,9869
4137,麗豐-KY,58,0,58,元大-新盛,2024-05-28,9869
00679B,元大美債20年,58,0,58,元大-新盛,2024-05-28,9869
2027,大成鋼,54,0,54,元大-新盛,2024-05-28,9869
4306,炎洲,60,8,52,元大-新盛,2024-05-28,9869
1605,華新,57,8,49,元大-新盛,2024-05-28,9869
3036,文曄,52,4,48,元大-新盛,2024-05-28,9869
0056,元大高股息,65,18,47,元大-新盛,2024-05-28,9869
2408,南亞科,68,22,46,元大-新盛,2024-05-28,9869
2324,仁寶,55,10,45,元大-新盛,2024-05-28,9869
4564,元翎,50,5,45,元大-新盛,2024-05-28,9869
8064,東捷,70,27,43,元大-新盛,2024-05-28,9869
2609,陽明,52,12,40,元大-新盛,2024-05-28,9869
2363,矽統,92,59,33,元大-新盛,2024-05-28,9869
4906,正文,50,18,32,元大-新盛,2024-05-28,9869
1312,國喬,30,0,30,元大-新盛,2024-05-28,9869
9934,成霖,29,0,29,元大-新盛,2024-05-28,9869
3622,洋華,30,2,28,元大-新盛,2024-05-28,9869
2382,廣達,31,3,28,元大-新盛,2024-05-28,9869
2354,鴻準,526,501,25,元大-新盛,2024-05-28,9869
8936,國統,45,20,25,元大-新盛,2024-05-28,9869
00752,中信中國50,22,0,22,元大-新盛,2024-05-28,9869
8210,勤誠,24,3,21,元大-新盛,2024-05-28,9869
2453,凌群,24,3,21,元大-新盛,2024-05-28,9869
3691,碩禾,21,0,21,元大-新盛,2024-05-28,9869
4960,誠美材,21,0,21,元大-新盛,2024-05-28,9869
6188,廣明,381,362,19,元大-新盛,2024-05-28,9869
2201,裕隆,19,0,19,元大-新盛,2024-05-28,9869
6275,元山,33,14,19,元大-新盛,2024-05-28,9869
3231,緯創,90,72,18,元大-新盛,2024-05-28,9869
5371,中光電,23,5,18,元大-新盛,2024-05-28,9869
2641,正德,34,16,18,元大-新盛,2024-05-28,9869
2406,國碩,22,5,17,元大-新盛,2024-05-28,9869
00712,復華富時不動產,16,0,16,元大-新盛,2024-05-28,9869
1216,統一,16,0,16,元大-新盛,2024-05-28,9869
006206,元大上證50,16,0,16,元大-新盛,2024-05-28,9869
6153,嘉聯益,17,1,16,元大-新盛,2024-05-28,9869
00946,群益科技高息成長,17,2,15,元大-新盛,2024-05-28,9869
2634,漢翔,17,2,15,元大-新盛,2024-05-28,9869
2615,萬海,22,8,14,元大-新盛,2024-05-28,9869
3122,笙泉,13,0,13,元大-新盛,2024-05-28,9869
2383,台光電,13,1,12,元大-新盛,2024-05-28,9869
2002,中鋼,17,5,12,元大-新盛,2024-05-28,9869
00937B,群益ESG投等債20,853,5,848,元大-新盛,2024-05-29,9869
00929,復華台灣科技優息,258,44,214,元大-新盛,2024-05-29,9869
00679B,元大美債20年,186,0,186,元大-新盛,2024-05-29,9869
2891,中信金,176,5,171,元大-新盛,2024-05-29,9869
2323,中環,132,43,89,元大-新盛,2024-05-29,9869
00632R,元大台灣50反1,95,14,81,元大-新盛,2024-05-29,9869
2885,元大金,81,3,78,元大-新盛,2024-05-29,9869
2887,台新金,76,0,76,元大-新盛,2024-05-29,9869
00687B,國泰20年美債,70,2,68,元大-新盛,2024-05-29,9869
6591,動力-KY,87,29,58,元大-新盛,2024-05-29,9869
2834,臺企銀,53,0,53,元大-新盛,2024-05-29,9869
2609,陽明,66,14,52,元大-新盛,2024-05-29,9869
2867,三商壽,54,3,51,元大-新盛,2024-05-29,9869
4306,炎洲,50,0,50,元大-新盛,2024-05-29,9869
2883,凱基金,63,18,45,元大-新盛,2024-05-29,9869
3141,晶宏,44,0,44,元大-新盛,2024-05-29,9869
2317,鴻海,71,27,44,元大-新盛,2024-05-29,9869
2105,正新,42,0,42,元大-新盛,2024-05-29,9869
2436,偉詮電,51,9,42,元大-新盛,2024-05-29,9869
2884,玉山金,42,0,42,元大-新盛,2024-05-29,9869
00720B,元大投資級公司債,41,0,41,元大-新盛,2024-05-29,9869
00878,國泰永續高股息,41,2,39,元大-新盛,2024-05-29,9869
2618,長榮航,108,70,38,元大-新盛,2024-05-29,9869
00680L,元大美債20正2,38,0,38,元大-新盛,2024-05-29,9869
2377,微星,42,5,37,元大-新盛,2024-05-29,9869
00712,復華富時不動產,37,0,37,元大-新盛,2024-05-29,9869
2353,宏��,111,74,37,元大-新盛,2024-05-29,9869
1303,南亞,58,23,35,元大-新盛,2024-05-29,9869
2401,凌陽,96,61,35,元大-新盛,2024-05-29,9869
2886,兆豐金,32,0,32,元大-新盛,2024-05-29,9869
2615,萬海,33,2,31,元大-新盛,2024-05-29,9869
3666,光耀,32,2,30,元大-新盛,2024-05-29,9869
2882,國泰金,31,1,30,元大-新盛,2024-05-29,9869
6187,萬潤,43,14,29,元大-新盛,2024-05-29,9869
4973,廣穎,32,3,29,元大-新盛,2024-05-29,9869
3231,緯創,45,17,28,元大-新盛,2024-05-29,9869
00650L,復華香港正2,27,0,27,元大-新盛,2024-05-29,9869
2610,華航,42,16,26,元大-新盛,2024-05-29,9869
2486,一詮,31,7,24,元大-新盛,2024-05-29,9869
00752,中信中國50,23,0,23,元大-新盛,2024-05-29,9869
00931B,統一美債20年,21,0,21,元大-新盛,2024-05-29,9869
2002,中鋼,35,14,21,元大-新盛,2024-05-29,9869
2367,燿華,45,24,21,元大-新盛,2024-05-29,9869
2880,華南金,21,0,21,元大-新盛,2024-05-29,9869
00942B,台新美A公司債20+,20,0,20,元大-新盛,2024-05-29,9869
6283,淳安,20,0,20,元大-新盛,2024-05-29,9869
1532,勤美,20,0,20,元大-新盛,2024-05-29,9869
2888,新光金,38,19,19,元大-新盛,2024-05-29,9869
2890,永豐金,21,2,19,元大-新盛,2024-05-29,9869
3071,協禧,20,2,18,元大-新盛,2024-05-29,9869
00937B,群益ESG投等債20,242,0,242,元大-新盛,2024-05-30,9869
3481,群創,209,19,190,元大-新盛,2024-05-30,9869
00637L,元大滬深300正2,146,15,131,元大-新盛,2024-05-30,9869
00680L,元大美債20正2,111,0,111,元大-新盛,2024-05-30,9869
00915,凱基優選高股息30,108,0,108,元大-新盛,2024-05-30,9869
00929,復華台灣科技優息,177,79,98,元大-新盛,2024-05-30,9869
1316,上曜,94,2,92,元大-新盛,2024-05-30,9869
2603,長榮,137,54,83,元大-新盛,2024-05-30,9869
3036,文曄,76,1,75,元大-新盛,2024-05-30,9869
6269,台郡,75,0,75,元大-新盛,2024-05-30,9869
3141,晶宏,75,0,75,元大-新盛,2024-05-30,9869
2317,鴻海,131,61,70,元大-新盛,2024-05-30,9869
00946,群益科技高息成長,67,1,66,元大-新盛,2024-05-30,9869
2405,輔信,111,47,64,元大-新盛,2024-05-30,9869
00679B,元大美債20年,69,6,63,元大-新盛,2024-05-30,9869
00688L,國泰20年美債正2,112,50,62,元大-新盛,2024-05-30,9869
00712,復華富時不動產,61,0,61,元大-新盛,2024-05-30,9869
3005,神基,62,5,57,元大-新盛,2024-05-30,9869
6591,動力-KY,62,5,57,元大-新盛,2024-05-30,9869
2891,中信金,63,6,57,元大-新盛,2024-05-30,9869
3706,神達,75,20,55,元大-新盛,2024-05-30,9869
2367,燿華,72,19,53,元大-新盛,2024-05-30,9869
1605,華新,53,2,51,元大-新盛,2024-05-30,9869
00919,群益台灣精選高息,300,251,49,元大-新盛,2024-05-30,9869
00631L,元大台灣50正2,49,0,49,元大-新盛,2024-05-30,9869
1303,南亞,51,4,47,元大-新盛,2024-05-30,9869
2344,華邦電,53,7,46,元大-新盛,2024-05-30,9869
00878,國泰永續高股息,50,3,47,元大-新盛,2024-05-30,9869
00687B,國泰20年美債,48,3,45,元大-新盛,2024-05-30,9869
2882,國泰金,51,7,44,元大-新盛,2024-05-30,9869
4533,協易機,109,66,43,元大-新盛,2024-05-30,9869
3605,宏致,42,1,41,元大-新盛,2024-05-30,9869
2883,凱基金,45,4,41,元大-新盛,2024-05-30,9869
3287,廣寰科,41,1,40,元大-新盛,2024-05-30,9869
00857B,永豐20年美公債,39,0,39,元大-新盛,2024-05-30,9869
4420,光明,39,0,39,元大-新盛,2024-05-30,9869
6207,雷科,43,5,38,元大-新盛,2024-05-30,9869
2605,新興,93,56,37,元大-新盛,2024-05-30,9869
1815,富喬,174,138,36,元大-新盛,2024-05-30,9869
2641,正德,48,13,35,元大-新盛,2024-05-30,9869
2354,鴻準,99,66,33,元大-新盛,2024-05-30,9869
2353,宏��,76,44,32,元大-新盛,2024-05-30,9869
3666,光耀,32,0,32,元大-新盛,2024-05-30,9869
6191,精成科,31,0,31,元大-新盛,2024-05-30,9869
3231,緯創,43,13,30,元大-新盛,2024-05-30,9869
2834,臺企銀,29,0,29,元大-新盛,2024-05-30,9869
2408,南亞科,48,20,28,元大-新盛,2024-05-30,9869
6284,佳邦,30,2,28,元大-新盛,2024-05-30,9869
2002,中鋼,28,1,27,元大-新盛,2024-05-30,9869
2324,仁寶,31,5,26,元大-新盛,2024-05-30,9869
6177,達麗,253,2,251,元大-新盛,2024-05-31,9869
00753L,中信中國50正2,180,0,180,元大-新盛,2024-05-31,9869
00680L,元大美債20正2,168,6,162,元大-新盛,2024-05-31,9869
00688L,國泰20年美債正2,200,50,150,元大-新盛,2024-05-31,9869
00650L,復華香港正2,146,0,146,元大-新盛,2024-05-31,9869
2317,鴻海,185,39,146,元大-新盛,2024-05-31,9869
2609,陽明,332,218,114,元大-新盛,2024-05-31,9869
00632R,元大台灣50反1,104,5,99,元大-新盛,2024-05-31,9869
00715L,期街口布蘭特正2,94,0,94,元大-新盛,2024-05-31,9869
00946,群益科技高息成長,72,0,72,元大-新盛,2024-05-31,9869
00929,復華台灣科技優息,184,129,55,元大-新盛,2024-05-31,9869
3231,緯創,63,11,52,元大-新盛,2024-05-31,9869
8064,東捷,75,26,49,元大-新盛,2024-05-31,9869
2603,長榮,87,42,45,元大-新盛,2024-05-31,9869
2002,中鋼,45,3,42,元大-新盛,2024-05-31,9869
3666,光耀,42,2,40,元大-新盛,2024-05-31,9869
2382,廣達,44,5,39,元大-新盛,2024-05-31,9869
2542,興富發,39,0,39,元大-新盛,2024-05-31,9869
8421,旭源,30,0,30,元大-新盛,2024-05-31,9869
2344,華邦電,31,3,28,元大-新盛,2024-05-31,9869
2885,元大金,28,2,26,元大-新盛,2024-05-31,9869
6877,鏵友益,25,0,25,元大-新盛,2024-05-31,9869
3047,訊舟,29,6,23,元大-新盛,2024-05-31,9869
6116,彩晶,22,0,22,元大-新盛,2024-05-31,9869
4906,正文,28,6,22,元大-新盛,2024-05-31,9869
3622,洋華,25,3,22,元大-新盛,2024-05-31,9869
2867,三商壽,28,6,22,元大-新盛,2024-05-31,9869
2886,兆豐金,21,0,21,元大-新盛,2024-05-31,9869
3141,晶宏,20,0,20,元大-新盛,2024-05-31,9869
3317,尼克森,20,0,20,元大-新盛,2024-05-31,9869
2349,錸德,20,0,20,元大-新盛,2024-05-31,9869
4967,十銓,34,15,19,元大-新盛,2024-05-31,9869
2409,友達,20,1,19,元大-新盛,2024-05-31,9869
1522,堤維西,20,1,19,元大-新盛,2024-05-31,9869
3071,協禧,17,0,17,元大-新盛,2024-05-31,9869
3339,泰谷,17,0,17,元大-新盛,2024-05-31,9869
2615,萬海,18,2,16,元大-新盛,2024-05-31,9869
3312,弘憶股,30,14,16,元大-新盛,2024-05-31,9869
5498,凱崴,19,3,16,元大-新盛,2024-05-31,9869
00939,統一台灣高息動能,15,0,15,元大-新盛,2024-05-31,9869
1608,華榮,26,11,15,元大-新盛,2024-05-31,9869
910322,康師傅-DR,15,0,15,元大-新盛,2024-05-31,9869
00936,台新永續高息中小,15,0,15,元大-新盛,2024-05-31,9869
2489,瑞軒,46,32,14,元大-新盛,2024-05-31,9869
3033,威健,21,7,14,元大-新盛,2024-05-31,9869
4951,精拓科,14,0,14,元大-新盛,2024-05-31,9869
2527,宏璟,20,6,14,元大-新盛,2024-05-31,9869
00919,群益台灣精選高息,577,563,14,元大-新盛,2024-05-31,9869
6863,永道-KY,13,0,13,元大-新盛,2024-05-31,9869
2369,菱生,13,0,13,元大-新盛,2024-05-31,9869
00632R,元大台灣50反1,2862,70,2792,元大-新盛,2024-06-03,9869
3481,群創,215,19,196,元大-新盛,2024-06-03,9869
00687B,國泰20年美債,408,241,167,元大-新盛,2024-06-03,9869
2303,聯電,184,28,156,元大-新盛,2024-06-03,9869
00937B,群益ESG投等債20,276,130,146,元大-新盛,2024-06-03,9869
00919,群益台灣精選高息,620,483,137,元大-新盛,2024-06-03,9869
00680L,元大美債20正2,125,0,125,元大-新盛,2024-06-03,9869
00929,復華台灣科技優息,94,24,70,元大-新盛,2024-06-03,9869
00751B,元大AAA至A公司債,70,5,65,元大-新盛,2024-06-03,9869
2353,宏��,109,49,60,元大-新盛,2024-06-03,9869
2312,金寶,70,12,58,元大-新盛,2024-06-03,9869
00715L,期街口布蘭特正2,54,0,54,元大-新盛,2024-06-03,9869
00720B,元大投資級公司債,60,7,53,元大-新盛,2024-06-03,9869
00918,大華優利高填息30,52,0,52,元大-新盛,2024-06-03,9869
2354,鴻準,101,50,51,元大-新盛,2024-06-03,9869
2436,偉詮電,53,4,49,元大-新盛,2024-06-03,9869
3141,晶宏,36,0,36,元大-新盛,2024-06-03,9869
1440,南紡,33,2,31,元大-新盛,2024-06-03,9869
2915,潤泰全,30,0,30,元大-新盛,2024-06-03,9869
00772B,中信高評級公司債,30,0,30,元大-新盛,2024-06-03,9869
6164,華興,30,0,30,元大-新盛,2024-06-03,9869
4533,協易機,106,79,27,元大-新盛,2024-06-03,9869
00946,群益科技高息成長,28,1,27,元大-新盛,2024-06-03,9869
4973,廣穎,29,5,24,元大-新盛,2024-06-03,9869
2337,旺宏,23,0,23,元大-新盛,2024-06-03,9869
6770,力積電,33,11,22,元大-新盛,2024-06-03,9869
6788,華景電,21,0,21,元大-新盛,2024-06-03,9869
6282,康舒,21,0,21,元大-新盛,2024-06-03,9869
4306,炎洲,21,0,21,元大-新盛,2024-06-03,9869
2615,萬海,139,119,20,元大-新盛,2024-06-03,9869
2884,玉山金,23,3,20,元大-新盛,2024-06-03,9869
3059,華晶科,47,28,19,元大-新盛,2024-06-03,9869
6509,聚和,19,1,18,元大-新盛,2024-06-03,9869
6275,元山,18,0,18,元大-新盛,2024-06-03,9869
2356,英業達,63,47,16,元大-新盛,2024-06-03,9869
2610,華航,19,3,16,元大-新盛,2024-06-03,9869
2618,長榮航,83,67,16,元大-新盛,2024-06-03,9869
2355,敬鵬,18,3,15,元大-新盛,2024-06-03,9869
1597,直得,21,6,15,元大-新盛,2024-06-03,9869
3520,華盈,15,0,15,元大-新盛,2024-06-03,9869
00891,中信關鍵半導體,14,0,14,元大-新盛,2024-06-03,9869
6023,元大期,14,0,14,元大-新盛,2024-06-03,9869
3202,樺晟,18,4,14,元大-新盛,2024-06-03,9869
2324,仁寶,36,23,13,元大-新盛,2024-06-03,9869
2002,中鋼,15,2,13,元大-新盛,2024-06-03,9869
6811,宏�硌穈T,13,0,13,元大-新盛,2024-06-03,9869
6231,系微,13,0,13,元大-新盛,2024-06-03,9869
6435,大中,12,0,12,元大-新盛,2024-06-03,9869
1310,台苯,12,1,11,元大-新盛,2024-06-03,9869
00713,元大台灣高息低波,11,0,11,元大-新盛,2024-06-03,9869
00929,復華台灣科技優息,339,28,311,元大-新盛,2024-06-04,9869
00937B,群益ESG投等債20,302,36,266,元大-新盛,2024-06-04,9869
2883,凱基金,225,15,210,元大-新盛,2024-06-04,9869
2888,新光金,443,238,205,元大-新盛,2024-06-04,9869
00632R,元大台灣50反1,300,110,190,元大-新盛,2024-06-04,9869
2331,精英,230,45,185,元大-新盛,2024-06-04,9869
00919,群益台灣精選高息,152,19,133,元大-新盛,2024-06-04,9869
2317,鴻海,138,24,114,元大-新盛,2024-06-04,9869
4306,炎洲,106,0,106,元大-新盛,2024-06-04,9869
2312,金寶,218,114,104,元大-新盛,2024-06-04,9869
0056,元大高股息,149,45,104,元大-新盛,2024-06-04,9869
00918,大華優利高填息30,104,4,100,元大-新盛,2024-06-04,9869
6147,頎邦,79,2,77,元大-新盛,2024-06-04,9869
2915,潤泰全,81,5,76,元大-新盛,2024-06-04,9869
6125,廣運,105,39,66,元大-新盛,2024-06-04,9869
2002,中鋼,61,0,61,元大-新盛,2024-06-04,9869
4533,協易機,95,35,60,元大-新盛,2024-06-04,9869
2515,中工,64,6,58,元大-新盛,2024-06-04,9869
2354,鴻準,95,48,47,元大-新盛,2024-06-04,9869
3481,群創,55,9,46,元大-新盛,2024-06-04,9869
2884,玉山金,45,0,45,元大-新盛,2024-06-04,9869
2889,國票金,44,0,44,元大-新盛,2024-06-04,9869
00713,元大台灣高息低波,43,0,43,元大-新盛,2024-06-04,9869
2353,宏��,117,74,43,元大-新盛,2024-06-04,9869
1808,潤隆,40,0,40,元大-新盛,2024-06-04,9869
4532,瑞智,40,0,40,元大-新盛,2024-06-04,9869
2344,華邦電,52,17,35,元大-新盛,2024-06-04,9869
1711,永光,35,0,35,元大-新盛,2024-06-04,9869
1802,台玻,36,1,35,元大-新盛,2024-06-04,9869
6245,立端,56,21,35,元大-新盛,2024-06-04,9869
2618,長榮航,50,15,35,元大-新盛,2024-06-04,9869
0050,元大台灣50,52,18,34,元大-新盛,2024-06-04,9869
2301,光寶科,39,7,32,元大-新盛,2024-06-04,9869
1597,直得,32,0,32,元大-新盛,2024-06-04,9869
00940,元大台灣價值高息,70,38,32,元大-新盛,2024-06-04,9869
5302,太欣,30,1,29,元大-新盛,2024-06-04,9869
2486,一詮,112,85,27,元大-新盛,2024-06-04,9869
3666,光耀,29,2,27,元大-新盛,2024-06-04,9869
00642U,期元大S＆P石油,25,2,23,元大-新盛,2024-06-04,9869
2382,廣達,26,4,22,元大-新盛,2024-06-04,9869
2362,藍天,22,0,22,元大-新盛,2024-06-04,9869
2408,南亞科,22,1,21,元大-新盛,2024-06-04,9869
6164,華興,21,0,21,元大-新盛,2024-06-04,9869
3047,訊舟,24,4,20,元大-新盛,2024-06-04,9869
6877,鏵友益,20,0,20,元大-新盛,2024-06-04,9869
6177,達麗,21,1,20,元大-新盛,2024-06-04,9869
00752,中信中國50,20,0,20,元大-新盛,2024-06-04,9869
00655L,國泰中國A50正2,20,0,20,元大-新盛,2024-06-04,9869
2885,元大金,20,0,20,元大-新盛,2024-06-04,9869
3231,緯創,19,0,19,元大-新盛,2024-06-04,9869
00929,復華台灣科技優息,666,4,662,元大-新盛,2024-06-05,9869
00680L,元大美債20正2,181,4,177,元大-新盛,2024-06-05,9869
00712,復華富時不動產,151,0,151,元大-新盛,2024-06-05,9869
3141,晶宏,126,5,121,元大-新盛,2024-06-05,9869
3372,典範,115,3,112,元大-新盛,2024-06-05,9869
4123,晟德,112,9,103,元大-新盛,2024-06-05,9869
2344,華邦電,116,16,100,元大-新盛,2024-06-05,9869
4306,炎洲,100,0,100,元大-新盛,2024-06-05,9869
0056,元大高股息,117,19,98,元大-新盛,2024-06-05,9869
00936,台新永續高息中小,104,20,84,元大-新盛,2024-06-05,9869
00878,國泰永續高股息,87,5,82,元大-新盛,2024-06-05,9869
00688L,國泰20年美債正2,100,30,70,元大-新盛,2024-06-05,9869
2610,華航,59,3,56,元大-新盛,2024-06-05,9869
00937B,群益ESG投等債20,78,23,55,元大-新盛,2024-06-05,9869
1110,東泥,50,0,50,元大-新盛,2024-06-05,9869
6164,華興,45,0,45,元大-新盛,2024-06-05,9869
4532,瑞智,46,1,45,元大-新盛,2024-06-05,9869
00919,群益台灣精選高息,57,15,42,元大-新盛,2024-06-05,9869
3666,光耀,40,0,40,元大-新盛,2024-06-05,9869
3266,昇陽,60,20,40,元大-新盛,2024-06-05,9869
2101,南港,44,8,36,元大-新盛,2024-06-05,9869
2355,敬鵬,35,5,30,元大-新盛,2024-06-05,9869
00918,大華優利高填息30,30,0,30,元大-新盛,2024-06-05,9869
00942B,台新美A公司債20+,30,0,30,元大-新盛,2024-06-05,9869
2105,正新,32,4,28,元大-新盛,2024-06-05,9869
2915,潤泰全,34,6,28,元大-新盛,2024-06-05,9869
2324,仁寶,30,2,28,元大-新盛,2024-06-05,9869
6877,鏵友益,29,2,27,元大-新盛,2024-06-05,9869
4714,永捷,26,0,26,元大-新盛,2024-06-05,9869
9945,潤泰新,45,20,25,元大-新盛,2024-06-05,9869
2002,中鋼,24,0,24,元大-新盛,2024-06-05,9869
2427,三商電,31,7,24,元大-新盛,2024-06-05,9869
3231,緯創,26,2,24,元大-新盛,2024-06-05,9869
2636,台驊控股,28,4,24,元大-新盛,2024-06-05,9869
00713,元大台灣高息低波,23,0,23,元大-新盛,2024-06-05,9869
2352,佳世達,22,0,22,元大-新盛,2024-06-05,9869
4533,協易機,25,4,21,元大-新盛,2024-06-05,9869
5340,建榮,35,15,20,元大-新盛,2024-06-05,9869
6177,達麗,20,1,19,元大-新盛,2024-06-05,9869
8096,擎亞,23,6,17,元大-新盛,2024-06-05,9869
2417,圓剛,46,29,17,元大-新盛,2024-06-05,9869
2888,新光金,19,3,16,元大-新盛,2024-06-05,9869
3481,群創,18,3,15,元大-新盛,2024-06-05,9869
2258,鴻華先進-創,15,0,15,元大-新盛,2024-06-05,9869
00896,中信綠能及電動車,15,0,15,元大-新盛,2024-06-05,9869
2891,中信金,17,2,15,元大-新盛,2024-06-05,9869
3088,艾訊,20,5,15,元大-新盛,2024-06-05,9869
6244,茂迪,15,0,15,元大-新盛,2024-06-05,9869
2009,第一銅,16,2,14,元大-新盛,2024-06-05,9869
4916,事欣科,14,0,14,元大-新盛,2024-06-05,9869
00937B,群益ESG投等債20,303,35,268,元大-新盛,2024-06-06,9869
00936,台新永續高息中小,93,6,87,元大-新盛,2024-06-06,9869
2101,南港,87,1,86,元大-新盛,2024-06-06,9869
2354,鴻準,120,38,82,元大-新盛,2024-06-06,9869
5469,瀚宇博,76,0,76,元大-新盛,2024-06-06,9869
4906,正文,77,12,65,元大-新盛,2024-06-06,9869
4306,炎洲,63,0,63,元大-新盛,2024-06-06,9869
2501,國建,60,7,53,元大-新盛,2024-06-06,9869
00632R,元大台灣50反1,59,8,51,元大-新盛,2024-06-06,9869
3605,宏致,50,0,50,元大-新盛,2024-06-06,9869
6288,聯嘉,35,1,34,元大-新盛,2024-06-06,9869
3033,威健,35,2,33,元大-新盛,2024-06-06,9869
00680L,元大美債20正2,88,57,31,元大-新盛,2024-06-06,9869
1815,富喬,97,68,29,元大-新盛,2024-06-06,9869
1597,直得,27,0,27,元大-新盛,2024-06-06,9869
2915,潤泰全,35,8,27,元大-新盛,2024-06-06,9869
2883B,凱基金乙特,26,0,26,元大-新盛,2024-06-06,9869
2867,三商壽,25,0,25,元大-新盛,2024-06-06,9869
3231,緯創,24,4,20,元大-新盛,2024-06-06,9869
5608,四維航,44,24,20,元大-新盛,2024-06-06,9869
3666,光耀,20,0,20,元大-新盛,2024-06-06,9869
3372,典範,27,7,20,元大-新盛,2024-06-06,9869
3380,明泰,20,1,19,元大-新盛,2024-06-06,9869
3481,群創,23,5,18,元大-新盛,2024-06-06,9869
4961,天鈺,19,2,17,元大-新盛,2024-06-06,9869
9950,萬國通,17,0,17,元大-新盛,2024-06-06,9869
2383,台光電,29,12,17,元大-新盛,2024-06-06,9869
00712,復華富時不動產,16,0,16,元大-新盛,2024-06-06,9869
1303,南亞,77,61,16,元大-新盛,2024-06-06,9869
6877,鏵友益,16,0,16,元大-新盛,2024-06-06,9869
2506,太設,16,0,16,元大-新盛,2024-06-06,9869
6244,茂迪,16,0,16,元大-新盛,2024-06-06,9869
0056,元大高股息,44,29,15,元大-新盛,2024-06-06,9869
4109,加捷生醫,15,0,15,元大-新盛,2024-06-06,9869
6869,雲豹能源,15,0,15,元大-新盛,2024-06-06,9869
5371,中光電,23,9,14,元大-新盛,2024-06-06,9869
4533,協易機,25,11,14,元大-新盛,2024-06-06,9869
1305,華夏,13,0,13,元大-新盛,2024-06-06,9869
3260,威剛,17,4,13,元大-新盛,2024-06-06,9869
4543,萬在,14,1,13,元大-新盛,2024-06-06,9869
00939,統一台灣高息動能,12,0,12,元大-新盛,2024-06-06,9869
1513,中興電,16,4,12,元大-新盛,2024-06-06,9869
2606,裕民,16,4,12,元大-新盛,2024-06-06,9869
3715,定穎投控,12,0,12,元大-新盛,2024-06-06,9869
1532,勤美,12,0,12,元大-新盛,2024-06-06,9869
00753L,中信中國50正2,12,0,12,元大-新盛,2024-06-06,9869
2885,元大金,15,3,12,元大-新盛,2024-06-06,9869
2363,矽統,17,6,11,元大-新盛,2024-06-06,9869
1514,亞力,11,0,11,元大-新盛,2024-06-06,9869
2109,華豐,10,0,10,元大-新盛,2024-06-06,9869
00937B,群益ESG投等債20,773,4,769,元大-新盛,2024-06-07,9869
00637L,元大滬深300正2,576,16,560,元大-新盛,2024-06-07,9869
00918,大華優利高填息30,409,4,405,元大-新盛,2024-06-07,9869
2915,潤泰全,234,40,194,元大-新盛,2024-06-07,9869
2883,凱基金,217,74,143,元大-新盛,2024-06-07,9869
00936,台新永續高息中小,119,2,117,元大-新盛,2024-06-07,9869
1609,大亞,115,27,88,元大-新盛,2024-06-07,9869
00929,復華台灣科技優息,297,217,80,元大-新盛,2024-06-07,9869
00680L,元大美債20正2,64,0,64,元大-新盛,2024-06-07,9869
00907,永豐優息存股,50,0,50,元大-新盛,2024-06-07,9869
3231,緯創,66,18,48,元大-新盛,2024-06-07,9869
2855,統一證,46,0,46,元大-新盛,2024-06-07,9869
2312,金寶,67,22,45,元大-新盛,2024-06-07,9869
1524,耿鼎,45,0,45,元大-新盛,2024-06-07,9869
00942B,台新美A公司債20+,44,0,44,元大-新盛,2024-06-07,9869
3481,群創,65,25,40,元大-新盛,2024-06-07,9869
00931B,統一美債20年,41,4,37,元大-新盛,2024-06-07,9869
2489,瑞軒,40,8,32,元大-新盛,2024-06-07,9869
00713,元大台灣高息低波,31,0,31,元大-新盛,2024-06-07,9869
2330,台積電,32,2,30,元大-新盛,2024-06-07,9869
00712,復華富時不動產,26,0,26,元大-新盛,2024-06-07,9869
1301,台塑,27,2,25,元大-新盛,2024-06-07,9869
3293,鈊象,22,0,22,元大-新盛,2024-06-07,9869
2301,光寶科,28,7,21,元大-新盛,2024-06-07,9869
2888,新光金,197,176,21,元大-新盛,2024-06-07,9869
00632R,元大台灣50反1,25,5,20,元大-新盛,2024-06-07,9869
5009,榮剛,20,0,20,元大-新盛,2024-06-07,9869
2382,廣達,19,0,19,元大-新盛,2024-06-07,9869
6579,研揚,21,3,18,元大-新盛,2024-06-07,9869
9934,成霖,18,0,18,元大-新盛,2024-06-07,9869
2317,鴻海,36,18,18,元大-新盛,2024-06-07,9869
2356,英業達,30,14,16,元大-新盛,2024-06-07,9869
8064,東捷,17,1,16,元大-新盛,2024-06-07,9869
6279,胡連,15,0,15,元大-新盛,2024-06-07,9869
00752,中信中國50,18,3,15,元大-新盛,2024-06-07,9869
2347,聯強,15,0,15,元大-新盛,2024-06-07,9869
6005,群益證,15,1,14,元大-新盛,2024-06-07,9869
912000,晨訊科-DR,14,0,14,元大-新盛,2024-06-07,9869
00919,群益台灣精選高息,325,312,13,元大-新盛,2024-06-07,9869
5511,德昌,13,0,13,元大-新盛,2024-06-07,9869
2316,楠梓電,13,0,13,元大-新盛,2024-06-07,9869
2354,鴻準,18,5,13,元大-新盛,2024-06-07,9869
2101,南港,23,11,12,元大-新盛,2024-06-07,9869
2027,大成鋼,12,0,12,元大-新盛,2024-06-07,9869
6288,聯嘉,38,26,12,元大-新盛,2024-06-07,9869
1503,士電,27,15,12,元大-新盛,2024-06-07,9869
2891,中信金,81,69,12,元大-新盛,2024-06-07,9869
2882,國泰金,28,17,11,元大-新盛,2024-06-07,9869
00665L,富邦�琤肭磪囓�2,11,0,11,元大-新盛,2024-06-07,9869
6116,彩晶,11,0,11,元大-新盛,2024-06-07,9869
00937B,群益ESG投等債20,270,20,250,元大-新盛,2024-06-11,9869
2609,陽明,387,162,225,元大-新盛,2024-06-11,9869
00637L,元大滬深300正2,317,99,218,元大-新盛,2024-06-11,9869
2888,新光金,297,84,213,元大-新盛,2024-06-11,9869
00918,大華優利高填息30,210,0,210,元大-新盛,2024-06-11,9869
00680L,元大美債20正2,206,15,191,元大-新盛,2024-06-11,9869
00919,群益台灣精選高息,244,60,184,元大-新盛,2024-06-11,9869
9105,泰金寶-DR,170,10,160,元大-新盛,2024-06-11,9869
2603,長榮,188,34,154,元大-新盛,2024-06-11,9869
2867,三商壽,131,36,95,元大-新盛,2024-06-11,9869
1714,和桐,91,0,91,元大-新盛,2024-06-11,9869
3047,訊舟,103,24,79,元大-新盛,2024-06-11,9869
1608,華榮,119,57,62,元大-新盛,2024-06-11,9869
00942B,台新美A公司債20+,62,0,62,元大-新盛,2024-06-11,9869
00753L,中信中國50正2,61,1,60,元大-新盛,2024-06-11,9869
00929,復華台灣科技優息,130,71,59,元大-新盛,2024-06-11,9869
2615,萬海,100,42,58,元大-新盛,2024-06-11,9869
9945,潤泰新,70,15,55,元大-新盛,2024-06-11,9869
2421,建準,55,2,53,元大-新盛,2024-06-11,9869
6191,精成科,52,0,52,元大-新盛,2024-06-11,9869
4123,晟德,54,3,51,元大-新盛,2024-06-11,9869
5469,瀚宇博,50,0,50,元大-新盛,2024-06-11,9869
1618,合機,49,6,43,元大-新盛,2024-06-11,9869
2353,宏��,45,3,42,元大-新盛,2024-06-11,9869
00878,國泰永續高股息,40,0,40,元大-新盛,2024-06-11,9869
2515,中工,30,0,30,元大-新盛,2024-06-11,9869
6288,聯嘉,28,0,28,元大-新盛,2024-06-11,9869
8076,伍豐,32,4,28,元大-新盛,2024-06-11,9869
00751B,元大AAA至A公司債,29,2,27,元大-新盛,2024-06-11,9869
2542,興富發,32,6,26,元大-新盛,2024-06-11,9869
00936,台新永續高息中小,46,20,26,元大-新盛,2024-06-11,9869
1609,大亞,35,9,26,元大-新盛,2024-06-11,9869
1301,台塑,25,0,25,元大-新盛,2024-06-11,9869
2816,旺旺保,27,2,25,元大-新盛,2024-06-11,9869
1532,勤美,24,0,24,元大-新盛,2024-06-11,9869
00946,群益科技高息成長,30,7,23,元大-新盛,2024-06-11,9869
00773B,中信優先金融債,21,0,21,元大-新盛,2024-06-11,9869
00940,元大台灣價值高息,99,79,20,元大-新盛,2024-06-11,9869
2344,華邦電,26,6,20,元大-新盛,2024-06-11,9869
00934,中信成長高股息,20,0,20,元大-新盛,2024-06-11,9869
00830,國泰費城半導體,22,2,20,元大-新盛,2024-06-11,9869
1815,富喬,41,22,19,元大-新盛,2024-06-11,9869
0056,元大高股息,49,30,19,元大-新盛,2024-06-11,9869
6770,力積電,65,46,19,元大-新盛,2024-06-11,9869
8064,東捷,19,0,19,元大-新盛,2024-06-11,9869
1108,幸福,20,1,19,元大-新盛,2024-06-11,9869
6163,華電網,23,4,19,元大-新盛,2024-06-11,9869
1446,宏和,20,1,19,元大-新盛,2024-06-11,9869
2002,中鋼,20,2,18,元大-新盛,2024-06-11,9869
6446,藥華藥,31,13,18,元大-新盛,2024-06-11,9869
2883,凱基金,560,15,545,元大-新盛,2024-06-12,9869
2882,國泰金,466,4,462,元大-新盛,2024-06-12,9869
2603,長榮,166,41,125,元大-新盛,2024-06-12,9869
00918,大華優利高填息30,114,0,114,元大-新盛,2024-06-12,9869
2409,友達,85,0,85,元大-新盛,2024-06-12,9869
2355,敬鵬,64,0,64,元大-新盛,2024-06-12,9869
00882,中信中國高股息,66,5,61,元大-新盛,2024-06-12,9869
00919,群益台灣精選高息,61,3,58,元大-新盛,2024-06-12,9869
2888,新光金,83,25,58,元大-新盛,2024-06-12,9869
00948B,中信優息投資級債,55,0,55,元大-新盛,2024-06-12,9869
00632R,元大台灣50反1,63,10,53,元大-新盛,2024-06-12,9869
2427,三商電,50,1,49,元大-新盛,2024-06-12,9869
00712,復華富時不動產,47,0,47,元大-新盛,2024-06-12,9869
2615,萬海,134,91,43,元大-新盛,2024-06-12,9869
2362,藍天,52,10,42,元大-新盛,2024-06-12,9869
00937B,群益ESG投等債20,42,0,42,元大-新盛,2024-06-12,9869
2885,元大金,42,0,42,元大-新盛,2024-06-12,9869
9934,成霖,39,0,39,元大-新盛,2024-06-12,9869
00936,台新永續高息中小,39,0,39,元大-新盛,2024-06-12,9869
3231,緯創,65,28,37,元大-新盛,2024-06-12,9869
1605,華新,36,0,36,元大-新盛,2024-06-12,9869
2439,美律,35,0,35,元大-新盛,2024-06-12,9869
00929,復華台灣科技優息,36,2,34,元大-新盛,2024-06-12,9869
9945,潤泰新,57,23,34,元大-新盛,2024-06-12,9869
6278,台表科,31,0,31,元大-新盛,2024-06-12,9869
2867,三商壽,36,6,30,元大-新盛,2024-06-12,9869
2530,華建,37,10,27,元大-新盛,2024-06-12,9869
00752,中信中國50,28,2,26,元大-新盛,2024-06-12,9869
6655,科定,26,0,26,元大-新盛,2024-06-12,9869
3624,光頡,25,0,25,元大-新盛,2024-06-12,9869
00933B,國泰10Y+金融債,22,0,22,元大-新盛,2024-06-12,9869
6770,力積電,31,10,21,元大-新盛,2024-06-12,9869
2392,正崴,22,2,20,元大-新盛,2024-06-12,9869
2353,宏��,30,10,20,元大-新盛,2024-06-12,9869
00751B,元大AAA至A公司債,40,20,20,元大-新盛,2024-06-12,9869
00753L,中信中國50正2,20,0,20,元大-新盛,2024-06-12,9869
6415,矽力*-KY,20,0,20,元大-新盛,2024-06-12,9869
4909,新復興,29,9,20,元大-新盛,2024-06-12,9869
6903,巨漢,21,2,19,元大-新盛,2024-06-12,9869
8403,盛弘,19,0,19,元大-新盛,2024-06-12,9869
1314,中石化,24,5,19,元大-新盛,2024-06-12,9869
00946,群益科技高息成長,21,3,18,元大-新盛,2024-06-12,9869
5223,安力-KY,18,0,18,元大-新盛,2024-06-12,9869
1301,台塑,26,9,17,元大-新盛,2024-06-12,9869
2506,太設,20,3,17,元大-新盛,2024-06-12,9869
1447,力鵬,19,2,17,元大-新盛,2024-06-12,9869
2356,英業達,22,6,16,元大-新盛,2024-06-12,9869
4183,福永生技,16,0,16,元大-新盛,2024-06-12,9869
4168,醣聯,16,0,16,元大-新盛,2024-06-12,9869
3481,群創,45,30,15,元大-新盛,2024-06-12,9869
2882,國泰金,409,189,220,元大-新盛,2024-06-13,9869
2615,萬海,106,44,62,元大-新盛,2024-06-13,9869
00751B,元大AAA至A公司債,56,0,56,元大-新盛,2024-06-13,9869
2303,聯電,176,122,54,元大-新盛,2024-06-13,9869
2355,敬鵬,50,0,50,元大-新盛,2024-06-13,9869
5469,瀚宇博,50,0,50,元大-新盛,2024-06-13,9869
2867,三商壽,41,4,37,元大-新盛,2024-06-13,9869
5223,安力-KY,36,0,36,元大-新盛,2024-06-13,9869
8422,可寧衛,35,0,35,元大-新盛,2024-06-13,9869
8064,東捷,36,1,35,元大-新盛,2024-06-13,9869
2002,中鋼,41,7,34,元大-新盛,2024-06-13,9869
6770,力積電,70,37,33,元大-新盛,2024-06-13,9869
1312,國喬,30,0,30,元大-新盛,2024-06-13,9869
00934,中信成長高股息,30,0,30,元大-新盛,2024-06-13,9869
0056,元大高股息,78,51,27,元大-新盛,2024-06-13,9869
1447,力鵬,28,1,27,元大-新盛,2024-06-13,9869
2317,鴻海,78,51,27,元大-新盛,2024-06-13,9869
1815,富喬,43,17,26,元大-新盛,2024-06-13,9869
2851,中再保,31,5,26,元大-新盛,2024-06-13,9869
00921,兆豐龍頭等權重,24,0,24,元大-新盛,2024-06-13,9869
1522,堤維西,34,10,24,元大-新盛,2024-06-13,9869
5258,虹堡,27,4,23,元大-新盛,2024-06-13,9869
2489,瑞軒,23,0,23,元大-新盛,2024-06-13,9869
2812,台中銀,22,0,22,元大-新盛,2024-06-13,9869
2349,錸德,21,0,21,元大-新盛,2024-06-13,9869
2618,長榮航,25,4,21,元大-新盛,2024-06-13,9869
00712,復華富時不動產,17,0,17,元大-新盛,2024-06-13,9869
2324,仁寶,20,3,17,元大-新盛,2024-06-13,9869
6147,頎邦,16,0,16,元大-新盛,2024-06-13,9869
3339,泰谷,16,0,16,元大-新盛,2024-06-13,9869
00948B,中信優息投資級債,16,0,16,元大-新盛,2024-06-13,9869
2886,兆豐金,15,0,15,元大-新盛,2024-06-13,9869
00637L,元大滬深300正2,20,6,14,元大-新盛,2024-06-13,9869
1532,勤美,15,1,14,元大-新盛,2024-06-13,9869
2367,燿華,22,8,14,元大-新盛,2024-06-13,9869
6142,友勁,14,0,14,元大-新盛,2024-06-13,9869
2330,台積電,22,9,13,元大-新盛,2024-06-13,9869
2352,佳世達,14,1,13,元大-新盛,2024-06-13,9869
4513,福裕,24,11,13,元大-新盛,2024-06-13,9869
2385,群光,12,0,12,元大-新盛,2024-06-13,9869
00706L,期元大S＆P日圓正2,12,0,12,元大-新盛,2024-06-13,9869
5381,合正,14,2,12,元大-新盛,2024-06-13,9869
6550,北極星藥業-KY,12,0,12,元大-新盛,2024-06-13,9869
2476,鉅祥,28,16,12,元大-新盛,2024-06-13,9869
3013,晟銘電,20,8,12,元大-新盛,2024-06-13,9869
00918,大華優利高填息30,30,19,11,元大-新盛,2024-06-13,9869
3666,光耀,11,0,11,元大-新盛,2024-06-13,9869
2365,昆盈,24,13,11,元大-新盛,2024-06-13,9869
6788,華景電,12,1,11,元大-新盛,2024-06-13,9869
4168,醣聯,11,0,11,元大-新盛,2024-06-13,9869
2882,國泰金,674,3,671,元大-新盛,2024-06-14,9869
2505,國揚,86,0,86,元大-新盛,2024-06-14,9869
00934,中信成長高股息,70,0,70,元大-新盛,2024-06-14,9869
2344,華邦電,73,9,64,元大-新盛,2024-06-14,9869
5243,乙盛-KY,75,13,62,元大-新盛,2024-06-14,9869
2374,佳能,57,0,57,元大-新盛,2024-06-14,9869
2355,敬鵬,50,0,50,元大-新盛,2024-06-14,9869
6806,森崴能源,47,0,47,元大-新盛,2024-06-14,9869
6789,采鈺,56,14,42,元大-新盛,2024-06-14,9869
00946,群益科技高息成長,47,6,41,元大-新盛,2024-06-14,9869
00948B,中信優息投資級債,38,0,38,元大-新盛,2024-06-14,9869
3293,鈊象,40,3,37,元大-新盛,2024-06-14,9869
1785,光洋科,57,23,34,元大-新盛,2024-06-14,9869
2330,台積電,40,10,30,元大-新盛,2024-06-14,9869
2387,精元,30,0,30,元大-新盛,2024-06-14,9869
1537,廣隆,30,0,30,元大-新盛,2024-06-14,9869
2883,凱基金,53,24,29,元大-新盛,2024-06-14,9869
1584,精剛,30,1,29,元大-新盛,2024-06-14,9869
4406,新昕纖,26,0,26,元大-新盛,2024-06-14,9869
00878,國泰永續高股息,35,10,25,元大-新盛,2024-06-14,9869
2542,興富發,93,70,23,元大-新盛,2024-06-14,9869
00933B,國泰10Y+金融債,25,3,22,元大-新盛,2024-06-14,9869
4533,協易機,35,13,22,元大-新盛,2024-06-14,9869
1587,吉茂,30,8,22,元大-新盛,2024-06-14,9869
2105,正新,26,4,22,元大-新盛,2024-06-14,9869
2014,中鴻,22,0,22,元大-新盛,2024-06-14,9869
6191,精成科,21,0,21,元大-新盛,2024-06-14,9869
5009,榮剛,21,0,21,元大-新盛,2024-06-14,9869
3325,旭品,20,0,20,元大-新盛,2024-06-14,9869
2618,長榮航,25,5,20,元大-新盛,2024-06-14,9869
1608,華榮,76,56,20,元大-新盛,2024-06-14,9869
3450,聯鈞,30,10,20,元大-新盛,2024-06-14,9869
2352,佳世達,20,0,20,元大-新盛,2024-06-14,9869
2486,一詮,33,16,17,元大-新盛,2024-06-14,9869
2324,仁寶,17,0,17,元大-新盛,2024-06-14,9869
3666,光耀,17,0,17,元大-新盛,2024-06-14,9869
1609,大亞,69,53,16,元大-新盛,2024-06-14,9869
2884,玉山金,16,0,16,元大-新盛,2024-06-14,9869
3071,協禧,16,0,16,元大-新盛,2024-06-14,9869
2002,中鋼,16,0,16,元大-新盛,2024-06-14,9869
2392,正崴,70,55,15,元大-新盛,2024-06-14,9869
4588,玖鼎電力,16,1,15,元大-新盛,2024-06-14,9869
1316,上曜,15,0,15,元大-新盛,2024-06-14,9869
6235,華孚,17,2,15,元大-新盛,2024-06-14,9869
2351,順德,22,7,15,元大-新盛,2024-06-14,9869
00935,野村臺灣新科技50,15,0,15,元大-新盛,2024-06-14,9869
2357,華碩,17,3,14,元大-新盛,2024-06-14,9869
00751B,元大AAA至A公司債,15,1,14,元大-新盛,2024-06-14,9869
00919,群益台灣精選高息,33,20,13,元大-新盛,2024-06-14,9869
2313,華通,14,1,13,元大-新盛,2024-06-14,9869
2882,國泰金,654,0,654,元大-新盛,2024-06-17,9869
2812,台中銀,230,0,230,元大-新盛,2024-06-17,9869
00937B,群益ESG投等債20,189,0,189,元大-新盛,2024-06-17,9869
2603,長榮,182,21,161,元大-新盛,2024-06-17,9869
00680L,元大美債20正2,138,7,131,元大-新盛,2024-06-17,9869
00942B,台新美A公司債20+,131,0,131,元大-新盛,2024-06-17,9869
00933B,國泰10Y+金融債,125,0,125,元大-新盛,2024-06-17,9869
2344,華邦電,205,90,115,元大-新盛,2024-06-17,9869
2888,新光金,174,60,114,元大-新盛,2024-06-17,9869
00934,中信成長高股息,81,3,78,元大-新盛,2024-06-17,9869
2609,陽明,117,53,64,元大-新盛,2024-06-17,9869
8105,凌巨,75,13,62,元大-新盛,2024-06-17,9869
2615,萬海,81,21,60,元大-新盛,2024-06-17,9869
1608,華榮,73,18,55,元大-新盛,2024-06-17,9869
1532,勤美,52,0,52,元大-新盛,2024-06-17,9869
2883,凱基金,70,20,50,元大-新盛,2024-06-17,9869
2542,興富發,55,10,45,元大-新盛,2024-06-17,9869
1584,精剛,36,0,36,元大-新盛,2024-06-17,9869
00713,元大台灣高息低波,33,2,31,元大-新盛,2024-06-17,9869
00948B,中信優息投資級債,31,0,31,元大-新盛,2024-06-17,9869
2387,精元,30,0,30,元大-新盛,2024-06-17,9869
2897,王道銀行,30,0,30,元大-新盛,2024-06-17,9869
1603,華電,27,1,26,元大-新盛,2024-06-17,9869
2501,國建,26,0,26,元大-新盛,2024-06-17,9869
1616,億泰,68,42,26,元大-新盛,2024-06-17,9869
2492,華新科,27,2,25,元大-新盛,2024-06-17,9869
8150,南茂,25,0,25,元大-新盛,2024-06-17,9869
3293,鈊象,26,2,24,元大-新盛,2024-06-17,9869
6138,茂達,25,1,24,元大-新盛,2024-06-17,9869
2027,大成鋼,27,3,24,元大-新盛,2024-06-17,9869
00929,復華台灣科技優息,108,84,24,元大-新盛,2024-06-17,9869
2488,漢平,24,1,23,元大-新盛,2024-06-17,9869
1446,宏和,23,0,23,元大-新盛,2024-06-17,9869
00885,富邦越南,22,0,22,元大-新盛,2024-06-17,9869
1514,亞力,90,69,21,元大-新盛,2024-06-17,9869
2515,中工,21,1,20,元大-新盛,2024-06-17,9869
3450,聯鈞,31,11,20,元大-新盛,2024-06-17,9869
911608,明輝-DR,20,0,20,元大-新盛,2024-06-17,9869
00947,台新臺灣IC設計,19,0,19,元大-新盛,2024-06-17,9869
00687B,國泰20年美債,33,15,18,元大-新盛,2024-06-17,9869
9904,寶成,19,1,18,元大-新盛,2024-06-17,9869
6282,康舒,24,6,18,元大-新盛,2024-06-17,9869
00940,元大台灣價值高息,348,331,17,元大-新盛,2024-06-17,9869
9945,潤泰新,19,2,17,元大-新盛,2024-06-17,9869
1612,宏泰,20,3,17,元大-新盛,2024-06-17,9869
00917,中信特選金融,16,0,16,元大-新盛,2024-06-17,9869
00896,中信綠能及電動車,16,0,16,元大-新盛,2024-06-17,9869
2527,宏璟,16,0,16,元大-新盛,2024-06-17,9869
2439,美律,15,0,15,元大-新盛,2024-06-17,9869
2505,國揚,15,0,15,元大-新盛,2024-06-17,9869
00940,元大台灣價值高息,966,128,838,元大-新盛,2024-06-18,9869
00937B,群益ESG投等債20,196,2,194,元大-新盛,2024-06-18,9869
00712,復華富時不動產,154,0,154,元大-新盛,2024-06-18,9869
2355,敬鵬,149,2,147,元大-新盛,2024-06-18,9869
3481,群創,148,7,141,元大-新盛,2024-06-18,9869
00687B,國泰20年美債,100,1,99,元大-新盛,2024-06-18,9869
00936,台新永續高息中小,91,7,84,元大-新盛,2024-06-18,9869
00918,大華優利高填息30,101,25,76,元大-新盛,2024-06-18,9869
2312,金寶,76,6,70,元大-新盛,2024-06-18,9869
4906,正文,67,0,67,元大-新盛,2024-06-18,9869
9105,泰金寶-DR,91,34,57,元大-新盛,2024-06-18,9869
2486,一詮,93,37,56,元大-新盛,2024-06-18,9869
00680L,元大美債20正2,52,0,52,元大-新盛,2024-06-18,9869
2392,正崴,144,93,51,元大-新盛,2024-06-18,9869
1582,信錦,52,7,45,元大-新盛,2024-06-18,9869
1608,華榮,68,27,41,元大-新盛,2024-06-18,9869
5469,瀚宇博,41,0,41,元大-新盛,2024-06-18,9869
00919,群益台灣精選高息,66,26,40,元大-新盛,2024-06-18,9869
912000,晨訊科-DR,40,1,39,元大-新盛,2024-06-18,9869
2002,中鋼,43,5,38,元大-新盛,2024-06-18,9869
3231,緯創,46,10,36,元大-新盛,2024-06-18,9869
00632R,元大台灣50反1,31,0,31,元大-新盛,2024-06-18,9869
6869,雲豹能源,30,0,30,元大-新盛,2024-06-18,9869
00881,國泰台灣5G+,30,1,29,元大-新盛,2024-06-18,9869
1802,台玻,31,5,26,元大-新盛,2024-06-18,9869
00713,元大台灣高息低波,23,0,23,元大-新盛,2024-06-18,9869
2371,大同,73,50,23,元大-新盛,2024-06-18,9869
6770,力積電,83,60,23,元大-新盛,2024-06-18,9869
1809,中釉,23,1,22,元大-新盛,2024-06-18,9869
2340,台亞,22,0,22,元大-新盛,2024-06-18,9869
2353,宏��,31,10,21,元大-新盛,2024-06-18,9869
1504,東元,30,10,20,元大-新盛,2024-06-18,9869
2426,鼎元,20,0,20,元大-新盛,2024-06-18,9869
3714,富采,20,0,20,元大-新盛,2024-06-18,9869
2317,鴻海,42,22,20,元大-新盛,2024-06-18,9869
5340,建榮,23,4,19,元大-新盛,2024-06-18,9869
3622,洋華,59,41,18,元大-新盛,2024-06-18,9869
00935,野村臺灣新科技50,18,0,18,元大-新盛,2024-06-18,9869
1785,光洋科,29,12,17,元大-新盛,2024-06-18,9869
9950,萬國通,16,0,16,元大-新盛,2024-06-18,9869
2031,新光鋼,26,10,16,元大-新盛,2024-06-18,9869
2316,楠梓電,16,0,16,元大-新盛,2024-06-18,9869
00720B,元大投資級公司債,15,0,15,元大-新盛,2024-06-18,9869
5258,虹堡,16,1,15,元大-新盛,2024-06-18,9869
4562,穎漢,35,20,15,元大-新盛,2024-06-18,9869
4532,瑞智,15,0,15,元大-新盛,2024-06-18,9869
3035,智原,24,10,14,元大-新盛,2024-06-18,9869
00882,中信中國高股息,16,3,13,元大-新盛,2024-06-18,9869
3372,典範,30,17,13,元大-新盛,2024-06-18,9869
4967,十銓,42,29,13,元大-新盛,2024-06-18,9869
00664R,國泰臺灣加權反1,1408,0,1408,元大-新盛,2024-06-19,9869
00919,群益台灣精選高息,567,162,405,元大-新盛,2024-06-19,9869
00632R,元大台灣50反1,252,7,245,元大-新盛,2024-06-19,9869
00937B,群益ESG投等債20,203,0,203,元大-新盛,2024-06-19,9869
3450,聯鈞,458,340,118,元大-新盛,2024-06-19,9869
1451,年興,100,0,100,元大-新盛,2024-06-19,9869
00936,台新永續高息中小,103,8,95,元大-新盛,2024-06-19,9869
2355,敬鵬,100,12,88,元大-新盛,2024-06-19,9869
9105,泰金寶-DR,95,16,79,元大-新盛,2024-06-19,9869
1802,台玻,71,5,66,元大-新盛,2024-06-19,9869
00713,元大台灣高息低波,70,4,66,元大-新盛,2024-06-19,9869
4906,正文,54,2,52,元大-新盛,2024-06-19,9869
6451,訊芯-KY,57,6,51,元大-新盛,2024-06-19,9869
5340,建榮,39,2,37,元大-新盛,2024-06-19,9869
2371,大同,136,100,36,元大-新盛,2024-06-19,9869
2610,華航,60,26,34,元大-新盛,2024-06-19,9869
5443,均豪,53,20,33,元大-新盛,2024-06-19,9869
6282,康舒,34,3,31,元大-新盛,2024-06-19,9869
1326,台化,31,0,31,元大-新盛,2024-06-19,9869
2426,鼎元,30,0,30,元大-新盛,2024-06-19,9869
1504,東元,31,2,29,元大-新盛,2024-06-19,9869
2486,一詮,37,9,28,元大-新盛,2024-06-19,9869
3062,建漢,81,53,28,元大-新盛,2024-06-19,9869
6005,群益證,29,4,25,元大-新盛,2024-06-19,9869
1301,台塑,25,1,24,元大-新盛,2024-06-19,9869
2408,南亞科,31,7,24,元大-新盛,2024-06-19,9869
2365,昆盈,60,37,23,元大-新盛,2024-06-19,9869
8390,金益鼎,30,7,23,元大-新盛,2024-06-19,9869
6869,雲豹能源,21,1,20,元大-新盛,2024-06-19,9869
2489,瑞軒,21,2,19,元大-新盛,2024-06-19,9869
6229,研通,27,8,19,元大-新盛,2024-06-19,9869
6213,聯茂,18,0,18,元大-新盛,2024-06-19,9869
1605,華新,23,6,17,元大-新盛,2024-06-19,9869
2101,南港,15,0,15,元大-新盛,2024-06-19,9869
2109,華豐,15,0,15,元大-新盛,2024-06-19,9869
3041,揚智,15,0,15,元大-新盛,2024-06-19,9869
4714,永捷,15,0,15,元大-新盛,2024-06-19,9869
6770,力積電,54,39,15,元大-新盛,2024-06-19,9869
6147,頎邦,14,0,14,元大-新盛,2024-06-19,9869
6290,良維,15,3,12,元大-新盛,2024-06-19,9869
1795,美時,14,2,12,元大-新盛,2024-06-19,9869
4532,瑞智,12,0,12,元大-新盛,2024-06-19,9869
2527,宏璟,12,0,12,元大-新盛,2024-06-19,9869
00712,復華富時不動產,22,10,12,元大-新盛,2024-06-19,9869
2457,飛宏,13,1,12,元大-新盛,2024-06-19,9869
6153,嘉聯益,12,0,12,元大-新盛,2024-06-19,9869
3287,廣寰科,23,11,12,元大-新盛,2024-06-19,9869
3312,弘憶股,18,6,12,元大-新盛,2024-06-19,9869
2362,藍天,11,0,11,元大-新盛,2024-06-19,9869
1785,光洋科,173,162,11,元大-新盛,2024-06-19,9869
00940,元大台灣價值高息,1369,98,1271,元大-新盛,2024-06-20,9869
00632R,元大台灣50反1,387,56,331,元大-新盛,2024-06-20,9869
00919,群益台灣精選高息,368,150,218,元大-新盛,2024-06-20,9869
00680L,元大美債20正2,134,0,134,元大-新盛,2024-06-20,9869
00929,復華台灣科技優息,121,19,102,元大-新盛,2024-06-20,9869
00687B,國泰20年美債,94,0,94,元大-新盛,2024-06-20,9869
00936,台新永續高息中小,88,0,88,元大-新盛,2024-06-20,9869
00712,復華富時不動產,78,0,78,元大-新盛,2024-06-20,9869
00937B,群益ESG投等債20,71,0,71,元大-新盛,2024-06-20,9869
00939,統一台灣高息動能,82,12,70,元大-新盛,2024-06-20,9869
00679B,元大美債20年,61,2,59,元大-新盛,2024-06-20,9869
5469,瀚宇博,53,2,51,元大-新盛,2024-06-20,9869
00948B,中信優息投資級債,48,0,48,元大-新盛,2024-06-20,9869
1603,華電,55,12,43,元大-新盛,2024-06-20,9869
00637L,元大滬深300正2,87,46,41,元大-新盛,2024-06-20,9869
2353,宏��,44,4,40,元大-新盛,2024-06-20,9869
00947,台新臺灣IC設計,34,0,34,元大-新盛,2024-06-20,9869
3711,日月光投控,35,1,34,元大-新盛,2024-06-20,9869
00931B,統一美債20年,30,0,30,元大-新盛,2024-06-20,9869
8064,東捷,64,35,29,元大-新盛,2024-06-20,9869
8096,擎亞,49,20,29,元大-新盛,2024-06-20,9869
2027,大成鋼,31,3,28,元大-新盛,2024-06-20,9869
6807,峰源-KY,27,0,27,元大-新盛,2024-06-20,9869
2610,華航,38,11,27,元大-新盛,2024-06-20,9869
00905,FT臺灣Smart,25,0,25,元大-新盛,2024-06-20,9869
3481,群創,41,18,23,元大-新盛,2024-06-20,9869
2371,大同,84,64,20,元大-新盛,2024-06-20,9869
2884,玉山金,18,0,18,元大-新盛,2024-06-20,9869
8050,廣積,20,2,18,元大-新盛,2024-06-20,9869
3231,緯創,47,29,18,元大-新盛,2024-06-20,9869
00713,元大台灣高息低波,19,1,18,元大-新盛,2024-06-20,9869
6016,康和證,20,3,17,元大-新盛,2024-06-20,9869
00751B,元大AAA至A公司債,18,1,17,元大-新盛,2024-06-20,9869
2330,台積電,19,3,16,元大-新盛,2024-06-20,9869
00923,群益台ESG低碳50,16,0,16,元大-新盛,2024-06-20,9869
4714,永捷,21,5,16,元大-新盛,2024-06-20,9869
1609,大亞,19,4,15,元大-新盛,2024-06-20,9869
3356,奇偶,15,0,15,元大-新盛,2024-06-20,9869
2393,億光,15,0,15,元大-新盛,2024-06-20,9869
3016,嘉晶,15,0,15,元大-新盛,2024-06-20,9869
2376,技嘉,14,0,14,元大-新盛,2024-06-20,9869
4915,致伸,16,2,14,元大-新盛,2024-06-20,9869
00946,群益科技高息成長,14,1,13,元大-新盛,2024-06-20,9869
6531,愛普*,15,2,13,元大-新盛,2024-06-20,9869
1608,華榮,33,21,12,元大-新盛,2024-06-20,9869
2409,友達,29,17,12,元大-新盛,2024-06-20,9869
00915,凱基優選高股息30,11,0,11,元大-新盛,2024-06-20,9869
2316,楠梓電,54,43,11,元大-新盛,2024-06-20,9869
1301,台塑,20,9,11,元大-新盛,2024-06-20,9869
1605,華新,15,4,11,元大-新盛,2024-06-20,9869
00937B,群益ESG投等債20,951,2,949,元大-新盛,2024-06-21,9869
00712,復華富時不動產,858,0,858,元大-新盛,2024-06-21,9869
00940,元大台灣價值高息,812,468,344,元大-新盛,2024-06-21,9869
00637L,元大滬深300正2,176,18,158,元大-新盛,2024-06-21,9869
00665L,富邦�琤肭磪囓�2,150,30,120,元大-新盛,2024-06-21,9869
2897,王道銀行,100,0,100,元大-新盛,2024-06-21,9869
2355,敬鵬,95,0,95,元大-新盛,2024-06-21,9869
2344,華邦電,105,17,88,元大-新盛,2024-06-21,9869
2317,鴻海,117,41,76,元大-新盛,2024-06-21,9869
1532,勤美,73,0,73,元大-新盛,2024-06-21,9869
2401,凌陽,77,11,66,元大-新盛,2024-06-21,9869
00936,台新永續高息中小,63,0,63,元大-新盛,2024-06-21,9869
00948B,中信優息投資級債,61,0,61,元大-新盛,2024-06-21,9869
3708,上緯投控,57,4,53,元大-新盛,2024-06-21,9869
00946,群益科技高息成長,42,4,38,元大-新盛,2024-06-21,9869
2609,陽明,101,67,34,元大-新盛,2024-06-21,9869
3374,精材,36,3,33,元大-新盛,2024-06-21,9869
3686,達能,30,2,28,元大-新盛,2024-06-21,9869
6550,北極星藥業-KY,27,0,27,元大-新盛,2024-06-21,9869
1802,台玻,26,1,25,元大-新盛,2024-06-21,9869
00679B,元大美債20年,28,4,24,元大-新盛,2024-06-21,9869
2371,大同,39,16,23,元大-新盛,2024-06-21,9869
2374,佳能,27,4,23,元大-新盛,2024-06-21,9869
00933B,國泰10Y+金融債,23,0,23,元大-新盛,2024-06-21,9869
2002,中鋼,38,16,22,元大-新盛,2024-06-21,9869
2520,冠德,22,0,22,元大-新盛,2024-06-21,9869
3605,宏致,22,0,22,元大-新盛,2024-06-21,9869
2324,仁寶,27,5,22,元大-新盛,2024-06-21,9869
2887,台新金,19,0,19,元大-新盛,2024-06-21,9869
00713,元大台灣高息低波,18,0,18,元大-新盛,2024-06-21,9869
1301,台塑,17,1,16,元大-新盛,2024-06-21,9869
00687B,國泰20年美債,17,1,16,元大-新盛,2024-06-21,9869
3689,湧德,17,1,16,元大-新盛,2024-06-21,9869
2330,台積電,20,4,16,元大-新盛,2024-06-21,9869
6282,康舒,23,8,15,元大-新盛,2024-06-21,9869
4562,穎漢,18,4,14,元大-新盛,2024-06-21,9869
2329,華泰,28,14,14,元大-新盛,2024-06-21,9869
2890,永豐金,20,6,14,元大-新盛,2024-06-21,9869
00921,兆豐龍頭等權重,13,0,13,元大-新盛,2024-06-21,9869
8011,台通,32,20,12,元大-新盛,2024-06-21,9869
1608,華榮,18,7,11,元大-新盛,2024-06-21,9869
2070,精湛,11,0,11,元大-新盛,2024-06-21,9869
1101,台泥,13,3,10,元大-新盛,2024-06-21,9869
1446,宏和,10,0,10,元大-新盛,2024-06-21,9869
00895,富邦未來車,15,5,10,元大-新盛,2024-06-21,9869
5871,中租-KY,10,0,10,元大-新盛,2024-06-21,9869
8436,大江,10,0,10,元大-新盛,2024-06-21,9869
8942,森鉅,10,0,10,元大-新盛,2024-06-21,9869
6015,宏遠證,10,0,10,元大-新盛,2024-06-21,9869
3045,台灣大,11,1,10,元大-新盛,2024-06-21,9869
00940,元大台灣價值高息,895,268,627,元大-新盛,2024-06-24,9869
00937B,群益ESG投等債20,460,5,455,元大-新盛,2024-06-24,9869
0056,元大高股息,495,118,377,元大-新盛,2024-06-24,9869
2409,友達,422,59,363,元大-新盛,2024-06-24,9869
00929,復華台灣科技優息,275,44,231,元大-新盛,2024-06-24,9869
3481,群創,360,169,191,元大-新盛,2024-06-24,9869
3036,文曄,111,6,105,元大-新盛,2024-06-24,9869
1611,中電,82,1,81,元大-新盛,2024-06-24,9869
2317,鴻海,127,47,80,元大-新盛,2024-06-24,9869
3062,建漢,163,83,80,元大-新盛,2024-06-24,9869
00936,台新永續高息中小,76,12,64,元大-新盛,2024-06-24,9869
00679B,元大美債20年,74,13,61,元大-新盛,2024-06-24,9869
3047,訊舟,101,45,56,元大-新盛,2024-06-24,9869
5469,瀚宇博,57,5,52,元大-新盛,2024-06-24,9869
00882,中信中國高股息,50,1,49,元大-新盛,2024-06-24,9869
8064,東捷,62,13,49,元大-新盛,2024-06-24,9869
2374,佳能,66,17,49,元大-新盛,2024-06-24,9869
1504,東元,49,0,49,元大-新盛,2024-06-24,9869
1785,光洋科,166,119,47,元大-新盛,2024-06-24,9869
2330,台積電,54,10,44,元大-新盛,2024-06-24,9869
00753L,中信中國50正2,42,0,42,元大-新盛,2024-06-24,9869
3033,威健,62,21,41,元大-新盛,2024-06-24,9869
2883,凱基金,56,18,38,元大-新盛,2024-06-24,9869
1314,中石化,70,32,38,元大-新盛,2024-06-24,9869
00921,兆豐龍頭等權重,34,0,34,元大-新盛,2024-06-24,9869
4414,如興,31,0,31,元大-新盛,2024-06-24,9869
3346,麗清,30,0,30,元大-新盛,2024-06-24,9869
2408,南亞科,33,4,29,元大-新盛,2024-06-24,9869
00918,大華優利高填息30,58,30,28,元大-新盛,2024-06-24,9869
2609,陽明,74,46,28,元大-新盛,2024-06-24,9869
3231,緯創,43,15,28,元大-新盛,2024-06-24,9869
2882,國泰金,44,18,26,元大-新盛,2024-06-24,9869
1301,台塑,24,0,24,元大-新盛,2024-06-24,9869
3714,富采,24,0,24,元大-新盛,2024-06-24,9869
2352,佳世達,35,12,23,元大-新盛,2024-06-24,9869
2515,中工,23,0,23,元大-新盛,2024-06-24,9869
2368,金像電,53,31,22,元大-新盛,2024-06-24,9869
2501,國建,22,0,22,元大-新盛,2024-06-24,9869
5529,鉅陞,22,0,22,元大-新盛,2024-06-24,9869
8076,伍豐,23,1,22,元大-新盛,2024-06-24,9869
6695,芯鼎,36,14,22,元大-新盛,2024-06-24,9869
3029,零壹,22,0,22,元大-新盛,2024-06-24,9869
2615,萬海,57,35,22,元大-新盛,2024-06-24,9869
6770,力積電,34,13,21,元大-新盛,2024-06-24,9869
00923,群益台ESG低碳50,23,2,21,元大-新盛,2024-06-24,9869
3293,鈊象,22,1,21,元大-新盛,2024-06-24,9869
2347,聯強,23,3,20,元大-新盛,2024-06-24,9869
2344,華邦電,35,15,20,元大-新盛,2024-06-24,9869
2002,中鋼,24,4,20,元大-新盛,2024-06-24,9869
6788,華景電,20,0,20,元大-新盛,2024-06-24,9869
00940,元大台灣價值高息,754,316,438,元大-新盛,2024-06-25,9869
2352,佳世達,372,92,280,元大-新盛,2024-06-25,9869
00929,復華台灣科技優息,306,33,273,元大-新盛,2024-06-25,9869
00680L,元大美債20正2,213,0,213,元大-新盛,2024-06-25,9869
00688L,國泰20年美債正2,200,3,197,元大-新盛,2024-06-25,9869
2892,第一金,139,17,122,元大-新盛,2024-06-25,9869
00936,台新永續高息中小,84,0,84,元大-新盛,2024-06-25,9869
0056,元大高股息,80,19,61,元大-新盛,2024-06-25,9869
2374,佳能,61,2,59,元大-新盛,2024-06-25,9869
2883,凱基金,63,4,59,元大-新盛,2024-06-25,9869
2355,敬鵬,55,0,55,元大-新盛,2024-06-25,9869
2409,友達,61,11,50,元大-新盛,2024-06-25,9869
00878,國泰永續高股息,49,4,45,元大-新盛,2024-06-25,9869
00919,群益台灣精選高息,115,70,45,元大-新盛,2024-06-25,9869
6016,康和證,46,5,41,元大-新盛,2024-06-25,9869
1815,富喬,42,4,38,元大-新盛,2024-06-25,9869
6116,彩晶,39,5,34,元大-新盛,2024-06-25,9869
4906,正文,36,2,34,元大-新盛,2024-06-25,9869
6770,力積電,35,4,31,元大-新盛,2024-06-25,9869
3037,欣興,31,2,29,元大-新盛,2024-06-25,9869
2303,聯電,41,12,29,元大-新盛,2024-06-25,9869
2313,華通,32,4,28,元大-新盛,2024-06-25,9869
2618,長榮航,31,4,27,元大-新盛,2024-06-25,9869
2836,高雄銀,29,4,25,元大-新盛,2024-06-25,9869
2324,仁寶,25,1,24,元大-新盛,2024-06-25,9869
6449,鈺邦,23,0,23,元大-新盛,2024-06-25,9869
3231,緯創,48,26,22,元大-新盛,2024-06-25,9869
00770,國泰北美科技,22,0,22,元大-新盛,2024-06-25,9869
2449,京元電子,40,19,21,元大-新盛,2024-06-25,9869
2605,新興,24,3,21,元大-新盛,2024-06-25,9869
4414,如興,20,0,20,元大-新盛,2024-06-25,9869
8426,紅木-KY,20,0,20,元大-新盛,2024-06-25,9869
5452,佶優,37,17,20,元大-新盛,2024-06-25,9869
2838,聯邦銀,20,0,20,元大-新盛,2024-06-25,9869
1587,吉茂,19,0,19,元大-新盛,2024-06-25,9869
3062,建漢,47,30,17,元大-新盛,2024-06-25,9869
2382,廣達,51,34,17,元大-新盛,2024-06-25,9869
8110,華東,57,41,16,元大-新盛,2024-06-25,9869
3047,訊舟,17,1,16,元大-新盛,2024-06-25,9869
2002,中鋼,30,15,15,元大-新盛,2024-06-25,9869
2408,南亞科,18,3,15,元大-新盛,2024-06-25,9869
00918,大華優利高填息30,28,13,15,元大-新盛,2024-06-25,9869
2887,台新金,20,5,15,元大-新盛,2024-06-25,9869
00896,中信綠能及電動車,15,0,15,元大-新盛,2024-06-25,9869
4726,永昕,16,1,15,元大-新盛,2024-06-25,9869
2383,台光電,17,3,14,元大-新盛,2024-06-25,9869
1727,中華化,14,0,14,元大-新盛,2024-06-25,9869
5347,世界,15,1,14,元大-新盛,2024-06-25,9869
00942B,台新美A公司債20+,14,0,14,元大-新盛,2024-06-25,9869
2377,微星,13,0,13,元大-新盛,2024-06-25,9869
00632R,元大台灣50反1,557,50,507,元大-新盛,2024-06-26,9869
00940,元大台灣價值高息,267,67,200,元大-新盛,2024-06-26,9869
1314,中石化,209,11,198,元大-新盛,2024-06-26,9869
00706L,期元大S＆P日圓正2,183,2,181,元大-新盛,2024-06-26,9869
2883,凱基金,134,2,132,元大-新盛,2024-06-26,9869
00937B,群益ESG投等債20,125,2,123,元大-新盛,2024-06-26,9869
00929,復華台灣科技優息,108,0,108,元大-新盛,2024-06-26,9869
2355,敬鵬,101,0,101,元大-新盛,2024-06-26,9869
3481,群創,164,101,63,元大-新盛,2024-06-26,9869
1785,光洋科,129,68,61,元大-新盛,2024-06-26,9869
1303,南亞,62,8,54,元大-新盛,2024-06-26,9869
00635U,期元大S＆P黃金,51,0,51,元大-新盛,2024-06-26,9869
5483,中美晶,51,1,50,元大-新盛,2024-06-26,9869
2609,陽明,77,29,48,元大-新盛,2024-06-26,9869
2002,中鋼,46,4,42,元大-新盛,2024-06-26,9869
3231,緯創,44,3,41,元大-新盛,2024-06-26,9869
5009,榮剛,38,0,38,元大-新盛,2024-06-26,9869
1301,台塑,39,4,35,元大-新盛,2024-06-26,9869
2317,鴻海,95,60,35,元大-新盛,2024-06-26,9869
2353,宏��,37,5,32,元大-新盛,2024-06-26,9869
2301,光寶科,42,10,32,元大-新盛,2024-06-26,9869
2369,菱生,33,1,32,元大-新盛,2024-06-26,9869
3663,鑫科,38,8,30,元大-新盛,2024-06-26,9869
2885,元大金,43,16,27,元大-新盛,2024-06-26,9869
00687B,國泰20年美債,27,0,27,元大-新盛,2024-06-26,9869
2409,友達,31,5,26,元大-新盛,2024-06-26,9869
00664R,國泰臺灣加權反1,26,0,26,元大-新盛,2024-06-26,9869
1104,環泥,25,0,25,元大-新盛,2024-06-26,9869
00942B,台新美A公司債20+,24,0,24,元大-新盛,2024-06-26,9869
1532,勤美,24,0,24,元大-新盛,2024-06-26,9869
5452,佶優,29,5,24,元大-新盛,2024-06-26,9869
00907,永豐優息存股,23,0,23,元大-新盛,2024-06-26,9869
2890,永豐金,23,0,23,元大-新盛,2024-06-26,9869
6698,旭暉應材,23,0,23,元大-新盛,2024-06-26,9869
2344,華邦電,56,35,21,元大-新盛,2024-06-26,9869
00936,台新永續高息中小,25,5,20,元大-新盛,2024-06-26,9869
00933B,國泰10Y+金融債,19,0,19,元大-新盛,2024-06-26,9869
3005,神基,21,2,19,元大-新盛,2024-06-26,9869
00708L,期元大S＆P黃金正2,19,0,19,元大-新盛,2024-06-26,9869
1215,卜蜂,18,0,18,元大-新盛,2024-06-26,9869
00921,兆豐龍頭等權重,18,0,18,元大-新盛,2024-06-26,9869
2371,大同,42,24,18,元大-新盛,2024-06-26,9869
4726,永昕,26,8,18,元大-新盛,2024-06-26,9869
1609,大亞,36,18,18,元大-新盛,2024-06-26,9869
2603,長榮,21,4,17,元大-新盛,2024-06-26,9869
2809,京城銀,17,0,17,元大-新盛,2024-06-26,9869
2365,昆盈,23,6,17,元大-新盛,2024-06-26,9869
1612,宏泰,17,0,17,元大-新盛,2024-06-26,9869
00637L,元大滬深300正2,24,9,15,元大-新盛,2024-06-26,9869
2615,萬海,42,27,15,元大-新盛,2024-06-26,9869
00937B,群益ESG投等債20,403,0,403,元大-新盛,2024-06-27,9869
00688L,國泰20年美債正2,257,0,257,元大-新盛,2024-06-27,9869
00929,復華台灣科技優息,232,1,231,元大-新盛,2024-06-27,9869
00936,台新永續高息中小,161,1,160,元大-新盛,2024-06-27,9869
00948B,中信優息投資級債,123,0,123,元大-新盛,2024-06-27,9869
2355,敬鵬,100,0,100,元大-新盛,2024-06-27,9869
9105,泰金寶-DR,111,11,100,元大-新盛,2024-06-27,9869
00941,中信上游半導體,101,3,98,元大-新盛,2024-06-27,9869
00882,中信中國高股息,89,0,89,元大-新盛,2024-06-27,9869
2885,元大金,101,15,86,元大-新盛,2024-06-27,9869
1802,台玻,81,0,81,元大-新盛,2024-06-27,9869
9904,寶成,68,0,68,元大-新盛,2024-06-27,9869
6547,高端疫苗,68,5,63,元大-新盛,2024-06-27,9869
2883,凱基金,69,6,63,元大-新盛,2024-06-27,9869
00665L,富邦�琤肭磪囓�2,60,0,60,元大-新盛,2024-06-27,9869
2888,新光金,77,21,56,元大-新盛,2024-06-27,9869
00635U,期元大S＆P黃金,49,0,49,元大-新盛,2024-06-27,9869
0056,元大高股息,68,20,48,元大-新盛,2024-06-27,9869
3376,新日興,53,6,47,元大-新盛,2024-06-27,9869
00942B,台新美A公司債20+,46,0,46,元大-新盛,2024-06-27,9869
2867,三商壽,40,0,40,元大-新盛,2024-06-27,9869
00680L,元大美債20正2,38,2,36,元大-新盛,2024-06-27,9869
2409,友達,34,2,32,元大-新盛,2024-06-27,9869
6244,茂迪,42,11,31,元大-新盛,2024-06-27,9869
2511,太子,30,0,30,元大-新盛,2024-06-27,9869
8103,瀚荃,30,0,30,元大-新盛,2024-06-27,9869
00687B,國泰20年美債,29,0,29,元大-新盛,2024-06-27,9869
2891,中信金,30,1,29,元大-新盛,2024-06-27,9869
2352,佳世達,29,1,28,元大-新盛,2024-06-27,9869
3712,永崴投控,43,15,28,元大-新盛,2024-06-27,9869
00720B,元大投資級公司債,27,0,27,元大-新盛,2024-06-27,9869
00679B,元大美債20年,31,4,27,元大-新盛,2024-06-27,9869
2439,美律,25,0,25,元大-新盛,2024-06-27,9869
00878,國泰永續高股息,23,0,23,元大-新盛,2024-06-27,9869
1303,南亞,23,1,22,元大-新盛,2024-06-27,9869
1609,大亞,71,49,22,元大-新盛,2024-06-27,9869
2354,鴻準,34,13,21,元大-新盛,2024-06-27,9869
2027,大成鋼,22,1,21,元大-新盛,2024-06-27,9869
3360,尚立,20,0,20,元大-新盛,2024-06-27,9869
2506,太設,20,0,20,元大-新盛,2024-06-27,9869
00946,群益科技高息成長,20,0,20,元大-新盛,2024-06-27,9869
912000,晨訊科-DR,20,0,20,元大-新盛,2024-06-27,9869
2330,台積電,21,1,20,元大-新盛,2024-06-27,9869
5475,德宏,20,1,19,元大-新盛,2024-06-27,9869
00713,元大台灣高息低波,18,0,18,元大-新盛,2024-06-27,9869
1612,宏泰,18,0,18,元大-新盛,2024-06-27,9869
4108,懷特,18,0,18,元大-新盛,2024-06-27,9869
5452,佶優,29,11,18,元大-新盛,2024-06-27,9869
6550,北極星藥業-KY,19,2,17,元大-新盛,2024-06-27,9869
4167,松瑞藥,35,18,17,元大-新盛,2024-06-27,9869
00929,復華台灣科技優息,336,1,335,元大-新盛,2024-06-28,9869
2406,國碩,237,29,208,元大-新盛,2024-06-28,9869
2883,凱基金,199,49,150,元大-新盛,2024-06-28,9869
00948B,中信優息投資級債,139,0,139,元大-新盛,2024-06-28,9869
00942B,台新美A公司債20+,120,0,120,元大-新盛,2024-06-28,9869
4306,炎洲,104,0,104,元大-新盛,2024-06-28,9869
00706L,期元大S＆P日圓正2,106,5,101,元大-新盛,2024-06-28,9869
00936,台新永續高息中小,100,5,95,元大-新盛,2024-06-28,9869
3498,陽程,103,18,85,元大-新盛,2024-06-28,9869
3481,群創,104,26,78,元大-新盛,2024-06-28,9869
6788,華景電,61,0,61,元大-新盛,2024-06-28,9869
00937B,群益ESG投等債20,64,6,58,元大-新盛,2024-06-28,9869
2505,國揚,55,0,55,元大-新盛,2024-06-28,9869
3047,訊舟,61,9,52,元大-新盛,2024-06-28,9869
3048,益登,83,32,51,元大-新盛,2024-06-28,9869
1325,恆大,50,0,50,元大-新盛,2024-06-28,9869
5469,瀚宇博,80,30,50,元大-新盛,2024-06-28,9869
00713,元大台灣高息低波,48,0,48,元大-新盛,2024-06-28,9869
2609,陽明,52,6,46,元大-新盛,2024-06-28,9869
2317,鴻海,79,35,44,元大-新盛,2024-06-28,9869
00679B,元大美債20年,48,7,41,元大-新盛,2024-06-28,9869
2303,聯電,49,11,38,元大-新盛,2024-06-28,9869
2355,敬鵬,54,16,38,元大-新盛,2024-06-28,9869
1909,榮成,37,0,37,元大-新盛,2024-06-28,9869
00918,大華優利高填息30,46,9,37,元大-新盛,2024-06-28,9869
2885,元大金,37,2,35,元大-新盛,2024-06-28,9869
00687B,國泰20年美債,35,0,35,元大-新盛,2024-06-28,9869
2618,長榮航,90,57,33,元大-新盛,2024-06-28,9869
5009,榮剛,32,0,32,元大-新盛,2024-06-28,9869
0056,元大高股息,32,2,30,元大-新盛,2024-06-28,9869
2409,友達,32,2,30,元大-新盛,2024-06-28,9869
8085,福華,30,4,26,元大-新盛,2024-06-28,9869
00712,復華富時不動產,24,0,24,元大-新盛,2024-06-28,9869
4949,有成精密,21,0,21,元大-新盛,2024-06-28,9869
2883B,凱基金乙特,20,0,20,元大-新盛,2024-06-28,9869
1802,台玻,20,0,20,元大-新盛,2024-06-28,9869
4532,瑞智,20,0,20,元大-新盛,2024-06-28,9869
5475,德宏,20,0,20,元大-新盛,2024-06-28,9869
00634R,富邦上証反1,19,0,19,元大-新盛,2024-06-28,9869
2882,國泰金,33,15,18,元大-新盛,2024-06-28,9869
1504,東元,29,11,18,元大-新盛,2024-06-28,9869
3231,緯創,18,1,17,元大-新盛,2024-06-28,9869
2337,旺宏,16,1,15,元大-新盛,2024-06-28,9869
6741,91APP*-KY,15,0,15,元大-新盛,2024-06-28,9869
8176,智捷,15,0,15,元大-新盛,2024-06-28,9869
5512,力麒,15,0,15,元大-新盛,2024-06-28,9869
1301,台塑,16,1,15,元大-新盛,2024-06-28,9869
8069,元太,14,0,14,元大-新盛,2024-06-28,9869
1101,台泥,15,1,14,元大-新盛,2024-06-28,9869
2455,全新,22,9,13,元大-新盛,2024-06-28,9869
00937B,群益ESG投等債20,456,0,456,元大-新盛,2024-07-01,9869
00929,復華台灣科技優息,297,3,294,元大-新盛,2024-07-01,9869
00680L,元大美債20正2,213,0,213,元大-新盛,2024-07-01,9869
00948B,中信優息投資級債,167,0,167,元大-新盛,2024-07-01,9869
00679B,元大美債20年,182,21,161,元大-新盛,2024-07-01,9869
0056,元大高股息,179,24,155,元大-新盛,2024-07-01,9869
00687B,國泰20年美債,115,0,115,元大-新盛,2024-07-01,9869
00637L,元大滬深300正2,304,225,79,元大-新盛,2024-07-01,9869
2406,國碩,105,39,66,元大-新盛,2024-07-01,9869
1714,和桐,63,0,63,元大-新盛,2024-07-01,9869
2344,華邦電,61,1,60,元大-新盛,2024-07-01,9869
00942B,台新美A公司債20+,57,0,57,元大-新盛,2024-07-01,9869
00632R,元大台灣50反1,45,0,45,元大-新盛,2024-07-01,9869
9105,泰金寶-DR,66,22,44,元大-新盛,2024-07-01,9869
5243,乙盛-KY,49,5,44,元大-新盛,2024-07-01,9869
00753L,中信中國50正2,40,0,40,元大-新盛,2024-07-01,9869
6164,華興,40,0,40,元大-新盛,2024-07-01,9869
00751B,元大AAA至A公司債,34,0,34,元大-新盛,2024-07-01,9869
1325,恆大,80,50,30,元大-新盛,2024-07-01,9869
5469,瀚宇博,30,1,29,元大-新盛,2024-07-01,9869
00933B,國泰10Y+金融債,27,0,27,元大-新盛,2024-07-01,9869
1802,台玻,25,0,25,元大-新盛,2024-07-01,9869
1718,中纖,25,0,25,元大-新盛,2024-07-01,9869
3024,憶聲,27,3,24,元大-新盛,2024-07-01,9869
2313,華通,42,19,23,元大-新盛,2024-07-01,9869
3708,上緯投控,31,8,23,元大-新盛,2024-07-01,9869
3312,弘憶股,52,29,23,元大-新盛,2024-07-01,9869
3481,群創,33,11,22,元大-新盛,2024-07-01,9869
00949,復華日本龍頭,22,0,22,元大-新盛,2024-07-01,9869
4714,永捷,22,0,22,元大-新盛,2024-07-01,9869
2371,大同,22,0,22,元大-新盛,2024-07-01,9869
2337,旺宏,47,27,20,元大-新盛,2024-07-01,9869
6163,華電網,20,0,20,元大-新盛,2024-07-01,9869
5498,凱崴,25,5,20,元大-新盛,2024-07-01,9869
3322,建舜電,20,0,20,元大-新盛,2024-07-01,9869
9904,寶成,29,10,19,元大-新盛,2024-07-01,9869
3491,昇達科,21,2,19,元大-新盛,2024-07-01,9869
2885,元大金,19,0,19,元大-新盛,2024-07-01,9869
00713,元大台灣高息低波,21,3,18,元大-新盛,2024-07-01,9869
1806,冠軍,18,0,18,元大-新盛,2024-07-01,9869
1522,堤維西,24,6,18,元大-新盛,2024-07-01,9869
1513,中興電,17,0,17,元大-新盛,2024-07-01,9869
2352,佳世達,18,1,17,元大-新盛,2024-07-01,9869
2356,英業達,19,2,17,元大-新盛,2024-07-01,9869
6547,高端疫苗,21,5,16,元大-新盛,2024-07-01,9869
6116,彩晶,16,0,16,元大-新盛,2024-07-01,9869
4533,協易機,20,4,16,元大-新盛,2024-07-01,9869
5309,系統電,16,0,16,元大-新盛,2024-07-01,9869
1504,東元,20,4,16,元大-新盛,2024-07-01,9869
3673,TPK-KY,15,0,15,元大-新盛,2024-07-01,9869
00937B,群益ESG投等債20,421,8,413,元大-新盛,2024-07-02,9869
00687B,國泰20年美債,384,0,384,元大-新盛,2024-07-02,9869
00929,復華台灣科技優息,317,29,288,元大-新盛,2024-07-02,9869
2355,敬鵬,160,0,160,元大-新盛,2024-07-02,9869
00680L,元大美債20正2,154,0,154,元大-新盛,2024-07-02,9869
2303,聯電,163,13,150,元大-新盛,2024-07-02,9869
2915,潤泰全,144,5,139,元大-新盛,2024-07-02,9869
00948B,中信優息投資級債,119,0,119,元大-新盛,2024-07-02,9869
2317,鴻海,216,125,91,元大-新盛,2024-07-02,9869
00679B,元大美債20年,74,1,73,元大-新盛,2024-07-02,9869
2349,錸德,127,55,72,元大-新盛,2024-07-02,9869
0056,元大高股息,131,59,72,元大-新盛,2024-07-02,9869
00934,中信成長高股息,67,0,67,元大-新盛,2024-07-02,9869
00942B,台新美A公司債20+,67,0,67,元大-新盛,2024-07-02,9869
9105,泰金寶-DR,73,10,63,元大-新盛,2024-07-02,9869
00712,復華富時不動產,62,0,62,元大-新盛,2024-07-02,9869
1714,和桐,64,2,62,元大-新盛,2024-07-02,9869
2354,鴻準,57,6,51,元大-新盛,2024-07-02,9869
00936,台新永續高息中小,47,0,47,元大-新盛,2024-07-02,9869
2867,三商壽,47,0,47,元大-新盛,2024-07-02,9869
1802,台玻,40,2,38,元大-新盛,2024-07-02,9869
6261,久元,36,0,36,元大-新盛,2024-07-02,9869
3036A,文曄甲特,35,0,35,元大-新盛,2024-07-02,9869
2883,凱基金,43,10,33,元大-新盛,2024-07-02,9869
6477,安集,44,14,30,元大-新盛,2024-07-02,9869
8064,東捷,69,40,29,元大-新盛,2024-07-02,9869
00919,群益台灣精選高息,42,13,29,元大-新盛,2024-07-02,9869
2449,京元電子,36,7,29,元大-新盛,2024-07-02,9869
2353,宏��,32,4,28,元大-新盛,2024-07-02,9869
2002,中鋼,28,0,28,元大-新盛,2024-07-02,9869
00930,永豐ESG低碳高息,26,0,26,元大-新盛,2024-07-02,9869
1612,宏泰,33,7,26,元大-新盛,2024-07-02,9869
2888,新光金,66,40,26,元大-新盛,2024-07-02,9869
1785,光洋科,40,16,24,元大-新盛,2024-07-02,9869
1304,台聚,23,0,23,元大-新盛,2024-07-02,9869
00878,國泰永續高股息,24,2,22,元大-新盛,2024-07-02,9869
8112,至上,27,5,22,元大-新盛,2024-07-02,9869
5880,合庫金,22,0,22,元大-新盛,2024-07-02,9869
2515,中工,21,0,21,元大-新盛,2024-07-02,9869
00931B,統一美債20年,20,0,20,元大-新盛,2024-07-02,9869
6139,亞翔,26,6,20,元大-新盛,2024-07-02,9869
00688L,國泰20年美債正2,28,8,20,元大-新盛,2024-07-02,9869
2609,陽明,25,6,19,元大-新盛,2024-07-02,9869
2365,昆盈,106,86,20,元大-新盛,2024-07-02,9869
6112,邁達特,24,5,19,元大-新盛,2024-07-02,9869
3042,晶技,20,2,18,元大-新盛,2024-07-02,9869
2201,裕隆,24,6,18,元大-新盛,2024-07-02,9869
3481,群創,41,24,17,元大-新盛,2024-07-02,9869
00949,復華日本龍頭,17,0,17,元大-新盛,2024-07-02,9869
4160,訊聯基因,15,0,15,元大-新盛,2024-07-02,9869
00934,中信成長高股息,190,3,187,元大-新盛,2024-07-03,9869
1325,恆大,119,0,119,元大-新盛,2024-07-03,9869
00937B,群益ESG投等債20,137,26,111,元大-新盛,2024-07-03,9869
00931B,統一美債20年,77,0,77,元大-新盛,2024-07-03,9869
3576,聯合再生,84,17,67,元大-新盛,2024-07-03,9869
00936,台新永續高息中小,63,0,63,元大-新盛,2024-07-03,9869
2317,鴻海,76,16,60,元大-新盛,2024-07-03,9869
1802,台玻,61,3,58,元大-新盛,2024-07-03,9869
0056,元大高股息,81,23,58,元大-新盛,2024-07-03,9869
5356,協益,55,0,55,元大-新盛,2024-07-03,9869
4906,正文,71,16,55,元大-新盛,2024-07-03,9869
2402,毅嘉,106,52,54,元大-新盛,2024-07-03,9869
00929,復華台灣科技優息,62,11,51,元大-新盛,2024-07-03,9869
2355,敬鵬,53,5,48,元大-新盛,2024-07-03,9869
5469,瀚宇博,51,4,47,元大-新盛,2024-07-03,9869
1714,和桐,62,17,45,元大-新盛,2024-07-03,9869
2405,輔信,76,32,44,元大-新盛,2024-07-03,9869
00679B,元大美債20年,42,0,42,元大-新盛,2024-07-03,9869
00927,群益半導體收益,35,0,35,元大-新盛,2024-07-03,9869
2915,潤泰全,36,3,33,元大-新盛,2024-07-03,9869
2340,台亞,35,3,32,元大-新盛,2024-07-03,9869
3663,鑫科,77,46,31,元大-新盛,2024-07-03,9869
4123,晟德,37,6,31,元大-新盛,2024-07-03,9869
3374,精材,33,3,30,元大-新盛,2024-07-03,9869
1537,廣隆,30,0,30,元大-新盛,2024-07-03,9869
2303,聯電,50,20,30,元大-新盛,2024-07-03,9869
00632R,元大台灣50反1,35,6,29,元大-新盛,2024-07-03,9869
6443,元晶,85,59,26,元大-新盛,2024-07-03,9869
2104,國際中橡,26,0,26,元大-新盛,2024-07-03,9869
6538,倉和,28,3,25,元大-新盛,2024-07-03,9869
6244,茂迪,37,12,25,元大-新盛,2024-07-03,9869
4702,中美實,25,0,25,元大-新盛,2024-07-03,9869
1612,宏泰,25,0,25,元大-新盛,2024-07-03,9869
2542,興富發,29,4,25,元大-新盛,2024-07-03,9869
3050,鈺德,26,3,23,元大-新盛,2024-07-03,9869
3537,堡達,24,2,22,元大-新盛,2024-07-03,9869
3708,上緯投控,22,1,21,元大-新盛,2024-07-03,9869
8086,宏捷科,33,12,21,元大-新盛,2024-07-03,9869
00708L,期元大S＆P黃金正2,22,1,21,元大-新盛,2024-07-03,9869
00949,復華日本龍頭,21,0,21,元大-新盛,2024-07-03,9869
3047,訊舟,101,80,21,元大-新盛,2024-07-03,9869
4915,致伸,20,0,20,元大-新盛,2024-07-03,9869
2354,鴻準,21,1,20,元大-新盛,2024-07-03,9869
2069,運錩,20,0,20,元大-新盛,2024-07-03,9869
1304,台聚,20,0,20,元大-新盛,2024-07-03,9869
6163,華電網,21,1,20,元大-新盛,2024-07-03,9869
2362,藍天,20,1,19,元大-新盛,2024-07-03,9869
00918,大華優利高填息30,20,2,18,元大-新盛,2024-07-03,9869
8104,錸寶,18,0,18,元大-新盛,2024-07-03,9869
6213,聯茂,23,6,17,元大-新盛,2024-07-03,9869
2883,凱基金,403,97,306,元大-新盛,2024-07-04,9869
2009,第一銅,200,5,195,元大-新盛,2024-07-04,9869
2405,輔信,166,31,135,元大-新盛,2024-07-04,9869
3324,雙鴻,111,1,110,元大-新盛,2024-07-04,9869
1714,和桐,100,0,100,元大-新盛,2024-07-04,9869
00940,元大台灣價值高息,240,149,91,元大-新盛,2024-07-04,9869
00632R,元大台灣50反1,73,0,73,元大-新盛,2024-07-04,9869
00929,復華台灣科技優息,72,4,68,元大-新盛,2024-07-04,9869
2618,長榮航,86,20,66,元大-新盛,2024-07-04,9869
2412,中華電,63,0,63,元大-新盛,2024-07-04,9869
1409,新纖,112,51,61,元大-新盛,2024-07-04,9869
00687B,國泰20年美債,54,0,54,元大-新盛,2024-07-04,9869
5009,榮剛,51,0,51,元大-新盛,2024-07-04,9869
5469,瀚宇博,53,3,50,元大-新盛,2024-07-04,9869
3189,景碩,50,1,49,元大-新盛,2024-07-04,9869
2801,彰銀,50,3,47,元大-新盛,2024-07-04,9869
2609,陽明,63,17,46,元大-新盛,2024-07-04,9869
2603,長榮,49,8,41,元大-新盛,2024-07-04,9869
00934,中信成長高股息,43,3,40,元大-新盛,2024-07-04,9869
00937B,群益ESG投等債20,49,9,40,元大-新盛,2024-07-04,9869
6576,逸達,35,0,35,元大-新盛,2024-07-04,9869
1815,富喬,45,12,33,元大-新盛,2024-07-04,9869
00715L,期街口布蘭特正2,33,0,33,元大-新盛,2024-07-04,9869
6788,華景電,32,0,32,元大-新盛,2024-07-04,9869
00679B,元大美債20年,39,10,29,元大-新盛,2024-07-04,9869
3706,神達,30,2,28,元大-新盛,2024-07-04,9869
5880,合庫金,32,4,28,元大-新盛,2024-07-04,9869
3033,威健,33,6,27,元大-新盛,2024-07-04,9869
2349,錸德,41,16,25,元大-新盛,2024-07-04,9869
3576,聯合再生,30,5,25,元大-新盛,2024-07-04,9869
2360,致茂,24,0,24,元大-新盛,2024-07-04,9869
9105,泰金寶-DR,76,54,22,元大-新盛,2024-07-04,9869
00936,台新永續高息中小,36,14,22,元大-新盛,2024-07-04,9869
5347,世界,22,0,22,元大-新盛,2024-07-04,9869
6142,友勁,21,0,21,元大-新盛,2024-07-04,9869
8064,東捷,38,17,21,元大-新盛,2024-07-04,9869
4532,瑞智,20,0,20,元大-新盛,2024-07-04,9869
1325,恆大,20,0,20,元大-新盛,2024-07-04,9869
00673R,期元大S＆P原油反1,20,0,20,元大-新盛,2024-07-04,9869
1802,台玻,19,0,19,元大-新盛,2024-07-04,9869
6509,聚和,18,0,18,元大-新盛,2024-07-04,9869
2836,高雄銀,17,0,17,元大-新盛,2024-07-04,9869
2882,國泰金,18,2,16,元大-新盛,2024-07-04,9869
2615,萬海,26,10,16,元大-新盛,2024-07-04,9869
00680L,元大美債20正2,16,0,16,元大-新盛,2024-07-04,9869
6147,頎邦,16,0,16,元大-新盛,2024-07-04,9869
2374,佳能,27,11,16,元大-新盛,2024-07-04,9869
3037,欣興,28,12,16,元大-新盛,2024-07-04,9869
3450,聯鈞,90,75,15,元大-新盛,2024-07-04,9869
1536,和大,16,1,15,元大-新盛,2024-07-04,9869
2317,鴻海,856,27,829,元大-新盛,2024-07-05,9869
00637L,元大滬深300正2,509,11,498,元大-新盛,2024-07-05,9869
00946,群益科技高息成長,234,0,234,元大-新盛,2024-07-05,9869
00934,中信成長高股息,160,3,157,元大-新盛,2024-07-05,9869
5469,瀚宇博,119,6,113,元大-新盛,2024-07-05,9869
4306,炎洲,101,0,101,元大-新盛,2024-07-05,9869
00712,復華富時不動產,88,0,88,元大-新盛,2024-07-05,9869
3324,雙鴻,81,1,80,元大-新盛,2024-07-05,9869
00935,野村臺灣新科技50,75,1,74,元大-新盛,2024-07-05,9869
2883B,凱基金乙特,71,3,68,元大-新盛,2024-07-05,9869
2891,中信金,97,32,65,元大-新盛,2024-07-05,9869
2618,長榮航,82,20,62,元大-新盛,2024-07-05,9869
2883,凱基金,65,5,60,元大-新盛,2024-07-05,9869
00881,國泰台灣5G+,63,10,53,元大-新盛,2024-07-05,9869
00931B,統一美債20年,44,0,44,元大-新盛,2024-07-05,9869
3663,鑫科,77,34,43,元大-新盛,2024-07-05,9869
3037,欣興,50,11,39,元大-新盛,2024-07-05,9869
2609,陽明,70,31,39,元大-新盛,2024-07-05,9869
00679B,元大美債20年,35,0,35,元大-新盛,2024-07-05,9869
1714,和桐,35,0,35,元大-新盛,2024-07-05,9869
2367,燿華,105,71,34,元大-新盛,2024-07-05,9869
2347,聯強,31,0,31,元大-新盛,2024-07-05,9869
5009,榮剛,31,0,31,元大-新盛,2024-07-05,9869
2801,彰銀,30,4,26,元大-新盛,2024-07-05,9869
6576,逸達,25,0,25,元大-新盛,2024-07-05,9869
2354,鴻準,52,29,23,元大-新盛,2024-07-05,9869
00936,台新永續高息中小,24,2,22,元大-新盛,2024-07-05,9869
00725B,國泰投資級公司債,22,0,22,元大-新盛,2024-07-05,9869
00929,復華台灣科技優息,27,6,21,元大-新盛,2024-07-05,9869
2031,新光鋼,20,0,20,元大-新盛,2024-07-05,9869
1609,大亞,37,17,20,元大-新盛,2024-07-05,9869
6449,鈺邦,21,1,20,元大-新盛,2024-07-05,9869
1608,華榮,42,22,20,元大-新盛,2024-07-05,9869
2301,光寶科,24,5,19,元大-新盛,2024-07-05,9869
2427,三商電,32,15,17,元大-新盛,2024-07-05,9869
3048,益登,155,138,17,元大-新盛,2024-07-05,9869
2371,大同,30,14,16,元大-新盛,2024-07-05,9869
00751B,元大AAA至A公司債,16,0,16,元大-新盛,2024-07-05,9869
4726,永昕,15,0,15,元大-新盛,2024-07-05,9869
2603,長榮,21,6,15,元大-新盛,2024-07-05,9869
00720B,元大投資級公司債,14,0,14,元大-新盛,2024-07-05,9869
00912,中信臺灣智慧50,13,0,13,元大-新盛,2024-07-05,9869
2537,聯上發,13,0,13,元大-新盛,2024-07-05,9869
1303,南亞,13,1,12,元大-新盛,2024-07-05,9869
3260,威剛,12,0,12,元大-新盛,2024-07-05,9869
6672,騰輝電子-KY,13,1,12,元大-新盛,2024-07-05,9869
3576,聯合再生,32,20,12,元大-新盛,2024-07-05,9869
1905,華紙,17,6,11,元大-新盛,2024-07-05,9869
00673R,期元大S＆P原油反1,11,0,11,元大-新盛,2024-07-05,9869
6257,矽格,11,0,11,元大-新盛,2024-07-05,9869
2405,輔信,250,2,248,元大-新盛,2024-07-08,9869
00632R,元大台灣50反1,181,31,150,元大-新盛,2024-07-08,9869
00679B,元大美債20年,121,12,109,元大-新盛,2024-07-08,9869
00934,中信成長高股息,106,0,106,元大-新盛,2024-07-08,9869
2603,長榮,123,19,104,元大-新盛,2024-07-08,9869
00937B,群益ESG投等債20,111,16,95,元大-新盛,2024-07-08,9869
5469,瀚宇博,91,0,91,元大-新盛,2024-07-08,9869
2427,三商電,114,30,84,元大-新盛,2024-07-08,9869
00940,元大台灣價值高息,232,156,76,元大-新盛,2024-07-08,9869
00946,群益科技高息成長,84,11,73,元大-新盛,2024-07-08,9869
1785,光洋科,163,93,70,元大-新盛,2024-07-08,9869
2317,鴻海,170,109,61,元大-新盛,2024-07-08,9869
00936,台新永續高息中小,61,2,59,元大-新盛,2024-07-08,9869
1409,新纖,66,8,58,元大-新盛,2024-07-08,9869
00945B,凱基美國非投等債,55,0,55,元大-新盛,2024-07-08,9869
1718,中纖,55,0,55,元大-新盛,2024-07-08,9869
2105,正新,54,1,53,元大-新盛,2024-07-08,9869
2344,華邦電,54,2,52,元大-新盛,2024-07-08,9869
2891,中信金,58,7,51,元大-新盛,2024-07-08,9869
2355,敬鵬,52,1,51,元大-新盛,2024-07-08,9869
2618,長榮航,68,17,51,元大-新盛,2024-07-08,9869
2354,鴻準,98,47,51,元大-新盛,2024-07-08,9869
00882,中信中國高股息,54,5,49,元大-新盛,2024-07-08,9869
3481,群創,193,146,47,元大-新盛,2024-07-08,9869
8473,山林水,46,1,45,元大-新盛,2024-07-08,9869
6269,台郡,43,0,43,元大-新盛,2024-07-08,9869
4532,瑞智,41,0,41,元大-新盛,2024-07-08,9869
2609,陽明,98,58,40,元大-新盛,2024-07-08,9869
3289,宜特,36,0,36,元大-新盛,2024-07-08,9869
6443,元晶,59,24,35,元大-新盛,2024-07-08,9869
2883B,凱基金乙特,31,0,31,元大-新盛,2024-07-08,9869
00919,群益台灣精選高息,73,44,29,元大-新盛,2024-07-08,9869
2329,華泰,28,0,28,元大-新盛,2024-07-08,9869
6133,金橋,31,6,25,元大-新盛,2024-07-08,9869
5443,均豪,50,25,25,元大-新盛,2024-07-08,9869
5328,華容,33,9,24,元大-新盛,2024-07-08,9869
00687B,國泰20年美債,23,0,23,元大-新盛,2024-07-08,9869
5258,虹堡,22,0,22,元大-新盛,2024-07-08,9869
2374,佳能,35,14,21,元大-新盛,2024-07-08,9869
2353,宏��,35,14,21,元大-新盛,2024-07-08,9869
3703,欣陸,24,3,21,元大-新盛,2024-07-08,9869
3324,雙鴻,21,1,20,元大-新盛,2024-07-08,9869
00944,野村趨勢動能高息,20,0,20,元大-新盛,2024-07-08,9869
00665L,富邦�琤肭磪囓�2,20,0,20,元大-新盛,2024-07-08,9869
00712,復華富時不動產,20,0,20,元大-新盛,2024-07-08,9869
00948B,中信優息投資級債,20,0,20,元大-新盛,2024-07-08,9869
9955,佳龍,26,6,20,元大-新盛,2024-07-08,9869
2371,大同,60,40,20,元大-新盛,2024-07-08,9869
8039,台虹,25,6,19,元大-新盛,2024-07-08,9869
3006,晶豪科,19,0,19,元大-新盛,2024-07-08,9869
2317,鴻海,1025,75,950,元大-新盛,2024-07-09,9869
9105,泰金寶-DR,289,131,158,元大-新盛,2024-07-09,9869
2355,敬鵬,100,0,100,元大-新盛,2024-07-09,9869
3047,訊舟,203,108,95,元大-新盛,2024-07-09,9869
00929,復華台灣科技優息,151,57,94,元大-新盛,2024-07-09,9869
3481,群創,205,118,87,元大-新盛,2024-07-09,9869
2867,三商壽,80,1,79,元大-新盛,2024-07-09,9869
00936,台新永續高息中小,81,3,78,元大-新盛,2024-07-09,9869
2883,凱基金,94,28,66,元大-新盛,2024-07-09,9869
2834,臺企銀,102,40,62,元大-新盛,2024-07-09,9869
6578,達邦蛋白,63,1,62,元大-新盛,2024-07-09,9869
2888,新光金,277,218,59,元大-新盛,2024-07-09,9869
2618,長榮航,60,5,55,元大-新盛,2024-07-09,9869
2609,陽明,69,14,55,元大-新盛,2024-07-09,9869
1802,台玻,50,0,50,元大-新盛,2024-07-09,9869
2367,燿華,259,212,47,元大-新盛,2024-07-09,9869
5452,佶優,55,11,44,元大-新盛,2024-07-09,9869
2337,旺宏,47,8,39,元大-新盛,2024-07-09,9869
00896,中信綠能及電動車,36,3,33,元大-新盛,2024-07-09,9869
3013,晟銘電,62,30,32,元大-新盛,2024-07-09,9869
6127,九豪,34,2,32,元大-新盛,2024-07-09,9869
8064,東捷,52,21,31,元大-新盛,2024-07-09,9869
2353,宏��,39,8,31,元大-新盛,2024-07-09,9869
2615,萬海,49,20,29,元大-新盛,2024-07-09,9869
6806,森崴能源,60,32,28,元大-新盛,2024-07-09,9869
2506,太設,28,0,28,元大-新盛,2024-07-09,9869
00934,中信成長高股息,88,60,28,元大-新盛,2024-07-09,9869
8085,福華,31,3,28,元大-新盛,2024-07-09,9869
2891,中信金,26,0,26,元大-新盛,2024-07-09,9869
0056,元大高股息,93,68,25,元大-新盛,2024-07-09,9869
5512,力麒,23,0,23,元大-新盛,2024-07-09,9869
2461,光群雷,23,0,23,元大-新盛,2024-07-09,9869
6153,嘉聯益,22,0,22,元大-新盛,2024-07-09,9869
1504,東元,21,0,21,元大-新盛,2024-07-09,9869
2449,京元電子,299,278,21,元大-新盛,2024-07-09,9869
00918,大華優利高填息30,21,0,21,元大-新盛,2024-07-09,9869
8105,凌巨,47,26,21,元大-新盛,2024-07-09,9869
4960,誠美材,29,8,21,元大-新盛,2024-07-09,9869
4532,瑞智,21,0,21,元大-新盛,2024-07-09,9869
3062,建漢,33,12,21,元大-新盛,2024-07-09,9869
3711,日月光投控,34,14,20,元大-新盛,2024-07-09,9869
4128,中天,20,0,20,元大-新盛,2024-07-09,9869
1909,榮成,20,0,20,元大-新盛,2024-07-09,9869
6449,鈺邦,21,1,20,元大-新盛,2024-07-09,9869
6282,康舒,27,7,20,元大-新盛,2024-07-09,9869
6191,精成科,20,0,20,元大-新盛,2024-07-09,9869
1319,東陽,20,1,19,元大-新盛,2024-07-09,9869
4726,永昕,24,5,19,元大-新盛,2024-07-09,9869
00935,野村臺灣新科技50,21,2,19,元大-新盛,2024-07-09,9869
3450,聯鈞,31,13,18,元大-新盛,2024-07-09,9869
2355,敬鵬,160,0,160,元大-新盛,2024-07-10,9869
2888,新光金,428,289,139,元大-新盛,2024-07-10,9869
00881,國泰台灣5G+,112,0,112,元大-新盛,2024-07-10,9869
3260,威剛,95,0,95,元大-新盛,2024-07-10,9869
2634,漢翔,100,6,94,元大-新盛,2024-07-10,9869
6271,同欣電,85,5,80,元大-新盛,2024-07-10,9869
00949,復華日本龍頭,64,0,64,元大-新盛,2024-07-10,9869
2331,精英,60,2,58,元大-新盛,2024-07-10,9869
00893,國泰智能電動車,50,0,50,元大-新盛,2024-07-10,9869
2406,國碩,77,28,49,元大-新盛,2024-07-10,9869
1616,億泰,64,16,48,元大-新盛,2024-07-10,9869
3663,鑫科,50,4,46,元大-新盛,2024-07-10,9869
2317,鴻海,75,29,46,元大-新盛,2024-07-10,9869
2367,燿華,66,25,41,元大-新盛,2024-07-10,9869
5876,上海商銀,41,1,40,元大-新盛,2024-07-10,9869
1409,新纖,48,12,36,元大-新盛,2024-07-10,9869
00907,永豐優息存股,31,0,31,元大-新盛,2024-07-10,9869
5347,世界,32,2,30,元大-新盛,2024-07-10,9869
5223,安力-KY,30,0,30,元大-新盛,2024-07-10,9869
3481,群創,62,33,29,元大-新盛,2024-07-10,9869
00934,中信成長高股息,60,31,29,元大-新盛,2024-07-10,9869
00673R,期元大S＆P原油反1,30,2,28,元大-新盛,2024-07-10,9869
2867,三商壽,42,15,27,元大-新盛,2024-07-10,9869
00950B,凱基A級公司債,26,0,26,元大-新盛,2024-07-10,9869
00927,群益半導體收益,56,30,26,元大-新盛,2024-07-10,9869
0056,元大高股息,48,22,26,元大-新盛,2024-07-10,9869
5426,振發,30,5,25,元大-新盛,2024-07-10,9869
2615,萬海,45,22,23,元大-新盛,2024-07-10,9869
9904,寶成,23,0,23,元大-新盛,2024-07-10,9869
1618,合機,32,11,21,元大-新盛,2024-07-10,9869
2344,華邦電,41,20,21,元大-新盛,2024-07-10,9869
00687B,國泰20年美債,21,0,21,元大-新盛,2024-07-10,9869
1307,三芳,20,0,20,元大-新盛,2024-07-10,9869
3380,明泰,20,0,20,元大-新盛,2024-07-10,9869
4967,十銓,21,1,20,元大-新盛,2024-07-10,9869
00858,永豐美國500大,20,0,20,元大-新盛,2024-07-10,9869
5302,太欣,20,0,20,元大-新盛,2024-07-10,9869
2609,陽明,30,11,19,元大-新盛,2024-07-10,9869
6753,龍德造船,21,2,19,元大-新盛,2024-07-10,9869
9105,泰金寶-DR,87,68,19,元大-新盛,2024-07-10,9869
3013,晟銘電,45,26,19,元大-新盛,2024-07-10,9869
3576,聯合再生,23,5,18,元大-新盛,2024-07-10,9869
2834,臺企銀,18,0,18,元大-新盛,2024-07-10,9869
2104,國際中橡,17,0,17,元大-新盛,2024-07-10,9869
3444,利機,17,0,17,元大-新盛,2024-07-10,9869
1316,上曜,16,0,16,元大-新盛,2024-07-10,9869
2427,三商電,18,2,16,元大-新盛,2024-07-10,9869
6770,力積電,20,5,15,元大-新盛,2024-07-10,9869
2603,長榮,18,3,15,元大-新盛,2024-07-10,9869
00665L,富邦�琤肭磪囓�2,15,0,15,元大-新盛,2024-07-10,9869
2363,矽統,617,6,611,元大-新盛,2024-07-11,9869
00725B,國泰投資級公司債,376,0,376,元大-新盛,2024-07-11,9869
00632R,元大台灣50反1,235,24,211,元大-新盛,2024-07-11,9869
1714,和桐,302,103,199,元大-新盛,2024-07-11,9869
00934,中信成長高股息,170,12,158,元大-新盛,2024-07-11,9869
00937B,群益ESG投等債20,140,25,115,元大-新盛,2024-07-11,9869
2328,廣宇,103,0,103,元大-新盛,2024-07-11,9869
5469,瀚宇博,100,1,99,元大-新盛,2024-07-11,9869
00679B,元大美債20年,72,1,71,元大-新盛,2024-07-11,9869
5292,華懋,68,4,64,元大-新盛,2024-07-11,9869
00680L,元大美債20正2,62,0,62,元大-新盛,2024-07-11,9869
2489,瑞軒,100,39,61,元大-新盛,2024-07-11,9869
2888,新光金,292,233,59,元大-新盛,2024-07-11,9869
3094,聯傑,58,1,57,元大-新盛,2024-07-11,9869
2453,凌群,61,6,55,元大-新盛,2024-07-11,9869
00936,台新永續高息中小,51,9,42,元大-新盛,2024-07-11,9869
6530,創威,42,2,40,元大-新盛,2024-07-11,9869
3050,鈺德,39,2,37,元大-新盛,2024-07-11,9869
2405,輔信,57,21,36,元大-新盛,2024-07-11,9869
6578,達邦蛋白,34,0,34,元大-新盛,2024-07-11,9869
3481,群創,109,76,33,元大-新盛,2024-07-11,9869
00687B,國泰20年美債,31,0,31,元大-新盛,2024-07-11,9869
1504,東元,33,2,31,元大-新盛,2024-07-11,9869
2344,華邦電,32,1,31,元大-新盛,2024-07-11,9869
2618,長榮航,36,8,28,元大-新盛,2024-07-11,9869
2382,廣達,39,11,28,元大-新盛,2024-07-11,9869
3576,聯合再生,57,30,27,元大-新盛,2024-07-11,9869
1785,光洋科,63,37,26,元大-新盛,2024-07-11,9869
3308,聯德,24,0,24,元大-新盛,2024-07-11,9869
00949,復華日本龍頭,24,0,24,元大-新盛,2024-07-11,9869
3707,漢磊,31,7,24,元大-新盛,2024-07-11,9869
8069,元太,23,0,23,元大-新盛,2024-07-11,9869
3105,穩懋,22,0,22,元大-新盛,2024-07-11,9869
4958,臻鼎-KY,31,9,22,元大-新盛,2024-07-11,9869
2537,聯上發,42,20,22,元大-新盛,2024-07-11,9869
2809,京城銀,22,0,22,元大-新盛,2024-07-11,9869
5351,鈺創,21,0,21,元大-新盛,2024-07-11,9869
1474,弘裕,21,0,21,元大-新盛,2024-07-11,9869
00631L,元大台灣50正2,21,1,20,元大-新盛,2024-07-11,9869
2365,昆盈,57,37,20,元大-新盛,2024-07-11,9869
2515,中工,21,1,20,元大-新盛,2024-07-11,9869
2103,台橡,20,0,20,元大-新盛,2024-07-11,9869
00924,復華S＆P500成長,20,0,20,元大-新盛,2024-07-11,9869
1532,勤美,23,3,20,元大-新盛,2024-07-11,9869
2374,佳能,24,4,20,元大-新盛,2024-07-11,9869
6116,彩晶,19,0,19,元大-新盛,2024-07-11,9869
2347,聯強,19,0,19,元大-新盛,2024-07-11,9869
2610,華航,22,4,18,元大-新盛,2024-07-11,9869
1447,力鵬,21,3,18,元大-新盛,2024-07-11,9869
3438,類比科,17,0,17,元大-新盛,2024-07-11,9869
00934,中信成長高股息,411,33,378,元大-新盛,2024-07-12,9869
00935,野村臺灣新科技50,215,0,215,元大-新盛,2024-07-12,9869
00945B,凱基美國非投等債,207,0,207,元大-新盛,2024-07-12,9869
2317,鴻海,206,46,160,元大-新盛,2024-07-12,9869
2312,金寶,260,121,139,元大-新盛,2024-07-12,9869
00680L,元大美債20正2,161,35,126,元大-新盛,2024-07-12,9869
0056,元大高股息,213,99,114,元大-新盛,2024-07-12,9869
00688L,國泰20年美債正2,105,0,105,元大-新盛,2024-07-12,9869
2303,聯電,86,10,76,元大-新盛,2024-07-12,9869
2891,中信金,74,1,73,元大-新盛,2024-07-12,9869
2883,凱基金,122,54,68,元大-新盛,2024-07-12,9869
00929,復華台灣科技優息,331,271,60,元大-新盛,2024-07-12,9869
5469,瀚宇博,60,0,60,元大-新盛,2024-07-12,9869
00881,國泰台灣5G+,70,15,55,元大-新盛,2024-07-12,9869
2101,南港,51,1,50,元大-新盛,2024-07-12,9869
00725B,國泰投資級公司債,51,3,48,元大-新盛,2024-07-12,9869
6603,富強鑫,46,3,43,元大-新盛,2024-07-12,9869
5309,系統電,43,1,42,元大-新盛,2024-07-12,9869
2881,富邦金,56,15,41,元大-新盛,2024-07-12,9869
2453,凌群,42,3,39,元大-新盛,2024-07-12,9869
2882,國泰金,51,14,37,元大-新盛,2024-07-12,9869
2330,台積電,47,11,36,元大-新盛,2024-07-12,9869
6177,達麗,37,2,35,元大-新盛,2024-07-12,9869
2867,三商壽,95,62,33,元大-新盛,2024-07-12,9869
00949,復華日本龍頭,31,0,31,元大-新盛,2024-07-12,9869
2313,華通,45,15,30,元大-新盛,2024-07-12,9869
00927,群益半導體收益,29,0,29,元大-新盛,2024-07-12,9869
3665,貿聯-KY,30,2,28,元大-新盛,2024-07-12,9869
006208,富邦台50,29,2,27,元大-新盛,2024-07-12,9869
1616,億泰,55,29,26,元大-新盛,2024-07-12,9869
2618,長榮航,38,13,25,元大-新盛,2024-07-12,9869
3537,堡達,26,2,24,元大-新盛,2024-07-12,9869
1312,國喬,25,2,23,元大-新盛,2024-07-12,9869
4109,加捷生醫,35,13,22,元大-新盛,2024-07-12,9869
00904,新光臺灣半導體30,21,0,21,元大-新盛,2024-07-12,9869
4532,瑞智,21,0,21,元大-新盛,2024-07-12,9869
6005,群益證,22,2,20,元大-新盛,2024-07-12,9869
3605,宏致,20,0,20,元大-新盛,2024-07-12,9869
4726,永昕,20,0,20,元大-新盛,2024-07-12,9869
5880,合庫金,20,1,19,元大-新盛,2024-07-12,9869
5439,高技,26,8,18,元大-新盛,2024-07-12,9869
3033,威健,18,0,18,元大-新盛,2024-07-12,9869
2363,矽統,18,0,18,元大-新盛,2024-07-12,9869
1513,中興電,36,18,18,元大-新盛,2024-07-12,9869
4566,時碩工業,23,7,16,元大-新盛,2024-07-12,9869
2834,臺企銀,16,0,16,元大-新盛,2024-07-12,9869
2609,陽明,25,10,15,元大-新盛,2024-07-12,9869
3231,緯創,19,4,15,元大-新盛,2024-07-12,9869
1536,和大,72,57,15,元大-新盛,2024-07-12,9869
1325,恆大,15,0,15,元大-新盛,2024-07-12,9869
0056,元大高股息,428,48,380,元大-新盛,2024-07-15,9869
2883B,凱基金乙特,168,0,168,元大-新盛,2024-07-15,9869
00934,中信成長高股息,169,3,166,元大-新盛,2024-07-15,9869
2891,中信金,155,23,132,元大-新盛,2024-07-15,9869
2355,敬鵬,127,5,122,元大-新盛,2024-07-15,9869
00688L,國泰20年美債正2,117,0,117,元大-新盛,2024-07-15,9869
2888,新光金,126,23,103,元大-新盛,2024-07-15,9869
1727,中華化,188,88,100,元大-新盛,2024-07-15,9869
1451,年興,100,0,100,元大-新盛,2024-07-15,9869
2353,宏��,68,2,66,元大-新盛,2024-07-15,9869
00687B,國泰20年美債,65,0,65,元大-新盛,2024-07-15,9869
2883,凱基金,71,6,65,元大-新盛,2024-07-15,9869
00937B,群益ESG投等債20,73,12,61,元大-新盛,2024-07-15,9869
1101,台泥,58,3,55,元大-新盛,2024-07-15,9869
2344,華邦電,57,2,55,元大-新盛,2024-07-15,9869
6116,彩晶,53,0,53,元大-新盛,2024-07-15,9869
00680L,元大美債20正2,55,3,52,元大-新盛,2024-07-15,9869
9105,泰金寶-DR,69,17,52,元大-新盛,2024-07-15,9869
2312,金寶,120,68,52,元大-新盛,2024-07-15,9869
5469,瀚宇博,50,0,50,元大-新盛,2024-07-15,9869
2542,興富發,91,42,49,元大-新盛,2024-07-15,9869
2356,英業達,119,71,48,元大-新盛,2024-07-15,9869
2618,長榮航,77,32,45,元大-新盛,2024-07-15,9869
00919,群益台灣精選高息,64,21,43,元大-新盛,2024-07-15,9869
2885,元大金,42,0,42,元大-新盛,2024-07-15,9869
2392,正崴,42,9,33,元大-新盛,2024-07-15,9869
2489,瑞軒,168,136,32,元大-新盛,2024-07-15,9869
8249,菱光,32,0,32,元大-新盛,2024-07-15,9869
2387,精元,30,0,30,元大-新盛,2024-07-15,9869
2406,國碩,49,19,30,元大-新盛,2024-07-15,9869
3481,群創,143,114,29,元大-新盛,2024-07-15,9869
9945,潤泰新,75,46,29,元大-新盛,2024-07-15,9869
2867,三商壽,55,27,28,元大-新盛,2024-07-15,9869
2365,昆盈,52,25,27,元大-新盛,2024-07-15,9869
2882,國泰金,54,28,26,元大-新盛,2024-07-15,9869
00936,台新永續高息中小,26,0,26,元大-新盛,2024-07-15,9869
00665L,富邦�琤肭磪囓�2,25,0,25,元大-新盛,2024-07-15,9869
6578,達邦蛋白,26,3,23,元大-新盛,2024-07-15,9869
00924,復華S＆P500成長,23,0,23,元大-新盛,2024-07-15,9869
1608,華榮,44,21,23,元大-新盛,2024-07-15,9869
2633,台灣高鐵,22,0,22,元大-新盛,2024-07-15,9869
2402,毅嘉,28,7,21,元大-新盛,2024-07-15,9869
6788,華景電,21,0,21,元大-新盛,2024-07-15,9869
2641,正德,25,5,20,元大-新盛,2024-07-15,9869
3094,聯傑,20,0,20,元大-新盛,2024-07-15,9869
2405,輔信,19,0,19,元大-新盛,2024-07-15,9869
1609,大亞,99,80,19,元大-新盛,2024-07-15,9869
00905,FT臺灣Smart,18,0,18,元大-新盛,2024-07-15,9869
6026,福邦證,18,0,18,元大-新盛,2024-07-15,9869
3325,旭品,18,0,18,元大-新盛,2024-07-15,9869
00937B,群益ESG投等債20,173,6,167,元大-新盛,2024-07-16,9869
00905,FT臺灣Smart,127,0,127,元大-新盛,2024-07-16,9869
00919,群益台灣精選高息,132,8,124,元大-新盛,2024-07-16,9869
2603,長榮,121,8,113,元大-新盛,2024-07-16,9869
2891,中信金,110,1,109,元大-新盛,2024-07-16,9869
00934,中信成長高股息,104,0,104,元大-新盛,2024-07-16,9869
00632R,元大台灣50反1,111,8,103,元大-新盛,2024-07-16,9869
00940,元大台灣價值高息,211,126,85,元大-新盛,2024-07-16,9869
00753L,中信中國50正2,80,0,80,元大-新盛,2024-07-16,9869
00882,中信中國高股息,83,5,78,元大-新盛,2024-07-16,9869
3048,益登,72,2,70,元大-新盛,2024-07-16,9869
00719B,元大美債1-3,66,0,66,元大-新盛,2024-07-16,9869
2888,新光金,243,178,65,元大-新盛,2024-07-16,9869
00687B,國泰20年美債,61,5,56,元大-新盛,2024-07-16,9869
3481,群創,84,30,54,元大-新盛,2024-07-16,9869
00671R,富邦NASDAQ反1,53,0,53,元大-新盛,2024-07-16,9869
5452,佶優,70,19,51,元大-新盛,2024-07-16,9869
5469,瀚宇博,50,0,50,元大-新盛,2024-07-16,9869
2542,興富發,59,13,46,元大-新盛,2024-07-16,9869
00795B,中信美國公債20年,43,0,43,元大-新盛,2024-07-16,9869
2615,萬海,45,3,42,元大-新盛,2024-07-16,9869
8011,台通,92,52,40,元大-新盛,2024-07-16,9869
00949,復華日本龍頭,37,0,37,元大-新盛,2024-07-16,9869
00935,野村臺灣新科技50,34,0,34,元大-新盛,2024-07-16,9869
2317,鴻海,57,24,33,元大-新盛,2024-07-16,9869
9105,泰金寶-DR,42,9,33,元大-新盛,2024-07-16,9869
1540,喬福,44,14,30,元大-新盛,2024-07-16,9869
00929,復華台灣科技優息,42,13,29,元大-新盛,2024-07-16,9869
00936,台新永續高息中小,29,0,29,元大-新盛,2024-07-16,9869
00927,群益半導體收益,27,0,27,元大-新盛,2024-07-16,9869
4126,太醫,25,0,25,元大-新盛,2024-07-16,9869
3665,貿聯-KY,25,1,24,元大-新盛,2024-07-16,9869
00878,國泰永續高股息,29,5,24,元大-新盛,2024-07-16,9869
1303,南亞,23,0,23,元大-新盛,2024-07-16,9869
2002,中鋼,25,2,23,元大-新盛,2024-07-16,9869
6163,華電網,23,0,23,元大-新盛,2024-07-16,9869
1815,富喬,25,2,23,元大-新盛,2024-07-16,9869
4960,誠美材,30,7,23,元大-新盛,2024-07-16,9869
00933B,國泰10Y+金融債,21,0,21,元大-新盛,2024-07-16,9869
2610,華航,36,16,20,元大-新盛,2024-07-16,9869
00948B,中信優息投資級債,20,0,20,元大-新盛,2024-07-16,9869
1301,台塑,20,0,20,元大-新盛,2024-07-16,9869
9945,潤泰新,89,70,19,元大-新盛,2024-07-16,9869
00735,國泰臺韓科技,19,0,19,元大-新盛,2024-07-16,9869
00713,元大台灣高息低波,20,1,19,元大-新盛,2024-07-16,9869
5880,合庫金,20,1,19,元大-新盛,2024-07-16,9869
1513,中興電,41,22,19,元大-新盛,2024-07-16,9869
1101,台泥,20,3,17,元大-新盛,2024-07-16,9869
1609,大亞,43,27,16,元大-新盛,2024-07-16,9869
2867,三商壽,115,99,16,元大-新盛,2024-07-16,9869
00680L,元大美債20正2,3830,80,3750,元大-新盛,2024-07-17,9869
00935,野村臺灣新科技50,246,0,246,元大-新盛,2024-07-17,9869
00940,元大台灣價值高息,234,60,174,元大-新盛,2024-07-17,9869
00929,復華台灣科技優息,383,218,165,元大-新盛,2024-07-17,9869
00937B,群益ESG投等債20,168,4,164,元大-新盛,2024-07-17,9869
00934,中信成長高股息,140,0,140,元大-新盛,2024-07-17,9869
00665L,富邦�琤肭磪囓�2,210,90,120,元大-新盛,2024-07-17,9869
00919,群益台灣精選高息,140,24,116,元大-新盛,2024-07-17,9869
2542,興富發,110,10,100,元大-新盛,2024-07-17,9869
2883,凱基金,119,37,82,元大-新盛,2024-07-17,9869
00725B,國泰投資級公司債,78,0,78,元大-新盛,2024-07-17,9869
2449,京元電子,74,3,71,元大-新盛,2024-07-17,9869
3231,緯創,76,8,68,元大-新盛,2024-07-17,9869
00905,FT臺灣Smart,64,0,64,元大-新盛,2024-07-17,9869
1540,喬福,66,2,64,元大-新盛,2024-07-17,9869
2634,漢翔,60,2,58,元大-新盛,2024-07-17,9869
2883B,凱基金乙特,57,0,57,元大-新盛,2024-07-17,9869
00687B,國泰20年美債,99,43,56,元大-新盛,2024-07-17,9869
5469,瀚宇博,50,0,50,元大-新盛,2024-07-17,9869
2618,長榮航,54,6,48,元大-新盛,2024-07-17,9869
2317,鴻海,83,39,44,元大-新盛,2024-07-17,9869
0056,元大高股息,75,32,43,元大-新盛,2024-07-17,9869
2330,台積電,47,5,42,元大-新盛,2024-07-17,9869
00948B,中信優息投資級債,40,0,40,元大-新盛,2024-07-17,9869
00882,中信中國高股息,42,3,39,元大-新盛,2024-07-17,9869
8011,台通,37,4,33,元大-新盛,2024-07-17,9869
8033,雷虎,34,2,32,元大-新盛,2024-07-17,9869
00712,復華富時不動產,89,58,31,元大-新盛,2024-07-17,9869
4576,大銀微系統,30,0,30,元大-新盛,2024-07-17,9869
2891,中信金,32,3,29,元大-新盛,2024-07-17,9869
9945,潤泰新,102,73,29,元大-新盛,2024-07-17,9869
00632R,元大台灣50反1,36,7,29,元大-新盛,2024-07-17,9869
6770,力積電,38,11,27,元大-新盛,2024-07-17,9869
2353,宏��,49,22,27,元大-新盛,2024-07-17,9869
00850,元大臺灣ESG永續,26,0,26,元大-新盛,2024-07-17,9869
3312,弘憶股,42,17,25,元大-新盛,2024-07-17,9869
1312,國喬,24,0,24,元大-新盛,2024-07-17,9869
2867,三商壽,48,25,23,元大-新盛,2024-07-17,9869
1316,上曜,23,1,22,元大-新盛,2024-07-17,9869
00881,國泰台灣5G+,21,0,21,元大-新盛,2024-07-17,9869
2834,臺企銀,25,5,20,元大-新盛,2024-07-17,9869
3706,神達,28,8,20,元大-新盛,2024-07-17,9869
2537,聯上發,33,14,19,元大-新盛,2024-07-17,9869
00878,國泰永續高股息,42,23,19,元大-新盛,2024-07-17,9869
2888,新光金,63,45,18,元大-新盛,2024-07-17,9869
2348,海悅,21,3,18,元大-新盛,2024-07-17,9869
00909,國泰數位支付服務,18,0,18,元大-新盛,2024-07-17,9869
2355,敬鵬,22,4,18,元大-新盛,2024-07-17,9869
0050,元大台灣50,26,8,18,元大-新盛,2024-07-17,9869
2344,華邦電,17,0,17,元大-新盛,2024-07-17,9869
00680L,元大美債20正2,1211,3,1208,元大-新盛,2024-07-18,9869
2888,新光金,1011,54,957,元大-新盛,2024-07-18,9869
00935,野村臺灣新科技50,304,3,301,元大-新盛,2024-07-18,9869
00940,元大台灣價值高息,370,144,226,元大-新盛,2024-07-18,9869
00795B,中信美國公債20年,110,0,110,元大-新盛,2024-07-18,9869
8039,台虹,100,0,100,元大-新盛,2024-07-18,9869
2891,中信金,87,5,82,元大-新盛,2024-07-18,9869
00936,台新永續高息中小,86,5,81,元大-新盛,2024-07-18,9869
2317,鴻海,130,53,77,元大-新盛,2024-07-18,9869
0056,元大高股息,79,8,71,元大-新盛,2024-07-18,9869
2356,英業達,73,6,67,元大-新盛,2024-07-18,9869
3481,群創,141,78,63,元大-新盛,2024-07-18,9869
2883,凱基金,95,32,63,元大-新盛,2024-07-18,9869
9105,泰金寶-DR,78,15,63,元大-新盛,2024-07-18,9869
00719B,元大美債1-3,63,1,62,元大-新盛,2024-07-18,9869
00934,中信成長高股息,66,5,61,元大-新盛,2024-07-18,9869
00919,群益台灣精選高息,138,89,49,元大-新盛,2024-07-18,9869
00882,中信中國高股息,44,1,43,元大-新盛,2024-07-18,9869
00927,群益半導體收益,42,2,40,元大-新盛,2024-07-18,9869
6021,美好證,40,0,40,元大-新盛,2024-07-18,9869
6116,彩晶,40,1,39,元大-新盛,2024-07-18,9869
00937B,群益ESG投等債20,159,121,38,元大-新盛,2024-07-18,9869
00878,國泰永續高股息,81,44,37,元大-新盛,2024-07-18,9869
2330,台積電,54,17,37,元大-新盛,2024-07-18,9869
3704,合勤控,36,0,36,元大-新盛,2024-07-18,9869
00946,群益科技高息成長,36,1,35,元大-新盛,2024-07-18,9869
00918,大華優利高填息30,34,0,34,元大-新盛,2024-07-18,9869
3037,欣興,48,16,32,元大-新盛,2024-07-18,9869
4126,太醫,31,0,31,元大-新盛,2024-07-18,9869
4414,如興,30,0,30,元大-新盛,2024-07-18,9869
2382,廣達,64,35,29,元大-新盛,2024-07-18,9869
2365,昆盈,126,97,29,元大-新盛,2024-07-18,9869
2610,華航,35,7,28,元大-新盛,2024-07-18,9869
3013,晟銘電,47,20,27,元大-新盛,2024-07-18,9869
0050,元大台灣50,34,8,26,元大-新盛,2024-07-18,9869
3189,景碩,45,21,24,元大-新盛,2024-07-18,9869
2354,鴻準,24,0,24,元大-新盛,2024-07-18,9869
00942B,台新美A公司債20+,22,0,22,元大-新盛,2024-07-18,9869
3576,聯合再生,22,0,22,元大-新盛,2024-07-18,9869
1402,遠東新,23,1,22,元大-新盛,2024-07-18,9869
2337,旺宏,25,3,22,元大-新盛,2024-07-18,9869
00909,國泰數位支付服務,21,0,21,元大-新盛,2024-07-18,9869
2025,千興,20,0,20,元大-新盛,2024-07-18,9869
00948B,中信優息投資級債,20,0,20,元大-新盛,2024-07-18,9869
5439,高技,21,1,20,元大-新盛,2024-07-18,9869
3354,律勝,20,0,20,元大-新盛,2024-07-18,9869
1718,中纖,20,0,20,元大-新盛,2024-07-18,9869
6770,力積電,28,9,19,元大-新盛,2024-07-18,9869
2014,中鴻,21,2,19,元大-新盛,2024-07-18,9869
9906,欣巴巴,19,0,19,元大-新盛,2024-07-18,9869
00919,群益台灣精選高息,221,13,208,元大-新盛,2024-07-19,9869
2409,友達,210,14,196,元大-新盛,2024-07-19,9869
00937B,群益ESG投等債20,241,65,176,元大-新盛,2024-07-19,9869
00632R,元大台灣50反1,184,23,161,元大-新盛,2024-07-19,9869
2303,聯電,132,2,130,元大-新盛,2024-07-19,9869
00929,復華台灣科技優息,115,6,109,元大-新盛,2024-07-19,9869
00940,元大台灣價值高息,208,101,107,元大-新盛,2024-07-19,9869
2312,金寶,133,32,101,元大-新盛,2024-07-19,9869
00878,國泰永續高股息,110,22,88,元大-新盛,2024-07-19,9869
0056,元大高股息,106,24,82,元大-新盛,2024-07-19,9869
00679B,元大美債20年,81,0,81,元大-新盛,2024-07-19,9869
00935,野村臺灣新科技50,78,0,78,元大-新盛,2024-07-19,9869
00753L,中信中國50正2,71,0,71,元大-新盛,2024-07-19,9869
2883,凱基金,115,53,62,元大-新盛,2024-07-19,9869
2330,台積電,86,24,62,元大-新盛,2024-07-19,9869
2882,國泰金,64,7,57,元大-新盛,2024-07-19,9869
3481,群創,114,57,57,元大-新盛,2024-07-19,9869
00665L,富邦�琤肭磪囓�2,56,0,56,元大-新盛,2024-07-19,9869
00687B,國泰20年美債,65,10,55,元大-新盛,2024-07-19,9869
2891,中信金,54,1,53,元大-新盛,2024-07-19,9869
00882,中信中國高股息,53,0,53,元大-新盛,2024-07-19,9869
5469,瀚宇博,51,0,51,元大-新盛,2024-07-19,9869
00713,元大台灣高息低波,56,5,51,元大-新盛,2024-07-19,9869
2408,南亞科,48,0,48,元大-新盛,2024-07-19,9869
00934,中信成長高股息,71,25,46,元大-新盛,2024-07-19,9869
3339,泰谷,45,0,45,元大-新盛,2024-07-19,9869
1714,和桐,49,5,44,元大-新盛,2024-07-19,9869
6443,元晶,48,5,43,元大-新盛,2024-07-19,9869
3231,緯創,49,6,43,元大-新盛,2024-07-19,9869
00950B,凱基A級公司債,40,0,40,元大-新盛,2024-07-19,9869
2104,國際中橡,35,0,35,元大-新盛,2024-07-19,9869
2331,精英,36,1,35,元大-新盛,2024-07-19,9869
00927,群益半導體收益,35,1,34,元大-新盛,2024-07-19,9869
00936,台新永續高息中小,37,4,33,元大-新盛,2024-07-19,9869
3686,達能,33,1,32,元大-新盛,2024-07-19,9869
1301,台塑,50,20,30,元大-新盛,2024-07-19,9869
2888,新光金,155,125,30,元大-新盛,2024-07-19,9869
3360,尚立,30,0,30,元大-新盛,2024-07-19,9869
6505,台塑化,32,3,29,元大-新盛,2024-07-19,9869
3294,英濟,30,1,29,元大-新盛,2024-07-19,9869
2365,昆盈,79,51,28,元大-新盛,2024-07-19,9869
2371,大同,44,16,28,元大-新盛,2024-07-19,9869
00881,國泰台灣5G+,28,1,27,元大-新盛,2024-07-19,9869
00946,群益科技高息成長,26,0,26,元大-新盛,2024-07-19,9869
2615,萬海,38,12,26,元大-新盛,2024-07-19,9869
2337,旺宏,31,5,26,元大-新盛,2024-07-19,9869
1474,弘裕,25,0,25,元大-新盛,2024-07-19,9869
2353,宏��,44,20,24,元大-新盛,2024-07-19,9869
2885,元大金,35,11,24,元大-新盛,2024-07-19,9869
2881,富邦金,29,5,24,元大-新盛,2024-07-19,9869
00929,復華台灣科技優息,376,48,328,元大-新盛,2024-07-22,9869
00919,群益台灣精選高息,329,32,297,元大-新盛,2024-07-22,9869
00940,元大台灣價值高息,377,216,161,元大-新盛,2024-07-22,9869
2303,聯電,174,43,131,元大-新盛,2024-07-22,9869
00937B,群益ESG投等債20,143,38,105,元大-新盛,2024-07-22,9869
2330,台積電,108,31,77,元大-新盛,2024-07-22,9869
0056,元大高股息,111,46,65,元大-新盛,2024-07-22,9869
00935,野村臺灣新科技50,69,4,65,元大-新盛,2024-07-22,9869
00936,台新永續高息中小,62,0,62,元大-新盛,2024-07-22,9869
00878,國泰永續高股息,66,15,51,元大-新盛,2024-07-22,9869
911868,同方友友-DR,50,0,50,元大-新盛,2024-07-22,9869
4526,東台,51,1,50,元大-新盛,2024-07-22,9869
2344,華邦電,50,1,49,元大-新盛,2024-07-22,9869
2317,鴻海,163,117,46,元大-新盛,2024-07-22,9869
2888,新光金,118,72,46,元大-新盛,2024-07-22,9869
2489,瑞軒,52,9,43,元大-新盛,2024-07-22,9869
5512,力麒,70,30,40,元大-新盛,2024-07-22,9869
00927,群益半導體收益,39,0,39,元大-新盛,2024-07-22,9869
00688L,國泰20年美債正2,39,0,39,元大-新盛,2024-07-22,9869
2883,凱基金,60,21,39,元大-新盛,2024-07-22,9869
3374,精材,38,3,35,元大-新盛,2024-07-22,9869
1455,集盛,38,4,34,元大-新盛,2024-07-22,9869
00881,國泰台灣5G+,38,6,32,元大-新盛,2024-07-22,9869
3231,緯創,45,13,32,元大-新盛,2024-07-22,9869
00946,群益科技高息成長,31,0,31,元大-新盛,2024-07-22,9869
1312,國喬,30,0,30,元大-新盛,2024-07-22,9869
2885,元大金,41,11,30,元大-新盛,2024-07-22,9869
00922,國泰台灣領袖50,50,21,29,元大-新盛,2024-07-22,9869
6754,匯僑設計,29,0,29,元大-新盛,2024-07-22,9869
2408,南亞科,34,5,29,元大-新盛,2024-07-22,9869
1609,大亞,37,11,26,元大-新盛,2024-07-22,9869
1503,士電,25,0,25,元大-新盛,2024-07-22,9869
006208,富邦台50,26,1,25,元大-新盛,2024-07-22,9869
1101,台泥,27,2,25,元大-新盛,2024-07-22,9869
00687B,國泰20年美債,74,49,25,元大-新盛,2024-07-22,9869
2354,鴻準,48,25,23,元大-新盛,2024-07-22,9869
00918,大華優利高填息30,34,12,22,元大-新盛,2024-07-22,9869
2331,精英,22,0,22,元大-新盛,2024-07-22,9869
2409,友達,23,1,22,元大-新盛,2024-07-22,9869
2353,宏��,30,10,20,元大-新盛,2024-07-22,9869
2634,漢翔,20,0,20,元大-新盛,2024-07-22,9869
00939,統一台灣高息動能,19,0,19,元大-新盛,2024-07-22,9869
2399,映泰,23,5,18,元大-新盛,2024-07-22,9869
1611,中電,28,11,17,元大-新盛,2024-07-22,9869
1514,亞力,26,10,16,元大-新盛,2024-07-22,9869
2362,藍天,16,0,16,元大-新盛,2024-07-22,9869
1714,和桐,16,0,16,元大-新盛,2024-07-22,9869
2852,第一保,16,0,16,元大-新盛,2024-07-22,9869
00904,新光臺灣半導體30,15,0,15,元大-新盛,2024-07-22,9869
00947,台新臺灣IC設計,15,0,15,元大-新盛,2024-07-22,9869
00632R,元大台灣50反1,1226,131,1095,元大-新盛,2024-07-23,9869
00919,群益台灣精選高息,150,13,137,元大-新盛,2024-07-23,9869
00937B,群益ESG投等債20,133,0,133,元大-新盛,2024-07-23,9869
2355,敬鵬,130,1,129,元大-新盛,2024-07-23,9869
2409,友達,101,0,101,元大-新盛,2024-07-23,9869
00948B,中信優息投資級債,100,0,100,元大-新盛,2024-07-23,9869
00929,復華台灣科技優息,101,2,99,元大-新盛,2024-07-23,9869
00687B,國泰20年美債,94,1,93,元大-新盛,2024-07-23,9869
3481,群創,112,31,81,元大-新盛,2024-07-23,9869
2408,南亞科,72,7,65,元大-新盛,2024-07-23,9869
00950B,凱基A級公司債,60,0,60,元大-新盛,2024-07-23,9869
6578,達邦蛋白,58,0,58,元大-新盛,2024-07-23,9869
00679B,元大美債20年,44,1,43,元大-新盛,2024-07-23,9869
3686,達能,41,0,41,元大-新盛,2024-07-23,9869
2511,太子,38,1,37,元大-新盛,2024-07-23,9869
1806,冠軍,34,0,34,元大-新盛,2024-07-23,9869
00882,中信中國高股息,37,5,32,元大-新盛,2024-07-23,9869
00688L,國泰20年美債正2,34,2,32,元大-新盛,2024-07-23,9869
4126,太醫,30,0,30,元大-新盛,2024-07-23,9869
6229,研通,29,0,29,元大-新盛,2024-07-23,9869
00918,大華優利高填息30,26,0,26,元大-新盛,2024-07-23,9869
8249,菱光,25,0,25,元大-新盛,2024-07-23,9869
00706L,期元大S＆P日圓正2,25,0,25,元大-新盛,2024-07-23,9869
00858,永豐美國500大,24,0,24,元大-新盛,2024-07-23,9869
6117,迎廣,30,6,24,元大-新盛,2024-07-23,9869
6806,森崴能源,48,25,23,元大-新盛,2024-07-23,9869
3052,夆典,24,1,23,元大-新盛,2024-07-23,9869
1609,大亞,39,16,23,元大-新盛,2024-07-23,9869
6116,彩晶,22,0,22,元大-新盛,2024-07-23,9869
2353,宏��,83,61,22,元大-新盛,2024-07-23,9869
00940,元大台灣價值高息,103,82,21,元大-新盛,2024-07-23,9869
2312,金寶,23,2,21,元大-新盛,2024-07-23,9869
2891,中信金,22,2,20,元大-新盛,2024-07-23,9869
2855,統一證,25,5,20,元大-新盛,2024-07-23,9869
00933B,國泰10Y+金融債,20,0,20,元大-新盛,2024-07-23,9869
00934,中信成長高股息,21,2,19,元大-新盛,2024-07-23,9869
2324,仁寶,20,1,19,元大-新盛,2024-07-23,9869
00946,群益科技高息成長,19,0,19,元大-新盛,2024-07-23,9869
2888,新光金,46,27,19,元大-新盛,2024-07-23,9869
8085,福華,24,8,16,元大-新盛,2024-07-23,9869
3013,晟銘電,22,7,15,元大-新盛,2024-07-23,9869
00909,國泰數位支付服務,15,0,15,元大-新盛,2024-07-23,9869
6127,九豪,18,4,14,元大-新盛,2024-07-23,9869
1102,亞泥,14,0,14,元大-新盛,2024-07-23,9869
1515,力山,14,0,14,元大-新盛,2024-07-23,9869
2301,光寶科,16,2,14,元大-新盛,2024-07-23,9869
2834,臺企銀,15,2,13,元大-新盛,2024-07-23,9869
1310,台苯,13,0,13,元大-新盛,2024-07-23,9869
2489,瑞軒,22,9,13,元大-新盛,2024-07-23,9869
2449,京元電子,13,1,12,元大-新盛,2024-07-23,9869
00948B,中信優息投資級債,510,0,510,元大-新盛,2024-07-26,9869
00937B,群益ESG投等債20,332,11,321,元大-新盛,2024-07-26,9869
2884,玉山金,251,15,236,元大-新盛,2024-07-26,9869
00929,復華台灣科技優息,291,65,226,元大-新盛,2024-07-26,9869
00878,國泰永續高股息,196,14,182,元大-新盛,2024-07-26,9869
00637L,元大滬深300正2,151,14,137,元大-新盛,2024-07-26,9869
00919,群益台灣精選高息,147,11,136,元大-新盛,2024-07-26,9869
00945B,凱基美國非投等債,111,0,111,元大-新盛,2024-07-26,9869
00940,元大台灣價值高息,187,82,105,元大-新盛,2024-07-26,9869
2330,台積電,109,14,95,元大-新盛,2024-07-26,9869
4306,炎洲,97,5,92,元大-新盛,2024-07-26,9869
0056,元大高股息,123,40,83,元大-新盛,2024-07-26,9869
00688L,國泰20年美債正2,77,0,77,元大-新盛,2024-07-26,9869
00934,中信成長高股息,121,51,70,元大-新盛,2024-07-26,9869
00830,國泰費城半導體,67,0,67,元大-新盛,2024-07-26,9869
4526,東台,64,7,57,元大-新盛,2024-07-26,9869
2610,華航,61,6,55,元大-新盛,2024-07-26,9869
2349,錸德,78,25,53,元大-新盛,2024-07-26,9869
2883B,凱基金乙特,53,0,53,元大-新盛,2024-07-26,9869
00946,群益科技高息成長,53,0,53,元大-新盛,2024-07-26,9869
5469,瀚宇博,50,0,50,元大-新盛,2024-07-26,9869
2515,中工,51,2,49,元大-新盛,2024-07-26,9869
00712,復華富時不動產,88,40,48,元大-新盛,2024-07-26,9869
2317,鴻海,90,43,47,元大-新盛,2024-07-26,9869
3231,緯創,50,6,44,元大-新盛,2024-07-26,9869
00679B,元大美債20年,52,10,42,元大-新盛,2024-07-26,9869
8039,台虹,40,0,40,元大-新盛,2024-07-26,9869
00687B,國泰20年美債,74,35,39,元大-新盛,2024-07-26,9869
3374,精材,35,0,35,元大-新盛,2024-07-26,9869
2408,南亞科,43,10,33,元大-新盛,2024-07-26,9869
2890,永豐金,31,0,31,元大-新盛,2024-07-26,9869
2344,華邦電,30,0,30,元大-新盛,2024-07-26,9869
00939,統一台灣高息動能,32,3,29,元大-新盛,2024-07-26,9869
2489,瑞軒,35,8,27,元大-新盛,2024-07-26,9869
00922,國泰台灣領袖50,32,6,26,元大-新盛,2024-07-26,9869
3105,穩懋,24,0,24,元大-新盛,2024-07-26,9869
2354,鴻準,36,12,24,元大-新盛,2024-07-26,9869
1714,和桐,23,0,23,元大-新盛,2024-07-26,9869
00935,野村臺灣新科技50,23,0,23,元大-新盛,2024-07-26,9869
2002,中鋼,30,8,22,元大-新盛,2024-07-26,9869
3528,安馳,27,5,22,元大-新盛,2024-07-26,9869
2834,臺企銀,25,3,22,元大-新盛,2024-07-26,9869
00891,中信關鍵半導體,20,0,20,元大-新盛,2024-07-26,9869
00655L,國泰中國A50正2,20,0,20,元大-新盛,2024-07-26,9869
2356,英業達,21,2,19,元大-新盛,2024-07-26,9869
3576,聯合再生,21,4,17,元大-新盛,2024-07-26,9869
1303,南亞,18,2,16,元大-新盛,2024-07-26,9869
2516,新建,16,0,16,元大-新盛,2024-07-26,9869
2352,佳世達,16,1,15,元大-新盛,2024-07-26,9869
00725B,國泰投資級公司債,15,0,15,元大-新盛,2024-07-26,9869
00680L,元大美債20正2,547,0,547,元大-新盛,2024-07-29,9869
00940,元大台灣價值高息,161,10,151,元大-新盛,2024-07-29,9869
00919,群益台灣精選高息,131,3,128,元大-新盛,2024-07-29,9869
00929,復華台灣科技優息,201,76,125,元大-新盛,2024-07-29,9869
00632R,元大台灣50反1,153,30,123,元大-新盛,2024-07-29,9869
6177,達麗,120,3,117,元大-新盛,2024-07-29,9869
1714,和桐,110,0,110,元大-新盛,2024-07-29,9869
9105,泰金寶-DR,143,51,92,元大-新盛,2024-07-29,9869
0056,元大高股息,129,55,74,元大-新盛,2024-07-29,9869
00878,國泰永續高股息,72,10,62,元大-新盛,2024-07-29,9869
6126,信音,56,0,56,元大-新盛,2024-07-29,9869
2897,王道銀行,52,0,52,元大-新盛,2024-07-29,9869
2884,玉山金,93,45,48,元大-新盛,2024-07-29,9869
2888,新光金,95,48,47,元大-新盛,2024-07-29,9869
00937B,群益ESG投等債20,148,105,43,元大-新盛,2024-07-29,9869
00679B,元大美債20年,55,16,39,元大-新盛,2024-07-29,9869
0050,元大台灣50,54,19,35,元大-新盛,2024-07-29,9869
00936,台新永續高息中小,37,2,35,元大-新盛,2024-07-29,9869
2486,一詮,36,2,34,元大-新盛,2024-07-29,9869
3013,晟銘電,31,1,30,元大-新盛,2024-07-29,9869
1449,佳和,36,8,28,元大-新盛,2024-07-29,9869
3481,群創,39,12,27,元大-新盛,2024-07-29,9869
00934,中信成長高股息,27,1,26,元大-新盛,2024-07-29,9869
3047,訊舟,29,3,26,元大-新盛,2024-07-29,9869
1312,國喬,24,0,24,元大-新盛,2024-07-29,9869
2353,宏��,40,18,22,元大-新盛,2024-07-29,9869
1609,大亞,40,18,22,元大-新盛,2024-07-29,9869
2376,技嘉,34,13,21,元大-新盛,2024-07-29,9869
1527,鑽全,21,0,21,元大-新盛,2024-07-29,9869
3037,欣興,29,9,20,元大-新盛,2024-07-29,9869
3360,尚立,20,0,20,元大-新盛,2024-07-29,9869
3354,律勝,20,0,20,元大-新盛,2024-07-29,9869
8028,昇陽半導體,71,52,19,元大-新盛,2024-07-29,9869
00795B,中信美國公債20年,20,1,19,元大-新盛,2024-07-29,9869
5213,亞昕,29,10,19,元大-新盛,2024-07-29,9869
2891,中信金,33,15,18,元大-新盛,2024-07-29,9869
00687B,國泰20年美債,37,19,18,元大-新盛,2024-07-29,9869
5009,榮剛,20,3,17,元大-新盛,2024-07-29,9869
00935,野村臺灣新科技50,17,0,17,元大-新盛,2024-07-29,9869
6806,森崴能源,33,16,17,元大-新盛,2024-07-29,9869
6197,佳必琪,16,0,16,元大-新盛,2024-07-29,9869
6770,力積電,17,2,15,元大-新盛,2024-07-29,9869
2409,友達,20,6,14,元大-新盛,2024-07-29,9869
2344,華邦電,19,5,14,元大-新盛,2024-07-29,9869
4726,永昕,13,0,13,元大-新盛,2024-07-29,9869
00631L,元大台灣50正2,13,1,12,元大-新盛,2024-07-29,9869
2408,南亞科,13,1,12,元大-新盛,2024-07-29,9869
2006,東和鋼鐵,12,0,12,元大-新盛,2024-07-29,9869
3705,永信,12,0,12,元大-新盛,2024-07-29,9869
4533,協易機,11,0,11,元大-新盛,2024-07-29,9869
00680L,元大美債20正2,500,1,499,元大-新盛,2024-07-30,9869
00940,元大台灣價值高息,320,33,287,元大-新盛,2024-07-30,9869
00929,復華台灣科技優息,199,19,180,元大-新盛,2024-07-30,9869
6550,北極星藥業-KY,131,0,131,元大-新盛,2024-07-30,9869
00878,國泰永續高股息,133,3,130,元大-新盛,2024-07-30,9869
00753L,中信中國50正2,105,0,105,元大-新盛,2024-07-30,9869
00919,群益台灣精選高息,113,14,99,元大-新盛,2024-07-30,9869
2882,國泰金,96,1,95,元大-新盛,2024-07-30,9869
00946,群益科技高息成長,94,1,93,元大-新盛,2024-07-30,9869
00936,台新永續高息中小,70,0,70,元大-新盛,2024-07-30,9869
00632R,元大台灣50反1,78,15,63,元大-新盛,2024-07-30,9869
2890,永豐金,63,1,62,元大-新盛,2024-07-30,9869
3481,群創,86,29,57,元大-新盛,2024-07-30,9869
2405,輔信,51,0,51,元大-新盛,2024-07-30,9869
5469,瀚宇博,50,0,50,元大-新盛,2024-07-30,9869
4526,東台,50,0,50,元大-新盛,2024-07-30,9869
2884,玉山金,49,2,47,元大-新盛,2024-07-30,9869
00687B,國泰20年美債,57,12,45,元大-新盛,2024-07-30,9869
00637L,元大滬深300正2,61,16,45,元大-新盛,2024-07-30,9869
2330,台積電,69,24,45,元大-新盛,2024-07-30,9869
00934,中信成長高股息,38,0,38,元大-新盛,2024-07-30,9869
00948B,中信優息投資級債,45,7,38,元大-新盛,2024-07-30,9869
00939,統一台灣高息動能,37,3,34,元大-新盛,2024-07-30,9869
00882,中信中國高股息,53,21,32,元大-新盛,2024-07-30,9869
1714,和桐,41,10,31,元大-新盛,2024-07-30,9869
2530,華建,41,12,29,元大-新盛,2024-07-30,9869
0050,元大台灣50,43,16,27,元大-新盛,2024-07-30,9869
2388,威盛,25,0,25,元大-新盛,2024-07-30,9869
2303,聯電,35,11,24,元大-新盛,2024-07-30,9869
2313,華通,24,1,23,元大-新盛,2024-07-30,9869
4109,加捷生醫,22,0,22,元大-新盛,2024-07-30,9869
2534,宏盛,20,0,20,元大-新盛,2024-07-30,9869
3189,景碩,23,4,19,元大-新盛,2024-07-30,9869
5452,佶優,25,6,19,元大-新盛,2024-07-30,9869
2515,中工,22,3,19,元大-新盛,2024-07-30,9869
2883,凱基金,21,4,17,元大-新盛,2024-07-30,9869
4903,聯光通,17,0,17,元大-新盛,2024-07-30,9869
2891,中信金,31,15,16,元大-新盛,2024-07-30,9869
00923,群益台ESG低碳50,15,0,15,元大-新盛,2024-07-30,9869
00713,元大台灣高息低波,32,17,15,元大-新盛,2024-07-30,9869
00642U,期元大S＆P石油,14,0,14,元大-新盛,2024-07-30,9869
00646,元大S＆P500,14,0,14,元大-新盛,2024-07-30,9869
3024,憶聲,14,0,14,元大-新盛,2024-07-30,9869
2408,南亞科,22,9,13,元大-新盛,2024-07-30,9869
1316,上曜,13,0,13,元大-新盛,2024-07-30,9869
00795B,中信美國公債20年,12,0,12,元大-新盛,2024-07-30,9869
00891,中信關鍵半導體,13,1,12,元大-新盛,2024-07-30,9869
1608,華榮,12,1,11,元大-新盛,2024-07-30,9869
00942B,台新美A公司債20+,10,0,10,元大-新盛,2024-07-30,9869
9105,泰金寶-DR,67,57,10,元大-新盛,2024-07-30,9869
00937B,群益ESG投等債20,140,10,130,元大-新盛,2024-07-31,9869
00940,元大台灣價值高息,85,9,76,元大-新盛,2024-07-31,9869
3481,群創,126,57,69,元大-新盛,2024-07-31,9869
00929,復華台灣科技優息,78,11,67,元大-新盛,2024-07-31,9869
00725B,國泰投資級公司債,51,0,51,元大-新盛,2024-07-31,9869
4526,東台,56,5,51,元大-新盛,2024-07-31,9869
00948B,中信優息投資級債,50,0,50,元大-新盛,2024-07-31,9869
00679B,元大美債20年,72,25,47,元大-新盛,2024-07-31,9869
2349,錸德,74,30,44,元大-新盛,2024-07-31,9869
2355,敬鵬,43,2,41,元大-新盛,2024-07-31,9869
4306,炎洲,35,0,35,元大-新盛,2024-07-31,9869
6550,北極星藥業-KY,32,0,32,元大-新盛,2024-07-31,9869
2884,玉山金,25,0,25,元大-新盛,2024-07-31,9869
00946,群益科技高息成長,35,10,25,元大-新盛,2024-07-31,9869
00942B,台新美A公司債20+,24,0,24,元大-新盛,2024-07-31,9869
2362,藍天,28,5,23,元大-新盛,2024-07-31,9869
1714,和桐,58,35,23,元大-新盛,2024-07-31,9869
3047,訊舟,100,77,23,元大-新盛,2024-07-31,9869
2486,一詮,34,13,21,元大-新盛,2024-07-31,9869
00878,國泰永續高股息,30,9,21,元大-新盛,2024-07-31,9869
2897,王道銀行,20,0,20,元大-新盛,2024-07-31,9869
1909,榮成,20,0,20,元大-新盛,2024-07-31,9869
00664R,國泰臺灣加權反1,20,0,20,元大-新盛,2024-07-31,9869
00687B,國泰20年美債,19,2,17,元大-新盛,2024-07-31,9869
3037,欣興,29,12,17,元大-新盛,2024-07-31,9869
2351,順德,16,1,15,元大-新盛,2024-07-31,9869
3686,達能,16,1,15,元大-新盛,2024-07-31,9869
9945,潤泰新,21,6,15,元大-新盛,2024-07-31,9869
9904,寶成,22,8,14,元大-新盛,2024-07-31,9869
5213,亞昕,21,7,14,元大-新盛,2024-07-31,9869
5525,順天,14,0,14,元大-新盛,2024-07-31,9869
6861,睿生光電,13,0,13,元大-新盛,2024-07-31,9869
2881,富邦金,20,7,13,元大-新盛,2024-07-31,9869
00680L,元大美債20正2,25,12,13,元大-新盛,2024-07-31,9869
00934,中信成長高股息,20,8,12,元大-新盛,2024-07-31,9869
1409,新纖,12,0,12,元大-新盛,2024-07-31,9869
4513,福裕,13,1,12,元大-新盛,2024-07-31,9869
4128,中天,12,0,12,元大-新盛,2024-07-31,9869
6578,達邦蛋白,11,0,11,元大-新盛,2024-07-31,9869
9958,世紀鋼,11,0,11,元大-新盛,2024-07-31,9869
2324,仁寶,11,1,10,元大-新盛,2024-07-31,9869
2329,華泰,11,1,10,元大-新盛,2024-07-31,9869
6207,雷科,10,0,10,元大-新盛,2024-07-31,9869
2516,新建,10,0,10,元大-新盛,2024-07-31,9869
2929,淘帝-KY,10,0,10,元大-新盛,2024-07-31,9869
4303,信立,11,1,10,元大-新盛,2024-07-31,9869
8068,全達,10,0,10,元大-新盛,2024-07-31,9869
2855,統一證,10,0,10,元大-新盛,2024-07-31,9869
4564,元翎,34,24,10,元大-新盛,2024-07-31,9869
5608,四維航,10,0,10,元大-新盛,2024-07-31,9869
2317,鴻海,211,11,200,元大-新盛,2024-08-01,9869
5469,瀚宇博,145,3,142,元大-新盛,2024-08-01,9869
2344,華邦電,159,19,140,元大-新盛,2024-08-01,9869
00937B,群益ESG投等債20,155,22,133,元大-新盛,2024-08-01,9869
00687B,國泰20年美債,119,3,116,元大-新盛,2024-08-01,9869
2883B,凱基金乙特,101,0,101,元大-新盛,2024-08-01,9869
1440,南紡,60,0,60,元大-新盛,2024-08-01,9869
8028,昇陽半導體,92,33,59,元大-新盛,2024-08-01,9869
00688L,國泰20年美債正2,60,8,52,元大-新盛,2024-08-01,9869
4306,炎洲,50,2,48,元大-新盛,2024-08-01,9869
00878,國泰永續高股息,83,37,46,元大-新盛,2024-08-01,9869
00934,中信成長高股息,49,6,43,元大-新盛,2024-08-01,9869
2337,旺宏,87,45,42,元大-新盛,2024-08-01,9869
2547,日勝生,43,2,41,元大-新盛,2024-08-01,9869
00679B,元大美債20年,63,22,41,元大-新盛,2024-08-01,9869
00949,復華日本龍頭,31,1,30,元大-新盛,2024-08-01,9869
1727,中華化,27,0,27,元大-新盛,2024-08-01,9869
2313,華通,28,2,26,元大-新盛,2024-08-01,9869
00905,FT臺灣Smart,41,16,25,元大-新盛,2024-08-01,9869
00637L,元大滬深300正2,31,6,25,元大-新盛,2024-08-01,9869
2603,長榮,31,6,25,元大-新盛,2024-08-01,9869
00936,台新永續高息中小,26,2,24,元大-新盛,2024-08-01,9869
1514,亞力,25,1,24,元大-新盛,2024-08-01,9869
2349,錸德,46,22,24,元大-新盛,2024-08-01,9869
2530,華建,29,6,23,元大-新盛,2024-08-01,9869
2383,台光電,25,2,23,元大-新盛,2024-08-01,9869
1806,冠軍,22,0,22,元大-新盛,2024-08-01,9869
00720B,元大投資級公司債,20,0,20,元大-新盛,2024-08-01,9869
8086,宏捷科,21,1,20,元大-新盛,2024-08-01,9869
2511,太子,30,10,20,元大-新盛,2024-08-01,9869
2506,太設,20,0,20,元大-新盛,2024-08-01,9869
2867,三商壽,20,0,20,元大-新盛,2024-08-01,9869
00735,國泰臺韓科技,20,0,20,元大-新盛,2024-08-01,9869
2883,凱基金,23,3,20,元大-新盛,2024-08-01,9869
00919,群益台灣精選高息,28,10,18,元大-新盛,2024-08-01,9869
2890,永豐金,23,5,18,元大-新盛,2024-08-01,9869
2886,兆豐金,16,0,16,元大-新盛,2024-08-01,9869
00948B,中信優息投資級債,15,0,15,元大-新盛,2024-08-01,9869
1584,精剛,17,2,15,元大-新盛,2024-08-01,9869
5443,均豪,40,25,15,元大-新盛,2024-08-01,9869
8011,台通,25,10,15,元大-新盛,2024-08-01,9869
3450,聯鈞,26,12,14,元大-新盛,2024-08-01,9869
2351,順德,14,0,14,元大-新盛,2024-08-01,9869
00891,中信關鍵半導體,18,4,14,元大-新盛,2024-08-01,9869
00882,中信中國高股息,20,7,13,元大-新盛,2024-08-01,9869
00907,永豐優息存股,12,0,12,元大-新盛,2024-08-01,9869
3016,嘉晶,12,0,12,元大-新盛,2024-08-01,9869
5014,建錩,12,0,12,元大-新盛,2024-08-01,9869
2382,廣達,25,14,11,元大-新盛,2024-08-01,9869
3022,威強電,11,0,11,元大-新盛,2024-08-01,9869
00948B,中信優息投資級債,577,0,577,元大-新盛,2024-08-02,9869
00878,國泰永續高股息,364,62,302,元大-新盛,2024-08-02,9869
00680L,元大美債20正2,288,35,253,元大-新盛,2024-08-02,9869
00929,復華台灣科技優息,274,31,243,元大-新盛,2024-08-02,9869
00688L,國泰20年美債正2,230,9,221,元大-新盛,2024-08-02,9869
00940,元大台灣價值高息,314,105,209,元大-新盛,2024-08-02,9869
00919,群益台灣精選高息,260,66,194,元大-新盛,2024-08-02,9869
00706L,期元大S＆P日圓正2,150,3,147,元大-新盛,2024-08-02,9869
2317,鴻海,157,32,125,元大-新盛,2024-08-02,9869
0056,元大高股息,138,43,95,元大-新盛,2024-08-02,9869
00687B,國泰20年美債,119,30,89,元大-新盛,2024-08-02,9869
00679B,元大美債20年,103,30,73,元大-新盛,2024-08-02,9869
00642U,期元大S＆P石油,73,0,73,元大-新盛,2024-08-02,9869
2353,宏��,72,0,72,元大-新盛,2024-08-02,9869
2409,友達,72,5,67,元大-新盛,2024-08-02,9869
0050,元大台灣50,69,5,64,元大-新盛,2024-08-02,9869
5469,瀚宇博,62,0,62,元大-新盛,2024-08-02,9869
00712,復華富時不動產,59,1,58,元大-新盛,2024-08-02,9869
2330,台積電,97,43,54,元大-新盛,2024-08-02,9869
6126,信音,60,9,51,元大-新盛,2024-08-02,9869
2371,大同,48,0,48,元大-新盛,2024-08-02,9869
00637L,元大滬深300正2,53,9,44,元大-新盛,2024-08-02,9869
00923,群益台ESG低碳50,43,0,43,元大-新盛,2024-08-02,9869
00935,野村臺灣新科技50,43,0,43,元大-新盛,2024-08-02,9869
2337,旺宏,46,5,41,元大-新盛,2024-08-02,9869
1536,和大,65,24,41,元大-新盛,2024-08-02,9869
2915,潤泰全,43,2,41,元大-新盛,2024-08-02,9869
2883,凱基金,43,2,41,元大-新盛,2024-08-02,9869
00936,台新永續高息中小,50,10,40,元大-新盛,2024-08-02,9869
00949,復華日本龍頭,37,0,37,元大-新盛,2024-08-02,9869
2312,金寶,41,4,37,元大-新盛,2024-08-02,9869
9105,泰金寶-DR,55,19,36,元大-新盛,2024-08-02,9869
1314,中石化,35,0,35,元大-新盛,2024-08-02,9869
2885,元大金,36,1,35,元大-新盛,2024-08-02,9869
00951,台新日本半導體,69,35,34,元大-新盛,2024-08-02,9869
1608,華榮,42,9,33,元大-新盛,2024-08-02,9869
2344,華邦電,43,11,32,元大-新盛,2024-08-02,9869
3037,欣興,43,11,32,元大-新盛,2024-08-02,9869
1301,台塑,31,0,31,元大-新盛,2024-08-02,9869
00946,群益科技高息成長,31,0,31,元大-新盛,2024-08-02,9869
2408,南亞科,37,8,29,元大-新盛,2024-08-02,9869
00931B,統一美債20年,29,0,29,元大-新盛,2024-08-02,9869
00713,元大台灣高息低波,32,4,28,元大-新盛,2024-08-02,9869
9934,成霖,27,0,27,元大-新盛,2024-08-02,9869
2520,冠德,33,6,27,元大-新盛,2024-08-02,9869
2891,中信金,37,10,27,元大-新盛,2024-08-02,9869
00881,國泰台灣5G+,45,20,25,元大-新盛,2024-08-02,9869
00941,中信上游半導體,24,0,24,元大-新盛,2024-08-02,9869
00907,永豐優息存股,24,0,24,元大-新盛,2024-08-02,9869
2362,藍天,35,12,23,元大-新盛,2024-08-02,9869
00929,復華台灣科技優息,561,45,516,元大-新盛,2024-08-05,9869
00919,群益台灣精選高息,433,34,399,元大-新盛,2024-08-05,9869
00878,國泰永續高股息,336,24,312,元大-新盛,2024-08-05,9869
00795B,中信美國公債20年,231,0,231,元大-新盛,2024-08-05,9869
00946,群益科技高息成長,210,3,207,元大-新盛,2024-08-05,9869
00680L,元大美債20正2,260,102,158,元大-新盛,2024-08-05,9869
2891,中信金,150,2,148,元大-新盛,2024-08-05,9869
0056,元大高股息,288,143,145,元大-新盛,2024-08-05,9869
00687B,國泰20年美債,169,29,140,元大-新盛,2024-08-05,9869
2354,鴻準,105,1,104,元大-新盛,2024-08-05,9869
2352,佳世達,118,16,102,元大-新盛,2024-08-05,9869
4526,東台,101,0,101,元大-新盛,2024-08-05,9869
00936,台新永續高息中小,136,46,90,元大-新盛,2024-08-05,9869
4306,炎洲,84,1,83,元大-新盛,2024-08-05,9869
2359,所羅門,102,21,81,元大-新盛,2024-08-05,9869
2409,友達,78,2,76,元大-新盛,2024-08-05,9869
3481,群創,117,46,71,元大-新盛,2024-08-05,9869
00892,富邦台灣半導體,102,35,67,元大-新盛,2024-08-05,9869
006208,富邦台50,71,6,65,元大-新盛,2024-08-05,9869
2323,中環,64,2,62,元大-新盛,2024-08-05,9869
2301,光寶科,61,5,56,元大-新盛,2024-08-05,9869
2883B,凱基金乙特,56,0,56,元大-新盛,2024-08-05,9869
00939,統一台灣高息動能,56,1,55,元大-新盛,2024-08-05,9869
00905,FT臺灣Smart,54,1,53,元大-新盛,2024-08-05,9869
2002,中鋼,88,36,52,元大-新盛,2024-08-05,9869
00900,富邦特選高股息30,50,0,50,元大-新盛,2024-08-05,9869
2530,華建,50,0,50,元大-新盛,2024-08-05,9869
2405,輔信,51,2,49,元大-新盛,2024-08-05,9869
00713,元大台灣高息低波,47,4,43,元大-新盛,2024-08-05,9869
00881,國泰台灣5G+,62,20,42,元大-新盛,2024-08-05,9869
2881,富邦金,47,6,41,元大-新盛,2024-08-05,9869
00679B,元大美債20年,132,91,41,元大-新盛,2024-08-05,9869
2408,南亞科,54,13,41,元大-新盛,2024-08-05,9869
0050,元大台灣50,79,39,40,元大-新盛,2024-08-05,9869
6770,力積電,80,43,37,元大-新盛,2024-08-05,9869
2515,中工,38,3,35,元大-新盛,2024-08-05,9869
00688L,國泰20年美債正2,47,14,33,元大-新盛,2024-08-05,9869
00876,元大全球5G,36,4,32,元大-新盛,2024-08-05,9869
00918,大華優利高填息30,39,8,31,元大-新盛,2024-08-05,9869
00830,國泰費城半導體,59,29,30,元大-新盛,2024-08-05,9869
1802,台玻,31,2,29,元大-新盛,2024-08-05,9869
5469,瀚宇博,30,1,29,元大-新盛,2024-08-05,9869
00941,中信上游半導體,30,2,28,元大-新盛,2024-08-05,9869
00891,中信關鍵半導體,36,9,27,元大-新盛,2024-08-05,9869
3663,鑫科,41,14,27,元大-新盛,2024-08-05,9869
2610,華航,73,46,27,元大-新盛,2024-08-05,9869
1305,華夏,25,0,25,元大-新盛,2024-08-05,9869
8924,大田,24,0,24,元大-新盛,2024-08-05,9869
00951,台新日本半導體,28,4,24,元大-新盛,2024-08-05,9869
00934,中信成長高股息,71,48,23,元大-新盛,2024-08-05,9869
00940,元大台灣價值高息,804,344,460,元大-新盛,2024-08-06,9869
00632R,元大台灣50反1,449,59,390,元大-新盛,2024-08-06,9869
00795B,中信美國公債20年,316,3,313,元大-新盛,2024-08-06,9869
00929,復華台灣科技優息,391,111,280,元大-新盛,2024-08-06,9869
00637L,元大滬深300正2,114,3,111,元大-新盛,2024-08-06,9869
2530,華建,108,0,108,元大-新盛,2024-08-06,9869
00712,復華富時不動產,123,19,104,元大-新盛,2024-08-06,9869
0056,元大高股息,151,62,89,元大-新盛,2024-08-06,9869
4306,炎洲,83,6,77,元大-新盛,2024-08-06,9869
2356,英業達,83,7,76,元大-新盛,2024-08-06,9869
1540,喬福,221,157,64,元大-新盛,2024-08-06,9869
3703,欣陸,62,0,62,元大-新盛,2024-08-06,9869
1808,潤隆,60,0,60,元大-新盛,2024-08-06,9869
00936,台新永續高息中小,80,21,59,元大-新盛,2024-08-06,9869
0050,元大台灣50,139,83,56,元大-新盛,2024-08-06,9869
2027,大成鋼,53,0,53,元大-新盛,2024-08-06,9869
00937B,群益ESG投等債20,96,52,44,元大-新盛,2024-08-06,9869
00671R,富邦NASDAQ反1,40,0,40,元大-新盛,2024-08-06,9869
9105,泰金寶-DR,144,106,38,元大-新盛,2024-08-06,9869
00679B,元大美債20年,127,89,38,元大-新盛,2024-08-06,9869
3481,群創,66,29,37,元大-新盛,2024-08-06,9869
00946,群益科技高息成長,34,0,34,元大-新盛,2024-08-06,9869
6443,元晶,50,17,33,元大-新盛,2024-08-06,9869
5469,瀚宇博,31,0,31,元大-新盛,2024-08-06,9869
2542,興富發,37,6,31,元大-新盛,2024-08-06,9869
6414,樺漢,30,0,30,元大-新盛,2024-08-06,9869
00905,FT臺灣Smart,30,0,30,元大-新盛,2024-08-06,9869
00942B,台新美A公司債20+,30,0,30,元大-新盛,2024-08-06,9869
2855,統一證,30,0,30,元大-新盛,2024-08-06,9869
5880,合庫金,34,5,29,元大-新盛,2024-08-06,9869
2603,長榮,35,7,28,元大-新盛,2024-08-06,9869
6116,彩晶,30,2,28,元大-新盛,2024-08-06,9869
3037,欣興,37,9,28,元大-新盛,2024-08-06,9869
2887,台新金,35,7,28,元大-新盛,2024-08-06,9869
2388,威盛,33,6,27,元大-新盛,2024-08-06,9869
4906,正文,32,5,27,元大-新盛,2024-08-06,9869
3048,益登,27,1,26,元大-新盛,2024-08-06,9869
2329,華泰,28,6,22,元大-新盛,2024-08-06,9869
1316,上曜,21,0,21,元大-新盛,2024-08-06,9869
2614,東森,20,0,20,元大-新盛,2024-08-06,9869
2461,光群雷,20,0,20,元大-新盛,2024-08-06,9869
3189,景碩,33,16,17,元大-新盛,2024-08-06,9869
3376,新日興,18,1,17,元大-新盛,2024-08-06,9869
6182,合晶,17,0,17,元大-新盛,2024-08-06,9869
2834,臺企銀,22,6,16,元大-新盛,2024-08-06,9869
2489,瑞軒,25,9,16,元大-新盛,2024-08-06,9869
6869,雲豹能源,23,7,16,元大-新盛,2024-08-06,9869
1301,台塑,16,0,16,元大-新盛,2024-08-06,9869
6754,匯僑設計,16,0,16,元大-新盛,2024-08-06,9869
5498,凱崴,20,4,16,元大-新盛,2024-08-06,9869
00632R,元大台灣50反1,805,90,715,元大-新盛,2024-08-07,9869
2344,華邦電,162,8,154,元大-新盛,2024-08-07,9869
00878,國泰永續高股息,245,93,152,元大-新盛,2024-08-07,9869
3036,文曄,113,0,113,元大-新盛,2024-08-07,9869
2530,華建,125,18,107,元大-新盛,2024-08-07,9869
2542,興富發,129,23,106,元大-新盛,2024-08-07,9869
2101,南港,101,2,99,元大-新盛,2024-08-07,9869
2603,長榮,100,2,98,元大-新盛,2024-08-07,9869
3037,欣興,109,16,93,元大-新盛,2024-08-07,9869
00642U,期元大S＆P石油,85,0,85,元大-新盛,2024-08-07,9869
00929,復華台灣科技優息,124,43,81,元大-新盛,2024-08-07,9869
3663,鑫科,81,3,78,元大-新盛,2024-08-07,9869
2885,元大金,104,34,70,元大-新盛,2024-08-07,9869
00941,中信上游半導體,56,0,56,元大-新盛,2024-08-07,9869
00937B,群益ESG投等債20,61,12,49,元大-新盛,2024-08-07,9869
00900,富邦特選高股息30,53,4,49,元大-新盛,2024-08-07,9869
2812,台中銀,47,2,45,元大-新盛,2024-08-07,9869
00919,群益台灣精選高息,55,13,42,元大-新盛,2024-08-07,9869
5469,瀚宇博,41,0,41,元大-新盛,2024-08-07,9869
9945,潤泰新,47,7,40,元大-新盛,2024-08-07,9869
1102,亞泥,41,1,40,元大-新盛,2024-08-07,9869
2834,臺企銀,39,0,39,元大-新盛,2024-08-07,9869
2317,鴻海,133,100,33,元大-新盛,2024-08-07,9869
1529,樂事綠能,30,1,29,元大-新盛,2024-08-07,9869
6213,聯茂,31,5,26,元大-新盛,2024-08-07,9869
2888,新光金,42,19,23,元大-新盛,2024-08-07,9869
00934,中信成長高股息,24,2,22,元大-新盛,2024-08-07,9869
2527,宏璟,21,0,21,元大-新盛,2024-08-07,9869
3481,群創,52,32,20,元大-新盛,2024-08-07,9869
00715L,期街口布蘭特正2,20,0,20,元大-新盛,2024-08-07,9869
3276,宇環,20,0,20,元大-新盛,2024-08-07,9869
2461,光群雷,20,1,19,元大-新盛,2024-08-07,9869
6265,方土昶,18,0,18,元大-新盛,2024-08-07,9869
2615,萬海,35,19,16,元大-新盛,2024-08-07,9869
2408,南亞科,37,21,16,元大-新盛,2024-08-07,9869
0050,元大台灣50,79,64,15,元大-新盛,2024-08-07,9869
2887,台新金,15,0,15,元大-新盛,2024-08-07,9869
3028,增你強,15,0,15,元大-新盛,2024-08-07,9869
1312,國喬,15,0,15,元大-新盛,2024-08-07,9869
00948B,中信優息投資級債,15,0,15,元大-新盛,2024-08-07,9869
5347,世界,17,3,14,元大-新盛,2024-08-07,9869
00946,群益科技高息成長,33,19,14,元大-新盛,2024-08-07,9869
6112,邁達特,15,1,14,元大-新盛,2024-08-07,9869
3576,聯合再生,14,0,14,元大-新盛,2024-08-07,9869
3013,晟銘電,33,20,13,元大-新盛,2024-08-07,9869
5871,中租-KY,13,1,12,元大-新盛,2024-08-07,9869
2609,陽明,63,52,11,元大-新盛,2024-08-07,9869
3711,日月光投控,11,0,11,元大-新盛,2024-08-07,9869
2371,大同,20,9,11,元大-新盛,2024-08-07,9869
2027,大成鋼,11,0,11,元大-新盛,2024-08-07,9869
00937B,群益ESG投等債20,119,1,118,元大-新盛,2024-08-08,9869
00936,台新永續高息中小,114,1,113,元大-新盛,2024-08-08,9869
00753L,中信中國50正2,100,0,100,元大-新盛,2024-08-08,9869
00878,國泰永續高股息,114,20,94,元大-新盛,2024-08-08,9869
2886,兆豐金,94,0,94,元大-新盛,2024-08-08,9869
2486,一詮,92,16,76,元大-新盛,2024-08-08,9869
2317,鴻海,105,40,65,元大-新盛,2024-08-08,9869
3036,文曄,68,7,61,元大-新盛,2024-08-08,9869
00919,群益台灣精選高息,62,4,58,元大-新盛,2024-08-08,9869
5481,新華,51,0,51,元大-新盛,2024-08-08,9869
2883B,凱基金乙特,50,0,50,元大-新盛,2024-08-08,9869
00929,復華台灣科技優息,111,61,50,元大-新盛,2024-08-08,9869
00679B,元大美債20年,59,14,45,元大-新盛,2024-08-08,9869
2530,華建,44,2,42,元大-新盛,2024-08-08,9869
2609,陽明,53,17,36,元大-新盛,2024-08-08,9869
2615,萬海,56,21,35,元大-新盛,2024-08-08,9869
6449,鈺邦,40,8,32,元大-新盛,2024-08-08,9869
2855,統一證,31,0,31,元大-新盛,2024-08-08,9869
5469,瀚宇博,30,0,30,元大-新盛,2024-08-08,9869
2888,新光金,48,22,26,元大-新盛,2024-08-08,9869
4555,氣立,25,0,25,元大-新盛,2024-08-08,9869
00795B,中信美國公債20年,24,0,24,元大-新盛,2024-08-08,9869
2834,臺企銀,51,27,24,元大-新盛,2024-08-08,9869
6770,力積電,23,1,22,元大-新盛,2024-08-08,9869
00637L,元大滬深300正2,103,81,22,元大-新盛,2024-08-08,9869
00751B,元大AAA至A公司債,21,0,21,元大-新盛,2024-08-08,9869
2303,聯電,29,9,20,元大-新盛,2024-08-08,9869
9958,世紀鋼,20,0,20,元大-新盛,2024-08-08,9869
2641,正德,20,0,20,元大-新盛,2024-08-08,9869
2442,新美齊,20,0,20,元大-新盛,2024-08-08,9869
1301,台塑,22,2,20,元大-新盛,2024-08-08,9869
0050,元大台灣50,38,19,19,元大-新盛,2024-08-08,9869
2881,富邦金,20,3,17,元大-新盛,2024-08-08,9869
2344,華邦電,33,16,17,元大-新盛,2024-08-08,9869
2880,華南金,16,0,16,元大-新盛,2024-08-08,9869
00688L,國泰20年美債正2,61,45,16,元大-新盛,2024-08-08,9869
2330,台積電,40,24,16,元大-新盛,2024-08-08,9869
00881,國泰台灣5G+,18,3,15,元大-新盛,2024-08-08,9869
4564,元翎,21,6,15,元大-新盛,2024-08-08,9869
3691,碩禾,15,0,15,元大-新盛,2024-08-08,9869
6603,富強鑫,19,4,15,元大-新盛,2024-08-08,9869
1446,宏和,14,0,14,元大-新盛,2024-08-08,9869
3481,群創,44,30,14,元大-新盛,2024-08-08,9869
1905,華紙,14,0,14,元大-新盛,2024-08-08,9869
2329,華泰,18,4,14,元大-新盛,2024-08-08,9869
1326,台化,13,0,13,元大-新盛,2024-08-08,9869
2408,南亞科,23,10,13,元大-新盛,2024-08-08,9869
00713,元大台灣高息低波,14,1,13,元大-新盛,2024-08-08,9869
6869,雲豹能源,56,43,13,元大-新盛,2024-08-08,9869
2002,中鋼,21,9,12,元大-新盛,2024-08-08,9869
00937B,群益ESG投等債20,337,2,335,元大-新盛,2024-08-09,9869
00900,富邦特選高股息30,291,0,291,元大-新盛,2024-08-09,9869
00632R,元大台灣50反1,350,176,174,元大-新盛,2024-08-09,9869
00679B,元大美債20年,146,20,126,元大-新盛,2024-08-09,9869
00637L,元大滬深300正2,100,4,96,元大-新盛,2024-08-09,9869
00919,群益台灣精選高息,106,12,94,元大-新盛,2024-08-09,9869
5469,瀚宇博,85,1,84,元大-新盛,2024-08-09,9869
00688L,國泰20年美債正2,102,20,82,元大-新盛,2024-08-09,9869
00878,國泰永續高股息,153,72,81,元大-新盛,2024-08-09,9869
00948B,中信優息投資級債,80,0,80,元大-新盛,2024-08-09,9869
2486,一詮,98,18,80,元大-新盛,2024-08-09,9869
2349,錸德,109,51,58,元大-新盛,2024-08-09,9869
2353,宏��,50,1,49,元大-新盛,2024-08-09,9869
00795B,中信美國公債20年,42,4,38,元大-新盛,2024-08-09,9869
00680L,元大美債20正2,37,2,35,元大-新盛,2024-08-09,9869
00687B,國泰20年美債,44,12,32,元大-新盛,2024-08-09,9869
00751B,元大AAA至A公司債,28,0,28,元大-新盛,2024-08-09,9869
2888,新光金,35,7,28,元大-新盛,2024-08-09,9869
3715,定穎投控,39,12,27,元大-新盛,2024-08-09,9869
2509,全坤建,22,0,22,元大-新盛,2024-08-09,9869
1785,光洋科,26,4,22,元大-新盛,2024-08-09,9869
00934,中信成長高股息,27,6,21,元大-新盛,2024-08-09,9869
2530,華建,72,51,21,元大-新盛,2024-08-09,9869
2431,聯昌,20,0,20,元大-新盛,2024-08-09,9869
2331,精英,32,12,20,元大-新盛,2024-08-09,9869
1316,上曜,20,0,20,元大-新盛,2024-08-09,9869
3189,景碩,32,12,20,元大-新盛,2024-08-09,9869
5880,合庫金,20,1,19,元大-新盛,2024-08-09,9869
00881,國泰台灣5G+,35,16,19,元大-新盛,2024-08-09,9869
4540,全球傳動,24,5,19,元大-新盛,2024-08-09,9869
2489,瑞軒,49,30,19,元大-新盛,2024-08-09,9869
2515,中工,63,44,19,元大-新盛,2024-08-09,9869
2243,宏旭-KY,20,3,17,元大-新盛,2024-08-09,9869
00940,元大台灣價值高息,104,89,15,元大-新盛,2024-08-09,9869
3231,緯創,33,18,15,元大-新盛,2024-08-09,9869
2617,台航,15,1,14,元大-新盛,2024-08-09,9869
2542,興富發,14,0,14,元大-新盛,2024-08-09,9869
00720B,元大投資級公司債,12,0,12,元大-新盛,2024-08-09,9869
2634,漢翔,16,5,11,元大-新盛,2024-08-09,9869
4114,健喬,11,0,11,元大-新盛,2024-08-09,9869
00712,復華富時不動產,11,0,11,元大-新盛,2024-08-09,9869
3374,精材,22,12,10,元大-新盛,2024-08-09,9869
2313,華通,11,1,10,元大-新盛,2024-08-09,9869
6288,聯嘉,10,0,10,元大-新盛,2024-08-09,9869
3490,單井,10,0,10,元大-新盛,2024-08-09,9869
4529,淳紳,10,0,10,元大-新盛,2024-08-09,9869
9945,潤泰新,36,27,9,元大-新盛,2024-08-09,9869
8112,至上,10,1,9,元大-新盛,2024-08-09,9869
00933B,國泰10Y+金融債,9,0,9,元大-新盛,2024-08-09,9869
2401,凌陽,10,1,9,元大-新盛,2024-08-09,9869
00632R,元大台灣50反1,2304,47,2257,元大-新盛,2024-08-12,9869
00637L,元大滬深300正2,409,4,405,元大-新盛,2024-08-12,9869
00795B,中信美國公債20年,156,1,155,元大-新盛,2024-08-12,9869
2883,凱基金,191,56,135,元大-新盛,2024-08-12,9869
2312,金寶,155,35,120,元大-新盛,2024-08-12,9869
5469,瀚宇博,109,0,109,元大-新盛,2024-08-12,9869
00878,國泰永續高股息,107,7,100,元大-新盛,2024-08-12,9869
00929,復華台灣科技優息,88,5,83,元大-新盛,2024-08-12,9869
2609,陽明,148,67,81,元大-新盛,2024-08-12,9869
2359,所羅門,83,12,71,元大-新盛,2024-08-12,9869
3711,日月光投控,61,1,60,元大-新盛,2024-08-12,9869
00679B,元大美債20年,60,2,58,元大-新盛,2024-08-12,9869
2882,國泰金,57,1,56,元大-新盛,2024-08-12,9869
2888,新光金,162,109,53,元大-新盛,2024-08-12,9869
1618,合機,51,0,51,元大-新盛,2024-08-12,9869
00687B,國泰20年美債,47,0,47,元大-新盛,2024-08-12,9869
0056,元大高股息,58,19,39,元大-新盛,2024-08-12,9869
2515,中工,33,2,31,元大-新盛,2024-08-12,9869
4306,炎洲,31,0,31,元大-新盛,2024-08-12,9869
2349,錸德,39,9,30,元大-新盛,2024-08-12,9869
2360,致茂,30,0,30,元大-新盛,2024-08-12,9869
2884,玉山金,38,9,29,元大-新盛,2024-08-12,9869
4906,正文,34,6,28,元大-新盛,2024-08-12,9869
00936,台新永續高息中小,30,2,28,元大-新盛,2024-08-12,9869
2610,華航,30,3,27,元大-新盛,2024-08-12,9869
2409,友達,33,6,27,元大-新盛,2024-08-12,9869
2427,三商電,25,0,25,元大-新盛,2024-08-12,9869
4562,穎漢,53,30,23,元大-新盛,2024-08-12,9869
00946,群益科技高息成長,24,1,23,元大-新盛,2024-08-12,9869
2317,鴻海,99,76,23,元大-新盛,2024-08-12,9869
2329,華泰,22,0,22,元大-新盛,2024-08-12,9869
9912,偉聯,20,0,20,元大-新盛,2024-08-12,9869
6265,方土昶,21,5,16,元大-新盛,2024-08-12,9869
2915,潤泰全,16,0,16,元大-新盛,2024-08-12,9869
1806,冠軍,16,0,16,元大-新盛,2024-08-12,9869
00900,富邦特選高股息30,15,0,15,元大-新盛,2024-08-12,9869
4540,全球傳動,18,3,15,元大-新盛,2024-08-12,9869
00881,國泰台灣5G+,16,2,14,元大-新盛,2024-08-12,9869
00882,中信中國高股息,14,0,14,元大-新盛,2024-08-12,9869
6770,力積電,15,2,13,元大-新盛,2024-08-12,9869
6215,和椿,21,8,13,元大-新盛,2024-08-12,9869
1597,直得,20,7,13,元大-新盛,2024-08-12,9869
5309,系統電,16,3,13,元大-新盛,2024-08-12,9869
8011,台通,14,2,12,元大-新盛,2024-08-12,9869
2801,彰銀,12,0,12,元大-新盛,2024-08-12,9869
00934,中信成長高股息,18,7,11,元大-新盛,2024-08-12,9869
2885,元大金,11,0,11,元大-新盛,2024-08-12,9869
00915,凱基優選高股息30,10,0,10,元大-新盛,2024-08-12,9869
00713,元大台灣高息低波,10,0,10,元大-新盛,2024-08-12,9869
1321,大洋,10,0,10,元大-新盛,2024-08-12,9869
00632R,元大台灣50反1,782,1,781,元大-新盛,2024-08-13,9869
00679B,元大美債20年,605,2,603,元大-新盛,2024-08-13,9869
00795B,中信美國公債20年,140,0,140,元大-新盛,2024-08-13,9869
0056,元大高股息,131,19,112,元大-新盛,2024-08-13,9869
00637L,元大滬深300正2,111,0,111,元大-新盛,2024-08-13,9869
2609,陽明,229,122,107,元大-新盛,2024-08-13,9869
00937B,群益ESG投等債20,101,0,101,元大-新盛,2024-08-13,9869
2888,新光金,126,25,101,元大-新盛,2024-08-13,9869
00929,復華台灣科技優息,83,20,63,元大-新盛,2024-08-13,9869
00751B,元大AAA至A公司債,62,0,62,元大-新盛,2024-08-13,9869
2880,華南金,61,0,61,元大-新盛,2024-08-13,9869
3663,鑫科,131,72,59,元大-新盛,2024-08-13,9869
00687B,國泰20年美債,59,0,59,元大-新盛,2024-08-13,9869
2543,皇昌,93,35,58,元大-新盛,2024-08-13,9869
2883B,凱基金乙特,55,9,46,元大-新盛,2024-08-13,9869
2889,國票金,45,0,45,元大-新盛,2024-08-13,9869
2331,精英,42,0,42,元大-新盛,2024-08-13,9869
00680L,元大美債20正2,92,50,42,元大-新盛,2024-08-13,9869
4306,炎洲,52,10,42,元大-新盛,2024-08-13,9869
2355,敬鵬,41,0,41,元大-新盛,2024-08-13,9869
00940,元大台灣價值高息,74,35,39,元大-新盛,2024-08-13,9869
1301,台塑,36,1,35,元大-新盛,2024-08-13,9869
00932,兆豐永續高息等權,34,0,34,元大-新盛,2024-08-13,9869
3013,晟銘電,85,54,31,元大-新盛,2024-08-13,9869
0050,元大台灣50,47,16,31,元大-新盛,2024-08-13,9869
00878,國泰永續高股息,89,61,28,元大-新盛,2024-08-13,9869
00948B,中信優息投資級債,26,0,26,元大-新盛,2024-08-13,9869
2891,中信金,26,1,25,元大-新盛,2024-08-13,9869
2885,元大金,26,1,25,元大-新盛,2024-08-13,9869
2615,萬海,50,25,25,元大-新盛,2024-08-13,9869
3706,神達,32,10,22,元大-新盛,2024-08-13,9869
00934,中信成長高股息,22,0,22,元大-新盛,2024-08-13,9869
2886,兆豐金,25,4,21,元大-新盛,2024-08-13,9869
8477,創業家,20,0,20,元大-新盛,2024-08-13,9869
00881,國泰台灣5G+,24,5,19,元大-新盛,2024-08-13,9869
2890,永豐金,20,2,18,元大-新盛,2024-08-13,9869
2365,昆盈,63,45,18,元大-新盛,2024-08-13,9869
3019,亞光,38,20,18,元大-新盛,2024-08-13,9869
2520,冠德,22,4,18,元大-新盛,2024-08-13,9869
2618,長榮航,30,13,17,元大-新盛,2024-08-13,9869
2356,英業達,19,4,15,元大-新盛,2024-08-13,9869
00945B,凱基美國非投等債,15,0,15,元大-新盛,2024-08-13,9869
6269,台郡,15,0,15,元大-新盛,2024-08-13,9869
1513,中興電,19,5,14,元大-新盛,2024-08-13,9869
00882,中信中國高股息,20,6,14,元大-新盛,2024-08-13,9869
00936,台新永續高息中小,14,0,14,元大-新盛,2024-08-13,9869
2892,第一金,13,0,13,元大-新盛,2024-08-13,9869
3037,欣興,13,0,13,元大-新盛,2024-08-13,9869
00712,復華富時不動產,15,2,13,元大-新盛,2024-08-13,9869
3293,鈊象,16,3,13,元大-新盛,2024-08-13,9869
00632R,元大台灣50反1,2123,285,1838,元大-新盛,2024-08-14,9869
00679B,元大美債20年,396,4,392,元大-新盛,2024-08-14,9869
00945B,凱基美國非投等債,101,0,101,元大-新盛,2024-08-14,9869
8213,志超,100,0,100,元大-新盛,2024-08-14,9869
3481,群創,142,48,94,元大-新盛,2024-08-14,9869
00900,富邦特選高股息30,99,6,93,元大-新盛,2024-08-14,9869
00929,復華台灣科技優息,121,41,80,元大-新盛,2024-08-14,9869
00942B,台新美A公司債20+,71,0,71,元大-新盛,2024-08-14,9869
00795B,中信美國公債20年,70,0,70,元大-新盛,2024-08-14,9869
00881,國泰台灣5G+,71,3,68,元大-新盛,2024-08-14,9869
00637L,元大滬深300正2,70,10,60,元大-新盛,2024-08-14,9869
00934,中信成長高股息,59,1,58,元大-新盛,2024-08-14,9869
5469,瀚宇博,52,2,50,元大-新盛,2024-08-14,9869
00878,國泰永續高股息,51,9,42,元大-新盛,2024-08-14,9869
0056,元大高股息,54,15,39,元大-新盛,2024-08-14,9869
3048,益登,46,9,37,元大-新盛,2024-08-14,9869
2356,英業達,47,11,36,元大-新盛,2024-08-14,9869
00687B,國泰20年美債,43,11,32,元大-新盛,2024-08-14,9869
2615,萬海,62,30,32,元大-新盛,2024-08-14,9869
2419,仲琦,29,0,29,元大-新盛,2024-08-14,9869
2317,鴻海,57,30,27,元大-新盛,2024-08-14,9869
00923,群益台ESG低碳50,27,0,27,元大-新盛,2024-08-14,9869
2890,永豐金,30,7,23,元大-新盛,2024-08-14,9869
2392,正崴,23,3,20,元大-新盛,2024-08-14,9869
00720B,元大投資級公司債,30,10,20,元大-新盛,2024-08-14,9869
4533,協易機,30,10,20,元大-新盛,2024-08-14,9869
4414,如興,20,0,20,元大-新盛,2024-08-14,9869
8477,創業家,20,0,20,元大-新盛,2024-08-14,9869
00948B,中信優息投資級債,20,0,20,元大-新盛,2024-08-14,9869
3230,錦明,19,0,19,元大-新盛,2024-08-14,9869
2363,矽統,25,6,19,元大-新盛,2024-08-14,9869
2362,藍天,23,4,19,元大-新盛,2024-08-14,9869
2324,仁寶,25,6,19,元大-新盛,2024-08-14,9869
5521,工信,17,0,17,元大-新盛,2024-08-14,9869
8028,昇陽半導體,26,10,16,元大-新盛,2024-08-14,9869
00936,台新永續高息中小,16,0,16,元大-新盛,2024-08-14,9869
5880,合庫金,18,3,15,元大-新盛,2024-08-14,9869
4714,永捷,22,8,14,元大-新盛,2024-08-14,9869
4562,穎漢,36,24,12,元大-新盛,2024-08-14,9869
00947,台新臺灣IC設計,12,0,12,元大-新盛,2024-08-14,9869
3078,僑威,13,1,12,元大-新盛,2024-08-14,9869
8071,能率網通,14,2,12,元大-新盛,2024-08-14,9869
8104,錸寶,12,0,12,元大-新盛,2024-08-14,9869
4513,福裕,45,34,11,元大-新盛,2024-08-14,9869
1532,勤美,12,1,11,元大-新盛,2024-08-14,9869
2402,毅嘉,29,18,11,元大-新盛,2024-08-14,9869
00904,新光臺灣半導體30,10,0,10,元大-新盛,2024-08-14,9869
4930,燦星網,10,0,10,元大-新盛,2024-08-14,9869
6133,金橋,10,0,10,元大-新盛,2024-08-14,9869
911868,同方友友-DR,10,0,10,元大-新盛,2024-08-14,9869
00878,國泰永續高股息,891,76,815,元大-新盛,2024-08-15,9869
00632R,元大台灣50反1,431,20,411,元大-新盛,2024-08-15,9869
00687B,國泰20年美債,291,6,285,元大-新盛,2024-08-15,9869
1785,光洋科,355,138,217,元大-新盛,2024-08-15,9869
00680L,元大美債20正2,152,5,147,元大-新盛,2024-08-15,9869
00881,國泰台灣5G+,130,0,130,元大-新盛,2024-08-15,9869
2355,敬鵬,121,0,121,元大-新盛,2024-08-15,9869
00945B,凱基美國非投等債,101,0,101,元大-新盛,2024-08-15,9869
9105,泰金寶-DR,113,24,89,元大-新盛,2024-08-15,9869
00679B,元大美債20年,83,4,79,元大-新盛,2024-08-15,9869
00948B,中信優息投資級債,79,0,79,元大-新盛,2024-08-15,9869
2367,燿華,78,4,74,元大-新盛,2024-08-15,9869
00936,台新永續高息中小,107,41,66,元大-新盛,2024-08-15,9869
00900,富邦特選高股息30,54,0,54,元大-新盛,2024-08-15,9869
4906,正文,52,0,52,元大-新盛,2024-08-15,9869
2530,華建,51,0,51,元大-新盛,2024-08-15,9869
00688L,國泰20年美債正2,50,0,50,元大-新盛,2024-08-15,9869
1609,大亞,54,6,48,元大-新盛,2024-08-15,9869
8070,長華*,42,0,42,元大-新盛,2024-08-15,9869
2506,太設,40,0,40,元大-新盛,2024-08-15,9869
1301,台塑,36,2,34,元大-新盛,2024-08-15,9869
2883,凱基金,31,1,30,元大-新盛,2024-08-15,9869
00931B,統一美債20年,27,0,27,元大-新盛,2024-08-15,9869
8011,台通,27,2,25,元大-新盛,2024-08-15,9869
2349,錸德,26,4,22,元大-新盛,2024-08-15,9869
00795B,中信美國公債20年,22,0,22,元大-新盛,2024-08-15,9869
00919,群益台灣精選高息,35,13,22,元大-新盛,2024-08-15,9869
00927,群益半導體收益,21,0,21,元大-新盛,2024-08-15,9869
6134,萬旭,21,0,21,元大-新盛,2024-08-15,9869
00641R,富邦日本反1,20,0,20,元大-新盛,2024-08-15,9869
2419,仲琦,21,1,20,元大-新盛,2024-08-15,9869
1314,中石化,20,1,19,元大-新盛,2024-08-15,9869
00923,群益台ESG低碳50,17,0,17,元大-新盛,2024-08-15,9869
2002,中鋼,18,2,16,元大-新盛,2024-08-15,9869
1303,南亞,21,6,15,元大-新盛,2024-08-15,9869
2915,潤泰全,13,0,13,元大-新盛,2024-08-15,9869
5371,中光電,18,5,13,元大-新盛,2024-08-15,9869
4714,永捷,12,0,12,元大-新盛,2024-08-15,9869
2301,光寶科,14,2,12,元大-新盛,2024-08-15,9869
2886,兆豐金,18,7,11,元大-新盛,2024-08-15,9869
5871,中租-KY,12,1,11,元大-新盛,2024-08-15,9869
2543,皇昌,41,30,11,元大-新盛,2024-08-15,9869
6125,廣運,11,0,11,元大-新盛,2024-08-15,9869
2324,仁寶,11,0,11,元大-新盛,2024-08-15,9869
2801,彰銀,11,0,11,元大-新盛,2024-08-15,9869
3056,富華新,10,0,10,元大-新盛,2024-08-15,9869
911868,同方友友-DR,10,0,10,元大-新盛,2024-08-15,9869
5529,鉅陞,10,0,10,元大-新盛,2024-08-15,9869
1806,冠軍,10,0,10,元大-新盛,2024-08-15,9869
1409,新纖,10,0,10,元大-新盛,2024-08-15,9869
00687B,國泰20年美債,399,0,399,元大-新盛,2024-08-16,9869
1785,光洋科,380,59,321,元大-新盛,2024-08-16,9869
00680L,元大美債20正2,281,21,260,元大-新盛,2024-08-16,9869
00679B,元大美債20年,187,14,173,元大-新盛,2024-08-16,9869
2888,新光金,151,14,137,元大-新盛,2024-08-16,9869
2337,旺宏,111,0,111,元大-新盛,2024-08-16,9869
5443,均豪,224,148,76,元大-新盛,2024-08-16,9869
00948B,中信優息投資級債,60,0,60,元大-新盛,2024-08-16,9869
00937B,群益ESG投等債20,112,61,51,元大-新盛,2024-08-16,9869
00932,兆豐永續高息等權,51,0,51,元大-新盛,2024-08-16,9869
5469,瀚宇博,50,0,50,元大-新盛,2024-08-16,9869
2355,敬鵬,51,2,49,元大-新盛,2024-08-16,9869
00929,復華台灣科技優息,83,37,46,元大-新盛,2024-08-16,9869
8096,擎亞,159,114,45,元大-新盛,2024-08-16,9869
00795B,中信美國公債20年,43,3,40,元大-新盛,2024-08-16,9869
3289,宜特,40,6,34,元大-新盛,2024-08-16,9869
2312,金寶,45,14,31,元大-新盛,2024-08-16,9869
2542,興富發,44,17,27,元大-新盛,2024-08-16,9869
0056,元大高股息,40,12,28,元大-新盛,2024-08-16,9869
2489,瑞軒,40,13,27,元大-新盛,2024-08-16,9869
2905,三商,25,0,25,元大-新盛,2024-08-16,9869
4561,健椿,26,2,24,元大-新盛,2024-08-16,9869
911868,同方友友-DR,23,0,23,元大-新盛,2024-08-16,9869
4533,協易機,20,0,20,元大-新盛,2024-08-16,9869
6016,康和證,20,0,20,元大-新盛,2024-08-16,9869
8477,創業家,20,0,20,元大-新盛,2024-08-16,9869
6603,富強鑫,19,0,19,元大-新盛,2024-08-16,9869
2845,遠東銀,20,2,18,元大-新盛,2024-08-16,9869
2323,中環,20,3,17,元大-新盛,2024-08-16,9869
2890,永豐金,20,4,16,元大-新盛,2024-08-16,9869
00731,復華富時高息低波,16,0,16,元大-新盛,2024-08-16,9869
6509,聚和,16,0,16,元大-新盛,2024-08-16,9869
4549,桓達,17,2,15,元大-新盛,2024-08-16,9869
00706L,期元大S＆P日圓正2,15,0,15,元大-新盛,2024-08-16,9869
00891,中信關鍵半導體,15,0,15,元大-新盛,2024-08-16,9869
2605,新興,15,0,15,元大-新盛,2024-08-16,9869
00934,中信成長高股息,15,2,13,元大-新盛,2024-08-16,9869
9105,泰金寶-DR,17,5,12,元大-新盛,2024-08-16,9869
1536,和大,56,44,12,元大-新盛,2024-08-16,9869
2540,愛山林,12,0,12,元大-新盛,2024-08-16,9869
8374,羅昇,30,18,12,元大-新盛,2024-08-16,9869
2356,英業達,24,13,11,元大-新盛,2024-08-16,9869
6257,矽格,13,2,11,元大-新盛,2024-08-16,9869
2528,皇普,10,0,10,元大-新盛,2024-08-16,9869
6190,萬泰科,10,0,10,元大-新盛,2024-08-16,9869
00712,復華富時不動產,13,3,10,元大-新盛,2024-08-16,9869
00664R,國泰臺灣加權反1,10,0,10,元大-新盛,2024-08-16,9869
5011,久陽,10,0,10,元大-新盛,2024-08-16,9869
5309,系統電,22,12,10,元大-新盛,2024-08-16,9869
2401,凌陽,13,4,9,元大-新盛,2024-08-16,9869
00940,元大台灣價值高息,237,24,213,元大-新盛,2024-08-19,9869
00687B,國泰20年美債,169,3,166,元大-新盛,2024-08-19,9869
00680L,元大美債20正2,156,4,152,元大-新盛,2024-08-19,9869
00679B,元大美債20年,111,5,106,元大-新盛,2024-08-19,9869
00941,中信上游半導體,103,0,103,元大-新盛,2024-08-19,9869
00929,復華台灣科技優息,79,18,61,元大-新盛,2024-08-19,9869
3047,訊舟,86,34,52,元大-新盛,2024-08-19,9869
2542,興富發,51,1,50,元大-新盛,2024-08-19,9869
00945B,凱基美國非投等債,50,0,50,元大-新盛,2024-08-19,9869
3491,昇達科,51,5,46,元大-新盛,2024-08-19,9869
2609,陽明,63,23,40,元大-新盛,2024-08-19,9869
8933,愛地雅,38,0,38,元大-新盛,2024-08-19,9869
2834,臺企銀,40,2,38,元大-新盛,2024-08-19,9869
00937B,群益ESG投等債20,63,27,36,元大-新盛,2024-08-19,9869
00933B,國泰10Y+金融債,35,0,35,元大-新盛,2024-08-19,9869
8028,昇陽半導體,68,35,33,元大-新盛,2024-08-19,9869
9902,台火,32,1,31,元大-新盛,2024-08-19,9869
00688L,國泰20年美債正2,29,0,29,元大-新盛,2024-08-19,9869
2002,中鋼,28,0,28,元大-新盛,2024-08-19,9869
2392,正崴,26,0,26,元大-新盛,2024-08-19,9869
3037,欣興,27,2,25,元大-新盛,2024-08-19,9869
8096,擎亞,72,47,25,元大-新盛,2024-08-19,9869
1785,光洋科,25,1,24,元大-新盛,2024-08-19,9869
0056,元大高股息,52,29,23,元大-新盛,2024-08-19,9869
2881,富邦金,26,2,24,元大-新盛,2024-08-19,9869
6838,台新藥,23,0,23,元大-新盛,2024-08-19,9869
00632R,元大台灣50反1,51,29,22,元大-新盛,2024-08-19,9869
9105,泰金寶-DR,24,2,22,元大-新盛,2024-08-19,9869
2453,凌群,20,0,20,元大-新盛,2024-08-19,9869
6265,方土昶,20,0,20,元大-新盛,2024-08-19,9869
9958,世紀鋼,21,1,20,元大-新盛,2024-08-19,9869
4526,東台,23,4,19,元大-新盛,2024-08-19,9869
2534,宏盛,18,0,18,元大-新盛,2024-08-19,9869
8446,華研,18,0,18,元大-新盛,2024-08-19,9869
00715L,期街口布蘭特正2,20,2,18,元大-新盛,2024-08-19,9869
5452,佶優,83,65,18,元大-新盛,2024-08-19,9869
3356,奇偶,18,1,17,元大-新盛,2024-08-19,9869
6156,松上,20,4,16,元大-新盛,2024-08-19,9869
6294,智基,15,0,15,元大-新盛,2024-08-19,9869
00795B,中信美國公債20年,14,0,14,元大-新盛,2024-08-19,9869
6509,聚和,14,0,14,元大-新盛,2024-08-19,9869
1609,大亞,18,5,13,元大-新盛,2024-08-19,9869
1447,力鵬,13,0,13,元大-新盛,2024-08-19,9869
2615,萬海,20,7,13,元大-新盛,2024-08-19,9869
3231,緯創,17,4,13,元大-新盛,2024-08-19,9869
5871,中租-KY,13,1,12,元大-新盛,2024-08-19,9869
2883,凱基金,17,5,12,元大-新盛,2024-08-19,9869
2528,皇普,12,0,12,元大-新盛,2024-08-19,9869
2547,日勝生,12,0,12,元大-新盛,2024-08-19,9869
8210,勤誠,13,1,12,元大-新盛,2024-08-19,9869
3010,華立,300,1,299,元大-新盛,2024-08-20,9869
00687B,國泰20年美債,285,0,285,元大-新盛,2024-08-20,9869
00679B,元大美債20年,220,0,220,元大-新盛,2024-08-20,9869
00937B,群益ESG投等債20,146,15,131,元大-新盛,2024-08-20,9869
00680L,元大美債20正2,121,29,92,元大-新盛,2024-08-20,9869
00632R,元大台灣50反1,118,35,83,元大-新盛,2024-08-20,9869
00919,群益台灣精選高息,81,6,75,元大-新盛,2024-08-20,9869
2374,佳能,165,102,63,元大-新盛,2024-08-20,9869
2317,鴻海,93,33,60,元大-新盛,2024-08-20,9869
2882,國泰金,49,0,49,元大-新盛,2024-08-20,9869
00929,復華台灣科技優息,45,2,43,元大-新盛,2024-08-20,9869
2883B,凱基金乙特,44,7,37,元大-新盛,2024-08-20,9869
2542,興富發,38,3,35,元大-新盛,2024-08-20,9869
1301,台塑,39,8,31,元大-新盛,2024-08-20,9869
00696B,富邦美債20年,30,0,30,元大-新盛,2024-08-20,9869
1714,和桐,30,0,30,元大-新盛,2024-08-20,9869
2515,中工,43,15,28,元大-新盛,2024-08-20,9869
00642U,期元大S＆P石油,28,0,28,元大-新盛,2024-08-20,9869
5469,瀚宇博,29,1,28,元大-新盛,2024-08-20,9869
00715L,期街口布蘭特正2,37,12,25,元大-新盛,2024-08-20,9869
00688L,國泰20年美債正2,22,0,22,元大-新盛,2024-08-20,9869
00720B,元大投資級公司債,22,0,22,元大-新盛,2024-08-20,9869
00933B,國泰10Y+金融債,21,0,21,元大-新盛,2024-08-20,9869
3528,安馳,21,0,21,元大-新盛,2024-08-20,9869
2867,三商壽,26,6,20,元大-新盛,2024-08-20,9869
6136,富爾特,20,0,20,元大-新盛,2024-08-20,9869
8064,東捷,38,19,19,元大-新盛,2024-08-20,9869
4109,加捷生醫,23,4,19,元大-新盛,2024-08-20,9869
2880,華南金,22,3,19,元大-新盛,2024-08-20,9869
2509,全坤建,17,0,17,元大-新盛,2024-08-20,9869
3491,昇達科,17,0,17,元大-新盛,2024-08-20,9869
9958,世紀鋼,28,12,16,元大-新盛,2024-08-20,9869
9934,成霖,15,0,15,元大-新盛,2024-08-20,9869
2506,太設,15,0,15,元大-新盛,2024-08-20,9869
2356,英業達,28,13,15,元大-新盛,2024-08-20,9869
1584,精剛,25,11,14,元大-新盛,2024-08-20,9869
2891,中信金,26,12,14,元大-新盛,2024-08-20,9869
00675L,富邦臺灣加權正2,14,0,14,元大-新盛,2024-08-20,9869
2417,圓剛,25,11,14,元大-新盛,2024-08-20,9869
4908,前鼎,14,0,14,元大-新盛,2024-08-20,9869
00795B,中信美國公債20年,13,0,13,元大-新盛,2024-08-20,9869
4513,福裕,14,1,13,元大-新盛,2024-08-20,9869
2915,潤泰全,23,11,12,元大-新盛,2024-08-20,9869
00764B,群益25年美債,12,0,12,元大-新盛,2024-08-20,9869
6257,矽格,12,0,12,元大-新盛,2024-08-20,9869
5529,鉅陞,12,0,12,元大-新盛,2024-08-20,9869
00945B,凱基美國非投等債,12,0,12,元大-新盛,2024-08-20,9869
2002,中鋼,13,2,11,元大-新盛,2024-08-20,9869
2331,精英,11,0,11,元大-新盛,2024-08-20,9869
2402,毅嘉,16,5,11,元大-新盛,2024-08-20,9869
2891,中信金,259,5,254,元大-新盛,2024-08-21,9869
2312,金寶,190,21,169,元大-新盛,2024-08-21,9869
00937B,群益ESG投等債20,172,35,137,元大-新盛,2024-08-21,9869
2888,新光金,653,546,107,元大-新盛,2024-08-21,9869
2349,錸德,103,28,75,元大-新盛,2024-08-21,9869
00679B,元大美債20年,74,1,73,元大-新盛,2024-08-21,9869
5469,瀚宇博,60,0,60,元大-新盛,2024-08-21,9869
00919,群益台灣精選高息,67,10,57,元大-新盛,2024-08-21,9869
00882,中信中國高股息,43,0,43,元大-新盛,2024-08-21,9869
00953B,群益優選非投等債,38,0,38,元大-新盛,2024-08-21,9869
00687B,國泰20年美債,43,7,36,元大-新盛,2024-08-21,9869
00948B,中信優息投資級債,40,5,35,元大-新盛,2024-08-21,9869
00923,群益台ESG低碳50,35,1,34,元大-新盛,2024-08-21,9869
00688L,國泰20年美債正2,28,0,28,元大-新盛,2024-08-21,9869
9945,潤泰新,44,17,27,元大-新盛,2024-08-21,9869
2351,順德,26,0,26,元大-新盛,2024-08-21,9869
4906,正文,59,35,24,元大-新盛,2024-08-21,9869
3663,鑫科,37,15,22,元大-新盛,2024-08-21,9869
2915,潤泰全,22,0,22,元大-新盛,2024-08-21,9869
3050,鈺德,23,1,22,元大-新盛,2024-08-21,9869
00632R,元大台灣50反1,47,25,22,元大-新盛,2024-08-21,9869
00637L,元大滬深300正2,27,6,21,元大-新盛,2024-08-21,9869
5905,南仁湖,24,3,21,元大-新盛,2024-08-21,9869
2506,太設,20,0,20,元大-新盛,2024-08-21,9869
2610,華航,20,2,18,元大-新盛,2024-08-21,9869
3024,憶聲,18,0,18,元大-新盛,2024-08-21,9869
2881,富邦金,19,1,18,元大-新盛,2024-08-21,9869
911868,同方友友-DR,17,0,17,元大-新盛,2024-08-21,9869
5443,均豪,324,309,15,元大-新盛,2024-08-21,9869
3447,展達,15,0,15,元大-新盛,2024-08-21,9869
00696B,富邦美債20年,15,0,15,元大-新盛,2024-08-21,9869
2539,櫻花建,15,0,15,元大-新盛,2024-08-21,9869
3037,欣興,15,1,14,元大-新盛,2024-08-21,9869
3036,文曄,14,0,14,元大-新盛,2024-08-21,9869
00715L,期街口布蘭特正2,14,0,14,元大-新盛,2024-08-21,9869
4555,氣立,30,17,13,元大-新盛,2024-08-21,9869
6180,橘子,13,0,13,元大-新盛,2024-08-21,9869
2330,台積電,14,1,13,元大-新盛,2024-08-21,9869
5484,慧友,12,0,12,元大-新盛,2024-08-21,9869
2530,華建,22,10,12,元大-新盛,2024-08-21,9869
4561,健椿,11,0,11,元大-新盛,2024-08-21,9869
00900,富邦特選高股息30,11,0,11,元大-新盛,2024-08-21,9869
00954,中信日本半導體,11,0,11,元大-新盛,2024-08-21,9869
1609,大亞,23,12,11,元大-新盛,2024-08-21,9869
00878,國泰永續高股息,19,8,11,元大-新盛,2024-08-21,9869
00929,復華台灣科技優息,66,56,10,元大-新盛,2024-08-21,9869
00795B,中信美國公債20年,10,0,10,元大-新盛,2024-08-21,9869
2705,六福,10,0,10,元大-新盛,2024-08-21,9869
3048,益登,23,13,10,元大-新盛,2024-08-21,9869
2455,全新,11,1,10,元大-新盛,2024-08-21,9869
00665L,富邦�琤肭磪囓�2,200,0,200,元大-新盛,2024-08-22,9869
2355,敬鵬,101,0,101,元大-新盛,2024-08-22,9869
2891,中信金,100,14,86,元大-新盛,2024-08-22,9869
00940,元大台灣價值高息,130,50,80,元大-新盛,2024-08-22,9869
0056,元大高股息,73,12,61,元大-新盛,2024-08-22,9869
00936,台新永續高息中小,60,0,60,元大-新盛,2024-08-22,9869
6138,茂達,52,0,52,元大-新盛,2024-08-22,9869
2883B,凱基金乙特,50,0,50,元大-新盛,2024-08-22,9869
2530,華建,80,30,50,元大-新盛,2024-08-22,9869
3036A,文曄甲特,50,0,50,元大-新盛,2024-08-22,9869
00715L,期街口布蘭特正2,52,5,47,元大-新盛,2024-08-22,9869
6133,金橋,50,4,46,元大-新盛,2024-08-22,9869
00937B,群益ESG投等債20,60,15,45,元大-新盛,2024-08-22,9869
00919,群益台灣精選高息,51,10,41,元大-新盛,2024-08-22,9869
00795B,中信美國公債20年,36,0,36,元大-新盛,2024-08-22,9869
3013,晟銘電,61,25,36,元大-新盛,2024-08-22,9869
2890,永豐金,40,7,33,元大-新盛,2024-08-22,9869
5469,瀚宇博,37,3,34,元大-新盛,2024-08-22,9869
00680L,元大美債20正2,91,60,31,元大-新盛,2024-08-22,9869
3605,宏致,30,0,30,元大-新盛,2024-08-22,9869
00679B,元大美債20年,96,67,29,元大-新盛,2024-08-22,9869
00642U,期元大S＆P石油,29,0,29,元大-新盛,2024-08-22,9869
00929,復華台灣科技優息,34,6,28,元大-新盛,2024-08-22,9869
2324,仁寶,34,6,28,元大-新盛,2024-08-22,9869
1711,永光,50,23,27,元大-新盛,2024-08-22,9869
6215,和椿,26,0,26,元大-新盛,2024-08-22,9869
3050,鈺德,44,20,24,元大-新盛,2024-08-22,9869
2542,興富發,22,0,22,元大-新盛,2024-08-22,9869
2442,新美齊,21,0,21,元大-新盛,2024-08-22,9869
3019,亞光,46,26,20,元大-新盛,2024-08-22,9869
4729,熒茂,20,0,20,元大-新盛,2024-08-22,9869
3706,神達,19,1,18,元大-新盛,2024-08-22,9869
2881,富邦金,19,2,17,元大-新盛,2024-08-22,9869
1522,堤維西,19,2,17,元大-新盛,2024-08-22,9869
00878,國泰永續高股息,18,2,16,元大-新盛,2024-08-22,9869
00712,復華富時不動產,16,0,16,元大-新盛,2024-08-22,9869
8064,東捷,43,27,16,元大-新盛,2024-08-22,9869
00939,統一台灣高息動能,16,0,16,元大-新盛,2024-08-22,9869
00687B,國泰20年美債,18,3,15,元大-新盛,2024-08-22,9869
3047,訊舟,124,109,15,元大-新盛,2024-08-22,9869
5871,中租-KY,16,1,15,元大-新盛,2024-08-22,9869
2303,聯電,25,11,14,元大-新盛,2024-08-22,9869
1785,光洋科,15,1,14,元大-新盛,2024-08-22,9869
3059,華晶科,17,3,14,元大-新盛,2024-08-22,9869
9105,泰金寶-DR,21,7,14,元大-新盛,2024-08-22,9869
2317,鴻海,65,51,14,元大-新盛,2024-08-22,9869
8104,錸寶,17,4,13,元大-新盛,2024-08-22,9869
1503,士電,13,1,12,元大-新盛,2024-08-22,9869
9955,佳龍,17,5,12,元大-新盛,2024-08-22,9869
8374,羅昇,13,2,11,元大-新盛,2024-08-22,9869
2888,新光金,34862,609,34253,元大-新盛,2024-08-23,9869
1314,中石化,298,10,288,元大-新盛,2024-08-23,9869
00680L,元大美債20正2,162,0,162,元大-新盛,2024-08-23,9869
2547,日勝生,92,0,92,元大-新盛,2024-08-23,9869
2891,中信金,89,4,85,元大-新盛,2024-08-23,9869
2618,長榮航,68,0,68,元大-新盛,2024-08-23,9869
9105,泰金寶-DR,67,0,67,元大-新盛,2024-08-23,9869
00929,復華台灣科技優息,79,13,66,元大-新盛,2024-08-23,9869
2887,台新金,74,15,59,元大-新盛,2024-08-23,9869
00830,國泰費城半導體,57,0,57,元大-新盛,2024-08-23,9869
00679B,元大美債20年,59,13,46,元大-新盛,2024-08-23,9869
1708,東鹼,70,26,44,元大-新盛,2024-08-23,9869
00940,元大台灣價值高息,88,46,42,元大-新盛,2024-08-23,9869
6151,晉倫,44,4,40,元大-新盛,2024-08-23,9869
00688L,國泰20年美債正2,36,0,36,元大-新盛,2024-08-23,9869
00795B,中信美國公債20年,35,0,35,元大-新盛,2024-08-23,9869
1301,台塑,35,1,34,元大-新盛,2024-08-23,9869
8150,南茂,36,3,33,元大-新盛,2024-08-23,9869
00687B,國泰20年美債,58,27,31,元大-新盛,2024-08-23,9869
00715L,期街口布蘭特正2,42,13,29,元大-新盛,2024-08-23,9869
2363,矽統,26,0,26,元大-新盛,2024-08-23,9869
4303,信立,29,5,24,元大-新盛,2024-08-23,9869
00937B,群益ESG投等債20,42,20,22,元大-新盛,2024-08-23,9869
8043,蜜望實,25,5,20,元大-新盛,2024-08-23,9869
00878,國泰永續高股息,22,2,20,元大-新盛,2024-08-23,9869
2736,富野,20,0,20,元大-新盛,2024-08-23,9869
00712,復華富時不動產,20,0,20,元大-新盛,2024-08-23,9869
6770,力積電,28,9,19,元大-新盛,2024-08-23,9869
2349,錸德,154,135,19,元大-新盛,2024-08-23,9869
00720B,元大投資級公司債,18,0,18,元大-新盛,2024-08-23,9869
2890,永豐金,21,4,17,元大-新盛,2024-08-23,9869
3645,達邁,28,11,17,元大-新盛,2024-08-23,9869
3189,景碩,36,19,17,元大-新盛,2024-08-23,9869
2885,元大金,17,1,16,元大-新盛,2024-08-23,9869
00857B,永豐20年美公債,16,1,15,元大-新盛,2024-08-23,9869
2303,聯電,19,4,15,元大-新盛,2024-08-23,9869
00936,台新永續高息中小,16,1,15,元大-新盛,2024-08-23,9869
2317,鴻海,39,25,14,元大-新盛,2024-08-23,9869
4513,福裕,21,7,14,元大-新盛,2024-08-23,9869
6138,茂達,14,0,14,元大-新盛,2024-08-23,9869
2330,台積電,16,3,13,元大-新盛,2024-08-23,9869
6207,雷科,12,0,12,元大-新盛,2024-08-23,9869
2323,中環,13,1,12,元大-新盛,2024-08-23,9869
2528,皇普,13,1,12,元大-新盛,2024-08-23,9869
2539,櫻花建,14,2,12,元大-新盛,2024-08-23,9869
00751B,元大AAA至A公司債,11,0,11,元大-新盛,2024-08-23,9869
00710B,復華彭博非投等債,11,0,11,元大-新盛,2024-08-23,9869
2527,宏璟,11,0,11,元大-新盛,2024-08-23,9869
2913,農林,11,0,11,元大-新盛,2024-08-23,9869
2402,毅嘉,41,30,11,元大-新盛,2024-08-23,9869
2888,新光金,1415,502,913,元大-新盛,2024-08-26,9869
00679B,元大美債20年,210,12,198,元大-新盛,2024-08-26,9869
1314,中石化,130,7,123,元大-新盛,2024-08-26,9869
2355,敬鵬,100,1,99,元大-新盛,2024-08-26,9869
5309,系統電,87,2,85,元大-新盛,2024-08-26,9869
2891,中信金,97,15,82,元大-新盛,2024-08-26,9869
00919,群益台灣精選高息,88,8,80,元大-新盛,2024-08-26,9869
3231,緯創,85,6,79,元大-新盛,2024-08-26,9869
00637L,元大滬深300正2,79,3,76,元大-新盛,2024-08-26,9869
00937B,群益ESG投等債20,77,11,66,元大-新盛,2024-08-26,9869
2618,長榮航,66,0,66,元大-新盛,2024-08-26,9869
00795B,中信美國公債20年,58,0,58,元大-新盛,2024-08-26,9869
2344,華邦電,61,8,53,元大-新盛,2024-08-26,9869
5481,新華,51,1,50,元大-新盛,2024-08-26,9869
00924,復華S＆P500成長,50,0,50,元大-新盛,2024-08-26,9869
3663,鑫科,78,32,46,元大-新盛,2024-08-26,9869
6138,茂達,40,1,39,元大-新盛,2024-08-26,9869
1609,大亞,40,4,36,元大-新盛,2024-08-26,9869
8064,東捷,57,23,34,元大-新盛,2024-08-26,9869
2399,映泰,24,1,23,元大-新盛,2024-08-26,9869
00687B,國泰20年美債,24,1,23,元大-新盛,2024-08-26,9869
3050,鈺德,23,0,23,元大-新盛,2024-08-26,9869
2890,永豐金,21,0,21,元大-新盛,2024-08-26,9869
2351,順德,20,0,20,元大-新盛,2024-08-26,9869
5475,德宏,20,0,20,元大-新盛,2024-08-26,9869
00908,富邦入息REITs+,20,0,20,元大-新盛,2024-08-26,9869
2387,精元,21,1,20,元大-新盛,2024-08-26,9869
2542,興富發,22,3,19,元大-新盛,2024-08-26,9869
2376,技嘉,35,16,19,元大-新盛,2024-08-26,9869
2603,長榮,23,5,18,元大-新盛,2024-08-26,9869
2317,鴻海,41,23,18,元大-新盛,2024-08-26,9869
1220,台榮,17,0,17,元大-新盛,2024-08-26,9869
4714,永捷,17,0,17,元大-新盛,2024-08-26,9869
8043,蜜望實,17,1,16,元大-新盛,2024-08-26,9869
8028,昇陽半導體,53,40,13,元大-新盛,2024-08-26,9869
00948B,中信優息投資級債,13,0,13,元大-新盛,2024-08-26,9869
2486,一詮,23,11,12,元大-新盛,2024-08-26,9869
1721,三晃,18,6,12,元大-新盛,2024-08-26,9869
2409,友達,31,19,12,元大-新盛,2024-08-26,9869
8358,金居,17,5,12,元大-新盛,2024-08-26,9869
8021,尖點,27,15,12,元大-新盛,2024-08-26,9869
2449,京元電子,27,15,12,元大-新盛,2024-08-26,9869
2349,錸德,60,48,12,元大-新盛,2024-08-26,9869
8039,台虹,18,7,11,元大-新盛,2024-08-26,9869
9945,潤泰新,13,2,11,元大-新盛,2024-08-26,9869
2374,佳能,12,2,10,元大-新盛,2024-08-26,9869
5880,合庫金,10,0,10,元大-新盛,2024-08-26,9869
3362,先進光,10,0,10,元大-新盛,2024-08-26,9869
2331,精英,18,8,10,元大-新盛,2024-08-26,9869
5533,皇鼎,10,0,10,元大-新盛,2024-08-26,9869
2888,新光金,25096,505,24591,元大-新盛,2024-08-27,9869
00795B,中信美國公債20年,199,0,199,元大-新盛,2024-08-27,9869
00679B,元大美債20年,173,2,171,元大-新盛,2024-08-27,9869
2891,中信金,134,13,121,元大-新盛,2024-08-27,9869
00680L,元大美債20正2,119,0,119,元大-新盛,2024-08-27,9869
00919,群益台灣精選高息,109,6,103,元大-新盛,2024-08-27,9869
00937B,群益ESG投等債20,100,7,93,元大-新盛,2024-08-27,9869
3481,群創,135,75,60,元大-新盛,2024-08-27,9869
0056,元大高股息,81,25,56,元大-新盛,2024-08-27,9869
2883,凱基金,66,14,52,元大-新盛,2024-08-27,9869
2331,精英,51,1,50,元大-新盛,2024-08-27,9869
2867,三商壽,42,1,41,元大-新盛,2024-08-27,9869
00720B,元大投資級公司債,35,0,35,元大-新盛,2024-08-27,9869
1301,台塑,34,0,34,元大-新盛,2024-08-27,9869
00697B,元大美債7-10,34,0,34,元大-新盛,2024-08-27,9869
2615,萬海,44,11,33,元大-新盛,2024-08-27,9869
00878,國泰永續高股息,33,1,32,元大-新盛,2024-08-27,9869
1711,永光,91,61,30,元大-新盛,2024-08-27,9869
2880,華南金,29,0,29,元大-新盛,2024-08-27,9869
00948B,中信優息投資級債,28,0,28,元大-新盛,2024-08-27,9869
0050,元大台灣50,40,12,28,元大-新盛,2024-08-27,9869
00891,中信關鍵半導體,32,5,27,元大-新盛,2024-08-27,9869
3374,精材,35,12,23,元大-新盛,2024-08-27,9869
2382,廣達,38,15,23,元大-新盛,2024-08-27,9869
2344,華邦電,24,1,23,元大-新盛,2024-08-27,9869
2610,華航,22,0,22,元大-新盛,2024-08-27,9869
00927,群益半導體收益,22,2,20,元大-新盛,2024-08-27,9869
2312,金寶,23,4,19,元大-新盛,2024-08-27,9869
3149,正達,47,30,17,元大-新盛,2024-08-27,9869
00934,中信成長高股息,20,3,17,元大-新盛,2024-08-27,9869
3033,威健,16,1,15,元大-新盛,2024-08-27,9869
00687B,國泰20年美債,21,6,15,元大-新盛,2024-08-27,9869
2882,國泰金,15,1,14,元大-新盛,2024-08-27,9869
2887,台新金,15,1,14,元大-新盛,2024-08-27,9869
8076,伍豐,14,0,14,元大-新盛,2024-08-27,9869
4303,信立,16,2,14,元大-新盛,2024-08-27,9869
8039,台虹,43,29,14,元大-新盛,2024-08-27,9869
2405,輔信,14,2,12,元大-新盛,2024-08-27,9869
6683,雍智科技,11,0,11,元大-新盛,2024-08-27,9869
2313,華通,11,0,11,元大-新盛,2024-08-27,9869
2845,遠東銀,11,0,11,元大-新盛,2024-08-27,9869
1337,再生-KY,10,0,10,元大-新盛,2024-08-27,9869
2367,燿華,11,1,10,元大-新盛,2024-08-27,9869
5328,華容,10,0,10,元大-新盛,2024-08-27,9869
00632R,元大台灣50反1,10,0,10,元大-新盛,2024-08-27,9869
8070,長華*,14,4,10,元大-新盛,2024-08-27,9869
2605,新興,29,19,10,元大-新盛,2024-08-27,9869
6264,富裔,10,0,10,元大-新盛,2024-08-27,9869
1527,鑽全,10,0,10,元大-新盛,2024-08-27,9869
00929,復華台灣科技優息,54,44,10,元大-新盛,2024-08-27,9869
2888,新光金,18535,261,18274,元大-新盛,2024-08-28,9869
3036,文曄,501,10,491,元大-新盛,2024-08-28,9869
2618,長榮航,283,5,278,元大-新盛,2024-08-28,9869
00795B,中信美國公債20年,98,0,98,元大-新盛,2024-08-28,9869
00919,群益台灣精選高息,96,3,93,元大-新盛,2024-08-28,9869
00642U,期元大S＆P石油,61,0,61,元大-新盛,2024-08-28,9869
5469,瀚宇博,57,0,57,元大-新盛,2024-08-28,9869
0056,元大高股息,66,10,56,元大-新盛,2024-08-28,9869
00637L,元大滬深300正2,49,4,45,元大-新盛,2024-08-28,9869
2891,中信金,53,8,45,元大-新盛,2024-08-28,9869
00937B,群益ESG投等債20,72,30,42,元大-新盛,2024-08-28,9869
8096,擎亞,41,4,37,元大-新盛,2024-08-28,9869
00679B,元大美債20年,35,0,35,元大-新盛,2024-08-28,9869
2331,精英,35,0,35,元大-新盛,2024-08-28,9869
5364,力麗店,34,0,34,元大-新盛,2024-08-28,9869
2603,長榮,43,12,31,元大-新盛,2024-08-28,9869
8354,冠好,30,0,30,元大-新盛,2024-08-28,9869
00959B,大華投等美債15Y+,30,0,30,元大-新盛,2024-08-28,9869
9105,泰金寶-DR,31,2,29,元大-新盛,2024-08-28,9869
3260,威剛,28,3,25,元大-新盛,2024-08-28,9869
00830,國泰費城半導體,25,0,25,元大-新盛,2024-08-28,9869
5324,士開,25,0,25,元大-新盛,2024-08-28,9869
2409,友達,36,11,25,元大-新盛,2024-08-28,9869
00687B,國泰20年美債,28,4,24,元大-新盛,2024-08-28,9869
2890,永豐金,22,0,22,元大-新盛,2024-08-28,9869
00934,中信成長高股息,22,1,21,元大-新盛,2024-08-28,9869
8064,東捷,32,11,21,元大-新盛,2024-08-28,9869
2329,華泰,21,0,21,元大-新盛,2024-08-28,9869
2344,華邦電,24,4,20,元大-新盛,2024-08-28,9869
00918,大華優利高填息30,20,0,20,元大-新盛,2024-08-28,9869
5880,合庫金,20,0,20,元大-新盛,2024-08-28,9869
2887,台新金,20,1,19,元大-新盛,2024-08-28,9869
00631L,元大台灣50正2,22,3,19,元大-新盛,2024-08-28,9869
2356,英業達,21,3,18,元大-新盛,2024-08-28,9869
4533,協易機,121,103,18,元大-新盛,2024-08-28,9869
6177,達麗,23,5,18,元大-新盛,2024-08-28,9869
4540,全球傳動,24,8,16,元大-新盛,2024-08-28,9869
00956,中信日經高股息,15,0,15,元大-新盛,2024-08-28,9869
2883B,凱基金乙特,14,0,14,元大-新盛,2024-08-28,9869
00882,中信中國高股息,15,1,14,元大-新盛,2024-08-28,9869
00891,中信關鍵半導體,14,1,13,元大-新盛,2024-08-28,9869
2880,華南金,11,0,11,元大-新盛,2024-08-28,9869
3498,陽程,13,2,11,元大-新盛,2024-08-28,9869
6126,信音,11,0,11,元大-新盛,2024-08-28,9869
8021,尖點,12,1,11,元大-新盛,2024-08-28,9869
00900,富邦特選高股息30,10,0,10,元大-新盛,2024-08-28,9869
4563,百德,11,1,10,元大-新盛,2024-08-28,9869
00948B,中信優息投資級債,10,0,10,元大-新盛,2024-08-28,9869
4562,穎漢,12,2,10,元大-新盛,2024-08-28,9869
6449,鈺邦,11,2,9,元大-新盛,2024-08-28,9869
2888,新光金,7078,59,7019,元大-新盛,2024-08-29,9869
00687B,國泰20年美債,360,0,360,元大-新盛,2024-08-29,9869
00919,群益台灣精選高息,191,16,175,元大-新盛,2024-08-29,9869
00679B,元大美債20年,170,2,168,元大-新盛,2024-08-29,9869
3036,文曄,100,1,99,元大-新盛,2024-08-29,9869
00937B,群益ESG投等債20,91,0,91,元大-新盛,2024-08-29,9869
2891,中信金,90,0,90,元大-新盛,2024-08-29,9869
00929,復華台灣科技優息,80,3,77,元大-新盛,2024-08-29,9869
2313,華通,91,24,67,元大-新盛,2024-08-29,9869
00830,國泰費城半導體,58,1,57,元大-新盛,2024-08-29,9869
2317,鴻海,77,24,53,元大-新盛,2024-08-29,9869
00953B,群益優選非投等債,50,0,50,元大-新盛,2024-08-29,9869
1540,喬福,136,87,49,元大-新盛,2024-08-29,9869
2887,台新金,43,7,36,元大-新盛,2024-08-29,9869
00795B,中信美國公債20年,34,0,34,元大-新盛,2024-08-29,9869
2801,彰銀,43,10,33,元大-新盛,2024-08-29,9869
00948B,中信優息投資級債,31,0,31,元大-新盛,2024-08-29,9869
1314,中石化,33,2,31,元大-新盛,2024-08-29,9869
3663,鑫科,34,4,30,元大-新盛,2024-08-29,9869
2312,金寶,40,10,30,元大-新盛,2024-08-29,9869
3231,緯創,34,5,29,元大-新盛,2024-08-29,9869
2515,中工,48,21,27,元大-新盛,2024-08-29,9869
2367,燿華,88,63,25,元大-新盛,2024-08-29,9869
3149,正達,45,22,23,元大-新盛,2024-08-29,9869
1708,東鹼,31,9,22,元大-新盛,2024-08-29,9869
2881,富邦金,23,2,21,元大-新盛,2024-08-29,9869
2382,廣達,32,11,21,元大-新盛,2024-08-29,9869
00924,復華S＆P500成長,21,0,21,元大-新盛,2024-08-29,9869
3447,展達,20,0,20,元大-新盛,2024-08-29,9869
2356,英業達,22,3,19,元大-新盛,2024-08-29,9869
1609,大亞,20,1,19,元大-新盛,2024-08-29,9869
00688L,國泰20年美債正2,19,0,19,元大-新盛,2024-08-29,9869
2489,瑞軒,20,1,19,元大-新盛,2024-08-29,9869
4906,正文,30,11,19,元大-新盛,2024-08-29,9869
4714,永捷,21,3,18,元大-新盛,2024-08-29,9869
00669R,國泰美國道瓊反1,16,0,16,元大-新盛,2024-08-29,9869
00751B,元大AAA至A公司債,15,0,15,元大-新盛,2024-08-29,9869
00942B,台新美A公司債20+,15,0,15,元大-新盛,2024-08-29,9869
0056,元大高股息,27,12,15,元大-新盛,2024-08-29,9869
6244,茂迪,14,0,14,元大-新盛,2024-08-29,9869
6016,康和證,14,0,14,元大-新盛,2024-08-29,9869
8107,大億金茂,15,2,13,元大-新盛,2024-08-29,9869
8021,尖點,14,1,13,元大-新盛,2024-08-29,9869
00857B,永豐20年美公債,13,0,13,元大-新盛,2024-08-29,9869
2314,台揚,14,2,12,元大-新盛,2024-08-29,9869
00959B,大華投等美債15Y+,12,0,12,元大-新盛,2024-08-29,9869
3056,富華新,12,0,12,元大-新盛,2024-08-29,9869
00934,中信成長高股息,12,0,12,元大-新盛,2024-08-29,9869
00940,元大台灣價值高息,28,16,12,元大-新盛,2024-08-29,9869
3010,華立,15,3,12,元大-新盛,2024-08-29,9869
2888,新光金,2070,28,2042,元大-新盛,2024-08-30,9869
00915,凱基優選高股息30,106,0,106,元大-新盛,2024-08-30,9869
00918,大華優利高填息30,100,0,100,元大-新盛,2024-08-30,9869
00937B,群益ESG投等債20,103,5,98,元大-新盛,2024-08-30,9869
2367,燿華,190,113,77,元大-新盛,2024-08-30,9869
2891,中信金,55,0,55,元大-新盛,2024-08-30,9869
5469,瀚宇博,50,0,50,元大-新盛,2024-08-30,9869
00687B,國泰20年美債,43,0,43,元大-新盛,2024-08-30,9869
2426,鼎元,54,13,41,元大-新盛,2024-08-30,9869
1711,永光,91,50,41,元大-新盛,2024-08-30,9869
2618,長榮航,42,4,38,元大-新盛,2024-08-30,9869
00948B,中信優息投資級債,30,0,30,元大-新盛,2024-08-30,9869
2323,中環,29,0,29,元大-新盛,2024-08-30,9869
00680L,元大美債20正2,33,5,28,元大-新盛,2024-08-30,9869
6156,松上,51,26,25,元大-新盛,2024-08-30,9869
00929,復華台灣科技優息,35,10,25,元大-新盛,2024-08-30,9869
1314,中石化,32,8,24,元大-新盛,2024-08-30,9869
00632R,元大台灣50反1,22,0,22,元大-新盛,2024-08-30,9869
00881,國泰台灣5G+,24,3,21,元大-新盛,2024-08-30,9869
00919,群益台灣精選高息,22,2,20,元大-新盛,2024-08-30,9869
2399,映泰,24,4,20,元大-新盛,2024-08-30,9869
4306,炎洲,26,6,20,元大-新盛,2024-08-30,9869
2885,元大金,21,2,19,元大-新盛,2024-08-30,9869
5309,系統電,170,152,18,元大-新盛,2024-08-30,9869
2330,台積電,16,0,16,元大-新盛,2024-08-30,9869
00959B,大華投等美債15Y+,16,0,16,元大-新盛,2024-08-30,9869
4123,晟德,17,1,16,元大-新盛,2024-08-30,9869
4562,穎漢,17,1,16,元大-新盛,2024-08-30,9869
3062,建漢,21,6,15,元大-新盛,2024-08-30,9869
6213,聯茂,21,6,15,元大-新盛,2024-08-30,9869
2317,鴻海,21,7,14,元大-新盛,2024-08-30,9869
1609,大亞,14,1,13,元大-新盛,2024-08-30,9869
2377,微星,17,4,13,元大-新盛,2024-08-30,9869
2425,承啟,32,19,13,元大-新盛,2024-08-30,9869
00631L,元大台灣50正2,20,7,13,元大-新盛,2024-08-30,9869
2481,強茂,12,0,12,元大-新盛,2024-08-30,9869
00720B,元大投資級公司債,13,2,11,元大-新盛,2024-08-30,9869
2374,佳能,11,0,11,元大-新盛,2024-08-30,9869
8069,元太,11,0,11,元大-新盛,2024-08-30,9869
3015,全漢,12,1,11,元大-新盛,2024-08-30,9869
3037,欣興,41,30,11,元大-新盛,2024-08-30,9869
3529,力旺,11,0,11,元大-新盛,2024-08-30,9869
8111,立��,18,7,11,元大-新盛,2024-08-30,9869
3163,波若威,17,6,11,元大-新盛,2024-08-30,9869
8086,宏捷科,32,21,11,元大-新盛,2024-08-30,9869
2408,南亞科,12,2,10,元大-新盛,2024-08-30,9869
3715,定穎投控,14,4,10,元大-新盛,2024-08-30,9869
00878,國泰永續高股息,28,18,10,元大-新盛,2024-08-30,9869
00934,中信成長高股息,10,0,10,元大-新盛,2024-08-30,9869
6005,群益證,10,0,10,元大-新盛,2024-08-30,9869
2888,新光金,2072,28,2044,元大-新盛,2024-09-02,9869
00637L,元大滬深300正2,150,13,137,元大-新盛,2024-09-02,9869
00679B,元大美債20年,123,5,118,元大-新盛,2024-09-02,9869
00665L,富邦�琤肭磪囓�2,117,0,117,元大-新盛,2024-09-02,9869
00907,永豐優息存股,101,0,101,元大-新盛,2024-09-02,9869
1414,東和,100,0,100,元大-新盛,2024-09-02,9869
2409,友達,103,8,95,元大-新盛,2024-09-02,9869
3481,群創,118,26,92,元大-新盛,2024-09-02,9869
4306,炎洲,95,11,84,元大-新盛,2024-09-02,9869
00919,群益台灣精選高息,79,0,79,元大-新盛,2024-09-02,9869
00680L,元大美債20正2,80,8,72,元大-新盛,2024-09-02,9869
00715L,期街口布蘭特正2,70,0,70,元大-新盛,2024-09-02,9869
2537,聯上發,64,1,63,元大-新盛,2024-09-02,9869
00937B,群益ESG投等債20,62,2,60,元大-新盛,2024-09-02,9869
2527,宏璟,50,0,50,元大-新盛,2024-09-02,9869
00918,大華優利高填息30,46,0,46,元大-新盛,2024-09-02,9869
00882,中信中國高股息,40,0,40,元大-新盛,2024-09-02,9869
1721,三晃,60,24,36,元大-新盛,2024-09-02,9869
00688L,國泰20年美債正2,83,50,33,元大-新盛,2024-09-02,9869
00642U,期元大S＆P石油,33,0,33,元大-新盛,2024-09-02,9869
00940,元大台灣價值高息,40,9,31,元大-新盛,2024-09-02,9869
2352,佳世達,38,7,31,元大-新盛,2024-09-02,9869
3149,正達,52,23,29,元大-新盛,2024-09-02,9869
2337,旺宏,28,0,28,元大-新盛,2024-09-02,9869
2891,中信金,57,29,28,元大-新盛,2024-09-02,9869
00959B,大華投等美債15Y+,25,0,25,元大-新盛,2024-09-02,9869
2615,萬海,26,3,23,元大-新盛,2024-09-02,9869
2027,大成鋼,23,0,23,元大-新盛,2024-09-02,9869
2885,元大金,27,4,23,元大-新盛,2024-09-02,9869
2367,燿華,77,56,21,元大-新盛,2024-09-02,9869
1303,南亞,21,0,21,元大-新盛,2024-09-02,9869
2506,太設,20,0,20,元大-新盛,2024-09-02,9869
2402,毅嘉,31,12,19,元大-新盛,2024-09-02,9869
8064,東捷,26,8,18,元大-新盛,2024-09-02,9869
2392,正崴,23,5,18,元大-新盛,2024-09-02,9869
00687B,國泰20年美債,30,13,17,元大-新盛,2024-09-02,9869
1301,台塑,17,1,16,元大-新盛,2024-09-02,9869
4551,智伸科,20,5,15,元大-新盛,2024-09-02,9869
3062,建漢,34,20,14,元大-新盛,2024-09-02,9869
4526,東台,84,71,13,元大-新盛,2024-09-02,9869
2609,陽明,15,2,13,元大-新盛,2024-09-02,9869
2348,海悅,16,2,14,元大-新盛,2024-09-02,9869
6213,聯茂,14,1,13,元大-新盛,2024-09-02,9869
2515,中工,32,19,13,元大-新盛,2024-09-02,9869
3498,陽程,16,4,12,元大-新盛,2024-09-02,9869
3518,柏騰,12,1,11,元大-新盛,2024-09-02,9869
5213,亞昕,11,0,11,元大-新盛,2024-09-02,9869
4979,華星光,11,0,11,元大-新盛,2024-09-02,9869
2603,長榮,11,0,11,元大-新盛,2024-09-02,9869
2338,光罩,13,3,10,元大-新盛,2024-09-02,9869
2888,新光金,1070,79,991,元大-新盛,2024-09-03,9869
00632R,元大台灣50反1,711,10,701,元大-新盛,2024-09-03,9869
00919,群益台灣精選高息,511,14,497,元大-新盛,2024-09-03,9869
00680L,元大美債20正2,446,1,445,元大-新盛,2024-09-03,9869
00637L,元大滬深300正2,191,16,175,元大-新盛,2024-09-03,9869
00937B,群益ESG投等債20,144,1,143,元大-新盛,2024-09-03,9869
00795B,中信美國公債20年,108,0,108,元大-新盛,2024-09-03,9869
00940,元大台灣價值高息,122,15,107,元大-新盛,2024-09-03,9869
1314,中石化,77,7,70,元大-新盛,2024-09-03,9869
0056,元大高股息,91,29,62,元大-新盛,2024-09-03,9869
3047,訊舟,65,12,53,元大-新盛,2024-09-03,9869
00679B,元大美債20年,76,24,52,元大-新盛,2024-09-03,9869
2527,宏璟,51,0,51,元大-新盛,2024-09-03,9869
1414,東和,50,0,50,元大-新盛,2024-09-03,9869
00878,國泰永續高股息,49,1,48,元大-新盛,2024-09-03,9869
2530,華建,45,1,44,元大-新盛,2024-09-03,9869
911868,同方友友-DR,41,0,41,元大-新盛,2024-09-03,9869
3149,正達,51,10,41,元大-新盛,2024-09-03,9869
1721,三晃,60,21,39,元大-新盛,2024-09-03,9869
2885,元大金,35,0,35,元大-新盛,2024-09-03,9869
3037,欣興,38,3,35,元大-新盛,2024-09-03,9869
00882,中信中國高股息,34,0,34,元大-新盛,2024-09-03,9869
1303,南亞,41,8,33,元大-新盛,2024-09-03,9869
00688L,國泰20年美債正2,33,0,33,元大-新盛,2024-09-03,9869
00929,復華台灣科技優息,53,22,31,元大-新盛,2024-09-03,9869
5469,瀚宇博,30,0,30,元大-新盛,2024-09-03,9869
3481,群創,48,18,30,元大-新盛,2024-09-03,9869
2439,美律,30,0,30,元大-新盛,2024-09-03,9869
1708,東鹼,30,4,26,元大-新盛,2024-09-03,9869
00687B,國泰20年美債,24,0,24,元大-新盛,2024-09-03,9869
8011,台通,24,2,22,元大-新盛,2024-09-03,9869
4564,元翎,28,7,21,元大-新盛,2024-09-03,9869
6190,萬泰科,21,0,21,元大-新盛,2024-09-03,9869
2002,中鋼,31,10,21,元大-新盛,2024-09-03,9869
2486,一詮,68,48,20,元大-新盛,2024-09-03,9869
00891,中信關鍵半導體,20,0,20,元大-新盛,2024-09-03,9869
1711,永光,47,27,20,元大-新盛,2024-09-03,9869
9935,慶豐富,20,0,20,元大-新盛,2024-09-03,9869
0050,元大台灣50,32,15,17,元大-新盛,2024-09-03,9869
2515,中工,16,0,16,元大-新盛,2024-09-03,9869
2348,海悅,17,3,14,元大-新盛,2024-09-03,9869
1301,台塑,19,5,14,元大-新盛,2024-09-03,9869
1609,大亞,13,0,13,元大-新盛,2024-09-03,9869
00918,大華優利高填息30,89,76,13,元大-新盛,2024-09-03,9869
1316,上曜,13,0,13,元大-新盛,2024-09-03,9869
2323,中環,13,0,13,元大-新盛,2024-09-03,9869
00697B,元大美債7-10,12,0,12,元大-新盛,2024-09-03,9869
00927,群益半導體收益,12,0,12,元大-新盛,2024-09-03,9869
4960,誠美材,12,0,12,元大-新盛,2024-09-03,9869
2408,南亞科,11,0,11,元大-新盛,2024-09-03,9869
2888,新光金,3144,685,2459,元大-新盛,2024-09-04,9869
00919,群益台灣精選高息,547,149,398,元大-新盛,2024-09-04,9869
00940,元大台灣價值高息,398,22,376,元大-新盛,2024-09-04,9869
2618,長榮航,210,28,182,元大-新盛,2024-09-04,9869
00918,大華優利高填息30,180,0,180,元大-新盛,2024-09-04,9869
00915,凱基優選高股息30,177,1,176,元大-新盛,2024-09-04,9869
00687B,國泰20年美債,181,11,170,元大-新盛,2024-09-04,9869
00637L,元大滬深300正2,192,23,169,元大-新盛,2024-09-04,9869
00878,國泰永續高股息,185,26,159,元大-新盛,2024-09-04,9869
2891,中信金,146,12,134,元大-新盛,2024-09-04,9869
2527,宏璟,102,0,102,元大-新盛,2024-09-04,9869
1414,東和,100,0,100,元大-新盛,2024-09-04,9869
00715L,期街口布蘭特正2,93,5,88,元大-新盛,2024-09-04,9869
5443,均豪,185,109,76,元大-新盛,2024-09-04,9869
2408,南亞科,90,18,72,元大-新盛,2024-09-04,9869
8086,宏捷科,61,0,61,元大-新盛,2024-09-04,9869
00937B,群益ESG投等債20,159,98,61,元大-新盛,2024-09-04,9869
2884,玉山金,57,0,57,元大-新盛,2024-09-04,9869
00830,國泰費城半導體,55,0,55,元大-新盛,2024-09-04,9869
9105,泰金寶-DR,54,0,54,元大-新盛,2024-09-04,9869
2382,廣達,73,21,52,元大-新盛,2024-09-04,9869
2603,長榮,55,3,52,元大-新盛,2024-09-04,9869
2355,敬鵬,51,0,51,元大-新盛,2024-09-04,9869
3037,欣興,66,17,49,元大-新盛,2024-09-04,9869
4766,南寶,48,0,48,元大-新盛,2024-09-04,9869
2349,錸德,52,6,46,元大-新盛,2024-09-04,9869
2330,台積電,62,17,45,元大-新盛,2024-09-04,9869
2354,鴻準,61,19,42,元大-新盛,2024-09-04,9869
00929,復華台灣科技優息,428,387,41,元大-新盛,2024-09-04,9869
00725B,國泰投資級公司債,40,0,40,元大-新盛,2024-09-04,9869
8150,南茂,40,0,40,元大-新盛,2024-09-04,9869
2486,一詮,62,24,38,元大-新盛,2024-09-04,9869
00939,統一台灣高息動能,39,1,38,元大-新盛,2024-09-04,9869
00671R,富邦NASDAQ反1,37,0,37,元大-新盛,2024-09-04,9869
8076,伍豐,39,5,34,元大-新盛,2024-09-04,9869
006208,富邦台50,34,2,32,元大-新盛,2024-09-04,9869
1711,永光,53,22,31,元大-新盛,2024-09-04,9869
1514,亞力,33,2,31,元大-新盛,2024-09-04,9869
1303,南亞,32,1,31,元大-新盛,2024-09-04,9869
5460,同協,33,2,31,元大-新盛,2024-09-04,9869
00706L,期元大S＆P日圓正2,30,0,30,元大-新盛,2024-09-04,9869
2834,臺企銀,33,4,29,元大-新盛,2024-09-04,9869
8096,擎亞,48,20,28,元大-新盛,2024-09-04,9869
0056,元大高股息,148,120,28,元大-新盛,2024-09-04,9869
3481,群創,106,78,28,元大-新盛,2024-09-04,9869
00934,中信成長高股息,33,6,27,元大-新盛,2024-09-04,9869
00795B,中信美國公債20年,27,0,27,元大-新盛,2024-09-04,9869
2881,富邦金,29,4,25,元大-新盛,2024-09-04,9869
00945B,凱基美國非投等債,26,1,25,元大-新盛,2024-09-04,9869
00713,元大台灣高息低波,25,1,24,元大-新盛,2024-09-04,9869
00637L,元大滬深300正2,199,2,197,元大-新盛,2024-09-05,9869
00929,復華台灣科技優息,170,9,161,元大-新盛,2024-09-05,9869
00919,群益台灣精選高息,159,11,148,元大-新盛,2024-09-05,9869
00940,元大台灣價值高息,342,224,118,元大-新盛,2024-09-05,9869
00878,國泰永續高股息,104,7,97,元大-新盛,2024-09-05,9869
2317,鴻海,103,9,94,元大-新盛,2024-09-05,9869
00680L,元大美債20正2,416,323,93,元大-新盛,2024-09-05,9869
00937B,群益ESG投等債20,102,24,78,元大-新盛,2024-09-05,9869
00918,大華優利高填息30,67,4,63,元大-新盛,2024-09-05,9869
00687B,國泰20年美債,77,18,59,元大-新盛,2024-09-05,9869
2501,國建,50,0,50,元大-新盛,2024-09-05,9869
2527,宏璟,50,0,50,元大-新盛,2024-09-05,9869
00945B,凱基美國非投等債,100,50,50,元大-新盛,2024-09-05,9869
1414,東和,50,0,50,元大-新盛,2024-09-05,9869
2408,南亞科,102,52,50,元大-新盛,2024-09-05,9869
00715L,期街口布蘭特正2,57,7,50,元大-新盛,2024-09-05,9869
8150,南茂,40,2,38,元大-新盛,2024-09-05,9869
2486,一詮,90,55,35,元大-新盛,2024-09-05,9869
2845,遠東銀,32,0,32,元大-新盛,2024-09-05,9869
4714,永捷,35,3,32,元大-新盛,2024-09-05,9869
1314,中石化,38,6,32,元大-新盛,2024-09-05,9869
3231,緯創,33,4,29,元大-新盛,2024-09-05,9869
6770,力積電,42,15,27,元大-新盛,2024-09-05,9869
2344,華邦電,27,1,26,元大-新盛,2024-09-05,9869
00725B,國泰投資級公司債,25,0,25,元大-新盛,2024-09-05,9869
1711,永光,49,24,25,元大-新盛,2024-09-05,9869
4563,百德,41,17,24,元大-新盛,2024-09-05,9869
3535,晶彩科,23,1,22,元大-新盛,2024-09-05,9869
00952,凱基台灣AI50,22,0,22,元大-新盛,2024-09-05,9869
00915,凱基優選高股息30,41,19,22,元大-新盛,2024-09-05,9869
1303,南亞,25,3,22,元大-新盛,2024-09-05,9869
00921,兆豐龍頭等權重,20,0,20,元大-新盛,2024-09-05,9869
00671R,富邦NASDAQ反1,20,0,20,元大-新盛,2024-09-05,9869
3447,展達,20,0,20,元大-新盛,2024-09-05,9869
00942B,台新美A公司債20+,20,0,20,元大-新盛,2024-09-05,9869
4906,正文,19,0,19,元大-新盛,2024-09-05,9869
2337,旺宏,19,0,19,元大-新盛,2024-09-05,9869
1722,台肥,21,3,18,元大-新盛,2024-09-05,9869
1101,台泥,17,0,17,元大-新盛,2024-09-05,9869
0056,元大高股息,28,12,16,元大-新盛,2024-09-05,9869
00951,台新日本半導體,15,0,15,元大-新盛,2024-09-05,9869
8076,伍豐,26,12,14,元大-新盛,2024-09-05,9869
3481,群創,26,12,14,元大-新盛,2024-09-05,9869
1539,巨庭,49,35,14,元大-新盛,2024-09-05,9869
9105,泰金寶-DR,14,0,14,元大-新盛,2024-09-05,9869
4551,智伸科,16,2,14,元大-新盛,2024-09-05,9869
4306,炎洲,14,1,13,元大-新盛,2024-09-05,9869
5340,建榮,13,1,12,元大-新盛,2024-09-05,9869
00891,中信關鍵半導體,13,2,11,元大-新盛,2024-09-05,9869
6449,鈺邦,11,0,11,元大-新盛,2024-09-05,9869
00673R,期元大S＆P原油反1,425,200,225,元大-新盛,2024-09-06,9869
00687B,國泰20年美債,143,3,140,元大-新盛,2024-09-06,9869
2883,凱基金,98,6,92,元大-新盛,2024-09-06,9869
00665L,富邦�琤肭磪囓�2,100,10,90,元大-新盛,2024-09-06,9869
00919,群益台灣精選高息,218,139,79,元大-新盛,2024-09-06,9869
00929,復華台灣科技優息,112,37,75,元大-新盛,2024-09-06,9869
2891,中信金,120,55,65,元大-新盛,2024-09-06,9869
00715L,期街口布蘭特正2,60,0,60,元大-新盛,2024-09-06,9869
2888,新光金,55,5,50,元大-新盛,2024-09-06,9869
2527,宏璟,50,0,50,元大-新盛,2024-09-06,9869
1414,東和,50,0,50,元大-新盛,2024-09-06,9869
00940,元大台灣價值高息,96,50,46,元大-新盛,2024-09-06,9869
00878,國泰永續高股息,84,51,33,元大-新盛,2024-09-06,9869
1314,中石化,31,0,31,元大-新盛,2024-09-06,9869
00671R,富邦NASDAQ反1,30,0,30,元大-新盛,2024-09-06,9869
2537,聯上發,30,1,29,元大-新盛,2024-09-06,9869
0056,元大高股息,57,29,28,元大-新盛,2024-09-06,9869
6770,力積電,39,12,27,元大-新盛,2024-09-06,9869
2313,華通,34,9,25,元大-新盛,2024-09-06,9869
00877,復華中國5G,20,0,20,元大-新盛,2024-09-06,9869
00680L,元大美債20正2,51,32,19,元大-新盛,2024-09-06,9869
00795B,中信美國公債20年,29,12,17,元大-新盛,2024-09-06,9869
5340,建榮,17,0,17,元大-新盛,2024-09-06,9869
00937B,群益ESG投等債20,20,4,16,元大-新盛,2024-09-06,9869
00632R,元大台灣50反1,30,15,15,元大-新盛,2024-09-06,9869
00953B,群益優選非投等債,15,0,15,元大-新盛,2024-09-06,9869
00891,中信關鍵半導體,22,7,15,元大-新盛,2024-09-06,9869
1815,富喬,19,4,15,元大-新盛,2024-09-06,9869
0050,元大台灣50,30,17,13,元大-新盛,2024-09-06,9869
8064,東捷,15,3,12,元大-新盛,2024-09-06,9869
2323,中環,13,1,12,元大-新盛,2024-09-06,9869
00697B,元大美債7-10,12,0,12,元大-新盛,2024-09-06,9869
1605,華新,12,0,12,元大-新盛,2024-09-06,9869
6446,藥華藥,15,4,11,元大-新盛,2024-09-06,9869
4566,時碩工業,12,1,11,元大-新盛,2024-09-06,9869
00952,凱基台灣AI50,10,0,10,元大-新盛,2024-09-06,9869
911868,同方友友-DR,10,0,10,元大-新盛,2024-09-06,9869
2489,瑞軒,10,0,10,元大-新盛,2024-09-06,9869
00946,群益科技高息成長,10,0,10,元大-新盛,2024-09-06,9869
1799,易威,10,0,10,元大-新盛,2024-09-06,9869
2338,光罩,12,2,10,元大-新盛,2024-09-06,9869
2530,華建,10,0,10,元大-新盛,2024-09-06,9869
6546,正基,10,0,10,元大-新盛,2024-09-06,9869
2528,皇普,10,0,10,元大-新盛,2024-09-06,9869
00712,復華富時不動產,10,0,10,元大-新盛,2024-09-06,9869
2330,台積電,10,1,9,元大-新盛,2024-09-06,9869
5484,慧友,11,2,9,元大-新盛,2024-09-06,9869
5533,皇鼎,9,0,9,元大-新盛,2024-09-06,9869
2002,中鋼,28,20,8,元大-新盛,2024-09-06,9869
2344,華邦電,8,0,8,元大-新盛,2024-09-06,9869
00680L,元大美債20正2,736,30,706,元大-新盛,2024-09-09,9869
00713,元大台灣高息低波,208,2,206,元大-新盛,2024-09-09,9869
00637L,元大滬深300正2,209,28,181,元大-新盛,2024-09-09,9869
00919,群益台灣精選高息,241,75,166,元大-新盛,2024-09-09,9869
00929,復華台灣科技優息,145,1,144,元大-新盛,2024-09-09,9869
00878,國泰永續高股息,137,10,127,元大-新盛,2024-09-09,9869
00687B,國泰20年美債,109,2,107,元大-新盛,2024-09-09,9869
00830,國泰費城半導體,99,2,97,元大-新盛,2024-09-09,9869
2885,元大金,149,59,90,元大-新盛,2024-09-09,9869
00937B,群益ESG投等債20,84,9,75,元大-新盛,2024-09-09,9869
0056,元大高股息,98,24,74,元大-新盛,2024-09-09,9869
2881,富邦金,75,2,73,元大-新盛,2024-09-09,9869
2891,中信金,91,31,60,元大-新盛,2024-09-09,9869
2527,宏璟,51,0,51,元大-新盛,2024-09-09,9869
5469,瀚宇博,50,0,50,元大-新盛,2024-09-09,9869
1414,東和,50,0,50,元大-新盛,2024-09-09,9869
00934,中信成長高股息,43,4,39,元大-新盛,2024-09-09,9869
2317,鴻海,74,35,39,元大-新盛,2024-09-09,9869
0050,元大台灣50,46,8,38,元大-新盛,2024-09-09,9869
00631L,元大台灣50正2,37,4,33,元大-新盛,2024-09-09,9869
00715L,期街口布蘭特正2,31,0,31,元大-新盛,2024-09-09,9869
00933B,國泰10Y+金融債,30,0,30,元大-新盛,2024-09-09,9869
3663,鑫科,34,4,30,元大-新盛,2024-09-09,9869
00891,中信關鍵半導體,29,0,29,元大-新盛,2024-09-09,9869
00795B,中信美國公債20年,27,0,27,元大-新盛,2024-09-09,9869
00881,國泰台灣5G+,25,0,25,元大-新盛,2024-09-09,9869
1540,喬福,36,11,25,元大-新盛,2024-09-09,9869
00935,野村臺灣新科技50,24,0,24,元大-新盛,2024-09-09,9869
2353,宏��,25,1,24,元大-新盛,2024-09-09,9869
00712,復華富時不動產,23,0,23,元大-新盛,2024-09-09,9869
6190,萬泰科,22,0,22,元大-新盛,2024-09-09,9869
00900,富邦特選高股息30,22,0,22,元大-新盛,2024-09-09,9869
00655L,國泰中國A50正2,21,0,21,元大-新盛,2024-09-09,9869
00882,中信中國高股息,20,0,20,元大-新盛,2024-09-09,9869
1711,永光,21,1,20,元大-新盛,2024-09-09,9869
8249,菱光,41,21,20,元大-新盛,2024-09-09,9869
1905,華紙,20,0,20,元大-新盛,2024-09-09,9869
2530,華建,20,0,20,元大-新盛,2024-09-09,9869
00921,兆豐龍頭等權重,40,20,20,元大-新盛,2024-09-09,9869
00918,大華優利高填息30,20,0,20,元大-新盛,2024-09-09,9869
3231,緯創,25,7,18,元大-新盛,2024-09-09,9869
00671R,富邦NASDAQ反1,15,0,15,元大-新盛,2024-09-09,9869
2882,國泰金,21,7,14,元大-新盛,2024-09-09,9869
3592,瑞鼎,14,0,14,元大-新盛,2024-09-09,9869
2618,長榮航,20,6,14,元大-新盛,2024-09-09,9869
00915,凱基優選高股息30,14,0,14,元大-新盛,2024-09-09,9869
2615,萬海,18,5,13,元大-新盛,2024-09-09,9869
2419,仲琦,15,2,13,元大-新盛,2024-09-09,9869
00679B,元大美債20年,26,14,12,元大-新盛,2024-09-09,9869
2344,華邦電,19,7,12,元大-新盛,2024-09-09,9869
00919,群益台灣精選高息,219,31,188,元大-新盛,2024-09-10,9869
00929,復華台灣科技優息,131,3,128,元大-新盛,2024-09-10,9869
2530,華建,159,40,119,元大-新盛,2024-09-10,9869
00669R,國泰美國道瓊反1,115,0,115,元大-新盛,2024-09-10,9869
00687B,國泰20年美債,147,38,109,元大-新盛,2024-09-10,9869
00637L,元大滬深300正2,104,8,96,元大-新盛,2024-09-10,9869
2464,盟立,80,5,75,元大-新盛,2024-09-10,9869
0056,元大高股息,102,28,74,元大-新盛,2024-09-10,9869
00795B,中信美國公債20年,67,0,67,元大-新盛,2024-09-10,9869
2367,燿華,124,64,60,元大-新盛,2024-09-10,9869
2548,華固,60,1,59,元大-新盛,2024-09-10,9869
3037,欣興,58,5,53,元大-新盛,2024-09-10,9869
00948B,中信優息投資級債,51,0,51,元大-新盛,2024-09-10,9869
2527,宏璟,50,0,50,元大-新盛,2024-09-10,9869
1414,東和,50,0,50,元大-新盛,2024-09-10,9869
00676R,富邦臺灣加權反1,50,0,50,元大-新盛,2024-09-10,9869
8374,羅昇,126,79,47,元大-新盛,2024-09-10,9869
2382,廣達,49,4,45,元大-新盛,2024-09-10,9869
6269,台郡,43,0,43,元大-新盛,2024-09-10,9869
00915,凱基優選高股息30,36,0,36,元大-新盛,2024-09-10,9869
2891,中信金,63,29,34,元大-新盛,2024-09-10,9869
00918,大華優利高填息30,31,0,31,元大-新盛,2024-09-10,9869
2337,旺宏,38,8,30,元大-新盛,2024-09-10,9869
00878,國泰永續高股息,85,58,27,元大-新盛,2024-09-10,9869
6505,台塑化,48,23,25,元大-新盛,2024-09-10,9869
3481,群創,53,28,25,元大-新盛,2024-09-10,9869
6274,台燿,48,24,24,元大-新盛,2024-09-10,9869
5871,中租-KY,24,1,23,元大-新盛,2024-09-10,9869
00715L,期街口布蘭特正2,22,0,22,元大-新盛,2024-09-10,9869
2354,鴻準,35,13,22,元大-新盛,2024-09-10,9869
4306,炎洲,25,3,22,元大-新盛,2024-09-10,9869
2498,宏達電,21,0,21,元大-新盛,2024-09-10,9869
5531,鄉林,21,0,21,元大-新盛,2024-09-10,9869
2408,南亞科,22,2,20,元大-新盛,2024-09-10,9869
00671R,富邦NASDAQ反1,20,0,20,元大-新盛,2024-09-10,9869
0050,元大台灣50,32,13,19,元大-新盛,2024-09-10,9869
2618,長榮航,25,6,19,元大-新盛,2024-09-10,9869
00940,元大台灣價值高息,92,73,19,元大-新盛,2024-09-10,9869
1540,喬福,44,25,19,元大-新盛,2024-09-10,9869
3047,訊舟,25,6,19,元大-新盛,2024-09-10,9869
3673,TPK-KY,38,20,18,元大-新盛,2024-09-10,9869
8150,南茂,20,2,18,元大-新盛,2024-09-10,9869
00946,群益科技高息成長,18,0,18,元大-新盛,2024-09-10,9869
00697B,元大美債7-10,17,0,17,元大-新盛,2024-09-10,9869
2883,凱基金,41,24,17,元大-新盛,2024-09-10,9869
4956,光鋐,24,7,17,元大-新盛,2024-09-10,9869
1319,東陽,40,23,17,元大-新盛,2024-09-10,9869
2313,華通,23,7,16,元大-新盛,2024-09-10,9869
00713,元大台灣高息低波,16,1,15,元大-新盛,2024-09-10,9869
2301,光寶科,17,3,14,元大-新盛,2024-09-10,9869
3044,健鼎,201,0,201,元大-新盛,2024-09-11,9869
00632R,元大台灣50反1,245,60,185,元大-新盛,2024-09-11,9869
00637L,元大滬深300正2,188,15,173,元大-新盛,2024-09-11,9869
00937B,群益ESG投等債20,139,40,99,元大-新盛,2024-09-11,9869
00919,群益台灣精選高息,94,1,93,元大-新盛,2024-09-11,9869
00673R,期元大S＆P原油反1,90,0,90,元大-新盛,2024-09-11,9869
9105,泰金寶-DR,93,5,88,元大-新盛,2024-09-11,9869
00715L,期街口布蘭特正2,91,17,74,元大-新盛,2024-09-11,9869
2464,盟立,78,5,73,元大-新盛,2024-09-11,9869
2323,中環,61,0,61,元大-新盛,2024-09-11,9869
2891,中信金,115,55,60,元大-新盛,2024-09-11,9869
2367,燿華,59,1,58,元大-新盛,2024-09-11,9869
6788,華景電,51,0,51,元大-新盛,2024-09-11,9869
2527,宏璟,50,0,50,元大-新盛,2024-09-11,9869
1414,東和,50,0,50,元大-新盛,2024-09-11,9869
6754,匯僑設計,46,0,46,元大-新盛,2024-09-11,9869
2548,華固,42,0,42,元大-新盛,2024-09-11,9869
00687B,國泰20年美債,75,35,40,元大-新盛,2024-09-11,9869
00751B,元大AAA至A公司債,53,13,40,元大-新盛,2024-09-11,9869
00676R,富邦臺灣加權反1,40,1,39,元大-新盛,2024-09-11,9869
1540,喬福,40,3,37,元大-新盛,2024-09-11,9869
2317,鴻海,42,6,36,元大-新盛,2024-09-11,9869
1522,堤維西,108,73,35,元大-新盛,2024-09-11,9869
00882,中信中國高股息,39,4,35,元大-新盛,2024-09-11,9869
2360,致茂,30,0,30,元大-新盛,2024-09-11,9869
00929,復華台灣科技優息,50,21,29,元大-新盛,2024-09-11,9869
00688L,國泰20年美債正2,27,0,27,元大-新盛,2024-09-11,9869
2399,映泰,66,41,25,元大-新盛,2024-09-11,9869
00915,凱基優選高股息30,25,1,24,元大-新盛,2024-09-11,9869
00795B,中信美國公債20年,24,0,24,元大-新盛,2024-09-11,9869
2883,凱基金,25,1,24,元大-新盛,2024-09-11,9869
2027,大成鋼,23,0,23,元大-新盛,2024-09-11,9869
00878,國泰永續高股息,31,10,21,元大-新盛,2024-09-11,9869
0050,元大台灣50,29,8,21,元大-新盛,2024-09-11,9869
00655L,國泰中國A50正2,20,0,20,元大-新盛,2024-09-11,9869
00669R,國泰美國道瓊反1,20,0,20,元大-新盛,2024-09-11,9869
3047,訊舟,125,107,18,元大-新盛,2024-09-11,9869
00712,復華富時不動產,17,0,17,元大-新盛,2024-09-11,9869
00642U,期元大S＆P石油,17,0,17,元大-新盛,2024-09-11,9869
2002,中鋼,35,19,16,元大-新盛,2024-09-11,9869
00931B,統一美債20年,16,0,16,元大-新盛,2024-09-11,9869
00671R,富邦NASDAQ反1,15,0,15,元大-新盛,2024-09-11,9869
00720B,元大投資級公司債,15,0,15,元大-新盛,2024-09-11,9869
0056,元大高股息,54,40,14,元大-新盛,2024-09-11,9869
00918,大華優利高填息30,13,0,13,元大-新盛,2024-09-11,9869
00713,元大台灣高息低波,13,0,13,元大-新盛,2024-09-11,9869
00946,群益科技高息成長,13,0,13,元大-新盛,2024-09-11,9869
8076,伍豐,12,0,12,元大-新盛,2024-09-11,9869
00850,元大臺灣ESG永續,11,0,11,元大-新盛,2024-09-11,9869
2530,華建,59,48,11,元大-新盛,2024-09-11,9869
00753L,中信中國50正2,200,0,200,元大-新盛,2024-09-12,9869
00687B,國泰20年美債,226,41,185,元大-新盛,2024-09-12,9869
00632R,元大台灣50反1,158,30,128,元大-新盛,2024-09-12,9869
2367,燿華,125,12,113,元大-新盛,2024-09-12,9869
00673R,期元大S＆P原油反1,140,35,105,元大-新盛,2024-09-12,9869
00937B,群益ESG投等債20,214,113,101,元大-新盛,2024-09-12,9869
2618,長榮航,76,8,68,元大-新盛,2024-09-12,9869
5443,均豪,292,228,64,元大-新盛,2024-09-12,9869
2530,華建,70,10,60,元大-新盛,2024-09-12,9869
2891,中信金,81,29,52,元大-新盛,2024-09-12,9869
00669R,國泰美國道瓊反1,50,0,50,元大-新盛,2024-09-12,9869
0056,元大高股息,46,8,38,元大-新盛,2024-09-12,9869
2548,華固,33,0,33,元大-新盛,2024-09-12,9869
9105,泰金寶-DR,44,13,31,元大-新盛,2024-09-12,9869
3033,威健,31,0,31,元大-新盛,2024-09-12,9869
2355,敬鵬,30,0,30,元大-新盛,2024-09-12,9869
1727,中華化,41,13,28,元大-新盛,2024-09-12,9869
8039,台虹,26,1,25,元大-新盛,2024-09-12,9869
00795B,中信美國公債20年,25,0,25,元大-新盛,2024-09-12,9869
1522,堤維西,54,30,24,元大-新盛,2024-09-12,9869
1313,聯成,26,4,22,元大-新盛,2024-09-12,9869
2332,友訊,22,0,22,元大-新盛,2024-09-12,9869
00637L,元大滬深300正2,36,15,21,元大-新盛,2024-09-12,9869
3189,景碩,32,12,20,元大-新盛,2024-09-12,9869
00934,中信成長高股息,18,0,18,元大-新盛,2024-09-12,9869
2312,金寶,21,4,17,元大-新盛,2024-09-12,9869
2615,萬海,32,18,14,元大-新盛,2024-09-12,9869
5381,合正,17,3,14,元大-新盛,2024-09-12,9869
00712,復華富時不動產,14,0,14,元大-新盛,2024-09-12,9869
2609,陽明,18,4,14,元大-新盛,2024-09-12,9869
5426,振發,16,3,13,元大-新盛,2024-09-12,9869
00715L,期街口布蘭特正2,14,3,11,元大-新盛,2024-09-12,9869
2542,興富發,11,0,11,元大-新盛,2024-09-12,9869
6603,富強鑫,11,0,11,元大-新盛,2024-09-12,9869
2323,中環,11,0,11,元大-新盛,2024-09-12,9869
00919,群益台灣精選高息,84,73,11,元大-新盛,2024-09-12,9869
1301,台塑,13,3,10,元大-新盛,2024-09-12,9869
00948B,中信優息投資級債,10,0,10,元大-新盛,2024-09-12,9869
911868,同方友友-DR,10,0,10,元大-新盛,2024-09-12,9869
2897A,王道銀甲特,10,0,10,元大-新盛,2024-09-12,9869
3379,彬台,10,0,10,元大-新盛,2024-09-12,9869
4109,加捷生醫,10,0,10,元大-新盛,2024-09-12,9869
4532,瑞智,10,0,10,元大-新盛,2024-09-12,9869
3625,西勝,10,0,10,元大-新盛,2024-09-12,9869
2455,全新,12,2,10,元大-新盛,2024-09-12,9869
00940,元大台灣價值高息,32,23,9,元大-新盛,2024-09-12,9869
4303,信立,13,5,8,元大-新盛,2024-09-12,9869
3303,岱稜,15,7,8,元大-新盛,2024-09-12,9869
8074,鉅橡,8,0,8,元大-新盛,2024-09-12,9869
2881,富邦金,12,4,8,元大-新盛,2024-09-12,9869
00632R,元大台灣50反1,2038,3,2035,元大-新盛,2024-09-13,9869
00687B,國泰20年美債,228,72,156,元大-新盛,2024-09-13,9869
00637L,元大滬深300正2,102,14,88,元大-新盛,2024-09-13,9869
00918,大華優利高填息30,86,5,81,元大-新盛,2024-09-13,9869
00795B,中信美國公債20年,61,2,59,元大-新盛,2024-09-13,9869
00751B,元大AAA至A公司債,55,1,54,元大-新盛,2024-09-13,9869
2530,華建,50,0,50,元大-新盛,2024-09-13,9869
2891,中信金,47,6,41,元大-新盛,2024-09-13,9869
00919,群益台灣精選高息,51,17,34,元大-新盛,2024-09-13,9869
00679B,元大美債20年,57,23,34,元大-新盛,2024-09-13,9869
8070,長華*,46,15,31,元大-新盛,2024-09-13,9869
6190,萬泰科,31,0,31,元大-新盛,2024-09-13,9869
3031,佰鴻,25,1,24,元大-新盛,2024-09-13,9869
2367,燿華,33,10,23,元大-新盛,2024-09-13,9869
00933B,國泰10Y+金融債,22,0,22,元大-新盛,2024-09-13,9869
4510,高鋒,31,10,21,元大-新盛,2024-09-13,9869
0056,元大高股息,30,9,21,元大-新盛,2024-09-13,9869
1584,精剛,20,0,20,元大-新盛,2024-09-13,9869
2637,慧洋-KY,25,5,20,元大-新盛,2024-09-13,9869
2365,昆盈,21,1,20,元大-新盛,2024-09-13,9869
2890,永豐金,16,0,16,元大-新盛,2024-09-13,9869
1313,聯成,20,4,16,元大-新盛,2024-09-13,9869
3663,鑫科,19,4,15,元大-新盛,2024-09-13,9869
00764B,群益25年美債,15,0,15,元大-新盛,2024-09-13,9869
6284,佳邦,15,0,15,元大-新盛,2024-09-13,9869
3013,晟銘電,34,19,15,元大-新盛,2024-09-13,9869
2344,華邦電,14,0,14,元大-新盛,2024-09-13,9869
00915,凱基優選高股息30,12,0,12,元大-新盛,2024-09-13,9869
00896,中信綠能及電動車,13,1,12,元大-新盛,2024-09-13,9869
00712,復華富時不動產,12,0,12,元大-新盛,2024-09-13,9869
3583,辛耘,44,32,12,元大-新盛,2024-09-13,9869
2883,凱基金,13,2,11,元大-新盛,2024-09-13,9869
1711,永光,26,15,11,元大-新盛,2024-09-13,9869
2897A,王道銀甲特,10,0,10,元大-新盛,2024-09-13,9869
2419,仲琦,21,11,10,元大-新盛,2024-09-13,9869
2022,聚亨,10,0,10,元大-新盛,2024-09-13,9869
1514,亞力,10,0,10,元大-新盛,2024-09-13,9869
6505,台塑化,18,8,10,元大-新盛,2024-09-13,9869
6270,倍微,12,2,10,元大-新盛,2024-09-13,9869
3479,安勤,10,0,10,元大-新盛,2024-09-13,9869
8927,北基,10,0,10,元大-新盛,2024-09-13,9869
3607,谷崧,10,1,9,元大-新盛,2024-09-13,9869
2383,台光電,10,1,9,元大-新盛,2024-09-13,9869
2392,正崴,11,2,9,元大-新盛,2024-09-13,9869
00878,國泰永續高股息,17,8,9,元大-新盛,2024-09-13,9869
3622,洋華,9,0,9,元大-新盛,2024-09-13,9869
4909,新復興,31,22,9,元大-新盛,2024-09-13,9869
00931B,統一美債20年,9,0,9,元大-新盛,2024-09-13,9869
1457,宜進,9,0,9,元大-新盛,2024-09-13,9869
3535,晶彩科,22,13,9,元大-新盛,2024-09-13,9869
00687B,國泰20年美債,185,7,178,元大-新盛,2024-09-16,9869
2618,長榮航,218,41,177,元大-新盛,2024-09-16,9869
00632R,元大台灣50反1,151,0,151,元大-新盛,2024-09-16,9869
3711,日月光投控,100,1,99,元大-新盛,2024-09-16,9869
2367,燿華,100,4,96,元大-新盛,2024-09-16,9869
2530,華建,94,0,94,元大-新盛,2024-09-16,9869
00919,群益台灣精選高息,74,2,72,元大-新盛,2024-09-16,9869
9105,泰金寶-DR,54,0,54,元大-新盛,2024-09-16,9869
00688L,國泰20年美債正2,51,0,51,元大-新盛,2024-09-16,9869
00665L,富邦�琤肭磪囓�2,50,0,50,元大-新盛,2024-09-16,9869
1718,中纖,53,4,49,元大-新盛,2024-09-16,9869
00637L,元大滬深300正2,39,3,36,元大-新盛,2024-09-16,9869
2915,潤泰全,34,0,34,元大-新盛,2024-09-16,9869
1309,台達化,35,2,33,元大-新盛,2024-09-16,9869
1540,喬福,53,21,32,元大-新盛,2024-09-16,9869
0056,元大高股息,35,7,28,元大-新盛,2024-09-16,9869
2891,中信金,27,0,27,元大-新盛,2024-09-16,9869
6546,正基,29,2,27,元大-新盛,2024-09-16,9869
00713,元大台灣高息低波,28,2,26,元大-新盛,2024-09-16,9869
1532,勤美,22,0,22,元大-新盛,2024-09-16,9869
00881,國泰台灣5G+,27,5,22,元大-新盛,2024-09-16,9869
2355,敬鵬,20,0,20,元大-新盛,2024-09-16,9869
8021,尖點,20,0,20,元大-新盛,2024-09-16,9869
2323,中環,22,2,20,元大-新盛,2024-09-16,9869
2609,陽明,19,0,19,元大-新盛,2024-09-16,9869
00900,富邦特選高股息30,20,1,19,元大-新盛,2024-09-16,9869
2317,鴻海,42,24,18,元大-新盛,2024-09-16,9869
1319,東陽,17,1,16,元大-新盛,2024-09-16,9869
00715L,期街口布蘭特正2,14,0,14,元大-新盛,2024-09-16,9869
2349,錸德,50,36,14,元大-新盛,2024-09-16,9869
4909,新復興,30,16,14,元大-新盛,2024-09-16,9869
6263,普萊德,13,0,13,元大-新盛,2024-09-16,9869
6754,匯僑設計,13,0,13,元大-新盛,2024-09-16,9869
2002,中鋼,26,13,13,元大-新盛,2024-09-16,9869
00937B,群益ESG投等債20,47,35,12,元大-新盛,2024-09-16,9869
00936,台新永續高息中小,11,0,11,元大-新盛,2024-09-16,9869
3147,大綜,12,1,11,元大-新盛,2024-09-16,9869
4540,全球傳動,11,1,10,元大-新盛,2024-09-16,9869
00940,元大台灣價值高息,55,45,10,元大-新盛,2024-09-16,9869
1304,台聚,10,0,10,元大-新盛,2024-09-16,9869
2547,日勝生,10,0,10,元大-新盛,2024-09-16,9869
2539,櫻花建,10,0,10,元大-新盛,2024-09-16,9869
2417,圓剛,10,0,10,元大-新盛,2024-09-16,9869
00918,大華優利高填息30,21,11,10,元大-新盛,2024-09-16,9869
4306,炎洲,9,0,9,元大-新盛,2024-09-16,9869
2402,毅嘉,12,3,9,元大-新盛,2024-09-16,9869
2351,順德,10,1,9,元大-新盛,2024-09-16,9869
6274,台燿,24,16,8,元大-新盛,2024-09-16,9869
00764B,群益25年美債,8,0,8,元大-新盛,2024-09-16,9869
1589,永冠-KY,8,0,8,元大-新盛,2024-09-16,9869
00918,大華優利高填息30,637,51,586,元大-新盛,2024-09-18,9869
00679B,元大美債20年,507,4,503,元大-新盛,2024-09-18,9869
00919,群益台灣精選高息,228,1,227,元大-新盛,2024-09-18,9869
2426,鼎元,211,5,206,元大-新盛,2024-09-18,9869
00929,復華台灣科技優息,180,55,125,元大-新盛,2024-09-18,9869
2317,鴻海,57,4,53,元大-新盛,2024-09-18,9869
00687B,國泰20年美債,49,2,47,元大-新盛,2024-09-18,9869
00688L,國泰20年美債正2,43,0,43,元大-新盛,2024-09-18,9869
3037,欣興,48,7,41,元大-新盛,2024-09-18,9869
00915,凱基優選高股息30,40,0,40,元大-新盛,2024-09-18,9869
00930,永豐ESG低碳高息,39,0,39,元大-新盛,2024-09-18,9869
2530,華建,57,20,37,元大-新盛,2024-09-18,9869
1711,永光,156,119,37,元大-新盛,2024-09-18,9869
00947,台新臺灣IC設計,35,0,35,元大-新盛,2024-09-18,9869
2477,美隆電,36,4,32,元大-新盛,2024-09-18,9869
6191,精成科,30,0,30,元大-新盛,2024-09-18,9869
0050,元大台灣50,39,9,30,元大-新盛,2024-09-18,9869
00891,中信關鍵半導體,29,0,29,元大-新盛,2024-09-18,9869
00940,元大台灣價值高息,51,25,26,元大-新盛,2024-09-18,9869
0056,元大高股息,90,64,26,元大-新盛,2024-09-18,9869
00934,中信成長高股息,25,0,25,元大-新盛,2024-09-18,9869
1313,聯成,27,2,25,元大-新盛,2024-09-18,9869
00648R,元大S＆P500反1,24,0,24,元大-新盛,2024-09-18,9869
00713,元大台灣高息低波,37,14,23,元大-新盛,2024-09-18,9869
00632R,元大台灣50反1,30,7,23,元大-新盛,2024-09-18,9869
3017,奇鋐,24,2,22,元大-新盛,2024-09-18,9869
2344,華邦電,22,0,22,元大-新盛,2024-09-18,9869
6244,茂迪,25,4,21,元大-新盛,2024-09-18,9869
1532,勤美,20,0,20,元大-新盛,2024-09-18,9869
2886,兆豐金,20,2,18,元大-新盛,2024-09-18,9869
6190,萬泰科,20,2,18,元大-新盛,2024-09-18,9869
1785,光洋科,354,338,16,元大-新盛,2024-09-18,9869
2885,元大金,16,1,15,元大-新盛,2024-09-18,9869
00921,兆豐龍頭等權重,15,0,15,元大-新盛,2024-09-18,9869
2889,國票金,15,0,15,元大-新盛,2024-09-18,9869
6188,廣明,15,0,15,元大-新盛,2024-09-18,9869
9105,泰金寶-DR,14,0,14,元大-新盛,2024-09-18,9869
4716,大立,14,0,14,元大-新盛,2024-09-18,9869
1712,興農,14,0,14,元大-新盛,2024-09-18,9869
2012,春雨,14,0,14,元大-新盛,2024-09-18,9869
00646,元大S＆P500,16,2,14,元大-新盛,2024-09-18,9869
4942,嘉彰,13,0,13,元大-新盛,2024-09-18,9869
2233,宇隆,24,11,13,元大-新盛,2024-09-18,9869
3033,威健,12,0,12,元大-新盛,2024-09-18,9869
2371,大同,34,22,12,元大-新盛,2024-09-18,9869
00949,復華日本龍頭,12,0,12,元大-新盛,2024-09-18,9869
00946,群益科技高息成長,12,0,12,元大-新盛,2024-09-18,9869
3050,鈺德,11,0,11,元大-新盛,2024-09-18,9869
00730,富邦臺灣優質高息,11,0,11,元大-新盛,2024-09-18,9869
6257,矽格,12,1,11,元大-新盛,2024-09-18,9869
00632R,元大台灣50反1,1952,4,1948,元大-新盛,2024-09-19,9869
00679B,元大美債20年,583,63,520,元大-新盛,2024-09-19,9869
00688L,國泰20年美債正2,181,0,181,元大-新盛,2024-09-19,9869
00713,元大台灣高息低波,127,3,124,元大-新盛,2024-09-19,9869
00687B,國泰20年美債,149,26,123,元大-新盛,2024-09-19,9869
00937B,群益ESG投等債20,120,3,117,元大-新盛,2024-09-19,9869
00915,凱基優選高股息30,104,0,104,元大-新盛,2024-09-19,9869
3049,精金,164,62,102,元大-新盛,2024-09-19,9869
2891,中信金,140,55,85,元大-新盛,2024-09-19,9869
1301,台塑,86,5,81,元大-新盛,2024-09-19,9869
2367,燿華,83,3,80,元大-新盛,2024-09-19,9869
00918,大華優利高填息30,64,0,64,元大-新盛,2024-09-19,9869
00919,群益台灣精選高息,70,16,54,元大-新盛,2024-09-19,9869
00948B,中信優息投資級債,49,0,49,元大-新盛,2024-09-19,9869
00753L,中信中國50正2,50,1,49,元大-新盛,2024-09-19,9869
0056,元大高股息,58,16,42,元大-新盛,2024-09-19,9869
3492,長盛,32,0,32,元大-新盛,2024-09-19,9869
3062,建漢,45,13,32,元大-新盛,2024-09-19,9869
6830,汎銓,37,6,31,元大-新盛,2024-09-19,9869
2332,友訊,30,0,30,元大-新盛,2024-09-19,9869
911868,同方友友-DR,28,0,28,元大-新盛,2024-09-19,9869
5234,達興材料,33,5,28,元大-新盛,2024-09-19,9869
00795B,中信美國公債20年,28,1,27,元大-新盛,2024-09-19,9869
6438,迅得,26,0,26,元大-新盛,2024-09-19,9869
1584,精剛,30,5,25,元大-新盛,2024-09-19,9869
2313,華通,26,3,23,元大-新盛,2024-09-19,9869
2002,中鋼,22,3,19,元大-新盛,2024-09-19,9869
6288,聯嘉,27,10,17,元大-新盛,2024-09-19,9869
3663,鑫科,16,2,14,元大-新盛,2024-09-19,9869
4543,萬在,15,1,14,元大-新盛,2024-09-19,9869
2539,櫻花建,11,0,11,元大-新盛,2024-09-19,9869
3231,緯創,12,1,11,元大-新盛,2024-09-19,9869
6257,矽格,11,0,11,元大-新盛,2024-09-19,9869
1711,永光,63,52,11,元大-新盛,2024-09-19,9869
3363,上詮,17,7,10,元大-新盛,2024-09-19,9869
00933B,國泰10Y+金融債,10,0,10,元大-新盛,2024-09-19,9869
5519,隆大,10,0,10,元大-新盛,2024-09-19,9869
6706,惠特,11,1,10,元大-新盛,2024-09-19,9869
6246,臺龍,14,4,10,元大-新盛,2024-09-19,9869
6509,聚和,10,0,10,元大-新盛,2024-09-19,9869
8440,綠電,10,0,10,元大-新盛,2024-09-19,9869
00940,元大台灣價值高息,25,16,9,元大-新盛,2024-09-19,9869
1727,中華化,24,15,9,元大-新盛,2024-09-19,9869
6804,明係,8,0,8,元大-新盛,2024-09-19,9869
1522,堤維西,8,0,8,元大-新盛,2024-09-19,9869
00958B,永豐ESG銀行債15,8,0,8,元大-新盛,2024-09-19,9869
00830,國泰費城半導體,9,2,7,元大-新盛,2024-09-19,9869
00894,中信小資高價30,7,0,7,元大-新盛,2024-09-19,9869
8011,台通,12,5,7,元大-新盛,2024-09-19,9869
6207,雷科,7,0,7,元大-新盛,2024-09-19,9869
00919,群益台灣精選高息,603,20,583,元大-新盛,2024-09-20,9869
2530,華建,293,0,293,元大-新盛,2024-09-20,9869
00632R,元大台灣50反1,532,454,78,元大-新盛,2024-09-20,9869
2501,國建,59,7,52,元大-新盛,2024-09-20,9869
9945,潤泰新,60,9,51,元大-新盛,2024-09-20,9869
00753L,中信中國50正2,50,0,50,元大-新盛,2024-09-20,9869
2355,敬鵬,50,0,50,元大-新盛,2024-09-20,9869
2548,華固,43,1,42,元大-新盛,2024-09-20,9869
2537,聯上發,43,1,42,元大-新盛,2024-09-20,9869
00637L,元大滬深300正2,44,5,39,元大-新盛,2024-09-20,9869
9105,泰金寶-DR,54,20,34,元大-新盛,2024-09-20,9869
1721,三晃,86,52,34,元大-新盛,2024-09-20,9869
00915,凱基優選高股息30,32,0,32,元大-新盛,2024-09-20,9869
00887,永豐中國科技50大,30,0,30,元大-新盛,2024-09-20,9869
3374,精材,31,2,29,元大-新盛,2024-09-20,9869
8070,長華*,77,50,27,元大-新盛,2024-09-20,9869
0056,元大高股息,42,19,23,元大-新盛,2024-09-20,9869
00891,中信關鍵半導體,24,1,23,元大-新盛,2024-09-20,9869
00712,復華富時不動產,22,0,22,元大-新盛,2024-09-20,9869
3703,欣陸,22,0,22,元大-新盛,2024-09-20,9869
6148,驊宏資,33,12,21,元大-新盛,2024-09-20,9869
3211,順達,22,1,21,元大-新盛,2024-09-20,9869
1532,勤美,21,0,21,元大-新盛,2024-09-20,9869
2062,橋椿,29,8,21,元大-新盛,2024-09-20,9869
6190,萬泰科,20,0,20,元大-新盛,2024-09-20,9869
5324,士開,20,0,20,元大-新盛,2024-09-20,9869
2365,昆盈,22,2,20,元大-新盛,2024-09-20,9869
00929,復華台灣科技優息,47,28,19,元大-新盛,2024-09-20,9869
00947,台新臺灣IC設計,19,0,19,元大-新盛,2024-09-20,9869
1714,和桐,20,1,19,元大-新盛,2024-09-20,9869
3033,威健,25,8,17,元大-新盛,2024-09-20,9869
6739,竹陞科技,18,2,16,元大-新盛,2024-09-20,9869
2610,華航,18,3,15,元大-新盛,2024-09-20,9869
00670L,富邦NASDAQ正2,15,0,15,元大-新盛,2024-09-20,9869
6727,亞泰金屬,15,1,14,元大-新盛,2024-09-20,9869
4306,炎洲,14,0,14,元大-新盛,2024-09-20,9869
6288,聯嘉,15,1,14,元大-新盛,2024-09-20,9869
4526,東台,29,15,14,元大-新盛,2024-09-20,9869
2889,國票金,13,0,13,元大-新盛,2024-09-20,9869
00751B,元大AAA至A公司債,16,3,13,元大-新盛,2024-09-20,9869
00878,國泰永續高股息,14,1,13,元大-新盛,2024-09-20,9869
2885,元大金,13,0,13,元大-新盛,2024-09-20,9869
00687B,國泰20年美債,44,32,12,元大-新盛,2024-09-20,9869
00795B,中信美國公債20年,13,1,12,元大-新盛,2024-09-20,9869
6191,精成科,13,1,12,元大-新盛,2024-09-20,9869
5213,亞昕,12,0,12,元大-新盛,2024-09-20,9869
00958B,永豐ESG銀行債15,12,0,12,元大-新盛,2024-09-20,9869
2101,南港,11,0,11,元大-新盛,2024-09-20,9869
6143,振曜,12,1,11,元大-新盛,2024-09-20,9869
4566,時碩工業,11,0,11,元大-新盛,2024-09-20,9869
2409,友達,213,0,213,元大-新盛,2024-09-23,9869
2548,華固,198,0,198,元大-新盛,2024-09-23,9869
2530,華建,162,0,162,元大-新盛,2024-09-23,9869
00688L,國泰20年美債正2,162,0,162,元大-新盛,2024-09-23,9869
00664R,國泰臺灣加權反1,110,0,110,元大-新盛,2024-09-23,9869
4542,科嶠,88,1,87,元大-新盛,2024-09-23,9869
6104,創惟,189,113,76,元大-新盛,2024-09-23,9869
1711,永光,100,33,67,元大-新盛,2024-09-23,9869
6754,匯僑設計,65,0,65,元大-新盛,2024-09-23,9869
00680L,元大美債20正2,57,0,57,元大-新盛,2024-09-23,9869
3481,群創,62,11,51,元大-新盛,2024-09-23,9869
00934,中信成長高股息,47,0,47,元大-新盛,2024-09-23,9869
2897A,王道銀甲特,40,0,40,元大-新盛,2024-09-23,9869
00931B,統一美債20年,50,10,40,元大-新盛,2024-09-23,9869
2399,映泰,82,44,38,元大-新盛,2024-09-23,9869
6411,晶焱,33,0,33,元大-新盛,2024-09-23,9869
3703,欣陸,33,2,31,元大-新盛,2024-09-23,9869
3049,精金,39,10,29,元大-新盛,2024-09-23,9869
0056,元大高股息,39,11,28,元大-新盛,2024-09-23,9869
00929,復華台灣科技優息,27,0,27,元大-新盛,2024-09-23,9869
00687B,國泰20年美債,28,1,27,元大-新盛,2024-09-23,9869
4772,台特化,27,0,27,元大-新盛,2024-09-23,9869
5340,建榮,41,16,25,元大-新盛,2024-09-23,9869
2442,新美齊,21,0,21,元大-新盛,2024-09-23,9869
00878,國泰永續高股息,28,8,20,元大-新盛,2024-09-23,9869
5324,士開,20,0,20,元大-新盛,2024-09-23,9869
3260,威剛,19,0,19,元大-新盛,2024-09-23,9869
2062,橋椿,23,5,18,元大-新盛,2024-09-23,9869
1319,東陽,17,0,17,元大-新盛,2024-09-23,9869
9105,泰金寶-DR,27,11,16,元大-新盛,2024-09-23,9869
4716,大立,39,23,16,元大-新盛,2024-09-23,9869
5009,榮剛,16,1,15,元大-新盛,2024-09-23,9869
8076,伍豐,15,0,15,元大-新盛,2024-09-23,9869
8924,大田,15,0,15,元大-新盛,2024-09-23,9869
1785,光洋科,36,22,14,元大-新盛,2024-09-23,9869
2449,京元電子,14,0,14,元大-新盛,2024-09-23,9869
4714,永捷,19,6,13,元大-新盛,2024-09-23,9869
3060,銘異,12,0,12,元大-新盛,2024-09-23,9869
4707,磐亞,16,4,12,元大-新盛,2024-09-23,9869
2388,威盛,13,1,12,元大-新盛,2024-09-23,9869
4931,新盛力,12,0,12,元大-新盛,2024-09-23,9869
2462,良得電,11,0,11,元大-新盛,2024-09-23,9869
3714,富采,29,18,11,元大-新盛,2024-09-23,9869
2539,櫻花建,21,10,11,元大-新盛,2024-09-23,9869
3550,聯穎,21,10,11,元大-新盛,2024-09-23,9869
5452,佶優,11,0,11,元大-新盛,2024-09-23,9869
1527,鑽全,12,2,10,元大-新盛,2024-09-23,9869
3362,先進光,10,0,10,元大-新盛,2024-09-23,9869
2495,普安,22,12,10,元大-新盛,2024-09-23,9869
2012,春雨,10,0,10,元大-新盛,2024-09-23,9869
2530,華建,242,43,199,元大-新盛,2024-09-24,9869
2442,新美齊,108,5,103,元大-新盛,2024-09-24,9869
2101,南港,100,0,100,元大-新盛,2024-09-24,9869
00664R,國泰臺灣加權反1,90,0,90,元大-新盛,2024-09-24,9869
2501,國建,51,0,51,元大-新盛,2024-09-24,9869
0056,元大高股息,63,13,50,元大-新盛,2024-09-24,9869
00951,台新日本半導體,48,0,48,元大-新盛,2024-09-24,9869
00937B,群益ESG投等債20,53,11,42,元大-新盛,2024-09-24,9869
2367,燿華,50,10,40,元大-新盛,2024-09-24,9869
3703,欣陸,40,0,40,元大-新盛,2024-09-24,9869
00706L,期元大S＆P日圓正2,40,0,40,元大-新盛,2024-09-24,9869
00931B,統一美債20年,40,0,40,元大-新盛,2024-09-24,9869
5340,建榮,39,0,39,元大-新盛,2024-09-24,9869
00687B,國泰20年美債,59,20,39,元大-新盛,2024-09-24,9869
2605,新興,38,2,36,元大-新盛,2024-09-24,9869
6698,旭暉應材,44,11,33,元大-新盛,2024-09-24,9869
00919,群益台灣精選高息,62,29,33,元大-新盛,2024-09-24,9869
00679B,元大美債20年,58,26,32,元大-新盛,2024-09-24,9869
00830,國泰費城半導體,32,3,29,元大-新盛,2024-09-24,9869
2891,中信金,31,4,27,元大-新盛,2024-09-24,9869
3715,定穎投控,97,70,27,元大-新盛,2024-09-24,9869
00680L,元大美債20正2,40,15,25,元大-新盛,2024-09-24,9869
2481,強茂,25,2,23,元大-新盛,2024-09-24,9869
2495,普安,30,7,23,元大-新盛,2024-09-24,9869
3149,正達,146,125,21,元大-新盛,2024-09-24,9869
4772,台特化,21,0,21,元大-新盛,2024-09-24,9869
00949,復華日本龍頭,22,1,21,元大-新盛,2024-09-24,9869
3049,精金,29,9,20,元大-新盛,2024-09-24,9869
2542,興富發,20,1,19,元大-新盛,2024-09-24,9869
3615,安可,20,1,19,元大-新盛,2024-09-24,9869
6655,科定,19,0,19,元大-新盛,2024-09-24,9869
6548,長科*,22,4,18,元大-新盛,2024-09-24,9869
3050,鈺德,17,0,17,元大-新盛,2024-09-24,9869
00688L,國泰20年美債正2,80,63,17,元大-新盛,2024-09-24,9869
3706,神達,20,4,16,元大-新盛,2024-09-24,9869
4563,百德,16,0,16,元大-新盛,2024-09-24,9869
2419,仲琦,16,0,16,元大-新盛,2024-09-24,9869
9955,佳龍,17,1,16,元大-新盛,2024-09-24,9869
2337,旺宏,16,1,15,元大-新盛,2024-09-24,9869
2888,新光金,25,11,14,元大-新盛,2024-09-24,9869
6257,矽格,19,5,14,元大-新盛,2024-09-24,9869
00960,野村全球航運龍頭,14,0,14,元大-新盛,2024-09-24,9869
3537,堡達,19,5,14,元大-新盛,2024-09-24,9869
6456,GIS-KY,14,0,14,元大-新盛,2024-09-24,9869
2548,華固,14,1,13,元大-新盛,2024-09-24,9869
00712,復華富時不動產,18,5,13,元大-新盛,2024-09-24,9869
4729,熒茂,17,5,12,元大-新盛,2024-09-24,9869
3694,海華,12,0,12,元大-新盛,2024-09-24,9869
6446,藥華藥,12,1,11,元大-新盛,2024-09-24,9869
00929,復華台灣科技優息,33,22,11,元大-新盛,2024-09-24,9869
00637L,元大滬深300正2,537,163,374,元大-新盛,2024-09-25,9869
00688L,國泰20年美債正2,340,0,340,元大-新盛,2024-09-25,9869
3171,炎洲流通,167,0,167,元大-新盛,2024-09-25,9869
2888,新光金,107,29,78,元大-新盛,2024-09-25,9869
3049,精金,83,5,78,元大-新盛,2024-09-25,9869
00665L,富邦�琤肭磪囓�2,76,5,71,元大-新盛,2024-09-25,9869
00633L,富邦上証正2,65,7,58,元大-新盛,2024-09-25,9869
00919,群益台灣精選高息,81,24,57,元大-新盛,2024-09-25,9869
2367,燿華,96,42,54,元大-新盛,2024-09-25,9869
2530,華建,52,0,52,元大-新盛,2024-09-25,9869
00679B,元大美債20年,53,2,51,元大-新盛,2024-09-25,9869
2303,聯電,48,8,40,元大-新盛,2024-09-25,9869
2605,新興,41,4,37,元大-新盛,2024-09-25,9869
2891,中信金,46,12,34,元大-新盛,2024-09-25,9869
1313,聯成,32,2,30,元大-新盛,2024-09-25,9869
2883,凱基金,53,27,26,元大-新盛,2024-09-25,9869
5215,科嘉-KY,25,0,25,元大-新盛,2024-09-25,9869
00795B,中信美國公債20年,30,6,24,元大-新盛,2024-09-25,9869
2492,華新科,25,1,24,元大-新盛,2024-09-25,9869
8996,高力,25,1,24,元大-新盛,2024-09-25,9869
1711,永光,37,14,23,元大-新盛,2024-09-25,9869
1584,精剛,28,6,22,元大-新盛,2024-09-25,9869
2313,華通,25,3,22,元大-新盛,2024-09-25,9869
4714,永捷,32,10,22,元大-新盛,2024-09-25,9869
3481,群創,42,20,22,元大-新盛,2024-09-25,9869
4915,致伸,21,0,21,元大-新盛,2024-09-25,9869
2233,宇隆,20,0,20,元大-新盛,2024-09-25,9869
5324,士開,20,0,20,元大-新盛,2024-09-25,9869
3450,聯鈞,125,105,20,元大-新盛,2024-09-25,9869
2402,毅嘉,25,5,20,元大-新盛,2024-09-25,9869
00687B,國泰20年美債,75,56,19,元大-新盛,2024-09-25,9869
1616,億泰,19,0,19,元大-新盛,2024-09-25,9869
3062,建漢,25,7,18,元大-新盛,2024-09-25,9869
5452,佶優,20,3,17,元大-新盛,2024-09-25,9869
6191,精成科,16,0,16,元大-新盛,2024-09-25,9869
6224,聚鼎,15,0,15,元大-新盛,2024-09-25,9869
3550,聯穎,63,48,15,元大-新盛,2024-09-25,9869
3622,洋華,31,16,15,元大-新盛,2024-09-25,9869
4153,鈺緯,13,0,13,元大-新盛,2024-09-25,9869
2385,群光,15,2,13,元大-新盛,2024-09-25,9869
2388,威盛,13,1,12,元大-新盛,2024-09-25,9869
00929,復華台灣科技優息,38,26,12,元大-新盛,2024-09-25,9869
3498,陽程,11,0,11,元大-新盛,2024-09-25,9869
00931B,統一美債20年,11,0,11,元大-新盛,2024-09-25,9869
3715,定穎投控,40,29,11,元大-新盛,2024-09-25,9869
2399,映泰,28,18,10,元大-新盛,2024-09-25,9869
3037,欣興,11,1,10,元大-新盛,2024-09-25,9869
8429,金麗-KY,10,0,10,元大-新盛,2024-09-25,9869
6265,方土昶,10,0,10,元大-新盛,2024-09-25,9869
00788B,元大10年IG電能債,10,0,10,元大-新盛,2024-09-25,9869
00680L,元大美債20正2,125,30,95,元大-新盛,2024-09-26,9869
00688L,國泰20年美債正2,80,0,80,元大-新盛,2024-09-26,9869
5371,中光電,64,0,64,元大-新盛,2024-09-26,9869
2897A,王道銀甲特,58,0,58,元大-新盛,2024-09-26,9869
8076,伍豐,62,10,52,元大-新盛,2024-09-26,9869
00960,野村全球航運龍頭,69,18,51,元大-新盛,2024-09-26,9869
6411,晶焱,37,0,37,元大-新盛,2024-09-26,9869
00665L,富邦�琤肭磪囓�2,46,10,36,元大-新盛,2024-09-26,9869
4772,台特化,35,2,33,元大-新盛,2024-09-26,9869
3481,群創,111,79,32,元大-新盛,2024-09-26,9869
00712,復華富時不動產,31,0,31,元大-新盛,2024-09-26,9869
5469,瀚宇博,31,0,31,元大-新盛,2024-09-26,9869
1785,光洋科,73,42,31,元大-新盛,2024-09-26,9869
3550,聯穎,33,8,25,元大-新盛,2024-09-26,9869
2349,錸德,35,11,24,元大-新盛,2024-09-26,9869
2885,元大金,27,4,23,元大-新盛,2024-09-26,9869
1808,潤隆,23,0,23,元大-新盛,2024-09-26,9869
4714,永捷,24,1,23,元大-新盛,2024-09-26,9869
3324,雙鴻,28,5,23,元大-新盛,2024-09-26,9869
00931B,統一美債20年,23,0,23,元大-新盛,2024-09-26,9869
3019,亞光,47,25,22,元大-新盛,2024-09-26,9869
00857B,永豐20年美公債,20,0,20,元大-新盛,2024-09-26,9869
00700,富邦�琤肭磪�,20,0,20,元大-新盛,2024-09-26,9869
6215,和椿,20,0,20,元大-新盛,2024-09-26,9869
2365,昆盈,29,9,20,元大-新盛,2024-09-26,9869
6163,華電網,20,2,18,元大-新盛,2024-09-26,9869
2408,南亞科,21,4,17,元大-新盛,2024-09-26,9869
00948B,中信優息投資級債,17,0,17,元大-新盛,2024-09-26,9869
006206,元大上證50,17,0,17,元大-新盛,2024-09-26,9869
0061,元大寶滬深,18,1,17,元大-新盛,2024-09-26,9869
2347,聯強,16,0,16,元大-新盛,2024-09-26,9869
1584,精剛,18,2,16,元大-新盛,2024-09-26,9869
5340,建榮,16,0,16,元大-新盛,2024-09-26,9869
3537,堡達,26,11,15,元大-新盛,2024-09-26,9869
3049,精金,17,2,15,元大-新盛,2024-09-26,9869
00764B,群益25年美債,16,1,15,元大-新盛,2024-09-26,9869
2002,中鋼,14,0,14,元大-新盛,2024-09-26,9869
00706L,期元大S＆P日圓正2,14,0,14,元大-新盛,2024-09-26,9869
2636,台驊控股,14,1,13,元大-新盛,2024-09-26,9869
2457,飛宏,17,4,13,元大-新盛,2024-09-26,9869
3231,緯創,17,4,13,元大-新盛,2024-09-26,9869
1597,直得,12,0,12,元大-新盛,2024-09-26,9869
00720B,元大投資級公司債,18,6,12,元大-新盛,2024-09-26,9869
2308,台達電,13,1,12,元大-新盛,2024-09-26,9869
2312,金寶,12,1,11,元大-新盛,2024-09-26,9869
2401,凌陽,11,0,11,元大-新盛,2024-09-26,9869
9955,佳龍,11,0,11,元大-新盛,2024-09-26,9869
2497,怡利電,18,8,10,元大-新盛,2024-09-26,9869
6906,現觀科,10,0,10,元大-新盛,2024-09-26,9869
00935,野村臺灣新科技50,10,0,10,元大-新盛,2024-09-26,9869
00632R,元大台灣50反1,811,506,305,元大-新盛,2024-09-27,9869
00687B,國泰20年美債,168,5,163,元大-新盛,2024-09-27,9869
2409,友達,159,32,127,元大-新盛,2024-09-27,9869
00753L,中信中國50正2,133,6,127,元大-新盛,2024-09-27,9869
00960,野村全球航運龍頭,115,3,112,元大-新盛,2024-09-27,9869
00715L,期街口布蘭特正2,77,2,75,元大-新盛,2024-09-27,9869
3481,群創,148,77,71,元大-新盛,2024-09-27,9869
2897A,王道銀甲特,60,0,60,元大-新盛,2024-09-27,9869
00937B,群益ESG投等債20,155,99,56,元大-新盛,2024-09-27,9869
8150,南茂,52,0,52,元大-新盛,2024-09-27,9869
00795B,中信美國公債20年,52,1,51,元大-新盛,2024-09-27,9869
4306,炎洲,60,10,50,元大-新盛,2024-09-27,9869
00919,群益台灣精選高息,70,23,47,元大-新盛,2024-09-27,9869
00881,國泰台灣5G+,49,2,47,元大-新盛,2024-09-27,9869
00933B,國泰10Y+金融債,44,0,44,元大-新盛,2024-09-27,9869
00680L,元大美債20正2,43,0,43,元大-新盛,2024-09-27,9869
00679B,元大美債20年,46,6,40,元大-新盛,2024-09-27,9869
00712,復華富時不動產,38,0,38,元大-新盛,2024-09-27,9869
8076,伍豐,37,1,36,元大-新盛,2024-09-27,9869
9105,泰金寶-DR,43,10,33,元大-新盛,2024-09-27,9869
2495,普安,42,9,33,元大-新盛,2024-09-27,9869
00945B,凱基美國非投等債,31,0,31,元大-新盛,2024-09-27,9869
1595,川寶,28,0,28,元大-新盛,2024-09-27,9869
2017,官田鋼,27,0,27,元大-新盛,2024-09-27,9869
6229,研通,38,11,27,元大-新盛,2024-09-27,9869
3260,威剛,30,3,27,元大-新盛,2024-09-27,9869
2888,新光金,27,1,26,元大-新盛,2024-09-27,9869
4772,台特化,25,1,24,元大-新盛,2024-09-27,9869
3017,奇鋐,30,7,23,元大-新盛,2024-09-27,9869
1540,喬福,31,9,22,元大-新盛,2024-09-27,9869
00885,富邦越南,20,0,20,元大-新盛,2024-09-27,9869
2820,華票,20,0,20,元大-新盛,2024-09-27,9869
3605,宏致,24,4,20,元大-新盛,2024-09-27,9869
00635U,期元大S＆P黃金,20,1,19,元大-新盛,2024-09-27,9869
4128,中天,19,0,19,元大-新盛,2024-09-27,9869
2530,華建,22,5,17,元大-新盛,2024-09-27,9869
5371,中光電,16,0,16,元大-新盛,2024-09-27,9869
1319,東陽,19,3,16,元大-新盛,2024-09-27,9869
3293,鈊象,20,6,14,元大-新盛,2024-09-27,9869
00643,群益深証中小,15,1,14,元大-新盛,2024-09-27,9869
8147,正淩,13,0,13,元大-新盛,2024-09-27,9869
3149,正達,37,24,13,元大-新盛,2024-09-27,9869
00878,國泰永續高股息,29,17,12,元大-新盛,2024-09-27,9869
1218,泰山,12,0,12,元大-新盛,2024-09-27,9869
00639,富邦深100,12,0,12,元大-新盛,2024-09-27,9869
1776,展宇,14,2,12,元大-新盛,2024-09-27,9869
2881,富邦金,24,12,12,元大-新盛,2024-09-27,9869
9927,泰銘,11,0,11,元大-新盛,2024-09-27,9869
2601,益航,13,2,11,元大-新盛,2024-09-27,9869
2402,毅嘉,17,6,11,元大-新盛,2024-09-27,9869
00637L,元大滬深300正2,1114,670,444,元大-新盛,2024-09-30,9869
00919,群益台灣精選高息,158,2,156,元大-新盛,2024-09-30,9869
00929,復華台灣科技優息,149,7,142,元大-新盛,2024-09-30,9869
00679B,元大美債20年,106,19,87,元大-新盛,2024-09-30,9869
3625,西勝,86,0,86,元大-新盛,2024-09-30,9869
2014,中鴻,83,19,64,元大-新盛,2024-09-30,9869
00680L,元大美債20正2,57,0,57,元大-新盛,2024-09-30,9869
0056,元大高股息,60,4,56,元大-新盛,2024-09-30,9869
00960,野村全球航運龍頭,64,9,55,元大-新盛,2024-09-30,9869
1314,中石化,56,1,55,元大-新盛,2024-09-30,9869
2027,大成鋼,52,0,52,元大-新盛,2024-09-30,9869
8076,伍豐,40,0,40,元大-新盛,2024-09-30,9869
00881,國泰台灣5G+,40,2,38,元大-新盛,2024-09-30,9869
00937B,群益ESG投等債20,48,13,35,元大-新盛,2024-09-30,9869
2363,矽統,82,52,30,元大-新盛,2024-09-30,9869
2883,凱基金,50,21,29,元大-新盛,2024-09-30,9869
2330,台積電,32,4,28,元大-新盛,2024-09-30,9869
00934,中信成長高股息,32,4,28,元大-新盛,2024-09-30,9869
00687B,國泰20年美債,29,2,27,元大-新盛,2024-09-30,9869
6505,台塑化,27,1,26,元大-新盛,2024-09-30,9869
00878,國泰永續高股息,38,13,25,元大-新盛,2024-09-30,9869
2353,宏��,25,0,25,元大-新盛,2024-09-30,9869
2104,國際中橡,30,5,25,元大-新盛,2024-09-30,9869
4927,泰鼎-KY,24,0,24,元大-新盛,2024-09-30,9869
2615,萬海,64,40,24,元大-新盛,2024-09-30,9869
2609,陽明,169,146,23,元大-新盛,2024-09-30,9869
2603,長榮,28,6,22,元大-新盛,2024-09-30,9869
8150,南茂,22,0,22,元大-新盛,2024-09-30,9869
00945B,凱基美國非投等債,22,0,22,元大-新盛,2024-09-30,9869
3062,建漢,21,0,21,元大-新盛,2024-09-30,9869
3605,宏致,21,0,21,元大-新盛,2024-09-30,9869
4306,炎洲,20,0,20,元大-新盛,2024-09-30,9869
6191,精成科,20,0,20,元大-新盛,2024-09-30,9869
5398,慕康生醫,20,0,20,元大-新盛,2024-09-30,9869
1608,華榮,25,6,19,元大-新盛,2024-09-30,9869
00918,大華優利高填息30,29,10,19,元大-新盛,2024-09-30,9869
2489,瑞軒,19,1,18,元大-新盛,2024-09-30,9869
3305,昇貿,23,5,18,元大-新盛,2024-09-30,9869
2354,鴻準,43,25,18,元大-新盛,2024-09-30,9869
2323,中環,20,2,18,元大-新盛,2024-09-30,9869
5014,建錩,18,0,18,元大-新盛,2024-09-30,9869
2605,新興,29,11,18,元大-新盛,2024-09-30,9869
2641,正德,18,1,17,元大-新盛,2024-09-30,9869
00935,野村臺灣新科技50,16,0,16,元大-新盛,2024-09-30,9869
1802,台玻,133,117,16,元大-新盛,2024-09-30,9869
5324,士開,15,0,15,元大-新盛,2024-09-30,9869
00720B,元大投資級公司債,16,1,15,元大-新盛,2024-09-30,9869
00940,元大台灣價值高息,41,26,15,元大-新盛,2024-09-30,9869
1303,南亞,26,11,15,元大-新盛,2024-09-30,9869
4571,鈞興-KY,15,0,15,元大-新盛,2024-09-30,9869
00753L,中信中國50正2,248,105,143,元大-新盛,2024-10-01,9869
00650L,復華香港正2,159,25,134,元大-新盛,2024-10-01,9869
00688L,國泰20年美債正2,103,0,103,元大-新盛,2024-10-01,9869
0056,元大高股息,106,9,97,元大-新盛,2024-10-01,9869
00878,國泰永續高股息,89,9,80,元大-新盛,2024-10-01,9869
00929,復華台灣科技優息,73,0,73,元大-新盛,2024-10-01,9869
2367,燿華,70,1,69,元大-新盛,2024-10-01,9869
6191,精成科,50,0,50,元大-新盛,2024-10-01,9869
2355,敬鵬,50,0,50,元大-新盛,2024-10-01,9869
0061,元大寶滬深,49,1,48,元大-新盛,2024-10-01,9869
2347,聯強,45,0,45,元大-新盛,2024-10-01,9869
00940,元大台灣價值高息,97,52,45,元大-新盛,2024-10-01,9869
3481,群創,51,9,42,元大-新盛,2024-10-01,9869
4772,台特化,39,0,39,元大-新盛,2024-10-01,9869
1609,大亞,32,0,32,元大-新盛,2024-10-01,9869
2883,凱基金,50,21,29,元大-新盛,2024-10-01,9869
2543,皇昌,77,48,29,元大-新盛,2024-10-01,9869
00679B,元大美債20年,33,7,26,元大-新盛,2024-10-01,9869
00850,元大臺灣ESG永續,26,1,25,元大-新盛,2024-10-01,9869
00915,凱基優選高股息30,21,1,20,元大-新盛,2024-10-01,9869
2351,順德,22,2,20,元大-新盛,2024-10-01,9869
2104,國際中橡,20,0,20,元大-新盛,2024-10-01,9869
00922,國泰台灣領袖50,19,0,19,元大-新盛,2024-10-01,9869
00936,台新永續高息中小,20,1,19,元大-新盛,2024-10-01,9869
00632R,元大台灣50反1,138,121,17,元大-新盛,2024-10-01,9869
2317,鴻海,18,2,16,元大-新盛,2024-10-01,9869
00635U,期元大S＆P黃金,16,0,16,元大-新盛,2024-10-01,9869
00655L,國泰中國A50正2,16,0,16,元大-新盛,2024-10-01,9869
00948B,中信優息投資級債,15,0,15,元大-新盛,2024-10-01,9869
3033,威健,15,0,15,元大-新盛,2024-10-01,9869
6548,長科*,15,1,14,元大-新盛,2024-10-01,9869
00887,永豐中國科技50大,15,2,13,元大-新盛,2024-10-01,9869
2406,國碩,13,0,13,元大-新盛,2024-10-01,9869
2455,全新,21,9,12,元大-新盛,2024-10-01,9869
00713,元大台灣高息低波,13,1,12,元大-新盛,2024-10-01,9869
006208,富邦台50,12,0,12,元大-新盛,2024-10-01,9869
3605,宏致,12,0,12,元大-新盛,2024-10-01,9869
2887,台新金,11,0,11,元大-新盛,2024-10-01,9869
2855,統一證,11,0,11,元大-新盛,2024-10-01,9869
6770,力積電,31,20,11,元大-新盛,2024-10-01,9869
3380,明泰,10,0,10,元大-新盛,2024-10-01,9869
00958B,永豐ESG銀行債15,13,3,10,元大-新盛,2024-10-01,9869
00943,兆豐電子高息等權,10,0,10,元大-新盛,2024-10-01,9869
6153,嘉聯益,10,0,10,元大-新盛,2024-10-01,9869
8086,宏捷科,10,0,10,元大-新盛,2024-10-01,9869
1737,臺鹽,10,0,10,元大-新盛,2024-10-01,9869
3062,建漢,13,4,9,元大-新盛,2024-10-01,9869
00918,大華優利高填息30,10,0,10,元大-新盛,2024-10-01,9869
00720B,元大投資級公司債,9,0,9,元大-新盛,2024-10-01,9869
6742,澤米,18,9,9,元大-新盛,2024-10-01,9869
00919,群益台灣精選高息,242,22,220,元大-新盛,2024-10-04,9869
00929,復華台灣科技優息,162,9,153,元大-新盛,2024-10-04,9869
2618,長榮航,141,3,138,元大-新盛,2024-10-04,9869
00940,元大台灣價值高息,162,26,136,元大-新盛,2024-10-04,9869
6530,創威,129,0,129,元大-新盛,2024-10-04,9869
00680L,元大美債20正2,180,64,116,元大-新盛,2024-10-04,9869
00878,國泰永續高股息,109,6,103,元大-新盛,2024-10-04,9869
00960,野村全球航運龍頭,129,36,93,元大-新盛,2024-10-04,9869
00934,中信成長高股息,92,0,92,元大-新盛,2024-10-04,9869
0056,元大高股息,136,49,87,元大-新盛,2024-10-04,9869
00887,永豐中國科技50大,129,55,74,元大-新盛,2024-10-04,9869
5014,建錩,73,4,69,元大-新盛,2024-10-04,9869
2609,陽明,84,17,67,元大-新盛,2024-10-04,9869
2603,長榮,86,28,58,元大-新盛,2024-10-04,9869
00650L,復華香港正2,285,228,57,元大-新盛,2024-10-04,9869
3703,欣陸,54,0,54,元大-新盛,2024-10-04,9869
2884,玉山金,52,2,50,元大-新盛,2024-10-04,9869
8068,全達,43,0,43,元大-新盛,2024-10-04,9869
4303,信立,41,1,40,元大-新盛,2024-10-04,9869
4903,聯光通,57,20,37,元大-新盛,2024-10-04,9869
5469,瀚宇博,30,0,30,元大-新盛,2024-10-04,9869
00877,復華中國5G,30,0,30,元大-新盛,2024-10-04,9869
2324,仁寶,31,1,30,元大-新盛,2024-10-04,9869
00918,大華優利高填息30,49,21,28,元大-新盛,2024-10-04,9869
2615,萬海,29,2,27,元大-新盛,2024-10-04,9869
00885,富邦越南,35,9,26,元大-新盛,2024-10-04,9869
2385,群光,26,0,26,元大-新盛,2024-10-04,9869
0050,元大台灣50,27,2,25,元大-新盛,2024-10-04,9869
1609,大亞,26,1,25,元大-新盛,2024-10-04,9869
2308,台達電,24,1,23,元大-新盛,2024-10-04,9869
3050,鈺德,24,2,22,元大-新盛,2024-10-04,9869
00706L,期元大S＆P日圓正2,22,0,22,元大-新盛,2024-10-04,9869
1313,聯成,25,4,21,元大-新盛,2024-10-04,9869
1530,亞崴,20,0,20,元大-新盛,2024-10-04,9869
6190,萬泰科,20,0,20,元大-新盛,2024-10-04,9869
2243,宏旭-KY,20,0,20,元大-新盛,2024-10-04,9869
6754,匯僑設計,20,0,20,元大-新盛,2024-10-04,9869
8421,旭源,20,0,20,元大-新盛,2024-10-04,9869
3141,晶宏,22,3,19,元大-新盛,2024-10-04,9869
2610,華航,17,0,17,元大-新盛,2024-10-04,9869
00688L,國泰20年美債正2,27,10,17,元大-新盛,2024-10-04,9869
2353,宏��,17,0,17,元大-新盛,2024-10-04,9869
1522,堤維西,17,0,17,元大-新盛,2024-10-04,9869
1444,力麗,16,0,16,元大-新盛,2024-10-04,9869
00939,統一台灣高息動能,15,0,15,元大-新盛,2024-10-04,9869
00751B,元大AAA至A公司債,19,4,15,元大-新盛,2024-10-04,9869
00632R,元大台灣50反1,30,15,15,元大-新盛,2024-10-04,9869
3376,新日興,19,5,14,元大-新盛,2024-10-04,9869
00891,中信關鍵半導體,14,1,13,元大-新盛,2024-10-04,9869
9105,泰金寶-DR,15,2,13,元大-新盛,2024-10-04,9869
00637L,元大滬深300正2,1320,907,413,元大-新盛,2024-10-07,9869
00680L,元大美債20正2,192,32,160,元大-新盛,2024-10-07,9869
00632R,元大台灣50反1,1140,1011,129,元大-新盛,2024-10-07,9869
00948B,中信優息投資級債,95,0,95,元大-新盛,2024-10-07,9869
2884,玉山金,98,8,90,元大-新盛,2024-10-07,9869
2409,友達,91,7,84,元大-新盛,2024-10-07,9869
00665L,富邦�琤肭磪囓�2,82,12,70,元大-新盛,2024-10-07,9869
00688L,國泰20年美債正2,86,28,58,元大-新盛,2024-10-07,9869
00687B,國泰20年美債,68,19,49,元大-新盛,2024-10-07,9869
2911,麗嬰房,50,3,47,元大-新盛,2024-10-07,9869
0056,元大高股息,73,27,46,元大-新盛,2024-10-07,9869
1301,台塑,61,18,43,元大-新盛,2024-10-07,9869
2351,順德,42,0,42,元大-新盛,2024-10-07,9869
2355,敬鵬,40,0,40,元大-新盛,2024-10-07,9869
00706L,期元大S＆P日圓正2,36,0,36,元大-新盛,2024-10-07,9869
2498,宏達電,34,1,33,元大-新盛,2024-10-07,9869
4745,合富-KY,33,1,32,元大-新盛,2024-10-07,9869
5457,宣德,30,0,30,元大-新盛,2024-10-07,9869
0061,元大寶滬深,53,23,30,元大-新盛,2024-10-07,9869
2408,南亞科,38,9,29,元大-新盛,2024-10-07,9869
00725B,國泰投資級公司債,29,0,29,元大-新盛,2024-10-07,9869
2897A,王道銀甲特,29,0,29,元大-新盛,2024-10-07,9869
00646,元大S＆P500,29,1,28,元大-新盛,2024-10-07,9869
00639,富邦深100,65,38,27,元大-新盛,2024-10-07,9869
5351,鈺創,23,0,23,元大-新盛,2024-10-07,9869
00940,元大台灣價值高息,75,53,22,元大-新盛,2024-10-07,9869
00933B,國泰10Y+金融債,21,0,21,元大-新盛,2024-10-07,9869
00712,復華富時不動產,61,40,21,元大-新盛,2024-10-07,9869
4772,台特化,21,0,21,元大-新盛,2024-10-07,9869
3062,建漢,35,14,21,元大-新盛,2024-10-07,9869
3706,神達,22,2,20,元大-新盛,2024-10-07,9869
4927,泰鼎-KY,20,0,20,元大-新盛,2024-10-07,9869
1809,中釉,22,2,20,元大-新盛,2024-10-07,9869
00679B,元大美債20年,46,27,19,元大-新盛,2024-10-07,9869
2353,宏��,19,1,18,元大-新盛,2024-10-07,9869
8039,台虹,26,8,18,元大-新盛,2024-10-07,9869
8390,金益鼎,17,0,17,元大-新盛,2024-10-07,9869
4532,瑞智,22,6,16,元大-新盛,2024-10-07,9869
3013,晟銘電,18,3,15,元大-新盛,2024-10-07,9869
2312,金寶,33,19,14,元大-新盛,2024-10-07,9869
00700,富邦�琤肭磪�,20,6,14,元大-新盛,2024-10-07,9869
2867,三商壽,19,5,14,元大-新盛,2024-10-07,9869
1101,台泥,30,16,14,元大-新盛,2024-10-07,9869
2885,元大金,20,6,14,元大-新盛,2024-10-07,9869
1314,中石化,26,12,14,元大-新盛,2024-10-07,9869
4958,臻鼎-KY,13,0,13,元大-新盛,2024-10-07,9869
00877,復華中國5G,15,2,13,元大-新盛,2024-10-07,9869
3710,連展投控,15,3,12,元大-新盛,2024-10-07,9869
00924,復華S＆P500成長,12,0,12,元大-新盛,2024-10-07,9869
00783,富邦中証500,12,0,12,元大-新盛,2024-10-07,9869
00637L,元大滬深300正2,1549,871,678,元大-新盛,2024-10-08,9869
0061,元大寶滬深,499,5,494,元大-新盛,2024-10-08,9869
00940,元大台灣價值高息,206,12,194,元大-新盛,2024-10-08,9869
0056,元大高股息,176,28,148,元大-新盛,2024-10-08,9869
00688L,國泰20年美債正2,138,0,138,元大-新盛,2024-10-08,9869
00919,群益台灣精選高息,159,28,131,元大-新盛,2024-10-08,9869
2344,華邦電,113,1,112,元大-新盛,2024-10-08,9869
9105,泰金寶-DR,115,35,80,元大-新盛,2024-10-08,9869
00929,復華台灣科技優息,86,10,76,元大-新盛,2024-10-08,9869
00636,國泰中國A50,79,4,75,元大-新盛,2024-10-08,9869
2385,群光,72,2,70,元大-新盛,2024-10-08,9869
5443,均豪,218,150,68,元大-新盛,2024-10-08,9869
00878,國泰永續高股息,64,0,64,元大-新盛,2024-10-08,9869
00887,永豐中國科技50大,112,50,62,元大-新盛,2024-10-08,9869
00673R,期元大S＆P原油反1,60,0,60,元大-新盛,2024-10-08,9869
2355,敬鵬,50,0,50,元大-新盛,2024-10-08,9869
8076,伍豐,50,0,50,元大-新盛,2024-10-08,9869
00650L,復華香港正2,140,91,49,元大-新盛,2024-10-08,9869
00679B,元大美債20年,44,1,43,元大-新盛,2024-10-08,9869
0050,元大台灣50,57,14,43,元大-新盛,2024-10-08,9869
2883,凱基金,52,12,40,元大-新盛,2024-10-08,9869
3703,欣陸,39,0,39,元大-新盛,2024-10-08,9869
1314,中石化,36,0,36,元大-新盛,2024-10-08,9869
5457,宣德,27,1,26,元大-新盛,2024-10-08,9869
00639,富邦深100,28,2,26,元大-新盛,2024-10-08,9869
5014,建錩,46,21,25,元大-新盛,2024-10-08,9869
2408,南亞科,27,2,25,元大-新盛,2024-10-08,9869
2601,益航,40,16,24,元大-新盛,2024-10-08,9869
00712,復華富時不動產,39,16,23,元大-新盛,2024-10-08,9869
6505,台塑化,27,4,23,元大-新盛,2024-10-08,9869
00891,中信關鍵半導體,24,1,23,元大-新盛,2024-10-08,9869
00922,國泰台灣領袖50,22,0,22,元大-新盛,2024-10-08,9869
1522,堤維西,22,0,22,元大-新盛,2024-10-08,9869
3049,精金,30,8,22,元大-新盛,2024-10-08,9869
2393,億光,24,2,22,元大-新盛,2024-10-08,9869
00918,大華優利高填息30,21,0,21,元大-新盛,2024-10-08,9869
1305,華夏,25,5,20,元大-新盛,2024-10-08,9869
4714,永捷,19,0,19,元大-新盛,2024-10-08,9869
8404,百和興業-KY,86,68,18,元大-新盛,2024-10-08,9869
3024,憶聲,18,0,18,元大-新盛,2024-10-08,9869
1737,臺鹽,18,0,18,元大-新盛,2024-10-08,9869
3149,正達,69,51,18,元大-新盛,2024-10-08,9869
2891,中信金,25,8,17,元大-新盛,2024-10-08,9869
3037,欣興,27,10,17,元大-新盛,2024-10-08,9869
2353,宏��,17,0,17,元大-新盛,2024-10-08,9869
2354,鴻準,48,32,16,元大-新盛,2024-10-08,9869
5302,太欣,16,0,16,元大-新盛,2024-10-08,9869
2399,映泰,71,56,15,元大-新盛,2024-10-08,9869
3047,訊舟,20,5,15,元大-新盛,2024-10-08,9869
00934,中信成長高股息,16,1,15,元大-新盛,2024-10-08,9869
00637L,元大滬深300正2,596,307,289,元大-新盛,2024-10-09,9869
00753L,中信中國50正2,174,16,158,元大-新盛,2024-10-09,9869
0056,元大高股息,154,15,139,元大-新盛,2024-10-09,9869
00632R,元大台灣50反1,123,4,119,元大-新盛,2024-10-09,9869
020033,統一�琤肮黕篾,75,0,75,元大-新盛,2024-10-09,9869
00665L,富邦�琤肭磪囓�2,345,277,68,元大-新盛,2024-10-09,9869
5014,建錩,58,0,58,元大-新盛,2024-10-09,9869
9105,泰金寶-DR,55,0,55,元大-新盛,2024-10-09,9869
2486,一詮,68,18,50,元大-新盛,2024-10-09,9869
2374,佳能,49,2,47,元大-新盛,2024-10-09,9869
00639,富邦深100,60,15,45,元大-新盛,2024-10-09,9869
4766,南寶,45,0,45,元大-新盛,2024-10-09,9869
2888,新光金,51,11,40,元大-新盛,2024-10-09,9869
1314,中石化,86,46,40,元大-新盛,2024-10-09,9869
2303,聯電,59,21,38,元大-新盛,2024-10-09,9869
0061,元大寶滬深,41,3,38,元大-新盛,2024-10-09,9869
3703,欣陸,37,0,37,元大-新盛,2024-10-09,9869
00687B,國泰20年美債,36,0,36,元大-新盛,2024-10-09,9869
00940,元大台灣價值高息,81,47,34,元大-新盛,2024-10-09,9869
00633L,富邦上証正2,34,1,33,元大-新盛,2024-10-09,9869
2887,台新金,35,2,33,元大-新盛,2024-10-09,9869
2355,敬鵬,30,0,30,元大-新盛,2024-10-09,9869
00937B,群益ESG投等債20,36,7,29,元大-新盛,2024-10-09,9869
6658,聯策,30,1,29,元大-新盛,2024-10-09,9869
00688L,國泰20年美債正2,29,0,29,元大-新盛,2024-10-09,9869
00712,復華富時不動產,29,0,29,元大-新盛,2024-10-09,9869
3049,精金,45,17,28,元大-新盛,2024-10-09,9869
2543,皇昌,35,7,28,元大-新盛,2024-10-09,9869
00948B,中信優息投資級債,27,0,27,元大-新盛,2024-10-09,9869
00960,野村全球航運龍頭,27,1,26,元大-新盛,2024-10-09,9869
2408,南亞科,30,5,25,元大-新盛,2024-10-09,9869
00929,復華台灣科技優息,27,3,24,元大-新盛,2024-10-09,9869
4420,光明,23,0,23,元大-新盛,2024-10-09,9869
00679B,元大美債20年,41,20,21,元大-新盛,2024-10-09,9869
2614,東森,21,0,21,元大-新盛,2024-10-09,9869
00922,國泰台灣領袖50,24,3,21,元大-新盛,2024-10-09,9869
2548,華固,20,0,20,元大-新盛,2024-10-09,9869
2367,燿華,29,9,20,元大-新盛,2024-10-09,9869
3430,奇鈦科,20,1,19,元大-新盛,2024-10-09,9869
3047,訊舟,24,6,18,元大-新盛,2024-10-09,9869
6226,光鼎,17,0,17,元大-新盛,2024-10-09,9869
00650L,復華香港正2,41,25,16,元大-新盛,2024-10-09,9869
8028,昇陽半導體,35,19,16,元大-新盛,2024-10-09,9869
00636,國泰中國A50,16,0,16,元大-新盛,2024-10-09,9869
8446,華研,16,0,16,元大-新盛,2024-10-09,9869
3062,建漢,23,7,16,元大-新盛,2024-10-09,9869
2867,三商壽,15,0,15,元大-新盛,2024-10-09,9869
5876,上海商銀,15,0,15,元大-新盛,2024-10-09,9869
2002,中鋼,21,7,14,元大-新盛,2024-10-09,9869
5871,中租-KY,16,2,14,元大-新盛,2024-10-09,9869
00680L,元大美債20正2,518,30,488,元大-新盛,2024-10-11,9869
00637L,元大滬深300正2,456,72,384,元大-新盛,2024-10-11,9869
00688L,國泰20年美債正2,135,0,135,元大-新盛,2024-10-11,9869
1721,三晃,115,27,88,元大-新盛,2024-10-11,9869
00679B,元大美債20年,66,0,66,元大-新盛,2024-10-11,9869
00919,群益台灣精選高息,78,16,62,元大-新盛,2024-10-11,9869
2355,敬鵬,50,0,50,元大-新盛,2024-10-11,9869
2530,華建,50,2,48,元大-新盛,2024-10-11,9869
2356,英業達,58,15,43,元大-新盛,2024-10-11,9869
020020,元大台股領航N,41,0,41,元大-新盛,2024-10-11,9869
3013,晟銘電,52,12,40,元大-新盛,2024-10-11,9869
00751B,元大AAA至A公司債,39,0,39,元大-新盛,2024-10-11,9869
00929,復華台灣科技優息,48,11,37,元大-新盛,2024-10-11,9869
2887,台新金,39,3,36,元大-新盛,2024-10-11,9869
3289,宜特,35,2,33,元大-新盛,2024-10-11,9869
6152,百一,34,1,33,元大-新盛,2024-10-11,9869
3149,正達,77,48,29,元大-新盛,2024-10-11,9869
00633L,富邦上証正2,28,0,28,元大-新盛,2024-10-11,9869
00720B,元大投資級公司債,28,0,28,元大-新盛,2024-10-11,9869
00665L,富邦�琤肭磪囓�2,39,11,28,元大-新盛,2024-10-11,9869
8089,康全電訊,32,5,27,元大-新盛,2024-10-11,9869
0056,元大高股息,38,13,25,元大-新盛,2024-10-11,9869
2548,華固,24,0,24,元大-新盛,2024-10-11,9869
00960,野村全球航運龍頭,22,0,22,元大-新盛,2024-10-11,9869
00940,元大台灣價值高息,40,19,21,元大-新盛,2024-10-11,9869
1584,精剛,21,0,21,元大-新盛,2024-10-11,9869
2615,萬海,20,0,20,元大-新盛,2024-10-11,9869
00857B,永豐20年美公債,20,0,20,元大-新盛,2024-10-11,9869
2104,國際中橡,20,0,20,元大-新盛,2024-10-11,9869
1909,榮成,20,0,20,元大-新盛,2024-10-11,9869
1313,聯成,19,0,19,元大-新盛,2024-10-11,9869
8111,立��,33,14,19,元大-新盛,2024-10-11,9869
2906,高林,18,0,18,元大-新盛,2024-10-11,9869
2324,仁寶,20,3,17,元大-新盛,2024-10-11,9869
00922,國泰台灣領袖50,18,1,17,元大-新盛,2024-10-11,9869
2303,聯電,17,2,15,元大-新盛,2024-10-11,9869
2388,威盛,18,3,15,元大-新盛,2024-10-11,9869
2888,新光金,16,1,15,元大-新盛,2024-10-11,9869
2408,南亞科,24,9,15,元大-新盛,2024-10-11,9869
1815,富喬,15,0,15,元大-新盛,2024-10-11,9869
3661,世芯-KY,15,0,15,元大-新盛,2024-10-11,9869
00900,富邦特選高股息30,24,10,14,元大-新盛,2024-10-11,9869
4545,銘鈺,14,1,13,元大-新盛,2024-10-11,9869
2881,富邦金,12,0,12,元大-新盛,2024-10-11,9869
1605,華新,14,2,12,元大-新盛,2024-10-11,9869
00655L,國泰中國A50正2,12,0,12,元大-新盛,2024-10-11,9869
1593,祺驊,12,0,12,元大-新盛,2024-10-11,9869
00948B,中信優息投資級債,11,0,11,元大-新盛,2024-10-11,9869
2614,東森,10,0,10,元大-新盛,2024-10-11,9869
3346,麗清,10,0,10,元大-新盛,2024-10-11,9869
2888,新光金,204,32,172,元大-新盛,2024-10-14,9869
00887,永豐中國科技50大,173,12,161,元大-新盛,2024-10-14,9869
00688L,國泰20年美債正2,132,0,132,元大-新盛,2024-10-14,9869
0056,元大高股息,161,46,115,元大-新盛,2024-10-14,9869
00680L,元大美債20正2,83,0,83,元大-新盛,2024-10-14,9869
00940,元大台灣價值高息,122,47,75,元大-新盛,2024-10-14,9869
00937B,群益ESG投等債20,86,14,72,元大-新盛,2024-10-14,9869
8215,明基材,50,0,50,元大-新盛,2024-10-14,9869
00679B,元大美債20年,80,37,43,元大-新盛,2024-10-14,9869
9105,泰金寶-DR,192,149,43,元大-新盛,2024-10-14,9869
00919,群益台灣精選高息,72,32,40,元大-新盛,2024-10-14,9869
00650L,復華香港正2,40,5,35,元大-新盛,2024-10-14,9869
00795B,中信美國公債20年,36,2,34,元大-新盛,2024-10-14,9869
3703,欣陸,31,0,31,元大-新盛,2024-10-14,9869
3019,亞光,44,13,31,元大-新盛,2024-10-14,9869
3576,聯合再生,30,0,30,元大-新盛,2024-10-14,9869
6706,惠特,27,1,26,元大-新盛,2024-10-14,9869
00712,復華富時不動產,22,0,22,元大-新盛,2024-10-14,9869
00878,國泰永續高股息,24,2,22,元大-新盛,2024-10-14,9869
0061,元大寶滬深,23,1,22,元大-新盛,2024-10-14,9869
00636,國泰中國A50,21,1,20,元大-新盛,2024-10-14,9869
4927,泰鼎-KY,30,10,20,元大-新盛,2024-10-14,9869
2408,南亞科,31,12,19,元大-新盛,2024-10-14,9869
2392,正崴,22,3,19,元大-新盛,2024-10-14,9869
2317,鴻海,32,15,17,元大-新盛,2024-10-14,9869
2327,國巨,20,3,17,元大-新盛,2024-10-14,9869
00945B,凱基美國非投等債,16,0,16,元大-新盛,2024-10-14,9869
00753L,中信中國50正2,15,0,15,元大-新盛,2024-10-14,9869
5880,合庫金,15,0,15,元大-新盛,2024-10-14,9869
2421,建準,32,17,15,元大-新盛,2024-10-14,9869
00922,國泰台灣領袖50,19,5,14,元大-新盛,2024-10-14,9869
2312,金寶,68,54,14,元大-新盛,2024-10-14,9869
6190,萬泰科,14,0,14,元大-新盛,2024-10-14,9869
00725B,國泰投資級公司債,13,0,13,元大-新盛,2024-10-14,9869
00857B,永豐20年美公債,12,0,12,元大-新盛,2024-10-14,9869
1314,中石化,12,0,12,元大-新盛,2024-10-14,9869
4772,台特化,12,0,12,元大-新盛,2024-10-14,9869
6191,精成科,11,0,11,元大-新盛,2024-10-14,9869
6505,台塑化,13,2,11,元大-新盛,2024-10-14,9869
3363,上詮,12,2,10,元大-新盛,2024-10-14,9869
00948B,中信優息投資級債,10,0,10,元大-新盛,2024-10-14,9869
6174,安��,11,1,10,元大-新盛,2024-10-14,9869
2104,國際中橡,10,0,10,元大-新盛,2024-10-14,9869
1802,台玻,10,0,10,元大-新盛,2024-10-14,9869
00665L,富邦�琤肭磪囓�2,14,4,10,元大-新盛,2024-10-14,9869
2426,鼎元,33,23,10,元大-新盛,2024-10-14,9869
00905,FT臺灣Smart,10,0,10,元大-新盛,2024-10-14,9869
2867,三商壽,10,0,10,元大-新盛,2024-10-14,9869
3406,玉晶光,10,0,10,元大-新盛,2024-10-14,9869
2855,統一證,10,0,10,元大-新盛,2024-10-14,9869
00637L,元大滬深300正2,391,27,364,元大-新盛,2024-10-15,9869
00937B,群益ESG投等債20,174,2,172,元大-新盛,2024-10-15,9869
00679B,元大美債20年,139,10,129,元大-新盛,2024-10-15,9869
00632R,元大台灣50反1,128,0,128,元大-新盛,2024-10-15,9869
00753L,中信中國50正2,98,1,97,元大-新盛,2024-10-15,9869
1314,中石化,96,0,96,元大-新盛,2024-10-15,9869
00919,群益台灣精選高息,77,19,58,元大-新盛,2024-10-15,9869
2383,台光電,56,0,56,元大-新盛,2024-10-15,9869
0056,元大高股息,103,52,51,元大-新盛,2024-10-15,9869
2344,華邦電,50,8,42,元大-新盛,2024-10-15,9869
00712,復華富時不動產,42,1,41,元大-新盛,2024-10-15,9869
00715L,期街口布蘭特正2,40,0,40,元大-新盛,2024-10-15,9869
00725B,國泰投資級公司債,39,0,39,元大-新盛,2024-10-15,9869
6191,精成科,40,1,39,元大-新盛,2024-10-15,9869
2486,一詮,53,15,38,元大-新盛,2024-10-15,9869
2615,萬海,39,5,34,元大-新盛,2024-10-15,9869
1301,台塑,39,10,29,元大-新盛,2024-10-15,9869
3324,雙鴻,30,3,27,元大-新盛,2024-10-15,9869
6274,台燿,30,4,26,元大-新盛,2024-10-15,9869
2399,映泰,58,35,23,元大-新盛,2024-10-15,9869
4956,光鋐,37,14,23,元大-新盛,2024-10-15,9869
6919,康霈*,22,0,22,元大-新盛,2024-10-15,9869
3703,欣陸,22,0,22,元大-新盛,2024-10-15,9869
00636,國泰中國A50,21,0,21,元大-新盛,2024-10-15,9869
00665L,富邦�琤肭磪囓�2,27,7,20,元大-新盛,2024-10-15,9869
2313,華通,25,5,20,元大-新盛,2024-10-15,9869
6546,正基,19,0,19,元大-新盛,2024-10-15,9869
00887,永豐中國科技50大,48,29,19,元大-新盛,2024-10-15,9869
4772,台特化,18,0,18,元大-新盛,2024-10-15,9869
5236,凌陽創新,15,0,15,元大-新盛,2024-10-15,9869
4109,加捷生醫,15,0,15,元大-新盛,2024-10-15,9869
00673R,期元大S＆P原油反1,15,0,15,元大-新盛,2024-10-15,9869
00633L,富邦上証正2,20,5,15,元大-新盛,2024-10-15,9869
00650L,復華香港正2,34,20,14,元大-新盛,2024-10-15,9869
2538,基泰,14,0,14,元大-新盛,2024-10-15,9869
00688L,國泰20年美債正2,14,0,14,元大-新盛,2024-10-15,9869
3711,日月光投控,30,17,13,元大-新盛,2024-10-15,9869
00687B,國泰20年美債,12,0,12,元大-新盛,2024-10-15,9869
1513,中興電,13,1,12,元大-新盛,2024-10-15,9869
3189,景碩,15,3,12,元大-新盛,2024-10-15,9869
5457,宣德,12,0,12,元大-新盛,2024-10-15,9869
00943,兆豐電子高息等權,12,0,12,元大-新盛,2024-10-15,9869
0061,元大寶滬深,12,0,12,元大-新盛,2024-10-15,9869
2890,永豐金,12,0,12,元大-新盛,2024-10-15,9869
3576,聯合再生,11,0,11,元大-新盛,2024-10-15,9869
6190,萬泰科,14,3,11,元大-新盛,2024-10-15,9869
00655L,國泰中國A50正2,11,0,11,元大-新盛,2024-10-15,9869
2498,宏達電,12,1,11,元大-新盛,2024-10-15,9869
2201,裕隆,10,0,10,元大-新盛,2024-10-15,9869
00960,野村全球航運龍頭,12,2,10,元大-新盛,2024-10-15,9869
00637L,元大滬深300正2,684,411,273,元大-新盛,2024-10-16,9869
0056,元大高股息,165,60,105,元大-新盛,2024-10-16,9869
4576,大銀微系統,179,107,72,元大-新盛,2024-10-16,9869
00887,永豐中國科技50大,52,3,49,元大-新盛,2024-10-16,9869
3710,連展投控,65,24,41,元大-新盛,2024-10-16,9869
8076,伍豐,40,0,40,元大-新盛,2024-10-16,9869
2330,台積電,55,15,40,元大-新盛,2024-10-16,9869
00919,群益台灣精選高息,55,16,39,元大-新盛,2024-10-16,9869
00687B,國泰20年美債,38,0,38,元大-新盛,2024-10-16,9869
00665L,富邦�琤肭磪囓�2,42,10,32,元大-新盛,2024-10-16,9869
2486,一詮,56,25,31,元大-新盛,2024-10-16,9869
00725B,國泰投資級公司債,28,0,28,元大-新盛,2024-10-16,9869
00937B,群益ESG投等債20,56,28,28,元大-新盛,2024-10-16,9869
00642U,期元大S＆P石油,27,2,25,元大-新盛,2024-10-16,9869
2408,南亞科,23,2,21,元大-新盛,2024-10-16,9869
2344,華邦電,21,0,21,元大-新盛,2024-10-16,9869
00795B,中信美國公債20年,21,0,21,元大-新盛,2024-10-16,9869
00751B,元大AAA至A公司債,32,11,21,元大-新盛,2024-10-16,9869
3703,欣陸,21,0,21,元大-新盛,2024-10-16,9869
00922,國泰台灣領袖50,40,21,19,元大-新盛,2024-10-16,9869
00960,野村全球航運龍頭,19,0,19,元大-新盛,2024-10-16,9869
00878,國泰永續高股息,23,5,18,元大-新盛,2024-10-16,9869
00940,元大台灣價值高息,26,9,17,元大-新盛,2024-10-16,9869
2363,矽統,31,15,16,元大-新盛,2024-10-16,9869
00636,國泰中國A50,16,0,16,元大-新盛,2024-10-16,9869
3481,群創,32,16,16,元大-新盛,2024-10-16,9869
0050,元大台灣50,33,18,15,元大-新盛,2024-10-16,9869
2881,富邦金,15,1,14,元大-新盛,2024-10-16,9869
2388,威盛,16,2,14,元大-新盛,2024-10-16,9869
2882,國泰金,14,0,14,元大-新盛,2024-10-16,9869
2888,新光金,31,16,15,元大-新盛,2024-10-16,9869
3363,上詮,14,0,14,元大-新盛,2024-10-16,9869
5880,合庫金,14,0,14,元大-新盛,2024-10-16,9869
00712,復華富時不動產,24,10,14,元大-新盛,2024-10-16,9869
00713,元大台灣高息低波,15,1,14,元大-新盛,2024-10-16,9869
2303,聯電,15,2,13,元大-新盛,2024-10-16,9869
5009,榮剛,13,0,13,元大-新盛,2024-10-16,9869
00679B,元大美債20年,28,15,13,元大-新盛,2024-10-16,9869
9105,泰金寶-DR,120,107,13,元大-新盛,2024-10-16,9869
00934,中信成長高股息,12,0,12,元大-新盛,2024-10-16,9869
5457,宣德,12,0,12,元大-新盛,2024-10-16,9869
5202,力新,12,0,12,元大-新盛,2024-10-16,9869
6274,台燿,12,0,12,元大-新盛,2024-10-16,9869
00905,FT臺灣Smart,11,0,11,元大-新盛,2024-10-16,9869
2002,中鋼,11,0,11,元大-新盛,2024-10-16,9869
00946,群益科技高息成長,11,0,11,元大-新盛,2024-10-16,9869
3450,聯鈞,43,33,10,元大-新盛,2024-10-16,9869
1319,東陽,10,0,10,元大-新盛,2024-10-16,9869
2890,永豐金,10,0,10,元大-新盛,2024-10-16,9869
3346,麗清,10,0,10,元大-新盛,2024-10-16,9869
0056,元大高股息,217,15,202,元大-新盛,2024-10-17,9869
00637L,元大滬深300正2,350,205,145,元大-新盛,2024-10-17,9869
2399,映泰,145,40,105,元大-新盛,2024-10-17,9869
00639,富邦深100,100,0,100,元大-新盛,2024-10-17,9869
3710,連展投控,77,16,61,元大-新盛,2024-10-17,9869
3498,陽程,62,2,60,元大-新盛,2024-10-17,9869
00922,國泰台灣領袖50,59,0,59,元大-新盛,2024-10-17,9869
9105,泰金寶-DR,102,49,53,元大-新盛,2024-10-17,9869
4716,大立,50,0,50,元大-新盛,2024-10-17,9869
2883,凱基金,82,39,43,元大-新盛,2024-10-17,9869
4909,新復興,42,1,41,元大-新盛,2024-10-17,9869
00887,永豐中國科技50大,49,12,37,元大-新盛,2024-10-17,9869
00923,群益台ESG低碳50,44,7,37,元大-新盛,2024-10-17,9869
3149,正達,49,19,30,元大-新盛,2024-10-17,9869
00937B,群益ESG投等債20,39,9,30,元大-新盛,2024-10-17,9869
00753L,中信中國50正2,29,1,28,元大-新盛,2024-10-17,9869
6134,萬旭,32,5,27,元大-新盛,2024-10-17,9869
00882,中信中國高股息,70,43,27,元大-新盛,2024-10-17,9869
2891,中信金,30,4,26,元大-新盛,2024-10-17,9869
00665L,富邦�琤肭磪囓�2,27,1,26,元大-新盛,2024-10-17,9869
3702A,大聯大甲特,25,0,25,元大-新盛,2024-10-17,9869
6116,彩晶,25,0,25,元大-新盛,2024-10-17,9869
00679B,元大美債20年,25,1,24,元大-新盛,2024-10-17,9869
5347,世界,21,0,21,元大-新盛,2024-10-17,9869
6829,千附精密,21,1,20,元大-新盛,2024-10-17,9869
00941,中信上游半導體,20,0,20,元大-新盛,2024-10-17,9869
00650L,復華香港正2,25,5,20,元大-新盛,2024-10-17,9869
1528,恩德,33,15,18,元大-新盛,2024-10-17,9869
2332,友訊,17,0,17,元大-新盛,2024-10-17,9869
00881,國泰台灣5G+,23,6,17,元大-新盛,2024-10-17,9869
00878,國泰永續高股息,31,15,16,元大-新盛,2024-10-17,9869
2317,鴻海,43,27,16,元大-新盛,2024-10-17,9869
4979,華星光,27,12,15,元大-新盛,2024-10-17,9869
00933B,國泰10Y+金融債,16,1,15,元大-新盛,2024-10-17,9869
2303,聯電,17,3,14,元大-新盛,2024-10-17,9869
3209,全科,23,8,15,元大-新盛,2024-10-17,9869
3017,奇鋐,15,1,14,元大-新盛,2024-10-17,9869
00631L,元大台灣50正2,19,5,14,元大-新盛,2024-10-17,9869
00680L,元大美債20正2,19,6,13,元大-新盛,2024-10-17,9869
5324,士開,18,5,13,元大-新盛,2024-10-17,9869
2543,皇昌,40,28,12,元大-新盛,2024-10-17,9869
2458,義隆,12,0,12,元大-新盛,2024-10-17,9869
6449,鈺邦,12,0,12,元大-新盛,2024-10-17,9869
00931B,統一美債20年,12,0,12,元大-新盛,2024-10-17,9869
00725B,國泰投資級公司債,11,0,11,元大-新盛,2024-10-17,9869
1587,吉茂,11,0,11,元大-新盛,2024-10-17,9869
6168,宏齊,10,0,10,元大-新盛,2024-10-17,9869
00730,富邦臺灣優質高息,10,0,10,元大-新盛,2024-10-17,9869
1718,中纖,10,0,10,元大-新盛,2024-10-17,9869
6274,台燿,11,1,10,元大-新盛,2024-10-17,9869
00664R,國泰臺灣加權反1,1066,0,1066,元大-新盛,2024-10-18,9869
00632R,元大台灣50反1,369,13,356,元大-新盛,2024-10-18,9869
00937B,群益ESG投等債20,241,50,191,元大-新盛,2024-10-18,9869
2421,建準,185,13,172,元大-新盛,2024-10-18,9869
00680L,元大美債20正2,158,16,142,元大-新盛,2024-10-18,9869
00882,中信中國高股息,87,24,63,元大-新盛,2024-10-18,9869
2303,聯電,74,12,62,元大-新盛,2024-10-18,9869
00795B,中信美國公債20年,60,1,59,元大-新盛,2024-10-18,9869
0056,元大高股息,77,19,58,元大-新盛,2024-10-18,9869
1540,喬福,97,44,53,元大-新盛,2024-10-18,9869
2530,華建,52,0,52,元大-新盛,2024-10-18,9869
00679B,元大美債20年,76,28,48,元大-新盛,2024-10-18,9869
2332,友訊,70,23,47,元大-新盛,2024-10-18,9869
00887,永豐中國科技50大,48,1,47,元大-新盛,2024-10-18,9869
2889,國票金,40,0,40,元大-新盛,2024-10-18,9869
2365,昆盈,39,2,37,元大-新盛,2024-10-18,9869
3037,欣興,51,14,37,元大-新盛,2024-10-18,9869
00919,群益台灣精選高息,65,28,37,元大-新盛,2024-10-18,9869
00687B,國泰20年美債,93,58,35,元大-新盛,2024-10-18,9869
3481,群創,126,92,34,元大-新盛,2024-10-18,9869
00636,國泰中國A50,31,0,31,元大-新盛,2024-10-18,9869
5347,世界,30,1,29,元大-新盛,2024-10-18,9869
2867,三商壽,32,3,29,元大-新盛,2024-10-18,9869
00646,元大S＆P500,31,3,28,元大-新盛,2024-10-18,9869
00688L,國泰20年美債正2,25,0,25,元大-新盛,2024-10-18,9869
6190,萬泰科,25,0,25,元大-新盛,2024-10-18,9869
2615,萬海,39,15,24,元大-新盛,2024-10-18,9869
2367,燿華,45,21,24,元大-新盛,2024-10-18,9869
2374,佳能,28,5,23,元大-新盛,2024-10-18,9869
4562,穎漢,34,13,21,元大-新盛,2024-10-18,9869
5392,能率,46,26,20,元大-新盛,2024-10-18,9869
00650L,復華香港正2,20,0,20,元大-新盛,2024-10-18,9869
5009,榮剛,20,0,20,元大-新盛,2024-10-18,9869
6116,彩晶,20,1,19,元大-新盛,2024-10-18,9869
2449,京元電子,27,9,18,元大-新盛,2024-10-18,9869
1528,恩德,30,13,17,元大-新盛,2024-10-18,9869
00922,國泰台灣領袖50,29,12,17,元大-新盛,2024-10-18,9869
3312,弘憶股,27,11,16,元大-新盛,2024-10-18,9869
8070,長華*,18,2,16,元大-新盛,2024-10-18,9869
2887,台新金,16,0,16,元大-新盛,2024-10-18,9869
00725B,國泰投資級公司債,15,0,15,元大-新盛,2024-10-18,9869
3149,正達,33,18,15,元大-新盛,2024-10-18,9869
4510,高鋒,33,18,15,元大-新盛,2024-10-18,9869
00751B,元大AAA至A公司債,15,0,15,元大-新盛,2024-10-18,9869
2603,長榮,26,11,15,元大-新盛,2024-10-18,9869
4545,銘鈺,13,0,13,元大-新盛,2024-10-18,9869
3227,原相,14,2,12,元大-新盛,2024-10-18,9869
2368,金像電,14,2,12,元大-新盛,2024-10-18,9869
00946,群益科技高息成長,12,0,12,元大-新盛,2024-10-18,9869
1799,易威,12,0,12,元大-新盛,2024-10-18,9869
5880,合庫金,403,0,403,元大-新盛,2024-10-21,9869
2883,凱基金,211,4,207,元大-新盛,2024-10-21,9869
00937B,群益ESG投等債20,215,86,129,元大-新盛,2024-10-21,9869
6609,瀧澤科,96,3,93,元大-新盛,2024-10-21,9869
00882,中信中國高股息,79,1,78,元大-新盛,2024-10-21,9869
00929,復華台灣科技優息,90,15,75,元大-新盛,2024-10-21,9869
2881,富邦金,51,2,49,元大-新盛,2024-10-21,9869
00948B,中信優息投資級債,45,0,45,元大-新盛,2024-10-21,9869
9105,泰金寶-DR,53,10,43,元大-新盛,2024-10-21,9869
2832,台產,40,0,40,元大-新盛,2024-10-21,9869
2882,國泰金,42,5,37,元大-新盛,2024-10-21,9869
00945B,凱基美國非投等債,36,0,36,元大-新盛,2024-10-21,9869
00877,復華中國5G,34,0,34,元大-新盛,2024-10-21,9869
00632R,元大台灣50反1,35,3,32,元大-新盛,2024-10-21,9869
00715L,期街口布蘭特正2,35,5,30,元大-新盛,2024-10-21,9869
00671R,富邦NASDAQ反1,30,0,30,元大-新盛,2024-10-21,9869
00753L,中信中國50正2,30,0,30,元大-新盛,2024-10-21,9869
1477,聚陽,30,0,30,元大-新盛,2024-10-21,9869
00637L,元大滬深300正2,255,225,30,元大-新盛,2024-10-21,9869
00639,富邦深100,30,1,29,元大-新盛,2024-10-21,9869
6788,華景電,30,1,29,元大-新盛,2024-10-21,9869
00679B,元大美債20年,41,13,28,元大-新盛,2024-10-21,9869
00933B,國泰10Y+金融債,29,1,28,元大-新盛,2024-10-21,9869
2618,長榮航,28,3,25,元大-新盛,2024-10-21,9869
00650L,復華香港正2,25,0,25,元大-新盛,2024-10-21,9869
1522,堤維西,25,0,25,元大-新盛,2024-10-21,9869
3209,全科,24,1,23,元大-新盛,2024-10-21,9869
3013,晟銘電,53,30,23,元大-新盛,2024-10-21,9869
00751B,元大AAA至A公司債,24,2,22,元大-新盛,2024-10-21,9869
2890,永豐金,22,0,22,元大-新盛,2024-10-21,9869
3035,智原,26,4,22,元大-新盛,2024-10-21,9869
00857B,永豐20年美公債,22,0,22,元大-新盛,2024-10-21,9869
006208,富邦台50,21,0,21,元大-新盛,2024-10-21,9869
1301,台塑,21,2,19,元大-新盛,2024-10-21,9869
00687B,國泰20年美債,53,35,18,元大-新盛,2024-10-21,9869
6451,訊芯-KY,27,9,18,元大-新盛,2024-10-21,9869
020033,統一�琤肮黕篾,18,0,18,元大-新盛,2024-10-21,9869
2402,毅嘉,22,4,18,元大-新盛,2024-10-21,9869
00922,國泰台灣領袖50,18,1,17,元大-新盛,2024-10-21,9869
00919,群益台灣精選高息,73,57,16,元大-新盛,2024-10-21,9869
2885,元大金,21,5,16,元大-新盛,2024-10-21,9869
6134,萬旭,23,7,16,元大-新盛,2024-10-21,9869
00680L,元大美債20正2,28,12,16,元大-新盛,2024-10-21,9869
5225,東科-KY,16,0,16,元大-新盛,2024-10-21,9869
6127,九豪,16,0,16,元大-新盛,2024-10-21,9869
2002,中鋼,16,0,16,元大-新盛,2024-10-21,9869
2317,鴻海,35,20,15,元大-新盛,2024-10-21,9869
00688L,國泰20年美債正2,15,0,15,元大-新盛,2024-10-21,9869
00752,中信中國50,15,0,15,元大-新盛,2024-10-21,9869
2034,允強,15,0,15,元大-新盛,2024-10-21,9869
5880,合庫金,396,0,396,元大-新盛,2024-10-22,9869
00937B,群益ESG投等債20,395,9,386,元大-新盛,2024-10-22,9869
00688L,國泰20年美債正2,189,3,186,元大-新盛,2024-10-22,9869
3605,宏致,165,2,163,元大-新盛,2024-10-22,9869
00687B,國泰20年美債,225,102,123,元大-新盛,2024-10-22,9869
00959B,大華投等美債15Y+,104,0,104,元大-新盛,2024-10-22,9869
00679B,元大美債20年,186,90,96,元大-新盛,2024-10-22,9869
00712,復華富時不動產,65,0,65,元大-新盛,2024-10-22,9869
3481,群創,76,12,64,元大-新盛,2024-10-22,9869
5469,瀚宇博,63,0,63,元大-新盛,2024-10-22,9869
00919,群益台灣精選高息,72,20,52,元大-新盛,2024-10-22,9869
0056,元大高股息,86,36,50,元大-新盛,2024-10-22,9869
6015,宏遠證,49,0,49,元大-新盛,2024-10-22,9869
2312,金寶,75,32,43,元大-新盛,2024-10-22,9869
1477,聚陽,42,1,41,元大-新盛,2024-10-22,9869
3703,欣陸,36,1,35,元大-新盛,2024-10-22,9869
00887,永豐中國科技50大,42,9,33,元大-新盛,2024-10-22,9869
3706,神達,41,9,32,元大-新盛,2024-10-22,9869
2330,台積電,32,1,31,元大-新盛,2024-10-22,9869
00751B,元大AAA至A公司債,31,0,31,元大-新盛,2024-10-22,9869
00929,復華台灣科技優息,47,16,31,元大-新盛,2024-10-22,9869
2891,中信金,36,6,30,元大-新盛,2024-10-22,9869
1301,台塑,30,0,30,元大-新盛,2024-10-22,9869
3290,東浦,34,7,27,元大-新盛,2024-10-22,9869
00720B,元大投資級公司債,26,0,26,元大-新盛,2024-10-22,9869
00905,FT臺灣Smart,24,0,24,元大-新盛,2024-10-22,9869
00857B,永豐20年美公債,23,1,22,元大-新盛,2024-10-22,9869
00795B,中信美國公債20年,23,1,22,元大-新盛,2024-10-22,9869
2615,萬海,30,8,22,元大-新盛,2024-10-22,9869
1303,南亞,22,0,22,元大-新盛,2024-10-22,9869
2887,台新金,21,0,21,元大-新盛,2024-10-22,9869
0050,元大台灣50,33,13,20,元大-新盛,2024-10-22,9869
00650L,復華香港正2,20,0,20,元大-新盛,2024-10-22,9869
2603,長榮,57,37,20,元大-新盛,2024-10-22,9869
00713,元大台灣高息低波,20,0,20,元大-新盛,2024-10-22,9869
6151,晉倫,48,29,19,元大-新盛,2024-10-22,9869
00933B,國泰10Y+金融債,19,0,19,元大-新盛,2024-10-22,9869
00945B,凱基美國非投等債,18,0,18,元大-新盛,2024-10-22,9869
00922,國泰台灣領袖50,18,1,17,元大-新盛,2024-10-22,9869
3049,精金,31,14,17,元大-新盛,2024-10-22,9869
3189,景碩,148,133,15,元大-新盛,2024-10-22,9869
4716,大立,30,15,15,元大-新盛,2024-10-22,9869
6248,沛波,15,0,15,元大-新盛,2024-10-22,9869
3550,聯穎,23,8,15,元大-新盛,2024-10-22,9869
2363,矽統,27,12,15,元大-新盛,2024-10-22,9869
2344,華邦電,15,0,15,元大-新盛,2024-10-22,9869
2547,日勝生,13,0,13,元大-新盛,2024-10-22,9869
2399,映泰,32,19,13,元大-新盛,2024-10-22,9869
2356,英業達,20,7,13,元大-新盛,2024-10-22,9869
1314,中石化,13,1,12,元大-新盛,2024-10-22,9869
00937B,群益ESG投等債20,295,2,293,元大-新盛,2024-10-23,9869
5880,合庫金,222,0,222,元大-新盛,2024-10-23,9869
3037,欣興,226,29,197,元大-新盛,2024-10-23,9869
2887,台新金,109,1,108,元大-新盛,2024-10-23,9869
4545,銘鈺,73,0,73,元大-新盛,2024-10-23,9869
00712,復華富時不動產,96,30,66,元大-新盛,2024-10-23,9869
6770,力積電,57,0,57,元大-新盛,2024-10-23,9869
00738U,期元大道瓊白銀,58,1,57,元大-新盛,2024-10-23,9869
6151,晉倫,98,45,53,元大-新盛,2024-10-23,9869
00679B,元大美債20年,52,0,52,元大-新盛,2024-10-23,9869
00687B,國泰20年美債,64,20,44,元大-新盛,2024-10-23,9869
2426,鼎元,52,10,42,元大-新盛,2024-10-23,9869
00887,永豐中國科技50大,56,15,41,元大-新盛,2024-10-23,9869
2618,長榮航,65,29,36,元大-新盛,2024-10-23,9869
3532,台勝科,35,0,35,元大-新盛,2024-10-23,9869
2303,聯電,34,3,31,元大-新盛,2024-10-23,9869
00959B,大華投等美債15Y+,30,0,30,元大-新盛,2024-10-23,9869
2929,淘帝-KY,29,0,29,元大-新盛,2024-10-23,9869
2885,元大金,31,2,29,元大-新盛,2024-10-23,9869
2881,富邦金,27,0,27,元大-新盛,2024-10-23,9869
1477,聚陽,28,1,27,元大-新盛,2024-10-23,9869
3715,定穎投控,29,4,25,元大-新盛,2024-10-23,9869
00950B,凱基A級公司債,25,0,25,元大-新盛,2024-10-23,9869
00688L,國泰20年美債正2,25,0,25,元大-新盛,2024-10-23,9869
2369,菱生,40,15,25,元大-新盛,2024-10-23,9869
5521,工信,24,0,24,元大-新盛,2024-10-23,9869
2409,友達,30,8,22,元大-新盛,2024-10-23,9869
6134,萬旭,25,3,22,元大-新盛,2024-10-23,9869
2374,佳能,31,9,22,元大-新盛,2024-10-23,9869
3550,聯穎,22,0,22,元大-新盛,2024-10-23,9869
1727,中華化,39,18,21,元大-新盛,2024-10-23,9869
6015,宏遠證,21,0,21,元大-新盛,2024-10-23,9869
5225,東科-KY,20,0,20,元大-新盛,2024-10-23,9869
1301,台塑,20,0,20,元大-新盛,2024-10-23,9869
8436,大江,20,0,20,元大-新盛,2024-10-23,9869
5202,力新,72,53,19,元大-新盛,2024-10-23,9869
1314,中石化,19,1,18,元大-新盛,2024-10-23,9869
2891,中信金,17,0,17,元大-新盛,2024-10-23,9869
2412,中華電,17,0,17,元大-新盛,2024-10-23,9869
00878,國泰永續高股息,18,1,17,元大-新盛,2024-10-23,9869
00945B,凱基美國非投等債,21,5,16,元大-新盛,2024-10-23,9869
00763U,期街口道瓊銅,15,0,15,元大-新盛,2024-10-23,9869
1474,弘裕,15,0,15,元大-新盛,2024-10-23,9869
8091,翔名,15,0,15,元大-新盛,2024-10-23,9869
5386,青雲,17,3,14,元大-新盛,2024-10-23,9869
8076,伍豐,15,1,14,元大-新盛,2024-10-23,9869
00713,元大台灣高息低波,14,1,13,元大-新盛,2024-10-23,9869
00885,富邦越南,13,0,13,元大-新盛,2024-10-23,9869
2548,華固,12,0,12,元大-新盛,2024-10-23,9869
00680L,元大美債20正2,12,0,12,元大-新盛,2024-10-23,9869
00637L,元大滬深300正2,232,1,231,元大-新盛,2024-10-24,9869
00665L,富邦�琤肭磪囓�2,110,0,110,元大-新盛,2024-10-24,9869
00931B,統一美債20年,105,0,105,元大-新盛,2024-10-24,9869
2888,新光金,103,1,102,元大-新盛,2024-10-24,9869
00937B,群益ESG投等債20,83,0,83,元大-新盛,2024-10-24,9869
2884,玉山金,83,0,83,元大-新盛,2024-10-24,9869
00753L,中信中國50正2,63,0,63,元大-新盛,2024-10-24,9869
1528,恩德,270,214,56,元大-新盛,2024-10-24,9869
00922,國泰台灣領袖50,55,0,55,元大-新盛,2024-10-24,9869
0056,元大高股息,86,35,51,元大-新盛,2024-10-24,9869
4123,晟德,75,28,47,元大-新盛,2024-10-24,9869
2062,橋椿,39,0,39,元大-新盛,2024-10-24,9869
00919,群益台灣精選高息,34,1,33,元大-新盛,2024-10-24,9869
4716,大立,36,5,31,元大-新盛,2024-10-24,9869
00712,復華富時不動產,30,0,30,元大-新盛,2024-10-24,9869
2486,一詮,36,6,30,元大-新盛,2024-10-24,9869
1597,直得,66,39,27,元大-新盛,2024-10-24,9869
3047,訊舟,26,1,25,元大-新盛,2024-10-24,9869
00671R,富邦NASDAQ反1,25,0,25,元大-新盛,2024-10-24,9869
00679B,元大美債20年,32,8,24,元大-新盛,2024-10-24,9869
2388,威盛,38,15,23,元大-新盛,2024-10-24,9869
3209,全科,25,2,23,元大-新盛,2024-10-24,9869
4979,華星光,22,0,22,元大-新盛,2024-10-24,9869
2886,兆豐金,22,0,22,元大-新盛,2024-10-24,9869
2204,中華,22,0,22,元大-新盛,2024-10-24,9869
6191,精成科,22,0,22,元大-新盛,2024-10-24,9869
00945B,凱基美國非投等債,22,0,22,元大-新盛,2024-10-24,9869
1806,冠軍,24,2,22,元大-新盛,2024-10-24,9869
00680L,元大美債20正2,21,0,21,元大-新盛,2024-10-24,9869
2897,王道銀行,20,0,20,元大-新盛,2024-10-24,9869
3652,精聯,21,1,20,元大-新盛,2024-10-24,9869
2303,聯電,25,5,20,元大-新盛,2024-10-24,9869
2369,菱生,36,18,18,元大-新盛,2024-10-24,9869
2317,鴻海,99,82,17,元大-新盛,2024-10-24,9869
3017,奇鋐,26,9,17,元大-新盛,2024-10-24,9869
2634,漢翔,17,0,17,元大-新盛,2024-10-24,9869
5452,佶優,21,4,17,元大-新盛,2024-10-24,9869
2399,映泰,40,25,15,元大-新盛,2024-10-24,9869
1608,華榮,16,1,15,元大-新盛,2024-10-24,9869
3581,博磊,18,4,14,元大-新盛,2024-10-24,9869
00940,元大台灣價值高息,117,104,13,元大-新盛,2024-10-24,9869
3450,聯鈞,28,15,13,元大-新盛,2024-10-24,9869
6763,綠界科技*,18,5,13,元大-新盛,2024-10-24,9869
6706,惠特,20,7,13,元大-新盛,2024-10-24,9869
2344,華邦電,14,1,13,元大-新盛,2024-10-24,9869
2329,華泰,13,1,12,元大-新盛,2024-10-24,9869
3231,緯創,15,3,12,元大-新盛,2024-10-24,9869
0061,元大寶滬深,11,0,11,元大-新盛,2024-10-24,9869
00715L,期街口布蘭特正2,19,8,11,元大-新盛,2024-10-24,9869
2356,英業達,12,1,11,元大-新盛,2024-10-24,9869
00937B,群益ESG投等債20,216,31,185,元大-新盛,2024-10-25,9869
00679B,元大美債20年,118,2,116,元大-新盛,2024-10-25,9869
4545,銘鈺,81,10,71,元大-新盛,2024-10-25,9869
6126,信音,76,15,61,元大-新盛,2024-10-25,9869
00632R,元大台灣50反1,66,5,61,元大-新盛,2024-10-25,9869
2884,玉山金,53,0,53,元大-新盛,2024-10-25,9869
00953B,群益優選非投等債,46,0,46,元大-新盛,2024-10-25,9869
2495,普安,99,54,45,元大-新盛,2024-10-25,9869
2344,華邦電,75,32,43,元大-新盛,2024-10-25,9869
00931B,統一美債20年,41,0,41,元大-新盛,2024-10-25,9869
00688L,國泰20年美債正2,34,0,34,元大-新盛,2024-10-25,9869
6770,力積電,41,9,32,元大-新盛,2024-10-25,9869
6134,萬旭,29,1,28,元大-新盛,2024-10-25,9869
3605,宏致,32,4,28,元大-新盛,2024-10-25,9869
2329,華泰,25,1,24,元大-新盛,2024-10-25,9869
00940,元大台灣價值高息,67,45,22,元大-新盛,2024-10-25,9869
00934,中信成長高股息,27,5,22,元大-新盛,2024-10-25,9869
5469,瀚宇博,21,0,21,元大-新盛,2024-10-25,9869
00960,野村全球航運龍頭,20,0,20,元大-新盛,2024-10-25,9869
2388,威盛,25,6,19,元大-新盛,2024-10-25,9869
1536,和大,30,12,18,元大-新盛,2024-10-25,9869
2303,聯電,21,4,17,元大-新盛,2024-10-25,9869
1806,冠軍,16,0,16,元大-新盛,2024-10-25,9869
2855,統一證,16,0,16,元大-新盛,2024-10-25,9869
8249,菱光,45,29,16,元大-新盛,2024-10-25,9869
00631L,元大台灣50正2,16,1,15,元大-新盛,2024-10-25,9869
00715L,期街口布蘭特正2,14,0,14,元大-新盛,2024-10-25,9869
00878,國泰永續高股息,21,8,13,元大-新盛,2024-10-25,9869
00887,永豐中國科技50大,27,14,13,元大-新盛,2024-10-25,9869
0056,元大高股息,18,6,12,元大-新盛,2024-10-25,9869
6416,瑞祺電通,12,0,12,元大-新盛,2024-10-25,9869
3703,欣陸,13,1,12,元大-新盛,2024-10-25,9869
4952,凌通,11,0,11,元大-新盛,2024-10-25,9869
1305,華夏,11,0,11,元大-新盛,2024-10-25,9869
8403,盛弘,11,0,11,元大-新盛,2024-10-25,9869
4919,新唐,78,68,10,元大-新盛,2024-10-25,9869
6668,中揚光,10,0,10,元大-新盛,2024-10-25,9869
3707,漢磊,13,3,10,元大-新盛,2024-10-25,9869
3029,零壹,17,7,10,元大-新盛,2024-10-25,9869
00640L,富邦日本正2,10,0,10,元大-新盛,2024-10-25,9869
1530,亞崴,10,0,10,元大-新盛,2024-10-25,9869
1909,榮成,10,0,10,元大-新盛,2024-10-25,9869
1101,台泥,12,2,10,元大-新盛,2024-10-25,9869
3289,宜特,10,0,10,元大-新盛,2024-10-25,9869
1326,台化,9,0,9,元大-新盛,2024-10-25,9869
3481,群創,18,10,8,元大-新盛,2024-10-25,9869
00687B,國泰20年美債,9,1,8,元大-新盛,2024-10-25,9869
00900,富邦特選高股息30,7,0,7,元大-新盛,2024-10-25,9869
1301,台塑,14,7,7,元大-新盛,2024-10-25,9869
6505,台塑化,7,0,7,元大-新盛,2024-10-25,9869
00664R,國泰臺灣加權反1,1088,0,1088,元大-新盛,2024-10-28,9869
5880,合庫金,200,1,199,元大-新盛,2024-10-28,9869
00937B,群益ESG投等債20,232,59,173,元大-新盛,2024-10-28,9869
00959B,大華投等美債15Y+,126,0,126,元大-新盛,2024-10-28,9869
00688L,國泰20年美債正2,112,0,112,元大-新盛,2024-10-28,9869
00637L,元大滬深300正2,113,27,86,元大-新盛,2024-10-28,9869
00680L,元大美債20正2,82,13,69,元大-新盛,2024-10-28,9869
4545,銘鈺,71,10,61,元大-新盛,2024-10-28,9869
2646,星宇航空,100,44,56,元大-新盛,2024-10-28,9869
9105,泰金寶-DR,151,96,55,元大-新盛,2024-10-28,9869
1528,恩德,49,5,44,元大-新盛,2024-10-28,9869
00715L,期街口布蘭特正2,53,10,43,元大-新盛,2024-10-28,9869
2884,玉山金,42,1,41,元大-新盛,2024-10-28,9869
2883,凱基金,62,22,40,元大-新盛,2024-10-28,9869
2303,聯電,42,2,40,元大-新盛,2024-10-28,9869
00720B,元大投資級公司債,41,5,36,元大-新盛,2024-10-28,9869
3558,神準,32,0,32,元大-新盛,2024-10-28,9869
5469,瀚宇博,31,0,31,元大-新盛,2024-10-28,9869
0056,元大高股息,55,25,30,元大-新盛,2024-10-28,9869
1319,東陽,29,0,29,元大-新盛,2024-10-28,9869
00933B,國泰10Y+金融債,48,20,28,元大-新盛,2024-10-28,9869
2413,環科,48,22,26,元大-新盛,2024-10-28,9869
00671R,富邦NASDAQ反1,25,0,25,元大-新盛,2024-10-28,9869
3615,安可,33,10,23,元大-新盛,2024-10-28,9869
00948B,中信優息投資級債,23,0,23,元大-新盛,2024-10-28,9869
2317,鴻海,44,23,21,元大-新盛,2024-10-28,9869
00753L,中信中國50正2,20,0,20,元大-新盛,2024-10-28,9869
00712,復華富時不動產,20,0,20,元大-新盛,2024-10-28,9869
2855,統一證,19,0,19,元大-新盛,2024-10-28,9869
00915,凱基優選高股息30,19,0,19,元大-新盛,2024-10-28,9869
3037,欣興,32,14,18,元大-新盛,2024-10-28,9869
2477,美隆電,50,33,17,元大-新盛,2024-10-28,9869
8107,大億金茂,24,7,17,元大-新盛,2024-10-28,9869
1101,台泥,16,0,16,元大-新盛,2024-10-28,9869
2543,皇昌,49,33,16,元大-新盛,2024-10-28,9869
3550,聯穎,16,1,15,元大-新盛,2024-10-28,9869
3551,世禾,15,1,14,元大-新盛,2024-10-28,9869
2486,一詮,26,13,13,元大-新盛,2024-10-28,9869
00679B,元大美債20年,84,71,13,元大-新盛,2024-10-28,9869
00953B,群益優選非投等債,12,0,12,元大-新盛,2024-10-28,9869
2023,燁輝,13,1,12,元大-新盛,2024-10-28,9869
00945B,凱基美國非投等債,12,0,12,元大-新盛,2024-10-28,9869
00751B,元大AAA至A公司債,16,4,12,元大-新盛,2024-10-28,9869
3605,宏致,13,1,12,元大-新盛,2024-10-28,9869
00795B,中信美國公債20年,11,0,11,元大-新盛,2024-10-28,9869
3363,上詮,12,1,11,元大-新盛,2024-10-28,9869
2313,華通,12,1,11,元大-新盛,2024-10-28,9869
00646,元大S＆P500,12,1,11,元大-新盛,2024-10-28,9869
4716,大立,13,2,11,元大-新盛,2024-10-28,9869
6179,亞通,11,0,11,元大-新盛,2024-10-28,9869
00929,復華台灣科技優息,170,6,164,元大-新盛,2024-10-29,9869
0056,元大高股息,183,20,163,元大-新盛,2024-10-29,9869
00919,群益台灣精選高息,169,47,122,元大-新盛,2024-10-29,9869
5880,合庫金,114,0,114,元大-新盛,2024-10-29,9869
9105,泰金寶-DR,147,48,99,元大-新盛,2024-10-29,9869
00940,元大台灣價值高息,135,51,84,元大-新盛,2024-10-29,9869
00878,國泰永續高股息,88,5,83,元大-新盛,2024-10-29,9869
00671R,富邦NASDAQ反1,80,0,80,元大-新盛,2024-10-29,9869
00715L,期街口布蘭特正2,59,0,59,元大-新盛,2024-10-29,9869
00753L,中信中國50正2,58,0,58,元大-新盛,2024-10-29,9869
00712,復華富時不動產,57,0,57,元大-新盛,2024-10-29,9869
00939,統一台灣高息動能,56,0,56,元大-新盛,2024-10-29,9869
00922,國泰台灣領袖50,53,0,53,元大-新盛,2024-10-29,9869
2303,聯電,85,36,49,元大-新盛,2024-10-29,9869
2349,錸德,68,20,48,元大-新盛,2024-10-29,9869
00950B,凱基A級公司債,45,0,45,元大-新盛,2024-10-29,9869
2884,玉山金,42,0,42,元大-新盛,2024-10-29,9869
8150,南茂,41,0,41,元大-新盛,2024-10-29,9869
6191,精成科,36,1,35,元大-新盛,2024-10-29,9869
0050,元大台灣50,52,17,35,元大-新盛,2024-10-29,9869
3481,群創,48,16,32,元大-新盛,2024-10-29,9869
4760,勤凱,30,0,30,元大-新盛,2024-10-29,9869
00946,群益科技高息成長,23,0,23,元大-新盛,2024-10-29,9869
00927,群益半導體收益,22,0,22,元大-新盛,2024-10-29,9869
00959B,大華投等美債15Y+,21,0,21,元大-新盛,2024-10-29,9869
00887,永豐中國科技50大,21,1,20,元大-新盛,2024-10-29,9869
3050,鈺德,20,0,20,元大-新盛,2024-10-29,9869
006208,富邦台50,19,0,19,元大-新盛,2024-10-29,9869
6505,台塑化,19,0,19,元大-新盛,2024-10-29,9869
8107,大億金茂,29,10,19,元大-新盛,2024-10-29,9869
00637L,元大滬深300正2,115,96,19,元大-新盛,2024-10-29,9869
2615,萬海,19,1,18,元大-新盛,2024-10-29,9869
3231,緯創,30,12,18,元大-新盛,2024-10-29,9869
00631L,元大台灣50正2,28,10,18,元大-新盛,2024-10-29,9869
2317,鴻海,88,71,17,元大-新盛,2024-10-29,9869
00905,FT臺灣Smart,17,0,17,元大-新盛,2024-10-29,9869
3037,欣興,31,14,17,元大-新盛,2024-10-29,9869
2646,星宇航空,49,33,16,元大-新盛,2024-10-29,9869
8096,擎亞,26,10,16,元大-新盛,2024-10-29,9869
6156,松上,20,4,16,元大-新盛,2024-10-29,9869
00720B,元大投資級公司債,16,0,16,元大-新盛,2024-10-29,9869
2515,中工,16,0,16,元大-新盛,2024-10-29,9869
2344,華邦電,21,5,16,元大-新盛,2024-10-29,9869
2408,南亞科,15,0,15,元大-新盛,2024-10-29,9869
00679B,元大美債20年,34,19,15,元大-新盛,2024-10-29,9869
6274,台燿,16,1,15,元大-新盛,2024-10-29,9869
00713,元大台灣高息低波,15,1,14,元大-新盛,2024-10-29,9869
6133,金橋,23,9,14,元大-新盛,2024-10-29,9869
2034,允強,14,0,14,元大-新盛,2024-10-29,9869
2330,台積電,19,5,14,元大-新盛,2024-10-29,9869
2354,鴻準,546,221,325,元大-新盛,2024-10-30,9869
00637L,元大滬深300正2,416,107,309,元大-新盛,2024-10-30,9869
00665L,富邦�琤肭磪囓�2,135,0,135,元大-新盛,2024-10-30,9869
2344,華邦電,116,4,112,元大-新盛,2024-10-30,9869
00632R,元大台灣50反1,92,8,84,元大-新盛,2024-10-30,9869
00919,群益台灣精選高息,88,6,82,元大-新盛,2024-10-30,9869
00945B,凱基美國非投等債,50,0,50,元大-新盛,2024-10-30,9869
3481,群創,116,67,49,元大-新盛,2024-10-30,9869
00882,中信中國高股息,66,22,44,元大-新盛,2024-10-30,9869
2337,旺宏,48,6,42,元大-新盛,2024-10-30,9869
00932,兆豐永續高息等權,40,0,40,元大-新盛,2024-10-30,9869
6821,聯寶,40,0,40,元大-新盛,2024-10-30,9869
6133,金橋,46,10,36,元大-新盛,2024-10-30,9869
00715L,期街口布蘭特正2,32,0,32,元大-新盛,2024-10-30,9869
2880,華南金,31,0,31,元大-新盛,2024-10-30,9869
2885,元大金,36,6,30,元大-新盛,2024-10-30,9869
00679B,元大美債20年,32,4,28,元大-新盛,2024-10-30,9869
1528,恩德,47,19,28,元大-新盛,2024-10-30,9869
2405,輔信,30,2,28,元大-新盛,2024-10-30,9869
00712,復華富時不動產,27,0,27,元大-新盛,2024-10-30,9869
6191,精成科,35,8,27,元大-新盛,2024-10-30,9869
2646,星宇航空,34,10,24,元大-新盛,2024-10-30,9869
3062,建漢,39,16,23,元大-新盛,2024-10-30,9869
00878,國泰永續高股息,23,0,23,元大-新盛,2024-10-30,9869
2409,友達,25,3,22,元大-新盛,2024-10-30,9869
5202,力新,27,6,21,元大-新盛,2024-10-30,9869
00738U,期元大道瓊白銀,20,0,20,元大-新盛,2024-10-30,9869
00961,FT臺灣永續高息,20,0,20,元大-新盛,2024-10-30,9869
00680L,元大美債20正2,20,0,20,元大-新盛,2024-10-30,9869
2883,凱基金,23,4,19,元大-新盛,2024-10-30,9869
2425,承啟,22,3,19,元大-新盛,2024-10-30,9869
4772,台特化,16,0,16,元大-新盛,2024-10-30,9869
3231,緯創,27,12,15,元大-新盛,2024-10-30,9869
3052,夆典,15,0,15,元大-新盛,2024-10-30,9869
2890,永豐金,20,5,15,元大-新盛,2024-10-30,9869
2399,映泰,27,13,14,元大-新盛,2024-10-30,9869
8183,精星,13,0,13,元大-新盛,2024-10-30,9869
6257,矽格,30,18,12,元大-新盛,2024-10-30,9869
2486,一詮,19,7,12,元大-新盛,2024-10-30,9869
6770,力積電,46,34,12,元大-新盛,2024-10-30,9869
0061,元大寶滬深,11,0,11,元大-新盛,2024-10-30,9869
1605,華新,11,0,11,元大-新盛,2024-10-30,9869
6216,居易,11,0,11,元大-新盛,2024-10-30,9869
4919,新唐,44,33,11,元大-新盛,2024-10-30,9869
1560,中砂,13,3,10,元大-新盛,2024-10-30,9869
5608,四維航,10,0,10,元大-新盛,2024-10-30,9869
00751B,元大AAA至A公司債,10,0,10,元大-新盛,2024-10-30,9869
6603,富強鑫,10,0,10,元大-新盛,2024-10-30,9869
3686,達能,11,1,10,元大-新盛,2024-10-30,9869
8011,台通,10,0,10,元大-新盛,2024-10-30,9869
2887,台新金,2042,2,2040,元大-新盛,2024-11-01,9869
2354,鴻準,351,131,220,元大-新盛,2024-11-01,9869
00945B,凱基美國非投等債,129,0,129,元大-新盛,2024-11-01,9869
00632R,元大台灣50反1,200,88,112,元大-新盛,2024-11-01,9869
2303,聯電,152,48,104,元大-新盛,2024-11-01,9869
00918,大華優利高填息30,107,5,102,元大-新盛,2024-11-01,9869
00929,復華台灣科技優息,103,8,95,元大-新盛,2024-11-01,9869
00878,國泰永續高股息,101,7,94,元大-新盛,2024-11-01,9869
2317,鴻海,100,18,82,元大-新盛,2024-11-01,9869
00712,復華富時不動產,69,0,69,元大-新盛,2024-11-01,9869
00937B,群益ESG投等債20,69,1,68,元大-新盛,2024-11-01,9869
00919,群益台灣精選高息,74,8,66,元大-新盛,2024-11-01,9869
0056,元大高股息,78,12,66,元大-新盛,2024-11-01,9869
2884,玉山金,64,0,64,元大-新盛,2024-11-01,9869
00679B,元大美債20年,69,21,48,元大-新盛,2024-11-01,9869
00940,元大台灣價值高息,67,20,47,元大-新盛,2024-11-01,9869
006208,富邦台50,45,1,44,元大-新盛,2024-11-01,9869
00959B,大華投等美債15Y+,32,0,32,元大-新盛,2024-11-01,9869
2489,瑞軒,25,0,25,元大-新盛,2024-11-01,9869
00915,凱基優選高股息30,22,0,22,元大-新盛,2024-11-01,9869
00887,永豐中國科技50大,26,6,20,元大-新盛,2024-11-01,9869
3535,晶彩科,20,0,20,元大-新盛,2024-11-01,9869
6274,台燿,27,7,20,元大-新盛,2024-11-01,9869
6248,沛波,20,1,19,元大-新盛,2024-11-01,9869
2880,華南金,18,0,18,元大-新盛,2024-11-01,9869
00941,中信上游半導體,18,0,18,元大-新盛,2024-11-01,9869
2308,台達電,17,0,17,元大-新盛,2024-11-01,9869
00927,群益半導體收益,16,0,16,元大-新盛,2024-11-01,9869
6104,創惟,16,0,16,元大-新盛,2024-11-01,9869
00948B,中信優息投資級債,15,0,15,元大-新盛,2024-11-01,9869
00688L,國泰20年美債正2,15,0,15,元大-新盛,2024-11-01,9869
3266,昇陽,15,0,15,元大-新盛,2024-11-01,9869
00939,統一台灣高息動能,20,6,14,元大-新盛,2024-11-01,9869
8150,南茂,13,0,13,元大-新盛,2024-11-01,9869
1528,恩德,15,2,13,元大-新盛,2024-11-01,9869
00881,國泰台灣5G+,12,0,12,元大-新盛,2024-11-01,9869
0050,元大台灣50,21,9,12,元大-新盛,2024-11-01,9869
2637,慧洋-KY,12,1,11,元大-新盛,2024-11-01,9869
3550,聯穎,11,0,11,元大-新盛,2024-11-01,9869
00922,國泰台灣領袖50,13,2,11,元大-新盛,2024-11-01,9869
2520,冠德,11,1,10,元大-新盛,2024-11-01,9869
4162,智擎,14,4,10,元大-新盛,2024-11-01,9869
5014,建錩,10,0,10,元大-新盛,2024-11-01,9869
5876,上海商銀,10,0,10,元大-新盛,2024-11-01,9869
00753L,中信中國50正2,10,0,10,元大-新盛,2024-11-01,9869
6133,金橋,14,4,10,元大-新盛,2024-11-01,9869
00713,元大台灣高息低波,10,1,9,元大-新盛,2024-11-01,9869
2605,新興,12,3,9,元大-新盛,2024-11-01,9869
2881,富邦金,23,14,9,元大-新盛,2024-11-01,9869
3583,辛耘,10,2,8,元大-新盛,2024-11-01,9869
00937B,群益ESG投等債20,446,13,433,元大-新盛,2024-11-04,9869
2887,台新金,251,0,251,元大-新盛,2024-11-04,9869
00632R,元大台灣50反1,247,8,239,元大-新盛,2024-11-04,9869
00940,元大台灣價值高息,253,22,231,元大-新盛,2024-11-04,9869
00637L,元大滬深300正2,142,15,127,元大-新盛,2024-11-04,9869
00932,兆豐永續高息等權,102,0,102,元大-新盛,2024-11-04,9869
2889,國票金,101,2,99,元大-新盛,2024-11-04,9869
00919,群益台灣精選高息,98,11,87,元大-新盛,2024-11-04,9869
00712,復華富時不動產,127,70,57,元大-新盛,2024-11-04,9869
00679B,元大美債20年,50,0,50,元大-新盛,2024-11-04,9869
00878,國泰永續高股息,52,5,47,元大-新盛,2024-11-04,9869
00687B,國泰20年美債,48,1,47,元大-新盛,2024-11-04,9869
0056,元大高股息,84,37,47,元大-新盛,2024-11-04,9869
00929,復華台灣科技優息,63,22,41,元大-新盛,2024-11-04,9869
2615,萬海,175,135,40,元大-新盛,2024-11-04,9869
00945B,凱基美國非投等債,34,0,34,元大-新盛,2024-11-04,9869
00751B,元大AAA至A公司債,33,0,33,元大-新盛,2024-11-04,9869
4919,新唐,46,13,33,元大-新盛,2024-11-04,9869
3481,群創,43,10,33,元大-新盛,2024-11-04,9869
00948B,中信優息投資級債,32,0,32,元大-新盛,2024-11-04,9869
00959B,大華投等美債15Y+,60,30,30,元大-新盛,2024-11-04,9869
2439,美律,30,0,30,元大-新盛,2024-11-04,9869
0050,元大台灣50,34,8,26,元大-新盛,2024-11-04,9869
00882,中信中國高股息,28,3,25,元大-新盛,2024-11-04,9869
00720B,元大投資級公司債,21,0,21,元大-新盛,2024-11-04,9869
3702,大聯大,18,0,18,元大-新盛,2024-11-04,9869
2408,南亞科,16,0,16,元大-新盛,2024-11-04,9869
00795B,中信美國公債20年,16,0,16,元大-新盛,2024-11-04,9869
2489,瑞軒,15,0,15,元大-新盛,2024-11-04,9869
5386,青雲,16,2,14,元大-新盛,2024-11-04,9869
2609,陽明,236,222,14,元大-新盛,2024-11-04,9869
8070,長華*,14,0,14,元大-新盛,2024-11-04,9869
2388,威盛,14,1,13,元大-新盛,2024-11-04,9869
2431,聯昌,33,20,13,元大-新盛,2024-11-04,9869
00891,中信關鍵半導體,14,2,12,元大-新盛,2024-11-04,9869
00713,元大台灣高息低波,12,0,12,元大-新盛,2024-11-04,9869
00953B,群益優選非投等債,11,0,11,元大-新盛,2024-11-04,9869
2337,旺宏,13,2,11,元大-新盛,2024-11-04,9869
1301,台塑,10,0,10,元大-新盛,2024-11-04,9869
00941,中信上游半導體,9,0,9,元大-新盛,2024-11-04,9869
00864B,中信美國公債0-1,10,1,9,元大-新盛,2024-11-04,9869
5309,系統電,9,0,9,元大-新盛,2024-11-04,9869
3037,欣興,112,103,9,元大-新盛,2024-11-04,9869
00927,群益半導體收益,8,0,8,元大-新盛,2024-11-04,9869
00912,中信臺灣智慧50,8,0,8,元大-新盛,2024-11-04,9869
6104,創惟,8,0,8,元大-新盛,2024-11-04,9869
6548,長科*,8,0,8,元大-新盛,2024-11-04,9869
00946,群益科技高息成長,9,1,8,元大-新盛,2024-11-04,9869
3219,倚強科,8,1,7,元大-新盛,2024-11-04,9869
2883B,凱基金乙特,7,0,7,元大-新盛,2024-11-04,9869
2530,華建,150,0,150,元大-新盛,2024-11-05,9869
00945B,凱基美國非投等債,100,5,95,元大-新盛,2024-11-05,9869
2303,聯電,99,32,67,元大-新盛,2024-11-05,9869
00919,群益台灣精選高息,72,6,66,元大-新盛,2024-11-05,9869
0056,元大高股息,82,21,61,元大-新盛,2024-11-05,9869
2884,玉山金,50,0,50,元大-新盛,2024-11-05,9869
1528,恩德,68,25,43,元大-新盛,2024-11-05,9869
00940,元大台灣價值高息,45,10,35,元大-新盛,2024-11-05,9869
00927,群益半導體收益,62,31,31,元大-新盛,2024-11-05,9869
2330,台積電,29,2,27,元大-新盛,2024-11-05,9869
00680L,元大美債20正2,45,19,26,元大-新盛,2024-11-05,9869
00878,國泰永續高股息,25,0,25,元大-新盛,2024-11-05,9869
3149,正達,31,6,25,元大-新盛,2024-11-05,9869
00948B,中信優息投資級債,23,0,23,元大-新盛,2024-11-05,9869
00679B,元大美債20年,29,6,23,元大-新盛,2024-11-05,9869
00946,群益科技高息成長,23,0,23,元大-新盛,2024-11-05,9869
00633L,富邦上証正2,33,11,22,元大-新盛,2024-11-05,9869
2408,南亞科,23,2,21,元大-新盛,2024-11-05,9869
2327,國巨,20,0,20,元大-新盛,2024-11-05,9869
5876,上海商銀,20,0,20,元大-新盛,2024-11-05,9869
00712,復華富時不動產,19,0,19,元大-新盛,2024-11-05,9869
6788,華景電,18,0,18,元大-新盛,2024-11-05,9869
4903,聯光通,27,11,16,元大-新盛,2024-11-05,9869
1909,榮成,16,0,16,元大-新盛,2024-11-05,9869
8421,旭源,16,1,15,元大-新盛,2024-11-05,9869
00943,兆豐電子高息等權,15,0,15,元大-新盛,2024-11-05,9869
2405,輔信,40,26,14,元大-新盛,2024-11-05,9869
2528,皇普,13,0,13,元大-新盛,2024-11-05,9869
2344,華邦電,13,1,12,元大-新盛,2024-11-05,9869
0050,元大台灣50,20,9,11,元大-新盛,2024-11-05,9869
6770,力積電,22,11,11,元大-新盛,2024-11-05,9869
00891,中信關鍵半導體,11,0,11,元大-新盛,2024-11-05,9869
1307,三芳,19,8,11,元大-新盛,2024-11-05,9869
2369,菱生,11,0,11,元大-新盛,2024-11-05,9869
00934,中信成長高股息,11,0,11,元大-新盛,2024-11-05,9869
2426,鼎元,11,0,11,元大-新盛,2024-11-05,9869
2365,昆盈,12,1,11,元大-新盛,2024-11-05,9869
3324,雙鴻,12,1,11,元大-新盛,2024-11-05,9869
2012,春雨,10,0,10,元大-新盛,2024-11-05,9869
2880,華南金,10,0,10,元大-新盛,2024-11-05,9869
2324,仁寶,12,2,10,元大-新盛,2024-11-05,9869
2539,櫻花建,10,0,10,元大-新盛,2024-11-05,9869
1314,中石化,10,0,10,元大-新盛,2024-11-05,9869
00959B,大華投等美債15Y+,10,0,10,元大-新盛,2024-11-05,9869
3406,玉晶光,8,0,8,元大-新盛,2024-11-05,9869
9914,美利達,8,0,8,元大-新盛,2024-11-05,9869
6284,佳邦,8,0,8,元大-新盛,2024-11-05,9869
00902,中信電池及儲能,10,2,8,元大-新盛,2024-11-05,9869
00753L,中信中國50正2,8,0,8,元大-新盛,2024-11-05,9869
1721,三晃,8,0,8,元大-新盛,2024-11-05,9869
00878,國泰永續高股息,467,39,428,元大-新盛,2024-11-06,9869
00688L,國泰20年美債正2,200,0,200,元大-新盛,2024-11-06,9869
00679B,元大美債20年,168,5,163,元大-新盛,2024-11-06,9869
2888,新光金,143,1,142,元大-新盛,2024-11-06,9869
00632R,元大台灣50反1,143,5,138,元大-新盛,2024-11-06,9869
00680L,元大美債20正2,185,55,130,元大-新盛,2024-11-06,9869
00687B,國泰20年美債,145,53,92,元大-新盛,2024-11-06,9869
2354,鴻準,143,60,83,元大-新盛,2024-11-06,9869
00919,群益台灣精選高息,89,7,82,元大-新盛,2024-11-06,9869
00937B,群益ESG投等債20,96,31,65,元大-新盛,2024-11-06,9869
00665L,富邦�琤肭磪囓�2,65,0,65,元大-新盛,2024-11-06,9869
00795B,中信美國公債20年,64,0,64,元大-新盛,2024-11-06,9869
00712,復華富時不動產,71,15,56,元大-新盛,2024-11-06,9869
1531,高林股,85,40,45,元大-新盛,2024-11-06,9869
3005,神基,50,5,45,元大-新盛,2024-11-06,9869
00959B,大華投等美債15Y+,43,0,43,元大-新盛,2024-11-06,9869
00671R,富邦NASDAQ反1,40,0,40,元大-新盛,2024-11-06,9869
00940,元大台灣價值高息,57,21,36,元大-新盛,2024-11-06,9869
2431,聯昌,40,5,35,元大-新盛,2024-11-06,9869
3260,威剛,36,1,35,元大-新盛,2024-11-06,9869
5258,虹堡,35,2,33,元大-新盛,2024-11-06,9869
4420,光明,30,0,30,元大-新盛,2024-11-06,9869
6191,精成科,30,0,30,元大-新盛,2024-11-06,9869
4736,泰博,26,0,26,元大-新盛,2024-11-06,9869
00948B,中信優息投資級債,24,0,24,元大-新盛,2024-11-06,9869
00753L,中信中國50正2,23,0,23,元大-新盛,2024-11-06,9869
6405,悅城,27,4,23,元大-新盛,2024-11-06,9869
00664R,國泰臺灣加權反1,20,0,20,元大-新盛,2024-11-06,9869
00961,FT臺灣永續高息,20,0,20,元大-新盛,2024-11-06,9869
00713,元大台灣高息低波,18,0,18,元大-新盛,2024-11-06,9869
2314,台揚,23,5,18,元大-新盛,2024-11-06,9869
2530,華建,17,0,17,元大-新盛,2024-11-06,9869
4919,新唐,40,23,17,元大-新盛,2024-11-06,9869
8249,菱光,50,33,17,元大-新盛,2024-11-06,9869
1314,中石化,16,0,16,元大-新盛,2024-11-06,9869
2385,群光,15,0,15,元大-新盛,2024-11-06,9869
1319,東陽,15,0,15,元大-新盛,2024-11-06,9869
00669R,國泰美國道瓊反1,15,0,15,元大-新盛,2024-11-06,9869
2337,旺宏,15,0,15,元大-新盛,2024-11-06,9869
2345,智邦,14,0,14,元大-新盛,2024-11-06,9869
00933B,國泰10Y+金融債,14,0,14,元大-新盛,2024-11-06,9869
2615,萬海,38,25,13,元大-新盛,2024-11-06,9869
5438,東友,14,1,13,元大-新盛,2024-11-06,9869
2351,順德,17,5,12,元大-新盛,2024-11-06,9869
00912,中信臺灣智慧50,12,0,12,元大-新盛,2024-11-06,9869
6116,彩晶,12,0,12,元大-新盛,2024-11-06,9869
00857B,永豐20年美公債,12,0,12,元大-新盛,2024-11-06,9869
00891,中信關鍵半導體,14,3,11,元大-新盛,2024-11-06,9869
1528,恩德,11,0,11,元大-新盛,2024-11-06,9869
1795,美時,10,0,10,元大-新盛,2024-11-06,9869
2409,友達,449,151,298,元大-新盛,2024-11-07,9869
00632R,元大台灣50反1,208,2,206,元大-新盛,2024-11-07,9869
00830,國泰費城半導體,170,1,169,元大-新盛,2024-11-07,9869
00680L,元大美債20正2,171,10,161,元大-新盛,2024-11-07,9869
00795B,中信美國公債20年,159,0,159,元大-新盛,2024-11-07,9869
2344,華邦電,161,37,124,元大-新盛,2024-11-07,9869
9105,泰金寶-DR,240,129,111,元大-新盛,2024-11-07,9869
2530,華建,98,0,98,元大-新盛,2024-11-07,9869
00688L,國泰20年美債正2,107,21,86,元大-新盛,2024-11-07,9869
2303,聯電,117,37,80,元大-新盛,2024-11-07,9869
3049,精金,70,0,70,元大-新盛,2024-11-07,9869
2312,金寶,1055,986,69,元大-新盛,2024-11-07,9869
00919,群益台灣精選高息,57,9,48,元大-新盛,2024-11-07,9869
4966,譜瑞-KY,48,1,47,元大-新盛,2024-11-07,9869
00679B,元大美債20年,65,20,45,元大-新盛,2024-11-07,9869
00932,兆豐永續高息等權,40,0,40,元大-新盛,2024-11-07,9869
00712,復華富時不動產,37,0,37,元大-新盛,2024-11-07,9869
00757,統一FANG+,36,0,36,元大-新盛,2024-11-07,9869
6191,精成科,35,2,33,元大-新盛,2024-11-07,9869
2014,中鴻,42,10,32,元大-新盛,2024-11-07,9869
0056,元大高股息,57,30,27,元大-新盛,2024-11-07,9869
4979,華星光,26,1,25,元大-新盛,2024-11-07,9869
2332,友訊,35,13,22,元大-新盛,2024-11-07,9869
00878,國泰永續高股息,41,20,21,元大-新盛,2024-11-07,9869
4414,如興,20,0,20,元大-新盛,2024-11-07,9869
00933B,國泰10Y+金融債,20,0,20,元大-新盛,2024-11-07,9869
2353,宏��,20,1,19,元大-新盛,2024-11-07,9869
00687B,國泰20年美債,35,16,19,元大-新盛,2024-11-07,9869
1721,三晃,30,13,17,元大-新盛,2024-11-07,9869
00731,復華富時高息低波,16,0,16,元大-新盛,2024-11-07,9869
00646,元大S＆P500,29,14,15,元大-新盛,2024-11-07,9869
8024,佑華,15,0,15,元大-新盛,2024-11-07,9869
8249,菱光,15,2,13,元大-新盛,2024-11-07,9869
3105,穩懋,13,0,13,元大-新盛,2024-11-07,9869
00671R,富邦NASDAQ反1,13,0,13,元大-新盛,2024-11-07,9869
1536,和大,25,13,12,元大-新盛,2024-11-07,9869
6285,啟��,13,1,12,元大-新盛,2024-11-07,9869
1605,華新,12,0,12,元大-新盛,2024-11-07,9869
5386,青雲,22,10,12,元大-新盛,2024-11-07,9869
6443,元晶,12,0,12,元大-新盛,2024-11-07,9869
2330,台積電,28,17,11,元大-新盛,2024-11-07,9869
5011,久陽,11,0,11,元大-新盛,2024-11-07,9869
2880,華南金,12,1,11,元大-新盛,2024-11-07,9869
1905,華紙,11,0,11,元大-新盛,2024-11-07,9869
2230,泰茂,15,4,11,元大-新盛,2024-11-07,9869
6170,統振,13,3,10,元大-新盛,2024-11-07,9869
2323,中環,10,0,10,元大-新盛,2024-11-07,9869
2889,國票金,10,0,10,元大-新盛,2024-11-07,9869
5488,松普,10,0,10,元大-新盛,2024-11-07,9869
3033,威健,10,0,10,元大-新盛,2024-11-07,9869
00632R,元大台灣50反1,147,9,138,元大-新盛,2024-11-08,9869
2409,友達,121,1,120,元大-新盛,2024-11-08,9869
00943,兆豐電子高息等權,102,0,102,元大-新盛,2024-11-08,9869
4303,信立,123,50,73,元大-新盛,2024-11-08,9869
00919,群益台灣精選高息,62,8,54,元大-新盛,2024-11-08,9869
6505,台塑化,65,25,40,元大-新盛,2024-11-08,9869
2313,華通,76,38,38,元大-新盛,2024-11-08,9869
2303,聯電,50,12,38,元大-新盛,2024-11-08,9869
5202,力新,37,0,37,元大-新盛,2024-11-08,9869
00878,國泰永續高股息,42,5,37,元大-新盛,2024-11-08,9869
00637L,元大滬深300正2,460,426,34,元大-新盛,2024-11-08,9869
00679B,元大美債20年,69,39,30,元大-新盛,2024-11-08,9869
2646,星宇航空,32,3,29,元大-新盛,2024-11-08,9869
3290,東浦,31,2,29,元大-新盛,2024-11-08,9869
1301,台塑,31,8,23,元大-新盛,2024-11-08,9869
6235,華孚,22,1,21,元大-新盛,2024-11-08,9869
2884,玉山金,22,1,21,元大-新盛,2024-11-08,9869
3050,鈺德,20,0,20,元大-新盛,2024-11-08,9869
2388,威盛,33,13,20,元大-新盛,2024-11-08,9869
00881,國泰台灣5G+,20,1,19,元大-新盛,2024-11-08,9869
0056,元大高股息,30,12,18,元大-新盛,2024-11-08,9869
5876,上海商銀,18,0,18,元大-新盛,2024-11-08,9869
00929,復華台灣科技優息,33,15,18,元大-新盛,2024-11-08,9869
2353,宏��,22,5,17,元大-新盛,2024-11-08,9869
00697B,元大美債7-10,16,0,16,元大-新盛,2024-11-08,9869
1474,弘裕,16,0,16,元大-新盛,2024-11-08,9869
2613,中櫃,19,4,15,元大-新盛,2024-11-08,9869
5011,久陽,15,0,15,元大-新盛,2024-11-08,9869
2731,雄獅,18,3,15,元大-新盛,2024-11-08,9869
4139,馬光-KY,14,0,14,元大-新盛,2024-11-08,9869
6151,晉倫,17,3,14,元大-新盛,2024-11-08,9869
1326,台化,15,1,14,元大-新盛,2024-11-08,9869
6695,芯鼎,13,0,13,元大-新盛,2024-11-08,9869
00675L,富邦臺灣加權正2,13,0,13,元大-新盛,2024-11-08,9869
00772B,中信高評級公司債,15,2,13,元大-新盛,2024-11-08,9869
6269,台郡,14,1,13,元大-新盛,2024-11-08,9869
2543,皇昌,28,16,12,元大-新盛,2024-11-08,9869
1905,華紙,12,0,12,元大-新盛,2024-11-08,9869
8403,盛弘,12,0,12,元大-新盛,2024-11-08,9869
6754,匯僑設計,12,0,12,元大-新盛,2024-11-08,9869
8021,尖點,15,3,12,元大-新盛,2024-11-08,9869
2489,瑞軒,12,0,12,元大-新盛,2024-11-08,9869
9105,泰金寶-DR,102,91,11,元大-新盛,2024-11-08,9869
3501,維熹,13,2,11,元大-新盛,2024-11-08,9869
2542,興富發,11,0,11,元大-新盛,2024-11-08,9869
8011,台通,15,4,11,元大-新盛,2024-11-08,9869
00713,元大台灣高息低波,11,0,11,元大-新盛,2024-11-08,9869
6138,茂達,10,0,10,元大-新盛,2024-11-08,9869
2439,美律,10,0,10,元大-新盛,2024-11-08,9869
3615,安可,10,0,10,元大-新盛,2024-11-08,9869
00637L,元大滬深300正2,380,110,270,元大-新盛,2024-11-11,9869
00632R,元大台灣50反1,232,42,190,元大-新盛,2024-11-11,9869
00878,國泰永續高股息,205,22,183,元大-新盛,2024-11-11,9869
2354,鴻準,206,40,166,元大-新盛,2024-11-11,9869
00909,國泰數位支付服務,74,3,71,元大-新盛,2024-11-11,9869
2615,萬海,73,6,67,元大-新盛,2024-11-11,9869
2449,京元電子,76,15,61,元大-新盛,2024-11-11,9869
00919,群益台灣精選高息,67,7,60,元大-新盛,2024-11-11,9869
00665L,富邦�琤肭磪囓�2,159,100,59,元大-新盛,2024-11-11,9869
1605,華新,57,1,56,元大-新盛,2024-11-11,9869
2367,燿華,51,0,51,元大-新盛,2024-11-11,9869
2392,正崴,77,27,50,元大-新盛,2024-11-11,9869
0056,元大高股息,85,47,38,元大-新盛,2024-11-11,9869
3406,玉晶光,30,0,30,元大-新盛,2024-11-11,9869
2312,金寶,40,11,29,元大-新盛,2024-11-11,9869
3231,緯創,44,15,29,元大-新盛,2024-11-11,9869
3017,奇鋐,27,1,26,元大-新盛,2024-11-11,9869
3062,建漢,37,12,25,元大-新盛,2024-11-11,9869
3037,欣興,32,11,21,元大-新盛,2024-11-11,9869
1709,和益,20,0,20,元大-新盛,2024-11-11,9869
00893,國泰智能電動車,23,3,20,元大-新盛,2024-11-11,9869
00772B,中信高評級公司債,21,1,20,元大-新盛,2024-11-11,9869
6488,環球晶,20,0,20,元大-新盛,2024-11-11,9869
6862,三集瑞-KY,20,0,20,元大-新盛,2024-11-11,9869
2353,宏��,22,3,19,元大-新盛,2024-11-11,9869
3047,訊舟,23,4,19,元大-新盛,2024-11-11,9869
2313,華通,20,2,18,元大-新盛,2024-11-11,9869
2002,中鋼,23,5,18,元大-新盛,2024-11-11,9869
00930,永豐ESG低碳高息,16,0,16,元大-新盛,2024-11-11,9869
3663,鑫科,16,2,14,元大-新盛,2024-11-11,9869
6505,台塑化,21,7,14,元大-新盛,2024-11-11,9869
6191,精成科,13,0,13,元大-新盛,2024-11-11,9869
1528,恩德,13,0,13,元大-新盛,2024-11-11,9869
2882,國泰金,22,10,12,元大-新盛,2024-11-11,9869
00715L,期街口布蘭特正2,12,0,12,元大-新盛,2024-11-11,9869
2303,聯電,27,15,12,元大-新盛,2024-11-11,9869
00708L,期元大S＆P黃金正2,11,0,11,元大-新盛,2024-11-11,9869
1721,三晃,13,2,11,元大-新盛,2024-11-11,9869
00673R,期元大S＆P原油反1,11,0,11,元大-新盛,2024-11-11,9869
3297,杭特,11,0,11,元大-新盛,2024-11-11,9869
3303,岱稜,17,6,11,元大-新盛,2024-11-11,9869
8096,擎亞,15,5,10,元大-新盛,2024-11-11,9869
00713,元大台灣高息低波,11,1,10,元大-新盛,2024-11-11,9869
3615,安可,10,0,10,元大-新盛,2024-11-11,9869
2506,太設,11,1,10,元大-新盛,2024-11-11,9869
00918,大華優利高填息30,10,0,10,元大-新盛,2024-11-11,9869
00961,FT臺灣永續高息,10,0,10,元大-新盛,2024-11-11,9869
00757,統一FANG+,10,0,10,元大-新盛,2024-11-11,9869
00655L,國泰中國A50正2,10,0,10,元大-新盛,2024-11-11,9869
6005,群益證,12,2,10,元大-新盛,2024-11-11,9869
2887,台新金,1310,0,1310,元大-新盛,2024-11-12,9869
00878,國泰永續高股息,268,4,264,元大-新盛,2024-11-12,9869
2883,凱基金,222,4,218,元大-新盛,2024-11-12,9869
00632R,元大台灣50反1,210,20,190,元大-新盛,2024-11-12,9869
0056,元大高股息,194,41,153,元大-新盛,2024-11-12,9869
00665L,富邦�琤肭磪囓�2,162,30,132,元大-新盛,2024-11-12,9869
00929,復華台灣科技優息,110,0,110,元大-新盛,2024-11-12,9869
00919,群益台灣精選高息,107,1,106,元大-新盛,2024-11-12,9869
5871,中租-KY,86,2,84,元大-新盛,2024-11-12,9869
9105,泰金寶-DR,96,16,80,元大-新盛,2024-11-12,9869
6191,精成科,61,0,61,元大-新盛,2024-11-12,9869
3481,群創,94,38,56,元大-新盛,2024-11-12,9869
00852L,國泰美國道瓊正2,56,0,56,元大-新盛,2024-11-12,9869
00715L,期街口布蘭特正2,56,0,56,元大-新盛,2024-11-12,9869
3558,神準,70,18,52,元大-新盛,2024-11-12,9869
2609,陽明,196,144,52,元大-新盛,2024-11-12,9869
00885,富邦越南,50,1,49,元大-新盛,2024-11-12,9869
2356,英業達,81,37,44,元大-新盛,2024-11-12,9869
2408,南亞科,41,1,40,元大-新盛,2024-11-12,9869
9904,寶成,38,1,37,元大-新盛,2024-11-12,9869
00713,元大台灣高息低波,35,1,34,元大-新盛,2024-11-12,9869
00922,國泰台灣領袖50,34,1,33,元大-新盛,2024-11-12,9869
00637L,元大滬深300正2,457,425,32,元大-新盛,2024-11-12,9869
2882,國泰金,33,4,29,元大-新盛,2024-11-12,9869
00670L,富邦NASDAQ正2,28,0,28,元大-新盛,2024-11-12,9869
00915,凱基優選高股息30,33,8,25,元大-新盛,2024-11-12,9869
2002,中鋼,25,0,25,元大-新盛,2024-11-12,9869
00891,中信關鍵半導體,24,0,24,元大-新盛,2024-11-12,9869
0050,元大台灣50,43,19,24,元大-新盛,2024-11-12,9869
9945,潤泰新,28,5,23,元大-新盛,2024-11-12,9869
2353,宏��,43,20,23,元大-新盛,2024-11-12,9869
00708L,期元大S＆P黃金正2,23,0,23,元大-新盛,2024-11-12,9869
4714,永捷,25,2,23,元大-新盛,2024-11-12,9869
2303,聯電,48,26,22,元大-新盛,2024-11-12,9869
1605,華新,33,11,22,元大-新盛,2024-11-12,9869
2344,華邦電,21,0,21,元大-新盛,2024-11-12,9869
2409,友達,71,50,21,元大-新盛,2024-11-12,9869
1314,中石化,25,4,21,元大-新盛,2024-11-12,9869
00882,中信中國高股息,54,33,21,元大-新盛,2024-11-12,9869
2890,永豐金,21,0,21,元大-新盛,2024-11-12,9869
6284,佳邦,21,0,21,元大-新盛,2024-11-12,9869
2449,京元電子,24,4,20,元大-新盛,2024-11-12,9869
5457,宣德,20,0,20,元大-新盛,2024-11-12,9869
00680L,元大美債20正2,24,6,18,元大-新盛,2024-11-12,9869
5014,建錩,18,0,18,元大-新盛,2024-11-12,9869
3703,欣陸,18,0,18,元大-新盛,2024-11-12,9869
00934,中信成長高股息,18,0,18,元大-新盛,2024-11-12,9869
2881A,富邦特,18,0,18,元大-新盛,2024-11-12,9869
2515,中工,17,0,17,元大-新盛,2024-11-12,9869
2615,萬海,229,212,17,元大-新盛,2024-11-12,9869
2887,台新金,526,5,521,元大-新盛,2024-11-13,9869
2883,凱基金,209,0,209,元大-新盛,2024-11-13,9869
00878,國泰永續高股息,108,0,108,元大-新盛,2024-11-13,9869
00882,中信中國高股息,110,10,100,元大-新盛,2024-11-13,9869
00680L,元大美債20正2,94,4,90,元大-新盛,2024-11-13,9869
2882,國泰金,85,2,83,元大-新盛,2024-11-13,9869
00757,統一FANG+,72,5,67,元大-新盛,2024-11-13,9869
1605,華新,61,5,56,元大-新盛,2024-11-13,9869
00679B,元大美債20年,46,0,46,元大-新盛,2024-11-13,9869
0056,元大高股息,65,20,45,元大-新盛,2024-11-13,9869
00919,群益台灣精選高息,44,1,43,元大-新盛,2024-11-13,9869
00687B,國泰20年美債,38,2,36,元大-新盛,2024-11-13,9869
00932,兆豐永續高息等權,30,0,30,元大-新盛,2024-11-13,9869
00961,FT臺灣永續高息,30,0,30,元大-新盛,2024-11-13,9869
6191,精成科,31,2,29,元大-新盛,2024-11-13,9869
00715L,期街口布蘭特正2,28,0,28,元大-新盛,2024-11-13,9869
6283,淳安,24,0,24,元大-新盛,2024-11-13,9869
3013,晟銘電,107,84,23,元大-新盛,2024-11-13,9869
2486,一詮,22,0,22,元大-新盛,2024-11-13,9869
2353,宏��,22,0,22,元大-新盛,2024-11-13,9869
2615,萬海,35,14,21,元大-新盛,2024-11-13,9869
2885,元大金,22,1,21,元大-新盛,2024-11-13,9869
2890,永豐金,21,0,21,元大-新盛,2024-11-13,9869
00948B,中信優息投資級債,20,0,20,元大-新盛,2024-11-13,9869
00902,中信電池及儲能,23,3,20,元大-新盛,2024-11-13,9869
6550,北極星藥業-KY,20,0,20,元大-新盛,2024-11-13,9869
2027,大成鋼,19,0,19,元大-新盛,2024-11-13,9869
00713,元大台灣高息低波,18,1,17,元大-新盛,2024-11-13,9869
3617,碩天,15,0,15,元大-新盛,2024-11-13,9869
2303,聯電,29,15,14,元大-新盛,2024-11-13,9869
9945,潤泰新,14,0,14,元大-新盛,2024-11-13,9869
00795B,中信美國公債20年,14,0,14,元大-新盛,2024-11-13,9869
5009,榮剛,14,1,13,元大-新盛,2024-11-13,9869
00712,復華富時不動產,13,0,13,元大-新盛,2024-11-13,9869
5225,東科-KY,13,0,13,元大-新盛,2024-11-13,9869
00688L,國泰20年美債正2,13,0,13,元大-新盛,2024-11-13,9869
1721,三晃,22,10,12,元大-新盛,2024-11-13,9869
3706,神達,136,124,12,元大-新盛,2024-11-13,9869
00633L,富邦上証正2,15,3,12,元大-新盛,2024-11-13,9869
6288,聯嘉,19,7,12,元大-新盛,2024-11-13,9869
00708L,期元大S＆P黃金正2,12,0,12,元大-新盛,2024-11-13,9869
2388,威盛,13,1,12,元大-新盛,2024-11-13,9869
2002,中鋼,13,1,12,元大-新盛,2024-11-13,9869
3037,欣興,22,10,12,元大-新盛,2024-11-13,9869
8089,康全電訊,17,5,12,元大-新盛,2024-11-13,9869
2317,鴻海,20,9,11,元大-新盛,2024-11-13,9869
1528,恩德,14,3,11,元大-新盛,2024-11-13,9869
6156,松上,12,1,11,元大-新盛,2024-11-13,9869
2614,東森,11,0,11,元大-新盛,2024-11-13,9869
3605,宏致,12,1,11,元大-新盛,2024-11-13,9869
2887,台新金,911,1,910,元大-新盛,2024-11-14,9869
00878,國泰永續高股息,704,41,663,元大-新盛,2024-11-14,9869
00688L,國泰20年美債正2,511,0,511,元大-新盛,2024-11-14,9869
00680L,元大美債20正2,224,4,220,元大-新盛,2024-11-14,9869
2303,聯電,110,2,108,元大-新盛,2024-11-14,9869
0056,元大高股息,96,3,93,元大-新盛,2024-11-14,9869
00950B,凱基A級公司債,90,0,90,元大-新盛,2024-11-14,9869
00919,群益台灣精選高息,105,16,89,元大-新盛,2024-11-14,9869
00929,復華台灣科技優息,94,12,82,元大-新盛,2024-11-14,9869
00679B,元大美債20年,100,31,69,元大-新盛,2024-11-14,9869
1524,耿鼎,76,13,63,元大-新盛,2024-11-14,9869
2317,鴻海,67,18,49,元大-新盛,2024-11-14,9869
2884,玉山金,44,1,43,元大-新盛,2024-11-14,9869
6191,精成科,40,0,40,元大-新盛,2024-11-14,9869
3231,緯創,46,7,39,元大-新盛,2024-11-14,9869
1605,華新,39,0,39,元大-新盛,2024-11-14,9869
3481,群創,71,33,38,元大-新盛,2024-11-14,9869
2431,聯昌,36,1,35,元大-新盛,2024-11-14,9869
1301,台塑,36,5,31,元大-新盛,2024-11-14,9869
2408,南亞科,35,4,31,元大-新盛,2024-11-14,9869
00930,永豐ESG低碳高息,30,0,30,元大-新盛,2024-11-14,9869
3703,欣陸,26,0,26,元大-新盛,2024-11-14,9869
00882,中信中國高股息,48,22,26,元大-新盛,2024-11-14,9869
2882,國泰金,25,0,25,元大-新盛,2024-11-14,9869
2382,廣達,26,3,23,元大-新盛,2024-11-14,9869
00931B,統一美債20年,30,7,23,元大-新盛,2024-11-14,9869
00887,永豐中國科技50大,33,11,22,元大-新盛,2024-11-14,9869
00946,群益科技高息成長,21,0,21,元大-新盛,2024-11-14,9869
00665L,富邦�琤肭磪囓�2,81,60,21,元大-新盛,2024-11-14,9869
1532,勤美,20,0,20,元大-新盛,2024-11-14,9869
00687B,國泰20年美債,20,0,20,元大-新盛,2024-11-14,9869
00953B,群益優選非投等債,20,0,20,元大-新盛,2024-11-14,9869
00934,中信成長高股息,30,10,20,元大-新盛,2024-11-14,9869
00713,元大台灣高息低波,19,0,19,元大-新盛,2024-11-14,9869
2886,兆豐金,20,1,19,元大-新盛,2024-11-14,9869
2392,正崴,41,23,18,元大-新盛,2024-11-14,9869
4938,和碩,18,0,18,元大-新盛,2024-11-14,9869
2344,華邦電,18,0,18,元大-新盛,2024-11-14,9869
3050,鈺德,18,0,18,元大-新盛,2024-11-14,9869
2101,南港,18,1,17,元大-新盛,2024-11-14,9869
3047,訊舟,18,1,17,元大-新盛,2024-11-14,9869
5871,中租-KY,26,9,17,元大-新盛,2024-11-14,9869
6282,康舒,19,3,16,元大-新盛,2024-11-14,9869
4931,新盛力,56,40,16,元大-新盛,2024-11-14,9869
2449,京元電子,17,1,16,元大-新盛,2024-11-14,9869
00922,國泰台灣領袖50,18,3,15,元大-新盛,2024-11-14,9869
0050,元大台灣50,19,4,15,元大-新盛,2024-11-14,9869
2353,宏��,15,1,14,元大-新盛,2024-11-14,9869
2401,凌陽,13,0,13,元大-新盛,2024-11-14,9869
5351,鈺創,13,0,13,元大-新盛,2024-11-14,9869
2887,台新金,1136,0,1136,元大-新盛,2024-11-15,9869
00878,國泰永續高股息,311,4,307,元大-新盛,2024-11-15,9869
00637L,元大滬深300正2,167,91,76,元大-新盛,2024-11-15,9869
2382,廣達,84,15,69,元大-新盛,2024-11-15,9869
2355,敬鵬,65,0,65,元大-新盛,2024-11-15,9869
2317,鴻海,83,19,64,元大-新盛,2024-11-15,9869
00639,富邦深100,60,6,54,元大-新盛,2024-11-15,9869
00882,中信中國高股息,52,0,52,元大-新盛,2024-11-15,9869
00929,復華台灣科技優息,40,0,40,元大-新盛,2024-11-15,9869
00953B,群益優選非投等債,40,1,39,元大-新盛,2024-11-15,9869
3706,神達,181,150,31,元大-新盛,2024-11-15,9869
2615,萬海,41,10,31,元大-新盛,2024-11-15,9869
9105,泰金寶-DR,385,358,27,元大-新盛,2024-11-15,9869
00715L,期街口布蘭特正2,30,3,27,元大-新盛,2024-11-15,9869
5871,中租-KY,28,4,24,元大-新盛,2024-11-15,9869
3704,合勤控,44,21,23,元大-新盛,2024-11-15,9869
00937B,群益ESG投等債20,31,10,21,元大-新盛,2024-11-15,9869
2324,仁寶,70,49,21,元大-新盛,2024-11-15,9869
3703,欣陸,20,0,20,元大-新盛,2024-11-15,9869
3231,緯創,33,15,18,元大-新盛,2024-11-15,9869
0056,元大高股息,35,17,18,元大-新盛,2024-11-15,9869
00933B,國泰10Y+金融債,15,0,15,元大-新盛,2024-11-15,9869
8390,金益鼎,13,0,13,元大-新盛,2024-11-15,9869
3024,憶聲,13,0,13,元大-新盛,2024-11-15,9869
006208,富邦台50,13,1,12,元大-新盛,2024-11-15,9869
1618,合機,14,2,12,元大-新盛,2024-11-15,9869
2356,英業達,22,11,11,元大-新盛,2024-11-15,9869
3362,先進光,10,0,10,元大-新盛,2024-11-15,9869
1584,精剛,10,0,10,元大-新盛,2024-11-15,9869
00751B,元大AAA至A公司債,10,0,10,元大-新盛,2024-11-15,9869
2027,大成鋼,10,0,10,元大-新盛,2024-11-15,9869
3558,神準,11,1,10,元大-新盛,2024-11-15,9869
1785,光洋科,9,0,9,元大-新盛,2024-11-15,9869
2408,南亞科,13,4,9,元大-新盛,2024-11-15,9869
3017,奇鋐,29,21,8,元大-新盛,2024-11-15,9869
4414,如興,8,0,8,元大-新盛,2024-11-15,9869
2328,廣宇,8,0,8,元大-新盛,2024-11-15,9869
4720,德淵,8,0,8,元大-新盛,2024-11-15,9869
6219,富旺,8,0,8,元大-新盛,2024-11-15,9869
2371,大同,43,35,8,元大-新盛,2024-11-15,9869
00713,元大台灣高息低波,9,2,7,元大-新盛,2024-11-15,9869
2377,微星,7,0,7,元大-新盛,2024-11-15,9869
2486,一詮,18,11,7,元大-新盛,2024-11-15,9869
2543,皇昌,46,39,7,元大-新盛,2024-11-15,9869
1611,中電,24,17,7,元大-新盛,2024-11-15,9869
00708L,期元大S＆P黃金正2,7,0,7,元大-新盛,2024-11-15,9869
2301,光寶科,8,1,7,元大-新盛,2024-11-15,9869
6257,矽格,6,0,6,元大-新盛,2024-11-15,9869
6505,台塑化,23,17,6,元大-新盛,2024-11-15,9869
3035,智原,6,0,6,元大-新盛,2024-11-15,9869
00878,國泰永續高股息,290,21,269,元大-新盛,2024-11-18,9869
00937B,群益ESG投等債20,169,0,169,元大-新盛,2024-11-18,9869
00929,復華台灣科技優息,129,20,109,元大-新盛,2024-11-18,9869
0056,元大高股息,104,16,88,元大-新盛,2024-11-18,9869
1471,首利,62,2,60,元大-新盛,2024-11-18,9869
2618,長榮航,103,43,60,元大-新盛,2024-11-18,9869
2312,金寶,215,157,58,元大-新盛,2024-11-18,9869
3481,群創,65,17,48,元大-新盛,2024-11-18,9869
00919,群益台灣精選高息,46,1,45,元大-新盛,2024-11-18,9869
00932,兆豐永續高息等權,42,0,42,元大-新盛,2024-11-18,9869
2344,華邦電,42,1,41,元大-新盛,2024-11-18,9869
5225,東科-KY,40,0,40,元大-新盛,2024-11-18,9869
5469,瀚宇博,37,0,37,元大-新盛,2024-11-18,9869
00887,永豐中國科技50大,46,12,34,元大-新盛,2024-11-18,9869
00715L,期街口布蘭特正2,37,4,33,元大-新盛,2024-11-18,9869
00637L,元大滬深300正2,98,67,31,元大-新盛,2024-11-18,9869
3231,緯創,39,9,30,元大-新盛,2024-11-18,9869
9105,泰金寶-DR,304,278,26,元大-新盛,2024-11-18,9869
1718,中纖,26,0,26,元大-新盛,2024-11-18,9869
0050,元大台灣50,39,14,25,元大-新盛,2024-11-18,9869
00708L,期元大S＆P黃金正2,24,0,24,元大-新盛,2024-11-18,9869
2330,台積電,24,1,23,元大-新盛,2024-11-18,9869
3024,憶聲,24,2,22,元大-新盛,2024-11-18,9869
1909,榮成,20,0,20,元大-新盛,2024-11-18,9869
00940,元大台灣價值高息,62,42,20,元大-新盛,2024-11-18,9869
00891,中信關鍵半導體,16,0,16,元大-新盛,2024-11-18,9869
2354,鴻準,58,42,16,元大-新盛,2024-11-18,9869
1513,中興電,16,0,16,元大-新盛,2024-11-18,9869
2338,光罩,15,0,15,元大-新盛,2024-11-18,9869
6156,松上,15,0,15,元大-新盛,2024-11-18,9869
006208,富邦台50,15,0,15,元大-新盛,2024-11-18,9869
2023,燁輝,14,0,14,元大-新盛,2024-11-18,9869
1712,興農,14,0,14,元大-新盛,2024-11-18,9869
2603,長榮,19,5,14,元大-新盛,2024-11-18,9869
00915,凱基優選高股息30,13,0,13,元大-新盛,2024-11-18,9869
00922,國泰台灣領袖50,15,2,13,元大-新盛,2024-11-18,9869
00713,元大台灣高息低波,14,1,13,元大-新盛,2024-11-18,9869
00671R,富邦NASDAQ反1,13,0,13,元大-新盛,2024-11-18,9869
1519,華城,20,8,12,元大-新盛,2024-11-18,9869
2486,一詮,13,1,12,元大-新盛,2024-11-18,9869
00795B,中信美國公債20年,18,6,12,元大-新盛,2024-11-18,9869
00905,FT臺灣Smart,12,0,12,元大-新盛,2024-11-18,9869
2890,永豐金,13,1,12,元大-新盛,2024-11-18,9869
2317,鴻海,54,43,11,元大-新盛,2024-11-18,9869
3211,順達,11,0,11,元大-新盛,2024-11-18,9869
4551,智伸科,11,0,11,元大-新盛,2024-11-18,9869
00948B,中信優息投資級債,11,0,11,元大-新盛,2024-11-18,9869
2528,皇普,11,0,11,元大-新盛,2024-11-18,9869
00881,國泰台灣5G+,10,0,10,元大-新盛,2024-11-18,9869
00918,大華優利高填息30,11,1,10,元大-新盛,2024-11-18,9869
00918,大華優利高填息30,451,50,401,元大-新盛,2024-11-19,9869
00637L,元大滬深300正2,210,23,187,元大-新盛,2024-11-19,9869
0056,元大高股息,116,6,110,元大-新盛,2024-11-19,9869
00937B,群益ESG投等債20,46,5,41,元大-新盛,2024-11-19,9869
00664R,國泰臺灣加權反1,40,0,40,元大-新盛,2024-11-19,9869
2888,新光金,38,0,38,元大-新盛,2024-11-19,9869
2317,鴻海,47,14,33,元大-新盛,2024-11-19,9869
5469,瀚宇博,30,0,30,元大-新盛,2024-11-19,9869
6266,泰詠,27,0,27,元大-新盛,2024-11-19,9869
00687B,國泰20年美債,26,0,26,元大-新盛,2024-11-19,9869
6182,合晶,26,0,26,元大-新盛,2024-11-19,9869
00919,群益台灣精選高息,37,12,25,元大-新盛,2024-11-19,9869
00679B,元大美債20年,27,3,24,元大-新盛,2024-11-19,9869
2884,玉山金,23,0,23,元大-新盛,2024-11-19,9869
2382,廣達,22,1,21,元大-新盛,2024-11-19,9869
0050,元大台灣50,30,9,21,元大-新盛,2024-11-19,9869
9105,泰金寶-DR,256,236,20,元大-新盛,2024-11-19,9869
00945B,凱基美國非投等債,20,0,20,元大-新盛,2024-11-19,9869
2303,聯電,23,4,19,元大-新盛,2024-11-19,9869
3231,緯創,23,5,18,元大-新盛,2024-11-19,9869
5309,系統電,25,9,16,元大-新盛,2024-11-19,9869
0055,元大MSCI金融,15,0,15,元大-新盛,2024-11-19,9869
1314,中石化,15,0,15,元大-新盛,2024-11-19,9869
00646,元大S＆P500,15,0,15,元大-新盛,2024-11-19,9869
2883,凱基金,75,61,14,元大-新盛,2024-11-19,9869
00929,復華台灣科技優息,41,28,13,元大-新盛,2024-11-19,9869
3050,鈺德,13,0,13,元大-新盛,2024-11-19,9869
2405,輔信,13,0,13,元大-新盛,2024-11-19,9869
4915,致伸,13,0,13,元大-新盛,2024-11-19,9869
2605,新興,16,4,12,元大-新盛,2024-11-19,9869
00752,中信中國50,12,0,12,元大-新盛,2024-11-19,9869
9921,巨大,12,0,12,元大-新盛,2024-11-19,9869
2834,臺企銀,20,8,12,元大-新盛,2024-11-19,9869
2354,鴻準,60,49,11,元大-新盛,2024-11-19,9869
00713,元大台灣高息低波,11,0,11,元大-新盛,2024-11-19,9869
00891,中信關鍵半導體,16,5,11,元大-新盛,2024-11-19,9869
00795B,中信美國公債20年,11,0,11,元大-新盛,2024-11-19,9869
00932,兆豐永續高息等權,10,0,10,元大-新盛,2024-11-19,9869
5876,上海商銀,10,0,10,元大-新盛,2024-11-19,9869
2383,台光電,13,3,10,元大-新盛,2024-11-19,9869
00953B,群益優選非投等債,10,0,10,元大-新盛,2024-11-19,9869
3052,夆典,10,0,10,元大-新盛,2024-11-19,9869
3376,新日興,17,7,10,元大-新盛,2024-11-19,9869
00671R,富邦NASDAQ反1,10,0,10,元大-新盛,2024-11-19,9869
2891,中信金,11,1,10,元大-新盛,2024-11-19,9869
1560,中砂,12,3,9,元大-新盛,2024-11-19,9869
3062,建漢,13,4,9,元大-新盛,2024-11-19,9869
5347,世界,12,3,9,元大-新盛,2024-11-19,9869
2596,綠意,8,0,8,元大-新盛,2024-11-19,9869
3024,憶聲,8,0,8,元大-新盛,2024-11-19,9869
00664R,國泰臺灣加權反1,1021,0,1021,元大-新盛,2024-11-20,9869
5880,合庫金,210,0,210,元大-新盛,2024-11-20,9869
00929,復華台灣科技優息,163,1,162,元大-新盛,2024-11-20,9869
00915,凱基優選高股息30,112,5,107,元大-新盛,2024-11-20,9869
2369,菱生,105,0,105,元大-新盛,2024-11-20,9869
2888,新光金,103,12,91,元大-新盛,2024-11-20,9869
2392,正崴,97,8,89,元大-新盛,2024-11-20,9869
8111,立��,80,0,80,元大-新盛,2024-11-20,9869
00937B,群益ESG投等債20,78,0,78,元大-新盛,2024-11-20,9869
2354,鴻準,134,64,70,元大-新盛,2024-11-20,9869
2885,元大金,65,6,59,元大-新盛,2024-11-20,9869
2409,友達,57,0,57,元大-新盛,2024-11-20,9869
2408,南亞科,61,7,54,元大-新盛,2024-11-20,9869
00959B,大華投等美債15Y+,51,0,51,元大-新盛,2024-11-20,9869
3594,磐儀,46,1,45,元大-新盛,2024-11-20,9869
00679B,元大美債20年,48,6,42,元大-新盛,2024-11-20,9869
2882,國泰金,47,6,41,元大-新盛,2024-11-20,9869
006208,富邦台50,40,0,40,元大-新盛,2024-11-20,9869
2542,興富發,33,0,33,元大-新盛,2024-11-20,9869
2356,英業達,35,6,29,元大-新盛,2024-11-20,9869
5469,瀚宇博,26,0,26,元大-新盛,2024-11-20,9869
0056,元大高股息,45,21,24,元大-新盛,2024-11-20,9869
2489,瑞軒,25,2,23,元大-新盛,2024-11-20,9869
3576,聯合再生,20,0,20,元大-新盛,2024-11-20,9869
9904,寶成,25,7,18,元大-新盛,2024-11-20,9869
6438,迅得,20,2,18,元大-新盛,2024-11-20,9869
6282,康舒,33,15,18,元大-新盛,2024-11-20,9869
00878,國泰永續高股息,46,28,18,元大-新盛,2024-11-20,9869
3211,順達,20,3,17,元大-新盛,2024-11-20,9869
2881,富邦金,16,0,16,元大-新盛,2024-11-20,9869
2646,星宇航空,16,2,14,元大-新盛,2024-11-20,9869
6770,力積電,22,9,13,元大-新盛,2024-11-20,9869
1605,華新,17,4,13,元大-新盛,2024-11-20,9869
2641,正德,15,2,13,元大-新盛,2024-11-20,9869
00680L,元大美債20正2,13,0,13,元大-新盛,2024-11-20,9869
2332,友訊,23,11,12,元大-新盛,2024-11-20,9869
00927,群益半導體收益,11,0,11,元大-新盛,2024-11-20,9869
3290,東浦,14,4,10,元大-新盛,2024-11-20,9869
3047,訊舟,12,2,10,元大-新盛,2024-11-20,9869
3711,日月光投控,10,0,10,元大-新盛,2024-11-20,9869
5347,世界,15,5,10,元大-新盛,2024-11-20,9869
4420,光明,10,0,10,元大-新盛,2024-11-20,9869
2363,矽統,12,2,10,元大-新盛,2024-11-20,9869
1708,東鹼,13,3,10,元大-新盛,2024-11-20,9869
1103,嘉泥,9,0,9,元大-新盛,2024-11-20,9869
3323,加百裕,15,6,9,元大-新盛,2024-11-20,9869
3550,聯穎,9,0,9,元大-新盛,2024-11-20,9869
00882,中信中國高股息,9,0,9,元大-新盛,2024-11-20,9869
00932,兆豐永續高息等權,8,0,8,元大-新盛,2024-11-20,9869
3231,緯創,14,6,8,元大-新盛,2024-11-20,9869
00676R,富邦臺灣加權反1,280,0,280,元大-新盛,2024-11-21,9869
00929,復華台灣科技優息,222,77,145,元大-新盛,2024-11-21,9869
1802,台玻,166,26,140,元大-新盛,2024-11-21,9869
00665L,富邦�琤肭磪囓�2,113,5,108,元大-新盛,2024-11-21,9869
00919,群益台灣精選高息,98,3,95,元大-新盛,2024-11-21,9869
00878,國泰永續高股息,191,101,90,元大-新盛,2024-11-21,9869
00690,兆豐藍籌30,70,0,70,元大-新盛,2024-11-21,9869
9105,泰金寶-DR,426,357,69,元大-新盛,2024-11-21,9869
2882,國泰金,69,1,68,元大-新盛,2024-11-21,9869
0056,元大高股息,65,4,61,元大-新盛,2024-11-21,9869
6603,富強鑫,47,0,47,元大-新盛,2024-11-21,9869
2317,鴻海,50,10,40,元大-新盛,2024-11-21,9869
00937B,群益ESG投等債20,51,12,39,元大-新盛,2024-11-21,9869
3211,順達,41,11,30,元大-新盛,2024-11-21,9869
1524,耿鼎,26,1,25,元大-新盛,2024-11-21,9869
0050,元大台灣50,34,11,23,元大-新盛,2024-11-21,9869
1618,合機,21,0,21,元大-新盛,2024-11-21,9869
5876,上海商銀,20,0,20,元大-新盛,2024-11-21,9869
8249,菱光,27,7,20,元大-新盛,2024-11-21,9869
3447,展達,22,2,20,元大-新盛,2024-11-21,9869
00631L,元大台灣50正2,20,1,19,元大-新盛,2024-11-21,9869
1449,佳和,17,1,16,元大-新盛,2024-11-21,9869
00713,元大台灣高息低波,15,0,15,元大-新盛,2024-11-21,9869
2371,大同,23,8,15,元大-新盛,2024-11-21,9869
1904,正隆,15,0,15,元大-新盛,2024-11-21,9869
5225,東科-KY,15,0,15,元大-新盛,2024-11-21,9869
2027,大成鋼,15,0,15,元大-新盛,2024-11-21,9869
6412,群電,15,0,15,元大-新盛,2024-11-21,9869
3050,鈺德,19,4,15,元大-新盛,2024-11-21,9869
2881,富邦金,17,2,15,元大-新盛,2024-11-21,9869
00725B,國泰投資級公司債,14,0,14,元大-新盛,2024-11-21,9869
4919,新唐,23,9,14,元大-新盛,2024-11-21,9869
2890,永豐金,14,0,14,元大-新盛,2024-11-21,9869
9945,潤泰新,13,0,13,元大-新盛,2024-11-21,9869
00959B,大華投等美債15Y+,13,0,13,元大-新盛,2024-11-21,9869
2884,玉山金,20,7,13,元大-新盛,2024-11-21,9869
5608,四維航,14,1,13,元大-新盛,2024-11-21,9869
00930,永豐ESG低碳高息,13,0,13,元大-新盛,2024-11-21,9869
006208,富邦台50,12,0,12,元大-新盛,2024-11-21,9869
00960,野村全球航運龍頭,12,0,12,元大-新盛,2024-11-21,9869
8038,長園科,13,1,12,元大-新盛,2024-11-21,9869
2442,新美齊,12,0,12,元大-新盛,2024-11-21,9869
00795B,中信美國公債20年,12,0,12,元大-新盛,2024-11-21,9869
3558,神準,11,0,11,元大-新盛,2024-11-21,9869
2888,新光金,12,1,11,元大-新盛,2024-11-21,9869
00933B,國泰10Y+金融債,12,1,11,元大-新盛,2024-11-21,9869
2646,星宇航空,26,16,10,元大-新盛,2024-11-21,9869
5443,均豪,13,3,10,元大-新盛,2024-11-21,9869
6288,聯嘉,10,0,10,元大-新盛,2024-11-21,9869
1909,榮成,10,0,10,元大-新盛,2024-11-21,9869
00664R,國泰臺灣加權反1,1063,0,1063,元大-新盛,2024-11-22,9869
00637L,元大滬深300正2,157,4,153,元大-新盛,2024-11-22,9869
00882,中信中國高股息,85,0,85,元大-新盛,2024-11-22,9869
912000,晨訊科-DR,67,9,58,元大-新盛,2024-11-22,9869
2355,敬鵬,50,3,47,元大-新盛,2024-11-22,9869
2885,元大金,48,3,45,元大-新盛,2024-11-22,9869
2615,萬海,61,22,39,元大-新盛,2024-11-22,9869
00934,中信成長高股息,37,1,36,元大-新盛,2024-11-22,9869
2609,陽明,92,57,35,元大-新盛,2024-11-22,9869
3706,神達,202,168,34,元大-新盛,2024-11-22,9869
0056,元大高股息,45,12,33,元大-新盛,2024-11-22,9869
2603,長榮,37,5,32,元大-新盛,2024-11-22,9869
2431,聯昌,31,0,31,元大-新盛,2024-11-22,9869
1587,吉茂,30,1,29,元大-新盛,2024-11-22,9869
1802,台玻,83,55,28,元大-新盛,2024-11-22,9869
2408,南亞科,28,3,25,元大-新盛,2024-11-22,9869
00878,國泰永續高股息,38,13,25,元大-新盛,2024-11-22,9869
5351,鈺創,22,0,22,元大-新盛,2024-11-22,9869
00915,凱基優選高股息30,22,0,22,元大-新盛,2024-11-22,9869
2332,友訊,21,0,21,元大-新盛,2024-11-22,9869
00953B,群益優選非投等債,20,0,20,元大-新盛,2024-11-22,9869
6151,晉倫,29,10,19,元大-新盛,2024-11-22,9869
00712,復華富時不動產,20,1,19,元大-新盛,2024-11-22,9869
3019,亞光,28,10,18,元大-新盛,2024-11-22,9869
5876,上海商銀,18,0,18,元大-新盛,2024-11-22,9869
2317,鴻海,21,3,18,元大-新盛,2024-11-22,9869
2356,英業達,36,19,17,元大-新盛,2024-11-22,9869
1616,億泰,20,3,17,元大-新盛,2024-11-22,9869
00646,元大S＆P500,17,1,16,元大-新盛,2024-11-22,9869
00679B,元大美債20年,16,0,16,元大-新盛,2024-11-22,9869
1301,台塑,18,3,15,元大-新盛,2024-11-22,9869
00713,元大台灣高息低波,14,0,14,元大-新盛,2024-11-22,9869
00687B,國泰20年美債,14,1,13,元大-新盛,2024-11-22,9869
00960,野村全球航運龍頭,16,3,13,元大-新盛,2024-11-22,9869
2855,統一證,12,0,12,元大-新盛,2024-11-22,9869
2327,國巨,11,0,11,元大-新盛,2024-11-22,9869
5309,系統電,77,67,10,元大-新盛,2024-11-22,9869
006208,富邦台50,11,2,9,元大-新盛,2024-11-22,9869
2545,皇翔,10,1,9,元大-新盛,2024-11-22,9869
1449,佳和,11,3,8,元大-新盛,2024-11-22,9869
1108,幸福,8,0,8,元大-新盛,2024-11-22,9869
2471,資通,8,0,8,元大-新盛,2024-11-22,9869
4907,富宇,8,0,8,元大-新盛,2024-11-22,9869
6142,友勁,8,0,8,元大-新盛,2024-11-22,9869
00933B,國泰10Y+金融債,8,0,8,元大-新盛,2024-11-22,9869
2353,宏��,8,0,8,元大-新盛,2024-11-22,9869
2303,聯電,9,1,8,元大-新盛,2024-11-22,9869
8032,光菱,8,1,7,元大-新盛,2024-11-22,9869
00937B,群益ESG投等債20,14,7,7,元大-新盛,2024-11-22,9869
2528,皇普,15,8,7,元大-新盛,2024-11-22,9869
2303,聯電,121,9,112,元大-新盛,2024-11-25,9869
2312,金寶,1046,946,100,元大-新盛,2024-11-25,9869
6278,台表科,100,1,99,元大-新盛,2024-11-25,9869
00953B,群益優選非投等債,70,0,70,元大-新盛,2024-11-25,9869
00919,群益台灣精選高息,60,4,56,元大-新盛,2024-11-25,9869
2609,陽明,112,61,51,元大-新盛,2024-11-25,9869
5465,富驊,44,2,42,元大-新盛,2024-11-25,9869
3260,威剛,41,0,41,元大-新盛,2024-11-25,9869
2603,長榮,101,65,36,元大-新盛,2024-11-25,9869
9941,裕融,34,0,34,元大-新盛,2024-11-25,9869
5469,瀚宇博,30,0,30,元大-新盛,2024-11-25,9869
4306,炎洲,30,0,30,元大-新盛,2024-11-25,9869
4720,德淵,30,0,30,元大-新盛,2024-11-25,9869
00882,中信中國高股息,69,42,27,元大-新盛,2024-11-25,9869
2495,普安,35,11,24,元大-新盛,2024-11-25,9869
2455,全新,26,3,23,元大-新盛,2024-11-25,9869
2442,新美齊,24,3,21,元大-新盛,2024-11-25,9869
00639,富邦深100,20,0,20,元大-新盛,2024-11-25,9869
00633L,富邦上証正2,40,20,20,元大-新盛,2024-11-25,9869
2489,瑞軒,18,2,16,元大-新盛,2024-11-25,9869
2449,京元電子,18,3,15,元大-新盛,2024-11-25,9869
9907,統一實,15,0,15,元大-新盛,2024-11-25,9869
0056,元大高股息,30,15,15,元大-新盛,2024-11-25,9869
2344,華邦電,16,2,14,元大-新盛,2024-11-25,9869
1721,三晃,19,6,13,元大-新盛,2024-11-25,9869
2349,錸德,35,22,13,元大-新盛,2024-11-25,9869
3591,艾笛森,12,0,12,元大-新盛,2024-11-25,9869
00646,元大S＆P500,12,0,12,元大-新盛,2024-11-25,9869
6121,新普,12,0,12,元大-新盛,2024-11-25,9869
00655L,國泰中國A50正2,12,1,11,元大-新盛,2024-11-25,9869
2327,國巨,11,0,11,元大-新盛,2024-11-25,9869
006208,富邦台50,15,4,11,元大-新盛,2024-11-25,9869
3339,泰谷,10,0,10,元大-新盛,2024-11-25,9869
6156,松上,11,1,10,元大-新盛,2024-11-25,9869
6213,聯茂,16,6,10,元大-新盛,2024-11-25,9869
4588,玖鼎電力,10,0,10,元大-新盛,2024-11-25,9869
3005,神基,10,0,10,元大-新盛,2024-11-25,9869
6282,康舒,9,0,9,元大-新盛,2024-11-25,9869
00905,FT臺灣Smart,9,0,9,元大-新盛,2024-11-25,9869
6191,精成科,10,1,9,元大-新盛,2024-11-25,9869
2368,金像電,10,1,9,元大-新盛,2024-11-25,9869
2371,大同,22,13,9,元大-新盛,2024-11-25,9869
00713,元大台灣高息低波,10,2,8,元大-新盛,2024-11-25,9869
3712,永崴投控,41,33,8,元大-新盛,2024-11-25,9869
00915,凱基優選高股息30,8,0,8,元大-新盛,2024-11-25,9869
1432,大魯閣,8,0,8,元大-新盛,2024-11-25,9869
3702,大聯大,8,0,8,元大-新盛,2024-11-25,9869
00927,群益半導體收益,8,0,8,元大-新盛,2024-11-25,9869
2313,華通,18,10,8,元大-新盛,2024-11-25,9869
1442,名軒,8,0,8,元大-新盛,2024-11-25,9869
2317,鴻海,103,22,81,元大-新盛,2024-11-26,9869
2312,金寶,171,93,78,元大-新盛,2024-11-26,9869
00965,元大航太防衛科技,67,3,64,元大-新盛,2024-11-26,9869
9105,泰金寶-DR,150,87,63,元大-新盛,2024-11-26,9869
00878,國泰永續高股息,61,0,61,元大-新盛,2024-11-26,9869
00637L,元大滬深300正2,216,159,57,元大-新盛,2024-11-26,9869
0056,元大高股息,63,10,53,元大-新盛,2024-11-26,9869
00665L,富邦�琤肭磪囓�2,100,50,50,元大-新盛,2024-11-26,9869
00919,群益台灣精選高息,56,9,47,元大-新盛,2024-11-26,9869
00688L,國泰20年美債正2,40,0,40,元大-新盛,2024-11-26,9869
2369,菱生,40,0,40,元大-新盛,2024-11-26,9869
4306,炎洲,40,1,39,元大-新盛,2024-11-26,9869
2530,華建,40,3,37,元大-新盛,2024-11-26,9869
5469,瀚宇博,31,0,31,元大-新盛,2024-11-26,9869
1802,台玻,38,11,27,元大-新盛,2024-11-26,9869
0050,元大台灣50,40,14,26,元大-新盛,2024-11-26,9869
2371,大同,25,1,24,元大-新盛,2024-11-26,9869
2344,華邦電,29,5,24,元大-新盛,2024-11-26,9869
1314,中石化,37,13,24,元大-新盛,2024-11-26,9869
00922,國泰台灣領袖50,23,0,23,元大-新盛,2024-11-26,9869
5309,系統電,58,35,23,元大-新盛,2024-11-26,9869
3231,緯創,30,8,22,元大-新盛,2024-11-26,9869
1313,聯成,30,9,21,元大-新盛,2024-11-26,9869
00930,永豐ESG低碳高息,19,0,19,元大-新盛,2024-11-26,9869
00905,FT臺灣Smart,19,0,19,元大-新盛,2024-11-26,9869
00891,中信關鍵半導體,19,1,18,元大-新盛,2024-11-26,9869
00882,中信中國高股息,17,0,17,元大-新盛,2024-11-26,9869
2330,台積電,19,2,17,元大-新盛,2024-11-26,9869
5465,富驊,16,0,16,元大-新盛,2024-11-26,9869
3706,神達,88,73,15,元大-新盛,2024-11-26,9869
2426,鼎元,15,0,15,元大-新盛,2024-11-26,9869
2515,中工,14,0,14,元大-新盛,2024-11-26,9869
00713,元大台灣高息低波,13,0,13,元大-新盛,2024-11-26,9869
5534,長虹,13,0,13,元大-新盛,2024-11-26,9869
2615,萬海,32,20,12,元大-新盛,2024-11-26,9869
00646,元大S＆P500,13,2,11,元大-新盛,2024-11-26,9869
3712,永崴投控,21,10,11,元大-新盛,2024-11-26,9869
00887,永豐中國科技50大,17,6,11,元大-新盛,2024-11-26,9869
1611,中電,19,8,11,元大-新盛,2024-11-26,9869
1528,恩德,12,1,11,元大-新盛,2024-11-26,9869
2442,新美齊,21,10,11,元大-新盛,2024-11-26,9869
2408,南亞科,12,2,10,元大-新盛,2024-11-26,9869
1570,力肯,10,0,10,元大-新盛,2024-11-26,9869
1460,宏遠,10,0,10,元大-新盛,2024-11-26,9869
2498,宏達電,18,8,10,元大-新盛,2024-11-26,9869
2601,益航,10,0,10,元大-新盛,2024-11-26,9869
2377,微星,10,0,10,元大-新盛,2024-11-26,9869
00940,元大台灣價值高息,39,30,9,元大-新盛,2024-11-26,9869
1514,亞力,10,1,9,元大-新盛,2024-11-26,9869
00795B,中信美國公債20年,9,0,9,元大-新盛,2024-11-26,9869
00632R,元大台灣50反1,187,14,173,元大-新盛,2024-11-27,9869
00919,群益台灣精選高息,165,1,164,元大-新盛,2024-11-27,9869
0056,元大高股息,157,1,156,元大-新盛,2024-11-27,9869
00878,國泰永續高股息,170,40,130,元大-新盛,2024-11-27,9869
00940,元大台灣價值高息,145,33,112,元大-新盛,2024-11-27,9869
2603,長榮,157,65,92,元大-新盛,2024-11-27,9869
00922,國泰台灣領袖50,57,1,56,元大-新盛,2024-11-27,9869
00918,大華優利高填息30,61,5,56,元大-新盛,2024-11-27,9869
3231,緯創,57,5,52,元大-新盛,2024-11-27,9869
4306,炎洲,50,0,50,元大-新盛,2024-11-27,9869
2303,聯電,54,5,49,元大-新盛,2024-11-27,9869
2317,鴻海,93,50,43,元大-新盛,2024-11-27,9869
00929,復華台灣科技優息,36,2,34,元大-新盛,2024-11-27,9869
2392,正崴,83,53,30,元大-新盛,2024-11-27,9869
2385,群光,31,1,30,元大-新盛,2024-11-27,9869
2539,櫻花建,31,1,30,元大-新盛,2024-11-27,9869
00905,FT臺灣Smart,26,0,26,元大-新盛,2024-11-27,9869
3211,順達,27,1,26,元大-新盛,2024-11-27,9869
2882,國泰金,29,5,24,元大-新盛,2024-11-27,9869
00960,野村全球航運龍頭,27,3,24,元大-新盛,2024-11-27,9869
2382,廣達,27,3,24,元大-新盛,2024-11-27,9869
3047,訊舟,29,6,23,元大-新盛,2024-11-27,9869
2455,全新,24,2,22,元大-新盛,2024-11-27,9869
2408,南亞科,22,0,22,元大-新盛,2024-11-27,9869
2349,錸德,31,10,21,元大-新盛,2024-11-27,9869
1536,和大,49,28,21,元大-新盛,2024-11-27,9869
0050,元大台灣50,27,6,21,元大-新盛,2024-11-27,9869
00662,富邦NASDAQ,20,0,20,元大-新盛,2024-11-27,9869
5512,力麒,20,0,20,元大-新盛,2024-11-27,9869
00631L,元大台灣50正2,20,0,20,元大-新盛,2024-11-27,9869
2330,台積電,23,4,19,元大-新盛,2024-11-27,9869
1605,華新,20,2,18,元大-新盛,2024-11-27,9869
2615,萬海,104,86,18,元大-新盛,2024-11-27,9869
4526,東台,29,12,17,元大-新盛,2024-11-27,9869
3558,神準,19,3,16,元大-新盛,2024-11-27,9869
1533,車王電,15,0,15,元大-新盛,2024-11-27,9869
8150,南茂,15,0,15,元大-新盛,2024-11-27,9869
9105,泰金寶-DR,124,109,15,元大-新盛,2024-11-27,9869
2344,華邦電,19,5,14,元大-新盛,2024-11-27,9869
1708,東鹼,16,2,14,元大-新盛,2024-11-27,9869
8028,昇陽半導體,16,2,14,元大-新盛,2024-11-27,9869
1301,台塑,14,0,14,元大-新盛,2024-11-27,9869
3230,錦明,16,3,13,元大-新盛,2024-11-27,9869
4979,華星光,40,27,13,元大-新盛,2024-11-27,9869
00891,中信關鍵半導體,13,1,12,元大-新盛,2024-11-27,9869
2002,中鋼,12,0,12,元大-新盛,2024-11-27,9869
2883,凱基金,34,23,11,元大-新盛,2024-11-27,9869
1102,亞泥,11,0,11,元大-新盛,2024-11-27,9869
00715L,期街口布蘭特正2,11,0,11,元大-新盛,2024-11-27,9869
8021,尖點,11,0,11,元大-新盛,2024-11-27,9869
00637L,元大滬深300正2,524,231,293,元大-新盛,2024-11-28,9869
00878,國泰永續高股息,188,11,177,元大-新盛,2024-11-28,9869
00632R,元大台灣50反1,219,45,174,元大-新盛,2024-11-28,9869
2312,金寶,213,109,104,元大-新盛,2024-11-28,9869
00919,群益台灣精選高息,95,0,95,元大-新盛,2024-11-28,9869
0056,元大高股息,85,1,84,元大-新盛,2024-11-28,9869
1815,富喬,194,129,65,元大-新盛,2024-11-28,9869
2303,聯電,59,5,54,元大-新盛,2024-11-28,9869
2369,菱生,50,0,50,元大-新盛,2024-11-28,9869
00670L,富邦NASDAQ正2,50,0,50,元大-新盛,2024-11-28,9869
4306,炎洲,50,0,50,元大-新盛,2024-11-28,9869
00885,富邦越南,50,2,48,元大-新盛,2024-11-28,9869
00922,國泰台灣領袖50,40,0,40,元大-新盛,2024-11-28,9869
2408,南亞科,71,31,40,元大-新盛,2024-11-28,9869
2002,中鋼,37,1,36,元大-新盛,2024-11-28,9869
4303,信立,34,2,32,元大-新盛,2024-11-28,9869
1605,華新,25,1,24,元大-新盛,2024-11-28,9869
00929,復華台灣科技優息,59,35,24,元大-新盛,2024-11-28,9869
1305,華夏,22,0,22,元大-新盛,2024-11-28,9869
0050,元大台灣50,32,10,22,元大-新盛,2024-11-28,9869
00905,FT臺灣Smart,21,0,21,元大-新盛,2024-11-28,9869
00930,永豐ESG低碳高息,20,0,20,元大-新盛,2024-11-28,9869
5355,佳總,20,0,20,元大-新盛,2024-11-28,9869
6163,華電網,20,0,20,元大-新盛,2024-11-28,9869
2204,中華,24,5,19,元大-新盛,2024-11-28,9869
00687B,國泰20年美債,20,2,18,元大-新盛,2024-11-28,9869
00713,元大台灣高息低波,15,0,15,元大-新盛,2024-11-28,9869
006208,富邦台50,15,1,14,元大-新盛,2024-11-28,9869
2486,一詮,15,1,14,元大-新盛,2024-11-28,9869
3264,欣銓,15,1,14,元大-新盛,2024-11-28,9869
2332,友訊,21,7,14,元大-新盛,2024-11-28,9869
5871,中租-KY,19,6,13,元大-新盛,2024-11-28,9869
2367,燿華,12,0,12,元大-新盛,2024-11-28,9869
2330,台積電,15,4,11,元大-新盛,2024-11-28,9869
1514,亞力,11,0,11,元大-新盛,2024-11-28,9869
00935,野村臺灣新科技50,11,0,11,元大-新盛,2024-11-28,9869
1524,耿鼎,16,5,11,元大-新盛,2024-11-28,9869
3231,緯創,19,9,10,元大-新盛,2024-11-28,9869
6869,雲豹能源,10,0,10,元大-新盛,2024-11-28,9869
2489,瑞軒,13,3,10,元大-新盛,2024-11-28,9869
1540,喬福,10,0,10,元大-新盛,2024-11-28,9869
1313,聯成,10,0,10,元大-新盛,2024-11-28,9869
8454,富邦媒,10,0,10,元大-新盛,2024-11-28,9869
1611,中電,10,0,10,元大-新盛,2024-11-28,9869
4532,瑞智,10,0,10,元大-新盛,2024-11-28,9869
5244,弘凱,11,1,10,元大-新盛,2024-11-28,9869
2354,鴻準,58,49,9,元大-新盛,2024-11-28,9869
3293,鈊象,13,3,10,元大-新盛,2024-11-28,9869
1417,嘉裕,9,0,9,元大-新盛,2024-11-28,9869
6962,ITH-KY,9,0,9,元大-新盛,2024-11-28,9869
00940,元大台灣價值高息,233,27,206,元大-新盛,2024-11-29,9869
00959B,大華投等美債15Y+,150,0,150,元大-新盛,2024-11-29,9869
00878,國泰永續高股息,119,0,119,元大-新盛,2024-11-29,9869
2002,中鋼,67,0,67,元大-新盛,2024-11-29,9869
00662,富邦NASDAQ,60,0,60,元大-新盛,2024-11-29,9869
00929,復華台灣科技優息,62,2,60,元大-新盛,2024-11-29,9869
4306,炎洲,50,0,50,元大-新盛,2024-11-29,9869
00919,群益台灣精選高息,72,23,49,元大-新盛,2024-11-29,9869
00687B,國泰20年美債,52,9,43,元大-新盛,2024-11-29,9869
0056,元大高股息,77,35,42,元大-新盛,2024-11-29,9869
2542,興富發,39,1,38,元大-新盛,2024-11-29,9869
3706,神達,252,215,37,元大-新盛,2024-11-29,9869
2883,凱基金,40,3,37,元大-新盛,2024-11-29,9869
2615,萬海,33,2,31,元大-新盛,2024-11-29,9869
5469,瀚宇博,30,0,30,元大-新盛,2024-11-29,9869
2317,鴻海,45,16,29,元大-新盛,2024-11-29,9869
2882,國泰金,30,1,29,元大-新盛,2024-11-29,9869
1301,台塑,29,2,27,元大-新盛,2024-11-29,9869
2365,昆盈,26,2,24,元大-新盛,2024-11-29,9869
2885,元大金,24,1,23,元大-新盛,2024-11-29,9869
00881,國泰台灣5G+,22,0,22,元大-新盛,2024-11-29,9869
5512,力麒,20,0,20,元大-新盛,2024-11-29,9869
6191,精成科,20,0,20,元大-新盛,2024-11-29,9869
3202,樺晟,20,0,20,元大-新盛,2024-11-29,9869
2477,美隆電,20,0,20,元大-新盛,2024-11-29,9869
2603,長榮,24,5,19,元大-新盛,2024-11-29,9869
1524,耿鼎,20,4,16,元大-新盛,2024-11-29,9869
00953B,群益優選非投等債,76,60,16,元大-新盛,2024-11-29,9869
9105,泰金寶-DR,35,20,15,元大-新盛,2024-11-29,9869
00939,統一台灣高息動能,14,0,14,元大-新盛,2024-11-29,9869
1616,億泰,14,0,14,元大-新盛,2024-11-29,9869
1504,東元,13,0,13,元大-新盛,2024-11-29,9869
6658,聯策,14,1,13,元大-新盛,2024-11-29,9869
0050,元大台灣50,24,11,13,元大-新盛,2024-11-29,9869
2330,台積電,14,1,13,元大-新盛,2024-11-29,9869
1815,富喬,30,18,12,元大-新盛,2024-11-29,9869
2486,一詮,12,0,12,元大-新盛,2024-11-29,9869
2881,富邦金,11,0,11,元大-新盛,2024-11-29,9869
00713,元大台灣高息低波,15,4,11,元大-新盛,2024-11-29,9869
2392,正崴,52,42,10,元大-新盛,2024-11-29,9869
2408,南亞科,14,4,10,元大-新盛,2024-11-29,9869
3293,鈊象,14,4,10,元大-新盛,2024-11-29,9869
00950B,凱基A級公司債,10,0,10,元大-新盛,2024-11-29,9869
3701,大眾控,10,0,10,元大-新盛,2024-11-29,9869
2489,瑞軒,12,2,10,元大-新盛,2024-11-29,9869
1605,華新,11,1,10,元大-新盛,2024-11-29,9869
3042,晶技,10,0,10,元大-新盛,2024-11-29,9869
3557,嘉威,10,0,10,元大-新盛,2024-11-29,9869
5471,松翰,9,0,9,元大-新盛,2024-11-29,9869
3231,緯創,20,12,8,元大-新盛,2024-11-29,9869
00637L,元大滬深300正2,471,343,128,元大-新盛,2024-12-02,9869
2317,鴻海,60,5,55,元大-新盛,2024-12-02,9869
2355,敬鵬,51,0,51,元大-新盛,2024-12-02,9869
00662,富邦NASDAQ,42,0,42,元大-新盛,2024-12-02,9869
00924,復華S＆P500成長,40,0,40,元大-新盛,2024-12-02,9869
5876,上海商銀,30,0,30,元大-新盛,2024-12-02,9869
4123,晟德,31,1,30,元大-新盛,2024-12-02,9869
4306,炎洲,30,1,29,元大-新盛,2024-12-02,9869
00830,國泰費城半導體,28,0,28,元大-新盛,2024-12-02,9869
2408,南亞科,34,6,28,元大-新盛,2024-12-02,9869
00878,國泰永續高股息,30,4,26,元大-新盛,2024-12-02,9869
2431,聯昌,25,0,25,元大-新盛,2024-12-02,9869
1605,華新,24,1,23,元大-新盛,2024-12-02,9869
6190,萬泰科,22,0,22,元大-新盛,2024-12-02,9869
00665L,富邦�琤肭磪囓�2,21,0,21,元大-新盛,2024-12-02,9869
1609,大亞,20,0,20,元大-新盛,2024-12-02,9869
3516,亞帝歐,16,0,16,元大-新盛,2024-12-02,9869
6285,啟��,17,2,15,元大-新盛,2024-12-02,9869
2442,新美齊,15,0,15,元大-新盛,2024-12-02,9869
4510,高鋒,29,14,15,元大-新盛,2024-12-02,9869
3450,聯鈞,57,44,13,元大-新盛,2024-12-02,9869
2337,旺宏,13,0,13,元大-新盛,2024-12-02,9869
8111,立��,21,9,12,元大-新盛,2024-12-02,9869
2426,鼎元,12,0,12,元大-新盛,2024-12-02,9869
3293,鈊象,19,8,11,元大-新盛,2024-12-02,9869
1802,台玻,16,5,11,元大-新盛,2024-12-02,9869
2324,仁寶,11,0,11,元大-新盛,2024-12-02,9869
2646,星宇航空,11,0,11,元大-新盛,2024-12-02,9869
2354,鴻準,49,38,11,元大-新盛,2024-12-02,9869
2489,瑞軒,10,0,10,元大-新盛,2024-12-02,9869
00934,中信成長高股息,10,0,10,元大-新盛,2024-12-02,9869
00960,野村全球航運龍頭,10,0,10,元大-新盛,2024-12-02,9869
6180,橘子,12,2,10,元大-新盛,2024-12-02,9869
2204,中華,11,1,10,元大-新盛,2024-12-02,9869
3230,錦明,12,2,10,元大-新盛,2024-12-02,9869
3380,明泰,10,0,10,元大-新盛,2024-12-02,9869
3003,健和興,10,0,10,元大-新盛,2024-12-02,9869
2615,萬海,19,10,9,元大-新盛,2024-12-02,9869
2338,光罩,9,0,9,元大-新盛,2024-12-02,9869
1524,耿鼎,35,26,9,元大-新盛,2024-12-02,9869
6177,達麗,8,0,8,元大-新盛,2024-12-02,9869
6770,力積電,8,0,8,元大-新盛,2024-12-02,9869
6171,大城地產,8,0,8,元大-新盛,2024-12-02,9869
6288,聯嘉,8,0,8,元大-新盛,2024-12-02,9869
1611,中電,8,0,8,元大-新盛,2024-12-02,9869
2312,金寶,40,33,7,元大-新盛,2024-12-02,9869
2344,華邦電,7,0,7,元大-新盛,2024-12-02,9869
1308,亞聚,7,0,7,元大-新盛,2024-12-02,9869
1301,台塑,9,2,7,元大-新盛,2024-12-02,9869
1815,富喬,36,29,7,元大-新盛,2024-12-02,9869
00688L,國泰20年美債正2,400,206,194,元大-新盛,2024-12-03,9869
00919,群益台灣精選高息,173,22,151,元大-新盛,2024-12-03,9869
00632R,元大台灣50反1,92,0,92,元大-新盛,2024-12-03,9869
0056,元大高股息,88,11,77,元大-新盛,2024-12-03,9869
5439,高技,78,8,70,元大-新盛,2024-12-03,9869
00905,FT臺灣Smart,50,0,50,元大-新盛,2024-12-03,9869
00959B,大華投等美債15Y+,50,0,50,元大-新盛,2024-12-03,9869
00953B,群益優選非投等債,55,10,45,元大-新盛,2024-12-03,9869
3032,偉訓,50,6,44,元大-新盛,2024-12-03,9869
00940,元大台灣價值高息,104,67,37,元大-新盛,2024-12-03,9869
4306,炎洲,32,0,32,元大-新盛,2024-12-03,9869
1708,東鹼,31,0,31,元大-新盛,2024-12-03,9869
1524,耿鼎,31,1,30,元大-新盛,2024-12-03,9869
6244,茂迪,25,0,25,元大-新盛,2024-12-03,9869
5469,瀚宇博,24,0,24,元大-新盛,2024-12-03,9869
00918,大華優利高填息30,22,0,22,元大-新盛,2024-12-03,9869
4714,永捷,22,2,20,元大-新盛,2024-12-03,9869
2317,鴻海,30,10,20,元大-新盛,2024-12-03,9869
0050,元大台灣50,38,19,19,元大-新盛,2024-12-03,9869
2312,金寶,69,50,19,元大-新盛,2024-12-03,9869
3062,建漢,22,3,19,元大-新盛,2024-12-03,9869
4303,信立,34,16,18,元大-新盛,2024-12-03,9869
00795B,中信美國公債20年,18,1,17,元大-新盛,2024-12-03,9869
2354,鴻準,25,9,16,元大-新盛,2024-12-03,9869
00753L,中信中國50正2,15,0,15,元大-新盛,2024-12-03,9869
6274,台燿,16,1,15,元大-新盛,2024-12-03,9869
3022,威強電,14,0,14,元大-新盛,2024-12-03,9869
00927,群益半導體收益,14,0,14,元大-新盛,2024-12-03,9869
6530,創威,16,2,14,元大-新盛,2024-12-03,9869
2834,臺企銀,14,1,13,元大-新盛,2024-12-03,9869
00713,元大台灣高息低波,14,1,13,元大-新盛,2024-12-03,9869
00891,中信關鍵半導體,17,4,13,元大-新盛,2024-12-03,9869
00739,元大MSCI A股,12,0,12,元大-新盛,2024-12-03,9869
3293,鈊象,15,4,11,元大-新盛,2024-12-03,9869
2353,宏��,11,0,11,元大-新盛,2024-12-03,9869
9904,寶成,11,0,11,元大-新盛,2024-12-03,9869
3044,健鼎,11,0,11,元大-新盛,2024-12-03,9869
2419,仲琦,18,8,10,元大-新盛,2024-12-03,9869
3257,虹冠電,10,0,10,元大-新盛,2024-12-03,9869
00887,永豐中國科技50大,10,0,10,元大-新盛,2024-12-03,9869
4108,懷特,10,0,10,元大-新盛,2024-12-03,9869
3152,璟德,10,0,10,元大-新盛,2024-12-03,9869
6451,訊芯-KY,11,1,10,元大-新盛,2024-12-03,9869
3211,順達,91,81,10,元大-新盛,2024-12-03,9869
00950B,凱基A級公司債,9,0,9,元大-新盛,2024-12-03,9869
1616,億泰,10,1,9,元大-新盛,2024-12-03,9869
3591,艾笛森,8,0,8,元大-新盛,2024-12-03,9869
3105,穩懋,9,1,8,元大-新盛,2024-12-03,9869
6180,橘子,8,0,8,元大-新盛,2024-12-03,9869
2891,中信金,13,6,7,元大-新盛,2024-12-03,9869
00953B,群益優選非投等債,125,0,125,元大-新盛,2024-12-04,9869
00937B,群益ESG投等債20,161,68,93,元大-新盛,2024-12-04,9869
2486,一詮,74,18,56,元大-新盛,2024-12-04,9869
9105,泰金寶-DR,131,81,50,元大-新盛,2024-12-04,9869
00918,大華優利高填息30,57,14,43,元大-新盛,2024-12-04,9869
00919,群益台灣精選高息,61,22,39,元大-新盛,2024-12-04,9869
1457,宜進,29,0,29,元大-新盛,2024-12-04,9869
4306,炎洲,30,2,28,元大-新盛,2024-12-04,9869
0061,元大寶滬深,24,0,24,元大-新盛,2024-12-04,9869
00887,永豐中國科技50大,28,4,24,元大-新盛,2024-12-04,9869
1605,華新,22,0,22,元大-新盛,2024-12-04,9869
00948B,中信優息投資級債,21,0,21,元大-新盛,2024-12-04,9869
5469,瀚宇博,20,0,20,元大-新盛,2024-12-04,9869
4991,環宇-KY,33,13,20,元大-新盛,2024-12-04,9869
6962,ITH-KY,21,1,20,元大-新盛,2024-12-04,9869
2344,華邦電,39,19,20,元大-新盛,2024-12-04,9869
5498,凱崴,15,0,15,元大-新盛,2024-12-04,9869
00713,元大台灣高息低波,15,2,13,元大-新盛,2024-12-04,9869
2801,彰銀,12,0,12,元大-新盛,2024-12-04,9869
3706,神達,157,146,11,元大-新盛,2024-12-04,9869
1303,南亞,11,0,11,元大-新盛,2024-12-04,9869
8358,金居,13,2,11,元大-新盛,2024-12-04,9869
3293,鈊象,17,6,11,元大-新盛,2024-12-04,9869
00673R,期元大S＆P原油反1,11,0,11,元大-新盛,2024-12-04,9869
6235,華孚,11,0,11,元大-新盛,2024-12-04,9869
6182,合晶,11,0,11,元大-新盛,2024-12-04,9869
2327,國巨,15,4,11,元大-新盛,2024-12-04,9869
1310,台苯,10,0,10,元大-新盛,2024-12-04,9869
5009,榮剛,11,1,10,元大-新盛,2024-12-04,9869
1609,大亞,10,0,10,元大-新盛,2024-12-04,9869
1618,合機,10,0,10,元大-新盛,2024-12-04,9869
1440,南紡,10,0,10,元大-新盛,2024-12-04,9869
1409,新纖,10,0,10,元大-新盛,2024-12-04,9869
5388,中磊,11,1,10,元大-新盛,2024-12-04,9869
0056,元大高股息,38,28,10,元大-新盛,2024-12-04,9869
6548,長科*,9,0,9,元大-新盛,2024-12-04,9869
1519,華城,10,2,8,元大-新盛,2024-12-04,9869
00961,FT臺灣永續高息,8,0,8,元大-新盛,2024-12-04,9869
2353,宏��,15,7,8,元大-新盛,2024-12-04,9869
3704,合勤控,9,1,8,元大-新盛,2024-12-04,9869
4979,華星光,26,18,8,元大-新盛,2024-12-04,9869
2891,中信金,7,0,7,元大-新盛,2024-12-04,9869
5309,系統電,67,60,7,元大-新盛,2024-12-04,9869
00933B,國泰10Y+金融債,7,0,7,元大-新盛,2024-12-04,9869
8096,擎亞,10,3,7,元大-新盛,2024-12-04,9869
3591,艾笛森,9,2,7,元大-新盛,2024-12-04,9869
3324,雙鴻,6,0,6,元大-新盛,2024-12-04,9869
6269,台郡,6,0,6,元大-新盛,2024-12-04,9869
3024,憶聲,6,0,6,元大-新盛,2024-12-04,9869
3694,海華,25,19,6,元大-新盛,2024-12-04,9869
1815,富喬,695,74,621,元大-新盛,2024-12-05,9869
00637L,元大滬深300正2,542,152,390,元大-新盛,2024-12-05,9869
2530,華建,208,0,208,元大-新盛,2024-12-05,9869
00712,復華富時不動產,124,2,122,元大-新盛,2024-12-05,9869
00665L,富邦�琤肭磪囓�2,140,40,100,元大-新盛,2024-12-05,9869
2355,敬鵬,63,0,63,元大-新盛,2024-12-05,9869
2369,菱生,62,0,62,元大-新盛,2024-12-05,9869
00953B,群益優選非投等債,60,0,60,元大-新盛,2024-12-05,9869
00919,群益台灣精選高息,66,22,44,元大-新盛,2024-12-05,9869
3090,日電貿,50,13,37,元大-新盛,2024-12-05,9869
1303,南亞,38,3,35,元大-新盛,2024-12-05,9869
4977,眾達-KY,57,24,33,元大-新盛,2024-12-05,9869
4306,炎洲,30,0,30,元大-新盛,2024-12-05,9869
5371,中光電,29,0,29,元大-新盛,2024-12-05,9869
8111,立��,33,5,28,元大-新盛,2024-12-05,9869
00915,凱基優選高股息30,37,11,26,元大-新盛,2024-12-05,9869
2408,南亞科,31,5,26,元大-新盛,2024-12-05,9869
0056,元大高股息,30,5,25,元大-新盛,2024-12-05,9869
1570,力肯,24,0,24,元大-新盛,2024-12-05,9869
6763,綠界科技*,29,7,22,元大-新盛,2024-12-05,9869
1531,高林股,20,0,20,元大-新盛,2024-12-05,9869
3605,宏致,20,1,19,元大-新盛,2024-12-05,9869
00713,元大台灣高息低波,18,0,18,元大-新盛,2024-12-05,9869
4108,懷特,18,0,18,元大-新盛,2024-12-05,9869
2427,三商電,18,1,17,元大-新盛,2024-12-05,9869
8249,菱光,22,7,15,元大-新盛,2024-12-05,9869
2303,聯電,26,12,14,元大-新盛,2024-12-05,9869
00934,中信成長高股息,24,11,13,元大-新盛,2024-12-05,9869
00642U,期元大S＆P石油,13,0,13,元大-新盛,2024-12-05,9869
2609,陽明,26,13,13,元大-新盛,2024-12-05,9869
00715L,期街口布蘭特正2,13,0,13,元大-新盛,2024-12-05,9869
8358,金居,12,0,12,元大-新盛,2024-12-05,9869
3260,威剛,12,0,12,元大-新盛,2024-12-05,9869
4174,浩鼎,12,0,12,元大-新盛,2024-12-05,9869
00830,國泰費城半導體,12,1,11,元大-新盛,2024-12-05,9869
00882,中信中國高股息,22,11,11,元大-新盛,2024-12-05,9869
1904,正隆,11,0,11,元大-新盛,2024-12-05,9869
6127,九豪,19,8,11,元大-新盛,2024-12-05,9869
1522,堤維西,21,10,11,元大-新盛,2024-12-05,9869
00948B,中信優息投資級債,11,0,11,元大-新盛,2024-12-05,9869
1532,勤美,10,0,10,元大-新盛,2024-12-05,9869
5388,中磊,12,2,10,元大-新盛,2024-12-05,9869
6753,龍德造船,10,0,10,元大-新盛,2024-12-05,9869
3219,倚強科,10,0,10,元大-新盛,2024-12-05,9869
1516,川飛,11,1,10,元大-新盛,2024-12-05,9869
5488,松普,10,0,10,元大-新盛,2024-12-05,9869
3050,鈺德,10,0,10,元大-新盛,2024-12-05,9869
00950B,凱基A級公司債,10,0,10,元大-新盛,2024-12-05,9869
1721,三晃,49,40,9,元大-新盛,2024-12-05,9869
4991,環宇-KY,41,32,9,元大-新盛,2024-12-05,9869
00919,群益台灣精選高息,316,58,258,元大-新盛,2024-12-06,9869
2369,菱生,150,0,150,元大-新盛,2024-12-06,9869
3029,零壹,185,37,148,元大-新盛,2024-12-06,9869
1612,宏泰,60,0,60,元大-新盛,2024-12-06,9869
1605,華新,83,28,55,元大-新盛,2024-12-06,9869
2002,中鋼,48,5,43,元大-新盛,2024-12-06,9869
0056,元大高股息,70,29,41,元大-新盛,2024-12-06,9869
00953B,群益優選非投等債,38,0,38,元大-新盛,2024-12-06,9869
00715L,期街口布蘭特正2,32,0,32,元大-新盛,2024-12-06,9869
2618,長榮航,35,5,30,元大-新盛,2024-12-06,9869
00965,元大航太防衛科技,36,6,30,元大-新盛,2024-12-06,9869
5469,瀚宇博,30,2,28,元大-新盛,2024-12-06,9869
4306,炎洲,30,4,26,元大-新盛,2024-12-06,9869
1815,富喬,57,34,23,元大-新盛,2024-12-06,9869
2313,華通,20,0,20,元大-新盛,2024-12-06,9869
00676R,富邦臺灣加權反1,20,0,20,元大-新盛,2024-12-06,9869
6116,彩晶,20,0,20,元大-新盛,2024-12-06,9869
3593,力銘,20,0,20,元大-新盛,2024-12-06,9869
00937B,群益ESG投等債20,33,14,19,元大-新盛,2024-12-06,9869
3013,晟銘電,18,0,18,元大-新盛,2024-12-06,9869
4743,合一,20,4,16,元大-新盛,2024-12-06,9869
00891,中信關鍵半導體,26,10,16,元大-新盛,2024-12-06,9869
3090,日電貿,30,16,14,元大-新盛,2024-12-06,9869
3380,明泰,18,5,13,元大-新盛,2024-12-06,9869
3689,湧德,16,3,13,元大-新盛,2024-12-06,9869
6188,廣明,23,11,12,元大-新盛,2024-12-06,9869
2344,華邦電,23,11,12,元大-新盛,2024-12-06,9869
3625,西勝,12,0,12,元大-新盛,2024-12-06,9869
2027,大成鋼,12,0,12,元大-新盛,2024-12-06,9869
00933B,國泰10Y+金融債,12,0,12,元大-新盛,2024-12-06,9869
00930,永豐ESG低碳高息,11,0,11,元大-新盛,2024-12-06,9869
00885,富邦越南,15,4,11,元大-新盛,2024-12-06,9869
1301,台塑,23,12,11,元大-新盛,2024-12-06,9869
00948B,中信優息投資級債,11,0,11,元大-新盛,2024-12-06,9869
2646,星宇航空,10,0,10,元大-新盛,2024-12-06,9869
2634,漢翔,11,1,10,元大-新盛,2024-12-06,9869
6005,群益證,10,0,10,元大-新盛,2024-12-06,9869
8072,陞泰,10,0,10,元大-新盛,2024-12-06,9869
2498,宏達電,10,0,10,元大-新盛,2024-12-06,9869
1506,正道,10,0,10,元大-新盛,2024-12-06,9869
4551,智伸科,10,0,10,元大-新盛,2024-12-06,9869
6109,亞元,10,0,10,元大-新盛,2024-12-06,9869
3706,神達,113,103,10,元大-新盛,2024-12-06,9869
2337,旺宏,25,15,10,元大-新盛,2024-12-06,9869
1504,東元,10,1,9,元大-新盛,2024-12-06,9869
3062,建漢,12,3,9,元大-新盛,2024-12-06,9869
00941,中信上游半導體,12,3,9,元大-新盛,2024-12-06,9869
8936,國統,10,1,9,元大-新盛,2024-12-06,9869
00946,群益科技高息成長,9,0,9,元大-新盛,2024-12-06,9869
00713,元大台灣高息低波,9,0,9,元大-新盛,2024-12-06,9869
00953B,群益優選非投等債,287,30,257,元大-新盛,2024-12-09,9869
3029,零壹,166,15,151,元大-新盛,2024-12-09,9869
00637L,元大滬深300正2,507,397,110,元大-新盛,2024-12-09,9869
2465,麗臺,101,0,101,元大-新盛,2024-12-09,9869
00919,群益台灣精選高息,113,62,51,元大-新盛,2024-12-09,9869
2530,華建,50,2,48,元大-新盛,2024-12-09,9869
2317,鴻海,70,23,47,元大-新盛,2024-12-09,9869
0056,元大高股息,71,30,41,元大-新盛,2024-12-09,9869
1531,高林股,30,0,30,元大-新盛,2024-12-09,9869
2890,永豐金,29,1,28,元大-新盛,2024-12-09,9869
4306,炎洲,30,4,26,元大-新盛,2024-12-09,9869
2354,鴻準,50,24,26,元大-新盛,2024-12-09,9869
00633L,富邦上証正2,45,20,25,元大-新盛,2024-12-09,9869
2332,友訊,24,0,24,元大-新盛,2024-12-09,9869
2615,萬海,55,32,23,元大-新盛,2024-12-09,9869
2405,輔信,34,12,22,元大-新盛,2024-12-09,9869
2449,京元電子,21,0,21,元大-新盛,2024-12-09,9869
1785,光洋科,57,36,21,元大-新盛,2024-12-09,9869
6278,台表科,20,0,20,元大-新盛,2024-12-09,9869
00915,凱基優選高股息30,30,10,20,元大-新盛,2024-12-09,9869
3211,順達,59,40,19,元大-新盛,2024-12-09,9869
2436,偉詮電,20,1,19,元大-新盛,2024-12-09,9869
8054,安國,18,0,18,元大-新盛,2024-12-09,9869
2337,旺宏,23,8,15,元大-新盛,2024-12-09,9869
3231,緯創,16,2,14,元大-新盛,2024-12-09,9869
3715,定穎投控,36,22,14,元大-新盛,2024-12-09,9869
0050,元大台灣50,23,9,14,元大-新盛,2024-12-09,9869
3050,鈺德,14,0,14,元大-新盛,2024-12-09,9869
3037,欣興,14,1,13,元大-新盛,2024-12-09,9869
1802,台玻,21,8,13,元大-新盛,2024-12-09,9869
00752,中信中國50,13,0,13,元大-新盛,2024-12-09,9869
1605,華新,48,35,13,元大-新盛,2024-12-09,9869
2363,矽統,14,2,12,元大-新盛,2024-12-09,9869
2489,瑞軒,12,0,12,元大-新盛,2024-12-09,9869
2375,凱美,14,2,12,元大-新盛,2024-12-09,9869
2327,國巨,15,3,12,元大-新盛,2024-12-09,9869
2303,聯電,13,1,12,元大-新盛,2024-12-09,9869
3706,神達,55,43,12,元大-新盛,2024-12-09,9869
00713,元大台灣高息低波,12,1,11,元大-新盛,2024-12-09,9869
4532,瑞智,11,0,11,元大-新盛,2024-12-09,9869
3003,健和興,10,0,10,元大-新盛,2024-12-09,9869
2104,國際中橡,10,0,10,元大-新盛,2024-12-09,9869
1618,合機,10,0,10,元大-新盛,2024-12-09,9869
6962,ITH-KY,12,2,10,元大-新盛,2024-12-09,9869
2883B,凱基金乙特,10,0,10,元大-新盛,2024-12-09,9869
00962,台新AI優息動能,10,0,10,元大-新盛,2024-12-09,9869
00965,元大航太防衛科技,10,1,9,元大-新盛,2024-12-09,9869
4772,台特化,10,1,9,元大-新盛,2024-12-09,9869
2883,凱基金,25,16,9,元大-新盛,2024-12-09,9869
8249,菱光,14,5,9,元大-新盛,2024-12-09,9869
00753L,中信中國50正2,804,11,793,元大-新盛,2024-12-10,9869
2883,凱基金,198,18,180,元大-新盛,2024-12-10,9869
00953B,群益優選非投等債,108,0,108,元大-新盛,2024-12-10,9869
00688L,國泰20年美債正2,100,0,100,元大-新盛,2024-12-10,9869
00918,大華優利高填息30,92,0,92,元大-新盛,2024-12-10,9869
0056,元大高股息,100,14,86,元大-新盛,2024-12-10,9869
1605,華新,86,13,73,元大-新盛,2024-12-10,9869
2618,長榮航,68,17,51,元大-新盛,2024-12-10,9869
4306,炎洲,51,0,51,元大-新盛,2024-12-10,9869
2354,鴻準,78,27,51,元大-新盛,2024-12-10,9869
00915,凱基優選高股息30,53,5,48,元大-新盛,2024-12-10,9869
2363,矽統,75,31,44,元大-新盛,2024-12-10,9869
00919,群益台灣精選高息,77,37,40,元大-新盛,2024-12-10,9869
2609,陽明,160,127,33,元大-新盛,2024-12-10,9869
4977,眾達-KY,65,33,32,元大-新盛,2024-12-10,9869
5469,瀚宇博,30,0,30,元大-新盛,2024-12-10,9869
1584,精剛,30,0,30,元大-新盛,2024-12-10,9869
00945B,凱基美國非投等債,29,0,29,元大-新盛,2024-12-10,9869
00887,永豐中國科技50大,31,4,27,元大-新盛,2024-12-10,9869
2646,星宇航空,30,3,27,元大-新盛,2024-12-10,9869
00878,國泰永續高股息,46,20,26,元大-新盛,2024-12-10,9869
9105,泰金寶-DR,44,20,24,元大-新盛,2024-12-10,9869
00687B,國泰20年美債,23,0,23,元大-新盛,2024-12-10,9869
2375,凱美,22,0,22,元大-新盛,2024-12-10,9869
00679B,元大美債20年,25,4,21,元大-新盛,2024-12-10,9869
5512,力麒,20,0,20,元大-新盛,2024-12-10,9869
2002,中鋼,19,0,19,元大-新盛,2024-12-10,9869
6919,康霈*,17,0,17,元大-新盛,2024-12-10,9869
00713,元大台灣高息低波,18,1,17,元大-新盛,2024-12-10,9869
0061,元大寶滬深,16,0,16,元大-新盛,2024-12-10,9869
00965,元大航太防衛科技,16,0,16,元大-新盛,2024-12-10,9869
1303,南亞,16,0,16,元大-新盛,2024-12-10,9869
0050,元大台灣50,24,8,16,元大-新盛,2024-12-10,9869
2014,中鴻,21,5,16,元大-新盛,2024-12-10,9869
00712,復華富時不動產,15,0,15,元大-新盛,2024-12-10,9869
3380,明泰,14,0,14,元大-新盛,2024-12-10,9869
3217,優群,14,0,14,元大-新盛,2024-12-10,9869
2615,萬海,32,19,13,元大-新盛,2024-12-10,9869
1220,台榮,12,0,12,元大-新盛,2024-12-10,9869
6134,萬旭,12,0,12,元大-新盛,2024-12-10,9869
3558,神準,12,0,12,元大-新盛,2024-12-10,9869
00752,中信中國50,25,13,12,元大-新盛,2024-12-10,9869
1444,力麗,11,0,11,元大-新盛,2024-12-10,9869
00909,國泰數位支付服務,13,2,11,元大-新盛,2024-12-10,9869
00922,國泰台灣領袖50,10,0,10,元大-新盛,2024-12-10,9869
8932,智通*,10,0,10,元大-新盛,2024-12-10,9869
4108,懷特,10,0,10,元大-新盛,2024-12-10,9869
2489,瑞軒,10,0,10,元大-新盛,2024-12-10,9869
00946,群益科技高息成長,10,0,10,元大-新盛,2024-12-10,9869
00932,兆豐永續高息等權,10,0,10,元大-新盛,2024-12-10,9869
00637L,元大滬深300正2,922,351,571,元大-新盛,2024-12-11,9869
00918,大華優利高填息30,131,0,131,元大-新盛,2024-12-11,9869
00688L,國泰20年美債正2,100,0,100,元大-新盛,2024-12-11,9869
2867,三商壽,75,0,75,元大-新盛,2024-12-11,9869
0056,元大高股息,69,8,61,元大-新盛,2024-12-11,9869
2883,凱基金,60,3,57,元大-新盛,2024-12-11,9869
00679B,元大美債20年,53,0,53,元大-新盛,2024-12-11,9869
2453,凌群,61,12,49,元大-新盛,2024-12-11,9869
2408,南亞科,69,30,39,元大-新盛,2024-12-11,9869
00919,群益台灣精選高息,86,50,36,元大-新盛,2024-12-11,9869
2618,長榮航,41,9,32,元大-新盛,2024-12-11,9869
2312,金寶,34,4,30,元大-新盛,2024-12-11,9869
5469,瀚宇博,35,5,30,元大-新盛,2024-12-11,9869
2382,廣達,30,3,27,元大-新盛,2024-12-11,9869
2002,中鋼,35,8,27,元大-新盛,2024-12-11,9869
2449,京元電子,28,3,25,元大-新盛,2024-12-11,9869
2317,鴻海,52,27,25,元大-新盛,2024-12-11,9869
4720,德淵,25,0,25,元大-新盛,2024-12-11,9869
00915,凱基優選高股息30,25,0,25,元大-新盛,2024-12-11,9869
1708,東鹼,25,1,24,元大-新盛,2024-12-11,9869
2609,陽明,52,28,24,元大-新盛,2024-12-11,9869
1314,中石化,21,0,21,元大-新盛,2024-12-11,9869
2330,台積電,23,2,21,元大-新盛,2024-12-11,9869
2646,星宇航空,20,0,20,元大-新盛,2024-12-11,9869
6547,高端疫苗,20,0,20,元大-新盛,2024-12-11,9869
1605,華新,23,4,19,元大-新盛,2024-12-11,9869
3689,湧德,20,1,19,元大-新盛,2024-12-11,9869
2881,富邦金,30,11,19,元大-新盛,2024-12-11,9869
3047,訊舟,18,1,17,元大-新盛,2024-12-11,9869
1519,華城,17,1,16,元大-新盛,2024-12-11,9869
3231,緯創,18,2,16,元大-新盛,2024-12-11,9869
8089,康全電訊,22,6,16,元大-新盛,2024-12-11,9869
2915,潤泰全,15,0,15,元大-新盛,2024-12-11,9869
3706,神達,51,37,14,元大-新盛,2024-12-11,9869
006208,富邦台50,14,0,14,元大-新盛,2024-12-11,9869
2356,英業達,21,8,13,元大-新盛,2024-12-11,9869
6244,茂迪,12,0,12,元大-新盛,2024-12-11,9869
6470,宇智,13,1,12,元大-新盛,2024-12-11,9869
00795B,中信美國公債20年,11,0,11,元大-新盛,2024-12-11,9869
3704,合勤控,11,0,11,元大-新盛,2024-12-11,9869
00953B,群益優選非投等債,11,0,11,元大-新盛,2024-12-11,9869
6257,矽格,11,0,11,元大-新盛,2024-12-11,9869
1904,正隆,10,0,10,元大-新盛,2024-12-11,9869
3056,富華新,10,0,10,元大-新盛,2024-12-11,9869
00946,群益科技高息成長,10,0,10,元大-新盛,2024-12-11,9869
00948B,中信優息投資級債,10,0,10,元大-新盛,2024-12-11,9869
1447,力鵬,10,0,10,元大-新盛,2024-12-11,9869
1517,利奇,10,0,10,元大-新盛,2024-12-11,9869
2888,新光金,10,0,10,元大-新盛,2024-12-11,9869
8043,蜜望實,11,1,10,元大-新盛,2024-12-11,9869
00953B,群益優選非投等債,206,0,206,元大-新盛,2024-12-12,9869
4306,炎洲,100,0,100,元大-新盛,2024-12-12,9869
00632R,元大台灣50反1,95,0,95,元大-新盛,2024-12-12,9869
00915,凱基優選高股息30,79,0,79,元大-新盛,2024-12-12,9869
1605,華新,66,6,60,元大-新盛,2024-12-12,9869
00918,大華優利高填息30,56,0,56,元大-新盛,2024-12-12,9869
1301,台塑,66,15,51,元大-新盛,2024-12-12,9869
2867,三商壽,50,0,50,元大-新盛,2024-12-12,9869
9917,中保科,50,0,50,元大-新盛,2024-12-12,9869
00680L,元大美債20正2,53,10,43,元大-新盛,2024-12-12,9869
00919,群益台灣精選高息,49,11,38,元大-新盛,2024-12-12,9869
5469,瀚宇博,36,0,36,元大-新盛,2024-12-12,9869
00931B,統一美債20年,30,0,30,元大-新盛,2024-12-12,9869
00937B,群益ESG投等債20,48,20,28,元大-新盛,2024-12-12,9869
2317,鴻海,50,23,27,元大-新盛,2024-12-12,9869
4510,高鋒,28,4,24,元大-新盛,2024-12-12,9869
1303,南亞,84,61,23,元大-新盛,2024-12-12,9869
00968B,元大優息投等債,20,0,20,元大-新盛,2024-12-12,9869
2458,義隆,24,4,20,元大-新盛,2024-12-12,9869
00712,復華富時不動產,19,0,19,元大-新盛,2024-12-12,9869
3491,昇達科,49,32,17,元大-新盛,2024-12-12,9869
00881,國泰台灣5G+,17,0,17,元大-新盛,2024-12-12,9869
2303,聯電,39,22,17,元大-新盛,2024-12-12,9869
2884,玉山金,20,5,15,元大-新盛,2024-12-12,9869
2543,皇昌,16,3,13,元大-新盛,2024-12-12,9869
00679B,元大美債20年,36,23,13,元大-新盛,2024-12-12,9869
2609,陽明,41,29,12,元大-新盛,2024-12-12,9869
3019,亞光,58,46,12,元大-新盛,2024-12-12,9869
2367,燿華,12,0,12,元大-新盛,2024-12-12,9869
3017,奇鋐,15,4,11,元大-新盛,2024-12-12,9869
3231,緯創,16,5,11,元大-新盛,2024-12-12,9869
3029,零壹,45,34,11,元大-新盛,2024-12-12,9869
2002,中鋼,11,0,11,元大-新盛,2024-12-12,9869
00960,野村全球航運龍頭,11,0,11,元大-新盛,2024-12-12,9869
3041,揚智,23,12,11,元大-新盛,2024-12-12,9869
2382,廣達,11,0,11,元大-新盛,2024-12-12,9869
2328,廣宇,16,6,10,元大-新盛,2024-12-12,9869
3379,彬台,15,5,10,元大-新盛,2024-12-12,9869
00857B,永豐20年美公債,10,0,10,元大-新盛,2024-12-12,9869
1727,中華化,10,0,10,元大-新盛,2024-12-12,9869
3056,富華新,10,0,10,元大-新盛,2024-12-12,9869
5328,華容,11,1,10,元大-新盛,2024-12-12,9869
6156,松上,10,0,10,元大-新盛,2024-12-12,9869
8933,愛地雅,10,0,10,元大-新盛,2024-12-12,9869
6216,居易,10,0,10,元大-新盛,2024-12-12,9869
6274,台燿,13,3,10,元大-新盛,2024-12-12,9869
2371,大同,57,48,9,元大-新盛,2024-12-12,9869
8927,北基,9,0,9,元大-新盛,2024-12-12,9869
8043,蜜望實,10,1,9,元大-新盛,2024-12-12,9869
2354,鴻準,30,21,9,元大-新盛,2024-12-12,9869
00637L,元大滬深300正2,1106,8,1098,元大-新盛,2024-12-13,9869
0056,元大高股息,135,12,123,元大-新盛,2024-12-13,9869
2002,中鋼,121,0,121,元大-新盛,2024-12-13,9869
00712,復華富時不動產,102,0,102,元大-新盛,2024-12-13,9869
00753L,中信中國50正2,101,0,101,元大-新盛,2024-12-13,9869
4306,炎洲,100,0,100,元大-新盛,2024-12-13,9869
2618,長榮航,106,15,91,元大-新盛,2024-12-13,9869
00665L,富邦�琤肭磪囓�2,160,80,80,元大-新盛,2024-12-13,9869
00919,群益台灣精選高息,90,14,76,元大-新盛,2024-12-13,9869
2354,鴻準,74,4,70,元大-新盛,2024-12-13,9869
00918,大華優利高填息30,80,15,65,元大-新盛,2024-12-13,9869
00687B,國泰20年美債,58,2,56,元大-新盛,2024-12-13,9869
2313,華通,79,25,54,元大-新盛,2024-12-13,9869
2367,燿華,63,12,51,元大-新盛,2024-12-13,9869
00878,國泰永續高股息,51,1,50,元大-新盛,2024-12-13,9869
3701,大眾控,50,1,49,元大-新盛,2024-12-13,9869
00795B,中信美國公債20年,37,2,35,元大-新盛,2024-12-13,9869
3706,神達,80,50,30,元大-新盛,2024-12-13,9869
2355,敬鵬,30,1,29,元大-新盛,2024-12-13,9869
2883,凱基金,51,25,26,元大-新盛,2024-12-13,9869
00679B,元大美債20年,28,2,26,元大-新盛,2024-12-13,9869
5512,力麒,26,0,26,元大-新盛,2024-12-13,9869
00713,元大台灣高息低波,27,1,26,元大-新盛,2024-12-13,9869
00680L,元大美債20正2,23,0,23,元大-新盛,2024-12-13,9869
1524,耿鼎,29,7,22,元大-新盛,2024-12-13,9869
2603,長榮,29,7,22,元大-新盛,2024-12-13,9869
2317,鴻海,60,40,20,元大-新盛,2024-12-13,9869
2401,凌陽,23,3,20,元大-新盛,2024-12-13,9869
3689,湧德,46,26,20,元大-新盛,2024-12-13,9869
2342,茂矽,20,1,19,元大-新盛,2024-12-13,9869
4561,健椿,22,3,19,元大-新盛,2024-12-13,9869
3231,緯創,24,5,19,元大-新盛,2024-12-13,9869
1301,台塑,32,14,18,元大-新盛,2024-12-13,9869
1605,華新,24,6,18,元大-新盛,2024-12-13,9869
3481,群創,33,17,16,元大-新盛,2024-12-13,9869
1522,堤維西,28,12,16,元大-新盛,2024-12-13,9869
4526,東台,15,0,15,元大-新盛,2024-12-13,9869
00915,凱基優選高股息30,15,0,15,元大-新盛,2024-12-13,9869
3558,神準,25,11,14,元大-新盛,2024-12-13,9869
00857B,永豐20年美公債,15,1,14,元大-新盛,2024-12-13,9869
2359,所羅門,26,12,14,元大-新盛,2024-12-13,9869
2539,櫻花建,14,0,14,元大-新盛,2024-12-13,9869
4114,健喬,14,0,14,元大-新盛,2024-12-13,9869
2890,永豐金,26,12,14,元大-新盛,2024-12-13,9869
2363,矽統,15,2,13,元大-新盛,2024-12-13,9869
1319,東陽,13,0,13,元大-新盛,2024-12-13,9869
4906,正文,17,4,13,元大-新盛,2024-12-13,9869
2408,南亞科,67,55,12,元大-新盛,2024-12-13,9869
00675L,富邦臺灣加權正2,12,0,12,元大-新盛,2024-12-13,9869
00933B,國泰10Y+金融債,12,0,12,元大-新盛,2024-12-13,9869
00919,群益台灣精選高息,579,26,553,元大-新盛,2024-12-16,9869
00688L,國泰20年美債正2,100,0,100,元大-新盛,2024-12-16,9869
00918,大華優利高填息30,143,52,91,元大-新盛,2024-12-16,9869
2317,鴻海,88,10,78,元大-新盛,2024-12-16,9869
00680L,元大美債20正2,69,0,69,元大-新盛,2024-12-16,9869
00665L,富邦�琤肭磪囓�2,215,150,65,元大-新盛,2024-12-16,9869
00757,統一FANG+,55,9,46,元大-新盛,2024-12-16,9869
4306,炎洲,60,14,46,元大-新盛,2024-12-16,9869
2367,燿華,51,6,45,元大-新盛,2024-12-16,9869
2313,華通,72,31,41,元大-新盛,2024-12-16,9869
9105,泰金寶-DR,69,29,40,元大-新盛,2024-12-16,9869
2603,長榮,76,37,39,元大-新盛,2024-12-16,9869
0056,元大高股息,59,21,38,元大-新盛,2024-12-16,9869
00896,中信綠能及電動車,38,0,38,元大-新盛,2024-12-16,9869
3450,聯鈞,56,19,37,元大-新盛,2024-12-16,9869
00933B,國泰10Y+金融債,31,0,31,元大-新盛,2024-12-16,9869
3231,緯創,37,9,28,元大-新盛,2024-12-16,9869
2609,陽明,74,47,27,元大-新盛,2024-12-16,9869
00687B,國泰20年美債,25,0,25,元大-新盛,2024-12-16,9869
00953B,群益優選非投等債,24,0,24,元大-新盛,2024-12-16,9869
1815,富喬,49,25,24,元大-新盛,2024-12-16,9869
00932,兆豐永續高息等權,23,0,23,元大-新盛,2024-12-16,9869
2486,一詮,27,4,23,元大-新盛,2024-12-16,9869
2382,廣達,27,4,23,元大-新盛,2024-12-16,9869
3689,湧德,31,10,21,元大-新盛,2024-12-16,9869
2887,台新金,20,0,20,元大-新盛,2024-12-16,9869
6919,康霈*,19,0,19,元大-新盛,2024-12-16,9869
1536,和大,60,41,19,元大-新盛,2024-12-16,9869
2354,鴻準,52,33,19,元大-新盛,2024-12-16,9869
6546,正基,18,0,18,元大-新盛,2024-12-16,9869
00725B,國泰投資級公司債,18,0,18,元大-新盛,2024-12-16,9869
00713,元大台灣高息低波,18,1,17,元大-新盛,2024-12-16,9869
3017,奇鋐,18,1,17,元大-新盛,2024-12-16,9869
3376,新日興,17,0,17,元大-新盛,2024-12-16,9869
2449,京元電子,18,1,17,元大-新盛,2024-12-16,9869
2027,大成鋼,17,1,16,元大-新盛,2024-12-16,9869
3037,欣興,20,5,15,元大-新盛,2024-12-16,9869
1584,精剛,15,0,15,元大-新盛,2024-12-16,9869
4532,瑞智,15,0,15,元大-新盛,2024-12-16,9869
00882,中信中國高股息,52,38,14,元大-新盛,2024-12-16,9869
2906,高林,14,0,14,元大-新盛,2024-12-16,9869
2342,茂矽,15,1,14,元大-新盛,2024-12-16,9869
3227,原相,14,1,13,元大-新盛,2024-12-16,9869
2002,中鋼,14,1,13,元大-新盛,2024-12-16,9869
1220,台榮,12,0,12,元大-新盛,2024-12-16,9869
2884,玉山金,12,0,12,元大-新盛,2024-12-16,9869
1802,台玻,12,0,12,元大-新盛,2024-12-16,9869
00937B,群益ESG投等債20,73,62,11,元大-新盛,2024-12-16,9869
2431,聯昌,12,1,11,元大-新盛,2024-12-16,9869
3563,牧德,11,0,11,元大-新盛,2024-12-16,9869
2027,大成鋼,213,0,213,元大-新盛,2024-12-17,9869
00937B,群益ESG投等債20,153,0,153,元大-新盛,2024-12-17,9869
2883,凱基金,142,33,109,元大-新盛,2024-12-17,9869
0056,元大高股息,106,27,79,元大-新盛,2024-12-17,9869
00687B,國泰20年美債,76,1,75,元大-新盛,2024-12-17,9869
4306,炎洲,55,0,55,元大-新盛,2024-12-17,9869
2530,華建,55,0,55,元大-新盛,2024-12-17,9869
00878,國泰永續高股息,57,3,54,元大-新盛,2024-12-17,9869
4906,正文,50,0,50,元大-新盛,2024-12-17,9869
00713,元大台灣高息低波,47,0,47,元大-新盛,2024-12-17,9869
2834,臺企銀,40,0,40,元大-新盛,2024-12-17,9869
2303,聯電,57,17,40,元大-新盛,2024-12-17,9869
2002,中鋼,36,2,34,元大-新盛,2024-12-17,9869
2885,元大金,34,2,32,元大-新盛,2024-12-17,9869
00915,凱基優選高股息30,32,0,32,元大-新盛,2024-12-17,9869
1785,光洋科,31,0,31,元大-新盛,2024-12-17,9869
2317,鴻海,40,9,31,元大-新盛,2024-12-17,9869
2882,國泰金,30,0,30,元大-新盛,2024-12-17,9869
3481,群創,52,22,30,元大-新盛,2024-12-17,9869
00679B,元大美債20年,36,7,29,元大-新盛,2024-12-17,9869
2382,廣達,31,3,28,元大-新盛,2024-12-17,9869
1522,堤維西,25,0,25,元大-新盛,2024-12-17,9869
0050,元大台灣50,38,14,24,元大-新盛,2024-12-17,9869
2367,燿華,33,9,24,元大-新盛,2024-12-17,9869
00688L,國泰20年美債正2,23,0,23,元大-新盛,2024-12-17,9869
00680L,元大美債20正2,23,0,23,元大-新盛,2024-12-17,9869
1605,華新,29,7,22,元大-新盛,2024-12-17,9869
3704,合勤控,22,0,22,元大-新盛,2024-12-17,9869
2374,佳能,158,136,22,元大-新盛,2024-12-17,9869
6962,ITH-KY,25,4,21,元大-新盛,2024-12-17,9869
00646,元大S＆P500,21,1,20,元大-新盛,2024-12-17,9869
4953,緯軟,20,0,20,元大-新盛,2024-12-17,9869
00933B,國泰10Y+金融債,20,0,20,元大-新盛,2024-12-17,9869
00795B,中信美國公債20年,19,0,19,元大-新盛,2024-12-17,9869
2312,金寶,39,20,19,元大-新盛,2024-12-17,9869
2449,京元電子,20,2,18,元大-新盛,2024-12-17,9869
00751B,元大AAA至A公司債,17,0,17,元大-新盛,2024-12-17,9869
00720B,元大投資級公司債,16,0,16,元大-新盛,2024-12-17,9869
2884,玉山金,19,3,16,元大-新盛,2024-12-17,9869
00881,國泰台灣5G+,15,0,15,元大-新盛,2024-12-17,9869
3715,定穎投控,16,1,15,元大-新盛,2024-12-17,9869
00757,統一FANG+,15,0,15,元大-新盛,2024-12-17,9869
00882,中信中國高股息,16,2,14,元大-新盛,2024-12-17,9869
00712,復華富時不動產,42,29,13,元大-新盛,2024-12-17,9869
4958,臻鼎-KY,14,1,13,元大-新盛,2024-12-17,9869
00953B,群益優選非投等債,13,0,13,元大-新盛,2024-12-17,9869
1904,正隆,12,0,12,元大-新盛,2024-12-17,9869
2880,華南金,12,0,12,元大-新盛,2024-12-17,9869
00857B,永豐20年美公債,11,0,11,元大-新盛,2024-12-17,9869
6213,聯茂,12,1,11,元大-新盛,2024-12-17,9869
00918,大華優利高填息30,485,6,479,元大-新盛,2024-12-18,9869
00712,復華富時不動產,134,0,134,元大-新盛,2024-12-18,9869
00680L,元大美債20正2,115,10,105,元大-新盛,2024-12-18,9869
00713,元大台灣高息低波,93,1,92,元大-新盛,2024-12-18,9869
9105,泰金寶-DR,143,78,65,元大-新盛,2024-12-18,9869
4306,炎洲,62,2,60,元大-新盛,2024-12-18,9869
2883,凱基金,106,51,55,元大-新盛,2024-12-18,9869
2317,鴻海,65,19,46,元大-新盛,2024-12-18,9869
3689,湧德,47,5,42,元大-新盛,2024-12-18,9869
2355,敬鵬,29,1,28,元大-新盛,2024-12-18,9869
2882,國泰金,21,0,21,元大-新盛,2024-12-18,9869
5469,瀚宇博,20,0,20,元大-新盛,2024-12-18,9869
00795B,中信美國公債20年,25,5,20,元大-新盛,2024-12-18,9869
0056,元大高股息,41,22,19,元大-新盛,2024-12-18,9869
00915,凱基優選高股息30,18,0,18,元大-新盛,2024-12-18,9869
2885,元大金,18,0,18,元大-新盛,2024-12-18,9869
2609,陽明,40,22,18,元大-新盛,2024-12-18,9869
2606,裕民,27,9,18,元大-新盛,2024-12-18,9869
00953B,群益優選非投等債,21,3,18,元大-新盛,2024-12-18,9869
2486,一詮,224,207,17,元大-新盛,2024-12-18,9869
5309,系統電,25,8,17,元大-新盛,2024-12-18,9869
3617,碩天,14,0,14,元大-新盛,2024-12-18,9869
00687B,國泰20年美債,14,0,14,元大-新盛,2024-12-18,9869
1802,台玻,13,0,13,元大-新盛,2024-12-18,9869
3231,緯創,20,8,12,元大-新盛,2024-12-18,9869
3003,健和興,11,0,11,元大-新盛,2024-12-18,9869
8045,達運光電,11,0,11,元大-新盛,2024-12-18,9869
00679B,元大美債20年,10,0,10,元大-新盛,2024-12-18,9869
00857B,永豐20年美公債,10,0,10,元大-新盛,2024-12-18,9869
3715,定穎投控,16,6,10,元大-新盛,2024-12-18,9869
6592,和潤企業,10,0,10,元大-新盛,2024-12-18,9869
00706L,期元大S＆P日圓正2,10,0,10,元大-新盛,2024-12-18,9869
6461,益得,10,0,10,元大-新盛,2024-12-18,9869
1524,耿鼎,10,0,10,元大-新盛,2024-12-18,9869
4974,亞泰,10,0,10,元大-新盛,2024-12-18,9869
3481,群創,20,11,9,元大-新盛,2024-12-18,9869
8016,矽創,9,0,9,元大-新盛,2024-12-18,9869
2897,王道銀行,9,0,9,元大-新盛,2024-12-18,9869
2354,鴻準,13,4,9,元大-新盛,2024-12-18,9869
6658,聯策,8,0,8,元大-新盛,2024-12-18,9869
3017,奇鋐,21,14,7,元大-新盛,2024-12-18,9869
4966,譜瑞-KY,7,0,7,元大-新盛,2024-12-18,9869
2230,泰茂,9,2,7,元大-新盛,2024-12-18,9869
1314,中石化,7,0,7,元大-新盛,2024-12-18,9869
1597,直得,10,3,7,元大-新盛,2024-12-18,9869
2382,廣達,7,1,6,元大-新盛,2024-12-18,9869
2312,金寶,15,9,6,元大-新盛,2024-12-18,9869
5484,慧友,11,5,6,元大-新盛,2024-12-18,9869
2884,玉山金,6,0,6,元大-新盛,2024-12-18,9869
2356,英業達,5,0,5,元大-新盛,2024-12-18,9869
00918,大華優利高填息30,281,13,268,元大-新盛,2024-12-19,9869
00688L,國泰20年美債正2,232,0,232,元大-新盛,2024-12-19,9869
2883,凱基金,154,1,153,元大-新盛,2024-12-19,9869
00687B,國泰20年美債,108,1,107,元大-新盛,2024-12-19,9869
00960,野村全球航運龍頭,95,0,95,元大-新盛,2024-12-19,9869
00712,復華富時不動產,91,0,91,元大-新盛,2024-12-19,9869
00915,凱基優選高股息30,68,0,68,元大-新盛,2024-12-19,9869
00948B,中信優息投資級債,64,0,64,元大-新盛,2024-12-19,9869
2330,台積電,60,1,59,元大-新盛,2024-12-19,9869
4306,炎洲,50,0,50,元大-新盛,2024-12-19,9869
00795B,中信美國公債20年,49,0,49,元大-新盛,2024-12-19,9869
1524,耿鼎,45,0,45,元大-新盛,2024-12-19,9869
2027,大成鋼,45,0,45,元大-新盛,2024-12-19,9869
2891,中信金,51,6,45,元大-新盛,2024-12-19,9869
00679B,元大美債20年,49,6,43,元大-新盛,2024-12-19,9869
00933B,國泰10Y+金融債,43,0,43,元大-新盛,2024-12-19,9869
2609,陽明,75,34,41,元大-新盛,2024-12-19,9869
00751B,元大AAA至A公司債,38,0,38,元大-新盛,2024-12-19,9869
3049,精金,35,0,35,元大-新盛,2024-12-19,9869
00922,國泰台灣領袖50,31,1,30,元大-新盛,2024-12-19,9869
2736,富野,30,0,30,元大-新盛,2024-12-19,9869
5469,瀚宇博,30,0,30,元大-新盛,2024-12-19,9869
00713,元大台灣高息低波,32,3,29,元大-新盛,2024-12-19,9869
4576,大銀微系統,30,4,26,元大-新盛,2024-12-19,9869
2882,國泰金,25,0,25,元大-新盛,2024-12-19,9869
2880,華南金,25,0,25,元大-新盛,2024-12-19,9869
0056,元大高股息,43,18,25,元大-新盛,2024-12-19,9869
1216,統一,23,0,23,元大-新盛,2024-12-19,9869
00968B,元大優息投等債,23,0,23,元大-新盛,2024-12-19,9869
006208,富邦台50,26,4,22,元大-新盛,2024-12-19,9869
00720B,元大投資級公司債,22,0,22,元大-新盛,2024-12-19,9869
1319,東陽,21,0,21,元大-新盛,2024-12-19,9869
2419,仲琦,20,0,20,元大-新盛,2024-12-19,9869
3706,神達,31,12,19,元大-新盛,2024-12-19,9869
00646,元大S＆P500,20,2,18,元大-新盛,2024-12-19,9869
00937B,群益ESG投等債20,85,67,18,元大-新盛,2024-12-19,9869
00878,國泰永續高股息,38,20,18,元大-新盛,2024-12-19,9869
2317,鴻海,28,11,17,元大-新盛,2024-12-19,9869
2382,廣達,18,2,16,元大-新盛,2024-12-19,9869
3323,加百裕,23,7,16,元大-新盛,2024-12-19,9869
2530,華建,16,0,16,元大-新盛,2024-12-19,9869
2881,富邦金,16,0,16,元大-新盛,2024-12-19,9869
00939,統一台灣高息動能,15,0,15,元大-新盛,2024-12-19,9869
1303,南亞,18,4,14,元大-新盛,2024-12-19,9869
2834,臺企銀,14,0,14,元大-新盛,2024-12-19,9869
00950B,凱基A級公司債,14,0,14,元大-新盛,2024-12-19,9869
00919,群益台灣精選高息,53,40,13,元大-新盛,2024-12-19,9869
5484,慧友,17,4,13,元大-新盛,2024-12-19,9869
00953B,群益優選非投等債,13,0,13,元大-新盛,2024-12-19,9869
2906,高林,13,0,13,元大-新盛,2024-12-19,9869
