Ticker,Name,buy,sell,diff,Branch,Date,Branch_Code
00650L,復華香港正2,107,20,87,元大-桃興,2023-01-03,9894
2317,鴻海,80,19,61,元大-桃興,2023-01-03,9894
00893,國泰智能電動車,53,0,53,元大-桃興,2023-01-03,9894
1605,華新,74,27,47,元大-桃興,2023-01-03,9894
00878,國泰永續高股息,87,46,41,元大-桃興,2023-01-03,9894
1734,杏輝,32,2,30,元大-桃興,2023-01-03,9894
2609,陽明,40,13,27,元大-桃興,2023-01-03,9894
3508,位速,24,1,23,元大-桃興,2023-01-03,9894
00637L,元大滬深300正2,29,8,21,元大-桃興,2023-01-03,9894
3576,聯合再生,21,1,20,元大-桃興,2023-01-03,9894
2344,華邦電,21,1,20,元大-桃興,2023-01-03,9894
00676R,富邦臺灣加權反1,40,26,14,元大-桃興,2023-01-03,9894
00673R,期元大S＆P原油反1,14,0,14,元大-桃興,2023-01-03,9894
0050,元大台灣50,17,3,14,元大-桃興,2023-01-03,9894
6118,建達,18,6,12,元大-桃興,2023-01-03,9894
3083,網龍,14,2,12,元大-桃興,2023-01-03,9894
2603,長榮,16,4,12,元大-桃興,2023-01-03,9894
3592,瑞鼎,11,0,11,元大-桃興,2023-01-03,9894
4121,優盛,12,1,11,元大-桃興,2023-01-03,9894
6456,GIS-KY,11,0,11,元大-桃興,2023-01-03,9894
2359,所羅門,10,0,10,元大-桃興,2023-01-03,9894
2331,精英,10,0,10,元大-桃興,2023-01-03,9894
4915,致伸,10,0,10,元大-桃興,2023-01-03,9894
3454,晶睿,34,24,10,元大-桃興,2023-01-03,9894
6220,岳豐,10,0,10,元大-桃興,2023-01-03,9894
00631L,元大台灣50正2,10,1,9,元大-桃興,2023-01-03,9894
2601,益航,9,0,9,元大-桃興,2023-01-03,9894
2634,漢翔,9,0,9,元大-桃興,2023-01-03,9894
2027,大成鋼,9,1,8,元大-桃興,2023-01-03,9894
00679B,元大美債20年,7,0,7,元大-桃興,2023-01-03,9894
6535,順藥,7,0,7,元大-桃興,2023-01-03,9894
2201,裕隆,17,10,7,元大-桃興,2023-01-03,9894
2382,廣達,7,0,7,元大-桃興,2023-01-03,9894
2330,台積電,10,3,7,元大-桃興,2023-01-03,9894
0056,元大高股息,10,4,6,元大-桃興,2023-01-03,9894
1342,八貫,13,7,6,元大-桃興,2023-01-03,9894
2492,華新科,6,0,6,元大-桃興,2023-01-03,9894
3207,耀勝,6,0,6,元大-桃興,2023-01-03,9894
3149,正達,6,0,6,元大-桃興,2023-01-03,9894
2393,億光,6,0,6,元大-桃興,2023-01-03,9894
2605,新興,6,0,6,元大-桃興,2023-01-03,9894
1409,新纖,6,1,5,元大-桃興,2023-01-03,9894
2614,東森,6,0,6,元大-桃興,2023-01-03,9894
2002,中鋼,11,6,5,元大-桃興,2023-01-03,9894
2303,聯電,6,1,5,元大-桃興,2023-01-03,9894
9105,泰金寶-DR,25,20,5,元大-桃興,2023-01-03,9894
00706L,期元大S＆P日圓正2,5,0,5,元大-桃興,2023-01-03,9894
2102,泰豐,5,0,5,元大-桃興,2023-01-03,9894
4566,時碩工業,6,1,5,元大-桃興,2023-01-03,9894
2352,佳世達,5,0,5,元大-桃興,2023-01-03,9894
3024,憶聲,110,0,110,元大-桃興,2023-01-04,9894
3062,建漢,71,5,66,元大-桃興,2023-01-04,9894
00683L,期元大美元指正2,40,0,40,元大-桃興,2023-01-04,9894
2609,陽明,37,5,32,元大-桃興,2023-01-04,9894
6118,建達,54,26,28,元大-桃興,2023-01-04,9894
1217,愛之味,27,0,27,元大-桃興,2023-01-04,9894
9958,世紀鋼,28,6,22,元大-桃興,2023-01-04,9894
6456,GIS-KY,20,0,20,元大-桃興,2023-01-04,9894
3191,雲嘉南,20,0,20,元大-桃興,2023-01-04,9894
2317,鴻海,20,1,19,元大-桃興,2023-01-04,9894
2603,長榮,29,11,18,元大-桃興,2023-01-04,9894
3037,欣興,32,14,18,元大-桃興,2023-01-04,9894
3207,耀勝,20,6,14,元大-桃興,2023-01-04,9894
2201,裕隆,52,39,13,元大-桃興,2023-01-04,9894
2884,玉山金,13,0,13,元大-桃興,2023-01-04,9894
2444,兆勁,16,3,13,元大-桃興,2023-01-04,9894
3006,晶豪科,14,1,13,元大-桃興,2023-01-04,9894
8996,高力,28,15,13,元大-桃興,2023-01-04,9894
1734,杏輝,12,0,12,元大-桃興,2023-01-04,9894
2007,燁興,12,1,11,元大-桃興,2023-01-04,9894
4174,浩鼎,10,0,10,元大-桃興,2023-01-04,9894
2359,所羅門,11,1,10,元大-桃興,2023-01-04,9894
00676R,富邦臺灣加權反1,10,0,10,元大-桃興,2023-01-04,9894
2461,光群雷,10,0,10,元大-桃興,2023-01-04,9894
4137,麗豐-KY,10,0,10,元大-桃興,2023-01-04,9894
1514,亞力,15,5,10,元大-桃興,2023-01-04,9894
2032,新鋼,10,0,10,元大-桃興,2023-01-04,9894
3481,群創,17,7,10,元大-桃興,2023-01-04,9894
4906,正文,10,0,10,元大-桃興,2023-01-04,9894
00891,中信關鍵半導體,9,0,9,元大-桃興,2023-01-04,9894
5351,鈺創,8,0,8,元大-桃興,2023-01-04,9894
6546,正基,8,0,8,元大-桃興,2023-01-04,9894
6128,上福,8,0,8,元大-桃興,2023-01-04,9894
2439,美律,8,0,8,元大-桃興,2023-01-04,9894
5371,中光電,7,0,7,元大-桃興,2023-01-04,9894
1524,耿鼎,7,0,7,元大-桃興,2023-01-04,9894
6535,順藥,7,0,7,元大-桃興,2023-01-04,9894
2368,金像電,10,4,6,元大-桃興,2023-01-04,9894
4130,健亞,7,1,6,元大-桃興,2023-01-04,9894
2010,春源,6,0,6,元大-桃興,2023-01-04,9894
2610,華航,16,10,6,元大-桃興,2023-01-04,9894
3027,盛達,13,7,6,元大-桃興,2023-01-04,9894
3605,宏致,6,0,6,元大-桃興,2023-01-04,9894
00902,中信電池及儲能,6,0,6,元大-桃興,2023-01-04,9894
2906,高林,6,0,6,元大-桃興,2023-01-04,9894
2206,三陽工業,6,0,6,元大-桃興,2023-01-04,9894
6153,嘉聯益,6,0,6,元大-桃興,2023-01-04,9894
00642U,期元大S＆P石油,6,0,6,元大-桃興,2023-01-04,9894
2303,聯電,8,2,6,元大-桃興,2023-01-04,9894
8046,南電,17,12,5,元大-桃興,2023-01-04,9894
00632R,元大台灣50反1,158,21,137,元大-桃興,2023-01-05,9894
2610,華航,118,21,97,元大-桃興,2023-01-05,9894
00683L,期元大美元指正2,46,0,46,元大-桃興,2023-01-05,9894
1444,力麗,54,10,44,元大-桃興,2023-01-05,9894
6118,建達,45,6,39,元大-桃興,2023-01-05,9894
2888,新光金,41,7,34,元大-桃興,2023-01-05,9894
4743,合一,32,1,31,元大-桃興,2023-01-05,9894
00679B,元大美債20年,28,0,28,元大-桃興,2023-01-05,9894
2409,友達,27,1,26,元大-桃興,2023-01-05,9894
2317,鴻海,25,0,25,元大-桃興,2023-01-05,9894
3047,訊舟,22,0,22,元大-桃興,2023-01-05,9894
4979,華星光,21,3,18,元大-桃興,2023-01-05,9894
2419,仲琦,27,10,17,元大-桃興,2023-01-05,9894
4111,濟生,17,0,17,元大-桃興,2023-01-05,9894
2380,虹光,16,0,16,元大-桃興,2023-01-05,9894
3290,東浦,16,0,16,元大-桃興,2023-01-05,9894
1783,和康生,16,0,16,元大-桃興,2023-01-05,9894
00752,中信中國50,15,0,15,元大-桃興,2023-01-05,9894
6111,大宇資,31,18,13,元大-桃興,2023-01-05,9894
8033,雷虎,21,8,13,元大-桃興,2023-01-05,9894
8046,南電,20,8,12,元大-桃興,2023-01-05,9894
0050,元大台灣50,12,0,12,元大-桃興,2023-01-05,9894
3037,欣興,19,7,12,元大-桃興,2023-01-05,9894
2014,中鴻,15,3,12,元大-桃興,2023-01-05,9894
2313,華通,14,2,12,元大-桃興,2023-01-05,9894
00650L,復華香港正2,14,3,11,元大-桃興,2023-01-05,9894
00642U,期元大S＆P石油,10,0,10,元大-桃興,2023-01-05,9894
3508,位速,10,0,10,元大-桃興,2023-01-05,9894
2601,益航,10,0,10,元大-桃興,2023-01-05,9894
8016,矽創,12,2,10,元大-桃興,2023-01-05,9894
1442,名軒,10,0,10,元大-桃興,2023-01-05,9894
8105,凌巨,10,0,10,元大-桃興,2023-01-05,9894
00715L,期街口布蘭特正2,15,5,10,元大-桃興,2023-01-05,9894
00878,國泰永續高股息,17,7,10,元大-桃興,2023-01-05,9894
2007,燁興,10,1,9,元大-桃興,2023-01-05,9894
3693,營邦,14,6,8,元大-桃興,2023-01-05,9894
1217,愛之味,15,7,8,元大-桃興,2023-01-05,9894
4157,太景*-KY,8,0,8,元大-桃興,2023-01-05,9894
8222,寶一,8,0,8,元大-桃興,2023-01-05,9894
0056,元大高股息,8,0,8,元大-桃興,2023-01-05,9894
00753L,中信中國50正2,7,0,7,元大-桃興,2023-01-05,9894
8150,南茂,7,0,7,元大-桃興,2023-01-05,9894
6278,台表科,6,0,6,元大-桃興,2023-01-05,9894
1760,寶齡富錦,7,1,6,元大-桃興,2023-01-05,9894
1708,東鹼,6,0,6,元大-桃興,2023-01-05,9894
1707,葡萄王,6,0,6,元大-桃興,2023-01-05,9894
5469,瀚宇博,6,0,6,元大-桃興,2023-01-05,9894
00676R,富邦臺灣加權反1,6,0,6,元大-桃興,2023-01-05,9894
1101,台泥,14,9,5,元大-桃興,2023-01-05,9894
1802,台玻,5,0,5,元大-桃興,2023-01-05,9894
00632R,元大台灣50反1,600,23,577,元大-桃興,2023-01-06,9894
3481,群創,143,28,115,元大-桃興,2023-01-06,9894
6215,和椿,89,3,86,元大-桃興,2023-01-06,9894
6220,岳豐,56,3,53,元大-桃興,2023-01-06,9894
3006,晶豪科,51,2,49,元大-桃興,2023-01-06,9894
00903,富邦元宇宙,45,1,44,元大-桃興,2023-01-06,9894
2359,所羅門,83,39,44,元大-桃興,2023-01-06,9894
8234,新漢,30,0,30,元大-桃興,2023-01-06,9894
4743,合一,21,2,19,元大-桃興,2023-01-06,9894
00670L,富邦NASDAQ正2,18,0,18,元大-桃興,2023-01-06,9894
00720B,元大投資級公司債,17,1,16,元大-桃興,2023-01-06,9894
6806,森崴能源,16,0,16,元大-桃興,2023-01-06,9894
1618,合機,15,0,15,元大-桃興,2023-01-06,9894
3479,安勤,27,12,15,元大-桃興,2023-01-06,9894
1444,力麗,14,0,14,元大-桃興,2023-01-06,9894
4979,華星光,24,11,13,元大-桃興,2023-01-06,9894
00712,復華富時不動產,13,0,13,元大-桃興,2023-01-06,9894
2892,第一金,12,0,12,元大-桃興,2023-01-06,9894
4114,健喬,84,72,12,元大-桃興,2023-01-06,9894
1513,中興電,22,10,12,元大-桃興,2023-01-06,9894
3592,瑞鼎,12,0,12,元大-桃興,2023-01-06,9894
5009,榮剛,14,3,11,元大-桃興,2023-01-06,9894
2419,仲琦,13,2,11,元大-桃興,2023-01-06,9894
4977,眾達-KY,11,0,11,元大-桃興,2023-01-06,9894
00715L,期街口布蘭特正2,11,0,11,元大-桃興,2023-01-06,9894
2323,中環,10,0,10,元大-桃興,2023-01-06,9894
4111,濟生,10,0,10,元大-桃興,2023-01-06,9894
3029,零壹,10,0,10,元大-桃興,2023-01-06,9894
6129,普誠,10,0,10,元大-桃興,2023-01-06,9894
2609,陽明,17,8,9,元大-桃興,2023-01-06,9894
4157,太景*-KY,9,0,9,元大-桃興,2023-01-06,9894
00772B,中信高評級公司債,9,0,9,元大-桃興,2023-01-06,9894
5425,台半,10,1,9,元大-桃興,2023-01-06,9894
1609,大亞,9,0,9,元大-桃興,2023-01-06,9894
2031,新光鋼,9,1,8,元大-桃興,2023-01-06,9894
2884,玉山金,9,1,8,元大-桃興,2023-01-06,9894
3704,合勤控,14,7,7,元大-桃興,2023-01-06,9894
2887,台新金,6,0,6,元大-桃興,2023-01-06,9894
3290,東浦,6,0,6,元大-桃興,2023-01-06,9894
6456,GIS-KY,6,0,6,元大-桃興,2023-01-06,9894
3714,富采,9,3,6,元大-桃興,2023-01-06,9894
6290,良維,6,0,6,元大-桃興,2023-01-06,9894
2498,宏達電,16,10,6,元大-桃興,2023-01-06,9894
3576,聯合再生,5,0,5,元大-桃興,2023-01-06,9894
2337,旺宏,5,0,5,元大-桃興,2023-01-06,9894
00673R,期元大S＆P原油反1,5,0,5,元大-桃興,2023-01-06,9894
6127,九豪,5,0,5,元大-桃興,2023-01-06,9894
3030,德律,5,0,5,元大-桃興,2023-01-06,9894
6282,康舒,5,0,5,元大-桃興,2023-01-06,9894
5251,天鉞電,5,0,5,元大-桃興,2023-01-06,9894
00632R,元大台灣50反1,968,302,666,元大-桃興,2023-01-09,9894
6770,力積電,84,12,72,元大-桃興,2023-01-09,9894
6215,和椿,70,29,41,元大-桃興,2023-01-09,9894
2603,長榮,46,8,38,元大-桃興,2023-01-09,9894
6133,金橋,64,30,34,元大-桃興,2023-01-09,9894
1217,愛之味,51,18,33,元大-桃興,2023-01-09,9894
2542,興富發,31,0,31,元大-桃興,2023-01-09,9894
6182,合晶,42,11,31,元大-桃興,2023-01-09,9894
4979,華星光,64,36,28,元大-桃興,2023-01-09,9894
2610,華航,70,46,24,元大-桃興,2023-01-09,9894
00683L,期元大美元指正2,23,0,23,元大-桃興,2023-01-09,9894
6220,岳豐,30,8,22,元大-桃興,2023-01-09,9894
4533,協易機,20,0,20,元大-桃興,2023-01-09,9894
00753L,中信中國50正2,20,0,20,元大-桃興,2023-01-09,9894
6244,茂迪,18,0,18,元大-桃興,2023-01-09,9894
2409,友達,17,0,17,元大-桃興,2023-01-09,9894
8358,金居,42,27,15,元大-桃興,2023-01-09,9894
2444,兆勁,15,1,14,元大-桃興,2023-01-09,9894
2201,裕隆,41,28,13,元大-桃興,2023-01-09,9894
00715L,期街口布蘭特正2,13,0,13,元大-桃興,2023-01-09,9894
1513,中興電,21,9,12,元大-桃興,2023-01-09,9894
3624,光頡,12,0,12,元大-桃興,2023-01-09,9894
00680L,元大美債20正2,12,0,12,元大-桃興,2023-01-09,9894
00773B,中信優先金融債,11,0,11,元大-桃興,2023-01-09,9894
8105,凌巨,13,3,10,元大-桃興,2023-01-09,9894
00637L,元大滬深300正2,20,10,10,元大-桃興,2023-01-09,9894
2313,華通,15,5,10,元大-桃興,2023-01-09,9894
2609,陽明,20,10,10,元大-桃興,2023-01-09,9894
4743,合一,11,2,9,元大-桃興,2023-01-09,9894
6153,嘉聯益,10,1,9,元大-桃興,2023-01-09,9894
6806,森崴能源,10,1,9,元大-桃興,2023-01-09,9894
00671R,富邦NASDAQ反1,11,2,9,元大-桃興,2023-01-09,9894
8069,元太,17,9,8,元大-桃興,2023-01-09,9894
1519,華城,23,15,8,元大-桃興,2023-01-09,9894
3027,盛達,18,10,8,元大-桃興,2023-01-09,9894
6550,北極星藥業-KY,8,1,7,元大-桃興,2023-01-09,9894
4174,浩鼎,7,0,7,元大-桃興,2023-01-09,9894
1516,川飛,7,0,7,元大-桃興,2023-01-09,9894
1615,大山,7,0,7,元大-桃興,2023-01-09,9894
4968,立積,10,3,7,元大-桃興,2023-01-09,9894
2317,鴻海,10,3,7,元大-桃興,2023-01-09,9894
1444,力麗,6,0,6,元大-桃興,2023-01-09,9894
8038,長園科,8,2,6,元大-桃興,2023-01-09,9894
8255,朋程,5,0,5,元大-桃興,2023-01-09,9894
9919,康那香,5,0,5,元大-桃興,2023-01-09,9894
8086,宏捷科,10,5,5,元大-桃興,2023-01-09,9894
5609,中菲行,5,0,5,元大-桃興,2023-01-09,9894
1702,南僑,5,0,5,元大-桃興,2023-01-09,9894
2375,凱美,5,0,5,元大-桃興,2023-01-09,9894
3128,昇銳,11,6,5,元大-桃興,2023-01-09,9894
00632R,元大台灣50反1,504,32,472,元大-桃興,2023-01-10,9894
6443,元晶,175,8,167,元大-桃興,2023-01-10,9894
4157,太景*-KY,64,0,64,元大-桃興,2023-01-10,9894
3231,緯創,40,0,40,元大-桃興,2023-01-10,9894
2482,連宇,30,3,27,元大-桃興,2023-01-10,9894
8105,凌巨,33,13,20,元大-桃興,2023-01-10,9894
2908,特力,20,0,20,元大-桃興,2023-01-10,9894
3093,港建*,19,0,19,元大-桃興,2023-01-10,9894
2317,鴻海,18,0,18,元大-桃興,2023-01-10,9894
5353,台林,17,2,15,元大-桃興,2023-01-10,9894
5014,建錩,32,17,15,元大-桃興,2023-01-10,9894
3234,光環,11,0,11,元大-桃興,2023-01-10,9894
2380,虹光,11,0,11,元大-桃興,2023-01-10,9894
9962,有益,13,2,11,元大-桃興,2023-01-10,9894
2884,玉山金,10,0,10,元大-桃興,2023-01-10,9894
6116,彩晶,10,0,10,元大-桃興,2023-01-10,9894
2030,彰源,10,0,10,元大-桃興,2023-01-10,9894
2359,所羅門,21,11,10,元大-桃興,2023-01-10,9894
1409,新纖,10,0,10,元大-桃興,2023-01-10,9894
1310,台苯,10,0,10,元大-桃興,2023-01-10,9894
3479,安勤,22,12,10,元大-桃興,2023-01-10,9894
4130,健亞,10,1,9,元大-桃興,2023-01-10,9894
6558,興能高,9,0,9,元大-桃興,2023-01-10,9894
00795B,中信美國公債20年,9,0,9,元大-桃興,2023-01-10,9894
6533,晶心科,10,1,9,元大-桃興,2023-01-10,9894
4747,強生,9,0,9,元大-桃興,2023-01-10,9894
00878,國泰永續高股息,25,17,8,元大-桃興,2023-01-10,9894
1442,名軒,8,0,8,元大-桃興,2023-01-10,9894
1217,愛之味,8,0,8,元大-桃興,2023-01-10,9894
4934,太極,8,0,8,元大-桃興,2023-01-10,9894
9945,潤泰新,7,0,7,元大-桃興,2023-01-10,9894
2915,潤泰全,6,0,6,元大-桃興,2023-01-10,9894
9958,世紀鋼,10,4,6,元大-桃興,2023-01-10,9894
6274,台燿,6,0,6,元大-桃興,2023-01-10,9894
3356,奇偶,6,0,6,元大-桃興,2023-01-10,9894
6282,康舒,6,0,6,元大-桃興,2023-01-10,9894
1605,華新,17,11,6,元大-桃興,2023-01-10,9894
2313,華通,5,0,5,元大-桃興,2023-01-10,9894
2609,陽明,17,12,5,元大-桃興,2023-01-10,9894
2615,萬海,12,7,5,元大-桃興,2023-01-10,9894
3013,晟銘電,6,1,5,元大-桃興,2023-01-10,9894
2007,燁興,5,0,5,元大-桃興,2023-01-10,9894
1609,大亞,5,0,5,元大-桃興,2023-01-10,9894
2421,建準,5,0,5,元大-桃興,2023-01-10,9894
6223,旺矽,7,2,5,元大-桃興,2023-01-10,9894
3025,星通,5,0,5,元大-桃興,2023-01-10,9894
3501,維熹,5,0,5,元大-桃興,2023-01-10,9894
1802,台玻,5,0,5,元大-桃興,2023-01-10,9894
3324,雙鴻,6,1,5,元大-桃興,2023-01-10,9894
6257,矽格,5,0,5,元大-桃興,2023-01-10,9894
00632R,元大台灣50反1,83,14,69,元大-桃興,2023-01-11,9894
4979,華星光,79,26,53,元大-桃興,2023-01-11,9894
2888,新光金,56,23,33,元大-桃興,2023-01-11,9894
6153,嘉聯益,29,0,29,元大-桃興,2023-01-11,9894
2834,臺企銀,33,7,26,元大-桃興,2023-01-11,9894
2324,仁寶,21,0,21,元大-桃興,2023-01-11,9894
8050,廣積,18,0,18,元大-桃興,2023-01-11,9894
2393,億光,15,0,15,元大-桃興,2023-01-11,9894
2615,萬海,14,2,12,元大-桃興,2023-01-11,9894
2884,玉山金,11,0,11,元大-桃興,2023-01-11,9894
1734,杏輝,11,0,11,元大-桃興,2023-01-11,9894
3419,譁裕,12,1,11,元大-桃興,2023-01-11,9894
2313,華通,10,0,10,元大-桃興,2023-01-11,9894
8936,國統,10,0,10,元大-桃興,2023-01-11,9894
3027,盛達,16,6,10,元大-桃興,2023-01-11,9894
00676R,富邦臺灣加權反1,10,0,10,元大-桃興,2023-01-11,9894
3521,鴻翊,10,0,10,元大-桃興,2023-01-11,9894
1467,南緯,10,0,10,元大-桃興,2023-01-11,9894
8088,品安,12,3,9,元大-桃興,2023-01-11,9894
2495,普安,9,0,9,元大-桃興,2023-01-11,9894
2881,富邦金,13,4,9,元大-桃興,2023-01-11,9894
3704,合勤控,34,26,8,元大-桃興,2023-01-11,9894
4904,遠傳,7,0,7,元大-桃興,2023-01-11,9894
6789,采鈺,8,1,7,元大-桃興,2023-01-11,9894
3202,樺晟,7,0,7,元大-桃興,2023-01-11,9894
2376,技嘉,7,1,6,元大-桃興,2023-01-11,9894
1409,新纖,6,0,6,元大-桃興,2023-01-11,9894
00687B,國泰20年美債,6,0,6,元大-桃興,2023-01-11,9894
00751B,元大AAA至A公司債,5,0,5,元大-桃興,2023-01-11,9894
2609,陽明,23,18,5,元大-桃興,2023-01-11,9894
2886,兆豐金,5,0,5,元大-桃興,2023-01-11,9894
2916,滿心,9,4,5,元大-桃興,2023-01-11,9894
6129,普誠,5,0,5,元大-桃興,2023-01-11,9894
5347,世界,6,1,5,元大-桃興,2023-01-11,9894
2233,宇隆,5,0,5,元大-桃興,2023-01-11,9894
6147,頎邦,6,1,5,元大-桃興,2023-01-11,9894
3062,建漢,5,0,5,元大-桃興,2023-01-11,9894
5011,久陽,5,0,5,元大-桃興,2023-01-11,9894
4167,松瑞藥,7,2,5,元大-桃興,2023-01-11,9894
2883,凱基金,4,0,4,元大-桃興,2023-01-11,9894
8069,元太,18,14,4,元大-桃興,2023-01-11,9894
3508,位速,4,0,4,元大-桃興,2023-01-11,9894
6186,新潤,4,0,4,元大-桃興,2023-01-11,9894
3088,艾訊,5,1,4,元大-桃興,2023-01-11,9894
00633L,富邦上証正2,4,0,4,元大-桃興,2023-01-11,9894
00882,中信中國高股息,4,0,4,元大-桃興,2023-01-11,9894
3714,富采,11,7,4,元大-桃興,2023-01-11,9894
00680L,元大美債20正2,4,0,4,元大-桃興,2023-01-11,9894
6111,大宇資,4,0,4,元大-桃興,2023-01-11,9894
6741,91APP*-KY,10,6,4,元大-桃興,2023-01-11,9894
3024,憶聲,315,0,315,元大-桃興,2023-01-12,9894
2883B,凱基金乙特,203,0,203,元大-桃興,2023-01-12,9894
2014,中鴻,73,12,61,元大-桃興,2023-01-12,9894
00882,中信中國高股息,55,10,45,元大-桃興,2023-01-12,9894
00878,國泰永續高股息,36,2,34,元大-桃興,2023-01-12,9894
2834,臺企銀,30,1,29,元大-桃興,2023-01-12,9894
2603,長榮,31,4,27,元大-桃興,2023-01-12,9894
2609,陽明,54,31,23,元大-桃興,2023-01-12,9894
00673R,期元大S＆P原油反1,21,0,21,元大-桃興,2023-01-12,9894
8996,高力,30,10,20,元大-桃興,2023-01-12,9894
2606,裕民,20,2,18,元大-桃興,2023-01-12,9894
00680L,元大美債20正2,20,2,18,元大-桃興,2023-01-12,9894
2358,廷鑫,36,20,16,元大-桃興,2023-01-12,9894
6443,元晶,48,32,16,元大-桃興,2023-01-12,9894
00770,國泰北美科技,13,0,13,元大-桃興,2023-01-12,9894
2495,普安,14,1,13,元大-桃興,2023-01-12,9894
00905,FT臺灣Smart,12,0,12,元大-桃興,2023-01-12,9894
00679B,元大美債20年,12,0,12,元大-桃興,2023-01-12,9894
2317,鴻海,14,3,11,元大-桃興,2023-01-12,9894
00632R,元大台灣50反1,11,1,10,元大-桃興,2023-01-12,9894
4989,榮科,10,0,10,元大-桃興,2023-01-12,9894
8255,朋程,20,10,10,元大-桃興,2023-01-12,9894
2601,益航,10,0,10,元大-桃興,2023-01-12,9894
00671R,富邦NASDAQ反1,10,0,10,元大-桃興,2023-01-12,9894
3624,光頡,17,8,9,元大-桃興,2023-01-12,9894
5340,建榮,10,1,9,元大-桃興,2023-01-12,9894
2069,運錩,9,0,9,元大-桃興,2023-01-12,9894
2884,玉山金,12,4,8,元大-桃興,2023-01-12,9894
2368,金像電,20,12,8,元大-桃興,2023-01-12,9894
00720B,元大投資級公司債,10,2,8,元大-桃興,2023-01-12,9894
6411,晶焱,8,0,8,元大-桃興,2023-01-12,9894
5371,中光電,8,0,8,元大-桃興,2023-01-12,9894
2444,兆勁,13,6,7,元大-桃興,2023-01-12,9894
8033,雷虎,8,1,7,元大-桃興,2023-01-12,9894
6469,大樹,7,0,7,元大-桃興,2023-01-12,9894
9911,櫻花,7,0,7,元大-桃興,2023-01-12,9894
1612,宏泰,24,17,7,元大-桃興,2023-01-12,9894
6649,台生材,7,0,7,元大-桃興,2023-01-12,9894
8038,長園科,10,3,7,元大-桃興,2023-01-12,9894
1464,得力,6,0,6,元大-桃興,2023-01-12,9894
5225,東科-KY,6,0,6,元大-桃興,2023-01-12,9894
4157,太景*-KY,6,0,6,元大-桃興,2023-01-12,9894
4747,強生,9,3,6,元大-桃興,2023-01-12,9894
2458,義隆,6,0,6,元大-桃興,2023-01-12,9894
0050,元大台灣50,8,3,5,元大-桃興,2023-01-12,9894
5347,世界,5,0,5,元大-桃興,2023-01-12,9894
3576,聯合再生,5,0,5,元大-桃興,2023-01-12,9894
1708,東鹼,5,0,5,元大-桃興,2023-01-12,9894
00687B,國泰20年美債,5,0,5,元大-桃興,2023-01-12,9894
2421,建準,5,0,5,元大-桃興,2023-01-12,9894
00632R,元大台灣50反1,1666,2,1664,元大-桃興,2023-01-13,9894
2889,國票金,45,2,43,元大-桃興,2023-01-13,9894
6425,易發,38,0,38,元大-桃興,2023-01-13,9894
2009,第一銅,35,0,35,元大-桃興,2023-01-13,9894
00878,國泰永續高股息,39,9,30,元大-桃興,2023-01-13,9894
2882B,國泰金乙特,25,0,25,元大-桃興,2023-01-13,9894
4979,華星光,26,2,24,元大-桃興,2023-01-13,9894
6806,森崴能源,23,0,23,元大-桃興,2023-01-13,9894
6741,91APP*-KY,21,1,20,元大-桃興,2023-01-13,9894
3024,憶聲,20,0,20,元大-桃興,2023-01-13,9894
2609,陽明,32,13,19,元大-桃興,2023-01-13,9894
00882,中信中國高股息,17,0,17,元大-桃興,2023-01-13,9894
3037,欣興,38,22,16,元大-桃興,2023-01-13,9894
2393,億光,15,0,15,元大-桃興,2023-01-13,9894
3576,聯合再生,13,0,13,元大-桃興,2023-01-13,9894
2444,兆勁,22,10,12,元大-桃興,2023-01-13,9894
2312,金寶,11,0,11,元大-桃興,2023-01-13,9894
2634,漢翔,10,0,10,元大-桃興,2023-01-13,9894
1909,榮成,10,0,10,元大-桃興,2023-01-13,9894
5328,華容,10,0,10,元大-桃興,2023-01-13,9894
6142,友勁,10,0,10,元大-桃興,2023-01-13,9894
00900,富邦特選高股息30,10,0,10,元大-桃興,2023-01-13,9894
3479,安勤,10,0,10,元大-桃興,2023-01-13,9894
1701,中化,10,0,10,元大-桃興,2023-01-13,9894
00720B,元大投資級公司債,10,0,10,元大-桃興,2023-01-13,9894
6220,岳豐,12,3,9,元大-桃興,2023-01-13,9894
00637L,元大滬深300正2,10,1,9,元大-桃興,2023-01-13,9894
1304,台聚,12,3,9,元大-桃興,2023-01-13,9894
8046,南電,14,6,8,元大-桃興,2023-01-13,9894
2465,麗臺,32,24,8,元大-桃興,2023-01-13,9894
2313,華通,8,0,8,元大-桃興,2023-01-13,9894
6278,台表科,8,0,8,元大-桃興,2023-01-13,9894
2358,廷鑫,15,7,8,元大-桃興,2023-01-13,9894
4167,松瑞藥,61,53,8,元大-桃興,2023-01-13,9894
2812,台中銀,11,3,8,元大-桃興,2023-01-13,9894
1101,台泥,18,11,7,元大-桃興,2023-01-13,9894
2882,國泰金,15,9,6,元大-桃興,2023-01-13,9894
8103,瀚荃,6,0,6,元大-桃興,2023-01-13,9894
5522,遠雄,6,0,6,元大-桃興,2023-01-13,9894
8255,朋程,6,0,6,元大-桃興,2023-01-13,9894
8033,雷虎,6,0,6,元大-桃興,2023-01-13,9894
2323,中環,5,0,5,元大-桃興,2023-01-13,9894
5871,中租-KY,5,0,5,元大-桃興,2023-01-13,9894
2342,茂矽,6,1,5,元大-桃興,2023-01-13,9894
00885,富邦越南,5,0,5,元大-桃興,2023-01-13,9894
8215,明基材,5,0,5,元大-桃興,2023-01-13,9894
00671R,富邦NASDAQ反1,5,0,5,元大-桃興,2023-01-13,9894
8227,巨有科技,5,0,5,元大-桃興,2023-01-13,9894
3710,連展投控,5,0,5,元大-桃興,2023-01-13,9894
2458,義隆,6,1,5,元大-桃興,2023-01-13,9894
00632R,元大台灣50反1,445,40,405,元大-桃興,2023-01-16,9894
00885,富邦越南,85,0,85,元大-桃興,2023-01-16,9894
2883B,凱基金乙特,50,0,50,元大-桃興,2023-01-16,9894
2618,長榮航,50,9,41,元大-桃興,2023-01-16,9894
2882,國泰金,41,4,37,元大-桃興,2023-01-16,9894
00773B,中信優先金融債,24,0,24,元大-桃興,2023-01-16,9894
4979,華星光,24,0,24,元大-桃興,2023-01-16,9894
2033,佳大,34,12,22,元大-桃興,2023-01-16,9894
2609,陽明,24,2,22,元大-桃興,2023-01-16,9894
00683L,期元大美元指正2,20,0,20,元大-桃興,2023-01-16,9894
00720B,元大投資級公司債,18,0,18,元大-桃興,2023-01-16,9894
00680L,元大美債20正2,16,0,16,元大-桃興,2023-01-16,9894
00882,中信中國高股息,20,5,15,元大-桃興,2023-01-16,9894
2610,華航,14,0,14,元大-桃興,2023-01-16,9894
2034,允強,15,1,14,元大-桃興,2023-01-16,9894
3706,神達,13,0,13,元大-桃興,2023-01-16,9894
6741,91APP*-KY,30,19,11,元大-桃興,2023-01-16,9894
2312,金寶,14,3,11,元大-桃興,2023-01-16,9894
00881,國泰台灣5G+,11,1,10,元大-桃興,2023-01-16,9894
2383,台光電,13,3,10,元大-桃興,2023-01-16,9894
2882B,國泰金乙特,10,0,10,元大-桃興,2023-01-16,9894
1504,東元,10,0,10,元大-桃興,2023-01-16,9894
00664R,國泰臺灣加權反1,10,0,10,元大-桃興,2023-01-16,9894
2069,運錩,10,0,10,元大-桃興,2023-01-16,9894
00673R,期元大S＆P原油反1,9,0,9,元大-桃興,2023-01-16,9894
6576,逸達,9,0,9,元大-桃興,2023-01-16,9894
8358,金居,15,7,8,元大-桃興,2023-01-16,9894
2338,光罩,17,10,7,元大-桃興,2023-01-16,9894
6220,岳豐,7,0,7,元大-桃興,2023-01-16,9894
2601,益航,7,0,7,元大-桃興,2023-01-16,9894
2603,長榮,10,3,7,元大-桃興,2023-01-16,9894
4162,智擎,10,4,6,元大-桃興,2023-01-16,9894
3202,樺晟,6,0,6,元大-桃興,2023-01-16,9894
2007,燁興,6,0,6,元大-桃興,2023-01-16,9894
00753L,中信中國50正2,6,0,6,元大-桃興,2023-01-16,9894
6195,詩肯,6,0,6,元大-桃興,2023-01-16,9894
8050,廣積,25,20,5,元大-桃興,2023-01-16,9894
2009,第一銅,5,0,5,元大-桃興,2023-01-16,9894
2881C,富邦金丙特,5,0,5,元大-桃興,2023-01-16,9894
00687B,國泰20年美債,5,0,5,元大-桃興,2023-01-16,9894
2812,台中銀,5,0,5,元大-桃興,2023-01-16,9894
3024,憶聲,5,0,5,元大-桃興,2023-01-16,9894
9938,百和,5,0,5,元大-桃興,2023-01-16,9894
3264,欣銓,5,0,5,元大-桃興,2023-01-16,9894
2399,映泰,7,2,5,元大-桃興,2023-01-16,9894
2468,華經,4,0,4,元大-桃興,2023-01-16,9894
00633L,富邦上証正2,5,1,4,元大-桃興,2023-01-16,9894
2851,中再保,4,0,4,元大-桃興,2023-01-16,9894
2465,麗臺,45,41,4,元大-桃興,2023-01-16,9894
2889,國票金,3,0,3,元大-桃興,2023-01-16,9894
00632R,元大台灣50反1,270,38,232,元大-桃興,2023-01-17,9894
2618,長榮航,47,9,38,元大-桃興,2023-01-17,9894
5009,榮剛,35,5,30,元大-桃興,2023-01-17,9894
2883B,凱基金乙特,30,0,30,元大-桃興,2023-01-17,9894
00753L,中信中國50正2,40,12,28,元大-桃興,2023-01-17,9894
2367,燿華,29,2,27,元大-桃興,2023-01-17,9894
2834,臺企銀,50,25,25,元大-桃興,2023-01-17,9894
0056,元大高股息,33,10,23,元大-桃興,2023-01-17,9894
2887,台新金,25,6,19,元大-桃興,2023-01-17,9894
2610,華航,21,2,19,元大-桃興,2023-01-17,9894
2929,淘帝-KY,20,1,19,元大-桃興,2023-01-17,9894
00673R,期元大S＆P原油反1,20,2,18,元大-桃興,2023-01-17,9894
5321,美而快,20,2,18,元大-桃興,2023-01-17,9894
6770,力積電,23,6,17,元大-桃興,2023-01-17,9894
00885,富邦越南,17,2,15,元大-桃興,2023-01-17,9894
00679B,元大美債20年,14,0,14,元大-桃興,2023-01-17,9894
2007,燁興,15,2,13,元大-桃興,2023-01-17,9894
00882,中信中國高股息,14,2,12,元大-桃興,2023-01-17,9894
3037,欣興,17,6,11,元大-桃興,2023-01-17,9894
2867,三商壽,11,0,11,元大-桃興,2023-01-17,9894
00893,國泰智能電動車,11,1,10,元大-桃興,2023-01-17,9894
3024,憶聲,10,0,10,元大-桃興,2023-01-17,9894
6180,橘子,12,2,10,元大-桃興,2023-01-17,9894
2727,王品,10,0,10,元大-桃興,2023-01-17,9894
00633L,富邦上証正2,10,0,10,元大-桃興,2023-01-17,9894
6116,彩晶,10,0,10,元大-桃興,2023-01-17,9894
3022,威強電,10,0,10,元大-桃興,2023-01-17,9894
4968,立積,10,1,9,元大-桃興,2023-01-17,9894
1101,台泥,29,20,9,元大-桃興,2023-01-17,9894
00881,國泰台灣5G+,13,4,9,元大-桃興,2023-01-17,9894
1409,新纖,9,0,9,元大-桃興,2023-01-17,9894
2732,六角,10,1,9,元大-桃興,2023-01-17,9894
4958,臻鼎-KY,9,0,9,元大-桃興,2023-01-17,9894
8038,長園科,9,0,9,元大-桃興,2023-01-17,9894
2495,普安,14,5,9,元大-桃興,2023-01-17,9894
8227,巨有科技,12,3,9,元大-桃興,2023-01-17,9894
1312,國喬,10,1,9,元大-桃興,2023-01-17,9894
2884,玉山金,9,1,8,元大-桃興,2023-01-17,9894
4114,健喬,10,2,8,元大-桃興,2023-01-17,9894
1560,中砂,8,0,8,元大-桃興,2023-01-17,9894
5258,虹堡,11,3,8,元大-桃興,2023-01-17,9894
1513,中興電,25,18,7,元大-桃興,2023-01-17,9894
00902,中信電池及儲能,7,0,7,元大-桃興,2023-01-17,9894
6425,易發,7,0,7,元大-桃興,2023-01-17,9894
8358,金居,47,40,7,元大-桃興,2023-01-17,9894
2104,國際中橡,7,0,7,元大-桃興,2023-01-17,9894
2368,金像電,9,2,7,元大-桃興,2023-01-17,9894
2317,鴻海,13,7,6,元大-桃興,2023-01-17,9894
8033,雷虎,6,0,6,元大-桃興,2023-01-17,9894
006208,富邦台50,5,0,5,元大-桃興,2023-01-17,9894
00632R,元大台灣50反1,405,10,395,元大-桃興,2023-01-30,9894
3228,金麗科,100,0,100,元大-桃興,2023-01-30,9894
2355,敬鵬,58,0,58,元大-桃興,2023-01-30,9894
2317,鴻海,70,22,48,元大-桃興,2023-01-30,9894
1229,聯華,30,0,30,元大-桃興,2023-01-30,9894
00885,富邦越南,29,3,26,元大-桃興,2023-01-30,9894
00882,中信中國高股息,28,3,25,元大-桃興,2023-01-30,9894
2607,榮運,29,4,25,元大-桃興,2023-01-30,9894
5351,鈺創,29,4,25,元大-桃興,2023-01-30,9894
3231,緯創,60,35,25,元大-桃興,2023-01-30,9894
2891,中信金,19,1,18,元大-桃興,2023-01-30,9894
9945,潤泰新,21,3,18,元大-桃興,2023-01-30,9894
00679B,元大美債20年,17,0,17,元大-桃興,2023-01-30,9894
2609,陽明,30,14,16,元大-桃興,2023-01-30,9894
00720B,元大投資級公司債,16,0,16,元大-桃興,2023-01-30,9894
4919,新唐,30,15,15,元大-桃興,2023-01-30,9894
3596,智易,16,1,15,元大-桃興,2023-01-30,9894
1216,統一,14,0,14,元大-桃興,2023-01-30,9894
2812,台中銀,13,0,13,元大-桃興,2023-01-30,9894
00664R,國泰臺灣加權反1,12,0,12,元大-桃興,2023-01-30,9894
3512,皇龍,11,0,11,元大-桃興,2023-01-30,9894
2605,新興,11,0,11,元大-桃興,2023-01-30,9894
2892,第一金,10,0,10,元大-桃興,2023-01-30,9894
00642U,期元大S＆P石油,10,0,10,元大-桃興,2023-01-30,9894
8421,旭源,10,0,10,元大-桃興,2023-01-30,9894
2236,百達-KY,13,3,10,元大-桃興,2023-01-30,9894
1219,福壽,10,0,10,元大-桃興,2023-01-30,9894
8996,高力,26,16,10,元大-桃興,2023-01-30,9894
3290,東浦,10,0,10,元大-桃興,2023-01-30,9894
4906,正文,10,0,10,元大-桃興,2023-01-30,9894
00773B,中信優先金融債,9,0,9,元大-桃興,2023-01-30,9894
00770,國泰北美科技,8,0,8,元大-桃興,2023-01-30,9894
2415,錩新,8,0,8,元大-桃興,2023-01-30,9894
2313,華通,13,5,8,元大-桃興,2023-01-30,9894
6451,訊芯-KY,9,1,8,元大-桃興,2023-01-30,9894
8261,富鼎,24,16,8,元大-桃興,2023-01-30,9894
2883B,凱基金乙特,7,0,7,元大-桃興,2023-01-30,9894
4747,強生,10,3,7,元大-桃興,2023-01-30,9894
00633L,富邦上証正2,13,6,7,元大-桃興,2023-01-30,9894
4402,郡都開發,7,0,7,元大-桃興,2023-01-30,9894
4114,健喬,16,9,7,元大-桃興,2023-01-30,9894
4739,康普,7,0,7,元大-桃興,2023-01-30,9894
2368,金像電,9,2,7,元大-桃興,2023-01-30,9894
2880,華南金,7,0,7,元大-桃興,2023-01-30,9894
2344,華邦電,14,8,6,元大-桃興,2023-01-30,9894
00772B,中信高評級公司債,6,0,6,元大-桃興,2023-01-30,9894
6477,安集,6,0,6,元大-桃興,2023-01-30,9894
00680L,元大美債20正2,6,0,6,元大-桃興,2023-01-30,9894
3005,神基,5,0,5,元大-桃興,2023-01-30,9894
1795,美時,6,1,5,元大-桃興,2023-01-30,9894
00905,FT臺灣Smart,165,3,162,元大-桃興,2023-01-31,9894
00632R,元大台灣50反1,123,21,102,元大-桃興,2023-01-31,9894
2812,台中銀,85,1,84,元大-桃興,2023-01-31,9894
2883B,凱基金乙特,62,0,62,元大-桃興,2023-01-31,9894
6290,良維,31,0,31,元大-桃興,2023-01-31,9894
0050,元大台灣50,27,2,25,元大-桃興,2023-01-31,9894
2892,第一金,25,0,25,元大-桃興,2023-01-31,9894
8150,南茂,24,0,24,元大-桃興,2023-01-31,9894
6217,中探針,25,1,24,元大-桃興,2023-01-31,9894
2330,台積電,27,4,23,元大-桃興,2023-01-31,9894
2834,臺企銀,22,1,21,元大-桃興,2023-01-31,9894
2882B,國泰金乙特,20,0,20,元大-桃興,2023-01-31,9894
3047,訊舟,19,0,19,元大-桃興,2023-01-31,9894
3481,群創,31,13,18,元大-桃興,2023-01-31,9894
2885,元大金,22,4,18,元大-桃興,2023-01-31,9894
2867,三商壽,18,0,18,元大-桃興,2023-01-31,9894
4979,華星光,35,17,18,元大-桃興,2023-01-31,9894
00752,中信中國50,18,1,17,元大-桃興,2023-01-31,9894
2890,永豐金,16,0,16,元大-桃興,2023-01-31,9894
3141,晶宏,15,0,15,元大-桃興,2023-01-31,9894
2354,鴻準,16,2,14,元大-桃興,2023-01-31,9894
6269,台郡,14,0,14,元大-桃興,2023-01-31,9894
5347,世界,18,5,13,元大-桃興,2023-01-31,9894
2412,中華電,14,1,13,元大-桃興,2023-01-31,9894
1605,華新,157,144,13,元大-桃興,2023-01-31,9894
2324,仁寶,12,0,12,元大-桃興,2023-01-31,9894
2344,華邦電,15,4,11,元大-桃興,2023-01-31,9894
2888,新光金,11,0,11,元大-桃興,2023-01-31,9894
3022,威強電,11,0,11,元大-桃興,2023-01-31,9894
2023,燁輝,31,20,11,元大-桃興,2023-01-31,9894
6509,聚和,11,0,11,元大-桃興,2023-01-31,9894
2886,兆豐金,12,2,10,元大-桃興,2023-01-31,9894
1101,台泥,15,5,10,元大-桃興,2023-01-31,9894
00751B,元大AAA至A公司債,10,0,10,元大-桃興,2023-01-31,9894
3711,日月光投控,10,0,10,元大-桃興,2023-01-31,9894
2486,一詮,10,0,10,元大-桃興,2023-01-31,9894
3673,TPK-KY,10,0,10,元大-桃興,2023-01-31,9894
1443,立益物流,10,0,10,元大-桃興,2023-01-31,9894
3450,聯鈞,10,0,10,元大-桃興,2023-01-31,9894
3034,聯詠,13,4,9,元大-桃興,2023-01-31,9894
9945,潤泰新,12,3,9,元大-桃興,2023-01-31,9894
2891,中信金,9,0,9,元大-桃興,2023-01-31,9894
00772B,中信高評級公司債,9,0,9,元大-桃興,2023-01-31,9894
6235,華孚,12,3,9,元大-桃興,2023-01-31,9894
2204,中華,9,0,9,元大-桃興,2023-01-31,9894
2027,大成鋼,16,7,9,元大-桃興,2023-01-31,9894
1612,宏泰,13,4,9,元大-桃興,2023-01-31,9894
00888,永豐台灣ESG,8,0,8,元大-桃興,2023-01-31,9894
3163,波若威,8,0,8,元大-桃興,2023-01-31,9894
00715L,期街口布蘭特正2,8,0,8,元大-桃興,2023-01-31,9894
00900,富邦特選高股息30,416,10,406,元大-桃興,2023-02-01,9894
6235,華孚,117,3,114,元大-桃興,2023-02-01,9894
1701,中化,58,0,58,元大-桃興,2023-02-01,9894
00637L,元大滬深300正2,55,0,55,元大-桃興,2023-02-01,9894
6217,中探針,50,1,49,元大-桃興,2023-02-01,9894
1313,聯成,41,0,41,元大-桃興,2023-02-01,9894
00905,FT臺灣Smart,47,12,35,元大-桃興,2023-02-01,9894
3231,緯創,30,1,29,元大-桃興,2023-02-01,9894
3481,群創,28,2,26,元大-桃興,2023-02-01,9894
1605,華新,94,68,26,元大-桃興,2023-02-01,9894
2312,金寶,23,0,23,元大-桃興,2023-02-01,9894
00878,國泰永續高股息,40,18,22,元大-桃興,2023-02-01,9894
5340,建榮,22,0,22,元大-桃興,2023-02-01,9894
2929,淘帝-KY,47,26,21,元大-桃興,2023-02-01,9894
2317,鴻海,24,3,21,元大-桃興,2023-02-01,9894
6282,康舒,50,30,20,元大-桃興,2023-02-01,9894
4142,國光生,24,4,20,元大-桃興,2023-02-01,9894
3607,谷崧,20,0,20,元大-桃興,2023-02-01,9894
6770,力積電,79,59,20,元大-桃興,2023-02-01,9894
1444,力麗,20,1,19,元大-桃興,2023-02-01,9894
1409,新纖,17,0,17,元大-桃興,2023-02-01,9894
2609,陽明,35,18,17,元大-桃興,2023-02-01,9894
6505,台塑化,17,0,17,元大-桃興,2023-02-01,9894
1584,精剛,36,20,16,元大-桃興,2023-02-01,9894
2891,中信金,15,0,15,元大-桃興,2023-02-01,9894
1514,亞力,15,0,15,元大-桃興,2023-02-01,9894
8996,高力,35,21,14,元大-桃興,2023-02-01,9894
8105,凌巨,13,0,13,元大-桃興,2023-02-01,9894
1609,大亞,24,11,13,元大-桃興,2023-02-01,9894
6443,元晶,64,51,13,元大-桃興,2023-02-01,9894
2007,燁興,14,2,12,元大-桃興,2023-02-01,9894
6164,華興,12,0,12,元大-桃興,2023-02-01,9894
1809,中釉,13,2,11,元大-桃興,2023-02-01,9894
8038,長園科,11,0,11,元大-桃興,2023-02-01,9894
2412,中華電,11,0,11,元大-桃興,2023-02-01,9894
2890,永豐金,10,0,10,元大-桃興,2023-02-01,9894
3710,連展投控,10,0,10,元大-桃興,2023-02-01,9894
3290,東浦,20,10,10,元大-桃興,2023-02-01,9894
00676R,富邦臺灣加權反1,10,0,10,元大-桃興,2023-02-01,9894
1455,集盛,10,0,10,元大-桃興,2023-02-01,9894
00882,中信中國高股息,10,0,10,元大-桃興,2023-02-01,9894
3512,皇龍,10,0,10,元大-桃興,2023-02-01,9894
4906,正文,10,0,10,元大-桃興,2023-02-01,9894
6167,久正,10,0,10,元大-桃興,2023-02-01,9894
5347,世界,13,4,9,元大-桃興,2023-02-01,9894
2450,神腦,9,0,9,元大-桃興,2023-02-01,9894
2027,大成鋼,19,10,9,元大-桃興,2023-02-01,9894
2344,華邦電,24,16,8,元大-桃興,2023-02-01,9894
00673R,期元大S＆P原油反1,8,0,8,元大-桃興,2023-02-01,9894
6550,北極星藥業-KY,9,2,7,元大-桃興,2023-02-01,9894
00632R,元大台灣50反1,606,28,578,元大-桃興,2023-02-02,9894
3024,憶聲,220,0,220,元大-桃興,2023-02-02,9894
2888,新光金,201,10,191,元大-桃興,2023-02-02,9894
00680L,元大美債20正2,124,0,124,元大-桃興,2023-02-02,9894
6550,北極星藥業-KY,64,1,63,元大-桃興,2023-02-02,9894
2618,長榮航,85,23,62,元大-桃興,2023-02-02,9894
6235,華孚,72,22,50,元大-桃興,2023-02-02,9894
00885,富邦越南,57,14,43,元大-桃興,2023-02-02,9894
00715L,期街口布蘭特正2,37,0,37,元大-桃興,2023-02-02,9894
3231,緯創,60,24,36,元大-桃興,2023-02-02,9894
00878,國泰永續高股息,70,38,32,元大-桃興,2023-02-02,9894
6217,中探針,32,1,31,元大-桃興,2023-02-02,9894
2409,友達,44,15,29,元大-桃興,2023-02-02,9894
2891,中信金,23,0,23,元大-桃興,2023-02-02,9894
1718,中纖,20,0,20,元大-桃興,2023-02-02,9894
6443,元晶,72,52,20,元大-桃興,2023-02-02,9894
6237,驊訊,19,0,19,元大-桃興,2023-02-02,9894
3512,皇龍,18,0,18,元大-桃興,2023-02-02,9894
4979,華星光,26,11,15,元大-桃興,2023-02-02,9894
3047,訊舟,23,8,15,元大-桃興,2023-02-02,9894
1305,華夏,15,0,15,元大-桃興,2023-02-02,9894
9945,潤泰新,15,1,14,元大-桃興,2023-02-02,9894
00679B,元大美債20年,14,0,14,元大-桃興,2023-02-02,9894
00712,復華富時不動產,14,1,13,元大-桃興,2023-02-02,9894
2441,超豐,13,0,13,元大-桃興,2023-02-02,9894
2439,美律,12,0,12,元大-桃興,2023-02-02,9894
5347,世界,24,12,12,元大-桃興,2023-02-02,9894
4564,元翎,12,0,12,元大-桃興,2023-02-02,9894
1514,亞力,11,0,11,元大-桃興,2023-02-02,9894
00888,永豐台灣ESG,11,0,11,元大-桃興,2023-02-02,9894
00653L,富邦印度正2,11,0,11,元大-桃興,2023-02-02,9894
6266,泰詠,10,0,10,元大-桃興,2023-02-02,9894
00683L,期元大美元指正2,10,0,10,元大-桃興,2023-02-02,9894
1612,宏泰,10,0,10,元大-桃興,2023-02-02,9894
6133,金橋,10,0,10,元大-桃興,2023-02-02,9894
6197,佳必琪,10,0,10,元大-桃興,2023-02-02,9894
4306,炎洲,10,0,10,元大-桃興,2023-02-02,9894
2402,毅嘉,10,0,10,元大-桃興,2023-02-02,9894
6499,益安,10,0,10,元大-桃興,2023-02-02,9894
5351,鈺創,53,43,10,元大-桃興,2023-02-02,9894
1513,中興電,15,6,9,元大-桃興,2023-02-02,9894
9938,百和,9,0,9,元大-桃興,2023-02-02,9894
2014,中鴻,19,10,9,元大-桃興,2023-02-02,9894
2405,輔信,10,1,9,元大-桃興,2023-02-02,9894
2317,鴻海,15,7,8,元大-桃興,2023-02-02,9894
2399,映泰,10,2,8,元大-桃興,2023-02-02,9894
2486,一詮,10,2,8,元大-桃興,2023-02-02,9894
3062,建漢,20,12,8,元大-桃興,2023-02-02,9894
6239,力成,12,4,8,元大-桃興,2023-02-02,9894
5608,四維航,10,2,8,元大-桃興,2023-02-02,9894
2610,華航,314,2,312,元大-桃興,2023-02-03,9894
00632R,元大台灣50反1,305,10,295,元大-桃興,2023-02-03,9894
00676R,富邦臺灣加權反1,200,0,200,元大-桃興,2023-02-03,9894
2897,王道銀行,109,1,108,元大-桃興,2023-02-03,9894
00878,國泰永續高股息,133,55,78,元大-桃興,2023-02-03,9894
00903,富邦元宇宙,47,3,44,元大-桃興,2023-02-03,9894
00882,中信中國高股息,27,0,27,元大-桃興,2023-02-03,9894
00679B,元大美債20年,27,0,27,元大-桃興,2023-02-03,9894
3228,金麗科,28,2,26,元大-桃興,2023-02-03,9894
6235,華孚,78,53,25,元大-桃興,2023-02-03,9894
00637L,元大滬深300正2,30,6,24,元大-桃興,2023-02-03,9894
4979,華星光,24,2,22,元大-桃興,2023-02-03,9894
2230,泰茂,27,6,21,元大-桃興,2023-02-03,9894
1101,台泥,21,0,21,元大-桃興,2023-02-03,9894
00671R,富邦NASDAQ反1,21,0,21,元大-桃興,2023-02-03,9894
9105,泰金寶-DR,31,10,21,元大-桃興,2023-02-03,9894
4931,新盛力,20,1,19,元大-桃興,2023-02-03,9894
3105,穩懋,20,1,19,元大-桃興,2023-02-03,9894
5425,台半,22,4,18,元大-桃興,2023-02-03,9894
6147,頎邦,20,2,18,元大-桃興,2023-02-03,9894
1529,樂事綠能,20,2,18,元大-桃興,2023-02-03,9894
00715L,期街口布蘭特正2,18,1,17,元大-桃興,2023-02-03,9894
6282,康舒,37,20,17,元大-桃興,2023-02-03,9894
2498,宏達電,80,64,16,元大-桃興,2023-02-03,9894
6535,順藥,16,0,16,元大-桃興,2023-02-03,9894
6788,華景電,22,6,16,元大-桃興,2023-02-03,9894
2014,中鴻,17,2,15,元大-桃興,2023-02-03,9894
1611,中電,17,2,15,元大-桃興,2023-02-03,9894
5321,美而快,17,2,15,元大-桃興,2023-02-03,9894
2882,國泰金,14,0,14,元大-桃興,2023-02-03,9894
6217,中探針,16,2,14,元大-桃興,2023-02-03,9894
2201,裕隆,20,6,14,元大-桃興,2023-02-03,9894
00900,富邦特選高股息30,14,1,13,元大-桃興,2023-02-03,9894
2388,威盛,47,34,13,元大-桃興,2023-02-03,9894
8033,雷虎,13,0,13,元大-桃興,2023-02-03,9894
1216,統一,12,0,12,元大-桃興,2023-02-03,9894
3508,位速,24,12,12,元大-桃興,2023-02-03,9894
5344,立衛,12,0,12,元大-桃興,2023-02-03,9894
6443,元晶,26,14,12,元大-桃興,2023-02-03,9894
8088,品安,12,0,12,元大-桃興,2023-02-03,9894
2344,華邦電,64,52,12,元大-桃興,2023-02-03,9894
2885,元大金,11,0,11,元大-桃興,2023-02-03,9894
6806,森崴能源,12,1,11,元大-桃興,2023-02-03,9894
3021,鴻名,12,1,11,元大-桃興,2023-02-03,9894
1229,聯華,11,0,11,元大-桃興,2023-02-03,9894
2364,倫飛,13,2,11,元大-桃興,2023-02-03,9894
00751B,元大AAA至A公司債,11,0,11,元大-桃興,2023-02-03,9894
2412,中華電,10,0,10,元大-桃興,2023-02-03,9894
6612,奈米醫材,10,0,10,元大-桃興,2023-02-03,9894
00680L,元大美債20正2,10,0,10,元大-桃興,2023-02-03,9894
00878,國泰永續高股息,270,1,269,元大-桃興,2023-02-06,9894
2354,鴻準,196,2,194,元大-桃興,2023-02-06,9894
2601,益航,58,0,58,元大-桃興,2023-02-06,9894
1409,新纖,51,0,51,元大-桃興,2023-02-06,9894
4114,健喬,62,12,50,元大-桃興,2023-02-06,9894
1605,華新,80,39,41,元大-桃興,2023-02-06,9894
2618,長榮航,59,20,39,元大-桃興,2023-02-06,9894
2834,臺企銀,36,0,36,元大-桃興,2023-02-06,9894
00715L,期街口布蘭特正2,36,2,34,元大-桃興,2023-02-06,9894
00637L,元大滬深300正2,33,3,30,元大-桃興,2023-02-06,9894
00633L,富邦上証正2,28,0,28,元大-桃興,2023-02-06,9894
4162,智擎,28,1,27,元大-桃興,2023-02-06,9894
3037,欣興,38,13,25,元大-桃興,2023-02-06,9894
00753L,中信中國50正2,24,1,23,元大-桃興,2023-02-06,9894
1514,亞力,28,5,23,元大-桃興,2023-02-06,9894
2344,華邦電,24,3,21,元大-桃興,2023-02-06,9894
3380,明泰,20,0,20,元大-桃興,2023-02-06,9894
1313,聯成,20,1,19,元大-桃興,2023-02-06,9894
2609,陽明,36,17,19,元大-桃興,2023-02-06,9894
2889,國票金,22,5,17,元大-桃興,2023-02-06,9894
3257,虹冠電,16,1,15,元大-桃興,2023-02-06,9894
9958,世紀鋼,15,0,15,元大-桃興,2023-02-06,9894
2884,玉山金,13,0,13,元大-桃興,2023-02-06,9894
5351,鈺創,25,13,12,元大-桃興,2023-02-06,9894
00713,元大台灣高息低波,12,0,12,元大-桃興,2023-02-06,9894
2436,偉詮電,14,2,12,元大-桃興,2023-02-06,9894
5425,台半,15,3,12,元大-桃興,2023-02-06,9894
2201,裕隆,18,6,12,元大-桃興,2023-02-06,9894
2454,聯發科,13,2,11,元大-桃興,2023-02-06,9894
00907,永豐優息存股,11,0,11,元大-桃興,2023-02-06,9894
2887,台新金,13,2,11,元大-桃興,2023-02-06,9894
2236,百達-KY,11,0,11,元大-桃興,2023-02-06,9894
3046,建��,11,0,11,元大-桃興,2023-02-06,9894
0056,元大高股息,25,15,10,元大-桃興,2023-02-06,9894
2615,萬海,11,1,10,元大-桃興,2023-02-06,9894
4979,華星光,33,23,10,元大-桃興,2023-02-06,9894
6649,台生材,10,0,10,元大-桃興,2023-02-06,9894
4911,德英,10,0,10,元大-桃興,2023-02-06,9894
4163,鐿鈦,10,0,10,元大-桃興,2023-02-06,9894
00882,中信中國高股息,32,22,10,元大-桃興,2023-02-06,9894
3025,星通,10,0,10,元大-桃興,2023-02-06,9894
5344,立衛,10,0,10,元大-桃興,2023-02-06,9894
00888,永豐台灣ESG,10,0,10,元大-桃興,2023-02-06,9894
1783,和康生,51,41,10,元大-桃興,2023-02-06,9894
00642U,期元大S＆P石油,10,0,10,元大-桃興,2023-02-06,9894
2330,台積電,11,1,10,元大-桃興,2023-02-06,9894
00900,富邦特選高股息30,11,1,10,元大-桃興,2023-02-06,9894
1216,統一,9,0,9,元大-桃興,2023-02-06,9894
2368,金像電,10,1,9,元大-桃興,2023-02-06,9894
00752,中信中國50,9,0,9,元大-桃興,2023-02-06,9894
00632R,元大台灣50反1,123,15,108,元大-桃興,2023-02-07,9894
2354,鴻準,74,0,74,元大-桃興,2023-02-07,9894
4114,健喬,76,11,65,元大-桃興,2023-02-07,9894
1513,中興電,54,1,53,元大-桃興,2023-02-07,9894
8171,天宇,51,4,47,元大-桃興,2023-02-07,9894
2618,長榮航,51,6,45,元大-桃興,2023-02-07,9894
00715L,期街口布蘭特正2,41,1,40,元大-桃興,2023-02-07,9894
00679B,元大美債20年,39,0,39,元大-桃興,2023-02-07,9894
00878,國泰永續高股息,37,11,26,元大-桃興,2023-02-07,9894
1524,耿鼎,26,1,25,元大-桃興,2023-02-07,9894
6695,芯鼎,25,0,25,元大-桃興,2023-02-07,9894
2884,玉山金,21,0,21,元大-桃興,2023-02-07,9894
2317,鴻海,19,2,17,元大-桃興,2023-02-07,9894
5425,台半,20,4,16,元大-桃興,2023-02-07,9894
2883B,凱基金乙特,16,0,16,元大-桃興,2023-02-07,9894
00905,FT臺灣Smart,16,1,15,元大-桃興,2023-02-07,9894
2867,三商壽,14,0,14,元大-桃興,2023-02-07,9894
6104,創惟,28,14,14,元大-桃興,2023-02-07,9894
3714,富采,14,0,14,元大-桃興,2023-02-07,9894
6282,康舒,45,32,13,元大-桃興,2023-02-07,9894
2834,臺企銀,13,0,13,元大-桃興,2023-02-07,9894
2609,陽明,16,4,12,元大-桃興,2023-02-07,9894
2610,華航,14,2,12,元大-桃興,2023-02-07,9894
1305,華夏,12,0,12,元大-桃興,2023-02-07,9894
3706,神達,25,13,12,元大-桃興,2023-02-07,9894
0056,元大高股息,12,0,12,元大-桃興,2023-02-07,9894
6770,力積電,14,3,11,元大-桃興,2023-02-07,9894
2105,正新,11,0,11,元大-桃興,2023-02-07,9894
8049,晶采,11,0,11,元大-桃興,2023-02-07,9894
2498,宏達電,56,45,11,元大-桃興,2023-02-07,9894
3037,欣興,13,2,11,元大-桃興,2023-02-07,9894
1752,南光,20,10,10,元大-桃興,2023-02-07,9894
1339,昭輝,10,0,10,元大-桃興,2023-02-07,9894
6205,詮欣,10,0,10,元大-桃興,2023-02-07,9894
2457,飛宏,12,2,10,元大-桃興,2023-02-07,9894
1709,和益,10,0,10,元大-桃興,2023-02-07,9894
4747,強生,27,18,9,元大-桃興,2023-02-07,9894
2885,元大金,9,0,9,元大-桃興,2023-02-07,9894
4130,健亞,11,2,9,元大-桃興,2023-02-07,9894
2887,台新金,10,1,9,元大-桃興,2023-02-07,9894
8050,廣積,9,0,9,元大-桃興,2023-02-07,9894
2027,大成鋼,10,1,9,元大-桃興,2023-02-07,9894
1605,華新,50,41,9,元大-桃興,2023-02-07,9894
2888,新光金,8,0,8,元大-桃興,2023-02-07,9894
2034,允強,8,0,8,元大-桃興,2023-02-07,9894
4931,新盛力,8,0,8,元大-桃興,2023-02-07,9894
00712,復華富時不動產,14,7,7,元大-桃興,2023-02-07,9894
2891,中信金,7,0,7,元大-桃興,2023-02-07,9894
4128,中天,7,0,7,元大-桃興,2023-02-07,9894
1701,中化,11,4,7,元大-桃興,2023-02-07,9894
00632R,元大台灣50反1,327,6,321,元大-桃興,2023-02-08,9894
2867,三商壽,66,0,66,元大-桃興,2023-02-08,9894
00679B,元大美債20年,49,0,49,元大-桃興,2023-02-08,9894
2354,鴻準,39,3,36,元大-桃興,2023-02-08,9894
6443,元晶,40,8,32,元大-桃興,2023-02-08,9894
2009,第一銅,40,11,29,元大-桃興,2023-02-08,9894
2891,中信金,27,0,27,元大-桃興,2023-02-08,9894
2614,東森,24,0,24,元大-桃興,2023-02-08,9894
5347,世界,26,5,21,元大-桃興,2023-02-08,9894
2883,凱基金,21,0,21,元大-桃興,2023-02-08,9894
2884,玉山金,20,0,20,元大-桃興,2023-02-08,9894
2317,鴻海,20,0,20,元大-桃興,2023-02-08,9894
00878,國泰永續高股息,32,13,19,元大-桃興,2023-02-08,9894
3202,樺晟,19,0,19,元大-桃興,2023-02-08,9894
6217,中探針,23,5,18,元大-桃興,2023-02-08,9894
3707,漢磊,19,1,18,元大-桃興,2023-02-08,9894
4979,華星光,47,30,17,元大-桃興,2023-02-08,9894
00671R,富邦NASDAQ反1,18,1,17,元大-桃興,2023-02-08,9894
2413,環科,23,6,17,元大-桃興,2023-02-08,9894
00673R,期元大S＆P原油反1,17,0,17,元大-桃興,2023-02-08,9894
2603,長榮,16,0,16,元大-桃興,2023-02-08,9894
8358,金居,27,11,16,元大-桃興,2023-02-08,9894
00772B,中信高評級公司債,16,1,15,元大-桃興,2023-02-08,9894
6770,力積電,22,7,15,元大-桃興,2023-02-08,9894
4931,新盛力,21,7,14,元大-桃興,2023-02-08,9894
4915,致伸,13,0,13,元大-桃興,2023-02-08,9894
2313,華通,13,0,13,元大-桃興,2023-02-08,9894
5371,中光電,13,1,12,元大-桃興,2023-02-08,9894
3037,欣興,20,9,11,元大-桃興,2023-02-08,9894
2723,美食-KY,11,0,11,元大-桃興,2023-02-08,9894
3231,緯創,14,3,11,元大-桃興,2023-02-08,9894
5425,台半,22,12,10,元大-桃興,2023-02-08,9894
2897,王道銀行,10,0,10,元大-桃興,2023-02-08,9894
6213,聯茂,10,0,10,元大-桃興,2023-02-08,9894
1444,力麗,10,0,10,元大-桃興,2023-02-08,9894
2230,泰茂,15,6,9,元大-桃興,2023-02-08,9894
2450,神腦,9,0,9,元大-桃興,2023-02-08,9894
8299,群聯,10,1,9,元大-桃興,2023-02-08,9894
2338,光罩,11,2,9,元大-桃興,2023-02-08,9894
6153,嘉聯益,9,0,9,元大-桃興,2023-02-08,9894
2618,長榮航,12,4,8,元大-桃興,2023-02-08,9894
2014,中鴻,9,1,8,元大-桃興,2023-02-08,9894
4763,材料-KY,28,20,8,元大-桃興,2023-02-08,9894
8261,富鼎,9,1,8,元大-桃興,2023-02-08,9894
2353,宏��,9,2,7,元大-桃興,2023-02-08,9894
00885,富邦越南,7,0,7,元大-桃興,2023-02-08,9894
6279,胡連,9,2,7,元大-桃興,2023-02-08,9894
6411,晶焱,11,4,7,元大-桃興,2023-02-08,9894
6546,正基,8,1,7,元大-桃興,2023-02-08,9894
2881,富邦金,17,11,6,元大-桃興,2023-02-08,9894
2344,華邦電,187,37,150,元大-桃興,2023-02-09,9894
00632R,元大台灣50反1,122,17,105,元大-桃興,2023-02-09,9894
2367,燿華,104,0,104,元大-桃興,2023-02-09,9894
00885,富邦越南,52,0,52,元大-桃興,2023-02-09,9894
00680L,元大美債20正2,42,0,42,元大-桃興,2023-02-09,9894
4931,新盛力,65,24,41,元大-桃興,2023-02-09,9894
00637L,元大滬深300正2,42,6,36,元大-桃興,2023-02-09,9894
00878,國泰永續高股息,36,0,36,元大-桃興,2023-02-09,9894
3049,精金,30,0,30,元大-桃興,2023-02-09,9894
00900,富邦特選高股息30,26,0,26,元大-桃興,2023-02-09,9894
1701,中化,29,4,25,元大-桃興,2023-02-09,9894
2603,長榮,24,1,23,元大-桃興,2023-02-09,9894
2013,中鋼構,22,0,22,元大-桃興,2023-02-09,9894
8996,高力,65,43,22,元大-桃興,2023-02-09,9894
2002,中鋼,22,0,22,元大-桃興,2023-02-09,9894
1409,新纖,21,0,21,元大-桃興,2023-02-09,9894
3714,富采,31,11,20,元大-桃興,2023-02-09,9894
2388,威盛,37,19,18,元大-桃興,2023-02-09,9894
1453,大將,18,0,18,元大-桃興,2023-02-09,9894
2498,宏達電,49,31,18,元大-桃興,2023-02-09,9894
00772B,中信高評級公司債,17,0,17,元大-桃興,2023-02-09,9894
3231,緯創,25,9,16,元大-桃興,2023-02-09,9894
5353,台林,15,0,15,元大-桃興,2023-02-09,9894
4915,致伸,18,4,14,元大-桃興,2023-02-09,9894
4763,材料-KY,17,4,13,元大-桃興,2023-02-09,9894
3357,臺慶科,14,1,13,元大-桃興,2023-02-09,9894
2413,環科,13,0,13,元大-桃興,2023-02-09,9894
00673R,期元大S＆P原油反1,13,1,12,元大-桃興,2023-02-09,9894
3034,聯詠,17,5,12,元大-桃興,2023-02-09,9894
3508,位速,13,1,12,元大-桃興,2023-02-09,9894
2383,台光電,12,0,12,元大-桃興,2023-02-09,9894
4130,健亞,24,14,10,元大-桃興,2023-02-09,9894
1591,駿吉-KY,10,0,10,元大-桃興,2023-02-09,9894
2897,王道銀行,10,0,10,元大-桃興,2023-02-09,9894
6129,普誠,42,32,10,元大-桃興,2023-02-09,9894
4128,中天,10,0,10,元大-桃興,2023-02-09,9894
2327,國巨,12,2,10,元大-桃興,2023-02-09,9894
6469,大樹,11,2,9,元大-桃興,2023-02-09,9894
00720B,元大投資級公司債,9,0,9,元大-桃興,2023-02-09,9894
6147,頎邦,10,1,9,元大-桃興,2023-02-09,9894
6278,台表科,8,0,8,元大-桃興,2023-02-09,9894
6213,聯茂,8,0,8,元大-桃興,2023-02-09,9894
00665L,富邦�琤肭磪囓�2,7,0,7,元大-桃興,2023-02-09,9894
9910,豐泰,7,0,7,元大-桃興,2023-02-09,9894
2355,敬鵬,7,0,7,元大-桃興,2023-02-09,9894
6215,和椿,12,5,7,元大-桃興,2023-02-09,9894
2618,長榮航,12,6,6,元大-桃興,2023-02-09,9894
6182,合晶,14,8,6,元大-桃興,2023-02-09,9894
3501,維熹,6,0,6,元大-桃興,2023-02-09,9894
6279,胡連,8,2,6,元大-桃興,2023-02-09,9894
00878,國泰永續高股息,151,1,150,元大-桃興,2023-02-10,9894
2344,華邦電,119,5,114,元大-桃興,2023-02-10,9894
00632R,元大台灣50反1,121,24,97,元大-桃興,2023-02-10,9894
4114,健喬,98,17,81,元大-桃興,2023-02-10,9894
6509,聚和,59,2,57,元大-桃興,2023-02-10,9894
6113,亞矽,50,0,50,元大-桃興,2023-02-10,9894
2634,漢翔,94,45,49,元大-桃興,2023-02-10,9894
00753L,中信中國50正2,41,1,40,元大-桃興,2023-02-10,9894
2812,台中銀,40,1,39,元大-桃興,2023-02-10,9894
2885,元大金,35,0,35,元大-桃興,2023-02-10,9894
5353,台林,40,8,32,元大-桃興,2023-02-10,9894
2618,長榮航,118,86,32,元大-桃興,2023-02-10,9894
6741,91APP*-KY,30,0,30,元大-桃興,2023-02-10,9894
6282,康舒,71,42,29,元大-桃興,2023-02-10,9894
3046,建��,29,0,29,元大-桃興,2023-02-10,9894
2355,敬鵬,28,0,28,元大-桃興,2023-02-10,9894
00772B,中信高評級公司債,26,0,26,元大-桃興,2023-02-10,9894
3624,光頡,30,5,25,元大-桃興,2023-02-10,9894
00712,復華富時不動產,23,0,23,元大-桃興,2023-02-10,9894
2610,華航,26,4,22,元大-桃興,2023-02-10,9894
6770,力積電,33,12,21,元大-桃興,2023-02-10,9894
2353,宏��,39,18,21,元大-桃興,2023-02-10,9894
6116,彩晶,31,11,20,元大-桃興,2023-02-10,9894
3512,皇龍,20,0,20,元大-桃興,2023-02-10,9894
2603,長榮,24,4,20,元大-桃興,2023-02-10,9894
2368,金像電,30,11,19,元大-桃興,2023-02-10,9894
0056,元大高股息,19,0,19,元大-桃興,2023-02-10,9894
2498,宏達電,75,57,18,元大-桃興,2023-02-10,9894
1605,華新,46,28,18,元大-桃興,2023-02-10,9894
8227,巨有科技,36,18,18,元大-桃興,2023-02-10,9894
3479,安勤,25,7,18,元大-桃興,2023-02-10,9894
2484,希華,20,2,18,元大-桃興,2023-02-10,9894
00751B,元大AAA至A公司債,17,0,17,元大-桃興,2023-02-10,9894
2409,友達,19,2,17,元大-桃興,2023-02-10,9894
2884,玉山金,18,3,15,元大-桃興,2023-02-10,9894
3047,訊舟,15,0,15,元大-桃興,2023-02-10,9894
2405,輔信,17,2,15,元大-桃興,2023-02-10,9894
5009,榮剛,24,9,15,元大-桃興,2023-02-10,9894
3049,精金,20,5,15,元大-桃興,2023-02-10,9894
6443,元晶,22,8,14,元大-桃興,2023-02-10,9894
2609,陽明,30,16,14,元大-桃興,2023-02-10,9894
3374,精材,19,5,14,元大-桃興,2023-02-10,9894
1810,和成,21,7,14,元大-桃興,2023-02-10,9894
2723,美食-KY,15,1,14,元大-桃興,2023-02-10,9894
00773B,中信優先金融債,14,0,14,元大-桃興,2023-02-10,9894
2453,凌群,30,16,14,元大-桃興,2023-02-10,9894
2201,裕隆,36,22,14,元大-桃興,2023-02-10,9894
1701,中化,14,1,13,元大-桃興,2023-02-10,9894
6153,嘉聯益,12,0,12,元大-桃興,2023-02-10,9894
5258,虹堡,13,1,12,元大-桃興,2023-02-10,9894
00632R,元大台灣50反1,615,61,554,元大-桃興,2023-02-13,9894
00878,國泰永續高股息,114,31,83,元大-桃興,2023-02-13,9894
2610,華航,75,17,58,元大-桃興,2023-02-13,9894
00772B,中信高評級公司債,57,0,57,元大-桃興,2023-02-13,9894
1514,亞力,57,3,54,元大-桃興,2023-02-13,9894
1701,中化,56,3,53,元大-桃興,2023-02-13,9894
6116,彩晶,73,30,43,元大-桃興,2023-02-13,9894
00673R,期元大S＆P原油反1,42,0,42,元大-桃興,2023-02-13,9894
2409,友達,51,10,41,元大-桃興,2023-02-13,9894
8349,�矬�,36,0,36,元大-桃興,2023-02-13,9894
3481,群創,45,10,35,元大-桃興,2023-02-13,9894
00679B,元大美債20年,26,0,26,元大-桃興,2023-02-13,9894
2897,王道銀行,28,2,26,元大-桃興,2023-02-13,9894
2102,泰豐,22,0,22,元大-桃興,2023-02-13,9894
8033,雷虎,23,2,21,元大-桃興,2023-02-13,9894
3512,皇龍,20,0,20,元大-桃興,2023-02-13,9894
1409,新纖,20,0,20,元大-桃興,2023-02-13,9894
2884,玉山金,33,13,20,元大-桃興,2023-02-13,9894
2303,聯電,23,4,19,元大-桃興,2023-02-13,9894
6443,元晶,21,2,19,元大-桃興,2023-02-13,9894
2634,漢翔,31,12,19,元大-桃興,2023-02-13,9894
4106,雃博,16,0,16,元大-桃興,2023-02-13,9894
1752,南光,19,3,16,元大-桃興,2023-02-13,9894
2867,三商壽,15,0,15,元大-桃興,2023-02-13,9894
2355,敬鵬,15,0,15,元大-桃興,2023-02-13,9894
3189,景碩,15,0,15,元大-桃興,2023-02-13,9894
3227,原相,13,0,13,元大-桃興,2023-02-13,9894
1810,和成,17,5,12,元大-桃興,2023-02-13,9894
00751B,元大AAA至A公司債,12,0,12,元大-桃興,2023-02-13,9894
3710,連展投控,13,1,12,元大-桃興,2023-02-13,9894
6235,華孚,24,13,11,元大-桃興,2023-02-13,9894
2359,所羅門,11,0,11,元大-桃興,2023-02-13,9894
4979,華星光,11,0,11,元大-桃興,2023-02-13,9894
2603,長榮,26,16,10,元大-桃興,2023-02-13,9894
00881,國泰台灣5G+,10,0,10,元大-桃興,2023-02-13,9894
1471,首利,10,0,10,元大-桃興,2023-02-13,9894
6223,旺矽,10,0,10,元大-桃興,2023-02-13,9894
5203,訊連,10,1,9,元大-桃興,2023-02-13,9894
1605,華新,16,8,8,元大-桃興,2023-02-13,9894
1513,中興電,20,12,8,元大-桃興,2023-02-13,9894
2633,台灣高鐵,8,0,8,元大-桃興,2023-02-13,9894
3494,誠研,9,1,8,元大-桃興,2023-02-13,9894
5347,世界,11,3,8,元大-桃興,2023-02-13,9894
5014,建錩,10,2,8,元大-桃興,2023-02-13,9894
3050,鈺德,8,0,8,元大-桃興,2023-02-13,9894
2364,倫飛,12,4,8,元大-桃興,2023-02-13,9894
2002,中鋼,11,3,8,元大-桃興,2023-02-13,9894
00720B,元大投資級公司債,7,0,7,元大-桃興,2023-02-13,9894
0056,元大高股息,8,1,7,元大-桃興,2023-02-13,9894
3037,欣興,9,2,7,元大-桃興,2023-02-13,9894
00632R,元大台灣50反1,281,5,276,元大-桃興,2023-02-14,9894
00878,國泰永續高股息,180,64,116,元大-桃興,2023-02-14,9894
2354,鴻準,75,0,75,元大-桃興,2023-02-14,9894
1444,力麗,60,0,60,元大-桃興,2023-02-14,9894
2393,億光,52,0,52,元大-桃興,2023-02-14,9894
4114,健喬,79,32,47,元大-桃興,2023-02-14,9894
6235,華孚,40,7,33,元大-桃興,2023-02-14,9894
8996,高力,44,14,30,元大-桃興,2023-02-14,9894
2610,華航,68,39,29,元大-桃興,2023-02-14,9894
2405,輔信,25,0,25,元大-桃興,2023-02-14,9894
2406,國碩,25,2,23,元大-桃興,2023-02-14,9894
2515,中工,22,0,22,元大-桃興,2023-02-14,9894
2884,玉山金,24,3,21,元大-桃興,2023-02-14,9894
3290,東浦,20,0,20,元大-桃興,2023-02-14,9894
2312,金寶,20,0,20,元大-桃興,2023-02-14,9894
00676R,富邦臺灣加權反1,20,0,20,元大-桃興,2023-02-14,9894
00753L,中信中國50正2,20,1,19,元大-桃興,2023-02-14,9894
3260,威剛,39,21,18,元大-桃興,2023-02-14,9894
2883,凱基金,16,0,16,元大-桃興,2023-02-14,9894
2486,一詮,14,0,14,元大-桃興,2023-02-14,9894
5351,鈺創,18,4,14,元大-桃興,2023-02-14,9894
2009,第一銅,34,22,12,元大-桃興,2023-02-14,9894
00882,中信中國高股息,12,0,12,元大-桃興,2023-02-14,9894
4743,合一,13,2,11,元大-桃興,2023-02-14,9894
1515,力山,10,0,10,元大-桃興,2023-02-14,9894
3592,瑞鼎,10,0,10,元大-桃興,2023-02-14,9894
2027,大成鋼,13,3,10,元大-桃興,2023-02-14,9894
2465,麗臺,10,0,10,元大-桃興,2023-02-14,9894
00720B,元大投資級公司債,9,0,9,元大-桃興,2023-02-14,9894
2453,凌群,81,72,9,元大-桃興,2023-02-14,9894
0050,元大台灣50,12,4,8,元大-桃興,2023-02-14,9894
2023,燁輝,8,0,8,元大-桃興,2023-02-14,9894
8033,雷虎,8,0,8,元大-桃興,2023-02-14,9894
2492,華新科,13,5,8,元大-桃興,2023-02-14,9894
2618,長榮航,37,29,8,元大-桃興,2023-02-14,9894
2364,倫飛,8,1,7,元大-桃興,2023-02-14,9894
00679B,元大美債20年,7,0,7,元大-桃興,2023-02-14,9894
4995,晶達,7,0,7,元大-桃興,2023-02-14,9894
4747,強生,10,3,7,元大-桃興,2023-02-14,9894
8222,寶一,45,38,7,元大-桃興,2023-02-14,9894
00673R,期元大S＆P原油反1,7,0,7,元大-桃興,2023-02-14,9894
00885,富邦越南,6,0,6,元大-桃興,2023-02-14,9894
4938,和碩,7,1,6,元大-桃興,2023-02-14,9894
2609,陽明,20,14,6,元大-桃興,2023-02-14,9894
3512,皇龍,6,0,6,元大-桃興,2023-02-14,9894
4979,華星光,12,6,6,元大-桃興,2023-02-14,9894
2230,泰茂,7,1,6,元大-桃興,2023-02-14,9894
4162,智擎,5,0,5,元大-桃興,2023-02-14,9894
3141,晶宏,7,2,5,元大-桃興,2023-02-14,9894
1319,東陽,5,0,5,元大-桃興,2023-02-14,9894
00878,國泰永續高股息,402,59,343,元大-桃興,2023-02-15,9894
2883,凱基金,34,0,34,元大-桃興,2023-02-15,9894
6443,元晶,33,0,33,元大-桃興,2023-02-15,9894
00637L,元大滬深300正2,30,0,30,元大-桃興,2023-02-15,9894
2337,旺宏,29,0,29,元大-桃興,2023-02-15,9894
3707,漢磊,28,0,28,元大-桃興,2023-02-15,9894
8033,雷虎,25,1,24,元大-桃興,2023-02-15,9894
6550,北極星藥業-KY,22,1,21,元大-桃興,2023-02-15,9894
1529,樂事綠能,22,1,21,元大-桃興,2023-02-15,9894
0050,元大台灣50,29,8,21,元大-桃興,2023-02-15,9894
00641R,富邦日本反1,20,0,20,元大-桃興,2023-02-15,9894
2603,長榮,31,12,19,元大-桃興,2023-02-15,9894
00679B,元大美債20年,18,1,17,元大-桃興,2023-02-15,9894
6217,中探針,20,3,17,元大-桃興,2023-02-15,9894
3141,晶宏,16,0,16,元大-桃興,2023-02-15,9894
2354,鴻準,15,0,15,元大-桃興,2023-02-15,9894
3508,位速,15,0,15,元大-桃興,2023-02-15,9894
2330,台積電,25,11,14,元大-桃興,2023-02-15,9894
2885,元大金,14,0,14,元大-桃興,2023-02-15,9894
2906,高林,13,0,13,元大-桃興,2023-02-15,9894
5347,世界,16,3,13,元大-桃興,2023-02-15,9894
2834,臺企銀,12,0,12,元大-桃興,2023-02-15,9894
3710,連展投控,20,8,12,元大-桃興,2023-02-15,9894
00905,FT臺灣Smart,12,0,12,元大-桃興,2023-02-15,9894
6278,台表科,11,0,11,元大-桃興,2023-02-15,9894
1605,華新,26,16,10,元大-桃興,2023-02-15,9894
00882,中信中國高股息,10,0,10,元大-桃興,2023-02-15,9894
00706L,期元大S＆P日圓正2,10,0,10,元大-桃興,2023-02-15,9894
3260,威剛,11,1,10,元大-桃興,2023-02-15,9894
3290,東浦,10,0,10,元大-桃興,2023-02-15,9894
3066,李洲,10,0,10,元大-桃興,2023-02-15,9894
2206,三陽工業,36,26,10,元大-桃興,2023-02-15,9894
2344,華邦電,29,19,10,元大-桃興,2023-02-15,9894
2009,第一銅,11,2,9,元大-桃興,2023-02-15,9894
3236,千如,10,1,9,元大-桃興,2023-02-15,9894
2887,台新金,9,1,8,元大-桃興,2023-02-15,9894
1342,八貫,11,3,8,元大-桃興,2023-02-15,9894
2450,神腦,8,0,8,元大-桃興,2023-02-15,9894
2891,中信金,8,0,8,元大-桃興,2023-02-15,9894
2615,萬海,9,2,7,元大-桃興,2023-02-15,9894
00751B,元大AAA至A公司債,7,0,7,元大-桃興,2023-02-15,9894
3594,磐儀,11,4,7,元大-桃興,2023-02-15,9894
8940,新天地,7,0,7,元大-桃興,2023-02-15,9894
2033,佳大,7,0,7,元大-桃興,2023-02-15,9894
3540,曜越,11,4,7,元大-桃興,2023-02-15,9894
2230,泰茂,9,3,6,元大-桃興,2023-02-15,9894
9939,宏全,6,0,6,元大-桃興,2023-02-15,9894
3049,精金,6,0,6,元大-桃興,2023-02-15,9894
6174,安��,6,0,6,元大-桃興,2023-02-15,9894
2313,華通,11,5,6,元大-桃興,2023-02-15,9894
00632R,元大台灣50反1,255,20,235,元大-桃興,2023-02-16,9894
00878,國泰永續高股息,156,54,102,元大-桃興,2023-02-16,9894
00679B,元大美債20年,72,1,71,元大-桃興,2023-02-16,9894
1605,華新,129,66,63,元大-桃興,2023-02-16,9894
1514,亞力,71,11,60,元大-桃興,2023-02-16,9894
3710,連展投控,48,7,41,元大-桃興,2023-02-16,9894
8033,雷虎,42,1,41,元大-桃興,2023-02-16,9894
00676R,富邦臺灣加權反1,30,0,30,元大-桃興,2023-02-16,9894
00673R,期元大S＆P原油反1,40,11,29,元大-桃興,2023-02-16,9894
00772B,中信高評級公司債,29,0,29,元大-桃興,2023-02-16,9894
2002,中鋼,27,3,24,元大-桃興,2023-02-16,9894
6257,矽格,22,0,22,元大-桃興,2023-02-16,9894
2903,遠百,20,0,20,元大-桃興,2023-02-16,9894
2393,億光,20,0,20,元大-桃興,2023-02-16,9894
6472,保瑞,20,0,20,元大-桃興,2023-02-16,9894
3479,安勤,20,1,19,元大-桃興,2023-02-16,9894
6182,合晶,21,3,18,元大-桃興,2023-02-16,9894
2498,宏達電,36,18,18,元大-桃興,2023-02-16,9894
2211,長榮鋼,17,0,17,元大-桃興,2023-02-16,9894
00687B,國泰20年美債,16,0,16,元大-桃興,2023-02-16,9894
3058,立德,16,2,14,元大-桃興,2023-02-16,9894
8086,宏捷科,14,0,14,元大-桃興,2023-02-16,9894
6806,森崴能源,18,4,14,元大-桃興,2023-02-16,9894
6443,元晶,30,17,13,元大-桃興,2023-02-16,9894
00885,富邦越南,18,6,12,元大-桃興,2023-02-16,9894
4564,元翎,12,0,12,元大-桃興,2023-02-16,9894
00671R,富邦NASDAQ反1,12,0,12,元大-桃興,2023-02-16,9894
6153,嘉聯益,12,0,12,元大-桃興,2023-02-16,9894
2889,國票金,12,0,12,元大-桃興,2023-02-16,9894
00650L,復華香港正2,12,0,12,元大-桃興,2023-02-16,9894
2027,大成鋼,12,0,12,元大-桃興,2023-02-16,9894
3454,晶睿,15,3,12,元大-桃興,2023-02-16,9894
2329,華泰,11,0,11,元大-桃興,2023-02-16,9894
1709,和益,12,1,11,元大-桃興,2023-02-16,9894
00900,富邦特選高股息30,11,0,11,元大-桃興,2023-02-16,9894
2702,華園,14,3,11,元大-桃興,2023-02-16,9894
6197,佳必琪,10,0,10,元大-桃興,2023-02-16,9894
5512,力麒,10,0,10,元大-桃興,2023-02-16,9894
00706L,期元大S＆P日圓正2,10,0,10,元大-桃興,2023-02-16,9894
2354,鴻準,20,10,10,元大-桃興,2023-02-16,9894
00720B,元大投資級公司債,10,0,10,元大-桃興,2023-02-16,9894
9136,巨騰-DR,10,0,10,元大-桃興,2023-02-16,9894
2489,瑞軒,12,3,9,元大-桃興,2023-02-16,9894
1519,華城,19,10,9,元大-桃興,2023-02-16,9894
8183,精星,10,1,9,元大-桃興,2023-02-16,9894
3006,晶豪科,23,14,9,元大-桃興,2023-02-16,9894
3207,耀勝,12,3,9,元大-桃興,2023-02-16,9894
3264,欣銓,8,0,8,元大-桃興,2023-02-16,9894
4967,十銓,8,1,7,元大-桃興,2023-02-16,9894
6138,茂達,7,0,7,元大-桃興,2023-02-16,9894
2344,華邦電,133,13,120,元大-桃興,2023-02-17,9894
00878,國泰永續高股息,108,3,105,元大-桃興,2023-02-17,9894
6120,達運,100,5,95,元大-桃興,2023-02-17,9894
8222,寶一,114,40,74,元大-桃興,2023-02-17,9894
00631L,元大台灣50正2,70,0,70,元大-桃興,2023-02-17,9894
2618,長榮航,96,27,69,元大-桃興,2023-02-17,9894
8996,高力,88,31,57,元大-桃興,2023-02-17,9894
00679B,元大美債20年,48,0,48,元大-桃興,2023-02-17,9894
00772B,中信高評級公司債,43,0,43,元大-桃興,2023-02-17,9894
2610,華航,106,66,40,元大-桃興,2023-02-17,9894
2889,國票金,40,0,40,元大-桃興,2023-02-17,9894
1605,華新,83,47,36,元大-桃興,2023-02-17,9894
6139,亞翔,30,0,30,元大-桃興,2023-02-17,9894
8046,南電,38,11,27,元大-桃興,2023-02-17,9894
3058,立德,27,0,27,元大-桃興,2023-02-17,9894
0056,元大高股息,27,3,24,元大-桃興,2023-02-17,9894
2367,燿華,24,0,24,元大-桃興,2023-02-17,9894
00893,國泰智能電動車,36,12,24,元大-桃興,2023-02-17,9894
00753L,中信中國50正2,23,0,23,元大-桃興,2023-02-17,9894
2884,玉山金,26,5,21,元大-桃興,2023-02-17,9894
8261,富鼎,20,0,20,元大-桃興,2023-02-17,9894
6104,創惟,26,7,19,元大-桃興,2023-02-17,9894
9910,豐泰,18,0,18,元大-桃興,2023-02-17,9894
5425,台半,30,12,18,元大-桃興,2023-02-17,9894
00773B,中信優先金融債,17,0,17,元大-桃興,2023-02-17,9894
2867,三商壽,16,0,16,元大-桃興,2023-02-17,9894
2609,陽明,15,0,15,元大-桃興,2023-02-17,9894
00882,中信中國高股息,15,0,15,元大-桃興,2023-02-17,9894
3207,耀勝,21,7,14,元大-桃興,2023-02-17,9894
6443,元晶,24,10,14,元大-桃興,2023-02-17,9894
2450,神腦,13,0,13,元大-桃興,2023-02-17,9894
00751B,元大AAA至A公司債,13,0,13,元大-桃興,2023-02-17,9894
2705,六福,15,2,13,元大-桃興,2023-02-17,9894
2354,鴻準,12,0,12,元大-桃興,2023-02-17,9894
8358,金居,12,1,11,元大-桃興,2023-02-17,9894
6689,伊雲谷,11,0,11,元大-桃興,2023-02-17,9894
6550,北極星藥業-KY,11,0,11,元大-桃興,2023-02-17,9894
0050,元大台灣50,11,1,10,元大-桃興,2023-02-17,9894
6472,保瑞,10,0,10,元大-桃興,2023-02-17,9894
6279,胡連,10,0,10,元大-桃興,2023-02-17,9894
4919,新唐,27,18,9,元大-桃興,2023-02-17,9894
1810,和成,27,18,9,元大-桃興,2023-02-17,9894
8183,精星,12,3,9,元大-桃興,2023-02-17,9894
3141,晶宏,10,1,9,元大-桃興,2023-02-17,9894
3374,精材,10,1,9,元大-桃興,2023-02-17,9894
2330,台積電,11,2,9,元大-桃興,2023-02-17,9894
6202,盛群,9,1,8,元大-桃興,2023-02-17,9894
3661,世芯-KY,8,0,8,元大-桃興,2023-02-17,9894
00715L,期街口布蘭特正2,8,0,8,元大-桃興,2023-02-17,9894
2731,雄獅,9,1,8,元大-桃興,2023-02-17,9894
00893,國泰智能電動車,51,0,51,元大-桃興,2023-02-20,9894
2349,錸德,50,0,50,元大-桃興,2023-02-20,9894
00885,富邦越南,50,2,48,元大-桃興,2023-02-20,9894
2607,榮運,45,0,45,元大-桃興,2023-02-20,9894
3706,神達,40,0,40,元大-桃興,2023-02-20,9894
9958,世紀鋼,44,5,39,元大-桃興,2023-02-20,9894
4114,健喬,52,13,39,元大-桃興,2023-02-20,9894
00715L,期街口布蘭特正2,38,0,38,元大-桃興,2023-02-20,9894
2401,凌陽,35,4,31,元大-桃興,2023-02-20,9894
8222,寶一,30,1,29,元大-桃興,2023-02-20,9894
00632R,元大台灣50反1,26,0,26,元大-桃興,2023-02-20,9894
6282,康舒,27,2,25,元大-桃興,2023-02-20,9894
8358,金居,28,4,24,元大-桃興,2023-02-20,9894
2890,永豐金,22,0,22,元大-桃興,2023-02-20,9894
3062,建漢,25,4,21,元大-桃興,2023-02-20,9894
2368,金像電,26,6,20,元大-桃興,2023-02-20,9894
2618,長榮航,125,106,19,元大-桃興,2023-02-20,9894
3037,欣興,22,4,18,元大-桃興,2023-02-20,9894
3224,三顧,21,3,18,元大-桃興,2023-02-20,9894
2892,第一金,20,2,18,元大-桃興,2023-02-20,9894
3704,合勤控,20,3,17,元大-桃興,2023-02-20,9894
1504,東元,27,11,16,元大-桃興,2023-02-20,9894
2801,彰銀,20,4,16,元大-桃興,2023-02-20,9894
2317,鴻海,17,2,15,元大-桃興,2023-02-20,9894
2329,華泰,20,5,15,元大-桃興,2023-02-20,9894
1519,華城,43,29,14,元大-桃興,2023-02-20,9894
2610,華航,116,102,14,元大-桃興,2023-02-20,9894
6770,力積電,14,0,14,元大-桃興,2023-02-20,9894
4743,合一,29,16,13,元大-桃興,2023-02-20,9894
2883,凱基金,21,8,13,元大-桃興,2023-02-20,9894
00753L,中信中國50正2,13,0,13,元大-桃興,2023-02-20,9894
00679B,元大美債20年,12,0,12,元大-桃興,2023-02-20,9894
00902,中信電池及儲能,12,0,12,元大-桃興,2023-02-20,9894
2314,台揚,13,1,12,元大-桃興,2023-02-20,9894
5011,久陽,12,0,12,元大-桃興,2023-02-20,9894
4503,金雨,20,8,12,元大-桃興,2023-02-20,9894
4747,強生,12,0,12,元大-桃興,2023-02-20,9894
2367,燿華,18,7,11,元大-桃興,2023-02-20,9894
00637L,元大滬深300正2,22,11,11,元大-桃興,2023-02-20,9894
3673,TPK-KY,11,0,11,元大-桃興,2023-02-20,9894
2615,萬海,14,4,10,元大-桃興,2023-02-20,9894
00772B,中信高評級公司債,10,0,10,元大-桃興,2023-02-20,9894
8938,明安,10,0,10,元大-桃興,2023-02-20,9894
2034,允強,10,0,10,元大-桃興,2023-02-20,9894
2002,中鋼,12,2,10,元大-桃興,2023-02-20,9894
2701,萬企,10,0,10,元大-桃興,2023-02-20,9894
3162,精確,10,0,10,元大-桃興,2023-02-20,9894
9105,泰金寶-DR,10,0,10,元大-桃興,2023-02-20,9894
4306,炎洲,10,0,10,元大-桃興,2023-02-20,9894
4909,新復興,10,0,10,元大-桃興,2023-02-20,9894
2610,華航,183,85,98,元大-桃興,2023-02-21,9894
2618,長榮航,120,33,87,元大-桃興,2023-02-21,9894
2607,榮運,77,0,77,元大-桃興,2023-02-21,9894
5388,中磊,58,7,51,元大-桃興,2023-02-21,9894
2883,凱基金,50,0,50,元大-桃興,2023-02-21,9894
00878,國泰永續高股息,53,5,48,元大-桃興,2023-02-21,9894
4931,新盛力,57,15,42,元大-桃興,2023-02-21,9894
00632R,元大台灣50反1,52,10,42,元大-桃興,2023-02-21,9894
1810,和成,54,12,42,元大-桃興,2023-02-21,9894
8105,凌巨,42,3,39,元大-桃興,2023-02-21,9894
6118,建達,37,3,34,元大-桃興,2023-02-21,9894
1409,新纖,32,0,32,元大-桃興,2023-02-21,9894
2867,三商壽,31,0,31,元大-桃興,2023-02-21,9894
1605,華新,51,20,31,元大-桃興,2023-02-21,9894
3481,群創,65,35,30,元大-桃興,2023-02-21,9894
4532,瑞智,28,1,27,元大-桃興,2023-02-21,9894
2884,玉山金,95,72,23,元大-桃興,2023-02-21,9894
00772B,中信高評級公司債,22,0,22,元大-桃興,2023-02-21,9894
1108,幸福,23,2,21,元大-桃興,2023-02-21,9894
1437,勤益控,21,0,21,元大-桃興,2023-02-21,9894
2880,華南金,21,0,21,元大-桃興,2023-02-21,9894
2208,台船,28,8,20,元大-桃興,2023-02-21,9894
6139,亞翔,20,0,20,元大-桃興,2023-02-21,9894
2613,中櫃,20,0,20,元大-桃興,2023-02-21,9894
5512,力麒,20,0,20,元大-桃興,2023-02-21,9894
3491,昇達科,20,2,18,元大-桃興,2023-02-21,9894
2498,宏達電,67,51,16,元大-桃興,2023-02-21,9894
3594,磐儀,41,26,15,元大-桃興,2023-02-21,9894
3356,奇偶,15,0,15,元大-桃興,2023-02-21,9894
00725B,國泰投資級公司債,15,0,15,元大-桃興,2023-02-21,9894
2892,第一金,14,0,14,元大-桃興,2023-02-21,9894
1342,八貫,26,12,14,元大-桃興,2023-02-21,9894
3224,三顧,15,1,14,元大-桃興,2023-02-21,9894
2393,億光,15,2,13,元大-桃興,2023-02-21,9894
3704,合勤控,11,0,11,元大-桃興,2023-02-21,9894
2601,益航,23,12,11,元大-桃興,2023-02-21,9894
8121,越峰,12,1,11,元大-桃興,2023-02-21,9894
6016,康和證,11,0,11,元大-桃興,2023-02-21,9894
2352,佳世達,10,0,10,元大-桃興,2023-02-21,9894
2834,臺企銀,10,0,10,元大-桃興,2023-02-21,9894
3321,同泰,10,0,10,元大-桃興,2023-02-21,9894
2812,台中銀,10,0,10,元大-桃興,2023-02-21,9894
4979,華星光,20,10,10,元大-桃興,2023-02-21,9894
6191,精成科,10,0,10,元大-桃興,2023-02-21,9894
2104,國際中橡,10,0,10,元大-桃興,2023-02-21,9894
5353,台林,11,1,10,元大-桃興,2023-02-21,9894
4111,濟生,10,0,10,元大-桃興,2023-02-21,9894
8091,翔名,10,1,9,元大-桃興,2023-02-21,9894
3710,連展投控,8,0,8,元大-桃興,2023-02-21,9894
4747,強生,9,1,8,元大-桃興,2023-02-21,9894
00878,國泰永續高股息,143,41,102,元大-桃興,2023-02-22,9894
2607,榮運,64,0,64,元大-桃興,2023-02-22,9894
2498,宏達電,84,32,52,元大-桃興,2023-02-22,9894
00751B,元大AAA至A公司債,44,0,44,元大-桃興,2023-02-22,9894
1810,和成,52,16,36,元大-桃興,2023-02-22,9894
2884,玉山金,36,4,32,元大-桃興,2023-02-22,9894
2303,聯電,32,5,27,元大-桃興,2023-02-22,9894
4979,華星光,27,0,27,元大-桃興,2023-02-22,9894
6443,元晶,32,6,26,元大-桃興,2023-02-22,9894
1513,中興電,60,35,25,元大-桃興,2023-02-22,9894
6282,康舒,45,21,24,元大-桃興,2023-02-22,9894
5608,四維航,30,7,23,元大-桃興,2023-02-22,9894
3037,欣興,38,16,22,元大-桃興,2023-02-22,9894
2812,台中銀,22,0,22,元大-桃興,2023-02-22,9894
00687B,國泰20年美債,21,0,21,元大-桃興,2023-02-22,9894
3035,智原,41,21,20,元大-桃興,2023-02-22,9894
00632R,元大台灣50反1,132,112,20,元大-桃興,2023-02-22,9894
0050,元大台灣50,20,0,20,元大-桃興,2023-02-22,9894
6643,M31,21,2,19,元大-桃興,2023-02-22,9894
6770,力積電,21,3,18,元大-桃興,2023-02-22,9894
8936,國統,28,10,18,元大-桃興,2023-02-22,9894
00679B,元大美債20年,17,0,17,元大-桃興,2023-02-22,9894
6116,彩晶,55,38,17,元大-桃興,2023-02-22,9894
3058,立德,16,0,16,元大-桃興,2023-02-22,9894
2340,台亞,16,0,16,元大-桃興,2023-02-22,9894
1504,東元,15,0,15,元大-桃興,2023-02-22,9894
6142,友勁,15,0,15,元大-桃興,2023-02-22,9894
1519,華城,38,24,14,元大-桃興,2023-02-22,9894
1722,台肥,14,0,14,元大-桃興,2023-02-22,9894
2883,凱基金,14,0,14,元大-桃興,2023-02-22,9894
3596,智易,17,4,13,元大-桃興,2023-02-22,9894
00895,富邦未來車,14,1,13,元大-桃興,2023-02-22,9894
2367,燿華,30,18,12,元大-桃興,2023-02-22,9894
6469,大樹,13,1,12,元大-桃興,2023-02-22,9894
8924,大田,13,1,12,元大-桃興,2023-02-22,9894
2705,六福,13,1,12,元大-桃興,2023-02-22,9894
2618,長榮航,23,12,11,元大-桃興,2023-02-22,9894
2317,鴻海,12,1,11,元大-桃興,2023-02-22,9894
6756,威鋒電子,11,0,11,元大-桃興,2023-02-22,9894
00752,中信中國50,11,0,11,元大-桃興,2023-02-22,9894
6517,保勝光學,13,2,11,元大-桃興,2023-02-22,9894
4123,晟德,11,0,11,元大-桃興,2023-02-22,9894
00902,中信電池及儲能,11,0,11,元大-桃興,2023-02-22,9894
00753L,中信中國50正2,10,0,10,元大-桃興,2023-02-22,9894
6245,立端,10,0,10,元大-桃興,2023-02-22,9894
0056,元大高股息,13,3,10,元大-桃興,2023-02-22,9894
2352,佳世達,10,0,10,元大-桃興,2023-02-22,9894
2732,六角,10,0,10,元大-桃興,2023-02-22,9894
1522,堤維西,10,0,10,元大-桃興,2023-02-22,9894
1515,力山,10,0,10,元大-桃興,2023-02-22,9894
00900,富邦特選高股息30,429,7,422,元大-桃興,2023-02-23,9894
00632R,元大台灣50反1,110,4,106,元大-桃興,2023-02-23,9894
00885,富邦越南,94,3,91,元大-桃興,2023-02-23,9894
2607,榮運,90,2,88,元大-桃興,2023-02-23,9894
00631L,元大台灣50正2,87,0,87,元大-桃興,2023-02-23,9894
3481,群創,122,38,84,元大-桃興,2023-02-23,9894
4114,健喬,81,2,79,元大-桃興,2023-02-23,9894
8996,高力,86,20,66,元大-桃興,2023-02-23,9894
2025,千興,60,0,60,元大-桃興,2023-02-23,9894
9958,世紀鋼,48,1,47,元大-桃興,2023-02-23,9894
2617,台航,42,0,42,元大-桃興,2023-02-23,9894
2633,台灣高鐵,40,0,40,元大-桃興,2023-02-23,9894
6125,廣運,40,1,39,元大-桃興,2023-02-23,9894
6288,聯嘉,36,2,34,元大-桃興,2023-02-23,9894
2027,大成鋼,33,2,31,元大-桃興,2023-02-23,9894
2705,六福,62,32,30,元大-桃興,2023-02-23,9894
00903,富邦元宇宙,30,1,29,元大-桃興,2023-02-23,9894
6116,彩晶,52,24,28,元大-桃興,2023-02-23,9894
2457,飛宏,39,11,28,元大-桃興,2023-02-23,9894
3037,欣興,32,6,26,元大-桃興,2023-02-23,9894
2312,金寶,26,0,26,元大-桃興,2023-02-23,9894
00665L,富邦�琤肭磪囓�2,21,0,21,元大-桃興,2023-02-23,9894
00715L,期街口布蘭特正2,20,0,20,元大-桃興,2023-02-23,9894
2409,友達,28,8,20,元大-桃興,2023-02-23,9894
2610,華航,26,10,16,元大-桃興,2023-02-23,9894
3042,晶技,16,0,16,元大-桃興,2023-02-23,9894
3094,聯傑,19,3,16,元大-桃興,2023-02-23,9894
00642U,期元大S＆P石油,15,0,15,元大-桃興,2023-02-23,9894
2538,基泰,15,0,15,元大-桃興,2023-02-23,9894
2618,長榮航,17,3,14,元大-桃興,2023-02-23,9894
00720B,元大投資級公司債,14,0,14,元大-桃興,2023-02-23,9894
5009,榮剛,28,15,13,元大-桃興,2023-02-23,9894
1108,幸福,22,9,13,元大-桃興,2023-02-23,9894
3058,立德,21,8,13,元大-桃興,2023-02-23,9894
00676R,富邦臺灣加權反1,12,0,12,元大-桃興,2023-02-23,9894
1514,亞力,24,12,12,元大-桃興,2023-02-23,9894
2712,遠雄來,15,3,12,元大-桃興,2023-02-23,9894
8076,伍豐,12,0,12,元大-桃興,2023-02-23,9894
00773B,中信優先金融債,11,0,11,元大-桃興,2023-02-23,9894
00633L,富邦上証正2,11,0,11,元大-桃興,2023-02-23,9894
3576,聯合再生,10,0,10,元大-桃興,2023-02-23,9894
3491,昇達科,10,0,10,元大-桃興,2023-02-23,9894
2010,春源,10,0,10,元大-桃興,2023-02-23,9894
2836,高雄銀,10,0,10,元大-桃興,2023-02-23,9894
1785,光洋科,10,0,10,元大-桃興,2023-02-23,9894
6197,佳必琪,10,0,10,元大-桃興,2023-02-23,9894
00780B,國泰A級金融債,10,0,10,元大-桃興,2023-02-23,9894
3714,富采,11,1,10,元大-桃興,2023-02-23,9894
3705,永信,10,0,10,元大-桃興,2023-02-23,9894
3711,日月光投控,10,0,10,元大-桃興,2023-02-23,9894
2888,新光金,210,14,196,元大-桃興,2023-02-24,9894
2399,映泰,120,3,117,元大-桃興,2023-02-24,9894
2812,台中銀,105,1,104,元大-桃興,2023-02-24,9894
00637L,元大滬深300正2,91,5,86,元大-桃興,2023-02-24,9894
2618,長榮航,64,4,60,元大-桃興,2023-02-24,9894
6282,康舒,57,3,54,元大-桃興,2023-02-24,9894
0056,元大高股息,61,15,46,元大-桃興,2023-02-24,9894
1514,亞力,44,1,43,元大-桃興,2023-02-24,9894
3037,欣興,53,14,39,元大-桃興,2023-02-24,9894
2317,鴻海,38,3,35,元大-桃興,2023-02-24,9894
3706,神達,31,0,31,元大-桃興,2023-02-24,9894
3017,奇鋐,43,12,31,元大-桃興,2023-02-24,9894
2801,彰銀,30,0,30,元大-桃興,2023-02-24,9894
00878,國泰永續高股息,61,34,27,元大-桃興,2023-02-24,9894
2736,富野,31,5,26,元大-桃興,2023-02-24,9894
4747,強生,30,4,26,元大-桃興,2023-02-24,9894
4107,邦特,25,0,25,元大-桃興,2023-02-24,9894
2834,臺企銀,30,7,23,元大-桃興,2023-02-24,9894
2303,聯電,23,3,20,元大-桃興,2023-02-24,9894
2482,連宇,24,4,20,元大-桃興,2023-02-24,9894
00633L,富邦上証正2,19,0,19,元大-桃興,2023-02-24,9894
2027,大成鋼,18,0,18,元大-桃興,2023-02-24,9894
2388,威盛,63,45,18,元大-桃興,2023-02-24,9894
2323,中環,18,1,17,元大-桃興,2023-02-24,9894
2230,泰茂,28,12,16,元大-桃興,2023-02-24,9894
00902,中信電池及儲能,15,0,15,元大-桃興,2023-02-24,9894
2014,中鴻,23,8,15,元大-桃興,2023-02-24,9894
2337,旺宏,15,0,15,元大-桃興,2023-02-24,9894
6443,元晶,18,3,15,元大-桃興,2023-02-24,9894
2607,榮運,22,7,15,元大-桃興,2023-02-24,9894
00725B,國泰投資級公司債,15,0,15,元大-桃興,2023-02-24,9894
8033,雷虎,21,7,14,元大-桃興,2023-02-24,9894
2354,鴻準,15,2,13,元大-桃興,2023-02-24,9894
2886,兆豐金,14,1,13,元大-桃興,2023-02-24,9894
6531,愛普*,16,3,13,元大-桃興,2023-02-24,9894
6469,大樹,27,14,13,元大-桃興,2023-02-24,9894
2611,志信,35,23,12,元大-桃興,2023-02-24,9894
6756,威鋒電子,12,0,12,元大-桃興,2023-02-24,9894
4960,誠美材,15,4,11,元大-桃興,2023-02-24,9894
8074,鉅橡,11,0,11,元大-桃興,2023-02-24,9894
5258,虹堡,61,50,11,元大-桃興,2023-02-24,9894
3207,耀勝,11,0,11,元大-桃興,2023-02-24,9894
6411,晶焱,12,2,10,元大-桃興,2023-02-24,9894
6266,泰詠,12,2,10,元大-桃興,2023-02-24,9894
2748,雲品,24,14,10,元大-桃興,2023-02-24,9894
2603,長榮,20,10,10,元大-桃興,2023-02-24,9894
1409,新纖,10,0,10,元大-桃興,2023-02-24,9894
6109,亞元,10,0,10,元大-桃興,2023-02-24,9894
5701,劍湖山,10,0,10,元大-桃興,2023-02-24,9894
2374,佳能,10,0,10,元大-桃興,2023-02-24,9894
2354,鴻準,208,3,205,元大-桃興,2023-03-01,9894
2881,富邦金,118,0,118,元大-桃興,2023-03-01,9894
00878,國泰永續高股息,111,0,111,元大-桃興,2023-03-01,9894
2607,榮運,103,0,103,元大-桃興,2023-03-01,9894
1605,華新,145,56,89,元大-桃興,2023-03-01,9894
1444,力麗,60,6,54,元大-桃興,2023-03-01,9894
6139,亞翔,76,22,54,元大-桃興,2023-03-01,9894
2002,中鋼,44,4,40,元大-桃興,2023-03-01,9894
00712,復華富時不動產,37,0,37,元大-桃興,2023-03-01,9894
2891,中信金,38,0,38,元大-桃興,2023-03-01,9894
2344,華邦電,37,0,37,元大-桃興,2023-03-01,9894
2882,國泰金,37,1,36,元大-桃興,2023-03-01,9894
3481,群創,42,7,35,元大-桃興,2023-03-01,9894
00676R,富邦臺灣加權反1,50,15,35,元大-桃興,2023-03-01,9894
2885,元大金,37,5,32,元大-桃興,2023-03-01,9894
2609,陽明,59,29,30,元大-桃興,2023-03-01,9894
2618,長榮航,65,35,30,元大-桃興,2023-03-01,9894
2014,中鴻,43,14,29,元大-桃興,2023-03-01,9894
2419,仲琦,32,3,29,元大-桃興,2023-03-01,9894
2610,華航,31,3,28,元大-桃興,2023-03-01,9894
1513,中興電,32,5,27,元大-桃興,2023-03-01,9894
1210,大成,29,2,27,元大-桃興,2023-03-01,9894
5608,四維航,100,75,25,元大-桃興,2023-03-01,9894
2634,漢翔,23,0,23,元大-桃興,2023-03-01,9894
6257,矽格,30,8,22,元大-桃興,2023-03-01,9894
8936,國統,26,4,22,元大-桃興,2023-03-01,9894
2613,中櫃,22,0,22,元大-桃興,2023-03-01,9894
00653L,富邦印度正2,20,0,20,元大-桃興,2023-03-01,9894
00885,富邦越南,18,0,18,元大-桃興,2023-03-01,9894
9945,潤泰新,15,0,15,元大-桃興,2023-03-01,9894
2025,千興,15,0,15,元大-桃興,2023-03-01,9894
2498,宏達電,35,21,14,元大-桃興,2023-03-01,9894
1108,幸福,16,2,14,元大-桃興,2023-03-01,9894
8916,光隆,15,2,13,元大-桃興,2023-03-01,9894
3231,緯創,15,2,13,元大-桃興,2023-03-01,9894
1314,中石化,13,0,13,元大-桃興,2023-03-01,9894
1720,生達,12,0,12,元大-桃興,2023-03-01,9894
2883,凱基金,11,0,11,元大-桃興,2023-03-01,9894
2884,玉山金,14,3,11,元大-桃興,2023-03-01,9894
6235,華孚,13,2,11,元大-桃興,2023-03-01,9894
6531,愛普*,27,16,11,元大-桃興,2023-03-01,9894
4114,健喬,20,9,11,元大-桃興,2023-03-01,9894
00907,永豐優息存股,11,0,11,元大-桃興,2023-03-01,9894
0050,元大台灣50,12,2,10,元大-桃興,2023-03-01,9894
6443,元晶,14,4,10,元大-桃興,2023-03-01,9894
6140,訊達,10,0,10,元大-桃興,2023-03-01,9894
6155,鈞寶,10,0,10,元大-桃興,2023-03-01,9894
2390,云辰,10,0,10,元大-桃興,2023-03-01,9894
2606,裕民,10,0,10,元大-桃興,2023-03-01,9894
00665L,富邦�琤肭磪囓�2,10,0,10,元大-桃興,2023-03-01,9894
2887,台新金,148,4,144,元大-桃興,2023-03-02,9894
00878,國泰永續高股息,156,15,141,元大-桃興,2023-03-02,9894
2303,聯電,102,7,95,元大-桃興,2023-03-02,9894
2354,鴻準,72,0,72,元大-桃興,2023-03-02,9894
3481,群創,100,31,69,元大-桃興,2023-03-02,9894
8050,廣積,68,17,51,元大-桃興,2023-03-02,9894
8112,至上,49,5,44,元大-桃興,2023-03-02,9894
1605,華新,119,75,44,元大-桃興,2023-03-02,9894
2812,台中銀,43,1,42,元大-桃興,2023-03-02,9894
1108,幸福,40,0,40,元大-桃興,2023-03-02,9894
00751B,元大AAA至A公司債,33,0,33,元大-桃興,2023-03-02,9894
6288,聯嘉,33,2,31,元大-桃興,2023-03-02,9894
2886,兆豐金,24,0,24,元大-桃興,2023-03-02,9894
00903,富邦元宇宙,24,0,24,元大-桃興,2023-03-02,9894
2453,凌群,25,2,23,元大-桃興,2023-03-02,9894
3162,精確,27,4,23,元大-桃興,2023-03-02,9894
2641,正德,25,3,22,元大-桃興,2023-03-02,9894
00712,復華富時不動產,22,0,22,元大-桃興,2023-03-02,9894
00653L,富邦印度正2,20,0,20,元大-桃興,2023-03-02,9894
4974,亞泰,20,0,20,元大-桃興,2023-03-02,9894
3324,雙鴻,19,0,19,元大-桃興,2023-03-02,9894
6469,大樹,18,0,18,元大-桃興,2023-03-02,9894
00632R,元大台灣50反1,21,3,18,元大-桃興,2023-03-02,9894
6235,華孚,44,27,17,元大-桃興,2023-03-02,9894
2739,寒舍,18,1,17,元大-桃興,2023-03-02,9894
2605,新興,73,56,17,元大-桃興,2023-03-02,9894
1215,卜蜂,19,3,16,元大-桃興,2023-03-02,9894
4155,訊映,15,0,15,元大-桃興,2023-03-02,9894
2888,新光金,14,0,14,元大-桃興,2023-03-02,9894
3027,盛達,23,9,14,元大-桃興,2023-03-02,9894
2337,旺宏,16,2,14,元大-桃興,2023-03-02,9894
00713,元大台灣高息低波,12,0,12,元大-桃興,2023-03-02,9894
6576,逸達,12,0,12,元大-桃興,2023-03-02,9894
6456,GIS-KY,12,0,12,元大-桃興,2023-03-02,9894
00772B,中信高評級公司債,11,0,11,元大-桃興,2023-03-02,9894
2892,第一金,11,0,11,元大-桃興,2023-03-02,9894
1471,首利,11,0,11,元大-桃興,2023-03-02,9894
6155,鈞寶,13,2,11,元大-桃興,2023-03-02,9894
6290,良維,13,2,11,元大-桃興,2023-03-02,9894
3022,威強電,13,2,11,元大-桃興,2023-03-02,9894
1342,八貫,11,1,10,元大-桃興,2023-03-02,9894
00679B,元大美債20年,10,0,10,元大-桃興,2023-03-02,9894
2488,漢平,10,0,10,元大-桃興,2023-03-02,9894
1304,台聚,10,0,10,元大-桃興,2023-03-02,9894
00893,國泰智能電動車,12,2,10,元大-桃興,2023-03-02,9894
00670L,富邦NASDAQ正2,10,0,10,元大-桃興,2023-03-02,9894
6153,嘉聯益,10,0,10,元大-桃興,2023-03-02,9894
5471,松翰,10,0,10,元大-桃興,2023-03-02,9894
00650L,復華香港正2,10,0,10,元大-桃興,2023-03-02,9894
5464,霖宏,11,1,10,元大-桃興,2023-03-02,9894
00632R,元大台灣50反1,587,100,487,元大-桃興,2023-03-03,9894
2888,新光金,173,10,163,元大-桃興,2023-03-03,9894
2845,遠東銀,87,1,86,元大-桃興,2023-03-03,9894
1312,國喬,60,0,60,元大-桃興,2023-03-03,9894
2834,臺企銀,52,3,49,元大-桃興,2023-03-03,9894
00885,富邦越南,45,0,45,元大-桃興,2023-03-03,9894
2892,第一金,43,0,43,元大-桃興,2023-03-03,9894
1605,華新,75,34,41,元大-桃興,2023-03-03,9894
2482,連宇,36,2,34,元大-桃興,2023-03-03,9894
2618,長榮航,32,5,27,元大-桃興,2023-03-03,9894
00676R,富邦臺灣加權反1,25,0,25,元大-桃興,2023-03-03,9894
3027,盛達,36,12,24,元大-桃興,2023-03-03,9894
3207,耀勝,28,5,23,元大-桃興,2023-03-03,9894
2498,宏達電,34,12,22,元大-桃興,2023-03-03,9894
1752,南光,35,13,22,元大-桃興,2023-03-03,9894
6139,亞翔,23,1,22,元大-桃興,2023-03-03,9894
2023,燁輝,22,0,22,元大-桃興,2023-03-03,9894
1802,台玻,21,0,21,元大-桃興,2023-03-03,9894
3714,富采,22,2,20,元大-桃興,2023-03-03,9894
2897,王道銀行,23,3,20,元大-桃興,2023-03-03,9894
2607,榮運,23,4,19,元大-桃興,2023-03-03,9894
8105,凌巨,30,12,18,元大-桃興,2023-03-03,9894
1217,愛之味,34,16,18,元大-桃興,2023-03-03,9894
9907,統一實,19,1,18,元大-桃興,2023-03-03,9894
00712,復華富時不動產,17,0,17,元大-桃興,2023-03-03,9894
1760,寶齡富錦,20,3,17,元大-桃興,2023-03-03,9894
2610,華航,24,7,17,元大-桃興,2023-03-03,9894
2606,裕民,19,2,17,元大-桃興,2023-03-03,9894
2883,凱基金,19,2,17,元大-桃興,2023-03-03,9894
5351,鈺創,23,7,16,元大-桃興,2023-03-03,9894
2637,慧洋-KY,18,3,15,元大-桃興,2023-03-03,9894
6550,北極星藥業-KY,15,0,15,元大-桃興,2023-03-03,9894
1513,中興電,23,8,15,元大-桃興,2023-03-03,9894
6411,晶焱,18,4,14,元大-桃興,2023-03-03,9894
2393,億光,14,0,14,元大-桃興,2023-03-03,9894
00772B,中信高評級公司債,14,0,14,元大-桃興,2023-03-03,9894
4979,華星光,17,5,12,元大-桃興,2023-03-03,9894
2327,國巨,13,1,12,元大-桃興,2023-03-03,9894
6469,大樹,11,0,11,元大-桃興,2023-03-03,9894
2867,三商壽,21,10,11,元大-桃興,2023-03-03,9894
00720B,元大投資級公司債,10,0,10,元大-桃興,2023-03-03,9894
9105,泰金寶-DR,10,0,10,元大-桃興,2023-03-03,9894
1444,力麗,10,0,10,元大-桃興,2023-03-03,9894
2913,農林,10,0,10,元大-桃興,2023-03-03,9894
5426,振發,10,0,10,元大-桃興,2023-03-03,9894
4121,優盛,10,0,10,元大-桃興,2023-03-03,9894
8110,華東,10,0,10,元大-桃興,2023-03-03,9894
4960,誠美材,15,5,10,元大-桃興,2023-03-03,9894
00882,中信中國高股息,10,0,10,元大-桃興,2023-03-03,9894
4919,新唐,15,6,9,元大-桃興,2023-03-03,9894
00637L,元大滬深300正2,136,15,121,元大-桃興,2023-03-06,9894
00676R,富邦臺灣加權反1,90,0,90,元大-桃興,2023-03-06,9894
4931,新盛力,54,0,54,元大-桃興,2023-03-06,9894
4426,利勤,50,0,50,元大-桃興,2023-03-06,9894
2368,金像電,64,15,49,元大-桃興,2023-03-06,9894
8110,華東,54,10,44,元大-桃興,2023-03-06,9894
6443,元晶,87,49,38,元大-桃興,2023-03-06,9894
1605,華新,65,27,38,元大-桃興,2023-03-06,9894
4979,華星光,49,17,32,元大-桃興,2023-03-06,9894
00673R,期元大S＆P原油反1,32,2,30,元大-桃興,2023-03-06,9894
2641,正德,52,22,30,元大-桃興,2023-03-06,9894
2498,宏達電,37,9,28,元大-桃興,2023-03-06,9894
5009,榮剛,30,5,25,元大-桃興,2023-03-06,9894
8096,擎亞,25,2,23,元大-桃興,2023-03-06,9894
5425,台半,30,7,23,元大-桃興,2023-03-06,9894
4164,承業醫,23,1,22,元大-桃興,2023-03-06,9894
2882,國泰金,24,3,21,元大-桃興,2023-03-06,9894
3024,憶聲,20,0,20,元大-桃興,2023-03-06,9894
2637,慧洋-KY,21,2,19,元大-桃興,2023-03-06,9894
3596,智易,19,0,19,元大-桃興,2023-03-06,9894
2610,華航,22,3,19,元大-桃興,2023-03-06,9894
3029,零壹,35,17,18,元大-桃興,2023-03-06,9894
4953,緯軟,19,2,17,元大-桃興,2023-03-06,9894
5351,鈺創,21,4,17,元大-桃興,2023-03-06,9894
1513,中興電,29,13,16,元大-桃興,2023-03-06,9894
2867,三商壽,15,0,15,元大-桃興,2023-03-06,9894
2025,千興,15,0,15,元大-桃興,2023-03-06,9894
1762,中化生,16,1,15,元大-桃興,2023-03-06,9894
2305,全友,16,2,14,元大-桃興,2023-03-06,9894
3441,聯一光,30,16,14,元大-桃興,2023-03-06,9894
00712,復華富時不動產,14,0,14,元大-桃興,2023-03-06,9894
00680L,元大美債20正2,15,1,14,元大-桃興,2023-03-06,9894
3284,太普高,13,0,13,元大-桃興,2023-03-06,9894
1752,南光,18,5,13,元大-桃興,2023-03-06,9894
3289,宜特,20,7,13,元大-桃興,2023-03-06,9894
3591,艾笛森,13,0,13,元大-桃興,2023-03-06,9894
2356,英業達,14,2,12,元大-桃興,2023-03-06,9894
5519,隆大,12,0,12,元大-桃興,2023-03-06,9894
5439,高技,23,11,12,元大-桃興,2023-03-06,9894
6138,茂達,13,2,11,元大-桃興,2023-03-06,9894
2002,中鋼,12,1,11,元大-桃興,2023-03-06,9894
4960,誠美材,10,0,10,元大-桃興,2023-03-06,9894
1584,精剛,18,8,10,元大-桃興,2023-03-06,9894
5450,南良,10,0,10,元大-桃興,2023-03-06,9894
3022,威強電,10,0,10,元大-桃興,2023-03-06,9894
6257,矽格,10,0,10,元大-桃興,2023-03-06,9894
6290,良維,10,0,10,元大-桃興,2023-03-06,9894
2367,燿華,10,1,9,元大-桃興,2023-03-06,9894
8033,雷虎,31,22,9,元大-桃興,2023-03-06,9894
6282,康舒,48,39,9,元大-桃興,2023-03-06,9894
00673R,期元大S＆P原油反1,95,2,93,元大-桃興,2023-03-07,9894
3481,群創,103,17,86,元大-桃興,2023-03-07,9894
1752,南光,80,4,76,元大-桃興,2023-03-07,9894
2354,鴻準,72,2,70,元大-桃興,2023-03-07,9894
00632R,元大台灣50反1,70,3,67,元大-桃興,2023-03-07,9894
3576,聯合再生,63,2,61,元大-桃興,2023-03-07,9894
1504,東元,66,8,58,元大-桃興,2023-03-07,9894
2888,新光金,55,3,52,元大-桃興,2023-03-07,9894
2867,三商壽,36,0,36,元大-桃興,2023-03-07,9894
2409,友達,63,28,35,元大-桃興,2023-03-07,9894
2610,華航,48,18,30,元大-桃興,2023-03-07,9894
00676R,富邦臺灣加權反1,30,0,30,元大-桃興,2023-03-07,9894
5425,台半,60,33,27,元大-桃興,2023-03-07,9894
2352,佳世達,25,1,24,元大-桃興,2023-03-07,9894
6129,普誠,25,1,24,元大-桃興,2023-03-07,9894
1524,耿鼎,20,1,19,元大-桃興,2023-03-07,9894
6548,長科*,61,42,19,元大-桃興,2023-03-07,9894
2337,旺宏,18,0,18,元大-桃興,2023-03-07,9894
3013,晟銘電,77,61,16,元大-桃興,2023-03-07,9894
2482,連宇,22,6,16,元大-桃興,2023-03-07,9894
2812,台中銀,31,17,14,元大-桃興,2023-03-07,9894
3303,岱稜,13,0,13,元大-桃興,2023-03-07,9894
8096,擎亞,13,0,13,元大-桃興,2023-03-07,9894
2471,資通,29,16,13,元大-桃興,2023-03-07,9894
2618,長榮航,24,12,12,元大-桃興,2023-03-07,9894
4743,合一,12,0,12,元大-桃興,2023-03-07,9894
1611,中電,12,0,12,元大-桃興,2023-03-07,9894
2489,瑞軒,12,0,12,元大-桃興,2023-03-07,9894
8069,元太,16,4,12,元大-桃興,2023-03-07,9894
2641,正德,16,5,11,元大-桃興,2023-03-07,9894
1701,中化,11,0,11,元大-桃興,2023-03-07,9894
3645,達邁,10,0,10,元大-桃興,2023-03-07,9894
2401,凌陽,11,1,10,元大-桃興,2023-03-07,9894
4163,鐿鈦,10,0,10,元大-桃興,2023-03-07,9894
4907,富宇,10,0,10,元大-桃興,2023-03-07,9894
2915,潤泰全,11,1,10,元大-桃興,2023-03-07,9894
5258,虹堡,16,6,10,元大-桃興,2023-03-07,9894
2736,富野,10,0,10,元大-桃興,2023-03-07,9894
2486,一詮,23,13,10,元大-桃興,2023-03-07,9894
3022,威強電,13,3,10,元大-桃興,2023-03-07,9894
6282,康舒,26,17,9,元大-桃興,2023-03-07,9894
2727,王品,10,1,9,元大-桃興,2023-03-07,9894
5475,德宏,9,0,9,元大-桃興,2023-03-07,9894
8403,盛弘,10,1,9,元大-桃興,2023-03-07,9894
4976,佳凌,12,3,9,元大-桃興,2023-03-07,9894
5351,鈺創,11,2,9,元大-桃興,2023-03-07,9894
6589,台康生技,8,0,8,元大-桃興,2023-03-07,9894
1314,中石化,8,0,8,元大-桃興,2023-03-07,9894
3518,柏騰,9,1,8,元大-桃興,2023-03-07,9894
2231,為升,9,1,8,元大-桃興,2023-03-07,9894
00631L,元大台灣50正2,100,1,99,元大-桃興,2023-03-08,9894
00878,國泰永續高股息,65,1,64,元大-桃興,2023-03-08,9894
1605,華新,100,40,60,元大-桃興,2023-03-08,9894
2890,永豐金,65,11,54,元大-桃興,2023-03-08,9894
3624,光頡,59,9,50,元大-桃興,2023-03-08,9894
2885,元大金,47,1,46,元大-桃興,2023-03-08,9894
9955,佳龍,40,0,40,元大-桃興,2023-03-08,9894
00713,元大台灣高息低波,39,0,39,元大-桃興,2023-03-08,9894
2603,長榮,37,0,37,元大-桃興,2023-03-08,9894
3264,欣銓,41,5,36,元大-桃興,2023-03-08,9894
6129,普誠,48,12,36,元大-桃興,2023-03-08,9894
5351,鈺創,53,19,34,元大-桃興,2023-03-08,9894
00715L,期街口布蘭特正2,33,2,31,元大-桃興,2023-03-08,9894
00706L,期元大S＆P日圓正2,30,0,30,元大-桃興,2023-03-08,9894
2498,宏達電,49,22,27,元大-桃興,2023-03-08,9894
6290,良維,25,0,25,元大-桃興,2023-03-08,9894
3013,晟銘電,26,4,22,元大-桃興,2023-03-08,9894
0050,元大台灣50,25,5,20,元大-桃興,2023-03-08,9894
00882,中信中國高股息,21,1,20,元大-桃興,2023-03-08,9894
00905,FT臺灣Smart,20,0,20,元大-桃興,2023-03-08,9894
4155,訊映,20,0,20,元大-桃興,2023-03-08,9894
5443,均豪,20,0,20,元大-桃興,2023-03-08,9894
4168,醣聯,20,0,20,元大-桃興,2023-03-08,9894
0056,元大高股息,32,12,20,元大-桃興,2023-03-08,9894
3207,耀勝,29,10,19,元大-桃興,2023-03-08,9894
6116,彩晶,27,10,17,元大-桃興,2023-03-08,9894
2609,陽明,24,7,17,元大-桃興,2023-03-08,9894
2344,華邦電,27,11,16,元大-桃興,2023-03-08,9894
2606,裕民,21,5,16,元大-桃興,2023-03-08,9894
00891,中信關鍵半導體,15,0,15,元大-桃興,2023-03-08,9894
2812,台中銀,17,3,14,元大-桃興,2023-03-08,9894
2497,怡利電,29,15,14,元大-桃興,2023-03-08,9894
1101,台泥,13,0,13,元大-桃興,2023-03-08,9894
5512,力麒,15,2,13,元大-桃興,2023-03-08,9894
2489,瑞軒,13,1,12,元大-桃興,2023-03-08,9894
6174,安��,12,0,12,元大-桃興,2023-03-08,9894
2883,凱基金,11,0,11,元大-桃興,2023-03-08,9894
2201,裕隆,20,9,11,元大-桃興,2023-03-08,9894
2630,亞航,11,0,11,元大-桃興,2023-03-08,9894
8936,國統,27,16,11,元大-桃興,2023-03-08,9894
2641,正德,28,17,11,元大-桃興,2023-03-08,9894
2481,強茂,17,6,11,元大-桃興,2023-03-08,9894
2615,萬海,16,5,11,元大-桃興,2023-03-08,9894
6282,康舒,23,12,11,元大-桃興,2023-03-08,9894
2607,榮運,11,0,11,元大-桃興,2023-03-08,9894
1802,台玻,11,0,11,元大-桃興,2023-03-08,9894
3362,先進光,11,1,10,元大-桃興,2023-03-08,9894
1303,南亞,10,0,10,元大-桃興,2023-03-08,9894
3712,永崴投控,11,1,10,元大-桃興,2023-03-08,9894
2929,淘帝-KY,10,0,10,元大-桃興,2023-03-08,9894
3481,群創,228,45,183,元大-桃興,2023-03-09,9894
00878,國泰永續高股息,146,28,118,元大-桃興,2023-03-09,9894
6118,建達,85,12,73,元大-桃興,2023-03-09,9894
2344,華邦電,87,26,61,元大-桃興,2023-03-09,9894
2025,千興,60,0,60,元大-桃興,2023-03-09,9894
3046,建��,69,14,55,元大-桃興,2023-03-09,9894
6133,金橋,50,0,50,元大-桃興,2023-03-09,9894
2890,永豐金,47,2,45,元大-桃興,2023-03-09,9894
2317,鴻海,39,0,39,元大-桃興,2023-03-09,9894
6217,中探針,38,0,38,元大-桃興,2023-03-09,9894
1504,東元,63,29,34,元大-桃興,2023-03-09,9894
2812,台中銀,31,0,31,元大-桃興,2023-03-09,9894
6290,良維,39,9,30,元大-桃興,2023-03-09,9894
2359,所羅門,52,24,28,元大-桃興,2023-03-09,9894
3576,聯合再生,26,0,26,元大-桃興,2023-03-09,9894
8112,至上,31,5,26,元大-桃興,2023-03-09,9894
2891,中信金,25,0,25,元大-桃興,2023-03-09,9894
6235,華孚,42,18,24,元大-桃興,2023-03-09,9894
3710,連展投控,36,12,24,元大-桃興,2023-03-09,9894
8222,寶一,101,78,23,元大-桃興,2023-03-09,9894
2497,怡利電,88,65,23,元大-桃興,2023-03-09,9894
6741,91APP*-KY,39,16,23,元大-桃興,2023-03-09,9894
1513,中興電,50,27,23,元大-桃興,2023-03-09,9894
2409,友達,29,7,22,元大-桃興,2023-03-09,9894
6223,旺矽,56,34,22,元大-桃興,2023-03-09,9894
3702,大聯大,23,1,22,元大-桃興,2023-03-09,9894
2374,佳能,22,0,22,元大-桃興,2023-03-09,9894
3207,耀勝,39,18,21,元大-桃興,2023-03-09,9894
2530,華建,20,0,20,元大-桃興,2023-03-09,9894
2736,富野,20,0,20,元大-桃興,2023-03-09,9894
3047,訊舟,19,1,18,元大-桃興,2023-03-09,9894
8105,凌巨,27,10,17,元大-桃興,2023-03-09,9894
1101,台泥,17,1,16,元大-桃興,2023-03-09,9894
00885,富邦越南,15,0,15,元大-桃興,2023-03-09,9894
9904,寶成,15,0,15,元大-桃興,2023-03-09,9894
5230,雷笛克光學,16,1,15,元大-桃興,2023-03-09,9894
2201,裕隆,27,13,14,元大-桃興,2023-03-09,9894
9105,泰金寶-DR,24,10,14,元大-桃興,2023-03-09,9894
2885,元大金,14,0,14,元大-桃興,2023-03-09,9894
00637L,元大滬深300正2,46,32,14,元大-桃興,2023-03-09,9894
5464,霖宏,13,0,13,元大-桃興,2023-03-09,9894
1402,遠東新,12,0,12,元大-桃興,2023-03-09,9894
0056,元大高股息,12,0,12,元大-桃興,2023-03-09,9894
1326,台化,12,0,12,元大-桃興,2023-03-09,9894
9962,有益,12,0,12,元大-桃興,2023-03-09,9894
3362,先進光,25,14,11,元大-桃興,2023-03-09,9894
00713,元大台灣高息低波,11,0,11,元大-桃興,2023-03-09,9894
00923,群益台ESG低碳50,11,0,11,元大-桃興,2023-03-09,9894
1528,恩德,11,0,11,元大-桃興,2023-03-09,9894
1718,中纖,11,0,11,元大-桃興,2023-03-09,9894
00878,國泰永續高股息,193,12,181,元大-桃興,2023-03-10,9894
2610,華航,212,53,159,元大-桃興,2023-03-10,9894
2887,台新金,112,0,112,元大-桃興,2023-03-10,9894
2891,中信金,85,0,85,元大-桃興,2023-03-10,9894
2344,華邦電,104,31,73,元大-桃興,2023-03-10,9894
2618,長榮航,126,59,67,元大-桃興,2023-03-10,9894
0050,元大台灣50,60,1,59,元大-桃興,2023-03-10,9894
0056,元大高股息,50,6,44,元大-桃興,2023-03-10,9894
2497,怡利電,49,5,44,元大-桃興,2023-03-10,9894
00715L,期街口布蘭特正2,46,3,43,元大-桃興,2023-03-10,9894
1513,中興電,43,5,38,元大-桃興,2023-03-10,9894
2609,陽明,233,195,38,元大-桃興,2023-03-10,9894
00923,群益台ESG低碳50,34,0,34,元大-桃興,2023-03-10,9894
2880,華南金,34,0,34,元大-桃興,2023-03-10,9894
00712,復華富時不動產,34,0,34,元大-桃興,2023-03-10,9894
8069,元太,39,6,33,元大-桃興,2023-03-10,9894
8105,凌巨,34,1,33,元大-桃興,2023-03-10,9894
2498,宏達電,58,26,32,元大-桃興,2023-03-10,9894
5353,台林,33,2,31,元大-桃興,2023-03-10,9894
00713,元大台灣高息低波,59,30,29,元大-桃興,2023-03-10,9894
3027,盛達,42,14,28,元大-桃興,2023-03-10,9894
2834,臺企銀,37,9,28,元大-桃興,2023-03-10,9894
2330,台積電,29,2,27,元大-桃興,2023-03-10,9894
2885,元大金,26,0,26,元大-桃興,2023-03-10,9894
9962,有益,29,4,25,元大-桃興,2023-03-10,9894
2641,正德,29,5,24,元大-桃興,2023-03-10,9894
1504,東元,47,23,24,元大-桃興,2023-03-10,9894
1470,大統新創,24,0,24,元大-桃興,2023-03-10,9894
2883,凱基金,24,0,24,元大-桃興,2023-03-10,9894
00753L,中信中國50正2,23,0,23,元大-桃興,2023-03-10,9894
4974,亞泰,20,0,20,元大-桃興,2023-03-10,9894
4142,國光生,29,10,19,元大-桃興,2023-03-10,9894
2328,廣宇,19,0,19,元大-桃興,2023-03-10,9894
6770,力積電,36,17,19,元大-桃興,2023-03-10,9894
2453,凌群,83,65,18,元大-桃興,2023-03-10,9894
4155,訊映,17,0,17,元大-桃興,2023-03-10,9894
6116,彩晶,48,31,17,元大-桃興,2023-03-10,9894
3441,聯一光,16,0,16,元大-桃興,2023-03-10,9894
2812,台中銀,16,1,15,元大-桃興,2023-03-10,9894
2313,華通,15,0,15,元大-桃興,2023-03-10,9894
00665L,富邦�琤肭磪囓�2,15,0,15,元大-桃興,2023-03-10,9894
2748,雲品,42,28,14,元大-桃興,2023-03-10,9894
1314,中石化,18,4,14,元大-桃興,2023-03-10,9894
6213,聯茂,14,0,14,元大-桃興,2023-03-10,9894
2881,富邦金,16,2,14,元大-桃興,2023-03-10,9894
6220,岳豐,13,0,13,元大-桃興,2023-03-10,9894
1529,樂事綠能,13,0,13,元大-桃興,2023-03-10,9894
9904,寶成,13,0,13,元大-桃興,2023-03-10,9894
9933,中鼎,12,0,12,元大-桃興,2023-03-10,9894
6129,普誠,20,8,12,元大-桃興,2023-03-10,9894
00878,國泰永續高股息,244,98,146,元大-桃興,2023-03-13,9894
00632R,元大台灣50反1,184,49,135,元大-桃興,2023-03-13,9894
2303,聯電,163,49,114,元大-桃興,2023-03-13,9894
6235,華孚,82,19,63,元大-桃興,2023-03-13,9894
00712,復華富時不動產,58,1,57,元大-桃興,2023-03-13,9894
00706L,期元大S＆P日圓正2,50,0,50,元大-桃興,2023-03-13,9894
911868,同方友友-DR,50,3,47,元大-桃興,2023-03-13,9894
8033,雷虎,40,2,38,元大-桃興,2023-03-13,9894
6116,彩晶,43,8,35,元大-桃興,2023-03-13,9894
2609,陽明,102,70,32,元大-桃興,2023-03-13,9894
2884,玉山金,27,0,27,元大-桃興,2023-03-13,9894
2369,菱生,27,0,27,元大-桃興,2023-03-13,9894
1513,中興電,41,14,27,元大-桃興,2023-03-13,9894
2867,三商壽,26,0,26,元大-桃興,2023-03-13,9894
4155,訊映,31,5,26,元大-桃興,2023-03-13,9894
2607,榮運,27,1,26,元大-桃興,2023-03-13,9894
00708L,期元大S＆P黃金正2,25,0,25,元大-桃興,2023-03-13,9894
2069,運錩,25,0,25,元大-桃興,2023-03-13,9894
2610,華航,44,20,24,元大-桃興,2023-03-13,9894
2457,飛宏,66,42,24,元大-桃興,2023-03-13,9894
6129,普誠,24,1,23,元大-桃興,2023-03-13,9894
3710,連展投控,32,10,22,元大-桃興,2023-03-13,9894
6770,力積電,30,9,21,元大-桃興,2023-03-13,9894
8936,國統,21,0,21,元大-桃興,2023-03-13,9894
8049,晶采,21,0,21,元大-桃興,2023-03-13,9894
2883,凱基金,20,0,20,元大-桃興,2023-03-13,9894
8050,廣積,20,0,20,元大-桃興,2023-03-13,9894
2880,華南金,19,0,19,元大-桃興,2023-03-13,9894
3673,TPK-KY,25,7,18,元大-桃興,2023-03-13,9894
00680L,元大美債20正2,30,12,18,元大-桃興,2023-03-13,9894
3380,明泰,21,3,18,元大-桃興,2023-03-13,9894
00713,元大台灣高息低波,23,5,18,元大-桃興,2023-03-13,9894
4157,太景*-KY,16,0,16,元大-桃興,2023-03-13,9894
2482,連宇,26,11,15,元大-桃興,2023-03-13,9894
00673R,期元大S＆P原油反1,21,7,14,元大-桃興,2023-03-13,9894
5353,台林,14,0,14,元大-桃興,2023-03-13,9894
4916,事欣科,13,0,13,元大-桃興,2023-03-13,9894
2606,裕民,12,0,12,元大-桃興,2023-03-13,9894
00882,中信中國高股息,13,2,11,元大-桃興,2023-03-13,9894
5009,榮剛,19,8,11,元大-桃興,2023-03-13,9894
3049,精金,11,0,11,元大-桃興,2023-03-13,9894
00679B,元大美債20年,11,0,11,元大-桃興,2023-03-13,9894
1314,中石化,12,1,11,元大-桃興,2023-03-13,9894
5876,上海商銀,11,0,11,元大-桃興,2023-03-13,9894
3234,光環,11,0,11,元大-桃興,2023-03-13,9894
2014,中鴻,17,7,10,元大-桃興,2023-03-13,9894
1308,亞聚,10,0,10,元大-桃興,2023-03-13,9894
2929,淘帝-KY,10,0,10,元大-桃興,2023-03-13,9894
2393,億光,10,0,10,元大-桃興,2023-03-13,9894
2891,中信金,10,0,10,元大-桃興,2023-03-13,9894
00878,國泰永續高股息,280,47,233,元大-桃興,2023-03-14,9894
00715L,期街口布蘭特正2,176,18,158,元大-桃興,2023-03-14,9894
2610,華航,151,9,142,元大-桃興,2023-03-14,9894
2834,臺企銀,123,10,113,元大-桃興,2023-03-14,9894
2618,長榮航,124,22,102,元大-桃興,2023-03-14,9894
00773B,中信優先金融債,74,0,74,元大-桃興,2023-03-14,9894
1409,新纖,71,0,71,元大-桃興,2023-03-14,9894
00632R,元大台灣50反1,106,36,70,元大-桃興,2023-03-14,9894
2609,陽明,114,45,69,元大-桃興,2023-03-14,9894
2409,友達,61,5,56,元大-桃興,2023-03-14,9894
6443,元晶,120,71,49,元大-桃興,2023-03-14,9894
1712,興農,50,2,48,元大-桃興,2023-03-14,9894
00676R,富邦臺灣加權反1,48,0,48,元大-桃興,2023-03-14,9894
2891,中信金,46,0,46,元大-桃興,2023-03-14,9894
2504,國產,45,0,45,元大-桃興,2023-03-14,9894
2880,華南金,43,0,43,元大-桃興,2023-03-14,9894
2885,元大金,43,0,43,元大-桃興,2023-03-14,9894
5905,南仁湖,40,0,40,元大-桃興,2023-03-14,9894
2883,凱基金,35,0,35,元大-桃興,2023-03-14,9894
00712,復華富時不動產,33,0,33,元大-桃興,2023-03-14,9894
6163,華電網,33,1,32,元大-桃興,2023-03-14,9894
5519,隆大,30,0,30,元大-桃興,2023-03-14,9894
00680L,元大美債20正2,30,0,30,元大-桃興,2023-03-14,9894
3481,群創,42,12,30,元大-桃興,2023-03-14,9894
00637L,元大滬深300正2,30,1,29,元大-桃興,2023-03-14,9894
2303,聯電,42,14,28,元大-桃興,2023-03-14,9894
00893,國泰智能電動車,27,1,26,元大-桃興,2023-03-14,9894
0056,元大高股息,32,7,25,元大-桃興,2023-03-14,9894
2888,新光金,25,0,25,元大-桃興,2023-03-14,9894
6129,普誠,25,0,25,元大-桃興,2023-03-14,9894
6770,力積電,35,11,24,元大-桃興,2023-03-14,9894
2607,榮運,24,0,24,元大-桃興,2023-03-14,9894
2615,萬海,43,21,22,元大-桃興,2023-03-14,9894
2344,華邦電,30,8,22,元大-桃興,2023-03-14,9894
8050,廣積,23,1,22,元大-桃興,2023-03-14,9894
8176,智捷,22,0,22,元大-桃興,2023-03-14,9894
3037,欣興,21,0,21,元大-桃興,2023-03-14,9894
3576,聯合再生,22,1,21,元大-桃興,2023-03-14,9894
00902,中信電池及儲能,21,0,21,元大-桃興,2023-03-14,9894
2812,台中銀,21,1,20,元大-桃興,2023-03-14,9894
5880,合庫金,20,0,20,元大-桃興,2023-03-14,9894
6116,彩晶,23,3,20,元大-桃興,2023-03-14,9894
8105,凌巨,20,0,20,元大-桃興,2023-03-14,9894
3591,艾笛森,20,0,20,元大-桃興,2023-03-14,9894
00882,中信中國高股息,19,0,19,元大-桃興,2023-03-14,9894
0050,元大台灣50,30,11,19,元大-桃興,2023-03-14,9894
00905,FT臺灣Smart,17,0,17,元大-桃興,2023-03-14,9894
00713,元大台灣高息低波,17,1,16,元大-桃興,2023-03-14,9894
00900,富邦特選高股息30,21,5,16,元大-桃興,2023-03-14,9894
2399,映泰,15,0,15,元大-桃興,2023-03-14,9894
00632R,元大台灣50反1,1092,12,1080,元大-桃興,2023-03-15,9894
00893,國泰智能電動車,500,151,349,元大-桃興,2023-03-15,9894
00715L,期街口布蘭特正2,291,1,290,元大-桃興,2023-03-15,9894
2834,臺企銀,169,3,166,元大-桃興,2023-03-15,9894
00878,國泰永續高股息,120,5,115,元大-桃興,2023-03-15,9894
2883,凱基金,50,2,48,元大-桃興,2023-03-15,9894
00642U,期元大S＆P石油,48,0,48,元大-桃興,2023-03-15,9894
00713,元大台灣高息低波,49,4,45,元大-桃興,2023-03-15,9894
2891,中信金,46,3,43,元大-桃興,2023-03-15,9894
1102,亞泥,41,0,41,元大-桃興,2023-03-15,9894
6509,聚和,38,0,38,元大-桃興,2023-03-15,9894
00671R,富邦NASDAQ反1,30,0,30,元大-桃興,2023-03-15,9894
1504,東元,54,25,29,元大-桃興,2023-03-15,9894
00712,復華富時不動產,29,0,29,元大-桃興,2023-03-15,9894
2606,裕民,33,5,28,元大-桃興,2023-03-15,9894
2399,映泰,34,7,27,元大-桃興,2023-03-15,9894
2481,強茂,28,3,25,元大-桃興,2023-03-15,9894
5519,隆大,30,5,25,元大-桃興,2023-03-15,9894
1314,中石化,23,0,23,元大-桃興,2023-03-15,9894
9904,寶成,23,0,23,元大-桃興,2023-03-15,9894
2607,榮運,38,16,22,元大-桃興,2023-03-15,9894
1409,新纖,21,0,21,元大-桃興,2023-03-15,9894
3209,全科,21,1,20,元大-桃興,2023-03-15,9894
00692,富邦公司治理,20,0,20,元大-桃興,2023-03-15,9894
4938,和碩,20,0,20,元大-桃興,2023-03-15,9894
2408,南亞科,20,0,20,元大-桃興,2023-03-15,9894
00637L,元大滬深300正2,18,0,18,元大-桃興,2023-03-15,9894
4128,中天,17,0,17,元大-桃興,2023-03-15,9894
8936,國統,18,2,16,元大-桃興,2023-03-15,9894
2641,正德,20,4,16,元大-桃興,2023-03-15,9894
1101,台泥,16,1,15,元大-桃興,2023-03-15,9894
2476,鉅祥,20,6,14,元大-桃興,2023-03-15,9894
2867,三商壽,14,0,14,元大-桃興,2023-03-15,9894
00751B,元大AAA至A公司債,14,0,14,元大-桃興,2023-03-15,9894
6189,豐藝,14,0,14,元大-桃興,2023-03-15,9894
8050,廣積,15,1,14,元大-桃興,2023-03-15,9894
2323,中環,13,0,13,元大-桃興,2023-03-15,9894
2618,長榮航,48,35,13,元大-桃興,2023-03-15,9894
8358,金居,12,0,12,元大-桃興,2023-03-15,9894
2884,玉山金,13,2,11,元大-桃興,2023-03-15,9894
2615,萬海,24,13,11,元大-桃興,2023-03-15,9894
5608,四維航,39,28,11,元大-桃興,2023-03-15,9894
4934,太極,15,4,11,元大-桃興,2023-03-15,9894
3138,耀登,10,0,10,元大-桃興,2023-03-15,9894
4979,華星光,14,4,10,元大-桃興,2023-03-15,9894
00773B,中信優先金融債,10,0,10,元大-桃興,2023-03-15,9894
1513,中興電,17,7,10,元大-桃興,2023-03-15,9894
4157,太景*-KY,10,0,10,元大-桃興,2023-03-15,9894
5512,力麒,10,0,10,元大-桃興,2023-03-15,9894
2337,旺宏,10,0,10,元大-桃興,2023-03-15,9894
00715L,期街口布蘭特正2,359,48,311,元大-桃興,2023-03-16,9894
2834,臺企銀,482,237,245,元大-桃興,2023-03-16,9894
2609,陽明,222,25,197,元大-桃興,2023-03-16,9894
00878,國泰永續高股息,153,2,151,元大-桃興,2023-03-16,9894
6244,茂迪,102,5,97,元大-桃興,2023-03-16,9894
0056,元大高股息,99,5,94,元大-桃興,2023-03-16,9894
00642U,期元大S＆P石油,73,2,71,元大-桃興,2023-03-16,9894
2618,長榮航,75,6,69,元大-桃興,2023-03-16,9894
2891,中信金,68,18,50,元大-桃興,2023-03-16,9894
2888,新光金,57,12,45,元大-桃興,2023-03-16,9894
1314,中石化,54,10,44,元大-桃興,2023-03-16,9894
2603,長榮,123,81,42,元大-桃興,2023-03-16,9894
2880,華南金,41,1,40,元大-桃興,2023-03-16,9894
2915,潤泰全,40,0,40,元大-桃興,2023-03-16,9894
00713,元大台灣高息低波,40,0,40,元大-桃興,2023-03-16,9894
2607,榮運,36,0,36,元大-桃興,2023-03-16,9894
6220,岳豐,35,0,35,元大-桃興,2023-03-16,9894
2211,長榮鋼,30,0,30,元大-桃興,2023-03-16,9894
2884,玉山金,39,9,30,元大-桃興,2023-03-16,9894
4128,中天,37,8,29,元大-桃興,2023-03-16,9894
1101,台泥,28,0,28,元大-桃興,2023-03-16,9894
2547,日勝生,27,0,27,元大-桃興,2023-03-16,9894
1409,新纖,26,0,26,元大-桃興,2023-03-16,9894
2457,飛宏,43,18,25,元大-桃興,2023-03-16,9894
3049,精金,25,0,25,元大-桃興,2023-03-16,9894
5515,建國,25,0,25,元大-桃興,2023-03-16,9894
00673R,期元大S＆P原油反1,40,17,23,元大-桃興,2023-03-16,9894
0050,元大台灣50,24,1,23,元大-桃興,2023-03-16,9894
3532,台勝科,30,8,22,元大-桃興,2023-03-16,9894
3046,建��,33,12,21,元大-桃興,2023-03-16,9894
2885,元大金,22,3,19,元大-桃興,2023-03-16,9894
3481,群創,104,85,19,元大-桃興,2023-03-16,9894
00712,復華富時不動產,18,0,18,元大-桃興,2023-03-16,9894
2313,華通,20,3,17,元大-桃興,2023-03-16,9894
8086,宏捷科,17,0,17,元大-桃興,2023-03-16,9894
2883,凱基金,24,7,17,元大-桃興,2023-03-16,9894
3056,富華新,22,6,16,元大-桃興,2023-03-16,9894
6535,順藥,16,0,16,元大-桃興,2023-03-16,9894
2399,映泰,21,5,16,元大-桃興,2023-03-16,9894
8358,金居,21,5,16,元大-桃興,2023-03-16,9894
5351,鈺創,32,16,16,元大-桃興,2023-03-16,9894
8050,廣積,19,3,16,元大-桃興,2023-03-16,9894
6147,頎邦,15,0,15,元大-桃興,2023-03-16,9894
2504,國產,15,0,15,元大-桃興,2023-03-16,9894
2025,千興,15,0,15,元大-桃興,2023-03-16,9894
2882,國泰金,20,5,15,元大-桃興,2023-03-16,9894
2606,裕民,17,3,14,元大-桃興,2023-03-16,9894
00900,富邦特選高股息30,14,0,14,元大-桃興,2023-03-16,9894
00637L,元大滬深300正2,17,5,12,元大-桃興,2023-03-16,9894
3027,盛達,13,1,12,元大-桃興,2023-03-16,9894
00632R,元大台灣50反1,1052,43,1009,元大-桃興,2023-03-17,9894
2891,中信金,181,33,148,元大-桃興,2023-03-17,9894
2881,富邦金,145,23,122,元大-桃興,2023-03-17,9894
2880,華南金,118,0,118,元大-桃興,2023-03-17,9894
00715L,期街口布蘭特正2,78,10,68,元大-桃興,2023-03-17,9894
2834,臺企銀,73,10,63,元大-桃興,2023-03-17,9894
00642U,期元大S＆P石油,42,1,41,元大-桃興,2023-03-17,9894
00878,國泰永續高股息,50,12,38,元大-桃興,2023-03-17,9894
2888,新光金,35,1,34,元大-桃興,2023-03-17,9894
2014,中鴻,30,0,30,元大-桃興,2023-03-17,9894
4979,華星光,50,20,30,元大-桃興,2023-03-17,9894
00713,元大台灣高息低波,29,0,29,元大-桃興,2023-03-17,9894
3481,群創,78,51,27,元大-桃興,2023-03-17,9894
00679B,元大美債20年,24,0,24,元大-桃興,2023-03-17,9894
9904,寶成,24,0,24,元大-桃興,2023-03-17,9894
00902,中信電池及儲能,23,0,23,元大-桃興,2023-03-17,9894
2344,華邦電,27,5,22,元大-桃興,2023-03-17,9894
00671R,富邦NASDAQ反1,21,0,21,元大-桃興,2023-03-17,9894
5880,合庫金,20,0,20,元大-桃興,2023-03-17,9894
00680L,元大美債20正2,20,0,20,元大-桃興,2023-03-17,9894
2618,長榮航,24,5,19,元大-桃興,2023-03-17,9894
2610,華航,30,13,17,元大-桃興,2023-03-17,9894
2338,光罩,19,3,16,元大-桃興,2023-03-17,9894
2438,翔耀,15,0,15,元大-桃興,2023-03-17,9894
1609,大亞,20,5,15,元大-桃興,2023-03-17,9894
6122,擎邦,16,2,14,元大-桃興,2023-03-17,9894
2495,普安,20,6,14,元大-桃興,2023-03-17,9894
8016,矽創,15,1,14,元大-桃興,2023-03-17,9894
2884,玉山金,13,0,13,元大-桃興,2023-03-17,9894
3209,全科,13,0,13,元大-桃興,2023-03-17,9894
6235,華孚,80,67,13,元大-桃興,2023-03-17,9894
3035,智原,20,8,12,元大-桃興,2023-03-17,9894
6116,彩晶,22,10,12,元大-桃興,2023-03-17,9894
1319,東陽,12,0,12,元大-桃興,2023-03-17,9894
8088,品安,12,0,12,元大-桃興,2023-03-17,9894
0056,元大高股息,12,1,11,元大-桃興,2023-03-17,9894
00687B,國泰20年美債,11,0,11,元大-桃興,2023-03-17,9894
00664R,國泰臺灣加權反1,11,0,11,元大-桃興,2023-03-17,9894
00773B,中信優先金融債,11,0,11,元大-桃興,2023-03-17,9894
2883,凱基金,15,4,11,元大-桃興,2023-03-17,9894
2845,遠東銀,10,0,10,元大-桃興,2023-03-17,9894
00712,復華富時不動產,10,0,10,元大-桃興,2023-03-17,9894
00650L,復華香港正2,10,0,10,元大-桃興,2023-03-17,9894
3675,德微,11,1,10,元大-桃興,2023-03-17,9894
00676R,富邦臺灣加權反1,10,0,10,元大-桃興,2023-03-17,9894
2637,慧洋-KY,10,0,10,元大-桃興,2023-03-17,9894
2427,三商電,16,6,10,元大-桃興,2023-03-17,9894
2885,元大金,13,3,10,元大-桃興,2023-03-17,9894
9945,潤泰新,10,1,9,元大-桃興,2023-03-17,9894
2606,裕民,9,0,9,元大-桃興,2023-03-17,9894
00772B,中信高評級公司債,2314,0,2314,元大-桃興,2023-03-20,9894
00878,國泰永續高股息,83,10,73,元大-桃興,2023-03-20,9894
00715L,期街口布蘭特正2,71,2,69,元大-桃興,2023-03-20,9894
00637L,元大滬深300正2,75,10,65,元大-桃興,2023-03-20,9894
00882,中信中國高股息,48,0,48,元大-桃興,2023-03-20,9894
8033,雷虎,41,0,41,元大-桃興,2023-03-20,9894
2427,三商電,40,0,40,元大-桃興,2023-03-20,9894
5465,富驊,40,0,40,元大-桃興,2023-03-20,9894
2739,寒舍,40,0,40,元大-桃興,2023-03-20,9894
3576,聯合再生,76,36,40,元大-桃興,2023-03-20,9894
00902,中信電池及儲能,37,0,37,元大-桃興,2023-03-20,9894
2330,台積電,32,1,31,元大-桃興,2023-03-20,9894
2882,國泰金,31,1,30,元大-桃興,2023-03-20,9894
00633L,富邦上証正2,28,0,28,元大-桃興,2023-03-20,9894
4919,新唐,28,2,26,元大-桃興,2023-03-20,9894
4977,眾達-KY,26,0,26,元大-桃興,2023-03-20,9894
00642U,期元大S＆P石油,33,8,25,元大-桃興,2023-03-20,9894
3162,精確,25,0,25,元大-桃興,2023-03-20,9894
8064,東捷,24,0,24,元大-桃興,2023-03-20,9894
6715,嘉基,23,0,23,元大-桃興,2023-03-20,9894
3141,晶宏,21,0,21,元大-桃興,2023-03-20,9894
1605,華新,31,10,21,元大-桃興,2023-03-20,9894
00885,富邦越南,21,1,20,元大-桃興,2023-03-20,9894
6244,茂迪,100,80,20,元大-桃興,2023-03-20,9894
2399,映泰,21,1,20,元大-桃興,2023-03-20,9894
2368,金像電,22,2,20,元大-桃興,2023-03-20,9894
6163,華電網,47,27,20,元大-桃興,2023-03-20,9894
2881,富邦金,18,0,18,元大-桃興,2023-03-20,9894
2892,第一金,26,10,16,元大-桃興,2023-03-20,9894
2888,新光金,17,3,14,元大-桃興,2023-03-20,9894
2883,凱基金,14,0,14,元大-桃興,2023-03-20,9894
6213,聯茂,13,0,13,元大-桃興,2023-03-20,9894
2317,鴻海,14,2,12,元大-桃興,2023-03-20,9894
3481,群創,32,21,11,元大-桃興,2023-03-20,9894
3432,台端,11,0,11,元大-桃興,2023-03-20,9894
2408,南亞科,11,0,11,元大-桃興,2023-03-20,9894
3058,立德,11,0,11,元大-桃興,2023-03-20,9894
5880,合庫金,10,0,10,元大-桃興,2023-03-20,9894
2884,玉山金,10,0,10,元大-桃興,2023-03-20,9894
1101,台泥,10,0,10,元大-桃興,2023-03-20,9894
4976,佳凌,10,0,10,元大-桃興,2023-03-20,9894
2413,環科,10,0,10,元大-桃興,2023-03-20,9894
1409,新纖,10,0,10,元大-桃興,2023-03-20,9894
2221,大甲,10,0,10,元大-桃興,2023-03-20,9894
1467,南緯,10,0,10,元大-桃興,2023-03-20,9894
4973,廣穎,10,0,10,元大-桃興,2023-03-20,9894
2645,長榮航太,10,0,10,元大-桃興,2023-03-20,9894
00893,國泰智能電動車,12,3,9,元大-桃興,2023-03-20,9894
2353,宏��,12,3,9,元大-桃興,2023-03-20,9894
3035,智原,16,7,9,元大-桃興,2023-03-20,9894
00772B,中信高評級公司債,99,0,99,元大-桃興,2023-03-21,9894
3624,光頡,65,4,61,元大-桃興,2023-03-21,9894
2302,麗正,57,4,53,元大-桃興,2023-03-21,9894
00885,富邦越南,34,0,34,元大-桃興,2023-03-21,9894
6116,彩晶,183,150,33,元大-桃興,2023-03-21,9894
1529,樂事綠能,33,3,30,元大-桃興,2023-03-21,9894
2610,華航,33,8,25,元大-桃興,2023-03-21,9894
3576,聯合再生,24,0,24,元大-桃興,2023-03-21,9894
2453,凌群,54,30,24,元大-桃興,2023-03-21,9894
2313,華通,25,1,24,元大-桃興,2023-03-21,9894
00878,國泰永續高股息,59,36,23,元大-桃興,2023-03-21,9894
6531,愛普*,39,16,23,元大-桃興,2023-03-21,9894
00712,復華富時不動產,23,0,23,元大-桃興,2023-03-21,9894
3481,群創,124,102,22,元大-桃興,2023-03-21,9894
8033,雷虎,23,1,22,元大-桃興,2023-03-21,9894
2891,中信金,22,1,21,元大-桃興,2023-03-21,9894
5371,中光電,25,4,21,元大-桃興,2023-03-21,9894
8936,國統,23,2,21,元大-桃興,2023-03-21,9894
6799,來頡,22,2,20,元大-桃興,2023-03-21,9894
6163,華電網,27,7,20,元大-桃興,2023-03-21,9894
2230,泰茂,30,11,19,元大-桃興,2023-03-21,9894
3037,欣興,38,18,20,元大-桃興,2023-03-21,9894
2609,陽明,21,3,18,元大-桃興,2023-03-21,9894
3512,皇龍,18,1,17,元大-桃興,2023-03-21,9894
1519,華城,38,22,16,元大-桃興,2023-03-21,9894
1611,中電,17,1,16,元大-桃興,2023-03-21,9894
6143,振曜,17,2,15,元大-桃興,2023-03-21,9894
00891,中信關鍵半導體,15,0,15,元大-桃興,2023-03-21,9894
2303,聯電,23,8,15,元大-桃興,2023-03-21,9894
2388,威盛,32,19,13,元大-桃興,2023-03-21,9894
2449,京元電子,30,18,12,元大-桃興,2023-03-21,9894
4934,太極,14,2,12,元大-桃興,2023-03-21,9894
2409,友達,13,1,12,元大-桃興,2023-03-21,9894
00738U,期元大道瓊白銀,12,0,12,元大-桃興,2023-03-21,9894
00713,元大台灣高息低波,11,0,11,元大-桃興,2023-03-21,9894
0056,元大高股息,16,5,11,元大-桃興,2023-03-21,9894
1522,堤維西,12,1,11,元大-桃興,2023-03-21,9894
6191,精成科,15,4,11,元大-桃興,2023-03-21,9894
3094,聯傑,15,4,11,元大-桃興,2023-03-21,9894
00902,中信電池及儲能,11,0,11,元大-桃興,2023-03-21,9894
2206,三陽工業,11,0,11,元大-桃興,2023-03-21,9894
5425,台半,15,5,10,元大-桃興,2023-03-21,9894
2882,國泰金,18,8,10,元大-桃興,2023-03-21,9894
2301,光寶科,10,0,10,元大-桃興,2023-03-21,9894
1447,力鵬,10,0,10,元大-桃興,2023-03-21,9894
1309,台達化,10,0,10,元大-桃興,2023-03-21,9894
1569,濱川,10,0,10,元大-桃興,2023-03-21,9894
2022,聚亨,10,0,10,元大-桃興,2023-03-21,9894
3163,波若威,10,0,10,元大-桃興,2023-03-21,9894
1720,生達,10,0,10,元大-桃興,2023-03-21,9894
00632R,元大台灣50反1,474,50,424,元大-桃興,2023-03-22,9894
2607,榮運,148,0,148,元大-桃興,2023-03-22,9894
00676R,富邦臺灣加權反1,135,0,135,元大-桃興,2023-03-22,9894
6443,元晶,91,25,66,元大-桃興,2023-03-22,9894
2641,正德,59,0,59,元大-桃興,2023-03-22,9894
1217,愛之味,56,0,56,元大-桃興,2023-03-22,9894
00885,富邦越南,55,0,55,元大-桃興,2023-03-22,9894
1529,樂事綠能,126,78,48,元大-桃興,2023-03-22,9894
1316,上曜,47,4,43,元大-桃興,2023-03-22,9894
3481,群創,95,53,42,元大-桃興,2023-03-22,9894
2637,慧洋-KY,41,0,41,元大-桃興,2023-03-22,9894
00679B,元大美債20年,38,0,38,元大-桃興,2023-03-22,9894
3013,晟銘電,51,15,36,元大-桃興,2023-03-22,9894
4960,誠美材,36,2,34,元大-桃興,2023-03-22,9894
6163,華電網,45,16,29,元大-桃興,2023-03-22,9894
1513,中興電,34,6,28,元大-桃興,2023-03-22,9894
2388,威盛,37,9,28,元大-桃興,2023-03-22,9894
2606,裕民,31,5,26,元大-桃興,2023-03-22,9894
6129,普誠,46,21,25,元大-桃興,2023-03-22,9894
5425,台半,59,34,25,元大-桃興,2023-03-22,9894
00772B,中信高評級公司債,24,0,24,元大-桃興,2023-03-22,9894
1229,聯華,21,0,21,元大-桃興,2023-03-22,9894
8358,金居,20,1,19,元大-桃興,2023-03-22,9894
00631L,元大台灣50正2,26,7,19,元大-桃興,2023-03-22,9894
3380,明泰,19,1,18,元大-桃興,2023-03-22,9894
8996,高力,18,0,18,元大-桃興,2023-03-22,9894
3231,緯創,47,30,17,元大-桃興,2023-03-22,9894
8150,南茂,19,2,17,元大-桃興,2023-03-22,9894
2399,映泰,32,16,16,元大-桃興,2023-03-22,9894
3289,宜特,17,1,16,元大-桃興,2023-03-22,9894
2486,一詮,20,4,16,元大-桃興,2023-03-22,9894
2603,長榮,15,0,15,元大-桃興,2023-03-22,9894
1785,光洋科,15,0,15,元大-桃興,2023-03-22,9894
8049,晶采,15,0,15,元大-桃興,2023-03-22,9894
4306,炎洲,16,1,15,元大-桃興,2023-03-22,9894
00688L,國泰20年美債正2,15,0,15,元大-桃興,2023-03-22,9894
6261,久元,16,1,15,元大-桃興,2023-03-22,9894
4934,太極,21,7,14,元大-桃興,2023-03-22,9894
2645,長榮航太,14,0,14,元大-桃興,2023-03-22,9894
00637L,元大滬深300正2,20,6,14,元大-桃興,2023-03-22,9894
2344,華邦電,14,0,14,元大-桃興,2023-03-22,9894
3576,聯合再生,21,7,14,元大-桃興,2023-03-22,9894
3036,文曄,13,0,13,元大-桃興,2023-03-22,9894
2457,飛宏,36,24,12,元大-桃興,2023-03-22,9894
1305,華夏,12,0,12,元大-桃興,2023-03-22,9894
00715L,期街口布蘭特正2,14,2,12,元大-桃興,2023-03-22,9894
8033,雷虎,14,3,11,元大-桃興,2023-03-22,9894
5347,世界,11,0,11,元大-桃興,2023-03-22,9894
6122,擎邦,17,6,11,元大-桃興,2023-03-22,9894
3545,敦泰,12,1,11,元大-桃興,2023-03-22,9894
00632R,元大台灣50反1,481,50,431,元大-桃興,2023-03-23,9894
00900,富邦特選高股息30,187,0,187,元大-桃興,2023-03-23,9894
3481,群創,192,66,126,元大-桃興,2023-03-23,9894
00676R,富邦臺灣加權反1,120,0,120,元大-桃興,2023-03-23,9894
2303,聯電,118,14,104,元大-桃興,2023-03-23,9894
2607,榮運,78,1,77,元大-桃興,2023-03-23,9894
2605,新興,44,8,36,元大-桃興,2023-03-23,9894
4906,正文,30,0,30,元大-桃興,2023-03-23,9894
6129,普誠,31,1,30,元大-桃興,2023-03-23,9894
3628,盈正,31,2,29,元大-桃興,2023-03-23,9894
2609,陽明,50,22,28,元大-桃興,2023-03-23,9894
2603,長榮,42,14,28,元大-桃興,2023-03-23,9894
4960,誠美材,25,0,25,元大-桃興,2023-03-23,9894
2368,金像電,26,3,23,元大-桃興,2023-03-23,9894
8996,高力,37,14,23,元大-桃興,2023-03-23,9894
00680L,元大美債20正2,23,0,23,元大-桃興,2023-03-23,9894
1524,耿鼎,30,7,23,元大-桃興,2023-03-23,9894
00878,國泰永續高股息,63,40,23,元大-桃興,2023-03-23,9894
00686R,群益臺灣加權反1,20,0,20,元大-桃興,2023-03-23,9894
00673R,期元大S＆P原油反1,20,0,20,元大-桃興,2023-03-23,9894
6116,彩晶,26,6,20,元大-桃興,2023-03-23,9894
5315,光聯,20,0,20,元大-桃興,2023-03-23,9894
8049,晶采,20,0,20,元大-桃興,2023-03-23,9894
6472,保瑞,25,6,19,元大-桃興,2023-03-23,9894
3532,台勝科,31,13,18,元大-桃興,2023-03-23,9894
2402,毅嘉,116,99,17,元大-桃興,2023-03-23,9894
3483,力致,18,2,16,元大-桃興,2023-03-23,9894
00637L,元大滬深300正2,15,0,15,元大-桃興,2023-03-23,9894
8234,新漢,16,1,15,元大-桃興,2023-03-23,9894
9945,潤泰新,14,0,14,元大-桃興,2023-03-23,9894
2601,益航,19,5,14,元大-桃興,2023-03-23,9894
5608,四維航,13,0,13,元大-桃興,2023-03-23,9894
2890,永豐金,12,0,12,元大-桃興,2023-03-23,9894
4147,中裕,14,2,12,元大-桃興,2023-03-23,9894
00712,復華富時不動產,16,5,11,元大-桃興,2023-03-23,9894
2618,長榮航,32,21,11,元大-桃興,2023-03-23,9894
00664R,國泰臺灣加權反1,11,0,11,元大-桃興,2023-03-23,9894
8064,東捷,10,0,10,元大-桃興,2023-03-23,9894
6469,大樹,10,0,10,元大-桃興,2023-03-23,9894
3050,鈺德,10,0,10,元大-桃興,2023-03-23,9894
2812,台中銀,10,0,10,元大-桃興,2023-03-23,9894
3014,聯陽,10,0,10,元大-桃興,2023-03-23,9894
6411,晶焱,10,1,9,元大-桃興,2023-03-23,9894
3217,優群,12,3,9,元大-桃興,2023-03-23,9894
3209,全科,13,4,9,元大-桃興,2023-03-23,9894
2328,廣宇,10,1,9,元大-桃興,2023-03-23,9894
8050,廣積,10,1,9,元大-桃興,2023-03-23,9894
1611,中電,21,12,9,元大-桃興,2023-03-23,9894
2617,台航,9,0,9,元大-桃興,2023-03-23,9894
6163,華電網,11,2,9,元大-桃興,2023-03-23,9894
00772B,中信高評級公司債,498,0,498,元大-桃興,2023-03-24,9894
00632R,元大台灣50反1,222,21,201,元大-桃興,2023-03-24,9894
2302,麗正,92,13,79,元大-桃興,2023-03-24,9894
00773B,中信優先金融債,77,0,77,元大-桃興,2023-03-24,9894
1609,大亞,74,10,64,元大-桃興,2023-03-24,9894
00676R,富邦臺灣加權反1,58,0,58,元大-桃興,2023-03-24,9894
2603,長榮,50,1,49,元大-桃興,2023-03-24,9894
3013,晟銘電,93,52,41,元大-桃興,2023-03-24,9894
8084,巨虹,40,0,40,元大-桃興,2023-03-24,9894
2406,國碩,33,2,31,元大-桃興,2023-03-24,9894
2402,毅嘉,78,49,29,元大-桃興,2023-03-24,9894
9962,有益,30,2,28,元大-桃興,2023-03-24,9894
2618,長榮航,25,0,25,元大-桃興,2023-03-24,9894
2471,資通,28,4,24,元大-桃興,2023-03-24,9894
2106,建大,27,4,23,元大-桃興,2023-03-24,9894
8086,宏捷科,30,7,23,元大-桃興,2023-03-24,9894
2413,環科,22,0,22,元大-桃興,2023-03-24,9894
00679B,元大美債20年,21,0,21,元大-桃興,2023-03-24,9894
00712,復華富時不動產,20,0,20,元大-桃興,2023-03-24,9894
3710,連展投控,20,0,20,元大-桃興,2023-03-24,9894
00642U,期元大S＆P石油,22,2,20,元大-桃興,2023-03-24,9894
1605,華新,85,65,20,元大-桃興,2023-03-24,9894
1802,台玻,19,0,19,元大-桃興,2023-03-24,9894
4541,晟田,19,1,18,元大-桃興,2023-03-24,9894
2610,華航,24,7,17,元大-桃興,2023-03-24,9894
6691,洋基工程,15,0,15,元大-桃興,2023-03-24,9894
6142,友勁,15,0,15,元大-桃興,2023-03-24,9894
1608,華榮,14,0,14,元大-桃興,2023-03-24,9894
3346,麗清,39,26,13,元大-桃興,2023-03-24,9894
2634,漢翔,15,2,13,元大-桃興,2023-03-24,9894
2727,王品,14,2,12,元大-桃興,2023-03-24,9894
2732,六角,12,0,12,元大-桃興,2023-03-24,9894
2342,茂矽,18,6,12,元大-桃興,2023-03-24,9894
1524,耿鼎,18,6,12,元大-桃興,2023-03-24,9894
3441,聯一光,24,12,12,元大-桃興,2023-03-24,9894
6122,擎邦,43,31,12,元大-桃興,2023-03-24,9894
1402,遠東新,11,0,11,元大-桃興,2023-03-24,9894
4906,正文,12,2,10,元大-桃興,2023-03-24,9894
3051,力特,13,3,10,元大-桃興,2023-03-24,9894
6152,百一,10,0,10,元大-桃興,2023-03-24,9894
00900,富邦特選高股息30,10,0,10,元大-桃興,2023-03-24,9894
2453,凌群,20,10,10,元大-桃興,2023-03-24,9894
4532,瑞智,10,0,10,元大-桃興,2023-03-24,9894
6154,順發,9,0,9,元大-桃興,2023-03-24,9894
6668,中揚光,10,1,9,元大-桃興,2023-03-24,9894
2609,陽明,12,3,9,元大-桃興,2023-03-24,9894
3207,耀勝,10,1,9,元大-桃興,2023-03-24,9894
8064,東捷,9,0,9,元大-桃興,2023-03-24,9894
8358,金居,10,1,9,元大-桃興,2023-03-24,9894
6134,萬旭,13,4,9,元大-桃興,2023-03-24,9894
00773B,中信優先金融債,259,0,259,元大-桃興,2023-03-27,9894
1605,華新,117,10,107,元大-桃興,2023-03-27,9894
00715L,期街口布蘭特正2,104,35,69,元大-桃興,2023-03-27,9894
1314,中石化,66,0,66,元大-桃興,2023-03-27,9894
2317,鴻海,68,4,64,元大-桃興,2023-03-27,9894
1504,東元,91,28,63,元大-桃興,2023-03-27,9894
00637L,元大滬深300正2,62,0,62,元大-桃興,2023-03-27,9894
00882,中信中國高股息,62,0,62,元大-桃興,2023-03-27,9894
2867,三商壽,53,0,53,元大-桃興,2023-03-27,9894
2354,鴻準,45,1,44,元大-桃興,2023-03-27,9894
3481,群創,98,55,43,元大-桃興,2023-03-27,9894
5521,工信,38,4,34,元大-桃興,2023-03-27,9894
6235,華孚,51,20,31,元大-桃興,2023-03-27,9894
3714,富采,47,17,30,元大-桃興,2023-03-27,9894
8358,金居,30,0,30,元大-桃興,2023-03-27,9894
2498,宏達電,46,20,26,元大-桃興,2023-03-27,9894
3224,三顧,26,0,26,元大-桃興,2023-03-27,9894
4919,新唐,43,17,26,元大-桃興,2023-03-27,9894
6770,力積電,31,6,25,元大-桃興,2023-03-27,9894
6161,捷波,24,0,24,元大-桃興,2023-03-27,9894
2727,王品,25,2,23,元大-桃興,2023-03-27,9894
4979,華星光,28,5,23,元大-桃興,2023-03-27,9894
6244,茂迪,35,13,22,元大-桃興,2023-03-27,9894
2413,環科,22,2,20,元大-桃興,2023-03-27,9894
2634,漢翔,48,28,20,元大-桃興,2023-03-27,9894
6116,彩晶,20,0,20,元大-桃興,2023-03-27,9894
00878,國泰永續高股息,29,9,20,元大-桃興,2023-03-27,9894
2009,第一銅,15,0,15,元大-桃興,2023-03-27,9894
2406,國碩,15,0,15,元大-桃興,2023-03-27,9894
8034,榮群,15,0,15,元大-桃興,2023-03-27,9894
2723,美食-KY,15,0,15,元大-桃興,2023-03-27,9894
2436,偉詮電,14,0,14,元大-桃興,2023-03-27,9894
00633L,富邦上証正2,18,4,14,元大-桃興,2023-03-27,9894
3078,僑威,13,0,13,元大-桃興,2023-03-27,9894
2603,長榮,16,4,12,元大-桃興,2023-03-27,9894
2606,裕民,18,6,12,元大-桃興,2023-03-27,9894
2453,凌群,43,31,12,元大-桃興,2023-03-27,9894
2482,連宇,14,2,12,元大-桃興,2023-03-27,9894
00650L,復華香港正2,11,0,11,元大-桃興,2023-03-27,9894
0056,元大高股息,14,3,11,元大-桃興,2023-03-27,9894
3591,艾笛森,11,1,10,元大-桃興,2023-03-27,9894
6733,博晟生醫,11,1,10,元大-桃興,2023-03-27,9894
2030,彰源,10,0,10,元大-桃興,2023-03-27,9894
5251,天鉞電,10,0,10,元大-桃興,2023-03-27,9894
3050,鈺德,10,0,10,元大-桃興,2023-03-27,9894
5302,太欣,10,0,10,元大-桃興,2023-03-27,9894
6288,聯嘉,24,14,10,元大-桃興,2023-03-27,9894
6799,來頡,10,0,10,元大-桃興,2023-03-27,9894
1471,首利,10,0,10,元大-桃興,2023-03-27,9894
8064,東捷,10,0,10,元大-桃興,2023-03-27,9894
00634R,富邦上証反1,286,0,286,元大-桃興,2023-03-28,9894
00773B,中信優先金融債,262,1,261,元大-桃興,2023-03-28,9894
3047,訊舟,105,4,101,元大-桃興,2023-03-28,9894
2867,三商壽,98,0,98,元大-桃興,2023-03-28,9894
6443,元晶,72,2,70,元大-桃興,2023-03-28,9894
1605,華新,83,31,52,元大-桃興,2023-03-28,9894
00882,中信中國高股息,50,0,50,元大-桃興,2023-03-28,9894
00679B,元大美債20年,47,0,47,元大-桃興,2023-03-28,9894
3037,欣興,55,13,42,元大-桃興,2023-03-28,9894
3231,緯創,53,19,34,元大-桃興,2023-03-28,9894
6235,華孚,103,70,33,元大-桃興,2023-03-28,9894
3035,智原,44,17,27,元大-桃興,2023-03-28,9894
3024,憶聲,32,5,27,元大-桃興,2023-03-28,9894
00878,國泰永續高股息,33,7,26,元大-桃興,2023-03-28,9894
2206,三陽工業,28,2,26,元大-桃興,2023-03-28,9894
1708,東鹼,28,6,22,元大-桃興,2023-03-28,9894
2406,國碩,24,3,21,元大-桃興,2023-03-28,9894
6116,彩晶,20,0,20,元大-桃興,2023-03-28,9894
6432,今展科,21,1,20,元大-桃興,2023-03-28,9894
5351,鈺創,21,1,20,元大-桃興,2023-03-28,9894
2916,滿心,26,6,20,元大-桃興,2023-03-28,9894
2393,億光,20,0,20,元大-桃興,2023-03-28,9894
2312,金寶,20,0,20,元大-桃興,2023-03-28,9894
6197,佳必琪,19,0,19,元大-桃興,2023-03-28,9894
2329,華泰,20,1,19,元大-桃興,2023-03-28,9894
0056,元大高股息,21,4,17,元大-桃興,2023-03-28,9894
00888,永豐台灣ESG,16,0,16,元大-桃興,2023-03-28,9894
4960,誠美材,20,5,15,元大-桃興,2023-03-28,9894
00900,富邦特選高股息30,14,0,14,元大-桃興,2023-03-28,9894
2340,台亞,14,1,13,元大-桃興,2023-03-28,9894
2303,聯電,24,12,12,元大-桃興,2023-03-28,9894
6469,大樹,12,0,12,元大-桃興,2023-03-28,9894
1609,大亞,25,13,12,元大-桃興,2023-03-28,9894
8358,金居,11,0,11,元大-桃興,2023-03-28,9894
1203,味王,11,0,11,元大-桃興,2023-03-28,9894
2736,富野,11,0,11,元大-桃興,2023-03-28,9894
6223,旺矽,19,9,10,元大-桃興,2023-03-28,9894
6781,AES-KY,10,0,10,元大-桃興,2023-03-28,9894
2201,裕隆,12,2,10,元大-桃興,2023-03-28,9894
00892,富邦台灣半導體,10,0,10,元大-桃興,2023-03-28,9894
8916,光隆,10,0,10,元大-桃興,2023-03-28,9894
2323,中環,10,0,10,元大-桃興,2023-03-28,9894
2645,長榮航太,11,1,10,元大-桃興,2023-03-28,9894
2069,運錩,10,0,10,元大-桃興,2023-03-28,9894
1907,永豐餘,10,0,10,元大-桃興,2023-03-28,9894
1711,永光,10,0,10,元大-桃興,2023-03-28,9894
2317,鴻海,11,2,9,元大-桃興,2023-03-28,9894
6741,91APP*-KY,9,0,9,元大-桃興,2023-03-28,9894
00720B,元大投資級公司債,9,0,9,元大-桃興,2023-03-28,9894
4747,強生,9,0,9,元大-桃興,2023-03-28,9894
00637L,元大滬深300正2,426,8,418,元大-桃興,2023-03-29,9894
00674R,期元大S＆P黃金反1,169,0,169,元大-桃興,2023-03-29,9894
00670L,富邦NASDAQ正2,100,0,100,元大-桃興,2023-03-29,9894
2867,三商壽,94,20,74,元大-桃興,2023-03-29,9894
2303,聯電,74,15,59,元大-桃興,2023-03-29,9894
00673R,期元大S＆P原油反1,58,1,57,元大-桃興,2023-03-29,9894
2393,億光,50,0,50,元大-桃興,2023-03-29,9894
1609,大亞,88,38,50,元大-桃興,2023-03-29,9894
6443,元晶,71,22,49,元大-桃興,2023-03-29,9894
6116,彩晶,108,69,39,元大-桃興,2023-03-29,9894
00679B,元大美債20年,34,0,34,元大-桃興,2023-03-29,9894
2482,連宇,42,11,31,元大-桃興,2023-03-29,9894
3029,零壹,30,1,29,元大-桃興,2023-03-29,9894
6770,力積電,27,1,26,元大-桃興,2023-03-29,9894
00922,國泰台灣領袖50,26,2,24,元大-桃興,2023-03-29,9894
00773B,中信優先金融債,23,0,23,元大-桃興,2023-03-29,9894
1708,東鹼,24,2,22,元大-桃興,2023-03-29,9894
00751B,元大AAA至A公司債,21,0,21,元大-桃興,2023-03-29,9894
1513,中興電,24,3,21,元大-桃興,2023-03-29,9894
1416,廣豐,20,0,20,元大-桃興,2023-03-29,9894
1504,東元,55,35,20,元大-桃興,2023-03-29,9894
8234,新漢,20,0,20,元大-桃興,2023-03-29,9894
3037,欣興,32,12,20,元大-桃興,2023-03-29,9894
8171,天宇,27,11,16,元大-桃興,2023-03-29,9894
8358,金居,18,2,16,元大-桃興,2023-03-29,9894
3272,東碩,16,1,15,元大-桃興,2023-03-29,9894
3714,富采,16,1,15,元大-桃興,2023-03-29,9894
00665L,富邦�琤肭磪囓�2,46,31,15,元大-桃興,2023-03-29,9894
2328,廣宇,20,6,14,元大-桃興,2023-03-29,9894
6182,合晶,14,1,13,元大-桃興,2023-03-29,9894
2498,宏達電,16,3,13,元大-桃興,2023-03-29,9894
3545,敦泰,12,0,12,元大-桃興,2023-03-29,9894
4907,富宇,12,0,12,元大-桃興,2023-03-29,9894
3034,聯詠,13,2,11,元大-桃興,2023-03-29,9894
4157,太景*-KY,11,0,11,元大-桃興,2023-03-29,9894
3625,西勝,11,0,11,元大-桃興,2023-03-29,9894
1455,集盛,10,0,10,元大-桃興,2023-03-29,9894
5222,全訊,12,2,10,元大-桃興,2023-03-29,9894
3450,聯鈞,10,0,10,元大-桃興,2023-03-29,9894
3027,盛達,11,1,10,元大-桃興,2023-03-29,9894
6472,保瑞,13,3,10,元大-桃興,2023-03-29,9894
6220,岳豐,12,2,10,元大-桃興,2023-03-29,9894
3105,穩懋,24,14,10,元大-桃興,2023-03-29,9894
6550,北極星藥業-KY,10,0,10,元大-桃興,2023-03-29,9894
00885,富邦越南,9,0,9,元大-桃興,2023-03-29,9894
2607,榮運,9,0,9,元大-桃興,2023-03-29,9894
00680L,元大美債20正2,9,0,9,元大-桃興,2023-03-29,9894
2329,華泰,10,1,9,元大-桃興,2023-03-29,9894
5258,虹堡,14,5,9,元大-桃興,2023-03-29,9894
2371,大同,14,6,8,元大-桃興,2023-03-29,9894
2867,三商壽,92,5,87,元大-桃興,2023-03-30,9894
2889,國票金,69,0,69,元大-桃興,2023-03-30,9894
00882,中信中國高股息,53,0,53,元大-桃興,2023-03-30,9894
2801,彰銀,50,1,49,元大-桃興,2023-03-30,9894
00665L,富邦�琤肭磪囓�2,47,0,47,元大-桃興,2023-03-30,9894
3481,群創,46,7,39,元大-桃興,2023-03-30,9894
2609,陽明,39,3,36,元大-桃興,2023-03-30,9894
2610,華航,34,4,30,元大-桃興,2023-03-30,9894
2393,億光,32,2,30,元大-桃興,2023-03-30,9894
2906,高林,30,0,30,元大-桃興,2023-03-30,9894
00881,國泰台灣5G+,30,1,29,元大-桃興,2023-03-30,9894
00642U,期元大S＆P石油,30,1,29,元大-桃興,2023-03-30,9894
2354,鴻準,37,9,28,元大-桃興,2023-03-30,9894
00669R,國泰美國道瓊反1,25,0,25,元大-桃興,2023-03-30,9894
3006,晶豪科,22,1,21,元大-桃興,2023-03-30,9894
3596,智易,21,0,21,元大-桃興,2023-03-30,9894
2607,榮運,36,15,21,元大-桃興,2023-03-30,9894
8064,東捷,15,0,15,元大-桃興,2023-03-30,9894
6129,普誠,15,0,15,元大-桃興,2023-03-30,9894
3260,威剛,27,12,15,元大-桃興,2023-03-30,9894
2104,國際中橡,15,0,15,元大-桃興,2023-03-30,9894
6477,安集,17,3,14,元大-桃興,2023-03-30,9894
4938,和碩,15,1,14,元大-桃興,2023-03-30,9894
2883,凱基金,13,0,13,元大-桃興,2023-03-30,9894
2029,盛餘,13,0,13,元大-桃興,2023-03-30,9894
6128,上福,13,0,13,元大-桃興,2023-03-30,9894
1609,大亞,18,6,12,元大-桃興,2023-03-30,9894
1101,台泥,13,1,12,元大-桃興,2023-03-30,9894
3447,展達,14,3,11,元大-桃興,2023-03-30,9894
6416,瑞祺電通,11,0,11,元大-桃興,2023-03-30,9894
6715,嘉基,13,3,10,元大-桃興,2023-03-30,9894
00671R,富邦NASDAQ反1,10,0,10,元大-桃興,2023-03-30,9894
4121,優盛,10,0,10,元大-桃興,2023-03-30,9894
2409,友達,10,0,10,元大-桃興,2023-03-30,9894
2723,美食-KY,11,1,10,元大-桃興,2023-03-30,9894
4564,元翎,10,0,10,元大-桃興,2023-03-30,9894
4967,十銓,43,33,10,元大-桃興,2023-03-30,9894
3701,大眾控,10,0,10,元大-桃興,2023-03-30,9894
6147,頎邦,12,2,10,元大-桃興,2023-03-30,9894
8033,雷虎,10,0,10,元大-桃興,2023-03-30,9894
2618,長榮航,12,3,9,元大-桃興,2023-03-30,9894
1504,東元,37,28,9,元大-桃興,2023-03-30,9894
3714,富采,9,0,9,元大-桃興,2023-03-30,9894
1605,華新,14,5,9,元大-桃興,2023-03-30,9894
8358,金居,8,0,8,元大-桃興,2023-03-30,9894
1810,和成,8,0,8,元大-桃興,2023-03-30,9894
3483,力致,11,3,8,元大-桃興,2023-03-30,9894
6244,茂迪,9,1,8,元大-桃興,2023-03-30,9894
5381,合正,8,0,8,元大-桃興,2023-03-30,9894
3005,神基,12,4,8,元大-桃興,2023-03-30,9894
2867,三商壽,135,0,135,元大-桃興,2023-03-31,9894
00673R,期元大S＆P原油反1,96,1,95,元大-桃興,2023-03-31,9894
2408,南亞科,106,15,91,元大-桃興,2023-03-31,9894
1316,上曜,88,0,88,元大-桃興,2023-03-31,9894
2601,益航,83,0,83,元大-桃興,2023-03-31,9894
00676R,富邦臺灣加權反1,55,0,55,元大-桃興,2023-03-31,9894
2609,陽明,62,13,49,元大-桃興,2023-03-31,9894
2457,飛宏,81,36,45,元大-桃興,2023-03-31,9894
2482,連宇,51,9,42,元大-桃興,2023-03-31,9894
2332,友訊,41,0,41,元大-桃興,2023-03-31,9894
4121,優盛,33,0,33,元大-桃興,2023-03-31,9894
00669R,國泰美國道瓊反1,30,0,30,元大-桃興,2023-03-31,9894
6290,良維,27,0,27,元大-桃興,2023-03-31,9894
1605,華新,44,19,25,元大-桃興,2023-03-31,9894
6288,聯嘉,25,0,25,元大-桃興,2023-03-31,9894
2606,裕民,36,12,24,元大-桃興,2023-03-31,9894
4979,華星光,31,10,21,元大-桃興,2023-03-31,9894
6770,力積電,25,5,20,元大-桃興,2023-03-31,9894
9136,巨騰-DR,20,0,20,元大-桃興,2023-03-31,9894
4157,太景*-KY,20,0,20,元大-桃興,2023-03-31,9894
00888,永豐台灣ESG,18,0,18,元大-桃興,2023-03-31,9894
2393,億光,17,0,17,元大-桃興,2023-03-31,9894
1504,東元,37,20,17,元大-桃興,2023-03-31,9894
2409,友達,21,5,16,元大-桃興,2023-03-31,9894
3028,增你強,15,0,15,元大-桃興,2023-03-31,9894
2449,京元電子,17,2,15,元大-桃興,2023-03-31,9894
3005,神基,16,3,13,元大-桃興,2023-03-31,9894
2351,順德,13,0,13,元大-桃興,2023-03-31,9894
2885,元大金,14,1,13,元大-桃興,2023-03-31,9894
3207,耀勝,13,1,12,元大-桃興,2023-03-31,9894
4743,合一,13,2,11,元大-桃興,2023-03-31,9894
3019,亞光,12,1,11,元大-桃興,2023-03-31,9894
00674R,期元大S＆P黃金反1,11,0,11,元大-桃興,2023-03-31,9894
8088,品安,41,30,11,元大-桃興,2023-03-31,9894
2530,華建,10,0,10,元大-桃興,2023-03-31,9894
2906,高林,10,0,10,元大-桃興,2023-03-31,9894
00665L,富邦�琤肭磪囓�2,10,0,10,元大-桃興,2023-03-31,9894
8084,巨虹,10,0,10,元大-桃興,2023-03-31,9894
8249,菱光,10,0,10,元大-桃興,2023-03-31,9894
6285,啟��,18,9,9,元大-桃興,2023-03-31,9894
3038,全台,9,0,9,元大-桃興,2023-03-31,9894
2883,凱基金,11,2,9,元大-桃興,2023-03-31,9894
2727,王品,13,5,8,元大-桃興,2023-03-31,9894
5243,乙盛-KY,9,1,8,元大-桃興,2023-03-31,9894
5439,高技,10,2,8,元大-桃興,2023-03-31,9894
6546,正基,8,0,8,元大-桃興,2023-03-31,9894
8234,新漢,10,2,8,元大-桃興,2023-03-31,9894
3037,欣興,26,19,7,元大-桃興,2023-03-31,9894
8046,南電,12,5,7,元大-桃興,2023-03-31,9894
1609,大亞,23,16,7,元大-桃興,2023-03-31,9894
00902,中信電池及儲能,124,0,124,元大-桃興,2023-04-06,9894
2355,敬鵬,92,2,90,元大-桃興,2023-04-06,9894
00673R,期元大S＆P原油反1,89,2,87,元大-桃興,2023-04-06,9894
3481,群創,110,31,79,元大-桃興,2023-04-06,9894
8069,元太,77,9,68,元大-桃興,2023-04-06,9894
2317,鴻海,69,2,67,元大-桃興,2023-04-06,9894
2891,中信金,62,0,62,元大-桃興,2023-04-06,9894
2867,三商壽,62,0,62,元大-桃興,2023-04-06,9894
00632R,元大台灣50反1,60,0,60,元大-桃興,2023-04-06,9894
00893,國泰智能電動車,65,5,60,元大-桃興,2023-04-06,9894
2208,台船,64,7,57,元大-桃興,2023-04-06,9894
2344,華邦電,86,33,53,元大-桃興,2023-04-06,9894
1217,愛之味,51,0,51,元大-桃興,2023-04-06,9894
2601,益航,46,0,46,元大-桃興,2023-04-06,9894
2402,毅嘉,47,10,37,元大-桃興,2023-04-06,9894
6163,華電網,39,7,32,元大-桃興,2023-04-06,9894
6548,長科*,33,3,30,元大-桃興,2023-04-06,9894
00907,永豐優息存股,30,0,30,元大-桃興,2023-04-06,9894
1605,華新,34,11,23,元大-桃興,2023-04-06,9894
4173,久裕,23,0,23,元大-桃興,2023-04-06,9894
6770,力積電,21,0,21,元大-桃興,2023-04-06,9894
1313,聯成,20,0,20,元大-桃興,2023-04-06,9894
4755,三福化,20,0,20,元大-桃興,2023-04-06,9894
9105,泰金寶-DR,20,0,20,元大-桃興,2023-04-06,9894
3056,富華新,20,3,17,元大-桃興,2023-04-06,9894
3202,樺晟,16,1,15,元大-桃興,2023-04-06,9894
6643,M31,13,0,13,元大-桃興,2023-04-06,9894
00637L,元大滬深300正2,62,50,12,元大-桃興,2023-04-06,9894
2727,王品,15,4,11,元大-桃興,2023-04-06,9894
3532,台勝科,10,0,10,元大-桃興,2023-04-06,9894
2104,國際中橡,10,0,10,元大-桃興,2023-04-06,9894
2324,仁寶,10,0,10,元大-桃興,2023-04-06,9894
2545,皇翔,10,0,10,元大-桃興,2023-04-06,9894
4157,太景*-KY,10,0,10,元大-桃興,2023-04-06,9894
6133,金橋,26,16,10,元大-桃興,2023-04-06,9894
2634,漢翔,10,0,10,元大-桃興,2023-04-06,9894
3046,建��,10,1,9,元大-桃興,2023-04-06,9894
2337,旺宏,9,0,9,元大-桃興,2023-04-06,9894
6122,擎邦,10,1,9,元大-桃興,2023-04-06,9894
2548,華固,9,0,9,元大-桃興,2023-04-06,9894
2330,台積電,9,0,9,元大-桃興,2023-04-06,9894
00900,富邦特選高股息30,8,0,8,元大-桃興,2023-04-06,9894
3090,日電貿,8,0,8,元大-桃興,2023-04-06,9894
00922,國泰台灣領袖50,8,0,8,元大-桃興,2023-04-06,9894
3591,艾笛森,8,0,8,元大-桃興,2023-04-06,9894
3447,展達,11,3,8,元大-桃興,2023-04-06,9894
2454,聯發科,8,0,8,元大-桃興,2023-04-06,9894
1795,美時,16,9,7,元大-桃興,2023-04-06,9894
5347,世界,17,10,7,元大-桃興,2023-04-06,9894
2723,美食-KY,12,5,7,元大-桃興,2023-04-06,9894
3481,群創,134,1,133,元大-桃興,2023-04-07,9894
2867,三商壽,118,0,118,元大-桃興,2023-04-07,9894
1314,中石化,45,0,45,元大-桃興,2023-04-07,9894
2889,國票金,44,0,44,元大-桃興,2023-04-07,9894
2603,長榮,44,12,32,元大-桃興,2023-04-07,9894
2356,英業達,30,0,30,元大-桃興,2023-04-07,9894
00679B,元大美債20年,35,5,30,元大-桃興,2023-04-07,9894
00712,復華富時不動產,34,7,27,元大-桃興,2023-04-07,9894
2317,鴻海,26,0,26,元大-桃興,2023-04-07,9894
4532,瑞智,26,0,26,元大-桃興,2023-04-07,9894
2368,金像電,31,5,26,元大-桃興,2023-04-07,9894
6116,彩晶,25,0,25,元大-桃興,2023-04-07,9894
3056,富華新,23,2,21,元大-桃興,2023-04-07,9894
4173,久裕,20,0,20,元大-桃興,2023-04-07,9894
00892,富邦台灣半導體,20,0,20,元大-桃興,2023-04-07,9894
3703,欣陸,20,0,20,元大-桃興,2023-04-07,9894
6235,華孚,41,23,18,元大-桃興,2023-04-07,9894
1795,美時,31,13,18,元大-桃興,2023-04-07,9894
5469,瀚宇博,25,8,17,元大-桃興,2023-04-07,9894
2402,毅嘉,28,12,16,元大-桃興,2023-04-07,9894
2409,友達,16,1,15,元大-桃興,2023-04-07,9894
6288,聯嘉,15,0,15,元大-桃興,2023-04-07,9894
1513,中興電,30,16,14,元大-桃興,2023-04-07,9894
3231,緯創,20,6,14,元大-桃興,2023-04-07,9894
2355,敬鵬,13,0,13,元大-桃興,2023-04-07,9894
00673R,期元大S＆P原油反1,13,1,12,元大-桃興,2023-04-07,9894
00878,國泰永續高股息,32,20,12,元大-桃興,2023-04-07,9894
4130,健亞,12,1,11,元大-桃興,2023-04-07,9894
2413,環科,11,1,10,元大-桃興,2023-04-07,9894
1444,力麗,10,0,10,元大-桃興,2023-04-07,9894
2002,中鋼,10,0,10,元大-桃興,2023-04-07,9894
0056,元大高股息,11,1,10,元大-桃興,2023-04-07,9894
1760,寶齡富錦,12,2,10,元大-桃興,2023-04-07,9894
2421,建準,10,1,9,元大-桃興,2023-04-07,9894
1218,泰山,12,3,9,元大-桃興,2023-04-07,9894
1810,和成,9,0,9,元大-桃興,2023-04-07,9894
2388,威盛,11,2,9,元大-桃興,2023-04-07,9894
00632R,元大台灣50反1,8,0,8,元大-桃興,2023-04-07,9894
6147,頎邦,8,0,8,元大-桃興,2023-04-07,9894
5243,乙盛-KY,8,0,8,元大-桃興,2023-04-07,9894
3035,智原,23,15,8,元大-桃興,2023-04-07,9894
6770,力積電,8,0,8,元大-桃興,2023-04-07,9894
3032,偉訓,9,2,7,元大-桃興,2023-04-07,9894
2449,京元電子,9,2,7,元大-桃興,2023-04-07,9894
3264,欣銓,12,5,7,元大-桃興,2023-04-07,9894
2443,昶虹,7,0,7,元大-桃興,2023-04-07,9894
3090,日電貿,7,0,7,元大-桃興,2023-04-07,9894
6414,樺漢,7,0,7,元大-桃興,2023-04-07,9894
8349,�矬�,7,0,7,元大-桃興,2023-04-07,9894
2454,聯發科,8,1,7,元大-桃興,2023-04-07,9894
5009,榮剛,201,10,191,元大-桃興,2023-04-10,9894
2344,華邦電,123,57,66,元大-桃興,2023-04-10,9894
2867,三商壽,62,0,62,元大-桃興,2023-04-10,9894
2606,裕民,39,0,39,元大-桃興,2023-04-10,9894
2208,台船,45,9,36,元大-桃興,2023-04-10,9894
3624,光頡,38,7,31,元大-桃興,2023-04-10,9894
1784,訊聯,31,2,29,元大-桃興,2023-04-10,9894
00637L,元大滬深300正2,40,12,28,元大-桃興,2023-04-10,9894
2601,益航,25,0,25,元大-桃興,2023-04-10,9894
1609,大亞,77,53,24,元大-桃興,2023-04-10,9894
1605,華新,35,11,24,元大-桃興,2023-04-10,9894
3447,展達,35,12,23,元大-桃興,2023-04-10,9894
00673R,期元大S＆P原油反1,21,1,20,元大-桃興,2023-04-10,9894
3049,精金,20,0,20,元大-桃興,2023-04-10,9894
5488,松普,18,0,18,元大-桃興,2023-04-10,9894
00632R,元大台灣50反1,17,0,17,元大-桃興,2023-04-10,9894
3479,安勤,17,0,17,元大-桃興,2023-04-10,9894
2603,長榮,31,15,16,元大-桃興,2023-04-10,9894
00679B,元大美債20年,15,0,15,元大-桃興,2023-04-10,9894
00720B,元大投資級公司債,14,0,14,元大-桃興,2023-04-10,9894
00712,復華富時不動產,18,5,13,元大-桃興,2023-04-10,9894
2443,昶虹,19,6,13,元大-桃興,2023-04-10,9894
5328,華容,19,6,13,元大-桃興,2023-04-10,9894
4207,環泰,12,0,12,元大-桃興,2023-04-10,9894
3029,零壹,16,4,12,元大-桃興,2023-04-10,9894
1514,亞力,19,8,11,元大-桃興,2023-04-10,9894
6190,萬泰科,11,0,11,元大-桃興,2023-04-10,9894
5483,中美晶,14,3,11,元大-桃興,2023-04-10,9894
6155,鈞寶,11,0,11,元大-桃興,2023-04-10,9894
00888,永豐台灣ESG,20,10,10,元大-桃興,2023-04-10,9894
6194,育富,10,0,10,元大-桃興,2023-04-10,9894
6275,元山,10,0,10,元大-桃興,2023-04-10,9894
3052,夆典,10,0,10,元大-桃興,2023-04-10,9894
3164,景岳,10,0,10,元大-桃興,2023-04-10,9894
8033,雷虎,10,0,10,元大-桃興,2023-04-10,9894
2313,華通,12,2,10,元大-桃興,2023-04-10,9894
2371,大同,10,0,10,元大-桃興,2023-04-10,9894
1519,華城,30,20,10,元大-桃興,2023-04-10,9894
4747,強生,10,0,10,元大-桃興,2023-04-10,9894
3088,艾訊,10,0,10,元大-桃興,2023-04-10,9894
5608,四維航,9,0,9,元大-桃興,2023-04-10,9894
00751B,元大AAA至A公司債,9,0,9,元大-桃興,2023-04-10,9894
2812,台中銀,10,2,8,元大-桃興,2023-04-10,9894
3056,富華新,10,2,8,元大-桃興,2023-04-10,9894
3580,友威科,8,0,8,元大-桃興,2023-04-10,9894
3583,辛耘,8,0,8,元大-桃興,2023-04-10,9894
6477,安集,9,1,8,元大-桃興,2023-04-10,9894
2317,鴻海,7,0,7,元大-桃興,2023-04-10,9894
4919,新唐,7,0,7,元大-桃興,2023-04-10,9894
3025,星通,8,1,7,元大-桃興,2023-04-10,9894
3058,立德,141,0,141,元大-桃興,2023-04-11,9894
3038,全台,94,8,86,元大-桃興,2023-04-11,9894
1609,大亞,112,36,76,元大-桃興,2023-04-11,9894
3231,緯創,63,21,42,元大-桃興,2023-04-11,9894
2455,全新,37,4,33,元大-桃興,2023-04-11,9894
2504,國產,29,0,29,元大-桃興,2023-04-11,9894
8409,商之器,30,1,29,元大-桃興,2023-04-11,9894
6163,華電網,34,7,27,元大-桃興,2023-04-11,9894
6799,來頡,26,0,26,元大-桃興,2023-04-11,9894
2206,三陽工業,47,21,26,元大-桃興,2023-04-11,9894
2375,凱美,23,0,23,元大-桃興,2023-04-11,9894
2027,大成鋼,21,0,21,元大-桃興,2023-04-11,9894
00905,FT臺灣Smart,20,0,20,元大-桃興,2023-04-11,9894
6152,百一,23,3,20,元大-桃興,2023-04-11,9894
3512,皇龍,21,1,20,元大-桃興,2023-04-11,9894
00706L,期元大S＆P日圓正2,19,0,19,元大-桃興,2023-04-11,9894
3056,富華新,21,3,18,元大-桃興,2023-04-11,9894
6274,台燿,20,2,18,元大-桃興,2023-04-11,9894
00632R,元大台灣50反1,36,18,18,元大-桃興,2023-04-11,9894
00712,復華富時不動產,28,11,17,元大-桃興,2023-04-11,9894
3022,威強電,16,0,16,元大-桃興,2023-04-11,9894
6443,元晶,22,6,16,元大-桃興,2023-04-11,9894
2812,台中銀,28,12,16,元大-桃興,2023-04-11,9894
3037,欣興,20,5,15,元大-桃興,2023-04-11,9894
2049,上銀,16,1,15,元大-桃興,2023-04-11,9894
2727,王品,20,5,15,元大-桃興,2023-04-11,9894
4919,新唐,16,1,15,元大-桃興,2023-04-11,9894
2498,宏達電,40,25,15,元大-桃興,2023-04-11,9894
6244,茂迪,22,8,14,元大-桃興,2023-04-11,9894
5309,系統電,23,9,14,元大-桃興,2023-04-11,9894
1608,華榮,14,0,14,元大-桃興,2023-04-11,9894
3592,瑞鼎,15,1,14,元大-桃興,2023-04-11,9894
2388,威盛,21,8,13,元大-桃興,2023-04-11,9894
2402,毅嘉,20,7,13,元大-桃興,2023-04-11,9894
8050,廣積,15,2,13,元大-桃興,2023-04-11,9894
2443,昶虹,13,0,13,元大-桃興,2023-04-11,9894
5425,台半,19,7,12,元大-桃興,2023-04-11,9894
6546,正基,13,1,12,元大-桃興,2023-04-11,9894
1423,利華,12,0,12,元大-桃興,2023-04-11,9894
6139,亞翔,14,2,12,元大-桃興,2023-04-11,9894
6209,今國光,18,6,12,元大-桃興,2023-04-11,9894
4111,濟生,12,0,12,元大-桃興,2023-04-11,9894
2017,官田鋼,11,0,11,元大-桃興,2023-04-11,9894
2430,燦坤,11,0,11,元大-桃興,2023-04-11,9894
6175,立敦,11,0,11,元大-桃興,2023-04-11,9894
2230,泰茂,11,0,11,元大-桃興,2023-04-11,9894
6190,萬泰科,10,0,10,元大-桃興,2023-04-11,9894
6535,順藥,10,0,10,元大-桃興,2023-04-11,9894
1618,合機,11,1,10,元大-桃興,2023-04-11,9894
6715,嘉基,10,0,10,元大-桃興,2023-04-11,9894
2867,三商壽,230,0,230,元大-桃興,2023-04-12,9894
3058,立德,108,0,108,元大-桃興,2023-04-12,9894
2211,長榮鋼,100,0,100,元大-桃興,2023-04-12,9894
2609,陽明,101,14,87,元大-桃興,2023-04-12,9894
2402,毅嘉,101,17,84,元大-桃興,2023-04-12,9894
1605,華新,108,24,84,元大-桃興,2023-04-12,9894
3624,光頡,56,8,48,元大-桃興,2023-04-12,9894
6217,中探針,55,9,46,元大-桃興,2023-04-12,9894
1504,東元,95,52,43,元大-桃興,2023-04-12,9894
6203,海韻電,32,1,31,元大-桃興,2023-04-12,9894
2369,菱生,27,0,27,元大-桃興,2023-04-12,9894
2462,良得電,27,0,27,元大-桃興,2023-04-12,9894
2888,新光金,25,0,25,元大-桃興,2023-04-12,9894
3032,偉訓,36,11,25,元大-桃興,2023-04-12,9894
3169,亞信,30,5,25,元大-桃興,2023-04-12,9894
2027,大成鋼,25,0,25,元大-桃興,2023-04-12,9894
8222,寶一,35,10,25,元大-桃興,2023-04-12,9894
2834,臺企銀,25,2,23,元大-桃興,2023-04-12,9894
0056,元大高股息,25,3,22,元大-桃興,2023-04-12,9894
2603,長榮,27,5,22,元大-桃興,2023-04-12,9894
1337,再生-KY,21,0,21,元大-桃興,2023-04-12,9894
8163,達方,20,0,20,元大-桃興,2023-04-12,9894
3005,神基,22,2,20,元大-桃興,2023-04-12,9894
2317,鴻海,20,0,20,元大-桃興,2023-04-12,9894
3714,富采,20,1,19,元大-桃興,2023-04-12,9894
3037,欣興,31,12,19,元大-桃興,2023-04-12,9894
5351,鈺創,26,7,19,元大-桃興,2023-04-12,9894
2614,東森,24,5,19,元大-桃興,2023-04-12,9894
1447,力鵬,18,0,18,元大-桃興,2023-04-12,9894
2344,華邦電,51,34,17,元大-桃興,2023-04-12,9894
1802,台玻,20,3,17,元大-桃興,2023-04-12,9894
2618,長榮航,17,0,17,元大-桃興,2023-04-12,9894
2401,凌陽,16,0,16,元大-桃興,2023-04-12,9894
3545,敦泰,24,8,16,元大-桃興,2023-04-12,9894
6226,光鼎,16,0,16,元大-桃興,2023-04-12,9894
1721,三晃,15,0,15,元大-桃興,2023-04-12,9894
1514,亞力,72,57,15,元大-桃興,2023-04-12,9894
8088,品安,35,20,15,元大-桃興,2023-04-12,9894
4934,太極,20,5,15,元大-桃興,2023-04-12,9894
00673R,期元大S＆P原油反1,17,2,15,元大-桃興,2023-04-12,9894
3202,樺晟,15,1,14,元大-桃興,2023-04-12,9894
3162,精確,13,0,13,元大-桃興,2023-04-12,9894
3029,零壹,12,0,12,元大-桃興,2023-04-12,9894
5425,台半,14,3,11,元大-桃興,2023-04-12,9894
1784,訊聯,14,3,11,元大-桃興,2023-04-12,9894
4155,訊映,11,0,11,元大-桃興,2023-04-12,9894
00882,中信中國高股息,11,0,11,元大-桃興,2023-04-12,9894
4111,濟生,11,0,11,元大-桃興,2023-04-12,9894
1101,台泥,46,36,10,元大-桃興,2023-04-12,9894
3047,訊舟,10,0,10,元大-桃興,2023-04-12,9894
3432,台端,130,3,127,元大-桃興,2023-04-13,9894
5009,榮剛,179,65,114,元大-桃興,2023-04-13,9894
3038,全台,96,2,94,元大-桃興,2023-04-13,9894
2515,中工,201,128,73,元大-桃興,2023-04-13,9894
00673R,期元大S＆P原油反1,60,2,58,元大-桃興,2023-04-13,9894
2344,華邦電,60,5,55,元大-桃興,2023-04-13,9894
00712,復華富時不動產,52,3,49,元大-桃興,2023-04-13,9894
4114,健喬,51,6,45,元大-桃興,2023-04-13,9894
1513,中興電,75,35,40,元大-桃興,2023-04-13,9894
00878,國泰永續高股息,60,21,39,元大-桃興,2023-04-13,9894
2390,云辰,36,0,36,元大-桃興,2023-04-13,9894
2634,漢翔,58,23,35,元大-桃興,2023-04-13,9894
4960,誠美材,42,8,34,元大-桃興,2023-04-13,9894
8383,千附,44,13,31,元大-桃興,2023-04-13,9894
00637L,元大滬深300正2,50,23,27,元大-桃興,2023-04-13,9894
2342,茂矽,27,0,27,元大-桃興,2023-04-13,9894
00900,富邦特選高股息30,26,0,26,元大-桃興,2023-04-13,9894
6163,華電網,42,16,26,元大-桃興,2023-04-13,9894
6122,擎邦,46,22,24,元大-桃興,2023-04-13,9894
4743,合一,41,17,24,元大-桃興,2023-04-13,9894
1304,台聚,23,0,23,元大-桃興,2023-04-13,9894
6148,驊宏資,29,8,21,元大-桃興,2023-04-13,9894
6266,泰詠,22,2,20,元大-桃興,2023-04-13,9894
6182,合晶,26,6,20,元大-桃興,2023-04-13,9894
2614,東森,20,0,20,元大-桃興,2023-04-13,9894
3711,日月光投控,22,2,20,元大-桃興,2023-04-13,9894
2889,國票金,20,1,19,元大-桃興,2023-04-13,9894
6443,元晶,36,17,19,元大-桃興,2023-04-13,9894
1519,華城,25,7,18,元大-桃興,2023-04-13,9894
2208,台船,35,17,18,元大-桃興,2023-04-13,9894
8222,寶一,57,40,17,元大-桃興,2023-04-13,9894
2027,大成鋼,22,5,17,元大-桃興,2023-04-13,9894
2610,華航,112,95,17,元大-桃興,2023-04-13,9894
1503,士電,22,6,16,元大-桃興,2023-04-13,9894
3006,晶豪科,23,7,16,元大-桃興,2023-04-13,9894
1609,大亞,59,43,16,元大-桃興,2023-04-13,9894
5222,全訊,21,5,16,元大-桃興,2023-04-13,9894
2603,長榮,18,2,16,元大-桃興,2023-04-13,9894
0056,元大高股息,53,37,16,元大-桃興,2023-04-13,9894
8034,榮群,26,11,15,元大-桃興,2023-04-13,9894
3037,欣興,21,6,15,元大-桃興,2023-04-13,9894
00923,群益台ESG低碳50,14,0,14,元大-桃興,2023-04-13,9894
2887,台新金,15,1,14,元大-桃興,2023-04-13,9894
2382,廣達,18,4,14,元大-桃興,2023-04-13,9894
00679B,元大美債20年,20,6,14,元大-桃興,2023-04-13,9894
00772B,中信高評級公司債,13,0,13,元大-桃興,2023-04-13,9894
6770,力積電,20,7,13,元大-桃興,2023-04-13,9894
6244,茂迪,12,0,12,元大-桃興,2023-04-13,9894
6741,91APP*-KY,13,1,12,元大-桃興,2023-04-13,9894
6156,松上,12,0,12,元大-桃興,2023-04-13,9894
9907,統一實,122,0,122,元大-桃興,2023-04-14,9894
2211,長榮鋼,101,0,101,元大-桃興,2023-04-14,9894
1708,東鹼,95,0,95,元大-桃興,2023-04-14,9894
1584,精剛,82,12,70,元大-桃興,2023-04-14,9894
6160,欣技,64,6,58,元大-桃興,2023-04-14,9894
6443,元晶,66,9,57,元大-桃興,2023-04-14,9894
2634,漢翔,143,89,54,元大-桃興,2023-04-14,9894
00679B,元大美債20年,51,0,51,元大-桃興,2023-04-14,9894
2409,友達,79,30,49,元大-桃興,2023-04-14,9894
3049,精金,49,11,38,元大-桃興,2023-04-14,9894
2601,益航,38,0,38,元大-桃興,2023-04-14,9894
00720B,元大投資級公司債,36,0,36,元大-桃興,2023-04-14,9894
2489,瑞軒,35,0,35,元大-桃興,2023-04-14,9894
3481,群創,98,65,33,元大-桃興,2023-04-14,9894
3058,立德,87,55,32,元大-桃興,2023-04-14,9894
6469,大樹,35,7,28,元大-桃興,2023-04-14,9894
00632R,元大台灣50反1,129,101,28,元大-桃興,2023-04-14,9894
2344,華邦電,34,6,28,元大-桃興,2023-04-14,9894
2002,中鋼,29,2,27,元大-桃興,2023-04-14,9894
00687B,國泰20年美債,27,0,27,元大-桃興,2023-04-14,9894
2303,聯電,28,4,24,元大-桃興,2023-04-14,9894
2515,中工,76,52,24,元大-桃興,2023-04-14,9894
3011,今皓,23,0,23,元大-桃興,2023-04-14,9894
00773B,中信優先金融債,23,0,23,元大-桃興,2023-04-14,9894
5488,松普,30,7,23,元大-桃興,2023-04-14,9894
3037,欣興,26,4,22,元大-桃興,2023-04-14,9894
6285,啟��,24,2,22,元大-桃興,2023-04-14,9894
00673R,期元大S＆P原油反1,22,1,21,元大-桃興,2023-04-14,9894
00712,復華富時不動產,25,5,20,元大-桃興,2023-04-14,9894
2382,廣達,21,1,20,元大-桃興,2023-04-14,9894
6203,海韻電,20,1,19,元大-桃興,2023-04-14,9894
3447,展達,21,2,19,元大-桃興,2023-04-14,9894
8222,寶一,64,45,19,元大-桃興,2023-04-14,9894
4743,合一,20,2,18,元大-桃興,2023-04-14,9894
2359,所羅門,75,57,18,元大-桃興,2023-04-14,9894
00751B,元大AAA至A公司債,16,0,16,元大-桃興,2023-04-14,9894
4168,醣聯,16,0,16,元大-桃興,2023-04-14,9894
1734,杏輝,16,0,16,元大-桃興,2023-04-14,9894
3715,定穎投控,24,8,16,元大-桃興,2023-04-14,9894
6190,萬泰科,20,4,16,元大-桃興,2023-04-14,9894
2027,大成鋼,17,1,16,元大-桃興,2023-04-14,9894
6180,橘子,16,1,15,元大-桃興,2023-04-14,9894
00772B,中信高評級公司債,16,1,15,元大-桃興,2023-04-14,9894
1514,亞力,39,24,15,元大-桃興,2023-04-14,9894
5222,全訊,17,2,15,元大-桃興,2023-04-14,9894
4114,健喬,24,9,15,元大-桃興,2023-04-14,9894
1609,大亞,29,14,15,元大-桃興,2023-04-14,9894
5009,榮剛,125,111,14,元大-桃興,2023-04-14,9894
3025,星通,15,2,13,元大-桃興,2023-04-14,9894
3006,晶豪科,14,1,13,元大-桃興,2023-04-14,9894
1503,士電,107,12,95,元大-桃興,2023-04-17,9894
2515,中工,144,59,85,元大-桃興,2023-04-17,9894
2867,三商壽,100,20,80,元大-桃興,2023-04-17,9894
6209,今國光,77,1,76,元大-桃興,2023-04-17,9894
5009,榮剛,192,125,67,元大-桃興,2023-04-17,9894
2421,建準,73,7,66,元大-桃興,2023-04-17,9894
00720B,元大投資級公司債,63,0,63,元大-桃興,2023-04-17,9894
00712,復華富時不動產,57,0,57,元大-桃興,2023-04-17,9894
2610,華航,58,5,53,元大-桃興,2023-04-17,9894
2312,金寶,70,18,52,元大-桃興,2023-04-17,9894
6244,茂迪,46,2,44,元大-桃興,2023-04-17,9894
00679B,元大美債20年,45,2,43,元大-桃興,2023-04-17,9894
6190,萬泰科,86,46,40,元大-桃興,2023-04-17,9894
2329,華泰,141,102,39,元大-桃興,2023-04-17,9894
1906,寶隆,37,0,37,元大-桃興,2023-04-17,9894
3481,群創,66,30,36,元大-桃興,2023-04-17,9894
3162,精確,35,1,34,元大-桃興,2023-04-17,9894
2885,元大金,32,0,32,元大-桃興,2023-04-17,9894
2915,潤泰全,32,0,32,元大-桃興,2023-04-17,9894
2634,漢翔,140,109,31,元大-桃興,2023-04-17,9894
6129,普誠,44,15,29,元大-桃興,2023-04-17,9894
2208,台船,66,38,28,元大-桃興,2023-04-17,9894
4173,久裕,26,0,26,元大-桃興,2023-04-17,9894
1514,亞力,33,8,25,元大-桃興,2023-04-17,9894
2382,廣達,27,3,24,元大-桃興,2023-04-17,9894
3032,偉訓,30,8,22,元大-桃興,2023-04-17,9894
2399,映泰,22,0,22,元大-桃興,2023-04-17,9894
3682,亞太電,20,0,20,元大-桃興,2023-04-17,9894
2327,國巨,21,1,20,元大-桃興,2023-04-17,9894
1504,東元,43,25,18,元大-桃興,2023-04-17,9894
00772B,中信高評級公司債,18,1,17,元大-桃興,2023-04-17,9894
2486,一詮,24,8,16,元大-桃興,2023-04-17,9894
2454,聯發科,22,7,15,元大-桃興,2023-04-17,9894
2489,瑞軒,15,0,15,元大-桃興,2023-04-17,9894
2530,華建,15,0,15,元大-桃興,2023-04-17,9894
2886,兆豐金,14,0,14,元大-桃興,2023-04-17,9894
3624,光頡,21,7,14,元大-桃興,2023-04-17,9894
6282,康舒,20,6,14,元大-桃興,2023-04-17,9894
6770,力積電,14,1,13,元大-桃興,2023-04-17,9894
8432,東生華,13,0,13,元大-桃興,2023-04-17,9894
1720,生達,16,4,12,元大-桃興,2023-04-17,9894
3447,展達,12,0,12,元大-桃興,2023-04-17,9894
8996,高力,18,6,12,元大-桃興,2023-04-17,9894
00673R,期元大S＆P原油反1,13,2,11,元大-桃興,2023-04-17,9894
4543,萬在,11,0,11,元大-桃興,2023-04-17,9894
00680L,元大美債20正2,11,0,11,元大-桃興,2023-04-17,9894
3652,精聯,13,2,11,元大-桃興,2023-04-17,9894
6180,橘子,12,1,11,元大-桃興,2023-04-17,9894
3037,欣興,12,1,11,元大-桃興,2023-04-17,9894
1336,台翰,10,0,10,元大-桃興,2023-04-17,9894
00900,富邦特選高股息30,104,0,104,元大-桃興,2023-04-18,9894
9907,統一實,84,1,83,元大-桃興,2023-04-18,9894
00885,富邦越南,73,0,73,元大-桃興,2023-04-18,9894
6120,達運,73,0,73,元大-桃興,2023-04-18,9894
2634,漢翔,141,73,68,元大-桃興,2023-04-18,9894
2344,華邦電,58,6,52,元大-桃興,2023-04-18,9894
00673R,期元大S＆P原油反1,50,2,48,元大-桃興,2023-04-18,9894
4755,三福化,46,1,45,元大-桃興,2023-04-18,9894
00679B,元大美債20年,40,1,39,元大-桃興,2023-04-18,9894
2609,陽明,48,13,35,元大-桃興,2023-04-18,9894
3447,展達,35,2,33,元大-桃興,2023-04-18,9894
2457,飛宏,126,95,31,元大-桃興,2023-04-18,9894
2453,凌群,35,6,29,元大-桃興,2023-04-18,9894
3481,群創,32,3,29,元大-桃興,2023-04-18,9894
0056,元大高股息,31,2,29,元大-桃興,2023-04-18,9894
2605,新興,26,0,26,元大-桃興,2023-04-18,9894
2002,中鋼,25,0,25,元大-桃興,2023-04-18,9894
8105,凌巨,28,3,25,元大-桃興,2023-04-18,9894
3217,優群,26,1,25,元大-桃興,2023-04-18,9894
00680L,元大美債20正2,32,8,24,元大-桃興,2023-04-18,9894
5009,榮剛,83,61,22,元大-桃興,2023-04-18,9894
2610,華航,22,1,21,元大-桃興,2023-04-18,9894
5328,華容,21,0,21,元大-桃興,2023-04-18,9894
3231,緯創,28,8,20,元大-桃興,2023-04-18,9894
00905,FT臺灣Smart,20,0,20,元大-桃興,2023-04-18,9894
1609,大亞,37,18,19,元大-桃興,2023-04-18,9894
2603,長榮,30,11,19,元大-桃興,2023-04-18,9894
2748,雲品,21,3,18,元大-桃興,2023-04-18,9894
6148,驊宏資,26,8,18,元大-桃興,2023-04-18,9894
2409,友達,21,4,17,元大-桃興,2023-04-18,9894
00878,國泰永續高股息,29,13,16,元大-桃興,2023-04-18,9894
4977,眾達-KY,20,4,16,元大-桃興,2023-04-18,9894
6285,啟��,16,1,15,元大-桃興,2023-04-18,9894
00712,復華富時不動產,15,0,15,元大-桃興,2023-04-18,9894
00720B,元大投資級公司債,15,0,15,元大-桃興,2023-04-18,9894
1718,中纖,15,0,15,元大-桃興,2023-04-18,9894
2729,瓦城,16,1,15,元大-桃興,2023-04-18,9894
6829,千附精密,19,4,15,元大-桃興,2023-04-18,9894
00751B,元大AAA至A公司債,14,0,14,元大-桃興,2023-04-18,9894
6182,合晶,16,2,14,元大-桃興,2023-04-18,9894
2406,國碩,14,0,14,元大-桃興,2023-04-18,9894
8996,高力,14,0,14,元大-桃興,2023-04-18,9894
2851,中再保,15,2,13,元大-桃興,2023-04-18,9894
3576,聯合再生,78,65,13,元大-桃興,2023-04-18,9894
2454,聯發科,20,7,13,元大-桃興,2023-04-18,9894
4968,立積,25,12,13,元大-桃興,2023-04-18,9894
2888,新光金,43,31,12,元大-桃興,2023-04-18,9894
6196,帆宣,12,0,12,元大-桃興,2023-04-18,9894
1529,樂事綠能,27,15,12,元大-桃興,2023-04-18,9894
6244,茂迪,87,76,11,元大-桃興,2023-04-18,9894
3481,群創,421,208,213,元大-桃興,2023-04-19,9894
2888,新光金,212,8,204,元大-桃興,2023-04-19,9894
3576,聯合再生,185,84,101,元大-桃興,2023-04-19,9894
1514,亞力,83,6,77,元大-桃興,2023-04-19,9894
4979,華星光,68,30,38,元大-桃興,2023-04-19,9894
00673R,期元大S＆P原油反1,35,0,35,元大-桃興,2023-04-19,9894
6443,元晶,79,47,32,元大-桃興,2023-04-19,9894
1802,台玻,50,21,29,元大-桃興,2023-04-19,9894
00922,國泰台灣領袖50,29,0,29,元大-桃興,2023-04-19,9894
00878,國泰永續高股息,30,3,27,元大-桃興,2023-04-19,9894
2009,第一銅,31,4,27,元大-桃興,2023-04-19,9894
2406,國碩,30,5,25,元大-桃興,2023-04-19,9894
00637L,元大滬深300正2,24,1,23,元大-桃興,2023-04-19,9894
6120,達運,22,0,22,元大-桃興,2023-04-19,9894
1312,國喬,21,0,21,元大-桃興,2023-04-19,9894
3037,欣興,24,3,21,元大-桃興,2023-04-19,9894
2883,凱基金,19,0,19,元大-桃興,2023-04-19,9894
2542,興富發,20,1,19,元大-桃興,2023-04-19,9894
3048,益登,20,1,19,元大-桃興,2023-04-19,9894
6770,力積電,39,21,18,元大-桃興,2023-04-19,9894
00720B,元大投資級公司債,18,0,18,元大-桃興,2023-04-19,9894
3029,零壹,18,0,18,元大-桃興,2023-04-19,9894
5469,瀚宇博,17,0,17,元大-桃興,2023-04-19,9894
1734,杏輝,16,0,16,元大-桃興,2023-04-19,9894
8091,翔名,20,4,16,元大-桃興,2023-04-19,9894
6148,驊宏資,25,9,16,元大-桃興,2023-04-19,9894
3673,TPK-KY,29,13,16,元大-桃興,2023-04-19,9894
00712,復華富時不動產,16,0,16,元大-桃興,2023-04-19,9894
8403,盛弘,15,0,15,元大-桃興,2023-04-19,9894
4961,天鈺,16,2,14,元大-桃興,2023-04-19,9894
2328,廣宇,16,2,14,元大-桃興,2023-04-19,9894
00680L,元大美債20正2,14,0,14,元大-桃興,2023-04-19,9894
5512,力麒,14,0,14,元大-桃興,2023-04-19,9894
3545,敦泰,15,2,13,元大-桃興,2023-04-19,9894
3013,晟銘電,19,6,13,元大-桃興,2023-04-19,9894
2471,資通,23,10,13,元大-桃興,2023-04-19,9894
3711,日月光投控,17,5,12,元大-桃興,2023-04-19,9894
2023,燁輝,12,0,12,元大-桃興,2023-04-19,9894
5439,高技,16,4,12,元大-桃興,2023-04-19,9894
6531,愛普*,12,0,12,元大-桃興,2023-04-19,9894
00679B,元大美債20年,15,4,11,元大-桃興,2023-04-19,9894
2882,國泰金,11,0,11,元大-桃興,2023-04-19,9894
1522,堤維西,15,4,11,元大-桃興,2023-04-19,9894
5465,富驊,15,4,11,元大-桃興,2023-04-19,9894
2630,亞航,12,1,11,元大-桃興,2023-04-19,9894
5328,華容,11,0,11,元大-桃興,2023-04-19,9894
5222,全訊,15,4,11,元大-桃興,2023-04-19,9894
6271,同欣電,11,0,11,元大-桃興,2023-04-19,9894
6182,合晶,40,30,10,元大-桃興,2023-04-19,9894
3479,安勤,12,2,10,元大-桃興,2023-04-19,9894
2610,華航,341,8,333,元大-桃興,2023-04-20,9894
6770,力積電,109,9,100,元大-桃興,2023-04-20,9894
2515,中工,97,7,90,元大-桃興,2023-04-20,9894
00715L,期街口布蘭特正2,74,0,74,元大-桃興,2023-04-20,9894
3576,聯合再生,74,6,68,元大-桃興,2023-04-20,9894
4114,健喬,67,17,50,元大-桃興,2023-04-20,9894
1701,中化,50,0,50,元大-桃興,2023-04-20,9894
2727,王品,50,7,43,元大-桃興,2023-04-20,9894
2812,台中銀,36,0,36,元大-桃興,2023-04-20,9894
1784,訊聯,40,8,32,元大-桃興,2023-04-20,9894
00637L,元大滬深300正2,28,0,28,元大-桃興,2023-04-20,9894
6469,大樹,41,13,28,元大-桃興,2023-04-20,9894
2303,聯電,35,8,27,元大-桃興,2023-04-20,9894
8105,凌巨,36,10,26,元大-桃興,2023-04-20,9894
00712,復華富時不動產,23,0,23,元大-桃興,2023-04-20,9894
2312,金寶,28,5,23,元大-桃興,2023-04-20,9894
1409,新纖,37,16,21,元大-桃興,2023-04-20,9894
6282,康舒,102,81,21,元大-桃興,2023-04-20,9894
6138,茂達,24,4,20,元大-桃興,2023-04-20,9894
5302,太欣,20,0,20,元大-桃興,2023-04-20,9894
3092,鴻碩,23,3,20,元大-桃興,2023-04-20,9894
3078,僑威,82,63,19,元大-桃興,2023-04-20,9894
4977,眾達-KY,18,0,18,元大-桃興,2023-04-20,9894
4167,松瑞藥,27,9,18,元大-桃興,2023-04-20,9894
00633L,富邦上証正2,38,21,17,元大-桃興,2023-04-20,9894
1904,正隆,28,11,17,元大-桃興,2023-04-20,9894
2457,飛宏,31,15,16,元大-桃興,2023-04-20,9894
1711,永光,16,0,16,元大-桃興,2023-04-20,9894
00878,國泰永續高股息,25,10,15,元大-桃興,2023-04-20,9894
6244,茂迪,92,77,15,元大-桃興,2023-04-20,9894
3205,佰研,15,1,14,元大-桃興,2023-04-20,9894
2002,中鋼,17,3,14,元大-桃興,2023-04-20,9894
6120,達運,14,0,14,元大-桃興,2023-04-20,9894
2344,華邦電,21,8,13,元大-桃興,2023-04-20,9894
1515,力山,13,0,13,元大-桃興,2023-04-20,9894
00720B,元大投資級公司債,13,0,13,元大-桃興,2023-04-20,9894
2324,仁寶,18,6,12,元大-桃興,2023-04-20,9894
4906,正文,12,0,12,元大-桃興,2023-04-20,9894
00680L,元大美債20正2,12,0,12,元大-桃興,2023-04-20,9894
1522,堤維西,15,3,12,元大-桃興,2023-04-20,9894
00706L,期元大S＆P日圓正2,12,0,12,元大-桃興,2023-04-20,9894
2498,宏達電,19,7,12,元大-桃興,2023-04-20,9894
1609,大亞,22,10,12,元大-桃興,2023-04-20,9894
00673R,期元大S＆P原油反1,44,32,12,元大-桃興,2023-04-20,9894
6217,中探針,11,0,11,元大-桃興,2023-04-20,9894
2542,興富發,16,5,11,元大-桃興,2023-04-20,9894
2614,東森,11,0,11,元大-桃興,2023-04-20,9894
2482,連宇,16,5,11,元大-桃興,2023-04-20,9894
2208,台船,16,6,10,元大-桃興,2023-04-20,9894
2461,光群雷,10,0,10,元大-桃興,2023-04-20,9894
00637L,元大滬深300正2,244,1,243,元大-桃興,2023-04-21,9894
3058,立德,177,57,120,元大-桃興,2023-04-21,9894
2609,陽明,73,14,59,元大-桃興,2023-04-21,9894
1312,國喬,61,5,56,元大-桃興,2023-04-21,9894
3481,群創,104,50,54,元大-桃興,2023-04-21,9894
00720B,元大投資級公司債,48,0,48,元大-桃興,2023-04-21,9894
3576,聯合再生,118,77,41,元大-桃興,2023-04-21,9894
4979,華星光,52,14,38,元大-桃興,2023-04-21,9894
6770,力積電,42,5,37,元大-桃興,2023-04-21,9894
1611,中電,63,26,37,元大-桃興,2023-04-21,9894
2739,寒舍,36,0,36,元大-桃興,2023-04-21,9894
2312,金寶,36,0,36,元大-桃興,2023-04-21,9894
2913,農林,76,41,35,元大-桃興,2023-04-21,9894
8033,雷虎,32,0,32,元大-桃興,2023-04-21,9894
00712,復華富時不動產,31,0,31,元大-桃興,2023-04-21,9894
2344,華邦電,50,20,30,元大-桃興,2023-04-21,9894
2471,資通,40,10,30,元大-桃興,2023-04-21,9894
00665L,富邦�琤肭磪囓�2,29,0,29,元大-桃興,2023-04-21,9894
2615,萬海,40,12,28,元大-桃興,2023-04-21,9894
4114,健喬,28,2,26,元大-桃興,2023-04-21,9894
6111,大宇資,25,1,24,元大-桃興,2023-04-21,9894
00679B,元大美債20年,25,1,24,元大-桃興,2023-04-21,9894
3038,全台,25,1,24,元大-桃興,2023-04-21,9894
3024,憶聲,24,0,24,元大-桃興,2023-04-21,9894
5371,中光電,26,3,23,元大-桃興,2023-04-21,9894
2610,華航,171,149,22,元大-桃興,2023-04-21,9894
3013,晟銘電,27,5,22,元大-桃興,2023-04-21,9894
6163,華電網,49,29,20,元大-桃興,2023-04-21,9894
0056,元大高股息,25,6,19,元大-桃興,2023-04-21,9894
6271,同欣電,20,1,19,元大-桃興,2023-04-21,9894
2006,東和鋼鐵,16,0,16,元大-桃興,2023-04-21,9894
00882,中信中國高股息,20,5,15,元大-桃興,2023-04-21,9894
00633L,富邦上証正2,15,0,15,元大-桃興,2023-04-21,9894
00669R,國泰美國道瓊反1,15,0,15,元大-桃興,2023-04-21,9894
2027,大成鋼,15,0,15,元大-桃興,2023-04-21,9894
00680L,元大美債20正2,15,3,12,元大-桃興,2023-04-21,9894
1522,堤維西,12,0,12,元大-桃興,2023-04-21,9894
5425,台半,14,2,12,元大-桃興,2023-04-21,9894
00878,國泰永續高股息,25,14,11,元大-桃興,2023-04-21,9894
00772B,中信高評級公司債,11,0,11,元大-桃興,2023-04-21,9894
00896,中信綠能及電動車,11,0,11,元大-桃興,2023-04-21,9894
1710,東聯,31,20,11,元大-桃興,2023-04-21,9894
8104,錸寶,11,0,11,元大-桃興,2023-04-21,9894
4919,新唐,11,1,10,元大-桃興,2023-04-21,9894
00715L,期街口布蘭特正2,12,2,10,元大-桃興,2023-04-21,9894
00900,富邦特選高股息30,10,0,10,元大-桃興,2023-04-21,9894
2327,國巨,10,0,10,元大-桃興,2023-04-21,9894
2406,國碩,10,0,10,元大-桃興,2023-04-21,9894
3062,建漢,10,0,10,元大-桃興,2023-04-21,9894
6226,光鼎,10,0,10,元大-桃興,2023-04-21,9894
6120,達運,130,0,130,元大-桃興,2023-04-24,9894
00637L,元大滬深300正2,211,140,71,元大-桃興,2023-04-24,9894
3078,僑威,64,17,47,元大-桃興,2023-04-24,9894
00878,國泰永續高股息,47,6,41,元大-桃興,2023-04-24,9894
6244,茂迪,55,17,38,元大-桃興,2023-04-24,9894
1514,亞力,39,6,33,元大-桃興,2023-04-24,9894
3481,群創,32,0,32,元大-桃興,2023-04-24,9894
8933,愛地雅,31,0,31,元大-桃興,2023-04-24,9894
1709,和益,27,3,24,元大-桃興,2023-04-24,9894
00712,復華富時不動產,35,11,24,元大-桃興,2023-04-24,9894
5009,榮剛,25,2,23,元大-桃興,2023-04-24,9894
6218,豪勉,25,3,22,元大-桃興,2023-04-24,9894
8033,雷虎,20,0,20,元大-桃興,2023-04-24,9894
2492,華新科,19,0,19,元大-桃興,2023-04-24,9894
00772B,中信高評級公司債,19,0,19,元大-桃興,2023-04-24,9894
2913,農林,33,16,17,元大-桃興,2023-04-24,9894
0056,元大高股息,20,4,16,元大-桃興,2023-04-24,9894
00633L,富邦上証正2,15,0,15,元大-桃興,2023-04-24,9894
1605,華新,32,18,14,元大-桃興,2023-04-24,9894
6190,萬泰科,14,0,14,元大-桃興,2023-04-24,9894
6153,嘉聯益,14,0,14,元大-桃興,2023-04-24,9894
1101,台泥,51,37,14,元大-桃興,2023-04-24,9894
9911,櫻花,13,0,13,元大-桃興,2023-04-24,9894
00679B,元大美債20年,13,0,13,元大-桃興,2023-04-24,9894
2303,聯電,37,25,12,元大-桃興,2023-04-24,9894
00687B,國泰20年美債,12,0,12,元大-桃興,2023-04-24,9894
4747,強生,12,0,12,元大-桃興,2023-04-24,9894
2453,凌群,23,11,12,元大-桃興,2023-04-24,9894
2603,長榮,23,12,11,元大-桃興,2023-04-24,9894
00720B,元大投資級公司債,11,0,11,元大-桃興,2023-04-24,9894
00902,中信電池及儲能,11,0,11,元大-桃興,2023-04-24,9894
2851,中再保,10,0,10,元大-桃興,2023-04-24,9894
4931,新盛力,10,0,10,元大-桃興,2023-04-24,9894
8034,榮群,10,0,10,元大-桃興,2023-04-24,9894
1529,樂事綠能,10,0,10,元大-桃興,2023-04-24,9894
3682,亞太電,10,0,10,元大-桃興,2023-04-24,9894
2883B,凱基金乙特,10,0,10,元大-桃興,2023-04-24,9894
6202,盛群,10,0,10,元大-桃興,2023-04-24,9894
8432,東生華,10,0,10,元大-桃興,2023-04-24,9894
1513,中興電,13,4,9,元大-桃興,2023-04-24,9894
2324,仁寶,10,1,9,元大-桃興,2023-04-24,9894
2349,錸德,10,2,8,元大-桃興,2023-04-24,9894
6271,同欣電,8,0,8,元大-桃興,2023-04-24,9894
6535,順藥,8,0,8,元大-桃興,2023-04-24,9894
2606,裕民,9,1,8,元大-桃興,2023-04-24,9894
6806,森崴能源,12,5,7,元大-桃興,2023-04-24,9894
5465,富驊,13,6,7,元大-桃興,2023-04-24,9894
4953,緯軟,9,2,7,元大-桃興,2023-04-24,9894
2031,新光鋼,7,0,7,元大-桃興,2023-04-24,9894
00882,中信中國高股息,7,0,7,元大-桃興,2023-04-24,9894
2634,漢翔,145,75,70,元大-桃興,2023-04-25,9894
00902,中信電池及儲能,64,0,64,元大-桃興,2023-04-25,9894
2332,友訊,56,0,56,元大-桃興,2023-04-25,9894
00878,國泰永續高股息,82,29,53,元大-桃興,2023-04-25,9894
1217,愛之味,45,0,45,元大-桃興,2023-04-25,9894
00637L,元大滬深300正2,46,3,43,元大-桃興,2023-04-25,9894
2867,三商壽,52,10,42,元大-桃興,2023-04-25,9894
2489,瑞軒,42,0,42,元大-桃興,2023-04-25,9894
0056,元大高股息,60,22,38,元大-桃興,2023-04-25,9894
1513,中興電,40,4,36,元大-桃興,2023-04-25,9894
6741,91APP*-KY,41,6,35,元大-桃興,2023-04-25,9894
5009,榮剛,43,8,35,元大-桃興,2023-04-25,9894
1503,士電,57,24,33,元大-桃興,2023-04-25,9894
8240,華宏,33,0,33,元大-桃興,2023-04-25,9894
00900,富邦特選高股息30,41,9,32,元大-桃興,2023-04-25,9894
1909,榮成,134,102,32,元大-桃興,2023-04-25,9894
3231,緯創,40,9,31,元大-桃興,2023-04-25,9894
5880,合庫金,35,4,31,元大-桃興,2023-04-25,9894
2609,陽明,43,13,30,元大-桃興,2023-04-25,9894
1310,台苯,54,25,29,元大-桃興,2023-04-25,9894
2337,旺宏,35,6,29,元大-桃興,2023-04-25,9894
00753L,中信中國50正2,26,0,26,元大-桃興,2023-04-25,9894
2471,資通,46,21,25,元大-桃興,2023-04-25,9894
4960,誠美材,25,0,25,元大-桃興,2023-04-25,9894
2344,華邦電,42,18,24,元大-桃興,2023-04-25,9894
00712,復華富時不動產,23,0,23,元大-桃興,2023-04-25,9894
3071,協禧,39,17,22,元大-桃興,2023-04-25,9894
3290,東浦,21,0,21,元大-桃興,2023-04-25,9894
5351,鈺創,31,10,21,元大-桃興,2023-04-25,9894
1611,中電,20,0,20,元大-桃興,2023-04-25,9894
0050,元大台灣50,22,2,20,元大-桃興,2023-04-25,9894
00773B,中信優先金融債,20,0,20,元大-桃興,2023-04-25,9894
3058,立德,24,5,19,元大-桃興,2023-04-25,9894
1514,亞力,25,6,19,元大-桃興,2023-04-25,9894
4927,泰鼎-KY,18,0,18,元大-桃興,2023-04-25,9894
3303,岱稜,18,0,18,元大-桃興,2023-04-25,9894
2834,臺企銀,17,0,17,元大-桃興,2023-04-25,9894
2603,長榮,35,18,17,元大-桃興,2023-04-25,9894
2330,台積電,18,1,17,元大-桃興,2023-04-25,9894
6770,力積電,17,1,16,元大-桃興,2023-04-25,9894
2748,雲品,17,2,15,元大-桃興,2023-04-25,9894
2477,美隆電,15,0,15,元大-桃興,2023-04-25,9894
1734,杏輝,16,1,15,元大-桃興,2023-04-25,9894
1711,永光,27,13,14,元大-桃興,2023-04-25,9894
2363,矽統,16,2,14,元大-桃興,2023-04-25,9894
1101,台泥,88,74,14,元大-桃興,2023-04-25,9894
2204,中華,19,6,13,元大-桃興,2023-04-25,9894
6799,來頡,15,2,13,元大-桃興,2023-04-25,9894
3033,威健,12,0,12,元大-桃興,2023-04-25,9894
3308,聯德,12,0,12,元大-桃興,2023-04-25,9894
00712,復華富時不動產,67,0,67,元大-桃興,2023-04-26,9894
00637L,元大滬深300正2,61,4,57,元大-桃興,2023-04-26,9894
2303,聯電,65,13,52,元大-桃興,2023-04-26,9894
2610,華航,73,21,52,元大-桃興,2023-04-26,9894
00878,國泰永續高股息,51,1,50,元大-桃興,2023-04-26,9894
4979,華星光,52,7,45,元大-桃興,2023-04-26,9894
00885,富邦越南,49,5,44,元大-桃興,2023-04-26,9894
2609,陽明,47,9,38,元大-桃興,2023-04-26,9894
00676R,富邦臺灣加權反1,37,10,27,元大-桃興,2023-04-26,9894
00715L,期街口布蘭特正2,21,1,20,元大-桃興,2023-04-26,9894
8105,凌巨,27,7,20,元大-桃興,2023-04-26,9894
4960,誠美材,20,0,20,元大-桃興,2023-04-26,9894
1312,國喬,20,0,20,元大-桃興,2023-04-26,9894
3004,豐達科,20,0,20,元大-桃興,2023-04-26,9894
8222,寶一,29,10,19,元大-桃興,2023-04-26,9894
2607,榮運,47,28,19,元大-桃興,2023-04-26,9894
2409,友達,19,1,18,元大-桃興,2023-04-26,9894
2867,三商壽,17,0,17,元大-桃興,2023-04-26,9894
00772B,中信高評級公司債,21,4,17,元大-桃興,2023-04-26,9894
1101,台泥,23,7,16,元大-桃興,2023-04-26,9894
3035,智原,46,30,16,元大-桃興,2023-04-26,9894
2332,友訊,15,0,15,元大-桃興,2023-04-26,9894
2834,臺企銀,15,0,15,元大-桃興,2023-04-26,9894
1718,中纖,14,0,14,元大-桃興,2023-04-26,9894
6120,達運,13,0,13,元大-桃興,2023-04-26,9894
6770,力積電,31,18,13,元大-桃興,2023-04-26,9894
0050,元大台灣50,15,2,13,元大-桃興,2023-04-26,9894
6217,中探針,14,2,12,元大-桃興,2023-04-26,9894
2634,漢翔,49,37,12,元大-桃興,2023-04-26,9894
4157,太景*-KY,12,0,12,元大-桃興,2023-04-26,9894
00923,群益台ESG低碳50,11,0,11,元大-桃興,2023-04-26,9894
3058,立德,20,9,11,元大-桃興,2023-04-26,9894
00893,國泰智能電動車,11,0,11,元大-桃興,2023-04-26,9894
3693,營邦,10,0,10,元大-桃興,2023-04-26,9894
3114,好德,10,0,10,元大-桃興,2023-04-26,9894
6122,擎邦,12,2,10,元大-桃興,2023-04-26,9894
1313,聯成,10,0,10,元大-桃興,2023-04-26,9894
1721,三晃,51,41,10,元大-桃興,2023-04-26,9894
2495,普安,12,2,10,元大-桃興,2023-04-26,9894
020037,元大金融高股息N,10,0,10,元大-桃興,2023-04-26,9894
6753,龍德造船,10,0,10,元大-桃興,2023-04-26,9894
3207,耀勝,10,0,10,元大-桃興,2023-04-26,9894
8403,盛弘,10,1,9,元大-桃興,2023-04-26,9894
00664R,國泰臺灣加權反1,9,0,9,元大-桃興,2023-04-26,9894
3305,昇貿,9,0,9,元大-桃興,2023-04-26,9894
8227,巨有科技,11,2,9,元大-桃興,2023-04-26,9894
6806,森崴能源,28,20,8,元大-桃興,2023-04-26,9894
1802,台玻,8,0,8,元大-桃興,2023-04-26,9894
4741,泓瀚,13,5,8,元大-桃興,2023-04-26,9894
2727,王品,12,5,7,元大-桃興,2023-04-26,9894
2303,聯電,222,12,210,元大-桃興,2023-04-27,9894
00715L,期街口布蘭特正2,53,1,52,元大-桃興,2023-04-27,9894
1711,永光,236,191,45,元大-桃興,2023-04-27,9894
1519,華城,51,7,44,元大-桃興,2023-04-27,9894
3481,群創,33,3,30,元大-桃興,2023-04-27,9894
8933,愛地雅,29,0,29,元大-桃興,2023-04-27,9894
00885,富邦越南,28,0,28,元大-桃興,2023-04-27,9894
0050,元大台灣50,28,0,28,元大-桃興,2023-04-27,9894
3164,景岳,28,0,28,元大-桃興,2023-04-27,9894
2344,華邦電,30,2,28,元大-桃興,2023-04-27,9894
00878,國泰永續高股息,28,0,28,元大-桃興,2023-04-27,9894
6806,森崴能源,37,10,27,元大-桃興,2023-04-27,9894
2002,中鋼,27,1,26,元大-桃興,2023-04-27,9894
3037,欣興,30,6,24,元大-桃興,2023-04-27,9894
00712,復華富時不動產,26,2,24,元大-桃興,2023-04-27,9894
2606,裕民,23,0,23,元大-桃興,2023-04-27,9894
2609,陽明,36,15,21,元大-桃興,2023-04-27,9894
4714,永捷,22,2,20,元大-桃興,2023-04-27,9894
6185,幃翔,20,0,20,元大-桃興,2023-04-27,9894
6282,康舒,37,19,18,元大-桃興,2023-04-27,9894
00665L,富邦�琤肭磪囓�2,18,0,18,元大-桃興,2023-04-27,9894
6234,高僑,21,4,17,元大-桃興,2023-04-27,9894
1802,台玻,16,0,16,元大-桃興,2023-04-27,9894
2603,長榮,16,1,15,元大-桃興,2023-04-27,9894
00720B,元大投資級公司債,15,0,15,元大-桃興,2023-04-27,9894
2405,輔信,15,0,15,元大-桃興,2023-04-27,9894
2330,台積電,15,0,15,元大-桃興,2023-04-27,9894
00753L,中信中國50正2,21,7,14,元大-桃興,2023-04-27,9894
1905,華紙,25,11,14,元大-桃興,2023-04-27,9894
2630,亞航,16,2,14,元大-桃興,2023-04-27,9894
0056,元大高股息,14,1,13,元大-桃興,2023-04-27,9894
2615,萬海,23,10,13,元大-桃興,2023-04-27,9894
2393,億光,13,0,13,元大-桃興,2023-04-27,9894
00642U,期元大S＆P石油,11,0,11,元大-桃興,2023-04-27,9894
4743,合一,12,1,11,元大-桃興,2023-04-27,9894
8383,千附,16,5,11,元大-桃興,2023-04-27,9894
2409,友達,21,10,11,元大-桃興,2023-04-27,9894
2913,農林,21,10,11,元大-桃興,2023-04-27,9894
2883B,凱基金乙特,10,0,10,元大-桃興,2023-04-27,9894
00676R,富邦臺灣加權反1,10,0,10,元大-桃興,2023-04-27,9894
2834,臺企銀,11,1,10,元大-桃興,2023-04-27,9894
2401,凌陽,10,0,10,元大-桃興,2023-04-27,9894
00772B,中信高評級公司債,19,10,9,元大-桃興,2023-04-27,9894
2482,連宇,16,7,9,元大-桃興,2023-04-27,9894
2022,聚亨,10,1,9,元大-桃興,2023-04-27,9894
3338,泰碩,9,0,9,元大-桃興,2023-04-27,9894
4979,華星光,12,4,8,元大-桃興,2023-04-27,9894
3265,台星科,12,4,8,元大-桃興,2023-04-27,9894
2317,鴻海,10,2,8,元大-桃興,2023-04-27,9894
2031,新光鋼,8,0,8,元大-桃興,2023-04-27,9894
2337,旺宏,249,3,246,元大-桃興,2023-04-28,9894
3481,群創,126,17,109,元大-桃興,2023-04-28,9894
2344,華邦電,73,9,64,元大-桃興,2023-04-28,9894
2607,榮運,52,0,52,元大-桃興,2023-04-28,9894
3624,光頡,54,3,51,元大-桃興,2023-04-28,9894
1524,耿鼎,51,1,50,元大-桃興,2023-04-28,9894
1605,華新,64,19,45,元大-桃興,2023-04-28,9894
2409,友達,60,15,45,元大-桃興,2023-04-28,9894
2457,飛宏,46,15,31,元大-桃興,2023-04-28,9894
1711,永光,44,14,30,元大-桃興,2023-04-28,9894
2880,華南金,27,0,27,元大-桃興,2023-04-28,9894
00679B,元大美債20年,27,0,27,元大-桃興,2023-04-28,9894
8093,保銳,24,0,24,元大-桃興,2023-04-28,9894
2453,凌群,33,10,23,元大-桃興,2023-04-28,9894
6770,力積電,27,6,21,元大-桃興,2023-04-28,9894
9933,中鼎,20,0,20,元大-桃興,2023-04-28,9894
4906,正文,20,0,20,元大-桃興,2023-04-28,9894
2002,中鋼,19,0,19,元大-桃興,2023-04-28,9894
6163,華電網,33,15,18,元大-桃興,2023-04-28,9894
6116,彩晶,18,0,18,元大-桃興,2023-04-28,9894
4543,萬在,23,6,17,元大-桃興,2023-04-28,9894
2402,毅嘉,26,9,17,元大-桃興,2023-04-28,9894
1721,三晃,23,7,16,元大-桃興,2023-04-28,9894
00671R,富邦NASDAQ反1,15,0,15,元大-桃興,2023-04-28,9894
6733,博晟生醫,16,1,15,元大-桃興,2023-04-28,9894
00885,富邦越南,15,0,15,元大-桃興,2023-04-28,9894
1310,台苯,22,8,14,元大-桃興,2023-04-28,9894
2834,臺企銀,15,1,14,元大-桃興,2023-04-28,9894
00720B,元大投資級公司債,13,0,13,元大-桃興,2023-04-28,9894
00687B,國泰20年美債,13,0,13,元大-桃興,2023-04-28,9894
6266,泰詠,16,4,12,元大-桃興,2023-04-28,9894
2451,創見,12,0,12,元大-桃興,2023-04-28,9894
3058,立德,13,1,12,元大-桃興,2023-04-28,9894
00712,復華富時不動產,22,11,11,元大-桃興,2023-04-28,9894
2606,裕民,19,8,11,元大-桃興,2023-04-28,9894
2732,六角,10,0,10,元大-桃興,2023-04-28,9894
3141,晶宏,10,0,10,元大-桃興,2023-04-28,9894
00706L,期元大S＆P日圓正2,10,0,10,元大-桃興,2023-04-28,9894
6185,幃翔,10,0,10,元大-桃興,2023-04-28,9894
3363,上詮,115,105,10,元大-桃興,2023-04-28,9894
6142,友勁,10,0,10,元大-桃興,2023-04-28,9894
2444,兆勁,10,0,10,元大-桃興,2023-04-28,9894
6443,元晶,17,7,10,元大-桃興,2023-04-28,9894
00901,永豐智能車供應鏈,10,0,10,元大-桃興,2023-04-28,9894
911868,同方友友-DR,10,0,10,元大-桃興,2023-04-28,9894
00795B,中信美國公債20年,10,0,10,元大-桃興,2023-04-28,9894
6190,萬泰科,10,0,10,元大-桃興,2023-04-28,9894
6535,順藥,10,0,10,元大-桃興,2023-04-28,9894
8112,至上,10,0,10,元大-桃興,2023-04-28,9894
2303,聯電,35,25,10,元大-桃興,2023-04-28,9894
9105,泰金寶-DR,96,0,96,元大-桃興,2023-05-02,9894
2603,長榮,105,16,89,元大-桃興,2023-05-02,9894
2609,陽明,73,0,73,元大-桃興,2023-05-02,9894
8033,雷虎,49,0,49,元大-桃興,2023-05-02,9894
00679B,元大美債20年,47,2,45,元大-桃興,2023-05-02,9894
2461,光群雷,40,1,39,元大-桃興,2023-05-02,9894
1514,亞力,52,15,37,元大-桃興,2023-05-02,9894
1802,台玻,90,55,35,元大-桃興,2023-05-02,9894
00687B,國泰20年美債,33,0,33,元大-桃興,2023-05-02,9894
4114,健喬,40,7,33,元大-桃興,2023-05-02,9894
00751B,元大AAA至A公司債,28,0,28,元大-桃興,2023-05-02,9894
911868,同方友友-DR,34,6,28,元大-桃興,2023-05-02,9894
2417,圓剛,30,2,28,元大-桃興,2023-05-02,9894
2606,裕民,31,5,26,元大-桃興,2023-05-02,9894
5009,榮剛,33,7,26,元大-桃興,2023-05-02,9894
6120,達運,25,0,25,元大-桃興,2023-05-02,9894
00632R,元大台灣50反1,23,0,23,元大-桃興,2023-05-02,9894
4755,三福化,24,1,23,元大-桃興,2023-05-02,9894
2489,瑞軒,44,23,21,元大-桃興,2023-05-02,9894
2101,南港,22,1,21,元大-桃興,2023-05-02,9894
2610,華航,32,12,20,元大-桃興,2023-05-02,9894
2615,萬海,21,1,20,元大-桃興,2023-05-02,9894
3141,晶宏,26,6,20,元大-桃興,2023-05-02,9894
1528,恩德,58,38,20,元大-桃興,2023-05-02,9894
4906,正文,20,0,20,元大-桃興,2023-05-02,9894
2634,漢翔,34,14,20,元大-桃興,2023-05-02,9894
6770,力積電,27,8,19,元大-桃興,2023-05-02,9894
2883,凱基金,21,2,19,元大-桃興,2023-05-02,9894
3032,偉訓,28,10,18,元大-桃興,2023-05-02,9894
00720B,元大投資級公司債,19,2,17,元大-桃興,2023-05-02,9894
1734,杏輝,27,11,16,元大-桃興,2023-05-02,9894
2402,毅嘉,22,6,16,元大-桃興,2023-05-02,9894
00650L,復華香港正2,16,0,16,元大-桃興,2023-05-02,9894
00773B,中信優先金融債,15,0,15,元大-桃興,2023-05-02,9894
1471,首利,14,0,14,元大-桃興,2023-05-02,9894
6188,廣明,14,0,14,元大-桃興,2023-05-02,9894
6116,彩晶,20,6,14,元大-桃興,2023-05-02,9894
00772B,中信高評級公司債,16,2,14,元大-桃興,2023-05-02,9894
2884,玉山金,24,11,13,元大-桃興,2023-05-02,9894
4967,十銓,19,6,13,元大-桃興,2023-05-02,9894
2344,華邦電,47,34,13,元大-桃興,2023-05-02,9894
4168,醣聯,18,5,13,元大-桃興,2023-05-02,9894
9941,裕融,13,1,12,元大-桃興,2023-05-02,9894
00706L,期元大S＆P日圓正2,12,0,12,元大-桃興,2023-05-02,9894
2530,華建,12,0,12,元大-桃興,2023-05-02,9894
3038,全台,22,10,12,元大-桃興,2023-05-02,9894
2471,資通,33,22,11,元大-桃興,2023-05-02,9894
6733,博晟生醫,12,1,11,元大-桃興,2023-05-02,9894
2022,聚亨,14,3,11,元大-桃興,2023-05-02,9894
2359,所羅門,11,0,11,元大-桃興,2023-05-02,9894
00712,復華富時不動產,191,1,190,元大-桃興,2023-05-03,9894
00715L,期街口布蘭特正2,117,1,116,元大-桃興,2023-05-03,9894
00753L,中信中國50正2,75,0,75,元大-桃興,2023-05-03,9894
3481,群創,111,36,75,元大-桃興,2023-05-03,9894
2609,陽明,66,7,59,元大-桃興,2023-05-03,9894
00637L,元大滬深300正2,53,0,53,元大-桃興,2023-05-03,9894
2601,益航,54,3,51,元大-桃興,2023-05-03,9894
00878,國泰永續高股息,101,51,50,元大-桃興,2023-05-03,9894
8403,盛弘,47,2,45,元大-桃興,2023-05-03,9894
4979,華星光,53,10,43,元大-桃興,2023-05-03,9894
2603,長榮,71,29,42,元大-桃興,2023-05-03,9894
1519,華城,46,6,40,元大-桃興,2023-05-03,9894
00642U,期元大S＆P石油,38,0,38,元大-桃興,2023-05-03,9894
2834,臺企銀,31,0,31,元大-桃興,2023-05-03,9894
00679B,元大美債20年,33,2,31,元大-桃興,2023-05-03,9894
2615,萬海,41,11,30,元大-桃興,2023-05-03,9894
3419,譁裕,44,14,30,元大-桃興,2023-05-03,9894
1104,環泥,33,4,29,元大-桃興,2023-05-03,9894
2303,聯電,27,0,27,元大-桃興,2023-05-03,9894
3004,豐達科,28,1,27,元大-桃興,2023-05-03,9894
8222,寶一,77,52,25,元大-桃興,2023-05-03,9894
4541,晟田,26,2,24,元大-桃興,2023-05-03,9894
00632R,元大台灣50反1,24,1,23,元大-桃興,2023-05-03,9894
2867,三商壽,22,0,22,元大-桃興,2023-05-03,9894
2605,新興,22,0,22,元大-桃興,2023-05-03,9894
1314,中石化,21,0,21,元大-桃興,2023-05-03,9894
00912,中信臺灣智慧50,17,0,17,元大-桃興,2023-05-03,9894
2247,汎德永業,15,0,15,元大-桃興,2023-05-03,9894
6179,亞通,14,0,14,元大-桃興,2023-05-03,9894
3060,銘異,13,1,12,元大-桃興,2023-05-03,9894
6806,森崴能源,16,5,11,元大-桃興,2023-05-03,9894
4114,健喬,11,0,11,元大-桃興,2023-05-03,9894
1305,華夏,10,0,10,元大-桃興,2023-05-03,9894
2409,友達,10,0,10,元大-桃興,2023-05-03,9894
2206,三陽工業,13,3,10,元大-桃興,2023-05-03,9894
2492,華新科,10,0,10,元大-桃興,2023-05-03,9894
4931,新盛力,10,0,10,元大-桃興,2023-05-03,9894
00670L,富邦NASDAQ正2,10,0,10,元大-桃興,2023-05-03,9894
2377,微星,11,1,10,元大-桃興,2023-05-03,9894
5876,上海商銀,10,0,10,元大-桃興,2023-05-03,9894
2201,裕隆,34,24,10,元大-桃興,2023-05-03,9894
1101,台泥,20,11,9,元大-桃興,2023-05-03,9894
3712,永崴投控,11,2,9,元大-桃興,2023-05-03,9894
6469,大樹,13,4,9,元大-桃興,2023-05-03,9894
8996,高力,9,0,9,元大-桃興,2023-05-03,9894
6167,久正,13,4,9,元大-桃興,2023-05-03,9894
3058,立德,11,2,9,元大-桃興,2023-05-03,9894
6733,博晟生醫,12,3,9,元大-桃興,2023-05-03,9894
1609,大亞,22,13,9,元大-桃興,2023-05-03,9894
00680L,元大美債20正2,10,1,9,元大-桃興,2023-05-03,9894
00715L,期街口布蘭特正2,370,7,363,元大-桃興,2023-05-04,9894
2303,聯電,256,1,255,元大-桃興,2023-05-04,9894
2915,潤泰全,102,0,102,元大-桃興,2023-05-04,9894
9945,潤泰新,103,1,102,元大-桃興,2023-05-04,9894
00642U,期元大S＆P石油,72,0,72,元大-桃興,2023-05-04,9894
00712,復華富時不動產,70,0,70,元大-桃興,2023-05-04,9894
8033,雷虎,47,4,43,元大-桃興,2023-05-04,9894
00878,國泰永續高股息,48,6,42,元大-桃興,2023-05-04,9894
2440,太空梭,33,0,33,元大-桃興,2023-05-04,9894
1784,訊聯,49,19,30,元大-桃興,2023-05-04,9894
2634,漢翔,35,8,27,元大-桃興,2023-05-04,9894
2002,中鋼,27,3,24,元大-桃興,2023-05-04,9894
2206,三陽工業,74,52,22,元大-桃興,2023-05-04,9894
00676R,富邦臺灣加權反1,20,0,20,元大-桃興,2023-05-04,9894
3479,安勤,31,11,20,元大-桃興,2023-05-04,9894
00772B,中信高評級公司債,19,0,19,元大-桃興,2023-05-04,9894
00637L,元大滬深300正2,41,22,19,元大-桃興,2023-05-04,9894
3419,譁裕,37,19,18,元大-桃興,2023-05-04,9894
2371,大同,12,0,12,元大-桃興,2023-05-04,9894
3481,群創,24,12,12,元大-桃興,2023-05-04,9894
4916,事欣科,14,2,12,元大-桃興,2023-05-04,9894
6148,驊宏資,184,173,11,元大-桃興,2023-05-04,9894
2601,益航,11,0,11,元大-桃興,2023-05-04,9894
2409,友達,12,1,11,元大-桃興,2023-05-04,9894
3164,景岳,11,0,11,元大-桃興,2023-05-04,9894
2606,裕民,21,10,11,元大-桃興,2023-05-04,9894
9904,寶成,11,0,11,元大-桃興,2023-05-04,9894
3032,偉訓,10,0,10,元大-桃興,2023-05-04,9894
1310,台苯,12,2,10,元大-桃興,2023-05-04,9894
2851,中再保,10,0,10,元大-桃興,2023-05-04,9894
4510,高鋒,10,0,10,元大-桃興,2023-05-04,9894
6116,彩晶,10,0,10,元大-桃興,2023-05-04,9894
2834,臺企銀,10,0,10,元大-桃興,2023-05-04,9894
3715,定穎投控,16,7,9,元大-桃興,2023-05-04,9894
6477,安集,15,6,9,元大-桃興,2023-05-04,9894
2504,國產,10,1,9,元大-桃興,2023-05-04,9894
4108,懷特,14,5,9,元大-桃興,2023-05-04,9894
2014,中鴻,9,0,9,元大-桃興,2023-05-04,9894
2360,致茂,9,0,9,元大-桃興,2023-05-04,9894
6469,大樹,13,4,9,元大-桃興,2023-05-04,9894
2457,飛宏,12,3,9,元大-桃興,2023-05-04,9894
2330,台積電,8,0,8,元大-桃興,2023-05-04,9894
3046,建��,8,0,8,元大-桃興,2023-05-04,9894
3693,營邦,10,2,8,元大-桃興,2023-05-04,9894
6120,達運,8,0,8,元大-桃興,2023-05-04,9894
2727,王品,19,11,8,元大-桃興,2023-05-04,9894
1216,統一,10,3,7,元大-桃興,2023-05-04,9894
00725B,國泰投資級公司債,7,0,7,元大-桃興,2023-05-04,9894
5469,瀚宇博,18,11,7,元大-桃興,2023-05-04,9894
1810,和成,7,0,7,元大-桃興,2023-05-04,9894
00715L,期街口布蘭特正2,234,15,219,元大-桃興,2023-05-05,9894
6244,茂迪,262,73,189,元大-桃興,2023-05-05,9894
00878,國泰永續高股息,187,4,183,元大-桃興,2023-05-05,9894
4111,濟生,89,7,82,元大-桃興,2023-05-05,9894
00632R,元大台灣50反1,104,27,77,元大-桃興,2023-05-05,9894
00670L,富邦NASDAQ正2,67,0,67,元大-桃興,2023-05-05,9894
3511,矽瑪,40,0,40,元大-桃興,2023-05-05,9894
8215,明基材,42,5,37,元大-桃興,2023-05-05,9894
00720B,元大投資級公司債,32,0,32,元大-桃興,2023-05-05,9894
1905,華紙,45,14,31,元大-桃興,2023-05-05,9894
2915,潤泰全,30,0,30,元大-桃興,2023-05-05,9894
2002,中鋼,36,9,27,元大-桃興,2023-05-05,9894
00712,復華富時不動產,22,0,22,元大-桃興,2023-05-05,9894
2353,宏��,22,1,21,元大-桃興,2023-05-05,9894
0056,元大高股息,20,0,20,元大-桃興,2023-05-05,9894
2457,飛宏,27,9,18,元大-桃興,2023-05-05,9894
2615,萬海,24,7,17,元大-桃興,2023-05-05,9894
1605,華新,26,9,17,元大-桃興,2023-05-05,9894
2609,陽明,23,6,17,元大-桃興,2023-05-05,9894
2887,台新金,17,1,16,元大-桃興,2023-05-05,9894
2801,彰銀,16,0,16,元大-桃興,2023-05-05,9894
6147,頎邦,15,0,15,元大-桃興,2023-05-05,9894
2462,良得電,15,0,15,元大-桃興,2023-05-05,9894
3479,安勤,40,26,14,元大-桃興,2023-05-05,9894
6806,森崴能源,17,4,13,元大-桃興,2023-05-05,9894
2834,臺企銀,13,0,13,元大-桃興,2023-05-05,9894
1783,和康生,25,12,13,元大-桃興,2023-05-05,9894
1515,力山,13,0,13,元大-桃興,2023-05-05,9894
6209,今國光,13,0,13,元大-桃興,2023-05-05,9894
1734,杏輝,17,4,13,元大-桃興,2023-05-05,9894
4123,晟德,12,0,12,元大-桃興,2023-05-05,9894
00751B,元大AAA至A公司債,11,0,11,元大-桃興,2023-05-05,9894
2317,鴻海,15,4,11,元大-桃興,2023-05-05,9894
1752,南光,14,3,11,元大-桃興,2023-05-05,9894
2027,大成鋼,11,0,11,元大-桃興,2023-05-05,9894
5009,榮剛,38,27,11,元大-桃興,2023-05-05,9894
4108,懷特,15,4,11,元大-桃興,2023-05-05,9894
3322,建舜電,11,0,11,元大-桃興,2023-05-05,9894
6155,鈞寶,11,0,11,元大-桃興,2023-05-05,9894
00650L,復華香港正2,11,0,11,元大-桃興,2023-05-05,9894
00885,富邦越南,11,0,11,元大-桃興,2023-05-05,9894
2880,華南金,11,0,11,元大-桃興,2023-05-05,9894
4999,鑫禾,10,0,10,元大-桃興,2023-05-05,9894
2530,華建,10,0,10,元大-桃興,2023-05-05,9894
2323,中環,10,0,10,元大-桃興,2023-05-05,9894
00687B,國泰20年美債,10,0,10,元大-桃興,2023-05-05,9894
00642U,期元大S＆P石油,10,0,10,元大-桃興,2023-05-05,9894
1447,力鵬,10,0,10,元大-桃興,2023-05-05,9894
4979,華星光,16,6,10,元大-桃興,2023-05-05,9894
2201,裕隆,29,20,9,元大-桃興,2023-05-05,9894
00632R,元大台灣50反1,510,102,408,元大-桃興,2023-05-08,9894
3481,群創,402,142,260,元大-桃興,2023-05-08,9894
1605,華新,200,63,137,元大-桃興,2023-05-08,9894
00715L,期街口布蘭特正2,97,34,63,元大-桃興,2023-05-08,9894
2607,榮運,62,5,57,元大-桃興,2023-05-08,9894
4977,眾達-KY,51,5,46,元大-桃興,2023-05-08,9894
4111,濟生,36,0,36,元大-桃興,2023-05-08,9894
00665L,富邦�琤肭磪囓�2,50,14,36,元大-桃興,2023-05-08,9894
2303,聯電,54,19,35,元大-桃興,2023-05-08,9894
6770,力積電,37,2,35,元大-桃興,2023-05-08,9894
1514,亞力,65,31,34,元大-桃興,2023-05-08,9894
1101,台泥,46,16,30,元大-桃興,2023-05-08,9894
00878,國泰永續高股息,58,32,26,元大-桃興,2023-05-08,9894
00720B,元大投資級公司債,27,1,26,元大-桃興,2023-05-08,9894
00679B,元大美債20年,24,0,24,元大-桃興,2023-05-08,9894
2615,萬海,24,0,24,元大-桃興,2023-05-08,9894
3511,矽瑪,24,0,24,元大-桃興,2023-05-08,9894
00751B,元大AAA至A公司債,21,0,21,元大-桃興,2023-05-08,9894
2883,凱基金,61,40,21,元大-桃興,2023-05-08,9894
3032,偉訓,20,0,20,元大-桃興,2023-05-08,9894
1612,宏泰,21,1,20,元大-桃興,2023-05-08,9894
2023,燁輝,20,0,20,元大-桃興,2023-05-08,9894
3703,欣陸,19,0,19,元大-桃興,2023-05-08,9894
1529,樂事綠能,29,10,19,元大-桃興,2023-05-08,9894
4744,皇將,41,24,17,元大-桃興,2023-05-08,9894
6248,沛波,16,0,16,元大-桃興,2023-05-08,9894
1218,泰山,24,8,16,元大-桃興,2023-05-08,9894
2530,華建,15,0,15,元大-桃興,2023-05-08,9894
5608,四維航,20,6,14,元大-桃興,2023-05-08,9894
1104,環泥,15,1,14,元大-桃興,2023-05-08,9894
6127,九豪,21,7,14,元大-桃興,2023-05-08,9894
2609,陽明,32,19,13,元大-桃興,2023-05-08,9894
5371,中光電,20,7,13,元大-桃興,2023-05-08,9894
5348,正能量智能,12,0,12,元大-桃興,2023-05-08,9894
2845,遠東銀,13,1,12,元大-桃興,2023-05-08,9894
2423,固緯,12,0,12,元大-桃興,2023-05-08,9894
00712,復華富時不動產,12,0,12,元大-桃興,2023-05-08,9894
1752,南光,11,0,11,元大-桃興,2023-05-08,9894
1310,台苯,11,0,11,元大-桃興,2023-05-08,9894
6244,茂迪,21,10,11,元大-桃興,2023-05-08,9894
00673R,期元大S＆P原油反1,11,0,11,元大-桃興,2023-05-08,9894
00888,永豐台灣ESG,10,0,10,元大-桃興,2023-05-08,9894
00885,富邦越南,10,0,10,元大-桃興,2023-05-08,9894
00916,國泰全球品牌50,10,0,10,元大-桃興,2023-05-08,9894
3494,誠研,10,0,10,元大-桃興,2023-05-08,9894
1447,力鵬,10,0,10,元大-桃興,2023-05-08,9894
00642U,期元大S＆P石油,12,2,10,元大-桃興,2023-05-08,9894
00912,中信臺灣智慧50,10,0,10,元大-桃興,2023-05-08,9894
00892,富邦台灣半導體,10,0,10,元大-桃興,2023-05-08,9894
4121,優盛,10,0,10,元大-桃興,2023-05-08,9894
2062,橋椿,100,0,100,元大-桃興,2023-05-09,9894
3715,定穎投控,148,59,89,元大-桃興,2023-05-09,9894
00712,復華富時不動產,89,3,86,元大-桃興,2023-05-09,9894
1810,和成,78,0,78,元大-桃興,2023-05-09,9894
3058,立德,105,35,70,元大-桃興,2023-05-09,9894
2303,聯電,57,1,56,元大-桃興,2023-05-09,9894
1101,台泥,58,3,55,元大-桃興,2023-05-09,9894
00687B,國泰20年美債,53,0,53,元大-桃興,2023-05-09,9894
1905,華紙,152,116,36,元大-桃興,2023-05-09,9894
00673R,期元大S＆P原油反1,43,7,36,元大-桃興,2023-05-09,9894
00751B,元大AAA至A公司債,36,1,35,元大-桃興,2023-05-09,9894
1605,華新,59,25,34,元大-桃興,2023-05-09,9894
4543,萬在,31,0,31,元大-桃興,2023-05-09,9894
00878,國泰永續高股息,63,32,31,元大-桃興,2023-05-09,9894
00885,富邦越南,41,11,30,元大-桃興,2023-05-09,9894
2536,宏普,24,0,24,元大-桃興,2023-05-09,9894
1584,精剛,31,8,23,元大-桃興,2023-05-09,9894
8033,雷虎,22,2,20,元大-桃興,2023-05-09,9894
00679B,元大美債20年,20,0,20,元大-桃興,2023-05-09,9894
2530,華建,20,0,20,元大-桃興,2023-05-09,9894
00772B,中信高評級公司債,20,0,20,元大-桃興,2023-05-09,9894
6112,邁達特,69,51,18,元大-桃興,2023-05-09,9894
1720,生達,19,1,18,元大-桃興,2023-05-09,9894
3576,聯合再生,17,0,17,元大-桃興,2023-05-09,9894
6432,今展科,17,0,17,元大-桃興,2023-05-09,9894
1513,中興電,40,23,17,元大-桃興,2023-05-09,9894
6443,元晶,49,32,17,元大-桃興,2023-05-09,9894
00720B,元大投資級公司債,17,1,16,元大-桃興,2023-05-09,9894
8034,榮群,15,0,15,元大-桃興,2023-05-09,9894
3209,全科,15,1,14,元大-桃興,2023-05-09,9894
6190,萬泰科,14,0,14,元大-桃興,2023-05-09,9894
2913,農林,31,18,13,元大-桃興,2023-05-09,9894
4967,十銓,14,1,13,元大-桃興,2023-05-09,9894
4919,新唐,12,0,12,元大-桃興,2023-05-09,9894
00795B,中信美國公債20年,12,0,12,元大-桃興,2023-05-09,9894
3024,憶聲,12,0,12,元大-桃興,2023-05-09,9894
4173,久裕,12,0,12,元大-桃興,2023-05-09,9894
1612,宏泰,13,1,12,元大-桃興,2023-05-09,9894
6469,大樹,20,8,12,元大-桃興,2023-05-09,9894
00680L,元大美債20正2,12,0,12,元大-桃興,2023-05-09,9894
1314,中石化,11,0,11,元大-桃興,2023-05-09,9894
2027,大成鋼,11,0,11,元大-桃興,2023-05-09,9894
3512,皇龍,11,0,11,元大-桃興,2023-05-09,9894
2457,飛宏,12,2,10,元大-桃興,2023-05-09,9894
2609,陽明,14,4,10,元大-桃興,2023-05-09,9894
1504,東元,30,20,10,元大-桃興,2023-05-09,9894
00706L,期元大S＆P日圓正2,10,0,10,元大-桃興,2023-05-09,9894
8093,保銳,12,2,10,元大-桃興,2023-05-09,9894
1447,力鵬,10,0,10,元大-桃興,2023-05-09,9894
5009,榮剛,13,4,9,元大-桃興,2023-05-09,9894
00878,國泰永續高股息,323,17,306,元大-桃興,2023-05-10,9894
00753L,中信中國50正2,101,0,101,元大-桃興,2023-05-10,9894
911608,明輝-DR,100,0,100,元大-桃興,2023-05-10,9894
2607,榮運,63,0,63,元大-桃興,2023-05-10,9894
00665L,富邦�琤肭磪囓�2,59,0,59,元大-桃興,2023-05-10,9894
2612,中航,57,0,57,元大-桃興,2023-05-10,9894
00637L,元大滬深300正2,65,16,49,元大-桃興,2023-05-10,9894
1609,大亞,212,163,49,元大-桃興,2023-05-10,9894
00687B,國泰20年美債,40,0,40,元大-桃興,2023-05-10,9894
00673R,期元大S＆P原油反1,40,0,40,元大-桃興,2023-05-10,9894
1711,永光,30,0,30,元大-桃興,2023-05-10,9894
1519,華城,31,4,27,元大-桃興,2023-05-10,9894
3231,緯創,58,33,25,元大-桃興,2023-05-10,9894
2606,裕民,37,12,25,元大-桃興,2023-05-10,9894
2330,台積電,25,0,25,元大-桃興,2023-05-10,9894
3479,安勤,27,4,23,元大-桃興,2023-05-10,9894
6770,力積電,26,5,21,元大-桃興,2023-05-10,9894
3041,揚智,21,0,21,元大-桃興,2023-05-10,9894
2406,國碩,20,0,20,元大-桃興,2023-05-10,9894
3209,全科,26,6,20,元大-桃興,2023-05-10,9894
2883B,凱基金乙特,20,0,20,元大-桃興,2023-05-10,9894
1219,福壽,20,0,20,元大-桃興,2023-05-10,9894
2303,聯電,17,0,17,元大-桃興,2023-05-10,9894
2536,宏普,16,0,16,元大-桃興,2023-05-10,9894
2206,三陽工業,23,7,16,元大-桃興,2023-05-10,9894
1210,大成,16,0,16,元大-桃興,2023-05-10,9894
6139,亞翔,28,14,14,元大-桃興,2023-05-10,9894
00679B,元大美債20年,14,2,12,元大-桃興,2023-05-10,9894
8436,大江,12,0,12,元大-桃興,2023-05-10,9894
1611,中電,16,4,12,元大-桃興,2023-05-10,9894
6282,康舒,16,4,12,元大-桃興,2023-05-10,9894
6244,茂迪,11,0,11,元大-桃興,2023-05-10,9894
4541,晟田,26,15,11,元大-桃興,2023-05-10,9894
8938,明安,11,0,11,元大-桃興,2023-05-10,9894
3025,星通,12,1,11,元大-桃興,2023-05-10,9894
0056,元大高股息,11,0,11,元大-桃興,2023-05-10,9894
00919,群益台灣精選高息,10,0,10,元大-桃興,2023-05-10,9894
6111,大宇資,11,1,10,元大-桃興,2023-05-10,9894
2834,臺企銀,10,0,10,元大-桃興,2023-05-10,9894
8403,盛弘,10,1,9,元大-桃興,2023-05-10,9894
2344,華邦電,10,1,9,元大-桃興,2023-05-10,9894
1717,長興,9,0,9,元大-桃興,2023-05-10,9894
00680L,元大美債20正2,16,7,9,元大-桃興,2023-05-10,9894
00720B,元大投資級公司債,9,0,9,元大-桃興,2023-05-10,9894
4175,杏一,41,32,9,元大-桃興,2023-05-10,9894
00882,中信中國高股息,34,25,9,元大-桃興,2023-05-10,9894
2204,中華,9,1,8,元大-桃興,2023-05-10,9894
2630,亞航,8,0,8,元大-桃興,2023-05-10,9894
6469,大樹,13,5,8,元大-桃興,2023-05-10,9894
1802,台玻,8,0,8,元大-桃興,2023-05-10,9894
3481,群創,227,0,227,元大-桃興,2023-05-11,9894
00715L,期街口布蘭特正2,203,5,198,元大-桃興,2023-05-11,9894
1810,和成,87,3,84,元大-桃興,2023-05-11,9894
2610,華航,62,3,59,元大-桃興,2023-05-11,9894
2062,橋椿,50,0,50,元大-桃興,2023-05-11,9894
2883,凱基金,51,2,49,元大-桃興,2023-05-11,9894
1905,華紙,63,22,41,元大-桃興,2023-05-11,9894
00642U,期元大S＆P石油,50,10,40,元大-桃興,2023-05-11,9894
1609,大亞,60,21,39,元大-桃興,2023-05-11,9894
6469,大樹,39,3,36,元大-桃興,2023-05-11,9894
1605,華新,47,11,36,元大-桃興,2023-05-11,9894
2618,長榮航,120,87,33,元大-桃興,2023-05-11,9894
6116,彩晶,32,0,32,元大-桃興,2023-05-11,9894
4967,十銓,30,0,30,元大-桃興,2023-05-11,9894
00637L,元大滬深300正2,30,1,29,元大-桃興,2023-05-11,9894
6282,康舒,32,4,28,元大-桃興,2023-05-11,9894
00878,國泰永續高股息,62,38,24,元大-桃興,2023-05-11,9894
3024,憶聲,30,7,23,元大-桃興,2023-05-11,9894
1513,中興電,22,0,22,元大-桃興,2023-05-11,9894
6266,泰詠,21,0,21,元大-桃興,2023-05-11,9894
00679B,元大美債20年,32,11,21,元大-桃興,2023-05-11,9894
2603,長榮,24,3,21,元大-桃興,2023-05-11,9894
4533,協易機,20,0,20,元大-桃興,2023-05-11,9894
00712,復華富時不動產,20,0,20,元大-桃興,2023-05-11,9894
4916,事欣科,20,1,19,元大-桃興,2023-05-11,9894
5388,中磊,19,2,17,元大-桃興,2023-05-11,9894
00882,中信中國高股息,16,0,16,元大-桃興,2023-05-11,9894
4114,健喬,26,11,15,元大-桃興,2023-05-11,9894
2022,聚亨,19,4,15,元大-桃興,2023-05-11,9894
5328,華容,15,0,15,元大-桃興,2023-05-11,9894
2312,金寶,17,2,15,元大-桃興,2023-05-11,9894
2409,友達,17,2,15,元大-桃興,2023-05-11,9894
5353,台林,14,0,14,元大-桃興,2023-05-11,9894
1752,南光,14,1,13,元大-桃興,2023-05-11,9894
3078,僑威,16,3,13,元大-桃興,2023-05-11,9894
2605,新興,15,3,12,元大-桃興,2023-05-11,9894
6741,91APP*-KY,14,2,12,元大-桃興,2023-05-11,9894
2913,農林,22,10,12,元大-桃興,2023-05-11,9894
3508,位速,12,0,12,元大-桃興,2023-05-11,9894
2915,潤泰全,12,0,12,元大-桃興,2023-05-11,9894
5284,jpp-KY,18,6,12,元大-桃興,2023-05-11,9894
6167,久正,13,1,12,元大-桃興,2023-05-11,9894
3034,聯詠,12,1,11,元大-桃興,2023-05-11,9894
2247,汎德永業,11,0,11,元大-桃興,2023-05-11,9894
2317,鴻海,14,3,11,元大-桃興,2023-05-11,9894
5488,松普,11,0,11,元大-桃興,2023-05-11,9894
2049,上銀,11,0,11,元大-桃興,2023-05-11,9894
2530,華建,11,0,11,元大-桃興,2023-05-11,9894
1522,堤維西,11,0,11,元大-桃興,2023-05-11,9894
4104,佳醫,12,1,11,元大-桃興,2023-05-11,9894
00632R,元大台灣50反1,200,43,157,元大-桃興,2023-05-12,9894
2888,新光金,109,5,104,元大-桃興,2023-05-12,9894
00676R,富邦臺灣加權反1,100,0,100,元大-桃興,2023-05-12,9894
2603,長榮,86,0,86,元大-桃興,2023-05-12,9894
00637L,元大滬深300正2,67,0,67,元大-桃興,2023-05-12,9894
3508,位速,62,0,62,元大-桃興,2023-05-12,9894
1529,樂事綠能,58,2,56,元大-桃興,2023-05-12,9894
2609,陽明,61,13,48,元大-桃興,2023-05-12,9894
3481,群創,167,120,47,元大-桃興,2023-05-12,9894
2105,正新,46,0,46,元大-桃興,2023-05-12,9894
2313,華通,40,1,39,元大-桃興,2023-05-12,9894
2542,興富發,37,1,36,元大-桃興,2023-05-12,9894
00882,中信中國高股息,33,0,33,元大-桃興,2023-05-12,9894
6282,康舒,53,21,32,元大-桃興,2023-05-12,9894
00888,永豐台灣ESG,30,0,30,元大-桃興,2023-05-12,9894
2489,瑞軒,30,1,29,元大-桃興,2023-05-12,9894
1504,東元,31,5,26,元大-桃興,2023-05-12,9894
1784,訊聯,25,0,25,元大-桃興,2023-05-12,9894
5009,榮剛,41,16,25,元大-桃興,2023-05-12,9894
2883,凱基金,28,4,24,元大-桃興,2023-05-12,9894
2022,聚亨,27,3,24,元大-桃興,2023-05-12,9894
2344,華邦電,25,1,24,元大-桃興,2023-05-12,9894
0056,元大高股息,21,0,21,元大-桃興,2023-05-12,9894
3576,聯合再生,21,1,20,元大-桃興,2023-05-12,9894
2337,旺宏,20,6,14,元大-桃興,2023-05-12,9894
6285,啟��,17,4,13,元大-桃興,2023-05-12,9894
4967,十銓,22,9,13,元大-桃興,2023-05-12,9894
1609,大亞,16,4,12,元大-桃興,2023-05-12,9894
2387,精元,12,0,12,元大-桃興,2023-05-12,9894
2419,仲琦,11,0,11,元大-桃興,2023-05-12,9894
2615,萬海,16,5,11,元大-桃興,2023-05-12,9894
2915,潤泰全,11,0,11,元大-桃興,2023-05-12,9894
2897,王道銀行,11,0,11,元大-桃興,2023-05-12,9894
1314,中石化,11,0,11,元大-桃興,2023-05-12,9894
4938,和碩,10,0,10,元大-桃興,2023-05-12,9894
2886,兆豐金,12,2,10,元大-桃興,2023-05-12,9894
4919,新唐,10,0,10,元大-桃興,2023-05-12,9894
4138,曜亞,10,0,10,元大-桃興,2023-05-12,9894
3052,夆典,10,0,10,元大-桃興,2023-05-12,9894
2867,三商壽,11,1,10,元大-桃興,2023-05-12,9894
2102,泰豐,10,0,10,元大-桃興,2023-05-12,9894
6509,聚和,10,0,10,元大-桃興,2023-05-12,9894
00924,復華S＆P500成長,10,0,10,元大-桃興,2023-05-12,9894
2062,橋椿,10,0,10,元大-桃興,2023-05-12,9894
5531,鄉林,10,0,10,元大-桃興,2023-05-12,9894
1101,台泥,15,5,10,元大-桃興,2023-05-12,9894
2492,華新科,10,0,10,元大-桃興,2023-05-12,9894
00665L,富邦�琤肭磪囓�2,10,1,9,元大-桃興,2023-05-12,9894
3548,兆利,11,2,9,元大-桃興,2023-05-12,9894
2014,中鴻,8,0,8,元大-桃興,2023-05-12,9894
00878,國泰永續高股息,112,4,108,元大-桃興,2023-05-15,9894
00751B,元大AAA至A公司債,83,0,83,元大-桃興,2023-05-15,9894
3231,緯創,86,22,64,元大-桃興,2023-05-15,9894
2538,基泰,57,0,57,元大-桃興,2023-05-15,9894
6282,康舒,46,0,46,元大-桃興,2023-05-15,9894
8076,伍豐,53,8,45,元大-桃興,2023-05-15,9894
00753L,中信中國50正2,55,11,44,元大-桃興,2023-05-15,9894
5348,正能量智能,36,0,36,元大-桃興,2023-05-15,9894
6443,元晶,27,2,25,元大-桃興,2023-05-15,9894
1101,台泥,30,5,25,元大-桃興,2023-05-15,9894
6770,力積電,24,0,24,元大-桃興,2023-05-15,9894
2409,友達,33,10,23,元大-桃興,2023-05-15,9894
2317,鴻海,25,2,23,元大-桃興,2023-05-15,9894
2603,長榮,29,7,22,元大-桃興,2023-05-15,9894
3710,連展投控,23,2,21,元大-桃興,2023-05-15,9894
3005,神基,21,1,20,元大-桃興,2023-05-15,9894
2062,橋椿,20,0,20,元大-桃興,2023-05-15,9894
00637L,元大滬深300正2,22,3,19,元大-桃興,2023-05-15,9894
2303,聯電,22,4,18,元大-桃興,2023-05-15,9894
1608,華榮,20,2,18,元大-桃興,2023-05-15,9894
8996,高力,19,2,17,元大-桃興,2023-05-15,9894
1784,訊聯,26,10,16,元大-桃興,2023-05-15,9894
4114,健喬,17,1,16,元大-桃興,2023-05-15,9894
2489,瑞軒,16,0,16,元大-桃興,2023-05-15,9894
00882,中信中國高股息,16,0,16,元大-桃興,2023-05-15,9894
8940,新天地,18,2,16,元大-桃興,2023-05-15,9894
3105,穩懋,18,3,15,元大-桃興,2023-05-15,9894
4138,曜亞,15,0,15,元大-桃興,2023-05-15,9894
3046,建��,45,30,15,元大-桃興,2023-05-15,9894
00687B,國泰20年美債,13,0,13,元大-桃興,2023-05-15,9894
2393,億光,15,2,13,元大-桃興,2023-05-15,9894
6214,精誠,13,0,13,元大-桃興,2023-05-15,9894
00642U,期元大S＆P石油,13,0,13,元大-桃興,2023-05-15,9894
1795,美時,20,7,13,元大-桃興,2023-05-15,9894
5258,虹堡,17,5,12,元大-桃興,2023-05-15,9894
2332,友訊,12,0,12,元大-桃興,2023-05-15,9894
1722,台肥,12,0,12,元大-桃興,2023-05-15,9894
2208,台船,16,5,11,元大-桃興,2023-05-15,9894
3078,僑威,23,12,11,元大-桃興,2023-05-15,9894
2356,英業達,15,5,10,元大-桃興,2023-05-15,9894
00650L,復華香港正2,10,0,10,元大-桃興,2023-05-15,9894
1604,聲寶,10,0,10,元大-桃興,2023-05-15,9894
3052,夆典,25,15,10,元大-桃興,2023-05-15,9894
3025,星通,14,4,10,元大-桃興,2023-05-15,9894
3028,增你強,10,0,10,元大-桃興,2023-05-15,9894
2492,華新科,9,1,8,元大-桃興,2023-05-15,9894
9942,茂順,8,0,8,元大-桃興,2023-05-15,9894
00720B,元大投資級公司債,8,0,8,元大-桃興,2023-05-15,9894
00712,復華富時不動產,8,0,8,元大-桃興,2023-05-15,9894
2201,裕隆,8,1,7,元大-桃興,2023-05-15,9894
00632R,元大台灣50反1,657,104,553,元大-桃興,2023-05-16,9894
2402,毅嘉,132,6,126,元大-桃興,2023-05-16,9894
00751B,元大AAA至A公司債,90,0,90,元大-桃興,2023-05-16,9894
1529,樂事綠能,51,1,50,元大-桃興,2023-05-16,9894
2607,榮運,49,1,48,元大-桃興,2023-05-16,9894
6244,茂迪,48,1,47,元大-桃興,2023-05-16,9894
00891,中信關鍵半導體,45,0,45,元大-桃興,2023-05-16,9894
2323,中環,40,3,37,元大-桃興,2023-05-16,9894
00720B,元大投資級公司債,33,0,33,元大-桃興,2023-05-16,9894
1701,中化,30,0,30,元大-桃興,2023-05-16,9894
2317,鴻海,32,3,29,元大-桃興,2023-05-16,9894
1337,再生-KY,29,2,27,元大-桃興,2023-05-16,9894
6116,彩晶,25,0,25,元大-桃興,2023-05-16,9894
2390,云辰,28,5,23,元大-桃興,2023-05-16,9894
00680L,元大美債20正2,22,0,22,元大-桃興,2023-05-16,9894
2337,旺宏,20,0,20,元大-桃興,2023-05-16,9894
4729,熒茂,19,0,19,元大-桃興,2023-05-16,9894
00642U,期元大S＆P石油,20,1,19,元大-桃興,2023-05-16,9894
4967,十銓,27,9,18,元大-桃興,2023-05-16,9894
6185,幃翔,17,2,15,元大-桃興,2023-05-16,9894
00715L,期街口布蘭特正2,20,5,15,元大-桃興,2023-05-16,9894
2606,裕民,14,0,14,元大-桃興,2023-05-16,9894
1605,華新,18,4,14,元大-桃興,2023-05-16,9894
4744,皇將,18,4,14,元大-桃興,2023-05-16,9894
2382,廣達,31,18,13,元大-桃興,2023-05-16,9894
3710,連展投控,17,5,12,元大-桃興,2023-05-16,9894
8038,長園科,12,0,12,元大-桃興,2023-05-16,9894
2495,普安,12,0,12,元大-桃興,2023-05-16,9894
2603,長榮,18,6,12,元大-桃興,2023-05-16,9894
00772B,中信高評級公司債,12,0,12,元大-桃興,2023-05-16,9894
6118,建達,11,0,11,元大-桃興,2023-05-16,9894
6223,旺矽,16,5,11,元大-桃興,2023-05-16,9894
6160,欣技,12,1,11,元大-桃興,2023-05-16,9894
6806,森崴能源,11,1,10,元大-桃興,2023-05-16,9894
2211,長榮鋼,10,0,10,元大-桃興,2023-05-16,9894
4207,環泰,10,0,10,元大-桃興,2023-05-16,9894
2614,東森,10,0,10,元大-桃興,2023-05-16,9894
00650L,復華香港正2,10,0,10,元大-桃興,2023-05-16,9894
3202,樺晟,66,56,10,元大-桃興,2023-05-16,9894
3024,憶聲,10,0,10,元大-桃興,2023-05-16,9894
2528,皇普,10,0,10,元大-桃興,2023-05-16,9894
6126,信音,10,0,10,元大-桃興,2023-05-16,9894
1711,永光,11,2,9,元大-桃興,2023-05-16,9894
00679B,元大美債20年,11,2,9,元大-桃興,2023-05-16,9894
5498,凱崴,9,0,9,元大-桃興,2023-05-16,9894
3231,緯創,34,25,9,元大-桃興,2023-05-16,9894
2615,萬海,8,0,8,元大-桃興,2023-05-16,9894
3673,TPK-KY,11,3,8,元大-桃興,2023-05-16,9894
3419,譁裕,9,1,8,元大-桃興,2023-05-16,9894
1519,華城,76,68,8,元大-桃興,2023-05-16,9894
00632R,元大台灣50反1,2820,318,2502,元大-桃興,2023-05-17,9894
00751B,元大AAA至A公司債,132,0,132,元大-桃興,2023-05-17,9894
2408,南亞科,101,1,100,元大-桃興,2023-05-17,9894
00878,國泰永續高股息,157,68,89,元大-桃興,2023-05-17,9894
2402,毅嘉,116,38,78,元大-桃興,2023-05-17,9894
00676R,富邦臺灣加權反1,60,0,60,元大-桃興,2023-05-17,9894
3715,定穎投控,83,43,40,元大-桃興,2023-05-17,9894
8046,南電,45,5,40,元大-桃興,2023-05-17,9894
00687B,國泰20年美債,38,0,38,元大-桃興,2023-05-17,9894
00679B,元大美債20年,37,0,37,元大-桃興,2023-05-17,9894
2344,華邦電,52,16,36,元大-桃興,2023-05-17,9894
1310,台苯,35,4,31,元大-桃興,2023-05-17,9894
1810,和成,30,0,30,元大-桃興,2023-05-17,9894
2607,榮運,31,2,29,元大-桃興,2023-05-17,9894
2206,三陽工業,90,62,28,元大-桃興,2023-05-17,9894
00720B,元大投資級公司債,25,0,25,元大-桃興,2023-05-17,9894
2367,燿華,23,0,23,元大-桃興,2023-05-17,9894
00885,富邦越南,20,0,20,元大-桃興,2023-05-17,9894
00686R,群益臺灣加權反1,20,0,20,元大-桃興,2023-05-17,9894
2062,橋椿,20,0,20,元大-桃興,2023-05-17,9894
6461,益得,20,0,20,元大-桃興,2023-05-17,9894
00772B,中信高評級公司債,21,1,20,元大-桃興,2023-05-17,9894
00637L,元大滬深300正2,22,5,17,元大-桃興,2023-05-17,9894
00882,中信中國高股息,17,1,16,元大-桃興,2023-05-17,9894
3363,上詮,31,15,16,元大-桃興,2023-05-17,9894
00680L,元大美債20正2,16,1,15,元大-桃興,2023-05-17,9894
6185,幃翔,19,5,14,元大-桃興,2023-05-17,9894
6285,啟��,15,2,13,元大-桃興,2023-05-17,9894
00642U,期元大S＆P石油,14,1,13,元大-桃興,2023-05-17,9894
3596,智易,13,0,13,元大-桃興,2023-05-17,9894
1802,台玻,16,4,12,元大-桃興,2023-05-17,9894
3693,營邦,15,3,12,元大-桃興,2023-05-17,9894
1514,亞力,20,9,11,元大-桃興,2023-05-17,9894
00795B,中信美國公債20年,10,0,10,元大-桃興,2023-05-17,9894
3028,增你強,10,0,10,元大-桃興,2023-05-17,9894
6120,達運,10,0,10,元大-桃興,2023-05-17,9894
6535,順藥,10,0,10,元大-桃興,2023-05-17,9894
3207,耀勝,35,25,10,元大-桃興,2023-05-17,9894
3078,僑威,30,20,10,元大-桃興,2023-05-17,9894
3048,益登,9,0,9,元大-桃興,2023-05-17,9894
00633L,富邦上証正2,13,4,9,元大-桃興,2023-05-17,9894
2753,八方雲集,10,1,9,元大-桃興,2023-05-17,9894
4161,聿新科,8,0,8,元大-桃興,2023-05-17,9894
6111,大宇資,8,0,8,元大-桃興,2023-05-17,9894
3491,昇達科,10,2,8,元大-桃興,2023-05-17,9894
3202,樺晟,8,1,7,元大-桃興,2023-05-17,9894
2723,美食-KY,6,0,6,元大-桃興,2023-05-17,9894
6209,今國光,13,7,6,元大-桃興,2023-05-17,9894
6282,康舒,8,2,6,元大-桃興,2023-05-17,9894
5009,榮剛,7,1,6,元大-桃興,2023-05-17,9894
00632R,元大台灣50反1,1140,390,750,元大-桃興,2023-05-18,9894
00676R,富邦臺灣加權反1,210,0,210,元大-桃興,2023-05-18,9894
00751B,元大AAA至A公司債,117,0,117,元大-桃興,2023-05-18,9894
00670L,富邦NASDAQ正2,100,1,99,元大-桃興,2023-05-18,9894
00665L,富邦�琤肭磪囓�2,75,0,75,元大-桃興,2023-05-18,9894
00706L,期元大S＆P日圓正2,50,0,50,元大-桃興,2023-05-18,9894
5425,台半,47,1,46,元大-桃興,2023-05-18,9894
6266,泰詠,43,3,40,元大-桃興,2023-05-18,9894
00687B,國泰20年美債,35,0,35,元大-桃興,2023-05-18,9894
3607,谷崧,35,0,35,元大-桃興,2023-05-18,9894
1905,華紙,51,18,33,元大-桃興,2023-05-18,9894
4533,協易機,30,0,30,元大-桃興,2023-05-18,9894
8069,元太,32,4,28,元大-桃興,2023-05-18,9894
2371,大同,50,25,25,元大-桃興,2023-05-18,9894
00720B,元大投資級公司債,25,0,25,元大-桃興,2023-05-18,9894
8222,寶一,35,11,24,元大-桃興,2023-05-18,9894
2607,榮運,23,0,23,元大-桃興,2023-05-18,9894
2603,長榮,29,7,22,元大-桃興,2023-05-18,9894
3078,僑威,70,49,21,元大-桃興,2023-05-18,9894
2480,敦陽科,27,6,21,元大-桃興,2023-05-18,9894
2023,燁輝,20,0,20,元大-桃興,2023-05-18,9894
3558,神準,27,7,20,元大-桃興,2023-05-18,9894
1504,東元,107,88,19,元大-桃興,2023-05-18,9894
4173,久裕,19,0,19,元大-桃興,2023-05-18,9894
00642U,期元大S＆P石油,20,3,17,元大-桃興,2023-05-18,9894
00773B,中信優先金融債,16,0,16,元大-桃興,2023-05-18,9894
00673R,期元大S＆P原油反1,16,0,16,元大-桃興,2023-05-18,9894
2338,光罩,15,0,15,元大-桃興,2023-05-18,9894
00680L,元大美債20正2,14,0,14,元大-桃興,2023-05-18,9894
3491,昇達科,14,1,13,元大-桃興,2023-05-18,9894
3032,偉訓,20,7,13,元大-桃興,2023-05-18,9894
1529,樂事綠能,65,52,13,元大-桃興,2023-05-18,9894
9919,康那香,13,0,13,元大-桃興,2023-05-18,9894
6182,合晶,12,0,12,元大-桃興,2023-05-18,9894
1227,佳格,11,0,11,元大-桃興,2023-05-18,9894
3704,合勤控,19,8,11,元大-桃興,2023-05-18,9894
9942,茂順,11,0,11,元大-桃興,2023-05-18,9894
1319,東陽,17,6,11,元大-桃興,2023-05-18,9894
1608,華榮,10,0,10,元大-桃興,2023-05-18,9894
3362,先進光,13,3,10,元大-桃興,2023-05-18,9894
2204,中華,17,8,9,元大-桃興,2023-05-18,9894
2453,凌群,11,2,9,元大-桃興,2023-05-18,9894
1326,台化,10,1,9,元大-桃興,2023-05-18,9894
3715,定穎投控,16,7,9,元大-桃興,2023-05-18,9894
6148,驊宏資,10,2,8,元大-桃興,2023-05-18,9894
6874,倍力,14,6,8,元大-桃興,2023-05-18,9894
2633,台灣高鐵,8,0,8,元大-桃興,2023-05-18,9894
2332,友訊,9,1,8,元大-桃興,2023-05-18,9894
2634,漢翔,27,20,7,元大-桃興,2023-05-18,9894
4744,皇將,11,4,7,元大-桃興,2023-05-18,9894
00632R,元大台灣50反1,989,152,837,元大-桃興,2023-05-19,9894
2601,益航,133,5,128,元大-桃興,2023-05-19,9894
00751B,元大AAA至A公司債,102,1,101,元大-桃興,2023-05-19,9894
6531,愛普*,100,9,91,元大-桃興,2023-05-19,9894
00676R,富邦臺灣加權反1,80,0,80,元大-桃興,2023-05-19,9894
3025,星通,94,36,58,元大-桃興,2023-05-19,9894
1504,東元,123,66,57,元大-桃興,2023-05-19,9894
00637L,元大滬深300正2,66,10,56,元大-桃興,2023-05-19,9894
00720B,元大投資級公司債,46,2,44,元大-桃興,2023-05-19,9894
5009,榮剛,53,12,41,元大-桃興,2023-05-19,9894
00772B,中信高評級公司債,27,0,27,元大-桃興,2023-05-19,9894
3029,零壹,45,21,24,元大-桃興,2023-05-19,9894
00687B,國泰20年美債,50,26,24,元大-桃興,2023-05-19,9894
1529,樂事綠能,43,20,23,元大-桃興,2023-05-19,9894
3024,憶聲,22,0,22,元大-桃興,2023-05-19,9894
1721,三晃,22,2,20,元大-桃興,2023-05-19,9894
2062,橋椿,20,0,20,元大-桃興,2023-05-19,9894
2605,新興,20,2,18,元大-桃興,2023-05-19,9894
2618,長榮航,461,443,18,元大-桃興,2023-05-19,9894
00642U,期元大S＆P石油,17,0,17,元大-桃興,2023-05-19,9894
1711,永光,26,10,16,元大-桃興,2023-05-19,9894
2344,華邦電,48,33,15,元大-桃興,2023-05-19,9894
2323,中環,182,168,14,元大-桃興,2023-05-19,9894
1101,台泥,14,0,14,元大-桃興,2023-05-19,9894
2206,三陽工業,78,64,14,元大-桃興,2023-05-19,9894
2317,鴻海,15,1,14,元大-桃興,2023-05-19,9894
1727,中華化,20,6,14,元大-桃興,2023-05-19,9894
00795B,中信美國公債20年,14,0,14,元大-桃興,2023-05-19,9894
3693,營邦,16,2,14,元大-桃興,2023-05-19,9894
2498,宏達電,30,17,13,元大-桃興,2023-05-19,9894
2402,毅嘉,14,1,13,元大-桃興,2023-05-19,9894
1608,華榮,13,0,13,元大-桃興,2023-05-19,9894
2612,中航,13,0,13,元大-桃興,2023-05-19,9894
4157,太景*-KY,14,1,13,元大-桃興,2023-05-19,9894
6016,康和證,12,0,12,元大-桃興,2023-05-19,9894
4931,新盛力,13,1,12,元大-桃興,2023-05-19,9894
6122,擎邦,12,0,12,元大-桃興,2023-05-19,9894
2204,中華,28,16,12,元大-桃興,2023-05-19,9894
00753L,中信中國50正2,12,0,12,元大-桃興,2023-05-19,9894
00671R,富邦NASDAQ反1,11,0,11,元大-桃興,2023-05-19,9894
4744,皇將,11,0,11,元大-桃興,2023-05-19,9894
2471,資通,18,7,11,元大-桃興,2023-05-19,9894
6203,海韻電,11,0,11,元大-桃興,2023-05-19,9894
6509,聚和,12,1,11,元大-桃興,2023-05-19,9894
3706,神達,27,16,11,元大-桃興,2023-05-19,9894
6282,康舒,62,52,10,元大-桃興,2023-05-19,9894
2801,彰銀,10,0,10,元大-桃興,2023-05-19,9894
2362,藍天,10,0,10,元大-桃興,2023-05-19,9894
4919,新唐,13,3,10,元大-桃興,2023-05-19,9894
1717,長興,20,10,10,元大-桃興,2023-05-19,9894
00751B,元大AAA至A公司債,81,0,81,元大-桃興,2023-05-22,9894
2323,中環,84,7,77,元大-桃興,2023-05-22,9894
2303,聯電,67,3,64,元大-桃興,2023-05-22,9894
4909,新復興,41,0,41,元大-桃興,2023-05-22,9894
3006,晶豪科,42,1,41,元大-桃興,2023-05-22,9894
3037,欣興,46,15,31,元大-桃興,2023-05-22,9894
3207,耀勝,31,0,31,元大-桃興,2023-05-22,9894
00632R,元大台灣50反1,32,3,29,元大-桃興,2023-05-22,9894
00679B,元大美債20年,26,1,25,元大-桃興,2023-05-22,9894
3563,牧德,37,12,25,元大-桃興,2023-05-22,9894
3028,增你強,24,0,24,元大-桃興,2023-05-22,9894
9919,康那香,24,0,24,元大-桃興,2023-05-22,9894
1504,東元,130,107,23,元大-桃興,2023-05-22,9894
00882,中信中國高股息,22,0,22,元大-桃興,2023-05-22,9894
2882,國泰金,21,0,21,元大-桃興,2023-05-22,9894
00680L,元大美債20正2,23,3,20,元大-桃興,2023-05-22,9894
3025,星通,98,78,20,元大-桃興,2023-05-22,9894
5531,鄉林,20,0,20,元大-桃興,2023-05-22,9894
2349,錸德,20,0,20,元大-桃興,2023-05-22,9894
2105,正新,20,0,20,元大-桃興,2023-05-22,9894
6285,啟��,21,2,19,元大-桃興,2023-05-22,9894
00687B,國泰20年美債,19,0,19,元大-桃興,2023-05-22,9894
6116,彩晶,20,2,18,元大-桃興,2023-05-22,9894
1514,亞力,114,97,17,元大-桃興,2023-05-22,9894
2607,榮運,17,1,16,元大-桃興,2023-05-22,9894
2641,正德,17,1,16,元大-桃興,2023-05-22,9894
6235,華孚,22,6,16,元大-桃興,2023-05-22,9894
2352,佳世達,18,2,16,元大-桃興,2023-05-22,9894
3576,聯合再生,25,10,15,元大-桃興,2023-05-22,9894
2929,淘帝-KY,15,0,15,元大-桃興,2023-05-22,9894
2881,富邦金,15,2,13,元大-桃興,2023-05-22,9894
6806,森崴能源,23,10,13,元大-桃興,2023-05-22,9894
8938,明安,13,0,13,元大-桃興,2023-05-22,9894
3052,夆典,13,0,13,元大-桃興,2023-05-22,9894
2313,華通,13,1,12,元大-桃興,2023-05-22,9894
00642U,期元大S＆P石油,12,0,12,元大-桃興,2023-05-22,9894
2409,友達,20,8,12,元大-桃興,2023-05-22,9894
6112,邁達特,12,0,12,元大-桃興,2023-05-22,9894
1785,光洋科,12,0,12,元大-桃興,2023-05-22,9894
6689,伊雲谷,14,2,12,元大-桃興,2023-05-22,9894
3231,緯創,21,9,12,元大-桃興,2023-05-22,9894
3706,神達,15,3,12,元大-桃興,2023-05-22,9894
3058,立德,13,2,11,元大-桃興,2023-05-22,9894
5880,合庫金,11,0,11,元大-桃興,2023-05-22,9894
5439,高技,12,1,11,元大-桃興,2023-05-22,9894
3714,富采,12,1,11,元大-桃興,2023-05-22,9894
2542,興富發,10,0,10,元大-桃興,2023-05-22,9894
2029,盛餘,10,0,10,元大-桃興,2023-05-22,9894
2062,橋椿,10,0,10,元大-桃興,2023-05-22,9894
3646,艾恩特,10,0,10,元大-桃興,2023-05-22,9894
00753L,中信中國50正2,103,1,102,元大-桃興,2023-05-23,9894
00632R,元大台灣50反1,110,10,100,元大-桃興,2023-05-23,9894
2601,益航,76,2,74,元大-桃興,2023-05-23,9894
00637L,元大滬深300正2,52,2,50,元大-桃興,2023-05-23,9894
3058,立德,45,1,44,元大-桃興,2023-05-23,9894
1513,中興電,53,16,37,元大-桃興,2023-05-23,9894
00751B,元大AAA至A公司債,37,0,37,元大-桃興,2023-05-23,9894
3207,耀勝,35,1,34,元大-桃興,2023-05-23,9894
2610,華航,124,92,32,元大-桃興,2023-05-23,9894
00679B,元大美債20年,33,2,31,元大-桃興,2023-05-23,9894
2405,輔信,30,0,30,元大-桃興,2023-05-23,9894
00882,中信中國高股息,30,0,30,元大-桃興,2023-05-23,9894
4114,健喬,24,1,23,元大-桃興,2023-05-23,9894
2328,廣宇,20,0,20,元大-桃興,2023-05-23,9894
8926,台汽電,21,1,20,元大-桃興,2023-05-23,9894
1514,亞力,27,9,18,元大-桃興,2023-05-23,9894
1584,精剛,17,0,17,元大-桃興,2023-05-23,9894
6550,北極星藥業-KY,17,0,17,元大-桃興,2023-05-23,9894
2884,玉山金,22,5,17,元大-桃興,2023-05-23,9894
2634,漢翔,32,16,16,元大-桃興,2023-05-23,9894
2409,友達,17,1,16,元大-桃興,2023-05-23,9894
0056,元大高股息,47,31,16,元大-桃興,2023-05-23,9894
2603,長榮,18,2,16,元大-桃興,2023-05-23,9894
2731,雄獅,22,7,15,元大-桃興,2023-05-23,9894
8222,寶一,24,10,14,元大-桃興,2023-05-23,9894
00687B,國泰20年美債,14,0,14,元大-桃興,2023-05-23,9894
00795B,中信美國公債20年,14,0,14,元大-桃興,2023-05-23,9894
2324,仁寶,15,1,14,元大-桃興,2023-05-23,9894
2617,台航,14,0,14,元大-桃興,2023-05-23,9894
2371,大同,15,2,13,元大-桃興,2023-05-23,9894
1529,樂事綠能,22,9,13,元大-桃興,2023-05-23,9894
2303,聯電,14,2,12,元大-桃興,2023-05-23,9894
2929,淘帝-KY,15,3,12,元大-桃興,2023-05-23,9894
1905,華紙,63,52,11,元大-桃興,2023-05-23,9894
1319,東陽,10,0,10,元大-桃興,2023-05-23,9894
3702,大聯大,13,3,10,元大-桃興,2023-05-23,9894
4743,合一,10,0,10,元大-桃興,2023-05-23,9894
3259,鑫創,10,0,10,元大-桃興,2023-05-23,9894
1781,合世,10,0,10,元大-桃興,2023-05-23,9894
2323,中環,16,6,10,元大-桃興,2023-05-23,9894
2009,第一銅,10,0,10,元大-桃興,2023-05-23,9894
2883B,凱基金乙特,10,0,10,元大-桃興,2023-05-23,9894
4979,華星光,11,1,10,元大-桃興,2023-05-23,9894
8105,凌巨,10,0,10,元大-桃興,2023-05-23,9894
2337,旺宏,11,1,10,元大-桃興,2023-05-23,9894
2317,鴻海,13,3,10,元大-桃興,2023-05-23,9894
2352,佳世達,12,3,9,元大-桃興,2023-05-23,9894
3563,牧德,12,3,9,元大-桃興,2023-05-23,9894
3706,神達,18,8,10,元大-桃興,2023-05-23,9894
2313,華通,17,8,9,元大-桃興,2023-05-23,9894
00687B,國泰20年美債,525,0,525,元大-桃興,2023-05-24,9894
00637L,元大滬深300正2,138,0,138,元大-桃興,2023-05-24,9894
1905,華紙,140,34,106,元大-桃興,2023-05-24,9894
2834,臺企銀,82,0,82,元大-桃興,2023-05-24,9894
00679B,元大美債20年,98,21,77,元大-桃興,2023-05-24,9894
00878,國泰永續高股息,68,6,62,元大-桃興,2023-05-24,9894
00882,中信中國高股息,52,0,52,元大-桃興,2023-05-24,9894
2607,榮運,43,0,43,元大-桃興,2023-05-24,9894
2630,亞航,61,32,29,元大-桃興,2023-05-24,9894
2323,中環,29,3,26,元大-桃興,2023-05-24,9894
00712,復華富時不動產,26,0,26,元大-桃興,2023-05-24,9894
8033,雷虎,25,0,25,元大-桃興,2023-05-24,9894
00885,富邦越南,25,0,25,元大-桃興,2023-05-24,9894
6446,藥華藥,22,2,20,元大-桃興,2023-05-24,9894
2303,聯電,23,4,19,元大-桃興,2023-05-24,9894
2062,橋椿,19,0,19,元大-桃興,2023-05-24,9894
4121,優盛,21,3,18,元大-桃興,2023-05-24,9894
2705,六福,32,15,17,元大-桃興,2023-05-24,9894
4133,亞諾法,22,6,16,元大-桃興,2023-05-24,9894
00928,中信上櫃ESG30,16,0,16,元大-桃興,2023-05-24,9894
3025,星通,36,21,15,元大-桃興,2023-05-24,9894
1618,合機,15,0,15,元大-桃興,2023-05-24,9894
1513,中興電,21,6,15,元大-桃興,2023-05-24,9894
2377,微星,16,1,15,元大-桃興,2023-05-24,9894
2514,龍邦,14,0,14,元大-桃興,2023-05-24,9894
3563,牧德,14,1,13,元大-桃興,2023-05-24,9894
3038,全台,25,12,13,元大-桃興,2023-05-24,9894
2399,映泰,40,27,13,元大-桃興,2023-05-24,9894
4741,泓瀚,12,0,12,元大-桃興,2023-05-24,9894
2409,友達,12,1,11,元大-桃興,2023-05-24,9894
1519,華城,22,11,11,元大-桃興,2023-05-24,9894
00753L,中信中國50正2,11,0,11,元大-桃興,2023-05-24,9894
5876,上海商銀,10,0,10,元大-桃興,2023-05-24,9894
00751B,元大AAA至A公司債,10,0,10,元大-桃興,2023-05-24,9894
1218,泰山,10,0,10,元大-桃興,2023-05-24,9894
3591,艾笛森,39,29,10,元大-桃興,2023-05-24,9894
2362,藍天,10,0,10,元大-桃興,2023-05-24,9894
2305,全友,11,1,10,元大-桃興,2023-05-24,9894
00633L,富邦上証正2,10,0,10,元大-桃興,2023-05-24,9894
1785,光洋科,16,6,10,元大-桃興,2023-05-24,9894
3041,揚智,10,0,10,元大-桃興,2023-05-24,9894
2314,台揚,10,1,9,元大-桃興,2023-05-24,9894
4916,事欣科,10,1,9,元大-桃興,2023-05-24,9894
3306,鼎天,9,0,9,元大-桃興,2023-05-24,9894
3207,耀勝,9,0,9,元大-桃興,2023-05-24,9894
00680L,元大美債20正2,9,0,9,元大-桃興,2023-05-24,9894
5410,國眾,8,0,8,元大-桃興,2023-05-24,9894
3264,欣銓,8,0,8,元大-桃興,2023-05-24,9894
3028,增你強,10,2,8,元大-桃興,2023-05-24,9894
1802,台玻,8,0,8,元大-桃興,2023-05-24,9894
00632R,元大台灣50反1,910,305,605,元大-桃興,2023-05-25,9894
3715,定穎投控,286,64,222,元大-桃興,2023-05-25,9894
2618,長榮航,289,88,201,元大-桃興,2023-05-25,9894
00882,中信中國高股息,115,10,105,元大-桃興,2023-05-25,9894
00676R,富邦臺灣加權反1,100,0,100,元大-桃興,2023-05-25,9894
00637L,元大滬深300正2,109,12,97,元大-桃興,2023-05-25,9894
2371,大同,68,2,66,元大-桃興,2023-05-25,9894
2399,映泰,82,22,60,元大-桃興,2023-05-25,9894
00753L,中信中國50正2,57,0,57,元大-桃興,2023-05-25,9894
3363,上詮,65,8,57,元大-桃興,2023-05-25,9894
00712,復華富時不動產,45,0,45,元大-桃興,2023-05-25,9894
2204,中華,58,13,45,元大-桃興,2023-05-25,9894
2605,新興,41,0,41,元大-桃興,2023-05-25,9894
2888,新光金,38,0,38,元大-桃興,2023-05-25,9894
00687B,國泰20年美債,35,0,35,元大-桃興,2023-05-25,9894
5351,鈺創,35,0,35,元大-桃興,2023-05-25,9894
1504,東元,35,6,29,元大-桃興,2023-05-25,9894
2883,凱基金,29,2,27,元大-桃興,2023-05-25,9894
2538,基泰,25,0,25,元大-桃興,2023-05-25,9894
3058,立德,25,1,24,元大-桃興,2023-05-25,9894
8033,雷虎,25,1,24,元大-桃興,2023-05-25,9894
4564,元翎,61,37,24,元大-桃興,2023-05-25,9894
3038,全台,36,13,23,元大-桃興,2023-05-25,9894
3006,晶豪科,22,0,22,元大-桃興,2023-05-25,9894
2457,飛宏,40,19,21,元大-桃興,2023-05-25,9894
2489,瑞軒,21,0,21,元大-桃興,2023-05-25,9894
2885,元大金,20,0,20,元大-桃興,2023-05-25,9894
2388,威盛,41,21,20,元大-桃興,2023-05-25,9894
2615,萬海,20,0,20,元大-桃興,2023-05-25,9894
2023,燁輝,18,0,18,元大-桃興,2023-05-25,9894
2027,大成鋼,18,0,18,元大-桃興,2023-05-25,9894
2739,寒舍,17,0,17,元大-桃興,2023-05-25,9894
00734B,台新JPM新興債,16,0,16,元大-桃興,2023-05-25,9894
2515,中工,20,4,16,元大-桃興,2023-05-25,9894
4160,訊聯基因,18,3,15,元大-桃興,2023-05-25,9894
00679B,元大美債20年,26,11,15,元大-桃興,2023-05-25,9894
2881,富邦金,20,6,14,元大-桃興,2023-05-25,9894
2641,正德,14,0,14,元大-桃興,2023-05-25,9894
8064,東捷,14,0,14,元大-桃興,2023-05-25,9894
9919,康那香,22,8,14,元大-桃興,2023-05-25,9894
6770,力積電,13,0,13,元大-桃興,2023-05-25,9894
2723,美食-KY,13,0,13,元大-桃興,2023-05-25,9894
00751B,元大AAA至A公司債,12,0,12,元大-桃興,2023-05-25,9894
1802,台玻,12,0,12,元大-桃興,2023-05-25,9894
6527,明達醫,12,0,12,元大-桃興,2023-05-25,9894
2748,雲品,22,11,11,元大-桃興,2023-05-25,9894
2834,臺企銀,11,0,11,元大-桃興,2023-05-25,9894
2731,雄獅,12,1,11,元大-桃興,2023-05-25,9894
1337,再生-KY,11,0,11,元大-桃興,2023-05-25,9894
3041,揚智,11,0,11,元大-桃興,2023-05-25,9894
00632R,元大台灣50反1,1184,90,1094,元大-桃興,2023-05-26,9894
00753L,中信中國50正2,160,0,160,元大-桃興,2023-05-26,9894
00712,復華富時不動產,76,0,76,元大-桃興,2023-05-26,9894
2601,益航,71,2,69,元大-桃興,2023-05-26,9894
00676R,富邦臺灣加權反1,60,0,60,元大-桃興,2023-05-26,9894
2885,元大金,71,13,58,元大-桃興,2023-05-26,9894
00637L,元大滬深300正2,59,6,53,元大-桃興,2023-05-26,9894
00882,中信中國高股息,41,0,41,元大-桃興,2023-05-26,9894
2547,日勝生,38,0,38,元大-桃興,2023-05-26,9894
2498,宏達電,54,16,38,元大-桃興,2023-05-26,9894
2337,旺宏,50,13,37,元大-桃興,2023-05-26,9894
6589,台康生技,34,0,34,元大-桃興,2023-05-26,9894
1605,華新,40,7,33,元大-桃興,2023-05-26,9894
0055,元大MSCI金融,30,0,30,元大-桃興,2023-05-26,9894
3481,群創,53,24,29,元大-桃興,2023-05-26,9894
2618,長榮航,190,162,28,元大-桃興,2023-05-26,9894
2645,長榮航太,26,0,26,元大-桃興,2023-05-26,9894
3325,旭品,27,1,26,元大-桃興,2023-05-26,9894
2606,裕民,24,0,24,元大-桃興,2023-05-26,9894
2471,資通,49,26,23,元大-桃興,2023-05-26,9894
4729,熒茂,23,0,23,元大-桃興,2023-05-26,9894
6191,精成科,21,0,21,元大-桃興,2023-05-26,9894
00679B,元大美債20年,22,2,20,元大-桃興,2023-05-26,9894
3607,谷崧,20,0,20,元大-桃興,2023-05-26,9894
1785,光洋科,20,0,20,元大-桃興,2023-05-26,9894
2883,凱基金,25,6,19,元大-桃興,2023-05-26,9894
3058,立德,21,2,19,元大-桃興,2023-05-26,9894
1219,福壽,20,1,19,元大-桃興,2023-05-26,9894
3715,定穎投控,44,25,19,元大-桃興,2023-05-26,9894
2887,台新金,21,2,19,元大-桃興,2023-05-26,9894
2736,富野,40,22,18,元大-桃興,2023-05-26,9894
2204,中華,40,22,18,元大-桃興,2023-05-26,9894
1905,華紙,28,11,17,元大-桃興,2023-05-26,9894
1795,美時,21,4,17,元大-桃興,2023-05-26,9894
00642U,期元大S＆P石油,16,0,16,元大-桃興,2023-05-26,9894
00885,富邦越南,16,0,16,元大-桃興,2023-05-26,9894
3037,欣興,51,36,15,元大-桃興,2023-05-26,9894
8255,朋程,16,1,15,元大-桃興,2023-05-26,9894
3693,營邦,32,18,14,元大-桃興,2023-05-26,9894
5243,乙盛-KY,18,4,14,元大-桃興,2023-05-26,9894
2382,廣達,34,21,13,元大-桃興,2023-05-26,9894
1904,正隆,14,1,13,元大-桃興,2023-05-26,9894
3006,晶豪科,18,5,13,元大-桃興,2023-05-26,9894
3508,位速,13,0,13,元大-桃興,2023-05-26,9894
00772B,中信高評級公司債,12,0,12,元大-桃興,2023-05-26,9894
2247,汎德永業,12,0,12,元大-桃興,2023-05-26,9894
3015,全漢,12,0,12,元大-桃興,2023-05-26,9894
5465,富驊,19,8,11,元大-桃興,2023-05-26,9894
2834,臺企銀,11,0,11,元大-桃興,2023-05-26,9894
1326,台化,11,0,11,元大-桃興,2023-05-26,9894
00753L,中信中國50正2,203,0,203,元大-桃興,2023-05-29,9894
00706L,期元大S＆P日圓正2,82,0,82,元大-桃興,2023-05-29,9894
00878,國泰永續高股息,84,28,56,元大-桃興,2023-05-29,9894
2489,瑞軒,50,0,50,元大-桃興,2023-05-29,9894
2883,凱基金,50,1,49,元大-桃興,2023-05-29,9894
3231,緯創,159,116,43,元大-桃興,2023-05-29,9894
2610,華航,140,101,39,元大-桃興,2023-05-29,9894
6275,元山,35,0,35,元大-桃興,2023-05-29,9894
6770,力積電,34,0,34,元大-桃興,2023-05-29,9894
1608,華榮,80,47,33,元大-桃興,2023-05-29,9894
2002,中鋼,37,5,32,元大-桃興,2023-05-29,9894
2382,廣達,32,1,31,元大-桃興,2023-05-29,9894
00905,FT臺灣Smart,30,0,30,元大-桃興,2023-05-29,9894
1314,中石化,29,0,29,元大-桃興,2023-05-29,9894
00882,中信中國高股息,28,0,28,元大-桃興,2023-05-29,9894
2630,亞航,30,6,24,元大-桃興,2023-05-29,9894
3706,神達,77,57,20,元大-桃興,2023-05-29,9894
2399,映泰,24,5,19,元大-桃興,2023-05-29,9894
2330,台積電,27,10,17,元大-桃興,2023-05-29,9894
1513,中興電,42,25,17,元大-桃興,2023-05-29,9894
6118,建達,17,0,17,元大-桃興,2023-05-29,9894
00637L,元大滬深300正2,39,23,16,元大-桃興,2023-05-29,9894
00715L,期街口布蘭特正2,30,14,16,元大-桃興,2023-05-29,9894
1310,台苯,15,0,15,元大-桃興,2023-05-29,9894
4744,皇將,16,2,14,元大-桃興,2023-05-29,9894
3481,群創,54,40,14,元大-桃興,2023-05-29,9894
3265,台星科,28,15,13,元大-桃興,2023-05-29,9894
3540,曜越,25,12,13,元大-桃興,2023-05-29,9894
8043,蜜望實,11,0,11,元大-桃興,2023-05-29,9894
00664R,國泰臺灣加權反1,13,2,11,元大-桃興,2023-05-29,9894
2201,裕隆,11,0,11,元大-桃興,2023-05-29,9894
2206,三陽工業,25,14,11,元大-桃興,2023-05-29,9894
3047,訊舟,10,0,10,元大-桃興,2023-05-29,9894
2313,華通,19,9,10,元大-桃興,2023-05-29,9894
8411,福貞-KY,10,0,10,元大-桃興,2023-05-29,9894
6190,萬泰科,12,2,10,元大-桃興,2023-05-29,9894
00633L,富邦上証正2,12,2,10,元大-桃興,2023-05-29,9894
3363,上詮,22,12,10,元大-桃興,2023-05-29,9894
2105,正新,10,1,9,元大-桃興,2023-05-29,9894
8069,元太,19,10,9,元大-桃興,2023-05-29,9894
00922,國泰台灣領袖50,10,1,9,元大-桃興,2023-05-29,9894
6415,矽力*-KY,10,1,9,元大-桃興,2023-05-29,9894
2211,長榮鋼,9,0,9,元大-桃興,2023-05-29,9894
0056,元大高股息,21,12,9,元大-桃興,2023-05-29,9894
3037,欣興,25,17,8,元大-桃興,2023-05-29,9894
00720B,元大投資級公司債,8,0,8,元大-桃興,2023-05-29,9894
2641,正德,13,5,8,元大-桃興,2023-05-29,9894
1522,堤維西,8,0,8,元大-桃興,2023-05-29,9894
6164,華興,8,0,8,元大-桃興,2023-05-29,9894
2888,新光金,28,20,8,元大-桃興,2023-05-29,9894
00632R,元大台灣50反1,198,0,198,元大-桃興,2023-05-30,9894
00637L,元大滬深300正2,184,42,142,元大-桃興,2023-05-30,9894
00753L,中信中國50正2,121,0,121,元大-桃興,2023-05-30,9894
6116,彩晶,119,10,109,元大-桃興,2023-05-30,9894
00676R,富邦臺灣加權反1,100,0,100,元大-桃興,2023-05-30,9894
2382,廣達,82,14,68,元大-桃興,2023-05-30,9894
2356,英業達,125,81,44,元大-桃興,2023-05-30,9894
1609,大亞,41,5,36,元大-桃興,2023-05-30,9894
3078,僑威,55,20,35,元大-桃興,2023-05-30,9894
3231,緯創,138,106,32,元大-桃興,2023-05-30,9894
3481,群創,94,63,31,元大-桃興,2023-05-30,9894
1316,上曜,30,0,30,元大-桃興,2023-05-30,9894
5465,富驊,40,11,29,元大-桃興,2023-05-30,9894
2344,華邦電,38,10,28,元大-桃興,2023-05-30,9894
2637,慧洋-KY,25,0,25,元大-桃興,2023-05-30,9894
00882,中信中國高股息,56,33,23,元大-桃興,2023-05-30,9894
3058,立德,21,0,21,元大-桃興,2023-05-30,9894
1513,中興電,29,8,21,元大-桃興,2023-05-30,9894
8054,安國,25,4,21,元大-桃興,2023-05-30,9894
2002,中鋼,20,0,20,元大-桃興,2023-05-30,9894
00751B,元大AAA至A公司債,20,0,20,元大-桃興,2023-05-30,9894
7402,邑錡,18,1,17,元大-桃興,2023-05-30,9894
6535,順藥,22,5,17,元大-桃興,2023-05-30,9894
2883,凱基金,16,0,16,元大-桃興,2023-05-30,9894
8040,九暘,23,7,16,元大-桃興,2023-05-30,9894
00878,國泰永續高股息,53,38,15,元大-桃興,2023-05-30,9894
8046,南電,18,4,14,元大-桃興,2023-05-30,9894
00687B,國泰20年美債,14,0,14,元大-桃興,2023-05-30,9894
00795B,中信美國公債20年,12,0,12,元大-桃興,2023-05-30,9894
2748,雲品,13,1,12,元大-桃興,2023-05-30,9894
1605,華新,15,4,11,元大-桃興,2023-05-30,9894
2329,華泰,12,1,11,元大-桃興,2023-05-30,9894
1905,華紙,13,2,11,元大-桃興,2023-05-30,9894
2109,華豐,10,0,10,元大-桃興,2023-05-30,9894
3031,佰鴻,10,0,10,元大-桃興,2023-05-30,9894
3047,訊舟,10,0,10,元大-桃興,2023-05-30,9894
1314,中石化,10,0,10,元大-桃興,2023-05-30,9894
3710,連展投控,15,5,10,元大-桃興,2023-05-30,9894
1503,士電,27,17,10,元大-桃興,2023-05-30,9894
1611,中電,10,0,10,元大-桃興,2023-05-30,9894
6290,良維,10,0,10,元大-桃興,2023-05-30,9894
3006,晶豪科,15,5,10,元大-桃興,2023-05-30,9894
3033,威健,11,2,9,元大-桃興,2023-05-30,9894
1608,華榮,21,12,9,元大-桃興,2023-05-30,9894
2313,華通,14,5,9,元大-桃興,2023-05-30,9894
1752,南光,10,1,9,元大-桃興,2023-05-30,9894
5328,華容,10,1,9,元大-桃興,2023-05-30,9894
3483,力致,9,0,9,元大-桃興,2023-05-30,9894
5321,美而快,8,0,8,元大-桃興,2023-05-30,9894
9919,康那香,8,0,8,元大-桃興,2023-05-30,9894
3481,群創,341,15,326,元大-桃興,2023-05-31,9894
00715L,期街口布蘭特正2,142,0,142,元大-桃興,2023-05-31,9894
00753L,中信中國50正2,116,0,116,元大-桃興,2023-05-31,9894
1514,亞力,55,6,49,元大-桃興,2023-05-31,9894
00882,中信中國高股息,44,0,44,元大-桃興,2023-05-31,9894
00642U,期元大S＆P石油,48,18,30,元大-桃興,2023-05-31,9894
6770,力積電,32,2,30,元大-桃興,2023-05-31,9894
6290,良維,30,0,30,元大-桃興,2023-05-31,9894
00878,國泰永續高股息,34,7,27,元大-桃興,2023-05-31,9894
3058,立德,23,1,22,元大-桃興,2023-05-31,9894
6288,聯嘉,23,1,22,元大-桃興,2023-05-31,9894
3011,今皓,23,1,22,元大-桃興,2023-05-31,9894
6550,北極星藥業-KY,22,2,20,元大-桃興,2023-05-31,9894
2344,華邦電,60,40,20,元大-桃興,2023-05-31,9894
3231,緯創,112,93,19,元大-桃興,2023-05-31,9894
2409,友達,23,5,18,元大-桃興,2023-05-31,9894
2393,億光,19,1,18,元大-桃興,2023-05-31,9894
8150,南茂,19,1,18,元大-桃興,2023-05-31,9894
3624,光頡,20,2,18,元大-桃興,2023-05-31,9894
3025,星通,36,19,17,元大-桃興,2023-05-31,9894
2603,長榮,23,6,17,元大-桃興,2023-05-31,9894
6411,晶焱,17,0,17,元大-桃興,2023-05-31,9894
3576,聯合再生,16,0,16,元大-桃興,2023-05-31,9894
6125,廣運,17,1,16,元大-桃興,2023-05-31,9894
5465,富驊,23,8,15,元大-桃興,2023-05-31,9894
2352,佳世達,27,12,15,元大-桃興,2023-05-31,9894
4129,聯合,16,1,15,元大-桃興,2023-05-31,9894
4967,十銓,29,14,15,元大-桃興,2023-05-31,9894
2614,東森,14,0,14,元大-桃興,2023-05-31,9894
5425,台半,16,3,13,元大-桃興,2023-05-31,9894
4173,久裕,13,0,13,元大-桃興,2023-05-31,9894
5871,中租-KY,13,0,13,元大-桃興,2023-05-31,9894
2887,台新金,13,1,12,元大-桃興,2023-05-31,9894
1905,華紙,19,7,12,元大-桃興,2023-05-31,9894
1101,台泥,13,1,12,元大-桃興,2023-05-31,9894
5876,上海商銀,12,0,12,元大-桃興,2023-05-31,9894
6274,台燿,12,0,12,元大-桃興,2023-05-31,9894
2605,新興,12,0,12,元大-桃興,2023-05-31,9894
2421,建準,21,9,12,元大-桃興,2023-05-31,9894
2881,富邦金,12,0,12,元大-桃興,2023-05-31,9894
2006,東和鋼鐵,11,0,11,元大-桃興,2023-05-31,9894
3706,神達,28,17,11,元大-桃興,2023-05-31,9894
2739,寒舍,12,1,11,元大-桃興,2023-05-31,9894
00637L,元大滬深300正2,27,17,10,元大-桃興,2023-05-31,9894
3047,訊舟,10,0,10,元大-桃興,2023-05-31,9894
00893,國泰智能電動車,13,3,10,元大-桃興,2023-05-31,9894
4192,杏國,10,0,10,元大-桃興,2023-05-31,9894
2845,遠東銀,10,0,10,元大-桃興,2023-05-31,9894
2329,華泰,15,6,9,元大-桃興,2023-05-31,9894
2368,金像電,11,2,9,元大-桃興,2023-05-31,9894
2354,鴻準,340,2,338,元大-桃興,2023-06-01,9894
00900,富邦特選高股息30,300,0,300,元大-桃興,2023-06-01,9894
00715L,期街口布蘭特正2,175,1,174,元大-桃興,2023-06-01,9894
912000,晨訊科-DR,132,0,132,元大-桃興,2023-06-01,9894
2323,中環,146,70,76,元大-桃興,2023-06-01,9894
3013,晟銘電,135,65,70,元大-桃興,2023-06-01,9894
2495,普安,63,0,63,元大-桃興,2023-06-01,9894
2498,宏達電,93,33,60,元大-桃興,2023-06-01,9894
3058,立德,59,0,59,元大-桃興,2023-06-01,9894
2349,錸德,50,0,50,元大-桃興,2023-06-01,9894
6128,上福,44,0,44,元大-桃興,2023-06-01,9894
00642U,期元大S＆P石油,60,20,40,元大-桃興,2023-06-01,9894
3706,神達,72,33,39,元大-桃興,2023-06-01,9894
3362,先進光,53,15,38,元大-桃興,2023-06-01,9894
6770,力積電,36,1,35,元大-桃興,2023-06-01,9894
00878,國泰永續高股息,32,0,32,元大-桃興,2023-06-01,9894
2515,中工,202,170,32,元大-桃興,2023-06-01,9894
3625,西勝,30,1,29,元大-桃興,2023-06-01,9894
8076,伍豐,29,0,29,元大-桃興,2023-06-01,9894
2547,日勝生,31,3,28,元大-桃興,2023-06-01,9894
00637L,元大滬深300正2,41,14,27,元大-桃興,2023-06-01,9894
3591,艾笛森,33,8,25,元大-桃興,2023-06-01,9894
2607,榮運,24,0,24,元大-桃興,2023-06-01,9894
4977,眾達-KY,27,3,24,元大-桃興,2023-06-01,9894
8255,朋程,24,0,24,元大-桃興,2023-06-01,9894
3022,威強電,22,0,22,元大-桃興,2023-06-01,9894
6282,康舒,47,28,19,元大-桃興,2023-06-01,9894
3032,偉訓,20,1,19,元大-桃興,2023-06-01,9894
2409,友達,20,1,19,元大-桃興,2023-06-01,9894
6185,幃翔,21,3,18,元大-桃興,2023-06-01,9894
4564,元翎,65,47,18,元大-桃興,2023-06-01,9894
2885,元大金,17,0,17,元大-桃興,2023-06-01,9894
4552,力達-KY,17,0,17,元大-桃興,2023-06-01,9894
3380,明泰,17,0,17,元大-桃興,2023-06-01,9894
6188,廣明,31,16,15,元大-桃興,2023-06-01,9894
2637,慧洋-KY,15,0,15,元大-桃興,2023-06-01,9894
2221,大甲,15,0,15,元大-桃興,2023-06-01,9894
2371,大同,27,12,15,元大-桃興,2023-06-01,9894
00713,元大台灣高息低波,18,4,14,元大-桃興,2023-06-01,9894
3673,TPK-KY,40,26,14,元大-桃興,2023-06-01,9894
8033,雷虎,21,7,14,元大-桃興,2023-06-01,9894
00752,中信中國50,15,2,13,元大-桃興,2023-06-01,9894
6122,擎邦,14,1,13,元大-桃興,2023-06-01,9894
00680L,元大美債20正2,13,0,13,元大-桃興,2023-06-01,9894
3038,全台,34,21,13,元大-桃興,2023-06-01,9894
1605,華新,23,10,13,元大-桃興,2023-06-01,9894
2603,長榮,19,6,13,元大-桃興,2023-06-01,9894
00706L,期元大S＆P日圓正2,12,0,12,元大-桃興,2023-06-01,9894
1513,中興電,23,11,12,元大-桃興,2023-06-01,9894
00882,中信中國高股息,12,0,12,元大-桃興,2023-06-01,9894
00715L,期街口布蘭特正2,163,8,155,元大-桃興,2023-06-02,9894
00882,中信中國高股息,78,17,61,元大-桃興,2023-06-02,9894
3363,上詮,66,8,58,元大-桃興,2023-06-02,9894
6531,愛普*,52,9,43,元大-桃興,2023-06-02,9894
00919,群益台灣精選高息,40,0,40,元大-桃興,2023-06-02,9894
3209,全科,40,1,39,元大-桃興,2023-06-02,9894
2607,榮運,44,5,39,元大-桃興,2023-06-02,9894
1608,華榮,53,15,38,元大-桃興,2023-06-02,9894
1504,東元,110,72,38,元大-桃興,2023-06-02,9894
3231,緯創,185,149,36,元大-桃興,2023-06-02,9894
1905,華紙,90,54,36,元大-桃興,2023-06-02,9894
2390,云辰,35,0,35,元大-桃興,2023-06-02,9894
2885,元大金,80,47,33,元大-桃興,2023-06-02,9894
2610,華航,176,143,33,元大-桃興,2023-06-02,9894
2883,凱基金,26,0,26,元大-桃興,2023-06-02,9894
4967,十銓,33,7,26,元大-桃興,2023-06-02,9894
2371,大同,31,7,24,元大-桃興,2023-06-02,9894
3338,泰碩,23,0,23,元大-桃興,2023-06-02,9894
2603,長榮,28,6,22,元大-桃興,2023-06-02,9894
1904,正隆,25,4,21,元大-桃興,2023-06-02,9894
2601,益航,20,0,20,元大-桃興,2023-06-02,9894
8403,盛弘,20,0,20,元大-桃興,2023-06-02,9894
6191,精成科,20,1,19,元大-桃興,2023-06-02,9894
00679B,元大美債20年,17,0,17,元大-桃興,2023-06-02,9894
3149,正達,17,0,17,元大-桃興,2023-06-02,9894
2356,英業達,56,40,16,元大-桃興,2023-06-02,9894
6235,華孚,23,7,16,元大-桃興,2023-06-02,9894
8271,宇瞻,36,21,15,元大-桃興,2023-06-02,9894
6111,大宇資,24,9,15,元大-桃興,2023-06-02,9894
2812,台中銀,15,1,14,元大-桃興,2023-06-02,9894
2705,六福,15,1,14,元大-桃興,2023-06-02,9894
4543,萬在,40,26,14,元大-桃興,2023-06-02,9894
3591,艾笛森,18,4,14,元大-桃興,2023-06-02,9894
3047,訊舟,17,4,13,元大-桃興,2023-06-02,9894
3017,奇鋐,16,3,13,元大-桃興,2023-06-02,9894
2031,新光鋼,21,9,12,元大-桃興,2023-06-02,9894
3583,辛耘,14,2,12,元大-桃興,2023-06-02,9894
1727,中華化,18,6,12,元大-桃興,2023-06-02,9894
8105,凌巨,12,0,12,元大-桃興,2023-06-02,9894
00642U,期元大S＆P石油,14,3,11,元大-桃興,2023-06-02,9894
1584,精剛,13,2,11,元大-桃興,2023-06-02,9894
4739,康普,11,0,11,元大-桃興,2023-06-02,9894
6244,茂迪,23,12,11,元大-桃興,2023-06-02,9894
3202,樺晟,11,0,11,元大-桃興,2023-06-02,9894
6443,元晶,15,4,11,元大-桃興,2023-06-02,9894
5258,虹堡,13,3,10,元大-桃興,2023-06-02,9894
00650L,復華香港正2,12,2,10,元大-桃興,2023-06-02,9894
4916,事欣科,15,5,10,元大-桃興,2023-06-02,9894
1314,中石化,10,0,10,元大-桃興,2023-06-02,9894
2201,裕隆,15,5,10,元大-桃興,2023-06-02,9894
00919,群益台灣精選高息,84,0,84,元大-桃興,2023-06-05,9894
2601,益航,77,0,77,元大-桃興,2023-06-05,9894
00632R,元大台灣50反1,82,7,75,元大-桃興,2023-06-05,9894
00679B,元大美債20年,58,0,58,元大-桃興,2023-06-05,9894
1907,永豐餘,74,22,52,元大-桃興,2023-06-05,9894
1718,中纖,44,0,44,元大-桃興,2023-06-05,9894
00713,元大台灣高息低波,54,16,38,元大-桃興,2023-06-05,9894
00795B,中信美國公債20年,34,0,34,元大-桃興,2023-06-05,9894
3591,艾笛森,50,16,34,元大-桃興,2023-06-05,9894
1802,台玻,34,1,33,元大-桃興,2023-06-05,9894
3706,神達,36,6,30,元大-桃興,2023-06-05,9894
3306,鼎天,28,1,27,元大-桃興,2023-06-05,9894
2409,友達,37,13,24,元大-桃興,2023-06-05,9894
2612,中航,24,0,24,元大-桃興,2023-06-05,9894
2603,長榮,30,7,23,元大-桃興,2023-06-05,9894
2332,友訊,26,4,22,元大-桃興,2023-06-05,9894
00687B,國泰20年美債,22,0,22,元大-桃興,2023-06-05,9894
3025,星通,30,9,21,元大-桃興,2023-06-05,9894
9943,好樂迪,22,1,21,元大-桃興,2023-06-05,9894
6274,台燿,22,1,21,元大-桃興,2023-06-05,9894
2535,達欣工,20,0,20,元大-桃興,2023-06-05,9894
5465,富驊,65,45,20,元大-桃興,2023-06-05,9894
6547,高端疫苗,20,0,20,元大-桃興,2023-06-05,9894
2390,云辰,20,0,20,元大-桃興,2023-06-05,9894
4541,晟田,21,1,20,元大-桃興,2023-06-05,9894
2353,宏��,42,22,20,元大-桃興,2023-06-05,9894
4123,晟德,20,1,19,元大-桃興,2023-06-05,9894
2206,三陽工業,30,11,19,元大-桃興,2023-06-05,9894
2607,榮運,22,3,19,元大-桃興,2023-06-05,9894
1608,華榮,36,18,18,元大-桃興,2023-06-05,9894
3624,光頡,21,3,18,元大-桃興,2023-06-05,9894
6167,久正,19,1,18,元大-桃興,2023-06-05,9894
6456,GIS-KY,20,3,17,元大-桃興,2023-06-05,9894
2449,京元電子,16,0,16,元大-桃興,2023-06-05,9894
00764B,群益25年美債,16,0,16,元大-桃興,2023-06-05,9894
1337,再生-KY,16,1,15,元大-桃興,2023-06-05,9894
2427,三商電,16,1,15,元大-桃興,2023-06-05,9894
1338,廣華-KY,15,0,15,元大-桃興,2023-06-05,9894
2515,中工,18,4,14,元大-桃興,2023-06-05,9894
3363,上詮,21,7,14,元大-桃興,2023-06-05,9894
6470,宇智,16,2,14,元大-桃興,2023-06-05,9894
2618,長榮航,78,65,13,元大-桃興,2023-06-05,9894
6806,森崴能源,23,10,13,元大-桃興,2023-06-05,9894
1529,樂事綠能,58,45,13,元大-桃興,2023-06-05,9894
6214,精誠,18,5,13,元大-桃興,2023-06-05,9894
3714,富采,14,2,12,元大-桃興,2023-06-05,9894
3047,訊舟,13,1,12,元大-桃興,2023-06-05,9894
2739,寒舍,12,0,12,元大-桃興,2023-06-05,9894
2331,精英,17,5,12,元大-桃興,2023-06-05,9894
2323,中環,32,21,11,元大-桃興,2023-06-05,9894
2515,中工,200,133,67,元大-桃興,2023-06-06,9894
00676R,富邦臺灣加權反1,50,0,50,元大-桃興,2023-06-06,9894
8215,明基材,45,12,33,元大-桃興,2023-06-06,9894
2610,華航,51,21,30,元大-桃興,2023-06-06,9894
5531,鄉林,30,0,30,元大-桃興,2023-06-06,9894
3037,欣興,37,9,28,元大-桃興,2023-06-06,9894
3013,晟銘電,34,6,28,元大-桃興,2023-06-06,9894
8105,凌巨,157,130,27,元大-桃興,2023-06-06,9894
2323,中環,145,118,27,元大-桃興,2023-06-06,9894
00713,元大台灣高息低波,28,3,25,元大-桃興,2023-06-06,9894
2489,瑞軒,26,1,25,元大-桃興,2023-06-06,9894
1514,亞力,30,8,22,元大-桃興,2023-06-06,9894
2887,台新金,22,2,20,元大-桃興,2023-06-06,9894
2612,中航,20,0,20,元大-桃興,2023-06-06,9894
1316,上曜,20,0,20,元大-桃興,2023-06-06,9894
00639,富邦深100,20,0,20,元大-桃興,2023-06-06,9894
1609,大亞,130,111,19,元大-桃興,2023-06-06,9894
0056,元大高股息,32,15,17,元大-桃興,2023-06-06,9894
00712,復華富時不動產,16,0,16,元大-桃興,2023-06-06,9894
6443,元晶,16,1,15,元大-桃興,2023-06-06,9894
4931,新盛力,18,4,14,元大-桃興,2023-06-06,9894
6288,聯嘉,13,0,13,元大-桃興,2023-06-06,9894
6235,華孚,17,4,13,元大-桃興,2023-06-06,9894
8163,達方,13,0,13,元大-桃興,2023-06-06,9894
3706,神達,19,6,13,元大-桃興,2023-06-06,9894
4123,晟德,13,1,12,元大-桃興,2023-06-06,9894
00919,群益台灣精選高息,12,0,12,元大-桃興,2023-06-06,9894
2402,毅嘉,62,50,12,元大-桃興,2023-06-06,9894
3189,景碩,12,0,12,元大-桃興,2023-06-06,9894
00927,群益半導體收益,12,0,12,元大-桃興,2023-06-06,9894
2204,中華,12,0,12,元大-桃興,2023-06-06,9894
5351,鈺創,16,4,12,元大-桃興,2023-06-06,9894
3033,威健,12,0,12,元大-桃興,2023-06-06,9894
6139,亞翔,16,4,12,元大-桃興,2023-06-06,9894
6026,福邦證,12,0,12,元大-桃興,2023-06-06,9894
2461,光群雷,22,11,11,元大-桃興,2023-06-06,9894
2425,承啟,12,1,11,元大-桃興,2023-06-06,9894
00882,中信中國高股息,11,0,11,元大-桃興,2023-06-06,9894
3630,新鉅科,11,1,10,元大-桃興,2023-06-06,9894
6209,今國光,10,0,10,元大-桃興,2023-06-06,9894
2834,臺企銀,10,0,10,元大-桃興,2023-06-06,9894
1527,鑽全,10,0,10,元大-桃興,2023-06-06,9894
1802,台玻,10,0,10,元大-桃興,2023-06-06,9894
00907,永豐優息存股,10,0,10,元大-桃興,2023-06-06,9894
6233,旺玖,10,0,10,元大-桃興,2023-06-06,9894
6446,藥華藥,11,1,10,元大-桃興,2023-06-06,9894
3025,星通,11,1,10,元大-桃興,2023-06-06,9894
3438,類比科,12,3,9,元大-桃興,2023-06-06,9894
3646,艾恩特,10,1,9,元大-桃興,2023-06-06,9894
2486,一詮,25,16,9,元大-桃興,2023-06-06,9894
2618,長榮航,133,13,120,元大-桃興,2023-06-07,9894
3481,群創,114,17,97,元大-桃興,2023-06-07,9894
1514,亞力,64,7,57,元大-桃興,2023-06-07,9894
00676R,富邦臺灣加權反1,56,0,56,元大-桃興,2023-06-07,9894
00919,群益台灣精選高息,42,0,42,元大-桃興,2023-06-07,9894
2607,榮運,31,0,31,元大-桃興,2023-06-07,9894
4532,瑞智,30,0,30,元大-桃興,2023-06-07,9894
2888,新光金,37,10,27,元大-桃興,2023-06-07,9894
6125,廣運,29,3,26,元大-桃興,2023-06-07,9894
2603,長榮,26,1,25,元大-桃興,2023-06-07,9894
6689,伊雲谷,22,0,22,元大-桃興,2023-06-07,9894
2402,毅嘉,33,12,21,元大-桃興,2023-06-07,9894
00637L,元大滬深300正2,143,123,20,元大-桃興,2023-06-07,9894
6112,邁達特,21,1,20,元大-桃興,2023-06-07,9894
4111,濟生,20,0,20,元大-桃興,2023-06-07,9894
2906,高林,20,0,20,元大-桃興,2023-06-07,9894
2492,華新科,20,0,20,元大-桃興,2023-06-07,9894
2390,云辰,19,0,19,元大-桃興,2023-06-07,9894
1528,恩德,20,1,19,元大-桃興,2023-06-07,9894
00753L,中信中國50正2,20,1,19,元大-桃興,2023-06-07,9894
2409,友達,23,5,18,元大-桃興,2023-06-07,9894
1529,樂事綠能,31,13,18,元大-桃興,2023-06-07,9894
1605,華新,30,13,17,元大-桃興,2023-06-07,9894
3025,星通,21,4,17,元大-桃興,2023-06-07,9894
2610,華航,29,12,17,元大-桃興,2023-06-07,9894
2344,華邦電,20,5,15,元大-桃興,2023-06-07,9894
6160,欣技,15,0,15,元大-桃興,2023-06-07,9894
2504,國產,15,0,15,元大-桃興,2023-06-07,9894
2855,統一證,15,0,15,元大-桃興,2023-06-07,9894
1815,富喬,15,0,15,元大-桃興,2023-06-07,9894
1608,華榮,25,11,14,元大-桃興,2023-06-07,9894
4979,華星光,35,21,14,元大-桃興,2023-06-07,9894
4207,環泰,35,21,14,元大-桃興,2023-06-07,9894
2605,新興,13,0,13,元大-桃興,2023-06-07,9894
2612,中航,13,0,13,元大-桃興,2023-06-07,9894
1907,永豐餘,14,1,13,元大-桃興,2023-06-07,9894
3673,TPK-KY,17,4,13,元大-桃興,2023-06-07,9894
1314,中石化,13,0,13,元大-桃興,2023-06-07,9894
00679B,元大美債20年,15,3,12,元大-桃興,2023-06-07,9894
6446,藥華藥,13,1,12,元大-桃興,2023-06-07,9894
4188,安克,12,0,12,元大-桃興,2023-06-07,9894
6134,萬旭,11,0,11,元大-桃興,2023-06-07,9894
6213,聯茂,11,0,11,元大-桃興,2023-06-07,9894
2401,凌陽,15,4,11,元大-桃興,2023-06-07,9894
3711,日月光投控,22,12,10,元大-桃興,2023-06-07,9894
6547,高端疫苗,10,0,10,元大-桃興,2023-06-07,9894
8432,東生華,10,0,10,元大-桃興,2023-06-07,9894
1522,堤維西,10,0,10,元大-桃興,2023-06-07,9894
2353,宏��,25,15,10,元大-桃興,2023-06-07,9894
2530,華建,10,0,10,元大-桃興,2023-06-07,9894
00919,群益台灣精選高息,104,0,104,元大-桃興,2023-06-08,9894
2888,新光金,77,7,70,元大-桃興,2023-06-08,9894
00679B,元大美債20年,81,14,67,元大-桃興,2023-06-08,9894
2344,華邦電,58,12,46,元大-桃興,2023-06-08,9894
0056,元大高股息,46,3,43,元大-桃興,2023-06-08,9894
2393,億光,43,2,41,元大-桃興,2023-06-08,9894
1524,耿鼎,62,21,41,元大-桃興,2023-06-08,9894
1313,聯成,40,0,40,元大-桃興,2023-06-08,9894
00720B,元大投資級公司債,37,0,37,元大-桃興,2023-06-08,9894
5512,力麒,38,2,36,元大-桃興,2023-06-08,9894
6282,康舒,61,25,36,元大-桃興,2023-06-08,9894
6116,彩晶,38,2,36,元大-桃興,2023-06-08,9894
00751B,元大AAA至A公司債,35,0,35,元大-桃興,2023-06-08,9894
00772B,中信高評級公司債,34,0,34,元大-桃興,2023-06-08,9894
1718,中纖,34,0,34,元大-桃興,2023-06-08,9894
1455,集盛,33,0,33,元大-桃興,2023-06-08,9894
6203,海韻電,32,0,32,元大-桃興,2023-06-08,9894
2492,華新科,33,2,31,元大-桃興,2023-06-08,9894
1609,大亞,112,82,30,元大-桃興,2023-06-08,9894
4111,濟生,30,0,30,元大-桃興,2023-06-08,9894
3715,定穎投控,30,6,24,元大-桃興,2023-06-08,9894
2881,富邦金,32,9,23,元大-桃興,2023-06-08,9894
3088,艾訊,22,0,22,元大-桃興,2023-06-08,9894
1720,生達,40,18,22,元大-桃興,2023-06-08,9894
2457,飛宏,24,3,21,元大-桃興,2023-06-08,9894
6191,精成科,21,1,20,元大-桃興,2023-06-08,9894
3576,聯合再生,21,1,20,元大-桃興,2023-06-08,9894
2358,廷鑫,20,0,20,元大-桃興,2023-06-08,9894
2748,雲品,47,29,18,元大-桃興,2023-06-08,9894
6233,旺玖,18,0,18,元大-桃興,2023-06-08,9894
5706,鳳凰,48,30,18,元大-桃興,2023-06-08,9894
2206,三陽工業,36,20,16,元大-桃興,2023-06-08,9894
00687B,國泰20年美債,22,6,16,元大-桃興,2023-06-08,9894
6187,萬潤,28,12,16,元大-桃興,2023-06-08,9894
00680L,元大美債20正2,16,0,16,元大-桃興,2023-06-08,9894
2607,榮運,16,0,16,元大-桃興,2023-06-08,9894
3037,欣興,54,38,16,元大-桃興,2023-06-08,9894
2337,旺宏,15,0,15,元大-桃興,2023-06-08,9894
6248,沛波,15,0,15,元大-桃興,2023-06-08,9894
00927,群益半導體收益,15,0,15,元大-桃興,2023-06-08,9894
3481,群創,22,7,15,元大-桃興,2023-06-08,9894
1101,台泥,16,2,14,元大-桃興,2023-06-08,9894
6285,啟��,17,3,14,元大-桃興,2023-06-08,9894
1528,恩德,14,0,14,元大-桃興,2023-06-08,9894
6188,廣明,16,2,14,元大-桃興,2023-06-08,9894
6806,森崴能源,15,2,13,元大-桃興,2023-06-08,9894
3038,全台,15,2,13,元大-桃興,2023-06-08,9894
00921,兆豐龍頭等權重,13,0,13,元大-桃興,2023-06-08,9894
1605,華新,32,20,12,元大-桃興,2023-06-08,9894
8069,元太,12,0,12,元大-桃興,2023-06-08,9894
2515,中工,240,15,225,元大-桃興,2023-06-09,9894
00632R,元大台灣50反1,143,2,141,元大-桃興,2023-06-09,9894
00929,復華台灣科技優息,107,6,101,元大-桃興,2023-06-09,9894
2352,佳世達,146,50,96,元大-桃興,2023-06-09,9894
3092,鴻碩,83,0,83,元大-桃興,2023-06-09,9894
4157,太景*-KY,70,0,70,元大-桃興,2023-06-09,9894
00712,復華富時不動產,75,6,69,元大-桃興,2023-06-09,9894
6191,精成科,62,0,62,元大-桃興,2023-06-09,9894
2634,漢翔,69,15,54,元大-桃興,2023-06-09,9894
3078,僑威,51,7,44,元大-桃興,2023-06-09,9894
2618,長榮航,69,25,44,元大-桃興,2023-06-09,9894
3032,偉訓,47,7,40,元大-桃興,2023-06-09,9894
3019,亞光,40,0,40,元大-桃興,2023-06-09,9894
2354,鴻準,57,23,34,元大-桃興,2023-06-09,9894
6282,康舒,47,15,32,元大-桃興,2023-06-09,9894
4138,曜亞,33,1,32,元大-桃興,2023-06-09,9894
2492,華新科,29,0,29,元大-桃興,2023-06-09,9894
2328,廣宇,28,1,27,元大-桃興,2023-06-09,9894
8038,長園科,29,4,25,元大-桃興,2023-06-09,9894
6288,聯嘉,35,14,21,元大-桃興,2023-06-09,9894
00679B,元大美債20年,20,0,20,元大-桃興,2023-06-09,9894
9944,新麗,20,0,20,元大-桃興,2023-06-09,9894
6203,海韻電,21,1,20,元大-桃興,2023-06-09,9894
2211,長榮鋼,20,1,19,元大-桃興,2023-06-09,9894
6770,力積電,19,0,19,元大-桃興,2023-06-09,9894
8033,雷虎,19,0,19,元大-桃興,2023-06-09,9894
2603,長榮,20,2,18,元大-桃興,2023-06-09,9894
2630,亞航,53,36,17,元大-桃興,2023-06-09,9894
2743,山富,22,6,16,元大-桃興,2023-06-09,9894
2029,盛餘,16,0,16,元大-桃興,2023-06-09,9894
6732,昇佳電子,16,0,16,元大-桃興,2023-06-09,9894
3532,台勝科,16,1,15,元大-桃興,2023-06-09,9894
2482,連宇,46,31,15,元大-桃興,2023-06-09,9894
2731,雄獅,16,2,14,元大-桃興,2023-06-09,9894
5469,瀚宇博,13,0,13,元大-桃興,2023-06-09,9894
00676R,富邦臺灣加權反1,13,0,13,元大-桃興,2023-06-09,9894
5301,寶得利,13,0,13,元大-桃興,2023-06-09,9894
6285,啟��,13,1,12,元大-桃興,2023-06-09,9894
1504,東元,23,11,12,元大-桃興,2023-06-09,9894
2329,華泰,23,11,12,元大-桃興,2023-06-09,9894
3498,陽程,13,1,12,元大-桃興,2023-06-09,9894
3363,上詮,15,3,12,元大-桃興,2023-06-09,9894
3702,大聯大,12,0,12,元大-桃興,2023-06-09,9894
2027,大成鋼,11,0,11,元大-桃興,2023-06-09,9894
2353,宏��,55,44,11,元大-桃興,2023-06-09,9894
2006,東和鋼鐵,11,0,11,元大-桃興,2023-06-09,9894
6153,嘉聯益,11,0,11,元大-桃興,2023-06-09,9894
2425,承啟,18,7,11,元大-桃興,2023-06-09,9894
3607,谷崧,11,0,11,元大-桃興,2023-06-09,9894
2377,微星,12,1,11,元大-桃興,2023-06-09,9894
00712,復華富時不動產,121,1,120,元大-桃興,2023-06-12,9894
2618,長榮航,156,56,100,元大-桃興,2023-06-12,9894
00929,復華台灣科技優息,107,8,99,元大-桃興,2023-06-12,9894
00632R,元大台灣50反1,71,3,68,元大-桃興,2023-06-12,9894
1905,華紙,67,15,52,元大-桃興,2023-06-12,9894
3481,群創,165,116,49,元大-桃興,2023-06-12,9894
00919,群益台灣精選高息,70,29,41,元大-桃興,2023-06-12,9894
2601,益航,40,0,40,元大-桃興,2023-06-12,9894
2891,中信金,37,3,34,元大-桃興,2023-06-12,9894
00715L,期街口布蘭特正2,44,11,33,元大-桃興,2023-06-12,9894
6026,福邦證,33,0,33,元大-桃興,2023-06-12,9894
6191,精成科,34,1,33,元大-桃興,2023-06-12,9894
1815,富喬,32,1,31,元大-桃興,2023-06-12,9894
5531,鄉林,32,3,29,元大-桃興,2023-06-12,9894
2312,金寶,29,0,29,元大-桃興,2023-06-12,9894
2382,廣達,52,25,27,元大-桃興,2023-06-12,9894
3062,建漢,25,0,25,元大-桃興,2023-06-12,9894
1314,中石化,25,0,25,元大-桃興,2023-06-12,9894
8033,雷虎,25,1,24,元大-桃興,2023-06-12,9894
6441,廣錠,30,6,24,元大-桃興,2023-06-12,9894
5465,富驊,32,8,24,元大-桃興,2023-06-12,9894
3231,緯創,51,28,23,元大-桃興,2023-06-12,9894
5381,合正,30,7,23,元大-桃興,2023-06-12,9894
6235,華孚,40,18,22,元大-桃興,2023-06-12,9894
2547,日勝生,22,0,22,元大-桃興,2023-06-12,9894
00878,國泰永續高股息,58,37,21,元大-桃興,2023-06-12,9894
5353,台林,25,4,21,元大-桃興,2023-06-12,9894
2634,漢翔,32,12,20,元大-桃興,2023-06-12,9894
2489,瑞軒,22,2,20,元大-桃興,2023-06-12,9894
2025,千興,20,0,20,元大-桃興,2023-06-12,9894
2610,華航,41,23,18,元大-桃興,2023-06-12,9894
3092,鴻碩,17,0,17,元大-桃興,2023-06-12,9894
2492,華新科,18,1,17,元大-桃興,2023-06-12,9894
6120,達運,16,0,16,元大-桃興,2023-06-12,9894
1903,士紙,18,2,16,元大-桃興,2023-06-12,9894
5425,台半,23,7,16,元大-桃興,2023-06-12,9894
1529,樂事綠能,16,1,15,元大-桃興,2023-06-12,9894
8210,勤誠,16,1,15,元大-桃興,2023-06-12,9894
2377,微星,15,0,15,元大-桃興,2023-06-12,9894
3032,偉訓,23,9,14,元大-桃興,2023-06-12,9894
1101,台泥,13,0,13,元大-桃興,2023-06-12,9894
2705,六福,19,6,13,元大-桃興,2023-06-12,9894
4532,瑞智,13,0,13,元大-桃興,2023-06-12,9894
6485,點序,13,0,13,元大-桃興,2023-06-12,9894
2324,仁寶,17,4,13,元大-桃興,2023-06-12,9894
2882,國泰金,13,1,12,元大-桃興,2023-06-12,9894
4979,華星光,26,14,12,元大-桃興,2023-06-12,9894
2356,英業達,17,5,12,元大-桃興,2023-06-12,9894
6203,海韻電,12,1,11,元大-桃興,2023-06-12,9894
3015,全漢,12,1,11,元大-桃興,2023-06-12,9894
00715L,期街口布蘭特正2,207,3,204,元大-桃興,2023-06-13,9894
00642U,期元大S＆P石油,170,8,162,元大-桃興,2023-06-13,9894
3701,大眾控,91,0,91,元大-桃興,2023-06-13,9894
00882,中信中國高股息,101,11,90,元大-桃興,2023-06-13,9894
00637L,元大滬深300正2,92,27,65,元大-桃興,2023-06-13,9894
00712,復華富時不動產,68,4,64,元大-桃興,2023-06-13,9894
6288,聯嘉,66,11,55,元大-桃興,2023-06-13,9894
3231,緯創,104,51,53,元大-桃興,2023-06-13,9894
1905,華紙,46,3,43,元大-桃興,2023-06-13,9894
00706L,期元大S＆P日圓正2,40,0,40,元大-桃興,2023-06-13,9894
6139,亞翔,51,14,37,元大-桃興,2023-06-13,9894
1477,聚陽,35,0,35,元大-桃興,2023-06-13,9894
2834,臺企銀,60,32,28,元大-桃興,2023-06-13,9894
3715,定穎投控,33,5,28,元大-桃興,2023-06-13,9894
6122,擎邦,31,4,27,元大-桃興,2023-06-13,9894
00686R,群益臺灣加權反1,25,0,25,元大-桃興,2023-06-13,9894
8112,至上,30,7,23,元大-桃興,2023-06-13,9894
2409,友達,28,6,22,元大-桃興,2023-06-13,9894
6148,驊宏資,45,23,22,元大-桃興,2023-06-13,9894
8050,廣積,49,29,20,元大-桃興,2023-06-13,9894
00919,群益台灣精選高息,109,90,19,元大-桃興,2023-06-13,9894
2349,錸德,20,3,17,元大-桃興,2023-06-13,9894
5353,台林,15,0,15,元大-桃興,2023-06-13,9894
2206,三陽工業,59,44,15,元大-桃興,2023-06-13,9894
1795,美時,15,0,15,元大-桃興,2023-06-13,9894
4106,雃博,15,0,15,元大-桃興,2023-06-13,9894
2344,華邦電,43,28,15,元大-桃興,2023-06-13,9894
2883,凱基金,15,1,14,元大-桃興,2023-06-13,9894
4157,太景*-KY,14,0,14,元大-桃興,2023-06-13,9894
00900,富邦特選高股息30,16,2,14,元大-桃興,2023-06-13,9894
4564,元翎,14,0,14,元大-桃興,2023-06-13,9894
6118,建達,14,0,14,元大-桃興,2023-06-13,9894
2884,玉山金,15,2,13,元大-桃興,2023-06-13,9894
5871,中租-KY,13,0,13,元大-桃興,2023-06-13,9894
2891,中信金,16,4,12,元大-桃興,2023-06-13,9894
3535,晶彩科,12,0,12,元大-桃興,2023-06-13,9894
3356,奇偶,13,1,12,元大-桃興,2023-06-13,9894
2393,億光,14,2,12,元大-桃興,2023-06-13,9894
6190,萬泰科,12,0,12,元大-桃興,2023-06-13,9894
2614,東森,11,0,11,元大-桃興,2023-06-13,9894
2031,新光鋼,11,0,11,元大-桃興,2023-06-13,9894
5439,高技,11,0,11,元大-桃興,2023-06-13,9894
5465,富驊,23,12,11,元大-桃興,2023-06-13,9894
2371,大同,20,9,11,元大-桃興,2023-06-13,9894
2351,順德,22,11,11,元大-桃興,2023-06-13,9894
2332,友訊,10,0,10,元大-桃興,2023-06-13,9894
9934,成霖,10,0,10,元大-桃興,2023-06-13,9894
2705,六福,11,1,10,元大-桃興,2023-06-13,9894
1455,集盛,10,0,10,元大-桃興,2023-06-13,9894
2006,東和鋼鐵,10,0,10,元大-桃興,2023-06-13,9894
2323,中環,145,63,82,元大-桃興,2023-06-14,9894
2356,英業達,172,105,67,元大-桃興,2023-06-14,9894
3481,群創,63,1,62,元大-桃興,2023-06-14,9894
2353,宏��,57,4,53,元大-桃興,2023-06-14,9894
00632R,元大台灣50反1,71,25,46,元大-桃興,2023-06-14,9894
1609,大亞,49,5,44,元大-桃興,2023-06-14,9894
00712,復華富時不動產,63,20,43,元大-桃興,2023-06-14,9894
00919,群益台灣精選高息,74,31,43,元大-桃興,2023-06-14,9894
0056,元大高股息,63,26,37,元大-桃興,2023-06-14,9894
2607,榮運,41,7,34,元大-桃興,2023-06-14,9894
6806,森崴能源,32,0,32,元大-桃興,2023-06-14,9894
3033,威健,32,2,30,元大-桃興,2023-06-14,9894
3576,聯合再生,31,1,30,元大-桃興,2023-06-14,9894
2330,台積電,28,4,24,元大-桃興,2023-06-14,9894
1802,台玻,23,0,23,元大-桃興,2023-06-14,9894
6535,順藥,23,0,23,元大-桃興,2023-06-14,9894
6164,華興,22,0,22,元大-桃興,2023-06-14,9894
2382,廣達,45,25,20,元大-桃興,2023-06-14,9894
2376,技嘉,22,3,19,元大-桃興,2023-06-14,9894
00687B,國泰20年美債,18,0,18,元大-桃興,2023-06-14,9894
3308,聯德,23,5,18,元大-桃興,2023-06-14,9894
5706,鳳凰,23,5,18,元大-桃興,2023-06-14,9894
1605,華新,28,10,18,元大-桃興,2023-06-14,9894
3583,辛耘,23,5,18,元大-桃興,2023-06-14,9894
2882,國泰金,21,4,17,元大-桃興,2023-06-14,9894
6138,茂達,20,3,17,元大-桃興,2023-06-14,9894
8069,元太,16,0,16,元大-桃興,2023-06-14,9894
4968,立積,21,6,15,元大-桃興,2023-06-14,9894
00902,中信電池及儲能,14,0,14,元大-桃興,2023-06-14,9894
2338,光罩,14,0,14,元大-桃興,2023-06-14,9894
5301,寶得利,14,0,14,元大-桃興,2023-06-14,9894
5425,台半,17,4,13,元大-桃興,2023-06-14,9894
6550,北極星藥業-KY,15,2,13,元大-桃興,2023-06-14,9894
6005,群益證,13,0,13,元大-桃興,2023-06-14,9894
3715,定穎投控,13,0,13,元大-桃興,2023-06-14,9894
2891,中信金,14,2,12,元大-桃興,2023-06-14,9894
00720B,元大投資級公司債,12,0,12,元大-桃興,2023-06-14,9894
3363,上詮,17,5,12,元大-桃興,2023-06-14,9894
2363,矽統,11,0,11,元大-桃興,2023-06-14,9894
1103,嘉泥,11,0,11,元大-桃興,2023-06-14,9894
1319,東陽,13,2,11,元大-桃興,2023-06-14,9894
00713,元大台灣高息低波,12,1,11,元大-桃興,2023-06-14,9894
3701,大眾控,10,0,10,元大-桃興,2023-06-14,9894
6282,康舒,23,13,10,元大-桃興,2023-06-14,9894
1806,冠軍,17,7,10,元大-桃興,2023-06-14,9894
1471,首利,10,0,10,元大-桃興,2023-06-14,9894
2107,厚生,10,0,10,元大-桃興,2023-06-14,9894
2105,正新,20,10,10,元大-桃興,2023-06-14,9894
4105,東洋,10,0,10,元大-桃興,2023-06-14,9894
2062,橋椿,10,0,10,元大-桃興,2023-06-14,9894
00632R,元大台灣50反1,1036,37,999,元大-桃興,2023-06-15,9894
2889,國票金,145,0,145,元大-桃興,2023-06-15,9894
2303,聯電,178,35,143,元大-桃興,2023-06-15,9894
1815,富喬,143,0,143,元大-桃興,2023-06-15,9894
3481,群創,243,141,102,元大-桃興,2023-06-15,9894
1529,樂事綠能,104,2,102,元大-桃興,2023-06-15,9894
00919,群益台灣精選高息,99,1,98,元大-桃興,2023-06-15,9894
3706,神達,170,89,81,元大-桃興,2023-06-15,9894
8936,國統,78,7,71,元大-桃興,2023-06-15,9894
3265,台星科,51,0,51,元大-桃興,2023-06-15,9894
00712,復華富時不動產,50,1,49,元大-桃興,2023-06-15,9894
2352,佳世達,49,3,46,元大-桃興,2023-06-15,9894
2356,英業達,139,98,41,元大-桃興,2023-06-15,9894
8076,伍豐,50,9,41,元大-桃興,2023-06-15,9894
3701,大眾控,41,1,40,元大-桃興,2023-06-15,9894
2812,台中銀,37,0,37,元大-桃興,2023-06-15,9894
1504,東元,56,19,37,元大-桃興,2023-06-15,9894
3479,安勤,32,0,32,元大-桃興,2023-06-15,9894
2344,華邦電,40,10,30,元大-桃興,2023-06-15,9894
2323,中環,65,38,27,元大-桃興,2023-06-15,9894
3033,威健,30,4,26,元大-桃興,2023-06-15,9894
6116,彩晶,27,1,26,元大-桃興,2023-06-15,9894
00642U,期元大S＆P石油,27,3,24,元大-桃興,2023-06-15,9894
4960,誠美材,25,2,23,元大-桃興,2023-06-15,9894
1609,大亞,36,13,23,元大-桃興,2023-06-15,9894
6180,橘子,23,1,22,元大-桃興,2023-06-15,9894
2317,鴻海,42,21,21,元大-桃興,2023-06-15,9894
2332,友訊,34,14,20,元大-桃興,2023-06-15,9894
6203,海韻電,20,0,20,元大-桃興,2023-06-15,9894
00929,復華台灣科技優息,21,2,19,元大-桃興,2023-06-15,9894
2367,燿華,21,2,19,元大-桃興,2023-06-15,9894
3006,晶豪科,21,2,19,元大-桃興,2023-06-15,9894
2603,長榮,38,19,19,元大-桃興,2023-06-15,9894
2891,中信金,19,1,18,元大-桃興,2023-06-15,9894
3032,偉訓,27,9,18,元大-桃興,2023-06-15,9894
3576,聯合再生,24,6,18,元大-桃興,2023-06-15,9894
1524,耿鼎,18,2,16,元大-桃興,2023-06-15,9894
3013,晟銘電,26,11,15,元大-桃興,2023-06-15,9894
2382,廣達,34,19,15,元大-桃興,2023-06-15,9894
8046,南電,19,5,14,元大-桃興,2023-06-15,9894
4906,正文,15,1,14,元大-桃興,2023-06-15,9894
1752,南光,14,0,14,元大-桃興,2023-06-15,9894
00772B,中信高評級公司債,14,0,14,元大-桃興,2023-06-15,9894
6166,凌華,15,1,14,元大-桃興,2023-06-15,9894
2453,凌群,52,39,13,元大-桃興,2023-06-15,9894
1210,大成,13,0,13,元大-桃興,2023-06-15,9894
00679B,元大美債20年,12,0,12,元大-桃興,2023-06-15,9894
2421,建準,31,19,12,元大-桃興,2023-06-15,9894
6278,台表科,12,0,12,元大-桃興,2023-06-15,9894
00902,中信電池及儲能,11,0,11,元大-桃興,2023-06-15,9894
00687B,國泰20年美債,500,0,500,元大-桃興,2023-06-16,9894
00919,群益台灣精選高息,163,1,162,元大-桃興,2023-06-16,9894
00921,兆豐龍頭等權重,160,0,160,元大-桃興,2023-06-16,9894
00712,復華富時不動產,152,1,151,元大-桃興,2023-06-16,9894
2890,永豐金,110,1,109,元大-桃興,2023-06-16,9894
2371,大同,143,53,90,元大-桃興,2023-06-16,9894
1605,華新,188,99,89,元大-桃興,2023-06-16,9894
4173,久裕,70,0,70,元大-桃興,2023-06-16,9894
1609,大亞,143,79,64,元大-桃興,2023-06-16,9894
2618,長榮航,287,223,64,元大-桃興,2023-06-16,9894
3682,亞太電,70,6,64,元大-桃興,2023-06-16,9894
00881,國泰台灣5G+,61,11,50,元大-桃興,2023-06-16,9894
3078,僑威,98,51,47,元大-桃興,2023-06-16,9894
3706,神達,97,52,45,元大-桃興,2023-06-16,9894
3006,晶豪科,49,5,44,元大-桃興,2023-06-16,9894
4566,時碩工業,45,3,42,元大-桃興,2023-06-16,9894
1217,愛之味,40,0,40,元大-桃興,2023-06-16,9894
2607,榮運,45,6,39,元大-桃興,2023-06-16,9894
2610,華航,501,464,37,元大-桃興,2023-06-16,9894
00929,復華台灣科技優息,36,1,35,元大-桃興,2023-06-16,9894
2495,普安,39,5,34,元大-桃興,2023-06-16,9894
2023,燁輝,32,0,32,元大-桃興,2023-06-16,9894
4111,濟生,30,0,30,元大-桃興,2023-06-16,9894
00671R,富邦NASDAQ反1,30,0,30,元大-桃興,2023-06-16,9894
00632R,元大台灣50反1,100,74,26,元大-桃興,2023-06-16,9894
2883,凱基金,28,2,26,元大-桃興,2023-06-16,9894
2359,所羅門,34,9,25,元大-桃興,2023-06-16,9894
2834,臺企銀,26,1,25,元大-桃興,2023-06-16,9894
4533,協易機,34,10,24,元大-桃興,2023-06-16,9894
1504,東元,63,39,24,元大-桃興,2023-06-16,9894
1815,富喬,26,3,23,元大-桃興,2023-06-16,9894
2891,中信金,25,2,23,元大-桃興,2023-06-16,9894
2501,國建,22,0,22,元大-桃興,2023-06-16,9894
2352,佳世達,27,6,21,元大-桃興,2023-06-16,9894
8088,品安,26,5,21,元大-桃興,2023-06-16,9894
00680L,元大美債20正2,20,0,20,元大-桃興,2023-06-16,9894
4973,廣穎,20,0,20,元大-桃興,2023-06-16,9894
6138,茂達,31,11,20,元大-桃興,2023-06-16,9894
00773B,中信優先金融債,20,0,20,元大-桃興,2023-06-16,9894
2031,新光鋼,20,0,20,元大-桃興,2023-06-16,9894
4967,十銓,36,16,20,元大-桃興,2023-06-16,9894
2323,中環,77,57,20,元大-桃興,2023-06-16,9894
2329,華泰,25,7,18,元大-桃興,2023-06-16,9894
2393,億光,17,0,17,元大-桃興,2023-06-16,9894
2886,兆豐金,17,0,17,元大-桃興,2023-06-16,9894
3264,欣銓,21,5,16,元大-桃興,2023-06-16,9894
2353,宏��,39,24,15,元大-桃興,2023-06-16,9894
4526,東台,25,10,15,元大-桃興,2023-06-16,9894
2530,華建,15,0,15,元大-桃興,2023-06-16,9894
2301,光寶科,35,21,14,元大-桃興,2023-06-16,9894
00632R,元大台灣50反1,310,25,285,元大-桃興,2023-06-19,9894
2323,中環,137,1,136,元大-桃興,2023-06-19,9894
2104,國際中橡,135,32,103,元大-桃興,2023-06-19,9894
2401,凌陽,87,3,84,元大-桃興,2023-06-19,9894
00679B,元大美債20年,78,17,61,元大-桃興,2023-06-19,9894
2312,金寶,66,8,58,元大-桃興,2023-06-19,9894
8277,商丞,57,0,57,元大-桃興,2023-06-19,9894
00712,復華富時不動產,56,1,55,元大-桃興,2023-06-19,9894
3032,偉訓,43,9,34,元大-桃興,2023-06-19,9894
00633L,富邦上証正2,66,32,34,元大-桃興,2023-06-19,9894
00929,復華台灣科技優息,34,0,34,元大-桃興,2023-06-19,9894
2382,廣達,39,9,30,元大-桃興,2023-06-19,9894
00671R,富邦NASDAQ反1,30,0,30,元大-桃興,2023-06-19,9894
6120,達運,65,35,30,元大-桃興,2023-06-19,9894
2542,興富發,29,0,29,元大-桃興,2023-06-19,9894
1313,聯成,28,0,28,元大-桃興,2023-06-19,9894
00637L,元大滬深300正2,46,20,26,元大-桃興,2023-06-19,9894
2029,盛餘,23,0,23,元大-桃興,2023-06-19,9894
2014,中鴻,23,2,21,元大-桃興,2023-06-19,9894
2353,宏��,35,14,21,元大-桃興,2023-06-19,9894
1519,華城,28,8,20,元大-桃興,2023-06-19,9894
1236,宏亞,20,0,20,元大-桃興,2023-06-19,9894
9136,巨騰-DR,20,1,19,元大-桃興,2023-06-19,9894
3049,精金,20,1,19,元大-桃興,2023-06-19,9894
00706L,期元大S＆P日圓正2,18,0,18,元大-桃興,2023-06-19,9894
3231,緯創,50,32,18,元大-桃興,2023-06-19,9894
4977,眾達-KY,21,4,17,元大-桃興,2023-06-19,9894
1905,華紙,18,1,17,元大-桃興,2023-06-19,9894
3706,神達,39,22,17,元大-桃興,2023-06-19,9894
2609,陽明,20,4,16,元大-桃興,2023-06-19,9894
3202,樺晟,16,0,16,元大-桃興,2023-06-19,9894
6741,91APP*-KY,16,0,16,元大-桃興,2023-06-19,9894
6214,精誠,16,0,16,元大-桃興,2023-06-19,9894
4741,泓瀚,15,0,15,元大-桃興,2023-06-19,9894
3006,晶豪科,15,0,15,元大-桃興,2023-06-19,9894
4533,協易機,16,1,15,元大-桃興,2023-06-19,9894
1504,東元,27,13,14,元大-桃興,2023-06-19,9894
1605,華新,54,40,14,元大-桃興,2023-06-19,9894
3325,旭品,16,2,14,元大-桃興,2023-06-19,9894
2324,仁寶,50,36,14,元大-桃興,2023-06-19,9894
9105,泰金寶-DR,13,0,13,元大-桃興,2023-06-19,9894
4543,萬在,20,7,13,元大-桃興,2023-06-19,9894
3374,精材,14,1,13,元大-桃興,2023-06-19,9894
3714,富采,13,1,12,元大-桃興,2023-06-19,9894
3024,憶聲,12,0,12,元大-桃興,2023-06-19,9894
2605,新興,12,0,12,元大-桃興,2023-06-19,9894
00673R,期元大S＆P原油反1,12,0,12,元大-桃興,2023-06-19,9894
1513,中興電,113,102,11,元大-桃興,2023-06-19,9894
4541,晟田,22,11,11,元大-桃興,2023-06-19,9894
2427,三商電,20,9,11,元大-桃興,2023-06-19,9894
3481,群創,167,61,106,元大-桃興,2023-06-20,9894
00632R,元大台灣50反1,100,10,90,元大-桃興,2023-06-20,9894
2610,華航,250,168,82,元大-桃興,2023-06-20,9894
2356,英業達,69,20,49,元大-桃興,2023-06-20,9894
2337,旺宏,51,8,43,元大-桃興,2023-06-20,9894
2371,大同,90,48,42,元大-桃興,2023-06-20,9894
1319,東陽,50,9,41,元大-桃興,2023-06-20,9894
2382,廣達,54,14,40,元大-桃興,2023-06-20,9894
2530,華建,38,0,38,元大-桃興,2023-06-20,9894
2607,榮運,39,1,38,元大-桃興,2023-06-20,9894
6116,彩晶,36,5,31,元大-桃興,2023-06-20,9894
1618,合機,30,0,30,元大-桃興,2023-06-20,9894
00919,群益台灣精選高息,28,0,28,元大-桃興,2023-06-20,9894
5009,榮剛,26,0,26,元大-桃興,2023-06-20,9894
2409,友達,49,24,25,元大-桃興,2023-06-20,9894
1605,華新,32,7,25,元大-桃興,2023-06-20,9894
2104,國際中橡,23,1,22,元大-桃興,2023-06-20,9894
00905,FT臺灣Smart,32,11,21,元大-桃興,2023-06-20,9894
2454,聯發科,22,1,21,元大-桃興,2023-06-20,9894
1714,和桐,20,0,20,元大-桃興,2023-06-20,9894
2634,漢翔,103,84,19,元大-桃興,2023-06-20,9894
6806,森崴能源,22,3,19,元大-桃興,2023-06-20,9894
3056,富華新,19,1,18,元大-桃興,2023-06-20,9894
3260,威剛,21,3,18,元大-桃興,2023-06-20,9894
3078,僑威,41,24,17,元大-桃興,2023-06-20,9894
00882,中信中國高股息,17,0,17,元大-桃興,2023-06-20,9894
00679B,元大美債20年,16,0,16,元大-桃興,2023-06-20,9894
2739,寒舍,31,15,16,元大-桃興,2023-06-20,9894
2492,華新科,16,0,16,元大-桃興,2023-06-20,9894
4960,誠美材,15,0,15,元大-桃興,2023-06-20,9894
6741,91APP*-KY,15,0,15,元大-桃興,2023-06-20,9894
9944,新麗,15,0,15,元大-桃興,2023-06-20,9894
6733,博晟生醫,13,0,13,元大-桃興,2023-06-20,9894
4526,東台,14,1,13,元大-桃興,2023-06-20,9894
00633L,富邦上証正2,14,2,12,元大-桃興,2023-06-20,9894
6244,茂迪,31,19,12,元大-桃興,2023-06-20,9894
6266,泰詠,15,3,12,元大-桃興,2023-06-20,9894
2352,佳世達,18,7,11,元大-桃興,2023-06-20,9894
6185,幃翔,41,30,11,元大-桃興,2023-06-20,9894
00929,復華台灣科技優息,13,3,10,元大-桃興,2023-06-20,9894
2379,瑞昱,10,0,10,元大-桃興,2023-06-20,9894
3264,欣銓,25,15,10,元大-桃興,2023-06-20,9894
6166,凌華,10,0,10,元大-桃興,2023-06-20,9894
2030,彰源,10,0,10,元大-桃興,2023-06-20,9894
2888,新光金,10,0,10,元大-桃興,2023-06-20,9894
3024,憶聲,10,0,10,元大-桃興,2023-06-20,9894
5225,東科-KY,10,0,10,元大-桃興,2023-06-20,9894
2458,義隆,11,1,10,元大-桃興,2023-06-20,9894
2867,三商壽,10,0,10,元大-桃興,2023-06-20,9894
3002,歐格,10,0,10,元大-桃興,2023-06-20,9894
2618,長榮航,180,67,113,元大-桃興,2023-06-21,9894
1711,永光,102,1,101,元大-桃興,2023-06-21,9894
5425,台半,89,25,64,元大-桃興,2023-06-21,9894
3706,神達,72,11,61,元大-桃興,2023-06-21,9894
2705,六福,102,52,50,元大-桃興,2023-06-21,9894
2323,中環,71,23,48,元大-桃興,2023-06-21,9894
3051,力特,46,0,46,元大-桃興,2023-06-21,9894
2312,金寶,52,6,46,元大-桃興,2023-06-21,9894
1802,台玻,58,15,43,元大-桃興,2023-06-21,9894
2449,京元電子,41,0,41,元大-桃興,2023-06-21,9894
2634,漢翔,77,37,40,元大-桃興,2023-06-21,9894
1513,中興電,47,9,38,元大-桃興,2023-06-21,9894
4173,久裕,38,0,38,元大-桃興,2023-06-21,9894
2405,輔信,45,7,38,元大-桃興,2023-06-21,9894
8092,建暐,34,1,33,元大-桃興,2023-06-21,9894
9919,康那香,41,10,31,元大-桃興,2023-06-21,9894
2888,新光金,31,1,30,元大-桃興,2023-06-21,9894
00679B,元大美債20年,29,1,28,元大-桃興,2023-06-21,9894
2337,旺宏,26,0,26,元大-桃興,2023-06-21,9894
2609,陽明,47,22,25,元大-桃興,2023-06-21,9894
4114,健喬,24,0,24,元大-桃興,2023-06-21,9894
8105,凌巨,28,4,24,元大-桃興,2023-06-21,9894
6120,達運,61,38,23,元大-桃興,2023-06-21,9894
2610,華航,56,34,22,元大-桃興,2023-06-21,9894
2607,榮運,21,2,19,元大-桃興,2023-06-21,9894
2603,長榮,35,16,19,元大-桃興,2023-06-21,9894
1533,車王電,27,9,18,元大-桃興,2023-06-21,9894
2352,佳世達,45,27,18,元大-桃興,2023-06-21,9894
4543,萬在,27,9,18,元大-桃興,2023-06-21,9894
4572,駐龍,16,0,16,元大-桃興,2023-06-21,9894
2002,中鋼,18,3,15,元大-桃興,2023-06-21,9894
6275,元山,21,6,15,元大-桃興,2023-06-21,9894
2302,麗正,15,0,15,元大-桃興,2023-06-21,9894
1795,美時,14,0,14,元大-桃興,2023-06-21,9894
2401,凌陽,15,1,14,元大-桃興,2023-06-21,9894
2482,連宇,17,3,14,元大-桃興,2023-06-21,9894
3202,樺晟,21,8,13,元大-桃興,2023-06-21,9894
6188,廣明,15,2,13,元大-桃興,2023-06-21,9894
1609,大亞,25,12,13,元大-桃興,2023-06-21,9894
6125,廣運,30,17,13,元大-桃興,2023-06-21,9894
00673R,期元大S＆P原油反1,19,7,12,元大-桃興,2023-06-21,9894
4916,事欣科,50,38,12,元大-桃興,2023-06-21,9894
1584,精剛,13,1,12,元大-桃興,2023-06-21,9894
3055,蔚華科,35,23,12,元大-桃興,2023-06-21,9894
00713,元大台灣高息低波,12,0,12,元大-桃興,2023-06-21,9894
00919,群益台灣精選高息,17,5,12,元大-桃興,2023-06-21,9894
4123,晟德,11,0,11,元大-桃興,2023-06-21,9894
6112,邁達特,18,7,11,元大-桃興,2023-06-21,9894
2617,台航,10,0,10,元大-桃興,2023-06-21,9894
4174,浩鼎,10,0,10,元大-桃興,2023-06-21,9894
00687B,國泰20年美債,303,0,303,元大-桃興,2023-06-26,9894
00637L,元大滬深300正2,325,170,155,元大-桃興,2023-06-26,9894
00712,復華富時不動產,71,1,70,元大-桃興,2023-06-26,9894
9105,泰金寶-DR,100,30,70,元大-桃興,2023-06-26,9894
1514,亞力,76,15,61,元大-桃興,2023-06-26,9894
1605,華新,66,12,54,元大-桃興,2023-06-26,9894
3703,欣陸,54,0,54,元大-桃興,2023-06-26,9894
3481,群創,60,9,51,元大-桃興,2023-06-26,9894
2891,中信金,50,8,42,元大-桃興,2023-06-26,9894
6116,彩晶,43,0,43,元大-桃興,2023-06-26,9894
00671R,富邦NASDAQ反1,40,0,40,元大-桃興,2023-06-26,9894
4543,萬在,64,27,37,元大-桃興,2023-06-26,9894
1609,大亞,40,3,37,元大-桃興,2023-06-26,9894
00633L,富邦上証正2,44,7,37,元大-桃興,2023-06-26,9894
8171,天宇,32,1,31,元大-桃興,2023-06-26,9894
4526,東台,30,0,30,元大-桃興,2023-06-26,9894
4128,中天,32,4,28,元大-桃興,2023-06-26,9894
00882,中信中國高股息,28,0,28,元大-桃興,2023-06-26,9894
2607,榮運,27,0,27,元大-桃興,2023-06-26,9894
2025,千興,26,0,26,元大-桃興,2023-06-26,9894
1471,首利,48,22,26,元大-桃興,2023-06-26,9894
6188,廣明,36,11,25,元大-桃興,2023-06-26,9894
3231,緯創,78,54,24,元大-桃興,2023-06-26,9894
3038,全台,34,11,23,元大-桃興,2023-06-26,9894
2382,廣達,52,30,22,元大-桃興,2023-06-26,9894
2634,漢翔,37,16,21,元大-桃興,2023-06-26,9894
2610,華航,121,100,21,元大-桃興,2023-06-26,9894
2312,金寶,25,5,20,元大-桃興,2023-06-26,9894
3607,谷崧,20,0,20,元大-桃興,2023-06-26,9894
00680L,元大美債20正2,20,0,20,元大-桃興,2023-06-26,9894
3032,偉訓,24,5,19,元大-桃興,2023-06-26,9894
2323,中環,79,61,18,元大-桃興,2023-06-26,9894
6185,幃翔,24,6,18,元大-桃興,2023-06-26,9894
5512,力麒,20,2,18,元大-桃興,2023-06-26,9894
2732,六角,17,0,17,元大-桃興,2023-06-26,9894
2748,雲品,21,4,17,元大-桃興,2023-06-26,9894
2049,上銀,15,0,15,元大-桃興,2023-06-26,9894
3228,金麗科,18,3,15,元大-桃興,2023-06-26,9894
00919,群益台灣精選高息,20,6,14,元大-桃興,2023-06-26,9894
00715L,期街口布蘭特正2,48,34,14,元大-桃興,2023-06-26,9894
2425,承啟,15,2,13,元大-桃興,2023-06-26,9894
3325,旭品,17,4,13,元大-桃興,2023-06-26,9894
2206,三陽工業,18,5,13,元大-桃興,2023-06-26,9894
5353,台林,12,0,12,元大-桃興,2023-06-26,9894
3715,定穎投控,20,8,12,元大-桃興,2023-06-26,9894
6477,安集,12,0,12,元大-桃興,2023-06-26,9894
3260,威剛,12,0,12,元大-桃興,2023-06-26,9894
3673,TPK-KY,11,0,11,元大-桃興,2023-06-26,9894
6288,聯嘉,14,3,11,元大-桃興,2023-06-26,9894
1337,再生-KY,11,0,11,元大-桃興,2023-06-26,9894
00900,富邦特選高股息30,2378,46,2332,元大-桃興,2023-06-27,9894
2610,華航,377,141,236,元大-桃興,2023-06-27,9894
00632R,元大台灣50反1,250,26,224,元大-桃興,2023-06-27,9894
2303,聯電,129,2,127,元大-桃興,2023-06-27,9894
4743,合一,125,2,123,元大-桃興,2023-06-27,9894
2618,長榮航,203,121,82,元大-桃興,2023-06-27,9894
00706L,期元大S＆P日圓正2,71,0,71,元大-桃興,2023-06-27,9894
00671R,富邦NASDAQ反1,57,0,57,元大-桃興,2023-06-27,9894
5465,富驊,63,7,56,元大-桃興,2023-06-27,9894
6585,鼎基,50,0,50,元大-桃興,2023-06-27,9894
2891,中信金,50,2,48,元大-桃興,2023-06-27,9894
1301,台塑,40,0,40,元大-桃興,2023-06-27,9894
2457,飛宏,40,6,34,元大-桃興,2023-06-27,9894
1471,首利,50,15,35,元大-桃興,2023-06-27,9894
1609,大亞,36,5,31,元大-桃興,2023-06-27,9894
3356,奇偶,89,58,31,元大-桃興,2023-06-27,9894
1904,正隆,40,11,29,元大-桃興,2023-06-27,9894
2504,國產,25,0,25,元大-桃興,2023-06-27,9894
5353,台林,24,0,24,元大-桃興,2023-06-27,9894
2427,三商電,78,54,24,元大-桃興,2023-06-27,9894
4979,華星光,36,13,23,元大-桃興,2023-06-27,9894
00929,復華台灣科技優息,21,0,21,元大-桃興,2023-06-27,9894
4707,磐亞,20,0,20,元大-桃興,2023-06-27,9894
3363,上詮,21,1,20,元大-桃興,2023-06-27,9894
00665L,富邦�琤肭磪囓�2,20,0,20,元大-桃興,2023-06-27,9894
2344,華邦電,25,6,19,元大-桃興,2023-06-27,9894
3701,大眾控,18,0,18,元大-桃興,2023-06-27,9894
1907,永豐餘,18,0,18,元大-桃興,2023-06-27,9894
00712,復華富時不動產,28,11,17,元大-桃興,2023-06-27,9894
8996,高力,29,13,16,元大-桃興,2023-06-27,9894
8936,國統,16,0,16,元大-桃興,2023-06-27,9894
3033,威健,15,0,15,元大-桃興,2023-06-27,9894
1326,台化,15,0,15,元大-桃興,2023-06-27,9894
3324,雙鴻,15,0,15,元大-桃興,2023-06-27,9894
8358,金居,20,5,15,元大-桃興,2023-06-27,9894
8034,榮群,15,0,15,元大-桃興,2023-06-27,9894
6290,良維,14,0,14,元大-桃興,2023-06-27,9894
2885,元大金,13,0,13,元大-桃興,2023-06-27,9894
8072,陞泰,14,1,13,元大-桃興,2023-06-27,9894
3711,日月光投控,16,4,12,元大-桃興,2023-06-27,9894
2739,寒舍,13,1,12,元大-桃興,2023-06-27,9894
8033,雷虎,12,0,12,元大-桃興,2023-06-27,9894
1314,中石化,11,0,11,元大-桃興,2023-06-27,9894
1710,東聯,11,0,11,元大-桃興,2023-06-27,9894
1101,台泥,11,0,11,元大-桃興,2023-06-27,9894
2702,華園,12,1,11,元大-桃興,2023-06-27,9894
2353,宏��,18,7,11,元大-桃興,2023-06-27,9894
00772B,中信高評級公司債,11,0,11,元大-桃興,2023-06-27,9894
2029,盛餘,10,0,10,元大-桃興,2023-06-27,9894
3032,偉訓,15,5,10,元大-桃興,2023-06-27,9894
00715L,期街口布蘭特正2,214,4,210,元大-桃興,2023-06-28,9894
1605,華新,131,50,81,元大-桃興,2023-06-28,9894
00642U,期元大S＆P石油,66,0,66,元大-桃興,2023-06-28,9894
5469,瀚宇博,54,8,46,元大-桃興,2023-06-28,9894
2313,華通,57,19,38,元大-桃興,2023-06-28,9894
00882,中信中國高股息,36,0,36,元大-桃興,2023-06-28,9894
1444,力麗,45,11,34,元大-桃興,2023-06-28,9894
2457,飛宏,38,4,34,元大-桃興,2023-06-28,9894
2303,聯電,38,6,32,元大-桃興,2023-06-28,9894
4743,合一,53,23,30,元大-桃興,2023-06-28,9894
2888,新光金,42,16,26,元大-桃興,2023-06-28,9894
1802,台玻,28,2,26,元大-桃興,2023-06-28,9894
6139,亞翔,40,16,24,元大-桃興,2023-06-28,9894
3231,緯創,85,63,22,元大-桃興,2023-06-28,9894
2891,中信金,22,2,20,元大-桃興,2023-06-28,9894
2495,普安,20,1,19,元大-桃興,2023-06-28,9894
1471,首利,23,4,19,元大-桃興,2023-06-28,9894
3078,僑威,50,32,18,元大-桃興,2023-06-28,9894
1504,東元,21,4,17,元大-桃興,2023-06-28,9894
2882,國泰金,16,0,16,元大-桃興,2023-06-28,9894
4746,台耀,42,27,15,元大-桃興,2023-06-28,9894
1301,台塑,15,0,15,元大-桃興,2023-06-28,9894
6188,廣明,20,5,15,元大-桃興,2023-06-28,9894
1785,光洋科,14,0,14,元大-桃興,2023-06-28,9894
6116,彩晶,14,1,13,元大-桃興,2023-06-28,9894
8222,寶一,23,10,13,元大-桃興,2023-06-28,9894
3703,欣陸,13,0,13,元大-桃興,2023-06-28,9894
00902,中信電池及儲能,13,0,13,元大-桃興,2023-06-28,9894
3481,群創,43,31,12,元大-桃興,2023-06-28,9894
8046,南電,13,1,12,元大-桃興,2023-06-28,9894
2748,雲品,15,3,12,元大-桃興,2023-06-28,9894
2634,漢翔,33,21,12,元大-桃興,2023-06-28,9894
00679B,元大美債20年,11,0,11,元大-桃興,2023-06-28,9894
2103,台橡,11,0,11,元大-桃興,2023-06-28,9894
4908,前鼎,11,0,11,元大-桃興,2023-06-28,9894
00885,富邦越南,15,4,11,元大-桃興,2023-06-28,9894
2867,三商壽,11,1,10,元大-桃興,2023-06-28,9894
3583,辛耘,10,0,10,元大-桃興,2023-06-28,9894
1447,力鵬,10,0,10,元大-桃興,2023-06-28,9894
2535,達欣工,10,0,10,元大-桃興,2023-06-28,9894
3058,立德,10,0,10,元大-桃興,2023-06-28,9894
3374,精材,14,4,10,元大-桃興,2023-06-28,9894
8093,保銳,10,0,10,元大-桃興,2023-06-28,9894
6203,海韻電,10,0,10,元大-桃興,2023-06-28,9894
6111,大宇資,13,4,9,元大-桃興,2023-06-28,9894
4919,新唐,10,1,9,元大-桃興,2023-06-28,9894
9919,康那香,10,1,9,元大-桃興,2023-06-28,9894
2337,旺宏,17,8,9,元大-桃興,2023-06-28,9894
1513,中興電,21,13,8,元大-桃興,2023-06-28,9894
2029,盛餘,8,0,8,元大-桃興,2023-06-28,9894
4123,晟德,207,56,151,元大-桃興,2023-06-29,9894
00706L,期元大S＆P日圓正2,101,0,101,元大-桃興,2023-06-29,9894
1528,恩德,102,1,101,元大-桃興,2023-06-29,9894
2618,長榮航,115,23,92,元大-桃興,2023-06-29,9894
2344,華邦電,129,51,78,元大-桃興,2023-06-29,9894
2313,華通,81,7,74,元大-桃興,2023-06-29,9894
00882,中信中國高股息,57,0,57,元大-桃興,2023-06-29,9894
2303,聯電,55,2,53,元大-桃興,2023-06-29,9894
2891,中信金,50,2,48,元大-桃興,2023-06-29,9894
1605,華新,51,9,42,元大-桃興,2023-06-29,9894
2204,中華,40,0,40,元大-桃興,2023-06-29,9894
4916,事欣科,42,4,38,元大-桃興,2023-06-29,9894
2610,華航,79,46,33,元大-桃興,2023-06-29,9894
6203,海韻電,30,0,30,元大-桃興,2023-06-29,9894
00919,群益台灣精選高息,37,10,27,元大-桃興,2023-06-29,9894
6585,鼎基,26,0,26,元大-桃興,2023-06-29,9894
2883,凱基金,28,5,23,元大-桃興,2023-06-29,9894
00637L,元大滬深300正2,26,3,23,元大-桃興,2023-06-29,9894
2498,宏達電,44,23,21,元大-桃興,2023-06-29,9894
6120,達運,23,2,21,元大-桃興,2023-06-29,9894
4111,濟生,20,0,20,元大-桃興,2023-06-29,9894
4746,台耀,27,8,19,元大-桃興,2023-06-29,9894
4979,華星光,72,53,19,元大-桃興,2023-06-29,9894
1313,聯成,20,1,19,元大-桃興,2023-06-29,9894
3715,定穎投控,26,7,19,元大-桃興,2023-06-29,9894
9907,統一實,18,0,18,元大-桃興,2023-06-29,9894
2419,仲琦,46,29,17,元大-桃興,2023-06-29,9894
5469,瀚宇博,22,6,16,元大-桃興,2023-06-29,9894
4414,如興,25,9,16,元大-桃興,2023-06-29,9894
2535,達欣工,15,0,15,元大-桃興,2023-06-29,9894
2607,榮運,15,1,14,元大-桃興,2023-06-29,9894
3264,欣銓,15,1,14,元大-桃興,2023-06-29,9894
1513,中興電,16,2,14,元大-桃興,2023-06-29,9894
6285,啟��,21,8,13,元大-桃興,2023-06-29,9894
2882,國泰金,14,1,13,元大-桃興,2023-06-29,9894
3346,麗清,14,1,13,元大-桃興,2023-06-29,9894
6188,廣明,30,17,13,元大-桃興,2023-06-29,9894
2867,三商壽,14,1,13,元大-桃興,2023-06-29,9894
2353,宏��,13,1,12,元大-桃興,2023-06-29,9894
6657,華安,20,8,12,元大-桃興,2023-06-29,9894
1789,神隆,12,0,12,元大-桃興,2023-06-29,9894
1905,華紙,16,4,12,元大-桃興,2023-06-29,9894
3022,威強電,12,0,12,元大-桃興,2023-06-29,9894
3703,欣陸,12,0,12,元大-桃興,2023-06-29,9894
4526,東台,21,9,12,元大-桃興,2023-06-29,9894
2412,中華電,15,3,12,元大-桃興,2023-06-29,9894
8034,榮群,26,15,11,元大-桃興,2023-06-29,9894
1402,遠東新,11,0,11,元大-桃興,2023-06-29,9894
4164,承業醫,12,1,11,元大-桃興,2023-06-29,9894
5258,虹堡,11,0,11,元大-桃興,2023-06-29,9894
2603,長榮,119,54,65,元大-桃興,2023-06-30,9894
6550,北極星藥業-KY,45,0,45,元大-桃興,2023-06-30,9894
2867,三商壽,46,5,41,元大-桃興,2023-06-30,9894
2891,中信金,41,2,39,元大-桃興,2023-06-30,9894
2547,日勝生,33,0,33,元大-桃興,2023-06-30,9894
5353,台林,32,0,32,元大-桃興,2023-06-30,9894
2303,聯電,30,1,29,元大-桃興,2023-06-30,9894
2206,三陽工業,41,12,29,元大-桃興,2023-06-30,9894
4111,濟生,30,1,29,元大-桃興,2023-06-30,9894
2313,華通,29,0,29,元大-桃興,2023-06-30,9894
2351,順德,30,3,27,元大-桃興,2023-06-30,9894
2344,華邦電,34,8,26,元大-桃興,2023-06-30,9894
6153,嘉聯益,104,78,26,元大-桃興,2023-06-30,9894
00676R,富邦臺灣加權反1,26,0,26,元大-桃興,2023-06-30,9894
5880,合庫金,25,1,24,元大-桃興,2023-06-30,9894
2883,凱基金,23,0,23,元大-桃興,2023-06-30,9894
00795B,中信美國公債20年,23,0,23,元大-桃興,2023-06-30,9894
00712,復華富時不動產,23,0,23,元大-桃興,2023-06-30,9894
3711,日月光投控,24,2,22,元大-桃興,2023-06-30,9894
00680L,元大美債20正2,22,0,22,元大-桃興,2023-06-30,9894
00679B,元大美債20年,22,0,22,元大-桃興,2023-06-30,9894
2367,燿華,20,0,20,元大-桃興,2023-06-30,9894
2323,中環,58,38,20,元大-桃興,2023-06-30,9894
00764B,群益25年美債,20,0,20,元大-桃興,2023-06-30,9894
3234,光環,20,0,20,元大-桃興,2023-06-30,9894
6446,藥華藥,20,0,20,元大-桃興,2023-06-30,9894
1605,華新,68,49,19,元大-桃興,2023-06-30,9894
2605,新興,19,0,19,元大-桃興,2023-06-30,9894
2356,英業達,42,24,18,元大-桃興,2023-06-30,9894
00637L,元大滬深300正2,25,8,17,元大-桃興,2023-06-30,9894
3045,台灣大,17,1,16,元大-桃興,2023-06-30,9894
3576,聯合再生,17,2,15,元大-桃興,2023-06-30,9894
3228,金麗科,15,0,15,元大-桃興,2023-06-30,9894
00687B,國泰20年美債,15,0,15,元大-桃興,2023-06-30,9894
00632R,元大台灣50反1,50,35,15,元大-桃興,2023-06-30,9894
3189,景碩,20,5,15,元大-桃興,2023-06-30,9894
00753L,中信中國50正2,15,1,14,元大-桃興,2023-06-30,9894
1533,車王電,21,7,14,元大-桃興,2023-06-30,9894
3022,威強電,13,0,13,元大-桃興,2023-06-30,9894
1609,大亞,32,19,13,元大-桃興,2023-06-30,9894
2515,中工,12,0,12,元大-桃興,2023-06-30,9894
3034,聯詠,12,1,11,元大-桃興,2023-06-30,9894
1101,台泥,11,0,11,元大-桃興,2023-06-30,9894
00772B,中信高評級公司債,11,0,11,元大-桃興,2023-06-30,9894
3058,立德,12,1,11,元大-桃興,2023-06-30,9894
00706L,期元大S＆P日圓正2,11,0,11,元大-桃興,2023-06-30,9894
2882,國泰金,10,0,10,元大-桃興,2023-06-30,9894
1701,中化,11,1,10,元大-桃興,2023-06-30,9894
00642U,期元大S＆P石油,20,10,10,元大-桃興,2023-06-30,9894
2702,華園,10,0,10,元大-桃興,2023-06-30,9894
2303,聯電,143,2,141,元大-桃興,2023-07-03,9894
1514,亞力,100,4,96,元大-桃興,2023-07-03,9894
2610,華航,125,45,80,元大-桃興,2023-07-03,9894
2356,英業達,166,131,35,元大-桃興,2023-07-03,9894
5388,中磊,64,32,32,元大-桃興,2023-07-03,9894
2421,建準,57,25,32,元大-桃興,2023-07-03,9894
1795,美時,45,14,31,元大-桃興,2023-07-03,9894
3706,神達,43,14,29,元大-桃興,2023-07-03,9894
6790,永豐實,26,0,26,元大-桃興,2023-07-03,9894
3231,緯創,76,53,23,元大-桃興,2023-07-03,9894
8088,品安,22,1,21,元大-桃興,2023-07-03,9894
2882,國泰金,22,2,20,元大-桃興,2023-07-03,9894
2023,燁輝,20,0,20,元大-桃興,2023-07-03,9894
00706L,期元大S＆P日圓正2,20,0,20,元大-桃興,2023-07-03,9894
2413,環科,20,0,20,元大-桃興,2023-07-03,9894
2419,仲琦,29,9,20,元大-桃興,2023-07-03,9894
00673R,期元大S＆P原油反1,19,1,18,元大-桃興,2023-07-03,9894
6153,嘉聯益,37,20,17,元大-桃興,2023-07-03,9894
2888,新光金,28,12,16,元大-桃興,2023-07-03,9894
00921,兆豐龍頭等權重,16,0,16,元大-桃興,2023-07-03,9894
2607,榮運,15,1,14,元大-桃興,2023-07-03,9894
2405,輔信,14,0,14,元大-桃興,2023-07-03,9894
2368,金像電,37,23,14,元大-桃興,2023-07-03,9894
2105,正新,13,0,13,元大-桃興,2023-07-03,9894
00665L,富邦�琤肭磪囓�2,20,7,13,元大-桃興,2023-07-03,9894
2615,萬海,24,11,13,元大-桃興,2023-07-03,9894
2340,台亞,18,5,13,元大-桃興,2023-07-03,9894
3518,柏騰,13,0,13,元大-桃興,2023-07-03,9894
8034,榮群,18,5,13,元大-桃興,2023-07-03,9894
3006,晶豪科,14,1,13,元大-桃興,2023-07-03,9894
2338,光罩,26,13,13,元大-桃興,2023-07-03,9894
2317,鴻海,46,33,13,元大-桃興,2023-07-03,9894
2208,台船,12,0,12,元大-桃興,2023-07-03,9894
00712,復華富時不動產,11,0,11,元大-桃興,2023-07-03,9894
8046,南電,11,0,11,元大-桃興,2023-07-03,9894
2371,大同,50,39,11,元大-桃興,2023-07-03,9894
2201,裕隆,15,5,10,元大-桃興,2023-07-03,9894
2886,兆豐金,10,0,10,元大-桃興,2023-07-03,9894
4111,濟生,10,0,10,元大-桃興,2023-07-03,9894
2867,三商壽,10,0,10,元大-桃興,2023-07-03,9894
2702,華園,13,3,10,元大-桃興,2023-07-03,9894
3202,樺晟,11,1,10,元大-桃興,2023-07-03,9894
6263,普萊德,10,0,10,元大-桃興,2023-07-03,9894
2328,廣宇,10,0,10,元大-桃興,2023-07-03,9894
2486,一詮,11,1,10,元大-桃興,2023-07-03,9894
5272,笙科,10,0,10,元大-桃興,2023-07-03,9894
4934,太極,10,0,10,元大-桃興,2023-07-03,9894
0056,元大高股息,21,11,10,元大-桃興,2023-07-03,9894
6203,海韻電,9,0,9,元大-桃興,2023-07-03,9894
1533,車王電,9,0,9,元大-桃興,2023-07-03,9894
2603,長榮,210,88,122,元大-桃興,2023-07-04,9894
020038,元大ESG配息N,101,0,101,元大-桃興,2023-07-04,9894
2317,鴻海,83,13,70,元大-桃興,2023-07-04,9894
2883,凱基金,71,2,69,元大-桃興,2023-07-04,9894
00632R,元大台灣50反1,79,13,66,元大-桃興,2023-07-04,9894
3013,晟銘電,69,13,56,元大-桃興,2023-07-04,9894
1905,華紙,88,43,45,元大-桃興,2023-07-04,9894
3576,聯合再生,47,3,44,元大-桃興,2023-07-04,9894
2399,映泰,59,15,44,元大-桃興,2023-07-04,9894
2609,陽明,126,87,39,元大-桃興,2023-07-04,9894
1809,中釉,34,0,34,元大-桃興,2023-07-04,9894
3481,群創,97,67,30,元大-桃興,2023-07-04,9894
2344,華邦電,30,0,30,元大-桃興,2023-07-04,9894
3025,星通,89,59,30,元大-桃興,2023-07-04,9894
2431,聯昌,30,0,30,元大-桃興,2023-07-04,9894
2607,榮運,31,1,30,元大-桃興,2023-07-04,9894
1471,首利,30,2,28,元大-桃興,2023-07-04,9894
1795,美時,37,12,25,元大-桃興,2023-07-04,9894
2457,飛宏,26,1,25,元大-桃興,2023-07-04,9894
2888,新光金,36,12,24,元大-桃興,2023-07-04,9894
6112,邁達特,25,1,24,元大-桃興,2023-07-04,9894
00720B,元大投資級公司債,25,2,23,元大-桃興,2023-07-04,9894
4157,太景*-KY,26,4,22,元大-桃興,2023-07-04,9894
2892,第一金,20,0,20,元大-桃興,2023-07-04,9894
00925,新光標普電動車,20,0,20,元大-桃興,2023-07-04,9894
2486,一詮,19,0,19,元大-桃興,2023-07-04,9894
3447,展達,30,11,19,元大-桃興,2023-07-04,9894
2489,瑞軒,19,1,18,元大-桃興,2023-07-04,9894
2421,建準,47,29,18,元大-桃興,2023-07-04,9894
6026,福邦證,17,0,17,元大-桃興,2023-07-04,9894
4968,立積,17,0,17,元大-桃興,2023-07-04,9894
1504,東元,21,4,17,元大-桃興,2023-07-04,9894
1301,台塑,19,3,16,元大-桃興,2023-07-04,9894
5356,協益,20,4,16,元大-桃興,2023-07-04,9894
8996,高力,31,16,15,元大-桃興,2023-07-04,9894
8210,勤誠,22,7,15,元大-桃興,2023-07-04,9894
3380,明泰,16,1,15,元大-桃興,2023-07-04,9894
2891,中信金,14,0,14,元大-桃興,2023-07-04,9894
3051,力特,15,1,14,元大-桃興,2023-07-04,9894
1513,中興電,23,10,13,元大-桃興,2023-07-04,9894
2515,中工,18,5,13,元大-桃興,2023-07-04,9894
4543,萬在,23,11,12,元大-桃興,2023-07-04,9894
3202,樺晟,11,0,11,元大-桃興,2023-07-04,9894
2612,中航,11,0,11,元大-桃興,2023-07-04,9894
3265,台星科,23,12,11,元大-桃興,2023-07-04,9894
1515,力山,11,0,11,元大-桃興,2023-07-04,9894
2371,大同,31,20,11,元大-桃興,2023-07-04,9894
8277,商丞,10,0,10,元大-桃興,2023-07-04,9894
2324,仁寶,40,30,10,元大-桃興,2023-07-04,9894
2367,燿華,10,0,10,元大-桃興,2023-07-04,9894
00632R,元大台灣50反1,503,53,450,元大-桃興,2023-07-05,9894
6244,茂迪,229,40,189,元大-桃興,2023-07-05,9894
2609,陽明,246,124,122,元大-桃興,2023-07-05,9894
1101,台泥,66,2,64,元大-桃興,2023-07-05,9894
00878,國泰永續高股息,84,23,61,元大-桃興,2023-07-05,9894
4566,時碩工業,72,13,59,元大-桃興,2023-07-05,9894
2344,華邦電,88,36,52,元大-桃興,2023-07-05,9894
3231,緯創,101,53,48,元大-桃興,2023-07-05,9894
4155,訊映,52,8,44,元大-桃興,2023-07-05,9894
6282,康舒,124,82,42,元大-桃興,2023-07-05,9894
2312,金寶,53,13,40,元大-桃興,2023-07-05,9894
2603,長榮,132,95,37,元大-桃興,2023-07-05,9894
2317,鴻海,42,8,34,元大-桃興,2023-07-05,9894
6116,彩晶,31,2,29,元大-桃興,2023-07-05,9894
00637L,元大滬深300正2,68,40,28,元大-桃興,2023-07-05,9894
6125,廣運,33,7,26,元大-桃興,2023-07-05,9894
1605,華新,30,5,25,元大-桃興,2023-07-05,9894
1504,東元,30,5,25,元大-桃興,2023-07-05,9894
1905,華紙,33,8,25,元大-桃興,2023-07-05,9894
00670L,富邦NASDAQ正2,25,0,25,元大-桃興,2023-07-05,9894
3056,富華新,25,0,25,元大-桃興,2023-07-05,9894
2618,長榮航,148,125,23,元大-桃興,2023-07-05,9894
2353,宏��,23,1,22,元大-桃興,2023-07-05,9894
9907,統一實,30,8,22,元大-桃興,2023-07-05,9894
5348,正能量智能,22,0,22,元大-桃興,2023-07-05,9894
9944,新麗,20,0,20,元大-桃興,2023-07-05,9894
4968,立積,24,4,20,元大-桃興,2023-07-05,9894
2369,菱生,53,33,20,元大-桃興,2023-07-05,9894
2801,彰銀,20,0,20,元大-桃興,2023-07-05,9894
1608,華榮,20,1,19,元大-桃興,2023-07-05,9894
2390,云辰,18,0,18,元大-桃興,2023-07-05,9894
5356,協益,19,1,18,元大-桃興,2023-07-05,9894
3078,僑威,42,24,18,元大-桃興,2023-07-05,9894
3356,奇偶,23,6,17,元大-桃興,2023-07-05,9894
00679B,元大美債20年,17,0,17,元大-桃興,2023-07-05,9894
1314,中石化,16,0,16,元大-桃興,2023-07-05,9894
3303,岱稜,20,4,16,元大-桃興,2023-07-05,9894
2923,鼎固-KY,16,0,16,元大-桃興,2023-07-05,9894
6139,亞翔,16,0,16,元大-桃興,2023-07-05,9894
2324,仁寶,28,13,15,元大-桃興,2023-07-05,9894
00673R,期元大S＆P原油反1,15,0,15,元大-桃興,2023-07-05,9894
2402,毅嘉,63,48,15,元大-桃興,2023-07-05,9894
00751B,元大AAA至A公司債,14,0,14,元大-桃興,2023-07-05,9894
3711,日月光投控,14,0,14,元大-桃興,2023-07-05,9894
6142,友勁,14,0,14,元大-桃興,2023-07-05,9894
6538,倉和,16,2,14,元大-桃興,2023-07-05,9894
00929,復華台灣科技優息,14,0,14,元大-桃興,2023-07-05,9894
3260,威剛,20,6,14,元大-桃興,2023-07-05,9894
1809,中釉,14,1,13,元大-桃興,2023-07-05,9894
3047,訊舟,15,2,13,元大-桃興,2023-07-05,9894
00900,富邦特選高股息30,1518,0,1518,元大-桃興,2023-07-06,9894
2515,中工,238,1,237,元大-桃興,2023-07-06,9894
2609,陽明,283,48,235,元大-桃興,2023-07-06,9894
00753L,中信中國50正2,147,0,147,元大-桃興,2023-07-06,9894
2880,華南金,127,1,126,元大-桃興,2023-07-06,9894
3049,精金,110,0,110,元大-桃興,2023-07-06,9894
2883,凱基金,97,1,96,元大-桃興,2023-07-06,9894
00632R,元大台灣50反1,152,76,76,元大-桃興,2023-07-06,9894
0056,元大高股息,100,33,67,元大-桃興,2023-07-06,9894
2303,聯電,81,17,64,元大-桃興,2023-07-06,9894
00929,復華台灣科技優息,63,0,63,元大-桃興,2023-07-06,9894
2317,鴻海,68,6,62,元大-桃興,2023-07-06,9894
6550,北極星藥業-KY,60,3,57,元大-桃興,2023-07-06,9894
2888,新光金,52,0,52,元大-桃興,2023-07-06,9894
3141,晶宏,50,0,50,元大-桃興,2023-07-06,9894
6122,擎邦,50,5,45,元大-桃興,2023-07-06,9894
00679B,元大美債20年,44,0,44,元大-桃興,2023-07-06,9894
2369,菱生,56,14,42,元大-桃興,2023-07-06,9894
3037,欣興,41,0,41,元大-桃興,2023-07-06,9894
2547,日勝生,39,0,39,元大-桃興,2023-07-06,9894
2356,英業達,56,20,36,元大-桃興,2023-07-06,9894
8215,明基材,63,27,36,元大-桃興,2023-07-06,9894
1584,精剛,45,10,35,元大-桃興,2023-07-06,9894
2002,中鋼,33,0,33,元大-桃興,2023-07-06,9894
00673R,期元大S＆P原油反1,35,3,32,元大-桃興,2023-07-06,9894
1301,台塑,31,0,31,元大-桃興,2023-07-06,9894
2368,金像電,36,6,30,元大-桃興,2023-07-06,9894
1802,台玻,33,3,30,元大-桃興,2023-07-06,9894
00706L,期元大S＆P日圓正2,30,0,30,元大-桃興,2023-07-06,9894
6133,金橋,38,9,29,元大-桃興,2023-07-06,9894
6770,力積電,35,6,29,元大-桃興,2023-07-06,9894
2887,台新金,32,4,28,元大-桃興,2023-07-06,9894
00720B,元大投資級公司債,29,1,28,元大-桃興,2023-07-06,9894
5347,世界,28,0,28,元大-桃興,2023-07-06,9894
2330,台積電,28,2,26,元大-桃興,2023-07-06,9894
2329,華泰,133,107,26,元大-桃興,2023-07-06,9894
1101,台泥,25,0,25,元大-桃興,2023-07-06,9894
2451,創見,24,0,24,元大-桃興,2023-07-06,9894
2382,廣達,43,19,24,元大-桃興,2023-07-06,9894
4743,合一,25,2,23,元大-桃興,2023-07-06,9894
00772B,中信高評級公司債,22,0,22,元大-桃興,2023-07-06,9894
6505,台塑化,21,0,21,元大-桃興,2023-07-06,9894
1313,聯成,20,0,20,元大-桃興,2023-07-06,9894
00751B,元大AAA至A公司債,20,1,19,元大-桃興,2023-07-06,9894
00795B,中信美國公債20年,19,0,19,元大-桃興,2023-07-06,9894
2881,富邦金,19,1,18,元大-桃興,2023-07-06,9894
3027,盛達,19,1,18,元大-桃興,2023-07-06,9894
9962,有益,18,0,18,元大-桃興,2023-07-06,9894
2332,友訊,18,0,18,元大-桃興,2023-07-06,9894
3324,雙鴻,19,1,18,元大-桃興,2023-07-06,9894
3481,群創,310,52,258,元大-桃興,2023-07-07,9894
00679B,元大美債20年,135,1,134,元大-桃興,2023-07-07,9894
00753L,中信中國50正2,121,0,121,元大-桃興,2023-07-07,9894
6016,康和證,103,4,99,元大-桃興,2023-07-07,9894
1802,台玻,72,6,66,元大-桃興,2023-07-07,9894
0056,元大高股息,87,24,63,元大-桃興,2023-07-07,9894
00878,國泰永續高股息,102,46,56,元大-桃興,2023-07-07,9894
00929,復華台灣科技優息,49,0,49,元大-桃興,2023-07-07,9894
00751B,元大AAA至A公司債,42,0,42,元大-桃興,2023-07-07,9894
3231,緯創,116,75,41,元大-桃興,2023-07-07,9894
6139,亞翔,38,0,38,元大-桃興,2023-07-07,9894
6116,彩晶,37,2,35,元大-桃興,2023-07-07,9894
2303,聯電,38,4,34,元大-桃興,2023-07-07,9894
2601,益航,32,0,32,元大-桃興,2023-07-07,9894
00712,復華富時不動產,32,1,31,元大-桃興,2023-07-07,9894
6770,力積電,31,0,31,元大-桃興,2023-07-07,9894
2355,敬鵬,30,0,30,元大-桃興,2023-07-07,9894
1455,集盛,29,0,29,元大-桃興,2023-07-07,9894
2367,燿華,31,2,29,元大-桃興,2023-07-07,9894
4934,太極,34,8,26,元大-桃興,2023-07-07,9894
3024,憶聲,26,2,24,元大-桃興,2023-07-07,9894
2882,國泰金,23,0,23,元大-桃興,2023-07-07,9894
2380,虹光,28,5,23,元大-桃興,2023-07-07,9894
1905,華紙,23,0,23,元大-桃興,2023-07-07,9894
6188,廣明,39,16,23,元大-桃興,2023-07-07,9894
3037,欣興,29,6,23,元大-桃興,2023-07-07,9894
00720B,元大投資級公司債,23,0,23,元大-桃興,2023-07-07,9894
5880,合庫金,22,0,22,元大-桃興,2023-07-07,9894
5347,世界,22,0,22,元大-桃興,2023-07-07,9894
5356,協益,22,0,22,元大-桃興,2023-07-07,9894
2317,鴻海,33,11,22,元大-桃興,2023-07-07,9894
8046,南電,22,1,21,元大-桃興,2023-07-07,9894
1314,中石化,21,0,21,元大-桃興,2023-07-07,9894
3060,銘異,22,1,21,元大-桃興,2023-07-07,9894
3576,聯合再生,21,0,21,元大-桃興,2023-07-07,9894
8201,無敵,21,0,21,元大-桃興,2023-07-07,9894
2351,順德,21,0,21,元大-桃興,2023-07-07,9894
4747,強生,22,3,19,元大-桃興,2023-07-07,9894
00722B,群益投資級電信債,18,0,18,元大-桃興,2023-07-07,9894
00882,中信中國高股息,24,7,17,元大-桃興,2023-07-07,9894
00795B,中信美國公債20年,17,0,17,元大-桃興,2023-07-07,9894
2618,長榮航,56,39,17,元大-桃興,2023-07-07,9894
6237,驊訊,17,0,17,元大-桃興,2023-07-07,9894
5388,中磊,31,15,16,元大-桃興,2023-07-07,9894
2883,凱基金,16,0,16,元大-桃興,2023-07-07,9894
6138,茂達,17,1,16,元大-桃興,2023-07-07,9894
6446,藥華藥,29,13,16,元大-桃興,2023-07-07,9894
2382,廣達,46,30,16,元大-桃興,2023-07-07,9894
2457,飛宏,20,5,15,元大-桃興,2023-07-07,9894
2359,所羅門,21,6,15,元大-桃興,2023-07-07,9894
00679B,元大美債20年,106,0,106,元大-桃興,2023-07-10,9894
00637L,元大滬深300正2,100,16,84,元大-桃興,2023-07-10,9894
3290,東浦,81,0,81,元大-桃興,2023-07-10,9894
2883,凱基金,70,9,61,元大-桃興,2023-07-10,9894
4532,瑞智,124,64,60,元大-桃興,2023-07-10,9894
3163,波若威,57,7,50,元大-桃興,2023-07-10,9894
4128,中天,48,3,45,元大-桃興,2023-07-10,9894
00720B,元大投資級公司債,43,0,43,元大-桃興,2023-07-10,9894
2419,仲琦,70,29,41,元大-桃興,2023-07-10,9894
00929,復華台灣科技優息,41,0,41,元大-桃興,2023-07-10,9894
2489,瑞軒,40,0,40,元大-桃興,2023-07-10,9894
1314,中石化,43,3,40,元大-桃興,2023-07-10,9894
8093,保銳,39,0,39,元大-桃興,2023-07-10,9894
4979,華星光,54,20,34,元大-桃興,2023-07-10,9894
00632R,元大台灣50反1,73,39,34,元大-桃興,2023-07-10,9894
8222,寶一,34,1,33,元大-桃興,2023-07-10,9894
00673R,期元大S＆P原油反1,49,19,30,元大-桃興,2023-07-10,9894
2323,中環,33,3,30,元大-桃興,2023-07-10,9894
2543,皇昌,30,0,30,元大-桃興,2023-07-10,9894
5439,高技,33,3,30,元大-桃興,2023-07-10,9894
2303,聯電,31,4,27,元大-桃興,2023-07-10,9894
3114,好德,26,1,25,元大-桃興,2023-07-10,9894
6122,擎邦,29,4,25,元大-桃興,2023-07-10,9894
2413,環科,26,1,25,元大-桃興,2023-07-10,9894
1504,東元,35,11,24,元大-桃興,2023-07-10,9894
6266,泰詠,23,0,23,元大-桃興,2023-07-10,9894
8112,至上,23,0,23,元大-桃興,2023-07-10,9894
2312,金寶,36,13,23,元大-桃興,2023-07-10,9894
00882,中信中國高股息,23,0,23,元大-桃興,2023-07-10,9894
1101,台泥,24,2,22,元大-桃興,2023-07-10,9894
00665L,富邦�琤肭磪囓�2,23,1,22,元大-桃興,2023-07-10,9894
00772B,中信高評級公司債,21,0,21,元大-桃興,2023-07-10,9894
00925,新光標普電動車,20,0,20,元大-桃興,2023-07-10,9894
2701,萬企,20,0,20,元大-桃興,2023-07-10,9894
6016,康和證,23,3,20,元大-桃興,2023-07-10,9894
00795B,中信美國公債20年,17,0,17,元大-桃興,2023-07-10,9894
3037,欣興,17,2,15,元大-桃興,2023-07-10,9894
1809,中釉,15,0,15,元大-桃興,2023-07-10,9894
2329,華泰,24,9,15,元大-桃興,2023-07-10,9894
1301,台塑,16,1,15,元大-桃興,2023-07-10,9894
2356,英業達,25,11,14,元大-桃興,2023-07-10,9894
2317,鴻海,14,0,14,元大-桃興,2023-07-10,9894
1236,宏亞,14,0,14,元大-桃興,2023-07-10,9894
4533,協易機,18,4,14,元大-桃興,2023-07-10,9894
1905,華紙,17,4,13,元大-桃興,2023-07-10,9894
2501,國建,13,0,13,元大-桃興,2023-07-10,9894
00773B,中信優先金融債,13,0,13,元大-桃興,2023-07-10,9894
6138,茂達,12,0,12,元大-桃興,2023-07-10,9894
2610,華航,26,14,12,元大-桃興,2023-07-10,9894
00764B,群益25年美債,12,0,12,元大-桃興,2023-07-10,9894
4934,太極,64,9,55,元大-桃興,2023-07-11,9894
00637L,元大滬深300正2,100,45,55,元大-桃興,2023-07-11,9894
2371,大同,55,4,51,元大-桃興,2023-07-11,9894
2457,飛宏,48,10,38,元大-桃興,2023-07-11,9894
4916,事欣科,41,5,36,元大-桃興,2023-07-11,9894
00706L,期元大S＆P日圓正2,40,4,36,元大-桃興,2023-07-11,9894
3141,晶宏,63,31,32,元大-桃興,2023-07-11,9894
1802,台玻,31,0,31,元大-桃興,2023-07-11,9894
6120,達運,44,14,30,元大-桃興,2023-07-11,9894
8071,能率網通,29,0,29,元大-桃興,2023-07-11,9894
1618,合機,43,15,28,元大-桃興,2023-07-11,9894
1101,台泥,28,0,28,元大-桃興,2023-07-11,9894
1301,台塑,27,0,27,元大-桃興,2023-07-11,9894
3264,欣銓,32,5,27,元大-桃興,2023-07-11,9894
6806,森崴能源,26,0,26,元大-桃興,2023-07-11,9894
6197,佳必琪,27,3,24,元大-桃興,2023-07-11,9894
2883,凱基金,20,0,20,元大-桃興,2023-07-11,9894
00632R,元大台灣50反1,77,58,19,元大-桃興,2023-07-11,9894
3290,東浦,17,0,17,元大-桃興,2023-07-11,9894
2402,毅嘉,27,11,16,元大-桃興,2023-07-11,9894
2543,皇昌,15,0,15,元大-桃興,2023-07-11,9894
3707,漢磊,22,8,14,元大-桃興,2023-07-11,9894
2329,華泰,39,25,14,元大-桃興,2023-07-11,9894
4967,十銓,15,1,14,元大-桃興,2023-07-11,9894
00673R,期元大S＆P原油反1,14,0,14,元大-桃興,2023-07-11,9894
2002,中鋼,13,0,13,元大-桃興,2023-07-11,9894
6148,驊宏資,15,2,13,元大-桃興,2023-07-11,9894
2705,六福,15,2,13,元大-桃興,2023-07-11,9894
1605,華新,23,11,12,元大-桃興,2023-07-11,9894
9943,好樂迪,13,1,12,元大-桃興,2023-07-11,9894
2609,陽明,26,15,11,元大-桃興,2023-07-11,9894
6138,茂達,12,1,11,元大-桃興,2023-07-11,9894
1217,愛之味,12,1,11,元大-桃興,2023-07-11,9894
6139,亞翔,11,0,11,元大-桃興,2023-07-11,9894
3540,曜越,14,3,11,元大-桃興,2023-07-11,9894
3324,雙鴻,12,2,10,元大-桃興,2023-07-11,9894
4168,醣聯,10,0,10,元大-桃興,2023-07-11,9894
2204,中華,25,15,10,元大-桃興,2023-07-11,9894
5348,正能量智能,10,0,10,元大-桃興,2023-07-11,9894
4739,康普,10,0,10,元大-桃興,2023-07-11,9894
5475,德宏,10,0,10,元大-桃興,2023-07-11,9894
1513,中興電,13,3,10,元大-桃興,2023-07-11,9894
8421,旭源,10,0,10,元大-桃興,2023-07-11,9894
00882,中信中國高股息,10,0,10,元大-桃興,2023-07-11,9894
00676R,富邦臺灣加權反1,10,0,10,元大-桃興,2023-07-11,9894
8105,凌巨,10,0,10,元大-桃興,2023-07-11,9894
00725B,國泰投資級公司債,10,0,10,元大-桃興,2023-07-11,9894
6185,幃翔,10,0,10,元大-桃興,2023-07-11,9894
4162,智擎,10,1,9,元大-桃興,2023-07-11,9894
00929,復華台灣科技優息,10,1,9,元大-桃興,2023-07-11,9894
5009,榮剛,176,10,166,元大-桃興,2023-07-12,9894
2323,中環,133,28,105,元大-桃興,2023-07-12,9894
2356,英業達,267,171,96,元大-桃興,2023-07-12,9894
0056,元大高股息,125,40,85,元大-桃興,2023-07-12,9894
2401,凌陽,65,3,62,元大-桃興,2023-07-12,9894
00673R,期元大S＆P原油反1,63,11,52,元大-桃興,2023-07-12,9894
00706L,期元大S＆P日圓正2,50,0,50,元大-桃興,2023-07-12,9894
1217,愛之味,45,0,45,元大-桃興,2023-07-12,9894
2303,聯電,48,10,38,元大-桃興,2023-07-12,9894
2888,新光金,80,44,36,元大-桃興,2023-07-12,9894
1314,中石化,33,0,33,元大-桃興,2023-07-12,9894
020038,元大ESG配息N,32,0,32,元大-桃興,2023-07-12,9894
2618,長榮航,84,53,31,元大-桃興,2023-07-12,9894
2020,美亞,57,27,30,元大-桃興,2023-07-12,9894
00715L,期街口布蘭特正2,53,25,28,元大-桃興,2023-07-12,9894
2344,華邦電,43,17,26,元大-桃興,2023-07-12,9894
6806,森崴能源,26,0,26,元大-桃興,2023-07-12,9894
3058,立德,39,15,24,元大-桃興,2023-07-12,9894
2603,長榮,72,49,23,元大-桃興,2023-07-12,9894
2359,所羅門,28,5,23,元大-桃興,2023-07-12,9894
00720B,元大投資級公司債,22,0,22,元大-桃興,2023-07-12,9894
1815,富喬,23,1,22,元大-桃興,2023-07-12,9894
2301,光寶科,34,14,20,元大-桃興,2023-07-12,9894
8033,雷虎,24,4,20,元大-桃興,2023-07-12,9894
2645,長榮航太,20,0,20,元大-桃興,2023-07-12,9894
3652,精聯,22,3,19,元大-桃興,2023-07-12,9894
5347,世界,21,2,19,元大-桃興,2023-07-12,9894
00679B,元大美債20年,18,0,18,元大-桃興,2023-07-12,9894
8034,榮群,20,2,18,元大-桃興,2023-07-12,9894
6274,台燿,24,7,17,元大-桃興,2023-07-12,9894
4160,訊聯基因,16,0,16,元大-桃興,2023-07-12,9894
6234,高僑,15,0,15,元大-桃興,2023-07-12,9894
3141,晶宏,16,1,15,元大-桃興,2023-07-12,9894
1101,台泥,16,2,14,元大-桃興,2023-07-12,9894
2329,華泰,19,5,14,元大-桃興,2023-07-12,9894
3114,好德,13,0,13,元大-桃興,2023-07-12,9894
8050,廣積,13,0,13,元大-桃興,2023-07-12,9894
1301,台塑,14,2,12,元大-桃興,2023-07-12,9894
3583,辛耘,23,11,12,元大-桃興,2023-07-12,9894
2481,強茂,55,43,12,元大-桃興,2023-07-12,9894
9943,好樂迪,11,0,11,元大-桃興,2023-07-12,9894
8028,昇陽半導體,12,1,11,元大-桃興,2023-07-12,9894
4157,太景*-KY,11,0,11,元大-桃興,2023-07-12,9894
6446,藥華藥,15,4,11,元大-桃興,2023-07-12,9894
1904,正隆,10,0,10,元大-桃興,2023-07-12,9894
3038,全台,11,1,10,元大-桃興,2023-07-12,9894
8105,凌巨,13,3,10,元大-桃興,2023-07-12,9894
1219,福壽,20,10,10,元大-桃興,2023-07-12,9894
8064,東捷,10,0,10,元大-桃興,2023-07-12,9894
00722B,群益投資級電信債,10,0,10,元大-桃興,2023-07-12,9894
00632R,元大台灣50反1,705,192,513,元大-桃興,2023-07-13,9894
2609,陽明,340,76,264,元大-桃興,2023-07-13,9894
2618,長榮航,261,160,101,元大-桃興,2023-07-13,9894
2324,仁寶,172,87,85,元大-桃興,2023-07-13,9894
00673R,期元大S＆P原油反1,76,4,72,元大-桃興,2023-07-13,9894
1618,合機,57,1,56,元大-桃興,2023-07-13,9894
3231,緯創,173,124,49,元大-桃興,2023-07-13,9894
00680L,元大美債20正2,50,1,49,元大-桃興,2023-07-13,9894
2312,金寶,84,37,47,元大-桃興,2023-07-13,9894
6191,精成科,52,10,42,元大-桃興,2023-07-13,9894
00930,永豐ESG低碳高息,40,0,40,元大-桃興,2023-07-13,9894
2449,京元電子,62,23,39,元大-桃興,2023-07-13,9894
2603,長榮,147,110,37,元大-桃興,2023-07-13,9894
8105,凌巨,76,39,37,元大-桃興,2023-07-13,9894
2601,益航,42,5,37,元大-桃興,2023-07-13,9894
3264,欣銓,55,19,36,元大-桃興,2023-07-13,9894
2610,華航,136,101,35,元大-桃興,2023-07-13,9894
2369,菱生,38,5,33,元大-桃興,2023-07-13,9894
00679B,元大美債20年,33,1,32,元大-桃興,2023-07-13,9894
8096,擎亞,32,0,32,元大-桃興,2023-07-13,9894
3704,合勤控,121,90,31,元大-桃興,2023-07-13,9894
6285,啟��,63,33,30,元大-桃興,2023-07-13,9894
8050,廣積,33,4,29,元大-桃興,2023-07-13,9894
4414,如興,28,0,28,元大-桃興,2023-07-13,9894
1905,華紙,41,13,28,元大-桃興,2023-07-13,9894
8114,振樺電,26,2,24,元大-桃興,2023-07-13,9894
1524,耿鼎,23,0,23,元大-桃興,2023-07-13,9894
1609,大亞,43,21,22,元大-桃興,2023-07-13,9894
3706,神達,43,21,22,元大-桃興,2023-07-13,9894
4157,太景*-KY,21,0,21,元大-桃興,2023-07-13,9894
3306,鼎天,20,2,18,元大-桃興,2023-07-13,9894
2204,中華,22,5,17,元大-桃興,2023-07-13,9894
2641,正德,18,2,16,元大-桃興,2023-07-13,9894
00850,元大臺灣ESG永續,20,4,16,元大-桃興,2023-07-13,9894
00664R,國泰臺灣加權反1,16,0,16,元大-桃興,2023-07-13,9894
2104,國際中橡,15,0,15,元大-桃興,2023-07-13,9894
2313,華通,19,5,14,元大-桃興,2023-07-13,9894
8215,明基材,17,3,14,元大-桃興,2023-07-13,9894
3234,光環,13,0,13,元大-桃興,2023-07-13,9894
5347,世界,13,0,13,元大-桃興,2023-07-13,9894
2029,盛餘,13,0,13,元大-桃興,2023-07-13,9894
3013,晟銘電,15,2,13,元大-桃興,2023-07-13,9894
3576,聯合再生,12,0,12,元大-桃興,2023-07-13,9894
4533,協易機,25,13,12,元大-桃興,2023-07-13,9894
2489,瑞軒,12,0,12,元大-桃興,2023-07-13,9894
2390,云辰,11,0,11,元大-桃興,2023-07-13,9894
3265,台星科,21,10,11,元大-桃興,2023-07-13,9894
6276,安鈦克,12,1,11,元大-桃興,2023-07-13,9894
6180,橘子,12,1,11,元大-桃興,2023-07-13,9894
2441,超豐,10,0,10,元大-桃興,2023-07-13,9894
2344,華邦電,140,8,132,元大-桃興,2023-07-14,9894
2371,大同,159,59,100,元大-桃興,2023-07-14,9894
2610,華航,164,72,92,元大-桃興,2023-07-14,9894
00637L,元大滬深300正2,113,22,91,元大-桃興,2023-07-14,9894
00632R,元大台灣50反1,137,60,77,元大-桃興,2023-07-14,9894
2618,長榮航,196,121,75,元大-桃興,2023-07-14,9894
1504,東元,81,11,70,元大-桃興,2023-07-14,9894
00720B,元大投資級公司債,62,0,62,元大-桃興,2023-07-14,9894
2382,廣達,130,78,52,元大-桃興,2023-07-14,9894
1314,中石化,51,0,51,元大-桃興,2023-07-14,9894
1514,亞力,58,11,47,元大-桃興,2023-07-14,9894
2601,益航,40,2,38,元大-桃興,2023-07-14,9894
6116,彩晶,39,6,33,元大-桃興,2023-07-14,9894
2301,光寶科,77,45,32,元大-桃興,2023-07-14,9894
00673R,期元大S＆P原油反1,55,26,29,元大-桃興,2023-07-14,9894
1616,億泰,22,0,22,元大-桃興,2023-07-14,9894
00680L,元大美債20正2,20,0,20,元大-桃興,2023-07-14,9894
2607,榮運,20,0,20,元大-桃興,2023-07-14,9894
2405,輔信,19,0,19,元大-桃興,2023-07-14,9894
00882,中信中國高股息,20,2,18,元大-桃興,2023-07-14,9894
3576,聯合再生,26,10,16,元大-桃興,2023-07-14,9894
00929,復華台灣科技優息,24,8,16,元大-桃興,2023-07-14,9894
2331,精英,16,1,15,元大-桃興,2023-07-14,9894
2338,光罩,16,1,15,元大-桃興,2023-07-14,9894
8114,振樺電,16,1,15,元大-桃興,2023-07-14,9894
3706,神達,41,26,15,元大-桃興,2023-07-14,9894
4906,正文,18,4,14,元大-桃興,2023-07-14,9894
5704,老爺知,14,1,13,元大-桃興,2023-07-14,9894
3380,明泰,21,8,13,元大-桃興,2023-07-14,9894
2367,燿華,12,0,12,元大-桃興,2023-07-14,9894
6120,達運,51,39,12,元大-桃興,2023-07-14,9894
2449,京元電子,26,14,12,元大-桃興,2023-07-14,9894
8938,明安,12,0,12,元大-桃興,2023-07-14,9894
4532,瑞智,36,25,11,元大-桃興,2023-07-14,9894
020038,元大ESG配息N,11,0,11,元大-桃興,2023-07-14,9894
6235,華孚,41,30,11,元大-桃興,2023-07-14,9894
3017,奇鋐,23,13,10,元大-桃興,2023-07-14,9894
2641,正德,12,2,10,元大-桃興,2023-07-14,9894
1609,大亞,40,30,10,元大-桃興,2023-07-14,9894
2514,龍邦,10,0,10,元大-桃興,2023-07-14,9894
1313,聯成,10,0,10,元大-桃興,2023-07-14,9894
2612,中航,10,0,10,元大-桃興,2023-07-14,9894
00655L,國泰中國A50正2,10,0,10,元大-桃興,2023-07-14,9894
2419,仲琦,32,22,10,元大-桃興,2023-07-14,9894
2359,所羅門,30,20,10,元大-桃興,2023-07-14,9894
1402,遠東新,10,0,10,元大-桃興,2023-07-14,9894
3013,晟銘電,13,3,10,元大-桃興,2023-07-14,9894
3325,旭品,12,2,10,元大-桃興,2023-07-14,9894
2812,台中銀,9,0,9,元大-桃興,2023-07-14,9894
5607,遠雄港,44,35,9,元大-桃興,2023-07-14,9894
00671R,富邦NASDAQ反1,100,0,100,元大-桃興,2023-07-17,9894
2867,三商壽,94,0,94,元大-桃興,2023-07-17,9894
00929,復華台灣科技優息,69,1,68,元大-桃興,2023-07-17,9894
1605,華新,84,25,59,元大-桃興,2023-07-17,9894
00895,富邦未來車,56,1,55,元大-桃興,2023-07-17,9894
00632R,元大台灣50反1,71,19,52,元大-桃興,2023-07-17,9894
00878,國泰永續高股息,179,128,51,元大-桃興,2023-07-17,9894
2485,兆赫,50,0,50,元大-桃興,2023-07-17,9894
00882,中信中國高股息,65,17,48,元大-桃興,2023-07-17,9894
2607,榮運,42,0,42,元大-桃興,2023-07-17,9894
2329,華泰,61,20,41,元大-桃興,2023-07-17,9894
1504,東元,62,23,39,元大-桃興,2023-07-17,9894
2356,英業達,110,72,38,元大-桃興,2023-07-17,9894
00676R,富邦臺灣加權反1,40,5,35,元大-桃興,2023-07-17,9894
2369,菱生,34,0,34,元大-桃興,2023-07-17,9894
6191,精成科,47,17,30,元大-桃興,2023-07-17,9894
1528,恩德,30,1,29,元大-桃興,2023-07-17,9894
2312,金寶,88,60,28,元大-桃興,2023-07-17,9894
00712,復華富時不動產,35,7,28,元大-桃興,2023-07-17,9894
2354,鴻準,26,1,25,元大-桃興,2023-07-17,9894
4967,十銓,27,2,25,元大-桃興,2023-07-17,9894
6203,海韻電,40,17,23,元大-桃興,2023-07-17,9894
00720B,元大投資級公司債,22,0,22,元大-桃興,2023-07-17,9894
2371,大同,101,79,22,元大-桃興,2023-07-17,9894
3706,神達,32,10,22,元大-桃興,2023-07-17,9894
5469,瀚宇博,33,12,21,元大-桃興,2023-07-17,9894
2883,凱基金,31,10,21,元大-桃興,2023-07-17,9894
2382,廣達,88,67,21,元大-桃興,2023-07-17,9894
4414,如興,20,0,20,元大-桃興,2023-07-17,9894
1308,亞聚,20,0,20,元大-桃興,2023-07-17,9894
00922,國泰台灣領袖50,20,0,20,元大-桃興,2023-07-17,9894
3363,上詮,45,26,19,元大-桃興,2023-07-17,9894
00930,永豐ESG低碳高息,17,0,17,元大-桃興,2023-07-17,9894
00725B,國泰投資級公司債,17,0,17,元大-桃興,2023-07-17,9894
00687B,國泰20年美債,17,1,16,元大-桃興,2023-07-17,9894
00905,FT臺灣Smart,16,1,15,元大-桃興,2023-07-17,9894
2515,中工,27,13,14,元大-桃興,2023-07-17,9894
6120,達運,32,18,14,元大-桃興,2023-07-17,9894
2801,彰銀,14,0,14,元大-桃興,2023-07-17,9894
8936,國統,35,21,14,元大-桃興,2023-07-17,9894
2301,光寶科,38,25,13,元大-桃興,2023-07-17,9894
3583,辛耘,26,13,13,元大-桃興,2023-07-17,9894
00679B,元大美債20年,12,0,12,元大-桃興,2023-07-17,9894
00642U,期元大S＆P石油,18,6,12,元大-桃興,2023-07-17,9894
1710,東聯,12,0,12,元大-桃興,2023-07-17,9894
3037,欣興,26,14,12,元大-桃興,2023-07-17,9894
4533,協易機,103,92,11,元大-桃興,2023-07-17,9894
6139,亞翔,11,0,11,元大-桃興,2023-07-17,9894
8105,凌巨,11,0,11,元大-桃興,2023-07-17,9894
6443,元晶,17,6,11,元大-桃興,2023-07-17,9894
2324,仁寶,265,66,199,元大-桃興,2023-07-18,9894
00929,復華台灣科技優息,175,1,174,元大-桃興,2023-07-18,9894
8105,凌巨,133,21,112,元大-桃興,2023-07-18,9894
00882,中信中國高股息,108,0,108,元大-桃興,2023-07-18,9894
1711,永光,109,6,103,元大-桃興,2023-07-18,9894
2399,映泰,97,11,86,元大-桃興,2023-07-18,9894
2607,榮運,77,0,77,元大-桃興,2023-07-18,9894
6282,康舒,129,68,61,元大-桃興,2023-07-18,9894
00715L,期街口布蘭特正2,61,0,61,元大-桃興,2023-07-18,9894
6116,彩晶,53,2,51,元大-桃興,2023-07-18,9894
00712,復華富時不動產,60,10,50,元大-桃興,2023-07-18,9894
2323,中環,60,11,49,元大-桃興,2023-07-18,9894
00637L,元大滬深300正2,241,194,47,元大-桃興,2023-07-18,9894
0056,元大高股息,97,53,44,元大-桃興,2023-07-18,9894
2352,佳世達,101,57,44,元大-桃興,2023-07-18,9894
4938,和碩,106,63,43,元大-桃興,2023-07-18,9894
6120,達運,64,22,42,元大-桃興,2023-07-18,9894
2344,華邦電,45,3,42,元大-桃興,2023-07-18,9894
00720B,元大投資級公司債,39,0,39,元大-桃興,2023-07-18,9894
1905,華紙,39,0,39,元大-桃興,2023-07-18,9894
2354,鴻準,49,11,38,元大-桃興,2023-07-18,9894
3710,連展投控,38,0,38,元大-桃興,2023-07-18,9894
3013,晟銘電,33,2,31,元大-桃興,2023-07-18,9894
2340,台亞,88,57,31,元大-桃興,2023-07-18,9894
2903,遠百,31,0,31,元大-桃興,2023-07-18,9894
6285,啟��,46,16,30,元大-桃興,2023-07-18,9894
1605,華新,38,8,30,元大-桃興,2023-07-18,9894
2312,金寶,249,219,30,元大-桃興,2023-07-18,9894
2812,台中銀,40,13,27,元大-桃興,2023-07-18,9894
6125,廣運,29,2,27,元大-桃興,2023-07-18,9894
3706,神達,216,192,24,元大-桃興,2023-07-18,9894
9938,百和,24,0,24,元大-桃興,2023-07-18,9894
2356,英業達,222,198,24,元大-桃興,2023-07-18,9894
1304,台聚,21,0,21,元大-桃興,2023-07-18,9894
2888,新光金,31,10,21,元大-桃興,2023-07-18,9894
1907,永豐餘,20,0,20,元大-桃興,2023-07-18,9894
1455,集盛,20,0,20,元大-桃興,2023-07-18,9894
1618,合機,60,40,20,元大-桃興,2023-07-18,9894
2913,農林,19,0,19,元大-桃興,2023-07-18,9894
6290,良維,23,4,19,元大-桃興,2023-07-18,9894
2402,毅嘉,24,5,19,元大-桃興,2023-07-18,9894
2867,三商壽,20,1,19,元大-桃興,2023-07-18,9894
6288,聯嘉,18,0,18,元大-桃興,2023-07-18,9894
2515,中工,30,12,18,元大-桃興,2023-07-18,9894
8936,國統,20,3,17,元大-桃興,2023-07-18,9894
1301,台塑,16,0,16,元大-桃興,2023-07-18,9894
2382,廣達,115,99,16,元大-桃興,2023-07-18,9894
2204,中華,17,1,16,元大-桃興,2023-07-18,9894
4533,協易機,23,7,16,元大-桃興,2023-07-18,9894
912000,晨訊科-DR,15,0,15,元大-桃興,2023-07-18,9894
3481,群創,309,34,275,元大-桃興,2023-07-19,9894
00929,復華台灣科技優息,152,0,152,元大-桃興,2023-07-19,9894
3706,神達,369,220,149,元大-桃興,2023-07-19,9894
6016,康和證,118,0,118,元大-桃興,2023-07-19,9894
6220,岳豐,90,0,90,元大-桃興,2023-07-19,9894
3704,合勤控,78,10,68,元大-桃興,2023-07-19,9894
2329,華泰,94,29,65,元大-桃興,2023-07-19,9894
3078,僑威,96,32,64,元大-桃興,2023-07-19,9894
2618,長榮航,122,60,62,元大-桃興,2023-07-19,9894
2312,金寶,199,141,58,元大-桃興,2023-07-19,9894
6116,彩晶,56,0,56,元大-桃興,2023-07-19,9894
2603,長榮,101,45,56,元大-桃興,2023-07-19,9894
2303,聯電,55,1,54,元大-桃興,2023-07-19,9894
00673R,期元大S＆P原油反1,50,1,49,元大-桃興,2023-07-19,9894
2834,臺企銀,56,7,49,元大-桃興,2023-07-19,9894
2419,仲琦,111,63,48,元大-桃興,2023-07-19,9894
00882,中信中國高股息,85,40,45,元大-桃興,2023-07-19,9894
00930,永豐ESG低碳高息,42,0,42,元大-桃興,2023-07-19,9894
1102,亞泥,41,0,41,元大-桃興,2023-07-19,9894
2889,國票金,40,0,40,元大-桃興,2023-07-19,9894
3189,景碩,48,11,37,元大-桃興,2023-07-19,9894
2324,仁寶,198,164,34,元大-桃興,2023-07-19,9894
2353,宏��,74,39,35,元大-桃興,2023-07-19,9894
912000,晨訊科-DR,34,0,34,元大-桃興,2023-07-19,9894
00706L,期元大S＆P日圓正2,31,0,31,元大-桃興,2023-07-19,9894
2867,三商壽,31,0,31,元大-桃興,2023-07-19,9894
0056,元大高股息,92,64,28,元大-桃興,2023-07-19,9894
020038,元大ESG配息N,28,0,28,元大-桃興,2023-07-19,9894
2610,華航,131,105,26,元大-桃興,2023-07-19,9894
6274,台燿,32,6,26,元大-桃興,2023-07-19,9894
00919,群益台灣精選高息,26,0,26,元大-桃興,2023-07-19,9894
4566,時碩工業,44,19,25,元大-桃興,2023-07-19,9894
2104,國際中橡,25,1,24,元大-桃興,2023-07-19,9894
4105,東洋,23,0,23,元大-桃興,2023-07-19,9894
5880,合庫金,26,3,23,元大-桃興,2023-07-19,9894
2609,陽明,53,32,21,元大-桃興,2023-07-19,9894
2206,三陽工業,28,7,21,元大-桃興,2023-07-19,9894
1455,集盛,20,0,20,元大-桃興,2023-07-19,9894
2495,普安,20,1,19,元大-桃興,2023-07-19,9894
6288,聯嘉,29,10,19,元大-桃興,2023-07-19,9894
2382,廣達,54,35,19,元大-桃興,2023-07-19,9894
8034,榮群,19,1,18,元大-桃興,2023-07-19,9894
1313,聯成,20,2,18,元大-桃興,2023-07-19,9894
2317,鴻海,21,4,17,元大-桃興,2023-07-19,9894
00900,富邦特選高股息30,14,0,14,元大-桃興,2023-07-19,9894
2413,環科,14,1,13,元大-桃興,2023-07-19,9894
4163,鐿鈦,13,0,13,元大-桃興,2023-07-19,9894
2399,映泰,16,3,13,元大-桃興,2023-07-19,9894
8044,網家,12,0,12,元大-桃興,2023-07-19,9894
5425,台半,13,1,12,元大-桃興,2023-07-19,9894
2323,中環,187,32,155,元大-桃興,2023-07-20,9894
2303,聯電,145,27,118,元大-桃興,2023-07-20,9894
00930,永豐ESG低碳高息,100,0,100,元大-桃興,2023-07-20,9894
4129,聯合,61,1,60,元大-桃興,2023-07-20,9894
1529,樂事綠能,57,10,47,元大-桃興,2023-07-20,9894
3289,宜特,46,6,40,元大-桃興,2023-07-20,9894
1714,和桐,40,0,40,元大-桃興,2023-07-20,9894
3260,威剛,39,1,38,元大-桃興,2023-07-20,9894
3037,欣興,57,20,37,元大-桃興,2023-07-20,9894
4123,晟德,124,88,36,元大-桃興,2023-07-20,9894
6530,創威,81,47,34,元大-桃興,2023-07-20,9894
2405,輔信,79,45,34,元大-桃興,2023-07-20,9894
4116,明基醫,31,0,31,元大-桃興,2023-07-20,9894
8050,廣積,32,2,30,元大-桃興,2023-07-20,9894
6116,彩晶,30,0,30,元大-桃興,2023-07-20,9894
2382,廣達,107,79,28,元大-桃興,2023-07-20,9894
6188,廣明,37,13,24,元大-桃興,2023-07-20,9894
3176,基亞,22,0,22,元大-桃興,2023-07-20,9894
2352,佳世達,38,18,20,元大-桃興,2023-07-20,9894
9938,百和,20,0,20,元大-桃興,2023-07-20,9894
2349,錸德,20,0,20,元大-桃興,2023-07-20,9894
00676R,富邦臺灣加權反1,20,0,20,元大-桃興,2023-07-20,9894
00929,復華台灣科技優息,19,0,19,元大-桃興,2023-07-20,9894
2344,華邦電,18,0,18,元大-桃興,2023-07-20,9894
8996,高力,55,37,18,元大-桃興,2023-07-20,9894
2436,偉詮電,27,9,18,元大-桃興,2023-07-20,9894
2881,富邦金,17,0,17,元大-桃興,2023-07-20,9894
00762,元大全球AI,16,0,16,元大-桃興,2023-07-20,9894
4916,事欣科,16,0,16,元大-桃興,2023-07-20,9894
4160,訊聯基因,16,0,16,元大-桃興,2023-07-20,9894
2883,凱基金,15,0,15,元大-桃興,2023-07-20,9894
6185,幃翔,15,0,15,元大-桃興,2023-07-20,9894
6282,康舒,60,46,14,元大-桃興,2023-07-20,9894
2609,陽明,32,18,14,元大-桃興,2023-07-20,9894
3481,群創,18,3,15,元大-桃興,2023-07-20,9894
3032,偉訓,30,16,14,元大-桃興,2023-07-20,9894
8033,雷虎,18,4,14,元大-桃興,2023-07-20,9894
2421,建準,23,9,14,元大-桃興,2023-07-20,9894
2449,京元電子,18,5,13,元大-桃興,2023-07-20,9894
2312,金寶,57,44,13,元大-桃興,2023-07-20,9894
2838,聯邦銀,13,0,13,元大-桃興,2023-07-20,9894
2618,長榮航,76,63,13,元大-桃興,2023-07-20,9894
1513,中興電,12,1,11,元大-桃興,2023-07-20,9894
6026,福邦證,11,0,11,元大-桃興,2023-07-20,9894
2634,漢翔,36,26,10,元大-桃興,2023-07-20,9894
2204,中華,16,6,10,元大-桃興,2023-07-20,9894
3013,晟銘電,16,6,10,元大-桃興,2023-07-20,9894
6220,岳豐,10,0,10,元大-桃興,2023-07-20,9894
4909,新復興,10,0,10,元大-桃興,2023-07-20,9894
6150,撼訊,27,17,10,元大-桃興,2023-07-20,9894
2419,仲琦,100,20,80,元大-桃興,2023-07-21,9894
4960,誠美材,76,0,76,元大-桃興,2023-07-21,9894
1605,華新,60,7,53,元大-桃興,2023-07-21,9894
6443,元晶,43,4,39,元大-桃興,2023-07-21,9894
1905,華紙,56,17,39,元大-桃興,2023-07-21,9894
1513,中興電,140,101,39,元大-桃興,2023-07-21,9894
2504,國產,37,0,37,元大-桃興,2023-07-21,9894
00929,復華台灣科技優息,35,1,34,元大-桃興,2023-07-21,9894
2382,廣達,125,92,33,元大-桃興,2023-07-21,9894
3499,環天科,32,0,32,元大-桃興,2023-07-21,9894
3306,鼎天,31,0,31,元大-桃興,2023-07-21,9894
6770,力積電,27,0,27,元大-桃興,2023-07-21,9894
1102,亞泥,28,1,27,元大-桃興,2023-07-21,9894
4979,華星光,28,2,26,元大-桃興,2023-07-21,9894
2352,佳世達,26,1,25,元大-桃興,2023-07-21,9894
2610,華航,31,6,25,元大-桃興,2023-07-21,9894
4129,聯合,30,5,25,元大-桃興,2023-07-21,9894
1609,大亞,110,85,25,元大-桃興,2023-07-21,9894
2303,聯電,92,67,25,元大-桃興,2023-07-21,9894
2206,三陽工業,47,23,24,元大-桃興,2023-07-21,9894
6188,廣明,53,31,22,元大-桃興,2023-07-21,9894
00706L,期元大S＆P日圓正2,22,0,22,元大-桃興,2023-07-21,9894
4123,晟德,67,46,21,元大-桃興,2023-07-21,9894
2603,長榮,30,9,21,元大-桃興,2023-07-21,9894
2344,華邦電,24,4,20,元大-桃興,2023-07-21,9894
00670L,富邦NASDAQ正2,20,0,20,元大-桃興,2023-07-21,9894
2313,華通,40,21,19,元大-桃興,2023-07-21,9894
1504,東元,63,44,19,元大-桃興,2023-07-21,9894
4414,如興,20,2,18,元大-桃興,2023-07-21,9894
1524,耿鼎,20,2,18,元大-桃興,2023-07-21,9894
2330,台積電,25,8,17,元大-桃興,2023-07-21,9894
0050,元大台灣50,17,0,17,元大-桃興,2023-07-21,9894
6285,啟��,22,5,17,元大-桃興,2023-07-21,9894
2618,長榮航,48,32,16,元大-桃興,2023-07-21,9894
5425,台半,16,1,15,元大-桃興,2023-07-21,9894
2630,亞航,15,0,15,元大-桃興,2023-07-21,9894
00720B,元大投資級公司債,14,0,14,元大-桃興,2023-07-21,9894
5439,高技,14,0,14,元大-桃興,2023-07-21,9894
00680L,元大美債20正2,14,0,14,元大-桃興,2023-07-21,9894
2409,友達,40,27,13,元大-桃興,2023-07-21,9894
00905,FT臺灣Smart,13,1,12,元大-桃興,2023-07-21,9894
4747,強生,13,1,12,元大-桃興,2023-07-21,9894
1313,聯成,13,1,12,元大-桃興,2023-07-21,9894
6288,聯嘉,13,1,12,元大-桃興,2023-07-21,9894
2402,毅嘉,30,18,12,元大-桃興,2023-07-21,9894
4919,新唐,12,1,11,元大-桃興,2023-07-21,9894
2739,寒舍,13,2,11,元大-桃興,2023-07-21,9894
9938,百和,11,0,11,元大-桃興,2023-07-21,9894
1734,杏輝,11,0,11,元大-桃興,2023-07-21,9894
6806,森崴能源,11,0,11,元大-桃興,2023-07-21,9894
2888,新光金,2223,11,2212,元大-桃興,2023-07-24,9894
3481,群創,166,1,165,元大-桃興,2023-07-24,9894
6016,康和證,120,0,120,元大-桃興,2023-07-24,9894
0050,元大台灣50,82,0,82,元大-桃興,2023-07-24,9894
1217,愛之味,77,0,77,元大-桃興,2023-07-24,9894
6770,力積電,75,2,73,元大-桃興,2023-07-24,9894
2002,中鋼,77,6,71,元大-桃興,2023-07-24,9894
2323,中環,71,17,54,元大-桃興,2023-07-24,9894
2547,日勝生,45,0,45,元大-桃興,2023-07-24,9894
4979,華星光,41,0,41,元大-桃興,2023-07-24,9894
4967,十銓,44,3,41,元大-桃興,2023-07-24,9894
2031,新光鋼,40,3,37,元大-桃興,2023-07-24,9894
00637L,元大滬深300正2,37,0,37,元大-桃興,2023-07-24,9894
3221,台嘉碩,34,1,33,元大-桃興,2023-07-24,9894
6155,鈞寶,28,0,28,元大-桃興,2023-07-24,9894
2890,永豐金,38,10,28,元大-桃興,2023-07-24,9894
00712,復華富時不動產,28,2,26,元大-桃興,2023-07-24,9894
2457,飛宏,32,6,26,元大-桃興,2023-07-24,9894
2353,宏��,87,61,26,元大-桃興,2023-07-24,9894
1524,耿鼎,24,0,24,元大-桃興,2023-07-24,9894
1609,大亞,80,56,24,元大-桃興,2023-07-24,9894
6125,廣運,40,17,23,元大-桃興,2023-07-24,9894
00929,復華台灣科技優息,32,11,21,元大-桃興,2023-07-24,9894
00670L,富邦NASDAQ正2,20,0,20,元大-桃興,2023-07-24,9894
3323,加百裕,20,0,20,元大-桃興,2023-07-24,9894
6446,藥華藥,22,3,19,元大-桃興,2023-07-24,9894
2887,台新金,19,0,19,元大-桃興,2023-07-24,9894
2801,彰銀,19,0,19,元大-桃興,2023-07-24,9894
1102,亞泥,18,0,18,元大-桃興,2023-07-24,9894
3013,晟銘電,64,47,17,元大-桃興,2023-07-24,9894
1529,樂事綠能,20,3,17,元大-桃興,2023-07-24,9894
3706,神達,28,11,17,元大-桃興,2023-07-24,9894
3044,健鼎,22,5,17,元大-桃興,2023-07-24,9894
1513,中興電,68,51,17,元大-桃興,2023-07-24,9894
3231,緯創,29,13,16,元大-桃興,2023-07-24,9894
00679B,元大美債20年,17,1,16,元大-桃興,2023-07-24,9894
5347,世界,16,0,16,元大-桃興,2023-07-24,9894
6486,互動,16,0,16,元大-桃興,2023-07-24,9894
2603,長榮,39,24,15,元大-桃興,2023-07-24,9894
3032,偉訓,38,23,15,元大-桃興,2023-07-24,9894
5439,高技,29,14,15,元大-桃興,2023-07-24,9894
2834,臺企銀,19,4,15,元大-桃興,2023-07-24,9894
2449,京元電子,26,11,15,元大-桃興,2023-07-24,9894
2313,華通,14,0,14,元大-桃興,2023-07-24,9894
6235,華孚,14,0,14,元大-桃興,2023-07-24,9894
00687B,國泰20年美債,14,0,14,元大-桃興,2023-07-24,9894
6116,彩晶,14,0,14,元大-桃興,2023-07-24,9894
2371,大同,27,14,13,元大-桃興,2023-07-24,9894
6182,合晶,13,0,13,元大-桃興,2023-07-24,9894
2303,聯電,44,32,12,元大-桃興,2023-07-24,9894
1101,台泥,253,17,236,元大-桃興,2023-07-25,9894
2408,南亞科,102,1,101,元大-桃興,2023-07-25,9894
2867,三商壽,80,0,80,元大-桃興,2023-07-25,9894
2887,台新金,97,17,80,元大-桃興,2023-07-25,9894
00715L,期街口布蘭特正2,103,25,78,元大-桃興,2023-07-25,9894
2607,榮運,52,4,48,元大-桃興,2023-07-25,9894
00929,復華台灣科技優息,47,0,47,元大-桃興,2023-07-25,9894
2834,臺企銀,47,0,47,元大-桃興,2023-07-25,9894
8105,凌巨,50,6,44,元大-桃興,2023-07-25,9894
3481,群創,50,12,38,元大-桃興,2023-07-25,9894
2313,華通,41,4,37,元大-桃興,2023-07-25,9894
3038,全台,39,3,36,元大-桃興,2023-07-25,9894
00632R,元大台灣50反1,106,71,35,元大-桃興,2023-07-25,9894
00679B,元大美債20年,32,0,32,元大-桃興,2023-07-25,9894
3682,亞太電,30,0,30,元大-桃興,2023-07-25,9894
2421,建準,40,14,26,元大-桃興,2023-07-25,9894
2312,金寶,79,54,25,元大-桃興,2023-07-25,9894
3702,大聯大,22,0,22,元大-桃興,2023-07-25,9894
3071,協禧,29,7,22,元大-桃興,2023-07-25,9894
4543,萬在,28,6,22,元大-桃興,2023-07-25,9894
5347,世界,21,0,21,元大-桃興,2023-07-25,9894
00712,復華富時不動產,21,0,21,元大-桃興,2023-07-25,9894
2883,凱基金,20,0,20,元大-桃興,2023-07-25,9894
9938,百和,20,0,20,元大-桃興,2023-07-25,9894
1540,喬福,20,0,20,元大-桃興,2023-07-25,9894
2002,中鋼,20,1,19,元大-桃興,2023-07-25,9894
020038,元大ESG配息N,19,0,19,元大-桃興,2023-07-25,9894
6125,廣運,35,16,19,元大-桃興,2023-07-25,9894
00673R,期元大S＆P原油反1,18,0,18,元大-桃興,2023-07-25,9894
2884,玉山金,20,3,17,元大-桃興,2023-07-25,9894
2610,華航,27,11,16,元大-桃興,2023-07-25,9894
3289,宜特,16,0,16,元大-桃興,2023-07-25,9894
5452,佶優,23,7,16,元大-桃興,2023-07-25,9894
00795B,中信美國公債20年,16,0,16,元大-桃興,2023-07-25,9894
3114,好德,15,0,15,元大-桃興,2023-07-25,9894
8213,志超,16,1,15,元大-桃興,2023-07-25,9894
3706,神達,23,8,15,元大-桃興,2023-07-25,9894
00633L,富邦上証正2,17,3,14,元大-桃興,2023-07-25,9894
3105,穩懋,14,0,14,元大-桃興,2023-07-25,9894
2368,金像電,20,6,14,元大-桃興,2023-07-25,9894
3515,華擎,19,5,14,元大-桃興,2023-07-25,9894
3231,緯創,29,16,13,元大-桃興,2023-07-25,9894
00764B,群益25年美債,13,0,13,元大-桃興,2023-07-25,9894
2501,國建,13,0,13,元大-桃興,2023-07-25,9894
6278,台表科,13,0,13,元大-桃興,2023-07-25,9894
5439,高技,15,3,12,元大-桃興,2023-07-25,9894
2023,燁輝,12,0,12,元大-桃興,2023-07-25,9894
3037,欣興,40,28,12,元大-桃興,2023-07-25,9894
4746,台耀,17,6,11,元大-桃興,2023-07-25,9894
4906,正文,13,2,11,元大-桃興,2023-07-25,9894
00900,富邦特選高股息30,500,27,473,元大-桃興,2023-07-26,9894
00673R,期元大S＆P原油反1,219,0,219,元大-桃興,2023-07-26,9894
00712,復華富時不動產,91,6,85,元大-桃興,2023-07-26,9894
2390,云辰,85,5,80,元大-桃興,2023-07-26,9894
1609,大亞,80,3,77,元大-桃興,2023-07-26,9894
00929,復華台灣科技優息,54,0,54,元大-桃興,2023-07-26,9894
9105,泰金寶-DR,67,14,53,元大-桃興,2023-07-26,9894
4564,元翎,43,0,43,元大-桃興,2023-07-26,9894
3038,全台,40,0,40,元大-桃興,2023-07-26,9894
1504,東元,169,129,40,元大-桃興,2023-07-26,9894
2354,鴻準,44,4,40,元大-桃興,2023-07-26,9894
2323,中環,40,3,37,元大-桃興,2023-07-26,9894
2501,國建,33,0,33,元大-桃興,2023-07-26,9894
8112,至上,43,10,33,元大-桃興,2023-07-26,9894
2421,建準,45,16,29,元大-桃興,2023-07-26,9894
6112,邁達特,46,18,28,元大-桃興,2023-07-26,9894
8358,金居,60,33,27,元大-桃興,2023-07-26,9894
2405,輔信,32,6,26,元大-桃興,2023-07-26,9894
3706,神達,27,2,25,元大-桃興,2023-07-26,9894
6125,廣運,49,24,25,元大-桃興,2023-07-26,9894
8105,凌巨,25,0,25,元大-桃興,2023-07-26,9894
2356,英業達,39,15,24,元大-桃興,2023-07-26,9894
3088,艾訊,32,8,24,元大-桃興,2023-07-26,9894
2489,瑞軒,26,2,24,元大-桃興,2023-07-26,9894
2303,聯電,26,3,23,元大-桃興,2023-07-26,9894
2337,旺宏,26,3,23,元大-桃興,2023-07-26,9894
4154,樂威科-KY,23,0,23,元大-桃興,2023-07-26,9894
2929,淘帝-KY,23,0,23,元大-桃興,2023-07-26,9894
3044,健鼎,32,9,23,元大-桃興,2023-07-26,9894
3265,台星科,23,1,22,元大-桃興,2023-07-26,9894
8110,華東,22,0,22,元大-桃興,2023-07-26,9894
1310,台苯,34,12,22,元大-桃興,2023-07-26,9894
1618,合機,29,8,21,元大-桃興,2023-07-26,9894
2399,映泰,30,12,18,元大-桃興,2023-07-26,9894
6126,信音,19,1,18,元大-桃興,2023-07-26,9894
4129,聯合,17,1,16,元大-桃興,2023-07-26,9894
00930,永豐ESG低碳高息,15,0,15,元大-桃興,2023-07-26,9894
2344,華邦電,18,3,15,元大-桃興,2023-07-26,9894
4726,永昕,29,14,15,元大-桃興,2023-07-26,9894
2457,飛宏,25,10,15,元大-桃興,2023-07-26,9894
2371,大同,26,12,14,元大-桃興,2023-07-26,9894
6235,華孚,46,32,14,元大-桃興,2023-07-26,9894
6122,擎邦,14,1,13,元大-桃興,2023-07-26,9894
00679B,元大美債20年,19,6,13,元大-桃興,2023-07-26,9894
2352,佳世達,15,2,13,元大-桃興,2023-07-26,9894
5425,台半,13,0,13,元大-桃興,2023-07-26,9894
9938,百和,13,0,13,元大-桃興,2023-07-26,9894
6446,藥華藥,26,14,12,元大-桃興,2023-07-26,9894
00687B,國泰20年美債,12,0,12,元大-桃興,2023-07-26,9894
6275,元山,17,5,12,元大-桃興,2023-07-26,9894
00878,國泰永續高股息,144,34,110,元大-桃興,2023-07-27,9894
6116,彩晶,113,16,97,元大-桃興,2023-07-27,9894
00720B,元大投資級公司債,71,0,71,元大-桃興,2023-07-27,9894
2382,廣達,111,49,62,元大-桃興,2023-07-27,9894
2834,臺企銀,73,11,62,元大-桃興,2023-07-27,9894
3037,欣興,48,7,41,元大-桃興,2023-07-27,9894
00670L,富邦NASDAQ正2,40,0,40,元大-桃興,2023-07-27,9894
00715L,期街口布蘭特正2,52,15,37,元大-桃興,2023-07-27,9894
2884,玉山金,31,0,31,元大-桃興,2023-07-27,9894
2897,王道銀行,29,0,29,元大-桃興,2023-07-27,9894
00902,中信電池及儲能,27,0,27,元大-桃興,2023-07-27,9894
6125,廣運,96,71,25,元大-桃興,2023-07-27,9894
2312,金寶,30,6,24,元大-桃興,2023-07-27,9894
8390,金益鼎,25,3,22,元大-桃興,2023-07-27,9894
9105,泰金寶-DR,22,0,22,元大-桃興,2023-07-27,9894
00632R,元大台灣50反1,57,36,21,元大-桃興,2023-07-27,9894
6213,聯茂,25,4,21,元大-桃興,2023-07-27,9894
2867,三商壽,21,2,19,元大-桃興,2023-07-27,9894
2468,華經,23,4,19,元大-桃興,2023-07-27,9894
3380,明泰,18,1,17,元大-桃興,2023-07-27,9894
3231,緯創,37,22,15,元大-桃興,2023-07-27,9894
00673R,期元大S＆P原油反1,67,52,15,元大-桃興,2023-07-27,9894
2607,榮運,17,2,15,元大-桃興,2023-07-27,9894
9945,潤泰新,15,0,15,元大-桃興,2023-07-27,9894
2301,光寶科,30,16,14,元大-桃興,2023-07-27,9894
2702,華園,14,0,14,元大-桃興,2023-07-27,9894
6015,宏遠證,13,0,13,元大-桃興,2023-07-27,9894
00795B,中信美國公債20年,13,0,13,元大-桃興,2023-07-27,9894
3715,定穎投控,14,1,13,元大-桃興,2023-07-27,9894
6188,廣明,26,13,13,元大-桃興,2023-07-27,9894
00929,復華台灣科技優息,12,0,12,元大-桃興,2023-07-27,9894
2023,燁輝,12,0,12,元大-桃興,2023-07-27,9894
2405,輔信,46,34,12,元大-桃興,2023-07-27,9894
2425,承啟,53,41,12,元大-桃興,2023-07-27,9894
1313,聯成,21,9,12,元大-桃興,2023-07-27,9894
6806,森崴能源,12,0,12,元大-桃興,2023-07-27,9894
00764B,群益25年美債,12,0,12,元大-桃興,2023-07-27,9894
2014,中鴻,13,1,12,元大-桃興,2023-07-27,9894
2324,仁寶,35,23,12,元大-桃興,2023-07-27,9894
3032,偉訓,12,1,11,元大-桃興,2023-07-27,9894
8046,南電,13,2,11,元大-桃興,2023-07-27,9894
2501,國建,11,0,11,元大-桃興,2023-07-27,9894
2453,凌群,25,14,11,元大-桃興,2023-07-27,9894
2317,鴻海,23,12,11,元大-桃興,2023-07-27,9894
3706,神達,18,8,10,元大-桃興,2023-07-27,9894
3138,耀登,10,0,10,元大-桃興,2023-07-27,9894
1781,合世,10,0,10,元大-桃興,2023-07-27,9894
9938,百和,10,0,10,元大-桃興,2023-07-27,9894
00885,富邦越南,10,0,10,元大-桃興,2023-07-27,9894
00923,群益台ESG低碳50,10,0,10,元大-桃興,2023-07-27,9894
2329,華泰,312,164,148,元大-桃興,2023-07-28,9894
2409,友達,194,49,145,元大-桃興,2023-07-28,9894
2897,王道銀行,80,0,80,元大-桃興,2023-07-28,9894
00680L,元大美債20正2,62,0,62,元大-桃興,2023-07-28,9894
1802,台玻,73,13,60,元大-桃興,2023-07-28,9894
2401,凌陽,56,0,56,元大-桃興,2023-07-28,9894
00687B,國泰20年美債,56,0,56,元大-桃興,2023-07-28,9894
00679B,元大美債20年,55,0,55,元大-桃興,2023-07-28,9894
00712,復華富時不動產,49,1,48,元大-桃興,2023-07-28,9894
2867,三商壽,47,0,47,元大-桃興,2023-07-28,9894
00715L,期街口布蘭特正2,51,8,43,元大-桃興,2023-07-28,9894
00676R,富邦臺灣加權反1,40,0,40,元大-桃興,2023-07-28,9894
00772B,中信高評級公司債,37,0,37,元大-桃興,2023-07-28,9894
1903,士紙,37,1,36,元大-桃興,2023-07-28,9894
3264,欣銓,80,45,35,元大-桃興,2023-07-28,9894
2002,中鋼,38,6,32,元大-桃興,2023-07-28,9894
2353,宏��,33,1,32,元大-桃興,2023-07-28,9894
5469,瀚宇博,30,0,30,元大-桃興,2023-07-28,9894
4721,美琪瑪,28,0,28,元大-桃興,2023-07-28,9894
3231,緯創,109,82,27,元大-桃興,2023-07-28,9894
00720B,元大投資級公司債,26,0,26,元大-桃興,2023-07-28,9894
4960,誠美材,26,0,26,元大-桃興,2023-07-28,9894
9105,泰金寶-DR,25,0,25,元大-桃興,2023-07-28,9894
2891,中信金,25,0,25,元大-桃興,2023-07-28,9894
5258,虹堡,31,7,24,元大-桃興,2023-07-28,9894
3037,欣興,41,18,23,元大-桃興,2023-07-28,9894
6282,康舒,46,23,23,元大-桃興,2023-07-28,9894
6443,元晶,23,0,23,元大-桃興,2023-07-28,9894
2618,長榮航,46,24,22,元大-桃興,2023-07-28,9894
00764B,群益25年美債,21,0,21,元大-桃興,2023-07-28,9894
1560,中砂,21,1,20,元大-桃興,2023-07-28,9894
6125,廣運,38,18,20,元大-桃興,2023-07-28,9894
4123,晟德,23,4,19,元大-桃興,2023-07-28,9894
00751B,元大AAA至A公司債,19,0,19,元大-桃興,2023-07-28,9894
2104,國際中橡,20,2,18,元大-桃興,2023-07-28,9894
2317,鴻海,21,4,17,元大-桃興,2023-07-28,9894
00795B,中信美國公債20年,17,0,17,元大-桃興,2023-07-28,9894
2371,大同,24,7,17,元大-桃興,2023-07-28,9894
2204,中華,16,0,16,元大-桃興,2023-07-28,9894
3078,僑威,51,35,16,元大-桃興,2023-07-28,9894
1907,永豐餘,38,22,16,元大-桃興,2023-07-28,9894
2610,華航,22,7,15,元大-桃興,2023-07-28,9894
1904,正隆,25,10,15,元大-桃興,2023-07-28,9894
00773B,中信優先金融債,15,0,15,元大-桃興,2023-07-28,9894
9938,百和,17,2,15,元大-桃興,2023-07-28,9894
2027,大成鋼,20,5,15,元大-桃興,2023-07-28,9894
1612,宏泰,15,1,14,元大-桃興,2023-07-28,9894
2889,國票金,14,0,14,元大-桃興,2023-07-28,9894
2607,榮運,14,0,14,元大-桃興,2023-07-28,9894
2399,映泰,18,4,14,元大-桃興,2023-07-28,9894
5009,榮剛,150,1,149,元大-桃興,2023-07-31,9894
1815,富喬,150,1,149,元大-桃興,2023-07-31,9894
3231,緯創,171,51,120,元大-桃興,2023-07-31,9894
2610,華航,122,6,116,元大-桃興,2023-07-31,9894
2845,遠東銀,172,73,99,元大-桃興,2023-07-31,9894
1618,合機,91,0,91,元大-桃興,2023-07-31,9894
3481,群創,238,165,73,元大-桃興,2023-07-31,9894
00720B,元大投資級公司債,70,1,69,元大-桃興,2023-07-31,9894
2313,華通,66,2,64,元大-桃興,2023-07-31,9894
1806,冠軍,50,0,50,元大-桃興,2023-07-31,9894
2603,長榮,79,30,49,元大-桃興,2023-07-31,9894
2323,中環,86,44,42,元大-桃興,2023-07-31,9894
2382,廣達,85,45,40,元大-桃興,2023-07-31,9894
00665L,富邦�琤肭磪囓�2,50,10,40,元大-桃興,2023-07-31,9894
2405,輔信,46,7,39,元大-桃興,2023-07-31,9894
00632R,元大台灣50反1,52,13,39,元大-桃興,2023-07-31,9894
00929,復華台灣科技優息,62,28,34,元大-桃興,2023-07-31,9894
00676R,富邦臺灣加權反1,40,7,33,元大-桃興,2023-07-31,9894
5425,台半,42,10,32,元大-桃興,2023-07-31,9894
2409,友達,48,17,31,元大-桃興,2023-07-31,9894
1312,國喬,30,0,30,元大-桃興,2023-07-31,9894
3049,精金,28,0,28,元大-桃興,2023-07-31,9894
3033,威健,29,1,28,元大-桃興,2023-07-31,9894
00673R,期元大S＆P原油反1,30,5,25,元大-桃興,2023-07-31,9894
2369,菱生,26,1,25,元大-桃興,2023-07-31,9894
3024,憶聲,25,1,24,元大-桃興,2023-07-31,9894
00706L,期元大S＆P日圓正2,29,6,23,元大-桃興,2023-07-31,9894
4979,華星光,89,67,22,元大-桃興,2023-07-31,9894
2357,華碩,20,0,20,元大-桃興,2023-07-31,9894
2897,王道銀行,20,0,20,元大-桃興,2023-07-31,9894
1305,華夏,25,5,20,元大-桃興,2023-07-31,9894
2607,榮運,20,0,20,元大-桃興,2023-07-31,9894
6285,啟��,27,8,19,元大-桃興,2023-07-31,9894
00679B,元大美債20年,20,1,19,元大-桃興,2023-07-31,9894
5203,訊連,19,0,19,元大-桃興,2023-07-31,9894
2356,英業達,48,31,17,元大-桃興,2023-07-31,9894
2618,長榮航,45,28,17,元大-桃興,2023-07-31,9894
2887,台新金,28,11,17,元大-桃興,2023-07-31,9894
3059,華晶科,19,2,17,元大-桃興,2023-07-31,9894
2363,矽統,22,5,17,元大-桃興,2023-07-31,9894
2002,中鋼,17,1,16,元大-桃興,2023-07-31,9894
8358,金居,27,11,16,元大-桃興,2023-07-31,9894
6271,同欣電,15,0,15,元大-桃興,2023-07-31,9894
2851,中再保,16,1,15,元大-桃興,2023-07-31,9894
1789,神隆,15,1,14,元大-桃興,2023-07-31,9894
3078,僑威,29,15,14,元大-桃興,2023-07-31,9894
3714,富采,13,0,13,元大-桃興,2023-07-31,9894
3037,欣興,29,16,13,元大-桃興,2023-07-31,9894
4157,太景*-KY,12,0,12,元大-桃興,2023-07-31,9894
3265,台星科,16,4,12,元大-桃興,2023-07-31,9894
00665L,富邦�琤肭磪囓�2,90,0,90,元大-桃興,2023-08-01,9894
00929,復華台灣科技優息,83,4,79,元大-桃興,2023-08-01,9894
00885,富邦越南,71,3,68,元大-桃興,2023-08-01,9894
6282,康舒,85,23,62,元大-桃興,2023-08-01,9894
00882,中信中國高股息,47,0,47,元大-桃興,2023-08-01,9894
00878,國泰永續高股息,186,139,47,元大-桃興,2023-08-01,9894
00712,復華富時不動產,56,12,44,元大-桃興,2023-08-01,9894
1513,中興電,54,10,44,元大-桃興,2023-08-01,9894
2913,農林,99,56,43,元大-桃興,2023-08-01,9894
00673R,期元大S＆P原油反1,36,0,36,元大-桃興,2023-08-01,9894
1802,台玻,77,43,34,元大-桃興,2023-08-01,9894
2888,新光金,67,35,32,元大-桃興,2023-08-01,9894
4440,宜新實業,30,0,30,元大-桃興,2023-08-01,9894
2409,友達,46,20,26,元大-桃興,2023-08-01,9894
3105,穩懋,41,17,24,元大-桃興,2023-08-01,9894
3704,合勤控,46,23,23,元大-桃興,2023-08-01,9894
3324,雙鴻,26,4,22,元大-桃興,2023-08-01,9894
00715L,期街口布蘭特正2,23,2,21,元大-桃興,2023-08-01,9894
3163,波若威,50,30,20,元大-桃興,2023-08-01,9894
2337,旺宏,21,1,20,元大-桃興,2023-08-01,9894
1444,力麗,20,0,20,元大-桃興,2023-08-01,9894
3265,台星科,22,3,19,元大-桃興,2023-08-01,9894
2891,中信金,19,2,17,元大-桃興,2023-08-01,9894
4414,如興,15,0,15,元大-桃興,2023-08-01,9894
5388,中磊,37,22,15,元大-桃興,2023-08-01,9894
8409,商之器,14,0,14,元大-桃興,2023-08-01,9894
00680L,元大美債20正2,14,0,14,元大-桃興,2023-08-01,9894
2301,光寶科,64,50,14,元大-桃興,2023-08-01,9894
4979,華星光,113,100,13,元大-桃興,2023-08-01,9894
3591,艾笛森,16,3,13,元大-桃興,2023-08-01,9894
2344,華邦電,20,7,13,元大-桃興,2023-08-01,9894
00633L,富邦上証正2,16,4,12,元大-桃興,2023-08-01,9894
2241,艾姆勒,12,0,12,元大-桃興,2023-08-01,9894
2816,旺旺保,12,0,12,元大-桃興,2023-08-01,9894
2606,裕民,15,3,12,元大-桃興,2023-08-01,9894
3071,協禧,16,5,11,元大-桃興,2023-08-01,9894
3011,今皓,10,0,10,元大-桃興,2023-08-01,9894
3033,威健,10,0,10,元大-桃興,2023-08-01,9894
3041,揚智,10,0,10,元大-桃興,2023-08-01,9894
2889,國票金,10,0,10,元大-桃興,2023-08-01,9894
3029,零壹,17,7,10,元大-桃興,2023-08-01,9894
2369,菱生,10,0,10,元大-桃興,2023-08-01,9894
6796,晉弘,10,0,10,元大-桃興,2023-08-01,9894
6207,雷科,14,4,10,元大-桃興,2023-08-01,9894
8034,榮群,10,0,10,元大-桃興,2023-08-01,9894
00679B,元大美債20年,9,0,9,元大-桃興,2023-08-01,9894
2607,榮運,9,0,9,元大-桃興,2023-08-01,9894
8176,智捷,9,0,9,元大-桃興,2023-08-01,9894
3583,辛耘,25,17,8,元大-桃興,2023-08-01,9894
2634,漢翔,10,2,8,元大-桃興,2023-08-01,9894
2014,中鴻,367,37,330,元大-桃興,2023-08-02,9894
00878,國泰永續高股息,238,118,120,元大-桃興,2023-08-02,9894
0056,元大高股息,156,51,105,元大-桃興,2023-08-02,9894
00929,復華台灣科技優息,96,0,96,元大-桃興,2023-08-02,9894
2002,中鋼,82,0,82,元大-桃興,2023-08-02,9894
1605,華新,198,118,80,元大-桃興,2023-08-02,9894
00632R,元大台灣50反1,162,84,78,元大-桃興,2023-08-02,9894
3231,緯創,108,35,73,元大-桃興,2023-08-02,9894
2312,金寶,73,4,69,元大-桃興,2023-08-02,9894
00712,復華富時不動產,71,11,60,元大-桃興,2023-08-02,9894
6443,元晶,52,1,51,元大-桃興,2023-08-02,9894
3481,群創,51,11,40,元大-桃興,2023-08-02,9894
3037,欣興,60,22,38,元大-桃興,2023-08-02,9894
2884,玉山金,35,1,34,元大-桃興,2023-08-02,9894
2405,輔信,33,0,33,元大-桃興,2023-08-02,9894
6188,廣明,33,2,31,元大-桃興,2023-08-02,9894
2484,希華,31,0,31,元大-桃興,2023-08-02,9894
00720B,元大投資級公司債,30,0,30,元大-桃興,2023-08-02,9894
2618,長榮航,77,47,30,元大-桃興,2023-08-02,9894
00923,群益台ESG低碳50,29,0,29,元大-桃興,2023-08-02,9894
2886,兆豐金,32,3,29,元大-桃興,2023-08-02,9894
5222,全訊,30,2,28,元大-桃興,2023-08-02,9894
6770,力積電,29,2,27,元大-桃興,2023-08-02,9894
00679B,元大美債20年,27,0,27,元大-桃興,2023-08-02,9894
8358,金居,33,6,27,元大-桃興,2023-08-02,9894
1312,國喬,25,1,24,元大-桃興,2023-08-02,9894
1616,億泰,25,2,23,元大-桃興,2023-08-02,9894
3711,日月光投控,23,0,23,元大-桃興,2023-08-02,9894
0050,元大台灣50,26,4,22,元大-桃興,2023-08-02,9894
2498,宏達電,62,41,21,元大-桃興,2023-08-02,9894
2887,台新金,22,1,21,元大-桃興,2023-08-02,9894
6282,康舒,53,33,20,元大-桃興,2023-08-02,9894
2356,英業達,46,27,19,元大-桃興,2023-08-02,9894
2610,華航,32,13,19,元大-桃興,2023-08-02,9894
5347,世界,19,0,19,元大-桃興,2023-08-02,9894
4116,明基醫,19,0,19,元大-桃興,2023-08-02,9894
00888,永豐台灣ESG,18,0,18,元大-桃興,2023-08-02,9894
00680L,元大美債20正2,22,4,18,元大-桃興,2023-08-02,9894
00687B,國泰20年美債,17,0,17,元大-桃興,2023-08-02,9894
2308,台達電,20,4,16,元大-桃興,2023-08-02,9894
2890,永豐金,22,6,16,元大-桃興,2023-08-02,9894
2882,國泰金,19,3,16,元大-桃興,2023-08-02,9894
2603,長榮,29,13,16,元大-桃興,2023-08-02,9894
6535,順藥,15,0,15,元大-桃興,2023-08-02,9894
3044,健鼎,26,11,15,元大-桃興,2023-08-02,9894
2363,矽統,24,10,14,元大-桃興,2023-08-02,9894
4919,新唐,17,3,14,元大-桃興,2023-08-02,9894
8046,南電,16,2,14,元大-桃興,2023-08-02,9894
00764B,群益25年美債,14,0,14,元大-桃興,2023-08-02,9894
2337,旺宏,14,0,14,元大-桃興,2023-08-02,9894
00679B,元大美債20年,378,22,356,元大-桃興,2023-08-04,9894
2408,南亞科,152,1,151,元大-桃興,2023-08-04,9894
2344,華邦電,159,12,147,元大-桃興,2023-08-04,9894
00929,復華台灣科技優息,107,1,106,元大-桃興,2023-08-04,9894
00773B,中信優先金融債,97,0,97,元大-桃興,2023-08-04,9894
1609,大亞,109,19,90,元大-桃興,2023-08-04,9894
2356,英業達,121,60,61,元大-桃興,2023-08-04,9894
00687B,國泰20年美債,54,0,54,元大-桃興,2023-08-04,9894
2481,強茂,51,0,51,元大-桃興,2023-08-04,9894
00772B,中信高評級公司債,46,0,46,元大-桃興,2023-08-04,9894
00720B,元大投資級公司債,46,0,46,元大-桃興,2023-08-04,9894
1905,華紙,80,35,45,元大-桃興,2023-08-04,9894
3715,定穎投控,53,8,45,元大-桃興,2023-08-04,9894
00670L,富邦NASDAQ正2,42,0,42,元大-桃興,2023-08-04,9894
00900,富邦特選高股息30,48,6,42,元大-桃興,2023-08-04,9894
00751B,元大AAA至A公司債,41,0,41,元大-桃興,2023-08-04,9894
2891,中信金,36,0,36,元大-桃興,2023-08-04,9894
00712,復華富時不動產,52,20,32,元大-桃興,2023-08-04,9894
1605,華新,78,49,29,元大-桃興,2023-08-04,9894
00795B,中信美國公債20年,28,2,26,元大-桃興,2023-08-04,9894
1216,統一,26,1,25,元大-桃興,2023-08-04,9894
3231,緯創,152,127,25,元大-桃興,2023-08-04,9894
8215,明基材,24,0,24,元大-桃興,2023-08-04,9894
00665L,富邦�琤肭磪囓�2,24,0,24,元大-桃興,2023-08-04,9894
2301,光寶科,34,12,22,元大-桃興,2023-08-04,9894
4116,明基醫,21,0,21,元大-桃興,2023-08-04,9894
00725B,國泰投資級公司債,21,0,21,元大-桃興,2023-08-04,9894
3583,辛耘,33,13,20,元大-桃興,2023-08-04,9894
2427,三商電,20,0,20,元大-桃興,2023-08-04,9894
2329,華泰,26,8,18,元大-桃興,2023-08-04,9894
3013,晟銘電,40,23,17,元大-桃興,2023-08-04,9894
1727,中華化,16,0,16,元大-桃興,2023-08-04,9894
4746,台耀,22,6,16,元大-桃興,2023-08-04,9894
00764B,群益25年美債,14,0,14,元大-桃興,2023-08-04,9894
4906,正文,17,4,13,元大-桃興,2023-08-04,9894
2031,新光鋼,32,20,12,元大-桃興,2023-08-04,9894
2610,華航,14,3,11,元大-桃興,2023-08-04,9894
00885,富邦越南,11,0,11,元大-桃興,2023-08-04,9894
00688L,國泰20年美債正2,11,0,11,元大-桃興,2023-08-04,9894
2425,承啟,14,3,11,元大-桃興,2023-08-04,9894
2913,農林,115,104,11,元大-桃興,2023-08-04,9894
3576,聯合再生,11,1,10,元大-桃興,2023-08-04,9894
8150,南茂,11,1,10,元大-桃興,2023-08-04,9894
2382,廣達,101,91,10,元大-桃興,2023-08-04,9894
3689,湧德,21,11,10,元大-桃興,2023-08-04,9894
9919,康那香,10,0,10,元大-桃興,2023-08-04,9894
1785,光洋科,14,4,10,元大-桃興,2023-08-04,9894
2206,三陽工業,10,1,9,元大-桃興,2023-08-04,9894
5425,台半,11,2,9,元大-桃興,2023-08-04,9894
3663,鑫科,16,7,9,元大-桃興,2023-08-04,9894
2618,長榮航,123,15,108,元大-桃興,2023-08-07,9894
2913,農林,61,10,51,元大-桃興,2023-08-07,9894
00637L,元大滬深300正2,50,1,49,元大-桃興,2023-08-07,9894
00931B,統一美債20年,46,0,46,元大-桃興,2023-08-07,9894
2610,華航,49,7,42,元大-桃興,2023-08-07,9894
00712,復華富時不動產,42,0,42,元大-桃興,2023-08-07,9894
1210,大成,41,1,40,元大-桃興,2023-08-07,9894
6116,彩晶,35,0,35,元大-桃興,2023-08-07,9894
00929,復華台灣科技優息,40,6,34,元大-桃興,2023-08-07,9894
3706,神達,144,113,31,元大-桃興,2023-08-07,9894
2023,燁輝,30,0,30,元大-桃興,2023-08-07,9894
6016,康和證,34,4,30,元大-桃興,2023-08-07,9894
2890,永豐金,30,0,30,元大-桃興,2023-08-07,9894
00720B,元大投資級公司債,29,0,29,元大-桃興,2023-08-07,9894
2247,汎德永業,30,1,29,元大-桃興,2023-08-07,9894
6026,福邦證,29,0,29,元大-桃興,2023-08-07,9894
5371,中光電,41,14,27,元大-桃興,2023-08-07,9894
00878,國泰永續高股息,112,86,26,元大-桃興,2023-08-07,9894
3596,智易,26,0,26,元大-桃興,2023-08-07,9894
6214,精誠,25,0,25,元大-桃興,2023-08-07,9894
00885,富邦越南,24,0,24,元大-桃興,2023-08-07,9894
00679B,元大美債20年,22,0,22,元大-桃興,2023-08-07,9894
00715L,期街口布蘭特正2,26,4,22,元大-桃興,2023-08-07,9894
00713,元大台灣高息低波,21,0,21,元大-桃興,2023-08-07,9894
1560,中砂,20,0,20,元大-桃興,2023-08-07,9894
3092,鴻碩,32,12,20,元大-桃興,2023-08-07,9894
2353,宏��,28,9,19,元大-桃興,2023-08-07,9894
2352,佳世達,39,20,19,元大-桃興,2023-08-07,9894
2301,光寶科,67,48,19,元大-桃興,2023-08-07,9894
3207,耀勝,21,3,18,元大-桃興,2023-08-07,9894
2409,友達,27,9,18,元大-桃興,2023-08-07,9894
00923,群益台ESG低碳50,18,0,18,元大-桃興,2023-08-07,9894
6530,創威,16,0,16,元大-桃興,2023-08-07,9894
2324,仁寶,30,15,15,元大-桃興,2023-08-07,9894
2891,中信金,17,3,14,元大-桃興,2023-08-07,9894
2630,亞航,19,5,14,元大-桃興,2023-08-07,9894
5347,世界,14,0,14,元大-桃興,2023-08-07,9894
2603,長榮,19,6,13,元大-桃興,2023-08-07,9894
2354,鴻準,16,4,12,元大-桃興,2023-08-07,9894
2104,國際中橡,12,0,12,元大-桃興,2023-08-07,9894
2405,輔信,11,0,11,元大-桃興,2023-08-07,9894
6491,晶碩,12,2,10,元大-桃興,2023-08-07,9894
1313,聯成,10,0,10,元大-桃興,2023-08-07,9894
4916,事欣科,10,0,10,元大-桃興,2023-08-07,9894
8210,勤誠,11,1,10,元大-桃興,2023-08-07,9894
3483,力致,10,0,10,元大-桃興,2023-08-07,9894
1616,億泰,10,0,10,元大-桃興,2023-08-07,9894
2543,皇昌,10,0,10,元大-桃興,2023-08-07,9894
2014,中鴻,20,11,9,元大-桃興,2023-08-07,9894
3044,健鼎,10,1,9,元大-桃興,2023-08-07,9894
00706L,期元大S＆P日圓正2,239,0,239,元大-桃興,2023-08-08,9894
3481,群創,233,39,194,元大-桃興,2023-08-08,9894
00878,國泰永續高股息,151,22,129,元大-桃興,2023-08-08,9894
00929,復華台灣科技優息,113,0,113,元大-桃興,2023-08-08,9894
00900,富邦特選高股息30,88,10,78,元大-桃興,2023-08-08,9894
3231,緯創,202,127,75,元大-桃興,2023-08-08,9894
2022,聚亨,60,0,60,元大-桃興,2023-08-08,9894
2014,中鴻,54,2,52,元大-桃興,2023-08-08,9894
2313,華通,62,12,50,元大-桃興,2023-08-08,9894
2303,聯電,51,4,47,元大-桃興,2023-08-08,9894
1802,台玻,77,31,46,元大-桃興,2023-08-08,9894
2356,英業達,183,140,43,元大-桃興,2023-08-08,9894
00923,群益台ESG低碳50,42,0,42,元大-桃興,2023-08-08,9894
2247,汎德永業,35,0,35,元大-桃興,2023-08-08,9894
00931B,統一美債20年,32,0,32,元大-桃興,2023-08-08,9894
2801,彰銀,31,0,31,元大-桃興,2023-08-08,9894
2382,廣達,106,76,30,元大-桃興,2023-08-08,9894
1210,大成,30,0,30,元大-桃興,2023-08-08,9894
2344,華邦電,28,0,28,元大-桃興,2023-08-08,9894
6770,力積電,30,3,27,元大-桃興,2023-08-08,9894
5483,中美晶,26,0,26,元大-桃興,2023-08-08,9894
8050,廣積,30,4,26,元大-桃興,2023-08-08,9894
2337,旺宏,26,0,26,元大-桃興,2023-08-08,9894
1815,富喬,23,0,23,元大-桃興,2023-08-08,9894
3037,欣興,25,5,20,元大-桃興,2023-08-08,9894
2408,南亞科,18,0,18,元大-桃興,2023-08-08,9894
2891,中信金,19,1,18,元大-桃興,2023-08-08,9894
6278,台表科,17,0,17,元大-桃興,2023-08-08,9894
00751B,元大AAA至A公司債,17,0,17,元大-桃興,2023-08-08,9894
9945,潤泰新,19,2,17,元大-桃興,2023-08-08,9894
2352,佳世達,23,7,16,元大-桃興,2023-08-08,9894
2883,凱基金,16,0,16,元大-桃興,2023-08-08,9894
1524,耿鼎,16,0,16,元大-桃興,2023-08-08,9894
2834,臺企銀,18,2,16,元大-桃興,2023-08-08,9894
0050,元大台灣50,15,0,15,元大-桃興,2023-08-08,9894
2449,京元電子,23,8,15,元大-桃興,2023-08-08,9894
6767,台微醫,15,0,15,元大-桃興,2023-08-08,9894
3163,波若威,31,16,15,元大-桃興,2023-08-08,9894
2867,三商壽,17,2,15,元大-桃興,2023-08-08,9894
8034,榮群,14,0,14,元大-桃興,2023-08-08,9894
4108,懷特,14,0,14,元大-桃興,2023-08-08,9894
3114,好德,14,0,14,元大-桃興,2023-08-08,9894
00720B,元大投資級公司債,13,0,13,元大-桃興,2023-08-08,9894
2745,五福,16,3,13,元大-桃興,2023-08-08,9894
3706,神達,52,39,13,元大-桃興,2023-08-08,9894
2607,榮運,12,0,12,元大-桃興,2023-08-08,9894
2743,山富,12,0,12,元大-桃興,2023-08-08,9894
2301,光寶科,18,6,12,元大-桃興,2023-08-08,9894
3209,全科,11,0,11,元大-桃興,2023-08-08,9894
6016,康和證,14,3,11,元大-桃興,2023-08-08,9894
00929,復華台灣科技優息,83,3,80,元大-桃興,2023-08-09,9894
2344,華邦電,82,14,68,元大-桃興,2023-08-09,9894
5880,合庫金,58,2,56,元大-桃興,2023-08-09,9894
2247,汎德永業,50,0,50,元大-桃興,2023-08-09,9894
00900,富邦特選高股息30,47,1,46,元大-桃興,2023-08-09,9894
5356,協益,43,0,43,元大-桃興,2023-08-09,9894
2002,中鋼,41,0,41,元大-桃興,2023-08-09,9894
1524,耿鼎,40,0,40,元大-桃興,2023-08-09,9894
3231,緯創,125,85,40,元大-桃興,2023-08-09,9894
2023,燁輝,30,0,30,元大-桃興,2023-08-09,9894
2892,第一金,30,1,29,元大-桃興,2023-08-09,9894
2316,楠梓電,25,0,25,元大-桃興,2023-08-09,9894
6220,岳豐,31,6,25,元大-桃興,2023-08-09,9894
2618,長榮航,59,36,23,元大-桃興,2023-08-09,9894
1784,訊聯,24,1,23,元大-桃興,2023-08-09,9894
2201,裕隆,28,6,22,元大-桃興,2023-08-09,9894
00637L,元大滬深300正2,20,0,20,元大-桃興,2023-08-09,9894
6282,康舒,24,5,19,元大-桃興,2023-08-09,9894
2890,永豐金,25,7,18,元大-桃興,2023-08-09,9894
6122,擎邦,24,7,17,元大-桃興,2023-08-09,9894
2027,大成鋼,16,1,15,元大-桃興,2023-08-09,9894
3017,奇鋐,25,10,15,元大-桃興,2023-08-09,9894
00881,國泰台灣5G+,15,1,14,元大-桃興,2023-08-09,9894
00679B,元大美債20年,15,1,14,元大-桃興,2023-08-09,9894
6271,同欣電,14,1,13,元大-桃興,2023-08-09,9894
2303,聯電,17,4,13,元大-桃興,2023-08-09,9894
6235,華孚,16,3,13,元大-桃興,2023-08-09,9894
00927,群益半導體收益,12,0,12,元大-桃興,2023-08-09,9894
00931B,統一美債20年,12,0,12,元大-桃興,2023-08-09,9894
1301,台塑,12,0,12,元大-桃興,2023-08-09,9894
4533,協易機,12,0,12,元大-桃興,2023-08-09,9894
6129,普誠,13,1,12,元大-桃興,2023-08-09,9894
2891,中信金,11,0,11,元大-桃興,2023-08-09,9894
5425,台半,12,1,11,元大-桃興,2023-08-09,9894
2353,宏��,16,5,11,元大-桃興,2023-08-09,9894
3356,奇偶,19,8,11,元大-桃興,2023-08-09,9894
3317,尼克森,11,0,11,元大-桃興,2023-08-09,9894
2382,廣達,72,61,11,元大-桃興,2023-08-09,9894
2354,鴻準,13,3,10,元大-桃興,2023-08-09,9894
4919,新唐,11,1,10,元大-桃興,2023-08-09,9894
3207,耀勝,10,0,10,元大-桃興,2023-08-09,9894
2455,全新,11,1,10,元大-桃興,2023-08-09,9894
1815,富喬,10,0,10,元大-桃興,2023-08-09,9894
2425,承啟,11,1,10,元大-桃興,2023-08-09,9894
6142,友勁,10,0,10,元大-桃興,2023-08-09,9894
00919,群益台灣精選高息,20,10,10,元大-桃興,2023-08-09,9894
1560,中砂,10,0,10,元大-桃興,2023-08-09,9894
4157,太景*-KY,9,0,9,元大-桃興,2023-08-09,9894
3265,台星科,9,0,9,元大-桃興,2023-08-09,9894
3583,辛耘,18,10,8,元大-桃興,2023-08-09,9894
00929,復華台灣科技優息,264,0,264,元大-桃興,2023-08-10,9894
2344,華邦電,154,5,149,元大-桃興,2023-08-10,9894
3481,群創,163,19,144,元大-桃興,2023-08-10,9894
00706L,期元大S＆P日圓正2,127,0,127,元大-桃興,2023-08-10,9894
1802,台玻,120,20,100,元大-桃興,2023-08-10,9894
00900,富邦特選高股息30,93,12,81,元大-桃興,2023-08-10,9894
0056,元大高股息,95,22,73,元大-桃興,2023-08-10,9894
2610,華航,149,77,72,元大-桃興,2023-08-10,9894
6770,力積電,64,0,64,元大-桃興,2023-08-10,9894
3032,偉訓,57,1,56,元大-桃興,2023-08-10,9894
2409,友達,54,0,54,元大-桃興,2023-08-10,9894
6116,彩晶,44,2,42,元大-桃興,2023-08-10,9894
5356,協益,40,0,40,元大-桃興,2023-08-10,9894
00878,國泰永續高股息,98,59,39,元大-桃興,2023-08-10,9894
2247,汎德永業,34,1,33,元大-桃興,2023-08-10,9894
00712,復華富時不動產,36,4,32,元大-桃興,2023-08-10,9894
2368,金像電,41,12,29,元大-桃興,2023-08-10,9894
00923,群益台ESG低碳50,27,0,27,元大-桃興,2023-08-10,9894
2312,金寶,30,3,27,元大-桃興,2023-08-10,9894
2402,毅嘉,30,3,27,元大-桃興,2023-08-10,9894
8050,廣積,27,1,26,元大-桃興,2023-08-10,9894
2516,新建,27,3,24,元大-桃興,2023-08-10,9894
2317,鴻海,27,3,24,元大-桃興,2023-08-10,9894
00888,永豐台灣ESG,23,0,23,元大-桃興,2023-08-10,9894
2329,華泰,34,11,23,元大-桃興,2023-08-10,9894
2337,旺宏,23,1,22,元大-桃興,2023-08-10,9894
8105,凌巨,32,10,22,元大-桃興,2023-08-10,9894
00715L,期街口布蘭特正2,23,1,22,元大-桃興,2023-08-10,9894
00908,富邦入息REITs+,20,0,20,元大-桃興,2023-08-10,9894
2897,王道銀行,20,0,20,元大-桃興,2023-08-10,9894
2354,鴻準,21,1,20,元大-桃興,2023-08-10,9894
3483,力致,61,43,18,元大-桃興,2023-08-10,9894
00891,中信關鍵半導體,18,0,18,元大-桃興,2023-08-10,9894
3209,全科,19,1,18,元大-桃興,2023-08-10,9894
5439,高技,44,26,18,元大-桃興,2023-08-10,9894
8936,國統,17,1,16,元大-桃興,2023-08-10,9894
00680L,元大美債20正2,16,0,16,元大-桃興,2023-08-10,9894
3231,緯創,175,159,16,元大-桃興,2023-08-10,9894
2027,大成鋼,15,0,15,元大-桃興,2023-08-10,9894
2601,益航,16,1,15,元大-桃興,2023-08-10,9894
2002,中鋼,15,0,15,元大-桃興,2023-08-10,9894
00751B,元大AAA至A公司債,14,0,14,元大-桃興,2023-08-10,9894
6235,華孚,17,3,14,元大-桃興,2023-08-10,9894
2883,凱基金,18,5,13,元大-桃興,2023-08-10,9894
6285,啟��,17,4,13,元大-桃興,2023-08-10,9894
00679B,元大美債20年,31,18,13,元大-桃興,2023-08-10,9894
00637L,元大滬深300正2,13,0,13,元大-桃興,2023-08-10,9894
8034,榮群,18,5,13,元大-桃興,2023-08-10,9894
4746,台耀,26,13,13,元大-桃興,2023-08-10,9894
9945,潤泰新,13,0,13,元大-桃興,2023-08-10,9894
00706L,期元大S＆P日圓正2,103,0,103,元大-桃興,2023-08-11,9894
00720B,元大投資級公司債,86,0,86,元大-桃興,2023-08-11,9894
00715L,期街口布蘭特正2,76,1,75,元大-桃興,2023-08-11,9894
3481,群創,73,13,60,元大-桃興,2023-08-11,9894
2892,第一金,55,0,55,元大-桃興,2023-08-11,9894
00923,群益台ESG低碳50,53,0,53,元大-桃興,2023-08-11,9894
6770,力積電,75,22,53,元大-桃興,2023-08-11,9894
2363,矽統,151,102,49,元大-桃興,2023-08-11,9894
2607,榮運,48,0,48,元大-桃興,2023-08-11,9894
00931B,統一美債20年,50,4,46,元大-桃興,2023-08-11,9894
00900,富邦特選高股息30,44,0,44,元大-桃興,2023-08-11,9894
00850,元大臺灣ESG永續,43,0,43,元大-桃興,2023-08-11,9894
00751B,元大AAA至A公司債,40,0,40,元大-桃興,2023-08-11,9894
3483,力致,39,0,39,元大-桃興,2023-08-11,9894
00878,國泰永續高股息,117,82,35,元大-桃興,2023-08-11,9894
00929,復華台灣科技優息,39,5,34,元大-桃興,2023-08-11,9894
2206,三陽工業,35,3,32,元大-桃興,2023-08-11,9894
00891,中信關鍵半導體,32,0,32,元大-桃興,2023-08-11,9894
1217,愛之味,35,3,32,元大-桃興,2023-08-11,9894
2801,彰銀,31,0,31,元大-桃興,2023-08-11,9894
3231,緯創,116,89,27,元大-桃興,2023-08-11,9894
2002,中鋼,31,5,26,元大-桃興,2023-08-11,9894
2618,長榮航,83,59,24,元大-桃興,2023-08-11,9894
3508,位速,24,0,24,元大-桃興,2023-08-11,9894
2610,華航,129,106,23,元大-桃興,2023-08-11,9894
00637L,元大滬深300正2,25,2,23,元大-桃興,2023-08-11,9894
3576,聯合再生,23,0,23,元大-桃興,2023-08-11,9894
00692,富邦公司治理,22,0,22,元大-桃興,2023-08-11,9894
2882,國泰金,22,0,22,元大-桃興,2023-08-11,9894
2030,彰源,22,0,22,元大-桃興,2023-08-11,9894
3308,聯德,32,10,22,元大-桃興,2023-08-11,9894
00882,中信中國高股息,21,0,21,元大-桃興,2023-08-11,9894
6116,彩晶,25,4,21,元大-桃興,2023-08-11,9894
00687B,國泰20年美債,20,0,20,元大-桃興,2023-08-11,9894
6412,群電,20,0,20,元大-桃興,2023-08-11,9894
2886,兆豐金,20,1,19,元大-桃興,2023-08-11,9894
00772B,中信高評級公司債,19,0,19,元大-桃興,2023-08-11,9894
00795B,中信美國公債20年,18,0,18,元大-桃興,2023-08-11,9894
2409,友達,19,1,18,元大-桃興,2023-08-11,9894
2301,光寶科,21,4,17,元大-桃興,2023-08-11,9894
00679B,元大美債20年,15,0,15,元大-桃興,2023-08-11,9894
3581,博磊,23,8,15,元大-桃興,2023-08-11,9894
2027,大成鋼,15,0,15,元大-桃興,2023-08-11,9894
2247,汎德永業,15,0,15,元大-桃興,2023-08-11,9894
3024,憶聲,15,0,15,元大-桃興,2023-08-11,9894
2367,燿華,16,1,15,元大-桃興,2023-08-11,9894
2888,新光金,50,36,14,元大-桃興,2023-08-11,9894
2204,中華,16,2,14,元大-桃興,2023-08-11,9894
6531,愛普*,16,3,13,元大-桃興,2023-08-11,9894
8936,國統,14,1,13,元大-桃興,2023-08-11,9894
00929,復華台灣科技優息,271,6,265,元大-桃興,2023-08-14,9894
00878,國泰永續高股息,227,18,209,元大-桃興,2023-08-14,9894
00900,富邦特選高股息30,167,8,159,元大-桃興,2023-08-14,9894
2618,長榮航,173,48,125,元大-桃興,2023-08-14,9894
2323,中環,97,10,87,元大-桃興,2023-08-14,9894
3481,群創,76,5,71,元大-桃興,2023-08-14,9894
6138,茂達,60,0,60,元大-桃興,2023-08-14,9894
2610,華航,129,72,57,元大-桃興,2023-08-14,9894
2002,中鋼,53,3,50,元大-桃興,2023-08-14,9894
2356,英業達,127,81,46,元大-桃興,2023-08-14,9894
00923,群益台ESG低碳50,43,2,41,元大-桃興,2023-08-14,9894
0050,元大台灣50,39,2,37,元大-桃興,2023-08-14,9894
6770,力積電,64,29,35,元大-桃興,2023-08-14,9894
2834,臺企銀,34,0,34,元大-桃興,2023-08-14,9894
00673R,期元大S＆P原油反1,37,5,32,元大-桃興,2023-08-14,9894
1301,台塑,32,0,32,元大-桃興,2023-08-14,9894
00882,中信中國高股息,34,3,31,元大-桃興,2023-08-14,9894
2408,南亞科,30,1,29,元大-桃興,2023-08-14,9894
2891,中信金,29,1,28,元大-桃興,2023-08-14,9894
3483,力致,55,27,28,元大-桃興,2023-08-14,9894
00637L,元大滬深300正2,33,7,26,元大-桃興,2023-08-14,9894
2886,兆豐金,25,0,25,元大-桃興,2023-08-14,9894
2401,凌陽,29,5,24,元大-桃興,2023-08-14,9894
2247,汎德永業,24,0,24,元大-桃興,2023-08-14,9894
2516,新建,20,0,20,元大-桃興,2023-08-14,9894
6185,幃翔,20,0,20,元大-桃興,2023-08-14,9894
2014,中鴻,24,5,19,元大-桃興,2023-08-14,9894
5469,瀚宇博,22,3,19,元大-桃興,2023-08-14,9894
8105,凌巨,25,6,19,元大-桃興,2023-08-14,9894
2313,華通,22,4,18,元大-桃興,2023-08-14,9894
6235,華孚,18,1,17,元大-桃興,2023-08-14,9894
8069,元太,20,4,16,元大-桃興,2023-08-14,9894
00902,中信電池及儲能,16,0,16,元大-桃興,2023-08-14,9894
3231,緯創,174,159,15,元大-桃興,2023-08-14,9894
00888,永豐台灣ESG,15,0,15,元大-桃興,2023-08-14,9894
2609,陽明,68,53,15,元大-桃興,2023-08-14,9894
2748,雲品,15,0,15,元大-桃興,2023-08-14,9894
3037,欣興,23,8,15,元大-桃興,2023-08-14,9894
2204,中華,29,15,14,元大-桃興,2023-08-14,9894
2890,永豐金,28,14,14,元大-桃興,2023-08-14,9894
00891,中信關鍵半導體,15,1,14,元大-桃興,2023-08-14,9894
2606,裕民,36,22,14,元大-桃興,2023-08-14,9894
8093,保銳,17,3,14,元大-桃興,2023-08-14,9894
2633,台灣高鐵,13,0,13,元大-桃興,2023-08-14,9894
6282,康舒,35,22,13,元大-桃興,2023-08-14,9894
1513,中興電,20,7,13,元大-桃興,2023-08-14,9894
2390,云辰,12,0,12,元大-桃興,2023-08-14,9894
00931B,統一美債20年,12,0,12,元大-桃興,2023-08-14,9894
2458,義隆,13,1,12,元大-桃興,2023-08-14,9894
2402,毅嘉,12,0,12,元大-桃興,2023-08-14,9894
2890,永豐金,148,18,130,元大-桃興,2023-08-15,9894
00923,群益台ESG低碳50,124,0,124,元大-桃興,2023-08-15,9894
2880,華南金,100,0,100,元大-桃興,2023-08-15,9894
00632R,元大台灣50反1,132,57,75,元大-桃興,2023-08-15,9894
00929,復華台灣科技優息,76,4,72,元大-桃興,2023-08-15,9894
2883,凱基金,59,0,59,元大-桃興,2023-08-15,9894
00850,元大臺灣ESG永續,58,0,58,元大-桃興,2023-08-15,9894
3044,健鼎,74,19,55,元大-桃興,2023-08-15,9894
00878,國泰永續高股息,142,100,42,元大-桃興,2023-08-15,9894
1603,華電,41,0,41,元大-桃興,2023-08-15,9894
00900,富邦特選高股息30,50,13,37,元大-桃興,2023-08-15,9894
2547,日勝生,37,0,37,元大-桃興,2023-08-15,9894
1319,東陽,54,21,33,元大-桃興,2023-08-15,9894
6770,力積電,30,0,30,元大-桃興,2023-08-15,9894
2425,承啟,33,4,29,元大-桃興,2023-08-15,9894
3078,僑威,102,75,27,元大-桃興,2023-08-15,9894
00907,永豐優息存股,24,0,24,元大-桃興,2023-08-15,9894
00720B,元大投資級公司債,24,0,24,元大-桃興,2023-08-15,9894
2886,兆豐金,23,1,22,元大-桃興,2023-08-15,9894
00712,復華富時不動產,23,2,21,元大-桃興,2023-08-15,9894
3290,東浦,21,0,21,元大-桃興,2023-08-15,9894
3715,定穎投控,41,20,21,元大-桃興,2023-08-15,9894
6214,精誠,20,0,20,元大-桃興,2023-08-15,9894
3209,全科,19,0,19,元大-桃興,2023-08-15,9894
8048,德勝,19,0,19,元大-桃興,2023-08-15,9894
5371,中光電,17,1,16,元大-桃興,2023-08-15,9894
00772B,中信高評級公司債,15,0,15,元大-桃興,2023-08-15,9894
2501,國建,15,0,15,元大-桃興,2023-08-15,9894
2027,大成鋼,13,0,13,元大-桃興,2023-08-15,9894
00751B,元大AAA至A公司債,13,0,13,元大-桃興,2023-08-15,9894
5880,合庫金,13,0,13,元大-桃興,2023-08-15,9894
2887,台新金,21,9,12,元大-桃興,2023-08-15,9894
2409,友達,13,1,12,元大-桃興,2023-08-15,9894
00713,元大台灣高息低波,12,0,12,元大-桃興,2023-08-15,9894
4173,久裕,12,0,12,元大-桃興,2023-08-15,9894
3583,辛耘,24,12,12,元大-桃興,2023-08-15,9894
3308,聯德,16,4,12,元大-桃興,2023-08-15,9894
2382,廣達,86,74,12,元大-桃興,2023-08-15,9894
2330,台積電,12,1,11,元大-桃興,2023-08-15,9894
00665L,富邦�琤肭磪囓�2,21,10,11,元大-桃興,2023-08-15,9894
2481,強茂,21,10,11,元大-桃興,2023-08-15,9894
2367,燿華,12,1,11,元大-桃興,2023-08-15,9894
1102,亞泥,12,1,11,元大-桃興,2023-08-15,9894
1101,台泥,10,0,10,元大-桃興,2023-08-15,9894
5347,世界,10,0,10,元大-桃興,2023-08-15,9894
5907,大洋-KY,10,0,10,元大-桃興,2023-08-15,9894
00773B,中信優先金融債,10,0,10,元大-桃興,2023-08-15,9894
9933,中鼎,10,0,10,元大-桃興,2023-08-15,9894
6153,嘉聯益,10,0,10,元大-桃興,2023-08-15,9894
6142,友勁,10,0,10,元大-桃興,2023-08-15,9894
00637L,元大滬深300正2,389,1,388,元大-桃興,2023-08-16,9894
00632R,元大台灣50反1,130,1,129,元大-桃興,2023-08-16,9894
2890,永豐金,114,2,112,元大-桃興,2023-08-16,9894
2610,華航,214,110,104,元大-桃興,2023-08-16,9894
2303,聯電,104,4,100,元大-桃興,2023-08-16,9894
00929,復華台灣科技優息,112,17,95,元大-桃興,2023-08-16,9894
00878,國泰永續高股息,107,32,75,元大-桃興,2023-08-16,9894
00923,群益台ESG低碳50,66,0,66,元大-桃興,2023-08-16,9894
1101,台泥,64,2,62,元大-桃興,2023-08-16,9894
2618,長榮航,79,29,50,元大-桃興,2023-08-16,9894
2892,第一金,48,0,48,元大-桃興,2023-08-16,9894
2886,兆豐金,45,0,45,元大-桃興,2023-08-16,9894
2547,日勝生,39,0,39,元大-桃興,2023-08-16,9894
3078,僑威,76,37,39,元大-桃興,2023-08-16,9894
2104,國際中橡,30,0,30,元大-桃興,2023-08-16,9894
3481,群創,53,23,30,元大-桃興,2023-08-16,9894
2204,中華,33,6,27,元大-桃興,2023-08-16,9894
6275,元山,40,14,26,元大-桃興,2023-08-16,9894
00900,富邦特選高股息30,30,6,24,元大-桃興,2023-08-16,9894
5880,合庫金,23,0,23,元大-桃興,2023-08-16,9894
8390,金益鼎,22,0,22,元大-桃興,2023-08-16,9894
00751B,元大AAA至A公司債,20,0,20,元大-桃興,2023-08-16,9894
6757,台灣虎航,20,0,20,元大-桃興,2023-08-16,9894
1802,台玻,45,26,19,元大-桃興,2023-08-16,9894
6191,精成科,27,9,18,元大-桃興,2023-08-16,9894
6125,廣運,26,8,18,元大-桃興,2023-08-16,9894
0050,元大台灣50,21,3,18,元大-桃興,2023-08-16,9894
2603,長榮,60,43,17,元大-桃興,2023-08-16,9894
2884,玉山金,19,1,18,元大-桃興,2023-08-16,9894
00882,中信中國高股息,24,6,18,元大-桃興,2023-08-16,9894
2329,華泰,59,42,17,元大-桃興,2023-08-16,9894
2316,楠梓電,18,1,17,元大-桃興,2023-08-16,9894
1301,台塑,16,0,16,元大-桃興,2023-08-16,9894
6770,力積電,19,3,16,元大-桃興,2023-08-16,9894
00676R,富邦臺灣加權反1,16,0,16,元大-桃興,2023-08-16,9894
6116,彩晶,16,0,16,元大-桃興,2023-08-16,9894
00679B,元大美債20年,16,1,15,元大-桃興,2023-08-16,9894
00888,永豐台灣ESG,15,0,15,元大-桃興,2023-08-16,9894
00795B,中信美國公債20年,15,0,15,元大-桃興,2023-08-16,9894
2486,一詮,15,0,15,元大-桃興,2023-08-16,9894
8930,青鋼,15,0,15,元大-桃興,2023-08-16,9894
8069,元太,32,18,14,元大-桃興,2023-08-16,9894
3032,偉訓,15,1,14,元大-桃興,2023-08-16,9894
1304,台聚,13,0,13,元大-桃興,2023-08-16,9894
00896,中信綠能及電動車,13,0,13,元大-桃興,2023-08-16,9894
3260,威剛,14,1,13,元大-桃興,2023-08-16,9894
3037,欣興,22,9,13,元大-桃興,2023-08-16,9894
2317,鴻海,25,12,13,元大-桃興,2023-08-16,9894
00773B,中信優先金融債,13,1,12,元大-桃興,2023-08-16,9894
3013,晟銘電,19,7,12,元大-桃興,2023-08-16,9894
00680L,元大美債20正2,137,0,137,元大-桃興,2023-08-17,9894
3231,緯創,283,156,127,元大-桃興,2023-08-17,9894
00706L,期元大S＆P日圓正2,115,9,106,元大-桃興,2023-08-17,9894
00632R,元大台灣50反1,132,28,104,元大-桃興,2023-08-17,9894
00687B,國泰20年美債,89,0,89,元大-桃興,2023-08-17,9894
00929,復華台灣科技優息,132,46,86,元大-桃興,2023-08-17,9894
2002,中鋼,81,0,81,元大-桃興,2023-08-17,9894
00772B,中信高評級公司債,69,0,69,元大-桃興,2023-08-17,9894
00773B,中信優先金融債,62,0,62,元大-桃興,2023-08-17,9894
00751B,元大AAA至A公司債,49,0,49,元大-桃興,2023-08-17,9894
00720B,元大投資級公司債,43,0,43,元大-桃興,2023-08-17,9894
00712,復華富時不動產,44,1,43,元大-桃興,2023-08-17,9894
2324,仁寶,127,87,40,元大-桃興,2023-08-17,9894
00676R,富邦臺灣加權反1,40,0,40,元大-桃興,2023-08-17,9894
00679B,元大美債20年,39,1,38,元大-桃興,2023-08-17,9894
2329,華泰,89,56,33,元大-桃興,2023-08-17,9894
3325,旭品,63,31,32,元大-桃興,2023-08-17,9894
2886,兆豐金,31,1,30,元大-桃興,2023-08-17,9894
00913,兆豐台灣晶圓製造,29,0,29,元大-桃興,2023-08-17,9894
1471,首利,28,1,27,元大-桃興,2023-08-17,9894
2618,長榮航,69,43,26,元大-桃興,2023-08-17,9894
3380,明泰,25,0,25,元大-桃興,2023-08-17,9894
2892,第一金,24,0,24,元大-桃興,2023-08-17,9894
2393,億光,22,0,22,元大-桃興,2023-08-17,9894
1609,大亞,58,38,20,元大-桃興,2023-08-17,9894
8050,廣積,24,4,20,元大-桃興,2023-08-17,9894
00708L,期元大S＆P黃金正2,20,0,20,元大-桃興,2023-08-17,9894
3105,穩懋,21,1,20,元大-桃興,2023-08-17,9894
6770,力積電,22,3,19,元大-桃興,2023-08-17,9894
2606,裕民,30,11,19,元大-桃興,2023-08-17,9894
00900,富邦特選高股息30,19,0,19,元大-桃興,2023-08-17,9894
1301,台塑,16,0,16,元大-桃興,2023-08-17,9894
2745,五福,24,8,16,元大-桃興,2023-08-17,9894
3021,鴻名,17,1,16,元大-桃興,2023-08-17,9894
2890,永豐金,16,0,16,元大-桃興,2023-08-17,9894
2881,富邦金,15,0,15,元大-桃興,2023-08-17,9894
00753L,中信中國50正2,13,0,13,元大-桃興,2023-08-17,9894
00895,富邦未來車,13,0,13,元大-桃興,2023-08-17,9894
1605,華新,16,3,13,元大-桃興,2023-08-17,9894
6153,嘉聯益,12,0,12,元大-桃興,2023-08-17,9894
00764B,群益25年美債,12,0,12,元大-桃興,2023-08-17,9894
2419,仲琦,12,0,12,元大-桃興,2023-08-17,9894
00782B,國泰A級公用債,12,0,12,元大-桃興,2023-08-17,9894
9929,秋雨,11,0,11,元大-桃興,2023-08-17,9894
2834,臺企銀,11,0,11,元大-桃興,2023-08-17,9894
3483,力致,21,10,11,元大-桃興,2023-08-17,9894
6550,北極星藥業-KY,12,1,11,元大-桃興,2023-08-17,9894
00885,富邦越南,20,10,10,元大-桃興,2023-08-17,9894
2031,新光鋼,14,4,10,元大-桃興,2023-08-17,9894
4979,華星光,10,0,10,元大-桃興,2023-08-17,9894
3231,緯創,365,202,163,元大-桃興,2023-08-18,9894
00929,復華台灣科技優息,172,15,157,元大-桃興,2023-08-18,9894
00706L,期元大S＆P日圓正2,143,0,143,元大-桃興,2023-08-18,9894
2323,中環,93,9,84,元大-桃興,2023-08-18,9894
2892,第一金,83,0,83,元大-桃興,2023-08-18,9894
00878,國泰永續高股息,112,47,65,元大-桃興,2023-08-18,9894
2610,華航,86,25,61,元大-桃興,2023-08-18,9894
2382,廣達,163,107,56,元大-桃興,2023-08-18,9894
00669R,國泰美國道瓊反1,50,1,49,元大-桃興,2023-08-18,9894
00891,中信關鍵半導體,52,4,48,元大-桃興,2023-08-18,9894
2363,矽統,210,174,36,元大-桃興,2023-08-18,9894
00720B,元大投資級公司債,44,10,34,元大-桃興,2023-08-18,9894
00680L,元大美債20正2,53,21,32,元大-桃興,2023-08-18,9894
2312,金寶,30,0,30,元大-桃興,2023-08-18,9894
3483,力致,37,10,27,元大-桃興,2023-08-18,9894
2618,長榮航,35,12,23,元大-桃興,2023-08-18,9894
2356,英業達,110,88,22,元大-桃興,2023-08-18,9894
3163,波若威,33,12,21,元大-桃興,2023-08-18,9894
3056,富華新,21,0,21,元大-桃興,2023-08-18,9894
1504,東元,37,17,20,元大-桃興,2023-08-18,9894
2516,新建,24,4,20,元大-桃興,2023-08-18,9894
2903,遠百,20,0,20,元大-桃興,2023-08-18,9894
2032,新鋼,20,0,20,元大-桃興,2023-08-18,9894
5381,合正,20,0,20,元大-桃興,2023-08-18,9894
2368,金像電,44,24,20,元大-桃興,2023-08-18,9894
2344,華邦電,25,6,19,元大-桃興,2023-08-18,9894
00632R,元大台灣50反1,101,84,17,元大-桃興,2023-08-18,9894
2324,仁寶,118,101,17,元大-桃興,2023-08-18,9894
2886,兆豐金,16,0,16,元大-桃興,2023-08-18,9894
3706,神達,83,68,15,元大-桃興,2023-08-18,9894
6203,海韻電,15,0,15,元大-桃興,2023-08-18,9894
4909,新復興,22,8,14,元大-桃興,2023-08-18,9894
2355,敬鵬,15,2,13,元大-桃興,2023-08-18,9894
2352,佳世達,15,2,13,元大-桃興,2023-08-18,9894
2376,技嘉,19,7,12,元大-桃興,2023-08-18,9894
2023,燁輝,12,0,12,元大-桃興,2023-08-18,9894
6274,台燿,31,19,12,元大-桃興,2023-08-18,9894
00713,元大台灣高息低波,12,1,11,元大-桃興,2023-08-18,9894
2204,中華,13,2,11,元大-桃興,2023-08-18,9894
00665L,富邦�琤肭磪囓�2,11,0,11,元大-桃興,2023-08-18,9894
2884,玉山金,11,0,11,元大-桃興,2023-08-18,9894
00881,國泰台灣5G+,11,1,10,元大-桃興,2023-08-18,9894
6188,廣明,16,6,10,元大-桃興,2023-08-18,9894
1467,南緯,10,0,10,元大-桃興,2023-08-18,9894
00795B,中信美國公債20年,11,1,10,元大-桃興,2023-08-18,9894
2367,燿華,10,0,10,元大-桃興,2023-08-18,9894
2615,萬海,31,21,10,元大-桃興,2023-08-18,9894
2913,農林,14,4,10,元大-桃興,2023-08-18,9894
00923,群益台ESG低碳50,9,0,9,元大-桃興,2023-08-18,9894
2301,光寶科,29,21,8,元大-桃興,2023-08-18,9894
00632R,元大台灣50反1,134,12,122,元大-桃興,2023-08-21,9894
2606,裕民,113,36,77,元大-桃興,2023-08-21,9894
00929,復華台灣科技優息,71,11,60,元大-桃興,2023-08-21,9894
5608,四維航,56,6,50,元大-桃興,2023-08-21,9894
2603,長榮,93,51,42,元大-桃興,2023-08-21,9894
2897,王道銀行,40,0,40,元大-桃興,2023-08-21,9894
2607,榮運,60,24,36,元大-桃興,2023-08-21,9894
00772B,中信高評級公司債,32,0,32,元大-桃興,2023-08-21,9894
2618,長榮航,38,7,31,元大-桃興,2023-08-21,9894
1217,愛之味,30,0,30,元大-桃興,2023-08-21,9894
2023,燁輝,29,0,29,元大-桃興,2023-08-21,9894
00882,中信中國高股息,38,10,28,元大-桃興,2023-08-21,9894
00673R,期元大S＆P原油反1,28,1,27,元大-桃興,2023-08-21,9894
2382,廣達,54,29,25,元大-桃興,2023-08-21,9894
1301,台塑,23,0,23,元大-桃興,2023-08-21,9894
6108,競國,22,0,22,元大-桃興,2023-08-21,9894
2845,遠東銀,22,0,22,元大-桃興,2023-08-21,9894
00637L,元大滬深300正2,27,7,20,元大-桃興,2023-08-21,9894
6770,力積電,34,14,20,元大-桃興,2023-08-21,9894
00687B,國泰20年美債,21,2,19,元大-桃興,2023-08-21,9894
4906,正文,32,13,19,元大-桃興,2023-08-21,9894
1802,台玻,37,20,17,元大-桃興,2023-08-21,9894
2609,陽明,29,12,17,元大-桃興,2023-08-21,9894
2485,兆赫,17,0,17,元大-桃興,2023-08-21,9894
2886,兆豐金,21,5,16,元大-桃興,2023-08-21,9894
1589,永冠-KY,15,0,15,元大-桃興,2023-08-21,9894
1513,中興電,18,4,14,元大-桃興,2023-08-21,9894
9904,寶成,13,0,13,元大-桃興,2023-08-21,9894
3265,台星科,13,0,13,元大-桃興,2023-08-21,9894
0050,元大台灣50,13,1,12,元大-桃興,2023-08-21,9894
00795B,中信美國公債20年,12,0,12,元大-桃興,2023-08-21,9894
2314,台揚,11,0,11,元大-桃興,2023-08-21,9894
1101,台泥,11,0,11,元大-桃興,2023-08-21,9894
2881,富邦金,11,0,11,元大-桃興,2023-08-21,9894
2324,仁寶,30,20,10,元大-桃興,2023-08-21,9894
2402,毅嘉,14,4,10,元大-桃興,2023-08-21,9894
00679B,元大美債20年,9,0,9,元大-桃興,2023-08-21,9894
2891,中信金,10,1,9,元大-桃興,2023-08-21,9894
5347,世界,9,0,9,元大-桃興,2023-08-21,9894
2388,威盛,17,8,9,元大-桃興,2023-08-21,9894
1471,首利,10,1,9,元大-桃興,2023-08-21,9894
00712,復華富時不動產,10,1,9,元大-桃興,2023-08-21,9894
3689,湧德,15,6,9,元大-桃興,2023-08-21,9894
00751B,元大AAA至A公司債,11,3,8,元大-桃興,2023-08-21,9894
2371,大同,8,0,8,元大-桃興,2023-08-21,9894
2002,中鋼,9,1,8,元大-桃興,2023-08-21,9894
00753L,中信中國50正2,7,0,7,元大-桃興,2023-08-21,9894
2882,國泰金,10,3,7,元大-桃興,2023-08-21,9894
1504,東元,15,8,7,元大-桃興,2023-08-21,9894
2317,鴻海,8,1,7,元大-桃興,2023-08-21,9894
3024,憶聲,262,10,252,元大-桃興,2023-08-22,9894
2363,矽統,258,154,104,元大-桃興,2023-08-22,9894
1471,首利,91,6,85,元大-桃興,2023-08-22,9894
00673R,期元大S＆P原油反1,60,0,60,元大-桃興,2023-08-22,9894
2356,英業達,85,27,58,元大-桃興,2023-08-22,9894
2913,農林,52,0,52,元大-桃興,2023-08-22,9894
2324,仁寶,111,63,48,元大-桃興,2023-08-22,9894
3706,神達,78,31,47,元大-桃興,2023-08-22,9894
2607,榮運,34,2,32,元大-桃興,2023-08-22,9894
2359,所羅門,35,3,32,元大-桃興,2023-08-22,9894
1301,台塑,27,0,27,元大-桃興,2023-08-22,9894
2603,長榮,30,5,25,元大-桃興,2023-08-22,9894
6153,嘉聯益,22,0,22,元大-桃興,2023-08-22,9894
2371,大同,34,12,22,元大-桃興,2023-08-22,9894
00751B,元大AAA至A公司債,26,5,21,元大-桃興,2023-08-22,9894
3038,全台,20,0,20,元大-桃興,2023-08-22,9894
3035,智原,26,7,19,元大-桃興,2023-08-22,9894
3163,波若威,34,16,18,元大-桃興,2023-08-22,9894
2355,敬鵬,23,5,18,元大-桃興,2023-08-22,9894
3693,營邦,22,4,18,元大-桃興,2023-08-22,9894
2883,凱基金,18,0,18,元大-桃興,2023-08-22,9894
00893,國泰智能電動車,18,2,16,元大-桃興,2023-08-22,9894
00900,富邦特選高股息30,16,0,16,元大-桃興,2023-08-22,9894
6282,康舒,24,9,15,元大-桃興,2023-08-22,9894
00878,國泰永續高股息,22,7,15,元大-桃興,2023-08-22,9894
3118,進階,15,0,15,元大-桃興,2023-08-22,9894
2340,台亞,15,0,15,元大-桃興,2023-08-22,9894
2002,中鋼,20,6,14,元大-桃興,2023-08-22,9894
2886,兆豐金,14,0,14,元大-桃興,2023-08-22,9894
3037,欣興,28,14,14,元大-桃興,2023-08-22,9894
1101,台泥,15,1,14,元大-桃興,2023-08-22,9894
2332,友訊,31,18,13,元大-桃興,2023-08-22,9894
6125,廣運,78,65,13,元大-桃興,2023-08-22,9894
00706L,期元大S＆P日圓正2,13,0,13,元大-桃興,2023-08-22,9894
6194,育富,13,0,13,元大-桃興,2023-08-22,9894
00931B,統一美債20年,15,2,13,元大-桃興,2023-08-22,9894
3324,雙鴻,16,4,12,元大-桃興,2023-08-22,9894
2442,新美齊,12,0,12,元大-桃興,2023-08-22,9894
2891,中信金,11,0,11,元大-桃興,2023-08-22,9894
2027,大成鋼,11,0,11,元大-桃興,2023-08-22,9894
2393,億光,11,0,11,元大-桃興,2023-08-22,9894
6108,競國,11,0,11,元大-桃興,2023-08-22,9894
00633L,富邦上証正2,11,0,11,元大-桃興,2023-08-22,9894
2867,三商壽,10,0,10,元大-桃興,2023-08-22,9894
2881,富邦金,10,0,10,元大-桃興,2023-08-22,9894
00676R,富邦臺灣加權反1,10,0,10,元大-桃興,2023-08-22,9894
4915,致伸,11,1,10,元大-桃興,2023-08-22,9894
1609,大亞,10,0,10,元大-桃興,2023-08-22,9894
6122,擎邦,14,4,10,元大-桃興,2023-08-22,9894
3011,今皓,10,0,10,元大-桃興,2023-08-22,9894
3013,晟銘電,151,96,55,元大-桃興,2023-08-23,9894
2618,長榮航,131,76,55,元大-桃興,2023-08-23,9894
00669R,國泰美國道瓊反1,50,0,50,元大-桃興,2023-08-23,9894
2421,建準,48,3,45,元大-桃興,2023-08-23,9894
2331,精英,53,9,44,元大-桃興,2023-08-23,9894
3044,健鼎,60,16,44,元大-桃興,2023-08-23,9894
2481,強茂,40,0,40,元大-桃興,2023-08-23,9894
00929,復華台灣科技優息,58,19,39,元大-桃興,2023-08-23,9894
6585,鼎基,53,15,38,元大-桃興,2023-08-23,9894
1540,喬福,30,0,30,元大-桃興,2023-08-23,9894
2890,永豐金,30,3,27,元大-桃興,2023-08-23,9894
3037,欣興,29,7,22,元大-桃興,2023-08-23,9894
1101,台泥,21,0,21,元大-桃興,2023-08-23,9894
3163,波若威,43,23,20,元大-桃興,2023-08-23,9894
2538,基泰,20,0,20,元大-桃興,2023-08-23,9894
1316,上曜,19,0,19,元大-桃興,2023-08-23,9894
1737,臺鹽,21,2,19,元大-桃興,2023-08-23,9894
5356,協益,19,0,19,元大-桃興,2023-08-23,9894
8050,廣積,22,5,17,元大-桃興,2023-08-23,9894
3380,明泰,19,2,17,元大-桃興,2023-08-23,9894
2002,中鋼,18,1,17,元大-桃興,2023-08-23,9894
3206,志豐,18,2,16,元大-桃興,2023-08-23,9894
00900,富邦特選高股息30,16,0,16,元大-桃興,2023-08-23,9894
2382,廣達,38,25,13,元大-桃興,2023-08-23,9894
2455,全新,14,1,13,元大-桃興,2023-08-23,9894
00680L,元大美債20正2,13,0,13,元大-桃興,2023-08-23,9894
2329,華泰,35,22,13,元大-桃興,2023-08-23,9894
2301,光寶科,36,24,12,元大-桃興,2023-08-23,9894
8028,昇陽半導體,12,0,12,元大-桃興,2023-08-23,9894
1609,大亞,11,0,11,元大-桃興,2023-08-23,9894
2882,國泰金,11,0,11,元大-桃興,2023-08-23,9894
3324,雙鴻,11,0,11,元大-桃興,2023-08-23,9894
1455,集盛,11,0,11,元大-桃興,2023-08-23,9894
4744,皇將,11,0,11,元大-桃興,2023-08-23,9894
2316,楠梓電,12,1,11,元大-桃興,2023-08-23,9894
4147,中裕,15,4,11,元大-桃興,2023-08-23,9894
0050,元大台灣50,16,6,10,元大-桃興,2023-08-23,9894
5388,中磊,19,9,10,元大-桃興,2023-08-23,9894
1217,愛之味,10,0,10,元大-桃興,2023-08-23,9894
4167,松瑞藥,10,0,10,元大-桃興,2023-08-23,9894
00923,群益台ESG低碳50,11,1,10,元大-桃興,2023-08-23,9894
00676R,富邦臺灣加權反1,10,0,10,元大-桃興,2023-08-23,9894
6128,上福,10,0,10,元大-桃興,2023-08-23,9894
3005,神基,11,1,10,元大-桃興,2023-08-23,9894
2884,玉山金,10,0,10,元大-桃興,2023-08-23,9894
1513,中興電,13,4,9,元大-桃興,2023-08-23,9894
2607,榮運,8,0,8,元大-桃興,2023-08-23,9894
00631L,元大台灣50正2,8,0,8,元大-桃興,2023-08-23,9894
6741,91APP*-KY,8,0,8,元大-桃興,2023-08-23,9894
3325,旭品,12,4,8,元大-桃興,2023-08-23,9894
2880,華南金,491,5,486,元大-桃興,2023-08-24,9894
3231,緯創,358,263,95,元大-桃興,2023-08-24,9894
00919,群益台灣精選高息,72,0,72,元大-桃興,2023-08-24,9894
2382,廣達,138,80,58,元大-桃興,2023-08-24,9894
2002,中鋼,53,1,52,元大-桃興,2023-08-24,9894
2634,漢翔,122,71,51,元大-桃興,2023-08-24,9894
00671R,富邦NASDAQ反1,50,0,50,元大-桃興,2023-08-24,9894
3013,晟銘電,87,45,42,元大-桃興,2023-08-24,9894
3071,協禧,43,7,36,元大-桃興,2023-08-24,9894
3025,星通,31,0,31,元大-桃興,2023-08-24,9894
00751B,元大AAA至A公司債,40,10,30,元大-桃興,2023-08-24,9894
2882,國泰金,38,9,29,元大-桃興,2023-08-24,9894
3576,聯合再生,24,1,23,元大-桃興,2023-08-24,9894
2890,永豐金,30,7,23,元大-桃興,2023-08-24,9894
2607,榮運,32,10,22,元大-桃興,2023-08-24,9894
3715,定穎投控,54,32,22,元大-桃興,2023-08-24,9894
2324,仁寶,79,58,21,元大-桃興,2023-08-24,9894
00929,復華台灣科技優息,78,57,21,元大-桃興,2023-08-24,9894
00734B,台新JPM新興債,20,0,20,元大-桃興,2023-08-24,9894
00712,復華富時不動產,20,1,19,元大-桃興,2023-08-24,9894
1616,億泰,18,0,18,元大-桃興,2023-08-24,9894
1504,東元,31,14,17,元大-桃興,2023-08-24,9894
5425,台半,16,0,16,元大-桃興,2023-08-24,9894
00923,群益台ESG低碳50,16,0,16,元大-桃興,2023-08-24,9894
00931B,統一美債20年,15,0,15,元大-桃興,2023-08-24,9894
2601,益航,18,3,15,元大-桃興,2023-08-24,9894
2883,凱基金,15,0,15,元大-桃興,2023-08-24,9894
6125,廣運,37,23,14,元大-桃興,2023-08-24,9894
6770,力積電,14,0,14,元大-桃興,2023-08-24,9894
3264,欣銓,14,1,13,元大-桃興,2023-08-24,9894
2344,華邦電,18,5,13,元大-桃興,2023-08-24,9894
6116,彩晶,12,0,12,元大-桃興,2023-08-24,9894
2367,燿華,12,0,12,元大-桃興,2023-08-24,9894
4157,太景*-KY,12,0,12,元大-桃興,2023-08-24,9894
4167,松瑞藥,12,0,12,元大-桃興,2023-08-24,9894
6191,精成科,15,3,12,元大-桃興,2023-08-24,9894
2449,京元電子,68,57,11,元大-桃興,2023-08-24,9894
00679B,元大美債20年,11,0,11,元大-桃興,2023-08-24,9894
1802,台玻,13,2,11,元大-桃興,2023-08-24,9894
3024,憶聲,11,0,11,元大-桃興,2023-08-24,9894
2603,長榮,26,15,11,元大-桃興,2023-08-24,9894
3217,優群,17,6,11,元大-桃興,2023-08-24,9894
2515,中工,11,0,11,元大-桃興,2023-08-24,9894
2609,陽明,18,8,10,元大-桃興,2023-08-24,9894
6167,久正,27,17,10,元大-桃興,2023-08-24,9894
6026,福邦證,10,0,10,元大-桃興,2023-08-24,9894
2883B,凱基金乙特,10,0,10,元大-桃興,2023-08-24,9894
2468,華經,11,1,10,元大-桃興,2023-08-24,9894
8112,至上,12,3,9,元大-桃興,2023-08-24,9894
2801,彰銀,10,1,9,元大-桃興,2023-08-24,9894
00878,國泰永續高股息,834,30,804,元大-桃興,2023-08-25,9894
00706L,期元大S＆P日圓正2,191,0,191,元大-桃興,2023-08-25,9894
00929,復華台灣科技優息,195,11,184,元大-桃興,2023-08-25,9894
3231,緯創,292,139,153,元大-桃興,2023-08-25,9894
00680L,元大美債20正2,110,0,110,元大-桃興,2023-08-25,9894
00671R,富邦NASDAQ反1,100,0,100,元大-桃興,2023-08-25,9894
3024,憶聲,100,0,100,元大-桃興,2023-08-25,9894
00720B,元大投資級公司債,93,4,89,元大-桃興,2023-08-25,9894
00919,群益台灣精選高息,84,0,84,元大-桃興,2023-08-25,9894
2382,廣達,99,29,70,元大-桃興,2023-08-25,9894
00669R,國泰美國道瓊反1,50,0,50,元大-桃興,2023-08-25,9894
4712,福格創新,50,0,50,元大-桃興,2023-08-25,9894
3706,神達,90,44,46,元大-桃興,2023-08-25,9894
2356,英業達,62,16,46,元大-桃興,2023-08-25,9894
5009,榮剛,45,0,45,元大-桃興,2023-08-25,9894
2618,長榮航,65,25,40,元大-桃興,2023-08-25,9894
0056,元大高股息,45,6,39,元大-桃興,2023-08-25,9894
2883,凱基金,35,0,35,元大-桃興,2023-08-25,9894
5356,協益,34,0,34,元大-桃興,2023-08-25,9894
2324,仁寶,67,33,34,元大-桃興,2023-08-25,9894
2312,金寶,44,10,34,元大-桃興,2023-08-25,9894
00923,群益台ESG低碳50,33,0,33,元大-桃興,2023-08-25,9894
2363,矽統,217,184,33,元大-桃興,2023-08-25,9894
2002,中鋼,33,1,32,元大-桃興,2023-08-25,9894
3037,欣興,44,12,32,元大-桃興,2023-08-25,9894
1101,台泥,36,8,28,元大-桃興,2023-08-25,9894
2888,新光金,46,20,26,元大-桃興,2023-08-25,9894
4979,華星光,27,4,23,元大-桃興,2023-08-25,9894
2634,漢翔,56,36,20,元大-桃興,2023-08-25,9894
6156,松上,21,1,20,元大-桃興,2023-08-25,9894
5452,佶優,27,7,20,元大-桃興,2023-08-25,9894
3051,力特,17,0,17,元大-桃興,2023-08-25,9894
5381,合正,16,0,16,元大-桃興,2023-08-25,9894
2303,聯電,16,1,15,元大-桃興,2023-08-25,9894
2330,台積電,20,5,15,元大-桃興,2023-08-25,9894
2610,華航,236,221,15,元大-桃興,2023-08-25,9894
1805,寶徠,15,0,15,元大-桃興,2023-08-25,9894
8033,雷虎,21,6,15,元大-桃興,2023-08-25,9894
00893,國泰智能電動車,14,0,14,元大-桃興,2023-08-25,9894
2329,華泰,28,14,14,元大-桃興,2023-08-25,9894
2323,中環,15,1,14,元大-桃興,2023-08-25,9894
00896,中信綠能及電動車,14,0,14,元大-桃興,2023-08-25,9894
3017,奇鋐,25,12,13,元大-桃興,2023-08-25,9894
8046,南電,14,1,13,元大-桃興,2023-08-25,9894
3013,晟銘電,37,24,13,元大-桃興,2023-08-25,9894
2891,中信金,12,0,12,元大-桃興,2023-08-25,9894
1540,喬福,20,8,12,元大-桃興,2023-08-25,9894
2705,六福,14,2,12,元大-桃興,2023-08-25,9894
0050,元大台灣50,17,5,12,元大-桃興,2023-08-25,9894
1102,亞泥,11,0,11,元大-桃興,2023-08-25,9894
3024,憶聲,270,0,270,元大-桃興,2023-08-28,9894
2618,長榮航,167,38,129,元大-桃興,2023-08-28,9894
00706L,期元大S＆P日圓正2,115,0,115,元大-桃興,2023-08-28,9894
00673R,期元大S＆P原油反1,114,0,114,元大-桃興,2023-08-28,9894
00712,復華富時不動產,79,21,58,元大-桃興,2023-08-28,9894
00929,復華台灣科技優息,59,10,49,元大-桃興,2023-08-28,9894
2388,威盛,79,32,47,元大-桃興,2023-08-28,9894
00680L,元大美債20正2,44,0,44,元大-桃興,2023-08-28,9894
00753L,中信中國50正2,51,11,40,元大-桃興,2023-08-28,9894
3481,群創,62,24,38,元大-桃興,2023-08-28,9894
00720B,元大投資級公司債,35,0,35,元大-桃興,2023-08-28,9894
4906,正文,52,21,31,元大-桃興,2023-08-28,9894
00919,群益台灣精選高息,30,0,30,元大-桃興,2023-08-28,9894
8341,日友,26,0,26,元大-桃興,2023-08-28,9894
3711,日月光投控,33,8,25,元大-桃興,2023-08-28,9894
6125,廣運,29,4,25,元大-桃興,2023-08-28,9894
2301,光寶科,37,12,25,元大-桃興,2023-08-28,9894
2312,金寶,29,4,25,元大-桃興,2023-08-28,9894
3265,台星科,31,6,25,元大-桃興,2023-08-28,9894
1560,中砂,25,0,25,元大-桃興,2023-08-28,9894
2323,中環,25,1,24,元大-桃興,2023-08-28,9894
2630,亞航,46,22,24,元大-桃興,2023-08-28,9894
00931B,統一美債20年,24,0,24,元大-桃興,2023-08-28,9894
00637L,元大滬深300正2,52,29,23,元大-桃興,2023-08-28,9894
8210,勤誠,23,0,23,元大-桃興,2023-08-28,9894
2834,臺企銀,23,0,23,元大-桃興,2023-08-28,9894
3231,緯創,187,165,22,元大-桃興,2023-08-28,9894
00878,國泰永續高股息,90,70,20,元大-桃興,2023-08-28,9894
2359,所羅門,24,4,20,元大-桃興,2023-08-28,9894
2356,英業達,34,15,19,元大-桃興,2023-08-28,9894
00882,中信中國高股息,18,0,18,元大-桃興,2023-08-28,9894
1612,宏泰,18,0,18,元大-桃興,2023-08-28,9894
5284,jpp-KY,25,7,18,元大-桃興,2023-08-28,9894
00679B,元大美債20年,16,0,16,元大-桃興,2023-08-28,9894
00734B,台新JPM新興債,15,0,15,元大-桃興,2023-08-28,9894
8049,晶采,14,0,14,元大-桃興,2023-08-28,9894
3051,力特,16,3,13,元大-桃興,2023-08-28,9894
1815,富喬,13,0,13,元大-桃興,2023-08-28,9894
9905,大華,13,0,13,元大-桃興,2023-08-28,9894
1108,幸福,12,0,12,元大-桃興,2023-08-28,9894
6531,愛普*,17,5,12,元大-桃興,2023-08-28,9894
3037,欣興,12,1,11,元大-桃興,2023-08-28,9894
2727,王品,10,0,10,元大-桃興,2023-08-28,9894
8070,長華*,10,0,10,元大-桃興,2023-08-28,9894
4138,曜亞,10,0,10,元大-桃興,2023-08-28,9894
4167,松瑞藥,10,0,10,元大-桃興,2023-08-28,9894
8048,德勝,12,2,10,元大-桃興,2023-08-28,9894
6234,高僑,11,2,9,元大-桃興,2023-08-28,9894
1802,台玻,21,12,9,元大-桃興,2023-08-28,9894
2371,大同,9,0,9,元大-桃興,2023-08-28,9894
00637L,元大滬深300正2,304,25,279,元大-桃興,2023-08-29,9894
00632R,元大台灣50反1,211,10,201,元大-桃興,2023-08-29,9894
00929,復華台灣科技優息,169,0,169,元大-桃興,2023-08-29,9894
3481,群創,83,7,76,元大-桃興,2023-08-29,9894
2363,矽統,228,171,57,元大-桃興,2023-08-29,9894
00669R,國泰美國道瓊反1,50,0,50,元大-桃興,2023-08-29,9894
00671R,富邦NASDAQ反1,50,0,50,元大-桃興,2023-08-29,9894
00712,復華富時不動產,58,10,48,元大-桃興,2023-08-29,9894
2002,中鋼,39,0,39,元大-桃興,2023-08-29,9894
2881,富邦金,35,1,34,元大-桃興,2023-08-29,9894
00919,群益台灣精選高息,29,0,29,元大-桃興,2023-08-29,9894
2603,長榮,28,2,26,元大-桃興,2023-08-29,9894
2317,鴻海,30,8,22,元大-桃興,2023-08-29,9894
1319,東陽,25,4,21,元大-桃興,2023-08-29,9894
00720B,元大投資級公司債,21,0,21,元大-桃興,2023-08-29,9894
2913,農林,21,0,21,元大-桃興,2023-08-29,9894
2344,華邦電,26,6,20,元大-桃興,2023-08-29,9894
00878,國泰永續高股息,46,27,19,元大-桃興,2023-08-29,9894
3032,偉訓,20,1,19,元大-桃興,2023-08-29,9894
6770,力積電,18,0,18,元大-桃興,2023-08-29,9894
6191,精成科,17,0,17,元大-桃興,2023-08-29,9894
0056,元大高股息,21,5,16,元大-桃興,2023-08-29,9894
6167,久正,18,2,16,元大-桃興,2023-08-29,9894
1584,精剛,20,5,15,元大-桃興,2023-08-29,9894
00673R,期元大S＆P原油反1,14,0,14,元大-桃興,2023-08-29,9894
00902,中信電池及儲能,13,0,13,元大-桃興,2023-08-29,9894
3576,聯合再生,13,0,13,元大-桃興,2023-08-29,9894
2324,仁寶,30,17,13,元大-桃興,2023-08-29,9894
5381,合正,14,2,12,元大-桃興,2023-08-29,9894
2601,益航,12,0,12,元大-桃興,2023-08-29,9894
2882,國泰金,14,2,12,元大-桃興,2023-08-29,9894
8222,寶一,15,3,12,元大-桃興,2023-08-29,9894
6585,鼎基,11,0,11,元大-桃興,2023-08-29,9894
3013,晟銘電,23,12,11,元大-桃興,2023-08-29,9894
2615,萬海,10,0,10,元大-桃興,2023-08-29,9894
2406,國碩,10,0,10,元大-桃興,2023-08-29,9894
020038,元大ESG配息N,10,0,10,元大-桃興,2023-08-29,9894
6168,宏齊,15,5,10,元大-桃興,2023-08-29,9894
00895,富邦未來車,10,0,10,元大-桃興,2023-08-29,9894
00931B,統一美債20年,11,1,10,元大-桃興,2023-08-29,9894
8046,南電,14,4,10,元大-桃興,2023-08-29,9894
6732,昇佳電子,9,0,9,元大-桃興,2023-08-29,9894
00885,富邦越南,8,0,8,元大-桃興,2023-08-29,9894
2022,聚亨,8,0,8,元大-桃興,2023-08-29,9894
2457,飛宏,8,0,8,元大-桃興,2023-08-29,9894
2368,金像電,11,3,8,元大-桃興,2023-08-29,9894
4919,新唐,12,5,7,元大-桃興,2023-08-29,9894
2886,兆豐金,7,0,7,元大-桃興,2023-08-29,9894
6282,康舒,7,0,7,元大-桃興,2023-08-29,9894
3324,雙鴻,7,1,6,元大-桃興,2023-08-29,9894
00673R,期元大S＆P原油反1,55,0,55,元大-桃興,2023-08-30,9894
00670L,富邦NASDAQ正2,51,0,51,元大-桃興,2023-08-30,9894
5009,榮剛,46,0,46,元大-桃興,2023-08-30,9894
00632R,元大台灣50反1,43,0,43,元大-桃興,2023-08-30,9894
2618,長榮航,68,26,42,元大-桃興,2023-08-30,9894
2603,長榮,41,3,38,元大-桃興,2023-08-30,9894
2401,凌陽,45,16,29,元大-桃興,2023-08-30,9894
3380,明泰,23,0,23,元大-桃興,2023-08-30,9894
9945,潤泰新,25,4,21,元大-桃興,2023-08-30,9894
1531,高林股,20,0,20,元大-桃興,2023-08-30,9894
2405,輔信,20,0,20,元大-桃興,2023-08-30,9894
00633L,富邦上証正2,20,1,19,元大-桃興,2023-08-30,9894
2449,京元電子,41,25,16,元大-桃興,2023-08-30,9894
5356,協益,16,0,16,元大-桃興,2023-08-30,9894
00712,復華富時不動產,31,15,16,元大-桃興,2023-08-30,9894
2420,新巨,15,0,15,元大-桃興,2023-08-30,9894
8050,廣積,17,2,15,元大-桃興,2023-08-30,9894
6282,康舒,18,3,15,元大-桃興,2023-08-30,9894
3588,通嘉,40,26,14,元大-桃興,2023-08-30,9894
2886,兆豐金,17,4,13,元大-桃興,2023-08-30,9894
2023,燁輝,12,0,12,元大-桃興,2023-08-30,9894
2369,菱生,16,5,11,元大-桃興,2023-08-30,9894
2610,華航,16,6,10,元大-桃興,2023-08-30,9894
1710,東聯,10,0,10,元大-桃興,2023-08-30,9894
4543,萬在,11,1,10,元大-桃興,2023-08-30,9894
3306,鼎天,10,0,10,元大-桃興,2023-08-30,9894
1524,耿鼎,10,0,10,元大-桃興,2023-08-30,9894
2706,第一店,10,0,10,元大-桃興,2023-08-30,9894
3512,皇龍,10,0,10,元大-桃興,2023-08-30,9894
2884,玉山金,10,1,9,元大-桃興,2023-08-30,9894
8112,至上,10,1,9,元大-桃興,2023-08-30,9894
5457,宣德,10,1,9,元大-桃興,2023-08-30,9894
2314,台揚,9,0,9,元大-桃興,2023-08-30,9894
2634,漢翔,19,11,8,元大-桃興,2023-08-30,9894
00931B,統一美債20年,11,3,8,元大-桃興,2023-08-30,9894
1471,首利,11,3,8,元大-桃興,2023-08-30,9894
00687B,國泰20年美債,7,0,7,元大-桃興,2023-08-30,9894
3088,艾訊,7,0,7,元大-桃興,2023-08-30,9894
3017,奇鋐,11,5,6,元大-桃興,2023-08-30,9894
9904,寶成,6,0,6,元大-桃興,2023-08-30,9894
6153,嘉聯益,12,6,6,元大-桃興,2023-08-30,9894
3406,玉晶光,7,1,6,元大-桃興,2023-08-30,9894
6829,千附精密,7,1,6,元大-桃興,2023-08-30,9894
3325,旭品,33,27,6,元大-桃興,2023-08-30,9894
2331,精英,31,25,6,元大-桃興,2023-08-30,9894
4942,嘉彰,6,0,6,元大-桃興,2023-08-30,9894
6125,廣運,13,7,6,元大-桃興,2023-08-30,9894
2485,兆赫,55,50,5,元大-桃興,2023-08-30,9894
2349,錸德,5,0,5,元大-桃興,2023-08-30,9894
2516,新建,5,0,5,元大-桃興,2023-08-30,9894
00929,復華台灣科技優息,169,52,117,元大-桃興,2023-08-31,9894
2618,長榮航,94,5,89,元大-桃興,2023-08-31,9894
2329,華泰,105,28,77,元大-桃興,2023-08-31,9894
2607,榮運,69,5,64,元大-桃興,2023-08-31,9894
2610,華航,70,17,53,元大-桃興,2023-08-31,9894
00633L,富邦上証正2,51,0,51,元大-桃興,2023-08-31,9894
1101,台泥,48,0,48,元大-桃興,2023-08-31,9894
2890,永豐金,46,0,46,元大-桃興,2023-08-31,9894
2324,仁寶,74,31,43,元大-桃興,2023-08-31,9894
3227,原相,30,0,30,元大-桃興,2023-08-31,9894
6770,力積電,36,6,30,元大-桃興,2023-08-31,9894
1802,台玻,35,5,30,元大-桃興,2023-08-31,9894
8088,品安,61,32,29,元大-桃興,2023-08-31,9894
2881,富邦金,46,18,28,元大-桃興,2023-08-31,9894
6282,康舒,31,10,21,元大-桃興,2023-08-31,9894
00878,國泰永續高股息,33,12,21,元大-桃興,2023-08-31,9894
5289,宜鼎,19,1,18,元大-桃興,2023-08-31,9894
2436,偉詮電,48,30,18,元大-桃興,2023-08-31,9894
2886,兆豐金,17,0,17,元大-桃興,2023-08-31,9894
2303,聯電,25,10,15,元大-桃興,2023-08-31,9894
6285,啟��,20,5,15,元大-桃興,2023-08-31,9894
2884,玉山金,15,1,14,元大-桃興,2023-08-31,9894
2405,輔信,14,0,14,元大-桃興,2023-08-31,9894
00642U,期元大S＆P石油,15,1,14,元大-桃興,2023-08-31,9894
3711,日月光投控,20,6,14,元大-桃興,2023-08-31,9894
8033,雷虎,15,1,14,元大-桃興,2023-08-31,9894
00673R,期元大S＆P原油反1,14,0,14,元大-桃興,2023-08-31,9894
3071,協禧,18,5,13,元大-桃興,2023-08-31,9894
2409,友達,13,0,13,元大-桃興,2023-08-31,9894
3056,富華新,13,0,13,元大-桃興,2023-08-31,9894
2891,中信金,12,0,12,元大-桃興,2023-08-31,9894
3049,精金,11,0,11,元大-桃興,2023-08-31,9894
3037,欣興,14,3,11,元大-桃興,2023-08-31,9894
2834,臺企銀,11,0,11,元大-桃興,2023-08-31,9894
2883,凱基金,15,4,11,元大-桃興,2023-08-31,9894
2401,凌陽,37,27,10,元大-桃興,2023-08-31,9894
3006,晶豪科,11,1,10,元大-桃興,2023-08-31,9894
3024,憶聲,10,0,10,元大-桃興,2023-08-31,9894
2605,新興,11,1,10,元大-桃興,2023-08-31,9894
6527,明達醫,10,0,10,元大-桃興,2023-08-31,9894
1319,東陽,14,5,9,元大-桃興,2023-08-31,9894
00919,群益台灣精選高息,9,0,9,元大-桃興,2023-08-31,9894
2892,第一金,8,0,8,元大-桃興,2023-08-31,9894
0050,元大台灣50,8,0,8,元大-桃興,2023-08-31,9894
2105,正新,13,5,8,元大-桃興,2023-08-31,9894
2331,精英,16,8,8,元大-桃興,2023-08-31,9894
2337,旺宏,78,70,8,元大-桃興,2023-08-31,9894
6203,海韻電,7,0,7,元大-桃興,2023-08-31,9894
8222,寶一,25,18,7,元大-桃興,2023-08-31,9894
1795,美時,9,2,7,元大-桃興,2023-08-31,9894
00932,兆豐永續高息等權,149,0,149,元大-桃興,2023-09-01,9894
00919,群益台灣精選高息,75,0,75,元大-桃興,2023-09-01,9894
00929,復華台灣科技優息,102,31,71,元大-桃興,2023-09-01,9894
3231,緯創,154,94,60,元大-桃興,2023-09-01,9894
3715,定穎投控,87,37,50,元大-桃興,2023-09-01,9894
00706L,期元大S＆P日圓正2,50,0,50,元大-桃興,2023-09-01,9894
00673R,期元大S＆P原油反1,50,1,49,元大-桃興,2023-09-01,9894
2485,兆赫,97,51,46,元大-桃興,2023-09-01,9894
6127,九豪,41,3,38,元大-桃興,2023-09-01,9894
2382,廣達,50,12,38,元大-桃興,2023-09-01,9894
1815,富喬,35,0,35,元大-桃興,2023-09-01,9894
00712,復華富時不動產,40,6,34,元大-桃興,2023-09-01,9894
8050,廣積,30,1,29,元大-桃興,2023-09-01,9894
2337,旺宏,55,27,28,元大-桃興,2023-09-01,9894
2440,太空梭,26,0,26,元大-桃興,2023-09-01,9894
8183,精星,27,1,26,元大-桃興,2023-09-01,9894
00878,國泰永續高股息,40,15,25,元大-桃興,2023-09-01,9894
2356,英業達,51,28,23,元大-桃興,2023-09-01,9894
00679B,元大美債20年,22,0,22,元大-桃興,2023-09-01,9894
2929,淘帝-KY,22,0,22,元大-桃興,2023-09-01,9894
6446,藥華藥,21,1,20,元大-桃興,2023-09-01,9894
2415,錩新,20,0,20,元大-桃興,2023-09-01,9894
4973,廣穎,22,2,20,元大-桃興,2023-09-01,9894
2332,友訊,20,0,20,元大-桃興,2023-09-01,9894
6153,嘉聯益,19,0,19,元大-桃興,2023-09-01,9894
6191,精成科,19,0,19,元大-桃興,2023-09-01,9894
2881,富邦金,46,27,19,元大-桃興,2023-09-01,9894
3706,神達,33,16,17,元大-桃興,2023-09-01,9894
1504,東元,18,2,16,元大-桃興,2023-09-01,9894
2331,精英,25,9,16,元大-桃興,2023-09-01,9894
5388,中磊,17,2,15,元大-桃興,2023-09-01,9894
3032,偉訓,15,0,15,元大-桃興,2023-09-01,9894
6547,高端疫苗,30,15,15,元大-桃興,2023-09-01,9894
00923,群益台ESG低碳50,13,0,13,元大-桃興,2023-09-01,9894
1513,中興電,39,26,13,元大-桃興,2023-09-01,9894
2603,長榮,17,5,12,元大-桃興,2023-09-01,9894
5289,宜鼎,13,1,12,元大-桃興,2023-09-01,9894
4961,天鈺,12,0,12,元大-桃興,2023-09-01,9894
3265,台星科,25,13,12,元大-桃興,2023-09-01,9894
6156,松上,12,0,12,元大-桃興,2023-09-01,9894
2402,毅嘉,123,111,12,元大-桃興,2023-09-01,9894
2618,長榮航,47,35,12,元大-桃興,2023-09-01,9894
4167,松瑞藥,10,0,10,元大-桃興,2023-09-01,9894
3308,聯德,32,22,10,元大-桃興,2023-09-01,9894
3163,波若威,32,22,10,元大-桃興,2023-09-01,9894
00921,兆豐龍頭等權重,10,0,10,元大-桃興,2023-09-01,9894
2340,台亞,12,2,10,元大-桃興,2023-09-01,9894
6167,久正,10,0,10,元大-桃興,2023-09-01,9894
2851,中再保,10,0,10,元大-桃興,2023-09-01,9894
3041,揚智,12,2,10,元大-桃興,2023-09-01,9894
5009,榮剛,218,16,202,元大-桃興,2023-09-04,9894
00673R,期元大S＆P原油反1,153,21,132,元大-桃興,2023-09-04,9894
00929,復華台灣科技優息,86,8,78,元大-桃興,2023-09-04,9894
1802,台玻,194,135,59,元大-桃興,2023-09-04,9894
2485,兆赫,74,22,52,元大-桃興,2023-09-04,9894
2607,榮運,40,0,40,元大-桃興,2023-09-04,9894
00632R,元大台灣50反1,45,10,35,元大-桃興,2023-09-04,9894
1522,堤維西,38,4,34,元大-桃興,2023-09-04,9894
00919,群益台灣精選高息,33,0,33,元大-桃興,2023-09-04,9894
00676R,富邦臺灣加權反1,30,0,30,元大-桃興,2023-09-04,9894
2890,永豐金,28,0,28,元大-桃興,2023-09-04,9894
00720B,元大投資級公司債,26,0,26,元大-桃興,2023-09-04,9894
00931B,統一美債20年,25,0,25,元大-桃興,2023-09-04,9894
1101,台泥,26,1,25,元大-桃興,2023-09-04,9894
00932,兆豐永續高息等權,35,10,25,元大-桃興,2023-09-04,9894
00915,凱基優選高股息30,24,0,24,元大-桃興,2023-09-04,9894
8210,勤誠,27,3,24,元大-桃興,2023-09-04,9894
8926,台汽電,22,0,22,元大-桃興,2023-09-04,9894
8105,凌巨,20,0,20,元大-桃興,2023-09-04,9894
1402,遠東新,19,0,19,元大-桃興,2023-09-04,9894
00751B,元大AAA至A公司債,19,0,19,元大-桃興,2023-09-04,9894
2388,威盛,32,13,19,元大-桃興,2023-09-04,9894
00712,復華富時不動產,23,5,18,元大-桃興,2023-09-04,9894
4961,天鈺,18,0,18,元大-桃興,2023-09-04,9894
3481,群創,18,0,18,元大-桃興,2023-09-04,9894
2371,大同,33,16,17,元大-桃興,2023-09-04,9894
3227,原相,17,1,16,元大-桃興,2023-09-04,9894
4916,事欣科,17,1,16,元大-桃興,2023-09-04,9894
6191,精成科,16,1,15,元大-桃興,2023-09-04,9894
2211,長榮鋼,15,0,15,元大-桃興,2023-09-04,9894
2002,中鋼,25,10,15,元大-桃興,2023-09-04,9894
8150,南茂,13,0,13,元大-桃興,2023-09-04,9894
00772B,中信高評級公司債,13,0,13,元大-桃興,2023-09-04,9894
8070,長華*,13,0,13,元大-桃興,2023-09-04,9894
00795B,中信美國公債20年,13,0,13,元大-桃興,2023-09-04,9894
3311,閎暉,12,0,12,元大-桃興,2023-09-04,9894
2369,菱生,27,15,12,元大-桃興,2023-09-04,9894
4938,和碩,13,1,12,元大-桃興,2023-09-04,9894
1905,華紙,12,0,12,元大-桃興,2023-09-04,9894
00773B,中信優先金融債,12,0,12,元大-桃興,2023-09-04,9894
3056,富華新,13,1,12,元大-桃興,2023-09-04,9894
00687B,國泰20年美債,11,0,11,元大-桃興,2023-09-04,9894
00923,群益台ESG低碳50,11,0,11,元大-桃興,2023-09-04,9894
3071,協禧,14,3,11,元大-桃興,2023-09-04,9894
00764B,群益25年美債,10,0,10,元大-桃興,2023-09-04,9894
6213,聯茂,14,4,10,元大-桃興,2023-09-04,9894
6835,圓裕,10,0,10,元大-桃興,2023-09-04,9894
2610,華航,25,16,9,元大-桃興,2023-09-04,9894
1519,華城,18,9,9,元大-桃興,2023-09-04,9894
00713,元大台灣高息低波,9,0,9,元大-桃興,2023-09-04,9894
00919,群益台灣精選高息,151,26,125,元大-桃興,2023-09-05,9894
00929,復華台灣科技優息,375,267,108,元大-桃興,2023-09-05,9894
00680L,元大美債20正2,50,0,50,元大-桃興,2023-09-05,9894
8926,台汽電,46,1,45,元大-桃興,2023-09-05,9894
2356,英業達,53,19,34,元大-桃興,2023-09-05,9894
2485,兆赫,31,3,28,元大-桃興,2023-09-05,9894
2610,華航,44,21,23,元大-桃興,2023-09-05,9894
00673R,期元大S＆P原油反1,23,0,23,元大-桃興,2023-09-05,9894
4167,松瑞藥,22,0,22,元大-桃興,2023-09-05,9894
2488,漢平,27,6,21,元大-桃興,2023-09-05,9894
00932,兆豐永續高息等權,20,0,20,元大-桃興,2023-09-05,9894
6167,久正,20,0,20,元大-桃興,2023-09-05,9894
00878,國泰永續高股息,28,11,17,元大-桃興,2023-09-05,9894
2634,漢翔,30,13,17,元大-桃興,2023-09-05,9894
4952,凌通,18,2,16,元大-桃興,2023-09-05,9894
3167,大量,21,6,15,元大-桃興,2023-09-05,9894
3149,正達,14,0,14,元大-桃興,2023-09-05,9894
4543,萬在,19,5,14,元大-桃興,2023-09-05,9894
2211,長榮鋼,15,1,14,元大-桃興,2023-09-05,9894
2486,一詮,24,11,13,元大-桃興,2023-09-05,9894
2353,宏��,28,15,13,元大-桃興,2023-09-05,9894
00679B,元大美債20年,13,0,13,元大-桃興,2023-09-05,9894
3037,欣興,20,7,13,元大-桃興,2023-09-05,9894
2390,云辰,13,1,12,元大-桃興,2023-09-05,9894
1795,美時,12,0,12,元大-桃興,2023-09-05,9894
3264,欣銓,15,4,11,元大-桃興,2023-09-05,9894
2324,仁寶,33,22,11,元大-桃興,2023-09-05,9894
2614,東森,11,0,11,元大-桃興,2023-09-05,9894
6214,精誠,10,0,10,元大-桃興,2023-09-05,9894
00795B,中信美國公債20年,10,0,10,元大-桃興,2023-09-05,9894
3024,憶聲,11,1,10,元大-桃興,2023-09-05,9894
2618,長榮航,32,22,10,元大-桃興,2023-09-05,9894
3032,偉訓,10,0,10,元大-桃興,2023-09-05,9894
2886,兆豐金,10,0,10,元大-桃興,2023-09-05,9894
1471,首利,31,21,10,元大-桃興,2023-09-05,9894
2371,大同,16,6,10,元大-桃興,2023-09-05,9894
00676R,富邦臺灣加權反1,10,0,10,元大-桃興,2023-09-05,9894
2002,中鋼,10,0,10,元大-桃興,2023-09-05,9894
4927,泰鼎-KY,11,1,10,元大-桃興,2023-09-05,9894
6118,建達,11,1,10,元大-桃興,2023-09-05,9894
1307,三芳,11,1,10,元大-桃興,2023-09-05,9894
1907,永豐餘,9,0,9,元大-桃興,2023-09-05,9894
2890,永豐金,9,0,9,元大-桃興,2023-09-05,9894
3049,精金,9,0,9,元大-桃興,2023-09-05,9894
2603,長榮,12,3,9,元大-桃興,2023-09-05,9894
00751B,元大AAA至A公司債,8,0,8,元大-桃興,2023-09-05,9894
8222,寶一,8,0,8,元大-桃興,2023-09-05,9894
6438,迅得,8,0,8,元大-桃興,2023-09-05,9894
2884,玉山金,8,0,8,元大-桃興,2023-09-05,9894
00720B,元大投資級公司債,7,0,7,元大-桃興,2023-09-05,9894
00929,復華台灣科技優息,567,134,433,元大-桃興,2023-09-06,9894
1101,台泥,158,12,146,元大-桃興,2023-09-06,9894
00919,群益台灣精選高息,117,17,100,元大-桃興,2023-09-06,9894
00632R,元大台灣50反1,100,10,90,元大-桃興,2023-09-06,9894
00680L,元大美債20正2,80,6,74,元大-桃興,2023-09-06,9894
1802,台玻,83,16,67,元大-桃興,2023-09-06,9894
3481,群創,66,2,64,元大-桃興,2023-09-06,9894
2409,友達,60,0,60,元大-桃興,2023-09-06,9894
2317,鴻海,58,1,57,元大-桃興,2023-09-06,9894
2618,長榮航,66,15,51,元大-桃興,2023-09-06,9894
3013,晟銘電,67,16,51,元大-桃興,2023-09-06,9894
2888,新光金,56,5,51,元大-桃興,2023-09-06,9894
00932,兆豐永續高息等權,49,0,49,元大-桃興,2023-09-06,9894
2883,凱基金,43,0,43,元大-桃興,2023-09-06,9894
1815,富喬,48,5,43,元大-桃興,2023-09-06,9894
2358,廷鑫,40,0,40,元大-桃興,2023-09-06,9894
00706L,期元大S＆P日圓正2,36,0,36,元大-桃興,2023-09-06,9894
2354,鴻準,37,1,36,元大-桃興,2023-09-06,9894
2401,凌陽,84,50,34,元大-桃興,2023-09-06,9894
00918,大華優利高填息30,32,0,32,元大-桃興,2023-09-06,9894
3715,定穎投控,67,36,31,元大-桃興,2023-09-06,9894
00772B,中信高評級公司債,30,0,30,元大-桃興,2023-09-06,9894
9940,信義,30,0,30,元大-桃興,2023-09-06,9894
00637L,元大滬深300正2,28,0,28,元大-桃興,2023-09-06,9894
00679B,元大美債20年,26,0,26,元大-桃興,2023-09-06,9894
6274,台燿,61,35,26,元大-桃興,2023-09-06,9894
2002,中鋼,28,2,26,元大-桃興,2023-09-06,9894
1781,合世,25,0,25,元大-桃興,2023-09-06,9894
2027,大成鋼,22,1,21,元大-桃興,2023-09-06,9894
00687B,國泰20年美債,19,0,19,元大-桃興,2023-09-06,9894
00751B,元大AAA至A公司債,19,0,19,元大-桃興,2023-09-06,9894
2332,友訊,23,5,18,元大-桃興,2023-09-06,9894
2884,玉山金,16,0,16,元大-桃興,2023-09-06,9894
00686R,群益臺灣加權反1,16,0,16,元大-桃興,2023-09-06,9894
00773B,中信優先金融債,16,0,16,元大-桃興,2023-09-06,9894
2421,建準,22,6,16,元大-桃興,2023-09-06,9894
2603,長榮,20,5,15,元大-桃興,2023-09-06,9894
8110,華東,15,0,15,元大-桃興,2023-09-06,9894
00673R,期元大S＆P原油反1,15,1,14,元大-桃興,2023-09-06,9894
00931B,統一美債20年,14,0,14,元大-桃興,2023-09-06,9894
00715L,期街口布蘭特正2,17,3,14,元大-桃興,2023-09-06,9894
2344,華邦電,15,2,13,元大-桃興,2023-09-06,9894
00720B,元大投資級公司債,11,0,11,元大-桃興,2023-09-06,9894
2891,中信金,11,0,11,元大-桃興,2023-09-06,9894
2883B,凱基金乙特,11,0,11,元大-桃興,2023-09-06,9894
3059,華晶科,14,3,11,元大-桃興,2023-09-06,9894
4157,太景*-KY,11,0,11,元大-桃興,2023-09-06,9894
2324,仁寶,14,3,11,元大-桃興,2023-09-06,9894
00882,中信中國高股息,13,3,10,元大-桃興,2023-09-06,9894
00921,兆豐龍頭等權重,10,0,10,元大-桃興,2023-09-06,9894
00929,復華台灣科技優息,210,80,130,元大-桃興,2023-09-07,9894
3024,憶聲,125,2,123,元大-桃興,2023-09-07,9894
00919,群益台灣精選高息,112,7,105,元大-桃興,2023-09-07,9894
00632R,元大台灣50反1,120,21,99,元大-桃興,2023-09-07,9894
3704,合勤控,93,9,84,元大-桃興,2023-09-07,9894
2618,長榮航,92,10,82,元大-桃興,2023-09-07,9894
00706L,期元大S＆P日圓正2,50,0,50,元大-桃興,2023-09-07,9894
2204,中華,50,2,48,元大-桃興,2023-09-07,9894
2002,中鋼,46,0,46,元大-桃興,2023-09-07,9894
00687B,國泰20年美債,40,0,40,元大-桃興,2023-09-07,9894
00878,國泰永續高股息,48,11,37,元大-桃興,2023-09-07,9894
00918,大華優利高填息30,35,0,35,元大-桃興,2023-09-07,9894
2358,廷鑫,121,87,34,元大-桃興,2023-09-07,9894
3090,日電貿,35,2,33,元大-桃興,2023-09-07,9894
8112,至上,43,12,31,元大-桃興,2023-09-07,9894
2884,玉山金,31,3,28,元大-桃興,2023-09-07,9894
3624,光頡,30,2,28,元大-桃興,2023-09-07,9894
2409,友達,45,19,26,元大-桃興,2023-09-07,9894
6209,今國光,26,0,26,元大-桃興,2023-09-07,9894
8064,東捷,25,0,25,元大-桃興,2023-09-07,9894
6285,啟��,29,5,24,元大-桃興,2023-09-07,9894
00679B,元大美債20年,23,0,23,元大-桃興,2023-09-07,9894
00673R,期元大S＆P原油反1,27,5,22,元大-桃興,2023-09-07,9894
6167,久正,23,2,21,元大-桃興,2023-09-07,9894
1802,台玻,24,4,20,元大-桃興,2023-09-07,9894
2436,偉詮電,49,29,20,元大-桃興,2023-09-07,9894
6220,岳豐,24,4,20,元大-桃興,2023-09-07,9894
1618,合機,27,8,19,元大-桃興,2023-09-07,9894
2317,鴻海,20,2,18,元大-桃興,2023-09-07,9894
3481,群創,34,17,17,元大-桃興,2023-09-07,9894
00882,中信中國高股息,16,0,16,元大-桃興,2023-09-07,9894
2027,大成鋼,15,0,15,元大-桃興,2023-09-07,9894
2344,華邦電,19,4,15,元大-桃興,2023-09-07,9894
2492,華新科,15,0,15,元大-桃興,2023-09-07,9894
3231,緯創,31,17,14,元大-桃興,2023-09-07,9894
6203,海韻電,14,0,14,元大-桃興,2023-09-07,9894
2332,友訊,17,3,14,元大-桃興,2023-09-07,9894
2303,聯電,19,5,14,元大-桃興,2023-09-07,9894
1101,台泥,14,1,13,元大-桃興,2023-09-07,9894
2313,華通,55,41,14,元大-桃興,2023-09-07,9894
00915,凱基優選高股息30,13,0,13,元大-桃興,2023-09-07,9894
2727,王品,13,0,13,元大-桃興,2023-09-07,9894
2504,國產,13,0,13,元大-桃興,2023-09-07,9894
6585,鼎基,21,8,13,元大-桃興,2023-09-07,9894
00753L,中信中國50正2,13,0,13,元大-桃興,2023-09-07,9894
1102,亞泥,12,0,12,元大-桃興,2023-09-07,9894
3363,上詮,41,29,12,元大-桃興,2023-09-07,9894
5215,科嘉-KY,12,0,12,元大-桃興,2023-09-07,9894
5234,達興材料,12,0,12,元大-桃興,2023-09-07,9894
2301,光寶科,13,2,11,元大-桃興,2023-09-07,9894
00919,群益台灣精選高息,156,15,141,元大-桃興,2023-09-08,9894
00929,復華台灣科技優息,136,56,80,元大-桃興,2023-09-08,9894
2363,矽統,184,109,75,元大-桃興,2023-09-08,9894
2618,長榮航,75,28,47,元大-桃興,2023-09-08,9894
00712,復華富時不動產,38,0,38,元大-桃興,2023-09-08,9894
00918,大華優利高填息30,37,0,37,元大-桃興,2023-09-08,9894
2382,廣達,77,42,35,元大-桃興,2023-09-08,9894
5381,合正,31,2,29,元大-桃興,2023-09-08,9894
3209,全科,25,0,25,元大-桃興,2023-09-08,9894
2329,華泰,33,9,24,元大-桃興,2023-09-08,9894
5351,鈺創,23,1,22,元大-桃興,2023-09-08,9894
2358,廷鑫,30,8,22,元大-桃興,2023-09-08,9894
00882,中信中國高股息,24,3,21,元大-桃興,2023-09-08,9894
00637L,元大滬深300正2,21,0,21,元大-桃興,2023-09-08,9894
8064,東捷,19,0,19,元大-桃興,2023-09-08,9894
00932,兆豐永續高息等權,17,0,17,元大-桃興,2023-09-08,9894
00915,凱基優選高股息30,16,0,16,元大-桃興,2023-09-08,9894
00931B,統一美債20年,16,0,16,元大-桃興,2023-09-08,9894
1471,首利,37,21,16,元大-桃興,2023-09-08,9894
6792,詠業,16,0,16,元大-桃興,2023-09-08,9894
00642U,期元大S＆P石油,17,2,15,元大-桃興,2023-09-08,9894
00679B,元大美債20年,16,1,15,元大-桃興,2023-09-08,9894
3163,波若威,18,5,13,元大-桃興,2023-09-08,9894
6235,華孚,15,3,12,元大-桃興,2023-09-08,9894
1101,台泥,15,2,13,元大-桃興,2023-09-08,9894
2356,英業達,22,10,12,元大-桃興,2023-09-08,9894
3306,鼎天,15,3,12,元大-桃興,2023-09-08,9894
2316,楠梓電,14,2,12,元大-桃興,2023-09-08,9894
2354,鴻準,12,0,12,元大-桃興,2023-09-08,9894
9905,大華,11,0,11,元大-桃興,2023-09-08,9894
2204,中華,16,5,11,元大-桃興,2023-09-08,9894
4908,前鼎,11,0,11,元大-桃興,2023-09-08,9894
1324,地球,11,0,11,元大-桃興,2023-09-08,9894
3260,威剛,11,0,11,元大-桃興,2023-09-08,9894
3231,緯創,29,18,11,元大-桃興,2023-09-08,9894
1519,華城,15,5,10,元大-桃興,2023-09-08,9894
2889,國票金,10,0,10,元大-桃興,2023-09-08,9894
2607,榮運,10,0,10,元大-桃興,2023-09-08,9894
2838,聯邦銀,10,0,10,元大-桃興,2023-09-08,9894
1616,億泰,10,0,10,元大-桃興,2023-09-08,9894
00676R,富邦臺灣加權反1,10,0,10,元大-桃興,2023-09-08,9894
5488,松普,10,0,10,元大-桃興,2023-09-08,9894
00670L,富邦NASDAQ正2,10,0,10,元大-桃興,2023-09-08,9894
6226,光鼎,10,0,10,元大-桃興,2023-09-08,9894
6282,康舒,13,3,10,元大-桃興,2023-09-08,9894
8033,雷虎,12,3,9,元大-桃興,2023-09-08,9894
2402,毅嘉,50,41,9,元大-桃興,2023-09-08,9894
3071,協禧,12,3,9,元大-桃興,2023-09-08,9894
00922,國泰台灣領袖50,9,0,9,元大-桃興,2023-09-08,9894
2313,華通,28,19,9,元大-桃興,2023-09-08,9894
3024,憶聲,476,0,476,元大-桃興,2023-09-11,9894
00919,群益台灣精選高息,199,1,198,元大-桃興,2023-09-11,9894
00929,復華台灣科技優息,182,58,124,元大-桃興,2023-09-11,9894
2363,矽統,351,235,116,元大-桃興,2023-09-11,9894
00878,國泰永續高股息,158,44,114,元大-桃興,2023-09-11,9894
2618,長榮航,133,39,94,元大-桃興,2023-09-11,9894
00679B,元大美債20年,66,0,66,元大-桃興,2023-09-11,9894
1337,再生-KY,60,0,60,元大-桃興,2023-09-11,9894
8210,勤誠,57,1,56,元大-桃興,2023-09-11,9894
3481,群創,64,12,52,元大-桃興,2023-09-11,9894
00706L,期元大S＆P日圓正2,52,0,52,元大-桃興,2023-09-11,9894
00680L,元大美債20正2,50,0,50,元大-桃興,2023-09-11,9894
3346,麗清,51,5,46,元大-桃興,2023-09-11,9894
00915,凱基優選高股息30,43,0,43,元大-桃興,2023-09-11,9894
1524,耿鼎,42,0,42,元大-桃興,2023-09-11,9894
00900,富邦特選高股息30,42,2,40,元大-桃興,2023-09-11,9894
2382,廣達,76,39,37,元大-桃興,2023-09-11,9894
00923,群益台ESG低碳50,32,1,31,元大-桃興,2023-09-11,9894
3231,緯創,89,62,27,元大-桃興,2023-09-11,9894
00918,大華優利高填息30,26,0,26,元大-桃興,2023-09-11,9894
6220,岳豐,25,1,24,元大-桃興,2023-09-11,9894
2204,中華,26,2,24,元大-桃興,2023-09-11,9894
2706,第一店,23,0,23,元大-桃興,2023-09-11,9894
00720B,元大投資級公司債,23,0,23,元大-桃興,2023-09-11,9894
2421,建準,25,3,22,元大-桃興,2023-09-11,9894
3545,敦泰,23,3,20,元大-桃興,2023-09-11,9894
2313,華通,24,4,20,元大-桃興,2023-09-11,9894
2358,廷鑫,18,0,18,元大-桃興,2023-09-11,9894
0056,元大高股息,24,8,16,元大-桃興,2023-09-11,9894
3576,聯合再生,19,3,16,元大-桃興,2023-09-11,9894
4433,興采,15,0,15,元大-桃興,2023-09-11,9894
1802,台玻,39,24,15,元大-桃興,2023-09-11,9894
1319,東陽,42,27,15,元大-桃興,2023-09-11,9894
00687B,國泰20年美債,14,0,14,元大-桃興,2023-09-11,9894
2352,佳世達,18,4,14,元大-桃興,2023-09-11,9894
4938,和碩,16,2,14,元大-桃興,2023-09-11,9894
1618,合機,21,7,14,元大-桃興,2023-09-11,9894
2408,南亞科,15,1,14,元大-桃興,2023-09-11,9894
2884,玉山金,14,0,14,元大-桃興,2023-09-11,9894
2409,友達,26,12,14,元大-桃興,2023-09-11,9894
1101,台泥,14,1,13,元大-桃興,2023-09-11,9894
4533,協易機,14,1,13,元大-桃興,2023-09-11,9894
3483,力致,15,2,13,元大-桃興,2023-09-11,9894
6282,康舒,14,1,13,元大-桃興,2023-09-11,9894
3017,奇鋐,17,4,13,元大-桃興,2023-09-11,9894
00772B,中信高評級公司債,13,0,13,元大-桃興,2023-09-11,9894
006208,富邦台50,12,0,12,元大-桃興,2023-09-11,9894
1513,中興電,16,4,12,元大-桃興,2023-09-11,9894
2458,義隆,12,0,12,元大-桃興,2023-09-11,9894
2812,台中銀,12,0,12,元大-桃興,2023-09-11,9894
00919,群益台灣精選高息,176,1,175,元大-桃興,2023-09-12,9894
00929,復華台灣科技優息,173,39,134,元大-桃興,2023-09-12,9894
2014,中鴻,118,0,118,元大-桃興,2023-09-12,9894
00878,國泰永續高股息,102,16,86,元大-桃興,2023-09-12,9894
2883,凱基金,81,0,81,元大-桃興,2023-09-12,9894
3024,憶聲,70,0,70,元大-桃興,2023-09-12,9894
00918,大華優利高填息30,56,0,56,元大-桃興,2023-09-12,9894
6120,達運,83,33,50,元大-桃興,2023-09-12,9894
2497,怡利電,50,0,50,元大-桃興,2023-09-12,9894
00637L,元大滬深300正2,40,0,40,元大-桃興,2023-09-12,9894
2324,仁寶,52,13,39,元大-桃興,2023-09-12,9894
2618,長榮航,47,9,38,元大-桃興,2023-09-12,9894
2634,漢翔,40,4,36,元大-桃興,2023-09-12,9894
3715,定穎投控,34,5,29,元大-桃興,2023-09-12,9894
2405,輔信,33,4,29,元大-桃興,2023-09-12,9894
2492,華新科,27,0,27,元大-桃興,2023-09-12,9894
00679B,元大美債20年,26,0,26,元大-桃興,2023-09-12,9894
2547,日勝生,23,0,23,元大-桃興,2023-09-12,9894
2363,矽統,156,135,21,元大-桃興,2023-09-12,9894
6117,迎廣,23,2,21,元大-桃興,2023-09-12,9894
8926,台汽電,20,0,20,元大-桃興,2023-09-12,9894
5439,高技,20,0,20,元大-桃興,2023-09-12,9894
00632R,元大台灣50反1,20,2,18,元大-桃興,2023-09-12,9894
6235,華孚,42,25,17,元大-桃興,2023-09-12,9894
8093,保銳,17,0,17,元大-桃興,2023-09-12,9894
6125,廣運,23,7,16,元大-桃興,2023-09-12,9894
0056,元大高股息,22,7,15,元大-桃興,2023-09-12,9894
00885,富邦越南,15,0,15,元大-桃興,2023-09-12,9894
2313,華通,69,54,15,元大-桃興,2023-09-12,9894
00715L,期街口布蘭特正2,22,7,15,元大-桃興,2023-09-12,9894
3213,茂訊,41,26,15,元大-桃興,2023-09-12,9894
3265,台星科,16,2,14,元大-桃興,2023-09-12,9894
1305,華夏,14,0,14,元大-桃興,2023-09-12,9894
00900,富邦特選高股息30,13,0,13,元大-桃興,2023-09-12,9894
00680L,元大美債20正2,12,0,12,元大-桃興,2023-09-12,9894
2356,英業達,27,16,11,元大-桃興,2023-09-12,9894
5386,青雲,11,0,11,元大-桃興,2023-09-12,9894
8050,廣積,13,2,11,元大-桃興,2023-09-12,9894
1584,精剛,13,2,11,元大-桃興,2023-09-12,9894
2204,中華,11,0,11,元大-桃興,2023-09-12,9894
2838,聯邦銀,11,0,11,元大-桃興,2023-09-12,9894
5880,合庫金,12,1,11,元大-桃興,2023-09-12,9894
8358,金居,13,3,10,元大-桃興,2023-09-12,9894
1324,地球,16,6,10,元大-桃興,2023-09-12,9894
5469,瀚宇博,11,2,9,元大-桃興,2023-09-12,9894
2382,廣達,38,29,9,元大-桃興,2023-09-12,9894
1795,美時,13,5,8,元大-桃興,2023-09-12,9894
2457,飛宏,10,2,8,元大-桃興,2023-09-12,9894
3545,敦泰,8,0,8,元大-桃興,2023-09-12,9894
5258,虹堡,13,5,8,元大-桃興,2023-09-12,9894
2014,中鴻,292,0,292,元大-桃興,2023-09-13,9894
00919,群益台灣精選高息,134,5,129,元大-桃興,2023-09-13,9894
00929,復華台灣科技優息,149,59,90,元大-桃興,2023-09-13,9894
00673R,期元大S＆P原油反1,88,3,85,元大-桃興,2023-09-13,9894
00680L,元大美債20正2,57,2,55,元大-桃興,2023-09-13,9894
3481,群創,57,3,54,元大-桃興,2023-09-13,9894
2025,千興,36,2,34,元大-桃興,2023-09-13,9894
2344,華邦電,35,2,33,元大-桃興,2023-09-13,9894
2883,凱基金,32,0,32,元大-桃興,2023-09-13,9894
2492,華新科,33,2,31,元大-桃興,2023-09-13,9894
3363,上詮,57,33,24,元大-桃興,2023-09-13,9894
3037,欣興,38,15,23,元大-桃興,2023-09-13,9894
4747,強生,23,0,23,元大-桃興,2023-09-13,9894
2618,長榮航,23,1,22,元大-桃興,2023-09-13,9894
00674R,期元大S＆P黃金反1,20,0,20,元大-桃興,2023-09-13,9894
3704,合勤控,35,15,20,元大-桃興,2023-09-13,9894
2886,兆豐金,22,3,19,元大-桃興,2023-09-13,9894
00902,中信電池及儲能,19,0,19,元大-桃興,2023-09-13,9894
2610,華航,18,0,18,元大-桃興,2023-09-13,9894
1515,力山,31,14,17,元大-桃興,2023-09-13,9894
2838,聯邦銀,17,0,17,元大-桃興,2023-09-13,9894
3025,星通,25,8,17,元大-桃興,2023-09-13,9894
5880,合庫金,16,0,16,元大-桃興,2023-09-13,9894
3346,麗清,29,13,16,元大-桃興,2023-09-13,9894
00637L,元大滬深300正2,20,4,16,元大-桃興,2023-09-13,9894
8011,台通,16,0,16,元大-桃興,2023-09-13,9894
00670L,富邦NASDAQ正2,15,0,15,元大-桃興,2023-09-13,9894
6605,帝寶,15,1,14,元大-桃興,2023-09-13,9894
2313,華通,47,33,14,元大-桃興,2023-09-13,9894
6213,聯茂,15,2,13,元大-桃興,2023-09-13,9894
3234,光環,12,0,12,元大-桃興,2023-09-13,9894
9910,豐泰,11,0,11,元大-桃興,2023-09-13,9894
3483,力致,12,1,11,元大-桃興,2023-09-13,9894
3014,聯陽,10,0,10,元大-桃興,2023-09-13,9894
2630,亞航,27,17,10,元大-桃興,2023-09-13,9894
3043,科風,10,0,10,元大-桃興,2023-09-13,9894
5258,虹堡,13,3,10,元大-桃興,2023-09-13,9894
4433,興采,10,0,10,元大-桃興,2023-09-13,9894
5521,工信,10,0,10,元大-桃興,2023-09-13,9894
3042,晶技,10,0,10,元大-桃興,2023-09-13,9894
4915,致伸,16,7,9,元大-桃興,2023-09-13,9894
3033,威健,9,0,9,元大-桃興,2023-09-13,9894
9902,台火,9,0,9,元大-桃興,2023-09-13,9894
3163,波若威,54,45,9,元大-桃興,2023-09-13,9894
5381,合正,8,0,8,元大-桃興,2023-09-13,9894
00715L,期街口布蘭特正2,12,4,8,元大-桃興,2023-09-13,9894
1307,三芳,9,1,8,元大-桃興,2023-09-13,9894
1904,正隆,7,0,7,元大-桃興,2023-09-13,9894
3512,皇龍,7,0,7,元大-桃興,2023-09-13,9894
6156,松上,7,0,7,元大-桃興,2023-09-13,9894
4906,正文,485,4,481,元大-桃興,2023-09-14,9894
00929,復華台灣科技優息,277,51,226,元大-桃興,2023-09-14,9894
00676R,富邦臺灣加權反1,120,0,120,元大-桃興,2023-09-14,9894
00919,群益台灣精選高息,149,42,107,元大-桃興,2023-09-14,9894
3702,大聯大,78,2,76,元大-桃興,2023-09-14,9894
2371,大同,80,10,70,元大-桃興,2023-09-14,9894
00637L,元大滬深300正2,57,8,49,元大-桃興,2023-09-14,9894
1504,東元,52,7,45,元大-桃興,2023-09-14,9894
3450,聯鈞,47,3,44,元大-桃興,2023-09-14,9894
2332,友訊,43,5,38,元大-桃興,2023-09-14,9894
1522,堤維西,108,74,34,元大-桃興,2023-09-14,9894
00932,兆豐永續高息等權,30,0,30,元大-桃興,2023-09-14,9894
8086,宏捷科,33,8,25,元大-桃興,2023-09-14,9894
00882,中信中國高股息,24,1,23,元大-桃興,2023-09-14,9894
3189,景碩,26,4,22,元大-桃興,2023-09-14,9894
3715,定穎投控,43,23,20,元大-桃興,2023-09-14,9894
3264,欣銓,23,3,20,元大-桃興,2023-09-14,9894
00632R,元大台灣50反1,58,40,18,元大-桃興,2023-09-14,9894
3481,群創,32,15,17,元大-桃興,2023-09-14,9894
1319,東陽,30,13,17,元大-桃興,2023-09-14,9894
6285,啟��,29,13,16,元大-桃興,2023-09-14,9894
00885,富邦越南,15,0,15,元大-桃興,2023-09-14,9894
2409,友達,15,0,15,元大-桃興,2023-09-14,9894
2630,亞航,17,2,15,元大-桃興,2023-09-14,9894
2497,怡利電,15,0,15,元大-桃興,2023-09-14,9894
00679B,元大美債20年,13,0,13,元大-桃興,2023-09-14,9894
1568,倉佑,27,14,13,元大-桃興,2023-09-14,9894
00715L,期街口布蘭特正2,13,0,13,元大-桃興,2023-09-14,9894
2618,長榮航,23,10,13,元大-桃興,2023-09-14,9894
00673R,期元大S＆P原油反1,12,0,12,元大-桃興,2023-09-14,9894
6116,彩晶,12,0,12,元大-桃興,2023-09-14,9894
5388,中磊,12,0,12,元大-桃興,2023-09-14,9894
6147,頎邦,11,0,11,元大-桃興,2023-09-14,9894
8033,雷虎,11,0,11,元大-桃興,2023-09-14,9894
5381,合正,12,1,11,元大-桃興,2023-09-14,9894
2492,華新科,10,0,10,元大-桃興,2023-09-14,9894
1722,台肥,10,0,10,元大-桃興,2023-09-14,9894
3682,亞太電,10,0,10,元大-桃興,2023-09-14,9894
3005,神基,10,0,10,元大-桃興,2023-09-14,9894
2838,聯邦銀,10,0,10,元大-桃興,2023-09-14,9894
2607,榮運,10,0,10,元大-桃興,2023-09-14,9894
3114,好德,10,0,10,元大-桃興,2023-09-14,9894
1217,愛之味,10,0,10,元大-桃興,2023-09-14,9894
2356,英業達,13,3,10,元大-桃興,2023-09-14,9894
8050,廣積,10,1,9,元大-桃興,2023-09-14,9894
3013,晟銘電,35,26,9,元大-桃興,2023-09-14,9894
4942,嘉彰,10,1,9,元大-桃興,2023-09-14,9894
1471,首利,13,4,9,元大-桃興,2023-09-14,9894
00893,國泰智能電動車,10,1,9,元大-桃興,2023-09-14,9894
2476,鉅祥,10,1,9,元大-桃興,2023-09-14,9894
2609,陽明,498,84,414,元大-桃興,2023-09-15,9894
00929,復華台灣科技優息,233,45,188,元大-桃興,2023-09-15,9894
3024,憶聲,105,0,105,元大-桃興,2023-09-15,9894
00918,大華優利高填息30,89,0,89,元大-桃興,2023-09-15,9894
1314,中石化,77,3,74,元大-桃興,2023-09-15,9894
2891,中信金,68,4,64,元大-桃興,2023-09-15,9894
00632R,元大台灣50反1,60,0,60,元大-桃興,2023-09-15,9894
2637,慧洋-KY,76,16,60,元大-桃興,2023-09-15,9894
00931B,統一美債20年,54,0,54,元大-桃興,2023-09-15,9894
00673R,期元大S＆P原油反1,58,4,54,元大-桃興,2023-09-15,9894
1312,國喬,50,0,50,元大-桃興,2023-09-15,9894
00671R,富邦NASDAQ反1,50,0,50,元大-桃興,2023-09-15,9894
2903,遠百,42,1,41,元大-桃興,2023-09-15,9894
2486,一詮,53,13,40,元大-桃興,2023-09-15,9894
2636,台驊控股,40,1,39,元大-桃興,2023-09-15,9894
8358,金居,40,2,38,元大-桃興,2023-09-15,9894
2881,富邦金,36,0,36,元大-桃興,2023-09-15,9894
1217,愛之味,45,11,34,元大-桃興,2023-09-15,9894
00679B,元大美債20年,32,0,32,元大-桃興,2023-09-15,9894
2484,希華,30,0,30,元大-桃興,2023-09-15,9894
00676R,富邦臺灣加權反1,30,0,30,元大-桃興,2023-09-15,9894
2399,映泰,67,37,30,元大-桃興,2023-09-15,9894
6282,康舒,32,4,28,元大-桃興,2023-09-15,9894
2607,榮運,32,6,26,元大-桃興,2023-09-15,9894
2851,中再保,25,0,25,元大-桃興,2023-09-15,9894
00706L,期元大S＆P日圓正2,25,0,25,元大-桃興,2023-09-15,9894
00902,中信電池及儲能,24,0,24,元大-桃興,2023-09-15,9894
00633L,富邦上証正2,24,0,24,元大-桃興,2023-09-15,9894
00932,兆豐永續高息等權,21,0,21,元大-桃興,2023-09-15,9894
00715L,期街口布蘭特正2,21,0,21,元大-桃興,2023-09-15,9894
6770,力積電,19,0,19,元大-桃興,2023-09-15,9894
2354,鴻準,20,1,19,元大-桃興,2023-09-15,9894
1524,耿鼎,21,3,18,元大-桃興,2023-09-15,9894
2317,鴻海,20,3,17,元大-桃興,2023-09-15,9894
3209,全科,18,2,16,元大-桃興,2023-09-15,9894
3338,泰碩,20,4,16,元大-桃興,2023-09-15,9894
6414,樺漢,18,2,16,元大-桃興,2023-09-15,9894
00687B,國泰20年美債,20,6,14,元大-桃興,2023-09-15,9894
6220,岳豐,13,0,13,元大-桃興,2023-09-15,9894
3044,健鼎,19,7,12,元大-桃興,2023-09-15,9894
4906,正文,15,3,12,元大-桃興,2023-09-15,9894
2641,正德,14,3,11,元大-桃興,2023-09-15,9894
2838,聯邦銀,11,0,11,元大-桃興,2023-09-15,9894
6133,金橋,11,0,11,元大-桃興,2023-09-15,9894
3709,鑫聯大投控,11,0,11,元大-桃興,2023-09-15,9894
3078,僑威,10,0,10,元大-桃興,2023-09-15,9894
8050,廣積,11,1,10,元大-桃興,2023-09-15,9894
00773B,中信優先金融債,10,0,10,元大-桃興,2023-09-15,9894
2211,長榮鋼,10,0,10,元大-桃興,2023-09-15,9894
00764B,群益25年美債,10,0,10,元大-桃興,2023-09-15,9894
2014,中鴻,402,15,387,元大-桃興,2023-09-18,9894
00929,復華台灣科技優息,450,81,369,元大-桃興,2023-09-18,9894
00919,群益台灣精選高息,242,54,188,元大-桃興,2023-09-18,9894
2363,矽統,210,98,112,元大-桃興,2023-09-18,9894
00878,國泰永續高股息,96,5,91,元大-桃興,2023-09-18,9894
2607,榮運,65,0,65,元大-桃興,2023-09-18,9894
2337,旺宏,59,3,56,元大-桃興,2023-09-18,9894
00679B,元大美債20年,52,0,52,元大-桃興,2023-09-18,9894
1312,國喬,50,0,50,元大-桃興,2023-09-18,9894
00931B,統一美債20年,53,4,49,元大-桃興,2023-09-18,9894
00921,兆豐龍頭等權重,45,0,45,元大-桃興,2023-09-18,9894
3264,欣銓,48,9,39,元大-桃興,2023-09-18,9894
2025,千興,36,0,36,元大-桃興,2023-09-18,9894
00751B,元大AAA至A公司債,38,6,32,元大-桃興,2023-09-18,9894
00706L,期元大S＆P日圓正2,30,0,30,元大-桃興,2023-09-18,9894
2425,承啟,31,1,30,元大-桃興,2023-09-18,9894
2330,台積電,31,2,29,元大-桃興,2023-09-18,9894
6282,康舒,28,0,28,元大-桃興,2023-09-18,9894
2344,華邦電,28,1,27,元大-桃興,2023-09-18,9894
6585,鼎基,31,4,27,元大-桃興,2023-09-18,9894
3231,緯創,40,13,27,元大-桃興,2023-09-18,9894
2356,英業達,36,11,25,元大-桃興,2023-09-18,9894
00720B,元大投資級公司債,23,0,23,元大-桃興,2023-09-18,9894
2888,新光金,33,10,23,元大-桃興,2023-09-18,9894
2324,仁寶,23,1,22,元大-桃興,2023-09-18,9894
2382,廣達,38,17,21,元大-桃興,2023-09-18,9894
3481,群創,35,14,21,元大-桃興,2023-09-18,9894
2497,怡利電,20,0,20,元大-桃興,2023-09-18,9894
00932,兆豐永續高息等權,20,0,20,元大-桃興,2023-09-18,9894
00670L,富邦NASDAQ正2,20,0,20,元大-桃興,2023-09-18,9894
00918,大華優利高填息30,19,0,19,元大-桃興,2023-09-18,9894
1305,華夏,20,1,19,元大-桃興,2023-09-18,9894
5234,達興材料,28,9,19,元大-桃興,2023-09-18,9894
2486,一詮,40,21,19,元大-桃興,2023-09-18,9894
00772B,中信高評級公司債,21,3,18,元大-桃興,2023-09-18,9894
00882,中信中國高股息,16,0,16,元大-桃興,2023-09-18,9894
2538,基泰,22,6,16,元大-桃興,2023-09-18,9894
8068,全達,17,1,16,元大-桃興,2023-09-18,9894
00665L,富邦�琤肭磪囓�2,16,1,15,元大-桃興,2023-09-18,9894
2352,佳世達,16,2,14,元大-桃興,2023-09-18,9894
00900,富邦特選高股息30,24,10,14,元大-桃興,2023-09-18,9894
1605,華新,13,0,13,元大-桃興,2023-09-18,9894
3078,僑威,13,0,13,元大-桃興,2023-09-18,9894
00885,富邦越南,15,2,13,元大-桃興,2023-09-18,9894
1802,台玻,14,1,13,元大-桃興,2023-09-18,9894
2887,台新金,16,3,13,元大-桃興,2023-09-18,9894
3363,上詮,18,5,13,元大-桃興,2023-09-18,9894
2427,三商電,24,13,11,元大-桃興,2023-09-18,9894
00915,凱基優選高股息30,11,0,11,元大-桃興,2023-09-18,9894
1515,力山,11,0,11,元大-桃興,2023-09-18,9894
00932,兆豐永續高息等權,150,0,150,元大-桃興,2023-09-19,9894
00929,復華台灣科技優息,269,189,80,元大-桃興,2023-09-19,9894
2838,聯邦銀,78,0,78,元大-桃興,2023-09-19,9894
2337,旺宏,79,6,73,元大-桃興,2023-09-19,9894
00919,群益台灣精選高息,78,10,68,元大-桃興,2023-09-19,9894
00921,兆豐龍頭等權重,56,0,56,元大-桃興,2023-09-19,9894
2363,矽統,219,169,50,元大-桃興,2023-09-19,9894
2492,華新科,50,2,48,元大-桃興,2023-09-19,9894
6901,鑽石投資,45,2,43,元大-桃興,2023-09-19,9894
2618,長榮航,68,32,36,元大-桃興,2023-09-19,9894
00878,國泰永續高股息,50,17,33,元大-桃興,2023-09-19,9894
2883,凱基金,30,0,30,元大-桃興,2023-09-19,9894
00915,凱基優選高股息30,27,0,27,元大-桃興,2023-09-19,9894
2382,廣達,50,24,26,元大-桃興,2023-09-19,9894
2603,長榮,25,3,22,元大-桃興,2023-09-19,9894
2354,鴻準,95,73,22,元大-桃興,2023-09-19,9894
00706L,期元大S＆P日圓正2,20,0,20,元大-桃興,2023-09-19,9894
3163,波若威,33,13,20,元大-桃興,2023-09-19,9894
3088,艾訊,20,0,20,元大-桃興,2023-09-19,9894
00931B,統一美債20年,20,1,19,元大-桃興,2023-09-19,9894
8064,東捷,19,0,19,元大-桃興,2023-09-19,9894
2002,中鋼,19,0,19,元大-桃興,2023-09-19,9894
2323,中環,18,0,18,元大-桃興,2023-09-19,9894
2610,華航,43,26,17,元大-桃興,2023-09-19,9894
2330,台積電,18,2,16,元大-桃興,2023-09-19,9894
2313,華通,126,111,15,元大-桃興,2023-09-19,9894
3362,先進光,17,3,14,元大-桃興,2023-09-19,9894
3036,文曄,20,6,14,元大-桃興,2023-09-19,9894
2436,偉詮電,26,13,13,元大-桃興,2023-09-19,9894
4167,松瑞藥,13,0,13,元大-桃興,2023-09-19,9894
6269,台郡,13,0,13,元大-桃興,2023-09-19,9894
3528,安馳,12,0,12,元大-桃興,2023-09-19,9894
2374,佳能,14,2,12,元大-桃興,2023-09-19,9894
4967,十銓,12,0,12,元大-桃興,2023-09-19,9894
2486,一詮,16,4,12,元大-桃興,2023-09-19,9894
3231,緯創,80,69,11,元大-桃興,2023-09-19,9894
3013,晟銘電,12,1,11,元大-桃興,2023-09-19,9894
6605,帝寶,12,1,11,元大-桃興,2023-09-19,9894
2025,千興,11,0,11,元大-桃興,2023-09-19,9894
2388,威盛,75,66,9,元大-桃興,2023-09-19,9894
1312,國喬,10,1,9,元大-桃興,2023-09-19,9894
2332,友訊,23,14,9,元大-桃興,2023-09-19,9894
1319,東陽,34,25,9,元大-桃興,2023-09-19,9894
3033,威健,8,0,8,元大-桃興,2023-09-19,9894
3011,今皓,8,0,8,元大-桃興,2023-09-19,9894
2645,長榮航太,8,0,8,元大-桃興,2023-09-19,9894
5272,笙科,8,0,8,元大-桃興,2023-09-19,9894
00712,復華富時不動產,8,0,8,元大-桃興,2023-09-19,9894
00753L,中信中國50正2,7,0,7,元大-桃興,2023-09-19,9894
1101,台泥,9,2,7,元大-桃興,2023-09-19,9894
00929,復華台灣科技優息,453,122,331,元大-桃興,2023-09-20,9894
00919,群益台灣精選高息,162,2,160,元大-桃興,2023-09-20,9894
2834,臺企銀,50,1,49,元大-桃興,2023-09-20,9894
2201,裕隆,67,22,45,元大-桃興,2023-09-20,9894
2313,華通,91,52,39,元大-桃興,2023-09-20,9894
1312,國喬,49,10,39,元大-桃興,2023-09-20,9894
2367,燿華,58,20,38,元大-桃興,2023-09-20,9894
3715,定穎投控,115,79,36,元大-桃興,2023-09-20,9894
2614,東森,35,0,35,元大-桃興,2023-09-20,9894
1605,華新,37,10,27,元大-桃興,2023-09-20,9894
2618,長榮航,34,8,26,元大-桃興,2023-09-20,9894
1101,台泥,25,0,25,元大-桃興,2023-09-20,9894
2883,凱基金,26,2,24,元大-桃興,2023-09-20,9894
00923,群益台ESG低碳50,23,0,23,元大-桃興,2023-09-20,9894
2449,京元電子,33,10,23,元大-桃興,2023-09-20,9894
3706,神達,86,64,22,元大-桃興,2023-09-20,9894
3209,全科,22,1,21,元大-桃興,2023-09-20,9894
6139,亞翔,20,0,20,元大-桃興,2023-09-20,9894
00679B,元大美債20年,29,10,19,元大-桃興,2023-09-20,9894
2330,台積電,19,0,19,元大-桃興,2023-09-20,9894
00720B,元大投資級公司債,18,0,18,元大-桃興,2023-09-20,9894
0056,元大高股息,20,3,17,元大-桃興,2023-09-20,9894
2332,友訊,19,2,17,元大-桃興,2023-09-20,9894
2890,永豐金,17,0,17,元大-桃興,2023-09-20,9894
2388,威盛,29,13,16,元大-桃興,2023-09-20,9894
00932,兆豐永續高息等權,31,15,16,元大-桃興,2023-09-20,9894
1217,愛之味,16,0,16,元大-桃興,2023-09-20,9894
2352,佳世達,15,0,15,元大-桃興,2023-09-20,9894
2377,微星,23,8,15,元大-桃興,2023-09-20,9894
3680,家登,15,0,15,元大-桃興,2023-09-20,9894
1802,台玻,17,2,15,元大-桃興,2023-09-20,9894
2363,矽統,104,89,15,元大-桃興,2023-09-20,9894
3363,上詮,15,0,15,元大-桃興,2023-09-20,9894
2634,漢翔,17,2,15,元大-桃興,2023-09-20,9894
00713,元大台灣高息低波,16,2,14,元大-桃興,2023-09-20,9894
3481,群創,22,8,14,元大-桃興,2023-09-20,9894
00632R,元大台灣50反1,14,0,14,元大-桃興,2023-09-20,9894
2353,宏��,19,5,14,元大-桃興,2023-09-20,9894
2356,英業達,32,18,14,元大-桃興,2023-09-20,9894
1795,美時,13,0,13,元大-桃興,2023-09-20,9894
00706L,期元大S＆P日圓正2,13,0,13,元大-桃興,2023-09-20,9894
3265,台星科,27,14,13,元大-桃興,2023-09-20,9894
00795B,中信美國公債20年,12,0,12,元大-桃興,2023-09-20,9894
3037,欣興,15,3,12,元大-桃興,2023-09-20,9894
3264,欣銓,34,22,12,元大-桃興,2023-09-20,9894
4915,致伸,13,1,12,元大-桃興,2023-09-20,9894
006208,富邦台50,12,0,12,元大-桃興,2023-09-20,9894
2317,鴻海,13,2,11,元大-桃興,2023-09-20,9894
00642U,期元大S＆P石油,11,0,11,元大-桃興,2023-09-20,9894
6901,鑽石投資,15,4,11,元大-桃興,2023-09-20,9894
00929,復華台灣科技優息,324,96,228,元大-桃興,2023-09-21,9894
00919,群益台灣精選高息,107,0,107,元大-桃興,2023-09-21,9894
2408,南亞科,102,2,100,元大-桃興,2023-09-21,9894
00922,國泰台灣領袖50,61,0,61,元大-桃興,2023-09-21,9894
2002,中鋼,49,0,49,元大-桃興,2023-09-21,9894
00878,國泰永續高股息,73,32,41,元大-桃興,2023-09-21,9894
5880,合庫金,39,0,39,元大-桃興,2023-09-21,9894
0056,元大高股息,37,1,36,元大-桃興,2023-09-21,9894
0050,元大台灣50,37,1,36,元大-桃興,2023-09-21,9894
00923,群益台ESG低碳50,31,0,31,元大-桃興,2023-09-21,9894
6235,華孚,33,3,30,元大-桃興,2023-09-21,9894
2330,台積電,34,5,29,元大-桃興,2023-09-21,9894
2903,遠百,27,0,27,元大-桃興,2023-09-21,9894
1101,台泥,29,3,26,元大-桃興,2023-09-21,9894
6271,同欣電,26,2,24,元大-桃興,2023-09-21,9894
3625,西勝,22,0,22,元大-桃興,2023-09-21,9894
1717,長興,22,0,22,元大-桃興,2023-09-21,9894
2605,新興,25,4,21,元大-桃興,2023-09-21,9894
6757,台灣虎航,20,0,20,元大-桃興,2023-09-21,9894
2845,遠東銀,20,0,20,元大-桃興,2023-09-21,9894
5530,龍巖,20,0,20,元大-桃興,2023-09-21,9894
2892,第一金,19,0,19,元大-桃興,2023-09-21,9894
4908,前鼎,28,9,19,元大-桃興,2023-09-21,9894
2891,中信金,21,2,19,元大-桃興,2023-09-21,9894
3036,文曄,47,28,19,元大-桃興,2023-09-21,9894
2363,矽統,101,83,18,元大-桃興,2023-09-21,9894
00712,復華富時不動產,18,0,18,元大-桃興,2023-09-21,9894
00642U,期元大S＆P石油,16,0,16,元大-桃興,2023-09-21,9894
2887,台新金,16,0,16,元大-桃興,2023-09-21,9894
6122,擎邦,15,0,15,元大-桃興,2023-09-21,9894
00902,中信電池及儲能,14,0,14,元大-桃興,2023-09-21,9894
6153,嘉聯益,14,0,14,元大-桃興,2023-09-21,9894
6168,宏齊,17,3,14,元大-桃興,2023-09-21,9894
2834,臺企銀,16,3,13,元大-桃興,2023-09-21,9894
2377,微星,16,3,13,元大-桃興,2023-09-21,9894
2312,金寶,13,0,13,元大-桃興,2023-09-21,9894
3037,欣興,17,4,13,元大-桃興,2023-09-21,9894
00720B,元大投資級公司債,12,0,12,元大-桃興,2023-09-21,9894
00637L,元大滬深300正2,12,0,12,元大-桃興,2023-09-21,9894
2601,益航,12,0,12,元大-桃興,2023-09-21,9894
2882,國泰金,12,0,12,元大-桃興,2023-09-21,9894
8112,至上,12,1,11,元大-桃興,2023-09-21,9894
2317,鴻海,11,0,11,元大-桃興,2023-09-21,9894
00673R,期元大S＆P原油反1,17,6,11,元大-桃興,2023-09-21,9894
6741,91APP*-KY,11,0,11,元大-桃興,2023-09-21,9894
00882,中信中國高股息,20,10,10,元大-桃興,2023-09-21,9894
4746,台耀,10,0,10,元大-桃興,2023-09-21,9894
00921,兆豐龍頭等權重,10,0,10,元大-桃興,2023-09-21,9894
00670L,富邦NASDAQ正2,10,0,10,元大-桃興,2023-09-21,9894
2367,燿華,23,13,10,元大-桃興,2023-09-21,9894
00679B,元大美債20年,366,0,366,元大-桃興,2023-09-22,9894
00931B,統一美債20年,144,0,144,元大-桃興,2023-09-22,9894
00712,復華富時不動產,118,11,107,元大-桃興,2023-09-22,9894
00676R,富邦臺灣加權反1,80,0,80,元大-桃興,2023-09-22,9894
2883,凱基金,67,0,67,元大-桃興,2023-09-22,9894
00680L,元大美債20正2,66,1,65,元大-桃興,2023-09-22,9894
00929,復華台灣科技優息,150,86,64,元大-桃興,2023-09-22,9894
00772B,中信高評級公司債,60,0,60,元大-桃興,2023-09-22,9894
2313,華通,78,20,58,元大-桃興,2023-09-22,9894
5356,協益,40,0,40,元大-桃興,2023-09-22,9894
2610,華航,73,38,35,元大-桃興,2023-09-22,9894
00919,群益台灣精選高息,65,31,34,元大-桃興,2023-09-22,9894
00751B,元大AAA至A公司債,29,0,29,元大-桃興,2023-09-22,9894
00673R,期元大S＆P原油反1,27,1,26,元大-桃興,2023-09-22,9894
2323,中環,30,4,26,元大-桃興,2023-09-22,9894
1101,台泥,25,0,25,元大-桃興,2023-09-22,9894
4908,前鼎,95,70,25,元大-桃興,2023-09-22,9894
2303,聯電,23,0,23,元大-桃興,2023-09-22,9894
8932,智通*,22,0,22,元大-桃興,2023-09-22,9894
2905,三商,23,2,21,元大-桃興,2023-09-22,9894
1616,億泰,21,0,21,元大-桃興,2023-09-22,9894
2486,一詮,24,4,20,元大-桃興,2023-09-22,9894
00734B,台新JPM新興債,20,0,20,元大-桃興,2023-09-22,9894
4939,亞電,20,0,20,元大-桃興,2023-09-22,9894
4906,正文,26,7,19,元大-桃興,2023-09-22,9894
00773B,中信優先金融債,18,0,18,元大-桃興,2023-09-22,9894
1802,台玻,23,5,18,元大-桃興,2023-09-22,9894
00878,國泰永續高股息,38,20,18,元大-桃興,2023-09-22,9894
00795B,中信美國公債20年,17,0,17,元大-桃興,2023-09-22,9894
2542,興富發,19,2,17,元大-桃興,2023-09-22,9894
3231,緯創,53,37,16,元大-桃興,2023-09-22,9894
3013,晟銘電,44,28,16,元大-桃興,2023-09-22,9894
2330,台積電,18,2,16,元大-桃興,2023-09-22,9894
2607,榮運,15,0,15,元大-桃興,2023-09-22,9894
6122,擎邦,15,0,15,元大-桃興,2023-09-22,9894
2881,富邦金,13,0,13,元大-桃興,2023-09-22,9894
2618,長榮航,38,25,13,元大-桃興,2023-09-22,9894
2634,漢翔,13,1,12,元大-桃興,2023-09-22,9894
00905,FT臺灣Smart,12,0,12,元大-桃興,2023-09-22,9894
3163,波若威,41,29,12,元大-桃興,2023-09-22,9894
00923,群益台ESG低碳50,11,0,11,元大-桃興,2023-09-22,9894
00722B,群益投資級電信債,11,0,11,元大-桃興,2023-09-22,9894
1504,東元,34,23,11,元大-桃興,2023-09-22,9894
6285,啟��,15,5,10,元大-桃興,2023-09-22,9894
3625,西勝,10,0,10,元大-桃興,2023-09-22,9894
00764B,群益25年美債,10,0,10,元大-桃興,2023-09-22,9894
2834,臺企銀,10,0,10,元大-桃興,2023-09-22,9894
00715L,期街口布蘭特正2,10,0,10,元大-桃興,2023-09-22,9894
2337,旺宏,11,2,9,元大-桃興,2023-09-22,9894
3481,群創,9,1,8,元大-桃興,2023-09-22,9894
00919,群益台灣精選高息,116,21,95,元大-桃興,2023-09-25,9894
00679B,元大美債20年,58,0,58,元大-桃興,2023-09-25,9894
1101,台泥,56,4,52,元大-桃興,2023-09-25,9894
1584,精剛,99,47,52,元大-桃興,2023-09-25,9894
2838,聯邦銀,52,2,50,元大-桃興,2023-09-25,9894
00878,國泰永續高股息,46,2,44,元大-桃興,2023-09-25,9894
00929,復華台灣科技優息,44,0,44,元大-桃興,2023-09-25,9894
2363,矽統,145,111,34,元大-桃興,2023-09-25,9894
8358,金居,26,1,25,元大-桃興,2023-09-25,9894
00632R,元大台灣50反1,25,0,25,元大-桃興,2023-09-25,9894
2618,長榮航,32,8,24,元大-桃興,2023-09-25,9894
3615,安可,23,2,21,元大-桃興,2023-09-25,9894
6829,千附精密,21,0,21,元大-桃興,2023-09-25,9894
00706L,期元大S＆P日圓正2,20,0,20,元大-桃興,2023-09-25,9894
00676R,富邦臺灣加權反1,20,0,20,元大-桃興,2023-09-25,9894
2419,仲琦,20,0,20,元大-桃興,2023-09-25,9894
4979,華星光,30,11,19,元大-桃興,2023-09-25,9894
00655L,國泰中國A50正2,18,0,18,元大-桃興,2023-09-25,9894
3231,緯創,40,25,15,元大-桃興,2023-09-25,9894
2367,燿華,27,12,15,元大-桃興,2023-09-25,9894
1217,愛之味,13,0,13,元大-桃興,2023-09-25,9894
00932,兆豐永續高息等權,12,0,12,元大-桃興,2023-09-25,9894
6757,台灣虎航,11,0,11,元大-桃興,2023-09-25,9894
2371,大同,17,6,11,元大-桃興,2023-09-25,9894
5011,久陽,11,0,11,元大-桃興,2023-09-25,9894
3709,鑫聯大投控,10,0,10,元大-桃興,2023-09-25,9894
2601,益航,10,0,10,元大-桃興,2023-09-25,9894
2338,光罩,10,0,10,元大-桃興,2023-09-25,9894
2313,華通,30,21,9,元大-桃興,2023-09-25,9894
2206,三陽工業,23,14,9,元大-桃興,2023-09-25,9894
2382,廣達,43,35,8,元大-桃興,2023-09-25,9894
2303,聯電,16,8,8,元大-桃興,2023-09-25,9894
2441,超豐,8,0,8,元大-桃興,2023-09-25,9894
2002,中鋼,13,5,8,元大-桃興,2023-09-25,9894
2409,友達,8,0,8,元大-桃興,2023-09-25,9894
3230,錦明,8,0,8,元大-桃興,2023-09-25,9894
5469,瀚宇博,8,1,7,元大-桃興,2023-09-25,9894
3081,聯亞,9,2,7,元大-桃興,2023-09-25,9894
2886,兆豐金,8,1,7,元大-桃興,2023-09-25,9894
2449,京元電子,7,1,6,元大-桃興,2023-09-25,9894
2316,楠梓電,6,0,6,元大-桃興,2023-09-25,9894
3450,聯鈞,31,25,6,元大-桃興,2023-09-25,9894
4967,十銓,16,10,6,元大-桃興,2023-09-25,9894
2025,千興,6,0,6,元大-桃興,2023-09-25,9894
6147,頎邦,6,0,6,元大-桃興,2023-09-25,9894
1609,大亞,13,7,6,元大-桃興,2023-09-25,9894
0056,元大高股息,14,8,6,元大-桃興,2023-09-25,9894
6139,亞翔,16,10,6,元大-桃興,2023-09-25,9894
2887,台新金,6,1,5,元大-桃興,2023-09-25,9894
2882,國泰金,5,0,5,元大-桃興,2023-09-25,9894
00679B,元大美債20年,263,1,262,元大-桃興,2023-09-26,9894
00929,復華台灣科技優息,115,16,99,元大-桃興,2023-09-26,9894
2303,聯電,84,0,84,元大-桃興,2023-09-26,9894
00919,群益台灣精選高息,76,1,75,元大-桃興,2023-09-26,9894
00931B,統一美債20年,52,0,52,元大-桃興,2023-09-26,9894
00888,永豐台灣ESG,51,0,51,元大-桃興,2023-09-26,9894
9960,邁達康,50,0,50,元大-桃興,2023-09-26,9894
2618,長榮航,60,13,47,元大-桃興,2023-09-26,9894
3711,日月光投控,45,1,44,元大-桃興,2023-09-26,9894
2408,南亞科,43,2,41,元大-桃興,2023-09-26,9894
3024,憶聲,38,0,38,元大-桃興,2023-09-26,9894
1815,富喬,67,32,35,元大-桃興,2023-09-26,9894
00772B,中信高評級公司債,32,0,32,元大-桃興,2023-09-26,9894
6116,彩晶,32,0,32,元大-桃興,2023-09-26,9894
0050,元大台灣50,27,0,27,元大-桃興,2023-09-26,9894
1101,台泥,25,0,25,元大-桃興,2023-09-26,9894
2382,廣達,55,32,23,元大-桃興,2023-09-26,9894
2427,三商電,24,1,23,元大-桃興,2023-09-26,9894
2337,旺宏,33,11,22,元大-桃興,2023-09-26,9894
0056,元大高股息,21,0,21,元大-桃興,2023-09-26,9894
2606,裕民,21,0,21,元大-桃興,2023-09-26,9894
2614,東森,22,2,20,元大-桃興,2023-09-26,9894
3037,欣興,20,2,18,元大-桃興,2023-09-26,9894
00637L,元大滬深300正2,38,20,18,元大-桃興,2023-09-26,9894
1584,精剛,23,5,18,元大-桃興,2023-09-26,9894
2610,華航,28,10,18,元大-桃興,2023-09-26,9894
3047,訊舟,18,0,18,元大-桃興,2023-09-26,9894
3481,群創,18,0,18,元大-桃興,2023-09-26,9894
2344,華邦電,17,0,17,元大-桃興,2023-09-26,9894
2352,佳世達,29,12,17,元大-桃興,2023-09-26,9894
1339,昭輝,25,9,16,元大-桃興,2023-09-26,9894
4533,協易機,16,0,16,元大-桃興,2023-09-26,9894
00932,兆豐永續高息等權,16,0,16,元大-桃興,2023-09-26,9894
00751B,元大AAA至A公司債,16,0,16,元大-桃興,2023-09-26,9894
00734B,台新JPM新興債,15,0,15,元大-桃興,2023-09-26,9894
2330,台積電,16,1,15,元大-桃興,2023-09-26,9894
00885,富邦越南,14,0,14,元大-桃興,2023-09-26,9894
2316,楠梓電,15,1,14,元大-桃興,2023-09-26,9894
4979,華星光,35,21,14,元大-桃興,2023-09-26,9894
00900,富邦特選高股息30,12,0,12,元大-桃興,2023-09-26,9894
1909,榮成,12,0,12,元大-桃興,2023-09-26,9894
1524,耿鼎,32,20,12,元大-桃興,2023-09-26,9894
2542,興富發,13,1,12,元大-桃興,2023-09-26,9894
2888,新光金,12,0,12,元大-桃興,2023-09-26,9894
6213,聯茂,12,0,12,元大-桃興,2023-09-26,9894
00922,國泰台灣領袖50,12,0,12,元大-桃興,2023-09-26,9894
00753L,中信中國50正2,12,0,12,元大-桃興,2023-09-26,9894
2884,玉山金,11,0,11,元大-桃興,2023-09-26,9894
2317,鴻海,13,2,11,元大-桃興,2023-09-26,9894
2363,矽統,111,100,11,元大-桃興,2023-09-26,9894
9945,潤泰新,200,2,198,元大-桃興,2023-09-27,9894
00673R,期元大S＆P原油反1,160,0,160,元大-桃興,2023-09-27,9894
00929,復華台灣科技優息,132,1,131,元大-桃興,2023-09-27,9894
00712,復華富時不動產,107,0,107,元大-桃興,2023-09-27,9894
6213,聯茂,51,1,50,元大-桃興,2023-09-27,9894
9105,泰金寶-DR,50,0,50,元大-桃興,2023-09-27,9894
2303,聯電,49,1,48,元大-桃興,2023-09-27,9894
1312,國喬,44,1,43,元大-桃興,2023-09-27,9894
6271,同欣電,43,1,42,元大-桃興,2023-09-27,9894
1815,富喬,34,0,34,元大-桃興,2023-09-27,9894
00919,群益台灣精選高息,47,15,32,元大-桃興,2023-09-27,9894
2002,中鋼,36,5,31,元大-桃興,2023-09-27,9894
5356,協益,28,0,28,元大-桃興,2023-09-27,9894
2421,建準,62,35,27,元大-桃興,2023-09-27,9894
2885,元大金,24,0,24,元大-桃興,2023-09-27,9894
6806,森崴能源,29,8,21,元大-桃興,2023-09-27,9894
1618,合機,57,37,20,元大-桃興,2023-09-27,9894
00671R,富邦NASDAQ反1,20,0,20,元大-桃興,2023-09-27,9894
1802,台玻,16,0,16,元大-桃興,2023-09-27,9894
2427,三商電,15,0,15,元大-桃興,2023-09-27,9894
00931B,統一美債20年,15,0,15,元大-桃興,2023-09-27,9894
6770,力積電,27,12,15,元大-桃興,2023-09-27,9894
3037,欣興,16,3,13,元大-桃興,2023-09-27,9894
1101,台泥,21,9,12,元大-桃興,2023-09-27,9894
2891,中信金,12,0,12,元大-桃興,2023-09-27,9894
00655L,國泰中國A50正2,12,0,12,元大-桃興,2023-09-27,9894
1605,華新,16,4,12,元大-桃興,2023-09-27,9894
2601,益航,12,1,11,元大-桃興,2023-09-27,9894
2006,東和鋼鐵,11,0,11,元大-桃興,2023-09-27,9894
3013,晟銘電,11,0,11,元大-桃興,2023-09-27,9894
6443,元晶,10,0,10,元大-桃興,2023-09-27,9894
2492,華新科,10,0,10,元大-桃興,2023-09-27,9894
2014,中鴻,12,2,10,元大-桃興,2023-09-27,9894
2344,華邦電,13,3,10,元大-桃興,2023-09-27,9894
2516,新建,9,0,9,元大-桃興,2023-09-27,9894
2801,彰銀,9,0,9,元大-桃興,2023-09-27,9894
2358,廷鑫,10,1,9,元大-桃興,2023-09-27,9894
2641,正德,12,3,9,元大-桃興,2023-09-27,9894
1513,中興電,14,6,8,元大-桃興,2023-09-27,9894
00923,群益台ESG低碳50,8,0,8,元大-桃興,2023-09-27,9894
0050,元大台灣50,8,0,8,元大-桃興,2023-09-27,9894
1305,華夏,7,0,7,元大-桃興,2023-09-27,9894
2337,旺宏,30,23,7,元大-桃興,2023-09-27,9894
2201,裕隆,23,16,7,元大-桃興,2023-09-27,9894
8064,東捷,13,6,7,元大-桃興,2023-09-27,9894
00751B,元大AAA至A公司債,6,0,6,元大-桃興,2023-09-27,9894
00772B,中信高評級公司債,6,0,6,元大-桃興,2023-09-27,9894
9904,寶成,6,0,6,元大-桃興,2023-09-27,9894
00720B,元大投資級公司債,6,0,6,元大-桃興,2023-09-27,9894
6147,頎邦,7,1,6,元大-桃興,2023-09-27,9894
2356,英業達,121,6,115,元大-桃興,2023-09-28,9894
5452,佶優,111,6,105,元大-桃興,2023-09-28,9894
00929,復華台灣科技優息,91,20,71,元大-桃興,2023-09-28,9894
00931B,統一美債20年,70,5,65,元大-桃興,2023-09-28,9894
2002,中鋼,55,5,50,元大-桃興,2023-09-28,9894
2610,華航,67,22,45,元大-桃興,2023-09-28,9894
00712,復華富時不動產,45,4,41,元大-桃興,2023-09-28,9894
3706,神達,61,26,35,元大-桃興,2023-09-28,9894
2421,建準,35,3,32,元大-桃興,2023-09-28,9894
1584,精剛,34,2,32,元大-桃興,2023-09-28,9894
3481,群創,31,0,31,元大-桃興,2023-09-28,9894
2406,國碩,31,0,31,元大-桃興,2023-09-28,9894
2408,南亞科,31,0,31,元大-桃興,2023-09-28,9894
00919,群益台灣精選高息,29,0,29,元大-桃興,2023-09-28,9894
00720B,元大投資級公司債,29,1,28,元大-桃興,2023-09-28,9894
3231,緯創,84,58,26,元大-桃興,2023-09-28,9894
00751B,元大AAA至A公司債,25,0,25,元大-桃興,2023-09-28,9894
2201,裕隆,34,12,22,元大-桃興,2023-09-28,9894
00637L,元大滬深300正2,21,0,21,元大-桃興,2023-09-28,9894
2313,華通,85,64,21,元大-桃興,2023-09-28,9894
2606,裕民,21,1,20,元大-桃興,2023-09-28,9894
00681R,元大美債20反1,20,0,20,元大-桃興,2023-09-28,9894
00673R,期元大S＆P原油反1,40,20,20,元大-桃興,2023-09-28,9894
2485,兆赫,20,0,20,元大-桃興,2023-09-28,9894
2363,矽統,73,55,18,元大-桃興,2023-09-28,9894
2516,新建,17,0,17,元大-桃興,2023-09-28,9894
00665L,富邦�琤肭磪囓�2,16,0,16,元大-桃興,2023-09-28,9894
2317,鴻海,20,5,15,元大-桃興,2023-09-28,9894
2618,長榮航,22,7,15,元大-桃興,2023-09-28,9894
2324,仁寶,16,2,14,元大-桃興,2023-09-28,9894
2344,華邦電,21,8,13,元大-桃興,2023-09-28,9894
3105,穩懋,16,4,12,元大-桃興,2023-09-28,9894
2605,新興,15,3,12,元大-桃興,2023-09-28,9894
00706L,期元大S＆P日圓正2,12,0,12,元大-桃興,2023-09-28,9894
00773B,中信優先金融債,12,0,12,元大-桃興,2023-09-28,9894
3630,新鉅科,16,4,12,元大-桃興,2023-09-28,9894
3037,欣興,16,5,11,元大-桃興,2023-09-28,9894
6477,安集,12,1,11,元大-桃興,2023-09-28,9894
3042,晶技,10,0,10,元大-桃興,2023-09-28,9894
5258,虹堡,14,4,10,元大-桃興,2023-09-28,9894
910861,神州-DR,10,0,10,元大-桃興,2023-09-28,9894
3138,耀登,10,0,10,元大-桃興,2023-09-28,9894
3450,聯鈞,13,3,10,元大-桃興,2023-09-28,9894
3078,僑威,13,4,9,元大-桃興,2023-09-28,9894
2377,微星,9,0,9,元大-桃興,2023-09-28,9894
8109,博大,9,0,9,元大-桃興,2023-09-28,9894
00679B,元大美債20年,36,27,9,元大-桃興,2023-09-28,9894
00772B,中信高評級公司債,29,20,9,元大-桃興,2023-09-28,9894
00878,國泰永續高股息,12,3,9,元大-桃興,2023-09-28,9894
1560,中砂,16,8,8,元大-桃興,2023-09-28,9894
00671R,富邦NASDAQ反1,100,0,100,元大-桃興,2023-10-02,9894
00637L,元大滬深300正2,100,16,84,元大-桃興,2023-10-02,9894
00931B,統一美債20年,240,165,75,元大-桃興,2023-10-02,9894
2440,太空梭,50,0,50,元大-桃興,2023-10-02,9894
00929,復華台灣科技優息,56,13,43,元大-桃興,2023-10-02,9894
2888,新光金,40,0,40,元大-桃興,2023-10-02,9894
00900,富邦特選高股息30,30,0,30,元大-桃興,2023-10-02,9894
3025,星通,25,0,25,元大-桃興,2023-10-02,9894
3715,定穎投控,108,84,24,元大-桃興,2023-10-02,9894
2354,鴻準,23,1,22,元大-桃興,2023-10-02,9894
2002,中鋼,22,2,20,元大-桃興,2023-10-02,9894
2332,友訊,20,0,20,元大-桃興,2023-10-02,9894
2329,華泰,51,31,20,元大-桃興,2023-10-02,9894
00632R,元大台灣50反1,20,0,20,元大-桃興,2023-10-02,9894
3483,力致,25,6,19,元大-桃興,2023-10-02,9894
2603,長榮,26,7,19,元大-桃興,2023-10-02,9894
3005,神基,20,2,18,元大-桃興,2023-10-02,9894
00772B,中信高評級公司債,18,0,18,元大-桃興,2023-10-02,9894
6282,康舒,27,10,17,元大-桃興,2023-10-02,9894
2618,長榮航,63,47,16,元大-桃興,2023-10-02,9894
2409,友達,22,6,16,元大-桃興,2023-10-02,9894
3682,亞太電,15,0,15,元大-桃興,2023-10-02,9894
8112,至上,13,0,13,元大-桃興,2023-10-02,9894
1519,華城,22,9,13,元大-桃興,2023-10-02,9894
3450,聯鈞,33,20,13,元大-桃興,2023-10-02,9894
1301,台塑,14,2,12,元大-桃興,2023-10-02,9894
00720B,元大投資級公司債,12,0,12,元大-桃興,2023-10-02,9894
1907,永豐餘,12,0,12,元大-桃興,2023-10-02,9894
2612,中航,16,4,12,元大-桃興,2023-10-02,9894
4979,華星光,21,10,11,元大-桃興,2023-10-02,9894
00773B,中信優先金融債,12,0,12,元大-桃興,2023-10-02,9894
2606,裕民,13,2,11,元大-桃興,2023-10-02,9894
2609,陽明,22,11,11,元大-桃興,2023-10-02,9894
3230,錦明,11,0,11,元大-桃興,2023-10-02,9894
8420,明揚,11,0,11,元大-桃興,2023-10-02,9894
00680L,元大美債20正2,11,0,11,元大-桃興,2023-10-02,9894
9945,潤泰新,11,1,10,元大-桃興,2023-10-02,9894
00706L,期元大S＆P日圓正2,10,0,10,元大-桃興,2023-10-02,9894
00708L,期元大S＆P黃金正2,10,0,10,元大-桃興,2023-10-02,9894
1524,耿鼎,18,8,10,元大-桃興,2023-10-02,9894
00676R,富邦臺灣加權反1,10,0,10,元大-桃興,2023-10-02,9894
00715L,期街口布蘭特正2,13,3,10,元大-桃興,2023-10-02,9894
00719B,元大美債1-3,10,0,10,元大-桃興,2023-10-02,9894
2867,三商壽,10,0,10,元大-桃興,2023-10-02,9894
6220,岳豐,10,0,10,元大-桃興,2023-10-02,9894
2368,金像電,20,10,10,元大-桃興,2023-10-02,9894
00679B,元大美債20年,29,19,10,元大-桃興,2023-10-02,9894
3010,華立,10,1,9,元大-桃興,2023-10-02,9894
2405,輔信,10,1,9,元大-桃興,2023-10-02,9894
2885,元大金,10,2,8,元大-桃興,2023-10-02,9894
00673R,期元大S＆P原油反1,327,47,280,元大-桃興,2023-10-03,9894
2303,聯電,112,3,109,元大-桃興,2023-10-03,9894
00671R,富邦NASDAQ反1,100,0,100,元大-桃興,2023-10-03,9894
00929,復華台灣科技優息,101,10,91,元大-桃興,2023-10-03,9894
3231,緯創,110,29,81,元大-桃興,2023-10-03,9894
2409,友達,133,54,79,元大-桃興,2023-10-03,9894
3481,群創,111,37,74,元大-桃興,2023-10-03,9894
00919,群益台灣精選高息,76,7,69,元大-桃興,2023-10-03,9894
00637L,元大滬深300正2,61,0,61,元大-桃興,2023-10-03,9894
00712,復華富時不動產,57,4,53,元大-桃興,2023-10-03,9894
2618,長榮航,68,19,49,元大-桃興,2023-10-03,9894
00891,中信關鍵半導體,41,0,41,元大-桃興,2023-10-03,9894
00641R,富邦日本反1,40,0,40,元大-桃興,2023-10-03,9894
00719B,元大美債1-3,40,0,40,元大-桃興,2023-10-03,9894
3013,晟銘電,81,42,39,元大-桃興,2023-10-03,9894
00931B,統一美債20年,34,1,33,元大-桃興,2023-10-03,9894
2363,矽統,102,78,24,元大-桃興,2023-10-03,9894
2891,中信金,23,0,23,元大-桃興,2023-10-03,9894
00679B,元大美債20年,21,0,21,元大-桃興,2023-10-03,9894
2596,綠意,20,0,20,元大-桃興,2023-10-03,9894
00632R,元大台灣50反1,30,10,20,元大-桃興,2023-10-03,9894
1802,台玻,31,11,20,元大-桃興,2023-10-03,9894
6757,台灣虎航,20,0,20,元大-桃興,2023-10-03,9894
8201,無敵,20,0,20,元大-桃興,2023-10-03,9894
2882,國泰金,19,1,18,元大-桃興,2023-10-03,9894
00882,中信中國高股息,18,0,18,元大-桃興,2023-10-03,9894
6279,胡連,20,2,18,元大-桃興,2023-10-03,9894
1618,合機,18,0,18,元大-桃興,2023-10-03,9894
00878,國泰永續高股息,46,28,18,元大-桃興,2023-10-03,9894
2313,華通,26,9,17,元大-桃興,2023-10-03,9894
00772B,中信高評級公司債,17,1,16,元大-桃興,2023-10-03,9894
2538,基泰,15,0,15,元大-桃興,2023-10-03,9894
00753L,中信中國50正2,17,2,15,元大-桃興,2023-10-03,9894
00922,國泰台灣領袖50,16,2,14,元大-桃興,2023-10-03,9894
4908,前鼎,21,7,14,元大-桃興,2023-10-03,9894
1515,力山,15,1,14,元大-桃興,2023-10-03,9894
6117,迎廣,60,46,14,元大-桃興,2023-10-03,9894
2417,圓剛,21,7,14,元大-桃興,2023-10-03,9894
4746,台耀,13,0,13,元大-桃興,2023-10-03,9894
2425,承啟,13,0,13,元大-桃興,2023-10-03,9894
00633L,富邦上証正2,13,0,13,元大-桃興,2023-10-03,9894
6282,康舒,14,2,12,元大-桃興,2023-10-03,9894
2405,輔信,13,1,12,元大-桃興,2023-10-03,9894
3483,力致,13,1,12,元大-桃興,2023-10-03,9894
2402,毅嘉,16,4,12,元大-桃興,2023-10-03,9894
00720B,元大投資級公司債,14,3,11,元大-桃興,2023-10-03,9894
00665L,富邦�琤肭磪囓�2,41,30,11,元大-桃興,2023-10-03,9894
2881,富邦金,11,0,11,元大-桃興,2023-10-03,9894
2542,興富發,11,0,11,元大-桃興,2023-10-03,9894
00923,群益台ESG低碳50,11,0,11,元大-桃興,2023-10-03,9894
00632R,元大台灣50反1,300,70,230,元大-桃興,2023-10-04,9894
00671R,富邦NASDAQ反1,200,2,198,元大-桃興,2023-10-04,9894
00720B,元大投資級公司債,171,2,169,元大-桃興,2023-10-04,9894
00931B,統一美債20年,150,1,149,元大-桃興,2023-10-04,9894
00712,復華富時不動產,99,0,99,元大-桃興,2023-10-04,9894
2303,聯電,89,0,89,元大-桃興,2023-10-04,9894
00673R,期元大S＆P原油反1,73,0,73,元大-桃興,2023-10-04,9894
00751B,元大AAA至A公司債,65,0,65,元大-桃興,2023-10-04,9894
00679B,元大美債20年,88,24,64,元大-桃興,2023-10-04,9894
00919,群益台灣精選高息,62,5,57,元大-桃興,2023-10-04,9894
0056,元大高股息,59,11,48,元大-桃興,2023-10-04,9894
00929,復華台灣科技優息,65,17,48,元大-桃興,2023-10-04,9894
2891,中信金,46,0,46,元大-桃興,2023-10-04,9894
2409,友達,52,7,45,元大-桃興,2023-10-04,9894
2884,玉山金,44,0,44,元大-桃興,2023-10-04,9894
00641R,富邦日本反1,40,0,40,元大-桃興,2023-10-04,9894
1802,台玻,34,2,32,元大-桃興,2023-10-04,9894
3231,緯創,65,34,31,元大-桃興,2023-10-04,9894
00637L,元大滬深300正2,28,0,28,元大-桃興,2023-10-04,9894
2892,第一金,25,0,25,元大-桃興,2023-10-04,9894
00852L,國泰美國道瓊正2,25,0,25,元大-桃興,2023-10-04,9894
0050,元大台灣50,23,0,23,元大-桃興,2023-10-04,9894
2883,凱基金,22,1,21,元大-桃興,2023-10-04,9894
00922,國泰台灣領袖50,21,0,21,元大-桃興,2023-10-04,9894
00680L,元大美債20正2,21,0,21,元大-桃興,2023-10-04,9894
8271,宇瞻,20,1,19,元大-桃興,2023-10-04,9894
1314,中石化,18,0,18,元大-桃興,2023-10-04,9894
2618,長榮航,40,23,17,元大-桃興,2023-10-04,9894
2606,裕民,17,0,17,元大-桃興,2023-10-04,9894
2880,華南金,16,0,16,元大-桃興,2023-10-04,9894
6187,萬潤,19,3,16,元大-桃興,2023-10-04,9894
1216,統一,16,1,15,元大-桃興,2023-10-04,9894
2408,南亞科,17,2,15,元大-桃興,2023-10-04,9894
2886,兆豐金,20,5,15,元大-桃興,2023-10-04,9894
00687B,國泰20年美債,27,13,14,元大-桃興,2023-10-04,9894
4938,和碩,12,0,12,元大-桃興,2023-10-04,9894
3094,聯傑,16,4,12,元大-桃興,2023-10-04,9894
5425,台半,13,1,12,元大-桃興,2023-10-04,9894
2486,一詮,19,7,12,元大-桃興,2023-10-04,9894
2352,佳世達,18,7,11,元大-桃興,2023-10-04,9894
2353,宏��,11,0,11,元大-桃興,2023-10-04,9894
1504,東元,11,0,11,元大-桃興,2023-10-04,9894
2601,益航,11,0,11,元大-桃興,2023-10-04,9894
1101,台泥,11,0,11,元大-桃興,2023-10-04,9894
2881,富邦金,13,3,10,元大-桃興,2023-10-04,9894
00896,中信綠能及電動車,10,0,10,元大-桃興,2023-10-04,9894
2401,凌陽,10,0,10,元大-桃興,2023-10-04,9894
020038,元大ESG配息N,10,0,10,元大-桃興,2023-10-04,9894
8086,宏捷科,11,1,10,元大-桃興,2023-10-04,9894
1608,華榮,10,0,10,元大-桃興,2023-10-04,9894
00712,復華富時不動產,173,0,173,元大-桃興,2023-10-05,9894
00632R,元大台灣50反1,70,0,70,元大-桃興,2023-10-05,9894
2606,裕民,71,5,66,元大-桃興,2023-10-05,9894
00676R,富邦臺灣加權反1,45,0,45,元大-桃興,2023-10-05,9894
2603,長榮,47,12,35,元大-桃興,2023-10-05,9894
3122,笙泉,56,24,32,元大-桃興,2023-10-05,9894
00669R,國泰美國道瓊反1,30,0,30,元大-桃興,2023-10-05,9894
00671R,富邦NASDAQ反1,30,0,30,元大-桃興,2023-10-05,9894
2417,圓剛,47,18,29,元大-桃興,2023-10-05,9894
00679B,元大美債20年,34,6,28,元大-桃興,2023-10-05,9894
00929,復華台灣科技優息,32,5,27,元大-桃興,2023-10-05,9894
00715L,期街口布蘭特正2,27,0,27,元大-桃興,2023-10-05,9894
2612,中航,28,1,27,元大-桃興,2023-10-05,9894
6290,良維,27,5,22,元大-桃興,2023-10-05,9894
3450,聯鈞,24,6,18,元大-桃興,2023-10-05,9894
00919,群益台灣精選高息,18,1,17,元大-桃興,2023-10-05,9894
3481,群創,45,28,17,元大-桃興,2023-10-05,9894
00720B,元大投資級公司債,16,0,16,元大-桃興,2023-10-05,9894
1101,台泥,19,4,15,元大-桃興,2023-10-05,9894
3037,欣興,17,2,15,元大-桃興,2023-10-05,9894
2886,兆豐金,16,1,15,元大-桃興,2023-10-05,9894
2204,中華,15,0,15,元大-桃興,2023-10-05,9894
2421,建準,47,32,15,元大-桃興,2023-10-05,9894
6288,聯嘉,24,9,15,元大-桃興,2023-10-05,9894
6156,松上,15,0,15,元大-桃興,2023-10-05,9894
2408,南亞科,16,2,14,元大-桃興,2023-10-05,9894
3260,威剛,16,3,13,元大-桃興,2023-10-05,9894
6282,康舒,13,0,13,元大-桃興,2023-10-05,9894
1319,東陽,34,21,13,元大-桃興,2023-10-05,9894
9905,大華,12,0,12,元大-桃興,2023-10-05,9894
00664R,國泰臺灣加權反1,12,0,12,元大-桃興,2023-10-05,9894
00673R,期元大S＆P原油反1,14,3,11,元大-桃興,2023-10-05,9894
2355,敬鵬,17,6,11,元大-桃興,2023-10-05,9894
3672,康聯訊,10,0,10,元大-桃興,2023-10-05,9894
2312,金寶,11,1,10,元大-桃興,2023-10-05,9894
910861,神州-DR,10,0,10,元大-桃興,2023-10-05,9894
5512,力麒,10,0,10,元大-桃興,2023-10-05,9894
1815,富喬,31,22,9,元大-桃興,2023-10-05,9894
8210,勤誠,15,6,9,元大-桃興,2023-10-05,9894
00642U,期元大S＆P石油,9,0,9,元大-桃興,2023-10-05,9894
2637,慧洋-KY,16,7,9,元大-桃興,2023-10-05,9894
2316,楠梓電,9,0,9,元大-桃興,2023-10-05,9894
1303,南亞,9,0,9,元大-桃興,2023-10-05,9894
1519,華城,27,18,9,元大-桃興,2023-10-05,9894
2368,金像電,17,8,9,元大-桃興,2023-10-05,9894
2201,裕隆,9,1,8,元大-桃興,2023-10-05,9894
2388,威盛,96,88,8,元大-桃興,2023-10-05,9894
00882,中信中國高股息,9,1,8,元大-桃興,2023-10-05,9894
1609,大亞,15,7,8,元大-桃興,2023-10-05,9894
3059,華晶科,11,4,7,元大-桃興,2023-10-05,9894
00929,復華台灣科技優息,211,4,207,元大-桃興,2023-10-06,9894
2618,長榮航,94,19,75,元大-桃興,2023-10-06,9894
00919,群益台灣精選高息,63,0,63,元大-桃興,2023-10-06,9894
2409,友達,50,2,48,元大-桃興,2023-10-06,9894
2603,長榮,48,2,46,元大-桃興,2023-10-06,9894
2610,華航,42,5,37,元大-桃興,2023-10-06,9894
00715L,期街口布蘭特正2,52,17,35,元大-桃興,2023-10-06,9894
2614,東森,30,0,30,元大-桃興,2023-10-06,9894
00922,國泰台灣領袖50,28,0,28,元大-桃興,2023-10-06,9894
6213,聯茂,27,2,25,元大-桃興,2023-10-06,9894
2612,中航,28,4,24,元大-桃興,2023-10-06,9894
00712,復華富時不動產,22,0,22,元大-桃興,2023-10-06,9894
2027,大成鋼,22,0,22,元大-桃興,2023-10-06,9894
2637,慧洋-KY,24,3,21,元大-桃興,2023-10-06,9894
1524,耿鼎,31,12,19,元大-桃興,2023-10-06,9894
3036,文曄,28,12,16,元大-桃興,2023-10-06,9894
2645,長榮航太,16,0,16,元大-桃興,2023-10-06,9894
2885,元大金,25,10,15,元大-桃興,2023-10-06,9894
1301,台塑,15,0,15,元大-桃興,2023-10-06,9894
00655L,國泰中國A50正2,15,0,15,元大-桃興,2023-10-06,9894
2329,華泰,35,20,15,元大-桃興,2023-10-06,9894
2354,鴻準,16,1,15,元大-桃興,2023-10-06,9894
6451,訊芯-KY,22,7,15,元大-桃興,2023-10-06,9894
00676R,富邦臺灣加權反1,15,0,15,元大-桃興,2023-10-06,9894
00878,國泰永續高股息,30,16,14,元大-桃興,2023-10-06,9894
3704,合勤控,16,2,14,元大-桃興,2023-10-06,9894
3325,旭品,76,62,14,元大-桃興,2023-10-06,9894
3231,緯創,43,29,14,元大-桃興,2023-10-06,9894
2486,一詮,33,20,13,元大-桃興,2023-10-06,9894
3051,力特,20,8,12,元大-桃興,2023-10-06,9894
00734B,台新JPM新興債,12,0,12,元大-桃興,2023-10-06,9894
2542,興富發,21,10,11,元大-桃興,2023-10-06,9894
8046,南電,11,0,11,元大-桃興,2023-10-06,9894
8938,明安,11,0,11,元大-桃興,2023-10-06,9894
00923,群益台ESG低碳50,10,0,10,元大-桃興,2023-10-06,9894
1905,華紙,10,0,10,元大-桃興,2023-10-06,9894
2374,佳能,10,0,10,元大-桃興,2023-10-06,9894
2641,正德,14,4,10,元大-桃興,2023-10-06,9894
2882,國泰金,10,0,10,元大-桃興,2023-10-06,9894
00679B,元大美債20年,26,17,9,元大-桃興,2023-10-06,9894
2891,中信金,9,0,9,元大-桃興,2023-10-06,9894
8076,伍豐,10,1,9,元大-桃興,2023-10-06,9894
6288,聯嘉,12,3,9,元大-桃興,2023-10-06,9894
2723,美食-KY,9,0,9,元大-桃興,2023-10-06,9894
2014,中鴻,10,1,9,元大-桃興,2023-10-06,9894
8930,青鋼,12,3,9,元大-桃興,2023-10-06,9894
1513,中興電,16,7,9,元大-桃興,2023-10-06,9894
6139,亞翔,9,1,8,元大-桃興,2023-10-06,9894
00642U,期元大S＆P石油,8,0,8,元大-桃興,2023-10-06,9894
2884,玉山金,11,3,8,元大-桃興,2023-10-06,9894
00929,復華台灣科技優息,1420,173,1247,元大-桃興,2023-10-11,9894
2344,華邦電,885,64,821,元大-桃興,2023-10-11,9894
00679B,元大美債20年,127,0,127,元大-桃興,2023-10-11,9894
3231,緯創,149,25,124,元大-桃興,2023-10-11,9894
2607,榮運,113,3,110,元大-桃興,2023-10-11,9894
00676R,富邦臺灣加權反1,50,0,50,元大-桃興,2023-10-11,9894
6530,創威,48,2,46,元大-桃興,2023-10-11,9894
3481,群創,52,7,45,元大-桃興,2023-10-11,9894
3013,晟銘電,86,41,45,元大-桃興,2023-10-11,9894
2612,中航,42,0,42,元大-桃興,2023-10-11,9894
3715,定穎投控,129,91,38,元大-桃興,2023-10-11,9894
3483,力致,42,5,37,元大-桃興,2023-10-11,9894
00919,群益台灣精選高息,39,2,37,元大-桃興,2023-10-11,9894
00632R,元大台灣50反1,88,60,28,元大-桃興,2023-10-11,9894
2356,英業達,53,28,25,元大-桃興,2023-10-11,9894
00673R,期元大S＆P原油反1,27,2,25,元大-桃興,2023-10-11,9894
00712,復華富時不動產,30,5,25,元大-桃興,2023-10-11,9894
2542,興富發,24,1,23,元大-桃興,2023-10-11,9894
2891,中信金,35,12,23,元大-桃興,2023-10-11,9894
3163,波若威,27,4,23,元大-桃興,2023-10-11,9894
2405,輔信,21,0,21,元大-桃興,2023-10-11,9894
2425,承啟,22,1,21,元大-桃興,2023-10-11,9894
2399,映泰,25,4,21,元大-桃興,2023-10-11,9894
2515,中工,20,0,20,元大-桃興,2023-10-11,9894
6122,擎邦,25,5,20,元大-桃興,2023-10-11,9894
8076,伍豐,21,1,20,元大-桃興,2023-10-11,9894
1609,大亞,20,1,19,元大-桃興,2023-10-11,9894
2605,新興,31,12,19,元大-桃興,2023-10-11,9894
1815,富喬,20,1,19,元大-桃興,2023-10-11,9894
6538,倉和,18,0,18,元大-桃興,2023-10-11,9894
1301,台塑,18,0,18,元大-桃興,2023-10-11,9894
3037,欣興,23,6,17,元大-桃興,2023-10-11,9894
3088,艾訊,20,4,16,元大-桃興,2023-10-11,9894
8358,金居,23,8,15,元大-桃興,2023-10-11,9894
0056,元大高股息,23,8,15,元大-桃興,2023-10-11,9894
2376,技嘉,26,12,14,元大-桃興,2023-10-11,9894
2609,陽明,19,6,13,元大-桃興,2023-10-11,9894
3711,日月光投控,16,3,13,元大-桃興,2023-10-11,9894
6275,元山,15,2,13,元大-桃興,2023-10-11,9894
3706,神達,14,2,12,元大-桃興,2023-10-11,9894
5465,富驊,13,1,12,元大-桃興,2023-10-11,9894
4533,協易機,13,1,12,元大-桃興,2023-10-11,9894
1524,耿鼎,24,12,12,元大-桃興,2023-10-11,9894
4542,科嶠,12,0,12,元大-桃興,2023-10-11,9894
3260,威剛,17,5,12,元大-桃興,2023-10-11,9894
3014,聯陽,22,10,12,元大-桃興,2023-10-11,9894
1305,華夏,11,0,11,元大-桃興,2023-10-11,9894
6120,達運,13,2,11,元大-桃興,2023-10-11,9894
2468,華經,13,3,10,元大-桃興,2023-10-11,9894
4561,健椿,10,0,10,元大-桃興,2023-10-11,9894
00676R,富邦臺灣加權反1,75,0,75,元大-桃興,2023-10-12,9894
00922,國泰台灣領袖50,52,0,52,元大-桃興,2023-10-12,9894
00673R,期元大S＆P原油反1,48,6,42,元大-桃興,2023-10-12,9894
5469,瀚宇博,49,10,39,元大-桃興,2023-10-12,9894
00632R,元大台灣50反1,46,7,39,元大-桃興,2023-10-12,9894
1519,華城,42,9,33,元大-桃興,2023-10-12,9894
00919,群益台灣精選高息,32,1,31,元大-桃興,2023-10-12,9894
6139,亞翔,31,0,31,元大-桃興,2023-10-12,9894
4906,正文,29,1,28,元大-桃興,2023-10-12,9894
3491,昇達科,29,1,28,元大-桃興,2023-10-12,9894
3032,偉訓,25,0,25,元大-桃興,2023-10-12,9894
3013,晟銘電,41,17,24,元大-桃興,2023-10-12,9894
6168,宏齊,20,0,20,元大-桃興,2023-10-12,9894
00664R,國泰臺灣加權反1,19,0,19,元大-桃興,2023-10-12,9894
4934,太極,20,2,18,元大-桃興,2023-10-12,9894
2356,英業達,43,25,18,元大-桃興,2023-10-12,9894
3037,欣興,15,0,15,元大-桃興,2023-10-12,9894
4503,金雨,17,2,15,元大-桃興,2023-10-12,9894
00715L,期街口布蘭特正2,17,2,15,元大-桃興,2023-10-12,9894
2027,大成鋼,14,0,14,元大-桃興,2023-10-12,9894
2609,陽明,22,8,14,元大-桃興,2023-10-12,9894
00720B,元大投資級公司債,13,0,13,元大-桃興,2023-10-12,9894
0056,元大高股息,31,18,13,元大-桃興,2023-10-12,9894
8093,保銳,12,0,12,元大-桃興,2023-10-12,9894
00679B,元大美債20年,15,4,11,元大-桃興,2023-10-12,9894
1802,台玻,11,1,10,元大-桃興,2023-10-12,9894
3213,茂訊,10,0,10,元大-桃興,2023-10-12,9894
3694,海華,9,0,9,元大-桃興,2023-10-12,9894
3706,神達,28,20,8,元大-桃興,2023-10-12,9894
2485,兆赫,8,0,8,元大-桃興,2023-10-12,9894
3036,文曄,23,15,8,元大-桃興,2023-10-12,9894
2883,凱基金,11,4,7,元大-桃興,2023-10-12,9894
1815,富喬,8,1,7,元大-桃興,2023-10-12,9894
3483,力致,23,16,7,元大-桃興,2023-10-12,9894
1324,地球,19,12,7,元大-桃興,2023-10-12,9894
9919,康那香,8,1,7,元大-桃興,2023-10-12,9894
2354,鴻準,7,0,7,元大-桃興,2023-10-12,9894
2313,華通,26,19,7,元大-桃興,2023-10-12,9894
6274,台燿,11,4,7,元大-桃興,2023-10-12,9894
2465,麗臺,12,5,7,元大-桃興,2023-10-12,9894
2884,玉山金,8,2,6,元大-桃興,2023-10-12,9894
2606,裕民,9,3,6,元大-桃興,2023-10-12,9894
2603,長榮,12,6,6,元大-桃興,2023-10-12,9894
2312,金寶,6,0,6,元大-桃興,2023-10-12,9894
2338,光罩,7,1,6,元大-桃興,2023-10-12,9894
8183,精星,6,0,6,元大-桃興,2023-10-12,9894
1444,力麗,6,0,6,元大-桃興,2023-10-12,9894
1514,亞力,7,1,6,元大-桃興,2023-10-12,9894
00753L,中信中國50正2,6,0,6,元大-桃興,2023-10-12,9894
1216,統一,5,0,5,元大-桃興,2023-10-12,9894
3231,緯創,102,26,76,元大-桃興,2023-10-13,9894
2382,廣達,88,20,68,元大-桃興,2023-10-13,9894
00922,國泰台灣領袖50,57,2,55,元大-桃興,2023-10-13,9894
2618,長榮航,57,6,51,元大-桃興,2023-10-13,9894
3715,定穎投控,117,66,51,元大-桃興,2023-10-13,9894
2883,凱基金,44,5,39,元大-桃興,2023-10-13,9894
0056,元大高股息,42,5,37,元大-桃興,2023-10-13,9894
2610,華航,51,15,36,元大-桃興,2023-10-13,9894
00878,國泰永續高股息,38,6,32,元大-桃興,2023-10-13,9894
00637L,元大滬深300正2,32,0,32,元大-桃興,2023-10-13,9894
2324,仁寶,34,2,32,元大-桃興,2023-10-13,9894
2892,第一金,31,0,31,元大-桃興,2023-10-13,9894
1101,台泥,32,1,31,元大-桃興,2023-10-13,9894
2867,三商壽,30,0,30,元大-桃興,2023-10-13,9894
00712,復華富時不動產,30,1,29,元大-桃興,2023-10-13,9894
1815,富喬,34,5,29,元大-桃興,2023-10-13,9894
3013,晟銘電,30,2,28,元大-桃興,2023-10-13,9894
3025,星通,58,34,24,元大-桃興,2023-10-13,9894
00679B,元大美債20年,30,8,22,元大-桃興,2023-10-13,9894
2882,國泰金,21,0,21,元大-桃興,2023-10-13,9894
8112,至上,23,2,21,元大-桃興,2023-10-13,9894
00919,群益台灣精選高息,24,4,20,元大-桃興,2023-10-13,9894
8996,高力,25,5,20,元大-桃興,2023-10-13,9894
2344,華邦電,29,9,20,元大-桃興,2023-10-13,9894
5469,瀚宇博,38,18,20,元大-桃興,2023-10-13,9894
1513,中興電,19,1,18,元大-桃興,2023-10-13,9894
4105,東洋,17,0,17,元大-桃興,2023-10-13,9894
2402,毅嘉,17,0,17,元大-桃興,2023-10-13,9894
00753L,中信中國50正2,16,0,16,元大-桃興,2023-10-13,9894
00720B,元大投資級公司債,15,0,15,元大-桃興,2023-10-13,9894
00751B,元大AAA至A公司債,15,0,15,元大-桃興,2023-10-13,9894
2301,光寶科,19,4,15,元大-桃興,2023-10-13,9894
3078,僑威,46,33,13,元大-桃興,2023-10-13,9894
6139,亞翔,13,0,13,元大-桃興,2023-10-13,9894
00680L,元大美債20正2,13,0,13,元大-桃興,2023-10-13,9894
2891,中信金,14,1,13,元大-桃興,2023-10-13,9894
3037,欣興,16,3,13,元大-桃興,2023-10-13,9894
2881,富邦金,12,0,12,元大-桃興,2023-10-13,9894
6216,居易,13,1,12,元大-桃興,2023-10-13,9894
6284,佳邦,20,8,12,元大-桃興,2023-10-13,9894
5880,合庫金,12,0,12,元大-桃興,2023-10-13,9894
2353,宏��,11,0,11,元大-桃興,2023-10-13,9894
8034,榮群,11,0,11,元大-桃興,2023-10-13,9894
2313,華通,20,9,11,元大-桃興,2023-10-13,9894
00706L,期元大S＆P日圓正2,11,0,11,元大-桃興,2023-10-13,9894
2884,玉山金,11,1,10,元大-桃興,2023-10-13,9894
6278,台表科,10,0,10,元大-桃興,2023-10-13,9894
5353,台林,10,0,10,元大-桃興,2023-10-13,9894
8088,品安,10,0,10,元大-桃興,2023-10-13,9894
2388,威盛,47,38,9,元大-桃興,2023-10-13,9894
00929,復華台灣科技優息,334,0,334,元大-桃興,2023-10-16,9894
2607,榮運,150,1,149,元大-桃興,2023-10-16,9894
2610,華航,125,0,125,元大-桃興,2023-10-16,9894
2618,長榮航,161,69,92,元大-桃興,2023-10-16,9894
2515,中工,130,42,88,元大-桃興,2023-10-16,9894
2363,矽統,210,128,82,元大-桃興,2023-10-16,9894
00922,國泰台灣領袖50,69,0,69,元大-桃興,2023-10-16,9894
00712,復華富時不動產,66,0,66,元大-桃興,2023-10-16,9894
2344,華邦電,60,7,53,元大-桃興,2023-10-16,9894
1314,中石化,83,39,44,元大-桃興,2023-10-16,9894
6806,森崴能源,34,0,34,元大-桃興,2023-10-16,9894
1605,華新,40,7,33,元大-桃興,2023-10-16,9894
0056,元大高股息,40,7,33,元大-桃興,2023-10-16,9894
00673R,期元大S＆P原油反1,65,35,30,元大-桃興,2023-10-16,9894
6220,岳豐,33,3,30,元大-桃興,2023-10-16,9894
00878,國泰永續高股息,56,26,30,元大-桃興,2023-10-16,9894
00919,群益台灣精選高息,29,0,29,元大-桃興,2023-10-16,9894
6770,力積電,44,16,28,元大-桃興,2023-10-16,9894
1313,聯成,27,0,27,元大-桃興,2023-10-16,9894
5356,協益,26,0,26,元大-桃興,2023-10-16,9894
2201,裕隆,45,20,25,元大-桃興,2023-10-16,9894
2369,菱生,24,3,21,元大-桃興,2023-10-16,9894
3625,西勝,20,0,20,元大-桃興,2023-10-16,9894
1905,華紙,28,9,19,元大-桃興,2023-10-16,9894
1524,耿鼎,36,17,19,元大-桃興,2023-10-16,9894
5347,世界,18,0,18,元大-桃興,2023-10-16,9894
2382,廣達,25,9,16,元大-桃興,2023-10-16,9894
3037,欣興,23,8,15,元大-桃興,2023-10-16,9894
3213,茂訊,22,7,15,元大-桃興,2023-10-16,9894
00751B,元大AAA至A公司債,14,0,14,元大-桃興,2023-10-16,9894
00715L,期街口布蘭特正2,16,3,13,元大-桃興,2023-10-16,9894
3176,基亞,13,0,13,元大-桃興,2023-10-16,9894
4433,興采,13,0,13,元大-桃興,2023-10-16,9894
00720B,元大投資級公司債,13,1,12,元大-桃興,2023-10-16,9894
00932,兆豐永續高息等權,12,0,12,元大-桃興,2023-10-16,9894
2371,大同,16,5,11,元大-桃興,2023-10-16,9894
3024,憶聲,11,0,11,元大-桃興,2023-10-16,9894
2367,燿華,14,3,11,元大-桃興,2023-10-16,9894
00637L,元大滬深300正2,12,2,10,元大-桃興,2023-10-16,9894
2312,金寶,10,0,10,元大-桃興,2023-10-16,9894
3363,上詮,39,29,10,元大-桃興,2023-10-16,9894
00907,永豐優息存股,10,0,10,元大-桃興,2023-10-16,9894
2206,三陽工業,10,1,9,元大-桃興,2023-10-16,9894
3483,力致,13,4,9,元大-桃興,2023-10-16,9894
8996,高力,8,0,8,元大-桃興,2023-10-16,9894
2603,長榮,15,7,8,元大-桃興,2023-10-16,9894
6505,台塑化,10,2,8,元大-桃興,2023-10-16,9894
00902,中信電池及儲能,8,0,8,元大-桃興,2023-10-16,9894
5215,科嘉-KY,16,8,8,元大-桃興,2023-10-16,9894
2601,益航,8,0,8,元大-桃興,2023-10-16,9894
2618,長榮航,179,40,139,元大-桃興,2023-10-17,9894
0056,元大高股息,112,1,111,元大-桃興,2023-10-17,9894
2610,華航,103,13,90,元大-桃興,2023-10-17,9894
00929,復華台灣科技優息,81,2,79,元大-桃興,2023-10-17,9894
00878,國泰永續高股息,42,1,41,元大-桃興,2023-10-17,9894
1409,新纖,40,2,38,元大-桃興,2023-10-17,9894
6282,康舒,43,6,37,元大-桃興,2023-10-17,9894
00720B,元大投資級公司債,37,0,37,元大-桃興,2023-10-17,9894
2382,廣達,56,25,31,元大-桃興,2023-10-17,9894
2891,中信金,32,3,29,元大-桃興,2023-10-17,9894
00680L,元大美債20正2,28,0,28,元大-桃興,2023-10-17,9894
00687B,國泰20年美債,26,0,26,元大-桃興,2023-10-17,9894
2393,億光,26,0,26,元大-桃興,2023-10-17,9894
5356,協益,25,0,25,元大-桃興,2023-10-17,9894
8054,安國,64,39,25,元大-桃興,2023-10-17,9894
1524,耿鼎,61,39,22,元大-桃興,2023-10-17,9894
2027,大成鋼,25,4,21,元大-桃興,2023-10-17,9894
00919,群益台灣精選高息,27,7,20,元大-桃興,2023-10-17,9894
3231,緯創,106,87,19,元大-桃興,2023-10-17,9894
1815,富喬,19,1,18,元大-桃興,2023-10-17,9894
00931B,統一美債20年,17,0,17,元大-桃興,2023-10-17,9894
1101,台泥,16,0,16,元大-桃興,2023-10-17,9894
5234,達興材料,15,0,15,元大-桃興,2023-10-17,9894
00641R,富邦日本反1,15,0,15,元大-桃興,2023-10-17,9894
1616,億泰,15,0,15,元大-桃興,2023-10-17,9894
2376,技嘉,28,14,14,元大-桃興,2023-10-17,9894
00679B,元大美債20年,14,0,14,元大-桃興,2023-10-17,9894
4503,金雨,24,11,13,元大-桃興,2023-10-17,9894
3051,力特,37,24,13,元大-桃興,2023-10-17,9894
00922,國泰台灣領袖50,13,0,13,元大-桃興,2023-10-17,9894
5324,士開,13,0,13,元大-桃興,2023-10-17,9894
2399,映泰,13,1,12,元大-桃興,2023-10-17,9894
2609,陽明,18,6,12,元大-桃興,2023-10-17,9894
6104,創惟,12,1,11,元大-桃興,2023-10-17,9894
6284,佳邦,11,0,11,元大-桃興,2023-10-17,9894
2497,怡利電,11,0,11,元大-桃興,2023-10-17,9894
6485,點序,14,3,11,元大-桃興,2023-10-17,9894
1609,大亞,10,0,10,元大-桃興,2023-10-17,9894
2449,京元電子,35,25,10,元大-桃興,2023-10-17,9894
2108,南帝,10,0,10,元大-桃興,2023-10-17,9894
1339,昭輝,10,0,10,元大-桃興,2023-10-17,9894
3213,茂訊,14,4,10,元大-桃興,2023-10-17,9894
3363,上詮,27,17,10,元大-桃興,2023-10-17,9894
00751B,元大AAA至A公司債,10,0,10,元大-桃興,2023-10-17,9894
2201,裕隆,13,4,9,元大-桃興,2023-10-17,9894
3715,定穎投控,97,89,8,元大-桃興,2023-10-17,9894
8069,元太,8,0,8,元大-桃興,2023-10-17,9894
6806,森崴能源,17,9,8,元大-桃興,2023-10-17,9894
2233,宇隆,12,4,8,元大-桃興,2023-10-17,9894
3521,鴻翊,8,0,8,元大-桃興,2023-10-17,9894
00878,國泰永續高股息,356,27,329,元大-桃興,2023-10-18,9894
0056,元大高股息,239,17,222,元大-桃興,2023-10-18,9894
00929,復華台灣科技優息,117,16,101,元大-桃興,2023-10-18,9894
6271,同欣電,50,2,48,元大-桃興,2023-10-18,9894
00923,群益台ESG低碳50,42,1,41,元大-桃興,2023-10-18,9894
1305,華夏,40,1,39,元大-桃興,2023-10-18,9894
00720B,元大投資級公司債,36,0,36,元大-桃興,2023-10-18,9894
00919,群益台灣精選高息,38,2,36,元大-桃興,2023-10-18,9894
2382,廣達,61,26,35,元大-桃興,2023-10-18,9894
00673R,期元大S＆P原油反1,44,10,34,元大-桃興,2023-10-18,9894
1101,台泥,39,8,31,元大-桃興,2023-10-18,9894
2388,威盛,109,78,31,元大-桃興,2023-10-18,9894
2354,鴻準,41,12,29,元大-桃興,2023-10-18,9894
3013,晟銘電,33,6,27,元大-桃興,2023-10-18,9894
2607,榮運,26,0,26,元大-桃興,2023-10-18,9894
5439,高技,29,4,25,元大-桃興,2023-10-18,9894
00751B,元大AAA至A公司債,25,0,25,元大-桃興,2023-10-18,9894
2002,中鋼,25,2,23,元大-桃興,2023-10-18,9894
1102,亞泥,23,0,23,元大-桃興,2023-10-18,9894
020039,元大加權N,21,0,21,元大-桃興,2023-10-18,9894
00719B,元大美債1-3,20,0,20,元大-桃興,2023-10-18,9894
3037,欣興,20,1,19,元大-桃興,2023-10-18,9894
2369,菱生,33,14,19,元大-桃興,2023-10-18,9894
2313,華通,25,6,19,元大-桃興,2023-10-18,9894
2317,鴻海,19,0,19,元大-桃興,2023-10-18,9894
6770,力積電,19,1,18,元大-桃興,2023-10-18,9894
2376,技嘉,31,14,17,元大-桃興,2023-10-18,9894
5289,宜鼎,16,0,16,元大-桃興,2023-10-18,9894
2891,中信金,16,0,16,元大-桃興,2023-10-18,9894
2377,微星,16,0,16,元大-桃興,2023-10-18,9894
00687B,國泰20年美債,15,0,15,元大-桃興,2023-10-18,9894
3213,茂訊,17,3,14,元大-桃興,2023-10-18,9894
00679B,元大美債20年,14,0,14,元大-桃興,2023-10-18,9894
2201,裕隆,43,29,14,元大-桃興,2023-10-18,9894
2610,華航,41,27,14,元大-桃興,2023-10-18,9894
6282,康舒,13,0,13,元大-桃興,2023-10-18,9894
6806,森崴能源,23,10,13,元大-桃興,2023-10-18,9894
6274,台燿,44,32,12,元大-桃興,2023-10-18,9894
00932,兆豐永續高息等權,12,0,12,元大-桃興,2023-10-18,9894
3363,上詮,31,19,12,元大-桃興,2023-10-18,9894
2436,偉詮電,14,2,12,元大-桃興,2023-10-18,9894
0050,元大台灣50,12,1,11,元大-桃興,2023-10-18,9894
2344,華邦電,13,2,11,元大-桃興,2023-10-18,9894
2836,高雄銀,11,0,11,元大-桃興,2023-10-18,9894
6116,彩晶,11,0,11,元大-桃興,2023-10-18,9894
3325,旭品,21,10,11,元大-桃興,2023-10-18,9894
1440,南紡,10,0,10,元大-桃興,2023-10-18,9894
3481,群創,36,26,10,元大-桃興,2023-10-18,9894
2912,統一超,10,0,10,元大-桃興,2023-10-18,9894
2323,中環,10,0,10,元大-桃興,2023-10-18,9894
00680L,元大美債20正2,247,20,227,元大-桃興,2023-10-19,9894
0056,元大高股息,186,28,158,元大-桃興,2023-10-19,9894
00637L,元大滬深300正2,111,20,91,元大-桃興,2023-10-19,9894
00922,國泰台灣領袖50,81,0,81,元大-桃興,2023-10-19,9894
3715,定穎投控,142,66,76,元大-桃興,2023-10-19,9894
2363,矽統,96,28,68,元大-桃興,2023-10-19,9894
00676R,富邦臺灣加權反1,60,0,60,元大-桃興,2023-10-19,9894
00720B,元大投資級公司債,60,0,60,元大-桃興,2023-10-19,9894
00687B,國泰20年美債,57,1,56,元大-桃興,2023-10-19,9894
00893,國泰智能電動車,57,3,54,元大-桃興,2023-10-19,9894
3508,位速,50,0,50,元大-桃興,2023-10-19,9894
00712,復華富時不動產,48,0,48,元大-桃興,2023-10-19,9894
00933B,國泰10Y+金融債,47,0,47,元大-桃興,2023-10-19,9894
00931B,統一美債20年,44,5,39,元大-桃興,2023-10-19,9894
00751B,元大AAA至A公司債,39,0,39,元大-桃興,2023-10-19,9894
00929,復華台灣科技優息,46,8,38,元大-桃興,2023-10-19,9894
00772B,中信高評級公司債,41,15,26,元大-桃興,2023-10-19,9894
2436,偉詮電,36,11,25,元大-桃興,2023-10-19,9894
00878,國泰永續高股息,81,58,23,元大-桃興,2023-10-19,9894
2356,英業達,69,46,23,元大-桃興,2023-10-19,9894
3672,康聯訊,31,8,23,元大-桃興,2023-10-19,9894
3450,聯鈞,23,1,22,元大-桃興,2023-10-19,9894
3032,偉訓,27,6,21,元大-桃興,2023-10-19,9894
6550,北極星藥業-KY,20,0,20,元大-桃興,2023-10-19,9894
1702,南僑,20,0,20,元大-桃興,2023-10-19,9894
00706L,期元大S＆P日圓正2,20,1,19,元大-桃興,2023-10-19,9894
2609,陽明,18,1,17,元大-桃興,2023-10-19,9894
4930,燦星網,17,0,17,元大-桃興,2023-10-19,9894
1305,華夏,16,0,16,元大-桃興,2023-10-19,9894
00915,凱基優選高股息30,16,0,16,元大-桃興,2023-10-19,9894
1101,台泥,21,5,16,元大-桃興,2023-10-19,9894
00919,群益台灣精選高息,16,0,16,元大-桃興,2023-10-19,9894
8176,智捷,15,0,15,元大-桃興,2023-10-19,9894
5285,界霖,15,0,15,元大-桃興,2023-10-19,9894
1815,富喬,15,0,15,元大-桃興,2023-10-19,9894
6530,創威,99,84,15,元大-桃興,2023-10-19,9894
6168,宏齊,30,15,15,元大-桃興,2023-10-19,9894
8358,金居,14,0,14,元大-桃興,2023-10-19,9894
2317,鴻海,17,3,14,元大-桃興,2023-10-19,9894
1524,耿鼎,69,55,14,元大-桃興,2023-10-19,9894
00679B,元大美債20年,23,9,14,元大-桃興,2023-10-19,9894
2409,友達,22,8,14,元大-桃興,2023-10-19,9894
1504,東元,17,4,13,元大-桃興,2023-10-19,9894
2412,中華電,13,0,13,元大-桃興,2023-10-19,9894
3218,大學光,12,0,12,元大-桃興,2023-10-19,9894
9905,大華,12,0,12,元大-桃興,2023-10-19,9894
2610,華航,40,29,11,元大-桃興,2023-10-19,9894
4938,和碩,11,0,11,元大-桃興,2023-10-19,9894
3711,日月光投控,11,0,11,元大-桃興,2023-10-19,9894
00882,中信中國高股息,12,1,11,元大-桃興,2023-10-19,9894
00712,復華富時不動產,320,11,309,元大-桃興,2023-10-20,9894
2002,中鋼,157,4,153,元大-桃興,2023-10-20,9894
0056,元大高股息,98,0,98,元大-桃興,2023-10-20,9894
00878,國泰永續高股息,125,28,97,元大-桃興,2023-10-20,9894
2618,長榮航,93,9,84,元大-桃興,2023-10-20,9894
1603,華電,75,9,66,元大-桃興,2023-10-20,9894
2356,英業達,86,26,60,元大-桃興,2023-10-20,9894
00680L,元大美債20正2,58,4,54,元大-桃興,2023-10-20,9894
3374,精材,55,4,51,元大-桃興,2023-10-20,9894
00676R,富邦臺灣加權反1,50,0,50,元大-桃興,2023-10-20,9894
00673R,期元大S＆P原油反1,48,0,48,元大-桃興,2023-10-20,9894
2610,華航,53,7,46,元大-桃興,2023-10-20,9894
00919,群益台灣精選高息,44,1,43,元大-桃興,2023-10-20,9894
00922,國泰台灣領袖50,43,1,42,元大-桃興,2023-10-20,9894
2888,新光金,35,2,33,元大-桃興,2023-10-20,9894
3041,揚智,71,38,33,元大-桃興,2023-10-20,9894
2890,永豐金,52,20,32,元大-桃興,2023-10-20,9894
00679B,元大美債20年,30,0,30,元大-桃興,2023-10-20,9894
2390,云辰,31,1,30,元大-桃興,2023-10-20,9894
2458,義隆,40,11,29,元大-桃興,2023-10-20,9894
00882,中信中國高股息,28,0,28,元大-桃興,2023-10-20,9894
00687B,國泰20年美債,26,0,26,元大-桃興,2023-10-20,9894
6235,華孚,26,5,21,元大-桃興,2023-10-20,9894
1909,榮成,21,0,21,元大-桃興,2023-10-20,9894
2891,中信金,28,10,18,元大-桃興,2023-10-20,9894
3025,星通,48,30,18,元大-桃興,2023-10-20,9894
3481,群創,31,14,17,元大-桃興,2023-10-20,9894
00923,群益台ESG低碳50,36,19,17,元大-桃興,2023-10-20,9894
00933B,國泰10Y+金融債,18,1,17,元大-桃興,2023-10-20,9894
1314,中石化,18,2,16,元大-桃興,2023-10-20,9894
3122,笙泉,44,28,16,元大-桃興,2023-10-20,9894
2887,台新金,15,0,15,元大-桃興,2023-10-20,9894
2834,臺企銀,17,2,15,元大-桃興,2023-10-20,9894
6243,迅杰,25,10,15,元大-桃興,2023-10-20,9894
00720B,元大投資級公司債,15,1,14,元大-桃興,2023-10-20,9894
1785,光洋科,15,1,14,元大-桃興,2023-10-20,9894
2884,玉山金,14,1,13,元大-桃興,2023-10-20,9894
3029,零壹,13,0,13,元大-桃興,2023-10-20,9894
6770,力積電,47,34,13,元大-桃興,2023-10-20,9894
2606,裕民,17,5,12,元大-桃興,2023-10-20,9894
00902,中信電池及儲能,12,0,12,元大-桃興,2023-10-20,9894
3265,台星科,15,3,12,元大-桃興,2023-10-20,9894
1326,台化,12,0,12,元大-桃興,2023-10-20,9894
2363,矽統,43,31,12,元大-桃興,2023-10-20,9894
00915,凱基優選高股息30,11,0,11,元大-桃興,2023-10-20,9894
00893,國泰智能電動車,10,0,10,元大-桃興,2023-10-20,9894
1609,大亞,14,4,10,元大-桃興,2023-10-20,9894
3078,僑威,30,20,10,元大-桃興,2023-10-20,9894
1589,永冠-KY,10,0,10,元大-桃興,2023-10-20,9894
9904,寶成,11,1,10,元大-桃興,2023-10-20,9894
00929,復華台灣科技優息,267,16,251,元大-桃興,2023-10-23,9894
00712,復華富時不動產,135,0,135,元大-桃興,2023-10-23,9894
8039,台虹,130,0,130,元大-桃興,2023-10-23,9894
00878,國泰永續高股息,153,23,130,元大-桃興,2023-10-23,9894
00923,群益台ESG低碳50,66,0,66,元大-桃興,2023-10-23,9894
3051,力特,82,27,55,元大-桃興,2023-10-23,9894
2317,鴻海,111,57,54,元大-桃興,2023-10-23,9894
0056,元大高股息,60,6,54,元大-桃興,2023-10-23,9894
1524,耿鼎,41,5,36,元大-桃興,2023-10-23,9894
00631L,元大台灣50正2,34,0,34,元大-桃興,2023-10-23,9894
00753L,中信中國50正2,32,0,32,元大-桃興,2023-10-23,9894
2891,中信金,34,4,30,元大-桃興,2023-10-23,9894
2605,新興,29,0,29,元大-桃興,2023-10-23,9894
00922,國泰台灣領袖50,26,0,26,元大-桃興,2023-10-23,9894
00671R,富邦NASDAQ反1,30,5,25,元大-桃興,2023-10-23,9894
2330,台積電,27,2,25,元大-桃興,2023-10-23,9894
2603,長榮,21,0,21,元大-桃興,2023-10-23,9894
00900,富邦特選高股息30,21,0,21,元大-桃興,2023-10-23,9894
00674R,期元大S＆P黃金反1,20,0,20,元大-桃興,2023-10-23,9894
6244,茂迪,20,0,20,元大-桃興,2023-10-23,9894
1504,東元,26,6,20,元大-桃興,2023-10-23,9894
00715L,期街口布蘭特正2,19,0,19,元大-桃興,2023-10-23,9894
00919,群益台灣精選高息,48,30,18,元大-桃興,2023-10-23,9894
00772B,中信高評級公司債,16,0,16,元大-桃興,2023-10-23,9894
3122,笙泉,39,23,16,元大-桃興,2023-10-23,9894
3374,精材,16,0,16,元大-桃興,2023-10-23,9894
00933B,國泰10Y+金融債,15,0,15,元大-桃興,2023-10-23,9894
3625,西勝,15,0,15,元大-桃興,2023-10-23,9894
2409,友達,27,13,14,元大-桃興,2023-10-23,9894
6770,力積電,31,18,13,元大-桃興,2023-10-23,9894
6276,安鈦克,13,0,13,元大-桃興,2023-10-23,9894
00687B,國泰20年美債,13,0,13,元大-桃興,2023-10-23,9894
1303,南亞,16,4,12,元大-桃興,2023-10-23,9894
00720B,元大投資級公司債,11,0,11,元大-桃興,2023-10-23,9894
2401,凌陽,43,32,11,元大-桃興,2023-10-23,9894
2886,兆豐金,11,0,11,元大-桃興,2023-10-23,9894
1723,中碳,19,8,11,元大-桃興,2023-10-23,9894
00679B,元大美債20年,11,1,10,元大-桃興,2023-10-23,9894
00905,FT臺灣Smart,10,0,10,元大-桃興,2023-10-23,9894
00751B,元大AAA至A公司債,10,0,10,元大-桃興,2023-10-23,9894
5289,宜鼎,10,0,10,元大-桃興,2023-10-23,9894
9950,萬國通,13,3,10,元大-桃興,2023-10-23,9894
2845,遠東銀,10,0,10,元大-桃興,2023-10-23,9894
6757,台灣虎航,10,0,10,元大-桃興,2023-10-23,9894
2492,華新科,11,1,10,元大-桃興,2023-10-23,9894
00734B,台新JPM新興債,10,0,10,元大-桃興,2023-10-23,9894
00654R,富邦印度反1,10,0,10,元大-桃興,2023-10-23,9894
2023,燁輝,10,0,10,元大-桃興,2023-10-23,9894
8069,元太,9,0,9,元大-桃興,2023-10-23,9894
00637L,元大滬深300正2,9,0,9,元大-桃興,2023-10-23,9894
2369,菱生,245,140,105,元大-桃興,2023-10-24,9894
00929,復華台灣科技優息,94,8,86,元大-桃興,2023-10-24,9894
2317,鴻海,106,24,82,元大-桃興,2023-10-24,9894
00712,復華富時不動產,78,2,76,元大-桃興,2023-10-24,9894
00673R,期元大S＆P原油反1,46,3,43,元大-桃興,2023-10-24,9894
3260,威剛,55,12,43,元大-桃興,2023-10-24,9894
6168,宏齊,93,53,40,元大-桃興,2023-10-24,9894
2002,中鋼,44,9,35,元大-桃興,2023-10-24,9894
1301,台塑,27,0,27,元大-桃興,2023-10-24,9894
2303,聯電,36,12,24,元大-桃興,2023-10-24,9894
3363,上詮,60,37,23,元大-桃興,2023-10-24,9894
1101,台泥,22,0,22,元大-桃興,2023-10-24,9894
2367,燿華,24,2,22,元大-桃興,2023-10-24,9894
3290,東浦,22,0,22,元大-桃興,2023-10-24,9894
2542,興富發,21,0,21,元大-桃興,2023-10-24,9894
2353,宏��,19,0,19,元大-桃興,2023-10-24,9894
00878,國泰永續高股息,35,17,18,元大-桃興,2023-10-24,9894
2834,臺企銀,18,0,18,元大-桃興,2023-10-24,9894
2610,華航,24,7,17,元大-桃興,2023-10-24,9894
6113,亞矽,17,0,17,元大-桃興,2023-10-24,9894
2332,友訊,23,6,17,元大-桃興,2023-10-24,9894
0056,元大高股息,24,7,17,元大-桃興,2023-10-24,9894
00631L,元大台灣50正2,15,0,15,元大-桃興,2023-10-24,9894
9105,泰金寶-DR,15,0,15,元大-桃興,2023-10-24,9894
00852L,國泰美國道瓊正2,15,0,15,元大-桃興,2023-10-24,9894
3625,西勝,15,0,15,元大-桃興,2023-10-24,9894
1609,大亞,14,0,14,元大-桃興,2023-10-24,9894
2892,第一金,14,0,14,元大-桃興,2023-10-24,9894
3715,定穎投控,58,46,12,元大-桃興,2023-10-24,9894
00640L,富邦日本正2,14,2,12,元大-桃興,2023-10-24,9894
3704,合勤控,28,16,12,元大-桃興,2023-10-24,9894
00720B,元大投資級公司債,12,0,12,元大-桃興,2023-10-24,9894
3176,基亞,12,1,11,元大-桃興,2023-10-24,9894
4542,科嶠,24,13,11,元大-桃興,2023-10-24,9894
3083,網龍,10,0,10,元大-桃興,2023-10-24,9894
3163,波若威,36,26,10,元大-桃興,2023-10-24,9894
00654R,富邦印度反1,10,0,10,元大-桃興,2023-10-24,9894
6129,普誠,9,0,9,元大-桃興,2023-10-24,9894
2801,彰銀,9,0,9,元大-桃興,2023-10-24,9894
3055,蔚華科,12,3,9,元大-桃興,2023-10-24,9894
6456,GIS-KY,9,0,9,元大-桃興,2023-10-24,9894
3591,艾笛森,12,3,9,元大-桃興,2023-10-24,9894
2891,中信金,11,3,8,元大-桃興,2023-10-24,9894
2886,兆豐金,9,1,8,元大-桃興,2023-10-24,9894
2887,台新金,8,0,8,元大-桃興,2023-10-24,9894
2883,凱基金,9,1,8,元大-桃興,2023-10-24,9894
6233,旺玖,19,11,8,元大-桃興,2023-10-24,9894
6188,廣明,8,0,8,元大-桃興,2023-10-24,9894
0050,元大台灣50,8,1,7,元大-桃興,2023-10-24,9894
6261,久元,7,0,7,元大-桃興,2023-10-24,9894
00929,復華台灣科技優息,82,7,75,元大-桃興,2023-10-25,9894
3122,笙泉,97,22,75,元大-桃興,2023-10-25,9894
2317,鴻海,83,16,67,元大-桃興,2023-10-25,9894
2618,長榮航,60,8,52,元大-桃興,2023-10-25,9894
00673R,期元大S＆P原油反1,40,0,40,元大-桃興,2023-10-25,9894
9105,泰金寶-DR,38,0,38,元大-桃興,2023-10-25,9894
2489,瑞軒,30,0,30,元大-桃興,2023-10-25,9894
0056,元大高股息,25,1,24,元大-桃興,2023-10-25,9894
2337,旺宏,32,9,23,元大-桃興,2023-10-25,9894
2344,華邦電,23,0,23,元大-桃興,2023-10-25,9894
2888,新光金,23,0,23,元大-桃興,2023-10-25,9894
5452,佶優,21,0,21,元大-桃興,2023-10-25,9894
3024,憶聲,23,3,20,元大-桃興,2023-10-25,9894
2543,皇昌,46,26,20,元大-桃興,2023-10-25,9894
2607,榮運,20,1,19,元大-桃興,2023-10-25,9894
3701,大眾控,20,1,19,元大-桃興,2023-10-25,9894
2462,良得電,19,1,18,元大-桃興,2023-10-25,9894
1519,華城,74,56,18,元大-桃興,2023-10-25,9894
00878,國泰永續高股息,30,12,18,元大-桃興,2023-10-25,9894
5225,東科-KY,20,3,17,元大-桃興,2023-10-25,9894
3037,欣興,19,5,14,元大-桃興,2023-10-25,9894
1815,富喬,37,23,14,元大-桃興,2023-10-25,9894
1721,三晃,39,26,13,元大-桃興,2023-10-25,9894
6213,聯茂,15,2,13,元大-桃興,2023-10-25,9894
2449,京元電子,13,0,13,元大-桃興,2023-10-25,9894
1101,台泥,12,0,12,元大-桃興,2023-10-25,9894
00680L,元大美債20正2,16,4,12,元大-桃興,2023-10-25,9894
6275,元山,14,2,12,元大-桃興,2023-10-25,9894
2404,漢唐,11,0,11,元大-桃興,2023-10-25,9894
00637L,元大滬深300正2,55,44,11,元大-桃興,2023-10-25,9894
2834,臺企銀,11,0,11,元大-桃興,2023-10-25,9894
1514,亞力,24,13,11,元大-桃興,2023-10-25,9894
00720B,元大投資級公司債,10,0,10,元大-桃興,2023-10-25,9894
00719B,元大美債1-3,10,0,10,元大-桃興,2023-10-25,9894
4581,光隆精密-KY,10,0,10,元大-桃興,2023-10-25,9894
00676R,富邦臺灣加權反1,10,0,10,元大-桃興,2023-10-25,9894
00922,國泰台灣領袖50,10,0,10,元大-桃興,2023-10-25,9894
00734B,台新JPM新興債,10,0,10,元大-桃興,2023-10-25,9894
00888,永豐台灣ESG,10,0,10,元大-桃興,2023-10-25,9894
3035,智原,23,13,10,元大-桃興,2023-10-25,9894
6605,帝寶,16,6,10,元大-桃興,2023-10-25,9894
2369,菱生,50,41,9,元大-桃興,2023-10-25,9894
6257,矽格,10,1,9,元大-桃興,2023-10-25,9894
3088,艾訊,9,0,9,元大-桃興,2023-10-25,9894
2886,兆豐金,8,0,8,元大-桃興,2023-10-25,9894
3078,僑威,30,22,8,元大-桃興,2023-10-25,9894
1301,台塑,8,0,8,元大-桃興,2023-10-25,9894
2442,新美齊,8,0,8,元大-桃興,2023-10-25,9894
3041,揚智,23,15,8,元大-桃興,2023-10-25,9894
5353,台林,8,0,8,元大-桃興,2023-10-25,9894
00929,復華台灣科技優息,181,3,178,元大-桃興,2023-10-26,9894
00878,國泰永續高股息,85,15,70,元大-桃興,2023-10-26,9894
2888,新光金,65,0,65,元大-桃興,2023-10-26,9894
00919,群益台灣精選高息,66,5,61,元大-桃興,2023-10-26,9894
00687B,國泰20年美債,56,0,56,元大-桃興,2023-10-26,9894
2303,聯電,64,21,43,元大-桃興,2023-10-26,9894
2317,鴻海,43,3,40,元大-桃興,2023-10-26,9894
0050,元大台灣50,44,4,40,元大-桃興,2023-10-26,9894
0056,元大高股息,50,13,37,元大-桃興,2023-10-26,9894
00922,國泰台灣領袖50,33,0,33,元大-桃興,2023-10-26,9894
2883,凱基金,32,0,32,元大-桃興,2023-10-26,9894
6770,力積電,32,2,30,元大-桃興,2023-10-26,9894
00706L,期元大S＆P日圓正2,30,0,30,元大-桃興,2023-10-26,9894
00712,復華富時不動產,60,30,30,元大-桃興,2023-10-26,9894
2344,華邦電,30,2,28,元大-桃興,2023-10-26,9894
3013,晟銘電,36,8,28,元大-桃興,2023-10-26,9894
00918,大華優利高填息30,26,0,26,元大-桃興,2023-10-26,9894
8358,金居,27,2,25,元大-桃興,2023-10-26,9894
2886,兆豐金,24,0,24,元大-桃興,2023-10-26,9894
00753L,中信中國50正2,22,0,22,元大-桃興,2023-10-26,9894
00885,富邦越南,21,0,21,元大-桃興,2023-10-26,9894
9955,佳龍,31,11,20,元大-桃興,2023-10-26,9894
2607,榮運,19,0,19,元大-桃興,2023-10-26,9894
2887,台新金,20,1,19,元大-桃興,2023-10-26,9894
6243,迅杰,40,22,18,元大-桃興,2023-10-26,9894
00680L,元大美債20正2,17,0,17,元大-桃興,2023-10-26,9894
6233,旺玖,16,0,16,元大-桃興,2023-10-26,9894
2816,旺旺保,31,15,16,元大-桃興,2023-10-26,9894
2891,中信金,14,0,14,元大-桃興,2023-10-26,9894
3483,力致,15,1,14,元大-桃興,2023-10-26,9894
6284,佳邦,19,6,13,元大-桃興,2023-10-26,9894
6237,驊訊,19,6,13,元大-桃興,2023-10-26,9894
3715,定穎投控,36,24,12,元大-桃興,2023-10-26,9894
00888,永豐台灣ESG,12,0,12,元大-桃興,2023-10-26,9894
9921,巨大,11,0,11,元大-桃興,2023-10-26,9894
00893,國泰智能電動車,17,6,11,元大-桃興,2023-10-26,9894
3694,海華,11,0,11,元大-桃興,2023-10-26,9894
2538,基泰,11,0,11,元大-桃興,2023-10-26,9894
6197,佳必琪,21,11,10,元大-桃興,2023-10-26,9894
00679B,元大美債20年,13,3,10,元大-桃興,2023-10-26,9894
00900,富邦特選高股息30,32,22,10,元大-桃興,2023-10-26,9894
5880,合庫金,10,0,10,元大-桃興,2023-10-26,9894
6116,彩晶,10,0,10,元大-桃興,2023-10-26,9894
2603,長榮,13,3,10,元大-桃興,2023-10-26,9894
00895,富邦未來車,10,0,10,元大-桃興,2023-10-26,9894
2436,偉詮電,10,0,10,元大-桃興,2023-10-26,9894
1714,和桐,10,0,10,元大-桃興,2023-10-26,9894
00882,中信中國高股息,10,0,10,元大-桃興,2023-10-26,9894
2881,富邦金,12,2,10,元大-桃興,2023-10-26,9894
1802,台玻,10,1,9,元大-桃興,2023-10-26,9894
00637L,元大滬深300正2,1098,11,1087,元大-桃興,2023-10-27,9894
00929,復華台灣科技優息,92,20,72,元大-桃興,2023-10-27,9894
8039,台虹,70,0,70,元大-桃興,2023-10-27,9894
00878,國泰永續高股息,44,7,37,元大-桃興,2023-10-27,9894
2317,鴻海,36,2,34,元大-桃興,2023-10-27,9894
2408,南亞科,26,1,25,元大-桃興,2023-10-27,9894
3057,喬鼎,25,2,23,元大-桃興,2023-10-27,9894
6442,光聖,54,33,21,元大-桃興,2023-10-27,9894
6167,久正,20,0,20,元大-桃興,2023-10-27,9894
2329,華泰,27,7,20,元大-桃興,2023-10-27,9894
3322,建舜電,18,0,18,元大-桃興,2023-10-27,9894
3264,欣銓,44,26,18,元大-桃興,2023-10-27,9894
6176,瑞儀,17,0,17,元大-桃興,2023-10-27,9894
00922,國泰台灣領袖50,17,0,17,元大-桃興,2023-10-27,9894
2002,中鋼,16,1,15,元大-桃興,2023-10-27,9894
6531,愛普*,16,2,14,元大-桃興,2023-10-27,9894
6550,北極星藥業-KY,14,0,14,元大-桃興,2023-10-27,9894
00712,復華富時不動產,14,0,14,元大-桃興,2023-10-27,9894
2886,兆豐金,13,0,13,元大-桃興,2023-10-27,9894
8358,金居,14,1,13,元大-桃興,2023-10-27,9894
3078,僑威,54,41,13,元大-桃興,2023-10-27,9894
2337,旺宏,18,6,12,元大-桃興,2023-10-27,9894
2409,友達,22,10,12,元大-桃興,2023-10-27,9894
9919,康那香,14,2,12,元大-桃興,2023-10-27,9894
00673R,期元大S＆P原油反1,13,2,11,元大-桃興,2023-10-27,9894
6120,達運,11,0,11,元大-桃興,2023-10-27,9894
2382,廣達,27,16,11,元大-桃興,2023-10-27,9894
3081,聯亞,10,0,10,元大-桃興,2023-10-27,9894
1909,榮成,10,0,10,元大-桃興,2023-10-27,9894
5011,久陽,10,0,10,元大-桃興,2023-10-27,9894
5483,中美晶,10,0,10,元大-桃興,2023-10-27,9894
3046,建��,10,0,10,元大-桃興,2023-10-27,9894
3374,精材,11,1,10,元大-桃興,2023-10-27,9894
9911,櫻花,10,0,10,元大-桃興,2023-10-27,9894
00885,富邦越南,10,0,10,元大-桃興,2023-10-27,9894
2465,麗臺,16,7,9,元大-桃興,2023-10-27,9894
6216,居易,12,3,9,元大-桃興,2023-10-27,9894
2363,矽統,20,12,8,元大-桃興,2023-10-27,9894
3693,營邦,10,2,8,元大-桃興,2023-10-27,9894
6274,台燿,13,5,8,元大-桃興,2023-10-27,9894
5284,jpp-KY,8,0,8,元大-桃興,2023-10-27,9894
3325,旭品,8,0,8,元大-桃興,2023-10-27,9894
6243,迅杰,55,47,8,元大-桃興,2023-10-27,9894
3231,緯創,49,42,7,元大-桃興,2023-10-27,9894
2883,凱基金,11,4,7,元大-桃興,2023-10-27,9894
1721,三晃,10,3,7,元大-桃興,2023-10-27,9894
5258,虹堡,31,24,7,元大-桃興,2023-10-27,9894
2388,威盛,48,41,7,元大-桃興,2023-10-27,9894
2303,聯電,15,9,6,元大-桃興,2023-10-27,9894
2427,三商電,7,1,6,元大-桃興,2023-10-27,9894
2317,鴻海,144,24,120,元大-桃興,2023-10-30,9894
00680L,元大美債20正2,112,0,112,元大-桃興,2023-10-30,9894
00753L,中信中國50正2,74,0,74,元大-桃興,2023-10-30,9894
00712,復華富時不動產,73,0,73,元大-桃興,2023-10-30,9894
00852L,國泰美國道瓊正2,45,0,45,元大-桃興,2023-10-30,9894
2356,英業達,84,43,41,元大-桃興,2023-10-30,9894
2891,中信金,36,1,35,元大-桃興,2023-10-30,9894
00878,國泰永續高股息,36,2,34,元大-桃興,2023-10-30,9894
2618,長榮航,33,3,30,元大-桃興,2023-10-30,9894
00632R,元大台灣50反1,25,0,25,元大-桃興,2023-10-30,9894
2883,凱基金,48,24,24,元大-桃興,2023-10-30,9894
3715,定穎投控,53,29,24,元大-桃興,2023-10-30,9894
2603,長榮,28,6,22,元大-桃興,2023-10-30,9894
00673R,期元大S＆P原油反1,21,0,21,元大-桃興,2023-10-30,9894
2913,農林,20,0,20,元大-桃興,2023-10-30,9894
6136,富爾特,17,0,17,元大-桃興,2023-10-30,9894
4960,誠美材,18,1,17,元大-桃興,2023-10-30,9894
00919,群益台灣精選高息,17,1,16,元大-桃興,2023-10-30,9894
9105,泰金寶-DR,16,0,16,元大-桃興,2023-10-30,9894
6657,華安,14,0,14,元大-桃興,2023-10-30,9894
6223,旺矽,16,2,14,元大-桃興,2023-10-30,9894
8068,全達,12,0,12,元大-桃興,2023-10-30,9894
2892,第一金,11,0,11,元大-桃興,2023-10-30,9894
5876,上海商銀,11,0,11,元大-桃興,2023-10-30,9894
5880,合庫金,12,1,11,元大-桃興,2023-10-30,9894
2535,達欣工,12,1,11,元大-桃興,2023-10-30,9894
2369,菱生,13,3,10,元大-桃興,2023-10-30,9894
00676R,富邦臺灣加權反1,10,0,10,元大-桃興,2023-10-30,9894
5347,世界,11,1,10,元大-桃興,2023-10-30,9894
6220,岳豐,10,0,10,元大-桃興,2023-10-30,9894
2610,華航,16,7,9,元大-桃興,2023-10-30,9894
6182,合晶,9,0,9,元大-桃興,2023-10-30,9894
2887,台新金,10,1,9,元大-桃興,2023-10-30,9894
1524,耿鼎,10,1,9,元大-桃興,2023-10-30,9894
9905,大華,9,0,9,元大-桃興,2023-10-30,9894
4102,永日,8,0,8,元大-桃興,2023-10-30,9894
4950,牧東,8,0,8,元大-桃興,2023-10-30,9894
6117,迎廣,27,19,8,元大-桃興,2023-10-30,9894
6176,瑞儀,12,4,8,元大-桃興,2023-10-30,9894
4123,晟德,8,0,8,元大-桃興,2023-10-30,9894
2485,兆赫,34,27,7,元大-桃興,2023-10-30,9894
2330,台積電,10,3,7,元大-桃興,2023-10-30,9894
1513,中興電,8,1,7,元大-桃興,2023-10-30,9894
3530,晶相光,15,8,7,元大-桃興,2023-10-30,9894
1609,大亞,13,6,7,元大-桃興,2023-10-30,9894
4114,健喬,9,2,7,元大-桃興,2023-10-30,9894
2880,華南金,6,0,6,元大-桃興,2023-10-30,9894
6770,力積電,17,11,6,元大-桃興,2023-10-30,9894
00882,中信中國高股息,8,2,6,元大-桃興,2023-10-30,9894
3081,聯亞,6,0,6,元大-桃興,2023-10-30,9894
00929,復華台灣科技優息,102,7,95,元大-桃興,2023-10-31,9894
00878,國泰永續高股息,105,41,64,元大-桃興,2023-10-31,9894
00715L,期街口布蘭特正2,47,0,47,元大-桃興,2023-10-31,9894
00919,群益台灣精選高息,44,1,43,元大-桃興,2023-10-31,9894
3122,笙泉,92,50,42,元大-桃興,2023-10-31,9894
1815,富喬,38,3,35,元大-桃興,2023-10-31,9894
1313,聯成,34,0,34,元大-桃興,2023-10-31,9894
0056,元大高股息,55,22,33,元大-桃興,2023-10-31,9894
0050,元大台灣50,28,3,25,元大-桃興,2023-10-31,9894
00885,富邦越南,27,4,23,元大-桃興,2023-10-31,9894
2344,華邦電,31,9,22,元大-桃興,2023-10-31,9894
2367,燿華,27,6,21,元大-桃興,2023-10-31,9894
5258,虹堡,23,3,20,元大-桃興,2023-10-31,9894
8039,台虹,20,0,20,元大-桃興,2023-10-31,9894
2329,華泰,23,4,19,元大-桃興,2023-10-31,9894
3231,緯創,43,25,18,元大-桃興,2023-10-31,9894
2382,廣達,67,49,18,元大-桃興,2023-10-31,9894
00922,國泰台灣領袖50,18,2,16,元大-桃興,2023-10-31,9894
1568,倉佑,24,8,16,元大-桃興,2023-10-31,9894
2409,友達,16,0,16,元大-桃興,2023-10-31,9894
2449,京元電子,20,5,15,元大-桃興,2023-10-31,9894
6223,旺矽,15,0,15,元大-桃興,2023-10-31,9894
1605,華新,20,5,15,元大-桃興,2023-10-31,9894
6235,華孚,17,3,14,元大-桃興,2023-10-31,9894
3576,聯合再生,17,4,13,元大-桃興,2023-10-31,9894
00893,國泰智能電動車,13,0,13,元大-桃興,2023-10-31,9894
1785,光洋科,14,1,13,元大-桃興,2023-10-31,9894
1524,耿鼎,82,69,13,元大-桃興,2023-10-31,9894
5272,笙科,25,12,13,元大-桃興,2023-10-31,9894
4162,智擎,15,2,13,元大-桃興,2023-10-31,9894
2634,漢翔,12,0,12,元大-桃興,2023-10-31,9894
3567,逸昌,12,0,12,元大-桃興,2023-10-31,9894
6015,宏遠證,12,0,12,元大-桃興,2023-10-31,9894
6153,嘉聯益,14,2,12,元大-桃興,2023-10-31,9894
6213,聯茂,18,7,11,元大-桃興,2023-10-31,9894
3481,群創,20,9,11,元大-桃興,2023-10-31,9894
00719B,元大美債1-3,10,0,10,元大-桃興,2023-10-31,9894
8358,金居,12,2,10,元大-桃興,2023-10-31,9894
00927,群益半導體收益,10,0,10,元大-桃興,2023-10-31,9894
4533,協易機,14,4,10,元大-桃興,2023-10-31,9894
00706L,期元大S＆P日圓正2,10,0,10,元大-桃興,2023-10-31,9894
2489,瑞軒,10,0,10,元大-桃興,2023-10-31,9894
8240,華宏,10,0,10,元大-桃興,2023-10-31,9894
2301,光寶科,11,2,9,元大-桃興,2023-10-31,9894
3704,合勤控,35,26,9,元大-桃興,2023-10-31,9894
3265,台星科,10,1,9,元大-桃興,2023-10-31,9894
2388,威盛,93,84,9,元大-桃興,2023-10-31,9894
3013,晟銘電,11,2,9,元大-桃興,2023-10-31,9894
2436,偉詮電,20,11,9,元大-桃興,2023-10-31,9894
2323,中環,9,1,8,元大-桃興,2023-10-31,9894
00934,中信成長高股息,153,5,148,元大-桃興,2023-11-01,9894
00929,復華台灣科技優息,115,3,112,元大-桃興,2023-11-01,9894
00706L,期元大S＆P日圓正2,71,0,71,元大-桃興,2023-11-01,9894
8936,國統,70,0,70,元大-桃興,2023-11-01,9894
00878,國泰永續高股息,77,9,68,元大-桃興,2023-11-01,9894
00687B,國泰20年美債,65,0,65,元大-桃興,2023-11-01,9894
6191,精成科,62,16,46,元大-桃興,2023-11-01,9894
3260,威剛,39,6,33,元大-桃興,2023-11-01,9894
2317,鴻海,39,6,33,元大-桃興,2023-11-01,9894
5356,協益,30,0,30,元大-桃興,2023-11-01,9894
3041,揚智,31,2,29,元大-桃興,2023-11-01,9894
00679B,元大美債20年,26,0,26,元大-桃興,2023-11-01,9894
2409,友達,28,3,25,元大-桃興,2023-11-01,9894
00715L,期街口布蘭特正2,25,0,25,元大-桃興,2023-11-01,9894
6443,元晶,26,3,23,元大-桃興,2023-11-01,9894
6116,彩晶,31,10,21,元大-桃興,2023-11-01,9894
4162,智擎,30,9,21,元大-桃興,2023-11-01,9894
00641R,富邦日本反1,20,0,20,元大-桃興,2023-11-01,9894
2886,兆豐金,20,0,20,元大-桃興,2023-11-01,9894
3576,聯合再生,20,1,19,元大-桃興,2023-11-01,9894
3704,合勤控,21,2,19,元大-桃興,2023-11-01,9894
3078,僑威,55,36,19,元大-桃興,2023-11-01,9894
00712,復華富時不動產,17,0,17,元大-桃興,2023-11-01,9894
3322,建舜電,32,15,17,元大-桃興,2023-11-01,9894
00680L,元大美債20正2,17,0,17,元大-桃興,2023-11-01,9894
2516,新建,17,0,17,元大-桃興,2023-11-01,9894
6442,光聖,21,5,16,元大-桃興,2023-11-01,9894
6153,嘉聯益,16,0,16,元大-桃興,2023-11-01,9894
00885,富邦越南,15,0,15,元大-桃興,2023-11-01,9894
4915,致伸,15,0,15,元大-桃興,2023-11-01,9894
1463,強盛新,14,0,14,元大-桃興,2023-11-01,9894
3276,宇環,15,2,13,元大-桃興,2023-11-01,9894
2891,中信金,12,0,12,元大-桃興,2023-11-01,9894
2014,中鴻,12,0,12,元大-桃興,2023-11-01,9894
9921,巨大,11,0,11,元大-桃興,2023-11-01,9894
4908,前鼎,23,12,11,元大-桃興,2023-11-01,9894
2355,敬鵬,11,0,11,元大-桃興,2023-11-01,9894
2399,映泰,11,1,10,元大-桃興,2023-11-01,9894
5907,大洋-KY,10,0,10,元大-桃興,2023-11-01,9894
6668,中揚光,10,0,10,元大-桃興,2023-11-01,9894
2392,正崴,10,0,10,元大-桃興,2023-11-01,9894
2002,中鋼,11,2,9,元大-桃興,2023-11-01,9894
1324,地球,34,25,9,元大-桃興,2023-11-01,9894
3045,台灣大,10,1,9,元大-桃興,2023-11-01,9894
5425,台半,9,0,9,元大-桃興,2023-11-01,9894
4746,台耀,9,0,9,元大-桃興,2023-11-01,9894
00900,富邦特選高股息30,28,19,9,元大-桃興,2023-11-01,9894
3702,大聯大,16,7,9,元大-桃興,2023-11-01,9894
2401,凌陽,8,0,8,元大-桃興,2023-11-01,9894
3338,泰碩,29,21,8,元大-桃興,2023-11-01,9894
00632R,元大台灣50反1,180,5,175,元大-桃興,2023-11-02,9894
00670L,富邦NASDAQ正2,146,0,146,元大-桃興,2023-11-02,9894
1808,潤隆,100,0,100,元大-桃興,2023-11-02,9894
00934,中信成長高股息,65,0,65,元大-桃興,2023-11-02,9894
00712,復華富時不動產,66,7,59,元大-桃興,2023-11-02,9894
00885,富邦越南,56,11,45,元大-桃興,2023-11-02,9894
3715,定穎投控,122,88,34,元大-桃興,2023-11-02,9894
2425,承啟,28,0,28,元大-桃興,2023-11-02,9894
3706,神達,56,33,23,元大-桃興,2023-11-02,9894
3041,揚智,20,0,20,元大-桃興,2023-11-02,9894
00719B,元大美債1-3,20,0,20,元大-桃興,2023-11-02,9894
2405,輔信,17,0,17,元大-桃興,2023-11-02,9894
00878,國泰永續高股息,54,37,17,元大-桃興,2023-11-02,9894
3006,晶豪科,35,20,15,元大-桃興,2023-11-02,9894
2367,燿華,37,22,15,元大-桃興,2023-11-02,9894
2393,億光,15,0,15,元大-桃興,2023-11-02,9894
00734B,台新JPM新興債,20,5,15,元大-桃興,2023-11-02,9894
8110,華東,15,1,14,元大-桃興,2023-11-02,9894
00642U,期元大S＆P石油,14,0,14,元大-桃興,2023-11-02,9894
00715L,期街口布蘭特正2,15,1,14,元大-桃興,2023-11-02,9894
2006,東和鋼鐵,17,5,12,元大-桃興,2023-11-02,9894
3025,星通,25,13,12,元大-桃興,2023-11-02,9894
1785,光洋科,12,0,12,元大-桃興,2023-11-02,9894
1524,耿鼎,19,8,11,元大-桃興,2023-11-02,9894
00919,群益台灣精選高息,11,1,10,元大-桃興,2023-11-02,9894
3268,海德威,54,44,10,元大-桃興,2023-11-02,9894
9919,康那香,21,11,10,元大-桃興,2023-11-02,9894
8054,安國,54,44,10,元大-桃興,2023-11-02,9894
9938,百和,11,1,10,元大-桃興,2023-11-02,9894
00756B,群益投等新興公債,10,0,10,元大-桃興,2023-11-02,9894
1301,台塑,10,1,9,元大-桃興,2023-11-02,9894
1519,華城,13,5,8,元大-桃興,2023-11-02,9894
6155,鈞寶,8,0,8,元大-桃興,2023-11-02,9894
6173,信昌電,12,4,8,元大-桃興,2023-11-02,9894
3521,鴻翊,8,0,8,元大-桃興,2023-11-02,9894
2543,皇昌,11,3,8,元大-桃興,2023-11-02,9894
2355,敬鵬,12,5,7,元大-桃興,2023-11-02,9894
3567,逸昌,15,8,7,元大-桃興,2023-11-02,9894
00680L,元大美債20正2,12,5,7,元大-桃興,2023-11-02,9894
3105,穩懋,20,13,7,元大-桃興,2023-11-02,9894
8210,勤誠,18,11,7,元大-桃興,2023-11-02,9894
5425,台半,10,3,7,元大-桃興,2023-11-02,9894
4967,十銓,18,12,6,元大-桃興,2023-11-02,9894
2401,凌陽,8,2,6,元大-桃興,2023-11-02,9894
2612,中航,10,4,6,元大-桃興,2023-11-02,9894
4188,安克,6,0,6,元大-桃興,2023-11-02,9894
4157,太景*-KY,6,0,6,元大-桃興,2023-11-02,9894
8150,南茂,6,0,6,元大-桃興,2023-11-02,9894
4763,材料-KY,6,1,5,元大-桃興,2023-11-02,9894
2417,圓剛,34,29,5,元大-桃興,2023-11-02,9894
2363,矽統,202,128,74,元大-桃興,2023-11-03,9894
2515,中工,73,1,72,元大-桃興,2023-11-03,9894
00712,復華富時不動產,108,36,72,元大-桃興,2023-11-03,9894
2329,華泰,110,44,66,元大-桃興,2023-11-03,9894
00632R,元大台灣50反1,70,9,61,元大-桃興,2023-11-03,9894
00934,中信成長高股息,49,0,49,元大-桃興,2023-11-03,9894
00929,復華台灣科技優息,64,18,46,元大-桃興,2023-11-03,9894
00892,富邦台灣半導體,40,0,40,元大-桃興,2023-11-03,9894
00878,國泰永續高股息,54,25,29,元大-桃興,2023-11-03,9894
2367,燿華,28,1,27,元大-桃興,2023-11-03,9894
2883,凱基金,40,14,26,元大-桃興,2023-11-03,9894
2317,鴻海,34,9,25,元大-桃興,2023-11-03,9894
3380,明泰,26,2,24,元大-桃興,2023-11-03,9894
00679B,元大美債20年,25,1,24,元大-桃興,2023-11-03,9894
2612,中航,25,2,23,元大-桃興,2023-11-03,9894
00935,野村臺灣新科技50,21,0,21,元大-桃興,2023-11-03,9894
1568,倉佑,21,0,21,元大-桃興,2023-11-03,9894
3363,上詮,21,0,21,元大-桃興,2023-11-03,9894
3548,兆利,34,14,20,元大-桃興,2023-11-03,9894
1402,遠東新,20,2,18,元大-桃興,2023-11-03,9894
2605,新興,20,3,17,元大-桃興,2023-11-03,9894
2405,輔信,18,1,17,元大-桃興,2023-11-03,9894
3276,宇環,15,0,15,元大-桃興,2023-11-03,9894
00795B,中信美國公債20年,15,0,15,元大-桃興,2023-11-03,9894
6153,嘉聯益,14,0,14,元大-桃興,2023-11-03,9894
3032,偉訓,15,2,13,元大-桃興,2023-11-03,9894
8046,南電,13,1,12,元大-桃興,2023-11-03,9894
2421,建準,12,0,12,元大-桃興,2023-11-03,9894
3025,星通,17,5,12,元大-桃興,2023-11-03,9894
3004,豐達科,12,0,12,元大-桃興,2023-11-03,9894
8150,南茂,16,4,12,元大-桃興,2023-11-03,9894
3078,僑威,33,22,11,元大-桃興,2023-11-03,9894
3122,笙泉,14,3,11,元大-桃興,2023-11-03,9894
8088,品安,11,1,10,元大-桃興,2023-11-03,9894
4155,訊映,10,0,10,元大-桃興,2023-11-03,9894
2323,中環,10,0,10,元大-桃興,2023-11-03,9894
00676R,富邦臺灣加權反1,10,0,10,元大-桃興,2023-11-03,9894
6197,佳必琪,11,2,9,元大-桃興,2023-11-03,9894
00933B,國泰10Y+金融債,10,1,9,元大-桃興,2023-11-03,9894
3672,康聯訊,10,1,9,元大-桃興,2023-11-03,9894
6191,精成科,17,8,9,元大-桃興,2023-11-03,9894
00715L,期街口布蘭特正2,13,5,8,元大-桃興,2023-11-03,9894
00919,群益台灣精選高息,8,0,8,元大-桃興,2023-11-03,9894
2027,大成鋼,10,2,8,元大-桃興,2023-11-03,9894
3704,合勤控,17,9,8,元大-桃興,2023-11-03,9894
8112,至上,10,2,8,元大-桃興,2023-11-03,9894
2353,宏��,8,0,8,元大-桃興,2023-11-03,9894
2337,旺宏,8,1,7,元大-桃興,2023-11-03,9894
2312,金寶,9,2,7,元大-桃興,2023-11-03,9894
1603,華電,8,1,7,元大-桃興,2023-11-03,9894
00919,群益台灣精選高息,106,1,105,元大-桃興,2023-11-06,9894
00632R,元大台灣50反1,80,0,80,元大-桃興,2023-11-06,9894
00687B,國泰20年美債,75,0,75,元大-桃興,2023-11-06,9894
9105,泰金寶-DR,50,0,50,元大-桃興,2023-11-06,9894
00715L,期街口布蘭特正2,41,0,41,元大-桃興,2023-11-06,9894
00753L,中信中國50正2,60,20,40,元大-桃興,2023-11-06,9894
6770,力積電,54,16,38,元大-桃興,2023-11-06,9894
3081,聯亞,35,0,35,元大-桃興,2023-11-06,9894
1524,耿鼎,46,15,31,元大-桃興,2023-11-06,9894
00878,國泰永續高股息,67,39,28,元大-桃興,2023-11-06,9894
3032,偉訓,34,6,28,元大-桃興,2023-11-06,9894
3260,威剛,26,2,24,元大-桃興,2023-11-06,9894
2515,中工,31,10,21,元大-桃興,2023-11-06,9894
3481,群創,28,7,21,元大-桃興,2023-11-06,9894
0056,元大高股息,47,27,20,元大-桃興,2023-11-06,9894
00882,中信中國高股息,21,1,20,元大-桃興,2023-11-06,9894
2888,新光金,23,5,18,元大-桃興,2023-11-06,9894
8163,達方,29,11,18,元大-桃興,2023-11-06,9894
2618,長榮航,44,30,14,元大-桃興,2023-11-06,9894
2453,凌群,26,12,14,元大-桃興,2023-11-06,9894
8112,至上,13,0,13,元大-桃興,2023-11-06,9894
6284,佳邦,12,0,12,元大-桃興,2023-11-06,9894
4533,協易機,36,25,11,元大-桃興,2023-11-06,9894
6233,旺玖,11,0,11,元大-桃興,2023-11-06,9894
00679B,元大美債20年,11,0,11,元大-桃興,2023-11-06,9894
2421,建準,14,3,11,元大-桃興,2023-11-06,9894
4906,正文,11,0,11,元大-桃興,2023-11-06,9894
2388,威盛,63,52,11,元大-桃興,2023-11-06,9894
8110,華東,12,2,10,元大-桃興,2023-11-06,9894
3363,上詮,20,10,10,元大-桃興,2023-11-06,9894
4401,東隆興,10,0,10,元大-桃興,2023-11-06,9894
5289,宜鼎,10,1,9,元大-桃興,2023-11-06,9894
2329,華泰,13,4,9,元大-桃興,2023-11-06,9894
3374,精材,14,5,9,元大-桃興,2023-11-06,9894
1721,三晃,20,11,9,元大-桃興,2023-11-06,9894
6585,鼎基,9,1,8,元大-桃興,2023-11-06,9894
5465,富驊,8,0,8,元大-桃興,2023-11-06,9894
2462,良得電,10,2,8,元大-桃興,2023-11-06,9894
6139,亞翔,20,12,8,元大-桃興,2023-11-06,9894
6285,啟��,9,1,8,元大-桃興,2023-11-06,9894
6118,建達,13,6,7,元大-桃興,2023-11-06,9894
00676R,富邦臺灣加權反1,7,0,7,元大-桃興,2023-11-06,9894
2633,台灣高鐵,7,0,7,元大-桃興,2023-11-06,9894
3576,聯合再生,15,8,7,元大-桃興,2023-11-06,9894
4305,世坤,7,0,7,元大-桃興,2023-11-06,9894
3122,笙泉,35,28,7,元大-桃興,2023-11-06,9894
6290,良維,7,0,7,元大-桃興,2023-11-06,9894
2363,矽統,131,124,7,元大-桃興,2023-11-06,9894
2206,三陽工業,8,1,7,元大-桃興,2023-11-06,9894
1217,愛之味,6,0,6,元大-桃興,2023-11-06,9894
00753L,中信中國50正2,124,0,124,元大-桃興,2023-11-07,9894
2618,長榮航,120,19,101,元大-桃興,2023-11-07,9894
2515,中工,63,10,53,元大-桃興,2023-11-07,9894
00687B,國泰20年美債,45,1,44,元大-桃興,2023-11-07,9894
2610,華航,46,8,38,元大-桃興,2023-11-07,9894
3260,威剛,46,10,36,元大-桃興,2023-11-07,9894
00715L,期街口布蘭特正2,32,0,32,元大-桃興,2023-11-07,9894
2390,云辰,30,0,30,元大-桃興,2023-11-07,9894
2834,臺企銀,30,2,28,元大-桃興,2023-11-07,9894
3041,揚智,32,9,23,元大-桃興,2023-11-07,9894
1471,首利,20,0,20,元大-桃興,2023-11-07,9894
8040,九暘,21,1,20,元大-桃興,2023-11-07,9894
2002,中鋼,23,3,20,元大-桃興,2023-11-07,9894
00878,國泰永續高股息,24,6,18,元大-桃興,2023-11-07,9894
2421,建準,23,6,17,元大-桃興,2023-11-07,9894
00637L,元大滬深300正2,17,0,17,元大-桃興,2023-11-07,9894
3380,明泰,15,0,15,元大-桃興,2023-11-07,9894
2363,矽統,89,74,15,元大-桃興,2023-11-07,9894
00882,中信中國高股息,15,0,15,元大-桃興,2023-11-07,9894
8064,東捷,14,0,14,元大-桃興,2023-11-07,9894
3036,文曄,28,14,14,元大-桃興,2023-11-07,9894
00934,中信成長高股息,13,0,13,元大-桃興,2023-11-07,9894
6485,點序,12,0,12,元大-桃興,2023-11-07,9894
3024,憶聲,44,32,12,元大-桃興,2023-11-07,9894
00679B,元大美債20年,12,0,12,元大-桃興,2023-11-07,9894
2367,燿華,21,10,11,元大-桃興,2023-11-07,9894
00923,群益台ESG低碳50,11,0,11,元大-桃興,2023-11-07,9894
00935,野村臺灣新科技50,11,0,11,元大-桃興,2023-11-07,9894
3081,聯亞,11,0,11,元大-桃興,2023-11-07,9894
5439,高技,13,2,11,元大-桃興,2023-11-07,9894
3037,欣興,12,2,10,元大-桃興,2023-11-07,9894
2337,旺宏,10,0,10,元大-桃興,2023-11-07,9894
00720B,元大投資級公司債,10,0,10,元大-桃興,2023-11-07,9894
6901,鑽石投資,21,11,10,元大-桃興,2023-11-07,9894
2332,友訊,10,0,10,元大-桃興,2023-11-07,9894
00888,永豐台灣ESG,10,0,10,元大-桃興,2023-11-07,9894
8926,台汽電,10,0,10,元大-桃興,2023-11-07,9894
1503,士電,10,0,10,元大-桃興,2023-11-07,9894
2484,希華,10,0,10,元大-桃興,2023-11-07,9894
00931B,統一美債20年,11,1,10,元大-桃興,2023-11-07,9894
2444,兆勁,10,0,10,元大-桃興,2023-11-07,9894
8432,東生華,12,2,10,元大-桃興,2023-11-07,9894
00756B,群益投等新興公債,10,0,10,元大-桃興,2023-11-07,9894
2498,宏達電,50,41,9,元大-桃興,2023-11-07,9894
2314,台揚,9,0,9,元大-桃興,2023-11-07,9894
6443,元晶,10,1,9,元大-桃興,2023-11-07,9894
6806,森崴能源,12,3,9,元大-桃興,2023-11-07,9894
1319,東陽,12,3,9,元大-桃興,2023-11-07,9894
2891,中信金,11,3,8,元大-桃興,2023-11-07,9894
2312,金寶,8,0,8,元大-桃興,2023-11-07,9894
00753L,中信中國50正2,252,0,252,元大-桃興,2023-11-08,9894
2618,長榮航,292,104,188,元大-桃興,2023-11-08,9894
00936,台新永續高息中小,178,10,168,元大-桃興,2023-11-08,9894
00715L,期街口布蘭特正2,127,1,126,元大-桃興,2023-11-08,9894
2363,矽統,187,112,75,元大-桃興,2023-11-08,9894
00712,復華富時不動產,53,4,49,元大-桃興,2023-11-08,9894
1815,富喬,54,8,46,元大-桃興,2023-11-08,9894
2884,玉山金,36,0,36,元大-桃興,2023-11-08,9894
2888,新光金,32,0,32,元大-桃興,2023-11-08,9894
2332,友訊,30,0,30,元大-桃興,2023-11-08,9894
8034,榮群,53,24,29,元大-桃興,2023-11-08,9894
00882,中信中國高股息,24,2,22,元大-桃興,2023-11-08,9894
00679B,元大美債20年,22,2,20,元大-桃興,2023-11-08,9894
00934,中信成長高股息,22,2,20,元大-桃興,2023-11-08,9894
1608,華榮,20,0,20,元大-桃興,2023-11-08,9894
2488,漢平,19,0,19,元大-桃興,2023-11-08,9894
5386,青雲,20,1,19,元大-桃興,2023-11-08,9894
2409,友達,24,7,17,元大-桃興,2023-11-08,9894
2425,承啟,17,0,17,元大-桃興,2023-11-08,9894
6290,良維,17,0,17,元大-桃興,2023-11-08,9894
2495,普安,17,1,16,元大-桃興,2023-11-08,9894
3081,聯亞,15,0,15,元大-桃興,2023-11-08,9894
00935,野村臺灣新科技50,15,0,15,元大-桃興,2023-11-08,9894
1314,中石化,16,1,15,元大-桃興,2023-11-08,9894
9905,大華,14,0,14,元大-桃興,2023-11-08,9894
00642U,期元大S＆P石油,15,1,14,元大-桃興,2023-11-08,9894
3390,旭軟,13,0,13,元大-桃興,2023-11-08,9894
4906,正文,15,2,13,元大-桃興,2023-11-08,9894
2390,云辰,16,4,12,元大-桃興,2023-11-08,9894
4105,東洋,12,0,12,元大-桃興,2023-11-08,9894
6133,金橋,12,0,12,元大-桃興,2023-11-08,9894
2369,菱生,12,0,12,元大-桃興,2023-11-08,9894
3706,神達,21,9,12,元大-桃興,2023-11-08,9894
2002,中鋼,16,5,11,元大-桃興,2023-11-08,9894
00919,群益台灣精選高息,12,1,11,元大-桃興,2023-11-08,9894
3041,揚智,14,3,11,元大-桃興,2023-11-08,9894
1760,寶齡富錦,11,0,11,元大-桃興,2023-11-08,9894
6901,鑽石投資,32,21,11,元大-桃興,2023-11-08,9894
3217,優群,28,17,11,元大-桃興,2023-11-08,9894
6461,益得,11,0,11,元大-桃興,2023-11-08,9894
2610,華航,29,19,10,元大-桃興,2023-11-08,9894
2301,光寶科,19,9,10,元大-桃興,2023-11-08,9894
2402,毅嘉,10,0,10,元大-桃興,2023-11-08,9894
2605,新興,25,15,10,元大-桃興,2023-11-08,9894
00902,中信電池及儲能,10,0,10,元大-桃興,2023-11-08,9894
1609,大亞,11,1,10,元大-桃興,2023-11-08,9894
2399,映泰,10,0,10,元大-桃興,2023-11-08,9894
1605,華新,12,2,10,元大-桃興,2023-11-08,9894
5244,弘凱,10,0,10,元大-桃興,2023-11-08,9894
2462,良得電,23,13,10,元大-桃興,2023-11-08,9894
00632R,元大台灣50反1,558,20,538,元大-桃興,2023-11-09,9894
2329,華泰,260,31,229,元大-桃興,2023-11-09,9894
00715L,期街口布蘭特正2,121,4,117,元大-桃興,2023-11-09,9894
00936,台新永續高息中小,114,10,104,元大-桃興,2023-11-09,9894
00878,國泰永續高股息,55,3,52,元大-桃興,2023-11-09,9894
4743,合一,58,7,51,元大-桃興,2023-11-09,9894
00885,富邦越南,65,18,47,元大-桃興,2023-11-09,9894
2206,三陽工業,41,0,41,元大-桃興,2023-11-09,9894
3380,明泰,40,0,40,元大-桃興,2023-11-09,9894
00720B,元大投資級公司債,39,1,38,元大-桃興,2023-11-09,9894
2515,中工,30,1,29,元大-桃興,2023-11-09,9894
00929,復華台灣科技優息,74,46,28,元大-桃興,2023-11-09,9894
00688L,國泰20年美債正2,26,0,26,元大-桃興,2023-11-09,9894
1815,富喬,27,2,25,元大-桃興,2023-11-09,9894
2421,建準,32,9,23,元大-桃興,2023-11-09,9894
3202,樺晟,21,0,21,元大-桃興,2023-11-09,9894
2547,日勝生,21,0,21,元大-桃興,2023-11-09,9894
3081,聯亞,21,0,21,元大-桃興,2023-11-09,9894
2610,華航,131,111,20,元大-桃興,2023-11-09,9894
2369,菱生,21,1,20,元大-桃興,2023-11-09,9894
6284,佳邦,21,2,19,元大-桃興,2023-11-09,9894
2353,宏��,19,0,19,元大-桃興,2023-11-09,9894
3122,笙泉,54,36,18,元大-桃興,2023-11-09,9894
3013,晟銘電,47,29,18,元大-桃興,2023-11-09,9894
9924,福興,18,0,18,元大-桃興,2023-11-09,9894
3481,群創,18,2,16,元大-桃興,2023-11-09,9894
2405,輔信,15,0,15,元大-桃興,2023-11-09,9894
6807,峰源-KY,14,0,14,元大-桃興,2023-11-09,9894
4162,智擎,15,1,14,元大-桃興,2023-11-09,9894
3078,僑威,17,3,14,元大-桃興,2023-11-09,9894
5272,笙科,20,6,14,元大-桃興,2023-11-09,9894
2812,台中銀,21,8,13,元大-桃興,2023-11-09,9894
4533,協易機,19,6,13,元大-桃興,2023-11-09,9894
2888,新光金,12,0,12,元大-桃興,2023-11-09,9894
2486,一詮,13,1,12,元大-桃興,2023-11-09,9894
2367,燿華,13,2,11,元大-桃興,2023-11-09,9894
2450,神腦,11,0,11,元大-桃興,2023-11-09,9894
2388,威盛,16,5,11,元大-桃興,2023-11-09,9894
2439,美律,13,2,11,元大-桃興,2023-11-09,9894
3189,景碩,12,1,11,元大-桃興,2023-11-09,9894
2605,新興,10,0,10,元大-桃興,2023-11-09,9894
6116,彩晶,10,0,10,元大-桃興,2023-11-09,9894
2892,第一金,10,0,10,元大-桃興,2023-11-09,9894
3051,力特,10,0,10,元大-桃興,2023-11-09,9894
2535,達欣工,10,0,10,元大-桃興,2023-11-09,9894
3317,尼克森,13,3,10,元大-桃興,2023-11-09,9894
3323,加百裕,10,0,10,元大-桃興,2023-11-09,9894
1540,喬福,10,0,10,元大-桃興,2023-11-09,9894
6202,盛群,9,0,9,元大-桃興,2023-11-09,9894
5328,華容,9,0,9,元大-桃興,2023-11-09,9894
00878,國泰永續高股息,108,14,94,元大-桃興,2023-11-10,9894
00679B,元大美債20年,79,0,79,元大-桃興,2023-11-10,9894
00936,台新永續高息中小,74,0,74,元大-桃興,2023-11-10,9894
2609,陽明,65,9,56,元大-桃興,2023-11-10,9894
2867,三商壽,51,0,51,元大-桃興,2023-11-10,9894
00753L,中信中國50正2,40,0,40,元大-桃興,2023-11-10,9894
2547,日勝生,36,1,35,元大-桃興,2023-11-10,9894
00900,富邦特選高股息30,34,0,34,元大-桃興,2023-11-10,9894
00680L,元大美債20正2,42,10,32,元大-桃興,2023-11-10,9894
00934,中信成長高股息,30,0,30,元大-桃興,2023-11-10,9894
2409,友達,30,0,30,元大-桃興,2023-11-10,9894
00706L,期元大S＆P日圓正2,30,0,30,元大-桃興,2023-11-10,9894
00687B,國泰20年美債,30,1,29,元大-桃興,2023-11-10,9894
4128,中天,55,28,27,元大-桃興,2023-11-10,9894
3706,神達,31,7,24,元大-桃興,2023-11-10,9894
9935,慶豐富,20,0,20,元大-桃興,2023-11-10,9894
3231,緯創,67,48,19,元大-桃興,2023-11-10,9894
1101,台泥,18,0,18,元大-桃興,2023-11-10,9894
2353,宏��,19,1,18,元大-桃興,2023-11-10,9894
4162,智擎,19,3,16,元大-桃興,2023-11-10,9894
1815,富喬,18,2,16,元大-桃興,2023-11-10,9894
2363,矽統,123,108,15,元大-桃興,2023-11-10,9894
2454,聯發科,15,0,15,元大-桃興,2023-11-10,9894
1524,耿鼎,20,6,14,元大-桃興,2023-11-10,9894
3645,達邁,14,0,14,元大-桃興,2023-11-10,9894
00923,群益台ESG低碳50,25,12,13,元大-桃興,2023-11-10,9894
4763,材料-KY,14,1,13,元大-桃興,2023-11-10,9894
1522,堤維西,13,0,13,元大-桃興,2023-11-10,9894
2449,京元電子,12,0,12,元大-桃興,2023-11-10,9894
2603,長榮,12,0,12,元大-桃興,2023-11-10,9894
00715L,期街口布蘭特正2,32,20,12,元大-桃興,2023-11-10,9894
5272,笙科,12,1,11,元大-桃興,2023-11-10,9894
3046,建��,11,0,11,元大-桃興,2023-11-10,9894
8093,保銳,11,0,11,元大-桃興,2023-11-10,9894
2605,新興,10,0,10,元大-桃興,2023-11-10,9894
00688L,國泰20年美債正2,10,0,10,元大-桃興,2023-11-10,9894
1785,光洋科,10,0,10,元大-桃興,2023-11-10,9894
5521,工信,12,2,10,元大-桃興,2023-11-10,9894
3042,晶技,10,0,10,元大-桃興,2023-11-10,9894
00665L,富邦�琤肭磪囓�2,10,0,10,元大-桃興,2023-11-10,9894
3338,泰碩,10,0,10,元大-桃興,2023-11-10,9894
3713,新晶投控,10,0,10,元大-桃興,2023-11-10,9894
5871,中租-KY,9,0,9,元大-桃興,2023-11-10,9894
00637L,元大滬深300正2,22,13,9,元大-桃興,2023-11-10,9894
2417,圓剛,36,27,9,元大-桃興,2023-11-10,9894
8358,金居,10,1,9,元大-桃興,2023-11-10,9894
1582,信錦,12,3,9,元大-桃興,2023-11-10,9894
0056,元大高股息,11,2,9,元大-桃興,2023-11-10,9894
3576,聯合再生,8,0,8,元大-桃興,2023-11-10,9894
6271,同欣電,12,4,8,元大-桃興,2023-11-10,9894
00929,復華台灣科技優息,354,23,331,元大-桃興,2023-11-13,9894
6116,彩晶,240,2,238,元大-桃興,2023-11-13,9894
00632R,元大台灣50反1,83,9,74,元大-桃興,2023-11-13,9894
2888,新光金,39,0,39,元大-桃興,2023-11-13,9894
2618,長榮航,138,101,37,元大-桃興,2023-11-13,9894
6139,亞翔,37,7,30,元大-桃興,2023-11-13,9894
00706L,期元大S＆P日圓正2,30,0,30,元大-桃興,2023-11-13,9894
2515,中工,26,0,26,元大-桃興,2023-11-13,9894
00907,永豐優息存股,25,0,25,元大-桃興,2023-11-13,9894
2382,廣達,35,11,24,元大-桃興,2023-11-13,9894
2369,菱生,26,3,23,元大-桃興,2023-11-13,9894
00679B,元大美債20年,23,0,23,元大-桃興,2023-11-13,9894
9914,美利達,21,0,21,元大-桃興,2023-11-13,9894
00923,群益台ESG低碳50,38,17,21,元大-桃興,2023-11-13,9894
1584,精剛,21,0,21,元大-桃興,2023-11-13,9894
3078,僑威,22,2,20,元大-桃興,2023-11-13,9894
1522,堤維西,40,20,20,元大-桃興,2023-11-13,9894
1301,台塑,20,0,20,元大-桃興,2023-11-13,9894
2484,希華,20,0,20,元大-桃興,2023-11-13,9894
00687B,國泰20年美債,18,0,18,元大-桃興,2023-11-13,9894
2376,技嘉,24,8,16,元大-桃興,2023-11-13,9894
2547,日勝生,15,0,15,元大-桃興,2023-11-13,9894
2605,新興,15,0,15,元大-桃興,2023-11-13,9894
6117,迎廣,40,25,15,元大-桃興,2023-11-13,9894
3047,訊舟,15,0,15,元大-桃興,2023-11-13,9894
00931B,統一美債20年,15,0,15,元大-桃興,2023-11-13,9894
6282,康舒,16,1,15,元大-桃興,2023-11-13,9894
6290,良維,17,3,14,元大-桃興,2023-11-13,9894
2421,建準,15,2,13,元大-桃興,2023-11-13,9894
3374,精材,21,8,13,元大-桃興,2023-11-13,9894
2324,仁寶,16,3,13,元大-桃興,2023-11-13,9894
2337,旺宏,12,0,12,元大-桃興,2023-11-13,9894
5230,雷笛克光學,12,0,12,元大-桃興,2023-11-13,9894
00751B,元大AAA至A公司債,11,0,11,元大-桃興,2023-11-13,9894
2313,華通,119,108,11,元大-桃興,2023-11-13,9894
4908,前鼎,16,5,11,元大-桃興,2023-11-13,9894
00850,元大臺灣ESG永續,11,1,10,元大-桃興,2023-11-13,9894
2405,輔信,10,0,10,元大-桃興,2023-11-13,9894
00933B,國泰10Y+金融債,10,0,10,元大-桃興,2023-11-13,9894
6535,順藥,10,0,10,元大-桃興,2023-11-13,9894
2468,華經,10,0,10,元大-桃興,2023-11-13,9894
00900,富邦特選高股息30,10,0,10,元大-桃興,2023-11-13,9894
3017,奇鋐,19,9,10,元大-桃興,2023-11-13,9894
00712,復華富時不動產,11,1,10,元大-桃興,2023-11-13,9894
1815,富喬,15,6,9,元大-桃興,2023-11-13,9894
3036,文曄,11,2,9,元大-桃興,2023-11-13,9894
8110,華東,9,0,9,元大-桃興,2023-11-13,9894
3356,奇偶,10,1,9,元大-桃興,2023-11-13,9894
6271,同欣電,9,0,9,元大-桃興,2023-11-13,9894
3176,基亞,10,1,9,元大-桃興,2023-11-13,9894
1909,榮成,120,1,119,元大-桃興,2023-11-14,9894
00673R,期元大S＆P原油反1,101,0,101,元大-桃興,2023-11-14,9894
00679B,元大美債20年,97,0,97,元大-桃興,2023-11-14,9894
6901,鑽石投資,49,1,48,元大-桃興,2023-11-14,9894
2884,玉山金,30,1,29,元大-桃興,2023-11-14,9894
2618,長榮航,77,48,29,元大-桃興,2023-11-14,9894
2002,中鋼,33,5,28,元大-桃興,2023-11-14,9894
2610,華航,40,12,28,元大-桃興,2023-11-14,9894
00923,群益台ESG低碳50,40,17,23,元大-桃興,2023-11-14,9894
3147,大綜,31,8,23,元大-桃興,2023-11-14,9894
3704,合勤控,22,2,20,元大-桃興,2023-11-14,9894
3231,緯創,37,20,17,元大-桃興,2023-11-14,9894
8940,新天地,16,0,16,元大-桃興,2023-11-14,9894
8429,金麗-KY,15,0,15,元大-桃興,2023-11-14,9894
1717,長興,15,0,15,元大-桃興,2023-11-14,9894
6451,訊芯-KY,16,1,15,元大-桃興,2023-11-14,9894
6806,森崴能源,15,1,14,元大-桃興,2023-11-14,9894
3702,大聯大,15,1,14,元大-桃興,2023-11-14,9894
2454,聯發科,13,0,13,元大-桃興,2023-11-14,9894
1101,台泥,13,0,13,元大-桃興,2023-11-14,9894
2374,佳能,13,0,13,元大-桃興,2023-11-14,9894
2605,新興,22,10,12,元大-桃興,2023-11-14,9894
3037,欣興,12,0,12,元大-桃興,2023-11-14,9894
3617,碩天,11,0,11,元大-桃興,2023-11-14,9894
3032,偉訓,12,1,11,元大-桃興,2023-11-14,9894
00633L,富邦上証正2,11,0,11,元大-桃興,2023-11-14,9894
1589,永冠-KY,11,0,11,元大-桃興,2023-11-14,9894
6167,久正,11,0,11,元大-桃興,2023-11-14,9894
00900,富邦特選高股息30,17,7,10,元大-桃興,2023-11-14,9894
2535,達欣工,10,0,10,元大-桃興,2023-11-14,9894
2850,新產,10,0,10,元大-桃興,2023-11-14,9894
3306,鼎天,19,9,10,元大-桃興,2023-11-14,9894
3041,揚智,35,25,10,元大-桃興,2023-11-14,9894
2892,第一金,10,0,10,元大-桃興,2023-11-14,9894
2609,陽明,19,10,9,元大-桃興,2023-11-14,9894
3390,旭軟,9,0,9,元大-桃興,2023-11-14,9894
1449,佳和,24,16,8,元大-桃興,2023-11-14,9894
2356,英業達,16,8,8,元大-桃興,2023-11-14,9894
2417,圓剛,17,10,7,元大-桃興,2023-11-14,9894
8176,智捷,7,0,7,元大-桃興,2023-11-14,9894
1504,東元,29,22,7,元大-桃興,2023-11-14,9894
1815,富喬,7,0,7,元大-桃興,2023-11-14,9894
2312,金寶,7,0,7,元大-桃興,2023-11-14,9894
4107,邦特,7,0,7,元大-桃興,2023-11-14,9894
3481,群創,19,13,6,元大-桃興,2023-11-14,9894
2634,漢翔,7,1,6,元大-桃興,2023-11-14,9894
5706,鳳凰,6,0,6,元大-桃興,2023-11-14,9894
1616,億泰,6,0,6,元大-桃興,2023-11-14,9894
1605,華新,9,3,6,元大-桃興,2023-11-14,9894
4939,亞電,6,0,6,元大-桃興,2023-11-14,9894
2014,中鴻,506,11,495,元大-桃興,2023-11-15,9894
00632R,元大台灣50反1,70,0,70,元大-桃興,2023-11-15,9894
00679B,元大美債20年,70,12,58,元大-桃興,2023-11-15,9894
00878,國泰永續高股息,66,15,51,元大-桃興,2023-11-15,9894
1449,佳和,55,7,48,元大-桃興,2023-11-15,9894
00637L,元大滬深300正2,50,10,40,元大-桃興,2023-11-15,9894
2449,京元電子,47,10,37,元大-桃興,2023-11-15,9894
6139,亞翔,28,5,23,元大-桃興,2023-11-15,9894
5351,鈺創,32,11,21,元大-桃興,2023-11-15,9894
2851,中再保,20,0,20,元大-桃興,2023-11-15,9894
3694,海華,25,5,20,元大-桃興,2023-11-15,9894
2462,良得電,27,7,20,元大-桃興,2023-11-15,9894
2337,旺宏,29,10,19,元大-桃興,2023-11-15,9894
2402,毅嘉,21,3,18,元大-桃興,2023-11-15,9894
6111,大宇資,21,4,17,元大-桃興,2023-11-15,9894
00929,復華台灣科技優息,56,39,17,元大-桃興,2023-11-15,9894
2890,永豐金,18,1,17,元大-桃興,2023-11-15,9894
3276,宇環,35,20,15,元大-桃興,2023-11-15,9894
00642U,期元大S＆P石油,15,0,15,元大-桃興,2023-11-15,9894
00674R,期元大S＆P黃金反1,15,0,15,元大-桃興,2023-11-15,9894
3543,州巧,15,0,15,元大-桃興,2023-11-15,9894
3025,星通,24,11,13,元大-桃興,2023-11-15,9894
3675,德微,13,0,13,元大-桃興,2023-11-15,9894
2515,中工,12,0,12,元大-桃興,2023-11-15,9894
2317,鴻海,21,9,12,元大-桃興,2023-11-15,9894
4977,眾達-KY,25,14,11,元大-桃興,2023-11-15,9894
3481,群創,12,2,10,元大-桃興,2023-11-15,9894
1409,新纖,10,0,10,元大-桃興,2023-11-15,9894
00864B,中信美國公債0-1,10,0,10,元大-桃興,2023-11-15,9894
3017,奇鋐,21,11,10,元大-桃興,2023-11-15,9894
00676R,富邦臺灣加權反1,10,0,10,元大-桃興,2023-11-15,9894
3035,智原,22,13,9,元大-桃興,2023-11-15,9894
1582,信錦,11,2,9,元大-桃興,2023-11-15,9894
8088,品安,22,13,9,元大-桃興,2023-11-15,9894
6290,良維,35,26,9,元大-桃興,2023-11-15,9894
00720B,元大投資級公司債,10,2,8,元大-桃興,2023-11-15,9894
2312,金寶,10,2,8,元大-桃興,2023-11-15,9894
4157,太景*-KY,8,0,8,元大-桃興,2023-11-15,9894
3374,精材,8,0,8,元大-桃興,2023-11-15,9894
4154,樂威科-KY,8,0,8,元大-桃興,2023-11-15,9894
2476,鉅祥,8,0,8,元大-桃興,2023-11-15,9894
5609,中菲行,8,0,8,元大-桃興,2023-11-15,9894
2425,承啟,13,5,8,元大-桃興,2023-11-15,9894
4533,協易機,11,3,8,元大-桃興,2023-11-15,9894
6125,廣運,8,0,8,元大-桃興,2023-11-15,9894
8358,金居,13,6,7,元大-桃興,2023-11-15,9894
8996,高力,36,29,7,元大-桃興,2023-11-15,9894
5452,佶優,7,0,7,元大-桃興,2023-11-15,9894
6153,嘉聯益,7,0,7,元大-桃興,2023-11-15,9894
0056,元大高股息,21,15,6,元大-桃興,2023-11-15,9894
5009,榮剛,154,1,153,元大-桃興,2023-11-16,9894
00687B,國泰20年美債,131,3,128,元大-桃興,2023-11-16,9894
2329,華泰,242,123,119,元大-桃興,2023-11-16,9894
00680L,元大美債20正2,100,0,100,元大-桃興,2023-11-16,9894
00878,國泰永續高股息,108,45,63,元大-桃興,2023-11-16,9894
2406,國碩,61,2,59,元大-桃興,2023-11-16,9894
00720B,元大投資級公司債,56,0,56,元大-桃興,2023-11-16,9894
00676R,富邦臺灣加權反1,50,0,50,元大-桃興,2023-11-16,9894
00632R,元大台灣50反1,66,20,46,元大-桃興,2023-11-16,9894
00919,群益台灣精選高息,76,32,44,元大-桃興,2023-11-16,9894
00679B,元大美債20年,34,0,34,元大-桃興,2023-11-16,9894
2344,華邦電,63,34,29,元大-桃興,2023-11-16,9894
00923,群益台ESG低碳50,34,6,28,元大-桃興,2023-11-16,9894
8034,榮群,55,28,27,元大-桃興,2023-11-16,9894
4967,十銓,27,3,24,元大-桃興,2023-11-16,9894
00753L,中信中國50正2,24,0,24,元大-桃興,2023-11-16,9894
1101,台泥,26,2,24,元大-桃興,2023-11-16,9894
2607,榮運,20,0,20,元大-桃興,2023-11-16,9894
1409,新纖,20,0,20,元大-桃興,2023-11-16,9894
00706L,期元大S＆P日圓正2,20,0,20,元大-桃興,2023-11-16,9894
1604,聲寶,20,0,20,元大-桃興,2023-11-16,9894
6412,群電,20,0,20,元大-桃興,2023-11-16,9894
2002,中鋼,23,4,19,元大-桃興,2023-11-16,9894
4945,陞達科技,37,19,18,元大-桃興,2023-11-16,9894
3017,奇鋐,26,8,18,元大-桃興,2023-11-16,9894
4746,台耀,22,4,18,元大-桃興,2023-11-16,9894
3376,新日興,40,22,18,元大-桃興,2023-11-16,9894
6290,良維,16,0,16,元大-桃興,2023-11-16,9894
6261,久元,15,0,15,元大-桃興,2023-11-16,9894
1618,合機,15,0,15,元大-桃興,2023-11-16,9894
00715L,期街口布蘭特正2,39,24,15,元大-桃興,2023-11-16,9894
3231,緯創,33,19,14,元大-桃興,2023-11-16,9894
00850,元大臺灣ESG永續,14,1,13,元大-桃興,2023-11-16,9894
1795,美時,22,9,13,元大-桃興,2023-11-16,9894
2382,廣達,16,4,12,元大-桃興,2023-11-16,9894
8050,廣積,12,0,12,元大-桃興,2023-11-16,9894
00772B,中信高評級公司債,11,0,11,元大-桃興,2023-11-16,9894
8088,品安,11,0,11,元大-桃興,2023-11-16,9894
6456,GIS-KY,22,11,11,元大-桃興,2023-11-16,9894
3672,康聯訊,11,0,11,元大-桃興,2023-11-16,9894
1504,東元,35,25,10,元大-桃興,2023-11-16,9894
2458,義隆,10,0,10,元大-桃興,2023-11-16,9894
00900,富邦特選高股息30,11,1,10,元大-桃興,2023-11-16,9894
3276,宇環,10,0,10,元大-桃興,2023-11-16,9894
5530,龍巖,10,0,10,元大-桃興,2023-11-16,9894
2606,裕民,20,10,10,元大-桃興,2023-11-16,9894
2834,臺企銀,9,0,9,元大-桃興,2023-11-16,9894
3362,先進光,12,3,9,元大-桃興,2023-11-16,9894
2352,佳世達,10,1,9,元大-桃興,2023-11-16,9894
4919,新唐,10,1,9,元大-桃興,2023-11-16,9894
00632R,元大台灣50反1,535,0,535,元大-桃興,2023-11-17,9894
00715L,期街口布蘭特正2,307,9,298,元大-桃興,2023-11-17,9894
3481,群創,211,32,179,元大-桃興,2023-11-17,9894
2881,富邦金,150,5,145,元大-桃興,2023-11-17,9894
3041,揚智,216,108,108,元大-桃興,2023-11-17,9894
2607,榮運,81,5,76,元大-桃興,2023-11-17,9894
00720B,元大投資級公司債,64,0,64,元大-桃興,2023-11-17,9894
2891,中信金,54,5,49,元大-桃興,2023-11-17,9894
00679B,元大美債20年,44,0,44,元大-桃興,2023-11-17,9894
00878,國泰永續高股息,45,6,39,元大-桃興,2023-11-17,9894
00676R,富邦臺灣加權反1,30,0,30,元大-桃興,2023-11-17,9894
3645,達邁,25,3,22,元大-桃興,2023-11-17,9894
00637L,元大滬深300正2,25,3,22,元大-桃興,2023-11-17,9894
4414,如興,20,0,20,元大-桃興,2023-11-17,9894
3257,虹冠電,21,2,19,元大-桃興,2023-11-17,9894
00753L,中信中國50正2,18,0,18,元大-桃興,2023-11-17,9894
0056,元大高股息,23,6,17,元大-桃興,2023-11-17,9894
00934,中信成長高股息,17,1,16,元大-桃興,2023-11-17,9894
2465,麗臺,21,6,15,元大-桃興,2023-11-17,9894
2457,飛宏,18,3,15,元大-桃興,2023-11-17,9894
00633L,富邦上証正2,21,7,14,元大-桃興,2023-11-17,9894
3322,建舜電,14,0,14,元大-桃興,2023-11-17,9894
3483,力致,12,0,12,元大-桃興,2023-11-17,9894
6290,良維,12,0,12,元大-桃興,2023-11-17,9894
4979,華星光,13,2,11,元大-桃興,2023-11-17,9894
00933B,國泰10Y+金融債,11,0,11,元大-桃興,2023-11-17,9894
00642U,期元大S＆P石油,11,0,11,元大-桃興,2023-11-17,9894
6901,鑽石投資,13,2,11,元大-桃興,2023-11-17,9894
2312,金寶,24,13,11,元大-桃興,2023-11-17,9894
4743,合一,13,2,11,元大-桃興,2023-11-17,9894
1219,福壽,10,0,10,元大-桃興,2023-11-17,9894
4440,宜新實業,10,0,10,元大-桃興,2023-11-17,9894
5522,遠雄,10,0,10,元大-桃興,2023-11-17,9894
00650L,復華香港正2,10,0,10,元大-桃興,2023-11-17,9894
00688L,國泰20年美債正2,10,0,10,元大-桃興,2023-11-17,9894
5272,笙科,12,2,10,元大-桃興,2023-11-17,9894
4532,瑞智,10,0,10,元大-桃興,2023-11-17,9894
00752,中信中國50,10,0,10,元大-桃興,2023-11-17,9894
1808,潤隆,10,0,10,元大-桃興,2023-11-17,9894
5531,鄉林,10,0,10,元大-桃興,2023-11-17,9894
6269,台郡,10,0,10,元大-桃興,2023-11-17,9894
1609,大亞,11,2,9,元大-桃興,2023-11-17,9894
2630,亞航,14,5,9,元大-桃興,2023-11-17,9894
2371,大同,10,1,9,元大-桃興,2023-11-17,9894
00631L,元大台灣50正2,9,0,9,元大-桃興,2023-11-17,9894
00687B,國泰20年美債,9,0,9,元大-桃興,2023-11-17,9894
6282,康舒,12,3,9,元大-桃興,2023-11-17,9894
2367,燿華,9,0,9,元大-桃興,2023-11-17,9894
00882,中信中國高股息,8,0,8,元大-桃興,2023-11-17,9894
2002,中鋼,9,1,8,元大-桃興,2023-11-17,9894
00687B,國泰20年美債,137,1,136,元大-桃興,2023-11-20,9894
00673R,期元大S＆P原油反1,105,0,105,元大-桃興,2023-11-20,9894
00881,國泰台灣5G+,101,0,101,元大-桃興,2023-11-20,9894
00706L,期元大S＆P日圓正2,100,0,100,元大-桃興,2023-11-20,9894
2421,建準,100,1,99,元大-桃興,2023-11-20,9894
1802,台玻,78,6,72,元大-桃興,2023-11-20,9894
2610,華航,81,12,69,元大-桃興,2023-11-20,9894
6185,幃翔,45,0,45,元大-桃興,2023-11-20,9894
00632R,元大台灣50反1,45,0,45,元大-桃興,2023-11-20,9894
2543,皇昌,56,21,35,元大-桃興,2023-11-20,9894
3481,群創,46,11,35,元大-桃興,2023-11-20,9894
5521,工信,54,21,33,元大-桃興,2023-11-20,9894
2484,希華,31,0,31,元大-桃興,2023-11-20,9894
2618,長榮航,62,31,31,元大-桃興,2023-11-20,9894
3035,智原,35,11,24,元大-桃興,2023-11-20,9894
3576,聯合再生,23,0,23,元大-桃興,2023-11-20,9894
1718,中纖,20,0,20,元大-桃興,2023-11-20,9894
00919,群益台灣精選高息,26,7,19,元大-桃興,2023-11-20,9894
2607,榮運,22,3,19,元大-桃興,2023-11-20,9894
3094,聯傑,20,2,18,元大-桃興,2023-11-20,9894
6799,來頡,24,6,18,元大-桃興,2023-11-20,9894
00929,復華台灣科技優息,50,33,17,元大-桃興,2023-11-20,9894
5439,高技,21,4,17,元大-桃興,2023-11-20,9894
5706,鳳凰,31,15,16,元大-桃興,2023-11-20,9894
6243,迅杰,47,31,16,元大-桃興,2023-11-20,9894
3078,僑威,20,4,16,元大-桃興,2023-11-20,9894
2356,英業達,56,42,14,元大-桃興,2023-11-20,9894
00751B,元大AAA至A公司債,15,1,14,元大-桃興,2023-11-20,9894
2402,毅嘉,34,20,14,元大-桃興,2023-11-20,9894
5425,台半,14,0,14,元大-桃興,2023-11-20,9894
00679B,元大美債20年,14,0,14,元大-桃興,2023-11-20,9894
2355,敬鵬,62,49,13,元大-桃興,2023-11-20,9894
00720B,元大投資級公司債,12,0,12,元大-桃興,2023-11-20,9894
2323,中環,14,2,12,元大-桃興,2023-11-20,9894
2530,華建,12,0,12,元大-桃興,2023-11-20,9894
6770,力積電,30,19,11,元大-桃興,2023-11-20,9894
5704,老爺知,11,0,11,元大-桃興,2023-11-20,9894
3252,海灣,10,0,10,元大-桃興,2023-11-20,9894
1314,中石化,10,0,10,元大-桃興,2023-11-20,9894
2838,聯邦銀,10,0,10,元大-桃興,2023-11-20,9894
2371,大同,10,0,10,元大-桃興,2023-11-20,9894
1568,倉佑,10,1,9,元大-桃興,2023-11-20,9894
2314,台揚,11,2,9,元大-桃興,2023-11-20,9894
5864,致和證,9,0,9,元大-桃興,2023-11-20,9894
1589,永冠-KY,9,0,9,元大-桃興,2023-11-20,9894
00772B,中信高評級公司債,9,0,9,元大-桃興,2023-11-20,9894
3450,聯鈞,8,0,8,元大-桃興,2023-11-20,9894
2739,寒舍,8,0,8,元大-桃興,2023-11-20,9894
00922,國泰台灣領袖50,8,0,8,元大-桃興,2023-11-20,9894
1409,新纖,8,0,8,元大-桃興,2023-11-20,9894
2014,中鴻,502,14,488,元大-桃興,2023-11-21,9894
00632R,元大台灣50反1,277,14,263,元大-桃興,2023-11-21,9894
2367,燿華,151,28,123,元大-桃興,2023-11-21,9894
00706L,期元大S＆P日圓正2,100,0,100,元大-桃興,2023-11-21,9894
00929,復華台灣科技優息,104,45,59,元大-桃興,2023-11-21,9894
8105,凌巨,50,0,50,元大-桃興,2023-11-21,9894
2351,順德,52,4,48,元大-桃興,2023-11-21,9894
2329,華泰,61,17,44,元大-桃興,2023-11-21,9894
0056,元大高股息,127,93,34,元大-桃興,2023-11-21,9894
2405,輔信,45,13,32,元大-桃興,2023-11-21,9894
6120,達運,30,0,30,元大-桃興,2023-11-21,9894
6127,九豪,34,6,28,元大-桃興,2023-11-21,9894
00679B,元大美債20年,26,0,26,元大-桃興,2023-11-21,9894
5302,太欣,26,0,26,元大-桃興,2023-11-21,9894
2486,一詮,26,1,25,元大-桃興,2023-11-21,9894
6129,普誠,35,10,25,元大-桃興,2023-11-21,9894
3715,定穎投控,56,34,22,元大-桃興,2023-11-21,9894
6517,保勝光學,22,0,22,元大-桃興,2023-11-21,9894
3013,晟銘電,34,13,21,元大-桃興,2023-11-21,9894
3645,達邁,20,0,20,元大-桃興,2023-11-21,9894
1616,億泰,20,0,20,元大-桃興,2023-11-21,9894
5533,皇鼎,19,1,18,元大-桃興,2023-11-21,9894
3163,波若威,28,10,18,元大-桃興,2023-11-21,9894
2618,長榮航,51,35,16,元大-桃興,2023-11-21,9894
2313,華通,108,92,16,元大-桃興,2023-11-21,9894
00919,群益台灣精選高息,28,13,15,元大-桃興,2023-11-21,9894
00934,中信成長高股息,15,0,15,元大-桃興,2023-11-21,9894
2462,良得電,15,0,15,元大-桃興,2023-11-21,9894
2352,佳世達,14,0,14,元大-桃興,2023-11-21,9894
3059,華晶科,15,2,13,元大-桃興,2023-11-21,9894
00772B,中信高評級公司債,13,0,13,元大-桃興,2023-11-21,9894
2421,建準,16,3,13,元大-桃興,2023-11-21,9894
2303,聯電,27,15,12,元大-桃興,2023-11-21,9894
00712,復華富時不動產,12,0,12,元大-桃興,2023-11-21,9894
3035,智原,17,6,11,元大-桃興,2023-11-21,9894
4167,松瑞藥,11,0,11,元大-桃興,2023-11-21,9894
1504,東元,12,1,11,元大-桃興,2023-11-21,9894
8936,國統,13,3,10,元大-桃興,2023-11-21,9894
2356,英業達,61,50,11,元大-桃興,2023-11-21,9894
2614,東森,11,1,10,元大-桃興,2023-11-21,9894
2606,裕民,10,0,10,元大-桃興,2023-11-21,9894
6412,群電,11,1,10,元大-桃興,2023-11-21,9894
3527,聚積,10,0,10,元大-桃興,2023-11-21,9894
3062,建漢,15,5,10,元大-桃興,2023-11-21,9894
3713,新晶投控,10,0,10,元大-桃興,2023-11-21,9894
5530,龍巖,10,0,10,元大-桃興,2023-11-21,9894
2337,旺宏,10,0,10,元大-桃興,2023-11-21,9894
2401,凌陽,43,34,9,元大-桃興,2023-11-21,9894
5465,富驊,16,7,9,元大-桃興,2023-11-21,9894
6288,聯嘉,9,0,9,元大-桃興,2023-11-21,9894
2367,燿華,784,16,768,元大-桃興,2023-11-22,9894
3231,緯創,161,27,134,元大-桃興,2023-11-22,9894
00878,國泰永續高股息,92,6,86,元大-桃興,2023-11-22,9894
5009,榮剛,138,75,63,元大-桃興,2023-11-22,9894
0056,元大高股息,58,4,54,元大-桃興,2023-11-22,9894
1449,佳和,47,0,47,元大-桃興,2023-11-22,9894
2353,宏��,49,4,45,元大-桃興,2023-11-22,9894
2382,廣達,44,3,41,元大-桃興,2023-11-22,9894
00919,群益台灣精選高息,42,2,40,元大-桃興,2023-11-22,9894
2352,佳世達,44,5,39,元大-桃興,2023-11-22,9894
2356,英業達,50,13,37,元大-桃興,2023-11-22,9894
00706L,期元大S＆P日圓正2,30,0,30,元大-桃興,2023-11-22,9894
5471,松翰,36,9,27,元大-桃興,2023-11-22,9894
2419,仲琦,27,0,27,元大-桃興,2023-11-22,9894
2313,華通,50,24,26,元大-桃興,2023-11-22,9894
4908,前鼎,74,48,26,元大-桃興,2023-11-22,9894
2884,玉山金,25,1,24,元大-桃興,2023-11-22,9894
3013,晟銘電,25,1,24,元大-桃興,2023-11-22,9894
00632R,元大台灣50反1,42,20,22,元大-桃興,2023-11-22,9894
2312,金寶,21,0,21,元大-桃興,2023-11-22,9894
8046,南電,21,0,21,元大-桃興,2023-11-22,9894
5512,力麒,21,0,21,元大-桃興,2023-11-22,9894
2888,新光金,20,0,20,元大-桃興,2023-11-22,9894
3032,偉訓,21,1,20,元大-桃興,2023-11-22,9894
3694,海華,22,2,20,元大-桃興,2023-11-22,9894
00751B,元大AAA至A公司債,20,0,20,元大-桃興,2023-11-22,9894
2323,中環,20,0,20,元大-桃興,2023-11-22,9894
5392,能率,30,10,20,元大-桃興,2023-11-22,9894
6290,良維,25,5,20,元大-桃興,2023-11-22,9894
00923,群益台ESG低碳50,22,3,19,元大-桃興,2023-11-22,9894
00687B,國泰20年美債,18,0,18,元大-桃興,2023-11-22,9894
6285,啟��,21,3,18,元大-桃興,2023-11-22,9894
5225,東科-KY,25,7,18,元大-桃興,2023-11-22,9894
8054,安國,45,28,17,元大-桃興,2023-11-22,9894
4744,皇將,16,0,16,元大-桃興,2023-11-22,9894
6770,力積電,28,14,14,元大-桃興,2023-11-22,9894
3706,神達,15,1,14,元大-桃興,2023-11-22,9894
2301,光寶科,14,0,14,元大-桃興,2023-11-22,9894
6125,廣運,16,3,13,元大-桃興,2023-11-22,9894
2618,長榮航,45,32,13,元大-桃興,2023-11-22,9894
3710,連展投控,12,0,12,元大-桃興,2023-11-22,9894
00900,富邦特選高股息30,25,13,12,元大-桃興,2023-11-22,9894
00655L,國泰中國A50正2,12,0,12,元大-桃興,2023-11-22,9894
1101,台泥,12,0,12,元大-桃興,2023-11-22,9894
2380,虹光,11,0,11,元大-桃興,2023-11-22,9894
2376,技嘉,14,3,11,元大-桃興,2023-11-22,9894
3047,訊舟,18,7,11,元大-桃興,2023-11-22,9894
8926,台汽電,10,0,10,元大-桃興,2023-11-22,9894
2002,中鋼,14,4,10,元大-桃興,2023-11-22,9894
1605,華新,16,6,10,元大-桃興,2023-11-22,9894
00637L,元大滬深300正2,142,0,142,元大-桃興,2023-11-23,9894
5009,榮剛,218,138,80,元大-桃興,2023-11-23,9894
00878,國泰永續高股息,74,0,74,元大-桃興,2023-11-23,9894
2313,華通,100,29,71,元大-桃興,2023-11-23,9894
00919,群益台灣精選高息,68,7,61,元大-桃興,2023-11-23,9894
4919,新唐,63,9,54,元大-桃興,2023-11-23,9894
2323,中環,40,0,40,元大-桃興,2023-11-23,9894
3231,緯創,61,29,32,元大-桃興,2023-11-23,9894
00632R,元大台灣50反1,30,1,29,元大-桃興,2023-11-23,9894
3694,海華,47,21,26,元大-桃興,2023-11-23,9894
6282,康舒,99,73,26,元大-桃興,2023-11-23,9894
2363,矽統,93,68,25,元大-桃興,2023-11-23,9894
3122,笙泉,64,39,25,元大-桃興,2023-11-23,9894
6237,驊訊,55,31,24,元大-桃興,2023-11-23,9894
5258,虹堡,36,13,23,元大-桃興,2023-11-23,9894
3060,銘異,22,0,22,元大-桃興,2023-11-23,9894
2542,興富發,33,11,22,元大-桃興,2023-11-23,9894
2356,英業達,32,11,21,元大-桃興,2023-11-23,9894
00680L,元大美債20正2,21,0,21,元大-桃興,2023-11-23,9894
00935,野村臺灣新科技50,22,1,21,元大-桃興,2023-11-23,9894
00900,富邦特選高股息30,22,2,20,元大-桃興,2023-11-23,9894
3481,群創,20,0,20,元大-桃興,2023-11-23,9894
5244,弘凱,20,0,20,元大-桃興,2023-11-23,9894
00929,復華台灣科技優息,33,13,20,元大-桃興,2023-11-23,9894
2489,瑞軒,19,0,19,元大-桃興,2023-11-23,9894
00665L,富邦�琤肭磪囓�2,19,0,19,元大-桃興,2023-11-23,9894
3078,僑威,46,29,17,元大-桃興,2023-11-23,9894
3704,合勤控,27,10,17,元大-桃興,2023-11-23,9894
3715,定穎投控,39,22,17,元大-桃興,2023-11-23,9894
6139,亞翔,35,19,16,元大-桃興,2023-11-23,9894
6112,邁達特,16,0,16,元大-桃興,2023-11-23,9894
2450,神腦,16,0,16,元大-桃興,2023-11-23,9894
3567,逸昌,16,0,16,元大-桃興,2023-11-23,9894
00923,群益台ESG低碳50,17,2,15,元大-桃興,2023-11-23,9894
6117,迎廣,33,19,14,元大-桃興,2023-11-23,9894
2367,燿華,23,10,13,元大-桃興,2023-11-23,9894
6530,創威,15,2,13,元大-桃興,2023-11-23,9894
6202,盛群,12,0,12,元大-桃興,2023-11-23,9894
1471,首利,13,1,12,元大-桃興,2023-11-23,9894
2515,中工,12,0,12,元大-桃興,2023-11-23,9894
00882,中信中國高股息,11,0,11,元大-桃興,2023-11-23,9894
3006,晶豪科,33,22,11,元大-桃興,2023-11-23,9894
1449,佳和,63,52,11,元大-桃興,2023-11-23,9894
1568,倉佑,11,0,11,元大-桃興,2023-11-23,9894
3706,神達,19,8,11,元大-桃興,2023-11-23,9894
00720B,元大投資級公司債,13,2,11,元大-桃興,2023-11-23,9894
6290,良維,12,1,11,元大-桃興,2023-11-23,9894
5452,佶優,11,0,11,元大-桃興,2023-11-23,9894
3617,碩天,11,0,11,元大-桃興,2023-11-23,9894
2382,廣達,19,8,11,元大-桃興,2023-11-23,9894
2618,長榮航,267,33,234,元大-桃興,2023-11-24,9894
2888,新光金,126,61,65,元大-桃興,2023-11-24,9894
6578,達邦蛋白,50,0,50,元大-桃興,2023-11-24,9894
1711,永光,50,3,47,元大-桃興,2023-11-24,9894
00632R,元大台灣50反1,46,0,46,元大-桃興,2023-11-24,9894
3231,緯創,59,18,41,元大-桃興,2023-11-24,9894
1609,大亞,38,6,32,元大-桃興,2023-11-24,9894
1815,富喬,38,7,31,元大-桃興,2023-11-24,9894
6113,亞矽,31,0,31,元大-桃興,2023-11-24,9894
2317,鴻海,33,4,29,元大-桃興,2023-11-24,9894
2382,廣達,34,5,29,元大-桃興,2023-11-24,9894
3694,海華,46,19,27,元大-桃興,2023-11-24,9894
2610,華航,41,15,26,元大-桃興,2023-11-24,9894
2329,華泰,25,1,24,元大-桃興,2023-11-24,9894
4919,新唐,32,9,23,元大-桃興,2023-11-24,9894
6901,鑽石投資,22,0,22,元大-桃興,2023-11-24,9894
3017,奇鋐,24,2,22,元大-桃興,2023-11-24,9894
2607,榮運,21,0,21,元大-桃興,2023-11-24,9894
5351,鈺創,52,32,20,元大-桃興,2023-11-24,9894
00936,台新永續高息中小,22,2,20,元大-桃興,2023-11-24,9894
00929,復華台灣科技優息,22,3,19,元大-桃興,2023-11-24,9894
3708,上緯投控,22,3,19,元大-桃興,2023-11-24,9894
3006,晶豪科,23,4,19,元大-桃興,2023-11-24,9894
6168,宏齊,31,13,18,元大-桃興,2023-11-24,9894
3706,神達,22,5,17,元大-桃興,2023-11-24,9894
3047,訊舟,17,0,17,元大-桃興,2023-11-24,9894
2455,全新,35,19,16,元大-桃興,2023-11-24,9894
5302,太欣,18,3,15,元大-桃興,2023-11-24,9894
00680L,元大美債20正2,15,0,15,元大-桃興,2023-11-24,9894
3032,偉訓,20,5,15,元大-桃興,2023-11-24,9894
6235,華孚,29,15,14,元大-桃興,2023-11-24,9894
1471,首利,14,0,14,元大-桃興,2023-11-24,9894
2501,國建,14,0,14,元大-桃興,2023-11-24,9894
2390,云辰,14,0,14,元大-桃興,2023-11-24,9894
5347,世界,32,19,13,元大-桃興,2023-11-24,9894
2515,中工,24,11,13,元大-桃興,2023-11-24,9894
3437,榮創,30,18,12,元大-桃興,2023-11-24,9894
8088,品安,12,0,12,元大-桃興,2023-11-24,9894
2356,英業達,26,14,12,元大-桃興,2023-11-24,9894
00687B,國泰20年美債,15,3,12,元大-桃興,2023-11-24,9894
2337,旺宏,13,2,11,元大-桃興,2023-11-24,9894
8222,寶一,18,7,11,元大-桃興,2023-11-24,9894
6139,亞翔,13,2,11,元大-桃興,2023-11-24,9894
6155,鈞寶,11,0,11,元大-桃興,2023-11-24,9894
1721,三晃,12,2,10,元大-桃興,2023-11-24,9894
3701,大眾控,11,1,10,元大-桃興,2023-11-24,9894
3094,聯傑,20,10,10,元大-桃興,2023-11-24,9894
2538,基泰,10,0,10,元大-桃興,2023-11-24,9894
4909,新復興,10,0,10,元大-桃興,2023-11-24,9894
1718,中纖,10,0,10,元大-桃興,2023-11-24,9894
00715L,期街口布蘭特正2,121,6,115,元大-桃興,2023-11-27,9894
00687B,國泰20年美債,77,0,77,元大-桃興,2023-11-27,9894
3231,緯創,93,25,68,元大-桃興,2023-11-27,9894
00936,台新永續高息中小,64,2,62,元大-桃興,2023-11-27,9894
00919,群益台灣精選高息,66,5,61,元大-桃興,2023-11-27,9894
00637L,元大滬深300正2,57,2,55,元大-桃興,2023-11-27,9894
2344,華邦電,66,17,49,元大-桃興,2023-11-27,9894
00633L,富邦上証正2,111,67,44,元大-桃興,2023-11-27,9894
3017,奇鋐,40,1,39,元大-桃興,2023-11-27,9894
00878,國泰永續高股息,59,25,34,元大-桃興,2023-11-27,9894
3437,榮創,70,39,31,元大-桃興,2023-11-27,9894
00679B,元大美債20年,31,1,30,元大-桃興,2023-11-27,9894
00929,復華台灣科技優息,37,7,30,元大-桃興,2023-11-27,9894
2547,日勝生,26,1,25,元大-桃興,2023-11-27,9894
2618,長榮航,49,25,24,元大-桃興,2023-11-27,9894
5347,世界,37,14,23,元大-桃興,2023-11-27,9894
1503,士電,28,6,22,元大-桃興,2023-11-27,9894
6125,廣運,26,4,22,元大-桃興,2023-11-27,9894
2356,英業達,44,22,22,元大-桃興,2023-11-27,9894
2353,宏��,27,6,21,元大-桃興,2023-11-27,9894
4543,萬在,21,1,20,元大-桃興,2023-11-27,9894
0056,元大高股息,21,1,20,元大-桃興,2023-11-27,9894
3706,神達,62,43,19,元大-桃興,2023-11-27,9894
2457,飛宏,27,8,19,元大-桃興,2023-11-27,9894
2313,華通,111,93,18,元大-桃興,2023-11-27,9894
2382,廣達,48,30,18,元大-桃興,2023-11-27,9894
4123,晟德,17,0,17,元大-桃興,2023-11-27,9894
1514,亞力,131,114,17,元大-桃興,2023-11-27,9894
3260,威剛,21,4,17,元大-桃興,2023-11-27,9894
6243,迅杰,26,10,16,元大-桃興,2023-11-27,9894
6244,茂迪,17,1,16,元大-桃興,2023-11-27,9894
00934,中信成長高股息,15,0,15,元大-桃興,2023-11-27,9894
00885,富邦越南,15,0,15,元大-桃興,2023-11-27,9894
6117,迎廣,14,0,14,元大-桃興,2023-11-27,9894
2204,中華,15,1,14,元大-桃興,2023-11-27,9894
2317,鴻海,17,4,13,元大-桃興,2023-11-27,9894
1701,中化,18,5,13,元大-桃興,2023-11-27,9894
6235,華孚,25,13,12,元大-桃興,2023-11-27,9894
00680L,元大美債20正2,12,0,12,元大-桃興,2023-11-27,9894
00712,復華富時不動產,17,5,12,元大-桃興,2023-11-27,9894
6116,彩晶,12,0,12,元大-桃興,2023-11-27,9894
2634,漢翔,27,15,12,元大-桃興,2023-11-27,9894
5351,鈺創,44,32,12,元大-桃興,2023-11-27,9894
2421,建準,13,2,11,元大-桃興,2023-11-27,9894
1618,合機,14,3,11,元大-桃興,2023-11-27,9894
3217,優群,12,1,11,元大-桃興,2023-11-27,9894
2330,台積電,15,5,10,元大-桃興,2023-11-27,9894
2601,益航,10,0,10,元大-桃興,2023-11-27,9894
1785,光洋科,10,0,10,元大-桃興,2023-11-27,9894
2607,榮運,10,0,10,元大-桃興,2023-11-27,9894
2014,中鴻,105,1,104,元大-桃興,2023-11-28,9894
4157,太景*-KY,81,2,79,元大-桃興,2023-11-28,9894
1449,佳和,50,17,33,元大-桃興,2023-11-28,9894
1101,台泥,48,16,32,元大-桃興,2023-11-28,9894
2313,華通,178,146,32,元大-桃興,2023-11-28,9894
6127,九豪,34,7,27,元大-桃興,2023-11-28,9894
00637L,元大滬深300正2,27,0,27,元大-桃興,2023-11-28,9894
5347,世界,27,2,25,元大-桃興,2023-11-28,9894
2538,基泰,25,0,25,元大-桃興,2023-11-28,9894
2606,裕民,76,51,25,元大-桃興,2023-11-28,9894
00882,中信中國高股息,22,0,22,元大-桃興,2023-11-28,9894
6122,擎邦,20,0,20,元大-桃興,2023-11-28,9894
4114,健喬,79,61,18,元大-桃興,2023-11-28,9894
3231,緯創,45,27,18,元大-桃興,2023-11-28,9894
00919,群益台灣精選高息,20,3,17,元大-桃興,2023-11-28,9894
2352,佳世達,17,1,16,元大-桃興,2023-11-28,9894
2472,立隆電,22,6,16,元大-桃興,2023-11-28,9894
2355,敬鵬,16,1,15,元大-桃興,2023-11-28,9894
4543,萬在,16,1,15,元大-桃興,2023-11-28,9894
00632R,元大台灣50反1,15,0,15,元大-桃興,2023-11-28,9894
3017,奇鋐,17,3,14,元大-桃興,2023-11-28,9894
5302,太欣,14,0,14,元大-桃興,2023-11-28,9894
00902,中信電池及儲能,29,15,14,元大-桃興,2023-11-28,9894
5258,虹堡,19,7,12,元大-桃興,2023-11-28,9894
9938,百和,12,0,12,元大-桃興,2023-11-28,9894
1504,東元,12,0,12,元大-桃興,2023-11-28,9894
00753L,中信中國50正2,10,0,10,元大-桃興,2023-11-28,9894
3689,湧德,11,1,10,元大-桃興,2023-11-28,9894
2356,英業達,16,6,10,元大-桃興,2023-11-28,9894
2303,聯電,18,8,10,元大-桃興,2023-11-28,9894
2323,中環,10,0,10,元大-桃興,2023-11-28,9894
4167,松瑞藥,10,0,10,元大-桃興,2023-11-28,9894
4102,永日,10,0,10,元大-桃興,2023-11-28,9894
8105,凌巨,10,0,10,元大-桃興,2023-11-28,9894
6113,亞矽,10,0,10,元大-桃興,2023-11-28,9894
8086,宏捷科,12,3,9,元大-桃興,2023-11-28,9894
6282,康舒,12,3,9,元大-桃興,2023-11-28,9894
3051,力特,10,1,9,元大-桃興,2023-11-28,9894
6116,彩晶,21,12,9,元大-桃興,2023-11-28,9894
2462,良得電,9,0,9,元大-桃興,2023-11-28,9894
3260,威剛,15,6,9,元大-桃興,2023-11-28,9894
6485,點序,13,4,9,元大-桃興,2023-11-28,9894
1815,富喬,8,0,8,元大-桃興,2023-11-28,9894
2618,長榮航,23,16,7,元大-桃興,2023-11-28,9894
00633L,富邦上証正2,10,3,7,元大-桃興,2023-11-28,9894
8028,昇陽半導體,7,0,7,元大-桃興,2023-11-28,9894
1752,南光,7,0,7,元大-桃興,2023-11-28,9894
2439,美律,8,1,7,元大-桃興,2023-11-28,9894
00720B,元大投資級公司債,6,0,6,元大-桃興,2023-11-28,9894
8358,金居,16,10,6,元大-桃興,2023-11-28,9894
2014,中鴻,401,5,396,元大-桃興,2023-11-29,9894
00934,中信成長高股息,149,5,144,元大-桃興,2023-11-29,9894
00753L,中信中國50正2,84,0,84,元大-桃興,2023-11-29,9894
00882,中信中國高股息,79,0,79,元大-桃興,2023-11-29,9894
00632R,元大台灣50反1,76,0,76,元大-桃興,2023-11-29,9894
2618,長榮航,195,127,68,元大-桃興,2023-11-29,9894
2606,裕民,53,1,52,元大-桃興,2023-11-29,9894
2353,宏��,35,2,33,元大-桃興,2023-11-29,9894
5439,高技,37,6,31,元大-桃興,2023-11-29,9894
00637L,元大滬深300正2,32,1,31,元大-桃興,2023-11-29,9894
2883,凱基金,34,4,30,元大-桃興,2023-11-29,9894
2351,順德,33,3,30,元大-桃興,2023-11-29,9894
2610,華航,25,1,24,元大-桃興,2023-11-29,9894
00919,群益台灣精選高息,23,1,22,元大-桃興,2023-11-29,9894
2486,一詮,26,5,21,元大-桃興,2023-11-29,9894
1718,中纖,20,0,20,元大-桃興,2023-11-29,9894
3481,群創,21,2,19,元大-桃興,2023-11-29,9894
6530,創威,36,18,18,元大-桃興,2023-11-29,9894
2867,三商壽,18,0,18,元大-桃興,2023-11-29,9894
8996,高力,26,8,18,元大-桃興,2023-11-29,9894
4714,永捷,17,0,17,元大-桃興,2023-11-29,9894
3231,緯創,34,17,17,元大-桃興,2023-11-29,9894
6161,捷波,24,8,16,元大-桃興,2023-11-29,9894
5608,四維航,21,5,16,元大-桃興,2023-11-29,9894
00933B,國泰10Y+金融債,16,0,16,元大-桃興,2023-11-29,9894
2449,京元電子,15,0,15,元大-桃興,2023-11-29,9894
00935,野村臺灣新科技50,25,10,15,元大-桃興,2023-11-29,9894
2367,燿華,30,16,14,元大-桃興,2023-11-29,9894
2614,東森,14,0,14,元大-桃興,2023-11-29,9894
1514,亞力,38,25,13,元大-桃興,2023-11-29,9894
00885,富邦越南,13,0,13,元大-桃興,2023-11-29,9894
2421,建準,13,1,12,元大-桃興,2023-11-29,9894
3041,揚智,17,5,12,元大-桃興,2023-11-29,9894
00720B,元大投資級公司債,13,1,12,元大-桃興,2023-11-29,9894
3532,台勝科,12,0,12,元大-桃興,2023-11-29,9894
1314,中石化,12,0,12,元大-桃興,2023-11-29,9894
00679B,元大美債20年,14,2,12,元大-桃興,2023-11-29,9894
00712,復華富時不動產,16,5,11,元大-桃興,2023-11-29,9894
2363,矽統,38,27,11,元大-桃興,2023-11-29,9894
1101,台泥,12,1,11,元大-桃興,2023-11-29,9894
3374,精材,19,8,11,元大-桃興,2023-11-29,9894
3017,奇鋐,12,1,11,元大-桃興,2023-11-29,9894
2401,凌陽,13,2,11,元大-桃興,2023-11-29,9894
6116,彩晶,20,10,10,元大-桃興,2023-11-29,9894
3710,連展投控,10,0,10,元大-桃興,2023-11-29,9894
2484,希華,11,1,10,元大-桃興,2023-11-29,9894
1605,華新,12,2,10,元大-桃興,2023-11-29,9894
00931B,統一美債20年,10,0,10,元大-桃興,2023-11-29,9894
4977,眾達-KY,17,7,10,元大-桃興,2023-11-29,9894
6829,千附精密,10,0,10,元大-桃興,2023-11-29,9894
00632R,元大台灣50反1,122,0,122,元大-桃興,2023-11-30,9894
00679B,元大美債20年,130,33,97,元大-桃興,2023-11-30,9894
2329,華泰,388,317,71,元大-桃興,2023-11-30,9894
00902,中信電池及儲能,50,0,50,元大-桃興,2023-11-30,9894
2353,宏��,54,16,38,元大-桃興,2023-11-30,9894
3231,緯創,62,28,34,元大-桃興,2023-11-30,9894
2440,太空梭,30,0,30,元大-桃興,2023-11-30,9894
2484,希華,30,1,29,元大-桃興,2023-11-30,9894
00688L,國泰20年美債正2,26,0,26,元大-桃興,2023-11-30,9894
1616,億泰,31,5,26,元大-桃興,2023-11-30,9894
5465,富驊,33,8,25,元大-桃興,2023-11-30,9894
00933B,國泰10Y+金融債,22,0,22,元大-桃興,2023-11-30,9894
3576,聯合再生,21,0,21,元大-桃興,2023-11-30,9894
00706L,期元大S＆P日圓正2,20,0,20,元大-桃興,2023-11-30,9894
2369,菱生,22,2,20,元大-桃興,2023-11-30,9894
00720B,元大投資級公司債,22,2,20,元大-桃興,2023-11-30,9894
2607,榮運,18,0,18,元大-桃興,2023-11-30,9894
2337,旺宏,16,0,16,元大-桃興,2023-11-30,9894
0056,元大高股息,22,7,15,元大-桃興,2023-11-30,9894
1101,台泥,28,13,15,元大-桃興,2023-11-30,9894
2884,玉山金,20,5,15,元大-桃興,2023-11-30,9894
00936,台新永續高息中小,15,0,15,元大-桃興,2023-11-30,9894
6153,嘉聯益,14,0,14,元大-桃興,2023-11-30,9894
3402,漢科,13,0,13,元大-桃興,2023-11-30,9894
2421,建準,26,13,13,元大-桃興,2023-11-30,9894
3260,威剛,17,4,13,元大-桃興,2023-11-30,9894
4114,健喬,12,0,12,元大-桃興,2023-11-30,9894
5371,中光電,11,0,11,元大-桃興,2023-11-30,9894
00751B,元大AAA至A公司債,12,1,11,元大-桃興,2023-11-30,9894
4721,美琪瑪,11,0,11,元大-桃興,2023-11-30,9894
3017,奇鋐,14,4,10,元大-桃興,2023-11-30,9894
2393,億光,10,0,10,元大-桃興,2023-11-30,9894
2538,基泰,10,0,10,元大-桃興,2023-11-30,9894
6550,北極星藥業-KY,10,0,10,元大-桃興,2023-11-30,9894
2467,志聖,10,0,10,元大-桃興,2023-11-30,9894
2377,微星,11,2,9,元大-桃興,2023-11-30,9894
3481,群創,9,0,9,元大-桃興,2023-11-30,9894
3374,精材,10,1,9,元大-桃興,2023-11-30,9894
4157,太景*-KY,10,1,9,元大-桃興,2023-11-30,9894
2617,台航,10,1,9,元大-桃興,2023-11-30,9894
6282,康舒,12,3,9,元大-桃興,2023-11-30,9894
8936,國統,31,23,8,元大-桃興,2023-11-30,9894
1449,佳和,8,0,8,元大-桃興,2023-11-30,9894
1815,富喬,8,0,8,元大-桃興,2023-11-30,9894
3050,鈺德,8,0,8,元大-桃興,2023-11-30,9894
3043,科風,9,1,8,元大-桃興,2023-11-30,9894
8271,宇瞻,10,2,8,元大-桃興,2023-11-30,9894
00934,中信成長高股息,9,1,8,元大-桃興,2023-11-30,9894
00885,富邦越南,7,0,7,元大-桃興,2023-11-30,9894
2482,連宇,8,1,7,元大-桃興,2023-11-30,9894
2888,新光金,317,5,312,元大-桃興,2023-12-01,9894
00632R,元大台灣50反1,118,0,118,元大-桃興,2023-12-01,9894
1524,耿鼎,101,1,100,元大-桃興,2023-12-01,9894
00919,群益台灣精選高息,96,35,61,元大-桃興,2023-12-01,9894
00753L,中信中國50正2,60,1,59,元大-桃興,2023-12-01,9894
2367,燿華,75,27,48,元大-桃興,2023-12-01,9894
2331,精英,45,0,45,元大-桃興,2023-12-01,9894
2332,友訊,40,1,39,元大-桃興,2023-12-01,9894
2883,凱基金,31,3,28,元大-桃興,2023-12-01,9894
3704,合勤控,25,3,22,元大-桃興,2023-12-01,9894
2618,長榮航,27,5,22,元大-桃興,2023-12-01,9894
8110,華東,22,0,22,元大-桃興,2023-12-01,9894
4804,大略-KY,21,0,21,元大-桃興,2023-12-01,9894
3041,揚智,57,36,21,元大-桃興,2023-12-01,9894
00673R,期元大S＆P原油反1,20,0,20,元大-桃興,2023-12-01,9894
6122,擎邦,20,0,20,元大-桃興,2023-12-01,9894
00676R,富邦臺灣加權反1,20,0,20,元大-桃興,2023-12-01,9894
00706L,期元大S＆P日圓正2,20,0,20,元大-桃興,2023-12-01,9894
2484,希華,20,0,20,元大-桃興,2023-12-01,9894
2891,中信金,23,3,20,元大-桃興,2023-12-01,9894
00918,大華優利高填息30,21,2,19,元大-桃興,2023-12-01,9894
2369,菱生,19,1,18,元大-桃興,2023-12-01,9894
2867,三商壽,18,0,18,元大-桃興,2023-12-01,9894
00882,中信中國高股息,17,0,17,元大-桃興,2023-12-01,9894
3390,旭軟,20,3,17,元大-桃興,2023-12-01,9894
2884,玉山金,17,0,17,元大-桃興,2023-12-01,9894
1325,恆大,17,1,16,元大-桃興,2023-12-01,9894
2338,光罩,28,13,15,元大-桃興,2023-12-01,9894
3032,偉訓,16,1,15,元大-桃興,2023-12-01,9894
2472,立隆電,21,6,15,元大-桃興,2023-12-01,9894
2887,台新金,16,2,14,元大-桃興,2023-12-01,9894
5347,世界,15,1,14,元大-桃興,2023-12-01,9894
2353,宏��,26,12,14,元大-桃興,2023-12-01,9894
00934,中信成長高股息,21,7,14,元大-桃興,2023-12-01,9894
6116,彩晶,21,8,13,元大-桃興,2023-12-01,9894
00878,國泰永續高股息,29,16,13,元大-桃興,2023-12-01,9894
2439,美律,17,4,13,元大-桃興,2023-12-01,9894
00751B,元大AAA至A公司債,13,0,13,元大-桃興,2023-12-01,9894
2317,鴻海,18,6,12,元大-桃興,2023-12-01,9894
4114,健喬,36,24,12,元大-桃興,2023-12-01,9894
2382,廣達,15,3,12,元大-桃興,2023-12-01,9894
00772B,中信高評級公司債,12,0,12,元大-桃興,2023-12-01,9894
3687,歐買尬,12,1,11,元大-桃興,2023-12-01,9894
1605,華新,13,2,11,元大-桃興,2023-12-01,9894
00679B,元大美債20年,20,9,11,元大-桃興,2023-12-01,9894
00688L,國泰20年美債正2,11,0,11,元大-桃興,2023-12-01,9894
00637L,元大滬深300正2,12,1,11,元大-桃興,2023-12-01,9894
5469,瀚宇博,24,13,11,元大-桃興,2023-12-01,9894
3202,樺晟,10,0,10,元大-桃興,2023-12-01,9894
2324,仁寶,10,0,10,元大-桃興,2023-12-01,9894
00715L,期街口布蘭特正2,266,0,266,元大-桃興,2023-12-04,9894
00632R,元大台灣50反1,260,0,260,元大-桃興,2023-12-04,9894
00933B,國泰10Y+金融債,105,0,105,元大-桃興,2023-12-04,9894
00753L,中信中國50正2,65,0,65,元大-桃興,2023-12-04,9894
00919,群益台灣精選高息,110,48,62,元大-桃興,2023-12-04,9894
00929,復華台灣科技優息,76,15,61,元大-桃興,2023-12-04,9894
1605,華新,81,23,58,元大-桃興,2023-12-04,9894
1524,耿鼎,58,1,57,元大-桃興,2023-12-04,9894
6117,迎廣,61,20,41,元大-桃興,2023-12-04,9894
8011,台通,40,2,38,元大-桃興,2023-12-04,9894
2607,榮運,39,2,37,元大-桃興,2023-12-04,9894
9919,康那香,122,87,35,元大-桃興,2023-12-04,9894
2603,長榮,62,27,35,元大-桃興,2023-12-04,9894
3363,上詮,35,3,32,元大-桃興,2023-12-04,9894
3715,定穎投控,65,34,31,元大-桃興,2023-12-04,9894
00936,台新永續高息中小,28,0,28,元大-桃興,2023-12-04,9894
1752,南光,29,4,25,元大-桃興,2023-12-04,9894
2369,菱生,25,1,24,元大-桃興,2023-12-04,9894
2313,華通,59,36,23,元大-桃興,2023-12-04,9894
1718,中纖,23,0,23,元大-桃興,2023-12-04,9894
2543,皇昌,24,2,22,元大-桃興,2023-12-04,9894
1809,中釉,31,10,21,元大-桃興,2023-12-04,9894
8028,昇陽半導體,20,0,20,元大-桃興,2023-12-04,9894
6164,華興,20,0,20,元大-桃興,2023-12-04,9894
6290,良維,20,0,20,元大-桃興,2023-12-04,9894
3231,緯創,46,27,19,元大-桃興,2023-12-04,9894
4133,亞諾法,21,3,18,元大-桃興,2023-12-04,9894
5525,順天,17,0,17,元大-桃興,2023-12-04,9894
0050,元大台灣50,16,0,16,元大-桃興,2023-12-04,9894
2421,建準,17,1,16,元大-桃興,2023-12-04,9894
3710,連展投控,15,0,15,元大-桃興,2023-12-04,9894
5328,華容,20,5,15,元大-桃興,2023-12-04,9894
00676R,富邦臺灣加權反1,25,10,15,元大-桃興,2023-12-04,9894
2402,毅嘉,26,11,15,元大-桃興,2023-12-04,9894
00687B,國泰20年美債,15,1,14,元大-桃興,2023-12-04,9894
8936,國統,25,11,14,元大-桃興,2023-12-04,9894
4533,協易機,50,36,14,元大-桃興,2023-12-04,9894
4909,新復興,25,11,14,元大-桃興,2023-12-04,9894
00882,中信中國高股息,14,0,14,元大-桃興,2023-12-04,9894
2883,凱基金,14,1,13,元大-桃興,2023-12-04,9894
00680L,元大美債20正2,13,0,13,元大-桃興,2023-12-04,9894
4154,樂威科-KY,12,0,12,元大-桃興,2023-12-04,9894
3122,笙泉,12,0,12,元大-桃興,2023-12-04,9894
3645,達邁,15,3,12,元大-桃興,2023-12-04,9894
2330,台積電,13,2,11,元大-桃興,2023-12-04,9894
6233,旺玖,15,4,11,元大-桃興,2023-12-04,9894
00885,富邦越南,41,30,11,元大-桃興,2023-12-04,9894
00688L,國泰20年美債正2,11,0,11,元大-桃興,2023-12-04,9894
00751B,元大AAA至A公司債,21,10,11,元大-桃興,2023-12-04,9894
3630,新鉅科,11,0,11,元大-桃興,2023-12-04,9894
00937B,群益ESG投等債20,300,37,263,元大-桃興,2023-12-05,9894
00753L,中信中國50正2,239,0,239,元大-桃興,2023-12-05,9894
00919,群益台灣精選高息,177,21,156,元大-桃興,2023-12-05,9894
00918,大華優利高填息30,130,0,130,元大-桃興,2023-12-05,9894
2618,長榮航,124,17,107,元大-桃興,2023-12-05,9894
2329,華泰,197,122,75,元大-桃興,2023-12-05,9894
2603,長榮,66,3,63,元大-桃興,2023-12-05,9894
3325,旭品,60,5,55,元大-桃興,2023-12-05,9894
1605,華新,75,21,54,元大-桃興,2023-12-05,9894
3006,晶豪科,51,0,51,元大-桃興,2023-12-05,9894
9105,泰金寶-DR,50,0,50,元大-桃興,2023-12-05,9894
00706L,期元大S＆P日圓正2,50,0,50,元大-桃興,2023-12-05,9894
5347,世界,38,1,37,元大-桃興,2023-12-05,9894
00680L,元大美債20正2,45,10,35,元大-桃興,2023-12-05,9894
5608,四維航,146,116,30,元大-桃興,2023-12-05,9894
00637L,元大滬深300正2,32,3,29,元大-桃興,2023-12-05,9894
2353,宏��,33,5,28,元大-桃興,2023-12-05,9894
4114,健喬,29,4,25,元大-桃興,2023-12-05,9894
4972,湯石照明,25,0,25,元大-桃興,2023-12-05,9894
6243,迅杰,28,4,24,元大-桃興,2023-12-05,9894
2641,正德,36,14,22,元大-桃興,2023-12-05,9894
4167,松瑞藥,96,74,22,元大-桃興,2023-12-05,9894
00632R,元大台灣50反1,20,0,20,元大-桃興,2023-12-05,9894
00923,群益台ESG低碳50,24,5,19,元大-桃興,2023-12-05,9894
5234,達興材料,20,2,18,元大-桃興,2023-12-05,9894
2344,華邦電,19,1,18,元大-桃興,2023-12-05,9894
2607,榮運,23,6,17,元大-桃興,2023-12-05,9894
3231,緯創,36,19,17,元大-桃興,2023-12-05,9894
2355,敬鵬,29,13,16,元大-桃興,2023-12-05,9894
00788B,元大10年IG電能債,16,0,16,元大-桃興,2023-12-05,9894
00882,中信中國高股息,16,0,16,元大-桃興,2023-12-05,9894
00934,中信成長高股息,16,0,16,元大-桃興,2023-12-05,9894
00665L,富邦�琤肭磪囓�2,15,0,15,元大-桃興,2023-12-05,9894
2838,聯邦銀,15,0,15,元大-桃興,2023-12-05,9894
9103,美德醫療-DR,18,4,14,元大-桃興,2023-12-05,9894
00713,元大台灣高息低波,13,0,13,元大-桃興,2023-12-05,9894
1325,恆大,13,0,13,元大-桃興,2023-12-05,9894
2609,陽明,32,20,12,元大-桃興,2023-12-05,9894
2356,英業達,17,5,12,元大-桃興,2023-12-05,9894
2543,皇昌,12,0,12,元大-桃興,2023-12-05,9894
2340,台亞,13,1,12,元大-桃興,2023-12-05,9894
6116,彩晶,17,5,12,元大-桃興,2023-12-05,9894
2515,中工,13,1,12,元大-桃興,2023-12-05,9894
6472,保瑞,11,0,11,元大-桃興,2023-12-05,9894
2405,輔信,11,0,11,元大-桃興,2023-12-05,9894
6185,幃翔,12,1,11,元大-桃興,2023-12-05,9894
2390,云辰,11,0,11,元大-桃興,2023-12-05,9894
3221,台嘉碩,11,0,11,元大-桃興,2023-12-05,9894
2368,金像電,10,0,10,元大-桃興,2023-12-05,9894
2363,矽統,32,22,10,元大-桃興,2023-12-05,9894
9945,潤泰新,260,5,255,元大-桃興,2023-12-06,9894
00665L,富邦�琤肭磪囓�2,400,200,200,元大-桃興,2023-12-06,9894
00715L,期街口布蘭特正2,192,2,190,元大-桃興,2023-12-06,9894
00753L,中信中國50正2,200,45,155,元大-桃興,2023-12-06,9894
2349,錸德,115,0,115,元大-桃興,2023-12-06,9894
3481,群創,116,8,108,元大-桃興,2023-12-06,9894
00937B,群益ESG投等債20,178,78,100,元大-桃興,2023-12-06,9894
1504,東元,134,39,95,元大-桃興,2023-12-06,9894
2605,新興,119,61,58,元大-桃興,2023-12-06,9894
00919,群益台灣精選高息,79,22,57,元大-桃興,2023-12-06,9894
2355,敬鵬,109,54,55,元大-桃興,2023-12-06,9894
2344,華邦電,47,0,47,元大-桃興,2023-12-06,9894
00687B,國泰20年美債,44,6,38,元大-桃興,2023-12-06,9894
2543,皇昌,41,4,37,元大-桃興,2023-12-06,9894
1513,中興電,63,27,36,元大-桃興,2023-12-06,9894
5302,太欣,35,0,35,元大-桃興,2023-12-06,9894
00885,富邦越南,42,8,34,元大-桃興,2023-12-06,9894
00902,中信電池及儲能,30,0,30,元大-桃興,2023-12-06,9894
3483,力致,31,1,30,元大-桃興,2023-12-06,9894
1514,亞力,70,40,30,元大-桃興,2023-12-06,9894
2606,裕民,31,3,28,元大-桃興,2023-12-06,9894
2516,新建,27,0,27,元大-桃興,2023-12-06,9894
2313,華通,43,17,26,元大-桃興,2023-12-06,9894
1714,和桐,26,0,26,元大-桃興,2023-12-06,9894
00712,復華富時不動產,28,3,25,元大-桃興,2023-12-06,9894
2739,寒舍,21,0,21,元大-桃興,2023-12-06,9894
2002,中鋼,26,6,20,元大-桃興,2023-12-06,9894
1312,國喬,19,0,19,元大-桃興,2023-12-06,9894
2031,新光鋼,20,1,19,元大-桃興,2023-12-06,9894
6916,華凌,19,0,19,元大-桃興,2023-12-06,9894
3050,鈺德,26,7,19,元大-桃興,2023-12-06,9894
00933B,國泰10Y+金融債,21,3,18,元大-桃興,2023-12-06,9894
00882,中信中國高股息,17,0,17,元大-桃興,2023-12-06,9894
2303,聯電,20,5,15,元大-桃興,2023-12-06,9894
2838,聯邦銀,15,0,15,元大-桃興,2023-12-06,9894
6111,大宇資,16,1,15,元大-桃興,2023-12-06,9894
3710,連展投控,14,0,14,元大-桃興,2023-12-06,9894
4167,松瑞藥,17,3,14,元大-桃興,2023-12-06,9894
1529,樂事綠能,95,81,14,元大-桃興,2023-12-06,9894
5871,中租-KY,13,0,13,元大-桃興,2023-12-06,9894
3138,耀登,13,0,13,元大-桃興,2023-12-06,9894
5328,華容,18,6,12,元大-桃興,2023-12-06,9894
4939,亞電,12,0,12,元大-桃興,2023-12-06,9894
1605,華新,27,16,11,元大-桃興,2023-12-06,9894
2308,台達電,11,0,11,元大-桃興,2023-12-06,9894
6278,台表科,13,3,10,元大-桃興,2023-12-06,9894
1325,恆大,12,2,10,元大-桃興,2023-12-06,9894
4564,元翎,10,0,10,元大-桃興,2023-12-06,9894
4908,前鼎,10,0,10,元大-桃興,2023-12-06,9894
00788B,元大10年IG電能債,10,0,10,元大-桃興,2023-12-06,9894
00753L,中信中國50正2,420,0,420,元大-桃興,2023-12-07,9894
00715L,期街口布蘭特正2,219,5,214,元大-桃興,2023-12-07,9894
00937B,群益ESG投等債20,332,134,198,元大-桃興,2023-12-07,9894
00919,群益台灣精選高息,151,1,150,元大-桃興,2023-12-07,9894
2303,聯電,139,6,133,元大-桃興,2023-12-07,9894
2601,益航,100,2,98,元大-桃興,2023-12-07,9894
00688L,國泰20年美債正2,64,6,58,元大-桃興,2023-12-07,9894
00665L,富邦�琤肭磪囓�2,126,70,56,元大-桃興,2023-12-07,9894
1529,樂事綠能,107,52,55,元大-桃興,2023-12-07,9894
00706L,期元大S＆P日圓正2,50,0,50,元大-桃興,2023-12-07,9894
3481,群創,45,3,42,元大-桃興,2023-12-07,9894
2883,凱基金,40,0,40,元大-桃興,2023-12-07,9894
00632R,元大台灣50反1,40,0,40,元大-桃興,2023-12-07,9894
2890,永豐金,40,0,40,元大-桃興,2023-12-07,9894
2355,敬鵬,66,27,39,元大-桃興,2023-12-07,9894
2611,志信,40,2,38,元大-桃興,2023-12-07,9894
00882,中信中國高股息,37,0,37,元大-桃興,2023-12-07,9894
00680L,元大美債20正2,80,45,35,元大-桃興,2023-12-07,9894
2374,佳能,35,0,35,元大-桃興,2023-12-07,9894
00712,復華富時不動產,44,11,33,元大-桃興,2023-12-07,9894
3041,揚智,120,92,28,元大-桃興,2023-12-07,9894
2358,廷鑫,27,0,27,元大-桃興,2023-12-07,9894
2606,裕民,28,7,21,元大-桃興,2023-12-07,9894
2331,精英,36,15,21,元大-桃興,2023-12-07,9894
2032,新鋼,20,0,20,元大-桃興,2023-12-07,9894
5210,寶碩,21,1,20,元大-桃興,2023-12-07,9894
2393,億光,20,0,20,元大-桃興,2023-12-07,9894
00671R,富邦NASDAQ反1,20,0,20,元大-桃興,2023-12-07,9894
1504,東元,39,19,20,元大-桃興,2023-12-07,9894
6237,驊訊,25,6,19,元大-桃興,2023-12-07,9894
00642U,期元大S＆P石油,18,0,18,元大-桃興,2023-12-07,9894
6233,旺玖,60,42,18,元大-桃興,2023-12-07,9894
1522,堤維西,35,18,17,元大-桃興,2023-12-07,9894
00931B,統一美債20年,38,21,17,元大-桃興,2023-12-07,9894
00918,大華優利高填息30,17,0,17,元大-桃興,2023-12-07,9894
2401,凌陽,25,9,16,元大-桃興,2023-12-07,9894
2344,華邦電,17,1,16,元大-桃興,2023-12-07,9894
1568,倉佑,32,17,15,元大-桃興,2023-12-07,9894
00923,群益台ESG低碳50,16,2,14,元大-桃興,2023-12-07,9894
3013,晟銘電,31,17,14,元大-桃興,2023-12-07,9894
2337,旺宏,16,3,13,元大-桃興,2023-12-07,9894
4804,大略-KY,13,0,13,元大-桃興,2023-12-07,9894
00933B,國泰10Y+金融債,14,1,13,元大-桃興,2023-12-07,9894
6770,力積電,16,4,12,元大-桃興,2023-12-07,9894
3042,晶技,12,0,12,元大-桃興,2023-12-07,9894
2419,仲琦,12,0,12,元大-桃興,2023-12-07,9894
6150,撼訊,12,0,12,元大-桃興,2023-12-07,9894
1536,和大,11,0,11,元大-桃興,2023-12-07,9894
2323,中環,11,0,11,元大-桃興,2023-12-07,9894
5512,力麒,11,0,11,元大-桃興,2023-12-07,9894
00715L,期街口布蘭特正2,296,6,290,元大-桃興,2023-12-08,9894
00919,群益台灣精選高息,193,16,177,元大-桃興,2023-12-08,9894
00753L,中信中國50正2,125,0,125,元大-桃興,2023-12-08,9894
3041,揚智,145,22,123,元大-桃興,2023-12-08,9894
00632R,元大台灣50反1,129,30,99,元大-桃興,2023-12-08,9894
2834,臺企銀,72,0,72,元大-桃興,2023-12-08,9894
4157,太景*-KY,65,1,64,元大-桃興,2023-12-08,9894
2890,永豐金,60,0,60,元大-桃興,2023-12-08,9894
00937B,群益ESG投等債20,103,45,58,元大-桃興,2023-12-08,9894
2883,凱基金,56,3,53,元大-桃興,2023-12-08,9894
3715,定穎投控,50,3,47,元大-桃興,2023-12-08,9894
2543,皇昌,47,2,45,元大-桃興,2023-12-08,9894
00712,復華富時不動產,45,0,45,元大-桃興,2023-12-08,9894
4906,正文,43,2,41,元大-桃興,2023-12-08,9894
1815,富喬,38,1,37,元大-桃興,2023-12-08,9894
5284,jpp-KY,34,0,34,元大-桃興,2023-12-08,9894
1514,亞力,165,131,34,元大-桃興,2023-12-08,9894
8996,高力,38,8,30,元大-桃興,2023-12-08,9894
2427,三商電,30,0,30,元大-桃興,2023-12-08,9894
00679B,元大美債20年,31,1,30,元大-桃興,2023-12-08,9894
00676R,富邦臺灣加權反1,30,0,30,元大-桃興,2023-12-08,9894
3044,健鼎,39,10,29,元大-桃興,2023-12-08,9894
00882,中信中國高股息,25,0,25,元大-桃興,2023-12-08,9894
3645,達邁,25,0,25,元大-桃興,2023-12-08,9894
6167,久正,22,0,22,元大-桃興,2023-12-08,9894
00671R,富邦NASDAQ反1,21,0,21,元大-桃興,2023-12-08,9894
00637L,元大滬深300正2,43,22,21,元大-桃興,2023-12-08,9894
2393,億光,20,0,20,元大-桃興,2023-12-08,9894
4939,亞電,20,2,18,元大-桃興,2023-12-08,9894
5880,合庫金,20,3,17,元大-桃興,2023-12-08,9894
00902,中信電池及儲能,20,3,17,元大-桃興,2023-12-08,9894
2610,華航,42,26,16,元大-桃興,2023-12-08,9894
1522,堤維西,21,5,16,元大-桃興,2023-12-08,9894
4128,中天,17,1,16,元大-桃興,2023-12-08,9894
00680L,元大美債20正2,26,10,16,元大-桃興,2023-12-08,9894
8050,廣積,17,1,16,元大-桃興,2023-12-08,9894
00665L,富邦�琤肭磪囓�2,35,20,15,元大-桃興,2023-12-08,9894
00720B,元大投資級公司債,19,4,15,元大-桃興,2023-12-08,9894
2449,京元電子,16,1,15,元大-桃興,2023-12-08,9894
00688L,國泰20年美債正2,15,0,15,元大-桃興,2023-12-08,9894
3231,緯創,50,36,14,元大-桃興,2023-12-08,9894
6443,元晶,21,8,13,元大-桃興,2023-12-08,9894
8163,達方,18,5,13,元大-桃興,2023-12-08,9894
2405,輔信,25,12,13,元大-桃興,2023-12-08,9894
2358,廷鑫,22,9,13,元大-桃興,2023-12-08,9894
4953,緯軟,16,4,12,元大-桃興,2023-12-08,9894
2329,華泰,97,85,12,元大-桃興,2023-12-08,9894
2606,裕民,19,8,11,元大-桃興,2023-12-08,9894
6112,邁達特,12,1,11,元大-桃興,2023-12-08,9894
2371,大同,18,7,11,元大-桃興,2023-12-08,9894
00919,群益台灣精選高息,334,43,291,元大-桃興,2023-12-11,9894
00680L,元大美債20正2,130,2,128,元大-桃興,2023-12-11,9894
00753L,中信中國50正2,101,0,101,元大-桃興,2023-12-11,9894
2618,長榮航,75,9,66,元大-桃興,2023-12-11,9894
00882,中信中國高股息,62,5,57,元大-桃興,2023-12-11,9894
8112,至上,170,118,52,元大-桃興,2023-12-11,9894
00712,復華富時不動產,58,6,52,元大-桃興,2023-12-11,9894
2888,新光金,55,5,50,元大-桃興,2023-12-11,9894
00632R,元大台灣50反1,50,0,50,元大-桃興,2023-12-11,9894
2605,新興,85,37,48,元大-桃興,2023-12-11,9894
3011,今皓,42,0,42,元大-桃興,2023-12-11,9894
00665L,富邦�琤肭磪囓�2,38,0,38,元大-桃興,2023-12-11,9894
00878,國泰永續高股息,39,1,38,元大-桃興,2023-12-11,9894
00937B,群益ESG投等債20,81,45,36,元大-桃興,2023-12-11,9894
00679B,元大美債20年,39,9,30,元大-桃興,2023-12-11,9894
2538,基泰,30,0,30,元大-桃興,2023-12-11,9894
00687B,國泰20年美債,29,0,29,元大-桃興,2023-12-11,9894
4157,太景*-KY,27,2,25,元大-桃興,2023-12-11,9894
1605,華新,26,1,25,元大-桃興,2023-12-11,9894
00933B,國泰10Y+金融債,27,2,25,元大-桃興,2023-12-11,9894
2601,益航,24,0,24,元大-桃興,2023-12-11,9894
6282,康舒,32,8,24,元大-桃興,2023-12-11,9894
2388,威盛,81,59,22,元大-桃興,2023-12-11,9894
2481,強茂,21,0,21,元大-桃興,2023-12-11,9894
00929,復華台灣科技優息,76,55,21,元大-桃興,2023-12-11,9894
1312,國喬,20,0,20,元大-桃興,2023-12-11,9894
2867,三商壽,20,0,20,元大-桃興,2023-12-11,9894
4908,前鼎,34,15,19,元大-桃興,2023-12-11,9894
6138,茂達,17,0,17,元大-桃興,2023-12-11,9894
00637L,元大滬深300正2,33,17,16,元大-桃興,2023-12-11,9894
2489,瑞軒,16,0,16,元大-桃興,2023-12-11,9894
3276,宇環,19,3,16,元大-桃興,2023-12-11,9894
2444,兆勁,15,0,15,元大-桃興,2023-12-11,9894
3017,奇鋐,20,5,15,元大-桃興,2023-12-11,9894
3013,晟銘電,34,19,15,元大-桃興,2023-12-11,9894
2002,中鋼,14,0,14,元大-桃興,2023-12-11,9894
3481,群創,25,11,14,元大-桃興,2023-12-11,9894
3374,精材,14,0,14,元大-桃興,2023-12-11,9894
00688L,國泰20年美債正2,17,4,13,元大-桃興,2023-12-11,9894
1515,力山,17,4,13,元大-桃興,2023-12-11,9894
2515,中工,12,0,12,元大-桃興,2023-12-11,9894
00706L,期元大S＆P日圓正2,12,0,12,元大-桃興,2023-12-11,9894
3715,定穎投控,24,12,12,元大-桃興,2023-12-11,9894
00918,大華優利高填息30,17,5,12,元大-桃興,2023-12-11,9894
3202,樺晟,11,0,11,元大-桃興,2023-12-11,9894
1325,恆大,12,1,11,元大-桃興,2023-12-11,9894
2891,中信金,17,6,11,元大-桃興,2023-12-11,9894
2884,玉山金,11,0,11,元大-桃興,2023-12-11,9894
1808,潤隆,10,0,10,元大-桃興,2023-12-11,9894
2530,華建,10,0,10,元大-桃興,2023-12-11,9894
00632R,元大台灣50反1,425,170,255,元大-桃興,2023-12-12,9894
00919,群益台灣精選高息,208,39,169,元大-桃興,2023-12-12,9894
00687B,國泰20年美債,155,1,154,元大-桃興,2023-12-12,9894
3481,群創,185,72,113,元大-桃興,2023-12-12,9894
00918,大華優利高填息30,126,20,106,元大-桃興,2023-12-12,9894
2009,第一銅,100,3,97,元大-桃興,2023-12-12,9894
00706L,期元大S＆P日圓正2,65,0,65,元大-桃興,2023-12-12,9894
8096,擎亞,73,15,58,元大-桃興,2023-12-12,9894
2606,裕民,47,1,46,元大-桃興,2023-12-12,9894
1584,精剛,54,10,44,元大-桃興,2023-12-12,9894
5521,工信,89,48,41,元大-桃興,2023-12-12,9894
2618,長榮航,63,23,40,元大-桃興,2023-12-12,9894
2404,漢唐,41,1,40,元大-桃興,2023-12-12,9894
6176,瑞儀,38,0,38,元大-桃興,2023-12-12,9894
3011,今皓,32,0,32,元大-桃興,2023-12-12,9894
6138,茂達,32,1,31,元大-桃興,2023-12-12,9894
2323,中環,30,0,30,元大-桃興,2023-12-12,9894
00676R,富邦臺灣加權反1,30,0,30,元大-桃興,2023-12-12,9894
1339,昭輝,30,0,30,元大-桃興,2023-12-12,9894
6164,華興,30,0,30,元大-桃興,2023-12-12,9894
2609,陽明,41,13,28,元大-桃興,2023-12-12,9894
6243,迅杰,27,0,27,元大-桃興,2023-12-12,9894
2104,國際中橡,26,0,26,元大-桃興,2023-12-12,9894
5439,高技,24,0,24,元大-桃興,2023-12-12,9894
8112,至上,72,51,21,元大-桃興,2023-12-12,9894
5386,青雲,20,0,20,元大-桃興,2023-12-12,9894
2002,中鋼,23,4,19,元大-桃興,2023-12-12,9894
2374,佳能,22,3,19,元大-桃興,2023-12-12,9894
2344,華邦電,20,2,18,元大-桃興,2023-12-12,9894
9904,寶成,18,0,18,元大-桃興,2023-12-12,9894
4908,前鼎,19,2,17,元大-桃興,2023-12-12,9894
00712,復華富時不動產,17,0,17,元大-桃興,2023-12-12,9894
2812,台中銀,15,0,15,元大-桃興,2023-12-12,9894
5381,合正,16,1,15,元大-桃興,2023-12-12,9894
2888,新光金,14,0,14,元大-桃興,2023-12-12,9894
3049,精金,14,0,14,元大-桃興,2023-12-12,9894
2358,廷鑫,14,0,14,元大-桃興,2023-12-12,9894
3694,海華,28,14,14,元大-桃興,2023-12-12,9894
3035,智原,44,30,14,元大-桃興,2023-12-12,9894
00751B,元大AAA至A公司債,19,6,13,元大-桃興,2023-12-12,9894
1612,宏泰,22,9,13,元大-桃興,2023-12-12,9894
4977,眾達-KY,17,4,13,元大-桃興,2023-12-12,9894
2615,萬海,13,2,11,元大-桃興,2023-12-12,9894
2722,夏都,11,0,11,元大-桃興,2023-12-12,9894
6116,彩晶,11,0,11,元大-桃興,2023-12-12,9894
6197,佳必琪,11,0,11,元大-桃興,2023-12-12,9894
1514,亞力,78,67,11,元大-桃興,2023-12-12,9894
2538,基泰,10,0,10,元大-桃興,2023-12-12,9894
2363,矽統,16,6,10,元大-桃興,2023-12-12,9894
006205,富邦上証,10,0,10,元大-桃興,2023-12-12,9894
00632R,元大台灣50反1,275,0,275,元大-桃興,2023-12-13,9894
00715L,期街口布蘭特正2,353,121,232,元大-桃興,2023-12-13,9894
00919,群益台灣精選高息,138,4,134,元大-桃興,2023-12-13,9894
00934,中信成長高股息,113,0,113,元大-桃興,2023-12-13,9894
00933B,國泰10Y+金融債,102,0,102,元大-桃興,2023-12-13,9894
00929,復華台灣科技優息,131,30,101,元大-桃興,2023-12-13,9894
00918,大華優利高填息30,95,0,95,元大-桃興,2023-12-13,9894
00937B,群益ESG投等債20,56,7,49,元大-桃興,2023-12-13,9894
00902,中信電池及儲能,52,6,46,元大-桃興,2023-12-13,9894
00637L,元大滬深300正2,39,0,39,元大-桃興,2023-12-13,9894
2374,佳能,38,1,37,元大-桃興,2023-12-13,9894
3481,群創,45,9,36,元大-桃興,2023-12-13,9894
00882,中信中國高股息,38,5,33,元大-桃興,2023-12-13,9894
9105,泰金寶-DR,32,0,32,元大-桃興,2023-12-13,9894
6282,康舒,43,12,31,元大-桃興,2023-12-13,9894
00687B,國泰20年美債,26,0,26,元大-桃興,2023-12-13,9894
1608,華榮,24,2,22,元大-桃興,2023-12-13,9894
2363,矽統,48,26,22,元大-桃興,2023-12-13,9894
2603,長榮,31,9,22,元大-桃興,2023-12-13,9894
6122,擎邦,24,4,20,元大-桃興,2023-12-13,9894
2609,陽明,28,9,19,元大-桃興,2023-12-13,9894
2476,鉅祥,25,7,18,元大-桃興,2023-12-13,9894
2337,旺宏,23,6,17,元大-桃興,2023-12-13,9894
1584,精剛,33,16,17,元大-桃興,2023-12-13,9894
2317,鴻海,19,2,17,元大-桃興,2023-12-13,9894
1524,耿鼎,111,96,15,元大-桃興,2023-12-13,9894
2618,長榮航,39,25,14,元大-桃興,2023-12-13,9894
00679B,元大美債20年,14,0,14,元大-桃興,2023-12-13,9894
2610,華航,17,3,14,元大-桃興,2023-12-13,9894
2002,中鋼,21,8,13,元大-桃興,2023-12-13,9894
6223,旺矽,15,2,13,元大-桃興,2023-12-13,9894
2427,三商電,13,0,13,元大-桃興,2023-12-13,9894
3645,達邁,12,0,12,元大-桃興,2023-12-13,9894
2027,大成鋼,12,0,12,元大-桃興,2023-12-13,9894
2419,仲琦,124,113,11,元大-桃興,2023-12-13,9894
6138,茂達,11,0,11,元大-桃興,2023-12-13,9894
6443,元晶,11,0,11,元大-桃興,2023-12-13,9894
3437,榮創,12,1,11,元大-桃興,2023-12-13,9894
1612,宏泰,13,2,11,元大-桃興,2023-12-13,9894
1325,恆大,11,0,11,元大-桃興,2023-12-13,9894
2393,億光,11,0,11,元大-桃興,2023-12-13,9894
3706,神達,96,85,11,元大-桃興,2023-12-13,9894
1609,大亞,21,11,10,元大-桃興,2023-12-13,9894
00905,FT臺灣Smart,10,0,10,元大-桃興,2023-12-13,9894
5287,數字,10,0,10,元大-桃興,2023-12-13,9894
6292,迅德,11,1,10,元大-桃興,2023-12-13,9894
00891,中信關鍵半導體,11,1,10,元大-桃興,2023-12-13,9894
6233,旺玖,14,4,10,元大-桃興,2023-12-13,9894
5515,建國,16,6,10,元大-桃興,2023-12-13,9894
2439,美律,10,0,10,元大-桃興,2023-12-13,9894
00632R,元大台灣50反1,353,0,353,元大-桃興,2023-12-14,9894
00919,群益台灣精選高息,173,30,143,元大-桃興,2023-12-14,9894
00934,中信成長高股息,127,5,122,元大-桃興,2023-12-14,9894
00936,台新永續高息中小,107,5,102,元大-桃興,2023-12-14,9894
4906,正文,95,8,87,元大-桃興,2023-12-14,9894
00937B,群益ESG投等債20,88,6,82,元大-桃興,2023-12-14,9894
00676R,富邦臺灣加權反1,68,0,68,元大-桃興,2023-12-14,9894
9105,泰金寶-DR,90,22,68,元大-桃興,2023-12-14,9894
3481,群創,81,14,67,元大-桃興,2023-12-14,9894
00918,大華優利高填息30,84,26,58,元大-桃興,2023-12-14,9894
5521,工信,101,46,55,元大-桃興,2023-12-14,9894
00687B,國泰20年美債,74,21,53,元大-桃興,2023-12-14,9894
00929,復華台灣科技優息,116,71,45,元大-桃興,2023-12-14,9894
00688L,國泰20年美債正2,42,1,41,元大-桃興,2023-12-14,9894
00680L,元大美債20正2,58,18,40,元大-桃興,2023-12-14,9894
00931B,統一美債20年,37,0,37,元大-桃興,2023-12-14,9894
3231,緯創,55,26,29,元大-桃興,2023-12-14,9894
6209,今國光,33,6,27,元大-桃興,2023-12-14,9894
2313,華通,93,66,27,元大-桃興,2023-12-14,9894
1301,台塑,26,0,26,元大-桃興,2023-12-14,9894
00715L,期街口布蘭特正2,38,12,26,元大-桃興,2023-12-14,9894
2537,聯上發,23,0,23,元大-桃興,2023-12-14,9894
6233,旺玖,43,21,22,元大-桃興,2023-12-14,9894
2387,精元,50,28,22,元大-桃興,2023-12-14,9894
00679B,元大美債20年,37,17,20,元大-桃興,2023-12-14,9894
6111,大宇資,25,5,20,元大-桃興,2023-12-14,9894
2845,遠東銀,20,1,19,元大-桃興,2023-12-14,9894
4960,誠美材,18,0,18,元大-桃興,2023-12-14,9894
2025,千興,18,0,18,元大-桃興,2023-12-14,9894
5011,久陽,19,1,18,元大-桃興,2023-12-14,9894
3706,神達,17,2,15,元大-桃興,2023-12-14,9894
4909,新復興,19,4,15,元大-桃興,2023-12-14,9894
3051,力特,30,15,15,元大-桃興,2023-12-14,9894
8477,創業家,15,0,15,元大-桃興,2023-12-14,9894
2010,春源,15,0,15,元大-桃興,2023-12-14,9894
00642U,期元大S＆P石油,14,0,14,元大-桃興,2023-12-14,9894
1325,恆大,15,1,14,元大-桃興,2023-12-14,9894
4976,佳凌,16,2,14,元大-桃興,2023-12-14,9894
3047,訊舟,15,1,14,元大-桃興,2023-12-14,9894
8068,全達,82,68,14,元大-桃興,2023-12-14,9894
4967,十銓,17,4,13,元大-桃興,2023-12-14,9894
1522,堤維西,15,2,13,元大-桃興,2023-12-14,9894
2308,台達電,14,1,13,元大-桃興,2023-12-14,9894
2606,裕民,15,2,13,元大-桃興,2023-12-14,9894
3630,新鉅科,15,2,13,元大-桃興,2023-12-14,9894
6176,瑞儀,14,1,13,元大-桃興,2023-12-14,9894
00935,野村臺灣新科技50,14,2,12,元大-桃興,2023-12-14,9894
00882,中信中國高股息,11,0,11,元大-桃興,2023-12-14,9894
2408,南亞科,41,30,11,元大-桃興,2023-12-14,9894
00795B,中信美國公債20年,11,0,11,元大-桃興,2023-12-14,9894
00665L,富邦�琤肭磪囓�2,230,3,227,元大-桃興,2023-12-15,9894
2356,英業達,422,248,174,元大-桃興,2023-12-15,9894
2363,矽統,339,178,161,元大-桃興,2023-12-15,9894
00929,復華台灣科技優息,201,46,155,元大-桃興,2023-12-15,9894
00751B,元大AAA至A公司債,142,12,130,元大-桃興,2023-12-15,9894
00919,群益台灣精選高息,439,319,120,元大-桃興,2023-12-15,9894
00918,大華優利高填息30,139,22,117,元大-桃興,2023-12-15,9894
2888,新光金,106,8,98,元大-桃興,2023-12-15,9894
00632R,元大台灣50反1,223,150,73,元大-桃興,2023-12-15,9894
00930,永豐ESG低碳高息,50,0,50,元大-桃興,2023-12-15,9894
2365,昆盈,53,4,49,元大-桃興,2023-12-15,9894
1503,士電,83,38,45,元大-桃興,2023-12-15,9894
6152,百一,30,0,30,元大-桃興,2023-12-15,9894
1815,富喬,28,0,28,元大-桃興,2023-12-15,9894
5498,凱崴,30,2,28,元大-桃興,2023-12-15,9894
3231,緯創,52,24,28,元大-桃興,2023-12-15,9894
2618,長榮航,46,19,27,元大-桃興,2023-12-15,9894
6257,矽格,68,43,25,元大-桃興,2023-12-15,9894
1524,耿鼎,59,35,24,元大-桃興,2023-12-15,9894
2317,鴻海,32,8,24,元大-桃興,2023-12-15,9894
00934,中信成長高股息,29,7,22,元大-桃興,2023-12-15,9894
2329,華泰,48,26,22,元大-桃興,2023-12-15,9894
3346,麗清,29,9,20,元大-桃興,2023-12-15,9894
00680L,元大美債20正2,44,25,19,元大-桃興,2023-12-15,9894
2388,威盛,49,31,18,元大-桃興,2023-12-15,9894
00772B,中信高評級公司債,21,3,18,元大-桃興,2023-12-15,9894
1603,華電,18,0,18,元大-桃興,2023-12-15,9894
00688L,國泰20年美債正2,17,0,17,元大-桃興,2023-12-15,9894
6122,擎邦,22,5,17,元大-桃興,2023-12-15,9894
2313,華通,29,13,16,元大-桃興,2023-12-15,9894
00673R,期元大S＆P原油反1,15,0,15,元大-桃興,2023-12-15,9894
5356,協益,15,0,15,元大-桃興,2023-12-15,9894
5272,笙科,17,2,15,元大-桃興,2023-12-15,9894
2449,京元電子,26,12,14,元大-桃興,2023-12-15,9894
6182,合晶,42,28,14,元大-桃興,2023-12-15,9894
2492,華新科,13,0,13,元大-桃興,2023-12-15,9894
1609,大亞,47,35,12,元大-桃興,2023-12-15,9894
2401,凌陽,20,8,12,元大-桃興,2023-12-15,9894
1905,華紙,18,6,12,元大-桃興,2023-12-15,9894
5314,世紀,13,1,12,元大-桃興,2023-12-15,9894
3024,憶聲,12,0,12,元大-桃興,2023-12-15,9894
00900,富邦特選高股息30,20,9,11,元大-桃興,2023-12-15,9894
5011,久陽,32,21,11,元大-桃興,2023-12-15,9894
00655L,國泰中國A50正2,11,0,11,元大-桃興,2023-12-15,9894
9958,世紀鋼,20,9,11,元大-桃興,2023-12-15,9894
4414,如興,11,0,11,元大-桃興,2023-12-15,9894
4114,健喬,12,1,11,元大-桃興,2023-12-15,9894
00932,兆豐永續高息等權,11,0,11,元大-桃興,2023-12-15,9894
2369,菱生,12,2,10,元大-桃興,2023-12-15,9894
2867,三商壽,10,0,10,元大-桃興,2023-12-15,9894
00919,群益台灣精選高息,231,125,106,元大-桃興,2023-12-18,9894
00751B,元大AAA至A公司債,104,5,99,元大-桃興,2023-12-18,9894
2211,長榮鋼,102,4,98,元大-桃興,2023-12-18,9894
2002,中鋼,79,12,67,元大-桃興,2023-12-18,9894
2547,日勝生,60,0,60,元大-桃興,2023-12-18,9894
00680L,元大美債20正2,90,34,56,元大-桃興,2023-12-18,9894
2356,英業達,104,51,53,元大-桃興,2023-12-18,9894
2303,聯電,65,12,53,元大-桃興,2023-12-18,9894
5864,致和證,50,0,50,元大-桃興,2023-12-18,9894
00679B,元大美債20年,46,1,45,元大-桃興,2023-12-18,9894
00934,中信成長高股息,49,7,42,元大-桃興,2023-12-18,9894
00929,復華台灣科技優息,226,187,39,元大-桃興,2023-12-18,9894
3481,群創,54,16,38,元大-桃興,2023-12-18,9894
4979,華星光,33,0,33,元大-桃興,2023-12-18,9894
3019,亞光,31,0,31,元大-桃興,2023-12-18,9894
8011,台通,29,0,29,元大-桃興,2023-12-18,9894
2610,華航,39,10,29,元大-桃興,2023-12-18,9894
00632R,元大台灣50反1,28,0,28,元大-桃興,2023-12-18,9894
2637,慧洋-KY,38,11,27,元大-桃興,2023-12-18,9894
2038,海光,28,3,25,元大-桃興,2023-12-18,9894
1609,大亞,26,2,24,元大-桃興,2023-12-18,9894
2014,中鴻,64,42,22,元大-桃興,2023-12-18,9894
00637L,元大滬深300正2,23,2,21,元大-桃興,2023-12-18,9894
00687B,國泰20年美債,22,2,20,元大-桃興,2023-12-18,9894
00918,大華優利高填息30,20,0,20,元大-桃興,2023-12-18,9894
8096,擎亞,20,0,20,元大-桃興,2023-12-18,9894
3623,富晶通,23,4,19,元大-桃興,2023-12-18,9894
1524,耿鼎,33,14,19,元大-桃興,2023-12-18,9894
6117,迎廣,18,1,17,元大-桃興,2023-12-18,9894
00892,富邦台灣半導體,16,0,16,元大-桃興,2023-12-18,9894
8034,榮群,16,0,16,元大-桃興,2023-12-18,9894
00902,中信電池及儲能,16,0,16,元大-桃興,2023-12-18,9894
2363,矽統,66,51,15,元大-桃興,2023-12-18,9894
00915,凱基優選高股息30,25,10,15,元大-桃興,2023-12-18,9894
2025,千興,15,0,15,元大-桃興,2023-12-18,9894
1815,富喬,15,0,15,元大-桃興,2023-12-18,9894
3035,智原,24,10,14,元大-桃興,2023-12-18,9894
2606,裕民,37,23,14,元大-桃興,2023-12-18,9894
6182,合晶,18,4,14,元大-桃興,2023-12-18,9894
2615,萬海,18,4,14,元大-桃興,2023-12-18,9894
2009,第一銅,26,12,14,元大-桃興,2023-12-18,9894
2317,鴻海,17,3,14,元大-桃興,2023-12-18,9894
8112,至上,16,2,14,元大-桃興,2023-12-18,9894
00720B,元大投資級公司債,27,14,13,元大-桃興,2023-12-18,9894
2913,農林,55,42,13,元大-桃興,2023-12-18,9894
6290,良維,12,0,12,元大-桃興,2023-12-18,9894
3047,訊舟,21,9,12,元大-桃興,2023-12-18,9894
3532,台勝科,15,3,12,元大-桃興,2023-12-18,9894
9919,康那香,12,0,12,元大-桃興,2023-12-18,9894
6415,矽力*-KY,12,0,12,元大-桃興,2023-12-18,9894
00919,群益台灣精選高息,201,17,184,元大-桃興,2023-12-19,9894
00929,復華台灣科技優息,216,67,149,元大-桃興,2023-12-19,9894
00680L,元大美債20正2,158,45,113,元大-桃興,2023-12-19,9894
3481,群創,72,0,72,元大-桃興,2023-12-19,9894
00687B,國泰20年美債,90,32,58,元大-桃興,2023-12-19,9894
2009,第一銅,54,1,53,元大-桃興,2023-12-19,9894
00751B,元大AAA至A公司債,52,0,52,元大-桃興,2023-12-19,9894
2365,昆盈,53,1,52,元大-桃興,2023-12-19,9894
5351,鈺創,46,9,37,元大-桃興,2023-12-19,9894
6116,彩晶,37,0,37,元大-桃興,2023-12-19,9894
00937B,群益ESG投等債20,76,39,37,元大-桃興,2023-12-19,9894
2515,中工,51,20,31,元大-桃興,2023-12-19,9894
2913,農林,38,8,30,元大-桃興,2023-12-19,9894
00676R,富邦臺灣加權反1,30,0,30,元大-桃興,2023-12-19,9894
00688L,國泰20年美債正2,34,4,30,元大-桃興,2023-12-19,9894
2606,裕民,25,1,24,元大-桃興,2023-12-19,9894
00936,台新永續高息中小,24,0,24,元大-桃興,2023-12-19,9894
00679B,元大美債20年,28,7,21,元大-桃興,2023-12-19,9894
00665L,富邦�琤肭磪囓�2,36,16,20,元大-桃興,2023-12-19,9894
2303,聯電,27,7,20,元大-桃興,2023-12-19,9894
5880,合庫金,20,0,20,元大-桃興,2023-12-19,9894
6233,旺玖,20,0,20,元大-桃興,2023-12-19,9894
8068,全達,45,25,20,元大-桃興,2023-12-19,9894
00931B,統一美債20年,19,0,19,元大-桃興,2023-12-19,9894
00673R,期元大S＆P原油反1,50,33,17,元大-桃興,2023-12-19,9894
00923,群益台ESG低碳50,17,0,17,元大-桃興,2023-12-19,9894
1815,富喬,25,8,17,元大-桃興,2023-12-19,9894
2352,佳世達,23,7,16,元大-桃興,2023-12-19,9894
00664R,國泰臺灣加權反1,16,0,16,元大-桃興,2023-12-19,9894
3006,晶豪科,17,2,15,元大-桃興,2023-12-19,9894
00934,中信成長高股息,18,4,14,元大-桃興,2023-12-19,9894
00900,富邦特選高股息30,18,4,14,元大-桃興,2023-12-19,9894
0056,元大高股息,31,18,13,元大-桃興,2023-12-19,9894
2547,日勝生,13,0,13,元大-桃興,2023-12-19,9894
9105,泰金寶-DR,13,0,13,元大-桃興,2023-12-19,9894
6222,上揚,13,0,13,元大-桃興,2023-12-19,9894
1312,國喬,14,2,12,元大-桃興,2023-12-19,9894
3645,達邁,13,1,12,元大-桃興,2023-12-19,9894
2382,廣達,38,27,11,元大-桃興,2023-12-19,9894
2312,金寶,11,0,11,元大-桃興,2023-12-19,9894
9919,康那香,18,7,11,元大-桃興,2023-12-19,9894
2399,映泰,11,0,11,元大-桃興,2023-12-19,9894
6147,頎邦,12,2,10,元大-桃興,2023-12-19,9894
6829,千附精密,10,0,10,元大-桃興,2023-12-19,9894
2388,威盛,34,24,10,元大-桃興,2023-12-19,9894
1781,合世,10,0,10,元大-桃興,2023-12-19,9894
2007,燁興,19,9,10,元大-桃興,2023-12-19,9894
4714,永捷,10,0,10,元大-桃興,2023-12-19,9894
2390,云辰,10,0,10,元大-桃興,2023-12-19,9894
4908,前鼎,10,0,10,元大-桃興,2023-12-19,9894
00753L,中信中國50正2,95,20,75,元大-桃興,2023-12-20,9894
6182,合晶,65,0,65,元大-桃興,2023-12-20,9894
00919,群益台灣精選高息,117,52,65,元大-桃興,2023-12-20,9894
2801,彰銀,63,0,63,元大-桃興,2023-12-20,9894
4973,廣穎,50,1,49,元大-桃興,2023-12-20,9894
00680L,元大美債20正2,50,1,49,元大-桃興,2023-12-20,9894
00934,中信成長高股息,41,0,41,元大-桃興,2023-12-20,9894
2892,第一金,41,0,41,元大-桃興,2023-12-20,9894
00937B,群益ESG投等債20,79,42,37,元大-桃興,2023-12-20,9894
00918,大華優利高填息30,30,0,30,元大-桃興,2023-12-20,9894
1616,億泰,30,1,29,元大-桃興,2023-12-20,9894
00712,復華富時不動產,29,0,29,元大-桃興,2023-12-20,9894
2610,華航,33,5,28,元大-桃興,2023-12-20,9894
9904,寶成,30,3,27,元大-桃興,2023-12-20,9894
3078,僑威,26,0,26,元大-桃興,2023-12-20,9894
2387,精元,27,2,25,元大-桃興,2023-12-20,9894
2388,威盛,41,17,24,元大-桃興,2023-12-20,9894
2888,新光金,37,14,23,元大-桃興,2023-12-20,9894
2303,聯電,24,2,22,元大-桃興,2023-12-20,9894
2516,新建,21,0,21,元大-桃興,2023-12-20,9894
3176,基亞,21,1,20,元大-桃興,2023-12-20,9894
2890,永豐金,21,2,19,元大-桃興,2023-12-20,9894
2489,瑞軒,19,0,19,元大-桃興,2023-12-20,9894
6538,倉和,17,1,16,元大-桃興,2023-12-20,9894
00933B,國泰10Y+金融債,15,0,15,元大-桃興,2023-12-20,9894
1815,富喬,16,1,15,元大-桃興,2023-12-20,9894
00673R,期元大S＆P原油反1,20,5,15,元大-桃興,2023-12-20,9894
4909,新復興,26,12,14,元大-桃興,2023-12-20,9894
2002,中鋼,18,5,13,元大-桃興,2023-12-20,9894
00679B,元大美債20年,18,5,13,元大-桃興,2023-12-20,9894
2408,南亞科,12,0,12,元大-桃興,2023-12-20,9894
8085,福華,24,12,12,元大-桃興,2023-12-20,9894
3706,神達,37,25,12,元大-桃興,2023-12-20,9894
4904,遠傳,12,0,12,元大-桃興,2023-12-20,9894
00892,富邦台灣半導體,11,0,11,元大-桃興,2023-12-20,9894
3149,正達,11,0,11,元大-桃興,2023-12-20,9894
5876,上海商銀,11,0,11,元大-桃興,2023-12-20,9894
00891,中信關鍵半導體,11,0,11,元大-桃興,2023-12-20,9894
00888,永豐台灣ESG,10,0,10,元大-桃興,2023-12-20,9894
00935,野村臺灣新科技50,10,0,10,元大-桃興,2023-12-20,9894
6122,擎邦,15,5,10,元大-桃興,2023-12-20,9894
00882,中信中國高股息,10,0,10,元大-桃興,2023-12-20,9894
1618,合機,10,0,10,元大-桃興,2023-12-20,9894
8064,東捷,9,0,9,元大-桃興,2023-12-20,9894
8068,全達,15,6,9,元大-桃興,2023-12-20,9894
2501,國建,8,0,8,元大-桃興,2023-12-20,9894
3374,精材,9,1,8,元大-桃興,2023-12-20,9894
6152,百一,8,0,8,元大-桃興,2023-12-20,9894
6244,茂迪,14,6,8,元大-桃興,2023-12-20,9894
2014,中鴻,30,22,8,元大-桃興,2023-12-20,9894
00919,群益台灣精選高息,323,70,253,元大-桃興,2023-12-21,9894
3024,憶聲,160,0,160,元大-桃興,2023-12-21,9894
2801,彰銀,101,0,101,元大-桃興,2023-12-21,9894
2303,聯電,103,4,99,元大-桃興,2023-12-21,9894
2888,新光金,89,1,88,元大-桃興,2023-12-21,9894
00680L,元大美債20正2,90,11,79,元大-桃興,2023-12-21,9894
00929,復華台灣科技優息,138,76,62,元大-桃興,2023-12-21,9894
2615,萬海,115,56,59,元大-桃興,2023-12-21,9894
2312,金寶,56,3,53,元大-桃興,2023-12-21,9894
00712,復華富時不動產,52,6,46,元大-桃興,2023-12-21,9894
2610,華航,48,3,45,元大-桃興,2023-12-21,9894
2324,仁寶,116,72,44,元大-桃興,2023-12-21,9894
9919,康那香,97,66,31,元大-桃興,2023-12-21,9894
00676R,富邦臺灣加權反1,30,0,30,元大-桃興,2023-12-21,9894
2367,燿華,33,4,29,元大-桃興,2023-12-21,9894
1618,合機,29,1,28,元大-桃興,2023-12-21,9894
0056,元大高股息,36,9,27,元大-桃興,2023-12-21,9894
8110,華東,33,6,27,元大-桃興,2023-12-21,9894
4167,松瑞藥,28,4,24,元大-桃興,2023-12-21,9894
00715L,期街口布蘭特正2,41,18,23,元大-桃興,2023-12-21,9894
00933B,國泰10Y+金融債,23,1,22,元大-桃興,2023-12-21,9894
2543,皇昌,62,42,20,元大-桃興,2023-12-21,9894
2444,兆勁,20,0,20,元大-桃興,2023-12-21,9894
4108,懷特,20,0,20,元大-桃興,2023-12-21,9894
8112,至上,18,1,17,元大-桃興,2023-12-21,9894
2353,宏��,98,81,17,元大-桃興,2023-12-21,9894
2449,京元電子,16,0,16,元大-桃興,2023-12-21,9894
1612,宏泰,16,0,16,元大-桃興,2023-12-21,9894
1504,東元,16,0,16,元大-桃興,2023-12-21,9894
00753L,中信中國50正2,14,0,14,元大-桃興,2023-12-21,9894
3706,神達,31,19,12,元大-桃興,2023-12-21,9894
2390,云辰,12,0,12,元大-桃興,2023-12-21,9894
00878,國泰永續高股息,21,9,12,元大-桃興,2023-12-21,9894
00665L,富邦�琤肭磪囓�2,11,0,11,元大-桃興,2023-12-21,9894
00888,永豐台灣ESG,11,0,11,元大-桃興,2023-12-21,9894
00885,富邦越南,30,19,11,元大-桃興,2023-12-21,9894
2065,世豐,11,0,11,元大-桃興,2023-12-21,9894
6138,茂達,16,5,11,元大-桃興,2023-12-21,9894
2330,台積電,13,2,11,元大-桃興,2023-12-21,9894
2377,微星,16,6,10,元大-桃興,2023-12-21,9894
4720,德淵,10,0,10,元大-桃興,2023-12-21,9894
3704,合勤控,9,0,9,元大-桃興,2023-12-21,9894
1568,倉佑,9,0,9,元大-桃興,2023-12-21,9894
6285,啟��,9,0,9,元大-桃興,2023-12-21,9894
5880,合庫金,9,1,8,元大-桃興,2023-12-21,9894
2388,威盛,35,27,8,元大-桃興,2023-12-21,9894
5314,世紀,8,0,8,元大-桃興,2023-12-21,9894
2890,永豐金,11,3,8,元大-桃興,2023-12-21,9894
2337,旺宏,29,21,8,元大-桃興,2023-12-21,9894
00720B,元大投資級公司債,8,0,8,元大-桃興,2023-12-21,9894
00753L,中信中國50正2,290,63,227,元大-桃興,2023-12-22,9894
00680L,元大美債20正2,314,148,166,元大-桃興,2023-12-22,9894
3024,憶聲,150,0,150,元大-桃興,2023-12-22,9894
00919,群益台灣精選高息,122,18,104,元大-桃興,2023-12-22,9894
00885,富邦越南,90,0,90,元大-桃興,2023-12-22,9894
00937B,群益ESG投等債20,108,31,77,元大-桃興,2023-12-22,9894
2356,英業達,236,162,74,元大-桃興,2023-12-22,9894
2889,國票金,68,0,68,元大-桃興,2023-12-22,9894
00929,復華台灣科技優息,96,30,66,元大-桃興,2023-12-22,9894
00632R,元大台灣50反1,50,0,50,元大-桃興,2023-12-22,9894
3231,緯創,54,15,39,元大-桃興,2023-12-22,9894
2421,建準,55,18,37,元大-桃興,2023-12-22,9894
00934,中信成長高股息,31,0,31,元大-桃興,2023-12-22,9894
00687B,國泰20年美債,41,10,31,元大-桃興,2023-12-22,9894
3013,晟銘電,28,4,24,元大-桃興,2023-12-22,9894
1301,台塑,23,0,23,元大-桃興,2023-12-22,9894
2324,仁寶,48,25,23,元大-桃興,2023-12-22,9894
1524,耿鼎,24,1,23,元大-桃興,2023-12-22,9894
2609,陽明,414,392,22,元大-桃興,2023-12-22,9894
2615,萬海,75,54,21,元大-桃興,2023-12-22,9894
8034,榮群,28,7,21,元大-桃興,2023-12-22,9894
00751B,元大AAA至A公司債,20,0,20,元大-桃興,2023-12-22,9894
00679B,元大美債20年,23,3,20,元大-桃興,2023-12-22,9894
00720B,元大投資級公司債,19,0,19,元大-桃興,2023-12-22,9894
6243,迅杰,39,20,19,元大-桃興,2023-12-22,9894
5009,榮剛,23,7,16,元大-桃興,2023-12-22,9894
2329,華泰,25,9,16,元大-桃興,2023-12-22,9894
00931B,統一美債20年,16,0,16,元大-桃興,2023-12-22,9894
1605,華新,27,12,15,元大-桃興,2023-12-22,9894
3714,富采,14,1,13,元大-桃興,2023-12-22,9894
6550,北極星藥業-KY,16,4,12,元大-桃興,2023-12-22,9894
4967,十銓,12,0,12,元大-桃興,2023-12-22,9894
8112,至上,11,0,11,元大-桃興,2023-12-22,9894
4543,萬在,11,0,11,元大-桃興,2023-12-22,9894
6005,群益證,10,0,10,元大-桃興,2023-12-22,9894
1314,中石化,20,10,10,元大-桃興,2023-12-22,9894
4417,金洲,10,0,10,元大-桃興,2023-12-22,9894
2641,正德,21,11,10,元大-桃興,2023-12-22,9894
2312,金寶,10,0,10,元大-桃興,2023-12-22,9894
1308,亞聚,10,0,10,元大-桃興,2023-12-22,9894
1717,長興,10,0,10,元大-桃興,2023-12-22,9894
4916,事欣科,15,5,10,元大-桃興,2023-12-22,9894
1432,大魯閣,10,0,10,元大-桃興,2023-12-22,9894
2449,京元電子,10,1,9,元大-桃興,2023-12-22,9894
9919,康那香,14,5,9,元大-桃興,2023-12-22,9894
00857B,永豐20年美公債,9,0,9,元大-桃興,2023-12-22,9894
2543,皇昌,11,2,9,元大-桃興,2023-12-22,9894
2515,中工,25,16,9,元大-桃興,2023-12-22,9894
00900,富邦特選高股息30,9,0,9,元大-桃興,2023-12-22,9894
6270,倍微,9,0,9,元大-桃興,2023-12-22,9894
00919,群益台灣精選高息,192,23,169,元大-桃興,2023-12-25,9894
2609,陽明,350,246,104,元大-桃興,2023-12-25,9894
2641,正德,63,4,59,元大-桃興,2023-12-25,9894
2606,裕民,57,3,54,元大-桃興,2023-12-25,9894
00933B,國泰10Y+金融債,46,0,46,元大-桃興,2023-12-25,9894
6139,亞翔,51,8,43,元大-桃興,2023-12-25,9894
2883,凱基金,41,0,41,元大-桃興,2023-12-25,9894
2607,榮運,40,0,40,元大-桃興,2023-12-25,9894
2603,長榮,77,48,29,元大-桃興,2023-12-25,9894
3041,揚智,60,32,28,元大-桃興,2023-12-25,9894
00688L,國泰20年美債正2,28,0,28,元大-桃興,2023-12-25,9894
00934,中信成長高股息,27,0,27,元大-桃興,2023-12-25,9894
2405,輔信,27,1,26,元大-桃興,2023-12-25,9894
00931B,統一美債20年,24,0,24,元大-桃興,2023-12-25,9894
00929,復華台灣科技優息,50,26,24,元大-桃興,2023-12-25,9894
2601,益航,22,0,22,元大-桃興,2023-12-25,9894
2408,南亞科,30,8,22,元大-桃興,2023-12-25,9894
2884,玉山金,22,0,22,元大-桃興,2023-12-25,9894
8034,榮群,22,1,21,元大-桃興,2023-12-25,9894
2605,新興,27,7,20,元大-桃興,2023-12-25,9894
6122,擎邦,21,1,20,元大-桃興,2023-12-25,9894
00632R,元大台灣50反1,20,0,20,元大-桃興,2023-12-25,9894
00676R,富邦臺灣加權反1,20,0,20,元大-桃興,2023-12-25,9894
00720B,元大投資級公司債,43,25,18,元大-桃興,2023-12-25,9894
6164,華興,30,12,18,元大-桃興,2023-12-25,9894
1325,恆大,21,5,16,元大-桃興,2023-12-25,9894
1524,耿鼎,21,6,15,元大-桃興,2023-12-25,9894
00885,富邦越南,15,0,15,元大-桃興,2023-12-25,9894
1514,亞力,36,21,15,元大-桃興,2023-12-25,9894
2409,友達,30,17,13,元大-桃興,2023-12-25,9894
00679B,元大美債20年,13,0,13,元大-桃興,2023-12-25,9894
8054,安國,20,7,13,元大-桃興,2023-12-25,9894
2363,矽統,16,3,13,元大-桃興,2023-12-25,9894
2889,國票金,13,0,13,元大-桃興,2023-12-25,9894
00687B,國泰20年美債,30,18,12,元大-桃興,2023-12-25,9894
3005,神基,14,2,12,元大-桃興,2023-12-25,9894
1605,華新,42,30,12,元大-桃興,2023-12-25,9894
5351,鈺創,12,0,12,元大-桃興,2023-12-25,9894
9904,寶成,15,3,12,元大-桃興,2023-12-25,9894
6158,禾昌,11,0,11,元大-桃興,2023-12-25,9894
2382,廣達,17,7,10,元大-桃興,2023-12-25,9894
5515,建國,10,0,10,元大-桃興,2023-12-25,9894
00918,大華優利高填息30,26,16,10,元大-桃興,2023-12-25,9894
00764B,群益25年美債,10,0,10,元大-桃興,2023-12-25,9894
6616,特昇-KY,10,0,10,元大-桃興,2023-12-25,9894
6108,競國,10,0,10,元大-桃興,2023-12-25,9894
2867,三商壽,10,0,10,元大-桃興,2023-12-25,9894
2498,宏達電,52,42,10,元大-桃興,2023-12-25,9894
5355,佳總,10,0,10,元大-桃興,2023-12-25,9894
1304,台聚,10,0,10,元大-桃興,2023-12-25,9894
00632R,元大台灣50反1,145,13,132,元大-桃興,2023-12-26,9894
2515,中工,87,27,60,元大-桃興,2023-12-26,9894
2618,長榮航,72,16,56,元大-桃興,2023-12-26,9894
00715L,期街口布蘭特正2,59,9,50,元大-桃興,2023-12-26,9894
1503,士電,48,7,41,元大-桃興,2023-12-26,9894
3231,緯創,54,14,40,元大-桃興,2023-12-26,9894
2421,建準,41,8,33,元大-桃興,2023-12-26,9894
8996,高力,44,13,31,元大-桃興,2023-12-26,9894
00676R,富邦臺灣加權反1,30,0,30,元大-桃興,2023-12-26,9894
2516,新建,30,0,30,元大-桃興,2023-12-26,9894
1524,耿鼎,45,17,28,元大-桃興,2023-12-26,9894
2204,中華,26,0,26,元大-桃興,2023-12-26,9894
6548,長科*,26,0,26,元大-桃興,2023-12-26,9894
00637L,元大滬深300正2,24,1,23,元大-桃興,2023-12-26,9894
00915,凱基優選高股息30,21,0,21,元大-桃興,2023-12-26,9894
6243,迅杰,45,24,21,元大-桃興,2023-12-26,9894
2427,三商電,20,0,20,元大-桃興,2023-12-26,9894
00720B,元大投資級公司債,20,1,19,元大-桃興,2023-12-26,9894
6164,華興,19,0,19,元大-桃興,2023-12-26,9894
00937B,群益ESG投等債20,19,3,16,元大-桃興,2023-12-26,9894
00919,群益台灣精選高息,25,10,15,元大-桃興,2023-12-26,9894
2308,台達電,13,0,13,元大-桃興,2023-12-26,9894
1519,華城,24,12,12,元大-桃興,2023-12-26,9894
1605,華新,12,0,12,元大-桃興,2023-12-26,9894
3390,旭軟,13,1,12,元大-桃興,2023-12-26,9894
1314,中石化,12,0,12,元大-桃興,2023-12-26,9894
2607,榮運,13,1,12,元大-桃興,2023-12-26,9894
1795,美時,14,3,11,元大-桃興,2023-12-26,9894
1808,潤隆,13,2,11,元大-桃興,2023-12-26,9894
2355,敬鵬,13,2,11,元大-桃興,2023-12-26,9894
6269,台郡,11,0,11,元大-桃興,2023-12-26,9894
00751B,元大AAA至A公司債,10,0,10,元大-桃興,2023-12-26,9894
00888,永豐台灣ESG,11,1,10,元大-桃興,2023-12-26,9894
6438,迅得,10,0,10,元大-桃興,2023-12-26,9894
2365,昆盈,11,2,9,元大-桃興,2023-12-26,9894
8936,國統,10,1,9,元大-桃興,2023-12-26,9894
2014,中鴻,10,1,9,元大-桃興,2023-12-26,9894
1337,再生-KY,9,1,8,元大-桃興,2023-12-26,9894
2363,矽統,18,11,7,元大-桃興,2023-12-26,9894
00933B,國泰10Y+金融債,7,0,7,元大-桃興,2023-12-26,9894
6233,旺玖,13,6,7,元大-桃興,2023-12-26,9894
3346,麗清,9,2,7,元大-桃興,2023-12-26,9894
2605,新興,17,10,7,元大-桃興,2023-12-26,9894
3545,敦泰,6,0,6,元大-桃興,2023-12-26,9894
00753L,中信中國50正2,6,0,6,元大-桃興,2023-12-26,9894
2634,漢翔,6,0,6,元大-桃興,2023-12-26,9894
2436,偉詮電,6,0,6,元大-桃興,2023-12-26,9894
6117,迎廣,14,8,6,元大-桃興,2023-12-26,9894
5353,台林,6,0,6,元大-桃興,2023-12-26,9894
4529,淳紳,6,0,6,元大-桃興,2023-12-26,9894
00632R,元大台灣50反1,1142,5,1137,元大-桃興,2023-12-27,9894
00929,復華台灣科技優息,237,38,199,元大-桃興,2023-12-27,9894
00937B,群益ESG投等債20,176,13,163,元大-桃興,2023-12-27,9894
00687B,國泰20年美債,116,0,116,元大-桃興,2023-12-27,9894
00923,群益台ESG低碳50,116,8,108,元大-桃興,2023-12-27,9894
2022,聚亨,85,0,85,元大-桃興,2023-12-27,9894
00673R,期元大S＆P原油反1,100,20,80,元大-桃興,2023-12-27,9894
3013,晟銘電,51,1,50,元大-桃興,2023-12-27,9894
5439,高技,48,4,44,元大-桃興,2023-12-27,9894
2010,春源,46,2,44,元大-桃興,2023-12-27,9894
00753L,中信中國50正2,41,0,41,元大-桃興,2023-12-27,9894
2889,國票金,41,0,41,元大-桃興,2023-12-27,9894
00885,富邦越南,40,0,40,元大-桃興,2023-12-27,9894
2353,宏��,121,90,31,元大-桃興,2023-12-27,9894
00665L,富邦�琤肭磪囓�2,30,0,30,元大-桃興,2023-12-27,9894
2409,友達,38,9,29,元大-桃興,2023-12-27,9894
2474,可成,29,0,29,元大-桃興,2023-12-27,9894
3481,群創,63,36,27,元大-桃興,2023-12-27,9894
8477,創業家,26,0,26,元大-桃興,2023-12-27,9894
2337,旺宏,81,57,24,元大-桃興,2023-12-27,9894
00882,中信中國高股息,23,0,23,元大-桃興,2023-12-27,9894
2439,美律,31,10,21,元大-桃興,2023-12-27,9894
2393,億光,21,0,21,元大-桃興,2023-12-27,9894
3687,歐買尬,20,0,20,元大-桃興,2023-12-27,9894
4908,前鼎,19,0,19,元大-桃興,2023-12-27,9894
2641,正德,18,0,18,元大-桃興,2023-12-27,9894
1582,信錦,18,0,18,元大-桃興,2023-12-27,9894
2369,菱生,20,2,18,元大-桃興,2023-12-27,9894
2603,長榮,43,25,18,元大-桃興,2023-12-27,9894
2014,中鴻,18,1,17,元大-桃興,2023-12-27,9894
00720B,元大投資級公司債,17,1,16,元大-桃興,2023-12-27,9894
00713,元大台灣高息低波,16,0,16,元大-桃興,2023-12-27,9894
2388,威盛,70,55,15,元大-桃興,2023-12-27,9894
3380,明泰,15,0,15,元大-桃興,2023-12-27,9894
3362,先進光,19,4,15,元大-桃興,2023-12-27,9894
00934,中信成長高股息,15,0,15,元大-桃興,2023-12-27,9894
00915,凱基優選高股息30,15,0,15,元大-桃興,2023-12-27,9894
6233,旺玖,63,48,15,元大-桃興,2023-12-27,9894
00688L,國泰20年美債正2,14,0,14,元大-桃興,2023-12-27,9894
6282,康舒,15,1,14,元大-桃興,2023-12-27,9894
1605,華新,35,22,13,元大-桃興,2023-12-27,9894
3005,神基,13,0,13,元大-桃興,2023-12-27,9894
00752,中信中國50,12,0,12,元大-桃興,2023-12-27,9894
5521,工信,12,0,12,元大-桃興,2023-12-27,9894
6129,普誠,22,10,12,元大-桃興,2023-12-27,9894
6288,聯嘉,17,6,11,元大-桃興,2023-12-27,9894
2002,中鋼,20,9,11,元大-桃興,2023-12-27,9894
3532,台勝科,20,9,11,元大-桃興,2023-12-27,9894
0061,元大寶滬深,10,0,10,元大-桃興,2023-12-27,9894
00633L,富邦上証正2,12,2,10,元大-桃興,2023-12-27,9894
00632R,元大台灣50反1,226,0,226,元大-桃興,2023-12-28,9894
2405,輔信,146,2,144,元大-桃興,2023-12-28,9894
2356,英業達,175,87,88,元大-桃興,2023-12-28,9894
00919,群益台灣精選高息,105,25,80,元大-桃興,2023-12-28,9894
3013,晟銘電,69,6,63,元大-桃興,2023-12-28,9894
00937B,群益ESG投等債20,63,1,62,元大-桃興,2023-12-28,9894
2022,聚亨,50,0,50,元大-桃興,2023-12-28,9894
9105,泰金寶-DR,152,103,49,元大-桃興,2023-12-28,9894
2607,榮運,46,3,43,元大-桃興,2023-12-28,9894
00905,FT臺灣Smart,38,0,38,元大-桃興,2023-12-28,9894
00712,復華富時不動產,45,10,35,元大-桃興,2023-12-28,9894
2609,陽明,64,30,34,元大-桃興,2023-12-28,9894
00934,中信成長高股息,33,0,33,元大-桃興,2023-12-28,9894
2317,鴻海,38,6,32,元大-桃興,2023-12-28,9894
1524,耿鼎,49,17,32,元大-桃興,2023-12-28,9894
2603,長榮,79,48,31,元大-桃興,2023-12-28,9894
3231,緯創,46,18,28,元大-桃興,2023-12-28,9894
2436,偉詮電,28,5,23,元大-桃興,2023-12-28,9894
2889,國票金,20,0,20,元大-桃興,2023-12-28,9894
8105,凌巨,20,0,20,元大-桃興,2023-12-28,9894
6126,信音,18,0,18,元大-桃興,2023-12-28,9894
2408,南亞科,28,11,17,元大-桃興,2023-12-28,9894
2367,燿華,17,1,16,元大-桃興,2023-12-28,9894
2641,正德,16,0,16,元大-桃興,2023-12-28,9894
00665L,富邦�琤肭磪囓�2,20,5,15,元大-桃興,2023-12-28,9894
8088,品安,15,0,15,元大-桃興,2023-12-28,9894
2029,盛餘,15,0,15,元大-桃興,2023-12-28,9894
6243,迅杰,16,2,14,元大-桃興,2023-12-28,9894
3346,麗清,18,6,12,元大-桃興,2023-12-28,9894
3673,TPK-KY,12,0,12,元大-桃興,2023-12-28,9894
1217,愛之味,12,0,12,元大-桃興,2023-12-28,9894
8261,富鼎,12,0,12,元大-桃興,2023-12-28,9894
1529,樂事綠能,35,24,11,元大-桃興,2023-12-28,9894
2303,聯電,83,73,10,元大-桃興,2023-12-28,9894
2363,矽統,10,0,10,元大-桃興,2023-12-28,9894
2338,光罩,10,0,10,元大-桃興,2023-12-28,9894
3521,鴻翊,10,0,10,元大-桃興,2023-12-28,9894
4532,瑞智,10,0,10,元大-桃興,2023-12-28,9894
00932,兆豐永續高息等權,10,0,10,元大-桃興,2023-12-28,9894
6166,凌華,10,0,10,元大-桃興,2023-12-28,9894
5512,力麒,20,10,10,元大-桃興,2023-12-28,9894
6719,力智,17,7,10,元大-桃興,2023-12-28,9894
3380,明泰,15,5,10,元大-桃興,2023-12-28,9894
2324,仁寶,58,49,9,元大-桃興,2023-12-28,9894
2014,中鴻,15,6,9,元大-桃興,2023-12-28,9894
6290,良維,20,11,9,元大-桃興,2023-12-28,9894
2308,台達電,10,1,9,元大-桃興,2023-12-28,9894
00929,復華台灣科技優息,48,39,9,元大-桃興,2023-12-28,9894
00900,富邦特選高股息30,11,3,8,元大-桃興,2023-12-28,9894
2618,長榮航,23,15,8,元大-桃興,2023-12-28,9894
00937B,群益ESG投等債20,315,2,313,元大-桃興,2023-12-29,9894
00665L,富邦�琤肭磪囓�2,230,11,219,元大-桃興,2023-12-29,9894
00715L,期街口布蘭特正2,217,2,215,元大-桃興,2023-12-29,9894
00753L,中信中國50正2,201,1,200,元大-桃興,2023-12-29,9894
1514,亞力,196,10,186,元大-桃興,2023-12-29,9894
00878,國泰永續高股息,112,37,75,元大-桃興,2023-12-29,9894
2382,廣達,109,45,64,元大-桃興,2023-12-29,9894
00712,復華富時不動產,69,6,63,元大-桃興,2023-12-29,9894
3706,神達,97,35,62,元大-桃興,2023-12-29,9894
1504,東元,58,1,57,元大-桃興,2023-12-29,9894
2607,榮運,42,0,42,元大-桃興,2023-12-29,9894
00687B,國泰20年美債,41,2,39,元大-桃興,2023-12-29,9894
2421,建準,65,32,33,元大-桃興,2023-12-29,9894
00680L,元大美債20正2,32,1,31,元大-桃興,2023-12-29,9894
3704,合勤控,47,16,31,元大-桃興,2023-12-29,9894
3013,晟銘電,33,4,29,元大-桃興,2023-12-29,9894
00934,中信成長高股息,27,0,27,元大-桃興,2023-12-29,9894
2515,中工,44,18,26,元大-桃興,2023-12-29,9894
00933B,國泰10Y+金融債,27,3,24,元大-桃興,2023-12-29,9894
2618,長榮航,36,15,21,元大-桃興,2023-12-29,9894
2547,日勝生,20,0,20,元大-桃興,2023-12-29,9894
00929,復華台灣科技優息,44,24,20,元大-桃興,2023-12-29,9894
2464,盟立,19,0,19,元大-桃興,2023-12-29,9894
3006,晶豪科,36,17,19,元大-桃興,2023-12-29,9894
2002,中鋼,20,2,18,元大-桃興,2023-12-29,9894
6139,亞翔,28,10,18,元大-桃興,2023-12-29,9894
00637L,元大滬深300正2,22,4,18,元大-桃興,2023-12-29,9894
2201,裕隆,21,3,18,元大-桃興,2023-12-29,9894
6243,迅杰,21,3,18,元大-桃興,2023-12-29,9894
2344,華邦電,54,37,17,元大-桃興,2023-12-29,9894
3622,洋華,16,0,16,元大-桃興,2023-12-29,9894
00882,中信中國高股息,16,0,16,元大-桃興,2023-12-29,9894
2313,華通,20,5,15,元大-桃興,2023-12-29,9894
6179,亞通,15,0,15,元大-桃興,2023-12-29,9894
00688L,國泰20年美債正2,15,0,15,元大-桃興,2023-12-29,9894
3260,威剛,47,32,15,元大-桃興,2023-12-29,9894
2889,國票金,14,0,14,元大-桃興,2023-12-29,9894
8401,白紗科,14,0,14,元大-桃興,2023-12-29,9894
2609,陽明,33,19,14,元大-桃興,2023-12-29,9894
6125,廣運,68,55,13,元大-桃興,2023-12-29,9894
2888,新光金,12,0,12,元大-桃興,2023-12-29,9894
1513,中興電,14,2,12,元大-桃興,2023-12-29,9894
6811,宏�硌穈T,12,0,12,元大-桃興,2023-12-29,9894
2516,新建,14,2,12,元大-桃興,2023-12-29,9894
00773B,中信優先金融債,12,0,12,元大-桃興,2023-12-29,9894
2301,光寶科,12,1,11,元大-桃興,2023-12-29,9894
00751B,元大AAA至A公司債,12,1,11,元大-桃興,2023-12-29,9894
9945,潤泰新,11,0,11,元大-桃興,2023-12-29,9894
00893,國泰智能電動車,10,0,10,元大-桃興,2023-12-29,9894
1783,和康生,10,0,10,元大-桃興,2023-12-29,9894
2609,陽明,299,97,202,元大-桃興,2024-01-02,9894
3231,緯創,202,54,148,元大-桃興,2024-01-02,9894
00937B,群益ESG投等債20,123,2,121,元大-桃興,2024-01-02,9894
00923,群益台ESG低碳50,101,0,101,元大-桃興,2024-01-02,9894
00687B,國泰20年美債,105,5,100,元大-桃興,2024-01-02,9894
00712,復華富時不動產,99,10,89,元大-桃興,2024-01-02,9894
6142,友勁,78,0,78,元大-桃興,2024-01-02,9894
00680L,元大美債20正2,66,0,66,元大-桃興,2024-01-02,9894
00919,群益台灣精選高息,72,14,58,元大-桃興,2024-01-02,9894
00720B,元大投資級公司債,80,24,56,元大-桃興,2024-01-02,9894
00878,國泰永續高股息,45,4,41,元大-桃興,2024-01-02,9894
00915,凱基優選高股息30,61,25,36,元大-桃興,2024-01-02,9894
00929,復華台灣科技優息,92,58,34,元大-桃興,2024-01-02,9894
00934,中信成長高股息,34,2,32,元大-桃興,2024-01-02,9894
0056,元大高股息,43,12,31,元大-桃興,2024-01-02,9894
6139,亞翔,30,2,28,元大-桃興,2024-01-02,9894
3188,鑫龍騰,27,0,27,元大-桃興,2024-01-02,9894
3051,力特,33,6,27,元大-桃興,2024-01-02,9894
2641,正德,27,1,26,元大-桃興,2024-01-02,9894
2353,宏��,95,71,24,元大-桃興,2024-01-02,9894
00751B,元大AAA至A公司債,45,22,23,元大-桃興,2024-01-02,9894
4532,瑞智,23,0,23,元大-桃興,2024-01-02,9894
8069,元太,25,2,23,元大-桃興,2024-01-02,9894
6770,力積電,31,9,22,元大-桃興,2024-01-02,9894
00905,FT臺灣Smart,20,0,20,元大-桃興,2024-01-02,9894
4967,十銓,20,0,20,元大-桃興,2024-01-02,9894
1714,和桐,20,0,20,元大-桃興,2024-01-02,9894
2303,聯電,37,17,20,元大-桃興,2024-01-02,9894
9958,世紀鋼,22,4,18,元大-桃興,2024-01-02,9894
6120,達運,18,0,18,元大-桃興,2024-01-02,9894
2201,裕隆,18,0,18,元大-桃興,2024-01-02,9894
2356,英業達,140,125,15,元大-桃興,2024-01-02,9894
1217,愛之味,25,10,15,元大-桃興,2024-01-02,9894
2352,佳世達,39,25,14,元大-桃興,2024-01-02,9894
5210,寶碩,14,0,14,元大-桃興,2024-01-02,9894
2476,鉅祥,14,0,14,元大-桃興,2024-01-02,9894
2367,燿華,14,0,14,元大-桃興,2024-01-02,9894
4930,燦星網,13,0,13,元大-桃興,2024-01-02,9894
5347,世界,16,3,13,元大-桃興,2024-01-02,9894
00637L,元大滬深300正2,14,2,12,元大-桃興,2024-01-02,9894
3264,欣銓,13,1,12,元大-桃興,2024-01-02,9894
00764B,群益25年美債,12,0,12,元大-桃興,2024-01-02,9894
2313,華通,20,9,11,元大-桃興,2024-01-02,9894
1795,美時,18,7,11,元大-桃興,2024-01-02,9894
00935,野村臺灣新科技50,10,0,10,元大-桃興,2024-01-02,9894
3037,欣興,10,0,10,元大-桃興,2024-01-02,9894
2607,榮運,15,5,10,元大-桃興,2024-01-02,9894
00676R,富邦臺灣加權反1,10,0,10,元大-桃興,2024-01-02,9894
5522,遠雄,10,0,10,元大-桃興,2024-01-02,9894
3202,樺晟,10,0,10,元大-桃興,2024-01-02,9894
00632R,元大台灣50反1,700,370,330,元大-桃興,2024-01-03,9894
00929,復華台灣科技優息,305,27,278,元大-桃興,2024-01-03,9894
00919,群益台灣精選高息,205,25,180,元大-桃興,2024-01-03,9894
2610,華航,150,5,145,元大-桃興,2024-01-03,9894
00715L,期街口布蘭特正2,146,10,136,元大-桃興,2024-01-03,9894
00882,中信中國高股息,160,35,125,元大-桃興,2024-01-03,9894
2344,華邦電,135,17,118,元大-桃興,2024-01-03,9894
2353,宏��,117,30,87,元大-桃興,2024-01-03,9894
2618,長榮航,171,85,86,元大-桃興,2024-01-03,9894
2303,聯電,80,7,73,元大-桃興,2024-01-03,9894
3437,榮創,70,0,70,元大-桃興,2024-01-03,9894
0056,元大高股息,125,58,67,元大-桃興,2024-01-03,9894
00923,群益台ESG低碳50,63,0,63,元大-桃興,2024-01-03,9894
00937B,群益ESG投等債20,55,8,47,元大-桃興,2024-01-03,9894
5426,振發,43,1,42,元大-桃興,2024-01-03,9894
2427,三商電,40,1,39,元大-桃興,2024-01-03,9894
3481,群創,47,10,37,元大-桃興,2024-01-03,9894
00934,中信成長高股息,36,0,36,元大-桃興,2024-01-03,9894
3030,德律,36,2,34,元大-桃興,2024-01-03,9894
6770,力積電,34,1,33,元大-桃興,2024-01-03,9894
2421,建準,41,13,28,元大-桃興,2024-01-03,9894
1217,愛之味,25,0,25,元大-桃興,2024-01-03,9894
3231,緯創,55,31,24,元大-桃興,2024-01-03,9894
2330,台積電,22,2,20,元大-桃興,2024-01-03,9894
5356,協益,26,7,19,元大-桃興,2024-01-03,9894
00881,國泰台灣5G+,18,0,18,元大-桃興,2024-01-03,9894
00679B,元大美債20年,21,3,18,元大-桃興,2024-01-03,9894
00688L,國泰20年美債正2,18,0,18,元大-桃興,2024-01-03,9894
00712,復華富時不動產,33,16,17,元大-桃興,2024-01-03,9894
2408,南亞科,29,12,17,元大-桃興,2024-01-03,9894
2444,兆勁,17,0,17,元大-桃興,2024-01-03,9894
5425,台半,17,1,16,元大-桃興,2024-01-03,9894
3260,威剛,23,7,16,元大-桃興,2024-01-03,9894
00772B,中信高評級公司債,15,0,15,元大-桃興,2024-01-03,9894
6278,台表科,15,0,15,元大-桃興,2024-01-03,9894
6108,競國,25,10,15,元大-桃興,2024-01-03,9894
8401,白紗科,15,0,15,元大-桃興,2024-01-03,9894
2606,裕民,33,19,14,元大-桃興,2024-01-03,9894
2324,仁寶,39,25,14,元大-桃興,2024-01-03,9894
6117,迎廣,39,25,14,元大-桃興,2024-01-03,9894
00933B,國泰10Y+金融債,13,0,13,元大-桃興,2024-01-03,9894
8069,元太,15,2,13,元大-桃興,2024-01-03,9894
00935,野村臺灣新科技50,12,0,12,元大-桃興,2024-01-03,9894
3041,揚智,13,1,12,元大-桃興,2024-01-03,9894
2887,台新金,13,1,12,元大-桃興,2024-01-03,9894
1721,三晃,12,0,12,元大-桃興,2024-01-03,9894
3037,欣興,14,3,11,元大-桃興,2024-01-03,9894
00633L,富邦上証正2,11,0,11,元大-桃興,2024-01-03,9894
6472,保瑞,12,1,11,元大-桃興,2024-01-03,9894
00687B,國泰20年美債,11,0,11,元大-桃興,2024-01-03,9894
00937B,群益ESG投等債20,252,0,252,元大-桃興,2024-01-04,9894
00929,復華台灣科技優息,190,9,181,元大-桃興,2024-01-04,9894
5521,工信,187,40,147,元大-桃興,2024-01-04,9894
2027,大成鋼,115,0,115,元大-桃興,2024-01-04,9894
2388,威盛,62,11,51,元大-桃興,2024-01-04,9894
8011,台通,52,4,48,元大-桃興,2024-01-04,9894
00680L,元大美債20正2,67,21,46,元大-桃興,2024-01-04,9894
2303,聯電,67,21,46,元大-桃興,2024-01-04,9894
00902,中信電池及儲能,43,2,41,元大-桃興,2024-01-04,9894
00637L,元大滬深300正2,37,2,35,元大-桃興,2024-01-04,9894
2353,宏��,102,68,34,元大-桃興,2024-01-04,9894
2356,英業達,94,64,30,元大-桃興,2024-01-04,9894
00927,群益半導體收益,28,0,28,元大-桃興,2024-01-04,9894
2449,京元電子,29,2,27,元大-桃興,2024-01-04,9894
2007,燁興,27,1,26,元大-桃興,2024-01-04,9894
00673R,期元大S＆P原油反1,31,6,25,元大-桃興,2024-01-04,9894
0056,元大高股息,31,6,25,元大-桃興,2024-01-04,9894
00720B,元大投資級公司債,24,2,22,元大-桃興,2024-01-04,9894
2888,新光金,22,0,22,元大-桃興,2024-01-04,9894
00882,中信中國高股息,21,0,21,元大-桃興,2024-01-04,9894
00935,野村臺灣新科技50,20,0,20,元大-桃興,2024-01-04,9894
2489,瑞軒,20,0,20,元大-桃興,2024-01-04,9894
5512,力麒,20,0,20,元大-桃興,2024-01-04,9894
00676R,富邦臺灣加權反1,20,0,20,元大-桃興,2024-01-04,9894
6113,亞矽,81,61,20,元大-桃興,2024-01-04,9894
2615,萬海,50,31,19,元大-桃興,2024-01-04,9894
00632R,元大台灣50反1,40,21,19,元大-桃興,2024-01-04,9894
3221,台嘉碩,21,2,19,元大-桃興,2024-01-04,9894
00881,國泰台灣5G+,19,0,19,元大-桃興,2024-01-04,9894
00665L,富邦�琤肭磪囓�2,20,1,19,元大-桃興,2024-01-04,9894
1519,華城,41,24,17,元大-桃興,2024-01-04,9894
00934,中信成長高股息,16,0,16,元大-桃興,2024-01-04,9894
4968,立積,16,0,16,元大-桃興,2024-01-04,9894
4128,中天,15,0,15,元大-桃興,2024-01-04,9894
3037,欣興,16,2,14,元大-桃興,2024-01-04,9894
00891,中信關鍵半導體,14,0,14,元大-桃興,2024-01-04,9894
0050,元大台灣50,13,0,13,元大-桃興,2024-01-04,9894
4909,新復興,13,0,13,元大-桃興,2024-01-04,9894
3706,神達,17,5,12,元大-桃興,2024-01-04,9894
6578,達邦蛋白,12,0,12,元大-桃興,2024-01-04,9894
00773B,中信優先金融債,11,0,11,元大-桃興,2024-01-04,9894
3217,優群,13,2,11,元大-桃興,2024-01-04,9894
8401,白紗科,11,0,11,元大-桃興,2024-01-04,9894
00878,國泰永續高股息,14,3,11,元大-桃興,2024-01-04,9894
2393,億光,10,0,10,元大-桃興,2024-01-04,9894
00885,富邦越南,25,15,10,元大-桃興,2024-01-04,9894
5864,致和證,10,0,10,元大-桃興,2024-01-04,9894
3078,僑威,12,2,10,元大-桃興,2024-01-04,9894
6243,迅杰,14,4,10,元大-桃興,2024-01-04,9894
4720,德淵,10,0,10,元大-桃興,2024-01-04,9894
00929,復華台灣科技優息,238,7,231,元大-桃興,2024-01-05,9894
6770,力積電,448,222,226,元大-桃興,2024-01-05,9894
2618,長榮航,150,46,104,元大-桃興,2024-01-05,9894
00637L,元大滬深300正2,158,72,86,元大-桃興,2024-01-05,9894
00687B,國泰20年美債,74,1,73,元大-桃興,2024-01-05,9894
2610,華航,67,2,65,元大-桃興,2024-01-05,9894
00706L,期元大S＆P日圓正2,56,0,56,元大-桃興,2024-01-05,9894
2609,陽明,226,171,55,元大-桃興,2024-01-05,9894
1603,華電,50,0,50,元大-桃興,2024-01-05,9894
00679B,元大美債20年,49,1,48,元大-桃興,2024-01-05,9894
00919,群益台灣精選高息,53,9,44,元大-桃興,2024-01-05,9894
2353,宏��,90,52,38,元大-桃興,2024-01-05,9894
00632R,元大台灣50反1,50,13,37,元大-桃興,2024-01-05,9894
00931B,統一美債20年,32,0,32,元大-桃興,2024-01-05,9894
9905,大華,32,0,32,元大-桃興,2024-01-05,9894
6532,瑞耘,30,0,30,元大-桃興,2024-01-05,9894
3051,力特,30,0,30,元大-桃興,2024-01-05,9894
2399,映泰,30,0,30,元大-桃興,2024-01-05,9894
00751B,元大AAA至A公司債,27,0,27,元大-桃興,2024-01-05,9894
1609,大亞,27,0,27,元大-桃興,2024-01-05,9894
00934,中信成長高股息,26,0,26,元大-桃興,2024-01-05,9894
2486,一詮,43,17,26,元大-桃興,2024-01-05,9894
1312,國喬,31,5,26,元大-桃興,2024-01-05,9894
00923,群益台ESG低碳50,24,0,24,元大-桃興,2024-01-05,9894
2641,正德,51,27,24,元大-桃興,2024-01-05,9894
1504,東元,23,0,23,元大-桃興,2024-01-05,9894
00900,富邦特選高股息30,35,12,23,元大-桃興,2024-01-05,9894
2324,仁寶,35,13,22,元大-桃興,2024-01-05,9894
00878,國泰永續高股息,25,3,22,元大-桃興,2024-01-05,9894
4960,誠美材,21,0,21,元大-桃興,2024-01-05,9894
00676R,富邦臺灣加權反1,20,0,20,元大-桃興,2024-01-05,9894
0056,元大高股息,38,19,19,元大-桃興,2024-01-05,9894
5425,台半,19,2,17,元大-桃興,2024-01-05,9894
00712,復華富時不動產,19,3,16,元大-桃興,2024-01-05,9894
2303,聯電,27,11,16,元大-桃興,2024-01-05,9894
1314,中石化,16,0,16,元大-桃興,2024-01-05,9894
3714,富采,16,0,16,元大-桃興,2024-01-05,9894
9919,康那香,18,2,16,元大-桃興,2024-01-05,9894
2204,中華,16,1,15,元大-桃興,2024-01-05,9894
2362,藍天,31,16,15,元大-桃興,2024-01-05,9894
00881,國泰台灣5G+,14,0,14,元大-桃興,2024-01-05,9894
00720B,元大投資級公司債,14,0,14,元大-桃興,2024-01-05,9894
1325,恆大,13,0,13,元大-桃興,2024-01-05,9894
2601,益航,14,1,13,元大-桃興,2024-01-05,9894
6237,驊訊,17,4,13,元大-桃興,2024-01-05,9894
3202,樺晟,12,0,12,元大-桃興,2024-01-05,9894
00772B,中信高評級公司債,11,0,11,元大-桃興,2024-01-05,9894
8210,勤誠,13,2,11,元大-桃興,2024-01-05,9894
00795B,中信美國公債20年,11,0,11,元大-桃興,2024-01-05,9894
00882,中信中國高股息,11,0,11,元大-桃興,2024-01-05,9894
00929,復華台灣科技優息,266,8,258,元大-桃興,2024-01-08,9894
00687B,國泰20年美債,219,7,212,元大-桃興,2024-01-08,9894
00937B,群益ESG投等債20,114,1,113,元大-桃興,2024-01-08,9894
00888,永豐台灣ESG,100,0,100,元大-桃興,2024-01-08,9894
3481,群創,158,69,89,元大-桃興,2024-01-08,9894
00679B,元大美債20年,97,17,80,元大-桃興,2024-01-08,9894
00632R,元大台灣50反1,56,0,56,元大-桃興,2024-01-08,9894
00919,群益台灣精選高息,67,12,55,元大-桃興,2024-01-08,9894
00881,國泰台灣5G+,52,0,52,元大-桃興,2024-01-08,9894
6770,力積電,75,28,47,元大-桃興,2024-01-08,9894
2303,聯電,53,9,44,元大-桃興,2024-01-08,9894
3567,逸昌,43,0,43,元大-桃興,2024-01-08,9894
3017,奇鋐,41,1,40,元大-桃興,2024-01-08,9894
2606,裕民,41,5,36,元大-桃興,2024-01-08,9894
00637L,元大滬深300正2,33,0,33,元大-桃興,2024-01-08,9894
2317,鴻海,34,1,33,元大-桃興,2024-01-08,9894
2607,榮運,33,6,27,元大-桃興,2024-01-08,9894
00753L,中信中國50正2,26,0,26,元大-桃興,2024-01-08,9894
8401,白紗科,26,0,26,元大-桃興,2024-01-08,9894
00882,中信中國高股息,23,0,23,元大-桃興,2024-01-08,9894
00751B,元大AAA至A公司債,21,0,21,元大-桃興,2024-01-08,9894
2388,威盛,48,27,21,元大-桃興,2024-01-08,9894
00752,中信中國50,21,0,21,元大-桃興,2024-01-08,9894
0056,元大高股息,54,34,20,元大-桃興,2024-01-08,9894
6196,帆宣,20,0,20,元大-桃興,2024-01-08,9894
00915,凱基優選高股息30,24,5,19,元大-桃興,2024-01-08,9894
2486,一詮,29,12,17,元大-桃興,2024-01-08,9894
8034,榮群,17,0,17,元大-桃興,2024-01-08,9894
4402,郡都開發,16,0,16,元大-桃興,2024-01-08,9894
2449,京元電子,25,10,15,元大-桃興,2024-01-08,9894
4743,合一,15,0,15,元大-桃興,2024-01-08,9894
00673R,期元大S＆P原油反1,15,0,15,元大-桃興,2024-01-08,9894
2329,華泰,15,2,13,元大-桃興,2024-01-08,9894
00795B,中信美國公債20年,16,3,13,元大-桃興,2024-01-08,9894
00773B,中信優先金融債,12,0,12,元大-桃興,2024-01-08,9894
6108,競國,12,0,12,元大-桃興,2024-01-08,9894
2023,燁輝,12,0,12,元大-桃興,2024-01-08,9894
00927,群益半導體收益,11,0,11,元大-桃興,2024-01-08,9894
2324,仁寶,26,15,11,元大-桃興,2024-01-08,9894
3041,揚智,11,0,11,元大-桃興,2024-01-08,9894
6811,宏�硌穈T,11,0,11,元大-桃興,2024-01-08,9894
00933B,國泰10Y+金融債,10,0,10,元大-桃興,2024-01-08,9894
6153,嘉聯益,10,0,10,元大-桃興,2024-01-08,9894
00764B,群益25年美債,10,0,10,元大-桃興,2024-01-08,9894
2390,云辰,11,1,10,元大-桃興,2024-01-08,9894
3202,樺晟,10,0,10,元大-桃興,2024-01-08,9894
4746,台耀,12,2,10,元大-桃興,2024-01-08,9894
5356,協益,10,0,10,元大-桃興,2024-01-08,9894
2913,農林,11,1,10,元大-桃興,2024-01-08,9894
8011,台通,16,6,10,元大-桃興,2024-01-08,9894
2609,陽明,353,47,306,元大-桃興,2024-01-09,9894
00919,群益台灣精選高息,214,14,200,元大-桃興,2024-01-09,9894
00937B,群益ESG投等債20,176,3,173,元大-桃興,2024-01-09,9894
2353,宏��,252,114,138,元大-桃興,2024-01-09,9894
1326,台化,72,0,72,元大-桃興,2024-01-09,9894
00715L,期街口布蘭特正2,70,2,68,元大-桃興,2024-01-09,9894
00688L,國泰20年美債正2,80,15,65,元大-桃興,2024-01-09,9894
3706,神達,57,1,56,元大-桃興,2024-01-09,9894
2884,玉山金,51,0,51,元大-桃興,2024-01-09,9894
3481,群創,54,6,48,元大-桃興,2024-01-09,9894
2607,榮運,47,0,47,元大-桃興,2024-01-09,9894
3051,力特,47,0,47,元大-桃興,2024-01-09,9894
3567,逸昌,40,0,40,元大-桃興,2024-01-09,9894
2363,矽統,83,43,40,元大-桃興,2024-01-09,9894
2603,長榮,62,29,33,元大-桃興,2024-01-09,9894
1760,寶齡富錦,32,1,31,元大-桃興,2024-01-09,9894
00929,復華台灣科技優息,100,70,30,元大-桃興,2024-01-09,9894
00680L,元大美債20正2,56,29,27,元大-桃興,2024-01-09,9894
3231,緯創,112,88,24,元大-桃興,2024-01-09,9894
00720B,元大投資級公司債,24,1,23,元大-桃興,2024-01-09,9894
9919,康那香,26,4,22,元大-桃興,2024-01-09,9894
6770,力積電,28,6,22,元大-桃興,2024-01-09,9894
2317,鴻海,21,0,21,元大-桃興,2024-01-09,9894
2547,日勝生,20,0,20,元大-桃興,2024-01-09,9894
2349,錸德,20,0,20,元大-桃興,2024-01-09,9894
2409,友達,28,8,20,元大-桃興,2024-01-09,9894
2528,皇普,19,0,19,元大-桃興,2024-01-09,9894
6005,群益證,17,0,17,元大-桃興,2024-01-09,9894
2313,華通,21,4,17,元大-桃興,2024-01-09,9894
1609,大亞,17,0,17,元大-桃興,2024-01-09,9894
4533,協易機,17,0,17,元大-桃興,2024-01-09,9894
2388,威盛,45,29,16,元大-桃興,2024-01-09,9894
00915,凱基優選高股息30,16,0,16,元大-桃興,2024-01-09,9894
1618,合機,15,0,15,元大-桃興,2024-01-09,9894
00933B,國泰10Y+金融債,16,2,14,元大-桃興,2024-01-09,9894
8111,立��,28,14,14,元大-桃興,2024-01-09,9894
2303,聯電,15,2,13,元大-桃興,2024-01-09,9894
2605,新興,20,8,12,元大-桃興,2024-01-09,9894
2634,漢翔,15,3,12,元大-桃興,2024-01-09,9894
00927,群益半導體收益,12,0,12,元大-桃興,2024-01-09,9894
1301,台塑,11,0,11,元大-桃興,2024-01-09,9894
00637L,元大滬深300正2,13,2,11,元大-桃興,2024-01-09,9894
2324,仁寶,34,23,11,元大-桃興,2024-01-09,9894
8996,高力,11,0,11,元大-桃興,2024-01-09,9894
8163,達方,11,0,11,元大-桃興,2024-01-09,9894
2308,台達電,12,1,11,元大-桃興,2024-01-09,9894
2301,光寶科,10,0,10,元大-桃興,2024-01-09,9894
6282,康舒,10,0,10,元大-桃興,2024-01-09,9894
00632R,元大台灣50反1,10,0,10,元大-桃興,2024-01-09,9894
6757,台灣虎航,10,0,10,元大-桃興,2024-01-09,9894
2609,陽明,218,100,118,元大-桃興,2024-01-10,9894
3481,群創,125,21,104,元大-桃興,2024-01-10,9894
00929,復華台灣科技優息,72,6,66,元大-桃興,2024-01-10,9894
00919,群益台灣精選高息,59,4,55,元大-桃興,2024-01-10,9894
00937B,群益ESG投等債20,52,1,51,元大-桃興,2024-01-10,9894
9105,泰金寶-DR,42,0,42,元大-桃興,2024-01-10,9894
2516,新建,40,0,40,元大-桃興,2024-01-10,9894
3024,憶聲,41,1,40,元大-桃興,2024-01-10,9894
5864,致和證,42,2,40,元大-桃興,2024-01-10,9894
2607,榮運,44,4,40,元大-桃興,2024-01-10,9894
1802,台玻,32,0,32,元大-桃興,2024-01-10,9894
2317,鴻海,33,1,32,元大-桃興,2024-01-10,9894
2409,友達,42,12,30,元大-桃興,2024-01-10,9894
2610,華航,44,15,29,元大-桃興,2024-01-10,9894
00878,國泰永續高股息,32,4,28,元大-桃興,2024-01-10,9894
00673R,期元大S＆P原油反1,30,4,26,元大-桃興,2024-01-10,9894
00881,國泰台灣5G+,24,0,24,元大-桃興,2024-01-10,9894
1609,大亞,24,1,23,元大-桃興,2024-01-10,9894
3013,晟銘電,34,12,22,元大-桃興,2024-01-10,9894
2352,佳世達,25,6,19,元大-桃興,2024-01-10,9894
6248,沛波,20,2,18,元大-桃興,2024-01-10,9894
1216,統一,16,0,16,元大-桃興,2024-01-10,9894
2363,矽統,35,20,15,元大-桃興,2024-01-10,9894
00752,中信中國50,15,0,15,元大-桃興,2024-01-10,9894
5512,力麒,20,5,15,元大-桃興,2024-01-10,9894
2329,華泰,34,20,14,元大-桃興,2024-01-10,9894
2353,宏��,77,64,13,元大-桃興,2024-01-10,9894
6684,安格,20,7,13,元大-桃興,2024-01-10,9894
2605,新興,15,3,12,元大-桃興,2024-01-10,9894
3025,星通,16,4,12,元大-桃興,2024-01-10,9894
2401,凌陽,12,0,12,元大-桃興,2024-01-10,9894
2362,藍天,26,14,12,元大-桃興,2024-01-10,9894
3515,華擎,15,3,12,元大-桃興,2024-01-10,9894
00706L,期元大S＆P日圓正2,12,0,12,元大-桃興,2024-01-10,9894
3264,欣銓,12,0,12,元大-桃興,2024-01-10,9894
8996,高力,12,1,11,元大-桃興,2024-01-10,9894
2369,菱生,10,0,10,元大-桃興,2024-01-10,9894
5234,達興材料,10,0,10,元大-桃興,2024-01-10,9894
6695,芯鼎,22,12,10,元大-桃興,2024-01-10,9894
3230,錦明,10,0,10,元大-桃興,2024-01-10,9894
3202,樺晟,10,0,10,元大-桃興,2024-01-10,9894
2031,新光鋼,10,0,10,元大-桃興,2024-01-10,9894
00882,中信中國高股息,10,0,10,元大-桃興,2024-01-10,9894
2442,新美齊,10,0,10,元大-桃興,2024-01-10,9894
00927,群益半導體收益,11,1,10,元大-桃興,2024-01-10,9894
2812,台中銀,10,0,10,元大-桃興,2024-01-10,9894
2457,飛宏,9,1,8,元大-桃興,2024-01-10,9894
00770,國泰北美科技,9,1,8,元大-桃興,2024-01-10,9894
00936,台新永續高息中小,8,0,8,元大-桃興,2024-01-10,9894
9945,潤泰新,8,0,8,元大-桃興,2024-01-10,9894
00919,群益台灣精選高息,124,1,123,元大-桃興,2024-01-11,9894
6770,力積電,83,5,78,元大-桃興,2024-01-11,9894
00929,復華台灣科技優息,91,28,63,元大-桃興,2024-01-11,9894
6026,福邦證,52,0,52,元大-桃興,2024-01-11,9894
2884,玉山金,53,2,51,元大-桃興,2024-01-11,9894
00715L,期街口布蘭特正2,50,0,50,元大-桃興,2024-01-11,9894
1301,台塑,46,5,41,元大-桃興,2024-01-11,9894
6116,彩晶,40,2,38,元大-桃興,2024-01-11,9894
2421,建準,50,12,38,元大-桃興,2024-01-11,9894
2610,華航,96,62,34,元大-桃興,2024-01-11,9894
2303,聯電,36,3,33,元大-桃興,2024-01-11,9894
2329,華泰,45,18,27,元大-桃興,2024-01-11,9894
2449,京元電子,47,20,27,元大-桃興,2024-01-11,9894
6695,芯鼎,76,51,25,元大-桃興,2024-01-11,9894
2365,昆盈,30,6,24,元大-桃興,2024-01-11,9894
0056,元大高股息,24,3,21,元大-桃興,2024-01-11,9894
2609,陽明,63,42,21,元大-桃興,2024-01-11,9894
00904,新光臺灣半導體30,20,0,20,元大-桃興,2024-01-11,9894
00676R,富邦臺灣加權反1,20,0,20,元大-桃興,2024-01-11,9894
5521,工信,19,0,19,元大-桃興,2024-01-11,9894
00927,群益半導體收益,17,0,17,元大-桃興,2024-01-11,9894
6163,華電網,18,2,16,元大-桃興,2024-01-11,9894
2605,新興,15,0,15,元大-桃興,2024-01-11,9894
8069,元太,15,0,15,元大-桃興,2024-01-11,9894
00720B,元大投資級公司債,16,2,14,元大-桃興,2024-01-11,9894
6108,競國,14,0,14,元大-桃興,2024-01-11,9894
2390,云辰,14,0,14,元大-桃興,2024-01-11,9894
6239,力成,20,7,13,元大-桃興,2024-01-11,9894
2327,國巨,13,0,13,元大-桃興,2024-01-11,9894
3037,欣興,13,1,12,元大-桃興,2024-01-11,9894
2603,長榮,18,6,12,元大-桃興,2024-01-11,9894
3483,力致,12,0,12,元大-桃興,2024-01-11,9894
1605,華新,13,1,12,元大-桃興,2024-01-11,9894
2344,華邦電,12,1,11,元大-桃興,2024-01-11,9894
4743,合一,11,0,11,元大-桃興,2024-01-11,9894
2358,廷鑫,11,0,11,元大-桃興,2024-01-11,9894
1733,五鼎,12,1,11,元大-桃興,2024-01-11,9894
2204,中華,11,1,10,元大-桃興,2024-01-11,9894
4536,拓凱,10,0,10,元大-桃興,2024-01-11,9894
1413,宏洲,10,0,10,元大-桃興,2024-01-11,9894
3645,達邁,11,1,10,元大-桃興,2024-01-11,9894
6179,亞通,21,11,10,元大-桃興,2024-01-11,9894
00679B,元大美債20年,9,0,9,元大-桃興,2024-01-11,9894
9919,康那香,9,0,9,元大-桃興,2024-01-11,9894
00687B,國泰20年美債,9,0,9,元大-桃興,2024-01-11,9894
00878,國泰永續高股息,16,7,9,元大-桃興,2024-01-11,9894
2498,宏達電,50,42,8,元大-桃興,2024-01-11,9894
00751B,元大AAA至A公司債,8,0,8,元大-桃興,2024-01-11,9894
2324,仁寶,18,10,8,元大-桃興,2024-01-11,9894
2520,冠德,8,0,8,元大-桃興,2024-01-11,9894
00929,復華台灣科技優息,115,12,103,元大-桃興,2024-01-12,9894
2618,長榮航,88,33,55,元大-桃興,2024-01-12,9894
6117,迎廣,57,2,55,元大-桃興,2024-01-12,9894
0056,元大高股息,74,21,53,元大-桃興,2024-01-12,9894
2353,宏��,137,87,50,元大-桃興,2024-01-12,9894
9105,泰金寶-DR,51,5,46,元大-桃興,2024-01-12,9894
00688L,國泰20年美債正2,52,10,42,元大-桃興,2024-01-12,9894
00712,復華富時不動產,41,2,39,元大-桃興,2024-01-12,9894
2303,聯電,43,5,38,元大-桃興,2024-01-12,9894
00885,富邦越南,36,0,36,元大-桃興,2024-01-12,9894
3481,群創,37,3,34,元大-桃興,2024-01-12,9894
6125,廣運,40,10,30,元大-桃興,2024-01-12,9894
6770,力積電,38,9,29,元大-桃興,2024-01-12,9894
2356,英業達,48,20,28,元大-桃興,2024-01-12,9894
00680L,元大美債20正2,31,4,27,元大-桃興,2024-01-12,9894
2393,億光,25,0,25,元大-桃興,2024-01-12,9894
00770,國泰北美科技,25,0,25,元大-桃興,2024-01-12,9894
1301,台塑,27,4,23,元大-桃興,2024-01-12,9894
2449,京元電子,33,11,22,元大-桃興,2024-01-12,9894
00927,群益半導體收益,22,0,22,元大-桃興,2024-01-12,9894
2204,中華,21,0,21,元大-桃興,2024-01-12,9894
00673R,期元大S＆P原油反1,60,40,20,元大-桃興,2024-01-12,9894
2363,矽統,22,3,19,元大-桃興,2024-01-12,9894
5426,振發,49,30,19,元大-桃興,2024-01-12,9894
6865,偉康科技,19,0,19,元大-桃興,2024-01-12,9894
2002,中鋼,21,3,18,元大-桃興,2024-01-12,9894
5356,協益,16,0,16,元大-桃興,2024-01-12,9894
3483,力致,17,1,16,元大-桃興,2024-01-12,9894
6547,高端疫苗,17,2,15,元大-桃興,2024-01-12,9894
00676R,富邦臺灣加權反1,20,5,15,元大-桃興,2024-01-12,9894
5347,世界,14,0,14,元大-桃興,2024-01-12,9894
2313,華通,17,4,13,元大-桃興,2024-01-12,9894
2331,精英,23,10,13,元大-桃興,2024-01-12,9894
2355,敬鵬,14,2,12,元大-桃興,2024-01-12,9894
3037,欣興,14,2,12,元大-桃興,2024-01-12,9894
2607,榮運,12,0,12,元大-桃興,2024-01-12,9894
3024,憶聲,12,0,12,元大-桃興,2024-01-12,9894
00878,國泰永續高股息,17,6,11,元大-桃興,2024-01-12,9894
2358,廷鑫,11,0,11,元大-桃興,2024-01-12,9894
2882,國泰金,11,0,11,元大-桃興,2024-01-12,9894
00687B,國泰20年美債,10,0,10,元大-桃興,2024-01-12,9894
8054,安國,14,4,10,元大-桃興,2024-01-12,9894
8069,元太,10,0,10,元大-桃興,2024-01-12,9894
2390,云辰,10,0,10,元大-桃興,2024-01-12,9894
2883B,凱基金乙特,10,0,10,元大-桃興,2024-01-12,9894
2867,三商壽,10,0,10,元大-桃興,2024-01-12,9894
2408,南亞科,15,5,10,元大-桃興,2024-01-12,9894
4402,郡都開發,10,0,10,元大-桃興,2024-01-12,9894
8096,擎亞,99,89,10,元大-桃興,2024-01-12,9894
6111,大宇資,11,1,10,元大-桃興,2024-01-12,9894
00929,復華台灣科技優息,280,4,276,元大-桃興,2024-01-15,9894
2618,長榮航,167,16,151,元大-桃興,2024-01-15,9894
2888,新光金,103,1,102,元大-桃興,2024-01-15,9894
00919,群益台灣精選高息,107,20,87,元大-桃興,2024-01-15,9894
3231,緯創,160,102,58,元大-桃興,2024-01-15,9894
2356,英業達,102,52,50,元大-桃興,2024-01-15,9894
00927,群益半導體收益,47,0,47,元大-桃興,2024-01-15,9894
2353,宏��,116,73,43,元大-桃興,2024-01-15,9894
00706L,期元大S＆P日圓正2,43,0,43,元大-桃興,2024-01-15,9894
0056,元大高股息,67,26,41,元大-桃興,2024-01-15,9894
2834,臺企銀,37,0,37,元大-桃興,2024-01-15,9894
9905,大華,32,0,32,元大-桃興,2024-01-15,9894
6116,彩晶,33,2,31,元大-桃興,2024-01-15,9894
00676R,富邦臺灣加權反1,30,0,30,元大-桃興,2024-01-15,9894
00680L,元大美債20正2,40,13,27,元大-桃興,2024-01-15,9894
3483,力致,30,3,27,元大-桃興,2024-01-15,9894
00881,國泰台灣5G+,32,6,26,元大-桃興,2024-01-15,9894
00688L,國泰20年美債正2,24,0,24,元大-桃興,2024-01-15,9894
2486,一詮,63,39,24,元大-桃興,2024-01-15,9894
00902,中信電池及儲能,40,17,23,元大-桃興,2024-01-15,9894
3017,奇鋐,35,13,22,元大-桃興,2024-01-15,9894
5388,中磊,21,1,20,元大-桃興,2024-01-15,9894
2855,統一證,20,0,20,元大-桃興,2024-01-15,9894
1413,宏洲,20,0,20,元大-桃興,2024-01-15,9894
8069,元太,20,0,20,元大-桃興,2024-01-15,9894
00937B,群益ESG投等債20,18,3,15,元大-桃興,2024-01-15,9894
3363,上詮,15,1,14,元大-桃興,2024-01-15,9894
2317,鴻海,14,1,13,元大-桃興,2024-01-15,9894
2887,台新金,13,0,13,元大-桃興,2024-01-15,9894
3025,星通,22,9,13,元大-桃興,2024-01-15,9894
2610,華航,67,54,13,元大-桃興,2024-01-15,9894
6125,廣運,19,6,13,元大-桃興,2024-01-15,9894
4938,和碩,13,0,13,元大-桃興,2024-01-15,9894
2890,永豐金,12,0,12,元大-桃興,2024-01-15,9894
2634,漢翔,21,9,12,元大-桃興,2024-01-15,9894
4909,新復興,18,6,12,元大-桃興,2024-01-15,9894
3481,群創,46,34,12,元大-桃興,2024-01-15,9894
2630,亞航,33,22,11,元大-桃興,2024-01-15,9894
2312,金寶,10,0,10,元大-桃興,2024-01-15,9894
00679B,元大美債20年,10,0,10,元大-桃興,2024-01-15,9894
8176,智捷,10,0,10,元大-桃興,2024-01-15,9894
1605,華新,10,0,10,元大-桃興,2024-01-15,9894
5452,佶優,10,0,10,元大-桃興,2024-01-15,9894
8150,南茂,10,0,10,元大-桃興,2024-01-15,9894
1802,台玻,10,0,10,元大-桃興,2024-01-15,9894
8933,愛地雅,10,0,10,元大-桃興,2024-01-15,9894
2845,遠東銀,9,0,9,元大-桃興,2024-01-15,9894
00687B,國泰20年美債,19,10,9,元大-桃興,2024-01-15,9894
3037,欣興,13,5,8,元大-桃興,2024-01-15,9894
4162,智擎,10,2,8,元大-桃興,2024-01-15,9894
00665L,富邦�琤肭磪囓�2,252,50,202,元大-桃興,2024-01-16,9894
2884,玉山金,122,0,122,元大-桃興,2024-01-16,9894
00919,群益台灣精選高息,145,34,111,元大-桃興,2024-01-16,9894
0056,元大高股息,109,3,106,元大-桃興,2024-01-16,9894
9105,泰金寶-DR,116,10,106,元大-桃興,2024-01-16,9894
00687B,國泰20年美債,115,13,102,元大-桃興,2024-01-16,9894
1609,大亞,98,7,91,元大-桃興,2024-01-16,9894
00929,復華台灣科技優息,75,4,71,元大-桃興,2024-01-16,9894
1524,耿鼎,62,2,60,元大-桃興,2024-01-16,9894
00881,國泰台灣5G+,58,0,58,元大-桃興,2024-01-16,9894
00927,群益半導體收益,54,0,54,元大-桃興,2024-01-16,9894
1605,華新,53,0,53,元大-桃興,2024-01-16,9894
00878,國泰永續高股息,61,14,47,元大-桃興,2024-01-16,9894
2618,長榮航,50,4,46,元大-桃興,2024-01-16,9894
2486,一詮,60,18,42,元大-桃興,2024-01-16,9894
2498,宏達電,76,39,37,元大-桃興,2024-01-16,9894
5880,合庫金,36,0,36,元大-桃興,2024-01-16,9894
9945,潤泰新,44,9,35,元大-桃興,2024-01-16,9894
2609,陽明,54,20,34,元大-桃興,2024-01-16,9894
2888,新光金,34,0,34,元大-桃興,2024-01-16,9894
3231,緯創,79,46,33,元大-桃興,2024-01-16,9894
1326,台化,31,0,31,元大-桃興,2024-01-16,9894
2883,凱基金,34,6,28,元大-桃興,2024-01-16,9894
1101,台泥,25,0,25,元大-桃興,2024-01-16,9894
2356,英業達,46,22,24,元大-桃興,2024-01-16,9894
8096,擎亞,68,45,23,元大-桃興,2024-01-16,9894
2029,盛餘,22,0,22,元大-桃興,2024-01-16,9894
6140,訊達,23,2,21,元大-桃興,2024-01-16,9894
1301,台塑,31,11,20,元大-桃興,2024-01-16,9894
2344,華邦電,21,1,20,元大-桃興,2024-01-16,9894
9905,大華,20,0,20,元大-桃興,2024-01-16,9894
2002,中鋼,19,0,19,元大-桃興,2024-01-16,9894
8034,榮群,29,10,19,元大-桃興,2024-01-16,9894
2882,國泰金,18,0,18,元大-桃興,2024-01-16,9894
2887,台新金,28,10,18,元大-桃興,2024-01-16,9894
2885,元大金,18,0,18,元大-桃興,2024-01-16,9894
1802,台玻,20,3,17,元大-桃興,2024-01-16,9894
00770,國泰北美科技,24,7,17,元大-桃興,2024-01-16,9894
2845,遠東銀,16,0,16,元大-桃興,2024-01-16,9894
00918,大華優利高填息30,27,11,16,元大-桃興,2024-01-16,9894
2317,鴻海,24,9,15,元大-桃興,2024-01-16,9894
3630,新鉅科,15,0,15,元大-桃興,2024-01-16,9894
6770,力積電,20,5,15,元大-桃興,2024-01-16,9894
00715L,期街口布蘭特正2,14,0,14,元大-桃興,2024-01-16,9894
2515,中工,14,0,14,元大-桃興,2024-01-16,9894
3712,永崴投控,15,2,13,元大-桃興,2024-01-16,9894
2241,艾姆勒,16,3,13,元大-桃興,2024-01-16,9894
2610,華航,33,20,13,元大-桃興,2024-01-16,9894
2890,永豐金,12,0,12,元大-桃興,2024-01-16,9894
6443,元晶,11,0,11,元大-桃興,2024-01-16,9894
00929,復華台灣科技優息,470,5,465,元大-桃興,2024-01-17,9894
00680L,元大美債20正2,232,30,202,元大-桃興,2024-01-17,9894
0056,元大高股息,198,2,196,元大-桃興,2024-01-17,9894
00919,群益台灣精選高息,187,2,185,元大-桃興,2024-01-17,9894
2888,新光金,178,7,171,元大-桃興,2024-01-17,9894
00882,中信中國高股息,152,0,152,元大-桃興,2024-01-17,9894
2303,聯電,160,12,148,元大-桃興,2024-01-17,9894
1524,耿鼎,123,1,122,元大-桃興,2024-01-17,9894
6770,力積電,134,12,122,元大-桃興,2024-01-17,9894
2881,富邦金,121,2,119,元大-桃興,2024-01-17,9894
2344,華邦電,120,6,114,元大-桃興,2024-01-17,9894
8050,廣積,67,2,65,元大-桃興,2024-01-17,9894
2356,英業達,102,41,61,元大-桃興,2024-01-17,9894
00878,國泰永續高股息,76,25,51,元大-桃興,2024-01-17,9894
00885,富邦越南,51,1,50,元大-桃興,2024-01-17,9894
00687B,國泰20年美債,122,75,47,元大-桃興,2024-01-17,9894
2887,台新金,46,0,46,元大-桃興,2024-01-17,9894
1314,中石化,46,3,43,元大-桃興,2024-01-17,9894
2610,華航,44,1,43,元大-桃興,2024-01-17,9894
2618,長榮航,72,37,35,元大-桃興,2024-01-17,9894
0050,元大台灣50,35,0,35,元大-桃興,2024-01-17,9894
00712,復華富時不動產,35,0,35,元大-桃興,2024-01-17,9894
9945,潤泰新,32,0,32,元大-桃興,2024-01-17,9894
6116,彩晶,47,15,32,元大-桃興,2024-01-17,9894
1528,恩德,109,77,32,元大-桃興,2024-01-17,9894
2884,玉山金,32,0,32,元大-桃興,2024-01-17,9894
2883,凱基金,31,0,31,元大-桃興,2024-01-17,9894
2890,永豐金,33,3,30,元大-桃興,2024-01-17,9894
2547,日勝生,30,0,30,元大-桃興,2024-01-17,9894
2317,鴻海,31,4,27,元大-桃興,2024-01-17,9894
00918,大華優利高填息30,31,4,27,元大-桃興,2024-01-17,9894
2323,中環,26,1,25,元大-桃興,2024-01-17,9894
3167,大量,26,2,24,元大-桃興,2024-01-17,9894
6173,信昌電,24,0,24,元大-桃興,2024-01-17,9894
00927,群益半導體收益,35,12,23,元大-桃興,2024-01-17,9894
5521,工信,23,0,23,元大-桃興,2024-01-17,9894
5880,合庫金,23,0,23,元大-桃興,2024-01-17,9894
00937B,群益ESG投等債20,24,2,22,元大-桃興,2024-01-17,9894
2609,陽明,55,35,20,元大-桃興,2024-01-17,9894
2516,新建,20,0,20,元大-桃興,2024-01-17,9894
5512,力麒,20,0,20,元大-桃興,2024-01-17,9894
1616,億泰,20,0,20,元大-桃興,2024-01-17,9894
9105,泰金寶-DR,20,0,20,元大-桃興,2024-01-17,9894
2892,第一金,19,0,19,元大-桃興,2024-01-17,9894
1603,華電,33,14,19,元大-桃興,2024-01-17,9894
2358,廷鑫,19,0,19,元大-桃興,2024-01-17,9894
2882,國泰金,20,2,18,元大-桃興,2024-01-17,9894
3024,憶聲,18,0,18,元大-桃興,2024-01-17,9894
1513,中興電,21,3,18,元大-桃興,2024-01-17,9894
6757,台灣虎航,17,0,17,元大-桃興,2024-01-17,9894
00929,復華台灣科技優息,1324,5,1319,元大-桃興,2024-01-18,9894
00673R,期元大S＆P原油反1,200,13,187,元大-桃興,2024-01-18,9894
00715L,期街口布蘭特正2,115,8,107,元大-桃興,2024-01-18,9894
2303,聯電,78,7,71,元大-桃興,2024-01-18,9894
00882,中信中國高股息,69,0,69,元大-桃興,2024-01-18,9894
3024,憶聲,50,0,50,元大-桃興,2024-01-18,9894
00712,復華富時不動產,43,0,43,元大-桃興,2024-01-18,9894
4960,誠美材,43,2,41,元大-桃興,2024-01-18,9894
00637L,元大滬深300正2,63,22,41,元大-桃興,2024-01-18,9894
00919,群益台灣精選高息,82,43,39,元大-桃興,2024-01-18,9894
00878,國泰永續高股息,60,22,38,元大-桃興,2024-01-18,9894
0056,元大高股息,42,10,32,元大-桃興,2024-01-18,9894
2486,一詮,59,28,31,元大-桃興,2024-01-18,9894
4402,郡都開發,31,0,31,元大-桃興,2024-01-18,9894
00937B,群益ESG投等債20,32,2,30,元大-桃興,2024-01-18,9894
3025,星通,51,24,27,元大-桃興,2024-01-18,9894
2884,玉山金,26,0,26,元大-桃興,2024-01-18,9894
00918,大華優利高填息30,25,0,25,元大-桃興,2024-01-18,9894
2887,台新金,24,0,24,元大-桃興,2024-01-18,9894
3231,緯創,57,34,23,元大-桃興,2024-01-18,9894
2885,元大金,21,0,21,元大-桃興,2024-01-18,9894
00888,永豐台灣ESG,21,0,21,元大-桃興,2024-01-18,9894
3483,力致,20,0,20,元大-桃興,2024-01-18,9894
1515,力山,20,0,20,元大-桃興,2024-01-18,9894
6806,森崴能源,19,0,19,元大-桃興,2024-01-18,9894
5426,振發,125,106,19,元大-桃興,2024-01-18,9894
3622,洋華,18,0,18,元大-桃興,2024-01-18,9894
2317,鴻海,32,14,18,元大-桃興,2024-01-18,9894
1609,大亞,27,10,17,元大-桃興,2024-01-18,9894
2390,云辰,18,2,16,元大-桃興,2024-01-18,9894
6147,頎邦,16,0,16,元大-桃興,2024-01-18,9894
2915,潤泰全,16,1,15,元大-桃興,2024-01-18,9894
2476,鉅祥,13,0,13,元大-桃興,2024-01-18,9894
2368,金像電,12,0,12,元大-桃興,2024-01-18,9894
1301,台塑,12,0,12,元大-桃興,2024-01-18,9894
3260,威剛,16,4,12,元大-桃興,2024-01-18,9894
6257,矽格,12,0,12,元大-桃興,2024-01-18,9894
2399,映泰,11,0,11,元大-桃興,2024-01-18,9894
5488,松普,16,5,11,元大-桃興,2024-01-18,9894
2308,台達電,11,0,11,元大-桃興,2024-01-18,9894
6432,今展科,10,0,10,元大-桃興,2024-01-18,9894
5234,達興材料,10,0,10,元大-桃興,2024-01-18,9894
5355,佳總,10,0,10,元大-桃興,2024-01-18,9894
00633L,富邦上証正2,10,0,10,元大-桃興,2024-01-18,9894
5530,龍巖,10,0,10,元大-桃興,2024-01-18,9894
00927,群益半導體收益,10,1,9,元大-桃興,2024-01-18,9894
2431,聯昌,10,1,9,元大-桃興,2024-01-18,9894
6233,旺玖,20,11,9,元大-桃興,2024-01-18,9894
00679B,元大美債20年,10,2,8,元大-桃興,2024-01-18,9894
9945,潤泰新,8,0,8,元大-桃興,2024-01-18,9894
00632R,元大台灣50反1,407,150,257,元大-桃興,2024-01-19,9894
00680L,元大美債20正2,220,0,220,元大-桃興,2024-01-19,9894
00673R,期元大S＆P原油反1,126,0,126,元大-桃興,2024-01-19,9894
00937B,群益ESG投等債20,93,0,93,元大-桃興,2024-01-19,9894
00882,中信中國高股息,88,0,88,元大-桃興,2024-01-19,9894
00929,復華台灣科技優息,89,10,79,元大-桃興,2024-01-19,9894
2489,瑞軒,63,0,63,元大-桃興,2024-01-19,9894
00676R,富邦臺灣加權反1,60,0,60,元大-桃興,2024-01-19,9894
2618,長榮航,137,79,58,元大-桃興,2024-01-19,9894
2344,華邦電,78,25,53,元大-桃興,2024-01-19,9894
00687B,國泰20年美債,51,0,51,元大-桃興,2024-01-19,9894
2883,凱基金,53,6,47,元大-桃興,2024-01-19,9894
4960,誠美材,42,5,37,元大-桃興,2024-01-19,9894
1101,台泥,34,0,34,元大-桃興,2024-01-19,9894
00751B,元大AAA至A公司債,92,66,26,元大-桃興,2024-01-19,9894
00931B,統一美債20年,26,0,26,元大-桃興,2024-01-19,9894
6901,鑽石投資,24,0,24,元大-桃興,2024-01-19,9894
1301,台塑,23,0,23,元大-桃興,2024-01-19,9894
5347,世界,23,1,22,元大-桃興,2024-01-19,9894
00637L,元大滬深300正2,50,28,22,元大-桃興,2024-01-19,9894
9105,泰金寶-DR,27,5,22,元大-桃興,2024-01-19,9894
2892,第一金,21,0,21,元大-桃興,2024-01-19,9894
00795B,中信美國公債20年,20,0,20,元大-桃興,2024-01-19,9894
2303,聯電,38,21,17,元大-桃興,2024-01-19,9894
6531,愛普*,21,5,16,元大-桃興,2024-01-19,9894
00712,復華富時不動產,15,0,15,元大-桃興,2024-01-19,9894
2610,華航,34,20,14,元大-桃興,2024-01-19,9894
1528,恩德,18,4,14,元大-桃興,2024-01-19,9894
0056,元大高股息,27,13,14,元大-桃興,2024-01-19,9894
6770,力積電,24,11,13,元大-桃興,2024-01-19,9894
3167,大量,13,1,12,元大-桃興,2024-01-19,9894
2002,中鋼,12,0,12,元大-桃興,2024-01-19,9894
00933B,國泰10Y+金融債,11,0,11,元大-桃興,2024-01-19,9894
5410,國眾,11,0,11,元大-桃興,2024-01-19,9894
6116,彩晶,11,0,11,元大-桃興,2024-01-19,9894
2492,華新科,11,0,11,元大-桃興,2024-01-19,9894
8040,九暘,13,2,11,元大-桃興,2024-01-19,9894
6155,鈞寶,11,0,11,元大-桃興,2024-01-19,9894
6166,凌華,10,0,10,元大-桃興,2024-01-19,9894
3305,昇貿,11,1,10,元大-桃興,2024-01-19,9894
00773B,中信優先金融債,10,0,10,元大-桃興,2024-01-19,9894
00772B,中信高評級公司債,14,4,10,元大-桃興,2024-01-19,9894
8046,南電,13,3,10,元大-桃興,2024-01-19,9894
4540,全球傳動,10,0,10,元大-桃興,2024-01-19,9894
2897,王道銀行,10,0,10,元大-桃興,2024-01-19,9894
00764B,群益25年美債,10,0,10,元大-桃興,2024-01-19,9894
00756B,群益投等新興公債,10,0,10,元大-桃興,2024-01-19,9894
6214,精誠,10,0,10,元大-桃興,2024-01-19,9894
6147,頎邦,11,1,10,元大-桃興,2024-01-19,9894
8210,勤誠,22,12,10,元大-桃興,2024-01-19,9894
00937B,群益ESG投等債20,759,0,759,元大-桃興,2024-01-22,9894
00687B,國泰20年美債,150,1,149,元大-桃興,2024-01-22,9894
00679B,元大美債20年,136,0,136,元大-桃興,2024-01-22,9894
00632R,元大台灣50反1,134,0,134,元大-桃興,2024-01-22,9894
2618,長榮航,145,22,123,元大-桃興,2024-01-22,9894
00715L,期街口布蘭特正2,127,37,90,元大-桃興,2024-01-22,9894
00882,中信中國高股息,75,0,75,元大-桃興,2024-01-22,9894
2406,國碩,54,0,54,元大-桃興,2024-01-22,9894
2892,第一金,45,0,45,元大-桃興,2024-01-22,9894
00688L,國泰20年美債正2,40,0,40,元大-桃興,2024-01-22,9894
2324,仁寶,78,39,39,元大-桃興,2024-01-22,9894
2884,玉山金,34,0,34,元大-桃興,2024-01-22,9894
2610,華航,42,13,29,元大-桃興,2024-01-22,9894
3481,群創,91,64,27,元大-桃興,2024-01-22,9894
2313,華通,29,2,27,元大-桃興,2024-01-22,9894
6770,力積電,36,10,26,元大-桃興,2024-01-22,9894
2317,鴻海,30,4,26,元大-桃興,2024-01-22,9894
1524,耿鼎,23,0,23,元大-桃興,2024-01-22,9894
2609,陽明,48,26,22,元大-桃興,2024-01-22,9894
2605,新興,20,0,20,元大-桃興,2024-01-22,9894
4402,郡都開發,19,0,19,元大-桃興,2024-01-22,9894
3483,力致,18,1,17,元大-桃興,2024-01-22,9894
2423,固緯,17,0,17,元大-桃興,2024-01-22,9894
2002,中鋼,17,1,16,元大-桃興,2024-01-22,9894
2915,潤泰全,16,0,16,元大-桃興,2024-01-22,9894
1528,恩德,17,2,15,元大-桃興,2024-01-22,9894
00680L,元大美債20正2,30,16,14,元大-桃興,2024-01-22,9894
2344,華邦電,15,3,12,元大-桃興,2024-01-22,9894
2353,宏��,121,110,11,元大-桃興,2024-01-22,9894
6147,頎邦,11,0,11,元大-桃興,2024-01-22,9894
00904,新光臺灣半導體30,11,0,11,元大-桃興,2024-01-22,9894
1504,東元,20,9,11,元大-桃興,2024-01-22,9894
3615,安可,50,40,10,元大-桃興,2024-01-22,9894
6233,旺玖,26,16,10,元大-桃興,2024-01-22,9894
2393,億光,10,0,10,元大-桃興,2024-01-22,9894
8085,福華,10,0,10,元大-桃興,2024-01-22,9894
5905,南仁湖,10,0,10,元大-桃興,2024-01-22,9894
2516,新建,10,0,10,元大-桃興,2024-01-22,9894
6218,豪勉,10,0,10,元大-桃興,2024-01-22,9894
6190,萬泰科,10,0,10,元大-桃興,2024-01-22,9894
6257,矽格,15,5,10,元大-桃興,2024-01-22,9894
2607,榮運,9,0,9,元大-桃興,2024-01-22,9894
1325,恆大,11,2,9,元大-桃興,2024-01-22,9894
1101,台泥,8,0,8,元大-桃興,2024-01-22,9894
6120,達運,9,1,8,元大-桃興,2024-01-22,9894
6799,來頡,8,0,8,元大-桃興,2024-01-22,9894
2501,國建,10,2,8,元大-桃興,2024-01-22,9894
1795,美時,7,0,7,元大-桃興,2024-01-22,9894
6226,光鼎,7,0,7,元大-桃興,2024-01-22,9894
8034,榮群,30,23,7,元大-桃興,2024-01-22,9894
00937B,群益ESG投等債20,348,25,323,元大-桃興,2024-01-23,9894
00679B,元大美債20年,308,0,308,元大-桃興,2024-01-23,9894
00632R,元大台灣50反1,165,50,115,元大-桃興,2024-01-23,9894
00929,復華台灣科技優息,93,32,61,元大-桃興,2024-01-23,9894
1504,東元,57,1,56,元大-桃興,2024-01-23,9894
3540,曜越,52,0,52,元大-桃興,2024-01-23,9894
3372,典範,50,0,50,元大-桃興,2024-01-23,9894
00637L,元大滬深300正2,57,20,37,元大-桃興,2024-01-23,9894
2393,億光,36,0,36,元大-桃興,2024-01-23,9894
00673R,期元大S＆P原油反1,32,0,32,元大-桃興,2024-01-23,9894
00676R,富邦臺灣加權反1,30,0,30,元大-桃興,2024-01-23,9894
00885,富邦越南,24,0,24,元大-桃興,2024-01-23,9894
6770,力積電,36,12,24,元大-桃興,2024-01-23,9894
2610,華航,27,4,23,元大-桃興,2024-01-23,9894
2609,陽明,47,25,22,元大-桃興,2024-01-23,9894
1616,億泰,22,0,22,元大-桃興,2024-01-23,9894
4402,郡都開發,21,0,21,元大-桃興,2024-01-23,9894
8201,無敵,20,0,20,元大-桃興,2024-01-23,9894
1503,士電,33,15,18,元大-桃興,2024-01-23,9894
3189,景碩,22,5,17,元大-桃興,2024-01-23,9894
3363,上詮,16,0,16,元大-桃興,2024-01-23,9894
1795,美時,23,9,14,元大-桃興,2024-01-23,9894
2421,建準,51,37,14,元大-桃興,2024-01-23,9894
2605,新興,13,0,13,元大-桃興,2024-01-23,9894
6668,中揚光,25,12,13,元大-桃興,2024-01-23,9894
2449,京元電子,14,1,13,元大-桃興,2024-01-23,9894
2329,華泰,49,37,12,元大-桃興,2024-01-23,9894
1618,合機,12,0,12,元大-桃興,2024-01-23,9894
3231,緯創,169,158,11,元大-桃興,2024-01-23,9894
6188,廣明,13,2,11,元大-桃興,2024-01-23,9894
2356,英業達,208,198,10,元大-桃興,2024-01-23,9894
3217,優群,11,1,10,元大-桃興,2024-01-23,9894
9938,百和,10,0,10,元大-桃興,2024-01-23,9894
1413,宏洲,10,0,10,元大-桃興,2024-01-23,9894
00712,復華富時不動產,10,0,10,元大-桃興,2024-01-23,9894
6239,力成,24,14,10,元大-桃興,2024-01-23,9894
6538,倉和,10,0,10,元大-桃興,2024-01-23,9894
9945,潤泰新,10,0,10,元大-桃興,2024-01-23,9894
3059,華晶科,20,10,10,元大-桃興,2024-01-23,9894
3623,富晶通,47,37,10,元大-桃興,2024-01-23,9894
2465,麗臺,12,2,10,元大-桃興,2024-01-23,9894
2834,臺企銀,10,1,9,元大-桃興,2024-01-23,9894
6290,良維,15,6,9,元大-桃興,2024-01-23,9894
3024,憶聲,10,1,9,元大-桃興,2024-01-23,9894
4123,晟德,21,13,8,元大-桃興,2024-01-23,9894
3035,智原,9,1,8,元大-桃興,2024-01-23,9894
3029,零壹,11,3,8,元大-桃興,2024-01-23,9894
1108,幸福,8,0,8,元大-桃興,2024-01-23,9894
2887,台新金,10,2,8,元大-桃興,2024-01-23,9894
1603,華電,7,0,7,元大-桃興,2024-01-23,9894
00937B,群益ESG投等債20,426,25,401,元大-桃興,2024-01-24,9894
00687B,國泰20年美債,326,0,326,元大-桃興,2024-01-24,9894
00632R,元大台灣50反1,320,0,320,元大-桃興,2024-01-24,9894
00679B,元大美債20年,206,1,205,元大-桃興,2024-01-24,9894
00720B,元大投資級公司債,74,0,74,元大-桃興,2024-01-24,9894
2610,華航,59,4,55,元大-桃興,2024-01-24,9894
2884,玉山金,51,0,51,元大-桃興,2024-01-24,9894
3545,敦泰,44,1,43,元大-桃興,2024-01-24,9894
00882,中信中國高股息,40,0,40,元大-桃興,2024-01-24,9894
00715L,期街口布蘭特正2,37,0,37,元大-桃興,2024-01-24,9894
00676R,富邦臺灣加權反1,35,0,35,元大-桃興,2024-01-24,9894
3231,緯創,102,68,34,元大-桃興,2024-01-24,9894
00655L,國泰中國A50正2,30,0,30,元大-桃興,2024-01-24,9894
4919,新唐,32,3,29,元大-桃興,2024-01-24,9894
1514,亞力,40,12,28,元大-桃興,2024-01-24,9894
4123,晟德,32,4,28,元大-桃興,2024-01-24,9894
8050,廣積,26,1,25,元大-桃興,2024-01-24,9894
1446,宏和,35,11,24,元大-桃興,2024-01-24,9894
6167,久正,32,8,24,元大-桃興,2024-01-24,9894
00751B,元大AAA至A公司債,21,0,21,元大-桃興,2024-01-24,9894
00637L,元大滬深300正2,46,25,21,元大-桃興,2024-01-24,9894
2882,國泰金,21,0,21,元大-桃興,2024-01-24,9894
3019,亞光,20,0,20,元大-桃興,2024-01-24,9894
2409,友達,32,13,19,元大-桃興,2024-01-24,9894
3189,景碩,20,2,18,元大-桃興,2024-01-24,9894
5465,富驊,17,0,17,元大-桃興,2024-01-24,9894
3706,神達,23,6,17,元大-桃興,2024-01-24,9894
3260,威剛,33,17,16,元大-桃興,2024-01-24,9894
6185,幃翔,16,0,16,元大-桃興,2024-01-24,9894
00927,群益半導體收益,15,0,15,元大-桃興,2024-01-24,9894
2324,仁寶,25,10,15,元大-桃興,2024-01-24,9894
2637,慧洋-KY,14,0,14,元大-桃興,2024-01-24,9894
3047,訊舟,17,4,13,元大-桃興,2024-01-24,9894
3306,鼎天,13,0,13,元大-桃興,2024-01-24,9894
2069,運錩,12,0,12,元大-桃興,2024-01-24,9894
2314,台揚,12,0,12,元大-桃興,2024-01-24,9894
3615,安可,25,14,11,元大-桃興,2024-01-24,9894
00680L,元大美債20正2,22,11,11,元大-桃興,2024-01-24,9894
3481,群創,144,133,11,元大-桃興,2024-01-24,9894
6278,台表科,10,0,10,元大-桃興,2024-01-24,9894
2408,南亞科,21,11,10,元大-桃興,2024-01-24,9894
3596,智易,10,0,10,元大-桃興,2024-01-24,9894
2867,三商壽,10,0,10,元大-桃興,2024-01-24,9894
2329,華泰,28,18,10,元大-桃興,2024-01-24,9894
6152,百一,10,0,10,元大-桃興,2024-01-24,9894
2393,億光,10,0,10,元大-桃興,2024-01-24,9894
6261,久元,10,0,10,元大-桃興,2024-01-24,9894
2383,台光電,9,0,9,元大-桃興,2024-01-24,9894
3017,奇鋐,22,13,9,元大-桃興,2024-01-24,9894
3680,家登,12,3,9,元大-桃興,2024-01-24,9894
00632R,元大台灣50反1,715,5,710,元大-桃興,2024-01-25,9894
00637L,元大滬深300正2,565,74,491,元大-桃興,2024-01-25,9894
00937B,群益ESG投等債20,535,44,491,元大-桃興,2024-01-25,9894
00679B,元大美債20年,248,0,248,元大-桃興,2024-01-25,9894
00687B,國泰20年美債,200,0,200,元大-桃興,2024-01-25,9894
9904,寶成,110,0,110,元大-桃興,2024-01-25,9894
00673R,期元大S＆P原油反1,90,0,90,元大-桃興,2024-01-25,9894
2618,長榮航,135,57,78,元大-桃興,2024-01-25,9894
9945,潤泰新,45,0,45,元大-桃興,2024-01-25,9894
2356,英業達,115,71,44,元大-桃興,2024-01-25,9894
2421,建準,68,25,43,元大-桃興,2024-01-25,9894
00929,復華台灣科技優息,73,30,43,元大-桃興,2024-01-25,9894
5474,聰泰,42,0,42,元大-桃興,2024-01-25,9894
00902,中信電池及儲能,39,2,37,元大-桃興,2024-01-25,9894
2884,玉山金,33,1,32,元大-桃興,2024-01-25,9894
00715L,期街口布蘭特正2,104,72,32,元大-桃興,2024-01-25,9894
8096,擎亞,125,95,30,元大-桃興,2024-01-25,9894
6127,九豪,28,0,28,元大-桃興,2024-01-25,9894
00712,復華富時不動產,26,0,26,元大-桃興,2024-01-25,9894
6116,彩晶,28,2,26,元大-桃興,2024-01-25,9894
1609,大亞,31,5,26,元大-桃興,2024-01-25,9894
2641,正德,24,0,24,元大-桃興,2024-01-25,9894
00688L,國泰20年美債正2,22,0,22,元大-桃興,2024-01-25,9894
8112,至上,23,2,21,元大-桃興,2024-01-25,9894
00680L,元大美債20正2,21,0,21,元大-桃興,2024-01-25,9894
2484,希華,20,0,20,元大-桃興,2024-01-25,9894
00676R,富邦臺灣加權反1,20,0,20,元大-桃興,2024-01-25,9894
2516,新建,20,0,20,元大-桃興,2024-01-25,9894
2376,技嘉,27,7,20,元大-桃興,2024-01-25,9894
2486,一詮,33,14,19,元大-桃興,2024-01-25,9894
00633L,富邦上証正2,53,35,18,元大-桃興,2024-01-25,9894
2543,皇昌,17,0,17,元大-桃興,2024-01-25,9894
2401,凌陽,15,0,15,元大-桃興,2024-01-25,9894
00772B,中信高評級公司債,15,2,13,元大-桃興,2024-01-25,9894
5244,弘凱,16,3,13,元大-桃興,2024-01-25,9894
8084,巨虹,14,2,12,元大-桃興,2024-01-25,9894
3490,單井,12,1,11,元大-桃興,2024-01-25,9894
2417,圓剛,11,0,11,元大-桃興,2024-01-25,9894
3138,耀登,11,0,11,元大-桃興,2024-01-25,9894
6239,力成,43,32,11,元大-桃興,2024-01-25,9894
8111,立��,11,0,11,元大-桃興,2024-01-25,9894
4167,松瑞藥,11,0,11,元大-桃興,2024-01-25,9894
2344,華邦電,15,5,10,元大-桃興,2024-01-25,9894
00773B,中信優先金融債,10,0,10,元大-桃興,2024-01-25,9894
9103,美德醫療-DR,10,0,10,元大-桃興,2024-01-25,9894
5351,鈺創,10,0,10,元大-桃興,2024-01-25,9894
5478,智冠,18,8,10,元大-桃興,2024-01-25,9894
3006,晶豪科,24,14,10,元大-桃興,2024-01-25,9894
00900,富邦特選高股息30,11,1,10,元大-桃興,2024-01-25,9894
9935,慶豐富,10,0,10,元大-桃興,2024-01-25,9894
2303,聯電,209,70,139,元大-桃興,2024-01-26,9894
00937B,群益ESG投等債20,118,13,105,元大-桃興,2024-01-26,9894
1524,耿鼎,92,1,91,元大-桃興,2024-01-26,9894
9945,潤泰新,96,10,86,元大-桃興,2024-01-26,9894
00929,復華台灣科技優息,102,30,72,元大-桃興,2024-01-26,9894
00919,群益台灣精選高息,74,4,70,元大-桃興,2024-01-26,9894
00687B,國泰20年美債,64,0,64,元大-桃興,2024-01-26,9894
2329,華泰,76,12,64,元大-桃興,2024-01-26,9894
2324,仁寶,79,24,55,元大-桃興,2024-01-26,9894
4956,光鋐,43,2,41,元大-桃興,2024-01-26,9894
2363,矽統,66,26,40,元大-桃興,2024-01-26,9894
00700,富邦�琤肭磪�,30,0,30,元大-桃興,2024-01-26,9894
3694,海華,57,27,30,元大-桃興,2024-01-26,9894
8112,至上,32,2,30,元大-桃興,2024-01-26,9894
0056,元大高股息,53,23,30,元大-桃興,2024-01-26,9894
8096,擎亞,38,9,29,元大-桃興,2024-01-26,9894
2618,長榮航,45,16,29,元大-桃興,2024-01-26,9894
00680L,元大美債20正2,30,2,28,元大-桃興,2024-01-26,9894
3360,尚立,137,110,27,元大-桃興,2024-01-26,9894
6265,方土昶,64,38,26,元大-桃興,2024-01-26,9894
2417,圓剛,26,1,25,元大-桃興,2024-01-26,9894
2641,正德,23,0,23,元大-桃興,2024-01-26,9894
00679B,元大美債20年,21,1,20,元大-桃興,2024-01-26,9894
3047,訊舟,21,2,19,元大-桃興,2024-01-26,9894
3324,雙鴻,18,0,18,元大-桃興,2024-01-26,9894
3376,新日興,19,3,16,元大-桃興,2024-01-26,9894
8034,榮群,32,17,15,元大-桃興,2024-01-26,9894
6257,矽格,17,2,15,元大-桃興,2024-01-26,9894
00882,中信中國高股息,14,0,14,元大-桃興,2024-01-26,9894
00753L,中信中國50正2,15,1,14,元大-桃興,2024-01-26,9894
2739,寒舍,15,1,14,元大-桃興,2024-01-26,9894
2421,建準,80,67,13,元大-桃興,2024-01-26,9894
5272,笙科,12,0,12,元大-桃興,2024-01-26,9894
00665L,富邦�琤肭磪囓�2,21,10,11,元大-桃興,2024-01-26,9894
2405,輔信,11,0,11,元大-桃興,2024-01-26,9894
3548,兆利,11,1,10,元大-桃興,2024-01-26,9894
5347,世界,11,1,10,元大-桃興,2024-01-26,9894
3037,欣興,13,3,10,元大-桃興,2024-01-26,9894
5355,佳總,10,0,10,元大-桃興,2024-01-26,9894
00877,復華中國5G,10,0,10,元大-桃興,2024-01-26,9894
6139,亞翔,10,0,10,元大-桃興,2024-01-26,9894
2605,新興,11,1,10,元大-桃興,2024-01-26,9894
4167,松瑞藥,10,0,10,元大-桃興,2024-01-26,9894
00936,台新永續高息中小,10,0,10,元大-桃興,2024-01-26,9894
3380,明泰,11,2,9,元大-桃興,2024-01-26,9894
4123,晟德,10,1,9,元大-桃興,2024-01-26,9894
2443,昶虹,9,0,9,元大-桃興,2024-01-26,9894
2365,昆盈,21,12,9,元大-桃興,2024-01-26,9894
2362,藍天,22,13,9,元大-桃興,2024-01-26,9894
2603,長榮,9,1,8,元大-桃興,2024-01-26,9894
00937B,群益ESG投等債20,264,22,242,元大-桃興,2024-01-29,9894
00679B,元大美債20年,134,0,134,元大-桃興,2024-01-29,9894
00687B,國泰20年美債,119,0,119,元大-桃興,2024-01-29,9894
2303,聯電,128,27,101,元大-桃興,2024-01-29,9894
00676R,富邦臺灣加權反1,75,0,75,元大-桃興,2024-01-29,9894
00673R,期元大S＆P原油反1,58,0,58,元大-桃興,2024-01-29,9894
9945,潤泰新,72,22,50,元大-桃興,2024-01-29,9894
00632R,元大台灣50反1,41,9,32,元大-桃興,2024-01-29,9894
9105,泰金寶-DR,38,10,28,元大-桃興,2024-01-29,9894
6116,彩晶,28,1,27,元大-桃興,2024-01-29,9894
2884,玉山金,26,0,26,元大-桃興,2024-01-29,9894
3481,群創,138,113,25,元大-桃興,2024-01-29,9894
2515,中工,32,8,24,元大-桃興,2024-01-29,9894
00636,國泰中國A50,20,0,20,元大-桃興,2024-01-29,9894
3323,加百裕,20,0,20,元大-桃興,2024-01-29,9894
2344,華邦電,22,3,19,元大-桃興,2024-01-29,9894
2409,友達,33,15,18,元大-桃興,2024-01-29,9894
00712,復華富時不動產,18,0,18,元大-桃興,2024-01-29,9894
00637L,元大滬深300正2,19,3,16,元大-桃興,2024-01-29,9894
00631L,元大台灣50正2,17,1,16,元大-桃興,2024-01-29,9894
6196,帆宣,13,0,13,元大-桃興,2024-01-29,9894
3712,永崴投控,22,9,13,元大-桃興,2024-01-29,9894
9136,巨騰-DR,13,0,13,元大-桃興,2024-01-29,9894
00772B,中信高評級公司債,12,0,12,元大-桃興,2024-01-29,9894
4939,亞電,12,0,12,元大-桃興,2024-01-29,9894
1582,信錦,12,1,11,元大-桃興,2024-01-29,9894
3623,富晶通,15,4,11,元大-桃興,2024-01-29,9894
2520,冠德,11,0,11,元大-桃興,2024-01-29,9894
4968,立積,16,5,11,元大-桃興,2024-01-29,9894
6245,立端,12,1,11,元大-桃興,2024-01-29,9894
2492,華新科,11,1,10,元大-桃興,2024-01-29,9894
00877,復華中國5G,10,0,10,元大-桃興,2024-01-29,9894
3680,家登,11,1,10,元大-桃興,2024-01-29,9894
00907,永豐優息存股,10,0,10,元大-桃興,2024-01-29,9894
3710,連展投控,10,0,10,元大-桃興,2024-01-29,9894
2029,盛餘,10,0,10,元大-桃興,2024-01-29,9894
6138,茂達,11,2,9,元大-桃興,2024-01-29,9894
1101,台泥,13,4,9,元大-桃興,2024-01-29,9894
2337,旺宏,12,3,9,元大-桃興,2024-01-29,9894
3066,李洲,14,5,9,元大-桃興,2024-01-29,9894
3605,宏致,12,3,9,元大-桃興,2024-01-29,9894
00933B,國泰10Y+金融債,8,0,8,元大-桃興,2024-01-29,9894
6275,元山,8,0,8,元大-桃興,2024-01-29,9894
5521,工信,9,1,8,元大-桃興,2024-01-29,9894
2365,昆盈,13,5,8,元大-桃興,2024-01-29,9894
00882,中信中國高股息,7,0,7,元大-桃興,2024-01-29,9894
2360,致茂,7,0,7,元大-桃興,2024-01-29,9894
3706,神達,7,1,6,元大-桃興,2024-01-29,9894
00921,兆豐龍頭等權重,6,0,6,元大-桃興,2024-01-29,9894
2605,新興,16,10,6,元大-桃興,2024-01-29,9894
00937B,群益ESG投等債20,224,4,220,元大-桃興,2024-01-30,9894
3481,群創,181,38,143,元大-桃興,2024-01-30,9894
00679B,元大美債20年,96,6,90,元大-桃興,2024-01-30,9894
2890,永豐金,63,0,63,元大-桃興,2024-01-30,9894
2618,長榮航,76,13,63,元大-桃興,2024-01-30,9894
00680L,元大美債20正2,67,7,60,元大-桃興,2024-01-30,9894
00882,中信中國高股息,65,5,60,元大-桃興,2024-01-30,9894
00670L,富邦NASDAQ正2,50,0,50,元大-桃興,2024-01-30,9894
2882,國泰金,32,0,32,元大-桃興,2024-01-30,9894
9105,泰金寶-DR,32,0,32,元大-桃興,2024-01-30,9894
6167,久正,36,4,32,元大-桃興,2024-01-30,9894
6243,迅杰,33,1,32,元大-桃興,2024-01-30,9894
5351,鈺創,30,1,29,元大-桃興,2024-01-30,9894
2337,旺宏,34,6,28,元大-桃興,2024-01-30,9894
00676R,富邦臺灣加權反1,60,32,28,元大-桃興,2024-01-30,9894
2324,仁寶,30,5,25,元大-桃興,2024-01-30,9894
2884,玉山金,25,0,25,元大-桃興,2024-01-30,9894
00929,復華台灣科技優息,66,43,23,元大-桃興,2024-01-30,9894
1101,台泥,23,0,23,元大-桃興,2024-01-30,9894
00662,富邦NASDAQ,22,0,22,元大-桃興,2024-01-30,9894
1514,亞力,42,21,21,元大-桃興,2024-01-30,9894
2489,瑞軒,20,0,20,元大-桃興,2024-01-30,9894
00687B,國泰20年美債,25,6,19,元大-桃興,2024-01-30,9894
2365,昆盈,28,10,18,元大-桃興,2024-01-30,9894
3521,鴻翊,18,0,18,元大-桃興,2024-01-30,9894
3037,欣興,20,2,18,元大-桃興,2024-01-30,9894
6770,力積電,17,0,17,元大-桃興,2024-01-30,9894
3434,哲固,57,41,16,元大-桃興,2024-01-30,9894
2014,中鴻,16,0,16,元大-桃興,2024-01-30,9894
5880,合庫金,16,0,16,元大-桃興,2024-01-30,9894
4908,前鼎,52,37,15,元大-桃興,2024-01-30,9894
6530,創威,22,8,14,元大-桃興,2024-01-30,9894
6462,神盾,32,19,13,元大-桃興,2024-01-30,9894
2887,台新金,12,0,12,元大-桃興,2024-01-30,9894
6695,芯鼎,17,5,12,元大-桃興,2024-01-30,9894
4128,中天,11,0,11,元大-桃興,2024-01-30,9894
00632R,元大台灣50反1,11,0,11,元大-桃興,2024-01-30,9894
00633L,富邦上証正2,22,11,11,元大-桃興,2024-01-30,9894
9945,潤泰新,14,3,11,元大-桃興,2024-01-30,9894
00764B,群益25年美債,10,0,10,元大-桃興,2024-01-30,9894
3483,力致,15,5,10,元大-桃興,2024-01-30,9894
2362,藍天,10,0,10,元大-桃興,2024-01-30,9894
3694,海華,15,5,10,元大-桃興,2024-01-30,9894
00795B,中信美國公債20年,10,0,10,元大-桃興,2024-01-30,9894
6120,達運,19,9,10,元大-桃興,2024-01-30,9894
6173,信昌電,10,0,10,元大-桃興,2024-01-30,9894
2485,兆赫,10,0,10,元大-桃興,2024-01-30,9894
2409,友達,26,17,9,元大-桃興,2024-01-30,9894
1312,國喬,9,0,9,元大-桃興,2024-01-30,9894
3105,穩懋,9,0,9,元大-桃興,2024-01-30,9894
2618,長榮航,195,6,189,元大-桃興,2024-01-31,9894
2867,三商壽,165,15,150,元大-桃興,2024-01-31,9894
00680L,元大美債20正2,113,5,108,元大-桃興,2024-01-31,9894
00937B,群益ESG投等債20,117,17,100,元大-桃興,2024-01-31,9894
2356,英業達,129,28,101,元大-桃興,2024-01-31,9894
6140,訊達,95,5,90,元大-桃興,2024-01-31,9894
00929,復華台灣科技優息,88,0,88,元大-桃興,2024-01-31,9894
2303,聯電,90,3,87,元大-桃興,2024-01-31,9894
00679B,元大美債20年,79,4,75,元大-桃興,2024-01-31,9894
00712,復華富時不動產,55,1,54,元大-桃興,2024-01-31,9894
5426,振發,66,16,50,元大-桃興,2024-01-31,9894
8069,元太,49,7,42,元大-桃興,2024-01-31,9894
2412,中華電,42,0,42,元大-桃興,2024-01-31,9894
6196,帆宣,40,0,40,元大-桃興,2024-01-31,9894
2421,建準,58,20,38,元大-桃興,2024-01-31,9894
00882,中信中國高股息,44,8,36,元大-桃興,2024-01-31,9894
00688L,國泰20年美債正2,32,0,32,元大-桃興,2024-01-31,9894
00772B,中信高評級公司債,31,0,31,元大-桃興,2024-01-31,9894
2485,兆赫,30,0,30,元大-桃興,2024-01-31,9894
2329,華泰,50,22,28,元大-桃興,2024-01-31,9894
2369,菱生,38,15,23,元大-桃興,2024-01-31,9894
2884,玉山金,26,3,23,元大-桃興,2024-01-31,9894
3376,新日興,46,24,22,元大-桃興,2024-01-31,9894
2888,新光金,22,0,22,元大-桃興,2024-01-31,9894
00637L,元大滬深300正2,22,2,20,元大-桃興,2024-01-31,9894
1305,華夏,20,0,20,元大-桃興,2024-01-31,9894
2313,華通,23,4,19,元大-桃興,2024-01-31,9894
2609,陽明,24,6,18,元大-桃興,2024-01-31,9894
2002,中鋼,16,0,16,元大-桃興,2024-01-31,9894
2330,台積電,18,2,16,元大-桃興,2024-01-31,9894
00751B,元大AAA至A公司債,16,0,16,元大-桃興,2024-01-31,9894
1316,上曜,15,0,15,元大-桃興,2024-01-31,9894
3055,蔚華科,61,46,15,元大-桃興,2024-01-31,9894
2382,廣達,18,4,14,元大-桃興,2024-01-31,9894
2363,矽統,14,0,14,元大-桃興,2024-01-31,9894
4303,信立,48,34,14,元大-桃興,2024-01-31,9894
5519,隆大,14,0,14,元大-桃興,2024-01-31,9894
00919,群益台灣精選高息,20,7,13,元大-桃興,2024-01-31,9894
3481,群創,92,79,13,元大-桃興,2024-01-31,9894
00632R,元大台灣50反1,34,22,12,元大-桃興,2024-01-31,9894
3025,星通,13,1,12,元大-桃興,2024-01-31,9894
4529,淳紳,13,1,12,元大-桃興,2024-01-31,9894
2641,正德,12,0,12,元大-桃興,2024-01-31,9894
6113,亞矽,136,124,12,元大-桃興,2024-01-31,9894
2605,新興,11,0,11,元大-桃興,2024-01-31,9894
9945,潤泰新,11,0,11,元大-桃興,2024-01-31,9894
00900,富邦特選高股息30,10,0,10,元大-桃興,2024-01-31,9894
1309,台達化,10,0,10,元大-桃興,2024-01-31,9894
1308,亞聚,10,0,10,元大-桃興,2024-01-31,9894
6462,神盾,34,24,10,元大-桃興,2024-01-31,9894
00632R,元大台灣50反1,123,9,114,元大-桃興,2024-02-01,9894
00680L,元大美債20正2,143,31,112,元大-桃興,2024-02-01,9894
8936,國統,131,26,105,元大-桃興,2024-02-01,9894
00712,復華富時不動產,94,0,94,元大-桃興,2024-02-01,9894
00878,國泰永續高股息,102,13,89,元大-桃興,2024-02-01,9894
2421,建準,85,32,53,元大-桃興,2024-02-01,9894
2409,友達,53,1,52,元大-桃興,2024-02-01,9894
00715L,期街口布蘭特正2,47,0,47,元大-桃興,2024-02-01,9894
2337,旺宏,43,0,43,元大-桃興,2024-02-01,9894
1227,佳格,40,0,40,元大-桃興,2024-02-01,9894
00929,復華台灣科技優息,38,6,32,元大-桃興,2024-02-01,9894
6191,精成科,30,0,30,元大-桃興,2024-02-01,9894
3312,弘憶股,39,15,24,元大-桃興,2024-02-01,9894
2365,昆盈,47,24,23,元大-桃興,2024-02-01,9894
8096,擎亞,34,13,21,元大-桃興,2024-02-01,9894
6806,森崴能源,19,0,19,元大-桃興,2024-02-01,9894
6140,訊達,27,8,19,元大-桃興,2024-02-01,9894
3032,偉訓,32,13,19,元大-桃興,2024-02-01,9894
6716,應廣,19,1,18,元大-桃興,2024-02-01,9894
3294,英濟,30,13,17,元大-桃興,2024-02-01,9894
6116,彩晶,17,1,16,元大-桃興,2024-02-01,9894
1325,恆大,17,1,16,元大-桃興,2024-02-01,9894
1305,華夏,15,0,15,元大-桃興,2024-02-01,9894
3289,宜特,18,3,15,元大-桃興,2024-02-01,9894
4707,磐亞,15,0,15,元大-桃興,2024-02-01,9894
3545,敦泰,16,2,14,元大-桃興,2024-02-01,9894
00927,群益半導體收益,14,0,14,元大-桃興,2024-02-01,9894
2455,全新,24,10,14,元大-桃興,2024-02-01,9894
1503,士電,25,11,14,元大-桃興,2024-02-01,9894
8064,東捷,21,7,14,元大-桃興,2024-02-01,9894
2324,仁寶,22,9,13,元大-桃興,2024-02-01,9894
3324,雙鴻,28,16,12,元大-桃興,2024-02-01,9894
6113,亞矽,40,28,12,元大-桃興,2024-02-01,9894
2812,台中銀,44,33,11,元大-桃興,2024-02-01,9894
2449,京元電子,12,1,11,元大-桃興,2024-02-01,9894
3038,全台,10,0,10,元大-桃興,2024-02-01,9894
5347,世界,11,1,10,元大-桃興,2024-02-01,9894
6270,倍微,11,1,10,元大-桃興,2024-02-01,9894
2885,元大金,10,0,10,元大-桃興,2024-02-01,9894
4977,眾達-KY,10,0,10,元大-桃興,2024-02-01,9894
2204,中華,10,0,10,元大-桃興,2024-02-01,9894
9105,泰金寶-DR,11,1,10,元大-桃興,2024-02-01,9894
6732,昇佳電子,10,0,10,元大-桃興,2024-02-01,9894
00637L,元大滬深300正2,16,6,10,元大-桃興,2024-02-01,9894
2303,聯電,55,46,9,元大-桃興,2024-02-01,9894
3521,鴻翊,8,0,8,元大-桃興,2024-02-01,9894
3622,洋華,21,13,8,元大-桃興,2024-02-01,9894
2428,興勤,8,0,8,元大-桃興,2024-02-01,9894
00891,中信關鍵半導體,8,0,8,元大-桃興,2024-02-01,9894
00687B,國泰20年美債,19,12,7,元大-桃興,2024-02-01,9894
00937B,群益ESG投等債20,197,3,194,元大-桃興,2024-02-02,9894
00715L,期街口布蘭特正2,141,3,138,元大-桃興,2024-02-02,9894
3481,群創,126,11,115,元大-桃興,2024-02-02,9894
2303,聯電,85,5,80,元大-桃興,2024-02-02,9894
9919,康那香,81,10,71,元大-桃興,2024-02-02,9894
00929,復華台灣科技優息,74,3,71,元大-桃興,2024-02-02,9894
3013,晟銘電,76,10,66,元大-桃興,2024-02-02,9894
6167,久正,63,0,63,元大-桃興,2024-02-02,9894
00712,復華富時不動產,69,10,59,元大-桃興,2024-02-02,9894
4956,光鋐,52,5,47,元大-桃興,2024-02-02,9894
00919,群益台灣精選高息,47,1,46,元大-桃興,2024-02-02,9894
00632R,元大台灣50反1,47,6,41,元大-桃興,2024-02-02,9894
5356,協益,34,0,34,元大-桃興,2024-02-02,9894
2344,華邦電,34,1,33,元大-桃興,2024-02-02,9894
00633L,富邦上証正2,53,21,32,元大-桃興,2024-02-02,9894
2353,宏��,50,19,31,元大-桃興,2024-02-02,9894
1305,華夏,31,0,31,元大-桃興,2024-02-02,9894
6265,方土昶,34,6,28,元大-桃興,2024-02-02,9894
8936,國統,34,9,25,元大-桃興,2024-02-02,9894
2609,陽明,64,40,24,元大-桃興,2024-02-02,9894
3024,憶聲,25,1,24,元大-桃興,2024-02-02,9894
4906,正文,27,3,24,元大-桃興,2024-02-02,9894
2603,長榮,30,7,23,元大-桃興,2024-02-02,9894
00933B,國泰10Y+金融債,26,3,23,元大-桃興,2024-02-02,9894
3036,文曄,40,18,22,元大-桃興,2024-02-02,9894
2317,鴻海,23,2,21,元大-桃興,2024-02-02,9894
2890,永豐金,30,9,21,元大-桃興,2024-02-02,9894
6770,力積電,24,3,21,元大-桃興,2024-02-02,9894
6245,立端,23,3,20,元大-桃興,2024-02-02,9894
2369,菱生,31,11,20,元大-桃興,2024-02-02,9894
3032,偉訓,28,8,20,元大-桃興,2024-02-02,9894
6243,迅杰,40,20,20,元大-桃興,2024-02-02,9894
3035,智原,23,4,19,元大-桃興,2024-02-02,9894
3081,聯亞,31,12,19,元大-桃興,2024-02-02,9894
2618,長榮航,24,5,19,元大-桃興,2024-02-02,9894
00882,中信中國高股息,18,0,18,元大-桃興,2024-02-02,9894
00637L,元大滬深300正2,20,2,18,元大-桃興,2024-02-02,9894
8086,宏捷科,17,0,17,元大-桃興,2024-02-02,9894
1514,亞力,43,26,17,元大-桃興,2024-02-02,9894
00770,國泰北美科技,13,0,13,元大-桃興,2024-02-02,9894
3149,正達,13,0,13,元大-桃興,2024-02-02,9894
6113,亞矽,42,29,13,元大-桃興,2024-02-02,9894
00720B,元大投資級公司債,14,2,12,元大-桃興,2024-02-02,9894
2323,中環,12,0,12,元大-桃興,2024-02-02,9894
2610,華航,15,4,11,元大-桃興,2024-02-02,9894
2352,佳世達,16,5,11,元大-桃興,2024-02-02,9894
5210,寶碩,11,0,11,元大-桃興,2024-02-02,9894
3702,大聯大,11,0,11,元大-桃興,2024-02-02,9894
2605,新興,11,0,11,元大-桃興,2024-02-02,9894
8473,山林水,11,0,11,元大-桃興,2024-02-02,9894
00937B,群益ESG投等債20,259,2,257,元大-桃興,2024-02-05,9894
00715L,期街口布蘭特正2,128,0,128,元大-桃興,2024-02-05,9894
00933B,國泰10Y+金融債,107,2,105,元大-桃興,2024-02-05,9894
2884,玉山金,99,3,96,元大-桃興,2024-02-05,9894
00679B,元大美債20年,91,0,91,元大-桃興,2024-02-05,9894
00929,復華台灣科技優息,80,14,66,元大-桃興,2024-02-05,9894
1316,上曜,72,11,61,元大-桃興,2024-02-05,9894
2834,臺企銀,60,0,60,元大-桃興,2024-02-05,9894
00888,永豐台灣ESG,55,0,55,元大-桃興,2024-02-05,9894
00882,中信中國高股息,63,10,53,元大-桃興,2024-02-05,9894
2438,翔耀,52,0,52,元大-桃興,2024-02-05,9894
4956,光鋐,50,0,50,元大-桃興,2024-02-05,9894
00878,國泰永續高股息,74,27,47,元大-桃興,2024-02-05,9894
3013,晟銘電,53,6,47,元大-桃興,2024-02-05,9894
2363,矽統,49,3,46,元大-桃興,2024-02-05,9894
2498,宏達電,43,0,43,元大-桃興,2024-02-05,9894
1308,亞聚,36,0,36,元大-桃興,2024-02-05,9894
3481,群創,36,0,36,元大-桃興,2024-02-05,9894
1503,士電,36,1,35,元大-桃興,2024-02-05,9894
1227,佳格,40,8,32,元大-桃興,2024-02-05,9894
2890,永豐金,30,0,30,元大-桃興,2024-02-05,9894
00676R,富邦臺灣加權反1,28,0,28,元大-桃興,2024-02-05,9894
00907,永豐優息存股,27,0,27,元大-桃興,2024-02-05,9894
3290,東浦,25,0,25,元大-桃興,2024-02-05,9894
00795B,中信美國公債20年,24,0,24,元大-桃興,2024-02-05,9894
2324,仁寶,27,4,23,元大-桃興,2024-02-05,9894
9945,潤泰新,23,1,22,元大-桃興,2024-02-05,9894
4960,誠美材,24,2,22,元大-桃興,2024-02-05,9894
2887,台新金,22,1,21,元大-桃興,2024-02-05,9894
3062,建漢,20,0,20,元大-桃興,2024-02-05,9894
8390,金益鼎,20,0,20,元大-桃興,2024-02-05,9894
2547,日勝生,20,0,20,元大-桃興,2024-02-05,9894
1616,億泰,21,1,20,元大-桃興,2024-02-05,9894
1513,中興電,26,6,20,元大-桃興,2024-02-05,9894
1528,恩德,30,12,18,元大-桃興,2024-02-05,9894
6233,旺玖,19,1,18,元大-桃興,2024-02-05,9894
2812,台中銀,21,3,18,元大-桃興,2024-02-05,9894
2402,毅嘉,20,3,17,元大-桃興,2024-02-05,9894
2303,聯電,39,23,16,元大-桃興,2024-02-05,9894
8936,國統,26,10,16,元大-桃興,2024-02-05,9894
00764B,群益25年美債,16,0,16,元大-桃興,2024-02-05,9894
00751B,元大AAA至A公司債,21,6,15,元大-桃興,2024-02-05,9894
3545,敦泰,18,3,15,元大-桃興,2024-02-05,9894
00877,復華中國5G,15,0,15,元大-桃興,2024-02-05,9894
6741,91APP*-KY,15,0,15,元大-桃興,2024-02-05,9894
2409,友達,17,2,15,元大-桃興,2024-02-05,9894
1305,華夏,20,5,15,元大-桃興,2024-02-05,9894
00919,群益台灣精選高息,96,82,14,元大-桃興,2024-02-05,9894
3540,曜越,13,0,13,元大-桃興,2024-02-05,9894
6243,迅杰,21,8,13,元大-桃興,2024-02-05,9894
00632R,元大台灣50反1,2393,84,2309,元大-桃興,2024-02-15,9894
00937B,群益ESG投等債20,374,1,373,元大-桃興,2024-02-15,9894
00687B,國泰20年美債,246,6,240,元大-桃興,2024-02-15,9894
2867,三商壽,200,0,200,元大-桃興,2024-02-15,9894
00676R,富邦臺灣加權反1,190,7,183,元大-桃興,2024-02-15,9894
00712,復華富時不動產,158,13,145,元大-桃興,2024-02-15,9894
00919,群益台灣精選高息,144,17,127,元大-桃興,2024-02-15,9894
2618,長榮航,113,13,100,元大-桃興,2024-02-15,9894
00679B,元大美債20年,103,8,95,元大-桃興,2024-02-15,9894
00877,復華中國5G,103,20,83,元大-桃興,2024-02-15,9894
00720B,元大投資級公司債,65,0,65,元大-桃興,2024-02-15,9894
00933B,國泰10Y+金融債,67,6,61,元大-桃興,2024-02-15,9894
2408,南亞科,71,10,61,元大-桃興,2024-02-15,9894
00673R,期元大S＆P原油反1,59,0,59,元大-桃興,2024-02-15,9894
2405,輔信,70,12,58,元大-桃興,2024-02-15,9894
00751B,元大AAA至A公司債,48,0,48,元大-桃興,2024-02-15,9894
00680L,元大美債20正2,96,48,48,元大-桃興,2024-02-15,9894
2421,建準,70,24,46,元大-桃興,2024-02-15,9894
2610,華航,43,1,42,元大-桃興,2024-02-15,9894
3481,群創,102,64,38,元大-桃興,2024-02-15,9894
2884,玉山金,38,0,38,元大-桃興,2024-02-15,9894
1504,東元,34,1,33,元大-桃興,2024-02-15,9894
00772B,中信高評級公司債,32,0,32,元大-桃興,2024-02-15,9894
6509,聚和,31,0,31,元大-桃興,2024-02-15,9894
8085,福華,31,1,30,元大-桃興,2024-02-15,9894
2603,長榮,39,11,28,元大-桃興,2024-02-15,9894
1301,台塑,29,1,28,元大-桃興,2024-02-15,9894
00795B,中信美國公債20年,26,0,26,元大-桃興,2024-02-15,9894
2369,菱生,73,48,25,元大-桃興,2024-02-15,9894
2377,微星,28,5,23,元大-桃興,2024-02-15,9894
2439,美律,24,1,23,元大-桃興,2024-02-15,9894
5490,同亨,20,0,20,元大-桃興,2024-02-15,9894
1227,佳格,20,0,20,元大-桃興,2024-02-15,9894
5880,合庫金,20,0,20,元大-桃興,2024-02-15,9894
00665L,富邦�琤肭磪囓�2,20,1,19,元大-桃興,2024-02-15,9894
3044,健鼎,23,4,19,元大-桃興,2024-02-15,9894
3706,神達,33,15,18,元大-桃興,2024-02-15,9894
1101,台泥,18,0,18,元大-桃興,2024-02-15,9894
2371,大同,30,12,18,元大-桃興,2024-02-15,9894
3013,晟銘電,21,4,17,元大-桃興,2024-02-15,9894
2002,中鋼,18,1,17,元大-桃興,2024-02-15,9894
00931B,統一美債20年,17,0,17,元大-桃興,2024-02-15,9894
2317,鴻海,21,5,16,元大-桃興,2024-02-15,9894
3390,旭軟,15,0,15,元大-桃興,2024-02-15,9894
5521,工信,17,2,15,元大-桃興,2024-02-15,9894
3712,永崴投控,30,15,15,元大-桃興,2024-02-15,9894
2609,陽明,43,28,15,元大-桃興,2024-02-15,9894
2344,華邦電,19,4,15,元大-桃興,2024-02-15,9894
2409,友達,14,0,14,元大-桃興,2024-02-15,9894
2888,新光金,19,5,14,元大-桃興,2024-02-15,9894
00687B,國泰20年美債,146,1,145,元大-桃興,2024-02-16,9894
00937B,群益ESG投等債20,126,20,106,元大-桃興,2024-02-16,9894
2537,聯上發,82,0,82,元大-桃興,2024-02-16,9894
00878,國泰永續高股息,118,43,75,元大-桃興,2024-02-16,9894
00933B,國泰10Y+金融債,63,0,63,元大-桃興,2024-02-16,9894
2421,建準,66,15,51,元大-桃興,2024-02-16,9894
00641R,富邦日本反1,50,0,50,元大-桃興,2024-02-16,9894
00905,FT臺灣Smart,50,0,50,元大-桃興,2024-02-16,9894
3231,緯創,95,49,46,元大-桃興,2024-02-16,9894
00673R,期元大S＆P原油反1,46,1,45,元大-桃興,2024-02-16,9894
2382,廣達,52,14,38,元大-桃興,2024-02-16,9894
2409,友達,42,6,36,元大-桃興,2024-02-16,9894
00919,群益台灣精選高息,48,16,32,元大-桃興,2024-02-16,9894
2317,鴻海,35,5,30,元大-桃興,2024-02-16,9894
2884,玉山金,26,0,26,元大-桃興,2024-02-16,9894
8926,台汽電,29,4,25,元大-桃興,2024-02-16,9894
4543,萬在,28,4,24,元大-桃興,2024-02-16,9894
2405,輔信,53,30,23,元大-桃興,2024-02-16,9894
3346,麗清,26,5,21,元大-桃興,2024-02-16,9894
2330,台積電,25,5,20,元大-桃興,2024-02-16,9894
00931B,統一美債20年,19,0,19,元大-桃興,2024-02-16,9894
2206,三陽工業,21,2,19,元大-桃興,2024-02-16,9894
00720B,元大投資級公司債,18,0,18,元大-桃興,2024-02-16,9894
00795B,中信美國公債20年,18,0,18,元大-桃興,2024-02-16,9894
2442,新美齊,18,0,18,元大-桃興,2024-02-16,9894
00679B,元大美債20年,30,13,17,元大-桃興,2024-02-16,9894
2371,大同,19,3,16,元大-桃興,2024-02-16,9894
3035,智原,20,4,16,元大-桃興,2024-02-16,9894
00772B,中信高評級公司債,15,0,15,元大-桃興,2024-02-16,9894
1616,億泰,16,1,15,元大-桃興,2024-02-16,9894
2486,一詮,26,11,15,元大-桃興,2024-02-16,9894
00680L,元大美債20正2,18,3,15,元大-桃興,2024-02-16,9894
3217,優群,15,0,15,元大-桃興,2024-02-16,9894
8473,山林水,14,0,14,元大-桃興,2024-02-16,9894
6741,91APP*-KY,13,0,13,元大-桃興,2024-02-16,9894
1101,台泥,16,3,13,元大-桃興,2024-02-16,9894
6133,金橋,12,0,12,元大-桃興,2024-02-16,9894
2501,國建,12,0,12,元大-桃興,2024-02-16,9894
3029,零壹,12,0,12,元大-桃興,2024-02-16,9894
6126,信音,13,2,11,元大-桃興,2024-02-16,9894
5426,振發,16,6,10,元大-桃興,2024-02-16,9894
00773B,中信優先金融債,10,0,10,元大-桃興,2024-02-16,9894
2838,聯邦銀,10,0,10,元大-桃興,2024-02-16,9894
006205,富邦上証,10,0,10,元大-桃興,2024-02-16,9894
2498,宏達電,10,0,10,元大-桃興,2024-02-16,9894
5876,上海商銀,10,0,10,元大-桃興,2024-02-16,9894
8085,福華,10,0,10,元大-桃興,2024-02-16,9894
4303,信立,18,8,10,元大-桃興,2024-02-16,9894
1584,精剛,11,1,10,元大-桃興,2024-02-16,9894
5484,慧友,10,0,10,元大-桃興,2024-02-16,9894
00878,國泰永續高股息,148,30,118,元大-桃興,2024-02-19,9894
1524,耿鼎,91,2,89,元大-桃興,2024-02-19,9894
00687B,國泰20年美債,76,1,75,元大-桃興,2024-02-19,9894
00919,群益台灣精選高息,75,15,60,元大-桃興,2024-02-19,9894
1514,亞力,86,31,55,元大-桃興,2024-02-19,9894
2353,宏��,101,47,54,元大-桃興,2024-02-19,9894
2515,中工,55,2,53,元大-桃興,2024-02-19,9894
00632R,元大台灣50反1,110,60,50,元大-桃興,2024-02-19,9894
00688L,國泰20年美債正2,51,2,49,元大-桃興,2024-02-19,9894
00679B,元大美債20年,40,0,40,元大-桃興,2024-02-19,9894
1513,中興電,54,15,39,元大-桃興,2024-02-19,9894
00929,復華台灣科技優息,51,14,37,元大-桃興,2024-02-19,9894
2369,菱生,132,97,35,元大-桃興,2024-02-19,9894
3535,晶彩科,34,0,34,元大-桃興,2024-02-19,9894
2329,華泰,87,54,33,元大-桃興,2024-02-19,9894
00937B,群益ESG投等債20,50,18,32,元大-桃興,2024-02-19,9894
2610,華航,46,14,32,元大-桃興,2024-02-19,9894
00933B,國泰10Y+金融債,31,0,31,元大-桃興,2024-02-19,9894
00680L,元大美債20正2,32,4,28,元大-桃興,2024-02-19,9894
8996,高力,42,15,27,元大-桃興,2024-02-19,9894
2352,佳世達,26,1,25,元大-桃興,2024-02-19,9894
2504,國產,27,2,25,元大-桃興,2024-02-19,9894
1718,中纖,25,0,25,元大-桃興,2024-02-19,9894
1503,士電,32,8,24,元大-桃興,2024-02-19,9894
6112,邁達特,25,2,23,元大-桃興,2024-02-19,9894
6188,廣明,25,2,23,元大-桃興,2024-02-19,9894
00673R,期元大S＆P原油反1,22,0,22,元大-桃興,2024-02-19,9894
00720B,元大投資級公司債,22,0,22,元大-桃興,2024-02-19,9894
2365,昆盈,145,123,22,元大-桃興,2024-02-19,9894
2002,中鋼,28,6,22,元大-桃興,2024-02-19,9894
3047,訊舟,33,12,21,元大-桃興,2024-02-19,9894
3360,尚立,21,0,21,元大-桃興,2024-02-19,9894
1314,中石化,21,0,21,元大-桃興,2024-02-19,9894
1316,上曜,24,4,20,元大-桃興,2024-02-19,9894
00751B,元大AAA至A公司債,20,0,20,元大-桃興,2024-02-19,9894
3035,智原,27,8,19,元大-桃興,2024-02-19,9894
5443,均豪,27,8,19,元大-桃興,2024-02-19,9894
2330,台積電,18,0,18,元大-桃興,2024-02-19,9894
3706,神達,18,1,17,元大-桃興,2024-02-19,9894
2382,廣達,29,13,16,元大-桃興,2024-02-19,9894
2882,國泰金,18,2,16,元大-桃興,2024-02-19,9894
6248,沛波,15,0,15,元大-桃興,2024-02-19,9894
3231,緯創,78,63,15,元大-桃興,2024-02-19,9894
00923,群益台ESG低碳50,14,0,14,元大-桃興,2024-02-19,9894
3306,鼎天,14,0,14,元大-桃興,2024-02-19,9894
2313,華通,17,3,14,元大-桃興,2024-02-19,9894
4908,前鼎,16,2,14,元大-桃興,2024-02-19,9894
2405,輔信,28,15,13,元大-桃興,2024-02-19,9894
9958,世紀鋼,13,0,13,元大-桃興,2024-02-19,9894
00795B,中信美國公債20年,12,0,12,元大-桃興,2024-02-19,9894
1524,耿鼎,114,0,114,元大-桃興,2024-02-20,9894
00934,中信成長高股息,119,16,103,元大-桃興,2024-02-20,9894
00878,國泰永續高股息,105,4,101,元大-桃興,2024-02-20,9894
3041,揚智,173,83,90,元大-桃興,2024-02-20,9894
00931B,統一美債20年,83,0,83,元大-桃興,2024-02-20,9894
00632R,元大台灣50反1,122,43,79,元大-桃興,2024-02-20,9894
3481,群創,80,29,51,元大-桃興,2024-02-20,9894
00679B,元大美債20年,50,0,50,元大-桃興,2024-02-20,9894
00891,中信關鍵半導體,115,70,45,元大-桃興,2024-02-20,9894
00687B,國泰20年美債,41,0,41,元大-桃興,2024-02-20,9894
00673R,期元大S＆P原油反1,41,0,41,元大-桃興,2024-02-20,9894
2363,矽統,44,4,40,元大-桃興,2024-02-20,9894
2367,燿華,75,36,39,元大-桃興,2024-02-20,9894
2458,義隆,38,1,37,元大-桃興,2024-02-20,9894
5356,協益,36,0,36,元大-桃興,2024-02-20,9894
4714,永捷,75,42,33,元大-桃興,2024-02-20,9894
3049,精金,30,0,30,元大-桃興,2024-02-20,9894
00933B,國泰10Y+金融債,31,1,30,元大-桃興,2024-02-20,9894
3260,威剛,39,10,29,元大-桃興,2024-02-20,9894
00751B,元大AAA至A公司債,27,0,27,元大-桃興,2024-02-20,9894
00712,復華富時不動產,38,12,26,元大-桃興,2024-02-20,9894
00664R,國泰臺灣加權反1,25,0,25,元大-桃興,2024-02-20,9894
1503,士電,42,17,25,元大-桃興,2024-02-20,9894
2329,華泰,104,80,24,元大-桃興,2024-02-20,9894
2610,華航,26,3,23,元大-桃興,2024-02-20,9894
00882,中信中國高股息,42,19,23,元大-桃興,2024-02-20,9894
00772B,中信高評級公司債,22,0,22,元大-桃興,2024-02-20,9894
00680L,元大美債20正2,28,6,22,元大-桃興,2024-02-20,9894
2515,中工,33,12,21,元大-桃興,2024-02-20,9894
3325,旭品,21,0,21,元大-桃興,2024-02-20,9894
2401,凌陽,39,18,21,元大-桃興,2024-02-20,9894
6112,邁達特,28,7,21,元大-桃興,2024-02-20,9894
3321,同泰,22,1,21,元大-桃興,2024-02-20,9894
2409,友達,22,3,19,元大-桃興,2024-02-20,9894
8936,國統,22,3,19,元大-桃興,2024-02-20,9894
5426,振發,31,13,18,元大-桃興,2024-02-20,9894
1785,光洋科,20,3,17,元大-桃興,2024-02-20,9894
2399,映泰,16,0,16,元大-桃興,2024-02-20,9894
00764B,群益25年美債,16,0,16,元大-桃興,2024-02-20,9894
3035,智原,32,16,16,元大-桃興,2024-02-20,9894
3581,博磊,18,3,15,元大-桃興,2024-02-20,9894
6116,彩晶,15,0,15,元大-桃興,2024-02-20,9894
1528,恩德,15,0,15,元大-桃興,2024-02-20,9894
5381,合正,15,0,15,元大-桃興,2024-02-20,9894
5351,鈺創,29,15,14,元大-桃興,2024-02-20,9894
00795B,中信美國公債20年,13,0,13,元大-桃興,2024-02-20,9894
2405,輔信,24,11,13,元大-桃興,2024-02-20,9894
1806,冠軍,14,1,13,元大-桃興,2024-02-20,9894
3209,全科,15,2,13,元大-桃興,2024-02-20,9894
2382,廣達,17,5,12,元大-桃興,2024-02-20,9894
00679B,元大美債20年,339,0,339,元大-桃興,2024-02-21,9894
00878,國泰永續高股息,184,12,172,元大-桃興,2024-02-21,9894
00937B,群益ESG投等債20,161,35,126,元大-桃興,2024-02-21,9894
00687B,國泰20年美債,124,16,108,元大-桃興,2024-02-21,9894
00929,復華台灣科技優息,184,109,75,元大-桃興,2024-02-21,9894
00933B,國泰10Y+金融債,64,3,61,元大-桃興,2024-02-21,9894
2303,聯電,63,2,61,元大-桃興,2024-02-21,9894
2884,玉山金,58,1,57,元大-桃興,2024-02-21,9894
3231,緯創,86,36,50,元大-桃興,2024-02-21,9894
00934,中信成長高股息,46,0,46,元大-桃興,2024-02-21,9894
00680L,元大美債20正2,50,5,45,元大-桃興,2024-02-21,9894
3481,群創,61,16,45,元大-桃興,2024-02-21,9894
2609,陽明,66,27,39,元大-桃興,2024-02-21,9894
00673R,期元大S＆P原油反1,37,0,37,元大-桃興,2024-02-21,9894
3047,訊舟,68,32,36,元大-桃興,2024-02-21,9894
00795B,中信美國公債20年,33,0,33,元大-桃興,2024-02-21,9894
00712,復華富時不動產,49,20,29,元大-桃興,2024-02-21,9894
2409,友達,29,5,24,元大-桃興,2024-02-21,9894
3081,聯亞,40,16,24,元大-桃興,2024-02-21,9894
2515,中工,23,1,22,元大-桃興,2024-02-21,9894
3035,智原,38,17,21,元大-桃興,2024-02-21,9894
3147,大綜,19,0,19,元大-桃興,2024-02-21,9894
6282,康舒,22,3,19,元大-桃興,2024-02-21,9894
00882,中信中國高股息,53,36,17,元大-桃興,2024-02-21,9894
2367,燿華,26,10,16,元大-桃興,2024-02-21,9894
5392,能率,16,0,16,元大-桃興,2024-02-21,9894
1314,中石化,16,0,16,元大-桃興,2024-02-21,9894
1528,恩德,16,0,16,元大-桃興,2024-02-21,9894
2393,億光,16,0,16,元大-桃興,2024-02-21,9894
2301,光寶科,15,0,15,元大-桃興,2024-02-21,9894
5530,龍巖,15,0,15,元大-桃興,2024-02-21,9894
2845,遠東銀,15,0,15,元大-桃興,2024-02-21,9894
2618,長榮航,24,10,14,元大-桃興,2024-02-21,9894
2887,台新金,15,1,14,元大-桃興,2024-02-21,9894
8477,創業家,14,0,14,元大-桃興,2024-02-21,9894
6462,神盾,16,2,14,元大-桃興,2024-02-21,9894
3545,敦泰,18,5,13,元大-桃興,2024-02-21,9894
2405,輔信,27,14,13,元大-桃興,2024-02-21,9894
4401,東隆興,13,0,13,元大-桃興,2024-02-21,9894
2002,中鋼,13,1,12,元大-桃興,2024-02-21,9894
2408,南亞科,13,1,12,元大-桃興,2024-02-21,9894
5388,中磊,11,0,11,元大-桃興,2024-02-21,9894
5521,工信,19,8,11,元大-桃興,2024-02-21,9894
3022,威強電,12,1,11,元大-桃興,2024-02-21,9894
2023,燁輝,11,0,11,元大-桃興,2024-02-21,9894
6153,嘉聯益,11,0,11,元大-桃興,2024-02-21,9894
6112,邁達特,12,2,10,元大-桃興,2024-02-21,9894
1312,國喬,10,0,10,元大-桃興,2024-02-21,9894
00923,群益台ESG低碳50,10,0,10,元大-桃興,2024-02-21,9894
3380,明泰,17,7,10,元大-桃興,2024-02-21,9894
1524,耿鼎,133,6,127,元大-桃興,2024-02-22,9894
00937B,群益ESG投等債20,100,1,99,元大-桃興,2024-02-22,9894
00676R,富邦臺灣加權反1,72,0,72,元大-桃興,2024-02-22,9894
2489,瑞軒,66,8,58,元大-桃興,2024-02-22,9894
3231,緯創,128,73,55,元大-桃興,2024-02-22,9894
00679B,元大美債20年,52,0,52,元大-桃興,2024-02-22,9894
00687B,國泰20年美債,48,2,46,元大-桃興,2024-02-22,9894
2892,第一金,46,0,46,元大-桃興,2024-02-22,9894
3712,永崴投控,45,1,44,元大-桃興,2024-02-22,9894
2514,龍邦,42,0,42,元大-桃興,2024-02-22,9894
2329,華泰,103,64,39,元大-桃興,2024-02-22,9894
2371,大同,52,20,32,元大-桃興,2024-02-22,9894
1785,光洋科,34,5,29,元大-桃興,2024-02-22,9894
00795B,中信美國公債20年,27,0,27,元大-桃興,2024-02-22,9894
2610,華航,41,18,23,元大-桃興,2024-02-22,9894
00933B,國泰10Y+金融債,23,1,22,元大-桃興,2024-02-22,9894
8092,建暐,22,0,22,元大-桃興,2024-02-22,9894
4563,百德,21,0,21,元大-桃興,2024-02-22,9894
2409,友達,22,2,20,元大-桃興,2024-02-22,9894
2376,技嘉,46,26,20,元大-桃興,2024-02-22,9894
2312,金寶,20,0,20,元大-桃興,2024-02-22,9894
6164,華興,20,0,20,元大-桃興,2024-02-22,9894
00646,元大S＆P500,20,0,20,元大-桃興,2024-02-22,9894
1589,永冠-KY,18,0,18,元大-桃興,2024-02-22,9894
3481,群創,32,15,17,元大-桃興,2024-02-22,9894
00720B,元大投資級公司債,16,0,16,元大-桃興,2024-02-22,9894
8936,國統,22,6,16,元大-桃興,2024-02-22,9894
2356,英業達,82,66,16,元大-桃興,2024-02-22,9894
00753L,中信中國50正2,30,15,15,元大-桃興,2024-02-22,9894
00878,國泰永續高股息,49,34,15,元大-桃興,2024-02-22,9894
3047,訊舟,18,4,14,元大-桃興,2024-02-22,9894
6695,芯鼎,15,1,14,元大-桃興,2024-02-22,9894
1444,力麗,14,0,14,元大-桃興,2024-02-22,9894
1316,上曜,85,71,14,元大-桃興,2024-02-22,9894
1514,亞力,33,19,14,元大-桃興,2024-02-22,9894
00850,元大臺灣ESG永續,15,1,14,元大-桃興,2024-02-22,9894
3234,光環,15,2,13,元大-桃興,2024-02-22,9894
2421,建準,19,7,12,元大-桃興,2024-02-22,9894
6187,萬潤,16,3,13,元大-桃興,2024-02-22,9894
2606,裕民,14,2,12,元大-桃興,2024-02-22,9894
6505,台塑化,12,0,12,元大-桃興,2024-02-22,9894
00931B,統一美債20年,12,1,11,元大-桃興,2024-02-22,9894
8086,宏捷科,12,1,11,元大-桃興,2024-02-22,9894
8110,華東,15,4,11,元大-桃興,2024-02-22,9894
2208,台船,11,0,11,元大-桃興,2024-02-22,9894
8930,青鋼,12,1,11,元大-桃興,2024-02-22,9894
6271,同欣電,11,0,11,元大-桃興,2024-02-22,9894
4906,正文,12,1,11,元大-桃興,2024-02-22,9894
1503,士電,38,28,10,元大-桃興,2024-02-22,9894
3044,健鼎,14,4,10,元大-桃興,2024-02-22,9894
00679B,元大美債20年,1045,0,1045,元大-桃興,2024-02-23,9894
00665L,富邦�琤肭磪囓�2,1003,0,1003,元大-桃興,2024-02-23,9894
00937B,群益ESG投等債20,214,12,202,元大-桃興,2024-02-23,9894
00676R,富邦臺灣加權反1,147,0,147,元大-桃興,2024-02-23,9894
1524,耿鼎,143,16,127,元大-桃興,2024-02-23,9894
00878,國泰永續高股息,238,114,124,元大-桃興,2024-02-23,9894
3231,緯創,169,77,92,元大-桃興,2024-02-23,9894
4956,光鋐,89,4,85,元大-桃興,2024-02-23,9894
00632R,元大台灣50反1,100,31,69,元大-桃興,2024-02-23,9894
00933B,國泰10Y+金融債,79,15,64,元大-桃興,2024-02-23,9894
00637L,元大滬深300正2,70,8,62,元大-桃興,2024-02-23,9894
2603,長榮,76,16,60,元大-桃興,2024-02-23,9894
2618,長榮航,81,24,57,元大-桃興,2024-02-23,9894
3576,聯合再生,57,0,57,元大-桃興,2024-02-23,9894
2834,臺企銀,50,0,50,元大-桃興,2024-02-23,9894
1717,長興,44,4,40,元大-桃興,2024-02-23,9894
00919,群益台灣精選高息,118,81,37,元大-桃興,2024-02-23,9894
2421,建準,51,14,37,元大-桃興,2024-02-23,9894
2356,英業達,102,67,35,元大-桃興,2024-02-23,9894
00929,復華台灣科技優息,152,118,34,元大-桃興,2024-02-23,9894
6120,達運,29,0,29,元大-桃興,2024-02-23,9894
2344,華邦電,43,14,29,元大-桃興,2024-02-23,9894
8064,東捷,63,34,29,元大-桃興,2024-02-23,9894
6140,訊達,31,2,29,元大-桃興,2024-02-23,9894
2382,廣達,36,8,28,元大-桃興,2024-02-23,9894
2303,聯電,28,3,25,元大-桃興,2024-02-23,9894
2329,華泰,87,62,25,元大-桃興,2024-02-23,9894
2206,三陽工業,23,0,23,元大-桃興,2024-02-23,9894
00795B,中信美國公債20年,26,3,23,元大-桃興,2024-02-23,9894
2405,輔信,51,29,22,元大-桃興,2024-02-23,9894
6443,元晶,22,0,22,元大-桃興,2024-02-23,9894
3712,永崴投控,24,2,22,元大-桃興,2024-02-23,9894
9103,美德醫療-DR,22,0,22,元大-桃興,2024-02-23,9894
8028,昇陽半導體,21,0,21,元大-桃興,2024-02-23,9894
2367,燿華,25,4,21,元大-桃興,2024-02-23,9894
4906,正文,21,0,21,元大-桃興,2024-02-23,9894
00680L,元大美債20正2,33,12,21,元大-桃興,2024-02-23,9894
2355,敬鵬,23,3,20,元大-桃興,2024-02-23,9894
3049,精金,20,0,20,元大-桃興,2024-02-23,9894
00646,元大S＆P500,20,0,20,元大-桃興,2024-02-23,9894
3605,宏致,23,3,20,元大-桃興,2024-02-23,9894
3047,訊舟,24,4,20,元大-桃興,2024-02-23,9894
6806,森崴能源,21,1,20,元大-桃興,2024-02-23,9894
2884,玉山金,20,1,19,元大-桃興,2024-02-23,9894
3481,群創,95,77,18,元大-桃興,2024-02-23,9894
6213,聯茂,19,1,18,元大-桃興,2024-02-23,9894
6275,元山,21,3,18,元大-桃興,2024-02-23,9894
2353,宏��,44,27,17,元大-桃興,2024-02-23,9894
6269,台郡,17,0,17,元大-桃興,2024-02-23,9894
6770,力積電,16,1,15,元大-桃興,2024-02-23,9894
6116,彩晶,576,2,574,元大-桃興,2024-02-26,9894
2356,英業達,121,11,110,元大-桃興,2024-02-26,9894
1806,冠軍,65,2,63,元大-桃興,2024-02-26,9894
2449,京元電子,70,8,62,元大-桃興,2024-02-26,9894
6239,力成,58,4,54,元大-桃興,2024-02-26,9894
4714,永捷,50,2,48,元大-桃興,2024-02-26,9894
2104,國際中橡,50,2,48,元大-桃興,2024-02-26,9894
00878,國泰永續高股息,237,189,48,元大-桃興,2024-02-26,9894
00637L,元大滬深300正2,45,4,41,元大-桃興,2024-02-26,9894
6140,訊達,40,0,40,元大-桃興,2024-02-26,9894
00632R,元大台灣50反1,64,30,34,元大-桃興,2024-02-26,9894
8358,金居,35,2,33,元大-桃興,2024-02-26,9894
00676R,富邦臺灣加權反1,50,18,32,元大-桃興,2024-02-26,9894
1612,宏泰,38,6,32,元大-桃興,2024-02-26,9894
6120,達運,30,0,30,元大-桃興,2024-02-26,9894
1714,和桐,30,0,30,元大-桃興,2024-02-26,9894
00764B,群益25年美債,30,0,30,元大-桃興,2024-02-26,9894
00679B,元大美債20年,37,8,29,元大-桃興,2024-02-26,9894
3481,群創,42,17,25,元大-桃興,2024-02-26,9894
4526,東台,43,18,25,元大-桃興,2024-02-26,9894
00933B,國泰10Y+金融債,72,48,24,元大-桃興,2024-02-26,9894
8040,九暘,59,38,21,元大-桃興,2024-02-26,9894
3515,華擎,21,0,21,元大-桃興,2024-02-26,9894
1514,亞力,85,64,21,元大-桃興,2024-02-26,9894
2609,陽明,32,11,21,元大-桃興,2024-02-26,9894
00905,FT臺灣Smart,20,0,20,元大-桃興,2024-02-26,9894
2344,華邦電,22,2,20,元大-桃興,2024-02-26,9894
00671R,富邦NASDAQ反1,20,0,20,元大-桃興,2024-02-26,9894
2405,輔信,41,21,20,元大-桃興,2024-02-26,9894
2605,新興,23,4,19,元大-桃興,2024-02-26,9894
3706,神達,30,11,19,元大-桃興,2024-02-26,9894
3006,晶豪科,19,1,18,元大-桃興,2024-02-26,9894
4105,東洋,18,0,18,元大-桃興,2024-02-26,9894
4906,正文,18,0,18,元大-桃興,2024-02-26,9894
3231,緯創,48,30,18,元大-桃興,2024-02-26,9894
2303,聯電,31,14,17,元大-桃興,2024-02-26,9894
2406,國碩,17,0,17,元大-桃興,2024-02-26,9894
2409,友達,20,4,16,元大-桃興,2024-02-26,9894
1618,合機,16,0,16,元大-桃興,2024-02-26,9894
6285,啟��,27,11,16,元大-桃興,2024-02-26,9894
8069,元太,17,2,15,元大-桃興,2024-02-26,9894
2065,世豐,15,0,15,元大-桃興,2024-02-26,9894
5521,工信,15,0,15,元大-桃興,2024-02-26,9894
3260,威剛,21,6,15,元大-桃興,2024-02-26,9894
8048,德勝,16,1,15,元大-桃興,2024-02-26,9894
2884,玉山金,16,2,14,元大-桃興,2024-02-26,9894
6227,茂綸,15,1,14,元大-桃興,2024-02-26,9894
00706L,期元大S＆P日圓正2,13,0,13,元大-桃興,2024-02-26,9894
2312,金寶,31,18,13,元大-桃興,2024-02-26,9894
1529,樂事綠能,23,10,13,元大-桃興,2024-02-26,9894
6116,彩晶,454,0,454,元大-桃興,2024-02-27,9894
00937B,群益ESG投等債20,311,60,251,元大-桃興,2024-02-27,9894
00929,復華台灣科技優息,297,118,179,元大-桃興,2024-02-27,9894
00878,國泰永續高股息,304,144,160,元大-桃興,2024-02-27,9894
2610,華航,128,0,128,元大-桃興,2024-02-27,9894
00632R,元大台灣50反1,125,11,114,元大-桃興,2024-02-27,9894
00679B,元大美債20年,98,1,97,元大-桃興,2024-02-27,9894
2363,矽統,165,83,82,元大-桃興,2024-02-27,9894
00919,群益台灣精選高息,146,81,65,元大-桃興,2024-02-27,9894
2369,菱生,55,2,53,元大-桃興,2024-02-27,9894
00712,復華富時不動產,54,2,52,元大-桃興,2024-02-27,9894
6233,旺玖,83,33,50,元大-桃興,2024-02-27,9894
3231,緯創,120,75,45,元大-桃興,2024-02-27,9894
00687B,國泰20年美債,42,0,42,元大-桃興,2024-02-27,9894
3032,偉訓,42,0,42,元大-桃興,2024-02-27,9894
00933B,國泰10Y+金融債,43,1,42,元大-桃興,2024-02-27,9894
6125,廣運,73,37,36,元大-桃興,2024-02-27,9894
3450,聯鈞,58,23,35,元大-桃興,2024-02-27,9894
00764B,群益25年美債,31,0,31,元大-桃興,2024-02-27,9894
5272,笙科,31,1,30,元大-桃興,2024-02-27,9894
3323,加百裕,30,0,30,元大-桃興,2024-02-27,9894
00690,兆豐藍籌30,26,0,26,元大-桃興,2024-02-27,9894
3167,大量,28,2,26,元大-桃興,2024-02-27,9894
3037,欣興,84,58,26,元大-桃興,2024-02-27,9894
8096,擎亞,50,26,24,元大-桃興,2024-02-27,9894
5351,鈺創,30,6,24,元大-桃興,2024-02-27,9894
2002,中鋼,24,0,24,元大-桃興,2024-02-27,9894
2882,國泰金,23,1,22,元大-桃興,2024-02-27,9894
3024,憶聲,22,0,22,元大-桃興,2024-02-27,9894
2485,兆赫,21,0,21,元大-桃興,2024-02-27,9894
1785,光洋科,21,0,21,元大-桃興,2024-02-27,9894
00900,富邦特選高股息30,21,0,21,元大-桃興,2024-02-27,9894
2641,正德,20,0,20,元大-桃興,2024-02-27,9894
1714,和桐,20,0,20,元大-桃興,2024-02-27,9894
2492,華新科,19,0,19,元大-桃興,2024-02-27,9894
4967,十銓,24,5,19,元大-桃興,2024-02-27,9894
4909,新復興,32,13,19,元大-桃興,2024-02-27,9894
00673R,期元大S＆P原油反1,19,0,19,元大-桃興,2024-02-27,9894
2408,南亞科,21,3,18,元大-桃興,2024-02-27,9894
2431,聯昌,18,0,18,元大-桃興,2024-02-27,9894
00688L,國泰20年美債正2,18,0,18,元大-桃興,2024-02-27,9894
3047,訊舟,26,8,18,元大-桃興,2024-02-27,9894
2883,凱基金,18,0,18,元大-桃興,2024-02-27,9894
2020,美亞,17,0,17,元大-桃興,2024-02-27,9894
4401,東隆興,19,2,17,元大-桃興,2024-02-27,9894
4979,華星光,23,6,17,元大-桃興,2024-02-27,9894
6550,北極星藥業-KY,17,0,17,元大-桃興,2024-02-27,9894
5536,聖暉*,15,0,15,元大-桃興,2024-02-27,9894
00891,中信關鍵半導體,24,10,14,元大-桃興,2024-02-27,9894
2915,潤泰全,13,0,13,元大-桃興,2024-02-27,9894
6116,彩晶,436,0,436,元大-桃興,2024-02-29,9894
00937B,群益ESG投等債20,550,122,428,元大-桃興,2024-02-29,9894
00637L,元大滬深300正2,400,6,394,元大-桃興,2024-02-29,9894
00919,群益台灣精選高息,354,22,332,元大-桃興,2024-02-29,9894
00673R,期元大S＆P原油反1,181,18,163,元大-桃興,2024-02-29,9894
1815,富喬,188,87,101,元大-桃興,2024-02-29,9894
3481,群創,107,7,100,元大-桃興,2024-02-29,9894
1712,興農,101,4,97,元大-桃興,2024-02-29,9894
00676R,富邦臺灣加權反1,96,0,96,元大-桃興,2024-02-29,9894
00632R,元大台灣50反1,73,5,68,元大-桃興,2024-02-29,9894
2329,華泰,94,29,65,元大-桃興,2024-02-29,9894
00751B,元大AAA至A公司債,56,0,56,元大-桃興,2024-02-29,9894
2324,仁寶,73,27,46,元大-桃興,2024-02-29,9894
00687B,國泰20年美債,44,0,44,元大-桃興,2024-02-29,9894
00720B,元大投資級公司債,42,0,42,元大-桃興,2024-02-29,9894
2888,新光金,31,0,31,元大-桃興,2024-02-29,9894
2458,義隆,35,4,31,元大-桃興,2024-02-29,9894
2449,京元電子,40,9,31,元大-桃興,2024-02-29,9894
6216,居易,25,0,25,元大-桃興,2024-02-29,9894
00688L,國泰20年美債正2,24,0,24,元大-桃興,2024-02-29,9894
2312,金寶,24,0,24,元大-桃興,2024-02-29,9894
2405,輔信,30,6,24,元大-桃興,2024-02-29,9894
6227,茂綸,28,5,23,元大-桃興,2024-02-29,9894
1522,堤維西,78,57,21,元大-桃興,2024-02-29,9894
3231,緯創,38,17,21,元大-桃興,2024-02-29,9894
2618,長榮航,29,10,19,元大-桃興,2024-02-29,9894
3581,博磊,21,2,19,元大-桃興,2024-02-29,9894
2327,國巨,21,2,19,元大-桃興,2024-02-29,9894
2363,矽統,44,25,19,元大-桃興,2024-02-29,9894
2834,臺企銀,25,6,19,元大-桃興,2024-02-29,9894
3024,憶聲,17,0,17,元大-桃興,2024-02-29,9894
2809,京城銀,18,1,17,元大-桃興,2024-02-29,9894
2887,台新金,17,0,17,元大-桃興,2024-02-29,9894
2634,漢翔,20,4,16,元大-桃興,2024-02-29,9894
2489,瑞軒,16,0,16,元大-桃興,2024-02-29,9894
2431,聯昌,26,10,16,元大-桃興,2024-02-29,9894
00882,中信中國高股息,15,0,15,元大-桃興,2024-02-29,9894
00712,復華富時不動產,14,0,14,元大-桃興,2024-02-29,9894
4529,淳紳,14,0,14,元大-桃興,2024-02-29,9894
8926,台汽電,25,11,14,元大-桃興,2024-02-29,9894
2313,華通,29,16,13,元大-桃興,2024-02-29,9894
00680L,元大美債20正2,20,7,13,元大-桃興,2024-02-29,9894
00933B,國泰10Y+金融債,13,0,13,元大-桃興,2024-02-29,9894
2382,廣達,16,4,12,元大-桃興,2024-02-29,9894
1795,美時,17,5,12,元大-桃興,2024-02-29,9894
00918,大華優利高填息30,12,0,12,元大-桃興,2024-02-29,9894
2328,廣宇,12,0,12,元大-桃興,2024-02-29,9894
2317,鴻海,17,5,12,元大-桃興,2024-02-29,9894
4714,永捷,32,20,12,元大-桃興,2024-02-29,9894
8046,南電,11,0,11,元大-桃興,2024-02-29,9894
00919,群益台灣精選高息,651,70,581,元大-桃興,2024-03-01,9894
00937B,群益ESG投等債20,235,10,225,元大-桃興,2024-03-01,9894
00933B,國泰10Y+金融債,80,2,78,元大-桃興,2024-03-01,9894
00680L,元大美債20正2,108,31,77,元大-桃興,2024-03-01,9894
1513,中興電,99,45,54,元大-桃興,2024-03-01,9894
00673R,期元大S＆P原油反1,150,100,50,元大-桃興,2024-03-01,9894
00918,大華優利高填息30,47,1,46,元大-桃興,2024-03-01,9894
8064,東捷,59,19,40,元大-桃興,2024-03-01,9894
00637L,元大滬深300正2,97,57,40,元大-桃興,2024-03-01,9894
3032,偉訓,50,13,37,元大-桃興,2024-03-01,9894
2356,英業達,53,16,37,元大-桃興,2024-03-01,9894
2303,聯電,39,3,36,元大-桃興,2024-03-01,9894
1589,永冠-KY,35,0,35,元大-桃興,2024-03-01,9894
2002,中鋼,43,9,34,元大-桃興,2024-03-01,9894
00922,國泰台灣領袖50,34,0,34,元大-桃興,2024-03-01,9894
6770,力積電,33,0,33,元大-桃興,2024-03-01,9894
4543,萬在,63,32,31,元大-桃興,2024-03-01,9894
2431,聯昌,30,0,30,元大-桃興,2024-03-01,9894
2882,國泰金,28,2,26,元大-桃興,2024-03-01,9894
3605,宏致,27,1,26,元大-桃興,2024-03-01,9894
4303,信立,34,8,26,元大-桃興,2024-03-01,9894
2025,千興,24,0,24,元大-桃興,2024-03-01,9894
00772B,中信高評級公司債,20,0,20,元大-桃興,2024-03-01,9894
2390,云辰,20,0,20,元大-桃興,2024-03-01,9894
4707,磐亞,21,1,20,元大-桃興,2024-03-01,9894
5905,南仁湖,19,0,19,元大-桃興,2024-03-01,9894
2610,華航,26,8,18,元大-桃興,2024-03-01,9894
2313,華通,36,19,17,元大-桃興,2024-03-01,9894
6799,來頡,21,4,17,元大-桃興,2024-03-01,9894
3078,僑威,18,1,17,元大-桃興,2024-03-01,9894
2317,鴻海,17,1,16,元大-桃興,2024-03-01,9894
2881,富邦金,15,0,15,元大-桃興,2024-03-01,9894
1316,上曜,26,11,15,元大-桃興,2024-03-01,9894
00706L,期元大S＆P日圓正2,17,2,15,元大-桃興,2024-03-01,9894
6226,光鼎,14,0,14,元大-桃興,2024-03-01,9894
6782,視陽,14,0,14,元大-桃興,2024-03-01,9894
4915,致伸,15,1,14,元大-桃興,2024-03-01,9894
5381,合正,14,0,14,元大-桃興,2024-03-01,9894
00893,國泰智能電動車,20,6,14,元大-桃興,2024-03-01,9894
5452,佶優,26,12,14,元大-桃興,2024-03-01,9894
3294,英濟,14,0,14,元大-桃興,2024-03-01,9894
2329,華泰,27,13,14,元大-桃興,2024-03-01,9894
3047,訊舟,14,1,13,元大-桃興,2024-03-01,9894
1416,廣豐,13,0,13,元大-桃興,2024-03-01,9894
3052,夆典,13,0,13,元大-桃興,2024-03-01,9894
1455,集盛,13,0,13,元大-桃興,2024-03-01,9894
2809,京城銀,13,0,13,元大-桃興,2024-03-01,9894
2603,長榮,30,18,12,元大-桃興,2024-03-01,9894
2615,萬海,12,0,12,元大-桃興,2024-03-01,9894
1474,弘裕,13,1,12,元大-桃興,2024-03-01,9894
00937B,群益ESG投等債20,185,11,174,元大-桃興,2024-03-04,9894
00918,大華優利高填息30,128,0,128,元大-桃興,2024-03-04,9894
00933B,國泰10Y+金融債,124,0,124,元大-桃興,2024-03-04,9894
2610,華航,111,13,98,元大-桃興,2024-03-04,9894
1524,耿鼎,100,6,94,元大-桃興,2024-03-04,9894
00679B,元大美債20年,83,5,78,元大-桃興,2024-03-04,9894
00919,群益台灣精選高息,194,116,78,元大-桃興,2024-03-04,9894
1806,冠軍,79,6,73,元大-桃興,2024-03-04,9894
00751B,元大AAA至A公司債,72,1,71,元大-桃興,2024-03-04,9894
00772B,中信高評級公司債,70,0,70,元大-桃興,2024-03-04,9894
00720B,元大投資級公司債,60,1,59,元大-桃興,2024-03-04,9894
2002,中鋼,53,0,53,元大-桃興,2024-03-04,9894
00882,中信中國高股息,55,3,52,元大-桃興,2024-03-04,9894
00878,國泰永續高股息,83,32,51,元大-桃興,2024-03-04,9894
2104,國際中橡,50,1,49,元大-桃興,2024-03-04,9894
8069,元太,45,1,44,元大-桃興,2024-03-04,9894
00670L,富邦NASDAQ正2,44,0,44,元大-桃興,2024-03-04,9894
4908,前鼎,49,6,43,元大-桃興,2024-03-04,9894
2303,聯電,54,18,36,元大-桃興,2024-03-04,9894
1514,亞力,84,49,35,元大-桃興,2024-03-04,9894
1513,中興電,64,31,33,元大-桃興,2024-03-04,9894
5521,工信,34,1,33,元大-桃興,2024-03-04,9894
8092,建暐,37,5,32,元大-桃興,2024-03-04,9894
1301,台塑,29,0,29,元大-桃興,2024-03-04,9894
5272,笙科,31,2,29,元大-桃興,2024-03-04,9894
2344,華邦電,31,3,28,元大-桃興,2024-03-04,9894
2618,長榮航,35,9,26,元大-桃興,2024-03-04,9894
6462,神盾,32,7,25,元大-桃興,2024-03-04,9894
3062,建漢,48,23,25,元大-桃興,2024-03-04,9894
6229,研通,25,1,24,元大-桃興,2024-03-04,9894
00712,復華富時不動產,29,5,24,元大-桃興,2024-03-04,9894
6125,廣運,51,28,23,元大-桃興,2024-03-04,9894
3005,神基,43,21,22,元大-桃興,2024-03-04,9894
3583,辛耘,25,3,22,元大-桃興,2024-03-04,9894
00900,富邦特選高股息30,36,14,22,元大-桃興,2024-03-04,9894
8358,金居,21,0,21,元大-桃興,2024-03-04,9894
1471,首利,21,0,21,元大-桃興,2024-03-04,9894
1314,中石化,21,0,21,元大-桃興,2024-03-04,9894
2892,第一金,20,0,20,元大-桃興,2024-03-04,9894
00921,兆豐龍頭等權重,20,0,20,元大-桃興,2024-03-04,9894
6269,台郡,21,2,19,元大-桃興,2024-03-04,9894
8150,南茂,19,0,19,元大-桃興,2024-03-04,9894
00915,凱基優選高股息30,17,0,17,元大-桃興,2024-03-04,9894
6901,鑽石投資,18,2,16,元大-桃興,2024-03-04,9894
1609,大亞,21,5,16,元大-桃興,2024-03-04,9894
00753L,中信中國50正2,15,0,15,元大-桃興,2024-03-04,9894
2438,翔耀,14,0,14,元大-桃興,2024-03-04,9894
2609,陽明,27,14,13,元大-桃興,2024-03-04,9894
2457,飛宏,15,2,13,元大-桃興,2024-03-04,9894
6152,百一,16,3,13,元大-桃興,2024-03-04,9894
2610,華航,256,4,252,元大-桃興,2024-03-05,9894
1524,耿鼎,200,11,189,元大-桃興,2024-03-05,9894
00919,群益台灣精選高息,212,102,110,元大-桃興,2024-03-05,9894
00937B,群益ESG投等債20,108,15,93,元大-桃興,2024-03-05,9894
00712,復華富時不動產,110,20,90,元大-桃興,2024-03-05,9894
3013,晟銘電,206,130,76,元大-桃興,2024-03-05,9894
2812,台中銀,75,1,74,元大-桃興,2024-03-05,9894
00882,中信中國高股息,87,17,70,元大-桃興,2024-03-05,9894
00905,FT臺灣Smart,60,0,60,元大-桃興,2024-03-05,9894
2887,台新金,57,2,55,元大-桃興,2024-03-05,9894
4906,正文,102,49,53,元大-桃興,2024-03-05,9894
2855,統一證,50,0,50,元大-桃興,2024-03-05,9894
00650L,復華香港正2,50,0,50,元大-桃興,2024-03-05,9894
2303,聯電,50,2,48,元大-桃興,2024-03-05,9894
6108,競國,45,0,45,元大-桃興,2024-03-05,9894
5498,凱崴,53,12,41,元大-桃興,2024-03-05,9894
8358,金居,40,0,40,元大-桃興,2024-03-05,9894
00918,大華優利高填息30,35,0,35,元大-桃興,2024-03-05,9894
1316,上曜,65,31,34,元大-桃興,2024-03-05,9894
2882,國泰金,34,0,34,元大-桃興,2024-03-05,9894
3062,建漢,42,10,32,元大-桃興,2024-03-05,9894
4942,嘉彰,36,5,31,元大-桃興,2024-03-05,9894
1809,中釉,40,10,30,元大-桃興,2024-03-05,9894
4533,協易機,30,0,30,元大-桃興,2024-03-05,9894
2324,仁寶,55,28,27,元大-桃興,2024-03-05,9894
00679B,元大美債20年,30,4,26,元大-桃興,2024-03-05,9894
2409,友達,26,0,26,元大-桃興,2024-03-05,9894
3260,威剛,32,6,26,元大-桃興,2024-03-05,9894
3481,群創,54,29,25,元大-桃興,2024-03-05,9894
2495,普安,45,20,25,元大-桃興,2024-03-05,9894
00927,群益半導體收益,26,3,23,元大-桃興,2024-03-05,9894
2838,聯邦銀,23,0,23,元大-桃興,2024-03-05,9894
8069,元太,28,5,23,元大-桃興,2024-03-05,9894
6770,力積電,26,4,22,元大-桃興,2024-03-05,9894
00915,凱基優選高股息30,22,0,22,元大-桃興,2024-03-05,9894
1589,永冠-KY,21,0,21,元大-桃興,2024-03-05,9894
6207,雷科,22,1,21,元大-桃興,2024-03-05,9894
00912,中信臺灣智慧50,20,0,20,元大-桃興,2024-03-05,9894
00753L,中信中國50正2,20,0,20,元大-桃興,2024-03-05,9894
1528,恩德,20,0,20,元大-桃興,2024-03-05,9894
2344,華邦電,20,0,20,元大-桃興,2024-03-05,9894
00687B,國泰20年美債,19,0,19,元大-桃興,2024-03-05,9894
6806,森崴能源,22,4,18,元大-桃興,2024-03-05,9894
2002,中鋼,28,10,18,元大-桃興,2024-03-05,9894
2355,敬鵬,20,3,17,元大-桃興,2024-03-05,9894
3483,力致,20,4,16,元大-桃興,2024-03-05,9894
2492,華新科,15,0,15,元大-桃興,2024-03-05,9894
5484,慧友,15,0,15,元大-桃興,2024-03-05,9894
00857B,永豐20年美公債,15,0,15,元大-桃興,2024-03-05,9894
2485,兆赫,16,1,15,元大-桃興,2024-03-05,9894
00919,群益台灣精選高息,284,53,231,元大-桃興,2024-03-06,9894
6116,彩晶,170,0,170,元大-桃興,2024-03-06,9894
2618,長榮航,166,58,108,元大-桃興,2024-03-06,9894
2464,盟立,105,6,99,元大-桃興,2024-03-06,9894
1524,耿鼎,101,4,97,元大-桃興,2024-03-06,9894
00937B,群益ESG投等債20,77,0,77,元大-桃興,2024-03-06,9894
00918,大華優利高填息30,91,27,64,元大-桃興,2024-03-06,9894
2801,彰銀,55,3,52,元大-桃興,2024-03-06,9894
00676R,富邦臺灣加權反1,51,0,51,元大-桃興,2024-03-06,9894
00632R,元大台灣50反1,54,3,51,元大-桃興,2024-03-06,9894
2610,華航,60,11,49,元大-桃興,2024-03-06,9894
8011,台通,52,7,45,元大-桃興,2024-03-06,9894
5272,笙科,37,2,35,元大-桃興,2024-03-06,9894
00905,FT臺灣Smart,31,0,31,元大-桃興,2024-03-06,9894
2431,聯昌,31,0,31,元大-桃興,2024-03-06,9894
2515,中工,27,2,25,元大-桃興,2024-03-06,9894
2883,凱基金,29,6,23,元大-桃興,2024-03-06,9894
3481,群創,32,9,23,元大-桃興,2024-03-06,9894
5521,工信,42,20,22,元大-桃興,2024-03-06,9894
8110,華東,25,3,22,元大-桃興,2024-03-06,9894
4906,正文,29,8,21,元大-桃興,2024-03-06,9894
00679B,元大美債20年,24,3,21,元大-桃興,2024-03-06,9894
8358,金居,20,0,20,元大-桃興,2024-03-06,9894
00857B,永豐20年美公債,23,3,20,元大-桃興,2024-03-06,9894
9904,寶成,20,0,20,元大-桃興,2024-03-06,9894
3022,威強電,20,1,19,元大-桃興,2024-03-06,9894
00712,復華富時不動產,19,0,19,元大-桃興,2024-03-06,9894
2363,矽統,36,18,18,元大-桃興,2024-03-06,9894
2408,南亞科,20,3,17,元大-桃興,2024-03-06,9894
00720B,元大投資級公司債,17,0,17,元大-桃興,2024-03-06,9894
2344,華邦電,16,0,16,元大-桃興,2024-03-06,9894
1589,永冠-KY,17,1,16,元大-桃興,2024-03-06,9894
6143,振曜,21,5,16,元大-桃興,2024-03-06,9894
5905,南仁湖,16,0,16,元大-桃興,2024-03-06,9894
6179,亞通,16,1,15,元大-桃興,2024-03-06,9894
00830,國泰費城半導體,15,0,15,元大-桃興,2024-03-06,9894
2305,全友,16,1,15,元大-桃興,2024-03-06,9894
6161,捷波,23,10,13,元大-桃興,2024-03-06,9894
3376,新日興,23,10,13,元大-桃興,2024-03-06,9894
6274,台燿,19,6,13,元大-桃興,2024-03-06,9894
00915,凱基優選高股息30,12,0,12,元大-桃興,2024-03-06,9894
1301,台塑,17,5,12,元大-桃興,2024-03-06,9894
2845,遠東銀,33,21,12,元大-桃興,2024-03-06,9894
3535,晶彩科,12,0,12,元大-桃興,2024-03-06,9894
3189,景碩,12,0,12,元大-桃興,2024-03-06,9894
3622,洋華,12,0,12,元大-桃興,2024-03-06,9894
3231,緯創,55,43,12,元大-桃興,2024-03-06,9894
3017,奇鋐,48,36,12,元大-桃興,2024-03-06,9894
6126,信音,32,21,11,元大-桃興,2024-03-06,9894
00935,野村臺灣新科技50,11,0,11,元大-桃興,2024-03-06,9894
5452,佶優,138,4,134,元大-桃興,2024-03-07,9894
00680L,元大美債20正2,151,35,116,元大-桃興,2024-03-07,9894
00937B,群益ESG投等債20,185,70,115,元大-桃興,2024-03-07,9894
4714,永捷,117,7,110,元大-桃興,2024-03-07,9894
1524,耿鼎,107,0,107,元大-桃興,2024-03-07,9894
3013,晟銘電,164,60,104,元大-桃興,2024-03-07,9894
5498,凱崴,103,10,93,元大-桃興,2024-03-07,9894
1815,富喬,193,112,81,元大-桃興,2024-03-07,9894
00712,復華富時不動產,85,10,75,元大-桃興,2024-03-07,9894
5521,工信,91,23,68,元大-桃興,2024-03-07,9894
00918,大華優利高填息30,90,22,68,元大-桃興,2024-03-07,9894
2409,友達,71,9,62,元大-桃興,2024-03-07,9894
00919,群益台灣精選高息,155,96,59,元大-桃興,2024-03-07,9894
1809,中釉,57,0,57,元大-桃興,2024-03-07,9894
3231,緯創,100,44,56,元大-桃興,2024-03-07,9894
2887,台新金,61,7,54,元大-桃興,2024-03-07,9894
3481,群創,213,162,51,元大-桃興,2024-03-07,9894
2329,華泰,73,24,49,元大-桃興,2024-03-07,9894
8112,至上,97,50,47,元大-桃興,2024-03-07,9894
5488,松普,50,6,44,元大-桃興,2024-03-07,9894
2025,千興,42,2,40,元大-桃興,2024-03-07,9894
2344,華邦電,82,44,38,元大-桃興,2024-03-07,9894
00637L,元大滬深300正2,48,12,36,元大-桃興,2024-03-07,9894
00905,FT臺灣Smart,34,0,34,元大-桃興,2024-03-07,9894
2324,仁寶,43,10,33,元大-桃興,2024-03-07,9894
00857B,永豐20年美公債,29,0,29,元大-桃興,2024-03-07,9894
6163,華電網,29,1,28,元大-桃興,2024-03-07,9894
3576,聯合再生,31,3,28,元大-桃興,2024-03-07,9894
2301,光寶科,26,0,26,元大-桃興,2024-03-07,9894
00915,凱基優選高股息30,28,3,25,元大-桃興,2024-03-07,9894
3047,訊舟,24,0,24,元大-桃興,2024-03-07,9894
3450,聯鈞,31,7,24,元大-桃興,2024-03-07,9894
2002,中鋼,28,6,22,元大-桃興,2024-03-07,9894
00706L,期元大S＆P日圓正2,23,2,21,元大-桃興,2024-03-07,9894
8358,金居,20,0,20,元大-桃興,2024-03-07,9894
8034,榮群,27,7,20,元大-桃興,2024-03-07,9894
3015,全漢,20,0,20,元大-桃興,2024-03-07,9894
2903,遠百,20,0,20,元大-桃興,2024-03-07,9894
6274,台燿,24,5,19,元大-桃興,2024-03-07,9894
00688L,國泰20年美債正2,23,4,19,元大-桃興,2024-03-07,9894
2337,旺宏,23,5,18,元大-桃興,2024-03-07,9894
5443,均豪,22,4,18,元大-桃興,2024-03-07,9894
8069,元太,21,4,17,元大-桃興,2024-03-07,9894
2408,南亞科,22,5,17,元大-桃興,2024-03-07,9894
2353,宏��,30,14,16,元大-桃興,2024-03-07,9894
1303,南亞,17,1,16,元大-桃興,2024-03-07,9894
2368,金像電,27,11,16,元大-桃興,2024-03-07,9894
3321,同泰,16,0,16,元大-桃興,2024-03-07,9894
2313,華通,63,48,15,元大-桃興,2024-03-07,9894
3715,定穎投控,21,6,15,元大-桃興,2024-03-07,9894
00632R,元大台灣50反1,260,0,260,元大-桃興,2024-03-08,9894
3024,憶聲,263,10,253,元大-桃興,2024-03-08,9894
1524,耿鼎,119,0,119,元大-桃興,2024-03-08,9894
00918,大華優利高填息30,99,26,73,元大-桃興,2024-03-08,9894
2609,陽明,95,22,73,元大-桃興,2024-03-08,9894
00937B,群益ESG投等債20,122,51,71,元大-桃興,2024-03-08,9894
5498,凱崴,122,61,61,元大-桃興,2024-03-08,9894
2836,高雄銀,58,2,56,元大-桃興,2024-03-08,9894
1301,台塑,55,4,51,元大-桃興,2024-03-08,9894
00919,群益台灣精選高息,253,208,45,元大-桃興,2024-03-08,9894
00900,富邦特選高股息30,62,17,45,元大-桃興,2024-03-08,9894
9905,大華,41,0,41,元大-桃興,2024-03-08,9894
2485,兆赫,40,0,40,元大-桃興,2024-03-08,9894
4714,永捷,40,0,40,元大-桃興,2024-03-08,9894
2206,三陽工業,41,3,38,元大-桃興,2024-03-08,9894
3481,群創,163,126,37,元大-桃興,2024-03-08,9894
2408,南亞科,37,3,34,元大-桃興,2024-03-08,9894
00637L,元大滬深300正2,46,13,33,元大-桃興,2024-03-08,9894
3434,哲固,52,22,30,元大-桃興,2024-03-08,9894
4960,誠美材,30,0,30,元大-桃興,2024-03-08,9894
9921,巨大,33,3,30,元大-桃興,2024-03-08,9894
2409,友達,29,0,29,元大-桃興,2024-03-08,9894
3372,典範,30,2,28,元大-桃興,2024-03-08,9894
3260,威剛,31,4,27,元大-桃興,2024-03-08,9894
3338,泰碩,40,15,25,元大-桃興,2024-03-08,9894
2317,鴻海,35,11,24,元大-桃興,2024-03-08,9894
6125,廣運,76,52,24,元大-桃興,2024-03-08,9894
2353,宏��,39,16,23,元大-桃興,2024-03-08,9894
6005,群益證,28,6,22,元大-桃興,2024-03-08,9894
2356,英業達,37,15,22,元大-桃興,2024-03-08,9894
3702,大聯大,29,8,21,元大-桃興,2024-03-08,9894
00907,永豐優息存股,22,1,21,元大-桃興,2024-03-08,9894
6770,力積電,27,6,21,元大-桃興,2024-03-08,9894
5353,台林,21,0,21,元大-桃興,2024-03-08,9894
00679B,元大美債20年,24,4,20,元大-桃興,2024-03-08,9894
1717,長興,22,2,20,元大-桃興,2024-03-08,9894
5388,中磊,19,1,18,元大-桃興,2024-03-08,9894
9955,佳龍,28,10,18,元大-桃興,2024-03-08,9894
3006,晶豪科,20,2,18,元大-桃興,2024-03-08,9894
2308,台達電,44,26,18,元大-桃興,2024-03-08,9894
2486,一詮,20,3,17,元大-桃興,2024-03-08,9894
3217,優群,16,0,16,元大-桃興,2024-03-08,9894
1513,中興電,46,30,16,元大-桃興,2024-03-08,9894
2615,萬海,22,7,15,元大-桃興,2024-03-08,9894
9941,裕融,17,1,16,元大-桃興,2024-03-08,9894
1313,聯成,15,0,15,元大-桃興,2024-03-08,9894
2888,新光金,28,13,15,元大-桃興,2024-03-08,9894
1609,大亞,19,5,14,元大-桃興,2024-03-08,9894
00882,中信中國高股息,17,4,13,元大-桃興,2024-03-08,9894
00687B,國泰20年美債,25,12,13,元大-桃興,2024-03-08,9894
00919,群益台灣精選高息,513,89,424,元大-桃興,2024-03-11,9894
00937B,群益ESG投等債20,221,12,209,元大-桃興,2024-03-11,9894
00632R,元大台灣50反1,133,1,132,元大-桃興,2024-03-11,9894
00933B,國泰10Y+金融債,112,3,109,元大-桃興,2024-03-11,9894
2618,長榮航,109,19,90,元大-桃興,2024-03-11,9894
2801,彰銀,90,0,90,元大-桃興,2024-03-11,9894
2367,燿華,118,43,75,元大-桃興,2024-03-11,9894
2880,華南金,74,0,74,元大-桃興,2024-03-11,9894
2610,華航,67,1,66,元大-桃興,2024-03-11,9894
00712,復華富時不動產,55,1,54,元大-桃興,2024-03-11,9894
00935,野村臺灣新科技50,54,1,53,元大-桃興,2024-03-11,9894
00857B,永豐20年美公債,50,0,50,元大-桃興,2024-03-11,9894
3013,晟銘電,46,2,44,元大-桃興,2024-03-11,9894
4532,瑞智,40,0,40,元大-桃興,2024-03-11,9894
00918,大華優利高填息30,45,6,39,元大-桃興,2024-03-11,9894
6182,合晶,44,11,33,元大-桃興,2024-03-11,9894
00687B,國泰20年美債,32,4,28,元大-桃興,2024-03-11,9894
00665L,富邦�琤肭磪囓�2,26,1,25,元大-桃興,2024-03-11,9894
4714,永捷,26,2,24,元大-桃興,2024-03-11,9894
8086,宏捷科,43,20,23,元大-桃興,2024-03-11,9894
2330,台積電,33,11,22,元大-桃興,2024-03-11,9894
2888,新光金,25,3,22,元大-桃興,2024-03-11,9894
2356,英業達,36,16,20,元大-桃興,2024-03-11,9894
8105,凌巨,21,2,19,元大-桃興,2024-03-11,9894
2353,宏��,21,2,19,元大-桃興,2024-03-11,9894
6274,台燿,25,6,19,元大-桃興,2024-03-11,9894
6005,群益證,20,2,18,元大-桃興,2024-03-11,9894
1455,集盛,20,2,18,元大-桃興,2024-03-11,9894
1312,國喬,16,0,16,元大-桃興,2024-03-11,9894
00679B,元大美債20年,16,0,16,元大-桃興,2024-03-11,9894
1101,台泥,15,0,15,元大-桃興,2024-03-11,9894
2838,聯邦銀,26,11,15,元大-桃興,2024-03-11,9894
3209,全科,15,0,15,元大-桃興,2024-03-11,9894
3437,榮創,15,0,15,元大-桃興,2024-03-11,9894
2393,億光,15,0,15,元大-桃興,2024-03-11,9894
5443,均豪,16,1,15,元大-桃興,2024-03-11,9894
6116,彩晶,15,0,15,元大-桃興,2024-03-11,9894
2358,廷鑫,16,2,14,元大-桃興,2024-03-11,9894
3047,訊舟,13,0,13,元大-桃興,2024-03-11,9894
5351,鈺創,13,0,13,元大-桃興,2024-03-11,9894
6830,汎銓,13,0,13,元大-桃興,2024-03-11,9894
3017,奇鋐,44,32,12,元大-桃興,2024-03-11,9894
1301,台塑,12,0,12,元大-桃興,2024-03-11,9894
1560,中砂,12,0,12,元大-桃興,2024-03-11,9894
6703,軒郁,12,0,12,元大-桃興,2024-03-11,9894
2476,鉅祥,16,4,12,元大-桃興,2024-03-11,9894
6770,力積電,13,1,12,元大-桃興,2024-03-11,9894
6191,精成科,12,1,11,元大-桃興,2024-03-11,9894
2104,國際中橡,11,0,11,元大-桃興,2024-03-11,9894
2603,長榮,17,7,10,元大-桃興,2024-03-11,9894
00937B,群益ESG投等債20,606,13,593,元大-桃興,2024-03-12,9894
00918,大華優利高填息30,212,15,197,元大-桃興,2024-03-12,9894
00929,復華台灣科技優息,99,23,76,元大-桃興,2024-03-12,9894
00933B,國泰10Y+金融債,76,0,76,元大-桃興,2024-03-12,9894
2838,聯邦銀,66,1,65,元大-桃興,2024-03-12,9894
2314,台揚,58,0,58,元大-桃興,2024-03-12,9894
2883,凱基金,89,37,52,元大-桃興,2024-03-12,9894
2421,建準,60,12,48,元大-桃興,2024-03-12,9894
9902,台火,52,4,48,元大-桃興,2024-03-12,9894
2887,台新金,47,0,47,元大-桃興,2024-03-12,9894
4714,永捷,63,16,47,元大-桃興,2024-03-12,9894
2323,中環,60,14,46,元大-桃興,2024-03-12,9894
00688L,國泰20年美債正2,52,12,40,元大-桃興,2024-03-12,9894
00687B,國泰20年美債,37,1,36,元大-桃興,2024-03-12,9894
1514,亞力,62,28,34,元大-桃興,2024-03-12,9894
00857B,永豐20年美公債,30,0,30,元大-桃興,2024-03-12,9894
2344,華邦電,35,7,28,元大-桃興,2024-03-12,9894
5386,青雲,34,9,25,元大-桃興,2024-03-12,9894
2308,台達電,23,0,23,元大-桃興,2024-03-12,9894
6235,華孚,25,4,21,元大-桃興,2024-03-12,9894
6741,91APP*-KY,20,0,20,元大-桃興,2024-03-12,9894
1455,集盛,23,3,20,元大-桃興,2024-03-12,9894
00927,群益半導體收益,23,4,19,元大-桃興,2024-03-12,9894
00712,復華富時不動產,20,1,19,元大-桃興,2024-03-12,9894
3376,新日興,20,2,18,元大-桃興,2024-03-12,9894
3312,弘憶股,18,1,17,元大-桃興,2024-03-12,9894
2313,華通,70,54,16,元大-桃興,2024-03-12,9894
2324,仁寶,26,10,16,元大-桃興,2024-03-12,9894
2368,金像電,19,4,15,元大-桃興,2024-03-12,9894
5706,鳳凰,16,1,15,元大-桃興,2024-03-12,9894
2020,美亞,14,0,14,元大-桃興,2024-03-12,9894
9105,泰金寶-DR,14,0,14,元大-桃興,2024-03-12,9894
1504,東元,20,6,14,元大-桃興,2024-03-12,9894
1519,華城,19,6,13,元大-桃興,2024-03-12,9894
2371,大同,27,15,12,元大-桃興,2024-03-12,9894
00751B,元大AAA至A公司債,12,0,12,元大-桃興,2024-03-12,9894
6153,嘉聯益,12,0,12,元大-桃興,2024-03-12,9894
2201,裕隆,18,6,12,元大-桃興,2024-03-12,9894
2379,瑞昱,11,0,11,元大-桃興,2024-03-12,9894
6138,茂達,11,0,11,元大-桃興,2024-03-12,9894
00772B,中信高評級公司債,11,0,11,元大-桃興,2024-03-12,9894
4526,東台,11,0,11,元大-桃興,2024-03-12,9894
2722,夏都,12,1,11,元大-桃興,2024-03-12,9894
6213,聯茂,11,0,11,元大-桃興,2024-03-12,9894
5243,乙盛-KY,13,2,11,元大-桃興,2024-03-12,9894
1815,富喬,18,8,10,元大-桃興,2024-03-12,9894
00773B,中信優先金融債,10,0,10,元大-桃興,2024-03-12,9894
2605,新興,10,0,10,元大-桃興,2024-03-12,9894
2402,毅嘉,10,0,10,元大-桃興,2024-03-12,9894
2355,敬鵬,16,6,10,元大-桃興,2024-03-12,9894
00937B,群益ESG投等債20,305,42,263,元大-桃興,2024-03-13,9894
00919,群益台灣精選高息,286,37,249,元大-桃興,2024-03-13,9894
00637L,元大滬深300正2,170,0,170,元大-桃興,2024-03-13,9894
9105,泰金寶-DR,135,0,135,元大-桃興,2024-03-13,9894
00665L,富邦�琤肭磪囓�2,105,0,105,元大-桃興,2024-03-13,9894
3231,緯創,142,46,96,元大-桃興,2024-03-13,9894
2883,凱基金,126,45,81,元大-桃興,2024-03-13,9894
00687B,國泰20年美債,100,19,81,元大-桃興,2024-03-13,9894
2880,華南金,82,1,81,元大-桃興,2024-03-13,9894
6026,福邦證,80,0,80,元大-桃興,2024-03-13,9894
2838,聯邦銀,62,0,62,元大-桃興,2024-03-13,9894
6125,廣運,108,52,56,元大-桃興,2024-03-13,9894
00918,大華優利高填息30,210,156,54,元大-桃興,2024-03-13,9894
2607,榮運,61,9,52,元大-桃興,2024-03-13,9894
2887,台新金,45,1,44,元大-桃興,2024-03-13,9894
8926,台汽電,54,11,43,元大-桃興,2024-03-13,9894
00857B,永豐20年美公債,40,0,40,元大-桃興,2024-03-13,9894
00881,國泰台灣5G+,41,2,39,元大-桃興,2024-03-13,9894
2449,京元電子,43,5,38,元大-桃興,2024-03-13,9894
00915,凱基優選高股息30,47,11,36,元大-桃興,2024-03-13,9894
1316,上曜,49,13,36,元大-桃興,2024-03-13,9894
2337,旺宏,34,0,34,元大-桃興,2024-03-13,9894
1815,富喬,34,1,33,元大-桃興,2024-03-13,9894
4714,永捷,38,7,31,元大-桃興,2024-03-13,9894
2618,長榮航,86,55,31,元大-桃興,2024-03-13,9894
2884,玉山金,33,3,30,元大-桃興,2024-03-13,9894
4909,新復興,50,20,30,元大-桃興,2024-03-13,9894
8040,九暘,75,49,26,元大-桃興,2024-03-13,9894
2408,南亞科,34,8,26,元大-桃興,2024-03-13,9894
6117,迎廣,74,48,26,元大-桃興,2024-03-13,9894
3706,神達,77,52,25,元大-桃興,2024-03-13,9894
1513,中興電,106,82,24,元大-桃興,2024-03-13,9894
3047,訊舟,24,1,23,元大-桃興,2024-03-13,9894
2356,英業達,68,45,23,元大-桃興,2024-03-13,9894
3548,兆利,27,5,22,元大-桃興,2024-03-13,9894
00878,國泰永續高股息,56,34,22,元大-桃興,2024-03-13,9894
00795B,中信美國公債20年,21,0,21,元大-桃興,2024-03-13,9894
6806,森崴能源,26,5,21,元大-桃興,2024-03-13,9894
00929,復華台灣科技優息,75,55,20,元大-桃興,2024-03-13,9894
2889,國票金,30,10,20,元大-桃興,2024-03-13,9894
6153,嘉聯益,20,0,20,元大-桃興,2024-03-13,9894
00680L,元大美債20正2,20,0,20,元大-桃興,2024-03-13,9894
2313,華通,58,39,19,元大-桃興,2024-03-13,9894
5498,凱崴,23,4,19,元大-桃興,2024-03-13,9894
2301,光寶科,22,4,18,元大-桃興,2024-03-13,9894
2365,昆盈,44,27,17,元大-桃興,2024-03-13,9894
1524,耿鼎,25,8,17,元大-桃興,2024-03-13,9894
2368,金像電,19,4,15,元大-桃興,2024-03-13,9894
00927,群益半導體收益,25,10,15,元大-桃興,2024-03-13,9894
3260,威剛,17,2,15,元大-桃興,2024-03-13,9894
2618,長榮航,467,38,429,元大-桃興,2024-03-14,9894
00937B,群益ESG投等債20,450,24,426,元大-桃興,2024-03-14,9894
00919,群益台灣精選高息,724,330,394,元大-桃興,2024-03-14,9894
00632R,元大台灣50反1,182,3,179,元大-桃興,2024-03-14,9894
2801,彰銀,170,9,161,元大-桃興,2024-03-14,9894
00687B,國泰20年美債,107,0,107,元大-桃興,2024-03-14,9894
2884,玉山金,84,4,80,元大-桃興,2024-03-14,9894
00679B,元大美債20年,61,1,60,元大-桃興,2024-03-14,9894
2883,凱基金,116,61,55,元大-桃興,2024-03-14,9894
00637L,元大滬深300正2,103,60,43,元大-桃興,2024-03-14,9894
00918,大華優利高填息30,111,68,43,元大-桃興,2024-03-14,9894
00933B,國泰10Y+金融債,42,1,41,元大-桃興,2024-03-14,9894
2610,華航,41,3,38,元大-桃興,2024-03-14,9894
2889,國票金,59,22,37,元大-桃興,2024-03-14,9894
2405,輔信,35,1,34,元大-桃興,2024-03-14,9894
00915,凱基優選高股息30,50,16,34,元大-桃興,2024-03-14,9894
2888,新光金,49,16,33,元大-桃興,2024-03-14,9894
3481,群創,163,130,33,元大-桃興,2024-03-14,9894
1108,幸福,32,0,32,元大-桃興,2024-03-14,9894
00680L,元大美債20正2,30,0,30,元大-桃興,2024-03-14,9894
2603,長榮,38,9,29,元大-桃興,2024-03-14,9894
1471,首利,33,5,28,元大-桃興,2024-03-14,9894
00753L,中信中國50正2,30,2,28,元大-桃興,2024-03-14,9894
6125,廣運,49,22,27,元大-桃興,2024-03-14,9894
00882,中信中國高股息,26,1,25,元大-桃興,2024-03-14,9894
00857B,永豐20年美公債,25,0,25,元大-桃興,2024-03-14,9894
1316,上曜,58,33,25,元大-桃興,2024-03-14,9894
2845,遠東銀,25,1,24,元大-桃興,2024-03-14,9894
2353,宏��,28,5,23,元大-桃興,2024-03-14,9894
1815,富喬,23,0,23,元大-桃興,2024-03-14,9894
1809,中釉,22,0,22,元大-桃興,2024-03-14,9894
5225,東科-KY,21,0,21,元大-桃興,2024-03-14,9894
4960,誠美材,20,0,20,元大-桃興,2024-03-14,9894
5272,笙科,20,0,20,元大-桃興,2024-03-14,9894
2809,京城銀,20,0,20,元大-桃興,2024-03-14,9894
00673R,期元大S＆P原油反1,20,0,20,元大-桃興,2024-03-14,9894
2313,華通,20,1,19,元大-桃興,2024-03-14,9894
2615,萬海,29,12,17,元大-桃興,2024-03-14,9894
2354,鴻準,28,12,16,元大-桃興,2024-03-14,9894
3013,晟銘電,16,0,16,元大-桃興,2024-03-14,9894
6005,群益證,23,8,15,元大-桃興,2024-03-14,9894
1531,高林股,15,0,15,元大-桃興,2024-03-14,9894
6285,啟��,34,20,14,元大-桃興,2024-03-14,9894
00710B,復華彭博非投等債,14,0,14,元大-桃興,2024-03-14,9894
8105,凌巨,19,6,13,元大-桃興,2024-03-14,9894
6416,瑞祺電通,13,0,13,元大-桃興,2024-03-14,9894
3017,奇鋐,21,8,13,元大-桃興,2024-03-14,9894
9945,潤泰新,13,0,13,元大-桃興,2024-03-14,9894
2609,陽明,13,0,13,元大-桃興,2024-03-14,9894
3324,雙鴻,27,15,12,元大-桃興,2024-03-14,9894
00679B,元大美債20年,463,17,446,元大-桃興,2024-03-15,9894
00941,中信上游半導體,389,10,379,元大-桃興,2024-03-15,9894
00919,群益台灣精選高息,706,447,259,元大-桃興,2024-03-15,9894
00712,復華富時不動產,215,30,185,元大-桃興,2024-03-15,9894
2010,春源,118,0,118,元大-桃興,2024-03-15,9894
2603,長榮,138,40,98,元大-桃興,2024-03-15,9894
00687B,國泰20年美債,93,1,92,元大-桃興,2024-03-15,9894
00918,大華優利高填息30,118,45,73,元大-桃興,2024-03-15,9894
2597,潤弘,70,0,70,元大-桃興,2024-03-15,9894
00937B,群益ESG投等債20,103,42,61,元大-桃興,2024-03-15,9894
2609,陽明,116,63,53,元大-桃興,2024-03-15,9894
00905,FT臺灣Smart,50,0,50,元大-桃興,2024-03-15,9894
00680L,元大美債20正2,49,0,49,元大-桃興,2024-03-15,9894
1616,億泰,45,1,44,元大-桃興,2024-03-15,9894
2883,凱基金,92,48,44,元大-桃興,2024-03-15,9894
2618,長榮航,99,59,40,元大-桃興,2024-03-15,9894
00751B,元大AAA至A公司債,35,0,35,元大-桃興,2024-03-15,9894
2834,臺企銀,67,32,35,元大-桃興,2024-03-15,9894
00857B,永豐20年美公債,34,0,34,元大-桃興,2024-03-15,9894
00688L,國泰20年美債正2,33,0,33,元大-桃興,2024-03-15,9894
3006,晶豪科,30,0,30,元大-桃興,2024-03-15,9894
2885,元大金,47,18,29,元大-桃興,2024-03-15,9894
1524,耿鼎,32,4,28,元大-桃興,2024-03-15,9894
3321,同泰,24,0,24,元大-桃興,2024-03-15,9894
2888,新光金,46,22,24,元大-桃興,2024-03-15,9894
2330,台積電,27,3,24,元大-桃興,2024-03-15,9894
00795B,中信美國公債20年,23,0,23,元大-桃興,2024-03-15,9894
2610,華航,51,29,22,元大-桃興,2024-03-15,9894
2104,國際中橡,22,0,22,元大-桃興,2024-03-15,9894
2913,農林,21,0,21,元大-桃興,2024-03-15,9894
00882,中信中國高股息,21,0,21,元大-桃興,2024-03-15,9894
1312,國喬,20,0,20,元大-桃興,2024-03-15,9894
1303,南亞,19,0,19,元大-桃興,2024-03-15,9894
00772B,中信高評級公司債,19,0,19,元大-桃興,2024-03-15,9894
2354,鴻準,65,48,17,元大-桃興,2024-03-15,9894
00632R,元大台灣50反1,20,3,17,元大-桃興,2024-03-15,9894
2356,英業達,38,21,17,元大-桃興,2024-03-15,9894
2014,中鴻,17,1,16,元大-桃興,2024-03-15,9894
6770,力積電,22,7,15,元大-桃興,2024-03-15,9894
2352,佳世達,18,3,15,元大-桃興,2024-03-15,9894
1455,集盛,14,0,14,元大-桃興,2024-03-15,9894
4958,臻鼎-KY,17,3,14,元大-桃興,2024-03-15,9894
2611,志信,17,3,14,元大-桃興,2024-03-15,9894
6244,茂迪,14,0,14,元大-桃興,2024-03-15,9894
8064,東捷,15,1,14,元大-桃興,2024-03-15,9894
2636,台驊控股,14,0,14,元大-桃興,2024-03-15,9894
00673R,期元大S＆P原油反1,13,0,13,元大-桃興,2024-03-15,9894
00931B,統一美債20年,13,0,13,元大-桃興,2024-03-15,9894
3047,訊舟,17,4,13,元大-桃興,2024-03-15,9894
6275,元山,17,4,13,元大-桃興,2024-03-15,9894
00919,群益台灣精選高息,531,52,479,元大-桃興,2024-03-18,9894
2801,彰銀,126,0,126,元大-桃興,2024-03-18,9894
00679B,元大美債20年,126,3,123,元大-桃興,2024-03-18,9894
00751B,元大AAA至A公司債,110,0,110,元大-桃興,2024-03-18,9894
00937B,群益ESG投等債20,123,16,107,元大-桃興,2024-03-18,9894
00929,復華台灣科技優息,156,56,100,元大-桃興,2024-03-18,9894
2888,新光金,82,2,80,元大-桃興,2024-03-18,9894
1314,中石化,70,0,70,元大-桃興,2024-03-18,9894
00632R,元大台灣50反1,71,2,69,元大-桃興,2024-03-18,9894
00687B,國泰20年美債,61,0,61,元大-桃興,2024-03-18,9894
2603,長榮,61,10,51,元大-桃興,2024-03-18,9894
2885,元大金,51,2,49,元大-桃興,2024-03-18,9894
2323,中環,61,14,47,元大-桃興,2024-03-18,9894
6126,信音,51,6,45,元大-桃興,2024-03-18,9894
3625,西勝,43,0,43,元大-桃興,2024-03-18,9894
2367,燿華,59,21,38,元大-桃興,2024-03-18,9894
3512,皇龍,30,0,30,元大-桃興,2024-03-18,9894
00680L,元大美債20正2,30,0,30,元大-桃興,2024-03-18,9894
00857B,永豐20年美公債,29,0,29,元大-桃興,2024-03-18,9894
00885,富邦越南,28,2,26,元大-桃興,2024-03-18,9894
5488,松普,25,0,25,元大-桃興,2024-03-18,9894
2449,京元電子,42,17,25,元大-桃興,2024-03-18,9894
2002,中鋼,24,1,23,元大-桃興,2024-03-18,9894
8046,南電,24,1,23,元大-桃興,2024-03-18,9894
8064,東捷,31,10,21,元大-桃興,2024-03-18,9894
6190,萬泰科,20,0,20,元大-桃興,2024-03-18,9894
00673R,期元大S＆P原油反1,20,0,20,元大-桃興,2024-03-18,9894
9904,寶成,23,3,20,元大-桃興,2024-03-18,9894
00688L,國泰20年美債正2,20,0,20,元大-桃興,2024-03-18,9894
00941,中信上游半導體,74,55,19,元大-桃興,2024-03-18,9894
8011,台通,33,14,19,元大-桃興,2024-03-18,9894
5498,凱崴,20,1,19,元大-桃興,2024-03-18,9894
6153,嘉聯益,18,0,18,元大-桃興,2024-03-18,9894
2618,長榮航,32,15,17,元大-桃興,2024-03-18,9894
2609,陽明,48,31,17,元大-桃興,2024-03-18,9894
8105,凌巨,16,0,16,元大-桃興,2024-03-18,9894
2881,富邦金,15,0,15,元大-桃興,2024-03-18,9894
5534,長虹,15,0,15,元大-桃興,2024-03-18,9894
00795B,中信美國公債20年,12,0,12,元大-桃興,2024-03-18,9894
2476,鉅祥,19,7,12,元大-桃興,2024-03-18,9894
3339,泰谷,12,0,12,元大-桃興,2024-03-18,9894
00915,凱基優選高股息30,13,1,12,元大-桃興,2024-03-18,9894
2303,聯電,28,18,10,元大-桃興,2024-03-18,9894
00720B,元大投資級公司債,10,0,10,元大-桃興,2024-03-18,9894
3013,晟銘電,12,2,10,元大-桃興,2024-03-18,9894
2641,正德,10,0,10,元大-桃興,2024-03-18,9894
1809,中釉,13,3,10,元大-桃興,2024-03-18,9894
1339,昭輝,10,0,10,元大-桃興,2024-03-18,9894
9945,潤泰新,10,0,10,元大-桃興,2024-03-18,9894
2882,國泰金,15,5,10,元大-桃興,2024-03-18,9894
00640L,富邦日本正2,307,3,304,元大-桃興,2024-03-19,9894
3024,憶聲,243,0,243,元大-桃興,2024-03-19,9894
00680L,元大美債20正2,154,0,154,元大-桃興,2024-03-19,9894
3231,緯創,244,121,123,元大-桃興,2024-03-19,9894
00687B,國泰20年美債,94,2,92,元大-桃興,2024-03-19,9894
00937B,群益ESG投等債20,114,50,64,元大-桃興,2024-03-19,9894
00857B,永豐20年美公債,61,0,61,元大-桃興,2024-03-19,9894
00878,國泰永續高股息,65,10,55,元大-桃興,2024-03-19,9894
2367,燿華,87,41,46,元大-桃興,2024-03-19,9894
00673R,期元大S＆P原油反1,40,0,40,元大-桃興,2024-03-19,9894
00918,大華優利高填息30,52,13,39,元大-桃興,2024-03-19,9894
2329,華泰,81,44,37,元大-桃興,2024-03-19,9894
1815,富喬,38,2,36,元大-桃興,2024-03-19,9894
2382,廣達,97,62,35,元大-桃興,2024-03-19,9894
6125,廣運,46,11,35,元大-桃興,2024-03-19,9894
2371,大同,37,11,26,元大-桃興,2024-03-19,9894
3032,偉訓,25,0,25,元大-桃興,2024-03-19,9894
00679B,元大美債20年,75,50,25,元大-桃興,2024-03-19,9894
2399,映泰,24,0,24,元大-桃興,2024-03-19,9894
2887,台新金,23,0,23,元大-桃興,2024-03-19,9894
3588,通嘉,25,3,22,元大-桃興,2024-03-19,9894
2354,鴻準,35,14,21,元大-桃興,2024-03-19,9894
8011,台通,53,33,20,元大-桃興,2024-03-19,9894
2353,宏��,26,6,20,元大-桃興,2024-03-19,9894
5272,笙科,18,0,18,元大-桃興,2024-03-19,9894
6005,群益證,19,1,18,元大-桃興,2024-03-19,9894
3481,群創,80,63,17,元大-桃興,2024-03-19,9894
8926,台汽電,28,11,17,元大-桃興,2024-03-19,9894
2409,友達,20,4,16,元大-桃興,2024-03-19,9894
9945,潤泰新,15,0,15,元大-桃興,2024-03-19,9894
3062,建漢,15,0,15,元大-桃興,2024-03-19,9894
00895,富邦未來車,15,0,15,元大-桃興,2024-03-19,9894
6229,研通,15,1,14,元大-桃興,2024-03-19,9894
8467,波力-KY,14,0,14,元大-桃興,2024-03-19,9894
2618,長榮航,21,8,13,元大-桃興,2024-03-19,9894
3323,加百裕,13,0,13,元大-桃興,2024-03-19,9894
00922,國泰台灣領袖50,13,1,12,元大-桃興,2024-03-19,9894
2363,矽統,12,0,12,元大-桃興,2024-03-19,9894
00795B,中信美國公債20年,12,0,12,元大-桃興,2024-03-19,9894
6462,神盾,29,18,11,元大-桃興,2024-03-19,9894
3450,聯鈞,12,1,11,元大-桃興,2024-03-19,9894
00720B,元大投資級公司債,11,0,11,元大-桃興,2024-03-19,9894
00915,凱基優選高股息30,24,14,10,元大-桃興,2024-03-19,9894
3044,健鼎,18,8,10,元大-桃興,2024-03-19,9894
2408,南亞科,10,0,10,元大-桃興,2024-03-19,9894
5515,建國,10,0,10,元大-桃興,2024-03-19,9894
4933,友輝,10,0,10,元大-桃興,2024-03-19,9894
00688L,國泰20年美債正2,10,0,10,元大-桃興,2024-03-19,9894
2390,云辰,10,0,10,元大-桃興,2024-03-19,9894
3041,揚智,23,13,10,元大-桃興,2024-03-19,9894
00939,統一台灣高息動能,741,13,728,元大-桃興,2024-03-20,9894
3024,憶聲,185,0,185,元大-桃興,2024-03-20,9894
00687B,國泰20年美債,144,19,125,元大-桃興,2024-03-20,9894
00919,群益台灣精選高息,330,215,115,元大-桃興,2024-03-20,9894
2834,臺企銀,107,1,106,元大-桃興,2024-03-20,9894
2356,英業達,143,69,74,元大-桃興,2024-03-20,9894
00941,中信上游半導體,73,0,73,元大-桃興,2024-03-20,9894
00937B,群益ESG投等債20,60,2,58,元大-桃興,2024-03-20,9894
2354,鴻準,105,48,57,元大-桃興,2024-03-20,9894
2888,新光金,56,0,56,元大-桃興,2024-03-20,9894
5347,世界,65,15,50,元大-桃興,2024-03-20,9894
00915,凱基優選高股息30,92,53,39,元大-桃興,2024-03-20,9894
2382,廣達,44,6,38,元大-桃興,2024-03-20,9894
4938,和碩,105,67,38,元大-桃興,2024-03-20,9894
00679B,元大美債20年,38,3,35,元大-桃興,2024-03-20,9894
2603,長榮,91,57,34,元大-桃興,2024-03-20,9894
9907,統一實,34,0,34,元大-桃興,2024-03-20,9894
2618,長榮航,33,1,32,元大-桃興,2024-03-20,9894
3047,訊舟,31,0,31,元大-桃興,2024-03-20,9894
00930,永豐ESG低碳高息,31,1,30,元大-桃興,2024-03-20,9894
8086,宏捷科,32,2,30,元大-桃興,2024-03-20,9894
6547,高端疫苗,30,2,28,元大-桃興,2024-03-20,9894
00632R,元大台灣50反1,120,92,28,元大-桃興,2024-03-20,9894
00673R,期元大S＆P原油反1,27,0,27,元大-桃興,2024-03-20,9894
2313,華通,46,21,25,元大-桃興,2024-03-20,9894
2609,陽明,22,0,22,元大-桃興,2024-03-20,9894
2352,佳世達,23,1,22,元大-桃興,2024-03-20,9894
2543,皇昌,22,1,21,元大-桃興,2024-03-20,9894
00878,國泰永續高股息,48,27,21,元大-桃興,2024-03-20,9894
00706L,期元大S＆P日圓正2,21,0,21,元大-桃興,2024-03-20,9894
1471,首利,19,0,19,元大-桃興,2024-03-20,9894
3625,西勝,21,4,17,元大-桃興,2024-03-20,9894
2002,中鋼,18,2,16,元大-桃興,2024-03-20,9894
3376,新日興,16,0,16,元大-桃興,2024-03-20,9894
6753,龍德造船,16,0,16,元大-桃興,2024-03-20,9894
1733,五鼎,16,1,15,元大-桃興,2024-03-20,9894
1101,台泥,14,0,14,元大-桃興,2024-03-20,9894
2376,技嘉,20,7,13,元大-桃興,2024-03-20,9894
2883,凱基金,41,29,12,元大-桃興,2024-03-20,9894
1316,上曜,12,0,12,元大-桃興,2024-03-20,9894
1217,愛之味,12,0,12,元大-桃興,2024-03-20,9894
3622,洋華,13,1,12,元大-桃興,2024-03-20,9894
6288,聯嘉,15,4,11,元大-桃興,2024-03-20,9894
2486,一詮,28,17,11,元大-桃興,2024-03-20,9894
3481,群創,60,50,10,元大-桃興,2024-03-20,9894
3081,聯亞,11,1,10,元大-桃興,2024-03-20,9894
5425,台半,10,0,10,元大-桃興,2024-03-20,9894
2405,輔信,28,18,10,元大-桃興,2024-03-20,9894
3260,威剛,25,15,10,元大-桃興,2024-03-20,9894
00637L,元大滬深300正2,10,0,10,元大-桃興,2024-03-20,9894
00939,統一台灣高息動能,383,28,355,元大-桃興,2024-03-21,9894
00937B,群益ESG投等債20,278,10,268,元大-桃興,2024-03-21,9894
00941,中信上游半導體,167,27,140,元大-桃興,2024-03-21,9894
00679B,元大美債20年,101,0,101,元大-桃興,2024-03-21,9894
00687B,國泰20年美債,80,5,75,元大-桃興,2024-03-21,9894
3024,憶聲,68,0,68,元大-桃興,2024-03-21,9894
2405,輔信,71,14,57,元大-桃興,2024-03-21,9894
3013,晟銘電,55,1,54,元大-桃興,2024-03-21,9894
2603,長榮,70,18,52,元大-桃興,2024-03-21,9894
3041,揚智,50,6,44,元大-桃興,2024-03-21,9894
00720B,元大投資級公司債,44,11,33,元大-桃興,2024-03-21,9894
3033,威健,41,8,33,元大-桃興,2024-03-21,9894
2301,光寶科,40,9,31,元大-桃興,2024-03-21,9894
2324,仁寶,49,19,30,元大-桃興,2024-03-21,9894
2607,榮運,30,0,30,元大-桃興,2024-03-21,9894
4938,和碩,62,33,29,元大-桃興,2024-03-21,9894
6806,森崴能源,34,6,28,元大-桃興,2024-03-21,9894
6782,視陽,26,0,26,元大-桃興,2024-03-21,9894
6191,精成科,34,10,24,元大-桃興,2024-03-21,9894
00680L,元大美債20正2,24,0,24,元大-桃興,2024-03-21,9894
4934,太極,24,0,24,元大-桃興,2024-03-21,9894
0056,元大高股息,33,10,23,元大-桃興,2024-03-21,9894
3047,訊舟,22,0,22,元大-桃興,2024-03-21,9894
4552,力達-KY,20,0,20,元大-桃興,2024-03-21,9894
2449,京元電子,22,3,19,元大-桃興,2024-03-21,9894
5483,中美晶,23,4,19,元大-桃興,2024-03-21,9894
2010,春源,19,0,19,元大-桃興,2024-03-21,9894
2363,矽統,27,9,18,元大-桃興,2024-03-21,9894
3005,神基,52,36,16,元大-桃興,2024-03-21,9894
00895,富邦未來車,15,0,15,元大-桃興,2024-03-21,9894
9933,中鼎,16,1,15,元大-桃興,2024-03-21,9894
2618,長榮航,24,9,15,元大-桃興,2024-03-21,9894
1522,堤維西,15,0,15,元大-桃興,2024-03-21,9894
1504,東元,55,40,15,元大-桃興,2024-03-21,9894
3017,奇鋐,34,19,15,元大-桃興,2024-03-21,9894
2606,裕民,15,1,14,元大-桃興,2024-03-21,9894
8092,建暐,14,0,14,元大-桃興,2024-03-21,9894
2379,瑞昱,13,0,13,元大-桃興,2024-03-21,9894
3706,神達,195,182,13,元大-桃興,2024-03-21,9894
3189,景碩,12,0,12,元大-桃興,2024-03-21,9894
00688L,國泰20年美債正2,11,0,11,元大-桃興,2024-03-21,9894
2317,鴻海,74,63,11,元大-桃興,2024-03-21,9894
3711,日月光投控,11,0,11,元大-桃興,2024-03-21,9894
6235,華孚,19,9,10,元大-桃興,2024-03-21,9894
3044,健鼎,14,4,10,元大-桃興,2024-03-21,9894
5484,慧友,10,0,10,元大-桃興,2024-03-21,9894
00665L,富邦�琤肭磪囓�2,10,0,10,元大-桃興,2024-03-21,9894
2601,益航,10,0,10,元大-桃興,2024-03-21,9894
00857B,永豐20年美公債,10,0,10,元大-桃興,2024-03-21,9894
5328,華容,10,0,10,元大-桃興,2024-03-21,9894
00937B,群益ESG投等債20,281,39,242,元大-桃興,2024-03-22,9894
00941,中信上游半導體,253,32,221,元大-桃興,2024-03-22,9894
00919,群益台灣精選高息,293,106,187,元大-桃興,2024-03-22,9894
2344,華邦電,161,53,108,元大-桃興,2024-03-22,9894
00939,統一台灣高息動能,164,69,95,元大-桃興,2024-03-22,9894
00640L,富邦日本正2,89,1,88,元大-桃興,2024-03-22,9894
00665L,富邦�琤肭磪囓�2,117,35,82,元大-桃興,2024-03-22,9894
00637L,元大滬深300正2,93,13,80,元大-桃興,2024-03-22,9894
00687B,國泰20年美債,73,14,59,元大-桃興,2024-03-22,9894
2353,宏��,115,66,49,元大-桃興,2024-03-22,9894
2883,凱基金,42,1,41,元大-桃興,2024-03-22,9894
5225,東科-KY,41,0,41,元大-桃興,2024-03-22,9894
2888,新光金,35,0,35,元大-桃興,2024-03-22,9894
2603,長榮,51,17,34,元大-桃興,2024-03-22,9894
2303,聯電,45,12,33,元大-桃興,2024-03-22,9894
8271,宇瞻,36,5,31,元大-桃興,2024-03-22,9894
5469,瀚宇博,41,10,31,元大-桃興,2024-03-22,9894
2882,國泰金,36,5,31,元大-桃興,2024-03-22,9894
2406,國碩,51,22,29,元大-桃興,2024-03-22,9894
2634,漢翔,36,7,29,元大-桃興,2024-03-22,9894
1802,台玻,28,0,28,元大-桃興,2024-03-22,9894
6443,元晶,61,36,25,元大-桃興,2024-03-22,9894
9904,寶成,27,2,25,元大-桃興,2024-03-22,9894
00680L,元大美債20正2,75,50,25,元大-桃興,2024-03-22,9894
00720B,元大投資級公司債,24,0,24,元大-桃興,2024-03-22,9894
9103,美德醫療-DR,24,0,24,元大-桃興,2024-03-22,9894
6116,彩晶,23,1,22,元大-桃興,2024-03-22,9894
2002,中鋼,24,2,22,元大-桃興,2024-03-22,9894
2376,技嘉,56,33,23,元大-桃興,2024-03-22,9894
2323,中環,22,0,22,元大-桃興,2024-03-22,9894
2371,大同,47,25,22,元大-桃興,2024-03-22,9894
6191,精成科,25,3,22,元大-桃興,2024-03-22,9894
3711,日月光投控,21,0,21,元大-桃興,2024-03-22,9894
00882,中信中國高股息,21,0,21,元大-桃興,2024-03-22,9894
00905,FT臺灣Smart,20,0,20,元大-桃興,2024-03-22,9894
2610,華航,28,8,20,元大-桃興,2024-03-22,9894
00909,國泰數位支付服務,20,0,20,元大-桃興,2024-03-22,9894
2537,聯上發,20,0,20,元大-桃興,2024-03-22,9894
3071,協禧,20,0,20,元大-桃興,2024-03-22,9894
2908,特力,20,0,20,元大-桃興,2024-03-22,9894
00679B,元大美債20年,28,10,18,元大-桃興,2024-03-22,9894
00795B,中信美國公債20年,18,0,18,元大-桃興,2024-03-22,9894
1503,士電,50,33,17,元大-桃興,2024-03-22,9894
2886,兆豐金,23,6,17,元大-桃興,2024-03-22,9894
2615,萬海,17,0,17,元大-桃興,2024-03-22,9894
2006,東和鋼鐵,20,4,16,元大-桃興,2024-03-22,9894
1455,集盛,18,2,16,元大-桃興,2024-03-22,9894
2498,宏達電,17,1,16,元大-桃興,2024-03-22,9894
1504,東元,33,17,16,元大-桃興,2024-03-22,9894
00753L,中信中國50正2,15,0,15,元大-桃興,2024-03-22,9894
00937B,群益ESG投等債20,327,109,218,元大-桃興,2024-03-25,9894
3024,憶聲,202,0,202,元大-桃興,2024-03-25,9894
00919,群益台灣精選高息,173,79,94,元大-桃興,2024-03-25,9894
2356,英業達,193,119,74,元大-桃興,2024-03-25,9894
00712,復華富時不動產,64,10,54,元大-桃興,2024-03-25,9894
00939,統一台灣高息動能,162,110,52,元大-桃興,2024-03-25,9894
1609,大亞,319,271,48,元大-桃興,2024-03-25,9894
00679B,元大美債20年,53,6,47,元大-桃興,2024-03-25,9894
1316,上曜,47,0,47,元大-桃興,2024-03-25,9894
2303,聯電,67,30,37,元大-桃興,2024-03-25,9894
2367,燿華,57,20,37,元大-桃興,2024-03-25,9894
2337,旺宏,37,1,36,元大-桃興,2024-03-25,9894
2002,中鋼,38,4,34,元大-桃興,2024-03-25,9894
3071,協禧,28,0,28,元大-桃興,2024-03-25,9894
2851,中再保,28,0,28,元大-桃興,2024-03-25,9894
2317,鴻海,71,45,26,元大-桃興,2024-03-25,9894
3588,通嘉,25,0,25,元大-桃興,2024-03-25,9894
2324,仁寶,29,4,25,元大-桃興,2024-03-25,9894
2365,昆盈,24,0,24,元大-桃興,2024-03-25,9894
00632R,元大台灣50反1,22,0,22,元大-桃興,2024-03-25,9894
1314,中石化,21,0,21,元大-桃興,2024-03-25,9894
6118,建達,20,0,20,元大-桃興,2024-03-25,9894
2882,國泰金,19,1,18,元大-桃興,2024-03-25,9894
6196,帆宣,19,1,18,元大-桃興,2024-03-25,9894
6188,廣明,26,9,17,元大-桃興,2024-03-25,9894
3013,晟銘電,19,3,16,元大-桃興,2024-03-25,9894
1455,集盛,16,0,16,元大-桃興,2024-03-25,9894
6214,精誠,15,0,15,元大-桃興,2024-03-25,9894
3466,德晉,15,0,15,元大-桃興,2024-03-25,9894
2363,矽統,17,2,15,元大-桃興,2024-03-25,9894
2618,長榮航,20,6,14,元大-桃興,2024-03-25,9894
2354,鴻準,17,3,14,元大-桃興,2024-03-25,9894
2449,京元電子,18,5,13,元大-桃興,2024-03-25,9894
4543,萬在,14,1,13,元大-桃興,2024-03-25,9894
6191,精成科,17,4,13,元大-桃興,2024-03-25,9894
2301,光寶科,17,4,13,元大-桃興,2024-03-25,9894
3372,典範,12,0,12,元大-桃興,2024-03-25,9894
9927,泰銘,12,0,12,元大-桃興,2024-03-25,9894
3704,合勤控,42,30,12,元大-桃興,2024-03-25,9894
8092,建暐,12,0,12,元大-桃興,2024-03-25,9894
2061,風青,11,0,11,元大-桃興,2024-03-25,9894
3207,耀勝,11,0,11,元大-桃興,2024-03-25,9894
00857B,永豐20年美公債,14,3,11,元大-桃興,2024-03-25,9894
9905,大華,10,0,10,元大-桃興,2024-03-25,9894
6290,良維,12,2,10,元大-桃興,2024-03-25,9894
4958,臻鼎-KY,14,4,10,元大-桃興,2024-03-25,9894
3583,辛耘,17,7,10,元大-桃興,2024-03-25,9894
6016,康和證,12,2,10,元大-桃興,2024-03-25,9894
3231,緯創,80,71,9,元大-桃興,2024-03-25,9894
1504,東元,11,2,9,元大-桃興,2024-03-25,9894
2609,陽明,182,0,182,元大-桃興,2024-03-26,9894
00939,統一台灣高息動能,250,86,164,元大-桃興,2024-03-26,9894
00919,群益台灣精選高息,278,130,148,元大-桃興,2024-03-26,9894
00937B,群益ESG投等債20,127,5,122,元大-桃興,2024-03-26,9894
00941,中信上游半導體,109,11,98,元大-桃興,2024-03-26,9894
2801,彰銀,80,0,80,元大-桃興,2024-03-26,9894
1528,恩德,51,0,51,元大-桃興,2024-03-26,9894
2356,英業達,142,92,50,元大-桃興,2024-03-26,9894
3062,建漢,56,7,49,元大-桃興,2024-03-26,9894
1504,東元,69,27,42,元大-桃興,2024-03-26,9894
2458,義隆,41,0,41,元大-桃興,2024-03-26,9894
1524,耿鼎,45,5,40,元大-桃興,2024-03-26,9894
2313,華通,48,8,40,元大-桃興,2024-03-26,9894
2618,長榮航,43,6,37,元大-桃興,2024-03-26,9894
00679B,元大美債20年,39,5,34,元大-桃興,2024-03-26,9894
6191,精成科,30,1,29,元大-桃興,2024-03-26,9894
6265,方土昶,29,0,29,元大-桃興,2024-03-26,9894
1514,亞力,62,35,27,元大-桃興,2024-03-26,9894
2371,大同,251,226,25,元大-桃興,2024-03-26,9894
2476,鉅祥,25,0,25,元大-桃興,2024-03-26,9894
3059,華晶科,28,3,25,元大-桃興,2024-03-26,9894
6005,群益證,25,0,25,元大-桃興,2024-03-26,9894
6125,廣運,89,65,24,元大-桃興,2024-03-26,9894
4303,信立,40,16,24,元大-桃興,2024-03-26,9894
2365,昆盈,47,23,24,元大-桃興,2024-03-26,9894
2344,華邦電,32,9,23,元大-桃興,2024-03-26,9894
1513,中興電,84,61,23,元大-桃興,2024-03-26,9894
2329,華泰,31,9,22,元大-桃興,2024-03-26,9894
00795B,中信美國公債20年,22,0,22,元大-桃興,2024-03-26,9894
3231,緯創,108,87,21,元大-桃興,2024-03-26,9894
2610,華航,22,1,21,元大-桃興,2024-03-26,9894
8358,金居,20,1,19,元大-桃興,2024-03-26,9894
2449,京元電子,27,8,19,元大-桃興,2024-03-26,9894
5351,鈺創,26,8,18,元大-桃興,2024-03-26,9894
2606,裕民,17,0,17,元大-桃興,2024-03-26,9894
2323,中環,23,6,17,元大-桃興,2024-03-26,9894
00687B,國泰20年美債,17,0,17,元大-桃興,2024-03-26,9894
4961,天鈺,26,9,17,元大-桃興,2024-03-26,9894
3321,同泰,17,0,17,元大-桃興,2024-03-26,9894
6443,元晶,27,10,17,元大-桃興,2024-03-26,9894
2301,光寶科,21,4,17,元大-桃興,2024-03-26,9894
2603,長榮,24,9,15,元大-桃興,2024-03-26,9894
8040,九暘,16,1,15,元大-桃興,2024-03-26,9894
9904,寶成,15,0,15,元大-桃興,2024-03-26,9894
00632R,元大台灣50反1,15,1,14,元大-桃興,2024-03-26,9894
2485,兆赫,14,0,14,元大-桃興,2024-03-26,9894
00680L,元大美債20正2,16,2,14,元大-桃興,2024-03-26,9894
1587,吉茂,16,2,14,元大-桃興,2024-03-26,9894
5356,協益,14,0,14,元大-桃興,2024-03-26,9894
6139,亞翔,27,13,14,元大-桃興,2024-03-26,9894
00919,群益台灣精選高息,225,91,134,元大-桃興,2024-03-27,9894
00939,統一台灣高息動能,202,80,122,元大-桃興,2024-03-27,9894
00937B,群益ESG投等債20,107,3,104,元大-桃興,2024-03-27,9894
2547,日勝生,71,0,71,元大-桃興,2024-03-27,9894
2607,榮運,64,0,64,元大-桃興,2024-03-27,9894
1815,富喬,60,7,53,元大-桃興,2024-03-27,9894
1513,中興電,72,25,47,元大-桃興,2024-03-27,9894
00632R,元大台灣50反1,44,0,44,元大-桃興,2024-03-27,9894
3321,同泰,43,0,43,元大-桃興,2024-03-27,9894
9105,泰金寶-DR,119,80,39,元大-桃興,2024-03-27,9894
2367,燿華,55,18,37,元大-桃興,2024-03-27,9894
00857B,永豐20年美公債,36,3,33,元大-桃興,2024-03-27,9894
2354,鴻準,82,52,30,元大-桃興,2024-03-27,9894
2303,聯電,31,2,29,元大-桃興,2024-03-27,9894
2359,所羅門,29,0,29,元大-桃興,2024-03-27,9894
3346,麗清,27,0,27,元大-桃興,2024-03-27,9894
5880,合庫金,30,4,26,元大-桃興,2024-03-27,9894
2888,新光金,24,0,24,元大-桃興,2024-03-27,9894
6443,元晶,28,5,23,元大-桃興,2024-03-27,9894
4771,望隼,23,0,23,元大-桃興,2024-03-27,9894
1608,華榮,125,102,23,元大-桃興,2024-03-27,9894
1808,潤隆,54,34,20,元大-桃興,2024-03-27,9894
1727,中華化,20,0,20,元大-桃興,2024-03-27,9894
1714,和桐,20,0,20,元大-桃興,2024-03-27,9894
00712,復華富時不動產,27,8,19,元大-桃興,2024-03-27,9894
6257,矽格,17,0,17,元大-桃興,2024-03-27,9894
6244,茂迪,16,0,16,元大-桃興,2024-03-27,9894
6139,亞翔,23,8,15,元大-桃興,2024-03-27,9894
6488,環球晶,15,0,15,元大-桃興,2024-03-27,9894
6214,精誠,15,0,15,元大-桃興,2024-03-27,9894
2409,友達,18,3,15,元大-桃興,2024-03-27,9894
00941,中信上游半導體,71,57,14,元大-桃興,2024-03-27,9894
3711,日月光投控,13,0,13,元大-桃興,2024-03-27,9894
3013,晟銘電,30,17,13,元大-桃興,2024-03-27,9894
6147,頎邦,23,10,13,元大-桃興,2024-03-27,9894
3022,威強電,15,2,13,元大-桃興,2024-03-27,9894
8092,建暐,18,5,13,元大-桃興,2024-03-27,9894
8222,寶一,19,6,13,元大-桃興,2024-03-27,9894
2014,中鴻,12,0,12,元大-桃興,2024-03-27,9894
00687B,國泰20年美債,12,0,12,元大-桃興,2024-03-27,9894
3231,緯創,52,40,12,元大-桃興,2024-03-27,9894
6166,凌華,12,0,12,元大-桃興,2024-03-27,9894
6761,穩得,12,0,12,元大-桃興,2024-03-27,9894
5356,協益,11,0,11,元大-桃興,2024-03-27,9894
3622,洋華,18,7,11,元大-桃興,2024-03-27,9894
3430,奇鈦科,11,0,11,元大-桃興,2024-03-27,9894
6158,禾昌,15,4,11,元大-桃興,2024-03-27,9894
2301,光寶科,34,24,10,元大-桃興,2024-03-27,9894
0056,元大高股息,25,15,10,元大-桃興,2024-03-27,9894
2371,大同,161,150,11,元大-桃興,2024-03-27,9894
00937B,群益ESG投等債20,277,21,256,元大-桃興,2024-03-28,9894
2883,凱基金,172,17,155,元大-桃興,2024-03-28,9894
00941,中信上游半導體,157,37,120,元大-桃興,2024-03-28,9894
00877,復華中國5G,100,0,100,元大-桃興,2024-03-28,9894
2851,中再保,80,0,80,元大-桃興,2024-03-28,9894
00919,群益台灣精選高息,105,54,51,元大-桃興,2024-03-28,9894
3706,神達,87,43,44,元大-桃興,2024-03-28,9894
1101,台泥,42,3,39,元大-桃興,2024-03-28,9894
2328,廣宇,62,28,34,元大-桃興,2024-03-28,9894
1582,信錦,41,7,34,元大-桃興,2024-03-28,9894
9105,泰金寶-DR,40,6,34,元大-桃興,2024-03-28,9894
5371,中光電,26,0,26,元大-桃興,2024-03-28,9894
3005,神基,61,36,25,元大-桃興,2024-03-28,9894
3607,谷崧,25,0,25,元大-桃興,2024-03-28,9894
2301,光寶科,32,8,24,元大-桃興,2024-03-28,9894
2329,華泰,24,1,23,元大-桃興,2024-03-28,9894
2353,宏��,30,7,23,元大-桃興,2024-03-28,9894
4714,永捷,66,45,21,元大-桃興,2024-03-28,9894
3704,合勤控,47,27,20,元大-桃興,2024-03-28,9894
5272,笙科,20,0,20,元大-桃興,2024-03-28,9894
1604,聲寶,20,0,20,元大-桃興,2024-03-28,9894
2324,仁寶,24,4,20,元大-桃興,2024-03-28,9894
00892,富邦台灣半導體,20,0,20,元大-桃興,2024-03-28,9894
4906,正文,20,1,19,元大-桃興,2024-03-28,9894
2359,所羅門,29,12,17,元大-桃興,2024-03-28,9894
4306,炎洲,23,7,16,元大-桃興,2024-03-28,9894
4543,萬在,16,0,16,元大-桃興,2024-03-28,9894
5533,皇鼎,16,0,16,元大-桃興,2024-03-28,9894
6198,瑞築,16,0,16,元大-桃興,2024-03-28,9894
00882,中信中國高股息,24,10,14,元大-桃興,2024-03-28,9894
00637L,元大滬深300正2,30,16,14,元大-桃興,2024-03-28,9894
1609,大亞,46,32,14,元大-桃興,2024-03-28,9894
1603,華電,16,2,14,元大-桃興,2024-03-28,9894
4938,和碩,30,17,13,元大-桃興,2024-03-28,9894
8936,國統,23,10,13,元大-桃興,2024-03-28,9894
2337,旺宏,12,0,12,元大-桃興,2024-03-28,9894
2603,長榮,48,36,12,元大-桃興,2024-03-28,9894
1316,上曜,41,30,11,元大-桃興,2024-03-28,9894
8358,金居,11,0,11,元大-桃興,2024-03-28,9894
2486,一詮,16,5,11,元大-桃興,2024-03-28,9894
6770,力積電,22,12,10,元大-桃興,2024-03-28,9894
1409,新纖,10,0,10,元大-桃興,2024-03-28,9894
2867,三商壽,10,0,10,元大-桃興,2024-03-28,9894
3260,威剛,12,2,10,元大-桃興,2024-03-28,9894
2906,高林,10,0,10,元大-桃興,2024-03-28,9894
4564,元翎,10,0,10,元大-桃興,2024-03-28,9894
6214,精誠,10,0,10,元大-桃興,2024-03-28,9894
4157,太景*-KY,10,1,9,元大-桃興,2024-03-28,9894
6122,擎邦,11,2,9,元大-桃興,2024-03-28,9894
2409,友達,10,1,9,元大-桃興,2024-03-28,9894
2324,仁寶,169,16,153,元大-桃興,2024-03-29,9894
00937B,群益ESG投等債20,191,45,146,元大-桃興,2024-03-29,9894
2317,鴻海,134,54,80,元大-桃興,2024-03-29,9894
00941,中信上游半導體,65,1,64,元大-桃興,2024-03-29,9894
2354,鴻準,82,28,54,元大-桃興,2024-03-29,9894
00857B,永豐20年美公債,50,0,50,元大-桃興,2024-03-29,9894
2301,光寶科,65,21,44,元大-桃興,2024-03-29,9894
2393,億光,44,3,41,元大-桃興,2024-03-29,9894
2371,大同,71,34,37,元大-桃興,2024-03-29,9894
4916,事欣科,35,0,35,元大-桃興,2024-03-29,9894
2834,臺企銀,103,69,34,元大-桃興,2024-03-29,9894
00939,統一台灣高息動能,77,44,33,元大-桃興,2024-03-29,9894
9105,泰金寶-DR,32,0,32,元大-桃興,2024-03-29,9894
2634,漢翔,43,11,32,元大-桃興,2024-03-29,9894
3015,全漢,37,10,27,元大-桃興,2024-03-29,9894
2328,廣宇,54,28,26,元大-桃興,2024-03-29,9894
6257,矽格,23,0,23,元大-桃興,2024-03-29,9894
1608,華榮,25,2,23,元大-桃興,2024-03-29,9894
2358,廷鑫,21,0,21,元大-桃興,2024-03-29,9894
6179,亞通,21,0,21,元大-桃興,2024-03-29,9894
2409,友達,20,0,20,元大-桃興,2024-03-29,9894
2421,建準,98,79,19,元大-桃興,2024-03-29,9894
00674R,期元大S＆P黃金反1,17,0,17,元大-桃興,2024-03-29,9894
3481,群創,51,35,16,元大-桃興,2024-03-29,9894
4906,正文,30,15,15,元大-桃興,2024-03-29,9894
9904,寶成,16,1,15,元大-桃興,2024-03-29,9894
2352,佳世達,24,9,15,元大-桃興,2024-03-29,9894
3019,亞光,14,0,14,元大-桃興,2024-03-29,9894
1341,富林-KY,14,0,14,元大-桃興,2024-03-29,9894
3702,大聯大,14,0,14,元大-桃興,2024-03-29,9894
8096,擎亞,17,3,14,元大-桃興,2024-03-29,9894
3052,夆典,15,2,13,元大-桃興,2024-03-29,9894
2029,盛餘,13,0,13,元大-桃興,2024-03-29,9894
3376,新日興,25,13,12,元大-桃興,2024-03-29,9894
5386,青雲,18,6,12,元大-桃興,2024-03-29,9894
00687B,國泰20年美債,12,0,12,元大-桃興,2024-03-29,9894
1815,富喬,30,19,11,元大-桃興,2024-03-29,9894
3149,正達,11,0,11,元大-桃興,2024-03-29,9894
2637,慧洋-KY,11,0,11,元大-桃興,2024-03-29,9894
3710,連展投控,11,0,11,元大-桃興,2024-03-29,9894
4513,福裕,11,1,10,元大-桃興,2024-03-29,9894
2462,良得電,10,0,10,元大-桃興,2024-03-29,9894
5353,台林,10,0,10,元大-桃興,2024-03-29,9894
00909,國泰數位支付服務,10,0,10,元大-桃興,2024-03-29,9894
1308,亞聚,10,0,10,元大-桃興,2024-03-29,9894
5227,立凱-KY,10,0,10,元大-桃興,2024-03-29,9894
1455,集盛,10,0,10,元大-桃興,2024-03-29,9894
1529,樂事綠能,11,1,10,元大-桃興,2024-03-29,9894
6770,力積電,16,6,10,元大-桃興,2024-03-29,9894
4915,致伸,13,3,10,元大-桃興,2024-03-29,9894
00940,元大台灣價值高息,1581,533,1048,元大-桃興,2024-04-01,9894
00919,群益台灣精選高息,178,29,149,元大-桃興,2024-04-01,9894
3231,緯創,158,41,117,元大-桃興,2024-04-01,9894
3481,群創,90,30,60,元大-桃興,2024-04-01,9894
2603,長榮,57,8,49,元大-桃興,2024-04-01,9894
2353,宏��,95,54,41,元大-桃興,2024-04-01,9894
2354,鴻準,55,16,39,元大-桃興,2024-04-01,9894
1524,耿鼎,52,13,39,元大-桃興,2024-04-01,9894
00857B,永豐20年美公債,41,3,38,元大-桃興,2024-04-01,9894
3062,建漢,61,23,38,元大-桃興,2024-04-01,9894
00939,統一台灣高息動能,61,27,34,元大-桃興,2024-04-01,9894
6191,精成科,30,0,30,元大-桃興,2024-04-01,9894
2358,廷鑫,29,0,29,元大-桃興,2024-04-01,9894
2382,廣達,65,37,28,元大-桃興,2024-04-01,9894
4938,和碩,27,5,22,元大-桃興,2024-04-01,9894
8046,南電,22,0,22,元大-桃興,2024-04-01,9894
5353,台林,21,0,21,元大-桃興,2024-04-01,9894
00673R,期元大S＆P原油反1,20,0,20,元大-桃興,2024-04-01,9894
1609,大亞,33,13,20,元大-桃興,2024-04-01,9894
3322,建舜電,20,0,20,元大-桃興,2024-04-01,9894
6269,台郡,20,0,20,元大-桃興,2024-04-01,9894
2609,陽明,20,2,18,元大-桃興,2024-04-01,9894
6182,合晶,18,1,17,元大-桃興,2024-04-01,9894
1514,亞力,22,6,16,元大-桃興,2024-04-01,9894
2356,英業達,31,15,16,元大-桃興,2024-04-01,9894
0056,元大高股息,16,0,16,元大-桃興,2024-04-01,9894
1227,佳格,15,0,15,元大-桃興,2024-04-01,9894
2344,華邦電,40,25,15,元大-桃興,2024-04-01,9894
1339,昭輝,15,0,15,元大-桃興,2024-04-01,9894
2851,中再保,15,0,15,元大-桃興,2024-04-01,9894
3706,神達,54,39,15,元大-桃興,2024-04-01,9894
00929,復華台灣科技優息,16,1,15,元大-桃興,2024-04-01,9894
2408,南亞科,25,11,14,元大-桃興,2024-04-01,9894
1316,上曜,20,6,14,元大-桃興,2024-04-01,9894
5876,上海商銀,14,0,14,元大-桃興,2024-04-01,9894
3686,達能,14,0,14,元大-桃興,2024-04-01,9894
6111,大宇資,15,1,14,元大-桃興,2024-04-01,9894
3711,日月光投控,17,3,14,元大-桃興,2024-04-01,9894
00680L,元大美債20正2,13,0,13,元大-桃興,2024-04-01,9894
6121,新普,12,0,12,元大-桃興,2024-04-01,9894
00674R,期元大S＆P黃金反1,12,0,12,元大-桃興,2024-04-01,9894
2376,技嘉,24,12,12,元大-桃興,2024-04-01,9894
3704,合勤控,11,0,11,元大-桃興,2024-04-01,9894
8935,邦泰,11,0,11,元大-桃興,2024-04-01,9894
4956,光鋐,11,0,11,元大-桃興,2024-04-01,9894
2009,第一銅,29,18,11,元大-桃興,2024-04-01,9894
2415,錩新,11,0,11,元大-桃興,2024-04-01,9894
8277,商丞,11,0,11,元大-桃興,2024-04-01,9894
3128,昇銳,12,1,11,元大-桃興,2024-04-01,9894
1474,弘裕,11,0,11,元大-桃興,2024-04-01,9894
00940,元大台灣價值高息,805,195,610,元大-桃興,2024-04-02,9894
00679B,元大美債20年,171,11,160,元大-桃興,2024-04-02,9894
3062,建漢,100,0,100,元大-桃興,2024-04-02,9894
00937B,群益ESG投等債20,99,0,99,元大-桃興,2024-04-02,9894
00687B,國泰20年美債,148,58,90,元大-桃興,2024-04-02,9894
00857B,永豐20年美公債,72,0,72,元大-桃興,2024-04-02,9894
00929,復華台灣科技優息,92,24,68,元大-桃興,2024-04-02,9894
4906,正文,54,0,54,元大-桃興,2024-04-02,9894
2603,長榮,61,9,52,元大-桃興,2024-04-02,9894
00939,統一台灣高息動能,56,5,51,元大-桃興,2024-04-02,9894
3013,晟銘電,58,11,47,元大-桃興,2024-04-02,9894
3706,神達,77,30,47,元大-桃興,2024-04-02,9894
2301,光寶科,56,10,46,元大-桃興,2024-04-02,9894
9945,潤泰新,45,0,45,元大-桃興,2024-04-02,9894
6139,亞翔,66,24,42,元大-桃興,2024-04-02,9894
4714,永捷,40,6,34,元大-桃興,2024-04-02,9894
2354,鴻準,61,27,34,元大-桃興,2024-04-02,9894
00931B,統一美債20年,34,1,33,元大-桃興,2024-04-02,9894
2029,盛餘,29,0,29,元大-桃興,2024-04-02,9894
2371,大同,41,14,27,元大-桃興,2024-04-02,9894
2610,華航,32,5,27,元大-桃興,2024-04-02,9894
6189,豐藝,33,11,22,元大-桃興,2024-04-02,9894
1528,恩德,20,0,20,元大-桃興,2024-04-02,9894
1514,亞力,20,2,18,元大-桃興,2024-04-02,9894
00720B,元大投資級公司債,18,0,18,元大-桃興,2024-04-02,9894
00941,中信上游半導體,63,45,18,元大-桃興,2024-04-02,9894
00640L,富邦日本正2,17,0,17,元大-桃興,2024-04-02,9894
2402,毅嘉,22,5,17,元大-桃興,2024-04-02,9894
2352,佳世達,17,0,17,元大-桃興,2024-04-02,9894
0056,元大高股息,19,2,17,元大-桃興,2024-04-02,9894
00933B,國泰10Y+金融債,21,5,16,元大-桃興,2024-04-02,9894
2637,慧洋-KY,16,0,16,元大-桃興,2024-04-02,9894
2344,華邦電,20,4,16,元大-桃興,2024-04-02,9894
00927,群益半導體收益,18,2,16,元大-桃興,2024-04-02,9894
2883,凱基金,16,1,15,元大-桃興,2024-04-02,9894
2458,義隆,16,2,14,元大-桃興,2024-04-02,9894
8085,福華,14,0,14,元大-桃興,2024-04-02,9894
1455,集盛,14,0,14,元大-桃興,2024-04-02,9894
00751B,元大AAA至A公司債,13,0,13,元大-桃興,2024-04-02,9894
6275,元山,13,0,13,元大-桃興,2024-04-02,9894
00882,中信中國高股息,13,0,13,元大-桃興,2024-04-02,9894
1717,長興,23,10,13,元大-桃興,2024-04-02,9894
2888,新光金,12,0,12,元大-桃興,2024-04-02,9894
3466,德晉,12,0,12,元大-桃興,2024-04-02,9894
2467,志聖,33,21,12,元大-桃興,2024-04-02,9894
00919,群益台灣精選高息,34,22,12,元大-桃興,2024-04-02,9894
6191,精成科,11,0,11,元大-桃興,2024-04-02,9894
6239,力成,14,3,11,元大-桃興,2024-04-02,9894
3081,聯亞,11,0,11,元大-桃興,2024-04-02,9894
1815,富喬,19,8,11,元大-桃興,2024-04-02,9894
00940,元大台灣價值高息,493,128,365,元大-桃興,2024-04-03,9894
00679B,元大美債20年,210,0,210,元大-桃興,2024-04-03,9894
3481,群創,106,5,101,元大-桃興,2024-04-03,9894
00937B,群益ESG投等債20,134,35,99,元大-桃興,2024-04-03,9894
2851,中再保,85,0,85,元大-桃興,2024-04-03,9894
3062,建漢,71,1,70,元大-桃興,2024-04-03,9894
2884,玉山金,66,0,66,元大-桃興,2024-04-03,9894
2618,長榮航,93,27,66,元大-桃興,2024-04-03,9894
2317,鴻海,94,36,58,元大-桃興,2024-04-03,9894
00687B,國泰20年美債,66,10,56,元大-桃興,2024-04-03,9894
00720B,元大投資級公司債,41,0,41,元大-桃興,2024-04-03,9894
00929,復華台灣科技優息,70,33,37,元大-桃興,2024-04-03,9894
6197,佳必琪,39,7,32,元大-桃興,2024-04-03,9894
2409,友達,31,0,31,元大-桃興,2024-04-03,9894
9904,寶成,30,0,30,元大-桃興,2024-04-03,9894
3711,日月光投控,30,2,28,元大-桃興,2024-04-03,9894
2355,敬鵬,31,5,26,元大-桃興,2024-04-03,9894
1609,大亞,65,40,25,元大-桃興,2024-04-03,9894
00751B,元大AAA至A公司債,25,1,24,元大-桃興,2024-04-03,9894
2634,漢翔,25,3,22,元大-桃興,2024-04-03,9894
1316,上曜,31,9,22,元大-桃興,2024-04-03,9894
6859,伯特光,22,0,22,元大-桃興,2024-04-03,9894
2888,新光金,22,0,22,元大-桃興,2024-04-03,9894
1560,中砂,26,5,21,元大-桃興,2024-04-03,9894
2002,中鋼,32,11,21,元大-桃興,2024-04-03,9894
2371,大同,33,12,21,元大-桃興,2024-04-03,9894
0056,元大高股息,43,23,20,元大-桃興,2024-04-03,9894
00927,群益半導體收益,19,0,19,元大-桃興,2024-04-03,9894
6213,聯茂,39,20,19,元大-桃興,2024-04-03,9894
2382,廣達,50,32,18,元大-桃興,2024-04-03,9894
2892,第一金,17,0,17,元大-桃興,2024-04-03,9894
00941,中信上游半導體,33,16,17,元大-桃興,2024-04-03,9894
00673R,期元大S＆P原油反1,17,0,17,元大-桃興,2024-04-03,9894
00795B,中信美國公債20年,17,1,16,元大-桃興,2024-04-03,9894
3265,台星科,20,4,16,元大-桃興,2024-04-03,9894
00712,復華富時不動產,21,6,15,元大-桃興,2024-04-03,9894
00680L,元大美債20正2,15,0,15,元大-桃興,2024-04-03,9894
3209,全科,15,0,15,元大-桃興,2024-04-03,9894
3055,蔚華科,18,3,15,元大-桃興,2024-04-03,9894
6122,擎邦,15,0,15,元大-桃興,2024-04-03,9894
1102,亞泥,14,0,14,元大-桃興,2024-04-03,9894
4938,和碩,24,10,14,元大-桃興,2024-04-03,9894
00857B,永豐20年美公債,14,0,14,元大-桃興,2024-04-03,9894
2303,聯電,22,9,13,元大-桃興,2024-04-03,9894
6841,長佳智能,13,0,13,元大-桃興,2024-04-03,9894
4526,東台,17,5,12,元大-桃興,2024-04-03,9894
5521,工信,14,2,12,元大-桃興,2024-04-03,9894
2609,陽明,12,0,12,元大-桃興,2024-04-03,9894
2006,東和鋼鐵,11,0,11,元大-桃興,2024-04-03,9894
2359,所羅門,17,6,11,元大-桃興,2024-04-03,9894
00679B,元大美債20年,272,2,270,元大-桃興,2024-04-08,9894
00940,元大台灣價值高息,575,310,265,元大-桃興,2024-04-08,9894
00929,復華台灣科技優息,162,12,150,元大-桃興,2024-04-08,9894
00637L,元大滬深300正2,80,0,80,元大-桃興,2024-04-08,9894
5351,鈺創,78,3,75,元大-桃興,2024-04-08,9894
2374,佳能,103,29,74,元大-桃興,2024-04-08,9894
00937B,群益ESG投等債20,81,10,71,元大-桃興,2024-04-08,9894
9902,台火,66,0,66,元大-桃興,2024-04-08,9894
6125,廣運,109,46,63,元大-桃興,2024-04-08,9894
2324,仁寶,56,3,53,元大-桃興,2024-04-08,9894
2317,鴻海,75,22,53,元大-桃興,2024-04-08,9894
00687B,國泰20年美債,62,9,53,元大-桃興,2024-04-08,9894
2618,長榮航,53,1,52,元大-桃興,2024-04-08,9894
2371,大同,65,22,43,元大-桃興,2024-04-08,9894
00751B,元大AAA至A公司債,43,0,43,元大-桃興,2024-04-08,9894
6120,達運,68,28,40,元大-桃興,2024-04-08,9894
6274,台燿,39,3,36,元大-桃興,2024-04-08,9894
6187,萬潤,33,1,32,元大-桃興,2024-04-08,9894
0056,元大高股息,38,9,29,元大-桃興,2024-04-08,9894
2356,英業達,55,26,29,元大-桃興,2024-04-08,9894
1513,中興電,37,9,28,元大-桃興,2024-04-08,9894
2359,所羅門,56,29,27,元大-桃興,2024-04-08,9894
1802,台玻,28,2,26,元大-桃興,2024-04-08,9894
00919,群益台灣精選高息,54,30,24,元大-桃興,2024-04-08,9894
2884,玉山金,24,1,23,元大-桃興,2024-04-08,9894
6770,力積電,44,23,21,元大-桃興,2024-04-08,9894
00772B,中信高評級公司債,21,0,21,元大-桃興,2024-04-08,9894
2607,榮運,20,0,20,元大-桃興,2024-04-08,9894
3010,華立,22,2,20,元大-桃興,2024-04-08,9894
00882,中信中國高股息,24,5,19,元大-桃興,2024-04-08,9894
00941,中信上游半導體,22,3,19,元大-桃興,2024-04-08,9894
3059,華晶科,24,7,17,元大-桃興,2024-04-08,9894
1312,國喬,16,0,16,元大-桃興,2024-04-08,9894
6213,聯茂,19,4,15,元大-桃興,2024-04-08,9894
00931B,統一美債20年,14,0,14,元大-桃興,2024-04-08,9894
3081,聯亞,16,2,14,元大-桃興,2024-04-08,9894
1605,華新,15,1,14,元大-桃興,2024-04-08,9894
3706,神達,22,9,13,元大-桃興,2024-04-08,9894
4915,致伸,13,0,13,元大-桃興,2024-04-08,9894
00857B,永豐20年美公債,14,1,13,元大-桃興,2024-04-08,9894
6505,台塑化,12,0,12,元大-桃興,2024-04-08,9894
2303,聯電,15,3,12,元大-桃興,2024-04-08,9894
6431,光麗-KY,12,0,12,元大-桃興,2024-04-08,9894
8039,台虹,11,0,11,元大-桃興,2024-04-08,9894
3005,神基,15,4,11,元大-桃興,2024-04-08,9894
1720,生達,11,0,11,元大-桃興,2024-04-08,9894
4714,永捷,12,1,11,元大-桃興,2024-04-08,9894
00923,群益台ESG低碳50,12,1,11,元大-桃興,2024-04-08,9894
6548,長科*,15,5,10,元大-桃興,2024-04-08,9894
8064,東捷,16,6,10,元大-桃興,2024-04-08,9894
00937B,群益ESG投等債20,469,6,463,元大-桃興,2024-04-09,9894
2367,燿華,196,16,180,元大-桃興,2024-04-09,9894
00929,復華台灣科技優息,138,8,130,元大-桃興,2024-04-09,9894
2009,第一銅,172,59,113,元大-桃興,2024-04-09,9894
00687B,國泰20年美債,125,20,105,元大-桃興,2024-04-09,9894
5351,鈺創,91,1,90,元大-桃興,2024-04-09,9894
3231,緯創,209,136,73,元大-桃興,2024-04-09,9894
2354,鴻準,74,7,67,元大-桃興,2024-04-09,9894
00679B,元大美債20年,63,0,63,元大-桃興,2024-04-09,9894
2515,中工,50,7,43,元大-桃興,2024-04-09,9894
00637L,元大滬深300正2,41,0,41,元大-桃興,2024-04-09,9894
2884,玉山金,51,14,37,元大-桃興,2024-04-09,9894
2371,大同,57,23,34,元大-桃興,2024-04-09,9894
00676R,富邦臺灣加權反1,33,0,33,元大-桃興,2024-04-09,9894
3013,晟銘電,63,31,32,元大-桃興,2024-04-09,9894
1524,耿鼎,36,5,31,元大-桃興,2024-04-09,9894
00680L,元大美債20正2,47,20,27,元大-桃興,2024-04-09,9894
5353,台林,27,0,27,元大-桃興,2024-04-09,9894
3466,德晉,30,3,27,元大-桃興,2024-04-09,9894
9955,佳龍,38,12,26,元大-桃興,2024-04-09,9894
2317,鴻海,107,82,25,元大-桃興,2024-04-09,9894
4526,東台,25,1,24,元大-桃興,2024-04-09,9894
3715,定穎投控,50,26,24,元大-桃興,2024-04-09,9894
3005,神基,33,10,23,元大-桃興,2024-04-09,9894
3622,洋華,23,1,22,元大-桃興,2024-04-09,9894
2405,輔信,28,8,20,元大-桃興,2024-04-09,9894
00673R,期元大S＆P原油反1,20,0,20,元大-桃興,2024-04-09,9894
4958,臻鼎-KY,20,0,20,元大-桃興,2024-04-09,9894
5521,工信,18,0,18,元大-桃興,2024-04-09,9894
1612,宏泰,53,35,18,元大-桃興,2024-04-09,9894
3010,華立,19,2,17,元大-桃興,2024-04-09,9894
1514,亞力,42,25,17,元大-桃興,2024-04-09,9894
2374,佳能,61,46,15,元大-桃興,2024-04-09,9894
4720,德淵,15,0,15,元大-桃興,2024-04-09,9894
00939,統一台灣高息動能,29,15,14,元大-桃興,2024-04-09,9894
2344,華邦電,20,6,14,元大-桃興,2024-04-09,9894
8112,至上,52,38,14,元大-桃興,2024-04-09,9894
2851,中再保,23,10,13,元大-桃興,2024-04-09,9894
5234,達興材料,13,0,13,元大-桃興,2024-04-09,9894
2010,春源,19,6,13,元大-桃興,2024-04-09,9894
2439,美律,15,2,13,元大-桃興,2024-04-09,9894
3052,夆典,13,0,13,元大-桃興,2024-04-09,9894
2376,技嘉,23,10,13,元大-桃興,2024-04-09,9894
6285,啟��,13,1,12,元大-桃興,2024-04-09,9894
2409,友達,46,34,12,元大-桃興,2024-04-09,9894
6188,廣明,15,3,12,元大-桃興,2024-04-09,9894
6578,達邦蛋白,13,1,12,元大-桃興,2024-04-09,9894
4562,穎漢,12,0,12,元大-桃興,2024-04-09,9894
1540,喬福,12,0,12,元大-桃興,2024-04-09,9894
6116,彩晶,13,1,12,元大-桃興,2024-04-09,9894
2845,遠東銀,93,1,92,元大-桃興,2024-04-10,9894
2515,中工,105,19,86,元大-桃興,2024-04-10,9894
00937B,群益ESG投等債20,87,3,84,元大-桃興,2024-04-10,9894
3037,欣興,65,1,64,元大-桃興,2024-04-10,9894
00929,復華台灣科技優息,92,33,59,元大-桃興,2024-04-10,9894
1605,華新,77,26,51,元大-桃興,2024-04-10,9894
1608,華榮,100,52,48,元大-桃興,2024-04-10,9894
00936,台新永續高息中小,50,2,48,元大-桃興,2024-04-10,9894
2317,鴻海,80,33,47,元大-桃興,2024-04-10,9894
3231,緯創,90,47,43,元大-桃興,2024-04-10,9894
6770,力積電,48,5,43,元大-桃興,2024-04-10,9894
2634,漢翔,85,42,43,元大-桃興,2024-04-10,9894
2353,宏��,113,75,38,元大-桃興,2024-04-10,9894
2376,技嘉,54,20,34,元大-桃興,2024-04-10,9894
9103,美德醫療-DR,33,0,33,元大-桃興,2024-04-10,9894
00637L,元大滬深300正2,33,0,33,元大-桃興,2024-04-10,9894
6207,雷科,43,15,28,元大-桃興,2024-04-10,9894
00688L,國泰20年美債正2,28,0,28,元大-桃興,2024-04-10,9894
00941,中信上游半導體,27,0,27,元大-桃興,2024-04-10,9894
8096,擎亞,62,35,27,元大-桃興,2024-04-10,9894
5351,鈺創,45,20,25,元大-桃興,2024-04-10,9894
5356,協益,24,0,24,元大-桃興,2024-04-10,9894
00632R,元大台灣50反1,48,25,23,元大-桃興,2024-04-10,9894
8358,金居,26,4,22,元大-桃興,2024-04-10,9894
8028,昇陽半導體,20,0,20,元大-桃興,2024-04-10,9894
3576,聯合再生,43,25,18,元大-桃興,2024-04-10,9894
1503,士電,38,20,18,元大-桃興,2024-04-10,9894
6117,迎廣,25,7,18,元大-桃興,2024-04-10,9894
00940,元大台灣價值高息,213,196,17,元大-桃興,2024-04-10,9894
6215,和椿,23,7,16,元大-桃興,2024-04-10,9894
2888,新光金,80,65,15,元大-桃興,2024-04-10,9894
1618,合機,39,24,15,元大-桃興,2024-04-10,9894
2464,盟立,43,29,14,元大-桃興,2024-04-10,9894
2014,中鴻,29,15,14,元大-桃興,2024-04-10,9894
00679B,元大美債20年,15,2,13,元大-桃興,2024-04-10,9894
8088,品安,14,1,13,元大-桃興,2024-04-10,9894
2367,燿華,14,1,13,元大-桃興,2024-04-10,9894
1513,中興電,39,26,13,元大-桃興,2024-04-10,9894
3481,群創,131,118,13,元大-桃興,2024-04-10,9894
00891,中信關鍵半導體,13,1,12,元大-桃興,2024-04-10,9894
2883,凱基金,16,4,12,元大-桃興,2024-04-10,9894
2027,大成鋼,22,10,12,元大-桃興,2024-04-10,9894
1713,國化,12,0,12,元大-桃興,2024-04-10,9894
1808,潤隆,12,0,12,元大-桃興,2024-04-10,9894
006208,富邦台50,12,0,12,元大-桃興,2024-04-10,9894
2548,華固,12,0,12,元大-桃興,2024-04-10,9894
2383,台光電,12,1,11,元大-桃興,2024-04-10,9894
3702,大聯大,11,0,11,元大-桃興,2024-04-10,9894
3147,大綜,11,0,11,元大-桃興,2024-04-10,9894
2855,統一證,11,0,11,元大-桃興,2024-04-10,9894
3481,群創,360,18,342,元大-桃興,2024-04-11,9894
2607,榮運,224,0,224,元大-桃興,2024-04-11,9894
00687B,國泰20年美債,196,2,194,元大-桃興,2024-04-11,9894
00937B,群益ESG投等債20,137,1,136,元大-桃興,2024-04-11,9894
00712,復華富時不動產,137,1,136,元大-桃興,2024-04-11,9894
00929,復華台灣科技優息,175,56,119,元大-桃興,2024-04-11,9894
00679B,元大美債20年,87,0,87,元大-桃興,2024-04-11,9894
6213,聯茂,92,21,71,元大-桃興,2024-04-11,9894
9103,美德醫療-DR,63,0,63,元大-桃興,2024-04-11,9894
00673R,期元大S＆P原油反1,61,6,55,元大-桃興,2024-04-11,9894
5210,寶碩,47,1,46,元大-桃興,2024-04-11,9894
2888,新光金,49,8,41,元大-桃興,2024-04-11,9894
00751B,元大AAA至A公司債,37,0,37,元大-桃興,2024-04-11,9894
3346,麗清,36,0,36,元大-桃興,2024-04-11,9894
4157,太景*-KY,35,0,35,元大-桃興,2024-04-11,9894
4532,瑞智,33,0,33,元大-桃興,2024-04-11,9894
00931B,統一美債20年,32,0,32,元大-桃興,2024-04-11,9894
00933B,國泰10Y+金融債,33,1,32,元大-桃興,2024-04-11,9894
00939,統一台灣高息動能,62,30,32,元大-桃興,2024-04-11,9894
1609,大亞,86,55,31,元大-桃興,2024-04-11,9894
2365,昆盈,62,32,30,元大-桃興,2024-04-11,9894
1326,台化,30,0,30,元大-桃興,2024-04-11,9894
3231,緯創,58,30,28,元大-桃興,2024-04-11,9894
6290,良維,37,10,27,元大-桃興,2024-04-11,9894
00795B,中信美國公債20年,25,0,25,元大-桃興,2024-04-11,9894
2881,富邦金,26,2,24,元大-桃興,2024-04-11,9894
2303,聯電,38,15,23,元大-桃興,2024-04-11,9894
5521,工信,21,0,21,元大-桃興,2024-04-11,9894
6116,彩晶,20,0,20,元大-桃興,2024-04-11,9894
1540,喬福,20,0,20,元大-桃興,2024-04-11,9894
5351,鈺創,40,20,20,元大-桃興,2024-04-11,9894
2645,長榮航太,26,6,20,元大-桃興,2024-04-11,9894
1802,台玻,19,1,18,元大-桃興,2024-04-11,9894
2882,國泰金,51,33,18,元大-桃興,2024-04-11,9894
3260,威剛,28,11,17,元大-桃興,2024-04-11,9894
00637L,元大滬深300正2,33,16,17,元大-桃興,2024-04-11,9894
00919,群益台灣精選高息,70,53,17,元大-桃興,2024-04-11,9894
2208,台船,16,0,16,元大-桃興,2024-04-11,9894
0056,元大高股息,19,3,16,元大-桃興,2024-04-11,9894
9958,世紀鋼,18,2,16,元大-桃興,2024-04-11,9894
2308,台達電,16,1,15,元大-桃興,2024-04-11,9894
8096,擎亞,23,9,14,元大-桃興,2024-04-11,9894
8064,東捷,20,6,14,元大-桃興,2024-04-11,9894
5522,遠雄,14,0,14,元大-桃興,2024-04-11,9894
00720B,元大投資級公司債,38,25,13,元大-桃興,2024-04-11,9894
5386,青雲,16,3,13,元大-桃興,2024-04-11,9894
2337,旺宏,13,0,13,元大-桃興,2024-04-11,9894
00857B,永豐20年美公債,13,0,13,元大-桃興,2024-04-11,9894
3029,零壹,14,1,13,元大-桃興,2024-04-11,9894
1503,士電,28,15,13,元大-桃興,2024-04-11,9894
00687B,國泰20年美債,164,13,151,元大-桃興,2024-04-12,9894
00929,復華台灣科技優息,95,21,74,元大-桃興,2024-04-12,9894
6213,聯茂,72,4,68,元大-桃興,2024-04-12,9894
00878,國泰永續高股息,69,1,68,元大-桃興,2024-04-12,9894
00680L,元大美債20正2,67,0,67,元大-桃興,2024-04-12,9894
2353,宏��,185,119,66,元大-桃興,2024-04-12,9894
00679B,元大美債20年,65,0,65,元大-桃興,2024-04-12,9894
2501,國建,68,7,61,元大-桃興,2024-04-12,9894
2610,華航,90,30,60,元大-桃興,2024-04-12,9894
2427,三商電,69,17,52,元大-桃興,2024-04-12,9894
00937B,群益ESG投等債20,54,3,51,元大-桃興,2024-04-12,9894
2382,廣達,61,10,51,元大-桃興,2024-04-12,9894
00715L,期街口布蘭特正2,50,6,44,元大-桃興,2024-04-12,9894
2618,長榮航,67,27,40,元大-桃興,2024-04-12,9894
2356,英業達,45,6,39,元大-桃興,2024-04-12,9894
3037,欣興,41,4,37,元大-桃興,2024-04-12,9894
5880,合庫金,36,0,36,元大-桃興,2024-04-12,9894
00891,中信關鍵半導體,32,0,32,元大-桃興,2024-04-12,9894
1326,台化,30,0,30,元大-桃興,2024-04-12,9894
00933B,國泰10Y+金融債,31,2,29,元大-桃興,2024-04-12,9894
2002,中鋼,28,0,28,元大-桃興,2024-04-12,9894
2363,矽統,269,242,27,元大-桃興,2024-04-12,9894
2883,凱基金,37,10,27,元大-桃興,2024-04-12,9894
2867,三商壽,36,10,26,元大-桃興,2024-04-12,9894
4967,十銓,40,15,25,元大-桃興,2024-04-12,9894
3576,聯合再生,28,4,24,元大-桃興,2024-04-12,9894
2884,玉山金,33,10,23,元大-桃興,2024-04-12,9894
00712,復華富時不動產,30,8,22,元大-桃興,2024-04-12,9894
8358,金居,40,19,21,元大-桃興,2024-04-12,9894
3615,安可,30,9,21,元大-桃興,2024-04-12,9894
3231,緯創,56,35,21,元大-桃興,2024-04-12,9894
2323,中環,20,0,20,元大-桃興,2024-04-12,9894
00905,FT臺灣Smart,20,0,20,元大-桃興,2024-04-12,9894
2337,旺宏,19,0,19,元大-桃興,2024-04-12,9894
00941,中信上游半導體,25,6,19,元大-桃興,2024-04-12,9894
2317,鴻海,59,41,18,元大-桃興,2024-04-12,9894
4958,臻鼎-KY,18,0,18,元大-桃興,2024-04-12,9894
1301,台塑,18,0,18,元大-桃興,2024-04-12,9894
4952,凌通,17,0,17,元大-桃興,2024-04-12,9894
2530,華建,17,1,16,元大-桃興,2024-04-12,9894
3372,典範,20,5,15,元大-桃興,2024-04-12,9894
2103,台橡,20,5,15,元大-桃興,2024-04-12,9894
00772B,中信高評級公司債,17,3,14,元大-桃興,2024-04-12,9894
4960,誠美材,16,2,14,元大-桃興,2024-04-12,9894
6538,倉和,14,0,14,元大-桃興,2024-04-12,9894
2882,國泰金,22,9,13,元大-桃興,2024-04-12,9894
3515,華擎,13,0,13,元大-桃興,2024-04-12,9894
3294,英濟,22,9,13,元大-桃興,2024-04-12,9894
1102,亞泥,13,0,13,元大-桃興,2024-04-12,9894
2834,臺企銀,12,0,12,元大-桃興,2024-04-12,9894
00929,復華台灣科技優息,340,2,338,元大-桃興,2024-04-15,9894
2887,台新金,308,5,303,元大-桃興,2024-04-15,9894
00933B,國泰10Y+金融債,105,15,90,元大-桃興,2024-04-15,9894
0056,元大高股息,95,7,88,元大-桃興,2024-04-15,9894
8105,凌巨,80,0,80,元大-桃興,2024-04-15,9894
00632R,元大台灣50反1,70,4,66,元大-桃興,2024-04-15,9894
4533,協易機,105,43,62,元大-桃興,2024-04-15,9894
8112,至上,64,6,58,元大-桃興,2024-04-15,9894
6290,良維,68,12,56,元大-桃興,2024-04-15,9894
6213,聯茂,57,4,53,元大-桃興,2024-04-15,9894
2618,長榮航,55,3,52,元大-桃興,2024-04-15,9894
5381,合正,55,5,50,元大-桃興,2024-04-15,9894
2317,鴻海,87,37,50,元大-桃興,2024-04-15,9894
3576,聯合再生,49,2,47,元大-桃興,2024-04-15,9894
5371,中光電,52,6,46,元大-桃興,2024-04-15,9894
9103,美德醫療-DR,43,0,43,元大-桃興,2024-04-15,9894
2607,榮運,41,0,41,元大-桃興,2024-04-15,9894
00939,統一台灣高息動能,74,35,39,元大-桃興,2024-04-15,9894
00937B,群益ESG投等債20,39,1,38,元大-桃興,2024-04-15,9894
1513,中興電,129,94,35,元大-桃興,2024-04-15,9894
2303,聯電,42,8,34,元大-桃興,2024-04-15,9894
2356,英業達,42,9,33,元大-桃興,2024-04-15,9894
2371,大同,220,189,31,元大-桃興,2024-04-15,9894
2883,凱基金,37,8,29,元大-桃興,2024-04-15,9894
00919,群益台灣精選高息,43,14,29,元大-桃興,2024-04-15,9894
00927,群益半導體收益,27,0,27,元大-桃興,2024-04-15,9894
00909,國泰數位支付服務,27,1,26,元大-桃興,2024-04-15,9894
1608,華榮,77,52,25,元大-桃興,2024-04-15,9894
2367,燿華,64,40,24,元大-桃興,2024-04-15,9894
6188,廣明,25,3,22,元大-桃興,2024-04-15,9894
1605,華新,41,19,22,元大-桃興,2024-04-15,9894
00712,復華富時不動產,22,1,21,元大-桃興,2024-04-15,9894
3481,群創,43,23,20,元大-桃興,2024-04-15,9894
00941,中信上游半導體,33,13,20,元大-桃興,2024-04-15,9894
8092,建暐,22,2,20,元大-桃興,2024-04-15,9894
1587,吉茂,21,1,20,元大-桃興,2024-04-15,9894
4958,臻鼎-KY,20,0,20,元大-桃興,2024-04-15,9894
5452,佶優,17,0,17,元大-桃興,2024-04-15,9894
9905,大華,17,0,17,元大-桃興,2024-04-15,9894
3706,神達,18,1,17,元大-桃興,2024-04-15,9894
2101,南港,17,1,16,元大-桃興,2024-04-15,9894
6785,昱展新藥,15,0,15,元大-桃興,2024-04-15,9894
2489,瑞軒,21,7,14,元大-桃興,2024-04-15,9894
6770,力積電,14,0,14,元大-桃興,2024-04-15,9894
2313,華通,31,18,13,元大-桃興,2024-04-15,9894
2408,南亞科,21,8,13,元大-桃興,2024-04-15,9894
1504,東元,59,47,12,元大-桃興,2024-04-15,9894
3622,洋華,16,4,12,元大-桃興,2024-04-15,9894
00633L,富邦上証正2,17,5,12,元大-桃興,2024-04-15,9894
2344,華邦電,19,8,11,元大-桃興,2024-04-15,9894
00940,元大台灣價值高息,1663,505,1158,元大-桃興,2024-04-16,9894
00929,復華台灣科技優息,368,49,319,元大-桃興,2024-04-16,9894
2618,長榮航,308,43,265,元大-桃興,2024-04-16,9894
00919,群益台灣精選高息,308,69,239,元大-桃興,2024-04-16,9894
2887,台新金,216,1,215,元大-桃興,2024-04-16,9894
00937B,群益ESG投等債20,216,1,215,元大-桃興,2024-04-16,9894
1609,大亞,422,230,192,元大-桃興,2024-04-16,9894
1524,耿鼎,187,0,187,元大-桃興,2024-04-16,9894
00878,國泰永續高股息,190,34,156,元大-桃興,2024-04-16,9894
2353,宏��,190,64,126,元大-桃興,2024-04-16,9894
3481,群創,161,49,112,元大-桃興,2024-04-16,9894
0056,元大高股息,142,32,110,元大-桃興,2024-04-16,9894
2880,華南金,103,0,103,元大-桃興,2024-04-16,9894
00712,復華富時不動產,94,3,91,元大-桃興,2024-04-16,9894
3231,緯創,112,31,81,元大-桃興,2024-04-16,9894
2855,統一證,72,0,72,元大-桃興,2024-04-16,9894
2801,彰銀,65,0,65,元大-桃興,2024-04-16,9894
2344,華邦電,62,0,62,元大-桃興,2024-04-16,9894
2356,英業達,70,10,60,元大-桃興,2024-04-16,9894
9905,大華,42,0,42,元大-桃興,2024-04-16,9894
00941,中信上游半導體,51,12,39,元大-桃興,2024-04-16,9894
2382,廣達,50,13,37,元大-桃興,2024-04-16,9894
8110,華東,40,5,35,元大-桃興,2024-04-16,9894
2371,大同,100,66,34,元大-桃興,2024-04-16,9894
3260,威剛,39,6,33,元大-桃興,2024-04-16,9894
00939,統一台灣高息動能,124,91,33,元大-桃興,2024-04-16,9894
00679B,元大美債20年,37,4,33,元大-桃興,2024-04-16,9894
4960,誠美材,35,5,30,元大-桃興,2024-04-16,9894
2630,亞航,86,57,29,元大-桃興,2024-04-16,9894
1587,吉茂,30,1,29,元大-桃興,2024-04-16,9894
00918,大華優利高填息30,30,1,29,元大-桃興,2024-04-16,9894
2485,兆赫,27,0,27,元大-桃興,2024-04-16,9894
2303,聯電,60,33,27,元大-桃興,2024-04-16,9894
1616,億泰,29,3,26,元大-桃興,2024-04-16,9894
00680L,元大美債20正2,43,17,26,元大-桃興,2024-04-16,9894
2884,玉山金,29,4,25,元大-桃興,2024-04-16,9894
4952,凌通,24,0,24,元大-桃興,2024-04-16,9894
1326,台化,23,0,23,元大-桃興,2024-04-16,9894
2408,南亞科,34,12,22,元大-桃興,2024-04-16,9894
2836,高雄銀,22,0,22,元大-桃興,2024-04-16,9894
2367,燿華,64,42,22,元大-桃興,2024-04-16,9894
2324,仁寶,24,2,22,元大-桃興,2024-04-16,9894
2206,三陽工業,23,2,21,元大-桃興,2024-04-16,9894
6505,台塑化,26,5,21,元大-桃興,2024-04-16,9894
00933B,國泰10Y+金融債,20,0,20,元大-桃興,2024-04-16,9894
2330,台積電,35,15,20,元大-桃興,2024-04-16,9894
3206,志豐,20,0,20,元大-桃興,2024-04-16,9894
4402,郡都開發,20,0,20,元大-桃興,2024-04-16,9894
4168,醣聯,21,1,20,元大-桃興,2024-04-16,9894
00665L,富邦�琤肭磪囓�2,20,0,20,元大-桃興,2024-04-16,9894
00940,元大台灣價值高息,338,148,190,元大-桃興,2024-04-17,9894
00937B,群益ESG投等債20,208,20,188,元大-桃興,2024-04-17,9894
00929,復華台灣科技優息,183,12,171,元大-桃興,2024-04-17,9894
00712,復華富時不動產,203,46,157,元大-桃興,2024-04-17,9894
00941,中信上游半導體,139,0,139,元大-桃興,2024-04-17,9894
00637L,元大滬深300正2,137,0,137,元大-桃興,2024-04-17,9894
00934,中信成長高股息,100,6,94,元大-桃興,2024-04-17,9894
2353,宏��,94,2,92,元大-桃興,2024-04-17,9894
00687B,國泰20年美債,101,15,86,元大-桃興,2024-04-17,9894
2618,長榮航,83,1,82,元大-桃興,2024-04-17,9894
00720B,元大投資級公司債,49,0,49,元大-桃興,2024-04-17,9894
0056,元大高股息,86,40,46,元大-桃興,2024-04-17,9894
00679B,元大美債20年,48,3,45,元大-桃興,2024-04-17,9894
00909,國泰數位支付服務,44,0,44,元大-桃興,2024-04-17,9894
3231,緯創,79,45,34,元大-桃興,2024-04-17,9894
2486,一詮,58,25,33,元大-桃興,2024-04-17,9894
2637,慧洋-KY,30,0,30,元大-桃興,2024-04-17,9894
00719B,元大美債1-3,30,1,29,元大-桃興,2024-04-17,9894
00857B,永豐20年美公債,29,0,29,元大-桃興,2024-04-17,9894
2892,第一金,28,0,28,元大-桃興,2024-04-17,9894
2330,台積電,29,4,25,元大-桃興,2024-04-17,9894
2630,亞航,58,35,23,元大-桃興,2024-04-17,9894
2855,統一證,23,0,23,元大-桃興,2024-04-17,9894
2834,臺企銀,22,0,22,元大-桃興,2024-04-17,9894
00891,中信關鍵半導體,22,0,22,元大-桃興,2024-04-17,9894
1809,中釉,22,1,21,元大-桃興,2024-04-17,9894
3708,上緯投控,38,17,21,元大-桃興,2024-04-17,9894
3583,辛耘,25,4,21,元大-桃興,2024-04-17,9894
1535,中宇,20,0,20,元大-桃興,2024-04-17,9894
2501,國建,26,6,20,元大-桃興,2024-04-17,9894
6204,艾華,20,0,20,元大-桃興,2024-04-17,9894
2888,新光金,20,1,19,元大-桃興,2024-04-17,9894
3062,建漢,20,1,19,元大-桃興,2024-04-17,9894
2393,億光,19,0,19,元大-桃興,2024-04-17,9894
1560,中砂,22,3,19,元大-桃興,2024-04-17,9894
00927,群益半導體收益,20,2,18,元大-桃興,2024-04-17,9894
2103,台橡,20,2,18,元大-桃興,2024-04-17,9894
5234,達興材料,16,0,16,元大-桃興,2024-04-17,9894
2374,佳能,33,17,16,元大-桃興,2024-04-17,9894
00939,統一台灣高息動能,41,25,16,元大-桃興,2024-04-17,9894
00751B,元大AAA至A公司債,16,1,15,元大-桃興,2024-04-17,9894
2382,廣達,27,12,15,元大-桃興,2024-04-17,9894
8069,元太,17,2,15,元大-桃興,2024-04-17,9894
8358,金居,15,0,15,元大-桃興,2024-04-17,9894
00933B,國泰10Y+金融債,14,0,14,元大-桃興,2024-04-17,9894
2356,英業達,21,7,14,元大-桃興,2024-04-17,9894
4542,科嶠,14,0,14,元大-桃興,2024-04-17,9894
1101,台泥,23,9,14,元大-桃興,2024-04-17,9894
2368,金像電,22,9,13,元大-桃興,2024-04-17,9894
3706,神達,15,2,13,元大-桃興,2024-04-17,9894
00929,復華台灣科技優息,283,9,274,元大-桃興,2024-04-18,9894
00632R,元大台灣50反1,166,11,155,元大-桃興,2024-04-18,9894
00941,中信上游半導體,133,3,130,元大-桃興,2024-04-18,9894
00940,元大台灣價值高息,196,78,118,元大-桃興,2024-04-18,9894
2887,台新金,100,0,100,元大-桃興,2024-04-18,9894
2371,大同,313,214,99,元大-桃興,2024-04-18,9894
4906,正文,102,5,97,元大-桃興,2024-04-18,9894
2374,佳能,138,46,92,元大-桃興,2024-04-18,9894
1612,宏泰,144,52,92,元大-桃興,2024-04-18,9894
00687B,國泰20年美債,110,45,65,元大-桃興,2024-04-18,9894
0056,元大高股息,74,27,47,元大-桃興,2024-04-18,9894
2367,燿華,75,29,46,元大-桃興,2024-04-18,9894
00712,復華富時不動產,47,2,45,元大-桃興,2024-04-18,9894
00937B,群益ESG投等債20,34,0,34,元大-桃興,2024-04-18,9894
2352,佳世達,36,2,34,元大-桃興,2024-04-18,9894
00772B,中信高評級公司債,31,0,31,元大-桃興,2024-04-18,9894
3501,維熹,31,0,31,元大-桃興,2024-04-18,9894
2354,鴻準,33,4,29,元大-桃興,2024-04-18,9894
2337,旺宏,28,0,28,元大-桃興,2024-04-18,9894
00885,富邦越南,27,0,27,元大-桃興,2024-04-18,9894
2329,華泰,39,14,25,元大-桃興,2024-04-18,9894
2317,鴻海,39,14,25,元大-桃興,2024-04-18,9894
2501,國建,34,10,24,元大-桃興,2024-04-18,9894
2007,燁興,20,0,20,元大-桃興,2024-04-18,9894
2390,云辰,17,0,17,元大-桃興,2024-04-18,9894
3015,全漢,18,1,17,元大-桃興,2024-04-18,9894
5512,力麒,28,12,16,元大-桃興,2024-04-18,9894
2610,華航,55,40,15,元大-桃興,2024-04-18,9894
6264,富裔,15,0,15,元大-桃興,2024-04-18,9894
00664R,國泰臺灣加權反1,15,0,15,元大-桃興,2024-04-18,9894
6126,信音,15,1,14,元大-桃興,2024-04-18,9894
2408,南亞科,13,0,13,元大-桃興,2024-04-18,9894
6770,力積電,93,80,13,元大-桃興,2024-04-18,9894
1316,上曜,15,3,12,元大-桃興,2024-04-18,9894
5443,均豪,24,12,12,元大-桃興,2024-04-18,9894
6188,廣明,12,0,12,元大-桃興,2024-04-18,9894
00720B,元大投資級公司債,12,0,12,元大-桃興,2024-04-18,9894
2303,聯電,15,3,12,元大-桃興,2024-04-18,9894
3017,奇鋐,79,68,11,元大-桃興,2024-04-18,9894
2014,中鴻,32,21,11,元大-桃興,2024-04-18,9894
1815,富喬,11,0,11,元大-桃興,2024-04-18,9894
8110,華東,12,1,11,元大-桃興,2024-04-18,9894
3005,神基,14,4,10,元大-桃興,2024-04-18,9894
3645,達邁,10,0,10,元大-桃興,2024-04-18,9894
1304,台聚,10,0,10,元大-桃興,2024-04-18,9894
3715,定穎投控,10,0,10,元大-桃興,2024-04-18,9894
4542,科嶠,10,0,10,元大-桃興,2024-04-18,9894
4168,醣聯,10,0,10,元大-桃興,2024-04-18,9894
2838,聯邦銀,10,0,10,元大-桃興,2024-04-18,9894
2645,長榮航太,10,0,10,元大-桃興,2024-04-18,9894
00940,元大台灣價值高息,767,165,602,元大-桃興,2024-04-19,9894
00929,復華台灣科技優息,565,84,481,元大-桃興,2024-04-19,9894
00937B,群益ESG投等債20,182,21,161,元大-桃興,2024-04-19,9894
00878,國泰永續高股息,206,60,146,元大-桃興,2024-04-19,9894
2303,聯電,156,13,143,元大-桃興,2024-04-19,9894
2353,宏��,152,28,124,元大-桃興,2024-04-19,9894
0056,元大高股息,132,19,113,元大-桃興,2024-04-19,9894
2887,台新金,120,10,110,元大-桃興,2024-04-19,9894
1608,華榮,185,90,95,元大-桃興,2024-04-19,9894
2330,台積電,104,13,91,元大-桃興,2024-04-19,9894
2618,長榮航,118,42,76,元大-桃興,2024-04-19,9894
00941,中信上游半導體,81,5,76,元大-桃興,2024-04-19,9894
00939,統一台灣高息動能,118,45,73,元大-桃興,2024-04-19,9894
00680L,元大美債20正2,104,33,71,元大-桃興,2024-04-19,9894
2888,新光金,69,5,64,元大-桃興,2024-04-19,9894
1609,大亞,432,372,60,元大-桃興,2024-04-19,9894
2607,榮運,77,24,53,元大-桃興,2024-04-19,9894
1612,宏泰,177,125,52,元大-桃興,2024-04-19,9894
2891,中信金,53,5,48,元大-桃興,2024-04-19,9894
2317,鴻海,76,29,47,元大-桃興,2024-04-19,9894
2356,英業達,62,21,41,元大-桃興,2024-04-19,9894
2363,矽統,52,13,39,元大-桃興,2024-04-19,9894
3231,緯創,77,40,37,元大-桃興,2024-04-19,9894
5512,力麒,98,61,37,元大-桃興,2024-04-19,9894
2486,一詮,38,1,37,元大-桃興,2024-04-19,9894
8936,國統,92,56,36,元大-桃興,2024-04-19,9894
9933,中鼎,37,1,36,元大-桃興,2024-04-19,9894
2382,廣達,52,17,35,元大-桃興,2024-04-19,9894
2633,台灣高鐵,35,0,35,元大-桃興,2024-04-19,9894
8996,高力,46,14,32,元大-桃興,2024-04-19,9894
00918,大華優利高填息30,37,6,31,元大-桃興,2024-04-19,9894
6191,精成科,30,0,30,元大-桃興,2024-04-19,9894
2365,昆盈,34,4,30,元大-桃興,2024-04-19,9894
2038,海光,32,2,30,元大-桃興,2024-04-19,9894
2515,中工,90,61,29,元大-桃興,2024-04-19,9894
1605,華新,103,76,27,元大-桃興,2024-04-19,9894
00631L,元大台灣50正2,27,0,27,元大-桃興,2024-04-19,9894
2892,第一金,26,0,26,元大-桃興,2024-04-19,9894
5347,世界,51,27,24,元大-桃興,2024-04-19,9894
3017,奇鋐,42,18,24,元大-桃興,2024-04-19,9894
00712,復華富時不動產,30,5,25,元大-桃興,2024-04-19,9894
4726,永昕,29,6,23,元大-桃興,2024-04-19,9894
2890,永豐金,22,0,22,元大-桃興,2024-04-19,9894
5234,達興材料,22,0,22,元大-桃興,2024-04-19,9894
3006,晶豪科,22,1,21,元大-桃興,2024-04-19,9894
6770,力積電,72,51,21,元大-桃興,2024-04-19,9894
00885,富邦越南,21,2,19,元大-桃興,2024-04-19,9894
0050,元大台灣50,31,11,20,元大-桃興,2024-04-19,9894
2408,南亞科,19,0,19,元大-桃興,2024-04-19,9894
00905,FT臺灣Smart,21,2,19,元大-桃興,2024-04-19,9894
00937B,群益ESG投等債20,383,3,380,元大-桃興,2024-04-22,9894
2610,華航,315,68,247,元大-桃興,2024-04-22,9894
00929,復華台灣科技優息,348,156,192,元大-桃興,2024-04-22,9894
00940,元大台灣價值高息,350,189,161,元大-桃興,2024-04-22,9894
00919,群益台灣精選高息,112,11,101,元大-桃興,2024-04-22,9894
2371,大同,346,248,98,元大-桃興,2024-04-22,9894
00939,統一台灣高息動能,95,8,87,元大-桃興,2024-04-22,9894
3576,聯合再生,73,11,62,元大-桃興,2024-04-22,9894
2607,榮運,72,11,61,元大-桃興,2024-04-22,9894
00687B,國泰20年美債,60,1,59,元大-桃興,2024-04-22,9894
00679B,元大美債20年,55,1,54,元大-桃興,2024-04-22,9894
00878,國泰永續高股息,62,12,50,元大-桃興,2024-04-22,9894
1609,大亞,199,149,50,元大-桃興,2024-04-22,9894
2303,聯電,59,10,49,元大-桃興,2024-04-22,9894
2317,鴻海,83,36,47,元大-桃興,2024-04-22,9894
5512,力麒,82,41,41,元大-桃興,2024-04-22,9894
2367,燿華,40,3,37,元大-桃興,2024-04-22,9894
2354,鴻準,35,2,33,元大-桃興,2024-04-22,9894
2867,三商壽,33,0,33,元大-桃興,2024-04-22,9894
2382,廣達,47,15,32,元大-桃興,2024-04-22,9894
8105,凌巨,30,0,30,元大-桃興,2024-04-22,9894
6282,康舒,33,3,30,元大-桃興,2024-04-22,9894
2329,華泰,47,19,28,元大-桃興,2024-04-22,9894
00637L,元大滬深300正2,28,0,28,元大-桃興,2024-04-22,9894
2408,南亞科,28,1,27,元大-桃興,2024-04-22,9894
2344,華邦電,31,5,26,元大-桃興,2024-04-22,9894
3231,緯創,67,42,25,元大-桃興,2024-04-22,9894
1312,國喬,32,8,24,元大-桃興,2024-04-22,9894
1722,台肥,23,0,23,元大-桃興,2024-04-22,9894
00715L,期街口布蘭特正2,22,0,22,元大-桃興,2024-04-22,9894
1616,億泰,55,33,22,元大-桃興,2024-04-22,9894
5521,工信,39,17,22,元大-桃興,2024-04-22,9894
1504,東元,35,13,22,元大-桃興,2024-04-22,9894
6116,彩晶,24,3,21,元大-桃興,2024-04-22,9894
4167,松瑞藥,21,0,21,元大-桃興,2024-04-22,9894
8271,宇瞻,21,0,21,元大-桃興,2024-04-22,9894
2327,國巨,21,0,21,元大-桃興,2024-04-22,9894
1618,合機,32,13,19,元大-桃興,2024-04-22,9894
2409,友達,18,0,18,元大-桃興,2024-04-22,9894
2359,所羅門,22,5,17,元大-桃興,2024-04-22,9894
6191,精成科,16,0,16,元大-桃興,2024-04-22,9894
2634,漢翔,48,33,15,元大-桃興,2024-04-22,9894
3052,夆典,28,13,15,元大-桃興,2024-04-22,9894
6285,啟��,14,0,14,元大-桃興,2024-04-22,9894
5515,建國,25,11,14,元大-桃興,2024-04-22,9894
2641,正德,18,5,13,元大-桃興,2024-04-22,9894
2374,佳能,18,5,13,元大-桃興,2024-04-22,9894
3703,欣陸,68,55,13,元大-桃興,2024-04-22,9894
6189,豐藝,18,6,12,元大-桃興,2024-04-22,9894
1305,華夏,12,0,12,元大-桃興,2024-04-22,9894
3024,憶聲,75,0,75,元大-桃興,2024-04-23,9894
00632R,元大台灣50反1,153,81,72,元大-桃興,2024-04-23,9894
2603,長榮,75,5,70,元大-桃興,2024-04-23,9894
1609,大亞,170,102,68,元大-桃興,2024-04-23,9894
00929,復華台灣科技優息,89,26,63,元大-桃興,2024-04-23,9894
00679B,元大美債20年,48,0,48,元大-桃興,2024-04-23,9894
2542,興富發,49,2,47,元大-桃興,2024-04-23,9894
2855,統一證,45,3,42,元大-桃興,2024-04-23,9894
2889,國票金,40,0,40,元大-桃興,2024-04-23,9894
2303,聯電,31,1,30,元大-桃興,2024-04-23,9894
3231,緯創,86,57,29,元大-桃興,2024-04-23,9894
1612,宏泰,70,45,25,元大-桃興,2024-04-23,9894
2547,日勝生,27,2,25,元大-桃興,2024-04-23,9894
2515,中工,316,291,25,元大-桃興,2024-04-23,9894
2887,台新金,31,7,24,元大-桃興,2024-04-23,9894
2464,盟立,22,0,22,元大-桃興,2024-04-23,9894
00850,元大臺灣ESG永續,22,0,22,元大-桃興,2024-04-23,9894
1316,上曜,60,39,21,元大-桃興,2024-04-23,9894
2382,廣達,29,8,21,元大-桃興,2024-04-23,9894
2449,京元電子,34,14,20,元大-桃興,2024-04-23,9894
3715,定穎投控,21,1,20,元大-桃興,2024-04-23,9894
8936,國統,55,36,19,元大-桃興,2024-04-23,9894
00878,國泰永續高股息,27,11,16,元大-桃興,2024-04-23,9894
1540,喬福,15,0,15,元大-桃興,2024-04-23,9894
5009,榮剛,18,3,15,元大-桃興,2024-04-23,9894
00664R,國泰臺灣加權反1,15,0,15,元大-桃興,2024-04-23,9894
00919,群益台灣精選高息,36,22,14,元大-桃興,2024-04-23,9894
2374,佳能,59,45,14,元大-桃興,2024-04-23,9894
2317,鴻海,36,22,14,元大-桃興,2024-04-23,9894
6770,力積電,38,24,14,元大-桃興,2024-04-23,9894
4562,穎漢,14,0,14,元大-桃興,2024-04-23,9894
2888,新光金,33,20,13,元大-桃興,2024-04-23,9894
6282,康舒,26,13,13,元大-桃興,2024-04-23,9894
8096,擎亞,14,1,13,元大-桃興,2024-04-23,9894
2371,大同,149,137,12,元大-桃興,2024-04-23,9894
00939,統一台灣高息動能,11,0,11,元大-桃興,2024-04-23,9894
1104,環泥,11,0,11,元大-桃興,2024-04-23,9894
6284,佳邦,11,0,11,元大-桃興,2024-04-23,9894
6117,迎廣,10,0,10,元大-桃興,2024-04-23,9894
00941,中信上游半導體,10,0,10,元大-桃興,2024-04-23,9894
2607,榮運,10,0,10,元大-桃興,2024-04-23,9894
3707,漢磊,16,6,10,元大-桃興,2024-04-23,9894
1802,台玻,10,0,10,元大-桃興,2024-04-23,9894
2903,遠百,11,1,10,元大-桃興,2024-04-23,9894
1227,佳格,10,0,10,元大-桃興,2024-04-23,9894
4167,松瑞藥,10,0,10,元大-桃興,2024-04-23,9894
6204,艾華,10,0,10,元大-桃興,2024-04-23,9894
00676R,富邦臺灣加權反1,10,0,10,元大-桃興,2024-04-23,9894
2504,國產,11,1,10,元大-桃興,2024-04-23,9894
00687B,國泰20年美債,10,1,9,元大-桃興,2024-04-23,9894
00632R,元大台灣50反1,580,348,232,元大-桃興,2024-04-24,9894
2402,毅嘉,157,0,157,元大-桃興,2024-04-24,9894
00919,群益台灣精選高息,132,23,109,元大-桃興,2024-04-24,9894
00687B,國泰20年美債,88,0,88,元大-桃興,2024-04-24,9894
00637L,元大滬深300正2,73,0,73,元大-桃興,2024-04-24,9894
00679B,元大美債20年,63,0,63,元大-桃興,2024-04-24,9894
2607,榮運,59,1,58,元大-桃興,2024-04-24,9894
9103,美德醫療-DR,50,0,50,元大-桃興,2024-04-24,9894
5512,力麒,48,0,48,元大-桃興,2024-04-24,9894
00878,國泰永續高股息,60,13,47,元大-桃興,2024-04-24,9894
2409,友達,43,0,43,元大-桃興,2024-04-24,9894
3481,群創,46,6,40,元大-桃興,2024-04-24,9894
00937B,群益ESG投等債20,35,0,35,元大-桃興,2024-04-24,9894
3715,定穎投控,57,24,33,元大-桃興,2024-04-24,9894
2344,華邦電,37,6,31,元大-桃興,2024-04-24,9894
2542,興富發,30,0,30,元大-桃興,2024-04-24,9894
2504,國產,27,1,26,元大-桃興,2024-04-24,9894
8473,山林水,27,1,26,元大-桃興,2024-04-24,9894
00929,復華台灣科技優息,113,88,25,元大-桃興,2024-04-24,9894
5371,中光電,73,51,22,元大-桃興,2024-04-24,9894
2886,兆豐金,24,2,22,元大-桃興,2024-04-24,9894
6770,力積電,65,44,21,元大-桃興,2024-04-24,9894
2354,鴻準,68,51,17,元大-桃興,2024-04-24,9894
3645,達邁,18,1,17,元大-桃興,2024-04-24,9894
1314,中石化,20,3,17,元大-桃興,2024-04-24,9894
2374,佳能,39,23,16,元大-桃興,2024-04-24,9894
1101,台泥,16,0,16,元大-桃興,2024-04-24,9894
3306,鼎天,16,0,16,元大-桃興,2024-04-24,9894
00927,群益半導體收益,20,5,15,元大-桃興,2024-04-24,9894
1805,寶徠,15,0,15,元大-桃興,2024-04-24,9894
2722,夏都,16,1,15,元大-桃興,2024-04-24,9894
1608,華榮,29,14,15,元大-桃興,2024-04-24,9894
0056,元大高股息,22,7,15,元大-桃興,2024-04-24,9894
2610,華航,127,113,14,元大-桃興,2024-04-24,9894
6213,聯茂,22,9,13,元大-桃興,2024-04-24,9894
2885,元大金,17,4,13,元大-桃興,2024-04-24,9894
6116,彩晶,12,0,12,元大-桃興,2024-04-24,9894
2547,日勝生,39,27,12,元大-桃興,2024-04-24,9894
2836,高雄銀,12,0,12,元大-桃興,2024-04-24,9894
1319,東陽,11,0,11,元大-桃興,2024-04-24,9894
1605,華新,36,25,11,元大-桃興,2024-04-24,9894
5876,上海商銀,11,0,11,元大-桃興,2024-04-24,9894
1532,勤美,11,0,11,元大-桃興,2024-04-24,9894
2101,南港,17,6,11,元大-桃興,2024-04-24,9894
6190,萬泰科,13,2,11,元大-桃興,2024-04-24,9894
1815,富喬,11,0,11,元大-桃興,2024-04-24,9894
2892,第一金,11,0,11,元大-桃興,2024-04-24,9894
5534,長虹,10,0,10,元大-桃興,2024-04-24,9894
9902,台火,12,2,10,元大-桃興,2024-04-24,9894
2838,聯邦銀,10,0,10,元大-桃興,2024-04-24,9894
00937B,群益ESG投等債20,152,1,151,元大-桃興,2024-04-25,9894
2547,日勝生,136,10,126,元大-桃興,2024-04-25,9894
00878,國泰永續高股息,115,2,113,元大-桃興,2024-04-25,9894
00665L,富邦�琤肭磪囓�2,105,1,104,元大-桃興,2024-04-25,9894
00919,群益台灣精選高息,93,23,70,元大-桃興,2024-04-25,9894
00679B,元大美債20年,69,0,69,元大-桃興,2024-04-25,9894
00929,復華台灣科技優息,83,34,49,元大-桃興,2024-04-25,9894
2317,鴻海,96,52,44,元大-桃興,2024-04-25,9894
1504,東元,62,22,40,元大-桃興,2024-04-25,9894
6120,達運,40,0,40,元大-桃興,2024-04-25,9894
2607,榮運,40,1,39,元大-桃興,2024-04-25,9894
5230,雷笛克光學,62,24,38,元大-桃興,2024-04-25,9894
3715,定穎投控,40,5,35,元大-桃興,2024-04-25,9894
2359,所羅門,35,4,31,元大-桃興,2024-04-25,9894
00940,元大台灣價值高息,90,60,30,元大-桃興,2024-04-25,9894
2903,遠百,30,1,29,元大-桃興,2024-04-25,9894
00687B,國泰20年美債,79,50,29,元大-桃興,2024-04-25,9894
1440,南紡,31,6,25,元大-桃興,2024-04-25,9894
3013,晟銘電,62,37,25,元大-桃興,2024-04-25,9894
00891,中信關鍵半導體,25,0,25,元大-桃興,2024-04-25,9894
6770,力積電,54,31,23,元大-桃興,2024-04-25,9894
2882,國泰金,23,0,23,元大-桃興,2024-04-25,9894
00720B,元大投資級公司債,20,0,20,元大-桃興,2024-04-25,9894
2897,王道銀行,20,0,20,元大-桃興,2024-04-25,9894
2101,南港,27,8,19,元大-桃興,2024-04-25,9894
00637L,元大滬深300正2,19,0,19,元大-桃興,2024-04-25,9894
2891,中信金,18,0,18,元大-桃興,2024-04-25,9894
3363,上詮,25,7,18,元大-桃興,2024-04-25,9894
0056,元大高股息,26,9,17,元大-桃興,2024-04-25,9894
2603,長榮,27,10,17,元大-桃興,2024-04-25,9894
6139,亞翔,17,2,15,元大-桃興,2024-04-25,9894
5347,世界,16,1,15,元大-桃興,2024-04-25,9894
00941,中信上游半導體,14,0,14,元大-桃興,2024-04-25,9894
2330,台積電,15,1,14,元大-桃興,2024-04-25,9894
3231,緯創,52,39,13,元大-桃興,2024-04-25,9894
6188,廣明,28,15,13,元大-桃興,2024-04-25,9894
2889,國票金,13,0,13,元大-桃興,2024-04-25,9894
1301,台塑,13,0,13,元大-桃興,2024-04-25,9894
3481,群創,37,25,12,元大-桃興,2024-04-25,9894
1609,大亞,140,127,13,元大-桃興,2024-04-25,9894
00680L,元大美債20正2,12,0,12,元大-桃興,2024-04-25,9894
2337,旺宏,11,0,11,元大-桃興,2024-04-25,9894
6005,群益證,11,0,11,元大-桃興,2024-04-25,9894
2722,夏都,13,2,11,元大-桃興,2024-04-25,9894
00751B,元大AAA至A公司債,11,0,11,元大-桃興,2024-04-25,9894
6285,啟��,10,0,10,元大-桃興,2024-04-25,9894
3704,合勤控,10,0,10,元大-桃興,2024-04-25,9894
4503,金雨,10,0,10,元大-桃興,2024-04-25,9894
4562,穎漢,11,1,10,元大-桃興,2024-04-25,9894
1618,合機,15,5,10,元大-桃興,2024-04-25,9894
00929,復華台灣科技優息,829,28,801,元大-桃興,2024-04-26,9894
00632R,元大台灣50反1,371,157,214,元大-桃興,2024-04-26,9894
00937B,群益ESG投等債20,130,0,130,元大-桃興,2024-04-26,9894
3013,晟銘電,90,21,69,元大-桃興,2024-04-26,9894
00679B,元大美債20年,61,0,61,元大-桃興,2024-04-26,9894
1303,南亞,50,0,50,元大-桃興,2024-04-26,9894
2211,長榮鋼,42,0,42,元大-桃興,2024-04-26,9894
5351,鈺創,41,0,41,元大-桃興,2024-04-26,9894
2520,冠德,50,14,36,元大-桃興,2024-04-26,9894
00687B,國泰20年美債,42,7,35,元大-桃興,2024-04-26,9894
00751B,元大AAA至A公司債,31,0,31,元大-桃興,2024-04-26,9894
3706,神達,38,8,30,元大-桃興,2024-04-26,9894
2421,建準,35,5,30,元大-桃興,2024-04-26,9894
00665L,富邦�琤肭磪囓�2,30,0,30,元大-桃興,2024-04-26,9894
4938,和碩,40,10,30,元大-桃興,2024-04-26,9894
2317,鴻海,147,118,29,元大-桃興,2024-04-26,9894
2031,新光鋼,25,0,25,元大-桃興,2024-04-26,9894
2464,盟立,32,9,23,元大-桃興,2024-04-26,9894
6197,佳必琪,28,5,23,元大-桃興,2024-04-26,9894
2363,矽統,29,7,22,元大-桃興,2024-04-26,9894
1528,恩德,20,0,20,元大-桃興,2024-04-26,9894
00680L,元大美債20正2,20,0,20,元大-桃興,2024-04-26,9894
8105,凌巨,20,0,20,元大-桃興,2024-04-26,9894
00878,國泰永續高股息,24,5,19,元大-桃興,2024-04-26,9894
2855,統一證,25,7,18,元大-桃興,2024-04-26,9894
1605,華新,20,2,18,元大-桃興,2024-04-26,9894
1618,合機,24,6,18,元大-桃興,2024-04-26,9894
8240,華宏,16,0,16,元大-桃興,2024-04-26,9894
1805,寶徠,15,0,15,元大-桃興,2024-04-26,9894
00795B,中信美國公債20年,15,0,15,元大-桃興,2024-04-26,9894
2607,榮運,26,11,15,元大-桃興,2024-04-26,9894
6278,台表科,16,1,15,元大-桃興,2024-04-26,9894
3017,奇鋐,98,83,15,元大-桃興,2024-04-26,9894
00919,群益台灣精選高息,17,3,14,元大-桃興,2024-04-26,9894
2634,漢翔,16,2,14,元大-桃興,2024-04-26,9894
2515,中工,96,82,14,元大-桃興,2024-04-26,9894
2889,國票金,14,0,14,元大-桃興,2024-04-26,9894
3481,群創,22,9,13,元大-桃興,2024-04-26,9894
3715,定穎投控,20,7,13,元大-桃興,2024-04-26,9894
2362,藍天,12,0,12,元大-桃興,2024-04-26,9894
8046,南電,12,0,12,元大-桃興,2024-04-26,9894
2455,全新,26,14,12,元大-桃興,2024-04-26,9894
1442,名軒,14,2,12,元大-桃興,2024-04-26,9894
00772B,中信高評級公司債,12,0,12,元大-桃興,2024-04-26,9894
2329,華泰,14,2,12,元大-桃興,2024-04-26,9894
00940,元大台灣價值高息,118,106,12,元大-桃興,2024-04-26,9894
00773B,中信優先金融債,11,0,11,元大-桃興,2024-04-26,9894
3686,達能,11,0,11,元大-桃興,2024-04-26,9894
8096,擎亞,11,0,11,元大-桃興,2024-04-26,9894
8936,國統,12,2,10,元大-桃興,2024-04-26,9894
00632R,元大台灣50反1,376,64,312,元大-桃興,2024-04-29,9894
2888,新光金,192,84,108,元大-桃興,2024-04-29,9894
2323,中環,90,10,80,元大-桃興,2024-04-29,9894
2618,長榮航,195,134,61,元大-桃興,2024-04-29,9894
2066,世德,51,0,51,元大-桃興,2024-04-29,9894
6125,廣運,80,35,45,元大-桃興,2024-04-29,9894
6282,康舒,37,0,37,元大-桃興,2024-04-29,9894
00882,中信中國高股息,56,20,36,元大-桃興,2024-04-29,9894
00929,復華台灣科技優息,70,35,35,元大-桃興,2024-04-29,9894
8112,至上,56,23,33,元大-桃興,2024-04-29,9894
1440,南紡,39,7,32,元大-桃興,2024-04-29,9894
3013,晟銘電,59,28,31,元大-桃興,2024-04-29,9894
6219,富旺,24,0,24,元大-桃興,2024-04-29,9894
00937B,群益ESG投等債20,67,43,24,元大-桃興,2024-04-29,9894
2354,鴻準,38,15,23,元大-桃興,2024-04-29,9894
2312,金寶,23,0,23,元大-桃興,2024-04-29,9894
00679B,元大美債20年,22,0,22,元大-桃興,2024-04-29,9894
6770,力積電,42,20,22,元大-桃興,2024-04-29,9894
6215,和椿,141,121,20,元大-桃興,2024-04-29,9894
00795B,中信美國公債20年,20,0,20,元大-桃興,2024-04-29,9894
2511,太子,27,7,20,元大-桃興,2024-04-29,9894
2889,國票金,39,19,20,元大-桃興,2024-04-29,9894
2609,陽明,146,126,20,元大-桃興,2024-04-29,9894
3289,宜特,46,27,19,元大-桃興,2024-04-29,9894
2449,京元電子,40,21,19,元大-桃興,2024-04-29,9894
1612,宏泰,24,6,18,元大-桃興,2024-04-29,9894
2515,中工,176,158,18,元大-桃興,2024-04-29,9894
4513,福裕,23,6,17,元大-桃興,2024-04-29,9894
4562,穎漢,17,0,17,元大-桃興,2024-04-29,9894
1305,華夏,22,5,17,元大-桃興,2024-04-29,9894
2610,華航,68,51,17,元大-桃興,2024-04-29,9894
2605,新興,29,13,16,元大-桃興,2024-04-29,9894
2606,裕民,15,0,15,元大-桃興,2024-04-29,9894
3707,漢磊,16,1,15,元大-桃興,2024-04-29,9894
1503,士電,28,15,13,元大-桃興,2024-04-29,9894
2393,億光,20,7,13,元大-桃興,2024-04-29,9894
2534,宏盛,12,0,12,元大-桃興,2024-04-29,9894
6214,精誠,12,0,12,元大-桃興,2024-04-29,9894
3058,立德,12,0,12,元大-桃興,2024-04-29,9894
2882,國泰金,27,16,11,元大-桃興,2024-04-29,9894
00680L,元大美債20正2,13,2,11,元大-桃興,2024-04-29,9894
2633,台灣高鐵,11,0,11,元大-桃興,2024-04-29,9894
6177,達麗,20,9,11,元大-桃興,2024-04-29,9894
4526,東台,12,1,11,元大-桃興,2024-04-29,9894
3324,雙鴻,13,3,10,元大-桃興,2024-04-29,9894
1303,南亞,10,0,10,元大-桃興,2024-04-29,9894
2505,國揚,11,1,10,元大-桃興,2024-04-29,9894
2351,順德,28,18,10,元大-桃興,2024-04-29,9894
8940,新天地,10,0,10,元大-桃興,2024-04-29,9894
00665L,富邦�琤肭磪囓�2,10,0,10,元大-桃興,2024-04-29,9894
2883,凱基金,103,3,100,元大-桃興,2024-04-30,9894
00937B,群益ESG投等債20,81,0,81,元大-桃興,2024-04-30,9894
2891,中信金,84,25,59,元大-桃興,2024-04-30,9894
2317,鴻海,57,9,48,元大-桃興,2024-04-30,9894
2888,新光金,61,18,43,元大-桃興,2024-04-30,9894
4714,永捷,74,34,40,元大-桃興,2024-04-30,9894
00919,群益台灣精選高息,33,0,33,元大-桃興,2024-04-30,9894
2017,官田鋼,31,0,31,元大-桃興,2024-04-30,9894
2501,國建,137,107,30,元大-桃興,2024-04-30,9894
00882,中信中國高股息,32,4,28,元大-桃興,2024-04-30,9894
6770,力積電,41,13,28,元大-桃興,2024-04-30,9894
2611,志信,30,5,25,元大-桃興,2024-04-30,9894
1524,耿鼎,30,5,25,元大-桃興,2024-04-30,9894
2880,華南金,37,13,24,元大-桃興,2024-04-30,9894
00878,國泰永續高股息,28,5,23,元大-桃興,2024-04-30,9894
6278,台表科,52,30,22,元大-桃興,2024-04-30,9894
3016,嘉晶,21,0,21,元大-桃興,2024-04-30,9894
00637L,元大滬深300正2,50,29,21,元大-桃興,2024-04-30,9894
00639,富邦深100,20,0,20,元大-桃興,2024-04-30,9894
5347,世界,23,4,19,元大-桃興,2024-04-30,9894
2884,玉山金,22,3,19,元大-桃興,2024-04-30,9894
8088,品安,22,4,18,元大-桃興,2024-04-30,9894
5457,宣德,17,0,17,元大-桃興,2024-04-30,9894
2882,國泰金,18,1,17,元大-桃興,2024-04-30,9894
00636,國泰中國A50,15,0,15,元大-桃興,2024-04-30,9894
5880,合庫金,15,1,14,元大-桃興,2024-04-30,9894
00939,統一台灣高息動能,36,23,13,元大-桃興,2024-04-30,9894
00753L,中信中國50正2,13,0,13,元大-桃興,2024-04-30,9894
2855,統一證,13,0,13,元大-桃興,2024-04-30,9894
2352,佳世達,14,1,13,元大-桃興,2024-04-30,9894
2610,華航,30,17,13,元大-桃興,2024-04-30,9894
2607,榮運,16,3,13,元大-桃興,2024-04-30,9894
1304,台聚,12,0,12,元大-桃興,2024-04-30,9894
1301,台塑,11,0,11,元大-桃興,2024-04-30,9894
5608,四維航,12,1,11,元大-桃興,2024-04-30,9894
1314,中石化,37,26,11,元大-桃興,2024-04-30,9894
2330,台積電,16,6,10,元大-桃興,2024-04-30,9894
2812,台中銀,11,1,10,元大-桃興,2024-04-30,9894
1612,宏泰,12,2,10,元大-桃興,2024-04-30,9894
0056,元大高股息,10,0,10,元大-桃興,2024-04-30,9894
00720B,元大投資級公司債,10,0,10,元大-桃興,2024-04-30,9894
2457,飛宏,11,1,10,元大-桃興,2024-04-30,9894
00712,復華富時不動產,10,0,10,元大-桃興,2024-04-30,9894
2020,美亞,10,0,10,元大-桃興,2024-04-30,9894
00921,兆豐龍頭等權重,10,0,10,元大-桃興,2024-04-30,9894
5009,榮剛,12,2,10,元大-桃興,2024-04-30,9894
2851,中再保,10,0,10,元大-桃興,2024-04-30,9894
6505,台塑化,10,0,10,元大-桃興,2024-04-30,9894
2355,敬鵬,21,11,10,元大-桃興,2024-04-30,9894
00719B,元大美債1-3,10,0,10,元大-桃興,2024-04-30,9894
00878,國泰永續高股息,142,2,140,元大-桃興,2024-05-02,9894
00919,群益台灣精選高息,132,1,131,元大-桃興,2024-05-02,9894
00937B,群益ESG投等債20,126,5,121,元大-桃興,2024-05-02,9894
00929,復華台灣科技優息,83,10,73,元大-桃興,2024-05-02,9894
00715L,期街口布蘭特正2,67,0,67,元大-桃興,2024-05-02,9894
1609,大亞,123,61,62,元大-桃興,2024-05-02,9894
3481,群創,95,34,61,元大-桃興,2024-05-02,9894
2367,燿華,69,9,60,元大-桃興,2024-05-02,9894
2515,中工,112,53,59,元大-桃興,2024-05-02,9894
00687B,國泰20年美債,60,7,53,元大-桃興,2024-05-02,9894
2363,矽統,71,18,53,元大-桃興,2024-05-02,9894
2609,陽明,63,24,39,元大-桃興,2024-05-02,9894
2501,國建,155,116,39,元大-桃興,2024-05-02,9894
2352,佳世達,40,1,39,元大-桃興,2024-05-02,9894
00632R,元大台灣50反1,40,4,36,元大-桃興,2024-05-02,9894
2323,中環,33,2,31,元大-桃興,2024-05-02,9894
4157,太景*-KY,30,0,30,元大-桃興,2024-05-02,9894
2611,志信,37,8,29,元大-桃興,2024-05-02,9894
1616,億泰,28,3,25,元大-桃興,2024-05-02,9894
00679B,元大美債20年,24,0,24,元大-桃興,2024-05-02,9894
5515,建國,24,1,23,元大-桃興,2024-05-02,9894
2337,旺宏,24,2,22,元大-桃興,2024-05-02,9894
00690,兆豐藍籌30,22,0,22,元大-桃興,2024-05-02,9894
00637L,元大滬深300正2,22,0,22,元大-桃興,2024-05-02,9894
2603,長榮,37,15,22,元大-桃興,2024-05-02,9894
1314,中石化,68,47,21,元大-桃興,2024-05-02,9894
2880,華南金,30,9,21,元大-桃興,2024-05-02,9894
2891,中信金,37,17,20,元大-桃興,2024-05-02,9894
2330,台積電,27,6,21,元大-桃興,2024-05-02,9894
00688L,國泰20年美債正2,20,0,20,元大-桃興,2024-05-02,9894
00932,兆豐永續高息等權,20,0,20,元大-桃興,2024-05-02,9894
2809,京城銀,23,3,20,元大-桃興,2024-05-02,9894
3290,東浦,19,0,19,元大-桃興,2024-05-02,9894
2101,南港,32,13,19,元大-桃興,2024-05-02,9894
00664R,國泰臺灣加權反1,18,0,18,元大-桃興,2024-05-02,9894
00939,統一台灣高息動能,17,0,17,元大-桃興,2024-05-02,9894
2886,兆豐金,22,5,17,元大-桃興,2024-05-02,9894
2520,冠德,32,16,16,元大-桃興,2024-05-02,9894
2476,鉅祥,16,0,16,元大-桃興,2024-05-02,9894
2641,正德,17,2,15,元大-桃興,2024-05-02,9894
00918,大華優利高填息30,16,1,15,元大-桃興,2024-05-02,9894
2303,聯電,21,6,15,元大-桃興,2024-05-02,9894
2605,新興,14,0,14,元大-桃興,2024-05-02,9894
3207,耀勝,15,1,14,元大-桃興,2024-05-02,9894
3707,漢磊,13,0,13,元大-桃興,2024-05-02,9894
2353,宏��,26,13,13,元大-桃興,2024-05-02,9894
2317,鴻海,28,16,12,元大-桃興,2024-05-02,9894
6122,擎邦,11,0,11,元大-桃興,2024-05-02,9894
8271,宇瞻,11,0,11,元大-桃興,2024-05-02,9894
2867,三商壽,11,0,11,元大-桃興,2024-05-02,9894
00929,復華台灣科技優息,252,19,233,元大-桃興,2024-05-03,9894
00937B,群益ESG投等債20,133,13,120,元大-桃興,2024-05-03,9894
6125,廣運,65,15,50,元大-桃興,2024-05-03,9894
1609,大亞,66,18,48,元大-桃興,2024-05-03,9894
2371,大同,75,29,46,元大-桃興,2024-05-03,9894
00878,國泰永續高股息,70,24,46,元大-桃興,2024-05-03,9894
3056,富華新,50,7,43,元大-桃興,2024-05-03,9894
1316,上曜,70,29,41,元大-桃興,2024-05-03,9894
1722,台肥,41,2,39,元大-桃興,2024-05-03,9894
3481,群創,39,3,36,元大-桃興,2024-05-03,9894
00932,兆豐永續高息等權,37,1,36,元大-桃興,2024-05-03,9894
3231,緯創,49,14,35,元大-桃興,2024-05-03,9894
2101,南港,43,11,32,元大-桃興,2024-05-03,9894
6274,台燿,46,17,29,元大-桃興,2024-05-03,9894
1314,中石化,40,12,28,元大-桃興,2024-05-03,9894
2367,燿華,35,8,27,元大-桃興,2024-05-03,9894
2888,新光金,30,3,27,元大-桃興,2024-05-03,9894
1785,光洋科,41,14,27,元大-桃興,2024-05-03,9894
00715L,期街口布蘭特正2,25,0,25,元大-桃興,2024-05-03,9894
4716,大立,28,3,25,元大-桃興,2024-05-03,9894
00632R,元大台灣50反1,282,257,25,元大-桃興,2024-05-03,9894
00679B,元大美債20年,24,0,24,元大-桃興,2024-05-03,9894
6116,彩晶,23,0,23,元大-桃興,2024-05-03,9894
5347,世界,33,10,23,元大-桃興,2024-05-03,9894
3706,神達,24,2,22,元大-桃興,2024-05-03,9894
2603,長榮,25,4,21,元大-桃興,2024-05-03,9894
5512,力麒,58,38,20,元大-桃興,2024-05-03,9894
00945B,凱基美國非投等債,20,0,20,元大-桃興,2024-05-03,9894
5531,鄉林,23,4,19,元大-桃興,2024-05-03,9894
4714,永捷,178,160,18,元大-桃興,2024-05-03,9894
2363,矽統,78,60,18,元大-桃興,2024-05-03,9894
00919,群益台灣精選高息,21,5,16,元大-桃興,2024-05-03,9894
5515,建國,16,0,16,元大-桃興,2024-05-03,9894
9919,康那香,23,7,16,元大-桃興,2024-05-03,9894
1504,東元,15,0,15,元大-桃興,2024-05-03,9894
5309,系統電,15,0,15,元大-桃興,2024-05-03,9894
2356,英業達,15,0,15,元大-桃興,2024-05-03,9894
6770,力積電,85,71,14,元大-桃興,2024-05-03,9894
2458,義隆,16,2,14,元大-桃興,2024-05-03,9894
3583,辛耘,14,0,14,元大-桃興,2024-05-03,9894
2855,統一證,14,0,14,元大-桃興,2024-05-03,9894
8240,華宏,14,0,14,元大-桃興,2024-05-03,9894
8064,東捷,28,15,13,元大-桃興,2024-05-03,9894
1603,華電,13,0,13,元大-桃興,2024-05-03,9894
00882,中信中國高股息,16,3,13,元大-桃興,2024-05-03,9894
9945,潤泰新,49,38,11,元大-桃興,2024-05-03,9894
2344,華邦電,11,0,11,元大-桃興,2024-05-03,9894
3017,奇鋐,29,18,11,元大-桃興,2024-05-03,9894
3704,合勤控,11,0,11,元大-桃興,2024-05-03,9894
5478,智冠,11,0,11,元大-桃興,2024-05-03,9894
00632R,元大台灣50反1,549,1,548,元大-桃興,2024-05-06,9894
00929,復華台灣科技優息,489,70,419,元大-桃興,2024-05-06,9894
2515,中工,380,47,333,元大-桃興,2024-05-06,9894
00937B,群益ESG投等債20,174,8,166,元大-桃興,2024-05-06,9894
00940,元大台灣價值高息,150,25,125,元大-桃興,2024-05-06,9894
00676R,富邦臺灣加權反1,124,0,124,元大-桃興,2024-05-06,9894
00637L,元大滬深300正2,96,0,96,元大-桃興,2024-05-06,9894
2328,廣宇,72,2,70,元大-桃興,2024-05-06,9894
6215,和椿,76,11,65,元大-桃興,2024-05-06,9894
1316,上曜,88,35,53,元大-桃興,2024-05-06,9894
9103,美德醫療-DR,50,0,50,元大-桃興,2024-05-06,9894
00932,兆豐永續高息等權,50,0,50,元大-桃興,2024-05-06,9894
2618,長榮航,121,77,44,元大-桃興,2024-05-06,9894
2501,國建,93,58,35,元大-桃興,2024-05-06,9894
2392,正崴,39,7,32,元大-桃興,2024-05-06,9894
3363,上詮,35,7,28,元大-桃興,2024-05-06,9894
2352,佳世達,48,21,27,元大-桃興,2024-05-06,9894
8033,雷虎,33,6,27,元大-桃興,2024-05-06,9894
2449,京元電子,64,39,25,元大-桃興,2024-05-06,9894
2354,鴻準,37,12,25,元大-桃興,2024-05-06,9894
2905,三商,30,5,25,元大-桃興,2024-05-06,9894
00878,國泰永續高股息,134,112,22,元大-桃興,2024-05-06,9894
2543,皇昌,54,33,21,元大-桃興,2024-05-06,9894
9110,越南控-DR,20,0,20,元大-桃興,2024-05-06,9894
3163,波若威,21,1,20,元大-桃興,2024-05-06,9894
2605,新興,21,3,18,元大-桃興,2024-05-06,9894
2611,志信,20,2,18,元大-桃興,2024-05-06,9894
3615,安可,18,0,18,元大-桃興,2024-05-06,9894
2323,中環,18,0,18,元大-桃興,2024-05-06,9894
2308,台達電,16,0,16,元大-桃興,2024-05-06,9894
8064,東捷,15,0,15,元大-桃興,2024-05-06,9894
2393,億光,24,9,15,元大-桃興,2024-05-06,9894
00715L,期街口布蘭特正2,15,0,15,元大-桃興,2024-05-06,9894
006208,富邦台50,15,1,14,元大-桃興,2024-05-06,9894
3481,群創,32,19,13,元大-桃興,2024-05-06,9894
3042,晶技,13,0,13,元大-桃興,2024-05-06,9894
9933,中鼎,17,5,12,元大-桃興,2024-05-06,9894
6290,良維,12,0,12,元大-桃興,2024-05-06,9894
2367,燿華,46,34,12,元大-桃興,2024-05-06,9894
4714,永捷,55,44,11,元大-桃興,2024-05-06,9894
2029,盛餘,11,0,11,元大-桃興,2024-05-06,9894
2852,第一保,11,0,11,元大-桃興,2024-05-06,9894
4303,信立,17,6,11,元大-桃興,2024-05-06,9894
00891,中信關鍵半導體,11,0,11,元大-桃興,2024-05-06,9894
2327,國巨,10,0,10,元大-桃興,2024-05-06,9894
3504,揚明光,10,0,10,元大-桃興,2024-05-06,9894
5483,中美晶,11,1,10,元大-桃興,2024-05-06,9894
4157,太景*-KY,10,0,10,元大-桃興,2024-05-06,9894
00945B,凱基美國非投等債,10,0,10,元大-桃興,2024-05-06,9894
2414,精技,10,0,10,元大-桃興,2024-05-06,9894
00937B,群益ESG投等債20,191,6,185,元大-桃興,2024-05-07,9894
00929,復華台灣科技優息,85,3,82,元大-桃興,2024-05-07,9894
2891,中信金,149,70,79,元大-桃興,2024-05-07,9894
2618,長榮航,111,43,68,元大-桃興,2024-05-07,9894
00676R,富邦臺灣加權反1,90,22,68,元大-桃興,2024-05-07,9894
2515,中工,115,50,65,元大-桃興,2024-05-07,9894
00632R,元大台灣50反1,67,2,65,元大-桃興,2024-05-07,9894
00878,國泰永續高股息,96,50,46,元大-桃興,2024-05-07,9894
00918,大華優利高填息30,45,1,44,元大-桃興,2024-05-07,9894
2888,新光金,64,22,42,元大-桃興,2024-05-07,9894
00637L,元大滬深300正2,42,0,42,元大-桃興,2024-05-07,9894
3033,威健,82,41,41,元大-桃興,2024-05-07,9894
1609,大亞,77,40,37,元大-桃興,2024-05-07,9894
2535,達欣工,33,1,32,元大-桃興,2024-05-07,9894
2636,台驊控股,30,0,30,元大-桃興,2024-05-07,9894
00673R,期元大S＆P原油反1,30,0,30,元大-桃興,2024-05-07,9894
6125,廣運,54,25,29,元大-桃興,2024-05-07,9894
6285,啟��,30,1,29,元大-桃興,2024-05-07,9894
2486,一詮,103,77,26,元大-桃興,2024-05-07,9894
3013,晟銘電,234,209,25,元大-桃興,2024-05-07,9894
2014,中鴻,24,0,24,元大-桃興,2024-05-07,9894
2417,圓剛,23,0,23,元大-桃興,2024-05-07,9894
8473,山林水,22,0,22,元大-桃興,2024-05-07,9894
2855,統一證,21,0,21,元大-桃興,2024-05-07,9894
5425,台半,21,0,21,元大-桃興,2024-05-07,9894
2009,第一銅,22,1,21,元大-桃興,2024-05-07,9894
2546,根基,25,5,20,元大-桃興,2024-05-07,9894
6548,長科*,20,0,20,元大-桃興,2024-05-07,9894
3056,富華新,27,7,20,元大-桃興,2024-05-07,9894
2365,昆盈,21,1,20,元大-桃興,2024-05-07,9894
3014,聯陽,20,0,20,元大-桃興,2024-05-07,9894
9945,潤泰新,44,25,19,元大-桃興,2024-05-07,9894
3481,群創,22,3,19,元大-桃興,2024-05-07,9894
8096,擎亞,72,54,18,元大-桃興,2024-05-07,9894
6005,群益證,19,1,18,元大-桃興,2024-05-07,9894
8033,雷虎,27,10,17,元大-桃興,2024-05-07,9894
5521,工信,17,0,17,元大-桃興,2024-05-07,9894
00919,群益台灣精選高息,22,6,16,元大-桃興,2024-05-07,9894
6278,台表科,21,5,16,元大-桃興,2024-05-07,9894
2353,宏��,32,16,16,元大-桃興,2024-05-07,9894
2527,宏璟,15,0,15,元大-桃興,2024-05-07,9894
6282,康舒,17,2,15,元大-桃興,2024-05-07,9894
1795,美時,15,0,15,元大-桃興,2024-05-07,9894
00636,國泰中國A50,15,0,15,元大-桃興,2024-05-07,9894
2451,創見,19,4,15,元大-桃興,2024-05-07,9894
8215,明基材,14,0,14,元大-桃興,2024-05-07,9894
2374,佳能,26,12,14,元大-桃興,2024-05-07,9894
2363,矽統,39,25,14,元大-桃興,2024-05-07,9894
00680L,元大美債20正2,13,0,13,元大-桃興,2024-05-07,9894
1532,勤美,23,11,12,元大-桃興,2024-05-07,9894
00680L,元大美債20正2,202,4,198,元大-桃興,2024-05-08,9894
2855,統一證,115,0,115,元大-桃興,2024-05-08,9894
00929,復華台灣科技優息,105,12,93,元大-桃興,2024-05-08,9894
2603,長榮,83,3,80,元大-桃興,2024-05-08,9894
2313,華通,79,3,76,元大-桃興,2024-05-08,9894
00715L,期街口布蘭特正2,62,0,62,元大-桃興,2024-05-08,9894
00919,群益台灣精選高息,59,1,58,元大-桃興,2024-05-08,9894
2618,長榮航,211,158,53,元大-桃興,2024-05-08,9894
1609,大亞,115,67,48,元大-桃興,2024-05-08,9894
1587,吉茂,64,16,48,元大-桃興,2024-05-08,9894
2317,鴻海,83,35,48,元大-桃興,2024-05-08,9894
00676R,富邦臺灣加權反1,45,0,45,元大-桃興,2024-05-08,9894
5871,中租-KY,45,3,42,元大-桃興,2024-05-08,9894
2609,陽明,85,43,42,元大-桃興,2024-05-08,9894
00932,兆豐永續高息等權,41,0,41,元大-桃興,2024-05-08,9894
2636,台驊控股,33,0,33,元大-桃興,2024-05-08,9894
2328,廣宇,32,0,32,元大-桃興,2024-05-08,9894
6005,群益證,38,6,32,元大-桃興,2024-05-08,9894
3056,富華新,32,2,30,元大-桃興,2024-05-08,9894
1314,中石化,38,12,26,元大-桃興,2024-05-08,9894
2409,友達,26,1,25,元大-桃興,2024-05-08,9894
1612,宏泰,72,47,25,元大-桃興,2024-05-08,9894
1453,大將,33,10,23,元大-桃興,2024-05-08,9894
3024,憶聲,25,2,23,元大-桃興,2024-05-08,9894
2344,華邦電,25,3,22,元大-桃興,2024-05-08,9894
6285,啟��,23,2,21,元大-桃興,2024-05-08,9894
2542,興富發,24,3,21,元大-桃興,2024-05-08,9894
2204,中華,20,2,18,元大-桃興,2024-05-08,9894
3481,群創,27,10,17,元大-桃興,2024-05-08,9894
2915,潤泰全,17,0,17,元大-桃興,2024-05-08,9894
2501,國建,39,23,16,元大-桃興,2024-05-08,9894
2329,華泰,14,0,14,元大-桃興,2024-05-08,9894
6548,長科*,28,14,14,元大-桃興,2024-05-08,9894
2634,漢翔,25,11,14,元大-桃興,2024-05-08,9894
00939,統一台灣高息動能,22,9,13,元大-桃興,2024-05-08,9894
5014,建錩,15,2,13,元大-桃興,2024-05-08,9894
1603,華電,13,0,13,元大-桃興,2024-05-08,9894
5392,能率,14,1,13,元大-桃興,2024-05-08,9894
2851,中再保,12,0,12,元大-桃興,2024-05-08,9894
2883,凱基金,13,2,11,元大-桃興,2024-05-08,9894
3017,奇鋐,26,15,11,元大-桃興,2024-05-08,9894
1308,亞聚,10,0,10,元大-桃興,2024-05-08,9894
2748,雲品,10,0,10,元大-桃興,2024-05-08,9894
00639,富邦深100,10,0,10,元大-桃興,2024-05-08,9894
00690,兆豐藍籌30,10,0,10,元大-桃興,2024-05-08,9894
00864B,中信美國公債0-1,10,0,10,元大-桃興,2024-05-08,9894
1711,永光,10,0,10,元大-桃興,2024-05-08,9894
1808,潤隆,14,4,10,元大-桃興,2024-05-08,9894
2374,佳能,30,20,10,元大-桃興,2024-05-08,9894
3036,文曄,10,1,9,元大-桃興,2024-05-08,9894
2618,長榮航,397,29,368,元大-桃興,2024-05-09,9894
3013,晟銘電,338,198,140,元大-桃興,2024-05-09,9894
1524,耿鼎,130,2,128,元大-桃興,2024-05-09,9894
00946,群益科技高息成長,125,0,125,元大-桃興,2024-05-09,9894
9105,泰金寶-DR,116,2,114,元大-桃興,2024-05-09,9894
00929,復華台灣科技優息,168,58,110,元大-桃興,2024-05-09,9894
00937B,群益ESG投等債20,90,0,90,元大-桃興,2024-05-09,9894
2887,台新金,77,0,77,元大-桃興,2024-05-09,9894
00940,元大台灣價值高息,99,40,59,元大-桃興,2024-05-09,9894
8112,至上,60,2,58,元大-桃興,2024-05-09,9894
00679B,元大美債20年,54,0,54,元大-桃興,2024-05-09,9894
2607,榮運,56,6,50,元大-桃興,2024-05-09,9894
00687B,國泰20年美債,47,0,47,元大-桃興,2024-05-09,9894
2855,統一證,37,0,37,元大-桃興,2024-05-09,9894
3231,緯創,48,14,34,元大-桃興,2024-05-09,9894
3024,憶聲,44,10,34,元大-桃興,2024-05-09,9894
2367,燿華,121,90,31,元大-桃興,2024-05-09,9894
00944,野村趨勢動能高息,30,0,30,元大-桃興,2024-05-09,9894
8110,華東,30,0,30,元大-桃興,2024-05-09,9894
2489,瑞軒,34,7,27,元大-桃興,2024-05-09,9894
5519,隆大,29,3,26,元大-桃興,2024-05-09,9894
1464,得力,26,0,26,元大-桃興,2024-05-09,9894
00753L,中信中國50正2,25,0,25,元大-桃興,2024-05-09,9894
4967,十銓,24,0,24,元大-桃興,2024-05-09,9894
2393,億光,24,0,24,元大-桃興,2024-05-09,9894
5351,鈺創,25,2,23,元大-桃興,2024-05-09,9894
2542,興富發,27,4,23,元大-桃興,2024-05-09,9894
6191,精成科,49,27,22,元大-桃興,2024-05-09,9894
1718,中纖,20,0,20,元大-桃興,2024-05-09,9894
3290,東浦,20,0,20,元大-桃興,2024-05-09,9894
00676R,富邦臺灣加權反1,20,0,20,元大-桃興,2024-05-09,9894
00878,國泰永續高股息,62,43,19,元大-桃興,2024-05-09,9894
1905,華紙,29,10,19,元大-桃興,2024-05-09,9894
00936,台新永續高息中小,18,0,18,元大-桃興,2024-05-09,9894
2515,中工,35,17,18,元大-桃興,2024-05-09,9894
2363,矽統,48,31,17,元大-桃興,2024-05-09,9894
2889,國票金,29,12,17,元大-桃興,2024-05-09,9894
6005,群益證,19,2,17,元大-桃興,2024-05-09,9894
6770,力積電,31,14,17,元大-桃興,2024-05-09,9894
5871,中租-KY,18,1,17,元大-桃興,2024-05-09,9894
3481,群創,27,11,16,元大-桃興,2024-05-09,9894
00751B,元大AAA至A公司債,16,0,16,元大-桃興,2024-05-09,9894
2390,云辰,16,0,16,元大-桃興,2024-05-09,9894
00918,大華優利高填息30,16,0,16,元大-桃興,2024-05-09,9894
00919,群益台灣精選高息,19,4,15,元大-桃興,2024-05-09,9894
6139,亞翔,15,0,15,元大-桃興,2024-05-09,9894
00932,兆豐永續高息等權,15,0,15,元大-桃興,2024-05-09,9894
2344,華邦電,18,3,15,元大-桃興,2024-05-09,9894
2337,旺宏,14,0,14,元大-桃興,2024-05-09,9894
2323,中環,22,8,14,元大-桃興,2024-05-09,9894
2547,日勝生,250,0,250,元大-桃興,2024-05-10,9894
9945,潤泰新,155,2,153,元大-桃興,2024-05-10,9894
00632R,元大台灣50反1,161,10,151,元大-桃興,2024-05-10,9894
2915,潤泰全,93,3,90,元大-桃興,2024-05-10,9894
2317,鴻海,137,50,87,元大-桃興,2024-05-10,9894
4967,十銓,97,13,84,元大-桃興,2024-05-10,9894
2313,華通,75,5,70,元大-桃興,2024-05-10,9894
1524,耿鼎,76,10,66,元大-桃興,2024-05-10,9894
00650L,復華香港正2,55,1,54,元大-桃興,2024-05-10,9894
00919,群益台灣精選高息,71,23,48,元大-桃興,2024-05-10,9894
3305,昇貿,52,6,46,元大-桃興,2024-05-10,9894
2515,中工,45,0,45,元大-桃興,2024-05-10,9894
1734,杏輝,40,0,40,元大-桃興,2024-05-10,9894
00944,野村趨勢動能高息,38,0,38,元大-桃興,2024-05-10,9894
3230,錦明,30,0,30,元大-桃興,2024-05-10,9894
8112,至上,53,25,28,元大-桃興,2024-05-10,9894
2388,威盛,34,6,28,元大-桃興,2024-05-10,9894
3024,憶聲,28,0,28,元大-桃興,2024-05-10,9894
8936,國統,52,24,28,元大-桃興,2024-05-10,9894
1603,華電,26,0,26,元大-桃興,2024-05-10,9894
2611,志信,43,19,24,元大-桃興,2024-05-10,9894
8996,高力,30,6,24,元大-桃興,2024-05-10,9894
5356,協益,32,11,21,元大-桃興,2024-05-10,9894
2542,興富發,24,3,21,元大-桃興,2024-05-10,9894
1532,勤美,22,1,21,元大-桃興,2024-05-10,9894
0056,元大高股息,29,8,21,元大-桃興,2024-05-10,9894
00946,群益科技高息成長,20,0,20,元大-桃興,2024-05-10,9894
1710,東聯,20,0,20,元大-桃興,2024-05-10,9894
1540,喬福,20,0,20,元大-桃興,2024-05-10,9894
2451,創見,20,0,20,元大-桃興,2024-05-10,9894
3450,聯鈞,20,0,20,元大-桃興,2024-05-10,9894
2323,中環,20,1,19,元大-桃興,2024-05-10,9894
2867,三商壽,21,2,19,元大-桃興,2024-05-10,9894
8215,明基材,19,0,19,元大-桃興,2024-05-10,9894
6191,精成科,17,0,17,元大-桃興,2024-05-10,9894
00937B,群益ESG投等債20,35,18,17,元大-桃興,2024-05-10,9894
6285,啟��,16,0,16,元大-桃興,2024-05-10,9894
3376,新日興,26,10,16,元大-桃興,2024-05-10,9894
3481,群創,20,4,16,元大-桃興,2024-05-10,9894
2449,京元電子,22,7,15,元大-桃興,2024-05-10,9894
00939,統一台灣高息動能,15,1,14,元大-桃興,2024-05-10,9894
1504,東元,18,4,14,元大-桃興,2024-05-10,9894
1587,吉茂,20,7,13,元大-桃興,2024-05-10,9894
2486,一詮,21,8,13,元大-桃興,2024-05-10,9894
6239,力成,13,2,11,元大-桃興,2024-05-10,9894
4979,華星光,15,4,11,元大-桃興,2024-05-10,9894
1618,合機,22,11,11,元大-桃興,2024-05-10,9894
5521,工信,27,16,11,元大-桃興,2024-05-10,9894
3036,文曄,20,10,10,元大-桃興,2024-05-10,9894
00891,中信關鍵半導體,10,0,10,元大-桃興,2024-05-10,9894
00632R,元大台灣50反1,466,15,451,元大-桃興,2024-05-13,9894
2618,長榮航,545,163,382,元大-桃興,2024-05-13,9894
00929,復華台灣科技優息,250,11,239,元大-桃興,2024-05-13,9894
2606,裕民,237,58,179,元大-桃興,2024-05-13,9894
2883,凱基金,103,9,94,元大-桃興,2024-05-13,9894
00676R,富邦臺灣加權反1,88,0,88,元大-桃興,2024-05-13,9894
2607,榮運,120,43,77,元大-桃興,2024-05-13,9894
00715L,期街口布蘭特正2,69,0,69,元大-桃興,2024-05-13,9894
00937B,群益ESG投等債20,67,0,67,元大-桃興,2024-05-13,9894
1815,富喬,58,4,54,元大-桃興,2024-05-13,9894
00878,國泰永續高股息,69,18,51,元大-桃興,2024-05-13,9894
2547,日勝生,72,22,50,元大-桃興,2024-05-13,9894
1464,得力,41,0,41,元大-桃興,2024-05-13,9894
00679B,元大美債20年,40,0,40,元大-桃興,2024-05-13,9894
6215,和椿,33,0,33,元大-桃興,2024-05-13,9894
3003,健和興,30,0,30,元大-桃興,2024-05-13,9894
2888,新光金,51,22,29,元大-桃興,2024-05-13,9894
5521,工信,40,12,28,元大-桃興,2024-05-13,9894
5468,凱鈺,28,0,28,元大-桃興,2024-05-13,9894
00637L,元大滬深300正2,28,0,28,元大-桃興,2024-05-13,9894
2501,國建,43,16,27,元大-桃興,2024-05-13,9894
00919,群益台灣精選高息,26,0,26,元大-桃興,2024-05-13,9894
2603,長榮,148,125,23,元大-桃興,2024-05-13,9894
00650L,復華香港正2,23,0,23,元大-桃興,2024-05-13,9894
2383,台光電,22,1,21,元大-桃興,2024-05-13,9894
00882,中信中國高股息,41,21,20,元大-桃興,2024-05-13,9894
3481,群創,24,6,18,元大-桃興,2024-05-13,9894
2201,裕隆,18,0,18,元大-桃興,2024-05-13,9894
00944,野村趨勢動能高息,31,13,18,元大-桃興,2024-05-13,9894
2543,皇昌,27,10,17,元大-桃興,2024-05-13,9894
2882,國泰金,28,11,17,元大-桃興,2024-05-13,9894
1795,美時,17,0,17,元大-桃興,2024-05-13,9894
1227,佳格,15,0,15,元大-桃興,2024-05-13,9894
2349,錸德,15,0,15,元大-桃興,2024-05-13,9894
3231,緯創,152,138,14,元大-桃興,2024-05-13,9894
3363,上詮,46,31,15,元大-桃興,2024-05-13,9894
8112,至上,18,3,15,元大-桃興,2024-05-13,9894
8150,南茂,14,0,14,元大-桃興,2024-05-13,9894
6153,嘉聯益,14,0,14,元大-桃興,2024-05-13,9894
2354,鴻準,14,0,14,元大-桃興,2024-05-13,9894
6151,晉倫,14,0,14,元大-桃興,2024-05-13,9894
1513,中興電,29,16,13,元大-桃興,2024-05-13,9894
2402,毅嘉,15,2,13,元大-桃興,2024-05-13,9894
2409,友達,17,4,13,元大-桃興,2024-05-13,9894
2548,華固,14,1,13,元大-桃興,2024-05-13,9894
2891,中信金,20,7,13,元大-桃興,2024-05-13,9894
1101,台泥,26,14,12,元大-桃興,2024-05-13,9894
2881,富邦金,15,3,12,元大-桃興,2024-05-13,9894
2636,台驊控股,13,1,12,元大-桃興,2024-05-13,9894
9105,泰金寶-DR,12,0,12,元大-桃興,2024-05-13,9894
00632R,元大台灣50反1,277,6,271,元大-桃興,2024-05-14,9894
2409,友達,151,5,146,元大-桃興,2024-05-14,9894
2834,臺企銀,111,0,111,元大-桃興,2024-05-14,9894
00679B,元大美債20年,97,0,97,元大-桃興,2024-05-14,9894
1718,中纖,78,0,78,元大-桃興,2024-05-14,9894
00929,復華台灣科技優息,92,15,77,元大-桃興,2024-05-14,9894
00937B,群益ESG投等債20,70,0,70,元大-桃興,2024-05-14,9894
2615,萬海,331,263,68,元大-桃興,2024-05-14,9894
1464,得力,57,0,57,元大-桃興,2024-05-14,9894
2317,鴻海,111,59,52,元大-桃興,2024-05-14,9894
2425,承啟,50,1,49,元大-桃興,2024-05-14,9894
00688L,國泰20年美債正2,51,3,48,元大-桃興,2024-05-14,9894
00878,國泰永續高股息,126,78,48,元大-桃興,2024-05-14,9894
2405,輔信,68,21,47,元大-桃興,2024-05-14,9894
2374,佳能,103,56,47,元大-桃興,2024-05-14,9894
1453,大將,42,0,42,元大-桃興,2024-05-14,9894
2324,仁寶,94,53,41,元大-桃興,2024-05-14,9894
00919,群益台灣精選高息,66,28,38,元大-桃興,2024-05-14,9894
6757,台灣虎航,35,0,35,元大-桃興,2024-05-14,9894
1612,宏泰,42,8,34,元大-桃興,2024-05-14,9894
2501,國建,48,15,33,元大-桃興,2024-05-14,9894
3231,緯創,71,38,33,元大-桃興,2024-05-14,9894
2312,金寶,36,5,31,元大-桃興,2024-05-14,9894
1312,國喬,28,0,28,元大-桃興,2024-05-14,9894
6257,矽格,27,0,27,元大-桃興,2024-05-14,9894
1603,華電,26,1,25,元大-桃興,2024-05-14,9894
2376,技嘉,29,6,23,元大-桃興,2024-05-14,9894
00933B,國泰10Y+金融債,23,1,22,元大-桃興,2024-05-14,9894
00932,兆豐永續高息等權,22,0,22,元大-桃興,2024-05-14,9894
2884,玉山金,22,0,22,元大-桃興,2024-05-14,9894
6462,神盾,25,4,21,元大-桃興,2024-05-14,9894
2915,潤泰全,25,5,20,元大-桃興,2024-05-14,9894
6806,森崴能源,21,1,20,元大-桃興,2024-05-14,9894
2543,皇昌,20,0,20,元大-桃興,2024-05-14,9894
00673R,期元大S＆P原油反1,20,0,20,元大-桃興,2024-05-14,9894
1609,大亞,35,16,19,元大-桃興,2024-05-14,9894
9945,潤泰新,30,13,17,元大-桃興,2024-05-14,9894
3202,樺晟,15,0,15,元大-桃興,2024-05-14,9894
00915,凱基優選高股息30,15,1,14,元大-桃興,2024-05-14,9894
2885,元大金,14,0,14,元大-桃興,2024-05-14,9894
6139,亞翔,16,4,12,元大-桃興,2024-05-14,9894
5392,能率,28,16,12,元大-桃興,2024-05-14,9894
3260,威剛,13,2,11,元大-桃興,2024-05-14,9894
1905,華紙,11,0,11,元大-桃興,2024-05-14,9894
2855,統一證,12,1,11,元大-桃興,2024-05-14,9894
3715,定穎投控,11,0,11,元大-桃興,2024-05-14,9894
5871,中租-KY,13,2,11,元大-桃興,2024-05-14,9894
00891,中信關鍵半導體,10,0,10,元大-桃興,2024-05-14,9894
2485,兆赫,10,0,10,元大-桃興,2024-05-14,9894
5347,世界,22,12,10,元大-桃興,2024-05-14,9894
00929,復華台灣科技優息,588,12,576,元大-桃興,2024-05-15,9894
2618,長榮航,509,36,473,元大-桃興,2024-05-15,9894
2356,英業達,172,27,145,元大-桃興,2024-05-15,9894
2905,三商,100,0,100,元大-桃興,2024-05-15,9894
00940,元大台灣價值高息,189,97,92,元大-桃興,2024-05-15,9894
00937B,群益ESG投等債20,96,5,91,元大-桃興,2024-05-15,9894
00919,群益台灣精選高息,94,4,90,元大-桃興,2024-05-15,9894
2610,華航,99,29,70,元大-桃興,2024-05-15,9894
00679B,元大美債20年,64,1,63,元大-桃興,2024-05-15,9894
2603,長榮,89,50,39,元大-桃興,2024-05-15,9894
2101,南港,51,12,39,元大-桃興,2024-05-15,9894
2405,輔信,120,82,38,元大-桃興,2024-05-15,9894
00944,野村趨勢動能高息,36,1,35,元大-桃興,2024-05-15,9894
2002,中鋼,38,3,35,元大-桃興,2024-05-15,9894
6770,力積電,44,10,34,元大-桃興,2024-05-15,9894
00933B,國泰10Y+金融債,36,2,34,元大-桃興,2024-05-15,9894
00857B,永豐20年美公債,32,0,32,元大-桃興,2024-05-15,9894
2547,日勝生,31,0,31,元大-桃興,2024-05-15,9894
2489,瑞軒,35,4,31,元大-桃興,2024-05-15,9894
5469,瀚宇博,55,25,30,元大-桃興,2024-05-15,9894
5356,協益,27,0,27,元大-桃興,2024-05-15,9894
9904,寶成,23,0,23,元大-桃興,2024-05-15,9894
6125,廣運,43,21,22,元大-桃興,2024-05-15,9894
2886,兆豐金,52,30,22,元大-桃興,2024-05-15,9894
2449,京元電子,27,6,21,元大-桃興,2024-05-15,9894
1802,台玻,21,0,21,元大-桃興,2024-05-15,9894
00753L,中信中國50正2,20,0,20,元大-桃興,2024-05-15,9894
1308,亞聚,20,0,20,元大-桃興,2024-05-15,9894
1513,中興電,24,4,20,元大-桃興,2024-05-15,9894
3003,健和興,20,1,19,元大-桃興,2024-05-15,9894
2882,國泰金,45,27,18,元大-桃興,2024-05-15,9894
2486,一詮,33,15,18,元大-桃興,2024-05-15,9894
1314,中石化,24,6,18,元大-桃興,2024-05-15,9894
1718,中纖,20,3,17,元大-桃興,2024-05-15,9894
2323,中環,21,4,17,元大-桃興,2024-05-15,9894
3037,欣興,18,2,16,元大-桃興,2024-05-15,9894
2324,仁寶,41,25,16,元大-桃興,2024-05-15,9894
2392,正崴,24,8,16,元大-桃興,2024-05-15,9894
5519,隆大,16,0,16,元大-桃興,2024-05-15,9894
9958,世紀鋼,19,4,15,元大-桃興,2024-05-15,9894
3450,聯鈞,23,9,14,元大-桃興,2024-05-15,9894
5213,亞昕,14,0,14,元大-桃興,2024-05-15,9894
1312,國喬,91,77,14,元大-桃興,2024-05-15,9894
2845,遠東銀,16,2,14,元大-桃興,2024-05-15,9894
2352,佳世達,15,2,13,元大-桃興,2024-05-15,9894
3706,神達,31,18,13,元大-桃興,2024-05-15,9894
5512,力麒,33,20,13,元大-桃興,2024-05-15,9894
2258,鴻華先進-創,13,0,13,元大-桃興,2024-05-15,9894
3321,同泰,13,0,13,元大-桃興,2024-05-15,9894
3312,弘憶股,18,5,13,元大-桃興,2024-05-15,9894
3481,群創,515,120,395,元大-桃興,2024-05-16,9894
2356,英業達,142,69,73,元大-桃興,2024-05-16,9894
2353,宏��,80,10,70,元大-桃興,2024-05-16,9894
5498,凱崴,70,7,63,元大-桃興,2024-05-16,9894
00929,復華台灣科技優息,127,64,63,元大-桃興,2024-05-16,9894
00632R,元大台灣50反1,76,24,52,元大-桃興,2024-05-16,9894
00650L,復華香港正2,50,0,50,元大-桃興,2024-05-16,9894
2359,所羅門,100,53,47,元大-桃興,2024-05-16,9894
2317,鴻海,110,74,36,元大-桃興,2024-05-16,9894
6269,台郡,38,3,35,元大-桃興,2024-05-16,9894
00937B,群益ESG投等債20,93,59,34,元大-桃興,2024-05-16,9894
2382,廣達,62,28,34,元大-桃興,2024-05-16,9894
3231,緯創,91,59,32,元大-桃興,2024-05-16,9894
00945B,凱基美國非投等債,30,0,30,元大-桃興,2024-05-16,9894
1718,中纖,32,3,29,元大-桃興,2024-05-16,9894
9105,泰金寶-DR,26,0,26,元大-桃興,2024-05-16,9894
3390,旭軟,35,11,24,元大-桃興,2024-05-16,9894
2888,新光金,36,13,23,元大-桃興,2024-05-16,9894
6538,倉和,22,0,22,元大-桃興,2024-05-16,9894
2365,昆盈,62,41,21,元大-桃興,2024-05-16,9894
3056,富華新,20,0,20,元大-桃興,2024-05-16,9894
3003,健和興,20,0,20,元大-桃興,2024-05-16,9894
3706,神達,22,3,19,元大-桃興,2024-05-16,9894
6573,虹揚-KY,18,0,18,元大-桃興,2024-05-16,9894
2427,三商電,18,1,17,元大-桃興,2024-05-16,9894
2897,王道銀行,20,3,17,元大-桃興,2024-05-16,9894
2031,新光鋼,15,0,15,元大-桃興,2024-05-16,9894
2363,矽統,47,32,15,元大-桃興,2024-05-16,9894
8358,金居,39,25,14,元大-桃興,2024-05-16,9894
1582,信錦,14,0,14,元大-桃興,2024-05-16,9894
2301,光寶科,19,6,13,元大-桃興,2024-05-16,9894
3305,昇貿,19,6,13,元大-桃興,2024-05-16,9894
2323,中環,45,32,13,元大-桃興,2024-05-16,9894
2349,錸德,30,17,13,元大-桃興,2024-05-16,9894
9904,寶成,16,3,13,元大-桃興,2024-05-16,9894
2258,鴻華先進-創,12,0,12,元大-桃興,2024-05-16,9894
3042,晶技,12,0,12,元大-桃興,2024-05-16,9894
2329,華泰,17,5,12,元大-桃興,2024-05-16,9894
00905,FT臺灣Smart,11,0,11,元大-桃興,2024-05-16,9894
6462,神盾,12,1,11,元大-桃興,2024-05-16,9894
2851,中再保,11,0,11,元大-桃興,2024-05-16,9894
1909,榮成,11,0,11,元大-桃興,2024-05-16,9894
2374,佳能,62,52,10,元大-桃興,2024-05-16,9894
5351,鈺創,19,9,10,元大-桃興,2024-05-16,9894
2002,中鋼,21,11,10,元大-桃興,2024-05-16,9894
1710,東聯,10,0,10,元大-桃興,2024-05-16,9894
2023,燁輝,11,1,10,元大-桃興,2024-05-16,9894
2739,寒舍,13,3,10,元大-桃興,2024-05-16,9894
8068,全達,10,0,10,元大-桃興,2024-05-16,9894
6505,台塑化,10,0,10,元大-桃興,2024-05-16,9894
00929,復華台灣科技優息,309,15,294,元大-桃興,2024-05-17,9894
00946,群益科技高息成長,103,1,102,元大-桃興,2024-05-17,9894
00937B,群益ESG投等債20,93,3,90,元大-桃興,2024-05-17,9894
2610,華航,213,125,88,元大-桃興,2024-05-17,9894
2317,鴻海,104,25,79,元大-桃興,2024-05-17,9894
00940,元大台灣價值高息,94,20,74,元大-桃興,2024-05-17,9894
00753L,中信中國50正2,73,0,73,元大-桃興,2024-05-17,9894
00632R,元大台灣50反1,53,1,52,元大-桃興,2024-05-17,9894
2312,金寶,59,8,51,元大-桃興,2024-05-17,9894
6770,力積電,91,45,46,元大-桃興,2024-05-17,9894
2867,三商壽,75,32,43,元大-桃興,2024-05-17,9894
3231,緯創,61,24,37,元大-桃興,2024-05-17,9894
2408,南亞科,37,0,37,元大-桃興,2024-05-17,9894
2883,凱基金,40,4,36,元大-桃興,2024-05-17,9894
2489,瑞軒,93,60,33,元大-桃興,2024-05-17,9894
6285,啟��,43,12,31,元大-桃興,2024-05-17,9894
3481,群創,39,10,29,元大-桃興,2024-05-17,9894
00680L,元大美債20正2,37,8,29,元大-桃興,2024-05-17,9894
00918,大華優利高填息30,28,1,27,元大-桃興,2024-05-17,9894
00878,國泰永續高股息,103,76,27,元大-桃興,2024-05-17,9894
2498,宏達電,45,20,25,元大-桃興,2024-05-17,9894
00679B,元大美債20年,58,34,24,元大-桃興,2024-05-17,9894
00923,群益台ESG低碳50,24,1,23,元大-桃興,2024-05-17,9894
3013,晟銘電,33,10,23,元大-桃興,2024-05-17,9894
3363,上詮,30,9,21,元大-桃興,2024-05-17,9894
00665L,富邦�琤肭磪囓�2,30,10,20,元大-桃興,2024-05-17,9894
1217,愛之味,20,0,20,元大-桃興,2024-05-17,9894
6194,育富,20,1,19,元大-桃興,2024-05-17,9894
1587,吉茂,28,10,18,元大-桃興,2024-05-17,9894
2367,燿華,250,232,18,元大-桃興,2024-05-17,9894
2241,艾姆勒,40,23,17,元大-桃興,2024-05-17,9894
00882,中信中國高股息,18,2,16,元大-桃興,2024-05-17,9894
6160,欣技,15,0,15,元大-桃興,2024-05-17,9894
1312,國喬,15,0,15,元大-桃興,2024-05-17,9894
1314,中石化,23,8,15,元大-桃興,2024-05-17,9894
2349,錸德,44,30,14,元大-桃興,2024-05-17,9894
00891,中信關鍵半導體,14,0,14,元大-桃興,2024-05-17,9894
2515,中工,36,22,14,元大-桃興,2024-05-17,9894
6257,矽格,15,2,13,元大-桃興,2024-05-17,9894
2204,中華,14,1,13,元大-桃興,2024-05-17,9894
2547,日勝生,23,10,13,元大-桃興,2024-05-17,9894
2915,潤泰全,13,0,13,元大-桃興,2024-05-17,9894
2101,南港,34,21,13,元大-桃興,2024-05-17,9894
5519,隆大,13,0,13,元大-桃興,2024-05-17,9894
2409,友達,24,11,13,元大-桃興,2024-05-17,9894
2356,英業達,23,11,12,元大-桃興,2024-05-17,9894
2801,彰銀,12,0,12,元大-桃興,2024-05-17,9894
1718,中纖,16,4,12,元大-桃興,2024-05-17,9894
2324,仁寶,20,9,11,元大-桃興,2024-05-17,9894
2607,榮運,19,8,11,元大-桃興,2024-05-17,9894
2618,長榮航,438,120,318,元大-桃興,2024-05-20,9894
00878,國泰永續高股息,302,73,229,元大-桃興,2024-05-20,9894
1718,中纖,116,2,114,元大-桃興,2024-05-20,9894
1612,宏泰,136,34,102,元大-桃興,2024-05-20,9894
3003,健和興,84,0,84,元大-桃興,2024-05-20,9894
00929,復華台灣科技優息,223,153,70,元大-桃興,2024-05-20,9894
6188,廣明,79,9,70,元大-桃興,2024-05-20,9894
2637,慧洋-KY,62,0,62,元大-桃興,2024-05-20,9894
00919,群益台灣精選高息,81,25,56,元大-桃興,2024-05-20,9894
4533,協易機,109,59,50,元大-桃興,2024-05-20,9894
00679B,元大美債20年,49,0,49,元大-桃興,2024-05-20,9894
2489,瑞軒,60,12,48,元大-桃興,2024-05-20,9894
2609,陽明,45,11,34,元大-桃興,2024-05-20,9894
2374,佳能,173,140,33,元大-桃興,2024-05-20,9894
2883,凱基金,36,3,33,元大-桃興,2024-05-20,9894
1609,大亞,56,26,30,元大-桃興,2024-05-20,9894
00753L,中信中國50正2,30,3,27,元大-桃興,2024-05-20,9894
00857B,永豐20年美公債,26,0,26,元大-桃興,2024-05-20,9894
9904,寶成,26,0,26,元大-桃興,2024-05-20,9894
2349,錸德,25,0,25,元大-桃興,2024-05-20,9894
2855,統一證,24,0,24,元大-桃興,2024-05-20,9894
2492,華新科,25,1,24,元大-桃興,2024-05-20,9894
8028,昇陽半導體,42,18,24,元大-桃興,2024-05-20,9894
2356,英業達,34,11,23,元大-桃興,2024-05-20,9894
00891,中信關鍵半導體,32,10,22,元大-桃興,2024-05-20,9894
3294,英濟,29,8,21,元大-桃興,2024-05-20,9894
5410,國眾,39,18,21,元大-桃興,2024-05-20,9894
912000,晨訊科-DR,20,0,20,元大-桃興,2024-05-20,9894
2367,燿華,179,160,19,元大-桃興,2024-05-20,9894
2501,國建,22,3,19,元大-桃興,2024-05-20,9894
4977,眾達-KY,24,5,19,元大-桃興,2024-05-20,9894
4532,瑞智,20,1,19,元大-桃興,2024-05-20,9894
2359,所羅門,95,77,18,元大-桃興,2024-05-20,9894
2467,志聖,29,11,18,元大-桃興,2024-05-20,9894
5234,達興材料,16,0,16,元大-桃興,2024-05-20,9894
2607,榮運,16,0,16,元大-桃興,2024-05-20,9894
2449,京元電子,60,44,16,元大-桃興,2024-05-20,9894
00915,凱基優選高股息30,15,0,15,元大-桃興,2024-05-20,9894
6425,易發,17,3,14,元大-桃興,2024-05-20,9894
9945,潤泰新,18,4,14,元大-桃興,2024-05-20,9894
2362,藍天,24,11,13,元大-桃興,2024-05-20,9894
2317,鴻海,75,63,12,元大-桃興,2024-05-20,9894
3209,全科,12,0,12,元大-桃興,2024-05-20,9894
3024,憶聲,12,0,12,元大-桃興,2024-05-20,9894
3363,上詮,15,4,11,元大-桃興,2024-05-20,9894
2603,長榮,50,39,11,元大-桃興,2024-05-20,9894
8071,能率網通,19,8,11,元大-桃興,2024-05-20,9894
1815,富喬,11,0,11,元大-桃興,2024-05-20,9894
2376,技嘉,33,23,10,元大-桃興,2024-05-20,9894
1795,美時,14,4,10,元大-桃興,2024-05-20,9894
1718,中纖,184,0,184,元大-桃興,2024-05-21,9894
00929,復華台灣科技優息,173,79,94,元大-桃興,2024-05-21,9894
3003,健和興,92,0,92,元大-桃興,2024-05-21,9894
2610,華航,120,33,87,元大-桃興,2024-05-21,9894
1605,華新,126,64,62,元大-桃興,2024-05-21,9894
5371,中光電,59,4,55,元大-桃興,2024-05-21,9894
00919,群益台灣精選高息,78,27,51,元大-桃興,2024-05-21,9894
2409,友達,46,0,46,元大-桃興,2024-05-21,9894
2867,三商壽,60,14,46,元大-桃興,2024-05-21,9894
2618,長榮航,96,51,45,元大-桃興,2024-05-21,9894
4543,萬在,54,10,44,元大-桃興,2024-05-21,9894
6188,廣明,92,54,38,元大-桃興,2024-05-21,9894
2312,金寶,39,3,36,元大-桃興,2024-05-21,9894
00878,國泰永續高股息,55,19,36,元大-桃興,2024-05-21,9894
00637L,元大滬深300正2,38,4,34,元大-桃興,2024-05-21,9894
00679B,元大美債20年,36,5,31,元大-桃興,2024-05-21,9894
8358,金居,105,74,31,元大-桃興,2024-05-21,9894
6269,台郡,31,0,31,元大-桃興,2024-05-21,9894
3055,蔚華科,32,2,30,元大-桃興,2024-05-21,9894
3033,威健,80,50,30,元大-桃興,2024-05-21,9894
2884,玉山金,42,13,29,元大-桃興,2024-05-21,9894
2801,彰銀,27,0,27,元大-桃興,2024-05-21,9894
1101,台泥,30,7,23,元大-桃興,2024-05-21,9894
1301,台塑,23,0,23,元大-桃興,2024-05-21,9894
00753L,中信中國50正2,32,10,22,元大-桃興,2024-05-21,9894
00632R,元大台灣50反1,22,0,22,元大-桃興,2024-05-21,9894
2324,仁寶,22,1,21,元大-桃興,2024-05-21,9894
2007,燁興,21,1,20,元大-桃興,2024-05-21,9894
00918,大華優利高填息30,22,2,20,元大-桃興,2024-05-21,9894
3607,谷崧,20,0,20,元大-桃興,2024-05-21,9894
2888,新光金,24,5,19,元大-桃興,2024-05-21,9894
6166,凌華,21,2,19,元大-桃興,2024-05-21,9894
2890,永豐金,20,1,19,元大-桃興,2024-05-21,9894
6275,元山,28,10,18,元大-桃興,2024-05-21,9894
2363,矽統,43,25,18,元大-桃興,2024-05-21,9894
1504,東元,17,1,16,元大-桃興,2024-05-21,9894
4533,協易機,133,117,16,元大-桃興,2024-05-21,9894
2464,盟立,50,35,15,元大-桃興,2024-05-21,9894
2609,陽明,23,8,15,元大-桃興,2024-05-21,9894
5519,隆大,14,0,14,元大-桃興,2024-05-21,9894
2417,圓剛,15,1,14,元大-桃興,2024-05-21,9894
1227,佳格,14,0,14,元大-桃興,2024-05-21,9894
2851,中再保,14,0,14,元大-桃興,2024-05-21,9894
9945,潤泰新,23,9,14,元大-桃興,2024-05-21,9894
2855,統一證,13,0,13,元大-桃興,2024-05-21,9894
2504,國產,21,9,12,元大-桃興,2024-05-21,9894
1303,南亞,12,0,12,元大-桃興,2024-05-21,9894
6189,豐藝,12,0,12,元大-桃興,2024-05-21,9894
1316,上曜,12,1,11,元大-桃興,2024-05-21,9894
2204,中華,13,2,11,元大-桃興,2024-05-21,9894
2618,長榮航,119,16,103,元大-桃興,2024-05-22,9894
00919,群益台灣精選高息,125,28,97,元大-桃興,2024-05-22,9894
2610,華航,84,23,61,元大-桃興,2024-05-22,9894
3003,健和興,59,1,58,元大-桃興,2024-05-22,9894
5521,工信,55,0,55,元大-桃興,2024-05-22,9894
8358,金居,65,10,55,元大-桃興,2024-05-22,9894
1303,南亞,52,0,52,元大-桃興,2024-05-22,9894
3005,神基,68,16,52,元大-桃興,2024-05-22,9894
2009,第一銅,97,46,51,元大-桃興,2024-05-22,9894
2367,燿華,120,74,46,元大-桃興,2024-05-22,9894
00753L,中信中國50正2,45,0,45,元大-桃興,2024-05-22,9894
00712,復華富時不動產,54,13,41,元大-桃興,2024-05-22,9894
2867,三商壽,43,2,41,元大-桃興,2024-05-22,9894
00637L,元大滬深300正2,40,0,40,元大-桃興,2024-05-22,9894
6274,台燿,40,0,40,元大-桃興,2024-05-22,9894
2883,凱基金,31,0,31,元大-桃興,2024-05-22,9894
2547,日勝生,30,0,30,元大-桃興,2024-05-22,9894
2331,精英,27,2,25,元大-桃興,2024-05-22,9894
2905,三商,25,0,25,元大-桃興,2024-05-22,9894
8107,大億金茂,25,0,25,元大-桃興,2024-05-22,9894
1312,國喬,24,0,24,元大-桃興,2024-05-22,9894
5512,力麒,22,1,21,元大-桃興,2024-05-22,9894
1307,三芳,20,0,20,元大-桃興,2024-05-22,9894
2027,大成鋼,30,10,20,元大-桃興,2024-05-22,9894
1904,正隆,20,0,20,元大-桃興,2024-05-22,9894
4533,協易機,60,42,18,元大-桃興,2024-05-22,9894
2359,所羅門,67,49,18,元大-桃興,2024-05-22,9894
3339,泰谷,21,4,17,元大-桃興,2024-05-22,9894
6213,聯茂,36,19,17,元大-桃興,2024-05-22,9894
5471,松翰,16,0,16,元大-桃興,2024-05-22,9894
00933B,國泰10Y+金融債,16,0,16,元大-桃興,2024-05-22,9894
6215,和椿,24,8,16,元大-桃興,2024-05-22,9894
2504,國產,36,21,15,元大-桃興,2024-05-22,9894
1714,和桐,20,5,15,元大-桃興,2024-05-22,9894
00680L,元大美債20正2,15,0,15,元大-桃興,2024-05-22,9894
1718,中纖,15,0,15,元大-桃興,2024-05-22,9894
2374,佳能,87,72,15,元大-桃興,2024-05-22,9894
3702,大聯大,19,5,14,元大-桃興,2024-05-22,9894
2002,中鋼,14,0,14,元大-桃興,2024-05-22,9894
6189,豐藝,14,0,14,元大-桃興,2024-05-22,9894
3060,銘異,48,34,14,元大-桃興,2024-05-22,9894
00715L,期街口布蘭特正2,13,0,13,元大-桃興,2024-05-22,9894
2884,玉山金,22,9,13,元大-桃興,2024-05-22,9894
3360,尚立,17,6,11,元大-桃興,2024-05-22,9894
6282,康舒,10,0,10,元大-桃興,2024-05-22,9894
2369,菱生,16,6,10,元大-桃興,2024-05-22,9894
1737,臺鹽,10,0,10,元大-桃興,2024-05-22,9894
2535,達欣工,10,0,10,元大-桃興,2024-05-22,9894
1532,勤美,11,1,10,元大-桃興,2024-05-22,9894
8403,盛弘,10,0,10,元大-桃興,2024-05-22,9894
00895,富邦未來車,211,4,207,元大-桃興,2024-05-23,9894
3055,蔚華科,184,3,181,元大-桃興,2024-05-23,9894
2354,鴻準,172,61,111,元大-桃興,2024-05-23,9894
9105,泰金寶-DR,100,0,100,元大-桃興,2024-05-23,9894
00937B,群益ESG投等債20,128,29,99,元大-桃興,2024-05-23,9894
3013,晟銘電,98,29,69,元大-桃興,2024-05-23,9894
6147,頎邦,62,1,61,元大-桃興,2024-05-23,9894
3706,神達,70,10,60,元大-桃興,2024-05-23,9894
2883,凱基金,56,0,56,元大-桃興,2024-05-23,9894
2409,友達,55,0,55,元大-桃興,2024-05-23,9894
3003,健和興,53,1,52,元大-桃興,2024-05-23,9894
00929,復華台灣科技優息,87,37,50,元大-桃興,2024-05-23,9894
2002,中鋼,53,11,42,元大-桃興,2024-05-23,9894
00715L,期街口布蘭特正2,42,2,40,元大-桃興,2024-05-23,9894
2324,仁寶,62,24,38,元大-桃興,2024-05-23,9894
5521,工信,36,0,36,元大-桃興,2024-05-23,9894
6116,彩晶,36,0,36,元大-桃興,2024-05-23,9894
2367,燿華,108,73,35,元大-桃興,2024-05-23,9894
00936,台新永續高息中小,35,0,35,元大-桃興,2024-05-23,9894
1301,台塑,32,0,32,元大-桃興,2024-05-23,9894
2610,華航,83,51,32,元大-桃興,2024-05-23,9894
00753L,中信中國50正2,62,30,32,元大-桃興,2024-05-23,9894
2323,中環,33,3,30,元大-桃興,2024-05-23,9894
2607,榮運,50,21,29,元大-桃興,2024-05-23,9894
2905,三商,28,0,28,元大-桃興,2024-05-23,9894
2356,英業達,47,19,28,元大-桃興,2024-05-23,9894
3163,波若威,37,10,27,元大-桃興,2024-05-23,9894
6005,群益證,28,1,27,元大-桃興,2024-05-23,9894
3481,群創,48,22,26,元大-桃興,2024-05-23,9894
6257,矽格,26,0,26,元大-桃興,2024-05-23,9894
2359,所羅門,143,118,25,元大-桃興,2024-05-23,9894
5371,中光電,71,47,24,元大-桃興,2024-05-23,9894
00637L,元大滬深300正2,26,2,24,元大-桃興,2024-05-23,9894
2241,艾姆勒,34,10,24,元大-桃興,2024-05-23,9894
3312,弘憶股,26,3,23,元大-桃興,2024-05-23,9894
2405,輔信,52,29,23,元大-桃興,2024-05-23,9894
2009,第一銅,34,11,23,元大-桃興,2024-05-23,9894
2427,三商電,27,5,22,元大-桃興,2024-05-23,9894
2851,中再保,24,2,22,元大-桃興,2024-05-23,9894
2363,矽統,44,23,21,元大-桃興,2024-05-23,9894
4967,十銓,23,2,21,元大-桃興,2024-05-23,9894
6209,今國光,27,7,20,元大-桃興,2024-05-23,9894
1314,中石化,20,0,20,元大-桃興,2024-05-23,9894
2809,京城銀,21,1,20,元大-桃興,2024-05-23,9894
3049,精金,20,0,20,元大-桃興,2024-05-23,9894
00857B,永豐20年美公債,20,0,20,元大-桃興,2024-05-23,9894
1604,聲寶,20,0,20,元大-桃興,2024-05-23,9894
2547,日勝生,20,0,20,元大-桃興,2024-05-23,9894
6443,元晶,20,1,19,元大-桃興,2024-05-23,9894
2605,新興,21,2,19,元大-桃興,2024-05-23,9894
00937B,群益ESG投等債20,120,23,97,元大-桃興,2024-05-24,9894
2002,中鋼,94,4,90,元大-桃興,2024-05-24,9894
1609,大亞,121,38,83,元大-桃興,2024-05-24,9894
00929,復華台灣科技優息,93,20,73,元大-桃興,2024-05-24,9894
3003,健和興,68,0,68,元大-桃興,2024-05-24,9894
00712,復華富時不動產,105,39,66,元大-桃興,2024-05-24,9894
2464,盟立,94,31,63,元大-桃興,2024-05-24,9894
00650L,復華香港正2,53,0,53,元大-桃興,2024-05-24,9894
2812,台中銀,54,1,53,元大-桃興,2024-05-24,9894
00940,元大台灣價值高息,64,16,48,元大-桃興,2024-05-24,9894
00946,群益科技高息成長,36,0,36,元大-桃興,2024-05-24,9894
3055,蔚華科,128,93,35,元大-桃興,2024-05-24,9894
6188,廣明,52,18,34,元大-桃興,2024-05-24,9894
4960,誠美材,47,15,32,元大-桃興,2024-05-24,9894
3576,聯合再生,30,0,30,元大-桃興,2024-05-24,9894
1718,中纖,30,0,30,元大-桃興,2024-05-24,9894
2891,中信金,35,6,29,元大-桃興,2024-05-24,9894
1802,台玻,28,0,28,元大-桃興,2024-05-24,9894
2486,一詮,142,114,28,元大-桃興,2024-05-24,9894
2618,長榮航,38,10,28,元大-桃興,2024-05-24,9894
00753L,中信中國50正2,26,0,26,元大-桃興,2024-05-24,9894
2303,聯電,44,20,24,元大-桃興,2024-05-24,9894
4543,萬在,43,20,23,元大-桃興,2024-05-24,9894
1303,南亞,24,2,22,元大-桃興,2024-05-24,9894
00857B,永豐20年美公債,22,0,22,元大-桃興,2024-05-24,9894
6282,康舒,22,1,21,元大-桃興,2024-05-24,9894
00679B,元大美債20年,21,0,21,元大-桃興,2024-05-24,9894
6770,力積電,24,4,20,元大-桃興,2024-05-24,9894
3706,神達,25,7,18,元大-桃興,2024-05-24,9894
00688L,國泰20年美債正2,28,10,18,元大-桃興,2024-05-24,9894
00665L,富邦�琤肭磪囓�2,18,0,18,元大-桃興,2024-05-24,9894
2392,正崴,28,10,18,元大-桃興,2024-05-24,9894
3221,台嘉碩,16,0,16,元大-桃興,2024-05-24,9894
6906,現觀科,16,0,16,元大-桃興,2024-05-24,9894
8093,保銳,15,0,15,元大-桃興,2024-05-24,9894
2421,建準,17,2,15,元大-桃興,2024-05-24,9894
9904,寶成,14,0,14,元大-桃興,2024-05-24,9894
4533,協易機,18,4,14,元大-桃興,2024-05-24,9894
1734,杏輝,14,0,14,元大-桃興,2024-05-24,9894
00882,中信中國高股息,13,0,13,元大-桃興,2024-05-24,9894
3338,泰碩,41,28,13,元大-桃興,2024-05-24,9894
4771,望隼,13,0,13,元大-桃興,2024-05-24,9894
5272,笙科,13,0,13,元大-桃興,2024-05-24,9894
1464,得力,13,0,13,元大-桃興,2024-05-24,9894
2882,國泰金,14,1,13,元大-桃興,2024-05-24,9894
5521,工信,14,2,12,元大-桃興,2024-05-24,9894
00944,野村趨勢動能高息,12,0,12,元大-桃興,2024-05-24,9894
2367,燿華,61,50,11,元大-桃興,2024-05-24,9894
6209,今國光,20,9,11,元大-桃興,2024-05-24,9894
1210,大成,11,0,11,元大-桃興,2024-05-24,9894
9105,泰金寶-DR,259,138,121,元大-桃興,2024-05-27,9894
00937B,群益ESG投等債20,92,1,91,元大-桃興,2024-05-27,9894
3003,健和興,71,0,71,元大-桃興,2024-05-27,9894
2002,中鋼,67,4,63,元大-桃興,2024-05-27,9894
2363,矽統,208,145,63,元大-桃興,2024-05-27,9894
00929,復華台灣科技優息,106,48,58,元大-桃興,2024-05-27,9894
2353,宏��,158,101,57,元大-桃興,2024-05-27,9894
2610,華航,62,18,44,元大-桃興,2024-05-27,9894
00753L,中信中國50正2,41,0,41,元大-桃興,2024-05-27,9894
2359,所羅門,47,7,40,元大-桃興,2024-05-27,9894
2421,建準,40,0,40,元大-桃興,2024-05-27,9894
00919,群益台灣精選高息,93,54,39,元大-桃興,2024-05-27,9894
1734,杏輝,42,3,39,元大-桃興,2024-05-27,9894
2887,台新金,35,1,34,元大-桃興,2024-05-27,9894
00679B,元大美債20年,44,13,31,元大-桃興,2024-05-27,9894
2371,大同,64,34,30,元大-桃興,2024-05-27,9894
00637L,元大滬深300正2,30,0,30,元大-桃興,2024-05-27,9894
1815,富喬,56,27,29,元大-桃興,2024-05-27,9894
1514,亞力,39,10,29,元大-桃興,2024-05-27,9894
3033,威健,26,0,26,元大-桃興,2024-05-27,9894
2618,長榮航,31,5,26,元大-桃興,2024-05-27,9894
6290,良維,24,0,24,元大-桃興,2024-05-27,9894
2547,日勝生,25,2,23,元大-桃興,2024-05-27,9894
3455,由田,28,5,23,元大-桃興,2024-05-27,9894
3605,宏致,23,0,23,元大-桃興,2024-05-27,9894
8112,至上,21,1,20,元大-桃興,2024-05-27,9894
2436,偉詮電,20,0,20,元大-桃興,2024-05-27,9894
1905,華紙,25,5,20,元大-桃興,2024-05-27,9894
00632R,元大台灣50反1,29,10,19,元大-桃興,2024-05-27,9894
2313,華通,18,0,18,元大-桃興,2024-05-27,9894
3545,敦泰,19,1,18,元大-桃興,2024-05-27,9894
00639,富邦深100,18,0,18,元大-桃興,2024-05-27,9894
2352,佳世達,23,5,18,元大-桃興,2024-05-27,9894
3694,海華,36,19,17,元大-桃興,2024-05-27,9894
2417,圓剛,23,6,17,元大-桃興,2024-05-27,9894
6285,啟��,16,0,16,元大-桃興,2024-05-27,9894
5880,合庫金,16,1,15,元大-桃興,2024-05-27,9894
00631L,元大台灣50正2,15,0,15,元大-桃興,2024-05-27,9894
8059,凱碩,15,0,15,元大-桃興,2024-05-27,9894
00946,群益科技高息成長,23,8,15,元大-桃興,2024-05-27,9894
6147,頎邦,20,6,14,元大-桃興,2024-05-27,9894
8110,華東,16,2,14,元大-桃興,2024-05-27,9894
5434,崇越,13,0,13,元大-桃興,2024-05-27,9894
6257,矽格,14,1,13,元大-桃興,2024-05-27,9894
6269,台郡,12,0,12,元大-桃興,2024-05-27,9894
6668,中揚光,31,19,12,元大-桃興,2024-05-27,9894
3713,新晶投控,12,0,12,元大-桃興,2024-05-27,9894
6462,神盾,13,2,11,元大-桃興,2024-05-27,9894
2881,富邦金,18,7,11,元大-桃興,2024-05-27,9894
3163,波若威,15,4,11,元大-桃興,2024-05-27,9894
00937B,群益ESG投等債20,145,71,74,元大-桃興,2024-05-28,9894
2354,鴻準,242,177,65,元大-桃興,2024-05-28,9894
2363,矽統,98,40,58,元大-桃興,2024-05-28,9894
5521,工信,57,0,57,元大-桃興,2024-05-28,9894
00679B,元大美債20年,55,0,55,元大-桃興,2024-05-28,9894
2301,光寶科,64,12,52,元大-桃興,2024-05-28,9894
1608,華榮,56,5,51,元大-桃興,2024-05-28,9894
2417,圓剛,60,9,51,元大-桃興,2024-05-28,9894
3003,健和興,50,0,50,元大-桃興,2024-05-28,9894
6125,廣運,77,29,48,元大-桃興,2024-05-28,9894
3231,緯創,260,215,45,元大-桃興,2024-05-28,9894
2328,廣宇,57,12,45,元大-桃興,2024-05-28,9894
2049,上銀,43,1,42,元大-桃興,2024-05-28,9894
2891,中信金,41,0,41,元大-桃興,2024-05-28,9894
2303,聯電,44,7,37,元大-桃興,2024-05-28,9894
2641,正德,42,7,35,元大-桃興,2024-05-28,9894
6215,和椿,59,27,32,元大-桃興,2024-05-28,9894
00905,FT臺灣Smart,30,0,30,元大-桃興,2024-05-28,9894
00687B,國泰20年美債,42,15,27,元大-桃興,2024-05-28,9894
00632R,元大台灣50反1,26,0,26,元大-桃興,2024-05-28,9894
3202,樺晟,46,20,26,元大-桃興,2024-05-28,9894
2353,宏��,75,49,26,元大-桃興,2024-05-28,9894
2489,瑞軒,40,14,26,元大-桃興,2024-05-28,9894
3055,蔚華科,32,7,25,元大-桃興,2024-05-28,9894
2607,榮運,29,4,25,元大-桃興,2024-05-28,9894
6770,力積電,43,18,25,元大-桃興,2024-05-28,9894
4979,華星光,32,9,23,元大-桃興,2024-05-28,9894
8096,擎亞,25,4,21,元大-桃興,2024-05-28,9894
2881,富邦金,22,1,21,元大-桃興,2024-05-28,9894
2606,裕民,30,10,20,元大-桃興,2024-05-28,9894
00857B,永豐20年美公債,21,2,19,元大-桃興,2024-05-28,9894
2609,陽明,31,12,19,元大-桃興,2024-05-28,9894
2464,盟立,54,36,18,元大-桃興,2024-05-28,9894
2313,華通,18,0,18,元大-桃興,2024-05-28,9894
3062,建漢,19,2,17,元大-桃興,2024-05-28,9894
3706,神達,20,4,16,元大-桃興,2024-05-28,9894
6257,矽格,17,1,16,元大-桃興,2024-05-28,9894
3013,晟銘電,45,30,15,元大-桃興,2024-05-28,9894
2887,台新金,20,5,15,元大-桃興,2024-05-28,9894
2206,三陽工業,16,2,14,元大-桃興,2024-05-28,9894
00919,群益台灣精選高息,42,28,14,元大-桃興,2024-05-28,9894
5371,中光電,21,8,13,元大-桃興,2024-05-28,9894
6418,詠昇,12,0,12,元大-桃興,2024-05-28,9894
2436,偉詮電,12,0,12,元大-桃興,2024-05-28,9894
3540,曜越,12,0,12,元大-桃興,2024-05-28,9894
8234,新漢,36,24,12,元大-桃興,2024-05-28,9894
2486,一詮,30,19,11,元大-桃興,2024-05-28,9894
00795B,中信美國公債20年,11,0,11,元大-桃興,2024-05-28,9894
5468,凱鈺,11,0,11,元大-桃興,2024-05-28,9894
2890,永豐金,12,1,11,元大-桃興,2024-05-28,9894
00937B,群益ESG投等債20,487,15,472,元大-桃興,2024-05-29,9894
00878,國泰永續高股息,291,13,278,元大-桃興,2024-05-29,9894
2607,榮運,253,9,244,元大-桃興,2024-05-29,9894
00679B,元大美債20年,164,6,158,元大-桃興,2024-05-29,9894
4714,永捷,141,13,128,元大-桃興,2024-05-29,9894
2610,華航,143,19,124,元大-桃興,2024-05-29,9894
00882,中信中國高股息,108,0,108,元大-桃興,2024-05-29,9894
00687B,國泰20年美債,108,2,106,元大-桃興,2024-05-29,9894
2317,鴻海,161,83,78,元大-桃興,2024-05-29,9894
2515,中工,96,22,74,元大-桃興,2024-05-29,9894
3481,群創,73,8,65,元大-桃興,2024-05-29,9894
00929,復華台灣科技優息,121,56,65,元大-桃興,2024-05-29,9894
5014,建錩,64,1,63,元大-桃興,2024-05-29,9894
2883,凱基金,59,1,58,元大-桃興,2024-05-29,9894
2905,三商,50,0,50,元大-桃興,2024-05-29,9894
00946,群益科技高息成長,46,0,46,元大-桃興,2024-05-29,9894
00753L,中信中國50正2,41,0,41,元大-桃興,2024-05-29,9894
8374,羅昇,45,5,40,元大-桃興,2024-05-29,9894
00712,復華富時不動產,36,0,36,元大-桃興,2024-05-29,9894
00857B,永豐20年美公債,36,0,36,元大-桃興,2024-05-29,9894
6189,豐藝,54,18,36,元大-桃興,2024-05-29,9894
3380,明泰,48,15,33,元大-桃興,2024-05-29,9894
2886,兆豐金,33,0,33,元大-桃興,2024-05-29,9894
2882,國泰金,37,5,32,元大-桃興,2024-05-29,9894
2365,昆盈,61,30,31,元大-桃興,2024-05-29,9894
2353,宏��,63,32,31,元大-桃興,2024-05-29,9894
2354,鴻準,154,123,31,元大-桃興,2024-05-29,9894
2489,瑞軒,160,131,29,元大-桃興,2024-05-29,9894
2409,友達,27,0,27,元大-桃興,2024-05-29,9894
2884,玉山金,27,0,27,元大-桃興,2024-05-29,9894
00772B,中信高評級公司債,30,3,27,元大-桃興,2024-05-29,9894
6147,頎邦,26,0,26,元大-桃興,2024-05-29,9894
00680L,元大美債20正2,26,0,26,元大-桃興,2024-05-29,9894
3338,泰碩,61,36,25,元大-桃興,2024-05-29,9894
1303,南亞,24,0,24,元大-桃興,2024-05-29,9894
3231,緯創,41,17,24,元大-桃興,2024-05-29,9894
2890,永豐金,23,0,23,元大-桃興,2024-05-29,9894
5608,四維航,57,34,23,元大-桃興,2024-05-29,9894
8234,新漢,43,21,22,元大-桃興,2024-05-29,9894
3535,晶彩科,26,4,22,元大-桃興,2024-05-29,9894
6166,凌華,34,12,22,元大-桃興,2024-05-29,9894
2367,燿華,42,21,21,元大-桃興,2024-05-29,9894
2313,華通,25,4,21,元大-桃興,2024-05-29,9894
3035,智原,35,14,21,元大-桃興,2024-05-29,9894
3372,典範,27,7,20,元大-桃興,2024-05-29,9894
5011,久陽,20,0,20,元大-桃興,2024-05-29,9894
4949,有成精密,20,0,20,元大-桃興,2024-05-29,9894
00751B,元大AAA至A公司債,20,0,20,元大-桃興,2024-05-29,9894
2891,中信金,40,21,19,元大-桃興,2024-05-29,9894
2002,中鋼,47,30,17,元大-桃興,2024-05-29,9894
00937B,群益ESG投等債20,147,0,147,元大-桃興,2024-05-30,9894
00878,國泰永續高股息,163,31,132,元大-桃興,2024-05-30,9894
00632R,元大台灣50反1,121,5,116,元大-桃興,2024-05-30,9894
2834,臺企銀,108,0,108,元大-桃興,2024-05-30,9894
00929,復華台灣科技優息,155,56,99,元大-桃興,2024-05-30,9894
00940,元大台灣價值高息,119,32,87,元大-桃興,2024-05-30,9894
00712,復華富時不動產,80,0,80,元大-桃興,2024-05-30,9894
3047,訊舟,105,28,77,元大-桃興,2024-05-30,9894
00679B,元大美債20年,72,0,72,元大-桃興,2024-05-30,9894
1815,富喬,178,116,62,元大-桃興,2024-05-30,9894
2353,宏��,89,27,62,元大-桃興,2024-05-30,9894
6125,廣運,87,28,59,元大-桃興,2024-05-30,9894
00687B,國泰20年美債,63,6,57,元大-桃興,2024-05-30,9894
2618,長榮航,87,32,55,元大-桃興,2024-05-30,9894
2905,三商,66,17,49,元大-桃興,2024-05-30,9894
2891,中信金,62,14,48,元大-桃興,2024-05-30,9894
4533,協易機,68,23,45,元大-桃興,2024-05-30,9894
2405,輔信,67,22,45,元大-桃興,2024-05-30,9894
00857B,永豐20年美公債,44,0,44,元大-桃興,2024-05-30,9894
2324,仁寶,45,2,43,元大-桃興,2024-05-30,9894
2330,台積電,47,4,43,元大-桃興,2024-05-30,9894
9105,泰金寶-DR,86,43,43,元大-桃興,2024-05-30,9894
00665L,富邦�琤肭磪囓�2,54,12,42,元大-桃興,2024-05-30,9894
2610,華航,55,13,42,元大-桃興,2024-05-30,9894
3005,神基,43,3,40,元大-桃興,2024-05-30,9894
5880,合庫金,37,0,37,元大-桃興,2024-05-30,9894
2887,台新金,38,2,36,元大-桃興,2024-05-30,9894
2356,英業達,40,4,36,元大-桃興,2024-05-30,9894
6269,台郡,35,0,35,元大-桃興,2024-05-30,9894
1303,南亞,33,0,33,元大-桃興,2024-05-30,9894
2417,圓剛,37,4,33,元大-桃興,2024-05-30,9894
8107,大億金茂,36,5,31,元大-桃興,2024-05-30,9894
2884,玉山金,33,4,29,元大-桃興,2024-05-30,9894
8028,昇陽半導體,52,25,27,元大-桃興,2024-05-30,9894
2408,南亞科,26,0,26,元大-桃興,2024-05-30,9894
6126,信音,28,2,26,元大-桃興,2024-05-30,9894
2886,兆豐金,26,1,25,元大-桃興,2024-05-30,9894
2354,鴻準,115,90,25,元大-桃興,2024-05-30,9894
00915,凱基優選高股息30,24,0,24,元大-桃興,2024-05-30,9894
8064,東捷,36,12,24,元大-桃興,2024-05-30,9894
6290,良維,29,7,22,元大-桃興,2024-05-30,9894
2543,皇昌,20,0,20,元大-桃興,2024-05-30,9894
5272,笙科,21,1,20,元大-桃興,2024-05-30,9894
6179,亞通,20,0,20,元大-桃興,2024-05-30,9894
2637,慧洋-KY,24,4,20,元大-桃興,2024-05-30,9894
3455,由田,20,1,19,元大-桃興,2024-05-30,9894
2349,錸德,19,0,19,元大-桃興,2024-05-30,9894
2344,華邦電,19,0,19,元大-桃興,2024-05-30,9894
5498,凱崴,21,2,19,元大-桃興,2024-05-30,9894
1101,台泥,20,2,18,元大-桃興,2024-05-30,9894
2609,陽明,481,168,313,元大-桃興,2024-05-31,9894
00919,群益台灣精選高息,199,5,194,元大-桃興,2024-05-31,9894
2328,廣宇,122,15,107,元大-桃興,2024-05-31,9894
2603,長榮,155,61,94,元大-桃興,2024-05-31,9894
00632R,元大台灣50反1,75,5,70,元大-桃興,2024-05-31,9894
2317,鴻海,109,41,68,元大-桃興,2024-05-31,9894
2882,國泰金,55,4,51,元大-桃興,2024-05-31,9894
5213,亞昕,50,0,50,元大-桃興,2024-05-31,9894
00940,元大台灣價值高息,95,46,49,元大-桃興,2024-05-31,9894
2324,仁寶,57,17,40,元大-桃興,2024-05-31,9894
00937B,群益ESG投等債20,50,11,39,元大-桃興,2024-05-31,9894
2610,華航,67,33,34,元大-桃興,2024-05-31,9894
3362,先進光,50,16,34,元大-桃興,2024-05-31,9894
2382,廣達,44,12,32,元大-桃興,2024-05-31,9894
2356,英業達,37,6,31,元大-桃興,2024-05-31,9894
00878,國泰永續高股息,35,5,30,元大-桃興,2024-05-31,9894
2836,高雄銀,30,0,30,元大-桃興,2024-05-31,9894
0056,元大高股息,26,1,25,元大-桃興,2024-05-31,9894
4771,望隼,24,0,24,元大-桃興,2024-05-31,9894
2258,鴻華先進-創,24,0,24,元大-桃興,2024-05-31,9894
6285,啟��,26,2,24,元大-桃興,2024-05-31,9894
2889,國票金,23,1,22,元大-桃興,2024-05-31,9894
00929,復華台灣科技優息,115,92,23,元大-桃興,2024-05-31,9894
8028,昇陽半導體,25,3,22,元大-桃興,2024-05-31,9894
3231,緯創,130,109,21,元大-桃興,2024-05-31,9894
3520,華盈,21,0,21,元大-桃興,2024-05-31,9894
5880,合庫金,21,0,21,元大-桃興,2024-05-31,9894
00944,野村趨勢動能高息,20,0,20,元大-桃興,2024-05-31,9894
2344,華邦電,27,7,20,元大-桃興,2024-05-31,9894
5011,久陽,20,0,20,元大-桃興,2024-05-31,9894
3312,弘憶股,60,41,19,元大-桃興,2024-05-31,9894
3483,力致,21,2,19,元大-桃興,2024-05-31,9894
5272,笙科,17,0,17,元大-桃興,2024-05-31,9894
00939,統一台灣高息動能,22,5,17,元大-桃興,2024-05-31,9894
00679B,元大美債20年,37,20,17,元大-桃興,2024-05-31,9894
6290,良維,27,11,16,元大-桃興,2024-05-31,9894
00946,群益科技高息成長,17,1,16,元大-桃興,2024-05-31,9894
1536,和大,34,18,16,元大-桃興,2024-05-31,9894
5468,凱鈺,16,0,16,元大-桃興,2024-05-31,9894
1725,元禎,17,1,16,元大-桃興,2024-05-31,9894
1815,富喬,122,106,16,元大-桃興,2024-05-31,9894
2002,中鋼,15,0,15,元大-桃興,2024-05-31,9894
6438,迅得,16,1,15,元大-桃興,2024-05-31,9894
4543,萬在,17,2,15,元大-桃興,2024-05-31,9894
6207,雷科,20,5,15,元大-桃興,2024-05-31,9894
4562,穎漢,27,12,15,元大-桃興,2024-05-31,9894
2368,金像電,15,1,14,元大-桃興,2024-05-31,9894
3702,大聯大,14,0,14,元大-桃興,2024-05-31,9894
00918,大華優利高填息30,18,4,14,元大-桃興,2024-05-31,9894
2354,鴻準,356,343,13,元大-桃興,2024-05-31,9894
00919,群益台灣精選高息,151,9,142,元大-桃興,2024-06-03,9894
00665L,富邦�琤肭磪囓�2,158,39,119,元大-桃興,2024-06-03,9894
00929,復華台灣科技優息,137,30,107,元大-桃興,2024-06-03,9894
2618,長榮航,117,24,93,元大-桃興,2024-06-03,9894
2610,華航,96,8,88,元大-桃興,2024-06-03,9894
00632R,元大台灣50反1,99,27,72,元大-桃興,2024-06-03,9894
3481,群創,67,1,66,元大-桃興,2024-06-03,9894
2867,三商壽,78,18,60,元大-桃興,2024-06-03,9894
4533,協易機,178,121,57,元大-桃興,2024-06-03,9894
6770,力積電,84,27,57,元大-桃興,2024-06-03,9894
00857B,永豐20年美公債,56,0,56,元大-桃興,2024-06-03,9894
2353,宏��,61,14,47,元大-桃興,2024-06-03,9894
2317,鴻海,190,143,47,元大-桃興,2024-06-03,9894
1303,南亞,36,0,36,元大-桃興,2024-06-03,9894
00918,大華優利高填息30,36,1,35,元大-桃興,2024-06-03,9894
00680L,元大美債20正2,35,2,33,元大-桃興,2024-06-03,9894
1612,宏泰,31,1,30,元大-桃興,2024-06-03,9894
2337,旺宏,32,4,28,元大-桃興,2024-06-03,9894
00946,群益科技高息成長,29,2,27,元大-桃興,2024-06-03,9894
00937B,群益ESG投等債20,50,26,24,元大-桃興,2024-06-03,9894
8112,至上,44,22,22,元大-桃興,2024-06-03,9894
5011,久陽,22,0,22,元大-桃興,2024-06-03,9894
3305,昇貿,22,1,21,元大-桃興,2024-06-03,9894
6163,華電網,21,0,21,元大-桃興,2024-06-03,9894
2363,矽統,34,13,21,元大-桃興,2024-06-03,9894
4967,十銓,26,6,20,元大-桃興,2024-06-03,9894
3056,富華新,19,0,19,元大-桃興,2024-06-03,9894
1301,台塑,20,1,19,元大-桃興,2024-06-03,9894
5353,台林,21,3,18,元大-桃興,2024-06-03,9894
2504,國產,20,2,18,元大-桃興,2024-06-03,9894
6158,禾昌,17,0,17,元大-桃興,2024-06-03,9894
5272,笙科,16,0,16,元大-桃興,2024-06-03,9894
2101,南港,29,13,16,元大-桃興,2024-06-03,9894
3390,旭軟,21,5,16,元大-桃興,2024-06-03,9894
2489,瑞軒,27,11,16,元大-桃興,2024-06-03,9894
2603,長榮,26,11,15,元大-桃興,2024-06-03,9894
1815,富喬,82,67,15,元大-桃興,2024-06-03,9894
4707,磐亞,15,0,15,元大-桃興,2024-06-03,9894
5465,富驊,15,0,15,元大-桃興,2024-06-03,9894
00878,國泰永續高股息,23,9,14,元大-桃興,2024-06-03,9894
3017,奇鋐,25,11,14,元大-桃興,2024-06-03,9894
006208,富邦台50,15,1,14,元大-桃興,2024-06-03,9894
6505,台塑化,14,0,14,元大-桃興,2024-06-03,9894
2421,建準,24,11,13,元大-桃興,2024-06-03,9894
00676R,富邦臺灣加權反1,13,0,13,元大-桃興,2024-06-03,9894
1312,國喬,16,3,13,元大-桃興,2024-06-03,9894
2382,廣達,27,15,12,元大-桃興,2024-06-03,9894
00921,兆豐龍頭等權重,12,0,12,元大-桃興,2024-06-03,9894
2613,中櫃,14,2,12,元大-桃興,2024-06-03,9894
2313,華通,14,2,12,元大-桃興,2024-06-03,9894
00919,群益台灣精選高息,196,22,174,元大-桃興,2024-06-04,9894
00715L,期街口布蘭特正2,153,5,148,元大-桃興,2024-06-04,9894
2317,鴻海,191,72,119,元大-桃興,2024-06-04,9894
2344,華邦電,93,1,92,元大-桃興,2024-06-04,9894
00918,大華優利高填息30,93,1,92,元大-桃興,2024-06-04,9894
6125,廣運,209,131,78,元大-桃興,2024-06-04,9894
00878,國泰永續高股息,86,15,71,元大-桃興,2024-06-04,9894
912000,晨訊科-DR,70,0,70,元大-桃興,2024-06-04,9894
2353,宏��,103,41,62,元大-桃興,2024-06-04,9894
2885,元大金,62,2,60,元大-桃興,2024-06-04,9894
2312,金寶,85,36,49,元大-桃興,2024-06-04,9894
00665L,富邦�琤肭磪囓�2,59,11,48,元大-桃興,2024-06-04,9894
00946,群益科技高息成長,50,3,47,元大-桃興,2024-06-04,9894
4566,時碩工業,45,3,42,元大-桃興,2024-06-04,9894
2324,仁寶,54,13,41,元大-桃興,2024-06-04,9894
2303,聯電,46,5,41,元大-桃興,2024-06-04,9894
2887,台新金,41,0,41,元大-桃興,2024-06-04,9894
3481,群創,49,17,32,元大-桃興,2024-06-04,9894
1815,富喬,58,26,32,元大-桃興,2024-06-04,9894
00943,兆豐電子高息等權,32,0,32,元大-桃興,2024-06-04,9894
5371,中光電,31,1,30,元大-桃興,2024-06-04,9894
6164,華興,30,0,30,元大-桃興,2024-06-04,9894
1201,味全,28,0,28,元大-桃興,2024-06-04,9894
00936,台新永續高息中小,100,72,28,元大-桃興,2024-06-04,9894
5210,寶碩,27,0,27,元大-桃興,2024-06-04,9894
3013,晟銘電,32,5,27,元大-桃興,2024-06-04,9894
5521,工信,26,0,26,元大-桃興,2024-06-04,9894
6188,廣明,33,8,25,元大-桃興,2024-06-04,9894
3260,威剛,25,1,24,元大-桃興,2024-06-04,9894
2610,華航,33,10,23,元大-桃興,2024-06-04,9894
2409,友達,24,2,22,元大-桃興,2024-06-04,9894
3432,台端,22,0,22,元大-桃興,2024-06-04,9894
2367,燿華,42,20,22,元大-桃興,2024-06-04,9894
2371,大同,24,2,22,元大-桃興,2024-06-04,9894
2027,大成鋼,22,1,21,元大-桃興,2024-06-04,9894
00713,元大台灣高息低波,21,0,21,元大-桃興,2024-06-04,9894
5880,合庫金,21,0,21,元大-桃興,2024-06-04,9894
8234,新漢,56,36,20,元大-桃興,2024-06-04,9894
8249,菱光,20,0,20,元大-桃興,2024-06-04,9894
2328,廣宇,27,7,20,元大-桃興,2024-06-04,9894
2888,新光金,62,43,19,元大-桃興,2024-06-04,9894
0056,元大高股息,30,11,19,元大-桃興,2024-06-04,9894
2301,光寶科,18,0,18,元大-桃興,2024-06-04,9894
2883B,凱基金乙特,18,0,18,元大-桃興,2024-06-04,9894
2331,精英,70,52,18,元大-桃興,2024-06-04,9894
2609,陽明,109,92,17,元大-桃興,2024-06-04,9894
2867,三商壽,55,38,17,元大-桃興,2024-06-04,9894
4994,傳奇,17,1,16,元大-桃興,2024-06-04,9894
5519,隆大,37,21,16,元大-桃興,2024-06-04,9894
3707,漢磊,15,0,15,元大-桃興,2024-06-04,9894
00715L,期街口布蘭特正2,269,10,259,元大-桃興,2024-06-05,9894
00632R,元大台灣50反1,200,3,197,元大-桃興,2024-06-05,9894
00929,復華台灣科技優息,168,10,158,元大-桃興,2024-06-05,9894
00878,國泰永續高股息,138,1,137,元大-桃興,2024-06-05,9894
4566,時碩工業,118,4,114,元大-桃興,2024-06-05,9894
00919,群益台灣精選高息,95,6,89,元大-桃興,2024-06-05,9894
2002,中鋼,76,2,74,元大-桃興,2024-06-05,9894
2354,鴻準,107,39,68,元大-桃興,2024-06-05,9894
1464,得力,67,0,67,元大-桃興,2024-06-05,9894
6125,廣運,112,55,57,元大-桃興,2024-06-05,9894
8112,至上,51,0,51,元大-桃興,2024-06-05,9894
3048,益登,67,19,48,元大-桃興,2024-06-05,9894
6116,彩晶,43,0,43,元大-桃興,2024-06-05,9894
2303,聯電,46,4,42,元大-桃興,2024-06-05,9894
1609,大亞,41,0,41,元大-桃興,2024-06-05,9894
00918,大華優利高填息30,43,2,41,元大-桃興,2024-06-05,9894
5880,合庫金,32,0,32,元大-桃興,2024-06-05,9894
00679B,元大美債20年,69,37,32,元大-桃興,2024-06-05,9894
2328,廣宇,62,31,31,元大-桃興,2024-06-05,9894
00676R,富邦臺灣加權反1,30,0,30,元大-桃興,2024-06-05,9894
3481,群創,29,2,27,元大-桃興,2024-06-05,9894
1532,勤美,26,0,26,元大-桃興,2024-06-05,9894
3088,艾訊,32,7,25,元大-桃興,2024-06-05,9894
2881,富邦金,25,3,22,元大-桃興,2024-06-05,9894
3013,晟銘電,66,44,22,元大-桃興,2024-06-05,9894
1605,華新,25,4,21,元大-桃興,2024-06-05,9894
2020,美亞,30,11,19,元大-桃興,2024-06-05,9894
2834,臺企銀,20,1,19,元大-桃興,2024-06-05,9894
3540,曜越,29,11,18,元大-桃興,2024-06-05,9894
2331,精英,41,24,17,元大-桃興,2024-06-05,9894
00882,中信中國高股息,17,0,17,元大-桃興,2024-06-05,9894
6197,佳必琪,27,10,17,元大-桃興,2024-06-05,9894
2313,華通,23,7,16,元大-桃興,2024-06-05,9894
2352,佳世達,17,2,15,元大-桃興,2024-06-05,9894
3290,東浦,15,0,15,元大-桃興,2024-06-05,9894
6668,中揚光,15,0,15,元大-桃興,2024-06-05,9894
2891,中信金,27,13,14,元大-桃興,2024-06-05,9894
2501,國建,27,13,14,元大-桃興,2024-06-05,9894
2344,華邦電,21,7,14,元大-桃興,2024-06-05,9894
8064,東捷,23,9,14,元大-桃興,2024-06-05,9894
2324,仁寶,22,8,14,元大-桃興,2024-06-05,9894
2409,友達,21,8,13,元大-桃興,2024-06-05,9894
00640L,富邦日本正2,13,0,13,元大-桃興,2024-06-05,9894
2486,一詮,37,24,13,元大-桃興,2024-06-05,9894
6270,倍微,22,9,13,元大-桃興,2024-06-05,9894
1313,聯成,12,0,12,元大-桃興,2024-06-05,9894
2356,英業達,21,9,12,元大-桃興,2024-06-05,9894
6188,廣明,24,12,12,元大-桃興,2024-06-05,9894
2524,京城,17,5,12,元大-桃興,2024-06-05,9894
2617,台航,17,5,12,元大-桃興,2024-06-05,9894
00632R,元大台灣50反1,603,3,600,元大-桃興,2024-06-06,9894
00936,台新永續高息中小,149,2,147,元大-桃興,2024-06-06,9894
2002,中鋼,113,2,111,元大-桃興,2024-06-06,9894
2609,陽明,421,314,107,元大-桃興,2024-06-06,9894
2317,鴻海,223,119,104,元大-桃興,2024-06-06,9894
4566,時碩工業,158,60,98,元大-桃興,2024-06-06,9894
2027,大成鋼,100,3,97,元大-桃興,2024-06-06,9894
00929,復華台灣科技優息,109,12,97,元大-桃興,2024-06-06,9894
2890,永豐金,82,1,81,元大-桃興,2024-06-06,9894
00676R,富邦臺灣加權反1,75,0,75,元大-桃興,2024-06-06,9894
2409,友達,65,10,55,元大-桃興,2024-06-06,9894
1815,富喬,123,81,42,元大-桃興,2024-06-06,9894
5234,達興材料,41,0,41,元大-桃興,2024-06-06,9894
1464,得力,37,0,37,元大-桃興,2024-06-06,9894
2353,宏��,40,3,37,元大-桃興,2024-06-06,9894
6207,雷科,36,1,35,元大-桃興,2024-06-06,9894
3047,訊舟,55,21,34,元大-桃興,2024-06-06,9894
2617,台航,32,1,31,元大-桃興,2024-06-06,9894
00918,大華優利高填息30,28,1,27,元大-桃興,2024-06-06,9894
2611,志信,39,13,26,元大-桃興,2024-06-06,9894
5011,久陽,25,0,25,元大-桃興,2024-06-06,9894
5272,笙科,29,4,25,元大-桃興,2024-06-06,9894
2308,台達電,31,7,24,元大-桃興,2024-06-06,9894
00687B,國泰20年美債,26,4,22,元大-桃興,2024-06-06,9894
3231,緯創,28,6,22,元大-桃興,2024-06-06,9894
4958,臻鼎-KY,22,1,21,元大-桃興,2024-06-06,9894
00688L,國泰20年美債正2,23,2,21,元大-桃興,2024-06-06,9894
8039,台虹,38,18,20,元大-桃興,2024-06-06,9894
00921,兆豐龍頭等權重,20,0,20,元大-桃興,2024-06-06,9894
2020,美亞,20,0,20,元大-桃興,2024-06-06,9894
2323,中環,20,0,20,元大-桃興,2024-06-06,9894
3481,群創,29,10,19,元大-桃興,2024-06-06,9894
2352,佳世達,18,0,18,元大-桃興,2024-06-06,9894
2349,錸德,25,7,18,元大-桃興,2024-06-06,9894
2356,英業達,22,7,15,元大-桃興,2024-06-06,9894
3062,建漢,18,3,15,元大-桃興,2024-06-06,9894
2324,仁寶,17,2,15,元大-桃興,2024-06-06,9894
2029,盛餘,14,0,14,元大-桃興,2024-06-06,9894
00631L,元大台灣50正2,15,1,14,元大-桃興,2024-06-06,9894
4562,穎漢,24,10,14,元大-桃興,2024-06-06,9894
2337,旺宏,15,2,13,元大-桃興,2024-06-06,9894
3209,全科,13,0,13,元大-桃興,2024-06-06,9894
3535,晶彩科,17,4,13,元大-桃興,2024-06-06,9894
6215,和椿,42,30,12,元大-桃興,2024-06-06,9894
00646,元大S＆P500,12,0,12,元大-桃興,2024-06-06,9894
00905,FT臺灣Smart,12,1,11,元大-桃興,2024-06-06,9894
00712,復華富時不動產,16,5,11,元大-桃興,2024-06-06,9894
2543,皇昌,12,1,11,元大-桃興,2024-06-06,9894
3305,昇貿,12,1,11,元大-桃興,2024-06-06,9894
5410,國眾,11,0,11,元大-桃興,2024-06-06,9894
00687B,國泰20年美債,448,13,435,元大-桃興,2024-06-07,9894
00673R,期元大S＆P原油反1,100,0,100,元大-桃興,2024-06-07,9894
00929,復華台灣科技優息,101,28,73,元大-桃興,2024-06-07,9894
00936,台新永續高息中小,87,20,67,元大-桃興,2024-06-07,9894
2801,彰銀,58,2,56,元大-桃興,2024-06-07,9894
2354,鴻準,54,8,46,元大-桃興,2024-06-07,9894
2356,英業達,55,11,44,元大-桃興,2024-06-07,9894
2367,燿華,86,42,44,元大-桃興,2024-06-07,9894
2371,大同,58,15,43,元大-桃興,2024-06-07,9894
3231,緯創,55,20,35,元大-桃興,2024-06-07,9894
1524,耿鼎,34,0,34,元大-桃興,2024-06-07,9894
00937B,群益ESG投等債20,38,10,28,元大-桃興,2024-06-07,9894
6245,立端,27,0,27,元大-桃興,2024-06-07,9894
2352,佳世達,26,1,25,元大-桃興,2024-06-07,9894
2382,廣達,31,6,25,元大-桃興,2024-06-07,9894
00918,大華優利高填息30,26,1,25,元大-桃興,2024-06-07,9894
5210,寶碩,41,17,24,元大-桃興,2024-06-07,9894
5011,久陽,24,0,24,元大-桃興,2024-06-07,9894
4726,永昕,24,1,23,元大-桃興,2024-06-07,9894
2337,旺宏,24,2,22,元大-桃興,2024-06-07,9894
00637L,元大滬深300正2,22,0,22,元大-桃興,2024-06-07,9894
00907,永豐優息存股,22,1,21,元大-桃興,2024-06-07,9894
2020,美亞,20,0,20,元大-桃興,2024-06-07,9894
2615,萬海,109,91,18,元大-桃興,2024-06-07,9894
3706,神達,37,20,17,元大-桃興,2024-06-07,9894
1609,大亞,53,36,17,元大-桃興,2024-06-07,9894
00665L,富邦�琤肭磪囓�2,16,0,16,元大-桃興,2024-06-07,9894
8107,大億金茂,15,0,15,元大-桃興,2024-06-07,9894
1303,南亞,15,1,14,元大-桃興,2024-06-07,9894
00712,復華富時不動產,14,0,14,元大-桃興,2024-06-07,9894
2719,燦星旅,14,0,14,元大-桃興,2024-06-07,9894
4533,協易機,17,4,13,元大-桃興,2024-06-07,9894
00919,群益台灣精選高息,43,30,13,元大-桃興,2024-06-07,9894
6285,啟��,16,3,13,元大-桃興,2024-06-07,9894
2313,華通,28,16,12,元大-桃興,2024-06-07,9894
3037,欣興,17,5,12,元大-桃興,2024-06-07,9894
5392,能率,22,10,12,元大-桃興,2024-06-07,9894
3265,台星科,12,0,12,元大-桃興,2024-06-07,9894
6197,佳必琪,15,4,11,元大-桃興,2024-06-07,9894
2331,精英,14,3,11,元大-桃興,2024-06-07,9894
2368,金像電,11,0,11,元大-桃興,2024-06-07,9894
5530,龍巖,11,0,11,元大-桃興,2024-06-07,9894
3209,全科,11,0,11,元大-桃興,2024-06-07,9894
2330,台積電,16,5,11,元大-桃興,2024-06-07,9894
1464,得力,10,0,10,元大-桃興,2024-06-07,9894
3285,微端,10,0,10,元大-桃興,2024-06-07,9894
2107,厚生,10,0,10,元大-桃興,2024-06-07,9894
2855,統一證,10,0,10,元大-桃興,2024-06-07,9894
5258,虹堡,10,0,10,元大-桃興,2024-06-07,9894
2211,長榮鋼,11,1,10,元大-桃興,2024-06-07,9894
2609,陽明,390,200,190,元大-桃興,2024-06-11,9894
00937B,群益ESG投等債20,144,0,144,元大-桃興,2024-06-11,9894
00918,大華優利高填息30,128,0,128,元大-桃興,2024-06-11,9894
00936,台新永續高息中小,136,9,127,元大-桃興,2024-06-11,9894
2603,長榮,161,48,113,元大-桃興,2024-06-11,9894
00933B,國泰10Y+金融債,109,0,109,元大-桃興,2024-06-11,9894
00687B,國泰20年美債,103,8,95,元大-桃興,2024-06-11,9894
00679B,元大美債20年,95,0,95,元大-桃興,2024-06-11,9894
00940,元大台灣價值高息,204,113,91,元大-桃興,2024-06-11,9894
00929,復華台灣科技優息,113,28,85,元大-桃興,2024-06-11,9894
2633,台灣高鐵,83,0,83,元大-桃興,2024-06-11,9894
1815,富喬,109,36,73,元大-桃興,2024-06-11,9894
2637,慧洋-KY,72,1,71,元大-桃興,2024-06-11,9894
2312,金寶,84,15,69,元大-桃興,2024-06-11,9894
00706L,期元大S＆P日圓正2,60,3,57,元大-桃興,2024-06-11,9894
2615,萬海,121,77,44,元大-桃興,2024-06-11,9894
2002,中鋼,76,33,43,元大-桃興,2024-06-11,9894
1316,上曜,68,27,41,元大-桃興,2024-06-11,9894
00712,復華富時不動產,42,3,39,元大-桃興,2024-06-11,9894
1802,台玻,42,5,37,元大-桃興,2024-06-11,9894
00939,統一台灣高息動能,43,6,37,元大-桃興,2024-06-11,9894
00665L,富邦�琤肭磪囓�2,46,11,35,元大-桃興,2024-06-11,9894
1326,台化,31,0,31,元大-桃興,2024-06-11,9894
00632R,元大台灣50反1,30,1,29,元大-桃興,2024-06-11,9894
3231,緯創,146,117,29,元大-桃興,2024-06-11,9894
2611,志信,32,4,28,元大-桃興,2024-06-11,9894
2374,佳能,65,38,27,元大-桃興,2024-06-11,9894
2486,一詮,45,18,27,元大-桃興,2024-06-11,9894
2543,皇昌,26,0,26,元大-桃興,2024-06-11,9894
2501,國建,52,26,26,元大-桃興,2024-06-11,9894
2613,中櫃,45,19,26,元大-桃興,2024-06-11,9894
0056,元大高股息,30,5,25,元大-桃興,2024-06-11,9894
3379,彬台,25,0,25,元大-桃興,2024-06-11,9894
00857B,永豐20年美公債,23,0,23,元大-桃興,2024-06-11,9894
1618,合機,55,32,23,元大-桃興,2024-06-11,9894
2368,金像電,22,0,22,元大-桃興,2024-06-11,9894
1514,亞力,51,29,22,元大-桃興,2024-06-11,9894
6005,群益證,22,0,22,元大-桃興,2024-06-11,9894
00688L,國泰20年美債正2,28,6,22,元大-桃興,2024-06-11,9894
1609,大亞,35,14,21,元大-桃興,2024-06-11,9894
3209,全科,21,0,21,元大-桃興,2024-06-11,9894
4967,十銓,23,3,20,元大-桃興,2024-06-11,9894
00720B,元大投資級公司債,20,0,20,元大-桃興,2024-06-11,9894
2323,中環,20,0,20,元大-桃興,2024-06-11,9894
6177,達麗,19,0,19,元大-桃興,2024-06-11,9894
6125,廣運,29,12,17,元大-桃興,2024-06-11,9894
00637L,元大滬深300正2,29,12,17,元大-桃興,2024-06-11,9894
6658,聯策,17,0,17,元大-桃興,2024-06-11,9894
3374,精材,40,23,17,元大-桃興,2024-06-11,9894
5371,中光電,17,1,16,元大-桃興,2024-06-11,9894
00632R,元大台灣50反1,107,1,106,元大-桃興,2024-06-12,9894
00933B,國泰10Y+金融債,103,7,96,元大-桃興,2024-06-12,9894
2888,新光金,105,22,83,元大-桃興,2024-06-12,9894
00712,復華富時不動產,118,40,78,元大-桃興,2024-06-12,9894
00919,群益台灣精選高息,77,7,70,元大-桃興,2024-06-12,9894
2867,三商壽,73,13,60,元大-桃興,2024-06-12,9894
00918,大華優利高填息30,55,0,55,元大-桃興,2024-06-12,9894
2637,慧洋-KY,52,0,52,元大-桃興,2024-06-12,9894
00948B,中信優息投資級債,46,0,46,元大-桃興,2024-06-12,9894
00676R,富邦臺灣加權反1,45,5,40,元大-桃興,2024-06-12,9894
00687B,國泰20年美債,36,0,36,元大-桃興,2024-06-12,9894
3056,富華新,36,0,36,元大-桃興,2024-06-12,9894
8021,尖點,37,2,35,元大-桃興,2024-06-12,9894
00929,復華台灣科技優息,38,8,30,元大-桃興,2024-06-12,9894
2409,友達,28,0,28,元大-桃興,2024-06-12,9894
2615,萬海,70,44,26,元大-桃興,2024-06-12,9894
2605,新興,27,2,25,元大-桃興,2024-06-12,9894
2027,大成鋼,40,15,25,元大-桃興,2024-06-12,9894
2323,中環,22,0,22,元大-桃興,2024-06-12,9894
6552,易華電,24,2,22,元大-桃興,2024-06-12,9894
00915,凱基優選高股息30,22,0,22,元大-桃興,2024-06-12,9894
00665L,富邦�琤肭磪囓�2,31,10,21,元大-桃興,2024-06-12,9894
2610,華航,50,29,21,元大-桃興,2024-06-12,9894
1618,合機,33,12,21,元大-桃興,2024-06-12,9894
1514,亞力,43,23,20,元大-桃興,2024-06-12,9894
00947,台新臺灣IC設計,20,0,20,元大-桃興,2024-06-12,9894
2515,中工,40,20,20,元大-桃興,2024-06-12,9894
3481,群創,32,13,19,元大-桃興,2024-06-12,9894
006208,富邦台50,20,2,18,元大-桃興,2024-06-12,9894
00640L,富邦日本正2,17,0,17,元大-桃興,2024-06-12,9894
5011,久陽,17,0,17,元大-桃興,2024-06-12,9894
5014,建錩,17,0,17,元大-桃興,2024-06-12,9894
5608,四維航,24,7,17,元大-桃興,2024-06-12,9894
6125,廣運,25,9,16,元大-桃興,2024-06-12,9894
8107,大億金茂,16,0,16,元大-桃興,2024-06-12,9894
2354,鴻準,18,2,16,元大-桃興,2024-06-12,9894
1570,力肯,25,9,16,元大-桃興,2024-06-12,9894
2851,中再保,17,1,16,元大-桃興,2024-06-12,9894
2353,宏��,53,37,16,元大-桃興,2024-06-12,9894
2303,聯電,15,0,15,元大-桃興,2024-06-12,9894
4726,永昕,16,1,15,元大-桃興,2024-06-12,9894
1802,台玻,47,32,15,元大-桃興,2024-06-12,9894
9941,裕融,14,0,14,元大-桃興,2024-06-12,9894
3037,欣興,16,2,14,元大-桃興,2024-06-12,9894
2442,新美齊,14,0,14,元大-桃興,2024-06-12,9894
2392,正崴,14,1,13,元大-桃興,2024-06-12,9894
2344,華邦電,16,3,13,元大-桃興,2024-06-12,9894
3419,譁裕,12,0,12,元大-桃興,2024-06-12,9894
4976,佳凌,14,2,12,元大-桃興,2024-06-12,9894
5302,太欣,13,1,12,元大-桃興,2024-06-12,9894
2618,長榮航,151,15,136,元大-桃興,2024-06-13,9894
00650L,復華香港正2,100,0,100,元大-桃興,2024-06-13,9894
2367,燿華,196,100,96,元大-桃興,2024-06-13,9894
00712,復華富時不動產,96,5,91,元大-桃興,2024-06-13,9894
2369,菱生,55,2,53,元大-桃興,2024-06-13,9894
2637,慧洋-KY,53,1,52,元大-桃興,2024-06-13,9894
2392,正崴,69,18,51,元大-桃興,2024-06-13,9894
2427,三商電,46,4,42,元大-桃興,2024-06-13,9894
2883,凱基金,41,0,41,元大-桃興,2024-06-13,9894
2867,三商壽,41,0,41,元大-桃興,2024-06-13,9894
2547,日勝生,41,1,40,元大-桃興,2024-06-13,9894
2002,中鋼,59,21,38,元大-桃興,2024-06-13,9894
6160,欣技,35,1,34,元大-桃興,2024-06-13,9894
00637L,元大滬深300正2,64,30,34,元大-桃興,2024-06-13,9894
2027,大成鋼,30,0,30,元大-桃興,2024-06-13,9894
2368,金像電,29,1,28,元大-桃興,2024-06-13,9894
8112,至上,29,1,28,元大-桃興,2024-06-13,9894
3379,彬台,27,0,27,元大-桃興,2024-06-13,9894
2371,大同,42,16,26,元大-桃興,2024-06-13,9894
3056,富華新,22,0,22,元大-桃興,2024-06-13,9894
3122,笙泉,22,0,22,元大-桃興,2024-06-13,9894
1815,富喬,59,38,21,元大-桃興,2024-06-13,9894
4967,十銓,38,17,21,元大-桃興,2024-06-13,9894
2353,宏��,34,13,21,元大-桃興,2024-06-13,9894
2352,佳世達,23,3,20,元大-桃興,2024-06-13,9894
2337,旺宏,23,4,19,元大-桃興,2024-06-13,9894
00679B,元大美債20年,28,10,18,元大-桃興,2024-06-13,9894
00948B,中信優息投資級債,17,0,17,元大-桃興,2024-06-13,9894
3356,奇偶,18,2,16,元大-桃興,2024-06-13,9894
00915,凱基優選高股息30,18,2,16,元大-桃興,2024-06-13,9894
1514,亞力,42,27,15,元大-桃興,2024-06-13,9894
2615,萬海,31,16,15,元大-桃興,2024-06-13,9894
00713,元大台灣高息低波,15,0,15,元大-桃興,2024-06-13,9894
4543,萬在,28,13,15,元大-桃興,2024-06-13,9894
00857B,永豐20年美公債,15,0,15,元大-桃興,2024-06-13,9894
2211,長榮鋼,15,0,15,元大-桃興,2024-06-13,9894
8227,巨有科技,15,0,15,元大-桃興,2024-06-13,9894
2610,華航,20,6,14,元大-桃興,2024-06-13,9894
6625,必應,16,3,13,元大-桃興,2024-06-13,9894
00882,中信中國高股息,14,1,13,元大-桃興,2024-06-13,9894
2884,玉山金,15,2,13,元大-桃興,2024-06-13,9894
3390,旭軟,23,10,13,元大-桃興,2024-06-13,9894
1464,得力,65,52,13,元大-桃興,2024-06-13,9894
2855,統一證,13,0,13,元大-桃興,2024-06-13,9894
2354,鴻準,20,8,12,元大-桃興,2024-06-13,9894
3481,群創,17,5,12,元大-桃興,2024-06-13,9894
2359,所羅門,68,57,11,元大-桃興,2024-06-13,9894
1522,堤維西,15,4,11,元大-桃興,2024-06-13,9894
3563,牧德,11,0,11,元大-桃興,2024-06-13,9894
00753L,中信中國50正2,10,0,10,元大-桃興,2024-06-13,9894
00942B,台新美A公司債20+,205,0,205,元大-桃興,2024-06-14,9894
00948B,中信優息投資級債,163,15,148,元大-桃興,2024-06-14,9894
3048,益登,138,36,102,元大-桃興,2024-06-14,9894
1446,宏和,81,0,81,元大-桃興,2024-06-14,9894
2027,大成鋼,74,0,74,元大-桃興,2024-06-14,9894
5608,四維航,75,13,62,元大-桃興,2024-06-14,9894
1608,華榮,110,48,62,元大-桃興,2024-06-14,9894
2352,佳世達,55,1,54,元大-桃興,2024-06-14,9894
00918,大華優利高填息30,87,37,50,元大-桃興,2024-06-14,9894
00919,群益台灣精選高息,122,74,48,元大-桃興,2024-06-14,9894
00936,台新永續高息中小,90,45,45,元大-桃興,2024-06-14,9894
1570,力肯,61,18,43,元大-桃興,2024-06-14,9894
2618,長榮航,74,31,43,元大-桃興,2024-06-14,9894
1609,大亞,90,50,40,元大-桃興,2024-06-14,9894
00712,復華富時不動產,40,1,39,元大-桃興,2024-06-14,9894
00947,台新臺灣IC設計,34,0,34,元大-桃興,2024-06-14,9894
00933B,國泰10Y+金融債,33,4,29,元大-桃興,2024-06-14,9894
6116,彩晶,28,0,28,元大-桃興,2024-06-14,9894
6160,欣技,27,0,27,元大-桃興,2024-06-14,9894
6285,啟��,29,2,27,元大-桃興,2024-06-14,9894
6215,和椿,32,6,26,元大-桃興,2024-06-14,9894
6216,居易,27,2,25,元大-桃興,2024-06-14,9894
6770,力積電,49,24,25,元大-桃興,2024-06-14,9894
1605,華新,26,2,24,元大-桃興,2024-06-14,9894
3055,蔚華科,23,2,21,元大-桃興,2024-06-14,9894
3033,威健,22,1,21,元大-桃興,2024-06-14,9894
5347,世界,26,5,21,元大-桃興,2024-06-14,9894
2427,三商電,23,3,20,元大-桃興,2024-06-14,9894
6505,台塑化,20,0,20,元大-桃興,2024-06-14,9894
6451,訊芯-KY,22,2,20,元大-桃興,2024-06-14,9894
2915,潤泰全,19,0,19,元大-桃興,2024-06-14,9894
2354,鴻準,28,9,19,元大-桃興,2024-06-14,9894
00929,復華台灣科技優息,41,23,18,元大-桃興,2024-06-14,9894
3202,樺晟,22,5,17,元大-桃興,2024-06-14,9894
5356,協益,19,2,17,元大-桃興,2024-06-14,9894
2855,統一證,17,0,17,元大-桃興,2024-06-14,9894
1785,光洋科,42,25,17,元大-桃興,2024-06-14,9894
8070,長華*,16,0,16,元大-桃興,2024-06-14,9894
2417,圓剛,16,0,16,元大-桃興,2024-06-14,9894
3390,旭軟,17,2,15,元大-桃興,2024-06-14,9894
1905,華紙,15,0,15,元大-桃興,2024-06-14,9894
2367,燿華,30,17,13,元大-桃興,2024-06-14,9894
2486,一詮,35,22,13,元大-桃興,2024-06-14,9894
6213,聯茂,30,17,13,元大-桃興,2024-06-14,9894
2363,矽統,25,12,13,元大-桃興,2024-06-14,9894
3231,緯創,21,8,13,元大-桃興,2024-06-14,9894
1587,吉茂,45,33,12,元大-桃興,2024-06-14,9894
00632R,元大台灣50反1,17,5,12,元大-桃興,2024-06-14,9894
1528,恩德,13,1,12,元大-桃興,2024-06-14,9894
5371,中光電,12,0,12,元大-桃興,2024-06-14,9894
00929,復華台灣科技優息,248,10,238,元大-桃興,2024-06-17,9894
00918,大華優利高填息30,199,0,199,元大-桃興,2024-06-17,9894
00937B,群益ESG投等債20,162,12,150,元大-桃興,2024-06-17,9894
2615,萬海,132,61,71,元大-桃興,2024-06-17,9894
2609,陽明,134,79,55,元大-桃興,2024-06-17,9894
1303,南亞,54,0,54,元大-桃興,2024-06-17,9894
8105,凌巨,62,15,47,元大-桃興,2024-06-17,9894
3024,憶聲,44,0,44,元大-桃興,2024-06-17,9894
2371,大同,216,173,43,元大-桃興,2024-06-17,9894
2312,金寶,52,12,40,元大-桃興,2024-06-17,9894
1802,台玻,65,29,36,元大-桃興,2024-06-17,9894
6207,雷科,38,3,35,元大-桃興,2024-06-17,9894
8039,台虹,34,0,34,元大-桃興,2024-06-17,9894
2915,潤泰全,34,1,33,元大-桃興,2024-06-17,9894
8924,大田,30,0,30,元大-桃興,2024-06-17,9894
6190,萬泰科,34,7,27,元大-桃興,2024-06-17,9894
00640L,富邦日本正2,25,0,25,元大-桃興,2024-06-17,9894
00933B,國泰10Y+金融債,25,1,24,元大-桃興,2024-06-17,9894
2354,鴻準,31,8,23,元大-桃興,2024-06-17,9894
2359,所羅門,33,11,22,元大-桃興,2024-06-17,9894
1513,中興電,43,21,22,元大-桃興,2024-06-17,9894
3062,建漢,56,34,22,元大-桃興,2024-06-17,9894
00942B,台新美A公司債20+,21,0,21,元大-桃興,2024-06-17,9894
00946,群益科技高息成長,23,2,21,元大-桃興,2024-06-17,9894
2610,華航,20,0,20,元大-桃興,2024-06-17,9894
4908,前鼎,22,2,20,元大-桃興,2024-06-17,9894
2027,大成鋼,19,0,19,元大-桃興,2024-06-17,9894
2368,金像電,19,1,18,元大-桃興,2024-06-17,9894
2002,中鋼,18,0,18,元大-桃興,2024-06-17,9894
3714,富采,19,2,17,元大-桃興,2024-06-17,9894
00947,台新臺灣IC設計,17,1,16,元大-桃興,2024-06-17,9894
5356,協益,16,0,16,元大-桃興,2024-06-17,9894
00939,統一台灣高息動能,34,18,16,元大-桃興,2024-06-17,9894
1445,大宇,16,1,15,元大-桃興,2024-06-17,9894
2641,正德,15,0,15,元大-桃興,2024-06-17,9894
5464,霖宏,15,0,15,元大-桃興,2024-06-17,9894
1617,榮星,20,5,15,元大-桃興,2024-06-17,9894
2356,英業達,28,13,15,元大-桃興,2024-06-17,9894
00715L,期街口布蘭特正2,16,2,14,元大-桃興,2024-06-17,9894
00878,國泰永續高股息,26,12,14,元大-桃興,2024-06-17,9894
1815,富喬,27,14,13,元大-桃興,2024-06-17,9894
1503,士電,34,21,13,元大-桃興,2024-06-17,9894
8374,羅昇,18,5,13,元大-桃興,2024-06-17,9894
3710,連展投控,18,5,13,元大-桃興,2024-06-17,9894
3056,富華新,13,0,13,元大-桃興,2024-06-17,9894
00712,復華富時不動產,29,17,12,元大-桃興,2024-06-17,9894
2605,新興,17,5,12,元大-桃興,2024-06-17,9894
5443,均豪,25,13,12,元大-桃興,2024-06-17,9894
6432,今展科,12,0,12,元大-桃興,2024-06-17,9894
4157,太景*-KY,12,0,12,元大-桃興,2024-06-17,9894
00936,台新永續高息中小,498,35,463,元大-桃興,2024-06-18,9894
2427,三商電,300,5,295,元大-桃興,2024-06-18,9894
2392,正崴,159,20,139,元大-桃興,2024-06-18,9894
00919,群益台灣精選高息,186,52,134,元大-桃興,2024-06-18,9894
00946,群益科技高息成長,88,5,83,元大-桃興,2024-06-18,9894
00937B,群益ESG投等債20,76,6,70,元大-桃興,2024-06-18,9894
9105,泰金寶-DR,67,10,57,元大-桃興,2024-06-18,9894
2317,鴻海,71,18,53,元大-桃興,2024-06-18,9894
3481,群創,64,21,43,元大-桃興,2024-06-18,9894
6180,橘子,44,6,38,元大-桃興,2024-06-18,9894
00947,台新臺灣IC設計,33,0,33,元大-桃興,2024-06-18,9894
2353,宏��,49,18,31,元大-桃興,2024-06-18,9894
00687B,國泰20年美債,45,14,31,元大-桃興,2024-06-18,9894
1504,東元,61,33,28,元大-桃興,2024-06-18,9894
00918,大華優利高填息30,56,29,27,元大-桃興,2024-06-18,9894
00942B,台新美A公司債20+,26,0,26,元大-桃興,2024-06-18,9894
1303,南亞,25,1,24,元大-桃興,2024-06-18,9894
8107,大億金茂,24,0,24,元大-桃興,2024-06-18,9894
00915,凱基優選高股息30,24,0,24,元大-桃興,2024-06-18,9894
8064,東捷,39,17,22,元大-桃興,2024-06-18,9894
1618,合機,42,21,21,元大-桃興,2024-06-18,9894
00948B,中信優息投資級債,21,0,21,元大-桃興,2024-06-18,9894
5443,均豪,44,24,20,元大-桃興,2024-06-18,9894
00929,復華台灣科技優息,229,210,19,元大-桃興,2024-06-18,9894
4566,時碩工業,31,13,18,元大-桃興,2024-06-18,9894
3024,憶聲,18,0,18,元大-桃興,2024-06-18,9894
00713,元大台灣高息低波,24,7,17,元大-桃興,2024-06-18,9894
1802,台玻,74,57,17,元大-桃興,2024-06-18,9894
8028,昇陽半導體,54,37,17,元大-桃興,2024-06-18,9894
4562,穎漢,111,95,16,元大-桃興,2024-06-18,9894
3122,笙泉,16,0,16,元大-桃興,2024-06-18,9894
2355,敬鵬,20,4,16,元大-桃興,2024-06-18,9894
00679B,元大美債20年,45,30,15,元大-桃興,2024-06-18,9894
6477,安集,15,0,15,元大-桃興,2024-06-18,9894
8103,瀚荃,17,2,15,元大-桃興,2024-06-18,9894
6841,長佳智能,18,4,14,元大-桃興,2024-06-18,9894
2367,燿華,17,3,14,元大-桃興,2024-06-18,9894
3390,旭軟,16,2,14,元大-桃興,2024-06-18,9894
1608,華榮,16,2,14,元大-桃興,2024-06-18,9894
3088,艾訊,16,2,14,元大-桃興,2024-06-18,9894
3583,辛耘,16,3,13,元大-桃興,2024-06-18,9894
2605,新興,14,1,13,元大-桃興,2024-06-18,9894
8996,高力,12,0,12,元大-桃興,2024-06-18,9894
5371,中光電,14,2,12,元大-桃興,2024-06-18,9894
2543,皇昌,12,0,12,元大-桃興,2024-06-18,9894
6169,昱泉,12,0,12,元大-桃興,2024-06-18,9894
9958,世紀鋼,16,4,12,元大-桃興,2024-06-18,9894
2359,所羅門,31,19,12,元大-桃興,2024-06-18,9894
8096,擎亞,88,77,11,元大-桃興,2024-06-18,9894
0056,元大高股息,19,8,11,元大-桃興,2024-06-18,9894
2392,正崴,133,9,124,元大-桃興,2024-06-19,9894
2515,中工,125,22,103,元大-桃興,2024-06-19,9894
00936,台新永續高息中小,115,13,102,元大-桃興,2024-06-19,9894
00929,復華台灣科技優息,273,187,86,元大-桃興,2024-06-19,9894
00937B,群益ESG投等債20,111,27,84,元大-桃興,2024-06-19,9894
00933B,國泰10Y+金融債,81,12,69,元大-桃興,2024-06-19,9894
00687B,國泰20年美債,66,4,62,元大-桃興,2024-06-19,9894
2637,慧洋-KY,62,1,61,元大-桃興,2024-06-19,9894
00905,FT臺灣Smart,63,2,61,元大-桃興,2024-06-19,9894
00787B,元大10年IG醫療債,56,0,56,元大-桃興,2024-06-19,9894
2371,大同,99,43,56,元大-桃興,2024-06-19,9894
6026,福邦證,50,0,50,元大-桃興,2024-06-19,9894
3231,緯創,102,53,49,元大-桃興,2024-06-19,9894
3062,建漢,147,100,47,元大-桃興,2024-06-19,9894
2834,臺企銀,55,9,46,元大-桃興,2024-06-19,9894
3013,晟銘電,56,14,42,元大-桃興,2024-06-19,9894
2801,彰銀,100,58,42,元大-桃興,2024-06-19,9894
00946,群益科技高息成長,41,0,41,元大-桃興,2024-06-19,9894
00882,中信中國高股息,46,7,39,元大-桃興,2024-06-19,9894
00915,凱基優選高股息30,37,0,37,元大-桃興,2024-06-19,9894
6290,良維,57,23,34,元大-桃興,2024-06-19,9894
6190,萬泰科,45,12,33,元大-桃興,2024-06-19,9894
6282,康舒,42,11,31,元大-桃興,2024-06-19,9894
00942B,台新美A公司債20+,30,0,30,元大-桃興,2024-06-19,9894
00919,群益台灣精選高息,123,95,28,元大-桃興,2024-06-19,9894
3576,聯合再生,31,4,27,元大-桃興,2024-06-19,9894
2607,榮運,26,0,26,元大-桃興,2024-06-19,9894
6770,力積電,30,7,23,元大-桃興,2024-06-19,9894
6152,百一,23,0,23,元大-桃興,2024-06-19,9894
00713,元大台灣高息低波,22,0,22,元大-桃興,2024-06-19,9894
6274,台燿,22,0,22,元大-桃興,2024-06-19,9894
00679B,元大美債20年,33,11,22,元大-桃興,2024-06-19,9894
2031,新光鋼,31,10,21,元大-桃興,2024-06-19,9894
5515,建國,27,6,21,元大-桃興,2024-06-19,9894
00947,台新臺灣IC設計,22,1,21,元大-桃興,2024-06-19,9894
1303,南亞,20,0,20,元大-桃興,2024-06-19,9894
3374,精材,29,9,20,元大-桃興,2024-06-19,9894
8374,羅昇,28,8,20,元大-桃興,2024-06-19,9894
2399,映泰,27,7,20,元大-桃興,2024-06-19,9894
00885,富邦越南,20,0,20,元大-桃興,2024-06-19,9894
00881,國泰台灣5G+,21,2,19,元大-桃興,2024-06-19,9894
6578,達邦蛋白,19,0,19,元大-桃興,2024-06-19,9894
8068,全達,18,0,18,元大-桃興,2024-06-19,9894
1591,駿吉-KY,19,2,17,元大-桃興,2024-06-19,9894
1608,華榮,28,11,17,元大-桃興,2024-06-19,9894
1504,東元,41,25,16,元大-桃興,2024-06-19,9894
1513,中興電,29,13,16,元大-桃興,2024-06-19,9894
6535,順藥,20,5,15,元大-桃興,2024-06-19,9894
2367,燿華,17,2,15,元大-桃興,2024-06-19,9894
2365,昆盈,111,96,15,元大-桃興,2024-06-19,9894
00919,群益台灣精選高息,419,87,332,元大-桃興,2024-06-20,9894
00942B,台新美A公司債20+,159,0,159,元大-桃興,2024-06-20,9894
00937B,群益ESG投等債20,136,0,136,元大-桃興,2024-06-20,9894
00936,台新永續高息中小,73,1,72,元大-桃興,2024-06-20,9894
00665L,富邦�琤肭磪囓�2,80,10,70,元大-桃興,2024-06-20,9894
00751B,元大AAA至A公司債,65,0,65,元大-桃興,2024-06-20,9894
2353,宏��,63,6,57,元大-桃興,2024-06-20,9894
3481,群創,57,6,51,元大-桃興,2024-06-20,9894
00772B,中信高評級公司債,51,0,51,元大-桃興,2024-06-20,9894
6216,居易,44,3,41,元大-桃興,2024-06-20,9894
00679B,元大美債20年,38,0,38,元大-桃興,2024-06-20,9894
00688L,國泰20年美債正2,43,10,33,元大-桃興,2024-06-20,9894
2426,鼎元,32,0,32,元大-桃興,2024-06-20,9894
00948B,中信優息投資級債,31,0,31,元大-桃興,2024-06-20,9894
1514,亞力,55,24,31,元大-桃興,2024-06-20,9894
00632R,元大台灣50反1,36,6,30,元大-桃興,2024-06-20,9894
3037,欣興,31,3,28,元大-桃興,2024-06-20,9894
2603,長榮,36,11,25,元大-桃興,2024-06-20,9894
6117,迎廣,28,4,24,元大-桃興,2024-06-20,9894
4571,鈞興-KY,25,1,24,元大-桃興,2024-06-20,9894
00939,統一台灣高息動能,68,44,24,元大-桃興,2024-06-20,9894
00947,台新臺灣IC設計,44,21,23,元大-桃興,2024-06-20,9894
8050,廣積,22,0,22,元大-桃興,2024-06-20,9894
4306,炎洲,20,0,20,元大-桃興,2024-06-20,9894
00639,富邦深100,20,0,20,元大-桃興,2024-06-20,9894
4566,時碩工業,33,14,19,元大-桃興,2024-06-20,9894
5371,中光電,27,9,18,元大-桃興,2024-06-20,9894
0056,元大高股息,25,7,18,元大-桃興,2024-06-20,9894
6182,合晶,17,0,17,元大-桃興,2024-06-20,9894
00946,群益科技高息成長,22,6,16,元大-桃興,2024-06-20,9894
2330,台積電,28,12,16,元大-桃興,2024-06-20,9894
2883B,凱基金乙特,15,0,15,元大-桃興,2024-06-20,9894
2340,台亞,15,0,15,元大-桃興,2024-06-20,9894
00905,FT臺灣Smart,15,0,15,元大-桃興,2024-06-20,9894
00713,元大台灣高息低波,16,1,15,元大-桃興,2024-06-20,9894
4915,致伸,19,5,14,元大-桃興,2024-06-20,9894
2607,榮運,15,1,14,元大-桃興,2024-06-20,9894
00891,中信關鍵半導體,102,88,14,元大-桃興,2024-06-20,9894
6274,台燿,14,0,14,元大-桃興,2024-06-20,9894
8277,商丞,17,3,14,元大-桃興,2024-06-20,9894
6207,雷科,46,33,13,元大-桃興,2024-06-20,9894
4588,玖鼎電力,13,0,13,元大-桃興,2024-06-20,9894
3048,益登,26,13,13,元大-桃興,2024-06-20,9894
6505,台塑化,12,0,12,元大-桃興,2024-06-20,9894
2881,富邦金,17,5,12,元大-桃興,2024-06-20,9894
00885,富邦越南,12,0,12,元大-桃興,2024-06-20,9894
2206,三陽工業,12,0,12,元大-桃興,2024-06-20,9894
8096,擎亞,23,11,12,元大-桃興,2024-06-20,9894
006208,富邦台50,11,0,11,元大-桃興,2024-06-20,9894
1605,華新,12,1,11,元大-桃興,2024-06-20,9894
00937B,群益ESG投等債20,255,13,242,元大-桃興,2024-06-21,9894
00942B,台新美A公司債20+,160,0,160,元大-桃興,2024-06-21,9894
2317,鴻海,190,44,146,元大-桃興,2024-06-21,9894
00936,台新永續高息中小,124,9,115,元大-桃興,2024-06-21,9894
2610,華航,120,43,77,元大-桃興,2024-06-21,9894
9105,泰金寶-DR,81,21,60,元大-桃興,2024-06-21,9894
2515,中工,80,21,59,元大-桃興,2024-06-21,9894
00878,國泰永續高股息,59,0,59,元大-桃興,2024-06-21,9894
2010,春源,55,0,55,元大-桃興,2024-06-21,9894
2609,陽明,198,143,55,元大-桃興,2024-06-21,9894
5880,合庫金,53,0,53,元大-桃興,2024-06-21,9894
00929,復華台灣科技優息,125,75,50,元大-桃興,2024-06-21,9894
00679B,元大美債20年,48,0,48,元大-桃興,2024-06-21,9894
1301,台塑,50,5,45,元大-桃興,2024-06-21,9894
2330,台積電,48,3,45,元大-桃興,2024-06-21,9894
2547,日勝生,35,0,35,元大-桃興,2024-06-21,9894
2617,台航,35,0,35,元大-桃興,2024-06-21,9894
2025,千興,33,0,33,元大-桃興,2024-06-21,9894
6207,雷科,48,17,31,元大-桃興,2024-06-21,9894
2365,昆盈,73,43,30,元大-桃興,2024-06-21,9894
2908,特力,30,0,30,元大-桃興,2024-06-21,9894
00687B,國泰20年美債,40,11,29,元大-桃興,2024-06-21,9894
2316,楠梓電,46,18,28,元大-桃興,2024-06-21,9894
1909,榮成,29,1,28,元大-桃興,2024-06-21,9894
00637L,元大滬深300正2,27,0,27,元大-桃興,2024-06-21,9894
6457,紘康,27,0,27,元大-桃興,2024-06-21,9894
00673R,期元大S＆P原油反1,27,0,27,元大-桃興,2024-06-21,9894
00933B,國泰10Y+金融債,27,0,27,元大-桃興,2024-06-21,9894
1314,中石化,30,3,27,元大-桃興,2024-06-21,9894
2867,三商壽,27,1,26,元大-桃興,2024-06-21,9894
8112,至上,26,2,24,元大-桃興,2024-06-21,9894
3338,泰碩,25,2,23,元大-桃興,2024-06-21,9894
2834,臺企銀,26,3,23,元大-桃興,2024-06-21,9894
2377,微星,23,2,21,元大-桃興,2024-06-21,9894
8105,凌巨,41,20,21,元大-桃興,2024-06-21,9894
3055,蔚華科,85,64,21,元大-桃興,2024-06-21,9894
00751B,元大AAA至A公司債,20,0,20,元大-桃興,2024-06-21,9894
1604,聲寶,20,0,20,元大-桃興,2024-06-21,9894
00882,中信中國高股息,18,0,18,元大-桃興,2024-06-21,9894
00881,國泰台灣5G+,18,1,17,元大-桃興,2024-06-21,9894
2801,彰銀,27,10,17,元大-桃興,2024-06-21,9894
3081,聯亞,34,17,17,元大-桃興,2024-06-21,9894
2354,鴻準,32,15,17,元大-桃興,2024-06-21,9894
6235,華孚,22,6,16,元大-桃興,2024-06-21,9894
00947,台新臺灣IC設計,16,0,16,元大-桃興,2024-06-21,9894
3379,彬台,16,0,16,元大-桃興,2024-06-21,9894
2392,正崴,27,11,16,元大-桃興,2024-06-21,9894
2851,中再保,16,0,16,元大-桃興,2024-06-21,9894
4545,銘鈺,16,0,16,元大-桃興,2024-06-21,9894
2613,中櫃,24,9,15,元大-桃興,2024-06-21,9894
00948B,中信優息投資級債,259,0,259,元大-桃興,2024-06-24,9894
00929,復華台灣科技優息,304,85,219,元大-桃興,2024-06-24,9894
3481,群創,479,330,149,元大-桃興,2024-06-24,9894
00937B,群益ESG投等債20,152,8,144,元大-桃興,2024-06-24,9894
00919,群益台灣精選高息,349,216,133,元大-桃興,2024-06-24,9894
1909,榮成,132,0,132,元大-桃興,2024-06-24,9894
00940,元大台灣價值高息,272,151,121,元大-桃興,2024-06-24,9894
3062,建漢,227,136,91,元大-桃興,2024-06-24,9894
00679B,元大美債20年,76,0,76,元大-桃興,2024-06-24,9894
2344,華邦電,66,2,64,元大-桃興,2024-06-24,9894
00936,台新永續高息中小,82,18,64,元大-桃興,2024-06-24,9894
00934,中信成長高股息,60,0,60,元大-桃興,2024-06-24,9894
2330,台積電,65,11,54,元大-桃興,2024-06-24,9894
1608,華榮,54,1,53,元大-桃興,2024-06-24,9894
2317,鴻海,106,54,52,元大-桃興,2024-06-24,9894
00720B,元大投資級公司債,51,0,51,元大-桃興,2024-06-24,9894
4566,時碩工業,45,3,42,元大-桃興,2024-06-24,9894
2025,千興,31,0,31,元大-桃興,2024-06-24,9894
3231,緯創,56,27,29,元大-桃興,2024-06-24,9894
1514,亞力,40,11,29,元大-桃興,2024-06-24,9894
1785,光洋科,95,68,27,元大-桃興,2024-06-24,9894
00673R,期元大S＆P原油反1,27,0,27,元大-桃興,2024-06-24,9894
6290,良維,27,1,26,元大-桃興,2024-06-24,9894
00939,統一台灣高息動能,34,9,25,元大-桃興,2024-06-24,9894
00918,大華優利高填息30,43,19,24,元大-桃興,2024-06-24,9894
2408,南亞科,32,8,24,元大-桃興,2024-06-24,9894
2615,萬海,38,16,22,元大-桃興,2024-06-24,9894
3047,訊舟,102,80,22,元大-桃興,2024-06-24,9894
6197,佳必琪,25,4,21,元大-桃興,2024-06-24,9894
2611,志信,26,6,20,元大-桃興,2024-06-24,9894
2392,正崴,35,15,20,元大-桃興,2024-06-24,9894
00881,國泰台灣5G+,35,16,19,元大-桃興,2024-06-24,9894
2382,廣達,61,42,19,元大-桃興,2024-06-24,9894
2206,三陽工業,20,1,19,元大-桃興,2024-06-24,9894
2010,春源,18,0,18,元大-桃興,2024-06-24,9894
5302,太欣,18,0,18,元大-桃興,2024-06-24,9894
2349,錸德,20,2,18,元大-桃興,2024-06-24,9894
6578,達邦蛋白,20,2,18,元大-桃興,2024-06-24,9894
8112,至上,22,4,18,元大-桃興,2024-06-24,9894
2347,聯強,22,5,17,元大-桃興,2024-06-24,9894
00921,兆豐龍頭等權重,17,0,17,元大-桃興,2024-06-24,9894
5512,力麒,17,0,17,元大-桃興,2024-06-24,9894
1587,吉茂,20,3,17,元大-桃興,2024-06-24,9894
6182,合晶,20,3,17,元大-桃興,2024-06-24,9894
2881,富邦金,18,1,17,元大-桃興,2024-06-24,9894
1301,台塑,26,10,16,元大-桃興,2024-06-24,9894
2888,新光金,29,13,16,元大-桃興,2024-06-24,9894
5272,笙科,15,0,15,元大-桃興,2024-06-24,9894
3058,立德,15,0,15,元大-桃興,2024-06-24,9894
2365,昆盈,25,10,15,元大-桃興,2024-06-24,9894
00929,復華台灣科技優息,262,18,244,元大-桃興,2024-06-25,9894
2888,新光金,202,0,202,元大-桃興,2024-06-25,9894
3481,群創,428,243,185,元大-桃興,2024-06-25,9894
1815,富喬,104,20,84,元大-桃興,2024-06-25,9894
4529,淳紳,58,0,58,元大-桃興,2024-06-25,9894
2498,宏達電,112,54,58,元大-桃興,2024-06-25,9894
00946,群益科技高息成長,51,1,50,元大-桃興,2024-06-25,9894
00937B,群益ESG投等債20,74,28,46,元大-桃興,2024-06-25,9894
3036,文曄,48,3,45,元大-桃興,2024-06-25,9894
2377,微星,44,0,44,元大-桃興,2024-06-25,9894
00936,台新永續高息中小,46,3,43,元大-桃興,2024-06-25,9894
1301,台塑,60,19,41,元大-桃興,2024-06-25,9894
00919,群益台灣精選高息,211,172,39,元大-桃興,2024-06-25,9894
2610,華航,54,16,38,元大-桃興,2024-06-25,9894
2618,長榮航,57,21,36,元大-桃興,2024-06-25,9894
3231,緯創,173,138,35,元大-桃興,2024-06-25,9894
00665L,富邦�琤肭磪囓�2,35,0,35,元大-桃興,2024-06-25,9894
3037,欣興,35,0,35,元大-桃興,2024-06-25,9894
00788B,元大10年IG電能債,31,0,31,元大-桃興,2024-06-25,9894
2002,中鋼,36,8,28,元大-桃興,2024-06-25,9894
00720B,元大投資級公司債,50,23,27,元大-桃興,2024-06-25,9894
2355,敬鵬,27,1,26,元大-桃興,2024-06-25,9894
00687B,國泰20年美債,33,8,25,元大-桃興,2024-06-25,9894
2356,英業達,35,12,23,元大-桃興,2024-06-25,9894
2337,旺宏,21,0,21,元大-桃興,2024-06-25,9894
6578,達邦蛋白,30,9,21,元大-桃興,2024-06-25,9894
1611,中電,31,11,20,元大-桃興,2024-06-25,9894
1785,光洋科,79,59,20,元大-桃興,2024-06-25,9894
2439,美律,22,3,19,元大-桃興,2024-06-25,9894
3149,正達,22,3,19,元大-桃興,2024-06-25,9894
6425,易發,19,1,18,元大-桃興,2024-06-25,9894
3055,蔚華科,27,10,17,元大-桃興,2024-06-25,9894
2312,金寶,19,2,17,元大-桃興,2024-06-25,9894
00923,群益台ESG低碳50,18,1,17,元大-桃興,2024-06-25,9894
8046,南電,16,0,16,元大-桃興,2024-06-25,9894
00673R,期元大S＆P原油反1,16,0,16,元大-桃興,2024-06-25,9894
1802,台玻,16,0,16,元大-桃興,2024-06-25,9894
00918,大華優利高填息30,15,0,15,元大-桃興,2024-06-25,9894
4561,健椿,15,0,15,元大-桃興,2024-06-25,9894
3049,精金,30,15,15,元大-桃興,2024-06-25,9894
8011,台通,17,2,15,元大-桃興,2024-06-25,9894
2010,春源,14,0,14,元大-桃興,2024-06-25,9894
8104,錸寶,14,0,14,元大-桃興,2024-06-25,9894
1312,國喬,13,0,13,元大-桃興,2024-06-25,9894
00637L,元大滬深300正2,12,0,12,元大-桃興,2024-06-25,9894
2455,全新,12,0,12,元大-桃興,2024-06-25,9894
2408,南亞科,17,5,12,元大-桃興,2024-06-25,9894
00947,台新臺灣IC設計,13,1,12,元大-桃興,2024-06-25,9894
6606,建德工業,18,6,12,元大-桃興,2024-06-25,9894
8064,東捷,25,13,12,元大-桃興,2024-06-25,9894
00680L,元大美債20正2,501,90,411,元大-桃興,2024-06-26,9894
00929,復華台灣科技優息,319,85,234,元大-桃興,2024-06-26,9894
9105,泰金寶-DR,161,1,160,元大-桃興,2024-06-26,9894
2344,華邦電,176,42,134,元大-桃興,2024-06-26,9894
2409,友達,143,15,128,元大-桃興,2024-06-26,9894
00632R,元大台灣50反1,213,95,118,元大-桃興,2024-06-26,9894
3419,譁裕,101,5,96,元大-桃興,2024-06-26,9894
2883,凱基金,104,17,87,元大-桃興,2024-06-26,9894
00940,元大台灣價值高息,181,102,79,元大-桃興,2024-06-26,9894
00919,群益台灣精選高息,115,37,78,元大-桃興,2024-06-26,9894
2609,陽明,98,30,68,元大-桃興,2024-06-26,9894
2515,中工,79,13,66,元大-桃興,2024-06-26,9894
3481,群創,202,138,64,元大-桃興,2024-06-26,9894
2353,宏��,61,12,49,元大-桃興,2024-06-26,9894
1605,華新,36,0,36,元大-桃興,2024-06-26,9894
00936,台新永續高息中小,54,19,35,元大-桃興,2024-06-26,9894
2328,廣宇,37,7,30,元大-桃興,2024-06-26,9894
2406,國碩,56,28,28,元大-桃興,2024-06-26,9894
3231,緯創,34,9,25,元大-桃興,2024-06-26,9894
1785,光洋科,30,5,25,元大-桃興,2024-06-26,9894
1101,台泥,27,5,22,元大-桃興,2024-06-26,9894
2312,金寶,42,20,22,元大-桃興,2024-06-26,9894
3715,定穎投控,22,0,22,元大-桃興,2024-06-26,9894
00713,元大台灣高息低波,23,1,22,元大-桃興,2024-06-26,9894
2002,中鋼,29,8,21,元大-桃興,2024-06-26,9894
2892,第一金,21,0,21,元大-桃興,2024-06-26,9894
1909,榮成,20,0,20,元大-桃興,2024-06-26,9894
1718,中纖,20,0,20,元大-桃興,2024-06-26,9894
5880,合庫金,19,0,19,元大-桃興,2024-06-26,9894
3062,建漢,106,87,19,元大-桃興,2024-06-26,9894
3576,聯合再生,25,7,18,元大-桃興,2024-06-26,9894
1503,士電,20,2,18,元大-桃興,2024-06-26,9894
2401,凌陽,19,1,18,元大-桃興,2024-06-26,9894
4168,醣聯,18,0,18,元大-桃興,2024-06-26,9894
0056,元大高股息,20,2,18,元大-桃興,2024-06-26,9894
2382,廣達,24,7,17,元大-桃興,2024-06-26,9894
3037,欣興,16,0,16,元大-桃興,2024-06-26,9894
3535,晶彩科,37,21,16,元大-桃興,2024-06-26,9894
00673R,期元大S＆P原油反1,16,0,16,元大-桃興,2024-06-26,9894
3694,海華,28,12,16,元大-桃興,2024-06-26,9894
1301,台塑,19,4,15,元大-桃興,2024-06-26,9894
2427,三商電,30,15,15,元大-桃興,2024-06-26,9894
2206,三陽工業,16,1,15,元大-桃興,2024-06-26,9894
2880,華南金,15,0,15,元大-桃興,2024-06-26,9894
1447,力鵬,15,0,15,元大-桃興,2024-06-26,9894
2455,全新,25,10,15,元大-桃興,2024-06-26,9894
3624,光頡,16,1,15,元大-桃興,2024-06-26,9894
8104,錸寶,14,0,14,元大-桃興,2024-06-26,9894
00881,國泰台灣5G+,15,1,14,元大-桃興,2024-06-26,9894
6806,森崴能源,35,21,14,元大-桃興,2024-06-26,9894
2409,友達,280,39,241,元大-桃興,2024-06-27,9894
00680L,元大美債20正2,220,14,206,元大-桃興,2024-06-27,9894
3481,群創,230,27,203,元大-桃興,2024-06-27,9894
3055,蔚華科,226,40,186,元大-桃興,2024-06-27,9894
00937B,群益ESG投等債20,236,80,156,元大-桃興,2024-06-27,9894
00632R,元大台灣50反1,110,1,109,元大-桃興,2024-06-27,9894
00929,復華台灣科技優息,91,3,88,元大-桃興,2024-06-27,9894
00679B,元大美債20年,86,0,86,元大-桃興,2024-06-27,9894
00936,台新永續高息中小,85,0,85,元大-桃興,2024-06-27,9894
00687B,國泰20年美債,128,53,75,元大-桃興,2024-06-27,9894
2547,日勝生,70,0,70,元大-桃興,2024-06-27,9894
2885,元大金,65,1,64,元大-桃興,2024-06-27,9894
5210,寶碩,51,0,51,元大-桃興,2024-06-27,9894
1301,台塑,48,2,46,元大-桃興,2024-06-27,9894
9105,泰金寶-DR,62,17,45,元大-桃興,2024-06-27,9894
5530,龍巖,40,0,40,元大-桃興,2024-06-27,9894
00948B,中信優息投資級債,39,0,39,元大-桃興,2024-06-27,9894
1611,中電,33,2,31,元大-桃興,2024-06-27,9894
00942B,台新美A公司債20+,31,0,31,元大-桃興,2024-06-27,9894
00919,群益台灣精選高息,49,19,30,元大-桃興,2024-06-27,9894
1785,光洋科,57,28,29,元大-桃興,2024-06-27,9894
1303,南亞,31,3,28,元大-桃興,2024-06-27,9894
00947,台新臺灣IC設計,25,0,25,元大-桃興,2024-06-27,9894
2301,光寶科,28,3,25,元大-桃興,2024-06-27,9894
2002,中鋼,31,7,24,元大-桃興,2024-06-27,9894
00878,國泰永續高股息,29,5,24,元大-桃興,2024-06-27,9894
00946,群益科技高息成長,27,3,24,元大-桃興,2024-06-27,9894
2543,皇昌,26,3,23,元大-桃興,2024-06-27,9894
2312,金寶,33,10,23,元大-桃興,2024-06-27,9894
8039,台虹,22,0,22,元大-桃興,2024-06-27,9894
2368,金像電,25,4,21,元大-桃興,2024-06-27,9894
6182,合晶,21,1,20,元大-桃興,2024-06-27,9894
9945,潤泰新,20,0,20,元大-桃興,2024-06-27,9894
3062,建漢,88,69,19,元大-桃興,2024-06-27,9894
3490,單井,19,0,19,元大-桃興,2024-06-27,9894
6116,彩晶,18,0,18,元大-桃興,2024-06-27,9894
5353,台林,18,0,18,元大-桃興,2024-06-27,9894
2607,榮運,18,0,18,元大-桃興,2024-06-27,9894
00713,元大台灣高息低波,18,1,17,元大-桃興,2024-06-27,9894
1514,亞力,52,35,17,元大-桃興,2024-06-27,9894
2337,旺宏,19,2,17,元大-桃興,2024-06-27,9894
2329,華泰,27,10,17,元大-桃興,2024-06-27,9894
9904,寶成,17,0,17,元大-桃興,2024-06-27,9894
8028,昇陽半導體,23,6,17,元大-桃興,2024-06-27,9894
5443,均豪,102,86,16,元大-桃興,2024-06-27,9894
00857B,永豐20年美公債,16,0,16,元大-桃興,2024-06-27,9894
00881,國泰台灣5G+,16,0,16,元大-桃興,2024-06-27,9894
00751B,元大AAA至A公司債,16,0,16,元大-桃興,2024-06-27,9894
8064,東捷,35,19,16,元大-桃興,2024-06-27,9894
4938,和碩,20,4,16,元大-桃興,2024-06-27,9894
00936,台新永續高息中小,341,0,341,元大-桃興,2024-06-28,9894
00712,復華富時不動產,105,1,104,元大-桃興,2024-06-28,9894
00679B,元大美債20年,112,16,96,元大-桃興,2024-06-28,9894
3481,群創,118,28,90,元大-桃興,2024-06-28,9894
2618,長榮航,132,48,84,元大-桃興,2024-06-28,9894
00687B,國泰20年美債,81,0,81,元大-桃興,2024-06-28,9894
00937B,群益ESG投等債20,78,0,78,元大-桃興,2024-06-28,9894
2406,國碩,130,66,64,元大-桃興,2024-06-28,9894
2607,榮運,59,0,59,元大-桃興,2024-06-28,9894
3450,聯鈞,90,38,52,元大-桃興,2024-06-28,9894
1528,恩德,50,0,50,元大-桃興,2024-06-28,9894
00929,復華台灣科技優息,49,8,41,元大-桃興,2024-06-28,9894
8110,華東,37,2,35,元大-桃興,2024-06-28,9894
2010,春源,35,0,35,元大-桃興,2024-06-28,9894
5353,台林,30,0,30,元大-桃興,2024-06-28,9894
00882,中信中國高股息,29,0,29,元大-桃興,2024-06-28,9894
8277,商丞,28,0,28,元大-桃興,2024-06-28,9894
1605,華新,28,0,28,元大-桃興,2024-06-28,9894
2349,錸德,28,1,27,元大-桃興,2024-06-28,9894
6244,茂迪,91,65,26,元大-桃興,2024-06-28,9894
00942B,台新美A公司債20+,26,0,26,元大-桃興,2024-06-28,9894
1809,中釉,25,0,25,元大-桃興,2024-06-28,9894
2301,光寶科,29,5,24,元大-桃興,2024-06-28,9894
3202,樺晟,26,3,23,元大-桃興,2024-06-28,9894
6116,彩晶,23,0,23,元大-桃興,2024-06-28,9894
3498,陽程,23,1,22,元大-桃興,2024-06-28,9894
2002,中鋼,26,5,21,元大-桃興,2024-06-28,9894
2352,佳世達,23,2,21,元大-桃興,2024-06-28,9894
00673R,期元大S＆P原油反1,21,0,21,元大-桃興,2024-06-28,9894
00948B,中信優息投資級債,21,0,21,元大-桃興,2024-06-28,9894
2609,陽明,56,36,20,元大-桃興,2024-06-28,9894
00720B,元大投資級公司債,20,0,20,元大-桃興,2024-06-28,9894
2402,毅嘉,20,0,20,元大-桃興,2024-06-28,9894
3047,訊舟,31,13,18,元大-桃興,2024-06-28,9894
6443,元晶,32,15,17,元大-桃興,2024-06-28,9894
4533,協易機,20,4,16,元大-桃興,2024-06-28,9894
00753L,中信中國50正2,41,25,16,元大-桃興,2024-06-28,9894
00919,群益台灣精選高息,19,3,16,元大-桃興,2024-06-28,9894
00944,野村趨勢動能高息,15,0,15,元大-桃興,2024-06-28,9894
2515,中工,21,6,15,元大-桃興,2024-06-28,9894
2610,華航,33,18,15,元大-桃興,2024-06-28,9894
00878,國泰永續高股息,47,33,14,元大-桃興,2024-06-28,9894
00713,元大台灣高息低波,13,0,13,元大-桃興,2024-06-28,9894
2337,旺宏,16,3,13,元大-桃興,2024-06-28,9894
3037,欣興,13,0,13,元大-桃興,2024-06-28,9894
00715L,期街口布蘭特正2,30,17,13,元大-桃興,2024-06-28,9894
4561,健椿,13,0,13,元大-桃興,2024-06-28,9894
4976,佳凌,13,1,12,元大-桃興,2024-06-28,9894
1609,大亞,22,10,12,元大-桃興,2024-06-28,9894
2303,聯電,19,7,12,元大-桃興,2024-06-28,9894
00937B,群益ESG投等債20,416,0,416,元大-桃興,2024-07-01,9894
00680L,元大美債20正2,338,0,338,元大-桃興,2024-07-01,9894
00679B,元大美債20年,181,0,181,元大-桃興,2024-07-01,9894
00948B,中信優息投資級債,179,0,179,元大-桃興,2024-07-01,9894
00929,復華台灣科技優息,119,5,114,元大-桃興,2024-07-01,9894
00949,復華日本龍頭,109,0,109,元大-桃興,2024-07-01,9894
2605,新興,99,1,98,元大-桃興,2024-07-01,9894
3481,群創,108,19,89,元大-桃興,2024-07-01,9894
00772B,中信高評級公司債,81,0,81,元大-桃興,2024-07-01,9894
0056,元大高股息,70,0,70,元大-桃興,2024-07-01,9894
00942B,台新美A公司債20+,66,0,66,元大-桃興,2024-07-01,9894
2002,中鋼,60,12,48,元大-桃興,2024-07-01,9894
00720B,元大投資級公司債,44,0,44,元大-桃興,2024-07-01,9894
00751B,元大AAA至A公司債,42,0,42,元大-桃興,2024-07-01,9894
2402,毅嘉,40,0,40,元大-桃興,2024-07-01,9894
6127,九豪,40,3,37,元大-桃興,2024-07-01,9894
8096,擎亞,48,13,35,元大-桃興,2024-07-01,9894
2338,光罩,37,2,35,元大-桃興,2024-07-01,9894
2324,仁寶,40,5,35,元大-桃興,2024-07-01,9894
00687B,國泰20年美債,111,80,31,元大-桃興,2024-07-01,9894
6753,龍德造船,53,23,30,元大-桃興,2024-07-01,9894
2367,燿華,56,26,30,元大-桃興,2024-07-01,9894
5009,榮剛,30,0,30,元大-桃興,2024-07-01,9894
00795B,中信美國公債20年,30,0,30,元大-桃興,2024-07-01,9894
8112,至上,31,2,29,元大-桃興,2024-07-01,9894
2374,佳能,30,3,27,元大-桃興,2024-07-01,9894
2607,榮運,27,0,27,元大-桃興,2024-07-01,9894
5234,達興材料,40,15,25,元大-桃興,2024-07-01,9894
2317,鴻海,63,40,23,元大-桃興,2024-07-01,9894
00946,群益科技高息成長,22,0,22,元大-桃興,2024-07-01,9894
6615,慧智,22,0,22,元大-桃興,2024-07-01,9894
2406,國碩,35,15,20,元大-桃興,2024-07-01,9894
2409,友達,54,34,20,元大-桃興,2024-07-01,9894
8277,商丞,31,11,20,元大-桃興,2024-07-01,9894
1101,台泥,19,0,19,元大-桃興,2024-07-01,9894
2637,慧洋-KY,22,3,19,元大-桃興,2024-07-01,9894
2883,凱基金,19,0,19,元大-桃興,2024-07-01,9894
1513,中興電,38,20,18,元大-桃興,2024-07-01,9894
1303,南亞,17,1,16,元大-桃興,2024-07-01,9894
2354,鴻準,17,1,16,元大-桃興,2024-07-01,9894
2472,立隆電,17,1,16,元大-桃興,2024-07-01,9894
2371,大同,18,2,16,元大-桃興,2024-07-01,9894
3048,益登,32,16,16,元大-桃興,2024-07-01,9894
1514,亞力,18,3,15,元大-桃興,2024-07-01,9894
3017,奇鋐,30,15,15,元大-桃興,2024-07-01,9894
2313,華通,35,20,15,元大-桃興,2024-07-01,9894
2368,金像電,16,1,15,元大-桃興,2024-07-01,9894
1802,台玻,14,0,14,元大-桃興,2024-07-01,9894
3050,鈺德,16,2,14,元大-桃興,2024-07-01,9894
6890,來億-KY,13,0,13,元大-桃興,2024-07-01,9894
2303,聯電,320,12,308,元大-桃興,2024-07-02,9894
00929,復華台灣科技優息,335,80,255,元大-桃興,2024-07-02,9894
00687B,國泰20年美債,223,2,221,元大-桃興,2024-07-02,9894
9105,泰金寶-DR,195,2,193,元大-桃興,2024-07-02,9894
00788B,元大10年IG電能債,189,0,189,元大-桃興,2024-07-02,9894
00934,中信成長高股息,177,6,171,元大-桃興,2024-07-02,9894
00936,台新永續高息中小,107,4,103,元大-桃興,2024-07-02,9894
2317,鴻海,147,46,101,元大-桃興,2024-07-02,9894
0056,元大高股息,93,7,86,元大-桃興,2024-07-02,9894
8112,至上,86,2,84,元大-桃興,2024-07-02,9894
00664R,國泰臺灣加權反1,70,0,70,元大-桃興,2024-07-02,9894
00772B,中信高評級公司債,70,8,62,元大-桃興,2024-07-02,9894
00679B,元大美債20年,81,20,61,元大-桃興,2024-07-02,9894
3535,晶彩科,94,35,59,元大-桃興,2024-07-02,9894
4909,新復興,76,19,57,元大-桃興,2024-07-02,9894
2547,日勝生,50,0,50,元大-桃興,2024-07-02,9894
00946,群益科技高息成長,47,0,47,元大-桃興,2024-07-02,9894
00720B,元大投資級公司債,42,0,42,元大-桃興,2024-07-02,9894
00857B,永豐20年美公債,40,0,40,元大-桃興,2024-07-02,9894
2365,昆盈,103,63,40,元大-桃興,2024-07-02,9894
2609,陽明,58,22,36,元大-桃興,2024-07-02,9894
2603,長榮,35,2,33,元大-桃興,2024-07-02,9894
2382,廣達,33,1,32,元大-桃興,2024-07-02,9894
00795B,中信美國公債20年,32,0,32,元大-桃興,2024-07-02,9894
3209,全科,31,0,31,元大-桃興,2024-07-02,9894
2614,東森,30,0,30,元大-桃興,2024-07-02,9894
2323,中環,31,1,30,元大-桃興,2024-07-02,9894
00919,群益台灣精選高息,40,10,30,元大-桃興,2024-07-02,9894
2324,仁寶,31,2,29,元大-桃興,2024-07-02,9894
2002,中鋼,43,16,27,元大-桃興,2024-07-02,9894
00680L,元大美債20正2,28,1,27,元大-桃興,2024-07-02,9894
5452,佶優,53,27,26,元大-桃興,2024-07-02,9894
00949,復華日本龍頭,26,0,26,元大-桃興,2024-07-02,9894
00948B,中信優息投資級債,24,0,24,元大-桃興,2024-07-02,9894
3702,大聯大,24,1,23,元大-桃興,2024-07-02,9894
6126,信音,23,2,21,元大-桃興,2024-07-02,9894
2406,國碩,88,67,21,元大-桃興,2024-07-02,9894
2390,云辰,17,0,17,元大-桃興,2024-07-02,9894
4906,正文,53,36,17,元大-桃興,2024-07-02,9894
1785,光洋科,19,3,16,元大-桃興,2024-07-02,9894
00944,野村趨勢動能高息,21,5,16,元大-桃興,2024-07-02,9894
1312,國喬,15,0,15,元大-桃興,2024-07-02,9894
1326,台化,23,8,15,元大-桃興,2024-07-02,9894
1301,台塑,17,2,15,元大-桃興,2024-07-02,9894
1783,和康生,15,1,14,元大-桃興,2024-07-02,9894
3441,聯一光,14,0,14,元大-桃興,2024-07-02,9894
6182,合晶,17,3,14,元大-桃興,2024-07-02,9894
2338,光罩,14,0,14,元大-桃興,2024-07-02,9894
6139,亞翔,68,55,13,元大-桃興,2024-07-02,9894
6285,啟��,13,0,13,元大-桃興,2024-07-02,9894
00687B,國泰20年美債,367,8,359,元大-桃興,2024-07-03,9894
00937B,群益ESG投等債20,229,5,224,元大-桃興,2024-07-03,9894
00772B,中信高評級公司債,197,0,197,元大-桃興,2024-07-03,9894
00934,中信成長高股息,139,5,134,元大-桃興,2024-07-03,9894
00706L,期元大S＆P日圓正2,105,0,105,元大-桃興,2024-07-03,9894
2610,華航,148,55,93,元大-桃興,2024-07-03,9894
2303,聯電,111,23,88,元大-桃興,2024-07-03,9894
3005,神基,97,9,88,元大-桃興,2024-07-03,9894
2547,日勝生,70,0,70,元大-桃興,2024-07-03,9894
5452,佶優,77,14,63,元大-桃興,2024-07-03,9894
2354,鴻準,62,1,61,元大-桃興,2024-07-03,9894
3481,群創,85,26,59,元大-桃興,2024-07-03,9894
00632R,元大台灣50反1,78,21,57,元大-桃興,2024-07-03,9894
3576,聯合再生,140,86,54,元大-桃興,2024-07-03,9894
00905,FT臺灣Smart,51,0,51,元大-桃興,2024-07-03,9894
00919,群益台灣精選高息,58,10,48,元大-桃興,2024-07-03,9894
00712,復華富時不動產,47,1,46,元大-桃興,2024-07-03,9894
6443,元晶,102,56,46,元大-桃興,2024-07-03,9894
00680L,元大美債20正2,44,0,44,元大-桃興,2024-07-03,9894
0056,元大高股息,42,2,40,元大-桃興,2024-07-03,9894
3374,精材,41,2,39,元大-桃興,2024-07-03,9894
00679B,元大美債20年,38,1,37,元大-桃興,2024-07-03,9894
6282,康舒,45,9,36,元大-桃興,2024-07-03,9894
2618,長榮航,63,28,35,元大-桃興,2024-07-03,9894
9103,美德醫療-DR,35,0,35,元大-桃興,2024-07-03,9894
2609,陽明,105,70,35,元大-桃興,2024-07-03,9894
6538,倉和,38,3,35,元大-桃興,2024-07-03,9894
00929,復華台灣科技優息,67,34,33,元大-桃興,2024-07-03,9894
00927,群益半導體收益,30,0,30,元大-桃興,2024-07-03,9894
00764B,群益25年美債,30,0,30,元大-桃興,2024-07-03,9894
00918,大華優利高填息30,29,0,29,元大-桃興,2024-07-03,9894
2010,春源,29,0,29,元大-桃興,2024-07-03,9894
5351,鈺創,25,0,25,元大-桃興,2024-07-03,9894
4961,天鈺,28,4,24,元大-桃興,2024-07-03,9894
6244,茂迪,61,37,24,元大-桃興,2024-07-03,9894
2464,盟立,57,33,24,元大-桃興,2024-07-03,9894
2332,友訊,36,13,23,元大-桃興,2024-07-03,9894
6196,帆宣,23,0,23,元大-桃興,2024-07-03,9894
9105,泰金寶-DR,199,176,23,元大-桃興,2024-07-03,9894
2883B,凱基金乙特,21,0,21,元大-桃興,2024-07-03,9894
2401,凌陽,23,2,21,元大-桃興,2024-07-03,9894
2356,英業達,43,22,21,元大-桃興,2024-07-03,9894
4726,永昕,20,0,20,元大-桃興,2024-07-03,9894
00720B,元大投資級公司債,22,2,20,元大-桃興,2024-07-03,9894
4906,正文,40,21,19,元大-桃興,2024-07-03,9894
3047,訊舟,114,95,19,元大-桃興,2024-07-03,9894
6509,聚和,17,0,17,元大-桃興,2024-07-03,9894
2449,京元電子,28,11,17,元大-桃興,2024-07-03,9894
1514,亞力,25,8,17,元大-桃興,2024-07-03,9894
2393,億光,22,6,16,元大-桃興,2024-07-03,9894
00632R,元大台灣50反1,2227,205,2022,元大-桃興,2024-07-04,9894
2618,長榮航,294,18,276,元大-桃興,2024-07-04,9894
00720B,元大投資級公司債,242,1,241,元大-桃興,2024-07-04,9894
00937B,群益ESG投等債20,242,22,220,元大-桃興,2024-07-04,9894
2610,華航,121,10,111,元大-桃興,2024-07-04,9894
2882,國泰金,93,2,91,元大-桃興,2024-07-04,9894
00680L,元大美債20正2,77,17,60,元大-桃興,2024-07-04,9894
00688L,國泰20年美債正2,60,0,60,元大-桃興,2024-07-04,9894
00934,中信成長高股息,79,20,59,元大-桃興,2024-07-04,9894
2324,仁寶,58,1,57,元大-桃興,2024-07-04,9894
2412,中華電,53,0,53,元大-桃興,2024-07-04,9894
1201,味全,50,0,50,元大-桃興,2024-07-04,9894
00919,群益台灣精選高息,60,13,47,元大-桃興,2024-07-04,9894
0056,元大高股息,56,12,44,元大-桃興,2024-07-04,9894
1528,恩德,43,0,43,元大-桃興,2024-07-04,9894
00679B,元大美債20年,58,20,38,元大-桃興,2024-07-04,9894
3047,訊舟,62,25,37,元大-桃興,2024-07-04,9894
2354,鴻準,84,47,37,元大-桃興,2024-07-04,9894
00665L,富邦�琤肭磪囓�2,34,0,34,元大-桃興,2024-07-04,9894
9105,泰金寶-DR,72,39,33,元大-桃興,2024-07-04,9894
1815,富喬,37,5,32,元大-桃興,2024-07-04,9894
00946,群益科技高息成長,40,9,31,元大-桃興,2024-07-04,9894
2886,兆豐金,35,5,30,元大-桃興,2024-07-04,9894
00637L,元大滬深300正2,81,52,29,元大-桃興,2024-07-04,9894
1447,力鵬,30,2,28,元大-桃興,2024-07-04,9894
00929,復華台灣科技優息,73,45,28,元大-桃興,2024-07-04,9894
2605,新興,26,1,25,元大-桃興,2024-07-04,9894
2603,長榮,23,0,23,元大-桃興,2024-07-04,9894
2406,國碩,31,9,22,元大-桃興,2024-07-04,9894
00918,大華優利高填息30,27,6,21,元大-桃興,2024-07-04,9894
2344,華邦電,46,26,20,元大-桃興,2024-07-04,9894
6532,瑞耘,26,6,20,元大-桃興,2024-07-04,9894
3576,聯合再生,68,49,19,元大-桃興,2024-07-04,9894
2349,錸德,32,12,20,元大-桃興,2024-07-04,9894
1802,台玻,20,1,19,元大-桃興,2024-07-04,9894
1409,新纖,20,1,19,元大-桃興,2024-07-04,9894
6274,台燿,21,3,18,元大-桃興,2024-07-04,9894
3167,大量,35,17,18,元大-桃興,2024-07-04,9894
2609,陽明,29,12,17,元大-桃興,2024-07-04,9894
1301,台塑,31,14,17,元大-桃興,2024-07-04,9894
4109,加捷生醫,20,3,17,元大-桃興,2024-07-04,9894
6425,易發,18,1,17,元大-桃興,2024-07-04,9894
3037,欣興,22,6,16,元大-桃興,2024-07-04,9894
3049,精金,17,1,16,元大-桃興,2024-07-04,9894
3303,岱稜,16,0,16,元大-桃興,2024-07-04,9894
2010,春源,16,0,16,元大-桃興,2024-07-04,9894
2615,萬海,28,12,16,元大-桃興,2024-07-04,9894
5347,世界,20,4,16,元大-桃興,2024-07-04,9894
00631L,元大台灣50正2,15,0,15,元大-桃興,2024-07-04,9894
00936,台新永續高息中小,15,0,15,元大-桃興,2024-07-04,9894
00937B,群益ESG投等債20,630,32,598,元大-桃興,2024-07-05,9894
00942B,台新美A公司債20+,310,10,300,元大-桃興,2024-07-05,9894
00934,中信成長高股息,156,0,156,元大-桃興,2024-07-05,9894
2610,華航,164,15,149,元大-桃興,2024-07-05,9894
2609,陽明,160,35,125,元大-桃興,2024-07-05,9894
2605,新興,119,0,119,元大-桃興,2024-07-05,9894
2618,長榮航,143,47,96,元大-桃興,2024-07-05,9894
00637L,元大滬深300正2,151,79,72,元大-桃興,2024-07-05,9894
2349,錸德,78,11,67,元大-桃興,2024-07-05,9894
1783,和康生,61,1,60,元大-桃興,2024-07-05,9894
1734,杏輝,50,0,50,元大-桃興,2024-07-05,9894
00905,FT臺灣Smart,49,1,48,元大-桃興,2024-07-05,9894
4979,華星光,47,3,44,元大-桃興,2024-07-05,9894
3167,大量,42,0,42,元大-桃興,2024-07-05,9894
2312,金寶,61,19,42,元大-桃興,2024-07-05,9894
5880,合庫金,40,0,40,元大-桃興,2024-07-05,9894
00944,野村趨勢動能高息,41,2,39,元大-桃興,2024-07-05,9894
6173,信昌電,39,2,37,元大-桃興,2024-07-05,9894
00633L,富邦上証正2,39,3,36,元大-桃興,2024-07-05,9894
2344,華邦電,33,3,30,元大-桃興,2024-07-05,9894
0056,元大高股息,58,30,28,元大-桃興,2024-07-05,9894
2356,英業達,76,49,27,元大-桃興,2024-07-05,9894
2412,中華電,29,3,26,元大-桃興,2024-07-05,9894
3710,連展投控,26,0,26,元大-桃興,2024-07-05,9894
00720B,元大投資級公司債,26,0,26,元大-桃興,2024-07-05,9894
1514,亞力,42,17,25,元大-桃興,2024-07-05,9894
1609,大亞,27,2,25,元大-桃興,2024-07-05,9894
2547,日勝生,25,0,25,元大-桃興,2024-07-05,9894
3338,泰碩,30,5,25,元大-桃興,2024-07-05,9894
4111,濟生,24,0,24,元大-桃興,2024-07-05,9894
00679B,元大美債20年,48,25,23,元大-桃興,2024-07-05,9894
2301,光寶科,23,0,23,元大-桃興,2024-07-05,9894
2890,永豐金,22,0,22,元大-桃興,2024-07-05,9894
4720,德淵,22,1,21,元大-桃興,2024-07-05,9894
3686,達能,20,0,20,元大-桃興,2024-07-05,9894
2254,巨鎧精密-創,20,0,20,元大-桃興,2024-07-05,9894
1303,南亞,19,0,19,元大-桃興,2024-07-05,9894
1608,華榮,21,2,19,元大-桃興,2024-07-05,9894
2010,春源,20,1,19,元大-桃興,2024-07-05,9894
9103,美德醫療-DR,20,1,19,元大-桃興,2024-07-05,9894
00935,野村臺灣新科技50,20,1,19,元大-桃興,2024-07-05,9894
6274,台燿,21,3,18,元大-桃興,2024-07-05,9894
1536,和大,50,33,17,元大-桃興,2024-07-05,9894
4726,永昕,17,0,17,元大-桃興,2024-07-05,9894
6770,力積電,18,3,15,元大-桃興,2024-07-05,9894
2347,聯強,15,0,15,元大-桃興,2024-07-05,9894
00772B,中信高評級公司債,15,0,15,元大-桃興,2024-07-05,9894
4906,正文,17,2,15,元大-桃興,2024-07-05,9894
6451,訊芯-KY,14,0,14,元大-桃興,2024-07-05,9894
3013,晟銘電,14,0,14,元大-桃興,2024-07-05,9894
00940,元大台灣價值高息,396,233,163,元大-桃興,2024-07-08,9894
2618,長榮航,150,19,131,元大-桃興,2024-07-08,9894
00934,中信成長高股息,113,0,113,元大-桃興,2024-07-08,9894
4549,桓達,99,12,87,元大-桃興,2024-07-08,9894
00679B,元大美債20年,103,38,65,元大-桃興,2024-07-08,9894
00632R,元大台灣50反1,313,249,64,元大-桃興,2024-07-08,9894
2363,矽統,133,75,58,元大-桃興,2024-07-08,9894
00712,復華富時不動產,53,0,53,元大-桃興,2024-07-08,9894
8064,東捷,74,26,48,元大-桃興,2024-07-08,9894
6207,雷科,49,8,41,元大-桃興,2024-07-08,9894
6695,芯鼎,40,0,40,元大-桃興,2024-07-08,9894
8028,昇陽半導體,53,19,34,元大-桃興,2024-07-08,9894
1718,中纖,55,22,33,元大-桃興,2024-07-08,9894
2603,長榮,38,7,31,元大-桃興,2024-07-08,9894
8092,建暐,30,0,30,元大-桃興,2024-07-08,9894
4167,松瑞藥,26,0,26,元大-桃興,2024-07-08,9894
00927,群益半導體收益,26,0,26,元大-桃興,2024-07-08,9894
5452,佶優,40,14,26,元大-桃興,2024-07-08,9894
4979,華星光,26,1,25,元大-桃興,2024-07-08,9894
4533,協易機,26,1,25,元大-桃興,2024-07-08,9894
2365,昆盈,185,160,25,元大-桃興,2024-07-08,9894
00751B,元大AAA至A公司債,25,1,24,元大-桃興,2024-07-08,9894
00688L,國泰20年美債正2,30,6,24,元大-桃興,2024-07-08,9894
1522,堤維西,28,4,24,元大-桃興,2024-07-08,9894
2010,春源,24,0,24,元大-桃興,2024-07-08,9894
3535,晶彩科,37,14,23,元大-桃興,2024-07-08,9894
2324,仁寶,27,4,23,元大-桃興,2024-07-08,9894
6525,捷敏-KY,27,5,22,元大-桃興,2024-07-08,9894
6153,嘉聯益,59,37,22,元大-桃興,2024-07-08,9894
4562,穎漢,28,8,20,元大-桃興,2024-07-08,9894
00665L,富邦�琤肭磪囓�2,20,0,20,元大-桃興,2024-07-08,9894
3048,益登,31,11,20,元大-桃興,2024-07-08,9894
2031,新光鋼,20,0,20,元大-桃興,2024-07-08,9894
2609,陽明,93,73,20,元大-桃興,2024-07-08,9894
6213,聯茂,21,2,19,元大-桃興,2024-07-08,9894
2417,圓剛,22,4,18,元大-桃興,2024-07-08,9894
1409,新纖,23,5,18,元大-桃興,2024-07-08,9894
2412,中華電,18,0,18,元大-桃興,2024-07-08,9894
2605,新興,17,0,17,元大-桃興,2024-07-08,9894
2371,大同,21,5,16,元大-桃興,2024-07-08,9894
1528,恩德,19,3,16,元大-桃興,2024-07-08,9894
3062,建漢,26,11,15,元大-桃興,2024-07-08,9894
2316,楠梓電,16,1,15,元大-桃興,2024-07-08,9894
6712,長聖,15,0,15,元大-桃興,2024-07-08,9894
2025,千興,14,0,14,元大-桃興,2024-07-08,9894
8021,尖點,16,2,14,元大-桃興,2024-07-08,9894
5443,均豪,47,34,13,元大-桃興,2024-07-08,9894
1101,台泥,16,3,13,元大-桃興,2024-07-08,9894
00936,台新永續高息中小,16,3,13,元大-桃興,2024-07-08,9894
00882,中信中國高股息,15,2,13,元大-桃興,2024-07-08,9894
2312,金寶,281,60,221,元大-桃興,2024-07-09,9894
9105,泰金寶-DR,338,149,189,元大-桃興,2024-07-09,9894
6191,精成科,71,0,71,元大-桃興,2024-07-09,9894
2002,中鋼,71,1,70,元大-桃興,2024-07-09,9894
2547,日勝生,66,2,64,元大-桃興,2024-07-09,9894
2405,輔信,122,59,63,元大-桃興,2024-07-09,9894
00936,台新永續高息中小,74,11,63,元大-桃興,2024-07-09,9894
4743,合一,61,1,60,元大-桃興,2024-07-09,9894
2353,宏��,77,18,59,元大-桃興,2024-07-09,9894
00934,中信成長高股息,70,13,57,元大-桃興,2024-07-09,9894
2317,鴻海,130,75,55,元大-桃興,2024-07-09,9894
3481,群創,60,10,50,元大-桃興,2024-07-09,9894
2367,燿華,187,138,49,元大-桃興,2024-07-09,9894
00720B,元大投資級公司債,45,1,44,元大-桃興,2024-07-09,9894
6213,聯茂,50,7,43,元大-桃興,2024-07-09,9894
00905,FT臺灣Smart,43,2,41,元大-桃興,2024-07-09,9894
3535,晶彩科,48,10,38,元大-桃興,2024-07-09,9894
8096,擎亞,43,6,37,元大-桃興,2024-07-09,9894
1815,富喬,45,11,34,元大-桃興,2024-07-09,9894
3673,TPK-KY,108,74,34,元大-桃興,2024-07-09,9894
0056,元大高股息,40,6,34,元大-桃興,2024-07-09,9894
5272,笙科,34,1,33,元大-桃興,2024-07-09,9894
4510,高鋒,33,1,32,元大-桃興,2024-07-09,9894
00712,復華富時不動產,37,7,30,元大-桃興,2024-07-09,9894
6695,芯鼎,30,0,30,元大-桃興,2024-07-09,9894
3374,精材,53,23,30,元大-桃興,2024-07-09,9894
5452,佶優,36,8,28,元大-桃興,2024-07-09,9894
2010,春源,27,0,27,元大-桃興,2024-07-09,9894
3047,訊舟,153,126,27,元大-桃興,2024-07-09,9894
2337,旺宏,36,10,26,元大-桃興,2024-07-09,9894
1718,中纖,26,2,24,元大-桃興,2024-07-09,9894
5302,太欣,23,0,23,元大-桃興,2024-07-09,9894
2376,技嘉,35,12,23,元大-桃興,2024-07-09,9894
00942B,台新美A公司債20+,25,2,23,元大-桃興,2024-07-09,9894
2356,英業達,44,22,22,元大-桃興,2024-07-09,9894
3715,定穎投控,29,7,22,元大-桃興,2024-07-09,9894
2605,新興,24,2,22,元大-桃興,2024-07-09,9894
2390,云辰,22,0,22,元大-桃興,2024-07-09,9894
4726,永昕,35,14,21,元大-桃興,2024-07-09,9894
00878,國泰永續高股息,25,4,21,元大-桃興,2024-07-09,9894
6164,華興,21,0,21,元大-桃興,2024-07-09,9894
2929,淘帝-KY,21,0,21,元大-桃興,2024-07-09,9894
2352,佳世達,22,1,21,元大-桃興,2024-07-09,9894
00881,國泰台灣5G+,21,1,20,元大-桃興,2024-07-09,9894
3567,逸昌,20,0,20,元大-桃興,2024-07-09,9894
2349,錸德,90,71,19,元大-桃興,2024-07-09,9894
4949,有成精密,19,0,19,元大-桃興,2024-07-09,9894
2634,漢翔,18,0,18,元大-桃興,2024-07-09,9894
2609,陽明,79,62,17,元大-桃興,2024-07-09,9894
2610,華航,34,17,17,元大-桃興,2024-07-09,9894
00725B,國泰投資級公司債,162,0,162,元大-桃興,2024-07-10,9894
00929,復華台灣科技優息,135,7,128,元大-桃興,2024-07-10,9894
8358,金居,134,13,121,元大-桃興,2024-07-10,9894
00679B,元大美債20年,98,0,98,元大-桃興,2024-07-10,9894
8112,至上,87,1,86,元大-桃興,2024-07-10,9894
00632R,元大台灣50反1,96,21,75,元大-桃興,2024-07-10,9894
1802,台玻,66,3,63,元大-桃興,2024-07-10,9894
2464,盟立,109,59,50,元大-桃興,2024-07-10,9894
8105,凌巨,57,9,48,元大-桃興,2024-07-10,9894
2392,正崴,81,36,45,元大-桃興,2024-07-10,9894
1536,和大,77,35,42,元大-桃興,2024-07-10,9894
00715L,期街口布蘭特正2,40,0,40,元大-桃興,2024-07-10,9894
2353,宏��,138,100,38,元大-桃興,2024-07-10,9894
00919,群益台灣精選高息,36,2,34,元大-桃興,2024-07-10,9894
3706,神達,34,0,34,元大-桃興,2024-07-10,9894
2363,矽統,90,56,34,元大-桃興,2024-07-10,9894
2317,鴻海,61,27,34,元大-桃興,2024-07-10,9894
5356,協益,31,2,29,元大-桃興,2024-07-10,9894
00905,FT臺灣Smart,30,2,28,元大-桃興,2024-07-10,9894
5309,系統電,54,28,26,元大-桃興,2024-07-10,9894
00927,群益半導體收益,25,0,25,元大-桃興,2024-07-10,9894
5443,均豪,32,9,23,元大-桃興,2024-07-10,9894
9105,泰金寶-DR,87,64,23,元大-桃興,2024-07-10,9894
2405,輔信,46,24,22,元大-桃興,2024-07-10,9894
00687B,國泰20年美債,23,0,23,元大-桃興,2024-07-10,9894
00680L,元大美債20正2,22,0,22,元大-桃興,2024-07-10,9894
2352,佳世達,22,0,22,元大-桃興,2024-07-10,9894
5876,上海商銀,21,0,21,元大-桃興,2024-07-10,9894
1102,亞泥,21,0,21,元大-桃興,2024-07-10,9894
3550,聯穎,20,0,20,元大-桃興,2024-07-10,9894
6443,元晶,23,3,20,元大-桃興,2024-07-10,9894
2633,台灣高鐵,20,0,20,元大-桃興,2024-07-10,9894
4949,有成精密,18,0,18,元大-桃興,2024-07-10,9894
00881,國泰台灣5G+,18,0,18,元大-桃興,2024-07-10,9894
2301,光寶科,32,14,18,元大-桃興,2024-07-10,9894
2615,萬海,54,36,18,元大-桃興,2024-07-10,9894
3576,聯合再生,21,5,16,元大-桃興,2024-07-10,9894
2618,長榮航,45,29,16,元大-桃興,2024-07-10,9894
3712,永崴投控,26,10,16,元大-桃興,2024-07-10,9894
6182,合晶,16,0,16,元大-桃興,2024-07-10,9894
00949,復華日本龍頭,15,0,15,元大-桃興,2024-07-10,9894
00936,台新永續高息中小,18,3,15,元大-桃興,2024-07-10,9894
5347,世界,14,0,14,元大-桃興,2024-07-10,9894
4533,協易機,14,0,14,元大-桃興,2024-07-10,9894
1514,亞力,85,72,13,元大-桃興,2024-07-10,9894
2002,中鋼,13,0,13,元大-桃興,2024-07-10,9894
2332,友訊,13,0,13,元大-桃興,2024-07-10,9894
2489,瑞軒,44,31,13,元大-桃興,2024-07-10,9894
1809,中釉,20,8,12,元大-桃興,2024-07-10,9894
3037,欣興,13,1,12,元大-桃興,2024-07-10,9894
00712,復華富時不動產,493,27,466,元大-桃興,2024-07-11,9894
2888,新光金,496,253,243,元大-桃興,2024-07-11,9894
3576,聯合再生,162,30,132,元大-桃興,2024-07-11,9894
00706L,期元大S＆P日圓正2,100,0,100,元大-桃興,2024-07-11,9894
1785,光洋科,101,12,89,元大-桃興,2024-07-11,9894
6116,彩晶,83,2,81,元大-桃興,2024-07-11,9894
00688L,國泰20年美債正2,80,0,80,元大-桃興,2024-07-11,9894
2618,長榮航,82,8,74,元大-桃興,2024-07-11,9894
4979,華星光,67,0,67,元大-桃興,2024-07-11,9894
00679B,元大美債20年,54,0,54,元大-桃興,2024-07-11,9894
00936,台新永續高息中小,55,12,43,元大-桃興,2024-07-11,9894
00934,中信成長高股息,77,35,42,元大-桃興,2024-07-11,9894
8039,台虹,40,0,40,元大-桃興,2024-07-11,9894
00665L,富邦�琤肭磪囓�2,40,1,39,元大-桃興,2024-07-11,9894
2449,京元電子,43,5,38,元大-桃興,2024-07-11,9894
00942B,台新美A公司債20+,35,0,35,元大-桃興,2024-07-11,9894
00937B,群益ESG投等債20,39,5,34,元大-桃興,2024-07-11,9894
2607,榮運,35,1,34,元大-桃興,2024-07-11,9894
6125,廣運,36,3,33,元大-桃興,2024-07-11,9894
5272,笙科,44,12,32,元大-桃興,2024-07-11,9894
2605,新興,33,2,31,元大-桃興,2024-07-11,9894
00715L,期街口布蘭特正2,31,0,31,元大-桃興,2024-07-11,9894
00751B,元大AAA至A公司債,30,0,30,元大-桃興,2024-07-11,9894
5530,龍巖,30,0,30,元大-桃興,2024-07-11,9894
6530,創威,36,8,28,元大-桃興,2024-07-11,9894
2316,楠梓電,27,0,27,元大-桃興,2024-07-11,9894
00725B,國泰投資級公司債,25,0,25,元大-桃興,2024-07-11,9894
3036,文曄,25,0,25,元大-桃興,2024-07-11,9894
2506,太設,24,0,24,元大-桃興,2024-07-11,9894
2317,鴻海,67,43,24,元大-桃興,2024-07-11,9894
2897,王道銀行,23,0,23,元大-桃興,2024-07-11,9894
1524,耿鼎,26,3,23,元大-桃興,2024-07-11,9894
4716,大立,25,2,23,元大-桃興,2024-07-11,9894
00687B,國泰20年美債,25,3,22,元大-桃興,2024-07-11,9894
2301,光寶科,25,4,21,元大-桃興,2024-07-11,9894
4903,聯光通,23,2,21,元大-桃興,2024-07-11,9894
1809,中釉,21,2,19,元大-桃興,2024-07-11,9894
2365,昆盈,122,104,18,元大-桃興,2024-07-11,9894
00927,群益半導體收益,18,0,18,元大-桃興,2024-07-11,9894
2442,新美齊,21,3,18,元大-桃興,2024-07-11,9894
3714,富采,19,1,18,元大-桃興,2024-07-11,9894
3324,雙鴻,35,17,18,元大-桃興,2024-07-11,9894
1795,美時,20,3,17,元大-桃興,2024-07-11,9894
2405,輔信,26,9,17,元大-桃興,2024-07-11,9894
6218,豪勉,24,7,17,元大-桃興,2024-07-11,9894
00946,群益科技高息成長,47,30,17,元大-桃興,2024-07-11,9894
2477,美隆電,20,3,17,元大-桃興,2024-07-11,9894
2374,佳能,17,0,17,元大-桃興,2024-07-11,9894
3305,昇貿,16,0,16,元大-桃興,2024-07-11,9894
2891,中信金,20,4,16,元大-桃興,2024-07-11,9894
00929,復華台灣科技優息,381,27,354,元大-桃興,2024-07-12,9894
00680L,元大美債20正2,258,4,254,元大-桃興,2024-07-12,9894
2867,三商壽,271,30,241,元大-桃興,2024-07-12,9894
00919,群益台灣精選高息,237,16,221,元大-桃興,2024-07-12,9894
00934,中信成長高股息,180,0,180,元大-桃興,2024-07-12,9894
2317,鴻海,161,20,141,元大-桃興,2024-07-12,9894
00941,中信上游半導體,109,0,109,元大-桃興,2024-07-12,9894
2303,聯電,107,12,95,元大-桃興,2024-07-12,9894
2607,榮運,83,0,83,元大-桃興,2024-07-12,9894
00905,FT臺灣Smart,110,38,72,元大-桃興,2024-07-12,9894
00927,群益半導體收益,72,1,71,元大-桃興,2024-07-12,9894
2888,新光金,150,79,71,元大-桃興,2024-07-12,9894
2312,金寶,358,290,68,元大-桃興,2024-07-12,9894
1316,上曜,71,11,60,元大-桃興,2024-07-12,9894
2349,錸德,58,0,58,元大-桃興,2024-07-12,9894
00946,群益科技高息成長,74,18,56,元大-桃興,2024-07-12,9894
00942B,台新美A公司債20+,52,0,52,元大-桃興,2024-07-12,9894
00673R,期元大S＆P原油反1,50,0,50,元大-桃興,2024-07-12,9894
5202,力新,71,25,46,元大-桃興,2024-07-12,9894
2330,台積電,51,10,41,元大-桃興,2024-07-12,9894
3047,訊舟,39,1,38,元大-桃興,2024-07-12,9894
2417,圓剛,36,2,34,元大-桃興,2024-07-12,9894
00891,中信關鍵半導體,34,1,33,元大-桃興,2024-07-12,9894
5530,龍巖,32,0,32,元大-桃興,2024-07-12,9894
3374,精材,35,3,32,元大-桃興,2024-07-12,9894
2610,華航,40,12,28,元大-桃興,2024-07-12,9894
3576,聯合再生,40,13,27,元大-桃興,2024-07-12,9894
00679B,元大美債20年,68,43,25,元大-桃興,2024-07-12,9894
2313,華通,44,19,25,元大-桃興,2024-07-12,9894
2363,矽統,44,20,24,元大-桃興,2024-07-12,9894
1101,台泥,30,6,24,元大-桃興,2024-07-12,9894
00857B,永豐20年美公債,20,0,20,元大-桃興,2024-07-12,9894
00640L,富邦日本正2,21,1,20,元大-桃興,2024-07-12,9894
2881,富邦金,26,8,18,元大-桃興,2024-07-12,9894
3217,優群,18,0,18,元大-桃興,2024-07-12,9894
00895,富邦未來車,20,2,18,元大-桃興,2024-07-12,9894
4960,誠美材,23,6,17,元大-桃興,2024-07-12,9894
00757,統一FANG+,18,1,17,元大-桃興,2024-07-12,9894
00949,復華日本龍頭,21,4,17,元大-桃興,2024-07-12,9894
2405,輔信,49,33,16,元大-桃興,2024-07-12,9894
1305,華夏,18,2,16,元大-桃興,2024-07-12,9894
2609,陽明,59,43,16,元大-桃興,2024-07-12,9894
3711,日月光投控,17,1,16,元大-桃興,2024-07-12,9894
00881,國泰台灣5G+,48,33,15,元大-桃興,2024-07-12,9894
5439,高技,19,4,15,元大-桃興,2024-07-12,9894
1514,亞力,36,21,15,元大-桃興,2024-07-12,9894
8383,千附,15,0,15,元大-桃興,2024-07-12,9894
2801,彰銀,15,1,14,元大-桃興,2024-07-12,9894
00939,統一台灣高息動能,14,0,14,元大-桃興,2024-07-12,9894
00937B,群益ESG投等債20,37,23,14,元大-桃興,2024-07-12,9894
00937B,群益ESG投等債20,1673,1,1672,元大-桃興,2024-07-15,9894
1608,華榮,243,37,206,元大-桃興,2024-07-15,9894
00934,中信成長高股息,193,0,193,元大-桃興,2024-07-15,9894
00929,復華台灣科技優息,205,73,132,元大-桃興,2024-07-15,9894
2365,昆盈,187,71,116,元大-桃興,2024-07-15,9894
2891,中信金,133,20,113,元大-桃興,2024-07-15,9894
00919,群益台灣精選高息,118,12,106,元大-桃興,2024-07-15,9894
6116,彩晶,101,12,89,元大-桃興,2024-07-15,9894
2324,仁寶,69,1,68,元大-桃興,2024-07-15,9894
2312,金寶,199,131,68,元大-桃興,2024-07-15,9894
00753L,中信中國50正2,85,20,65,元大-桃興,2024-07-15,9894
0056,元大高股息,66,1,65,元大-桃興,2024-07-15,9894
9945,潤泰新,64,3,61,元大-桃興,2024-07-15,9894
2356,英業達,117,63,54,元大-桃興,2024-07-15,9894
5452,佶優,52,1,51,元大-桃興,2024-07-15,9894
9105,泰金寶-DR,101,53,48,元大-桃興,2024-07-15,9894
00680L,元大美債20正2,43,0,43,元大-桃興,2024-07-15,9894
6770,力積電,43,2,41,元大-桃興,2024-07-15,9894
2888,新光金,101,64,37,元大-桃興,2024-07-15,9894
3481,群創,100,63,37,元大-桃興,2024-07-15,9894
2489,瑞軒,136,101,35,元大-桃興,2024-07-15,9894
8105,凌巨,44,9,35,元大-桃興,2024-07-15,9894
2603,長榮,41,8,33,元大-桃興,2024-07-15,9894
00720B,元大投資級公司債,33,1,32,元大-桃興,2024-07-15,9894
5272,笙科,32,0,32,元大-桃興,2024-07-15,9894
2409,友達,38,7,31,元大-桃興,2024-07-15,9894
4714,永捷,40,10,30,元大-桃興,2024-07-15,9894
2801,彰銀,30,0,30,元大-桃興,2024-07-15,9894
4720,德淵,29,0,29,元大-桃興,2024-07-15,9894
5309,系統電,54,25,29,元大-桃興,2024-07-15,9894
2610,華航,33,6,27,元大-桃興,2024-07-15,9894
2402,毅嘉,27,2,25,元大-桃興,2024-07-15,9894
8107,大億金茂,25,0,25,元大-桃興,2024-07-15,9894
2884,玉山金,25,0,25,元大-桃興,2024-07-15,9894
1815,富喬,24,1,23,元大-桃興,2024-07-15,9894
6133,金橋,23,2,21,元大-桃興,2024-07-15,9894
2834,臺企銀,21,1,20,元大-桃興,2024-07-15,9894
00927,群益半導體收益,33,13,20,元大-桃興,2024-07-15,9894
2605,新興,21,1,20,元大-桃興,2024-07-15,9894
2355,敬鵬,24,4,20,元大-桃興,2024-07-15,9894
2855,統一證,20,0,20,元大-桃興,2024-07-15,9894
00905,FT臺灣Smart,32,12,20,元大-桃興,2024-07-15,9894
2618,長榮航,32,12,20,元大-桃興,2024-07-15,9894
6005,群益證,19,0,19,元大-桃興,2024-07-15,9894
1609,大亞,38,20,18,元大-桃興,2024-07-15,9894
2449,京元電子,25,8,17,元大-桃興,2024-07-15,9894
2313,華通,24,7,17,元大-桃興,2024-07-15,9894
5328,華容,19,3,16,元大-桃興,2024-07-15,9894
2382,廣達,17,1,16,元大-桃興,2024-07-15,9894
2881,富邦金,16,1,15,元大-桃興,2024-07-15,9894
00929,復華台灣科技優息,389,37,352,元大-桃興,2024-07-16,9894
00937B,群益ESG投等債20,271,24,247,元大-桃興,2024-07-16,9894
00905,FT臺灣Smart,148,0,148,元大-桃興,2024-07-16,9894
8358,金居,139,22,117,元大-桃興,2024-07-16,9894
1612,宏泰,107,0,107,元大-桃興,2024-07-16,9894
2312,金寶,156,75,81,元大-桃興,2024-07-16,9894
9105,泰金寶-DR,114,43,71,元大-桃興,2024-07-16,9894
00933B,國泰10Y+金融債,69,0,69,元大-桃興,2024-07-16,9894
00632R,元大台灣50反1,110,59,51,元大-桃興,2024-07-16,9894
00919,群益台灣精選高息,65,14,51,元大-桃興,2024-07-16,9894
4726,永昕,50,0,50,元大-桃興,2024-07-16,9894
1608,華榮,64,22,42,元大-桃興,2024-07-16,9894
2618,長榮航,50,11,39,元大-桃興,2024-07-16,9894
3481,群創,39,2,37,元大-桃興,2024-07-16,9894
00679B,元大美債20年,58,24,34,元大-桃興,2024-07-16,9894
4714,永捷,33,0,33,元大-桃興,2024-07-16,9894
2303,聯電,38,6,32,元大-桃興,2024-07-16,9894
2891,中信金,35,3,32,元大-桃興,2024-07-16,9894
4956,光鋐,52,22,30,元大-桃興,2024-07-16,9894
2317,鴻海,59,31,28,元大-桃興,2024-07-16,9894
2610,華航,30,2,28,元大-桃興,2024-07-16,9894
00934,中信成長高股息,53,25,28,元大-桃興,2024-07-16,9894
00882,中信中國高股息,28,1,27,元大-桃興,2024-07-16,9894
00949,復華日本龍頭,27,0,27,元大-桃興,2024-07-16,9894
00664R,國泰臺灣加權反1,25,0,25,元大-桃興,2024-07-16,9894
2515,中工,26,2,24,元大-桃興,2024-07-16,9894
00665L,富邦�琤肭磪囓�2,33,9,24,元大-桃興,2024-07-16,9894
1326,台化,22,0,22,元大-桃興,2024-07-16,9894
6213,聯茂,22,0,22,元大-桃興,2024-07-16,9894
00680L,元大美債20正2,22,0,22,元大-桃興,2024-07-16,9894
2634,漢翔,21,0,21,元大-桃興,2024-07-16,9894
4909,新復興,34,13,21,元大-桃興,2024-07-16,9894
2399,映泰,20,0,20,元大-桃興,2024-07-16,9894
2609,陽明,50,30,20,元大-桃興,2024-07-16,9894
6462,神盾,28,10,18,元大-桃興,2024-07-16,9894
8011,台通,29,12,17,元大-桃興,2024-07-16,9894
3032,偉訓,17,0,17,元大-桃興,2024-07-16,9894
2356,英業達,36,20,16,元大-桃興,2024-07-16,9894
1513,中興電,31,14,17,元大-桃興,2024-07-16,9894
5443,均豪,39,23,16,元大-桃興,2024-07-16,9894
2913,農林,16,1,15,元大-桃興,2024-07-16,9894
2801,彰銀,15,0,15,元大-桃興,2024-07-16,9894
00753L,中信中國50正2,60,45,15,元大-桃興,2024-07-16,9894
2385,群光,15,0,15,元大-桃興,2024-07-16,9894
2636,台驊控股,15,1,14,元大-桃興,2024-07-16,9894
00936,台新永續高息中小,16,2,14,元大-桃興,2024-07-16,9894
3028,增你強,14,0,14,元大-桃興,2024-07-16,9894
2427,三商電,14,0,14,元大-桃興,2024-07-16,9894
00687B,國泰20年美債,24,10,14,元大-桃興,2024-07-16,9894
3715,定穎投控,13,0,13,元大-桃興,2024-07-16,9894
00679B,元大美債20年,262,42,220,元大-桃興,2024-07-17,9894
00927,群益半導體收益,219,0,219,元大-桃興,2024-07-17,9894
00919,群益台灣精選高息,151,19,132,元大-桃興,2024-07-17,9894
2867,三商壽,123,10,113,元大-桃興,2024-07-17,9894
2344,華邦電,107,1,106,元大-桃興,2024-07-17,9894
6770,力積電,102,16,86,元大-桃興,2024-07-17,9894
00949,復華日本龍頭,85,1,84,元大-桃興,2024-07-17,9894
00936,台新永續高息中小,75,0,75,元大-桃興,2024-07-17,9894
1802,台玻,75,1,74,元大-桃興,2024-07-17,9894
4566,時碩工業,80,7,73,元大-桃興,2024-07-17,9894
0056,元大高股息,71,2,69,元大-桃興,2024-07-17,9894
3231,緯創,87,18,69,元大-桃興,2024-07-17,9894
00940,元大台灣價值高息,216,154,62,元大-桃興,2024-07-17,9894
9105,泰金寶-DR,120,68,52,元大-桃興,2024-07-17,9894
00946,群益科技高息成長,48,2,46,元大-桃興,2024-07-17,9894
00905,FT臺灣Smart,45,3,42,元大-桃興,2024-07-17,9894
4906,正文,51,13,38,元大-桃興,2024-07-17,9894
2489,瑞軒,75,39,36,元大-桃興,2024-07-17,9894
2609,陽明,93,57,36,元大-桃興,2024-07-17,9894
2376,技嘉,35,3,32,元大-桃興,2024-07-17,9894
6196,帆宣,32,0,32,元大-桃興,2024-07-17,9894
3202,樺晟,32,0,32,元大-桃興,2024-07-17,9894
2382,廣達,36,4,32,元大-桃興,2024-07-17,9894
4714,永捷,31,1,30,元大-桃興,2024-07-17,9894
00878,國泰永續高股息,29,0,29,元大-桃興,2024-07-17,9894
2537,聯上發,103,74,29,元大-桃興,2024-07-17,9894
00948B,中信優息投資級債,29,0,29,元大-桃興,2024-07-17,9894
1808,潤隆,29,1,28,元大-桃興,2024-07-17,9894
2009,第一銅,30,2,28,元大-桃興,2024-07-17,9894
00918,大華優利高填息30,26,0,26,元大-桃興,2024-07-17,9894
3596,智易,25,1,24,元大-桃興,2024-07-17,9894
2515,中工,51,27,24,元大-桃興,2024-07-17,9894
2891,中信金,26,2,24,元大-桃興,2024-07-17,9894
8105,凌巨,56,35,21,元大-桃興,2024-07-17,9894
2605,新興,23,3,20,元大-桃興,2024-07-17,9894
2301,光寶科,21,1,20,元大-桃興,2024-07-17,9894
00753L,中信中國50正2,60,40,20,元大-桃興,2024-07-17,9894
2208,台船,20,0,20,元大-桃興,2024-07-17,9894
4967,十銓,24,4,20,元大-桃興,2024-07-17,9894
2449,京元電子,25,5,20,元大-桃興,2024-07-17,9894
2330,台積電,28,9,19,元大-桃興,2024-07-17,9894
6173,信昌電,21,2,19,元大-桃興,2024-07-17,9894
2029,盛餘,19,0,19,元大-桃興,2024-07-17,9894
2353,宏��,20,2,18,元大-桃興,2024-07-17,9894
3450,聯鈞,39,21,18,元大-桃興,2024-07-17,9894
4526,東台,18,0,18,元大-桃興,2024-07-17,9894
5272,笙科,45,27,18,元大-桃興,2024-07-17,9894
00922,國泰台灣領袖50,17,0,17,元大-桃興,2024-07-17,9894
2883,凱基金,21,5,16,元大-桃興,2024-07-17,9894
2888,新光金,37,21,16,元大-桃興,2024-07-17,9894
00929,復華台灣科技優息,406,65,341,元大-桃興,2024-07-18,9894
2610,華航,141,2,139,元大-桃興,2024-07-18,9894
00919,群益台灣精選高息,196,65,131,元大-桃興,2024-07-18,9894
2365,昆盈,281,155,126,元大-桃興,2024-07-18,9894
2356,英業達,138,15,123,元大-桃興,2024-07-18,9894
2344,華邦電,124,5,119,元大-桃興,2024-07-18,9894
00937B,群益ESG投等債20,173,61,112,元大-桃興,2024-07-18,9894
00934,中信成長高股息,124,25,99,元大-桃興,2024-07-18,9894
00946,群益科技高息成長,142,50,92,元大-桃興,2024-07-18,9894
3564,其陽,94,6,88,元大-桃興,2024-07-18,9894
2867,三商壽,82,0,82,元大-桃興,2024-07-18,9894
00927,群益半導體收益,78,2,76,元大-桃興,2024-07-18,9894
1447,力鵬,78,3,75,元大-桃興,2024-07-18,9894
0056,元大高股息,85,18,67,元大-桃興,2024-07-18,9894
2317,鴻海,122,60,62,元大-桃興,2024-07-18,9894
00945B,凱基美國非投等債,62,0,62,元大-桃興,2024-07-18,9894
00715L,期街口布蘭特正2,63,2,61,元大-桃興,2024-07-18,9894
1718,中纖,73,13,60,元大-桃興,2024-07-18,9894
00878,國泰永續高股息,78,20,58,元大-桃興,2024-07-18,9894
6770,力積電,90,36,54,元大-桃興,2024-07-18,9894
2362,藍天,103,50,53,元大-桃興,2024-07-18,9894
00679B,元大美債20年,54,4,50,元大-桃興,2024-07-18,9894
3231,緯創,49,3,46,元大-桃興,2024-07-18,9894
6695,芯鼎,50,5,45,元大-桃興,2024-07-18,9894
00923,群益台ESG低碳50,41,1,40,元大-桃興,2024-07-18,9894
9105,泰金寶-DR,58,20,38,元大-桃興,2024-07-18,9894
3037,欣興,210,172,38,元大-桃興,2024-07-18,9894
00936,台新永續高息中小,33,0,33,元大-桃興,2024-07-18,9894
2382,廣達,39,7,32,元大-桃興,2024-07-18,9894
2303,聯電,48,18,30,元大-桃興,2024-07-18,9894
4306,炎洲,28,0,28,元大-桃興,2024-07-18,9894
2330,台積電,43,16,27,元大-桃興,2024-07-18,9894
00640L,富邦日本正2,26,0,26,元大-桃興,2024-07-18,9894
6191,精成科,25,1,24,元大-桃興,2024-07-18,9894
3062,建漢,25,2,23,元大-桃興,2024-07-18,9894
3297,杭特,29,7,22,元大-桃興,2024-07-18,9894
2891,中信金,35,13,22,元大-桃興,2024-07-18,9894
00733,富邦臺灣中小,22,0,22,元大-桃興,2024-07-18,9894
1815,富喬,31,10,21,元大-桃興,2024-07-18,9894
3032,偉訓,20,0,20,元大-桃興,2024-07-18,9894
3031,佰鴻,20,0,20,元大-桃興,2024-07-18,9894
2889,國票金,20,0,20,元大-桃興,2024-07-18,9894
2637,慧洋-KY,20,0,20,元大-桃興,2024-07-18,9894
00905,FT臺灣Smart,37,18,19,元大-桃興,2024-07-18,9894
00687B,國泰20年美債,34,15,19,元大-桃興,2024-07-18,9894
00680L,元大美債20正2,49,30,19,元大-桃興,2024-07-18,9894
00881,國泰台灣5G+,20,1,19,元大-桃興,2024-07-18,9894
2834,臺企銀,25,7,18,元大-桃興,2024-07-18,9894
1611,中電,28,10,18,元大-桃興,2024-07-18,9894
5272,笙科,17,0,17,元大-桃興,2024-07-18,9894
00937B,群益ESG投等債20,440,132,308,元大-桃興,2024-07-19,9894
00632R,元大台灣50反1,452,155,297,元大-桃興,2024-07-19,9894
00929,復華台灣科技優息,281,21,260,元大-桃興,2024-07-19,9894
2881,富邦金,232,10,222,元大-桃興,2024-07-19,9894
00946,群益科技高息成長,230,61,169,元大-桃興,2024-07-19,9894
00919,群益台灣精選高息,197,64,133,元大-桃興,2024-07-19,9894
2610,華航,133,2,131,元大-桃興,2024-07-19,9894
00878,國泰永續高股息,115,30,85,元大-桃興,2024-07-19,9894
3481,群創,145,74,71,元大-桃興,2024-07-19,9894
9105,泰金寶-DR,102,31,71,元大-桃興,2024-07-19,9894
2365,昆盈,182,113,69,元大-桃興,2024-07-19,9894
3490,單井,62,0,62,元大-桃興,2024-07-19,9894
4714,永捷,70,8,62,元大-桃興,2024-07-19,9894
2834,臺企銀,60,0,60,元大-桃興,2024-07-19,9894
5009,榮剛,60,0,60,元大-桃興,2024-07-19,9894
2330,台積電,75,16,59,元大-桃興,2024-07-19,9894
0056,元大高股息,98,44,54,元大-桃興,2024-07-19,9894
2356,英業達,53,6,47,元大-桃興,2024-07-19,9894
2891,中信金,52,5,47,元大-桃興,2024-07-19,9894
00905,FT臺灣Smart,46,0,46,元大-桃興,2024-07-19,9894
6116,彩晶,46,0,46,元大-桃興,2024-07-19,9894
00923,群益台ESG低碳50,46,0,46,元大-桃興,2024-07-19,9894
00753L,中信中國50正2,54,10,44,元大-桃興,2024-07-19,9894
2442,新美齊,40,0,40,元大-桃興,2024-07-19,9894
2337,旺宏,39,0,39,元大-桃興,2024-07-19,9894
1312,國喬,37,0,37,元大-桃興,2024-07-19,9894
1815,富喬,40,3,37,元大-桃興,2024-07-19,9894
6695,芯鼎,39,4,35,元大-桃興,2024-07-19,9894
6770,力積電,39,5,34,元大-桃興,2024-07-19,9894
1301,台塑,45,13,32,元大-桃興,2024-07-19,9894
2618,長榮航,49,17,32,元大-桃興,2024-07-19,9894
00918,大華優利高填息30,41,10,31,元大-桃興,2024-07-19,9894
3231,緯創,53,23,30,元大-桃興,2024-07-19,9894
00719B,元大美債1-3,30,0,30,元大-桃興,2024-07-19,9894
00934,中信成長高股息,30,0,30,元大-桃興,2024-07-19,9894
2867,三商壽,73,46,27,元大-桃興,2024-07-19,9894
5272,笙科,27,0,27,元大-桃興,2024-07-19,9894
2376,技嘉,26,0,26,元大-桃興,2024-07-19,9894
1802,台玻,31,5,26,元大-桃興,2024-07-19,9894
8064,東捷,42,16,26,元大-桃興,2024-07-19,9894
8112,至上,26,1,25,元大-桃興,2024-07-19,9894
4533,協易機,30,5,25,元大-桃興,2024-07-19,9894
3037,欣興,87,63,24,元大-桃興,2024-07-19,9894
1303,南亞,25,3,22,元大-桃興,2024-07-19,9894
2485,兆赫,22,0,22,元大-桃興,2024-07-19,9894
3576,聯合再生,27,5,22,元大-桃興,2024-07-19,9894
2344,華邦電,23,2,21,元大-桃興,2024-07-19,9894
4543,萬在,20,0,20,元大-桃興,2024-07-19,9894
00947,台新臺灣IC設計,22,2,20,元大-桃興,2024-07-19,9894
8104,錸寶,20,0,20,元大-桃興,2024-07-19,9894
00940,元大台灣價值高息,723,226,497,元大-桃興,2024-07-22,9894
00929,復華台灣科技優息,595,287,308,元大-桃興,2024-07-22,9894
00919,群益台灣精選高息,325,104,221,元大-桃興,2024-07-22,9894
00878,國泰永續高股息,251,49,202,元大-桃興,2024-07-22,9894
00946,群益科技高息成長,175,0,175,元大-桃興,2024-07-22,9894
2324,仁寶,177,17,160,元大-桃興,2024-07-22,9894
00715L,期街口布蘭特正2,158,0,158,元大-桃興,2024-07-22,9894
3481,群創,213,84,129,元大-桃興,2024-07-22,9894
2610,華航,141,23,118,元大-桃興,2024-07-22,9894
00934,中信成長高股息,86,1,85,元大-桃興,2024-07-22,9894
2834,臺企銀,90,8,82,元大-桃興,2024-07-22,9894
00937B,群益ESG投等債20,108,31,77,元大-桃興,2024-07-22,9894
0056,元大高股息,110,35,75,元大-桃興,2024-07-22,9894
2356,英業達,52,0,52,元大-桃興,2024-07-22,9894
3032,偉訓,50,0,50,元大-桃興,2024-07-22,9894
6191,精成科,36,0,36,元大-桃興,2024-07-22,9894
2618,長榮航,49,16,33,元大-桃興,2024-07-22,9894
2408,南亞科,43,11,32,元大-桃興,2024-07-22,9894
00637L,元大滬深300正2,33,2,31,元大-桃興,2024-07-22,9894
6126,信音,30,0,30,元大-桃興,2024-07-22,9894
4532,瑞智,31,1,30,元大-桃興,2024-07-22,9894
00669R,國泰美國道瓊反1,30,0,30,元大-桃興,2024-07-22,9894
2603,長榮,45,16,29,元大-桃興,2024-07-22,9894
3313,斐成,37,10,27,元大-桃興,2024-07-22,9894
00680L,元大美債20正2,26,0,26,元大-桃興,2024-07-22,9894
2426,鼎元,25,0,25,元大-桃興,2024-07-22,9894
2409,友達,27,3,24,元大-桃興,2024-07-22,9894
00891,中信關鍵半導體,39,15,24,元大-桃興,2024-07-22,9894
00922,國泰台灣領袖50,24,0,24,元大-桃興,2024-07-22,9894
3167,大量,24,0,24,元大-桃興,2024-07-22,9894
2609,陽明,50,28,22,元大-桃興,2024-07-22,9894
00936,台新永續高息中小,22,0,22,元大-桃興,2024-07-22,9894
2405,輔信,22,1,21,元大-桃興,2024-07-22,9894
3231,緯創,40,19,21,元大-桃興,2024-07-22,9894
00905,FT臺灣Smart,29,9,20,元大-桃興,2024-07-22,9894
3434,哲固,20,0,20,元大-桃興,2024-07-22,9894
6492,生華科,20,0,20,元大-桃興,2024-07-22,9894
5202,力新,20,0,20,元大-桃興,2024-07-22,9894
3363,上詮,20,0,20,元大-桃興,2024-07-22,9894
4916,事欣科,44,24,20,元大-桃興,2024-07-22,9894
00939,統一台灣高息動能,20,0,20,元大-桃興,2024-07-22,9894
8473,山林水,47,27,20,元大-桃興,2024-07-22,9894
00665L,富邦�琤肭磪囓�2,21,1,20,元大-桃興,2024-07-22,9894
9105,泰金寶-DR,87,68,19,元大-桃興,2024-07-22,9894
6695,芯鼎,24,6,18,元大-桃興,2024-07-22,9894
1314,中石化,28,10,18,元大-桃興,2024-07-22,9894
1718,中纖,20,2,18,元大-桃興,2024-07-22,9894
1529,樂事綠能,111,93,18,元大-桃興,2024-07-22,9894
2355,敬鵬,18,0,18,元大-桃興,2024-07-22,9894
9945,潤泰新,19,3,16,元大-桃興,2024-07-22,9894
00937B,群益ESG投等債20,331,0,331,元大-桃興,2024-07-23,9894
00929,復華台灣科技優息,203,7,196,元大-桃興,2024-07-23,9894
00715L,期街口布蘭特正2,97,2,95,元大-桃興,2024-07-23,9894
2409,友達,80,0,80,元大-桃興,2024-07-23,9894
3481,群創,88,24,64,元大-桃興,2024-07-23,9894
2312,金寶,93,41,52,元大-桃興,2024-07-23,9894
00930,永豐ESG低碳高息,51,0,51,元大-桃興,2024-07-23,9894
00669R,國泰美國道瓊反1,50,0,50,元大-桃興,2024-07-23,9894
00940,元大台灣價值高息,182,134,48,元大-桃興,2024-07-23,9894
00679B,元大美債20年,53,5,48,元大-桃興,2024-07-23,9894
8374,羅昇,54,7,47,元大-桃興,2024-07-23,9894
1303,南亞,45,0,45,元大-桃興,2024-07-23,9894
5530,龍巖,44,0,44,元大-桃興,2024-07-23,9894
2867,三商壽,45,2,43,元大-桃興,2024-07-23,9894
00948B,中信優息投資級債,52,10,42,元大-桃興,2024-07-23,9894
00632R,元大台灣50反1,169,128,41,元大-桃興,2024-07-23,9894
2408,南亞科,39,5,34,元大-桃興,2024-07-23,9894
2349,錸德,31,0,31,元大-桃興,2024-07-23,9894
00713,元大台灣高息低波,33,2,31,元大-桃興,2024-07-23,9894
00945B,凱基美國非投等債,30,0,30,元大-桃興,2024-07-23,9894
00680L,元大美債20正2,28,0,28,元大-桃興,2024-07-23,9894
3576,聯合再生,35,7,28,元大-桃興,2024-07-23,9894
2504,國產,31,4,27,元大-桃興,2024-07-23,9894
00918,大華優利高填息30,27,1,26,元大-桃興,2024-07-23,9894
2303,聯電,26,1,25,元大-桃興,2024-07-23,9894
0056,元大高股息,37,13,24,元大-桃興,2024-07-23,9894
4743,合一,35,11,24,元大-桃興,2024-07-23,9894
9105,泰金寶-DR,53,30,23,元大-桃興,2024-07-23,9894
4903,聯光通,21,0,21,元大-桃興,2024-07-23,9894
8039,台虹,20,0,20,元大-桃興,2024-07-23,9894
1326,台化,20,0,20,元大-桃興,2024-07-23,9894
3265,台星科,19,0,19,元大-桃興,2024-07-23,9894
2537,聯上發,34,15,19,元大-桃興,2024-07-23,9894
00857B,永豐20年美公債,18,0,18,元大-桃興,2024-07-23,9894
3189,景碩,26,9,17,元大-桃興,2024-07-23,9894
2344,華邦電,16,0,16,元大-桃興,2024-07-23,9894
6191,精成科,16,0,16,元大-桃興,2024-07-23,9894
2392,正崴,20,4,16,元大-桃興,2024-07-23,9894
3013,晟銘電,22,6,16,元大-桃興,2024-07-23,9894
2812,台中銀,25,10,15,元大-桃興,2024-07-23,9894
2520,冠德,21,6,15,元大-桃興,2024-07-23,9894
2455,全新,18,3,15,元大-桃興,2024-07-23,9894
00934,中信成長高股息,15,0,15,元大-桃興,2024-07-23,9894
8440,綠電,37,22,15,元大-桃興,2024-07-23,9894
2355,敬鵬,15,1,14,元大-桃興,2024-07-23,9894
2511,太子,25,11,14,元大-桃興,2024-07-23,9894
4123,晟德,15,1,14,元大-桃興,2024-07-23,9894
8064,東捷,27,13,14,元大-桃興,2024-07-23,9894
00946,群益科技高息成長,25,12,13,元大-桃興,2024-07-23,9894
00753L,中信中國50正2,13,0,13,元大-桃興,2024-07-23,9894
00940,元大台灣價值高息,336,71,265,元大-桃興,2024-07-26,9894
00929,復華台灣科技優息,246,49,197,元大-桃興,2024-07-26,9894
00937B,群益ESG投等債20,242,67,175,元大-桃興,2024-07-26,9894
0056,元大高股息,101,7,94,元大-桃興,2024-07-26,9894
00946,群益科技高息成長,96,2,94,元大-桃興,2024-07-26,9894
00712,復華富時不動產,93,0,93,元大-桃興,2024-07-26,9894
2330,台積電,65,4,61,元大-桃興,2024-07-26,9894
2884,玉山金,57,2,55,元大-桃興,2024-07-26,9894
2547,日勝生,59,9,50,元大-桃興,2024-07-26,9894
2344,華邦電,49,1,48,元大-桃興,2024-07-26,9894
2349,錸德,51,3,48,元大-桃興,2024-07-26,9894
3231,緯創,56,8,48,元大-桃興,2024-07-26,9894
00918,大華優利高填息30,50,5,45,元大-桃興,2024-07-26,9894
00919,群益台灣精選高息,87,43,44,元大-桃興,2024-07-26,9894
2356,英業達,51,10,41,元大-桃興,2024-07-26,9894
00671R,富邦NASDAQ反1,40,0,40,元大-桃興,2024-07-26,9894
00936,台新永續高息中小,40,2,38,元大-桃興,2024-07-26,9894
2317,鴻海,60,23,37,元大-桃興,2024-07-26,9894
2303,聯電,37,1,36,元大-桃興,2024-07-26,9894
00679B,元大美債20年,49,15,34,元大-桃興,2024-07-26,9894
4726,永昕,50,16,34,元大-桃興,2024-07-26,9894
2376,技嘉,34,2,32,元大-桃興,2024-07-26,9894
00669R,國泰美國道瓊反1,30,0,30,元大-桃興,2024-07-26,9894
00949,復華日本龍頭,32,4,28,元大-桃興,2024-07-26,9894
2516,新建,28,0,28,元大-桃興,2024-07-26,9894
2002,中鋼,30,3,27,元大-桃興,2024-07-26,9894
00905,FT臺灣Smart,27,1,26,元大-桃興,2024-07-26,9894
3711,日月光投控,27,2,25,元大-桃興,2024-07-26,9894
00941,中信上游半導體,25,0,25,元大-桃興,2024-07-26,9894
00934,中信成長高股息,24,1,23,元大-桃興,2024-07-26,9894
00640L,富邦日本正2,22,0,22,元大-桃興,2024-07-26,9894
00665L,富邦�琤肭磪囓�2,52,30,22,元大-桃興,2024-07-26,9894
3167,大量,30,9,21,元大-桃興,2024-07-26,9894
0050,元大台灣50,27,7,20,元大-桃興,2024-07-26,9894
00713,元大台灣高息低波,20,0,20,元大-桃興,2024-07-26,9894
00687B,國泰20年美債,35,16,19,元大-桃興,2024-07-26,9894
00923,群益台ESG低碳50,17,1,16,元大-桃興,2024-07-26,9894
8064,東捷,27,11,16,元大-桃興,2024-07-26,9894
6005,群益證,16,0,16,元大-桃興,2024-07-26,9894
4306,炎洲,15,0,15,元大-桃興,2024-07-26,9894
8112,至上,15,0,15,元大-桃興,2024-07-26,9894
1718,中纖,14,0,14,元大-桃興,2024-07-26,9894
8096,擎亞,16,2,14,元大-桃興,2024-07-26,9894
00950B,凱基A級公司債,14,0,14,元大-桃興,2024-07-26,9894
2374,佳能,13,0,13,元大-桃興,2024-07-26,9894
2382,廣達,59,46,13,元大-桃興,2024-07-26,9894
00948B,中信優息投資級債,22,9,13,元大-桃興,2024-07-26,9894
3535,晶彩科,13,0,13,元大-桃興,2024-07-26,9894
6026,福邦證,13,0,13,元大-桃興,2024-07-26,9894
2408,南亞科,13,1,12,元大-桃興,2024-07-26,9894
2888,新光金,308,5,303,元大-桃興,2024-07-29,9894
2324,仁寶,206,3,203,元大-桃興,2024-07-29,9894
00929,復華台灣科技優息,169,8,161,元大-桃興,2024-07-29,9894
00715L,期街口布蘭特正2,148,1,147,元大-桃興,2024-07-29,9894
00937B,群益ESG投等債20,151,9,142,元大-桃興,2024-07-29,9894
00878,國泰永續高股息,153,18,135,元大-桃興,2024-07-29,9894
2353,宏��,121,5,116,元大-桃興,2024-07-29,9894
00940,元大台灣價值高息,106,43,63,元大-桃興,2024-07-29,9894
00919,群益台灣精選高息,74,14,60,元大-桃興,2024-07-29,9894
00934,中信成長高股息,60,1,59,元大-桃興,2024-07-29,9894
0056,元大高股息,62,12,50,元大-桃興,2024-07-29,9894
2356,英業達,61,18,43,元大-桃興,2024-07-29,9894
00669R,國泰美國道瓊反1,40,0,40,元大-桃興,2024-07-29,9894
6125,廣運,38,1,37,元大-桃興,2024-07-29,9894
4726,永昕,42,5,37,元大-桃興,2024-07-29,9894
2337,旺宏,45,10,35,元大-桃興,2024-07-29,9894
2884,玉山金,37,2,35,元大-桃興,2024-07-29,9894
8064,東捷,82,48,34,元大-桃興,2024-07-29,9894
2376,技嘉,37,6,31,元大-桃興,2024-07-29,9894
9105,泰金寶-DR,113,83,30,元大-桃興,2024-07-29,9894
00946,群益科技高息成長,30,3,27,元大-桃興,2024-07-29,9894
00951,台新日本半導體,27,0,27,元大-桃興,2024-07-29,9894
00945B,凱基美國非投等債,26,0,26,元大-桃興,2024-07-29,9894
00936,台新永續高息中小,24,0,24,元大-桃興,2024-07-29,9894
2618,長榮航,119,96,23,元大-桃興,2024-07-29,9894
5443,均豪,70,47,23,元大-桃興,2024-07-29,9894
5272,笙科,23,0,23,元大-桃興,2024-07-29,9894
3037,欣興,42,19,23,元大-桃興,2024-07-29,9894
1808,潤隆,23,2,21,元大-桃興,2024-07-29,9894
3712,永崴投控,23,2,21,元大-桃興,2024-07-29,9894
3338,泰碩,21,1,20,元大-桃興,2024-07-29,9894
1609,大亞,46,26,20,元大-桃興,2024-07-29,9894
2317,鴻海,32,13,19,元大-桃興,2024-07-29,9894
2365,昆盈,69,50,19,元大-桃興,2024-07-29,9894
1540,喬福,27,9,18,元大-桃興,2024-07-29,9894
2303,聯電,18,0,18,元大-桃興,2024-07-29,9894
00918,大華優利高填息30,16,0,16,元大-桃興,2024-07-29,9894
6290,良維,20,4,16,元大-桃興,2024-07-29,9894
1514,亞力,29,13,16,元大-桃興,2024-07-29,9894
8105,凌巨,37,21,16,元大-桃興,2024-07-29,9894
6806,森崴能源,18,3,15,元大-桃興,2024-07-29,9894
5202,力新,15,0,15,元大-桃興,2024-07-29,9894
00905,FT臺灣Smart,16,1,15,元大-桃興,2024-07-29,9894
2363,矽統,55,41,14,元大-桃興,2024-07-29,9894
2405,輔信,25,11,14,元大-桃興,2024-07-29,9894
6855,數泓科,14,0,14,元大-桃興,2024-07-29,9894
2603,長榮,18,5,13,元大-桃興,2024-07-29,9894
2338,光罩,15,2,13,元大-桃興,2024-07-29,9894
00927,群益半導體收益,12,0,12,元大-桃興,2024-07-29,9894
9945,潤泰新,69,57,12,元大-桃興,2024-07-29,9894
00940,元大台灣價值高息,248,20,228,元大-桃興,2024-07-30,9894
00929,復華台灣科技優息,198,20,178,元大-桃興,2024-07-30,9894
00715L,期街口布蘭特正2,176,2,174,元大-桃興,2024-07-30,9894
00878,國泰永續高股息,124,25,99,元大-桃興,2024-07-30,9894
2605,新興,100,1,99,元大-桃興,2024-07-30,9894
0056,元大高股息,92,3,89,元大-桃興,2024-07-30,9894
00919,群益台灣精選高息,76,12,64,元大-桃興,2024-07-30,9894
00946,群益科技高息成長,47,3,44,元大-桃興,2024-07-30,9894
2337,旺宏,47,4,43,元大-桃興,2024-07-30,9894
3211,順達,50,8,42,元大-桃興,2024-07-30,9894
1806,冠軍,61,22,39,元大-桃興,2024-07-30,9894
00945B,凱基美國非投等債,40,2,38,元大-桃興,2024-07-30,9894
00934,中信成長高股息,36,0,36,元大-桃興,2024-07-30,9894
00680L,元大美債20正2,32,0,32,元大-桃興,2024-07-30,9894
2891,中信金,45,15,30,元大-桃興,2024-07-30,9894
2303,聯電,30,0,30,元大-桃興,2024-07-30,9894
2547,日勝生,41,11,30,元大-桃興,2024-07-30,9894
2520,冠德,35,6,29,元大-桃興,2024-07-30,9894
5356,協益,25,0,25,元大-桃興,2024-07-30,9894
2363,矽統,34,12,22,元大-桃興,2024-07-30,9894
00637L,元大滬深300正2,34,13,21,元大-桃興,2024-07-30,9894
00933B,國泰10Y+金融債,20,0,20,元大-桃興,2024-07-30,9894
00905,FT臺灣Smart,21,2,19,元大-桃興,2024-07-30,9894
5309,系統電,21,3,18,元大-桃興,2024-07-30,9894
00664R,國泰臺灣加權反1,20,2,18,元大-桃興,2024-07-30,9894
8105,凌巨,20,2,18,元大-桃興,2024-07-30,9894
00923,群益台ESG低碳50,17,0,17,元大-桃興,2024-07-30,9894
3037,欣興,29,13,16,元大-桃興,2024-07-30,9894
2884,玉山金,21,5,16,元大-桃興,2024-07-30,9894
8924,大田,15,0,15,元大-桃興,2024-07-30,9894
00948B,中信優息投資級債,13,0,13,元大-桃興,2024-07-30,9894
00713,元大台灣高息低波,16,3,13,元大-桃興,2024-07-30,9894
0050,元大台灣50,15,3,12,元大-桃興,2024-07-30,9894
2467,志聖,18,6,12,元大-桃興,2024-07-30,9894
2382,廣達,14,3,11,元大-桃興,2024-07-30,9894
5439,高技,15,4,11,元大-桃興,2024-07-30,9894
00692,富邦公司治理,12,1,11,元大-桃興,2024-07-30,9894
2356,英業達,12,1,11,元大-桃興,2024-07-30,9894
3105,穩懋,11,0,11,元大-桃興,2024-07-30,9894
00918,大華優利高填息30,14,3,11,元大-桃興,2024-07-30,9894
8201,無敵,10,0,10,元大-桃興,2024-07-30,9894
5328,華容,10,0,10,元大-桃興,2024-07-30,9894
1303,南亞,10,0,10,元大-桃興,2024-07-30,9894
1316,上曜,37,27,10,元大-桃興,2024-07-30,9894
6207,雷科,10,0,10,元大-桃興,2024-07-30,9894
3231,緯創,17,7,10,元大-桃興,2024-07-30,9894
00712,復華富時不動產,11,2,9,元大-桃興,2024-07-30,9894
3563,牧德,9,0,9,元大-桃興,2024-07-30,9894
2408,南亞科,10,1,9,元大-桃興,2024-07-30,9894
8213,志超,10,1,9,元大-桃興,2024-07-30,9894
2888,新光金,311,46,265,元大-桃興,2024-07-31,9894
00679B,元大美債20年,119,11,108,元大-桃興,2024-07-31,9894
00929,復華台灣科技優息,96,20,76,元大-桃興,2024-07-31,9894
2399,映泰,56,0,56,元大-桃興,2024-07-31,9894
00946,群益科技高息成長,41,0,41,元大-桃興,2024-07-31,9894
6125,廣運,63,23,40,元大-桃興,2024-07-31,9894
00934,中信成長高股息,39,0,39,元大-桃興,2024-07-31,9894
5443,均豪,88,52,36,元大-桃興,2024-07-31,9894
00919,群益台灣精選高息,43,9,34,元大-桃興,2024-07-31,9894
2429,銘旺科,33,0,33,元大-桃興,2024-07-31,9894
3481,群創,227,197,30,元大-桃興,2024-07-31,9894
6116,彩晶,29,1,28,元大-桃興,2024-07-31,9894
3167,大量,31,3,28,元大-桃興,2024-07-31,9894
1815,富喬,32,5,27,元大-桃興,2024-07-31,9894
2362,藍天,33,6,27,元大-桃興,2024-07-31,9894
00940,元大台灣價值高息,61,36,25,元大-桃興,2024-07-31,9894
00632R,元大台灣50反1,25,1,24,元大-桃興,2024-07-31,9894
2303,聯電,28,6,22,元大-桃興,2024-07-31,9894
3576,聯合再生,21,0,21,元大-桃興,2024-07-31,9894
00937B,群益ESG投等債20,23,3,20,元大-桃興,2024-07-31,9894
00933B,國泰10Y+金融債,21,1,20,元大-桃興,2024-07-31,9894
2537,聯上發,18,1,17,元大-桃興,2024-07-31,9894
8064,東捷,91,74,17,元大-桃興,2024-07-31,9894
00878,國泰永續高股息,19,3,16,元大-桃興,2024-07-31,9894
2204,中華,17,1,16,元大-桃興,2024-07-31,9894
6770,力積電,27,11,16,元大-桃興,2024-07-31,9894
3047,訊舟,160,144,16,元大-桃興,2024-07-31,9894
3105,穩懋,18,2,16,元大-桃興,2024-07-31,9894
5392,能率,15,0,15,元大-桃興,2024-07-31,9894
00692,富邦公司治理,14,1,13,元大-桃興,2024-07-31,9894
5347,世界,13,0,13,元大-桃興,2024-07-31,9894
3312,弘憶股,21,9,12,元大-桃興,2024-07-31,9894
00687B,國泰20年美債,20,8,12,元大-桃興,2024-07-31,9894
2408,南亞科,12,0,12,元大-桃興,2024-07-31,9894
2464,盟立,44,32,12,元大-桃興,2024-07-31,9894
1316,上曜,16,5,11,元大-桃興,2024-07-31,9894
2405,輔信,16,5,11,元大-桃興,2024-07-31,9894
8105,凌巨,13,2,11,元大-桃興,2024-07-31,9894
2382,廣達,25,14,11,元大-桃興,2024-07-31,9894
00773B,中信優先金融債,10,0,10,元大-桃興,2024-07-31,9894
2616,山隆,10,0,10,元大-桃興,2024-07-31,9894
00719B,元大美債1-3,10,0,10,元大-桃興,2024-07-31,9894
3049,精金,10,0,10,元大-桃興,2024-07-31,9894
5483,中美晶,10,0,10,元大-桃興,2024-07-31,9894
8112,至上,10,0,10,元大-桃興,2024-07-31,9894
8039,台虹,12,2,10,元大-桃興,2024-07-31,9894
2444,兆勁,10,0,10,元大-桃興,2024-07-31,9894
4526,東台,12,2,10,元大-桃興,2024-07-31,9894
3645,達邁,10,0,10,元大-桃興,2024-07-31,9894
1795,美時,14,5,9,元大-桃興,2024-07-31,9894
00878,國泰永續高股息,1327,18,1309,元大-桃興,2024-08-01,9894
00687B,國泰20年美債,206,10,196,元大-桃興,2024-08-01,9894
6274,台燿,172,3,169,元大-桃興,2024-08-01,9894
00881,國泰台灣5G+,117,4,113,元大-桃興,2024-08-01,9894
00632R,元大台灣50反1,92,2,90,元大-桃興,2024-08-01,9894
00937B,群益ESG投等債20,60,3,57,元大-桃興,2024-08-01,9894
9105,泰金寶-DR,91,40,51,元大-桃興,2024-08-01,9894
00669R,國泰美國道瓊反1,50,0,50,元大-桃興,2024-08-01,9894
4979,華星光,42,1,41,元大-桃興,2024-08-01,9894
2409,友達,74,37,37,元大-桃興,2024-08-01,9894
00929,復華台灣科技優息,56,19,37,元大-桃興,2024-08-01,9894
00680L,元大美債20正2,112,80,32,元大-桃興,2024-08-01,9894
3576,聯合再生,31,2,29,元大-桃興,2024-08-01,9894
2301,光寶科,36,9,27,元大-桃興,2024-08-01,9894
3518,柏騰,32,6,26,元大-桃興,2024-08-01,9894
2367,燿華,36,11,25,元大-桃興,2024-08-01,9894
00637L,元大滬深300正2,22,0,22,元大-桃興,2024-08-01,9894
2363,矽統,50,28,22,元大-桃興,2024-08-01,9894
00919,群益台灣精選高息,44,26,18,元大-桃興,2024-08-01,9894
3047,訊舟,63,45,18,元大-桃興,2024-08-01,9894
8011,台通,23,6,17,元大-桃興,2024-08-01,9894
00905,FT臺灣Smart,15,0,15,元大-桃興,2024-08-01,9894
00934,中信成長高股息,16,2,14,元大-桃興,2024-08-01,9894
2543,皇昌,14,1,13,元大-桃興,2024-08-01,9894
4303,信立,17,4,13,元大-桃興,2024-08-01,9894
00633L,富邦上証正2,12,0,12,元大-桃興,2024-08-01,9894
3434,哲固,11,0,11,元大-桃興,2024-08-01,9894
00696B,富邦美債20年,11,0,11,元大-桃興,2024-08-01,9894
3338,泰碩,11,0,11,元大-桃興,2024-08-01,9894
2429,銘旺科,13,2,11,元大-桃興,2024-08-01,9894
6152,百一,11,0,11,元大-桃興,2024-08-01,9894
6187,萬潤,12,1,11,元大-桃興,2024-08-01,9894
00933B,國泰10Y+金融債,10,0,10,元大-桃興,2024-08-01,9894
1808,潤隆,12,2,10,元大-桃興,2024-08-01,9894
6026,福邦證,10,0,10,元大-桃興,2024-08-01,9894
1310,台苯,10,0,10,元大-桃興,2024-08-01,9894
6125,廣運,39,29,10,元大-桃興,2024-08-01,9894
3481,群創,42,32,10,元大-桃興,2024-08-01,9894
00891,中信關鍵半導體,12,2,10,元大-桃興,2024-08-01,9894
2884,玉山金,12,3,9,元大-桃興,2024-08-01,9894
5443,均豪,49,40,9,元大-桃興,2024-08-01,9894
4533,協易機,10,1,9,元大-桃興,2024-08-01,9894
2029,盛餘,8,0,8,元大-桃興,2024-08-01,9894
4958,臻鼎-KY,11,3,8,元大-桃興,2024-08-01,9894
00664R,國泰臺灣加權反1,8,0,8,元大-桃興,2024-08-01,9894
00948B,中信優息投資級債,11,3,8,元大-桃興,2024-08-01,9894
6188,廣明,12,4,8,元大-桃興,2024-08-01,9894
1514,亞力,11,3,8,元大-桃興,2024-08-01,9894
1216,統一,8,0,8,元大-桃興,2024-08-01,9894
2889,國票金,10,3,7,元大-桃興,2024-08-01,9894
2888,新光金,834,70,764,元大-桃興,2024-08-02,9894
00940,元大台灣價值高息,424,39,385,元大-桃興,2024-08-02,9894
00929,復華台灣科技優息,430,61,369,元大-桃興,2024-08-02,9894
00919,群益台灣精選高息,244,43,201,元大-桃興,2024-08-02,9894
00878,國泰永續高股息,187,38,149,元大-桃興,2024-08-02,9894
00932,兆豐永續高息等權,121,0,121,元大-桃興,2024-08-02,9894
00715L,期街口布蘭特正2,114,1,113,元大-桃興,2024-08-02,9894
2317,鴻海,186,83,103,元大-桃興,2024-08-02,9894
0056,元大高股息,112,15,97,元大-桃興,2024-08-02,9894
00945B,凱基美國非投等債,70,0,70,元大-桃興,2024-08-02,9894
3037,欣興,79,10,69,元大-桃興,2024-08-02,9894
00891,中信關鍵半導體,69,0,69,元大-桃興,2024-08-02,9894
00687B,國泰20年美債,87,29,58,元大-桃興,2024-08-02,9894
2330,台積電,69,17,52,元大-桃興,2024-08-02,9894
0050,元大台灣50,58,6,52,元大-桃興,2024-08-02,9894
2547,日勝生,51,0,51,元大-桃興,2024-08-02,9894
2891,中信金,56,6,50,元大-桃興,2024-08-02,9894
00946,群益科技高息成長,45,0,45,元大-桃興,2024-08-02,9894
3062,建漢,49,4,45,元大-桃興,2024-08-02,9894
2365,昆盈,153,113,40,元大-桃興,2024-08-02,9894
8374,羅昇,52,12,40,元大-桃興,2024-08-02,9894
2027,大成鋼,37,0,37,元大-桃興,2024-08-02,9894
00905,FT臺灣Smart,52,15,37,元大-桃興,2024-08-02,9894
2610,華航,41,7,34,元大-桃興,2024-08-02,9894
00753L,中信中國50正2,68,34,34,元大-桃興,2024-08-02,9894
00941,中信上游半導體,32,0,32,元大-桃興,2024-08-02,9894
00923,群益台ESG低碳50,32,0,32,元大-桃興,2024-08-02,9894
00922,國泰台灣領袖50,28,0,28,元大-桃興,2024-08-02,9894
2409,友達,38,11,27,元大-桃興,2024-08-02,9894
9945,潤泰新,34,7,27,元大-桃興,2024-08-02,9894
00918,大華優利高填息30,27,0,27,元大-桃興,2024-08-02,9894
2408,南亞科,31,5,26,元大-桃興,2024-08-02,9894
3522,御嵿,26,0,26,元大-桃興,2024-08-02,9894
2485,兆赫,25,0,25,元大-桃興,2024-08-02,9894
2303,聯電,39,15,24,元大-桃興,2024-08-02,9894
2609,陽明,45,21,24,元大-桃興,2024-08-02,9894
00885,富邦越南,23,0,23,元大-桃興,2024-08-02,9894
2308,台達電,38,15,23,元大-桃興,2024-08-02,9894
5371,中光電,24,2,22,元大-桃興,2024-08-02,9894
00679B,元大美債20年,56,34,22,元大-桃興,2024-08-02,9894
2382,廣達,25,4,21,元大-桃興,2024-08-02,9894
3535,晶彩科,36,15,21,元大-桃興,2024-08-02,9894
6187,萬潤,23,2,21,元大-桃興,2024-08-02,9894
00751B,元大AAA至A公司債,51,31,20,元大-桃興,2024-08-02,9894
1718,中纖,20,0,20,元大-桃興,2024-08-02,9894
00949,復華日本龍頭,20,0,20,元大-桃興,2024-08-02,9894
00939,統一台灣高息動能,18,0,18,元大-桃興,2024-08-02,9894
00725B,國泰投資級公司債,18,0,18,元大-桃興,2024-08-02,9894
00948B,中信優息投資級債,18,0,18,元大-桃興,2024-08-02,9894
8064,東捷,21,3,18,元大-桃興,2024-08-02,9894
00940,元大台灣價值高息,1052,142,910,元大-桃興,2024-08-05,9894
00680L,元大美債20正2,612,34,578,元大-桃興,2024-08-05,9894
00715L,期街口布蘭特正2,524,4,520,元大-桃興,2024-08-05,9894
00878,國泰永續高股息,458,13,445,元大-桃興,2024-08-05,9894
00919,群益台灣精選高息,416,33,383,元大-桃興,2024-08-05,9894
00929,復華台灣科技優息,765,412,353,元大-桃興,2024-08-05,9894
00712,復華富時不動產,362,105,257,元大-桃興,2024-08-05,9894
0056,元大高股息,212,61,151,元大-桃興,2024-08-05,9894
2409,友達,161,35,126,元大-桃興,2024-08-05,9894
2618,長榮航,224,105,119,元大-桃興,2024-08-05,9894
00946,群益科技高息成長,193,103,90,元大-桃興,2024-08-05,9894
3024,憶聲,95,19,76,元大-桃興,2024-08-05,9894
1810,和成,76,0,76,元大-桃興,2024-08-05,9894
2356,英業達,121,54,67,元大-桃興,2024-08-05,9894
9105,泰金寶-DR,79,13,66,元大-桃興,2024-08-05,9894
2344,華邦電,112,56,56,元大-桃興,2024-08-05,9894
00936,台新永續高息中小,101,45,56,元大-桃興,2024-08-05,9894
6770,力積電,85,33,52,元大-桃興,2024-08-05,9894
1314,中石化,59,9,50,元大-桃興,2024-08-05,9894
2324,仁寶,66,17,49,元大-桃興,2024-08-05,9894
2547,日勝生,55,6,49,元大-桃興,2024-08-05,9894
00939,統一台灣高息動能,45,1,44,元大-桃興,2024-08-05,9894
3037,欣興,58,15,43,元大-桃興,2024-08-05,9894
2002,中鋼,42,1,41,元大-桃興,2024-08-05,9894
2855,統一證,41,0,41,元大-桃興,2024-08-05,9894
00923,群益台ESG低碳50,57,17,40,元大-桃興,2024-08-05,9894
1605,華新,45,5,40,元大-桃興,2024-08-05,9894
2834,臺企銀,44,7,37,元大-桃興,2024-08-05,9894
2330,台積電,93,57,36,元大-桃興,2024-08-05,9894
4510,高鋒,82,47,35,元大-桃興,2024-08-05,9894
00671R,富邦NASDAQ反1,33,0,33,元大-桃興,2024-08-05,9894
2401,凌陽,32,0,32,元大-桃興,2024-08-05,9894
2481,強茂,32,0,32,元大-桃興,2024-08-05,9894
00905,FT臺灣Smart,55,23,32,元大-桃興,2024-08-05,9894
00922,國泰台灣領袖50,37,6,31,元大-桃興,2024-08-05,9894
5356,協益,33,2,31,元大-桃興,2024-08-05,9894
4532,瑞智,30,0,30,元大-桃興,2024-08-05,9894
3105,穩懋,30,0,30,元大-桃興,2024-08-05,9894
00935,野村臺灣新科技50,30,2,28,元大-桃興,2024-08-05,9894
2367,燿華,31,3,28,元大-桃興,2024-08-05,9894
00927,群益半導體收益,32,4,28,元大-桃興,2024-08-05,9894
2801,彰銀,28,1,27,元大-桃興,2024-08-05,9894
5353,台林,26,0,26,元大-桃興,2024-08-05,9894
00948B,中信優息投資級債,37,12,25,元大-桃興,2024-08-05,9894
5351,鈺創,25,1,24,元大-桃興,2024-08-05,9894
6290,良維,24,0,24,元大-桃興,2024-08-05,9894
00631L,元大台灣50正2,29,5,24,元大-桃興,2024-08-05,9894
2382,廣達,34,12,22,元大-桃興,2024-08-05,9894
1316,上曜,23,1,22,元大-桃興,2024-08-05,9894
00637L,元大滬深300正2,48,27,21,元大-桃興,2024-08-05,9894
00632R,元大台灣50反1,654,171,483,元大-桃興,2024-08-06,9894
2610,華航,418,138,280,元大-桃興,2024-08-06,9894
00940,元大台灣價值高息,369,136,233,元大-桃興,2024-08-06,9894
00951,台新日本半導體,101,0,101,元大-桃興,2024-08-06,9894
00929,復華台灣科技優息,273,194,79,元大-桃興,2024-08-06,9894
2317,鴻海,164,94,70,元大-桃興,2024-08-06,9894
1810,和成,64,0,64,元大-桃興,2024-08-06,9894
00712,復華富時不動產,130,69,61,元大-桃興,2024-08-06,9894
5512,力麒,64,4,60,元大-桃興,2024-08-06,9894
2337,旺宏,111,52,59,元大-桃興,2024-08-06,9894
5530,龍巖,60,8,52,元大-桃興,2024-08-06,9894
3564,其陽,50,2,48,元大-桃興,2024-08-06,9894
2349,錸德,53,7,46,元大-桃興,2024-08-06,9894
00923,群益台ESG低碳50,44,0,44,元大-桃興,2024-08-06,9894
00715L,期街口布蘭特正2,101,59,42,元大-桃興,2024-08-06,9894
0056,元大高股息,92,50,42,元大-桃興,2024-08-06,9894
4510,高鋒,62,22,40,元大-桃興,2024-08-06,9894
2356,英業達,50,13,37,元大-桃興,2024-08-06,9894
6770,力積電,84,48,36,元大-桃興,2024-08-06,9894
3037,欣興,144,111,33,元大-桃興,2024-08-06,9894
00637L,元大滬深300正2,33,0,33,元大-桃興,2024-08-06,9894
3481,群創,41,9,32,元大-桃興,2024-08-06,9894
9105,泰金寶-DR,104,72,32,元大-桃興,2024-08-06,9894
6177,達麗,32,1,31,元大-桃興,2024-08-06,9894
2543,皇昌,30,0,30,元大-桃興,2024-08-06,9894
00673R,期元大S＆P原油反1,30,0,30,元大-桃興,2024-08-06,9894
00878,國泰永續高股息,127,97,30,元大-桃興,2024-08-06,9894
1314,中石化,28,0,28,元大-桃興,2024-08-06,9894
00936,台新永續高息中小,44,16,28,元大-桃興,2024-08-06,9894
00881,國泰台灣5G+,49,21,28,元大-桃興,2024-08-06,9894
00918,大華優利高填息30,32,5,27,元大-桃興,2024-08-06,9894
3715,定穎投控,84,57,27,元大-桃興,2024-08-06,9894
1303,南亞,31,5,26,元大-桃興,2024-08-06,9894
00688L,國泰20年美債正2,25,0,25,元大-桃興,2024-08-06,9894
1524,耿鼎,26,2,24,元大-桃興,2024-08-06,9894
2882,國泰金,55,31,24,元大-桃興,2024-08-06,9894
3167,大量,24,1,23,元大-桃興,2024-08-06,9894
00933B,國泰10Y+金融債,25,3,22,元大-桃興,2024-08-06,9894
5880,合庫金,21,0,21,元大-桃興,2024-08-06,9894
1313,聯成,21,0,21,元大-桃興,2024-08-06,9894
2323,中環,21,1,20,元大-桃興,2024-08-06,9894
6152,百一,20,0,20,元大-桃興,2024-08-06,9894
1513,中興電,26,6,20,元大-桃興,2024-08-06,9894
00857B,永豐20年美公債,30,12,18,元大-桃興,2024-08-06,9894
1453,大將,20,2,18,元大-桃興,2024-08-06,9894
3189,景碩,48,30,18,元大-桃興,2024-08-06,9894
2616,山隆,17,0,17,元大-桃興,2024-08-06,9894
2449,京元電子,27,11,16,元大-桃興,2024-08-06,9894
3033,威健,18,2,16,元大-桃興,2024-08-06,9894
2834,臺企銀,18,2,16,元大-桃興,2024-08-06,9894
00937B,群益ESG投等債20,241,10,231,元大-桃興,2024-08-07,9894
00679B,元大美債20年,212,13,199,元大-桃興,2024-08-07,9894
00940,元大台灣價值高息,289,133,156,元大-桃興,2024-08-07,9894
00715L,期街口布蘭特正2,106,0,106,元大-桃興,2024-08-07,9894
00878,國泰永續高股息,125,22,103,元大-桃興,2024-08-07,9894
00632R,元大台灣50反1,284,204,80,元大-桃興,2024-08-07,9894
00680L,元大美債20正2,171,110,61,元大-桃興,2024-08-07,9894
2409,友達,65,10,55,元大-桃興,2024-08-07,9894
00687B,國泰20年美債,124,72,52,元大-桃興,2024-08-07,9894
2317,鴻海,130,79,51,元大-桃興,2024-08-07,9894
9103,美德醫療-DR,50,0,50,元大-桃興,2024-08-07,9894
0056,元大高股息,79,30,49,元大-桃興,2024-08-07,9894
00923,群益台ESG低碳50,46,0,46,元大-桃興,2024-08-07,9894
5880,合庫金,47,2,45,元大-桃興,2024-08-07,9894
2356,英業達,75,39,36,元大-桃興,2024-08-07,9894
5443,均豪,46,10,36,元大-桃興,2024-08-07,9894
00712,復華富時不動產,37,2,35,元大-桃興,2024-08-07,9894
2393,億光,32,1,31,元大-桃興,2024-08-07,9894
2382,廣達,47,19,28,元大-桃興,2024-08-07,9894
2492,華新科,27,0,27,元大-桃興,2024-08-07,9894
1540,喬福,143,119,24,元大-桃興,2024-08-07,9894
2376,技嘉,26,4,22,元大-桃興,2024-08-07,9894
2312,金寶,53,31,22,元大-桃興,2024-08-07,9894
6213,聯茂,36,16,20,元大-桃興,2024-08-07,9894
3481,群創,26,7,19,元大-桃興,2024-08-07,9894
2362,藍天,21,3,18,元大-桃興,2024-08-07,9894
2399,映泰,28,10,18,元大-桃興,2024-08-07,9894
0050,元大台灣50,38,20,18,元大-桃興,2024-08-07,9894
00929,復華台灣科技優息,157,140,17,元大-桃興,2024-08-07,9894
3033,威健,17,1,16,元大-桃興,2024-08-07,9894
00713,元大台灣高息低波,15,0,15,元大-桃興,2024-08-07,9894
00857B,永豐20年美公債,27,13,14,元大-桃興,2024-08-07,9894
2880,華南金,14,0,14,元大-桃興,2024-08-07,9894
00947,台新臺灣IC設計,22,8,14,元大-桃興,2024-08-07,9894
2420,新巨,13,0,13,元大-桃興,2024-08-07,9894
3596,智易,13,0,13,元大-桃興,2024-08-07,9894
3024,憶聲,17,4,13,元大-桃興,2024-08-07,9894
8215,明基材,11,0,11,元大-桃興,2024-08-07,9894
2887,台新金,11,1,10,元大-桃興,2024-08-07,9894
2354,鴻準,19,9,10,元大-桃興,2024-08-07,9894
3702,大聯大,10,0,10,元大-桃興,2024-08-07,9894
3686,達能,10,0,10,元大-桃興,2024-08-07,9894
3006,晶豪科,13,3,10,元大-桃興,2024-08-07,9894
4108,懷特,10,0,10,元大-桃興,2024-08-07,9894
00900,富邦特選高股息30,10,0,10,元大-桃興,2024-08-07,9894
3666,光耀,10,0,10,元大-桃興,2024-08-07,9894
2204,中華,10,0,10,元大-桃興,2024-08-07,9894
00919,群益台灣精選高息,39,30,9,元大-桃興,2024-08-07,9894
2882,國泰金,55,46,9,元大-桃興,2024-08-07,9894
2892,第一金,8,0,8,元大-桃興,2024-08-07,9894
00632R,元大台灣50反1,791,152,639,元大-桃興,2024-08-08,9894
00673R,期元大S＆P原油反1,155,0,155,元大-桃興,2024-08-08,9894
00878,國泰永續高股息,182,32,150,元大-桃興,2024-08-08,9894
00929,復華台灣科技優息,201,54,147,元大-桃興,2024-08-08,9894
00937B,群益ESG投等債20,191,47,144,元大-桃興,2024-08-08,9894
3481,群創,127,5,122,元大-桃興,2024-08-08,9894
00720B,元大投資級公司債,86,0,86,元大-桃興,2024-08-08,9894
2886,兆豐金,61,0,61,元大-桃興,2024-08-08,9894
00919,群益台灣精選高息,88,37,51,元大-桃興,2024-08-08,9894
9105,泰金寶-DR,45,0,45,元大-桃興,2024-08-08,9894
2834,臺企銀,54,10,44,元大-桃興,2024-08-08,9894
00940,元大台灣價值高息,139,96,43,元大-桃興,2024-08-08,9894
2317,鴻海,102,61,41,元大-桃興,2024-08-08,9894
1314,中石化,42,1,41,元大-桃興,2024-08-08,9894
2344,華邦電,41,5,36,元大-桃興,2024-08-08,9894
2489,瑞軒,41,7,34,元大-桃興,2024-08-08,9894
00933B,國泰10Y+金融債,35,1,34,元大-桃興,2024-08-08,9894
2258,鴻華先進-創,33,0,33,元大-桃興,2024-08-08,9894
2618,長榮航,41,10,31,元大-桃興,2024-08-08,9894
2402,毅嘉,38,7,31,元大-桃興,2024-08-08,9894
3231,緯創,46,16,30,元大-桃興,2024-08-08,9894
3047,訊舟,67,38,29,元大-桃興,2024-08-08,9894
0056,元大高股息,50,23,27,元大-桃興,2024-08-08,9894
2356,英業達,52,25,27,元大-桃興,2024-08-08,9894
2337,旺宏,45,18,27,元大-桃興,2024-08-08,9894
3037,欣興,35,11,24,元大-桃興,2024-08-08,9894
00935,野村臺灣新科技50,24,0,24,元大-桃興,2024-08-08,9894
2031,新光鋼,24,0,24,元大-桃興,2024-08-08,9894
00904,新光臺灣半導體30,28,4,24,元大-桃興,2024-08-08,9894
5521,工信,33,10,23,元大-桃興,2024-08-08,9894
2615,萬海,31,9,22,元大-桃興,2024-08-08,9894
4532,瑞智,22,0,22,元大-桃興,2024-08-08,9894
9958,世紀鋼,22,2,20,元大-桃興,2024-08-08,9894
3535,晶彩科,33,13,20,元大-桃興,2024-08-08,9894
2605,新興,21,1,20,元大-桃興,2024-08-08,9894
3013,晟銘電,22,2,20,元大-桃興,2024-08-08,9894
00772B,中信高評級公司債,20,0,20,元大-桃興,2024-08-08,9894
2374,佳能,31,11,20,元大-桃興,2024-08-08,9894
4958,臻鼎-KY,19,0,19,元大-桃興,2024-08-08,9894
3685,元創精密,18,0,18,元大-桃興,2024-08-08,9894
2464,盟立,61,45,16,元大-桃興,2024-08-08,9894
8105,凌巨,15,0,15,元大-桃興,2024-08-08,9894
2390,云辰,15,0,15,元大-桃興,2024-08-08,9894
2330,台積電,28,14,14,元大-桃興,2024-08-08,9894
2371,大同,14,0,14,元大-桃興,2024-08-08,9894
00891,中信關鍵半導體,14,0,14,元大-桃興,2024-08-08,9894
5498,凱崴,25,11,14,元大-桃興,2024-08-08,9894
00773B,中信優先金融債,14,0,14,元大-桃興,2024-08-08,9894
3019,亞光,29,16,13,元大-桃興,2024-08-08,9894
6177,達麗,13,0,13,元大-桃興,2024-08-08,9894
00937B,群益ESG投等債20,571,0,571,元大-桃興,2024-08-09,9894
00679B,元大美債20年,185,0,185,元大-桃興,2024-08-09,9894
2834,臺企銀,96,5,91,元大-桃興,2024-08-09,9894
00687B,國泰20年美債,89,0,89,元大-桃興,2024-08-09,9894
00929,復華台灣科技優息,138,52,86,元大-桃興,2024-08-09,9894
00712,復華富時不動產,78,11,67,元大-桃興,2024-08-09,9894
00688L,國泰20年美債正2,62,0,62,元大-桃興,2024-08-09,9894
00878,國泰永續高股息,84,25,59,元大-桃興,2024-08-09,9894
00686R,群益臺灣加權反1,56,0,56,元大-桃興,2024-08-09,9894
9105,泰金寶-DR,67,14,53,元大-桃興,2024-08-09,9894
00680L,元大美債20正2,52,0,52,元大-桃興,2024-08-09,9894
2409,友達,57,8,49,元大-桃興,2024-08-09,9894
6603,富強鑫,86,39,47,元大-桃興,2024-08-09,9894
00932,兆豐永續高息等權,40,0,40,元大-桃興,2024-08-09,9894
4906,正文,39,0,39,元大-桃興,2024-08-09,9894
00665L,富邦�琤肭磪囓�2,40,2,38,元大-桃興,2024-08-09,9894
2317,鴻海,95,61,34,元大-桃興,2024-08-09,9894
5356,協益,33,0,33,元大-桃興,2024-08-09,9894
2489,瑞軒,86,54,32,元大-桃興,2024-08-09,9894
00919,群益台灣精選高息,33,3,30,元大-桃興,2024-08-09,9894
2609,陽明,80,53,27,元大-桃興,2024-08-09,9894
00753L,中信中國50正2,31,5,26,元大-桃興,2024-08-09,9894
1314,中石化,30,5,25,元大-桃興,2024-08-09,9894
00673R,期元大S＆P原油反1,25,0,25,元大-桃興,2024-08-09,9894
00751B,元大AAA至A公司債,24,0,24,元大-桃興,2024-08-09,9894
4108,懷特,24,0,24,元大-桃興,2024-08-09,9894
2392,正崴,25,1,24,元大-桃興,2024-08-09,9894
2421,建準,26,2,24,元大-桃興,2024-08-09,9894
2353,宏��,48,27,21,元大-桃興,2024-08-09,9894
2352,佳世達,25,4,21,元大-桃興,2024-08-09,9894
4549,桓達,20,0,20,元大-桃興,2024-08-09,9894
4533,協易機,34,14,20,元大-桃興,2024-08-09,9894
00795B,中信美國公債20年,19,0,19,元大-桃興,2024-08-09,9894
4526,東台,48,31,17,元大-桃興,2024-08-09,9894
00881,國泰台灣5G+,17,0,17,元大-桃興,2024-08-09,9894
3230,錦明,17,0,17,元大-桃興,2024-08-09,9894
4303,信立,20,3,17,元大-桃興,2024-08-09,9894
4976,佳凌,16,0,16,元大-桃興,2024-08-09,9894
8021,尖點,16,0,16,元大-桃興,2024-08-09,9894
3294,英濟,15,0,15,元大-桃興,2024-08-09,9894
2891,中信金,20,5,15,元大-桃興,2024-08-09,9894
2362,藍天,21,7,14,元大-桃興,2024-08-09,9894
4562,穎漢,24,10,14,元大-桃興,2024-08-09,9894
3231,緯創,42,29,13,元大-桃興,2024-08-09,9894
0056,元大高股息,26,13,13,元大-桃興,2024-08-09,9894
00948B,中信優息投資級債,12,0,12,元大-桃興,2024-08-09,9894
00772B,中信高評級公司債,12,0,12,元大-桃興,2024-08-09,9894
2887,台新金,16,4,12,元大-桃興,2024-08-09,9894
6869,雲豹能源,17,5,12,元大-桃興,2024-08-09,9894
2886,兆豐金,21,9,12,元大-桃興,2024-08-09,9894
00632R,元大台灣50反1,147,15,132,元大-桃興,2024-08-12,9894
00937B,群益ESG投等債20,138,38,100,元大-桃興,2024-08-12,9894
00679B,元大美債20年,178,82,96,元大-桃興,2024-08-12,9894
2312,金寶,151,61,90,元大-桃興,2024-08-12,9894
2402,毅嘉,62,1,61,元大-桃興,2024-08-12,9894
5202,力新,60,0,60,元大-桃興,2024-08-12,9894
2429,銘旺科,52,1,51,元大-桃興,2024-08-12,9894
1597,直得,75,31,44,元大-桃興,2024-08-12,9894
00929,復華台灣科技優息,73,33,40,元大-桃興,2024-08-12,9894
1718,中纖,31,3,28,元大-桃興,2024-08-12,9894
1626,艾美特-KY,380,352,28,元大-桃興,2024-08-12,9894
2337,旺宏,31,5,26,元大-桃興,2024-08-12,9894
1321,大洋,21,0,21,元大-桃興,2024-08-12,9894
2390,云辰,21,0,21,元大-桃興,2024-08-12,9894
00673R,期元大S＆P原油反1,20,0,20,元大-桃興,2024-08-12,9894
00637L,元大滬深300正2,20,0,20,元大-桃興,2024-08-12,9894
4523,永彰,20,0,20,元大-桃興,2024-08-12,9894
8996,高力,28,8,20,元大-桃興,2024-08-12,9894
2610,華航,26,8,18,元大-桃興,2024-08-12,9894
2891,中信金,21,3,18,元大-桃興,2024-08-12,9894
1514,亞力,43,25,18,元大-桃興,2024-08-12,9894
1513,中興電,28,11,17,元大-桃興,2024-08-12,9894
0056,元大高股息,18,2,16,元大-桃興,2024-08-12,9894
1101,台泥,16,0,16,元大-桃興,2024-08-12,9894
00665L,富邦�琤肭磪囓�2,16,0,16,元大-桃興,2024-08-12,9894
2383,台光電,18,2,16,元大-桃興,2024-08-12,9894
3105,穩懋,19,4,15,元大-桃興,2024-08-12,9894
8358,金居,16,1,15,元大-桃興,2024-08-12,9894
4108,懷特,15,0,15,元大-桃興,2024-08-12,9894
5347,世界,15,1,14,元大-桃興,2024-08-12,9894
2405,輔信,12,0,12,元大-桃興,2024-08-12,9894
2349,錸德,13,2,11,元大-桃興,2024-08-12,9894
2031,新光鋼,11,0,11,元大-桃興,2024-08-12,9894
00933B,國泰10Y+金融債,12,1,11,元大-桃興,2024-08-12,9894
1603,華電,11,0,11,元大-桃興,2024-08-12,9894
2834,臺企銀,22,11,11,元大-桃興,2024-08-12,9894
2880,華南金,10,0,10,元大-桃興,2024-08-12,9894
1711,永光,10,0,10,元大-桃興,2024-08-12,9894
3305,昇貿,15,5,10,元大-桃興,2024-08-12,9894
2889,國票金,10,0,10,元大-桃興,2024-08-12,9894
6547,高端疫苗,10,0,10,元大-桃興,2024-08-12,9894
1608,華榮,11,1,10,元大-桃興,2024-08-12,9894
1731,美吾華,9,0,9,元大-桃興,2024-08-12,9894
8028,昇陽半導體,26,17,9,元大-桃興,2024-08-12,9894
2882,國泰金,19,10,9,元大-桃興,2024-08-12,9894
00725B,國泰投資級公司債,10,1,9,元大-桃興,2024-08-12,9894
00919,群益台灣精選高息,22,13,9,元大-桃興,2024-08-12,9894
3535,晶彩科,9,1,8,元大-桃興,2024-08-12,9894
2530,華建,8,0,8,元大-桃興,2024-08-12,9894
3715,定穎投控,19,11,8,元大-桃興,2024-08-12,9894
00632R,元大台灣50反1,151,11,140,元大-桃興,2024-08-13,9894
1314,中石化,104,0,104,元大-桃興,2024-08-13,9894
00929,復華台灣科技優息,120,25,95,元大-桃興,2024-08-13,9894
4566,時碩工業,113,27,86,元大-桃興,2024-08-13,9894
00937B,群益ESG投等債20,90,11,79,元大-桃興,2024-08-13,9894
3663,鑫科,102,41,61,元大-桃興,2024-08-13,9894
2615,萬海,75,32,43,元大-桃興,2024-08-13,9894
00687B,國泰20年美債,43,1,42,元大-桃興,2024-08-13,9894
2017,官田鋼,40,0,40,元大-桃興,2024-08-13,9894
00665L,富邦�琤肭磪囓�2,40,2,38,元大-桃興,2024-08-13,9894
00919,群益台灣精選高息,42,7,35,元大-桃興,2024-08-13,9894
6505,台塑化,45,10,35,元大-桃興,2024-08-13,9894
00918,大華優利高填息30,55,20,35,元大-桃興,2024-08-13,9894
00712,復華富時不動產,35,0,35,元大-桃興,2024-08-13,9894
2359,所羅門,90,56,34,元大-桃興,2024-08-13,9894
00673R,期元大S＆P原油反1,34,0,34,元大-桃興,2024-08-13,9894
00881,國泰台灣5G+,38,4,34,元大-桃興,2024-08-13,9894
2880,華南金,32,0,32,元大-桃興,2024-08-13,9894
2609,陽明,89,58,31,元大-桃興,2024-08-13,9894
2337,旺宏,39,8,31,元大-桃興,2024-08-13,9894
00932,兆豐永續高息等權,30,0,30,元大-桃興,2024-08-13,9894
2885,元大金,28,0,28,元大-桃興,2024-08-13,9894
00679B,元大美債20年,32,4,28,元大-桃興,2024-08-13,9894
3231,緯創,34,8,26,元大-桃興,2024-08-13,9894
1312,國喬,28,4,24,元大-桃興,2024-08-13,9894
4960,誠美材,21,1,20,元大-桃興,2024-08-13,9894
6156,松上,20,0,20,元大-桃興,2024-08-13,9894
1718,中纖,20,0,20,元大-桃興,2024-08-13,9894
00753L,中信中國50正2,20,0,20,元大-桃興,2024-08-13,9894
1513,中興電,43,23,20,元大-桃興,2024-08-13,9894
2891,中信金,27,7,20,元大-桃興,2024-08-13,9894
4105,東洋,19,0,19,元大-桃興,2024-08-13,9894
4909,新復興,27,8,19,元大-桃興,2024-08-13,9894
6770,力積電,19,1,18,元大-桃興,2024-08-13,9894
2486,一詮,34,16,18,元大-桃興,2024-08-13,9894
00923,群益台ESG低碳50,20,2,18,元大-桃興,2024-08-13,9894
2313,華通,23,5,18,元大-桃興,2024-08-13,9894
3450,聯鈞,91,74,17,元大-桃興,2024-08-13,9894
1597,直得,34,17,17,元大-桃興,2024-08-13,9894
6603,富強鑫,21,4,17,元大-桃興,2024-08-13,9894
6215,和椿,39,23,16,元大-桃興,2024-08-13,9894
4108,懷特,16,0,16,元大-桃興,2024-08-13,9894
2801,彰銀,15,0,15,元大-桃興,2024-08-13,9894
2897,王道銀行,15,0,15,元大-桃興,2024-08-13,9894
00680L,元大美債20正2,20,5,15,元大-桃興,2024-08-13,9894
2317,鴻海,98,84,14,元大-桃興,2024-08-13,9894
6152,百一,14,1,13,元大-桃興,2024-08-13,9894
1321,大洋,13,0,13,元大-桃興,2024-08-13,9894
4523,永彰,22,9,13,元大-桃興,2024-08-13,9894
0056,元大高股息,14,1,13,元大-桃興,2024-08-13,9894
3481,群創,101,16,85,元大-桃興,2024-08-14,9894
00637L,元大滬深300正2,80,0,80,元大-桃興,2024-08-14,9894
00900,富邦特選高股息30,76,0,76,元大-桃興,2024-08-14,9894
00881,國泰台灣5G+,73,0,73,元大-桃興,2024-08-14,9894
00937B,群益ESG投等債20,68,17,51,元大-桃興,2024-08-14,9894
00934,中信成長高股息,52,8,44,元大-桃興,2024-08-14,9894
00712,復華富時不動產,43,0,43,元大-桃興,2024-08-14,9894
00680L,元大美債20正2,40,0,40,元大-桃興,2024-08-14,9894
2801,彰銀,45,7,38,元大-桃興,2024-08-14,9894
00715L,期街口布蘭特正2,36,1,35,元大-桃興,2024-08-14,9894
2356,英業達,64,31,33,元大-桃興,2024-08-14,9894
00929,復華台灣科技優息,72,39,33,元大-桃興,2024-08-14,9894
4958,臻鼎-KY,34,1,33,元大-桃興,2024-08-14,9894
00679B,元大美債20年,33,0,33,元大-桃興,2024-08-14,9894
5880,合庫金,36,4,32,元大-桃興,2024-08-14,9894
4960,誠美材,32,0,32,元大-桃興,2024-08-14,9894
6108,競國,29,0,29,元大-桃興,2024-08-14,9894
00878,國泰永續高股息,80,51,29,元大-桃興,2024-08-14,9894
6274,台燿,25,0,25,元大-桃興,2024-08-14,9894
3048,益登,28,4,24,元大-桃興,2024-08-14,9894
4561,健椿,29,6,23,元大-桃興,2024-08-14,9894
1536,和大,30,8,22,元大-桃興,2024-08-14,9894
2883,凱基金,25,3,22,元大-桃興,2024-08-14,9894
2610,華航,22,0,22,元大-桃興,2024-08-14,9894
3037,欣興,37,17,20,元大-桃興,2024-08-14,9894
2429,銘旺科,24,4,20,元大-桃興,2024-08-14,9894
00669R,國泰美國道瓊反1,20,0,20,元大-桃興,2024-08-14,9894
4105,東洋,18,0,18,元大-桃興,2024-08-14,9894
4562,穎漢,51,33,18,元大-桃興,2024-08-14,9894
2888,新光金,29,11,18,元大-桃興,2024-08-14,9894
8096,擎亞,99,82,17,元大-桃興,2024-08-14,9894
00632R,元大台灣50反1,28,11,17,元大-桃興,2024-08-14,9894
2402,毅嘉,34,18,16,元大-桃興,2024-08-14,9894
4909,新復興,27,11,16,元大-桃興,2024-08-14,9894
9105,泰金寶-DR,40,25,15,元大-桃興,2024-08-14,9894
8227,巨有科技,15,0,15,元大-桃興,2024-08-14,9894
9945,潤泰新,20,5,15,元大-桃興,2024-08-14,9894
1101,台泥,55,41,14,元大-桃興,2024-08-14,9894
3706,神達,23,9,14,元大-桃興,2024-08-14,9894
2464,盟立,45,32,13,元大-桃興,2024-08-14,9894
5386,青雲,16,3,13,元大-桃興,2024-08-14,9894
2393,億光,13,1,12,元大-桃興,2024-08-14,9894
3312,弘憶股,14,2,12,元大-桃興,2024-08-14,9894
1708,東鹼,30,18,12,元大-桃興,2024-08-14,9894
6695,芯鼎,14,2,12,元大-桃興,2024-08-14,9894
9958,世紀鋼,11,0,11,元大-桃興,2024-08-14,9894
00688L,國泰20年美債正2,11,0,11,元大-桃興,2024-08-14,9894
2515,中工,26,15,11,元大-桃興,2024-08-14,9894
3231,緯創,25,15,10,元大-桃興,2024-08-14,9894
00932,兆豐永續高息等權,10,0,10,元大-桃興,2024-08-14,9894
00878,國泰永續高股息,165,14,151,元大-桃興,2024-08-15,9894
00720B,元大投資級公司債,140,2,138,元大-桃興,2024-08-15,9894
00679B,元大美債20年,123,34,89,元大-桃興,2024-08-15,9894
6788,華景電,82,0,82,元大-桃興,2024-08-15,9894
00881,國泰台灣5G+,71,13,58,元大-桃興,2024-08-15,9894
2337,旺宏,60,4,56,元大-桃興,2024-08-15,9894
00687B,國泰20年美債,124,70,54,元大-桃興,2024-08-15,9894
00669R,國泰美國道瓊反1,50,0,50,元大-桃興,2024-08-15,9894
5905,南仁湖,47,1,46,元大-桃興,2024-08-15,9894
00948B,中信優息投資級債,45,2,43,元大-桃興,2024-08-15,9894
8105,凌巨,43,1,42,元大-桃興,2024-08-15,9894
00900,富邦特選高股息30,43,1,42,元大-桃興,2024-08-15,9894
00936,台新永續高息中小,38,0,38,元大-桃興,2024-08-15,9894
00951,台新日本半導體,40,2,38,元大-桃興,2024-08-15,9894
2885,元大金,39,1,38,元大-桃興,2024-08-15,9894
00947,台新臺灣IC設計,53,16,37,元大-桃興,2024-08-15,9894
1101,台泥,43,8,35,元大-桃興,2024-08-15,9894
2349,錸德,37,4,33,元大-桃興,2024-08-15,9894
8110,華東,33,0,33,元大-桃興,2024-08-15,9894
6108,競國,32,0,32,元大-桃興,2024-08-15,9894
00929,復華台灣科技優息,103,71,32,元大-桃興,2024-08-15,9894
2352,佳世達,31,0,31,元大-桃興,2024-08-15,9894
00673R,期元大S＆P原油反1,30,0,30,元大-桃興,2024-08-15,9894
00932,兆豐永續高息等權,29,0,29,元大-桃興,2024-08-15,9894
2834,臺企銀,29,0,29,元大-桃興,2024-08-15,9894
00646,元大S＆P500,36,9,27,元大-桃興,2024-08-15,9894
1785,光洋科,42,18,24,元大-桃興,2024-08-15,9894
2892,第一金,23,0,23,元大-桃興,2024-08-15,9894
2312,金寶,53,30,23,元大-桃興,2024-08-15,9894
00934,中信成長高股息,23,2,21,元大-桃興,2024-08-15,9894
2367,燿華,33,12,21,元大-桃興,2024-08-15,9894
1603,華電,21,0,21,元大-桃興,2024-08-15,9894
00949,復華日本龍頭,21,0,21,元大-桃興,2024-08-15,9894
2449,京元電子,25,4,21,元大-桃興,2024-08-15,9894
5880,合庫金,20,0,20,元大-桃興,2024-08-15,9894
00632R,元大台灣50反1,40,20,20,元大-桃興,2024-08-15,9894
1227,佳格,19,0,19,元大-桃興,2024-08-15,9894
2801,彰銀,18,0,18,元大-桃興,2024-08-15,9894
4562,穎漢,56,39,17,元大-桃興,2024-08-15,9894
6693,廣閎科,17,0,17,元大-桃興,2024-08-15,9894
00905,FT臺灣Smart,16,0,16,元大-桃興,2024-08-15,9894
4513,福裕,43,27,16,元大-桃興,2024-08-15,9894
00715L,期街口布蘭特正2,107,91,16,元大-桃興,2024-08-15,9894
2891,中信金,17,2,15,元大-桃興,2024-08-15,9894
9904,寶成,15,0,15,元大-桃興,2024-08-15,9894
00753L,中信中國50正2,65,50,15,元大-桃興,2024-08-15,9894
2812,台中銀,14,0,14,元大-桃興,2024-08-15,9894
1514,亞力,19,5,14,元大-桃興,2024-08-15,9894
2317,鴻海,53,40,13,元大-桃興,2024-08-15,9894
3714,富采,12,0,12,元大-桃興,2024-08-15,9894
00632R,元大台灣50反1,365,21,344,元大-桃興,2024-08-16,9894
00929,復華台灣科技優息,281,50,231,元大-桃興,2024-08-16,9894
00679B,元大美債20年,118,0,118,元大-桃興,2024-08-16,9894
2547,日勝生,117,4,113,元大-桃興,2024-08-16,9894
2915,潤泰全,96,15,81,元大-桃興,2024-08-16,9894
00946,群益科技高息成長,70,13,57,元大-桃興,2024-08-16,9894
00943,兆豐電子高息等權,50,0,50,元大-桃興,2024-08-16,9894
2002,中鋼,43,1,42,元大-桃興,2024-08-16,9894
8374,羅昇,61,21,40,元大-桃興,2024-08-16,9894
00878,國泰永續高股息,64,25,39,元大-桃興,2024-08-16,9894
00919,群益台灣精選高息,59,20,39,元大-桃興,2024-08-16,9894
00933B,國泰10Y+金融債,37,0,37,元大-桃興,2024-08-16,9894
00669R,國泰美國道瓊反1,31,0,31,元大-桃興,2024-08-16,9894
2349,錸德,36,5,31,元大-桃興,2024-08-16,9894
4909,新復興,34,4,30,元大-桃興,2024-08-16,9894
00687B,國泰20年美債,90,61,29,元大-桃興,2024-08-16,9894
9105,泰金寶-DR,84,57,27,元大-桃興,2024-08-16,9894
4906,正文,32,6,26,元大-桃興,2024-08-16,9894
8021,尖點,35,10,25,元大-桃興,2024-08-16,9894
6116,彩晶,25,0,25,元大-桃興,2024-08-16,9894
2323,中環,32,8,24,元大-桃興,2024-08-16,9894
2382,廣達,32,8,24,元大-桃興,2024-08-16,9894
5443,均豪,69,46,23,元大-桃興,2024-08-16,9894
6788,華景電,22,1,21,元大-桃興,2024-08-16,9894
6108,競國,21,0,21,元大-桃興,2024-08-16,9894
00900,富邦特選高股息30,21,1,20,元大-桃興,2024-08-16,9894
00795B,中信美國公債20年,21,2,19,元大-桃興,2024-08-16,9894
3715,定穎投控,29,10,19,元大-桃興,2024-08-16,9894
2615,萬海,43,24,19,元大-桃興,2024-08-16,9894
4576,大銀微系統,25,7,18,元大-桃興,2024-08-16,9894
00857B,永豐20年美公債,17,0,17,元大-桃興,2024-08-16,9894
6603,富強鑫,24,7,17,元大-桃興,2024-08-16,9894
2429,銘旺科,16,0,16,元大-桃興,2024-08-16,9894
00918,大華優利高填息30,16,1,15,元大-桃興,2024-08-16,9894
1815,富喬,18,3,15,元大-桃興,2024-08-16,9894
4306,炎洲,15,2,13,元大-桃興,2024-08-16,9894
00715L,期街口布蘭特正2,93,80,13,元大-桃興,2024-08-16,9894
4526,東台,31,18,13,元大-桃興,2024-08-16,9894
00931B,統一美債20年,12,0,12,元大-桃興,2024-08-16,9894
3576,聯合再生,12,0,12,元大-桃興,2024-08-16,9894
3673,TPK-KY,36,24,12,元大-桃興,2024-08-16,9894
1718,中纖,14,2,12,元大-桃興,2024-08-16,9894
1314,中石化,14,3,11,元大-桃興,2024-08-16,9894
3714,富采,11,0,11,元大-桃興,2024-08-16,9894
00720B,元大投資級公司債,11,0,11,元大-桃興,2024-08-16,9894
2344,華邦電,10,0,10,元大-桃興,2024-08-16,9894
3528,安馳,10,0,10,元大-桃興,2024-08-16,9894
5905,南仁湖,10,0,10,元大-桃興,2024-08-16,9894
8107,大億金茂,10,0,10,元大-桃興,2024-08-16,9894
00641R,富邦日本反1,10,0,10,元大-桃興,2024-08-16,9894
00687B,國泰20年美債,207,1,206,元大-桃興,2024-08-19,9894
00937B,群益ESG投等債20,233,35,198,元大-桃興,2024-08-19,9894
00715L,期街口布蘭特正2,104,0,104,元大-桃興,2024-08-19,9894
00679B,元大美債20年,93,2,91,元大-桃興,2024-08-19,9894
00632R,元大台灣50反1,105,25,80,元大-桃興,2024-08-19,9894
00929,復華台灣科技優息,155,82,73,元大-桃興,2024-08-19,9894
00688L,國泰20年美債正2,54,0,54,元大-桃興,2024-08-19,9894
00931B,統一美債20年,44,0,44,元大-桃興,2024-08-19,9894
3047,訊舟,195,152,43,元大-桃興,2024-08-19,9894
8028,昇陽半導體,84,45,39,元大-桃興,2024-08-19,9894
2354,鴻準,78,40,38,元大-桃興,2024-08-19,9894
6215,和椿,60,27,33,元大-桃興,2024-08-19,9894
4526,東台,31,5,26,元大-桃興,2024-08-19,9894
6207,雷科,30,5,25,元大-桃興,2024-08-19,9894
00665L,富邦�琤肭磪囓�2,25,1,24,元大-桃興,2024-08-19,9894
00795B,中信美國公債20年,23,0,23,元大-桃興,2024-08-19,9894
2409,友達,24,2,22,元大-桃興,2024-08-19,9894
2365,昆盈,66,45,21,元大-桃興,2024-08-19,9894
2886,兆豐金,21,1,20,元大-桃興,2024-08-19,9894
00943,兆豐電子高息等權,20,0,20,元大-桃興,2024-08-19,9894
2538,基泰,20,0,20,元大-桃興,2024-08-19,9894
4566,時碩工業,24,4,20,元大-桃興,2024-08-19,9894
2429,銘旺科,17,0,17,元大-桃興,2024-08-19,9894
5371,中光電,19,2,17,元大-桃興,2024-08-19,9894
2002,中鋼,40,24,16,元大-桃興,2024-08-19,9894
00933B,國泰10Y+金融債,16,0,16,元大-桃興,2024-08-19,9894
2062,橋椿,31,15,16,元大-桃興,2024-08-19,9894
00633L,富邦上証正2,19,4,15,元大-桃興,2024-08-19,9894
6108,競國,14,0,14,元大-桃興,2024-08-19,9894
00918,大華優利高填息30,15,2,13,元大-桃興,2024-08-19,9894
2374,佳能,25,13,12,元大-桃興,2024-08-19,9894
1785,光洋科,27,15,12,元大-桃興,2024-08-19,9894
6877,鏵友益,18,6,12,元大-桃興,2024-08-19,9894
2382,廣達,11,0,11,元大-桃興,2024-08-19,9894
2344,華邦電,21,10,11,元大-桃興,2024-08-19,9894
00706L,期元大S＆P日圓正2,10,0,10,元大-桃興,2024-08-19,9894
1718,中纖,10,0,10,元大-桃興,2024-08-19,9894
4306,炎洲,10,0,10,元大-桃興,2024-08-19,9894
2351,順德,15,5,10,元大-桃興,2024-08-19,9894
00772B,中信高評級公司債,10,0,10,元大-桃興,2024-08-19,9894
00697B,元大美債7-10,10,0,10,元大-桃興,2024-08-19,9894
4168,醣聯,11,2,9,元大-桃興,2024-08-19,9894
3231,緯創,12,3,9,元大-桃興,2024-08-19,9894
9904,寶成,9,0,9,元大-桃興,2024-08-19,9894
6274,台燿,11,2,9,元大-桃興,2024-08-19,9894
4105,東洋,10,2,8,元大-桃興,2024-08-19,9894
5905,南仁湖,72,64,8,元大-桃興,2024-08-19,9894
8210,勤誠,8,1,7,元大-桃興,2024-08-19,9894
1708,東鹼,7,0,7,元大-桃興,2024-08-19,9894
5474,聰泰,7,0,7,元大-桃興,2024-08-19,9894
00715L,期街口布蘭特正2,504,16,488,元大-桃興,2024-08-20,9894
00923,群益台ESG低碳50,210,35,175,元大-桃興,2024-08-20,9894
00632R,元大台灣50反1,118,0,118,元大-桃興,2024-08-20,9894
00937B,群益ESG投等債20,116,10,106,元大-桃興,2024-08-20,9894
2356,英業達,136,56,80,元大-桃興,2024-08-20,9894
00687B,國泰20年美債,108,35,73,元大-桃興,2024-08-20,9894
00665L,富邦�琤肭磪囓�2,70,7,63,元大-桃興,2024-08-20,9894
00679B,元大美債20年,76,14,62,元大-桃興,2024-08-20,9894
00940,元大台灣價值高息,96,49,47,元大-桃興,2024-08-20,9894
1314,中石化,36,0,36,元大-桃興,2024-08-20,9894
2392,正崴,37,5,32,元大-桃興,2024-08-20,9894
6274,台燿,31,1,30,元大-桃興,2024-08-20,9894
6550,北極星藥業-KY,30,0,30,元大-桃興,2024-08-20,9894
2401,凌陽,35,9,26,元大-桃興,2024-08-20,9894
5392,能率,47,21,26,元大-桃興,2024-08-20,9894
2317,鴻海,35,10,25,元大-桃興,2024-08-20,9894
3050,鈺德,27,3,24,元大-桃興,2024-08-20,9894
00919,群益台灣精選高息,35,12,23,元大-桃興,2024-08-20,9894
6139,亞翔,22,1,21,元大-桃興,2024-08-20,9894
6173,信昌電,20,0,20,元大-桃興,2024-08-20,9894
00753L,中信中國50正2,20,0,20,元大-桃興,2024-08-20,9894
00878,國泰永續高股息,32,13,19,元大-桃興,2024-08-20,9894
2542,興富發,20,2,18,元大-桃興,2024-08-20,9894
2867,三商壽,23,5,18,元大-桃興,2024-08-20,9894
3390,旭軟,30,12,18,元大-桃興,2024-08-20,9894
2486,一詮,32,15,17,元大-桃興,2024-08-20,9894
3580,友威科,22,5,17,元大-桃興,2024-08-20,9894
2845,遠東銀,15,0,15,元大-桃興,2024-08-20,9894
3450,聯鈞,22,7,15,元大-桃興,2024-08-20,9894
00943,兆豐電子高息等權,15,0,15,元大-桃興,2024-08-20,9894
2429,銘旺科,15,1,14,元大-桃興,2024-08-20,9894
5443,均豪,83,69,14,元大-桃興,2024-08-20,9894
1321,大洋,14,0,14,元大-桃興,2024-08-20,9894
1536,和大,17,3,14,元大-桃興,2024-08-20,9894
2409,友達,15,2,13,元大-桃興,2024-08-20,9894
00637L,元大滬深300正2,13,0,13,元大-桃興,2024-08-20,9894
1312,國喬,13,0,13,元大-桃興,2024-08-20,9894
3312,弘憶股,26,14,12,元大-桃興,2024-08-20,9894
6505,台塑化,12,0,12,元大-桃興,2024-08-20,9894
8107,大億金茂,18,6,12,元大-桃興,2024-08-20,9894
4714,永捷,14,2,12,元大-桃興,2024-08-20,9894
3673,TPK-KY,24,12,12,元大-桃興,2024-08-20,9894
5347,世界,18,6,12,元大-桃興,2024-08-20,9894
00882,中信中國高股息,11,0,11,元大-桃興,2024-08-20,9894
1301,台塑,21,10,11,元大-桃興,2024-08-20,9894
3265,台星科,14,3,11,元大-桃興,2024-08-20,9894
9902,台火,12,1,11,元大-桃興,2024-08-20,9894
3710,連展投控,11,0,11,元大-桃興,2024-08-20,9894
8028,昇陽半導體,28,17,11,元大-桃興,2024-08-20,9894
00642U,期元大S＆P石油,10,0,10,元大-桃興,2024-08-20,9894
00948B,中信優息投資級債,216,0,216,元大-桃興,2024-08-21,9894
2891,中信金,167,3,164,元大-桃興,2024-08-21,9894
00715L,期街口布蘭特正2,132,21,111,元大-桃興,2024-08-21,9894
2836,高雄銀,89,0,89,元大-桃興,2024-08-21,9894
00632R,元大台灣50反1,80,1,79,元大-桃興,2024-08-21,9894
00929,復華台灣科技優息,84,13,71,元大-桃興,2024-08-21,9894
00923,群益台ESG低碳50,67,0,67,元大-桃興,2024-08-21,9894
2888,新光金,371,317,54,元大-桃興,2024-08-21,9894
2605,新興,50,2,48,元大-桃興,2024-08-21,9894
8105,凌巨,38,0,38,元大-桃興,2024-08-21,9894
2515,中工,38,0,38,元大-桃興,2024-08-21,9894
2409,友達,37,3,34,元大-桃興,2024-08-21,9894
00935,野村臺灣新科技50,35,1,34,元大-桃興,2024-08-21,9894
00953B,群益優選非投等債,33,0,33,元大-桃興,2024-08-21,9894
9105,泰金寶-DR,47,14,33,元大-桃興,2024-08-21,9894
2330,台積電,35,3,32,元大-桃興,2024-08-21,9894
8107,大億金茂,31,0,31,元大-桃興,2024-08-21,9894
4555,氣立,44,14,30,元大-桃興,2024-08-21,9894
00937B,群益ESG投等債20,46,17,29,元大-桃興,2024-08-21,9894
2317,鴻海,51,23,28,元大-桃興,2024-08-21,9894
00637L,元大滬深300正2,32,5,27,元大-桃興,2024-08-21,9894
00688L,國泰20年美債正2,30,4,26,元大-桃興,2024-08-21,9894
2354,鴻準,31,6,25,元大-桃興,2024-08-21,9894
3564,其陽,27,2,25,元大-桃興,2024-08-21,9894
00878,國泰永續高股息,26,5,21,元大-桃興,2024-08-21,9894
6208,日揚,25,5,20,元大-桃興,2024-08-21,9894
00882,中信中國高股息,19,0,19,元大-桃興,2024-08-21,9894
3312,弘憶股,36,19,17,元大-桃興,2024-08-21,9894
3518,柏騰,25,8,17,元大-桃興,2024-08-21,9894
5347,世界,18,1,17,元大-桃興,2024-08-21,9894
2359,所羅門,23,7,16,元大-桃興,2024-08-21,9894
2913,農林,16,0,16,元大-桃興,2024-08-21,9894
00933B,國泰10Y+金融債,15,0,15,元大-桃興,2024-08-21,9894
6869,雲豹能源,31,16,15,元大-桃興,2024-08-21,9894
5876,上海商銀,15,0,15,元大-桃興,2024-08-21,9894
00918,大華優利高填息30,23,8,15,元大-桃興,2024-08-21,9894
3711,日月光投控,13,0,13,元大-桃興,2024-08-21,9894
2881,富邦金,13,0,13,元大-桃興,2024-08-21,9894
3037,欣興,18,5,13,元大-桃興,2024-08-21,9894
5880,合庫金,12,0,12,元大-桃興,2024-08-21,9894
2609,陽明,19,7,12,元大-桃興,2024-08-21,9894
2543,皇昌,17,6,11,元大-桃興,2024-08-21,9894
8021,尖點,15,4,11,元大-桃興,2024-08-21,9894
6570,維田,34,23,11,元大-桃興,2024-08-21,9894
2739,寒舍,11,0,11,元大-桃興,2024-08-21,9894
1711,永光,12,1,11,元大-桃興,2024-08-21,9894
6443,元晶,11,0,11,元大-桃興,2024-08-21,9894
5512,力麒,20,10,10,元大-桃興,2024-08-21,9894
2867,三商壽,10,0,10,元大-桃興,2024-08-21,9894
4726,永昕,10,0,10,元大-桃興,2024-08-21,9894
00632R,元大台灣50反1,260,4,256,元大-桃興,2024-08-22,9894
00715L,期街口布蘭特正2,297,66,231,元大-桃興,2024-08-22,9894
00665L,富邦�琤肭磪囓�2,250,51,199,元大-桃興,2024-08-22,9894
9105,泰金寶-DR,223,47,176,元大-桃興,2024-08-22,9894
2891,中信金,92,8,84,元大-桃興,2024-08-22,9894
00919,群益台灣精選高息,77,2,75,元大-桃興,2024-08-22,9894
2890,永豐金,73,0,73,元大-桃興,2024-08-22,9894
5905,南仁湖,80,21,59,元大-桃興,2024-08-22,9894
2836,高雄銀,51,0,51,元大-桃興,2024-08-22,9894
2633,台灣高鐵,50,0,50,元大-桃興,2024-08-22,9894
2317,鴻海,81,36,45,元大-桃興,2024-08-22,9894
5443,均豪,81,41,40,元大-桃興,2024-08-22,9894
00951,台新日本半導體,30,0,30,元大-桃興,2024-08-22,9894
3564,其陽,29,0,29,元大-桃興,2024-08-22,9894
3715,定穎投控,33,6,27,元大-桃興,2024-08-22,9894
00929,復華台灣科技優息,45,19,26,元大-桃興,2024-08-22,9894
2323,中環,27,2,25,元大-桃興,2024-08-22,9894
1709,和益,25,2,23,元大-桃興,2024-08-22,9894
8064,東捷,28,5,23,元大-桃興,2024-08-22,9894
2332,友訊,22,0,22,元大-桃興,2024-08-22,9894
00878,國泰永續高股息,36,14,22,元大-桃興,2024-08-22,9894
00687B,國泰20年美債,42,21,21,元大-桃興,2024-08-22,9894
2356,英業達,27,6,21,元大-桃興,2024-08-22,9894
6208,日揚,37,16,21,元大-桃興,2024-08-22,9894
3047,訊舟,71,51,20,元大-桃興,2024-08-22,9894
2610,華航,19,0,19,元大-桃興,2024-08-22,9894
3376,新日興,20,1,19,元大-桃興,2024-08-22,9894
6125,廣運,31,13,18,元大-桃興,2024-08-22,9894
00907,永豐優息存股,18,0,18,元大-桃興,2024-08-22,9894
6443,元晶,17,0,17,元大-桃興,2024-08-22,9894
2312,金寶,41,24,17,元大-桃興,2024-08-22,9894
00936,台新永續高息中小,15,0,15,元大-桃興,2024-08-22,9894
2501,國建,31,17,14,元大-桃興,2024-08-22,9894
3163,波若威,24,10,14,元大-桃興,2024-08-22,9894
2382,廣達,14,1,13,元大-桃興,2024-08-22,9894
2313,華通,13,0,13,元大-桃興,2024-08-22,9894
4729,熒茂,13,0,13,元大-桃興,2024-08-22,9894
5371,中光電,33,20,13,元大-桃興,2024-08-22,9894
00680L,元大美債20正2,13,1,12,元大-桃興,2024-08-22,9894
00947,台新臺灣IC設計,43,31,12,元大-桃興,2024-08-22,9894
2442,新美齊,11,0,11,元大-桃興,2024-08-22,9894
1909,榮成,11,0,11,元大-桃興,2024-08-22,9894
00688L,國泰20年美債正2,23,12,11,元大-桃興,2024-08-22,9894
2515,中工,12,1,11,元大-桃興,2024-08-22,9894
2547,日勝生,10,0,10,元大-桃興,2024-08-22,9894
1799,易威,10,0,10,元大-桃興,2024-08-22,9894
00633L,富邦上証正2,10,0,10,元大-桃興,2024-08-22,9894
2489,瑞軒,32,22,10,元大-桃興,2024-08-22,9894
8028,昇陽半導體,44,34,10,元大-桃興,2024-08-22,9894
3024,憶聲,13,3,10,元大-桃興,2024-08-22,9894
00632R,元大台灣50反1,422,1,421,元大-桃興,2024-08-23,9894
1409,新纖,235,0,235,元大-桃興,2024-08-23,9894
2303,聯電,131,11,120,元大-桃興,2024-08-23,9894
1721,三晃,74,33,41,元大-桃興,2024-08-23,9894
00687B,國泰20年美債,41,4,37,元大-桃興,2024-08-23,9894
00933B,國泰10Y+金融債,36,0,36,元大-桃興,2024-08-23,9894
00919,群益台灣精選高息,35,0,35,元大-桃興,2024-08-23,9894
2891,中信金,50,15,35,元大-桃興,2024-08-23,9894
00673R,期元大S＆P原油反1,35,0,35,元大-桃興,2024-08-23,9894
00679B,元大美債20年,35,0,35,元大-桃興,2024-08-23,9894
2498,宏達電,31,0,31,元大-桃興,2024-08-23,9894
2349,錸德,99,68,31,元大-桃興,2024-08-23,9894
2514,龍邦,30,0,30,元大-桃興,2024-08-23,9894
6788,華景電,31,1,30,元大-桃興,2024-08-23,9894
00669R,國泰美國道瓊反1,30,0,30,元大-桃興,2024-08-23,9894
1314,中石化,35,6,29,元大-桃興,2024-08-23,9894
1708,東鹼,52,23,29,元大-桃興,2024-08-23,9894
4533,協易機,28,0,28,元大-桃興,2024-08-23,9894
6770,力積電,26,0,26,元大-桃興,2024-08-23,9894
3019,亞光,41,16,25,元大-桃興,2024-08-23,9894
2834,臺企銀,25,0,25,元大-桃興,2024-08-23,9894
1785,光洋科,30,7,23,元大-桃興,2024-08-23,9894
2330,台積電,31,9,22,元大-桃興,2024-08-23,9894
1437,勤益控,20,0,20,元大-桃興,2024-08-23,9894
00680L,元大美債20正2,20,0,20,元大-桃興,2024-08-23,9894
2344,華邦電,25,6,19,元大-桃興,2024-08-23,9894
2323,中環,20,1,19,元大-桃興,2024-08-23,9894
00878,國泰永續高股息,22,3,19,元大-桃興,2024-08-23,9894
2356,英業達,21,3,18,元大-桃興,2024-08-23,9894
2609,陽明,24,8,16,元大-桃興,2024-08-23,9894
2615,萬海,17,2,15,元大-桃興,2024-08-23,9894
3189,景碩,30,17,13,元大-桃興,2024-08-23,9894
3686,達能,14,1,13,元大-桃興,2024-08-23,9894
0056,元大高股息,13,0,13,元大-桃興,2024-08-23,9894
00857B,永豐20年美公債,12,0,12,元大-桃興,2024-08-23,9894
00936,台新永續高息中小,11,0,11,元大-桃興,2024-08-23,9894
3029,零壹,12,1,11,元大-桃興,2024-08-23,9894
2201,裕隆,11,0,11,元大-桃興,2024-08-23,9894
8104,錸寶,11,0,11,元大-桃興,2024-08-23,9894
4906,正文,13,2,11,元大-桃興,2024-08-23,9894
2890,永豐金,12,2,10,元大-桃興,2024-08-23,9894
2363,矽統,15,5,10,元大-桃興,2024-08-23,9894
2387,精元,10,0,10,元大-桃興,2024-08-23,9894
00674R,期元大S＆P黃金反1,10,0,10,元大-桃興,2024-08-23,9894
3645,達邁,35,25,10,元大-桃興,2024-08-23,9894
3024,憶聲,10,0,10,元大-桃興,2024-08-23,9894
1310,台苯,10,0,10,元大-桃興,2024-08-23,9894
3652,精聯,19,9,10,元大-桃興,2024-08-23,9894
6274,台燿,10,0,10,元大-桃興,2024-08-23,9894
8070,長華*,17,8,9,元大-桃興,2024-08-23,9894
00929,復華台灣科技優息,169,13,156,元大-桃興,2024-08-26,9894
00919,群益台灣精選高息,146,24,122,元大-桃興,2024-08-26,9894
2891,中信金,93,3,90,元大-桃興,2024-08-26,9894
2834,臺企銀,91,10,81,元大-桃興,2024-08-26,9894
2409,友達,132,52,80,元大-桃興,2024-08-26,9894
2836,高雄銀,60,0,60,元大-桃興,2024-08-26,9894
3481,群創,115,65,50,元大-桃興,2024-08-26,9894
4960,誠美材,50,1,49,元大-桃興,2024-08-26,9894
00679B,元大美債20年,49,2,47,元大-桃興,2024-08-26,9894
00680L,元大美債20正2,45,2,43,元大-桃興,2024-08-26,9894
00687B,國泰20年美債,46,6,40,元大-桃興,2024-08-26,9894
2888,新光金,452,412,40,元大-桃興,2024-08-26,9894
2867,三商壽,64,30,34,元大-桃興,2024-08-26,9894
2313,華通,25,0,25,元大-桃興,2024-08-26,9894
3535,晶彩科,31,6,25,元大-桃興,2024-08-26,9894
2349,錸德,55,31,24,元大-桃興,2024-08-26,9894
3050,鈺德,21,0,21,元大-桃興,2024-08-26,9894
3149,正達,21,0,21,元大-桃興,2024-08-26,9894
00712,復華富時不動產,21,0,21,元大-桃興,2024-08-26,9894
9945,潤泰新,21,1,20,元大-桃興,2024-08-26,9894
5905,南仁湖,22,5,17,元大-桃興,2024-08-26,9894
1612,宏泰,16,0,16,元大-桃興,2024-08-26,9894
2402,毅嘉,86,70,16,元大-桃興,2024-08-26,9894
4771,望隼,15,0,15,元大-桃興,2024-08-26,9894
2449,京元電子,15,0,15,元大-桃興,2024-08-26,9894
8107,大億金茂,18,3,15,元大-桃興,2024-08-26,9894
4743,合一,16,1,15,元大-桃興,2024-08-26,9894
4714,永捷,15,1,14,元大-桃興,2024-08-26,9894
5452,佶優,19,6,13,元大-桃興,2024-08-26,9894
1316,上曜,13,0,13,元大-桃興,2024-08-26,9894
1409,新纖,32,20,12,元大-桃興,2024-08-26,9894
3390,旭軟,17,6,11,元大-桃興,2024-08-26,9894
5443,均豪,126,115,11,元大-桃興,2024-08-26,9894
3047,訊舟,55,44,11,元大-桃興,2024-08-26,9894
6143,振曜,38,28,10,元大-桃興,2024-08-26,9894
2641,正德,10,0,10,元大-桃興,2024-08-26,9894
4111,濟生,10,0,10,元大-桃興,2024-08-26,9894
8091,翔名,10,0,10,元大-桃興,2024-08-26,9894
8374,羅昇,12,2,10,元大-桃興,2024-08-26,9894
2905,三商,10,0,10,元大-桃興,2024-08-26,9894
2530,華建,10,0,10,元大-桃興,2024-08-26,9894
2368,金像電,12,2,10,元大-桃興,2024-08-26,9894
8021,尖點,19,9,10,元大-桃興,2024-08-26,9894
6451,訊芯-KY,11,1,10,元大-桃興,2024-08-26,9894
3037,欣興,45,36,9,元大-桃興,2024-08-26,9894
00881,國泰台灣5G+,9,0,9,元大-桃興,2024-08-26,9894
00947,台新臺灣IC設計,9,0,9,元大-桃興,2024-08-26,9894
3058,立德,13,4,9,元大-桃興,2024-08-26,9894
4526,東台,18,9,9,元大-桃興,2024-08-26,9894
4510,高鋒,10,1,9,元大-桃興,2024-08-26,9894
00933B,國泰10Y+金融債,138,0,138,元大-桃興,2024-08-27,9894
00948B,中信優息投資級債,131,0,131,元大-桃興,2024-08-27,9894
2836,高雄銀,126,0,126,元大-桃興,2024-08-27,9894
2891,中信金,123,15,108,元大-桃興,2024-08-27,9894
00632R,元大台灣50反1,105,1,104,元大-桃興,2024-08-27,9894
1587,吉茂,97,0,97,元大-桃興,2024-08-27,9894
2867,三商壽,54,0,54,元大-桃興,2024-08-27,9894
00929,復華台灣科技優息,53,0,53,元大-桃興,2024-08-27,9894
1301,台塑,51,0,51,元大-桃興,2024-08-27,9894
2605,新興,50,0,50,元大-桃興,2024-08-27,9894
5464,霖宏,50,0,50,元大-桃興,2024-08-27,9894
2349,錸德,56,7,49,元大-桃興,2024-08-27,9894
9105,泰金寶-DR,52,8,44,元大-桃興,2024-08-27,9894
2615,萬海,42,2,40,元大-桃興,2024-08-27,9894
2609,陽明,66,28,38,元大-桃興,2024-08-27,9894
00919,群益台灣精選高息,38,0,38,元大-桃興,2024-08-27,9894
00937B,群益ESG投等債20,37,0,37,元大-桃興,2024-08-27,9894
2515,中工,35,7,28,元大-桃興,2024-08-27,9894
2637,慧洋-KY,27,1,26,元大-桃興,2024-08-27,9894
00687B,國泰20年美債,34,8,26,元大-桃興,2024-08-27,9894
2603,長榮,35,11,24,元大-桃興,2024-08-27,9894
2465,麗臺,31,8,23,元大-桃興,2024-08-27,9894
3450,聯鈞,124,101,23,元大-桃興,2024-08-27,9894
8064,東捷,71,49,22,元大-桃興,2024-08-27,9894
3033,威健,67,49,18,元大-桃興,2024-08-27,9894
5880,合庫金,18,0,18,元大-桃興,2024-08-27,9894
5876,上海商銀,17,0,17,元大-桃興,2024-08-27,9894
6207,雷科,83,66,17,元大-桃興,2024-08-27,9894
00918,大華優利高填息30,17,0,17,元大-桃興,2024-08-27,9894
00940,元大台灣價值高息,33,17,16,元大-桃興,2024-08-27,9894
1409,新纖,15,0,15,元大-桃興,2024-08-27,9894
00712,復華富時不動產,15,0,15,元大-桃興,2024-08-27,9894
6116,彩晶,14,0,14,元大-桃興,2024-08-27,9894
2485,兆赫,14,0,14,元大-桃興,2024-08-27,9894
0056,元大高股息,15,1,14,元大-桃興,2024-08-27,9894
2330,台積電,14,1,13,元大-桃興,2024-08-27,9894
00878,國泰永續高股息,20,7,13,元大-桃興,2024-08-27,9894
00680L,元大美債20正2,12,0,12,元大-桃興,2024-08-27,9894
8277,商丞,12,0,12,元大-桃興,2024-08-27,9894
2887,台新金,17,6,11,元大-桃興,2024-08-27,9894
3293,鈊象,15,4,11,元大-桃興,2024-08-27,9894
3576,聯合再生,10,0,10,元大-桃興,2024-08-27,9894
3714,富采,10,0,10,元大-桃興,2024-08-27,9894
4105,東洋,10,0,10,元大-桃興,2024-08-27,9894
6548,長科*,12,2,10,元大-桃興,2024-08-27,9894
5905,南仁湖,10,0,10,元大-桃興,2024-08-27,9894
4157,太景*-KY,10,0,10,元大-桃興,2024-08-27,9894
00923,群益台ESG低碳50,9,0,9,元大-桃興,2024-08-27,9894
6213,聯茂,12,3,9,元大-桃興,2024-08-27,9894
2353,宏��,11,2,9,元大-桃興,2024-08-27,9894
4960,誠美材,164,1,163,元大-桃興,2024-08-28,9894
2867,三商壽,75,8,67,元大-桃興,2024-08-28,9894
1528,恩德,69,6,63,元大-桃興,2024-08-28,9894
2392,正崴,48,8,40,元大-桃興,2024-08-28,9894
9945,潤泰新,42,4,38,元大-桃興,2024-08-28,9894
2402,毅嘉,48,14,34,元大-桃興,2024-08-28,9894
00751B,元大AAA至A公司債,31,0,31,元大-桃興,2024-08-28,9894
00919,群益台灣精選高息,41,10,31,元大-桃興,2024-08-28,9894
00929,復華台灣科技優息,33,2,31,元大-桃興,2024-08-28,9894
00637L,元大滬深300正2,30,0,30,元大-桃興,2024-08-28,9894
00687B,國泰20年美債,30,0,30,元大-桃興,2024-08-28,9894
4157,太景*-KY,30,0,30,元大-桃興,2024-08-28,9894
00948B,中信優息投資級債,30,0,30,元大-桃興,2024-08-28,9894
1587,吉茂,30,0,30,元大-桃興,2024-08-28,9894
8111,立��,41,11,30,元大-桃興,2024-08-28,9894
2890,永豐金,28,0,28,元大-桃興,2024-08-28,9894
00680L,元大美債20正2,26,0,26,元大-桃興,2024-08-28,9894
4562,穎漢,48,23,25,元大-桃興,2024-08-28,9894
2409,友達,56,31,25,元大-桃興,2024-08-28,9894
3062,建漢,35,10,25,元大-桃興,2024-08-28,9894
2891,中信金,39,17,22,元大-桃興,2024-08-28,9894
8039,台虹,39,17,22,元大-桃興,2024-08-28,9894
2605,新興,21,0,21,元大-桃興,2024-08-28,9894
2501,國建,27,7,20,元大-桃興,2024-08-28,9894
4707,磐亞,18,0,18,元大-桃興,2024-08-28,9894
3019,亞光,19,3,16,元大-桃興,2024-08-28,9894
3710,連展投控,16,0,16,元大-桃興,2024-08-28,9894
6117,迎廣,16,0,16,元大-桃興,2024-08-28,9894
4510,高鋒,35,20,15,元大-桃興,2024-08-28,9894
3163,波若威,26,12,14,元大-桃興,2024-08-28,9894
2323,中環,20,7,13,元大-桃興,2024-08-28,9894
4526,東台,27,14,13,元大-桃興,2024-08-28,9894
3673,TPK-KY,18,5,13,元大-桃興,2024-08-28,9894
8070,長華*,17,5,12,元大-桃興,2024-08-28,9894
5443,均豪,79,68,11,元大-桃興,2024-08-28,9894
5464,霖宏,11,0,11,元大-桃興,2024-08-28,9894
4967,十銓,13,2,11,元大-桃興,2024-08-28,9894
00937B,群益ESG投等債20,17,7,10,元大-桃興,2024-08-28,9894
6177,達麗,12,2,10,元大-桃興,2024-08-28,9894
2031,新光鋼,10,0,10,元大-桃興,2024-08-28,9894
2349,錸德,19,9,10,元大-桃興,2024-08-28,9894
00706L,期元大S＆P日圓正2,10,0,10,元大-桃興,2024-08-28,9894
4771,望隼,10,0,10,元大-桃興,2024-08-28,9894
3058,立德,10,0,10,元大-桃興,2024-08-28,9894
8032,光菱,10,0,10,元大-桃興,2024-08-28,9894
2641,正德,10,0,10,元大-桃興,2024-08-28,9894
3522,御嵿,10,0,10,元大-桃興,2024-08-28,9894
3535,晶彩科,40,30,10,元大-桃興,2024-08-28,9894
2836,高雄銀,10,0,10,元大-桃興,2024-08-28,9894
3490,單井,10,0,10,元大-桃興,2024-08-28,9894
00937B,群益ESG投等債20,131,30,101,元大-桃興,2024-08-29,9894
00715L,期街口布蘭特正2,84,0,84,元大-桃興,2024-08-29,9894
00940,元大台灣價值高息,114,37,77,元大-桃興,2024-08-29,9894
2891,中信金,52,0,52,元大-桃興,2024-08-29,9894
00929,復華台灣科技優息,58,12,46,元大-桃興,2024-08-29,9894
00751B,元大AAA至A公司債,41,0,41,元大-桃興,2024-08-29,9894
1540,喬福,153,117,36,元大-桃興,2024-08-29,9894
2317,鴻海,53,19,34,元大-桃興,2024-08-29,9894
2382,廣達,43,13,30,元大-桃興,2024-08-29,9894
00687B,國泰20年美債,54,25,29,元大-桃興,2024-08-29,9894
2330,台積電,28,3,25,元大-桃興,2024-08-29,9894
2374,佳能,23,2,21,元大-桃興,2024-08-29,9894
00680L,元大美債20正2,21,0,21,元大-桃興,2024-08-29,9894
1102,亞泥,20,0,20,元大-桃興,2024-08-29,9894
6177,達麗,20,0,20,元大-桃興,2024-08-29,9894
4526,東台,123,103,20,元大-桃興,2024-08-29,9894
2425,承啟,34,15,19,元大-桃興,2024-08-29,9894
3535,晶彩科,22,4,18,元大-桃興,2024-08-29,9894
3149,正達,20,2,18,元大-桃興,2024-08-29,9894
8996,高力,22,4,18,元大-桃興,2024-08-29,9894
2353,宏��,17,1,16,元大-桃興,2024-08-29,9894
1409,新纖,22,6,16,元大-桃興,2024-08-29,9894
00674R,期元大S＆P黃金反1,15,0,15,元大-桃興,2024-08-29,9894
2362,藍天,21,7,14,元大-桃興,2024-08-29,9894
3707,漢磊,14,0,14,元大-桃興,2024-08-29,9894
3163,波若威,31,17,14,元大-桃興,2024-08-29,9894
6788,華景電,14,0,14,元大-桃興,2024-08-29,9894
2834,臺企銀,13,0,13,元大-桃興,2024-08-29,9894
1316,上曜,17,4,13,元大-桃興,2024-08-29,9894
1314,中石化,13,1,12,元大-桃興,2024-08-29,9894
2890,永豐金,12,0,12,元大-桃興,2024-08-29,9894
1532,勤美,11,0,11,元大-桃興,2024-08-29,9894
00637L,元大滬深300正2,41,30,11,元大-桃興,2024-08-29,9894
4771,望隼,11,0,11,元大-桃興,2024-08-29,9894
2314,台揚,11,0,11,元大-桃興,2024-08-29,9894
3437,榮創,52,41,11,元大-桃興,2024-08-29,9894
2426,鼎元,10,0,10,元大-桃興,2024-08-29,9894
3455,由田,12,2,10,元大-桃興,2024-08-29,9894
2504,國產,11,2,9,元大-桃興,2024-08-29,9894
1721,三晃,30,21,9,元大-桃興,2024-08-29,9894
00830,國泰費城半導體,9,0,9,元大-桃興,2024-08-29,9894
2312,金寶,15,6,9,元大-桃興,2024-08-29,9894
3019,亞光,62,53,9,元大-桃興,2024-08-29,9894
2520,冠德,19,10,9,元大-桃興,2024-08-29,9894
2356,英業達,13,4,9,元大-桃興,2024-08-29,9894
3528,安馳,9,0,9,元大-桃興,2024-08-29,9894
3231,緯創,21,13,8,元大-桃興,2024-08-29,9894
4563,百德,29,21,8,元大-桃興,2024-08-29,9894
00795B,中信美國公債20年,8,0,8,元大-桃興,2024-08-29,9894
2845,遠東銀,8,0,8,元大-桃興,2024-08-29,9894
1711,永光,238,73,165,元大-桃興,2024-08-30,9894
00687B,國泰20年美債,95,0,95,元大-桃興,2024-08-30,9894
4714,永捷,60,2,58,元大-桃興,2024-08-30,9894
00937B,群益ESG投等債20,51,0,51,元大-桃興,2024-08-30,9894
00919,群益台灣精選高息,73,23,50,元大-桃興,2024-08-30,9894
2610,華航,51,4,47,元大-桃興,2024-08-30,9894
3673,TPK-KY,58,12,46,元大-桃興,2024-08-30,9894
00918,大華優利高填息30,37,0,37,元大-桃興,2024-08-30,9894
0056,元大高股息,41,5,36,元大-桃興,2024-08-30,9894
3227,原相,32,1,31,元大-桃興,2024-08-30,9894
2409,友達,31,3,28,元大-桃興,2024-08-30,9894
4561,健椿,32,4,28,元大-桃興,2024-08-30,9894
5439,高技,34,6,28,元大-桃興,2024-08-30,9894
00929,復華台灣科技優息,40,14,26,元大-桃興,2024-08-30,9894
3167,大量,44,20,24,元大-桃興,2024-08-30,9894
6215,和椿,64,42,22,元大-桃興,2024-08-30,9894
4543,萬在,22,0,22,元大-桃興,2024-08-30,9894
1905,華紙,22,0,22,元大-桃興,2024-08-30,9894
9136,巨騰-DR,22,0,22,元大-桃興,2024-08-30,9894
2880,華南金,22,1,21,元大-桃興,2024-08-30,9894
3003,健和興,21,0,21,元大-桃興,2024-08-30,9894
8085,福華,25,5,20,元大-桃興,2024-08-30,9894
2641,正德,20,0,20,元大-桃興,2024-08-30,9894
3535,晶彩科,21,1,20,元大-桃興,2024-08-30,9894
5225,東科-KY,20,0,20,元大-桃興,2024-08-30,9894
3048,益登,20,0,20,元大-桃興,2024-08-30,9894
00632R,元大台灣50反1,51,32,19,元大-桃興,2024-08-30,9894
1540,喬福,28,9,19,元大-桃興,2024-08-30,9894
4571,鈞興-KY,19,0,19,元大-桃興,2024-08-30,9894
00679B,元大美債20年,23,5,18,元大-桃興,2024-08-30,9894
3312,弘憶股,21,3,18,元大-桃興,2024-08-30,9894
4909,新復興,34,17,17,元大-桃興,2024-08-30,9894
1314,中石化,17,0,17,元大-桃興,2024-08-30,9894
4979,華星光,19,2,17,元大-桃興,2024-08-30,9894
2891,中信金,26,10,16,元大-桃興,2024-08-30,9894
00795B,中信美國公債20年,16,0,16,元大-桃興,2024-08-30,9894
6213,聯茂,28,13,15,元大-桃興,2024-08-30,9894
3013,晟銘電,20,5,15,元大-桃興,2024-08-30,9894
2537,聯上發,15,0,15,元大-桃興,2024-08-30,9894
2504,國產,15,2,13,元大-桃興,2024-08-30,9894
4303,信立,18,5,13,元大-桃興,2024-08-30,9894
00751B,元大AAA至A公司債,13,0,13,元大-桃興,2024-08-30,9894
6438,迅得,13,0,13,元大-桃興,2024-08-30,9894
00940,元大台灣價值高息,59,48,11,元大-桃興,2024-08-30,9894
00933B,國泰10Y+金融債,12,0,12,元大-桃興,2024-08-30,9894
4576,大銀微系統,13,2,11,元大-桃興,2024-08-30,9894
2356,英業達,18,7,11,元大-桃興,2024-08-30,9894
6548,長科*,16,5,11,元大-桃興,2024-08-30,9894
1504,東元,10,0,10,元大-桃興,2024-08-30,9894
2362,藍天,17,7,10,元大-桃興,2024-08-30,9894
00715L,期街口布蘭特正2,261,1,260,元大-桃興,2024-09-02,9894
00680L,元大美債20正2,164,0,164,元大-桃興,2024-09-02,9894
00687B,國泰20年美債,117,2,115,元大-桃興,2024-09-02,9894
00919,群益台灣精選高息,115,2,113,元大-桃興,2024-09-02,9894
2609,陽明,73,18,55,元大-桃興,2024-09-02,9894
2891,中信金,58,8,50,元大-桃興,2024-09-02,9894
00679B,元大美債20年,49,0,49,元大-桃興,2024-09-02,9894
00937B,群益ESG投等債20,68,20,48,元大-桃興,2024-09-02,9894
00929,復華台灣科技優息,52,5,47,元大-桃興,2024-09-02,9894
3481,群創,49,6,43,元大-桃興,2024-09-02,9894
00933B,國泰10Y+金融債,40,0,40,元大-桃興,2024-09-02,9894
00882,中信中國高股息,40,0,40,元大-桃興,2024-09-02,9894
3390,旭軟,45,7,38,元大-桃興,2024-09-02,9894
4960,誠美材,36,2,34,元大-桃興,2024-09-02,9894
2317,鴻海,36,6,30,元大-桃興,2024-09-02,9894
00915,凱基優選高股息30,33,4,29,元大-桃興,2024-09-02,9894
4714,永捷,63,34,29,元大-桃興,2024-09-02,9894
6152,百一,35,6,29,元大-桃興,2024-09-02,9894
1314,中石化,33,5,28,元大-桃興,2024-09-02,9894
00795B,中信美國公債20年,27,0,27,元大-桃興,2024-09-02,9894
00713,元大台灣高息低波,27,0,27,元大-桃興,2024-09-02,9894
00688L,國泰20年美債正2,23,0,23,元大-桃興,2024-09-02,9894
6207,雷科,38,15,23,元大-桃興,2024-09-02,9894
3149,正達,37,14,23,元大-桃興,2024-09-02,9894
2352,佳世達,30,7,23,元大-桃興,2024-09-02,9894
5243,乙盛-KY,22,0,22,元大-桃興,2024-09-02,9894
00948B,中信優息投資級債,21,0,21,元大-桃興,2024-09-02,9894
2603,長榮,22,1,21,元大-桃興,2024-09-02,9894
00951,台新日本半導體,20,0,20,元大-桃興,2024-09-02,9894
3167,大量,19,0,19,元大-桃興,2024-09-02,9894
6770,力積電,18,0,18,元大-桃興,2024-09-02,9894
00665L,富邦�琤肭磪囓�2,75,57,18,元大-桃興,2024-09-02,9894
6658,聯策,36,18,18,元大-桃興,2024-09-02,9894
00751B,元大AAA至A公司債,17,0,17,元大-桃興,2024-09-02,9894
2356,英業達,25,8,17,元大-桃興,2024-09-02,9894
2313,華通,23,6,17,元大-桃興,2024-09-02,9894
00918,大華優利高填息30,19,3,16,元大-桃興,2024-09-02,9894
4510,高鋒,35,20,15,元大-桃興,2024-09-02,9894
6548,長科*,15,0,15,元大-桃興,2024-09-02,9894
00708L,期元大S＆P黃金正2,14,0,14,元大-桃興,2024-09-02,9894
8043,蜜望實,24,10,14,元大-桃興,2024-09-02,9894
8105,凌巨,45,32,13,元大-桃興,2024-09-02,9894
00642U,期元大S＆P石油,11,0,11,元大-桃興,2024-09-02,9894
4906,正文,11,0,11,元大-桃興,2024-09-02,9894
6215,和椿,16,5,11,元大-桃興,2024-09-02,9894
3189,景碩,17,7,10,元大-桃興,2024-09-02,9894
2025,千興,10,0,10,元大-桃興,2024-09-02,9894
2851,中再保,10,0,10,元大-桃興,2024-09-02,9894
1313,聯成,10,0,10,元大-桃興,2024-09-02,9894
1440,南紡,10,0,10,元大-桃興,2024-09-02,9894
00919,群益台灣精選高息,278,5,273,元大-桃興,2024-09-03,9894
00948B,中信優息投資級債,138,0,138,元大-桃興,2024-09-03,9894
00688L,國泰20年美債正2,100,0,100,元大-桃興,2024-09-03,9894
00937B,群益ESG投等債20,71,1,70,元大-桃興,2024-09-03,9894
00637L,元大滬深300正2,68,0,68,元大-桃興,2024-09-03,9894
00915,凱基優選高股息30,59,0,59,元大-桃興,2024-09-03,9894
00929,復華台灣科技優息,150,92,58,元大-桃興,2024-09-03,9894
00918,大華優利高填息30,65,15,50,元大-桃興,2024-09-03,9894
3481,群創,74,30,44,元大-桃興,2024-09-03,9894
0056,元大高股息,43,5,38,元大-桃興,2024-09-03,9894
4906,正文,39,2,37,元大-桃興,2024-09-03,9894
3167,大量,50,15,35,元大-桃興,2024-09-03,9894
2887,台新金,35,1,34,元大-桃興,2024-09-03,9894
00878,國泰永續高股息,31,1,30,元大-桃興,2024-09-03,9894
2881,富邦金,44,15,29,元大-桃興,2024-09-03,9894
6207,雷科,43,14,29,元大-桃興,2024-09-03,9894
6770,力積電,29,1,28,元大-桃興,2024-09-03,9894
00940,元大台灣價值高息,70,42,28,元大-桃興,2024-09-03,9894
9902,台火,28,0,28,元大-桃興,2024-09-03,9894
1314,中石化,27,1,26,元大-桃興,2024-09-03,9894
00935,野村臺灣新科技50,25,0,25,元大-桃興,2024-09-03,9894
2609,陽明,37,12,25,元大-桃興,2024-09-03,9894
00719B,元大美債1-3,22,0,22,元大-桃興,2024-09-03,9894
3576,聯合再生,21,0,21,元大-桃興,2024-09-03,9894
2365,昆盈,74,54,20,元大-桃興,2024-09-03,9894
2312,金寶,21,1,20,元大-桃興,2024-09-03,9894
3231,緯創,22,5,17,元大-桃興,2024-09-03,9894
2323,中環,17,0,17,元大-桃興,2024-09-03,9894
00687B,國泰20年美債,18,1,17,元大-桃興,2024-09-03,9894
2408,南亞科,15,0,15,元大-桃興,2024-09-03,9894
4956,光鋐,17,2,15,元大-桃興,2024-09-03,9894
6213,聯茂,53,39,14,元大-桃興,2024-09-03,9894
00934,中信成長高股息,14,0,14,元大-桃興,2024-09-03,9894
6177,達麗,12,0,12,元大-桃興,2024-09-03,9894
3005,神基,13,1,12,元大-桃興,2024-09-03,9894
2337,旺宏,12,0,12,元大-桃興,2024-09-03,9894
3003,健和興,12,1,11,元大-桃興,2024-09-03,9894
2362,藍天,11,0,11,元大-桃興,2024-09-03,9894
00882,中信中國高股息,13,2,11,元大-桃興,2024-09-03,9894
6805,富世達,11,0,11,元大-桃興,2024-09-03,9894
3287,廣寰科,11,0,11,元大-桃興,2024-09-03,9894
2538,基泰,11,0,11,元大-桃興,2024-09-03,9894
00951,台新日本半導體,11,0,11,元大-桃興,2024-09-03,9894
1301,台塑,11,1,10,元大-桃興,2024-09-03,9894
2883,凱基金,11,0,11,元大-桃興,2024-09-03,9894
2915,潤泰全,10,0,10,元大-桃興,2024-09-03,9894
2605,新興,10,0,10,元大-桃興,2024-09-03,9894
1721,三晃,22,12,10,元大-桃興,2024-09-03,9894
6108,競國,10,0,10,元大-桃興,2024-09-03,9894
1717,長興,10,0,10,元大-桃興,2024-09-03,9894
00715L,期街口布蘭特正2,460,1,459,元大-桃興,2024-09-04,9894
00940,元大台灣價值高息,640,247,393,元大-桃興,2024-09-04,9894
00919,群益台灣精選高息,338,62,276,元大-桃興,2024-09-04,9894
00878,國泰永續高股息,266,12,254,元大-桃興,2024-09-04,9894
00929,復華台灣科技優息,345,112,233,元大-桃興,2024-09-04,9894
0056,元大高股息,216,8,208,元大-桃興,2024-09-04,9894
00918,大華優利高填息30,242,45,197,元大-桃興,2024-09-04,9894
00632R,元大台灣50反1,569,422,147,元大-桃興,2024-09-04,9894
2409,友達,136,2,134,元大-桃興,2024-09-04,9894
00948B,中信優息投資級債,70,0,70,元大-桃興,2024-09-04,9894
2312,金寶,81,15,66,元大-桃興,2024-09-04,9894
5512,力麒,65,0,65,元大-桃興,2024-09-04,9894
2330,台積電,75,13,62,元大-桃興,2024-09-04,9894
9105,泰金寶-DR,58,7,51,元大-桃興,2024-09-04,9894
2897,王道銀行,50,1,49,元大-桃興,2024-09-04,9894
2356,英業達,49,1,48,元大-桃興,2024-09-04,9894
2609,陽明,67,20,47,元大-桃興,2024-09-04,9894
1301,台塑,47,0,47,元大-桃興,2024-09-04,9894
3481,群創,70,27,43,元大-桃興,2024-09-04,9894
2891,中信金,62,21,41,元大-桃興,2024-09-04,9894
0050,元大台灣50,40,4,36,元大-桃興,2024-09-04,9894
3037,欣興,45,9,36,元大-桃興,2024-09-04,9894
00935,野村臺灣新科技50,35,0,35,元大-桃興,2024-09-04,9894
1326,台化,33,2,31,元大-桃興,2024-09-04,9894
4714,永捷,62,31,31,元大-桃興,2024-09-04,9894
1303,南亞,38,7,31,元大-桃興,2024-09-04,9894
006208,富邦台50,31,1,30,元大-桃興,2024-09-04,9894
00915,凱基優選高股息30,34,5,29,元大-桃興,2024-09-04,9894
2834,臺企銀,31,3,28,元大-桃興,2024-09-04,9894
2002,中鋼,27,0,27,元大-桃興,2024-09-04,9894
00951,台新日本半導體,26,0,26,元大-桃興,2024-09-04,9894
00712,復華富時不動產,26,0,26,元大-桃興,2024-09-04,9894
2610,華航,31,6,25,元大-桃興,2024-09-04,9894
4561,健椿,55,30,25,元大-桃興,2024-09-04,9894
2382,廣達,36,12,24,元大-桃興,2024-09-04,9894
2337,旺宏,36,12,24,元大-桃興,2024-09-04,9894
6770,力積電,38,16,22,元大-桃興,2024-09-04,9894
2892,第一金,22,0,22,元大-桃興,2024-09-04,9894
5880,合庫金,22,0,22,元大-桃興,2024-09-04,9894
00922,國泰台灣領袖50,21,0,21,元大-桃興,2024-09-04,9894
2313,華通,24,3,21,元大-桃興,2024-09-04,9894
2317,鴻海,82,61,21,元大-桃興,2024-09-04,9894
3231,緯創,30,10,20,元大-桃興,2024-09-04,9894
2359,所羅門,36,16,20,元大-桃興,2024-09-04,9894
2324,仁寶,20,0,20,元大-桃興,2024-09-04,9894
1316,上曜,22,2,20,元大-桃興,2024-09-04,9894
3390,旭軟,21,1,20,元大-桃興,2024-09-04,9894
3006,晶豪科,22,3,19,元大-桃興,2024-09-04,9894
2464,盟立,23,4,19,元大-桃興,2024-09-04,9894
2882,國泰金,35,16,19,元大-桃興,2024-09-04,9894
00715L,期街口布蘭特正2,418,8,410,元大-桃興,2024-09-05,9894
00918,大華優利高填息30,251,73,178,元大-桃興,2024-09-05,9894
00937B,群益ESG投等債20,146,14,132,元大-桃興,2024-09-05,9894
00679B,元大美債20年,145,13,132,元大-桃興,2024-09-05,9894
00878,國泰永續高股息,92,2,90,元大-桃興,2024-09-05,9894
00915,凱基優選高股息30,70,2,68,元大-桃興,2024-09-05,9894
00929,復華台灣科技優息,144,80,64,元大-桃興,2024-09-05,9894
00940,元大台灣價值高息,147,87,60,元大-桃興,2024-09-05,9894
1711,永光,61,6,55,元大-桃興,2024-09-05,9894
1540,喬福,149,98,51,元大-桃興,2024-09-05,9894
2867,三商壽,52,1,51,元大-桃興,2024-09-05,9894
2317,鴻海,65,21,44,元大-桃興,2024-09-05,9894
2337,旺宏,44,1,43,元大-桃興,2024-09-05,9894
00713,元大台灣高息低波,49,14,35,元大-桃興,2024-09-05,9894
2543,皇昌,33,0,33,元大-桃興,2024-09-05,9894
4510,高鋒,68,36,32,元大-桃興,2024-09-05,9894
00952,凱基台灣AI50,30,0,30,元大-桃興,2024-09-05,9894
2409,友達,35,7,28,元大-桃興,2024-09-05,9894
0056,元大高股息,29,1,28,元大-桃興,2024-09-05,9894
00919,群益台灣精選高息,205,178,27,元大-桃興,2024-09-05,9894
4909,新復興,34,8,26,元大-桃興,2024-09-05,9894
1314,中石化,25,0,25,元大-桃興,2024-09-05,9894
2368,金像電,26,2,24,元大-桃興,2024-09-05,9894
00927,群益半導體收益,43,20,23,元大-桃興,2024-09-05,9894
2887,台新金,23,0,23,元大-桃興,2024-09-05,9894
2382,廣達,26,4,22,元大-桃興,2024-09-05,9894
2371,大同,23,1,22,元大-桃興,2024-09-05,9894
3707,漢磊,20,0,20,元大-桃興,2024-09-05,9894
00688L,國泰20年美債正2,20,0,20,元大-桃興,2024-09-05,9894
2313,華通,22,3,19,元大-桃興,2024-09-05,9894
5443,均豪,64,45,19,元大-桃興,2024-09-05,9894
1303,南亞,20,1,19,元大-桃興,2024-09-05,9894
4562,穎漢,42,23,19,元大-桃興,2024-09-05,9894
00637L,元大滬深300正2,29,10,19,元大-桃興,2024-09-05,9894
2402,毅嘉,69,50,19,元大-桃興,2024-09-05,9894
3019,亞光,29,12,17,元大-桃興,2024-09-05,9894
2426,鼎元,20,3,17,元大-桃興,2024-09-05,9894
00850,元大臺灣ESG永續,17,1,16,元大-桃興,2024-09-05,9894
00945B,凱基美國非投等債,17,1,16,元大-桃興,2024-09-05,9894
3037,欣興,28,13,15,元大-桃興,2024-09-05,9894
1513,中興電,16,2,14,元大-桃興,2024-09-05,9894
2408,南亞科,16,2,14,元大-桃興,2024-09-05,9894
2344,華邦電,15,1,14,元大-桃興,2024-09-05,9894
3167,大量,27,13,14,元大-桃興,2024-09-05,9894
2002,中鋼,16,3,13,元大-桃興,2024-09-05,9894
00642U,期元大S＆P石油,13,0,13,元大-桃興,2024-09-05,9894
00934,中信成長高股息,13,0,13,元大-桃興,2024-09-05,9894
6108,競國,13,0,13,元大-桃興,2024-09-05,9894
00696B,富邦美債20年,13,0,13,元大-桃興,2024-09-05,9894
1101,台泥,13,1,12,元大-桃興,2024-09-05,9894
00680L,元大美債20正2,210,32,178,元大-桃興,2024-09-06,9894
00687B,國泰20年美債,203,31,172,元大-桃興,2024-09-06,9894
00933B,國泰10Y+金融債,121,0,121,元大-桃興,2024-09-06,9894
00715L,期街口布蘭特正2,105,0,105,元大-桃興,2024-09-06,9894
00688L,國泰20年美債正2,120,65,55,元大-桃興,2024-09-06,9894
00918,大華優利高填息30,63,17,46,元大-桃興,2024-09-06,9894
00919,群益台灣精選高息,56,11,45,元大-桃興,2024-09-06,9894
00940,元大台灣價值高息,158,114,44,元大-桃興,2024-09-06,9894
2317,鴻海,47,10,37,元大-桃興,2024-09-06,9894
2323,中環,32,0,32,元大-桃興,2024-09-06,9894
00937B,群益ESG投等債20,121,90,31,元大-桃興,2024-09-06,9894
2208,台船,30,0,30,元大-桃興,2024-09-06,9894
2464,盟立,62,37,25,元大-桃興,2024-09-06,9894
8070,長華*,24,2,22,元大-桃興,2024-09-06,9894
8027,鈦昇,24,2,22,元大-桃興,2024-09-06,9894
00929,復華台灣科技優息,52,31,21,元大-桃興,2024-09-06,9894
3481,群創,25,4,21,元大-桃興,2024-09-06,9894
2327,國巨,21,0,21,元大-桃興,2024-09-06,9894
2614,東森,20,0,20,元大-桃興,2024-09-06,9894
2349,錸德,20,0,20,元大-桃興,2024-09-06,9894
6770,力積電,51,33,18,元大-桃興,2024-09-06,9894
0056,元大高股息,26,9,17,元大-桃興,2024-09-06,9894
1314,中石化,47,30,17,元大-桃興,2024-09-06,9894
00931B,統一美債20年,20,3,17,元大-桃興,2024-09-06,9894
2610,華航,16,0,16,元大-桃興,2024-09-06,9894
2312,金寶,16,1,15,元大-桃興,2024-09-06,9894
00953B,群益優選非投等債,15,0,15,元大-桃興,2024-09-06,9894
3062,建漢,26,13,13,元大-桃興,2024-09-06,9894
6194,育富,13,0,13,元大-桃興,2024-09-06,9894
8111,立��,15,3,12,元大-桃興,2024-09-06,9894
1605,華新,12,0,12,元大-桃興,2024-09-06,9894
6216,居易,11,0,11,元大-桃興,2024-09-06,9894
5443,均豪,53,42,11,元大-桃興,2024-09-06,9894
00952,凱基台灣AI50,10,0,10,元大-桃興,2024-09-06,9894
6116,彩晶,12,2,10,元大-桃興,2024-09-06,9894
2888,新光金,18,8,10,元大-桃興,2024-09-06,9894
2408,南亞科,10,0,10,元大-桃興,2024-09-06,9894
4566,時碩工業,14,4,10,元大-桃興,2024-09-06,9894
00632R,元大台灣50反1,30,20,10,元大-桃興,2024-09-06,9894
2547,日勝生,10,0,10,元大-桃興,2024-09-06,9894
3010,華立,10,0,10,元大-桃興,2024-09-06,9894
6152,百一,10,0,10,元大-桃興,2024-09-06,9894
1718,中纖,10,0,10,元大-桃興,2024-09-06,9894
2108,南帝,10,0,10,元大-桃興,2024-09-06,9894
2062,橋椿,12,2,10,元大-桃興,2024-09-06,9894
2313,華通,24,14,10,元大-桃興,2024-09-06,9894
4729,熒茂,11,1,10,元大-桃興,2024-09-06,9894
3576,聯合再生,10,0,10,元大-桃興,2024-09-06,9894
2002,中鋼,11,1,10,元大-桃興,2024-09-06,9894
2105,正新,10,1,9,元大-桃興,2024-09-06,9894
00680L,元大美債20正2,228,15,213,元大-桃興,2024-09-09,9894
00929,復華台灣科技優息,218,17,201,元大-桃興,2024-09-09,9894
00937B,群益ESG投等債20,213,54,159,元大-桃興,2024-09-09,9894
00919,群益台灣精選高息,159,6,153,元大-桃興,2024-09-09,9894
00918,大華優利高填息30,116,0,116,元大-桃興,2024-09-09,9894
2905,三商,110,0,110,元大-桃興,2024-09-09,9894
00637L,元大滬深300正2,79,0,79,元大-桃興,2024-09-09,9894
00878,國泰永續高股息,91,19,72,元大-桃興,2024-09-09,9894
00715L,期街口布蘭特正2,67,0,67,元大-桃興,2024-09-09,9894
2382,廣達,58,7,51,元大-桃興,2024-09-09,9894
00935,野村臺灣新科技50,55,5,50,元大-桃興,2024-09-09,9894
2891,中信金,51,6,45,元大-桃興,2024-09-09,9894
2885,元大金,47,2,45,元大-桃興,2024-09-09,9894
00940,元大台灣價值高息,137,93,44,元大-桃興,2024-09-09,9894
5876,上海商銀,43,0,43,元大-桃興,2024-09-09,9894
00687B,國泰20年美債,53,13,40,元大-桃興,2024-09-09,9894
6770,力積電,55,17,38,元大-桃興,2024-09-09,9894
3715,定穎投控,60,24,36,元大-桃興,2024-09-09,9894
2337,旺宏,38,5,33,元大-桃興,2024-09-09,9894
1326,台化,32,0,32,元大-桃興,2024-09-09,9894
00931B,統一美債20年,30,2,28,元大-桃興,2024-09-09,9894
3481,群創,35,9,26,元大-桃興,2024-09-09,9894
00712,復華富時不動產,24,0,24,元大-桃興,2024-09-09,9894
3024,憶聲,23,0,23,元大-桃興,2024-09-09,9894
2615,萬海,23,0,23,元大-桃興,2024-09-09,9894
2349,錸德,29,6,23,元大-桃興,2024-09-09,9894
00882,中信中國高股息,23,0,23,元大-桃興,2024-09-09,9894
2464,盟立,60,38,22,元大-桃興,2024-09-09,9894
00934,中信成長高股息,31,9,22,元大-桃興,2024-09-09,9894
1718,中纖,20,0,20,元大-桃興,2024-09-09,9894
00952,凱基台灣AI50,19,0,19,元大-桃興,2024-09-09,9894
00679B,元大美債20年,23,4,19,元大-桃興,2024-09-09,9894
2881,富邦金,18,0,18,元大-桃興,2024-09-09,9894
1303,南亞,18,1,17,元大-桃興,2024-09-09,9894
2409,友達,20,3,17,元大-桃興,2024-09-09,9894
2330,台積電,22,7,15,元大-桃興,2024-09-09,9894
3037,欣興,19,4,15,元大-桃興,2024-09-09,9894
00915,凱基優選高股息30,14,0,14,元大-桃興,2024-09-09,9894
2317,鴻海,41,27,14,元大-桃興,2024-09-09,9894
2543,皇昌,16,3,13,元大-桃興,2024-09-09,9894
2356,英業達,23,10,13,元大-桃興,2024-09-09,9894
2313,華通,14,1,13,元大-桃興,2024-09-09,9894
9105,泰金寶-DR,13,0,13,元大-桃興,2024-09-09,9894
5439,高技,14,1,13,元大-桃興,2024-09-09,9894
6274,台燿,14,2,12,元大-桃興,2024-09-09,9894
00907,永豐優息存股,13,1,12,元大-桃興,2024-09-09,9894
2645,長榮航太,11,0,11,元大-桃興,2024-09-09,9894
2897,王道銀行,11,0,11,元大-桃興,2024-09-09,9894
00923,群益台ESG低碳50,12,2,10,元大-桃興,2024-09-09,9894
4306,炎洲,10,0,10,元大-桃興,2024-09-09,9894
3024,憶聲,164,0,164,元大-桃興,2024-09-10,9894
00929,復華台灣科技優息,168,18,150,元大-桃興,2024-09-10,9894
00919,群益台灣精選高息,217,73,144,元大-桃興,2024-09-10,9894
00918,大華優利高填息30,134,6,128,元大-桃興,2024-09-10,9894
00940,元大台灣價值高息,85,20,65,元大-桃興,2024-09-10,9894
4909,新復興,82,34,48,元大-桃興,2024-09-10,9894
00687B,國泰20年美債,142,98,44,元大-桃興,2024-09-10,9894
2317,鴻海,58,17,41,元大-桃興,2024-09-10,9894
2337,旺宏,41,3,38,元大-桃興,2024-09-10,9894
0056,元大高股息,48,11,37,元大-桃興,2024-09-10,9894
2002,中鋼,46,10,36,元大-桃興,2024-09-10,9894
6215,和椿,41,8,33,元大-桃興,2024-09-10,9894
00878,國泰永續高股息,36,5,31,元大-桃興,2024-09-10,9894
6108,競國,27,0,27,元大-桃興,2024-09-10,9894
2382,廣達,44,20,24,元大-桃興,2024-09-10,9894
00715L,期街口布蘭特正2,28,5,23,元大-桃興,2024-09-10,9894
3167,大量,23,0,23,元大-桃興,2024-09-10,9894
3481,群創,25,2,23,元大-桃興,2024-09-10,9894
2891,中信金,29,7,22,元大-桃興,2024-09-10,9894
2465,麗臺,22,0,22,元大-桃興,2024-09-10,9894
6125,廣運,21,0,21,元大-桃興,2024-09-10,9894
00952,凱基台灣AI50,22,2,20,元大-桃興,2024-09-10,9894
1714,和桐,20,0,20,元大-桃興,2024-09-10,9894
6204,艾華,20,0,20,元大-桃興,2024-09-10,9894
4956,光鋐,22,2,20,元大-桃興,2024-09-10,9894
2323,中環,22,2,20,元大-桃興,2024-09-10,9894
2408,南亞科,22,3,19,元大-桃興,2024-09-10,9894
3047,訊舟,44,25,19,元大-桃興,2024-09-10,9894
2542,興富發,17,0,17,元大-桃興,2024-09-10,9894
3037,欣興,24,8,16,元大-桃興,2024-09-10,9894
3003,健和興,31,15,16,元大-桃興,2024-09-10,9894
2455,全新,16,1,15,元大-桃興,2024-09-10,9894
00679B,元大美債20年,60,45,15,元大-桃興,2024-09-10,9894
00637L,元大滬深300正2,15,1,14,元大-桃興,2024-09-10,9894
2489,瑞軒,17,3,14,元大-桃興,2024-09-10,9894
6290,良維,15,1,14,元大-桃興,2024-09-10,9894
00946,群益科技高息成長,15,2,13,元大-桃興,2024-09-10,9894
1785,光洋科,14,1,13,元大-桃興,2024-09-10,9894
8070,長華*,14,2,12,元大-桃興,2024-09-10,9894
6405,悅城,14,2,12,元大-桃興,2024-09-10,9894
8028,昇陽半導體,21,10,11,元大-桃興,2024-09-10,9894
2889,國票金,12,1,11,元大-桃興,2024-09-10,9894
5347,世界,11,0,11,元大-桃興,2024-09-10,9894
2409,友達,11,0,11,元大-桃興,2024-09-10,9894
00934,中信成長高股息,11,0,11,元大-桃興,2024-09-10,9894
6156,松上,11,0,11,元大-桃興,2024-09-10,9894
00688L,國泰20年美債正2,20,9,11,元大-桃興,2024-09-10,9894
00680L,元大美債20正2,35,24,11,元大-桃興,2024-09-10,9894
5871,中租-KY,11,1,10,元大-桃興,2024-09-10,9894
2303,聯電,22,12,10,元大-桃興,2024-09-10,9894
3024,憶聲,290,0,290,元大-桃興,2024-09-11,9894
00715L,期街口布蘭特正2,270,67,203,元大-桃興,2024-09-11,9894
00937B,群益ESG投等債20,146,15,131,元大-桃興,2024-09-11,9894
00933B,國泰10Y+金融債,60,0,60,元大-桃興,2024-09-11,9894
2891,中信金,49,3,46,元大-桃興,2024-09-11,9894
00918,大華優利高填息30,47,1,46,元大-桃興,2024-09-11,9894
00632R,元大台灣50反1,45,5,40,元大-桃興,2024-09-11,9894
00669R,國泰美國道瓊反1,38,0,38,元大-桃興,2024-09-11,9894
2356,英業達,37,2,35,元大-桃興,2024-09-11,9894
00929,復華台灣科技優息,73,38,35,元大-桃興,2024-09-11,9894
00878,國泰永續高股息,34,1,33,元大-桃興,2024-09-11,9894
0056,元大高股息,27,1,26,元大-桃興,2024-09-11,9894
00915,凱基優選高股息30,25,0,25,元大-桃興,2024-09-11,9894
00919,群益台灣精選高息,33,9,24,元大-桃興,2024-09-11,9894
3481,群創,34,11,23,元大-桃興,2024-09-11,9894
1409,新纖,23,1,22,元大-桃興,2024-09-11,9894
2349,錸德,28,7,21,元大-桃興,2024-09-11,9894
00934,中信成長高股息,21,1,20,元大-桃興,2024-09-11,9894
00676R,富邦臺灣加權反1,20,0,20,元大-桃興,2024-09-11,9894
2905,三商,20,0,20,元大-桃興,2024-09-11,9894
00940,元大台灣價值高息,26,6,20,元大-桃興,2024-09-11,9894
2010,春源,19,0,19,元大-桃興,2024-09-11,9894
1522,堤維西,32,14,18,元大-桃興,2024-09-11,9894
8076,伍豐,27,10,17,元大-桃興,2024-09-11,9894
3715,定穎投控,26,10,16,元大-桃興,2024-09-11,9894
6782,視陽,19,3,16,元大-桃興,2024-09-11,9894
2489,瑞軒,33,18,15,元大-桃興,2024-09-11,9894
3289,宜特,32,17,15,元大-桃興,2024-09-11,9894
00696B,富邦美債20年,15,0,15,元大-桃興,2024-09-11,9894
3707,漢磊,17,3,14,元大-桃興,2024-09-11,9894
2371,大同,30,18,12,元大-桃興,2024-09-11,9894
2889,國票金,12,0,12,元大-桃興,2024-09-11,9894
1312,國喬,12,0,12,元大-桃興,2024-09-11,9894
2881,富邦金,25,14,11,元大-桃興,2024-09-11,9894
1326,台化,12,1,11,元大-桃興,2024-09-11,9894
2834,臺企銀,11,0,11,元大-桃興,2024-09-11,9894
2442,新美齊,11,0,11,元大-桃興,2024-09-11,9894
2367,燿華,21,10,11,元大-桃興,2024-09-11,9894
00665L,富邦�琤肭磪囓�2,102,91,11,元大-桃興,2024-09-11,9894
1514,亞力,14,4,10,元大-桃興,2024-09-11,9894
00712,復華富時不動產,10,0,10,元大-桃興,2024-09-11,9894
00713,元大台灣高息低波,10,0,10,元大-桃興,2024-09-11,9894
00935,野村臺灣新科技50,10,0,10,元大-桃興,2024-09-11,9894
00637L,元大滬深300正2,12,2,10,元大-桃興,2024-09-11,9894
3167,大量,10,0,10,元大-桃興,2024-09-11,9894
6108,競國,34,24,10,元大-桃興,2024-09-11,9894
00853B,統一美債10年Aa-,10,0,10,元大-桃興,2024-09-11,9894
4566,時碩工業,14,4,10,元大-桃興,2024-09-11,9894
00957B,兆豐US優選投等債,10,0,10,元大-桃興,2024-09-11,9894
3686,達能,10,0,10,元大-桃興,2024-09-11,9894
00680L,元大美債20正2,148,40,108,元大-桃興,2024-09-12,9894
00937B,群益ESG投等債20,95,15,80,元大-桃興,2024-09-12,9894
00669R,國泰美國道瓊反1,70,0,70,元大-桃興,2024-09-12,9894
00715L,期街口布蘭特正2,64,3,61,元大-桃興,2024-09-12,9894
00687B,國泰20年美債,68,10,58,元大-桃興,2024-09-12,9894
00919,群益台灣精選高息,66,11,55,元大-桃興,2024-09-12,9894
00891,中信關鍵半導體,50,5,45,元大-桃興,2024-09-12,9894
00878,國泰永續高股息,59,15,44,元大-桃興,2024-09-12,9894
2356,英業達,62,21,41,元大-桃興,2024-09-12,9894
2891,中信金,46,10,36,元大-桃興,2024-09-12,9894
0056,元大高股息,32,1,31,元大-桃興,2024-09-12,9894
6152,百一,29,1,28,元大-桃興,2024-09-12,9894
2605,新興,26,0,26,元大-桃興,2024-09-12,9894
2497,怡利電,41,15,26,元大-桃興,2024-09-12,9894
00929,復華台灣科技優息,45,20,25,元大-桃興,2024-09-12,9894
2467,志聖,38,15,23,元大-桃興,2024-09-12,9894
2208,台船,20,0,20,元大-桃興,2024-09-12,9894
5530,龍巖,20,0,20,元大-桃興,2024-09-12,9894
00673R,期元大S＆P原油反1,20,0,20,元大-桃興,2024-09-12,9894
8096,擎亞,26,6,20,元大-桃興,2024-09-12,9894
2834,臺企銀,20,0,20,元大-桃興,2024-09-12,9894
8064,東捷,22,3,19,元大-桃興,2024-09-12,9894
1708,東鹼,20,2,18,元大-桃興,2024-09-12,9894
1584,精剛,18,3,15,元大-桃興,2024-09-12,9894
6173,信昌電,15,0,15,元大-桃興,2024-09-12,9894
6570,維田,15,0,15,元大-桃興,2024-09-12,9894
5460,同協,27,13,14,元大-桃興,2024-09-12,9894
2349,錸德,14,1,13,元大-桃興,2024-09-12,9894
1314,中石化,16,4,12,元大-桃興,2024-09-12,9894
2543,皇昌,18,7,11,元大-桃興,2024-09-12,9894
2851,中再保,11,0,11,元大-桃興,2024-09-12,9894
1326,台化,11,1,10,元大-桃興,2024-09-12,9894
4561,健椿,30,20,10,元大-桃興,2024-09-12,9894
6548,長科*,10,0,10,元大-桃興,2024-09-12,9894
6530,創威,76,67,9,元大-桃興,2024-09-12,9894
2382,廣達,24,15,9,元大-桃興,2024-09-12,9894
3707,漢磊,10,1,9,元大-桃興,2024-09-12,9894
2417,圓剛,10,1,9,元大-桃興,2024-09-12,9894
2323,中環,8,0,8,元大-桃興,2024-09-12,9894
1409,新纖,8,0,8,元大-桃興,2024-09-12,9894
6215,和椿,15,7,8,元大-桃興,2024-09-12,9894
2464,盟立,13,6,7,元大-桃興,2024-09-12,9894
3303,岱稜,9,2,7,元大-桃興,2024-09-12,9894
2010,春源,7,0,7,元大-桃興,2024-09-12,9894
00933B,國泰10Y+金融債,7,0,7,元大-桃興,2024-09-12,9894
00664R,國泰臺灣加權反1,6,0,6,元大-桃興,2024-09-12,9894
00857B,永豐20年美公債,6,0,6,元大-桃興,2024-09-12,9894
00795B,中信美國公債20年,6,0,6,元大-桃興,2024-09-12,9894
6005,群益證,6,0,6,元大-桃興,2024-09-12,9894
6133,金橋,28,22,6,元大-桃興,2024-09-12,9894
00919,群益台灣精選高息,109,6,103,元大-桃興,2024-09-13,9894
00686R,群益臺灣加權反1,100,0,100,元大-桃興,2024-09-13,9894
00929,復華台灣科技優息,79,12,67,元大-桃興,2024-09-13,9894
2883B,凱基金乙特,60,0,60,元大-桃興,2024-09-13,9894
00937B,群益ESG投等債20,57,0,57,元大-桃興,2024-09-13,9894
00679B,元大美債20年,75,30,45,元大-桃興,2024-09-13,9894
00713,元大台灣高息低波,36,1,35,元大-桃興,2024-09-13,9894
00878,國泰永續高股息,33,0,33,元大-桃興,2024-09-13,9894
8249,菱光,43,10,33,元大-桃興,2024-09-13,9894
2010,春源,31,0,31,元大-桃興,2024-09-13,9894
2002,中鋼,32,7,25,元大-桃興,2024-09-13,9894
8039,台虹,31,6,25,元大-桃興,2024-09-13,9894
8383,千附,25,0,25,元大-桃興,2024-09-13,9894
00857B,永豐20年美公債,25,0,25,元大-桃興,2024-09-13,9894
4526,東台,20,0,20,元大-桃興,2024-09-13,9894
6470,宇智,20,0,20,元大-桃興,2024-09-13,9894
1709,和益,30,10,20,元大-桃興,2024-09-13,9894
6005,群益證,20,0,20,元大-桃興,2024-09-13,9894
2547,日勝生,19,0,19,元大-桃興,2024-09-13,9894
00673R,期元大S＆P原油反1,19,0,19,元大-桃興,2024-09-13,9894
6693,廣閎科,16,0,16,元大-桃興,2024-09-13,9894
1540,喬福,90,74,16,元大-桃興,2024-09-13,9894
6116,彩晶,15,0,15,元大-桃興,2024-09-13,9894
00933B,國泰10Y+金融債,15,0,15,元大-桃興,2024-09-13,9894
00934,中信成長高股息,15,0,15,元大-桃興,2024-09-13,9894
2425,承啟,15,0,15,元大-桃興,2024-09-13,9894
2324,仁寶,15,0,15,元大-桃興,2024-09-13,9894
00680L,元大美債20正2,70,56,14,元大-桃興,2024-09-13,9894
6216,居易,17,3,14,元大-桃興,2024-09-13,9894
00706L,期元大S＆P日圓正2,13,0,13,元大-桃興,2024-09-13,9894
2891,中信金,19,6,13,元大-桃興,2024-09-13,9894
2881,富邦金,12,0,12,元大-桃興,2024-09-13,9894
6274,台燿,25,13,12,元大-桃興,2024-09-13,9894
2467,志聖,22,11,11,元大-桃興,2024-09-13,9894
6133,金橋,21,10,11,元大-桃興,2024-09-13,9894
3450,聯鈞,12,1,11,元大-桃興,2024-09-13,9894
5876,上海商銀,10,0,10,元大-桃興,2024-09-13,9894
4974,亞泰,19,9,10,元大-桃興,2024-09-13,9894
6548,長科*,10,0,10,元大-桃興,2024-09-13,9894
00751B,元大AAA至A公司債,10,0,10,元大-桃興,2024-09-13,9894
6278,台表科,10,0,10,元大-桃興,2024-09-13,9894
00943,兆豐電子高息等權,10,0,10,元大-桃興,2024-09-13,9894
4303,信立,10,0,10,元大-桃興,2024-09-13,9894
2312,金寶,15,5,10,元大-桃興,2024-09-13,9894
2337,旺宏,19,9,10,元大-桃興,2024-09-13,9894
00918,大華優利高填息30,28,20,8,元大-桃興,2024-09-13,9894
00946,群益科技高息成長,8,0,8,元大-桃興,2024-09-13,9894
00935,野村臺灣新科技50,8,0,8,元大-桃興,2024-09-13,9894
4510,高鋒,23,15,8,元大-桃興,2024-09-13,9894
3303,岱稜,14,6,8,元大-桃興,2024-09-13,9894
00687B,國泰20年美債,218,79,139,元大-桃興,2024-09-16,9894
00680L,元大美債20正2,141,25,116,元大-桃興,2024-09-16,9894
00929,復華台灣科技優息,102,7,95,元大-桃興,2024-09-16,9894
2905,三商,100,5,95,元大-桃興,2024-09-16,9894
00919,群益台灣精選高息,60,3,57,元大-桃興,2024-09-16,9894
2062,橋椿,67,10,57,元大-桃興,2024-09-16,9894
8096,擎亞,72,20,52,元大-桃興,2024-09-16,9894
2337,旺宏,50,6,44,元大-桃興,2024-09-16,9894
1711,永光,59,17,42,元大-桃興,2024-09-16,9894
2002,中鋼,44,4,40,元大-桃興,2024-09-16,9894
00937B,群益ESG投等債20,42,3,39,元大-桃興,2024-09-16,9894
3264,欣銓,35,0,35,元大-桃興,2024-09-16,9894
00669R,國泰美國道瓊反1,35,0,35,元大-桃興,2024-09-16,9894
00918,大華優利高填息30,40,5,35,元大-桃興,2024-09-16,9894
6693,廣閎科,31,0,31,元大-桃興,2024-09-16,9894
00933B,國泰10Y+金融債,30,1,29,元大-桃興,2024-09-16,9894
00679B,元大美債20年,65,39,26,元大-桃興,2024-09-16,9894
6216,居易,26,0,26,元大-桃興,2024-09-16,9894
00940,元大台灣價值高息,36,16,20,元大-桃興,2024-09-16,9894
2399,映泰,31,11,20,元大-桃興,2024-09-16,9894
1909,榮成,29,10,19,元大-桃興,2024-09-16,9894
00795B,中信美國公債20年,17,0,17,元大-桃興,2024-09-16,9894
00715L,期街口布蘭特正2,47,31,16,元大-桃興,2024-09-16,9894
2247,汎德永業,15,0,15,元大-桃興,2024-09-16,9894
8383,千附,14,0,14,元大-桃興,2024-09-16,9894
2426,鼎元,16,2,14,元大-桃興,2024-09-16,9894
2393,億光,13,0,13,元大-桃興,2024-09-16,9894
2609,陽明,14,1,13,元大-桃興,2024-09-16,9894
2010,春源,12,0,12,元大-桃興,2024-09-16,9894
1312,國喬,12,0,12,元大-桃興,2024-09-16,9894
8155,博智,13,1,12,元大-桃興,2024-09-16,9894
6116,彩晶,15,3,12,元大-桃興,2024-09-16,9894
3360,尚立,16,5,11,元大-桃興,2024-09-16,9894
4935,茂林-KY,11,0,11,元大-桃興,2024-09-16,9894
3413,京鼎,10,0,10,元大-桃興,2024-09-16,9894
5356,協益,10,0,10,元大-桃興,2024-09-16,9894
1303,南亞,12,2,10,元大-桃興,2024-09-16,9894
3050,鈺德,26,16,10,元大-桃興,2024-09-16,9894
6263,普萊德,11,1,10,元大-桃興,2024-09-16,9894
2419,仲琦,10,0,10,元大-桃興,2024-09-16,9894
6418,詠昇,9,0,9,元大-桃興,2024-09-16,9894
1310,台苯,9,0,9,元大-桃興,2024-09-16,9894
00632R,元大台灣50反1,60,51,9,元大-桃興,2024-09-16,9894
3037,欣興,8,0,8,元大-桃興,2024-09-16,9894
3702,大聯大,8,0,8,元大-桃興,2024-09-16,9894
3149,正達,9,1,8,元大-桃興,2024-09-16,9894
6104,創惟,14,6,8,元大-桃興,2024-09-16,9894
1584,精剛,10,2,8,元大-桃興,2024-09-16,9894
8070,長華*,10,2,8,元大-桃興,2024-09-16,9894
3521,鴻翊,10,2,8,元大-桃興,2024-09-16,9894
00929,復華台灣科技優息,298,3,295,元大-桃興,2024-09-18,9894
3049,精金,135,9,126,元大-桃興,2024-09-18,9894
00940,元大台灣價值高息,124,14,110,元大-桃興,2024-09-18,9894
00919,群益台灣精選高息,126,16,110,元大-桃興,2024-09-18,9894
00664R,國泰臺灣加權反1,90,0,90,元大-桃興,2024-09-18,9894
6770,力積電,89,13,76,元大-桃興,2024-09-18,9894
00687B,國泰20年美債,99,27,72,元大-桃興,2024-09-18,9894
00915,凱基優選高股息30,74,3,71,元大-桃興,2024-09-18,9894
00669R,國泰美國道瓊反1,52,0,52,元大-桃興,2024-09-18,9894
00937B,群益ESG投等債20,72,23,49,元大-桃興,2024-09-18,9894
6693,廣閎科,40,0,40,元大-桃興,2024-09-18,9894
2498,宏達電,48,9,39,元大-桃興,2024-09-18,9894
2344,華邦電,37,0,37,元大-桃興,2024-09-18,9894
2317,鴻海,39,3,36,元大-桃興,2024-09-18,9894
00680L,元大美債20正2,106,70,36,元大-桃興,2024-09-18,9894
6108,競國,35,0,35,元大-桃興,2024-09-18,9894
2313,華通,43,9,34,元大-桃興,2024-09-18,9894
2888,新光金,132,99,33,元大-桃興,2024-09-18,9894
00713,元大台灣高息低波,33,0,33,元大-桃興,2024-09-18,9894
00679B,元大美債20年,39,8,31,元大-桃興,2024-09-18,9894
2104,國際中橡,30,0,30,元大-桃興,2024-09-18,9894
3481,群創,42,13,29,元大-桃興,2024-09-18,9894
1336,台翰,28,0,28,元大-桃興,2024-09-18,9894
3550,聯穎,43,15,28,元大-桃興,2024-09-18,9894
00935,野村臺灣新科技50,23,0,23,元大-桃興,2024-09-18,9894
9105,泰金寶-DR,22,2,20,元大-桃興,2024-09-18,9894
6530,創威,58,39,19,元大-桃興,2024-09-18,9894
1785,光洋科,53,34,19,元大-桃興,2024-09-18,9894
2356,英業達,18,1,17,元大-桃興,2024-09-18,9894
8074,鉅橡,16,0,16,元大-桃興,2024-09-18,9894
0056,元大高股息,25,9,16,元大-桃興,2024-09-18,9894
2455,全新,15,0,15,元大-桃興,2024-09-18,9894
3062,建漢,47,33,14,元大-桃興,2024-09-18,9894
00934,中信成長高股息,13,0,13,元大-桃興,2024-09-18,9894
2349,錸德,37,24,13,元大-桃興,2024-09-18,9894
5460,同協,13,0,13,元大-桃興,2024-09-18,9894
4561,健椿,16,3,13,元大-桃興,2024-09-18,9894
9914,美利達,13,0,13,元大-桃興,2024-09-18,9894
00878,國泰永續高股息,36,24,12,元大-桃興,2024-09-18,9894
2889,國票金,12,0,12,元大-桃興,2024-09-18,9894
2444,兆勁,11,0,11,元大-桃興,2024-09-18,9894
00948B,中信優息投資級債,11,0,11,元大-桃興,2024-09-18,9894
2401,凌陽,11,0,11,元大-桃興,2024-09-18,9894
00891,中信關鍵半導體,11,0,11,元大-桃興,2024-09-18,9894
2887,台新金,10,0,10,元大-桃興,2024-09-18,9894
2852,第一保,10,0,10,元大-桃興,2024-09-18,9894
00673R,期元大S＆P原油反1,10,0,10,元大-桃興,2024-09-18,9894
00939,統一台灣高息動能,10,0,10,元大-桃興,2024-09-18,9894
6005,群益證,10,0,10,元大-桃興,2024-09-18,9894
2329,華泰,10,0,10,元大-桃興,2024-09-18,9894
00919,群益台灣精選高息,368,5,363,元大-桃興,2024-09-19,9894
2867,三商壽,284,0,284,元大-桃興,2024-09-19,9894
00687B,國泰20年美債,197,31,166,元大-桃興,2024-09-19,9894
6274,台燿,165,7,158,元大-桃興,2024-09-19,9894
00632R,元大台灣50反1,313,173,140,元大-桃興,2024-09-19,9894
00929,復華台灣科技優息,123,14,109,元大-桃興,2024-09-19,9894
00679B,元大美債20年,103,13,90,元大-桃興,2024-09-19,9894
00669R,國泰美國道瓊反1,48,0,48,元大-桃興,2024-09-19,9894
00673R,期元大S＆P原油反1,42,0,42,元大-桃興,2024-09-19,9894
6693,廣閎科,35,0,35,元大-桃興,2024-09-19,9894
00664R,國泰臺灣加權反1,30,0,30,元大-桃興,2024-09-19,9894
00720B,元大投資級公司債,27,0,27,元大-桃興,2024-09-19,9894
00795B,中信美國公債20年,25,0,25,元大-桃興,2024-09-19,9894
2501,國建,25,0,25,元大-桃興,2024-09-19,9894
5386,青雲,25,0,25,元大-桃興,2024-09-19,9894
6770,力積電,24,0,24,元大-桃興,2024-09-19,9894
2002,中鋼,23,0,23,元大-桃興,2024-09-19,9894
00706L,期元大S＆P日圓正2,22,0,22,元大-桃興,2024-09-19,9894
6492,生華科,18,0,18,元大-桃興,2024-09-19,9894
3481,群創,34,17,17,元大-桃興,2024-09-19,9894
2609,陽明,25,8,17,元大-桃興,2024-09-19,9894
2038,海光,15,0,15,元大-桃興,2024-09-19,9894
6104,創惟,23,9,14,元大-桃興,2024-09-19,9894
00948B,中信優息投資級債,14,0,14,元大-桃興,2024-09-19,9894
00952,凱基台灣AI50,13,0,13,元大-桃興,2024-09-19,9894
00915,凱基優選高股息30,20,7,13,元大-桃興,2024-09-19,9894
00751B,元大AAA至A公司債,12,0,12,元大-桃興,2024-09-19,9894
2101,南港,12,0,12,元大-桃興,2024-09-19,9894
00713,元大台灣高息低波,30,19,11,元大-桃興,2024-09-19,9894
00637L,元大滬深300正2,41,30,11,元大-桃興,2024-09-19,9894
00641R,富邦日本反1,11,0,11,元大-桃興,2024-09-19,9894
6606,建德工業,12,1,11,元大-桃興,2024-09-19,9894
8070,長華*,38,28,10,元大-桃興,2024-09-19,9894
00944,野村趨勢動能高息,10,0,10,元大-桃興,2024-09-19,9894
00688L,國泰20年美債正2,10,0,10,元大-桃興,2024-09-19,9894
00633L,富邦上証正2,10,0,10,元大-桃興,2024-09-19,9894
00934,中信成長高股息,10,0,10,元大-桃興,2024-09-19,9894
2891,中信金,25,16,9,元大-桃興,2024-09-19,9894
1310,台苯,10,1,9,元大-桃興,2024-09-19,9894
2374,佳能,12,4,8,元大-桃興,2024-09-19,9894
4746,台耀,8,0,8,元大-桃興,2024-09-19,9894
2355,敬鵬,22,14,8,元大-桃興,2024-09-19,9894
1721,三晃,10,2,8,元大-桃興,2024-09-19,9894
2025,千興,8,0,8,元大-桃興,2024-09-19,9894
6288,聯嘉,27,19,8,元大-桃興,2024-09-19,9894
2388,威盛,32,24,8,元大-桃興,2024-09-19,9894
6207,雷科,10,3,7,元大-桃興,2024-09-19,9894
6290,良維,7,0,7,元大-桃興,2024-09-19,9894
1514,亞力,11,4,7,元大-桃興,2024-09-19,9894
3047,訊舟,7,0,7,元大-桃興,2024-09-19,9894
00632R,元大台灣50反1,356,1,355,元大-桃興,2024-09-20,9894
00680L,元大美債20正2,251,17,234,元大-桃興,2024-09-20,9894
00919,群益台灣精選高息,221,75,146,元大-桃興,2024-09-20,9894
00945B,凱基美國非投等債,75,1,74,元大-桃興,2024-09-20,9894
1316,上曜,71,0,71,元大-桃興,2024-09-20,9894
00673R,期元大S＆P原油反1,54,0,54,元大-桃興,2024-09-20,9894
00857B,永豐20年美公債,52,0,52,元大-桃興,2024-09-20,9894
5521,工信,51,0,51,元大-桃興,2024-09-20,9894
6693,廣閎科,36,0,36,元大-桃興,2024-09-20,9894
00679B,元大美債20年,55,21,34,元大-桃興,2024-09-20,9894
2888,新光金,39,5,34,元大-桃興,2024-09-20,9894
00637L,元大滬深300正2,33,0,33,元大-桃興,2024-09-20,9894
00958B,永豐ESG銀行債15,32,0,32,元大-桃興,2024-09-20,9894
00915,凱基優選高股息30,32,1,31,元大-桃興,2024-09-20,9894
2542,興富發,28,5,23,元大-桃興,2024-09-20,9894
2399,映泰,162,140,22,元大-桃興,2024-09-20,9894
2547,日勝生,22,0,22,元大-桃興,2024-09-20,9894
1524,耿鼎,33,12,21,元大-桃興,2024-09-20,9894
3455,由田,40,20,20,元大-桃興,2024-09-20,9894
4513,福裕,18,1,17,元大-桃興,2024-09-20,9894
4561,健椿,23,6,17,元大-桃興,2024-09-20,9894
3390,旭軟,22,5,17,元大-桃興,2024-09-20,9894
00795B,中信美國公債20年,17,0,17,元大-桃興,2024-09-20,9894
9945,潤泰新,17,1,16,元大-桃興,2024-09-20,9894
2324,仁寶,16,0,16,元大-桃興,2024-09-20,9894
8011,台通,18,2,16,元大-桃興,2024-09-20,9894
2402,毅嘉,15,0,15,元大-桃興,2024-09-20,9894
1326,台化,16,1,15,元大-桃興,2024-09-20,9894
2887,台新金,15,0,15,元大-桃興,2024-09-20,9894
4772,台特化,19,5,14,元大-桃興,2024-09-20,9894
4576,大銀微系統,33,19,14,元大-桃興,2024-09-20,9894
4939,亞電,14,0,14,元大-桃興,2024-09-20,9894
1785,光洋科,70,58,12,元大-桃興,2024-09-20,9894
00720B,元大投資級公司債,12,0,12,元大-桃興,2024-09-20,9894
2355,敬鵬,12,0,12,元大-桃興,2024-09-20,9894
3550,聯穎,13,1,12,元大-桃興,2024-09-20,9894
3202,樺晟,16,4,12,元大-桃興,2024-09-20,9894
4566,時碩工業,15,3,12,元大-桃興,2024-09-20,9894
3231,緯創,12,1,11,元大-桃興,2024-09-20,9894
2303,聯電,21,10,11,元大-桃興,2024-09-20,9894
3686,達能,11,0,11,元大-桃興,2024-09-20,9894
4903,聯光通,21,10,11,元大-桃興,2024-09-20,9894
4908,前鼎,13,2,11,元大-桃興,2024-09-20,9894
2915,潤泰全,10,0,10,元大-桃興,2024-09-20,9894
2451,創見,10,0,10,元大-桃興,2024-09-20,9894
3489,森寶,10,0,10,元大-桃興,2024-09-20,9894
2739,寒舍,10,0,10,元大-桃興,2024-09-20,9894
00633L,富邦上証正2,10,0,10,元大-桃興,2024-09-20,9894
00753L,中信中國50正2,20,10,10,元大-桃興,2024-09-20,9894
2852,第一保,10,0,10,元大-桃興,2024-09-20,9894
00919,群益台灣精選高息,143,49,94,元大-桃興,2024-09-23,9894
2888,新光金,102,22,80,元大-桃興,2024-09-23,9894
2547,日勝生,66,0,66,元大-桃興,2024-09-23,9894
00687B,國泰20年美債,127,71,56,元大-桃興,2024-09-23,9894
00680L,元大美債20正2,159,105,54,元大-桃興,2024-09-23,9894
3049,精金,62,10,52,元大-桃興,2024-09-23,9894
00673R,期元大S＆P原油反1,50,0,50,元大-桃興,2024-09-23,9894
1336,台翰,55,7,48,元大-桃興,2024-09-23,9894
00929,復華台灣科技優息,82,35,47,元大-桃興,2024-09-23,9894
1711,永光,59,16,43,元大-桃興,2024-09-23,9894
3481,群創,48,9,39,元大-桃興,2024-09-23,9894
4714,永捷,42,5,37,元大-桃興,2024-09-23,9894
00688L,國泰20年美債正2,27,0,27,元大-桃興,2024-09-23,9894
3031,佰鴻,25,0,25,元大-桃興,2024-09-23,9894
00882,中信中國高股息,23,1,22,元大-桃興,2024-09-23,9894
5876,上海商銀,21,0,21,元大-桃興,2024-09-23,9894
00948B,中信優息投資級債,21,0,21,元大-桃興,2024-09-23,9894
00706L,期元大S＆P日圓正2,20,0,20,元大-桃興,2024-09-23,9894
1447,力鵬,20,0,20,元大-桃興,2024-09-23,9894
00713,元大台灣高息低波,20,0,20,元大-桃興,2024-09-23,9894
2495,普安,19,0,19,元大-桃興,2024-09-23,9894
8111,立��,24,5,19,元大-桃興,2024-09-23,9894
2867,三商壽,19,1,18,元大-桃興,2024-09-23,9894
00915,凱基優選高股息30,28,10,18,元大-桃興,2024-09-23,9894
6443,元晶,18,0,18,元大-桃興,2024-09-23,9894
2504,國產,17,0,17,元大-桃興,2024-09-23,9894
1314,中石化,19,2,17,元大-桃興,2024-09-23,9894
4772,台特化,18,2,16,元大-桃興,2024-09-23,9894
1218,泰山,15,0,15,元大-桃興,2024-09-23,9894
2399,映泰,26,12,14,元大-桃興,2024-09-23,9894
1717,長興,20,6,14,元大-桃興,2024-09-23,9894
4707,磐亞,12,0,12,元大-桃興,2024-09-23,9894
2880,華南金,18,6,12,元大-桃興,2024-09-23,9894
5483,中美晶,11,0,11,元大-桃興,2024-09-23,9894
2464,盟立,30,19,11,元大-桃興,2024-09-23,9894
4716,大立,66,55,11,元大-桃興,2024-09-23,9894
00878,國泰永續高股息,24,14,10,元大-桃興,2024-09-23,9894
2474,可成,10,0,10,元大-桃興,2024-09-23,9894
00764B,群益25年美債,10,0,10,元大-桃興,2024-09-23,9894
00957B,兆豐US優選投等債,10,0,10,元大-桃興,2024-09-23,9894
00751B,元大AAA至A公司債,10,0,10,元大-桃興,2024-09-23,9894
6216,居易,10,0,10,元大-桃興,2024-09-23,9894
4919,新唐,11,2,9,元大-桃興,2024-09-23,9894
1815,富喬,10,1,9,元大-桃興,2024-09-23,9894
3663,鑫科,11,2,9,元大-桃興,2024-09-23,9894
3003,健和興,13,5,8,元大-桃興,2024-09-23,9894
8011,台通,8,0,8,元大-桃興,2024-09-23,9894
4555,氣立,8,0,8,元大-桃興,2024-09-23,9894
2349,錸德,27,19,8,元大-桃興,2024-09-23,9894
8442,威宏-KY,8,0,8,元大-桃興,2024-09-23,9894
00632R,元大台灣50反1,238,3,235,元大-桃興,2024-09-24,9894
3141,晶宏,150,0,150,元大-桃興,2024-09-24,9894
00929,復華台灣科技優息,151,49,102,元大-桃興,2024-09-24,9894
2399,映泰,136,67,69,元大-桃興,2024-09-24,9894
8070,長華*,57,0,57,元大-桃興,2024-09-24,9894
3481,群創,54,3,51,元大-桃興,2024-09-24,9894
00919,群益台灣精選高息,66,15,51,元大-桃興,2024-09-24,9894
6125,廣運,43,2,41,元大-桃興,2024-09-24,9894
00676R,富邦臺灣加權反1,40,0,40,元大-桃興,2024-09-24,9894
00715L,期街口布蘭特正2,40,0,40,元大-桃興,2024-09-24,9894
00687B,國泰20年美債,52,20,32,元大-桃興,2024-09-24,9894
2062,橋椿,34,5,29,元大-桃興,2024-09-24,9894
2344,華邦電,68,40,28,元大-桃興,2024-09-24,9894
8086,宏捷科,27,1,26,元大-桃興,2024-09-24,9894
6405,悅城,28,4,24,元大-桃興,2024-09-24,9894
00712,復華富時不動產,28,6,22,元大-桃興,2024-09-24,9894
3605,宏致,25,4,21,元大-桃興,2024-09-24,9894
3576,聯合再生,20,0,20,元大-桃興,2024-09-24,9894
00700,富邦�琤肭磪�,20,0,20,元大-桃興,2024-09-24,9894
1718,中纖,20,0,20,元大-桃興,2024-09-24,9894
5291,邑昇,15,0,15,元大-桃興,2024-09-24,9894
1539,巨庭,16,1,15,元大-桃興,2024-09-24,9894
2211,長榮鋼,14,0,14,元大-桃興,2024-09-24,9894
4976,佳凌,13,0,13,元大-桃興,2024-09-24,9894
6120,達運,14,1,13,元大-桃興,2024-09-24,9894
00673R,期元大S＆P原油反1,13,0,13,元大-桃興,2024-09-24,9894
3029,零壹,12,0,12,元大-桃興,2024-09-24,9894
3564,其陽,13,1,12,元大-桃興,2024-09-24,9894
00945B,凱基美國非投等債,12,0,12,元大-桃興,2024-09-24,9894
1101,台泥,12,0,12,元大-桃興,2024-09-24,9894
5483,中美晶,12,1,11,元大-桃興,2024-09-24,9894
5443,均豪,11,0,11,元大-桃興,2024-09-24,9894
4538,大詠城,11,0,11,元大-桃興,2024-09-24,9894
6117,迎廣,27,16,11,元大-桃興,2024-09-24,9894
8432,東生華,11,0,11,元大-桃興,2024-09-24,9894
6134,萬旭,11,0,11,元大-桃興,2024-09-24,9894
00960,野村全球航運龍頭,10,0,10,元大-桃興,2024-09-24,9894
2356,英業達,20,10,10,元大-桃興,2024-09-24,9894
00949,復華日本龍頭,10,0,10,元大-桃興,2024-09-24,9894
00669R,國泰美國道瓊反1,12,2,10,元大-桃興,2024-09-24,9894
5356,協益,10,0,10,元大-桃興,2024-09-24,9894
2405,輔信,10,0,10,元大-桃興,2024-09-24,9894
6218,豪勉,10,0,10,元大-桃興,2024-09-24,9894
2367,燿華,21,11,10,元大-桃興,2024-09-24,9894
6026,福邦證,10,0,10,元大-桃興,2024-09-24,9894
00779B,凱基美債25+,10,0,10,元大-桃興,2024-09-24,9894
8249,菱光,10,0,10,元大-桃興,2024-09-24,9894
9941,裕融,10,0,10,元大-桃興,2024-09-24,9894
3374,精材,15,5,10,元大-桃興,2024-09-24,9894
3149,正達,58,49,9,元大-桃興,2024-09-24,9894
00687B,國泰20年美債,152,17,135,元大-桃興,2024-09-25,9894
00632R,元大台灣50反1,157,35,122,元大-桃興,2024-09-25,9894
00937B,群益ESG投等債20,133,32,101,元大-桃興,2024-09-25,9894
2495,普安,128,31,97,元大-桃興,2024-09-25,9894
00919,群益台灣精選高息,66,6,60,元大-桃興,2024-09-25,9894
3663,鑫科,45,1,44,元大-桃興,2024-09-25,9894
4903,聯光通,74,44,30,元大-桃興,2024-09-25,9894
1101,台泥,38,11,27,元大-桃興,2024-09-25,9894
00650L,復華香港正2,35,9,26,元大-桃興,2024-09-25,9894
00960,野村全球航運龍頭,33,9,24,元大-桃興,2024-09-25,9894
3141,晶宏,24,0,24,元大-桃興,2024-09-25,9894
2402,毅嘉,26,3,23,元大-桃興,2024-09-25,9894
2515,中工,21,0,21,元大-桃興,2024-09-25,9894
2867,三商壽,21,0,21,元大-桃興,2024-09-25,9894
5356,協益,21,1,20,元大-桃興,2024-09-25,9894
3550,聯穎,28,8,20,元大-桃興,2024-09-25,9894
00673R,期元大S＆P原油反1,30,10,20,元大-桃興,2024-09-25,9894
3290,東浦,20,0,20,元大-桃興,2024-09-25,9894
00700,富邦�琤肭磪�,20,0,20,元大-桃興,2024-09-25,9894
00688L,國泰20年美債正2,20,0,20,元大-桃興,2024-09-25,9894
00680L,元大美債20正2,34,15,19,元大-桃興,2024-09-25,9894
6116,彩晶,18,0,18,元大-桃興,2024-09-25,9894
2399,映泰,37,19,18,元大-桃興,2024-09-25,9894
1808,潤隆,22,4,18,元大-桃興,2024-09-25,9894
2464,盟立,19,5,14,元大-桃興,2024-09-25,9894
3047,訊舟,26,13,13,元大-桃興,2024-09-25,9894
2356,英業達,25,12,13,元大-桃興,2024-09-25,9894
1539,巨庭,13,0,13,元大-桃興,2024-09-25,9894
00751B,元大AAA至A公司債,14,2,12,元大-桃興,2024-09-25,9894
6148,驊宏資,13,1,12,元大-桃興,2024-09-25,9894
3622,洋華,16,5,11,元大-桃興,2024-09-25,9894
00674R,期元大S＆P黃金反1,11,0,11,元大-桃興,2024-09-25,9894
1711,永光,13,2,11,元大-桃興,2024-09-25,9894
4977,眾達-KY,13,2,11,元大-桃興,2024-09-25,9894
00948B,中信優息投資級債,10,0,10,元大-桃興,2024-09-25,9894
3049,精金,10,0,10,元大-桃興,2024-09-25,9894
00945B,凱基美國非投等債,10,0,10,元大-桃興,2024-09-25,9894
3346,麗清,10,0,10,元大-桃興,2024-09-25,9894
00933B,國泰10Y+金融債,10,0,10,元大-桃興,2024-09-25,9894
8085,福華,10,0,10,元大-桃興,2024-09-25,9894
2363,矽統,9,0,9,元大-桃興,2024-09-25,9894
2610,華航,20,11,9,元大-桃興,2024-09-25,9894
3576,聯合再生,10,2,8,元大-桃興,2024-09-25,9894
3062,建漢,20,12,8,元大-桃興,2024-09-25,9894
2228,劍麟,15,7,8,元大-桃興,2024-09-25,9894
2618,長榮航,20,12,8,元大-桃興,2024-09-25,9894
6290,良維,8,0,8,元大-桃興,2024-09-25,9894
1584,精剛,20,12,8,元大-桃興,2024-09-25,9894
1785,光洋科,27,19,8,元大-桃興,2024-09-25,9894
4939,亞電,8,0,8,元大-桃興,2024-09-25,9894
00687B,國泰20年美債,224,61,163,元大-桃興,2024-09-26,9894
00632R,元大台灣50反1,246,132,114,元大-桃興,2024-09-26,9894
00937B,群益ESG投等債20,174,70,104,元大-桃興,2024-09-26,9894
00688L,國泰20年美債正2,117,15,102,元大-桃興,2024-09-26,9894
00715L,期街口布蘭特正2,93,0,93,元大-桃興,2024-09-26,9894
9105,泰金寶-DR,87,0,87,元大-桃興,2024-09-26,9894
3024,憶聲,64,0,64,元大-桃興,2024-09-26,9894
00679B,元大美債20年,113,52,61,元大-桃興,2024-09-26,9894
1586,和勤,56,0,56,元大-桃興,2024-09-26,9894
00929,復華台灣科技優息,76,23,53,元大-桃興,2024-09-26,9894
1736,喬山,50,0,50,元大-桃興,2024-09-26,9894
2337,旺宏,64,18,46,元大-桃興,2024-09-26,9894
00960,野村全球航運龍頭,58,25,33,元大-桃興,2024-09-26,9894
1540,喬福,58,29,29,元大-桃興,2024-09-26,9894
1314,中石化,31,3,28,元大-桃興,2024-09-26,9894
00948B,中信優息投資級債,39,11,28,元大-桃興,2024-09-26,9894
2897A,王道銀甲特,26,0,26,元大-桃興,2024-09-26,9894
3141,晶宏,31,5,26,元大-桃興,2024-09-26,9894
4714,永捷,26,0,26,元大-桃興,2024-09-26,9894
2408,南亞科,27,2,25,元大-桃興,2024-09-26,9894
3715,定穎投控,54,29,25,元大-桃興,2024-09-26,9894
2312,金寶,38,14,24,元大-桃興,2024-09-26,9894
00915,凱基優選高股息30,24,0,24,元大-桃興,2024-09-26,9894
00751B,元大AAA至A公司債,23,0,23,元大-桃興,2024-09-26,9894
2365,昆盈,31,9,22,元大-桃興,2024-09-26,9894
3576,聯合再生,22,0,22,元大-桃興,2024-09-26,9894
8111,立��,31,9,22,元大-桃興,2024-09-26,9894
6548,長科*,21,0,21,元大-桃興,2024-09-26,9894
1609,大亞,21,0,21,元大-桃興,2024-09-26,9894
2417,圓剛,20,0,20,元大-桃興,2024-09-26,9894
8021,尖點,19,0,19,元大-桃興,2024-09-26,9894
00712,復華富時不動產,19,0,19,元大-桃興,2024-09-26,9894
3019,亞光,31,15,16,元大-桃興,2024-09-26,9894
00665L,富邦�琤肭磪囓�2,20,4,16,元大-桃興,2024-09-26,9894
3707,漢磊,16,0,16,元大-桃興,2024-09-26,9894
2367,燿華,18,2,16,元大-桃興,2024-09-26,9894
2363,矽統,33,18,15,元大-桃興,2024-09-26,9894
4958,臻鼎-KY,17,2,15,元大-桃興,2024-09-26,9894
2344,華邦電,53,38,15,元大-桃興,2024-09-26,9894
1808,潤隆,32,18,14,元大-桃興,2024-09-26,9894
00907,永豐優息存股,13,0,13,元大-桃興,2024-09-26,9894
6239,力成,28,16,12,元大-桃興,2024-09-26,9894
1721,三晃,12,0,12,元大-桃興,2024-09-26,9894
2409,友達,18,6,12,元大-桃興,2024-09-26,9894
4562,穎漢,15,3,12,元大-桃興,2024-09-26,9894
2371,大同,23,11,12,元大-桃興,2024-09-26,9894
6405,悅城,20,9,11,元大-桃興,2024-09-26,9894
2324,仁寶,11,0,11,元大-桃興,2024-09-26,9894
3293,鈊象,19,9,10,元大-桃興,2024-09-26,9894
1785,光洋科,40,30,10,元大-桃興,2024-09-26,9894
00715L,期街口布蘭特正2,167,0,167,元大-桃興,2024-09-27,9894
00930,永豐ESG低碳高息,100,0,100,元大-桃興,2024-09-27,9894
2897,王道銀行,100,0,100,元大-桃興,2024-09-27,9894
00933B,國泰10Y+金融債,63,1,62,元大-桃興,2024-09-27,9894
00687B,國泰20年美債,81,26,55,元大-桃興,2024-09-27,9894
1303,南亞,92,41,51,元大-桃興,2024-09-27,9894
6116,彩晶,48,0,48,元大-桃興,2024-09-27,9894
9105,泰金寶-DR,48,0,48,元大-桃興,2024-09-27,9894
00960,野村全球航運龍頭,59,16,43,元大-桃興,2024-09-27,9894
3715,定穎投控,63,20,43,元大-桃興,2024-09-27,9894
2356,英業達,43,5,38,元大-桃興,2024-09-27,9894
3576,聯合再生,32,1,31,元大-桃興,2024-09-27,9894
2495,普安,30,2,28,元大-桃興,2024-09-27,9894
3607,谷崧,23,0,23,元大-桃興,2024-09-27,9894
2409,友達,27,4,23,元大-桃興,2024-09-27,9894
3564,其陽,23,0,23,元大-桃興,2024-09-27,9894
1313,聯成,22,1,21,元大-桃興,2024-09-27,9894
5880,合庫金,20,0,20,元大-桃興,2024-09-27,9894
00700,富邦�琤肭磪�,20,0,20,元大-桃興,2024-09-27,9894
00671R,富邦NASDAQ反1,20,0,20,元大-桃興,2024-09-27,9894
2371,大同,26,6,20,元大-桃興,2024-09-27,9894
2816,旺旺保,20,0,20,元大-桃興,2024-09-27,9894
00951,台新日本半導體,20,0,20,元大-桃興,2024-09-27,9894
4979,華星光,48,29,19,元大-桃興,2024-09-27,9894
3062,建漢,31,12,19,元大-桃興,2024-09-27,9894
00712,復華富時不動產,18,0,18,元大-桃興,2024-09-27,9894
8107,大億金茂,17,0,17,元大-桃興,2024-09-27,9894
00680L,元大美債20正2,22,7,15,元大-桃興,2024-09-27,9894
6243,迅杰,24,10,14,元大-桃興,2024-09-27,9894
3450,聯鈞,29,15,14,元大-桃興,2024-09-27,9894
6104,創惟,18,5,13,元大-桃興,2024-09-27,9894
2464,盟立,18,6,12,元大-桃興,2024-09-27,9894
4952,凌通,19,8,11,元大-桃興,2024-09-27,9894
00795B,中信美國公債20年,11,0,11,元大-桃興,2024-09-27,9894
3147,大綜,11,0,11,元大-桃興,2024-09-27,9894
3580,友威科,17,6,11,元大-桃興,2024-09-27,9894
3711,日月光投控,11,1,10,元大-桃興,2024-09-27,9894
3265,台星科,10,0,10,元大-桃興,2024-09-27,9894
1540,喬福,36,26,10,元大-桃興,2024-09-27,9894
00641R,富邦日本反1,10,0,10,元大-桃興,2024-09-27,9894
2426,鼎元,10,0,10,元大-桃興,2024-09-27,9894
2887,台新金,11,1,10,元大-桃興,2024-09-27,9894
006205,富邦上証,10,0,10,元大-桃興,2024-09-27,9894
6134,萬旭,10,0,10,元大-桃興,2024-09-27,9894
3019,亞光,24,14,10,元大-桃興,2024-09-27,9894
2317,鴻海,63,53,10,元大-桃興,2024-09-27,9894
1815,富喬,19,9,10,元大-桃興,2024-09-27,9894
3363,上詮,18,9,9,元大-桃興,2024-09-27,9894
5014,建錩,10,1,9,元大-桃興,2024-09-27,9894
00931B,統一美債20年,9,0,9,元大-桃興,2024-09-27,9894
00919,群益台灣精選高息,212,14,198,元大-桃興,2024-09-30,9894
00637L,元大滬深300正2,232,124,108,元大-桃興,2024-09-30,9894
00679B,元大美債20年,111,6,105,元大-桃興,2024-09-30,9894
2014,中鴻,114,18,96,元大-桃興,2024-09-30,9894
2615,萬海,111,47,64,元大-桃興,2024-09-30,9894
00632R,元大台灣50反1,161,102,59,元大-桃興,2024-09-30,9894
5876,上海商銀,41,0,41,元大-桃興,2024-09-30,9894
00878,國泰永續高股息,40,0,40,元大-桃興,2024-09-30,9894
2617,台航,40,0,40,元大-桃興,2024-09-30,9894
00665L,富邦�琤肭磪囓�2,61,22,39,元大-桃興,2024-09-30,9894
00918,大華優利高填息30,47,10,37,元大-桃興,2024-09-30,9894
00937B,群益ESG投等債20,76,40,36,元大-桃興,2024-09-30,9894
00900,富邦特選高股息30,34,1,33,元大-桃興,2024-09-30,9894
3141,晶宏,30,0,30,元大-桃興,2024-09-30,9894
4726,永昕,30,0,30,元大-桃興,2024-09-30,9894
00680L,元大美債20正2,39,10,29,元大-桃興,2024-09-30,9894
00929,復華台灣科技優息,125,96,29,元大-桃興,2024-09-30,9894
00753L,中信中國50正2,30,1,29,元大-桃興,2024-09-30,9894
00946,群益科技高息成長,28,0,28,元大-桃興,2024-09-30,9894
00927,群益半導體收益,26,0,26,元大-桃興,2024-09-30,9894
3003,健和興,27,2,25,元大-桃興,2024-09-30,9894
00687B,國泰20年美債,26,3,23,元大-桃興,2024-09-30,9894
00650L,復華香港正2,23,1,22,元大-桃興,2024-09-30,9894
1909,榮成,56,34,22,元大-桃興,2024-09-30,9894
00712,復華富時不動產,21,1,20,元大-桃興,2024-09-30,9894
00634R,富邦上証反1,20,0,20,元大-桃興,2024-09-30,9894
1218,泰山,20,0,20,元大-桃興,2024-09-30,9894
2330,台積電,26,6,20,元大-桃興,2024-09-30,9894
0056,元大高股息,22,3,19,元大-桃興,2024-09-30,9894
3037,欣興,22,3,19,元大-桃興,2024-09-30,9894
00700,富邦�琤肭磪�,30,11,19,元大-桃興,2024-09-30,9894
2603,長榮,24,5,19,元大-桃興,2024-09-30,9894
1718,中纖,20,2,18,元大-桃興,2024-09-30,9894
00633L,富邦上証正2,23,5,18,元大-桃興,2024-09-30,9894
6873,泓德能源,18,0,18,元大-桃興,2024-09-30,9894
1714,和桐,22,4,18,元大-桃興,2024-09-30,9894
00923,群益台ESG低碳50,19,2,17,元大-桃興,2024-09-30,9894
0050,元大台灣50,17,0,17,元大-桃興,2024-09-30,9894
5347,世界,16,0,16,元大-桃興,2024-09-30,9894
8096,擎亞,16,0,16,元大-桃興,2024-09-30,9894
00953B,群益優選非投等債,15,0,15,元大-桃興,2024-09-30,9894
2887,台新金,14,0,14,元大-桃興,2024-09-30,9894
00752,中信中國50,19,5,14,元大-桃興,2024-09-30,9894
2891,中信金,25,12,13,元大-桃興,2024-09-30,9894
2303,聯電,14,0,14,元大-桃興,2024-09-30,9894
5608,四維航,26,13,13,元大-桃興,2024-09-30,9894
2023,燁輝,12,0,12,元大-桃興,2024-09-30,9894
8028,昇陽半導體,15,3,12,元大-桃興,2024-09-30,9894
2421,建準,12,1,11,元大-桃興,2024-09-30,9894
00891,中信關鍵半導體,11,0,11,元大-桃興,2024-09-30,9894
00632R,元大台灣50反1,232,6,226,元大-桃興,2024-10-01,9894
00929,復華台灣科技優息,171,14,157,元大-桃興,2024-10-01,9894
00940,元大台灣價值高息,146,52,94,元大-桃興,2024-10-01,9894
0056,元大高股息,80,0,80,元大-桃興,2024-10-01,9894
00937B,群益ESG投等債20,63,26,37,元大-桃興,2024-10-01,9894
00679B,元大美債20年,39,3,36,元大-桃興,2024-10-01,9894
0061,元大寶滬深,35,0,35,元大-桃興,2024-10-01,9894
00922,國泰台灣領袖50,35,0,35,元大-桃興,2024-10-01,9894
00878,國泰永續高股息,34,4,30,元大-桃興,2024-10-01,9894
3019,亞光,28,0,28,元大-桃興,2024-10-01,9894
6770,力積電,48,20,28,元大-桃興,2024-10-01,9894
00687B,國泰20年美債,28,1,27,元大-桃興,2024-10-01,9894
2344,華邦電,25,2,23,元大-桃興,2024-10-01,9894
1446,宏和,22,0,22,元大-桃興,2024-10-01,9894
1815,富喬,53,33,20,元大-桃興,2024-10-01,9894
00700,富邦�琤肭磪�,20,0,20,元大-桃興,2024-10-01,9894
00712,復華富時不動產,19,1,18,元大-桃興,2024-10-01,9894
3450,聯鈞,52,34,18,元大-桃興,2024-10-01,9894
5443,均豪,18,1,17,元大-桃興,2024-10-01,9894
1337,再生-KY,26,10,16,元大-桃興,2024-10-01,9894
6548,長科*,16,0,16,元大-桃興,2024-10-01,9894
00713,元大台灣高息低波,15,0,15,元大-桃興,2024-10-01,9894
00919,群益台灣精選高息,52,38,14,元大-桃興,2024-10-01,9894
00706L,期元大S＆P日圓正2,15,1,14,元大-桃興,2024-10-01,9894
2312,金寶,14,0,14,元大-桃興,2024-10-01,9894
3550,聯穎,14,0,14,元大-桃興,2024-10-01,9894
2317,鴻海,27,13,14,元大-桃興,2024-10-01,9894
2303,聯電,17,4,13,元大-桃興,2024-10-01,9894
6239,力成,13,0,13,元大-桃興,2024-10-01,9894
2313,華通,19,7,12,元大-桃興,2024-10-01,9894
00915,凱基優選高股息30,12,0,12,元大-桃興,2024-10-01,9894
00650L,復華香港正2,12,0,12,元大-桃興,2024-10-01,9894
1218,泰山,12,0,12,元大-桃興,2024-10-01,9894
1595,川寶,15,3,12,元大-桃興,2024-10-01,9894
2888,新光金,27,16,11,元大-桃興,2024-10-01,9894
5876,上海商銀,11,0,11,元大-桃興,2024-10-01,9894
00753L,中信中國50正2,31,20,11,元大-桃興,2024-10-01,9894
00934,中信成長高股息,11,0,11,元大-桃興,2024-10-01,9894
6109,亞元,11,0,11,元大-桃興,2024-10-01,9894
8421,旭源,11,0,11,元大-桃興,2024-10-01,9894
00688L,國泰20年美債正2,11,0,11,元大-桃興,2024-10-01,9894
6693,廣閎科,11,0,11,元大-桃興,2024-10-01,9894
1101,台泥,13,2,11,元大-桃興,2024-10-01,9894
3002,歐格,10,0,10,元大-桃興,2024-10-01,9894
4168,醣聯,10,0,10,元大-桃興,2024-10-01,9894
6285,啟��,10,0,10,元大-桃興,2024-10-01,9894
4109,加捷生醫,10,0,10,元大-桃興,2024-10-01,9894
4726,永昕,12,2,10,元大-桃興,2024-10-01,9894
8996,高力,10,0,10,元大-桃興,2024-10-01,9894
00719B,元大美債1-3,10,0,10,元大-桃興,2024-10-01,9894
00940,元大台灣價值高息,263,18,245,元大-桃興,2024-10-04,9894
00919,群益台灣精選高息,223,57,166,元大-桃興,2024-10-04,9894
0056,元大高股息,133,1,132,元大-桃興,2024-10-04,9894
00638R,元大滬深300反1,100,0,100,元大-桃興,2024-10-04,9894
2609,陽明,128,28,100,元大-桃興,2024-10-04,9894
00632R,元大台灣50反1,99,3,96,元大-桃興,2024-10-04,9894
6770,力積電,137,42,95,元大-桃興,2024-10-04,9894
2303,聯電,96,2,94,元大-桃興,2024-10-04,9894
00929,復華台灣科技優息,139,45,94,元大-桃興,2024-10-04,9894
2618,長榮航,94,5,89,元大-桃興,2024-10-04,9894
00679B,元大美債20年,89,9,80,元大-桃興,2024-10-04,9894
00882,中信中國高股息,279,206,73,元大-桃興,2024-10-04,9894
00687B,國泰20年美債,62,9,53,元大-桃興,2024-10-04,9894
2603,長榮,54,2,52,元大-桃興,2024-10-04,9894
00680L,元大美債20正2,51,1,50,元大-桃興,2024-10-04,9894
6118,建達,50,3,47,元大-桃興,2024-10-04,9894
00712,復華富時不動產,42,0,42,元大-桃興,2024-10-04,9894
2610,華航,37,1,36,元大-桃興,2024-10-04,9894
2637,慧洋-KY,38,2,36,元大-桃興,2024-10-04,9894
00887,永豐中國科技50大,41,6,35,元大-桃興,2024-10-04,9894
2615,萬海,41,10,31,元大-桃興,2024-10-04,9894
4523,永彰,29,0,29,元大-桃興,2024-10-04,9894
00960,野村全球航運龍頭,29,1,28,元大-桃興,2024-10-04,9894
00713,元大台灣高息低波,26,0,26,元大-桃興,2024-10-04,9894
00706L,期元大S＆P日圓正2,23,0,23,元大-桃興,2024-10-04,9894
00922,國泰台灣領袖50,23,0,23,元大-桃興,2024-10-04,9894
00915,凱基優選高股息30,23,1,22,元大-桃興,2024-10-04,9894
2308,台達電,24,2,22,元大-桃興,2024-10-04,9894
2498,宏達電,130,108,22,元大-桃興,2024-10-04,9894
2489,瑞軒,30,10,20,元大-桃興,2024-10-04,9894
3141,晶宏,20,0,20,元大-桃興,2024-10-04,9894
1718,中纖,20,0,20,元大-桃興,2024-10-04,9894
8039,台虹,22,2,20,元大-桃興,2024-10-04,9894
00939,統一台灣高息動能,19,1,18,元大-桃興,2024-10-04,9894
00639,富邦深100,17,0,17,元大-桃興,2024-10-04,9894
2409,友達,18,2,16,元大-桃興,2024-10-04,9894
4716,大立,16,0,16,元大-桃興,2024-10-04,9894
2007,燁興,20,4,16,元大-桃興,2024-10-04,9894
6151,晉倫,24,9,15,元大-桃興,2024-10-04,9894
00665L,富邦�琤肭磪囓�2,66,51,15,元大-桃興,2024-10-04,9894
8096,擎亞,22,7,15,元大-桃興,2024-10-04,9894
2884,玉山金,15,0,15,元大-桃興,2024-10-04,9894
4915,致伸,18,5,13,元大-桃興,2024-10-04,9894
2344,華邦電,15,2,13,元大-桃興,2024-10-04,9894
2547,日勝生,13,0,13,元大-桃興,2024-10-04,9894
00877,復華中國5G,23,10,13,元大-桃興,2024-10-04,9894
2542,興富發,15,2,13,元大-桃興,2024-10-04,9894
8074,鉅橡,12,0,12,元大-桃興,2024-10-04,9894
9105,泰金寶-DR,12,0,12,元大-桃興,2024-10-04,9894
00688L,國泰20年美債正2,12,0,12,元大-桃興,2024-10-04,9894
00637L,元大滬深300正2,288,126,162,元大-桃興,2024-10-07,9894
00679B,元大美債20年,137,12,125,元大-桃興,2024-10-07,9894
00882,中信中國高股息,183,73,110,元大-桃興,2024-10-07,9894
00940,元大台灣價值高息,123,13,110,元大-桃興,2024-10-07,9894
0056,元大高股息,76,12,64,元大-桃興,2024-10-07,9894
00922,國泰台灣領袖50,66,13,53,元大-桃興,2024-10-07,9894
00687B,國泰20年美債,79,35,44,元大-桃興,2024-10-07,9894
3591,艾笛森,66,23,43,元大-桃興,2024-10-07,9894
2498,宏達電,81,42,39,元大-桃興,2024-10-07,9894
2419,仲琦,30,0,30,元大-桃興,2024-10-07,9894
2356,英業達,59,32,27,元大-桃興,2024-10-07,9894
00795B,中信美國公債20年,25,0,25,元大-桃興,2024-10-07,9894
00878,國泰永續高股息,30,6,24,元大-桃興,2024-10-07,9894
00877,復華中國5G,21,0,21,元大-桃興,2024-10-07,9894
00935,野村臺灣新科技50,20,0,20,元大-桃興,2024-10-07,9894
00948B,中信優息投資級債,20,0,20,元大-桃興,2024-10-07,9894
3037,欣興,26,7,19,元大-桃興,2024-10-07,9894
00643,群益深証中小,18,0,18,元大-桃興,2024-10-07,9894
2317,鴻海,47,29,18,元大-桃興,2024-10-07,9894
2313,華通,29,11,18,元大-桃興,2024-10-07,9894
00915,凱基優選高股息30,17,0,17,元大-桃興,2024-10-07,9894
2303,聯電,17,0,17,元大-桃興,2024-10-07,9894
8111,立��,54,38,16,元大-桃興,2024-10-07,9894
2455,全新,19,3,16,元大-桃興,2024-10-07,9894
1808,潤隆,16,0,16,元大-桃興,2024-10-07,9894
2316,楠梓電,46,30,16,元大-桃興,2024-10-07,9894
2495,普安,34,19,15,元大-桃興,2024-10-07,9894
00739,元大MSCI A股,15,0,15,元大-桃興,2024-10-07,9894
00639,富邦深100,28,13,15,元大-桃興,2024-10-07,9894
00960,野村全球航運龍頭,15,1,14,元大-桃興,2024-10-07,9894
00887,永豐中國科技50大,85,71,14,元大-桃興,2024-10-07,9894
2515,中工,64,50,14,元大-桃興,2024-10-07,9894
00939,統一台灣高息動能,13,0,13,元大-桃興,2024-10-07,9894
00700,富邦�琤肭磪�,13,0,13,元大-桃興,2024-10-07,9894
00946,群益科技高息成長,12,0,12,元大-桃興,2024-10-07,9894
00632R,元大台灣50反1,112,100,12,元大-桃興,2024-10-07,9894
6241,易通展,12,0,12,元大-桃興,2024-10-07,9894
3141,晶宏,12,0,12,元大-桃興,2024-10-07,9894
8277,商丞,12,0,12,元大-桃興,2024-10-07,9894
5014,建錩,11,0,11,元大-桃興,2024-10-07,9894
3430,奇鈦科,11,0,11,元大-桃興,2024-10-07,9894
3066,李洲,11,0,11,元大-桃興,2024-10-07,9894
1314,中石化,33,23,10,元大-桃興,2024-10-07,9894
3376,新日興,11,1,10,元大-桃興,2024-10-07,9894
00783,富邦中証500,10,0,10,元大-桃興,2024-10-07,9894
00655L,國泰中國A50正2,10,0,10,元大-桃興,2024-10-07,9894
00918,大華優利高填息30,26,16,10,元大-桃興,2024-10-07,9894
6530,創威,28,19,9,元大-桃興,2024-10-07,9894
6770,力積電,9,0,9,元大-桃興,2024-10-07,9894
8104,錸寶,12,3,9,元大-桃興,2024-10-07,9894
00922,國泰台灣領袖50,160,0,160,元大-桃興,2024-10-08,9894
0056,元大高股息,140,11,129,元大-桃興,2024-10-08,9894
00679B,元大美債20年,203,86,117,元大-桃興,2024-10-08,9894
00929,復華台灣科技優息,138,35,103,元大-桃興,2024-10-08,9894
00712,復華富時不動產,94,0,94,元大-桃興,2024-10-08,9894
00680L,元大美債20正2,92,2,90,元大-桃興,2024-10-08,9894
1309,台達化,81,0,81,元大-桃興,2024-10-08,9894
00948B,中信優息投資級債,80,0,80,元大-桃興,2024-10-08,9894
00919,群益台灣精選高息,123,43,80,元大-桃興,2024-10-08,9894
2601,益航,66,8,58,元大-桃興,2024-10-08,9894
00687B,國泰20年美債,58,8,50,元大-桃興,2024-10-08,9894
3576,聯合再生,48,1,47,元大-桃興,2024-10-08,9894
00878,國泰永續高股息,47,0,47,元大-桃興,2024-10-08,9894
00632R,元大台灣50反1,57,13,44,元大-桃興,2024-10-08,9894
5876,上海商銀,41,0,41,元大-桃興,2024-10-08,9894
00753L,中信中國50正2,144,103,41,元大-桃興,2024-10-08,9894
00639,富邦深100,42,8,34,元大-桃興,2024-10-08,9894
00937B,群益ESG投等債20,42,8,34,元大-桃興,2024-10-08,9894
2409,友達,34,1,33,元大-桃興,2024-10-08,9894
2495,普安,30,1,29,元大-桃興,2024-10-08,9894
3024,憶聲,29,0,29,元大-桃興,2024-10-08,9894
5210,寶碩,29,0,29,元大-桃興,2024-10-08,9894
0061,元大寶滬深,31,4,27,元大-桃興,2024-10-08,9894
00751B,元大AAA至A公司債,25,0,25,元大-桃興,2024-10-08,9894
6770,力積電,24,1,23,元大-桃興,2024-10-08,9894
5443,均豪,36,14,22,元大-桃興,2024-10-08,9894
2834,臺企銀,31,10,21,元大-桃興,2024-10-08,9894
4956,光鋐,31,10,21,元大-桃興,2024-10-08,9894
3037,欣興,22,1,21,元大-桃興,2024-10-08,9894
00720B,元大投資級公司債,20,0,20,元大-桃興,2024-10-08,9894
3149,正達,48,28,20,元大-桃興,2024-10-08,9894
1101,台泥,20,0,20,元大-桃興,2024-10-08,9894
2419,仲琦,20,0,20,元大-桃興,2024-10-08,9894
00650L,復華香港正2,33,13,20,元大-桃興,2024-10-08,9894
00655L,國泰中國A50正2,19,0,19,元大-桃興,2024-10-08,9894
2399,映泰,108,90,18,元大-桃興,2024-10-08,9894
2356,英業達,44,26,18,元大-桃興,2024-10-08,9894
2317,鴻海,41,24,17,元大-桃興,2024-10-08,9894
8996,高力,21,5,16,元大-桃興,2024-10-08,9894
2313,華通,18,3,15,元大-桃興,2024-10-08,9894
1721,三晃,15,0,15,元大-桃興,2024-10-08,9894
1815,富喬,16,1,15,元大-桃興,2024-10-08,9894
2547,日勝生,15,0,15,元大-桃興,2024-10-08,9894
3025,星通,35,20,15,元大-桃興,2024-10-08,9894
9105,泰金寶-DR,16,1,15,元大-桃興,2024-10-08,9894
00918,大華優利高填息30,14,0,14,元大-桃興,2024-10-08,9894
2610,華航,14,0,14,元大-桃興,2024-10-08,9894
2344,華邦電,13,0,13,元大-桃興,2024-10-08,9894
4716,大立,15,2,13,元大-桃興,2024-10-08,9894
2892,第一金,13,0,13,元大-桃興,2024-10-08,9894
00948B,中信優息投資級債,173,0,173,元大-桃興,2024-10-09,9894
00753L,中信中國50正2,183,36,147,元大-桃興,2024-10-09,9894
00680L,元大美債20正2,142,0,142,元大-桃興,2024-10-09,9894
00632R,元大台灣50反1,102,19,83,元大-桃興,2024-10-09,9894
1314,中石化,80,8,72,元大-桃興,2024-10-09,9894
00687B,國泰20年美債,89,19,70,元大-桃興,2024-10-09,9894
5880,合庫金,63,0,63,元大-桃興,2024-10-09,9894
2312,金寶,64,9,55,元大-桃興,2024-10-09,9894
2601,益航,51,1,50,元大-桃興,2024-10-09,9894
3049,精金,68,18,50,元大-桃興,2024-10-09,9894
00679B,元大美債20年,49,1,48,元大-桃興,2024-10-09,9894
00919,群益台灣精選高息,49,5,44,元大-桃興,2024-10-09,9894
00882,中信中國高股息,52,14,38,元大-桃興,2024-10-09,9894
0056,元大高股息,51,14,37,元大-桃興,2024-10-09,9894
2495,普安,64,27,37,元大-桃興,2024-10-09,9894
00887,永豐中國科技50大,45,11,34,元大-桃興,2024-10-09,9894
2498,宏達電,58,26,32,元大-桃興,2024-10-09,9894
2609,陽明,48,16,32,元大-桃興,2024-10-09,9894
00940,元大台灣價值高息,43,12,31,元大-桃興,2024-10-09,9894
3591,艾笛森,35,6,29,元大-桃興,2024-10-09,9894
00639,富邦深100,31,7,24,元大-桃興,2024-10-09,9894
3481,群創,29,5,24,元大-桃興,2024-10-09,9894
1101,台泥,23,1,22,元大-桃興,2024-10-09,9894
2323,中環,22,0,22,元大-桃興,2024-10-09,9894
9105,泰金寶-DR,21,0,21,元大-桃興,2024-10-09,9894
1718,中纖,20,0,20,元大-桃興,2024-10-09,9894
3141,晶宏,20,0,20,元大-桃興,2024-10-09,9894
8021,尖點,30,10,20,元大-桃興,2024-10-09,9894
3466,德晉,19,0,19,元大-桃興,2024-10-09,9894
4526,東台,19,0,19,元大-桃興,2024-10-09,9894
3033,威健,18,0,18,元大-桃興,2024-10-09,9894
2915,潤泰全,18,0,18,元大-桃興,2024-10-09,9894
00650L,復華香港正2,32,14,18,元大-桃興,2024-10-09,9894
00633L,富邦上証正2,24,7,17,元大-桃興,2024-10-09,9894
00937B,群益ESG投等債20,52,35,17,元大-桃興,2024-10-09,9894
5443,均豪,36,20,16,元大-桃興,2024-10-09,9894
2023,燁輝,16,0,16,元大-桃興,2024-10-09,9894
00929,復華台灣科技優息,15,0,15,元大-桃興,2024-10-09,9894
2515,中工,16,2,14,元大-桃興,2024-10-09,9894
8112,至上,16,2,14,元大-桃興,2024-10-09,9894
4909,新復興,14,0,14,元大-桃興,2024-10-09,9894
5905,南仁湖,21,7,14,元大-桃興,2024-10-09,9894
4510,高鋒,13,0,13,元大-桃興,2024-10-09,9894
1312,國喬,14,1,13,元大-桃興,2024-10-09,9894
2845,遠東銀,13,0,13,元大-桃興,2024-10-09,9894
00713,元大台灣高息低波,13,1,12,元大-桃興,2024-10-09,9894
5243,乙盛-KY,13,1,12,元大-桃興,2024-10-09,9894
4908,前鼎,22,10,12,元大-桃興,2024-10-09,9894
5876,上海商銀,12,0,12,元大-桃興,2024-10-09,9894
3715,定穎投控,21,9,12,元大-桃興,2024-10-09,9894
3024,憶聲,379,3,376,元大-桃興,2024-10-11,9894
00679B,元大美債20年,290,55,235,元大-桃興,2024-10-11,9894
00638R,元大滬深300反1,200,0,200,元大-桃興,2024-10-11,9894
00632R,元大台灣50反1,142,0,142,元大-桃興,2024-10-11,9894
00637L,元大滬深300正2,180,47,133,元大-桃興,2024-10-11,9894
00680L,元大美債20正2,128,31,97,元大-桃興,2024-10-11,9894
0056,元大高股息,75,6,69,元大-桃興,2024-10-11,9894
00687B,國泰20年美債,92,25,67,元大-桃興,2024-10-11,9894
00945B,凱基美國非投等債,55,0,55,元大-桃興,2024-10-11,9894
00919,群益台灣精選高息,42,3,39,元大-桃興,2024-10-11,9894
3149,正達,146,109,37,元大-桃興,2024-10-11,9894
1785,光洋科,55,22,33,元大-桃興,2024-10-11,9894
2062,橋椿,71,44,27,元大-桃興,2024-10-11,9894
2349,錸德,26,3,23,元大-桃興,2024-10-11,9894
4958,臻鼎-KY,23,0,23,元大-桃興,2024-10-11,9894
00713,元大台灣高息低波,23,0,23,元大-桃興,2024-10-11,9894
1721,三晃,21,1,20,元大-桃興,2024-10-11,9894
1781,合世,20,0,20,元大-桃興,2024-10-11,9894
8107,大億金茂,20,0,20,元大-桃興,2024-10-11,9894
6118,建達,20,0,20,元大-桃興,2024-10-11,9894
00670L,富邦NASDAQ正2,19,0,19,元大-桃興,2024-10-11,9894
00943,兆豐電子高息等權,17,0,17,元大-桃興,2024-10-11,9894
2399,映泰,64,47,17,元大-桃興,2024-10-11,9894
6216,居易,27,10,17,元大-桃興,2024-10-11,9894
00948B,中信優息投資級債,17,0,17,元大-桃興,2024-10-11,9894
3481,群創,20,3,17,元大-桃興,2024-10-11,9894
00931B,統一美債20年,17,1,16,元大-桃興,2024-10-11,9894
1584,精剛,16,0,16,元大-桃興,2024-10-11,9894
2887,台新金,18,3,15,元大-桃興,2024-10-11,9894
4114,健喬,14,0,14,元大-桃興,2024-10-11,9894
8111,立��,29,15,14,元大-桃興,2024-10-11,9894
2363,矽統,45,31,14,元大-桃興,2024-10-11,9894
2444,兆勁,13,0,13,元大-桃興,2024-10-11,9894
3591,艾笛森,18,5,13,元大-桃興,2024-10-11,9894
4736,泰博,13,0,13,元大-桃興,2024-10-11,9894
2419,仲琦,16,3,13,元大-桃興,2024-10-11,9894
2388,威盛,22,10,12,元大-桃興,2024-10-11,9894
00688L,國泰20年美債正2,12,0,12,元大-桃興,2024-10-11,9894
2882,國泰金,12,0,12,元大-桃興,2024-10-11,9894
8996,高力,14,3,11,元大-桃興,2024-10-11,9894
00665L,富邦�琤肭磪囓�2,12,1,11,元大-桃興,2024-10-11,9894
3583,辛耘,15,4,11,元大-桃興,2024-10-11,9894
00712,復華富時不動產,16,5,11,元大-桃興,2024-10-11,9894
00753L,中信中國50正2,31,21,10,元大-桃興,2024-10-11,9894
6754,匯僑設計,10,0,10,元大-桃興,2024-10-11,9894
5324,士開,10,0,10,元大-桃興,2024-10-11,9894
6218,豪勉,10,0,10,元大-桃興,2024-10-11,9894
00673R,期元大S＆P原油反1,10,0,10,元大-桃興,2024-10-11,9894
2486,一詮,65,56,9,元大-桃興,2024-10-11,9894
6152,百一,9,0,9,元大-桃興,2024-10-11,9894
9105,泰金寶-DR,236,51,185,元大-桃興,2024-10-14,9894
00637L,元大滬深300正2,356,181,175,元大-桃興,2024-10-14,9894
00948B,中信優息投資級債,128,0,128,元大-桃興,2024-10-14,9894
0056,元大高股息,102,0,102,元大-桃興,2024-10-14,9894
00887,永豐中國科技50大,96,0,96,元大-桃興,2024-10-14,9894
00937B,群益ESG投等債20,166,91,75,元大-桃興,2024-10-14,9894
00720B,元大投資級公司債,59,0,59,元大-桃興,2024-10-14,9894
00632R,元大台灣50反1,51,0,51,元大-桃興,2024-10-14,9894
2883B,凱基金乙特,50,0,50,元大-桃興,2024-10-14,9894
00679B,元大美債20年,59,10,49,元大-桃興,2024-10-14,9894
00680L,元大美債20正2,42,0,42,元大-桃興,2024-10-14,9894
00753L,中信中國50正2,59,20,39,元大-桃興,2024-10-14,9894
00687B,國泰20年美債,79,40,39,元大-桃興,2024-10-14,9894
00712,復華富時不動產,35,0,35,元大-桃興,2024-10-14,9894
00751B,元大AAA至A公司債,31,0,31,元大-桃興,2024-10-14,9894
2419,仲琦,31,0,31,元大-桃興,2024-10-14,9894
00922,國泰台灣領袖50,35,6,29,元大-桃興,2024-10-14,9894
00688L,國泰20年美債正2,28,0,28,元大-桃興,2024-10-14,9894
3576,聯合再生,28,2,26,元大-桃興,2024-10-14,9894
00650L,復華香港正2,26,0,26,元大-桃興,2024-10-14,9894
00915,凱基優選高股息30,26,0,26,元大-桃興,2024-10-14,9894
2426,鼎元,32,7,25,元大-桃興,2024-10-14,9894
2002,中鋼,22,1,21,元大-桃興,2024-10-14,9894
2615,萬海,28,7,21,元大-桃興,2024-10-14,9894
2312,金寶,104,84,20,元大-桃興,2024-10-14,9894
2609,陽明,41,21,20,元大-桃興,2024-10-14,9894
1909,榮成,20,0,20,元大-桃興,2024-10-14,9894
2317,鴻海,32,12,20,元大-桃興,2024-10-14,9894
2618,長榮航,21,1,20,元大-桃興,2024-10-14,9894
00655L,國泰中國A50正2,19,0,19,元大-桃興,2024-10-14,9894
6108,競國,20,1,19,元大-桃興,2024-10-14,9894
1595,川寶,35,17,18,元大-桃興,2024-10-14,9894
6770,力積電,17,0,17,元大-桃興,2024-10-14,9894
4927,泰鼎-KY,20,4,16,元大-桃興,2024-10-14,9894
5905,南仁湖,15,0,15,元大-桃興,2024-10-14,9894
00960,野村全球航運龍頭,15,0,15,元大-桃興,2024-10-14,9894
1314,中石化,14,0,14,元大-桃興,2024-10-14,9894
2887,台新金,32,19,13,元大-桃興,2024-10-14,9894
00795B,中信美國公債20年,13,0,13,元大-桃興,2024-10-14,9894
9945,潤泰新,13,0,13,元大-桃興,2024-10-14,9894
6147,頎邦,12,0,12,元大-桃興,2024-10-14,9894
6609,瀧澤科,23,11,12,元大-桃興,2024-10-14,9894
5483,中美晶,13,2,11,元大-桃興,2024-10-14,9894
00639,富邦深100,11,0,11,元大-桃興,2024-10-14,9894
1785,光洋科,12,1,11,元大-桃興,2024-10-14,9894
2610,華航,11,1,10,元大-桃興,2024-10-14,9894
00653L,富邦印度正2,10,0,10,元大-桃興,2024-10-14,9894
00921,兆豐龍頭等權重,10,0,10,元大-桃興,2024-10-14,9894
2467,志聖,23,13,10,元大-桃興,2024-10-14,9894
00633L,富邦上証正2,20,10,10,元大-桃興,2024-10-14,9894
00715L,期街口布蘭特正2,248,2,246,元大-桃興,2024-10-15,9894
00680L,元大美債20正2,233,1,232,元大-桃興,2024-10-15,9894
00927,群益半導體收益,144,3,141,元大-桃興,2024-10-15,9894
00887,永豐中國科技50大,124,1,123,元大-桃興,2024-10-15,9894
00919,群益台灣精選高息,114,22,92,元大-桃興,2024-10-15,9894
00712,復華富時不動產,66,2,64,元大-桃興,2024-10-15,9894
00687B,國泰20年美債,63,4,59,元大-桃興,2024-10-15,9894
00753L,中信中國50正2,100,52,48,元大-桃興,2024-10-15,9894
3450,聯鈞,61,17,44,元大-桃興,2024-10-15,9894
00637L,元大滬深300正2,55,12,43,元大-桃興,2024-10-15,9894
2515,中工,37,0,37,元大-桃興,2024-10-15,9894
1314,中石化,35,3,32,元大-桃興,2024-10-15,9894
00688L,國泰20年美債正2,30,0,30,元大-桃興,2024-10-15,9894
3149,正達,61,32,29,元大-桃興,2024-10-15,9894
00943,兆豐電子高息等權,27,0,27,元大-桃興,2024-10-15,9894
00882,中信中國高股息,27,0,27,元大-桃興,2024-10-15,9894
1721,三晃,27,0,27,元大-桃興,2024-10-15,9894
2363,矽統,82,58,24,元大-桃興,2024-10-15,9894
2002,中鋼,51,28,23,元大-桃興,2024-10-15,9894
4956,光鋐,58,36,22,元大-桃興,2024-10-15,9894
00932,兆豐永續高息等權,21,0,21,元大-桃興,2024-10-15,9894
00679B,元大美債20年,21,0,21,元大-桃興,2024-10-15,9894
6116,彩晶,22,2,20,元大-桃興,2024-10-15,9894
3013,晟銘電,53,34,19,元大-桃興,2024-10-15,9894
6156,松上,50,32,18,元大-桃興,2024-10-15,9894
0056,元大高股息,49,32,17,元大-桃興,2024-10-15,9894
6274,台燿,22,5,17,元大-桃興,2024-10-15,9894
00915,凱基優選高股息30,19,2,17,元大-桃興,2024-10-15,9894
2426,鼎元,21,4,17,元大-桃興,2024-10-15,9894
1569,濱川,15,0,15,元大-桃興,2024-10-15,9894
00960,野村全球航運龍頭,15,1,14,元大-桃興,2024-10-15,9894
6438,迅得,27,13,14,元大-桃興,2024-10-15,9894
00665L,富邦�琤肭磪囓�2,14,0,14,元大-桃興,2024-10-15,9894
4927,泰鼎-KY,14,0,14,元大-桃興,2024-10-15,9894
6530,創威,23,9,14,元大-桃興,2024-10-15,9894
5452,佶優,50,37,13,元大-桃興,2024-10-15,9894
4167,松瑞藥,13,0,13,元大-桃興,2024-10-15,9894
00730,富邦臺灣優質高息,14,1,13,元大-桃興,2024-10-15,9894
2399,映泰,49,37,12,元大-桃興,2024-10-15,9894
2344,華邦電,12,0,12,元大-桃興,2024-10-15,9894
00633L,富邦上証正2,12,0,12,元大-桃興,2024-10-15,9894
1316,上曜,12,0,12,元大-桃興,2024-10-15,9894
00905,FT臺灣Smart,12,0,12,元大-桃興,2024-10-15,9894
4510,高鋒,11,0,11,元大-桃興,2024-10-15,9894
4977,眾達-KY,13,2,11,元大-桃興,2024-10-15,9894
2887,台新金,11,1,10,元大-桃興,2024-10-15,9894
2820,華票,10,0,10,元大-桃興,2024-10-15,9894
00646,元大S＆P500,10,0,10,元大-桃興,2024-10-15,9894
8096,擎亞,25,15,10,元大-桃興,2024-10-15,9894
6285,啟��,10,0,10,元大-桃興,2024-10-15,9894
00680L,元大美債20正2,221,13,208,元大-桃興,2024-10-16,9894
3024,憶聲,114,4,110,元大-桃興,2024-10-16,9894
00887,永豐中國科技50大,98,2,96,元大-桃興,2024-10-16,9894
00679B,元大美債20年,83,4,79,元大-桃興,2024-10-16,9894
2888,新光金,71,7,64,元大-桃興,2024-10-16,9894
0056,元大高股息,107,54,53,元大-桃興,2024-10-16,9894
00922,國泰台灣領袖50,48,1,47,元大-桃興,2024-10-16,9894
00929,復華台灣科技優息,78,31,47,元大-桃興,2024-10-16,9894
8032,光菱,55,14,41,元大-桃興,2024-10-16,9894
00730,富邦臺灣優質高息,44,3,41,元大-桃興,2024-10-16,9894
2455,全新,40,2,38,元大-桃興,2024-10-16,9894
00927,群益半導體收益,30,0,30,元大-桃興,2024-10-16,9894
2356,英業達,50,22,28,元大-桃興,2024-10-16,9894
2605,新興,27,0,27,元大-桃興,2024-10-16,9894
2313,華通,31,6,25,元大-桃興,2024-10-16,9894
00671R,富邦NASDAQ反1,25,0,25,元大-桃興,2024-10-16,9894
00687B,國泰20年美債,25,4,21,元大-桃興,2024-10-16,9894
00688L,國泰20年美債正2,22,1,21,元大-桃興,2024-10-16,9894
2406,國碩,20,0,20,元大-桃興,2024-10-16,9894
1815,富喬,20,0,20,元大-桃興,2024-10-16,9894
2614,東森,18,1,17,元大-桃興,2024-10-16,9894
3189,景碩,17,1,16,元大-桃興,2024-10-16,9894
1785,光洋科,26,10,16,元大-桃興,2024-10-16,9894
3049,精金,16,0,16,元大-桃興,2024-10-16,9894
5272,笙科,20,5,15,元大-桃興,2024-10-16,9894
2542,興富發,16,3,13,元大-桃興,2024-10-16,9894
00905,FT臺灣Smart,13,0,13,元大-桃興,2024-10-16,9894
3715,定穎投控,12,0,12,元大-桃興,2024-10-16,9894
6216,居易,12,0,12,元大-桃興,2024-10-16,9894
9910,豐泰,12,0,12,元大-桃興,2024-10-16,9894
6239,力成,12,0,12,元大-桃興,2024-10-16,9894
6770,力積電,16,5,11,元大-桃興,2024-10-16,9894
5871,中租-KY,11,0,11,元大-桃興,2024-10-16,9894
3372,典範,11,0,11,元大-桃興,2024-10-16,9894
2915,潤泰全,11,0,11,元大-桃興,2024-10-16,9894
2891,中信金,11,1,10,元大-桃興,2024-10-16,9894
2365,昆盈,19,9,10,元大-桃興,2024-10-16,9894
3147,大綜,10,0,10,元大-桃興,2024-10-16,9894
2033,佳大,20,10,10,元大-桃興,2024-10-16,9894
2929,淘帝-KY,10,0,10,元大-桃興,2024-10-16,9894
4510,高鋒,26,16,10,元大-桃興,2024-10-16,9894
00915,凱基優選高股息30,10,0,10,元大-桃興,2024-10-16,9894
2887,台新金,10,0,10,元大-桃興,2024-10-16,9894
00918,大華優利高填息30,14,5,9,元大-桃興,2024-10-16,9894
6274,台燿,9,0,9,元大-桃興,2024-10-16,9894
3163,波若威,9,0,9,元大-桃興,2024-10-16,9894
3019,亞光,13,4,9,元大-桃興,2024-10-16,9894
1605,華新,10,2,8,元大-桃興,2024-10-16,9894
2388,威盛,20,12,8,元大-桃興,2024-10-16,9894
6156,松上,18,10,8,元大-桃興,2024-10-16,9894
00927,群益半導體收益,139,0,139,元大-桃興,2024-10-17,9894
00637L,元大滬深300正2,118,6,112,元大-桃興,2024-10-17,9894
00887,永豐中國科技50大,104,1,103,元大-桃興,2024-10-17,9894
00753L,中信中國50正2,109,20,89,元大-桃興,2024-10-17,9894
2399,映泰,109,58,51,元大-桃興,2024-10-17,9894
2317,鴻海,64,30,34,元大-桃興,2024-10-17,9894
00715L,期街口布蘭特正2,34,1,33,元大-桃興,2024-10-17,9894
8374,羅昇,57,30,27,元大-桃興,2024-10-17,9894
9933,中鼎,29,2,27,元大-桃興,2024-10-17,9894
3167,大量,45,18,27,元大-桃興,2024-10-17,9894
00941,中信上游半導體,31,5,26,元大-桃興,2024-10-17,9894
2888,新光金,40,15,25,元大-桃興,2024-10-17,9894
3149,正達,38,13,25,元大-桃興,2024-10-17,9894
6175,立敦,25,0,25,元大-桃興,2024-10-17,9894
6274,台燿,19,0,19,元大-桃興,2024-10-17,9894
3522,御嵿,20,1,19,元大-桃興,2024-10-17,9894
3031,佰鴻,22,3,19,元大-桃興,2024-10-17,9894
00950B,凱基A級公司債,19,0,19,元大-桃興,2024-10-17,9894
00922,國泰台灣領袖50,19,0,19,元大-桃興,2024-10-17,9894
3003,健和興,17,0,17,元大-桃興,2024-10-17,9894
2405,輔信,21,4,17,元大-桃興,2024-10-17,9894
2426,鼎元,21,4,17,元大-桃興,2024-10-17,9894
3062,建漢,43,26,17,元大-桃興,2024-10-17,9894
3209,全科,23,7,16,元大-桃興,2024-10-17,9894
3498,陽程,31,15,16,元大-桃興,2024-10-17,9894
6188,廣明,23,9,14,元大-桃興,2024-10-17,9894
2520,冠德,14,0,14,元大-桃興,2024-10-17,9894
1539,巨庭,13,0,13,元大-桃興,2024-10-17,9894
00882,中信中國高股息,16,4,12,元大-桃興,2024-10-17,9894
00948B,中信優息投資級債,14,2,12,元大-桃興,2024-10-17,9894
6763,綠界科技*,31,19,12,元大-桃興,2024-10-17,9894
4979,華星光,18,7,11,元大-桃興,2024-10-17,9894
1528,恩德,33,22,11,元大-桃興,2024-10-17,9894
1314,中石化,11,0,11,元大-桃興,2024-10-17,9894
2645,長榮航太,11,0,11,元大-桃興,2024-10-17,9894
4956,光鋐,11,1,10,元大-桃興,2024-10-17,9894
5512,力麒,10,0,10,元大-桃興,2024-10-17,9894
2393,億光,10,0,10,元大-桃興,2024-10-17,9894
00665L,富邦�琤肭磪囓�2,102,92,10,元大-桃興,2024-10-17,9894
2387,精元,10,0,10,元大-桃興,2024-10-17,9894
1720,生達,10,0,10,元大-桃興,2024-10-17,9894
5534,長虹,10,0,10,元大-桃興,2024-10-17,9894
006208,富邦台50,10,0,10,元大-桃興,2024-10-17,9894
8936,國統,10,0,10,元大-桃興,2024-10-17,9894
3339,泰谷,11,1,10,元大-桃興,2024-10-17,9894
3230,錦明,21,12,9,元大-桃興,2024-10-17,9894
2303,聯電,10,1,9,元大-桃興,2024-10-17,9894
1702,南僑,9,0,9,元大-桃興,2024-10-17,9894
00680L,元大美債20正2,10,1,9,元大-桃興,2024-10-17,9894
1595,川寶,11,2,9,元大-桃興,2024-10-17,9894
00937B,群益ESG投等債20,237,1,236,元大-桃興,2024-10-18,9894
00948B,中信優息投資級債,197,0,197,元大-桃興,2024-10-18,9894
00679B,元大美債20年,177,53,124,元大-桃興,2024-10-18,9894
00753L,中信中國50正2,209,105,104,元大-桃興,2024-10-18,9894
00637L,元大滬深300正2,156,67,89,元大-桃興,2024-10-18,9894
00927,群益半導體收益,76,0,76,元大-桃興,2024-10-18,9894
00632R,元大台灣50反1,66,1,65,元大-桃興,2024-10-18,9894
00887,永豐中國科技50大,76,13,63,元大-桃興,2024-10-18,9894
00918,大華優利高填息30,58,1,57,元大-桃興,2024-10-18,9894
00680L,元大美債20正2,62,10,52,元大-桃興,2024-10-18,9894
00953B,群益優選非投等債,50,0,50,元大-桃興,2024-10-18,9894
00676R,富邦臺灣加權反1,50,0,50,元大-桃興,2024-10-18,9894
2834,臺企銀,50,0,50,元大-桃興,2024-10-18,9894
0056,元大高股息,63,16,47,元大-桃興,2024-10-18,9894
2303,聯電,46,2,44,元大-桃興,2024-10-18,9894
3149,正達,60,17,43,元大-桃興,2024-10-18,9894
1721,三晃,66,24,42,元大-桃興,2024-10-18,9894
8028,昇陽半導體,90,54,36,元大-桃興,2024-10-18,9894
2615,萬海,43,11,32,元大-桃興,2024-10-18,9894
8076,伍豐,30,0,30,元大-桃興,2024-10-18,9894
2317,鴻海,86,56,30,元大-桃興,2024-10-18,9894
9105,泰金寶-DR,78,51,27,元大-桃興,2024-10-18,9894
2349,錸德,26,0,26,元大-桃興,2024-10-18,9894
2367,燿華,39,13,26,元大-桃興,2024-10-18,9894
1785,光洋科,37,11,26,元大-桃興,2024-10-18,9894
00751B,元大AAA至A公司債,23,0,23,元大-桃興,2024-10-18,9894
2464,盟立,30,8,22,元大-桃興,2024-10-18,9894
3498,陽程,25,3,22,元大-桃興,2024-10-18,9894
3037,欣興,31,9,22,元大-桃興,2024-10-18,9894
00905,FT臺灣Smart,27,7,20,元大-桃興,2024-10-18,9894
00688L,國泰20年美債正2,22,2,20,元大-桃興,2024-10-18,9894
1326,台化,20,0,20,元大-桃興,2024-10-18,9894
6239,力成,19,0,19,元大-桃興,2024-10-18,9894
2867,三商壽,20,1,19,元大-桃興,2024-10-18,9894
1536,和大,22,3,19,元大-桃興,2024-10-18,9894
4562,穎漢,73,54,19,元大-桃興,2024-10-18,9894
00929,復華台灣科技優息,35,17,18,元大-桃興,2024-10-18,9894
3167,大量,37,20,17,元大-桃興,2024-10-18,9894
1524,耿鼎,16,0,16,元大-桃興,2024-10-18,9894
3693,營邦,15,0,15,元大-桃興,2024-10-18,9894
2313,華通,21,6,15,元大-桃興,2024-10-18,9894
6216,居易,15,0,15,元大-桃興,2024-10-18,9894
6548,長科*,15,0,15,元大-桃興,2024-10-18,9894
2449,京元電子,41,27,14,元大-桃興,2024-10-18,9894
5347,世界,17,4,13,元大-桃興,2024-10-18,9894
1595,川寶,15,2,13,元大-桃興,2024-10-18,9894
00919,群益台灣精選高息,27,14,13,元大-桃興,2024-10-18,9894
00687B,國泰20年美債,50,37,13,元大-桃興,2024-10-18,9894
2489,瑞軒,13,1,12,元大-桃興,2024-10-18,9894
8111,立��,13,1,12,元大-桃興,2024-10-18,9894
00937B,群益ESG投等債20,318,0,318,元大-桃興,2024-10-21,9894
00948B,中信優息投資級債,263,0,263,元大-桃興,2024-10-21,9894
00715L,期街口布蘭特正2,152,0,152,元大-桃興,2024-10-21,9894
9105,泰金寶-DR,163,38,125,元大-桃興,2024-10-21,9894
2801,彰銀,102,1,101,元大-桃興,2024-10-21,9894
00687B,國泰20年美債,101,0,101,元大-桃興,2024-10-21,9894
5426,振發,87,0,87,元大-桃興,2024-10-21,9894
00878,國泰永續高股息,77,1,76,元大-桃興,2024-10-21,9894
00679B,元大美債20年,76,5,71,元大-桃興,2024-10-21,9894
00927,群益半導體收益,75,9,66,元大-桃興,2024-10-21,9894
00637L,元大滬深300正2,99,34,65,元大-桃興,2024-10-21,9894
1314,中石化,63,11,52,元大-桃興,2024-10-21,9894
1909,榮成,46,0,46,元大-桃興,2024-10-21,9894
5880,合庫金,40,3,37,元大-桃興,2024-10-21,9894
5371,中光電,32,1,31,元大-桃興,2024-10-21,9894
00959B,大華投等美債15Y+,30,0,30,元大-桃興,2024-10-21,9894
2891,中信金,38,9,29,元大-桃興,2024-10-21,9894
1569,濱川,29,0,29,元大-桃興,2024-10-21,9894
00881,國泰台灣5G+,27,3,24,元大-桃興,2024-10-21,9894
2303,聯電,22,0,22,元大-桃興,2024-10-21,9894
3141,晶宏,31,11,20,元大-桃興,2024-10-21,9894
8039,台虹,20,0,20,元大-桃興,2024-10-21,9894
6763,綠界科技*,31,12,19,元大-桃興,2024-10-21,9894
00751B,元大AAA至A公司債,16,0,16,元大-桃興,2024-10-21,9894
00665L,富邦�琤肭磪囓�2,118,102,16,元大-桃興,2024-10-21,9894
1781,合世,16,0,16,元大-桃興,2024-10-21,9894
00941,中信上游半導體,21,5,16,元大-桃興,2024-10-21,9894
00905,FT臺灣Smart,16,0,16,元大-桃興,2024-10-21,9894
1536,和大,21,6,15,元大-桃興,2024-10-21,9894
4510,高鋒,39,24,15,元大-桃興,2024-10-21,9894
2890,永豐金,14,0,14,元大-桃興,2024-10-21,9894
00712,復華富時不動產,13,0,13,元大-桃興,2024-10-21,9894
2867,三商壽,13,0,13,元大-桃興,2024-10-21,9894
6770,力積電,13,0,13,元大-桃興,2024-10-21,9894
00680L,元大美債20正2,13,0,13,元大-桃興,2024-10-21,9894
8028,昇陽半導體,13,1,12,元大-桃興,2024-10-21,9894
2882,國泰金,27,15,12,元大-桃興,2024-10-21,9894
1336,台翰,12,0,12,元大-桃興,2024-10-21,9894
6425,易發,29,17,12,元大-桃興,2024-10-21,9894
2409,友達,11,0,11,元大-桃興,2024-10-21,9894
2812,台中銀,15,4,11,元大-桃興,2024-10-21,9894
2885,元大金,13,2,11,元大-桃興,2024-10-21,9894
3047,訊舟,12,1,11,元大-桃興,2024-10-21,9894
2347,聯強,10,0,10,元大-桃興,2024-10-21,9894
2451,創見,10,0,10,元大-桃興,2024-10-21,9894
9904,寶成,10,0,10,元大-桃興,2024-10-21,9894
8070,長華*,10,0,10,元大-桃興,2024-10-21,9894
00960,野村全球航運龍頭,10,1,9,元大-桃興,2024-10-21,9894
3105,穩懋,10,1,9,元大-桃興,2024-10-21,9894
2542,興富發,9,0,9,元大-桃興,2024-10-21,9894
00679B,元大美債20年,931,10,921,元大-桃興,2024-10-22,9894
00937B,群益ESG投等債20,543,5,538,元大-桃興,2024-10-22,9894
00680L,元大美債20正2,436,0,436,元大-桃興,2024-10-22,9894
00687B,國泰20年美債,196,40,156,元大-桃興,2024-10-22,9894
00712,復華富時不動產,133,0,133,元大-桃興,2024-10-22,9894
00948B,中信優息投資級債,128,0,128,元大-桃興,2024-10-22,9894
00688L,國泰20年美債正2,133,15,118,元大-桃興,2024-10-22,9894
00918,大華優利高填息30,114,4,110,元大-桃興,2024-10-22,9894
00632R,元大台灣50反1,100,1,99,元大-桃興,2024-10-22,9894
8110,華東,66,10,56,元大-桃興,2024-10-22,9894
1314,中石化,50,0,50,元大-桃興,2024-10-22,9894
00772B,中信高評級公司債,42,0,42,元大-桃興,2024-10-22,9894
00751B,元大AAA至A公司債,41,0,41,元大-桃興,2024-10-22,9894
2883B,凱基金乙特,40,0,40,元大-桃興,2024-10-22,9894
2615,萬海,53,16,37,元大-桃興,2024-10-22,9894
2303,聯電,39,4,35,元大-桃興,2024-10-22,9894
2363,矽統,57,22,35,元大-桃興,2024-10-22,9894
2344,華邦電,34,0,34,元大-桃興,2024-10-22,9894
00959B,大華投等美債15Y+,32,0,32,元大-桃興,2024-10-22,9894
2002,中鋼,37,6,31,元大-桃興,2024-10-22,9894
3550,聯穎,41,10,31,元大-桃興,2024-10-22,9894
6763,綠界科技*,29,5,24,元大-桃興,2024-10-22,9894
4958,臻鼎-KY,30,8,22,元大-桃興,2024-10-22,9894
2312,金寶,65,44,21,元大-桃興,2024-10-22,9894
5426,振發,21,0,21,元大-桃興,2024-10-22,9894
00919,群益台灣精選高息,56,35,21,元大-桃興,2024-10-22,9894
4729,熒茂,41,20,21,元大-桃興,2024-10-22,9894
00850,元大臺灣ESG永續,21,1,20,元大-桃興,2024-10-22,9894
5871,中租-KY,22,2,20,元大-桃興,2024-10-22,9894
2330,台積電,20,2,18,元大-桃興,2024-10-22,9894
9910,豐泰,17,0,17,元大-桃興,2024-10-22,9894
00929,復華台灣科技優息,25,9,16,元大-桃興,2024-10-22,9894
00720B,元大投資級公司債,18,2,16,元大-桃興,2024-10-22,9894
4540,全球傳動,30,14,16,元大-桃興,2024-10-22,9894
2323,中環,16,0,16,元大-桃興,2024-10-22,9894
1326,台化,16,1,15,元大-桃興,2024-10-22,9894
2609,陽明,47,32,15,元大-桃興,2024-10-22,9894
4533,協易機,17,3,14,元大-桃興,2024-10-22,9894
6609,瀧澤科,36,23,13,元大-桃興,2024-10-22,9894
006208,富邦台50,13,0,13,元大-桃興,2024-10-22,9894
2014,中鴻,12,0,12,元大-桃興,2024-10-22,9894
3581,博磊,14,2,12,元大-桃興,2024-10-22,9894
00915,凱基優選高股息30,13,2,11,元大-桃興,2024-10-22,9894
00941,中信上游半導體,11,0,11,元大-桃興,2024-10-22,9894
2888,新光金,12,1,11,元大-桃興,2024-10-22,9894
2020,美亞,11,0,11,元大-桃興,2024-10-22,9894
2543,皇昌,17,7,10,元大-桃興,2024-10-22,9894
3264,欣銓,11,1,10,元大-桃興,2024-10-22,9894
1605,華新,13,3,10,元大-桃興,2024-10-22,9894
1301,台塑,12,2,10,元大-桃興,2024-10-22,9894
00680L,元大美債20正2,206,3,203,元大-桃興,2024-10-23,9894
0056,元大高股息,126,2,124,元大-桃興,2024-10-23,9894
00679B,元大美債20年,165,51,114,元大-桃興,2024-10-23,9894
00929,復華台灣科技優息,104,1,103,元大-桃興,2024-10-23,9894
00937B,群益ESG投等債20,186,86,100,元大-桃興,2024-10-23,9894
00670L,富邦NASDAQ正2,75,0,75,元大-桃興,2024-10-23,9894
00712,復華富時不動產,44,0,44,元大-桃興,2024-10-23,9894
3141,晶宏,44,2,42,元大-桃興,2024-10-23,9894
00687B,國泰20年美債,44,4,40,元大-桃興,2024-10-23,9894
00919,群益台灣精選高息,39,1,38,元大-桃興,2024-10-23,9894
3481,群創,61,26,35,元大-桃興,2024-10-23,9894
6770,力積電,73,40,33,元大-桃興,2024-10-23,9894
2303,聯電,33,1,32,元大-桃興,2024-10-23,9894
4527,方土霖,44,12,32,元大-桃興,2024-10-23,9894
2344,華邦電,37,11,26,元大-桃興,2024-10-23,9894
1314,中石化,32,6,26,元大-桃興,2024-10-23,9894
6151,晉倫,101,79,22,元大-桃興,2024-10-23,9894
00915,凱基優選高股息30,21,0,21,元大-桃興,2024-10-23,9894
00948B,中信優息投資級債,20,0,20,元大-桃興,2024-10-23,9894
3031,佰鴻,20,0,20,元大-桃興,2024-10-23,9894
00639,富邦深100,19,0,19,元大-桃興,2024-10-23,9894
2855,統一證,25,7,18,元大-桃興,2024-10-23,9894
2356,英業達,19,1,18,元大-桃興,2024-10-23,9894
2419,仲琦,20,2,18,元大-桃興,2024-10-23,9894
1326,台化,17,0,17,元大-桃興,2024-10-23,9894
00882,中信中國高股息,33,17,16,元大-桃興,2024-10-23,9894
00878,國泰永續高股息,24,9,15,元大-桃興,2024-10-23,9894
8032,光菱,22,7,15,元大-桃興,2024-10-23,9894
6168,宏齊,15,0,15,元大-桃興,2024-10-23,9894
2377,微星,14,0,14,元大-桃興,2024-10-23,9894
2352,佳世達,17,3,14,元大-桃興,2024-10-23,9894
2486,一詮,35,21,14,元大-桃興,2024-10-23,9894
2329,華泰,47,34,13,元大-桃興,2024-10-23,9894
2029,盛餘,13,0,13,元大-桃興,2024-10-23,9894
00713,元大台灣高息低波,13,0,13,元大-桃興,2024-10-23,9894
00725B,國泰投資級公司債,13,1,12,元大-桃興,2024-10-23,9894
5876,上海商銀,12,0,12,元大-桃興,2024-10-23,9894
9105,泰金寶-DR,37,25,12,元大-桃興,2024-10-23,9894
5880,合庫金,12,0,12,元大-桃興,2024-10-23,9894
2062,橋椿,12,0,12,元大-桃興,2024-10-23,9894
2489,瑞軒,26,15,11,元大-桃興,2024-10-23,9894
00720B,元大投資級公司債,12,1,11,元大-桃興,2024-10-23,9894
2605,新興,11,0,11,元大-桃興,2024-10-23,9894
4927,泰鼎-KY,11,0,11,元大-桃興,2024-10-23,9894
2887,台新金,12,2,10,元大-桃興,2024-10-23,9894
2884,玉山金,10,0,10,元大-桃興,2024-10-23,9894
2337,旺宏,15,5,10,元大-桃興,2024-10-23,9894
00932,兆豐永續高息等權,10,0,10,元大-桃興,2024-10-23,9894
4938,和碩,11,1,10,元大-桃興,2024-10-23,9894
2851,中再保,10,0,10,元大-桃興,2024-10-23,9894
00680L,元大美債20正2,203,42,161,元大-桃興,2024-10-24,9894
00882,中信中國高股息,123,0,123,元大-桃興,2024-10-24,9894
00943,兆豐電子高息等權,93,0,93,元大-桃興,2024-10-24,9894
0056,元大高股息,92,0,92,元大-桃興,2024-10-24,9894
2344,華邦電,69,0,69,元大-桃興,2024-10-24,9894
00937B,群益ESG投等債20,64,2,62,元大-桃興,2024-10-24,9894
00929,復華台灣科技優息,81,31,50,元大-桃興,2024-10-24,9894
00740B,富邦全球投等債,48,0,48,元大-桃興,2024-10-24,9894
6142,友勁,46,0,46,元大-桃興,2024-10-24,9894
3141,晶宏,60,15,45,元大-桃興,2024-10-24,9894
2303,聯電,42,0,42,元大-桃興,2024-10-24,9894
00919,群益台灣精選高息,38,2,36,元大-桃興,2024-10-24,9894
3167,大量,51,17,34,元大-桃興,2024-10-24,9894
00881,國泰台灣5G+,33,0,33,元大-桃興,2024-10-24,9894
1455,集盛,33,0,33,元大-桃興,2024-10-24,9894
00915,凱基優選高股息30,37,5,32,元大-桃興,2024-10-24,9894
6770,力積電,32,0,32,元大-桃興,2024-10-24,9894
00637L,元大滬深300正2,42,10,32,元大-桃興,2024-10-24,9894
2312,金寶,35,3,32,元大-桃興,2024-10-24,9894
2388,威盛,31,3,28,元大-桃興,2024-10-24,9894
00712,復華富時不動產,28,1,27,元大-桃興,2024-10-24,9894
6151,晉倫,29,3,26,元大-桃興,2024-10-24,9894
4755,三福化,26,2,24,元大-桃興,2024-10-24,9894
2455,全新,24,0,24,元大-桃興,2024-10-24,9894
00679B,元大美債20年,29,6,23,元大-桃興,2024-10-24,9894
2062,橋椿,42,21,21,元大-桃興,2024-10-24,9894
6609,瀧澤科,39,18,21,元大-桃興,2024-10-24,9894
5905,南仁湖,22,1,21,元大-桃興,2024-10-24,9894
1528,恩德,119,98,21,元大-桃興,2024-10-24,9894
00687B,國泰20年美債,20,0,20,元大-桃興,2024-10-24,9894
4956,光鋐,25,5,20,元大-桃興,2024-10-24,9894
00753L,中信中國50正2,39,19,20,元大-桃興,2024-10-24,9894
00948B,中信優息投資級債,19,0,19,元大-桃興,2024-10-24,9894
1806,冠軍,19,0,19,元大-桃興,2024-10-24,9894
2739,寒舍,17,0,17,元大-桃興,2024-10-24,9894
2609,陽明,37,21,16,元大-桃興,2024-10-24,9894
6548,長科*,17,1,16,元大-桃興,2024-10-24,9894
00878,國泰永續高股息,23,8,15,元大-桃興,2024-10-24,9894
5443,均豪,15,1,14,元大-桃興,2024-10-24,9894
2891,中信金,15,2,13,元大-桃興,2024-10-24,9894
8028,昇陽半導體,18,5,13,元大-桃興,2024-10-24,9894
1536,和大,14,1,13,元大-桃興,2024-10-24,9894
00905,FT臺灣Smart,16,4,12,元大-桃興,2024-10-24,9894
2467,志聖,15,3,12,元大-桃興,2024-10-24,9894
6134,萬旭,15,3,12,元大-桃興,2024-10-24,9894
2405,輔信,23,11,12,元大-桃興,2024-10-24,9894
3551,世禾,27,15,12,元大-桃興,2024-10-24,9894
2349,錸德,12,1,11,元大-桃興,2024-10-24,9894
00960,野村全球航運龍頭,21,10,11,元大-桃興,2024-10-24,9894
3450,聯鈞,35,24,11,元大-桃興,2024-10-24,9894
2646,星宇航空,325,179,146,元大-桃興,2024-10-25,9894
2888,新光金,100,0,100,元大-桃興,2024-10-25,9894
00680L,元大美債20正2,124,31,93,元大-桃興,2024-10-25,9894
6142,友勁,140,53,87,元大-桃興,2024-10-25,9894
00948B,中信優息投資級債,54,0,54,元大-桃興,2024-10-25,9894
00945B,凱基美國非投等債,52,0,52,元大-桃興,2024-10-25,9894
2883B,凱基金乙特,47,0,47,元大-桃興,2024-10-25,9894
2344,華邦電,43,1,42,元大-桃興,2024-10-25,9894
00688L,國泰20年美債正2,40,0,40,元大-桃興,2024-10-25,9894
2303,聯電,45,6,39,元大-桃興,2024-10-25,9894
5340,建榮,30,0,30,元大-桃興,2024-10-25,9894
5202,力新,47,17,30,元大-桃興,2024-10-25,9894
9933,中鼎,28,0,28,元大-桃興,2024-10-25,9894
00929,復華台灣科技優息,23,1,22,元大-桃興,2024-10-25,9894
00740B,富邦全球投等債,22,0,22,元大-桃興,2024-10-25,9894
00937B,群益ESG投等債20,37,15,22,元大-桃興,2024-10-25,9894
6770,力積電,38,17,21,元大-桃興,2024-10-25,9894
00882,中信中國高股息,25,4,21,元大-桃興,2024-10-25,9894
00960,野村全球航運龍頭,21,1,20,元大-桃興,2024-10-25,9894
3290,東浦,20,0,20,元大-桃興,2024-10-25,9894
00959B,大華投等美債15Y+,20,0,20,元大-桃興,2024-10-25,9894
00715L,期街口布蘭特正2,24,7,17,元大-桃興,2024-10-25,9894
5328,華容,18,1,17,元大-桃興,2024-10-25,9894
00679B,元大美債20年,18,2,16,元大-桃興,2024-10-25,9894
2010,春源,16,0,16,元大-桃興,2024-10-25,9894
2455,全新,16,1,15,元大-桃興,2024-10-25,9894
5880,合庫金,16,1,15,元大-桃興,2024-10-25,9894
0056,元大高股息,15,0,15,元大-桃興,2024-10-25,9894
00915,凱基優選高股息30,17,4,13,元大-桃興,2024-10-25,9894
3037,欣興,21,9,12,元大-桃興,2024-10-25,9894
5426,振發,12,0,12,元大-桃興,2024-10-25,9894
00887,永豐中國科技50大,14,2,12,元大-桃興,2024-10-25,9894
2323,中環,11,0,11,元大-桃興,2024-10-25,9894
6122,擎邦,10,0,10,元大-桃興,2024-10-25,9894
2851,中再保,10,0,10,元大-桃興,2024-10-25,9894
5392,能率,19,9,10,元大-桃興,2024-10-25,9894
4123,晟德,12,2,10,元大-桃興,2024-10-25,9894
00665L,富邦�琤肭磪囓�2,34,24,10,元大-桃興,2024-10-25,9894
2062,橋椿,10,0,10,元大-桃興,2024-10-25,9894
6204,艾華,10,0,10,元大-桃興,2024-10-25,9894
2497,怡利電,10,1,9,元大-桃興,2024-10-25,9894
2468,華經,10,1,9,元大-桃興,2024-10-25,9894
6405,悅城,32,23,9,元大-桃興,2024-10-25,9894
2486,一詮,16,8,8,元大-桃興,2024-10-25,9894
3693,營邦,8,0,8,元大-桃興,2024-10-25,9894
6224,聚鼎,8,0,8,元大-桃興,2024-10-25,9894
4128,中天,8,0,8,元大-桃興,2024-10-25,9894
4714,永捷,8,0,8,元大-桃興,2024-10-25,9894
1785,光洋科,39,31,8,元大-桃興,2024-10-25,9894
8021,尖點,17,9,8,元大-桃興,2024-10-25,9894
00679B,元大美債20年,290,19,271,元大-桃興,2024-10-28,9894
00937B,群益ESG投等債20,249,60,189,元大-桃興,2024-10-28,9894
00715L,期街口布蘭特正2,195,7,188,元大-桃興,2024-10-28,9894
00948B,中信優息投資級債,123,31,92,元大-桃興,2024-10-28,9894
00950B,凱基A級公司債,90,0,90,元大-桃興,2024-10-28,9894
00637L,元大滬深300正2,255,181,74,元大-桃興,2024-10-28,9894
6770,力積電,65,5,60,元大-桃興,2024-10-28,9894
00687B,國泰20年美債,58,0,58,元大-桃興,2024-10-28,9894
2888,新光金,57,0,57,元大-桃興,2024-10-28,9894
00878,國泰永續高股息,56,1,55,元大-桃興,2024-10-28,9894
00632R,元大台灣50反1,61,9,52,元大-桃興,2024-10-28,9894
00712,復華富時不動產,51,0,51,元大-桃興,2024-10-28,9894
00887,永豐中國科技50大,51,0,51,元大-桃興,2024-10-28,9894
5328,華容,50,0,50,元大-桃興,2024-10-28,9894
6235,華孚,86,48,38,元大-桃興,2024-10-28,9894
0056,元大高股息,29,3,26,元大-桃興,2024-10-28,9894
00720B,元大投資級公司債,24,0,24,元大-桃興,2024-10-28,9894
00943,兆豐電子高息等權,24,0,24,元大-桃興,2024-10-28,9894
2337,旺宏,23,2,21,元大-桃興,2024-10-28,9894
2369,菱生,21,1,20,元大-桃興,2024-10-28,9894
2881,富邦金,20,0,20,元大-桃興,2024-10-28,9894
2610,華航,46,26,20,元大-桃興,2024-10-28,9894
2615,萬海,54,34,20,元大-桃興,2024-10-28,9894
8249,菱光,78,59,19,元大-桃興,2024-10-28,9894
1530,亞崴,19,0,19,元大-桃興,2024-10-28,9894
3576,聯合再生,18,0,18,元大-桃興,2024-10-28,9894
2356,英業達,29,11,18,元大-桃興,2024-10-28,9894
2312,金寶,28,10,18,元大-桃興,2024-10-28,9894
00919,群益台灣精選高息,33,15,18,元大-桃興,2024-10-28,9894
5426,振發,17,0,17,元大-桃興,2024-10-28,9894
00929,復華台灣科技優息,27,11,16,元大-桃興,2024-10-28,9894
6288,聯嘉,45,29,16,元大-桃興,2024-10-28,9894
2405,輔信,17,1,16,元大-桃興,2024-10-28,9894
1307,三芳,16,0,16,元大-桃興,2024-10-28,9894
8070,長華*,16,1,15,元大-桃興,2024-10-28,9894
2038,海光,15,0,15,元大-桃興,2024-10-28,9894
2303,聯電,32,18,14,元大-桃興,2024-10-28,9894
2363,矽統,28,15,13,元大-桃興,2024-10-28,9894
2421,建準,14,1,13,元大-桃興,2024-10-28,9894
2061,風青,13,0,13,元大-桃興,2024-10-28,9894
3167,大量,20,8,12,元大-桃興,2024-10-28,9894
00927,群益半導體收益,12,0,12,元大-桃興,2024-10-28,9894
5202,力新,16,4,12,元大-桃興,2024-10-28,9894
6180,橘子,12,0,12,元大-桃興,2024-10-28,9894
2374,佳能,32,20,12,元大-桃興,2024-10-28,9894
00936,台新永續高息中小,11,0,11,元大-桃興,2024-10-28,9894
3715,定穎投控,37,26,11,元大-桃興,2024-10-28,9894
2495,普安,15,4,11,元大-桃興,2024-10-28,9894
00939,統一台灣高息動能,11,0,11,元大-桃興,2024-10-28,9894
2439,美律,12,1,11,元大-桃興,2024-10-28,9894
00679B,元大美債20年,555,7,548,元大-桃興,2024-10-29,9894
00929,復華台灣科技優息,317,10,307,元大-桃興,2024-10-29,9894
00919,群益台灣精選高息,222,27,195,元大-桃興,2024-10-29,9894
00715L,期街口布蘭特正2,149,9,140,元大-桃興,2024-10-29,9894
00680L,元大美債20正2,104,11,93,元大-桃興,2024-10-29,9894
00937B,群益ESG投等債20,108,22,86,元大-桃興,2024-10-29,9894
00712,復華富時不動產,95,13,82,元大-桃興,2024-10-29,9894
00940,元大台灣價值高息,134,63,71,元大-桃興,2024-10-29,9894
2303,聯電,65,4,61,元大-桃興,2024-10-29,9894
2317,鴻海,87,35,52,元大-桃興,2024-10-29,9894
8183,精星,44,3,41,元大-桃興,2024-10-29,9894
1449,佳和,76,44,32,元大-桃興,2024-10-29,9894
0056,元大高股息,107,77,30,元大-桃興,2024-10-29,9894
6235,華孚,30,1,29,元大-桃興,2024-10-29,9894
2399,映泰,44,16,28,元大-桃興,2024-10-29,9894
006208,富邦台50,30,2,28,元大-桃興,2024-10-29,9894
3715,定穎投控,37,11,26,元大-桃興,2024-10-29,9894
00946,群益科技高息成長,34,11,23,元大-桃興,2024-10-29,9894
6770,力積電,46,24,22,元大-桃興,2024-10-29,9894
00915,凱基優選高股息30,24,2,22,元大-桃興,2024-10-29,9894
00922,國泰台灣領袖50,22,0,22,元大-桃興,2024-10-29,9894
00936,台新永續高息中小,22,1,21,元大-桃興,2024-10-29,9894
2344,華邦電,21,0,21,元大-桃興,2024-10-29,9894
2615,萬海,31,11,20,元大-桃興,2024-10-29,9894
00639,富邦深100,20,0,20,元大-桃興,2024-10-29,9894
2609,陽明,31,13,18,元大-桃興,2024-10-29,9894
2312,金寶,35,17,18,元大-桃興,2024-10-29,9894
2382,廣達,34,17,17,元大-桃興,2024-10-29,9894
0050,元大台灣50,19,2,17,元大-桃興,2024-10-29,9894
2646,星宇航空,50,33,17,元大-桃興,2024-10-29,9894
00918,大華優利高填息30,18,2,16,元大-桃興,2024-10-29,9894
5880,合庫金,16,0,16,元大-桃興,2024-10-29,9894
00713,元大台灣高息低波,20,5,15,元大-桃興,2024-10-29,9894
1605,華新,15,0,15,元大-桃興,2024-10-29,9894
5521,工信,13,0,13,元大-桃興,2024-10-29,9894
1314,中石化,13,0,13,元大-桃興,2024-10-29,9894
1528,恩德,25,12,13,元大-桃興,2024-10-29,9894
6156,松上,25,12,13,元大-桃興,2024-10-29,9894
6548,長科*,12,0,12,元大-桃興,2024-10-29,9894
2349,錸德,12,0,12,元大-桃興,2024-10-29,9894
00934,中信成長高股息,12,0,12,元大-桃興,2024-10-29,9894
6239,力成,14,2,12,元大-桃興,2024-10-29,9894
2431,聯昌,30,19,11,元大-桃興,2024-10-29,9894
00939,統一台灣高息動能,11,0,11,元大-桃興,2024-10-29,9894
1303,南亞,10,0,10,元大-桃興,2024-10-29,9894
3693,營邦,11,1,10,元大-桃興,2024-10-29,9894
2845,遠東銀,10,0,10,元大-桃興,2024-10-29,9894
6477,安集,10,0,10,元大-桃興,2024-10-29,9894
00943,兆豐電子高息等權,10,0,10,元大-桃興,2024-10-29,9894
3508,位速,10,0,10,元大-桃興,2024-10-29,9894
00680L,元大美債20正2,140,4,136,元大-桃興,2024-10-30,9894
00919,群益台灣精選高息,110,4,106,元大-桃興,2024-10-30,9894
00940,元大台灣價值高息,126,22,104,元大-桃興,2024-10-30,9894
00637L,元大滬深300正2,283,231,52,元大-桃興,2024-10-30,9894
2883B,凱基金乙特,50,0,50,元大-桃興,2024-10-30,9894
9105,泰金寶-DR,49,0,49,元大-桃興,2024-10-30,9894
6770,力積電,48,2,46,元大-桃興,2024-10-30,9894
00882,中信中國高股息,42,0,42,元大-桃興,2024-10-30,9894
0056,元大高股息,50,10,40,元大-桃興,2024-10-30,9894
00712,復華富時不動產,40,0,40,元大-桃興,2024-10-30,9894
3290,東浦,54,18,36,元大-桃興,2024-10-30,9894
2303,聯電,36,1,35,元大-桃興,2024-10-30,9894
1528,恩德,90,55,35,元大-桃興,2024-10-30,9894
00679B,元大美債20年,62,30,32,元大-桃興,2024-10-30,9894
5202,力新,42,11,31,元大-桃興,2024-10-30,9894
00687B,國泰20年美債,33,3,30,元大-桃興,2024-10-30,9894
1909,榮成,31,1,30,元大-桃興,2024-10-30,9894
2929,淘帝-KY,30,0,30,元大-桃興,2024-10-30,9894
2337,旺宏,41,13,28,元大-桃興,2024-10-30,9894
00937B,群益ESG投等債20,33,7,26,元大-桃興,2024-10-30,9894
00632R,元大台灣50反1,44,20,24,元大-桃興,2024-10-30,9894
00881,國泰台灣5G+,24,1,23,元大-桃興,2024-10-30,9894
00960,野村全球航運龍頭,22,0,22,元大-桃興,2024-10-30,9894
3710,連展投控,22,0,22,元大-桃興,2024-10-30,9894
00887,永豐中國科技50大,24,3,21,元大-桃興,2024-10-30,9894
1449,佳和,35,14,21,元大-桃興,2024-10-30,9894
00700,富邦�琤肭磪�,20,0,20,元大-桃興,2024-10-30,9894
00715L,期街口布蘭特正2,19,0,19,元大-桃興,2024-10-30,9894
2615,萬海,30,11,19,元大-桃興,2024-10-30,9894
2431,聯昌,21,2,19,元大-桃興,2024-10-30,9894
2002,中鋼,18,1,17,元大-桃興,2024-10-30,9894
3219,倚強科,19,2,17,元大-桃興,2024-10-30,9894
8183,精星,17,0,17,元大-桃興,2024-10-30,9894
2646,星宇航空,26,10,16,元大-桃興,2024-10-30,9894
2492,華新科,16,0,16,元大-桃興,2024-10-30,9894
2489,瑞軒,14,0,14,元大-桃興,2024-10-30,9894
6156,松上,21,7,14,元大-桃興,2024-10-30,9894
2405,輔信,16,3,13,元大-桃興,2024-10-30,9894
2313,華通,15,3,12,元大-桃興,2024-10-30,9894
00946,群益科技高息成長,12,0,12,元大-桃興,2024-10-30,9894
00713,元大台灣高息低波,12,0,12,元大-桃興,2024-10-30,9894
6278,台表科,14,3,11,元大-桃興,2024-10-30,9894
2495,普安,25,14,11,元大-桃興,2024-10-30,9894
2027,大成鋼,11,0,11,元大-桃興,2024-10-30,9894
4909,新復興,13,3,10,元大-桃興,2024-10-30,9894
2323,中環,10,0,10,元大-桃興,2024-10-30,9894
6133,金橋,14,4,10,元大-桃興,2024-10-30,9894
2421,建準,12,2,10,元大-桃興,2024-10-30,9894
8111,立��,11,1,10,元大-桃興,2024-10-30,9894
00639,富邦深100,10,0,10,元大-桃興,2024-10-30,9894
00878,國泰永續高股息,160,5,155,元大-桃興,2024-11-01,9894
2303,聯電,170,15,155,元大-桃興,2024-11-01,9894
00929,復華台灣科技優息,135,2,133,元大-桃興,2024-11-01,9894
00712,復華富時不動產,114,10,104,元大-桃興,2024-11-01,9894
2354,鴻準,196,115,81,元大-桃興,2024-11-01,9894
0056,元大高股息,78,4,74,元大-桃興,2024-11-01,9894
9945,潤泰新,73,0,73,元大-桃興,2024-11-01,9894
2317,鴻海,81,14,67,元大-桃興,2024-11-01,9894
00919,群益台灣精選高息,65,8,57,元大-桃興,2024-11-01,9894
00688L,國泰20年美債正2,50,10,40,元大-桃興,2024-11-01,9894
00933B,國泰10Y+金融債,28,0,28,元大-桃興,2024-11-01,9894
00915,凱基優選高股息30,26,2,24,元大-桃興,2024-11-01,9894
00850,元大臺灣ESG永續,24,1,23,元大-桃興,2024-11-01,9894
00918,大華優利高填息30,20,0,20,元大-桃興,2024-11-01,9894
00703,台新MSCI中國,20,0,20,元大-桃興,2024-11-01,9894
00953B,群益優選非投等債,20,0,20,元大-桃興,2024-11-01,9894
00720B,元大投資級公司債,20,0,20,元大-桃興,2024-11-01,9894
3490,單井,19,0,19,元大-桃興,2024-11-01,9894
2337,旺宏,33,15,18,元大-桃興,2024-11-01,9894
4771,望隼,17,0,17,元大-桃興,2024-11-01,9894
00713,元大台灣高息低波,17,0,17,元大-桃興,2024-11-01,9894
4532,瑞智,15,0,15,元大-桃興,2024-11-01,9894
8032,光菱,19,4,15,元大-桃興,2024-11-01,9894
2382,廣達,39,25,14,元大-桃興,2024-11-01,9894
3686,達能,14,0,14,元大-桃興,2024-11-01,9894
006208,富邦台50,15,1,14,元大-桃興,2024-11-01,9894
00941,中信上游半導體,13,0,13,元大-桃興,2024-11-01,9894
2886,兆豐金,13,0,13,元大-桃興,2024-11-01,9894
2646,星宇航空,22,10,12,元大-桃興,2024-11-01,9894
00937B,群益ESG投等債20,32,19,13,元大-桃興,2024-11-01,9894
00940,元大台灣價值高息,65,53,12,元大-桃興,2024-11-01,9894
6770,力積電,18,6,12,元大-桃興,2024-11-01,9894
2328,廣宇,17,5,12,元大-桃興,2024-11-01,9894
1569,濱川,12,0,12,元大-桃興,2024-11-01,9894
00900,富邦特選高股息30,11,0,11,元大-桃興,2024-11-01,9894
00905,FT臺灣Smart,11,0,11,元大-桃興,2024-11-01,9894
3092,鴻碩,26,15,11,元大-桃興,2024-11-01,9894
00687B,國泰20年美債,17,7,10,元大-桃興,2024-11-01,9894
2353,宏��,16,6,10,元大-桃興,2024-11-01,9894
2887,台新金,9,0,9,元大-桃興,2024-11-01,9894
2543,皇昌,12,3,9,元大-桃興,2024-11-01,9894
8150,南茂,10,1,9,元大-桃興,2024-11-01,9894
3419,譁裕,9,0,9,元大-桃興,2024-11-01,9894
2481,強茂,10,1,9,元大-桃興,2024-11-01,9894
00631L,元大台灣50正2,8,0,8,元大-桃興,2024-11-01,9894
2498,宏達電,30,22,8,元大-桃興,2024-11-01,9894
3535,晶彩科,8,0,8,元大-桃興,2024-11-01,9894
0050,元大台灣50,11,3,8,元大-桃興,2024-11-01,9894
6274,台燿,8,1,7,元大-桃興,2024-11-01,9894
9910,豐泰,15,8,7,元大-桃興,2024-11-01,9894
00878,國泰永續高股息,186,37,149,元大-桃興,2024-11-04,9894
2609,陽明,179,46,133,元大-桃興,2024-11-04,9894
00712,復華富時不動產,124,10,114,元大-桃興,2024-11-04,9894
00959B,大華投等美債15Y+,94,0,94,元大-桃興,2024-11-04,9894
00953B,群益優選非投等債,80,0,80,元大-桃興,2024-11-04,9894
00919,群益台灣精選高息,67,7,60,元大-桃興,2024-11-04,9894
2646,星宇航空,63,15,48,元大-桃興,2024-11-04,9894
00850,元大臺灣ESG永續,48,2,46,元大-桃興,2024-11-04,9894
00929,復華台灣科技優息,158,112,46,元大-桃興,2024-11-04,9894
1815,富喬,44,0,44,元大-桃興,2024-11-04,9894
00887,永豐中國科技50大,58,15,43,元大-桃興,2024-11-04,9894
5202,力新,79,38,41,元大-桃興,2024-11-04,9894
3450,聯鈞,75,36,39,元大-桃興,2024-11-04,9894
00687B,國泰20年美債,36,1,35,元大-桃興,2024-11-04,9894
4906,正文,35,1,34,元大-桃興,2024-11-04,9894
00637L,元大滬深300正2,78,45,33,元大-桃興,2024-11-04,9894
00891,中信關鍵半導體,32,0,32,元大-桃興,2024-11-04,9894
00948B,中信優息投資級債,29,0,29,元大-桃興,2024-11-04,9894
2303,聯電,34,9,25,元大-桃興,2024-11-04,9894
5426,振發,41,16,25,元大-桃興,2024-11-04,9894
00751B,元大AAA至A公司債,22,0,22,元大-桃興,2024-11-04,9894
00882,中信中國高股息,33,11,22,元大-桃興,2024-11-04,9894
00942B,台新美A公司債20+,20,0,20,元大-桃興,2024-11-04,9894
00945B,凱基美國非投等債,20,0,20,元大-桃興,2024-11-04,9894
2330,台積電,22,2,20,元大-桃興,2024-11-04,9894
6670,復盛應用,26,7,19,元大-桃興,2024-11-04,9894
0056,元大高股息,28,10,18,元大-桃興,2024-11-04,9894
5471,松翰,18,0,18,元大-桃興,2024-11-04,9894
00934,中信成長高股息,20,3,17,元大-桃興,2024-11-04,9894
00720B,元大投資級公司債,23,6,17,元大-桃興,2024-11-04,9894
3715,定穎投控,17,0,17,元大-桃興,2024-11-04,9894
2329,華泰,20,4,16,元大-桃興,2024-11-04,9894
8011,台通,25,9,16,元大-桃興,2024-11-04,9894
6197,佳必琪,16,0,16,元大-桃興,2024-11-04,9894
4977,眾達-KY,18,3,15,元大-桃興,2024-11-04,9894
6133,金橋,25,10,15,元大-桃興,2024-11-04,9894
2613,中櫃,29,14,15,元大-桃興,2024-11-04,9894
00943,兆豐電子高息等權,14,0,14,元大-桃興,2024-11-04,9894
6290,良維,15,1,14,元大-桃興,2024-11-04,9894
00680L,元大美債20正2,25,11,14,元大-桃興,2024-11-04,9894
3581,博磊,14,0,14,元大-桃興,2024-11-04,9894
3049,精金,26,13,13,元大-桃興,2024-11-04,9894
4533,協易機,13,0,13,元大-桃興,2024-11-04,9894
00713,元大台灣高息低波,14,2,12,元大-桃興,2024-11-04,9894
2337,旺宏,25,13,12,元大-桃興,2024-11-04,9894
2353,宏��,12,0,12,元大-桃興,2024-11-04,9894
2393,億光,12,0,12,元大-桃興,2024-11-04,9894
5347,世界,12,0,12,元大-桃興,2024-11-04,9894
2399,映泰,25,14,11,元大-桃興,2024-11-04,9894
2323,中環,11,0,11,元大-桃興,2024-11-04,9894
00937B,群益ESG投等債20,1128,12,1116,元大-桃興,2024-11-05,9894
4991,環宇-KY,103,3,100,元大-桃興,2024-11-05,9894
00679B,元大美債20年,65,3,62,元大-桃興,2024-11-05,9894
00919,群益台灣精選高息,62,0,62,元大-桃興,2024-11-05,9894
2303,聯電,68,10,58,元大-桃興,2024-11-05,9894
00680L,元大美債20正2,60,10,50,元大-桃興,2024-11-05,9894
00959B,大華投等美債15Y+,50,0,50,元大-桃興,2024-11-05,9894
00878,國泰永續高股息,86,39,47,元大-桃興,2024-11-05,9894
5876,上海商銀,40,0,40,元大-桃興,2024-11-05,9894
00881,國泰台灣5G+,35,0,35,元大-桃興,2024-11-05,9894
2399,映泰,61,26,35,元大-桃興,2024-11-05,9894
00637L,元大滬深300正2,87,53,34,元大-桃興,2024-11-05,9894
00946,群益科技高息成長,31,4,27,元大-桃興,2024-11-05,9894
00948B,中信優息投資級債,27,3,24,元大-桃興,2024-11-05,9894
0056,元大高股息,28,6,22,元大-桃興,2024-11-05,9894
00929,復華台灣科技優息,35,13,22,元大-桃興,2024-11-05,9894
8112,至上,17,0,17,元大-桃興,2024-11-05,9894
9933,中鼎,16,0,16,元大-桃興,2024-11-05,9894
6530,創威,53,38,15,元大-桃興,2024-11-05,9894
8070,長華*,15,0,15,元大-桃興,2024-11-05,9894
3711,日月光投控,12,0,12,元大-桃興,2024-11-05,9894
1616,億泰,11,0,11,元大-桃興,2024-11-05,9894
4162,智擎,13,2,11,元大-桃興,2024-11-05,9894
00857B,永豐20年美公債,10,0,10,元大-桃興,2024-11-05,9894
8150,南茂,10,0,10,元大-桃興,2024-11-05,9894
6695,芯鼎,10,0,10,元大-桃興,2024-11-05,9894
00951,台新日本半導體,10,0,10,元大-桃興,2024-11-05,9894
6670,復盛應用,21,11,10,元大-桃興,2024-11-05,9894
1304,台聚,10,0,10,元大-桃興,2024-11-05,9894
00915,凱基優選高股息30,11,1,10,元大-桃興,2024-11-05,9894
3437,榮創,10,0,10,元大-桃興,2024-11-05,9894
2392,正崴,11,2,9,元大-桃興,2024-11-05,9894
00708L,期元大S＆P黃金正2,9,0,9,元大-桃興,2024-11-05,9894
6278,台表科,12,4,8,元大-桃興,2024-11-05,9894
00757,統一FANG+,8,0,8,元大-桃興,2024-11-05,9894
6548,長科*,8,0,8,元大-桃興,2024-11-05,9894
1528,恩德,10,2,8,元大-桃興,2024-11-05,9894
3234,光環,8,0,8,元大-桃興,2024-11-05,9894
4903,聯光通,49,41,8,元大-桃興,2024-11-05,9894
00960,野村全球航運龍頭,10,2,8,元大-桃興,2024-11-05,9894
3149,正達,13,6,7,元大-桃興,2024-11-05,9894
4956,光鋐,10,3,7,元大-桃興,2024-11-05,9894
5258,虹堡,7,0,7,元大-桃興,2024-11-05,9894
3035,智原,9,3,6,元大-桃興,2024-11-05,9894
2543,皇昌,19,13,6,元大-桃興,2024-11-05,9894
8011,台通,7,1,6,元大-桃興,2024-11-05,9894
2337,旺宏,12,6,6,元大-桃興,2024-11-05,9894
3025,星通,12,6,6,元大-桃興,2024-11-05,9894
00932,兆豐永續高息等權,6,0,6,元大-桃興,2024-11-05,9894
00943,兆豐電子高息等權,5,0,5,元大-桃興,2024-11-05,9894
00937B,群益ESG投等債20,1348,0,1348,元大-桃興,2024-11-06,9894
00679B,元大美債20年,280,62,218,元大-桃興,2024-11-06,9894
00680L,元大美債20正2,146,9,137,元大-桃興,2024-11-06,9894
00632R,元大台灣50反1,92,0,92,元大-桃興,2024-11-06,9894
2303,聯電,91,25,66,元大-桃興,2024-11-06,9894
00887,永豐中國科技50大,73,13,60,元大-桃興,2024-11-06,9894
2344,華邦電,54,0,54,元大-桃興,2024-11-06,9894
00687B,國泰20年美債,82,40,42,元大-桃興,2024-11-06,9894
2883B,凱基金乙特,40,0,40,元大-桃興,2024-11-06,9894
00932,兆豐永續高息等權,31,0,31,元大-桃興,2024-11-06,9894
00720B,元大投資級公司債,22,0,22,元大-桃興,2024-11-06,9894
00688L,國泰20年美債正2,20,0,20,元大-桃興,2024-11-06,9894
00953B,群益優選非投等債,19,0,19,元大-桃興,2024-11-06,9894
8249,菱光,34,16,18,元大-桃興,2024-11-06,9894
00751B,元大AAA至A公司債,17,0,17,元大-桃興,2024-11-06,9894
4526,東台,33,16,17,元大-桃興,2024-11-06,9894
4510,高鋒,27,11,16,元大-桃興,2024-11-06,9894
00915,凱基優選高股息30,16,0,16,元大-桃興,2024-11-06,9894
2023,燁輝,15,0,15,元大-桃興,2024-11-06,9894
6757,台灣虎航,16,1,15,元大-桃興,2024-11-06,9894
1307,三芳,21,6,15,元大-桃興,2024-11-06,9894
2495,普安,15,1,14,元大-桃興,2024-11-06,9894
4562,穎漢,40,26,14,元大-桃興,2024-11-06,9894
00713,元大台灣高息低波,14,1,13,元大-桃興,2024-11-06,9894
2834,臺企銀,16,3,13,元大-桃興,2024-11-06,9894
8070,長華*,14,2,12,元大-桃興,2024-11-06,9894
00878,國泰永續高股息,79,67,12,元大-桃興,2024-11-06,9894
3167,大量,16,4,12,元大-桃興,2024-11-06,9894
00857B,永豐20年美公債,12,0,12,元大-桃興,2024-11-06,9894
8027,鈦昇,18,6,12,元大-桃興,2024-11-06,9894
00933B,國泰10Y+金融債,12,0,12,元大-桃興,2024-11-06,9894
3049,精金,14,2,12,元大-桃興,2024-11-06,9894
2492,華新科,12,0,12,元大-桃興,2024-11-06,9894
3535,晶彩科,11,0,11,元大-桃興,2024-11-06,9894
2062,橋椿,17,6,11,元大-桃興,2024-11-06,9894
4162,智擎,11,0,11,元大-桃興,2024-11-06,9894
2613,中櫃,23,13,10,元大-桃興,2024-11-06,9894
8091,翔名,10,0,10,元大-桃興,2024-11-06,9894
00753L,中信中國50正2,83,73,10,元大-桃興,2024-11-06,9894
1806,冠軍,10,0,10,元大-桃興,2024-11-06,9894
3147,大綜,11,1,10,元大-桃興,2024-11-06,9894
2615,萬海,38,28,10,元大-桃興,2024-11-06,9894
00959B,大華投等美債15Y+,9,0,9,元大-桃興,2024-11-06,9894
1449,佳和,34,26,8,元大-桃興,2024-11-06,9894
6451,訊芯-KY,10,2,8,元大-桃興,2024-11-06,9894
3591,艾笛森,10,2,8,元大-桃興,2024-11-06,9894
00922,國泰台灣領袖50,17,9,8,元大-桃興,2024-11-06,9894
2337,旺宏,10,3,7,元大-桃興,2024-11-06,9894
2801,彰銀,7,0,7,元大-桃興,2024-11-06,9894
2313,華通,7,0,7,元大-桃興,2024-11-06,9894
00679B,元大美債20年,112,14,98,元大-桃興,2024-11-07,9894
2889,國票金,70,9,61,元大-桃興,2024-11-07,9894
2303,聯電,94,36,58,元大-桃興,2024-11-07,9894
6279,胡連,42,0,42,元大-桃興,2024-11-07,9894
2328,廣宇,34,4,30,元大-桃興,2024-11-07,9894
3706,神達,47,19,28,元大-桃興,2024-11-07,9894
2344,華邦電,35,7,28,元大-桃興,2024-11-07,9894
00919,群益台灣精選高息,26,2,24,元大-桃興,2024-11-07,9894
2851,中再保,23,0,23,元大-桃興,2024-11-07,9894
4526,東台,24,3,21,元大-桃興,2024-11-07,9894
00953B,群益優選非投等債,20,0,20,元大-桃興,2024-11-07,9894
00687B,國泰20年美債,20,1,19,元大-桃興,2024-11-07,9894
2421,建準,20,2,18,元大-桃興,2024-11-07,9894
9958,世紀鋼,17,1,16,元大-桃興,2024-11-07,9894
2646,星宇航空,25,9,16,元大-桃興,2024-11-07,9894
1582,信錦,15,0,15,元大-桃興,2024-11-07,9894
00959B,大華投等美債15Y+,15,0,15,元大-桃興,2024-11-07,9894
6216,居易,15,0,15,元大-桃興,2024-11-07,9894
4105,東洋,15,0,15,元大-桃興,2024-11-07,9894
1460,宏遠,15,0,15,元大-桃興,2024-11-07,9894
5443,均豪,26,11,15,元大-桃興,2024-11-07,9894
1314,中石化,20,6,14,元大-桃興,2024-11-07,9894
3167,大量,24,10,14,元大-桃興,2024-11-07,9894
2882,國泰金,14,0,14,元大-桃興,2024-11-07,9894
9933,中鼎,15,2,13,元大-桃興,2024-11-07,9894
2062,橋椿,23,10,13,元大-桃興,2024-11-07,9894
3049,精金,14,1,13,元大-桃興,2024-11-07,9894
2609,陽明,78,66,12,元大-桃興,2024-11-07,9894
8070,長華*,14,3,11,元大-桃興,2024-11-07,9894
2634,漢翔,21,10,11,元大-桃興,2024-11-07,9894
00753L,中信中國50正2,48,37,11,元大-桃興,2024-11-07,9894
2929,淘帝-KY,11,1,10,元大-桃興,2024-11-07,9894
4532,瑞智,10,0,10,元大-桃興,2024-11-07,9894
2816,旺旺保,10,0,10,元大-桃興,2024-11-07,9894
1528,恩德,12,2,10,元大-桃興,2024-11-07,9894
1449,佳和,23,13,10,元大-桃興,2024-11-07,9894
2630,亞航,10,0,10,元大-桃興,2024-11-07,9894
00934,中信成長高股息,10,0,10,元大-桃興,2024-11-07,9894
1560,中砂,12,3,9,元大-桃興,2024-11-07,9894
3701,大眾控,13,4,9,元大-桃興,2024-11-07,9894
2393,億光,12,3,9,元大-桃興,2024-11-07,9894
2388,威盛,13,4,9,元大-桃興,2024-11-07,9894
2027,大成鋼,10,2,8,元大-桃興,2024-11-07,9894
6274,台燿,9,1,8,元大-桃興,2024-11-07,9894
00633L,富邦上証正2,10,2,8,元大-桃興,2024-11-07,9894
6153,嘉聯益,8,0,8,元大-桃興,2024-11-07,9894
00680L,元大美債20正2,13,5,8,元大-桃興,2024-11-07,9894
4527,方土霖,8,0,8,元大-桃興,2024-11-07,9894
4561,健椿,10,3,7,元大-桃興,2024-11-07,9894
2014,中鴻,54,47,7,元大-桃興,2024-11-07,9894
3062,建漢,125,39,86,元大-桃興,2024-11-08,9894
00878,國泰永續高股息,73,16,57,元大-桃興,2024-11-08,9894
00712,復華富時不動產,68,14,54,元大-桃興,2024-11-08,9894
2354,鴻準,144,91,53,元大-桃興,2024-11-08,9894
9105,泰金寶-DR,84,32,52,元大-桃興,2024-11-08,9894
2323,中環,50,0,50,元大-桃興,2024-11-08,9894
6142,友勁,50,1,49,元大-桃興,2024-11-08,9894
1524,耿鼎,48,1,47,元大-桃興,2024-11-08,9894
4991,環宇-KY,69,24,45,元大-桃興,2024-11-08,9894
00959B,大華投等美債15Y+,40,0,40,元大-桃興,2024-11-08,9894
3481,群創,47,8,39,元大-桃興,2024-11-08,9894
00929,復華台灣科技優息,68,31,37,元大-桃興,2024-11-08,9894
00637L,元大滬深300正2,121,86,35,元大-桃興,2024-11-08,9894
2303,聯電,68,33,35,元大-桃興,2024-11-08,9894
2313,華通,49,15,34,元大-桃興,2024-11-08,9894
5202,力新,29,0,29,元大-桃興,2024-11-08,9894
00932,兆豐永續高息等權,26,0,26,元大-桃興,2024-11-08,9894
2363,矽統,30,5,25,元大-桃興,2024-11-08,9894
2337,旺宏,26,1,25,元大-桃興,2024-11-08,9894
2883,凱基金,30,6,24,元大-桃興,2024-11-08,9894
3149,正達,31,8,23,元大-桃興,2024-11-08,9894
00919,群益台灣精選高息,40,17,23,元大-桃興,2024-11-08,9894
1314,中石化,22,0,22,元大-桃興,2024-11-08,9894
1307,三芳,27,5,22,元大-桃興,2024-11-08,9894
4919,新唐,26,4,22,元大-桃興,2024-11-08,9894
00713,元大台灣高息低波,26,6,20,元大-桃興,2024-11-08,9894
2314,台揚,46,26,20,元大-桃興,2024-11-08,9894
2388,威盛,22,2,20,元大-桃興,2024-11-08,9894
2605,新興,20,0,20,元大-桃興,2024-11-08,9894
2455,全新,22,2,20,元大-桃興,2024-11-08,9894
4533,協易機,23,3,20,元大-桃興,2024-11-08,9894
9958,世紀鋼,24,6,18,元大-桃興,2024-11-08,9894
3374,精材,31,13,18,元大-桃興,2024-11-08,9894
3014,聯陽,18,1,17,元大-桃興,2024-11-08,9894
2353,宏��,26,10,16,元大-桃興,2024-11-08,9894
00915,凱基優選高股息30,16,0,16,元大-桃興,2024-11-08,9894
00943,兆豐電子高息等權,15,0,15,元大-桃興,2024-11-08,9894
3450,聯鈞,35,21,14,元大-桃興,2024-11-08,9894
8121,越峰,14,0,14,元大-桃興,2024-11-08,9894
00679B,元大美債20年,22,8,14,元大-桃興,2024-11-08,9894
5272,笙科,23,10,13,元大-桃興,2024-11-08,9894
00687B,國泰20年美債,14,2,12,元大-桃興,2024-11-08,9894
3013,晟銘電,20,8,12,元大-桃興,2024-11-08,9894
3284,太普高,12,0,12,元大-桃興,2024-11-08,9894
00673R,期元大S＆P原油反1,12,0,12,元大-桃興,2024-11-08,9894
00882,中信中國高股息,12,0,12,元大-桃興,2024-11-08,9894
6609,瀧澤科,15,3,12,元大-桃興,2024-11-08,9894
00960,野村全球航運龍頭,12,0,12,元大-桃興,2024-11-08,9894
2408,南亞科,12,1,11,元大-桃興,2024-11-08,9894
6505,台塑化,11,0,11,元大-桃興,2024-11-08,9894
00937B,群益ESG投等債20,1145,69,1076,元大-桃興,2024-11-11,9894
00753L,中信中國50正2,347,128,219,元大-桃興,2024-11-11,9894
00878,國泰永續高股息,121,13,108,元大-桃興,2024-11-11,9894
00637L,元大滬深300正2,107,2,105,元大-桃興,2024-11-11,9894
2302,麗正,62,0,62,元大-桃興,2024-11-11,9894
3030,德律,51,0,51,元大-桃興,2024-11-11,9894
00679B,元大美債20年,59,13,46,元大-桃興,2024-11-11,9894
00921,兆豐龍頭等權重,41,0,41,元大-桃興,2024-11-11,9894
2609,陽明,77,37,40,元大-桃興,2024-11-11,9894
2317,鴻海,64,27,37,元大-桃興,2024-11-11,9894
3167,大量,62,26,36,元大-桃興,2024-11-11,9894
00706L,期元大S＆P日圓正2,30,0,30,元大-桃興,2024-11-11,9894
00919,群益台灣精選高息,35,6,29,元大-桃興,2024-11-11,9894
2313,華通,30,2,28,元大-桃興,2024-11-11,9894
2399,映泰,37,10,27,元大-桃興,2024-11-11,9894
00932,兆豐永續高息等權,32,6,26,元大-桃興,2024-11-11,9894
2382,廣達,29,3,26,元大-桃興,2024-11-11,9894
00943,兆豐電子高息等權,25,0,25,元大-桃興,2024-11-11,9894
00713,元大台灣高息低波,25,0,25,元大-桃興,2024-11-11,9894
6179,亞通,25,1,24,元大-桃興,2024-11-11,9894
6216,居易,25,1,24,元大-桃興,2024-11-11,9894
3576,聯合再生,21,0,21,元大-桃興,2024-11-11,9894
2354,鴻準,78,57,21,元大-桃興,2024-11-11,9894
6414,樺漢,20,0,20,元大-桃興,2024-11-11,9894
00655L,國泰中國A50正2,19,0,19,元大-桃興,2024-11-11,9894
2303,聯電,38,20,18,元大-桃興,2024-11-11,9894
5426,振發,32,14,18,元大-桃興,2024-11-11,9894
2392,正崴,27,9,18,元大-桃興,2024-11-11,9894
2882,國泰金,23,5,18,元大-桃興,2024-11-11,9894
00900,富邦特選高股息30,17,0,17,元大-桃興,2024-11-11,9894
00715L,期街口布蘭特正2,17,0,17,元大-桃興,2024-11-11,9894
3149,正達,28,13,15,元大-桃興,2024-11-11,9894
00881,國泰台灣5G+,25,10,15,元大-桃興,2024-11-11,9894
3024,憶聲,15,0,15,元大-桃興,2024-11-11,9894
00959B,大華投等美債15Y+,15,0,15,元大-桃興,2024-11-11,9894
3231,緯創,27,12,15,元大-桃興,2024-11-11,9894
4909,新復興,14,0,14,元大-桃興,2024-11-11,9894
2615,萬海,64,50,14,元大-桃興,2024-11-11,9894
3037,欣興,28,15,13,元大-桃興,2024-11-11,9894
2929,淘帝-KY,13,0,13,元大-桃興,2024-11-11,9894
8936,國統,14,1,13,元大-桃興,2024-11-11,9894
2495,普安,20,7,13,元大-桃興,2024-11-11,9894
3049,精金,27,15,12,元大-桃興,2024-11-11,9894
3498,陽程,16,4,12,元大-桃興,2024-11-11,9894
6147,頎邦,12,1,11,元大-桃興,2024-11-11,9894
6108,競國,11,0,11,元大-桃興,2024-11-11,9894
5381,合正,11,0,11,元大-桃興,2024-11-11,9894
1808,潤隆,11,0,11,元大-桃興,2024-11-11,9894
2449,京元電子,24,14,10,元大-桃興,2024-11-11,9894
9911,櫻花,10,0,10,元大-桃興,2024-11-11,9894
00878,國泰永續高股息,302,0,302,元大-桃興,2024-11-12,9894
00715L,期街口布蘭特正2,161,1,160,元大-桃興,2024-11-12,9894
0056,元大高股息,106,8,98,元大-桃興,2024-11-12,9894
00679B,元大美債20年,103,10,93,元大-桃興,2024-11-12,9894
00929,復華台灣科技優息,169,79,90,元大-桃興,2024-11-12,9894
2356,英業達,154,65,89,元大-桃興,2024-11-12,9894
00713,元大台灣高息低波,67,0,67,元大-桃興,2024-11-12,9894
00915,凱基優選高股息30,66,0,66,元大-桃興,2024-11-12,9894
00712,復華富時不動產,106,41,65,元大-桃興,2024-11-12,9894
00919,群益台灣精選高息,67,13,54,元大-桃興,2024-11-12,9894
3481,群創,42,5,37,元大-桃興,2024-11-12,9894
2406,國碩,40,3,37,元大-桃興,2024-11-12,9894
006208,富邦台50,38,3,35,元大-桃興,2024-11-12,9894
00753L,中信中國50正2,107,74,33,元大-桃興,2024-11-12,9894
00795B,中信美國公債20年,32,0,32,元大-桃興,2024-11-12,9894
2349,錸德,41,10,31,元大-桃興,2024-11-12,9894
00706L,期元大S＆P日圓正2,30,0,30,元大-桃興,2024-11-12,9894
00930,永豐ESG低碳高息,29,0,29,元大-桃興,2024-11-12,9894
00891,中信關鍵半導體,29,0,29,元大-桃興,2024-11-12,9894
5356,協益,29,0,29,元大-桃興,2024-11-12,9894
2515,中工,50,21,29,元大-桃興,2024-11-12,9894
2892,第一金,26,1,25,元大-桃興,2024-11-12,9894
00922,國泰台灣領袖50,25,0,25,元大-桃興,2024-11-12,9894
2498,宏達電,27,2,25,元大-桃興,2024-11-12,9894
00943,兆豐電子高息等權,25,0,25,元大-桃興,2024-11-12,9894
2330,台積電,30,8,22,元大-桃興,2024-11-12,9894
2328,廣宇,24,4,20,元大-桃興,2024-11-12,9894
5871,中租-KY,22,3,19,元大-桃興,2024-11-12,9894
1524,耿鼎,31,13,18,元大-桃興,2024-11-12,9894
00665L,富邦�琤肭磪囓�2,88,70,18,元大-桃興,2024-11-12,9894
6216,居易,17,0,17,元大-桃興,2024-11-12,9894
5880,合庫金,16,0,16,元大-桃興,2024-11-12,9894
2834,臺企銀,16,0,16,元大-桃興,2024-11-12,9894
00932,兆豐永續高息等權,15,0,15,元大-桃興,2024-11-12,9894
5258,虹堡,15,0,15,元大-桃興,2024-11-12,9894
0050,元大台灣50,15,1,14,元大-桃興,2024-11-12,9894
6670,復盛應用,14,0,14,元大-桃興,2024-11-12,9894
2408,南亞科,13,0,13,元大-桃興,2024-11-12,9894
2887,台新金,16,3,13,元大-桃興,2024-11-12,9894
3231,緯創,33,21,12,元大-桃興,2024-11-12,9894
00881,國泰台灣5G+,12,0,12,元大-桃興,2024-11-12,9894
1301,台塑,12,0,12,元大-桃興,2024-11-12,9894
6125,廣運,16,4,12,元大-桃興,2024-11-12,9894
4916,事欣科,13,1,12,元大-桃興,2024-11-12,9894
00680L,元大美債20正2,25,13,12,元大-桃興,2024-11-12,9894
2211,長榮鋼,11,0,11,元大-桃興,2024-11-12,9894
3202,樺晟,11,0,11,元大-桃興,2024-11-12,9894
4303,信立,23,12,11,元大-桃興,2024-11-12,9894
00947,台新臺灣IC設計,14,3,11,元大-桃興,2024-11-12,9894
1808,潤隆,11,0,11,元大-桃興,2024-11-12,9894
00715L,期街口布蘭特正2,274,68,206,元大-桃興,2024-11-13,9894
2609,陽明,239,38,201,元大-桃興,2024-11-13,9894
00753L,中信中國50正2,263,90,173,元大-桃興,2024-11-13,9894
00878,國泰永續高股息,96,0,96,元大-桃興,2024-11-13,9894
00891,中信關鍵半導體,88,0,88,元大-桃興,2024-11-13,9894
00937B,群益ESG投等債20,87,11,76,元大-桃興,2024-11-13,9894
0056,元大高股息,71,0,71,元大-桃興,2024-11-13,9894
00680L,元大美債20正2,110,49,61,元大-桃興,2024-11-13,9894
00679B,元大美債20年,66,5,61,元大-桃興,2024-11-13,9894
2646,星宇航空,71,22,49,元大-桃興,2024-11-13,9894
00915,凱基優選高股息30,57,13,44,元大-桃興,2024-11-13,9894
00919,群益台灣精選高息,52,17,35,元大-桃興,2024-11-13,9894
2303,聯電,41,12,29,元大-桃興,2024-11-13,9894
2356,英業達,54,25,29,元大-桃興,2024-11-13,9894
00932,兆豐永續高息等權,28,0,28,元大-桃興,2024-11-13,9894
2354,鴻準,61,36,25,元大-桃興,2024-11-13,9894
00934,中信成長高股息,25,0,25,元大-桃興,2024-11-13,9894
5426,振發,27,2,25,元大-桃興,2024-11-13,9894
00740B,富邦全球投等債,25,0,25,元大-桃興,2024-11-13,9894
00930,永豐ESG低碳高息,25,0,25,元大-桃興,2024-11-13,9894
2330,台積電,24,0,24,元大-桃興,2024-11-13,9894
2323,中環,23,0,23,元大-桃興,2024-11-13,9894
00725B,國泰投資級公司債,21,0,21,元大-桃興,2024-11-13,9894
4157,太景*-KY,20,0,20,元大-桃興,2024-11-13,9894
2838,聯邦銀,20,0,20,元大-桃興,2024-11-13,9894
3706,神達,192,173,19,元大-桃興,2024-11-13,9894
3167,大量,33,14,19,元大-桃興,2024-11-13,9894
5488,松普,18,0,18,元大-桃興,2024-11-13,9894
2412,中華電,20,3,17,元大-桃興,2024-11-13,9894
00751B,元大AAA至A公司債,16,0,16,元大-桃興,2024-11-13,9894
3037,欣興,22,6,16,元大-桃興,2024-11-13,9894
2337,旺宏,15,0,15,元大-桃興,2024-11-13,9894
00945B,凱基美國非投等債,15,0,15,元大-桃興,2024-11-13,9894
2615,萬海,28,13,15,元大-桃興,2024-11-13,9894
9945,潤泰新,14,0,14,元大-桃興,2024-11-13,9894
00882,中信中國高股息,14,0,14,元大-桃興,2024-11-13,9894
2382,廣達,17,3,14,元大-桃興,2024-11-13,9894
2883,凱基金,14,0,14,元大-桃興,2024-11-13,9894
2377,微星,23,10,13,元大-桃興,2024-11-13,9894
4931,新盛力,25,12,13,元大-桃興,2024-11-13,9894
2409,友達,15,2,13,元大-桃興,2024-11-13,9894
00706L,期元大S＆P日圓正2,13,0,13,元大-桃興,2024-11-13,9894
6505,台塑化,13,0,13,元大-桃興,2024-11-13,9894
6153,嘉聯益,14,1,13,元大-桃興,2024-11-13,9894
2801,彰銀,12,0,12,元大-桃興,2024-11-13,9894
00687B,國泰20年美債,14,2,12,元大-桃興,2024-11-13,9894
1721,三晃,12,0,12,元大-桃興,2024-11-13,9894
2492,華新科,12,0,12,元大-桃興,2024-11-13,9894
2393,億光,17,5,12,元大-桃興,2024-11-13,9894
006208,富邦台50,18,6,12,元大-桃興,2024-11-13,9894
00878,國泰永續高股息,415,17,398,元大-桃興,2024-11-14,9894
00929,復華台灣科技優息,219,26,193,元大-桃興,2024-11-14,9894
00679B,元大美債20年,80,0,80,元大-桃興,2024-11-14,9894
2312,金寶,100,33,67,元大-桃興,2024-11-14,9894
00919,群益台灣精選高息,73,17,56,元大-桃興,2024-11-14,9894
0056,元大高股息,84,32,52,元大-桃興,2024-11-14,9894
2002,中鋼,52,0,52,元大-桃興,2024-11-14,9894
00933B,國泰10Y+金融債,51,0,51,元大-桃興,2024-11-14,9894
1504,東元,53,7,46,元大-桃興,2024-11-14,9894
00937B,群益ESG投等債20,62,24,38,元大-桃興,2024-11-14,9894
2337,旺宏,37,0,37,元大-桃興,2024-11-14,9894
4931,新盛力,108,72,36,元大-桃興,2024-11-14,9894
2303,聯電,43,8,35,元大-桃興,2024-11-14,9894
3481,群創,32,0,32,元大-桃興,2024-11-14,9894
00946,群益科技高息成長,31,0,31,元大-桃興,2024-11-14,9894
00930,永豐ESG低碳高息,29,0,29,元大-桃興,2024-11-14,9894
2892,第一金,26,0,26,元大-桃興,2024-11-14,9894
00713,元大台灣高息低波,34,8,26,元大-桃興,2024-11-14,9894
00680L,元大美債20正2,60,35,25,元大-桃興,2024-11-14,9894
00915,凱基優選高股息30,41,17,24,元大-桃興,2024-11-14,9894
00687B,國泰20年美債,23,1,22,元大-桃興,2024-11-14,9894
2431,聯昌,22,0,22,元大-桃興,2024-11-14,9894
2101,南港,21,0,21,元大-桃興,2024-11-14,9894
2317,鴻海,41,21,20,元大-桃興,2024-11-14,9894
5340,建榮,20,0,20,元大-桃興,2024-11-14,9894
8271,宇瞻,20,0,20,元大-桃興,2024-11-14,9894
00943,兆豐電子高息等權,19,0,19,元大-桃興,2024-11-14,9894
00675L,富邦臺灣加權正2,19,1,18,元大-桃興,2024-11-14,9894
2010,春源,18,0,18,元大-桃興,2024-11-14,9894
3673,TPK-KY,18,0,18,元大-桃興,2024-11-14,9894
00725B,國泰投資級公司債,17,0,17,元大-桃興,2024-11-14,9894
2344,華邦電,15,0,15,元大-桃興,2024-11-14,9894
2915,潤泰全,15,0,15,元大-桃興,2024-11-14,9894
00751B,元大AAA至A公司債,15,0,15,元大-桃興,2024-11-14,9894
00688L,國泰20年美債正2,15,0,15,元大-桃興,2024-11-14,9894
006208,富邦台50,16,1,15,元大-桃興,2024-11-14,9894
9958,世紀鋼,14,0,14,元大-桃興,2024-11-14,9894
3419,譁裕,15,1,14,元大-桃興,2024-11-14,9894
00932,兆豐永續高息等權,13,0,13,元大-桃興,2024-11-14,9894
2645,長榮航太,13,0,13,元大-桃興,2024-11-14,9894
6282,康舒,16,3,13,元大-桃興,2024-11-14,9894
3003,健和興,15,2,13,元大-桃興,2024-11-14,9894
2409,友達,13,1,12,元大-桃興,2024-11-14,9894
2929,淘帝-KY,15,3,12,元大-桃興,2024-11-14,9894
00715L,期街口布蘭特正2,12,0,12,元大-桃興,2024-11-14,9894
1513,中興電,19,8,11,元大-桃興,2024-11-14,9894
5315,光聯,11,0,11,元大-桃興,2024-11-14,9894
00891,中信關鍵半導體,43,33,10,元大-桃興,2024-11-14,9894
00934,中信成長高股息,10,0,10,元大-桃興,2024-11-14,9894
2382,廣達,14,4,10,元大-桃興,2024-11-14,9894
00878,國泰永續高股息,353,19,334,元大-桃興,2024-11-15,9894
00706L,期元大S＆P日圓正2,202,0,202,元大-桃興,2024-11-15,9894
2382,廣達,97,9,88,元大-桃興,2024-11-15,9894
00753L,中信中國50正2,145,80,65,元大-桃興,2024-11-15,9894
3706,神達,203,147,56,元大-桃興,2024-11-15,9894
6179,亞通,48,0,48,元大-桃興,2024-11-15,9894
2317,鴻海,328,282,46,元大-桃興,2024-11-15,9894
0056,元大高股息,45,2,43,元大-桃興,2024-11-15,9894
00915,凱基優選高股息30,34,2,32,元大-桃興,2024-11-15,9894
3202,樺晟,27,0,27,元大-桃興,2024-11-15,9894
00680L,元大美債20正2,51,25,26,元大-桃興,2024-11-15,9894
2330,台積電,21,0,21,元大-桃興,2024-11-15,9894
1449,佳和,22,2,20,元大-桃興,2024-11-15,9894
3231,緯創,28,8,20,元大-桃興,2024-11-15,9894
00679B,元大美債20年,88,70,18,元大-桃興,2024-11-15,9894
2392,正崴,34,16,18,元大-桃興,2024-11-15,9894
006208,富邦台50,18,0,18,元大-桃興,2024-11-15,9894
2356,英業達,25,8,17,元大-桃興,2024-11-15,9894
3419,譁裕,15,0,15,元大-桃興,2024-11-15,9894
3673,TPK-KY,15,0,15,元大-桃興,2024-11-15,9894
2010,春源,13,0,13,元大-桃興,2024-11-15,9894
00948B,中信優息投資級債,13,0,13,元大-桃興,2024-11-15,9894
1611,中電,12,0,12,元大-桃興,2024-11-15,9894
00943,兆豐電子高息等權,12,0,12,元大-桃興,2024-11-15,9894
00713,元大台灣高息低波,12,0,12,元大-桃興,2024-11-15,9894
2885,元大金,11,0,11,元大-桃興,2024-11-15,9894
4513,福裕,12,1,11,元大-桃興,2024-11-15,9894
4979,華星光,15,4,11,元大-桃興,2024-11-15,9894
2393,億光,11,0,11,元大-桃興,2024-11-15,9894
2886,兆豐金,13,2,11,元大-桃興,2024-11-15,9894
3017,奇鋐,21,10,11,元大-桃興,2024-11-15,9894
00719B,元大美債1-3,10,0,10,元大-桃興,2024-11-15,9894
8070,長華*,10,0,10,元大-桃興,2024-11-15,9894
00687B,國泰20年美債,10,0,10,元大-桃興,2024-11-15,9894
00945B,凱基美國非投等債,10,0,10,元大-桃興,2024-11-15,9894
5014,建錩,10,0,10,元大-桃興,2024-11-15,9894
5471,松翰,10,0,10,元大-桃興,2024-11-15,9894
6505,台塑化,10,0,10,元大-桃興,2024-11-15,9894
6558,興能高,12,4,8,元大-桃興,2024-11-15,9894
3715,定穎投控,7,0,7,元大-桃興,2024-11-15,9894
6274,台燿,8,1,7,元大-桃興,2024-11-15,9894
3013,晟銘電,16,10,6,元大-桃興,2024-11-15,9894
4746,台耀,6,0,6,元大-桃興,2024-11-15,9894
8027,鈦昇,8,2,6,元大-桃興,2024-11-15,9894
5398,慕康生醫,6,0,6,元大-桃興,2024-11-15,9894
3712,永崴投控,6,0,6,元大-桃興,2024-11-15,9894
00881,國泰台灣5G+,6,0,6,元大-桃興,2024-11-15,9894
2303,聯電,21,16,5,元大-桃興,2024-11-15,9894
5871,中租-KY,6,0,6,元大-桃興,2024-11-15,9894
6213,聯茂,5,0,5,元大-桃興,2024-11-15,9894
00878,國泰永續高股息,333,12,321,元大-桃興,2024-11-18,9894
00929,復華台灣科技優息,115,0,115,元大-桃興,2024-11-18,9894
00885,富邦越南,100,2,98,元大-桃興,2024-11-18,9894
2312,金寶,145,73,72,元大-桃興,2024-11-18,9894
0056,元大高股息,69,2,67,元大-桃興,2024-11-18,9894
00887,永豐中國科技50大,57,0,57,元大-桃興,2024-11-18,9894
00679B,元大美債20年,63,10,53,元大-桃興,2024-11-18,9894
2354,鴻準,108,63,45,元大-桃興,2024-11-18,9894
00919,群益台灣精選高息,46,5,41,元大-桃興,2024-11-18,9894
00891,中信關鍵半導體,37,0,37,元大-桃興,2024-11-18,9894
00637L,元大滬深300正2,94,61,33,元大-桃興,2024-11-18,9894
2356,英業達,54,22,32,元大-桃興,2024-11-18,9894
2002,中鋼,50,21,29,元大-桃興,2024-11-18,9894
3090,日電貿,33,5,28,元大-桃興,2024-11-18,9894
2317,鴻海,47,20,27,元大-桃興,2024-11-18,9894
00943,兆豐電子高息等權,26,0,26,元大-桃興,2024-11-18,9894
9105,泰金寶-DR,69,44,25,元大-桃興,2024-11-18,9894
006208,富邦台50,28,3,25,元大-桃興,2024-11-18,9894
1524,耿鼎,23,1,22,元大-桃興,2024-11-18,9894
00665L,富邦�琤肭磪囓�2,40,20,20,元大-桃興,2024-11-18,9894
5426,振發,32,12,20,元大-桃興,2024-11-18,9894
00946,群益科技高息成長,32,12,20,元大-桃興,2024-11-18,9894
3231,緯創,24,5,19,元大-桃興,2024-11-18,9894
5309,系統電,29,11,18,元大-桃興,2024-11-18,9894
3380,明泰,17,0,17,元大-桃興,2024-11-18,9894
2615,萬海,35,19,16,元大-桃興,2024-11-18,9894
2421,建準,16,0,16,元大-桃興,2024-11-18,9894
00934,中信成長高股息,15,0,15,元大-桃興,2024-11-18,9894
0050,元大台灣50,17,2,15,元大-桃興,2024-11-18,9894
00945B,凱基美國非投等債,15,0,15,元大-桃興,2024-11-18,9894
3049,精金,15,0,15,元大-桃興,2024-11-18,9894
3037,欣興,23,9,14,元大-桃興,2024-11-18,9894
1531,高林股,16,2,14,元大-桃興,2024-11-18,9894
4533,協易機,15,1,14,元大-桃興,2024-11-18,9894
8044,網家,26,13,13,元大-桃興,2024-11-18,9894
2929,淘帝-KY,15,2,13,元大-桃興,2024-11-18,9894
3704,合勤控,14,1,13,元大-桃興,2024-11-18,9894
8240,華宏,13,0,13,元大-桃興,2024-11-18,9894
2881,富邦金,13,0,13,元大-桃興,2024-11-18,9894
2646,星宇航空,17,4,13,元大-桃興,2024-11-18,9894
4956,光鋐,15,3,12,元大-桃興,2024-11-18,9894
2884,玉山金,14,2,12,元大-桃興,2024-11-18,9894
1513,中興電,14,2,12,元大-桃興,2024-11-18,9894
3167,大量,11,0,11,元大-桃興,2024-11-18,9894
8064,東捷,13,2,11,元大-桃興,2024-11-18,9894
3032,偉訓,12,1,11,元大-桃興,2024-11-18,9894
9904,寶成,15,4,11,元大-桃興,2024-11-18,9894
2344,華邦電,15,5,10,元大-桃興,2024-11-18,9894
6125,廣運,12,2,10,元大-桃興,2024-11-18,9894
00642U,期元大S＆P石油,10,0,10,元大-桃興,2024-11-18,9894
00637L,元大滬深300正2,378,160,218,元大-桃興,2024-11-19,9894
2801,彰銀,200,31,169,元大-桃興,2024-11-19,9894
00878,國泰永續高股息,65,3,62,元大-桃興,2024-11-19,9894
1101,台泥,60,6,54,元大-桃興,2024-11-19,9894
3231,緯創,63,11,52,元大-桃興,2024-11-19,9894
1536,和大,38,1,37,元大-桃興,2024-11-19,9894
3481,群創,34,0,34,元大-桃興,2024-11-19,9894
00953B,群益優選非投等債,30,0,30,元大-桃興,2024-11-19,9894
00937B,群益ESG投等債20,33,8,25,元大-桃興,2024-11-19,9894
0056,元大高股息,25,4,21,元大-桃興,2024-11-19,9894
3521,鴻翊,21,0,21,元大-桃興,2024-11-19,9894
2332,友訊,27,7,20,元大-桃興,2024-11-19,9894
1301,台塑,19,0,19,元大-桃興,2024-11-19,9894
2399,映泰,31,13,18,元大-桃興,2024-11-19,9894
2356,英業達,30,16,14,元大-桃興,2024-11-19,9894
6763,綠界科技*,21,7,14,元大-桃興,2024-11-19,9894
2329,華泰,20,6,14,元大-桃興,2024-11-19,9894
3032,偉訓,53,40,13,元大-桃興,2024-11-19,9894
2317,鴻海,30,18,12,元大-桃興,2024-11-19,9894
3037,欣興,23,11,12,元大-桃興,2024-11-19,9894
2313,華通,13,2,11,元大-桃興,2024-11-19,9894
2543,皇昌,11,1,10,元大-桃興,2024-11-19,9894
00673R,期元大S＆P原油反1,10,0,10,元大-桃興,2024-11-19,9894
2882,國泰金,10,0,10,元大-桃興,2024-11-19,9894
6218,豪勉,10,0,10,元大-桃興,2024-11-19,9894
00706L,期元大S＆P日圓正2,10,0,10,元大-桃興,2024-11-19,9894
2409,友達,10,0,10,元大-桃興,2024-11-19,9894
4714,永捷,10,0,10,元大-桃興,2024-11-19,9894
2637,慧洋-KY,10,0,10,元大-桃興,2024-11-19,9894
2303,聯電,18,9,9,元大-桃興,2024-11-19,9894
00708L,期元大S＆P黃金正2,9,0,9,元大-桃興,2024-11-19,9894
8112,至上,8,0,8,元大-桃興,2024-11-19,9894
6530,創威,13,5,8,元大-桃興,2024-11-19,9894
2486,一詮,12,4,8,元大-桃興,2024-11-19,9894
2382,廣達,10,3,7,元大-桃興,2024-11-19,9894
00932,兆豐永續高息等權,7,1,6,元大-桃興,2024-11-19,9894
1721,三晃,6,0,6,元大-桃興,2024-11-19,9894
2368,金像電,6,0,6,元大-桃興,2024-11-19,9894
2883,凱基金,6,0,6,元大-桃興,2024-11-19,9894
1471,首利,6,0,6,元大-桃興,2024-11-19,9894
2387,精元,6,0,6,元大-桃興,2024-11-19,9894
5475,德宏,6,0,6,元大-桃興,2024-11-19,9894
2467,志聖,19,13,6,元大-桃興,2024-11-19,9894
00918,大華優利高填息30,10,5,5,元大-桃興,2024-11-19,9894
2324,仁寶,12,7,5,元大-桃興,2024-11-19,9894
2344,華邦電,5,0,5,元大-桃興,2024-11-19,9894
9921,巨大,5,0,5,元大-桃興,2024-11-19,9894
3450,聯鈞,23,18,5,元大-桃興,2024-11-19,9894
3466,德晉,5,0,5,元大-桃興,2024-11-19,9894
2353,宏��,5,0,5,元大-桃興,2024-11-19,9894
9105,泰金寶-DR,171,62,109,元大-桃興,2024-11-20,9894
5531,鄉林,91,0,91,元大-桃興,2024-11-20,9894
2354,鴻準,217,129,88,元大-桃興,2024-11-20,9894
00878,國泰永續高股息,87,7,80,元大-桃興,2024-11-20,9894
00929,復華台灣科技優息,97,20,77,元大-桃興,2024-11-20,9894
00922,國泰台灣領袖50,50,0,50,元大-桃興,2024-11-20,9894
3706,神達,297,249,48,元大-桃興,2024-11-20,9894
00937B,群益ESG投等債20,52,6,46,元大-桃興,2024-11-20,9894
00953B,群益優選非投等債,40,0,40,元大-桃興,2024-11-20,9894
2312,金寶,62,25,37,元大-桃興,2024-11-20,9894
3615,安可,32,1,31,元大-桃興,2024-11-20,9894
5876,上海商銀,30,0,30,元大-桃興,2024-11-20,9894
8044,網家,39,9,30,元大-桃興,2024-11-20,9894
2349,錸德,67,41,26,元大-桃興,2024-11-20,9894
3338,泰碩,28,5,23,元大-桃興,2024-11-20,9894
0056,元大高股息,22,0,22,元大-桃興,2024-11-20,9894
2106,建大,20,0,20,元大-桃興,2024-11-20,9894
1809,中釉,20,0,20,元大-桃興,2024-11-20,9894
00850,元大臺灣ESG永續,20,0,20,元大-桃興,2024-11-20,9894
00887,永豐中國科技50大,21,2,19,元大-桃興,2024-11-20,9894
2885,元大金,15,0,15,元大-桃興,2024-11-20,9894
00952,凱基台灣AI50,15,0,15,元大-桃興,2024-11-20,9894
5243,乙盛-KY,17,3,14,元大-桃興,2024-11-20,9894
2605,新興,15,1,14,元大-桃興,2024-11-20,9894
2888,新光金,15,1,14,元大-桃興,2024-11-20,9894
2887,台新金,13,0,13,元大-桃興,2024-11-20,9894
4729,熒茂,16,4,12,元大-桃興,2024-11-20,9894
006208,富邦台50,12,0,12,元大-桃興,2024-11-20,9894
1503,士電,11,0,11,元大-桃興,2024-11-20,9894
2328,廣宇,17,6,11,元大-桃興,2024-11-20,9894
3540,曜越,11,0,11,元大-桃興,2024-11-20,9894
3710,連展投控,11,0,11,元大-桃興,2024-11-20,9894
00637L,元大滬深300正2,16,5,11,元大-桃興,2024-11-20,9894
3481,群創,10,0,10,元大-桃興,2024-11-20,9894
00930,永豐ESG低碳高息,10,0,10,元大-桃興,2024-11-20,9894
3703,欣陸,10,0,10,元大-桃興,2024-11-20,9894
00891,中信關鍵半導體,10,0,10,元大-桃興,2024-11-20,9894
3704,合勤控,10,0,10,元大-桃興,2024-11-20,9894
00665L,富邦�琤肭磪囓�2,50,40,10,元大-桃興,2024-11-20,9894
9934,成霖,10,0,10,元大-桃興,2024-11-20,9894
1326,台化,10,0,10,元大-桃興,2024-11-20,9894
2884,玉山金,11,1,10,元大-桃興,2024-11-20,9894
3036,文曄,9,0,9,元大-桃興,2024-11-20,9894
00907,永豐優息存股,9,0,9,元大-桃興,2024-11-20,9894
3167,大量,10,1,9,元大-桃興,2024-11-20,9894
3447,展達,12,3,9,元大-桃興,2024-11-20,9894
2324,仁寶,13,5,8,元大-桃興,2024-11-20,9894
1449,佳和,17,9,8,元大-桃興,2024-11-20,9894
6282,康舒,16,8,8,元大-桃興,2024-11-20,9894
4919,新唐,9,1,8,元大-桃興,2024-11-20,9894
00725B,國泰投資級公司債,112,0,112,元大-桃興,2024-11-21,9894
2027,大成鋼,68,0,68,元大-桃興,2024-11-21,9894
3141,晶宏,51,0,51,元大-桃興,2024-11-21,9894
2349,錸德,100,54,46,元大-桃興,2024-11-21,9894
00887,永豐中國科技50大,39,1,38,元大-桃興,2024-11-21,9894
2607,榮運,37,0,37,元大-桃興,2024-11-21,9894
2303,聯電,41,7,34,元大-桃興,2024-11-21,9894
2354,鴻準,95,65,30,元大-桃興,2024-11-21,9894
00959B,大華投等美債15Y+,29,0,29,元大-桃興,2024-11-21,9894
00692,富邦公司治理,25,0,25,元大-桃興,2024-11-21,9894
2439,美律,21,1,20,元大-桃興,2024-11-21,9894
2356,英業達,108,90,18,元大-桃興,2024-11-21,9894
006208,富邦台50,17,0,17,元大-桃興,2024-11-21,9894
00919,群益台灣精選高息,19,2,17,元大-桃興,2024-11-21,9894
00937B,群益ESG投等債20,17,0,17,元大-桃興,2024-11-21,9894
0050,元大台灣50,17,0,17,元大-桃興,2024-11-21,9894
2330,台積電,18,2,16,元大-桃興,2024-11-21,9894
00679B,元大美債20年,18,3,15,元大-桃興,2024-11-21,9894
00713,元大台灣高息低波,14,0,14,元大-桃興,2024-11-21,9894
8104,錸寶,80,66,14,元大-桃興,2024-11-21,9894
1301,台塑,13,0,13,元大-桃興,2024-11-21,9894
3481,群創,24,11,13,元大-桃興,2024-11-21,9894
2421,建準,14,1,13,元大-桃興,2024-11-21,9894
2382,廣達,14,2,12,元大-桃興,2024-11-21,9894
5876,上海商銀,12,0,12,元大-桃興,2024-11-21,9894
2889,國票金,11,0,11,元大-桃興,2024-11-21,9894
00637L,元大滬深300正2,121,110,11,元大-桃興,2024-11-21,9894
0056,元大高股息,15,5,10,元大-桃興,2024-11-21,9894
6191,精成科,10,0,10,元大-桃興,2024-11-21,9894
4956,光鋐,12,2,10,元大-桃興,2024-11-21,9894
2882,國泰金,11,1,10,元大-桃興,2024-11-21,9894
4915,致伸,10,0,10,元大-桃興,2024-11-21,9894
6757,台灣虎航,10,0,10,元大-桃興,2024-11-21,9894
6139,亞翔,11,2,9,元大-桃興,2024-11-21,9894
00929,復華台灣科技優息,35,26,9,元大-桃興,2024-11-21,9894
2353,宏��,10,2,8,元大-桃興,2024-11-21,9894
3710,連展投控,8,0,8,元大-桃興,2024-11-21,9894
2014,中鴻,7,0,7,元大-桃興,2024-11-21,9894
2408,南亞科,7,0,7,元大-桃興,2024-11-21,9894
3050,鈺德,8,1,7,元大-桃興,2024-11-21,9894
2431,聯昌,22,15,7,元大-桃興,2024-11-21,9894
2317,鴻海,27,20,7,元大-桃興,2024-11-21,9894
3013,晟銘電,7,1,6,元大-桃興,2024-11-21,9894
9910,豐泰,6,0,6,元大-桃興,2024-11-21,9894
1303,南亞,6,0,6,元大-桃興,2024-11-21,9894
00938,凱基優選30,6,0,6,元大-桃興,2024-11-21,9894
6150,撼訊,9,3,6,元大-桃興,2024-11-21,9894
2426,鼎元,6,0,6,元大-桃興,2024-11-21,9894
2618,長榮航,22,16,6,元大-桃興,2024-11-21,9894
00715L,期街口布蘭特正2,6,0,6,元大-桃興,2024-11-21,9894
1815,富喬,268,131,137,元大-桃興,2024-11-22,9894
00960,野村全球航運龍頭,75,0,75,元大-桃興,2024-11-22,9894
3323,加百裕,107,39,68,元大-桃興,2024-11-22,9894
2609,陽明,106,43,63,元大-桃興,2024-11-22,9894
00930,永豐ESG低碳高息,53,0,53,元大-桃興,2024-11-22,9894
00887,永豐中國科技50大,51,0,51,元大-桃興,2024-11-22,9894
2027,大成鋼,60,10,50,元大-桃興,2024-11-22,9894
2303,聯電,43,4,39,元大-桃興,2024-11-22,9894
9904,寶成,38,3,35,元大-桃興,2024-11-22,9894
8044,網家,33,2,31,元大-桃興,2024-11-22,9894
1609,大亞,43,13,30,元大-桃興,2024-11-22,9894
9933,中鼎,27,1,26,元大-桃興,2024-11-22,9894
6770,力積電,29,4,25,元大-桃興,2024-11-22,9894
2646,星宇航空,26,1,25,元大-桃興,2024-11-22,9894
6139,亞翔,26,1,25,元大-桃興,2024-11-22,9894
6558,興能高,32,9,23,元大-桃興,2024-11-22,9894
5876,上海商銀,23,0,23,元大-桃興,2024-11-22,9894
00878,國泰永續高股息,33,12,21,元大-桃興,2024-11-22,9894
2332,友訊,27,6,21,元大-桃興,2024-11-22,9894
2615,萬海,31,10,21,元大-桃興,2024-11-22,9894
4991,環宇-KY,20,0,20,元大-桃興,2024-11-22,9894
6120,達運,20,1,19,元大-桃興,2024-11-22,9894
8047,星雲,16,0,16,元大-桃興,2024-11-22,9894
3576,聯合再生,15,0,15,元大-桃興,2024-11-22,9894
3141,晶宏,15,0,15,元大-桃興,2024-11-22,9894
00919,群益台灣精選高息,17,3,14,元大-桃興,2024-11-22,9894
6274,台燿,18,4,14,元大-桃興,2024-11-22,9894
1303,南亞,14,1,13,元大-桃興,2024-11-22,9894
8163,達方,18,5,13,元大-桃興,2024-11-22,9894
6156,松上,17,4,13,元大-桃興,2024-11-22,9894
00713,元大台灣高息低波,13,0,13,元大-桃興,2024-11-22,9894
8404,百和興業-KY,16,4,12,元大-桃興,2024-11-22,9894
1809,中釉,12,0,12,元大-桃興,2024-11-22,9894
3615,安可,13,1,12,元大-桃興,2024-11-22,9894
6288,聯嘉,22,10,12,元大-桃興,2024-11-22,9894
3715,定穎投控,13,1,12,元大-桃興,2024-11-22,9894
2867,三商壽,13,1,12,元大-桃興,2024-11-22,9894
1582,信錦,11,0,11,元大-桃興,2024-11-22,9894
6116,彩晶,11,0,11,元大-桃興,2024-11-22,9894
1471,首利,11,1,10,元大-桃興,2024-11-22,9894
1326,台化,10,0,10,元大-桃興,2024-11-22,9894
2929,淘帝-KY,10,0,10,元大-桃興,2024-11-22,9894
2450,神腦,10,0,10,元大-桃興,2024-11-22,9894
00719B,元大美債1-3,10,0,10,元大-桃興,2024-11-22,9894
4157,太景*-KY,10,0,10,元大-桃興,2024-11-22,9894
2889,國票金,10,0,10,元大-桃興,2024-11-22,9894
5438,東友,20,10,10,元大-桃興,2024-11-22,9894
2888,新光金,10,0,10,元大-桃興,2024-11-22,9894
911868,同方友友-DR,10,0,10,元大-桃興,2024-11-22,9894
2431,聯昌,9,0,9,元大-桃興,2024-11-22,9894
9105,泰金寶-DR,339,44,295,元大-桃興,2024-11-25,9894
00632R,元大台灣50反1,202,22,180,元大-桃興,2024-11-25,9894
00953B,群益優選非投等債,110,0,110,元大-桃興,2024-11-25,9894
00725B,國泰投資級公司債,61,0,61,元大-桃興,2024-11-25,9894
2409,友達,62,4,58,元大-桃興,2024-11-25,9894
00919,群益台灣精選高息,82,28,54,元大-桃興,2024-11-25,9894
2303,聯電,65,26,39,元大-桃興,2024-11-25,9894
00878,國泰永續高股息,45,14,31,元大-桃興,2024-11-25,9894
00753L,中信中國50正2,31,0,31,元大-桃興,2024-11-25,9894
2312,金寶,204,174,30,元大-桃興,2024-11-25,9894
3312,弘憶股,31,1,30,元大-桃興,2024-11-25,9894
2371,大同,38,8,30,元大-桃興,2024-11-25,9894
00950B,凱基A級公司債,25,0,25,元大-桃興,2024-11-25,9894
2618,長榮航,36,13,23,元大-桃興,2024-11-25,9894
00930,永豐ESG低碳高息,22,0,22,元大-桃興,2024-11-25,9894
6005,群益證,21,0,21,元大-桃興,2024-11-25,9894
2603,長榮,27,7,20,元大-桃興,2024-11-25,9894
3032,偉訓,26,6,20,元大-桃興,2024-11-25,9894
4968,立積,21,1,20,元大-桃興,2024-11-25,9894
2449,京元電子,28,10,18,元大-桃興,2024-11-25,9894
1101,台泥,27,10,17,元大-桃興,2024-11-25,9894
2609,陽明,72,55,17,元大-桃興,2024-11-25,9894
5876,上海商銀,16,0,16,元大-桃興,2024-11-25,9894
2915,潤泰全,16,0,16,元大-桃興,2024-11-25,9894
00887,永豐中國科技50大,14,0,14,元大-桃興,2024-11-25,9894
2344,華邦電,14,0,14,元大-桃興,2024-11-25,9894
1611,中電,17,3,14,元大-桃興,2024-11-25,9894
4147,中裕,14,0,14,元大-桃興,2024-11-25,9894
1303,南亞,18,5,13,元大-桃興,2024-11-25,9894
00673R,期元大S＆P原油反1,12,0,12,元大-桃興,2024-11-25,9894
3481,群創,12,1,11,元大-桃興,2024-11-25,9894
1301,台塑,14,4,10,元大-桃興,2024-11-25,9894
3260,威剛,11,1,10,元大-桃興,2024-11-25,9894
2206,三陽工業,10,0,10,元大-桃興,2024-11-25,9894
9933,中鼎,11,1,10,元大-桃興,2024-11-25,9894
3037,欣興,21,11,10,元大-桃興,2024-11-25,9894
2405,輔信,10,1,9,元大-桃興,2024-11-25,9894
2431,聯昌,9,0,9,元大-桃興,2024-11-25,9894
3303,岱稜,10,1,9,元大-桃興,2024-11-25,9894
4114,健喬,8,0,8,元大-桃興,2024-11-25,9894
6125,廣運,8,0,8,元大-桃興,2024-11-25,9894
5243,乙盛-KY,16,8,8,元大-桃興,2024-11-25,9894
3019,亞光,8,0,8,元大-桃興,2024-11-25,9894
0056,元大高股息,11,4,7,元大-桃興,2024-11-25,9894
3338,泰碩,17,10,7,元大-桃興,2024-11-25,9894
2331,精英,7,0,7,元大-桃興,2024-11-25,9894
2301,光寶科,9,2,7,元大-桃興,2024-11-25,9894
2323,中環,10,4,6,元大-桃興,2024-11-25,9894
0050,元大台灣50,7,1,6,元大-桃興,2024-11-25,9894
5483,中美晶,6,0,6,元大-桃興,2024-11-25,9894
2317,鴻海,138,12,126,元大-桃興,2024-11-26,9894
00919,群益台灣精選高息,92,2,90,元大-桃興,2024-11-26,9894
00715L,期街口布蘭特正2,71,4,67,元大-桃興,2024-11-26,9894
00953B,群益優選非投等債,51,0,51,元大-桃興,2024-11-26,9894
00680L,元大美債20正2,53,11,42,元大-桃興,2024-11-26,9894
2344,華邦電,38,1,37,元大-桃興,2024-11-26,9894
00753L,中信中國50正2,109,81,28,元大-桃興,2024-11-26,9894
00918,大華優利高填息30,28,0,28,元大-桃興,2024-11-26,9894
2615,萬海,62,35,27,元大-桃興,2024-11-26,9894
2330,台積電,26,0,26,元大-桃興,2024-11-26,9894
9105,泰金寶-DR,250,224,26,元大-桃興,2024-11-26,9894
2027,大成鋼,30,5,25,元大-桃興,2024-11-26,9894
00915,凱基優選高股息30,22,0,22,元大-桃興,2024-11-26,9894
006208,富邦台50,22,0,22,元大-桃興,2024-11-26,9894
2607,榮運,22,0,22,元大-桃興,2024-11-26,9894
5309,系統電,71,50,21,元大-桃興,2024-11-26,9894
00960,野村全球航運龍頭,25,5,20,元大-桃興,2024-11-26,9894
9933,中鼎,17,0,17,元大-桃興,2024-11-26,9894
3167,大量,28,11,17,元大-桃興,2024-11-26,9894
00878,國泰永續高股息,79,62,17,元大-桃興,2024-11-26,9894
2312,金寶,88,72,16,元大-桃興,2024-11-26,9894
2367,燿華,16,1,15,元大-桃興,2024-11-26,9894
1301,台塑,12,0,12,元大-桃興,2024-11-26,9894
00887,永豐中國科技50大,14,2,12,元大-桃興,2024-11-26,9894
3090,日電貿,34,23,11,元大-桃興,2024-11-26,9894
0050,元大台灣50,11,0,11,元大-桃興,2024-11-26,9894
4510,高鋒,20,10,10,元大-桃興,2024-11-26,9894
1785,光洋科,12,2,10,元大-桃興,2024-11-26,9894
00959B,大華投等美債15Y+,10,0,10,元大-桃興,2024-11-26,9894
3056,富華新,10,0,10,元大-桃興,2024-11-26,9894
5351,鈺創,10,0,10,元大-桃興,2024-11-26,9894
6142,友勁,10,0,10,元大-桃興,2024-11-26,9894
3715,定穎投控,10,0,10,元大-桃興,2024-11-26,9894
8105,凌巨,10,0,10,元大-桃興,2024-11-26,9894
3512,皇龍,10,0,10,元大-桃興,2024-11-26,9894
2801,彰銀,10,0,10,元大-桃興,2024-11-26,9894
4967,十銓,10,0,10,元大-桃興,2024-11-26,9894
2915,潤泰全,10,1,9,元大-桃興,2024-11-26,9894
1802,台玻,13,4,9,元大-桃興,2024-11-26,9894
00637L,元大滬深300正2,385,376,9,元大-桃興,2024-11-26,9894
6116,彩晶,10,2,8,元大-桃興,2024-11-26,9894
2069,運錩,8,0,8,元大-桃興,2024-11-26,9894
4956,光鋐,12,4,8,元大-桃興,2024-11-26,9894
8171,天宇,10,2,8,元大-桃興,2024-11-26,9894
6962,ITH-KY,8,0,8,元大-桃興,2024-11-26,9894
5371,中光電,22,15,7,元大-桃興,2024-11-26,9894
0056,元大高股息,7,0,7,元大-桃興,2024-11-26,9894
3003,健和興,7,0,7,元大-桃興,2024-11-26,9894
2449,京元電子,10,4,6,元大-桃興,2024-11-26,9894
9941,裕融,6,0,6,元大-桃興,2024-11-26,9894
00919,群益台灣精選高息,217,30,187,元大-桃興,2024-11-27,9894
0056,元大高股息,198,15,183,元大-桃興,2024-11-27,9894
00940,元大台灣價值高息,140,1,139,元大-桃興,2024-11-27,9894
00878,國泰永續高股息,147,35,112,元大-桃興,2024-11-27,9894
2834,臺企銀,108,6,102,元大-桃興,2024-11-27,9894
00929,復華台灣科技優息,73,1,72,元大-桃興,2024-11-27,9894
2609,陽明,157,88,69,元大-桃興,2024-11-27,9894
3231,緯創,112,49,63,元大-桃興,2024-11-27,9894
2002,中鋼,44,1,43,元大-桃興,2024-11-27,9894
9105,泰金寶-DR,162,120,42,元大-桃興,2024-11-27,9894
00930,永豐ESG低碳高息,41,0,41,元大-桃興,2024-11-27,9894
3706,神達,200,163,37,元大-桃興,2024-11-27,9894
2607,榮運,84,50,34,元大-桃興,2024-11-27,9894
1536,和大,76,44,32,元大-桃興,2024-11-27,9894
2303,聯電,34,2,32,元大-桃興,2024-11-27,9894
2392,正崴,84,53,31,元大-桃興,2024-11-27,9894
00915,凱基優選高股息30,31,1,30,元大-桃興,2024-11-27,9894
2605,新興,30,1,29,元大-桃興,2024-11-27,9894
00918,大華優利高填息30,47,20,27,元大-桃興,2024-11-27,9894
2603,長榮,40,14,26,元大-桃興,2024-11-27,9894
2027,大成鋼,31,5,26,元大-桃興,2024-11-27,9894
3037,欣興,26,2,24,元大-桃興,2024-11-27,9894
2317,鴻海,101,79,22,元大-桃興,2024-11-27,9894
6173,信昌電,23,1,22,元大-桃興,2024-11-27,9894
00679B,元大美債20年,31,9,22,元大-桃興,2024-11-27,9894
2330,台積電,24,3,21,元大-桃興,2024-11-27,9894
2637,慧洋-KY,21,0,21,元大-桃興,2024-11-27,9894
2323,中環,20,0,20,元大-桃興,2024-11-27,9894
00637L,元大滬深300正2,41,22,19,元大-桃興,2024-11-27,9894
4968,立積,21,2,19,元大-桃興,2024-11-27,9894
0050,元大台灣50,19,2,17,元大-桃興,2024-11-27,9894
911868,同方友友-DR,17,0,17,元大-桃興,2024-11-27,9894
00715L,期街口布蘭特正2,16,0,16,元大-桃興,2024-11-27,9894
2382,廣達,16,1,15,元大-桃興,2024-11-27,9894
3141,晶宏,15,0,15,元大-桃興,2024-11-27,9894
2915,潤泰全,15,0,15,元大-桃興,2024-11-27,9894
3019,亞光,19,5,14,元大-桃興,2024-11-27,9894
2367,燿華,24,10,14,元大-桃興,2024-11-27,9894
00935,野村臺灣新科技50,13,0,13,元大-桃興,2024-11-27,9894
3049,精金,21,8,13,元大-桃興,2024-11-27,9894
5356,協益,13,0,13,元大-桃興,2024-11-27,9894
2421,建準,15,2,13,元大-桃興,2024-11-27,9894
3260,威剛,15,2,13,元大-桃興,2024-11-27,9894
3047,訊舟,13,0,13,元大-桃興,2024-11-27,9894
3339,泰谷,13,0,13,元大-桃興,2024-11-27,9894
00932,兆豐永續高息等權,13,0,13,元大-桃興,2024-11-27,9894
4526,東台,21,9,12,元大-桃興,2024-11-27,9894
006208,富邦台50,13,1,12,元大-桃興,2024-11-27,9894
3013,晟銘電,13,2,11,元大-桃興,2024-11-27,9894
00953B,群益優選非投等債,11,0,11,元大-桃興,2024-11-27,9894
00919,群益台灣精選高息,285,0,285,元大-桃興,2024-11-28,9894
00878,國泰永續高股息,201,21,180,元大-桃興,2024-11-28,9894
4991,環宇-KY,105,1,104,元大-桃興,2024-11-28,9894
00940,元大台灣價值高息,113,34,79,元大-桃興,2024-11-28,9894
00929,復華台灣科技優息,84,7,77,元大-桃興,2024-11-28,9894
00959B,大華投等美債15Y+,70,0,70,元大-桃興,2024-11-28,9894
2312,金寶,149,82,67,元大-桃興,2024-11-28,9894
1815,富喬,135,68,67,元大-桃興,2024-11-28,9894
0056,元大高股息,88,25,63,元大-桃興,2024-11-28,9894
2344,華邦電,68,8,60,元大-桃興,2024-11-28,9894
00715L,期街口布蘭特正2,68,12,56,元大-桃興,2024-11-28,9894
00664R,國泰臺灣加權反1,50,2,48,元大-桃興,2024-11-28,9894
9105,泰金寶-DR,75,37,38,元大-桃興,2024-11-28,9894
00887,永豐中國科技50大,35,1,34,元大-桃興,2024-11-28,9894
2419,仲琦,51,20,31,元大-桃興,2024-11-28,9894
2303,聯電,45,14,31,元大-桃興,2024-11-28,9894
3673,TPK-KY,40,10,30,元大-桃興,2024-11-28,9894
00637L,元大滬深300正2,26,0,26,元大-桃興,2024-11-28,9894
2371,大同,28,2,26,元大-桃興,2024-11-28,9894
3037,欣興,28,3,25,元大-桃興,2024-11-28,9894
3450,聯鈞,40,15,25,元大-桃興,2024-11-28,9894
00882,中信中國高股息,25,0,25,元大-桃興,2024-11-28,9894
1524,耿鼎,24,1,23,元大-桃興,2024-11-28,9894
5309,系統電,46,24,22,元大-桃興,2024-11-28,9894
4916,事欣科,36,14,22,元大-桃興,2024-11-28,9894
00918,大華優利高填息30,23,1,22,元大-桃興,2024-11-28,9894
2323,中環,20,0,20,元大-桃興,2024-11-28,9894
5244,弘凱,28,9,19,元大-桃興,2024-11-28,9894
3014,聯陽,20,1,19,元大-桃興,2024-11-28,9894
00946,群益科技高息成長,18,0,18,元大-桃興,2024-11-28,9894
6558,興能高,31,13,18,元大-桃興,2024-11-28,9894
1802,台玻,20,2,18,元大-桃興,2024-11-28,9894
1531,高林股,17,0,17,元大-桃興,2024-11-28,9894
2603,長榮,20,5,15,元大-桃興,2024-11-28,9894
2646,星宇航空,15,1,14,元大-桃興,2024-11-28,9894
2317,鴻海,38,25,13,元大-桃興,2024-11-28,9894
6962,ITH-KY,13,0,13,元大-桃興,2024-11-28,9894
1582,信錦,13,0,13,元大-桃興,2024-11-28,9894
1536,和大,35,23,12,元大-桃興,2024-11-28,9894
00950B,凱基A級公司債,12,0,12,元大-桃興,2024-11-28,9894
00713,元大台灣高息低波,13,1,12,元大-桃興,2024-11-28,9894
2543,皇昌,12,1,11,元大-桃興,2024-11-28,9894
006208,富邦台50,14,3,11,元大-桃興,2024-11-28,9894
2615,萬海,73,63,10,元大-桃興,2024-11-28,9894
00675L,富邦臺灣加權正2,10,0,10,元大-桃興,2024-11-28,9894
2332,友訊,92,82,10,元大-桃興,2024-11-28,9894
2607,榮運,10,0,10,元大-桃興,2024-11-28,9894
4167,松瑞藥,10,0,10,元大-桃興,2024-11-28,9894
2405,輔信,10,0,10,元大-桃興,2024-11-28,9894
2340,台亞,10,0,10,元大-桃興,2024-11-28,9894
00919,群益台灣精選高息,188,114,74,元大-桃興,2024-11-29,9894
00882,中信中國高股息,60,0,60,元大-桃興,2024-11-29,9894
2349,錸德,61,7,54,元大-桃興,2024-11-29,9894
00878,國泰永續高股息,77,32,45,元大-桃興,2024-11-29,9894
2303,聯電,50,9,41,元大-桃興,2024-11-29,9894
00887,永豐中國科技50大,40,7,33,元大-桃興,2024-11-29,9894
2356,英業達,35,5,30,元大-桃興,2024-11-29,9894
5880,合庫金,27,4,23,元大-桃興,2024-11-29,9894
4979,華星光,57,34,23,元大-桃興,2024-11-29,9894
00918,大華優利高填息30,23,1,22,元大-桃興,2024-11-29,9894
2344,華邦電,22,2,20,元大-桃興,2024-11-29,9894
2891,中信金,33,14,19,元大-桃興,2024-11-29,9894
2392,正崴,47,28,19,元大-桃興,2024-11-29,9894
3706,神達,338,320,18,元大-桃興,2024-11-29,9894
4916,事欣科,21,4,17,元大-桃興,2024-11-29,9894
2618,長榮航,17,1,16,元大-桃興,2024-11-29,9894
2881,富邦金,16,0,16,元大-桃興,2024-11-29,9894
6530,創威,32,16,16,元大-桃興,2024-11-29,9894
00632R,元大台灣50反1,70,56,14,元大-桃興,2024-11-29,9894
3231,緯創,18,5,13,元大-桃興,2024-11-29,9894
2543,皇昌,12,0,12,元大-桃興,2024-11-29,9894
00713,元大台灣高息低波,15,3,12,元大-桃興,2024-11-29,9894
2615,萬海,60,49,11,元大-桃興,2024-11-29,9894
6139,亞翔,11,0,11,元大-桃興,2024-11-29,9894
3010,華立,11,0,11,元大-桃興,2024-11-29,9894
2353,宏��,10,0,10,元大-桃興,2024-11-29,9894
2002,中鋼,10,0,10,元大-桃興,2024-11-29,9894
2451,創見,10,0,10,元大-桃興,2024-11-29,9894
00953B,群益優選非投等債,10,0,10,元大-桃興,2024-11-29,9894
2402,毅嘉,10,0,10,元大-桃興,2024-11-29,9894
1717,長興,10,0,10,元大-桃興,2024-11-29,9894
2637,慧洋-KY,10,0,10,元大-桃興,2024-11-29,9894
00888,永豐台灣ESG,10,0,10,元大-桃興,2024-11-29,9894
6576,逸達,10,0,10,元大-桃興,2024-11-29,9894
1584,精剛,10,1,9,元大-桃興,2024-11-29,9894
2607,榮運,9,0,9,元大-桃興,2024-11-29,9894
2834,臺企銀,9,0,9,元大-桃興,2024-11-29,9894
3673,TPK-KY,8,0,8,元大-桃興,2024-11-29,9894
2426,鼎元,12,4,8,元大-桃興,2024-11-29,9894
8163,達方,19,11,8,元大-桃興,2024-11-29,9894
2204,中華,7,0,7,元大-桃興,2024-11-29,9894
3419,譁裕,7,0,7,元大-桃興,2024-11-29,9894
2330,台積電,15,8,7,元大-桃興,2024-11-29,9894
6189,豐藝,6,0,6,元大-桃興,2024-11-29,9894
00680L,元大美債20正2,17,11,6,元大-桃興,2024-11-29,9894
00959B,大華投等美債15Y+,6,0,6,元大-桃興,2024-11-29,9894
8240,華宏,6,0,6,元大-桃興,2024-11-29,9894
2211,長榮鋼,6,1,5,元大-桃興,2024-11-29,9894
4147,中裕,5,0,5,元大-桃興,2024-11-29,9894
4931,新盛力,8,3,5,元大-桃興,2024-11-29,9894
00632R,元大台灣50反1,123,10,113,元大-桃興,2024-12-02,9894
00878,國泰永續高股息,91,15,76,元大-桃興,2024-12-02,9894
2303,聯電,106,36,70,元大-桃興,2024-12-02,9894
00687B,國泰20年美債,99,31,68,元大-桃興,2024-12-02,9894
00953B,群益優選非投等債,50,0,50,元大-桃興,2024-12-02,9894
00664R,國泰臺灣加權反1,50,0,50,元大-桃興,2024-12-02,9894
00637L,元大滬深300正2,478,430,48,元大-桃興,2024-12-02,9894
00650L,復華香港正2,70,30,40,元大-桃興,2024-12-02,9894
2356,英業達,39,1,38,元大-桃興,2024-12-02,9894
2609,陽明,69,37,32,元大-桃興,2024-12-02,9894
2426,鼎元,32,0,32,元大-桃興,2024-12-02,9894
2390,云辰,30,0,30,元大-桃興,2024-12-02,9894
5244,弘凱,82,52,30,元大-桃興,2024-12-02,9894
00918,大華優利高填息30,33,8,25,元大-桃興,2024-12-02,9894
4916,事欣科,25,2,23,元大-桃興,2024-12-02,9894
00740B,富邦全球投等債,21,0,21,元大-桃興,2024-12-02,9894
2317,鴻海,34,14,20,元大-桃興,2024-12-02,9894
5876,上海商銀,20,0,20,元大-桃興,2024-12-02,9894
9945,潤泰新,20,0,20,元大-桃興,2024-12-02,9894
3037,欣興,21,1,20,元大-桃興,2024-12-02,9894
00919,群益台灣精選高息,83,64,19,元大-桃興,2024-12-02,9894
0056,元大高股息,25,8,17,元大-桃興,2024-12-02,9894
1528,恩德,18,1,17,元大-桃興,2024-12-02,9894
2603,長榮,19,3,16,元大-桃興,2024-12-02,9894
2495,普安,25,10,15,元大-桃興,2024-12-02,9894
2312,金寶,38,23,15,元大-桃興,2024-12-02,9894
2002,中鋼,15,1,14,元大-桃興,2024-12-02,9894
2337,旺宏,15,0,15,元大-桃興,2024-12-02,9894
1326,台化,14,0,14,元大-桃興,2024-12-02,9894
1605,華新,37,23,14,元大-桃興,2024-12-02,9894
2354,鴻準,29,17,12,元大-桃興,2024-12-02,9894
3062,建漢,15,3,12,元大-桃興,2024-12-02,9894
4510,高鋒,49,37,12,元大-桃興,2024-12-02,9894
9904,寶成,15,3,12,元大-桃興,2024-12-02,9894
1536,和大,46,35,11,元大-桃興,2024-12-02,9894
00642U,期元大S＆P石油,10,0,10,元大-桃興,2024-12-02,9894
00725B,國泰投資級公司債,10,0,10,元大-桃興,2024-12-02,9894
6122,擎邦,10,0,10,元大-桃興,2024-12-02,9894
1215,卜蜂,11,1,10,元大-桃興,2024-12-02,9894
4933,友輝,10,0,10,元大-桃興,2024-12-02,9894
2431,聯昌,10,0,10,元大-桃興,2024-12-02,9894
2455,全新,19,9,10,元大-桃興,2024-12-02,9894
3481,群創,9,0,9,元大-桃興,2024-12-02,9894
3234,光環,16,7,9,元大-桃興,2024-12-02,9894
00715L,期街口布蘭特正2,10,1,9,元大-桃興,2024-12-02,9894
5907,大洋-KY,9,1,8,元大-桃興,2024-12-02,9894
2302,麗正,9,1,8,元大-桃興,2024-12-02,9894
3591,艾笛森,12,4,8,元大-桃興,2024-12-02,9894
3013,晟銘電,11,3,8,元大-桃興,2024-12-02,9894
2429,銘旺科,7,0,7,元大-桃興,2024-12-02,9894
00919,群益台灣精選高息,347,43,304,元大-桃興,2024-12-03,9894
2367,燿華,121,1,120,元大-桃興,2024-12-03,9894
00632R,元大台灣50反1,81,0,81,元大-桃興,2024-12-03,9894
00959B,大華投等美債15Y+,80,0,80,元大-桃興,2024-12-03,9894
00915,凱基優選高股息30,59,9,50,元大-桃興,2024-12-03,9894
1449,佳和,58,9,49,元大-桃興,2024-12-03,9894
4991,環宇-KY,89,41,48,元大-桃興,2024-12-03,9894
4303,信立,77,34,43,元大-桃興,2024-12-03,9894
6558,興能高,51,9,42,元大-桃興,2024-12-03,9894
2317,鴻海,46,12,34,元大-桃興,2024-12-03,9894
00719B,元大美債1-3,30,0,30,元大-桃興,2024-12-03,9894
3625,西勝,30,0,30,元大-桃興,2024-12-03,9894
00706L,期元大S＆P日圓正2,30,0,30,元大-桃興,2024-12-03,9894
00905,FT臺灣Smart,30,0,30,元大-桃興,2024-12-03,9894
2603,長榮,51,22,29,元大-桃興,2024-12-03,9894
00946,群益科技高息成長,28,0,28,元大-桃興,2024-12-03,9894
2392,正崴,36,14,22,元大-桃興,2024-12-03,9894
6175,立敦,23,2,21,元大-桃興,2024-12-03,9894
00945B,凱基美國非投等債,21,0,21,元大-桃興,2024-12-03,9894
1524,耿鼎,23,2,21,元大-桃興,2024-12-03,9894
00715L,期街口布蘭特正2,20,0,20,元大-桃興,2024-12-03,9894
2883B,凱基金乙特,20,0,20,元大-桃興,2024-12-03,9894
4532,瑞智,20,0,20,元大-桃興,2024-12-03,9894
5309,系統電,39,21,18,元大-桃興,2024-12-03,9894
00878,國泰永續高股息,44,29,15,元大-桃興,2024-12-03,9894
2002,中鋼,16,1,15,元大-桃興,2024-12-03,9894
00918,大華優利高填息30,16,1,15,元大-桃興,2024-12-03,9894
00960,野村全球航運龍頭,15,0,15,元大-桃興,2024-12-03,9894
2820,華票,13,0,13,元大-桃興,2024-12-03,9894
2633,台灣高鐵,13,0,13,元大-桃興,2024-12-03,9894
3703,欣陸,13,0,13,元大-桃興,2024-12-03,9894
4903,聯光通,12,0,12,元大-桃興,2024-12-03,9894
4915,致伸,11,0,11,元大-桃興,2024-12-03,9894
3466,德晉,13,2,11,元大-桃興,2024-12-03,9894
2354,鴻準,21,11,10,元大-桃興,2024-12-03,9894
1528,恩德,10,0,10,元大-桃興,2024-12-03,9894
3338,泰碩,17,7,10,元大-桃興,2024-12-03,9894
3555,博士旺,10,0,10,元大-桃興,2024-12-03,9894
2233,宇隆,11,1,10,元大-桃興,2024-12-03,9894
3211,順達,20,11,9,元大-桃興,2024-12-03,9894
8042,金山電,17,8,9,元大-桃興,2024-12-03,9894
9933,中鼎,9,0,9,元大-桃興,2024-12-03,9894
00953B,群益優選非投等債,109,100,9,元大-桃興,2024-12-03,9894
2731,雄獅,10,1,9,元大-桃興,2024-12-03,9894
4968,立積,12,3,9,元大-桃興,2024-12-03,9894
8401,白紗科,8,0,8,元大-桃興,2024-12-03,9894
3419,譁裕,10,2,8,元大-桃興,2024-12-03,9894
4729,熒茂,8,0,8,元大-桃興,2024-12-03,9894
2312,金寶,25,17,8,元大-桃興,2024-12-03,9894
1815,富喬,19,11,8,元大-桃興,2024-12-03,9894
00918,大華優利高填息30,198,1,197,元大-桃興,2024-12-04,9894
2610,華航,119,22,97,元大-桃興,2024-12-04,9894
2337,旺宏,72,20,52,元大-桃興,2024-12-04,9894
00915,凱基優選高股息30,45,7,38,元大-桃興,2024-12-04,9894
1605,華新,38,1,37,元大-桃興,2024-12-04,9894
6770,力積電,40,4,36,元大-桃興,2024-12-04,9894
00960,野村全球航運龍頭,35,0,35,元大-桃興,2024-12-04,9894
2637,慧洋-KY,30,0,30,元大-桃興,2024-12-04,9894
00637L,元大滬深300正2,116,90,26,元大-桃興,2024-12-04,9894
00959B,大華投等美債15Y+,31,5,26,元大-桃興,2024-12-04,9894
00688L,國泰20年美債正2,25,0,25,元大-桃興,2024-12-04,9894
3702,大聯大,24,0,24,元大-桃興,2024-12-04,9894
2889,國票金,21,0,21,元大-桃興,2024-12-04,9894
2408,南亞科,20,0,20,元大-桃興,2024-12-04,9894
00706L,期元大S＆P日圓正2,20,0,20,元大-桃興,2024-12-04,9894
00712,復華富時不動產,24,4,20,元大-桃興,2024-12-04,9894
2062,橋椿,22,3,19,元大-桃興,2024-12-04,9894
1303,南亞,19,0,19,元大-桃興,2024-12-04,9894
4162,智擎,18,0,18,元大-桃興,2024-12-04,9894
00907,永豐優息存股,18,1,17,元大-桃興,2024-12-04,9894
2419,仲琦,17,2,15,元大-桃興,2024-12-04,9894
3715,定穎投控,18,4,14,元大-桃興,2024-12-04,9894
2495,普安,13,0,13,元大-桃興,2024-12-04,9894
3380,明泰,42,29,13,元大-桃興,2024-12-04,9894
2354,鴻準,21,8,13,元大-桃興,2024-12-04,9894
8121,越峰,12,0,12,元大-桃興,2024-12-04,9894
2344,華邦電,18,7,11,元大-桃興,2024-12-04,9894
8374,羅昇,18,7,11,元大-桃興,2024-12-04,9894
3260,威剛,13,2,11,元大-桃興,2024-12-04,9894
9933,中鼎,11,0,11,元大-桃興,2024-12-04,9894
0056,元大高股息,14,3,11,元大-桃興,2024-12-04,9894
4906,正文,11,1,10,元大-桃興,2024-12-04,9894
1522,堤維西,12,2,10,元大-桃興,2024-12-04,9894
6668,中揚光,10,0,10,元大-桃興,2024-12-04,9894
00687B,國泰20年美債,10,0,10,元大-桃興,2024-12-04,9894
00740B,富邦全球投等債,10,0,10,元大-桃興,2024-12-04,9894
1718,中纖,10,0,10,元大-桃興,2024-12-04,9894
3230,錦明,10,0,10,元大-桃興,2024-12-04,9894
3593,力銘,10,0,10,元大-桃興,2024-12-04,9894
2605,新興,11,1,10,元大-桃興,2024-12-04,9894
3202,樺晟,10,0,10,元大-桃興,2024-12-04,9894
1477,聚陽,9,0,9,元大-桃興,2024-12-04,9894
2399,映泰,9,0,9,元大-桃興,2024-12-04,9894
3050,鈺德,9,0,9,元大-桃興,2024-12-04,9894
5484,慧友,10,1,9,元大-桃興,2024-12-04,9894
2405,輔信,15,6,9,元大-桃興,2024-12-04,9894
4903,聯光通,12,3,9,元大-桃興,2024-12-04,9894
2356,英業達,20,11,9,元大-桃興,2024-12-04,9894
3712,永崴投控,10,2,8,元大-桃興,2024-12-04,9894
2883,凱基金,12,4,8,元大-桃興,2024-12-04,9894
00919,群益台灣精選高息,157,25,132,元大-桃興,2024-12-05,9894
00715L,期街口布蘭特正2,104,0,104,元大-桃興,2024-12-05,9894
00918,大華優利高填息30,93,4,89,元大-桃興,2024-12-05,9894
00878,國泰永續高股息,83,5,78,元大-桃興,2024-12-05,9894
1815,富喬,159,98,61,元大-桃興,2024-12-05,9894
6770,力積電,74,17,57,元大-桃興,2024-12-05,9894
4931,新盛力,84,41,43,元大-桃興,2024-12-05,9894
2317,鴻海,42,6,36,元大-桃興,2024-12-05,9894
8111,立��,38,6,32,元大-桃興,2024-12-05,9894
00712,復華富時不動產,31,0,31,元大-桃興,2024-12-05,9894
2883B,凱基金乙特,30,0,30,元大-桃興,2024-12-05,9894
3481,群創,34,5,29,元大-桃興,2024-12-05,9894
1471,首利,22,0,22,元大-桃興,2024-12-05,9894
8171,天宇,29,7,22,元大-桃興,2024-12-05,9894
3090,日電貿,55,33,22,元大-桃興,2024-12-05,9894
8070,長華*,21,0,21,元大-桃興,2024-12-05,9894
2349,錸德,25,5,20,元大-桃興,2024-12-05,9894
2303,聯電,21,1,20,元大-桃興,2024-12-05,9894
0056,元大高股息,17,1,16,元大-桃興,2024-12-05,9894
5328,華容,38,22,16,元大-桃興,2024-12-05,9894
3323,加百裕,53,37,16,元大-桃興,2024-12-05,9894
2427,三商電,17,1,16,元大-桃興,2024-12-05,9894
6788,華景電,16,0,16,元大-桃興,2024-12-05,9894
6111,大宇資,15,0,15,元大-桃興,2024-12-05,9894
1326,台化,14,0,14,元大-桃興,2024-12-05,9894
1303,南亞,18,5,13,元大-桃興,2024-12-05,9894
9933,中鼎,13,0,13,元大-桃興,2024-12-05,9894
2353,宏��,13,0,13,元大-桃興,2024-12-05,9894
5309,系統電,23,11,12,元大-桃興,2024-12-05,9894
1301,台塑,13,1,12,元大-桃興,2024-12-05,9894
8086,宏捷科,12,0,12,元大-桃興,2024-12-05,9894
3419,譁裕,12,0,12,元大-桃興,2024-12-05,9894
3003,健和興,22,10,12,元大-桃興,2024-12-05,9894
8089,康全電訊,20,8,12,元大-桃興,2024-12-05,9894
1524,耿鼎,13,1,12,元大-桃興,2024-12-05,9894
2476,鉅祥,11,0,11,元大-桃興,2024-12-05,9894
3576,聯合再生,11,0,11,元大-桃興,2024-12-05,9894
1101,台泥,13,2,11,元大-桃興,2024-12-05,9894
3450,聯鈞,25,15,10,元大-桃興,2024-12-05,9894
2609,陽明,30,20,10,元大-桃興,2024-12-05,9894
00905,FT臺灣Smart,10,0,10,元大-桃興,2024-12-05,9894
6138,茂達,10,0,10,元大-桃興,2024-12-05,9894
1802,台玻,11,1,10,元大-桃興,2024-12-05,9894
2495,普安,9,0,9,元大-桃興,2024-12-05,9894
4906,正文,10,1,9,元大-桃興,2024-12-05,9894
2543,皇昌,9,0,9,元大-桃興,2024-12-05,9894
8401,白紗科,8,0,8,元大-桃興,2024-12-05,9894
2444,兆勁,8,0,8,元大-桃興,2024-12-05,9894
2367,燿華,10,2,8,元大-桃興,2024-12-05,9894
6194,育富,8,0,8,元大-桃興,2024-12-05,9894
00715L,期街口布蘭特正2,354,17,337,元大-桃興,2024-12-06,9894
00919,群益台灣精選高息,201,40,161,元大-桃興,2024-12-06,9894
00953B,群益優選非投等債,157,0,157,元大-桃興,2024-12-06,9894
3706,神達,265,162,103,元大-桃興,2024-12-06,9894
2344,華邦電,112,27,85,元大-桃興,2024-12-06,9894
3202,樺晟,56,0,56,元大-桃興,2024-12-06,9894
00753L,中信中國50正2,60,15,45,元大-桃興,2024-12-06,9894
6770,力積電,41,1,40,元大-桃興,2024-12-06,9894
2427,三商電,35,5,30,元大-桃興,2024-12-06,9894
1605,華新,53,30,23,元大-桃興,2024-12-06,9894
9105,泰金寶-DR,34,12,22,元大-桃興,2024-12-06,9894
00915,凱基優選高股息30,26,5,21,元大-桃興,2024-12-06,9894
5864,致和證,21,0,21,元大-桃興,2024-12-06,9894
2069,運錩,19,0,19,元大-桃興,2024-12-06,9894
00687B,國泰20年美債,20,2,18,元大-桃興,2024-12-06,9894
2317,鴻海,41,24,17,元大-桃興,2024-12-06,9894
00965,元大航太防衛科技,18,2,16,元大-桃興,2024-12-06,9894
6757,台灣虎航,16,1,15,元大-桃興,2024-12-06,9894
9933,中鼎,15,0,15,元大-桃興,2024-12-06,9894
2399,映泰,44,30,14,元大-桃興,2024-12-06,9894
2605,新興,17,3,14,元大-桃興,2024-12-06,9894
00909,國泰數位支付服務,13,0,13,元大-桃興,2024-12-06,9894
00962,台新AI優息動能,23,10,13,元大-桃興,2024-12-06,9894
8028,昇陽半導體,17,4,13,元大-桃興,2024-12-06,9894
9938,百和,12,0,12,元大-桃興,2024-12-06,9894
2486,一詮,16,5,11,元大-桃興,2024-12-06,9894
2375,凱美,17,6,11,元大-桃興,2024-12-06,9894
4952,凌通,14,3,11,元大-桃興,2024-12-06,9894
4956,光鋐,15,4,11,元大-桃興,2024-12-06,9894
2607,榮運,11,0,11,元大-桃興,2024-12-06,9894
6901,鑽石投資,10,0,10,元大-桃興,2024-12-06,9894
6257,矽格,10,0,10,元大-桃興,2024-12-06,9894
3419,譁裕,10,0,10,元大-桃興,2024-12-06,9894
00740B,富邦全球投等債,10,0,10,元大-桃興,2024-12-06,9894
4953,緯軟,12,2,10,元大-桃興,2024-12-06,9894
8069,元太,11,2,9,元大-桃興,2024-12-06,9894
2363,矽統,11,2,9,元大-桃興,2024-12-06,9894
4562,穎漢,14,5,9,元大-桃興,2024-12-06,9894
00959B,大華投等美債15Y+,9,0,9,元大-桃興,2024-12-06,9894
5328,華容,12,3,9,元大-桃興,2024-12-06,9894
9802,鈺齊-KY,10,1,9,元大-桃興,2024-12-06,9894
3167,大量,11,3,8,元大-桃興,2024-12-06,9894
4743,合一,13,5,8,元大-桃興,2024-12-06,9894
4174,浩鼎,8,0,8,元大-桃興,2024-12-06,9894
3090,日電貿,11,3,8,元大-桃興,2024-12-06,9894
2367,燿華,13,5,8,元大-桃興,2024-12-06,9894
3527,聚積,8,0,8,元大-桃興,2024-12-06,9894
3024,憶聲,8,0,8,元大-桃興,2024-12-06,9894
3019,亞光,11,3,8,元大-桃興,2024-12-06,9894
1303,南亞,14,7,7,元大-桃興,2024-12-06,9894
00664R,國泰臺灣加權反1,1805,0,1805,元大-桃興,2024-12-09,9894
00953B,群益優選非投等債,314,0,314,元大-桃興,2024-12-09,9894
00637L,元大滬深300正2,428,125,303,元大-桃興,2024-12-09,9894
00967B,元大優息美債,100,0,100,元大-桃興,2024-12-09,9894
00715L,期街口布蘭特正2,76,5,71,元大-桃興,2024-12-09,9894
00918,大華優利高填息30,73,11,62,元大-桃興,2024-12-09,9894
2303,聯電,89,27,62,元大-桃興,2024-12-09,9894
2317,鴻海,57,1,56,元大-桃興,2024-12-09,9894
2607,榮運,52,1,51,元大-桃興,2024-12-09,9894
6770,力積電,45,0,45,元大-桃興,2024-12-09,9894
2468,華經,44,0,44,元大-桃興,2024-12-09,9894
2610,華航,69,25,44,元大-桃興,2024-12-09,9894
3029,零壹,71,37,34,元大-桃興,2024-12-09,9894
2349,錸德,30,2,28,元大-桃興,2024-12-09,9894
2615,萬海,107,81,26,元大-桃興,2024-12-09,9894
3706,神達,63,41,22,元大-桃興,2024-12-09,9894
2449,京元電子,20,1,19,元大-桃興,2024-12-09,9894
00962,台新AI優息動能,18,0,18,元大-桃興,2024-12-09,9894
2354,鴻準,67,51,16,元大-桃興,2024-12-09,9894
1301,台塑,23,6,17,元大-桃興,2024-12-09,9894
3037,欣興,17,1,16,元大-桃興,2024-12-09,9894
00915,凱基優選高股息30,23,7,16,元大-桃興,2024-12-09,9894
3498,陽程,15,0,15,元大-桃興,2024-12-09,9894
6274,台燿,16,1,15,元大-桃興,2024-12-09,9894
00665L,富邦�琤肭磪囓�2,15,0,15,元大-桃興,2024-12-09,9894
4906,正文,15,0,15,元大-桃興,2024-12-09,9894
3013,晟銘電,17,2,15,元大-桃興,2024-12-09,9894
00878,國泰永續高股息,25,11,14,元大-桃興,2024-12-09,9894
2374,佳能,24,10,14,元大-桃興,2024-12-09,9894
4729,熒茂,16,2,14,元大-桃興,2024-12-09,9894
2891,中信金,15,1,14,元大-桃興,2024-12-09,9894
8261,富鼎,25,12,13,元大-桃興,2024-12-09,9894
2352,佳世達,12,0,12,元大-桃興,2024-12-09,9894
00713,元大台灣高息低波,13,2,11,元大-桃興,2024-12-09,9894
3607,谷崧,22,11,11,元大-桃興,2024-12-09,9894
6505,台塑化,10,0,10,元大-桃興,2024-12-09,9894
6689,伊雲谷,20,10,10,元大-桃興,2024-12-09,9894
2328,廣宇,10,0,10,元大-桃興,2024-12-09,9894
5328,華容,10,0,10,元大-桃興,2024-12-09,9894
1303,南亞,12,2,10,元大-桃興,2024-12-09,9894
3167,大量,10,0,10,元大-桃興,2024-12-09,9894
6165,浪凡,9,0,9,元大-桃興,2024-12-09,9894
2337,旺宏,15,6,9,元大-桃興,2024-12-09,9894
3062,建漢,8,0,8,元大-桃興,2024-12-09,9894
5457,宣德,8,0,8,元大-桃興,2024-12-09,9894
6530,創威,11,3,8,元大-桃興,2024-12-09,9894
3580,友威科,8,0,8,元大-桃興,2024-12-09,9894
00900,富邦特選高股息30,8,0,8,元大-桃興,2024-12-09,9894
6112,邁達特,8,1,7,元大-桃興,2024-12-09,9894
2348,海悅,8,1,7,元大-桃興,2024-12-09,9894
00968B,元大優息投等債,304,10,294,元大-桃興,2024-12-10,9894
00967B,元大優息美債,200,0,200,元大-桃興,2024-12-10,9894
00918,大華優利高填息30,94,0,94,元大-桃興,2024-12-10,9894
00715L,期街口布蘭特正2,71,4,67,元大-桃興,2024-12-10,9894
3706,神達,225,173,52,元大-桃興,2024-12-10,9894
1220,台榮,52,3,49,元大-桃興,2024-12-10,9894
1449,佳和,59,15,44,元大-桃興,2024-12-10,9894
9105,泰金寶-DR,66,30,36,元大-桃興,2024-12-10,9894
00945B,凱基美國非投等債,32,0,32,元大-桃興,2024-12-10,9894
0056,元大高股息,37,7,30,元大-桃興,2024-12-10,9894
00919,群益台灣精選高息,47,23,24,元大-桃興,2024-12-10,9894
00878,國泰永續高股息,32,8,24,元大-桃興,2024-12-10,9894
2609,陽明,109,89,20,元大-桃興,2024-12-10,9894
2312,金寶,27,7,20,元大-桃興,2024-12-10,9894
2323,中環,20,0,20,元大-桃興,2024-12-10,9894
00953B,群益優選非投等債,20,0,20,元大-桃興,2024-12-10,9894
00965,元大航太防衛科技,18,0,18,元大-桃興,2024-12-10,9894
5439,高技,17,0,17,元大-桃興,2024-12-10,9894
00922,國泰台灣領袖50,17,0,17,元大-桃興,2024-12-10,9894
2317,鴻海,37,22,15,元大-桃興,2024-12-10,9894
2303,聯電,17,2,15,元大-桃興,2024-12-10,9894
3607,谷崧,20,5,15,元大-桃興,2024-12-10,9894
00907,永豐優息存股,15,0,15,元大-桃興,2024-12-10,9894
2354,鴻準,47,34,13,元大-桃興,2024-12-10,9894
2618,長榮航,18,5,13,元大-桃興,2024-12-10,9894
2543,皇昌,13,0,13,元大-桃興,2024-12-10,9894
6451,訊芯-KY,18,5,13,元大-桃興,2024-12-10,9894
3211,順達,26,13,13,元大-桃興,2024-12-10,9894
2449,京元電子,20,7,13,元大-桃興,2024-12-10,9894
8404,百和興業-KY,12,0,12,元大-桃興,2024-12-10,9894
00655L,國泰中國A50正2,12,0,12,元大-桃興,2024-12-10,9894
1802,台玻,23,11,12,元大-桃興,2024-12-10,9894
3025,星通,15,3,12,元大-桃興,2024-12-10,9894
2353,宏��,26,15,11,元大-桃興,2024-12-10,9894
3499,環天科,11,0,11,元大-桃興,2024-12-10,9894
3024,憶聲,11,1,10,元大-桃興,2024-12-10,9894
00905,FT臺灣Smart,10,0,10,元大-桃興,2024-12-10,9894
2023,燁輝,10,0,10,元大-桃興,2024-12-10,9894
8110,華東,10,0,10,元大-桃興,2024-12-10,9894
00680L,元大美債20正2,10,0,10,元大-桃興,2024-12-10,9894
2363,矽統,83,73,10,元大-桃興,2024-12-10,9894
2408,南亞科,9,0,9,元大-桃興,2024-12-10,9894
9958,世紀鋼,9,0,9,元大-桃興,2024-12-10,9894
2421,建準,10,1,9,元大-桃興,2024-12-10,9894
2233,宇隆,10,1,9,元大-桃興,2024-12-10,9894
8044,網家,18,9,9,元大-桃興,2024-12-10,9894
2324,仁寶,18,9,9,元大-桃興,2024-12-10,9894
5202,力新,74,66,8,元大-桃興,2024-12-10,9894
5309,系統電,9,1,8,元大-桃興,2024-12-10,9894
3484,崧騰,8,0,8,元大-桃興,2024-12-10,9894
00753L,中信中國50正2,458,60,398,元大-桃興,2024-12-11,9894
00637L,元大滬深300正2,187,0,187,元大-桃興,2024-12-11,9894
00918,大華優利高填息30,176,0,176,元大-桃興,2024-12-11,9894
00632R,元大台灣50反1,145,6,139,元大-桃興,2024-12-11,9894
9105,泰金寶-DR,84,7,77,元大-桃興,2024-12-11,9894
2317,鴻海,93,20,73,元大-桃興,2024-12-11,9894
00940,元大台灣價值高息,71,2,69,元大-桃興,2024-12-11,9894
2312,金寶,71,4,67,元大-桃興,2024-12-11,9894
2344,華邦電,66,4,62,元大-桃興,2024-12-11,9894
00919,群益台灣精選高息,113,61,52,元大-桃興,2024-12-11,9894
2303,聯電,31,1,30,元大-桃興,2024-12-11,9894
1517,利奇,30,0,30,元大-桃興,2024-12-11,9894
2883B,凱基金乙特,30,0,30,元大-桃興,2024-12-11,9894
2337,旺宏,30,1,29,元大-桃興,2024-12-11,9894
0056,元大高股息,32,5,27,元大-桃興,2024-12-11,9894
6770,力積電,49,23,26,元大-桃興,2024-12-11,9894
1605,華新,25,0,25,元大-桃興,2024-12-11,9894
00937B,群益ESG投等債20,27,4,23,元大-桃興,2024-12-11,9894
00967B,元大優息美債,23,0,23,元大-桃興,2024-12-11,9894
1449,佳和,32,9,23,元大-桃興,2024-12-11,9894
00959B,大華投等美債15Y+,20,0,20,元大-桃興,2024-12-11,9894
2323,中環,20,0,20,元大-桃興,2024-12-11,9894
1455,集盛,20,0,20,元大-桃興,2024-12-11,9894
00953B,群益優選非投等債,20,0,20,元大-桃興,2024-12-11,9894
2408,南亞科,21,3,18,元大-桃興,2024-12-11,9894
1524,耿鼎,21,3,18,元大-桃興,2024-12-11,9894
3024,憶聲,22,4,18,元大-桃興,2024-12-11,9894
00915,凱基優選高股息30,17,0,17,元大-桃興,2024-12-11,9894
3234,光環,17,1,16,元大-桃興,2024-12-11,9894
3231,緯創,24,9,15,元大-桃興,2024-12-11,9894
6901,鑽石投資,15,0,15,元大-桃興,2024-12-11,9894
00688L,國泰20年美債正2,15,0,15,元大-桃興,2024-12-11,9894
6274,台燿,36,21,15,元大-桃興,2024-12-11,9894
4729,熒茂,15,1,14,元大-桃興,2024-12-11,9894
3202,樺晟,24,10,14,元大-桃興,2024-12-11,9894
3260,威剛,15,1,14,元大-桃興,2024-12-11,9894
2615,萬海,46,33,13,元大-桃興,2024-12-11,9894
1336,台翰,13,0,13,元大-桃興,2024-12-11,9894
6558,興能高,73,60,13,元大-桃興,2024-12-11,9894
5347,世界,12,0,12,元大-桃興,2024-12-11,9894
2451,創見,12,0,12,元大-桃興,2024-12-11,9894
2031,新光鋼,12,0,12,元大-桃興,2024-12-11,9894
1569,濱川,15,3,12,元大-桃興,2024-12-11,9894
00665L,富邦�琤肭磪囓�2,12,0,12,元大-桃興,2024-12-11,9894
2002,中鋼,13,2,11,元大-桃興,2024-12-11,9894
2468,華經,11,0,11,元大-桃興,2024-12-11,9894
3706,神達,93,83,10,元大-桃興,2024-12-11,9894
8096,擎亞,11,1,10,元大-桃興,2024-12-11,9894
9933,中鼎,10,0,10,元大-桃興,2024-12-11,9894
00877,復華中國5G,10,0,10,元大-桃興,2024-12-11,9894
00918,大華優利高填息30,142,6,136,元大-桃興,2024-12-12,9894
00687B,國泰20年美債,71,2,69,元大-桃興,2024-12-12,9894
2834,臺企銀,67,3,64,元大-桃興,2024-12-12,9894
2607,榮運,60,0,60,元大-桃興,2024-12-12,9894
00937B,群益ESG投等債20,45,6,39,元大-桃興,2024-12-12,9894
00688L,國泰20年美債正2,38,0,38,元大-桃興,2024-12-12,9894
2332,友訊,45,9,36,元大-桃興,2024-12-12,9894
1301,台塑,35,2,33,元大-桃興,2024-12-12,9894
6788,華景電,35,4,31,元大-桃興,2024-12-12,9894
00680L,元大美債20正2,27,0,27,元大-桃興,2024-12-12,9894
2328,廣宇,40,14,26,元大-桃興,2024-12-12,9894
5202,力新,36,12,24,元大-桃興,2024-12-12,9894
00968B,元大優息投等債,23,0,23,元大-桃興,2024-12-12,9894
4729,熒茂,26,3,23,元大-桃興,2024-12-12,9894
2615,萬海,35,13,22,元大-桃興,2024-12-12,9894
00632R,元大台灣50反1,22,0,22,元大-桃興,2024-12-12,9894
2354,鴻準,59,38,21,元大-桃興,2024-12-12,9894
2390,云辰,20,0,20,元大-桃興,2024-12-12,9894
00933B,國泰10Y+金融債,20,0,20,元大-桃興,2024-12-12,9894
3576,聯合再生,20,0,20,元大-桃興,2024-12-12,9894
1815,富喬,40,21,19,元大-桃興,2024-12-12,9894
00679B,元大美債20年,19,0,19,元大-桃興,2024-12-12,9894
00637L,元大滬深300正2,94,75,19,元大-桃興,2024-12-12,9894
00665L,富邦�琤肭磪囓�2,117,100,17,元大-桃興,2024-12-12,9894
2317,鴻海,48,32,16,元大-桃興,2024-12-12,9894
2313,華通,55,40,15,元大-桃興,2024-12-12,9894
6770,力積電,44,29,15,元大-桃興,2024-12-12,9894
2609,陽明,116,102,14,元大-桃興,2024-12-12,9894
6757,台灣虎航,19,5,14,元大-桃興,2024-12-12,9894
1326,台化,15,1,14,元大-桃興,2024-12-12,9894
3032,偉訓,45,32,13,元大-桃興,2024-12-12,9894
4916,事欣科,20,8,12,元大-桃興,2024-12-12,9894
1609,大亞,13,1,12,元大-桃興,2024-12-12,9894
5438,東友,16,4,12,元大-桃興,2024-12-12,9894
4977,眾達-KY,21,9,12,元大-桃興,2024-12-12,9894
2468,華經,36,24,12,元大-桃興,2024-12-12,9894
3029,零壹,54,42,12,元大-桃興,2024-12-12,9894
4919,新唐,15,3,12,元大-桃興,2024-12-12,9894
3583,辛耘,11,0,11,元大-桃興,2024-12-12,9894
2399,映泰,14,3,11,元大-桃興,2024-12-12,9894
00857B,永豐20年美公債,11,0,11,元大-桃興,2024-12-12,9894
3234,光環,12,2,10,元大-桃興,2024-12-12,9894
00673R,期元大S＆P原油反1,10,0,10,元大-桃興,2024-12-12,9894
6116,彩晶,10,0,10,元大-桃興,2024-12-12,9894
4903,聯光通,10,0,10,元大-桃興,2024-12-12,9894
6180,橘子,10,0,10,元大-桃興,2024-12-12,9894
3594,磐儀,15,5,10,元大-桃興,2024-12-12,9894
1455,集盛,10,0,10,元大-桃興,2024-12-12,9894
6147,頎邦,10,0,10,元大-桃興,2024-12-12,9894
2605,新興,10,1,9,元大-桃興,2024-12-12,9894
00918,大華優利高填息30,174,0,174,元大-桃興,2024-12-13,9894
00953B,群益優選非投等債,142,3,139,元大-桃興,2024-12-13,9894
00959B,大華投等美債15Y+,122,0,122,元大-桃興,2024-12-13,9894
00919,群益台灣精選高息,92,3,89,元大-桃興,2024-12-13,9894
00753L,中信中國50正2,181,121,60,元大-桃興,2024-12-13,9894
3706,神達,120,62,58,元大-桃興,2024-12-13,9894
00687B,國泰20年美債,70,15,55,元大-桃興,2024-12-13,9894
00922,國泰台灣領袖50,50,0,50,元大-桃興,2024-12-13,9894
2317,鴻海,64,15,49,元大-桃興,2024-12-13,9894
00915,凱基優選高股息30,47,0,47,元大-桃興,2024-12-13,9894
3211,順達,55,13,42,元大-桃興,2024-12-13,9894
00938,凱基優選30,40,0,40,元大-桃興,2024-12-13,9894
2303,聯電,62,24,38,元大-桃興,2024-12-13,9894
2324,仁寶,47,10,37,元大-桃興,2024-12-13,9894
00940,元大台灣價值高息,40,3,37,元大-桃興,2024-12-13,9894
1605,華新,58,22,36,元大-桃興,2024-12-13,9894
0056,元大高股息,38,4,34,元大-桃興,2024-12-13,9894
00968B,元大優息投等債,34,0,34,元大-桃興,2024-12-13,9894
00878,國泰永續高股息,35,3,32,元大-桃興,2024-12-13,9894
1760,寶齡富錦,30,0,30,元大-桃興,2024-12-13,9894
1815,富喬,60,31,29,元大-桃興,2024-12-13,9894
2353,宏��,29,1,28,元大-桃興,2024-12-13,9894
5481,新華,30,2,28,元大-桃興,2024-12-13,9894
4991,環宇-KY,30,3,27,元大-桃興,2024-12-13,9894
00637L,元大滬深300正2,646,619,27,元大-桃興,2024-12-13,9894
2002,中鋼,40,14,26,元大-桃興,2024-12-13,9894
3037,欣興,32,6,26,元大-桃興,2024-12-13,9894
4540,全球傳動,91,68,23,元大-桃興,2024-12-13,9894
4906,正文,21,0,21,元大-桃興,2024-12-13,9894
3710,連展投控,21,0,21,元大-桃興,2024-12-13,9894
1301,台塑,31,12,19,元大-桃興,2024-12-13,9894
6770,力積電,58,39,19,元大-桃興,2024-12-13,9894
2609,陽明,116,99,17,元大-桃興,2024-12-13,9894
2498,宏達電,38,21,17,元大-桃興,2024-12-13,9894
2356,英業達,33,17,16,元大-桃興,2024-12-13,9894
00751B,元大AAA至A公司債,16,0,16,元大-桃興,2024-12-13,9894
00632R,元大台灣50反1,31,15,16,元大-桃興,2024-12-13,9894
2883,凱基金,15,0,15,元大-桃興,2024-12-13,9894
00679B,元大美債20年,24,10,14,元大-桃興,2024-12-13,9894
2354,鴻準,31,18,13,元大-桃興,2024-12-13,9894
3450,聯鈞,36,23,13,元大-桃興,2024-12-13,9894
2408,南亞科,15,3,12,元大-桃興,2024-12-13,9894
00635U,期元大S＆P黃金,12,0,12,元大-桃興,2024-12-13,9894
2897,王道銀行,12,0,12,元大-桃興,2024-12-13,9894
00665L,富邦�琤肭磪囓�2,24,12,12,元大-桃興,2024-12-13,9894
5392,能率,20,8,12,元大-桃興,2024-12-13,9894
2382,廣達,18,7,11,元大-桃興,2024-12-13,9894
2607,榮運,11,0,11,元大-桃興,2024-12-13,9894
3043,科風,13,2,11,元大-桃興,2024-12-13,9894
3167,大量,12,1,11,元大-桃興,2024-12-13,9894
00918,大華優利高填息30,281,0,281,元大-桃興,2024-12-16,9894
00712,復華富時不動產,147,5,142,元大-桃興,2024-12-16,9894
00919,群益台灣精選高息,140,11,129,元大-桃興,2024-12-16,9894
2607,榮運,93,0,93,元大-桃興,2024-12-16,9894
00937B,群益ESG投等債20,70,2,68,元大-桃興,2024-12-16,9894
9105,泰金寶-DR,115,59,56,元大-桃興,2024-12-16,9894
2609,陽明,148,93,55,元大-桃興,2024-12-16,9894
00679B,元大美債20年,55,5,50,元大-桃興,2024-12-16,9894
2317,鴻海,68,22,46,元大-桃興,2024-12-16,9894
0056,元大高股息,95,50,45,元大-桃興,2024-12-16,9894
3037,欣興,55,10,45,元大-桃興,2024-12-16,9894
2314,台揚,31,1,30,元大-桃興,2024-12-16,9894
2486,一詮,31,5,26,元大-桃興,2024-12-16,9894
00688L,國泰20年美債正2,24,0,24,元大-桃興,2024-12-16,9894
00671R,富邦NASDAQ反1,23,0,23,元大-桃興,2024-12-16,9894
00753L,中信中國50正2,22,0,22,元大-桃興,2024-12-16,9894
3231,緯創,28,8,20,元大-桃興,2024-12-16,9894
00959B,大華投等美債15Y+,20,0,20,元大-桃興,2024-12-16,9894
6477,安集,19,0,19,元大-桃興,2024-12-16,9894
2382,廣達,21,3,18,元大-桃興,2024-12-16,9894
00795B,中信美國公債20年,18,0,18,元大-桃興,2024-12-16,9894
2449,京元電子,18,0,18,元大-桃興,2024-12-16,9894
00680L,元大美債20正2,17,0,17,元大-桃興,2024-12-16,9894
1760,寶齡富錦,20,3,17,元大-桃興,2024-12-16,9894
00948B,中信優息投資級債,17,0,17,元大-桃興,2024-12-16,9894
3013,晟銘電,27,11,16,元大-桃興,2024-12-16,9894
5202,力新,18,2,16,元大-桃興,2024-12-16,9894
00751B,元大AAA至A公司債,16,0,16,元大-桃興,2024-12-16,9894
1810,和成,16,0,16,元大-桃興,2024-12-16,9894
6425,易發,18,2,16,元大-桃興,2024-12-16,9894
00632R,元大台灣50反1,19,3,16,元大-桃興,2024-12-16,9894
2354,鴻準,51,36,15,元大-桃興,2024-12-16,9894
3450,聯鈞,30,14,16,元大-桃興,2024-12-16,9894
00878,國泰永續高股息,25,10,15,元大-桃興,2024-12-16,9894
2356,英業達,16,1,15,元大-桃興,2024-12-16,9894
00673R,期元大S＆P原油反1,15,0,15,元大-桃興,2024-12-16,9894
2421,建準,16,1,15,元大-桃興,2024-12-16,9894
8249,菱光,17,3,14,元大-桃興,2024-12-16,9894
4540,全球傳動,31,17,14,元大-桃興,2024-12-16,9894
2409,友達,14,1,13,元大-桃興,2024-12-16,9894
2417,圓剛,12,1,11,元大-桃興,2024-12-16,9894
2392,正崴,11,0,11,元大-桃興,2024-12-16,9894
2002,中鋼,13,2,11,元大-桃興,2024-12-16,9894
2618,長榮航,16,5,11,元大-桃興,2024-12-16,9894
00927,群益半導體收益,10,0,10,元大-桃興,2024-12-16,9894
2615,萬海,13,3,10,元大-桃興,2024-12-16,9894
2889,國票金,10,0,10,元大-桃興,2024-12-16,9894
5351,鈺創,10,0,10,元大-桃興,2024-12-16,9894
1718,中纖,10,0,10,元大-桃興,2024-12-16,9894
1524,耿鼎,16,6,10,元大-桃興,2024-12-16,9894
2887,台新金,202,2,200,元大-桃興,2024-12-17,9894
00915,凱基優選高股息30,95,0,95,元大-桃興,2024-12-17,9894
00713,元大台灣高息低波,94,0,94,元大-桃興,2024-12-17,9894
00687B,國泰20年美債,97,4,93,元大-桃興,2024-12-17,9894
2607,榮運,79,3,76,元大-桃興,2024-12-17,9894
00937B,群益ESG投等債20,116,52,64,元大-桃興,2024-12-17,9894
0056,元大高股息,64,0,64,元大-桃興,2024-12-17,9894
00918,大華優利高填息30,63,2,61,元大-桃興,2024-12-17,9894
00725B,國泰投資級公司債,58,0,58,元大-桃興,2024-12-17,9894
1524,耿鼎,56,1,55,元大-桃興,2024-12-17,9894
6215,和椿,48,11,37,元大-桃興,2024-12-17,9894
2354,鴻準,66,29,37,元大-桃興,2024-12-17,9894
2886,兆豐金,33,0,33,元大-桃興,2024-12-17,9894
00751B,元大AAA至A公司債,33,0,33,元大-桃興,2024-12-17,9894
2303,聯電,67,37,30,元大-桃興,2024-12-17,9894
5356,協益,30,2,28,元大-桃興,2024-12-17,9894
3706,神達,91,63,28,元大-桃興,2024-12-17,9894
00919,群益台灣精選高息,38,11,27,元大-桃興,2024-12-17,9894
2002,中鋼,26,0,26,元大-桃興,2024-12-17,9894
1810,和成,25,0,25,元大-桃興,2024-12-17,9894
2882,國泰金,29,5,24,元大-桃興,2024-12-17,9894
2834,臺企銀,24,0,24,元大-桃興,2024-12-17,9894
2883,凱基金,27,5,22,元大-桃興,2024-12-17,9894
2618,長榮航,31,9,22,元大-桃興,2024-12-17,9894
00720B,元大投資級公司債,21,0,21,元大-桃興,2024-12-17,9894
6770,力積電,27,7,20,元大-桃興,2024-12-17,9894
2317,鴻海,36,16,20,元大-桃興,2024-12-17,9894
6116,彩晶,19,0,19,元大-桃興,2024-12-17,9894
2344,華邦電,38,20,18,元大-桃興,2024-12-17,9894
6244,茂迪,18,0,18,元大-桃興,2024-12-17,9894
2312,金寶,23,6,17,元大-桃興,2024-12-17,9894
6768,志強-KY,16,0,16,元大-桃興,2024-12-17,9894
2382,廣達,17,1,16,元大-桃興,2024-12-17,9894
2409,友達,16,1,15,元大-桃興,2024-12-17,9894
6143,振曜,15,0,15,元大-桃興,2024-12-17,9894
2449,京元電子,24,11,13,元大-桃興,2024-12-17,9894
2891,中信金,13,1,12,元大-桃興,2024-12-17,9894
6216,居易,12,0,12,元大-桃興,2024-12-17,9894
6127,九豪,12,0,12,元大-桃興,2024-12-17,9894
5009,榮剛,12,0,12,元大-桃興,2024-12-17,9894
00671R,富邦NASDAQ反1,12,0,12,元大-桃興,2024-12-17,9894
2929,淘帝-KY,12,0,12,元大-桃興,2024-12-17,9894
00665L,富邦�琤肭磪囓�2,102,90,12,元大-桃興,2024-12-17,9894
8032,光菱,20,9,11,元大-桃興,2024-12-17,9894
2520,冠德,12,1,11,元大-桃興,2024-12-17,9894
3594,磐儀,12,1,11,元大-桃興,2024-12-17,9894
2302,麗正,11,0,11,元大-桃興,2024-12-17,9894
4510,高鋒,21,11,10,元大-桃興,2024-12-17,9894
3005,神基,10,0,10,元大-桃興,2024-12-17,9894
3498,陽程,24,14,10,元大-桃興,2024-12-17,9894
2637,慧洋-KY,103,0,103,元大-桃興,2024-12-18,9894
2887,台新金,102,0,102,元大-桃興,2024-12-18,9894
3706,神達,146,78,68,元大-桃興,2024-12-18,9894
2834,臺企銀,66,2,64,元大-桃興,2024-12-18,9894
00968B,元大優息投等債,52,0,52,元大-桃興,2024-12-18,9894
00945B,凱基美國非投等債,50,0,50,元大-桃興,2024-12-18,9894
1810,和成,49,0,49,元大-桃興,2024-12-18,9894
00918,大華優利高填息30,110,69,41,元大-桃興,2024-12-18,9894
00687B,國泰20年美債,35,0,35,元大-桃興,2024-12-18,9894
00715L,期街口布蘭特正2,31,0,31,元大-桃興,2024-12-18,9894
00937B,群益ESG投等債20,133,103,30,元大-桃興,2024-12-18,9894
2607,榮運,30,0,30,元大-桃興,2024-12-18,9894
2002,中鋼,28,0,28,元大-桃興,2024-12-18,9894
2408,南亞科,36,10,26,元大-桃興,2024-12-18,9894
3631,晟楠,26,0,26,元大-桃興,2024-12-18,9894
4540,全球傳動,172,149,23,元大-桃興,2024-12-18,9894
00712,復華富時不動產,23,0,23,元大-桃興,2024-12-18,9894
00632R,元大台灣50反1,22,1,21,元大-桃興,2024-12-18,9894
00922,國泰台灣領袖50,20,0,20,元大-桃興,2024-12-18,9894
2354,鴻準,38,20,18,元大-桃興,2024-12-18,9894
2892,第一金,21,3,18,元大-桃興,2024-12-18,9894
1597,直得,38,23,15,元大-桃興,2024-12-18,9894
1513,中興電,20,5,15,元大-桃興,2024-12-18,9894
00633L,富邦上証正2,14,0,14,元大-桃興,2024-12-18,9894
4306,炎洲,13,0,13,元大-桃興,2024-12-18,9894
2349,錸德,17,4,13,元大-桃興,2024-12-18,9894
3059,華晶科,18,6,12,元大-桃興,2024-12-18,9894
2801,彰銀,11,0,11,元大-桃興,2024-12-18,9894
1905,華紙,11,0,11,元大-桃興,2024-12-18,9894
2498,宏達電,31,20,11,元大-桃興,2024-12-18,9894
2885,元大金,13,2,11,元大-桃興,2024-12-18,9894
3041,揚智,67,56,11,元大-桃興,2024-12-18,9894
2312,金寶,57,47,10,元大-桃興,2024-12-18,9894
3217,優群,10,0,10,元大-桃興,2024-12-18,9894
0050,元大台灣50,10,0,10,元大-桃興,2024-12-18,9894
00850,元大臺灣ESG永續,10,0,10,元大-桃興,2024-12-18,9894
8234,新漢,14,4,10,元大-桃興,2024-12-18,9894
9911,櫻花,10,0,10,元大-桃興,2024-12-18,9894
2883,凱基金,12,2,10,元大-桃興,2024-12-18,9894
00680L,元大美債20正2,10,0,10,元大-桃興,2024-12-18,9894
00713,元大台灣高息低波,10,1,9,元大-桃興,2024-12-18,9894
2609,陽明,24,15,9,元大-桃興,2024-12-18,9894
6962,ITH-KY,31,22,9,元大-桃興,2024-12-18,9894
5371,中光電,17,8,9,元大-桃興,2024-12-18,9894
00637L,元大滬深300正2,10,1,9,元大-桃興,2024-12-18,9894
6214,精誠,8,0,8,元大-桃興,2024-12-18,9894
2880,華南金,8,0,8,元大-桃興,2024-12-18,9894
3265,台星科,8,0,8,元大-桃興,2024-12-18,9894
2382,廣達,8,0,8,元大-桃興,2024-12-18,9894
00915,凱基優選高股息30,10,3,7,元大-桃興,2024-12-18,9894
2887,台新金,220,2,218,元大-桃興,2024-12-19,9894
00937B,群益ESG投等債20,185,8,177,元大-桃興,2024-12-19,9894
00919,群益台灣精選高息,246,107,139,元大-桃興,2024-12-19,9894
00918,大華優利高填息30,133,11,122,元大-桃興,2024-12-19,9894
00852L,國泰美國道瓊正2,90,0,90,元大-桃興,2024-12-19,9894
00878,國泰永續高股息,82,1,81,元大-桃興,2024-12-19,9894
00968B,元大優息投等債,75,0,75,元大-桃興,2024-12-19,9894
1524,耿鼎,72,0,72,元大-桃興,2024-12-19,9894
00679B,元大美債20年,72,6,66,元大-桃興,2024-12-19,9894
2637,慧洋-KY,64,0,64,元大-桃興,2024-12-19,9894
00967B,元大優息美債,58,0,58,元大-桃興,2024-12-19,9894
00687B,國泰20年美債,57,5,52,元大-桃興,2024-12-19,9894
00712,復華富時不動產,90,42,48,元大-桃興,2024-12-19,9894
1810,和成,47,0,47,元大-桃興,2024-12-19,9894
6770,力積電,48,5,43,元大-桃興,2024-12-19,9894
2609,陽明,84,41,43,元大-桃興,2024-12-19,9894
6120,達運,42,0,42,元大-桃興,2024-12-19,9894
0056,元大高股息,43,1,42,元大-桃興,2024-12-19,9894
2317,鴻海,53,16,37,元大-桃興,2024-12-19,9894
2062,橋椿,41,6,35,元大-桃興,2024-12-19,9894
5202,力新,39,8,31,元大-桃興,2024-12-19,9894
2891,中信金,29,2,27,元大-桃興,2024-12-19,9894
6209,今國光,72,47,25,元大-桃興,2024-12-19,9894
00715L,期街口布蘭特正2,35,10,25,元大-桃興,2024-12-19,9894
2615,萬海,39,14,25,元大-桃興,2024-12-19,9894
6288,聯嘉,26,2,24,元大-桃興,2024-12-19,9894
2344,華邦電,40,16,24,元大-桃興,2024-12-19,9894
2409,友達,23,0,23,元大-桃興,2024-12-19,9894
5880,合庫金,21,0,21,元大-桃興,2024-12-19,9894
2880,華南金,20,0,20,元大-桃興,2024-12-19,9894
2312,金寶,59,39,20,元大-桃興,2024-12-19,9894
00671R,富邦NASDAQ反1,20,0,20,元大-桃興,2024-12-19,9894
00887,永豐中國科技50大,20,1,19,元大-桃興,2024-12-19,9894
2002,中鋼,19,0,19,元大-桃興,2024-12-19,9894
00933B,國泰10Y+金融債,18,0,18,元大-桃興,2024-12-19,9894
00858,永豐美國500大,18,0,18,元大-桃興,2024-12-19,9894
00960,野村全球航運龍頭,17,0,17,元大-桃興,2024-12-19,9894
00795B,中信美國公債20年,17,0,17,元大-桃興,2024-12-19,9894
2607,榮運,17,0,17,元大-桃興,2024-12-19,9894
9958,世紀鋼,19,2,17,元大-桃興,2024-12-19,9894
2892,第一金,16,0,16,元大-桃興,2024-12-19,9894
2883,凱基金,23,7,16,元大-桃興,2024-12-19,9894
1314,中石化,15,0,15,元大-桃興,2024-12-19,9894
2812,台中銀,15,0,15,元大-桃興,2024-12-19,9894
4729,熒茂,15,0,15,元大-桃興,2024-12-19,9894
3209,全科,15,0,15,元大-桃興,2024-12-19,9894
0050,元大台灣50,17,2,15,元大-桃興,2024-12-19,9894
2399,映泰,16,2,14,元大-桃興,2024-12-19,9894
1303,南亞,17,3,14,元大-桃興,2024-12-19,9894
00922,國泰台灣領袖50,14,0,14,元大-桃興,2024-12-19,9894
